method,method_params,scenario,effect_size,n_samples,repeat_id,n_true,n_null,TP,FP,FN,TN,TPR,FPR,precision,FDR,elapsed_time
tstat,,hub,0.25,10,0,40,1730,0,0,40,1730,0.0,0.0,0.0,0.0,0.4302296638488769
tstat,,hub,0.25,10,1,40,1730,0,0,40,1730,0.0,0.0,0.0,0.0,0.4323861598968506
tstat,,hub,0.25,10,2,40,1730,0,0,40,1730,0.0,0.0,0.0,0.0,0.4302263259887695
tstat,,hub,0.25,10,4,40,1730,0,0,40,1730,0.0,0.0,0.0,0.0,0.4309883117675781
tstat,,hub,0.25,10,3,40,1730,0,0,40,1730,0.0,0.0,0.0,0.0,0.7184305191040039
tstat,,hub,0.25,10,5,40,1730,0,0,40,1730,0.0,0.0,0.0,0.0,0.4301869869232178
tstat,,hub,0.25,10,6,40,1730,1,0,39,1730,0.025,0.0,1.0,0.0,0.4415121078491211
tstat,,hub,0.25,10,7,40,1730,0,0,40,1730,0.0,0.0,0.0,0.0,0.4291667938232422
tstat,,hub,0.25,10,8,40,1730,1,0,39,1730,0.025,0.0,1.0,0.0,0.4446499347686767
tstat,,hub,0.25,10,9,40,1730,0,0,40,1730,0.0,0.0,0.0,0.0,0.4334964752197265
tstat,,hub,0.25,10,10,40,1730,0,0,40,1730,0.0,0.0,0.0,0.0,0.4088287353515625
tstat,,hub,0.25,10,11,40,1730,0,0,40,1730,0.0,0.0,0.0,0.0,0.4284641742706299
tstat,,hub,0.25,10,12,40,1730,0,0,40,1730,0.0,0.0,0.0,0.0,0.4146080017089844
tstat,,hub,0.25,10,13,40,1730,0,0,40,1730,0.0,0.0,0.0,0.0,0.4237849712371826
tstat,,hub,0.25,10,14,40,1730,0,0,40,1730,0.0,0.0,0.0,0.0,0.4309737682342529
tstat,,hub,0.25,10,15,40,1730,0,0,40,1730,0.0,0.0,0.0,0.0,0.4096419811248779
tstat,,hub,0.25,10,16,40,1730,0,1,40,1729,0.0,0.0005780346820809,0.0,1.0,0.4263515472412109
tstat,,hub,0.25,10,17,40,1730,0,0,40,1730,0.0,0.0,0.0,0.0,0.4177968502044678
tstat,,hub,0.25,10,18,40,1730,0,0,40,1730,0.0,0.0,0.0,0.0,0.4096772670745849
tstat,,hub,0.25,10,19,40,1730,0,0,40,1730,0.0,0.0,0.0,0.0,0.4197597503662109
tstat,,hub,0.25,10,20,40,1730,0,0,40,1730,0.0,0.0,0.0,0.0,0.4193406105041504
tstat,,hub,0.25,10,21,40,1730,0,0,40,1730,0.0,0.0,0.0,0.0,0.4249298572540283
tstat,,hub,0.25,10,23,40,1730,0,0,40,1730,0.0,0.0,0.0,0.0,0.415485143661499
tstat,,hub,0.25,10,24,40,1730,1,0,39,1730,0.025,0.0,1.0,0.0,0.4310231208801269
tstat,,hub,0.25,10,25,40,1730,0,0,40,1730,0.0,0.0,0.0,0.0,0.4197421073913574
tstat,,hub,0.25,10,26,40,1730,0,0,40,1730,0.0,0.0,0.0,0.0,0.4184019565582275
tstat,,hub,0.25,10,22,40,1730,0,0,40,1730,0.0,0.0,0.0,0.0,0.6454877853393555
tstat,,hub,0.25,10,27,40,1730,0,0,40,1730,0.0,0.0,0.0,0.0,0.4157207012176513
tstat,,hub,0.25,10,29,40,1730,0,2,40,1728,0.0,0.0011560693641618,0.0,1.0,0.4240291118621826
tstat,,hub,0.25,10,28,40,1730,0,0,40,1730,0.0,0.0,0.0,0.0,0.492952823638916
ni_tfnbs,"e=0.05,h=0.5,n=30,start_thres=1.25",hub,0.25,10,1,40,1730,0,0,40,1730,0.0,0.0,0.0,0.0,0.1659386957233602
ni_tfnbs,"e=0.05,h=1.0,n=30,start_thres=1.25",hub,0.25,10,1,40,1730,0,0,40,1730,0.0,0.0,0.0,0.0,0.1659386957233602
ni_tfnbs,"e=0.05,h=2.0,n=30,start_thres=1.25",hub,0.25,10,1,40,1730,0,0,40,1730,0.0,0.0,0.0,0.0,0.1659386957233602
ni_tfnbs,"e=0.05,h=3.0,n=30,start_thres=1.25",hub,0.25,10,1,40,1730,0,0,40,1730,0.0,0.0,0.0,0.0,0.1659386957233602
ni_tfnbs,"e=0.05,h=4.0,n=30,start_thres=1.25",hub,0.25,10,1,40,1730,0,0,40,1730,0.0,0.0,0.0,0.0,0.1659386957233602
ni_tfnbs,"e=0.05,h=5.0,n=30,start_thres=1.25",hub,0.25,10,1,40,1730,0,0,40,1730,0.0,0.0,0.0,0.0,0.1659386957233602
ni_tfnbs,"e=0.05,h=6.0,n=30,start_thres=1.25",hub,0.25,10,1,40,1730,0,0,40,1730,0.0,0.0,0.0,0.0,0.1659386957233602
ni_tfnbs,"e=0.05,h=7.0,n=30,start_thres=1.25",hub,0.25,10,1,40,1730,0,0,40,1730,0.0,0.0,0.0,0.0,0.1659386957233602
ni_tfnbs,"e=0.05,h=8.0,n=30,start_thres=1.25",hub,0.25,10,1,40,1730,0,0,40,1730,0.0,0.0,0.0,0.0,0.1659386957233602
ni_tfnbs,"e=0.05,h=9.0,n=30,start_thres=1.25",hub,0.25,10,1,40,1730,0,0,40,1730,0.0,0.0,0.0,0.0,0.1659386957233602
ni_tfnbs,"e=0.05,h=10.0,n=30,start_thres=1.25",hub,0.25,10,1,40,1730,0,0,40,1730,0.0,0.0,0.0,0.0,0.1659386957233602
ni_tfnbs,"e=0.1,h=0.5,n=30,start_thres=1.25",hub,0.25,10,1,40,1730,0,0,40,1730,0.0,0.0,0.0,0.0,0.1659386957233602
ni_tfnbs,"e=0.1,h=1.0,n=30,start_thres=1.25",hub,0.25,10,1,40,1730,0,0,40,1730,0.0,0.0,0.0,0.0,0.1659386957233602
ni_tfnbs,"e=0.1,h=2.0,n=30,start_thres=1.25",hub,0.25,10,1,40,1730,0,0,40,1730,0.0,0.0,0.0,0.0,0.1659386957233602
ni_tfnbs,"e=0.1,h=3.0,n=30,start_thres=1.25",hub,0.25,10,1,40,1730,0,0,40,1730,0.0,0.0,0.0,0.0,0.1659386957233602
ni_tfnbs,"e=0.1,h=4.0,n=30,start_thres=1.25",hub,0.25,10,1,40,1730,0,0,40,1730,0.0,0.0,0.0,0.0,0.1659386957233602
ni_tfnbs,"e=0.1,h=5.0,n=30,start_thres=1.25",hub,0.25,10,1,40,1730,0,0,40,1730,0.0,0.0,0.0,0.0,0.1659386957233602
ni_tfnbs,"e=0.1,h=6.0,n=30,start_thres=1.25",hub,0.25,10,1,40,1730,0,0,40,1730,0.0,0.0,0.0,0.0,0.1659386957233602
ni_tfnbs,"e=0.1,h=7.0,n=30,start_thres=1.25",hub,0.25,10,1,40,1730,0,0,40,1730,0.0,0.0,0.0,0.0,0.1659386957233602
ni_tfnbs,"e=0.1,h=8.0,n=30,start_thres=1.25",hub,0.25,10,1,40,1730,0,0,40,1730,0.0,0.0,0.0,0.0,0.1659386957233602
ni_tfnbs,"e=0.1,h=9.0,n=30,start_thres=1.25",hub,0.25,10,1,40,1730,0,0,40,1730,0.0,0.0,0.0,0.0,0.1659386957233602
ni_tfnbs,"e=0.1,h=10.0,n=30,start_thres=1.25",hub,0.25,10,1,40,1730,0,0,40,1730,0.0,0.0,0.0,0.0,0.1659386957233602
ni_tfnbs,"e=0.2,h=0.5,n=30,start_thres=1.25",hub,0.25,10,1,40,1730,0,0,40,1730,0.0,0.0,0.0,0.0,0.1659386957233602
ni_tfnbs,"e=0.2,h=1.0,n=30,start_thres=1.25",hub,0.25,10,1,40,1730,0,0,40,1730,0.0,0.0,0.0,0.0,0.1659386957233602
ni_tfnbs,"e=0.2,h=2.0,n=30,start_thres=1.25",hub,0.25,10,1,40,1730,0,0,40,1730,0.0,0.0,0.0,0.0,0.1659386957233602
ni_tfnbs,"e=0.2,h=3.0,n=30,start_thres=1.25",hub,0.25,10,1,40,1730,0,0,40,1730,0.0,0.0,0.0,0.0,0.1659386957233602
ni_tfnbs,"e=0.2,h=4.0,n=30,start_thres=1.25",hub,0.25,10,1,40,1730,0,0,40,1730,0.0,0.0,0.0,0.0,0.1659386957233602
ni_tfnbs,"e=0.2,h=5.0,n=30,start_thres=1.25",hub,0.25,10,1,40,1730,0,0,40,1730,0.0,0.0,0.0,0.0,0.1659386957233602
ni_tfnbs,"e=0.2,h=6.0,n=30,start_thres=1.25",hub,0.25,10,1,40,1730,0,0,40,1730,0.0,0.0,0.0,0.0,0.1659386957233602
ni_tfnbs,"e=0.2,h=7.0,n=30,start_thres=1.25",hub,0.25,10,1,40,1730,0,0,40,1730,0.0,0.0,0.0,0.0,0.1659386957233602
ni_tfnbs,"e=0.2,h=8.0,n=30,start_thres=1.25",hub,0.25,10,1,40,1730,0,0,40,1730,0.0,0.0,0.0,0.0,0.1659386957233602
ni_tfnbs,"e=0.2,h=9.0,n=30,start_thres=1.25",hub,0.25,10,1,40,1730,0,0,40,1730,0.0,0.0,0.0,0.0,0.1659386957233602
ni_tfnbs,"e=0.2,h=10.0,n=30,start_thres=1.25",hub,0.25,10,1,40,1730,0,0,40,1730,0.0,0.0,0.0,0.0,0.1659386957233602
ni_tfnbs,"e=0.3,h=0.5,n=30,start_thres=1.25",hub,0.25,10,1,40,1730,0,0,40,1730,0.0,0.0,0.0,0.0,0.1659386957233602
ni_tfnbs,"e=0.3,h=1.0,n=30,start_thres=1.25",hub,0.25,10,1,40,1730,0,0,40,1730,0.0,0.0,0.0,0.0,0.1659386957233602
ni_tfnbs,"e=0.3,h=2.0,n=30,start_thres=1.25",hub,0.25,10,1,40,1730,0,0,40,1730,0.0,0.0,0.0,0.0,0.1659386957233602
ni_tfnbs,"e=0.3,h=3.0,n=30,start_thres=1.25",hub,0.25,10,1,40,1730,0,0,40,1730,0.0,0.0,0.0,0.0,0.1659386957233602
ni_tfnbs,"e=0.3,h=4.0,n=30,start_thres=1.25",hub,0.25,10,1,40,1730,0,0,40,1730,0.0,0.0,0.0,0.0,0.1659386957233602
ni_tfnbs,"e=0.3,h=5.0,n=30,start_thres=1.25",hub,0.25,10,1,40,1730,0,0,40,1730,0.0,0.0,0.0,0.0,0.1659386957233602
ni_tfnbs,"e=0.3,h=6.0,n=30,start_thres=1.25",hub,0.25,10,1,40,1730,0,0,40,1730,0.0,0.0,0.0,0.0,0.1659386957233602
ni_tfnbs,"e=0.3,h=7.0,n=30,start_thres=1.25",hub,0.25,10,1,40,1730,0,0,40,1730,0.0,0.0,0.0,0.0,0.1659386957233602
ni_tfnbs,"e=0.3,h=8.0,n=30,start_thres=1.25",hub,0.25,10,1,40,1730,0,0,40,1730,0.0,0.0,0.0,0.0,0.1659386957233602
ni_tfnbs,"e=0.3,h=9.0,n=30,start_thres=1.25",hub,0.25,10,1,40,1730,0,0,40,1730,0.0,0.0,0.0,0.0,0.1659386957233602
ni_tfnbs,"e=0.3,h=10.0,n=30,start_thres=1.25",hub,0.25,10,1,40,1730,0,0,40,1730,0.0,0.0,0.0,0.0,0.1659386957233602
ni_tfnbs,"e=0.4,h=0.5,n=30,start_thres=1.25",hub,0.25,10,1,40,1730,0,0,40,1730,0.0,0.0,0.0,0.0,0.1659386957233602
ni_tfnbs,"e=0.4,h=1.0,n=30,start_thres=1.25",hub,0.25,10,1,40,1730,0,0,40,1730,0.0,0.0,0.0,0.0,0.1659386957233602
ni_tfnbs,"e=0.4,h=2.0,n=30,start_thres=1.25",hub,0.25,10,1,40,1730,0,0,40,1730,0.0,0.0,0.0,0.0,0.1659386957233602
ni_tfnbs,"e=0.4,h=3.0,n=30,start_thres=1.25",hub,0.25,10,1,40,1730,0,0,40,1730,0.0,0.0,0.0,0.0,0.1659386957233602
ni_tfnbs,"e=0.4,h=4.0,n=30,start_thres=1.25",hub,0.25,10,1,40,1730,0,0,40,1730,0.0,0.0,0.0,0.0,0.1659386957233602
ni_tfnbs,"e=0.4,h=5.0,n=30,start_thres=1.25",hub,0.25,10,1,40,1730,0,0,40,1730,0.0,0.0,0.0,0.0,0.1659386957233602
ni_tfnbs,"e=0.4,h=6.0,n=30,start_thres=1.25",hub,0.25,10,1,40,1730,0,0,40,1730,0.0,0.0,0.0,0.0,0.1659386957233602
ni_tfnbs,"e=0.4,h=7.0,n=30,start_thres=1.25",hub,0.25,10,1,40,1730,0,0,40,1730,0.0,0.0,0.0,0.0,0.1659386957233602
ni_tfnbs,"e=0.4,h=8.0,n=30,start_thres=1.25",hub,0.25,10,1,40,1730,0,0,40,1730,0.0,0.0,0.0,0.0,0.1659386957233602
ni_tfnbs,"e=0.4,h=9.0,n=30,start_thres=1.25",hub,0.25,10,1,40,1730,0,0,40,1730,0.0,0.0,0.0,0.0,0.1659386957233602
ni_tfnbs,"e=0.4,h=10.0,n=30,start_thres=1.25",hub,0.25,10,1,40,1730,0,0,40,1730,0.0,0.0,0.0,0.0,0.1659386957233602
ni_tfnbs,"e=0.5,h=0.5,n=30,start_thres=1.25",hub,0.25,10,1,40,1730,0,0,40,1730,0.0,0.0,0.0,0.0,0.1659386957233602
ni_tfnbs,"e=0.5,h=1.0,n=30,start_thres=1.25",hub,0.25,10,1,40,1730,0,0,40,1730,0.0,0.0,0.0,0.0,0.1659386957233602
ni_tfnbs,"e=0.5,h=2.0,n=30,start_thres=1.25",hub,0.25,10,1,40,1730,0,0,40,1730,0.0,0.0,0.0,0.0,0.1659386957233602
ni_tfnbs,"e=0.5,h=3.0,n=30,start_thres=1.25",hub,0.25,10,1,40,1730,0,0,40,1730,0.0,0.0,0.0,0.0,0.1659386957233602
ni_tfnbs,"e=0.5,h=4.0,n=30,start_thres=1.25",hub,0.25,10,1,40,1730,0,0,40,1730,0.0,0.0,0.0,0.0,0.1659386957233602
ni_tfnbs,"e=0.5,h=5.0,n=30,start_thres=1.25",hub,0.25,10,1,40,1730,0,0,40,1730,0.0,0.0,0.0,0.0,0.1659386957233602
ni_tfnbs,"e=0.5,h=6.0,n=30,start_thres=1.25",hub,0.25,10,1,40,1730,0,0,40,1730,0.0,0.0,0.0,0.0,0.1659386957233602
ni_tfnbs,"e=0.5,h=7.0,n=30,start_thres=1.25",hub,0.25,10,1,40,1730,0,0,40,1730,0.0,0.0,0.0,0.0,0.1659386957233602
ni_tfnbs,"e=0.5,h=8.0,n=30,start_thres=1.25",hub,0.25,10,1,40,1730,0,0,40,1730,0.0,0.0,0.0,0.0,0.1659386957233602
ni_tfnbs,"e=0.5,h=9.0,n=30,start_thres=1.25",hub,0.25,10,1,40,1730,0,0,40,1730,0.0,0.0,0.0,0.0,0.1659386957233602
ni_tfnbs,"e=0.5,h=10.0,n=30,start_thres=1.25",hub,0.25,10,1,40,1730,0,0,40,1730,0.0,0.0,0.0,0.0,0.1659386957233602
ni_tfnbs,"e=0.6,h=0.5,n=30,start_thres=1.25",hub,0.25,10,1,40,1730,0,0,40,1730,0.0,0.0,0.0,0.0,0.1659386957233602
ni_tfnbs,"e=0.6,h=1.0,n=30,start_thres=1.25",hub,0.25,10,1,40,1730,0,0,40,1730,0.0,0.0,0.0,0.0,0.1659386957233602
ni_tfnbs,"e=0.6,h=2.0,n=30,start_thres=1.25",hub,0.25,10,1,40,1730,0,0,40,1730,0.0,0.0,0.0,0.0,0.1659386957233602
ni_tfnbs,"e=0.6,h=3.0,n=30,start_thres=1.25",hub,0.25,10,1,40,1730,0,0,40,1730,0.0,0.0,0.0,0.0,0.1659386957233602
ni_tfnbs,"e=0.6,h=4.0,n=30,start_thres=1.25",hub,0.25,10,1,40,1730,0,0,40,1730,0.0,0.0,0.0,0.0,0.1659386957233602
ni_tfnbs,"e=0.6,h=5.0,n=30,start_thres=1.25",hub,0.25,10,1,40,1730,0,0,40,1730,0.0,0.0,0.0,0.0,0.1659386957233602
ni_tfnbs,"e=0.6,h=6.0,n=30,start_thres=1.25",hub,0.25,10,1,40,1730,0,0,40,1730,0.0,0.0,0.0,0.0,0.1659386957233602
ni_tfnbs,"e=0.6,h=7.0,n=30,start_thres=1.25",hub,0.25,10,1,40,1730,0,0,40,1730,0.0,0.0,0.0,0.0,0.1659386957233602
ni_tfnbs,"e=0.6,h=8.0,n=30,start_thres=1.25",hub,0.25,10,1,40,1730,0,0,40,1730,0.0,0.0,0.0,0.0,0.1659386957233602
ni_tfnbs,"e=0.6,h=9.0,n=30,start_thres=1.25",hub,0.25,10,1,40,1730,0,0,40,1730,0.0,0.0,0.0,0.0,0.1659386957233602
ni_tfnbs,"e=0.6,h=10.0,n=30,start_thres=1.25",hub,0.25,10,1,40,1730,0,0,40,1730,0.0,0.0,0.0,0.0,0.1659386957233602
ni_tfnbs,"e=0.7,h=0.5,n=30,start_thres=1.25",hub,0.25,10,1,40,1730,0,0,40,1730,0.0,0.0,0.0,0.0,0.1659386957233602
ni_tfnbs,"e=0.7,h=1.0,n=30,start_thres=1.25",hub,0.25,10,1,40,1730,0,0,40,1730,0.0,0.0,0.0,0.0,0.1659386957233602
ni_tfnbs,"e=0.7,h=2.0,n=30,start_thres=1.25",hub,0.25,10,1,40,1730,0,0,40,1730,0.0,0.0,0.0,0.0,0.1659386957233602
ni_tfnbs,"e=0.7,h=3.0,n=30,start_thres=1.25",hub,0.25,10,1,40,1730,0,0,40,1730,0.0,0.0,0.0,0.0,0.1659386957233602
ni_tfnbs,"e=0.7,h=4.0,n=30,start_thres=1.25",hub,0.25,10,1,40,1730,0,0,40,1730,0.0,0.0,0.0,0.0,0.1659386957233602
ni_tfnbs,"e=0.7,h=5.0,n=30,start_thres=1.25",hub,0.25,10,1,40,1730,0,0,40,1730,0.0,0.0,0.0,0.0,0.1659386957233602
ni_tfnbs,"e=0.7,h=6.0,n=30,start_thres=1.25",hub,0.25,10,1,40,1730,0,0,40,1730,0.0,0.0,0.0,0.0,0.1659386957233602
ni_tfnbs,"e=0.7,h=7.0,n=30,start_thres=1.25",hub,0.25,10,1,40,1730,0,0,40,1730,0.0,0.0,0.0,0.0,0.1659386957233602
ni_tfnbs,"e=0.7,h=8.0,n=30,start_thres=1.25",hub,0.25,10,1,40,1730,0,0,40,1730,0.0,0.0,0.0,0.0,0.1659386957233602
ni_tfnbs,"e=0.7,h=9.0,n=30,start_thres=1.25",hub,0.25,10,1,40,1730,0,0,40,1730,0.0,0.0,0.0,0.0,0.1659386957233602
ni_tfnbs,"e=0.7,h=10.0,n=30,start_thres=1.25",hub,0.25,10,1,40,1730,0,0,40,1730,0.0,0.0,0.0,0.0,0.1659386957233602
ni_tfnbs,"e=0.8,h=0.5,n=30,start_thres=1.25",hub,0.25,10,1,40,1730,0,0,40,1730,0.0,0.0,0.0,0.0,0.1659386957233602
ni_tfnbs,"e=0.8,h=1.0,n=30,start_thres=1.25",hub,0.25,10,1,40,1730,0,0,40,1730,0.0,0.0,0.0,0.0,0.1659386957233602
ni_tfnbs,"e=0.8,h=2.0,n=30,start_thres=1.25",hub,0.25,10,1,40,1730,0,0,40,1730,0.0,0.0,0.0,0.0,0.1659386957233602
ni_tfnbs,"e=0.8,h=3.0,n=30,start_thres=1.25",hub,0.25,10,1,40,1730,0,0,40,1730,0.0,0.0,0.0,0.0,0.1659386957233602
ni_tfnbs,"e=0.8,h=4.0,n=30,start_thres=1.25",hub,0.25,10,1,40,1730,0,0,40,1730,0.0,0.0,0.0,0.0,0.1659386957233602
ni_tfnbs,"e=0.8,h=5.0,n=30,start_thres=1.25",hub,0.25,10,1,40,1730,0,0,40,1730,0.0,0.0,0.0,0.0,0.1659386957233602
ni_tfnbs,"e=0.8,h=6.0,n=30,start_thres=1.25",hub,0.25,10,1,40,1730,0,0,40,1730,0.0,0.0,0.0,0.0,0.1659386957233602
ni_tfnbs,"e=0.8,h=7.0,n=30,start_thres=1.25",hub,0.25,10,1,40,1730,0,0,40,1730,0.0,0.0,0.0,0.0,0.1659386957233602
ni_tfnbs,"e=0.8,h=8.0,n=30,start_thres=1.25",hub,0.25,10,1,40,1730,0,0,40,1730,0.0,0.0,0.0,0.0,0.1659386957233602
ni_tfnbs,"e=0.8,h=9.0,n=30,start_thres=1.25",hub,0.25,10,1,40,1730,0,0,40,1730,0.0,0.0,0.0,0.0,0.1659386957233602
ni_tfnbs,"e=0.8,h=10.0,n=30,start_thres=1.25",hub,0.25,10,1,40,1730,0,0,40,1730,0.0,0.0,0.0,0.0,0.1659386957233602
ni_tfnbs,"e=0.9,h=0.5,n=30,start_thres=1.25",hub,0.25,10,1,40,1730,0,0,40,1730,0.0,0.0,0.0,0.0,0.1659386957233602
ni_tfnbs,"e=0.9,h=1.0,n=30,start_thres=1.25",hub,0.25,10,1,40,1730,0,0,40,1730,0.0,0.0,0.0,0.0,0.1659386957233602
ni_tfnbs,"e=0.9,h=2.0,n=30,start_thres=1.25",hub,0.25,10,1,40,1730,0,0,40,1730,0.0,0.0,0.0,0.0,0.1659386957233602
ni_tfnbs,"e=0.9,h=3.0,n=30,start_thres=1.25",hub,0.25,10,1,40,1730,0,0,40,1730,0.0,0.0,0.0,0.0,0.1659386957233602
ni_tfnbs,"e=0.9,h=4.0,n=30,start_thres=1.25",hub,0.25,10,1,40,1730,0,0,40,1730,0.0,0.0,0.0,0.0,0.1659386957233602
ni_tfnbs,"e=0.9,h=5.0,n=30,start_thres=1.25",hub,0.25,10,1,40,1730,0,0,40,1730,0.0,0.0,0.0,0.0,0.1659386957233602
ni_tfnbs,"e=0.9,h=6.0,n=30,start_thres=1.25",hub,0.25,10,1,40,1730,0,0,40,1730,0.0,0.0,0.0,0.0,0.1659386957233602
ni_tfnbs,"e=0.9,h=7.0,n=30,start_thres=1.25",hub,0.25,10,1,40,1730,0,0,40,1730,0.0,0.0,0.0,0.0,0.1659386957233602
ni_tfnbs,"e=0.9,h=8.0,n=30,start_thres=1.25",hub,0.25,10,1,40,1730,0,0,40,1730,0.0,0.0,0.0,0.0,0.1659386957233602
ni_tfnbs,"e=0.9,h=9.0,n=30,start_thres=1.25",hub,0.25,10,1,40,1730,0,0,40,1730,0.0,0.0,0.0,0.0,0.1659386957233602
ni_tfnbs,"e=0.9,h=10.0,n=30,start_thres=1.25",hub,0.25,10,1,40,1730,0,0,40,1730,0.0,0.0,0.0,0.0,0.1659386957233602
ni_tfnbs,"e=1.0,h=0.5,n=30,start_thres=1.25",hub,0.25,10,1,40,1730,0,0,40,1730,0.0,0.0,0.0,0.0,0.1659386957233602
ni_tfnbs,"e=1.0,h=1.0,n=30,start_thres=1.25",hub,0.25,10,1,40,1730,0,0,40,1730,0.0,0.0,0.0,0.0,0.1659386957233602
ni_tfnbs,"e=1.0,h=2.0,n=30,start_thres=1.25",hub,0.25,10,1,40,1730,0,0,40,1730,0.0,0.0,0.0,0.0,0.1659386957233602
ni_tfnbs,"e=1.0,h=3.0,n=30,start_thres=1.25",hub,0.25,10,1,40,1730,0,0,40,1730,0.0,0.0,0.0,0.0,0.1659386957233602
ni_tfnbs,"e=1.0,h=4.0,n=30,start_thres=1.25",hub,0.25,10,1,40,1730,0,0,40,1730,0.0,0.0,0.0,0.0,0.1659386957233602
ni_tfnbs,"e=1.0,h=5.0,n=30,start_thres=1.25",hub,0.25,10,1,40,1730,0,0,40,1730,0.0,0.0,0.0,0.0,0.1659386957233602
ni_tfnbs,"e=1.0,h=6.0,n=30,start_thres=1.25",hub,0.25,10,1,40,1730,0,0,40,1730,0.0,0.0,0.0,0.0,0.1659386957233602
ni_tfnbs,"e=1.0,h=7.0,n=30,start_thres=1.25",hub,0.25,10,1,40,1730,0,0,40,1730,0.0,0.0,0.0,0.0,0.1659386957233602
ni_tfnbs,"e=1.0,h=8.0,n=30,start_thres=1.25",hub,0.25,10,1,40,1730,0,0,40,1730,0.0,0.0,0.0,0.0,0.1659386957233602
ni_tfnbs,"e=1.0,h=9.0,n=30,start_thres=1.25",hub,0.25,10,1,40,1730,0,0,40,1730,0.0,0.0,0.0,0.0,0.1659386957233602
ni_tfnbs,"e=1.0,h=10.0,n=30,start_thres=1.25",hub,0.25,10,1,40,1730,0,0,40,1730,0.0,0.0,0.0,0.0,0.1659386957233602
ni_tfnbs,"e=1.1,h=0.5,n=30,start_thres=1.25",hub,0.25,10,1,40,1730,0,0,40,1730,0.0,0.0,0.0,0.0,0.1659386957233602
ni_tfnbs,"e=1.1,h=1.0,n=30,start_thres=1.25",hub,0.25,10,1,40,1730,0,0,40,1730,0.0,0.0,0.0,0.0,0.1659386957233602
ni_tfnbs,"e=1.1,h=2.0,n=30,start_thres=1.25",hub,0.25,10,1,40,1730,0,0,40,1730,0.0,0.0,0.0,0.0,0.1659386957233602
ni_tfnbs,"e=1.1,h=3.0,n=30,start_thres=1.25",hub,0.25,10,1,40,1730,0,0,40,1730,0.0,0.0,0.0,0.0,0.1659386957233602
ni_tfnbs,"e=1.1,h=4.0,n=30,start_thres=1.25",hub,0.25,10,1,40,1730,0,0,40,1730,0.0,0.0,0.0,0.0,0.1659386957233602
ni_tfnbs,"e=1.1,h=5.0,n=30,start_thres=1.25",hub,0.25,10,1,40,1730,0,0,40,1730,0.0,0.0,0.0,0.0,0.1659386957233602
ni_tfnbs,"e=1.1,h=6.0,n=30,start_thres=1.25",hub,0.25,10,1,40,1730,0,0,40,1730,0.0,0.0,0.0,0.0,0.1659386957233602
ni_tfnbs,"e=1.1,h=7.0,n=30,start_thres=1.25",hub,0.25,10,1,40,1730,0,0,40,1730,0.0,0.0,0.0,0.0,0.1659386957233602
ni_tfnbs,"e=1.1,h=8.0,n=30,start_thres=1.25",hub,0.25,10,1,40,1730,0,0,40,1730,0.0,0.0,0.0,0.0,0.1659386957233602
ni_tfnbs,"e=1.1,h=9.0,n=30,start_thres=1.25",hub,0.25,10,1,40,1730,0,0,40,1730,0.0,0.0,0.0,0.0,0.1659386957233602
ni_tfnbs,"e=1.1,h=10.0,n=30,start_thres=1.25",hub,0.25,10,1,40,1730,0,0,40,1730,0.0,0.0,0.0,0.0,0.1659386957233602
ni_tfnbs,"e=1.2,h=0.5,n=30,start_thres=1.25",hub,0.25,10,1,40,1730,0,0,40,1730,0.0,0.0,0.0,0.0,0.1659386957233602
ni_tfnbs,"e=1.2,h=1.0,n=30,start_thres=1.25",hub,0.25,10,1,40,1730,0,0,40,1730,0.0,0.0,0.0,0.0,0.1659386957233602
ni_tfnbs,"e=1.2,h=2.0,n=30,start_thres=1.25",hub,0.25,10,1,40,1730,0,0,40,1730,0.0,0.0,0.0,0.0,0.1659386957233602
ni_tfnbs,"e=1.2,h=3.0,n=30,start_thres=1.25",hub,0.25,10,1,40,1730,0,0,40,1730,0.0,0.0,0.0,0.0,0.1659386957233602
ni_tfnbs,"e=1.2,h=4.0,n=30,start_thres=1.25",hub,0.25,10,1,40,1730,0,0,40,1730,0.0,0.0,0.0,0.0,0.1659386957233602
ni_tfnbs,"e=1.2,h=5.0,n=30,start_thres=1.25",hub,0.25,10,1,40,1730,0,0,40,1730,0.0,0.0,0.0,0.0,0.1659386957233602
ni_tfnbs,"e=1.2,h=6.0,n=30,start_thres=1.25",hub,0.25,10,1,40,1730,0,0,40,1730,0.0,0.0,0.0,0.0,0.1659386957233602
ni_tfnbs,"e=1.2,h=7.0,n=30,start_thres=1.25",hub,0.25,10,1,40,1730,0,0,40,1730,0.0,0.0,0.0,0.0,0.1659386957233602
ni_tfnbs,"e=1.2,h=8.0,n=30,start_thres=1.25",hub,0.25,10,1,40,1730,0,0,40,1730,0.0,0.0,0.0,0.0,0.1659386957233602
ni_tfnbs,"e=1.2,h=9.0,n=30,start_thres=1.25",hub,0.25,10,1,40,1730,0,0,40,1730,0.0,0.0,0.0,0.0,0.1659386957233602
ni_tfnbs,"e=1.2,h=10.0,n=30,start_thres=1.25",hub,0.25,10,1,40,1730,0,0,40,1730,0.0,0.0,0.0,0.0,0.1659386957233602
ni_tfnbs,"e=1.3,h=0.5,n=30,start_thres=1.25",hub,0.25,10,1,40,1730,0,0,40,1730,0.0,0.0,0.0,0.0,0.1659386957233602
ni_tfnbs,"e=1.3,h=1.0,n=30,start_thres=1.25",hub,0.25,10,1,40,1730,0,0,40,1730,0.0,0.0,0.0,0.0,0.1659386957233602
ni_tfnbs,"e=1.3,h=2.0,n=30,start_thres=1.25",hub,0.25,10,1,40,1730,0,0,40,1730,0.0,0.0,0.0,0.0,0.1659386957233602
ni_tfnbs,"e=1.3,h=3.0,n=30,start_thres=1.25",hub,0.25,10,1,40,1730,0,0,40,1730,0.0,0.0,0.0,0.0,0.1659386957233602
ni_tfnbs,"e=1.3,h=4.0,n=30,start_thres=1.25",hub,0.25,10,1,40,1730,0,0,40,1730,0.0,0.0,0.0,0.0,0.1659386957233602
ni_tfnbs,"e=1.3,h=5.0,n=30,start_thres=1.25",hub,0.25,10,1,40,1730,0,0,40,1730,0.0,0.0,0.0,0.0,0.1659386957233602
ni_tfnbs,"e=1.3,h=6.0,n=30,start_thres=1.25",hub,0.25,10,1,40,1730,0,0,40,1730,0.0,0.0,0.0,0.0,0.1659386957233602
ni_tfnbs,"e=1.3,h=7.0,n=30,start_thres=1.25",hub,0.25,10,1,40,1730,0,0,40,1730,0.0,0.0,0.0,0.0,0.1659386957233602
ni_tfnbs,"e=1.3,h=8.0,n=30,start_thres=1.25",hub,0.25,10,1,40,1730,0,0,40,1730,0.0,0.0,0.0,0.0,0.1659386957233602
ni_tfnbs,"e=1.3,h=9.0,n=30,start_thres=1.25",hub,0.25,10,1,40,1730,0,0,40,1730,0.0,0.0,0.0,0.0,0.1659386957233602
ni_tfnbs,"e=1.3,h=10.0,n=30,start_thres=1.25",hub,0.25,10,1,40,1730,0,0,40,1730,0.0,0.0,0.0,0.0,0.1659386957233602
ni_tfnbs,"e=1.4,h=0.5,n=30,start_thres=1.25",hub,0.25,10,1,40,1730,0,0,40,1730,0.0,0.0,0.0,0.0,0.1659386957233602
ni_tfnbs,"e=1.4,h=1.0,n=30,start_thres=1.25",hub,0.25,10,1,40,1730,0,0,40,1730,0.0,0.0,0.0,0.0,0.1659386957233602
ni_tfnbs,"e=1.4,h=2.0,n=30,start_thres=1.25",hub,0.25,10,1,40,1730,0,0,40,1730,0.0,0.0,0.0,0.0,0.1659386957233602
ni_tfnbs,"e=1.4,h=3.0,n=30,start_thres=1.25",hub,0.25,10,1,40,1730,0,0,40,1730,0.0,0.0,0.0,0.0,0.1659386957233602
ni_tfnbs,"e=1.4,h=4.0,n=30,start_thres=1.25",hub,0.25,10,1,40,1730,0,0,40,1730,0.0,0.0,0.0,0.0,0.1659386957233602
ni_tfnbs,"e=1.4,h=5.0,n=30,start_thres=1.25",hub,0.25,10,1,40,1730,0,0,40,1730,0.0,0.0,0.0,0.0,0.1659386957233602
ni_tfnbs,"e=1.4,h=6.0,n=30,start_thres=1.25",hub,0.25,10,1,40,1730,0,0,40,1730,0.0,0.0,0.0,0.0,0.1659386957233602
ni_tfnbs,"e=1.4,h=7.0,n=30,start_thres=1.25",hub,0.25,10,1,40,1730,0,0,40,1730,0.0,0.0,0.0,0.0,0.1659386957233602
ni_tfnbs,"e=1.4,h=8.0,n=30,start_thres=1.25",hub,0.25,10,1,40,1730,0,0,40,1730,0.0,0.0,0.0,0.0,0.1659386957233602
ni_tfnbs,"e=1.4,h=9.0,n=30,start_thres=1.25",hub,0.25,10,1,40,1730,0,0,40,1730,0.0,0.0,0.0,0.0,0.1659386957233602
ni_tfnbs,"e=1.4,h=10.0,n=30,start_thres=1.25",hub,0.25,10,1,40,1730,0,0,40,1730,0.0,0.0,0.0,0.0,0.1659386957233602
ni_tfnbs,"e=1.5,h=0.5,n=30,start_thres=1.25",hub,0.25,10,1,40,1730,0,0,40,1730,0.0,0.0,0.0,0.0,0.1659386957233602
ni_tfnbs,"e=1.5,h=1.0,n=30,start_thres=1.25",hub,0.25,10,1,40,1730,0,0,40,1730,0.0,0.0,0.0,0.0,0.1659386957233602
ni_tfnbs,"e=1.5,h=2.0,n=30,start_thres=1.25",hub,0.25,10,1,40,1730,0,0,40,1730,0.0,0.0,0.0,0.0,0.1659386957233602
ni_tfnbs,"e=1.5,h=3.0,n=30,start_thres=1.25",hub,0.25,10,1,40,1730,0,0,40,1730,0.0,0.0,0.0,0.0,0.1659386957233602
ni_tfnbs,"e=1.5,h=4.0,n=30,start_thres=1.25",hub,0.25,10,1,40,1730,0,0,40,1730,0.0,0.0,0.0,0.0,0.1659386957233602
ni_tfnbs,"e=1.5,h=5.0,n=30,start_thres=1.25",hub,0.25,10,1,40,1730,0,0,40,1730,0.0,0.0,0.0,0.0,0.1659386957233602
ni_tfnbs,"e=1.5,h=6.0,n=30,start_thres=1.25",hub,0.25,10,1,40,1730,0,0,40,1730,0.0,0.0,0.0,0.0,0.1659386957233602
ni_tfnbs,"e=1.5,h=7.0,n=30,start_thres=1.25",hub,0.25,10,1,40,1730,0,0,40,1730,0.0,0.0,0.0,0.0,0.1659386957233602
ni_tfnbs,"e=1.5,h=8.0,n=30,start_thres=1.25",hub,0.25,10,1,40,1730,0,0,40,1730,0.0,0.0,0.0,0.0,0.1659386957233602
ni_tfnbs,"e=1.5,h=9.0,n=30,start_thres=1.25",hub,0.25,10,1,40,1730,0,0,40,1730,0.0,0.0,0.0,0.0,0.1659386957233602
ni_tfnbs,"e=1.5,h=10.0,n=30,start_thres=1.25",hub,0.25,10,1,40,1730,0,0,40,1730,0.0,0.0,0.0,0.0,0.1659386957233602
ni_tfnbs,"e=0.05,h=0.5,n=30,start_thres=1.25",hub,0.25,10,0,40,1730,0,0,40,1730,0.0,0.0,0.0,0.0,0.1738244132562117
ni_tfnbs,"e=0.05,h=1.0,n=30,start_thres=1.25",hub,0.25,10,0,40,1730,0,0,40,1730,0.0,0.0,0.0,0.0,0.1738244132562117
ni_tfnbs,"e=0.05,h=2.0,n=30,start_thres=1.25",hub,0.25,10,0,40,1730,0,0,40,1730,0.0,0.0,0.0,0.0,0.1738244132562117
ni_tfnbs,"e=0.05,h=3.0,n=30,start_thres=1.25",hub,0.25,10,0,40,1730,0,0,40,1730,0.0,0.0,0.0,0.0,0.1738244132562117
ni_tfnbs,"e=0.05,h=4.0,n=30,start_thres=1.25",hub,0.25,10,0,40,1730,0,0,40,1730,0.0,0.0,0.0,0.0,0.1738244132562117
ni_tfnbs,"e=0.05,h=5.0,n=30,start_thres=1.25",hub,0.25,10,0,40,1730,0,0,40,1730,0.0,0.0,0.0,0.0,0.1738244132562117
ni_tfnbs,"e=0.05,h=6.0,n=30,start_thres=1.25",hub,0.25,10,0,40,1730,0,0,40,1730,0.0,0.0,0.0,0.0,0.1738244132562117
ni_tfnbs,"e=0.05,h=7.0,n=30,start_thres=1.25",hub,0.25,10,0,40,1730,0,0,40,1730,0.0,0.0,0.0,0.0,0.1738244132562117
ni_tfnbs,"e=0.05,h=8.0,n=30,start_thres=1.25",hub,0.25,10,0,40,1730,0,0,40,1730,0.0,0.0,0.0,0.0,0.1738244132562117
ni_tfnbs,"e=0.05,h=9.0,n=30,start_thres=1.25",hub,0.25,10,0,40,1730,0,0,40,1730,0.0,0.0,0.0,0.0,0.1738244132562117
ni_tfnbs,"e=0.05,h=10.0,n=30,start_thres=1.25",hub,0.25,10,0,40,1730,0,0,40,1730,0.0,0.0,0.0,0.0,0.1738244132562117
ni_tfnbs,"e=0.1,h=0.5,n=30,start_thres=1.25",hub,0.25,10,0,40,1730,0,0,40,1730,0.0,0.0,0.0,0.0,0.1738244132562117
ni_tfnbs,"e=0.1,h=1.0,n=30,start_thres=1.25",hub,0.25,10,0,40,1730,0,0,40,1730,0.0,0.0,0.0,0.0,0.1738244132562117
ni_tfnbs,"e=0.1,h=2.0,n=30,start_thres=1.25",hub,0.25,10,0,40,1730,0,0,40,1730,0.0,0.0,0.0,0.0,0.1738244132562117
ni_tfnbs,"e=0.1,h=3.0,n=30,start_thres=1.25",hub,0.25,10,0,40,1730,0,0,40,1730,0.0,0.0,0.0,0.0,0.1738244132562117
ni_tfnbs,"e=0.1,h=4.0,n=30,start_thres=1.25",hub,0.25,10,0,40,1730,0,0,40,1730,0.0,0.0,0.0,0.0,0.1738244132562117
ni_tfnbs,"e=0.1,h=5.0,n=30,start_thres=1.25",hub,0.25,10,0,40,1730,0,0,40,1730,0.0,0.0,0.0,0.0,0.1738244132562117
ni_tfnbs,"e=0.1,h=6.0,n=30,start_thres=1.25",hub,0.25,10,0,40,1730,0,0,40,1730,0.0,0.0,0.0,0.0,0.1738244132562117
ni_tfnbs,"e=0.1,h=7.0,n=30,start_thres=1.25",hub,0.25,10,0,40,1730,0,0,40,1730,0.0,0.0,0.0,0.0,0.1738244132562117
ni_tfnbs,"e=0.1,h=8.0,n=30,start_thres=1.25",hub,0.25,10,0,40,1730,0,0,40,1730,0.0,0.0,0.0,0.0,0.1738244132562117
ni_tfnbs,"e=0.1,h=9.0,n=30,start_thres=1.25",hub,0.25,10,0,40,1730,0,0,40,1730,0.0,0.0,0.0,0.0,0.1738244132562117
ni_tfnbs,"e=0.1,h=10.0,n=30,start_thres=1.25",hub,0.25,10,0,40,1730,0,0,40,1730,0.0,0.0,0.0,0.0,0.1738244132562117
ni_tfnbs,"e=0.2,h=0.5,n=30,start_thres=1.25",hub,0.25,10,0,40,1730,0,0,40,1730,0.0,0.0,0.0,0.0,0.1738244132562117
ni_tfnbs,"e=0.2,h=1.0,n=30,start_thres=1.25",hub,0.25,10,0,40,1730,0,0,40,1730,0.0,0.0,0.0,0.0,0.1738244132562117
ni_tfnbs,"e=0.2,h=2.0,n=30,start_thres=1.25",hub,0.25,10,0,40,1730,0,0,40,1730,0.0,0.0,0.0,0.0,0.1738244132562117
ni_tfnbs,"e=0.2,h=3.0,n=30,start_thres=1.25",hub,0.25,10,0,40,1730,0,0,40,1730,0.0,0.0,0.0,0.0,0.1738244132562117
ni_tfnbs,"e=0.2,h=4.0,n=30,start_thres=1.25",hub,0.25,10,0,40,1730,0,0,40,1730,0.0,0.0,0.0,0.0,0.1738244132562117
ni_tfnbs,"e=0.2,h=5.0,n=30,start_thres=1.25",hub,0.25,10,0,40,1730,0,0,40,1730,0.0,0.0,0.0,0.0,0.1738244132562117
ni_tfnbs,"e=0.2,h=6.0,n=30,start_thres=1.25",hub,0.25,10,0,40,1730,0,0,40,1730,0.0,0.0,0.0,0.0,0.1738244132562117
ni_tfnbs,"e=0.2,h=7.0,n=30,start_thres=1.25",hub,0.25,10,0,40,1730,0,0,40,1730,0.0,0.0,0.0,0.0,0.1738244132562117
ni_tfnbs,"e=0.2,h=8.0,n=30,start_thres=1.25",hub,0.25,10,0,40,1730,0,0,40,1730,0.0,0.0,0.0,0.0,0.1738244132562117
ni_tfnbs,"e=0.2,h=9.0,n=30,start_thres=1.25",hub,0.25,10,0,40,1730,0,0,40,1730,0.0,0.0,0.0,0.0,0.1738244132562117
ni_tfnbs,"e=0.2,h=10.0,n=30,start_thres=1.25",hub,0.25,10,0,40,1730,0,0,40,1730,0.0,0.0,0.0,0.0,0.1738244132562117
ni_tfnbs,"e=0.3,h=0.5,n=30,start_thres=1.25",hub,0.25,10,0,40,1730,0,0,40,1730,0.0,0.0,0.0,0.0,0.1738244132562117
ni_tfnbs,"e=0.3,h=1.0,n=30,start_thres=1.25",hub,0.25,10,0,40,1730,0,0,40,1730,0.0,0.0,0.0,0.0,0.1738244132562117
ni_tfnbs,"e=0.3,h=2.0,n=30,start_thres=1.25",hub,0.25,10,0,40,1730,0,0,40,1730,0.0,0.0,0.0,0.0,0.1738244132562117
ni_tfnbs,"e=0.3,h=3.0,n=30,start_thres=1.25",hub,0.25,10,0,40,1730,0,0,40,1730,0.0,0.0,0.0,0.0,0.1738244132562117
ni_tfnbs,"e=0.3,h=4.0,n=30,start_thres=1.25",hub,0.25,10,0,40,1730,0,0,40,1730,0.0,0.0,0.0,0.0,0.1738244132562117
ni_tfnbs,"e=0.3,h=5.0,n=30,start_thres=1.25",hub,0.25,10,0,40,1730,0,0,40,1730,0.0,0.0,0.0,0.0,0.1738244132562117
ni_tfnbs,"e=0.3,h=6.0,n=30,start_thres=1.25",hub,0.25,10,0,40,1730,0,0,40,1730,0.0,0.0,0.0,0.0,0.1738244132562117
ni_tfnbs,"e=0.3,h=7.0,n=30,start_thres=1.25",hub,0.25,10,0,40,1730,0,0,40,1730,0.0,0.0,0.0,0.0,0.1738244132562117
ni_tfnbs,"e=0.3,h=8.0,n=30,start_thres=1.25",hub,0.25,10,0,40,1730,0,0,40,1730,0.0,0.0,0.0,0.0,0.1738244132562117
ni_tfnbs,"e=0.3,h=9.0,n=30,start_thres=1.25",hub,0.25,10,0,40,1730,0,0,40,1730,0.0,0.0,0.0,0.0,0.1738244132562117
ni_tfnbs,"e=0.3,h=10.0,n=30,start_thres=1.25",hub,0.25,10,0,40,1730,0,0,40,1730,0.0,0.0,0.0,0.0,0.1738244132562117
ni_tfnbs,"e=0.4,h=0.5,n=30,start_thres=1.25",hub,0.25,10,0,40,1730,0,0,40,1730,0.0,0.0,0.0,0.0,0.1738244132562117
ni_tfnbs,"e=0.4,h=1.0,n=30,start_thres=1.25",hub,0.25,10,0,40,1730,0,0,40,1730,0.0,0.0,0.0,0.0,0.1738244132562117
ni_tfnbs,"e=0.4,h=2.0,n=30,start_thres=1.25",hub,0.25,10,0,40,1730,0,0,40,1730,0.0,0.0,0.0,0.0,0.1738244132562117
ni_tfnbs,"e=0.4,h=3.0,n=30,start_thres=1.25",hub,0.25,10,0,40,1730,0,0,40,1730,0.0,0.0,0.0,0.0,0.1738244132562117
ni_tfnbs,"e=0.4,h=4.0,n=30,start_thres=1.25",hub,0.25,10,0,40,1730,0,0,40,1730,0.0,0.0,0.0,0.0,0.1738244132562117
ni_tfnbs,"e=0.4,h=5.0,n=30,start_thres=1.25",hub,0.25,10,0,40,1730,0,0,40,1730,0.0,0.0,0.0,0.0,0.1738244132562117
ni_tfnbs,"e=0.4,h=6.0,n=30,start_thres=1.25",hub,0.25,10,0,40,1730,0,0,40,1730,0.0,0.0,0.0,0.0,0.1738244132562117
ni_tfnbs,"e=0.4,h=7.0,n=30,start_thres=1.25",hub,0.25,10,0,40,1730,0,0,40,1730,0.0,0.0,0.0,0.0,0.1738244132562117
ni_tfnbs,"e=0.4,h=8.0,n=30,start_thres=1.25",hub,0.25,10,0,40,1730,0,0,40,1730,0.0,0.0,0.0,0.0,0.1738244132562117
ni_tfnbs,"e=0.4,h=9.0,n=30,start_thres=1.25",hub,0.25,10,0,40,1730,0,0,40,1730,0.0,0.0,0.0,0.0,0.1738244132562117
ni_tfnbs,"e=0.4,h=10.0,n=30,start_thres=1.25",hub,0.25,10,0,40,1730,0,0,40,1730,0.0,0.0,0.0,0.0,0.1738244132562117
ni_tfnbs,"e=0.5,h=0.5,n=30,start_thres=1.25",hub,0.25,10,0,40,1730,0,0,40,1730,0.0,0.0,0.0,0.0,0.1738244132562117
ni_tfnbs,"e=0.5,h=1.0,n=30,start_thres=1.25",hub,0.25,10,0,40,1730,0,0,40,1730,0.0,0.0,0.0,0.0,0.1738244132562117
ni_tfnbs,"e=0.5,h=2.0,n=30,start_thres=1.25",hub,0.25,10,0,40,1730,0,0,40,1730,0.0,0.0,0.0,0.0,0.1738244132562117
ni_tfnbs,"e=0.5,h=3.0,n=30,start_thres=1.25",hub,0.25,10,0,40,1730,0,0,40,1730,0.0,0.0,0.0,0.0,0.1738244132562117
ni_tfnbs,"e=0.5,h=4.0,n=30,start_thres=1.25",hub,0.25,10,0,40,1730,0,0,40,1730,0.0,0.0,0.0,0.0,0.1738244132562117
ni_tfnbs,"e=0.5,h=5.0,n=30,start_thres=1.25",hub,0.25,10,0,40,1730,0,0,40,1730,0.0,0.0,0.0,0.0,0.1738244132562117
ni_tfnbs,"e=0.5,h=6.0,n=30,start_thres=1.25",hub,0.25,10,0,40,1730,0,0,40,1730,0.0,0.0,0.0,0.0,0.1738244132562117
ni_tfnbs,"e=0.5,h=7.0,n=30,start_thres=1.25",hub,0.25,10,0,40,1730,0,0,40,1730,0.0,0.0,0.0,0.0,0.1738244132562117
ni_tfnbs,"e=0.5,h=8.0,n=30,start_thres=1.25",hub,0.25,10,0,40,1730,0,0,40,1730,0.0,0.0,0.0,0.0,0.1738244132562117
ni_tfnbs,"e=0.5,h=9.0,n=30,start_thres=1.25",hub,0.25,10,0,40,1730,0,0,40,1730,0.0,0.0,0.0,0.0,0.1738244132562117
ni_tfnbs,"e=0.5,h=10.0,n=30,start_thres=1.25",hub,0.25,10,0,40,1730,0,0,40,1730,0.0,0.0,0.0,0.0,0.1738244132562117
ni_tfnbs,"e=0.6,h=0.5,n=30,start_thres=1.25",hub,0.25,10,0,40,1730,0,0,40,1730,0.0,0.0,0.0,0.0,0.1738244132562117
ni_tfnbs,"e=0.6,h=1.0,n=30,start_thres=1.25",hub,0.25,10,0,40,1730,0,0,40,1730,0.0,0.0,0.0,0.0,0.1738244132562117
ni_tfnbs,"e=0.6,h=2.0,n=30,start_thres=1.25",hub,0.25,10,0,40,1730,0,0,40,1730,0.0,0.0,0.0,0.0,0.1738244132562117
ni_tfnbs,"e=0.6,h=3.0,n=30,start_thres=1.25",hub,0.25,10,0,40,1730,0,0,40,1730,0.0,0.0,0.0,0.0,0.1738244132562117
ni_tfnbs,"e=0.6,h=4.0,n=30,start_thres=1.25",hub,0.25,10,0,40,1730,0,0,40,1730,0.0,0.0,0.0,0.0,0.1738244132562117
ni_tfnbs,"e=0.6,h=5.0,n=30,start_thres=1.25",hub,0.25,10,0,40,1730,0,0,40,1730,0.0,0.0,0.0,0.0,0.1738244132562117
ni_tfnbs,"e=0.6,h=6.0,n=30,start_thres=1.25",hub,0.25,10,0,40,1730,0,0,40,1730,0.0,0.0,0.0,0.0,0.1738244132562117
ni_tfnbs,"e=0.6,h=7.0,n=30,start_thres=1.25",hub,0.25,10,0,40,1730,0,0,40,1730,0.0,0.0,0.0,0.0,0.1738244132562117
ni_tfnbs,"e=0.6,h=8.0,n=30,start_thres=1.25",hub,0.25,10,0,40,1730,0,0,40,1730,0.0,0.0,0.0,0.0,0.1738244132562117
ni_tfnbs,"e=0.6,h=9.0,n=30,start_thres=1.25",hub,0.25,10,0,40,1730,0,0,40,1730,0.0,0.0,0.0,0.0,0.1738244132562117
ni_tfnbs,"e=0.6,h=10.0,n=30,start_thres=1.25",hub,0.25,10,0,40,1730,0,0,40,1730,0.0,0.0,0.0,0.0,0.1738244132562117
ni_tfnbs,"e=0.7,h=0.5,n=30,start_thres=1.25",hub,0.25,10,0,40,1730,0,0,40,1730,0.0,0.0,0.0,0.0,0.1738244132562117
ni_tfnbs,"e=0.7,h=1.0,n=30,start_thres=1.25",hub,0.25,10,0,40,1730,0,0,40,1730,0.0,0.0,0.0,0.0,0.1738244132562117
ni_tfnbs,"e=0.7,h=2.0,n=30,start_thres=1.25",hub,0.25,10,0,40,1730,0,0,40,1730,0.0,0.0,0.0,0.0,0.1738244132562117
ni_tfnbs,"e=0.7,h=3.0,n=30,start_thres=1.25",hub,0.25,10,0,40,1730,0,0,40,1730,0.0,0.0,0.0,0.0,0.1738244132562117
ni_tfnbs,"e=0.7,h=4.0,n=30,start_thres=1.25",hub,0.25,10,0,40,1730,0,0,40,1730,0.0,0.0,0.0,0.0,0.1738244132562117
ni_tfnbs,"e=0.7,h=5.0,n=30,start_thres=1.25",hub,0.25,10,0,40,1730,0,0,40,1730,0.0,0.0,0.0,0.0,0.1738244132562117
ni_tfnbs,"e=0.7,h=6.0,n=30,start_thres=1.25",hub,0.25,10,0,40,1730,0,0,40,1730,0.0,0.0,0.0,0.0,0.1738244132562117
ni_tfnbs,"e=0.7,h=7.0,n=30,start_thres=1.25",hub,0.25,10,0,40,1730,0,0,40,1730,0.0,0.0,0.0,0.0,0.1738244132562117
ni_tfnbs,"e=0.7,h=8.0,n=30,start_thres=1.25",hub,0.25,10,0,40,1730,0,0,40,1730,0.0,0.0,0.0,0.0,0.1738244132562117
ni_tfnbs,"e=0.7,h=9.0,n=30,start_thres=1.25",hub,0.25,10,0,40,1730,0,0,40,1730,0.0,0.0,0.0,0.0,0.1738244132562117
ni_tfnbs,"e=0.7,h=10.0,n=30,start_thres=1.25",hub,0.25,10,0,40,1730,0,0,40,1730,0.0,0.0,0.0,0.0,0.1738244132562117
ni_tfnbs,"e=0.8,h=0.5,n=30,start_thres=1.25",hub,0.25,10,0,40,1730,0,0,40,1730,0.0,0.0,0.0,0.0,0.1738244132562117
ni_tfnbs,"e=0.8,h=1.0,n=30,start_thres=1.25",hub,0.25,10,0,40,1730,0,0,40,1730,0.0,0.0,0.0,0.0,0.1738244132562117
ni_tfnbs,"e=0.8,h=2.0,n=30,start_thres=1.25",hub,0.25,10,0,40,1730,0,0,40,1730,0.0,0.0,0.0,0.0,0.1738244132562117
ni_tfnbs,"e=0.8,h=3.0,n=30,start_thres=1.25",hub,0.25,10,0,40,1730,0,0,40,1730,0.0,0.0,0.0,0.0,0.1738244132562117
ni_tfnbs,"e=0.8,h=4.0,n=30,start_thres=1.25",hub,0.25,10,0,40,1730,0,0,40,1730,0.0,0.0,0.0,0.0,0.1738244132562117
ni_tfnbs,"e=0.8,h=5.0,n=30,start_thres=1.25",hub,0.25,10,0,40,1730,0,0,40,1730,0.0,0.0,0.0,0.0,0.1738244132562117
ni_tfnbs,"e=0.8,h=6.0,n=30,start_thres=1.25",hub,0.25,10,0,40,1730,0,0,40,1730,0.0,0.0,0.0,0.0,0.1738244132562117
ni_tfnbs,"e=0.8,h=7.0,n=30,start_thres=1.25",hub,0.25,10,0,40,1730,0,0,40,1730,0.0,0.0,0.0,0.0,0.1738244132562117
ni_tfnbs,"e=0.8,h=8.0,n=30,start_thres=1.25",hub,0.25,10,0,40,1730,0,0,40,1730,0.0,0.0,0.0,0.0,0.1738244132562117
ni_tfnbs,"e=0.8,h=9.0,n=30,start_thres=1.25",hub,0.25,10,0,40,1730,0,0,40,1730,0.0,0.0,0.0,0.0,0.1738244132562117
ni_tfnbs,"e=0.8,h=10.0,n=30,start_thres=1.25",hub,0.25,10,0,40,1730,0,0,40,1730,0.0,0.0,0.0,0.0,0.1738244132562117
ni_tfnbs,"e=0.9,h=0.5,n=30,start_thres=1.25",hub,0.25,10,0,40,1730,0,0,40,1730,0.0,0.0,0.0,0.0,0.1738244132562117
ni_tfnbs,"e=0.9,h=1.0,n=30,start_thres=1.25",hub,0.25,10,0,40,1730,0,0,40,1730,0.0,0.0,0.0,0.0,0.1738244132562117
ni_tfnbs,"e=0.9,h=2.0,n=30,start_thres=1.25",hub,0.25,10,0,40,1730,0,0,40,1730,0.0,0.0,0.0,0.0,0.1738244132562117
ni_tfnbs,"e=0.9,h=3.0,n=30,start_thres=1.25",hub,0.25,10,0,40,1730,0,0,40,1730,0.0,0.0,0.0,0.0,0.1738244132562117
ni_tfnbs,"e=0.9,h=4.0,n=30,start_thres=1.25",hub,0.25,10,0,40,1730,0,0,40,1730,0.0,0.0,0.0,0.0,0.1738244132562117
ni_tfnbs,"e=0.9,h=5.0,n=30,start_thres=1.25",hub,0.25,10,0,40,1730,0,0,40,1730,0.0,0.0,0.0,0.0,0.1738244132562117
ni_tfnbs,"e=0.9,h=6.0,n=30,start_thres=1.25",hub,0.25,10,0,40,1730,0,0,40,1730,0.0,0.0,0.0,0.0,0.1738244132562117
ni_tfnbs,"e=0.9,h=7.0,n=30,start_thres=1.25",hub,0.25,10,0,40,1730,0,0,40,1730,0.0,0.0,0.0,0.0,0.1738244132562117
ni_tfnbs,"e=0.9,h=8.0,n=30,start_thres=1.25",hub,0.25,10,0,40,1730,0,0,40,1730,0.0,0.0,0.0,0.0,0.1738244132562117
ni_tfnbs,"e=0.9,h=9.0,n=30,start_thres=1.25",hub,0.25,10,0,40,1730,0,0,40,1730,0.0,0.0,0.0,0.0,0.1738244132562117
ni_tfnbs,"e=0.9,h=10.0,n=30,start_thres=1.25",hub,0.25,10,0,40,1730,0,0,40,1730,0.0,0.0,0.0,0.0,0.1738244132562117
ni_tfnbs,"e=1.0,h=0.5,n=30,start_thres=1.25",hub,0.25,10,0,40,1730,0,0,40,1730,0.0,0.0,0.0,0.0,0.1738244132562117
ni_tfnbs,"e=1.0,h=1.0,n=30,start_thres=1.25",hub,0.25,10,0,40,1730,0,0,40,1730,0.0,0.0,0.0,0.0,0.1738244132562117
ni_tfnbs,"e=1.0,h=2.0,n=30,start_thres=1.25",hub,0.25,10,0,40,1730,0,0,40,1730,0.0,0.0,0.0,0.0,0.1738244132562117
ni_tfnbs,"e=1.0,h=3.0,n=30,start_thres=1.25",hub,0.25,10,0,40,1730,0,0,40,1730,0.0,0.0,0.0,0.0,0.1738244132562117
ni_tfnbs,"e=1.0,h=4.0,n=30,start_thres=1.25",hub,0.25,10,0,40,1730,0,0,40,1730,0.0,0.0,0.0,0.0,0.1738244132562117
ni_tfnbs,"e=1.0,h=5.0,n=30,start_thres=1.25",hub,0.25,10,0,40,1730,0,0,40,1730,0.0,0.0,0.0,0.0,0.1738244132562117
ni_tfnbs,"e=1.0,h=6.0,n=30,start_thres=1.25",hub,0.25,10,0,40,1730,0,0,40,1730,0.0,0.0,0.0,0.0,0.1738244132562117
ni_tfnbs,"e=1.0,h=7.0,n=30,start_thres=1.25",hub,0.25,10,0,40,1730,0,0,40,1730,0.0,0.0,0.0,0.0,0.1738244132562117
ni_tfnbs,"e=1.0,h=8.0,n=30,start_thres=1.25",hub,0.25,10,0,40,1730,0,0,40,1730,0.0,0.0,0.0,0.0,0.1738244132562117
ni_tfnbs,"e=1.0,h=9.0,n=30,start_thres=1.25",hub,0.25,10,0,40,1730,0,0,40,1730,0.0,0.0,0.0,0.0,0.1738244132562117
ni_tfnbs,"e=1.0,h=10.0,n=30,start_thres=1.25",hub,0.25,10,0,40,1730,0,0,40,1730,0.0,0.0,0.0,0.0,0.1738244132562117
ni_tfnbs,"e=1.1,h=0.5,n=30,start_thres=1.25",hub,0.25,10,0,40,1730,0,0,40,1730,0.0,0.0,0.0,0.0,0.1738244132562117
ni_tfnbs,"e=1.1,h=1.0,n=30,start_thres=1.25",hub,0.25,10,0,40,1730,0,0,40,1730,0.0,0.0,0.0,0.0,0.1738244132562117
ni_tfnbs,"e=1.1,h=2.0,n=30,start_thres=1.25",hub,0.25,10,0,40,1730,0,0,40,1730,0.0,0.0,0.0,0.0,0.1738244132562117
ni_tfnbs,"e=1.1,h=3.0,n=30,start_thres=1.25",hub,0.25,10,0,40,1730,0,0,40,1730,0.0,0.0,0.0,0.0,0.1738244132562117
ni_tfnbs,"e=1.1,h=4.0,n=30,start_thres=1.25",hub,0.25,10,0,40,1730,0,0,40,1730,0.0,0.0,0.0,0.0,0.1738244132562117
ni_tfnbs,"e=1.1,h=5.0,n=30,start_thres=1.25",hub,0.25,10,0,40,1730,0,0,40,1730,0.0,0.0,0.0,0.0,0.1738244132562117
ni_tfnbs,"e=1.1,h=6.0,n=30,start_thres=1.25",hub,0.25,10,0,40,1730,0,0,40,1730,0.0,0.0,0.0,0.0,0.1738244132562117
ni_tfnbs,"e=1.1,h=7.0,n=30,start_thres=1.25",hub,0.25,10,0,40,1730,0,0,40,1730,0.0,0.0,0.0,0.0,0.1738244132562117
ni_tfnbs,"e=1.1,h=8.0,n=30,start_thres=1.25",hub,0.25,10,0,40,1730,0,0,40,1730,0.0,0.0,0.0,0.0,0.1738244132562117
ni_tfnbs,"e=1.1,h=9.0,n=30,start_thres=1.25",hub,0.25,10,0,40,1730,0,0,40,1730,0.0,0.0,0.0,0.0,0.1738244132562117
ni_tfnbs,"e=1.1,h=10.0,n=30,start_thres=1.25",hub,0.25,10,0,40,1730,0,0,40,1730,0.0,0.0,0.0,0.0,0.1738244132562117
ni_tfnbs,"e=1.2,h=0.5,n=30,start_thres=1.25",hub,0.25,10,0,40,1730,0,0,40,1730,0.0,0.0,0.0,0.0,0.1738244132562117
ni_tfnbs,"e=1.2,h=1.0,n=30,start_thres=1.25",hub,0.25,10,0,40,1730,0,0,40,1730,0.0,0.0,0.0,0.0,0.1738244132562117
ni_tfnbs,"e=1.2,h=2.0,n=30,start_thres=1.25",hub,0.25,10,0,40,1730,0,0,40,1730,0.0,0.0,0.0,0.0,0.1738244132562117
ni_tfnbs,"e=1.2,h=3.0,n=30,start_thres=1.25",hub,0.25,10,0,40,1730,0,0,40,1730,0.0,0.0,0.0,0.0,0.1738244132562117
ni_tfnbs,"e=1.2,h=4.0,n=30,start_thres=1.25",hub,0.25,10,0,40,1730,0,0,40,1730,0.0,0.0,0.0,0.0,0.1738244132562117
ni_tfnbs,"e=1.2,h=5.0,n=30,start_thres=1.25",hub,0.25,10,0,40,1730,0,0,40,1730,0.0,0.0,0.0,0.0,0.1738244132562117
ni_tfnbs,"e=1.2,h=6.0,n=30,start_thres=1.25",hub,0.25,10,0,40,1730,0,0,40,1730,0.0,0.0,0.0,0.0,0.1738244132562117
ni_tfnbs,"e=1.2,h=7.0,n=30,start_thres=1.25",hub,0.25,10,0,40,1730,0,0,40,1730,0.0,0.0,0.0,0.0,0.1738244132562117
ni_tfnbs,"e=1.2,h=8.0,n=30,start_thres=1.25",hub,0.25,10,0,40,1730,0,0,40,1730,0.0,0.0,0.0,0.0,0.1738244132562117
ni_tfnbs,"e=1.2,h=9.0,n=30,start_thres=1.25",hub,0.25,10,0,40,1730,0,0,40,1730,0.0,0.0,0.0,0.0,0.1738244132562117
ni_tfnbs,"e=1.2,h=10.0,n=30,start_thres=1.25",hub,0.25,10,0,40,1730,0,0,40,1730,0.0,0.0,0.0,0.0,0.1738244132562117
ni_tfnbs,"e=1.3,h=0.5,n=30,start_thres=1.25",hub,0.25,10,0,40,1730,0,0,40,1730,0.0,0.0,0.0,0.0,0.1738244132562117
ni_tfnbs,"e=1.3,h=1.0,n=30,start_thres=1.25",hub,0.25,10,0,40,1730,0,0,40,1730,0.0,0.0,0.0,0.0,0.1738244132562117
ni_tfnbs,"e=1.3,h=2.0,n=30,start_thres=1.25",hub,0.25,10,0,40,1730,0,0,40,1730,0.0,0.0,0.0,0.0,0.1738244132562117
ni_tfnbs,"e=1.3,h=3.0,n=30,start_thres=1.25",hub,0.25,10,0,40,1730,0,0,40,1730,0.0,0.0,0.0,0.0,0.1738244132562117
ni_tfnbs,"e=1.3,h=4.0,n=30,start_thres=1.25",hub,0.25,10,0,40,1730,0,0,40,1730,0.0,0.0,0.0,0.0,0.1738244132562117
ni_tfnbs,"e=1.3,h=5.0,n=30,start_thres=1.25",hub,0.25,10,0,40,1730,0,0,40,1730,0.0,0.0,0.0,0.0,0.1738244132562117
ni_tfnbs,"e=1.3,h=6.0,n=30,start_thres=1.25",hub,0.25,10,0,40,1730,0,0,40,1730,0.0,0.0,0.0,0.0,0.1738244132562117
ni_tfnbs,"e=1.3,h=7.0,n=30,start_thres=1.25",hub,0.25,10,0,40,1730,0,0,40,1730,0.0,0.0,0.0,0.0,0.1738244132562117
ni_tfnbs,"e=1.3,h=8.0,n=30,start_thres=1.25",hub,0.25,10,0,40,1730,0,0,40,1730,0.0,0.0,0.0,0.0,0.1738244132562117
ni_tfnbs,"e=1.3,h=9.0,n=30,start_thres=1.25",hub,0.25,10,0,40,1730,0,0,40,1730,0.0,0.0,0.0,0.0,0.1738244132562117
ni_tfnbs,"e=1.3,h=10.0,n=30,start_thres=1.25",hub,0.25,10,0,40,1730,0,0,40,1730,0.0,0.0,0.0,0.0,0.1738244132562117
ni_tfnbs,"e=1.4,h=0.5,n=30,start_thres=1.25",hub,0.25,10,0,40,1730,0,0,40,1730,0.0,0.0,0.0,0.0,0.1738244132562117
ni_tfnbs,"e=1.4,h=1.0,n=30,start_thres=1.25",hub,0.25,10,0,40,1730,0,0,40,1730,0.0,0.0,0.0,0.0,0.1738244132562117
ni_tfnbs,"e=1.4,h=2.0,n=30,start_thres=1.25",hub,0.25,10,0,40,1730,0,0,40,1730,0.0,0.0,0.0,0.0,0.1738244132562117
ni_tfnbs,"e=1.4,h=3.0,n=30,start_thres=1.25",hub,0.25,10,0,40,1730,0,0,40,1730,0.0,0.0,0.0,0.0,0.1738244132562117
ni_tfnbs,"e=1.4,h=4.0,n=30,start_thres=1.25",hub,0.25,10,0,40,1730,0,0,40,1730,0.0,0.0,0.0,0.0,0.1738244132562117
ni_tfnbs,"e=1.4,h=5.0,n=30,start_thres=1.25",hub,0.25,10,0,40,1730,0,0,40,1730,0.0,0.0,0.0,0.0,0.1738244132562117
ni_tfnbs,"e=1.4,h=6.0,n=30,start_thres=1.25",hub,0.25,10,0,40,1730,0,0,40,1730,0.0,0.0,0.0,0.0,0.1738244132562117
ni_tfnbs,"e=1.4,h=7.0,n=30,start_thres=1.25",hub,0.25,10,0,40,1730,0,0,40,1730,0.0,0.0,0.0,0.0,0.1738244132562117
ni_tfnbs,"e=1.4,h=8.0,n=30,start_thres=1.25",hub,0.25,10,0,40,1730,0,0,40,1730,0.0,0.0,0.0,0.0,0.1738244132562117
ni_tfnbs,"e=1.4,h=9.0,n=30,start_thres=1.25",hub,0.25,10,0,40,1730,0,0,40,1730,0.0,0.0,0.0,0.0,0.1738244132562117
ni_tfnbs,"e=1.4,h=10.0,n=30,start_thres=1.25",hub,0.25,10,0,40,1730,0,0,40,1730,0.0,0.0,0.0,0.0,0.1738244132562117
ni_tfnbs,"e=1.5,h=0.5,n=30,start_thres=1.25",hub,0.25,10,0,40,1730,0,0,40,1730,0.0,0.0,0.0,0.0,0.1738244132562117
ni_tfnbs,"e=1.5,h=1.0,n=30,start_thres=1.25",hub,0.25,10,0,40,1730,0,0,40,1730,0.0,0.0,0.0,0.0,0.1738244132562117
ni_tfnbs,"e=1.5,h=2.0,n=30,start_thres=1.25",hub,0.25,10,0,40,1730,0,0,40,1730,0.0,0.0,0.0,0.0,0.1738244132562117
ni_tfnbs,"e=1.5,h=3.0,n=30,start_thres=1.25",hub,0.25,10,0,40,1730,0,0,40,1730,0.0,0.0,0.0,0.0,0.1738244132562117
ni_tfnbs,"e=1.5,h=4.0,n=30,start_thres=1.25",hub,0.25,10,0,40,1730,0,0,40,1730,0.0,0.0,0.0,0.0,0.1738244132562117
ni_tfnbs,"e=1.5,h=5.0,n=30,start_thres=1.25",hub,0.25,10,0,40,1730,0,0,40,1730,0.0,0.0,0.0,0.0,0.1738244132562117
ni_tfnbs,"e=1.5,h=6.0,n=30,start_thres=1.25",hub,0.25,10,0,40,1730,0,0,40,1730,0.0,0.0,0.0,0.0,0.1738244132562117
ni_tfnbs,"e=1.5,h=7.0,n=30,start_thres=1.25",hub,0.25,10,0,40,1730,0,0,40,1730,0.0,0.0,0.0,0.0,0.1738244132562117
ni_tfnbs,"e=1.5,h=8.0,n=30,start_thres=1.25",hub,0.25,10,0,40,1730,0,0,40,1730,0.0,0.0,0.0,0.0,0.1738244132562117
ni_tfnbs,"e=1.5,h=9.0,n=30,start_thres=1.25",hub,0.25,10,0,40,1730,0,0,40,1730,0.0,0.0,0.0,0.0,0.1738244132562117
ni_tfnbs,"e=1.5,h=10.0,n=30,start_thres=1.25",hub,0.25,10,0,40,1730,0,0,40,1730,0.0,0.0,0.0,0.0,0.1738244132562117
ni_tfnbs,"e=0.05,h=0.5,n=30,start_thres=1.25",hub,0.25,10,2,40,1730,0,0,40,1730,0.0,0.0,0.0,0.0,0.1622150838375091
ni_tfnbs,"e=0.05,h=1.0,n=30,start_thres=1.25",hub,0.25,10,2,40,1730,0,0,40,1730,0.0,0.0,0.0,0.0,0.1622150838375091
ni_tfnbs,"e=0.05,h=2.0,n=30,start_thres=1.25",hub,0.25,10,2,40,1730,0,0,40,1730,0.0,0.0,0.0,0.0,0.1622150838375091
ni_tfnbs,"e=0.05,h=3.0,n=30,start_thres=1.25",hub,0.25,10,2,40,1730,0,0,40,1730,0.0,0.0,0.0,0.0,0.1622150838375091
ni_tfnbs,"e=0.05,h=4.0,n=30,start_thres=1.25",hub,0.25,10,2,40,1730,0,0,40,1730,0.0,0.0,0.0,0.0,0.1622150838375091
ni_tfnbs,"e=0.05,h=5.0,n=30,start_thres=1.25",hub,0.25,10,2,40,1730,0,0,40,1730,0.0,0.0,0.0,0.0,0.1622150838375091
ni_tfnbs,"e=0.05,h=6.0,n=30,start_thres=1.25",hub,0.25,10,2,40,1730,0,0,40,1730,0.0,0.0,0.0,0.0,0.1622150838375091
ni_tfnbs,"e=0.05,h=7.0,n=30,start_thres=1.25",hub,0.25,10,2,40,1730,0,0,40,1730,0.0,0.0,0.0,0.0,0.1622150838375091
ni_tfnbs,"e=0.05,h=8.0,n=30,start_thres=1.25",hub,0.25,10,2,40,1730,0,0,40,1730,0.0,0.0,0.0,0.0,0.1622150838375091
ni_tfnbs,"e=0.05,h=9.0,n=30,start_thres=1.25",hub,0.25,10,2,40,1730,0,0,40,1730,0.0,0.0,0.0,0.0,0.1622150838375091
ni_tfnbs,"e=0.05,h=10.0,n=30,start_thres=1.25",hub,0.25,10,2,40,1730,0,0,40,1730,0.0,0.0,0.0,0.0,0.1622150838375091
ni_tfnbs,"e=0.1,h=0.5,n=30,start_thres=1.25",hub,0.25,10,2,40,1730,0,0,40,1730,0.0,0.0,0.0,0.0,0.1622150838375091
ni_tfnbs,"e=0.1,h=1.0,n=30,start_thres=1.25",hub,0.25,10,2,40,1730,0,0,40,1730,0.0,0.0,0.0,0.0,0.1622150838375091
ni_tfnbs,"e=0.1,h=2.0,n=30,start_thres=1.25",hub,0.25,10,2,40,1730,0,0,40,1730,0.0,0.0,0.0,0.0,0.1622150838375091
ni_tfnbs,"e=0.1,h=3.0,n=30,start_thres=1.25",hub,0.25,10,2,40,1730,0,0,40,1730,0.0,0.0,0.0,0.0,0.1622150838375091
ni_tfnbs,"e=0.1,h=4.0,n=30,start_thres=1.25",hub,0.25,10,2,40,1730,0,0,40,1730,0.0,0.0,0.0,0.0,0.1622150838375091
ni_tfnbs,"e=0.1,h=5.0,n=30,start_thres=1.25",hub,0.25,10,2,40,1730,0,0,40,1730,0.0,0.0,0.0,0.0,0.1622150838375091
ni_tfnbs,"e=0.1,h=6.0,n=30,start_thres=1.25",hub,0.25,10,2,40,1730,0,0,40,1730,0.0,0.0,0.0,0.0,0.1622150838375091
ni_tfnbs,"e=0.1,h=7.0,n=30,start_thres=1.25",hub,0.25,10,2,40,1730,0,0,40,1730,0.0,0.0,0.0,0.0,0.1622150838375091
ni_tfnbs,"e=0.1,h=8.0,n=30,start_thres=1.25",hub,0.25,10,2,40,1730,0,0,40,1730,0.0,0.0,0.0,0.0,0.1622150838375091
ni_tfnbs,"e=0.1,h=9.0,n=30,start_thres=1.25",hub,0.25,10,2,40,1730,0,0,40,1730,0.0,0.0,0.0,0.0,0.1622150838375091
ni_tfnbs,"e=0.1,h=10.0,n=30,start_thres=1.25",hub,0.25,10,2,40,1730,0,0,40,1730,0.0,0.0,0.0,0.0,0.1622150838375091
ni_tfnbs,"e=0.2,h=0.5,n=30,start_thres=1.25",hub,0.25,10,2,40,1730,0,0,40,1730,0.0,0.0,0.0,0.0,0.1622150838375091
ni_tfnbs,"e=0.2,h=1.0,n=30,start_thres=1.25",hub,0.25,10,2,40,1730,0,0,40,1730,0.0,0.0,0.0,0.0,0.1622150838375091
ni_tfnbs,"e=0.2,h=2.0,n=30,start_thres=1.25",hub,0.25,10,2,40,1730,0,0,40,1730,0.0,0.0,0.0,0.0,0.1622150838375091
ni_tfnbs,"e=0.2,h=3.0,n=30,start_thres=1.25",hub,0.25,10,2,40,1730,0,0,40,1730,0.0,0.0,0.0,0.0,0.1622150838375091
ni_tfnbs,"e=0.2,h=4.0,n=30,start_thres=1.25",hub,0.25,10,2,40,1730,0,0,40,1730,0.0,0.0,0.0,0.0,0.1622150838375091
ni_tfnbs,"e=0.2,h=5.0,n=30,start_thres=1.25",hub,0.25,10,2,40,1730,0,0,40,1730,0.0,0.0,0.0,0.0,0.1622150838375091
ni_tfnbs,"e=0.2,h=6.0,n=30,start_thres=1.25",hub,0.25,10,2,40,1730,0,0,40,1730,0.0,0.0,0.0,0.0,0.1622150838375091
ni_tfnbs,"e=0.2,h=7.0,n=30,start_thres=1.25",hub,0.25,10,2,40,1730,0,0,40,1730,0.0,0.0,0.0,0.0,0.1622150838375091
ni_tfnbs,"e=0.2,h=8.0,n=30,start_thres=1.25",hub,0.25,10,2,40,1730,0,0,40,1730,0.0,0.0,0.0,0.0,0.1622150838375091
ni_tfnbs,"e=0.2,h=9.0,n=30,start_thres=1.25",hub,0.25,10,2,40,1730,0,0,40,1730,0.0,0.0,0.0,0.0,0.1622150838375091
ni_tfnbs,"e=0.2,h=10.0,n=30,start_thres=1.25",hub,0.25,10,2,40,1730,0,0,40,1730,0.0,0.0,0.0,0.0,0.1622150838375091
ni_tfnbs,"e=0.3,h=0.5,n=30,start_thres=1.25",hub,0.25,10,2,40,1730,0,0,40,1730,0.0,0.0,0.0,0.0,0.1622150838375091
ni_tfnbs,"e=0.3,h=1.0,n=30,start_thres=1.25",hub,0.25,10,2,40,1730,0,0,40,1730,0.0,0.0,0.0,0.0,0.1622150838375091
ni_tfnbs,"e=0.3,h=2.0,n=30,start_thres=1.25",hub,0.25,10,2,40,1730,0,0,40,1730,0.0,0.0,0.0,0.0,0.1622150838375091
ni_tfnbs,"e=0.3,h=3.0,n=30,start_thres=1.25",hub,0.25,10,2,40,1730,0,0,40,1730,0.0,0.0,0.0,0.0,0.1622150838375091
ni_tfnbs,"e=0.3,h=4.0,n=30,start_thres=1.25",hub,0.25,10,2,40,1730,0,0,40,1730,0.0,0.0,0.0,0.0,0.1622150838375091
ni_tfnbs,"e=0.3,h=5.0,n=30,start_thres=1.25",hub,0.25,10,2,40,1730,0,0,40,1730,0.0,0.0,0.0,0.0,0.1622150838375091
ni_tfnbs,"e=0.3,h=6.0,n=30,start_thres=1.25",hub,0.25,10,2,40,1730,0,0,40,1730,0.0,0.0,0.0,0.0,0.1622150838375091
ni_tfnbs,"e=0.3,h=7.0,n=30,start_thres=1.25",hub,0.25,10,2,40,1730,0,0,40,1730,0.0,0.0,0.0,0.0,0.1622150838375091
ni_tfnbs,"e=0.3,h=8.0,n=30,start_thres=1.25",hub,0.25,10,2,40,1730,0,0,40,1730,0.0,0.0,0.0,0.0,0.1622150838375091
ni_tfnbs,"e=0.3,h=9.0,n=30,start_thres=1.25",hub,0.25,10,2,40,1730,0,0,40,1730,0.0,0.0,0.0,0.0,0.1622150838375091
ni_tfnbs,"e=0.3,h=10.0,n=30,start_thres=1.25",hub,0.25,10,2,40,1730,0,0,40,1730,0.0,0.0,0.0,0.0,0.1622150838375091
ni_tfnbs,"e=0.4,h=0.5,n=30,start_thres=1.25",hub,0.25,10,2,40,1730,0,0,40,1730,0.0,0.0,0.0,0.0,0.1622150838375091
ni_tfnbs,"e=0.4,h=1.0,n=30,start_thres=1.25",hub,0.25,10,2,40,1730,0,0,40,1730,0.0,0.0,0.0,0.0,0.1622150838375091
ni_tfnbs,"e=0.4,h=2.0,n=30,start_thres=1.25",hub,0.25,10,2,40,1730,0,0,40,1730,0.0,0.0,0.0,0.0,0.1622150838375091
ni_tfnbs,"e=0.4,h=3.0,n=30,start_thres=1.25",hub,0.25,10,2,40,1730,0,0,40,1730,0.0,0.0,0.0,0.0,0.1622150838375091
ni_tfnbs,"e=0.4,h=4.0,n=30,start_thres=1.25",hub,0.25,10,2,40,1730,0,0,40,1730,0.0,0.0,0.0,0.0,0.1622150838375091
ni_tfnbs,"e=0.4,h=5.0,n=30,start_thres=1.25",hub,0.25,10,2,40,1730,0,0,40,1730,0.0,0.0,0.0,0.0,0.1622150838375091
ni_tfnbs,"e=0.4,h=6.0,n=30,start_thres=1.25",hub,0.25,10,2,40,1730,0,0,40,1730,0.0,0.0,0.0,0.0,0.1622150838375091
ni_tfnbs,"e=0.4,h=7.0,n=30,start_thres=1.25",hub,0.25,10,2,40,1730,0,0,40,1730,0.0,0.0,0.0,0.0,0.1622150838375091
ni_tfnbs,"e=0.4,h=8.0,n=30,start_thres=1.25",hub,0.25,10,2,40,1730,0,0,40,1730,0.0,0.0,0.0,0.0,0.1622150838375091
ni_tfnbs,"e=0.4,h=9.0,n=30,start_thres=1.25",hub,0.25,10,2,40,1730,0,0,40,1730,0.0,0.0,0.0,0.0,0.1622150838375091
ni_tfnbs,"e=0.4,h=10.0,n=30,start_thres=1.25",hub,0.25,10,2,40,1730,0,0,40,1730,0.0,0.0,0.0,0.0,0.1622150838375091
ni_tfnbs,"e=0.5,h=0.5,n=30,start_thres=1.25",hub,0.25,10,2,40,1730,0,0,40,1730,0.0,0.0,0.0,0.0,0.1622150838375091
ni_tfnbs,"e=0.5,h=1.0,n=30,start_thres=1.25",hub,0.25,10,2,40,1730,0,0,40,1730,0.0,0.0,0.0,0.0,0.1622150838375091
ni_tfnbs,"e=0.5,h=2.0,n=30,start_thres=1.25",hub,0.25,10,2,40,1730,0,0,40,1730,0.0,0.0,0.0,0.0,0.1622150838375091
ni_tfnbs,"e=0.5,h=3.0,n=30,start_thres=1.25",hub,0.25,10,2,40,1730,0,0,40,1730,0.0,0.0,0.0,0.0,0.1622150838375091
ni_tfnbs,"e=0.5,h=4.0,n=30,start_thres=1.25",hub,0.25,10,2,40,1730,0,0,40,1730,0.0,0.0,0.0,0.0,0.1622150838375091
ni_tfnbs,"e=0.5,h=5.0,n=30,start_thres=1.25",hub,0.25,10,2,40,1730,0,0,40,1730,0.0,0.0,0.0,0.0,0.1622150838375091
ni_tfnbs,"e=0.5,h=6.0,n=30,start_thres=1.25",hub,0.25,10,2,40,1730,0,0,40,1730,0.0,0.0,0.0,0.0,0.1622150838375091
ni_tfnbs,"e=0.5,h=7.0,n=30,start_thres=1.25",hub,0.25,10,2,40,1730,0,0,40,1730,0.0,0.0,0.0,0.0,0.1622150838375091
ni_tfnbs,"e=0.5,h=8.0,n=30,start_thres=1.25",hub,0.25,10,2,40,1730,0,0,40,1730,0.0,0.0,0.0,0.0,0.1622150838375091
ni_tfnbs,"e=0.5,h=9.0,n=30,start_thres=1.25",hub,0.25,10,2,40,1730,0,0,40,1730,0.0,0.0,0.0,0.0,0.1622150838375091
ni_tfnbs,"e=0.5,h=10.0,n=30,start_thres=1.25",hub,0.25,10,2,40,1730,0,0,40,1730,0.0,0.0,0.0,0.0,0.1622150838375091
ni_tfnbs,"e=0.6,h=0.5,n=30,start_thres=1.25",hub,0.25,10,2,40,1730,0,0,40,1730,0.0,0.0,0.0,0.0,0.1622150838375091
ni_tfnbs,"e=0.6,h=1.0,n=30,start_thres=1.25",hub,0.25,10,2,40,1730,0,0,40,1730,0.0,0.0,0.0,0.0,0.1622150838375091
ni_tfnbs,"e=0.6,h=2.0,n=30,start_thres=1.25",hub,0.25,10,2,40,1730,0,0,40,1730,0.0,0.0,0.0,0.0,0.1622150838375091
ni_tfnbs,"e=0.6,h=3.0,n=30,start_thres=1.25",hub,0.25,10,2,40,1730,0,0,40,1730,0.0,0.0,0.0,0.0,0.1622150838375091
ni_tfnbs,"e=0.6,h=4.0,n=30,start_thres=1.25",hub,0.25,10,2,40,1730,0,0,40,1730,0.0,0.0,0.0,0.0,0.1622150838375091
ni_tfnbs,"e=0.6,h=5.0,n=30,start_thres=1.25",hub,0.25,10,2,40,1730,0,0,40,1730,0.0,0.0,0.0,0.0,0.1622150838375091
ni_tfnbs,"e=0.6,h=6.0,n=30,start_thres=1.25",hub,0.25,10,2,40,1730,0,0,40,1730,0.0,0.0,0.0,0.0,0.1622150838375091
ni_tfnbs,"e=0.6,h=7.0,n=30,start_thres=1.25",hub,0.25,10,2,40,1730,0,0,40,1730,0.0,0.0,0.0,0.0,0.1622150838375091
ni_tfnbs,"e=0.6,h=8.0,n=30,start_thres=1.25",hub,0.25,10,2,40,1730,0,0,40,1730,0.0,0.0,0.0,0.0,0.1622150838375091
ni_tfnbs,"e=0.6,h=9.0,n=30,start_thres=1.25",hub,0.25,10,2,40,1730,0,0,40,1730,0.0,0.0,0.0,0.0,0.1622150838375091
ni_tfnbs,"e=0.6,h=10.0,n=30,start_thres=1.25",hub,0.25,10,2,40,1730,0,0,40,1730,0.0,0.0,0.0,0.0,0.1622150838375091
ni_tfnbs,"e=0.7,h=0.5,n=30,start_thres=1.25",hub,0.25,10,2,40,1730,0,0,40,1730,0.0,0.0,0.0,0.0,0.1622150838375091
ni_tfnbs,"e=0.7,h=1.0,n=30,start_thres=1.25",hub,0.25,10,2,40,1730,0,0,40,1730,0.0,0.0,0.0,0.0,0.1622150838375091
ni_tfnbs,"e=0.7,h=2.0,n=30,start_thres=1.25",hub,0.25,10,2,40,1730,0,0,40,1730,0.0,0.0,0.0,0.0,0.1622150838375091
ni_tfnbs,"e=0.7,h=3.0,n=30,start_thres=1.25",hub,0.25,10,2,40,1730,0,0,40,1730,0.0,0.0,0.0,0.0,0.1622150838375091
ni_tfnbs,"e=0.7,h=4.0,n=30,start_thres=1.25",hub,0.25,10,2,40,1730,0,0,40,1730,0.0,0.0,0.0,0.0,0.1622150838375091
ni_tfnbs,"e=0.7,h=5.0,n=30,start_thres=1.25",hub,0.25,10,2,40,1730,0,0,40,1730,0.0,0.0,0.0,0.0,0.1622150838375091
ni_tfnbs,"e=0.7,h=6.0,n=30,start_thres=1.25",hub,0.25,10,2,40,1730,0,0,40,1730,0.0,0.0,0.0,0.0,0.1622150838375091
ni_tfnbs,"e=0.7,h=7.0,n=30,start_thres=1.25",hub,0.25,10,2,40,1730,0,0,40,1730,0.0,0.0,0.0,0.0,0.1622150838375091
ni_tfnbs,"e=0.7,h=8.0,n=30,start_thres=1.25",hub,0.25,10,2,40,1730,0,0,40,1730,0.0,0.0,0.0,0.0,0.1622150838375091
ni_tfnbs,"e=0.7,h=9.0,n=30,start_thres=1.25",hub,0.25,10,2,40,1730,0,0,40,1730,0.0,0.0,0.0,0.0,0.1622150838375091
ni_tfnbs,"e=0.7,h=10.0,n=30,start_thres=1.25",hub,0.25,10,2,40,1730,0,0,40,1730,0.0,0.0,0.0,0.0,0.1622150838375091
ni_tfnbs,"e=0.8,h=0.5,n=30,start_thres=1.25",hub,0.25,10,2,40,1730,0,0,40,1730,0.0,0.0,0.0,0.0,0.1622150838375091
ni_tfnbs,"e=0.8,h=1.0,n=30,start_thres=1.25",hub,0.25,10,2,40,1730,0,0,40,1730,0.0,0.0,0.0,0.0,0.1622150838375091
ni_tfnbs,"e=0.8,h=2.0,n=30,start_thres=1.25",hub,0.25,10,2,40,1730,0,0,40,1730,0.0,0.0,0.0,0.0,0.1622150838375091
ni_tfnbs,"e=0.8,h=3.0,n=30,start_thres=1.25",hub,0.25,10,2,40,1730,0,0,40,1730,0.0,0.0,0.0,0.0,0.1622150838375091
ni_tfnbs,"e=0.8,h=4.0,n=30,start_thres=1.25",hub,0.25,10,2,40,1730,0,0,40,1730,0.0,0.0,0.0,0.0,0.1622150838375091
ni_tfnbs,"e=0.8,h=5.0,n=30,start_thres=1.25",hub,0.25,10,2,40,1730,0,0,40,1730,0.0,0.0,0.0,0.0,0.1622150838375091
ni_tfnbs,"e=0.8,h=6.0,n=30,start_thres=1.25",hub,0.25,10,2,40,1730,0,0,40,1730,0.0,0.0,0.0,0.0,0.1622150838375091
ni_tfnbs,"e=0.8,h=7.0,n=30,start_thres=1.25",hub,0.25,10,2,40,1730,0,0,40,1730,0.0,0.0,0.0,0.0,0.1622150838375091
ni_tfnbs,"e=0.8,h=8.0,n=30,start_thres=1.25",hub,0.25,10,2,40,1730,0,0,40,1730,0.0,0.0,0.0,0.0,0.1622150838375091
ni_tfnbs,"e=0.8,h=9.0,n=30,start_thres=1.25",hub,0.25,10,2,40,1730,0,0,40,1730,0.0,0.0,0.0,0.0,0.1622150838375091
ni_tfnbs,"e=0.8,h=10.0,n=30,start_thres=1.25",hub,0.25,10,2,40,1730,0,0,40,1730,0.0,0.0,0.0,0.0,0.1622150838375091
ni_tfnbs,"e=0.9,h=0.5,n=30,start_thres=1.25",hub,0.25,10,2,40,1730,0,0,40,1730,0.0,0.0,0.0,0.0,0.1622150838375091
ni_tfnbs,"e=0.9,h=1.0,n=30,start_thres=1.25",hub,0.25,10,2,40,1730,0,0,40,1730,0.0,0.0,0.0,0.0,0.1622150838375091
ni_tfnbs,"e=0.9,h=2.0,n=30,start_thres=1.25",hub,0.25,10,2,40,1730,0,0,40,1730,0.0,0.0,0.0,0.0,0.1622150838375091
ni_tfnbs,"e=0.9,h=3.0,n=30,start_thres=1.25",hub,0.25,10,2,40,1730,0,0,40,1730,0.0,0.0,0.0,0.0,0.1622150838375091
ni_tfnbs,"e=0.9,h=4.0,n=30,start_thres=1.25",hub,0.25,10,2,40,1730,0,0,40,1730,0.0,0.0,0.0,0.0,0.1622150838375091
ni_tfnbs,"e=0.9,h=5.0,n=30,start_thres=1.25",hub,0.25,10,2,40,1730,0,0,40,1730,0.0,0.0,0.0,0.0,0.1622150838375091
ni_tfnbs,"e=0.9,h=6.0,n=30,start_thres=1.25",hub,0.25,10,2,40,1730,0,0,40,1730,0.0,0.0,0.0,0.0,0.1622150838375091
ni_tfnbs,"e=0.9,h=7.0,n=30,start_thres=1.25",hub,0.25,10,2,40,1730,0,0,40,1730,0.0,0.0,0.0,0.0,0.1622150838375091
ni_tfnbs,"e=0.9,h=8.0,n=30,start_thres=1.25",hub,0.25,10,2,40,1730,0,0,40,1730,0.0,0.0,0.0,0.0,0.1622150838375091
ni_tfnbs,"e=0.9,h=9.0,n=30,start_thres=1.25",hub,0.25,10,2,40,1730,0,0,40,1730,0.0,0.0,0.0,0.0,0.1622150838375091
ni_tfnbs,"e=0.9,h=10.0,n=30,start_thres=1.25",hub,0.25,10,2,40,1730,0,0,40,1730,0.0,0.0,0.0,0.0,0.1622150838375091
ni_tfnbs,"e=1.0,h=0.5,n=30,start_thres=1.25",hub,0.25,10,2,40,1730,0,0,40,1730,0.0,0.0,0.0,0.0,0.1622150838375091
ni_tfnbs,"e=1.0,h=1.0,n=30,start_thres=1.25",hub,0.25,10,2,40,1730,0,0,40,1730,0.0,0.0,0.0,0.0,0.1622150838375091
ni_tfnbs,"e=1.0,h=2.0,n=30,start_thres=1.25",hub,0.25,10,2,40,1730,0,0,40,1730,0.0,0.0,0.0,0.0,0.1622150838375091
ni_tfnbs,"e=1.0,h=3.0,n=30,start_thres=1.25",hub,0.25,10,2,40,1730,0,0,40,1730,0.0,0.0,0.0,0.0,0.1622150838375091
ni_tfnbs,"e=1.0,h=4.0,n=30,start_thres=1.25",hub,0.25,10,2,40,1730,0,0,40,1730,0.0,0.0,0.0,0.0,0.1622150838375091
ni_tfnbs,"e=1.0,h=5.0,n=30,start_thres=1.25",hub,0.25,10,2,40,1730,0,0,40,1730,0.0,0.0,0.0,0.0,0.1622150838375091
ni_tfnbs,"e=1.0,h=6.0,n=30,start_thres=1.25",hub,0.25,10,2,40,1730,0,0,40,1730,0.0,0.0,0.0,0.0,0.1622150838375091
ni_tfnbs,"e=1.0,h=7.0,n=30,start_thres=1.25",hub,0.25,10,2,40,1730,0,0,40,1730,0.0,0.0,0.0,0.0,0.1622150838375091
ni_tfnbs,"e=1.0,h=8.0,n=30,start_thres=1.25",hub,0.25,10,2,40,1730,0,0,40,1730,0.0,0.0,0.0,0.0,0.1622150838375091
ni_tfnbs,"e=1.0,h=9.0,n=30,start_thres=1.25",hub,0.25,10,2,40,1730,0,0,40,1730,0.0,0.0,0.0,0.0,0.1622150838375091
ni_tfnbs,"e=1.0,h=10.0,n=30,start_thres=1.25",hub,0.25,10,2,40,1730,0,0,40,1730,0.0,0.0,0.0,0.0,0.1622150838375091
ni_tfnbs,"e=1.1,h=0.5,n=30,start_thres=1.25",hub,0.25,10,2,40,1730,0,0,40,1730,0.0,0.0,0.0,0.0,0.1622150838375091
ni_tfnbs,"e=1.1,h=1.0,n=30,start_thres=1.25",hub,0.25,10,2,40,1730,0,0,40,1730,0.0,0.0,0.0,0.0,0.1622150838375091
ni_tfnbs,"e=1.1,h=2.0,n=30,start_thres=1.25",hub,0.25,10,2,40,1730,0,0,40,1730,0.0,0.0,0.0,0.0,0.1622150838375091
ni_tfnbs,"e=1.1,h=3.0,n=30,start_thres=1.25",hub,0.25,10,2,40,1730,0,0,40,1730,0.0,0.0,0.0,0.0,0.1622150838375091
ni_tfnbs,"e=1.1,h=4.0,n=30,start_thres=1.25",hub,0.25,10,2,40,1730,0,0,40,1730,0.0,0.0,0.0,0.0,0.1622150838375091
ni_tfnbs,"e=1.1,h=5.0,n=30,start_thres=1.25",hub,0.25,10,2,40,1730,0,0,40,1730,0.0,0.0,0.0,0.0,0.1622150838375091
ni_tfnbs,"e=1.1,h=6.0,n=30,start_thres=1.25",hub,0.25,10,2,40,1730,0,0,40,1730,0.0,0.0,0.0,0.0,0.1622150838375091
ni_tfnbs,"e=1.1,h=7.0,n=30,start_thres=1.25",hub,0.25,10,2,40,1730,0,0,40,1730,0.0,0.0,0.0,0.0,0.1622150838375091
ni_tfnbs,"e=1.1,h=8.0,n=30,start_thres=1.25",hub,0.25,10,2,40,1730,0,0,40,1730,0.0,0.0,0.0,0.0,0.1622150838375091
ni_tfnbs,"e=1.1,h=9.0,n=30,start_thres=1.25",hub,0.25,10,2,40,1730,0,0,40,1730,0.0,0.0,0.0,0.0,0.1622150838375091
ni_tfnbs,"e=1.1,h=10.0,n=30,start_thres=1.25",hub,0.25,10,2,40,1730,0,0,40,1730,0.0,0.0,0.0,0.0,0.1622150838375091
ni_tfnbs,"e=1.2,h=0.5,n=30,start_thres=1.25",hub,0.25,10,2,40,1730,0,0,40,1730,0.0,0.0,0.0,0.0,0.1622150838375091
ni_tfnbs,"e=1.2,h=1.0,n=30,start_thres=1.25",hub,0.25,10,2,40,1730,0,0,40,1730,0.0,0.0,0.0,0.0,0.1622150838375091
ni_tfnbs,"e=1.2,h=2.0,n=30,start_thres=1.25",hub,0.25,10,2,40,1730,0,0,40,1730,0.0,0.0,0.0,0.0,0.1622150838375091
ni_tfnbs,"e=1.2,h=3.0,n=30,start_thres=1.25",hub,0.25,10,2,40,1730,0,0,40,1730,0.0,0.0,0.0,0.0,0.1622150838375091
ni_tfnbs,"e=1.2,h=4.0,n=30,start_thres=1.25",hub,0.25,10,2,40,1730,0,0,40,1730,0.0,0.0,0.0,0.0,0.1622150838375091
ni_tfnbs,"e=1.2,h=5.0,n=30,start_thres=1.25",hub,0.25,10,2,40,1730,0,0,40,1730,0.0,0.0,0.0,0.0,0.1622150838375091
ni_tfnbs,"e=1.2,h=6.0,n=30,start_thres=1.25",hub,0.25,10,2,40,1730,0,0,40,1730,0.0,0.0,0.0,0.0,0.1622150838375091
ni_tfnbs,"e=1.2,h=7.0,n=30,start_thres=1.25",hub,0.25,10,2,40,1730,0,0,40,1730,0.0,0.0,0.0,0.0,0.1622150838375091
ni_tfnbs,"e=1.2,h=8.0,n=30,start_thres=1.25",hub,0.25,10,2,40,1730,0,0,40,1730,0.0,0.0,0.0,0.0,0.1622150838375091
ni_tfnbs,"e=1.2,h=9.0,n=30,start_thres=1.25",hub,0.25,10,2,40,1730,0,0,40,1730,0.0,0.0,0.0,0.0,0.1622150838375091
ni_tfnbs,"e=1.2,h=10.0,n=30,start_thres=1.25",hub,0.25,10,2,40,1730,0,0,40,1730,0.0,0.0,0.0,0.0,0.1622150838375091
ni_tfnbs,"e=1.3,h=0.5,n=30,start_thres=1.25",hub,0.25,10,2,40,1730,0,0,40,1730,0.0,0.0,0.0,0.0,0.1622150838375091
ni_tfnbs,"e=1.3,h=1.0,n=30,start_thres=1.25",hub,0.25,10,2,40,1730,0,0,40,1730,0.0,0.0,0.0,0.0,0.1622150838375091
ni_tfnbs,"e=1.3,h=2.0,n=30,start_thres=1.25",hub,0.25,10,2,40,1730,0,0,40,1730,0.0,0.0,0.0,0.0,0.1622150838375091
ni_tfnbs,"e=1.3,h=3.0,n=30,start_thres=1.25",hub,0.25,10,2,40,1730,0,0,40,1730,0.0,0.0,0.0,0.0,0.1622150838375091
ni_tfnbs,"e=1.3,h=4.0,n=30,start_thres=1.25",hub,0.25,10,2,40,1730,0,0,40,1730,0.0,0.0,0.0,0.0,0.1622150838375091
ni_tfnbs,"e=1.3,h=5.0,n=30,start_thres=1.25",hub,0.25,10,2,40,1730,0,0,40,1730,0.0,0.0,0.0,0.0,0.1622150838375091
ni_tfnbs,"e=1.3,h=6.0,n=30,start_thres=1.25",hub,0.25,10,2,40,1730,0,0,40,1730,0.0,0.0,0.0,0.0,0.1622150838375091
ni_tfnbs,"e=1.3,h=7.0,n=30,start_thres=1.25",hub,0.25,10,2,40,1730,0,0,40,1730,0.0,0.0,0.0,0.0,0.1622150838375091
ni_tfnbs,"e=1.3,h=8.0,n=30,start_thres=1.25",hub,0.25,10,2,40,1730,0,0,40,1730,0.0,0.0,0.0,0.0,0.1622150838375091
ni_tfnbs,"e=1.3,h=9.0,n=30,start_thres=1.25",hub,0.25,10,2,40,1730,0,0,40,1730,0.0,0.0,0.0,0.0,0.1622150838375091
ni_tfnbs,"e=1.3,h=10.0,n=30,start_thres=1.25",hub,0.25,10,2,40,1730,0,0,40,1730,0.0,0.0,0.0,0.0,0.1622150838375091
ni_tfnbs,"e=1.4,h=0.5,n=30,start_thres=1.25",hub,0.25,10,2,40,1730,0,0,40,1730,0.0,0.0,0.0,0.0,0.1622150838375091
ni_tfnbs,"e=1.4,h=1.0,n=30,start_thres=1.25",hub,0.25,10,2,40,1730,0,0,40,1730,0.0,0.0,0.0,0.0,0.1622150838375091
ni_tfnbs,"e=1.4,h=2.0,n=30,start_thres=1.25",hub,0.25,10,2,40,1730,0,0,40,1730,0.0,0.0,0.0,0.0,0.1622150838375091
ni_tfnbs,"e=1.4,h=3.0,n=30,start_thres=1.25",hub,0.25,10,2,40,1730,0,0,40,1730,0.0,0.0,0.0,0.0,0.1622150838375091
ni_tfnbs,"e=1.4,h=4.0,n=30,start_thres=1.25",hub,0.25,10,2,40,1730,0,0,40,1730,0.0,0.0,0.0,0.0,0.1622150838375091
ni_tfnbs,"e=1.4,h=5.0,n=30,start_thres=1.25",hub,0.25,10,2,40,1730,0,0,40,1730,0.0,0.0,0.0,0.0,0.1622150838375091
ni_tfnbs,"e=1.4,h=6.0,n=30,start_thres=1.25",hub,0.25,10,2,40,1730,0,0,40,1730,0.0,0.0,0.0,0.0,0.1622150838375091
ni_tfnbs,"e=1.4,h=7.0,n=30,start_thres=1.25",hub,0.25,10,2,40,1730,0,0,40,1730,0.0,0.0,0.0,0.0,0.1622150838375091
ni_tfnbs,"e=1.4,h=8.0,n=30,start_thres=1.25",hub,0.25,10,2,40,1730,0,0,40,1730,0.0,0.0,0.0,0.0,0.1622150838375091
ni_tfnbs,"e=1.4,h=9.0,n=30,start_thres=1.25",hub,0.25,10,2,40,1730,0,0,40,1730,0.0,0.0,0.0,0.0,0.1622150838375091
ni_tfnbs,"e=1.4,h=10.0,n=30,start_thres=1.25",hub,0.25,10,2,40,1730,0,0,40,1730,0.0,0.0,0.0,0.0,0.1622150838375091
ni_tfnbs,"e=1.5,h=0.5,n=30,start_thres=1.25",hub,0.25,10,2,40,1730,0,0,40,1730,0.0,0.0,0.0,0.0,0.1622150838375091
ni_tfnbs,"e=1.5,h=1.0,n=30,start_thres=1.25",hub,0.25,10,2,40,1730,0,0,40,1730,0.0,0.0,0.0,0.0,0.1622150838375091
ni_tfnbs,"e=1.5,h=2.0,n=30,start_thres=1.25",hub,0.25,10,2,40,1730,0,0,40,1730,0.0,0.0,0.0,0.0,0.1622150838375091
ni_tfnbs,"e=1.5,h=3.0,n=30,start_thres=1.25",hub,0.25,10,2,40,1730,0,0,40,1730,0.0,0.0,0.0,0.0,0.1622150838375091
ni_tfnbs,"e=1.5,h=4.0,n=30,start_thres=1.25",hub,0.25,10,2,40,1730,0,0,40,1730,0.0,0.0,0.0,0.0,0.1622150838375091
ni_tfnbs,"e=1.5,h=5.0,n=30,start_thres=1.25",hub,0.25,10,2,40,1730,0,0,40,1730,0.0,0.0,0.0,0.0,0.1622150838375091
ni_tfnbs,"e=1.5,h=6.0,n=30,start_thres=1.25",hub,0.25,10,2,40,1730,0,0,40,1730,0.0,0.0,0.0,0.0,0.1622150838375091
ni_tfnbs,"e=1.5,h=7.0,n=30,start_thres=1.25",hub,0.25,10,2,40,1730,0,0,40,1730,0.0,0.0,0.0,0.0,0.1622150838375091
ni_tfnbs,"e=1.5,h=8.0,n=30,start_thres=1.25",hub,0.25,10,2,40,1730,0,0,40,1730,0.0,0.0,0.0,0.0,0.1622150838375091
ni_tfnbs,"e=1.5,h=9.0,n=30,start_thres=1.25",hub,0.25,10,2,40,1730,0,0,40,1730,0.0,0.0,0.0,0.0,0.1622150838375091
ni_tfnbs,"e=1.5,h=10.0,n=30,start_thres=1.25",hub,0.25,10,2,40,1730,0,0,40,1730,0.0,0.0,0.0,0.0,0.1622150838375091
ni_tfnbs,"e=0.05,h=0.5,n=30,start_thres=1.25",hub,0.25,10,3,40,1730,0,0,40,1730,0.0,0.0,0.0,0.0,0.1639024412090128
ni_tfnbs,"e=0.05,h=1.0,n=30,start_thres=1.25",hub,0.25,10,3,40,1730,0,0,40,1730,0.0,0.0,0.0,0.0,0.1639024412090128
ni_tfnbs,"e=0.05,h=2.0,n=30,start_thres=1.25",hub,0.25,10,3,40,1730,0,0,40,1730,0.0,0.0,0.0,0.0,0.1639024412090128
ni_tfnbs,"e=0.05,h=3.0,n=30,start_thres=1.25",hub,0.25,10,3,40,1730,0,0,40,1730,0.0,0.0,0.0,0.0,0.1639024412090128
ni_tfnbs,"e=0.05,h=4.0,n=30,start_thres=1.25",hub,0.25,10,3,40,1730,0,0,40,1730,0.0,0.0,0.0,0.0,0.1639024412090128
ni_tfnbs,"e=0.05,h=5.0,n=30,start_thres=1.25",hub,0.25,10,3,40,1730,0,0,40,1730,0.0,0.0,0.0,0.0,0.1639024412090128
ni_tfnbs,"e=0.05,h=6.0,n=30,start_thres=1.25",hub,0.25,10,3,40,1730,0,0,40,1730,0.0,0.0,0.0,0.0,0.1639024412090128
ni_tfnbs,"e=0.05,h=7.0,n=30,start_thres=1.25",hub,0.25,10,3,40,1730,0,0,40,1730,0.0,0.0,0.0,0.0,0.1639024412090128
ni_tfnbs,"e=0.05,h=8.0,n=30,start_thres=1.25",hub,0.25,10,3,40,1730,0,0,40,1730,0.0,0.0,0.0,0.0,0.1639024412090128
ni_tfnbs,"e=0.05,h=9.0,n=30,start_thres=1.25",hub,0.25,10,3,40,1730,0,0,40,1730,0.0,0.0,0.0,0.0,0.1639024412090128
ni_tfnbs,"e=0.05,h=10.0,n=30,start_thres=1.25",hub,0.25,10,3,40,1730,0,0,40,1730,0.0,0.0,0.0,0.0,0.1639024412090128
ni_tfnbs,"e=0.1,h=0.5,n=30,start_thres=1.25",hub,0.25,10,3,40,1730,0,0,40,1730,0.0,0.0,0.0,0.0,0.1639024412090128
ni_tfnbs,"e=0.1,h=1.0,n=30,start_thres=1.25",hub,0.25,10,3,40,1730,0,0,40,1730,0.0,0.0,0.0,0.0,0.1639024412090128
ni_tfnbs,"e=0.1,h=2.0,n=30,start_thres=1.25",hub,0.25,10,3,40,1730,0,0,40,1730,0.0,0.0,0.0,0.0,0.1639024412090128
ni_tfnbs,"e=0.1,h=3.0,n=30,start_thres=1.25",hub,0.25,10,3,40,1730,0,0,40,1730,0.0,0.0,0.0,0.0,0.1639024412090128
ni_tfnbs,"e=0.1,h=4.0,n=30,start_thres=1.25",hub,0.25,10,3,40,1730,0,0,40,1730,0.0,0.0,0.0,0.0,0.1639024412090128
ni_tfnbs,"e=0.1,h=5.0,n=30,start_thres=1.25",hub,0.25,10,3,40,1730,0,0,40,1730,0.0,0.0,0.0,0.0,0.1639024412090128
ni_tfnbs,"e=0.1,h=6.0,n=30,start_thres=1.25",hub,0.25,10,3,40,1730,0,0,40,1730,0.0,0.0,0.0,0.0,0.1639024412090128
ni_tfnbs,"e=0.1,h=7.0,n=30,start_thres=1.25",hub,0.25,10,3,40,1730,0,0,40,1730,0.0,0.0,0.0,0.0,0.1639024412090128
ni_tfnbs,"e=0.1,h=8.0,n=30,start_thres=1.25",hub,0.25,10,3,40,1730,0,0,40,1730,0.0,0.0,0.0,0.0,0.1639024412090128
ni_tfnbs,"e=0.1,h=9.0,n=30,start_thres=1.25",hub,0.25,10,3,40,1730,0,0,40,1730,0.0,0.0,0.0,0.0,0.1639024412090128
ni_tfnbs,"e=0.1,h=10.0,n=30,start_thres=1.25",hub,0.25,10,3,40,1730,0,0,40,1730,0.0,0.0,0.0,0.0,0.1639024412090128
ni_tfnbs,"e=0.2,h=0.5,n=30,start_thres=1.25",hub,0.25,10,3,40,1730,0,0,40,1730,0.0,0.0,0.0,0.0,0.1639024412090128
ni_tfnbs,"e=0.2,h=1.0,n=30,start_thres=1.25",hub,0.25,10,3,40,1730,0,0,40,1730,0.0,0.0,0.0,0.0,0.1639024412090128
ni_tfnbs,"e=0.2,h=2.0,n=30,start_thres=1.25",hub,0.25,10,3,40,1730,0,0,40,1730,0.0,0.0,0.0,0.0,0.1639024412090128
ni_tfnbs,"e=0.2,h=3.0,n=30,start_thres=1.25",hub,0.25,10,3,40,1730,0,0,40,1730,0.0,0.0,0.0,0.0,0.1639024412090128
ni_tfnbs,"e=0.2,h=4.0,n=30,start_thres=1.25",hub,0.25,10,3,40,1730,0,0,40,1730,0.0,0.0,0.0,0.0,0.1639024412090128
ni_tfnbs,"e=0.2,h=5.0,n=30,start_thres=1.25",hub,0.25,10,3,40,1730,0,0,40,1730,0.0,0.0,0.0,0.0,0.1639024412090128
ni_tfnbs,"e=0.2,h=6.0,n=30,start_thres=1.25",hub,0.25,10,3,40,1730,0,0,40,1730,0.0,0.0,0.0,0.0,0.1639024412090128
ni_tfnbs,"e=0.2,h=7.0,n=30,start_thres=1.25",hub,0.25,10,3,40,1730,0,0,40,1730,0.0,0.0,0.0,0.0,0.1639024412090128
ni_tfnbs,"e=0.2,h=8.0,n=30,start_thres=1.25",hub,0.25,10,3,40,1730,0,0,40,1730,0.0,0.0,0.0,0.0,0.1639024412090128
ni_tfnbs,"e=0.2,h=9.0,n=30,start_thres=1.25",hub,0.25,10,3,40,1730,0,0,40,1730,0.0,0.0,0.0,0.0,0.1639024412090128
ni_tfnbs,"e=0.2,h=10.0,n=30,start_thres=1.25",hub,0.25,10,3,40,1730,0,0,40,1730,0.0,0.0,0.0,0.0,0.1639024412090128
ni_tfnbs,"e=0.3,h=0.5,n=30,start_thres=1.25",hub,0.25,10,3,40,1730,0,0,40,1730,0.0,0.0,0.0,0.0,0.1639024412090128
ni_tfnbs,"e=0.3,h=1.0,n=30,start_thres=1.25",hub,0.25,10,3,40,1730,0,0,40,1730,0.0,0.0,0.0,0.0,0.1639024412090128
ni_tfnbs,"e=0.3,h=2.0,n=30,start_thres=1.25",hub,0.25,10,3,40,1730,0,0,40,1730,0.0,0.0,0.0,0.0,0.1639024412090128
ni_tfnbs,"e=0.3,h=3.0,n=30,start_thres=1.25",hub,0.25,10,3,40,1730,0,0,40,1730,0.0,0.0,0.0,0.0,0.1639024412090128
ni_tfnbs,"e=0.3,h=4.0,n=30,start_thres=1.25",hub,0.25,10,3,40,1730,0,0,40,1730,0.0,0.0,0.0,0.0,0.1639024412090128
ni_tfnbs,"e=0.3,h=5.0,n=30,start_thres=1.25",hub,0.25,10,3,40,1730,0,0,40,1730,0.0,0.0,0.0,0.0,0.1639024412090128
ni_tfnbs,"e=0.3,h=6.0,n=30,start_thres=1.25",hub,0.25,10,3,40,1730,0,0,40,1730,0.0,0.0,0.0,0.0,0.1639024412090128
ni_tfnbs,"e=0.3,h=7.0,n=30,start_thres=1.25",hub,0.25,10,3,40,1730,0,0,40,1730,0.0,0.0,0.0,0.0,0.1639024412090128
ni_tfnbs,"e=0.3,h=8.0,n=30,start_thres=1.25",hub,0.25,10,3,40,1730,0,0,40,1730,0.0,0.0,0.0,0.0,0.1639024412090128
ni_tfnbs,"e=0.3,h=9.0,n=30,start_thres=1.25",hub,0.25,10,3,40,1730,0,0,40,1730,0.0,0.0,0.0,0.0,0.1639024412090128
ni_tfnbs,"e=0.3,h=10.0,n=30,start_thres=1.25",hub,0.25,10,3,40,1730,0,0,40,1730,0.0,0.0,0.0,0.0,0.1639024412090128
ni_tfnbs,"e=0.4,h=0.5,n=30,start_thres=1.25",hub,0.25,10,3,40,1730,0,0,40,1730,0.0,0.0,0.0,0.0,0.1639024412090128
ni_tfnbs,"e=0.4,h=1.0,n=30,start_thres=1.25",hub,0.25,10,3,40,1730,0,0,40,1730,0.0,0.0,0.0,0.0,0.1639024412090128
ni_tfnbs,"e=0.4,h=2.0,n=30,start_thres=1.25",hub,0.25,10,3,40,1730,0,0,40,1730,0.0,0.0,0.0,0.0,0.1639024412090128
ni_tfnbs,"e=0.4,h=3.0,n=30,start_thres=1.25",hub,0.25,10,3,40,1730,0,0,40,1730,0.0,0.0,0.0,0.0,0.1639024412090128
ni_tfnbs,"e=0.4,h=4.0,n=30,start_thres=1.25",hub,0.25,10,3,40,1730,0,0,40,1730,0.0,0.0,0.0,0.0,0.1639024412090128
ni_tfnbs,"e=0.4,h=5.0,n=30,start_thres=1.25",hub,0.25,10,3,40,1730,0,0,40,1730,0.0,0.0,0.0,0.0,0.1639024412090128
ni_tfnbs,"e=0.4,h=6.0,n=30,start_thres=1.25",hub,0.25,10,3,40,1730,0,0,40,1730,0.0,0.0,0.0,0.0,0.1639024412090128
ni_tfnbs,"e=0.4,h=7.0,n=30,start_thres=1.25",hub,0.25,10,3,40,1730,0,0,40,1730,0.0,0.0,0.0,0.0,0.1639024412090128
ni_tfnbs,"e=0.4,h=8.0,n=30,start_thres=1.25",hub,0.25,10,3,40,1730,0,0,40,1730,0.0,0.0,0.0,0.0,0.1639024412090128
ni_tfnbs,"e=0.4,h=9.0,n=30,start_thres=1.25",hub,0.25,10,3,40,1730,0,0,40,1730,0.0,0.0,0.0,0.0,0.1639024412090128
ni_tfnbs,"e=0.4,h=10.0,n=30,start_thres=1.25",hub,0.25,10,3,40,1730,0,0,40,1730,0.0,0.0,0.0,0.0,0.1639024412090128
ni_tfnbs,"e=0.5,h=0.5,n=30,start_thres=1.25",hub,0.25,10,3,40,1730,0,1,40,1729,0.0,0.0005780346820809,0.0,1.0,0.1639024412090128
ni_tfnbs,"e=0.5,h=1.0,n=30,start_thres=1.25",hub,0.25,10,3,40,1730,0,1,40,1729,0.0,0.0005780346820809,0.0,1.0,0.1639024412090128
ni_tfnbs,"e=0.5,h=2.0,n=30,start_thres=1.25",hub,0.25,10,3,40,1730,0,0,40,1730,0.0,0.0,0.0,0.0,0.1639024412090128
ni_tfnbs,"e=0.5,h=3.0,n=30,start_thres=1.25",hub,0.25,10,3,40,1730,0,0,40,1730,0.0,0.0,0.0,0.0,0.1639024412090128
ni_tfnbs,"e=0.5,h=4.0,n=30,start_thres=1.25",hub,0.25,10,3,40,1730,0,0,40,1730,0.0,0.0,0.0,0.0,0.1639024412090128
ni_tfnbs,"e=0.5,h=5.0,n=30,start_thres=1.25",hub,0.25,10,3,40,1730,0,0,40,1730,0.0,0.0,0.0,0.0,0.1639024412090128
ni_tfnbs,"e=0.5,h=6.0,n=30,start_thres=1.25",hub,0.25,10,3,40,1730,0,0,40,1730,0.0,0.0,0.0,0.0,0.1639024412090128
ni_tfnbs,"e=0.5,h=7.0,n=30,start_thres=1.25",hub,0.25,10,3,40,1730,0,0,40,1730,0.0,0.0,0.0,0.0,0.1639024412090128
ni_tfnbs,"e=0.5,h=8.0,n=30,start_thres=1.25",hub,0.25,10,3,40,1730,0,0,40,1730,0.0,0.0,0.0,0.0,0.1639024412090128
ni_tfnbs,"e=0.5,h=9.0,n=30,start_thres=1.25",hub,0.25,10,3,40,1730,0,0,40,1730,0.0,0.0,0.0,0.0,0.1639024412090128
ni_tfnbs,"e=0.5,h=10.0,n=30,start_thres=1.25",hub,0.25,10,3,40,1730,0,0,40,1730,0.0,0.0,0.0,0.0,0.1639024412090128
ni_tfnbs,"e=0.6,h=0.5,n=30,start_thres=1.25",hub,0.25,10,3,40,1730,0,2,40,1728,0.0,0.0011560693641618,0.0,1.0,0.1639024412090128
ni_tfnbs,"e=0.6,h=1.0,n=30,start_thres=1.25",hub,0.25,10,3,40,1730,0,1,40,1729,0.0,0.0005780346820809,0.0,1.0,0.1639024412090128
ni_tfnbs,"e=0.6,h=2.0,n=30,start_thres=1.25",hub,0.25,10,3,40,1730,0,0,40,1730,0.0,0.0,0.0,0.0,0.1639024412090128
ni_tfnbs,"e=0.6,h=3.0,n=30,start_thres=1.25",hub,0.25,10,3,40,1730,0,0,40,1730,0.0,0.0,0.0,0.0,0.1639024412090128
ni_tfnbs,"e=0.6,h=4.0,n=30,start_thres=1.25",hub,0.25,10,3,40,1730,0,0,40,1730,0.0,0.0,0.0,0.0,0.1639024412090128
ni_tfnbs,"e=0.6,h=5.0,n=30,start_thres=1.25",hub,0.25,10,3,40,1730,0,0,40,1730,0.0,0.0,0.0,0.0,0.1639024412090128
ni_tfnbs,"e=0.6,h=6.0,n=30,start_thres=1.25",hub,0.25,10,3,40,1730,0,0,40,1730,0.0,0.0,0.0,0.0,0.1639024412090128
ni_tfnbs,"e=0.6,h=7.0,n=30,start_thres=1.25",hub,0.25,10,3,40,1730,0,0,40,1730,0.0,0.0,0.0,0.0,0.1639024412090128
ni_tfnbs,"e=0.6,h=8.0,n=30,start_thres=1.25",hub,0.25,10,3,40,1730,0,0,40,1730,0.0,0.0,0.0,0.0,0.1639024412090128
ni_tfnbs,"e=0.6,h=9.0,n=30,start_thres=1.25",hub,0.25,10,3,40,1730,0,0,40,1730,0.0,0.0,0.0,0.0,0.1639024412090128
ni_tfnbs,"e=0.6,h=10.0,n=30,start_thres=1.25",hub,0.25,10,3,40,1730,0,0,40,1730,0.0,0.0,0.0,0.0,0.1639024412090128
ni_tfnbs,"e=0.7,h=0.5,n=30,start_thres=1.25",hub,0.25,10,3,40,1730,0,3,40,1727,0.0,0.0017341040462427,0.0,1.0,0.1639024412090128
ni_tfnbs,"e=0.7,h=1.0,n=30,start_thres=1.25",hub,0.25,10,3,40,1730,0,2,40,1728,0.0,0.0011560693641618,0.0,1.0,0.1639024412090128
ni_tfnbs,"e=0.7,h=2.0,n=30,start_thres=1.25",hub,0.25,10,3,40,1730,0,1,40,1729,0.0,0.0005780346820809,0.0,1.0,0.1639024412090128
ni_tfnbs,"e=0.7,h=3.0,n=30,start_thres=1.25",hub,0.25,10,3,40,1730,0,0,40,1730,0.0,0.0,0.0,0.0,0.1639024412090128
ni_tfnbs,"e=0.7,h=4.0,n=30,start_thres=1.25",hub,0.25,10,3,40,1730,0,0,40,1730,0.0,0.0,0.0,0.0,0.1639024412090128
ni_tfnbs,"e=0.7,h=5.0,n=30,start_thres=1.25",hub,0.25,10,3,40,1730,0,0,40,1730,0.0,0.0,0.0,0.0,0.1639024412090128
ni_tfnbs,"e=0.7,h=6.0,n=30,start_thres=1.25",hub,0.25,10,3,40,1730,0,0,40,1730,0.0,0.0,0.0,0.0,0.1639024412090128
ni_tfnbs,"e=0.7,h=7.0,n=30,start_thres=1.25",hub,0.25,10,3,40,1730,0,0,40,1730,0.0,0.0,0.0,0.0,0.1639024412090128
ni_tfnbs,"e=0.7,h=8.0,n=30,start_thres=1.25",hub,0.25,10,3,40,1730,0,0,40,1730,0.0,0.0,0.0,0.0,0.1639024412090128
ni_tfnbs,"e=0.7,h=9.0,n=30,start_thres=1.25",hub,0.25,10,3,40,1730,0,0,40,1730,0.0,0.0,0.0,0.0,0.1639024412090128
ni_tfnbs,"e=0.7,h=10.0,n=30,start_thres=1.25",hub,0.25,10,3,40,1730,0,0,40,1730,0.0,0.0,0.0,0.0,0.1639024412090128
ni_tfnbs,"e=0.8,h=0.5,n=30,start_thres=1.25",hub,0.25,10,3,40,1730,0,3,40,1727,0.0,0.0017341040462427,0.0,1.0,0.1639024412090128
ni_tfnbs,"e=0.8,h=1.0,n=30,start_thres=1.25",hub,0.25,10,3,40,1730,0,3,40,1727,0.0,0.0017341040462427,0.0,1.0,0.1639024412090128
ni_tfnbs,"e=0.8,h=2.0,n=30,start_thres=1.25",hub,0.25,10,3,40,1730,0,1,40,1729,0.0,0.0005780346820809,0.0,1.0,0.1639024412090128
ni_tfnbs,"e=0.8,h=3.0,n=30,start_thres=1.25",hub,0.25,10,3,40,1730,0,0,40,1730,0.0,0.0,0.0,0.0,0.1639024412090128
ni_tfnbs,"e=0.8,h=4.0,n=30,start_thres=1.25",hub,0.25,10,3,40,1730,0,0,40,1730,0.0,0.0,0.0,0.0,0.1639024412090128
ni_tfnbs,"e=0.8,h=5.0,n=30,start_thres=1.25",hub,0.25,10,3,40,1730,0,0,40,1730,0.0,0.0,0.0,0.0,0.1639024412090128
ni_tfnbs,"e=0.8,h=6.0,n=30,start_thres=1.25",hub,0.25,10,3,40,1730,0,0,40,1730,0.0,0.0,0.0,0.0,0.1639024412090128
ni_tfnbs,"e=0.8,h=7.0,n=30,start_thres=1.25",hub,0.25,10,3,40,1730,0,0,40,1730,0.0,0.0,0.0,0.0,0.1639024412090128
ni_tfnbs,"e=0.8,h=8.0,n=30,start_thres=1.25",hub,0.25,10,3,40,1730,0,0,40,1730,0.0,0.0,0.0,0.0,0.1639024412090128
ni_tfnbs,"e=0.8,h=9.0,n=30,start_thres=1.25",hub,0.25,10,3,40,1730,0,0,40,1730,0.0,0.0,0.0,0.0,0.1639024412090128
ni_tfnbs,"e=0.8,h=10.0,n=30,start_thres=1.25",hub,0.25,10,3,40,1730,0,0,40,1730,0.0,0.0,0.0,0.0,0.1639024412090128
ni_tfnbs,"e=0.9,h=0.5,n=30,start_thres=1.25",hub,0.25,10,3,40,1730,1,3,39,1727,0.025,0.0017341040462427,0.25,0.75,0.1639024412090128
ni_tfnbs,"e=0.9,h=1.0,n=30,start_thres=1.25",hub,0.25,10,3,40,1730,0,3,40,1727,0.0,0.0017341040462427,0.0,1.0,0.1639024412090128
ni_tfnbs,"e=0.9,h=2.0,n=30,start_thres=1.25",hub,0.25,10,3,40,1730,0,2,40,1728,0.0,0.0011560693641618,0.0,1.0,0.1639024412090128
ni_tfnbs,"e=0.9,h=3.0,n=30,start_thres=1.25",hub,0.25,10,3,40,1730,0,0,40,1730,0.0,0.0,0.0,0.0,0.1639024412090128
ni_tfnbs,"e=0.9,h=4.0,n=30,start_thres=1.25",hub,0.25,10,3,40,1730,0,0,40,1730,0.0,0.0,0.0,0.0,0.1639024412090128
ni_tfnbs,"e=0.9,h=5.0,n=30,start_thres=1.25",hub,0.25,10,3,40,1730,0,0,40,1730,0.0,0.0,0.0,0.0,0.1639024412090128
ni_tfnbs,"e=0.9,h=6.0,n=30,start_thres=1.25",hub,0.25,10,3,40,1730,0,0,40,1730,0.0,0.0,0.0,0.0,0.1639024412090128
ni_tfnbs,"e=0.9,h=7.0,n=30,start_thres=1.25",hub,0.25,10,3,40,1730,0,0,40,1730,0.0,0.0,0.0,0.0,0.1639024412090128
ni_tfnbs,"e=0.9,h=8.0,n=30,start_thres=1.25",hub,0.25,10,3,40,1730,0,0,40,1730,0.0,0.0,0.0,0.0,0.1639024412090128
ni_tfnbs,"e=0.9,h=9.0,n=30,start_thres=1.25",hub,0.25,10,3,40,1730,0,0,40,1730,0.0,0.0,0.0,0.0,0.1639024412090128
ni_tfnbs,"e=0.9,h=10.0,n=30,start_thres=1.25",hub,0.25,10,3,40,1730,0,0,40,1730,0.0,0.0,0.0,0.0,0.1639024412090128
ni_tfnbs,"e=1.0,h=0.5,n=30,start_thres=1.25",hub,0.25,10,3,40,1730,1,3,39,1727,0.025,0.0017341040462427,0.25,0.75,0.1639024412090128
ni_tfnbs,"e=1.0,h=1.0,n=30,start_thres=1.25",hub,0.25,10,3,40,1730,1,3,39,1727,0.025,0.0017341040462427,0.25,0.75,0.1639024412090128
ni_tfnbs,"e=1.0,h=2.0,n=30,start_thres=1.25",hub,0.25,10,3,40,1730,0,3,40,1727,0.0,0.0017341040462427,0.0,1.0,0.1639024412090128
ni_tfnbs,"e=1.0,h=3.0,n=30,start_thres=1.25",hub,0.25,10,3,40,1730,0,1,40,1729,0.0,0.0005780346820809,0.0,1.0,0.1639024412090128
ni_tfnbs,"e=1.0,h=4.0,n=30,start_thres=1.25",hub,0.25,10,3,40,1730,0,0,40,1730,0.0,0.0,0.0,0.0,0.1639024412090128
ni_tfnbs,"e=1.0,h=5.0,n=30,start_thres=1.25",hub,0.25,10,3,40,1730,0,0,40,1730,0.0,0.0,0.0,0.0,0.1639024412090128
ni_tfnbs,"e=1.0,h=6.0,n=30,start_thres=1.25",hub,0.25,10,3,40,1730,0,0,40,1730,0.0,0.0,0.0,0.0,0.1639024412090128
ni_tfnbs,"e=1.0,h=7.0,n=30,start_thres=1.25",hub,0.25,10,3,40,1730,0,0,40,1730,0.0,0.0,0.0,0.0,0.1639024412090128
ni_tfnbs,"e=1.0,h=8.0,n=30,start_thres=1.25",hub,0.25,10,3,40,1730,0,0,40,1730,0.0,0.0,0.0,0.0,0.1639024412090128
ni_tfnbs,"e=1.0,h=9.0,n=30,start_thres=1.25",hub,0.25,10,3,40,1730,0,0,40,1730,0.0,0.0,0.0,0.0,0.1639024412090128
ni_tfnbs,"e=1.0,h=10.0,n=30,start_thres=1.25",hub,0.25,10,3,40,1730,0,0,40,1730,0.0,0.0,0.0,0.0,0.1639024412090128
ni_tfnbs,"e=1.1,h=0.5,n=30,start_thres=1.25",hub,0.25,10,3,40,1730,1,3,39,1727,0.025,0.0017341040462427,0.25,0.75,0.1639024412090128
ni_tfnbs,"e=1.1,h=1.0,n=30,start_thres=1.25",hub,0.25,10,3,40,1730,1,3,39,1727,0.025,0.0017341040462427,0.25,0.75,0.1639024412090128
ni_tfnbs,"e=1.1,h=2.0,n=30,start_thres=1.25",hub,0.25,10,3,40,1730,0,3,40,1727,0.0,0.0017341040462427,0.0,1.0,0.1639024412090128
ni_tfnbs,"e=1.1,h=3.0,n=30,start_thres=1.25",hub,0.25,10,3,40,1730,0,2,40,1728,0.0,0.0011560693641618,0.0,1.0,0.1639024412090128
ni_tfnbs,"e=1.1,h=4.0,n=30,start_thres=1.25",hub,0.25,10,3,40,1730,0,0,40,1730,0.0,0.0,0.0,0.0,0.1639024412090128
ni_tfnbs,"e=1.1,h=5.0,n=30,start_thres=1.25",hub,0.25,10,3,40,1730,0,0,40,1730,0.0,0.0,0.0,0.0,0.1639024412090128
ni_tfnbs,"e=1.1,h=6.0,n=30,start_thres=1.25",hub,0.25,10,3,40,1730,0,0,40,1730,0.0,0.0,0.0,0.0,0.1639024412090128
ni_tfnbs,"e=1.1,h=7.0,n=30,start_thres=1.25",hub,0.25,10,3,40,1730,0,0,40,1730,0.0,0.0,0.0,0.0,0.1639024412090128
ni_tfnbs,"e=1.1,h=8.0,n=30,start_thres=1.25",hub,0.25,10,3,40,1730,0,0,40,1730,0.0,0.0,0.0,0.0,0.1639024412090128
ni_tfnbs,"e=1.1,h=9.0,n=30,start_thres=1.25",hub,0.25,10,3,40,1730,0,0,40,1730,0.0,0.0,0.0,0.0,0.1639024412090128
ni_tfnbs,"e=1.1,h=10.0,n=30,start_thres=1.25",hub,0.25,10,3,40,1730,0,0,40,1730,0.0,0.0,0.0,0.0,0.1639024412090128
ni_tfnbs,"e=1.2,h=0.5,n=30,start_thres=1.25",hub,0.25,10,3,40,1730,1,3,39,1727,0.025,0.0017341040462427,0.25,0.75,0.1639024412090128
ni_tfnbs,"e=1.2,h=1.0,n=30,start_thres=1.25",hub,0.25,10,3,40,1730,1,3,39,1727,0.025,0.0017341040462427,0.25,0.75,0.1639024412090128
ni_tfnbs,"e=1.2,h=2.0,n=30,start_thres=1.25",hub,0.25,10,3,40,1730,1,3,39,1727,0.025,0.0017341040462427,0.25,0.75,0.1639024412090128
ni_tfnbs,"e=1.2,h=3.0,n=30,start_thres=1.25",hub,0.25,10,3,40,1730,0,3,40,1727,0.0,0.0017341040462427,0.0,1.0,0.1639024412090128
ni_tfnbs,"e=1.2,h=4.0,n=30,start_thres=1.25",hub,0.25,10,3,40,1730,0,1,40,1729,0.0,0.0005780346820809,0.0,1.0,0.1639024412090128
ni_tfnbs,"e=1.2,h=5.0,n=30,start_thres=1.25",hub,0.25,10,3,40,1730,0,0,40,1730,0.0,0.0,0.0,0.0,0.1639024412090128
ni_tfnbs,"e=1.2,h=6.0,n=30,start_thres=1.25",hub,0.25,10,3,40,1730,0,0,40,1730,0.0,0.0,0.0,0.0,0.1639024412090128
ni_tfnbs,"e=1.2,h=7.0,n=30,start_thres=1.25",hub,0.25,10,3,40,1730,0,0,40,1730,0.0,0.0,0.0,0.0,0.1639024412090128
ni_tfnbs,"e=1.2,h=8.0,n=30,start_thres=1.25",hub,0.25,10,3,40,1730,0,0,40,1730,0.0,0.0,0.0,0.0,0.1639024412090128
ni_tfnbs,"e=1.2,h=9.0,n=30,start_thres=1.25",hub,0.25,10,3,40,1730,0,0,40,1730,0.0,0.0,0.0,0.0,0.1639024412090128
ni_tfnbs,"e=1.2,h=10.0,n=30,start_thres=1.25",hub,0.25,10,3,40,1730,0,0,40,1730,0.0,0.0,0.0,0.0,0.1639024412090128
ni_tfnbs,"e=1.3,h=0.5,n=30,start_thres=1.25",hub,0.25,10,3,40,1730,1,3,39,1727,0.025,0.0017341040462427,0.25,0.75,0.1639024412090128
ni_tfnbs,"e=1.3,h=1.0,n=30,start_thres=1.25",hub,0.25,10,3,40,1730,1,3,39,1727,0.025,0.0017341040462427,0.25,0.75,0.1639024412090128
ni_tfnbs,"e=1.3,h=2.0,n=30,start_thres=1.25",hub,0.25,10,3,40,1730,1,3,39,1727,0.025,0.0017341040462427,0.25,0.75,0.1639024412090128
ni_tfnbs,"e=1.3,h=3.0,n=30,start_thres=1.25",hub,0.25,10,3,40,1730,0,3,40,1727,0.0,0.0017341040462427,0.0,1.0,0.1639024412090128
ni_tfnbs,"e=1.3,h=4.0,n=30,start_thres=1.25",hub,0.25,10,3,40,1730,0,1,40,1729,0.0,0.0005780346820809,0.0,1.0,0.1639024412090128
ni_tfnbs,"e=1.3,h=5.0,n=30,start_thres=1.25",hub,0.25,10,3,40,1730,0,0,40,1730,0.0,0.0,0.0,0.0,0.1639024412090128
ni_tfnbs,"e=1.3,h=6.0,n=30,start_thres=1.25",hub,0.25,10,3,40,1730,0,0,40,1730,0.0,0.0,0.0,0.0,0.1639024412090128
ni_tfnbs,"e=1.3,h=7.0,n=30,start_thres=1.25",hub,0.25,10,3,40,1730,0,0,40,1730,0.0,0.0,0.0,0.0,0.1639024412090128
ni_tfnbs,"e=1.3,h=8.0,n=30,start_thres=1.25",hub,0.25,10,3,40,1730,0,0,40,1730,0.0,0.0,0.0,0.0,0.1639024412090128
ni_tfnbs,"e=1.3,h=9.0,n=30,start_thres=1.25",hub,0.25,10,3,40,1730,0,0,40,1730,0.0,0.0,0.0,0.0,0.1639024412090128
ni_tfnbs,"e=1.3,h=10.0,n=30,start_thres=1.25",hub,0.25,10,3,40,1730,0,0,40,1730,0.0,0.0,0.0,0.0,0.1639024412090128
ni_tfnbs,"e=1.4,h=0.5,n=30,start_thres=1.25",hub,0.25,10,3,40,1730,0,3,40,1727,0.0,0.0017341040462427,0.0,1.0,0.1639024412090128
ni_tfnbs,"e=1.4,h=1.0,n=30,start_thres=1.25",hub,0.25,10,3,40,1730,1,3,39,1727,0.025,0.0017341040462427,0.25,0.75,0.1639024412090128
ni_tfnbs,"e=1.4,h=2.0,n=30,start_thres=1.25",hub,0.25,10,3,40,1730,1,3,39,1727,0.025,0.0017341040462427,0.25,0.75,0.1639024412090128
ni_tfnbs,"e=1.4,h=3.0,n=30,start_thres=1.25",hub,0.25,10,3,40,1730,0,3,40,1727,0.0,0.0017341040462427,0.0,1.0,0.1639024412090128
ni_tfnbs,"e=1.4,h=4.0,n=30,start_thres=1.25",hub,0.25,10,3,40,1730,0,2,40,1728,0.0,0.0011560693641618,0.0,1.0,0.1639024412090128
ni_tfnbs,"e=1.4,h=5.0,n=30,start_thres=1.25",hub,0.25,10,3,40,1730,0,0,40,1730,0.0,0.0,0.0,0.0,0.1639024412090128
ni_tfnbs,"e=1.4,h=6.0,n=30,start_thres=1.25",hub,0.25,10,3,40,1730,0,0,40,1730,0.0,0.0,0.0,0.0,0.1639024412090128
ni_tfnbs,"e=1.4,h=7.0,n=30,start_thres=1.25",hub,0.25,10,3,40,1730,0,0,40,1730,0.0,0.0,0.0,0.0,0.1639024412090128
ni_tfnbs,"e=1.4,h=8.0,n=30,start_thres=1.25",hub,0.25,10,3,40,1730,0,0,40,1730,0.0,0.0,0.0,0.0,0.1639024412090128
ni_tfnbs,"e=1.4,h=9.0,n=30,start_thres=1.25",hub,0.25,10,3,40,1730,0,0,40,1730,0.0,0.0,0.0,0.0,0.1639024412090128
ni_tfnbs,"e=1.4,h=10.0,n=30,start_thres=1.25",hub,0.25,10,3,40,1730,0,0,40,1730,0.0,0.0,0.0,0.0,0.1639024412090128
ni_tfnbs,"e=1.5,h=0.5,n=30,start_thres=1.25",hub,0.25,10,3,40,1730,0,2,40,1728,0.0,0.0011560693641618,0.0,1.0,0.1639024412090128
ni_tfnbs,"e=1.5,h=1.0,n=30,start_thres=1.25",hub,0.25,10,3,40,1730,1,3,39,1727,0.025,0.0017341040462427,0.25,0.75,0.1639024412090128
ni_tfnbs,"e=1.5,h=2.0,n=30,start_thres=1.25",hub,0.25,10,3,40,1730,1,3,39,1727,0.025,0.0017341040462427,0.25,0.75,0.1639024412090128
ni_tfnbs,"e=1.5,h=3.0,n=30,start_thres=1.25",hub,0.25,10,3,40,1730,1,3,39,1727,0.025,0.0017341040462427,0.25,0.75,0.1639024412090128
ni_tfnbs,"e=1.5,h=4.0,n=30,start_thres=1.25",hub,0.25,10,3,40,1730,0,3,40,1727,0.0,0.0017341040462427,0.0,1.0,0.1639024412090128
ni_tfnbs,"e=1.5,h=5.0,n=30,start_thres=1.25",hub,0.25,10,3,40,1730,0,1,40,1729,0.0,0.0005780346820809,0.0,1.0,0.1639024412090128
ni_tfnbs,"e=1.5,h=6.0,n=30,start_thres=1.25",hub,0.25,10,3,40,1730,0,0,40,1730,0.0,0.0,0.0,0.0,0.1639024412090128
ni_tfnbs,"e=1.5,h=7.0,n=30,start_thres=1.25",hub,0.25,10,3,40,1730,0,0,40,1730,0.0,0.0,0.0,0.0,0.1639024412090128
ni_tfnbs,"e=1.5,h=8.0,n=30,start_thres=1.25",hub,0.25,10,3,40,1730,0,0,40,1730,0.0,0.0,0.0,0.0,0.1639024412090128
ni_tfnbs,"e=1.5,h=9.0,n=30,start_thres=1.25",hub,0.25,10,3,40,1730,0,0,40,1730,0.0,0.0,0.0,0.0,0.1639024412090128
ni_tfnbs,"e=1.5,h=10.0,n=30,start_thres=1.25",hub,0.25,10,3,40,1730,0,0,40,1730,0.0,0.0,0.0,0.0,0.1639024412090128
ni_tfnbs,"e=0.05,h=0.5,n=30,start_thres=1.25",hub,0.25,10,4,40,1730,0,0,40,1730,0.0,0.0,0.0,0.0,0.1629305319352583
ni_tfnbs,"e=0.05,h=1.0,n=30,start_thres=1.25",hub,0.25,10,4,40,1730,0,0,40,1730,0.0,0.0,0.0,0.0,0.1629305319352583
ni_tfnbs,"e=0.05,h=2.0,n=30,start_thres=1.25",hub,0.25,10,4,40,1730,0,0,40,1730,0.0,0.0,0.0,0.0,0.1629305319352583
ni_tfnbs,"e=0.05,h=3.0,n=30,start_thres=1.25",hub,0.25,10,4,40,1730,0,0,40,1730,0.0,0.0,0.0,0.0,0.1629305319352583
ni_tfnbs,"e=0.05,h=4.0,n=30,start_thres=1.25",hub,0.25,10,4,40,1730,0,0,40,1730,0.0,0.0,0.0,0.0,0.1629305319352583
ni_tfnbs,"e=0.05,h=5.0,n=30,start_thres=1.25",hub,0.25,10,4,40,1730,0,0,40,1730,0.0,0.0,0.0,0.0,0.1629305319352583
ni_tfnbs,"e=0.05,h=6.0,n=30,start_thres=1.25",hub,0.25,10,4,40,1730,0,0,40,1730,0.0,0.0,0.0,0.0,0.1629305319352583
ni_tfnbs,"e=0.05,h=7.0,n=30,start_thres=1.25",hub,0.25,10,4,40,1730,0,0,40,1730,0.0,0.0,0.0,0.0,0.1629305319352583
ni_tfnbs,"e=0.05,h=8.0,n=30,start_thres=1.25",hub,0.25,10,4,40,1730,0,0,40,1730,0.0,0.0,0.0,0.0,0.1629305319352583
ni_tfnbs,"e=0.05,h=9.0,n=30,start_thres=1.25",hub,0.25,10,4,40,1730,0,0,40,1730,0.0,0.0,0.0,0.0,0.1629305319352583
ni_tfnbs,"e=0.05,h=10.0,n=30,start_thres=1.25",hub,0.25,10,4,40,1730,0,0,40,1730,0.0,0.0,0.0,0.0,0.1629305319352583
ni_tfnbs,"e=0.1,h=0.5,n=30,start_thres=1.25",hub,0.25,10,4,40,1730,0,0,40,1730,0.0,0.0,0.0,0.0,0.1629305319352583
ni_tfnbs,"e=0.1,h=1.0,n=30,start_thres=1.25",hub,0.25,10,4,40,1730,0,0,40,1730,0.0,0.0,0.0,0.0,0.1629305319352583
ni_tfnbs,"e=0.1,h=2.0,n=30,start_thres=1.25",hub,0.25,10,4,40,1730,0,0,40,1730,0.0,0.0,0.0,0.0,0.1629305319352583
ni_tfnbs,"e=0.1,h=3.0,n=30,start_thres=1.25",hub,0.25,10,4,40,1730,0,0,40,1730,0.0,0.0,0.0,0.0,0.1629305319352583
ni_tfnbs,"e=0.1,h=4.0,n=30,start_thres=1.25",hub,0.25,10,4,40,1730,0,0,40,1730,0.0,0.0,0.0,0.0,0.1629305319352583
ni_tfnbs,"e=0.1,h=5.0,n=30,start_thres=1.25",hub,0.25,10,4,40,1730,0,0,40,1730,0.0,0.0,0.0,0.0,0.1629305319352583
ni_tfnbs,"e=0.1,h=6.0,n=30,start_thres=1.25",hub,0.25,10,4,40,1730,0,0,40,1730,0.0,0.0,0.0,0.0,0.1629305319352583
ni_tfnbs,"e=0.1,h=7.0,n=30,start_thres=1.25",hub,0.25,10,4,40,1730,0,0,40,1730,0.0,0.0,0.0,0.0,0.1629305319352583
ni_tfnbs,"e=0.1,h=8.0,n=30,start_thres=1.25",hub,0.25,10,4,40,1730,0,0,40,1730,0.0,0.0,0.0,0.0,0.1629305319352583
ni_tfnbs,"e=0.1,h=9.0,n=30,start_thres=1.25",hub,0.25,10,4,40,1730,0,0,40,1730,0.0,0.0,0.0,0.0,0.1629305319352583
ni_tfnbs,"e=0.1,h=10.0,n=30,start_thres=1.25",hub,0.25,10,4,40,1730,0,0,40,1730,0.0,0.0,0.0,0.0,0.1629305319352583
ni_tfnbs,"e=0.2,h=0.5,n=30,start_thres=1.25",hub,0.25,10,4,40,1730,0,0,40,1730,0.0,0.0,0.0,0.0,0.1629305319352583
ni_tfnbs,"e=0.2,h=1.0,n=30,start_thres=1.25",hub,0.25,10,4,40,1730,0,0,40,1730,0.0,0.0,0.0,0.0,0.1629305319352583
ni_tfnbs,"e=0.2,h=2.0,n=30,start_thres=1.25",hub,0.25,10,4,40,1730,0,0,40,1730,0.0,0.0,0.0,0.0,0.1629305319352583
ni_tfnbs,"e=0.2,h=3.0,n=30,start_thres=1.25",hub,0.25,10,4,40,1730,0,0,40,1730,0.0,0.0,0.0,0.0,0.1629305319352583
ni_tfnbs,"e=0.2,h=4.0,n=30,start_thres=1.25",hub,0.25,10,4,40,1730,0,0,40,1730,0.0,0.0,0.0,0.0,0.1629305319352583
ni_tfnbs,"e=0.2,h=5.0,n=30,start_thres=1.25",hub,0.25,10,4,40,1730,0,0,40,1730,0.0,0.0,0.0,0.0,0.1629305319352583
ni_tfnbs,"e=0.2,h=6.0,n=30,start_thres=1.25",hub,0.25,10,4,40,1730,0,0,40,1730,0.0,0.0,0.0,0.0,0.1629305319352583
ni_tfnbs,"e=0.2,h=7.0,n=30,start_thres=1.25",hub,0.25,10,4,40,1730,0,0,40,1730,0.0,0.0,0.0,0.0,0.1629305319352583
ni_tfnbs,"e=0.2,h=8.0,n=30,start_thres=1.25",hub,0.25,10,4,40,1730,0,0,40,1730,0.0,0.0,0.0,0.0,0.1629305319352583
ni_tfnbs,"e=0.2,h=9.0,n=30,start_thres=1.25",hub,0.25,10,4,40,1730,0,0,40,1730,0.0,0.0,0.0,0.0,0.1629305319352583
ni_tfnbs,"e=0.2,h=10.0,n=30,start_thres=1.25",hub,0.25,10,4,40,1730,0,0,40,1730,0.0,0.0,0.0,0.0,0.1629305319352583
ni_tfnbs,"e=0.3,h=0.5,n=30,start_thres=1.25",hub,0.25,10,4,40,1730,0,0,40,1730,0.0,0.0,0.0,0.0,0.1629305319352583
ni_tfnbs,"e=0.3,h=1.0,n=30,start_thres=1.25",hub,0.25,10,4,40,1730,0,0,40,1730,0.0,0.0,0.0,0.0,0.1629305319352583
ni_tfnbs,"e=0.3,h=2.0,n=30,start_thres=1.25",hub,0.25,10,4,40,1730,0,0,40,1730,0.0,0.0,0.0,0.0,0.1629305319352583
ni_tfnbs,"e=0.3,h=3.0,n=30,start_thres=1.25",hub,0.25,10,4,40,1730,0,0,40,1730,0.0,0.0,0.0,0.0,0.1629305319352583
ni_tfnbs,"e=0.3,h=4.0,n=30,start_thres=1.25",hub,0.25,10,4,40,1730,0,0,40,1730,0.0,0.0,0.0,0.0,0.1629305319352583
ni_tfnbs,"e=0.3,h=5.0,n=30,start_thres=1.25",hub,0.25,10,4,40,1730,0,0,40,1730,0.0,0.0,0.0,0.0,0.1629305319352583
ni_tfnbs,"e=0.3,h=6.0,n=30,start_thres=1.25",hub,0.25,10,4,40,1730,0,0,40,1730,0.0,0.0,0.0,0.0,0.1629305319352583
ni_tfnbs,"e=0.3,h=7.0,n=30,start_thres=1.25",hub,0.25,10,4,40,1730,0,0,40,1730,0.0,0.0,0.0,0.0,0.1629305319352583
ni_tfnbs,"e=0.3,h=8.0,n=30,start_thres=1.25",hub,0.25,10,4,40,1730,0,0,40,1730,0.0,0.0,0.0,0.0,0.1629305319352583
ni_tfnbs,"e=0.3,h=9.0,n=30,start_thres=1.25",hub,0.25,10,4,40,1730,0,0,40,1730,0.0,0.0,0.0,0.0,0.1629305319352583
ni_tfnbs,"e=0.3,h=10.0,n=30,start_thres=1.25",hub,0.25,10,4,40,1730,0,0,40,1730,0.0,0.0,0.0,0.0,0.1629305319352583
ni_tfnbs,"e=0.4,h=0.5,n=30,start_thres=1.25",hub,0.25,10,4,40,1730,0,0,40,1730,0.0,0.0,0.0,0.0,0.1629305319352583
ni_tfnbs,"e=0.4,h=1.0,n=30,start_thres=1.25",hub,0.25,10,4,40,1730,0,0,40,1730,0.0,0.0,0.0,0.0,0.1629305319352583
ni_tfnbs,"e=0.4,h=2.0,n=30,start_thres=1.25",hub,0.25,10,4,40,1730,0,0,40,1730,0.0,0.0,0.0,0.0,0.1629305319352583
ni_tfnbs,"e=0.4,h=3.0,n=30,start_thres=1.25",hub,0.25,10,4,40,1730,0,0,40,1730,0.0,0.0,0.0,0.0,0.1629305319352583
ni_tfnbs,"e=0.4,h=4.0,n=30,start_thres=1.25",hub,0.25,10,4,40,1730,0,0,40,1730,0.0,0.0,0.0,0.0,0.1629305319352583
ni_tfnbs,"e=0.4,h=5.0,n=30,start_thres=1.25",hub,0.25,10,4,40,1730,0,0,40,1730,0.0,0.0,0.0,0.0,0.1629305319352583
ni_tfnbs,"e=0.4,h=6.0,n=30,start_thres=1.25",hub,0.25,10,4,40,1730,0,0,40,1730,0.0,0.0,0.0,0.0,0.1629305319352583
ni_tfnbs,"e=0.4,h=7.0,n=30,start_thres=1.25",hub,0.25,10,4,40,1730,0,0,40,1730,0.0,0.0,0.0,0.0,0.1629305319352583
ni_tfnbs,"e=0.4,h=8.0,n=30,start_thres=1.25",hub,0.25,10,4,40,1730,0,0,40,1730,0.0,0.0,0.0,0.0,0.1629305319352583
ni_tfnbs,"e=0.4,h=9.0,n=30,start_thres=1.25",hub,0.25,10,4,40,1730,0,0,40,1730,0.0,0.0,0.0,0.0,0.1629305319352583
ni_tfnbs,"e=0.4,h=10.0,n=30,start_thres=1.25",hub,0.25,10,4,40,1730,0,0,40,1730,0.0,0.0,0.0,0.0,0.1629305319352583
ni_tfnbs,"e=0.5,h=0.5,n=30,start_thres=1.25",hub,0.25,10,4,40,1730,0,0,40,1730,0.0,0.0,0.0,0.0,0.1629305319352583
ni_tfnbs,"e=0.5,h=1.0,n=30,start_thres=1.25",hub,0.25,10,4,40,1730,0,0,40,1730,0.0,0.0,0.0,0.0,0.1629305319352583
ni_tfnbs,"e=0.5,h=2.0,n=30,start_thres=1.25",hub,0.25,10,4,40,1730,0,0,40,1730,0.0,0.0,0.0,0.0,0.1629305319352583
ni_tfnbs,"e=0.5,h=3.0,n=30,start_thres=1.25",hub,0.25,10,4,40,1730,0,0,40,1730,0.0,0.0,0.0,0.0,0.1629305319352583
ni_tfnbs,"e=0.5,h=4.0,n=30,start_thres=1.25",hub,0.25,10,4,40,1730,0,0,40,1730,0.0,0.0,0.0,0.0,0.1629305319352583
ni_tfnbs,"e=0.5,h=5.0,n=30,start_thres=1.25",hub,0.25,10,4,40,1730,0,0,40,1730,0.0,0.0,0.0,0.0,0.1629305319352583
ni_tfnbs,"e=0.5,h=6.0,n=30,start_thres=1.25",hub,0.25,10,4,40,1730,0,0,40,1730,0.0,0.0,0.0,0.0,0.1629305319352583
ni_tfnbs,"e=0.5,h=7.0,n=30,start_thres=1.25",hub,0.25,10,4,40,1730,0,0,40,1730,0.0,0.0,0.0,0.0,0.1629305319352583
ni_tfnbs,"e=0.5,h=8.0,n=30,start_thres=1.25",hub,0.25,10,4,40,1730,0,0,40,1730,0.0,0.0,0.0,0.0,0.1629305319352583
ni_tfnbs,"e=0.5,h=9.0,n=30,start_thres=1.25",hub,0.25,10,4,40,1730,0,0,40,1730,0.0,0.0,0.0,0.0,0.1629305319352583
ni_tfnbs,"e=0.5,h=10.0,n=30,start_thres=1.25",hub,0.25,10,4,40,1730,0,0,40,1730,0.0,0.0,0.0,0.0,0.1629305319352583
ni_tfnbs,"e=0.6,h=0.5,n=30,start_thres=1.25",hub,0.25,10,4,40,1730,0,0,40,1730,0.0,0.0,0.0,0.0,0.1629305319352583
ni_tfnbs,"e=0.6,h=1.0,n=30,start_thres=1.25",hub,0.25,10,4,40,1730,0,0,40,1730,0.0,0.0,0.0,0.0,0.1629305319352583
ni_tfnbs,"e=0.6,h=2.0,n=30,start_thres=1.25",hub,0.25,10,4,40,1730,0,0,40,1730,0.0,0.0,0.0,0.0,0.1629305319352583
ni_tfnbs,"e=0.6,h=3.0,n=30,start_thres=1.25",hub,0.25,10,4,40,1730,0,0,40,1730,0.0,0.0,0.0,0.0,0.1629305319352583
ni_tfnbs,"e=0.6,h=4.0,n=30,start_thres=1.25",hub,0.25,10,4,40,1730,0,0,40,1730,0.0,0.0,0.0,0.0,0.1629305319352583
ni_tfnbs,"e=0.6,h=5.0,n=30,start_thres=1.25",hub,0.25,10,4,40,1730,0,0,40,1730,0.0,0.0,0.0,0.0,0.1629305319352583
ni_tfnbs,"e=0.6,h=6.0,n=30,start_thres=1.25",hub,0.25,10,4,40,1730,0,0,40,1730,0.0,0.0,0.0,0.0,0.1629305319352583
ni_tfnbs,"e=0.6,h=7.0,n=30,start_thres=1.25",hub,0.25,10,4,40,1730,0,0,40,1730,0.0,0.0,0.0,0.0,0.1629305319352583
ni_tfnbs,"e=0.6,h=8.0,n=30,start_thres=1.25",hub,0.25,10,4,40,1730,0,0,40,1730,0.0,0.0,0.0,0.0,0.1629305319352583
ni_tfnbs,"e=0.6,h=9.0,n=30,start_thres=1.25",hub,0.25,10,4,40,1730,0,0,40,1730,0.0,0.0,0.0,0.0,0.1629305319352583
ni_tfnbs,"e=0.6,h=10.0,n=30,start_thres=1.25",hub,0.25,10,4,40,1730,0,0,40,1730,0.0,0.0,0.0,0.0,0.1629305319352583
ni_tfnbs,"e=0.7,h=0.5,n=30,start_thres=1.25",hub,0.25,10,4,40,1730,0,0,40,1730,0.0,0.0,0.0,0.0,0.1629305319352583
ni_tfnbs,"e=0.7,h=1.0,n=30,start_thres=1.25",hub,0.25,10,4,40,1730,0,0,40,1730,0.0,0.0,0.0,0.0,0.1629305319352583
ni_tfnbs,"e=0.7,h=2.0,n=30,start_thres=1.25",hub,0.25,10,4,40,1730,0,0,40,1730,0.0,0.0,0.0,0.0,0.1629305319352583
ni_tfnbs,"e=0.7,h=3.0,n=30,start_thres=1.25",hub,0.25,10,4,40,1730,0,0,40,1730,0.0,0.0,0.0,0.0,0.1629305319352583
ni_tfnbs,"e=0.7,h=4.0,n=30,start_thres=1.25",hub,0.25,10,4,40,1730,0,0,40,1730,0.0,0.0,0.0,0.0,0.1629305319352583
ni_tfnbs,"e=0.7,h=5.0,n=30,start_thres=1.25",hub,0.25,10,4,40,1730,0,0,40,1730,0.0,0.0,0.0,0.0,0.1629305319352583
ni_tfnbs,"e=0.7,h=6.0,n=30,start_thres=1.25",hub,0.25,10,4,40,1730,0,0,40,1730,0.0,0.0,0.0,0.0,0.1629305319352583
ni_tfnbs,"e=0.7,h=7.0,n=30,start_thres=1.25",hub,0.25,10,4,40,1730,0,0,40,1730,0.0,0.0,0.0,0.0,0.1629305319352583
ni_tfnbs,"e=0.7,h=8.0,n=30,start_thres=1.25",hub,0.25,10,4,40,1730,0,0,40,1730,0.0,0.0,0.0,0.0,0.1629305319352583
ni_tfnbs,"e=0.7,h=9.0,n=30,start_thres=1.25",hub,0.25,10,4,40,1730,0,0,40,1730,0.0,0.0,0.0,0.0,0.1629305319352583
ni_tfnbs,"e=0.7,h=10.0,n=30,start_thres=1.25",hub,0.25,10,4,40,1730,0,0,40,1730,0.0,0.0,0.0,0.0,0.1629305319352583
ni_tfnbs,"e=0.8,h=0.5,n=30,start_thres=1.25",hub,0.25,10,4,40,1730,0,0,40,1730,0.0,0.0,0.0,0.0,0.1629305319352583
ni_tfnbs,"e=0.8,h=1.0,n=30,start_thres=1.25",hub,0.25,10,4,40,1730,0,0,40,1730,0.0,0.0,0.0,0.0,0.1629305319352583
ni_tfnbs,"e=0.8,h=2.0,n=30,start_thres=1.25",hub,0.25,10,4,40,1730,0,0,40,1730,0.0,0.0,0.0,0.0,0.1629305319352583
ni_tfnbs,"e=0.8,h=3.0,n=30,start_thres=1.25",hub,0.25,10,4,40,1730,0,0,40,1730,0.0,0.0,0.0,0.0,0.1629305319352583
ni_tfnbs,"e=0.8,h=4.0,n=30,start_thres=1.25",hub,0.25,10,4,40,1730,0,0,40,1730,0.0,0.0,0.0,0.0,0.1629305319352583
ni_tfnbs,"e=0.8,h=5.0,n=30,start_thres=1.25",hub,0.25,10,4,40,1730,0,0,40,1730,0.0,0.0,0.0,0.0,0.1629305319352583
ni_tfnbs,"e=0.8,h=6.0,n=30,start_thres=1.25",hub,0.25,10,4,40,1730,0,0,40,1730,0.0,0.0,0.0,0.0,0.1629305319352583
ni_tfnbs,"e=0.8,h=7.0,n=30,start_thres=1.25",hub,0.25,10,4,40,1730,0,0,40,1730,0.0,0.0,0.0,0.0,0.1629305319352583
ni_tfnbs,"e=0.8,h=8.0,n=30,start_thres=1.25",hub,0.25,10,4,40,1730,0,0,40,1730,0.0,0.0,0.0,0.0,0.1629305319352583
ni_tfnbs,"e=0.8,h=9.0,n=30,start_thres=1.25",hub,0.25,10,4,40,1730,0,0,40,1730,0.0,0.0,0.0,0.0,0.1629305319352583
ni_tfnbs,"e=0.8,h=10.0,n=30,start_thres=1.25",hub,0.25,10,4,40,1730,0,0,40,1730,0.0,0.0,0.0,0.0,0.1629305319352583
ni_tfnbs,"e=0.9,h=0.5,n=30,start_thres=1.25",hub,0.25,10,4,40,1730,0,0,40,1730,0.0,0.0,0.0,0.0,0.1629305319352583
ni_tfnbs,"e=0.9,h=1.0,n=30,start_thres=1.25",hub,0.25,10,4,40,1730,0,0,40,1730,0.0,0.0,0.0,0.0,0.1629305319352583
ni_tfnbs,"e=0.9,h=2.0,n=30,start_thres=1.25",hub,0.25,10,4,40,1730,0,0,40,1730,0.0,0.0,0.0,0.0,0.1629305319352583
ni_tfnbs,"e=0.9,h=3.0,n=30,start_thres=1.25",hub,0.25,10,4,40,1730,0,0,40,1730,0.0,0.0,0.0,0.0,0.1629305319352583
ni_tfnbs,"e=0.9,h=4.0,n=30,start_thres=1.25",hub,0.25,10,4,40,1730,0,0,40,1730,0.0,0.0,0.0,0.0,0.1629305319352583
ni_tfnbs,"e=0.9,h=5.0,n=30,start_thres=1.25",hub,0.25,10,4,40,1730,0,0,40,1730,0.0,0.0,0.0,0.0,0.1629305319352583
ni_tfnbs,"e=0.9,h=6.0,n=30,start_thres=1.25",hub,0.25,10,4,40,1730,0,0,40,1730,0.0,0.0,0.0,0.0,0.1629305319352583
ni_tfnbs,"e=0.9,h=7.0,n=30,start_thres=1.25",hub,0.25,10,4,40,1730,0,0,40,1730,0.0,0.0,0.0,0.0,0.1629305319352583
ni_tfnbs,"e=0.9,h=8.0,n=30,start_thres=1.25",hub,0.25,10,4,40,1730,0,0,40,1730,0.0,0.0,0.0,0.0,0.1629305319352583
ni_tfnbs,"e=0.9,h=9.0,n=30,start_thres=1.25",hub,0.25,10,4,40,1730,0,0,40,1730,0.0,0.0,0.0,0.0,0.1629305319352583
ni_tfnbs,"e=0.9,h=10.0,n=30,start_thres=1.25",hub,0.25,10,4,40,1730,0,0,40,1730,0.0,0.0,0.0,0.0,0.1629305319352583
ni_tfnbs,"e=1.0,h=0.5,n=30,start_thres=1.25",hub,0.25,10,4,40,1730,0,0,40,1730,0.0,0.0,0.0,0.0,0.1629305319352583
ni_tfnbs,"e=1.0,h=1.0,n=30,start_thres=1.25",hub,0.25,10,4,40,1730,0,0,40,1730,0.0,0.0,0.0,0.0,0.1629305319352583
ni_tfnbs,"e=1.0,h=2.0,n=30,start_thres=1.25",hub,0.25,10,4,40,1730,0,0,40,1730,0.0,0.0,0.0,0.0,0.1629305319352583
ni_tfnbs,"e=1.0,h=3.0,n=30,start_thres=1.25",hub,0.25,10,4,40,1730,0,0,40,1730,0.0,0.0,0.0,0.0,0.1629305319352583
ni_tfnbs,"e=1.0,h=4.0,n=30,start_thres=1.25",hub,0.25,10,4,40,1730,0,0,40,1730,0.0,0.0,0.0,0.0,0.1629305319352583
ni_tfnbs,"e=1.0,h=5.0,n=30,start_thres=1.25",hub,0.25,10,4,40,1730,0,0,40,1730,0.0,0.0,0.0,0.0,0.1629305319352583
ni_tfnbs,"e=1.0,h=6.0,n=30,start_thres=1.25",hub,0.25,10,4,40,1730,0,0,40,1730,0.0,0.0,0.0,0.0,0.1629305319352583
ni_tfnbs,"e=1.0,h=7.0,n=30,start_thres=1.25",hub,0.25,10,4,40,1730,0,0,40,1730,0.0,0.0,0.0,0.0,0.1629305319352583
ni_tfnbs,"e=1.0,h=8.0,n=30,start_thres=1.25",hub,0.25,10,4,40,1730,0,0,40,1730,0.0,0.0,0.0,0.0,0.1629305319352583
ni_tfnbs,"e=1.0,h=9.0,n=30,start_thres=1.25",hub,0.25,10,4,40,1730,0,0,40,1730,0.0,0.0,0.0,0.0,0.1629305319352583
ni_tfnbs,"e=1.0,h=10.0,n=30,start_thres=1.25",hub,0.25,10,4,40,1730,0,0,40,1730,0.0,0.0,0.0,0.0,0.1629305319352583
ni_tfnbs,"e=1.1,h=0.5,n=30,start_thres=1.25",hub,0.25,10,4,40,1730,0,0,40,1730,0.0,0.0,0.0,0.0,0.1629305319352583
ni_tfnbs,"e=1.1,h=1.0,n=30,start_thres=1.25",hub,0.25,10,4,40,1730,0,0,40,1730,0.0,0.0,0.0,0.0,0.1629305319352583
ni_tfnbs,"e=1.1,h=2.0,n=30,start_thres=1.25",hub,0.25,10,4,40,1730,0,0,40,1730,0.0,0.0,0.0,0.0,0.1629305319352583
ni_tfnbs,"e=1.1,h=3.0,n=30,start_thres=1.25",hub,0.25,10,4,40,1730,0,0,40,1730,0.0,0.0,0.0,0.0,0.1629305319352583
ni_tfnbs,"e=1.1,h=4.0,n=30,start_thres=1.25",hub,0.25,10,4,40,1730,0,0,40,1730,0.0,0.0,0.0,0.0,0.1629305319352583
ni_tfnbs,"e=1.1,h=5.0,n=30,start_thres=1.25",hub,0.25,10,4,40,1730,0,0,40,1730,0.0,0.0,0.0,0.0,0.1629305319352583
ni_tfnbs,"e=1.1,h=6.0,n=30,start_thres=1.25",hub,0.25,10,4,40,1730,0,0,40,1730,0.0,0.0,0.0,0.0,0.1629305319352583
ni_tfnbs,"e=1.1,h=7.0,n=30,start_thres=1.25",hub,0.25,10,4,40,1730,0,0,40,1730,0.0,0.0,0.0,0.0,0.1629305319352583
ni_tfnbs,"e=1.1,h=8.0,n=30,start_thres=1.25",hub,0.25,10,4,40,1730,0,0,40,1730,0.0,0.0,0.0,0.0,0.1629305319352583
ni_tfnbs,"e=1.1,h=9.0,n=30,start_thres=1.25",hub,0.25,10,4,40,1730,0,0,40,1730,0.0,0.0,0.0,0.0,0.1629305319352583
ni_tfnbs,"e=1.1,h=10.0,n=30,start_thres=1.25",hub,0.25,10,4,40,1730,0,0,40,1730,0.0,0.0,0.0,0.0,0.1629305319352583
ni_tfnbs,"e=1.2,h=0.5,n=30,start_thres=1.25",hub,0.25,10,4,40,1730,0,0,40,1730,0.0,0.0,0.0,0.0,0.1629305319352583
ni_tfnbs,"e=1.2,h=1.0,n=30,start_thres=1.25",hub,0.25,10,4,40,1730,0,0,40,1730,0.0,0.0,0.0,0.0,0.1629305319352583
ni_tfnbs,"e=1.2,h=2.0,n=30,start_thres=1.25",hub,0.25,10,4,40,1730,0,0,40,1730,0.0,0.0,0.0,0.0,0.1629305319352583
ni_tfnbs,"e=1.2,h=3.0,n=30,start_thres=1.25",hub,0.25,10,4,40,1730,0,0,40,1730,0.0,0.0,0.0,0.0,0.1629305319352583
ni_tfnbs,"e=1.2,h=4.0,n=30,start_thres=1.25",hub,0.25,10,4,40,1730,0,0,40,1730,0.0,0.0,0.0,0.0,0.1629305319352583
ni_tfnbs,"e=1.2,h=5.0,n=30,start_thres=1.25",hub,0.25,10,4,40,1730,0,0,40,1730,0.0,0.0,0.0,0.0,0.1629305319352583
ni_tfnbs,"e=1.2,h=6.0,n=30,start_thres=1.25",hub,0.25,10,4,40,1730,0,0,40,1730,0.0,0.0,0.0,0.0,0.1629305319352583
ni_tfnbs,"e=1.2,h=7.0,n=30,start_thres=1.25",hub,0.25,10,4,40,1730,0,0,40,1730,0.0,0.0,0.0,0.0,0.1629305319352583
ni_tfnbs,"e=1.2,h=8.0,n=30,start_thres=1.25",hub,0.25,10,4,40,1730,0,0,40,1730,0.0,0.0,0.0,0.0,0.1629305319352583
ni_tfnbs,"e=1.2,h=9.0,n=30,start_thres=1.25",hub,0.25,10,4,40,1730,0,0,40,1730,0.0,0.0,0.0,0.0,0.1629305319352583
ni_tfnbs,"e=1.2,h=10.0,n=30,start_thres=1.25",hub,0.25,10,4,40,1730,0,0,40,1730,0.0,0.0,0.0,0.0,0.1629305319352583
ni_tfnbs,"e=1.3,h=0.5,n=30,start_thres=1.25",hub,0.25,10,4,40,1730,0,0,40,1730,0.0,0.0,0.0,0.0,0.1629305319352583
ni_tfnbs,"e=1.3,h=1.0,n=30,start_thres=1.25",hub,0.25,10,4,40,1730,0,0,40,1730,0.0,0.0,0.0,0.0,0.1629305319352583
ni_tfnbs,"e=1.3,h=2.0,n=30,start_thres=1.25",hub,0.25,10,4,40,1730,0,0,40,1730,0.0,0.0,0.0,0.0,0.1629305319352583
ni_tfnbs,"e=1.3,h=3.0,n=30,start_thres=1.25",hub,0.25,10,4,40,1730,0,0,40,1730,0.0,0.0,0.0,0.0,0.1629305319352583
ni_tfnbs,"e=1.3,h=4.0,n=30,start_thres=1.25",hub,0.25,10,4,40,1730,0,0,40,1730,0.0,0.0,0.0,0.0,0.1629305319352583
ni_tfnbs,"e=1.3,h=5.0,n=30,start_thres=1.25",hub,0.25,10,4,40,1730,0,0,40,1730,0.0,0.0,0.0,0.0,0.1629305319352583
ni_tfnbs,"e=1.3,h=6.0,n=30,start_thres=1.25",hub,0.25,10,4,40,1730,0,0,40,1730,0.0,0.0,0.0,0.0,0.1629305319352583
ni_tfnbs,"e=1.3,h=7.0,n=30,start_thres=1.25",hub,0.25,10,4,40,1730,0,0,40,1730,0.0,0.0,0.0,0.0,0.1629305319352583
ni_tfnbs,"e=1.3,h=8.0,n=30,start_thres=1.25",hub,0.25,10,4,40,1730,0,0,40,1730,0.0,0.0,0.0,0.0,0.1629305319352583
ni_tfnbs,"e=1.3,h=9.0,n=30,start_thres=1.25",hub,0.25,10,4,40,1730,0,0,40,1730,0.0,0.0,0.0,0.0,0.1629305319352583
ni_tfnbs,"e=1.3,h=10.0,n=30,start_thres=1.25",hub,0.25,10,4,40,1730,0,0,40,1730,0.0,0.0,0.0,0.0,0.1629305319352583
ni_tfnbs,"e=1.4,h=0.5,n=30,start_thres=1.25",hub,0.25,10,4,40,1730,0,0,40,1730,0.0,0.0,0.0,0.0,0.1629305319352583
ni_tfnbs,"e=1.4,h=1.0,n=30,start_thres=1.25",hub,0.25,10,4,40,1730,0,0,40,1730,0.0,0.0,0.0,0.0,0.1629305319352583
ni_tfnbs,"e=1.4,h=2.0,n=30,start_thres=1.25",hub,0.25,10,4,40,1730,0,0,40,1730,0.0,0.0,0.0,0.0,0.1629305319352583
ni_tfnbs,"e=1.4,h=3.0,n=30,start_thres=1.25",hub,0.25,10,4,40,1730,0,0,40,1730,0.0,0.0,0.0,0.0,0.1629305319352583
ni_tfnbs,"e=1.4,h=4.0,n=30,start_thres=1.25",hub,0.25,10,4,40,1730,0,0,40,1730,0.0,0.0,0.0,0.0,0.1629305319352583
ni_tfnbs,"e=1.4,h=5.0,n=30,start_thres=1.25",hub,0.25,10,4,40,1730,0,0,40,1730,0.0,0.0,0.0,0.0,0.1629305319352583
ni_tfnbs,"e=1.4,h=6.0,n=30,start_thres=1.25",hub,0.25,10,4,40,1730,0,0,40,1730,0.0,0.0,0.0,0.0,0.1629305319352583
ni_tfnbs,"e=1.4,h=7.0,n=30,start_thres=1.25",hub,0.25,10,4,40,1730,0,0,40,1730,0.0,0.0,0.0,0.0,0.1629305319352583
ni_tfnbs,"e=1.4,h=8.0,n=30,start_thres=1.25",hub,0.25,10,4,40,1730,0,0,40,1730,0.0,0.0,0.0,0.0,0.1629305319352583
ni_tfnbs,"e=1.4,h=9.0,n=30,start_thres=1.25",hub,0.25,10,4,40,1730,0,0,40,1730,0.0,0.0,0.0,0.0,0.1629305319352583
ni_tfnbs,"e=1.4,h=10.0,n=30,start_thres=1.25",hub,0.25,10,4,40,1730,0,0,40,1730,0.0,0.0,0.0,0.0,0.1629305319352583
ni_tfnbs,"e=1.5,h=0.5,n=30,start_thres=1.25",hub,0.25,10,4,40,1730,0,0,40,1730,0.0,0.0,0.0,0.0,0.1629305319352583
ni_tfnbs,"e=1.5,h=1.0,n=30,start_thres=1.25",hub,0.25,10,4,40,1730,0,0,40,1730,0.0,0.0,0.0,0.0,0.1629305319352583
ni_tfnbs,"e=1.5,h=2.0,n=30,start_thres=1.25",hub,0.25,10,4,40,1730,0,0,40,1730,0.0,0.0,0.0,0.0,0.1629305319352583
ni_tfnbs,"e=1.5,h=3.0,n=30,start_thres=1.25",hub,0.25,10,4,40,1730,0,0,40,1730,0.0,0.0,0.0,0.0,0.1629305319352583
ni_tfnbs,"e=1.5,h=4.0,n=30,start_thres=1.25",hub,0.25,10,4,40,1730,0,0,40,1730,0.0,0.0,0.0,0.0,0.1629305319352583
ni_tfnbs,"e=1.5,h=5.0,n=30,start_thres=1.25",hub,0.25,10,4,40,1730,0,0,40,1730,0.0,0.0,0.0,0.0,0.1629305319352583
ni_tfnbs,"e=1.5,h=6.0,n=30,start_thres=1.25",hub,0.25,10,4,40,1730,0,0,40,1730,0.0,0.0,0.0,0.0,0.1629305319352583
ni_tfnbs,"e=1.5,h=7.0,n=30,start_thres=1.25",hub,0.25,10,4,40,1730,0,0,40,1730,0.0,0.0,0.0,0.0,0.1629305319352583
ni_tfnbs,"e=1.5,h=8.0,n=30,start_thres=1.25",hub,0.25,10,4,40,1730,0,0,40,1730,0.0,0.0,0.0,0.0,0.1629305319352583
ni_tfnbs,"e=1.5,h=9.0,n=30,start_thres=1.25",hub,0.25,10,4,40,1730,0,0,40,1730,0.0,0.0,0.0,0.0,0.1629305319352583
ni_tfnbs,"e=1.5,h=10.0,n=30,start_thres=1.25",hub,0.25,10,4,40,1730,0,0,40,1730,0.0,0.0,0.0,0.0,0.1629305319352583
ni_tfnbs,"e=0.05,h=0.5,n=30,start_thres=1.25",hub,0.25,10,5,40,1730,0,0,40,1730,0.0,0.0,0.0,0.0,0.1653798588297584
ni_tfnbs,"e=0.05,h=1.0,n=30,start_thres=1.25",hub,0.25,10,5,40,1730,0,0,40,1730,0.0,0.0,0.0,0.0,0.1653798588297584
ni_tfnbs,"e=0.05,h=2.0,n=30,start_thres=1.25",hub,0.25,10,5,40,1730,0,0,40,1730,0.0,0.0,0.0,0.0,0.1653798588297584
ni_tfnbs,"e=0.05,h=3.0,n=30,start_thres=1.25",hub,0.25,10,5,40,1730,0,0,40,1730,0.0,0.0,0.0,0.0,0.1653798588297584
ni_tfnbs,"e=0.05,h=4.0,n=30,start_thres=1.25",hub,0.25,10,5,40,1730,0,0,40,1730,0.0,0.0,0.0,0.0,0.1653798588297584
ni_tfnbs,"e=0.05,h=5.0,n=30,start_thres=1.25",hub,0.25,10,5,40,1730,0,0,40,1730,0.0,0.0,0.0,0.0,0.1653798588297584
ni_tfnbs,"e=0.05,h=6.0,n=30,start_thres=1.25",hub,0.25,10,5,40,1730,0,0,40,1730,0.0,0.0,0.0,0.0,0.1653798588297584
ni_tfnbs,"e=0.05,h=7.0,n=30,start_thres=1.25",hub,0.25,10,5,40,1730,0,0,40,1730,0.0,0.0,0.0,0.0,0.1653798588297584
ni_tfnbs,"e=0.05,h=8.0,n=30,start_thres=1.25",hub,0.25,10,5,40,1730,0,0,40,1730,0.0,0.0,0.0,0.0,0.1653798588297584
ni_tfnbs,"e=0.05,h=9.0,n=30,start_thres=1.25",hub,0.25,10,5,40,1730,0,0,40,1730,0.0,0.0,0.0,0.0,0.1653798588297584
ni_tfnbs,"e=0.05,h=10.0,n=30,start_thres=1.25",hub,0.25,10,5,40,1730,0,0,40,1730,0.0,0.0,0.0,0.0,0.1653798588297584
ni_tfnbs,"e=0.1,h=0.5,n=30,start_thres=1.25",hub,0.25,10,5,40,1730,0,0,40,1730,0.0,0.0,0.0,0.0,0.1653798588297584
ni_tfnbs,"e=0.1,h=1.0,n=30,start_thres=1.25",hub,0.25,10,5,40,1730,0,0,40,1730,0.0,0.0,0.0,0.0,0.1653798588297584
ni_tfnbs,"e=0.1,h=2.0,n=30,start_thres=1.25",hub,0.25,10,5,40,1730,0,0,40,1730,0.0,0.0,0.0,0.0,0.1653798588297584
ni_tfnbs,"e=0.1,h=3.0,n=30,start_thres=1.25",hub,0.25,10,5,40,1730,0,0,40,1730,0.0,0.0,0.0,0.0,0.1653798588297584
ni_tfnbs,"e=0.1,h=4.0,n=30,start_thres=1.25",hub,0.25,10,5,40,1730,0,0,40,1730,0.0,0.0,0.0,0.0,0.1653798588297584
ni_tfnbs,"e=0.1,h=5.0,n=30,start_thres=1.25",hub,0.25,10,5,40,1730,0,0,40,1730,0.0,0.0,0.0,0.0,0.1653798588297584
ni_tfnbs,"e=0.1,h=6.0,n=30,start_thres=1.25",hub,0.25,10,5,40,1730,0,0,40,1730,0.0,0.0,0.0,0.0,0.1653798588297584
ni_tfnbs,"e=0.1,h=7.0,n=30,start_thres=1.25",hub,0.25,10,5,40,1730,0,0,40,1730,0.0,0.0,0.0,0.0,0.1653798588297584
ni_tfnbs,"e=0.1,h=8.0,n=30,start_thres=1.25",hub,0.25,10,5,40,1730,0,0,40,1730,0.0,0.0,0.0,0.0,0.1653798588297584
ni_tfnbs,"e=0.1,h=9.0,n=30,start_thres=1.25",hub,0.25,10,5,40,1730,0,0,40,1730,0.0,0.0,0.0,0.0,0.1653798588297584
ni_tfnbs,"e=0.1,h=10.0,n=30,start_thres=1.25",hub,0.25,10,5,40,1730,0,0,40,1730,0.0,0.0,0.0,0.0,0.1653798588297584
ni_tfnbs,"e=0.2,h=0.5,n=30,start_thres=1.25",hub,0.25,10,5,40,1730,0,0,40,1730,0.0,0.0,0.0,0.0,0.1653798588297584
ni_tfnbs,"e=0.2,h=1.0,n=30,start_thres=1.25",hub,0.25,10,5,40,1730,0,0,40,1730,0.0,0.0,0.0,0.0,0.1653798588297584
ni_tfnbs,"e=0.2,h=2.0,n=30,start_thres=1.25",hub,0.25,10,5,40,1730,0,0,40,1730,0.0,0.0,0.0,0.0,0.1653798588297584
ni_tfnbs,"e=0.2,h=3.0,n=30,start_thres=1.25",hub,0.25,10,5,40,1730,0,0,40,1730,0.0,0.0,0.0,0.0,0.1653798588297584
ni_tfnbs,"e=0.2,h=4.0,n=30,start_thres=1.25",hub,0.25,10,5,40,1730,0,0,40,1730,0.0,0.0,0.0,0.0,0.1653798588297584
ni_tfnbs,"e=0.2,h=5.0,n=30,start_thres=1.25",hub,0.25,10,5,40,1730,0,0,40,1730,0.0,0.0,0.0,0.0,0.1653798588297584
ni_tfnbs,"e=0.2,h=6.0,n=30,start_thres=1.25",hub,0.25,10,5,40,1730,0,0,40,1730,0.0,0.0,0.0,0.0,0.1653798588297584
ni_tfnbs,"e=0.2,h=7.0,n=30,start_thres=1.25",hub,0.25,10,5,40,1730,0,0,40,1730,0.0,0.0,0.0,0.0,0.1653798588297584
ni_tfnbs,"e=0.2,h=8.0,n=30,start_thres=1.25",hub,0.25,10,5,40,1730,0,0,40,1730,0.0,0.0,0.0,0.0,0.1653798588297584
ni_tfnbs,"e=0.2,h=9.0,n=30,start_thres=1.25",hub,0.25,10,5,40,1730,0,0,40,1730,0.0,0.0,0.0,0.0,0.1653798588297584
ni_tfnbs,"e=0.2,h=10.0,n=30,start_thres=1.25",hub,0.25,10,5,40,1730,0,0,40,1730,0.0,0.0,0.0,0.0,0.1653798588297584
ni_tfnbs,"e=0.3,h=0.5,n=30,start_thres=1.25",hub,0.25,10,5,40,1730,0,0,40,1730,0.0,0.0,0.0,0.0,0.1653798588297584
ni_tfnbs,"e=0.3,h=1.0,n=30,start_thres=1.25",hub,0.25,10,5,40,1730,0,0,40,1730,0.0,0.0,0.0,0.0,0.1653798588297584
ni_tfnbs,"e=0.3,h=2.0,n=30,start_thres=1.25",hub,0.25,10,5,40,1730,0,0,40,1730,0.0,0.0,0.0,0.0,0.1653798588297584
ni_tfnbs,"e=0.3,h=3.0,n=30,start_thres=1.25",hub,0.25,10,5,40,1730,0,0,40,1730,0.0,0.0,0.0,0.0,0.1653798588297584
ni_tfnbs,"e=0.3,h=4.0,n=30,start_thres=1.25",hub,0.25,10,5,40,1730,0,0,40,1730,0.0,0.0,0.0,0.0,0.1653798588297584
ni_tfnbs,"e=0.3,h=5.0,n=30,start_thres=1.25",hub,0.25,10,5,40,1730,0,0,40,1730,0.0,0.0,0.0,0.0,0.1653798588297584
ni_tfnbs,"e=0.3,h=6.0,n=30,start_thres=1.25",hub,0.25,10,5,40,1730,0,0,40,1730,0.0,0.0,0.0,0.0,0.1653798588297584
ni_tfnbs,"e=0.3,h=7.0,n=30,start_thres=1.25",hub,0.25,10,5,40,1730,0,0,40,1730,0.0,0.0,0.0,0.0,0.1653798588297584
ni_tfnbs,"e=0.3,h=8.0,n=30,start_thres=1.25",hub,0.25,10,5,40,1730,0,0,40,1730,0.0,0.0,0.0,0.0,0.1653798588297584
ni_tfnbs,"e=0.3,h=9.0,n=30,start_thres=1.25",hub,0.25,10,5,40,1730,0,0,40,1730,0.0,0.0,0.0,0.0,0.1653798588297584
ni_tfnbs,"e=0.3,h=10.0,n=30,start_thres=1.25",hub,0.25,10,5,40,1730,0,0,40,1730,0.0,0.0,0.0,0.0,0.1653798588297584
ni_tfnbs,"e=0.4,h=0.5,n=30,start_thres=1.25",hub,0.25,10,5,40,1730,1,0,39,1730,0.025,0.0,1.0,0.0,0.1653798588297584
ni_tfnbs,"e=0.4,h=1.0,n=30,start_thres=1.25",hub,0.25,10,5,40,1730,0,0,40,1730,0.0,0.0,0.0,0.0,0.1653798588297584
ni_tfnbs,"e=0.4,h=2.0,n=30,start_thres=1.25",hub,0.25,10,5,40,1730,0,0,40,1730,0.0,0.0,0.0,0.0,0.1653798588297584
ni_tfnbs,"e=0.4,h=3.0,n=30,start_thres=1.25",hub,0.25,10,5,40,1730,0,0,40,1730,0.0,0.0,0.0,0.0,0.1653798588297584
ni_tfnbs,"e=0.4,h=4.0,n=30,start_thres=1.25",hub,0.25,10,5,40,1730,0,0,40,1730,0.0,0.0,0.0,0.0,0.1653798588297584
ni_tfnbs,"e=0.4,h=5.0,n=30,start_thres=1.25",hub,0.25,10,5,40,1730,0,0,40,1730,0.0,0.0,0.0,0.0,0.1653798588297584
ni_tfnbs,"e=0.4,h=6.0,n=30,start_thres=1.25",hub,0.25,10,5,40,1730,0,0,40,1730,0.0,0.0,0.0,0.0,0.1653798588297584
ni_tfnbs,"e=0.4,h=7.0,n=30,start_thres=1.25",hub,0.25,10,5,40,1730,0,0,40,1730,0.0,0.0,0.0,0.0,0.1653798588297584
ni_tfnbs,"e=0.4,h=8.0,n=30,start_thres=1.25",hub,0.25,10,5,40,1730,0,0,40,1730,0.0,0.0,0.0,0.0,0.1653798588297584
ni_tfnbs,"e=0.4,h=9.0,n=30,start_thres=1.25",hub,0.25,10,5,40,1730,0,0,40,1730,0.0,0.0,0.0,0.0,0.1653798588297584
ni_tfnbs,"e=0.4,h=10.0,n=30,start_thres=1.25",hub,0.25,10,5,40,1730,0,0,40,1730,0.0,0.0,0.0,0.0,0.1653798588297584
ni_tfnbs,"e=0.5,h=0.5,n=30,start_thres=1.25",hub,0.25,10,5,40,1730,1,0,39,1730,0.025,0.0,1.0,0.0,0.1653798588297584
ni_tfnbs,"e=0.5,h=1.0,n=30,start_thres=1.25",hub,0.25,10,5,40,1730,0,0,40,1730,0.0,0.0,0.0,0.0,0.1653798588297584
ni_tfnbs,"e=0.5,h=2.0,n=30,start_thres=1.25",hub,0.25,10,5,40,1730,0,0,40,1730,0.0,0.0,0.0,0.0,0.1653798588297584
ni_tfnbs,"e=0.5,h=3.0,n=30,start_thres=1.25",hub,0.25,10,5,40,1730,0,0,40,1730,0.0,0.0,0.0,0.0,0.1653798588297584
ni_tfnbs,"e=0.5,h=4.0,n=30,start_thres=1.25",hub,0.25,10,5,40,1730,0,0,40,1730,0.0,0.0,0.0,0.0,0.1653798588297584
ni_tfnbs,"e=0.5,h=5.0,n=30,start_thres=1.25",hub,0.25,10,5,40,1730,0,0,40,1730,0.0,0.0,0.0,0.0,0.1653798588297584
ni_tfnbs,"e=0.5,h=6.0,n=30,start_thres=1.25",hub,0.25,10,5,40,1730,0,0,40,1730,0.0,0.0,0.0,0.0,0.1653798588297584
ni_tfnbs,"e=0.5,h=7.0,n=30,start_thres=1.25",hub,0.25,10,5,40,1730,0,0,40,1730,0.0,0.0,0.0,0.0,0.1653798588297584
ni_tfnbs,"e=0.5,h=8.0,n=30,start_thres=1.25",hub,0.25,10,5,40,1730,0,0,40,1730,0.0,0.0,0.0,0.0,0.1653798588297584
ni_tfnbs,"e=0.5,h=9.0,n=30,start_thres=1.25",hub,0.25,10,5,40,1730,0,0,40,1730,0.0,0.0,0.0,0.0,0.1653798588297584
ni_tfnbs,"e=0.5,h=10.0,n=30,start_thres=1.25",hub,0.25,10,5,40,1730,0,0,40,1730,0.0,0.0,0.0,0.0,0.1653798588297584
ni_tfnbs,"e=0.6,h=0.5,n=30,start_thres=1.25",hub,0.25,10,5,40,1730,1,0,39,1730,0.025,0.0,1.0,0.0,0.1653798588297584
ni_tfnbs,"e=0.6,h=1.0,n=30,start_thres=1.25",hub,0.25,10,5,40,1730,1,0,39,1730,0.025,0.0,1.0,0.0,0.1653798588297584
ni_tfnbs,"e=0.6,h=2.0,n=30,start_thres=1.25",hub,0.25,10,5,40,1730,0,0,40,1730,0.0,0.0,0.0,0.0,0.1653798588297584
ni_tfnbs,"e=0.6,h=3.0,n=30,start_thres=1.25",hub,0.25,10,5,40,1730,0,0,40,1730,0.0,0.0,0.0,0.0,0.1653798588297584
ni_tfnbs,"e=0.6,h=4.0,n=30,start_thres=1.25",hub,0.25,10,5,40,1730,0,0,40,1730,0.0,0.0,0.0,0.0,0.1653798588297584
ni_tfnbs,"e=0.6,h=5.0,n=30,start_thres=1.25",hub,0.25,10,5,40,1730,0,0,40,1730,0.0,0.0,0.0,0.0,0.1653798588297584
ni_tfnbs,"e=0.6,h=6.0,n=30,start_thres=1.25",hub,0.25,10,5,40,1730,0,0,40,1730,0.0,0.0,0.0,0.0,0.1653798588297584
ni_tfnbs,"e=0.6,h=7.0,n=30,start_thres=1.25",hub,0.25,10,5,40,1730,0,0,40,1730,0.0,0.0,0.0,0.0,0.1653798588297584
ni_tfnbs,"e=0.6,h=8.0,n=30,start_thres=1.25",hub,0.25,10,5,40,1730,0,0,40,1730,0.0,0.0,0.0,0.0,0.1653798588297584
ni_tfnbs,"e=0.6,h=9.0,n=30,start_thres=1.25",hub,0.25,10,5,40,1730,0,0,40,1730,0.0,0.0,0.0,0.0,0.1653798588297584
ni_tfnbs,"e=0.6,h=10.0,n=30,start_thres=1.25",hub,0.25,10,5,40,1730,0,0,40,1730,0.0,0.0,0.0,0.0,0.1653798588297584
ni_tfnbs,"e=0.7,h=0.5,n=30,start_thres=1.25",hub,0.25,10,5,40,1730,1,0,39,1730,0.025,0.0,1.0,0.0,0.1653798588297584
ni_tfnbs,"e=0.7,h=1.0,n=30,start_thres=1.25",hub,0.25,10,5,40,1730,1,0,39,1730,0.025,0.0,1.0,0.0,0.1653798588297584
ni_tfnbs,"e=0.7,h=2.0,n=30,start_thres=1.25",hub,0.25,10,5,40,1730,0,0,40,1730,0.0,0.0,0.0,0.0,0.1653798588297584
ni_tfnbs,"e=0.7,h=3.0,n=30,start_thres=1.25",hub,0.25,10,5,40,1730,0,0,40,1730,0.0,0.0,0.0,0.0,0.1653798588297584
ni_tfnbs,"e=0.7,h=4.0,n=30,start_thres=1.25",hub,0.25,10,5,40,1730,0,0,40,1730,0.0,0.0,0.0,0.0,0.1653798588297584
ni_tfnbs,"e=0.7,h=5.0,n=30,start_thres=1.25",hub,0.25,10,5,40,1730,0,0,40,1730,0.0,0.0,0.0,0.0,0.1653798588297584
ni_tfnbs,"e=0.7,h=6.0,n=30,start_thres=1.25",hub,0.25,10,5,40,1730,0,0,40,1730,0.0,0.0,0.0,0.0,0.1653798588297584
ni_tfnbs,"e=0.7,h=7.0,n=30,start_thres=1.25",hub,0.25,10,5,40,1730,0,0,40,1730,0.0,0.0,0.0,0.0,0.1653798588297584
ni_tfnbs,"e=0.7,h=8.0,n=30,start_thres=1.25",hub,0.25,10,5,40,1730,0,0,40,1730,0.0,0.0,0.0,0.0,0.1653798588297584
ni_tfnbs,"e=0.7,h=9.0,n=30,start_thres=1.25",hub,0.25,10,5,40,1730,0,0,40,1730,0.0,0.0,0.0,0.0,0.1653798588297584
ni_tfnbs,"e=0.7,h=10.0,n=30,start_thres=1.25",hub,0.25,10,5,40,1730,0,0,40,1730,0.0,0.0,0.0,0.0,0.1653798588297584
ni_tfnbs,"e=0.8,h=0.5,n=30,start_thres=1.25",hub,0.25,10,5,40,1730,0,0,40,1730,0.0,0.0,0.0,0.0,0.1653798588297584
ni_tfnbs,"e=0.8,h=1.0,n=30,start_thres=1.25",hub,0.25,10,5,40,1730,0,0,40,1730,0.0,0.0,0.0,0.0,0.1653798588297584
ni_tfnbs,"e=0.8,h=2.0,n=30,start_thres=1.25",hub,0.25,10,5,40,1730,0,0,40,1730,0.0,0.0,0.0,0.0,0.1653798588297584
ni_tfnbs,"e=0.8,h=3.0,n=30,start_thres=1.25",hub,0.25,10,5,40,1730,0,0,40,1730,0.0,0.0,0.0,0.0,0.1653798588297584
ni_tfnbs,"e=0.8,h=4.0,n=30,start_thres=1.25",hub,0.25,10,5,40,1730,0,0,40,1730,0.0,0.0,0.0,0.0,0.1653798588297584
ni_tfnbs,"e=0.8,h=5.0,n=30,start_thres=1.25",hub,0.25,10,5,40,1730,0,0,40,1730,0.0,0.0,0.0,0.0,0.1653798588297584
ni_tfnbs,"e=0.8,h=6.0,n=30,start_thres=1.25",hub,0.25,10,5,40,1730,0,0,40,1730,0.0,0.0,0.0,0.0,0.1653798588297584
ni_tfnbs,"e=0.8,h=7.0,n=30,start_thres=1.25",hub,0.25,10,5,40,1730,0,0,40,1730,0.0,0.0,0.0,0.0,0.1653798588297584
ni_tfnbs,"e=0.8,h=8.0,n=30,start_thres=1.25",hub,0.25,10,5,40,1730,0,0,40,1730,0.0,0.0,0.0,0.0,0.1653798588297584
ni_tfnbs,"e=0.8,h=9.0,n=30,start_thres=1.25",hub,0.25,10,5,40,1730,0,0,40,1730,0.0,0.0,0.0,0.0,0.1653798588297584
ni_tfnbs,"e=0.8,h=10.0,n=30,start_thres=1.25",hub,0.25,10,5,40,1730,0,0,40,1730,0.0,0.0,0.0,0.0,0.1653798588297584
ni_tfnbs,"e=0.9,h=0.5,n=30,start_thres=1.25",hub,0.25,10,5,40,1730,0,0,40,1730,0.0,0.0,0.0,0.0,0.1653798588297584
ni_tfnbs,"e=0.9,h=1.0,n=30,start_thres=1.25",hub,0.25,10,5,40,1730,0,0,40,1730,0.0,0.0,0.0,0.0,0.1653798588297584
ni_tfnbs,"e=0.9,h=2.0,n=30,start_thres=1.25",hub,0.25,10,5,40,1730,0,0,40,1730,0.0,0.0,0.0,0.0,0.1653798588297584
ni_tfnbs,"e=0.9,h=3.0,n=30,start_thres=1.25",hub,0.25,10,5,40,1730,0,0,40,1730,0.0,0.0,0.0,0.0,0.1653798588297584
ni_tfnbs,"e=0.9,h=4.0,n=30,start_thres=1.25",hub,0.25,10,5,40,1730,0,0,40,1730,0.0,0.0,0.0,0.0,0.1653798588297584
ni_tfnbs,"e=0.9,h=5.0,n=30,start_thres=1.25",hub,0.25,10,5,40,1730,0,0,40,1730,0.0,0.0,0.0,0.0,0.1653798588297584
ni_tfnbs,"e=0.9,h=6.0,n=30,start_thres=1.25",hub,0.25,10,5,40,1730,0,0,40,1730,0.0,0.0,0.0,0.0,0.1653798588297584
ni_tfnbs,"e=0.9,h=7.0,n=30,start_thres=1.25",hub,0.25,10,5,40,1730,0,0,40,1730,0.0,0.0,0.0,0.0,0.1653798588297584
ni_tfnbs,"e=0.9,h=8.0,n=30,start_thres=1.25",hub,0.25,10,5,40,1730,0,0,40,1730,0.0,0.0,0.0,0.0,0.1653798588297584
ni_tfnbs,"e=0.9,h=9.0,n=30,start_thres=1.25",hub,0.25,10,5,40,1730,0,0,40,1730,0.0,0.0,0.0,0.0,0.1653798588297584
ni_tfnbs,"e=0.9,h=10.0,n=30,start_thres=1.25",hub,0.25,10,5,40,1730,0,0,40,1730,0.0,0.0,0.0,0.0,0.1653798588297584
ni_tfnbs,"e=1.0,h=0.5,n=30,start_thres=1.25",hub,0.25,10,5,40,1730,0,0,40,1730,0.0,0.0,0.0,0.0,0.1653798588297584
ni_tfnbs,"e=1.0,h=1.0,n=30,start_thres=1.25",hub,0.25,10,5,40,1730,0,0,40,1730,0.0,0.0,0.0,0.0,0.1653798588297584
ni_tfnbs,"e=1.0,h=2.0,n=30,start_thres=1.25",hub,0.25,10,5,40,1730,0,0,40,1730,0.0,0.0,0.0,0.0,0.1653798588297584
ni_tfnbs,"e=1.0,h=3.0,n=30,start_thres=1.25",hub,0.25,10,5,40,1730,0,0,40,1730,0.0,0.0,0.0,0.0,0.1653798588297584
ni_tfnbs,"e=1.0,h=4.0,n=30,start_thres=1.25",hub,0.25,10,5,40,1730,0,0,40,1730,0.0,0.0,0.0,0.0,0.1653798588297584
ni_tfnbs,"e=1.0,h=5.0,n=30,start_thres=1.25",hub,0.25,10,5,40,1730,0,0,40,1730,0.0,0.0,0.0,0.0,0.1653798588297584
ni_tfnbs,"e=1.0,h=6.0,n=30,start_thres=1.25",hub,0.25,10,5,40,1730,0,0,40,1730,0.0,0.0,0.0,0.0,0.1653798588297584
ni_tfnbs,"e=1.0,h=7.0,n=30,start_thres=1.25",hub,0.25,10,5,40,1730,0,0,40,1730,0.0,0.0,0.0,0.0,0.1653798588297584
ni_tfnbs,"e=1.0,h=8.0,n=30,start_thres=1.25",hub,0.25,10,5,40,1730,0,0,40,1730,0.0,0.0,0.0,0.0,0.1653798588297584
ni_tfnbs,"e=1.0,h=9.0,n=30,start_thres=1.25",hub,0.25,10,5,40,1730,0,0,40,1730,0.0,0.0,0.0,0.0,0.1653798588297584
ni_tfnbs,"e=1.0,h=10.0,n=30,start_thres=1.25",hub,0.25,10,5,40,1730,0,0,40,1730,0.0,0.0,0.0,0.0,0.1653798588297584
ni_tfnbs,"e=1.1,h=0.5,n=30,start_thres=1.25",hub,0.25,10,5,40,1730,0,0,40,1730,0.0,0.0,0.0,0.0,0.1653798588297584
ni_tfnbs,"e=1.1,h=1.0,n=30,start_thres=1.25",hub,0.25,10,5,40,1730,0,0,40,1730,0.0,0.0,0.0,0.0,0.1653798588297584
ni_tfnbs,"e=1.1,h=2.0,n=30,start_thres=1.25",hub,0.25,10,5,40,1730,0,0,40,1730,0.0,0.0,0.0,0.0,0.1653798588297584
ni_tfnbs,"e=1.1,h=3.0,n=30,start_thres=1.25",hub,0.25,10,5,40,1730,0,0,40,1730,0.0,0.0,0.0,0.0,0.1653798588297584
ni_tfnbs,"e=1.1,h=4.0,n=30,start_thres=1.25",hub,0.25,10,5,40,1730,0,0,40,1730,0.0,0.0,0.0,0.0,0.1653798588297584
ni_tfnbs,"e=1.1,h=5.0,n=30,start_thres=1.25",hub,0.25,10,5,40,1730,0,0,40,1730,0.0,0.0,0.0,0.0,0.1653798588297584
ni_tfnbs,"e=1.1,h=6.0,n=30,start_thres=1.25",hub,0.25,10,5,40,1730,0,0,40,1730,0.0,0.0,0.0,0.0,0.1653798588297584
ni_tfnbs,"e=1.1,h=7.0,n=30,start_thres=1.25",hub,0.25,10,5,40,1730,0,0,40,1730,0.0,0.0,0.0,0.0,0.1653798588297584
ni_tfnbs,"e=1.1,h=8.0,n=30,start_thres=1.25",hub,0.25,10,5,40,1730,0,0,40,1730,0.0,0.0,0.0,0.0,0.1653798588297584
ni_tfnbs,"e=1.1,h=9.0,n=30,start_thres=1.25",hub,0.25,10,5,40,1730,0,0,40,1730,0.0,0.0,0.0,0.0,0.1653798588297584
ni_tfnbs,"e=1.1,h=10.0,n=30,start_thres=1.25",hub,0.25,10,5,40,1730,0,0,40,1730,0.0,0.0,0.0,0.0,0.1653798588297584
ni_tfnbs,"e=1.2,h=0.5,n=30,start_thres=1.25",hub,0.25,10,5,40,1730,0,0,40,1730,0.0,0.0,0.0,0.0,0.1653798588297584
ni_tfnbs,"e=1.2,h=1.0,n=30,start_thres=1.25",hub,0.25,10,5,40,1730,0,0,40,1730,0.0,0.0,0.0,0.0,0.1653798588297584
ni_tfnbs,"e=1.2,h=2.0,n=30,start_thres=1.25",hub,0.25,10,5,40,1730,0,0,40,1730,0.0,0.0,0.0,0.0,0.1653798588297584
ni_tfnbs,"e=1.2,h=3.0,n=30,start_thres=1.25",hub,0.25,10,5,40,1730,0,0,40,1730,0.0,0.0,0.0,0.0,0.1653798588297584
ni_tfnbs,"e=1.2,h=4.0,n=30,start_thres=1.25",hub,0.25,10,5,40,1730,0,0,40,1730,0.0,0.0,0.0,0.0,0.1653798588297584
ni_tfnbs,"e=1.2,h=5.0,n=30,start_thres=1.25",hub,0.25,10,5,40,1730,0,0,40,1730,0.0,0.0,0.0,0.0,0.1653798588297584
ni_tfnbs,"e=1.2,h=6.0,n=30,start_thres=1.25",hub,0.25,10,5,40,1730,0,0,40,1730,0.0,0.0,0.0,0.0,0.1653798588297584
ni_tfnbs,"e=1.2,h=7.0,n=30,start_thres=1.25",hub,0.25,10,5,40,1730,0,0,40,1730,0.0,0.0,0.0,0.0,0.1653798588297584
ni_tfnbs,"e=1.2,h=8.0,n=30,start_thres=1.25",hub,0.25,10,5,40,1730,0,0,40,1730,0.0,0.0,0.0,0.0,0.1653798588297584
ni_tfnbs,"e=1.2,h=9.0,n=30,start_thres=1.25",hub,0.25,10,5,40,1730,0,0,40,1730,0.0,0.0,0.0,0.0,0.1653798588297584
ni_tfnbs,"e=1.2,h=10.0,n=30,start_thres=1.25",hub,0.25,10,5,40,1730,0,0,40,1730,0.0,0.0,0.0,0.0,0.1653798588297584
ni_tfnbs,"e=1.3,h=0.5,n=30,start_thres=1.25",hub,0.25,10,5,40,1730,0,0,40,1730,0.0,0.0,0.0,0.0,0.1653798588297584
ni_tfnbs,"e=1.3,h=1.0,n=30,start_thres=1.25",hub,0.25,10,5,40,1730,0,0,40,1730,0.0,0.0,0.0,0.0,0.1653798588297584
ni_tfnbs,"e=1.3,h=2.0,n=30,start_thres=1.25",hub,0.25,10,5,40,1730,0,0,40,1730,0.0,0.0,0.0,0.0,0.1653798588297584
ni_tfnbs,"e=1.3,h=3.0,n=30,start_thres=1.25",hub,0.25,10,5,40,1730,0,0,40,1730,0.0,0.0,0.0,0.0,0.1653798588297584
ni_tfnbs,"e=1.3,h=4.0,n=30,start_thres=1.25",hub,0.25,10,5,40,1730,0,0,40,1730,0.0,0.0,0.0,0.0,0.1653798588297584
ni_tfnbs,"e=1.3,h=5.0,n=30,start_thres=1.25",hub,0.25,10,5,40,1730,0,0,40,1730,0.0,0.0,0.0,0.0,0.1653798588297584
ni_tfnbs,"e=1.3,h=6.0,n=30,start_thres=1.25",hub,0.25,10,5,40,1730,0,0,40,1730,0.0,0.0,0.0,0.0,0.1653798588297584
ni_tfnbs,"e=1.3,h=7.0,n=30,start_thres=1.25",hub,0.25,10,5,40,1730,0,0,40,1730,0.0,0.0,0.0,0.0,0.1653798588297584
ni_tfnbs,"e=1.3,h=8.0,n=30,start_thres=1.25",hub,0.25,10,5,40,1730,0,0,40,1730,0.0,0.0,0.0,0.0,0.1653798588297584
ni_tfnbs,"e=1.3,h=9.0,n=30,start_thres=1.25",hub,0.25,10,5,40,1730,0,0,40,1730,0.0,0.0,0.0,0.0,0.1653798588297584
ni_tfnbs,"e=1.3,h=10.0,n=30,start_thres=1.25",hub,0.25,10,5,40,1730,0,0,40,1730,0.0,0.0,0.0,0.0,0.1653798588297584
ni_tfnbs,"e=1.4,h=0.5,n=30,start_thres=1.25",hub,0.25,10,5,40,1730,0,0,40,1730,0.0,0.0,0.0,0.0,0.1653798588297584
ni_tfnbs,"e=1.4,h=1.0,n=30,start_thres=1.25",hub,0.25,10,5,40,1730,0,0,40,1730,0.0,0.0,0.0,0.0,0.1653798588297584
ni_tfnbs,"e=1.4,h=2.0,n=30,start_thres=1.25",hub,0.25,10,5,40,1730,0,0,40,1730,0.0,0.0,0.0,0.0,0.1653798588297584
ni_tfnbs,"e=1.4,h=3.0,n=30,start_thres=1.25",hub,0.25,10,5,40,1730,0,0,40,1730,0.0,0.0,0.0,0.0,0.1653798588297584
ni_tfnbs,"e=1.4,h=4.0,n=30,start_thres=1.25",hub,0.25,10,5,40,1730,0,0,40,1730,0.0,0.0,0.0,0.0,0.1653798588297584
ni_tfnbs,"e=1.4,h=5.0,n=30,start_thres=1.25",hub,0.25,10,5,40,1730,0,0,40,1730,0.0,0.0,0.0,0.0,0.1653798588297584
ni_tfnbs,"e=1.4,h=6.0,n=30,start_thres=1.25",hub,0.25,10,5,40,1730,0,0,40,1730,0.0,0.0,0.0,0.0,0.1653798588297584
ni_tfnbs,"e=1.4,h=7.0,n=30,start_thres=1.25",hub,0.25,10,5,40,1730,0,0,40,1730,0.0,0.0,0.0,0.0,0.1653798588297584
ni_tfnbs,"e=1.4,h=8.0,n=30,start_thres=1.25",hub,0.25,10,5,40,1730,0,0,40,1730,0.0,0.0,0.0,0.0,0.1653798588297584
ni_tfnbs,"e=1.4,h=9.0,n=30,start_thres=1.25",hub,0.25,10,5,40,1730,0,0,40,1730,0.0,0.0,0.0,0.0,0.1653798588297584
ni_tfnbs,"e=1.4,h=10.0,n=30,start_thres=1.25",hub,0.25,10,5,40,1730,0,0,40,1730,0.0,0.0,0.0,0.0,0.1653798588297584
ni_tfnbs,"e=1.5,h=0.5,n=30,start_thres=1.25",hub,0.25,10,5,40,1730,0,0,40,1730,0.0,0.0,0.0,0.0,0.1653798588297584
ni_tfnbs,"e=1.5,h=1.0,n=30,start_thres=1.25",hub,0.25,10,5,40,1730,0,0,40,1730,0.0,0.0,0.0,0.0,0.1653798588297584
ni_tfnbs,"e=1.5,h=2.0,n=30,start_thres=1.25",hub,0.25,10,5,40,1730,0,0,40,1730,0.0,0.0,0.0,0.0,0.1653798588297584
ni_tfnbs,"e=1.5,h=3.0,n=30,start_thres=1.25",hub,0.25,10,5,40,1730,0,0,40,1730,0.0,0.0,0.0,0.0,0.1653798588297584
ni_tfnbs,"e=1.5,h=4.0,n=30,start_thres=1.25",hub,0.25,10,5,40,1730,0,0,40,1730,0.0,0.0,0.0,0.0,0.1653798588297584
ni_tfnbs,"e=1.5,h=5.0,n=30,start_thres=1.25",hub,0.25,10,5,40,1730,0,0,40,1730,0.0,0.0,0.0,0.0,0.1653798588297584
ni_tfnbs,"e=1.5,h=6.0,n=30,start_thres=1.25",hub,0.25,10,5,40,1730,0,0,40,1730,0.0,0.0,0.0,0.0,0.1653798588297584
ni_tfnbs,"e=1.5,h=7.0,n=30,start_thres=1.25",hub,0.25,10,5,40,1730,0,0,40,1730,0.0,0.0,0.0,0.0,0.1653798588297584
ni_tfnbs,"e=1.5,h=8.0,n=30,start_thres=1.25",hub,0.25,10,5,40,1730,0,0,40,1730,0.0,0.0,0.0,0.0,0.1653798588297584
ni_tfnbs,"e=1.5,h=9.0,n=30,start_thres=1.25",hub,0.25,10,5,40,1730,0,0,40,1730,0.0,0.0,0.0,0.0,0.1653798588297584
ni_tfnbs,"e=1.5,h=10.0,n=30,start_thres=1.25",hub,0.25,10,5,40,1730,0,0,40,1730,0.0,0.0,0.0,0.0,0.1653798588297584
ni_tfnbs,"e=0.05,h=0.5,n=30,start_thres=1.25",hub,0.25,10,6,40,1730,1,0,39,1730,0.025,0.0,1.0,0.0,0.1628408648750998
ni_tfnbs,"e=0.05,h=1.0,n=30,start_thres=1.25",hub,0.25,10,6,40,1730,1,0,39,1730,0.025,0.0,1.0,0.0,0.1628408648750998
ni_tfnbs,"e=0.05,h=2.0,n=30,start_thres=1.25",hub,0.25,10,6,40,1730,1,0,39,1730,0.025,0.0,1.0,0.0,0.1628408648750998
ni_tfnbs,"e=0.05,h=3.0,n=30,start_thres=1.25",hub,0.25,10,6,40,1730,1,0,39,1730,0.025,0.0,1.0,0.0,0.1628408648750998
ni_tfnbs,"e=0.05,h=4.0,n=30,start_thres=1.25",hub,0.25,10,6,40,1730,1,0,39,1730,0.025,0.0,1.0,0.0,0.1628408648750998
ni_tfnbs,"e=0.05,h=5.0,n=30,start_thres=1.25",hub,0.25,10,6,40,1730,1,0,39,1730,0.025,0.0,1.0,0.0,0.1628408648750998
ni_tfnbs,"e=0.05,h=6.0,n=30,start_thres=1.25",hub,0.25,10,6,40,1730,1,0,39,1730,0.025,0.0,1.0,0.0,0.1628408648750998
ni_tfnbs,"e=0.05,h=7.0,n=30,start_thres=1.25",hub,0.25,10,6,40,1730,1,0,39,1730,0.025,0.0,1.0,0.0,0.1628408648750998
ni_tfnbs,"e=0.05,h=8.0,n=30,start_thres=1.25",hub,0.25,10,6,40,1730,1,0,39,1730,0.025,0.0,1.0,0.0,0.1628408648750998
ni_tfnbs,"e=0.05,h=9.0,n=30,start_thres=1.25",hub,0.25,10,6,40,1730,1,0,39,1730,0.025,0.0,1.0,0.0,0.1628408648750998
ni_tfnbs,"e=0.05,h=10.0,n=30,start_thres=1.25",hub,0.25,10,6,40,1730,1,0,39,1730,0.025,0.0,1.0,0.0,0.1628408648750998
ni_tfnbs,"e=0.1,h=0.5,n=30,start_thres=1.25",hub,0.25,10,6,40,1730,1,0,39,1730,0.025,0.0,1.0,0.0,0.1628408648750998
ni_tfnbs,"e=0.1,h=1.0,n=30,start_thres=1.25",hub,0.25,10,6,40,1730,1,0,39,1730,0.025,0.0,1.0,0.0,0.1628408648750998
ni_tfnbs,"e=0.1,h=2.0,n=30,start_thres=1.25",hub,0.25,10,6,40,1730,1,0,39,1730,0.025,0.0,1.0,0.0,0.1628408648750998
ni_tfnbs,"e=0.1,h=3.0,n=30,start_thres=1.25",hub,0.25,10,6,40,1730,1,0,39,1730,0.025,0.0,1.0,0.0,0.1628408648750998
ni_tfnbs,"e=0.1,h=4.0,n=30,start_thres=1.25",hub,0.25,10,6,40,1730,1,0,39,1730,0.025,0.0,1.0,0.0,0.1628408648750998
ni_tfnbs,"e=0.1,h=5.0,n=30,start_thres=1.25",hub,0.25,10,6,40,1730,1,0,39,1730,0.025,0.0,1.0,0.0,0.1628408648750998
ni_tfnbs,"e=0.1,h=6.0,n=30,start_thres=1.25",hub,0.25,10,6,40,1730,1,0,39,1730,0.025,0.0,1.0,0.0,0.1628408648750998
ni_tfnbs,"e=0.1,h=7.0,n=30,start_thres=1.25",hub,0.25,10,6,40,1730,1,0,39,1730,0.025,0.0,1.0,0.0,0.1628408648750998
ni_tfnbs,"e=0.1,h=8.0,n=30,start_thres=1.25",hub,0.25,10,6,40,1730,1,0,39,1730,0.025,0.0,1.0,0.0,0.1628408648750998
ni_tfnbs,"e=0.1,h=9.0,n=30,start_thres=1.25",hub,0.25,10,6,40,1730,1,0,39,1730,0.025,0.0,1.0,0.0,0.1628408648750998
ni_tfnbs,"e=0.1,h=10.0,n=30,start_thres=1.25",hub,0.25,10,6,40,1730,1,0,39,1730,0.025,0.0,1.0,0.0,0.1628408648750998
ni_tfnbs,"e=0.2,h=0.5,n=30,start_thres=1.25",hub,0.25,10,6,40,1730,1,0,39,1730,0.025,0.0,1.0,0.0,0.1628408648750998
ni_tfnbs,"e=0.2,h=1.0,n=30,start_thres=1.25",hub,0.25,10,6,40,1730,1,0,39,1730,0.025,0.0,1.0,0.0,0.1628408648750998
ni_tfnbs,"e=0.2,h=2.0,n=30,start_thres=1.25",hub,0.25,10,6,40,1730,1,0,39,1730,0.025,0.0,1.0,0.0,0.1628408648750998
ni_tfnbs,"e=0.2,h=3.0,n=30,start_thres=1.25",hub,0.25,10,6,40,1730,1,0,39,1730,0.025,0.0,1.0,0.0,0.1628408648750998
ni_tfnbs,"e=0.2,h=4.0,n=30,start_thres=1.25",hub,0.25,10,6,40,1730,1,0,39,1730,0.025,0.0,1.0,0.0,0.1628408648750998
ni_tfnbs,"e=0.2,h=5.0,n=30,start_thres=1.25",hub,0.25,10,6,40,1730,1,0,39,1730,0.025,0.0,1.0,0.0,0.1628408648750998
ni_tfnbs,"e=0.2,h=6.0,n=30,start_thres=1.25",hub,0.25,10,6,40,1730,1,0,39,1730,0.025,0.0,1.0,0.0,0.1628408648750998
ni_tfnbs,"e=0.2,h=7.0,n=30,start_thres=1.25",hub,0.25,10,6,40,1730,1,0,39,1730,0.025,0.0,1.0,0.0,0.1628408648750998
ni_tfnbs,"e=0.2,h=8.0,n=30,start_thres=1.25",hub,0.25,10,6,40,1730,1,0,39,1730,0.025,0.0,1.0,0.0,0.1628408648750998
ni_tfnbs,"e=0.2,h=9.0,n=30,start_thres=1.25",hub,0.25,10,6,40,1730,1,0,39,1730,0.025,0.0,1.0,0.0,0.1628408648750998
ni_tfnbs,"e=0.2,h=10.0,n=30,start_thres=1.25",hub,0.25,10,6,40,1730,1,0,39,1730,0.025,0.0,1.0,0.0,0.1628408648750998
ni_tfnbs,"e=0.3,h=0.5,n=30,start_thres=1.25",hub,0.25,10,6,40,1730,1,0,39,1730,0.025,0.0,1.0,0.0,0.1628408648750998
ni_tfnbs,"e=0.3,h=1.0,n=30,start_thres=1.25",hub,0.25,10,6,40,1730,1,0,39,1730,0.025,0.0,1.0,0.0,0.1628408648750998
ni_tfnbs,"e=0.3,h=2.0,n=30,start_thres=1.25",hub,0.25,10,6,40,1730,1,0,39,1730,0.025,0.0,1.0,0.0,0.1628408648750998
ni_tfnbs,"e=0.3,h=3.0,n=30,start_thres=1.25",hub,0.25,10,6,40,1730,1,0,39,1730,0.025,0.0,1.0,0.0,0.1628408648750998
ni_tfnbs,"e=0.3,h=4.0,n=30,start_thres=1.25",hub,0.25,10,6,40,1730,1,0,39,1730,0.025,0.0,1.0,0.0,0.1628408648750998
ni_tfnbs,"e=0.3,h=5.0,n=30,start_thres=1.25",hub,0.25,10,6,40,1730,1,0,39,1730,0.025,0.0,1.0,0.0,0.1628408648750998
ni_tfnbs,"e=0.3,h=6.0,n=30,start_thres=1.25",hub,0.25,10,6,40,1730,1,0,39,1730,0.025,0.0,1.0,0.0,0.1628408648750998
ni_tfnbs,"e=0.3,h=7.0,n=30,start_thres=1.25",hub,0.25,10,6,40,1730,1,0,39,1730,0.025,0.0,1.0,0.0,0.1628408648750998
ni_tfnbs,"e=0.3,h=8.0,n=30,start_thres=1.25",hub,0.25,10,6,40,1730,1,0,39,1730,0.025,0.0,1.0,0.0,0.1628408648750998
ni_tfnbs,"e=0.3,h=9.0,n=30,start_thres=1.25",hub,0.25,10,6,40,1730,1,0,39,1730,0.025,0.0,1.0,0.0,0.1628408648750998
ni_tfnbs,"e=0.3,h=10.0,n=30,start_thres=1.25",hub,0.25,10,6,40,1730,1,0,39,1730,0.025,0.0,1.0,0.0,0.1628408648750998
ni_tfnbs,"e=0.4,h=0.5,n=30,start_thres=1.25",hub,0.25,10,6,40,1730,1,0,39,1730,0.025,0.0,1.0,0.0,0.1628408648750998
ni_tfnbs,"e=0.4,h=1.0,n=30,start_thres=1.25",hub,0.25,10,6,40,1730,1,0,39,1730,0.025,0.0,1.0,0.0,0.1628408648750998
ni_tfnbs,"e=0.4,h=2.0,n=30,start_thres=1.25",hub,0.25,10,6,40,1730,1,0,39,1730,0.025,0.0,1.0,0.0,0.1628408648750998
ni_tfnbs,"e=0.4,h=3.0,n=30,start_thres=1.25",hub,0.25,10,6,40,1730,1,0,39,1730,0.025,0.0,1.0,0.0,0.1628408648750998
ni_tfnbs,"e=0.4,h=4.0,n=30,start_thres=1.25",hub,0.25,10,6,40,1730,1,0,39,1730,0.025,0.0,1.0,0.0,0.1628408648750998
ni_tfnbs,"e=0.4,h=5.0,n=30,start_thres=1.25",hub,0.25,10,6,40,1730,1,0,39,1730,0.025,0.0,1.0,0.0,0.1628408648750998
ni_tfnbs,"e=0.4,h=6.0,n=30,start_thres=1.25",hub,0.25,10,6,40,1730,1,0,39,1730,0.025,0.0,1.0,0.0,0.1628408648750998
ni_tfnbs,"e=0.4,h=7.0,n=30,start_thres=1.25",hub,0.25,10,6,40,1730,1,0,39,1730,0.025,0.0,1.0,0.0,0.1628408648750998
ni_tfnbs,"e=0.4,h=8.0,n=30,start_thres=1.25",hub,0.25,10,6,40,1730,1,0,39,1730,0.025,0.0,1.0,0.0,0.1628408648750998
ni_tfnbs,"e=0.4,h=9.0,n=30,start_thres=1.25",hub,0.25,10,6,40,1730,1,0,39,1730,0.025,0.0,1.0,0.0,0.1628408648750998
ni_tfnbs,"e=0.4,h=10.0,n=30,start_thres=1.25",hub,0.25,10,6,40,1730,1,0,39,1730,0.025,0.0,1.0,0.0,0.1628408648750998
ni_tfnbs,"e=0.5,h=0.5,n=30,start_thres=1.25",hub,0.25,10,6,40,1730,1,0,39,1730,0.025,0.0,1.0,0.0,0.1628408648750998
ni_tfnbs,"e=0.5,h=1.0,n=30,start_thres=1.25",hub,0.25,10,6,40,1730,1,0,39,1730,0.025,0.0,1.0,0.0,0.1628408648750998
ni_tfnbs,"e=0.5,h=2.0,n=30,start_thres=1.25",hub,0.25,10,6,40,1730,1,0,39,1730,0.025,0.0,1.0,0.0,0.1628408648750998
ni_tfnbs,"e=0.5,h=3.0,n=30,start_thres=1.25",hub,0.25,10,6,40,1730,1,0,39,1730,0.025,0.0,1.0,0.0,0.1628408648750998
ni_tfnbs,"e=0.5,h=4.0,n=30,start_thres=1.25",hub,0.25,10,6,40,1730,1,0,39,1730,0.025,0.0,1.0,0.0,0.1628408648750998
ni_tfnbs,"e=0.5,h=5.0,n=30,start_thres=1.25",hub,0.25,10,6,40,1730,1,0,39,1730,0.025,0.0,1.0,0.0,0.1628408648750998
ni_tfnbs,"e=0.5,h=6.0,n=30,start_thres=1.25",hub,0.25,10,6,40,1730,1,0,39,1730,0.025,0.0,1.0,0.0,0.1628408648750998
ni_tfnbs,"e=0.5,h=7.0,n=30,start_thres=1.25",hub,0.25,10,6,40,1730,1,0,39,1730,0.025,0.0,1.0,0.0,0.1628408648750998
ni_tfnbs,"e=0.5,h=8.0,n=30,start_thres=1.25",hub,0.25,10,6,40,1730,1,0,39,1730,0.025,0.0,1.0,0.0,0.1628408648750998
ni_tfnbs,"e=0.5,h=9.0,n=30,start_thres=1.25",hub,0.25,10,6,40,1730,1,0,39,1730,0.025,0.0,1.0,0.0,0.1628408648750998
ni_tfnbs,"e=0.5,h=10.0,n=30,start_thres=1.25",hub,0.25,10,6,40,1730,1,0,39,1730,0.025,0.0,1.0,0.0,0.1628408648750998
ni_tfnbs,"e=0.6,h=0.5,n=30,start_thres=1.25",hub,0.25,10,6,40,1730,2,0,38,1730,0.05,0.0,1.0,0.0,0.1628408648750998
ni_tfnbs,"e=0.6,h=1.0,n=30,start_thres=1.25",hub,0.25,10,6,40,1730,2,0,38,1730,0.05,0.0,1.0,0.0,0.1628408648750998
ni_tfnbs,"e=0.6,h=2.0,n=30,start_thres=1.25",hub,0.25,10,6,40,1730,1,0,39,1730,0.025,0.0,1.0,0.0,0.1628408648750998
ni_tfnbs,"e=0.6,h=3.0,n=30,start_thres=1.25",hub,0.25,10,6,40,1730,1,0,39,1730,0.025,0.0,1.0,0.0,0.1628408648750998
ni_tfnbs,"e=0.6,h=4.0,n=30,start_thres=1.25",hub,0.25,10,6,40,1730,1,0,39,1730,0.025,0.0,1.0,0.0,0.1628408648750998
ni_tfnbs,"e=0.6,h=5.0,n=30,start_thres=1.25",hub,0.25,10,6,40,1730,1,0,39,1730,0.025,0.0,1.0,0.0,0.1628408648750998
ni_tfnbs,"e=0.6,h=6.0,n=30,start_thres=1.25",hub,0.25,10,6,40,1730,1,0,39,1730,0.025,0.0,1.0,0.0,0.1628408648750998
ni_tfnbs,"e=0.6,h=7.0,n=30,start_thres=1.25",hub,0.25,10,6,40,1730,1,0,39,1730,0.025,0.0,1.0,0.0,0.1628408648750998
ni_tfnbs,"e=0.6,h=8.0,n=30,start_thres=1.25",hub,0.25,10,6,40,1730,1,0,39,1730,0.025,0.0,1.0,0.0,0.1628408648750998
ni_tfnbs,"e=0.6,h=9.0,n=30,start_thres=1.25",hub,0.25,10,6,40,1730,1,0,39,1730,0.025,0.0,1.0,0.0,0.1628408648750998
ni_tfnbs,"e=0.6,h=10.0,n=30,start_thres=1.25",hub,0.25,10,6,40,1730,1,0,39,1730,0.025,0.0,1.0,0.0,0.1628408648750998
ni_tfnbs,"e=0.7,h=0.5,n=30,start_thres=1.25",hub,0.25,10,6,40,1730,2,0,38,1730,0.05,0.0,1.0,0.0,0.1628408648750998
ni_tfnbs,"e=0.7,h=1.0,n=30,start_thres=1.25",hub,0.25,10,6,40,1730,2,0,38,1730,0.05,0.0,1.0,0.0,0.1628408648750998
ni_tfnbs,"e=0.7,h=2.0,n=30,start_thres=1.25",hub,0.25,10,6,40,1730,1,0,39,1730,0.025,0.0,1.0,0.0,0.1628408648750998
ni_tfnbs,"e=0.7,h=3.0,n=30,start_thres=1.25",hub,0.25,10,6,40,1730,1,0,39,1730,0.025,0.0,1.0,0.0,0.1628408648750998
ni_tfnbs,"e=0.7,h=4.0,n=30,start_thres=1.25",hub,0.25,10,6,40,1730,1,0,39,1730,0.025,0.0,1.0,0.0,0.1628408648750998
ni_tfnbs,"e=0.7,h=5.0,n=30,start_thres=1.25",hub,0.25,10,6,40,1730,1,0,39,1730,0.025,0.0,1.0,0.0,0.1628408648750998
ni_tfnbs,"e=0.7,h=6.0,n=30,start_thres=1.25",hub,0.25,10,6,40,1730,1,0,39,1730,0.025,0.0,1.0,0.0,0.1628408648750998
ni_tfnbs,"e=0.7,h=7.0,n=30,start_thres=1.25",hub,0.25,10,6,40,1730,1,0,39,1730,0.025,0.0,1.0,0.0,0.1628408648750998
ni_tfnbs,"e=0.7,h=8.0,n=30,start_thres=1.25",hub,0.25,10,6,40,1730,1,0,39,1730,0.025,0.0,1.0,0.0,0.1628408648750998
ni_tfnbs,"e=0.7,h=9.0,n=30,start_thres=1.25",hub,0.25,10,6,40,1730,1,0,39,1730,0.025,0.0,1.0,0.0,0.1628408648750998
ni_tfnbs,"e=0.7,h=10.0,n=30,start_thres=1.25",hub,0.25,10,6,40,1730,1,0,39,1730,0.025,0.0,1.0,0.0,0.1628408648750998
ni_tfnbs,"e=0.8,h=0.5,n=30,start_thres=1.25",hub,0.25,10,6,40,1730,2,0,38,1730,0.05,0.0,1.0,0.0,0.1628408648750998
ni_tfnbs,"e=0.8,h=1.0,n=30,start_thres=1.25",hub,0.25,10,6,40,1730,2,0,38,1730,0.05,0.0,1.0,0.0,0.1628408648750998
ni_tfnbs,"e=0.8,h=2.0,n=30,start_thres=1.25",hub,0.25,10,6,40,1730,2,0,38,1730,0.05,0.0,1.0,0.0,0.1628408648750998
ni_tfnbs,"e=0.8,h=3.0,n=30,start_thres=1.25",hub,0.25,10,6,40,1730,1,0,39,1730,0.025,0.0,1.0,0.0,0.1628408648750998
ni_tfnbs,"e=0.8,h=4.0,n=30,start_thres=1.25",hub,0.25,10,6,40,1730,1,0,39,1730,0.025,0.0,1.0,0.0,0.1628408648750998
ni_tfnbs,"e=0.8,h=5.0,n=30,start_thres=1.25",hub,0.25,10,6,40,1730,1,0,39,1730,0.025,0.0,1.0,0.0,0.1628408648750998
ni_tfnbs,"e=0.8,h=6.0,n=30,start_thres=1.25",hub,0.25,10,6,40,1730,1,0,39,1730,0.025,0.0,1.0,0.0,0.1628408648750998
ni_tfnbs,"e=0.8,h=7.0,n=30,start_thres=1.25",hub,0.25,10,6,40,1730,1,0,39,1730,0.025,0.0,1.0,0.0,0.1628408648750998
ni_tfnbs,"e=0.8,h=8.0,n=30,start_thres=1.25",hub,0.25,10,6,40,1730,1,0,39,1730,0.025,0.0,1.0,0.0,0.1628408648750998
ni_tfnbs,"e=0.8,h=9.0,n=30,start_thres=1.25",hub,0.25,10,6,40,1730,1,0,39,1730,0.025,0.0,1.0,0.0,0.1628408648750998
ni_tfnbs,"e=0.8,h=10.0,n=30,start_thres=1.25",hub,0.25,10,6,40,1730,1,0,39,1730,0.025,0.0,1.0,0.0,0.1628408648750998
ni_tfnbs,"e=0.9,h=0.5,n=30,start_thres=1.25",hub,0.25,10,6,40,1730,2,0,38,1730,0.05,0.0,1.0,0.0,0.1628408648750998
ni_tfnbs,"e=0.9,h=1.0,n=30,start_thres=1.25",hub,0.25,10,6,40,1730,2,0,38,1730,0.05,0.0,1.0,0.0,0.1628408648750998
ni_tfnbs,"e=0.9,h=2.0,n=30,start_thres=1.25",hub,0.25,10,6,40,1730,2,0,38,1730,0.05,0.0,1.0,0.0,0.1628408648750998
ni_tfnbs,"e=0.9,h=3.0,n=30,start_thres=1.25",hub,0.25,10,6,40,1730,1,0,39,1730,0.025,0.0,1.0,0.0,0.1628408648750998
ni_tfnbs,"e=0.9,h=4.0,n=30,start_thres=1.25",hub,0.25,10,6,40,1730,1,0,39,1730,0.025,0.0,1.0,0.0,0.1628408648750998
ni_tfnbs,"e=0.9,h=5.0,n=30,start_thres=1.25",hub,0.25,10,6,40,1730,1,0,39,1730,0.025,0.0,1.0,0.0,0.1628408648750998
ni_tfnbs,"e=0.9,h=6.0,n=30,start_thres=1.25",hub,0.25,10,6,40,1730,1,0,39,1730,0.025,0.0,1.0,0.0,0.1628408648750998
ni_tfnbs,"e=0.9,h=7.0,n=30,start_thres=1.25",hub,0.25,10,6,40,1730,1,0,39,1730,0.025,0.0,1.0,0.0,0.1628408648750998
ni_tfnbs,"e=0.9,h=8.0,n=30,start_thres=1.25",hub,0.25,10,6,40,1730,1,0,39,1730,0.025,0.0,1.0,0.0,0.1628408648750998
ni_tfnbs,"e=0.9,h=9.0,n=30,start_thres=1.25",hub,0.25,10,6,40,1730,1,0,39,1730,0.025,0.0,1.0,0.0,0.1628408648750998
ni_tfnbs,"e=0.9,h=10.0,n=30,start_thres=1.25",hub,0.25,10,6,40,1730,1,0,39,1730,0.025,0.0,1.0,0.0,0.1628408648750998
ni_tfnbs,"e=1.0,h=0.5,n=30,start_thres=1.25",hub,0.25,10,6,40,1730,1,0,39,1730,0.025,0.0,1.0,0.0,0.1628408648750998
ni_tfnbs,"e=1.0,h=1.0,n=30,start_thres=1.25",hub,0.25,10,6,40,1730,2,0,38,1730,0.05,0.0,1.0,0.0,0.1628408648750998
ni_tfnbs,"e=1.0,h=2.0,n=30,start_thres=1.25",hub,0.25,10,6,40,1730,2,0,38,1730,0.05,0.0,1.0,0.0,0.1628408648750998
ni_tfnbs,"e=1.0,h=3.0,n=30,start_thres=1.25",hub,0.25,10,6,40,1730,2,0,38,1730,0.05,0.0,1.0,0.0,0.1628408648750998
ni_tfnbs,"e=1.0,h=4.0,n=30,start_thres=1.25",hub,0.25,10,6,40,1730,1,0,39,1730,0.025,0.0,1.0,0.0,0.1628408648750998
ni_tfnbs,"e=1.0,h=5.0,n=30,start_thres=1.25",hub,0.25,10,6,40,1730,1,0,39,1730,0.025,0.0,1.0,0.0,0.1628408648750998
ni_tfnbs,"e=1.0,h=6.0,n=30,start_thres=1.25",hub,0.25,10,6,40,1730,1,0,39,1730,0.025,0.0,1.0,0.0,0.1628408648750998
ni_tfnbs,"e=1.0,h=7.0,n=30,start_thres=1.25",hub,0.25,10,6,40,1730,1,0,39,1730,0.025,0.0,1.0,0.0,0.1628408648750998
ni_tfnbs,"e=1.0,h=8.0,n=30,start_thres=1.25",hub,0.25,10,6,40,1730,1,0,39,1730,0.025,0.0,1.0,0.0,0.1628408648750998
ni_tfnbs,"e=1.0,h=9.0,n=30,start_thres=1.25",hub,0.25,10,6,40,1730,1,0,39,1730,0.025,0.0,1.0,0.0,0.1628408648750998
ni_tfnbs,"e=1.0,h=10.0,n=30,start_thres=1.25",hub,0.25,10,6,40,1730,1,0,39,1730,0.025,0.0,1.0,0.0,0.1628408648750998
ni_tfnbs,"e=1.1,h=0.5,n=30,start_thres=1.25",hub,0.25,10,6,40,1730,1,0,39,1730,0.025,0.0,1.0,0.0,0.1628408648750998
ni_tfnbs,"e=1.1,h=1.0,n=30,start_thres=1.25",hub,0.25,10,6,40,1730,1,0,39,1730,0.025,0.0,1.0,0.0,0.1628408648750998
ni_tfnbs,"e=1.1,h=2.0,n=30,start_thres=1.25",hub,0.25,10,6,40,1730,2,0,38,1730,0.05,0.0,1.0,0.0,0.1628408648750998
ni_tfnbs,"e=1.1,h=3.0,n=30,start_thres=1.25",hub,0.25,10,6,40,1730,2,0,38,1730,0.05,0.0,1.0,0.0,0.1628408648750998
ni_tfnbs,"e=1.1,h=4.0,n=30,start_thres=1.25",hub,0.25,10,6,40,1730,1,0,39,1730,0.025,0.0,1.0,0.0,0.1628408648750998
ni_tfnbs,"e=1.1,h=5.0,n=30,start_thres=1.25",hub,0.25,10,6,40,1730,1,0,39,1730,0.025,0.0,1.0,0.0,0.1628408648750998
ni_tfnbs,"e=1.1,h=6.0,n=30,start_thres=1.25",hub,0.25,10,6,40,1730,1,0,39,1730,0.025,0.0,1.0,0.0,0.1628408648750998
ni_tfnbs,"e=1.1,h=7.0,n=30,start_thres=1.25",hub,0.25,10,6,40,1730,1,0,39,1730,0.025,0.0,1.0,0.0,0.1628408648750998
ni_tfnbs,"e=1.1,h=8.0,n=30,start_thres=1.25",hub,0.25,10,6,40,1730,1,0,39,1730,0.025,0.0,1.0,0.0,0.1628408648750998
ni_tfnbs,"e=1.1,h=9.0,n=30,start_thres=1.25",hub,0.25,10,6,40,1730,1,0,39,1730,0.025,0.0,1.0,0.0,0.1628408648750998
ni_tfnbs,"e=1.1,h=10.0,n=30,start_thres=1.25",hub,0.25,10,6,40,1730,1,0,39,1730,0.025,0.0,1.0,0.0,0.1628408648750998
ni_tfnbs,"e=1.2,h=0.5,n=30,start_thres=1.25",hub,0.25,10,6,40,1730,1,0,39,1730,0.025,0.0,1.0,0.0,0.1628408648750998
ni_tfnbs,"e=1.2,h=1.0,n=30,start_thres=1.25",hub,0.25,10,6,40,1730,1,0,39,1730,0.025,0.0,1.0,0.0,0.1628408648750998
ni_tfnbs,"e=1.2,h=2.0,n=30,start_thres=1.25",hub,0.25,10,6,40,1730,2,0,38,1730,0.05,0.0,1.0,0.0,0.1628408648750998
ni_tfnbs,"e=1.2,h=3.0,n=30,start_thres=1.25",hub,0.25,10,6,40,1730,2,0,38,1730,0.05,0.0,1.0,0.0,0.1628408648750998
ni_tfnbs,"e=1.2,h=4.0,n=30,start_thres=1.25",hub,0.25,10,6,40,1730,1,0,39,1730,0.025,0.0,1.0,0.0,0.1628408648750998
ni_tfnbs,"e=1.2,h=5.0,n=30,start_thres=1.25",hub,0.25,10,6,40,1730,1,0,39,1730,0.025,0.0,1.0,0.0,0.1628408648750998
ni_tfnbs,"e=1.2,h=6.0,n=30,start_thres=1.25",hub,0.25,10,6,40,1730,1,0,39,1730,0.025,0.0,1.0,0.0,0.1628408648750998
ni_tfnbs,"e=1.2,h=7.0,n=30,start_thres=1.25",hub,0.25,10,6,40,1730,1,0,39,1730,0.025,0.0,1.0,0.0,0.1628408648750998
ni_tfnbs,"e=1.2,h=8.0,n=30,start_thres=1.25",hub,0.25,10,6,40,1730,1,0,39,1730,0.025,0.0,1.0,0.0,0.1628408648750998
ni_tfnbs,"e=1.2,h=9.0,n=30,start_thres=1.25",hub,0.25,10,6,40,1730,1,0,39,1730,0.025,0.0,1.0,0.0,0.1628408648750998
ni_tfnbs,"e=1.2,h=10.0,n=30,start_thres=1.25",hub,0.25,10,6,40,1730,1,0,39,1730,0.025,0.0,1.0,0.0,0.1628408648750998
ni_tfnbs,"e=1.3,h=0.5,n=30,start_thres=1.25",hub,0.25,10,6,40,1730,0,0,40,1730,0.0,0.0,0.0,0.0,0.1628408648750998
ni_tfnbs,"e=1.3,h=1.0,n=30,start_thres=1.25",hub,0.25,10,6,40,1730,1,0,39,1730,0.025,0.0,1.0,0.0,0.1628408648750998
ni_tfnbs,"e=1.3,h=2.0,n=30,start_thres=1.25",hub,0.25,10,6,40,1730,2,0,38,1730,0.05,0.0,1.0,0.0,0.1628408648750998
ni_tfnbs,"e=1.3,h=3.0,n=30,start_thres=1.25",hub,0.25,10,6,40,1730,2,0,38,1730,0.05,0.0,1.0,0.0,0.1628408648750998
ni_tfnbs,"e=1.3,h=4.0,n=30,start_thres=1.25",hub,0.25,10,6,40,1730,2,0,38,1730,0.05,0.0,1.0,0.0,0.1628408648750998
ni_tfnbs,"e=1.3,h=5.0,n=30,start_thres=1.25",hub,0.25,10,6,40,1730,1,0,39,1730,0.025,0.0,1.0,0.0,0.1628408648750998
ni_tfnbs,"e=1.3,h=6.0,n=30,start_thres=1.25",hub,0.25,10,6,40,1730,1,0,39,1730,0.025,0.0,1.0,0.0,0.1628408648750998
ni_tfnbs,"e=1.3,h=7.0,n=30,start_thres=1.25",hub,0.25,10,6,40,1730,1,0,39,1730,0.025,0.0,1.0,0.0,0.1628408648750998
ni_tfnbs,"e=1.3,h=8.0,n=30,start_thres=1.25",hub,0.25,10,6,40,1730,1,0,39,1730,0.025,0.0,1.0,0.0,0.1628408648750998
ni_tfnbs,"e=1.3,h=9.0,n=30,start_thres=1.25",hub,0.25,10,6,40,1730,1,0,39,1730,0.025,0.0,1.0,0.0,0.1628408648750998
ni_tfnbs,"e=1.3,h=10.0,n=30,start_thres=1.25",hub,0.25,10,6,40,1730,1,0,39,1730,0.025,0.0,1.0,0.0,0.1628408648750998
ni_tfnbs,"e=1.4,h=0.5,n=30,start_thres=1.25",hub,0.25,10,6,40,1730,0,0,40,1730,0.0,0.0,0.0,0.0,0.1628408648750998
ni_tfnbs,"e=1.4,h=1.0,n=30,start_thres=1.25",hub,0.25,10,6,40,1730,0,0,40,1730,0.0,0.0,0.0,0.0,0.1628408648750998
ni_tfnbs,"e=1.4,h=2.0,n=30,start_thres=1.25",hub,0.25,10,6,40,1730,1,0,39,1730,0.025,0.0,1.0,0.0,0.1628408648750998
ni_tfnbs,"e=1.4,h=3.0,n=30,start_thres=1.25",hub,0.25,10,6,40,1730,2,0,38,1730,0.05,0.0,1.0,0.0,0.1628408648750998
ni_tfnbs,"e=1.4,h=4.0,n=30,start_thres=1.25",hub,0.25,10,6,40,1730,2,0,38,1730,0.05,0.0,1.0,0.0,0.1628408648750998
ni_tfnbs,"e=1.4,h=5.0,n=30,start_thres=1.25",hub,0.25,10,6,40,1730,1,0,39,1730,0.025,0.0,1.0,0.0,0.1628408648750998
ni_tfnbs,"e=1.4,h=6.0,n=30,start_thres=1.25",hub,0.25,10,6,40,1730,1,0,39,1730,0.025,0.0,1.0,0.0,0.1628408648750998
ni_tfnbs,"e=1.4,h=7.0,n=30,start_thres=1.25",hub,0.25,10,6,40,1730,1,0,39,1730,0.025,0.0,1.0,0.0,0.1628408648750998
ni_tfnbs,"e=1.4,h=8.0,n=30,start_thres=1.25",hub,0.25,10,6,40,1730,1,0,39,1730,0.025,0.0,1.0,0.0,0.1628408648750998
ni_tfnbs,"e=1.4,h=9.0,n=30,start_thres=1.25",hub,0.25,10,6,40,1730,1,0,39,1730,0.025,0.0,1.0,0.0,0.1628408648750998
ni_tfnbs,"e=1.4,h=10.0,n=30,start_thres=1.25",hub,0.25,10,6,40,1730,1,0,39,1730,0.025,0.0,1.0,0.0,0.1628408648750998
ni_tfnbs,"e=1.5,h=0.5,n=30,start_thres=1.25",hub,0.25,10,6,40,1730,0,0,40,1730,0.0,0.0,0.0,0.0,0.1628408648750998
ni_tfnbs,"e=1.5,h=1.0,n=30,start_thres=1.25",hub,0.25,10,6,40,1730,0,0,40,1730,0.0,0.0,0.0,0.0,0.1628408648750998
ni_tfnbs,"e=1.5,h=2.0,n=30,start_thres=1.25",hub,0.25,10,6,40,1730,1,0,39,1730,0.025,0.0,1.0,0.0,0.1628408648750998
ni_tfnbs,"e=1.5,h=3.0,n=30,start_thres=1.25",hub,0.25,10,6,40,1730,2,0,38,1730,0.05,0.0,1.0,0.0,0.1628408648750998
ni_tfnbs,"e=1.5,h=4.0,n=30,start_thres=1.25",hub,0.25,10,6,40,1730,2,0,38,1730,0.05,0.0,1.0,0.0,0.1628408648750998
ni_tfnbs,"e=1.5,h=5.0,n=30,start_thres=1.25",hub,0.25,10,6,40,1730,2,0,38,1730,0.05,0.0,1.0,0.0,0.1628408648750998
ni_tfnbs,"e=1.5,h=6.0,n=30,start_thres=1.25",hub,0.25,10,6,40,1730,1,0,39,1730,0.025,0.0,1.0,0.0,0.1628408648750998
ni_tfnbs,"e=1.5,h=7.0,n=30,start_thres=1.25",hub,0.25,10,6,40,1730,1,0,39,1730,0.025,0.0,1.0,0.0,0.1628408648750998
ni_tfnbs,"e=1.5,h=8.0,n=30,start_thres=1.25",hub,0.25,10,6,40,1730,1,0,39,1730,0.025,0.0,1.0,0.0,0.1628408648750998
ni_tfnbs,"e=1.5,h=9.0,n=30,start_thres=1.25",hub,0.25,10,6,40,1730,1,0,39,1730,0.025,0.0,1.0,0.0,0.1628408648750998
ni_tfnbs,"e=1.5,h=10.0,n=30,start_thres=1.25",hub,0.25,10,6,40,1730,1,0,39,1730,0.025,0.0,1.0,0.0,0.1628408648750998
ni_tfnbs,"e=0.05,h=0.5,n=30,start_thres=1.25",hub,0.25,10,7,40,1730,0,0,40,1730,0.0,0.0,0.0,0.0,0.1654254834760319
ni_tfnbs,"e=0.05,h=1.0,n=30,start_thres=1.25",hub,0.25,10,7,40,1730,1,0,39,1730,0.025,0.0,1.0,0.0,0.1654254834760319
ni_tfnbs,"e=0.05,h=2.0,n=30,start_thres=1.25",hub,0.25,10,7,40,1730,0,0,40,1730,0.0,0.0,0.0,0.0,0.1654254834760319
ni_tfnbs,"e=0.05,h=3.0,n=30,start_thres=1.25",hub,0.25,10,7,40,1730,0,0,40,1730,0.0,0.0,0.0,0.0,0.1654254834760319
ni_tfnbs,"e=0.05,h=4.0,n=30,start_thres=1.25",hub,0.25,10,7,40,1730,0,0,40,1730,0.0,0.0,0.0,0.0,0.1654254834760319
ni_tfnbs,"e=0.05,h=5.0,n=30,start_thres=1.25",hub,0.25,10,7,40,1730,0,0,40,1730,0.0,0.0,0.0,0.0,0.1654254834760319
ni_tfnbs,"e=0.05,h=6.0,n=30,start_thres=1.25",hub,0.25,10,7,40,1730,0,0,40,1730,0.0,0.0,0.0,0.0,0.1654254834760319
ni_tfnbs,"e=0.05,h=7.0,n=30,start_thres=1.25",hub,0.25,10,7,40,1730,0,0,40,1730,0.0,0.0,0.0,0.0,0.1654254834760319
ni_tfnbs,"e=0.05,h=8.0,n=30,start_thres=1.25",hub,0.25,10,7,40,1730,0,0,40,1730,0.0,0.0,0.0,0.0,0.1654254834760319
ni_tfnbs,"e=0.05,h=9.0,n=30,start_thres=1.25",hub,0.25,10,7,40,1730,0,0,40,1730,0.0,0.0,0.0,0.0,0.1654254834760319
ni_tfnbs,"e=0.05,h=10.0,n=30,start_thres=1.25",hub,0.25,10,7,40,1730,0,0,40,1730,0.0,0.0,0.0,0.0,0.1654254834760319
ni_tfnbs,"e=0.1,h=0.5,n=30,start_thres=1.25",hub,0.25,10,7,40,1730,1,0,39,1730,0.025,0.0,1.0,0.0,0.1654254834760319
ni_tfnbs,"e=0.1,h=1.0,n=30,start_thres=1.25",hub,0.25,10,7,40,1730,1,0,39,1730,0.025,0.0,1.0,0.0,0.1654254834760319
ni_tfnbs,"e=0.1,h=2.0,n=30,start_thres=1.25",hub,0.25,10,7,40,1730,1,0,39,1730,0.025,0.0,1.0,0.0,0.1654254834760319
ni_tfnbs,"e=0.1,h=3.0,n=30,start_thres=1.25",hub,0.25,10,7,40,1730,1,0,39,1730,0.025,0.0,1.0,0.0,0.1654254834760319
ni_tfnbs,"e=0.1,h=4.0,n=30,start_thres=1.25",hub,0.25,10,7,40,1730,1,0,39,1730,0.025,0.0,1.0,0.0,0.1654254834760319
ni_tfnbs,"e=0.1,h=5.0,n=30,start_thres=1.25",hub,0.25,10,7,40,1730,0,0,40,1730,0.0,0.0,0.0,0.0,0.1654254834760319
ni_tfnbs,"e=0.1,h=6.0,n=30,start_thres=1.25",hub,0.25,10,7,40,1730,0,0,40,1730,0.0,0.0,0.0,0.0,0.1654254834760319
ni_tfnbs,"e=0.1,h=7.0,n=30,start_thres=1.25",hub,0.25,10,7,40,1730,0,0,40,1730,0.0,0.0,0.0,0.0,0.1654254834760319
ni_tfnbs,"e=0.1,h=8.0,n=30,start_thres=1.25",hub,0.25,10,7,40,1730,0,0,40,1730,0.0,0.0,0.0,0.0,0.1654254834760319
ni_tfnbs,"e=0.1,h=9.0,n=30,start_thres=1.25",hub,0.25,10,7,40,1730,0,0,40,1730,0.0,0.0,0.0,0.0,0.1654254834760319
ni_tfnbs,"e=0.1,h=10.0,n=30,start_thres=1.25",hub,0.25,10,7,40,1730,0,0,40,1730,0.0,0.0,0.0,0.0,0.1654254834760319
ni_tfnbs,"e=0.2,h=0.5,n=30,start_thres=1.25",hub,0.25,10,7,40,1730,1,0,39,1730,0.025,0.0,1.0,0.0,0.1654254834760319
ni_tfnbs,"e=0.2,h=1.0,n=30,start_thres=1.25",hub,0.25,10,7,40,1730,1,0,39,1730,0.025,0.0,1.0,0.0,0.1654254834760319
ni_tfnbs,"e=0.2,h=2.0,n=30,start_thres=1.25",hub,0.25,10,7,40,1730,1,0,39,1730,0.025,0.0,1.0,0.0,0.1654254834760319
ni_tfnbs,"e=0.2,h=3.0,n=30,start_thres=1.25",hub,0.25,10,7,40,1730,1,0,39,1730,0.025,0.0,1.0,0.0,0.1654254834760319
ni_tfnbs,"e=0.2,h=4.0,n=30,start_thres=1.25",hub,0.25,10,7,40,1730,1,0,39,1730,0.025,0.0,1.0,0.0,0.1654254834760319
ni_tfnbs,"e=0.2,h=5.0,n=30,start_thres=1.25",hub,0.25,10,7,40,1730,1,0,39,1730,0.025,0.0,1.0,0.0,0.1654254834760319
ni_tfnbs,"e=0.2,h=6.0,n=30,start_thres=1.25",hub,0.25,10,7,40,1730,1,0,39,1730,0.025,0.0,1.0,0.0,0.1654254834760319
ni_tfnbs,"e=0.2,h=7.0,n=30,start_thres=1.25",hub,0.25,10,7,40,1730,1,0,39,1730,0.025,0.0,1.0,0.0,0.1654254834760319
ni_tfnbs,"e=0.2,h=8.0,n=30,start_thres=1.25",hub,0.25,10,7,40,1730,1,0,39,1730,0.025,0.0,1.0,0.0,0.1654254834760319
ni_tfnbs,"e=0.2,h=9.0,n=30,start_thres=1.25",hub,0.25,10,7,40,1730,0,0,40,1730,0.0,0.0,0.0,0.0,0.1654254834760319
ni_tfnbs,"e=0.2,h=10.0,n=30,start_thres=1.25",hub,0.25,10,7,40,1730,0,0,40,1730,0.0,0.0,0.0,0.0,0.1654254834760319
ni_tfnbs,"e=0.3,h=0.5,n=30,start_thres=1.25",hub,0.25,10,7,40,1730,1,0,39,1730,0.025,0.0,1.0,0.0,0.1654254834760319
ni_tfnbs,"e=0.3,h=1.0,n=30,start_thres=1.25",hub,0.25,10,7,40,1730,1,0,39,1730,0.025,0.0,1.0,0.0,0.1654254834760319
ni_tfnbs,"e=0.3,h=2.0,n=30,start_thres=1.25",hub,0.25,10,7,40,1730,1,0,39,1730,0.025,0.0,1.0,0.0,0.1654254834760319
ni_tfnbs,"e=0.3,h=3.0,n=30,start_thres=1.25",hub,0.25,10,7,40,1730,1,0,39,1730,0.025,0.0,1.0,0.0,0.1654254834760319
ni_tfnbs,"e=0.3,h=4.0,n=30,start_thres=1.25",hub,0.25,10,7,40,1730,1,0,39,1730,0.025,0.0,1.0,0.0,0.1654254834760319
ni_tfnbs,"e=0.3,h=5.0,n=30,start_thres=1.25",hub,0.25,10,7,40,1730,1,0,39,1730,0.025,0.0,1.0,0.0,0.1654254834760319
ni_tfnbs,"e=0.3,h=6.0,n=30,start_thres=1.25",hub,0.25,10,7,40,1730,1,0,39,1730,0.025,0.0,1.0,0.0,0.1654254834760319
ni_tfnbs,"e=0.3,h=7.0,n=30,start_thres=1.25",hub,0.25,10,7,40,1730,1,0,39,1730,0.025,0.0,1.0,0.0,0.1654254834760319
ni_tfnbs,"e=0.3,h=8.0,n=30,start_thres=1.25",hub,0.25,10,7,40,1730,1,0,39,1730,0.025,0.0,1.0,0.0,0.1654254834760319
ni_tfnbs,"e=0.3,h=9.0,n=30,start_thres=1.25",hub,0.25,10,7,40,1730,1,0,39,1730,0.025,0.0,1.0,0.0,0.1654254834760319
ni_tfnbs,"e=0.3,h=10.0,n=30,start_thres=1.25",hub,0.25,10,7,40,1730,1,0,39,1730,0.025,0.0,1.0,0.0,0.1654254834760319
ni_tfnbs,"e=0.4,h=0.5,n=30,start_thres=1.25",hub,0.25,10,7,40,1730,1,0,39,1730,0.025,0.0,1.0,0.0,0.1654254834760319
ni_tfnbs,"e=0.4,h=1.0,n=30,start_thres=1.25",hub,0.25,10,7,40,1730,1,0,39,1730,0.025,0.0,1.0,0.0,0.1654254834760319
ni_tfnbs,"e=0.4,h=2.0,n=30,start_thres=1.25",hub,0.25,10,7,40,1730,1,0,39,1730,0.025,0.0,1.0,0.0,0.1654254834760319
ni_tfnbs,"e=0.4,h=3.0,n=30,start_thres=1.25",hub,0.25,10,7,40,1730,1,0,39,1730,0.025,0.0,1.0,0.0,0.1654254834760319
ni_tfnbs,"e=0.4,h=4.0,n=30,start_thres=1.25",hub,0.25,10,7,40,1730,1,0,39,1730,0.025,0.0,1.0,0.0,0.1654254834760319
ni_tfnbs,"e=0.4,h=5.0,n=30,start_thres=1.25",hub,0.25,10,7,40,1730,1,0,39,1730,0.025,0.0,1.0,0.0,0.1654254834760319
ni_tfnbs,"e=0.4,h=6.0,n=30,start_thres=1.25",hub,0.25,10,7,40,1730,1,0,39,1730,0.025,0.0,1.0,0.0,0.1654254834760319
ni_tfnbs,"e=0.4,h=7.0,n=30,start_thres=1.25",hub,0.25,10,7,40,1730,1,0,39,1730,0.025,0.0,1.0,0.0,0.1654254834760319
ni_tfnbs,"e=0.4,h=8.0,n=30,start_thres=1.25",hub,0.25,10,7,40,1730,1,0,39,1730,0.025,0.0,1.0,0.0,0.1654254834760319
ni_tfnbs,"e=0.4,h=9.0,n=30,start_thres=1.25",hub,0.25,10,7,40,1730,1,0,39,1730,0.025,0.0,1.0,0.0,0.1654254834760319
ni_tfnbs,"e=0.4,h=10.0,n=30,start_thres=1.25",hub,0.25,10,7,40,1730,1,0,39,1730,0.025,0.0,1.0,0.0,0.1654254834760319
ni_tfnbs,"e=0.5,h=0.5,n=30,start_thres=1.25",hub,0.25,10,7,40,1730,0,0,40,1730,0.0,0.0,0.0,0.0,0.1654254834760319
ni_tfnbs,"e=0.5,h=1.0,n=30,start_thres=1.25",hub,0.25,10,7,40,1730,1,0,39,1730,0.025,0.0,1.0,0.0,0.1654254834760319
ni_tfnbs,"e=0.5,h=2.0,n=30,start_thres=1.25",hub,0.25,10,7,40,1730,1,0,39,1730,0.025,0.0,1.0,0.0,0.1654254834760319
ni_tfnbs,"e=0.5,h=3.0,n=30,start_thres=1.25",hub,0.25,10,7,40,1730,1,0,39,1730,0.025,0.0,1.0,0.0,0.1654254834760319
ni_tfnbs,"e=0.5,h=4.0,n=30,start_thres=1.25",hub,0.25,10,7,40,1730,1,0,39,1730,0.025,0.0,1.0,0.0,0.1654254834760319
ni_tfnbs,"e=0.5,h=5.0,n=30,start_thres=1.25",hub,0.25,10,7,40,1730,1,0,39,1730,0.025,0.0,1.0,0.0,0.1654254834760319
ni_tfnbs,"e=0.5,h=6.0,n=30,start_thres=1.25",hub,0.25,10,7,40,1730,1,0,39,1730,0.025,0.0,1.0,0.0,0.1654254834760319
ni_tfnbs,"e=0.5,h=7.0,n=30,start_thres=1.25",hub,0.25,10,7,40,1730,1,0,39,1730,0.025,0.0,1.0,0.0,0.1654254834760319
ni_tfnbs,"e=0.5,h=8.0,n=30,start_thres=1.25",hub,0.25,10,7,40,1730,1,0,39,1730,0.025,0.0,1.0,0.0,0.1654254834760319
ni_tfnbs,"e=0.5,h=9.0,n=30,start_thres=1.25",hub,0.25,10,7,40,1730,1,0,39,1730,0.025,0.0,1.0,0.0,0.1654254834760319
ni_tfnbs,"e=0.5,h=10.0,n=30,start_thres=1.25",hub,0.25,10,7,40,1730,1,0,39,1730,0.025,0.0,1.0,0.0,0.1654254834760319
ni_tfnbs,"e=0.6,h=0.5,n=30,start_thres=1.25",hub,0.25,10,7,40,1730,0,0,40,1730,0.0,0.0,0.0,0.0,0.1654254834760319
ni_tfnbs,"e=0.6,h=1.0,n=30,start_thres=1.25",hub,0.25,10,7,40,1730,0,0,40,1730,0.0,0.0,0.0,0.0,0.1654254834760319
ni_tfnbs,"e=0.6,h=2.0,n=30,start_thres=1.25",hub,0.25,10,7,40,1730,1,0,39,1730,0.025,0.0,1.0,0.0,0.1654254834760319
ni_tfnbs,"e=0.6,h=3.0,n=30,start_thres=1.25",hub,0.25,10,7,40,1730,1,0,39,1730,0.025,0.0,1.0,0.0,0.1654254834760319
ni_tfnbs,"e=0.6,h=4.0,n=30,start_thres=1.25",hub,0.25,10,7,40,1730,1,0,39,1730,0.025,0.0,1.0,0.0,0.1654254834760319
ni_tfnbs,"e=0.6,h=5.0,n=30,start_thres=1.25",hub,0.25,10,7,40,1730,1,0,39,1730,0.025,0.0,1.0,0.0,0.1654254834760319
ni_tfnbs,"e=0.6,h=6.0,n=30,start_thres=1.25",hub,0.25,10,7,40,1730,1,0,39,1730,0.025,0.0,1.0,0.0,0.1654254834760319
ni_tfnbs,"e=0.6,h=7.0,n=30,start_thres=1.25",hub,0.25,10,7,40,1730,1,0,39,1730,0.025,0.0,1.0,0.0,0.1654254834760319
ni_tfnbs,"e=0.6,h=8.0,n=30,start_thres=1.25",hub,0.25,10,7,40,1730,1,0,39,1730,0.025,0.0,1.0,0.0,0.1654254834760319
ni_tfnbs,"e=0.6,h=9.0,n=30,start_thres=1.25",hub,0.25,10,7,40,1730,1,0,39,1730,0.025,0.0,1.0,0.0,0.1654254834760319
ni_tfnbs,"e=0.6,h=10.0,n=30,start_thres=1.25",hub,0.25,10,7,40,1730,1,0,39,1730,0.025,0.0,1.0,0.0,0.1654254834760319
ni_tfnbs,"e=0.7,h=0.5,n=30,start_thres=1.25",hub,0.25,10,7,40,1730,0,0,40,1730,0.0,0.0,0.0,0.0,0.1654254834760319
ni_tfnbs,"e=0.7,h=1.0,n=30,start_thres=1.25",hub,0.25,10,7,40,1730,0,0,40,1730,0.0,0.0,0.0,0.0,0.1654254834760319
ni_tfnbs,"e=0.7,h=2.0,n=30,start_thres=1.25",hub,0.25,10,7,40,1730,1,0,39,1730,0.025,0.0,1.0,0.0,0.1654254834760319
ni_tfnbs,"e=0.7,h=3.0,n=30,start_thres=1.25",hub,0.25,10,7,40,1730,1,0,39,1730,0.025,0.0,1.0,0.0,0.1654254834760319
ni_tfnbs,"e=0.7,h=4.0,n=30,start_thres=1.25",hub,0.25,10,7,40,1730,1,0,39,1730,0.025,0.0,1.0,0.0,0.1654254834760319
ni_tfnbs,"e=0.7,h=5.0,n=30,start_thres=1.25",hub,0.25,10,7,40,1730,1,0,39,1730,0.025,0.0,1.0,0.0,0.1654254834760319
ni_tfnbs,"e=0.7,h=6.0,n=30,start_thres=1.25",hub,0.25,10,7,40,1730,1,0,39,1730,0.025,0.0,1.0,0.0,0.1654254834760319
ni_tfnbs,"e=0.7,h=7.0,n=30,start_thres=1.25",hub,0.25,10,7,40,1730,1,0,39,1730,0.025,0.0,1.0,0.0,0.1654254834760319
ni_tfnbs,"e=0.7,h=8.0,n=30,start_thres=1.25",hub,0.25,10,7,40,1730,1,0,39,1730,0.025,0.0,1.0,0.0,0.1654254834760319
ni_tfnbs,"e=0.7,h=9.0,n=30,start_thres=1.25",hub,0.25,10,7,40,1730,1,0,39,1730,0.025,0.0,1.0,0.0,0.1654254834760319
ni_tfnbs,"e=0.7,h=10.0,n=30,start_thres=1.25",hub,0.25,10,7,40,1730,1,0,39,1730,0.025,0.0,1.0,0.0,0.1654254834760319
ni_tfnbs,"e=0.8,h=0.5,n=30,start_thres=1.25",hub,0.25,10,7,40,1730,0,0,40,1730,0.0,0.0,0.0,0.0,0.1654254834760319
ni_tfnbs,"e=0.8,h=1.0,n=30,start_thres=1.25",hub,0.25,10,7,40,1730,0,0,40,1730,0.0,0.0,0.0,0.0,0.1654254834760319
ni_tfnbs,"e=0.8,h=2.0,n=30,start_thres=1.25",hub,0.25,10,7,40,1730,0,0,40,1730,0.0,0.0,0.0,0.0,0.1654254834760319
ni_tfnbs,"e=0.8,h=3.0,n=30,start_thres=1.25",hub,0.25,10,7,40,1730,1,0,39,1730,0.025,0.0,1.0,0.0,0.1654254834760319
ni_tfnbs,"e=0.8,h=4.0,n=30,start_thres=1.25",hub,0.25,10,7,40,1730,1,0,39,1730,0.025,0.0,1.0,0.0,0.1654254834760319
ni_tfnbs,"e=0.8,h=5.0,n=30,start_thres=1.25",hub,0.25,10,7,40,1730,1,0,39,1730,0.025,0.0,1.0,0.0,0.1654254834760319
ni_tfnbs,"e=0.8,h=6.0,n=30,start_thres=1.25",hub,0.25,10,7,40,1730,1,0,39,1730,0.025,0.0,1.0,0.0,0.1654254834760319
ni_tfnbs,"e=0.8,h=7.0,n=30,start_thres=1.25",hub,0.25,10,7,40,1730,1,0,39,1730,0.025,0.0,1.0,0.0,0.1654254834760319
ni_tfnbs,"e=0.8,h=8.0,n=30,start_thres=1.25",hub,0.25,10,7,40,1730,1,0,39,1730,0.025,0.0,1.0,0.0,0.1654254834760319
ni_tfnbs,"e=0.8,h=9.0,n=30,start_thres=1.25",hub,0.25,10,7,40,1730,1,0,39,1730,0.025,0.0,1.0,0.0,0.1654254834760319
ni_tfnbs,"e=0.8,h=10.0,n=30,start_thres=1.25",hub,0.25,10,7,40,1730,1,0,39,1730,0.025,0.0,1.0,0.0,0.1654254834760319
ni_tfnbs,"e=0.9,h=0.5,n=30,start_thres=1.25",hub,0.25,10,7,40,1730,0,0,40,1730,0.0,0.0,0.0,0.0,0.1654254834760319
ni_tfnbs,"e=0.9,h=1.0,n=30,start_thres=1.25",hub,0.25,10,7,40,1730,0,0,40,1730,0.0,0.0,0.0,0.0,0.1654254834760319
ni_tfnbs,"e=0.9,h=2.0,n=30,start_thres=1.25",hub,0.25,10,7,40,1730,0,0,40,1730,0.0,0.0,0.0,0.0,0.1654254834760319
ni_tfnbs,"e=0.9,h=3.0,n=30,start_thres=1.25",hub,0.25,10,7,40,1730,1,0,39,1730,0.025,0.0,1.0,0.0,0.1654254834760319
ni_tfnbs,"e=0.9,h=4.0,n=30,start_thres=1.25",hub,0.25,10,7,40,1730,1,0,39,1730,0.025,0.0,1.0,0.0,0.1654254834760319
ni_tfnbs,"e=0.9,h=5.0,n=30,start_thres=1.25",hub,0.25,10,7,40,1730,1,0,39,1730,0.025,0.0,1.0,0.0,0.1654254834760319
ni_tfnbs,"e=0.9,h=6.0,n=30,start_thres=1.25",hub,0.25,10,7,40,1730,1,0,39,1730,0.025,0.0,1.0,0.0,0.1654254834760319
ni_tfnbs,"e=0.9,h=7.0,n=30,start_thres=1.25",hub,0.25,10,7,40,1730,1,0,39,1730,0.025,0.0,1.0,0.0,0.1654254834760319
ni_tfnbs,"e=0.9,h=8.0,n=30,start_thres=1.25",hub,0.25,10,7,40,1730,1,0,39,1730,0.025,0.0,1.0,0.0,0.1654254834760319
ni_tfnbs,"e=0.9,h=9.0,n=30,start_thres=1.25",hub,0.25,10,7,40,1730,1,0,39,1730,0.025,0.0,1.0,0.0,0.1654254834760319
ni_tfnbs,"e=0.9,h=10.0,n=30,start_thres=1.25",hub,0.25,10,7,40,1730,1,0,39,1730,0.025,0.0,1.0,0.0,0.1654254834760319
ni_tfnbs,"e=1.0,h=0.5,n=30,start_thres=1.25",hub,0.25,10,7,40,1730,0,0,40,1730,0.0,0.0,0.0,0.0,0.1654254834760319
ni_tfnbs,"e=1.0,h=1.0,n=30,start_thres=1.25",hub,0.25,10,7,40,1730,0,0,40,1730,0.0,0.0,0.0,0.0,0.1654254834760319
ni_tfnbs,"e=1.0,h=2.0,n=30,start_thres=1.25",hub,0.25,10,7,40,1730,0,0,40,1730,0.0,0.0,0.0,0.0,0.1654254834760319
ni_tfnbs,"e=1.0,h=3.0,n=30,start_thres=1.25",hub,0.25,10,7,40,1730,1,0,39,1730,0.025,0.0,1.0,0.0,0.1654254834760319
ni_tfnbs,"e=1.0,h=4.0,n=30,start_thres=1.25",hub,0.25,10,7,40,1730,1,0,39,1730,0.025,0.0,1.0,0.0,0.1654254834760319
ni_tfnbs,"e=1.0,h=5.0,n=30,start_thres=1.25",hub,0.25,10,7,40,1730,1,0,39,1730,0.025,0.0,1.0,0.0,0.1654254834760319
ni_tfnbs,"e=1.0,h=6.0,n=30,start_thres=1.25",hub,0.25,10,7,40,1730,1,0,39,1730,0.025,0.0,1.0,0.0,0.1654254834760319
ni_tfnbs,"e=1.0,h=7.0,n=30,start_thres=1.25",hub,0.25,10,7,40,1730,1,0,39,1730,0.025,0.0,1.0,0.0,0.1654254834760319
ni_tfnbs,"e=1.0,h=8.0,n=30,start_thres=1.25",hub,0.25,10,7,40,1730,1,0,39,1730,0.025,0.0,1.0,0.0,0.1654254834760319
ni_tfnbs,"e=1.0,h=9.0,n=30,start_thres=1.25",hub,0.25,10,7,40,1730,1,0,39,1730,0.025,0.0,1.0,0.0,0.1654254834760319
ni_tfnbs,"e=1.0,h=10.0,n=30,start_thres=1.25",hub,0.25,10,7,40,1730,1,0,39,1730,0.025,0.0,1.0,0.0,0.1654254834760319
ni_tfnbs,"e=1.1,h=0.5,n=30,start_thres=1.25",hub,0.25,10,7,40,1730,0,0,40,1730,0.0,0.0,0.0,0.0,0.1654254834760319
ni_tfnbs,"e=1.1,h=1.0,n=30,start_thres=1.25",hub,0.25,10,7,40,1730,0,0,40,1730,0.0,0.0,0.0,0.0,0.1654254834760319
ni_tfnbs,"e=1.1,h=2.0,n=30,start_thres=1.25",hub,0.25,10,7,40,1730,0,0,40,1730,0.0,0.0,0.0,0.0,0.1654254834760319
ni_tfnbs,"e=1.1,h=3.0,n=30,start_thres=1.25",hub,0.25,10,7,40,1730,0,0,40,1730,0.0,0.0,0.0,0.0,0.1654254834760319
ni_tfnbs,"e=1.1,h=4.0,n=30,start_thres=1.25",hub,0.25,10,7,40,1730,1,0,39,1730,0.025,0.0,1.0,0.0,0.1654254834760319
ni_tfnbs,"e=1.1,h=5.0,n=30,start_thres=1.25",hub,0.25,10,7,40,1730,1,0,39,1730,0.025,0.0,1.0,0.0,0.1654254834760319
ni_tfnbs,"e=1.1,h=6.0,n=30,start_thres=1.25",hub,0.25,10,7,40,1730,1,0,39,1730,0.025,0.0,1.0,0.0,0.1654254834760319
ni_tfnbs,"e=1.1,h=7.0,n=30,start_thres=1.25",hub,0.25,10,7,40,1730,1,0,39,1730,0.025,0.0,1.0,0.0,0.1654254834760319
ni_tfnbs,"e=1.1,h=8.0,n=30,start_thres=1.25",hub,0.25,10,7,40,1730,1,0,39,1730,0.025,0.0,1.0,0.0,0.1654254834760319
ni_tfnbs,"e=1.1,h=9.0,n=30,start_thres=1.25",hub,0.25,10,7,40,1730,1,0,39,1730,0.025,0.0,1.0,0.0,0.1654254834760319
ni_tfnbs,"e=1.1,h=10.0,n=30,start_thres=1.25",hub,0.25,10,7,40,1730,1,0,39,1730,0.025,0.0,1.0,0.0,0.1654254834760319
ni_tfnbs,"e=1.2,h=0.5,n=30,start_thres=1.25",hub,0.25,10,7,40,1730,0,0,40,1730,0.0,0.0,0.0,0.0,0.1654254834760319
ni_tfnbs,"e=1.2,h=1.0,n=30,start_thres=1.25",hub,0.25,10,7,40,1730,0,0,40,1730,0.0,0.0,0.0,0.0,0.1654254834760319
ni_tfnbs,"e=1.2,h=2.0,n=30,start_thres=1.25",hub,0.25,10,7,40,1730,0,0,40,1730,0.0,0.0,0.0,0.0,0.1654254834760319
ni_tfnbs,"e=1.2,h=3.0,n=30,start_thres=1.25",hub,0.25,10,7,40,1730,0,0,40,1730,0.0,0.0,0.0,0.0,0.1654254834760319
ni_tfnbs,"e=1.2,h=4.0,n=30,start_thres=1.25",hub,0.25,10,7,40,1730,1,0,39,1730,0.025,0.0,1.0,0.0,0.1654254834760319
ni_tfnbs,"e=1.2,h=5.0,n=30,start_thres=1.25",hub,0.25,10,7,40,1730,1,0,39,1730,0.025,0.0,1.0,0.0,0.1654254834760319
ni_tfnbs,"e=1.2,h=6.0,n=30,start_thres=1.25",hub,0.25,10,7,40,1730,1,0,39,1730,0.025,0.0,1.0,0.0,0.1654254834760319
ni_tfnbs,"e=1.2,h=7.0,n=30,start_thres=1.25",hub,0.25,10,7,40,1730,1,0,39,1730,0.025,0.0,1.0,0.0,0.1654254834760319
ni_tfnbs,"e=1.2,h=8.0,n=30,start_thres=1.25",hub,0.25,10,7,40,1730,1,0,39,1730,0.025,0.0,1.0,0.0,0.1654254834760319
ni_tfnbs,"e=1.2,h=9.0,n=30,start_thres=1.25",hub,0.25,10,7,40,1730,1,0,39,1730,0.025,0.0,1.0,0.0,0.1654254834760319
ni_tfnbs,"e=1.2,h=10.0,n=30,start_thres=1.25",hub,0.25,10,7,40,1730,1,0,39,1730,0.025,0.0,1.0,0.0,0.1654254834760319
ni_tfnbs,"e=1.3,h=0.5,n=30,start_thres=1.25",hub,0.25,10,7,40,1730,0,0,40,1730,0.0,0.0,0.0,0.0,0.1654254834760319
ni_tfnbs,"e=1.3,h=1.0,n=30,start_thres=1.25",hub,0.25,10,7,40,1730,0,0,40,1730,0.0,0.0,0.0,0.0,0.1654254834760319
ni_tfnbs,"e=1.3,h=2.0,n=30,start_thres=1.25",hub,0.25,10,7,40,1730,0,0,40,1730,0.0,0.0,0.0,0.0,0.1654254834760319
ni_tfnbs,"e=1.3,h=3.0,n=30,start_thres=1.25",hub,0.25,10,7,40,1730,0,0,40,1730,0.0,0.0,0.0,0.0,0.1654254834760319
ni_tfnbs,"e=1.3,h=4.0,n=30,start_thres=1.25",hub,0.25,10,7,40,1730,1,0,39,1730,0.025,0.0,1.0,0.0,0.1654254834760319
ni_tfnbs,"e=1.3,h=5.0,n=30,start_thres=1.25",hub,0.25,10,7,40,1730,1,0,39,1730,0.025,0.0,1.0,0.0,0.1654254834760319
ni_tfnbs,"e=1.3,h=6.0,n=30,start_thres=1.25",hub,0.25,10,7,40,1730,1,0,39,1730,0.025,0.0,1.0,0.0,0.1654254834760319
ni_tfnbs,"e=1.3,h=7.0,n=30,start_thres=1.25",hub,0.25,10,7,40,1730,1,0,39,1730,0.025,0.0,1.0,0.0,0.1654254834760319
ni_tfnbs,"e=1.3,h=8.0,n=30,start_thres=1.25",hub,0.25,10,7,40,1730,1,0,39,1730,0.025,0.0,1.0,0.0,0.1654254834760319
ni_tfnbs,"e=1.3,h=9.0,n=30,start_thres=1.25",hub,0.25,10,7,40,1730,1,0,39,1730,0.025,0.0,1.0,0.0,0.1654254834760319
ni_tfnbs,"e=1.3,h=10.0,n=30,start_thres=1.25",hub,0.25,10,7,40,1730,1,0,39,1730,0.025,0.0,1.0,0.0,0.1654254834760319
ni_tfnbs,"e=1.4,h=0.5,n=30,start_thres=1.25",hub,0.25,10,7,40,1730,0,0,40,1730,0.0,0.0,0.0,0.0,0.1654254834760319
ni_tfnbs,"e=1.4,h=1.0,n=30,start_thres=1.25",hub,0.25,10,7,40,1730,0,0,40,1730,0.0,0.0,0.0,0.0,0.1654254834760319
ni_tfnbs,"e=1.4,h=2.0,n=30,start_thres=1.25",hub,0.25,10,7,40,1730,0,0,40,1730,0.0,0.0,0.0,0.0,0.1654254834760319
ni_tfnbs,"e=1.4,h=3.0,n=30,start_thres=1.25",hub,0.25,10,7,40,1730,0,0,40,1730,0.0,0.0,0.0,0.0,0.1654254834760319
ni_tfnbs,"e=1.4,h=4.0,n=30,start_thres=1.25",hub,0.25,10,7,40,1730,0,0,40,1730,0.0,0.0,0.0,0.0,0.1654254834760319
ni_tfnbs,"e=1.4,h=5.0,n=30,start_thres=1.25",hub,0.25,10,7,40,1730,1,0,39,1730,0.025,0.0,1.0,0.0,0.1654254834760319
ni_tfnbs,"e=1.4,h=6.0,n=30,start_thres=1.25",hub,0.25,10,7,40,1730,1,0,39,1730,0.025,0.0,1.0,0.0,0.1654254834760319
ni_tfnbs,"e=1.4,h=7.0,n=30,start_thres=1.25",hub,0.25,10,7,40,1730,1,0,39,1730,0.025,0.0,1.0,0.0,0.1654254834760319
ni_tfnbs,"e=1.4,h=8.0,n=30,start_thres=1.25",hub,0.25,10,7,40,1730,1,0,39,1730,0.025,0.0,1.0,0.0,0.1654254834760319
ni_tfnbs,"e=1.4,h=9.0,n=30,start_thres=1.25",hub,0.25,10,7,40,1730,1,0,39,1730,0.025,0.0,1.0,0.0,0.1654254834760319
ni_tfnbs,"e=1.4,h=10.0,n=30,start_thres=1.25",hub,0.25,10,7,40,1730,1,0,39,1730,0.025,0.0,1.0,0.0,0.1654254834760319
ni_tfnbs,"e=1.5,h=0.5,n=30,start_thres=1.25",hub,0.25,10,7,40,1730,0,0,40,1730,0.0,0.0,0.0,0.0,0.1654254834760319
ni_tfnbs,"e=1.5,h=1.0,n=30,start_thres=1.25",hub,0.25,10,7,40,1730,0,0,40,1730,0.0,0.0,0.0,0.0,0.1654254834760319
ni_tfnbs,"e=1.5,h=2.0,n=30,start_thres=1.25",hub,0.25,10,7,40,1730,0,0,40,1730,0.0,0.0,0.0,0.0,0.1654254834760319
ni_tfnbs,"e=1.5,h=3.0,n=30,start_thres=1.25",hub,0.25,10,7,40,1730,0,0,40,1730,0.0,0.0,0.0,0.0,0.1654254834760319
ni_tfnbs,"e=1.5,h=4.0,n=30,start_thres=1.25",hub,0.25,10,7,40,1730,0,0,40,1730,0.0,0.0,0.0,0.0,0.1654254834760319
ni_tfnbs,"e=1.5,h=5.0,n=30,start_thres=1.25",hub,0.25,10,7,40,1730,1,0,39,1730,0.025,0.0,1.0,0.0,0.1654254834760319
ni_tfnbs,"e=1.5,h=6.0,n=30,start_thres=1.25",hub,0.25,10,7,40,1730,1,0,39,1730,0.025,0.0,1.0,0.0,0.1654254834760319
ni_tfnbs,"e=1.5,h=7.0,n=30,start_thres=1.25",hub,0.25,10,7,40,1730,1,0,39,1730,0.025,0.0,1.0,0.0,0.1654254834760319
ni_tfnbs,"e=1.5,h=8.0,n=30,start_thres=1.25",hub,0.25,10,7,40,1730,1,0,39,1730,0.025,0.0,1.0,0.0,0.1654254834760319
ni_tfnbs,"e=1.5,h=9.0,n=30,start_thres=1.25",hub,0.25,10,7,40,1730,1,0,39,1730,0.025,0.0,1.0,0.0,0.1654254834760319
ni_tfnbs,"e=1.5,h=10.0,n=30,start_thres=1.25",hub,0.25,10,7,40,1730,1,0,39,1730,0.025,0.0,1.0,0.0,0.1654254834760319
ni_tfnbs,"e=0.05,h=0.5,n=30,start_thres=1.25",hub,0.25,10,8,40,1730,1,0,39,1730,0.025,0.0,1.0,0.0,0.1632764759388837
ni_tfnbs,"e=0.05,h=1.0,n=30,start_thres=1.25",hub,0.25,10,8,40,1730,1,0,39,1730,0.025,0.0,1.0,0.0,0.1632764759388837
ni_tfnbs,"e=0.05,h=2.0,n=30,start_thres=1.25",hub,0.25,10,8,40,1730,1,0,39,1730,0.025,0.0,1.0,0.0,0.1632764759388837
ni_tfnbs,"e=0.05,h=3.0,n=30,start_thres=1.25",hub,0.25,10,8,40,1730,1,0,39,1730,0.025,0.0,1.0,0.0,0.1632764759388837
ni_tfnbs,"e=0.05,h=4.0,n=30,start_thres=1.25",hub,0.25,10,8,40,1730,1,0,39,1730,0.025,0.0,1.0,0.0,0.1632764759388837
ni_tfnbs,"e=0.05,h=5.0,n=30,start_thres=1.25",hub,0.25,10,8,40,1730,1,0,39,1730,0.025,0.0,1.0,0.0,0.1632764759388837
ni_tfnbs,"e=0.05,h=6.0,n=30,start_thres=1.25",hub,0.25,10,8,40,1730,1,0,39,1730,0.025,0.0,1.0,0.0,0.1632764759388837
ni_tfnbs,"e=0.05,h=7.0,n=30,start_thres=1.25",hub,0.25,10,8,40,1730,1,0,39,1730,0.025,0.0,1.0,0.0,0.1632764759388837
ni_tfnbs,"e=0.05,h=8.0,n=30,start_thres=1.25",hub,0.25,10,8,40,1730,1,0,39,1730,0.025,0.0,1.0,0.0,0.1632764759388837
ni_tfnbs,"e=0.05,h=9.0,n=30,start_thres=1.25",hub,0.25,10,8,40,1730,1,0,39,1730,0.025,0.0,1.0,0.0,0.1632764759388837
ni_tfnbs,"e=0.05,h=10.0,n=30,start_thres=1.25",hub,0.25,10,8,40,1730,1,0,39,1730,0.025,0.0,1.0,0.0,0.1632764759388837
ni_tfnbs,"e=0.1,h=0.5,n=30,start_thres=1.25",hub,0.25,10,8,40,1730,1,0,39,1730,0.025,0.0,1.0,0.0,0.1632764759388837
ni_tfnbs,"e=0.1,h=1.0,n=30,start_thres=1.25",hub,0.25,10,8,40,1730,1,0,39,1730,0.025,0.0,1.0,0.0,0.1632764759388837
ni_tfnbs,"e=0.1,h=2.0,n=30,start_thres=1.25",hub,0.25,10,8,40,1730,1,0,39,1730,0.025,0.0,1.0,0.0,0.1632764759388837
ni_tfnbs,"e=0.1,h=3.0,n=30,start_thres=1.25",hub,0.25,10,8,40,1730,1,0,39,1730,0.025,0.0,1.0,0.0,0.1632764759388837
ni_tfnbs,"e=0.1,h=4.0,n=30,start_thres=1.25",hub,0.25,10,8,40,1730,1,0,39,1730,0.025,0.0,1.0,0.0,0.1632764759388837
ni_tfnbs,"e=0.1,h=5.0,n=30,start_thres=1.25",hub,0.25,10,8,40,1730,1,0,39,1730,0.025,0.0,1.0,0.0,0.1632764759388837
ni_tfnbs,"e=0.1,h=6.0,n=30,start_thres=1.25",hub,0.25,10,8,40,1730,1,0,39,1730,0.025,0.0,1.0,0.0,0.1632764759388837
ni_tfnbs,"e=0.1,h=7.0,n=30,start_thres=1.25",hub,0.25,10,8,40,1730,1,0,39,1730,0.025,0.0,1.0,0.0,0.1632764759388837
ni_tfnbs,"e=0.1,h=8.0,n=30,start_thres=1.25",hub,0.25,10,8,40,1730,1,0,39,1730,0.025,0.0,1.0,0.0,0.1632764759388837
ni_tfnbs,"e=0.1,h=9.0,n=30,start_thres=1.25",hub,0.25,10,8,40,1730,1,0,39,1730,0.025,0.0,1.0,0.0,0.1632764759388837
ni_tfnbs,"e=0.1,h=10.0,n=30,start_thres=1.25",hub,0.25,10,8,40,1730,1,0,39,1730,0.025,0.0,1.0,0.0,0.1632764759388837
ni_tfnbs,"e=0.2,h=0.5,n=30,start_thres=1.25",hub,0.25,10,8,40,1730,1,0,39,1730,0.025,0.0,1.0,0.0,0.1632764759388837
ni_tfnbs,"e=0.2,h=1.0,n=30,start_thres=1.25",hub,0.25,10,8,40,1730,1,0,39,1730,0.025,0.0,1.0,0.0,0.1632764759388837
ni_tfnbs,"e=0.2,h=2.0,n=30,start_thres=1.25",hub,0.25,10,8,40,1730,1,0,39,1730,0.025,0.0,1.0,0.0,0.1632764759388837
ni_tfnbs,"e=0.2,h=3.0,n=30,start_thres=1.25",hub,0.25,10,8,40,1730,1,0,39,1730,0.025,0.0,1.0,0.0,0.1632764759388837
ni_tfnbs,"e=0.2,h=4.0,n=30,start_thres=1.25",hub,0.25,10,8,40,1730,1,0,39,1730,0.025,0.0,1.0,0.0,0.1632764759388837
ni_tfnbs,"e=0.2,h=5.0,n=30,start_thres=1.25",hub,0.25,10,8,40,1730,1,0,39,1730,0.025,0.0,1.0,0.0,0.1632764759388837
ni_tfnbs,"e=0.2,h=6.0,n=30,start_thres=1.25",hub,0.25,10,8,40,1730,1,0,39,1730,0.025,0.0,1.0,0.0,0.1632764759388837
ni_tfnbs,"e=0.2,h=7.0,n=30,start_thres=1.25",hub,0.25,10,8,40,1730,1,0,39,1730,0.025,0.0,1.0,0.0,0.1632764759388837
ni_tfnbs,"e=0.2,h=8.0,n=30,start_thres=1.25",hub,0.25,10,8,40,1730,1,0,39,1730,0.025,0.0,1.0,0.0,0.1632764759388837
ni_tfnbs,"e=0.2,h=9.0,n=30,start_thres=1.25",hub,0.25,10,8,40,1730,1,0,39,1730,0.025,0.0,1.0,0.0,0.1632764759388837
ni_tfnbs,"e=0.2,h=10.0,n=30,start_thres=1.25",hub,0.25,10,8,40,1730,1,0,39,1730,0.025,0.0,1.0,0.0,0.1632764759388837
ni_tfnbs,"e=0.3,h=0.5,n=30,start_thres=1.25",hub,0.25,10,8,40,1730,2,0,38,1730,0.05,0.0,1.0,0.0,0.1632764759388837
ni_tfnbs,"e=0.3,h=1.0,n=30,start_thres=1.25",hub,0.25,10,8,40,1730,2,0,38,1730,0.05,0.0,1.0,0.0,0.1632764759388837
ni_tfnbs,"e=0.3,h=2.0,n=30,start_thres=1.25",hub,0.25,10,8,40,1730,1,0,39,1730,0.025,0.0,1.0,0.0,0.1632764759388837
ni_tfnbs,"e=0.3,h=3.0,n=30,start_thres=1.25",hub,0.25,10,8,40,1730,1,0,39,1730,0.025,0.0,1.0,0.0,0.1632764759388837
ni_tfnbs,"e=0.3,h=4.0,n=30,start_thres=1.25",hub,0.25,10,8,40,1730,1,0,39,1730,0.025,0.0,1.0,0.0,0.1632764759388837
ni_tfnbs,"e=0.3,h=5.0,n=30,start_thres=1.25",hub,0.25,10,8,40,1730,1,0,39,1730,0.025,0.0,1.0,0.0,0.1632764759388837
ni_tfnbs,"e=0.3,h=6.0,n=30,start_thres=1.25",hub,0.25,10,8,40,1730,1,0,39,1730,0.025,0.0,1.0,0.0,0.1632764759388837
ni_tfnbs,"e=0.3,h=7.0,n=30,start_thres=1.25",hub,0.25,10,8,40,1730,1,0,39,1730,0.025,0.0,1.0,0.0,0.1632764759388837
ni_tfnbs,"e=0.3,h=8.0,n=30,start_thres=1.25",hub,0.25,10,8,40,1730,1,0,39,1730,0.025,0.0,1.0,0.0,0.1632764759388837
ni_tfnbs,"e=0.3,h=9.0,n=30,start_thres=1.25",hub,0.25,10,8,40,1730,1,0,39,1730,0.025,0.0,1.0,0.0,0.1632764759388837
ni_tfnbs,"e=0.3,h=10.0,n=30,start_thres=1.25",hub,0.25,10,8,40,1730,1,0,39,1730,0.025,0.0,1.0,0.0,0.1632764759388837
ni_tfnbs,"e=0.4,h=0.5,n=30,start_thres=1.25",hub,0.25,10,8,40,1730,2,1,38,1729,0.05,0.0005780346820809,0.6666666666666666,0.3333333333333333,0.1632764759388837
ni_tfnbs,"e=0.4,h=1.0,n=30,start_thres=1.25",hub,0.25,10,8,40,1730,2,0,38,1730,0.05,0.0,1.0,0.0,0.1632764759388837
ni_tfnbs,"e=0.4,h=2.0,n=30,start_thres=1.25",hub,0.25,10,8,40,1730,2,0,38,1730,0.05,0.0,1.0,0.0,0.1632764759388837
ni_tfnbs,"e=0.4,h=3.0,n=30,start_thres=1.25",hub,0.25,10,8,40,1730,1,0,39,1730,0.025,0.0,1.0,0.0,0.1632764759388837
ni_tfnbs,"e=0.4,h=4.0,n=30,start_thres=1.25",hub,0.25,10,8,40,1730,1,0,39,1730,0.025,0.0,1.0,0.0,0.1632764759388837
ni_tfnbs,"e=0.4,h=5.0,n=30,start_thres=1.25",hub,0.25,10,8,40,1730,1,0,39,1730,0.025,0.0,1.0,0.0,0.1632764759388837
ni_tfnbs,"e=0.4,h=6.0,n=30,start_thres=1.25",hub,0.25,10,8,40,1730,1,0,39,1730,0.025,0.0,1.0,0.0,0.1632764759388837
ni_tfnbs,"e=0.4,h=7.0,n=30,start_thres=1.25",hub,0.25,10,8,40,1730,1,0,39,1730,0.025,0.0,1.0,0.0,0.1632764759388837
ni_tfnbs,"e=0.4,h=8.0,n=30,start_thres=1.25",hub,0.25,10,8,40,1730,1,0,39,1730,0.025,0.0,1.0,0.0,0.1632764759388837
ni_tfnbs,"e=0.4,h=9.0,n=30,start_thres=1.25",hub,0.25,10,8,40,1730,1,0,39,1730,0.025,0.0,1.0,0.0,0.1632764759388837
ni_tfnbs,"e=0.4,h=10.0,n=30,start_thres=1.25",hub,0.25,10,8,40,1730,1,0,39,1730,0.025,0.0,1.0,0.0,0.1632764759388837
ni_tfnbs,"e=0.5,h=0.5,n=30,start_thres=1.25",hub,0.25,10,8,40,1730,2,1,38,1729,0.05,0.0005780346820809,0.6666666666666666,0.3333333333333333,0.1632764759388837
ni_tfnbs,"e=0.5,h=1.0,n=30,start_thres=1.25",hub,0.25,10,8,40,1730,2,1,38,1729,0.05,0.0005780346820809,0.6666666666666666,0.3333333333333333,0.1632764759388837
ni_tfnbs,"e=0.5,h=2.0,n=30,start_thres=1.25",hub,0.25,10,8,40,1730,2,0,38,1730,0.05,0.0,1.0,0.0,0.1632764759388837
ni_tfnbs,"e=0.5,h=3.0,n=30,start_thres=1.25",hub,0.25,10,8,40,1730,2,0,38,1730,0.05,0.0,1.0,0.0,0.1632764759388837
ni_tfnbs,"e=0.5,h=4.0,n=30,start_thres=1.25",hub,0.25,10,8,40,1730,1,0,39,1730,0.025,0.0,1.0,0.0,0.1632764759388837
ni_tfnbs,"e=0.5,h=5.0,n=30,start_thres=1.25",hub,0.25,10,8,40,1730,1,0,39,1730,0.025,0.0,1.0,0.0,0.1632764759388837
ni_tfnbs,"e=0.5,h=6.0,n=30,start_thres=1.25",hub,0.25,10,8,40,1730,1,0,39,1730,0.025,0.0,1.0,0.0,0.1632764759388837
ni_tfnbs,"e=0.5,h=7.0,n=30,start_thres=1.25",hub,0.25,10,8,40,1730,1,0,39,1730,0.025,0.0,1.0,0.0,0.1632764759388837
ni_tfnbs,"e=0.5,h=8.0,n=30,start_thres=1.25",hub,0.25,10,8,40,1730,1,0,39,1730,0.025,0.0,1.0,0.0,0.1632764759388837
ni_tfnbs,"e=0.5,h=9.0,n=30,start_thres=1.25",hub,0.25,10,8,40,1730,1,0,39,1730,0.025,0.0,1.0,0.0,0.1632764759388837
ni_tfnbs,"e=0.5,h=10.0,n=30,start_thres=1.25",hub,0.25,10,8,40,1730,1,0,39,1730,0.025,0.0,1.0,0.0,0.1632764759388837
ni_tfnbs,"e=0.6,h=0.5,n=30,start_thres=1.25",hub,0.25,10,8,40,1730,2,1,38,1729,0.05,0.0005780346820809,0.6666666666666666,0.3333333333333333,0.1632764759388837
ni_tfnbs,"e=0.6,h=1.0,n=30,start_thres=1.25",hub,0.25,10,8,40,1730,2,1,38,1729,0.05,0.0005780346820809,0.6666666666666666,0.3333333333333333,0.1632764759388837
ni_tfnbs,"e=0.6,h=2.0,n=30,start_thres=1.25",hub,0.25,10,8,40,1730,2,0,38,1730,0.05,0.0,1.0,0.0,0.1632764759388837
ni_tfnbs,"e=0.6,h=3.0,n=30,start_thres=1.25",hub,0.25,10,8,40,1730,2,0,38,1730,0.05,0.0,1.0,0.0,0.1632764759388837
ni_tfnbs,"e=0.6,h=4.0,n=30,start_thres=1.25",hub,0.25,10,8,40,1730,2,0,38,1730,0.05,0.0,1.0,0.0,0.1632764759388837
ni_tfnbs,"e=0.6,h=5.0,n=30,start_thres=1.25",hub,0.25,10,8,40,1730,1,0,39,1730,0.025,0.0,1.0,0.0,0.1632764759388837
ni_tfnbs,"e=0.6,h=6.0,n=30,start_thres=1.25",hub,0.25,10,8,40,1730,1,0,39,1730,0.025,0.0,1.0,0.0,0.1632764759388837
ni_tfnbs,"e=0.6,h=7.0,n=30,start_thres=1.25",hub,0.25,10,8,40,1730,1,0,39,1730,0.025,0.0,1.0,0.0,0.1632764759388837
ni_tfnbs,"e=0.6,h=8.0,n=30,start_thres=1.25",hub,0.25,10,8,40,1730,1,0,39,1730,0.025,0.0,1.0,0.0,0.1632764759388837
ni_tfnbs,"e=0.6,h=9.0,n=30,start_thres=1.25",hub,0.25,10,8,40,1730,1,0,39,1730,0.025,0.0,1.0,0.0,0.1632764759388837
ni_tfnbs,"e=0.6,h=10.0,n=30,start_thres=1.25",hub,0.25,10,8,40,1730,1,0,39,1730,0.025,0.0,1.0,0.0,0.1632764759388837
ni_tfnbs,"e=0.7,h=0.5,n=30,start_thres=1.25",hub,0.25,10,8,40,1730,2,1,38,1729,0.05,0.0005780346820809,0.6666666666666666,0.3333333333333333,0.1632764759388837
ni_tfnbs,"e=0.7,h=1.0,n=30,start_thres=1.25",hub,0.25,10,8,40,1730,2,1,38,1729,0.05,0.0005780346820809,0.6666666666666666,0.3333333333333333,0.1632764759388837
ni_tfnbs,"e=0.7,h=2.0,n=30,start_thres=1.25",hub,0.25,10,8,40,1730,2,1,38,1729,0.05,0.0005780346820809,0.6666666666666666,0.3333333333333333,0.1632764759388837
ni_tfnbs,"e=0.7,h=3.0,n=30,start_thres=1.25",hub,0.25,10,8,40,1730,2,0,38,1730,0.05,0.0,1.0,0.0,0.1632764759388837
ni_tfnbs,"e=0.7,h=4.0,n=30,start_thres=1.25",hub,0.25,10,8,40,1730,2,0,38,1730,0.05,0.0,1.0,0.0,0.1632764759388837
ni_tfnbs,"e=0.7,h=5.0,n=30,start_thres=1.25",hub,0.25,10,8,40,1730,2,0,38,1730,0.05,0.0,1.0,0.0,0.1632764759388837
ni_tfnbs,"e=0.7,h=6.0,n=30,start_thres=1.25",hub,0.25,10,8,40,1730,1,0,39,1730,0.025,0.0,1.0,0.0,0.1632764759388837
ni_tfnbs,"e=0.7,h=7.0,n=30,start_thres=1.25",hub,0.25,10,8,40,1730,1,0,39,1730,0.025,0.0,1.0,0.0,0.1632764759388837
ni_tfnbs,"e=0.7,h=8.0,n=30,start_thres=1.25",hub,0.25,10,8,40,1730,1,0,39,1730,0.025,0.0,1.0,0.0,0.1632764759388837
ni_tfnbs,"e=0.7,h=9.0,n=30,start_thres=1.25",hub,0.25,10,8,40,1730,1,0,39,1730,0.025,0.0,1.0,0.0,0.1632764759388837
ni_tfnbs,"e=0.7,h=10.0,n=30,start_thres=1.25",hub,0.25,10,8,40,1730,1,0,39,1730,0.025,0.0,1.0,0.0,0.1632764759388837
ni_tfnbs,"e=0.8,h=0.5,n=30,start_thres=1.25",hub,0.25,10,8,40,1730,2,2,38,1728,0.05,0.0011560693641618,0.5,0.5,0.1632764759388837
ni_tfnbs,"e=0.8,h=1.0,n=30,start_thres=1.25",hub,0.25,10,8,40,1730,2,1,38,1729,0.05,0.0005780346820809,0.6666666666666666,0.3333333333333333,0.1632764759388837
ni_tfnbs,"e=0.8,h=2.0,n=30,start_thres=1.25",hub,0.25,10,8,40,1730,2,1,38,1729,0.05,0.0005780346820809,0.6666666666666666,0.3333333333333333,0.1632764759388837
ni_tfnbs,"e=0.8,h=3.0,n=30,start_thres=1.25",hub,0.25,10,8,40,1730,2,0,38,1730,0.05,0.0,1.0,0.0,0.1632764759388837
ni_tfnbs,"e=0.8,h=4.0,n=30,start_thres=1.25",hub,0.25,10,8,40,1730,2,0,38,1730,0.05,0.0,1.0,0.0,0.1632764759388837
ni_tfnbs,"e=0.8,h=5.0,n=30,start_thres=1.25",hub,0.25,10,8,40,1730,2,0,38,1730,0.05,0.0,1.0,0.0,0.1632764759388837
ni_tfnbs,"e=0.8,h=6.0,n=30,start_thres=1.25",hub,0.25,10,8,40,1730,1,0,39,1730,0.025,0.0,1.0,0.0,0.1632764759388837
ni_tfnbs,"e=0.8,h=7.0,n=30,start_thres=1.25",hub,0.25,10,8,40,1730,1,0,39,1730,0.025,0.0,1.0,0.0,0.1632764759388837
ni_tfnbs,"e=0.8,h=8.0,n=30,start_thres=1.25",hub,0.25,10,8,40,1730,1,0,39,1730,0.025,0.0,1.0,0.0,0.1632764759388837
ni_tfnbs,"e=0.8,h=9.0,n=30,start_thres=1.25",hub,0.25,10,8,40,1730,1,0,39,1730,0.025,0.0,1.0,0.0,0.1632764759388837
ni_tfnbs,"e=0.8,h=10.0,n=30,start_thres=1.25",hub,0.25,10,8,40,1730,1,0,39,1730,0.025,0.0,1.0,0.0,0.1632764759388837
ni_tfnbs,"e=0.9,h=0.5,n=30,start_thres=1.25",hub,0.25,10,8,40,1730,3,4,37,1726,0.075,0.0023121387283236,0.4285714285714285,0.5714285714285714,0.1632764759388837
ni_tfnbs,"e=0.9,h=1.0,n=30,start_thres=1.25",hub,0.25,10,8,40,1730,3,2,37,1728,0.075,0.0011560693641618,0.6,0.4,0.1632764759388837
ni_tfnbs,"e=0.9,h=2.0,n=30,start_thres=1.25",hub,0.25,10,8,40,1730,3,1,37,1729,0.075,0.0005780346820809,0.75,0.25,0.1632764759388837
ni_tfnbs,"e=0.9,h=3.0,n=30,start_thres=1.25",hub,0.25,10,8,40,1730,2,1,38,1729,0.05,0.0005780346820809,0.6666666666666666,0.3333333333333333,0.1632764759388837
ni_tfnbs,"e=0.9,h=4.0,n=30,start_thres=1.25",hub,0.25,10,8,40,1730,2,0,38,1730,0.05,0.0,1.0,0.0,0.1632764759388837
ni_tfnbs,"e=0.9,h=5.0,n=30,start_thres=1.25",hub,0.25,10,8,40,1730,2,0,38,1730,0.05,0.0,1.0,0.0,0.1632764759388837
ni_tfnbs,"e=0.9,h=6.0,n=30,start_thres=1.25",hub,0.25,10,8,40,1730,2,0,38,1730,0.05,0.0,1.0,0.0,0.1632764759388837
ni_tfnbs,"e=0.9,h=7.0,n=30,start_thres=1.25",hub,0.25,10,8,40,1730,1,0,39,1730,0.025,0.0,1.0,0.0,0.1632764759388837
ni_tfnbs,"e=0.9,h=8.0,n=30,start_thres=1.25",hub,0.25,10,8,40,1730,1,0,39,1730,0.025,0.0,1.0,0.0,0.1632764759388837
ni_tfnbs,"e=0.9,h=9.0,n=30,start_thres=1.25",hub,0.25,10,8,40,1730,1,0,39,1730,0.025,0.0,1.0,0.0,0.1632764759388837
ni_tfnbs,"e=0.9,h=10.0,n=30,start_thres=1.25",hub,0.25,10,8,40,1730,1,0,39,1730,0.025,0.0,1.0,0.0,0.1632764759388837
ni_tfnbs,"e=1.0,h=0.5,n=30,start_thres=1.25",hub,0.25,10,8,40,1730,3,4,37,1726,0.075,0.0023121387283236,0.4285714285714285,0.5714285714285714,0.1632764759388837
ni_tfnbs,"e=1.0,h=1.0,n=30,start_thres=1.25",hub,0.25,10,8,40,1730,4,4,36,1726,0.1,0.0023121387283236,0.5,0.5,0.1632764759388837
ni_tfnbs,"e=1.0,h=2.0,n=30,start_thres=1.25",hub,0.25,10,8,40,1730,3,1,37,1729,0.075,0.0005780346820809,0.75,0.25,0.1632764759388837
ni_tfnbs,"e=1.0,h=3.0,n=30,start_thres=1.25",hub,0.25,10,8,40,1730,3,1,37,1729,0.075,0.0005780346820809,0.75,0.25,0.1632764759388837
ni_tfnbs,"e=1.0,h=4.0,n=30,start_thres=1.25",hub,0.25,10,8,40,1730,2,0,38,1730,0.05,0.0,1.0,0.0,0.1632764759388837
ni_tfnbs,"e=1.0,h=5.0,n=30,start_thres=1.25",hub,0.25,10,8,40,1730,2,0,38,1730,0.05,0.0,1.0,0.0,0.1632764759388837
ni_tfnbs,"e=1.0,h=6.0,n=30,start_thres=1.25",hub,0.25,10,8,40,1730,2,0,38,1730,0.05,0.0,1.0,0.0,0.1632764759388837
ni_tfnbs,"e=1.0,h=7.0,n=30,start_thres=1.25",hub,0.25,10,8,40,1730,2,0,38,1730,0.05,0.0,1.0,0.0,0.1632764759388837
ni_tfnbs,"e=1.0,h=8.0,n=30,start_thres=1.25",hub,0.25,10,8,40,1730,1,0,39,1730,0.025,0.0,1.0,0.0,0.1632764759388837
ni_tfnbs,"e=1.0,h=9.0,n=30,start_thres=1.25",hub,0.25,10,8,40,1730,1,0,39,1730,0.025,0.0,1.0,0.0,0.1632764759388837
ni_tfnbs,"e=1.0,h=10.0,n=30,start_thres=1.25",hub,0.25,10,8,40,1730,1,0,39,1730,0.025,0.0,1.0,0.0,0.1632764759388837
ni_tfnbs,"e=1.1,h=0.5,n=30,start_thres=1.25",hub,0.25,10,8,40,1730,3,5,37,1725,0.075,0.0028901734104046,0.375,0.625,0.1632764759388837
ni_tfnbs,"e=1.1,h=1.0,n=30,start_thres=1.25",hub,0.25,10,8,40,1730,3,4,37,1726,0.075,0.0023121387283236,0.4285714285714285,0.5714285714285714,0.1632764759388837
ni_tfnbs,"e=1.1,h=2.0,n=30,start_thres=1.25",hub,0.25,10,8,40,1730,5,4,35,1726,0.125,0.0023121387283236,0.5555555555555556,0.4444444444444444,0.1632764759388837
ni_tfnbs,"e=1.1,h=3.0,n=30,start_thres=1.25",hub,0.25,10,8,40,1730,4,1,36,1729,0.1,0.0005780346820809,0.8,0.2,0.1632764759388837
ni_tfnbs,"e=1.1,h=4.0,n=30,start_thres=1.25",hub,0.25,10,8,40,1730,2,0,38,1730,0.05,0.0,1.0,0.0,0.1632764759388837
ni_tfnbs,"e=1.1,h=5.0,n=30,start_thres=1.25",hub,0.25,10,8,40,1730,2,0,38,1730,0.05,0.0,1.0,0.0,0.1632764759388837
ni_tfnbs,"e=1.1,h=6.0,n=30,start_thres=1.25",hub,0.25,10,8,40,1730,2,0,38,1730,0.05,0.0,1.0,0.0,0.1632764759388837
ni_tfnbs,"e=1.1,h=7.0,n=30,start_thres=1.25",hub,0.25,10,8,40,1730,2,0,38,1730,0.05,0.0,1.0,0.0,0.1632764759388837
ni_tfnbs,"e=1.1,h=8.0,n=30,start_thres=1.25",hub,0.25,10,8,40,1730,1,0,39,1730,0.025,0.0,1.0,0.0,0.1632764759388837
ni_tfnbs,"e=1.1,h=9.0,n=30,start_thres=1.25",hub,0.25,10,8,40,1730,1,0,39,1730,0.025,0.0,1.0,0.0,0.1632764759388837
ni_tfnbs,"e=1.1,h=10.0,n=30,start_thres=1.25",hub,0.25,10,8,40,1730,1,0,39,1730,0.025,0.0,1.0,0.0,0.1632764759388837
ni_tfnbs,"e=1.2,h=0.5,n=30,start_thres=1.25",hub,0.25,10,8,40,1730,3,5,37,1725,0.075,0.0028901734104046,0.375,0.625,0.1632764759388837
ni_tfnbs,"e=1.2,h=1.0,n=30,start_thres=1.25",hub,0.25,10,8,40,1730,3,5,37,1725,0.075,0.0028901734104046,0.375,0.625,0.1632764759388837
ni_tfnbs,"e=1.2,h=2.0,n=30,start_thres=1.25",hub,0.25,10,8,40,1730,5,4,35,1726,0.125,0.0023121387283236,0.5555555555555556,0.4444444444444444,0.1632764759388837
ni_tfnbs,"e=1.2,h=3.0,n=30,start_thres=1.25",hub,0.25,10,8,40,1730,4,2,36,1728,0.1,0.0011560693641618,0.6666666666666666,0.3333333333333333,0.1632764759388837
ni_tfnbs,"e=1.2,h=4.0,n=30,start_thres=1.25",hub,0.25,10,8,40,1730,3,1,37,1729,0.075,0.0005780346820809,0.75,0.25,0.1632764759388837
ni_tfnbs,"e=1.2,h=5.0,n=30,start_thres=1.25",hub,0.25,10,8,40,1730,2,0,38,1730,0.05,0.0,1.0,0.0,0.1632764759388837
ni_tfnbs,"e=1.2,h=6.0,n=30,start_thres=1.25",hub,0.25,10,8,40,1730,2,0,38,1730,0.05,0.0,1.0,0.0,0.1632764759388837
ni_tfnbs,"e=1.2,h=7.0,n=30,start_thres=1.25",hub,0.25,10,8,40,1730,2,0,38,1730,0.05,0.0,1.0,0.0,0.1632764759388837
ni_tfnbs,"e=1.2,h=8.0,n=30,start_thres=1.25",hub,0.25,10,8,40,1730,2,0,38,1730,0.05,0.0,1.0,0.0,0.1632764759388837
ni_tfnbs,"e=1.2,h=9.0,n=30,start_thres=1.25",hub,0.25,10,8,40,1730,1,0,39,1730,0.025,0.0,1.0,0.0,0.1632764759388837
ni_tfnbs,"e=1.2,h=10.0,n=30,start_thres=1.25",hub,0.25,10,8,40,1730,1,0,39,1730,0.025,0.0,1.0,0.0,0.1632764759388837
ni_tfnbs,"e=1.3,h=0.5,n=30,start_thres=1.25",hub,0.25,10,8,40,1730,2,6,38,1724,0.05,0.0034682080924855,0.25,0.75,0.1632764759388837
ni_tfnbs,"e=1.3,h=1.0,n=30,start_thres=1.25",hub,0.25,10,8,40,1730,3,5,37,1725,0.075,0.0028901734104046,0.375,0.625,0.1632764759388837
ni_tfnbs,"e=1.3,h=2.0,n=30,start_thres=1.25",hub,0.25,10,8,40,1730,5,5,35,1725,0.125,0.0028901734104046,0.5,0.5,0.1632764759388837
ni_tfnbs,"e=1.3,h=3.0,n=30,start_thres=1.25",hub,0.25,10,8,40,1730,7,4,33,1726,0.175,0.0023121387283236,0.6363636363636364,0.3636363636363636,0.1632764759388837
ni_tfnbs,"e=1.3,h=4.0,n=30,start_thres=1.25",hub,0.25,10,8,40,1730,4,1,36,1729,0.1,0.0005780346820809,0.8,0.2,0.1632764759388837
ni_tfnbs,"e=1.3,h=5.0,n=30,start_thres=1.25",hub,0.25,10,8,40,1730,2,0,38,1730,0.05,0.0,1.0,0.0,0.1632764759388837
ni_tfnbs,"e=1.3,h=6.0,n=30,start_thres=1.25",hub,0.25,10,8,40,1730,2,0,38,1730,0.05,0.0,1.0,0.0,0.1632764759388837
ni_tfnbs,"e=1.3,h=7.0,n=30,start_thres=1.25",hub,0.25,10,8,40,1730,2,0,38,1730,0.05,0.0,1.0,0.0,0.1632764759388837
ni_tfnbs,"e=1.3,h=8.0,n=30,start_thres=1.25",hub,0.25,10,8,40,1730,2,0,38,1730,0.05,0.0,1.0,0.0,0.1632764759388837
ni_tfnbs,"e=1.3,h=9.0,n=30,start_thres=1.25",hub,0.25,10,8,40,1730,1,0,39,1730,0.025,0.0,1.0,0.0,0.1632764759388837
ni_tfnbs,"e=1.3,h=10.0,n=30,start_thres=1.25",hub,0.25,10,8,40,1730,1,0,39,1730,0.025,0.0,1.0,0.0,0.1632764759388837
ni_tfnbs,"e=1.4,h=0.5,n=30,start_thres=1.25",hub,0.25,10,8,40,1730,2,6,38,1724,0.05,0.0034682080924855,0.25,0.75,0.1632764759388837
ni_tfnbs,"e=1.4,h=1.0,n=30,start_thres=1.25",hub,0.25,10,8,40,1730,3,6,37,1724,0.075,0.0034682080924855,0.3333333333333333,0.6666666666666666,0.1632764759388837
ni_tfnbs,"e=1.4,h=2.0,n=30,start_thres=1.25",hub,0.25,10,8,40,1730,5,5,35,1725,0.125,0.0028901734104046,0.5,0.5,0.1632764759388837
ni_tfnbs,"e=1.4,h=3.0,n=30,start_thres=1.25",hub,0.25,10,8,40,1730,7,4,33,1726,0.175,0.0023121387283236,0.6363636363636364,0.3636363636363636,0.1632764759388837
ni_tfnbs,"e=1.4,h=4.0,n=30,start_thres=1.25",hub,0.25,10,8,40,1730,4,1,36,1729,0.1,0.0005780346820809,0.8,0.2,0.1632764759388837
ni_tfnbs,"e=1.4,h=5.0,n=30,start_thres=1.25",hub,0.25,10,8,40,1730,3,0,37,1730,0.075,0.0,1.0,0.0,0.1632764759388837
ni_tfnbs,"e=1.4,h=6.0,n=30,start_thres=1.25",hub,0.25,10,8,40,1730,2,0,38,1730,0.05,0.0,1.0,0.0,0.1632764759388837
ni_tfnbs,"e=1.4,h=7.0,n=30,start_thres=1.25",hub,0.25,10,8,40,1730,2,0,38,1730,0.05,0.0,1.0,0.0,0.1632764759388837
ni_tfnbs,"e=1.4,h=8.0,n=30,start_thres=1.25",hub,0.25,10,8,40,1730,2,0,38,1730,0.05,0.0,1.0,0.0,0.1632764759388837
ni_tfnbs,"e=1.4,h=9.0,n=30,start_thres=1.25",hub,0.25,10,8,40,1730,2,0,38,1730,0.05,0.0,1.0,0.0,0.1632764759388837
ni_tfnbs,"e=1.4,h=10.0,n=30,start_thres=1.25",hub,0.25,10,8,40,1730,1,0,39,1730,0.025,0.0,1.0,0.0,0.1632764759388837
ni_tfnbs,"e=1.5,h=0.5,n=30,start_thres=1.25",hub,0.25,10,8,40,1730,1,6,39,1724,0.025,0.0034682080924855,0.1428571428571428,0.8571428571428571,0.1632764759388837
ni_tfnbs,"e=1.5,h=1.0,n=30,start_thres=1.25",hub,0.25,10,8,40,1730,2,6,38,1724,0.05,0.0034682080924855,0.25,0.75,0.1632764759388837
ni_tfnbs,"e=1.5,h=2.0,n=30,start_thres=1.25",hub,0.25,10,8,40,1730,4,6,36,1724,0.1,0.0034682080924855,0.4,0.6,0.1632764759388837
ni_tfnbs,"e=1.5,h=3.0,n=30,start_thres=1.25",hub,0.25,10,8,40,1730,7,5,33,1725,0.175,0.0028901734104046,0.5833333333333334,0.4166666666666667,0.1632764759388837
ni_tfnbs,"e=1.5,h=4.0,n=30,start_thres=1.25",hub,0.25,10,8,40,1730,6,2,34,1728,0.15,0.0011560693641618,0.75,0.25,0.1632764759388837
ni_tfnbs,"e=1.5,h=5.0,n=30,start_thres=1.25",hub,0.25,10,8,40,1730,4,0,36,1730,0.1,0.0,1.0,0.0,0.1632764759388837
ni_tfnbs,"e=1.5,h=6.0,n=30,start_thres=1.25",hub,0.25,10,8,40,1730,2,0,38,1730,0.05,0.0,1.0,0.0,0.1632764759388837
ni_tfnbs,"e=1.5,h=7.0,n=30,start_thres=1.25",hub,0.25,10,8,40,1730,2,0,38,1730,0.05,0.0,1.0,0.0,0.1632764759388837
ni_tfnbs,"e=1.5,h=8.0,n=30,start_thres=1.25",hub,0.25,10,8,40,1730,2,0,38,1730,0.05,0.0,1.0,0.0,0.1632764759388837
ni_tfnbs,"e=1.5,h=9.0,n=30,start_thres=1.25",hub,0.25,10,8,40,1730,2,0,38,1730,0.05,0.0,1.0,0.0,0.1632764759388837
ni_tfnbs,"e=1.5,h=10.0,n=30,start_thres=1.25",hub,0.25,10,8,40,1730,2,0,38,1730,0.05,0.0,1.0,0.0,0.1632764759388837
ni_tfnbs,"e=0.05,h=0.5,n=30,start_thres=1.25",hub,0.25,10,9,40,1730,0,0,40,1730,0.0,0.0,0.0,0.0,0.1646090339530598
ni_tfnbs,"e=0.05,h=1.0,n=30,start_thres=1.25",hub,0.25,10,9,40,1730,0,0,40,1730,0.0,0.0,0.0,0.0,0.1646090339530598
ni_tfnbs,"e=0.05,h=2.0,n=30,start_thres=1.25",hub,0.25,10,9,40,1730,0,0,40,1730,0.0,0.0,0.0,0.0,0.1646090339530598
ni_tfnbs,"e=0.05,h=3.0,n=30,start_thres=1.25",hub,0.25,10,9,40,1730,0,0,40,1730,0.0,0.0,0.0,0.0,0.1646090339530598
ni_tfnbs,"e=0.05,h=4.0,n=30,start_thres=1.25",hub,0.25,10,9,40,1730,0,0,40,1730,0.0,0.0,0.0,0.0,0.1646090339530598
ni_tfnbs,"e=0.05,h=5.0,n=30,start_thres=1.25",hub,0.25,10,9,40,1730,0,0,40,1730,0.0,0.0,0.0,0.0,0.1646090339530598
ni_tfnbs,"e=0.05,h=6.0,n=30,start_thres=1.25",hub,0.25,10,9,40,1730,0,0,40,1730,0.0,0.0,0.0,0.0,0.1646090339530598
ni_tfnbs,"e=0.05,h=7.0,n=30,start_thres=1.25",hub,0.25,10,9,40,1730,0,0,40,1730,0.0,0.0,0.0,0.0,0.1646090339530598
ni_tfnbs,"e=0.05,h=8.0,n=30,start_thres=1.25",hub,0.25,10,9,40,1730,0,0,40,1730,0.0,0.0,0.0,0.0,0.1646090339530598
ni_tfnbs,"e=0.05,h=9.0,n=30,start_thres=1.25",hub,0.25,10,9,40,1730,0,0,40,1730,0.0,0.0,0.0,0.0,0.1646090339530598
ni_tfnbs,"e=0.05,h=10.0,n=30,start_thres=1.25",hub,0.25,10,9,40,1730,0,0,40,1730,0.0,0.0,0.0,0.0,0.1646090339530598
ni_tfnbs,"e=0.1,h=0.5,n=30,start_thres=1.25",hub,0.25,10,9,40,1730,0,0,40,1730,0.0,0.0,0.0,0.0,0.1646090339530598
ni_tfnbs,"e=0.1,h=1.0,n=30,start_thres=1.25",hub,0.25,10,9,40,1730,0,0,40,1730,0.0,0.0,0.0,0.0,0.1646090339530598
ni_tfnbs,"e=0.1,h=2.0,n=30,start_thres=1.25",hub,0.25,10,9,40,1730,0,0,40,1730,0.0,0.0,0.0,0.0,0.1646090339530598
ni_tfnbs,"e=0.1,h=3.0,n=30,start_thres=1.25",hub,0.25,10,9,40,1730,0,0,40,1730,0.0,0.0,0.0,0.0,0.1646090339530598
ni_tfnbs,"e=0.1,h=4.0,n=30,start_thres=1.25",hub,0.25,10,9,40,1730,0,0,40,1730,0.0,0.0,0.0,0.0,0.1646090339530598
ni_tfnbs,"e=0.1,h=5.0,n=30,start_thres=1.25",hub,0.25,10,9,40,1730,0,0,40,1730,0.0,0.0,0.0,0.0,0.1646090339530598
ni_tfnbs,"e=0.1,h=6.0,n=30,start_thres=1.25",hub,0.25,10,9,40,1730,0,0,40,1730,0.0,0.0,0.0,0.0,0.1646090339530598
ni_tfnbs,"e=0.1,h=7.0,n=30,start_thres=1.25",hub,0.25,10,9,40,1730,0,0,40,1730,0.0,0.0,0.0,0.0,0.1646090339530598
ni_tfnbs,"e=0.1,h=8.0,n=30,start_thres=1.25",hub,0.25,10,9,40,1730,0,0,40,1730,0.0,0.0,0.0,0.0,0.1646090339530598
ni_tfnbs,"e=0.1,h=9.0,n=30,start_thres=1.25",hub,0.25,10,9,40,1730,0,0,40,1730,0.0,0.0,0.0,0.0,0.1646090339530598
ni_tfnbs,"e=0.1,h=10.0,n=30,start_thres=1.25",hub,0.25,10,9,40,1730,0,0,40,1730,0.0,0.0,0.0,0.0,0.1646090339530598
ni_tfnbs,"e=0.2,h=0.5,n=30,start_thres=1.25",hub,0.25,10,9,40,1730,0,0,40,1730,0.0,0.0,0.0,0.0,0.1646090339530598
ni_tfnbs,"e=0.2,h=1.0,n=30,start_thres=1.25",hub,0.25,10,9,40,1730,0,0,40,1730,0.0,0.0,0.0,0.0,0.1646090339530598
ni_tfnbs,"e=0.2,h=2.0,n=30,start_thres=1.25",hub,0.25,10,9,40,1730,0,0,40,1730,0.0,0.0,0.0,0.0,0.1646090339530598
ni_tfnbs,"e=0.2,h=3.0,n=30,start_thres=1.25",hub,0.25,10,9,40,1730,0,0,40,1730,0.0,0.0,0.0,0.0,0.1646090339530598
ni_tfnbs,"e=0.2,h=4.0,n=30,start_thres=1.25",hub,0.25,10,9,40,1730,0,0,40,1730,0.0,0.0,0.0,0.0,0.1646090339530598
ni_tfnbs,"e=0.2,h=5.0,n=30,start_thres=1.25",hub,0.25,10,9,40,1730,0,0,40,1730,0.0,0.0,0.0,0.0,0.1646090339530598
ni_tfnbs,"e=0.2,h=6.0,n=30,start_thres=1.25",hub,0.25,10,9,40,1730,0,0,40,1730,0.0,0.0,0.0,0.0,0.1646090339530598
ni_tfnbs,"e=0.2,h=7.0,n=30,start_thres=1.25",hub,0.25,10,9,40,1730,0,0,40,1730,0.0,0.0,0.0,0.0,0.1646090339530598
ni_tfnbs,"e=0.2,h=8.0,n=30,start_thres=1.25",hub,0.25,10,9,40,1730,0,0,40,1730,0.0,0.0,0.0,0.0,0.1646090339530598
ni_tfnbs,"e=0.2,h=9.0,n=30,start_thres=1.25",hub,0.25,10,9,40,1730,0,0,40,1730,0.0,0.0,0.0,0.0,0.1646090339530598
ni_tfnbs,"e=0.2,h=10.0,n=30,start_thres=1.25",hub,0.25,10,9,40,1730,0,0,40,1730,0.0,0.0,0.0,0.0,0.1646090339530598
ni_tfnbs,"e=0.3,h=0.5,n=30,start_thres=1.25",hub,0.25,10,9,40,1730,0,0,40,1730,0.0,0.0,0.0,0.0,0.1646090339530598
ni_tfnbs,"e=0.3,h=1.0,n=30,start_thres=1.25",hub,0.25,10,9,40,1730,0,0,40,1730,0.0,0.0,0.0,0.0,0.1646090339530598
ni_tfnbs,"e=0.3,h=2.0,n=30,start_thres=1.25",hub,0.25,10,9,40,1730,0,0,40,1730,0.0,0.0,0.0,0.0,0.1646090339530598
ni_tfnbs,"e=0.3,h=3.0,n=30,start_thres=1.25",hub,0.25,10,9,40,1730,0,0,40,1730,0.0,0.0,0.0,0.0,0.1646090339530598
ni_tfnbs,"e=0.3,h=4.0,n=30,start_thres=1.25",hub,0.25,10,9,40,1730,0,0,40,1730,0.0,0.0,0.0,0.0,0.1646090339530598
ni_tfnbs,"e=0.3,h=5.0,n=30,start_thres=1.25",hub,0.25,10,9,40,1730,0,0,40,1730,0.0,0.0,0.0,0.0,0.1646090339530598
ni_tfnbs,"e=0.3,h=6.0,n=30,start_thres=1.25",hub,0.25,10,9,40,1730,0,0,40,1730,0.0,0.0,0.0,0.0,0.1646090339530598
ni_tfnbs,"e=0.3,h=7.0,n=30,start_thres=1.25",hub,0.25,10,9,40,1730,0,0,40,1730,0.0,0.0,0.0,0.0,0.1646090339530598
ni_tfnbs,"e=0.3,h=8.0,n=30,start_thres=1.25",hub,0.25,10,9,40,1730,0,0,40,1730,0.0,0.0,0.0,0.0,0.1646090339530598
ni_tfnbs,"e=0.3,h=9.0,n=30,start_thres=1.25",hub,0.25,10,9,40,1730,0,0,40,1730,0.0,0.0,0.0,0.0,0.1646090339530598
ni_tfnbs,"e=0.3,h=10.0,n=30,start_thres=1.25",hub,0.25,10,9,40,1730,0,0,40,1730,0.0,0.0,0.0,0.0,0.1646090339530598
ni_tfnbs,"e=0.4,h=0.5,n=30,start_thres=1.25",hub,0.25,10,9,40,1730,0,0,40,1730,0.0,0.0,0.0,0.0,0.1646090339530598
ni_tfnbs,"e=0.4,h=1.0,n=30,start_thres=1.25",hub,0.25,10,9,40,1730,0,0,40,1730,0.0,0.0,0.0,0.0,0.1646090339530598
ni_tfnbs,"e=0.4,h=2.0,n=30,start_thres=1.25",hub,0.25,10,9,40,1730,0,0,40,1730,0.0,0.0,0.0,0.0,0.1646090339530598
ni_tfnbs,"e=0.4,h=3.0,n=30,start_thres=1.25",hub,0.25,10,9,40,1730,0,0,40,1730,0.0,0.0,0.0,0.0,0.1646090339530598
ni_tfnbs,"e=0.4,h=4.0,n=30,start_thres=1.25",hub,0.25,10,9,40,1730,0,0,40,1730,0.0,0.0,0.0,0.0,0.1646090339530598
ni_tfnbs,"e=0.4,h=5.0,n=30,start_thres=1.25",hub,0.25,10,9,40,1730,0,0,40,1730,0.0,0.0,0.0,0.0,0.1646090339530598
ni_tfnbs,"e=0.4,h=6.0,n=30,start_thres=1.25",hub,0.25,10,9,40,1730,0,0,40,1730,0.0,0.0,0.0,0.0,0.1646090339530598
ni_tfnbs,"e=0.4,h=7.0,n=30,start_thres=1.25",hub,0.25,10,9,40,1730,0,0,40,1730,0.0,0.0,0.0,0.0,0.1646090339530598
ni_tfnbs,"e=0.4,h=8.0,n=30,start_thres=1.25",hub,0.25,10,9,40,1730,0,0,40,1730,0.0,0.0,0.0,0.0,0.1646090339530598
ni_tfnbs,"e=0.4,h=9.0,n=30,start_thres=1.25",hub,0.25,10,9,40,1730,0,0,40,1730,0.0,0.0,0.0,0.0,0.1646090339530598
ni_tfnbs,"e=0.4,h=10.0,n=30,start_thres=1.25",hub,0.25,10,9,40,1730,0,0,40,1730,0.0,0.0,0.0,0.0,0.1646090339530598
ni_tfnbs,"e=0.5,h=0.5,n=30,start_thres=1.25",hub,0.25,10,9,40,1730,0,0,40,1730,0.0,0.0,0.0,0.0,0.1646090339530598
ni_tfnbs,"e=0.5,h=1.0,n=30,start_thres=1.25",hub,0.25,10,9,40,1730,0,0,40,1730,0.0,0.0,0.0,0.0,0.1646090339530598
ni_tfnbs,"e=0.5,h=2.0,n=30,start_thres=1.25",hub,0.25,10,9,40,1730,0,0,40,1730,0.0,0.0,0.0,0.0,0.1646090339530598
ni_tfnbs,"e=0.5,h=3.0,n=30,start_thres=1.25",hub,0.25,10,9,40,1730,0,0,40,1730,0.0,0.0,0.0,0.0,0.1646090339530598
ni_tfnbs,"e=0.5,h=4.0,n=30,start_thres=1.25",hub,0.25,10,9,40,1730,0,0,40,1730,0.0,0.0,0.0,0.0,0.1646090339530598
ni_tfnbs,"e=0.5,h=5.0,n=30,start_thres=1.25",hub,0.25,10,9,40,1730,0,0,40,1730,0.0,0.0,0.0,0.0,0.1646090339530598
ni_tfnbs,"e=0.5,h=6.0,n=30,start_thres=1.25",hub,0.25,10,9,40,1730,0,0,40,1730,0.0,0.0,0.0,0.0,0.1646090339530598
ni_tfnbs,"e=0.5,h=7.0,n=30,start_thres=1.25",hub,0.25,10,9,40,1730,0,0,40,1730,0.0,0.0,0.0,0.0,0.1646090339530598
ni_tfnbs,"e=0.5,h=8.0,n=30,start_thres=1.25",hub,0.25,10,9,40,1730,0,0,40,1730,0.0,0.0,0.0,0.0,0.1646090339530598
ni_tfnbs,"e=0.5,h=9.0,n=30,start_thres=1.25",hub,0.25,10,9,40,1730,0,0,40,1730,0.0,0.0,0.0,0.0,0.1646090339530598
ni_tfnbs,"e=0.5,h=10.0,n=30,start_thres=1.25",hub,0.25,10,9,40,1730,0,0,40,1730,0.0,0.0,0.0,0.0,0.1646090339530598
ni_tfnbs,"e=0.6,h=0.5,n=30,start_thres=1.25",hub,0.25,10,9,40,1730,0,0,40,1730,0.0,0.0,0.0,0.0,0.1646090339530598
ni_tfnbs,"e=0.6,h=1.0,n=30,start_thres=1.25",hub,0.25,10,9,40,1730,0,0,40,1730,0.0,0.0,0.0,0.0,0.1646090339530598
ni_tfnbs,"e=0.6,h=2.0,n=30,start_thres=1.25",hub,0.25,10,9,40,1730,0,0,40,1730,0.0,0.0,0.0,0.0,0.1646090339530598
ni_tfnbs,"e=0.6,h=3.0,n=30,start_thres=1.25",hub,0.25,10,9,40,1730,0,0,40,1730,0.0,0.0,0.0,0.0,0.1646090339530598
ni_tfnbs,"e=0.6,h=4.0,n=30,start_thres=1.25",hub,0.25,10,9,40,1730,0,0,40,1730,0.0,0.0,0.0,0.0,0.1646090339530598
ni_tfnbs,"e=0.6,h=5.0,n=30,start_thres=1.25",hub,0.25,10,9,40,1730,0,0,40,1730,0.0,0.0,0.0,0.0,0.1646090339530598
ni_tfnbs,"e=0.6,h=6.0,n=30,start_thres=1.25",hub,0.25,10,9,40,1730,0,0,40,1730,0.0,0.0,0.0,0.0,0.1646090339530598
ni_tfnbs,"e=0.6,h=7.0,n=30,start_thres=1.25",hub,0.25,10,9,40,1730,0,0,40,1730,0.0,0.0,0.0,0.0,0.1646090339530598
ni_tfnbs,"e=0.6,h=8.0,n=30,start_thres=1.25",hub,0.25,10,9,40,1730,0,0,40,1730,0.0,0.0,0.0,0.0,0.1646090339530598
ni_tfnbs,"e=0.6,h=9.0,n=30,start_thres=1.25",hub,0.25,10,9,40,1730,0,0,40,1730,0.0,0.0,0.0,0.0,0.1646090339530598
ni_tfnbs,"e=0.6,h=10.0,n=30,start_thres=1.25",hub,0.25,10,9,40,1730,0,0,40,1730,0.0,0.0,0.0,0.0,0.1646090339530598
ni_tfnbs,"e=0.7,h=0.5,n=30,start_thres=1.25",hub,0.25,10,9,40,1730,0,0,40,1730,0.0,0.0,0.0,0.0,0.1646090339530598
ni_tfnbs,"e=0.7,h=1.0,n=30,start_thres=1.25",hub,0.25,10,9,40,1730,0,0,40,1730,0.0,0.0,0.0,0.0,0.1646090339530598
ni_tfnbs,"e=0.7,h=2.0,n=30,start_thres=1.25",hub,0.25,10,9,40,1730,0,0,40,1730,0.0,0.0,0.0,0.0,0.1646090339530598
ni_tfnbs,"e=0.7,h=3.0,n=30,start_thres=1.25",hub,0.25,10,9,40,1730,0,0,40,1730,0.0,0.0,0.0,0.0,0.1646090339530598
ni_tfnbs,"e=0.7,h=4.0,n=30,start_thres=1.25",hub,0.25,10,9,40,1730,0,0,40,1730,0.0,0.0,0.0,0.0,0.1646090339530598
ni_tfnbs,"e=0.7,h=5.0,n=30,start_thres=1.25",hub,0.25,10,9,40,1730,0,0,40,1730,0.0,0.0,0.0,0.0,0.1646090339530598
ni_tfnbs,"e=0.7,h=6.0,n=30,start_thres=1.25",hub,0.25,10,9,40,1730,0,0,40,1730,0.0,0.0,0.0,0.0,0.1646090339530598
ni_tfnbs,"e=0.7,h=7.0,n=30,start_thres=1.25",hub,0.25,10,9,40,1730,0,0,40,1730,0.0,0.0,0.0,0.0,0.1646090339530598
ni_tfnbs,"e=0.7,h=8.0,n=30,start_thres=1.25",hub,0.25,10,9,40,1730,0,0,40,1730,0.0,0.0,0.0,0.0,0.1646090339530598
ni_tfnbs,"e=0.7,h=9.0,n=30,start_thres=1.25",hub,0.25,10,9,40,1730,0,0,40,1730,0.0,0.0,0.0,0.0,0.1646090339530598
ni_tfnbs,"e=0.7,h=10.0,n=30,start_thres=1.25",hub,0.25,10,9,40,1730,0,0,40,1730,0.0,0.0,0.0,0.0,0.1646090339530598
ni_tfnbs,"e=0.8,h=0.5,n=30,start_thres=1.25",hub,0.25,10,9,40,1730,0,0,40,1730,0.0,0.0,0.0,0.0,0.1646090339530598
ni_tfnbs,"e=0.8,h=1.0,n=30,start_thres=1.25",hub,0.25,10,9,40,1730,0,0,40,1730,0.0,0.0,0.0,0.0,0.1646090339530598
ni_tfnbs,"e=0.8,h=2.0,n=30,start_thres=1.25",hub,0.25,10,9,40,1730,0,0,40,1730,0.0,0.0,0.0,0.0,0.1646090339530598
ni_tfnbs,"e=0.8,h=3.0,n=30,start_thres=1.25",hub,0.25,10,9,40,1730,0,0,40,1730,0.0,0.0,0.0,0.0,0.1646090339530598
ni_tfnbs,"e=0.8,h=4.0,n=30,start_thres=1.25",hub,0.25,10,9,40,1730,0,0,40,1730,0.0,0.0,0.0,0.0,0.1646090339530598
ni_tfnbs,"e=0.8,h=5.0,n=30,start_thres=1.25",hub,0.25,10,9,40,1730,0,0,40,1730,0.0,0.0,0.0,0.0,0.1646090339530598
ni_tfnbs,"e=0.8,h=6.0,n=30,start_thres=1.25",hub,0.25,10,9,40,1730,0,0,40,1730,0.0,0.0,0.0,0.0,0.1646090339530598
ni_tfnbs,"e=0.8,h=7.0,n=30,start_thres=1.25",hub,0.25,10,9,40,1730,0,0,40,1730,0.0,0.0,0.0,0.0,0.1646090339530598
ni_tfnbs,"e=0.8,h=8.0,n=30,start_thres=1.25",hub,0.25,10,9,40,1730,0,0,40,1730,0.0,0.0,0.0,0.0,0.1646090339530598
ni_tfnbs,"e=0.8,h=9.0,n=30,start_thres=1.25",hub,0.25,10,9,40,1730,0,0,40,1730,0.0,0.0,0.0,0.0,0.1646090339530598
ni_tfnbs,"e=0.8,h=10.0,n=30,start_thres=1.25",hub,0.25,10,9,40,1730,0,0,40,1730,0.0,0.0,0.0,0.0,0.1646090339530598
ni_tfnbs,"e=0.9,h=0.5,n=30,start_thres=1.25",hub,0.25,10,9,40,1730,0,0,40,1730,0.0,0.0,0.0,0.0,0.1646090339530598
ni_tfnbs,"e=0.9,h=1.0,n=30,start_thres=1.25",hub,0.25,10,9,40,1730,0,0,40,1730,0.0,0.0,0.0,0.0,0.1646090339530598
ni_tfnbs,"e=0.9,h=2.0,n=30,start_thres=1.25",hub,0.25,10,9,40,1730,0,0,40,1730,0.0,0.0,0.0,0.0,0.1646090339530598
ni_tfnbs,"e=0.9,h=3.0,n=30,start_thres=1.25",hub,0.25,10,9,40,1730,0,0,40,1730,0.0,0.0,0.0,0.0,0.1646090339530598
ni_tfnbs,"e=0.9,h=4.0,n=30,start_thres=1.25",hub,0.25,10,9,40,1730,0,0,40,1730,0.0,0.0,0.0,0.0,0.1646090339530598
ni_tfnbs,"e=0.9,h=5.0,n=30,start_thres=1.25",hub,0.25,10,9,40,1730,0,0,40,1730,0.0,0.0,0.0,0.0,0.1646090339530598
ni_tfnbs,"e=0.9,h=6.0,n=30,start_thres=1.25",hub,0.25,10,9,40,1730,0,0,40,1730,0.0,0.0,0.0,0.0,0.1646090339530598
ni_tfnbs,"e=0.9,h=7.0,n=30,start_thres=1.25",hub,0.25,10,9,40,1730,0,0,40,1730,0.0,0.0,0.0,0.0,0.1646090339530598
ni_tfnbs,"e=0.9,h=8.0,n=30,start_thres=1.25",hub,0.25,10,9,40,1730,0,0,40,1730,0.0,0.0,0.0,0.0,0.1646090339530598
ni_tfnbs,"e=0.9,h=9.0,n=30,start_thres=1.25",hub,0.25,10,9,40,1730,0,0,40,1730,0.0,0.0,0.0,0.0,0.1646090339530598
ni_tfnbs,"e=0.9,h=10.0,n=30,start_thres=1.25",hub,0.25,10,9,40,1730,0,0,40,1730,0.0,0.0,0.0,0.0,0.1646090339530598
ni_tfnbs,"e=1.0,h=0.5,n=30,start_thres=1.25",hub,0.25,10,9,40,1730,0,0,40,1730,0.0,0.0,0.0,0.0,0.1646090339530598
ni_tfnbs,"e=1.0,h=1.0,n=30,start_thres=1.25",hub,0.25,10,9,40,1730,0,0,40,1730,0.0,0.0,0.0,0.0,0.1646090339530598
ni_tfnbs,"e=1.0,h=2.0,n=30,start_thres=1.25",hub,0.25,10,9,40,1730,0,0,40,1730,0.0,0.0,0.0,0.0,0.1646090339530598
ni_tfnbs,"e=1.0,h=3.0,n=30,start_thres=1.25",hub,0.25,10,9,40,1730,0,0,40,1730,0.0,0.0,0.0,0.0,0.1646090339530598
ni_tfnbs,"e=1.0,h=4.0,n=30,start_thres=1.25",hub,0.25,10,9,40,1730,0,0,40,1730,0.0,0.0,0.0,0.0,0.1646090339530598
ni_tfnbs,"e=1.0,h=5.0,n=30,start_thres=1.25",hub,0.25,10,9,40,1730,0,0,40,1730,0.0,0.0,0.0,0.0,0.1646090339530598
ni_tfnbs,"e=1.0,h=6.0,n=30,start_thres=1.25",hub,0.25,10,9,40,1730,0,0,40,1730,0.0,0.0,0.0,0.0,0.1646090339530598
ni_tfnbs,"e=1.0,h=7.0,n=30,start_thres=1.25",hub,0.25,10,9,40,1730,0,0,40,1730,0.0,0.0,0.0,0.0,0.1646090339530598
ni_tfnbs,"e=1.0,h=8.0,n=30,start_thres=1.25",hub,0.25,10,9,40,1730,0,0,40,1730,0.0,0.0,0.0,0.0,0.1646090339530598
ni_tfnbs,"e=1.0,h=9.0,n=30,start_thres=1.25",hub,0.25,10,9,40,1730,0,0,40,1730,0.0,0.0,0.0,0.0,0.1646090339530598
ni_tfnbs,"e=1.0,h=10.0,n=30,start_thres=1.25",hub,0.25,10,9,40,1730,0,0,40,1730,0.0,0.0,0.0,0.0,0.1646090339530598
ni_tfnbs,"e=1.1,h=0.5,n=30,start_thres=1.25",hub,0.25,10,9,40,1730,0,0,40,1730,0.0,0.0,0.0,0.0,0.1646090339530598
ni_tfnbs,"e=1.1,h=1.0,n=30,start_thres=1.25",hub,0.25,10,9,40,1730,0,0,40,1730,0.0,0.0,0.0,0.0,0.1646090339530598
ni_tfnbs,"e=1.1,h=2.0,n=30,start_thres=1.25",hub,0.25,10,9,40,1730,0,0,40,1730,0.0,0.0,0.0,0.0,0.1646090339530598
ni_tfnbs,"e=1.1,h=3.0,n=30,start_thres=1.25",hub,0.25,10,9,40,1730,0,0,40,1730,0.0,0.0,0.0,0.0,0.1646090339530598
ni_tfnbs,"e=1.1,h=4.0,n=30,start_thres=1.25",hub,0.25,10,9,40,1730,0,0,40,1730,0.0,0.0,0.0,0.0,0.1646090339530598
ni_tfnbs,"e=1.1,h=5.0,n=30,start_thres=1.25",hub,0.25,10,9,40,1730,0,0,40,1730,0.0,0.0,0.0,0.0,0.1646090339530598
ni_tfnbs,"e=1.1,h=6.0,n=30,start_thres=1.25",hub,0.25,10,9,40,1730,0,0,40,1730,0.0,0.0,0.0,0.0,0.1646090339530598
ni_tfnbs,"e=1.1,h=7.0,n=30,start_thres=1.25",hub,0.25,10,9,40,1730,0,0,40,1730,0.0,0.0,0.0,0.0,0.1646090339530598
ni_tfnbs,"e=1.1,h=8.0,n=30,start_thres=1.25",hub,0.25,10,9,40,1730,0,0,40,1730,0.0,0.0,0.0,0.0,0.1646090339530598
ni_tfnbs,"e=1.1,h=9.0,n=30,start_thres=1.25",hub,0.25,10,9,40,1730,0,0,40,1730,0.0,0.0,0.0,0.0,0.1646090339530598
ni_tfnbs,"e=1.1,h=10.0,n=30,start_thres=1.25",hub,0.25,10,9,40,1730,0,0,40,1730,0.0,0.0,0.0,0.0,0.1646090339530598
ni_tfnbs,"e=1.2,h=0.5,n=30,start_thres=1.25",hub,0.25,10,9,40,1730,0,0,40,1730,0.0,0.0,0.0,0.0,0.1646090339530598
ni_tfnbs,"e=1.2,h=1.0,n=30,start_thres=1.25",hub,0.25,10,9,40,1730,0,0,40,1730,0.0,0.0,0.0,0.0,0.1646090339530598
ni_tfnbs,"e=1.2,h=2.0,n=30,start_thres=1.25",hub,0.25,10,9,40,1730,0,0,40,1730,0.0,0.0,0.0,0.0,0.1646090339530598
ni_tfnbs,"e=1.2,h=3.0,n=30,start_thres=1.25",hub,0.25,10,9,40,1730,0,0,40,1730,0.0,0.0,0.0,0.0,0.1646090339530598
ni_tfnbs,"e=1.2,h=4.0,n=30,start_thres=1.25",hub,0.25,10,9,40,1730,0,0,40,1730,0.0,0.0,0.0,0.0,0.1646090339530598
ni_tfnbs,"e=1.2,h=5.0,n=30,start_thres=1.25",hub,0.25,10,9,40,1730,0,0,40,1730,0.0,0.0,0.0,0.0,0.1646090339530598
ni_tfnbs,"e=1.2,h=6.0,n=30,start_thres=1.25",hub,0.25,10,9,40,1730,0,0,40,1730,0.0,0.0,0.0,0.0,0.1646090339530598
ni_tfnbs,"e=1.2,h=7.0,n=30,start_thres=1.25",hub,0.25,10,9,40,1730,0,0,40,1730,0.0,0.0,0.0,0.0,0.1646090339530598
ni_tfnbs,"e=1.2,h=8.0,n=30,start_thres=1.25",hub,0.25,10,9,40,1730,0,0,40,1730,0.0,0.0,0.0,0.0,0.1646090339530598
ni_tfnbs,"e=1.2,h=9.0,n=30,start_thres=1.25",hub,0.25,10,9,40,1730,0,0,40,1730,0.0,0.0,0.0,0.0,0.1646090339530598
ni_tfnbs,"e=1.2,h=10.0,n=30,start_thres=1.25",hub,0.25,10,9,40,1730,0,0,40,1730,0.0,0.0,0.0,0.0,0.1646090339530598
ni_tfnbs,"e=1.3,h=0.5,n=30,start_thres=1.25",hub,0.25,10,9,40,1730,0,0,40,1730,0.0,0.0,0.0,0.0,0.1646090339530598
ni_tfnbs,"e=1.3,h=1.0,n=30,start_thres=1.25",hub,0.25,10,9,40,1730,0,0,40,1730,0.0,0.0,0.0,0.0,0.1646090339530598
ni_tfnbs,"e=1.3,h=2.0,n=30,start_thres=1.25",hub,0.25,10,9,40,1730,0,0,40,1730,0.0,0.0,0.0,0.0,0.1646090339530598
ni_tfnbs,"e=1.3,h=3.0,n=30,start_thres=1.25",hub,0.25,10,9,40,1730,0,0,40,1730,0.0,0.0,0.0,0.0,0.1646090339530598
ni_tfnbs,"e=1.3,h=4.0,n=30,start_thres=1.25",hub,0.25,10,9,40,1730,0,0,40,1730,0.0,0.0,0.0,0.0,0.1646090339530598
ni_tfnbs,"e=1.3,h=5.0,n=30,start_thres=1.25",hub,0.25,10,9,40,1730,0,0,40,1730,0.0,0.0,0.0,0.0,0.1646090339530598
ni_tfnbs,"e=1.3,h=6.0,n=30,start_thres=1.25",hub,0.25,10,9,40,1730,0,0,40,1730,0.0,0.0,0.0,0.0,0.1646090339530598
ni_tfnbs,"e=1.3,h=7.0,n=30,start_thres=1.25",hub,0.25,10,9,40,1730,0,0,40,1730,0.0,0.0,0.0,0.0,0.1646090339530598
ni_tfnbs,"e=1.3,h=8.0,n=30,start_thres=1.25",hub,0.25,10,9,40,1730,0,0,40,1730,0.0,0.0,0.0,0.0,0.1646090339530598
ni_tfnbs,"e=1.3,h=9.0,n=30,start_thres=1.25",hub,0.25,10,9,40,1730,0,0,40,1730,0.0,0.0,0.0,0.0,0.1646090339530598
ni_tfnbs,"e=1.3,h=10.0,n=30,start_thres=1.25",hub,0.25,10,9,40,1730,0,0,40,1730,0.0,0.0,0.0,0.0,0.1646090339530598
ni_tfnbs,"e=1.4,h=0.5,n=30,start_thres=1.25",hub,0.25,10,9,40,1730,0,0,40,1730,0.0,0.0,0.0,0.0,0.1646090339530598
ni_tfnbs,"e=1.4,h=1.0,n=30,start_thres=1.25",hub,0.25,10,9,40,1730,0,0,40,1730,0.0,0.0,0.0,0.0,0.1646090339530598
ni_tfnbs,"e=1.4,h=2.0,n=30,start_thres=1.25",hub,0.25,10,9,40,1730,0,0,40,1730,0.0,0.0,0.0,0.0,0.1646090339530598
ni_tfnbs,"e=1.4,h=3.0,n=30,start_thres=1.25",hub,0.25,10,9,40,1730,0,0,40,1730,0.0,0.0,0.0,0.0,0.1646090339530598
ni_tfnbs,"e=1.4,h=4.0,n=30,start_thres=1.25",hub,0.25,10,9,40,1730,0,0,40,1730,0.0,0.0,0.0,0.0,0.1646090339530598
ni_tfnbs,"e=1.4,h=5.0,n=30,start_thres=1.25",hub,0.25,10,9,40,1730,0,0,40,1730,0.0,0.0,0.0,0.0,0.1646090339530598
ni_tfnbs,"e=1.4,h=6.0,n=30,start_thres=1.25",hub,0.25,10,9,40,1730,0,0,40,1730,0.0,0.0,0.0,0.0,0.1646090339530598
ni_tfnbs,"e=1.4,h=7.0,n=30,start_thres=1.25",hub,0.25,10,9,40,1730,0,0,40,1730,0.0,0.0,0.0,0.0,0.1646090339530598
ni_tfnbs,"e=1.4,h=8.0,n=30,start_thres=1.25",hub,0.25,10,9,40,1730,0,0,40,1730,0.0,0.0,0.0,0.0,0.1646090339530598
ni_tfnbs,"e=1.4,h=9.0,n=30,start_thres=1.25",hub,0.25,10,9,40,1730,0,0,40,1730,0.0,0.0,0.0,0.0,0.1646090339530598
ni_tfnbs,"e=1.4,h=10.0,n=30,start_thres=1.25",hub,0.25,10,9,40,1730,0,0,40,1730,0.0,0.0,0.0,0.0,0.1646090339530598
ni_tfnbs,"e=1.5,h=0.5,n=30,start_thres=1.25",hub,0.25,10,9,40,1730,0,0,40,1730,0.0,0.0,0.0,0.0,0.1646090339530598
ni_tfnbs,"e=1.5,h=1.0,n=30,start_thres=1.25",hub,0.25,10,9,40,1730,0,0,40,1730,0.0,0.0,0.0,0.0,0.1646090339530598
ni_tfnbs,"e=1.5,h=2.0,n=30,start_thres=1.25",hub,0.25,10,9,40,1730,0,0,40,1730,0.0,0.0,0.0,0.0,0.1646090339530598
ni_tfnbs,"e=1.5,h=3.0,n=30,start_thres=1.25",hub,0.25,10,9,40,1730,0,0,40,1730,0.0,0.0,0.0,0.0,0.1646090339530598
ni_tfnbs,"e=1.5,h=4.0,n=30,start_thres=1.25",hub,0.25,10,9,40,1730,0,0,40,1730,0.0,0.0,0.0,0.0,0.1646090339530598
ni_tfnbs,"e=1.5,h=5.0,n=30,start_thres=1.25",hub,0.25,10,9,40,1730,0,0,40,1730,0.0,0.0,0.0,0.0,0.1646090339530598
ni_tfnbs,"e=1.5,h=6.0,n=30,start_thres=1.25",hub,0.25,10,9,40,1730,0,0,40,1730,0.0,0.0,0.0,0.0,0.1646090339530598
ni_tfnbs,"e=1.5,h=7.0,n=30,start_thres=1.25",hub,0.25,10,9,40,1730,0,0,40,1730,0.0,0.0,0.0,0.0,0.1646090339530598
ni_tfnbs,"e=1.5,h=8.0,n=30,start_thres=1.25",hub,0.25,10,9,40,1730,0,0,40,1730,0.0,0.0,0.0,0.0,0.1646090339530598
ni_tfnbs,"e=1.5,h=9.0,n=30,start_thres=1.25",hub,0.25,10,9,40,1730,0,0,40,1730,0.0,0.0,0.0,0.0,0.1646090339530598
ni_tfnbs,"e=1.5,h=10.0,n=30,start_thres=1.25",hub,0.25,10,9,40,1730,0,0,40,1730,0.0,0.0,0.0,0.0,0.1646090339530598
ni_tfnbs,"e=0.05,h=0.5,n=30,start_thres=1.25",hub,0.25,10,10,40,1730,0,0,40,1730,0.0,0.0,0.0,0.0,0.1591125442223115
ni_tfnbs,"e=0.05,h=1.0,n=30,start_thres=1.25",hub,0.25,10,10,40,1730,0,0,40,1730,0.0,0.0,0.0,0.0,0.1591125442223115
ni_tfnbs,"e=0.05,h=2.0,n=30,start_thres=1.25",hub,0.25,10,10,40,1730,0,0,40,1730,0.0,0.0,0.0,0.0,0.1591125442223115
ni_tfnbs,"e=0.05,h=3.0,n=30,start_thres=1.25",hub,0.25,10,10,40,1730,0,0,40,1730,0.0,0.0,0.0,0.0,0.1591125442223115
ni_tfnbs,"e=0.05,h=4.0,n=30,start_thres=1.25",hub,0.25,10,10,40,1730,0,0,40,1730,0.0,0.0,0.0,0.0,0.1591125442223115
ni_tfnbs,"e=0.05,h=5.0,n=30,start_thres=1.25",hub,0.25,10,10,40,1730,0,0,40,1730,0.0,0.0,0.0,0.0,0.1591125442223115
ni_tfnbs,"e=0.05,h=6.0,n=30,start_thres=1.25",hub,0.25,10,10,40,1730,0,0,40,1730,0.0,0.0,0.0,0.0,0.1591125442223115
ni_tfnbs,"e=0.05,h=7.0,n=30,start_thres=1.25",hub,0.25,10,10,40,1730,0,0,40,1730,0.0,0.0,0.0,0.0,0.1591125442223115
ni_tfnbs,"e=0.05,h=8.0,n=30,start_thres=1.25",hub,0.25,10,10,40,1730,0,0,40,1730,0.0,0.0,0.0,0.0,0.1591125442223115
ni_tfnbs,"e=0.05,h=9.0,n=30,start_thres=1.25",hub,0.25,10,10,40,1730,0,0,40,1730,0.0,0.0,0.0,0.0,0.1591125442223115
ni_tfnbs,"e=0.05,h=10.0,n=30,start_thres=1.25",hub,0.25,10,10,40,1730,0,0,40,1730,0.0,0.0,0.0,0.0,0.1591125442223115
ni_tfnbs,"e=0.1,h=0.5,n=30,start_thres=1.25",hub,0.25,10,10,40,1730,0,0,40,1730,0.0,0.0,0.0,0.0,0.1591125442223115
ni_tfnbs,"e=0.1,h=1.0,n=30,start_thres=1.25",hub,0.25,10,10,40,1730,0,0,40,1730,0.0,0.0,0.0,0.0,0.1591125442223115
ni_tfnbs,"e=0.1,h=2.0,n=30,start_thres=1.25",hub,0.25,10,10,40,1730,0,0,40,1730,0.0,0.0,0.0,0.0,0.1591125442223115
ni_tfnbs,"e=0.1,h=3.0,n=30,start_thres=1.25",hub,0.25,10,10,40,1730,0,0,40,1730,0.0,0.0,0.0,0.0,0.1591125442223115
ni_tfnbs,"e=0.1,h=4.0,n=30,start_thres=1.25",hub,0.25,10,10,40,1730,0,0,40,1730,0.0,0.0,0.0,0.0,0.1591125442223115
ni_tfnbs,"e=0.1,h=5.0,n=30,start_thres=1.25",hub,0.25,10,10,40,1730,0,0,40,1730,0.0,0.0,0.0,0.0,0.1591125442223115
ni_tfnbs,"e=0.1,h=6.0,n=30,start_thres=1.25",hub,0.25,10,10,40,1730,0,0,40,1730,0.0,0.0,0.0,0.0,0.1591125442223115
ni_tfnbs,"e=0.1,h=7.0,n=30,start_thres=1.25",hub,0.25,10,10,40,1730,0,0,40,1730,0.0,0.0,0.0,0.0,0.1591125442223115
ni_tfnbs,"e=0.1,h=8.0,n=30,start_thres=1.25",hub,0.25,10,10,40,1730,0,0,40,1730,0.0,0.0,0.0,0.0,0.1591125442223115
ni_tfnbs,"e=0.1,h=9.0,n=30,start_thres=1.25",hub,0.25,10,10,40,1730,0,0,40,1730,0.0,0.0,0.0,0.0,0.1591125442223115
ni_tfnbs,"e=0.1,h=10.0,n=30,start_thres=1.25",hub,0.25,10,10,40,1730,0,0,40,1730,0.0,0.0,0.0,0.0,0.1591125442223115
ni_tfnbs,"e=0.2,h=0.5,n=30,start_thres=1.25",hub,0.25,10,10,40,1730,0,0,40,1730,0.0,0.0,0.0,0.0,0.1591125442223115
ni_tfnbs,"e=0.2,h=1.0,n=30,start_thres=1.25",hub,0.25,10,10,40,1730,0,0,40,1730,0.0,0.0,0.0,0.0,0.1591125442223115
ni_tfnbs,"e=0.2,h=2.0,n=30,start_thres=1.25",hub,0.25,10,10,40,1730,0,0,40,1730,0.0,0.0,0.0,0.0,0.1591125442223115
ni_tfnbs,"e=0.2,h=3.0,n=30,start_thres=1.25",hub,0.25,10,10,40,1730,0,0,40,1730,0.0,0.0,0.0,0.0,0.1591125442223115
ni_tfnbs,"e=0.2,h=4.0,n=30,start_thres=1.25",hub,0.25,10,10,40,1730,0,0,40,1730,0.0,0.0,0.0,0.0,0.1591125442223115
ni_tfnbs,"e=0.2,h=5.0,n=30,start_thres=1.25",hub,0.25,10,10,40,1730,0,0,40,1730,0.0,0.0,0.0,0.0,0.1591125442223115
ni_tfnbs,"e=0.2,h=6.0,n=30,start_thres=1.25",hub,0.25,10,10,40,1730,0,0,40,1730,0.0,0.0,0.0,0.0,0.1591125442223115
ni_tfnbs,"e=0.2,h=7.0,n=30,start_thres=1.25",hub,0.25,10,10,40,1730,0,0,40,1730,0.0,0.0,0.0,0.0,0.1591125442223115
ni_tfnbs,"e=0.2,h=8.0,n=30,start_thres=1.25",hub,0.25,10,10,40,1730,0,0,40,1730,0.0,0.0,0.0,0.0,0.1591125442223115
ni_tfnbs,"e=0.2,h=9.0,n=30,start_thres=1.25",hub,0.25,10,10,40,1730,0,0,40,1730,0.0,0.0,0.0,0.0,0.1591125442223115
ni_tfnbs,"e=0.2,h=10.0,n=30,start_thres=1.25",hub,0.25,10,10,40,1730,0,0,40,1730,0.0,0.0,0.0,0.0,0.1591125442223115
ni_tfnbs,"e=0.3,h=0.5,n=30,start_thres=1.25",hub,0.25,10,10,40,1730,0,0,40,1730,0.0,0.0,0.0,0.0,0.1591125442223115
ni_tfnbs,"e=0.3,h=1.0,n=30,start_thres=1.25",hub,0.25,10,10,40,1730,0,0,40,1730,0.0,0.0,0.0,0.0,0.1591125442223115
ni_tfnbs,"e=0.3,h=2.0,n=30,start_thres=1.25",hub,0.25,10,10,40,1730,0,0,40,1730,0.0,0.0,0.0,0.0,0.1591125442223115
ni_tfnbs,"e=0.3,h=3.0,n=30,start_thres=1.25",hub,0.25,10,10,40,1730,0,0,40,1730,0.0,0.0,0.0,0.0,0.1591125442223115
ni_tfnbs,"e=0.3,h=4.0,n=30,start_thres=1.25",hub,0.25,10,10,40,1730,0,0,40,1730,0.0,0.0,0.0,0.0,0.1591125442223115
ni_tfnbs,"e=0.3,h=5.0,n=30,start_thres=1.25",hub,0.25,10,10,40,1730,0,0,40,1730,0.0,0.0,0.0,0.0,0.1591125442223115
ni_tfnbs,"e=0.3,h=6.0,n=30,start_thres=1.25",hub,0.25,10,10,40,1730,0,0,40,1730,0.0,0.0,0.0,0.0,0.1591125442223115
ni_tfnbs,"e=0.3,h=7.0,n=30,start_thres=1.25",hub,0.25,10,10,40,1730,0,0,40,1730,0.0,0.0,0.0,0.0,0.1591125442223115
ni_tfnbs,"e=0.3,h=8.0,n=30,start_thres=1.25",hub,0.25,10,10,40,1730,0,0,40,1730,0.0,0.0,0.0,0.0,0.1591125442223115
ni_tfnbs,"e=0.3,h=9.0,n=30,start_thres=1.25",hub,0.25,10,10,40,1730,0,0,40,1730,0.0,0.0,0.0,0.0,0.1591125442223115
ni_tfnbs,"e=0.3,h=10.0,n=30,start_thres=1.25",hub,0.25,10,10,40,1730,0,0,40,1730,0.0,0.0,0.0,0.0,0.1591125442223115
ni_tfnbs,"e=0.4,h=0.5,n=30,start_thres=1.25",hub,0.25,10,10,40,1730,0,0,40,1730,0.0,0.0,0.0,0.0,0.1591125442223115
ni_tfnbs,"e=0.4,h=1.0,n=30,start_thres=1.25",hub,0.25,10,10,40,1730,0,0,40,1730,0.0,0.0,0.0,0.0,0.1591125442223115
ni_tfnbs,"e=0.4,h=2.0,n=30,start_thres=1.25",hub,0.25,10,10,40,1730,0,0,40,1730,0.0,0.0,0.0,0.0,0.1591125442223115
ni_tfnbs,"e=0.4,h=3.0,n=30,start_thres=1.25",hub,0.25,10,10,40,1730,0,0,40,1730,0.0,0.0,0.0,0.0,0.1591125442223115
ni_tfnbs,"e=0.4,h=4.0,n=30,start_thres=1.25",hub,0.25,10,10,40,1730,0,0,40,1730,0.0,0.0,0.0,0.0,0.1591125442223115
ni_tfnbs,"e=0.4,h=5.0,n=30,start_thres=1.25",hub,0.25,10,10,40,1730,0,0,40,1730,0.0,0.0,0.0,0.0,0.1591125442223115
ni_tfnbs,"e=0.4,h=6.0,n=30,start_thres=1.25",hub,0.25,10,10,40,1730,0,0,40,1730,0.0,0.0,0.0,0.0,0.1591125442223115
ni_tfnbs,"e=0.4,h=7.0,n=30,start_thres=1.25",hub,0.25,10,10,40,1730,0,0,40,1730,0.0,0.0,0.0,0.0,0.1591125442223115
ni_tfnbs,"e=0.4,h=8.0,n=30,start_thres=1.25",hub,0.25,10,10,40,1730,0,0,40,1730,0.0,0.0,0.0,0.0,0.1591125442223115
ni_tfnbs,"e=0.4,h=9.0,n=30,start_thres=1.25",hub,0.25,10,10,40,1730,0,0,40,1730,0.0,0.0,0.0,0.0,0.1591125442223115
ni_tfnbs,"e=0.4,h=10.0,n=30,start_thres=1.25",hub,0.25,10,10,40,1730,0,0,40,1730,0.0,0.0,0.0,0.0,0.1591125442223115
ni_tfnbs,"e=0.5,h=0.5,n=30,start_thres=1.25",hub,0.25,10,10,40,1730,0,0,40,1730,0.0,0.0,0.0,0.0,0.1591125442223115
ni_tfnbs,"e=0.5,h=1.0,n=30,start_thres=1.25",hub,0.25,10,10,40,1730,0,0,40,1730,0.0,0.0,0.0,0.0,0.1591125442223115
ni_tfnbs,"e=0.5,h=2.0,n=30,start_thres=1.25",hub,0.25,10,10,40,1730,0,0,40,1730,0.0,0.0,0.0,0.0,0.1591125442223115
ni_tfnbs,"e=0.5,h=3.0,n=30,start_thres=1.25",hub,0.25,10,10,40,1730,0,0,40,1730,0.0,0.0,0.0,0.0,0.1591125442223115
ni_tfnbs,"e=0.5,h=4.0,n=30,start_thres=1.25",hub,0.25,10,10,40,1730,0,0,40,1730,0.0,0.0,0.0,0.0,0.1591125442223115
ni_tfnbs,"e=0.5,h=5.0,n=30,start_thres=1.25",hub,0.25,10,10,40,1730,0,0,40,1730,0.0,0.0,0.0,0.0,0.1591125442223115
ni_tfnbs,"e=0.5,h=6.0,n=30,start_thres=1.25",hub,0.25,10,10,40,1730,0,0,40,1730,0.0,0.0,0.0,0.0,0.1591125442223115
ni_tfnbs,"e=0.5,h=7.0,n=30,start_thres=1.25",hub,0.25,10,10,40,1730,0,0,40,1730,0.0,0.0,0.0,0.0,0.1591125442223115
ni_tfnbs,"e=0.5,h=8.0,n=30,start_thres=1.25",hub,0.25,10,10,40,1730,0,0,40,1730,0.0,0.0,0.0,0.0,0.1591125442223115
ni_tfnbs,"e=0.5,h=9.0,n=30,start_thres=1.25",hub,0.25,10,10,40,1730,0,0,40,1730,0.0,0.0,0.0,0.0,0.1591125442223115
ni_tfnbs,"e=0.5,h=10.0,n=30,start_thres=1.25",hub,0.25,10,10,40,1730,0,0,40,1730,0.0,0.0,0.0,0.0,0.1591125442223115
ni_tfnbs,"e=0.6,h=0.5,n=30,start_thres=1.25",hub,0.25,10,10,40,1730,0,0,40,1730,0.0,0.0,0.0,0.0,0.1591125442223115
ni_tfnbs,"e=0.6,h=1.0,n=30,start_thres=1.25",hub,0.25,10,10,40,1730,0,0,40,1730,0.0,0.0,0.0,0.0,0.1591125442223115
ni_tfnbs,"e=0.6,h=2.0,n=30,start_thres=1.25",hub,0.25,10,10,40,1730,0,0,40,1730,0.0,0.0,0.0,0.0,0.1591125442223115
ni_tfnbs,"e=0.6,h=3.0,n=30,start_thres=1.25",hub,0.25,10,10,40,1730,0,0,40,1730,0.0,0.0,0.0,0.0,0.1591125442223115
ni_tfnbs,"e=0.6,h=4.0,n=30,start_thres=1.25",hub,0.25,10,10,40,1730,0,0,40,1730,0.0,0.0,0.0,0.0,0.1591125442223115
ni_tfnbs,"e=0.6,h=5.0,n=30,start_thres=1.25",hub,0.25,10,10,40,1730,0,0,40,1730,0.0,0.0,0.0,0.0,0.1591125442223115
ni_tfnbs,"e=0.6,h=6.0,n=30,start_thres=1.25",hub,0.25,10,10,40,1730,0,0,40,1730,0.0,0.0,0.0,0.0,0.1591125442223115
ni_tfnbs,"e=0.6,h=7.0,n=30,start_thres=1.25",hub,0.25,10,10,40,1730,0,0,40,1730,0.0,0.0,0.0,0.0,0.1591125442223115
ni_tfnbs,"e=0.6,h=8.0,n=30,start_thres=1.25",hub,0.25,10,10,40,1730,0,0,40,1730,0.0,0.0,0.0,0.0,0.1591125442223115
ni_tfnbs,"e=0.6,h=9.0,n=30,start_thres=1.25",hub,0.25,10,10,40,1730,0,0,40,1730,0.0,0.0,0.0,0.0,0.1591125442223115
ni_tfnbs,"e=0.6,h=10.0,n=30,start_thres=1.25",hub,0.25,10,10,40,1730,0,0,40,1730,0.0,0.0,0.0,0.0,0.1591125442223115
ni_tfnbs,"e=0.7,h=0.5,n=30,start_thres=1.25",hub,0.25,10,10,40,1730,0,0,40,1730,0.0,0.0,0.0,0.0,0.1591125442223115
ni_tfnbs,"e=0.7,h=1.0,n=30,start_thres=1.25",hub,0.25,10,10,40,1730,0,0,40,1730,0.0,0.0,0.0,0.0,0.1591125442223115
ni_tfnbs,"e=0.7,h=2.0,n=30,start_thres=1.25",hub,0.25,10,10,40,1730,0,0,40,1730,0.0,0.0,0.0,0.0,0.1591125442223115
ni_tfnbs,"e=0.7,h=3.0,n=30,start_thres=1.25",hub,0.25,10,10,40,1730,0,0,40,1730,0.0,0.0,0.0,0.0,0.1591125442223115
ni_tfnbs,"e=0.7,h=4.0,n=30,start_thres=1.25",hub,0.25,10,10,40,1730,0,0,40,1730,0.0,0.0,0.0,0.0,0.1591125442223115
ni_tfnbs,"e=0.7,h=5.0,n=30,start_thres=1.25",hub,0.25,10,10,40,1730,0,0,40,1730,0.0,0.0,0.0,0.0,0.1591125442223115
ni_tfnbs,"e=0.7,h=6.0,n=30,start_thres=1.25",hub,0.25,10,10,40,1730,0,0,40,1730,0.0,0.0,0.0,0.0,0.1591125442223115
ni_tfnbs,"e=0.7,h=7.0,n=30,start_thres=1.25",hub,0.25,10,10,40,1730,0,0,40,1730,0.0,0.0,0.0,0.0,0.1591125442223115
ni_tfnbs,"e=0.7,h=8.0,n=30,start_thres=1.25",hub,0.25,10,10,40,1730,0,0,40,1730,0.0,0.0,0.0,0.0,0.1591125442223115
ni_tfnbs,"e=0.7,h=9.0,n=30,start_thres=1.25",hub,0.25,10,10,40,1730,0,0,40,1730,0.0,0.0,0.0,0.0,0.1591125442223115
ni_tfnbs,"e=0.7,h=10.0,n=30,start_thres=1.25",hub,0.25,10,10,40,1730,0,0,40,1730,0.0,0.0,0.0,0.0,0.1591125442223115
ni_tfnbs,"e=0.8,h=0.5,n=30,start_thres=1.25",hub,0.25,10,10,40,1730,0,0,40,1730,0.0,0.0,0.0,0.0,0.1591125442223115
ni_tfnbs,"e=0.8,h=1.0,n=30,start_thres=1.25",hub,0.25,10,10,40,1730,0,0,40,1730,0.0,0.0,0.0,0.0,0.1591125442223115
ni_tfnbs,"e=0.8,h=2.0,n=30,start_thres=1.25",hub,0.25,10,10,40,1730,0,0,40,1730,0.0,0.0,0.0,0.0,0.1591125442223115
ni_tfnbs,"e=0.8,h=3.0,n=30,start_thres=1.25",hub,0.25,10,10,40,1730,0,0,40,1730,0.0,0.0,0.0,0.0,0.1591125442223115
ni_tfnbs,"e=0.8,h=4.0,n=30,start_thres=1.25",hub,0.25,10,10,40,1730,0,0,40,1730,0.0,0.0,0.0,0.0,0.1591125442223115
ni_tfnbs,"e=0.8,h=5.0,n=30,start_thres=1.25",hub,0.25,10,10,40,1730,0,0,40,1730,0.0,0.0,0.0,0.0,0.1591125442223115
ni_tfnbs,"e=0.8,h=6.0,n=30,start_thres=1.25",hub,0.25,10,10,40,1730,0,0,40,1730,0.0,0.0,0.0,0.0,0.1591125442223115
ni_tfnbs,"e=0.8,h=7.0,n=30,start_thres=1.25",hub,0.25,10,10,40,1730,0,0,40,1730,0.0,0.0,0.0,0.0,0.1591125442223115
ni_tfnbs,"e=0.8,h=8.0,n=30,start_thres=1.25",hub,0.25,10,10,40,1730,0,0,40,1730,0.0,0.0,0.0,0.0,0.1591125442223115
ni_tfnbs,"e=0.8,h=9.0,n=30,start_thres=1.25",hub,0.25,10,10,40,1730,0,0,40,1730,0.0,0.0,0.0,0.0,0.1591125442223115
ni_tfnbs,"e=0.8,h=10.0,n=30,start_thres=1.25",hub,0.25,10,10,40,1730,0,0,40,1730,0.0,0.0,0.0,0.0,0.1591125442223115
ni_tfnbs,"e=0.9,h=0.5,n=30,start_thres=1.25",hub,0.25,10,10,40,1730,0,0,40,1730,0.0,0.0,0.0,0.0,0.1591125442223115
ni_tfnbs,"e=0.9,h=1.0,n=30,start_thres=1.25",hub,0.25,10,10,40,1730,0,0,40,1730,0.0,0.0,0.0,0.0,0.1591125442223115
ni_tfnbs,"e=0.9,h=2.0,n=30,start_thres=1.25",hub,0.25,10,10,40,1730,0,0,40,1730,0.0,0.0,0.0,0.0,0.1591125442223115
ni_tfnbs,"e=0.9,h=3.0,n=30,start_thres=1.25",hub,0.25,10,10,40,1730,0,0,40,1730,0.0,0.0,0.0,0.0,0.1591125442223115
ni_tfnbs,"e=0.9,h=4.0,n=30,start_thres=1.25",hub,0.25,10,10,40,1730,0,0,40,1730,0.0,0.0,0.0,0.0,0.1591125442223115
ni_tfnbs,"e=0.9,h=5.0,n=30,start_thres=1.25",hub,0.25,10,10,40,1730,0,0,40,1730,0.0,0.0,0.0,0.0,0.1591125442223115
ni_tfnbs,"e=0.9,h=6.0,n=30,start_thres=1.25",hub,0.25,10,10,40,1730,0,0,40,1730,0.0,0.0,0.0,0.0,0.1591125442223115
ni_tfnbs,"e=0.9,h=7.0,n=30,start_thres=1.25",hub,0.25,10,10,40,1730,0,0,40,1730,0.0,0.0,0.0,0.0,0.1591125442223115
ni_tfnbs,"e=0.9,h=8.0,n=30,start_thres=1.25",hub,0.25,10,10,40,1730,0,0,40,1730,0.0,0.0,0.0,0.0,0.1591125442223115
ni_tfnbs,"e=0.9,h=9.0,n=30,start_thres=1.25",hub,0.25,10,10,40,1730,0,0,40,1730,0.0,0.0,0.0,0.0,0.1591125442223115
ni_tfnbs,"e=0.9,h=10.0,n=30,start_thres=1.25",hub,0.25,10,10,40,1730,0,0,40,1730,0.0,0.0,0.0,0.0,0.1591125442223115
ni_tfnbs,"e=1.0,h=0.5,n=30,start_thres=1.25",hub,0.25,10,10,40,1730,0,0,40,1730,0.0,0.0,0.0,0.0,0.1591125442223115
ni_tfnbs,"e=1.0,h=1.0,n=30,start_thres=1.25",hub,0.25,10,10,40,1730,0,0,40,1730,0.0,0.0,0.0,0.0,0.1591125442223115
ni_tfnbs,"e=1.0,h=2.0,n=30,start_thres=1.25",hub,0.25,10,10,40,1730,0,0,40,1730,0.0,0.0,0.0,0.0,0.1591125442223115
ni_tfnbs,"e=1.0,h=3.0,n=30,start_thres=1.25",hub,0.25,10,10,40,1730,0,0,40,1730,0.0,0.0,0.0,0.0,0.1591125442223115
ni_tfnbs,"e=1.0,h=4.0,n=30,start_thres=1.25",hub,0.25,10,10,40,1730,0,0,40,1730,0.0,0.0,0.0,0.0,0.1591125442223115
ni_tfnbs,"e=1.0,h=5.0,n=30,start_thres=1.25",hub,0.25,10,10,40,1730,0,0,40,1730,0.0,0.0,0.0,0.0,0.1591125442223115
ni_tfnbs,"e=1.0,h=6.0,n=30,start_thres=1.25",hub,0.25,10,10,40,1730,0,0,40,1730,0.0,0.0,0.0,0.0,0.1591125442223115
ni_tfnbs,"e=1.0,h=7.0,n=30,start_thres=1.25",hub,0.25,10,10,40,1730,0,0,40,1730,0.0,0.0,0.0,0.0,0.1591125442223115
ni_tfnbs,"e=1.0,h=8.0,n=30,start_thres=1.25",hub,0.25,10,10,40,1730,0,0,40,1730,0.0,0.0,0.0,0.0,0.1591125442223115
ni_tfnbs,"e=1.0,h=9.0,n=30,start_thres=1.25",hub,0.25,10,10,40,1730,0,0,40,1730,0.0,0.0,0.0,0.0,0.1591125442223115
ni_tfnbs,"e=1.0,h=10.0,n=30,start_thres=1.25",hub,0.25,10,10,40,1730,0,0,40,1730,0.0,0.0,0.0,0.0,0.1591125442223115
ni_tfnbs,"e=1.1,h=0.5,n=30,start_thres=1.25",hub,0.25,10,10,40,1730,0,0,40,1730,0.0,0.0,0.0,0.0,0.1591125442223115
ni_tfnbs,"e=1.1,h=1.0,n=30,start_thres=1.25",hub,0.25,10,10,40,1730,0,0,40,1730,0.0,0.0,0.0,0.0,0.1591125442223115
ni_tfnbs,"e=1.1,h=2.0,n=30,start_thres=1.25",hub,0.25,10,10,40,1730,0,0,40,1730,0.0,0.0,0.0,0.0,0.1591125442223115
ni_tfnbs,"e=1.1,h=3.0,n=30,start_thres=1.25",hub,0.25,10,10,40,1730,0,0,40,1730,0.0,0.0,0.0,0.0,0.1591125442223115
ni_tfnbs,"e=1.1,h=4.0,n=30,start_thres=1.25",hub,0.25,10,10,40,1730,0,0,40,1730,0.0,0.0,0.0,0.0,0.1591125442223115
ni_tfnbs,"e=1.1,h=5.0,n=30,start_thres=1.25",hub,0.25,10,10,40,1730,0,0,40,1730,0.0,0.0,0.0,0.0,0.1591125442223115
ni_tfnbs,"e=1.1,h=6.0,n=30,start_thres=1.25",hub,0.25,10,10,40,1730,0,0,40,1730,0.0,0.0,0.0,0.0,0.1591125442223115
ni_tfnbs,"e=1.1,h=7.0,n=30,start_thres=1.25",hub,0.25,10,10,40,1730,0,0,40,1730,0.0,0.0,0.0,0.0,0.1591125442223115
ni_tfnbs,"e=1.1,h=8.0,n=30,start_thres=1.25",hub,0.25,10,10,40,1730,0,0,40,1730,0.0,0.0,0.0,0.0,0.1591125442223115
ni_tfnbs,"e=1.1,h=9.0,n=30,start_thres=1.25",hub,0.25,10,10,40,1730,0,0,40,1730,0.0,0.0,0.0,0.0,0.1591125442223115
ni_tfnbs,"e=1.1,h=10.0,n=30,start_thres=1.25",hub,0.25,10,10,40,1730,0,0,40,1730,0.0,0.0,0.0,0.0,0.1591125442223115
ni_tfnbs,"e=1.2,h=0.5,n=30,start_thres=1.25",hub,0.25,10,10,40,1730,0,0,40,1730,0.0,0.0,0.0,0.0,0.1591125442223115
ni_tfnbs,"e=1.2,h=1.0,n=30,start_thres=1.25",hub,0.25,10,10,40,1730,0,0,40,1730,0.0,0.0,0.0,0.0,0.1591125442223115
ni_tfnbs,"e=1.2,h=2.0,n=30,start_thres=1.25",hub,0.25,10,10,40,1730,0,0,40,1730,0.0,0.0,0.0,0.0,0.1591125442223115
ni_tfnbs,"e=1.2,h=3.0,n=30,start_thres=1.25",hub,0.25,10,10,40,1730,0,0,40,1730,0.0,0.0,0.0,0.0,0.1591125442223115
ni_tfnbs,"e=1.2,h=4.0,n=30,start_thres=1.25",hub,0.25,10,10,40,1730,0,0,40,1730,0.0,0.0,0.0,0.0,0.1591125442223115
ni_tfnbs,"e=1.2,h=5.0,n=30,start_thres=1.25",hub,0.25,10,10,40,1730,0,0,40,1730,0.0,0.0,0.0,0.0,0.1591125442223115
ni_tfnbs,"e=1.2,h=6.0,n=30,start_thres=1.25",hub,0.25,10,10,40,1730,0,0,40,1730,0.0,0.0,0.0,0.0,0.1591125442223115
ni_tfnbs,"e=1.2,h=7.0,n=30,start_thres=1.25",hub,0.25,10,10,40,1730,0,0,40,1730,0.0,0.0,0.0,0.0,0.1591125442223115
ni_tfnbs,"e=1.2,h=8.0,n=30,start_thres=1.25",hub,0.25,10,10,40,1730,0,0,40,1730,0.0,0.0,0.0,0.0,0.1591125442223115
ni_tfnbs,"e=1.2,h=9.0,n=30,start_thres=1.25",hub,0.25,10,10,40,1730,0,0,40,1730,0.0,0.0,0.0,0.0,0.1591125442223115
ni_tfnbs,"e=1.2,h=10.0,n=30,start_thres=1.25",hub,0.25,10,10,40,1730,0,0,40,1730,0.0,0.0,0.0,0.0,0.1591125442223115
ni_tfnbs,"e=1.3,h=0.5,n=30,start_thres=1.25",hub,0.25,10,10,40,1730,0,0,40,1730,0.0,0.0,0.0,0.0,0.1591125442223115
ni_tfnbs,"e=1.3,h=1.0,n=30,start_thres=1.25",hub,0.25,10,10,40,1730,0,0,40,1730,0.0,0.0,0.0,0.0,0.1591125442223115
ni_tfnbs,"e=1.3,h=2.0,n=30,start_thres=1.25",hub,0.25,10,10,40,1730,0,0,40,1730,0.0,0.0,0.0,0.0,0.1591125442223115
ni_tfnbs,"e=1.3,h=3.0,n=30,start_thres=1.25",hub,0.25,10,10,40,1730,0,0,40,1730,0.0,0.0,0.0,0.0,0.1591125442223115
ni_tfnbs,"e=1.3,h=4.0,n=30,start_thres=1.25",hub,0.25,10,10,40,1730,0,0,40,1730,0.0,0.0,0.0,0.0,0.1591125442223115
ni_tfnbs,"e=1.3,h=5.0,n=30,start_thres=1.25",hub,0.25,10,10,40,1730,0,0,40,1730,0.0,0.0,0.0,0.0,0.1591125442223115
ni_tfnbs,"e=1.3,h=6.0,n=30,start_thres=1.25",hub,0.25,10,10,40,1730,0,0,40,1730,0.0,0.0,0.0,0.0,0.1591125442223115
ni_tfnbs,"e=1.3,h=7.0,n=30,start_thres=1.25",hub,0.25,10,10,40,1730,0,0,40,1730,0.0,0.0,0.0,0.0,0.1591125442223115
ni_tfnbs,"e=1.3,h=8.0,n=30,start_thres=1.25",hub,0.25,10,10,40,1730,0,0,40,1730,0.0,0.0,0.0,0.0,0.1591125442223115
ni_tfnbs,"e=1.3,h=9.0,n=30,start_thres=1.25",hub,0.25,10,10,40,1730,0,0,40,1730,0.0,0.0,0.0,0.0,0.1591125442223115
ni_tfnbs,"e=1.3,h=10.0,n=30,start_thres=1.25",hub,0.25,10,10,40,1730,0,0,40,1730,0.0,0.0,0.0,0.0,0.1591125442223115
ni_tfnbs,"e=1.4,h=0.5,n=30,start_thres=1.25",hub,0.25,10,10,40,1730,0,0,40,1730,0.0,0.0,0.0,0.0,0.1591125442223115
ni_tfnbs,"e=1.4,h=1.0,n=30,start_thres=1.25",hub,0.25,10,10,40,1730,0,0,40,1730,0.0,0.0,0.0,0.0,0.1591125442223115
ni_tfnbs,"e=1.4,h=2.0,n=30,start_thres=1.25",hub,0.25,10,10,40,1730,0,0,40,1730,0.0,0.0,0.0,0.0,0.1591125442223115
ni_tfnbs,"e=1.4,h=3.0,n=30,start_thres=1.25",hub,0.25,10,10,40,1730,0,0,40,1730,0.0,0.0,0.0,0.0,0.1591125442223115
ni_tfnbs,"e=1.4,h=4.0,n=30,start_thres=1.25",hub,0.25,10,10,40,1730,0,0,40,1730,0.0,0.0,0.0,0.0,0.1591125442223115
ni_tfnbs,"e=1.4,h=5.0,n=30,start_thres=1.25",hub,0.25,10,10,40,1730,0,0,40,1730,0.0,0.0,0.0,0.0,0.1591125442223115
ni_tfnbs,"e=1.4,h=6.0,n=30,start_thres=1.25",hub,0.25,10,10,40,1730,0,0,40,1730,0.0,0.0,0.0,0.0,0.1591125442223115
ni_tfnbs,"e=1.4,h=7.0,n=30,start_thres=1.25",hub,0.25,10,10,40,1730,0,0,40,1730,0.0,0.0,0.0,0.0,0.1591125442223115
ni_tfnbs,"e=1.4,h=8.0,n=30,start_thres=1.25",hub,0.25,10,10,40,1730,0,0,40,1730,0.0,0.0,0.0,0.0,0.1591125442223115
ni_tfnbs,"e=1.4,h=9.0,n=30,start_thres=1.25",hub,0.25,10,10,40,1730,0,0,40,1730,0.0,0.0,0.0,0.0,0.1591125442223115
ni_tfnbs,"e=1.4,h=10.0,n=30,start_thres=1.25",hub,0.25,10,10,40,1730,0,0,40,1730,0.0,0.0,0.0,0.0,0.1591125442223115
ni_tfnbs,"e=1.5,h=0.5,n=30,start_thres=1.25",hub,0.25,10,10,40,1730,0,0,40,1730,0.0,0.0,0.0,0.0,0.1591125442223115
ni_tfnbs,"e=1.5,h=1.0,n=30,start_thres=1.25",hub,0.25,10,10,40,1730,0,0,40,1730,0.0,0.0,0.0,0.0,0.1591125442223115
ni_tfnbs,"e=1.5,h=2.0,n=30,start_thres=1.25",hub,0.25,10,10,40,1730,0,0,40,1730,0.0,0.0,0.0,0.0,0.1591125442223115
ni_tfnbs,"e=1.5,h=3.0,n=30,start_thres=1.25",hub,0.25,10,10,40,1730,0,0,40,1730,0.0,0.0,0.0,0.0,0.1591125442223115
ni_tfnbs,"e=1.5,h=4.0,n=30,start_thres=1.25",hub,0.25,10,10,40,1730,0,0,40,1730,0.0,0.0,0.0,0.0,0.1591125442223115
ni_tfnbs,"e=1.5,h=5.0,n=30,start_thres=1.25",hub,0.25,10,10,40,1730,0,0,40,1730,0.0,0.0,0.0,0.0,0.1591125442223115
ni_tfnbs,"e=1.5,h=6.0,n=30,start_thres=1.25",hub,0.25,10,10,40,1730,0,0,40,1730,0.0,0.0,0.0,0.0,0.1591125442223115
ni_tfnbs,"e=1.5,h=7.0,n=30,start_thres=1.25",hub,0.25,10,10,40,1730,0,0,40,1730,0.0,0.0,0.0,0.0,0.1591125442223115
ni_tfnbs,"e=1.5,h=8.0,n=30,start_thres=1.25",hub,0.25,10,10,40,1730,0,0,40,1730,0.0,0.0,0.0,0.0,0.1591125442223115
ni_tfnbs,"e=1.5,h=9.0,n=30,start_thres=1.25",hub,0.25,10,10,40,1730,0,0,40,1730,0.0,0.0,0.0,0.0,0.1591125442223115
ni_tfnbs,"e=1.5,h=10.0,n=30,start_thres=1.25",hub,0.25,10,10,40,1730,0,0,40,1730,0.0,0.0,0.0,0.0,0.1591125442223115
ni_tfnbs,"e=0.05,h=0.5,n=30,start_thres=1.25",hub,0.25,10,11,40,1730,0,0,40,1730,0.0,0.0,0.0,0.0,0.1629130637103861
ni_tfnbs,"e=0.05,h=1.0,n=30,start_thres=1.25",hub,0.25,10,11,40,1730,0,0,40,1730,0.0,0.0,0.0,0.0,0.1629130637103861
ni_tfnbs,"e=0.05,h=2.0,n=30,start_thres=1.25",hub,0.25,10,11,40,1730,0,0,40,1730,0.0,0.0,0.0,0.0,0.1629130637103861
ni_tfnbs,"e=0.05,h=3.0,n=30,start_thres=1.25",hub,0.25,10,11,40,1730,0,0,40,1730,0.0,0.0,0.0,0.0,0.1629130637103861
ni_tfnbs,"e=0.05,h=4.0,n=30,start_thres=1.25",hub,0.25,10,11,40,1730,0,0,40,1730,0.0,0.0,0.0,0.0,0.1629130637103861
ni_tfnbs,"e=0.05,h=5.0,n=30,start_thres=1.25",hub,0.25,10,11,40,1730,0,0,40,1730,0.0,0.0,0.0,0.0,0.1629130637103861
ni_tfnbs,"e=0.05,h=6.0,n=30,start_thres=1.25",hub,0.25,10,11,40,1730,0,0,40,1730,0.0,0.0,0.0,0.0,0.1629130637103861
ni_tfnbs,"e=0.05,h=7.0,n=30,start_thres=1.25",hub,0.25,10,11,40,1730,0,0,40,1730,0.0,0.0,0.0,0.0,0.1629130637103861
ni_tfnbs,"e=0.05,h=8.0,n=30,start_thres=1.25",hub,0.25,10,11,40,1730,0,0,40,1730,0.0,0.0,0.0,0.0,0.1629130637103861
ni_tfnbs,"e=0.05,h=9.0,n=30,start_thres=1.25",hub,0.25,10,11,40,1730,0,0,40,1730,0.0,0.0,0.0,0.0,0.1629130637103861
ni_tfnbs,"e=0.05,h=10.0,n=30,start_thres=1.25",hub,0.25,10,11,40,1730,0,0,40,1730,0.0,0.0,0.0,0.0,0.1629130637103861
ni_tfnbs,"e=0.1,h=0.5,n=30,start_thres=1.25",hub,0.25,10,11,40,1730,0,0,40,1730,0.0,0.0,0.0,0.0,0.1629130637103861
ni_tfnbs,"e=0.1,h=1.0,n=30,start_thres=1.25",hub,0.25,10,11,40,1730,0,0,40,1730,0.0,0.0,0.0,0.0,0.1629130637103861
ni_tfnbs,"e=0.1,h=2.0,n=30,start_thres=1.25",hub,0.25,10,11,40,1730,0,0,40,1730,0.0,0.0,0.0,0.0,0.1629130637103861
ni_tfnbs,"e=0.1,h=3.0,n=30,start_thres=1.25",hub,0.25,10,11,40,1730,0,0,40,1730,0.0,0.0,0.0,0.0,0.1629130637103861
ni_tfnbs,"e=0.1,h=4.0,n=30,start_thres=1.25",hub,0.25,10,11,40,1730,0,0,40,1730,0.0,0.0,0.0,0.0,0.1629130637103861
ni_tfnbs,"e=0.1,h=5.0,n=30,start_thres=1.25",hub,0.25,10,11,40,1730,0,0,40,1730,0.0,0.0,0.0,0.0,0.1629130637103861
ni_tfnbs,"e=0.1,h=6.0,n=30,start_thres=1.25",hub,0.25,10,11,40,1730,0,0,40,1730,0.0,0.0,0.0,0.0,0.1629130637103861
ni_tfnbs,"e=0.1,h=7.0,n=30,start_thres=1.25",hub,0.25,10,11,40,1730,0,0,40,1730,0.0,0.0,0.0,0.0,0.1629130637103861
ni_tfnbs,"e=0.1,h=8.0,n=30,start_thres=1.25",hub,0.25,10,11,40,1730,0,0,40,1730,0.0,0.0,0.0,0.0,0.1629130637103861
ni_tfnbs,"e=0.1,h=9.0,n=30,start_thres=1.25",hub,0.25,10,11,40,1730,0,0,40,1730,0.0,0.0,0.0,0.0,0.1629130637103861
ni_tfnbs,"e=0.1,h=10.0,n=30,start_thres=1.25",hub,0.25,10,11,40,1730,0,0,40,1730,0.0,0.0,0.0,0.0,0.1629130637103861
ni_tfnbs,"e=0.2,h=0.5,n=30,start_thres=1.25",hub,0.25,10,11,40,1730,0,0,40,1730,0.0,0.0,0.0,0.0,0.1629130637103861
ni_tfnbs,"e=0.2,h=1.0,n=30,start_thres=1.25",hub,0.25,10,11,40,1730,0,0,40,1730,0.0,0.0,0.0,0.0,0.1629130637103861
ni_tfnbs,"e=0.2,h=2.0,n=30,start_thres=1.25",hub,0.25,10,11,40,1730,0,0,40,1730,0.0,0.0,0.0,0.0,0.1629130637103861
ni_tfnbs,"e=0.2,h=3.0,n=30,start_thres=1.25",hub,0.25,10,11,40,1730,0,0,40,1730,0.0,0.0,0.0,0.0,0.1629130637103861
ni_tfnbs,"e=0.2,h=4.0,n=30,start_thres=1.25",hub,0.25,10,11,40,1730,0,0,40,1730,0.0,0.0,0.0,0.0,0.1629130637103861
ni_tfnbs,"e=0.2,h=5.0,n=30,start_thres=1.25",hub,0.25,10,11,40,1730,0,0,40,1730,0.0,0.0,0.0,0.0,0.1629130637103861
ni_tfnbs,"e=0.2,h=6.0,n=30,start_thres=1.25",hub,0.25,10,11,40,1730,0,0,40,1730,0.0,0.0,0.0,0.0,0.1629130637103861
ni_tfnbs,"e=0.2,h=7.0,n=30,start_thres=1.25",hub,0.25,10,11,40,1730,0,0,40,1730,0.0,0.0,0.0,0.0,0.1629130637103861
ni_tfnbs,"e=0.2,h=8.0,n=30,start_thres=1.25",hub,0.25,10,11,40,1730,0,0,40,1730,0.0,0.0,0.0,0.0,0.1629130637103861
ni_tfnbs,"e=0.2,h=9.0,n=30,start_thres=1.25",hub,0.25,10,11,40,1730,0,0,40,1730,0.0,0.0,0.0,0.0,0.1629130637103861
ni_tfnbs,"e=0.2,h=10.0,n=30,start_thres=1.25",hub,0.25,10,11,40,1730,0,0,40,1730,0.0,0.0,0.0,0.0,0.1629130637103861
ni_tfnbs,"e=0.3,h=0.5,n=30,start_thres=1.25",hub,0.25,10,11,40,1730,0,0,40,1730,0.0,0.0,0.0,0.0,0.1629130637103861
ni_tfnbs,"e=0.3,h=1.0,n=30,start_thres=1.25",hub,0.25,10,11,40,1730,0,0,40,1730,0.0,0.0,0.0,0.0,0.1629130637103861
ni_tfnbs,"e=0.3,h=2.0,n=30,start_thres=1.25",hub,0.25,10,11,40,1730,0,0,40,1730,0.0,0.0,0.0,0.0,0.1629130637103861
ni_tfnbs,"e=0.3,h=3.0,n=30,start_thres=1.25",hub,0.25,10,11,40,1730,0,0,40,1730,0.0,0.0,0.0,0.0,0.1629130637103861
ni_tfnbs,"e=0.3,h=4.0,n=30,start_thres=1.25",hub,0.25,10,11,40,1730,0,0,40,1730,0.0,0.0,0.0,0.0,0.1629130637103861
ni_tfnbs,"e=0.3,h=5.0,n=30,start_thres=1.25",hub,0.25,10,11,40,1730,0,0,40,1730,0.0,0.0,0.0,0.0,0.1629130637103861
ni_tfnbs,"e=0.3,h=6.0,n=30,start_thres=1.25",hub,0.25,10,11,40,1730,0,0,40,1730,0.0,0.0,0.0,0.0,0.1629130637103861
ni_tfnbs,"e=0.3,h=7.0,n=30,start_thres=1.25",hub,0.25,10,11,40,1730,0,0,40,1730,0.0,0.0,0.0,0.0,0.1629130637103861
ni_tfnbs,"e=0.3,h=8.0,n=30,start_thres=1.25",hub,0.25,10,11,40,1730,0,0,40,1730,0.0,0.0,0.0,0.0,0.1629130637103861
ni_tfnbs,"e=0.3,h=9.0,n=30,start_thres=1.25",hub,0.25,10,11,40,1730,0,0,40,1730,0.0,0.0,0.0,0.0,0.1629130637103861
ni_tfnbs,"e=0.3,h=10.0,n=30,start_thres=1.25",hub,0.25,10,11,40,1730,0,0,40,1730,0.0,0.0,0.0,0.0,0.1629130637103861
ni_tfnbs,"e=0.4,h=0.5,n=30,start_thres=1.25",hub,0.25,10,11,40,1730,0,0,40,1730,0.0,0.0,0.0,0.0,0.1629130637103861
ni_tfnbs,"e=0.4,h=1.0,n=30,start_thres=1.25",hub,0.25,10,11,40,1730,0,0,40,1730,0.0,0.0,0.0,0.0,0.1629130637103861
ni_tfnbs,"e=0.4,h=2.0,n=30,start_thres=1.25",hub,0.25,10,11,40,1730,0,0,40,1730,0.0,0.0,0.0,0.0,0.1629130637103861
ni_tfnbs,"e=0.4,h=3.0,n=30,start_thres=1.25",hub,0.25,10,11,40,1730,0,0,40,1730,0.0,0.0,0.0,0.0,0.1629130637103861
ni_tfnbs,"e=0.4,h=4.0,n=30,start_thres=1.25",hub,0.25,10,11,40,1730,0,0,40,1730,0.0,0.0,0.0,0.0,0.1629130637103861
ni_tfnbs,"e=0.4,h=5.0,n=30,start_thres=1.25",hub,0.25,10,11,40,1730,0,0,40,1730,0.0,0.0,0.0,0.0,0.1629130637103861
ni_tfnbs,"e=0.4,h=6.0,n=30,start_thres=1.25",hub,0.25,10,11,40,1730,0,0,40,1730,0.0,0.0,0.0,0.0,0.1629130637103861
ni_tfnbs,"e=0.4,h=7.0,n=30,start_thres=1.25",hub,0.25,10,11,40,1730,0,0,40,1730,0.0,0.0,0.0,0.0,0.1629130637103861
ni_tfnbs,"e=0.4,h=8.0,n=30,start_thres=1.25",hub,0.25,10,11,40,1730,0,0,40,1730,0.0,0.0,0.0,0.0,0.1629130637103861
ni_tfnbs,"e=0.4,h=9.0,n=30,start_thres=1.25",hub,0.25,10,11,40,1730,0,0,40,1730,0.0,0.0,0.0,0.0,0.1629130637103861
ni_tfnbs,"e=0.4,h=10.0,n=30,start_thres=1.25",hub,0.25,10,11,40,1730,0,0,40,1730,0.0,0.0,0.0,0.0,0.1629130637103861
ni_tfnbs,"e=0.5,h=0.5,n=30,start_thres=1.25",hub,0.25,10,11,40,1730,0,0,40,1730,0.0,0.0,0.0,0.0,0.1629130637103861
ni_tfnbs,"e=0.5,h=1.0,n=30,start_thres=1.25",hub,0.25,10,11,40,1730,0,0,40,1730,0.0,0.0,0.0,0.0,0.1629130637103861
ni_tfnbs,"e=0.5,h=2.0,n=30,start_thres=1.25",hub,0.25,10,11,40,1730,0,0,40,1730,0.0,0.0,0.0,0.0,0.1629130637103861
ni_tfnbs,"e=0.5,h=3.0,n=30,start_thres=1.25",hub,0.25,10,11,40,1730,0,0,40,1730,0.0,0.0,0.0,0.0,0.1629130637103861
ni_tfnbs,"e=0.5,h=4.0,n=30,start_thres=1.25",hub,0.25,10,11,40,1730,0,0,40,1730,0.0,0.0,0.0,0.0,0.1629130637103861
ni_tfnbs,"e=0.5,h=5.0,n=30,start_thres=1.25",hub,0.25,10,11,40,1730,0,0,40,1730,0.0,0.0,0.0,0.0,0.1629130637103861
ni_tfnbs,"e=0.5,h=6.0,n=30,start_thres=1.25",hub,0.25,10,11,40,1730,0,0,40,1730,0.0,0.0,0.0,0.0,0.1629130637103861
ni_tfnbs,"e=0.5,h=7.0,n=30,start_thres=1.25",hub,0.25,10,11,40,1730,0,0,40,1730,0.0,0.0,0.0,0.0,0.1629130637103861
ni_tfnbs,"e=0.5,h=8.0,n=30,start_thres=1.25",hub,0.25,10,11,40,1730,0,0,40,1730,0.0,0.0,0.0,0.0,0.1629130637103861
ni_tfnbs,"e=0.5,h=9.0,n=30,start_thres=1.25",hub,0.25,10,11,40,1730,0,0,40,1730,0.0,0.0,0.0,0.0,0.1629130637103861
ni_tfnbs,"e=0.5,h=10.0,n=30,start_thres=1.25",hub,0.25,10,11,40,1730,0,0,40,1730,0.0,0.0,0.0,0.0,0.1629130637103861
ni_tfnbs,"e=0.6,h=0.5,n=30,start_thres=1.25",hub,0.25,10,11,40,1730,0,0,40,1730,0.0,0.0,0.0,0.0,0.1629130637103861
ni_tfnbs,"e=0.6,h=1.0,n=30,start_thres=1.25",hub,0.25,10,11,40,1730,0,0,40,1730,0.0,0.0,0.0,0.0,0.1629130637103861
ni_tfnbs,"e=0.6,h=2.0,n=30,start_thres=1.25",hub,0.25,10,11,40,1730,0,0,40,1730,0.0,0.0,0.0,0.0,0.1629130637103861
ni_tfnbs,"e=0.6,h=3.0,n=30,start_thres=1.25",hub,0.25,10,11,40,1730,0,0,40,1730,0.0,0.0,0.0,0.0,0.1629130637103861
ni_tfnbs,"e=0.6,h=4.0,n=30,start_thres=1.25",hub,0.25,10,11,40,1730,0,0,40,1730,0.0,0.0,0.0,0.0,0.1629130637103861
ni_tfnbs,"e=0.6,h=5.0,n=30,start_thres=1.25",hub,0.25,10,11,40,1730,0,0,40,1730,0.0,0.0,0.0,0.0,0.1629130637103861
ni_tfnbs,"e=0.6,h=6.0,n=30,start_thres=1.25",hub,0.25,10,11,40,1730,0,0,40,1730,0.0,0.0,0.0,0.0,0.1629130637103861
ni_tfnbs,"e=0.6,h=7.0,n=30,start_thres=1.25",hub,0.25,10,11,40,1730,0,0,40,1730,0.0,0.0,0.0,0.0,0.1629130637103861
ni_tfnbs,"e=0.6,h=8.0,n=30,start_thres=1.25",hub,0.25,10,11,40,1730,0,0,40,1730,0.0,0.0,0.0,0.0,0.1629130637103861
ni_tfnbs,"e=0.6,h=9.0,n=30,start_thres=1.25",hub,0.25,10,11,40,1730,0,0,40,1730,0.0,0.0,0.0,0.0,0.1629130637103861
ni_tfnbs,"e=0.6,h=10.0,n=30,start_thres=1.25",hub,0.25,10,11,40,1730,0,0,40,1730,0.0,0.0,0.0,0.0,0.1629130637103861
ni_tfnbs,"e=0.7,h=0.5,n=30,start_thres=1.25",hub,0.25,10,11,40,1730,0,0,40,1730,0.0,0.0,0.0,0.0,0.1629130637103861
ni_tfnbs,"e=0.7,h=1.0,n=30,start_thres=1.25",hub,0.25,10,11,40,1730,0,0,40,1730,0.0,0.0,0.0,0.0,0.1629130637103861
ni_tfnbs,"e=0.7,h=2.0,n=30,start_thres=1.25",hub,0.25,10,11,40,1730,0,0,40,1730,0.0,0.0,0.0,0.0,0.1629130637103861
ni_tfnbs,"e=0.7,h=3.0,n=30,start_thres=1.25",hub,0.25,10,11,40,1730,0,0,40,1730,0.0,0.0,0.0,0.0,0.1629130637103861
ni_tfnbs,"e=0.7,h=4.0,n=30,start_thres=1.25",hub,0.25,10,11,40,1730,0,0,40,1730,0.0,0.0,0.0,0.0,0.1629130637103861
ni_tfnbs,"e=0.7,h=5.0,n=30,start_thres=1.25",hub,0.25,10,11,40,1730,0,0,40,1730,0.0,0.0,0.0,0.0,0.1629130637103861
ni_tfnbs,"e=0.7,h=6.0,n=30,start_thres=1.25",hub,0.25,10,11,40,1730,0,0,40,1730,0.0,0.0,0.0,0.0,0.1629130637103861
ni_tfnbs,"e=0.7,h=7.0,n=30,start_thres=1.25",hub,0.25,10,11,40,1730,0,0,40,1730,0.0,0.0,0.0,0.0,0.1629130637103861
ni_tfnbs,"e=0.7,h=8.0,n=30,start_thres=1.25",hub,0.25,10,11,40,1730,0,0,40,1730,0.0,0.0,0.0,0.0,0.1629130637103861
ni_tfnbs,"e=0.7,h=9.0,n=30,start_thres=1.25",hub,0.25,10,11,40,1730,0,0,40,1730,0.0,0.0,0.0,0.0,0.1629130637103861
ni_tfnbs,"e=0.7,h=10.0,n=30,start_thres=1.25",hub,0.25,10,11,40,1730,0,0,40,1730,0.0,0.0,0.0,0.0,0.1629130637103861
ni_tfnbs,"e=0.8,h=0.5,n=30,start_thres=1.25",hub,0.25,10,11,40,1730,0,0,40,1730,0.0,0.0,0.0,0.0,0.1629130637103861
ni_tfnbs,"e=0.8,h=1.0,n=30,start_thres=1.25",hub,0.25,10,11,40,1730,0,0,40,1730,0.0,0.0,0.0,0.0,0.1629130637103861
ni_tfnbs,"e=0.8,h=2.0,n=30,start_thres=1.25",hub,0.25,10,11,40,1730,0,0,40,1730,0.0,0.0,0.0,0.0,0.1629130637103861
ni_tfnbs,"e=0.8,h=3.0,n=30,start_thres=1.25",hub,0.25,10,11,40,1730,0,0,40,1730,0.0,0.0,0.0,0.0,0.1629130637103861
ni_tfnbs,"e=0.8,h=4.0,n=30,start_thres=1.25",hub,0.25,10,11,40,1730,0,0,40,1730,0.0,0.0,0.0,0.0,0.1629130637103861
ni_tfnbs,"e=0.8,h=5.0,n=30,start_thres=1.25",hub,0.25,10,11,40,1730,0,0,40,1730,0.0,0.0,0.0,0.0,0.1629130637103861
ni_tfnbs,"e=0.8,h=6.0,n=30,start_thres=1.25",hub,0.25,10,11,40,1730,0,0,40,1730,0.0,0.0,0.0,0.0,0.1629130637103861
ni_tfnbs,"e=0.8,h=7.0,n=30,start_thres=1.25",hub,0.25,10,11,40,1730,0,0,40,1730,0.0,0.0,0.0,0.0,0.1629130637103861
ni_tfnbs,"e=0.8,h=8.0,n=30,start_thres=1.25",hub,0.25,10,11,40,1730,0,0,40,1730,0.0,0.0,0.0,0.0,0.1629130637103861
ni_tfnbs,"e=0.8,h=9.0,n=30,start_thres=1.25",hub,0.25,10,11,40,1730,0,0,40,1730,0.0,0.0,0.0,0.0,0.1629130637103861
ni_tfnbs,"e=0.8,h=10.0,n=30,start_thres=1.25",hub,0.25,10,11,40,1730,0,0,40,1730,0.0,0.0,0.0,0.0,0.1629130637103861
ni_tfnbs,"e=0.9,h=0.5,n=30,start_thres=1.25",hub,0.25,10,11,40,1730,0,0,40,1730,0.0,0.0,0.0,0.0,0.1629130637103861
ni_tfnbs,"e=0.9,h=1.0,n=30,start_thres=1.25",hub,0.25,10,11,40,1730,0,0,40,1730,0.0,0.0,0.0,0.0,0.1629130637103861
ni_tfnbs,"e=0.9,h=2.0,n=30,start_thres=1.25",hub,0.25,10,11,40,1730,0,0,40,1730,0.0,0.0,0.0,0.0,0.1629130637103861
ni_tfnbs,"e=0.9,h=3.0,n=30,start_thres=1.25",hub,0.25,10,11,40,1730,0,0,40,1730,0.0,0.0,0.0,0.0,0.1629130637103861
ni_tfnbs,"e=0.9,h=4.0,n=30,start_thres=1.25",hub,0.25,10,11,40,1730,0,0,40,1730,0.0,0.0,0.0,0.0,0.1629130637103861
ni_tfnbs,"e=0.9,h=5.0,n=30,start_thres=1.25",hub,0.25,10,11,40,1730,0,0,40,1730,0.0,0.0,0.0,0.0,0.1629130637103861
ni_tfnbs,"e=0.9,h=6.0,n=30,start_thres=1.25",hub,0.25,10,11,40,1730,0,0,40,1730,0.0,0.0,0.0,0.0,0.1629130637103861
ni_tfnbs,"e=0.9,h=7.0,n=30,start_thres=1.25",hub,0.25,10,11,40,1730,0,0,40,1730,0.0,0.0,0.0,0.0,0.1629130637103861
ni_tfnbs,"e=0.9,h=8.0,n=30,start_thres=1.25",hub,0.25,10,11,40,1730,0,0,40,1730,0.0,0.0,0.0,0.0,0.1629130637103861
ni_tfnbs,"e=0.9,h=9.0,n=30,start_thres=1.25",hub,0.25,10,11,40,1730,0,0,40,1730,0.0,0.0,0.0,0.0,0.1629130637103861
ni_tfnbs,"e=0.9,h=10.0,n=30,start_thres=1.25",hub,0.25,10,11,40,1730,0,0,40,1730,0.0,0.0,0.0,0.0,0.1629130637103861
ni_tfnbs,"e=1.0,h=0.5,n=30,start_thres=1.25",hub,0.25,10,11,40,1730,0,0,40,1730,0.0,0.0,0.0,0.0,0.1629130637103861
ni_tfnbs,"e=1.0,h=1.0,n=30,start_thres=1.25",hub,0.25,10,11,40,1730,0,0,40,1730,0.0,0.0,0.0,0.0,0.1629130637103861
ni_tfnbs,"e=1.0,h=2.0,n=30,start_thres=1.25",hub,0.25,10,11,40,1730,0,0,40,1730,0.0,0.0,0.0,0.0,0.1629130637103861
ni_tfnbs,"e=1.0,h=3.0,n=30,start_thres=1.25",hub,0.25,10,11,40,1730,0,0,40,1730,0.0,0.0,0.0,0.0,0.1629130637103861
ni_tfnbs,"e=1.0,h=4.0,n=30,start_thres=1.25",hub,0.25,10,11,40,1730,0,0,40,1730,0.0,0.0,0.0,0.0,0.1629130637103861
ni_tfnbs,"e=1.0,h=5.0,n=30,start_thres=1.25",hub,0.25,10,11,40,1730,0,0,40,1730,0.0,0.0,0.0,0.0,0.1629130637103861
ni_tfnbs,"e=1.0,h=6.0,n=30,start_thres=1.25",hub,0.25,10,11,40,1730,0,0,40,1730,0.0,0.0,0.0,0.0,0.1629130637103861
ni_tfnbs,"e=1.0,h=7.0,n=30,start_thres=1.25",hub,0.25,10,11,40,1730,0,0,40,1730,0.0,0.0,0.0,0.0,0.1629130637103861
ni_tfnbs,"e=1.0,h=8.0,n=30,start_thres=1.25",hub,0.25,10,11,40,1730,0,0,40,1730,0.0,0.0,0.0,0.0,0.1629130637103861
ni_tfnbs,"e=1.0,h=9.0,n=30,start_thres=1.25",hub,0.25,10,11,40,1730,0,0,40,1730,0.0,0.0,0.0,0.0,0.1629130637103861
ni_tfnbs,"e=1.0,h=10.0,n=30,start_thres=1.25",hub,0.25,10,11,40,1730,0,0,40,1730,0.0,0.0,0.0,0.0,0.1629130637103861
ni_tfnbs,"e=1.1,h=0.5,n=30,start_thres=1.25",hub,0.25,10,11,40,1730,0,0,40,1730,0.0,0.0,0.0,0.0,0.1629130637103861
ni_tfnbs,"e=1.1,h=1.0,n=30,start_thres=1.25",hub,0.25,10,11,40,1730,0,0,40,1730,0.0,0.0,0.0,0.0,0.1629130637103861
ni_tfnbs,"e=1.1,h=2.0,n=30,start_thres=1.25",hub,0.25,10,11,40,1730,0,0,40,1730,0.0,0.0,0.0,0.0,0.1629130637103861
ni_tfnbs,"e=1.1,h=3.0,n=30,start_thres=1.25",hub,0.25,10,11,40,1730,0,0,40,1730,0.0,0.0,0.0,0.0,0.1629130637103861
ni_tfnbs,"e=1.1,h=4.0,n=30,start_thres=1.25",hub,0.25,10,11,40,1730,0,0,40,1730,0.0,0.0,0.0,0.0,0.1629130637103861
ni_tfnbs,"e=1.1,h=5.0,n=30,start_thres=1.25",hub,0.25,10,11,40,1730,0,0,40,1730,0.0,0.0,0.0,0.0,0.1629130637103861
ni_tfnbs,"e=1.1,h=6.0,n=30,start_thres=1.25",hub,0.25,10,11,40,1730,0,0,40,1730,0.0,0.0,0.0,0.0,0.1629130637103861
ni_tfnbs,"e=1.1,h=7.0,n=30,start_thres=1.25",hub,0.25,10,11,40,1730,0,0,40,1730,0.0,0.0,0.0,0.0,0.1629130637103861
ni_tfnbs,"e=1.1,h=8.0,n=30,start_thres=1.25",hub,0.25,10,11,40,1730,0,0,40,1730,0.0,0.0,0.0,0.0,0.1629130637103861
ni_tfnbs,"e=1.1,h=9.0,n=30,start_thres=1.25",hub,0.25,10,11,40,1730,0,0,40,1730,0.0,0.0,0.0,0.0,0.1629130637103861
ni_tfnbs,"e=1.1,h=10.0,n=30,start_thres=1.25",hub,0.25,10,11,40,1730,0,0,40,1730,0.0,0.0,0.0,0.0,0.1629130637103861
ni_tfnbs,"e=1.2,h=0.5,n=30,start_thres=1.25",hub,0.25,10,11,40,1730,0,0,40,1730,0.0,0.0,0.0,0.0,0.1629130637103861
ni_tfnbs,"e=1.2,h=1.0,n=30,start_thres=1.25",hub,0.25,10,11,40,1730,0,0,40,1730,0.0,0.0,0.0,0.0,0.1629130637103861
ni_tfnbs,"e=1.2,h=2.0,n=30,start_thres=1.25",hub,0.25,10,11,40,1730,0,0,40,1730,0.0,0.0,0.0,0.0,0.1629130637103861
ni_tfnbs,"e=1.2,h=3.0,n=30,start_thres=1.25",hub,0.25,10,11,40,1730,0,0,40,1730,0.0,0.0,0.0,0.0,0.1629130637103861
ni_tfnbs,"e=1.2,h=4.0,n=30,start_thres=1.25",hub,0.25,10,11,40,1730,0,0,40,1730,0.0,0.0,0.0,0.0,0.1629130637103861
ni_tfnbs,"e=1.2,h=5.0,n=30,start_thres=1.25",hub,0.25,10,11,40,1730,0,0,40,1730,0.0,0.0,0.0,0.0,0.1629130637103861
ni_tfnbs,"e=1.2,h=6.0,n=30,start_thres=1.25",hub,0.25,10,11,40,1730,0,0,40,1730,0.0,0.0,0.0,0.0,0.1629130637103861
ni_tfnbs,"e=1.2,h=7.0,n=30,start_thres=1.25",hub,0.25,10,11,40,1730,0,0,40,1730,0.0,0.0,0.0,0.0,0.1629130637103861
ni_tfnbs,"e=1.2,h=8.0,n=30,start_thres=1.25",hub,0.25,10,11,40,1730,0,0,40,1730,0.0,0.0,0.0,0.0,0.1629130637103861
ni_tfnbs,"e=1.2,h=9.0,n=30,start_thres=1.25",hub,0.25,10,11,40,1730,0,0,40,1730,0.0,0.0,0.0,0.0,0.1629130637103861
ni_tfnbs,"e=1.2,h=10.0,n=30,start_thres=1.25",hub,0.25,10,11,40,1730,0,0,40,1730,0.0,0.0,0.0,0.0,0.1629130637103861
ni_tfnbs,"e=1.3,h=0.5,n=30,start_thres=1.25",hub,0.25,10,11,40,1730,0,0,40,1730,0.0,0.0,0.0,0.0,0.1629130637103861
ni_tfnbs,"e=1.3,h=1.0,n=30,start_thres=1.25",hub,0.25,10,11,40,1730,0,0,40,1730,0.0,0.0,0.0,0.0,0.1629130637103861
ni_tfnbs,"e=1.3,h=2.0,n=30,start_thres=1.25",hub,0.25,10,11,40,1730,0,0,40,1730,0.0,0.0,0.0,0.0,0.1629130637103861
ni_tfnbs,"e=1.3,h=3.0,n=30,start_thres=1.25",hub,0.25,10,11,40,1730,0,0,40,1730,0.0,0.0,0.0,0.0,0.1629130637103861
ni_tfnbs,"e=1.3,h=4.0,n=30,start_thres=1.25",hub,0.25,10,11,40,1730,0,0,40,1730,0.0,0.0,0.0,0.0,0.1629130637103861
ni_tfnbs,"e=1.3,h=5.0,n=30,start_thres=1.25",hub,0.25,10,11,40,1730,0,0,40,1730,0.0,0.0,0.0,0.0,0.1629130637103861
ni_tfnbs,"e=1.3,h=6.0,n=30,start_thres=1.25",hub,0.25,10,11,40,1730,0,0,40,1730,0.0,0.0,0.0,0.0,0.1629130637103861
ni_tfnbs,"e=1.3,h=7.0,n=30,start_thres=1.25",hub,0.25,10,11,40,1730,0,0,40,1730,0.0,0.0,0.0,0.0,0.1629130637103861
ni_tfnbs,"e=1.3,h=8.0,n=30,start_thres=1.25",hub,0.25,10,11,40,1730,0,0,40,1730,0.0,0.0,0.0,0.0,0.1629130637103861
ni_tfnbs,"e=1.3,h=9.0,n=30,start_thres=1.25",hub,0.25,10,11,40,1730,0,0,40,1730,0.0,0.0,0.0,0.0,0.1629130637103861
ni_tfnbs,"e=1.3,h=10.0,n=30,start_thres=1.25",hub,0.25,10,11,40,1730,0,0,40,1730,0.0,0.0,0.0,0.0,0.1629130637103861
ni_tfnbs,"e=1.4,h=0.5,n=30,start_thres=1.25",hub,0.25,10,11,40,1730,0,0,40,1730,0.0,0.0,0.0,0.0,0.1629130637103861
ni_tfnbs,"e=1.4,h=1.0,n=30,start_thres=1.25",hub,0.25,10,11,40,1730,0,0,40,1730,0.0,0.0,0.0,0.0,0.1629130637103861
ni_tfnbs,"e=1.4,h=2.0,n=30,start_thres=1.25",hub,0.25,10,11,40,1730,0,0,40,1730,0.0,0.0,0.0,0.0,0.1629130637103861
ni_tfnbs,"e=1.4,h=3.0,n=30,start_thres=1.25",hub,0.25,10,11,40,1730,0,0,40,1730,0.0,0.0,0.0,0.0,0.1629130637103861
ni_tfnbs,"e=1.4,h=4.0,n=30,start_thres=1.25",hub,0.25,10,11,40,1730,0,0,40,1730,0.0,0.0,0.0,0.0,0.1629130637103861
ni_tfnbs,"e=1.4,h=5.0,n=30,start_thres=1.25",hub,0.25,10,11,40,1730,0,0,40,1730,0.0,0.0,0.0,0.0,0.1629130637103861
ni_tfnbs,"e=1.4,h=6.0,n=30,start_thres=1.25",hub,0.25,10,11,40,1730,0,0,40,1730,0.0,0.0,0.0,0.0,0.1629130637103861
ni_tfnbs,"e=1.4,h=7.0,n=30,start_thres=1.25",hub,0.25,10,11,40,1730,0,0,40,1730,0.0,0.0,0.0,0.0,0.1629130637103861
ni_tfnbs,"e=1.4,h=8.0,n=30,start_thres=1.25",hub,0.25,10,11,40,1730,0,0,40,1730,0.0,0.0,0.0,0.0,0.1629130637103861
ni_tfnbs,"e=1.4,h=9.0,n=30,start_thres=1.25",hub,0.25,10,11,40,1730,0,0,40,1730,0.0,0.0,0.0,0.0,0.1629130637103861
ni_tfnbs,"e=1.4,h=10.0,n=30,start_thres=1.25",hub,0.25,10,11,40,1730,0,0,40,1730,0.0,0.0,0.0,0.0,0.1629130637103861
ni_tfnbs,"e=1.5,h=0.5,n=30,start_thres=1.25",hub,0.25,10,11,40,1730,0,0,40,1730,0.0,0.0,0.0,0.0,0.1629130637103861
ni_tfnbs,"e=1.5,h=1.0,n=30,start_thres=1.25",hub,0.25,10,11,40,1730,0,0,40,1730,0.0,0.0,0.0,0.0,0.1629130637103861
ni_tfnbs,"e=1.5,h=2.0,n=30,start_thres=1.25",hub,0.25,10,11,40,1730,0,0,40,1730,0.0,0.0,0.0,0.0,0.1629130637103861
ni_tfnbs,"e=1.5,h=3.0,n=30,start_thres=1.25",hub,0.25,10,11,40,1730,0,0,40,1730,0.0,0.0,0.0,0.0,0.1629130637103861
ni_tfnbs,"e=1.5,h=4.0,n=30,start_thres=1.25",hub,0.25,10,11,40,1730,0,0,40,1730,0.0,0.0,0.0,0.0,0.1629130637103861
ni_tfnbs,"e=1.5,h=5.0,n=30,start_thres=1.25",hub,0.25,10,11,40,1730,0,0,40,1730,0.0,0.0,0.0,0.0,0.1629130637103861
ni_tfnbs,"e=1.5,h=6.0,n=30,start_thres=1.25",hub,0.25,10,11,40,1730,0,0,40,1730,0.0,0.0,0.0,0.0,0.1629130637103861
ni_tfnbs,"e=1.5,h=7.0,n=30,start_thres=1.25",hub,0.25,10,11,40,1730,0,0,40,1730,0.0,0.0,0.0,0.0,0.1629130637103861
ni_tfnbs,"e=1.5,h=8.0,n=30,start_thres=1.25",hub,0.25,10,11,40,1730,0,0,40,1730,0.0,0.0,0.0,0.0,0.1629130637103861
ni_tfnbs,"e=1.5,h=9.0,n=30,start_thres=1.25",hub,0.25,10,11,40,1730,0,0,40,1730,0.0,0.0,0.0,0.0,0.1629130637103861
ni_tfnbs,"e=1.5,h=10.0,n=30,start_thres=1.25",hub,0.25,10,11,40,1730,0,0,40,1730,0.0,0.0,0.0,0.0,0.1629130637103861
ni_tfnbs,"e=0.05,h=0.5,n=30,start_thres=1.25",hub,0.25,10,12,40,1730,0,0,40,1730,0.0,0.0,0.0,0.0,0.1601763990792361
ni_tfnbs,"e=0.05,h=1.0,n=30,start_thres=1.25",hub,0.25,10,12,40,1730,0,0,40,1730,0.0,0.0,0.0,0.0,0.1601763990792361
ni_tfnbs,"e=0.05,h=2.0,n=30,start_thres=1.25",hub,0.25,10,12,40,1730,0,0,40,1730,0.0,0.0,0.0,0.0,0.1601763990792361
ni_tfnbs,"e=0.05,h=3.0,n=30,start_thres=1.25",hub,0.25,10,12,40,1730,0,0,40,1730,0.0,0.0,0.0,0.0,0.1601763990792361
ni_tfnbs,"e=0.05,h=4.0,n=30,start_thres=1.25",hub,0.25,10,12,40,1730,0,0,40,1730,0.0,0.0,0.0,0.0,0.1601763990792361
ni_tfnbs,"e=0.05,h=5.0,n=30,start_thres=1.25",hub,0.25,10,12,40,1730,0,0,40,1730,0.0,0.0,0.0,0.0,0.1601763990792361
ni_tfnbs,"e=0.05,h=6.0,n=30,start_thres=1.25",hub,0.25,10,12,40,1730,0,0,40,1730,0.0,0.0,0.0,0.0,0.1601763990792361
ni_tfnbs,"e=0.05,h=7.0,n=30,start_thres=1.25",hub,0.25,10,12,40,1730,0,0,40,1730,0.0,0.0,0.0,0.0,0.1601763990792361
ni_tfnbs,"e=0.05,h=8.0,n=30,start_thres=1.25",hub,0.25,10,12,40,1730,0,0,40,1730,0.0,0.0,0.0,0.0,0.1601763990792361
ni_tfnbs,"e=0.05,h=9.0,n=30,start_thres=1.25",hub,0.25,10,12,40,1730,0,0,40,1730,0.0,0.0,0.0,0.0,0.1601763990792361
ni_tfnbs,"e=0.05,h=10.0,n=30,start_thres=1.25",hub,0.25,10,12,40,1730,0,0,40,1730,0.0,0.0,0.0,0.0,0.1601763990792361
ni_tfnbs,"e=0.1,h=0.5,n=30,start_thres=1.25",hub,0.25,10,12,40,1730,0,0,40,1730,0.0,0.0,0.0,0.0,0.1601763990792361
ni_tfnbs,"e=0.1,h=1.0,n=30,start_thres=1.25",hub,0.25,10,12,40,1730,0,0,40,1730,0.0,0.0,0.0,0.0,0.1601763990792361
ni_tfnbs,"e=0.1,h=2.0,n=30,start_thres=1.25",hub,0.25,10,12,40,1730,0,0,40,1730,0.0,0.0,0.0,0.0,0.1601763990792361
ni_tfnbs,"e=0.1,h=3.0,n=30,start_thres=1.25",hub,0.25,10,12,40,1730,0,0,40,1730,0.0,0.0,0.0,0.0,0.1601763990792361
ni_tfnbs,"e=0.1,h=4.0,n=30,start_thres=1.25",hub,0.25,10,12,40,1730,0,0,40,1730,0.0,0.0,0.0,0.0,0.1601763990792361
ni_tfnbs,"e=0.1,h=5.0,n=30,start_thres=1.25",hub,0.25,10,12,40,1730,0,0,40,1730,0.0,0.0,0.0,0.0,0.1601763990792361
ni_tfnbs,"e=0.1,h=6.0,n=30,start_thres=1.25",hub,0.25,10,12,40,1730,0,0,40,1730,0.0,0.0,0.0,0.0,0.1601763990792361
ni_tfnbs,"e=0.1,h=7.0,n=30,start_thres=1.25",hub,0.25,10,12,40,1730,0,0,40,1730,0.0,0.0,0.0,0.0,0.1601763990792361
ni_tfnbs,"e=0.1,h=8.0,n=30,start_thres=1.25",hub,0.25,10,12,40,1730,0,0,40,1730,0.0,0.0,0.0,0.0,0.1601763990792361
ni_tfnbs,"e=0.1,h=9.0,n=30,start_thres=1.25",hub,0.25,10,12,40,1730,0,0,40,1730,0.0,0.0,0.0,0.0,0.1601763990792361
ni_tfnbs,"e=0.1,h=10.0,n=30,start_thres=1.25",hub,0.25,10,12,40,1730,0,0,40,1730,0.0,0.0,0.0,0.0,0.1601763990792361
ni_tfnbs,"e=0.2,h=0.5,n=30,start_thres=1.25",hub,0.25,10,12,40,1730,0,0,40,1730,0.0,0.0,0.0,0.0,0.1601763990792361
ni_tfnbs,"e=0.2,h=1.0,n=30,start_thres=1.25",hub,0.25,10,12,40,1730,0,0,40,1730,0.0,0.0,0.0,0.0,0.1601763990792361
ni_tfnbs,"e=0.2,h=2.0,n=30,start_thres=1.25",hub,0.25,10,12,40,1730,0,0,40,1730,0.0,0.0,0.0,0.0,0.1601763990792361
ni_tfnbs,"e=0.2,h=3.0,n=30,start_thres=1.25",hub,0.25,10,12,40,1730,0,0,40,1730,0.0,0.0,0.0,0.0,0.1601763990792361
ni_tfnbs,"e=0.2,h=4.0,n=30,start_thres=1.25",hub,0.25,10,12,40,1730,0,0,40,1730,0.0,0.0,0.0,0.0,0.1601763990792361
ni_tfnbs,"e=0.2,h=5.0,n=30,start_thres=1.25",hub,0.25,10,12,40,1730,0,0,40,1730,0.0,0.0,0.0,0.0,0.1601763990792361
ni_tfnbs,"e=0.2,h=6.0,n=30,start_thres=1.25",hub,0.25,10,12,40,1730,0,0,40,1730,0.0,0.0,0.0,0.0,0.1601763990792361
ni_tfnbs,"e=0.2,h=7.0,n=30,start_thres=1.25",hub,0.25,10,12,40,1730,0,0,40,1730,0.0,0.0,0.0,0.0,0.1601763990792361
ni_tfnbs,"e=0.2,h=8.0,n=30,start_thres=1.25",hub,0.25,10,12,40,1730,0,0,40,1730,0.0,0.0,0.0,0.0,0.1601763990792361
ni_tfnbs,"e=0.2,h=9.0,n=30,start_thres=1.25",hub,0.25,10,12,40,1730,0,0,40,1730,0.0,0.0,0.0,0.0,0.1601763990792361
ni_tfnbs,"e=0.2,h=10.0,n=30,start_thres=1.25",hub,0.25,10,12,40,1730,0,0,40,1730,0.0,0.0,0.0,0.0,0.1601763990792361
ni_tfnbs,"e=0.3,h=0.5,n=30,start_thres=1.25",hub,0.25,10,12,40,1730,0,0,40,1730,0.0,0.0,0.0,0.0,0.1601763990792361
ni_tfnbs,"e=0.3,h=1.0,n=30,start_thres=1.25",hub,0.25,10,12,40,1730,0,0,40,1730,0.0,0.0,0.0,0.0,0.1601763990792361
ni_tfnbs,"e=0.3,h=2.0,n=30,start_thres=1.25",hub,0.25,10,12,40,1730,0,0,40,1730,0.0,0.0,0.0,0.0,0.1601763990792361
ni_tfnbs,"e=0.3,h=3.0,n=30,start_thres=1.25",hub,0.25,10,12,40,1730,0,0,40,1730,0.0,0.0,0.0,0.0,0.1601763990792361
ni_tfnbs,"e=0.3,h=4.0,n=30,start_thres=1.25",hub,0.25,10,12,40,1730,0,0,40,1730,0.0,0.0,0.0,0.0,0.1601763990792361
ni_tfnbs,"e=0.3,h=5.0,n=30,start_thres=1.25",hub,0.25,10,12,40,1730,0,0,40,1730,0.0,0.0,0.0,0.0,0.1601763990792361
ni_tfnbs,"e=0.3,h=6.0,n=30,start_thres=1.25",hub,0.25,10,12,40,1730,0,0,40,1730,0.0,0.0,0.0,0.0,0.1601763990792361
ni_tfnbs,"e=0.3,h=7.0,n=30,start_thres=1.25",hub,0.25,10,12,40,1730,0,0,40,1730,0.0,0.0,0.0,0.0,0.1601763990792361
ni_tfnbs,"e=0.3,h=8.0,n=30,start_thres=1.25",hub,0.25,10,12,40,1730,0,0,40,1730,0.0,0.0,0.0,0.0,0.1601763990792361
ni_tfnbs,"e=0.3,h=9.0,n=30,start_thres=1.25",hub,0.25,10,12,40,1730,0,0,40,1730,0.0,0.0,0.0,0.0,0.1601763990792361
ni_tfnbs,"e=0.3,h=10.0,n=30,start_thres=1.25",hub,0.25,10,12,40,1730,0,0,40,1730,0.0,0.0,0.0,0.0,0.1601763990792361
ni_tfnbs,"e=0.4,h=0.5,n=30,start_thres=1.25",hub,0.25,10,12,40,1730,0,0,40,1730,0.0,0.0,0.0,0.0,0.1601763990792361
ni_tfnbs,"e=0.4,h=1.0,n=30,start_thres=1.25",hub,0.25,10,12,40,1730,0,0,40,1730,0.0,0.0,0.0,0.0,0.1601763990792361
ni_tfnbs,"e=0.4,h=2.0,n=30,start_thres=1.25",hub,0.25,10,12,40,1730,0,0,40,1730,0.0,0.0,0.0,0.0,0.1601763990792361
ni_tfnbs,"e=0.4,h=3.0,n=30,start_thres=1.25",hub,0.25,10,12,40,1730,0,0,40,1730,0.0,0.0,0.0,0.0,0.1601763990792361
ni_tfnbs,"e=0.4,h=4.0,n=30,start_thres=1.25",hub,0.25,10,12,40,1730,0,0,40,1730,0.0,0.0,0.0,0.0,0.1601763990792361
ni_tfnbs,"e=0.4,h=5.0,n=30,start_thres=1.25",hub,0.25,10,12,40,1730,0,0,40,1730,0.0,0.0,0.0,0.0,0.1601763990792361
ni_tfnbs,"e=0.4,h=6.0,n=30,start_thres=1.25",hub,0.25,10,12,40,1730,0,0,40,1730,0.0,0.0,0.0,0.0,0.1601763990792361
ni_tfnbs,"e=0.4,h=7.0,n=30,start_thres=1.25",hub,0.25,10,12,40,1730,0,0,40,1730,0.0,0.0,0.0,0.0,0.1601763990792361
ni_tfnbs,"e=0.4,h=8.0,n=30,start_thres=1.25",hub,0.25,10,12,40,1730,0,0,40,1730,0.0,0.0,0.0,0.0,0.1601763990792361
ni_tfnbs,"e=0.4,h=9.0,n=30,start_thres=1.25",hub,0.25,10,12,40,1730,0,0,40,1730,0.0,0.0,0.0,0.0,0.1601763990792361
ni_tfnbs,"e=0.4,h=10.0,n=30,start_thres=1.25",hub,0.25,10,12,40,1730,0,0,40,1730,0.0,0.0,0.0,0.0,0.1601763990792361
ni_tfnbs,"e=0.5,h=0.5,n=30,start_thres=1.25",hub,0.25,10,12,40,1730,0,0,40,1730,0.0,0.0,0.0,0.0,0.1601763990792361
ni_tfnbs,"e=0.5,h=1.0,n=30,start_thres=1.25",hub,0.25,10,12,40,1730,0,0,40,1730,0.0,0.0,0.0,0.0,0.1601763990792361
ni_tfnbs,"e=0.5,h=2.0,n=30,start_thres=1.25",hub,0.25,10,12,40,1730,0,0,40,1730,0.0,0.0,0.0,0.0,0.1601763990792361
ni_tfnbs,"e=0.5,h=3.0,n=30,start_thres=1.25",hub,0.25,10,12,40,1730,0,0,40,1730,0.0,0.0,0.0,0.0,0.1601763990792361
ni_tfnbs,"e=0.5,h=4.0,n=30,start_thres=1.25",hub,0.25,10,12,40,1730,0,0,40,1730,0.0,0.0,0.0,0.0,0.1601763990792361
ni_tfnbs,"e=0.5,h=5.0,n=30,start_thres=1.25",hub,0.25,10,12,40,1730,0,0,40,1730,0.0,0.0,0.0,0.0,0.1601763990792361
ni_tfnbs,"e=0.5,h=6.0,n=30,start_thres=1.25",hub,0.25,10,12,40,1730,0,0,40,1730,0.0,0.0,0.0,0.0,0.1601763990792361
ni_tfnbs,"e=0.5,h=7.0,n=30,start_thres=1.25",hub,0.25,10,12,40,1730,0,0,40,1730,0.0,0.0,0.0,0.0,0.1601763990792361
ni_tfnbs,"e=0.5,h=8.0,n=30,start_thres=1.25",hub,0.25,10,12,40,1730,0,0,40,1730,0.0,0.0,0.0,0.0,0.1601763990792361
ni_tfnbs,"e=0.5,h=9.0,n=30,start_thres=1.25",hub,0.25,10,12,40,1730,0,0,40,1730,0.0,0.0,0.0,0.0,0.1601763990792361
ni_tfnbs,"e=0.5,h=10.0,n=30,start_thres=1.25",hub,0.25,10,12,40,1730,0,0,40,1730,0.0,0.0,0.0,0.0,0.1601763990792361
ni_tfnbs,"e=0.6,h=0.5,n=30,start_thres=1.25",hub,0.25,10,12,40,1730,0,0,40,1730,0.0,0.0,0.0,0.0,0.1601763990792361
ni_tfnbs,"e=0.6,h=1.0,n=30,start_thres=1.25",hub,0.25,10,12,40,1730,0,0,40,1730,0.0,0.0,0.0,0.0,0.1601763990792361
ni_tfnbs,"e=0.6,h=2.0,n=30,start_thres=1.25",hub,0.25,10,12,40,1730,0,0,40,1730,0.0,0.0,0.0,0.0,0.1601763990792361
ni_tfnbs,"e=0.6,h=3.0,n=30,start_thres=1.25",hub,0.25,10,12,40,1730,0,0,40,1730,0.0,0.0,0.0,0.0,0.1601763990792361
ni_tfnbs,"e=0.6,h=4.0,n=30,start_thres=1.25",hub,0.25,10,12,40,1730,0,0,40,1730,0.0,0.0,0.0,0.0,0.1601763990792361
ni_tfnbs,"e=0.6,h=5.0,n=30,start_thres=1.25",hub,0.25,10,12,40,1730,0,0,40,1730,0.0,0.0,0.0,0.0,0.1601763990792361
ni_tfnbs,"e=0.6,h=6.0,n=30,start_thres=1.25",hub,0.25,10,12,40,1730,0,0,40,1730,0.0,0.0,0.0,0.0,0.1601763990792361
ni_tfnbs,"e=0.6,h=7.0,n=30,start_thres=1.25",hub,0.25,10,12,40,1730,0,0,40,1730,0.0,0.0,0.0,0.0,0.1601763990792361
ni_tfnbs,"e=0.6,h=8.0,n=30,start_thres=1.25",hub,0.25,10,12,40,1730,0,0,40,1730,0.0,0.0,0.0,0.0,0.1601763990792361
ni_tfnbs,"e=0.6,h=9.0,n=30,start_thres=1.25",hub,0.25,10,12,40,1730,0,0,40,1730,0.0,0.0,0.0,0.0,0.1601763990792361
ni_tfnbs,"e=0.6,h=10.0,n=30,start_thres=1.25",hub,0.25,10,12,40,1730,0,0,40,1730,0.0,0.0,0.0,0.0,0.1601763990792361
ni_tfnbs,"e=0.7,h=0.5,n=30,start_thres=1.25",hub,0.25,10,12,40,1730,0,0,40,1730,0.0,0.0,0.0,0.0,0.1601763990792361
ni_tfnbs,"e=0.7,h=1.0,n=30,start_thres=1.25",hub,0.25,10,12,40,1730,0,0,40,1730,0.0,0.0,0.0,0.0,0.1601763990792361
ni_tfnbs,"e=0.7,h=2.0,n=30,start_thres=1.25",hub,0.25,10,12,40,1730,0,0,40,1730,0.0,0.0,0.0,0.0,0.1601763990792361
ni_tfnbs,"e=0.7,h=3.0,n=30,start_thres=1.25",hub,0.25,10,12,40,1730,0,0,40,1730,0.0,0.0,0.0,0.0,0.1601763990792361
ni_tfnbs,"e=0.7,h=4.0,n=30,start_thres=1.25",hub,0.25,10,12,40,1730,0,0,40,1730,0.0,0.0,0.0,0.0,0.1601763990792361
ni_tfnbs,"e=0.7,h=5.0,n=30,start_thres=1.25",hub,0.25,10,12,40,1730,0,0,40,1730,0.0,0.0,0.0,0.0,0.1601763990792361
ni_tfnbs,"e=0.7,h=6.0,n=30,start_thres=1.25",hub,0.25,10,12,40,1730,0,0,40,1730,0.0,0.0,0.0,0.0,0.1601763990792361
ni_tfnbs,"e=0.7,h=7.0,n=30,start_thres=1.25",hub,0.25,10,12,40,1730,0,0,40,1730,0.0,0.0,0.0,0.0,0.1601763990792361
ni_tfnbs,"e=0.7,h=8.0,n=30,start_thres=1.25",hub,0.25,10,12,40,1730,0,0,40,1730,0.0,0.0,0.0,0.0,0.1601763990792361
ni_tfnbs,"e=0.7,h=9.0,n=30,start_thres=1.25",hub,0.25,10,12,40,1730,0,0,40,1730,0.0,0.0,0.0,0.0,0.1601763990792361
ni_tfnbs,"e=0.7,h=10.0,n=30,start_thres=1.25",hub,0.25,10,12,40,1730,0,0,40,1730,0.0,0.0,0.0,0.0,0.1601763990792361
ni_tfnbs,"e=0.8,h=0.5,n=30,start_thres=1.25",hub,0.25,10,12,40,1730,0,0,40,1730,0.0,0.0,0.0,0.0,0.1601763990792361
ni_tfnbs,"e=0.8,h=1.0,n=30,start_thres=1.25",hub,0.25,10,12,40,1730,0,0,40,1730,0.0,0.0,0.0,0.0,0.1601763990792361
ni_tfnbs,"e=0.8,h=2.0,n=30,start_thres=1.25",hub,0.25,10,12,40,1730,0,0,40,1730,0.0,0.0,0.0,0.0,0.1601763990792361
ni_tfnbs,"e=0.8,h=3.0,n=30,start_thres=1.25",hub,0.25,10,12,40,1730,0,0,40,1730,0.0,0.0,0.0,0.0,0.1601763990792361
ni_tfnbs,"e=0.8,h=4.0,n=30,start_thres=1.25",hub,0.25,10,12,40,1730,0,0,40,1730,0.0,0.0,0.0,0.0,0.1601763990792361
ni_tfnbs,"e=0.8,h=5.0,n=30,start_thres=1.25",hub,0.25,10,12,40,1730,0,0,40,1730,0.0,0.0,0.0,0.0,0.1601763990792361
ni_tfnbs,"e=0.8,h=6.0,n=30,start_thres=1.25",hub,0.25,10,12,40,1730,0,0,40,1730,0.0,0.0,0.0,0.0,0.1601763990792361
ni_tfnbs,"e=0.8,h=7.0,n=30,start_thres=1.25",hub,0.25,10,12,40,1730,0,0,40,1730,0.0,0.0,0.0,0.0,0.1601763990792361
ni_tfnbs,"e=0.8,h=8.0,n=30,start_thres=1.25",hub,0.25,10,12,40,1730,0,0,40,1730,0.0,0.0,0.0,0.0,0.1601763990792361
ni_tfnbs,"e=0.8,h=9.0,n=30,start_thres=1.25",hub,0.25,10,12,40,1730,0,0,40,1730,0.0,0.0,0.0,0.0,0.1601763990792361
ni_tfnbs,"e=0.8,h=10.0,n=30,start_thres=1.25",hub,0.25,10,12,40,1730,0,0,40,1730,0.0,0.0,0.0,0.0,0.1601763990792361
ni_tfnbs,"e=0.9,h=0.5,n=30,start_thres=1.25",hub,0.25,10,12,40,1730,0,0,40,1730,0.0,0.0,0.0,0.0,0.1601763990792361
ni_tfnbs,"e=0.9,h=1.0,n=30,start_thres=1.25",hub,0.25,10,12,40,1730,0,0,40,1730,0.0,0.0,0.0,0.0,0.1601763990792361
ni_tfnbs,"e=0.9,h=2.0,n=30,start_thres=1.25",hub,0.25,10,12,40,1730,0,0,40,1730,0.0,0.0,0.0,0.0,0.1601763990792361
ni_tfnbs,"e=0.9,h=3.0,n=30,start_thres=1.25",hub,0.25,10,12,40,1730,0,0,40,1730,0.0,0.0,0.0,0.0,0.1601763990792361
ni_tfnbs,"e=0.9,h=4.0,n=30,start_thres=1.25",hub,0.25,10,12,40,1730,0,0,40,1730,0.0,0.0,0.0,0.0,0.1601763990792361
ni_tfnbs,"e=0.9,h=5.0,n=30,start_thres=1.25",hub,0.25,10,12,40,1730,0,0,40,1730,0.0,0.0,0.0,0.0,0.1601763990792361
ni_tfnbs,"e=0.9,h=6.0,n=30,start_thres=1.25",hub,0.25,10,12,40,1730,0,0,40,1730,0.0,0.0,0.0,0.0,0.1601763990792361
ni_tfnbs,"e=0.9,h=7.0,n=30,start_thres=1.25",hub,0.25,10,12,40,1730,0,0,40,1730,0.0,0.0,0.0,0.0,0.1601763990792361
ni_tfnbs,"e=0.9,h=8.0,n=30,start_thres=1.25",hub,0.25,10,12,40,1730,0,0,40,1730,0.0,0.0,0.0,0.0,0.1601763990792361
ni_tfnbs,"e=0.9,h=9.0,n=30,start_thres=1.25",hub,0.25,10,12,40,1730,0,0,40,1730,0.0,0.0,0.0,0.0,0.1601763990792361
ni_tfnbs,"e=0.9,h=10.0,n=30,start_thres=1.25",hub,0.25,10,12,40,1730,0,0,40,1730,0.0,0.0,0.0,0.0,0.1601763990792361
ni_tfnbs,"e=1.0,h=0.5,n=30,start_thres=1.25",hub,0.25,10,12,40,1730,0,0,40,1730,0.0,0.0,0.0,0.0,0.1601763990792361
ni_tfnbs,"e=1.0,h=1.0,n=30,start_thres=1.25",hub,0.25,10,12,40,1730,0,0,40,1730,0.0,0.0,0.0,0.0,0.1601763990792361
ni_tfnbs,"e=1.0,h=2.0,n=30,start_thres=1.25",hub,0.25,10,12,40,1730,0,0,40,1730,0.0,0.0,0.0,0.0,0.1601763990792361
ni_tfnbs,"e=1.0,h=3.0,n=30,start_thres=1.25",hub,0.25,10,12,40,1730,0,0,40,1730,0.0,0.0,0.0,0.0,0.1601763990792361
ni_tfnbs,"e=1.0,h=4.0,n=30,start_thres=1.25",hub,0.25,10,12,40,1730,0,0,40,1730,0.0,0.0,0.0,0.0,0.1601763990792361
ni_tfnbs,"e=1.0,h=5.0,n=30,start_thres=1.25",hub,0.25,10,12,40,1730,0,0,40,1730,0.0,0.0,0.0,0.0,0.1601763990792361
ni_tfnbs,"e=1.0,h=6.0,n=30,start_thres=1.25",hub,0.25,10,12,40,1730,0,0,40,1730,0.0,0.0,0.0,0.0,0.1601763990792361
ni_tfnbs,"e=1.0,h=7.0,n=30,start_thres=1.25",hub,0.25,10,12,40,1730,0,0,40,1730,0.0,0.0,0.0,0.0,0.1601763990792361
ni_tfnbs,"e=1.0,h=8.0,n=30,start_thres=1.25",hub,0.25,10,12,40,1730,0,0,40,1730,0.0,0.0,0.0,0.0,0.1601763990792361
ni_tfnbs,"e=1.0,h=9.0,n=30,start_thres=1.25",hub,0.25,10,12,40,1730,0,0,40,1730,0.0,0.0,0.0,0.0,0.1601763990792361
ni_tfnbs,"e=1.0,h=10.0,n=30,start_thres=1.25",hub,0.25,10,12,40,1730,0,0,40,1730,0.0,0.0,0.0,0.0,0.1601763990792361
ni_tfnbs,"e=1.1,h=0.5,n=30,start_thres=1.25",hub,0.25,10,12,40,1730,0,0,40,1730,0.0,0.0,0.0,0.0,0.1601763990792361
ni_tfnbs,"e=1.1,h=1.0,n=30,start_thres=1.25",hub,0.25,10,12,40,1730,0,0,40,1730,0.0,0.0,0.0,0.0,0.1601763990792361
ni_tfnbs,"e=1.1,h=2.0,n=30,start_thres=1.25",hub,0.25,10,12,40,1730,0,0,40,1730,0.0,0.0,0.0,0.0,0.1601763990792361
ni_tfnbs,"e=1.1,h=3.0,n=30,start_thres=1.25",hub,0.25,10,12,40,1730,0,0,40,1730,0.0,0.0,0.0,0.0,0.1601763990792361
ni_tfnbs,"e=1.1,h=4.0,n=30,start_thres=1.25",hub,0.25,10,12,40,1730,0,0,40,1730,0.0,0.0,0.0,0.0,0.1601763990792361
ni_tfnbs,"e=1.1,h=5.0,n=30,start_thres=1.25",hub,0.25,10,12,40,1730,0,0,40,1730,0.0,0.0,0.0,0.0,0.1601763990792361
ni_tfnbs,"e=1.1,h=6.0,n=30,start_thres=1.25",hub,0.25,10,12,40,1730,0,0,40,1730,0.0,0.0,0.0,0.0,0.1601763990792361
ni_tfnbs,"e=1.1,h=7.0,n=30,start_thres=1.25",hub,0.25,10,12,40,1730,0,0,40,1730,0.0,0.0,0.0,0.0,0.1601763990792361
ni_tfnbs,"e=1.1,h=8.0,n=30,start_thres=1.25",hub,0.25,10,12,40,1730,0,0,40,1730,0.0,0.0,0.0,0.0,0.1601763990792361
ni_tfnbs,"e=1.1,h=9.0,n=30,start_thres=1.25",hub,0.25,10,12,40,1730,0,0,40,1730,0.0,0.0,0.0,0.0,0.1601763990792361
ni_tfnbs,"e=1.1,h=10.0,n=30,start_thres=1.25",hub,0.25,10,12,40,1730,0,0,40,1730,0.0,0.0,0.0,0.0,0.1601763990792361
ni_tfnbs,"e=1.2,h=0.5,n=30,start_thres=1.25",hub,0.25,10,12,40,1730,0,0,40,1730,0.0,0.0,0.0,0.0,0.1601763990792361
ni_tfnbs,"e=1.2,h=1.0,n=30,start_thres=1.25",hub,0.25,10,12,40,1730,0,0,40,1730,0.0,0.0,0.0,0.0,0.1601763990792361
ni_tfnbs,"e=1.2,h=2.0,n=30,start_thres=1.25",hub,0.25,10,12,40,1730,0,0,40,1730,0.0,0.0,0.0,0.0,0.1601763990792361
ni_tfnbs,"e=1.2,h=3.0,n=30,start_thres=1.25",hub,0.25,10,12,40,1730,0,0,40,1730,0.0,0.0,0.0,0.0,0.1601763990792361
ni_tfnbs,"e=1.2,h=4.0,n=30,start_thres=1.25",hub,0.25,10,12,40,1730,0,0,40,1730,0.0,0.0,0.0,0.0,0.1601763990792361
ni_tfnbs,"e=1.2,h=5.0,n=30,start_thres=1.25",hub,0.25,10,12,40,1730,0,0,40,1730,0.0,0.0,0.0,0.0,0.1601763990792361
ni_tfnbs,"e=1.2,h=6.0,n=30,start_thres=1.25",hub,0.25,10,12,40,1730,0,0,40,1730,0.0,0.0,0.0,0.0,0.1601763990792361
ni_tfnbs,"e=1.2,h=7.0,n=30,start_thres=1.25",hub,0.25,10,12,40,1730,0,0,40,1730,0.0,0.0,0.0,0.0,0.1601763990792361
ni_tfnbs,"e=1.2,h=8.0,n=30,start_thres=1.25",hub,0.25,10,12,40,1730,0,0,40,1730,0.0,0.0,0.0,0.0,0.1601763990792361
ni_tfnbs,"e=1.2,h=9.0,n=30,start_thres=1.25",hub,0.25,10,12,40,1730,0,0,40,1730,0.0,0.0,0.0,0.0,0.1601763990792361
ni_tfnbs,"e=1.2,h=10.0,n=30,start_thres=1.25",hub,0.25,10,12,40,1730,0,0,40,1730,0.0,0.0,0.0,0.0,0.1601763990792361
ni_tfnbs,"e=1.3,h=0.5,n=30,start_thres=1.25",hub,0.25,10,12,40,1730,0,0,40,1730,0.0,0.0,0.0,0.0,0.1601763990792361
ni_tfnbs,"e=1.3,h=1.0,n=30,start_thres=1.25",hub,0.25,10,12,40,1730,0,0,40,1730,0.0,0.0,0.0,0.0,0.1601763990792361
ni_tfnbs,"e=1.3,h=2.0,n=30,start_thres=1.25",hub,0.25,10,12,40,1730,0,0,40,1730,0.0,0.0,0.0,0.0,0.1601763990792361
ni_tfnbs,"e=1.3,h=3.0,n=30,start_thres=1.25",hub,0.25,10,12,40,1730,0,0,40,1730,0.0,0.0,0.0,0.0,0.1601763990792361
ni_tfnbs,"e=1.3,h=4.0,n=30,start_thres=1.25",hub,0.25,10,12,40,1730,0,0,40,1730,0.0,0.0,0.0,0.0,0.1601763990792361
ni_tfnbs,"e=1.3,h=5.0,n=30,start_thres=1.25",hub,0.25,10,12,40,1730,0,0,40,1730,0.0,0.0,0.0,0.0,0.1601763990792361
ni_tfnbs,"e=1.3,h=6.0,n=30,start_thres=1.25",hub,0.25,10,12,40,1730,0,0,40,1730,0.0,0.0,0.0,0.0,0.1601763990792361
ni_tfnbs,"e=1.3,h=7.0,n=30,start_thres=1.25",hub,0.25,10,12,40,1730,0,0,40,1730,0.0,0.0,0.0,0.0,0.1601763990792361
ni_tfnbs,"e=1.3,h=8.0,n=30,start_thres=1.25",hub,0.25,10,12,40,1730,0,0,40,1730,0.0,0.0,0.0,0.0,0.1601763990792361
ni_tfnbs,"e=1.3,h=9.0,n=30,start_thres=1.25",hub,0.25,10,12,40,1730,0,0,40,1730,0.0,0.0,0.0,0.0,0.1601763990792361
ni_tfnbs,"e=1.3,h=10.0,n=30,start_thres=1.25",hub,0.25,10,12,40,1730,0,0,40,1730,0.0,0.0,0.0,0.0,0.1601763990792361
ni_tfnbs,"e=1.4,h=0.5,n=30,start_thres=1.25",hub,0.25,10,12,40,1730,0,0,40,1730,0.0,0.0,0.0,0.0,0.1601763990792361
ni_tfnbs,"e=1.4,h=1.0,n=30,start_thres=1.25",hub,0.25,10,12,40,1730,0,0,40,1730,0.0,0.0,0.0,0.0,0.1601763990792361
ni_tfnbs,"e=1.4,h=2.0,n=30,start_thres=1.25",hub,0.25,10,12,40,1730,0,0,40,1730,0.0,0.0,0.0,0.0,0.1601763990792361
ni_tfnbs,"e=1.4,h=3.0,n=30,start_thres=1.25",hub,0.25,10,12,40,1730,0,0,40,1730,0.0,0.0,0.0,0.0,0.1601763990792361
ni_tfnbs,"e=1.4,h=4.0,n=30,start_thres=1.25",hub,0.25,10,12,40,1730,0,0,40,1730,0.0,0.0,0.0,0.0,0.1601763990792361
ni_tfnbs,"e=1.4,h=5.0,n=30,start_thres=1.25",hub,0.25,10,12,40,1730,0,0,40,1730,0.0,0.0,0.0,0.0,0.1601763990792361
ni_tfnbs,"e=1.4,h=6.0,n=30,start_thres=1.25",hub,0.25,10,12,40,1730,0,0,40,1730,0.0,0.0,0.0,0.0,0.1601763990792361
ni_tfnbs,"e=1.4,h=7.0,n=30,start_thres=1.25",hub,0.25,10,12,40,1730,0,0,40,1730,0.0,0.0,0.0,0.0,0.1601763990792361
ni_tfnbs,"e=1.4,h=8.0,n=30,start_thres=1.25",hub,0.25,10,12,40,1730,0,0,40,1730,0.0,0.0,0.0,0.0,0.1601763990792361
ni_tfnbs,"e=1.4,h=9.0,n=30,start_thres=1.25",hub,0.25,10,12,40,1730,0,0,40,1730,0.0,0.0,0.0,0.0,0.1601763990792361
ni_tfnbs,"e=1.4,h=10.0,n=30,start_thres=1.25",hub,0.25,10,12,40,1730,0,0,40,1730,0.0,0.0,0.0,0.0,0.1601763990792361
ni_tfnbs,"e=1.5,h=0.5,n=30,start_thres=1.25",hub,0.25,10,12,40,1730,0,0,40,1730,0.0,0.0,0.0,0.0,0.1601763990792361
ni_tfnbs,"e=1.5,h=1.0,n=30,start_thres=1.25",hub,0.25,10,12,40,1730,0,0,40,1730,0.0,0.0,0.0,0.0,0.1601763990792361
ni_tfnbs,"e=1.5,h=2.0,n=30,start_thres=1.25",hub,0.25,10,12,40,1730,0,0,40,1730,0.0,0.0,0.0,0.0,0.1601763990792361
ni_tfnbs,"e=1.5,h=3.0,n=30,start_thres=1.25",hub,0.25,10,12,40,1730,0,0,40,1730,0.0,0.0,0.0,0.0,0.1601763990792361
ni_tfnbs,"e=1.5,h=4.0,n=30,start_thres=1.25",hub,0.25,10,12,40,1730,0,0,40,1730,0.0,0.0,0.0,0.0,0.1601763990792361
ni_tfnbs,"e=1.5,h=5.0,n=30,start_thres=1.25",hub,0.25,10,12,40,1730,0,0,40,1730,0.0,0.0,0.0,0.0,0.1601763990792361
ni_tfnbs,"e=1.5,h=6.0,n=30,start_thres=1.25",hub,0.25,10,12,40,1730,0,0,40,1730,0.0,0.0,0.0,0.0,0.1601763990792361
ni_tfnbs,"e=1.5,h=7.0,n=30,start_thres=1.25",hub,0.25,10,12,40,1730,0,0,40,1730,0.0,0.0,0.0,0.0,0.1601763990792361
ni_tfnbs,"e=1.5,h=8.0,n=30,start_thres=1.25",hub,0.25,10,12,40,1730,0,0,40,1730,0.0,0.0,0.0,0.0,0.1601763990792361
ni_tfnbs,"e=1.5,h=9.0,n=30,start_thres=1.25",hub,0.25,10,12,40,1730,0,0,40,1730,0.0,0.0,0.0,0.0,0.1601763990792361
ni_tfnbs,"e=1.5,h=10.0,n=30,start_thres=1.25",hub,0.25,10,12,40,1730,0,0,40,1730,0.0,0.0,0.0,0.0,0.1601763990792361
ni_tfnbs,"e=0.05,h=0.5,n=30,start_thres=1.25",hub,0.25,10,13,40,1730,0,0,40,1730,0.0,0.0,0.0,0.0,0.1616562049497257
ni_tfnbs,"e=0.05,h=1.0,n=30,start_thres=1.25",hub,0.25,10,13,40,1730,0,0,40,1730,0.0,0.0,0.0,0.0,0.1616562049497257
ni_tfnbs,"e=0.05,h=2.0,n=30,start_thres=1.25",hub,0.25,10,13,40,1730,0,0,40,1730,0.0,0.0,0.0,0.0,0.1616562049497257
ni_tfnbs,"e=0.05,h=3.0,n=30,start_thres=1.25",hub,0.25,10,13,40,1730,0,0,40,1730,0.0,0.0,0.0,0.0,0.1616562049497257
ni_tfnbs,"e=0.05,h=4.0,n=30,start_thres=1.25",hub,0.25,10,13,40,1730,0,0,40,1730,0.0,0.0,0.0,0.0,0.1616562049497257
ni_tfnbs,"e=0.05,h=5.0,n=30,start_thres=1.25",hub,0.25,10,13,40,1730,0,0,40,1730,0.0,0.0,0.0,0.0,0.1616562049497257
ni_tfnbs,"e=0.05,h=6.0,n=30,start_thres=1.25",hub,0.25,10,13,40,1730,0,0,40,1730,0.0,0.0,0.0,0.0,0.1616562049497257
ni_tfnbs,"e=0.05,h=7.0,n=30,start_thres=1.25",hub,0.25,10,13,40,1730,0,0,40,1730,0.0,0.0,0.0,0.0,0.1616562049497257
ni_tfnbs,"e=0.05,h=8.0,n=30,start_thres=1.25",hub,0.25,10,13,40,1730,0,0,40,1730,0.0,0.0,0.0,0.0,0.1616562049497257
ni_tfnbs,"e=0.05,h=9.0,n=30,start_thres=1.25",hub,0.25,10,13,40,1730,0,0,40,1730,0.0,0.0,0.0,0.0,0.1616562049497257
ni_tfnbs,"e=0.05,h=10.0,n=30,start_thres=1.25",hub,0.25,10,13,40,1730,0,0,40,1730,0.0,0.0,0.0,0.0,0.1616562049497257
ni_tfnbs,"e=0.1,h=0.5,n=30,start_thres=1.25",hub,0.25,10,13,40,1730,0,0,40,1730,0.0,0.0,0.0,0.0,0.1616562049497257
ni_tfnbs,"e=0.1,h=1.0,n=30,start_thres=1.25",hub,0.25,10,13,40,1730,0,0,40,1730,0.0,0.0,0.0,0.0,0.1616562049497257
ni_tfnbs,"e=0.1,h=2.0,n=30,start_thres=1.25",hub,0.25,10,13,40,1730,0,0,40,1730,0.0,0.0,0.0,0.0,0.1616562049497257
ni_tfnbs,"e=0.1,h=3.0,n=30,start_thres=1.25",hub,0.25,10,13,40,1730,0,0,40,1730,0.0,0.0,0.0,0.0,0.1616562049497257
ni_tfnbs,"e=0.1,h=4.0,n=30,start_thres=1.25",hub,0.25,10,13,40,1730,0,0,40,1730,0.0,0.0,0.0,0.0,0.1616562049497257
ni_tfnbs,"e=0.1,h=5.0,n=30,start_thres=1.25",hub,0.25,10,13,40,1730,0,0,40,1730,0.0,0.0,0.0,0.0,0.1616562049497257
ni_tfnbs,"e=0.1,h=6.0,n=30,start_thres=1.25",hub,0.25,10,13,40,1730,0,0,40,1730,0.0,0.0,0.0,0.0,0.1616562049497257
ni_tfnbs,"e=0.1,h=7.0,n=30,start_thres=1.25",hub,0.25,10,13,40,1730,0,0,40,1730,0.0,0.0,0.0,0.0,0.1616562049497257
ni_tfnbs,"e=0.1,h=8.0,n=30,start_thres=1.25",hub,0.25,10,13,40,1730,0,0,40,1730,0.0,0.0,0.0,0.0,0.1616562049497257
ni_tfnbs,"e=0.1,h=9.0,n=30,start_thres=1.25",hub,0.25,10,13,40,1730,0,0,40,1730,0.0,0.0,0.0,0.0,0.1616562049497257
ni_tfnbs,"e=0.1,h=10.0,n=30,start_thres=1.25",hub,0.25,10,13,40,1730,0,0,40,1730,0.0,0.0,0.0,0.0,0.1616562049497257
ni_tfnbs,"e=0.2,h=0.5,n=30,start_thres=1.25",hub,0.25,10,13,40,1730,0,0,40,1730,0.0,0.0,0.0,0.0,0.1616562049497257
ni_tfnbs,"e=0.2,h=1.0,n=30,start_thres=1.25",hub,0.25,10,13,40,1730,0,0,40,1730,0.0,0.0,0.0,0.0,0.1616562049497257
ni_tfnbs,"e=0.2,h=2.0,n=30,start_thres=1.25",hub,0.25,10,13,40,1730,0,0,40,1730,0.0,0.0,0.0,0.0,0.1616562049497257
ni_tfnbs,"e=0.2,h=3.0,n=30,start_thres=1.25",hub,0.25,10,13,40,1730,0,0,40,1730,0.0,0.0,0.0,0.0,0.1616562049497257
ni_tfnbs,"e=0.2,h=4.0,n=30,start_thres=1.25",hub,0.25,10,13,40,1730,0,0,40,1730,0.0,0.0,0.0,0.0,0.1616562049497257
ni_tfnbs,"e=0.2,h=5.0,n=30,start_thres=1.25",hub,0.25,10,13,40,1730,0,0,40,1730,0.0,0.0,0.0,0.0,0.1616562049497257
ni_tfnbs,"e=0.2,h=6.0,n=30,start_thres=1.25",hub,0.25,10,13,40,1730,0,0,40,1730,0.0,0.0,0.0,0.0,0.1616562049497257
ni_tfnbs,"e=0.2,h=7.0,n=30,start_thres=1.25",hub,0.25,10,13,40,1730,0,0,40,1730,0.0,0.0,0.0,0.0,0.1616562049497257
ni_tfnbs,"e=0.2,h=8.0,n=30,start_thres=1.25",hub,0.25,10,13,40,1730,0,0,40,1730,0.0,0.0,0.0,0.0,0.1616562049497257
ni_tfnbs,"e=0.2,h=9.0,n=30,start_thres=1.25",hub,0.25,10,13,40,1730,0,0,40,1730,0.0,0.0,0.0,0.0,0.1616562049497257
ni_tfnbs,"e=0.2,h=10.0,n=30,start_thres=1.25",hub,0.25,10,13,40,1730,0,0,40,1730,0.0,0.0,0.0,0.0,0.1616562049497257
ni_tfnbs,"e=0.3,h=0.5,n=30,start_thres=1.25",hub,0.25,10,13,40,1730,0,0,40,1730,0.0,0.0,0.0,0.0,0.1616562049497257
ni_tfnbs,"e=0.3,h=1.0,n=30,start_thres=1.25",hub,0.25,10,13,40,1730,0,0,40,1730,0.0,0.0,0.0,0.0,0.1616562049497257
ni_tfnbs,"e=0.3,h=2.0,n=30,start_thres=1.25",hub,0.25,10,13,40,1730,0,0,40,1730,0.0,0.0,0.0,0.0,0.1616562049497257
ni_tfnbs,"e=0.3,h=3.0,n=30,start_thres=1.25",hub,0.25,10,13,40,1730,0,0,40,1730,0.0,0.0,0.0,0.0,0.1616562049497257
ni_tfnbs,"e=0.3,h=4.0,n=30,start_thres=1.25",hub,0.25,10,13,40,1730,0,0,40,1730,0.0,0.0,0.0,0.0,0.1616562049497257
ni_tfnbs,"e=0.3,h=5.0,n=30,start_thres=1.25",hub,0.25,10,13,40,1730,0,0,40,1730,0.0,0.0,0.0,0.0,0.1616562049497257
ni_tfnbs,"e=0.3,h=6.0,n=30,start_thres=1.25",hub,0.25,10,13,40,1730,0,0,40,1730,0.0,0.0,0.0,0.0,0.1616562049497257
ni_tfnbs,"e=0.3,h=7.0,n=30,start_thres=1.25",hub,0.25,10,13,40,1730,0,0,40,1730,0.0,0.0,0.0,0.0,0.1616562049497257
ni_tfnbs,"e=0.3,h=8.0,n=30,start_thres=1.25",hub,0.25,10,13,40,1730,0,0,40,1730,0.0,0.0,0.0,0.0,0.1616562049497257
ni_tfnbs,"e=0.3,h=9.0,n=30,start_thres=1.25",hub,0.25,10,13,40,1730,0,0,40,1730,0.0,0.0,0.0,0.0,0.1616562049497257
ni_tfnbs,"e=0.3,h=10.0,n=30,start_thres=1.25",hub,0.25,10,13,40,1730,0,0,40,1730,0.0,0.0,0.0,0.0,0.1616562049497257
ni_tfnbs,"e=0.4,h=0.5,n=30,start_thres=1.25",hub,0.25,10,13,40,1730,0,0,40,1730,0.0,0.0,0.0,0.0,0.1616562049497257
ni_tfnbs,"e=0.4,h=1.0,n=30,start_thres=1.25",hub,0.25,10,13,40,1730,0,0,40,1730,0.0,0.0,0.0,0.0,0.1616562049497257
ni_tfnbs,"e=0.4,h=2.0,n=30,start_thres=1.25",hub,0.25,10,13,40,1730,0,0,40,1730,0.0,0.0,0.0,0.0,0.1616562049497257
ni_tfnbs,"e=0.4,h=3.0,n=30,start_thres=1.25",hub,0.25,10,13,40,1730,0,0,40,1730,0.0,0.0,0.0,0.0,0.1616562049497257
ni_tfnbs,"e=0.4,h=4.0,n=30,start_thres=1.25",hub,0.25,10,13,40,1730,0,0,40,1730,0.0,0.0,0.0,0.0,0.1616562049497257
ni_tfnbs,"e=0.4,h=5.0,n=30,start_thres=1.25",hub,0.25,10,13,40,1730,0,0,40,1730,0.0,0.0,0.0,0.0,0.1616562049497257
ni_tfnbs,"e=0.4,h=6.0,n=30,start_thres=1.25",hub,0.25,10,13,40,1730,0,0,40,1730,0.0,0.0,0.0,0.0,0.1616562049497257
ni_tfnbs,"e=0.4,h=7.0,n=30,start_thres=1.25",hub,0.25,10,13,40,1730,0,0,40,1730,0.0,0.0,0.0,0.0,0.1616562049497257
ni_tfnbs,"e=0.4,h=8.0,n=30,start_thres=1.25",hub,0.25,10,13,40,1730,0,0,40,1730,0.0,0.0,0.0,0.0,0.1616562049497257
ni_tfnbs,"e=0.4,h=9.0,n=30,start_thres=1.25",hub,0.25,10,13,40,1730,0,0,40,1730,0.0,0.0,0.0,0.0,0.1616562049497257
ni_tfnbs,"e=0.4,h=10.0,n=30,start_thres=1.25",hub,0.25,10,13,40,1730,0,0,40,1730,0.0,0.0,0.0,0.0,0.1616562049497257
ni_tfnbs,"e=0.5,h=0.5,n=30,start_thres=1.25",hub,0.25,10,13,40,1730,0,0,40,1730,0.0,0.0,0.0,0.0,0.1616562049497257
ni_tfnbs,"e=0.5,h=1.0,n=30,start_thres=1.25",hub,0.25,10,13,40,1730,0,0,40,1730,0.0,0.0,0.0,0.0,0.1616562049497257
ni_tfnbs,"e=0.5,h=2.0,n=30,start_thres=1.25",hub,0.25,10,13,40,1730,0,0,40,1730,0.0,0.0,0.0,0.0,0.1616562049497257
ni_tfnbs,"e=0.5,h=3.0,n=30,start_thres=1.25",hub,0.25,10,13,40,1730,0,0,40,1730,0.0,0.0,0.0,0.0,0.1616562049497257
ni_tfnbs,"e=0.5,h=4.0,n=30,start_thres=1.25",hub,0.25,10,13,40,1730,0,0,40,1730,0.0,0.0,0.0,0.0,0.1616562049497257
ni_tfnbs,"e=0.5,h=5.0,n=30,start_thres=1.25",hub,0.25,10,13,40,1730,0,0,40,1730,0.0,0.0,0.0,0.0,0.1616562049497257
ni_tfnbs,"e=0.5,h=6.0,n=30,start_thres=1.25",hub,0.25,10,13,40,1730,0,0,40,1730,0.0,0.0,0.0,0.0,0.1616562049497257
ni_tfnbs,"e=0.5,h=7.0,n=30,start_thres=1.25",hub,0.25,10,13,40,1730,0,0,40,1730,0.0,0.0,0.0,0.0,0.1616562049497257
ni_tfnbs,"e=0.5,h=8.0,n=30,start_thres=1.25",hub,0.25,10,13,40,1730,0,0,40,1730,0.0,0.0,0.0,0.0,0.1616562049497257
ni_tfnbs,"e=0.5,h=9.0,n=30,start_thres=1.25",hub,0.25,10,13,40,1730,0,0,40,1730,0.0,0.0,0.0,0.0,0.1616562049497257
ni_tfnbs,"e=0.5,h=10.0,n=30,start_thres=1.25",hub,0.25,10,13,40,1730,0,0,40,1730,0.0,0.0,0.0,0.0,0.1616562049497257
ni_tfnbs,"e=0.6,h=0.5,n=30,start_thres=1.25",hub,0.25,10,13,40,1730,0,0,40,1730,0.0,0.0,0.0,0.0,0.1616562049497257
ni_tfnbs,"e=0.6,h=1.0,n=30,start_thres=1.25",hub,0.25,10,13,40,1730,0,0,40,1730,0.0,0.0,0.0,0.0,0.1616562049497257
ni_tfnbs,"e=0.6,h=2.0,n=30,start_thres=1.25",hub,0.25,10,13,40,1730,0,0,40,1730,0.0,0.0,0.0,0.0,0.1616562049497257
ni_tfnbs,"e=0.6,h=3.0,n=30,start_thres=1.25",hub,0.25,10,13,40,1730,0,0,40,1730,0.0,0.0,0.0,0.0,0.1616562049497257
ni_tfnbs,"e=0.6,h=4.0,n=30,start_thres=1.25",hub,0.25,10,13,40,1730,0,0,40,1730,0.0,0.0,0.0,0.0,0.1616562049497257
ni_tfnbs,"e=0.6,h=5.0,n=30,start_thres=1.25",hub,0.25,10,13,40,1730,0,0,40,1730,0.0,0.0,0.0,0.0,0.1616562049497257
ni_tfnbs,"e=0.6,h=6.0,n=30,start_thres=1.25",hub,0.25,10,13,40,1730,0,0,40,1730,0.0,0.0,0.0,0.0,0.1616562049497257
ni_tfnbs,"e=0.6,h=7.0,n=30,start_thres=1.25",hub,0.25,10,13,40,1730,0,0,40,1730,0.0,0.0,0.0,0.0,0.1616562049497257
ni_tfnbs,"e=0.6,h=8.0,n=30,start_thres=1.25",hub,0.25,10,13,40,1730,0,0,40,1730,0.0,0.0,0.0,0.0,0.1616562049497257
ni_tfnbs,"e=0.6,h=9.0,n=30,start_thres=1.25",hub,0.25,10,13,40,1730,0,0,40,1730,0.0,0.0,0.0,0.0,0.1616562049497257
ni_tfnbs,"e=0.6,h=10.0,n=30,start_thres=1.25",hub,0.25,10,13,40,1730,0,0,40,1730,0.0,0.0,0.0,0.0,0.1616562049497257
ni_tfnbs,"e=0.7,h=0.5,n=30,start_thres=1.25",hub,0.25,10,13,40,1730,0,0,40,1730,0.0,0.0,0.0,0.0,0.1616562049497257
ni_tfnbs,"e=0.7,h=1.0,n=30,start_thres=1.25",hub,0.25,10,13,40,1730,0,0,40,1730,0.0,0.0,0.0,0.0,0.1616562049497257
ni_tfnbs,"e=0.7,h=2.0,n=30,start_thres=1.25",hub,0.25,10,13,40,1730,0,0,40,1730,0.0,0.0,0.0,0.0,0.1616562049497257
ni_tfnbs,"e=0.7,h=3.0,n=30,start_thres=1.25",hub,0.25,10,13,40,1730,0,0,40,1730,0.0,0.0,0.0,0.0,0.1616562049497257
ni_tfnbs,"e=0.7,h=4.0,n=30,start_thres=1.25",hub,0.25,10,13,40,1730,0,0,40,1730,0.0,0.0,0.0,0.0,0.1616562049497257
ni_tfnbs,"e=0.7,h=5.0,n=30,start_thres=1.25",hub,0.25,10,13,40,1730,0,0,40,1730,0.0,0.0,0.0,0.0,0.1616562049497257
ni_tfnbs,"e=0.7,h=6.0,n=30,start_thres=1.25",hub,0.25,10,13,40,1730,0,0,40,1730,0.0,0.0,0.0,0.0,0.1616562049497257
ni_tfnbs,"e=0.7,h=7.0,n=30,start_thres=1.25",hub,0.25,10,13,40,1730,0,0,40,1730,0.0,0.0,0.0,0.0,0.1616562049497257
ni_tfnbs,"e=0.7,h=8.0,n=30,start_thres=1.25",hub,0.25,10,13,40,1730,0,0,40,1730,0.0,0.0,0.0,0.0,0.1616562049497257
ni_tfnbs,"e=0.7,h=9.0,n=30,start_thres=1.25",hub,0.25,10,13,40,1730,0,0,40,1730,0.0,0.0,0.0,0.0,0.1616562049497257
ni_tfnbs,"e=0.7,h=10.0,n=30,start_thres=1.25",hub,0.25,10,13,40,1730,0,0,40,1730,0.0,0.0,0.0,0.0,0.1616562049497257
ni_tfnbs,"e=0.8,h=0.5,n=30,start_thres=1.25",hub,0.25,10,13,40,1730,0,0,40,1730,0.0,0.0,0.0,0.0,0.1616562049497257
ni_tfnbs,"e=0.8,h=1.0,n=30,start_thres=1.25",hub,0.25,10,13,40,1730,0,0,40,1730,0.0,0.0,0.0,0.0,0.1616562049497257
ni_tfnbs,"e=0.8,h=2.0,n=30,start_thres=1.25",hub,0.25,10,13,40,1730,0,0,40,1730,0.0,0.0,0.0,0.0,0.1616562049497257
ni_tfnbs,"e=0.8,h=3.0,n=30,start_thres=1.25",hub,0.25,10,13,40,1730,0,0,40,1730,0.0,0.0,0.0,0.0,0.1616562049497257
ni_tfnbs,"e=0.8,h=4.0,n=30,start_thres=1.25",hub,0.25,10,13,40,1730,0,0,40,1730,0.0,0.0,0.0,0.0,0.1616562049497257
ni_tfnbs,"e=0.8,h=5.0,n=30,start_thres=1.25",hub,0.25,10,13,40,1730,0,0,40,1730,0.0,0.0,0.0,0.0,0.1616562049497257
ni_tfnbs,"e=0.8,h=6.0,n=30,start_thres=1.25",hub,0.25,10,13,40,1730,0,0,40,1730,0.0,0.0,0.0,0.0,0.1616562049497257
ni_tfnbs,"e=0.8,h=7.0,n=30,start_thres=1.25",hub,0.25,10,13,40,1730,0,0,40,1730,0.0,0.0,0.0,0.0,0.1616562049497257
ni_tfnbs,"e=0.8,h=8.0,n=30,start_thres=1.25",hub,0.25,10,13,40,1730,0,0,40,1730,0.0,0.0,0.0,0.0,0.1616562049497257
ni_tfnbs,"e=0.8,h=9.0,n=30,start_thres=1.25",hub,0.25,10,13,40,1730,0,0,40,1730,0.0,0.0,0.0,0.0,0.1616562049497257
ni_tfnbs,"e=0.8,h=10.0,n=30,start_thres=1.25",hub,0.25,10,13,40,1730,0,0,40,1730,0.0,0.0,0.0,0.0,0.1616562049497257
ni_tfnbs,"e=0.9,h=0.5,n=30,start_thres=1.25",hub,0.25,10,13,40,1730,0,0,40,1730,0.0,0.0,0.0,0.0,0.1616562049497257
ni_tfnbs,"e=0.9,h=1.0,n=30,start_thres=1.25",hub,0.25,10,13,40,1730,0,0,40,1730,0.0,0.0,0.0,0.0,0.1616562049497257
ni_tfnbs,"e=0.9,h=2.0,n=30,start_thres=1.25",hub,0.25,10,13,40,1730,0,0,40,1730,0.0,0.0,0.0,0.0,0.1616562049497257
ni_tfnbs,"e=0.9,h=3.0,n=30,start_thres=1.25",hub,0.25,10,13,40,1730,0,0,40,1730,0.0,0.0,0.0,0.0,0.1616562049497257
ni_tfnbs,"e=0.9,h=4.0,n=30,start_thres=1.25",hub,0.25,10,13,40,1730,0,0,40,1730,0.0,0.0,0.0,0.0,0.1616562049497257
ni_tfnbs,"e=0.9,h=5.0,n=30,start_thres=1.25",hub,0.25,10,13,40,1730,0,0,40,1730,0.0,0.0,0.0,0.0,0.1616562049497257
ni_tfnbs,"e=0.9,h=6.0,n=30,start_thres=1.25",hub,0.25,10,13,40,1730,0,0,40,1730,0.0,0.0,0.0,0.0,0.1616562049497257
ni_tfnbs,"e=0.9,h=7.0,n=30,start_thres=1.25",hub,0.25,10,13,40,1730,0,0,40,1730,0.0,0.0,0.0,0.0,0.1616562049497257
ni_tfnbs,"e=0.9,h=8.0,n=30,start_thres=1.25",hub,0.25,10,13,40,1730,0,0,40,1730,0.0,0.0,0.0,0.0,0.1616562049497257
ni_tfnbs,"e=0.9,h=9.0,n=30,start_thres=1.25",hub,0.25,10,13,40,1730,0,0,40,1730,0.0,0.0,0.0,0.0,0.1616562049497257
ni_tfnbs,"e=0.9,h=10.0,n=30,start_thres=1.25",hub,0.25,10,13,40,1730,0,0,40,1730,0.0,0.0,0.0,0.0,0.1616562049497257
ni_tfnbs,"e=1.0,h=0.5,n=30,start_thres=1.25",hub,0.25,10,13,40,1730,0,0,40,1730,0.0,0.0,0.0,0.0,0.1616562049497257
ni_tfnbs,"e=1.0,h=1.0,n=30,start_thres=1.25",hub,0.25,10,13,40,1730,0,0,40,1730,0.0,0.0,0.0,0.0,0.1616562049497257
ni_tfnbs,"e=1.0,h=2.0,n=30,start_thres=1.25",hub,0.25,10,13,40,1730,0,0,40,1730,0.0,0.0,0.0,0.0,0.1616562049497257
ni_tfnbs,"e=1.0,h=3.0,n=30,start_thres=1.25",hub,0.25,10,13,40,1730,0,0,40,1730,0.0,0.0,0.0,0.0,0.1616562049497257
ni_tfnbs,"e=1.0,h=4.0,n=30,start_thres=1.25",hub,0.25,10,13,40,1730,0,0,40,1730,0.0,0.0,0.0,0.0,0.1616562049497257
ni_tfnbs,"e=1.0,h=5.0,n=30,start_thres=1.25",hub,0.25,10,13,40,1730,0,0,40,1730,0.0,0.0,0.0,0.0,0.1616562049497257
ni_tfnbs,"e=1.0,h=6.0,n=30,start_thres=1.25",hub,0.25,10,13,40,1730,0,0,40,1730,0.0,0.0,0.0,0.0,0.1616562049497257
ni_tfnbs,"e=1.0,h=7.0,n=30,start_thres=1.25",hub,0.25,10,13,40,1730,0,0,40,1730,0.0,0.0,0.0,0.0,0.1616562049497257
ni_tfnbs,"e=1.0,h=8.0,n=30,start_thres=1.25",hub,0.25,10,13,40,1730,0,0,40,1730,0.0,0.0,0.0,0.0,0.1616562049497257
ni_tfnbs,"e=1.0,h=9.0,n=30,start_thres=1.25",hub,0.25,10,13,40,1730,0,0,40,1730,0.0,0.0,0.0,0.0,0.1616562049497257
ni_tfnbs,"e=1.0,h=10.0,n=30,start_thres=1.25",hub,0.25,10,13,40,1730,0,0,40,1730,0.0,0.0,0.0,0.0,0.1616562049497257
ni_tfnbs,"e=1.1,h=0.5,n=30,start_thres=1.25",hub,0.25,10,13,40,1730,0,0,40,1730,0.0,0.0,0.0,0.0,0.1616562049497257
ni_tfnbs,"e=1.1,h=1.0,n=30,start_thres=1.25",hub,0.25,10,13,40,1730,0,0,40,1730,0.0,0.0,0.0,0.0,0.1616562049497257
ni_tfnbs,"e=1.1,h=2.0,n=30,start_thres=1.25",hub,0.25,10,13,40,1730,0,0,40,1730,0.0,0.0,0.0,0.0,0.1616562049497257
ni_tfnbs,"e=1.1,h=3.0,n=30,start_thres=1.25",hub,0.25,10,13,40,1730,0,0,40,1730,0.0,0.0,0.0,0.0,0.1616562049497257
ni_tfnbs,"e=1.1,h=4.0,n=30,start_thres=1.25",hub,0.25,10,13,40,1730,0,0,40,1730,0.0,0.0,0.0,0.0,0.1616562049497257
ni_tfnbs,"e=1.1,h=5.0,n=30,start_thres=1.25",hub,0.25,10,13,40,1730,0,0,40,1730,0.0,0.0,0.0,0.0,0.1616562049497257
ni_tfnbs,"e=1.1,h=6.0,n=30,start_thres=1.25",hub,0.25,10,13,40,1730,0,0,40,1730,0.0,0.0,0.0,0.0,0.1616562049497257
ni_tfnbs,"e=1.1,h=7.0,n=30,start_thres=1.25",hub,0.25,10,13,40,1730,0,0,40,1730,0.0,0.0,0.0,0.0,0.1616562049497257
ni_tfnbs,"e=1.1,h=8.0,n=30,start_thres=1.25",hub,0.25,10,13,40,1730,0,0,40,1730,0.0,0.0,0.0,0.0,0.1616562049497257
ni_tfnbs,"e=1.1,h=9.0,n=30,start_thres=1.25",hub,0.25,10,13,40,1730,0,0,40,1730,0.0,0.0,0.0,0.0,0.1616562049497257
ni_tfnbs,"e=1.1,h=10.0,n=30,start_thres=1.25",hub,0.25,10,13,40,1730,0,0,40,1730,0.0,0.0,0.0,0.0,0.1616562049497257
ni_tfnbs,"e=1.2,h=0.5,n=30,start_thres=1.25",hub,0.25,10,13,40,1730,0,0,40,1730,0.0,0.0,0.0,0.0,0.1616562049497257
ni_tfnbs,"e=1.2,h=1.0,n=30,start_thres=1.25",hub,0.25,10,13,40,1730,0,0,40,1730,0.0,0.0,0.0,0.0,0.1616562049497257
ni_tfnbs,"e=1.2,h=2.0,n=30,start_thres=1.25",hub,0.25,10,13,40,1730,0,0,40,1730,0.0,0.0,0.0,0.0,0.1616562049497257
ni_tfnbs,"e=1.2,h=3.0,n=30,start_thres=1.25",hub,0.25,10,13,40,1730,0,0,40,1730,0.0,0.0,0.0,0.0,0.1616562049497257
ni_tfnbs,"e=1.2,h=4.0,n=30,start_thres=1.25",hub,0.25,10,13,40,1730,0,0,40,1730,0.0,0.0,0.0,0.0,0.1616562049497257
ni_tfnbs,"e=1.2,h=5.0,n=30,start_thres=1.25",hub,0.25,10,13,40,1730,0,0,40,1730,0.0,0.0,0.0,0.0,0.1616562049497257
ni_tfnbs,"e=1.2,h=6.0,n=30,start_thres=1.25",hub,0.25,10,13,40,1730,0,0,40,1730,0.0,0.0,0.0,0.0,0.1616562049497257
ni_tfnbs,"e=1.2,h=7.0,n=30,start_thres=1.25",hub,0.25,10,13,40,1730,0,0,40,1730,0.0,0.0,0.0,0.0,0.1616562049497257
ni_tfnbs,"e=1.2,h=8.0,n=30,start_thres=1.25",hub,0.25,10,13,40,1730,0,0,40,1730,0.0,0.0,0.0,0.0,0.1616562049497257
ni_tfnbs,"e=1.2,h=9.0,n=30,start_thres=1.25",hub,0.25,10,13,40,1730,0,0,40,1730,0.0,0.0,0.0,0.0,0.1616562049497257
ni_tfnbs,"e=1.2,h=10.0,n=30,start_thres=1.25",hub,0.25,10,13,40,1730,0,0,40,1730,0.0,0.0,0.0,0.0,0.1616562049497257
ni_tfnbs,"e=1.3,h=0.5,n=30,start_thres=1.25",hub,0.25,10,13,40,1730,0,0,40,1730,0.0,0.0,0.0,0.0,0.1616562049497257
ni_tfnbs,"e=1.3,h=1.0,n=30,start_thres=1.25",hub,0.25,10,13,40,1730,0,0,40,1730,0.0,0.0,0.0,0.0,0.1616562049497257
ni_tfnbs,"e=1.3,h=2.0,n=30,start_thres=1.25",hub,0.25,10,13,40,1730,0,0,40,1730,0.0,0.0,0.0,0.0,0.1616562049497257
ni_tfnbs,"e=1.3,h=3.0,n=30,start_thres=1.25",hub,0.25,10,13,40,1730,0,0,40,1730,0.0,0.0,0.0,0.0,0.1616562049497257
ni_tfnbs,"e=1.3,h=4.0,n=30,start_thres=1.25",hub,0.25,10,13,40,1730,0,0,40,1730,0.0,0.0,0.0,0.0,0.1616562049497257
ni_tfnbs,"e=1.3,h=5.0,n=30,start_thres=1.25",hub,0.25,10,13,40,1730,0,0,40,1730,0.0,0.0,0.0,0.0,0.1616562049497257
ni_tfnbs,"e=1.3,h=6.0,n=30,start_thres=1.25",hub,0.25,10,13,40,1730,0,0,40,1730,0.0,0.0,0.0,0.0,0.1616562049497257
ni_tfnbs,"e=1.3,h=7.0,n=30,start_thres=1.25",hub,0.25,10,13,40,1730,0,0,40,1730,0.0,0.0,0.0,0.0,0.1616562049497257
ni_tfnbs,"e=1.3,h=8.0,n=30,start_thres=1.25",hub,0.25,10,13,40,1730,0,0,40,1730,0.0,0.0,0.0,0.0,0.1616562049497257
ni_tfnbs,"e=1.3,h=9.0,n=30,start_thres=1.25",hub,0.25,10,13,40,1730,0,0,40,1730,0.0,0.0,0.0,0.0,0.1616562049497257
ni_tfnbs,"e=1.3,h=10.0,n=30,start_thres=1.25",hub,0.25,10,13,40,1730,0,0,40,1730,0.0,0.0,0.0,0.0,0.1616562049497257
ni_tfnbs,"e=1.4,h=0.5,n=30,start_thres=1.25",hub,0.25,10,13,40,1730,0,0,40,1730,0.0,0.0,0.0,0.0,0.1616562049497257
ni_tfnbs,"e=1.4,h=1.0,n=30,start_thres=1.25",hub,0.25,10,13,40,1730,0,0,40,1730,0.0,0.0,0.0,0.0,0.1616562049497257
ni_tfnbs,"e=1.4,h=2.0,n=30,start_thres=1.25",hub,0.25,10,13,40,1730,0,0,40,1730,0.0,0.0,0.0,0.0,0.1616562049497257
ni_tfnbs,"e=1.4,h=3.0,n=30,start_thres=1.25",hub,0.25,10,13,40,1730,0,0,40,1730,0.0,0.0,0.0,0.0,0.1616562049497257
ni_tfnbs,"e=1.4,h=4.0,n=30,start_thres=1.25",hub,0.25,10,13,40,1730,0,0,40,1730,0.0,0.0,0.0,0.0,0.1616562049497257
ni_tfnbs,"e=1.4,h=5.0,n=30,start_thres=1.25",hub,0.25,10,13,40,1730,0,0,40,1730,0.0,0.0,0.0,0.0,0.1616562049497257
ni_tfnbs,"e=1.4,h=6.0,n=30,start_thres=1.25",hub,0.25,10,13,40,1730,0,0,40,1730,0.0,0.0,0.0,0.0,0.1616562049497257
ni_tfnbs,"e=1.4,h=7.0,n=30,start_thres=1.25",hub,0.25,10,13,40,1730,0,0,40,1730,0.0,0.0,0.0,0.0,0.1616562049497257
ni_tfnbs,"e=1.4,h=8.0,n=30,start_thres=1.25",hub,0.25,10,13,40,1730,0,0,40,1730,0.0,0.0,0.0,0.0,0.1616562049497257
ni_tfnbs,"e=1.4,h=9.0,n=30,start_thres=1.25",hub,0.25,10,13,40,1730,0,0,40,1730,0.0,0.0,0.0,0.0,0.1616562049497257
ni_tfnbs,"e=1.4,h=10.0,n=30,start_thres=1.25",hub,0.25,10,13,40,1730,0,0,40,1730,0.0,0.0,0.0,0.0,0.1616562049497257
ni_tfnbs,"e=1.5,h=0.5,n=30,start_thres=1.25",hub,0.25,10,13,40,1730,0,0,40,1730,0.0,0.0,0.0,0.0,0.1616562049497257
ni_tfnbs,"e=1.5,h=1.0,n=30,start_thres=1.25",hub,0.25,10,13,40,1730,0,0,40,1730,0.0,0.0,0.0,0.0,0.1616562049497257
ni_tfnbs,"e=1.5,h=2.0,n=30,start_thres=1.25",hub,0.25,10,13,40,1730,0,0,40,1730,0.0,0.0,0.0,0.0,0.1616562049497257
ni_tfnbs,"e=1.5,h=3.0,n=30,start_thres=1.25",hub,0.25,10,13,40,1730,0,0,40,1730,0.0,0.0,0.0,0.0,0.1616562049497257
ni_tfnbs,"e=1.5,h=4.0,n=30,start_thres=1.25",hub,0.25,10,13,40,1730,0,0,40,1730,0.0,0.0,0.0,0.0,0.1616562049497257
ni_tfnbs,"e=1.5,h=5.0,n=30,start_thres=1.25",hub,0.25,10,13,40,1730,0,0,40,1730,0.0,0.0,0.0,0.0,0.1616562049497257
ni_tfnbs,"e=1.5,h=6.0,n=30,start_thres=1.25",hub,0.25,10,13,40,1730,0,0,40,1730,0.0,0.0,0.0,0.0,0.1616562049497257
ni_tfnbs,"e=1.5,h=7.0,n=30,start_thres=1.25",hub,0.25,10,13,40,1730,0,0,40,1730,0.0,0.0,0.0,0.0,0.1616562049497257
ni_tfnbs,"e=1.5,h=8.0,n=30,start_thres=1.25",hub,0.25,10,13,40,1730,0,0,40,1730,0.0,0.0,0.0,0.0,0.1616562049497257
ni_tfnbs,"e=1.5,h=9.0,n=30,start_thres=1.25",hub,0.25,10,13,40,1730,0,0,40,1730,0.0,0.0,0.0,0.0,0.1616562049497257
ni_tfnbs,"e=1.5,h=10.0,n=30,start_thres=1.25",hub,0.25,10,13,40,1730,0,0,40,1730,0.0,0.0,0.0,0.0,0.1616562049497257
ni_tfnbs,"e=0.05,h=0.5,n=30,start_thres=1.25",hub,0.25,10,14,40,1730,0,0,40,1730,0.0,0.0,0.0,0.0,0.1660221205516295
ni_tfnbs,"e=0.05,h=1.0,n=30,start_thres=1.25",hub,0.25,10,14,40,1730,0,0,40,1730,0.0,0.0,0.0,0.0,0.1660221205516295
ni_tfnbs,"e=0.05,h=2.0,n=30,start_thres=1.25",hub,0.25,10,14,40,1730,0,0,40,1730,0.0,0.0,0.0,0.0,0.1660221205516295
ni_tfnbs,"e=0.05,h=3.0,n=30,start_thres=1.25",hub,0.25,10,14,40,1730,0,0,40,1730,0.0,0.0,0.0,0.0,0.1660221205516295
ni_tfnbs,"e=0.05,h=4.0,n=30,start_thres=1.25",hub,0.25,10,14,40,1730,0,0,40,1730,0.0,0.0,0.0,0.0,0.1660221205516295
ni_tfnbs,"e=0.05,h=5.0,n=30,start_thres=1.25",hub,0.25,10,14,40,1730,0,0,40,1730,0.0,0.0,0.0,0.0,0.1660221205516295
ni_tfnbs,"e=0.05,h=6.0,n=30,start_thres=1.25",hub,0.25,10,14,40,1730,0,0,40,1730,0.0,0.0,0.0,0.0,0.1660221205516295
ni_tfnbs,"e=0.05,h=7.0,n=30,start_thres=1.25",hub,0.25,10,14,40,1730,0,0,40,1730,0.0,0.0,0.0,0.0,0.1660221205516295
ni_tfnbs,"e=0.05,h=8.0,n=30,start_thres=1.25",hub,0.25,10,14,40,1730,0,0,40,1730,0.0,0.0,0.0,0.0,0.1660221205516295
ni_tfnbs,"e=0.05,h=9.0,n=30,start_thres=1.25",hub,0.25,10,14,40,1730,0,0,40,1730,0.0,0.0,0.0,0.0,0.1660221205516295
ni_tfnbs,"e=0.05,h=10.0,n=30,start_thres=1.25",hub,0.25,10,14,40,1730,0,0,40,1730,0.0,0.0,0.0,0.0,0.1660221205516295
ni_tfnbs,"e=0.1,h=0.5,n=30,start_thres=1.25",hub,0.25,10,14,40,1730,0,0,40,1730,0.0,0.0,0.0,0.0,0.1660221205516295
ni_tfnbs,"e=0.1,h=1.0,n=30,start_thres=1.25",hub,0.25,10,14,40,1730,0,0,40,1730,0.0,0.0,0.0,0.0,0.1660221205516295
ni_tfnbs,"e=0.1,h=2.0,n=30,start_thres=1.25",hub,0.25,10,14,40,1730,0,0,40,1730,0.0,0.0,0.0,0.0,0.1660221205516295
ni_tfnbs,"e=0.1,h=3.0,n=30,start_thres=1.25",hub,0.25,10,14,40,1730,0,0,40,1730,0.0,0.0,0.0,0.0,0.1660221205516295
ni_tfnbs,"e=0.1,h=4.0,n=30,start_thres=1.25",hub,0.25,10,14,40,1730,0,0,40,1730,0.0,0.0,0.0,0.0,0.1660221205516295
ni_tfnbs,"e=0.1,h=5.0,n=30,start_thres=1.25",hub,0.25,10,14,40,1730,0,0,40,1730,0.0,0.0,0.0,0.0,0.1660221205516295
ni_tfnbs,"e=0.1,h=6.0,n=30,start_thres=1.25",hub,0.25,10,14,40,1730,0,0,40,1730,0.0,0.0,0.0,0.0,0.1660221205516295
ni_tfnbs,"e=0.1,h=7.0,n=30,start_thres=1.25",hub,0.25,10,14,40,1730,0,0,40,1730,0.0,0.0,0.0,0.0,0.1660221205516295
ni_tfnbs,"e=0.1,h=8.0,n=30,start_thres=1.25",hub,0.25,10,14,40,1730,0,0,40,1730,0.0,0.0,0.0,0.0,0.1660221205516295
ni_tfnbs,"e=0.1,h=9.0,n=30,start_thres=1.25",hub,0.25,10,14,40,1730,0,0,40,1730,0.0,0.0,0.0,0.0,0.1660221205516295
ni_tfnbs,"e=0.1,h=10.0,n=30,start_thres=1.25",hub,0.25,10,14,40,1730,0,0,40,1730,0.0,0.0,0.0,0.0,0.1660221205516295
ni_tfnbs,"e=0.2,h=0.5,n=30,start_thres=1.25",hub,0.25,10,14,40,1730,0,0,40,1730,0.0,0.0,0.0,0.0,0.1660221205516295
ni_tfnbs,"e=0.2,h=1.0,n=30,start_thres=1.25",hub,0.25,10,14,40,1730,0,0,40,1730,0.0,0.0,0.0,0.0,0.1660221205516295
ni_tfnbs,"e=0.2,h=2.0,n=30,start_thres=1.25",hub,0.25,10,14,40,1730,0,0,40,1730,0.0,0.0,0.0,0.0,0.1660221205516295
ni_tfnbs,"e=0.2,h=3.0,n=30,start_thres=1.25",hub,0.25,10,14,40,1730,0,0,40,1730,0.0,0.0,0.0,0.0,0.1660221205516295
ni_tfnbs,"e=0.2,h=4.0,n=30,start_thres=1.25",hub,0.25,10,14,40,1730,0,0,40,1730,0.0,0.0,0.0,0.0,0.1660221205516295
ni_tfnbs,"e=0.2,h=5.0,n=30,start_thres=1.25",hub,0.25,10,14,40,1730,0,0,40,1730,0.0,0.0,0.0,0.0,0.1660221205516295
ni_tfnbs,"e=0.2,h=6.0,n=30,start_thres=1.25",hub,0.25,10,14,40,1730,0,0,40,1730,0.0,0.0,0.0,0.0,0.1660221205516295
ni_tfnbs,"e=0.2,h=7.0,n=30,start_thres=1.25",hub,0.25,10,14,40,1730,0,0,40,1730,0.0,0.0,0.0,0.0,0.1660221205516295
ni_tfnbs,"e=0.2,h=8.0,n=30,start_thres=1.25",hub,0.25,10,14,40,1730,0,0,40,1730,0.0,0.0,0.0,0.0,0.1660221205516295
ni_tfnbs,"e=0.2,h=9.0,n=30,start_thres=1.25",hub,0.25,10,14,40,1730,0,0,40,1730,0.0,0.0,0.0,0.0,0.1660221205516295
ni_tfnbs,"e=0.2,h=10.0,n=30,start_thres=1.25",hub,0.25,10,14,40,1730,0,0,40,1730,0.0,0.0,0.0,0.0,0.1660221205516295
ni_tfnbs,"e=0.3,h=0.5,n=30,start_thres=1.25",hub,0.25,10,14,40,1730,0,0,40,1730,0.0,0.0,0.0,0.0,0.1660221205516295
ni_tfnbs,"e=0.3,h=1.0,n=30,start_thres=1.25",hub,0.25,10,14,40,1730,0,0,40,1730,0.0,0.0,0.0,0.0,0.1660221205516295
ni_tfnbs,"e=0.3,h=2.0,n=30,start_thres=1.25",hub,0.25,10,14,40,1730,0,0,40,1730,0.0,0.0,0.0,0.0,0.1660221205516295
ni_tfnbs,"e=0.3,h=3.0,n=30,start_thres=1.25",hub,0.25,10,14,40,1730,0,0,40,1730,0.0,0.0,0.0,0.0,0.1660221205516295
ni_tfnbs,"e=0.3,h=4.0,n=30,start_thres=1.25",hub,0.25,10,14,40,1730,0,0,40,1730,0.0,0.0,0.0,0.0,0.1660221205516295
ni_tfnbs,"e=0.3,h=5.0,n=30,start_thres=1.25",hub,0.25,10,14,40,1730,0,0,40,1730,0.0,0.0,0.0,0.0,0.1660221205516295
ni_tfnbs,"e=0.3,h=6.0,n=30,start_thres=1.25",hub,0.25,10,14,40,1730,0,0,40,1730,0.0,0.0,0.0,0.0,0.1660221205516295
ni_tfnbs,"e=0.3,h=7.0,n=30,start_thres=1.25",hub,0.25,10,14,40,1730,0,0,40,1730,0.0,0.0,0.0,0.0,0.1660221205516295
ni_tfnbs,"e=0.3,h=8.0,n=30,start_thres=1.25",hub,0.25,10,14,40,1730,0,0,40,1730,0.0,0.0,0.0,0.0,0.1660221205516295
ni_tfnbs,"e=0.3,h=9.0,n=30,start_thres=1.25",hub,0.25,10,14,40,1730,0,0,40,1730,0.0,0.0,0.0,0.0,0.1660221205516295
ni_tfnbs,"e=0.3,h=10.0,n=30,start_thres=1.25",hub,0.25,10,14,40,1730,0,0,40,1730,0.0,0.0,0.0,0.0,0.1660221205516295
ni_tfnbs,"e=0.4,h=0.5,n=30,start_thres=1.25",hub,0.25,10,14,40,1730,0,0,40,1730,0.0,0.0,0.0,0.0,0.1660221205516295
ni_tfnbs,"e=0.4,h=1.0,n=30,start_thres=1.25",hub,0.25,10,14,40,1730,0,0,40,1730,0.0,0.0,0.0,0.0,0.1660221205516295
ni_tfnbs,"e=0.4,h=2.0,n=30,start_thres=1.25",hub,0.25,10,14,40,1730,0,0,40,1730,0.0,0.0,0.0,0.0,0.1660221205516295
ni_tfnbs,"e=0.4,h=3.0,n=30,start_thres=1.25",hub,0.25,10,14,40,1730,0,0,40,1730,0.0,0.0,0.0,0.0,0.1660221205516295
ni_tfnbs,"e=0.4,h=4.0,n=30,start_thres=1.25",hub,0.25,10,14,40,1730,0,0,40,1730,0.0,0.0,0.0,0.0,0.1660221205516295
ni_tfnbs,"e=0.4,h=5.0,n=30,start_thres=1.25",hub,0.25,10,14,40,1730,0,0,40,1730,0.0,0.0,0.0,0.0,0.1660221205516295
ni_tfnbs,"e=0.4,h=6.0,n=30,start_thres=1.25",hub,0.25,10,14,40,1730,0,0,40,1730,0.0,0.0,0.0,0.0,0.1660221205516295
ni_tfnbs,"e=0.4,h=7.0,n=30,start_thres=1.25",hub,0.25,10,14,40,1730,0,0,40,1730,0.0,0.0,0.0,0.0,0.1660221205516295
ni_tfnbs,"e=0.4,h=8.0,n=30,start_thres=1.25",hub,0.25,10,14,40,1730,0,0,40,1730,0.0,0.0,0.0,0.0,0.1660221205516295
ni_tfnbs,"e=0.4,h=9.0,n=30,start_thres=1.25",hub,0.25,10,14,40,1730,0,0,40,1730,0.0,0.0,0.0,0.0,0.1660221205516295
ni_tfnbs,"e=0.4,h=10.0,n=30,start_thres=1.25",hub,0.25,10,14,40,1730,0,0,40,1730,0.0,0.0,0.0,0.0,0.1660221205516295
ni_tfnbs,"e=0.5,h=0.5,n=30,start_thres=1.25",hub,0.25,10,14,40,1730,0,0,40,1730,0.0,0.0,0.0,0.0,0.1660221205516295
ni_tfnbs,"e=0.5,h=1.0,n=30,start_thres=1.25",hub,0.25,10,14,40,1730,0,0,40,1730,0.0,0.0,0.0,0.0,0.1660221205516295
ni_tfnbs,"e=0.5,h=2.0,n=30,start_thres=1.25",hub,0.25,10,14,40,1730,0,0,40,1730,0.0,0.0,0.0,0.0,0.1660221205516295
ni_tfnbs,"e=0.5,h=3.0,n=30,start_thres=1.25",hub,0.25,10,14,40,1730,0,0,40,1730,0.0,0.0,0.0,0.0,0.1660221205516295
ni_tfnbs,"e=0.5,h=4.0,n=30,start_thres=1.25",hub,0.25,10,14,40,1730,0,0,40,1730,0.0,0.0,0.0,0.0,0.1660221205516295
ni_tfnbs,"e=0.5,h=5.0,n=30,start_thres=1.25",hub,0.25,10,14,40,1730,0,0,40,1730,0.0,0.0,0.0,0.0,0.1660221205516295
ni_tfnbs,"e=0.5,h=6.0,n=30,start_thres=1.25",hub,0.25,10,14,40,1730,0,0,40,1730,0.0,0.0,0.0,0.0,0.1660221205516295
ni_tfnbs,"e=0.5,h=7.0,n=30,start_thres=1.25",hub,0.25,10,14,40,1730,0,0,40,1730,0.0,0.0,0.0,0.0,0.1660221205516295
ni_tfnbs,"e=0.5,h=8.0,n=30,start_thres=1.25",hub,0.25,10,14,40,1730,0,0,40,1730,0.0,0.0,0.0,0.0,0.1660221205516295
ni_tfnbs,"e=0.5,h=9.0,n=30,start_thres=1.25",hub,0.25,10,14,40,1730,0,0,40,1730,0.0,0.0,0.0,0.0,0.1660221205516295
ni_tfnbs,"e=0.5,h=10.0,n=30,start_thres=1.25",hub,0.25,10,14,40,1730,0,0,40,1730,0.0,0.0,0.0,0.0,0.1660221205516295
ni_tfnbs,"e=0.6,h=0.5,n=30,start_thres=1.25",hub,0.25,10,14,40,1730,0,2,40,1728,0.0,0.0011560693641618,0.0,1.0,0.1660221205516295
ni_tfnbs,"e=0.6,h=1.0,n=30,start_thres=1.25",hub,0.25,10,14,40,1730,0,1,40,1729,0.0,0.0005780346820809,0.0,1.0,0.1660221205516295
ni_tfnbs,"e=0.6,h=2.0,n=30,start_thres=1.25",hub,0.25,10,14,40,1730,0,0,40,1730,0.0,0.0,0.0,0.0,0.1660221205516295
ni_tfnbs,"e=0.6,h=3.0,n=30,start_thres=1.25",hub,0.25,10,14,40,1730,0,0,40,1730,0.0,0.0,0.0,0.0,0.1660221205516295
ni_tfnbs,"e=0.6,h=4.0,n=30,start_thres=1.25",hub,0.25,10,14,40,1730,0,0,40,1730,0.0,0.0,0.0,0.0,0.1660221205516295
ni_tfnbs,"e=0.6,h=5.0,n=30,start_thres=1.25",hub,0.25,10,14,40,1730,0,0,40,1730,0.0,0.0,0.0,0.0,0.1660221205516295
ni_tfnbs,"e=0.6,h=6.0,n=30,start_thres=1.25",hub,0.25,10,14,40,1730,0,0,40,1730,0.0,0.0,0.0,0.0,0.1660221205516295
ni_tfnbs,"e=0.6,h=7.0,n=30,start_thres=1.25",hub,0.25,10,14,40,1730,0,0,40,1730,0.0,0.0,0.0,0.0,0.1660221205516295
ni_tfnbs,"e=0.6,h=8.0,n=30,start_thres=1.25",hub,0.25,10,14,40,1730,0,0,40,1730,0.0,0.0,0.0,0.0,0.1660221205516295
ni_tfnbs,"e=0.6,h=9.0,n=30,start_thres=1.25",hub,0.25,10,14,40,1730,0,0,40,1730,0.0,0.0,0.0,0.0,0.1660221205516295
ni_tfnbs,"e=0.6,h=10.0,n=30,start_thres=1.25",hub,0.25,10,14,40,1730,0,0,40,1730,0.0,0.0,0.0,0.0,0.1660221205516295
ni_tfnbs,"e=0.7,h=0.5,n=30,start_thres=1.25",hub,0.25,10,14,40,1730,0,2,40,1728,0.0,0.0011560693641618,0.0,1.0,0.1660221205516295
ni_tfnbs,"e=0.7,h=1.0,n=30,start_thres=1.25",hub,0.25,10,14,40,1730,0,2,40,1728,0.0,0.0011560693641618,0.0,1.0,0.1660221205516295
ni_tfnbs,"e=0.7,h=2.0,n=30,start_thres=1.25",hub,0.25,10,14,40,1730,0,0,40,1730,0.0,0.0,0.0,0.0,0.1660221205516295
ni_tfnbs,"e=0.7,h=3.0,n=30,start_thres=1.25",hub,0.25,10,14,40,1730,0,0,40,1730,0.0,0.0,0.0,0.0,0.1660221205516295
ni_tfnbs,"e=0.7,h=4.0,n=30,start_thres=1.25",hub,0.25,10,14,40,1730,0,0,40,1730,0.0,0.0,0.0,0.0,0.1660221205516295
ni_tfnbs,"e=0.7,h=5.0,n=30,start_thres=1.25",hub,0.25,10,14,40,1730,0,0,40,1730,0.0,0.0,0.0,0.0,0.1660221205516295
ni_tfnbs,"e=0.7,h=6.0,n=30,start_thres=1.25",hub,0.25,10,14,40,1730,0,0,40,1730,0.0,0.0,0.0,0.0,0.1660221205516295
ni_tfnbs,"e=0.7,h=7.0,n=30,start_thres=1.25",hub,0.25,10,14,40,1730,0,0,40,1730,0.0,0.0,0.0,0.0,0.1660221205516295
ni_tfnbs,"e=0.7,h=8.0,n=30,start_thres=1.25",hub,0.25,10,14,40,1730,0,0,40,1730,0.0,0.0,0.0,0.0,0.1660221205516295
ni_tfnbs,"e=0.7,h=9.0,n=30,start_thres=1.25",hub,0.25,10,14,40,1730,0,0,40,1730,0.0,0.0,0.0,0.0,0.1660221205516295
ni_tfnbs,"e=0.7,h=10.0,n=30,start_thres=1.25",hub,0.25,10,14,40,1730,0,0,40,1730,0.0,0.0,0.0,0.0,0.1660221205516295
ni_tfnbs,"e=0.8,h=0.5,n=30,start_thres=1.25",hub,0.25,10,14,40,1730,0,6,40,1724,0.0,0.0034682080924855,0.0,1.0,0.1660221205516295
ni_tfnbs,"e=0.8,h=1.0,n=30,start_thres=1.25",hub,0.25,10,14,40,1730,0,2,40,1728,0.0,0.0011560693641618,0.0,1.0,0.1660221205516295
ni_tfnbs,"e=0.8,h=2.0,n=30,start_thres=1.25",hub,0.25,10,14,40,1730,0,1,40,1729,0.0,0.0005780346820809,0.0,1.0,0.1660221205516295
ni_tfnbs,"e=0.8,h=3.0,n=30,start_thres=1.25",hub,0.25,10,14,40,1730,0,0,40,1730,0.0,0.0,0.0,0.0,0.1660221205516295
ni_tfnbs,"e=0.8,h=4.0,n=30,start_thres=1.25",hub,0.25,10,14,40,1730,0,0,40,1730,0.0,0.0,0.0,0.0,0.1660221205516295
ni_tfnbs,"e=0.8,h=5.0,n=30,start_thres=1.25",hub,0.25,10,14,40,1730,0,0,40,1730,0.0,0.0,0.0,0.0,0.1660221205516295
ni_tfnbs,"e=0.8,h=6.0,n=30,start_thres=1.25",hub,0.25,10,14,40,1730,0,0,40,1730,0.0,0.0,0.0,0.0,0.1660221205516295
ni_tfnbs,"e=0.8,h=7.0,n=30,start_thres=1.25",hub,0.25,10,14,40,1730,0,0,40,1730,0.0,0.0,0.0,0.0,0.1660221205516295
ni_tfnbs,"e=0.8,h=8.0,n=30,start_thres=1.25",hub,0.25,10,14,40,1730,0,0,40,1730,0.0,0.0,0.0,0.0,0.1660221205516295
ni_tfnbs,"e=0.8,h=9.0,n=30,start_thres=1.25",hub,0.25,10,14,40,1730,0,0,40,1730,0.0,0.0,0.0,0.0,0.1660221205516295
ni_tfnbs,"e=0.8,h=10.0,n=30,start_thres=1.25",hub,0.25,10,14,40,1730,0,0,40,1730,0.0,0.0,0.0,0.0,0.1660221205516295
ni_tfnbs,"e=0.9,h=0.5,n=30,start_thres=1.25",hub,0.25,10,14,40,1730,0,6,40,1724,0.0,0.0034682080924855,0.0,1.0,0.1660221205516295
ni_tfnbs,"e=0.9,h=1.0,n=30,start_thres=1.25",hub,0.25,10,14,40,1730,0,6,40,1724,0.0,0.0034682080924855,0.0,1.0,0.1660221205516295
ni_tfnbs,"e=0.9,h=2.0,n=30,start_thres=1.25",hub,0.25,10,14,40,1730,0,2,40,1728,0.0,0.0011560693641618,0.0,1.0,0.1660221205516295
ni_tfnbs,"e=0.9,h=3.0,n=30,start_thres=1.25",hub,0.25,10,14,40,1730,0,0,40,1730,0.0,0.0,0.0,0.0,0.1660221205516295
ni_tfnbs,"e=0.9,h=4.0,n=30,start_thres=1.25",hub,0.25,10,14,40,1730,0,0,40,1730,0.0,0.0,0.0,0.0,0.1660221205516295
ni_tfnbs,"e=0.9,h=5.0,n=30,start_thres=1.25",hub,0.25,10,14,40,1730,0,0,40,1730,0.0,0.0,0.0,0.0,0.1660221205516295
ni_tfnbs,"e=0.9,h=6.0,n=30,start_thres=1.25",hub,0.25,10,14,40,1730,0,0,40,1730,0.0,0.0,0.0,0.0,0.1660221205516295
ni_tfnbs,"e=0.9,h=7.0,n=30,start_thres=1.25",hub,0.25,10,14,40,1730,0,0,40,1730,0.0,0.0,0.0,0.0,0.1660221205516295
ni_tfnbs,"e=0.9,h=8.0,n=30,start_thres=1.25",hub,0.25,10,14,40,1730,0,0,40,1730,0.0,0.0,0.0,0.0,0.1660221205516295
ni_tfnbs,"e=0.9,h=9.0,n=30,start_thres=1.25",hub,0.25,10,14,40,1730,0,0,40,1730,0.0,0.0,0.0,0.0,0.1660221205516295
ni_tfnbs,"e=0.9,h=10.0,n=30,start_thres=1.25",hub,0.25,10,14,40,1730,0,0,40,1730,0.0,0.0,0.0,0.0,0.1660221205516295
ni_tfnbs,"e=1.0,h=0.5,n=30,start_thres=1.25",hub,0.25,10,14,40,1730,0,8,40,1722,0.0,0.0046242774566473,0.0,1.0,0.1660221205516295
ni_tfnbs,"e=1.0,h=1.0,n=30,start_thres=1.25",hub,0.25,10,14,40,1730,0,8,40,1722,0.0,0.0046242774566473,0.0,1.0,0.1660221205516295
ni_tfnbs,"e=1.0,h=2.0,n=30,start_thres=1.25",hub,0.25,10,14,40,1730,0,2,40,1728,0.0,0.0011560693641618,0.0,1.0,0.1660221205516295
ni_tfnbs,"e=1.0,h=3.0,n=30,start_thres=1.25",hub,0.25,10,14,40,1730,0,1,40,1729,0.0,0.0005780346820809,0.0,1.0,0.1660221205516295
ni_tfnbs,"e=1.0,h=4.0,n=30,start_thres=1.25",hub,0.25,10,14,40,1730,0,0,40,1730,0.0,0.0,0.0,0.0,0.1660221205516295
ni_tfnbs,"e=1.0,h=5.0,n=30,start_thres=1.25",hub,0.25,10,14,40,1730,0,0,40,1730,0.0,0.0,0.0,0.0,0.1660221205516295
ni_tfnbs,"e=1.0,h=6.0,n=30,start_thres=1.25",hub,0.25,10,14,40,1730,0,0,40,1730,0.0,0.0,0.0,0.0,0.1660221205516295
ni_tfnbs,"e=1.0,h=7.0,n=30,start_thres=1.25",hub,0.25,10,14,40,1730,0,0,40,1730,0.0,0.0,0.0,0.0,0.1660221205516295
ni_tfnbs,"e=1.0,h=8.0,n=30,start_thres=1.25",hub,0.25,10,14,40,1730,0,0,40,1730,0.0,0.0,0.0,0.0,0.1660221205516295
ni_tfnbs,"e=1.0,h=9.0,n=30,start_thres=1.25",hub,0.25,10,14,40,1730,0,0,40,1730,0.0,0.0,0.0,0.0,0.1660221205516295
ni_tfnbs,"e=1.0,h=10.0,n=30,start_thres=1.25",hub,0.25,10,14,40,1730,0,0,40,1730,0.0,0.0,0.0,0.0,0.1660221205516295
ni_tfnbs,"e=1.1,h=0.5,n=30,start_thres=1.25",hub,0.25,10,14,40,1730,0,8,40,1722,0.0,0.0046242774566473,0.0,1.0,0.1660221205516295
ni_tfnbs,"e=1.1,h=1.0,n=30,start_thres=1.25",hub,0.25,10,14,40,1730,0,8,40,1722,0.0,0.0046242774566473,0.0,1.0,0.1660221205516295
ni_tfnbs,"e=1.1,h=2.0,n=30,start_thres=1.25",hub,0.25,10,14,40,1730,0,6,40,1724,0.0,0.0034682080924855,0.0,1.0,0.1660221205516295
ni_tfnbs,"e=1.1,h=3.0,n=30,start_thres=1.25",hub,0.25,10,14,40,1730,0,2,40,1728,0.0,0.0011560693641618,0.0,1.0,0.1660221205516295
ni_tfnbs,"e=1.1,h=4.0,n=30,start_thres=1.25",hub,0.25,10,14,40,1730,0,0,40,1730,0.0,0.0,0.0,0.0,0.1660221205516295
ni_tfnbs,"e=1.1,h=5.0,n=30,start_thres=1.25",hub,0.25,10,14,40,1730,0,0,40,1730,0.0,0.0,0.0,0.0,0.1660221205516295
ni_tfnbs,"e=1.1,h=6.0,n=30,start_thres=1.25",hub,0.25,10,14,40,1730,0,0,40,1730,0.0,0.0,0.0,0.0,0.1660221205516295
ni_tfnbs,"e=1.1,h=7.0,n=30,start_thres=1.25",hub,0.25,10,14,40,1730,0,0,40,1730,0.0,0.0,0.0,0.0,0.1660221205516295
ni_tfnbs,"e=1.1,h=8.0,n=30,start_thres=1.25",hub,0.25,10,14,40,1730,0,0,40,1730,0.0,0.0,0.0,0.0,0.1660221205516295
ni_tfnbs,"e=1.1,h=9.0,n=30,start_thres=1.25",hub,0.25,10,14,40,1730,0,0,40,1730,0.0,0.0,0.0,0.0,0.1660221205516295
ni_tfnbs,"e=1.1,h=10.0,n=30,start_thres=1.25",hub,0.25,10,14,40,1730,0,0,40,1730,0.0,0.0,0.0,0.0,0.1660221205516295
ni_tfnbs,"e=1.2,h=0.5,n=30,start_thres=1.25",hub,0.25,10,14,40,1730,0,9,40,1721,0.0,0.0052023121387283,0.0,1.0,0.1660221205516295
ni_tfnbs,"e=1.2,h=1.0,n=30,start_thres=1.25",hub,0.25,10,14,40,1730,0,8,40,1722,0.0,0.0046242774566473,0.0,1.0,0.1660221205516295
ni_tfnbs,"e=1.2,h=2.0,n=30,start_thres=1.25",hub,0.25,10,14,40,1730,0,8,40,1722,0.0,0.0046242774566473,0.0,1.0,0.1660221205516295
ni_tfnbs,"e=1.2,h=3.0,n=30,start_thres=1.25",hub,0.25,10,14,40,1730,0,2,40,1728,0.0,0.0011560693641618,0.0,1.0,0.1660221205516295
ni_tfnbs,"e=1.2,h=4.0,n=30,start_thres=1.25",hub,0.25,10,14,40,1730,0,0,40,1730,0.0,0.0,0.0,0.0,0.1660221205516295
ni_tfnbs,"e=1.2,h=5.0,n=30,start_thres=1.25",hub,0.25,10,14,40,1730,0,0,40,1730,0.0,0.0,0.0,0.0,0.1660221205516295
ni_tfnbs,"e=1.2,h=6.0,n=30,start_thres=1.25",hub,0.25,10,14,40,1730,0,0,40,1730,0.0,0.0,0.0,0.0,0.1660221205516295
ni_tfnbs,"e=1.2,h=7.0,n=30,start_thres=1.25",hub,0.25,10,14,40,1730,0,0,40,1730,0.0,0.0,0.0,0.0,0.1660221205516295
ni_tfnbs,"e=1.2,h=8.0,n=30,start_thres=1.25",hub,0.25,10,14,40,1730,0,0,40,1730,0.0,0.0,0.0,0.0,0.1660221205516295
ni_tfnbs,"e=1.2,h=9.0,n=30,start_thres=1.25",hub,0.25,10,14,40,1730,0,0,40,1730,0.0,0.0,0.0,0.0,0.1660221205516295
ni_tfnbs,"e=1.2,h=10.0,n=30,start_thres=1.25",hub,0.25,10,14,40,1730,0,0,40,1730,0.0,0.0,0.0,0.0,0.1660221205516295
ni_tfnbs,"e=1.3,h=0.5,n=30,start_thres=1.25",hub,0.25,10,14,40,1730,0,10,40,1720,0.0,0.0057803468208092,0.0,1.0,0.1660221205516295
ni_tfnbs,"e=1.3,h=1.0,n=30,start_thres=1.25",hub,0.25,10,14,40,1730,0,9,40,1721,0.0,0.0052023121387283,0.0,1.0,0.1660221205516295
ni_tfnbs,"e=1.3,h=2.0,n=30,start_thres=1.25",hub,0.25,10,14,40,1730,0,8,40,1722,0.0,0.0046242774566473,0.0,1.0,0.1660221205516295
ni_tfnbs,"e=1.3,h=3.0,n=30,start_thres=1.25",hub,0.25,10,14,40,1730,0,6,40,1724,0.0,0.0034682080924855,0.0,1.0,0.1660221205516295
ni_tfnbs,"e=1.3,h=4.0,n=30,start_thres=1.25",hub,0.25,10,14,40,1730,0,1,40,1729,0.0,0.0005780346820809,0.0,1.0,0.1660221205516295
ni_tfnbs,"e=1.3,h=5.0,n=30,start_thres=1.25",hub,0.25,10,14,40,1730,0,0,40,1730,0.0,0.0,0.0,0.0,0.1660221205516295
ni_tfnbs,"e=1.3,h=6.0,n=30,start_thres=1.25",hub,0.25,10,14,40,1730,0,0,40,1730,0.0,0.0,0.0,0.0,0.1660221205516295
ni_tfnbs,"e=1.3,h=7.0,n=30,start_thres=1.25",hub,0.25,10,14,40,1730,0,0,40,1730,0.0,0.0,0.0,0.0,0.1660221205516295
ni_tfnbs,"e=1.3,h=8.0,n=30,start_thres=1.25",hub,0.25,10,14,40,1730,0,0,40,1730,0.0,0.0,0.0,0.0,0.1660221205516295
ni_tfnbs,"e=1.3,h=9.0,n=30,start_thres=1.25",hub,0.25,10,14,40,1730,0,0,40,1730,0.0,0.0,0.0,0.0,0.1660221205516295
ni_tfnbs,"e=1.3,h=10.0,n=30,start_thres=1.25",hub,0.25,10,14,40,1730,0,0,40,1730,0.0,0.0,0.0,0.0,0.1660221205516295
ni_tfnbs,"e=1.4,h=0.5,n=30,start_thres=1.25",hub,0.25,10,14,40,1730,0,12,40,1718,0.0,0.006936416184971,0.0,1.0,0.1660221205516295
ni_tfnbs,"e=1.4,h=1.0,n=30,start_thres=1.25",hub,0.25,10,14,40,1730,0,10,40,1720,0.0,0.0057803468208092,0.0,1.0,0.1660221205516295
ni_tfnbs,"e=1.4,h=2.0,n=30,start_thres=1.25",hub,0.25,10,14,40,1730,0,8,40,1722,0.0,0.0046242774566473,0.0,1.0,0.1660221205516295
ni_tfnbs,"e=1.4,h=3.0,n=30,start_thres=1.25",hub,0.25,10,14,40,1730,0,8,40,1722,0.0,0.0046242774566473,0.0,1.0,0.1660221205516295
ni_tfnbs,"e=1.4,h=4.0,n=30,start_thres=1.25",hub,0.25,10,14,40,1730,0,2,40,1728,0.0,0.0011560693641618,0.0,1.0,0.1660221205516295
ni_tfnbs,"e=1.4,h=5.0,n=30,start_thres=1.25",hub,0.25,10,14,40,1730,0,0,40,1730,0.0,0.0,0.0,0.0,0.1660221205516295
ni_tfnbs,"e=1.4,h=6.0,n=30,start_thres=1.25",hub,0.25,10,14,40,1730,0,0,40,1730,0.0,0.0,0.0,0.0,0.1660221205516295
ni_tfnbs,"e=1.4,h=7.0,n=30,start_thres=1.25",hub,0.25,10,14,40,1730,0,0,40,1730,0.0,0.0,0.0,0.0,0.1660221205516295
ni_tfnbs,"e=1.4,h=8.0,n=30,start_thres=1.25",hub,0.25,10,14,40,1730,0,0,40,1730,0.0,0.0,0.0,0.0,0.1660221205516295
ni_tfnbs,"e=1.4,h=9.0,n=30,start_thres=1.25",hub,0.25,10,14,40,1730,0,0,40,1730,0.0,0.0,0.0,0.0,0.1660221205516295
ni_tfnbs,"e=1.4,h=10.0,n=30,start_thres=1.25",hub,0.25,10,14,40,1730,0,0,40,1730,0.0,0.0,0.0,0.0,0.1660221205516295
ni_tfnbs,"e=1.5,h=0.5,n=30,start_thres=1.25",hub,0.25,10,14,40,1730,0,12,40,1718,0.0,0.006936416184971,0.0,1.0,0.1660221205516295
ni_tfnbs,"e=1.5,h=1.0,n=30,start_thres=1.25",hub,0.25,10,14,40,1730,0,12,40,1718,0.0,0.006936416184971,0.0,1.0,0.1660221205516295
ni_tfnbs,"e=1.5,h=2.0,n=30,start_thres=1.25",hub,0.25,10,14,40,1730,0,9,40,1721,0.0,0.0052023121387283,0.0,1.0,0.1660221205516295
ni_tfnbs,"e=1.5,h=3.0,n=30,start_thres=1.25",hub,0.25,10,14,40,1730,0,8,40,1722,0.0,0.0046242774566473,0.0,1.0,0.1660221205516295
ni_tfnbs,"e=1.5,h=4.0,n=30,start_thres=1.25",hub,0.25,10,14,40,1730,0,4,40,1726,0.0,0.0023121387283236,0.0,1.0,0.1660221205516295
ni_tfnbs,"e=1.5,h=5.0,n=30,start_thres=1.25",hub,0.25,10,14,40,1730,0,0,40,1730,0.0,0.0,0.0,0.0,0.1660221205516295
ni_tfnbs,"e=1.5,h=6.0,n=30,start_thres=1.25",hub,0.25,10,14,40,1730,0,0,40,1730,0.0,0.0,0.0,0.0,0.1660221205516295
ni_tfnbs,"e=1.5,h=7.0,n=30,start_thres=1.25",hub,0.25,10,14,40,1730,0,0,40,1730,0.0,0.0,0.0,0.0,0.1660221205516295
ni_tfnbs,"e=1.5,h=8.0,n=30,start_thres=1.25",hub,0.25,10,14,40,1730,0,0,40,1730,0.0,0.0,0.0,0.0,0.1660221205516295
ni_tfnbs,"e=1.5,h=9.0,n=30,start_thres=1.25",hub,0.25,10,14,40,1730,0,0,40,1730,0.0,0.0,0.0,0.0,0.1660221205516295
ni_tfnbs,"e=1.5,h=10.0,n=30,start_thres=1.25",hub,0.25,10,14,40,1730,0,0,40,1730,0.0,0.0,0.0,0.0,0.1660221205516295
ni_tfnbs,"e=0.05,h=0.5,n=30,start_thres=1.25",hub,0.25,10,15,40,1730,0,0,40,1730,0.0,0.0,0.0,0.0,0.1632713689045472
ni_tfnbs,"e=0.05,h=1.0,n=30,start_thres=1.25",hub,0.25,10,15,40,1730,0,0,40,1730,0.0,0.0,0.0,0.0,0.1632713689045472
ni_tfnbs,"e=0.05,h=2.0,n=30,start_thres=1.25",hub,0.25,10,15,40,1730,0,0,40,1730,0.0,0.0,0.0,0.0,0.1632713689045472
ni_tfnbs,"e=0.05,h=3.0,n=30,start_thres=1.25",hub,0.25,10,15,40,1730,0,0,40,1730,0.0,0.0,0.0,0.0,0.1632713689045472
ni_tfnbs,"e=0.05,h=4.0,n=30,start_thres=1.25",hub,0.25,10,15,40,1730,0,0,40,1730,0.0,0.0,0.0,0.0,0.1632713689045472
ni_tfnbs,"e=0.05,h=5.0,n=30,start_thres=1.25",hub,0.25,10,15,40,1730,0,0,40,1730,0.0,0.0,0.0,0.0,0.1632713689045472
ni_tfnbs,"e=0.05,h=6.0,n=30,start_thres=1.25",hub,0.25,10,15,40,1730,0,0,40,1730,0.0,0.0,0.0,0.0,0.1632713689045472
ni_tfnbs,"e=0.05,h=7.0,n=30,start_thres=1.25",hub,0.25,10,15,40,1730,0,0,40,1730,0.0,0.0,0.0,0.0,0.1632713689045472
ni_tfnbs,"e=0.05,h=8.0,n=30,start_thres=1.25",hub,0.25,10,15,40,1730,0,0,40,1730,0.0,0.0,0.0,0.0,0.1632713689045472
ni_tfnbs,"e=0.05,h=9.0,n=30,start_thres=1.25",hub,0.25,10,15,40,1730,0,0,40,1730,0.0,0.0,0.0,0.0,0.1632713689045472
ni_tfnbs,"e=0.05,h=10.0,n=30,start_thres=1.25",hub,0.25,10,15,40,1730,0,0,40,1730,0.0,0.0,0.0,0.0,0.1632713689045472
ni_tfnbs,"e=0.1,h=0.5,n=30,start_thres=1.25",hub,0.25,10,15,40,1730,0,0,40,1730,0.0,0.0,0.0,0.0,0.1632713689045472
ni_tfnbs,"e=0.1,h=1.0,n=30,start_thres=1.25",hub,0.25,10,15,40,1730,0,0,40,1730,0.0,0.0,0.0,0.0,0.1632713689045472
ni_tfnbs,"e=0.1,h=2.0,n=30,start_thres=1.25",hub,0.25,10,15,40,1730,0,0,40,1730,0.0,0.0,0.0,0.0,0.1632713689045472
ni_tfnbs,"e=0.1,h=3.0,n=30,start_thres=1.25",hub,0.25,10,15,40,1730,0,0,40,1730,0.0,0.0,0.0,0.0,0.1632713689045472
ni_tfnbs,"e=0.1,h=4.0,n=30,start_thres=1.25",hub,0.25,10,15,40,1730,0,0,40,1730,0.0,0.0,0.0,0.0,0.1632713689045472
ni_tfnbs,"e=0.1,h=5.0,n=30,start_thres=1.25",hub,0.25,10,15,40,1730,0,0,40,1730,0.0,0.0,0.0,0.0,0.1632713689045472
ni_tfnbs,"e=0.1,h=6.0,n=30,start_thres=1.25",hub,0.25,10,15,40,1730,0,0,40,1730,0.0,0.0,0.0,0.0,0.1632713689045472
ni_tfnbs,"e=0.1,h=7.0,n=30,start_thres=1.25",hub,0.25,10,15,40,1730,0,0,40,1730,0.0,0.0,0.0,0.0,0.1632713689045472
ni_tfnbs,"e=0.1,h=8.0,n=30,start_thres=1.25",hub,0.25,10,15,40,1730,0,0,40,1730,0.0,0.0,0.0,0.0,0.1632713689045472
ni_tfnbs,"e=0.1,h=9.0,n=30,start_thres=1.25",hub,0.25,10,15,40,1730,0,0,40,1730,0.0,0.0,0.0,0.0,0.1632713689045472
ni_tfnbs,"e=0.1,h=10.0,n=30,start_thres=1.25",hub,0.25,10,15,40,1730,0,0,40,1730,0.0,0.0,0.0,0.0,0.1632713689045472
ni_tfnbs,"e=0.2,h=0.5,n=30,start_thres=1.25",hub,0.25,10,15,40,1730,0,0,40,1730,0.0,0.0,0.0,0.0,0.1632713689045472
ni_tfnbs,"e=0.2,h=1.0,n=30,start_thres=1.25",hub,0.25,10,15,40,1730,0,0,40,1730,0.0,0.0,0.0,0.0,0.1632713689045472
ni_tfnbs,"e=0.2,h=2.0,n=30,start_thres=1.25",hub,0.25,10,15,40,1730,0,0,40,1730,0.0,0.0,0.0,0.0,0.1632713689045472
ni_tfnbs,"e=0.2,h=3.0,n=30,start_thres=1.25",hub,0.25,10,15,40,1730,0,0,40,1730,0.0,0.0,0.0,0.0,0.1632713689045472
ni_tfnbs,"e=0.2,h=4.0,n=30,start_thres=1.25",hub,0.25,10,15,40,1730,0,0,40,1730,0.0,0.0,0.0,0.0,0.1632713689045472
ni_tfnbs,"e=0.2,h=5.0,n=30,start_thres=1.25",hub,0.25,10,15,40,1730,0,0,40,1730,0.0,0.0,0.0,0.0,0.1632713689045472
ni_tfnbs,"e=0.2,h=6.0,n=30,start_thres=1.25",hub,0.25,10,15,40,1730,0,0,40,1730,0.0,0.0,0.0,0.0,0.1632713689045472
ni_tfnbs,"e=0.2,h=7.0,n=30,start_thres=1.25",hub,0.25,10,15,40,1730,0,0,40,1730,0.0,0.0,0.0,0.0,0.1632713689045472
ni_tfnbs,"e=0.2,h=8.0,n=30,start_thres=1.25",hub,0.25,10,15,40,1730,0,0,40,1730,0.0,0.0,0.0,0.0,0.1632713689045472
ni_tfnbs,"e=0.2,h=9.0,n=30,start_thres=1.25",hub,0.25,10,15,40,1730,0,0,40,1730,0.0,0.0,0.0,0.0,0.1632713689045472
ni_tfnbs,"e=0.2,h=10.0,n=30,start_thres=1.25",hub,0.25,10,15,40,1730,0,0,40,1730,0.0,0.0,0.0,0.0,0.1632713689045472
ni_tfnbs,"e=0.3,h=0.5,n=30,start_thres=1.25",hub,0.25,10,15,40,1730,0,0,40,1730,0.0,0.0,0.0,0.0,0.1632713689045472
ni_tfnbs,"e=0.3,h=1.0,n=30,start_thres=1.25",hub,0.25,10,15,40,1730,0,0,40,1730,0.0,0.0,0.0,0.0,0.1632713689045472
ni_tfnbs,"e=0.3,h=2.0,n=30,start_thres=1.25",hub,0.25,10,15,40,1730,0,0,40,1730,0.0,0.0,0.0,0.0,0.1632713689045472
ni_tfnbs,"e=0.3,h=3.0,n=30,start_thres=1.25",hub,0.25,10,15,40,1730,0,0,40,1730,0.0,0.0,0.0,0.0,0.1632713689045472
ni_tfnbs,"e=0.3,h=4.0,n=30,start_thres=1.25",hub,0.25,10,15,40,1730,0,0,40,1730,0.0,0.0,0.0,0.0,0.1632713689045472
ni_tfnbs,"e=0.3,h=5.0,n=30,start_thres=1.25",hub,0.25,10,15,40,1730,0,0,40,1730,0.0,0.0,0.0,0.0,0.1632713689045472
ni_tfnbs,"e=0.3,h=6.0,n=30,start_thres=1.25",hub,0.25,10,15,40,1730,0,0,40,1730,0.0,0.0,0.0,0.0,0.1632713689045472
ni_tfnbs,"e=0.3,h=7.0,n=30,start_thres=1.25",hub,0.25,10,15,40,1730,0,0,40,1730,0.0,0.0,0.0,0.0,0.1632713689045472
ni_tfnbs,"e=0.3,h=8.0,n=30,start_thres=1.25",hub,0.25,10,15,40,1730,0,0,40,1730,0.0,0.0,0.0,0.0,0.1632713689045472
ni_tfnbs,"e=0.3,h=9.0,n=30,start_thres=1.25",hub,0.25,10,15,40,1730,0,0,40,1730,0.0,0.0,0.0,0.0,0.1632713689045472
ni_tfnbs,"e=0.3,h=10.0,n=30,start_thres=1.25",hub,0.25,10,15,40,1730,0,0,40,1730,0.0,0.0,0.0,0.0,0.1632713689045472
ni_tfnbs,"e=0.4,h=0.5,n=30,start_thres=1.25",hub,0.25,10,15,40,1730,0,0,40,1730,0.0,0.0,0.0,0.0,0.1632713689045472
ni_tfnbs,"e=0.4,h=1.0,n=30,start_thres=1.25",hub,0.25,10,15,40,1730,0,0,40,1730,0.0,0.0,0.0,0.0,0.1632713689045472
ni_tfnbs,"e=0.4,h=2.0,n=30,start_thres=1.25",hub,0.25,10,15,40,1730,0,0,40,1730,0.0,0.0,0.0,0.0,0.1632713689045472
ni_tfnbs,"e=0.4,h=3.0,n=30,start_thres=1.25",hub,0.25,10,15,40,1730,0,0,40,1730,0.0,0.0,0.0,0.0,0.1632713689045472
ni_tfnbs,"e=0.4,h=4.0,n=30,start_thres=1.25",hub,0.25,10,15,40,1730,0,0,40,1730,0.0,0.0,0.0,0.0,0.1632713689045472
ni_tfnbs,"e=0.4,h=5.0,n=30,start_thres=1.25",hub,0.25,10,15,40,1730,0,0,40,1730,0.0,0.0,0.0,0.0,0.1632713689045472
ni_tfnbs,"e=0.4,h=6.0,n=30,start_thres=1.25",hub,0.25,10,15,40,1730,0,0,40,1730,0.0,0.0,0.0,0.0,0.1632713689045472
ni_tfnbs,"e=0.4,h=7.0,n=30,start_thres=1.25",hub,0.25,10,15,40,1730,0,0,40,1730,0.0,0.0,0.0,0.0,0.1632713689045472
ni_tfnbs,"e=0.4,h=8.0,n=30,start_thres=1.25",hub,0.25,10,15,40,1730,0,0,40,1730,0.0,0.0,0.0,0.0,0.1632713689045472
ni_tfnbs,"e=0.4,h=9.0,n=30,start_thres=1.25",hub,0.25,10,15,40,1730,0,0,40,1730,0.0,0.0,0.0,0.0,0.1632713689045472
ni_tfnbs,"e=0.4,h=10.0,n=30,start_thres=1.25",hub,0.25,10,15,40,1730,0,0,40,1730,0.0,0.0,0.0,0.0,0.1632713689045472
ni_tfnbs,"e=0.5,h=0.5,n=30,start_thres=1.25",hub,0.25,10,15,40,1730,0,0,40,1730,0.0,0.0,0.0,0.0,0.1632713689045472
ni_tfnbs,"e=0.5,h=1.0,n=30,start_thres=1.25",hub,0.25,10,15,40,1730,0,0,40,1730,0.0,0.0,0.0,0.0,0.1632713689045472
ni_tfnbs,"e=0.5,h=2.0,n=30,start_thres=1.25",hub,0.25,10,15,40,1730,0,0,40,1730,0.0,0.0,0.0,0.0,0.1632713689045472
ni_tfnbs,"e=0.5,h=3.0,n=30,start_thres=1.25",hub,0.25,10,15,40,1730,0,0,40,1730,0.0,0.0,0.0,0.0,0.1632713689045472
ni_tfnbs,"e=0.5,h=4.0,n=30,start_thres=1.25",hub,0.25,10,15,40,1730,0,0,40,1730,0.0,0.0,0.0,0.0,0.1632713689045472
ni_tfnbs,"e=0.5,h=5.0,n=30,start_thres=1.25",hub,0.25,10,15,40,1730,0,0,40,1730,0.0,0.0,0.0,0.0,0.1632713689045472
ni_tfnbs,"e=0.5,h=6.0,n=30,start_thres=1.25",hub,0.25,10,15,40,1730,0,0,40,1730,0.0,0.0,0.0,0.0,0.1632713689045472
ni_tfnbs,"e=0.5,h=7.0,n=30,start_thres=1.25",hub,0.25,10,15,40,1730,0,0,40,1730,0.0,0.0,0.0,0.0,0.1632713689045472
ni_tfnbs,"e=0.5,h=8.0,n=30,start_thres=1.25",hub,0.25,10,15,40,1730,0,0,40,1730,0.0,0.0,0.0,0.0,0.1632713689045472
ni_tfnbs,"e=0.5,h=9.0,n=30,start_thres=1.25",hub,0.25,10,15,40,1730,0,0,40,1730,0.0,0.0,0.0,0.0,0.1632713689045472
ni_tfnbs,"e=0.5,h=10.0,n=30,start_thres=1.25",hub,0.25,10,15,40,1730,0,0,40,1730,0.0,0.0,0.0,0.0,0.1632713689045472
ni_tfnbs,"e=0.6,h=0.5,n=30,start_thres=1.25",hub,0.25,10,15,40,1730,0,0,40,1730,0.0,0.0,0.0,0.0,0.1632713689045472
ni_tfnbs,"e=0.6,h=1.0,n=30,start_thres=1.25",hub,0.25,10,15,40,1730,0,0,40,1730,0.0,0.0,0.0,0.0,0.1632713689045472
ni_tfnbs,"e=0.6,h=2.0,n=30,start_thres=1.25",hub,0.25,10,15,40,1730,0,0,40,1730,0.0,0.0,0.0,0.0,0.1632713689045472
ni_tfnbs,"e=0.6,h=3.0,n=30,start_thres=1.25",hub,0.25,10,15,40,1730,0,0,40,1730,0.0,0.0,0.0,0.0,0.1632713689045472
ni_tfnbs,"e=0.6,h=4.0,n=30,start_thres=1.25",hub,0.25,10,15,40,1730,0,0,40,1730,0.0,0.0,0.0,0.0,0.1632713689045472
ni_tfnbs,"e=0.6,h=5.0,n=30,start_thres=1.25",hub,0.25,10,15,40,1730,0,0,40,1730,0.0,0.0,0.0,0.0,0.1632713689045472
ni_tfnbs,"e=0.6,h=6.0,n=30,start_thres=1.25",hub,0.25,10,15,40,1730,0,0,40,1730,0.0,0.0,0.0,0.0,0.1632713689045472
ni_tfnbs,"e=0.6,h=7.0,n=30,start_thres=1.25",hub,0.25,10,15,40,1730,0,0,40,1730,0.0,0.0,0.0,0.0,0.1632713689045472
ni_tfnbs,"e=0.6,h=8.0,n=30,start_thres=1.25",hub,0.25,10,15,40,1730,0,0,40,1730,0.0,0.0,0.0,0.0,0.1632713689045472
ni_tfnbs,"e=0.6,h=9.0,n=30,start_thres=1.25",hub,0.25,10,15,40,1730,0,0,40,1730,0.0,0.0,0.0,0.0,0.1632713689045472
ni_tfnbs,"e=0.6,h=10.0,n=30,start_thres=1.25",hub,0.25,10,15,40,1730,0,0,40,1730,0.0,0.0,0.0,0.0,0.1632713689045472
ni_tfnbs,"e=0.7,h=0.5,n=30,start_thres=1.25",hub,0.25,10,15,40,1730,0,0,40,1730,0.0,0.0,0.0,0.0,0.1632713689045472
ni_tfnbs,"e=0.7,h=1.0,n=30,start_thres=1.25",hub,0.25,10,15,40,1730,0,0,40,1730,0.0,0.0,0.0,0.0,0.1632713689045472
ni_tfnbs,"e=0.7,h=2.0,n=30,start_thres=1.25",hub,0.25,10,15,40,1730,0,0,40,1730,0.0,0.0,0.0,0.0,0.1632713689045472
ni_tfnbs,"e=0.7,h=3.0,n=30,start_thres=1.25",hub,0.25,10,15,40,1730,0,0,40,1730,0.0,0.0,0.0,0.0,0.1632713689045472
ni_tfnbs,"e=0.7,h=4.0,n=30,start_thres=1.25",hub,0.25,10,15,40,1730,0,0,40,1730,0.0,0.0,0.0,0.0,0.1632713689045472
ni_tfnbs,"e=0.7,h=5.0,n=30,start_thres=1.25",hub,0.25,10,15,40,1730,0,0,40,1730,0.0,0.0,0.0,0.0,0.1632713689045472
ni_tfnbs,"e=0.7,h=6.0,n=30,start_thres=1.25",hub,0.25,10,15,40,1730,0,0,40,1730,0.0,0.0,0.0,0.0,0.1632713689045472
ni_tfnbs,"e=0.7,h=7.0,n=30,start_thres=1.25",hub,0.25,10,15,40,1730,0,0,40,1730,0.0,0.0,0.0,0.0,0.1632713689045472
ni_tfnbs,"e=0.7,h=8.0,n=30,start_thres=1.25",hub,0.25,10,15,40,1730,0,0,40,1730,0.0,0.0,0.0,0.0,0.1632713689045472
ni_tfnbs,"e=0.7,h=9.0,n=30,start_thres=1.25",hub,0.25,10,15,40,1730,0,0,40,1730,0.0,0.0,0.0,0.0,0.1632713689045472
ni_tfnbs,"e=0.7,h=10.0,n=30,start_thres=1.25",hub,0.25,10,15,40,1730,0,0,40,1730,0.0,0.0,0.0,0.0,0.1632713689045472
ni_tfnbs,"e=0.8,h=0.5,n=30,start_thres=1.25",hub,0.25,10,15,40,1730,0,0,40,1730,0.0,0.0,0.0,0.0,0.1632713689045472
ni_tfnbs,"e=0.8,h=1.0,n=30,start_thres=1.25",hub,0.25,10,15,40,1730,0,0,40,1730,0.0,0.0,0.0,0.0,0.1632713689045472
ni_tfnbs,"e=0.8,h=2.0,n=30,start_thres=1.25",hub,0.25,10,15,40,1730,0,0,40,1730,0.0,0.0,0.0,0.0,0.1632713689045472
ni_tfnbs,"e=0.8,h=3.0,n=30,start_thres=1.25",hub,0.25,10,15,40,1730,0,0,40,1730,0.0,0.0,0.0,0.0,0.1632713689045472
ni_tfnbs,"e=0.8,h=4.0,n=30,start_thres=1.25",hub,0.25,10,15,40,1730,0,0,40,1730,0.0,0.0,0.0,0.0,0.1632713689045472
ni_tfnbs,"e=0.8,h=5.0,n=30,start_thres=1.25",hub,0.25,10,15,40,1730,0,0,40,1730,0.0,0.0,0.0,0.0,0.1632713689045472
ni_tfnbs,"e=0.8,h=6.0,n=30,start_thres=1.25",hub,0.25,10,15,40,1730,0,0,40,1730,0.0,0.0,0.0,0.0,0.1632713689045472
ni_tfnbs,"e=0.8,h=7.0,n=30,start_thres=1.25",hub,0.25,10,15,40,1730,0,0,40,1730,0.0,0.0,0.0,0.0,0.1632713689045472
ni_tfnbs,"e=0.8,h=8.0,n=30,start_thres=1.25",hub,0.25,10,15,40,1730,0,0,40,1730,0.0,0.0,0.0,0.0,0.1632713689045472
ni_tfnbs,"e=0.8,h=9.0,n=30,start_thres=1.25",hub,0.25,10,15,40,1730,0,0,40,1730,0.0,0.0,0.0,0.0,0.1632713689045472
ni_tfnbs,"e=0.8,h=10.0,n=30,start_thres=1.25",hub,0.25,10,15,40,1730,0,0,40,1730,0.0,0.0,0.0,0.0,0.1632713689045472
ni_tfnbs,"e=0.9,h=0.5,n=30,start_thres=1.25",hub,0.25,10,15,40,1730,0,0,40,1730,0.0,0.0,0.0,0.0,0.1632713689045472
ni_tfnbs,"e=0.9,h=1.0,n=30,start_thres=1.25",hub,0.25,10,15,40,1730,0,0,40,1730,0.0,0.0,0.0,0.0,0.1632713689045472
ni_tfnbs,"e=0.9,h=2.0,n=30,start_thres=1.25",hub,0.25,10,15,40,1730,0,0,40,1730,0.0,0.0,0.0,0.0,0.1632713689045472
ni_tfnbs,"e=0.9,h=3.0,n=30,start_thres=1.25",hub,0.25,10,15,40,1730,0,0,40,1730,0.0,0.0,0.0,0.0,0.1632713689045472
ni_tfnbs,"e=0.9,h=4.0,n=30,start_thres=1.25",hub,0.25,10,15,40,1730,0,0,40,1730,0.0,0.0,0.0,0.0,0.1632713689045472
ni_tfnbs,"e=0.9,h=5.0,n=30,start_thres=1.25",hub,0.25,10,15,40,1730,0,0,40,1730,0.0,0.0,0.0,0.0,0.1632713689045472
ni_tfnbs,"e=0.9,h=6.0,n=30,start_thres=1.25",hub,0.25,10,15,40,1730,0,0,40,1730,0.0,0.0,0.0,0.0,0.1632713689045472
ni_tfnbs,"e=0.9,h=7.0,n=30,start_thres=1.25",hub,0.25,10,15,40,1730,0,0,40,1730,0.0,0.0,0.0,0.0,0.1632713689045472
ni_tfnbs,"e=0.9,h=8.0,n=30,start_thres=1.25",hub,0.25,10,15,40,1730,0,0,40,1730,0.0,0.0,0.0,0.0,0.1632713689045472
ni_tfnbs,"e=0.9,h=9.0,n=30,start_thres=1.25",hub,0.25,10,15,40,1730,0,0,40,1730,0.0,0.0,0.0,0.0,0.1632713689045472
ni_tfnbs,"e=0.9,h=10.0,n=30,start_thres=1.25",hub,0.25,10,15,40,1730,0,0,40,1730,0.0,0.0,0.0,0.0,0.1632713689045472
ni_tfnbs,"e=1.0,h=0.5,n=30,start_thres=1.25",hub,0.25,10,15,40,1730,0,0,40,1730,0.0,0.0,0.0,0.0,0.1632713689045472
ni_tfnbs,"e=1.0,h=1.0,n=30,start_thres=1.25",hub,0.25,10,15,40,1730,0,0,40,1730,0.0,0.0,0.0,0.0,0.1632713689045472
ni_tfnbs,"e=1.0,h=2.0,n=30,start_thres=1.25",hub,0.25,10,15,40,1730,0,0,40,1730,0.0,0.0,0.0,0.0,0.1632713689045472
ni_tfnbs,"e=1.0,h=3.0,n=30,start_thres=1.25",hub,0.25,10,15,40,1730,0,0,40,1730,0.0,0.0,0.0,0.0,0.1632713689045472
ni_tfnbs,"e=1.0,h=4.0,n=30,start_thres=1.25",hub,0.25,10,15,40,1730,0,0,40,1730,0.0,0.0,0.0,0.0,0.1632713689045472
ni_tfnbs,"e=1.0,h=5.0,n=30,start_thres=1.25",hub,0.25,10,15,40,1730,0,0,40,1730,0.0,0.0,0.0,0.0,0.1632713689045472
ni_tfnbs,"e=1.0,h=6.0,n=30,start_thres=1.25",hub,0.25,10,15,40,1730,0,0,40,1730,0.0,0.0,0.0,0.0,0.1632713689045472
ni_tfnbs,"e=1.0,h=7.0,n=30,start_thres=1.25",hub,0.25,10,15,40,1730,0,0,40,1730,0.0,0.0,0.0,0.0,0.1632713689045472
ni_tfnbs,"e=1.0,h=8.0,n=30,start_thres=1.25",hub,0.25,10,15,40,1730,0,0,40,1730,0.0,0.0,0.0,0.0,0.1632713689045472
ni_tfnbs,"e=1.0,h=9.0,n=30,start_thres=1.25",hub,0.25,10,15,40,1730,0,0,40,1730,0.0,0.0,0.0,0.0,0.1632713689045472
ni_tfnbs,"e=1.0,h=10.0,n=30,start_thres=1.25",hub,0.25,10,15,40,1730,0,0,40,1730,0.0,0.0,0.0,0.0,0.1632713689045472
ni_tfnbs,"e=1.1,h=0.5,n=30,start_thres=1.25",hub,0.25,10,15,40,1730,0,0,40,1730,0.0,0.0,0.0,0.0,0.1632713689045472
ni_tfnbs,"e=1.1,h=1.0,n=30,start_thres=1.25",hub,0.25,10,15,40,1730,0,0,40,1730,0.0,0.0,0.0,0.0,0.1632713689045472
ni_tfnbs,"e=1.1,h=2.0,n=30,start_thres=1.25",hub,0.25,10,15,40,1730,0,0,40,1730,0.0,0.0,0.0,0.0,0.1632713689045472
ni_tfnbs,"e=1.1,h=3.0,n=30,start_thres=1.25",hub,0.25,10,15,40,1730,0,0,40,1730,0.0,0.0,0.0,0.0,0.1632713689045472
ni_tfnbs,"e=1.1,h=4.0,n=30,start_thres=1.25",hub,0.25,10,15,40,1730,0,0,40,1730,0.0,0.0,0.0,0.0,0.1632713689045472
ni_tfnbs,"e=1.1,h=5.0,n=30,start_thres=1.25",hub,0.25,10,15,40,1730,0,0,40,1730,0.0,0.0,0.0,0.0,0.1632713689045472
ni_tfnbs,"e=1.1,h=6.0,n=30,start_thres=1.25",hub,0.25,10,15,40,1730,0,0,40,1730,0.0,0.0,0.0,0.0,0.1632713689045472
ni_tfnbs,"e=1.1,h=7.0,n=30,start_thres=1.25",hub,0.25,10,15,40,1730,0,0,40,1730,0.0,0.0,0.0,0.0,0.1632713689045472
ni_tfnbs,"e=1.1,h=8.0,n=30,start_thres=1.25",hub,0.25,10,15,40,1730,0,0,40,1730,0.0,0.0,0.0,0.0,0.1632713689045472
ni_tfnbs,"e=1.1,h=9.0,n=30,start_thres=1.25",hub,0.25,10,15,40,1730,0,0,40,1730,0.0,0.0,0.0,0.0,0.1632713689045472
ni_tfnbs,"e=1.1,h=10.0,n=30,start_thres=1.25",hub,0.25,10,15,40,1730,0,0,40,1730,0.0,0.0,0.0,0.0,0.1632713689045472
ni_tfnbs,"e=1.2,h=0.5,n=30,start_thres=1.25",hub,0.25,10,15,40,1730,0,0,40,1730,0.0,0.0,0.0,0.0,0.1632713689045472
ni_tfnbs,"e=1.2,h=1.0,n=30,start_thres=1.25",hub,0.25,10,15,40,1730,0,0,40,1730,0.0,0.0,0.0,0.0,0.1632713689045472
ni_tfnbs,"e=1.2,h=2.0,n=30,start_thres=1.25",hub,0.25,10,15,40,1730,0,0,40,1730,0.0,0.0,0.0,0.0,0.1632713689045472
ni_tfnbs,"e=1.2,h=3.0,n=30,start_thres=1.25",hub,0.25,10,15,40,1730,0,0,40,1730,0.0,0.0,0.0,0.0,0.1632713689045472
ni_tfnbs,"e=1.2,h=4.0,n=30,start_thres=1.25",hub,0.25,10,15,40,1730,0,0,40,1730,0.0,0.0,0.0,0.0,0.1632713689045472
ni_tfnbs,"e=1.2,h=5.0,n=30,start_thres=1.25",hub,0.25,10,15,40,1730,0,0,40,1730,0.0,0.0,0.0,0.0,0.1632713689045472
ni_tfnbs,"e=1.2,h=6.0,n=30,start_thres=1.25",hub,0.25,10,15,40,1730,0,0,40,1730,0.0,0.0,0.0,0.0,0.1632713689045472
ni_tfnbs,"e=1.2,h=7.0,n=30,start_thres=1.25",hub,0.25,10,15,40,1730,0,0,40,1730,0.0,0.0,0.0,0.0,0.1632713689045472
ni_tfnbs,"e=1.2,h=8.0,n=30,start_thres=1.25",hub,0.25,10,15,40,1730,0,0,40,1730,0.0,0.0,0.0,0.0,0.1632713689045472
ni_tfnbs,"e=1.2,h=9.0,n=30,start_thres=1.25",hub,0.25,10,15,40,1730,0,0,40,1730,0.0,0.0,0.0,0.0,0.1632713689045472
ni_tfnbs,"e=1.2,h=10.0,n=30,start_thres=1.25",hub,0.25,10,15,40,1730,0,0,40,1730,0.0,0.0,0.0,0.0,0.1632713689045472
ni_tfnbs,"e=1.3,h=0.5,n=30,start_thres=1.25",hub,0.25,10,15,40,1730,0,0,40,1730,0.0,0.0,0.0,0.0,0.1632713689045472
ni_tfnbs,"e=1.3,h=1.0,n=30,start_thres=1.25",hub,0.25,10,15,40,1730,0,0,40,1730,0.0,0.0,0.0,0.0,0.1632713689045472
ni_tfnbs,"e=1.3,h=2.0,n=30,start_thres=1.25",hub,0.25,10,15,40,1730,0,0,40,1730,0.0,0.0,0.0,0.0,0.1632713689045472
ni_tfnbs,"e=1.3,h=3.0,n=30,start_thres=1.25",hub,0.25,10,15,40,1730,0,0,40,1730,0.0,0.0,0.0,0.0,0.1632713689045472
ni_tfnbs,"e=1.3,h=4.0,n=30,start_thres=1.25",hub,0.25,10,15,40,1730,0,0,40,1730,0.0,0.0,0.0,0.0,0.1632713689045472
ni_tfnbs,"e=1.3,h=5.0,n=30,start_thres=1.25",hub,0.25,10,15,40,1730,0,0,40,1730,0.0,0.0,0.0,0.0,0.1632713689045472
ni_tfnbs,"e=1.3,h=6.0,n=30,start_thres=1.25",hub,0.25,10,15,40,1730,0,0,40,1730,0.0,0.0,0.0,0.0,0.1632713689045472
ni_tfnbs,"e=1.3,h=7.0,n=30,start_thres=1.25",hub,0.25,10,15,40,1730,0,0,40,1730,0.0,0.0,0.0,0.0,0.1632713689045472
ni_tfnbs,"e=1.3,h=8.0,n=30,start_thres=1.25",hub,0.25,10,15,40,1730,0,0,40,1730,0.0,0.0,0.0,0.0,0.1632713689045472
ni_tfnbs,"e=1.3,h=9.0,n=30,start_thres=1.25",hub,0.25,10,15,40,1730,0,0,40,1730,0.0,0.0,0.0,0.0,0.1632713689045472
ni_tfnbs,"e=1.3,h=10.0,n=30,start_thres=1.25",hub,0.25,10,15,40,1730,0,0,40,1730,0.0,0.0,0.0,0.0,0.1632713689045472
ni_tfnbs,"e=1.4,h=0.5,n=30,start_thres=1.25",hub,0.25,10,15,40,1730,0,0,40,1730,0.0,0.0,0.0,0.0,0.1632713689045472
ni_tfnbs,"e=1.4,h=1.0,n=30,start_thres=1.25",hub,0.25,10,15,40,1730,0,0,40,1730,0.0,0.0,0.0,0.0,0.1632713689045472
ni_tfnbs,"e=1.4,h=2.0,n=30,start_thres=1.25",hub,0.25,10,15,40,1730,0,0,40,1730,0.0,0.0,0.0,0.0,0.1632713689045472
ni_tfnbs,"e=1.4,h=3.0,n=30,start_thres=1.25",hub,0.25,10,15,40,1730,0,0,40,1730,0.0,0.0,0.0,0.0,0.1632713689045472
ni_tfnbs,"e=1.4,h=4.0,n=30,start_thres=1.25",hub,0.25,10,15,40,1730,0,0,40,1730,0.0,0.0,0.0,0.0,0.1632713689045472
ni_tfnbs,"e=1.4,h=5.0,n=30,start_thres=1.25",hub,0.25,10,15,40,1730,0,0,40,1730,0.0,0.0,0.0,0.0,0.1632713689045472
ni_tfnbs,"e=1.4,h=6.0,n=30,start_thres=1.25",hub,0.25,10,15,40,1730,0,0,40,1730,0.0,0.0,0.0,0.0,0.1632713689045472
ni_tfnbs,"e=1.4,h=7.0,n=30,start_thres=1.25",hub,0.25,10,15,40,1730,0,0,40,1730,0.0,0.0,0.0,0.0,0.1632713689045472
ni_tfnbs,"e=1.4,h=8.0,n=30,start_thres=1.25",hub,0.25,10,15,40,1730,0,0,40,1730,0.0,0.0,0.0,0.0,0.1632713689045472
ni_tfnbs,"e=1.4,h=9.0,n=30,start_thres=1.25",hub,0.25,10,15,40,1730,0,0,40,1730,0.0,0.0,0.0,0.0,0.1632713689045472
ni_tfnbs,"e=1.4,h=10.0,n=30,start_thres=1.25",hub,0.25,10,15,40,1730,0,0,40,1730,0.0,0.0,0.0,0.0,0.1632713689045472
ni_tfnbs,"e=1.5,h=0.5,n=30,start_thres=1.25",hub,0.25,10,15,40,1730,0,0,40,1730,0.0,0.0,0.0,0.0,0.1632713689045472
ni_tfnbs,"e=1.5,h=1.0,n=30,start_thres=1.25",hub,0.25,10,15,40,1730,0,0,40,1730,0.0,0.0,0.0,0.0,0.1632713689045472
ni_tfnbs,"e=1.5,h=2.0,n=30,start_thres=1.25",hub,0.25,10,15,40,1730,0,0,40,1730,0.0,0.0,0.0,0.0,0.1632713689045472
ni_tfnbs,"e=1.5,h=3.0,n=30,start_thres=1.25",hub,0.25,10,15,40,1730,0,0,40,1730,0.0,0.0,0.0,0.0,0.1632713689045472
ni_tfnbs,"e=1.5,h=4.0,n=30,start_thres=1.25",hub,0.25,10,15,40,1730,0,0,40,1730,0.0,0.0,0.0,0.0,0.1632713689045472
ni_tfnbs,"e=1.5,h=5.0,n=30,start_thres=1.25",hub,0.25,10,15,40,1730,0,0,40,1730,0.0,0.0,0.0,0.0,0.1632713689045472
ni_tfnbs,"e=1.5,h=6.0,n=30,start_thres=1.25",hub,0.25,10,15,40,1730,0,0,40,1730,0.0,0.0,0.0,0.0,0.1632713689045472
ni_tfnbs,"e=1.5,h=7.0,n=30,start_thres=1.25",hub,0.25,10,15,40,1730,0,0,40,1730,0.0,0.0,0.0,0.0,0.1632713689045472
ni_tfnbs,"e=1.5,h=8.0,n=30,start_thres=1.25",hub,0.25,10,15,40,1730,0,0,40,1730,0.0,0.0,0.0,0.0,0.1632713689045472
ni_tfnbs,"e=1.5,h=9.0,n=30,start_thres=1.25",hub,0.25,10,15,40,1730,0,0,40,1730,0.0,0.0,0.0,0.0,0.1632713689045472
ni_tfnbs,"e=1.5,h=10.0,n=30,start_thres=1.25",hub,0.25,10,15,40,1730,0,0,40,1730,0.0,0.0,0.0,0.0,0.1632713689045472
ni_tfnbs,"e=0.05,h=0.5,n=30,start_thres=1.25",hub,0.25,10,16,40,1730,0,1,40,1729,0.0,0.0005780346820809,0.0,1.0,0.1633679392662915
ni_tfnbs,"e=0.05,h=1.0,n=30,start_thres=1.25",hub,0.25,10,16,40,1730,0,1,40,1729,0.0,0.0005780346820809,0.0,1.0,0.1633679392662915
ni_tfnbs,"e=0.05,h=2.0,n=30,start_thres=1.25",hub,0.25,10,16,40,1730,0,1,40,1729,0.0,0.0005780346820809,0.0,1.0,0.1633679392662915
ni_tfnbs,"e=0.05,h=3.0,n=30,start_thres=1.25",hub,0.25,10,16,40,1730,0,1,40,1729,0.0,0.0005780346820809,0.0,1.0,0.1633679392662915
ni_tfnbs,"e=0.05,h=4.0,n=30,start_thres=1.25",hub,0.25,10,16,40,1730,0,1,40,1729,0.0,0.0005780346820809,0.0,1.0,0.1633679392662915
ni_tfnbs,"e=0.05,h=5.0,n=30,start_thres=1.25",hub,0.25,10,16,40,1730,0,1,40,1729,0.0,0.0005780346820809,0.0,1.0,0.1633679392662915
ni_tfnbs,"e=0.05,h=6.0,n=30,start_thres=1.25",hub,0.25,10,16,40,1730,0,1,40,1729,0.0,0.0005780346820809,0.0,1.0,0.1633679392662915
ni_tfnbs,"e=0.05,h=7.0,n=30,start_thres=1.25",hub,0.25,10,16,40,1730,0,1,40,1729,0.0,0.0005780346820809,0.0,1.0,0.1633679392662915
ni_tfnbs,"e=0.05,h=8.0,n=30,start_thres=1.25",hub,0.25,10,16,40,1730,0,1,40,1729,0.0,0.0005780346820809,0.0,1.0,0.1633679392662915
ni_tfnbs,"e=0.05,h=9.0,n=30,start_thres=1.25",hub,0.25,10,16,40,1730,0,1,40,1729,0.0,0.0005780346820809,0.0,1.0,0.1633679392662915
ni_tfnbs,"e=0.05,h=10.0,n=30,start_thres=1.25",hub,0.25,10,16,40,1730,0,1,40,1729,0.0,0.0005780346820809,0.0,1.0,0.1633679392662915
ni_tfnbs,"e=0.1,h=0.5,n=30,start_thres=1.25",hub,0.25,10,16,40,1730,0,1,40,1729,0.0,0.0005780346820809,0.0,1.0,0.1633679392662915
ni_tfnbs,"e=0.1,h=1.0,n=30,start_thres=1.25",hub,0.25,10,16,40,1730,0,1,40,1729,0.0,0.0005780346820809,0.0,1.0,0.1633679392662915
ni_tfnbs,"e=0.1,h=2.0,n=30,start_thres=1.25",hub,0.25,10,16,40,1730,0,1,40,1729,0.0,0.0005780346820809,0.0,1.0,0.1633679392662915
ni_tfnbs,"e=0.1,h=3.0,n=30,start_thres=1.25",hub,0.25,10,16,40,1730,0,1,40,1729,0.0,0.0005780346820809,0.0,1.0,0.1633679392662915
ni_tfnbs,"e=0.1,h=4.0,n=30,start_thres=1.25",hub,0.25,10,16,40,1730,0,1,40,1729,0.0,0.0005780346820809,0.0,1.0,0.1633679392662915
ni_tfnbs,"e=0.1,h=5.0,n=30,start_thres=1.25",hub,0.25,10,16,40,1730,0,1,40,1729,0.0,0.0005780346820809,0.0,1.0,0.1633679392662915
ni_tfnbs,"e=0.1,h=6.0,n=30,start_thres=1.25",hub,0.25,10,16,40,1730,0,1,40,1729,0.0,0.0005780346820809,0.0,1.0,0.1633679392662915
ni_tfnbs,"e=0.1,h=7.0,n=30,start_thres=1.25",hub,0.25,10,16,40,1730,0,1,40,1729,0.0,0.0005780346820809,0.0,1.0,0.1633679392662915
ni_tfnbs,"e=0.1,h=8.0,n=30,start_thres=1.25",hub,0.25,10,16,40,1730,0,1,40,1729,0.0,0.0005780346820809,0.0,1.0,0.1633679392662915
ni_tfnbs,"e=0.1,h=9.0,n=30,start_thres=1.25",hub,0.25,10,16,40,1730,0,1,40,1729,0.0,0.0005780346820809,0.0,1.0,0.1633679392662915
ni_tfnbs,"e=0.1,h=10.0,n=30,start_thres=1.25",hub,0.25,10,16,40,1730,0,1,40,1729,0.0,0.0005780346820809,0.0,1.0,0.1633679392662915
ni_tfnbs,"e=0.2,h=0.5,n=30,start_thres=1.25",hub,0.25,10,16,40,1730,0,1,40,1729,0.0,0.0005780346820809,0.0,1.0,0.1633679392662915
ni_tfnbs,"e=0.2,h=1.0,n=30,start_thres=1.25",hub,0.25,10,16,40,1730,0,1,40,1729,0.0,0.0005780346820809,0.0,1.0,0.1633679392662915
ni_tfnbs,"e=0.2,h=2.0,n=30,start_thres=1.25",hub,0.25,10,16,40,1730,0,1,40,1729,0.0,0.0005780346820809,0.0,1.0,0.1633679392662915
ni_tfnbs,"e=0.2,h=3.0,n=30,start_thres=1.25",hub,0.25,10,16,40,1730,0,1,40,1729,0.0,0.0005780346820809,0.0,1.0,0.1633679392662915
ni_tfnbs,"e=0.2,h=4.0,n=30,start_thres=1.25",hub,0.25,10,16,40,1730,0,1,40,1729,0.0,0.0005780346820809,0.0,1.0,0.1633679392662915
ni_tfnbs,"e=0.2,h=5.0,n=30,start_thres=1.25",hub,0.25,10,16,40,1730,0,1,40,1729,0.0,0.0005780346820809,0.0,1.0,0.1633679392662915
ni_tfnbs,"e=0.2,h=6.0,n=30,start_thres=1.25",hub,0.25,10,16,40,1730,0,1,40,1729,0.0,0.0005780346820809,0.0,1.0,0.1633679392662915
ni_tfnbs,"e=0.2,h=7.0,n=30,start_thres=1.25",hub,0.25,10,16,40,1730,0,1,40,1729,0.0,0.0005780346820809,0.0,1.0,0.1633679392662915
ni_tfnbs,"e=0.2,h=8.0,n=30,start_thres=1.25",hub,0.25,10,16,40,1730,0,1,40,1729,0.0,0.0005780346820809,0.0,1.0,0.1633679392662915
ni_tfnbs,"e=0.2,h=9.0,n=30,start_thres=1.25",hub,0.25,10,16,40,1730,0,1,40,1729,0.0,0.0005780346820809,0.0,1.0,0.1633679392662915
ni_tfnbs,"e=0.2,h=10.0,n=30,start_thres=1.25",hub,0.25,10,16,40,1730,0,1,40,1729,0.0,0.0005780346820809,0.0,1.0,0.1633679392662915
ni_tfnbs,"e=0.3,h=0.5,n=30,start_thres=1.25",hub,0.25,10,16,40,1730,0,1,40,1729,0.0,0.0005780346820809,0.0,1.0,0.1633679392662915
ni_tfnbs,"e=0.3,h=1.0,n=30,start_thres=1.25",hub,0.25,10,16,40,1730,0,1,40,1729,0.0,0.0005780346820809,0.0,1.0,0.1633679392662915
ni_tfnbs,"e=0.3,h=2.0,n=30,start_thres=1.25",hub,0.25,10,16,40,1730,0,1,40,1729,0.0,0.0005780346820809,0.0,1.0,0.1633679392662915
ni_tfnbs,"e=0.3,h=3.0,n=30,start_thres=1.25",hub,0.25,10,16,40,1730,0,1,40,1729,0.0,0.0005780346820809,0.0,1.0,0.1633679392662915
ni_tfnbs,"e=0.3,h=4.0,n=30,start_thres=1.25",hub,0.25,10,16,40,1730,0,1,40,1729,0.0,0.0005780346820809,0.0,1.0,0.1633679392662915
ni_tfnbs,"e=0.3,h=5.0,n=30,start_thres=1.25",hub,0.25,10,16,40,1730,0,1,40,1729,0.0,0.0005780346820809,0.0,1.0,0.1633679392662915
ni_tfnbs,"e=0.3,h=6.0,n=30,start_thres=1.25",hub,0.25,10,16,40,1730,0,1,40,1729,0.0,0.0005780346820809,0.0,1.0,0.1633679392662915
ni_tfnbs,"e=0.3,h=7.0,n=30,start_thres=1.25",hub,0.25,10,16,40,1730,0,1,40,1729,0.0,0.0005780346820809,0.0,1.0,0.1633679392662915
ni_tfnbs,"e=0.3,h=8.0,n=30,start_thres=1.25",hub,0.25,10,16,40,1730,0,1,40,1729,0.0,0.0005780346820809,0.0,1.0,0.1633679392662915
ni_tfnbs,"e=0.3,h=9.0,n=30,start_thres=1.25",hub,0.25,10,16,40,1730,0,1,40,1729,0.0,0.0005780346820809,0.0,1.0,0.1633679392662915
ni_tfnbs,"e=0.3,h=10.0,n=30,start_thres=1.25",hub,0.25,10,16,40,1730,0,1,40,1729,0.0,0.0005780346820809,0.0,1.0,0.1633679392662915
ni_tfnbs,"e=0.4,h=0.5,n=30,start_thres=1.25",hub,0.25,10,16,40,1730,0,1,40,1729,0.0,0.0005780346820809,0.0,1.0,0.1633679392662915
ni_tfnbs,"e=0.4,h=1.0,n=30,start_thres=1.25",hub,0.25,10,16,40,1730,0,1,40,1729,0.0,0.0005780346820809,0.0,1.0,0.1633679392662915
ni_tfnbs,"e=0.4,h=2.0,n=30,start_thres=1.25",hub,0.25,10,16,40,1730,0,1,40,1729,0.0,0.0005780346820809,0.0,1.0,0.1633679392662915
ni_tfnbs,"e=0.4,h=3.0,n=30,start_thres=1.25",hub,0.25,10,16,40,1730,0,1,40,1729,0.0,0.0005780346820809,0.0,1.0,0.1633679392662915
ni_tfnbs,"e=0.4,h=4.0,n=30,start_thres=1.25",hub,0.25,10,16,40,1730,0,1,40,1729,0.0,0.0005780346820809,0.0,1.0,0.1633679392662915
ni_tfnbs,"e=0.4,h=5.0,n=30,start_thres=1.25",hub,0.25,10,16,40,1730,0,1,40,1729,0.0,0.0005780346820809,0.0,1.0,0.1633679392662915
ni_tfnbs,"e=0.4,h=6.0,n=30,start_thres=1.25",hub,0.25,10,16,40,1730,0,1,40,1729,0.0,0.0005780346820809,0.0,1.0,0.1633679392662915
ni_tfnbs,"e=0.4,h=7.0,n=30,start_thres=1.25",hub,0.25,10,16,40,1730,0,1,40,1729,0.0,0.0005780346820809,0.0,1.0,0.1633679392662915
ni_tfnbs,"e=0.4,h=8.0,n=30,start_thres=1.25",hub,0.25,10,16,40,1730,0,1,40,1729,0.0,0.0005780346820809,0.0,1.0,0.1633679392662915
ni_tfnbs,"e=0.4,h=9.0,n=30,start_thres=1.25",hub,0.25,10,16,40,1730,0,1,40,1729,0.0,0.0005780346820809,0.0,1.0,0.1633679392662915
ni_tfnbs,"e=0.4,h=10.0,n=30,start_thres=1.25",hub,0.25,10,16,40,1730,0,1,40,1729,0.0,0.0005780346820809,0.0,1.0,0.1633679392662915
ni_tfnbs,"e=0.5,h=0.5,n=30,start_thres=1.25",hub,0.25,10,16,40,1730,0,1,40,1729,0.0,0.0005780346820809,0.0,1.0,0.1633679392662915
ni_tfnbs,"e=0.5,h=1.0,n=30,start_thres=1.25",hub,0.25,10,16,40,1730,0,1,40,1729,0.0,0.0005780346820809,0.0,1.0,0.1633679392662915
ni_tfnbs,"e=0.5,h=2.0,n=30,start_thres=1.25",hub,0.25,10,16,40,1730,0,1,40,1729,0.0,0.0005780346820809,0.0,1.0,0.1633679392662915
ni_tfnbs,"e=0.5,h=3.0,n=30,start_thres=1.25",hub,0.25,10,16,40,1730,0,1,40,1729,0.0,0.0005780346820809,0.0,1.0,0.1633679392662915
ni_tfnbs,"e=0.5,h=4.0,n=30,start_thres=1.25",hub,0.25,10,16,40,1730,0,1,40,1729,0.0,0.0005780346820809,0.0,1.0,0.1633679392662915
ni_tfnbs,"e=0.5,h=5.0,n=30,start_thres=1.25",hub,0.25,10,16,40,1730,0,1,40,1729,0.0,0.0005780346820809,0.0,1.0,0.1633679392662915
ni_tfnbs,"e=0.5,h=6.0,n=30,start_thres=1.25",hub,0.25,10,16,40,1730,0,1,40,1729,0.0,0.0005780346820809,0.0,1.0,0.1633679392662915
ni_tfnbs,"e=0.5,h=7.0,n=30,start_thres=1.25",hub,0.25,10,16,40,1730,0,1,40,1729,0.0,0.0005780346820809,0.0,1.0,0.1633679392662915
ni_tfnbs,"e=0.5,h=8.0,n=30,start_thres=1.25",hub,0.25,10,16,40,1730,0,1,40,1729,0.0,0.0005780346820809,0.0,1.0,0.1633679392662915
ni_tfnbs,"e=0.5,h=9.0,n=30,start_thres=1.25",hub,0.25,10,16,40,1730,0,1,40,1729,0.0,0.0005780346820809,0.0,1.0,0.1633679392662915
ni_tfnbs,"e=0.5,h=10.0,n=30,start_thres=1.25",hub,0.25,10,16,40,1730,0,1,40,1729,0.0,0.0005780346820809,0.0,1.0,0.1633679392662915
ni_tfnbs,"e=0.6,h=0.5,n=30,start_thres=1.25",hub,0.25,10,16,40,1730,0,1,40,1729,0.0,0.0005780346820809,0.0,1.0,0.1633679392662915
ni_tfnbs,"e=0.6,h=1.0,n=30,start_thres=1.25",hub,0.25,10,16,40,1730,0,1,40,1729,0.0,0.0005780346820809,0.0,1.0,0.1633679392662915
ni_tfnbs,"e=0.6,h=2.0,n=30,start_thres=1.25",hub,0.25,10,16,40,1730,0,1,40,1729,0.0,0.0005780346820809,0.0,1.0,0.1633679392662915
ni_tfnbs,"e=0.6,h=3.0,n=30,start_thres=1.25",hub,0.25,10,16,40,1730,0,1,40,1729,0.0,0.0005780346820809,0.0,1.0,0.1633679392662915
ni_tfnbs,"e=0.6,h=4.0,n=30,start_thres=1.25",hub,0.25,10,16,40,1730,0,1,40,1729,0.0,0.0005780346820809,0.0,1.0,0.1633679392662915
ni_tfnbs,"e=0.6,h=5.0,n=30,start_thres=1.25",hub,0.25,10,16,40,1730,0,1,40,1729,0.0,0.0005780346820809,0.0,1.0,0.1633679392662915
ni_tfnbs,"e=0.6,h=6.0,n=30,start_thres=1.25",hub,0.25,10,16,40,1730,0,1,40,1729,0.0,0.0005780346820809,0.0,1.0,0.1633679392662915
ni_tfnbs,"e=0.6,h=7.0,n=30,start_thres=1.25",hub,0.25,10,16,40,1730,0,1,40,1729,0.0,0.0005780346820809,0.0,1.0,0.1633679392662915
ni_tfnbs,"e=0.6,h=8.0,n=30,start_thres=1.25",hub,0.25,10,16,40,1730,0,1,40,1729,0.0,0.0005780346820809,0.0,1.0,0.1633679392662915
ni_tfnbs,"e=0.6,h=9.0,n=30,start_thres=1.25",hub,0.25,10,16,40,1730,0,1,40,1729,0.0,0.0005780346820809,0.0,1.0,0.1633679392662915
ni_tfnbs,"e=0.6,h=10.0,n=30,start_thres=1.25",hub,0.25,10,16,40,1730,0,1,40,1729,0.0,0.0005780346820809,0.0,1.0,0.1633679392662915
ni_tfnbs,"e=0.7,h=0.5,n=30,start_thres=1.25",hub,0.25,10,16,40,1730,0,1,40,1729,0.0,0.0005780346820809,0.0,1.0,0.1633679392662915
ni_tfnbs,"e=0.7,h=1.0,n=30,start_thres=1.25",hub,0.25,10,16,40,1730,0,1,40,1729,0.0,0.0005780346820809,0.0,1.0,0.1633679392662915
ni_tfnbs,"e=0.7,h=2.0,n=30,start_thres=1.25",hub,0.25,10,16,40,1730,0,1,40,1729,0.0,0.0005780346820809,0.0,1.0,0.1633679392662915
ni_tfnbs,"e=0.7,h=3.0,n=30,start_thres=1.25",hub,0.25,10,16,40,1730,0,1,40,1729,0.0,0.0005780346820809,0.0,1.0,0.1633679392662915
ni_tfnbs,"e=0.7,h=4.0,n=30,start_thres=1.25",hub,0.25,10,16,40,1730,0,1,40,1729,0.0,0.0005780346820809,0.0,1.0,0.1633679392662915
ni_tfnbs,"e=0.7,h=5.0,n=30,start_thres=1.25",hub,0.25,10,16,40,1730,0,1,40,1729,0.0,0.0005780346820809,0.0,1.0,0.1633679392662915
ni_tfnbs,"e=0.7,h=6.0,n=30,start_thres=1.25",hub,0.25,10,16,40,1730,0,1,40,1729,0.0,0.0005780346820809,0.0,1.0,0.1633679392662915
ni_tfnbs,"e=0.7,h=7.0,n=30,start_thres=1.25",hub,0.25,10,16,40,1730,0,1,40,1729,0.0,0.0005780346820809,0.0,1.0,0.1633679392662915
ni_tfnbs,"e=0.7,h=8.0,n=30,start_thres=1.25",hub,0.25,10,16,40,1730,0,1,40,1729,0.0,0.0005780346820809,0.0,1.0,0.1633679392662915
ni_tfnbs,"e=0.7,h=9.0,n=30,start_thres=1.25",hub,0.25,10,16,40,1730,0,1,40,1729,0.0,0.0005780346820809,0.0,1.0,0.1633679392662915
ni_tfnbs,"e=0.7,h=10.0,n=30,start_thres=1.25",hub,0.25,10,16,40,1730,0,1,40,1729,0.0,0.0005780346820809,0.0,1.0,0.1633679392662915
ni_tfnbs,"e=0.8,h=0.5,n=30,start_thres=1.25",hub,0.25,10,16,40,1730,0,1,40,1729,0.0,0.0005780346820809,0.0,1.0,0.1633679392662915
ni_tfnbs,"e=0.8,h=1.0,n=30,start_thres=1.25",hub,0.25,10,16,40,1730,0,1,40,1729,0.0,0.0005780346820809,0.0,1.0,0.1633679392662915
ni_tfnbs,"e=0.8,h=2.0,n=30,start_thres=1.25",hub,0.25,10,16,40,1730,0,1,40,1729,0.0,0.0005780346820809,0.0,1.0,0.1633679392662915
ni_tfnbs,"e=0.8,h=3.0,n=30,start_thres=1.25",hub,0.25,10,16,40,1730,0,1,40,1729,0.0,0.0005780346820809,0.0,1.0,0.1633679392662915
ni_tfnbs,"e=0.8,h=4.0,n=30,start_thres=1.25",hub,0.25,10,16,40,1730,0,1,40,1729,0.0,0.0005780346820809,0.0,1.0,0.1633679392662915
ni_tfnbs,"e=0.8,h=5.0,n=30,start_thres=1.25",hub,0.25,10,16,40,1730,0,1,40,1729,0.0,0.0005780346820809,0.0,1.0,0.1633679392662915
ni_tfnbs,"e=0.8,h=6.0,n=30,start_thres=1.25",hub,0.25,10,16,40,1730,0,1,40,1729,0.0,0.0005780346820809,0.0,1.0,0.1633679392662915
ni_tfnbs,"e=0.8,h=7.0,n=30,start_thres=1.25",hub,0.25,10,16,40,1730,0,1,40,1729,0.0,0.0005780346820809,0.0,1.0,0.1633679392662915
ni_tfnbs,"e=0.8,h=8.0,n=30,start_thres=1.25",hub,0.25,10,16,40,1730,0,1,40,1729,0.0,0.0005780346820809,0.0,1.0,0.1633679392662915
ni_tfnbs,"e=0.8,h=9.0,n=30,start_thres=1.25",hub,0.25,10,16,40,1730,0,1,40,1729,0.0,0.0005780346820809,0.0,1.0,0.1633679392662915
ni_tfnbs,"e=0.8,h=10.0,n=30,start_thres=1.25",hub,0.25,10,16,40,1730,0,1,40,1729,0.0,0.0005780346820809,0.0,1.0,0.1633679392662915
ni_tfnbs,"e=0.9,h=0.5,n=30,start_thres=1.25",hub,0.25,10,16,40,1730,0,1,40,1729,0.0,0.0005780346820809,0.0,1.0,0.1633679392662915
ni_tfnbs,"e=0.9,h=1.0,n=30,start_thres=1.25",hub,0.25,10,16,40,1730,0,1,40,1729,0.0,0.0005780346820809,0.0,1.0,0.1633679392662915
ni_tfnbs,"e=0.9,h=2.0,n=30,start_thres=1.25",hub,0.25,10,16,40,1730,0,1,40,1729,0.0,0.0005780346820809,0.0,1.0,0.1633679392662915
ni_tfnbs,"e=0.9,h=3.0,n=30,start_thres=1.25",hub,0.25,10,16,40,1730,0,1,40,1729,0.0,0.0005780346820809,0.0,1.0,0.1633679392662915
ni_tfnbs,"e=0.9,h=4.0,n=30,start_thres=1.25",hub,0.25,10,16,40,1730,0,1,40,1729,0.0,0.0005780346820809,0.0,1.0,0.1633679392662915
ni_tfnbs,"e=0.9,h=5.0,n=30,start_thres=1.25",hub,0.25,10,16,40,1730,0,1,40,1729,0.0,0.0005780346820809,0.0,1.0,0.1633679392662915
ni_tfnbs,"e=0.9,h=6.0,n=30,start_thres=1.25",hub,0.25,10,16,40,1730,0,1,40,1729,0.0,0.0005780346820809,0.0,1.0,0.1633679392662915
ni_tfnbs,"e=0.9,h=7.0,n=30,start_thres=1.25",hub,0.25,10,16,40,1730,0,1,40,1729,0.0,0.0005780346820809,0.0,1.0,0.1633679392662915
ni_tfnbs,"e=0.9,h=8.0,n=30,start_thres=1.25",hub,0.25,10,16,40,1730,0,1,40,1729,0.0,0.0005780346820809,0.0,1.0,0.1633679392662915
ni_tfnbs,"e=0.9,h=9.0,n=30,start_thres=1.25",hub,0.25,10,16,40,1730,0,1,40,1729,0.0,0.0005780346820809,0.0,1.0,0.1633679392662915
ni_tfnbs,"e=0.9,h=10.0,n=30,start_thres=1.25",hub,0.25,10,16,40,1730,0,1,40,1729,0.0,0.0005780346820809,0.0,1.0,0.1633679392662915
ni_tfnbs,"e=1.0,h=0.5,n=30,start_thres=1.25",hub,0.25,10,16,40,1730,0,1,40,1729,0.0,0.0005780346820809,0.0,1.0,0.1633679392662915
ni_tfnbs,"e=1.0,h=1.0,n=30,start_thres=1.25",hub,0.25,10,16,40,1730,0,1,40,1729,0.0,0.0005780346820809,0.0,1.0,0.1633679392662915
ni_tfnbs,"e=1.0,h=2.0,n=30,start_thres=1.25",hub,0.25,10,16,40,1730,0,1,40,1729,0.0,0.0005780346820809,0.0,1.0,0.1633679392662915
ni_tfnbs,"e=1.0,h=3.0,n=30,start_thres=1.25",hub,0.25,10,16,40,1730,0,1,40,1729,0.0,0.0005780346820809,0.0,1.0,0.1633679392662915
ni_tfnbs,"e=1.0,h=4.0,n=30,start_thres=1.25",hub,0.25,10,16,40,1730,0,1,40,1729,0.0,0.0005780346820809,0.0,1.0,0.1633679392662915
ni_tfnbs,"e=1.0,h=5.0,n=30,start_thres=1.25",hub,0.25,10,16,40,1730,0,1,40,1729,0.0,0.0005780346820809,0.0,1.0,0.1633679392662915
ni_tfnbs,"e=1.0,h=6.0,n=30,start_thres=1.25",hub,0.25,10,16,40,1730,0,1,40,1729,0.0,0.0005780346820809,0.0,1.0,0.1633679392662915
ni_tfnbs,"e=1.0,h=7.0,n=30,start_thres=1.25",hub,0.25,10,16,40,1730,0,1,40,1729,0.0,0.0005780346820809,0.0,1.0,0.1633679392662915
ni_tfnbs,"e=1.0,h=8.0,n=30,start_thres=1.25",hub,0.25,10,16,40,1730,0,1,40,1729,0.0,0.0005780346820809,0.0,1.0,0.1633679392662915
ni_tfnbs,"e=1.0,h=9.0,n=30,start_thres=1.25",hub,0.25,10,16,40,1730,0,1,40,1729,0.0,0.0005780346820809,0.0,1.0,0.1633679392662915
ni_tfnbs,"e=1.0,h=10.0,n=30,start_thres=1.25",hub,0.25,10,16,40,1730,0,1,40,1729,0.0,0.0005780346820809,0.0,1.0,0.1633679392662915
ni_tfnbs,"e=1.1,h=0.5,n=30,start_thres=1.25",hub,0.25,10,16,40,1730,0,0,40,1730,0.0,0.0,0.0,0.0,0.1633679392662915
ni_tfnbs,"e=1.1,h=1.0,n=30,start_thres=1.25",hub,0.25,10,16,40,1730,0,1,40,1729,0.0,0.0005780346820809,0.0,1.0,0.1633679392662915
ni_tfnbs,"e=1.1,h=2.0,n=30,start_thres=1.25",hub,0.25,10,16,40,1730,0,1,40,1729,0.0,0.0005780346820809,0.0,1.0,0.1633679392662915
ni_tfnbs,"e=1.1,h=3.0,n=30,start_thres=1.25",hub,0.25,10,16,40,1730,0,1,40,1729,0.0,0.0005780346820809,0.0,1.0,0.1633679392662915
ni_tfnbs,"e=1.1,h=4.0,n=30,start_thres=1.25",hub,0.25,10,16,40,1730,0,1,40,1729,0.0,0.0005780346820809,0.0,1.0,0.1633679392662915
ni_tfnbs,"e=1.1,h=5.0,n=30,start_thres=1.25",hub,0.25,10,16,40,1730,0,1,40,1729,0.0,0.0005780346820809,0.0,1.0,0.1633679392662915
ni_tfnbs,"e=1.1,h=6.0,n=30,start_thres=1.25",hub,0.25,10,16,40,1730,0,1,40,1729,0.0,0.0005780346820809,0.0,1.0,0.1633679392662915
ni_tfnbs,"e=1.1,h=7.0,n=30,start_thres=1.25",hub,0.25,10,16,40,1730,0,1,40,1729,0.0,0.0005780346820809,0.0,1.0,0.1633679392662915
ni_tfnbs,"e=1.1,h=8.0,n=30,start_thres=1.25",hub,0.25,10,16,40,1730,0,1,40,1729,0.0,0.0005780346820809,0.0,1.0,0.1633679392662915
ni_tfnbs,"e=1.1,h=9.0,n=30,start_thres=1.25",hub,0.25,10,16,40,1730,0,1,40,1729,0.0,0.0005780346820809,0.0,1.0,0.1633679392662915
ni_tfnbs,"e=1.1,h=10.0,n=30,start_thres=1.25",hub,0.25,10,16,40,1730,0,1,40,1729,0.0,0.0005780346820809,0.0,1.0,0.1633679392662915
ni_tfnbs,"e=1.2,h=0.5,n=30,start_thres=1.25",hub,0.25,10,16,40,1730,0,0,40,1730,0.0,0.0,0.0,0.0,0.1633679392662915
ni_tfnbs,"e=1.2,h=1.0,n=30,start_thres=1.25",hub,0.25,10,16,40,1730,0,1,40,1729,0.0,0.0005780346820809,0.0,1.0,0.1633679392662915
ni_tfnbs,"e=1.2,h=2.0,n=30,start_thres=1.25",hub,0.25,10,16,40,1730,0,1,40,1729,0.0,0.0005780346820809,0.0,1.0,0.1633679392662915
ni_tfnbs,"e=1.2,h=3.0,n=30,start_thres=1.25",hub,0.25,10,16,40,1730,0,1,40,1729,0.0,0.0005780346820809,0.0,1.0,0.1633679392662915
ni_tfnbs,"e=1.2,h=4.0,n=30,start_thres=1.25",hub,0.25,10,16,40,1730,0,1,40,1729,0.0,0.0005780346820809,0.0,1.0,0.1633679392662915
ni_tfnbs,"e=1.2,h=5.0,n=30,start_thres=1.25",hub,0.25,10,16,40,1730,0,1,40,1729,0.0,0.0005780346820809,0.0,1.0,0.1633679392662915
ni_tfnbs,"e=1.2,h=6.0,n=30,start_thres=1.25",hub,0.25,10,16,40,1730,0,1,40,1729,0.0,0.0005780346820809,0.0,1.0,0.1633679392662915
ni_tfnbs,"e=1.2,h=7.0,n=30,start_thres=1.25",hub,0.25,10,16,40,1730,0,1,40,1729,0.0,0.0005780346820809,0.0,1.0,0.1633679392662915
ni_tfnbs,"e=1.2,h=8.0,n=30,start_thres=1.25",hub,0.25,10,16,40,1730,0,1,40,1729,0.0,0.0005780346820809,0.0,1.0,0.1633679392662915
ni_tfnbs,"e=1.2,h=9.0,n=30,start_thres=1.25",hub,0.25,10,16,40,1730,0,1,40,1729,0.0,0.0005780346820809,0.0,1.0,0.1633679392662915
ni_tfnbs,"e=1.2,h=10.0,n=30,start_thres=1.25",hub,0.25,10,16,40,1730,0,1,40,1729,0.0,0.0005780346820809,0.0,1.0,0.1633679392662915
ni_tfnbs,"e=1.3,h=0.5,n=30,start_thres=1.25",hub,0.25,10,16,40,1730,0,0,40,1730,0.0,0.0,0.0,0.0,0.1633679392662915
ni_tfnbs,"e=1.3,h=1.0,n=30,start_thres=1.25",hub,0.25,10,16,40,1730,0,0,40,1730,0.0,0.0,0.0,0.0,0.1633679392662915
ni_tfnbs,"e=1.3,h=2.0,n=30,start_thres=1.25",hub,0.25,10,16,40,1730,0,1,40,1729,0.0,0.0005780346820809,0.0,1.0,0.1633679392662915
ni_tfnbs,"e=1.3,h=3.0,n=30,start_thres=1.25",hub,0.25,10,16,40,1730,0,1,40,1729,0.0,0.0005780346820809,0.0,1.0,0.1633679392662915
ni_tfnbs,"e=1.3,h=4.0,n=30,start_thres=1.25",hub,0.25,10,16,40,1730,0,1,40,1729,0.0,0.0005780346820809,0.0,1.0,0.1633679392662915
ni_tfnbs,"e=1.3,h=5.0,n=30,start_thres=1.25",hub,0.25,10,16,40,1730,0,1,40,1729,0.0,0.0005780346820809,0.0,1.0,0.1633679392662915
ni_tfnbs,"e=1.3,h=6.0,n=30,start_thres=1.25",hub,0.25,10,16,40,1730,0,1,40,1729,0.0,0.0005780346820809,0.0,1.0,0.1633679392662915
ni_tfnbs,"e=1.3,h=7.0,n=30,start_thres=1.25",hub,0.25,10,16,40,1730,0,1,40,1729,0.0,0.0005780346820809,0.0,1.0,0.1633679392662915
ni_tfnbs,"e=1.3,h=8.0,n=30,start_thres=1.25",hub,0.25,10,16,40,1730,0,1,40,1729,0.0,0.0005780346820809,0.0,1.0,0.1633679392662915
ni_tfnbs,"e=1.3,h=9.0,n=30,start_thres=1.25",hub,0.25,10,16,40,1730,0,1,40,1729,0.0,0.0005780346820809,0.0,1.0,0.1633679392662915
ni_tfnbs,"e=1.3,h=10.0,n=30,start_thres=1.25",hub,0.25,10,16,40,1730,0,1,40,1729,0.0,0.0005780346820809,0.0,1.0,0.1633679392662915
ni_tfnbs,"e=1.4,h=0.5,n=30,start_thres=1.25",hub,0.25,10,16,40,1730,0,0,40,1730,0.0,0.0,0.0,0.0,0.1633679392662915
ni_tfnbs,"e=1.4,h=1.0,n=30,start_thres=1.25",hub,0.25,10,16,40,1730,0,0,40,1730,0.0,0.0,0.0,0.0,0.1633679392662915
ni_tfnbs,"e=1.4,h=2.0,n=30,start_thres=1.25",hub,0.25,10,16,40,1730,0,1,40,1729,0.0,0.0005780346820809,0.0,1.0,0.1633679392662915
ni_tfnbs,"e=1.4,h=3.0,n=30,start_thres=1.25",hub,0.25,10,16,40,1730,0,1,40,1729,0.0,0.0005780346820809,0.0,1.0,0.1633679392662915
ni_tfnbs,"e=1.4,h=4.0,n=30,start_thres=1.25",hub,0.25,10,16,40,1730,0,1,40,1729,0.0,0.0005780346820809,0.0,1.0,0.1633679392662915
ni_tfnbs,"e=1.4,h=5.0,n=30,start_thres=1.25",hub,0.25,10,16,40,1730,0,1,40,1729,0.0,0.0005780346820809,0.0,1.0,0.1633679392662915
ni_tfnbs,"e=1.4,h=6.0,n=30,start_thres=1.25",hub,0.25,10,16,40,1730,0,1,40,1729,0.0,0.0005780346820809,0.0,1.0,0.1633679392662915
ni_tfnbs,"e=1.4,h=7.0,n=30,start_thres=1.25",hub,0.25,10,16,40,1730,0,1,40,1729,0.0,0.0005780346820809,0.0,1.0,0.1633679392662915
ni_tfnbs,"e=1.4,h=8.0,n=30,start_thres=1.25",hub,0.25,10,16,40,1730,0,1,40,1729,0.0,0.0005780346820809,0.0,1.0,0.1633679392662915
ni_tfnbs,"e=1.4,h=9.0,n=30,start_thres=1.25",hub,0.25,10,16,40,1730,0,1,40,1729,0.0,0.0005780346820809,0.0,1.0,0.1633679392662915
ni_tfnbs,"e=1.4,h=10.0,n=30,start_thres=1.25",hub,0.25,10,16,40,1730,0,1,40,1729,0.0,0.0005780346820809,0.0,1.0,0.1633679392662915
ni_tfnbs,"e=1.5,h=0.5,n=30,start_thres=1.25",hub,0.25,10,16,40,1730,0,0,40,1730,0.0,0.0,0.0,0.0,0.1633679392662915
ni_tfnbs,"e=1.5,h=1.0,n=30,start_thres=1.25",hub,0.25,10,16,40,1730,0,0,40,1730,0.0,0.0,0.0,0.0,0.1633679392662915
ni_tfnbs,"e=1.5,h=2.0,n=30,start_thres=1.25",hub,0.25,10,16,40,1730,0,1,40,1729,0.0,0.0005780346820809,0.0,1.0,0.1633679392662915
ni_tfnbs,"e=1.5,h=3.0,n=30,start_thres=1.25",hub,0.25,10,16,40,1730,0,1,40,1729,0.0,0.0005780346820809,0.0,1.0,0.1633679392662915
ni_tfnbs,"e=1.5,h=4.0,n=30,start_thres=1.25",hub,0.25,10,16,40,1730,0,1,40,1729,0.0,0.0005780346820809,0.0,1.0,0.1633679392662915
ni_tfnbs,"e=1.5,h=5.0,n=30,start_thres=1.25",hub,0.25,10,16,40,1730,0,1,40,1729,0.0,0.0005780346820809,0.0,1.0,0.1633679392662915
ni_tfnbs,"e=1.5,h=6.0,n=30,start_thres=1.25",hub,0.25,10,16,40,1730,0,1,40,1729,0.0,0.0005780346820809,0.0,1.0,0.1633679392662915
ni_tfnbs,"e=1.5,h=7.0,n=30,start_thres=1.25",hub,0.25,10,16,40,1730,0,1,40,1729,0.0,0.0005780346820809,0.0,1.0,0.1633679392662915
ni_tfnbs,"e=1.5,h=8.0,n=30,start_thres=1.25",hub,0.25,10,16,40,1730,0,1,40,1729,0.0,0.0005780346820809,0.0,1.0,0.1633679392662915
ni_tfnbs,"e=1.5,h=9.0,n=30,start_thres=1.25",hub,0.25,10,16,40,1730,0,1,40,1729,0.0,0.0005780346820809,0.0,1.0,0.1633679392662915
ni_tfnbs,"e=1.5,h=10.0,n=30,start_thres=1.25",hub,0.25,10,16,40,1730,0,1,40,1729,0.0,0.0005780346820809,0.0,1.0,0.1633679392662915
ni_tfnbs,"e=0.05,h=0.5,n=30,start_thres=1.25",hub,0.25,10,17,40,1730,0,0,40,1730,0.0,0.0,0.0,0.0,0.1644244370135394
ni_tfnbs,"e=0.05,h=1.0,n=30,start_thres=1.25",hub,0.25,10,17,40,1730,0,0,40,1730,0.0,0.0,0.0,0.0,0.1644244370135394
ni_tfnbs,"e=0.05,h=2.0,n=30,start_thres=1.25",hub,0.25,10,17,40,1730,0,0,40,1730,0.0,0.0,0.0,0.0,0.1644244370135394
ni_tfnbs,"e=0.05,h=3.0,n=30,start_thres=1.25",hub,0.25,10,17,40,1730,0,0,40,1730,0.0,0.0,0.0,0.0,0.1644244370135394
ni_tfnbs,"e=0.05,h=4.0,n=30,start_thres=1.25",hub,0.25,10,17,40,1730,0,0,40,1730,0.0,0.0,0.0,0.0,0.1644244370135394
ni_tfnbs,"e=0.05,h=5.0,n=30,start_thres=1.25",hub,0.25,10,17,40,1730,0,0,40,1730,0.0,0.0,0.0,0.0,0.1644244370135394
ni_tfnbs,"e=0.05,h=6.0,n=30,start_thres=1.25",hub,0.25,10,17,40,1730,0,0,40,1730,0.0,0.0,0.0,0.0,0.1644244370135394
ni_tfnbs,"e=0.05,h=7.0,n=30,start_thres=1.25",hub,0.25,10,17,40,1730,0,0,40,1730,0.0,0.0,0.0,0.0,0.1644244370135394
ni_tfnbs,"e=0.05,h=8.0,n=30,start_thres=1.25",hub,0.25,10,17,40,1730,0,0,40,1730,0.0,0.0,0.0,0.0,0.1644244370135394
ni_tfnbs,"e=0.05,h=9.0,n=30,start_thres=1.25",hub,0.25,10,17,40,1730,0,0,40,1730,0.0,0.0,0.0,0.0,0.1644244370135394
ni_tfnbs,"e=0.05,h=10.0,n=30,start_thres=1.25",hub,0.25,10,17,40,1730,0,0,40,1730,0.0,0.0,0.0,0.0,0.1644244370135394
ni_tfnbs,"e=0.1,h=0.5,n=30,start_thres=1.25",hub,0.25,10,17,40,1730,0,0,40,1730,0.0,0.0,0.0,0.0,0.1644244370135394
ni_tfnbs,"e=0.1,h=1.0,n=30,start_thres=1.25",hub,0.25,10,17,40,1730,0,0,40,1730,0.0,0.0,0.0,0.0,0.1644244370135394
ni_tfnbs,"e=0.1,h=2.0,n=30,start_thres=1.25",hub,0.25,10,17,40,1730,0,0,40,1730,0.0,0.0,0.0,0.0,0.1644244370135394
ni_tfnbs,"e=0.1,h=3.0,n=30,start_thres=1.25",hub,0.25,10,17,40,1730,0,0,40,1730,0.0,0.0,0.0,0.0,0.1644244370135394
ni_tfnbs,"e=0.1,h=4.0,n=30,start_thres=1.25",hub,0.25,10,17,40,1730,0,0,40,1730,0.0,0.0,0.0,0.0,0.1644244370135394
ni_tfnbs,"e=0.1,h=5.0,n=30,start_thres=1.25",hub,0.25,10,17,40,1730,0,0,40,1730,0.0,0.0,0.0,0.0,0.1644244370135394
ni_tfnbs,"e=0.1,h=6.0,n=30,start_thres=1.25",hub,0.25,10,17,40,1730,0,0,40,1730,0.0,0.0,0.0,0.0,0.1644244370135394
ni_tfnbs,"e=0.1,h=7.0,n=30,start_thres=1.25",hub,0.25,10,17,40,1730,0,0,40,1730,0.0,0.0,0.0,0.0,0.1644244370135394
ni_tfnbs,"e=0.1,h=8.0,n=30,start_thres=1.25",hub,0.25,10,17,40,1730,0,0,40,1730,0.0,0.0,0.0,0.0,0.1644244370135394
ni_tfnbs,"e=0.1,h=9.0,n=30,start_thres=1.25",hub,0.25,10,17,40,1730,0,0,40,1730,0.0,0.0,0.0,0.0,0.1644244370135394
ni_tfnbs,"e=0.1,h=10.0,n=30,start_thres=1.25",hub,0.25,10,17,40,1730,0,0,40,1730,0.0,0.0,0.0,0.0,0.1644244370135394
ni_tfnbs,"e=0.2,h=0.5,n=30,start_thres=1.25",hub,0.25,10,17,40,1730,0,0,40,1730,0.0,0.0,0.0,0.0,0.1644244370135394
ni_tfnbs,"e=0.2,h=1.0,n=30,start_thres=1.25",hub,0.25,10,17,40,1730,0,0,40,1730,0.0,0.0,0.0,0.0,0.1644244370135394
ni_tfnbs,"e=0.2,h=2.0,n=30,start_thres=1.25",hub,0.25,10,17,40,1730,0,0,40,1730,0.0,0.0,0.0,0.0,0.1644244370135394
ni_tfnbs,"e=0.2,h=3.0,n=30,start_thres=1.25",hub,0.25,10,17,40,1730,0,0,40,1730,0.0,0.0,0.0,0.0,0.1644244370135394
ni_tfnbs,"e=0.2,h=4.0,n=30,start_thres=1.25",hub,0.25,10,17,40,1730,0,0,40,1730,0.0,0.0,0.0,0.0,0.1644244370135394
ni_tfnbs,"e=0.2,h=5.0,n=30,start_thres=1.25",hub,0.25,10,17,40,1730,0,0,40,1730,0.0,0.0,0.0,0.0,0.1644244370135394
ni_tfnbs,"e=0.2,h=6.0,n=30,start_thres=1.25",hub,0.25,10,17,40,1730,0,0,40,1730,0.0,0.0,0.0,0.0,0.1644244370135394
ni_tfnbs,"e=0.2,h=7.0,n=30,start_thres=1.25",hub,0.25,10,17,40,1730,0,0,40,1730,0.0,0.0,0.0,0.0,0.1644244370135394
ni_tfnbs,"e=0.2,h=8.0,n=30,start_thres=1.25",hub,0.25,10,17,40,1730,0,0,40,1730,0.0,0.0,0.0,0.0,0.1644244370135394
ni_tfnbs,"e=0.2,h=9.0,n=30,start_thres=1.25",hub,0.25,10,17,40,1730,0,0,40,1730,0.0,0.0,0.0,0.0,0.1644244370135394
ni_tfnbs,"e=0.2,h=10.0,n=30,start_thres=1.25",hub,0.25,10,17,40,1730,0,0,40,1730,0.0,0.0,0.0,0.0,0.1644244370135394
ni_tfnbs,"e=0.3,h=0.5,n=30,start_thres=1.25",hub,0.25,10,17,40,1730,0,0,40,1730,0.0,0.0,0.0,0.0,0.1644244370135394
ni_tfnbs,"e=0.3,h=1.0,n=30,start_thres=1.25",hub,0.25,10,17,40,1730,0,0,40,1730,0.0,0.0,0.0,0.0,0.1644244370135394
ni_tfnbs,"e=0.3,h=2.0,n=30,start_thres=1.25",hub,0.25,10,17,40,1730,0,0,40,1730,0.0,0.0,0.0,0.0,0.1644244370135394
ni_tfnbs,"e=0.3,h=3.0,n=30,start_thres=1.25",hub,0.25,10,17,40,1730,0,0,40,1730,0.0,0.0,0.0,0.0,0.1644244370135394
ni_tfnbs,"e=0.3,h=4.0,n=30,start_thres=1.25",hub,0.25,10,17,40,1730,0,0,40,1730,0.0,0.0,0.0,0.0,0.1644244370135394
ni_tfnbs,"e=0.3,h=5.0,n=30,start_thres=1.25",hub,0.25,10,17,40,1730,0,0,40,1730,0.0,0.0,0.0,0.0,0.1644244370135394
ni_tfnbs,"e=0.3,h=6.0,n=30,start_thres=1.25",hub,0.25,10,17,40,1730,0,0,40,1730,0.0,0.0,0.0,0.0,0.1644244370135394
ni_tfnbs,"e=0.3,h=7.0,n=30,start_thres=1.25",hub,0.25,10,17,40,1730,0,0,40,1730,0.0,0.0,0.0,0.0,0.1644244370135394
ni_tfnbs,"e=0.3,h=8.0,n=30,start_thres=1.25",hub,0.25,10,17,40,1730,0,0,40,1730,0.0,0.0,0.0,0.0,0.1644244370135394
ni_tfnbs,"e=0.3,h=9.0,n=30,start_thres=1.25",hub,0.25,10,17,40,1730,0,0,40,1730,0.0,0.0,0.0,0.0,0.1644244370135394
ni_tfnbs,"e=0.3,h=10.0,n=30,start_thres=1.25",hub,0.25,10,17,40,1730,0,0,40,1730,0.0,0.0,0.0,0.0,0.1644244370135394
ni_tfnbs,"e=0.4,h=0.5,n=30,start_thres=1.25",hub,0.25,10,17,40,1730,0,0,40,1730,0.0,0.0,0.0,0.0,0.1644244370135394
ni_tfnbs,"e=0.4,h=1.0,n=30,start_thres=1.25",hub,0.25,10,17,40,1730,0,0,40,1730,0.0,0.0,0.0,0.0,0.1644244370135394
ni_tfnbs,"e=0.4,h=2.0,n=30,start_thres=1.25",hub,0.25,10,17,40,1730,0,0,40,1730,0.0,0.0,0.0,0.0,0.1644244370135394
ni_tfnbs,"e=0.4,h=3.0,n=30,start_thres=1.25",hub,0.25,10,17,40,1730,0,0,40,1730,0.0,0.0,0.0,0.0,0.1644244370135394
ni_tfnbs,"e=0.4,h=4.0,n=30,start_thres=1.25",hub,0.25,10,17,40,1730,0,0,40,1730,0.0,0.0,0.0,0.0,0.1644244370135394
ni_tfnbs,"e=0.4,h=5.0,n=30,start_thres=1.25",hub,0.25,10,17,40,1730,0,0,40,1730,0.0,0.0,0.0,0.0,0.1644244370135394
ni_tfnbs,"e=0.4,h=6.0,n=30,start_thres=1.25",hub,0.25,10,17,40,1730,0,0,40,1730,0.0,0.0,0.0,0.0,0.1644244370135394
ni_tfnbs,"e=0.4,h=7.0,n=30,start_thres=1.25",hub,0.25,10,17,40,1730,0,0,40,1730,0.0,0.0,0.0,0.0,0.1644244370135394
ni_tfnbs,"e=0.4,h=8.0,n=30,start_thres=1.25",hub,0.25,10,17,40,1730,0,0,40,1730,0.0,0.0,0.0,0.0,0.1644244370135394
ni_tfnbs,"e=0.4,h=9.0,n=30,start_thres=1.25",hub,0.25,10,17,40,1730,0,0,40,1730,0.0,0.0,0.0,0.0,0.1644244370135394
ni_tfnbs,"e=0.4,h=10.0,n=30,start_thres=1.25",hub,0.25,10,17,40,1730,0,0,40,1730,0.0,0.0,0.0,0.0,0.1644244370135394
ni_tfnbs,"e=0.5,h=0.5,n=30,start_thres=1.25",hub,0.25,10,17,40,1730,0,0,40,1730,0.0,0.0,0.0,0.0,0.1644244370135394
ni_tfnbs,"e=0.5,h=1.0,n=30,start_thres=1.25",hub,0.25,10,17,40,1730,0,0,40,1730,0.0,0.0,0.0,0.0,0.1644244370135394
ni_tfnbs,"e=0.5,h=2.0,n=30,start_thres=1.25",hub,0.25,10,17,40,1730,0,0,40,1730,0.0,0.0,0.0,0.0,0.1644244370135394
ni_tfnbs,"e=0.5,h=3.0,n=30,start_thres=1.25",hub,0.25,10,17,40,1730,0,0,40,1730,0.0,0.0,0.0,0.0,0.1644244370135394
ni_tfnbs,"e=0.5,h=4.0,n=30,start_thres=1.25",hub,0.25,10,17,40,1730,0,0,40,1730,0.0,0.0,0.0,0.0,0.1644244370135394
ni_tfnbs,"e=0.5,h=5.0,n=30,start_thres=1.25",hub,0.25,10,17,40,1730,0,0,40,1730,0.0,0.0,0.0,0.0,0.1644244370135394
ni_tfnbs,"e=0.5,h=6.0,n=30,start_thres=1.25",hub,0.25,10,17,40,1730,0,0,40,1730,0.0,0.0,0.0,0.0,0.1644244370135394
ni_tfnbs,"e=0.5,h=7.0,n=30,start_thres=1.25",hub,0.25,10,17,40,1730,0,0,40,1730,0.0,0.0,0.0,0.0,0.1644244370135394
ni_tfnbs,"e=0.5,h=8.0,n=30,start_thres=1.25",hub,0.25,10,17,40,1730,0,0,40,1730,0.0,0.0,0.0,0.0,0.1644244370135394
ni_tfnbs,"e=0.5,h=9.0,n=30,start_thres=1.25",hub,0.25,10,17,40,1730,0,0,40,1730,0.0,0.0,0.0,0.0,0.1644244370135394
ni_tfnbs,"e=0.5,h=10.0,n=30,start_thres=1.25",hub,0.25,10,17,40,1730,0,0,40,1730,0.0,0.0,0.0,0.0,0.1644244370135394
ni_tfnbs,"e=0.6,h=0.5,n=30,start_thres=1.25",hub,0.25,10,17,40,1730,1,0,39,1730,0.025,0.0,1.0,0.0,0.1644244370135394
ni_tfnbs,"e=0.6,h=1.0,n=30,start_thres=1.25",hub,0.25,10,17,40,1730,0,0,40,1730,0.0,0.0,0.0,0.0,0.1644244370135394
ni_tfnbs,"e=0.6,h=2.0,n=30,start_thres=1.25",hub,0.25,10,17,40,1730,0,0,40,1730,0.0,0.0,0.0,0.0,0.1644244370135394
ni_tfnbs,"e=0.6,h=3.0,n=30,start_thres=1.25",hub,0.25,10,17,40,1730,0,0,40,1730,0.0,0.0,0.0,0.0,0.1644244370135394
ni_tfnbs,"e=0.6,h=4.0,n=30,start_thres=1.25",hub,0.25,10,17,40,1730,0,0,40,1730,0.0,0.0,0.0,0.0,0.1644244370135394
ni_tfnbs,"e=0.6,h=5.0,n=30,start_thres=1.25",hub,0.25,10,17,40,1730,0,0,40,1730,0.0,0.0,0.0,0.0,0.1644244370135394
ni_tfnbs,"e=0.6,h=6.0,n=30,start_thres=1.25",hub,0.25,10,17,40,1730,0,0,40,1730,0.0,0.0,0.0,0.0,0.1644244370135394
ni_tfnbs,"e=0.6,h=7.0,n=30,start_thres=1.25",hub,0.25,10,17,40,1730,0,0,40,1730,0.0,0.0,0.0,0.0,0.1644244370135394
ni_tfnbs,"e=0.6,h=8.0,n=30,start_thres=1.25",hub,0.25,10,17,40,1730,0,0,40,1730,0.0,0.0,0.0,0.0,0.1644244370135394
ni_tfnbs,"e=0.6,h=9.0,n=30,start_thres=1.25",hub,0.25,10,17,40,1730,0,0,40,1730,0.0,0.0,0.0,0.0,0.1644244370135394
ni_tfnbs,"e=0.6,h=10.0,n=30,start_thres=1.25",hub,0.25,10,17,40,1730,0,0,40,1730,0.0,0.0,0.0,0.0,0.1644244370135394
ni_tfnbs,"e=0.7,h=0.5,n=30,start_thres=1.25",hub,0.25,10,17,40,1730,1,1,39,1729,0.025,0.0005780346820809,0.5,0.5,0.1644244370135394
ni_tfnbs,"e=0.7,h=1.0,n=30,start_thres=1.25",hub,0.25,10,17,40,1730,1,0,39,1730,0.025,0.0,1.0,0.0,0.1644244370135394
ni_tfnbs,"e=0.7,h=2.0,n=30,start_thres=1.25",hub,0.25,10,17,40,1730,0,0,40,1730,0.0,0.0,0.0,0.0,0.1644244370135394
ni_tfnbs,"e=0.7,h=3.0,n=30,start_thres=1.25",hub,0.25,10,17,40,1730,0,0,40,1730,0.0,0.0,0.0,0.0,0.1644244370135394
ni_tfnbs,"e=0.7,h=4.0,n=30,start_thres=1.25",hub,0.25,10,17,40,1730,0,0,40,1730,0.0,0.0,0.0,0.0,0.1644244370135394
ni_tfnbs,"e=0.7,h=5.0,n=30,start_thres=1.25",hub,0.25,10,17,40,1730,0,0,40,1730,0.0,0.0,0.0,0.0,0.1644244370135394
ni_tfnbs,"e=0.7,h=6.0,n=30,start_thres=1.25",hub,0.25,10,17,40,1730,0,0,40,1730,0.0,0.0,0.0,0.0,0.1644244370135394
ni_tfnbs,"e=0.7,h=7.0,n=30,start_thres=1.25",hub,0.25,10,17,40,1730,0,0,40,1730,0.0,0.0,0.0,0.0,0.1644244370135394
ni_tfnbs,"e=0.7,h=8.0,n=30,start_thres=1.25",hub,0.25,10,17,40,1730,0,0,40,1730,0.0,0.0,0.0,0.0,0.1644244370135394
ni_tfnbs,"e=0.7,h=9.0,n=30,start_thres=1.25",hub,0.25,10,17,40,1730,0,0,40,1730,0.0,0.0,0.0,0.0,0.1644244370135394
ni_tfnbs,"e=0.7,h=10.0,n=30,start_thres=1.25",hub,0.25,10,17,40,1730,0,0,40,1730,0.0,0.0,0.0,0.0,0.1644244370135394
ni_tfnbs,"e=0.8,h=0.5,n=30,start_thres=1.25",hub,0.25,10,17,40,1730,1,2,39,1728,0.025,0.0011560693641618,0.3333333333333333,0.6666666666666666,0.1644244370135394
ni_tfnbs,"e=0.8,h=1.0,n=30,start_thres=1.25",hub,0.25,10,17,40,1730,1,2,39,1728,0.025,0.0011560693641618,0.3333333333333333,0.6666666666666666,0.1644244370135394
ni_tfnbs,"e=0.8,h=2.0,n=30,start_thres=1.25",hub,0.25,10,17,40,1730,0,0,40,1730,0.0,0.0,0.0,0.0,0.1644244370135394
ni_tfnbs,"e=0.8,h=3.0,n=30,start_thres=1.25",hub,0.25,10,17,40,1730,0,0,40,1730,0.0,0.0,0.0,0.0,0.1644244370135394
ni_tfnbs,"e=0.8,h=4.0,n=30,start_thres=1.25",hub,0.25,10,17,40,1730,0,0,40,1730,0.0,0.0,0.0,0.0,0.1644244370135394
ni_tfnbs,"e=0.8,h=5.0,n=30,start_thres=1.25",hub,0.25,10,17,40,1730,0,0,40,1730,0.0,0.0,0.0,0.0,0.1644244370135394
ni_tfnbs,"e=0.8,h=6.0,n=30,start_thres=1.25",hub,0.25,10,17,40,1730,0,0,40,1730,0.0,0.0,0.0,0.0,0.1644244370135394
ni_tfnbs,"e=0.8,h=7.0,n=30,start_thres=1.25",hub,0.25,10,17,40,1730,0,0,40,1730,0.0,0.0,0.0,0.0,0.1644244370135394
ni_tfnbs,"e=0.8,h=8.0,n=30,start_thres=1.25",hub,0.25,10,17,40,1730,0,0,40,1730,0.0,0.0,0.0,0.0,0.1644244370135394
ni_tfnbs,"e=0.8,h=9.0,n=30,start_thres=1.25",hub,0.25,10,17,40,1730,0,0,40,1730,0.0,0.0,0.0,0.0,0.1644244370135394
ni_tfnbs,"e=0.8,h=10.0,n=30,start_thres=1.25",hub,0.25,10,17,40,1730,0,0,40,1730,0.0,0.0,0.0,0.0,0.1644244370135394
ni_tfnbs,"e=0.9,h=0.5,n=30,start_thres=1.25",hub,0.25,10,17,40,1730,2,3,38,1727,0.05,0.0017341040462427,0.4,0.6,0.1644244370135394
ni_tfnbs,"e=0.9,h=1.0,n=30,start_thres=1.25",hub,0.25,10,17,40,1730,1,2,39,1728,0.025,0.0011560693641618,0.3333333333333333,0.6666666666666666,0.1644244370135394
ni_tfnbs,"e=0.9,h=2.0,n=30,start_thres=1.25",hub,0.25,10,17,40,1730,1,0,39,1730,0.025,0.0,1.0,0.0,0.1644244370135394
ni_tfnbs,"e=0.9,h=3.0,n=30,start_thres=1.25",hub,0.25,10,17,40,1730,0,0,40,1730,0.0,0.0,0.0,0.0,0.1644244370135394
ni_tfnbs,"e=0.9,h=4.0,n=30,start_thres=1.25",hub,0.25,10,17,40,1730,0,0,40,1730,0.0,0.0,0.0,0.0,0.1644244370135394
ni_tfnbs,"e=0.9,h=5.0,n=30,start_thres=1.25",hub,0.25,10,17,40,1730,0,0,40,1730,0.0,0.0,0.0,0.0,0.1644244370135394
ni_tfnbs,"e=0.9,h=6.0,n=30,start_thres=1.25",hub,0.25,10,17,40,1730,0,0,40,1730,0.0,0.0,0.0,0.0,0.1644244370135394
ni_tfnbs,"e=0.9,h=7.0,n=30,start_thres=1.25",hub,0.25,10,17,40,1730,0,0,40,1730,0.0,0.0,0.0,0.0,0.1644244370135394
ni_tfnbs,"e=0.9,h=8.0,n=30,start_thres=1.25",hub,0.25,10,17,40,1730,0,0,40,1730,0.0,0.0,0.0,0.0,0.1644244370135394
ni_tfnbs,"e=0.9,h=9.0,n=30,start_thres=1.25",hub,0.25,10,17,40,1730,0,0,40,1730,0.0,0.0,0.0,0.0,0.1644244370135394
ni_tfnbs,"e=0.9,h=10.0,n=30,start_thres=1.25",hub,0.25,10,17,40,1730,0,0,40,1730,0.0,0.0,0.0,0.0,0.1644244370135394
ni_tfnbs,"e=1.0,h=0.5,n=30,start_thres=1.25",hub,0.25,10,17,40,1730,2,3,38,1727,0.05,0.0017341040462427,0.4,0.6,0.1644244370135394
ni_tfnbs,"e=1.0,h=1.0,n=30,start_thres=1.25",hub,0.25,10,17,40,1730,2,2,38,1728,0.05,0.0011560693641618,0.5,0.5,0.1644244370135394
ni_tfnbs,"e=1.0,h=2.0,n=30,start_thres=1.25",hub,0.25,10,17,40,1730,1,2,39,1728,0.025,0.0011560693641618,0.3333333333333333,0.6666666666666666,0.1644244370135394
ni_tfnbs,"e=1.0,h=3.0,n=30,start_thres=1.25",hub,0.25,10,17,40,1730,0,0,40,1730,0.0,0.0,0.0,0.0,0.1644244370135394
ni_tfnbs,"e=1.0,h=4.0,n=30,start_thres=1.25",hub,0.25,10,17,40,1730,0,0,40,1730,0.0,0.0,0.0,0.0,0.1644244370135394
ni_tfnbs,"e=1.0,h=5.0,n=30,start_thres=1.25",hub,0.25,10,17,40,1730,0,0,40,1730,0.0,0.0,0.0,0.0,0.1644244370135394
ni_tfnbs,"e=1.0,h=6.0,n=30,start_thres=1.25",hub,0.25,10,17,40,1730,0,0,40,1730,0.0,0.0,0.0,0.0,0.1644244370135394
ni_tfnbs,"e=1.0,h=7.0,n=30,start_thres=1.25",hub,0.25,10,17,40,1730,0,0,40,1730,0.0,0.0,0.0,0.0,0.1644244370135394
ni_tfnbs,"e=1.0,h=8.0,n=30,start_thres=1.25",hub,0.25,10,17,40,1730,0,0,40,1730,0.0,0.0,0.0,0.0,0.1644244370135394
ni_tfnbs,"e=1.0,h=9.0,n=30,start_thres=1.25",hub,0.25,10,17,40,1730,0,0,40,1730,0.0,0.0,0.0,0.0,0.1644244370135394
ni_tfnbs,"e=1.0,h=10.0,n=30,start_thres=1.25",hub,0.25,10,17,40,1730,0,0,40,1730,0.0,0.0,0.0,0.0,0.1644244370135394
ni_tfnbs,"e=1.1,h=0.5,n=30,start_thres=1.25",hub,0.25,10,17,40,1730,3,3,37,1727,0.075,0.0017341040462427,0.5,0.5,0.1644244370135394
ni_tfnbs,"e=1.1,h=1.0,n=30,start_thres=1.25",hub,0.25,10,17,40,1730,2,3,38,1727,0.05,0.0017341040462427,0.4,0.6,0.1644244370135394
ni_tfnbs,"e=1.1,h=2.0,n=30,start_thres=1.25",hub,0.25,10,17,40,1730,1,2,39,1728,0.025,0.0011560693641618,0.3333333333333333,0.6666666666666666,0.1644244370135394
ni_tfnbs,"e=1.1,h=3.0,n=30,start_thres=1.25",hub,0.25,10,17,40,1730,1,0,39,1730,0.025,0.0,1.0,0.0,0.1644244370135394
ni_tfnbs,"e=1.1,h=4.0,n=30,start_thres=1.25",hub,0.25,10,17,40,1730,0,0,40,1730,0.0,0.0,0.0,0.0,0.1644244370135394
ni_tfnbs,"e=1.1,h=5.0,n=30,start_thres=1.25",hub,0.25,10,17,40,1730,0,0,40,1730,0.0,0.0,0.0,0.0,0.1644244370135394
ni_tfnbs,"e=1.1,h=6.0,n=30,start_thres=1.25",hub,0.25,10,17,40,1730,0,0,40,1730,0.0,0.0,0.0,0.0,0.1644244370135394
ni_tfnbs,"e=1.1,h=7.0,n=30,start_thres=1.25",hub,0.25,10,17,40,1730,0,0,40,1730,0.0,0.0,0.0,0.0,0.1644244370135394
ni_tfnbs,"e=1.1,h=8.0,n=30,start_thres=1.25",hub,0.25,10,17,40,1730,0,0,40,1730,0.0,0.0,0.0,0.0,0.1644244370135394
ni_tfnbs,"e=1.1,h=9.0,n=30,start_thres=1.25",hub,0.25,10,17,40,1730,0,0,40,1730,0.0,0.0,0.0,0.0,0.1644244370135394
ni_tfnbs,"e=1.1,h=10.0,n=30,start_thres=1.25",hub,0.25,10,17,40,1730,0,0,40,1730,0.0,0.0,0.0,0.0,0.1644244370135394
ni_tfnbs,"e=1.2,h=0.5,n=30,start_thres=1.25",hub,0.25,10,17,40,1730,3,2,37,1728,0.075,0.0011560693641618,0.6,0.4,0.1644244370135394
ni_tfnbs,"e=1.2,h=1.0,n=30,start_thres=1.25",hub,0.25,10,17,40,1730,3,3,37,1727,0.075,0.0017341040462427,0.5,0.5,0.1644244370135394
ni_tfnbs,"e=1.2,h=2.0,n=30,start_thres=1.25",hub,0.25,10,17,40,1730,1,2,39,1728,0.025,0.0011560693641618,0.3333333333333333,0.6666666666666666,0.1644244370135394
ni_tfnbs,"e=1.2,h=3.0,n=30,start_thres=1.25",hub,0.25,10,17,40,1730,1,1,39,1729,0.025,0.0005780346820809,0.5,0.5,0.1644244370135394
ni_tfnbs,"e=1.2,h=4.0,n=30,start_thres=1.25",hub,0.25,10,17,40,1730,0,0,40,1730,0.0,0.0,0.0,0.0,0.1644244370135394
ni_tfnbs,"e=1.2,h=5.0,n=30,start_thres=1.25",hub,0.25,10,17,40,1730,0,0,40,1730,0.0,0.0,0.0,0.0,0.1644244370135394
ni_tfnbs,"e=1.2,h=6.0,n=30,start_thres=1.25",hub,0.25,10,17,40,1730,0,0,40,1730,0.0,0.0,0.0,0.0,0.1644244370135394
ni_tfnbs,"e=1.2,h=7.0,n=30,start_thres=1.25",hub,0.25,10,17,40,1730,0,0,40,1730,0.0,0.0,0.0,0.0,0.1644244370135394
ni_tfnbs,"e=1.2,h=8.0,n=30,start_thres=1.25",hub,0.25,10,17,40,1730,0,0,40,1730,0.0,0.0,0.0,0.0,0.1644244370135394
ni_tfnbs,"e=1.2,h=9.0,n=30,start_thres=1.25",hub,0.25,10,17,40,1730,0,0,40,1730,0.0,0.0,0.0,0.0,0.1644244370135394
ni_tfnbs,"e=1.2,h=10.0,n=30,start_thres=1.25",hub,0.25,10,17,40,1730,0,0,40,1730,0.0,0.0,0.0,0.0,0.1644244370135394
ni_tfnbs,"e=1.3,h=0.5,n=30,start_thres=1.25",hub,0.25,10,17,40,1730,3,2,37,1728,0.075,0.0011560693641618,0.6,0.4,0.1644244370135394
ni_tfnbs,"e=1.3,h=1.0,n=30,start_thres=1.25",hub,0.25,10,17,40,1730,3,2,37,1728,0.075,0.0011560693641618,0.6,0.4,0.1644244370135394
ni_tfnbs,"e=1.3,h=2.0,n=30,start_thres=1.25",hub,0.25,10,17,40,1730,2,3,38,1727,0.05,0.0017341040462427,0.4,0.6,0.1644244370135394
ni_tfnbs,"e=1.3,h=3.0,n=30,start_thres=1.25",hub,0.25,10,17,40,1730,1,2,39,1728,0.025,0.0011560693641618,0.3333333333333333,0.6666666666666666,0.1644244370135394
ni_tfnbs,"e=1.3,h=4.0,n=30,start_thres=1.25",hub,0.25,10,17,40,1730,0,0,40,1730,0.0,0.0,0.0,0.0,0.1644244370135394
ni_tfnbs,"e=1.3,h=5.0,n=30,start_thres=1.25",hub,0.25,10,17,40,1730,0,0,40,1730,0.0,0.0,0.0,0.0,0.1644244370135394
ni_tfnbs,"e=1.3,h=6.0,n=30,start_thres=1.25",hub,0.25,10,17,40,1730,0,0,40,1730,0.0,0.0,0.0,0.0,0.1644244370135394
ni_tfnbs,"e=1.3,h=7.0,n=30,start_thres=1.25",hub,0.25,10,17,40,1730,0,0,40,1730,0.0,0.0,0.0,0.0,0.1644244370135394
ni_tfnbs,"e=1.3,h=8.0,n=30,start_thres=1.25",hub,0.25,10,17,40,1730,0,0,40,1730,0.0,0.0,0.0,0.0,0.1644244370135394
ni_tfnbs,"e=1.3,h=9.0,n=30,start_thres=1.25",hub,0.25,10,17,40,1730,0,0,40,1730,0.0,0.0,0.0,0.0,0.1644244370135394
ni_tfnbs,"e=1.3,h=10.0,n=30,start_thres=1.25",hub,0.25,10,17,40,1730,0,0,40,1730,0.0,0.0,0.0,0.0,0.1644244370135394
ni_tfnbs,"e=1.4,h=0.5,n=30,start_thres=1.25",hub,0.25,10,17,40,1730,4,5,36,1725,0.1,0.0028901734104046,0.4444444444444444,0.5555555555555556,0.1644244370135394
ni_tfnbs,"e=1.4,h=1.0,n=30,start_thres=1.25",hub,0.25,10,17,40,1730,3,2,37,1728,0.075,0.0011560693641618,0.6,0.4,0.1644244370135394
ni_tfnbs,"e=1.4,h=2.0,n=30,start_thres=1.25",hub,0.25,10,17,40,1730,3,3,37,1727,0.075,0.0017341040462427,0.5,0.5,0.1644244370135394
ni_tfnbs,"e=1.4,h=3.0,n=30,start_thres=1.25",hub,0.25,10,17,40,1730,1,2,39,1728,0.025,0.0011560693641618,0.3333333333333333,0.6666666666666666,0.1644244370135394
ni_tfnbs,"e=1.4,h=4.0,n=30,start_thres=1.25",hub,0.25,10,17,40,1730,1,0,39,1730,0.025,0.0,1.0,0.0,0.1644244370135394
ni_tfnbs,"e=1.4,h=5.0,n=30,start_thres=1.25",hub,0.25,10,17,40,1730,0,0,40,1730,0.0,0.0,0.0,0.0,0.1644244370135394
ni_tfnbs,"e=1.4,h=6.0,n=30,start_thres=1.25",hub,0.25,10,17,40,1730,0,0,40,1730,0.0,0.0,0.0,0.0,0.1644244370135394
ni_tfnbs,"e=1.4,h=7.0,n=30,start_thres=1.25",hub,0.25,10,17,40,1730,0,0,40,1730,0.0,0.0,0.0,0.0,0.1644244370135394
ni_tfnbs,"e=1.4,h=8.0,n=30,start_thres=1.25",hub,0.25,10,17,40,1730,0,0,40,1730,0.0,0.0,0.0,0.0,0.1644244370135394
ni_tfnbs,"e=1.4,h=9.0,n=30,start_thres=1.25",hub,0.25,10,17,40,1730,0,0,40,1730,0.0,0.0,0.0,0.0,0.1644244370135394
ni_tfnbs,"e=1.4,h=10.0,n=30,start_thres=1.25",hub,0.25,10,17,40,1730,0,0,40,1730,0.0,0.0,0.0,0.0,0.1644244370135394
ni_tfnbs,"e=1.5,h=0.5,n=30,start_thres=1.25",hub,0.25,10,17,40,1730,5,6,35,1724,0.125,0.0034682080924855,0.4545454545454545,0.5454545454545454,0.1644244370135394
ni_tfnbs,"e=1.5,h=1.0,n=30,start_thres=1.25",hub,0.25,10,17,40,1730,4,5,36,1725,0.1,0.0028901734104046,0.4444444444444444,0.5555555555555556,0.1644244370135394
ni_tfnbs,"e=1.5,h=2.0,n=30,start_thres=1.25",hub,0.25,10,17,40,1730,3,2,37,1728,0.075,0.0011560693641618,0.6,0.4,0.1644244370135394
ni_tfnbs,"e=1.5,h=3.0,n=30,start_thres=1.25",hub,0.25,10,17,40,1730,1,2,39,1728,0.025,0.0011560693641618,0.3333333333333333,0.6666666666666666,0.1644244370135394
ni_tfnbs,"e=1.5,h=4.0,n=30,start_thres=1.25",hub,0.25,10,17,40,1730,1,2,39,1728,0.025,0.0011560693641618,0.3333333333333333,0.6666666666666666,0.1644244370135394
ni_tfnbs,"e=1.5,h=5.0,n=30,start_thres=1.25",hub,0.25,10,17,40,1730,0,0,40,1730,0.0,0.0,0.0,0.0,0.1644244370135394
ni_tfnbs,"e=1.5,h=6.0,n=30,start_thres=1.25",hub,0.25,10,17,40,1730,0,0,40,1730,0.0,0.0,0.0,0.0,0.1644244370135394
ni_tfnbs,"e=1.5,h=7.0,n=30,start_thres=1.25",hub,0.25,10,17,40,1730,0,0,40,1730,0.0,0.0,0.0,0.0,0.1644244370135394
ni_tfnbs,"e=1.5,h=8.0,n=30,start_thres=1.25",hub,0.25,10,17,40,1730,0,0,40,1730,0.0,0.0,0.0,0.0,0.1644244370135394
ni_tfnbs,"e=1.5,h=9.0,n=30,start_thres=1.25",hub,0.25,10,17,40,1730,0,0,40,1730,0.0,0.0,0.0,0.0,0.1644244370135394
ni_tfnbs,"e=1.5,h=10.0,n=30,start_thres=1.25",hub,0.25,10,17,40,1730,0,0,40,1730,0.0,0.0,0.0,0.0,0.1644244370135394
ni_tfnbs,"e=0.05,h=0.5,n=30,start_thres=1.25",hub,0.25,10,18,40,1730,0,0,40,1730,0.0,0.0,0.0,0.0,0.1639417762106115
ni_tfnbs,"e=0.05,h=1.0,n=30,start_thres=1.25",hub,0.25,10,18,40,1730,0,0,40,1730,0.0,0.0,0.0,0.0,0.1639417762106115
ni_tfnbs,"e=0.05,h=2.0,n=30,start_thres=1.25",hub,0.25,10,18,40,1730,0,0,40,1730,0.0,0.0,0.0,0.0,0.1639417762106115
ni_tfnbs,"e=0.05,h=3.0,n=30,start_thres=1.25",hub,0.25,10,18,40,1730,0,0,40,1730,0.0,0.0,0.0,0.0,0.1639417762106115
ni_tfnbs,"e=0.05,h=4.0,n=30,start_thres=1.25",hub,0.25,10,18,40,1730,0,0,40,1730,0.0,0.0,0.0,0.0,0.1639417762106115
ni_tfnbs,"e=0.05,h=5.0,n=30,start_thres=1.25",hub,0.25,10,18,40,1730,0,0,40,1730,0.0,0.0,0.0,0.0,0.1639417762106115
ni_tfnbs,"e=0.05,h=6.0,n=30,start_thres=1.25",hub,0.25,10,18,40,1730,0,0,40,1730,0.0,0.0,0.0,0.0,0.1639417762106115
ni_tfnbs,"e=0.05,h=7.0,n=30,start_thres=1.25",hub,0.25,10,18,40,1730,0,0,40,1730,0.0,0.0,0.0,0.0,0.1639417762106115
ni_tfnbs,"e=0.05,h=8.0,n=30,start_thres=1.25",hub,0.25,10,18,40,1730,0,0,40,1730,0.0,0.0,0.0,0.0,0.1639417762106115
ni_tfnbs,"e=0.05,h=9.0,n=30,start_thres=1.25",hub,0.25,10,18,40,1730,0,0,40,1730,0.0,0.0,0.0,0.0,0.1639417762106115
ni_tfnbs,"e=0.05,h=10.0,n=30,start_thres=1.25",hub,0.25,10,18,40,1730,0,0,40,1730,0.0,0.0,0.0,0.0,0.1639417762106115
ni_tfnbs,"e=0.1,h=0.5,n=30,start_thres=1.25",hub,0.25,10,18,40,1730,0,0,40,1730,0.0,0.0,0.0,0.0,0.1639417762106115
ni_tfnbs,"e=0.1,h=1.0,n=30,start_thres=1.25",hub,0.25,10,18,40,1730,0,0,40,1730,0.0,0.0,0.0,0.0,0.1639417762106115
ni_tfnbs,"e=0.1,h=2.0,n=30,start_thres=1.25",hub,0.25,10,18,40,1730,0,0,40,1730,0.0,0.0,0.0,0.0,0.1639417762106115
ni_tfnbs,"e=0.1,h=3.0,n=30,start_thres=1.25",hub,0.25,10,18,40,1730,0,0,40,1730,0.0,0.0,0.0,0.0,0.1639417762106115
ni_tfnbs,"e=0.1,h=4.0,n=30,start_thres=1.25",hub,0.25,10,18,40,1730,0,0,40,1730,0.0,0.0,0.0,0.0,0.1639417762106115
ni_tfnbs,"e=0.1,h=5.0,n=30,start_thres=1.25",hub,0.25,10,18,40,1730,0,0,40,1730,0.0,0.0,0.0,0.0,0.1639417762106115
ni_tfnbs,"e=0.1,h=6.0,n=30,start_thres=1.25",hub,0.25,10,18,40,1730,0,0,40,1730,0.0,0.0,0.0,0.0,0.1639417762106115
ni_tfnbs,"e=0.1,h=7.0,n=30,start_thres=1.25",hub,0.25,10,18,40,1730,0,0,40,1730,0.0,0.0,0.0,0.0,0.1639417762106115
ni_tfnbs,"e=0.1,h=8.0,n=30,start_thres=1.25",hub,0.25,10,18,40,1730,0,0,40,1730,0.0,0.0,0.0,0.0,0.1639417762106115
ni_tfnbs,"e=0.1,h=9.0,n=30,start_thres=1.25",hub,0.25,10,18,40,1730,0,0,40,1730,0.0,0.0,0.0,0.0,0.1639417762106115
ni_tfnbs,"e=0.1,h=10.0,n=30,start_thres=1.25",hub,0.25,10,18,40,1730,0,0,40,1730,0.0,0.0,0.0,0.0,0.1639417762106115
ni_tfnbs,"e=0.2,h=0.5,n=30,start_thres=1.25",hub,0.25,10,18,40,1730,0,0,40,1730,0.0,0.0,0.0,0.0,0.1639417762106115
ni_tfnbs,"e=0.2,h=1.0,n=30,start_thres=1.25",hub,0.25,10,18,40,1730,0,0,40,1730,0.0,0.0,0.0,0.0,0.1639417762106115
ni_tfnbs,"e=0.2,h=2.0,n=30,start_thres=1.25",hub,0.25,10,18,40,1730,0,0,40,1730,0.0,0.0,0.0,0.0,0.1639417762106115
ni_tfnbs,"e=0.2,h=3.0,n=30,start_thres=1.25",hub,0.25,10,18,40,1730,0,0,40,1730,0.0,0.0,0.0,0.0,0.1639417762106115
ni_tfnbs,"e=0.2,h=4.0,n=30,start_thres=1.25",hub,0.25,10,18,40,1730,0,0,40,1730,0.0,0.0,0.0,0.0,0.1639417762106115
ni_tfnbs,"e=0.2,h=5.0,n=30,start_thres=1.25",hub,0.25,10,18,40,1730,0,0,40,1730,0.0,0.0,0.0,0.0,0.1639417762106115
ni_tfnbs,"e=0.2,h=6.0,n=30,start_thres=1.25",hub,0.25,10,18,40,1730,0,0,40,1730,0.0,0.0,0.0,0.0,0.1639417762106115
ni_tfnbs,"e=0.2,h=7.0,n=30,start_thres=1.25",hub,0.25,10,18,40,1730,0,0,40,1730,0.0,0.0,0.0,0.0,0.1639417762106115
ni_tfnbs,"e=0.2,h=8.0,n=30,start_thres=1.25",hub,0.25,10,18,40,1730,0,0,40,1730,0.0,0.0,0.0,0.0,0.1639417762106115
ni_tfnbs,"e=0.2,h=9.0,n=30,start_thres=1.25",hub,0.25,10,18,40,1730,0,0,40,1730,0.0,0.0,0.0,0.0,0.1639417762106115
ni_tfnbs,"e=0.2,h=10.0,n=30,start_thres=1.25",hub,0.25,10,18,40,1730,0,0,40,1730,0.0,0.0,0.0,0.0,0.1639417762106115
ni_tfnbs,"e=0.3,h=0.5,n=30,start_thres=1.25",hub,0.25,10,18,40,1730,0,0,40,1730,0.0,0.0,0.0,0.0,0.1639417762106115
ni_tfnbs,"e=0.3,h=1.0,n=30,start_thres=1.25",hub,0.25,10,18,40,1730,0,0,40,1730,0.0,0.0,0.0,0.0,0.1639417762106115
ni_tfnbs,"e=0.3,h=2.0,n=30,start_thres=1.25",hub,0.25,10,18,40,1730,0,0,40,1730,0.0,0.0,0.0,0.0,0.1639417762106115
ni_tfnbs,"e=0.3,h=3.0,n=30,start_thres=1.25",hub,0.25,10,18,40,1730,0,0,40,1730,0.0,0.0,0.0,0.0,0.1639417762106115
ni_tfnbs,"e=0.3,h=4.0,n=30,start_thres=1.25",hub,0.25,10,18,40,1730,0,0,40,1730,0.0,0.0,0.0,0.0,0.1639417762106115
ni_tfnbs,"e=0.3,h=5.0,n=30,start_thres=1.25",hub,0.25,10,18,40,1730,0,0,40,1730,0.0,0.0,0.0,0.0,0.1639417762106115
ni_tfnbs,"e=0.3,h=6.0,n=30,start_thres=1.25",hub,0.25,10,18,40,1730,0,0,40,1730,0.0,0.0,0.0,0.0,0.1639417762106115
ni_tfnbs,"e=0.3,h=7.0,n=30,start_thres=1.25",hub,0.25,10,18,40,1730,0,0,40,1730,0.0,0.0,0.0,0.0,0.1639417762106115
ni_tfnbs,"e=0.3,h=8.0,n=30,start_thres=1.25",hub,0.25,10,18,40,1730,0,0,40,1730,0.0,0.0,0.0,0.0,0.1639417762106115
ni_tfnbs,"e=0.3,h=9.0,n=30,start_thres=1.25",hub,0.25,10,18,40,1730,0,0,40,1730,0.0,0.0,0.0,0.0,0.1639417762106115
ni_tfnbs,"e=0.3,h=10.0,n=30,start_thres=1.25",hub,0.25,10,18,40,1730,0,0,40,1730,0.0,0.0,0.0,0.0,0.1639417762106115
ni_tfnbs,"e=0.4,h=0.5,n=30,start_thres=1.25",hub,0.25,10,18,40,1730,0,0,40,1730,0.0,0.0,0.0,0.0,0.1639417762106115
ni_tfnbs,"e=0.4,h=1.0,n=30,start_thres=1.25",hub,0.25,10,18,40,1730,0,0,40,1730,0.0,0.0,0.0,0.0,0.1639417762106115
ni_tfnbs,"e=0.4,h=2.0,n=30,start_thres=1.25",hub,0.25,10,18,40,1730,0,0,40,1730,0.0,0.0,0.0,0.0,0.1639417762106115
ni_tfnbs,"e=0.4,h=3.0,n=30,start_thres=1.25",hub,0.25,10,18,40,1730,0,0,40,1730,0.0,0.0,0.0,0.0,0.1639417762106115
ni_tfnbs,"e=0.4,h=4.0,n=30,start_thres=1.25",hub,0.25,10,18,40,1730,0,0,40,1730,0.0,0.0,0.0,0.0,0.1639417762106115
ni_tfnbs,"e=0.4,h=5.0,n=30,start_thres=1.25",hub,0.25,10,18,40,1730,0,0,40,1730,0.0,0.0,0.0,0.0,0.1639417762106115
ni_tfnbs,"e=0.4,h=6.0,n=30,start_thres=1.25",hub,0.25,10,18,40,1730,0,0,40,1730,0.0,0.0,0.0,0.0,0.1639417762106115
ni_tfnbs,"e=0.4,h=7.0,n=30,start_thres=1.25",hub,0.25,10,18,40,1730,0,0,40,1730,0.0,0.0,0.0,0.0,0.1639417762106115
ni_tfnbs,"e=0.4,h=8.0,n=30,start_thres=1.25",hub,0.25,10,18,40,1730,0,0,40,1730,0.0,0.0,0.0,0.0,0.1639417762106115
ni_tfnbs,"e=0.4,h=9.0,n=30,start_thres=1.25",hub,0.25,10,18,40,1730,0,0,40,1730,0.0,0.0,0.0,0.0,0.1639417762106115
ni_tfnbs,"e=0.4,h=10.0,n=30,start_thres=1.25",hub,0.25,10,18,40,1730,0,0,40,1730,0.0,0.0,0.0,0.0,0.1639417762106115
ni_tfnbs,"e=0.5,h=0.5,n=30,start_thres=1.25",hub,0.25,10,18,40,1730,0,0,40,1730,0.0,0.0,0.0,0.0,0.1639417762106115
ni_tfnbs,"e=0.5,h=1.0,n=30,start_thres=1.25",hub,0.25,10,18,40,1730,0,0,40,1730,0.0,0.0,0.0,0.0,0.1639417762106115
ni_tfnbs,"e=0.5,h=2.0,n=30,start_thres=1.25",hub,0.25,10,18,40,1730,0,0,40,1730,0.0,0.0,0.0,0.0,0.1639417762106115
ni_tfnbs,"e=0.5,h=3.0,n=30,start_thres=1.25",hub,0.25,10,18,40,1730,0,0,40,1730,0.0,0.0,0.0,0.0,0.1639417762106115
ni_tfnbs,"e=0.5,h=4.0,n=30,start_thres=1.25",hub,0.25,10,18,40,1730,0,0,40,1730,0.0,0.0,0.0,0.0,0.1639417762106115
ni_tfnbs,"e=0.5,h=5.0,n=30,start_thres=1.25",hub,0.25,10,18,40,1730,0,0,40,1730,0.0,0.0,0.0,0.0,0.1639417762106115
ni_tfnbs,"e=0.5,h=6.0,n=30,start_thres=1.25",hub,0.25,10,18,40,1730,0,0,40,1730,0.0,0.0,0.0,0.0,0.1639417762106115
ni_tfnbs,"e=0.5,h=7.0,n=30,start_thres=1.25",hub,0.25,10,18,40,1730,0,0,40,1730,0.0,0.0,0.0,0.0,0.1639417762106115
ni_tfnbs,"e=0.5,h=8.0,n=30,start_thres=1.25",hub,0.25,10,18,40,1730,0,0,40,1730,0.0,0.0,0.0,0.0,0.1639417762106115
ni_tfnbs,"e=0.5,h=9.0,n=30,start_thres=1.25",hub,0.25,10,18,40,1730,0,0,40,1730,0.0,0.0,0.0,0.0,0.1639417762106115
ni_tfnbs,"e=0.5,h=10.0,n=30,start_thres=1.25",hub,0.25,10,18,40,1730,0,0,40,1730,0.0,0.0,0.0,0.0,0.1639417762106115
ni_tfnbs,"e=0.6,h=0.5,n=30,start_thres=1.25",hub,0.25,10,18,40,1730,0,0,40,1730,0.0,0.0,0.0,0.0,0.1639417762106115
ni_tfnbs,"e=0.6,h=1.0,n=30,start_thres=1.25",hub,0.25,10,18,40,1730,0,0,40,1730,0.0,0.0,0.0,0.0,0.1639417762106115
ni_tfnbs,"e=0.6,h=2.0,n=30,start_thres=1.25",hub,0.25,10,18,40,1730,0,0,40,1730,0.0,0.0,0.0,0.0,0.1639417762106115
ni_tfnbs,"e=0.6,h=3.0,n=30,start_thres=1.25",hub,0.25,10,18,40,1730,0,0,40,1730,0.0,0.0,0.0,0.0,0.1639417762106115
ni_tfnbs,"e=0.6,h=4.0,n=30,start_thres=1.25",hub,0.25,10,18,40,1730,0,0,40,1730,0.0,0.0,0.0,0.0,0.1639417762106115
ni_tfnbs,"e=0.6,h=5.0,n=30,start_thres=1.25",hub,0.25,10,18,40,1730,0,0,40,1730,0.0,0.0,0.0,0.0,0.1639417762106115
ni_tfnbs,"e=0.6,h=6.0,n=30,start_thres=1.25",hub,0.25,10,18,40,1730,0,0,40,1730,0.0,0.0,0.0,0.0,0.1639417762106115
ni_tfnbs,"e=0.6,h=7.0,n=30,start_thres=1.25",hub,0.25,10,18,40,1730,0,0,40,1730,0.0,0.0,0.0,0.0,0.1639417762106115
ni_tfnbs,"e=0.6,h=8.0,n=30,start_thres=1.25",hub,0.25,10,18,40,1730,0,0,40,1730,0.0,0.0,0.0,0.0,0.1639417762106115
ni_tfnbs,"e=0.6,h=9.0,n=30,start_thres=1.25",hub,0.25,10,18,40,1730,0,0,40,1730,0.0,0.0,0.0,0.0,0.1639417762106115
ni_tfnbs,"e=0.6,h=10.0,n=30,start_thres=1.25",hub,0.25,10,18,40,1730,0,0,40,1730,0.0,0.0,0.0,0.0,0.1639417762106115
ni_tfnbs,"e=0.7,h=0.5,n=30,start_thres=1.25",hub,0.25,10,18,40,1730,0,0,40,1730,0.0,0.0,0.0,0.0,0.1639417762106115
ni_tfnbs,"e=0.7,h=1.0,n=30,start_thres=1.25",hub,0.25,10,18,40,1730,0,0,40,1730,0.0,0.0,0.0,0.0,0.1639417762106115
ni_tfnbs,"e=0.7,h=2.0,n=30,start_thres=1.25",hub,0.25,10,18,40,1730,0,0,40,1730,0.0,0.0,0.0,0.0,0.1639417762106115
ni_tfnbs,"e=0.7,h=3.0,n=30,start_thres=1.25",hub,0.25,10,18,40,1730,0,0,40,1730,0.0,0.0,0.0,0.0,0.1639417762106115
ni_tfnbs,"e=0.7,h=4.0,n=30,start_thres=1.25",hub,0.25,10,18,40,1730,0,0,40,1730,0.0,0.0,0.0,0.0,0.1639417762106115
ni_tfnbs,"e=0.7,h=5.0,n=30,start_thres=1.25",hub,0.25,10,18,40,1730,0,0,40,1730,0.0,0.0,0.0,0.0,0.1639417762106115
ni_tfnbs,"e=0.7,h=6.0,n=30,start_thres=1.25",hub,0.25,10,18,40,1730,0,0,40,1730,0.0,0.0,0.0,0.0,0.1639417762106115
ni_tfnbs,"e=0.7,h=7.0,n=30,start_thres=1.25",hub,0.25,10,18,40,1730,0,0,40,1730,0.0,0.0,0.0,0.0,0.1639417762106115
ni_tfnbs,"e=0.7,h=8.0,n=30,start_thres=1.25",hub,0.25,10,18,40,1730,0,0,40,1730,0.0,0.0,0.0,0.0,0.1639417762106115
ni_tfnbs,"e=0.7,h=9.0,n=30,start_thres=1.25",hub,0.25,10,18,40,1730,0,0,40,1730,0.0,0.0,0.0,0.0,0.1639417762106115
ni_tfnbs,"e=0.7,h=10.0,n=30,start_thres=1.25",hub,0.25,10,18,40,1730,0,0,40,1730,0.0,0.0,0.0,0.0,0.1639417762106115
ni_tfnbs,"e=0.8,h=0.5,n=30,start_thres=1.25",hub,0.25,10,18,40,1730,0,0,40,1730,0.0,0.0,0.0,0.0,0.1639417762106115
ni_tfnbs,"e=0.8,h=1.0,n=30,start_thres=1.25",hub,0.25,10,18,40,1730,0,0,40,1730,0.0,0.0,0.0,0.0,0.1639417762106115
ni_tfnbs,"e=0.8,h=2.0,n=30,start_thres=1.25",hub,0.25,10,18,40,1730,0,0,40,1730,0.0,0.0,0.0,0.0,0.1639417762106115
ni_tfnbs,"e=0.8,h=3.0,n=30,start_thres=1.25",hub,0.25,10,18,40,1730,0,0,40,1730,0.0,0.0,0.0,0.0,0.1639417762106115
ni_tfnbs,"e=0.8,h=4.0,n=30,start_thres=1.25",hub,0.25,10,18,40,1730,0,0,40,1730,0.0,0.0,0.0,0.0,0.1639417762106115
ni_tfnbs,"e=0.8,h=5.0,n=30,start_thres=1.25",hub,0.25,10,18,40,1730,0,0,40,1730,0.0,0.0,0.0,0.0,0.1639417762106115
ni_tfnbs,"e=0.8,h=6.0,n=30,start_thres=1.25",hub,0.25,10,18,40,1730,0,0,40,1730,0.0,0.0,0.0,0.0,0.1639417762106115
ni_tfnbs,"e=0.8,h=7.0,n=30,start_thres=1.25",hub,0.25,10,18,40,1730,0,0,40,1730,0.0,0.0,0.0,0.0,0.1639417762106115
ni_tfnbs,"e=0.8,h=8.0,n=30,start_thres=1.25",hub,0.25,10,18,40,1730,0,0,40,1730,0.0,0.0,0.0,0.0,0.1639417762106115
ni_tfnbs,"e=0.8,h=9.0,n=30,start_thres=1.25",hub,0.25,10,18,40,1730,0,0,40,1730,0.0,0.0,0.0,0.0,0.1639417762106115
ni_tfnbs,"e=0.8,h=10.0,n=30,start_thres=1.25",hub,0.25,10,18,40,1730,0,0,40,1730,0.0,0.0,0.0,0.0,0.1639417762106115
ni_tfnbs,"e=0.9,h=0.5,n=30,start_thres=1.25",hub,0.25,10,18,40,1730,0,0,40,1730,0.0,0.0,0.0,0.0,0.1639417762106115
ni_tfnbs,"e=0.9,h=1.0,n=30,start_thres=1.25",hub,0.25,10,18,40,1730,0,0,40,1730,0.0,0.0,0.0,0.0,0.1639417762106115
ni_tfnbs,"e=0.9,h=2.0,n=30,start_thres=1.25",hub,0.25,10,18,40,1730,0,0,40,1730,0.0,0.0,0.0,0.0,0.1639417762106115
ni_tfnbs,"e=0.9,h=3.0,n=30,start_thres=1.25",hub,0.25,10,18,40,1730,0,0,40,1730,0.0,0.0,0.0,0.0,0.1639417762106115
ni_tfnbs,"e=0.9,h=4.0,n=30,start_thres=1.25",hub,0.25,10,18,40,1730,0,0,40,1730,0.0,0.0,0.0,0.0,0.1639417762106115
ni_tfnbs,"e=0.9,h=5.0,n=30,start_thres=1.25",hub,0.25,10,18,40,1730,0,0,40,1730,0.0,0.0,0.0,0.0,0.1639417762106115
ni_tfnbs,"e=0.9,h=6.0,n=30,start_thres=1.25",hub,0.25,10,18,40,1730,0,0,40,1730,0.0,0.0,0.0,0.0,0.1639417762106115
ni_tfnbs,"e=0.9,h=7.0,n=30,start_thres=1.25",hub,0.25,10,18,40,1730,0,0,40,1730,0.0,0.0,0.0,0.0,0.1639417762106115
ni_tfnbs,"e=0.9,h=8.0,n=30,start_thres=1.25",hub,0.25,10,18,40,1730,0,0,40,1730,0.0,0.0,0.0,0.0,0.1639417762106115
ni_tfnbs,"e=0.9,h=9.0,n=30,start_thres=1.25",hub,0.25,10,18,40,1730,0,0,40,1730,0.0,0.0,0.0,0.0,0.1639417762106115
ni_tfnbs,"e=0.9,h=10.0,n=30,start_thres=1.25",hub,0.25,10,18,40,1730,0,0,40,1730,0.0,0.0,0.0,0.0,0.1639417762106115
ni_tfnbs,"e=1.0,h=0.5,n=30,start_thres=1.25",hub,0.25,10,18,40,1730,0,0,40,1730,0.0,0.0,0.0,0.0,0.1639417762106115
ni_tfnbs,"e=1.0,h=1.0,n=30,start_thres=1.25",hub,0.25,10,18,40,1730,0,0,40,1730,0.0,0.0,0.0,0.0,0.1639417762106115
ni_tfnbs,"e=1.0,h=2.0,n=30,start_thres=1.25",hub,0.25,10,18,40,1730,0,0,40,1730,0.0,0.0,0.0,0.0,0.1639417762106115
ni_tfnbs,"e=1.0,h=3.0,n=30,start_thres=1.25",hub,0.25,10,18,40,1730,0,0,40,1730,0.0,0.0,0.0,0.0,0.1639417762106115
ni_tfnbs,"e=1.0,h=4.0,n=30,start_thres=1.25",hub,0.25,10,18,40,1730,0,0,40,1730,0.0,0.0,0.0,0.0,0.1639417762106115
ni_tfnbs,"e=1.0,h=5.0,n=30,start_thres=1.25",hub,0.25,10,18,40,1730,0,0,40,1730,0.0,0.0,0.0,0.0,0.1639417762106115
ni_tfnbs,"e=1.0,h=6.0,n=30,start_thres=1.25",hub,0.25,10,18,40,1730,0,0,40,1730,0.0,0.0,0.0,0.0,0.1639417762106115
ni_tfnbs,"e=1.0,h=7.0,n=30,start_thres=1.25",hub,0.25,10,18,40,1730,0,0,40,1730,0.0,0.0,0.0,0.0,0.1639417762106115
ni_tfnbs,"e=1.0,h=8.0,n=30,start_thres=1.25",hub,0.25,10,18,40,1730,0,0,40,1730,0.0,0.0,0.0,0.0,0.1639417762106115
ni_tfnbs,"e=1.0,h=9.0,n=30,start_thres=1.25",hub,0.25,10,18,40,1730,0,0,40,1730,0.0,0.0,0.0,0.0,0.1639417762106115
ni_tfnbs,"e=1.0,h=10.0,n=30,start_thres=1.25",hub,0.25,10,18,40,1730,0,0,40,1730,0.0,0.0,0.0,0.0,0.1639417762106115
ni_tfnbs,"e=1.1,h=0.5,n=30,start_thres=1.25",hub,0.25,10,18,40,1730,0,0,40,1730,0.0,0.0,0.0,0.0,0.1639417762106115
ni_tfnbs,"e=1.1,h=1.0,n=30,start_thres=1.25",hub,0.25,10,18,40,1730,0,0,40,1730,0.0,0.0,0.0,0.0,0.1639417762106115
ni_tfnbs,"e=1.1,h=2.0,n=30,start_thres=1.25",hub,0.25,10,18,40,1730,0,0,40,1730,0.0,0.0,0.0,0.0,0.1639417762106115
ni_tfnbs,"e=1.1,h=3.0,n=30,start_thres=1.25",hub,0.25,10,18,40,1730,0,0,40,1730,0.0,0.0,0.0,0.0,0.1639417762106115
ni_tfnbs,"e=1.1,h=4.0,n=30,start_thres=1.25",hub,0.25,10,18,40,1730,0,0,40,1730,0.0,0.0,0.0,0.0,0.1639417762106115
ni_tfnbs,"e=1.1,h=5.0,n=30,start_thres=1.25",hub,0.25,10,18,40,1730,0,0,40,1730,0.0,0.0,0.0,0.0,0.1639417762106115
ni_tfnbs,"e=1.1,h=6.0,n=30,start_thres=1.25",hub,0.25,10,18,40,1730,0,0,40,1730,0.0,0.0,0.0,0.0,0.1639417762106115
ni_tfnbs,"e=1.1,h=7.0,n=30,start_thres=1.25",hub,0.25,10,18,40,1730,0,0,40,1730,0.0,0.0,0.0,0.0,0.1639417762106115
ni_tfnbs,"e=1.1,h=8.0,n=30,start_thres=1.25",hub,0.25,10,18,40,1730,0,0,40,1730,0.0,0.0,0.0,0.0,0.1639417762106115
ni_tfnbs,"e=1.1,h=9.0,n=30,start_thres=1.25",hub,0.25,10,18,40,1730,0,0,40,1730,0.0,0.0,0.0,0.0,0.1639417762106115
ni_tfnbs,"e=1.1,h=10.0,n=30,start_thres=1.25",hub,0.25,10,18,40,1730,0,0,40,1730,0.0,0.0,0.0,0.0,0.1639417762106115
ni_tfnbs,"e=1.2,h=0.5,n=30,start_thres=1.25",hub,0.25,10,18,40,1730,0,0,40,1730,0.0,0.0,0.0,0.0,0.1639417762106115
ni_tfnbs,"e=1.2,h=1.0,n=30,start_thres=1.25",hub,0.25,10,18,40,1730,0,0,40,1730,0.0,0.0,0.0,0.0,0.1639417762106115
ni_tfnbs,"e=1.2,h=2.0,n=30,start_thres=1.25",hub,0.25,10,18,40,1730,0,0,40,1730,0.0,0.0,0.0,0.0,0.1639417762106115
ni_tfnbs,"e=1.2,h=3.0,n=30,start_thres=1.25",hub,0.25,10,18,40,1730,0,0,40,1730,0.0,0.0,0.0,0.0,0.1639417762106115
ni_tfnbs,"e=1.2,h=4.0,n=30,start_thres=1.25",hub,0.25,10,18,40,1730,0,0,40,1730,0.0,0.0,0.0,0.0,0.1639417762106115
ni_tfnbs,"e=1.2,h=5.0,n=30,start_thres=1.25",hub,0.25,10,18,40,1730,0,0,40,1730,0.0,0.0,0.0,0.0,0.1639417762106115
ni_tfnbs,"e=1.2,h=6.0,n=30,start_thres=1.25",hub,0.25,10,18,40,1730,0,0,40,1730,0.0,0.0,0.0,0.0,0.1639417762106115
ni_tfnbs,"e=1.2,h=7.0,n=30,start_thres=1.25",hub,0.25,10,18,40,1730,0,0,40,1730,0.0,0.0,0.0,0.0,0.1639417762106115
ni_tfnbs,"e=1.2,h=8.0,n=30,start_thres=1.25",hub,0.25,10,18,40,1730,0,0,40,1730,0.0,0.0,0.0,0.0,0.1639417762106115
ni_tfnbs,"e=1.2,h=9.0,n=30,start_thres=1.25",hub,0.25,10,18,40,1730,0,0,40,1730,0.0,0.0,0.0,0.0,0.1639417762106115
ni_tfnbs,"e=1.2,h=10.0,n=30,start_thres=1.25",hub,0.25,10,18,40,1730,0,0,40,1730,0.0,0.0,0.0,0.0,0.1639417762106115
ni_tfnbs,"e=1.3,h=0.5,n=30,start_thres=1.25",hub,0.25,10,18,40,1730,0,0,40,1730,0.0,0.0,0.0,0.0,0.1639417762106115
ni_tfnbs,"e=1.3,h=1.0,n=30,start_thres=1.25",hub,0.25,10,18,40,1730,0,0,40,1730,0.0,0.0,0.0,0.0,0.1639417762106115
ni_tfnbs,"e=1.3,h=2.0,n=30,start_thres=1.25",hub,0.25,10,18,40,1730,0,0,40,1730,0.0,0.0,0.0,0.0,0.1639417762106115
ni_tfnbs,"e=1.3,h=3.0,n=30,start_thres=1.25",hub,0.25,10,18,40,1730,0,0,40,1730,0.0,0.0,0.0,0.0,0.1639417762106115
ni_tfnbs,"e=1.3,h=4.0,n=30,start_thres=1.25",hub,0.25,10,18,40,1730,0,0,40,1730,0.0,0.0,0.0,0.0,0.1639417762106115
ni_tfnbs,"e=1.3,h=5.0,n=30,start_thres=1.25",hub,0.25,10,18,40,1730,0,0,40,1730,0.0,0.0,0.0,0.0,0.1639417762106115
ni_tfnbs,"e=1.3,h=6.0,n=30,start_thres=1.25",hub,0.25,10,18,40,1730,0,0,40,1730,0.0,0.0,0.0,0.0,0.1639417762106115
ni_tfnbs,"e=1.3,h=7.0,n=30,start_thres=1.25",hub,0.25,10,18,40,1730,0,0,40,1730,0.0,0.0,0.0,0.0,0.1639417762106115
ni_tfnbs,"e=1.3,h=8.0,n=30,start_thres=1.25",hub,0.25,10,18,40,1730,0,0,40,1730,0.0,0.0,0.0,0.0,0.1639417762106115
ni_tfnbs,"e=1.3,h=9.0,n=30,start_thres=1.25",hub,0.25,10,18,40,1730,0,0,40,1730,0.0,0.0,0.0,0.0,0.1639417762106115
ni_tfnbs,"e=1.3,h=10.0,n=30,start_thres=1.25",hub,0.25,10,18,40,1730,0,0,40,1730,0.0,0.0,0.0,0.0,0.1639417762106115
ni_tfnbs,"e=1.4,h=0.5,n=30,start_thres=1.25",hub,0.25,10,18,40,1730,0,0,40,1730,0.0,0.0,0.0,0.0,0.1639417762106115
ni_tfnbs,"e=1.4,h=1.0,n=30,start_thres=1.25",hub,0.25,10,18,40,1730,0,0,40,1730,0.0,0.0,0.0,0.0,0.1639417762106115
ni_tfnbs,"e=1.4,h=2.0,n=30,start_thres=1.25",hub,0.25,10,18,40,1730,0,0,40,1730,0.0,0.0,0.0,0.0,0.1639417762106115
ni_tfnbs,"e=1.4,h=3.0,n=30,start_thres=1.25",hub,0.25,10,18,40,1730,0,0,40,1730,0.0,0.0,0.0,0.0,0.1639417762106115
ni_tfnbs,"e=1.4,h=4.0,n=30,start_thres=1.25",hub,0.25,10,18,40,1730,0,0,40,1730,0.0,0.0,0.0,0.0,0.1639417762106115
ni_tfnbs,"e=1.4,h=5.0,n=30,start_thres=1.25",hub,0.25,10,18,40,1730,0,0,40,1730,0.0,0.0,0.0,0.0,0.1639417762106115
ni_tfnbs,"e=1.4,h=6.0,n=30,start_thres=1.25",hub,0.25,10,18,40,1730,0,0,40,1730,0.0,0.0,0.0,0.0,0.1639417762106115
ni_tfnbs,"e=1.4,h=7.0,n=30,start_thres=1.25",hub,0.25,10,18,40,1730,0,0,40,1730,0.0,0.0,0.0,0.0,0.1639417762106115
ni_tfnbs,"e=1.4,h=8.0,n=30,start_thres=1.25",hub,0.25,10,18,40,1730,0,0,40,1730,0.0,0.0,0.0,0.0,0.1639417762106115
ni_tfnbs,"e=1.4,h=9.0,n=30,start_thres=1.25",hub,0.25,10,18,40,1730,0,0,40,1730,0.0,0.0,0.0,0.0,0.1639417762106115
ni_tfnbs,"e=1.4,h=10.0,n=30,start_thres=1.25",hub,0.25,10,18,40,1730,0,0,40,1730,0.0,0.0,0.0,0.0,0.1639417762106115
ni_tfnbs,"e=1.5,h=0.5,n=30,start_thres=1.25",hub,0.25,10,18,40,1730,0,0,40,1730,0.0,0.0,0.0,0.0,0.1639417762106115
ni_tfnbs,"e=1.5,h=1.0,n=30,start_thres=1.25",hub,0.25,10,18,40,1730,0,0,40,1730,0.0,0.0,0.0,0.0,0.1639417762106115
ni_tfnbs,"e=1.5,h=2.0,n=30,start_thres=1.25",hub,0.25,10,18,40,1730,0,0,40,1730,0.0,0.0,0.0,0.0,0.1639417762106115
ni_tfnbs,"e=1.5,h=3.0,n=30,start_thres=1.25",hub,0.25,10,18,40,1730,0,0,40,1730,0.0,0.0,0.0,0.0,0.1639417762106115
ni_tfnbs,"e=1.5,h=4.0,n=30,start_thres=1.25",hub,0.25,10,18,40,1730,0,0,40,1730,0.0,0.0,0.0,0.0,0.1639417762106115
ni_tfnbs,"e=1.5,h=5.0,n=30,start_thres=1.25",hub,0.25,10,18,40,1730,0,0,40,1730,0.0,0.0,0.0,0.0,0.1639417762106115
ni_tfnbs,"e=1.5,h=6.0,n=30,start_thres=1.25",hub,0.25,10,18,40,1730,0,0,40,1730,0.0,0.0,0.0,0.0,0.1639417762106115
ni_tfnbs,"e=1.5,h=7.0,n=30,start_thres=1.25",hub,0.25,10,18,40,1730,0,0,40,1730,0.0,0.0,0.0,0.0,0.1639417762106115
ni_tfnbs,"e=1.5,h=8.0,n=30,start_thres=1.25",hub,0.25,10,18,40,1730,0,0,40,1730,0.0,0.0,0.0,0.0,0.1639417762106115
ni_tfnbs,"e=1.5,h=9.0,n=30,start_thres=1.25",hub,0.25,10,18,40,1730,0,0,40,1730,0.0,0.0,0.0,0.0,0.1639417762106115
ni_tfnbs,"e=1.5,h=10.0,n=30,start_thres=1.25",hub,0.25,10,18,40,1730,0,0,40,1730,0.0,0.0,0.0,0.0,0.1639417762106115
ni_tfnbs,"e=0.05,h=0.5,n=30,start_thres=1.25",hub,0.25,10,19,40,1730,0,0,40,1730,0.0,0.0,0.0,0.0,0.1651188080961054
ni_tfnbs,"e=0.05,h=1.0,n=30,start_thres=1.25",hub,0.25,10,19,40,1730,0,0,40,1730,0.0,0.0,0.0,0.0,0.1651188080961054
ni_tfnbs,"e=0.05,h=2.0,n=30,start_thres=1.25",hub,0.25,10,19,40,1730,0,0,40,1730,0.0,0.0,0.0,0.0,0.1651188080961054
ni_tfnbs,"e=0.05,h=3.0,n=30,start_thres=1.25",hub,0.25,10,19,40,1730,0,0,40,1730,0.0,0.0,0.0,0.0,0.1651188080961054
ni_tfnbs,"e=0.05,h=4.0,n=30,start_thres=1.25",hub,0.25,10,19,40,1730,0,0,40,1730,0.0,0.0,0.0,0.0,0.1651188080961054
ni_tfnbs,"e=0.05,h=5.0,n=30,start_thres=1.25",hub,0.25,10,19,40,1730,0,0,40,1730,0.0,0.0,0.0,0.0,0.1651188080961054
ni_tfnbs,"e=0.05,h=6.0,n=30,start_thres=1.25",hub,0.25,10,19,40,1730,0,0,40,1730,0.0,0.0,0.0,0.0,0.1651188080961054
ni_tfnbs,"e=0.05,h=7.0,n=30,start_thres=1.25",hub,0.25,10,19,40,1730,0,0,40,1730,0.0,0.0,0.0,0.0,0.1651188080961054
ni_tfnbs,"e=0.05,h=8.0,n=30,start_thres=1.25",hub,0.25,10,19,40,1730,0,0,40,1730,0.0,0.0,0.0,0.0,0.1651188080961054
ni_tfnbs,"e=0.05,h=9.0,n=30,start_thres=1.25",hub,0.25,10,19,40,1730,0,0,40,1730,0.0,0.0,0.0,0.0,0.1651188080961054
ni_tfnbs,"e=0.05,h=10.0,n=30,start_thres=1.25",hub,0.25,10,19,40,1730,0,0,40,1730,0.0,0.0,0.0,0.0,0.1651188080961054
ni_tfnbs,"e=0.1,h=0.5,n=30,start_thres=1.25",hub,0.25,10,19,40,1730,0,0,40,1730,0.0,0.0,0.0,0.0,0.1651188080961054
ni_tfnbs,"e=0.1,h=1.0,n=30,start_thres=1.25",hub,0.25,10,19,40,1730,0,0,40,1730,0.0,0.0,0.0,0.0,0.1651188080961054
ni_tfnbs,"e=0.1,h=2.0,n=30,start_thres=1.25",hub,0.25,10,19,40,1730,0,0,40,1730,0.0,0.0,0.0,0.0,0.1651188080961054
ni_tfnbs,"e=0.1,h=3.0,n=30,start_thres=1.25",hub,0.25,10,19,40,1730,0,0,40,1730,0.0,0.0,0.0,0.0,0.1651188080961054
ni_tfnbs,"e=0.1,h=4.0,n=30,start_thres=1.25",hub,0.25,10,19,40,1730,0,0,40,1730,0.0,0.0,0.0,0.0,0.1651188080961054
ni_tfnbs,"e=0.1,h=5.0,n=30,start_thres=1.25",hub,0.25,10,19,40,1730,0,0,40,1730,0.0,0.0,0.0,0.0,0.1651188080961054
ni_tfnbs,"e=0.1,h=6.0,n=30,start_thres=1.25",hub,0.25,10,19,40,1730,0,0,40,1730,0.0,0.0,0.0,0.0,0.1651188080961054
ni_tfnbs,"e=0.1,h=7.0,n=30,start_thres=1.25",hub,0.25,10,19,40,1730,0,0,40,1730,0.0,0.0,0.0,0.0,0.1651188080961054
ni_tfnbs,"e=0.1,h=8.0,n=30,start_thres=1.25",hub,0.25,10,19,40,1730,0,0,40,1730,0.0,0.0,0.0,0.0,0.1651188080961054
ni_tfnbs,"e=0.1,h=9.0,n=30,start_thres=1.25",hub,0.25,10,19,40,1730,0,0,40,1730,0.0,0.0,0.0,0.0,0.1651188080961054
ni_tfnbs,"e=0.1,h=10.0,n=30,start_thres=1.25",hub,0.25,10,19,40,1730,0,0,40,1730,0.0,0.0,0.0,0.0,0.1651188080961054
ni_tfnbs,"e=0.2,h=0.5,n=30,start_thres=1.25",hub,0.25,10,19,40,1730,0,0,40,1730,0.0,0.0,0.0,0.0,0.1651188080961054
ni_tfnbs,"e=0.2,h=1.0,n=30,start_thres=1.25",hub,0.25,10,19,40,1730,0,0,40,1730,0.0,0.0,0.0,0.0,0.1651188080961054
ni_tfnbs,"e=0.2,h=2.0,n=30,start_thres=1.25",hub,0.25,10,19,40,1730,0,0,40,1730,0.0,0.0,0.0,0.0,0.1651188080961054
ni_tfnbs,"e=0.2,h=3.0,n=30,start_thres=1.25",hub,0.25,10,19,40,1730,0,0,40,1730,0.0,0.0,0.0,0.0,0.1651188080961054
ni_tfnbs,"e=0.2,h=4.0,n=30,start_thres=1.25",hub,0.25,10,19,40,1730,0,0,40,1730,0.0,0.0,0.0,0.0,0.1651188080961054
ni_tfnbs,"e=0.2,h=5.0,n=30,start_thres=1.25",hub,0.25,10,19,40,1730,0,0,40,1730,0.0,0.0,0.0,0.0,0.1651188080961054
ni_tfnbs,"e=0.2,h=6.0,n=30,start_thres=1.25",hub,0.25,10,19,40,1730,0,0,40,1730,0.0,0.0,0.0,0.0,0.1651188080961054
ni_tfnbs,"e=0.2,h=7.0,n=30,start_thres=1.25",hub,0.25,10,19,40,1730,0,0,40,1730,0.0,0.0,0.0,0.0,0.1651188080961054
ni_tfnbs,"e=0.2,h=8.0,n=30,start_thres=1.25",hub,0.25,10,19,40,1730,0,0,40,1730,0.0,0.0,0.0,0.0,0.1651188080961054
ni_tfnbs,"e=0.2,h=9.0,n=30,start_thres=1.25",hub,0.25,10,19,40,1730,0,0,40,1730,0.0,0.0,0.0,0.0,0.1651188080961054
ni_tfnbs,"e=0.2,h=10.0,n=30,start_thres=1.25",hub,0.25,10,19,40,1730,0,0,40,1730,0.0,0.0,0.0,0.0,0.1651188080961054
ni_tfnbs,"e=0.3,h=0.5,n=30,start_thres=1.25",hub,0.25,10,19,40,1730,0,0,40,1730,0.0,0.0,0.0,0.0,0.1651188080961054
ni_tfnbs,"e=0.3,h=1.0,n=30,start_thres=1.25",hub,0.25,10,19,40,1730,0,0,40,1730,0.0,0.0,0.0,0.0,0.1651188080961054
ni_tfnbs,"e=0.3,h=2.0,n=30,start_thres=1.25",hub,0.25,10,19,40,1730,0,0,40,1730,0.0,0.0,0.0,0.0,0.1651188080961054
ni_tfnbs,"e=0.3,h=3.0,n=30,start_thres=1.25",hub,0.25,10,19,40,1730,0,0,40,1730,0.0,0.0,0.0,0.0,0.1651188080961054
ni_tfnbs,"e=0.3,h=4.0,n=30,start_thres=1.25",hub,0.25,10,19,40,1730,0,0,40,1730,0.0,0.0,0.0,0.0,0.1651188080961054
ni_tfnbs,"e=0.3,h=5.0,n=30,start_thres=1.25",hub,0.25,10,19,40,1730,0,0,40,1730,0.0,0.0,0.0,0.0,0.1651188080961054
ni_tfnbs,"e=0.3,h=6.0,n=30,start_thres=1.25",hub,0.25,10,19,40,1730,0,0,40,1730,0.0,0.0,0.0,0.0,0.1651188080961054
ni_tfnbs,"e=0.3,h=7.0,n=30,start_thres=1.25",hub,0.25,10,19,40,1730,0,0,40,1730,0.0,0.0,0.0,0.0,0.1651188080961054
ni_tfnbs,"e=0.3,h=8.0,n=30,start_thres=1.25",hub,0.25,10,19,40,1730,0,0,40,1730,0.0,0.0,0.0,0.0,0.1651188080961054
ni_tfnbs,"e=0.3,h=9.0,n=30,start_thres=1.25",hub,0.25,10,19,40,1730,0,0,40,1730,0.0,0.0,0.0,0.0,0.1651188080961054
ni_tfnbs,"e=0.3,h=10.0,n=30,start_thres=1.25",hub,0.25,10,19,40,1730,0,0,40,1730,0.0,0.0,0.0,0.0,0.1651188080961054
ni_tfnbs,"e=0.4,h=0.5,n=30,start_thres=1.25",hub,0.25,10,19,40,1730,0,0,40,1730,0.0,0.0,0.0,0.0,0.1651188080961054
ni_tfnbs,"e=0.4,h=1.0,n=30,start_thres=1.25",hub,0.25,10,19,40,1730,0,0,40,1730,0.0,0.0,0.0,0.0,0.1651188080961054
ni_tfnbs,"e=0.4,h=2.0,n=30,start_thres=1.25",hub,0.25,10,19,40,1730,0,0,40,1730,0.0,0.0,0.0,0.0,0.1651188080961054
ni_tfnbs,"e=0.4,h=3.0,n=30,start_thres=1.25",hub,0.25,10,19,40,1730,0,0,40,1730,0.0,0.0,0.0,0.0,0.1651188080961054
ni_tfnbs,"e=0.4,h=4.0,n=30,start_thres=1.25",hub,0.25,10,19,40,1730,0,0,40,1730,0.0,0.0,0.0,0.0,0.1651188080961054
ni_tfnbs,"e=0.4,h=5.0,n=30,start_thres=1.25",hub,0.25,10,19,40,1730,0,0,40,1730,0.0,0.0,0.0,0.0,0.1651188080961054
ni_tfnbs,"e=0.4,h=6.0,n=30,start_thres=1.25",hub,0.25,10,19,40,1730,0,0,40,1730,0.0,0.0,0.0,0.0,0.1651188080961054
ni_tfnbs,"e=0.4,h=7.0,n=30,start_thres=1.25",hub,0.25,10,19,40,1730,0,0,40,1730,0.0,0.0,0.0,0.0,0.1651188080961054
ni_tfnbs,"e=0.4,h=8.0,n=30,start_thres=1.25",hub,0.25,10,19,40,1730,0,0,40,1730,0.0,0.0,0.0,0.0,0.1651188080961054
ni_tfnbs,"e=0.4,h=9.0,n=30,start_thres=1.25",hub,0.25,10,19,40,1730,0,0,40,1730,0.0,0.0,0.0,0.0,0.1651188080961054
ni_tfnbs,"e=0.4,h=10.0,n=30,start_thres=1.25",hub,0.25,10,19,40,1730,0,0,40,1730,0.0,0.0,0.0,0.0,0.1651188080961054
ni_tfnbs,"e=0.5,h=0.5,n=30,start_thres=1.25",hub,0.25,10,19,40,1730,0,0,40,1730,0.0,0.0,0.0,0.0,0.1651188080961054
ni_tfnbs,"e=0.5,h=1.0,n=30,start_thres=1.25",hub,0.25,10,19,40,1730,0,0,40,1730,0.0,0.0,0.0,0.0,0.1651188080961054
ni_tfnbs,"e=0.5,h=2.0,n=30,start_thres=1.25",hub,0.25,10,19,40,1730,0,0,40,1730,0.0,0.0,0.0,0.0,0.1651188080961054
ni_tfnbs,"e=0.5,h=3.0,n=30,start_thres=1.25",hub,0.25,10,19,40,1730,0,0,40,1730,0.0,0.0,0.0,0.0,0.1651188080961054
ni_tfnbs,"e=0.5,h=4.0,n=30,start_thres=1.25",hub,0.25,10,19,40,1730,0,0,40,1730,0.0,0.0,0.0,0.0,0.1651188080961054
ni_tfnbs,"e=0.5,h=5.0,n=30,start_thres=1.25",hub,0.25,10,19,40,1730,0,0,40,1730,0.0,0.0,0.0,0.0,0.1651188080961054
ni_tfnbs,"e=0.5,h=6.0,n=30,start_thres=1.25",hub,0.25,10,19,40,1730,0,0,40,1730,0.0,0.0,0.0,0.0,0.1651188080961054
ni_tfnbs,"e=0.5,h=7.0,n=30,start_thres=1.25",hub,0.25,10,19,40,1730,0,0,40,1730,0.0,0.0,0.0,0.0,0.1651188080961054
ni_tfnbs,"e=0.5,h=8.0,n=30,start_thres=1.25",hub,0.25,10,19,40,1730,0,0,40,1730,0.0,0.0,0.0,0.0,0.1651188080961054
ni_tfnbs,"e=0.5,h=9.0,n=30,start_thres=1.25",hub,0.25,10,19,40,1730,0,0,40,1730,0.0,0.0,0.0,0.0,0.1651188080961054
ni_tfnbs,"e=0.5,h=10.0,n=30,start_thres=1.25",hub,0.25,10,19,40,1730,0,0,40,1730,0.0,0.0,0.0,0.0,0.1651188080961054
ni_tfnbs,"e=0.6,h=0.5,n=30,start_thres=1.25",hub,0.25,10,19,40,1730,0,0,40,1730,0.0,0.0,0.0,0.0,0.1651188080961054
ni_tfnbs,"e=0.6,h=1.0,n=30,start_thres=1.25",hub,0.25,10,19,40,1730,0,0,40,1730,0.0,0.0,0.0,0.0,0.1651188080961054
ni_tfnbs,"e=0.6,h=2.0,n=30,start_thres=1.25",hub,0.25,10,19,40,1730,0,0,40,1730,0.0,0.0,0.0,0.0,0.1651188080961054
ni_tfnbs,"e=0.6,h=3.0,n=30,start_thres=1.25",hub,0.25,10,19,40,1730,0,0,40,1730,0.0,0.0,0.0,0.0,0.1651188080961054
ni_tfnbs,"e=0.6,h=4.0,n=30,start_thres=1.25",hub,0.25,10,19,40,1730,0,0,40,1730,0.0,0.0,0.0,0.0,0.1651188080961054
ni_tfnbs,"e=0.6,h=5.0,n=30,start_thres=1.25",hub,0.25,10,19,40,1730,0,0,40,1730,0.0,0.0,0.0,0.0,0.1651188080961054
ni_tfnbs,"e=0.6,h=6.0,n=30,start_thres=1.25",hub,0.25,10,19,40,1730,0,0,40,1730,0.0,0.0,0.0,0.0,0.1651188080961054
ni_tfnbs,"e=0.6,h=7.0,n=30,start_thres=1.25",hub,0.25,10,19,40,1730,0,0,40,1730,0.0,0.0,0.0,0.0,0.1651188080961054
ni_tfnbs,"e=0.6,h=8.0,n=30,start_thres=1.25",hub,0.25,10,19,40,1730,0,0,40,1730,0.0,0.0,0.0,0.0,0.1651188080961054
ni_tfnbs,"e=0.6,h=9.0,n=30,start_thres=1.25",hub,0.25,10,19,40,1730,0,0,40,1730,0.0,0.0,0.0,0.0,0.1651188080961054
ni_tfnbs,"e=0.6,h=10.0,n=30,start_thres=1.25",hub,0.25,10,19,40,1730,0,0,40,1730,0.0,0.0,0.0,0.0,0.1651188080961054
ni_tfnbs,"e=0.7,h=0.5,n=30,start_thres=1.25",hub,0.25,10,19,40,1730,0,0,40,1730,0.0,0.0,0.0,0.0,0.1651188080961054
ni_tfnbs,"e=0.7,h=1.0,n=30,start_thres=1.25",hub,0.25,10,19,40,1730,0,0,40,1730,0.0,0.0,0.0,0.0,0.1651188080961054
ni_tfnbs,"e=0.7,h=2.0,n=30,start_thres=1.25",hub,0.25,10,19,40,1730,0,0,40,1730,0.0,0.0,0.0,0.0,0.1651188080961054
ni_tfnbs,"e=0.7,h=3.0,n=30,start_thres=1.25",hub,0.25,10,19,40,1730,0,0,40,1730,0.0,0.0,0.0,0.0,0.1651188080961054
ni_tfnbs,"e=0.7,h=4.0,n=30,start_thres=1.25",hub,0.25,10,19,40,1730,0,0,40,1730,0.0,0.0,0.0,0.0,0.1651188080961054
ni_tfnbs,"e=0.7,h=5.0,n=30,start_thres=1.25",hub,0.25,10,19,40,1730,0,0,40,1730,0.0,0.0,0.0,0.0,0.1651188080961054
ni_tfnbs,"e=0.7,h=6.0,n=30,start_thres=1.25",hub,0.25,10,19,40,1730,0,0,40,1730,0.0,0.0,0.0,0.0,0.1651188080961054
ni_tfnbs,"e=0.7,h=7.0,n=30,start_thres=1.25",hub,0.25,10,19,40,1730,0,0,40,1730,0.0,0.0,0.0,0.0,0.1651188080961054
ni_tfnbs,"e=0.7,h=8.0,n=30,start_thres=1.25",hub,0.25,10,19,40,1730,0,0,40,1730,0.0,0.0,0.0,0.0,0.1651188080961054
ni_tfnbs,"e=0.7,h=9.0,n=30,start_thres=1.25",hub,0.25,10,19,40,1730,0,0,40,1730,0.0,0.0,0.0,0.0,0.1651188080961054
ni_tfnbs,"e=0.7,h=10.0,n=30,start_thres=1.25",hub,0.25,10,19,40,1730,0,0,40,1730,0.0,0.0,0.0,0.0,0.1651188080961054
ni_tfnbs,"e=0.8,h=0.5,n=30,start_thres=1.25",hub,0.25,10,19,40,1730,0,0,40,1730,0.0,0.0,0.0,0.0,0.1651188080961054
ni_tfnbs,"e=0.8,h=1.0,n=30,start_thres=1.25",hub,0.25,10,19,40,1730,0,0,40,1730,0.0,0.0,0.0,0.0,0.1651188080961054
ni_tfnbs,"e=0.8,h=2.0,n=30,start_thres=1.25",hub,0.25,10,19,40,1730,0,0,40,1730,0.0,0.0,0.0,0.0,0.1651188080961054
ni_tfnbs,"e=0.8,h=3.0,n=30,start_thres=1.25",hub,0.25,10,19,40,1730,0,0,40,1730,0.0,0.0,0.0,0.0,0.1651188080961054
ni_tfnbs,"e=0.8,h=4.0,n=30,start_thres=1.25",hub,0.25,10,19,40,1730,0,0,40,1730,0.0,0.0,0.0,0.0,0.1651188080961054
ni_tfnbs,"e=0.8,h=5.0,n=30,start_thres=1.25",hub,0.25,10,19,40,1730,0,0,40,1730,0.0,0.0,0.0,0.0,0.1651188080961054
ni_tfnbs,"e=0.8,h=6.0,n=30,start_thres=1.25",hub,0.25,10,19,40,1730,0,0,40,1730,0.0,0.0,0.0,0.0,0.1651188080961054
ni_tfnbs,"e=0.8,h=7.0,n=30,start_thres=1.25",hub,0.25,10,19,40,1730,0,0,40,1730,0.0,0.0,0.0,0.0,0.1651188080961054
ni_tfnbs,"e=0.8,h=8.0,n=30,start_thres=1.25",hub,0.25,10,19,40,1730,0,0,40,1730,0.0,0.0,0.0,0.0,0.1651188080961054
ni_tfnbs,"e=0.8,h=9.0,n=30,start_thres=1.25",hub,0.25,10,19,40,1730,0,0,40,1730,0.0,0.0,0.0,0.0,0.1651188080961054
ni_tfnbs,"e=0.8,h=10.0,n=30,start_thres=1.25",hub,0.25,10,19,40,1730,0,0,40,1730,0.0,0.0,0.0,0.0,0.1651188080961054
ni_tfnbs,"e=0.9,h=0.5,n=30,start_thres=1.25",hub,0.25,10,19,40,1730,0,0,40,1730,0.0,0.0,0.0,0.0,0.1651188080961054
ni_tfnbs,"e=0.9,h=1.0,n=30,start_thres=1.25",hub,0.25,10,19,40,1730,0,0,40,1730,0.0,0.0,0.0,0.0,0.1651188080961054
ni_tfnbs,"e=0.9,h=2.0,n=30,start_thres=1.25",hub,0.25,10,19,40,1730,0,0,40,1730,0.0,0.0,0.0,0.0,0.1651188080961054
ni_tfnbs,"e=0.9,h=3.0,n=30,start_thres=1.25",hub,0.25,10,19,40,1730,0,0,40,1730,0.0,0.0,0.0,0.0,0.1651188080961054
ni_tfnbs,"e=0.9,h=4.0,n=30,start_thres=1.25",hub,0.25,10,19,40,1730,0,0,40,1730,0.0,0.0,0.0,0.0,0.1651188080961054
ni_tfnbs,"e=0.9,h=5.0,n=30,start_thres=1.25",hub,0.25,10,19,40,1730,0,0,40,1730,0.0,0.0,0.0,0.0,0.1651188080961054
ni_tfnbs,"e=0.9,h=6.0,n=30,start_thres=1.25",hub,0.25,10,19,40,1730,0,0,40,1730,0.0,0.0,0.0,0.0,0.1651188080961054
ni_tfnbs,"e=0.9,h=7.0,n=30,start_thres=1.25",hub,0.25,10,19,40,1730,0,0,40,1730,0.0,0.0,0.0,0.0,0.1651188080961054
ni_tfnbs,"e=0.9,h=8.0,n=30,start_thres=1.25",hub,0.25,10,19,40,1730,0,0,40,1730,0.0,0.0,0.0,0.0,0.1651188080961054
ni_tfnbs,"e=0.9,h=9.0,n=30,start_thres=1.25",hub,0.25,10,19,40,1730,0,0,40,1730,0.0,0.0,0.0,0.0,0.1651188080961054
ni_tfnbs,"e=0.9,h=10.0,n=30,start_thres=1.25",hub,0.25,10,19,40,1730,0,0,40,1730,0.0,0.0,0.0,0.0,0.1651188080961054
ni_tfnbs,"e=1.0,h=0.5,n=30,start_thres=1.25",hub,0.25,10,19,40,1730,0,0,40,1730,0.0,0.0,0.0,0.0,0.1651188080961054
ni_tfnbs,"e=1.0,h=1.0,n=30,start_thres=1.25",hub,0.25,10,19,40,1730,0,0,40,1730,0.0,0.0,0.0,0.0,0.1651188080961054
ni_tfnbs,"e=1.0,h=2.0,n=30,start_thres=1.25",hub,0.25,10,19,40,1730,0,0,40,1730,0.0,0.0,0.0,0.0,0.1651188080961054
ni_tfnbs,"e=1.0,h=3.0,n=30,start_thres=1.25",hub,0.25,10,19,40,1730,0,0,40,1730,0.0,0.0,0.0,0.0,0.1651188080961054
ni_tfnbs,"e=1.0,h=4.0,n=30,start_thres=1.25",hub,0.25,10,19,40,1730,0,0,40,1730,0.0,0.0,0.0,0.0,0.1651188080961054
ni_tfnbs,"e=1.0,h=5.0,n=30,start_thres=1.25",hub,0.25,10,19,40,1730,0,0,40,1730,0.0,0.0,0.0,0.0,0.1651188080961054
ni_tfnbs,"e=1.0,h=6.0,n=30,start_thres=1.25",hub,0.25,10,19,40,1730,0,0,40,1730,0.0,0.0,0.0,0.0,0.1651188080961054
ni_tfnbs,"e=1.0,h=7.0,n=30,start_thres=1.25",hub,0.25,10,19,40,1730,0,0,40,1730,0.0,0.0,0.0,0.0,0.1651188080961054
ni_tfnbs,"e=1.0,h=8.0,n=30,start_thres=1.25",hub,0.25,10,19,40,1730,0,0,40,1730,0.0,0.0,0.0,0.0,0.1651188080961054
ni_tfnbs,"e=1.0,h=9.0,n=30,start_thres=1.25",hub,0.25,10,19,40,1730,0,0,40,1730,0.0,0.0,0.0,0.0,0.1651188080961054
ni_tfnbs,"e=1.0,h=10.0,n=30,start_thres=1.25",hub,0.25,10,19,40,1730,0,0,40,1730,0.0,0.0,0.0,0.0,0.1651188080961054
ni_tfnbs,"e=1.1,h=0.5,n=30,start_thres=1.25",hub,0.25,10,19,40,1730,0,0,40,1730,0.0,0.0,0.0,0.0,0.1651188080961054
ni_tfnbs,"e=1.1,h=1.0,n=30,start_thres=1.25",hub,0.25,10,19,40,1730,0,0,40,1730,0.0,0.0,0.0,0.0,0.1651188080961054
ni_tfnbs,"e=1.1,h=2.0,n=30,start_thres=1.25",hub,0.25,10,19,40,1730,0,0,40,1730,0.0,0.0,0.0,0.0,0.1651188080961054
ni_tfnbs,"e=1.1,h=3.0,n=30,start_thres=1.25",hub,0.25,10,19,40,1730,0,0,40,1730,0.0,0.0,0.0,0.0,0.1651188080961054
ni_tfnbs,"e=1.1,h=4.0,n=30,start_thres=1.25",hub,0.25,10,19,40,1730,0,0,40,1730,0.0,0.0,0.0,0.0,0.1651188080961054
ni_tfnbs,"e=1.1,h=5.0,n=30,start_thres=1.25",hub,0.25,10,19,40,1730,0,0,40,1730,0.0,0.0,0.0,0.0,0.1651188080961054
ni_tfnbs,"e=1.1,h=6.0,n=30,start_thres=1.25",hub,0.25,10,19,40,1730,0,0,40,1730,0.0,0.0,0.0,0.0,0.1651188080961054
ni_tfnbs,"e=1.1,h=7.0,n=30,start_thres=1.25",hub,0.25,10,19,40,1730,0,0,40,1730,0.0,0.0,0.0,0.0,0.1651188080961054
ni_tfnbs,"e=1.1,h=8.0,n=30,start_thres=1.25",hub,0.25,10,19,40,1730,0,0,40,1730,0.0,0.0,0.0,0.0,0.1651188080961054
ni_tfnbs,"e=1.1,h=9.0,n=30,start_thres=1.25",hub,0.25,10,19,40,1730,0,0,40,1730,0.0,0.0,0.0,0.0,0.1651188080961054
ni_tfnbs,"e=1.1,h=10.0,n=30,start_thres=1.25",hub,0.25,10,19,40,1730,0,0,40,1730,0.0,0.0,0.0,0.0,0.1651188080961054
ni_tfnbs,"e=1.2,h=0.5,n=30,start_thres=1.25",hub,0.25,10,19,40,1730,0,0,40,1730,0.0,0.0,0.0,0.0,0.1651188080961054
ni_tfnbs,"e=1.2,h=1.0,n=30,start_thres=1.25",hub,0.25,10,19,40,1730,0,0,40,1730,0.0,0.0,0.0,0.0,0.1651188080961054
ni_tfnbs,"e=1.2,h=2.0,n=30,start_thres=1.25",hub,0.25,10,19,40,1730,0,0,40,1730,0.0,0.0,0.0,0.0,0.1651188080961054
ni_tfnbs,"e=1.2,h=3.0,n=30,start_thres=1.25",hub,0.25,10,19,40,1730,0,0,40,1730,0.0,0.0,0.0,0.0,0.1651188080961054
ni_tfnbs,"e=1.2,h=4.0,n=30,start_thres=1.25",hub,0.25,10,19,40,1730,0,0,40,1730,0.0,0.0,0.0,0.0,0.1651188080961054
ni_tfnbs,"e=1.2,h=5.0,n=30,start_thres=1.25",hub,0.25,10,19,40,1730,0,0,40,1730,0.0,0.0,0.0,0.0,0.1651188080961054
ni_tfnbs,"e=1.2,h=6.0,n=30,start_thres=1.25",hub,0.25,10,19,40,1730,0,0,40,1730,0.0,0.0,0.0,0.0,0.1651188080961054
ni_tfnbs,"e=1.2,h=7.0,n=30,start_thres=1.25",hub,0.25,10,19,40,1730,0,0,40,1730,0.0,0.0,0.0,0.0,0.1651188080961054
ni_tfnbs,"e=1.2,h=8.0,n=30,start_thres=1.25",hub,0.25,10,19,40,1730,0,0,40,1730,0.0,0.0,0.0,0.0,0.1651188080961054
ni_tfnbs,"e=1.2,h=9.0,n=30,start_thres=1.25",hub,0.25,10,19,40,1730,0,0,40,1730,0.0,0.0,0.0,0.0,0.1651188080961054
ni_tfnbs,"e=1.2,h=10.0,n=30,start_thres=1.25",hub,0.25,10,19,40,1730,0,0,40,1730,0.0,0.0,0.0,0.0,0.1651188080961054
ni_tfnbs,"e=1.3,h=0.5,n=30,start_thres=1.25",hub,0.25,10,19,40,1730,0,0,40,1730,0.0,0.0,0.0,0.0,0.1651188080961054
ni_tfnbs,"e=1.3,h=1.0,n=30,start_thres=1.25",hub,0.25,10,19,40,1730,0,0,40,1730,0.0,0.0,0.0,0.0,0.1651188080961054
ni_tfnbs,"e=1.3,h=2.0,n=30,start_thres=1.25",hub,0.25,10,19,40,1730,0,0,40,1730,0.0,0.0,0.0,0.0,0.1651188080961054
ni_tfnbs,"e=1.3,h=3.0,n=30,start_thres=1.25",hub,0.25,10,19,40,1730,0,0,40,1730,0.0,0.0,0.0,0.0,0.1651188080961054
ni_tfnbs,"e=1.3,h=4.0,n=30,start_thres=1.25",hub,0.25,10,19,40,1730,0,0,40,1730,0.0,0.0,0.0,0.0,0.1651188080961054
ni_tfnbs,"e=1.3,h=5.0,n=30,start_thres=1.25",hub,0.25,10,19,40,1730,0,0,40,1730,0.0,0.0,0.0,0.0,0.1651188080961054
ni_tfnbs,"e=1.3,h=6.0,n=30,start_thres=1.25",hub,0.25,10,19,40,1730,0,0,40,1730,0.0,0.0,0.0,0.0,0.1651188080961054
ni_tfnbs,"e=1.3,h=7.0,n=30,start_thres=1.25",hub,0.25,10,19,40,1730,0,0,40,1730,0.0,0.0,0.0,0.0,0.1651188080961054
ni_tfnbs,"e=1.3,h=8.0,n=30,start_thres=1.25",hub,0.25,10,19,40,1730,0,0,40,1730,0.0,0.0,0.0,0.0,0.1651188080961054
ni_tfnbs,"e=1.3,h=9.0,n=30,start_thres=1.25",hub,0.25,10,19,40,1730,0,0,40,1730,0.0,0.0,0.0,0.0,0.1651188080961054
ni_tfnbs,"e=1.3,h=10.0,n=30,start_thres=1.25",hub,0.25,10,19,40,1730,0,0,40,1730,0.0,0.0,0.0,0.0,0.1651188080961054
ni_tfnbs,"e=1.4,h=0.5,n=30,start_thres=1.25",hub,0.25,10,19,40,1730,0,0,40,1730,0.0,0.0,0.0,0.0,0.1651188080961054
ni_tfnbs,"e=1.4,h=1.0,n=30,start_thres=1.25",hub,0.25,10,19,40,1730,0,0,40,1730,0.0,0.0,0.0,0.0,0.1651188080961054
ni_tfnbs,"e=1.4,h=2.0,n=30,start_thres=1.25",hub,0.25,10,19,40,1730,0,0,40,1730,0.0,0.0,0.0,0.0,0.1651188080961054
ni_tfnbs,"e=1.4,h=3.0,n=30,start_thres=1.25",hub,0.25,10,19,40,1730,0,0,40,1730,0.0,0.0,0.0,0.0,0.1651188080961054
ni_tfnbs,"e=1.4,h=4.0,n=30,start_thres=1.25",hub,0.25,10,19,40,1730,0,0,40,1730,0.0,0.0,0.0,0.0,0.1651188080961054
ni_tfnbs,"e=1.4,h=5.0,n=30,start_thres=1.25",hub,0.25,10,19,40,1730,0,0,40,1730,0.0,0.0,0.0,0.0,0.1651188080961054
ni_tfnbs,"e=1.4,h=6.0,n=30,start_thres=1.25",hub,0.25,10,19,40,1730,0,0,40,1730,0.0,0.0,0.0,0.0,0.1651188080961054
ni_tfnbs,"e=1.4,h=7.0,n=30,start_thres=1.25",hub,0.25,10,19,40,1730,0,0,40,1730,0.0,0.0,0.0,0.0,0.1651188080961054
ni_tfnbs,"e=1.4,h=8.0,n=30,start_thres=1.25",hub,0.25,10,19,40,1730,0,0,40,1730,0.0,0.0,0.0,0.0,0.1651188080961054
ni_tfnbs,"e=1.4,h=9.0,n=30,start_thres=1.25",hub,0.25,10,19,40,1730,0,0,40,1730,0.0,0.0,0.0,0.0,0.1651188080961054
ni_tfnbs,"e=1.4,h=10.0,n=30,start_thres=1.25",hub,0.25,10,19,40,1730,0,0,40,1730,0.0,0.0,0.0,0.0,0.1651188080961054
ni_tfnbs,"e=1.5,h=0.5,n=30,start_thres=1.25",hub,0.25,10,19,40,1730,0,0,40,1730,0.0,0.0,0.0,0.0,0.1651188080961054
ni_tfnbs,"e=1.5,h=1.0,n=30,start_thres=1.25",hub,0.25,10,19,40,1730,0,0,40,1730,0.0,0.0,0.0,0.0,0.1651188080961054
ni_tfnbs,"e=1.5,h=2.0,n=30,start_thres=1.25",hub,0.25,10,19,40,1730,0,0,40,1730,0.0,0.0,0.0,0.0,0.1651188080961054
ni_tfnbs,"e=1.5,h=3.0,n=30,start_thres=1.25",hub,0.25,10,19,40,1730,0,0,40,1730,0.0,0.0,0.0,0.0,0.1651188080961054
ni_tfnbs,"e=1.5,h=4.0,n=30,start_thres=1.25",hub,0.25,10,19,40,1730,0,0,40,1730,0.0,0.0,0.0,0.0,0.1651188080961054
ni_tfnbs,"e=1.5,h=5.0,n=30,start_thres=1.25",hub,0.25,10,19,40,1730,0,0,40,1730,0.0,0.0,0.0,0.0,0.1651188080961054
ni_tfnbs,"e=1.5,h=6.0,n=30,start_thres=1.25",hub,0.25,10,19,40,1730,0,0,40,1730,0.0,0.0,0.0,0.0,0.1651188080961054
ni_tfnbs,"e=1.5,h=7.0,n=30,start_thres=1.25",hub,0.25,10,19,40,1730,0,0,40,1730,0.0,0.0,0.0,0.0,0.1651188080961054
ni_tfnbs,"e=1.5,h=8.0,n=30,start_thres=1.25",hub,0.25,10,19,40,1730,0,0,40,1730,0.0,0.0,0.0,0.0,0.1651188080961054
ni_tfnbs,"e=1.5,h=9.0,n=30,start_thres=1.25",hub,0.25,10,19,40,1730,0,0,40,1730,0.0,0.0,0.0,0.0,0.1651188080961054
ni_tfnbs,"e=1.5,h=10.0,n=30,start_thres=1.25",hub,0.25,10,19,40,1730,0,0,40,1730,0.0,0.0,0.0,0.0,0.1651188080961054
ni_tfnbs,"e=0.05,h=0.5,n=30,start_thres=1.25",hub,0.25,10,20,40,1730,0,0,40,1730,0.0,0.0,0.0,0.0,0.1639805503866889
ni_tfnbs,"e=0.05,h=1.0,n=30,start_thres=1.25",hub,0.25,10,20,40,1730,0,0,40,1730,0.0,0.0,0.0,0.0,0.1639805503866889
ni_tfnbs,"e=0.05,h=2.0,n=30,start_thres=1.25",hub,0.25,10,20,40,1730,0,0,40,1730,0.0,0.0,0.0,0.0,0.1639805503866889
ni_tfnbs,"e=0.05,h=3.0,n=30,start_thres=1.25",hub,0.25,10,20,40,1730,0,0,40,1730,0.0,0.0,0.0,0.0,0.1639805503866889
ni_tfnbs,"e=0.05,h=4.0,n=30,start_thres=1.25",hub,0.25,10,20,40,1730,0,0,40,1730,0.0,0.0,0.0,0.0,0.1639805503866889
ni_tfnbs,"e=0.05,h=5.0,n=30,start_thres=1.25",hub,0.25,10,20,40,1730,0,0,40,1730,0.0,0.0,0.0,0.0,0.1639805503866889
ni_tfnbs,"e=0.05,h=6.0,n=30,start_thres=1.25",hub,0.25,10,20,40,1730,0,0,40,1730,0.0,0.0,0.0,0.0,0.1639805503866889
ni_tfnbs,"e=0.05,h=7.0,n=30,start_thres=1.25",hub,0.25,10,20,40,1730,0,0,40,1730,0.0,0.0,0.0,0.0,0.1639805503866889
ni_tfnbs,"e=0.05,h=8.0,n=30,start_thres=1.25",hub,0.25,10,20,40,1730,0,0,40,1730,0.0,0.0,0.0,0.0,0.1639805503866889
ni_tfnbs,"e=0.05,h=9.0,n=30,start_thres=1.25",hub,0.25,10,20,40,1730,0,0,40,1730,0.0,0.0,0.0,0.0,0.1639805503866889
ni_tfnbs,"e=0.05,h=10.0,n=30,start_thres=1.25",hub,0.25,10,20,40,1730,0,0,40,1730,0.0,0.0,0.0,0.0,0.1639805503866889
ni_tfnbs,"e=0.1,h=0.5,n=30,start_thres=1.25",hub,0.25,10,20,40,1730,0,0,40,1730,0.0,0.0,0.0,0.0,0.1639805503866889
ni_tfnbs,"e=0.1,h=1.0,n=30,start_thres=1.25",hub,0.25,10,20,40,1730,0,0,40,1730,0.0,0.0,0.0,0.0,0.1639805503866889
ni_tfnbs,"e=0.1,h=2.0,n=30,start_thres=1.25",hub,0.25,10,20,40,1730,0,0,40,1730,0.0,0.0,0.0,0.0,0.1639805503866889
ni_tfnbs,"e=0.1,h=3.0,n=30,start_thres=1.25",hub,0.25,10,20,40,1730,0,0,40,1730,0.0,0.0,0.0,0.0,0.1639805503866889
ni_tfnbs,"e=0.1,h=4.0,n=30,start_thres=1.25",hub,0.25,10,20,40,1730,0,0,40,1730,0.0,0.0,0.0,0.0,0.1639805503866889
ni_tfnbs,"e=0.1,h=5.0,n=30,start_thres=1.25",hub,0.25,10,20,40,1730,0,0,40,1730,0.0,0.0,0.0,0.0,0.1639805503866889
ni_tfnbs,"e=0.1,h=6.0,n=30,start_thres=1.25",hub,0.25,10,20,40,1730,0,0,40,1730,0.0,0.0,0.0,0.0,0.1639805503866889
ni_tfnbs,"e=0.1,h=7.0,n=30,start_thres=1.25",hub,0.25,10,20,40,1730,0,0,40,1730,0.0,0.0,0.0,0.0,0.1639805503866889
ni_tfnbs,"e=0.1,h=8.0,n=30,start_thres=1.25",hub,0.25,10,20,40,1730,0,0,40,1730,0.0,0.0,0.0,0.0,0.1639805503866889
ni_tfnbs,"e=0.1,h=9.0,n=30,start_thres=1.25",hub,0.25,10,20,40,1730,0,0,40,1730,0.0,0.0,0.0,0.0,0.1639805503866889
ni_tfnbs,"e=0.1,h=10.0,n=30,start_thres=1.25",hub,0.25,10,20,40,1730,0,0,40,1730,0.0,0.0,0.0,0.0,0.1639805503866889
ni_tfnbs,"e=0.2,h=0.5,n=30,start_thres=1.25",hub,0.25,10,20,40,1730,0,0,40,1730,0.0,0.0,0.0,0.0,0.1639805503866889
ni_tfnbs,"e=0.2,h=1.0,n=30,start_thres=1.25",hub,0.25,10,20,40,1730,0,0,40,1730,0.0,0.0,0.0,0.0,0.1639805503866889
ni_tfnbs,"e=0.2,h=2.0,n=30,start_thres=1.25",hub,0.25,10,20,40,1730,0,0,40,1730,0.0,0.0,0.0,0.0,0.1639805503866889
ni_tfnbs,"e=0.2,h=3.0,n=30,start_thres=1.25",hub,0.25,10,20,40,1730,0,0,40,1730,0.0,0.0,0.0,0.0,0.1639805503866889
ni_tfnbs,"e=0.2,h=4.0,n=30,start_thres=1.25",hub,0.25,10,20,40,1730,0,0,40,1730,0.0,0.0,0.0,0.0,0.1639805503866889
ni_tfnbs,"e=0.2,h=5.0,n=30,start_thres=1.25",hub,0.25,10,20,40,1730,0,0,40,1730,0.0,0.0,0.0,0.0,0.1639805503866889
ni_tfnbs,"e=0.2,h=6.0,n=30,start_thres=1.25",hub,0.25,10,20,40,1730,0,0,40,1730,0.0,0.0,0.0,0.0,0.1639805503866889
ni_tfnbs,"e=0.2,h=7.0,n=30,start_thres=1.25",hub,0.25,10,20,40,1730,0,0,40,1730,0.0,0.0,0.0,0.0,0.1639805503866889
ni_tfnbs,"e=0.2,h=8.0,n=30,start_thres=1.25",hub,0.25,10,20,40,1730,0,0,40,1730,0.0,0.0,0.0,0.0,0.1639805503866889
ni_tfnbs,"e=0.2,h=9.0,n=30,start_thres=1.25",hub,0.25,10,20,40,1730,0,0,40,1730,0.0,0.0,0.0,0.0,0.1639805503866889
ni_tfnbs,"e=0.2,h=10.0,n=30,start_thres=1.25",hub,0.25,10,20,40,1730,0,0,40,1730,0.0,0.0,0.0,0.0,0.1639805503866889
ni_tfnbs,"e=0.3,h=0.5,n=30,start_thres=1.25",hub,0.25,10,20,40,1730,0,0,40,1730,0.0,0.0,0.0,0.0,0.1639805503866889
ni_tfnbs,"e=0.3,h=1.0,n=30,start_thres=1.25",hub,0.25,10,20,40,1730,0,0,40,1730,0.0,0.0,0.0,0.0,0.1639805503866889
ni_tfnbs,"e=0.3,h=2.0,n=30,start_thres=1.25",hub,0.25,10,20,40,1730,0,0,40,1730,0.0,0.0,0.0,0.0,0.1639805503866889
ni_tfnbs,"e=0.3,h=3.0,n=30,start_thres=1.25",hub,0.25,10,20,40,1730,0,0,40,1730,0.0,0.0,0.0,0.0,0.1639805503866889
ni_tfnbs,"e=0.3,h=4.0,n=30,start_thres=1.25",hub,0.25,10,20,40,1730,0,0,40,1730,0.0,0.0,0.0,0.0,0.1639805503866889
ni_tfnbs,"e=0.3,h=5.0,n=30,start_thres=1.25",hub,0.25,10,20,40,1730,0,0,40,1730,0.0,0.0,0.0,0.0,0.1639805503866889
ni_tfnbs,"e=0.3,h=6.0,n=30,start_thres=1.25",hub,0.25,10,20,40,1730,0,0,40,1730,0.0,0.0,0.0,0.0,0.1639805503866889
ni_tfnbs,"e=0.3,h=7.0,n=30,start_thres=1.25",hub,0.25,10,20,40,1730,0,0,40,1730,0.0,0.0,0.0,0.0,0.1639805503866889
ni_tfnbs,"e=0.3,h=8.0,n=30,start_thres=1.25",hub,0.25,10,20,40,1730,0,0,40,1730,0.0,0.0,0.0,0.0,0.1639805503866889
ni_tfnbs,"e=0.3,h=9.0,n=30,start_thres=1.25",hub,0.25,10,20,40,1730,0,0,40,1730,0.0,0.0,0.0,0.0,0.1639805503866889
ni_tfnbs,"e=0.3,h=10.0,n=30,start_thres=1.25",hub,0.25,10,20,40,1730,0,0,40,1730,0.0,0.0,0.0,0.0,0.1639805503866889
ni_tfnbs,"e=0.4,h=0.5,n=30,start_thres=1.25",hub,0.25,10,20,40,1730,0,0,40,1730,0.0,0.0,0.0,0.0,0.1639805503866889
ni_tfnbs,"e=0.4,h=1.0,n=30,start_thres=1.25",hub,0.25,10,20,40,1730,0,0,40,1730,0.0,0.0,0.0,0.0,0.1639805503866889
ni_tfnbs,"e=0.4,h=2.0,n=30,start_thres=1.25",hub,0.25,10,20,40,1730,0,0,40,1730,0.0,0.0,0.0,0.0,0.1639805503866889
ni_tfnbs,"e=0.4,h=3.0,n=30,start_thres=1.25",hub,0.25,10,20,40,1730,0,0,40,1730,0.0,0.0,0.0,0.0,0.1639805503866889
ni_tfnbs,"e=0.4,h=4.0,n=30,start_thres=1.25",hub,0.25,10,20,40,1730,0,0,40,1730,0.0,0.0,0.0,0.0,0.1639805503866889
ni_tfnbs,"e=0.4,h=5.0,n=30,start_thres=1.25",hub,0.25,10,20,40,1730,0,0,40,1730,0.0,0.0,0.0,0.0,0.1639805503866889
ni_tfnbs,"e=0.4,h=6.0,n=30,start_thres=1.25",hub,0.25,10,20,40,1730,0,0,40,1730,0.0,0.0,0.0,0.0,0.1639805503866889
ni_tfnbs,"e=0.4,h=7.0,n=30,start_thres=1.25",hub,0.25,10,20,40,1730,0,0,40,1730,0.0,0.0,0.0,0.0,0.1639805503866889
ni_tfnbs,"e=0.4,h=8.0,n=30,start_thres=1.25",hub,0.25,10,20,40,1730,0,0,40,1730,0.0,0.0,0.0,0.0,0.1639805503866889
ni_tfnbs,"e=0.4,h=9.0,n=30,start_thres=1.25",hub,0.25,10,20,40,1730,0,0,40,1730,0.0,0.0,0.0,0.0,0.1639805503866889
ni_tfnbs,"e=0.4,h=10.0,n=30,start_thres=1.25",hub,0.25,10,20,40,1730,0,0,40,1730,0.0,0.0,0.0,0.0,0.1639805503866889
ni_tfnbs,"e=0.5,h=0.5,n=30,start_thres=1.25",hub,0.25,10,20,40,1730,0,0,40,1730,0.0,0.0,0.0,0.0,0.1639805503866889
ni_tfnbs,"e=0.5,h=1.0,n=30,start_thres=1.25",hub,0.25,10,20,40,1730,0,0,40,1730,0.0,0.0,0.0,0.0,0.1639805503866889
ni_tfnbs,"e=0.5,h=2.0,n=30,start_thres=1.25",hub,0.25,10,20,40,1730,0,0,40,1730,0.0,0.0,0.0,0.0,0.1639805503866889
ni_tfnbs,"e=0.5,h=3.0,n=30,start_thres=1.25",hub,0.25,10,20,40,1730,0,0,40,1730,0.0,0.0,0.0,0.0,0.1639805503866889
ni_tfnbs,"e=0.5,h=4.0,n=30,start_thres=1.25",hub,0.25,10,20,40,1730,0,0,40,1730,0.0,0.0,0.0,0.0,0.1639805503866889
ni_tfnbs,"e=0.5,h=5.0,n=30,start_thres=1.25",hub,0.25,10,20,40,1730,0,0,40,1730,0.0,0.0,0.0,0.0,0.1639805503866889
ni_tfnbs,"e=0.5,h=6.0,n=30,start_thres=1.25",hub,0.25,10,20,40,1730,0,0,40,1730,0.0,0.0,0.0,0.0,0.1639805503866889
ni_tfnbs,"e=0.5,h=7.0,n=30,start_thres=1.25",hub,0.25,10,20,40,1730,0,0,40,1730,0.0,0.0,0.0,0.0,0.1639805503866889
ni_tfnbs,"e=0.5,h=8.0,n=30,start_thres=1.25",hub,0.25,10,20,40,1730,0,0,40,1730,0.0,0.0,0.0,0.0,0.1639805503866889
ni_tfnbs,"e=0.5,h=9.0,n=30,start_thres=1.25",hub,0.25,10,20,40,1730,0,0,40,1730,0.0,0.0,0.0,0.0,0.1639805503866889
ni_tfnbs,"e=0.5,h=10.0,n=30,start_thres=1.25",hub,0.25,10,20,40,1730,0,0,40,1730,0.0,0.0,0.0,0.0,0.1639805503866889
ni_tfnbs,"e=0.6,h=0.5,n=30,start_thres=1.25",hub,0.25,10,20,40,1730,0,0,40,1730,0.0,0.0,0.0,0.0,0.1639805503866889
ni_tfnbs,"e=0.6,h=1.0,n=30,start_thres=1.25",hub,0.25,10,20,40,1730,0,0,40,1730,0.0,0.0,0.0,0.0,0.1639805503866889
ni_tfnbs,"e=0.6,h=2.0,n=30,start_thres=1.25",hub,0.25,10,20,40,1730,0,0,40,1730,0.0,0.0,0.0,0.0,0.1639805503866889
ni_tfnbs,"e=0.6,h=3.0,n=30,start_thres=1.25",hub,0.25,10,20,40,1730,0,0,40,1730,0.0,0.0,0.0,0.0,0.1639805503866889
ni_tfnbs,"e=0.6,h=4.0,n=30,start_thres=1.25",hub,0.25,10,20,40,1730,0,0,40,1730,0.0,0.0,0.0,0.0,0.1639805503866889
ni_tfnbs,"e=0.6,h=5.0,n=30,start_thres=1.25",hub,0.25,10,20,40,1730,0,0,40,1730,0.0,0.0,0.0,0.0,0.1639805503866889
ni_tfnbs,"e=0.6,h=6.0,n=30,start_thres=1.25",hub,0.25,10,20,40,1730,0,0,40,1730,0.0,0.0,0.0,0.0,0.1639805503866889
ni_tfnbs,"e=0.6,h=7.0,n=30,start_thres=1.25",hub,0.25,10,20,40,1730,0,0,40,1730,0.0,0.0,0.0,0.0,0.1639805503866889
ni_tfnbs,"e=0.6,h=8.0,n=30,start_thres=1.25",hub,0.25,10,20,40,1730,0,0,40,1730,0.0,0.0,0.0,0.0,0.1639805503866889
ni_tfnbs,"e=0.6,h=9.0,n=30,start_thres=1.25",hub,0.25,10,20,40,1730,0,0,40,1730,0.0,0.0,0.0,0.0,0.1639805503866889
ni_tfnbs,"e=0.6,h=10.0,n=30,start_thres=1.25",hub,0.25,10,20,40,1730,0,0,40,1730,0.0,0.0,0.0,0.0,0.1639805503866889
ni_tfnbs,"e=0.7,h=0.5,n=30,start_thres=1.25",hub,0.25,10,20,40,1730,0,0,40,1730,0.0,0.0,0.0,0.0,0.1639805503866889
ni_tfnbs,"e=0.7,h=1.0,n=30,start_thres=1.25",hub,0.25,10,20,40,1730,0,0,40,1730,0.0,0.0,0.0,0.0,0.1639805503866889
ni_tfnbs,"e=0.7,h=2.0,n=30,start_thres=1.25",hub,0.25,10,20,40,1730,0,0,40,1730,0.0,0.0,0.0,0.0,0.1639805503866889
ni_tfnbs,"e=0.7,h=3.0,n=30,start_thres=1.25",hub,0.25,10,20,40,1730,0,0,40,1730,0.0,0.0,0.0,0.0,0.1639805503866889
ni_tfnbs,"e=0.7,h=4.0,n=30,start_thres=1.25",hub,0.25,10,20,40,1730,0,0,40,1730,0.0,0.0,0.0,0.0,0.1639805503866889
ni_tfnbs,"e=0.7,h=5.0,n=30,start_thres=1.25",hub,0.25,10,20,40,1730,0,0,40,1730,0.0,0.0,0.0,0.0,0.1639805503866889
ni_tfnbs,"e=0.7,h=6.0,n=30,start_thres=1.25",hub,0.25,10,20,40,1730,0,0,40,1730,0.0,0.0,0.0,0.0,0.1639805503866889
ni_tfnbs,"e=0.7,h=7.0,n=30,start_thres=1.25",hub,0.25,10,20,40,1730,0,0,40,1730,0.0,0.0,0.0,0.0,0.1639805503866889
ni_tfnbs,"e=0.7,h=8.0,n=30,start_thres=1.25",hub,0.25,10,20,40,1730,0,0,40,1730,0.0,0.0,0.0,0.0,0.1639805503866889
ni_tfnbs,"e=0.7,h=9.0,n=30,start_thres=1.25",hub,0.25,10,20,40,1730,0,0,40,1730,0.0,0.0,0.0,0.0,0.1639805503866889
ni_tfnbs,"e=0.7,h=10.0,n=30,start_thres=1.25",hub,0.25,10,20,40,1730,0,0,40,1730,0.0,0.0,0.0,0.0,0.1639805503866889
ni_tfnbs,"e=0.8,h=0.5,n=30,start_thres=1.25",hub,0.25,10,20,40,1730,0,0,40,1730,0.0,0.0,0.0,0.0,0.1639805503866889
ni_tfnbs,"e=0.8,h=1.0,n=30,start_thres=1.25",hub,0.25,10,20,40,1730,0,0,40,1730,0.0,0.0,0.0,0.0,0.1639805503866889
ni_tfnbs,"e=0.8,h=2.0,n=30,start_thres=1.25",hub,0.25,10,20,40,1730,0,0,40,1730,0.0,0.0,0.0,0.0,0.1639805503866889
ni_tfnbs,"e=0.8,h=3.0,n=30,start_thres=1.25",hub,0.25,10,20,40,1730,0,0,40,1730,0.0,0.0,0.0,0.0,0.1639805503866889
ni_tfnbs,"e=0.8,h=4.0,n=30,start_thres=1.25",hub,0.25,10,20,40,1730,0,0,40,1730,0.0,0.0,0.0,0.0,0.1639805503866889
ni_tfnbs,"e=0.8,h=5.0,n=30,start_thres=1.25",hub,0.25,10,20,40,1730,0,0,40,1730,0.0,0.0,0.0,0.0,0.1639805503866889
ni_tfnbs,"e=0.8,h=6.0,n=30,start_thres=1.25",hub,0.25,10,20,40,1730,0,0,40,1730,0.0,0.0,0.0,0.0,0.1639805503866889
ni_tfnbs,"e=0.8,h=7.0,n=30,start_thres=1.25",hub,0.25,10,20,40,1730,0,0,40,1730,0.0,0.0,0.0,0.0,0.1639805503866889
ni_tfnbs,"e=0.8,h=8.0,n=30,start_thres=1.25",hub,0.25,10,20,40,1730,0,0,40,1730,0.0,0.0,0.0,0.0,0.1639805503866889
ni_tfnbs,"e=0.8,h=9.0,n=30,start_thres=1.25",hub,0.25,10,20,40,1730,0,0,40,1730,0.0,0.0,0.0,0.0,0.1639805503866889
ni_tfnbs,"e=0.8,h=10.0,n=30,start_thres=1.25",hub,0.25,10,20,40,1730,0,0,40,1730,0.0,0.0,0.0,0.0,0.1639805503866889
ni_tfnbs,"e=0.9,h=0.5,n=30,start_thres=1.25",hub,0.25,10,20,40,1730,0,0,40,1730,0.0,0.0,0.0,0.0,0.1639805503866889
ni_tfnbs,"e=0.9,h=1.0,n=30,start_thres=1.25",hub,0.25,10,20,40,1730,0,0,40,1730,0.0,0.0,0.0,0.0,0.1639805503866889
ni_tfnbs,"e=0.9,h=2.0,n=30,start_thres=1.25",hub,0.25,10,20,40,1730,0,0,40,1730,0.0,0.0,0.0,0.0,0.1639805503866889
ni_tfnbs,"e=0.9,h=3.0,n=30,start_thres=1.25",hub,0.25,10,20,40,1730,0,0,40,1730,0.0,0.0,0.0,0.0,0.1639805503866889
ni_tfnbs,"e=0.9,h=4.0,n=30,start_thres=1.25",hub,0.25,10,20,40,1730,0,0,40,1730,0.0,0.0,0.0,0.0,0.1639805503866889
ni_tfnbs,"e=0.9,h=5.0,n=30,start_thres=1.25",hub,0.25,10,20,40,1730,0,0,40,1730,0.0,0.0,0.0,0.0,0.1639805503866889
ni_tfnbs,"e=0.9,h=6.0,n=30,start_thres=1.25",hub,0.25,10,20,40,1730,0,0,40,1730,0.0,0.0,0.0,0.0,0.1639805503866889
ni_tfnbs,"e=0.9,h=7.0,n=30,start_thres=1.25",hub,0.25,10,20,40,1730,0,0,40,1730,0.0,0.0,0.0,0.0,0.1639805503866889
ni_tfnbs,"e=0.9,h=8.0,n=30,start_thres=1.25",hub,0.25,10,20,40,1730,0,0,40,1730,0.0,0.0,0.0,0.0,0.1639805503866889
ni_tfnbs,"e=0.9,h=9.0,n=30,start_thres=1.25",hub,0.25,10,20,40,1730,0,0,40,1730,0.0,0.0,0.0,0.0,0.1639805503866889
ni_tfnbs,"e=0.9,h=10.0,n=30,start_thres=1.25",hub,0.25,10,20,40,1730,0,0,40,1730,0.0,0.0,0.0,0.0,0.1639805503866889
ni_tfnbs,"e=1.0,h=0.5,n=30,start_thres=1.25",hub,0.25,10,20,40,1730,0,0,40,1730,0.0,0.0,0.0,0.0,0.1639805503866889
ni_tfnbs,"e=1.0,h=1.0,n=30,start_thres=1.25",hub,0.25,10,20,40,1730,0,0,40,1730,0.0,0.0,0.0,0.0,0.1639805503866889
ni_tfnbs,"e=1.0,h=2.0,n=30,start_thres=1.25",hub,0.25,10,20,40,1730,0,0,40,1730,0.0,0.0,0.0,0.0,0.1639805503866889
ni_tfnbs,"e=1.0,h=3.0,n=30,start_thres=1.25",hub,0.25,10,20,40,1730,0,0,40,1730,0.0,0.0,0.0,0.0,0.1639805503866889
ni_tfnbs,"e=1.0,h=4.0,n=30,start_thres=1.25",hub,0.25,10,20,40,1730,0,0,40,1730,0.0,0.0,0.0,0.0,0.1639805503866889
ni_tfnbs,"e=1.0,h=5.0,n=30,start_thres=1.25",hub,0.25,10,20,40,1730,0,0,40,1730,0.0,0.0,0.0,0.0,0.1639805503866889
ni_tfnbs,"e=1.0,h=6.0,n=30,start_thres=1.25",hub,0.25,10,20,40,1730,0,0,40,1730,0.0,0.0,0.0,0.0,0.1639805503866889
ni_tfnbs,"e=1.0,h=7.0,n=30,start_thres=1.25",hub,0.25,10,20,40,1730,0,0,40,1730,0.0,0.0,0.0,0.0,0.1639805503866889
ni_tfnbs,"e=1.0,h=8.0,n=30,start_thres=1.25",hub,0.25,10,20,40,1730,0,0,40,1730,0.0,0.0,0.0,0.0,0.1639805503866889
ni_tfnbs,"e=1.0,h=9.0,n=30,start_thres=1.25",hub,0.25,10,20,40,1730,0,0,40,1730,0.0,0.0,0.0,0.0,0.1639805503866889
ni_tfnbs,"e=1.0,h=10.0,n=30,start_thres=1.25",hub,0.25,10,20,40,1730,0,0,40,1730,0.0,0.0,0.0,0.0,0.1639805503866889
ni_tfnbs,"e=1.1,h=0.5,n=30,start_thres=1.25",hub,0.25,10,20,40,1730,0,0,40,1730,0.0,0.0,0.0,0.0,0.1639805503866889
ni_tfnbs,"e=1.1,h=1.0,n=30,start_thres=1.25",hub,0.25,10,20,40,1730,0,0,40,1730,0.0,0.0,0.0,0.0,0.1639805503866889
ni_tfnbs,"e=1.1,h=2.0,n=30,start_thres=1.25",hub,0.25,10,20,40,1730,0,0,40,1730,0.0,0.0,0.0,0.0,0.1639805503866889
ni_tfnbs,"e=1.1,h=3.0,n=30,start_thres=1.25",hub,0.25,10,20,40,1730,0,0,40,1730,0.0,0.0,0.0,0.0,0.1639805503866889
ni_tfnbs,"e=1.1,h=4.0,n=30,start_thres=1.25",hub,0.25,10,20,40,1730,0,0,40,1730,0.0,0.0,0.0,0.0,0.1639805503866889
ni_tfnbs,"e=1.1,h=5.0,n=30,start_thres=1.25",hub,0.25,10,20,40,1730,0,0,40,1730,0.0,0.0,0.0,0.0,0.1639805503866889
ni_tfnbs,"e=1.1,h=6.0,n=30,start_thres=1.25",hub,0.25,10,20,40,1730,0,0,40,1730,0.0,0.0,0.0,0.0,0.1639805503866889
ni_tfnbs,"e=1.1,h=7.0,n=30,start_thres=1.25",hub,0.25,10,20,40,1730,0,0,40,1730,0.0,0.0,0.0,0.0,0.1639805503866889
ni_tfnbs,"e=1.1,h=8.0,n=30,start_thres=1.25",hub,0.25,10,20,40,1730,0,0,40,1730,0.0,0.0,0.0,0.0,0.1639805503866889
ni_tfnbs,"e=1.1,h=9.0,n=30,start_thres=1.25",hub,0.25,10,20,40,1730,0,0,40,1730,0.0,0.0,0.0,0.0,0.1639805503866889
ni_tfnbs,"e=1.1,h=10.0,n=30,start_thres=1.25",hub,0.25,10,20,40,1730,0,0,40,1730,0.0,0.0,0.0,0.0,0.1639805503866889
ni_tfnbs,"e=1.2,h=0.5,n=30,start_thres=1.25",hub,0.25,10,20,40,1730,0,0,40,1730,0.0,0.0,0.0,0.0,0.1639805503866889
ni_tfnbs,"e=1.2,h=1.0,n=30,start_thres=1.25",hub,0.25,10,20,40,1730,0,0,40,1730,0.0,0.0,0.0,0.0,0.1639805503866889
ni_tfnbs,"e=1.2,h=2.0,n=30,start_thres=1.25",hub,0.25,10,20,40,1730,0,0,40,1730,0.0,0.0,0.0,0.0,0.1639805503866889
ni_tfnbs,"e=1.2,h=3.0,n=30,start_thres=1.25",hub,0.25,10,20,40,1730,0,0,40,1730,0.0,0.0,0.0,0.0,0.1639805503866889
ni_tfnbs,"e=1.2,h=4.0,n=30,start_thres=1.25",hub,0.25,10,20,40,1730,0,0,40,1730,0.0,0.0,0.0,0.0,0.1639805503866889
ni_tfnbs,"e=1.2,h=5.0,n=30,start_thres=1.25",hub,0.25,10,20,40,1730,0,0,40,1730,0.0,0.0,0.0,0.0,0.1639805503866889
ni_tfnbs,"e=1.2,h=6.0,n=30,start_thres=1.25",hub,0.25,10,20,40,1730,0,0,40,1730,0.0,0.0,0.0,0.0,0.1639805503866889
ni_tfnbs,"e=1.2,h=7.0,n=30,start_thres=1.25",hub,0.25,10,20,40,1730,0,0,40,1730,0.0,0.0,0.0,0.0,0.1639805503866889
ni_tfnbs,"e=1.2,h=8.0,n=30,start_thres=1.25",hub,0.25,10,20,40,1730,0,0,40,1730,0.0,0.0,0.0,0.0,0.1639805503866889
ni_tfnbs,"e=1.2,h=9.0,n=30,start_thres=1.25",hub,0.25,10,20,40,1730,0,0,40,1730,0.0,0.0,0.0,0.0,0.1639805503866889
ni_tfnbs,"e=1.2,h=10.0,n=30,start_thres=1.25",hub,0.25,10,20,40,1730,0,0,40,1730,0.0,0.0,0.0,0.0,0.1639805503866889
ni_tfnbs,"e=1.3,h=0.5,n=30,start_thres=1.25",hub,0.25,10,20,40,1730,0,0,40,1730,0.0,0.0,0.0,0.0,0.1639805503866889
ni_tfnbs,"e=1.3,h=1.0,n=30,start_thres=1.25",hub,0.25,10,20,40,1730,0,0,40,1730,0.0,0.0,0.0,0.0,0.1639805503866889
ni_tfnbs,"e=1.3,h=2.0,n=30,start_thres=1.25",hub,0.25,10,20,40,1730,0,0,40,1730,0.0,0.0,0.0,0.0,0.1639805503866889
ni_tfnbs,"e=1.3,h=3.0,n=30,start_thres=1.25",hub,0.25,10,20,40,1730,0,0,40,1730,0.0,0.0,0.0,0.0,0.1639805503866889
ni_tfnbs,"e=1.3,h=4.0,n=30,start_thres=1.25",hub,0.25,10,20,40,1730,0,0,40,1730,0.0,0.0,0.0,0.0,0.1639805503866889
ni_tfnbs,"e=1.3,h=5.0,n=30,start_thres=1.25",hub,0.25,10,20,40,1730,0,0,40,1730,0.0,0.0,0.0,0.0,0.1639805503866889
ni_tfnbs,"e=1.3,h=6.0,n=30,start_thres=1.25",hub,0.25,10,20,40,1730,0,0,40,1730,0.0,0.0,0.0,0.0,0.1639805503866889
ni_tfnbs,"e=1.3,h=7.0,n=30,start_thres=1.25",hub,0.25,10,20,40,1730,0,0,40,1730,0.0,0.0,0.0,0.0,0.1639805503866889
ni_tfnbs,"e=1.3,h=8.0,n=30,start_thres=1.25",hub,0.25,10,20,40,1730,0,0,40,1730,0.0,0.0,0.0,0.0,0.1639805503866889
ni_tfnbs,"e=1.3,h=9.0,n=30,start_thres=1.25",hub,0.25,10,20,40,1730,0,0,40,1730,0.0,0.0,0.0,0.0,0.1639805503866889
ni_tfnbs,"e=1.3,h=10.0,n=30,start_thres=1.25",hub,0.25,10,20,40,1730,0,0,40,1730,0.0,0.0,0.0,0.0,0.1639805503866889
ni_tfnbs,"e=1.4,h=0.5,n=30,start_thres=1.25",hub,0.25,10,20,40,1730,0,0,40,1730,0.0,0.0,0.0,0.0,0.1639805503866889
ni_tfnbs,"e=1.4,h=1.0,n=30,start_thres=1.25",hub,0.25,10,20,40,1730,0,0,40,1730,0.0,0.0,0.0,0.0,0.1639805503866889
ni_tfnbs,"e=1.4,h=2.0,n=30,start_thres=1.25",hub,0.25,10,20,40,1730,0,0,40,1730,0.0,0.0,0.0,0.0,0.1639805503866889
ni_tfnbs,"e=1.4,h=3.0,n=30,start_thres=1.25",hub,0.25,10,20,40,1730,0,0,40,1730,0.0,0.0,0.0,0.0,0.1639805503866889
ni_tfnbs,"e=1.4,h=4.0,n=30,start_thres=1.25",hub,0.25,10,20,40,1730,0,0,40,1730,0.0,0.0,0.0,0.0,0.1639805503866889
ni_tfnbs,"e=1.4,h=5.0,n=30,start_thres=1.25",hub,0.25,10,20,40,1730,0,0,40,1730,0.0,0.0,0.0,0.0,0.1639805503866889
ni_tfnbs,"e=1.4,h=6.0,n=30,start_thres=1.25",hub,0.25,10,20,40,1730,0,0,40,1730,0.0,0.0,0.0,0.0,0.1639805503866889
ni_tfnbs,"e=1.4,h=7.0,n=30,start_thres=1.25",hub,0.25,10,20,40,1730,0,0,40,1730,0.0,0.0,0.0,0.0,0.1639805503866889
ni_tfnbs,"e=1.4,h=8.0,n=30,start_thres=1.25",hub,0.25,10,20,40,1730,0,0,40,1730,0.0,0.0,0.0,0.0,0.1639805503866889
ni_tfnbs,"e=1.4,h=9.0,n=30,start_thres=1.25",hub,0.25,10,20,40,1730,0,0,40,1730,0.0,0.0,0.0,0.0,0.1639805503866889
ni_tfnbs,"e=1.4,h=10.0,n=30,start_thres=1.25",hub,0.25,10,20,40,1730,0,0,40,1730,0.0,0.0,0.0,0.0,0.1639805503866889
ni_tfnbs,"e=1.5,h=0.5,n=30,start_thres=1.25",hub,0.25,10,20,40,1730,0,0,40,1730,0.0,0.0,0.0,0.0,0.1639805503866889
ni_tfnbs,"e=1.5,h=1.0,n=30,start_thres=1.25",hub,0.25,10,20,40,1730,0,0,40,1730,0.0,0.0,0.0,0.0,0.1639805503866889
ni_tfnbs,"e=1.5,h=2.0,n=30,start_thres=1.25",hub,0.25,10,20,40,1730,0,0,40,1730,0.0,0.0,0.0,0.0,0.1639805503866889
ni_tfnbs,"e=1.5,h=3.0,n=30,start_thres=1.25",hub,0.25,10,20,40,1730,0,0,40,1730,0.0,0.0,0.0,0.0,0.1639805503866889
ni_tfnbs,"e=1.5,h=4.0,n=30,start_thres=1.25",hub,0.25,10,20,40,1730,0,0,40,1730,0.0,0.0,0.0,0.0,0.1639805503866889
ni_tfnbs,"e=1.5,h=5.0,n=30,start_thres=1.25",hub,0.25,10,20,40,1730,0,0,40,1730,0.0,0.0,0.0,0.0,0.1639805503866889
ni_tfnbs,"e=1.5,h=6.0,n=30,start_thres=1.25",hub,0.25,10,20,40,1730,0,0,40,1730,0.0,0.0,0.0,0.0,0.1639805503866889
ni_tfnbs,"e=1.5,h=7.0,n=30,start_thres=1.25",hub,0.25,10,20,40,1730,0,0,40,1730,0.0,0.0,0.0,0.0,0.1639805503866889
ni_tfnbs,"e=1.5,h=8.0,n=30,start_thres=1.25",hub,0.25,10,20,40,1730,0,0,40,1730,0.0,0.0,0.0,0.0,0.1639805503866889
ni_tfnbs,"e=1.5,h=9.0,n=30,start_thres=1.25",hub,0.25,10,20,40,1730,0,0,40,1730,0.0,0.0,0.0,0.0,0.1639805503866889
ni_tfnbs,"e=1.5,h=10.0,n=30,start_thres=1.25",hub,0.25,10,20,40,1730,0,0,40,1730,0.0,0.0,0.0,0.0,0.1639805503866889
ni_tfnbs,"e=0.05,h=0.5,n=30,start_thres=1.25",hub,0.25,10,21,40,1730,0,0,40,1730,0.0,0.0,0.0,0.0,0.1691769754344766
ni_tfnbs,"e=0.05,h=1.0,n=30,start_thres=1.25",hub,0.25,10,21,40,1730,0,0,40,1730,0.0,0.0,0.0,0.0,0.1691769754344766
ni_tfnbs,"e=0.05,h=2.0,n=30,start_thres=1.25",hub,0.25,10,21,40,1730,0,0,40,1730,0.0,0.0,0.0,0.0,0.1691769754344766
ni_tfnbs,"e=0.05,h=3.0,n=30,start_thres=1.25",hub,0.25,10,21,40,1730,0,0,40,1730,0.0,0.0,0.0,0.0,0.1691769754344766
ni_tfnbs,"e=0.05,h=4.0,n=30,start_thres=1.25",hub,0.25,10,21,40,1730,0,0,40,1730,0.0,0.0,0.0,0.0,0.1691769754344766
ni_tfnbs,"e=0.05,h=5.0,n=30,start_thres=1.25",hub,0.25,10,21,40,1730,0,0,40,1730,0.0,0.0,0.0,0.0,0.1691769754344766
ni_tfnbs,"e=0.05,h=6.0,n=30,start_thres=1.25",hub,0.25,10,21,40,1730,0,0,40,1730,0.0,0.0,0.0,0.0,0.1691769754344766
ni_tfnbs,"e=0.05,h=7.0,n=30,start_thres=1.25",hub,0.25,10,21,40,1730,0,0,40,1730,0.0,0.0,0.0,0.0,0.1691769754344766
ni_tfnbs,"e=0.05,h=8.0,n=30,start_thres=1.25",hub,0.25,10,21,40,1730,0,0,40,1730,0.0,0.0,0.0,0.0,0.1691769754344766
ni_tfnbs,"e=0.05,h=9.0,n=30,start_thres=1.25",hub,0.25,10,21,40,1730,0,0,40,1730,0.0,0.0,0.0,0.0,0.1691769754344766
ni_tfnbs,"e=0.05,h=10.0,n=30,start_thres=1.25",hub,0.25,10,21,40,1730,0,0,40,1730,0.0,0.0,0.0,0.0,0.1691769754344766
ni_tfnbs,"e=0.1,h=0.5,n=30,start_thres=1.25",hub,0.25,10,21,40,1730,0,0,40,1730,0.0,0.0,0.0,0.0,0.1691769754344766
ni_tfnbs,"e=0.1,h=1.0,n=30,start_thres=1.25",hub,0.25,10,21,40,1730,0,0,40,1730,0.0,0.0,0.0,0.0,0.1691769754344766
ni_tfnbs,"e=0.1,h=2.0,n=30,start_thres=1.25",hub,0.25,10,21,40,1730,0,0,40,1730,0.0,0.0,0.0,0.0,0.1691769754344766
ni_tfnbs,"e=0.1,h=3.0,n=30,start_thres=1.25",hub,0.25,10,21,40,1730,0,0,40,1730,0.0,0.0,0.0,0.0,0.1691769754344766
ni_tfnbs,"e=0.1,h=4.0,n=30,start_thres=1.25",hub,0.25,10,21,40,1730,0,0,40,1730,0.0,0.0,0.0,0.0,0.1691769754344766
ni_tfnbs,"e=0.1,h=5.0,n=30,start_thres=1.25",hub,0.25,10,21,40,1730,0,0,40,1730,0.0,0.0,0.0,0.0,0.1691769754344766
ni_tfnbs,"e=0.1,h=6.0,n=30,start_thres=1.25",hub,0.25,10,21,40,1730,0,0,40,1730,0.0,0.0,0.0,0.0,0.1691769754344766
ni_tfnbs,"e=0.1,h=7.0,n=30,start_thres=1.25",hub,0.25,10,21,40,1730,0,0,40,1730,0.0,0.0,0.0,0.0,0.1691769754344766
ni_tfnbs,"e=0.1,h=8.0,n=30,start_thres=1.25",hub,0.25,10,21,40,1730,0,0,40,1730,0.0,0.0,0.0,0.0,0.1691769754344766
ni_tfnbs,"e=0.1,h=9.0,n=30,start_thres=1.25",hub,0.25,10,21,40,1730,0,0,40,1730,0.0,0.0,0.0,0.0,0.1691769754344766
ni_tfnbs,"e=0.1,h=10.0,n=30,start_thres=1.25",hub,0.25,10,21,40,1730,0,0,40,1730,0.0,0.0,0.0,0.0,0.1691769754344766
ni_tfnbs,"e=0.2,h=0.5,n=30,start_thres=1.25",hub,0.25,10,21,40,1730,0,0,40,1730,0.0,0.0,0.0,0.0,0.1691769754344766
ni_tfnbs,"e=0.2,h=1.0,n=30,start_thres=1.25",hub,0.25,10,21,40,1730,0,0,40,1730,0.0,0.0,0.0,0.0,0.1691769754344766
ni_tfnbs,"e=0.2,h=2.0,n=30,start_thres=1.25",hub,0.25,10,21,40,1730,0,0,40,1730,0.0,0.0,0.0,0.0,0.1691769754344766
ni_tfnbs,"e=0.2,h=3.0,n=30,start_thres=1.25",hub,0.25,10,21,40,1730,0,0,40,1730,0.0,0.0,0.0,0.0,0.1691769754344766
ni_tfnbs,"e=0.2,h=4.0,n=30,start_thres=1.25",hub,0.25,10,21,40,1730,0,0,40,1730,0.0,0.0,0.0,0.0,0.1691769754344766
ni_tfnbs,"e=0.2,h=5.0,n=30,start_thres=1.25",hub,0.25,10,21,40,1730,0,0,40,1730,0.0,0.0,0.0,0.0,0.1691769754344766
ni_tfnbs,"e=0.2,h=6.0,n=30,start_thres=1.25",hub,0.25,10,21,40,1730,0,0,40,1730,0.0,0.0,0.0,0.0,0.1691769754344766
ni_tfnbs,"e=0.2,h=7.0,n=30,start_thres=1.25",hub,0.25,10,21,40,1730,0,0,40,1730,0.0,0.0,0.0,0.0,0.1691769754344766
ni_tfnbs,"e=0.2,h=8.0,n=30,start_thres=1.25",hub,0.25,10,21,40,1730,0,0,40,1730,0.0,0.0,0.0,0.0,0.1691769754344766
ni_tfnbs,"e=0.2,h=9.0,n=30,start_thres=1.25",hub,0.25,10,21,40,1730,0,0,40,1730,0.0,0.0,0.0,0.0,0.1691769754344766
ni_tfnbs,"e=0.2,h=10.0,n=30,start_thres=1.25",hub,0.25,10,21,40,1730,0,0,40,1730,0.0,0.0,0.0,0.0,0.1691769754344766
ni_tfnbs,"e=0.3,h=0.5,n=30,start_thres=1.25",hub,0.25,10,21,40,1730,0,0,40,1730,0.0,0.0,0.0,0.0,0.1691769754344766
ni_tfnbs,"e=0.3,h=1.0,n=30,start_thres=1.25",hub,0.25,10,21,40,1730,0,0,40,1730,0.0,0.0,0.0,0.0,0.1691769754344766
ni_tfnbs,"e=0.3,h=2.0,n=30,start_thres=1.25",hub,0.25,10,21,40,1730,0,0,40,1730,0.0,0.0,0.0,0.0,0.1691769754344766
ni_tfnbs,"e=0.3,h=3.0,n=30,start_thres=1.25",hub,0.25,10,21,40,1730,0,0,40,1730,0.0,0.0,0.0,0.0,0.1691769754344766
ni_tfnbs,"e=0.3,h=4.0,n=30,start_thres=1.25",hub,0.25,10,21,40,1730,0,0,40,1730,0.0,0.0,0.0,0.0,0.1691769754344766
ni_tfnbs,"e=0.3,h=5.0,n=30,start_thres=1.25",hub,0.25,10,21,40,1730,0,0,40,1730,0.0,0.0,0.0,0.0,0.1691769754344766
ni_tfnbs,"e=0.3,h=6.0,n=30,start_thres=1.25",hub,0.25,10,21,40,1730,0,0,40,1730,0.0,0.0,0.0,0.0,0.1691769754344766
ni_tfnbs,"e=0.3,h=7.0,n=30,start_thres=1.25",hub,0.25,10,21,40,1730,0,0,40,1730,0.0,0.0,0.0,0.0,0.1691769754344766
ni_tfnbs,"e=0.3,h=8.0,n=30,start_thres=1.25",hub,0.25,10,21,40,1730,0,0,40,1730,0.0,0.0,0.0,0.0,0.1691769754344766
ni_tfnbs,"e=0.3,h=9.0,n=30,start_thres=1.25",hub,0.25,10,21,40,1730,0,0,40,1730,0.0,0.0,0.0,0.0,0.1691769754344766
ni_tfnbs,"e=0.3,h=10.0,n=30,start_thres=1.25",hub,0.25,10,21,40,1730,0,0,40,1730,0.0,0.0,0.0,0.0,0.1691769754344766
ni_tfnbs,"e=0.4,h=0.5,n=30,start_thres=1.25",hub,0.25,10,21,40,1730,0,0,40,1730,0.0,0.0,0.0,0.0,0.1691769754344766
ni_tfnbs,"e=0.4,h=1.0,n=30,start_thres=1.25",hub,0.25,10,21,40,1730,0,0,40,1730,0.0,0.0,0.0,0.0,0.1691769754344766
ni_tfnbs,"e=0.4,h=2.0,n=30,start_thres=1.25",hub,0.25,10,21,40,1730,0,0,40,1730,0.0,0.0,0.0,0.0,0.1691769754344766
ni_tfnbs,"e=0.4,h=3.0,n=30,start_thres=1.25",hub,0.25,10,21,40,1730,0,0,40,1730,0.0,0.0,0.0,0.0,0.1691769754344766
ni_tfnbs,"e=0.4,h=4.0,n=30,start_thres=1.25",hub,0.25,10,21,40,1730,0,0,40,1730,0.0,0.0,0.0,0.0,0.1691769754344766
ni_tfnbs,"e=0.4,h=5.0,n=30,start_thres=1.25",hub,0.25,10,21,40,1730,0,0,40,1730,0.0,0.0,0.0,0.0,0.1691769754344766
ni_tfnbs,"e=0.4,h=6.0,n=30,start_thres=1.25",hub,0.25,10,21,40,1730,0,0,40,1730,0.0,0.0,0.0,0.0,0.1691769754344766
ni_tfnbs,"e=0.4,h=7.0,n=30,start_thres=1.25",hub,0.25,10,21,40,1730,0,0,40,1730,0.0,0.0,0.0,0.0,0.1691769754344766
ni_tfnbs,"e=0.4,h=8.0,n=30,start_thres=1.25",hub,0.25,10,21,40,1730,0,0,40,1730,0.0,0.0,0.0,0.0,0.1691769754344766
ni_tfnbs,"e=0.4,h=9.0,n=30,start_thres=1.25",hub,0.25,10,21,40,1730,0,0,40,1730,0.0,0.0,0.0,0.0,0.1691769754344766
ni_tfnbs,"e=0.4,h=10.0,n=30,start_thres=1.25",hub,0.25,10,21,40,1730,0,0,40,1730,0.0,0.0,0.0,0.0,0.1691769754344766
ni_tfnbs,"e=0.5,h=0.5,n=30,start_thres=1.25",hub,0.25,10,21,40,1730,0,0,40,1730,0.0,0.0,0.0,0.0,0.1691769754344766
ni_tfnbs,"e=0.5,h=1.0,n=30,start_thres=1.25",hub,0.25,10,21,40,1730,0,0,40,1730,0.0,0.0,0.0,0.0,0.1691769754344766
ni_tfnbs,"e=0.5,h=2.0,n=30,start_thres=1.25",hub,0.25,10,21,40,1730,0,0,40,1730,0.0,0.0,0.0,0.0,0.1691769754344766
ni_tfnbs,"e=0.5,h=3.0,n=30,start_thres=1.25",hub,0.25,10,21,40,1730,0,0,40,1730,0.0,0.0,0.0,0.0,0.1691769754344766
ni_tfnbs,"e=0.5,h=4.0,n=30,start_thres=1.25",hub,0.25,10,21,40,1730,0,0,40,1730,0.0,0.0,0.0,0.0,0.1691769754344766
ni_tfnbs,"e=0.5,h=5.0,n=30,start_thres=1.25",hub,0.25,10,21,40,1730,0,0,40,1730,0.0,0.0,0.0,0.0,0.1691769754344766
ni_tfnbs,"e=0.5,h=6.0,n=30,start_thres=1.25",hub,0.25,10,21,40,1730,0,0,40,1730,0.0,0.0,0.0,0.0,0.1691769754344766
ni_tfnbs,"e=0.5,h=7.0,n=30,start_thres=1.25",hub,0.25,10,21,40,1730,0,0,40,1730,0.0,0.0,0.0,0.0,0.1691769754344766
ni_tfnbs,"e=0.5,h=8.0,n=30,start_thres=1.25",hub,0.25,10,21,40,1730,0,0,40,1730,0.0,0.0,0.0,0.0,0.1691769754344766
ni_tfnbs,"e=0.5,h=9.0,n=30,start_thres=1.25",hub,0.25,10,21,40,1730,0,0,40,1730,0.0,0.0,0.0,0.0,0.1691769754344766
ni_tfnbs,"e=0.5,h=10.0,n=30,start_thres=1.25",hub,0.25,10,21,40,1730,0,0,40,1730,0.0,0.0,0.0,0.0,0.1691769754344766
ni_tfnbs,"e=0.6,h=0.5,n=30,start_thres=1.25",hub,0.25,10,21,40,1730,0,0,40,1730,0.0,0.0,0.0,0.0,0.1691769754344766
ni_tfnbs,"e=0.6,h=1.0,n=30,start_thres=1.25",hub,0.25,10,21,40,1730,0,0,40,1730,0.0,0.0,0.0,0.0,0.1691769754344766
ni_tfnbs,"e=0.6,h=2.0,n=30,start_thres=1.25",hub,0.25,10,21,40,1730,0,0,40,1730,0.0,0.0,0.0,0.0,0.1691769754344766
ni_tfnbs,"e=0.6,h=3.0,n=30,start_thres=1.25",hub,0.25,10,21,40,1730,0,0,40,1730,0.0,0.0,0.0,0.0,0.1691769754344766
ni_tfnbs,"e=0.6,h=4.0,n=30,start_thres=1.25",hub,0.25,10,21,40,1730,0,0,40,1730,0.0,0.0,0.0,0.0,0.1691769754344766
ni_tfnbs,"e=0.6,h=5.0,n=30,start_thres=1.25",hub,0.25,10,21,40,1730,0,0,40,1730,0.0,0.0,0.0,0.0,0.1691769754344766
ni_tfnbs,"e=0.6,h=6.0,n=30,start_thres=1.25",hub,0.25,10,21,40,1730,0,0,40,1730,0.0,0.0,0.0,0.0,0.1691769754344766
ni_tfnbs,"e=0.6,h=7.0,n=30,start_thres=1.25",hub,0.25,10,21,40,1730,0,0,40,1730,0.0,0.0,0.0,0.0,0.1691769754344766
ni_tfnbs,"e=0.6,h=8.0,n=30,start_thres=1.25",hub,0.25,10,21,40,1730,0,0,40,1730,0.0,0.0,0.0,0.0,0.1691769754344766
ni_tfnbs,"e=0.6,h=9.0,n=30,start_thres=1.25",hub,0.25,10,21,40,1730,0,0,40,1730,0.0,0.0,0.0,0.0,0.1691769754344766
ni_tfnbs,"e=0.6,h=10.0,n=30,start_thres=1.25",hub,0.25,10,21,40,1730,0,0,40,1730,0.0,0.0,0.0,0.0,0.1691769754344766
ni_tfnbs,"e=0.7,h=0.5,n=30,start_thres=1.25",hub,0.25,10,21,40,1730,0,0,40,1730,0.0,0.0,0.0,0.0,0.1691769754344766
ni_tfnbs,"e=0.7,h=1.0,n=30,start_thres=1.25",hub,0.25,10,21,40,1730,0,0,40,1730,0.0,0.0,0.0,0.0,0.1691769754344766
ni_tfnbs,"e=0.7,h=2.0,n=30,start_thres=1.25",hub,0.25,10,21,40,1730,0,0,40,1730,0.0,0.0,0.0,0.0,0.1691769754344766
ni_tfnbs,"e=0.7,h=3.0,n=30,start_thres=1.25",hub,0.25,10,21,40,1730,0,0,40,1730,0.0,0.0,0.0,0.0,0.1691769754344766
ni_tfnbs,"e=0.7,h=4.0,n=30,start_thres=1.25",hub,0.25,10,21,40,1730,0,0,40,1730,0.0,0.0,0.0,0.0,0.1691769754344766
ni_tfnbs,"e=0.7,h=5.0,n=30,start_thres=1.25",hub,0.25,10,21,40,1730,0,0,40,1730,0.0,0.0,0.0,0.0,0.1691769754344766
ni_tfnbs,"e=0.7,h=6.0,n=30,start_thres=1.25",hub,0.25,10,21,40,1730,0,0,40,1730,0.0,0.0,0.0,0.0,0.1691769754344766
ni_tfnbs,"e=0.7,h=7.0,n=30,start_thres=1.25",hub,0.25,10,21,40,1730,1,0,39,1730,0.025,0.0,1.0,0.0,0.1691769754344766
ni_tfnbs,"e=0.7,h=8.0,n=30,start_thres=1.25",hub,0.25,10,21,40,1730,1,0,39,1730,0.025,0.0,1.0,0.0,0.1691769754344766
ni_tfnbs,"e=0.7,h=9.0,n=30,start_thres=1.25",hub,0.25,10,21,40,1730,0,0,40,1730,0.0,0.0,0.0,0.0,0.1691769754344766
ni_tfnbs,"e=0.7,h=10.0,n=30,start_thres=1.25",hub,0.25,10,21,40,1730,0,0,40,1730,0.0,0.0,0.0,0.0,0.1691769754344766
ni_tfnbs,"e=0.8,h=0.5,n=30,start_thres=1.25",hub,0.25,10,21,40,1730,0,0,40,1730,0.0,0.0,0.0,0.0,0.1691769754344766
ni_tfnbs,"e=0.8,h=1.0,n=30,start_thres=1.25",hub,0.25,10,21,40,1730,0,0,40,1730,0.0,0.0,0.0,0.0,0.1691769754344766
ni_tfnbs,"e=0.8,h=2.0,n=30,start_thres=1.25",hub,0.25,10,21,40,1730,0,0,40,1730,0.0,0.0,0.0,0.0,0.1691769754344766
ni_tfnbs,"e=0.8,h=3.0,n=30,start_thres=1.25",hub,0.25,10,21,40,1730,0,0,40,1730,0.0,0.0,0.0,0.0,0.1691769754344766
ni_tfnbs,"e=0.8,h=4.0,n=30,start_thres=1.25",hub,0.25,10,21,40,1730,0,0,40,1730,0.0,0.0,0.0,0.0,0.1691769754344766
ni_tfnbs,"e=0.8,h=5.0,n=30,start_thres=1.25",hub,0.25,10,21,40,1730,0,0,40,1730,0.0,0.0,0.0,0.0,0.1691769754344766
ni_tfnbs,"e=0.8,h=6.0,n=30,start_thres=1.25",hub,0.25,10,21,40,1730,0,0,40,1730,0.0,0.0,0.0,0.0,0.1691769754344766
ni_tfnbs,"e=0.8,h=7.0,n=30,start_thres=1.25",hub,0.25,10,21,40,1730,1,0,39,1730,0.025,0.0,1.0,0.0,0.1691769754344766
ni_tfnbs,"e=0.8,h=8.0,n=30,start_thres=1.25",hub,0.25,10,21,40,1730,1,0,39,1730,0.025,0.0,1.0,0.0,0.1691769754344766
ni_tfnbs,"e=0.8,h=9.0,n=30,start_thres=1.25",hub,0.25,10,21,40,1730,1,0,39,1730,0.025,0.0,1.0,0.0,0.1691769754344766
ni_tfnbs,"e=0.8,h=10.0,n=30,start_thres=1.25",hub,0.25,10,21,40,1730,1,0,39,1730,0.025,0.0,1.0,0.0,0.1691769754344766
ni_tfnbs,"e=0.9,h=0.5,n=30,start_thres=1.25",hub,0.25,10,21,40,1730,0,0,40,1730,0.0,0.0,0.0,0.0,0.1691769754344766
ni_tfnbs,"e=0.9,h=1.0,n=30,start_thres=1.25",hub,0.25,10,21,40,1730,0,0,40,1730,0.0,0.0,0.0,0.0,0.1691769754344766
ni_tfnbs,"e=0.9,h=2.0,n=30,start_thres=1.25",hub,0.25,10,21,40,1730,0,0,40,1730,0.0,0.0,0.0,0.0,0.1691769754344766
ni_tfnbs,"e=0.9,h=3.0,n=30,start_thres=1.25",hub,0.25,10,21,40,1730,0,0,40,1730,0.0,0.0,0.0,0.0,0.1691769754344766
ni_tfnbs,"e=0.9,h=4.0,n=30,start_thres=1.25",hub,0.25,10,21,40,1730,0,0,40,1730,0.0,0.0,0.0,0.0,0.1691769754344766
ni_tfnbs,"e=0.9,h=5.0,n=30,start_thres=1.25",hub,0.25,10,21,40,1730,0,0,40,1730,0.0,0.0,0.0,0.0,0.1691769754344766
ni_tfnbs,"e=0.9,h=6.0,n=30,start_thres=1.25",hub,0.25,10,21,40,1730,0,0,40,1730,0.0,0.0,0.0,0.0,0.1691769754344766
ni_tfnbs,"e=0.9,h=7.0,n=30,start_thres=1.25",hub,0.25,10,21,40,1730,0,0,40,1730,0.0,0.0,0.0,0.0,0.1691769754344766
ni_tfnbs,"e=0.9,h=8.0,n=30,start_thres=1.25",hub,0.25,10,21,40,1730,0,0,40,1730,0.0,0.0,0.0,0.0,0.1691769754344766
ni_tfnbs,"e=0.9,h=9.0,n=30,start_thres=1.25",hub,0.25,10,21,40,1730,1,0,39,1730,0.025,0.0,1.0,0.0,0.1691769754344766
ni_tfnbs,"e=0.9,h=10.0,n=30,start_thres=1.25",hub,0.25,10,21,40,1730,1,0,39,1730,0.025,0.0,1.0,0.0,0.1691769754344766
ni_tfnbs,"e=1.0,h=0.5,n=30,start_thres=1.25",hub,0.25,10,21,40,1730,0,0,40,1730,0.0,0.0,0.0,0.0,0.1691769754344766
ni_tfnbs,"e=1.0,h=1.0,n=30,start_thres=1.25",hub,0.25,10,21,40,1730,0,0,40,1730,0.0,0.0,0.0,0.0,0.1691769754344766
ni_tfnbs,"e=1.0,h=2.0,n=30,start_thres=1.25",hub,0.25,10,21,40,1730,0,0,40,1730,0.0,0.0,0.0,0.0,0.1691769754344766
ni_tfnbs,"e=1.0,h=3.0,n=30,start_thres=1.25",hub,0.25,10,21,40,1730,0,0,40,1730,0.0,0.0,0.0,0.0,0.1691769754344766
ni_tfnbs,"e=1.0,h=4.0,n=30,start_thres=1.25",hub,0.25,10,21,40,1730,0,0,40,1730,0.0,0.0,0.0,0.0,0.1691769754344766
ni_tfnbs,"e=1.0,h=5.0,n=30,start_thres=1.25",hub,0.25,10,21,40,1730,0,0,40,1730,0.0,0.0,0.0,0.0,0.1691769754344766
ni_tfnbs,"e=1.0,h=6.0,n=30,start_thres=1.25",hub,0.25,10,21,40,1730,0,0,40,1730,0.0,0.0,0.0,0.0,0.1691769754344766
ni_tfnbs,"e=1.0,h=7.0,n=30,start_thres=1.25",hub,0.25,10,21,40,1730,0,0,40,1730,0.0,0.0,0.0,0.0,0.1691769754344766
ni_tfnbs,"e=1.0,h=8.0,n=30,start_thres=1.25",hub,0.25,10,21,40,1730,0,0,40,1730,0.0,0.0,0.0,0.0,0.1691769754344766
ni_tfnbs,"e=1.0,h=9.0,n=30,start_thres=1.25",hub,0.25,10,21,40,1730,0,0,40,1730,0.0,0.0,0.0,0.0,0.1691769754344766
ni_tfnbs,"e=1.0,h=10.0,n=30,start_thres=1.25",hub,0.25,10,21,40,1730,1,0,39,1730,0.025,0.0,1.0,0.0,0.1691769754344766
ni_tfnbs,"e=1.1,h=0.5,n=30,start_thres=1.25",hub,0.25,10,21,40,1730,0,0,40,1730,0.0,0.0,0.0,0.0,0.1691769754344766
ni_tfnbs,"e=1.1,h=1.0,n=30,start_thres=1.25",hub,0.25,10,21,40,1730,0,0,40,1730,0.0,0.0,0.0,0.0,0.1691769754344766
ni_tfnbs,"e=1.1,h=2.0,n=30,start_thres=1.25",hub,0.25,10,21,40,1730,0,0,40,1730,0.0,0.0,0.0,0.0,0.1691769754344766
ni_tfnbs,"e=1.1,h=3.0,n=30,start_thres=1.25",hub,0.25,10,21,40,1730,0,0,40,1730,0.0,0.0,0.0,0.0,0.1691769754344766
ni_tfnbs,"e=1.1,h=4.0,n=30,start_thres=1.25",hub,0.25,10,21,40,1730,0,0,40,1730,0.0,0.0,0.0,0.0,0.1691769754344766
ni_tfnbs,"e=1.1,h=5.0,n=30,start_thres=1.25",hub,0.25,10,21,40,1730,0,0,40,1730,0.0,0.0,0.0,0.0,0.1691769754344766
ni_tfnbs,"e=1.1,h=6.0,n=30,start_thres=1.25",hub,0.25,10,21,40,1730,0,0,40,1730,0.0,0.0,0.0,0.0,0.1691769754344766
ni_tfnbs,"e=1.1,h=7.0,n=30,start_thres=1.25",hub,0.25,10,21,40,1730,0,0,40,1730,0.0,0.0,0.0,0.0,0.1691769754344766
ni_tfnbs,"e=1.1,h=8.0,n=30,start_thres=1.25",hub,0.25,10,21,40,1730,0,0,40,1730,0.0,0.0,0.0,0.0,0.1691769754344766
ni_tfnbs,"e=1.1,h=9.0,n=30,start_thres=1.25",hub,0.25,10,21,40,1730,0,0,40,1730,0.0,0.0,0.0,0.0,0.1691769754344766
ni_tfnbs,"e=1.1,h=10.0,n=30,start_thres=1.25",hub,0.25,10,21,40,1730,0,0,40,1730,0.0,0.0,0.0,0.0,0.1691769754344766
ni_tfnbs,"e=1.2,h=0.5,n=30,start_thres=1.25",hub,0.25,10,21,40,1730,0,0,40,1730,0.0,0.0,0.0,0.0,0.1691769754344766
ni_tfnbs,"e=1.2,h=1.0,n=30,start_thres=1.25",hub,0.25,10,21,40,1730,0,0,40,1730,0.0,0.0,0.0,0.0,0.1691769754344766
ni_tfnbs,"e=1.2,h=2.0,n=30,start_thres=1.25",hub,0.25,10,21,40,1730,0,0,40,1730,0.0,0.0,0.0,0.0,0.1691769754344766
ni_tfnbs,"e=1.2,h=3.0,n=30,start_thres=1.25",hub,0.25,10,21,40,1730,0,0,40,1730,0.0,0.0,0.0,0.0,0.1691769754344766
ni_tfnbs,"e=1.2,h=4.0,n=30,start_thres=1.25",hub,0.25,10,21,40,1730,0,0,40,1730,0.0,0.0,0.0,0.0,0.1691769754344766
ni_tfnbs,"e=1.2,h=5.0,n=30,start_thres=1.25",hub,0.25,10,21,40,1730,0,0,40,1730,0.0,0.0,0.0,0.0,0.1691769754344766
ni_tfnbs,"e=1.2,h=6.0,n=30,start_thres=1.25",hub,0.25,10,21,40,1730,0,0,40,1730,0.0,0.0,0.0,0.0,0.1691769754344766
ni_tfnbs,"e=1.2,h=7.0,n=30,start_thres=1.25",hub,0.25,10,21,40,1730,0,0,40,1730,0.0,0.0,0.0,0.0,0.1691769754344766
ni_tfnbs,"e=1.2,h=8.0,n=30,start_thres=1.25",hub,0.25,10,21,40,1730,0,0,40,1730,0.0,0.0,0.0,0.0,0.1691769754344766
ni_tfnbs,"e=1.2,h=9.0,n=30,start_thres=1.25",hub,0.25,10,21,40,1730,1,0,39,1730,0.025,0.0,1.0,0.0,0.1691769754344766
ni_tfnbs,"e=1.2,h=10.0,n=30,start_thres=1.25",hub,0.25,10,21,40,1730,0,0,40,1730,0.0,0.0,0.0,0.0,0.1691769754344766
ni_tfnbs,"e=1.3,h=0.5,n=30,start_thres=1.25",hub,0.25,10,21,40,1730,0,0,40,1730,0.0,0.0,0.0,0.0,0.1691769754344766
ni_tfnbs,"e=1.3,h=1.0,n=30,start_thres=1.25",hub,0.25,10,21,40,1730,0,0,40,1730,0.0,0.0,0.0,0.0,0.1691769754344766
ni_tfnbs,"e=1.3,h=2.0,n=30,start_thres=1.25",hub,0.25,10,21,40,1730,0,0,40,1730,0.0,0.0,0.0,0.0,0.1691769754344766
ni_tfnbs,"e=1.3,h=3.0,n=30,start_thres=1.25",hub,0.25,10,21,40,1730,0,0,40,1730,0.0,0.0,0.0,0.0,0.1691769754344766
ni_tfnbs,"e=1.3,h=4.0,n=30,start_thres=1.25",hub,0.25,10,21,40,1730,0,0,40,1730,0.0,0.0,0.0,0.0,0.1691769754344766
ni_tfnbs,"e=1.3,h=5.0,n=30,start_thres=1.25",hub,0.25,10,21,40,1730,0,0,40,1730,0.0,0.0,0.0,0.0,0.1691769754344766
ni_tfnbs,"e=1.3,h=6.0,n=30,start_thres=1.25",hub,0.25,10,21,40,1730,0,0,40,1730,0.0,0.0,0.0,0.0,0.1691769754344766
ni_tfnbs,"e=1.3,h=7.0,n=30,start_thres=1.25",hub,0.25,10,21,40,1730,0,0,40,1730,0.0,0.0,0.0,0.0,0.1691769754344766
ni_tfnbs,"e=1.3,h=8.0,n=30,start_thres=1.25",hub,0.25,10,21,40,1730,0,0,40,1730,0.0,0.0,0.0,0.0,0.1691769754344766
ni_tfnbs,"e=1.3,h=9.0,n=30,start_thres=1.25",hub,0.25,10,21,40,1730,1,0,39,1730,0.025,0.0,1.0,0.0,0.1691769754344766
ni_tfnbs,"e=1.3,h=10.0,n=30,start_thres=1.25",hub,0.25,10,21,40,1730,1,0,39,1730,0.025,0.0,1.0,0.0,0.1691769754344766
ni_tfnbs,"e=1.4,h=0.5,n=30,start_thres=1.25",hub,0.25,10,21,40,1730,0,0,40,1730,0.0,0.0,0.0,0.0,0.1691769754344766
ni_tfnbs,"e=1.4,h=1.0,n=30,start_thres=1.25",hub,0.25,10,21,40,1730,0,0,40,1730,0.0,0.0,0.0,0.0,0.1691769754344766
ni_tfnbs,"e=1.4,h=2.0,n=30,start_thres=1.25",hub,0.25,10,21,40,1730,0,0,40,1730,0.0,0.0,0.0,0.0,0.1691769754344766
ni_tfnbs,"e=1.4,h=3.0,n=30,start_thres=1.25",hub,0.25,10,21,40,1730,0,0,40,1730,0.0,0.0,0.0,0.0,0.1691769754344766
ni_tfnbs,"e=1.4,h=4.0,n=30,start_thres=1.25",hub,0.25,10,21,40,1730,0,0,40,1730,0.0,0.0,0.0,0.0,0.1691769754344766
ni_tfnbs,"e=1.4,h=5.0,n=30,start_thres=1.25",hub,0.25,10,21,40,1730,0,0,40,1730,0.0,0.0,0.0,0.0,0.1691769754344766
ni_tfnbs,"e=1.4,h=6.0,n=30,start_thres=1.25",hub,0.25,10,21,40,1730,0,0,40,1730,0.0,0.0,0.0,0.0,0.1691769754344766
ni_tfnbs,"e=1.4,h=7.0,n=30,start_thres=1.25",hub,0.25,10,21,40,1730,0,0,40,1730,0.0,0.0,0.0,0.0,0.1691769754344766
ni_tfnbs,"e=1.4,h=8.0,n=30,start_thres=1.25",hub,0.25,10,21,40,1730,0,0,40,1730,0.0,0.0,0.0,0.0,0.1691769754344766
ni_tfnbs,"e=1.4,h=9.0,n=30,start_thres=1.25",hub,0.25,10,21,40,1730,0,0,40,1730,0.0,0.0,0.0,0.0,0.1691769754344766
ni_tfnbs,"e=1.4,h=10.0,n=30,start_thres=1.25",hub,0.25,10,21,40,1730,1,0,39,1730,0.025,0.0,1.0,0.0,0.1691769754344766
ni_tfnbs,"e=1.5,h=0.5,n=30,start_thres=1.25",hub,0.25,10,21,40,1730,0,0,40,1730,0.0,0.0,0.0,0.0,0.1691769754344766
ni_tfnbs,"e=1.5,h=1.0,n=30,start_thres=1.25",hub,0.25,10,21,40,1730,0,0,40,1730,0.0,0.0,0.0,0.0,0.1691769754344766
ni_tfnbs,"e=1.5,h=2.0,n=30,start_thres=1.25",hub,0.25,10,21,40,1730,0,0,40,1730,0.0,0.0,0.0,0.0,0.1691769754344766
ni_tfnbs,"e=1.5,h=3.0,n=30,start_thres=1.25",hub,0.25,10,21,40,1730,0,0,40,1730,0.0,0.0,0.0,0.0,0.1691769754344766
ni_tfnbs,"e=1.5,h=4.0,n=30,start_thres=1.25",hub,0.25,10,21,40,1730,0,0,40,1730,0.0,0.0,0.0,0.0,0.1691769754344766
ni_tfnbs,"e=1.5,h=5.0,n=30,start_thres=1.25",hub,0.25,10,21,40,1730,0,0,40,1730,0.0,0.0,0.0,0.0,0.1691769754344766
ni_tfnbs,"e=1.5,h=6.0,n=30,start_thres=1.25",hub,0.25,10,21,40,1730,0,0,40,1730,0.0,0.0,0.0,0.0,0.1691769754344766
ni_tfnbs,"e=1.5,h=7.0,n=30,start_thres=1.25",hub,0.25,10,21,40,1730,0,0,40,1730,0.0,0.0,0.0,0.0,0.1691769754344766
ni_tfnbs,"e=1.5,h=8.0,n=30,start_thres=1.25",hub,0.25,10,21,40,1730,0,0,40,1730,0.0,0.0,0.0,0.0,0.1691769754344766
ni_tfnbs,"e=1.5,h=9.0,n=30,start_thres=1.25",hub,0.25,10,21,40,1730,0,0,40,1730,0.0,0.0,0.0,0.0,0.1691769754344766
ni_tfnbs,"e=1.5,h=10.0,n=30,start_thres=1.25",hub,0.25,10,21,40,1730,1,0,39,1730,0.025,0.0,1.0,0.0,0.1691769754344766
ni_tfnbs,"e=0.05,h=0.5,n=30,start_thres=1.25",hub,0.25,10,22,40,1730,0,0,40,1730,0.0,0.0,0.0,0.0,0.1631662317297675
ni_tfnbs,"e=0.05,h=1.0,n=30,start_thres=1.25",hub,0.25,10,22,40,1730,0,0,40,1730,0.0,0.0,0.0,0.0,0.1631662317297675
ni_tfnbs,"e=0.05,h=2.0,n=30,start_thres=1.25",hub,0.25,10,22,40,1730,0,0,40,1730,0.0,0.0,0.0,0.0,0.1631662317297675
ni_tfnbs,"e=0.05,h=3.0,n=30,start_thres=1.25",hub,0.25,10,22,40,1730,0,0,40,1730,0.0,0.0,0.0,0.0,0.1631662317297675
ni_tfnbs,"e=0.05,h=4.0,n=30,start_thres=1.25",hub,0.25,10,22,40,1730,0,0,40,1730,0.0,0.0,0.0,0.0,0.1631662317297675
ni_tfnbs,"e=0.05,h=5.0,n=30,start_thres=1.25",hub,0.25,10,22,40,1730,0,0,40,1730,0.0,0.0,0.0,0.0,0.1631662317297675
ni_tfnbs,"e=0.05,h=6.0,n=30,start_thres=1.25",hub,0.25,10,22,40,1730,0,0,40,1730,0.0,0.0,0.0,0.0,0.1631662317297675
ni_tfnbs,"e=0.05,h=7.0,n=30,start_thres=1.25",hub,0.25,10,22,40,1730,0,0,40,1730,0.0,0.0,0.0,0.0,0.1631662317297675
ni_tfnbs,"e=0.05,h=8.0,n=30,start_thres=1.25",hub,0.25,10,22,40,1730,0,0,40,1730,0.0,0.0,0.0,0.0,0.1631662317297675
ni_tfnbs,"e=0.05,h=9.0,n=30,start_thres=1.25",hub,0.25,10,22,40,1730,0,0,40,1730,0.0,0.0,0.0,0.0,0.1631662317297675
ni_tfnbs,"e=0.05,h=10.0,n=30,start_thres=1.25",hub,0.25,10,22,40,1730,0,0,40,1730,0.0,0.0,0.0,0.0,0.1631662317297675
ni_tfnbs,"e=0.1,h=0.5,n=30,start_thres=1.25",hub,0.25,10,22,40,1730,0,0,40,1730,0.0,0.0,0.0,0.0,0.1631662317297675
ni_tfnbs,"e=0.1,h=1.0,n=30,start_thres=1.25",hub,0.25,10,22,40,1730,0,0,40,1730,0.0,0.0,0.0,0.0,0.1631662317297675
ni_tfnbs,"e=0.1,h=2.0,n=30,start_thres=1.25",hub,0.25,10,22,40,1730,0,0,40,1730,0.0,0.0,0.0,0.0,0.1631662317297675
ni_tfnbs,"e=0.1,h=3.0,n=30,start_thres=1.25",hub,0.25,10,22,40,1730,0,0,40,1730,0.0,0.0,0.0,0.0,0.1631662317297675
ni_tfnbs,"e=0.1,h=4.0,n=30,start_thres=1.25",hub,0.25,10,22,40,1730,0,0,40,1730,0.0,0.0,0.0,0.0,0.1631662317297675
ni_tfnbs,"e=0.1,h=5.0,n=30,start_thres=1.25",hub,0.25,10,22,40,1730,0,0,40,1730,0.0,0.0,0.0,0.0,0.1631662317297675
ni_tfnbs,"e=0.1,h=6.0,n=30,start_thres=1.25",hub,0.25,10,22,40,1730,0,0,40,1730,0.0,0.0,0.0,0.0,0.1631662317297675
ni_tfnbs,"e=0.1,h=7.0,n=30,start_thres=1.25",hub,0.25,10,22,40,1730,0,0,40,1730,0.0,0.0,0.0,0.0,0.1631662317297675
ni_tfnbs,"e=0.1,h=8.0,n=30,start_thres=1.25",hub,0.25,10,22,40,1730,0,0,40,1730,0.0,0.0,0.0,0.0,0.1631662317297675
ni_tfnbs,"e=0.1,h=9.0,n=30,start_thres=1.25",hub,0.25,10,22,40,1730,0,0,40,1730,0.0,0.0,0.0,0.0,0.1631662317297675
ni_tfnbs,"e=0.1,h=10.0,n=30,start_thres=1.25",hub,0.25,10,22,40,1730,0,0,40,1730,0.0,0.0,0.0,0.0,0.1631662317297675
ni_tfnbs,"e=0.2,h=0.5,n=30,start_thres=1.25",hub,0.25,10,22,40,1730,0,0,40,1730,0.0,0.0,0.0,0.0,0.1631662317297675
ni_tfnbs,"e=0.2,h=1.0,n=30,start_thres=1.25",hub,0.25,10,22,40,1730,0,0,40,1730,0.0,0.0,0.0,0.0,0.1631662317297675
ni_tfnbs,"e=0.2,h=2.0,n=30,start_thres=1.25",hub,0.25,10,22,40,1730,0,0,40,1730,0.0,0.0,0.0,0.0,0.1631662317297675
ni_tfnbs,"e=0.2,h=3.0,n=30,start_thres=1.25",hub,0.25,10,22,40,1730,0,0,40,1730,0.0,0.0,0.0,0.0,0.1631662317297675
ni_tfnbs,"e=0.2,h=4.0,n=30,start_thres=1.25",hub,0.25,10,22,40,1730,0,0,40,1730,0.0,0.0,0.0,0.0,0.1631662317297675
ni_tfnbs,"e=0.2,h=5.0,n=30,start_thres=1.25",hub,0.25,10,22,40,1730,0,0,40,1730,0.0,0.0,0.0,0.0,0.1631662317297675
ni_tfnbs,"e=0.2,h=6.0,n=30,start_thres=1.25",hub,0.25,10,22,40,1730,0,0,40,1730,0.0,0.0,0.0,0.0,0.1631662317297675
ni_tfnbs,"e=0.2,h=7.0,n=30,start_thres=1.25",hub,0.25,10,22,40,1730,0,0,40,1730,0.0,0.0,0.0,0.0,0.1631662317297675
ni_tfnbs,"e=0.2,h=8.0,n=30,start_thres=1.25",hub,0.25,10,22,40,1730,0,0,40,1730,0.0,0.0,0.0,0.0,0.1631662317297675
ni_tfnbs,"e=0.2,h=9.0,n=30,start_thres=1.25",hub,0.25,10,22,40,1730,0,0,40,1730,0.0,0.0,0.0,0.0,0.1631662317297675
ni_tfnbs,"e=0.2,h=10.0,n=30,start_thres=1.25",hub,0.25,10,22,40,1730,0,0,40,1730,0.0,0.0,0.0,0.0,0.1631662317297675
ni_tfnbs,"e=0.3,h=0.5,n=30,start_thres=1.25",hub,0.25,10,22,40,1730,0,0,40,1730,0.0,0.0,0.0,0.0,0.1631662317297675
ni_tfnbs,"e=0.3,h=1.0,n=30,start_thres=1.25",hub,0.25,10,22,40,1730,0,0,40,1730,0.0,0.0,0.0,0.0,0.1631662317297675
ni_tfnbs,"e=0.3,h=2.0,n=30,start_thres=1.25",hub,0.25,10,22,40,1730,0,0,40,1730,0.0,0.0,0.0,0.0,0.1631662317297675
ni_tfnbs,"e=0.3,h=3.0,n=30,start_thres=1.25",hub,0.25,10,22,40,1730,0,0,40,1730,0.0,0.0,0.0,0.0,0.1631662317297675
ni_tfnbs,"e=0.3,h=4.0,n=30,start_thres=1.25",hub,0.25,10,22,40,1730,0,0,40,1730,0.0,0.0,0.0,0.0,0.1631662317297675
ni_tfnbs,"e=0.3,h=5.0,n=30,start_thres=1.25",hub,0.25,10,22,40,1730,0,0,40,1730,0.0,0.0,0.0,0.0,0.1631662317297675
ni_tfnbs,"e=0.3,h=6.0,n=30,start_thres=1.25",hub,0.25,10,22,40,1730,0,0,40,1730,0.0,0.0,0.0,0.0,0.1631662317297675
ni_tfnbs,"e=0.3,h=7.0,n=30,start_thres=1.25",hub,0.25,10,22,40,1730,0,0,40,1730,0.0,0.0,0.0,0.0,0.1631662317297675
ni_tfnbs,"e=0.3,h=8.0,n=30,start_thres=1.25",hub,0.25,10,22,40,1730,0,0,40,1730,0.0,0.0,0.0,0.0,0.1631662317297675
ni_tfnbs,"e=0.3,h=9.0,n=30,start_thres=1.25",hub,0.25,10,22,40,1730,0,0,40,1730,0.0,0.0,0.0,0.0,0.1631662317297675
ni_tfnbs,"e=0.3,h=10.0,n=30,start_thres=1.25",hub,0.25,10,22,40,1730,0,0,40,1730,0.0,0.0,0.0,0.0,0.1631662317297675
ni_tfnbs,"e=0.4,h=0.5,n=30,start_thres=1.25",hub,0.25,10,22,40,1730,0,0,40,1730,0.0,0.0,0.0,0.0,0.1631662317297675
ni_tfnbs,"e=0.4,h=1.0,n=30,start_thres=1.25",hub,0.25,10,22,40,1730,0,0,40,1730,0.0,0.0,0.0,0.0,0.1631662317297675
ni_tfnbs,"e=0.4,h=2.0,n=30,start_thres=1.25",hub,0.25,10,22,40,1730,0,0,40,1730,0.0,0.0,0.0,0.0,0.1631662317297675
ni_tfnbs,"e=0.4,h=3.0,n=30,start_thres=1.25",hub,0.25,10,22,40,1730,0,0,40,1730,0.0,0.0,0.0,0.0,0.1631662317297675
ni_tfnbs,"e=0.4,h=4.0,n=30,start_thres=1.25",hub,0.25,10,22,40,1730,0,0,40,1730,0.0,0.0,0.0,0.0,0.1631662317297675
ni_tfnbs,"e=0.4,h=5.0,n=30,start_thres=1.25",hub,0.25,10,22,40,1730,0,0,40,1730,0.0,0.0,0.0,0.0,0.1631662317297675
ni_tfnbs,"e=0.4,h=6.0,n=30,start_thres=1.25",hub,0.25,10,22,40,1730,0,0,40,1730,0.0,0.0,0.0,0.0,0.1631662317297675
ni_tfnbs,"e=0.4,h=7.0,n=30,start_thres=1.25",hub,0.25,10,22,40,1730,0,0,40,1730,0.0,0.0,0.0,0.0,0.1631662317297675
ni_tfnbs,"e=0.4,h=8.0,n=30,start_thres=1.25",hub,0.25,10,22,40,1730,0,0,40,1730,0.0,0.0,0.0,0.0,0.1631662317297675
ni_tfnbs,"e=0.4,h=9.0,n=30,start_thres=1.25",hub,0.25,10,22,40,1730,0,0,40,1730,0.0,0.0,0.0,0.0,0.1631662317297675
ni_tfnbs,"e=0.4,h=10.0,n=30,start_thres=1.25",hub,0.25,10,22,40,1730,0,0,40,1730,0.0,0.0,0.0,0.0,0.1631662317297675
ni_tfnbs,"e=0.5,h=0.5,n=30,start_thres=1.25",hub,0.25,10,22,40,1730,0,0,40,1730,0.0,0.0,0.0,0.0,0.1631662317297675
ni_tfnbs,"e=0.5,h=1.0,n=30,start_thres=1.25",hub,0.25,10,22,40,1730,0,0,40,1730,0.0,0.0,0.0,0.0,0.1631662317297675
ni_tfnbs,"e=0.5,h=2.0,n=30,start_thres=1.25",hub,0.25,10,22,40,1730,0,0,40,1730,0.0,0.0,0.0,0.0,0.1631662317297675
ni_tfnbs,"e=0.5,h=3.0,n=30,start_thres=1.25",hub,0.25,10,22,40,1730,0,0,40,1730,0.0,0.0,0.0,0.0,0.1631662317297675
ni_tfnbs,"e=0.5,h=4.0,n=30,start_thres=1.25",hub,0.25,10,22,40,1730,0,0,40,1730,0.0,0.0,0.0,0.0,0.1631662317297675
ni_tfnbs,"e=0.5,h=5.0,n=30,start_thres=1.25",hub,0.25,10,22,40,1730,0,0,40,1730,0.0,0.0,0.0,0.0,0.1631662317297675
ni_tfnbs,"e=0.5,h=6.0,n=30,start_thres=1.25",hub,0.25,10,22,40,1730,0,0,40,1730,0.0,0.0,0.0,0.0,0.1631662317297675
ni_tfnbs,"e=0.5,h=7.0,n=30,start_thres=1.25",hub,0.25,10,22,40,1730,0,0,40,1730,0.0,0.0,0.0,0.0,0.1631662317297675
ni_tfnbs,"e=0.5,h=8.0,n=30,start_thres=1.25",hub,0.25,10,22,40,1730,0,0,40,1730,0.0,0.0,0.0,0.0,0.1631662317297675
ni_tfnbs,"e=0.5,h=9.0,n=30,start_thres=1.25",hub,0.25,10,22,40,1730,0,0,40,1730,0.0,0.0,0.0,0.0,0.1631662317297675
ni_tfnbs,"e=0.5,h=10.0,n=30,start_thres=1.25",hub,0.25,10,22,40,1730,0,0,40,1730,0.0,0.0,0.0,0.0,0.1631662317297675
ni_tfnbs,"e=0.6,h=0.5,n=30,start_thres=1.25",hub,0.25,10,22,40,1730,0,0,40,1730,0.0,0.0,0.0,0.0,0.1631662317297675
ni_tfnbs,"e=0.6,h=1.0,n=30,start_thres=1.25",hub,0.25,10,22,40,1730,0,0,40,1730,0.0,0.0,0.0,0.0,0.1631662317297675
ni_tfnbs,"e=0.6,h=2.0,n=30,start_thres=1.25",hub,0.25,10,22,40,1730,0,0,40,1730,0.0,0.0,0.0,0.0,0.1631662317297675
ni_tfnbs,"e=0.6,h=3.0,n=30,start_thres=1.25",hub,0.25,10,22,40,1730,0,0,40,1730,0.0,0.0,0.0,0.0,0.1631662317297675
ni_tfnbs,"e=0.6,h=4.0,n=30,start_thres=1.25",hub,0.25,10,22,40,1730,0,0,40,1730,0.0,0.0,0.0,0.0,0.1631662317297675
ni_tfnbs,"e=0.6,h=5.0,n=30,start_thres=1.25",hub,0.25,10,22,40,1730,0,0,40,1730,0.0,0.0,0.0,0.0,0.1631662317297675
ni_tfnbs,"e=0.6,h=6.0,n=30,start_thres=1.25",hub,0.25,10,22,40,1730,0,0,40,1730,0.0,0.0,0.0,0.0,0.1631662317297675
ni_tfnbs,"e=0.6,h=7.0,n=30,start_thres=1.25",hub,0.25,10,22,40,1730,0,0,40,1730,0.0,0.0,0.0,0.0,0.1631662317297675
ni_tfnbs,"e=0.6,h=8.0,n=30,start_thres=1.25",hub,0.25,10,22,40,1730,0,0,40,1730,0.0,0.0,0.0,0.0,0.1631662317297675
ni_tfnbs,"e=0.6,h=9.0,n=30,start_thres=1.25",hub,0.25,10,22,40,1730,0,0,40,1730,0.0,0.0,0.0,0.0,0.1631662317297675
ni_tfnbs,"e=0.6,h=10.0,n=30,start_thres=1.25",hub,0.25,10,22,40,1730,0,0,40,1730,0.0,0.0,0.0,0.0,0.1631662317297675
ni_tfnbs,"e=0.7,h=0.5,n=30,start_thres=1.25",hub,0.25,10,22,40,1730,0,0,40,1730,0.0,0.0,0.0,0.0,0.1631662317297675
ni_tfnbs,"e=0.7,h=1.0,n=30,start_thres=1.25",hub,0.25,10,22,40,1730,0,0,40,1730,0.0,0.0,0.0,0.0,0.1631662317297675
ni_tfnbs,"e=0.7,h=2.0,n=30,start_thres=1.25",hub,0.25,10,22,40,1730,0,0,40,1730,0.0,0.0,0.0,0.0,0.1631662317297675
ni_tfnbs,"e=0.7,h=3.0,n=30,start_thres=1.25",hub,0.25,10,22,40,1730,0,0,40,1730,0.0,0.0,0.0,0.0,0.1631662317297675
ni_tfnbs,"e=0.7,h=4.0,n=30,start_thres=1.25",hub,0.25,10,22,40,1730,0,0,40,1730,0.0,0.0,0.0,0.0,0.1631662317297675
ni_tfnbs,"e=0.7,h=5.0,n=30,start_thres=1.25",hub,0.25,10,22,40,1730,0,0,40,1730,0.0,0.0,0.0,0.0,0.1631662317297675
ni_tfnbs,"e=0.7,h=6.0,n=30,start_thres=1.25",hub,0.25,10,22,40,1730,0,0,40,1730,0.0,0.0,0.0,0.0,0.1631662317297675
ni_tfnbs,"e=0.7,h=7.0,n=30,start_thres=1.25",hub,0.25,10,22,40,1730,0,0,40,1730,0.0,0.0,0.0,0.0,0.1631662317297675
ni_tfnbs,"e=0.7,h=8.0,n=30,start_thres=1.25",hub,0.25,10,22,40,1730,0,0,40,1730,0.0,0.0,0.0,0.0,0.1631662317297675
ni_tfnbs,"e=0.7,h=9.0,n=30,start_thres=1.25",hub,0.25,10,22,40,1730,0,0,40,1730,0.0,0.0,0.0,0.0,0.1631662317297675
ni_tfnbs,"e=0.7,h=10.0,n=30,start_thres=1.25",hub,0.25,10,22,40,1730,0,0,40,1730,0.0,0.0,0.0,0.0,0.1631662317297675
ni_tfnbs,"e=0.8,h=0.5,n=30,start_thres=1.25",hub,0.25,10,22,40,1730,0,0,40,1730,0.0,0.0,0.0,0.0,0.1631662317297675
ni_tfnbs,"e=0.8,h=1.0,n=30,start_thres=1.25",hub,0.25,10,22,40,1730,0,0,40,1730,0.0,0.0,0.0,0.0,0.1631662317297675
ni_tfnbs,"e=0.8,h=2.0,n=30,start_thres=1.25",hub,0.25,10,22,40,1730,0,0,40,1730,0.0,0.0,0.0,0.0,0.1631662317297675
ni_tfnbs,"e=0.8,h=3.0,n=30,start_thres=1.25",hub,0.25,10,22,40,1730,0,0,40,1730,0.0,0.0,0.0,0.0,0.1631662317297675
ni_tfnbs,"e=0.8,h=4.0,n=30,start_thres=1.25",hub,0.25,10,22,40,1730,0,0,40,1730,0.0,0.0,0.0,0.0,0.1631662317297675
ni_tfnbs,"e=0.8,h=5.0,n=30,start_thres=1.25",hub,0.25,10,22,40,1730,0,0,40,1730,0.0,0.0,0.0,0.0,0.1631662317297675
ni_tfnbs,"e=0.8,h=6.0,n=30,start_thres=1.25",hub,0.25,10,22,40,1730,0,0,40,1730,0.0,0.0,0.0,0.0,0.1631662317297675
ni_tfnbs,"e=0.8,h=7.0,n=30,start_thres=1.25",hub,0.25,10,22,40,1730,0,0,40,1730,0.0,0.0,0.0,0.0,0.1631662317297675
ni_tfnbs,"e=0.8,h=8.0,n=30,start_thres=1.25",hub,0.25,10,22,40,1730,0,0,40,1730,0.0,0.0,0.0,0.0,0.1631662317297675
ni_tfnbs,"e=0.8,h=9.0,n=30,start_thres=1.25",hub,0.25,10,22,40,1730,0,0,40,1730,0.0,0.0,0.0,0.0,0.1631662317297675
ni_tfnbs,"e=0.8,h=10.0,n=30,start_thres=1.25",hub,0.25,10,22,40,1730,0,0,40,1730,0.0,0.0,0.0,0.0,0.1631662317297675
ni_tfnbs,"e=0.9,h=0.5,n=30,start_thres=1.25",hub,0.25,10,22,40,1730,0,0,40,1730,0.0,0.0,0.0,0.0,0.1631662317297675
ni_tfnbs,"e=0.9,h=1.0,n=30,start_thres=1.25",hub,0.25,10,22,40,1730,0,0,40,1730,0.0,0.0,0.0,0.0,0.1631662317297675
ni_tfnbs,"e=0.9,h=2.0,n=30,start_thres=1.25",hub,0.25,10,22,40,1730,0,0,40,1730,0.0,0.0,0.0,0.0,0.1631662317297675
ni_tfnbs,"e=0.9,h=3.0,n=30,start_thres=1.25",hub,0.25,10,22,40,1730,0,0,40,1730,0.0,0.0,0.0,0.0,0.1631662317297675
ni_tfnbs,"e=0.9,h=4.0,n=30,start_thres=1.25",hub,0.25,10,22,40,1730,0,0,40,1730,0.0,0.0,0.0,0.0,0.1631662317297675
ni_tfnbs,"e=0.9,h=5.0,n=30,start_thres=1.25",hub,0.25,10,22,40,1730,0,0,40,1730,0.0,0.0,0.0,0.0,0.1631662317297675
ni_tfnbs,"e=0.9,h=6.0,n=30,start_thres=1.25",hub,0.25,10,22,40,1730,0,0,40,1730,0.0,0.0,0.0,0.0,0.1631662317297675
ni_tfnbs,"e=0.9,h=7.0,n=30,start_thres=1.25",hub,0.25,10,22,40,1730,0,0,40,1730,0.0,0.0,0.0,0.0,0.1631662317297675
ni_tfnbs,"e=0.9,h=8.0,n=30,start_thres=1.25",hub,0.25,10,22,40,1730,0,0,40,1730,0.0,0.0,0.0,0.0,0.1631662317297675
ni_tfnbs,"e=0.9,h=9.0,n=30,start_thres=1.25",hub,0.25,10,22,40,1730,0,0,40,1730,0.0,0.0,0.0,0.0,0.1631662317297675
ni_tfnbs,"e=0.9,h=10.0,n=30,start_thres=1.25",hub,0.25,10,22,40,1730,0,0,40,1730,0.0,0.0,0.0,0.0,0.1631662317297675
ni_tfnbs,"e=1.0,h=0.5,n=30,start_thres=1.25",hub,0.25,10,22,40,1730,0,0,40,1730,0.0,0.0,0.0,0.0,0.1631662317297675
ni_tfnbs,"e=1.0,h=1.0,n=30,start_thres=1.25",hub,0.25,10,22,40,1730,0,0,40,1730,0.0,0.0,0.0,0.0,0.1631662317297675
ni_tfnbs,"e=1.0,h=2.0,n=30,start_thres=1.25",hub,0.25,10,22,40,1730,0,0,40,1730,0.0,0.0,0.0,0.0,0.1631662317297675
ni_tfnbs,"e=1.0,h=3.0,n=30,start_thres=1.25",hub,0.25,10,22,40,1730,0,0,40,1730,0.0,0.0,0.0,0.0,0.1631662317297675
ni_tfnbs,"e=1.0,h=4.0,n=30,start_thres=1.25",hub,0.25,10,22,40,1730,0,0,40,1730,0.0,0.0,0.0,0.0,0.1631662317297675
ni_tfnbs,"e=1.0,h=5.0,n=30,start_thres=1.25",hub,0.25,10,22,40,1730,0,0,40,1730,0.0,0.0,0.0,0.0,0.1631662317297675
ni_tfnbs,"e=1.0,h=6.0,n=30,start_thres=1.25",hub,0.25,10,22,40,1730,0,0,40,1730,0.0,0.0,0.0,0.0,0.1631662317297675
ni_tfnbs,"e=1.0,h=7.0,n=30,start_thres=1.25",hub,0.25,10,22,40,1730,0,0,40,1730,0.0,0.0,0.0,0.0,0.1631662317297675
ni_tfnbs,"e=1.0,h=8.0,n=30,start_thres=1.25",hub,0.25,10,22,40,1730,0,0,40,1730,0.0,0.0,0.0,0.0,0.1631662317297675
ni_tfnbs,"e=1.0,h=9.0,n=30,start_thres=1.25",hub,0.25,10,22,40,1730,0,0,40,1730,0.0,0.0,0.0,0.0,0.1631662317297675
ni_tfnbs,"e=1.0,h=10.0,n=30,start_thres=1.25",hub,0.25,10,22,40,1730,0,0,40,1730,0.0,0.0,0.0,0.0,0.1631662317297675
ni_tfnbs,"e=1.1,h=0.5,n=30,start_thres=1.25",hub,0.25,10,22,40,1730,0,0,40,1730,0.0,0.0,0.0,0.0,0.1631662317297675
ni_tfnbs,"e=1.1,h=1.0,n=30,start_thres=1.25",hub,0.25,10,22,40,1730,0,0,40,1730,0.0,0.0,0.0,0.0,0.1631662317297675
ni_tfnbs,"e=1.1,h=2.0,n=30,start_thres=1.25",hub,0.25,10,22,40,1730,0,0,40,1730,0.0,0.0,0.0,0.0,0.1631662317297675
ni_tfnbs,"e=1.1,h=3.0,n=30,start_thres=1.25",hub,0.25,10,22,40,1730,0,0,40,1730,0.0,0.0,0.0,0.0,0.1631662317297675
ni_tfnbs,"e=1.1,h=4.0,n=30,start_thres=1.25",hub,0.25,10,22,40,1730,0,0,40,1730,0.0,0.0,0.0,0.0,0.1631662317297675
ni_tfnbs,"e=1.1,h=5.0,n=30,start_thres=1.25",hub,0.25,10,22,40,1730,0,0,40,1730,0.0,0.0,0.0,0.0,0.1631662317297675
ni_tfnbs,"e=1.1,h=6.0,n=30,start_thres=1.25",hub,0.25,10,22,40,1730,0,0,40,1730,0.0,0.0,0.0,0.0,0.1631662317297675
ni_tfnbs,"e=1.1,h=7.0,n=30,start_thres=1.25",hub,0.25,10,22,40,1730,0,0,40,1730,0.0,0.0,0.0,0.0,0.1631662317297675
ni_tfnbs,"e=1.1,h=8.0,n=30,start_thres=1.25",hub,0.25,10,22,40,1730,0,0,40,1730,0.0,0.0,0.0,0.0,0.1631662317297675
ni_tfnbs,"e=1.1,h=9.0,n=30,start_thres=1.25",hub,0.25,10,22,40,1730,0,0,40,1730,0.0,0.0,0.0,0.0,0.1631662317297675
ni_tfnbs,"e=1.1,h=10.0,n=30,start_thres=1.25",hub,0.25,10,22,40,1730,0,0,40,1730,0.0,0.0,0.0,0.0,0.1631662317297675
ni_tfnbs,"e=1.2,h=0.5,n=30,start_thres=1.25",hub,0.25,10,22,40,1730,0,0,40,1730,0.0,0.0,0.0,0.0,0.1631662317297675
ni_tfnbs,"e=1.2,h=1.0,n=30,start_thres=1.25",hub,0.25,10,22,40,1730,0,0,40,1730,0.0,0.0,0.0,0.0,0.1631662317297675
ni_tfnbs,"e=1.2,h=2.0,n=30,start_thres=1.25",hub,0.25,10,22,40,1730,0,0,40,1730,0.0,0.0,0.0,0.0,0.1631662317297675
ni_tfnbs,"e=1.2,h=3.0,n=30,start_thres=1.25",hub,0.25,10,22,40,1730,0,0,40,1730,0.0,0.0,0.0,0.0,0.1631662317297675
ni_tfnbs,"e=1.2,h=4.0,n=30,start_thres=1.25",hub,0.25,10,22,40,1730,0,0,40,1730,0.0,0.0,0.0,0.0,0.1631662317297675
ni_tfnbs,"e=1.2,h=5.0,n=30,start_thres=1.25",hub,0.25,10,22,40,1730,0,0,40,1730,0.0,0.0,0.0,0.0,0.1631662317297675
ni_tfnbs,"e=1.2,h=6.0,n=30,start_thres=1.25",hub,0.25,10,22,40,1730,0,0,40,1730,0.0,0.0,0.0,0.0,0.1631662317297675
ni_tfnbs,"e=1.2,h=7.0,n=30,start_thres=1.25",hub,0.25,10,22,40,1730,0,0,40,1730,0.0,0.0,0.0,0.0,0.1631662317297675
ni_tfnbs,"e=1.2,h=8.0,n=30,start_thres=1.25",hub,0.25,10,22,40,1730,0,0,40,1730,0.0,0.0,0.0,0.0,0.1631662317297675
ni_tfnbs,"e=1.2,h=9.0,n=30,start_thres=1.25",hub,0.25,10,22,40,1730,0,0,40,1730,0.0,0.0,0.0,0.0,0.1631662317297675
ni_tfnbs,"e=1.2,h=10.0,n=30,start_thres=1.25",hub,0.25,10,22,40,1730,0,0,40,1730,0.0,0.0,0.0,0.0,0.1631662317297675
ni_tfnbs,"e=1.3,h=0.5,n=30,start_thres=1.25",hub,0.25,10,22,40,1730,0,0,40,1730,0.0,0.0,0.0,0.0,0.1631662317297675
ni_tfnbs,"e=1.3,h=1.0,n=30,start_thres=1.25",hub,0.25,10,22,40,1730,0,0,40,1730,0.0,0.0,0.0,0.0,0.1631662317297675
ni_tfnbs,"e=1.3,h=2.0,n=30,start_thres=1.25",hub,0.25,10,22,40,1730,0,0,40,1730,0.0,0.0,0.0,0.0,0.1631662317297675
ni_tfnbs,"e=1.3,h=3.0,n=30,start_thres=1.25",hub,0.25,10,22,40,1730,0,0,40,1730,0.0,0.0,0.0,0.0,0.1631662317297675
ni_tfnbs,"e=1.3,h=4.0,n=30,start_thres=1.25",hub,0.25,10,22,40,1730,0,0,40,1730,0.0,0.0,0.0,0.0,0.1631662317297675
ni_tfnbs,"e=1.3,h=5.0,n=30,start_thres=1.25",hub,0.25,10,22,40,1730,0,0,40,1730,0.0,0.0,0.0,0.0,0.1631662317297675
ni_tfnbs,"e=1.3,h=6.0,n=30,start_thres=1.25",hub,0.25,10,22,40,1730,0,0,40,1730,0.0,0.0,0.0,0.0,0.1631662317297675
ni_tfnbs,"e=1.3,h=7.0,n=30,start_thres=1.25",hub,0.25,10,22,40,1730,0,0,40,1730,0.0,0.0,0.0,0.0,0.1631662317297675
ni_tfnbs,"e=1.3,h=8.0,n=30,start_thres=1.25",hub,0.25,10,22,40,1730,0,0,40,1730,0.0,0.0,0.0,0.0,0.1631662317297675
ni_tfnbs,"e=1.3,h=9.0,n=30,start_thres=1.25",hub,0.25,10,22,40,1730,0,0,40,1730,0.0,0.0,0.0,0.0,0.1631662317297675
ni_tfnbs,"e=1.3,h=10.0,n=30,start_thres=1.25",hub,0.25,10,22,40,1730,0,0,40,1730,0.0,0.0,0.0,0.0,0.1631662317297675
ni_tfnbs,"e=1.4,h=0.5,n=30,start_thres=1.25",hub,0.25,10,22,40,1730,0,0,40,1730,0.0,0.0,0.0,0.0,0.1631662317297675
ni_tfnbs,"e=1.4,h=1.0,n=30,start_thres=1.25",hub,0.25,10,22,40,1730,0,0,40,1730,0.0,0.0,0.0,0.0,0.1631662317297675
ni_tfnbs,"e=1.4,h=2.0,n=30,start_thres=1.25",hub,0.25,10,22,40,1730,0,0,40,1730,0.0,0.0,0.0,0.0,0.1631662317297675
ni_tfnbs,"e=1.4,h=3.0,n=30,start_thres=1.25",hub,0.25,10,22,40,1730,0,0,40,1730,0.0,0.0,0.0,0.0,0.1631662317297675
ni_tfnbs,"e=1.4,h=4.0,n=30,start_thres=1.25",hub,0.25,10,22,40,1730,0,0,40,1730,0.0,0.0,0.0,0.0,0.1631662317297675
ni_tfnbs,"e=1.4,h=5.0,n=30,start_thres=1.25",hub,0.25,10,22,40,1730,0,0,40,1730,0.0,0.0,0.0,0.0,0.1631662317297675
ni_tfnbs,"e=1.4,h=6.0,n=30,start_thres=1.25",hub,0.25,10,22,40,1730,0,0,40,1730,0.0,0.0,0.0,0.0,0.1631662317297675
ni_tfnbs,"e=1.4,h=7.0,n=30,start_thres=1.25",hub,0.25,10,22,40,1730,0,0,40,1730,0.0,0.0,0.0,0.0,0.1631662317297675
ni_tfnbs,"e=1.4,h=8.0,n=30,start_thres=1.25",hub,0.25,10,22,40,1730,0,0,40,1730,0.0,0.0,0.0,0.0,0.1631662317297675
ni_tfnbs,"e=1.4,h=9.0,n=30,start_thres=1.25",hub,0.25,10,22,40,1730,0,0,40,1730,0.0,0.0,0.0,0.0,0.1631662317297675
ni_tfnbs,"e=1.4,h=10.0,n=30,start_thres=1.25",hub,0.25,10,22,40,1730,0,0,40,1730,0.0,0.0,0.0,0.0,0.1631662317297675
ni_tfnbs,"e=1.5,h=0.5,n=30,start_thres=1.25",hub,0.25,10,22,40,1730,0,0,40,1730,0.0,0.0,0.0,0.0,0.1631662317297675
ni_tfnbs,"e=1.5,h=1.0,n=30,start_thres=1.25",hub,0.25,10,22,40,1730,0,0,40,1730,0.0,0.0,0.0,0.0,0.1631662317297675
ni_tfnbs,"e=1.5,h=2.0,n=30,start_thres=1.25",hub,0.25,10,22,40,1730,0,0,40,1730,0.0,0.0,0.0,0.0,0.1631662317297675
ni_tfnbs,"e=1.5,h=3.0,n=30,start_thres=1.25",hub,0.25,10,22,40,1730,0,0,40,1730,0.0,0.0,0.0,0.0,0.1631662317297675
ni_tfnbs,"e=1.5,h=4.0,n=30,start_thres=1.25",hub,0.25,10,22,40,1730,0,0,40,1730,0.0,0.0,0.0,0.0,0.1631662317297675
ni_tfnbs,"e=1.5,h=5.0,n=30,start_thres=1.25",hub,0.25,10,22,40,1730,0,0,40,1730,0.0,0.0,0.0,0.0,0.1631662317297675
ni_tfnbs,"e=1.5,h=6.0,n=30,start_thres=1.25",hub,0.25,10,22,40,1730,0,0,40,1730,0.0,0.0,0.0,0.0,0.1631662317297675
ni_tfnbs,"e=1.5,h=7.0,n=30,start_thres=1.25",hub,0.25,10,22,40,1730,0,0,40,1730,0.0,0.0,0.0,0.0,0.1631662317297675
ni_tfnbs,"e=1.5,h=8.0,n=30,start_thres=1.25",hub,0.25,10,22,40,1730,0,0,40,1730,0.0,0.0,0.0,0.0,0.1631662317297675
ni_tfnbs,"e=1.5,h=9.0,n=30,start_thres=1.25",hub,0.25,10,22,40,1730,0,0,40,1730,0.0,0.0,0.0,0.0,0.1631662317297675
ni_tfnbs,"e=1.5,h=10.0,n=30,start_thres=1.25",hub,0.25,10,22,40,1730,0,0,40,1730,0.0,0.0,0.0,0.0,0.1631662317297675
ni_tfnbs,"e=0.05,h=0.5,n=30,start_thres=1.25",hub,0.25,10,23,40,1730,0,0,40,1730,0.0,0.0,0.0,0.0,0.1641031679782
ni_tfnbs,"e=0.05,h=1.0,n=30,start_thres=1.25",hub,0.25,10,23,40,1730,0,0,40,1730,0.0,0.0,0.0,0.0,0.1641031679782
ni_tfnbs,"e=0.05,h=2.0,n=30,start_thres=1.25",hub,0.25,10,23,40,1730,0,0,40,1730,0.0,0.0,0.0,0.0,0.1641031679782
ni_tfnbs,"e=0.05,h=3.0,n=30,start_thres=1.25",hub,0.25,10,23,40,1730,0,0,40,1730,0.0,0.0,0.0,0.0,0.1641031679782
ni_tfnbs,"e=0.05,h=4.0,n=30,start_thres=1.25",hub,0.25,10,23,40,1730,0,0,40,1730,0.0,0.0,0.0,0.0,0.1641031679782
ni_tfnbs,"e=0.05,h=5.0,n=30,start_thres=1.25",hub,0.25,10,23,40,1730,0,0,40,1730,0.0,0.0,0.0,0.0,0.1641031679782
ni_tfnbs,"e=0.05,h=6.0,n=30,start_thres=1.25",hub,0.25,10,23,40,1730,0,0,40,1730,0.0,0.0,0.0,0.0,0.1641031679782
ni_tfnbs,"e=0.05,h=7.0,n=30,start_thres=1.25",hub,0.25,10,23,40,1730,0,0,40,1730,0.0,0.0,0.0,0.0,0.1641031679782
ni_tfnbs,"e=0.05,h=8.0,n=30,start_thres=1.25",hub,0.25,10,23,40,1730,0,0,40,1730,0.0,0.0,0.0,0.0,0.1641031679782
ni_tfnbs,"e=0.05,h=9.0,n=30,start_thres=1.25",hub,0.25,10,23,40,1730,0,0,40,1730,0.0,0.0,0.0,0.0,0.1641031679782
ni_tfnbs,"e=0.05,h=10.0,n=30,start_thres=1.25",hub,0.25,10,23,40,1730,0,0,40,1730,0.0,0.0,0.0,0.0,0.1641031679782
ni_tfnbs,"e=0.1,h=0.5,n=30,start_thres=1.25",hub,0.25,10,23,40,1730,0,0,40,1730,0.0,0.0,0.0,0.0,0.1641031679782
ni_tfnbs,"e=0.1,h=1.0,n=30,start_thres=1.25",hub,0.25,10,23,40,1730,0,0,40,1730,0.0,0.0,0.0,0.0,0.1641031679782
ni_tfnbs,"e=0.1,h=2.0,n=30,start_thres=1.25",hub,0.25,10,23,40,1730,0,0,40,1730,0.0,0.0,0.0,0.0,0.1641031679782
ni_tfnbs,"e=0.1,h=3.0,n=30,start_thres=1.25",hub,0.25,10,23,40,1730,0,0,40,1730,0.0,0.0,0.0,0.0,0.1641031679782
ni_tfnbs,"e=0.1,h=4.0,n=30,start_thres=1.25",hub,0.25,10,23,40,1730,0,0,40,1730,0.0,0.0,0.0,0.0,0.1641031679782
ni_tfnbs,"e=0.1,h=5.0,n=30,start_thres=1.25",hub,0.25,10,23,40,1730,0,0,40,1730,0.0,0.0,0.0,0.0,0.1641031679782
ni_tfnbs,"e=0.1,h=6.0,n=30,start_thres=1.25",hub,0.25,10,23,40,1730,0,0,40,1730,0.0,0.0,0.0,0.0,0.1641031679782
ni_tfnbs,"e=0.1,h=7.0,n=30,start_thres=1.25",hub,0.25,10,23,40,1730,0,0,40,1730,0.0,0.0,0.0,0.0,0.1641031679782
ni_tfnbs,"e=0.1,h=8.0,n=30,start_thres=1.25",hub,0.25,10,23,40,1730,0,0,40,1730,0.0,0.0,0.0,0.0,0.1641031679782
ni_tfnbs,"e=0.1,h=9.0,n=30,start_thres=1.25",hub,0.25,10,23,40,1730,0,0,40,1730,0.0,0.0,0.0,0.0,0.1641031679782
ni_tfnbs,"e=0.1,h=10.0,n=30,start_thres=1.25",hub,0.25,10,23,40,1730,0,0,40,1730,0.0,0.0,0.0,0.0,0.1641031679782
ni_tfnbs,"e=0.2,h=0.5,n=30,start_thres=1.25",hub,0.25,10,23,40,1730,0,0,40,1730,0.0,0.0,0.0,0.0,0.1641031679782
ni_tfnbs,"e=0.2,h=1.0,n=30,start_thres=1.25",hub,0.25,10,23,40,1730,0,0,40,1730,0.0,0.0,0.0,0.0,0.1641031679782
ni_tfnbs,"e=0.2,h=2.0,n=30,start_thres=1.25",hub,0.25,10,23,40,1730,0,0,40,1730,0.0,0.0,0.0,0.0,0.1641031679782
ni_tfnbs,"e=0.2,h=3.0,n=30,start_thres=1.25",hub,0.25,10,23,40,1730,0,0,40,1730,0.0,0.0,0.0,0.0,0.1641031679782
ni_tfnbs,"e=0.2,h=4.0,n=30,start_thres=1.25",hub,0.25,10,23,40,1730,0,0,40,1730,0.0,0.0,0.0,0.0,0.1641031679782
ni_tfnbs,"e=0.2,h=5.0,n=30,start_thres=1.25",hub,0.25,10,23,40,1730,0,0,40,1730,0.0,0.0,0.0,0.0,0.1641031679782
ni_tfnbs,"e=0.2,h=6.0,n=30,start_thres=1.25",hub,0.25,10,23,40,1730,0,0,40,1730,0.0,0.0,0.0,0.0,0.1641031679782
ni_tfnbs,"e=0.2,h=7.0,n=30,start_thres=1.25",hub,0.25,10,23,40,1730,0,0,40,1730,0.0,0.0,0.0,0.0,0.1641031679782
ni_tfnbs,"e=0.2,h=8.0,n=30,start_thres=1.25",hub,0.25,10,23,40,1730,0,0,40,1730,0.0,0.0,0.0,0.0,0.1641031679782
ni_tfnbs,"e=0.2,h=9.0,n=30,start_thres=1.25",hub,0.25,10,23,40,1730,0,0,40,1730,0.0,0.0,0.0,0.0,0.1641031679782
ni_tfnbs,"e=0.2,h=10.0,n=30,start_thres=1.25",hub,0.25,10,23,40,1730,0,0,40,1730,0.0,0.0,0.0,0.0,0.1641031679782
ni_tfnbs,"e=0.3,h=0.5,n=30,start_thres=1.25",hub,0.25,10,23,40,1730,0,0,40,1730,0.0,0.0,0.0,0.0,0.1641031679782
ni_tfnbs,"e=0.3,h=1.0,n=30,start_thres=1.25",hub,0.25,10,23,40,1730,0,0,40,1730,0.0,0.0,0.0,0.0,0.1641031679782
ni_tfnbs,"e=0.3,h=2.0,n=30,start_thres=1.25",hub,0.25,10,23,40,1730,0,0,40,1730,0.0,0.0,0.0,0.0,0.1641031679782
ni_tfnbs,"e=0.3,h=3.0,n=30,start_thres=1.25",hub,0.25,10,23,40,1730,0,0,40,1730,0.0,0.0,0.0,0.0,0.1641031679782
ni_tfnbs,"e=0.3,h=4.0,n=30,start_thres=1.25",hub,0.25,10,23,40,1730,0,0,40,1730,0.0,0.0,0.0,0.0,0.1641031679782
ni_tfnbs,"e=0.3,h=5.0,n=30,start_thres=1.25",hub,0.25,10,23,40,1730,0,0,40,1730,0.0,0.0,0.0,0.0,0.1641031679782
ni_tfnbs,"e=0.3,h=6.0,n=30,start_thres=1.25",hub,0.25,10,23,40,1730,0,0,40,1730,0.0,0.0,0.0,0.0,0.1641031679782
ni_tfnbs,"e=0.3,h=7.0,n=30,start_thres=1.25",hub,0.25,10,23,40,1730,0,0,40,1730,0.0,0.0,0.0,0.0,0.1641031679782
ni_tfnbs,"e=0.3,h=8.0,n=30,start_thres=1.25",hub,0.25,10,23,40,1730,0,0,40,1730,0.0,0.0,0.0,0.0,0.1641031679782
ni_tfnbs,"e=0.3,h=9.0,n=30,start_thres=1.25",hub,0.25,10,23,40,1730,0,0,40,1730,0.0,0.0,0.0,0.0,0.1641031679782
ni_tfnbs,"e=0.3,h=10.0,n=30,start_thres=1.25",hub,0.25,10,23,40,1730,0,0,40,1730,0.0,0.0,0.0,0.0,0.1641031679782
ni_tfnbs,"e=0.4,h=0.5,n=30,start_thres=1.25",hub,0.25,10,23,40,1730,0,0,40,1730,0.0,0.0,0.0,0.0,0.1641031679782
ni_tfnbs,"e=0.4,h=1.0,n=30,start_thres=1.25",hub,0.25,10,23,40,1730,0,0,40,1730,0.0,0.0,0.0,0.0,0.1641031679782
ni_tfnbs,"e=0.4,h=2.0,n=30,start_thres=1.25",hub,0.25,10,23,40,1730,0,0,40,1730,0.0,0.0,0.0,0.0,0.1641031679782
ni_tfnbs,"e=0.4,h=3.0,n=30,start_thres=1.25",hub,0.25,10,23,40,1730,0,0,40,1730,0.0,0.0,0.0,0.0,0.1641031679782
ni_tfnbs,"e=0.4,h=4.0,n=30,start_thres=1.25",hub,0.25,10,23,40,1730,0,0,40,1730,0.0,0.0,0.0,0.0,0.1641031679782
ni_tfnbs,"e=0.4,h=5.0,n=30,start_thres=1.25",hub,0.25,10,23,40,1730,0,0,40,1730,0.0,0.0,0.0,0.0,0.1641031679782
ni_tfnbs,"e=0.4,h=6.0,n=30,start_thres=1.25",hub,0.25,10,23,40,1730,0,0,40,1730,0.0,0.0,0.0,0.0,0.1641031679782
ni_tfnbs,"e=0.4,h=7.0,n=30,start_thres=1.25",hub,0.25,10,23,40,1730,0,0,40,1730,0.0,0.0,0.0,0.0,0.1641031679782
ni_tfnbs,"e=0.4,h=8.0,n=30,start_thres=1.25",hub,0.25,10,23,40,1730,0,0,40,1730,0.0,0.0,0.0,0.0,0.1641031679782
ni_tfnbs,"e=0.4,h=9.0,n=30,start_thres=1.25",hub,0.25,10,23,40,1730,0,0,40,1730,0.0,0.0,0.0,0.0,0.1641031679782
ni_tfnbs,"e=0.4,h=10.0,n=30,start_thres=1.25",hub,0.25,10,23,40,1730,0,0,40,1730,0.0,0.0,0.0,0.0,0.1641031679782
ni_tfnbs,"e=0.5,h=0.5,n=30,start_thres=1.25",hub,0.25,10,23,40,1730,0,0,40,1730,0.0,0.0,0.0,0.0,0.1641031679782
ni_tfnbs,"e=0.5,h=1.0,n=30,start_thres=1.25",hub,0.25,10,23,40,1730,0,0,40,1730,0.0,0.0,0.0,0.0,0.1641031679782
ni_tfnbs,"e=0.5,h=2.0,n=30,start_thres=1.25",hub,0.25,10,23,40,1730,0,0,40,1730,0.0,0.0,0.0,0.0,0.1641031679782
ni_tfnbs,"e=0.5,h=3.0,n=30,start_thres=1.25",hub,0.25,10,23,40,1730,0,0,40,1730,0.0,0.0,0.0,0.0,0.1641031679782
ni_tfnbs,"e=0.5,h=4.0,n=30,start_thres=1.25",hub,0.25,10,23,40,1730,0,0,40,1730,0.0,0.0,0.0,0.0,0.1641031679782
ni_tfnbs,"e=0.5,h=5.0,n=30,start_thres=1.25",hub,0.25,10,23,40,1730,0,0,40,1730,0.0,0.0,0.0,0.0,0.1641031679782
ni_tfnbs,"e=0.5,h=6.0,n=30,start_thres=1.25",hub,0.25,10,23,40,1730,0,0,40,1730,0.0,0.0,0.0,0.0,0.1641031679782
ni_tfnbs,"e=0.5,h=7.0,n=30,start_thres=1.25",hub,0.25,10,23,40,1730,0,0,40,1730,0.0,0.0,0.0,0.0,0.1641031679782
ni_tfnbs,"e=0.5,h=8.0,n=30,start_thres=1.25",hub,0.25,10,23,40,1730,0,0,40,1730,0.0,0.0,0.0,0.0,0.1641031679782
ni_tfnbs,"e=0.5,h=9.0,n=30,start_thres=1.25",hub,0.25,10,23,40,1730,0,0,40,1730,0.0,0.0,0.0,0.0,0.1641031679782
ni_tfnbs,"e=0.5,h=10.0,n=30,start_thres=1.25",hub,0.25,10,23,40,1730,0,0,40,1730,0.0,0.0,0.0,0.0,0.1641031679782
ni_tfnbs,"e=0.6,h=0.5,n=30,start_thres=1.25",hub,0.25,10,23,40,1730,0,0,40,1730,0.0,0.0,0.0,0.0,0.1641031679782
ni_tfnbs,"e=0.6,h=1.0,n=30,start_thres=1.25",hub,0.25,10,23,40,1730,0,0,40,1730,0.0,0.0,0.0,0.0,0.1641031679782
ni_tfnbs,"e=0.6,h=2.0,n=30,start_thres=1.25",hub,0.25,10,23,40,1730,0,0,40,1730,0.0,0.0,0.0,0.0,0.1641031679782
ni_tfnbs,"e=0.6,h=3.0,n=30,start_thres=1.25",hub,0.25,10,23,40,1730,0,0,40,1730,0.0,0.0,0.0,0.0,0.1641031679782
ni_tfnbs,"e=0.6,h=4.0,n=30,start_thres=1.25",hub,0.25,10,23,40,1730,0,0,40,1730,0.0,0.0,0.0,0.0,0.1641031679782
ni_tfnbs,"e=0.6,h=5.0,n=30,start_thres=1.25",hub,0.25,10,23,40,1730,0,0,40,1730,0.0,0.0,0.0,0.0,0.1641031679782
ni_tfnbs,"e=0.6,h=6.0,n=30,start_thres=1.25",hub,0.25,10,23,40,1730,0,0,40,1730,0.0,0.0,0.0,0.0,0.1641031679782
ni_tfnbs,"e=0.6,h=7.0,n=30,start_thres=1.25",hub,0.25,10,23,40,1730,0,0,40,1730,0.0,0.0,0.0,0.0,0.1641031679782
ni_tfnbs,"e=0.6,h=8.0,n=30,start_thres=1.25",hub,0.25,10,23,40,1730,0,0,40,1730,0.0,0.0,0.0,0.0,0.1641031679782
ni_tfnbs,"e=0.6,h=9.0,n=30,start_thres=1.25",hub,0.25,10,23,40,1730,0,0,40,1730,0.0,0.0,0.0,0.0,0.1641031679782
ni_tfnbs,"e=0.6,h=10.0,n=30,start_thres=1.25",hub,0.25,10,23,40,1730,0,0,40,1730,0.0,0.0,0.0,0.0,0.1641031679782
ni_tfnbs,"e=0.7,h=0.5,n=30,start_thres=1.25",hub,0.25,10,23,40,1730,0,0,40,1730,0.0,0.0,0.0,0.0,0.1641031679782
ni_tfnbs,"e=0.7,h=1.0,n=30,start_thres=1.25",hub,0.25,10,23,40,1730,0,0,40,1730,0.0,0.0,0.0,0.0,0.1641031679782
ni_tfnbs,"e=0.7,h=2.0,n=30,start_thres=1.25",hub,0.25,10,23,40,1730,0,0,40,1730,0.0,0.0,0.0,0.0,0.1641031679782
ni_tfnbs,"e=0.7,h=3.0,n=30,start_thres=1.25",hub,0.25,10,23,40,1730,0,0,40,1730,0.0,0.0,0.0,0.0,0.1641031679782
ni_tfnbs,"e=0.7,h=4.0,n=30,start_thres=1.25",hub,0.25,10,23,40,1730,0,0,40,1730,0.0,0.0,0.0,0.0,0.1641031679782
ni_tfnbs,"e=0.7,h=5.0,n=30,start_thres=1.25",hub,0.25,10,23,40,1730,0,0,40,1730,0.0,0.0,0.0,0.0,0.1641031679782
ni_tfnbs,"e=0.7,h=6.0,n=30,start_thres=1.25",hub,0.25,10,23,40,1730,0,0,40,1730,0.0,0.0,0.0,0.0,0.1641031679782
ni_tfnbs,"e=0.7,h=7.0,n=30,start_thres=1.25",hub,0.25,10,23,40,1730,0,0,40,1730,0.0,0.0,0.0,0.0,0.1641031679782
ni_tfnbs,"e=0.7,h=8.0,n=30,start_thres=1.25",hub,0.25,10,23,40,1730,0,0,40,1730,0.0,0.0,0.0,0.0,0.1641031679782
ni_tfnbs,"e=0.7,h=9.0,n=30,start_thres=1.25",hub,0.25,10,23,40,1730,0,0,40,1730,0.0,0.0,0.0,0.0,0.1641031679782
ni_tfnbs,"e=0.7,h=10.0,n=30,start_thres=1.25",hub,0.25,10,23,40,1730,0,0,40,1730,0.0,0.0,0.0,0.0,0.1641031679782
ni_tfnbs,"e=0.8,h=0.5,n=30,start_thres=1.25",hub,0.25,10,23,40,1730,0,0,40,1730,0.0,0.0,0.0,0.0,0.1641031679782
ni_tfnbs,"e=0.8,h=1.0,n=30,start_thres=1.25",hub,0.25,10,23,40,1730,0,0,40,1730,0.0,0.0,0.0,0.0,0.1641031679782
ni_tfnbs,"e=0.8,h=2.0,n=30,start_thres=1.25",hub,0.25,10,23,40,1730,0,0,40,1730,0.0,0.0,0.0,0.0,0.1641031679782
ni_tfnbs,"e=0.8,h=3.0,n=30,start_thres=1.25",hub,0.25,10,23,40,1730,0,0,40,1730,0.0,0.0,0.0,0.0,0.1641031679782
ni_tfnbs,"e=0.8,h=4.0,n=30,start_thres=1.25",hub,0.25,10,23,40,1730,0,0,40,1730,0.0,0.0,0.0,0.0,0.1641031679782
ni_tfnbs,"e=0.8,h=5.0,n=30,start_thres=1.25",hub,0.25,10,23,40,1730,0,0,40,1730,0.0,0.0,0.0,0.0,0.1641031679782
ni_tfnbs,"e=0.8,h=6.0,n=30,start_thres=1.25",hub,0.25,10,23,40,1730,0,0,40,1730,0.0,0.0,0.0,0.0,0.1641031679782
ni_tfnbs,"e=0.8,h=7.0,n=30,start_thres=1.25",hub,0.25,10,23,40,1730,0,0,40,1730,0.0,0.0,0.0,0.0,0.1641031679782
ni_tfnbs,"e=0.8,h=8.0,n=30,start_thres=1.25",hub,0.25,10,23,40,1730,0,0,40,1730,0.0,0.0,0.0,0.0,0.1641031679782
ni_tfnbs,"e=0.8,h=9.0,n=30,start_thres=1.25",hub,0.25,10,23,40,1730,0,0,40,1730,0.0,0.0,0.0,0.0,0.1641031679782
ni_tfnbs,"e=0.8,h=10.0,n=30,start_thres=1.25",hub,0.25,10,23,40,1730,0,0,40,1730,0.0,0.0,0.0,0.0,0.1641031679782
ni_tfnbs,"e=0.9,h=0.5,n=30,start_thres=1.25",hub,0.25,10,23,40,1730,0,0,40,1730,0.0,0.0,0.0,0.0,0.1641031679782
ni_tfnbs,"e=0.9,h=1.0,n=30,start_thres=1.25",hub,0.25,10,23,40,1730,0,0,40,1730,0.0,0.0,0.0,0.0,0.1641031679782
ni_tfnbs,"e=0.9,h=2.0,n=30,start_thres=1.25",hub,0.25,10,23,40,1730,0,0,40,1730,0.0,0.0,0.0,0.0,0.1641031679782
ni_tfnbs,"e=0.9,h=3.0,n=30,start_thres=1.25",hub,0.25,10,23,40,1730,0,0,40,1730,0.0,0.0,0.0,0.0,0.1641031679782
ni_tfnbs,"e=0.9,h=4.0,n=30,start_thres=1.25",hub,0.25,10,23,40,1730,0,0,40,1730,0.0,0.0,0.0,0.0,0.1641031679782
ni_tfnbs,"e=0.9,h=5.0,n=30,start_thres=1.25",hub,0.25,10,23,40,1730,0,0,40,1730,0.0,0.0,0.0,0.0,0.1641031679782
ni_tfnbs,"e=0.9,h=6.0,n=30,start_thres=1.25",hub,0.25,10,23,40,1730,0,0,40,1730,0.0,0.0,0.0,0.0,0.1641031679782
ni_tfnbs,"e=0.9,h=7.0,n=30,start_thres=1.25",hub,0.25,10,23,40,1730,0,0,40,1730,0.0,0.0,0.0,0.0,0.1641031679782
ni_tfnbs,"e=0.9,h=8.0,n=30,start_thres=1.25",hub,0.25,10,23,40,1730,0,0,40,1730,0.0,0.0,0.0,0.0,0.1641031679782
ni_tfnbs,"e=0.9,h=9.0,n=30,start_thres=1.25",hub,0.25,10,23,40,1730,0,0,40,1730,0.0,0.0,0.0,0.0,0.1641031679782
ni_tfnbs,"e=0.9,h=10.0,n=30,start_thres=1.25",hub,0.25,10,23,40,1730,0,0,40,1730,0.0,0.0,0.0,0.0,0.1641031679782
ni_tfnbs,"e=1.0,h=0.5,n=30,start_thres=1.25",hub,0.25,10,23,40,1730,0,0,40,1730,0.0,0.0,0.0,0.0,0.1641031679782
ni_tfnbs,"e=1.0,h=1.0,n=30,start_thres=1.25",hub,0.25,10,23,40,1730,0,0,40,1730,0.0,0.0,0.0,0.0,0.1641031679782
ni_tfnbs,"e=1.0,h=2.0,n=30,start_thres=1.25",hub,0.25,10,23,40,1730,0,0,40,1730,0.0,0.0,0.0,0.0,0.1641031679782
ni_tfnbs,"e=1.0,h=3.0,n=30,start_thres=1.25",hub,0.25,10,23,40,1730,0,0,40,1730,0.0,0.0,0.0,0.0,0.1641031679782
ni_tfnbs,"e=1.0,h=4.0,n=30,start_thres=1.25",hub,0.25,10,23,40,1730,0,0,40,1730,0.0,0.0,0.0,0.0,0.1641031679782
ni_tfnbs,"e=1.0,h=5.0,n=30,start_thres=1.25",hub,0.25,10,23,40,1730,0,0,40,1730,0.0,0.0,0.0,0.0,0.1641031679782
ni_tfnbs,"e=1.0,h=6.0,n=30,start_thres=1.25",hub,0.25,10,23,40,1730,0,0,40,1730,0.0,0.0,0.0,0.0,0.1641031679782
ni_tfnbs,"e=1.0,h=7.0,n=30,start_thres=1.25",hub,0.25,10,23,40,1730,0,0,40,1730,0.0,0.0,0.0,0.0,0.1641031679782
ni_tfnbs,"e=1.0,h=8.0,n=30,start_thres=1.25",hub,0.25,10,23,40,1730,0,0,40,1730,0.0,0.0,0.0,0.0,0.1641031679782
ni_tfnbs,"e=1.0,h=9.0,n=30,start_thres=1.25",hub,0.25,10,23,40,1730,0,0,40,1730,0.0,0.0,0.0,0.0,0.1641031679782
ni_tfnbs,"e=1.0,h=10.0,n=30,start_thres=1.25",hub,0.25,10,23,40,1730,0,0,40,1730,0.0,0.0,0.0,0.0,0.1641031679782
ni_tfnbs,"e=1.1,h=0.5,n=30,start_thres=1.25",hub,0.25,10,23,40,1730,0,0,40,1730,0.0,0.0,0.0,0.0,0.1641031679782
ni_tfnbs,"e=1.1,h=1.0,n=30,start_thres=1.25",hub,0.25,10,23,40,1730,0,0,40,1730,0.0,0.0,0.0,0.0,0.1641031679782
ni_tfnbs,"e=1.1,h=2.0,n=30,start_thres=1.25",hub,0.25,10,23,40,1730,0,0,40,1730,0.0,0.0,0.0,0.0,0.1641031679782
ni_tfnbs,"e=1.1,h=3.0,n=30,start_thres=1.25",hub,0.25,10,23,40,1730,0,0,40,1730,0.0,0.0,0.0,0.0,0.1641031679782
ni_tfnbs,"e=1.1,h=4.0,n=30,start_thres=1.25",hub,0.25,10,23,40,1730,0,0,40,1730,0.0,0.0,0.0,0.0,0.1641031679782
ni_tfnbs,"e=1.1,h=5.0,n=30,start_thres=1.25",hub,0.25,10,23,40,1730,0,0,40,1730,0.0,0.0,0.0,0.0,0.1641031679782
ni_tfnbs,"e=1.1,h=6.0,n=30,start_thres=1.25",hub,0.25,10,23,40,1730,0,0,40,1730,0.0,0.0,0.0,0.0,0.1641031679782
ni_tfnbs,"e=1.1,h=7.0,n=30,start_thres=1.25",hub,0.25,10,23,40,1730,0,0,40,1730,0.0,0.0,0.0,0.0,0.1641031679782
ni_tfnbs,"e=1.1,h=8.0,n=30,start_thres=1.25",hub,0.25,10,23,40,1730,0,0,40,1730,0.0,0.0,0.0,0.0,0.1641031679782
ni_tfnbs,"e=1.1,h=9.0,n=30,start_thres=1.25",hub,0.25,10,23,40,1730,0,0,40,1730,0.0,0.0,0.0,0.0,0.1641031679782
ni_tfnbs,"e=1.1,h=10.0,n=30,start_thres=1.25",hub,0.25,10,23,40,1730,0,0,40,1730,0.0,0.0,0.0,0.0,0.1641031679782
ni_tfnbs,"e=1.2,h=0.5,n=30,start_thres=1.25",hub,0.25,10,23,40,1730,0,0,40,1730,0.0,0.0,0.0,0.0,0.1641031679782
ni_tfnbs,"e=1.2,h=1.0,n=30,start_thres=1.25",hub,0.25,10,23,40,1730,0,0,40,1730,0.0,0.0,0.0,0.0,0.1641031679782
ni_tfnbs,"e=1.2,h=2.0,n=30,start_thres=1.25",hub,0.25,10,23,40,1730,0,0,40,1730,0.0,0.0,0.0,0.0,0.1641031679782
ni_tfnbs,"e=1.2,h=3.0,n=30,start_thres=1.25",hub,0.25,10,23,40,1730,0,0,40,1730,0.0,0.0,0.0,0.0,0.1641031679782
ni_tfnbs,"e=1.2,h=4.0,n=30,start_thres=1.25",hub,0.25,10,23,40,1730,0,0,40,1730,0.0,0.0,0.0,0.0,0.1641031679782
ni_tfnbs,"e=1.2,h=5.0,n=30,start_thres=1.25",hub,0.25,10,23,40,1730,0,0,40,1730,0.0,0.0,0.0,0.0,0.1641031679782
ni_tfnbs,"e=1.2,h=6.0,n=30,start_thres=1.25",hub,0.25,10,23,40,1730,0,0,40,1730,0.0,0.0,0.0,0.0,0.1641031679782
ni_tfnbs,"e=1.2,h=7.0,n=30,start_thres=1.25",hub,0.25,10,23,40,1730,0,0,40,1730,0.0,0.0,0.0,0.0,0.1641031679782
ni_tfnbs,"e=1.2,h=8.0,n=30,start_thres=1.25",hub,0.25,10,23,40,1730,0,0,40,1730,0.0,0.0,0.0,0.0,0.1641031679782
ni_tfnbs,"e=1.2,h=9.0,n=30,start_thres=1.25",hub,0.25,10,23,40,1730,0,0,40,1730,0.0,0.0,0.0,0.0,0.1641031679782
ni_tfnbs,"e=1.2,h=10.0,n=30,start_thres=1.25",hub,0.25,10,23,40,1730,0,0,40,1730,0.0,0.0,0.0,0.0,0.1641031679782
ni_tfnbs,"e=1.3,h=0.5,n=30,start_thres=1.25",hub,0.25,10,23,40,1730,0,0,40,1730,0.0,0.0,0.0,0.0,0.1641031679782
ni_tfnbs,"e=1.3,h=1.0,n=30,start_thres=1.25",hub,0.25,10,23,40,1730,0,0,40,1730,0.0,0.0,0.0,0.0,0.1641031679782
ni_tfnbs,"e=1.3,h=2.0,n=30,start_thres=1.25",hub,0.25,10,23,40,1730,0,0,40,1730,0.0,0.0,0.0,0.0,0.1641031679782
ni_tfnbs,"e=1.3,h=3.0,n=30,start_thres=1.25",hub,0.25,10,23,40,1730,0,0,40,1730,0.0,0.0,0.0,0.0,0.1641031679782
ni_tfnbs,"e=1.3,h=4.0,n=30,start_thres=1.25",hub,0.25,10,23,40,1730,0,0,40,1730,0.0,0.0,0.0,0.0,0.1641031679782
ni_tfnbs,"e=1.3,h=5.0,n=30,start_thres=1.25",hub,0.25,10,23,40,1730,0,0,40,1730,0.0,0.0,0.0,0.0,0.1641031679782
ni_tfnbs,"e=1.3,h=6.0,n=30,start_thres=1.25",hub,0.25,10,23,40,1730,0,0,40,1730,0.0,0.0,0.0,0.0,0.1641031679782
ni_tfnbs,"e=1.3,h=7.0,n=30,start_thres=1.25",hub,0.25,10,23,40,1730,0,0,40,1730,0.0,0.0,0.0,0.0,0.1641031679782
ni_tfnbs,"e=1.3,h=8.0,n=30,start_thres=1.25",hub,0.25,10,23,40,1730,0,0,40,1730,0.0,0.0,0.0,0.0,0.1641031679782
ni_tfnbs,"e=1.3,h=9.0,n=30,start_thres=1.25",hub,0.25,10,23,40,1730,0,0,40,1730,0.0,0.0,0.0,0.0,0.1641031679782
ni_tfnbs,"e=1.3,h=10.0,n=30,start_thres=1.25",hub,0.25,10,23,40,1730,0,0,40,1730,0.0,0.0,0.0,0.0,0.1641031679782
ni_tfnbs,"e=1.4,h=0.5,n=30,start_thres=1.25",hub,0.25,10,23,40,1730,0,0,40,1730,0.0,0.0,0.0,0.0,0.1641031679782
ni_tfnbs,"e=1.4,h=1.0,n=30,start_thres=1.25",hub,0.25,10,23,40,1730,0,0,40,1730,0.0,0.0,0.0,0.0,0.1641031679782
ni_tfnbs,"e=1.4,h=2.0,n=30,start_thres=1.25",hub,0.25,10,23,40,1730,0,0,40,1730,0.0,0.0,0.0,0.0,0.1641031679782
ni_tfnbs,"e=1.4,h=3.0,n=30,start_thres=1.25",hub,0.25,10,23,40,1730,0,0,40,1730,0.0,0.0,0.0,0.0,0.1641031679782
ni_tfnbs,"e=1.4,h=4.0,n=30,start_thres=1.25",hub,0.25,10,23,40,1730,0,0,40,1730,0.0,0.0,0.0,0.0,0.1641031679782
ni_tfnbs,"e=1.4,h=5.0,n=30,start_thres=1.25",hub,0.25,10,23,40,1730,0,0,40,1730,0.0,0.0,0.0,0.0,0.1641031679782
ni_tfnbs,"e=1.4,h=6.0,n=30,start_thres=1.25",hub,0.25,10,23,40,1730,0,0,40,1730,0.0,0.0,0.0,0.0,0.1641031679782
ni_tfnbs,"e=1.4,h=7.0,n=30,start_thres=1.25",hub,0.25,10,23,40,1730,0,0,40,1730,0.0,0.0,0.0,0.0,0.1641031679782
ni_tfnbs,"e=1.4,h=8.0,n=30,start_thres=1.25",hub,0.25,10,23,40,1730,0,0,40,1730,0.0,0.0,0.0,0.0,0.1641031679782
ni_tfnbs,"e=1.4,h=9.0,n=30,start_thres=1.25",hub,0.25,10,23,40,1730,0,0,40,1730,0.0,0.0,0.0,0.0,0.1641031679782
ni_tfnbs,"e=1.4,h=10.0,n=30,start_thres=1.25",hub,0.25,10,23,40,1730,0,0,40,1730,0.0,0.0,0.0,0.0,0.1641031679782
ni_tfnbs,"e=1.5,h=0.5,n=30,start_thres=1.25",hub,0.25,10,23,40,1730,0,0,40,1730,0.0,0.0,0.0,0.0,0.1641031679782
ni_tfnbs,"e=1.5,h=1.0,n=30,start_thres=1.25",hub,0.25,10,23,40,1730,0,0,40,1730,0.0,0.0,0.0,0.0,0.1641031679782
ni_tfnbs,"e=1.5,h=2.0,n=30,start_thres=1.25",hub,0.25,10,23,40,1730,0,0,40,1730,0.0,0.0,0.0,0.0,0.1641031679782
ni_tfnbs,"e=1.5,h=3.0,n=30,start_thres=1.25",hub,0.25,10,23,40,1730,0,0,40,1730,0.0,0.0,0.0,0.0,0.1641031679782
ni_tfnbs,"e=1.5,h=4.0,n=30,start_thres=1.25",hub,0.25,10,23,40,1730,0,0,40,1730,0.0,0.0,0.0,0.0,0.1641031679782
ni_tfnbs,"e=1.5,h=5.0,n=30,start_thres=1.25",hub,0.25,10,23,40,1730,0,0,40,1730,0.0,0.0,0.0,0.0,0.1641031679782
ni_tfnbs,"e=1.5,h=6.0,n=30,start_thres=1.25",hub,0.25,10,23,40,1730,0,0,40,1730,0.0,0.0,0.0,0.0,0.1641031679782
ni_tfnbs,"e=1.5,h=7.0,n=30,start_thres=1.25",hub,0.25,10,23,40,1730,0,0,40,1730,0.0,0.0,0.0,0.0,0.1641031679782
ni_tfnbs,"e=1.5,h=8.0,n=30,start_thres=1.25",hub,0.25,10,23,40,1730,0,0,40,1730,0.0,0.0,0.0,0.0,0.1641031679782
ni_tfnbs,"e=1.5,h=9.0,n=30,start_thres=1.25",hub,0.25,10,23,40,1730,0,0,40,1730,0.0,0.0,0.0,0.0,0.1641031679782
ni_tfnbs,"e=1.5,h=10.0,n=30,start_thres=1.25",hub,0.25,10,23,40,1730,0,0,40,1730,0.0,0.0,0.0,0.0,0.1641031679782
ni_tfnbs,"e=0.05,h=0.5,n=30,start_thres=1.25",hub,0.25,10,24,40,1730,1,0,39,1730,0.025,0.0,1.0,0.0,0.1623129939491098
ni_tfnbs,"e=0.05,h=1.0,n=30,start_thres=1.25",hub,0.25,10,24,40,1730,1,0,39,1730,0.025,0.0,1.0,0.0,0.1623129939491098
ni_tfnbs,"e=0.05,h=2.0,n=30,start_thres=1.25",hub,0.25,10,24,40,1730,1,0,39,1730,0.025,0.0,1.0,0.0,0.1623129939491098
ni_tfnbs,"e=0.05,h=3.0,n=30,start_thres=1.25",hub,0.25,10,24,40,1730,1,0,39,1730,0.025,0.0,1.0,0.0,0.1623129939491098
ni_tfnbs,"e=0.05,h=4.0,n=30,start_thres=1.25",hub,0.25,10,24,40,1730,1,0,39,1730,0.025,0.0,1.0,0.0,0.1623129939491098
ni_tfnbs,"e=0.05,h=5.0,n=30,start_thres=1.25",hub,0.25,10,24,40,1730,1,0,39,1730,0.025,0.0,1.0,0.0,0.1623129939491098
ni_tfnbs,"e=0.05,h=6.0,n=30,start_thres=1.25",hub,0.25,10,24,40,1730,1,0,39,1730,0.025,0.0,1.0,0.0,0.1623129939491098
ni_tfnbs,"e=0.05,h=7.0,n=30,start_thres=1.25",hub,0.25,10,24,40,1730,1,0,39,1730,0.025,0.0,1.0,0.0,0.1623129939491098
ni_tfnbs,"e=0.05,h=8.0,n=30,start_thres=1.25",hub,0.25,10,24,40,1730,1,0,39,1730,0.025,0.0,1.0,0.0,0.1623129939491098
ni_tfnbs,"e=0.05,h=9.0,n=30,start_thres=1.25",hub,0.25,10,24,40,1730,1,0,39,1730,0.025,0.0,1.0,0.0,0.1623129939491098
ni_tfnbs,"e=0.05,h=10.0,n=30,start_thres=1.25",hub,0.25,10,24,40,1730,1,0,39,1730,0.025,0.0,1.0,0.0,0.1623129939491098
ni_tfnbs,"e=0.1,h=0.5,n=30,start_thres=1.25",hub,0.25,10,24,40,1730,1,0,39,1730,0.025,0.0,1.0,0.0,0.1623129939491098
ni_tfnbs,"e=0.1,h=1.0,n=30,start_thres=1.25",hub,0.25,10,24,40,1730,1,0,39,1730,0.025,0.0,1.0,0.0,0.1623129939491098
ni_tfnbs,"e=0.1,h=2.0,n=30,start_thres=1.25",hub,0.25,10,24,40,1730,1,0,39,1730,0.025,0.0,1.0,0.0,0.1623129939491098
ni_tfnbs,"e=0.1,h=3.0,n=30,start_thres=1.25",hub,0.25,10,24,40,1730,1,0,39,1730,0.025,0.0,1.0,0.0,0.1623129939491098
ni_tfnbs,"e=0.1,h=4.0,n=30,start_thres=1.25",hub,0.25,10,24,40,1730,1,0,39,1730,0.025,0.0,1.0,0.0,0.1623129939491098
ni_tfnbs,"e=0.1,h=5.0,n=30,start_thres=1.25",hub,0.25,10,24,40,1730,1,0,39,1730,0.025,0.0,1.0,0.0,0.1623129939491098
ni_tfnbs,"e=0.1,h=6.0,n=30,start_thres=1.25",hub,0.25,10,24,40,1730,1,0,39,1730,0.025,0.0,1.0,0.0,0.1623129939491098
ni_tfnbs,"e=0.1,h=7.0,n=30,start_thres=1.25",hub,0.25,10,24,40,1730,1,0,39,1730,0.025,0.0,1.0,0.0,0.1623129939491098
ni_tfnbs,"e=0.1,h=8.0,n=30,start_thres=1.25",hub,0.25,10,24,40,1730,1,0,39,1730,0.025,0.0,1.0,0.0,0.1623129939491098
ni_tfnbs,"e=0.1,h=9.0,n=30,start_thres=1.25",hub,0.25,10,24,40,1730,1,0,39,1730,0.025,0.0,1.0,0.0,0.1623129939491098
ni_tfnbs,"e=0.1,h=10.0,n=30,start_thres=1.25",hub,0.25,10,24,40,1730,1,0,39,1730,0.025,0.0,1.0,0.0,0.1623129939491098
ni_tfnbs,"e=0.2,h=0.5,n=30,start_thres=1.25",hub,0.25,10,24,40,1730,1,0,39,1730,0.025,0.0,1.0,0.0,0.1623129939491098
ni_tfnbs,"e=0.2,h=1.0,n=30,start_thres=1.25",hub,0.25,10,24,40,1730,1,0,39,1730,0.025,0.0,1.0,0.0,0.1623129939491098
ni_tfnbs,"e=0.2,h=2.0,n=30,start_thres=1.25",hub,0.25,10,24,40,1730,1,0,39,1730,0.025,0.0,1.0,0.0,0.1623129939491098
ni_tfnbs,"e=0.2,h=3.0,n=30,start_thres=1.25",hub,0.25,10,24,40,1730,1,0,39,1730,0.025,0.0,1.0,0.0,0.1623129939491098
ni_tfnbs,"e=0.2,h=4.0,n=30,start_thres=1.25",hub,0.25,10,24,40,1730,1,0,39,1730,0.025,0.0,1.0,0.0,0.1623129939491098
ni_tfnbs,"e=0.2,h=5.0,n=30,start_thres=1.25",hub,0.25,10,24,40,1730,1,0,39,1730,0.025,0.0,1.0,0.0,0.1623129939491098
ni_tfnbs,"e=0.2,h=6.0,n=30,start_thres=1.25",hub,0.25,10,24,40,1730,1,0,39,1730,0.025,0.0,1.0,0.0,0.1623129939491098
ni_tfnbs,"e=0.2,h=7.0,n=30,start_thres=1.25",hub,0.25,10,24,40,1730,1,0,39,1730,0.025,0.0,1.0,0.0,0.1623129939491098
ni_tfnbs,"e=0.2,h=8.0,n=30,start_thres=1.25",hub,0.25,10,24,40,1730,1,0,39,1730,0.025,0.0,1.0,0.0,0.1623129939491098
ni_tfnbs,"e=0.2,h=9.0,n=30,start_thres=1.25",hub,0.25,10,24,40,1730,1,0,39,1730,0.025,0.0,1.0,0.0,0.1623129939491098
ni_tfnbs,"e=0.2,h=10.0,n=30,start_thres=1.25",hub,0.25,10,24,40,1730,1,0,39,1730,0.025,0.0,1.0,0.0,0.1623129939491098
ni_tfnbs,"e=0.3,h=0.5,n=30,start_thres=1.25",hub,0.25,10,24,40,1730,1,0,39,1730,0.025,0.0,1.0,0.0,0.1623129939491098
ni_tfnbs,"e=0.3,h=1.0,n=30,start_thres=1.25",hub,0.25,10,24,40,1730,1,0,39,1730,0.025,0.0,1.0,0.0,0.1623129939491098
ni_tfnbs,"e=0.3,h=2.0,n=30,start_thres=1.25",hub,0.25,10,24,40,1730,1,0,39,1730,0.025,0.0,1.0,0.0,0.1623129939491098
ni_tfnbs,"e=0.3,h=3.0,n=30,start_thres=1.25",hub,0.25,10,24,40,1730,1,0,39,1730,0.025,0.0,1.0,0.0,0.1623129939491098
ni_tfnbs,"e=0.3,h=4.0,n=30,start_thres=1.25",hub,0.25,10,24,40,1730,1,0,39,1730,0.025,0.0,1.0,0.0,0.1623129939491098
ni_tfnbs,"e=0.3,h=5.0,n=30,start_thres=1.25",hub,0.25,10,24,40,1730,1,0,39,1730,0.025,0.0,1.0,0.0,0.1623129939491098
ni_tfnbs,"e=0.3,h=6.0,n=30,start_thres=1.25",hub,0.25,10,24,40,1730,1,0,39,1730,0.025,0.0,1.0,0.0,0.1623129939491098
ni_tfnbs,"e=0.3,h=7.0,n=30,start_thres=1.25",hub,0.25,10,24,40,1730,1,0,39,1730,0.025,0.0,1.0,0.0,0.1623129939491098
ni_tfnbs,"e=0.3,h=8.0,n=30,start_thres=1.25",hub,0.25,10,24,40,1730,1,0,39,1730,0.025,0.0,1.0,0.0,0.1623129939491098
ni_tfnbs,"e=0.3,h=9.0,n=30,start_thres=1.25",hub,0.25,10,24,40,1730,1,0,39,1730,0.025,0.0,1.0,0.0,0.1623129939491098
ni_tfnbs,"e=0.3,h=10.0,n=30,start_thres=1.25",hub,0.25,10,24,40,1730,1,0,39,1730,0.025,0.0,1.0,0.0,0.1623129939491098
ni_tfnbs,"e=0.4,h=0.5,n=30,start_thres=1.25",hub,0.25,10,24,40,1730,1,0,39,1730,0.025,0.0,1.0,0.0,0.1623129939491098
ni_tfnbs,"e=0.4,h=1.0,n=30,start_thres=1.25",hub,0.25,10,24,40,1730,1,0,39,1730,0.025,0.0,1.0,0.0,0.1623129939491098
ni_tfnbs,"e=0.4,h=2.0,n=30,start_thres=1.25",hub,0.25,10,24,40,1730,1,0,39,1730,0.025,0.0,1.0,0.0,0.1623129939491098
ni_tfnbs,"e=0.4,h=3.0,n=30,start_thres=1.25",hub,0.25,10,24,40,1730,1,0,39,1730,0.025,0.0,1.0,0.0,0.1623129939491098
ni_tfnbs,"e=0.4,h=4.0,n=30,start_thres=1.25",hub,0.25,10,24,40,1730,1,0,39,1730,0.025,0.0,1.0,0.0,0.1623129939491098
ni_tfnbs,"e=0.4,h=5.0,n=30,start_thres=1.25",hub,0.25,10,24,40,1730,1,0,39,1730,0.025,0.0,1.0,0.0,0.1623129939491098
ni_tfnbs,"e=0.4,h=6.0,n=30,start_thres=1.25",hub,0.25,10,24,40,1730,1,0,39,1730,0.025,0.0,1.0,0.0,0.1623129939491098
ni_tfnbs,"e=0.4,h=7.0,n=30,start_thres=1.25",hub,0.25,10,24,40,1730,1,0,39,1730,0.025,0.0,1.0,0.0,0.1623129939491098
ni_tfnbs,"e=0.4,h=8.0,n=30,start_thres=1.25",hub,0.25,10,24,40,1730,1,0,39,1730,0.025,0.0,1.0,0.0,0.1623129939491098
ni_tfnbs,"e=0.4,h=9.0,n=30,start_thres=1.25",hub,0.25,10,24,40,1730,1,0,39,1730,0.025,0.0,1.0,0.0,0.1623129939491098
ni_tfnbs,"e=0.4,h=10.0,n=30,start_thres=1.25",hub,0.25,10,24,40,1730,1,0,39,1730,0.025,0.0,1.0,0.0,0.1623129939491098
ni_tfnbs,"e=0.5,h=0.5,n=30,start_thres=1.25",hub,0.25,10,24,40,1730,1,0,39,1730,0.025,0.0,1.0,0.0,0.1623129939491098
ni_tfnbs,"e=0.5,h=1.0,n=30,start_thres=1.25",hub,0.25,10,24,40,1730,1,0,39,1730,0.025,0.0,1.0,0.0,0.1623129939491098
ni_tfnbs,"e=0.5,h=2.0,n=30,start_thres=1.25",hub,0.25,10,24,40,1730,1,0,39,1730,0.025,0.0,1.0,0.0,0.1623129939491098
ni_tfnbs,"e=0.5,h=3.0,n=30,start_thres=1.25",hub,0.25,10,24,40,1730,1,0,39,1730,0.025,0.0,1.0,0.0,0.1623129939491098
ni_tfnbs,"e=0.5,h=4.0,n=30,start_thres=1.25",hub,0.25,10,24,40,1730,1,0,39,1730,0.025,0.0,1.0,0.0,0.1623129939491098
ni_tfnbs,"e=0.5,h=5.0,n=30,start_thres=1.25",hub,0.25,10,24,40,1730,1,0,39,1730,0.025,0.0,1.0,0.0,0.1623129939491098
ni_tfnbs,"e=0.5,h=6.0,n=30,start_thres=1.25",hub,0.25,10,24,40,1730,1,0,39,1730,0.025,0.0,1.0,0.0,0.1623129939491098
ni_tfnbs,"e=0.5,h=7.0,n=30,start_thres=1.25",hub,0.25,10,24,40,1730,1,0,39,1730,0.025,0.0,1.0,0.0,0.1623129939491098
ni_tfnbs,"e=0.5,h=8.0,n=30,start_thres=1.25",hub,0.25,10,24,40,1730,1,0,39,1730,0.025,0.0,1.0,0.0,0.1623129939491098
ni_tfnbs,"e=0.5,h=9.0,n=30,start_thres=1.25",hub,0.25,10,24,40,1730,1,0,39,1730,0.025,0.0,1.0,0.0,0.1623129939491098
ni_tfnbs,"e=0.5,h=10.0,n=30,start_thres=1.25",hub,0.25,10,24,40,1730,1,0,39,1730,0.025,0.0,1.0,0.0,0.1623129939491098
ni_tfnbs,"e=0.6,h=0.5,n=30,start_thres=1.25",hub,0.25,10,24,40,1730,1,0,39,1730,0.025,0.0,1.0,0.0,0.1623129939491098
ni_tfnbs,"e=0.6,h=1.0,n=30,start_thres=1.25",hub,0.25,10,24,40,1730,1,0,39,1730,0.025,0.0,1.0,0.0,0.1623129939491098
ni_tfnbs,"e=0.6,h=2.0,n=30,start_thres=1.25",hub,0.25,10,24,40,1730,1,0,39,1730,0.025,0.0,1.0,0.0,0.1623129939491098
ni_tfnbs,"e=0.6,h=3.0,n=30,start_thres=1.25",hub,0.25,10,24,40,1730,1,0,39,1730,0.025,0.0,1.0,0.0,0.1623129939491098
ni_tfnbs,"e=0.6,h=4.0,n=30,start_thres=1.25",hub,0.25,10,24,40,1730,1,0,39,1730,0.025,0.0,1.0,0.0,0.1623129939491098
ni_tfnbs,"e=0.6,h=5.0,n=30,start_thres=1.25",hub,0.25,10,24,40,1730,1,0,39,1730,0.025,0.0,1.0,0.0,0.1623129939491098
ni_tfnbs,"e=0.6,h=6.0,n=30,start_thres=1.25",hub,0.25,10,24,40,1730,1,0,39,1730,0.025,0.0,1.0,0.0,0.1623129939491098
ni_tfnbs,"e=0.6,h=7.0,n=30,start_thres=1.25",hub,0.25,10,24,40,1730,1,0,39,1730,0.025,0.0,1.0,0.0,0.1623129939491098
ni_tfnbs,"e=0.6,h=8.0,n=30,start_thres=1.25",hub,0.25,10,24,40,1730,1,0,39,1730,0.025,0.0,1.0,0.0,0.1623129939491098
ni_tfnbs,"e=0.6,h=9.0,n=30,start_thres=1.25",hub,0.25,10,24,40,1730,1,0,39,1730,0.025,0.0,1.0,0.0,0.1623129939491098
ni_tfnbs,"e=0.6,h=10.0,n=30,start_thres=1.25",hub,0.25,10,24,40,1730,1,0,39,1730,0.025,0.0,1.0,0.0,0.1623129939491098
ni_tfnbs,"e=0.7,h=0.5,n=30,start_thres=1.25",hub,0.25,10,24,40,1730,1,0,39,1730,0.025,0.0,1.0,0.0,0.1623129939491098
ni_tfnbs,"e=0.7,h=1.0,n=30,start_thres=1.25",hub,0.25,10,24,40,1730,1,0,39,1730,0.025,0.0,1.0,0.0,0.1623129939491098
ni_tfnbs,"e=0.7,h=2.0,n=30,start_thres=1.25",hub,0.25,10,24,40,1730,1,0,39,1730,0.025,0.0,1.0,0.0,0.1623129939491098
ni_tfnbs,"e=0.7,h=3.0,n=30,start_thres=1.25",hub,0.25,10,24,40,1730,1,0,39,1730,0.025,0.0,1.0,0.0,0.1623129939491098
ni_tfnbs,"e=0.7,h=4.0,n=30,start_thres=1.25",hub,0.25,10,24,40,1730,1,0,39,1730,0.025,0.0,1.0,0.0,0.1623129939491098
ni_tfnbs,"e=0.7,h=5.0,n=30,start_thres=1.25",hub,0.25,10,24,40,1730,1,0,39,1730,0.025,0.0,1.0,0.0,0.1623129939491098
ni_tfnbs,"e=0.7,h=6.0,n=30,start_thres=1.25",hub,0.25,10,24,40,1730,1,0,39,1730,0.025,0.0,1.0,0.0,0.1623129939491098
ni_tfnbs,"e=0.7,h=7.0,n=30,start_thres=1.25",hub,0.25,10,24,40,1730,1,0,39,1730,0.025,0.0,1.0,0.0,0.1623129939491098
ni_tfnbs,"e=0.7,h=8.0,n=30,start_thres=1.25",hub,0.25,10,24,40,1730,1,0,39,1730,0.025,0.0,1.0,0.0,0.1623129939491098
ni_tfnbs,"e=0.7,h=9.0,n=30,start_thres=1.25",hub,0.25,10,24,40,1730,1,0,39,1730,0.025,0.0,1.0,0.0,0.1623129939491098
ni_tfnbs,"e=0.7,h=10.0,n=30,start_thres=1.25",hub,0.25,10,24,40,1730,1,0,39,1730,0.025,0.0,1.0,0.0,0.1623129939491098
ni_tfnbs,"e=0.8,h=0.5,n=30,start_thres=1.25",hub,0.25,10,24,40,1730,1,0,39,1730,0.025,0.0,1.0,0.0,0.1623129939491098
ni_tfnbs,"e=0.8,h=1.0,n=30,start_thres=1.25",hub,0.25,10,24,40,1730,1,0,39,1730,0.025,0.0,1.0,0.0,0.1623129939491098
ni_tfnbs,"e=0.8,h=2.0,n=30,start_thres=1.25",hub,0.25,10,24,40,1730,1,0,39,1730,0.025,0.0,1.0,0.0,0.1623129939491098
ni_tfnbs,"e=0.8,h=3.0,n=30,start_thres=1.25",hub,0.25,10,24,40,1730,1,0,39,1730,0.025,0.0,1.0,0.0,0.1623129939491098
ni_tfnbs,"e=0.8,h=4.0,n=30,start_thres=1.25",hub,0.25,10,24,40,1730,1,0,39,1730,0.025,0.0,1.0,0.0,0.1623129939491098
ni_tfnbs,"e=0.8,h=5.0,n=30,start_thres=1.25",hub,0.25,10,24,40,1730,1,0,39,1730,0.025,0.0,1.0,0.0,0.1623129939491098
ni_tfnbs,"e=0.8,h=6.0,n=30,start_thres=1.25",hub,0.25,10,24,40,1730,1,0,39,1730,0.025,0.0,1.0,0.0,0.1623129939491098
ni_tfnbs,"e=0.8,h=7.0,n=30,start_thres=1.25",hub,0.25,10,24,40,1730,1,0,39,1730,0.025,0.0,1.0,0.0,0.1623129939491098
ni_tfnbs,"e=0.8,h=8.0,n=30,start_thres=1.25",hub,0.25,10,24,40,1730,1,0,39,1730,0.025,0.0,1.0,0.0,0.1623129939491098
ni_tfnbs,"e=0.8,h=9.0,n=30,start_thres=1.25",hub,0.25,10,24,40,1730,1,0,39,1730,0.025,0.0,1.0,0.0,0.1623129939491098
ni_tfnbs,"e=0.8,h=10.0,n=30,start_thres=1.25",hub,0.25,10,24,40,1730,1,0,39,1730,0.025,0.0,1.0,0.0,0.1623129939491098
ni_tfnbs,"e=0.9,h=0.5,n=30,start_thres=1.25",hub,0.25,10,24,40,1730,1,0,39,1730,0.025,0.0,1.0,0.0,0.1623129939491098
ni_tfnbs,"e=0.9,h=1.0,n=30,start_thres=1.25",hub,0.25,10,24,40,1730,1,0,39,1730,0.025,0.0,1.0,0.0,0.1623129939491098
ni_tfnbs,"e=0.9,h=2.0,n=30,start_thres=1.25",hub,0.25,10,24,40,1730,1,0,39,1730,0.025,0.0,1.0,0.0,0.1623129939491098
ni_tfnbs,"e=0.9,h=3.0,n=30,start_thres=1.25",hub,0.25,10,24,40,1730,1,0,39,1730,0.025,0.0,1.0,0.0,0.1623129939491098
ni_tfnbs,"e=0.9,h=4.0,n=30,start_thres=1.25",hub,0.25,10,24,40,1730,1,0,39,1730,0.025,0.0,1.0,0.0,0.1623129939491098
ni_tfnbs,"e=0.9,h=5.0,n=30,start_thres=1.25",hub,0.25,10,24,40,1730,1,0,39,1730,0.025,0.0,1.0,0.0,0.1623129939491098
ni_tfnbs,"e=0.9,h=6.0,n=30,start_thres=1.25",hub,0.25,10,24,40,1730,1,0,39,1730,0.025,0.0,1.0,0.0,0.1623129939491098
ni_tfnbs,"e=0.9,h=7.0,n=30,start_thres=1.25",hub,0.25,10,24,40,1730,1,0,39,1730,0.025,0.0,1.0,0.0,0.1623129939491098
ni_tfnbs,"e=0.9,h=8.0,n=30,start_thres=1.25",hub,0.25,10,24,40,1730,1,0,39,1730,0.025,0.0,1.0,0.0,0.1623129939491098
ni_tfnbs,"e=0.9,h=9.0,n=30,start_thres=1.25",hub,0.25,10,24,40,1730,1,0,39,1730,0.025,0.0,1.0,0.0,0.1623129939491098
ni_tfnbs,"e=0.9,h=10.0,n=30,start_thres=1.25",hub,0.25,10,24,40,1730,1,0,39,1730,0.025,0.0,1.0,0.0,0.1623129939491098
ni_tfnbs,"e=1.0,h=0.5,n=30,start_thres=1.25",hub,0.25,10,24,40,1730,1,0,39,1730,0.025,0.0,1.0,0.0,0.1623129939491098
ni_tfnbs,"e=1.0,h=1.0,n=30,start_thres=1.25",hub,0.25,10,24,40,1730,1,0,39,1730,0.025,0.0,1.0,0.0,0.1623129939491098
ni_tfnbs,"e=1.0,h=2.0,n=30,start_thres=1.25",hub,0.25,10,24,40,1730,1,0,39,1730,0.025,0.0,1.0,0.0,0.1623129939491098
ni_tfnbs,"e=1.0,h=3.0,n=30,start_thres=1.25",hub,0.25,10,24,40,1730,1,0,39,1730,0.025,0.0,1.0,0.0,0.1623129939491098
ni_tfnbs,"e=1.0,h=4.0,n=30,start_thres=1.25",hub,0.25,10,24,40,1730,1,0,39,1730,0.025,0.0,1.0,0.0,0.1623129939491098
ni_tfnbs,"e=1.0,h=5.0,n=30,start_thres=1.25",hub,0.25,10,24,40,1730,1,0,39,1730,0.025,0.0,1.0,0.0,0.1623129939491098
ni_tfnbs,"e=1.0,h=6.0,n=30,start_thres=1.25",hub,0.25,10,24,40,1730,1,0,39,1730,0.025,0.0,1.0,0.0,0.1623129939491098
ni_tfnbs,"e=1.0,h=7.0,n=30,start_thres=1.25",hub,0.25,10,24,40,1730,1,0,39,1730,0.025,0.0,1.0,0.0,0.1623129939491098
ni_tfnbs,"e=1.0,h=8.0,n=30,start_thres=1.25",hub,0.25,10,24,40,1730,1,0,39,1730,0.025,0.0,1.0,0.0,0.1623129939491098
ni_tfnbs,"e=1.0,h=9.0,n=30,start_thres=1.25",hub,0.25,10,24,40,1730,1,0,39,1730,0.025,0.0,1.0,0.0,0.1623129939491098
ni_tfnbs,"e=1.0,h=10.0,n=30,start_thres=1.25",hub,0.25,10,24,40,1730,1,0,39,1730,0.025,0.0,1.0,0.0,0.1623129939491098
ni_tfnbs,"e=1.1,h=0.5,n=30,start_thres=1.25",hub,0.25,10,24,40,1730,1,0,39,1730,0.025,0.0,1.0,0.0,0.1623129939491098
ni_tfnbs,"e=1.1,h=1.0,n=30,start_thres=1.25",hub,0.25,10,24,40,1730,1,0,39,1730,0.025,0.0,1.0,0.0,0.1623129939491098
ni_tfnbs,"e=1.1,h=2.0,n=30,start_thres=1.25",hub,0.25,10,24,40,1730,1,0,39,1730,0.025,0.0,1.0,0.0,0.1623129939491098
ni_tfnbs,"e=1.1,h=3.0,n=30,start_thres=1.25",hub,0.25,10,24,40,1730,1,0,39,1730,0.025,0.0,1.0,0.0,0.1623129939491098
ni_tfnbs,"e=1.1,h=4.0,n=30,start_thres=1.25",hub,0.25,10,24,40,1730,1,0,39,1730,0.025,0.0,1.0,0.0,0.1623129939491098
ni_tfnbs,"e=1.1,h=5.0,n=30,start_thres=1.25",hub,0.25,10,24,40,1730,1,0,39,1730,0.025,0.0,1.0,0.0,0.1623129939491098
ni_tfnbs,"e=1.1,h=6.0,n=30,start_thres=1.25",hub,0.25,10,24,40,1730,1,0,39,1730,0.025,0.0,1.0,0.0,0.1623129939491098
ni_tfnbs,"e=1.1,h=7.0,n=30,start_thres=1.25",hub,0.25,10,24,40,1730,1,0,39,1730,0.025,0.0,1.0,0.0,0.1623129939491098
ni_tfnbs,"e=1.1,h=8.0,n=30,start_thres=1.25",hub,0.25,10,24,40,1730,1,0,39,1730,0.025,0.0,1.0,0.0,0.1623129939491098
ni_tfnbs,"e=1.1,h=9.0,n=30,start_thres=1.25",hub,0.25,10,24,40,1730,1,0,39,1730,0.025,0.0,1.0,0.0,0.1623129939491098
ni_tfnbs,"e=1.1,h=10.0,n=30,start_thres=1.25",hub,0.25,10,24,40,1730,1,0,39,1730,0.025,0.0,1.0,0.0,0.1623129939491098
ni_tfnbs,"e=1.2,h=0.5,n=30,start_thres=1.25",hub,0.25,10,24,40,1730,1,0,39,1730,0.025,0.0,1.0,0.0,0.1623129939491098
ni_tfnbs,"e=1.2,h=1.0,n=30,start_thres=1.25",hub,0.25,10,24,40,1730,1,0,39,1730,0.025,0.0,1.0,0.0,0.1623129939491098
ni_tfnbs,"e=1.2,h=2.0,n=30,start_thres=1.25",hub,0.25,10,24,40,1730,1,0,39,1730,0.025,0.0,1.0,0.0,0.1623129939491098
ni_tfnbs,"e=1.2,h=3.0,n=30,start_thres=1.25",hub,0.25,10,24,40,1730,1,0,39,1730,0.025,0.0,1.0,0.0,0.1623129939491098
ni_tfnbs,"e=1.2,h=4.0,n=30,start_thres=1.25",hub,0.25,10,24,40,1730,1,0,39,1730,0.025,0.0,1.0,0.0,0.1623129939491098
ni_tfnbs,"e=1.2,h=5.0,n=30,start_thres=1.25",hub,0.25,10,24,40,1730,1,0,39,1730,0.025,0.0,1.0,0.0,0.1623129939491098
ni_tfnbs,"e=1.2,h=6.0,n=30,start_thres=1.25",hub,0.25,10,24,40,1730,1,0,39,1730,0.025,0.0,1.0,0.0,0.1623129939491098
ni_tfnbs,"e=1.2,h=7.0,n=30,start_thres=1.25",hub,0.25,10,24,40,1730,1,0,39,1730,0.025,0.0,1.0,0.0,0.1623129939491098
ni_tfnbs,"e=1.2,h=8.0,n=30,start_thres=1.25",hub,0.25,10,24,40,1730,1,0,39,1730,0.025,0.0,1.0,0.0,0.1623129939491098
ni_tfnbs,"e=1.2,h=9.0,n=30,start_thres=1.25",hub,0.25,10,24,40,1730,1,0,39,1730,0.025,0.0,1.0,0.0,0.1623129939491098
ni_tfnbs,"e=1.2,h=10.0,n=30,start_thres=1.25",hub,0.25,10,24,40,1730,1,0,39,1730,0.025,0.0,1.0,0.0,0.1623129939491098
ni_tfnbs,"e=1.3,h=0.5,n=30,start_thres=1.25",hub,0.25,10,24,40,1730,1,0,39,1730,0.025,0.0,1.0,0.0,0.1623129939491098
ni_tfnbs,"e=1.3,h=1.0,n=30,start_thres=1.25",hub,0.25,10,24,40,1730,1,0,39,1730,0.025,0.0,1.0,0.0,0.1623129939491098
ni_tfnbs,"e=1.3,h=2.0,n=30,start_thres=1.25",hub,0.25,10,24,40,1730,1,0,39,1730,0.025,0.0,1.0,0.0,0.1623129939491098
ni_tfnbs,"e=1.3,h=3.0,n=30,start_thres=1.25",hub,0.25,10,24,40,1730,1,0,39,1730,0.025,0.0,1.0,0.0,0.1623129939491098
ni_tfnbs,"e=1.3,h=4.0,n=30,start_thres=1.25",hub,0.25,10,24,40,1730,1,0,39,1730,0.025,0.0,1.0,0.0,0.1623129939491098
ni_tfnbs,"e=1.3,h=5.0,n=30,start_thres=1.25",hub,0.25,10,24,40,1730,1,0,39,1730,0.025,0.0,1.0,0.0,0.1623129939491098
ni_tfnbs,"e=1.3,h=6.0,n=30,start_thres=1.25",hub,0.25,10,24,40,1730,1,0,39,1730,0.025,0.0,1.0,0.0,0.1623129939491098
ni_tfnbs,"e=1.3,h=7.0,n=30,start_thres=1.25",hub,0.25,10,24,40,1730,1,0,39,1730,0.025,0.0,1.0,0.0,0.1623129939491098
ni_tfnbs,"e=1.3,h=8.0,n=30,start_thres=1.25",hub,0.25,10,24,40,1730,1,0,39,1730,0.025,0.0,1.0,0.0,0.1623129939491098
ni_tfnbs,"e=1.3,h=9.0,n=30,start_thres=1.25",hub,0.25,10,24,40,1730,1,0,39,1730,0.025,0.0,1.0,0.0,0.1623129939491098
ni_tfnbs,"e=1.3,h=10.0,n=30,start_thres=1.25",hub,0.25,10,24,40,1730,1,0,39,1730,0.025,0.0,1.0,0.0,0.1623129939491098
ni_tfnbs,"e=1.4,h=0.5,n=30,start_thres=1.25",hub,0.25,10,24,40,1730,0,0,40,1730,0.0,0.0,0.0,0.0,0.1623129939491098
ni_tfnbs,"e=1.4,h=1.0,n=30,start_thres=1.25",hub,0.25,10,24,40,1730,1,0,39,1730,0.025,0.0,1.0,0.0,0.1623129939491098
ni_tfnbs,"e=1.4,h=2.0,n=30,start_thres=1.25",hub,0.25,10,24,40,1730,1,0,39,1730,0.025,0.0,1.0,0.0,0.1623129939491098
ni_tfnbs,"e=1.4,h=3.0,n=30,start_thres=1.25",hub,0.25,10,24,40,1730,1,0,39,1730,0.025,0.0,1.0,0.0,0.1623129939491098
ni_tfnbs,"e=1.4,h=4.0,n=30,start_thres=1.25",hub,0.25,10,24,40,1730,1,0,39,1730,0.025,0.0,1.0,0.0,0.1623129939491098
ni_tfnbs,"e=1.4,h=5.0,n=30,start_thres=1.25",hub,0.25,10,24,40,1730,1,0,39,1730,0.025,0.0,1.0,0.0,0.1623129939491098
ni_tfnbs,"e=1.4,h=6.0,n=30,start_thres=1.25",hub,0.25,10,24,40,1730,1,0,39,1730,0.025,0.0,1.0,0.0,0.1623129939491098
ni_tfnbs,"e=1.4,h=7.0,n=30,start_thres=1.25",hub,0.25,10,24,40,1730,1,0,39,1730,0.025,0.0,1.0,0.0,0.1623129939491098
ni_tfnbs,"e=1.4,h=8.0,n=30,start_thres=1.25",hub,0.25,10,24,40,1730,1,0,39,1730,0.025,0.0,1.0,0.0,0.1623129939491098
ni_tfnbs,"e=1.4,h=9.0,n=30,start_thres=1.25",hub,0.25,10,24,40,1730,1,0,39,1730,0.025,0.0,1.0,0.0,0.1623129939491098
ni_tfnbs,"e=1.4,h=10.0,n=30,start_thres=1.25",hub,0.25,10,24,40,1730,1,0,39,1730,0.025,0.0,1.0,0.0,0.1623129939491098
ni_tfnbs,"e=1.5,h=0.5,n=30,start_thres=1.25",hub,0.25,10,24,40,1730,0,0,40,1730,0.0,0.0,0.0,0.0,0.1623129939491098
ni_tfnbs,"e=1.5,h=1.0,n=30,start_thres=1.25",hub,0.25,10,24,40,1730,1,0,39,1730,0.025,0.0,1.0,0.0,0.1623129939491098
ni_tfnbs,"e=1.5,h=2.0,n=30,start_thres=1.25",hub,0.25,10,24,40,1730,1,0,39,1730,0.025,0.0,1.0,0.0,0.1623129939491098
ni_tfnbs,"e=1.5,h=3.0,n=30,start_thres=1.25",hub,0.25,10,24,40,1730,1,0,39,1730,0.025,0.0,1.0,0.0,0.1623129939491098
ni_tfnbs,"e=1.5,h=4.0,n=30,start_thres=1.25",hub,0.25,10,24,40,1730,1,0,39,1730,0.025,0.0,1.0,0.0,0.1623129939491098
ni_tfnbs,"e=1.5,h=5.0,n=30,start_thres=1.25",hub,0.25,10,24,40,1730,1,0,39,1730,0.025,0.0,1.0,0.0,0.1623129939491098
ni_tfnbs,"e=1.5,h=6.0,n=30,start_thres=1.25",hub,0.25,10,24,40,1730,1,0,39,1730,0.025,0.0,1.0,0.0,0.1623129939491098
ni_tfnbs,"e=1.5,h=7.0,n=30,start_thres=1.25",hub,0.25,10,24,40,1730,1,0,39,1730,0.025,0.0,1.0,0.0,0.1623129939491098
ni_tfnbs,"e=1.5,h=8.0,n=30,start_thres=1.25",hub,0.25,10,24,40,1730,1,0,39,1730,0.025,0.0,1.0,0.0,0.1623129939491098
ni_tfnbs,"e=1.5,h=9.0,n=30,start_thres=1.25",hub,0.25,10,24,40,1730,1,0,39,1730,0.025,0.0,1.0,0.0,0.1623129939491098
ni_tfnbs,"e=1.5,h=10.0,n=30,start_thres=1.25",hub,0.25,10,24,40,1730,1,0,39,1730,0.025,0.0,1.0,0.0,0.1623129939491098
ni_tfnbs,"e=0.05,h=0.5,n=30,start_thres=1.25",hub,0.25,10,25,40,1730,0,0,40,1730,0.0,0.0,0.0,0.0,0.1625564247369766
ni_tfnbs,"e=0.05,h=1.0,n=30,start_thres=1.25",hub,0.25,10,25,40,1730,0,0,40,1730,0.0,0.0,0.0,0.0,0.1625564247369766
ni_tfnbs,"e=0.05,h=2.0,n=30,start_thres=1.25",hub,0.25,10,25,40,1730,0,0,40,1730,0.0,0.0,0.0,0.0,0.1625564247369766
ni_tfnbs,"e=0.05,h=3.0,n=30,start_thres=1.25",hub,0.25,10,25,40,1730,0,0,40,1730,0.0,0.0,0.0,0.0,0.1625564247369766
ni_tfnbs,"e=0.05,h=4.0,n=30,start_thres=1.25",hub,0.25,10,25,40,1730,0,0,40,1730,0.0,0.0,0.0,0.0,0.1625564247369766
ni_tfnbs,"e=0.05,h=5.0,n=30,start_thres=1.25",hub,0.25,10,25,40,1730,0,0,40,1730,0.0,0.0,0.0,0.0,0.1625564247369766
ni_tfnbs,"e=0.05,h=6.0,n=30,start_thres=1.25",hub,0.25,10,25,40,1730,0,0,40,1730,0.0,0.0,0.0,0.0,0.1625564247369766
ni_tfnbs,"e=0.05,h=7.0,n=30,start_thres=1.25",hub,0.25,10,25,40,1730,0,0,40,1730,0.0,0.0,0.0,0.0,0.1625564247369766
ni_tfnbs,"e=0.05,h=8.0,n=30,start_thres=1.25",hub,0.25,10,25,40,1730,0,0,40,1730,0.0,0.0,0.0,0.0,0.1625564247369766
ni_tfnbs,"e=0.05,h=9.0,n=30,start_thres=1.25",hub,0.25,10,25,40,1730,0,0,40,1730,0.0,0.0,0.0,0.0,0.1625564247369766
ni_tfnbs,"e=0.05,h=10.0,n=30,start_thres=1.25",hub,0.25,10,25,40,1730,0,0,40,1730,0.0,0.0,0.0,0.0,0.1625564247369766
ni_tfnbs,"e=0.1,h=0.5,n=30,start_thres=1.25",hub,0.25,10,25,40,1730,0,0,40,1730,0.0,0.0,0.0,0.0,0.1625564247369766
ni_tfnbs,"e=0.1,h=1.0,n=30,start_thres=1.25",hub,0.25,10,25,40,1730,0,0,40,1730,0.0,0.0,0.0,0.0,0.1625564247369766
ni_tfnbs,"e=0.1,h=2.0,n=30,start_thres=1.25",hub,0.25,10,25,40,1730,0,0,40,1730,0.0,0.0,0.0,0.0,0.1625564247369766
ni_tfnbs,"e=0.1,h=3.0,n=30,start_thres=1.25",hub,0.25,10,25,40,1730,0,0,40,1730,0.0,0.0,0.0,0.0,0.1625564247369766
ni_tfnbs,"e=0.1,h=4.0,n=30,start_thres=1.25",hub,0.25,10,25,40,1730,0,0,40,1730,0.0,0.0,0.0,0.0,0.1625564247369766
ni_tfnbs,"e=0.1,h=5.0,n=30,start_thres=1.25",hub,0.25,10,25,40,1730,0,0,40,1730,0.0,0.0,0.0,0.0,0.1625564247369766
ni_tfnbs,"e=0.1,h=6.0,n=30,start_thres=1.25",hub,0.25,10,25,40,1730,0,0,40,1730,0.0,0.0,0.0,0.0,0.1625564247369766
ni_tfnbs,"e=0.1,h=7.0,n=30,start_thres=1.25",hub,0.25,10,25,40,1730,0,0,40,1730,0.0,0.0,0.0,0.0,0.1625564247369766
ni_tfnbs,"e=0.1,h=8.0,n=30,start_thres=1.25",hub,0.25,10,25,40,1730,0,0,40,1730,0.0,0.0,0.0,0.0,0.1625564247369766
ni_tfnbs,"e=0.1,h=9.0,n=30,start_thres=1.25",hub,0.25,10,25,40,1730,0,0,40,1730,0.0,0.0,0.0,0.0,0.1625564247369766
ni_tfnbs,"e=0.1,h=10.0,n=30,start_thres=1.25",hub,0.25,10,25,40,1730,0,0,40,1730,0.0,0.0,0.0,0.0,0.1625564247369766
ni_tfnbs,"e=0.2,h=0.5,n=30,start_thres=1.25",hub,0.25,10,25,40,1730,0,0,40,1730,0.0,0.0,0.0,0.0,0.1625564247369766
ni_tfnbs,"e=0.2,h=1.0,n=30,start_thres=1.25",hub,0.25,10,25,40,1730,0,0,40,1730,0.0,0.0,0.0,0.0,0.1625564247369766
ni_tfnbs,"e=0.2,h=2.0,n=30,start_thres=1.25",hub,0.25,10,25,40,1730,0,0,40,1730,0.0,0.0,0.0,0.0,0.1625564247369766
ni_tfnbs,"e=0.2,h=3.0,n=30,start_thres=1.25",hub,0.25,10,25,40,1730,0,0,40,1730,0.0,0.0,0.0,0.0,0.1625564247369766
ni_tfnbs,"e=0.2,h=4.0,n=30,start_thres=1.25",hub,0.25,10,25,40,1730,0,0,40,1730,0.0,0.0,0.0,0.0,0.1625564247369766
ni_tfnbs,"e=0.2,h=5.0,n=30,start_thres=1.25",hub,0.25,10,25,40,1730,0,0,40,1730,0.0,0.0,0.0,0.0,0.1625564247369766
ni_tfnbs,"e=0.2,h=6.0,n=30,start_thres=1.25",hub,0.25,10,25,40,1730,0,0,40,1730,0.0,0.0,0.0,0.0,0.1625564247369766
ni_tfnbs,"e=0.2,h=7.0,n=30,start_thres=1.25",hub,0.25,10,25,40,1730,0,0,40,1730,0.0,0.0,0.0,0.0,0.1625564247369766
ni_tfnbs,"e=0.2,h=8.0,n=30,start_thres=1.25",hub,0.25,10,25,40,1730,0,0,40,1730,0.0,0.0,0.0,0.0,0.1625564247369766
ni_tfnbs,"e=0.2,h=9.0,n=30,start_thres=1.25",hub,0.25,10,25,40,1730,0,0,40,1730,0.0,0.0,0.0,0.0,0.1625564247369766
ni_tfnbs,"e=0.2,h=10.0,n=30,start_thres=1.25",hub,0.25,10,25,40,1730,0,0,40,1730,0.0,0.0,0.0,0.0,0.1625564247369766
ni_tfnbs,"e=0.3,h=0.5,n=30,start_thres=1.25",hub,0.25,10,25,40,1730,0,0,40,1730,0.0,0.0,0.0,0.0,0.1625564247369766
ni_tfnbs,"e=0.3,h=1.0,n=30,start_thres=1.25",hub,0.25,10,25,40,1730,0,0,40,1730,0.0,0.0,0.0,0.0,0.1625564247369766
ni_tfnbs,"e=0.3,h=2.0,n=30,start_thres=1.25",hub,0.25,10,25,40,1730,0,0,40,1730,0.0,0.0,0.0,0.0,0.1625564247369766
ni_tfnbs,"e=0.3,h=3.0,n=30,start_thres=1.25",hub,0.25,10,25,40,1730,0,0,40,1730,0.0,0.0,0.0,0.0,0.1625564247369766
ni_tfnbs,"e=0.3,h=4.0,n=30,start_thres=1.25",hub,0.25,10,25,40,1730,0,0,40,1730,0.0,0.0,0.0,0.0,0.1625564247369766
ni_tfnbs,"e=0.3,h=5.0,n=30,start_thres=1.25",hub,0.25,10,25,40,1730,0,0,40,1730,0.0,0.0,0.0,0.0,0.1625564247369766
ni_tfnbs,"e=0.3,h=6.0,n=30,start_thres=1.25",hub,0.25,10,25,40,1730,0,0,40,1730,0.0,0.0,0.0,0.0,0.1625564247369766
ni_tfnbs,"e=0.3,h=7.0,n=30,start_thres=1.25",hub,0.25,10,25,40,1730,0,0,40,1730,0.0,0.0,0.0,0.0,0.1625564247369766
ni_tfnbs,"e=0.3,h=8.0,n=30,start_thres=1.25",hub,0.25,10,25,40,1730,0,0,40,1730,0.0,0.0,0.0,0.0,0.1625564247369766
ni_tfnbs,"e=0.3,h=9.0,n=30,start_thres=1.25",hub,0.25,10,25,40,1730,0,0,40,1730,0.0,0.0,0.0,0.0,0.1625564247369766
ni_tfnbs,"e=0.3,h=10.0,n=30,start_thres=1.25",hub,0.25,10,25,40,1730,0,0,40,1730,0.0,0.0,0.0,0.0,0.1625564247369766
ni_tfnbs,"e=0.4,h=0.5,n=30,start_thres=1.25",hub,0.25,10,25,40,1730,0,0,40,1730,0.0,0.0,0.0,0.0,0.1625564247369766
ni_tfnbs,"e=0.4,h=1.0,n=30,start_thres=1.25",hub,0.25,10,25,40,1730,0,0,40,1730,0.0,0.0,0.0,0.0,0.1625564247369766
ni_tfnbs,"e=0.4,h=2.0,n=30,start_thres=1.25",hub,0.25,10,25,40,1730,0,0,40,1730,0.0,0.0,0.0,0.0,0.1625564247369766
ni_tfnbs,"e=0.4,h=3.0,n=30,start_thres=1.25",hub,0.25,10,25,40,1730,0,0,40,1730,0.0,0.0,0.0,0.0,0.1625564247369766
ni_tfnbs,"e=0.4,h=4.0,n=30,start_thres=1.25",hub,0.25,10,25,40,1730,0,0,40,1730,0.0,0.0,0.0,0.0,0.1625564247369766
ni_tfnbs,"e=0.4,h=5.0,n=30,start_thres=1.25",hub,0.25,10,25,40,1730,0,0,40,1730,0.0,0.0,0.0,0.0,0.1625564247369766
ni_tfnbs,"e=0.4,h=6.0,n=30,start_thres=1.25",hub,0.25,10,25,40,1730,0,0,40,1730,0.0,0.0,0.0,0.0,0.1625564247369766
ni_tfnbs,"e=0.4,h=7.0,n=30,start_thres=1.25",hub,0.25,10,25,40,1730,0,0,40,1730,0.0,0.0,0.0,0.0,0.1625564247369766
ni_tfnbs,"e=0.4,h=8.0,n=30,start_thres=1.25",hub,0.25,10,25,40,1730,0,0,40,1730,0.0,0.0,0.0,0.0,0.1625564247369766
ni_tfnbs,"e=0.4,h=9.0,n=30,start_thres=1.25",hub,0.25,10,25,40,1730,0,0,40,1730,0.0,0.0,0.0,0.0,0.1625564247369766
ni_tfnbs,"e=0.4,h=10.0,n=30,start_thres=1.25",hub,0.25,10,25,40,1730,0,0,40,1730,0.0,0.0,0.0,0.0,0.1625564247369766
ni_tfnbs,"e=0.5,h=0.5,n=30,start_thres=1.25",hub,0.25,10,25,40,1730,0,0,40,1730,0.0,0.0,0.0,0.0,0.1625564247369766
ni_tfnbs,"e=0.5,h=1.0,n=30,start_thres=1.25",hub,0.25,10,25,40,1730,0,0,40,1730,0.0,0.0,0.0,0.0,0.1625564247369766
ni_tfnbs,"e=0.5,h=2.0,n=30,start_thres=1.25",hub,0.25,10,25,40,1730,0,0,40,1730,0.0,0.0,0.0,0.0,0.1625564247369766
ni_tfnbs,"e=0.5,h=3.0,n=30,start_thres=1.25",hub,0.25,10,25,40,1730,0,0,40,1730,0.0,0.0,0.0,0.0,0.1625564247369766
ni_tfnbs,"e=0.5,h=4.0,n=30,start_thres=1.25",hub,0.25,10,25,40,1730,0,0,40,1730,0.0,0.0,0.0,0.0,0.1625564247369766
ni_tfnbs,"e=0.5,h=5.0,n=30,start_thres=1.25",hub,0.25,10,25,40,1730,0,0,40,1730,0.0,0.0,0.0,0.0,0.1625564247369766
ni_tfnbs,"e=0.5,h=6.0,n=30,start_thres=1.25",hub,0.25,10,25,40,1730,0,0,40,1730,0.0,0.0,0.0,0.0,0.1625564247369766
ni_tfnbs,"e=0.5,h=7.0,n=30,start_thres=1.25",hub,0.25,10,25,40,1730,0,0,40,1730,0.0,0.0,0.0,0.0,0.1625564247369766
ni_tfnbs,"e=0.5,h=8.0,n=30,start_thres=1.25",hub,0.25,10,25,40,1730,0,0,40,1730,0.0,0.0,0.0,0.0,0.1625564247369766
ni_tfnbs,"e=0.5,h=9.0,n=30,start_thres=1.25",hub,0.25,10,25,40,1730,0,0,40,1730,0.0,0.0,0.0,0.0,0.1625564247369766
ni_tfnbs,"e=0.5,h=10.0,n=30,start_thres=1.25",hub,0.25,10,25,40,1730,0,0,40,1730,0.0,0.0,0.0,0.0,0.1625564247369766
ni_tfnbs,"e=0.6,h=0.5,n=30,start_thres=1.25",hub,0.25,10,25,40,1730,0,0,40,1730,0.0,0.0,0.0,0.0,0.1625564247369766
ni_tfnbs,"e=0.6,h=1.0,n=30,start_thres=1.25",hub,0.25,10,25,40,1730,0,0,40,1730,0.0,0.0,0.0,0.0,0.1625564247369766
ni_tfnbs,"e=0.6,h=2.0,n=30,start_thres=1.25",hub,0.25,10,25,40,1730,0,0,40,1730,0.0,0.0,0.0,0.0,0.1625564247369766
ni_tfnbs,"e=0.6,h=3.0,n=30,start_thres=1.25",hub,0.25,10,25,40,1730,0,0,40,1730,0.0,0.0,0.0,0.0,0.1625564247369766
ni_tfnbs,"e=0.6,h=4.0,n=30,start_thres=1.25",hub,0.25,10,25,40,1730,0,0,40,1730,0.0,0.0,0.0,0.0,0.1625564247369766
ni_tfnbs,"e=0.6,h=5.0,n=30,start_thres=1.25",hub,0.25,10,25,40,1730,0,0,40,1730,0.0,0.0,0.0,0.0,0.1625564247369766
ni_tfnbs,"e=0.6,h=6.0,n=30,start_thres=1.25",hub,0.25,10,25,40,1730,0,0,40,1730,0.0,0.0,0.0,0.0,0.1625564247369766
ni_tfnbs,"e=0.6,h=7.0,n=30,start_thres=1.25",hub,0.25,10,25,40,1730,0,0,40,1730,0.0,0.0,0.0,0.0,0.1625564247369766
ni_tfnbs,"e=0.6,h=8.0,n=30,start_thres=1.25",hub,0.25,10,25,40,1730,0,0,40,1730,0.0,0.0,0.0,0.0,0.1625564247369766
ni_tfnbs,"e=0.6,h=9.0,n=30,start_thres=1.25",hub,0.25,10,25,40,1730,0,0,40,1730,0.0,0.0,0.0,0.0,0.1625564247369766
ni_tfnbs,"e=0.6,h=10.0,n=30,start_thres=1.25",hub,0.25,10,25,40,1730,0,0,40,1730,0.0,0.0,0.0,0.0,0.1625564247369766
ni_tfnbs,"e=0.7,h=0.5,n=30,start_thres=1.25",hub,0.25,10,25,40,1730,0,0,40,1730,0.0,0.0,0.0,0.0,0.1625564247369766
ni_tfnbs,"e=0.7,h=1.0,n=30,start_thres=1.25",hub,0.25,10,25,40,1730,0,0,40,1730,0.0,0.0,0.0,0.0,0.1625564247369766
ni_tfnbs,"e=0.7,h=2.0,n=30,start_thres=1.25",hub,0.25,10,25,40,1730,0,0,40,1730,0.0,0.0,0.0,0.0,0.1625564247369766
ni_tfnbs,"e=0.7,h=3.0,n=30,start_thres=1.25",hub,0.25,10,25,40,1730,0,0,40,1730,0.0,0.0,0.0,0.0,0.1625564247369766
ni_tfnbs,"e=0.7,h=4.0,n=30,start_thres=1.25",hub,0.25,10,25,40,1730,0,0,40,1730,0.0,0.0,0.0,0.0,0.1625564247369766
ni_tfnbs,"e=0.7,h=5.0,n=30,start_thres=1.25",hub,0.25,10,25,40,1730,0,0,40,1730,0.0,0.0,0.0,0.0,0.1625564247369766
ni_tfnbs,"e=0.7,h=6.0,n=30,start_thres=1.25",hub,0.25,10,25,40,1730,0,0,40,1730,0.0,0.0,0.0,0.0,0.1625564247369766
ni_tfnbs,"e=0.7,h=7.0,n=30,start_thres=1.25",hub,0.25,10,25,40,1730,0,0,40,1730,0.0,0.0,0.0,0.0,0.1625564247369766
ni_tfnbs,"e=0.7,h=8.0,n=30,start_thres=1.25",hub,0.25,10,25,40,1730,0,0,40,1730,0.0,0.0,0.0,0.0,0.1625564247369766
ni_tfnbs,"e=0.7,h=9.0,n=30,start_thres=1.25",hub,0.25,10,25,40,1730,0,0,40,1730,0.0,0.0,0.0,0.0,0.1625564247369766
ni_tfnbs,"e=0.7,h=10.0,n=30,start_thres=1.25",hub,0.25,10,25,40,1730,0,0,40,1730,0.0,0.0,0.0,0.0,0.1625564247369766
ni_tfnbs,"e=0.8,h=0.5,n=30,start_thres=1.25",hub,0.25,10,25,40,1730,0,0,40,1730,0.0,0.0,0.0,0.0,0.1625564247369766
ni_tfnbs,"e=0.8,h=1.0,n=30,start_thres=1.25",hub,0.25,10,25,40,1730,0,0,40,1730,0.0,0.0,0.0,0.0,0.1625564247369766
ni_tfnbs,"e=0.8,h=2.0,n=30,start_thres=1.25",hub,0.25,10,25,40,1730,0,0,40,1730,0.0,0.0,0.0,0.0,0.1625564247369766
ni_tfnbs,"e=0.8,h=3.0,n=30,start_thres=1.25",hub,0.25,10,25,40,1730,0,0,40,1730,0.0,0.0,0.0,0.0,0.1625564247369766
ni_tfnbs,"e=0.8,h=4.0,n=30,start_thres=1.25",hub,0.25,10,25,40,1730,0,0,40,1730,0.0,0.0,0.0,0.0,0.1625564247369766
ni_tfnbs,"e=0.8,h=5.0,n=30,start_thres=1.25",hub,0.25,10,25,40,1730,0,0,40,1730,0.0,0.0,0.0,0.0,0.1625564247369766
ni_tfnbs,"e=0.8,h=6.0,n=30,start_thres=1.25",hub,0.25,10,25,40,1730,0,0,40,1730,0.0,0.0,0.0,0.0,0.1625564247369766
ni_tfnbs,"e=0.8,h=7.0,n=30,start_thres=1.25",hub,0.25,10,25,40,1730,0,0,40,1730,0.0,0.0,0.0,0.0,0.1625564247369766
ni_tfnbs,"e=0.8,h=8.0,n=30,start_thres=1.25",hub,0.25,10,25,40,1730,0,0,40,1730,0.0,0.0,0.0,0.0,0.1625564247369766
ni_tfnbs,"e=0.8,h=9.0,n=30,start_thres=1.25",hub,0.25,10,25,40,1730,0,0,40,1730,0.0,0.0,0.0,0.0,0.1625564247369766
ni_tfnbs,"e=0.8,h=10.0,n=30,start_thres=1.25",hub,0.25,10,25,40,1730,0,0,40,1730,0.0,0.0,0.0,0.0,0.1625564247369766
ni_tfnbs,"e=0.9,h=0.5,n=30,start_thres=1.25",hub,0.25,10,25,40,1730,0,0,40,1730,0.0,0.0,0.0,0.0,0.1625564247369766
ni_tfnbs,"e=0.9,h=1.0,n=30,start_thres=1.25",hub,0.25,10,25,40,1730,0,0,40,1730,0.0,0.0,0.0,0.0,0.1625564247369766
ni_tfnbs,"e=0.9,h=2.0,n=30,start_thres=1.25",hub,0.25,10,25,40,1730,0,0,40,1730,0.0,0.0,0.0,0.0,0.1625564247369766
ni_tfnbs,"e=0.9,h=3.0,n=30,start_thres=1.25",hub,0.25,10,25,40,1730,0,0,40,1730,0.0,0.0,0.0,0.0,0.1625564247369766
ni_tfnbs,"e=0.9,h=4.0,n=30,start_thres=1.25",hub,0.25,10,25,40,1730,0,0,40,1730,0.0,0.0,0.0,0.0,0.1625564247369766
ni_tfnbs,"e=0.9,h=5.0,n=30,start_thres=1.25",hub,0.25,10,25,40,1730,0,0,40,1730,0.0,0.0,0.0,0.0,0.1625564247369766
ni_tfnbs,"e=0.9,h=6.0,n=30,start_thres=1.25",hub,0.25,10,25,40,1730,0,0,40,1730,0.0,0.0,0.0,0.0,0.1625564247369766
ni_tfnbs,"e=0.9,h=7.0,n=30,start_thres=1.25",hub,0.25,10,25,40,1730,0,0,40,1730,0.0,0.0,0.0,0.0,0.1625564247369766
ni_tfnbs,"e=0.9,h=8.0,n=30,start_thres=1.25",hub,0.25,10,25,40,1730,0,0,40,1730,0.0,0.0,0.0,0.0,0.1625564247369766
ni_tfnbs,"e=0.9,h=9.0,n=30,start_thres=1.25",hub,0.25,10,25,40,1730,0,0,40,1730,0.0,0.0,0.0,0.0,0.1625564247369766
ni_tfnbs,"e=0.9,h=10.0,n=30,start_thres=1.25",hub,0.25,10,25,40,1730,0,0,40,1730,0.0,0.0,0.0,0.0,0.1625564247369766
ni_tfnbs,"e=1.0,h=0.5,n=30,start_thres=1.25",hub,0.25,10,25,40,1730,0,0,40,1730,0.0,0.0,0.0,0.0,0.1625564247369766
ni_tfnbs,"e=1.0,h=1.0,n=30,start_thres=1.25",hub,0.25,10,25,40,1730,0,0,40,1730,0.0,0.0,0.0,0.0,0.1625564247369766
ni_tfnbs,"e=1.0,h=2.0,n=30,start_thres=1.25",hub,0.25,10,25,40,1730,0,0,40,1730,0.0,0.0,0.0,0.0,0.1625564247369766
ni_tfnbs,"e=1.0,h=3.0,n=30,start_thres=1.25",hub,0.25,10,25,40,1730,0,0,40,1730,0.0,0.0,0.0,0.0,0.1625564247369766
ni_tfnbs,"e=1.0,h=4.0,n=30,start_thres=1.25",hub,0.25,10,25,40,1730,0,0,40,1730,0.0,0.0,0.0,0.0,0.1625564247369766
ni_tfnbs,"e=1.0,h=5.0,n=30,start_thres=1.25",hub,0.25,10,25,40,1730,0,0,40,1730,0.0,0.0,0.0,0.0,0.1625564247369766
ni_tfnbs,"e=1.0,h=6.0,n=30,start_thres=1.25",hub,0.25,10,25,40,1730,0,0,40,1730,0.0,0.0,0.0,0.0,0.1625564247369766
ni_tfnbs,"e=1.0,h=7.0,n=30,start_thres=1.25",hub,0.25,10,25,40,1730,0,0,40,1730,0.0,0.0,0.0,0.0,0.1625564247369766
ni_tfnbs,"e=1.0,h=8.0,n=30,start_thres=1.25",hub,0.25,10,25,40,1730,0,0,40,1730,0.0,0.0,0.0,0.0,0.1625564247369766
ni_tfnbs,"e=1.0,h=9.0,n=30,start_thres=1.25",hub,0.25,10,25,40,1730,0,0,40,1730,0.0,0.0,0.0,0.0,0.1625564247369766
ni_tfnbs,"e=1.0,h=10.0,n=30,start_thres=1.25",hub,0.25,10,25,40,1730,0,0,40,1730,0.0,0.0,0.0,0.0,0.1625564247369766
ni_tfnbs,"e=1.1,h=0.5,n=30,start_thres=1.25",hub,0.25,10,25,40,1730,0,0,40,1730,0.0,0.0,0.0,0.0,0.1625564247369766
ni_tfnbs,"e=1.1,h=1.0,n=30,start_thres=1.25",hub,0.25,10,25,40,1730,0,0,40,1730,0.0,0.0,0.0,0.0,0.1625564247369766
ni_tfnbs,"e=1.1,h=2.0,n=30,start_thres=1.25",hub,0.25,10,25,40,1730,0,0,40,1730,0.0,0.0,0.0,0.0,0.1625564247369766
ni_tfnbs,"e=1.1,h=3.0,n=30,start_thres=1.25",hub,0.25,10,25,40,1730,0,0,40,1730,0.0,0.0,0.0,0.0,0.1625564247369766
ni_tfnbs,"e=1.1,h=4.0,n=30,start_thres=1.25",hub,0.25,10,25,40,1730,0,0,40,1730,0.0,0.0,0.0,0.0,0.1625564247369766
ni_tfnbs,"e=1.1,h=5.0,n=30,start_thres=1.25",hub,0.25,10,25,40,1730,0,0,40,1730,0.0,0.0,0.0,0.0,0.1625564247369766
ni_tfnbs,"e=1.1,h=6.0,n=30,start_thres=1.25",hub,0.25,10,25,40,1730,0,0,40,1730,0.0,0.0,0.0,0.0,0.1625564247369766
ni_tfnbs,"e=1.1,h=7.0,n=30,start_thres=1.25",hub,0.25,10,25,40,1730,0,0,40,1730,0.0,0.0,0.0,0.0,0.1625564247369766
ni_tfnbs,"e=1.1,h=8.0,n=30,start_thres=1.25",hub,0.25,10,25,40,1730,0,0,40,1730,0.0,0.0,0.0,0.0,0.1625564247369766
ni_tfnbs,"e=1.1,h=9.0,n=30,start_thres=1.25",hub,0.25,10,25,40,1730,0,0,40,1730,0.0,0.0,0.0,0.0,0.1625564247369766
ni_tfnbs,"e=1.1,h=10.0,n=30,start_thres=1.25",hub,0.25,10,25,40,1730,0,0,40,1730,0.0,0.0,0.0,0.0,0.1625564247369766
ni_tfnbs,"e=1.2,h=0.5,n=30,start_thres=1.25",hub,0.25,10,25,40,1730,0,0,40,1730,0.0,0.0,0.0,0.0,0.1625564247369766
ni_tfnbs,"e=1.2,h=1.0,n=30,start_thres=1.25",hub,0.25,10,25,40,1730,0,0,40,1730,0.0,0.0,0.0,0.0,0.1625564247369766
ni_tfnbs,"e=1.2,h=2.0,n=30,start_thres=1.25",hub,0.25,10,25,40,1730,0,0,40,1730,0.0,0.0,0.0,0.0,0.1625564247369766
ni_tfnbs,"e=1.2,h=3.0,n=30,start_thres=1.25",hub,0.25,10,25,40,1730,0,0,40,1730,0.0,0.0,0.0,0.0,0.1625564247369766
ni_tfnbs,"e=1.2,h=4.0,n=30,start_thres=1.25",hub,0.25,10,25,40,1730,0,0,40,1730,0.0,0.0,0.0,0.0,0.1625564247369766
ni_tfnbs,"e=1.2,h=5.0,n=30,start_thres=1.25",hub,0.25,10,25,40,1730,0,0,40,1730,0.0,0.0,0.0,0.0,0.1625564247369766
ni_tfnbs,"e=1.2,h=6.0,n=30,start_thres=1.25",hub,0.25,10,25,40,1730,0,0,40,1730,0.0,0.0,0.0,0.0,0.1625564247369766
ni_tfnbs,"e=1.2,h=7.0,n=30,start_thres=1.25",hub,0.25,10,25,40,1730,0,0,40,1730,0.0,0.0,0.0,0.0,0.1625564247369766
ni_tfnbs,"e=1.2,h=8.0,n=30,start_thres=1.25",hub,0.25,10,25,40,1730,0,0,40,1730,0.0,0.0,0.0,0.0,0.1625564247369766
ni_tfnbs,"e=1.2,h=9.0,n=30,start_thres=1.25",hub,0.25,10,25,40,1730,0,0,40,1730,0.0,0.0,0.0,0.0,0.1625564247369766
ni_tfnbs,"e=1.2,h=10.0,n=30,start_thres=1.25",hub,0.25,10,25,40,1730,0,0,40,1730,0.0,0.0,0.0,0.0,0.1625564247369766
ni_tfnbs,"e=1.3,h=0.5,n=30,start_thres=1.25",hub,0.25,10,25,40,1730,0,0,40,1730,0.0,0.0,0.0,0.0,0.1625564247369766
ni_tfnbs,"e=1.3,h=1.0,n=30,start_thres=1.25",hub,0.25,10,25,40,1730,0,0,40,1730,0.0,0.0,0.0,0.0,0.1625564247369766
ni_tfnbs,"e=1.3,h=2.0,n=30,start_thres=1.25",hub,0.25,10,25,40,1730,0,0,40,1730,0.0,0.0,0.0,0.0,0.1625564247369766
ni_tfnbs,"e=1.3,h=3.0,n=30,start_thres=1.25",hub,0.25,10,25,40,1730,0,0,40,1730,0.0,0.0,0.0,0.0,0.1625564247369766
ni_tfnbs,"e=1.3,h=4.0,n=30,start_thres=1.25",hub,0.25,10,25,40,1730,0,0,40,1730,0.0,0.0,0.0,0.0,0.1625564247369766
ni_tfnbs,"e=1.3,h=5.0,n=30,start_thres=1.25",hub,0.25,10,25,40,1730,0,0,40,1730,0.0,0.0,0.0,0.0,0.1625564247369766
ni_tfnbs,"e=1.3,h=6.0,n=30,start_thres=1.25",hub,0.25,10,25,40,1730,0,0,40,1730,0.0,0.0,0.0,0.0,0.1625564247369766
ni_tfnbs,"e=1.3,h=7.0,n=30,start_thres=1.25",hub,0.25,10,25,40,1730,0,0,40,1730,0.0,0.0,0.0,0.0,0.1625564247369766
ni_tfnbs,"e=1.3,h=8.0,n=30,start_thres=1.25",hub,0.25,10,25,40,1730,0,0,40,1730,0.0,0.0,0.0,0.0,0.1625564247369766
ni_tfnbs,"e=1.3,h=9.0,n=30,start_thres=1.25",hub,0.25,10,25,40,1730,0,0,40,1730,0.0,0.0,0.0,0.0,0.1625564247369766
ni_tfnbs,"e=1.3,h=10.0,n=30,start_thres=1.25",hub,0.25,10,25,40,1730,0,0,40,1730,0.0,0.0,0.0,0.0,0.1625564247369766
ni_tfnbs,"e=1.4,h=0.5,n=30,start_thres=1.25",hub,0.25,10,25,40,1730,0,0,40,1730,0.0,0.0,0.0,0.0,0.1625564247369766
ni_tfnbs,"e=1.4,h=1.0,n=30,start_thres=1.25",hub,0.25,10,25,40,1730,0,0,40,1730,0.0,0.0,0.0,0.0,0.1625564247369766
ni_tfnbs,"e=1.4,h=2.0,n=30,start_thres=1.25",hub,0.25,10,25,40,1730,0,0,40,1730,0.0,0.0,0.0,0.0,0.1625564247369766
ni_tfnbs,"e=1.4,h=3.0,n=30,start_thres=1.25",hub,0.25,10,25,40,1730,0,0,40,1730,0.0,0.0,0.0,0.0,0.1625564247369766
ni_tfnbs,"e=1.4,h=4.0,n=30,start_thres=1.25",hub,0.25,10,25,40,1730,0,0,40,1730,0.0,0.0,0.0,0.0,0.1625564247369766
ni_tfnbs,"e=1.4,h=5.0,n=30,start_thres=1.25",hub,0.25,10,25,40,1730,0,0,40,1730,0.0,0.0,0.0,0.0,0.1625564247369766
ni_tfnbs,"e=1.4,h=6.0,n=30,start_thres=1.25",hub,0.25,10,25,40,1730,0,0,40,1730,0.0,0.0,0.0,0.0,0.1625564247369766
ni_tfnbs,"e=1.4,h=7.0,n=30,start_thres=1.25",hub,0.25,10,25,40,1730,0,0,40,1730,0.0,0.0,0.0,0.0,0.1625564247369766
ni_tfnbs,"e=1.4,h=8.0,n=30,start_thres=1.25",hub,0.25,10,25,40,1730,0,0,40,1730,0.0,0.0,0.0,0.0,0.1625564247369766
ni_tfnbs,"e=1.4,h=9.0,n=30,start_thres=1.25",hub,0.25,10,25,40,1730,0,0,40,1730,0.0,0.0,0.0,0.0,0.1625564247369766
ni_tfnbs,"e=1.4,h=10.0,n=30,start_thres=1.25",hub,0.25,10,25,40,1730,0,0,40,1730,0.0,0.0,0.0,0.0,0.1625564247369766
ni_tfnbs,"e=1.5,h=0.5,n=30,start_thres=1.25",hub,0.25,10,25,40,1730,0,0,40,1730,0.0,0.0,0.0,0.0,0.1625564247369766
ni_tfnbs,"e=1.5,h=1.0,n=30,start_thres=1.25",hub,0.25,10,25,40,1730,0,0,40,1730,0.0,0.0,0.0,0.0,0.1625564247369766
ni_tfnbs,"e=1.5,h=2.0,n=30,start_thres=1.25",hub,0.25,10,25,40,1730,0,0,40,1730,0.0,0.0,0.0,0.0,0.1625564247369766
ni_tfnbs,"e=1.5,h=3.0,n=30,start_thres=1.25",hub,0.25,10,25,40,1730,0,0,40,1730,0.0,0.0,0.0,0.0,0.1625564247369766
ni_tfnbs,"e=1.5,h=4.0,n=30,start_thres=1.25",hub,0.25,10,25,40,1730,0,0,40,1730,0.0,0.0,0.0,0.0,0.1625564247369766
ni_tfnbs,"e=1.5,h=5.0,n=30,start_thres=1.25",hub,0.25,10,25,40,1730,0,0,40,1730,0.0,0.0,0.0,0.0,0.1625564247369766
ni_tfnbs,"e=1.5,h=6.0,n=30,start_thres=1.25",hub,0.25,10,25,40,1730,0,0,40,1730,0.0,0.0,0.0,0.0,0.1625564247369766
ni_tfnbs,"e=1.5,h=7.0,n=30,start_thres=1.25",hub,0.25,10,25,40,1730,0,0,40,1730,0.0,0.0,0.0,0.0,0.1625564247369766
ni_tfnbs,"e=1.5,h=8.0,n=30,start_thres=1.25",hub,0.25,10,25,40,1730,0,0,40,1730,0.0,0.0,0.0,0.0,0.1625564247369766
ni_tfnbs,"e=1.5,h=9.0,n=30,start_thres=1.25",hub,0.25,10,25,40,1730,0,0,40,1730,0.0,0.0,0.0,0.0,0.1625564247369766
ni_tfnbs,"e=1.5,h=10.0,n=30,start_thres=1.25",hub,0.25,10,25,40,1730,0,0,40,1730,0.0,0.0,0.0,0.0,0.1625564247369766
ni_tfnbs,"e=0.05,h=0.5,n=30,start_thres=1.25",hub,0.25,10,26,40,1730,0,0,40,1730,0.0,0.0,0.0,0.0,0.1644661047241904
ni_tfnbs,"e=0.05,h=1.0,n=30,start_thres=1.25",hub,0.25,10,26,40,1730,0,0,40,1730,0.0,0.0,0.0,0.0,0.1644661047241904
ni_tfnbs,"e=0.05,h=2.0,n=30,start_thres=1.25",hub,0.25,10,26,40,1730,0,0,40,1730,0.0,0.0,0.0,0.0,0.1644661047241904
ni_tfnbs,"e=0.05,h=3.0,n=30,start_thres=1.25",hub,0.25,10,26,40,1730,0,0,40,1730,0.0,0.0,0.0,0.0,0.1644661047241904
ni_tfnbs,"e=0.05,h=4.0,n=30,start_thres=1.25",hub,0.25,10,26,40,1730,0,0,40,1730,0.0,0.0,0.0,0.0,0.1644661047241904
ni_tfnbs,"e=0.05,h=5.0,n=30,start_thres=1.25",hub,0.25,10,26,40,1730,0,0,40,1730,0.0,0.0,0.0,0.0,0.1644661047241904
ni_tfnbs,"e=0.05,h=6.0,n=30,start_thres=1.25",hub,0.25,10,26,40,1730,0,0,40,1730,0.0,0.0,0.0,0.0,0.1644661047241904
ni_tfnbs,"e=0.05,h=7.0,n=30,start_thres=1.25",hub,0.25,10,26,40,1730,0,0,40,1730,0.0,0.0,0.0,0.0,0.1644661047241904
ni_tfnbs,"e=0.05,h=8.0,n=30,start_thres=1.25",hub,0.25,10,26,40,1730,0,0,40,1730,0.0,0.0,0.0,0.0,0.1644661047241904
ni_tfnbs,"e=0.05,h=9.0,n=30,start_thres=1.25",hub,0.25,10,26,40,1730,0,0,40,1730,0.0,0.0,0.0,0.0,0.1644661047241904
ni_tfnbs,"e=0.05,h=10.0,n=30,start_thres=1.25",hub,0.25,10,26,40,1730,0,0,40,1730,0.0,0.0,0.0,0.0,0.1644661047241904
ni_tfnbs,"e=0.1,h=0.5,n=30,start_thres=1.25",hub,0.25,10,26,40,1730,0,0,40,1730,0.0,0.0,0.0,0.0,0.1644661047241904
ni_tfnbs,"e=0.1,h=1.0,n=30,start_thres=1.25",hub,0.25,10,26,40,1730,0,0,40,1730,0.0,0.0,0.0,0.0,0.1644661047241904
ni_tfnbs,"e=0.1,h=2.0,n=30,start_thres=1.25",hub,0.25,10,26,40,1730,0,0,40,1730,0.0,0.0,0.0,0.0,0.1644661047241904
ni_tfnbs,"e=0.1,h=3.0,n=30,start_thres=1.25",hub,0.25,10,26,40,1730,0,0,40,1730,0.0,0.0,0.0,0.0,0.1644661047241904
ni_tfnbs,"e=0.1,h=4.0,n=30,start_thres=1.25",hub,0.25,10,26,40,1730,0,0,40,1730,0.0,0.0,0.0,0.0,0.1644661047241904
ni_tfnbs,"e=0.1,h=5.0,n=30,start_thres=1.25",hub,0.25,10,26,40,1730,0,0,40,1730,0.0,0.0,0.0,0.0,0.1644661047241904
ni_tfnbs,"e=0.1,h=6.0,n=30,start_thres=1.25",hub,0.25,10,26,40,1730,0,0,40,1730,0.0,0.0,0.0,0.0,0.1644661047241904
ni_tfnbs,"e=0.1,h=7.0,n=30,start_thres=1.25",hub,0.25,10,26,40,1730,0,0,40,1730,0.0,0.0,0.0,0.0,0.1644661047241904
ni_tfnbs,"e=0.1,h=8.0,n=30,start_thres=1.25",hub,0.25,10,26,40,1730,0,0,40,1730,0.0,0.0,0.0,0.0,0.1644661047241904
ni_tfnbs,"e=0.1,h=9.0,n=30,start_thres=1.25",hub,0.25,10,26,40,1730,0,0,40,1730,0.0,0.0,0.0,0.0,0.1644661047241904
ni_tfnbs,"e=0.1,h=10.0,n=30,start_thres=1.25",hub,0.25,10,26,40,1730,0,0,40,1730,0.0,0.0,0.0,0.0,0.1644661047241904
ni_tfnbs,"e=0.2,h=0.5,n=30,start_thres=1.25",hub,0.25,10,26,40,1730,0,0,40,1730,0.0,0.0,0.0,0.0,0.1644661047241904
ni_tfnbs,"e=0.2,h=1.0,n=30,start_thres=1.25",hub,0.25,10,26,40,1730,0,0,40,1730,0.0,0.0,0.0,0.0,0.1644661047241904
ni_tfnbs,"e=0.2,h=2.0,n=30,start_thres=1.25",hub,0.25,10,26,40,1730,0,0,40,1730,0.0,0.0,0.0,0.0,0.1644661047241904
ni_tfnbs,"e=0.2,h=3.0,n=30,start_thres=1.25",hub,0.25,10,26,40,1730,0,0,40,1730,0.0,0.0,0.0,0.0,0.1644661047241904
ni_tfnbs,"e=0.2,h=4.0,n=30,start_thres=1.25",hub,0.25,10,26,40,1730,0,0,40,1730,0.0,0.0,0.0,0.0,0.1644661047241904
ni_tfnbs,"e=0.2,h=5.0,n=30,start_thres=1.25",hub,0.25,10,26,40,1730,0,0,40,1730,0.0,0.0,0.0,0.0,0.1644661047241904
ni_tfnbs,"e=0.2,h=6.0,n=30,start_thres=1.25",hub,0.25,10,26,40,1730,0,0,40,1730,0.0,0.0,0.0,0.0,0.1644661047241904
ni_tfnbs,"e=0.2,h=7.0,n=30,start_thres=1.25",hub,0.25,10,26,40,1730,0,0,40,1730,0.0,0.0,0.0,0.0,0.1644661047241904
ni_tfnbs,"e=0.2,h=8.0,n=30,start_thres=1.25",hub,0.25,10,26,40,1730,0,0,40,1730,0.0,0.0,0.0,0.0,0.1644661047241904
ni_tfnbs,"e=0.2,h=9.0,n=30,start_thres=1.25",hub,0.25,10,26,40,1730,0,0,40,1730,0.0,0.0,0.0,0.0,0.1644661047241904
ni_tfnbs,"e=0.2,h=10.0,n=30,start_thres=1.25",hub,0.25,10,26,40,1730,0,0,40,1730,0.0,0.0,0.0,0.0,0.1644661047241904
ni_tfnbs,"e=0.3,h=0.5,n=30,start_thres=1.25",hub,0.25,10,26,40,1730,0,0,40,1730,0.0,0.0,0.0,0.0,0.1644661047241904
ni_tfnbs,"e=0.3,h=1.0,n=30,start_thres=1.25",hub,0.25,10,26,40,1730,0,0,40,1730,0.0,0.0,0.0,0.0,0.1644661047241904
ni_tfnbs,"e=0.3,h=2.0,n=30,start_thres=1.25",hub,0.25,10,26,40,1730,0,0,40,1730,0.0,0.0,0.0,0.0,0.1644661047241904
ni_tfnbs,"e=0.3,h=3.0,n=30,start_thres=1.25",hub,0.25,10,26,40,1730,0,0,40,1730,0.0,0.0,0.0,0.0,0.1644661047241904
ni_tfnbs,"e=0.3,h=4.0,n=30,start_thres=1.25",hub,0.25,10,26,40,1730,0,0,40,1730,0.0,0.0,0.0,0.0,0.1644661047241904
ni_tfnbs,"e=0.3,h=5.0,n=30,start_thres=1.25",hub,0.25,10,26,40,1730,0,0,40,1730,0.0,0.0,0.0,0.0,0.1644661047241904
ni_tfnbs,"e=0.3,h=6.0,n=30,start_thres=1.25",hub,0.25,10,26,40,1730,0,0,40,1730,0.0,0.0,0.0,0.0,0.1644661047241904
ni_tfnbs,"e=0.3,h=7.0,n=30,start_thres=1.25",hub,0.25,10,26,40,1730,0,0,40,1730,0.0,0.0,0.0,0.0,0.1644661047241904
ni_tfnbs,"e=0.3,h=8.0,n=30,start_thres=1.25",hub,0.25,10,26,40,1730,0,0,40,1730,0.0,0.0,0.0,0.0,0.1644661047241904
ni_tfnbs,"e=0.3,h=9.0,n=30,start_thres=1.25",hub,0.25,10,26,40,1730,0,0,40,1730,0.0,0.0,0.0,0.0,0.1644661047241904
ni_tfnbs,"e=0.3,h=10.0,n=30,start_thres=1.25",hub,0.25,10,26,40,1730,0,0,40,1730,0.0,0.0,0.0,0.0,0.1644661047241904
ni_tfnbs,"e=0.4,h=0.5,n=30,start_thres=1.25",hub,0.25,10,26,40,1730,0,0,40,1730,0.0,0.0,0.0,0.0,0.1644661047241904
ni_tfnbs,"e=0.4,h=1.0,n=30,start_thres=1.25",hub,0.25,10,26,40,1730,0,0,40,1730,0.0,0.0,0.0,0.0,0.1644661047241904
ni_tfnbs,"e=0.4,h=2.0,n=30,start_thres=1.25",hub,0.25,10,26,40,1730,0,0,40,1730,0.0,0.0,0.0,0.0,0.1644661047241904
ni_tfnbs,"e=0.4,h=3.0,n=30,start_thres=1.25",hub,0.25,10,26,40,1730,0,0,40,1730,0.0,0.0,0.0,0.0,0.1644661047241904
ni_tfnbs,"e=0.4,h=4.0,n=30,start_thres=1.25",hub,0.25,10,26,40,1730,0,0,40,1730,0.0,0.0,0.0,0.0,0.1644661047241904
ni_tfnbs,"e=0.4,h=5.0,n=30,start_thres=1.25",hub,0.25,10,26,40,1730,0,0,40,1730,0.0,0.0,0.0,0.0,0.1644661047241904
ni_tfnbs,"e=0.4,h=6.0,n=30,start_thres=1.25",hub,0.25,10,26,40,1730,0,0,40,1730,0.0,0.0,0.0,0.0,0.1644661047241904
ni_tfnbs,"e=0.4,h=7.0,n=30,start_thres=1.25",hub,0.25,10,26,40,1730,0,0,40,1730,0.0,0.0,0.0,0.0,0.1644661047241904
ni_tfnbs,"e=0.4,h=8.0,n=30,start_thres=1.25",hub,0.25,10,26,40,1730,0,0,40,1730,0.0,0.0,0.0,0.0,0.1644661047241904
ni_tfnbs,"e=0.4,h=9.0,n=30,start_thres=1.25",hub,0.25,10,26,40,1730,0,0,40,1730,0.0,0.0,0.0,0.0,0.1644661047241904
ni_tfnbs,"e=0.4,h=10.0,n=30,start_thres=1.25",hub,0.25,10,26,40,1730,0,0,40,1730,0.0,0.0,0.0,0.0,0.1644661047241904
ni_tfnbs,"e=0.5,h=0.5,n=30,start_thres=1.25",hub,0.25,10,26,40,1730,0,0,40,1730,0.0,0.0,0.0,0.0,0.1644661047241904
ni_tfnbs,"e=0.5,h=1.0,n=30,start_thres=1.25",hub,0.25,10,26,40,1730,0,0,40,1730,0.0,0.0,0.0,0.0,0.1644661047241904
ni_tfnbs,"e=0.5,h=2.0,n=30,start_thres=1.25",hub,0.25,10,26,40,1730,0,0,40,1730,0.0,0.0,0.0,0.0,0.1644661047241904
ni_tfnbs,"e=0.5,h=3.0,n=30,start_thres=1.25",hub,0.25,10,26,40,1730,0,0,40,1730,0.0,0.0,0.0,0.0,0.1644661047241904
ni_tfnbs,"e=0.5,h=4.0,n=30,start_thres=1.25",hub,0.25,10,26,40,1730,0,0,40,1730,0.0,0.0,0.0,0.0,0.1644661047241904
ni_tfnbs,"e=0.5,h=5.0,n=30,start_thres=1.25",hub,0.25,10,26,40,1730,0,0,40,1730,0.0,0.0,0.0,0.0,0.1644661047241904
ni_tfnbs,"e=0.5,h=6.0,n=30,start_thres=1.25",hub,0.25,10,26,40,1730,0,0,40,1730,0.0,0.0,0.0,0.0,0.1644661047241904
ni_tfnbs,"e=0.5,h=7.0,n=30,start_thres=1.25",hub,0.25,10,26,40,1730,0,0,40,1730,0.0,0.0,0.0,0.0,0.1644661047241904
ni_tfnbs,"e=0.5,h=8.0,n=30,start_thres=1.25",hub,0.25,10,26,40,1730,0,0,40,1730,0.0,0.0,0.0,0.0,0.1644661047241904
ni_tfnbs,"e=0.5,h=9.0,n=30,start_thres=1.25",hub,0.25,10,26,40,1730,0,0,40,1730,0.0,0.0,0.0,0.0,0.1644661047241904
ni_tfnbs,"e=0.5,h=10.0,n=30,start_thres=1.25",hub,0.25,10,26,40,1730,0,0,40,1730,0.0,0.0,0.0,0.0,0.1644661047241904
ni_tfnbs,"e=0.6,h=0.5,n=30,start_thres=1.25",hub,0.25,10,26,40,1730,0,0,40,1730,0.0,0.0,0.0,0.0,0.1644661047241904
ni_tfnbs,"e=0.6,h=1.0,n=30,start_thres=1.25",hub,0.25,10,26,40,1730,0,0,40,1730,0.0,0.0,0.0,0.0,0.1644661047241904
ni_tfnbs,"e=0.6,h=2.0,n=30,start_thres=1.25",hub,0.25,10,26,40,1730,0,0,40,1730,0.0,0.0,0.0,0.0,0.1644661047241904
ni_tfnbs,"e=0.6,h=3.0,n=30,start_thres=1.25",hub,0.25,10,26,40,1730,0,0,40,1730,0.0,0.0,0.0,0.0,0.1644661047241904
ni_tfnbs,"e=0.6,h=4.0,n=30,start_thres=1.25",hub,0.25,10,26,40,1730,0,0,40,1730,0.0,0.0,0.0,0.0,0.1644661047241904
ni_tfnbs,"e=0.6,h=5.0,n=30,start_thres=1.25",hub,0.25,10,26,40,1730,0,0,40,1730,0.0,0.0,0.0,0.0,0.1644661047241904
ni_tfnbs,"e=0.6,h=6.0,n=30,start_thres=1.25",hub,0.25,10,26,40,1730,0,0,40,1730,0.0,0.0,0.0,0.0,0.1644661047241904
ni_tfnbs,"e=0.6,h=7.0,n=30,start_thres=1.25",hub,0.25,10,26,40,1730,0,0,40,1730,0.0,0.0,0.0,0.0,0.1644661047241904
ni_tfnbs,"e=0.6,h=8.0,n=30,start_thres=1.25",hub,0.25,10,26,40,1730,0,0,40,1730,0.0,0.0,0.0,0.0,0.1644661047241904
ni_tfnbs,"e=0.6,h=9.0,n=30,start_thres=1.25",hub,0.25,10,26,40,1730,0,0,40,1730,0.0,0.0,0.0,0.0,0.1644661047241904
ni_tfnbs,"e=0.6,h=10.0,n=30,start_thres=1.25",hub,0.25,10,26,40,1730,0,0,40,1730,0.0,0.0,0.0,0.0,0.1644661047241904
ni_tfnbs,"e=0.7,h=0.5,n=30,start_thres=1.25",hub,0.25,10,26,40,1730,0,0,40,1730,0.0,0.0,0.0,0.0,0.1644661047241904
ni_tfnbs,"e=0.7,h=1.0,n=30,start_thres=1.25",hub,0.25,10,26,40,1730,0,0,40,1730,0.0,0.0,0.0,0.0,0.1644661047241904
ni_tfnbs,"e=0.7,h=2.0,n=30,start_thres=1.25",hub,0.25,10,26,40,1730,0,0,40,1730,0.0,0.0,0.0,0.0,0.1644661047241904
ni_tfnbs,"e=0.7,h=3.0,n=30,start_thres=1.25",hub,0.25,10,26,40,1730,0,0,40,1730,0.0,0.0,0.0,0.0,0.1644661047241904
ni_tfnbs,"e=0.7,h=4.0,n=30,start_thres=1.25",hub,0.25,10,26,40,1730,0,0,40,1730,0.0,0.0,0.0,0.0,0.1644661047241904
ni_tfnbs,"e=0.7,h=5.0,n=30,start_thres=1.25",hub,0.25,10,26,40,1730,0,0,40,1730,0.0,0.0,0.0,0.0,0.1644661047241904
ni_tfnbs,"e=0.7,h=6.0,n=30,start_thres=1.25",hub,0.25,10,26,40,1730,0,0,40,1730,0.0,0.0,0.0,0.0,0.1644661047241904
ni_tfnbs,"e=0.7,h=7.0,n=30,start_thres=1.25",hub,0.25,10,26,40,1730,0,0,40,1730,0.0,0.0,0.0,0.0,0.1644661047241904
ni_tfnbs,"e=0.7,h=8.0,n=30,start_thres=1.25",hub,0.25,10,26,40,1730,0,0,40,1730,0.0,0.0,0.0,0.0,0.1644661047241904
ni_tfnbs,"e=0.7,h=9.0,n=30,start_thres=1.25",hub,0.25,10,26,40,1730,0,0,40,1730,0.0,0.0,0.0,0.0,0.1644661047241904
ni_tfnbs,"e=0.7,h=10.0,n=30,start_thres=1.25",hub,0.25,10,26,40,1730,0,0,40,1730,0.0,0.0,0.0,0.0,0.1644661047241904
ni_tfnbs,"e=0.8,h=0.5,n=30,start_thres=1.25",hub,0.25,10,26,40,1730,0,0,40,1730,0.0,0.0,0.0,0.0,0.1644661047241904
ni_tfnbs,"e=0.8,h=1.0,n=30,start_thres=1.25",hub,0.25,10,26,40,1730,0,0,40,1730,0.0,0.0,0.0,0.0,0.1644661047241904
ni_tfnbs,"e=0.8,h=2.0,n=30,start_thres=1.25",hub,0.25,10,26,40,1730,0,0,40,1730,0.0,0.0,0.0,0.0,0.1644661047241904
ni_tfnbs,"e=0.8,h=3.0,n=30,start_thres=1.25",hub,0.25,10,26,40,1730,0,0,40,1730,0.0,0.0,0.0,0.0,0.1644661047241904
ni_tfnbs,"e=0.8,h=4.0,n=30,start_thres=1.25",hub,0.25,10,26,40,1730,0,0,40,1730,0.0,0.0,0.0,0.0,0.1644661047241904
ni_tfnbs,"e=0.8,h=5.0,n=30,start_thres=1.25",hub,0.25,10,26,40,1730,0,0,40,1730,0.0,0.0,0.0,0.0,0.1644661047241904
ni_tfnbs,"e=0.8,h=6.0,n=30,start_thres=1.25",hub,0.25,10,26,40,1730,0,0,40,1730,0.0,0.0,0.0,0.0,0.1644661047241904
ni_tfnbs,"e=0.8,h=7.0,n=30,start_thres=1.25",hub,0.25,10,26,40,1730,0,0,40,1730,0.0,0.0,0.0,0.0,0.1644661047241904
ni_tfnbs,"e=0.8,h=8.0,n=30,start_thres=1.25",hub,0.25,10,26,40,1730,0,0,40,1730,0.0,0.0,0.0,0.0,0.1644661047241904
ni_tfnbs,"e=0.8,h=9.0,n=30,start_thres=1.25",hub,0.25,10,26,40,1730,0,0,40,1730,0.0,0.0,0.0,0.0,0.1644661047241904
ni_tfnbs,"e=0.8,h=10.0,n=30,start_thres=1.25",hub,0.25,10,26,40,1730,0,0,40,1730,0.0,0.0,0.0,0.0,0.1644661047241904
ni_tfnbs,"e=0.9,h=0.5,n=30,start_thres=1.25",hub,0.25,10,26,40,1730,0,0,40,1730,0.0,0.0,0.0,0.0,0.1644661047241904
ni_tfnbs,"e=0.9,h=1.0,n=30,start_thres=1.25",hub,0.25,10,26,40,1730,0,0,40,1730,0.0,0.0,0.0,0.0,0.1644661047241904
ni_tfnbs,"e=0.9,h=2.0,n=30,start_thres=1.25",hub,0.25,10,26,40,1730,0,0,40,1730,0.0,0.0,0.0,0.0,0.1644661047241904
ni_tfnbs,"e=0.9,h=3.0,n=30,start_thres=1.25",hub,0.25,10,26,40,1730,0,0,40,1730,0.0,0.0,0.0,0.0,0.1644661047241904
ni_tfnbs,"e=0.9,h=4.0,n=30,start_thres=1.25",hub,0.25,10,26,40,1730,0,0,40,1730,0.0,0.0,0.0,0.0,0.1644661047241904
ni_tfnbs,"e=0.9,h=5.0,n=30,start_thres=1.25",hub,0.25,10,26,40,1730,0,0,40,1730,0.0,0.0,0.0,0.0,0.1644661047241904
ni_tfnbs,"e=0.9,h=6.0,n=30,start_thres=1.25",hub,0.25,10,26,40,1730,0,0,40,1730,0.0,0.0,0.0,0.0,0.1644661047241904
ni_tfnbs,"e=0.9,h=7.0,n=30,start_thres=1.25",hub,0.25,10,26,40,1730,0,0,40,1730,0.0,0.0,0.0,0.0,0.1644661047241904
ni_tfnbs,"e=0.9,h=8.0,n=30,start_thres=1.25",hub,0.25,10,26,40,1730,0,0,40,1730,0.0,0.0,0.0,0.0,0.1644661047241904
ni_tfnbs,"e=0.9,h=9.0,n=30,start_thres=1.25",hub,0.25,10,26,40,1730,0,0,40,1730,0.0,0.0,0.0,0.0,0.1644661047241904
ni_tfnbs,"e=0.9,h=10.0,n=30,start_thres=1.25",hub,0.25,10,26,40,1730,0,0,40,1730,0.0,0.0,0.0,0.0,0.1644661047241904
ni_tfnbs,"e=1.0,h=0.5,n=30,start_thres=1.25",hub,0.25,10,26,40,1730,0,0,40,1730,0.0,0.0,0.0,0.0,0.1644661047241904
ni_tfnbs,"e=1.0,h=1.0,n=30,start_thres=1.25",hub,0.25,10,26,40,1730,0,0,40,1730,0.0,0.0,0.0,0.0,0.1644661047241904
ni_tfnbs,"e=1.0,h=2.0,n=30,start_thres=1.25",hub,0.25,10,26,40,1730,0,0,40,1730,0.0,0.0,0.0,0.0,0.1644661047241904
ni_tfnbs,"e=1.0,h=3.0,n=30,start_thres=1.25",hub,0.25,10,26,40,1730,0,0,40,1730,0.0,0.0,0.0,0.0,0.1644661047241904
ni_tfnbs,"e=1.0,h=4.0,n=30,start_thres=1.25",hub,0.25,10,26,40,1730,0,0,40,1730,0.0,0.0,0.0,0.0,0.1644661047241904
ni_tfnbs,"e=1.0,h=5.0,n=30,start_thres=1.25",hub,0.25,10,26,40,1730,0,0,40,1730,0.0,0.0,0.0,0.0,0.1644661047241904
ni_tfnbs,"e=1.0,h=6.0,n=30,start_thres=1.25",hub,0.25,10,26,40,1730,0,0,40,1730,0.0,0.0,0.0,0.0,0.1644661047241904
ni_tfnbs,"e=1.0,h=7.0,n=30,start_thres=1.25",hub,0.25,10,26,40,1730,0,0,40,1730,0.0,0.0,0.0,0.0,0.1644661047241904
ni_tfnbs,"e=1.0,h=8.0,n=30,start_thres=1.25",hub,0.25,10,26,40,1730,0,0,40,1730,0.0,0.0,0.0,0.0,0.1644661047241904
ni_tfnbs,"e=1.0,h=9.0,n=30,start_thres=1.25",hub,0.25,10,26,40,1730,0,0,40,1730,0.0,0.0,0.0,0.0,0.1644661047241904
ni_tfnbs,"e=1.0,h=10.0,n=30,start_thres=1.25",hub,0.25,10,26,40,1730,0,0,40,1730,0.0,0.0,0.0,0.0,0.1644661047241904
ni_tfnbs,"e=1.1,h=0.5,n=30,start_thres=1.25",hub,0.25,10,26,40,1730,0,0,40,1730,0.0,0.0,0.0,0.0,0.1644661047241904
ni_tfnbs,"e=1.1,h=1.0,n=30,start_thres=1.25",hub,0.25,10,26,40,1730,0,0,40,1730,0.0,0.0,0.0,0.0,0.1644661047241904
ni_tfnbs,"e=1.1,h=2.0,n=30,start_thres=1.25",hub,0.25,10,26,40,1730,0,0,40,1730,0.0,0.0,0.0,0.0,0.1644661047241904
ni_tfnbs,"e=1.1,h=3.0,n=30,start_thres=1.25",hub,0.25,10,26,40,1730,0,0,40,1730,0.0,0.0,0.0,0.0,0.1644661047241904
ni_tfnbs,"e=1.1,h=4.0,n=30,start_thres=1.25",hub,0.25,10,26,40,1730,0,0,40,1730,0.0,0.0,0.0,0.0,0.1644661047241904
ni_tfnbs,"e=1.1,h=5.0,n=30,start_thres=1.25",hub,0.25,10,26,40,1730,0,0,40,1730,0.0,0.0,0.0,0.0,0.1644661047241904
ni_tfnbs,"e=1.1,h=6.0,n=30,start_thres=1.25",hub,0.25,10,26,40,1730,0,0,40,1730,0.0,0.0,0.0,0.0,0.1644661047241904
ni_tfnbs,"e=1.1,h=7.0,n=30,start_thres=1.25",hub,0.25,10,26,40,1730,0,0,40,1730,0.0,0.0,0.0,0.0,0.1644661047241904
ni_tfnbs,"e=1.1,h=8.0,n=30,start_thres=1.25",hub,0.25,10,26,40,1730,0,0,40,1730,0.0,0.0,0.0,0.0,0.1644661047241904
ni_tfnbs,"e=1.1,h=9.0,n=30,start_thres=1.25",hub,0.25,10,26,40,1730,0,0,40,1730,0.0,0.0,0.0,0.0,0.1644661047241904
ni_tfnbs,"e=1.1,h=10.0,n=30,start_thres=1.25",hub,0.25,10,26,40,1730,0,0,40,1730,0.0,0.0,0.0,0.0,0.1644661047241904
ni_tfnbs,"e=1.2,h=0.5,n=30,start_thres=1.25",hub,0.25,10,26,40,1730,0,0,40,1730,0.0,0.0,0.0,0.0,0.1644661047241904
ni_tfnbs,"e=1.2,h=1.0,n=30,start_thres=1.25",hub,0.25,10,26,40,1730,0,0,40,1730,0.0,0.0,0.0,0.0,0.1644661047241904
ni_tfnbs,"e=1.2,h=2.0,n=30,start_thres=1.25",hub,0.25,10,26,40,1730,0,0,40,1730,0.0,0.0,0.0,0.0,0.1644661047241904
ni_tfnbs,"e=1.2,h=3.0,n=30,start_thres=1.25",hub,0.25,10,26,40,1730,0,0,40,1730,0.0,0.0,0.0,0.0,0.1644661047241904
ni_tfnbs,"e=1.2,h=4.0,n=30,start_thres=1.25",hub,0.25,10,26,40,1730,0,0,40,1730,0.0,0.0,0.0,0.0,0.1644661047241904
ni_tfnbs,"e=1.2,h=5.0,n=30,start_thres=1.25",hub,0.25,10,26,40,1730,0,0,40,1730,0.0,0.0,0.0,0.0,0.1644661047241904
ni_tfnbs,"e=1.2,h=6.0,n=30,start_thres=1.25",hub,0.25,10,26,40,1730,0,0,40,1730,0.0,0.0,0.0,0.0,0.1644661047241904
ni_tfnbs,"e=1.2,h=7.0,n=30,start_thres=1.25",hub,0.25,10,26,40,1730,0,0,40,1730,0.0,0.0,0.0,0.0,0.1644661047241904
ni_tfnbs,"e=1.2,h=8.0,n=30,start_thres=1.25",hub,0.25,10,26,40,1730,0,0,40,1730,0.0,0.0,0.0,0.0,0.1644661047241904
ni_tfnbs,"e=1.2,h=9.0,n=30,start_thres=1.25",hub,0.25,10,26,40,1730,0,0,40,1730,0.0,0.0,0.0,0.0,0.1644661047241904
ni_tfnbs,"e=1.2,h=10.0,n=30,start_thres=1.25",hub,0.25,10,26,40,1730,0,0,40,1730,0.0,0.0,0.0,0.0,0.1644661047241904
ni_tfnbs,"e=1.3,h=0.5,n=30,start_thres=1.25",hub,0.25,10,26,40,1730,0,0,40,1730,0.0,0.0,0.0,0.0,0.1644661047241904
ni_tfnbs,"e=1.3,h=1.0,n=30,start_thres=1.25",hub,0.25,10,26,40,1730,0,0,40,1730,0.0,0.0,0.0,0.0,0.1644661047241904
ni_tfnbs,"e=1.3,h=2.0,n=30,start_thres=1.25",hub,0.25,10,26,40,1730,0,0,40,1730,0.0,0.0,0.0,0.0,0.1644661047241904
ni_tfnbs,"e=1.3,h=3.0,n=30,start_thres=1.25",hub,0.25,10,26,40,1730,0,0,40,1730,0.0,0.0,0.0,0.0,0.1644661047241904
ni_tfnbs,"e=1.3,h=4.0,n=30,start_thres=1.25",hub,0.25,10,26,40,1730,0,0,40,1730,0.0,0.0,0.0,0.0,0.1644661047241904
ni_tfnbs,"e=1.3,h=5.0,n=30,start_thres=1.25",hub,0.25,10,26,40,1730,0,0,40,1730,0.0,0.0,0.0,0.0,0.1644661047241904
ni_tfnbs,"e=1.3,h=6.0,n=30,start_thres=1.25",hub,0.25,10,26,40,1730,0,0,40,1730,0.0,0.0,0.0,0.0,0.1644661047241904
ni_tfnbs,"e=1.3,h=7.0,n=30,start_thres=1.25",hub,0.25,10,26,40,1730,0,0,40,1730,0.0,0.0,0.0,0.0,0.1644661047241904
ni_tfnbs,"e=1.3,h=8.0,n=30,start_thres=1.25",hub,0.25,10,26,40,1730,0,0,40,1730,0.0,0.0,0.0,0.0,0.1644661047241904
ni_tfnbs,"e=1.3,h=9.0,n=30,start_thres=1.25",hub,0.25,10,26,40,1730,0,0,40,1730,0.0,0.0,0.0,0.0,0.1644661047241904
ni_tfnbs,"e=1.3,h=10.0,n=30,start_thres=1.25",hub,0.25,10,26,40,1730,0,0,40,1730,0.0,0.0,0.0,0.0,0.1644661047241904
ni_tfnbs,"e=1.4,h=0.5,n=30,start_thres=1.25",hub,0.25,10,26,40,1730,0,0,40,1730,0.0,0.0,0.0,0.0,0.1644661047241904
ni_tfnbs,"e=1.4,h=1.0,n=30,start_thres=1.25",hub,0.25,10,26,40,1730,0,0,40,1730,0.0,0.0,0.0,0.0,0.1644661047241904
ni_tfnbs,"e=1.4,h=2.0,n=30,start_thres=1.25",hub,0.25,10,26,40,1730,0,0,40,1730,0.0,0.0,0.0,0.0,0.1644661047241904
ni_tfnbs,"e=1.4,h=3.0,n=30,start_thres=1.25",hub,0.25,10,26,40,1730,0,0,40,1730,0.0,0.0,0.0,0.0,0.1644661047241904
ni_tfnbs,"e=1.4,h=4.0,n=30,start_thres=1.25",hub,0.25,10,26,40,1730,0,0,40,1730,0.0,0.0,0.0,0.0,0.1644661047241904
ni_tfnbs,"e=1.4,h=5.0,n=30,start_thres=1.25",hub,0.25,10,26,40,1730,0,0,40,1730,0.0,0.0,0.0,0.0,0.1644661047241904
ni_tfnbs,"e=1.4,h=6.0,n=30,start_thres=1.25",hub,0.25,10,26,40,1730,0,0,40,1730,0.0,0.0,0.0,0.0,0.1644661047241904
ni_tfnbs,"e=1.4,h=7.0,n=30,start_thres=1.25",hub,0.25,10,26,40,1730,0,0,40,1730,0.0,0.0,0.0,0.0,0.1644661047241904
ni_tfnbs,"e=1.4,h=8.0,n=30,start_thres=1.25",hub,0.25,10,26,40,1730,0,0,40,1730,0.0,0.0,0.0,0.0,0.1644661047241904
ni_tfnbs,"e=1.4,h=9.0,n=30,start_thres=1.25",hub,0.25,10,26,40,1730,0,0,40,1730,0.0,0.0,0.0,0.0,0.1644661047241904
ni_tfnbs,"e=1.4,h=10.0,n=30,start_thres=1.25",hub,0.25,10,26,40,1730,0,0,40,1730,0.0,0.0,0.0,0.0,0.1644661047241904
ni_tfnbs,"e=1.5,h=0.5,n=30,start_thres=1.25",hub,0.25,10,26,40,1730,0,0,40,1730,0.0,0.0,0.0,0.0,0.1644661047241904
ni_tfnbs,"e=1.5,h=1.0,n=30,start_thres=1.25",hub,0.25,10,26,40,1730,0,0,40,1730,0.0,0.0,0.0,0.0,0.1644661047241904
ni_tfnbs,"e=1.5,h=2.0,n=30,start_thres=1.25",hub,0.25,10,26,40,1730,0,0,40,1730,0.0,0.0,0.0,0.0,0.1644661047241904
ni_tfnbs,"e=1.5,h=3.0,n=30,start_thres=1.25",hub,0.25,10,26,40,1730,0,0,40,1730,0.0,0.0,0.0,0.0,0.1644661047241904
ni_tfnbs,"e=1.5,h=4.0,n=30,start_thres=1.25",hub,0.25,10,26,40,1730,0,0,40,1730,0.0,0.0,0.0,0.0,0.1644661047241904
ni_tfnbs,"e=1.5,h=5.0,n=30,start_thres=1.25",hub,0.25,10,26,40,1730,0,0,40,1730,0.0,0.0,0.0,0.0,0.1644661047241904
ni_tfnbs,"e=1.5,h=6.0,n=30,start_thres=1.25",hub,0.25,10,26,40,1730,0,0,40,1730,0.0,0.0,0.0,0.0,0.1644661047241904
ni_tfnbs,"e=1.5,h=7.0,n=30,start_thres=1.25",hub,0.25,10,26,40,1730,0,0,40,1730,0.0,0.0,0.0,0.0,0.1644661047241904
ni_tfnbs,"e=1.5,h=8.0,n=30,start_thres=1.25",hub,0.25,10,26,40,1730,0,0,40,1730,0.0,0.0,0.0,0.0,0.1644661047241904
ni_tfnbs,"e=1.5,h=9.0,n=30,start_thres=1.25",hub,0.25,10,26,40,1730,0,0,40,1730,0.0,0.0,0.0,0.0,0.1644661047241904
ni_tfnbs,"e=1.5,h=10.0,n=30,start_thres=1.25",hub,0.25,10,26,40,1730,0,0,40,1730,0.0,0.0,0.0,0.0,0.1644661047241904
ni_tfnbs,"e=0.05,h=0.5,n=30,start_thres=1.25",hub,0.25,10,27,40,1730,0,0,40,1730,0.0,0.0,0.0,0.0,0.1644350723786787
ni_tfnbs,"e=0.05,h=1.0,n=30,start_thres=1.25",hub,0.25,10,27,40,1730,0,0,40,1730,0.0,0.0,0.0,0.0,0.1644350723786787
ni_tfnbs,"e=0.05,h=2.0,n=30,start_thres=1.25",hub,0.25,10,27,40,1730,0,0,40,1730,0.0,0.0,0.0,0.0,0.1644350723786787
ni_tfnbs,"e=0.05,h=3.0,n=30,start_thres=1.25",hub,0.25,10,27,40,1730,0,0,40,1730,0.0,0.0,0.0,0.0,0.1644350723786787
ni_tfnbs,"e=0.05,h=4.0,n=30,start_thres=1.25",hub,0.25,10,27,40,1730,0,0,40,1730,0.0,0.0,0.0,0.0,0.1644350723786787
ni_tfnbs,"e=0.05,h=5.0,n=30,start_thres=1.25",hub,0.25,10,27,40,1730,0,0,40,1730,0.0,0.0,0.0,0.0,0.1644350723786787
ni_tfnbs,"e=0.05,h=6.0,n=30,start_thres=1.25",hub,0.25,10,27,40,1730,0,0,40,1730,0.0,0.0,0.0,0.0,0.1644350723786787
ni_tfnbs,"e=0.05,h=7.0,n=30,start_thres=1.25",hub,0.25,10,27,40,1730,0,0,40,1730,0.0,0.0,0.0,0.0,0.1644350723786787
ni_tfnbs,"e=0.05,h=8.0,n=30,start_thres=1.25",hub,0.25,10,27,40,1730,0,0,40,1730,0.0,0.0,0.0,0.0,0.1644350723786787
ni_tfnbs,"e=0.05,h=9.0,n=30,start_thres=1.25",hub,0.25,10,27,40,1730,0,0,40,1730,0.0,0.0,0.0,0.0,0.1644350723786787
ni_tfnbs,"e=0.05,h=10.0,n=30,start_thres=1.25",hub,0.25,10,27,40,1730,0,0,40,1730,0.0,0.0,0.0,0.0,0.1644350723786787
ni_tfnbs,"e=0.1,h=0.5,n=30,start_thres=1.25",hub,0.25,10,27,40,1730,0,0,40,1730,0.0,0.0,0.0,0.0,0.1644350723786787
ni_tfnbs,"e=0.1,h=1.0,n=30,start_thres=1.25",hub,0.25,10,27,40,1730,0,0,40,1730,0.0,0.0,0.0,0.0,0.1644350723786787
ni_tfnbs,"e=0.1,h=2.0,n=30,start_thres=1.25",hub,0.25,10,27,40,1730,0,0,40,1730,0.0,0.0,0.0,0.0,0.1644350723786787
ni_tfnbs,"e=0.1,h=3.0,n=30,start_thres=1.25",hub,0.25,10,27,40,1730,0,0,40,1730,0.0,0.0,0.0,0.0,0.1644350723786787
ni_tfnbs,"e=0.1,h=4.0,n=30,start_thres=1.25",hub,0.25,10,27,40,1730,0,0,40,1730,0.0,0.0,0.0,0.0,0.1644350723786787
ni_tfnbs,"e=0.1,h=5.0,n=30,start_thres=1.25",hub,0.25,10,27,40,1730,0,0,40,1730,0.0,0.0,0.0,0.0,0.1644350723786787
ni_tfnbs,"e=0.1,h=6.0,n=30,start_thres=1.25",hub,0.25,10,27,40,1730,0,0,40,1730,0.0,0.0,0.0,0.0,0.1644350723786787
ni_tfnbs,"e=0.1,h=7.0,n=30,start_thres=1.25",hub,0.25,10,27,40,1730,0,0,40,1730,0.0,0.0,0.0,0.0,0.1644350723786787
ni_tfnbs,"e=0.1,h=8.0,n=30,start_thres=1.25",hub,0.25,10,27,40,1730,0,0,40,1730,0.0,0.0,0.0,0.0,0.1644350723786787
ni_tfnbs,"e=0.1,h=9.0,n=30,start_thres=1.25",hub,0.25,10,27,40,1730,0,0,40,1730,0.0,0.0,0.0,0.0,0.1644350723786787
ni_tfnbs,"e=0.1,h=10.0,n=30,start_thres=1.25",hub,0.25,10,27,40,1730,0,0,40,1730,0.0,0.0,0.0,0.0,0.1644350723786787
ni_tfnbs,"e=0.2,h=0.5,n=30,start_thres=1.25",hub,0.25,10,27,40,1730,0,0,40,1730,0.0,0.0,0.0,0.0,0.1644350723786787
ni_tfnbs,"e=0.2,h=1.0,n=30,start_thres=1.25",hub,0.25,10,27,40,1730,0,0,40,1730,0.0,0.0,0.0,0.0,0.1644350723786787
ni_tfnbs,"e=0.2,h=2.0,n=30,start_thres=1.25",hub,0.25,10,27,40,1730,0,0,40,1730,0.0,0.0,0.0,0.0,0.1644350723786787
ni_tfnbs,"e=0.2,h=3.0,n=30,start_thres=1.25",hub,0.25,10,27,40,1730,0,0,40,1730,0.0,0.0,0.0,0.0,0.1644350723786787
ni_tfnbs,"e=0.2,h=4.0,n=30,start_thres=1.25",hub,0.25,10,27,40,1730,0,0,40,1730,0.0,0.0,0.0,0.0,0.1644350723786787
ni_tfnbs,"e=0.2,h=5.0,n=30,start_thres=1.25",hub,0.25,10,27,40,1730,0,0,40,1730,0.0,0.0,0.0,0.0,0.1644350723786787
ni_tfnbs,"e=0.2,h=6.0,n=30,start_thres=1.25",hub,0.25,10,27,40,1730,0,0,40,1730,0.0,0.0,0.0,0.0,0.1644350723786787
ni_tfnbs,"e=0.2,h=7.0,n=30,start_thres=1.25",hub,0.25,10,27,40,1730,0,0,40,1730,0.0,0.0,0.0,0.0,0.1644350723786787
ni_tfnbs,"e=0.2,h=8.0,n=30,start_thres=1.25",hub,0.25,10,27,40,1730,0,0,40,1730,0.0,0.0,0.0,0.0,0.1644350723786787
ni_tfnbs,"e=0.2,h=9.0,n=30,start_thres=1.25",hub,0.25,10,27,40,1730,0,0,40,1730,0.0,0.0,0.0,0.0,0.1644350723786787
ni_tfnbs,"e=0.2,h=10.0,n=30,start_thres=1.25",hub,0.25,10,27,40,1730,0,0,40,1730,0.0,0.0,0.0,0.0,0.1644350723786787
ni_tfnbs,"e=0.3,h=0.5,n=30,start_thres=1.25",hub,0.25,10,27,40,1730,0,0,40,1730,0.0,0.0,0.0,0.0,0.1644350723786787
ni_tfnbs,"e=0.3,h=1.0,n=30,start_thres=1.25",hub,0.25,10,27,40,1730,0,0,40,1730,0.0,0.0,0.0,0.0,0.1644350723786787
ni_tfnbs,"e=0.3,h=2.0,n=30,start_thres=1.25",hub,0.25,10,27,40,1730,0,0,40,1730,0.0,0.0,0.0,0.0,0.1644350723786787
ni_tfnbs,"e=0.3,h=3.0,n=30,start_thres=1.25",hub,0.25,10,27,40,1730,0,0,40,1730,0.0,0.0,0.0,0.0,0.1644350723786787
ni_tfnbs,"e=0.3,h=4.0,n=30,start_thres=1.25",hub,0.25,10,27,40,1730,0,0,40,1730,0.0,0.0,0.0,0.0,0.1644350723786787
ni_tfnbs,"e=0.3,h=5.0,n=30,start_thres=1.25",hub,0.25,10,27,40,1730,0,0,40,1730,0.0,0.0,0.0,0.0,0.1644350723786787
ni_tfnbs,"e=0.3,h=6.0,n=30,start_thres=1.25",hub,0.25,10,27,40,1730,0,0,40,1730,0.0,0.0,0.0,0.0,0.1644350723786787
ni_tfnbs,"e=0.3,h=7.0,n=30,start_thres=1.25",hub,0.25,10,27,40,1730,0,0,40,1730,0.0,0.0,0.0,0.0,0.1644350723786787
ni_tfnbs,"e=0.3,h=8.0,n=30,start_thres=1.25",hub,0.25,10,27,40,1730,0,0,40,1730,0.0,0.0,0.0,0.0,0.1644350723786787
ni_tfnbs,"e=0.3,h=9.0,n=30,start_thres=1.25",hub,0.25,10,27,40,1730,0,0,40,1730,0.0,0.0,0.0,0.0,0.1644350723786787
ni_tfnbs,"e=0.3,h=10.0,n=30,start_thres=1.25",hub,0.25,10,27,40,1730,0,0,40,1730,0.0,0.0,0.0,0.0,0.1644350723786787
ni_tfnbs,"e=0.4,h=0.5,n=30,start_thres=1.25",hub,0.25,10,27,40,1730,0,0,40,1730,0.0,0.0,0.0,0.0,0.1644350723786787
ni_tfnbs,"e=0.4,h=1.0,n=30,start_thres=1.25",hub,0.25,10,27,40,1730,0,0,40,1730,0.0,0.0,0.0,0.0,0.1644350723786787
ni_tfnbs,"e=0.4,h=2.0,n=30,start_thres=1.25",hub,0.25,10,27,40,1730,0,0,40,1730,0.0,0.0,0.0,0.0,0.1644350723786787
ni_tfnbs,"e=0.4,h=3.0,n=30,start_thres=1.25",hub,0.25,10,27,40,1730,0,0,40,1730,0.0,0.0,0.0,0.0,0.1644350723786787
ni_tfnbs,"e=0.4,h=4.0,n=30,start_thres=1.25",hub,0.25,10,27,40,1730,0,0,40,1730,0.0,0.0,0.0,0.0,0.1644350723786787
ni_tfnbs,"e=0.4,h=5.0,n=30,start_thres=1.25",hub,0.25,10,27,40,1730,0,0,40,1730,0.0,0.0,0.0,0.0,0.1644350723786787
ni_tfnbs,"e=0.4,h=6.0,n=30,start_thres=1.25",hub,0.25,10,27,40,1730,0,0,40,1730,0.0,0.0,0.0,0.0,0.1644350723786787
ni_tfnbs,"e=0.4,h=7.0,n=30,start_thres=1.25",hub,0.25,10,27,40,1730,0,0,40,1730,0.0,0.0,0.0,0.0,0.1644350723786787
ni_tfnbs,"e=0.4,h=8.0,n=30,start_thres=1.25",hub,0.25,10,27,40,1730,0,0,40,1730,0.0,0.0,0.0,0.0,0.1644350723786787
ni_tfnbs,"e=0.4,h=9.0,n=30,start_thres=1.25",hub,0.25,10,27,40,1730,0,0,40,1730,0.0,0.0,0.0,0.0,0.1644350723786787
ni_tfnbs,"e=0.4,h=10.0,n=30,start_thres=1.25",hub,0.25,10,27,40,1730,0,0,40,1730,0.0,0.0,0.0,0.0,0.1644350723786787
ni_tfnbs,"e=0.5,h=0.5,n=30,start_thres=1.25",hub,0.25,10,27,40,1730,0,0,40,1730,0.0,0.0,0.0,0.0,0.1644350723786787
ni_tfnbs,"e=0.5,h=1.0,n=30,start_thres=1.25",hub,0.25,10,27,40,1730,0,0,40,1730,0.0,0.0,0.0,0.0,0.1644350723786787
ni_tfnbs,"e=0.5,h=2.0,n=30,start_thres=1.25",hub,0.25,10,27,40,1730,0,0,40,1730,0.0,0.0,0.0,0.0,0.1644350723786787
ni_tfnbs,"e=0.5,h=3.0,n=30,start_thres=1.25",hub,0.25,10,27,40,1730,0,0,40,1730,0.0,0.0,0.0,0.0,0.1644350723786787
ni_tfnbs,"e=0.5,h=4.0,n=30,start_thres=1.25",hub,0.25,10,27,40,1730,0,0,40,1730,0.0,0.0,0.0,0.0,0.1644350723786787
ni_tfnbs,"e=0.5,h=5.0,n=30,start_thres=1.25",hub,0.25,10,27,40,1730,0,0,40,1730,0.0,0.0,0.0,0.0,0.1644350723786787
ni_tfnbs,"e=0.5,h=6.0,n=30,start_thres=1.25",hub,0.25,10,27,40,1730,0,0,40,1730,0.0,0.0,0.0,0.0,0.1644350723786787
ni_tfnbs,"e=0.5,h=7.0,n=30,start_thres=1.25",hub,0.25,10,27,40,1730,0,0,40,1730,0.0,0.0,0.0,0.0,0.1644350723786787
ni_tfnbs,"e=0.5,h=8.0,n=30,start_thres=1.25",hub,0.25,10,27,40,1730,0,0,40,1730,0.0,0.0,0.0,0.0,0.1644350723786787
ni_tfnbs,"e=0.5,h=9.0,n=30,start_thres=1.25",hub,0.25,10,27,40,1730,0,0,40,1730,0.0,0.0,0.0,0.0,0.1644350723786787
ni_tfnbs,"e=0.5,h=10.0,n=30,start_thres=1.25",hub,0.25,10,27,40,1730,0,0,40,1730,0.0,0.0,0.0,0.0,0.1644350723786787
ni_tfnbs,"e=0.6,h=0.5,n=30,start_thres=1.25",hub,0.25,10,27,40,1730,0,0,40,1730,0.0,0.0,0.0,0.0,0.1644350723786787
ni_tfnbs,"e=0.6,h=1.0,n=30,start_thres=1.25",hub,0.25,10,27,40,1730,0,0,40,1730,0.0,0.0,0.0,0.0,0.1644350723786787
ni_tfnbs,"e=0.6,h=2.0,n=30,start_thres=1.25",hub,0.25,10,27,40,1730,0,0,40,1730,0.0,0.0,0.0,0.0,0.1644350723786787
ni_tfnbs,"e=0.6,h=3.0,n=30,start_thres=1.25",hub,0.25,10,27,40,1730,0,0,40,1730,0.0,0.0,0.0,0.0,0.1644350723786787
ni_tfnbs,"e=0.6,h=4.0,n=30,start_thres=1.25",hub,0.25,10,27,40,1730,0,0,40,1730,0.0,0.0,0.0,0.0,0.1644350723786787
ni_tfnbs,"e=0.6,h=5.0,n=30,start_thres=1.25",hub,0.25,10,27,40,1730,0,0,40,1730,0.0,0.0,0.0,0.0,0.1644350723786787
ni_tfnbs,"e=0.6,h=6.0,n=30,start_thres=1.25",hub,0.25,10,27,40,1730,0,0,40,1730,0.0,0.0,0.0,0.0,0.1644350723786787
ni_tfnbs,"e=0.6,h=7.0,n=30,start_thres=1.25",hub,0.25,10,27,40,1730,0,0,40,1730,0.0,0.0,0.0,0.0,0.1644350723786787
ni_tfnbs,"e=0.6,h=8.0,n=30,start_thres=1.25",hub,0.25,10,27,40,1730,0,0,40,1730,0.0,0.0,0.0,0.0,0.1644350723786787
ni_tfnbs,"e=0.6,h=9.0,n=30,start_thres=1.25",hub,0.25,10,27,40,1730,0,0,40,1730,0.0,0.0,0.0,0.0,0.1644350723786787
ni_tfnbs,"e=0.6,h=10.0,n=30,start_thres=1.25",hub,0.25,10,27,40,1730,0,0,40,1730,0.0,0.0,0.0,0.0,0.1644350723786787
ni_tfnbs,"e=0.7,h=0.5,n=30,start_thres=1.25",hub,0.25,10,27,40,1730,0,0,40,1730,0.0,0.0,0.0,0.0,0.1644350723786787
ni_tfnbs,"e=0.7,h=1.0,n=30,start_thres=1.25",hub,0.25,10,27,40,1730,0,0,40,1730,0.0,0.0,0.0,0.0,0.1644350723786787
ni_tfnbs,"e=0.7,h=2.0,n=30,start_thres=1.25",hub,0.25,10,27,40,1730,0,0,40,1730,0.0,0.0,0.0,0.0,0.1644350723786787
ni_tfnbs,"e=0.7,h=3.0,n=30,start_thres=1.25",hub,0.25,10,27,40,1730,0,0,40,1730,0.0,0.0,0.0,0.0,0.1644350723786787
ni_tfnbs,"e=0.7,h=4.0,n=30,start_thres=1.25",hub,0.25,10,27,40,1730,0,0,40,1730,0.0,0.0,0.0,0.0,0.1644350723786787
ni_tfnbs,"e=0.7,h=5.0,n=30,start_thres=1.25",hub,0.25,10,27,40,1730,0,0,40,1730,0.0,0.0,0.0,0.0,0.1644350723786787
ni_tfnbs,"e=0.7,h=6.0,n=30,start_thres=1.25",hub,0.25,10,27,40,1730,0,0,40,1730,0.0,0.0,0.0,0.0,0.1644350723786787
ni_tfnbs,"e=0.7,h=7.0,n=30,start_thres=1.25",hub,0.25,10,27,40,1730,0,0,40,1730,0.0,0.0,0.0,0.0,0.1644350723786787
ni_tfnbs,"e=0.7,h=8.0,n=30,start_thres=1.25",hub,0.25,10,27,40,1730,0,0,40,1730,0.0,0.0,0.0,0.0,0.1644350723786787
ni_tfnbs,"e=0.7,h=9.0,n=30,start_thres=1.25",hub,0.25,10,27,40,1730,0,0,40,1730,0.0,0.0,0.0,0.0,0.1644350723786787
ni_tfnbs,"e=0.7,h=10.0,n=30,start_thres=1.25",hub,0.25,10,27,40,1730,0,0,40,1730,0.0,0.0,0.0,0.0,0.1644350723786787
ni_tfnbs,"e=0.8,h=0.5,n=30,start_thres=1.25",hub,0.25,10,27,40,1730,0,0,40,1730,0.0,0.0,0.0,0.0,0.1644350723786787
ni_tfnbs,"e=0.8,h=1.0,n=30,start_thres=1.25",hub,0.25,10,27,40,1730,0,0,40,1730,0.0,0.0,0.0,0.0,0.1644350723786787
ni_tfnbs,"e=0.8,h=2.0,n=30,start_thres=1.25",hub,0.25,10,27,40,1730,0,0,40,1730,0.0,0.0,0.0,0.0,0.1644350723786787
ni_tfnbs,"e=0.8,h=3.0,n=30,start_thres=1.25",hub,0.25,10,27,40,1730,0,0,40,1730,0.0,0.0,0.0,0.0,0.1644350723786787
ni_tfnbs,"e=0.8,h=4.0,n=30,start_thres=1.25",hub,0.25,10,27,40,1730,0,0,40,1730,0.0,0.0,0.0,0.0,0.1644350723786787
ni_tfnbs,"e=0.8,h=5.0,n=30,start_thres=1.25",hub,0.25,10,27,40,1730,0,0,40,1730,0.0,0.0,0.0,0.0,0.1644350723786787
ni_tfnbs,"e=0.8,h=6.0,n=30,start_thres=1.25",hub,0.25,10,27,40,1730,0,0,40,1730,0.0,0.0,0.0,0.0,0.1644350723786787
ni_tfnbs,"e=0.8,h=7.0,n=30,start_thres=1.25",hub,0.25,10,27,40,1730,0,0,40,1730,0.0,0.0,0.0,0.0,0.1644350723786787
ni_tfnbs,"e=0.8,h=8.0,n=30,start_thres=1.25",hub,0.25,10,27,40,1730,0,0,40,1730,0.0,0.0,0.0,0.0,0.1644350723786787
ni_tfnbs,"e=0.8,h=9.0,n=30,start_thres=1.25",hub,0.25,10,27,40,1730,0,0,40,1730,0.0,0.0,0.0,0.0,0.1644350723786787
ni_tfnbs,"e=0.8,h=10.0,n=30,start_thres=1.25",hub,0.25,10,27,40,1730,0,0,40,1730,0.0,0.0,0.0,0.0,0.1644350723786787
ni_tfnbs,"e=0.9,h=0.5,n=30,start_thres=1.25",hub,0.25,10,27,40,1730,0,0,40,1730,0.0,0.0,0.0,0.0,0.1644350723786787
ni_tfnbs,"e=0.9,h=1.0,n=30,start_thres=1.25",hub,0.25,10,27,40,1730,0,0,40,1730,0.0,0.0,0.0,0.0,0.1644350723786787
ni_tfnbs,"e=0.9,h=2.0,n=30,start_thres=1.25",hub,0.25,10,27,40,1730,0,0,40,1730,0.0,0.0,0.0,0.0,0.1644350723786787
ni_tfnbs,"e=0.9,h=3.0,n=30,start_thres=1.25",hub,0.25,10,27,40,1730,0,0,40,1730,0.0,0.0,0.0,0.0,0.1644350723786787
ni_tfnbs,"e=0.9,h=4.0,n=30,start_thres=1.25",hub,0.25,10,27,40,1730,0,0,40,1730,0.0,0.0,0.0,0.0,0.1644350723786787
ni_tfnbs,"e=0.9,h=5.0,n=30,start_thres=1.25",hub,0.25,10,27,40,1730,0,0,40,1730,0.0,0.0,0.0,0.0,0.1644350723786787
ni_tfnbs,"e=0.9,h=6.0,n=30,start_thres=1.25",hub,0.25,10,27,40,1730,0,0,40,1730,0.0,0.0,0.0,0.0,0.1644350723786787
ni_tfnbs,"e=0.9,h=7.0,n=30,start_thres=1.25",hub,0.25,10,27,40,1730,0,0,40,1730,0.0,0.0,0.0,0.0,0.1644350723786787
ni_tfnbs,"e=0.9,h=8.0,n=30,start_thres=1.25",hub,0.25,10,27,40,1730,0,0,40,1730,0.0,0.0,0.0,0.0,0.1644350723786787
ni_tfnbs,"e=0.9,h=9.0,n=30,start_thres=1.25",hub,0.25,10,27,40,1730,0,0,40,1730,0.0,0.0,0.0,0.0,0.1644350723786787
ni_tfnbs,"e=0.9,h=10.0,n=30,start_thres=1.25",hub,0.25,10,27,40,1730,0,0,40,1730,0.0,0.0,0.0,0.0,0.1644350723786787
ni_tfnbs,"e=1.0,h=0.5,n=30,start_thres=1.25",hub,0.25,10,27,40,1730,0,0,40,1730,0.0,0.0,0.0,0.0,0.1644350723786787
ni_tfnbs,"e=1.0,h=1.0,n=30,start_thres=1.25",hub,0.25,10,27,40,1730,0,0,40,1730,0.0,0.0,0.0,0.0,0.1644350723786787
ni_tfnbs,"e=1.0,h=2.0,n=30,start_thres=1.25",hub,0.25,10,27,40,1730,0,0,40,1730,0.0,0.0,0.0,0.0,0.1644350723786787
ni_tfnbs,"e=1.0,h=3.0,n=30,start_thres=1.25",hub,0.25,10,27,40,1730,0,0,40,1730,0.0,0.0,0.0,0.0,0.1644350723786787
ni_tfnbs,"e=1.0,h=4.0,n=30,start_thres=1.25",hub,0.25,10,27,40,1730,0,0,40,1730,0.0,0.0,0.0,0.0,0.1644350723786787
ni_tfnbs,"e=1.0,h=5.0,n=30,start_thres=1.25",hub,0.25,10,27,40,1730,0,0,40,1730,0.0,0.0,0.0,0.0,0.1644350723786787
ni_tfnbs,"e=1.0,h=6.0,n=30,start_thres=1.25",hub,0.25,10,27,40,1730,0,0,40,1730,0.0,0.0,0.0,0.0,0.1644350723786787
ni_tfnbs,"e=1.0,h=7.0,n=30,start_thres=1.25",hub,0.25,10,27,40,1730,0,0,40,1730,0.0,0.0,0.0,0.0,0.1644350723786787
ni_tfnbs,"e=1.0,h=8.0,n=30,start_thres=1.25",hub,0.25,10,27,40,1730,0,0,40,1730,0.0,0.0,0.0,0.0,0.1644350723786787
ni_tfnbs,"e=1.0,h=9.0,n=30,start_thres=1.25",hub,0.25,10,27,40,1730,0,0,40,1730,0.0,0.0,0.0,0.0,0.1644350723786787
ni_tfnbs,"e=1.0,h=10.0,n=30,start_thres=1.25",hub,0.25,10,27,40,1730,0,0,40,1730,0.0,0.0,0.0,0.0,0.1644350723786787
ni_tfnbs,"e=1.1,h=0.5,n=30,start_thres=1.25",hub,0.25,10,27,40,1730,0,0,40,1730,0.0,0.0,0.0,0.0,0.1644350723786787
ni_tfnbs,"e=1.1,h=1.0,n=30,start_thres=1.25",hub,0.25,10,27,40,1730,0,0,40,1730,0.0,0.0,0.0,0.0,0.1644350723786787
ni_tfnbs,"e=1.1,h=2.0,n=30,start_thres=1.25",hub,0.25,10,27,40,1730,0,0,40,1730,0.0,0.0,0.0,0.0,0.1644350723786787
ni_tfnbs,"e=1.1,h=3.0,n=30,start_thres=1.25",hub,0.25,10,27,40,1730,0,0,40,1730,0.0,0.0,0.0,0.0,0.1644350723786787
ni_tfnbs,"e=1.1,h=4.0,n=30,start_thres=1.25",hub,0.25,10,27,40,1730,0,0,40,1730,0.0,0.0,0.0,0.0,0.1644350723786787
ni_tfnbs,"e=1.1,h=5.0,n=30,start_thres=1.25",hub,0.25,10,27,40,1730,0,0,40,1730,0.0,0.0,0.0,0.0,0.1644350723786787
ni_tfnbs,"e=1.1,h=6.0,n=30,start_thres=1.25",hub,0.25,10,27,40,1730,0,0,40,1730,0.0,0.0,0.0,0.0,0.1644350723786787
ni_tfnbs,"e=1.1,h=7.0,n=30,start_thres=1.25",hub,0.25,10,27,40,1730,0,0,40,1730,0.0,0.0,0.0,0.0,0.1644350723786787
ni_tfnbs,"e=1.1,h=8.0,n=30,start_thres=1.25",hub,0.25,10,27,40,1730,0,0,40,1730,0.0,0.0,0.0,0.0,0.1644350723786787
ni_tfnbs,"e=1.1,h=9.0,n=30,start_thres=1.25",hub,0.25,10,27,40,1730,0,0,40,1730,0.0,0.0,0.0,0.0,0.1644350723786787
ni_tfnbs,"e=1.1,h=10.0,n=30,start_thres=1.25",hub,0.25,10,27,40,1730,0,0,40,1730,0.0,0.0,0.0,0.0,0.1644350723786787
ni_tfnbs,"e=1.2,h=0.5,n=30,start_thres=1.25",hub,0.25,10,27,40,1730,0,0,40,1730,0.0,0.0,0.0,0.0,0.1644350723786787
ni_tfnbs,"e=1.2,h=1.0,n=30,start_thres=1.25",hub,0.25,10,27,40,1730,0,0,40,1730,0.0,0.0,0.0,0.0,0.1644350723786787
ni_tfnbs,"e=1.2,h=2.0,n=30,start_thres=1.25",hub,0.25,10,27,40,1730,0,0,40,1730,0.0,0.0,0.0,0.0,0.1644350723786787
ni_tfnbs,"e=1.2,h=3.0,n=30,start_thres=1.25",hub,0.25,10,27,40,1730,0,0,40,1730,0.0,0.0,0.0,0.0,0.1644350723786787
ni_tfnbs,"e=1.2,h=4.0,n=30,start_thres=1.25",hub,0.25,10,27,40,1730,0,0,40,1730,0.0,0.0,0.0,0.0,0.1644350723786787
ni_tfnbs,"e=1.2,h=5.0,n=30,start_thres=1.25",hub,0.25,10,27,40,1730,0,0,40,1730,0.0,0.0,0.0,0.0,0.1644350723786787
ni_tfnbs,"e=1.2,h=6.0,n=30,start_thres=1.25",hub,0.25,10,27,40,1730,0,0,40,1730,0.0,0.0,0.0,0.0,0.1644350723786787
ni_tfnbs,"e=1.2,h=7.0,n=30,start_thres=1.25",hub,0.25,10,27,40,1730,0,0,40,1730,0.0,0.0,0.0,0.0,0.1644350723786787
ni_tfnbs,"e=1.2,h=8.0,n=30,start_thres=1.25",hub,0.25,10,27,40,1730,0,0,40,1730,0.0,0.0,0.0,0.0,0.1644350723786787
ni_tfnbs,"e=1.2,h=9.0,n=30,start_thres=1.25",hub,0.25,10,27,40,1730,0,0,40,1730,0.0,0.0,0.0,0.0,0.1644350723786787
ni_tfnbs,"e=1.2,h=10.0,n=30,start_thres=1.25",hub,0.25,10,27,40,1730,0,0,40,1730,0.0,0.0,0.0,0.0,0.1644350723786787
ni_tfnbs,"e=1.3,h=0.5,n=30,start_thres=1.25",hub,0.25,10,27,40,1730,0,0,40,1730,0.0,0.0,0.0,0.0,0.1644350723786787
ni_tfnbs,"e=1.3,h=1.0,n=30,start_thres=1.25",hub,0.25,10,27,40,1730,0,0,40,1730,0.0,0.0,0.0,0.0,0.1644350723786787
ni_tfnbs,"e=1.3,h=2.0,n=30,start_thres=1.25",hub,0.25,10,27,40,1730,0,0,40,1730,0.0,0.0,0.0,0.0,0.1644350723786787
ni_tfnbs,"e=1.3,h=3.0,n=30,start_thres=1.25",hub,0.25,10,27,40,1730,0,0,40,1730,0.0,0.0,0.0,0.0,0.1644350723786787
ni_tfnbs,"e=1.3,h=4.0,n=30,start_thres=1.25",hub,0.25,10,27,40,1730,0,0,40,1730,0.0,0.0,0.0,0.0,0.1644350723786787
ni_tfnbs,"e=1.3,h=5.0,n=30,start_thres=1.25",hub,0.25,10,27,40,1730,0,0,40,1730,0.0,0.0,0.0,0.0,0.1644350723786787
ni_tfnbs,"e=1.3,h=6.0,n=30,start_thres=1.25",hub,0.25,10,27,40,1730,0,0,40,1730,0.0,0.0,0.0,0.0,0.1644350723786787
ni_tfnbs,"e=1.3,h=7.0,n=30,start_thres=1.25",hub,0.25,10,27,40,1730,0,0,40,1730,0.0,0.0,0.0,0.0,0.1644350723786787
ni_tfnbs,"e=1.3,h=8.0,n=30,start_thres=1.25",hub,0.25,10,27,40,1730,0,0,40,1730,0.0,0.0,0.0,0.0,0.1644350723786787
ni_tfnbs,"e=1.3,h=9.0,n=30,start_thres=1.25",hub,0.25,10,27,40,1730,0,0,40,1730,0.0,0.0,0.0,0.0,0.1644350723786787
ni_tfnbs,"e=1.3,h=10.0,n=30,start_thres=1.25",hub,0.25,10,27,40,1730,0,0,40,1730,0.0,0.0,0.0,0.0,0.1644350723786787
ni_tfnbs,"e=1.4,h=0.5,n=30,start_thres=1.25",hub,0.25,10,27,40,1730,0,0,40,1730,0.0,0.0,0.0,0.0,0.1644350723786787
ni_tfnbs,"e=1.4,h=1.0,n=30,start_thres=1.25",hub,0.25,10,27,40,1730,0,0,40,1730,0.0,0.0,0.0,0.0,0.1644350723786787
ni_tfnbs,"e=1.4,h=2.0,n=30,start_thres=1.25",hub,0.25,10,27,40,1730,0,0,40,1730,0.0,0.0,0.0,0.0,0.1644350723786787
ni_tfnbs,"e=1.4,h=3.0,n=30,start_thres=1.25",hub,0.25,10,27,40,1730,0,0,40,1730,0.0,0.0,0.0,0.0,0.1644350723786787
ni_tfnbs,"e=1.4,h=4.0,n=30,start_thres=1.25",hub,0.25,10,27,40,1730,0,0,40,1730,0.0,0.0,0.0,0.0,0.1644350723786787
ni_tfnbs,"e=1.4,h=5.0,n=30,start_thres=1.25",hub,0.25,10,27,40,1730,0,0,40,1730,0.0,0.0,0.0,0.0,0.1644350723786787
ni_tfnbs,"e=1.4,h=6.0,n=30,start_thres=1.25",hub,0.25,10,27,40,1730,0,0,40,1730,0.0,0.0,0.0,0.0,0.1644350723786787
ni_tfnbs,"e=1.4,h=7.0,n=30,start_thres=1.25",hub,0.25,10,27,40,1730,0,0,40,1730,0.0,0.0,0.0,0.0,0.1644350723786787
ni_tfnbs,"e=1.4,h=8.0,n=30,start_thres=1.25",hub,0.25,10,27,40,1730,0,0,40,1730,0.0,0.0,0.0,0.0,0.1644350723786787
ni_tfnbs,"e=1.4,h=9.0,n=30,start_thres=1.25",hub,0.25,10,27,40,1730,0,0,40,1730,0.0,0.0,0.0,0.0,0.1644350723786787
ni_tfnbs,"e=1.4,h=10.0,n=30,start_thres=1.25",hub,0.25,10,27,40,1730,0,0,40,1730,0.0,0.0,0.0,0.0,0.1644350723786787
ni_tfnbs,"e=1.5,h=0.5,n=30,start_thres=1.25",hub,0.25,10,27,40,1730,0,0,40,1730,0.0,0.0,0.0,0.0,0.1644350723786787
ni_tfnbs,"e=1.5,h=1.0,n=30,start_thres=1.25",hub,0.25,10,27,40,1730,0,0,40,1730,0.0,0.0,0.0,0.0,0.1644350723786787
ni_tfnbs,"e=1.5,h=2.0,n=30,start_thres=1.25",hub,0.25,10,27,40,1730,0,0,40,1730,0.0,0.0,0.0,0.0,0.1644350723786787
ni_tfnbs,"e=1.5,h=3.0,n=30,start_thres=1.25",hub,0.25,10,27,40,1730,0,0,40,1730,0.0,0.0,0.0,0.0,0.1644350723786787
ni_tfnbs,"e=1.5,h=4.0,n=30,start_thres=1.25",hub,0.25,10,27,40,1730,0,0,40,1730,0.0,0.0,0.0,0.0,0.1644350723786787
ni_tfnbs,"e=1.5,h=5.0,n=30,start_thres=1.25",hub,0.25,10,27,40,1730,0,0,40,1730,0.0,0.0,0.0,0.0,0.1644350723786787
ni_tfnbs,"e=1.5,h=6.0,n=30,start_thres=1.25",hub,0.25,10,27,40,1730,0,0,40,1730,0.0,0.0,0.0,0.0,0.1644350723786787
ni_tfnbs,"e=1.5,h=7.0,n=30,start_thres=1.25",hub,0.25,10,27,40,1730,0,0,40,1730,0.0,0.0,0.0,0.0,0.1644350723786787
ni_tfnbs,"e=1.5,h=8.0,n=30,start_thres=1.25",hub,0.25,10,27,40,1730,0,0,40,1730,0.0,0.0,0.0,0.0,0.1644350723786787
ni_tfnbs,"e=1.5,h=9.0,n=30,start_thres=1.25",hub,0.25,10,27,40,1730,0,0,40,1730,0.0,0.0,0.0,0.0,0.1644350723786787
ni_tfnbs,"e=1.5,h=10.0,n=30,start_thres=1.25",hub,0.25,10,27,40,1730,0,0,40,1730,0.0,0.0,0.0,0.0,0.1644350723786787
ni_tfnbs,"e=0.05,h=0.5,n=30,start_thres=1.25",hub,0.25,10,28,40,1730,0,0,40,1730,0.0,0.0,0.0,0.0,0.1651901968500831
ni_tfnbs,"e=0.05,h=1.0,n=30,start_thres=1.25",hub,0.25,10,28,40,1730,0,0,40,1730,0.0,0.0,0.0,0.0,0.1651901968500831
ni_tfnbs,"e=0.05,h=2.0,n=30,start_thres=1.25",hub,0.25,10,28,40,1730,0,0,40,1730,0.0,0.0,0.0,0.0,0.1651901968500831
ni_tfnbs,"e=0.05,h=3.0,n=30,start_thres=1.25",hub,0.25,10,28,40,1730,0,0,40,1730,0.0,0.0,0.0,0.0,0.1651901968500831
ni_tfnbs,"e=0.05,h=4.0,n=30,start_thres=1.25",hub,0.25,10,28,40,1730,0,0,40,1730,0.0,0.0,0.0,0.0,0.1651901968500831
ni_tfnbs,"e=0.05,h=5.0,n=30,start_thres=1.25",hub,0.25,10,28,40,1730,0,0,40,1730,0.0,0.0,0.0,0.0,0.1651901968500831
ni_tfnbs,"e=0.05,h=6.0,n=30,start_thres=1.25",hub,0.25,10,28,40,1730,0,0,40,1730,0.0,0.0,0.0,0.0,0.1651901968500831
ni_tfnbs,"e=0.05,h=7.0,n=30,start_thres=1.25",hub,0.25,10,28,40,1730,0,0,40,1730,0.0,0.0,0.0,0.0,0.1651901968500831
ni_tfnbs,"e=0.05,h=8.0,n=30,start_thres=1.25",hub,0.25,10,28,40,1730,0,0,40,1730,0.0,0.0,0.0,0.0,0.1651901968500831
ni_tfnbs,"e=0.05,h=9.0,n=30,start_thres=1.25",hub,0.25,10,28,40,1730,0,0,40,1730,0.0,0.0,0.0,0.0,0.1651901968500831
ni_tfnbs,"e=0.05,h=10.0,n=30,start_thres=1.25",hub,0.25,10,28,40,1730,0,0,40,1730,0.0,0.0,0.0,0.0,0.1651901968500831
ni_tfnbs,"e=0.1,h=0.5,n=30,start_thres=1.25",hub,0.25,10,28,40,1730,0,0,40,1730,0.0,0.0,0.0,0.0,0.1651901968500831
ni_tfnbs,"e=0.1,h=1.0,n=30,start_thres=1.25",hub,0.25,10,28,40,1730,0,0,40,1730,0.0,0.0,0.0,0.0,0.1651901968500831
ni_tfnbs,"e=0.1,h=2.0,n=30,start_thres=1.25",hub,0.25,10,28,40,1730,0,0,40,1730,0.0,0.0,0.0,0.0,0.1651901968500831
ni_tfnbs,"e=0.1,h=3.0,n=30,start_thres=1.25",hub,0.25,10,28,40,1730,0,0,40,1730,0.0,0.0,0.0,0.0,0.1651901968500831
ni_tfnbs,"e=0.1,h=4.0,n=30,start_thres=1.25",hub,0.25,10,28,40,1730,0,0,40,1730,0.0,0.0,0.0,0.0,0.1651901968500831
ni_tfnbs,"e=0.1,h=5.0,n=30,start_thres=1.25",hub,0.25,10,28,40,1730,0,0,40,1730,0.0,0.0,0.0,0.0,0.1651901968500831
ni_tfnbs,"e=0.1,h=6.0,n=30,start_thres=1.25",hub,0.25,10,28,40,1730,0,0,40,1730,0.0,0.0,0.0,0.0,0.1651901968500831
ni_tfnbs,"e=0.1,h=7.0,n=30,start_thres=1.25",hub,0.25,10,28,40,1730,0,0,40,1730,0.0,0.0,0.0,0.0,0.1651901968500831
ni_tfnbs,"e=0.1,h=8.0,n=30,start_thres=1.25",hub,0.25,10,28,40,1730,0,0,40,1730,0.0,0.0,0.0,0.0,0.1651901968500831
ni_tfnbs,"e=0.1,h=9.0,n=30,start_thres=1.25",hub,0.25,10,28,40,1730,0,0,40,1730,0.0,0.0,0.0,0.0,0.1651901968500831
ni_tfnbs,"e=0.1,h=10.0,n=30,start_thres=1.25",hub,0.25,10,28,40,1730,0,0,40,1730,0.0,0.0,0.0,0.0,0.1651901968500831
ni_tfnbs,"e=0.2,h=0.5,n=30,start_thres=1.25",hub,0.25,10,28,40,1730,0,0,40,1730,0.0,0.0,0.0,0.0,0.1651901968500831
ni_tfnbs,"e=0.2,h=1.0,n=30,start_thres=1.25",hub,0.25,10,28,40,1730,0,0,40,1730,0.0,0.0,0.0,0.0,0.1651901968500831
ni_tfnbs,"e=0.2,h=2.0,n=30,start_thres=1.25",hub,0.25,10,28,40,1730,0,0,40,1730,0.0,0.0,0.0,0.0,0.1651901968500831
ni_tfnbs,"e=0.2,h=3.0,n=30,start_thres=1.25",hub,0.25,10,28,40,1730,0,0,40,1730,0.0,0.0,0.0,0.0,0.1651901968500831
ni_tfnbs,"e=0.2,h=4.0,n=30,start_thres=1.25",hub,0.25,10,28,40,1730,0,0,40,1730,0.0,0.0,0.0,0.0,0.1651901968500831
ni_tfnbs,"e=0.2,h=5.0,n=30,start_thres=1.25",hub,0.25,10,28,40,1730,0,0,40,1730,0.0,0.0,0.0,0.0,0.1651901968500831
ni_tfnbs,"e=0.2,h=6.0,n=30,start_thres=1.25",hub,0.25,10,28,40,1730,0,0,40,1730,0.0,0.0,0.0,0.0,0.1651901968500831
ni_tfnbs,"e=0.2,h=7.0,n=30,start_thres=1.25",hub,0.25,10,28,40,1730,0,0,40,1730,0.0,0.0,0.0,0.0,0.1651901968500831
ni_tfnbs,"e=0.2,h=8.0,n=30,start_thres=1.25",hub,0.25,10,28,40,1730,0,0,40,1730,0.0,0.0,0.0,0.0,0.1651901968500831
ni_tfnbs,"e=0.2,h=9.0,n=30,start_thres=1.25",hub,0.25,10,28,40,1730,0,0,40,1730,0.0,0.0,0.0,0.0,0.1651901968500831
ni_tfnbs,"e=0.2,h=10.0,n=30,start_thres=1.25",hub,0.25,10,28,40,1730,0,0,40,1730,0.0,0.0,0.0,0.0,0.1651901968500831
ni_tfnbs,"e=0.3,h=0.5,n=30,start_thres=1.25",hub,0.25,10,28,40,1730,0,0,40,1730,0.0,0.0,0.0,0.0,0.1651901968500831
ni_tfnbs,"e=0.3,h=1.0,n=30,start_thres=1.25",hub,0.25,10,28,40,1730,0,0,40,1730,0.0,0.0,0.0,0.0,0.1651901968500831
ni_tfnbs,"e=0.3,h=2.0,n=30,start_thres=1.25",hub,0.25,10,28,40,1730,0,0,40,1730,0.0,0.0,0.0,0.0,0.1651901968500831
ni_tfnbs,"e=0.3,h=3.0,n=30,start_thres=1.25",hub,0.25,10,28,40,1730,0,0,40,1730,0.0,0.0,0.0,0.0,0.1651901968500831
ni_tfnbs,"e=0.3,h=4.0,n=30,start_thres=1.25",hub,0.25,10,28,40,1730,0,0,40,1730,0.0,0.0,0.0,0.0,0.1651901968500831
ni_tfnbs,"e=0.3,h=5.0,n=30,start_thres=1.25",hub,0.25,10,28,40,1730,0,0,40,1730,0.0,0.0,0.0,0.0,0.1651901968500831
ni_tfnbs,"e=0.3,h=6.0,n=30,start_thres=1.25",hub,0.25,10,28,40,1730,0,0,40,1730,0.0,0.0,0.0,0.0,0.1651901968500831
ni_tfnbs,"e=0.3,h=7.0,n=30,start_thres=1.25",hub,0.25,10,28,40,1730,0,0,40,1730,0.0,0.0,0.0,0.0,0.1651901968500831
ni_tfnbs,"e=0.3,h=8.0,n=30,start_thres=1.25",hub,0.25,10,28,40,1730,0,0,40,1730,0.0,0.0,0.0,0.0,0.1651901968500831
ni_tfnbs,"e=0.3,h=9.0,n=30,start_thres=1.25",hub,0.25,10,28,40,1730,0,0,40,1730,0.0,0.0,0.0,0.0,0.1651901968500831
ni_tfnbs,"e=0.3,h=10.0,n=30,start_thres=1.25",hub,0.25,10,28,40,1730,0,0,40,1730,0.0,0.0,0.0,0.0,0.1651901968500831
ni_tfnbs,"e=0.4,h=0.5,n=30,start_thres=1.25",hub,0.25,10,28,40,1730,0,0,40,1730,0.0,0.0,0.0,0.0,0.1651901968500831
ni_tfnbs,"e=0.4,h=1.0,n=30,start_thres=1.25",hub,0.25,10,28,40,1730,0,0,40,1730,0.0,0.0,0.0,0.0,0.1651901968500831
ni_tfnbs,"e=0.4,h=2.0,n=30,start_thres=1.25",hub,0.25,10,28,40,1730,0,0,40,1730,0.0,0.0,0.0,0.0,0.1651901968500831
ni_tfnbs,"e=0.4,h=3.0,n=30,start_thres=1.25",hub,0.25,10,28,40,1730,0,0,40,1730,0.0,0.0,0.0,0.0,0.1651901968500831
ni_tfnbs,"e=0.4,h=4.0,n=30,start_thres=1.25",hub,0.25,10,28,40,1730,0,0,40,1730,0.0,0.0,0.0,0.0,0.1651901968500831
ni_tfnbs,"e=0.4,h=5.0,n=30,start_thres=1.25",hub,0.25,10,28,40,1730,0,0,40,1730,0.0,0.0,0.0,0.0,0.1651901968500831
ni_tfnbs,"e=0.4,h=6.0,n=30,start_thres=1.25",hub,0.25,10,28,40,1730,0,0,40,1730,0.0,0.0,0.0,0.0,0.1651901968500831
ni_tfnbs,"e=0.4,h=7.0,n=30,start_thres=1.25",hub,0.25,10,28,40,1730,0,0,40,1730,0.0,0.0,0.0,0.0,0.1651901968500831
ni_tfnbs,"e=0.4,h=8.0,n=30,start_thres=1.25",hub,0.25,10,28,40,1730,0,0,40,1730,0.0,0.0,0.0,0.0,0.1651901968500831
ni_tfnbs,"e=0.4,h=9.0,n=30,start_thres=1.25",hub,0.25,10,28,40,1730,0,0,40,1730,0.0,0.0,0.0,0.0,0.1651901968500831
ni_tfnbs,"e=0.4,h=10.0,n=30,start_thres=1.25",hub,0.25,10,28,40,1730,0,0,40,1730,0.0,0.0,0.0,0.0,0.1651901968500831
ni_tfnbs,"e=0.5,h=0.5,n=30,start_thres=1.25",hub,0.25,10,28,40,1730,0,0,40,1730,0.0,0.0,0.0,0.0,0.1651901968500831
ni_tfnbs,"e=0.5,h=1.0,n=30,start_thres=1.25",hub,0.25,10,28,40,1730,0,0,40,1730,0.0,0.0,0.0,0.0,0.1651901968500831
ni_tfnbs,"e=0.5,h=2.0,n=30,start_thres=1.25",hub,0.25,10,28,40,1730,0,0,40,1730,0.0,0.0,0.0,0.0,0.1651901968500831
ni_tfnbs,"e=0.5,h=3.0,n=30,start_thres=1.25",hub,0.25,10,28,40,1730,0,0,40,1730,0.0,0.0,0.0,0.0,0.1651901968500831
ni_tfnbs,"e=0.5,h=4.0,n=30,start_thres=1.25",hub,0.25,10,28,40,1730,0,0,40,1730,0.0,0.0,0.0,0.0,0.1651901968500831
ni_tfnbs,"e=0.5,h=5.0,n=30,start_thres=1.25",hub,0.25,10,28,40,1730,0,0,40,1730,0.0,0.0,0.0,0.0,0.1651901968500831
ni_tfnbs,"e=0.5,h=6.0,n=30,start_thres=1.25",hub,0.25,10,28,40,1730,0,0,40,1730,0.0,0.0,0.0,0.0,0.1651901968500831
ni_tfnbs,"e=0.5,h=7.0,n=30,start_thres=1.25",hub,0.25,10,28,40,1730,0,0,40,1730,0.0,0.0,0.0,0.0,0.1651901968500831
ni_tfnbs,"e=0.5,h=8.0,n=30,start_thres=1.25",hub,0.25,10,28,40,1730,0,0,40,1730,0.0,0.0,0.0,0.0,0.1651901968500831
ni_tfnbs,"e=0.5,h=9.0,n=30,start_thres=1.25",hub,0.25,10,28,40,1730,0,0,40,1730,0.0,0.0,0.0,0.0,0.1651901968500831
ni_tfnbs,"e=0.5,h=10.0,n=30,start_thres=1.25",hub,0.25,10,28,40,1730,0,0,40,1730,0.0,0.0,0.0,0.0,0.1651901968500831
ni_tfnbs,"e=0.6,h=0.5,n=30,start_thres=1.25",hub,0.25,10,28,40,1730,0,0,40,1730,0.0,0.0,0.0,0.0,0.1651901968500831
ni_tfnbs,"e=0.6,h=1.0,n=30,start_thres=1.25",hub,0.25,10,28,40,1730,0,0,40,1730,0.0,0.0,0.0,0.0,0.1651901968500831
ni_tfnbs,"e=0.6,h=2.0,n=30,start_thres=1.25",hub,0.25,10,28,40,1730,0,0,40,1730,0.0,0.0,0.0,0.0,0.1651901968500831
ni_tfnbs,"e=0.6,h=3.0,n=30,start_thres=1.25",hub,0.25,10,28,40,1730,0,0,40,1730,0.0,0.0,0.0,0.0,0.1651901968500831
ni_tfnbs,"e=0.6,h=4.0,n=30,start_thres=1.25",hub,0.25,10,28,40,1730,0,0,40,1730,0.0,0.0,0.0,0.0,0.1651901968500831
ni_tfnbs,"e=0.6,h=5.0,n=30,start_thres=1.25",hub,0.25,10,28,40,1730,0,0,40,1730,0.0,0.0,0.0,0.0,0.1651901968500831
ni_tfnbs,"e=0.6,h=6.0,n=30,start_thres=1.25",hub,0.25,10,28,40,1730,0,0,40,1730,0.0,0.0,0.0,0.0,0.1651901968500831
ni_tfnbs,"e=0.6,h=7.0,n=30,start_thres=1.25",hub,0.25,10,28,40,1730,0,0,40,1730,0.0,0.0,0.0,0.0,0.1651901968500831
ni_tfnbs,"e=0.6,h=8.0,n=30,start_thres=1.25",hub,0.25,10,28,40,1730,0,0,40,1730,0.0,0.0,0.0,0.0,0.1651901968500831
ni_tfnbs,"e=0.6,h=9.0,n=30,start_thres=1.25",hub,0.25,10,28,40,1730,0,0,40,1730,0.0,0.0,0.0,0.0,0.1651901968500831
ni_tfnbs,"e=0.6,h=10.0,n=30,start_thres=1.25",hub,0.25,10,28,40,1730,0,0,40,1730,0.0,0.0,0.0,0.0,0.1651901968500831
ni_tfnbs,"e=0.7,h=0.5,n=30,start_thres=1.25",hub,0.25,10,28,40,1730,0,0,40,1730,0.0,0.0,0.0,0.0,0.1651901968500831
ni_tfnbs,"e=0.7,h=1.0,n=30,start_thres=1.25",hub,0.25,10,28,40,1730,0,0,40,1730,0.0,0.0,0.0,0.0,0.1651901968500831
ni_tfnbs,"e=0.7,h=2.0,n=30,start_thres=1.25",hub,0.25,10,28,40,1730,0,0,40,1730,0.0,0.0,0.0,0.0,0.1651901968500831
ni_tfnbs,"e=0.7,h=3.0,n=30,start_thres=1.25",hub,0.25,10,28,40,1730,0,0,40,1730,0.0,0.0,0.0,0.0,0.1651901968500831
ni_tfnbs,"e=0.7,h=4.0,n=30,start_thres=1.25",hub,0.25,10,28,40,1730,0,0,40,1730,0.0,0.0,0.0,0.0,0.1651901968500831
ni_tfnbs,"e=0.7,h=5.0,n=30,start_thres=1.25",hub,0.25,10,28,40,1730,0,0,40,1730,0.0,0.0,0.0,0.0,0.1651901968500831
ni_tfnbs,"e=0.7,h=6.0,n=30,start_thres=1.25",hub,0.25,10,28,40,1730,0,0,40,1730,0.0,0.0,0.0,0.0,0.1651901968500831
ni_tfnbs,"e=0.7,h=7.0,n=30,start_thres=1.25",hub,0.25,10,28,40,1730,0,0,40,1730,0.0,0.0,0.0,0.0,0.1651901968500831
ni_tfnbs,"e=0.7,h=8.0,n=30,start_thres=1.25",hub,0.25,10,28,40,1730,0,0,40,1730,0.0,0.0,0.0,0.0,0.1651901968500831
ni_tfnbs,"e=0.7,h=9.0,n=30,start_thres=1.25",hub,0.25,10,28,40,1730,0,0,40,1730,0.0,0.0,0.0,0.0,0.1651901968500831
ni_tfnbs,"e=0.7,h=10.0,n=30,start_thres=1.25",hub,0.25,10,28,40,1730,0,0,40,1730,0.0,0.0,0.0,0.0,0.1651901968500831
ni_tfnbs,"e=0.8,h=0.5,n=30,start_thres=1.25",hub,0.25,10,28,40,1730,0,0,40,1730,0.0,0.0,0.0,0.0,0.1651901968500831
ni_tfnbs,"e=0.8,h=1.0,n=30,start_thres=1.25",hub,0.25,10,28,40,1730,0,0,40,1730,0.0,0.0,0.0,0.0,0.1651901968500831
ni_tfnbs,"e=0.8,h=2.0,n=30,start_thres=1.25",hub,0.25,10,28,40,1730,0,0,40,1730,0.0,0.0,0.0,0.0,0.1651901968500831
ni_tfnbs,"e=0.8,h=3.0,n=30,start_thres=1.25",hub,0.25,10,28,40,1730,0,0,40,1730,0.0,0.0,0.0,0.0,0.1651901968500831
ni_tfnbs,"e=0.8,h=4.0,n=30,start_thres=1.25",hub,0.25,10,28,40,1730,0,0,40,1730,0.0,0.0,0.0,0.0,0.1651901968500831
ni_tfnbs,"e=0.8,h=5.0,n=30,start_thres=1.25",hub,0.25,10,28,40,1730,0,0,40,1730,0.0,0.0,0.0,0.0,0.1651901968500831
ni_tfnbs,"e=0.8,h=6.0,n=30,start_thres=1.25",hub,0.25,10,28,40,1730,0,0,40,1730,0.0,0.0,0.0,0.0,0.1651901968500831
ni_tfnbs,"e=0.8,h=7.0,n=30,start_thres=1.25",hub,0.25,10,28,40,1730,0,0,40,1730,0.0,0.0,0.0,0.0,0.1651901968500831
ni_tfnbs,"e=0.8,h=8.0,n=30,start_thres=1.25",hub,0.25,10,28,40,1730,0,0,40,1730,0.0,0.0,0.0,0.0,0.1651901968500831
ni_tfnbs,"e=0.8,h=9.0,n=30,start_thres=1.25",hub,0.25,10,28,40,1730,0,0,40,1730,0.0,0.0,0.0,0.0,0.1651901968500831
ni_tfnbs,"e=0.8,h=10.0,n=30,start_thres=1.25",hub,0.25,10,28,40,1730,0,0,40,1730,0.0,0.0,0.0,0.0,0.1651901968500831
ni_tfnbs,"e=0.9,h=0.5,n=30,start_thres=1.25",hub,0.25,10,28,40,1730,0,0,40,1730,0.0,0.0,0.0,0.0,0.1651901968500831
ni_tfnbs,"e=0.9,h=1.0,n=30,start_thres=1.25",hub,0.25,10,28,40,1730,0,0,40,1730,0.0,0.0,0.0,0.0,0.1651901968500831
ni_tfnbs,"e=0.9,h=2.0,n=30,start_thres=1.25",hub,0.25,10,28,40,1730,0,0,40,1730,0.0,0.0,0.0,0.0,0.1651901968500831
ni_tfnbs,"e=0.9,h=3.0,n=30,start_thres=1.25",hub,0.25,10,28,40,1730,0,0,40,1730,0.0,0.0,0.0,0.0,0.1651901968500831
ni_tfnbs,"e=0.9,h=4.0,n=30,start_thres=1.25",hub,0.25,10,28,40,1730,0,0,40,1730,0.0,0.0,0.0,0.0,0.1651901968500831
ni_tfnbs,"e=0.9,h=5.0,n=30,start_thres=1.25",hub,0.25,10,28,40,1730,0,0,40,1730,0.0,0.0,0.0,0.0,0.1651901968500831
ni_tfnbs,"e=0.9,h=6.0,n=30,start_thres=1.25",hub,0.25,10,28,40,1730,0,0,40,1730,0.0,0.0,0.0,0.0,0.1651901968500831
ni_tfnbs,"e=0.9,h=7.0,n=30,start_thres=1.25",hub,0.25,10,28,40,1730,0,0,40,1730,0.0,0.0,0.0,0.0,0.1651901968500831
ni_tfnbs,"e=0.9,h=8.0,n=30,start_thres=1.25",hub,0.25,10,28,40,1730,0,0,40,1730,0.0,0.0,0.0,0.0,0.1651901968500831
ni_tfnbs,"e=0.9,h=9.0,n=30,start_thres=1.25",hub,0.25,10,28,40,1730,0,0,40,1730,0.0,0.0,0.0,0.0,0.1651901968500831
ni_tfnbs,"e=0.9,h=10.0,n=30,start_thres=1.25",hub,0.25,10,28,40,1730,0,0,40,1730,0.0,0.0,0.0,0.0,0.1651901968500831
ni_tfnbs,"e=1.0,h=0.5,n=30,start_thres=1.25",hub,0.25,10,28,40,1730,0,0,40,1730,0.0,0.0,0.0,0.0,0.1651901968500831
ni_tfnbs,"e=1.0,h=1.0,n=30,start_thres=1.25",hub,0.25,10,28,40,1730,0,0,40,1730,0.0,0.0,0.0,0.0,0.1651901968500831
ni_tfnbs,"e=1.0,h=2.0,n=30,start_thres=1.25",hub,0.25,10,28,40,1730,0,0,40,1730,0.0,0.0,0.0,0.0,0.1651901968500831
ni_tfnbs,"e=1.0,h=3.0,n=30,start_thres=1.25",hub,0.25,10,28,40,1730,0,0,40,1730,0.0,0.0,0.0,0.0,0.1651901968500831
ni_tfnbs,"e=1.0,h=4.0,n=30,start_thres=1.25",hub,0.25,10,28,40,1730,0,0,40,1730,0.0,0.0,0.0,0.0,0.1651901968500831
ni_tfnbs,"e=1.0,h=5.0,n=30,start_thres=1.25",hub,0.25,10,28,40,1730,0,0,40,1730,0.0,0.0,0.0,0.0,0.1651901968500831
ni_tfnbs,"e=1.0,h=6.0,n=30,start_thres=1.25",hub,0.25,10,28,40,1730,0,0,40,1730,0.0,0.0,0.0,0.0,0.1651901968500831
ni_tfnbs,"e=1.0,h=7.0,n=30,start_thres=1.25",hub,0.25,10,28,40,1730,0,0,40,1730,0.0,0.0,0.0,0.0,0.1651901968500831
ni_tfnbs,"e=1.0,h=8.0,n=30,start_thres=1.25",hub,0.25,10,28,40,1730,0,0,40,1730,0.0,0.0,0.0,0.0,0.1651901968500831
ni_tfnbs,"e=1.0,h=9.0,n=30,start_thres=1.25",hub,0.25,10,28,40,1730,0,0,40,1730,0.0,0.0,0.0,0.0,0.1651901968500831
ni_tfnbs,"e=1.0,h=10.0,n=30,start_thres=1.25",hub,0.25,10,28,40,1730,0,0,40,1730,0.0,0.0,0.0,0.0,0.1651901968500831
ni_tfnbs,"e=1.1,h=0.5,n=30,start_thres=1.25",hub,0.25,10,28,40,1730,0,0,40,1730,0.0,0.0,0.0,0.0,0.1651901968500831
ni_tfnbs,"e=1.1,h=1.0,n=30,start_thres=1.25",hub,0.25,10,28,40,1730,0,0,40,1730,0.0,0.0,0.0,0.0,0.1651901968500831
ni_tfnbs,"e=1.1,h=2.0,n=30,start_thres=1.25",hub,0.25,10,28,40,1730,0,0,40,1730,0.0,0.0,0.0,0.0,0.1651901968500831
ni_tfnbs,"e=1.1,h=3.0,n=30,start_thres=1.25",hub,0.25,10,28,40,1730,0,0,40,1730,0.0,0.0,0.0,0.0,0.1651901968500831
ni_tfnbs,"e=1.1,h=4.0,n=30,start_thres=1.25",hub,0.25,10,28,40,1730,0,0,40,1730,0.0,0.0,0.0,0.0,0.1651901968500831
ni_tfnbs,"e=1.1,h=5.0,n=30,start_thres=1.25",hub,0.25,10,28,40,1730,0,0,40,1730,0.0,0.0,0.0,0.0,0.1651901968500831
ni_tfnbs,"e=1.1,h=6.0,n=30,start_thres=1.25",hub,0.25,10,28,40,1730,0,0,40,1730,0.0,0.0,0.0,0.0,0.1651901968500831
ni_tfnbs,"e=1.1,h=7.0,n=30,start_thres=1.25",hub,0.25,10,28,40,1730,0,0,40,1730,0.0,0.0,0.0,0.0,0.1651901968500831
ni_tfnbs,"e=1.1,h=8.0,n=30,start_thres=1.25",hub,0.25,10,28,40,1730,0,0,40,1730,0.0,0.0,0.0,0.0,0.1651901968500831
ni_tfnbs,"e=1.1,h=9.0,n=30,start_thres=1.25",hub,0.25,10,28,40,1730,0,0,40,1730,0.0,0.0,0.0,0.0,0.1651901968500831
ni_tfnbs,"e=1.1,h=10.0,n=30,start_thres=1.25",hub,0.25,10,28,40,1730,0,0,40,1730,0.0,0.0,0.0,0.0,0.1651901968500831
ni_tfnbs,"e=1.2,h=0.5,n=30,start_thres=1.25",hub,0.25,10,28,40,1730,0,0,40,1730,0.0,0.0,0.0,0.0,0.1651901968500831
ni_tfnbs,"e=1.2,h=1.0,n=30,start_thres=1.25",hub,0.25,10,28,40,1730,0,0,40,1730,0.0,0.0,0.0,0.0,0.1651901968500831
ni_tfnbs,"e=1.2,h=2.0,n=30,start_thres=1.25",hub,0.25,10,28,40,1730,0,0,40,1730,0.0,0.0,0.0,0.0,0.1651901968500831
ni_tfnbs,"e=1.2,h=3.0,n=30,start_thres=1.25",hub,0.25,10,28,40,1730,0,0,40,1730,0.0,0.0,0.0,0.0,0.1651901968500831
ni_tfnbs,"e=1.2,h=4.0,n=30,start_thres=1.25",hub,0.25,10,28,40,1730,0,0,40,1730,0.0,0.0,0.0,0.0,0.1651901968500831
ni_tfnbs,"e=1.2,h=5.0,n=30,start_thres=1.25",hub,0.25,10,28,40,1730,0,0,40,1730,0.0,0.0,0.0,0.0,0.1651901968500831
ni_tfnbs,"e=1.2,h=6.0,n=30,start_thres=1.25",hub,0.25,10,28,40,1730,0,0,40,1730,0.0,0.0,0.0,0.0,0.1651901968500831
ni_tfnbs,"e=1.2,h=7.0,n=30,start_thres=1.25",hub,0.25,10,28,40,1730,0,0,40,1730,0.0,0.0,0.0,0.0,0.1651901968500831
ni_tfnbs,"e=1.2,h=8.0,n=30,start_thres=1.25",hub,0.25,10,28,40,1730,0,0,40,1730,0.0,0.0,0.0,0.0,0.1651901968500831
ni_tfnbs,"e=1.2,h=9.0,n=30,start_thres=1.25",hub,0.25,10,28,40,1730,0,0,40,1730,0.0,0.0,0.0,0.0,0.1651901968500831
ni_tfnbs,"e=1.2,h=10.0,n=30,start_thres=1.25",hub,0.25,10,28,40,1730,0,0,40,1730,0.0,0.0,0.0,0.0,0.1651901968500831
ni_tfnbs,"e=1.3,h=0.5,n=30,start_thres=1.25",hub,0.25,10,28,40,1730,0,0,40,1730,0.0,0.0,0.0,0.0,0.1651901968500831
ni_tfnbs,"e=1.3,h=1.0,n=30,start_thres=1.25",hub,0.25,10,28,40,1730,0,0,40,1730,0.0,0.0,0.0,0.0,0.1651901968500831
ni_tfnbs,"e=1.3,h=2.0,n=30,start_thres=1.25",hub,0.25,10,28,40,1730,0,0,40,1730,0.0,0.0,0.0,0.0,0.1651901968500831
ni_tfnbs,"e=1.3,h=3.0,n=30,start_thres=1.25",hub,0.25,10,28,40,1730,0,0,40,1730,0.0,0.0,0.0,0.0,0.1651901968500831
ni_tfnbs,"e=1.3,h=4.0,n=30,start_thres=1.25",hub,0.25,10,28,40,1730,0,0,40,1730,0.0,0.0,0.0,0.0,0.1651901968500831
ni_tfnbs,"e=1.3,h=5.0,n=30,start_thres=1.25",hub,0.25,10,28,40,1730,0,0,40,1730,0.0,0.0,0.0,0.0,0.1651901968500831
ni_tfnbs,"e=1.3,h=6.0,n=30,start_thres=1.25",hub,0.25,10,28,40,1730,0,0,40,1730,0.0,0.0,0.0,0.0,0.1651901968500831
ni_tfnbs,"e=1.3,h=7.0,n=30,start_thres=1.25",hub,0.25,10,28,40,1730,0,0,40,1730,0.0,0.0,0.0,0.0,0.1651901968500831
ni_tfnbs,"e=1.3,h=8.0,n=30,start_thres=1.25",hub,0.25,10,28,40,1730,0,0,40,1730,0.0,0.0,0.0,0.0,0.1651901968500831
ni_tfnbs,"e=1.3,h=9.0,n=30,start_thres=1.25",hub,0.25,10,28,40,1730,0,0,40,1730,0.0,0.0,0.0,0.0,0.1651901968500831
ni_tfnbs,"e=1.3,h=10.0,n=30,start_thres=1.25",hub,0.25,10,28,40,1730,0,0,40,1730,0.0,0.0,0.0,0.0,0.1651901968500831
ni_tfnbs,"e=1.4,h=0.5,n=30,start_thres=1.25",hub,0.25,10,28,40,1730,0,0,40,1730,0.0,0.0,0.0,0.0,0.1651901968500831
ni_tfnbs,"e=1.4,h=1.0,n=30,start_thres=1.25",hub,0.25,10,28,40,1730,0,0,40,1730,0.0,0.0,0.0,0.0,0.1651901968500831
ni_tfnbs,"e=1.4,h=2.0,n=30,start_thres=1.25",hub,0.25,10,28,40,1730,0,0,40,1730,0.0,0.0,0.0,0.0,0.1651901968500831
ni_tfnbs,"e=1.4,h=3.0,n=30,start_thres=1.25",hub,0.25,10,28,40,1730,0,0,40,1730,0.0,0.0,0.0,0.0,0.1651901968500831
ni_tfnbs,"e=1.4,h=4.0,n=30,start_thres=1.25",hub,0.25,10,28,40,1730,0,0,40,1730,0.0,0.0,0.0,0.0,0.1651901968500831
ni_tfnbs,"e=1.4,h=5.0,n=30,start_thres=1.25",hub,0.25,10,28,40,1730,0,0,40,1730,0.0,0.0,0.0,0.0,0.1651901968500831
ni_tfnbs,"e=1.4,h=6.0,n=30,start_thres=1.25",hub,0.25,10,28,40,1730,0,0,40,1730,0.0,0.0,0.0,0.0,0.1651901968500831
ni_tfnbs,"e=1.4,h=7.0,n=30,start_thres=1.25",hub,0.25,10,28,40,1730,0,0,40,1730,0.0,0.0,0.0,0.0,0.1651901968500831
ni_tfnbs,"e=1.4,h=8.0,n=30,start_thres=1.25",hub,0.25,10,28,40,1730,0,0,40,1730,0.0,0.0,0.0,0.0,0.1651901968500831
ni_tfnbs,"e=1.4,h=9.0,n=30,start_thres=1.25",hub,0.25,10,28,40,1730,0,0,40,1730,0.0,0.0,0.0,0.0,0.1651901968500831
ni_tfnbs,"e=1.4,h=10.0,n=30,start_thres=1.25",hub,0.25,10,28,40,1730,0,0,40,1730,0.0,0.0,0.0,0.0,0.1651901968500831
ni_tfnbs,"e=1.5,h=0.5,n=30,start_thres=1.25",hub,0.25,10,28,40,1730,0,0,40,1730,0.0,0.0,0.0,0.0,0.1651901968500831
ni_tfnbs,"e=1.5,h=1.0,n=30,start_thres=1.25",hub,0.25,10,28,40,1730,0,0,40,1730,0.0,0.0,0.0,0.0,0.1651901968500831
ni_tfnbs,"e=1.5,h=2.0,n=30,start_thres=1.25",hub,0.25,10,28,40,1730,0,0,40,1730,0.0,0.0,0.0,0.0,0.1651901968500831
ni_tfnbs,"e=1.5,h=3.0,n=30,start_thres=1.25",hub,0.25,10,28,40,1730,0,0,40,1730,0.0,0.0,0.0,0.0,0.1651901968500831
ni_tfnbs,"e=1.5,h=4.0,n=30,start_thres=1.25",hub,0.25,10,28,40,1730,0,0,40,1730,0.0,0.0,0.0,0.0,0.1651901968500831
ni_tfnbs,"e=1.5,h=5.0,n=30,start_thres=1.25",hub,0.25,10,28,40,1730,0,0,40,1730,0.0,0.0,0.0,0.0,0.1651901968500831
ni_tfnbs,"e=1.5,h=6.0,n=30,start_thres=1.25",hub,0.25,10,28,40,1730,0,0,40,1730,0.0,0.0,0.0,0.0,0.1651901968500831
ni_tfnbs,"e=1.5,h=7.0,n=30,start_thres=1.25",hub,0.25,10,28,40,1730,0,0,40,1730,0.0,0.0,0.0,0.0,0.1651901968500831
ni_tfnbs,"e=1.5,h=8.0,n=30,start_thres=1.25",hub,0.25,10,28,40,1730,0,0,40,1730,0.0,0.0,0.0,0.0,0.1651901968500831
ni_tfnbs,"e=1.5,h=9.0,n=30,start_thres=1.25",hub,0.25,10,28,40,1730,0,0,40,1730,0.0,0.0,0.0,0.0,0.1651901968500831
ni_tfnbs,"e=1.5,h=10.0,n=30,start_thres=1.25",hub,0.25,10,28,40,1730,0,0,40,1730,0.0,0.0,0.0,0.0,0.1651901968500831
ni_tfnbs,"e=0.05,h=0.5,n=30,start_thres=1.25",hub,0.25,10,29,40,1730,0,2,40,1728,0.0,0.0011560693641618,0.0,1.0,0.1632709841836582
ni_tfnbs,"e=0.05,h=1.0,n=30,start_thres=1.25",hub,0.25,10,29,40,1730,0,2,40,1728,0.0,0.0011560693641618,0.0,1.0,0.1632709841836582
ni_tfnbs,"e=0.05,h=2.0,n=30,start_thres=1.25",hub,0.25,10,29,40,1730,0,2,40,1728,0.0,0.0011560693641618,0.0,1.0,0.1632709841836582
ni_tfnbs,"e=0.05,h=3.0,n=30,start_thres=1.25",hub,0.25,10,29,40,1730,0,2,40,1728,0.0,0.0011560693641618,0.0,1.0,0.1632709841836582
ni_tfnbs,"e=0.05,h=4.0,n=30,start_thres=1.25",hub,0.25,10,29,40,1730,0,2,40,1728,0.0,0.0011560693641618,0.0,1.0,0.1632709841836582
ni_tfnbs,"e=0.05,h=5.0,n=30,start_thres=1.25",hub,0.25,10,29,40,1730,0,2,40,1728,0.0,0.0011560693641618,0.0,1.0,0.1632709841836582
ni_tfnbs,"e=0.05,h=6.0,n=30,start_thres=1.25",hub,0.25,10,29,40,1730,0,2,40,1728,0.0,0.0011560693641618,0.0,1.0,0.1632709841836582
ni_tfnbs,"e=0.05,h=7.0,n=30,start_thres=1.25",hub,0.25,10,29,40,1730,0,2,40,1728,0.0,0.0011560693641618,0.0,1.0,0.1632709841836582
ni_tfnbs,"e=0.05,h=8.0,n=30,start_thres=1.25",hub,0.25,10,29,40,1730,0,2,40,1728,0.0,0.0011560693641618,0.0,1.0,0.1632709841836582
ni_tfnbs,"e=0.05,h=9.0,n=30,start_thres=1.25",hub,0.25,10,29,40,1730,0,2,40,1728,0.0,0.0011560693641618,0.0,1.0,0.1632709841836582
ni_tfnbs,"e=0.05,h=10.0,n=30,start_thres=1.25",hub,0.25,10,29,40,1730,0,2,40,1728,0.0,0.0011560693641618,0.0,1.0,0.1632709841836582
ni_tfnbs,"e=0.1,h=0.5,n=30,start_thres=1.25",hub,0.25,10,29,40,1730,0,2,40,1728,0.0,0.0011560693641618,0.0,1.0,0.1632709841836582
ni_tfnbs,"e=0.1,h=1.0,n=30,start_thres=1.25",hub,0.25,10,29,40,1730,0,2,40,1728,0.0,0.0011560693641618,0.0,1.0,0.1632709841836582
ni_tfnbs,"e=0.1,h=2.0,n=30,start_thres=1.25",hub,0.25,10,29,40,1730,0,2,40,1728,0.0,0.0011560693641618,0.0,1.0,0.1632709841836582
ni_tfnbs,"e=0.1,h=3.0,n=30,start_thres=1.25",hub,0.25,10,29,40,1730,0,2,40,1728,0.0,0.0011560693641618,0.0,1.0,0.1632709841836582
ni_tfnbs,"e=0.1,h=4.0,n=30,start_thres=1.25",hub,0.25,10,29,40,1730,0,2,40,1728,0.0,0.0011560693641618,0.0,1.0,0.1632709841836582
ni_tfnbs,"e=0.1,h=5.0,n=30,start_thres=1.25",hub,0.25,10,29,40,1730,0,2,40,1728,0.0,0.0011560693641618,0.0,1.0,0.1632709841836582
ni_tfnbs,"e=0.1,h=6.0,n=30,start_thres=1.25",hub,0.25,10,29,40,1730,0,2,40,1728,0.0,0.0011560693641618,0.0,1.0,0.1632709841836582
ni_tfnbs,"e=0.1,h=7.0,n=30,start_thres=1.25",hub,0.25,10,29,40,1730,0,2,40,1728,0.0,0.0011560693641618,0.0,1.0,0.1632709841836582
ni_tfnbs,"e=0.1,h=8.0,n=30,start_thres=1.25",hub,0.25,10,29,40,1730,0,2,40,1728,0.0,0.0011560693641618,0.0,1.0,0.1632709841836582
ni_tfnbs,"e=0.1,h=9.0,n=30,start_thres=1.25",hub,0.25,10,29,40,1730,0,2,40,1728,0.0,0.0011560693641618,0.0,1.0,0.1632709841836582
ni_tfnbs,"e=0.1,h=10.0,n=30,start_thres=1.25",hub,0.25,10,29,40,1730,0,2,40,1728,0.0,0.0011560693641618,0.0,1.0,0.1632709841836582
ni_tfnbs,"e=0.2,h=0.5,n=30,start_thres=1.25",hub,0.25,10,29,40,1730,0,2,40,1728,0.0,0.0011560693641618,0.0,1.0,0.1632709841836582
ni_tfnbs,"e=0.2,h=1.0,n=30,start_thres=1.25",hub,0.25,10,29,40,1730,0,2,40,1728,0.0,0.0011560693641618,0.0,1.0,0.1632709841836582
ni_tfnbs,"e=0.2,h=2.0,n=30,start_thres=1.25",hub,0.25,10,29,40,1730,0,2,40,1728,0.0,0.0011560693641618,0.0,1.0,0.1632709841836582
ni_tfnbs,"e=0.2,h=3.0,n=30,start_thres=1.25",hub,0.25,10,29,40,1730,0,2,40,1728,0.0,0.0011560693641618,0.0,1.0,0.1632709841836582
ni_tfnbs,"e=0.2,h=4.0,n=30,start_thres=1.25",hub,0.25,10,29,40,1730,0,2,40,1728,0.0,0.0011560693641618,0.0,1.0,0.1632709841836582
ni_tfnbs,"e=0.2,h=5.0,n=30,start_thres=1.25",hub,0.25,10,29,40,1730,0,2,40,1728,0.0,0.0011560693641618,0.0,1.0,0.1632709841836582
ni_tfnbs,"e=0.2,h=6.0,n=30,start_thres=1.25",hub,0.25,10,29,40,1730,0,2,40,1728,0.0,0.0011560693641618,0.0,1.0,0.1632709841836582
ni_tfnbs,"e=0.2,h=7.0,n=30,start_thres=1.25",hub,0.25,10,29,40,1730,0,2,40,1728,0.0,0.0011560693641618,0.0,1.0,0.1632709841836582
ni_tfnbs,"e=0.2,h=8.0,n=30,start_thres=1.25",hub,0.25,10,29,40,1730,0,2,40,1728,0.0,0.0011560693641618,0.0,1.0,0.1632709841836582
ni_tfnbs,"e=0.2,h=9.0,n=30,start_thres=1.25",hub,0.25,10,29,40,1730,0,2,40,1728,0.0,0.0011560693641618,0.0,1.0,0.1632709841836582
ni_tfnbs,"e=0.2,h=10.0,n=30,start_thres=1.25",hub,0.25,10,29,40,1730,0,2,40,1728,0.0,0.0011560693641618,0.0,1.0,0.1632709841836582
ni_tfnbs,"e=0.3,h=0.5,n=30,start_thres=1.25",hub,0.25,10,29,40,1730,0,2,40,1728,0.0,0.0011560693641618,0.0,1.0,0.1632709841836582
ni_tfnbs,"e=0.3,h=1.0,n=30,start_thres=1.25",hub,0.25,10,29,40,1730,0,2,40,1728,0.0,0.0011560693641618,0.0,1.0,0.1632709841836582
ni_tfnbs,"e=0.3,h=2.0,n=30,start_thres=1.25",hub,0.25,10,29,40,1730,0,2,40,1728,0.0,0.0011560693641618,0.0,1.0,0.1632709841836582
ni_tfnbs,"e=0.3,h=3.0,n=30,start_thres=1.25",hub,0.25,10,29,40,1730,0,2,40,1728,0.0,0.0011560693641618,0.0,1.0,0.1632709841836582
ni_tfnbs,"e=0.3,h=4.0,n=30,start_thres=1.25",hub,0.25,10,29,40,1730,0,2,40,1728,0.0,0.0011560693641618,0.0,1.0,0.1632709841836582
ni_tfnbs,"e=0.3,h=5.0,n=30,start_thres=1.25",hub,0.25,10,29,40,1730,0,2,40,1728,0.0,0.0011560693641618,0.0,1.0,0.1632709841836582
ni_tfnbs,"e=0.3,h=6.0,n=30,start_thres=1.25",hub,0.25,10,29,40,1730,0,2,40,1728,0.0,0.0011560693641618,0.0,1.0,0.1632709841836582
ni_tfnbs,"e=0.3,h=7.0,n=30,start_thres=1.25",hub,0.25,10,29,40,1730,0,2,40,1728,0.0,0.0011560693641618,0.0,1.0,0.1632709841836582
ni_tfnbs,"e=0.3,h=8.0,n=30,start_thres=1.25",hub,0.25,10,29,40,1730,0,2,40,1728,0.0,0.0011560693641618,0.0,1.0,0.1632709841836582
ni_tfnbs,"e=0.3,h=9.0,n=30,start_thres=1.25",hub,0.25,10,29,40,1730,0,2,40,1728,0.0,0.0011560693641618,0.0,1.0,0.1632709841836582
ni_tfnbs,"e=0.3,h=10.0,n=30,start_thres=1.25",hub,0.25,10,29,40,1730,0,2,40,1728,0.0,0.0011560693641618,0.0,1.0,0.1632709841836582
ni_tfnbs,"e=0.4,h=0.5,n=30,start_thres=1.25",hub,0.25,10,29,40,1730,0,2,40,1728,0.0,0.0011560693641618,0.0,1.0,0.1632709841836582
ni_tfnbs,"e=0.4,h=1.0,n=30,start_thres=1.25",hub,0.25,10,29,40,1730,0,2,40,1728,0.0,0.0011560693641618,0.0,1.0,0.1632709841836582
ni_tfnbs,"e=0.4,h=2.0,n=30,start_thres=1.25",hub,0.25,10,29,40,1730,0,2,40,1728,0.0,0.0011560693641618,0.0,1.0,0.1632709841836582
ni_tfnbs,"e=0.4,h=3.0,n=30,start_thres=1.25",hub,0.25,10,29,40,1730,0,2,40,1728,0.0,0.0011560693641618,0.0,1.0,0.1632709841836582
ni_tfnbs,"e=0.4,h=4.0,n=30,start_thres=1.25",hub,0.25,10,29,40,1730,0,2,40,1728,0.0,0.0011560693641618,0.0,1.0,0.1632709841836582
ni_tfnbs,"e=0.4,h=5.0,n=30,start_thres=1.25",hub,0.25,10,29,40,1730,0,2,40,1728,0.0,0.0011560693641618,0.0,1.0,0.1632709841836582
ni_tfnbs,"e=0.4,h=6.0,n=30,start_thres=1.25",hub,0.25,10,29,40,1730,0,2,40,1728,0.0,0.0011560693641618,0.0,1.0,0.1632709841836582
ni_tfnbs,"e=0.4,h=7.0,n=30,start_thres=1.25",hub,0.25,10,29,40,1730,0,2,40,1728,0.0,0.0011560693641618,0.0,1.0,0.1632709841836582
ni_tfnbs,"e=0.4,h=8.0,n=30,start_thres=1.25",hub,0.25,10,29,40,1730,0,2,40,1728,0.0,0.0011560693641618,0.0,1.0,0.1632709841836582
ni_tfnbs,"e=0.4,h=9.0,n=30,start_thres=1.25",hub,0.25,10,29,40,1730,0,2,40,1728,0.0,0.0011560693641618,0.0,1.0,0.1632709841836582
ni_tfnbs,"e=0.4,h=10.0,n=30,start_thres=1.25",hub,0.25,10,29,40,1730,0,2,40,1728,0.0,0.0011560693641618,0.0,1.0,0.1632709841836582
ni_tfnbs,"e=0.5,h=0.5,n=30,start_thres=1.25",hub,0.25,10,29,40,1730,0,2,40,1728,0.0,0.0011560693641618,0.0,1.0,0.1632709841836582
ni_tfnbs,"e=0.5,h=1.0,n=30,start_thres=1.25",hub,0.25,10,29,40,1730,0,2,40,1728,0.0,0.0011560693641618,0.0,1.0,0.1632709841836582
ni_tfnbs,"e=0.5,h=2.0,n=30,start_thres=1.25",hub,0.25,10,29,40,1730,0,2,40,1728,0.0,0.0011560693641618,0.0,1.0,0.1632709841836582
ni_tfnbs,"e=0.5,h=3.0,n=30,start_thres=1.25",hub,0.25,10,29,40,1730,0,2,40,1728,0.0,0.0011560693641618,0.0,1.0,0.1632709841836582
ni_tfnbs,"e=0.5,h=4.0,n=30,start_thres=1.25",hub,0.25,10,29,40,1730,0,2,40,1728,0.0,0.0011560693641618,0.0,1.0,0.1632709841836582
ni_tfnbs,"e=0.5,h=5.0,n=30,start_thres=1.25",hub,0.25,10,29,40,1730,0,2,40,1728,0.0,0.0011560693641618,0.0,1.0,0.1632709841836582
ni_tfnbs,"e=0.5,h=6.0,n=30,start_thres=1.25",hub,0.25,10,29,40,1730,0,2,40,1728,0.0,0.0011560693641618,0.0,1.0,0.1632709841836582
ni_tfnbs,"e=0.5,h=7.0,n=30,start_thres=1.25",hub,0.25,10,29,40,1730,0,2,40,1728,0.0,0.0011560693641618,0.0,1.0,0.1632709841836582
ni_tfnbs,"e=0.5,h=8.0,n=30,start_thres=1.25",hub,0.25,10,29,40,1730,0,2,40,1728,0.0,0.0011560693641618,0.0,1.0,0.1632709841836582
ni_tfnbs,"e=0.5,h=9.0,n=30,start_thres=1.25",hub,0.25,10,29,40,1730,0,2,40,1728,0.0,0.0011560693641618,0.0,1.0,0.1632709841836582
ni_tfnbs,"e=0.5,h=10.0,n=30,start_thres=1.25",hub,0.25,10,29,40,1730,0,2,40,1728,0.0,0.0011560693641618,0.0,1.0,0.1632709841836582
ni_tfnbs,"e=0.6,h=0.5,n=30,start_thres=1.25",hub,0.25,10,29,40,1730,0,2,40,1728,0.0,0.0011560693641618,0.0,1.0,0.1632709841836582
ni_tfnbs,"e=0.6,h=1.0,n=30,start_thres=1.25",hub,0.25,10,29,40,1730,0,2,40,1728,0.0,0.0011560693641618,0.0,1.0,0.1632709841836582
ni_tfnbs,"e=0.6,h=2.0,n=30,start_thres=1.25",hub,0.25,10,29,40,1730,0,2,40,1728,0.0,0.0011560693641618,0.0,1.0,0.1632709841836582
ni_tfnbs,"e=0.6,h=3.0,n=30,start_thres=1.25",hub,0.25,10,29,40,1730,0,2,40,1728,0.0,0.0011560693641618,0.0,1.0,0.1632709841836582
ni_tfnbs,"e=0.6,h=4.0,n=30,start_thres=1.25",hub,0.25,10,29,40,1730,0,2,40,1728,0.0,0.0011560693641618,0.0,1.0,0.1632709841836582
ni_tfnbs,"e=0.6,h=5.0,n=30,start_thres=1.25",hub,0.25,10,29,40,1730,0,2,40,1728,0.0,0.0011560693641618,0.0,1.0,0.1632709841836582
ni_tfnbs,"e=0.6,h=6.0,n=30,start_thres=1.25",hub,0.25,10,29,40,1730,0,2,40,1728,0.0,0.0011560693641618,0.0,1.0,0.1632709841836582
ni_tfnbs,"e=0.6,h=7.0,n=30,start_thres=1.25",hub,0.25,10,29,40,1730,0,2,40,1728,0.0,0.0011560693641618,0.0,1.0,0.1632709841836582
ni_tfnbs,"e=0.6,h=8.0,n=30,start_thres=1.25",hub,0.25,10,29,40,1730,0,2,40,1728,0.0,0.0011560693641618,0.0,1.0,0.1632709841836582
ni_tfnbs,"e=0.6,h=9.0,n=30,start_thres=1.25",hub,0.25,10,29,40,1730,0,2,40,1728,0.0,0.0011560693641618,0.0,1.0,0.1632709841836582
ni_tfnbs,"e=0.6,h=10.0,n=30,start_thres=1.25",hub,0.25,10,29,40,1730,0,2,40,1728,0.0,0.0011560693641618,0.0,1.0,0.1632709841836582
ni_tfnbs,"e=0.7,h=0.5,n=30,start_thres=1.25",hub,0.25,10,29,40,1730,0,0,40,1730,0.0,0.0,0.0,0.0,0.1632709841836582
ni_tfnbs,"e=0.7,h=1.0,n=30,start_thres=1.25",hub,0.25,10,29,40,1730,0,2,40,1728,0.0,0.0011560693641618,0.0,1.0,0.1632709841836582
ni_tfnbs,"e=0.7,h=2.0,n=30,start_thres=1.25",hub,0.25,10,29,40,1730,0,2,40,1728,0.0,0.0011560693641618,0.0,1.0,0.1632709841836582
ni_tfnbs,"e=0.7,h=3.0,n=30,start_thres=1.25",hub,0.25,10,29,40,1730,0,2,40,1728,0.0,0.0011560693641618,0.0,1.0,0.1632709841836582
ni_tfnbs,"e=0.7,h=4.0,n=30,start_thres=1.25",hub,0.25,10,29,40,1730,0,2,40,1728,0.0,0.0011560693641618,0.0,1.0,0.1632709841836582
ni_tfnbs,"e=0.7,h=5.0,n=30,start_thres=1.25",hub,0.25,10,29,40,1730,0,2,40,1728,0.0,0.0011560693641618,0.0,1.0,0.1632709841836582
ni_tfnbs,"e=0.7,h=6.0,n=30,start_thres=1.25",hub,0.25,10,29,40,1730,0,2,40,1728,0.0,0.0011560693641618,0.0,1.0,0.1632709841836582
ni_tfnbs,"e=0.7,h=7.0,n=30,start_thres=1.25",hub,0.25,10,29,40,1730,0,2,40,1728,0.0,0.0011560693641618,0.0,1.0,0.1632709841836582
ni_tfnbs,"e=0.7,h=8.0,n=30,start_thres=1.25",hub,0.25,10,29,40,1730,0,2,40,1728,0.0,0.0011560693641618,0.0,1.0,0.1632709841836582
ni_tfnbs,"e=0.7,h=9.0,n=30,start_thres=1.25",hub,0.25,10,29,40,1730,0,2,40,1728,0.0,0.0011560693641618,0.0,1.0,0.1632709841836582
ni_tfnbs,"e=0.7,h=10.0,n=30,start_thres=1.25",hub,0.25,10,29,40,1730,0,2,40,1728,0.0,0.0011560693641618,0.0,1.0,0.1632709841836582
ni_tfnbs,"e=0.8,h=0.5,n=30,start_thres=1.25",hub,0.25,10,29,40,1730,0,0,40,1730,0.0,0.0,0.0,0.0,0.1632709841836582
ni_tfnbs,"e=0.8,h=1.0,n=30,start_thres=1.25",hub,0.25,10,29,40,1730,0,0,40,1730,0.0,0.0,0.0,0.0,0.1632709841836582
ni_tfnbs,"e=0.8,h=2.0,n=30,start_thres=1.25",hub,0.25,10,29,40,1730,0,2,40,1728,0.0,0.0011560693641618,0.0,1.0,0.1632709841836582
ni_tfnbs,"e=0.8,h=3.0,n=30,start_thres=1.25",hub,0.25,10,29,40,1730,0,2,40,1728,0.0,0.0011560693641618,0.0,1.0,0.1632709841836582
ni_tfnbs,"e=0.8,h=4.0,n=30,start_thres=1.25",hub,0.25,10,29,40,1730,0,2,40,1728,0.0,0.0011560693641618,0.0,1.0,0.1632709841836582
ni_tfnbs,"e=0.8,h=5.0,n=30,start_thres=1.25",hub,0.25,10,29,40,1730,0,2,40,1728,0.0,0.0011560693641618,0.0,1.0,0.1632709841836582
ni_tfnbs,"e=0.8,h=6.0,n=30,start_thres=1.25",hub,0.25,10,29,40,1730,0,2,40,1728,0.0,0.0011560693641618,0.0,1.0,0.1632709841836582
ni_tfnbs,"e=0.8,h=7.0,n=30,start_thres=1.25",hub,0.25,10,29,40,1730,0,2,40,1728,0.0,0.0011560693641618,0.0,1.0,0.1632709841836582
ni_tfnbs,"e=0.8,h=8.0,n=30,start_thres=1.25",hub,0.25,10,29,40,1730,0,2,40,1728,0.0,0.0011560693641618,0.0,1.0,0.1632709841836582
ni_tfnbs,"e=0.8,h=9.0,n=30,start_thres=1.25",hub,0.25,10,29,40,1730,0,2,40,1728,0.0,0.0011560693641618,0.0,1.0,0.1632709841836582
ni_tfnbs,"e=0.8,h=10.0,n=30,start_thres=1.25",hub,0.25,10,29,40,1730,0,2,40,1728,0.0,0.0011560693641618,0.0,1.0,0.1632709841836582
ni_tfnbs,"e=0.9,h=0.5,n=30,start_thres=1.25",hub,0.25,10,29,40,1730,0,0,40,1730,0.0,0.0,0.0,0.0,0.1632709841836582
ni_tfnbs,"e=0.9,h=1.0,n=30,start_thres=1.25",hub,0.25,10,29,40,1730,0,0,40,1730,0.0,0.0,0.0,0.0,0.1632709841836582
ni_tfnbs,"e=0.9,h=2.0,n=30,start_thres=1.25",hub,0.25,10,29,40,1730,0,2,40,1728,0.0,0.0011560693641618,0.0,1.0,0.1632709841836582
ni_tfnbs,"e=0.9,h=3.0,n=30,start_thres=1.25",hub,0.25,10,29,40,1730,0,2,40,1728,0.0,0.0011560693641618,0.0,1.0,0.1632709841836582
ni_tfnbs,"e=0.9,h=4.0,n=30,start_thres=1.25",hub,0.25,10,29,40,1730,0,2,40,1728,0.0,0.0011560693641618,0.0,1.0,0.1632709841836582
ni_tfnbs,"e=0.9,h=5.0,n=30,start_thres=1.25",hub,0.25,10,29,40,1730,0,2,40,1728,0.0,0.0011560693641618,0.0,1.0,0.1632709841836582
ni_tfnbs,"e=0.9,h=6.0,n=30,start_thres=1.25",hub,0.25,10,29,40,1730,0,2,40,1728,0.0,0.0011560693641618,0.0,1.0,0.1632709841836582
ni_tfnbs,"e=0.9,h=7.0,n=30,start_thres=1.25",hub,0.25,10,29,40,1730,0,2,40,1728,0.0,0.0011560693641618,0.0,1.0,0.1632709841836582
ni_tfnbs,"e=0.9,h=8.0,n=30,start_thres=1.25",hub,0.25,10,29,40,1730,0,2,40,1728,0.0,0.0011560693641618,0.0,1.0,0.1632709841836582
ni_tfnbs,"e=0.9,h=9.0,n=30,start_thres=1.25",hub,0.25,10,29,40,1730,0,2,40,1728,0.0,0.0011560693641618,0.0,1.0,0.1632709841836582
ni_tfnbs,"e=0.9,h=10.0,n=30,start_thres=1.25",hub,0.25,10,29,40,1730,0,2,40,1728,0.0,0.0011560693641618,0.0,1.0,0.1632709841836582
ni_tfnbs,"e=1.0,h=0.5,n=30,start_thres=1.25",hub,0.25,10,29,40,1730,0,0,40,1730,0.0,0.0,0.0,0.0,0.1632709841836582
ni_tfnbs,"e=1.0,h=1.0,n=30,start_thres=1.25",hub,0.25,10,29,40,1730,0,0,40,1730,0.0,0.0,0.0,0.0,0.1632709841836582
ni_tfnbs,"e=1.0,h=2.0,n=30,start_thres=1.25",hub,0.25,10,29,40,1730,0,1,40,1729,0.0,0.0005780346820809,0.0,1.0,0.1632709841836582
ni_tfnbs,"e=1.0,h=3.0,n=30,start_thres=1.25",hub,0.25,10,29,40,1730,0,2,40,1728,0.0,0.0011560693641618,0.0,1.0,0.1632709841836582
ni_tfnbs,"e=1.0,h=4.0,n=30,start_thres=1.25",hub,0.25,10,29,40,1730,0,2,40,1728,0.0,0.0011560693641618,0.0,1.0,0.1632709841836582
ni_tfnbs,"e=1.0,h=5.0,n=30,start_thres=1.25",hub,0.25,10,29,40,1730,0,2,40,1728,0.0,0.0011560693641618,0.0,1.0,0.1632709841836582
ni_tfnbs,"e=1.0,h=6.0,n=30,start_thres=1.25",hub,0.25,10,29,40,1730,0,2,40,1728,0.0,0.0011560693641618,0.0,1.0,0.1632709841836582
ni_tfnbs,"e=1.0,h=7.0,n=30,start_thres=1.25",hub,0.25,10,29,40,1730,0,2,40,1728,0.0,0.0011560693641618,0.0,1.0,0.1632709841836582
ni_tfnbs,"e=1.0,h=8.0,n=30,start_thres=1.25",hub,0.25,10,29,40,1730,0,2,40,1728,0.0,0.0011560693641618,0.0,1.0,0.1632709841836582
ni_tfnbs,"e=1.0,h=9.0,n=30,start_thres=1.25",hub,0.25,10,29,40,1730,0,2,40,1728,0.0,0.0011560693641618,0.0,1.0,0.1632709841836582
ni_tfnbs,"e=1.0,h=10.0,n=30,start_thres=1.25",hub,0.25,10,29,40,1730,0,2,40,1728,0.0,0.0011560693641618,0.0,1.0,0.1632709841836582
ni_tfnbs,"e=1.1,h=0.5,n=30,start_thres=1.25",hub,0.25,10,29,40,1730,0,0,40,1730,0.0,0.0,0.0,0.0,0.1632709841836582
ni_tfnbs,"e=1.1,h=1.0,n=30,start_thres=1.25",hub,0.25,10,29,40,1730,0,0,40,1730,0.0,0.0,0.0,0.0,0.1632709841836582
ni_tfnbs,"e=1.1,h=2.0,n=30,start_thres=1.25",hub,0.25,10,29,40,1730,0,0,40,1730,0.0,0.0,0.0,0.0,0.1632709841836582
ni_tfnbs,"e=1.1,h=3.0,n=30,start_thres=1.25",hub,0.25,10,29,40,1730,0,2,40,1728,0.0,0.0011560693641618,0.0,1.0,0.1632709841836582
ni_tfnbs,"e=1.1,h=4.0,n=30,start_thres=1.25",hub,0.25,10,29,40,1730,0,2,40,1728,0.0,0.0011560693641618,0.0,1.0,0.1632709841836582
ni_tfnbs,"e=1.1,h=5.0,n=30,start_thres=1.25",hub,0.25,10,29,40,1730,0,2,40,1728,0.0,0.0011560693641618,0.0,1.0,0.1632709841836582
ni_tfnbs,"e=1.1,h=6.0,n=30,start_thres=1.25",hub,0.25,10,29,40,1730,0,2,40,1728,0.0,0.0011560693641618,0.0,1.0,0.1632709841836582
ni_tfnbs,"e=1.1,h=7.0,n=30,start_thres=1.25",hub,0.25,10,29,40,1730,0,2,40,1728,0.0,0.0011560693641618,0.0,1.0,0.1632709841836582
ni_tfnbs,"e=1.1,h=8.0,n=30,start_thres=1.25",hub,0.25,10,29,40,1730,0,2,40,1728,0.0,0.0011560693641618,0.0,1.0,0.1632709841836582
ni_tfnbs,"e=1.1,h=9.0,n=30,start_thres=1.25",hub,0.25,10,29,40,1730,0,2,40,1728,0.0,0.0011560693641618,0.0,1.0,0.1632709841836582
ni_tfnbs,"e=1.1,h=10.0,n=30,start_thres=1.25",hub,0.25,10,29,40,1730,0,2,40,1728,0.0,0.0011560693641618,0.0,1.0,0.1632709841836582
ni_tfnbs,"e=1.2,h=0.5,n=30,start_thres=1.25",hub,0.25,10,29,40,1730,0,0,40,1730,0.0,0.0,0.0,0.0,0.1632709841836582
ni_tfnbs,"e=1.2,h=1.0,n=30,start_thres=1.25",hub,0.25,10,29,40,1730,0,0,40,1730,0.0,0.0,0.0,0.0,0.1632709841836582
ni_tfnbs,"e=1.2,h=2.0,n=30,start_thres=1.25",hub,0.25,10,29,40,1730,0,0,40,1730,0.0,0.0,0.0,0.0,0.1632709841836582
ni_tfnbs,"e=1.2,h=3.0,n=30,start_thres=1.25",hub,0.25,10,29,40,1730,0,1,40,1729,0.0,0.0005780346820809,0.0,1.0,0.1632709841836582
ni_tfnbs,"e=1.2,h=4.0,n=30,start_thres=1.25",hub,0.25,10,29,40,1730,0,2,40,1728,0.0,0.0011560693641618,0.0,1.0,0.1632709841836582
ni_tfnbs,"e=1.2,h=5.0,n=30,start_thres=1.25",hub,0.25,10,29,40,1730,0,2,40,1728,0.0,0.0011560693641618,0.0,1.0,0.1632709841836582
ni_tfnbs,"e=1.2,h=6.0,n=30,start_thres=1.25",hub,0.25,10,29,40,1730,0,2,40,1728,0.0,0.0011560693641618,0.0,1.0,0.1632709841836582
ni_tfnbs,"e=1.2,h=7.0,n=30,start_thres=1.25",hub,0.25,10,29,40,1730,0,2,40,1728,0.0,0.0011560693641618,0.0,1.0,0.1632709841836582
ni_tfnbs,"e=1.2,h=8.0,n=30,start_thres=1.25",hub,0.25,10,29,40,1730,0,2,40,1728,0.0,0.0011560693641618,0.0,1.0,0.1632709841836582
ni_tfnbs,"e=1.2,h=9.0,n=30,start_thres=1.25",hub,0.25,10,29,40,1730,0,2,40,1728,0.0,0.0011560693641618,0.0,1.0,0.1632709841836582
ni_tfnbs,"e=1.2,h=10.0,n=30,start_thres=1.25",hub,0.25,10,29,40,1730,0,2,40,1728,0.0,0.0011560693641618,0.0,1.0,0.1632709841836582
ni_tfnbs,"e=1.3,h=0.5,n=30,start_thres=1.25",hub,0.25,10,29,40,1730,0,0,40,1730,0.0,0.0,0.0,0.0,0.1632709841836582
ni_tfnbs,"e=1.3,h=1.0,n=30,start_thres=1.25",hub,0.25,10,29,40,1730,0,0,40,1730,0.0,0.0,0.0,0.0,0.1632709841836582
ni_tfnbs,"e=1.3,h=2.0,n=30,start_thres=1.25",hub,0.25,10,29,40,1730,0,0,40,1730,0.0,0.0,0.0,0.0,0.1632709841836582
ni_tfnbs,"e=1.3,h=3.0,n=30,start_thres=1.25",hub,0.25,10,29,40,1730,0,0,40,1730,0.0,0.0,0.0,0.0,0.1632709841836582
ni_tfnbs,"e=1.3,h=4.0,n=30,start_thres=1.25",hub,0.25,10,29,40,1730,0,2,40,1728,0.0,0.0011560693641618,0.0,1.0,0.1632709841836582
ni_tfnbs,"e=1.3,h=5.0,n=30,start_thres=1.25",hub,0.25,10,29,40,1730,0,2,40,1728,0.0,0.0011560693641618,0.0,1.0,0.1632709841836582
ni_tfnbs,"e=1.3,h=6.0,n=30,start_thres=1.25",hub,0.25,10,29,40,1730,0,2,40,1728,0.0,0.0011560693641618,0.0,1.0,0.1632709841836582
ni_tfnbs,"e=1.3,h=7.0,n=30,start_thres=1.25",hub,0.25,10,29,40,1730,0,2,40,1728,0.0,0.0011560693641618,0.0,1.0,0.1632709841836582
ni_tfnbs,"e=1.3,h=8.0,n=30,start_thres=1.25",hub,0.25,10,29,40,1730,0,2,40,1728,0.0,0.0011560693641618,0.0,1.0,0.1632709841836582
ni_tfnbs,"e=1.3,h=9.0,n=30,start_thres=1.25",hub,0.25,10,29,40,1730,0,2,40,1728,0.0,0.0011560693641618,0.0,1.0,0.1632709841836582
ni_tfnbs,"e=1.3,h=10.0,n=30,start_thres=1.25",hub,0.25,10,29,40,1730,0,2,40,1728,0.0,0.0011560693641618,0.0,1.0,0.1632709841836582
ni_tfnbs,"e=1.4,h=0.5,n=30,start_thres=1.25",hub,0.25,10,29,40,1730,0,0,40,1730,0.0,0.0,0.0,0.0,0.1632709841836582
ni_tfnbs,"e=1.4,h=1.0,n=30,start_thres=1.25",hub,0.25,10,29,40,1730,0,0,40,1730,0.0,0.0,0.0,0.0,0.1632709841836582
ni_tfnbs,"e=1.4,h=2.0,n=30,start_thres=1.25",hub,0.25,10,29,40,1730,0,0,40,1730,0.0,0.0,0.0,0.0,0.1632709841836582
ni_tfnbs,"e=1.4,h=3.0,n=30,start_thres=1.25",hub,0.25,10,29,40,1730,0,0,40,1730,0.0,0.0,0.0,0.0,0.1632709841836582
ni_tfnbs,"e=1.4,h=4.0,n=30,start_thres=1.25",hub,0.25,10,29,40,1730,0,1,40,1729,0.0,0.0005780346820809,0.0,1.0,0.1632709841836582
ni_tfnbs,"e=1.4,h=5.0,n=30,start_thres=1.25",hub,0.25,10,29,40,1730,0,2,40,1728,0.0,0.0011560693641618,0.0,1.0,0.1632709841836582
ni_tfnbs,"e=1.4,h=6.0,n=30,start_thres=1.25",hub,0.25,10,29,40,1730,0,2,40,1728,0.0,0.0011560693641618,0.0,1.0,0.1632709841836582
ni_tfnbs,"e=1.4,h=7.0,n=30,start_thres=1.25",hub,0.25,10,29,40,1730,0,2,40,1728,0.0,0.0011560693641618,0.0,1.0,0.1632709841836582
ni_tfnbs,"e=1.4,h=8.0,n=30,start_thres=1.25",hub,0.25,10,29,40,1730,0,2,40,1728,0.0,0.0011560693641618,0.0,1.0,0.1632709841836582
ni_tfnbs,"e=1.4,h=9.0,n=30,start_thres=1.25",hub,0.25,10,29,40,1730,0,2,40,1728,0.0,0.0011560693641618,0.0,1.0,0.1632709841836582
ni_tfnbs,"e=1.4,h=10.0,n=30,start_thres=1.25",hub,0.25,10,29,40,1730,0,2,40,1728,0.0,0.0011560693641618,0.0,1.0,0.1632709841836582
ni_tfnbs,"e=1.5,h=0.5,n=30,start_thres=1.25",hub,0.25,10,29,40,1730,0,0,40,1730,0.0,0.0,0.0,0.0,0.1632709841836582
ni_tfnbs,"e=1.5,h=1.0,n=30,start_thres=1.25",hub,0.25,10,29,40,1730,0,0,40,1730,0.0,0.0,0.0,0.0,0.1632709841836582
ni_tfnbs,"e=1.5,h=2.0,n=30,start_thres=1.25",hub,0.25,10,29,40,1730,0,0,40,1730,0.0,0.0,0.0,0.0,0.1632709841836582
ni_tfnbs,"e=1.5,h=3.0,n=30,start_thres=1.25",hub,0.25,10,29,40,1730,0,0,40,1730,0.0,0.0,0.0,0.0,0.1632709841836582
ni_tfnbs,"e=1.5,h=4.0,n=30,start_thres=1.25",hub,0.25,10,29,40,1730,0,1,40,1729,0.0,0.0005780346820809,0.0,1.0,0.1632709841836582
ni_tfnbs,"e=1.5,h=5.0,n=30,start_thres=1.25",hub,0.25,10,29,40,1730,0,2,40,1728,0.0,0.0011560693641618,0.0,1.0,0.1632709841836582
ni_tfnbs,"e=1.5,h=6.0,n=30,start_thres=1.25",hub,0.25,10,29,40,1730,0,2,40,1728,0.0,0.0011560693641618,0.0,1.0,0.1632709841836582
ni_tfnbs,"e=1.5,h=7.0,n=30,start_thres=1.25",hub,0.25,10,29,40,1730,0,2,40,1728,0.0,0.0011560693641618,0.0,1.0,0.1632709841836582
ni_tfnbs,"e=1.5,h=8.0,n=30,start_thres=1.25",hub,0.25,10,29,40,1730,0,2,40,1728,0.0,0.0011560693641618,0.0,1.0,0.1632709841836582
ni_tfnbs,"e=1.5,h=9.0,n=30,start_thres=1.25",hub,0.25,10,29,40,1730,0,2,40,1728,0.0,0.0011560693641618,0.0,1.0,0.1632709841836582
ni_tfnbs,"e=1.5,h=10.0,n=30,start_thres=1.25",hub,0.25,10,29,40,1730,0,2,40,1728,0.0,0.0011560693641618,0.0,1.0,0.1632709841836582
fbc_tfnbs,"e=0.05,h=0.5,n=30,start_thres=1.25,min_cluster_size=3",hub,0.25,10,0,40,1730,2,1,38,1729,0.05,0.0005780346820809,0.6666666666666666,0.3333333333333333,0.1655789640816775
fbc_tfnbs,"e=0.05,h=1.0,n=30,start_thres=1.25,min_cluster_size=3",hub,0.25,10,0,40,1730,2,1,38,1729,0.05,0.0005780346820809,0.6666666666666666,0.3333333333333333,0.1655789640816775
fbc_tfnbs,"e=0.05,h=2.0,n=30,start_thres=1.25,min_cluster_size=3",hub,0.25,10,0,40,1730,2,1,38,1729,0.05,0.0005780346820809,0.6666666666666666,0.3333333333333333,0.1655789640816775
fbc_tfnbs,"e=0.05,h=3.0,n=30,start_thres=1.25,min_cluster_size=3",hub,0.25,10,0,40,1730,2,1,38,1729,0.05,0.0005780346820809,0.6666666666666666,0.3333333333333333,0.1655789640816775
fbc_tfnbs,"e=0.05,h=4.0,n=30,start_thres=1.25,min_cluster_size=3",hub,0.25,10,0,40,1730,2,1,38,1729,0.05,0.0005780346820809,0.6666666666666666,0.3333333333333333,0.1655789640816775
fbc_tfnbs,"e=0.05,h=5.0,n=30,start_thres=1.25,min_cluster_size=3",hub,0.25,10,0,40,1730,2,1,38,1729,0.05,0.0005780346820809,0.6666666666666666,0.3333333333333333,0.1655789640816775
fbc_tfnbs,"e=0.05,h=6.0,n=30,start_thres=1.25,min_cluster_size=3",hub,0.25,10,0,40,1730,2,1,38,1729,0.05,0.0005780346820809,0.6666666666666666,0.3333333333333333,0.1655789640816775
fbc_tfnbs,"e=0.05,h=7.0,n=30,start_thres=1.25,min_cluster_size=3",hub,0.25,10,0,40,1730,2,1,38,1729,0.05,0.0005780346820809,0.6666666666666666,0.3333333333333333,0.1655789640816775
fbc_tfnbs,"e=0.05,h=8.0,n=30,start_thres=1.25,min_cluster_size=3",hub,0.25,10,0,40,1730,2,1,38,1729,0.05,0.0005780346820809,0.6666666666666666,0.3333333333333333,0.1655789640816775
fbc_tfnbs,"e=0.05,h=9.0,n=30,start_thres=1.25,min_cluster_size=3",hub,0.25,10,0,40,1730,2,1,38,1729,0.05,0.0005780346820809,0.6666666666666666,0.3333333333333333,0.1655789640816775
fbc_tfnbs,"e=0.05,h=10.0,n=30,start_thres=1.25,min_cluster_size=3",hub,0.25,10,0,40,1730,2,1,38,1729,0.05,0.0005780346820809,0.6666666666666666,0.3333333333333333,0.1655789640816775
fbc_tfnbs,"e=0.1,h=0.5,n=30,start_thres=1.25,min_cluster_size=3",hub,0.25,10,0,40,1730,2,1,38,1729,0.05,0.0005780346820809,0.6666666666666666,0.3333333333333333,0.1655789640816775
fbc_tfnbs,"e=0.1,h=1.0,n=30,start_thres=1.25,min_cluster_size=3",hub,0.25,10,0,40,1730,2,1,38,1729,0.05,0.0005780346820809,0.6666666666666666,0.3333333333333333,0.1655789640816775
fbc_tfnbs,"e=0.1,h=2.0,n=30,start_thres=1.25,min_cluster_size=3",hub,0.25,10,0,40,1730,2,1,38,1729,0.05,0.0005780346820809,0.6666666666666666,0.3333333333333333,0.1655789640816775
fbc_tfnbs,"e=0.1,h=3.0,n=30,start_thres=1.25,min_cluster_size=3",hub,0.25,10,0,40,1730,2,1,38,1729,0.05,0.0005780346820809,0.6666666666666666,0.3333333333333333,0.1655789640816775
fbc_tfnbs,"e=0.1,h=4.0,n=30,start_thres=1.25,min_cluster_size=3",hub,0.25,10,0,40,1730,2,1,38,1729,0.05,0.0005780346820809,0.6666666666666666,0.3333333333333333,0.1655789640816775
fbc_tfnbs,"e=0.1,h=5.0,n=30,start_thres=1.25,min_cluster_size=3",hub,0.25,10,0,40,1730,2,1,38,1729,0.05,0.0005780346820809,0.6666666666666666,0.3333333333333333,0.1655789640816775
fbc_tfnbs,"e=0.1,h=6.0,n=30,start_thres=1.25,min_cluster_size=3",hub,0.25,10,0,40,1730,2,1,38,1729,0.05,0.0005780346820809,0.6666666666666666,0.3333333333333333,0.1655789640816775
fbc_tfnbs,"e=0.1,h=7.0,n=30,start_thres=1.25,min_cluster_size=3",hub,0.25,10,0,40,1730,2,1,38,1729,0.05,0.0005780346820809,0.6666666666666666,0.3333333333333333,0.1655789640816775
fbc_tfnbs,"e=0.1,h=8.0,n=30,start_thres=1.25,min_cluster_size=3",hub,0.25,10,0,40,1730,2,1,38,1729,0.05,0.0005780346820809,0.6666666666666666,0.3333333333333333,0.1655789640816775
fbc_tfnbs,"e=0.1,h=9.0,n=30,start_thres=1.25,min_cluster_size=3",hub,0.25,10,0,40,1730,2,1,38,1729,0.05,0.0005780346820809,0.6666666666666666,0.3333333333333333,0.1655789640816775
fbc_tfnbs,"e=0.1,h=10.0,n=30,start_thres=1.25,min_cluster_size=3",hub,0.25,10,0,40,1730,2,1,38,1729,0.05,0.0005780346820809,0.6666666666666666,0.3333333333333333,0.1655789640816775
fbc_tfnbs,"e=0.2,h=0.5,n=30,start_thres=1.25,min_cluster_size=3",hub,0.25,10,0,40,1730,2,1,38,1729,0.05,0.0005780346820809,0.6666666666666666,0.3333333333333333,0.1655789640816775
fbc_tfnbs,"e=0.2,h=1.0,n=30,start_thres=1.25,min_cluster_size=3",hub,0.25,10,0,40,1730,2,1,38,1729,0.05,0.0005780346820809,0.6666666666666666,0.3333333333333333,0.1655789640816775
fbc_tfnbs,"e=0.2,h=2.0,n=30,start_thres=1.25,min_cluster_size=3",hub,0.25,10,0,40,1730,2,1,38,1729,0.05,0.0005780346820809,0.6666666666666666,0.3333333333333333,0.1655789640816775
fbc_tfnbs,"e=0.2,h=3.0,n=30,start_thres=1.25,min_cluster_size=3",hub,0.25,10,0,40,1730,2,1,38,1729,0.05,0.0005780346820809,0.6666666666666666,0.3333333333333333,0.1655789640816775
fbc_tfnbs,"e=0.2,h=4.0,n=30,start_thres=1.25,min_cluster_size=3",hub,0.25,10,0,40,1730,2,1,38,1729,0.05,0.0005780346820809,0.6666666666666666,0.3333333333333333,0.1655789640816775
fbc_tfnbs,"e=0.2,h=5.0,n=30,start_thres=1.25,min_cluster_size=3",hub,0.25,10,0,40,1730,2,1,38,1729,0.05,0.0005780346820809,0.6666666666666666,0.3333333333333333,0.1655789640816775
fbc_tfnbs,"e=0.2,h=6.0,n=30,start_thres=1.25,min_cluster_size=3",hub,0.25,10,0,40,1730,2,1,38,1729,0.05,0.0005780346820809,0.6666666666666666,0.3333333333333333,0.1655789640816775
fbc_tfnbs,"e=0.2,h=7.0,n=30,start_thres=1.25,min_cluster_size=3",hub,0.25,10,0,40,1730,2,1,38,1729,0.05,0.0005780346820809,0.6666666666666666,0.3333333333333333,0.1655789640816775
fbc_tfnbs,"e=0.2,h=8.0,n=30,start_thres=1.25,min_cluster_size=3",hub,0.25,10,0,40,1730,2,1,38,1729,0.05,0.0005780346820809,0.6666666666666666,0.3333333333333333,0.1655789640816775
fbc_tfnbs,"e=0.2,h=9.0,n=30,start_thres=1.25,min_cluster_size=3",hub,0.25,10,0,40,1730,2,1,38,1729,0.05,0.0005780346820809,0.6666666666666666,0.3333333333333333,0.1655789640816775
fbc_tfnbs,"e=0.2,h=10.0,n=30,start_thres=1.25,min_cluster_size=3",hub,0.25,10,0,40,1730,2,1,38,1729,0.05,0.0005780346820809,0.6666666666666666,0.3333333333333333,0.1655789640816775
fbc_tfnbs,"e=0.3,h=0.5,n=30,start_thres=1.25,min_cluster_size=3",hub,0.25,10,0,40,1730,2,1,38,1729,0.05,0.0005780346820809,0.6666666666666666,0.3333333333333333,0.1655789640816775
fbc_tfnbs,"e=0.3,h=1.0,n=30,start_thres=1.25,min_cluster_size=3",hub,0.25,10,0,40,1730,2,1,38,1729,0.05,0.0005780346820809,0.6666666666666666,0.3333333333333333,0.1655789640816775
fbc_tfnbs,"e=0.3,h=2.0,n=30,start_thres=1.25,min_cluster_size=3",hub,0.25,10,0,40,1730,2,1,38,1729,0.05,0.0005780346820809,0.6666666666666666,0.3333333333333333,0.1655789640816775
fbc_tfnbs,"e=0.3,h=3.0,n=30,start_thres=1.25,min_cluster_size=3",hub,0.25,10,0,40,1730,2,1,38,1729,0.05,0.0005780346820809,0.6666666666666666,0.3333333333333333,0.1655789640816775
fbc_tfnbs,"e=0.3,h=4.0,n=30,start_thres=1.25,min_cluster_size=3",hub,0.25,10,0,40,1730,2,1,38,1729,0.05,0.0005780346820809,0.6666666666666666,0.3333333333333333,0.1655789640816775
fbc_tfnbs,"e=0.3,h=5.0,n=30,start_thres=1.25,min_cluster_size=3",hub,0.25,10,0,40,1730,2,1,38,1729,0.05,0.0005780346820809,0.6666666666666666,0.3333333333333333,0.1655789640816775
fbc_tfnbs,"e=0.3,h=6.0,n=30,start_thres=1.25,min_cluster_size=3",hub,0.25,10,0,40,1730,2,1,38,1729,0.05,0.0005780346820809,0.6666666666666666,0.3333333333333333,0.1655789640816775
fbc_tfnbs,"e=0.3,h=7.0,n=30,start_thres=1.25,min_cluster_size=3",hub,0.25,10,0,40,1730,2,1,38,1729,0.05,0.0005780346820809,0.6666666666666666,0.3333333333333333,0.1655789640816775
fbc_tfnbs,"e=0.3,h=8.0,n=30,start_thres=1.25,min_cluster_size=3",hub,0.25,10,0,40,1730,2,1,38,1729,0.05,0.0005780346820809,0.6666666666666666,0.3333333333333333,0.1655789640816775
fbc_tfnbs,"e=0.3,h=9.0,n=30,start_thres=1.25,min_cluster_size=3",hub,0.25,10,0,40,1730,2,1,38,1729,0.05,0.0005780346820809,0.6666666666666666,0.3333333333333333,0.1655789640816775
fbc_tfnbs,"e=0.3,h=10.0,n=30,start_thres=1.25,min_cluster_size=3",hub,0.25,10,0,40,1730,2,1,38,1729,0.05,0.0005780346820809,0.6666666666666666,0.3333333333333333,0.1655789640816775
fbc_tfnbs,"e=0.4,h=0.5,n=30,start_thres=1.25,min_cluster_size=3",hub,0.25,10,0,40,1730,0,0,40,1730,0.0,0.0,0.0,0.0,0.1655789640816775
fbc_tfnbs,"e=0.4,h=1.0,n=30,start_thres=1.25,min_cluster_size=3",hub,0.25,10,0,40,1730,2,1,38,1729,0.05,0.0005780346820809,0.6666666666666666,0.3333333333333333,0.1655789640816775
fbc_tfnbs,"e=0.4,h=2.0,n=30,start_thres=1.25,min_cluster_size=3",hub,0.25,10,0,40,1730,2,1,38,1729,0.05,0.0005780346820809,0.6666666666666666,0.3333333333333333,0.1655789640816775
fbc_tfnbs,"e=0.4,h=3.0,n=30,start_thres=1.25,min_cluster_size=3",hub,0.25,10,0,40,1730,2,1,38,1729,0.05,0.0005780346820809,0.6666666666666666,0.3333333333333333,0.1655789640816775
fbc_tfnbs,"e=0.4,h=4.0,n=30,start_thres=1.25,min_cluster_size=3",hub,0.25,10,0,40,1730,2,1,38,1729,0.05,0.0005780346820809,0.6666666666666666,0.3333333333333333,0.1655789640816775
fbc_tfnbs,"e=0.4,h=5.0,n=30,start_thres=1.25,min_cluster_size=3",hub,0.25,10,0,40,1730,2,1,38,1729,0.05,0.0005780346820809,0.6666666666666666,0.3333333333333333,0.1655789640816775
fbc_tfnbs,"e=0.4,h=6.0,n=30,start_thres=1.25,min_cluster_size=3",hub,0.25,10,0,40,1730,2,1,38,1729,0.05,0.0005780346820809,0.6666666666666666,0.3333333333333333,0.1655789640816775
fbc_tfnbs,"e=0.4,h=7.0,n=30,start_thres=1.25,min_cluster_size=3",hub,0.25,10,0,40,1730,2,1,38,1729,0.05,0.0005780346820809,0.6666666666666666,0.3333333333333333,0.1655789640816775
fbc_tfnbs,"e=0.4,h=8.0,n=30,start_thres=1.25,min_cluster_size=3",hub,0.25,10,0,40,1730,2,1,38,1729,0.05,0.0005780346820809,0.6666666666666666,0.3333333333333333,0.1655789640816775
fbc_tfnbs,"e=0.4,h=9.0,n=30,start_thres=1.25,min_cluster_size=3",hub,0.25,10,0,40,1730,2,1,38,1729,0.05,0.0005780346820809,0.6666666666666666,0.3333333333333333,0.1655789640816775
fbc_tfnbs,"e=0.4,h=10.0,n=30,start_thres=1.25,min_cluster_size=3",hub,0.25,10,0,40,1730,2,1,38,1729,0.05,0.0005780346820809,0.6666666666666666,0.3333333333333333,0.1655789640816775
fbc_tfnbs,"e=0.5,h=0.5,n=30,start_thres=1.25,min_cluster_size=3",hub,0.25,10,0,40,1730,0,0,40,1730,0.0,0.0,0.0,0.0,0.1655789640816775
fbc_tfnbs,"e=0.5,h=1.0,n=30,start_thres=1.25,min_cluster_size=3",hub,0.25,10,0,40,1730,0,0,40,1730,0.0,0.0,0.0,0.0,0.1655789640816775
fbc_tfnbs,"e=0.5,h=2.0,n=30,start_thres=1.25,min_cluster_size=3",hub,0.25,10,0,40,1730,2,1,38,1729,0.05,0.0005780346820809,0.6666666666666666,0.3333333333333333,0.1655789640816775
fbc_tfnbs,"e=0.5,h=3.0,n=30,start_thres=1.25,min_cluster_size=3",hub,0.25,10,0,40,1730,2,1,38,1729,0.05,0.0005780346820809,0.6666666666666666,0.3333333333333333,0.1655789640816775
fbc_tfnbs,"e=0.5,h=4.0,n=30,start_thres=1.25,min_cluster_size=3",hub,0.25,10,0,40,1730,2,1,38,1729,0.05,0.0005780346820809,0.6666666666666666,0.3333333333333333,0.1655789640816775
fbc_tfnbs,"e=0.5,h=5.0,n=30,start_thres=1.25,min_cluster_size=3",hub,0.25,10,0,40,1730,2,1,38,1729,0.05,0.0005780346820809,0.6666666666666666,0.3333333333333333,0.1655789640816775
fbc_tfnbs,"e=0.5,h=6.0,n=30,start_thres=1.25,min_cluster_size=3",hub,0.25,10,0,40,1730,2,1,38,1729,0.05,0.0005780346820809,0.6666666666666666,0.3333333333333333,0.1655789640816775
fbc_tfnbs,"e=0.5,h=7.0,n=30,start_thres=1.25,min_cluster_size=3",hub,0.25,10,0,40,1730,2,1,38,1729,0.05,0.0005780346820809,0.6666666666666666,0.3333333333333333,0.1655789640816775
fbc_tfnbs,"e=0.5,h=8.0,n=30,start_thres=1.25,min_cluster_size=3",hub,0.25,10,0,40,1730,2,1,38,1729,0.05,0.0005780346820809,0.6666666666666666,0.3333333333333333,0.1655789640816775
fbc_tfnbs,"e=0.5,h=9.0,n=30,start_thres=1.25,min_cluster_size=3",hub,0.25,10,0,40,1730,2,1,38,1729,0.05,0.0005780346820809,0.6666666666666666,0.3333333333333333,0.1655789640816775
fbc_tfnbs,"e=0.5,h=10.0,n=30,start_thres=1.25,min_cluster_size=3",hub,0.25,10,0,40,1730,2,1,38,1729,0.05,0.0005780346820809,0.6666666666666666,0.3333333333333333,0.1655789640816775
fbc_tfnbs,"e=0.6,h=0.5,n=30,start_thres=1.25,min_cluster_size=3",hub,0.25,10,0,40,1730,0,0,40,1730,0.0,0.0,0.0,0.0,0.1655789640816775
fbc_tfnbs,"e=0.6,h=1.0,n=30,start_thres=1.25,min_cluster_size=3",hub,0.25,10,0,40,1730,0,0,40,1730,0.0,0.0,0.0,0.0,0.1655789640816775
fbc_tfnbs,"e=0.6,h=2.0,n=30,start_thres=1.25,min_cluster_size=3",hub,0.25,10,0,40,1730,0,0,40,1730,0.0,0.0,0.0,0.0,0.1655789640816775
fbc_tfnbs,"e=0.6,h=3.0,n=30,start_thres=1.25,min_cluster_size=3",hub,0.25,10,0,40,1730,2,1,38,1729,0.05,0.0005780346820809,0.6666666666666666,0.3333333333333333,0.1655789640816775
fbc_tfnbs,"e=0.6,h=4.0,n=30,start_thres=1.25,min_cluster_size=3",hub,0.25,10,0,40,1730,2,1,38,1729,0.05,0.0005780346820809,0.6666666666666666,0.3333333333333333,0.1655789640816775
fbc_tfnbs,"e=0.6,h=5.0,n=30,start_thres=1.25,min_cluster_size=3",hub,0.25,10,0,40,1730,2,1,38,1729,0.05,0.0005780346820809,0.6666666666666666,0.3333333333333333,0.1655789640816775
fbc_tfnbs,"e=0.6,h=6.0,n=30,start_thres=1.25,min_cluster_size=3",hub,0.25,10,0,40,1730,2,1,38,1729,0.05,0.0005780346820809,0.6666666666666666,0.3333333333333333,0.1655789640816775
fbc_tfnbs,"e=0.6,h=7.0,n=30,start_thres=1.25,min_cluster_size=3",hub,0.25,10,0,40,1730,2,1,38,1729,0.05,0.0005780346820809,0.6666666666666666,0.3333333333333333,0.1655789640816775
fbc_tfnbs,"e=0.6,h=8.0,n=30,start_thres=1.25,min_cluster_size=3",hub,0.25,10,0,40,1730,2,1,38,1729,0.05,0.0005780346820809,0.6666666666666666,0.3333333333333333,0.1655789640816775
fbc_tfnbs,"e=0.6,h=9.0,n=30,start_thres=1.25,min_cluster_size=3",hub,0.25,10,0,40,1730,2,1,38,1729,0.05,0.0005780346820809,0.6666666666666666,0.3333333333333333,0.1655789640816775
fbc_tfnbs,"e=0.6,h=10.0,n=30,start_thres=1.25,min_cluster_size=3",hub,0.25,10,0,40,1730,2,1,38,1729,0.05,0.0005780346820809,0.6666666666666666,0.3333333333333333,0.1655789640816775
fbc_tfnbs,"e=0.7,h=0.5,n=30,start_thres=1.25,min_cluster_size=3",hub,0.25,10,0,40,1730,0,0,40,1730,0.0,0.0,0.0,0.0,0.1655789640816775
fbc_tfnbs,"e=0.7,h=1.0,n=30,start_thres=1.25,min_cluster_size=3",hub,0.25,10,0,40,1730,0,0,40,1730,0.0,0.0,0.0,0.0,0.1655789640816775
fbc_tfnbs,"e=0.7,h=2.0,n=30,start_thres=1.25,min_cluster_size=3",hub,0.25,10,0,40,1730,0,0,40,1730,0.0,0.0,0.0,0.0,0.1655789640816775
fbc_tfnbs,"e=0.7,h=3.0,n=30,start_thres=1.25,min_cluster_size=3",hub,0.25,10,0,40,1730,2,1,38,1729,0.05,0.0005780346820809,0.6666666666666666,0.3333333333333333,0.1655789640816775
fbc_tfnbs,"e=0.7,h=4.0,n=30,start_thres=1.25,min_cluster_size=3",hub,0.25,10,0,40,1730,2,1,38,1729,0.05,0.0005780346820809,0.6666666666666666,0.3333333333333333,0.1655789640816775
fbc_tfnbs,"e=0.7,h=5.0,n=30,start_thres=1.25,min_cluster_size=3",hub,0.25,10,0,40,1730,2,1,38,1729,0.05,0.0005780346820809,0.6666666666666666,0.3333333333333333,0.1655789640816775
fbc_tfnbs,"e=0.7,h=6.0,n=30,start_thres=1.25,min_cluster_size=3",hub,0.25,10,0,40,1730,2,1,38,1729,0.05,0.0005780346820809,0.6666666666666666,0.3333333333333333,0.1655789640816775
fbc_tfnbs,"e=0.7,h=7.0,n=30,start_thres=1.25,min_cluster_size=3",hub,0.25,10,0,40,1730,2,1,38,1729,0.05,0.0005780346820809,0.6666666666666666,0.3333333333333333,0.1655789640816775
fbc_tfnbs,"e=0.7,h=8.0,n=30,start_thres=1.25,min_cluster_size=3",hub,0.25,10,0,40,1730,2,1,38,1729,0.05,0.0005780346820809,0.6666666666666666,0.3333333333333333,0.1655789640816775
fbc_tfnbs,"e=0.7,h=9.0,n=30,start_thres=1.25,min_cluster_size=3",hub,0.25,10,0,40,1730,2,1,38,1729,0.05,0.0005780346820809,0.6666666666666666,0.3333333333333333,0.1655789640816775
fbc_tfnbs,"e=0.7,h=10.0,n=30,start_thres=1.25,min_cluster_size=3",hub,0.25,10,0,40,1730,2,1,38,1729,0.05,0.0005780346820809,0.6666666666666666,0.3333333333333333,0.1655789640816775
fbc_tfnbs,"e=0.8,h=0.5,n=30,start_thres=1.25,min_cluster_size=3",hub,0.25,10,0,40,1730,0,0,40,1730,0.0,0.0,0.0,0.0,0.1655789640816775
fbc_tfnbs,"e=0.8,h=1.0,n=30,start_thres=1.25,min_cluster_size=3",hub,0.25,10,0,40,1730,0,0,40,1730,0.0,0.0,0.0,0.0,0.1655789640816775
fbc_tfnbs,"e=0.8,h=2.0,n=30,start_thres=1.25,min_cluster_size=3",hub,0.25,10,0,40,1730,0,0,40,1730,0.0,0.0,0.0,0.0,0.1655789640816775
fbc_tfnbs,"e=0.8,h=3.0,n=30,start_thres=1.25,min_cluster_size=3",hub,0.25,10,0,40,1730,0,0,40,1730,0.0,0.0,0.0,0.0,0.1655789640816775
fbc_tfnbs,"e=0.8,h=4.0,n=30,start_thres=1.25,min_cluster_size=3",hub,0.25,10,0,40,1730,2,1,38,1729,0.05,0.0005780346820809,0.6666666666666666,0.3333333333333333,0.1655789640816775
fbc_tfnbs,"e=0.8,h=5.0,n=30,start_thres=1.25,min_cluster_size=3",hub,0.25,10,0,40,1730,2,1,38,1729,0.05,0.0005780346820809,0.6666666666666666,0.3333333333333333,0.1655789640816775
fbc_tfnbs,"e=0.8,h=6.0,n=30,start_thres=1.25,min_cluster_size=3",hub,0.25,10,0,40,1730,2,1,38,1729,0.05,0.0005780346820809,0.6666666666666666,0.3333333333333333,0.1655789640816775
fbc_tfnbs,"e=0.8,h=7.0,n=30,start_thres=1.25,min_cluster_size=3",hub,0.25,10,0,40,1730,2,1,38,1729,0.05,0.0005780346820809,0.6666666666666666,0.3333333333333333,0.1655789640816775
fbc_tfnbs,"e=0.8,h=8.0,n=30,start_thres=1.25,min_cluster_size=3",hub,0.25,10,0,40,1730,2,1,38,1729,0.05,0.0005780346820809,0.6666666666666666,0.3333333333333333,0.1655789640816775
fbc_tfnbs,"e=0.8,h=9.0,n=30,start_thres=1.25,min_cluster_size=3",hub,0.25,10,0,40,1730,2,1,38,1729,0.05,0.0005780346820809,0.6666666666666666,0.3333333333333333,0.1655789640816775
fbc_tfnbs,"e=0.8,h=10.0,n=30,start_thres=1.25,min_cluster_size=3",hub,0.25,10,0,40,1730,2,1,38,1729,0.05,0.0005780346820809,0.6666666666666666,0.3333333333333333,0.1655789640816775
fbc_tfnbs,"e=0.9,h=0.5,n=30,start_thres=1.25,min_cluster_size=3",hub,0.25,10,0,40,1730,0,0,40,1730,0.0,0.0,0.0,0.0,0.1655789640816775
fbc_tfnbs,"e=0.9,h=1.0,n=30,start_thres=1.25,min_cluster_size=3",hub,0.25,10,0,40,1730,0,0,40,1730,0.0,0.0,0.0,0.0,0.1655789640816775
fbc_tfnbs,"e=0.9,h=2.0,n=30,start_thres=1.25,min_cluster_size=3",hub,0.25,10,0,40,1730,0,0,40,1730,0.0,0.0,0.0,0.0,0.1655789640816775
fbc_tfnbs,"e=0.9,h=3.0,n=30,start_thres=1.25,min_cluster_size=3",hub,0.25,10,0,40,1730,0,0,40,1730,0.0,0.0,0.0,0.0,0.1655789640816775
fbc_tfnbs,"e=0.9,h=4.0,n=30,start_thres=1.25,min_cluster_size=3",hub,0.25,10,0,40,1730,2,1,38,1729,0.05,0.0005780346820809,0.6666666666666666,0.3333333333333333,0.1655789640816775
fbc_tfnbs,"e=0.9,h=5.0,n=30,start_thres=1.25,min_cluster_size=3",hub,0.25,10,0,40,1730,2,1,38,1729,0.05,0.0005780346820809,0.6666666666666666,0.3333333333333333,0.1655789640816775
fbc_tfnbs,"e=0.9,h=6.0,n=30,start_thres=1.25,min_cluster_size=3",hub,0.25,10,0,40,1730,2,1,38,1729,0.05,0.0005780346820809,0.6666666666666666,0.3333333333333333,0.1655789640816775
fbc_tfnbs,"e=0.9,h=7.0,n=30,start_thres=1.25,min_cluster_size=3",hub,0.25,10,0,40,1730,2,1,38,1729,0.05,0.0005780346820809,0.6666666666666666,0.3333333333333333,0.1655789640816775
fbc_tfnbs,"e=0.9,h=8.0,n=30,start_thres=1.25,min_cluster_size=3",hub,0.25,10,0,40,1730,2,1,38,1729,0.05,0.0005780346820809,0.6666666666666666,0.3333333333333333,0.1655789640816775
fbc_tfnbs,"e=0.9,h=9.0,n=30,start_thres=1.25,min_cluster_size=3",hub,0.25,10,0,40,1730,2,1,38,1729,0.05,0.0005780346820809,0.6666666666666666,0.3333333333333333,0.1655789640816775
fbc_tfnbs,"e=0.9,h=10.0,n=30,start_thres=1.25,min_cluster_size=3",hub,0.25,10,0,40,1730,2,1,38,1729,0.05,0.0005780346820809,0.6666666666666666,0.3333333333333333,0.1655789640816775
fbc_tfnbs,"e=1.0,h=0.5,n=30,start_thres=1.25,min_cluster_size=3",hub,0.25,10,0,40,1730,0,0,40,1730,0.0,0.0,0.0,0.0,0.1655789640816775
fbc_tfnbs,"e=1.0,h=1.0,n=30,start_thres=1.25,min_cluster_size=3",hub,0.25,10,0,40,1730,0,0,40,1730,0.0,0.0,0.0,0.0,0.1655789640816775
fbc_tfnbs,"e=1.0,h=2.0,n=30,start_thres=1.25,min_cluster_size=3",hub,0.25,10,0,40,1730,0,0,40,1730,0.0,0.0,0.0,0.0,0.1655789640816775
fbc_tfnbs,"e=1.0,h=3.0,n=30,start_thres=1.25,min_cluster_size=3",hub,0.25,10,0,40,1730,0,0,40,1730,0.0,0.0,0.0,0.0,0.1655789640816775
fbc_tfnbs,"e=1.0,h=4.0,n=30,start_thres=1.25,min_cluster_size=3",hub,0.25,10,0,40,1730,0,0,40,1730,0.0,0.0,0.0,0.0,0.1655789640816775
fbc_tfnbs,"e=1.0,h=5.0,n=30,start_thres=1.25,min_cluster_size=3",hub,0.25,10,0,40,1730,2,1,38,1729,0.05,0.0005780346820809,0.6666666666666666,0.3333333333333333,0.1655789640816775
fbc_tfnbs,"e=1.0,h=6.0,n=30,start_thres=1.25,min_cluster_size=3",hub,0.25,10,0,40,1730,2,1,38,1729,0.05,0.0005780346820809,0.6666666666666666,0.3333333333333333,0.1655789640816775
fbc_tfnbs,"e=1.0,h=7.0,n=30,start_thres=1.25,min_cluster_size=3",hub,0.25,10,0,40,1730,2,1,38,1729,0.05,0.0005780346820809,0.6666666666666666,0.3333333333333333,0.1655789640816775
fbc_tfnbs,"e=1.0,h=8.0,n=30,start_thres=1.25,min_cluster_size=3",hub,0.25,10,0,40,1730,2,1,38,1729,0.05,0.0005780346820809,0.6666666666666666,0.3333333333333333,0.1655789640816775
fbc_tfnbs,"e=1.0,h=9.0,n=30,start_thres=1.25,min_cluster_size=3",hub,0.25,10,0,40,1730,2,1,38,1729,0.05,0.0005780346820809,0.6666666666666666,0.3333333333333333,0.1655789640816775
fbc_tfnbs,"e=1.0,h=10.0,n=30,start_thres=1.25,min_cluster_size=3",hub,0.25,10,0,40,1730,2,1,38,1729,0.05,0.0005780346820809,0.6666666666666666,0.3333333333333333,0.1655789640816775
fbc_tfnbs,"e=1.1,h=0.5,n=30,start_thres=1.25,min_cluster_size=3",hub,0.25,10,0,40,1730,0,0,40,1730,0.0,0.0,0.0,0.0,0.1655789640816775
fbc_tfnbs,"e=1.1,h=1.0,n=30,start_thres=1.25,min_cluster_size=3",hub,0.25,10,0,40,1730,0,0,40,1730,0.0,0.0,0.0,0.0,0.1655789640816775
fbc_tfnbs,"e=1.1,h=2.0,n=30,start_thres=1.25,min_cluster_size=3",hub,0.25,10,0,40,1730,0,0,40,1730,0.0,0.0,0.0,0.0,0.1655789640816775
fbc_tfnbs,"e=1.1,h=3.0,n=30,start_thres=1.25,min_cluster_size=3",hub,0.25,10,0,40,1730,0,0,40,1730,0.0,0.0,0.0,0.0,0.1655789640816775
fbc_tfnbs,"e=1.1,h=4.0,n=30,start_thres=1.25,min_cluster_size=3",hub,0.25,10,0,40,1730,0,0,40,1730,0.0,0.0,0.0,0.0,0.1655789640816775
fbc_tfnbs,"e=1.1,h=5.0,n=30,start_thres=1.25,min_cluster_size=3",hub,0.25,10,0,40,1730,2,1,38,1729,0.05,0.0005780346820809,0.6666666666666666,0.3333333333333333,0.1655789640816775
fbc_tfnbs,"e=1.1,h=6.0,n=30,start_thres=1.25,min_cluster_size=3",hub,0.25,10,0,40,1730,2,1,38,1729,0.05,0.0005780346820809,0.6666666666666666,0.3333333333333333,0.1655789640816775
fbc_tfnbs,"e=1.1,h=7.0,n=30,start_thres=1.25,min_cluster_size=3",hub,0.25,10,0,40,1730,2,1,38,1729,0.05,0.0005780346820809,0.6666666666666666,0.3333333333333333,0.1655789640816775
fbc_tfnbs,"e=1.1,h=8.0,n=30,start_thres=1.25,min_cluster_size=3",hub,0.25,10,0,40,1730,2,1,38,1729,0.05,0.0005780346820809,0.6666666666666666,0.3333333333333333,0.1655789640816775
fbc_tfnbs,"e=1.1,h=9.0,n=30,start_thres=1.25,min_cluster_size=3",hub,0.25,10,0,40,1730,2,1,38,1729,0.05,0.0005780346820809,0.6666666666666666,0.3333333333333333,0.1655789640816775
fbc_tfnbs,"e=1.1,h=10.0,n=30,start_thres=1.25,min_cluster_size=3",hub,0.25,10,0,40,1730,2,1,38,1729,0.05,0.0005780346820809,0.6666666666666666,0.3333333333333333,0.1655789640816775
fbc_tfnbs,"e=1.2,h=0.5,n=30,start_thres=1.25,min_cluster_size=3",hub,0.25,10,0,40,1730,0,0,40,1730,0.0,0.0,0.0,0.0,0.1655789640816775
fbc_tfnbs,"e=1.2,h=1.0,n=30,start_thres=1.25,min_cluster_size=3",hub,0.25,10,0,40,1730,0,0,40,1730,0.0,0.0,0.0,0.0,0.1655789640816775
fbc_tfnbs,"e=1.2,h=2.0,n=30,start_thres=1.25,min_cluster_size=3",hub,0.25,10,0,40,1730,0,0,40,1730,0.0,0.0,0.0,0.0,0.1655789640816775
fbc_tfnbs,"e=1.2,h=3.0,n=30,start_thres=1.25,min_cluster_size=3",hub,0.25,10,0,40,1730,0,0,40,1730,0.0,0.0,0.0,0.0,0.1655789640816775
fbc_tfnbs,"e=1.2,h=4.0,n=30,start_thres=1.25,min_cluster_size=3",hub,0.25,10,0,40,1730,0,0,40,1730,0.0,0.0,0.0,0.0,0.1655789640816775
fbc_tfnbs,"e=1.2,h=5.0,n=30,start_thres=1.25,min_cluster_size=3",hub,0.25,10,0,40,1730,0,0,40,1730,0.0,0.0,0.0,0.0,0.1655789640816775
fbc_tfnbs,"e=1.2,h=6.0,n=30,start_thres=1.25,min_cluster_size=3",hub,0.25,10,0,40,1730,2,1,38,1729,0.05,0.0005780346820809,0.6666666666666666,0.3333333333333333,0.1655789640816775
fbc_tfnbs,"e=1.2,h=7.0,n=30,start_thres=1.25,min_cluster_size=3",hub,0.25,10,0,40,1730,2,1,38,1729,0.05,0.0005780346820809,0.6666666666666666,0.3333333333333333,0.1655789640816775
fbc_tfnbs,"e=1.2,h=8.0,n=30,start_thres=1.25,min_cluster_size=3",hub,0.25,10,0,40,1730,2,1,38,1729,0.05,0.0005780346820809,0.6666666666666666,0.3333333333333333,0.1655789640816775
fbc_tfnbs,"e=1.2,h=9.0,n=30,start_thres=1.25,min_cluster_size=3",hub,0.25,10,0,40,1730,2,1,38,1729,0.05,0.0005780346820809,0.6666666666666666,0.3333333333333333,0.1655789640816775
fbc_tfnbs,"e=1.2,h=10.0,n=30,start_thres=1.25,min_cluster_size=3",hub,0.25,10,0,40,1730,2,1,38,1729,0.05,0.0005780346820809,0.6666666666666666,0.3333333333333333,0.1655789640816775
fbc_tfnbs,"e=1.3,h=0.5,n=30,start_thres=1.25,min_cluster_size=3",hub,0.25,10,0,40,1730,0,0,40,1730,0.0,0.0,0.0,0.0,0.1655789640816775
fbc_tfnbs,"e=1.3,h=1.0,n=30,start_thres=1.25,min_cluster_size=3",hub,0.25,10,0,40,1730,0,0,40,1730,0.0,0.0,0.0,0.0,0.1655789640816775
fbc_tfnbs,"e=1.3,h=2.0,n=30,start_thres=1.25,min_cluster_size=3",hub,0.25,10,0,40,1730,0,0,40,1730,0.0,0.0,0.0,0.0,0.1655789640816775
fbc_tfnbs,"e=1.3,h=3.0,n=30,start_thres=1.25,min_cluster_size=3",hub,0.25,10,0,40,1730,0,0,40,1730,0.0,0.0,0.0,0.0,0.1655789640816775
fbc_tfnbs,"e=1.3,h=4.0,n=30,start_thres=1.25,min_cluster_size=3",hub,0.25,10,0,40,1730,0,0,40,1730,0.0,0.0,0.0,0.0,0.1655789640816775
fbc_tfnbs,"e=1.3,h=5.0,n=30,start_thres=1.25,min_cluster_size=3",hub,0.25,10,0,40,1730,0,0,40,1730,0.0,0.0,0.0,0.0,0.1655789640816775
fbc_tfnbs,"e=1.3,h=6.0,n=30,start_thres=1.25,min_cluster_size=3",hub,0.25,10,0,40,1730,2,1,38,1729,0.05,0.0005780346820809,0.6666666666666666,0.3333333333333333,0.1655789640816775
fbc_tfnbs,"e=1.3,h=7.0,n=30,start_thres=1.25,min_cluster_size=3",hub,0.25,10,0,40,1730,2,1,38,1729,0.05,0.0005780346820809,0.6666666666666666,0.3333333333333333,0.1655789640816775
fbc_tfnbs,"e=1.3,h=8.0,n=30,start_thres=1.25,min_cluster_size=3",hub,0.25,10,0,40,1730,2,1,38,1729,0.05,0.0005780346820809,0.6666666666666666,0.3333333333333333,0.1655789640816775
fbc_tfnbs,"e=1.3,h=9.0,n=30,start_thres=1.25,min_cluster_size=3",hub,0.25,10,0,40,1730,2,1,38,1729,0.05,0.0005780346820809,0.6666666666666666,0.3333333333333333,0.1655789640816775
fbc_tfnbs,"e=1.3,h=10.0,n=30,start_thres=1.25,min_cluster_size=3",hub,0.25,10,0,40,1730,2,1,38,1729,0.05,0.0005780346820809,0.6666666666666666,0.3333333333333333,0.1655789640816775
fbc_tfnbs,"e=1.4,h=0.5,n=30,start_thres=1.25,min_cluster_size=3",hub,0.25,10,0,40,1730,0,0,40,1730,0.0,0.0,0.0,0.0,0.1655789640816775
fbc_tfnbs,"e=1.4,h=1.0,n=30,start_thres=1.25,min_cluster_size=3",hub,0.25,10,0,40,1730,0,0,40,1730,0.0,0.0,0.0,0.0,0.1655789640816775
fbc_tfnbs,"e=1.4,h=2.0,n=30,start_thres=1.25,min_cluster_size=3",hub,0.25,10,0,40,1730,0,0,40,1730,0.0,0.0,0.0,0.0,0.1655789640816775
fbc_tfnbs,"e=1.4,h=3.0,n=30,start_thres=1.25,min_cluster_size=3",hub,0.25,10,0,40,1730,0,0,40,1730,0.0,0.0,0.0,0.0,0.1655789640816775
fbc_tfnbs,"e=1.4,h=4.0,n=30,start_thres=1.25,min_cluster_size=3",hub,0.25,10,0,40,1730,0,0,40,1730,0.0,0.0,0.0,0.0,0.1655789640816775
fbc_tfnbs,"e=1.4,h=5.0,n=30,start_thres=1.25,min_cluster_size=3",hub,0.25,10,0,40,1730,0,0,40,1730,0.0,0.0,0.0,0.0,0.1655789640816775
fbc_tfnbs,"e=1.4,h=6.0,n=30,start_thres=1.25,min_cluster_size=3",hub,0.25,10,0,40,1730,0,0,40,1730,0.0,0.0,0.0,0.0,0.1655789640816775
fbc_tfnbs,"e=1.4,h=7.0,n=30,start_thres=1.25,min_cluster_size=3",hub,0.25,10,0,40,1730,2,1,38,1729,0.05,0.0005780346820809,0.6666666666666666,0.3333333333333333,0.1655789640816775
fbc_tfnbs,"e=1.4,h=8.0,n=30,start_thres=1.25,min_cluster_size=3",hub,0.25,10,0,40,1730,2,1,38,1729,0.05,0.0005780346820809,0.6666666666666666,0.3333333333333333,0.1655789640816775
fbc_tfnbs,"e=1.4,h=9.0,n=30,start_thres=1.25,min_cluster_size=3",hub,0.25,10,0,40,1730,2,1,38,1729,0.05,0.0005780346820809,0.6666666666666666,0.3333333333333333,0.1655789640816775
fbc_tfnbs,"e=1.4,h=10.0,n=30,start_thres=1.25,min_cluster_size=3",hub,0.25,10,0,40,1730,2,1,38,1729,0.05,0.0005780346820809,0.6666666666666666,0.3333333333333333,0.1655789640816775
fbc_tfnbs,"e=1.5,h=0.5,n=30,start_thres=1.25,min_cluster_size=3",hub,0.25,10,0,40,1730,0,0,40,1730,0.0,0.0,0.0,0.0,0.1655789640816775
fbc_tfnbs,"e=1.5,h=1.0,n=30,start_thres=1.25,min_cluster_size=3",hub,0.25,10,0,40,1730,0,0,40,1730,0.0,0.0,0.0,0.0,0.1655789640816775
fbc_tfnbs,"e=1.5,h=2.0,n=30,start_thres=1.25,min_cluster_size=3",hub,0.25,10,0,40,1730,0,0,40,1730,0.0,0.0,0.0,0.0,0.1655789640816775
fbc_tfnbs,"e=1.5,h=3.0,n=30,start_thres=1.25,min_cluster_size=3",hub,0.25,10,0,40,1730,0,0,40,1730,0.0,0.0,0.0,0.0,0.1655789640816775
fbc_tfnbs,"e=1.5,h=4.0,n=30,start_thres=1.25,min_cluster_size=3",hub,0.25,10,0,40,1730,0,0,40,1730,0.0,0.0,0.0,0.0,0.1655789640816775
fbc_tfnbs,"e=1.5,h=5.0,n=30,start_thres=1.25,min_cluster_size=3",hub,0.25,10,0,40,1730,0,0,40,1730,0.0,0.0,0.0,0.0,0.1655789640816775
fbc_tfnbs,"e=1.5,h=6.0,n=30,start_thres=1.25,min_cluster_size=3",hub,0.25,10,0,40,1730,0,0,40,1730,0.0,0.0,0.0,0.0,0.1655789640816775
fbc_tfnbs,"e=1.5,h=7.0,n=30,start_thres=1.25,min_cluster_size=3",hub,0.25,10,0,40,1730,2,1,38,1729,0.05,0.0005780346820809,0.6666666666666666,0.3333333333333333,0.1655789640816775
fbc_tfnbs,"e=1.5,h=8.0,n=30,start_thres=1.25,min_cluster_size=3",hub,0.25,10,0,40,1730,2,1,38,1729,0.05,0.0005780346820809,0.6666666666666666,0.3333333333333333,0.1655789640816775
fbc_tfnbs,"e=1.5,h=9.0,n=30,start_thres=1.25,min_cluster_size=3",hub,0.25,10,0,40,1730,2,1,38,1729,0.05,0.0005780346820809,0.6666666666666666,0.3333333333333333,0.1655789640816775
fbc_tfnbs,"e=1.5,h=10.0,n=30,start_thres=1.25,min_cluster_size=3",hub,0.25,10,0,40,1730,2,1,38,1729,0.05,0.0005780346820809,0.6666666666666666,0.3333333333333333,0.1655789640816775
fbc_tfnbs,"e=0.05,h=0.5,n=30,start_thres=1.25,min_cluster_size=3",hub,0.25,10,1,40,1730,0,0,40,1730,0.0,0.0,0.0,0.0,0.1630341573195024
fbc_tfnbs,"e=0.05,h=1.0,n=30,start_thres=1.25,min_cluster_size=3",hub,0.25,10,1,40,1730,0,0,40,1730,0.0,0.0,0.0,0.0,0.1630341573195024
fbc_tfnbs,"e=0.05,h=2.0,n=30,start_thres=1.25,min_cluster_size=3",hub,0.25,10,1,40,1730,0,0,40,1730,0.0,0.0,0.0,0.0,0.1630341573195024
fbc_tfnbs,"e=0.05,h=3.0,n=30,start_thres=1.25,min_cluster_size=3",hub,0.25,10,1,40,1730,0,0,40,1730,0.0,0.0,0.0,0.0,0.1630341573195024
fbc_tfnbs,"e=0.05,h=4.0,n=30,start_thres=1.25,min_cluster_size=3",hub,0.25,10,1,40,1730,0,0,40,1730,0.0,0.0,0.0,0.0,0.1630341573195024
fbc_tfnbs,"e=0.05,h=5.0,n=30,start_thres=1.25,min_cluster_size=3",hub,0.25,10,1,40,1730,0,0,40,1730,0.0,0.0,0.0,0.0,0.1630341573195024
fbc_tfnbs,"e=0.05,h=6.0,n=30,start_thres=1.25,min_cluster_size=3",hub,0.25,10,1,40,1730,0,0,40,1730,0.0,0.0,0.0,0.0,0.1630341573195024
fbc_tfnbs,"e=0.05,h=7.0,n=30,start_thres=1.25,min_cluster_size=3",hub,0.25,10,1,40,1730,0,0,40,1730,0.0,0.0,0.0,0.0,0.1630341573195024
fbc_tfnbs,"e=0.05,h=8.0,n=30,start_thres=1.25,min_cluster_size=3",hub,0.25,10,1,40,1730,0,0,40,1730,0.0,0.0,0.0,0.0,0.1630341573195024
fbc_tfnbs,"e=0.05,h=9.0,n=30,start_thres=1.25,min_cluster_size=3",hub,0.25,10,1,40,1730,0,0,40,1730,0.0,0.0,0.0,0.0,0.1630341573195024
fbc_tfnbs,"e=0.05,h=10.0,n=30,start_thres=1.25,min_cluster_size=3",hub,0.25,10,1,40,1730,0,0,40,1730,0.0,0.0,0.0,0.0,0.1630341573195024
fbc_tfnbs,"e=0.1,h=0.5,n=30,start_thres=1.25,min_cluster_size=3",hub,0.25,10,1,40,1730,0,0,40,1730,0.0,0.0,0.0,0.0,0.1630341573195024
fbc_tfnbs,"e=0.1,h=1.0,n=30,start_thres=1.25,min_cluster_size=3",hub,0.25,10,1,40,1730,0,0,40,1730,0.0,0.0,0.0,0.0,0.1630341573195024
fbc_tfnbs,"e=0.1,h=2.0,n=30,start_thres=1.25,min_cluster_size=3",hub,0.25,10,1,40,1730,0,0,40,1730,0.0,0.0,0.0,0.0,0.1630341573195024
fbc_tfnbs,"e=0.1,h=3.0,n=30,start_thres=1.25,min_cluster_size=3",hub,0.25,10,1,40,1730,0,0,40,1730,0.0,0.0,0.0,0.0,0.1630341573195024
fbc_tfnbs,"e=0.1,h=4.0,n=30,start_thres=1.25,min_cluster_size=3",hub,0.25,10,1,40,1730,0,0,40,1730,0.0,0.0,0.0,0.0,0.1630341573195024
fbc_tfnbs,"e=0.1,h=5.0,n=30,start_thres=1.25,min_cluster_size=3",hub,0.25,10,1,40,1730,0,0,40,1730,0.0,0.0,0.0,0.0,0.1630341573195024
fbc_tfnbs,"e=0.1,h=6.0,n=30,start_thres=1.25,min_cluster_size=3",hub,0.25,10,1,40,1730,0,0,40,1730,0.0,0.0,0.0,0.0,0.1630341573195024
fbc_tfnbs,"e=0.1,h=7.0,n=30,start_thres=1.25,min_cluster_size=3",hub,0.25,10,1,40,1730,0,0,40,1730,0.0,0.0,0.0,0.0,0.1630341573195024
fbc_tfnbs,"e=0.1,h=8.0,n=30,start_thres=1.25,min_cluster_size=3",hub,0.25,10,1,40,1730,0,0,40,1730,0.0,0.0,0.0,0.0,0.1630341573195024
fbc_tfnbs,"e=0.1,h=9.0,n=30,start_thres=1.25,min_cluster_size=3",hub,0.25,10,1,40,1730,0,0,40,1730,0.0,0.0,0.0,0.0,0.1630341573195024
fbc_tfnbs,"e=0.1,h=10.0,n=30,start_thres=1.25,min_cluster_size=3",hub,0.25,10,1,40,1730,0,0,40,1730,0.0,0.0,0.0,0.0,0.1630341573195024
fbc_tfnbs,"e=0.2,h=0.5,n=30,start_thres=1.25,min_cluster_size=3",hub,0.25,10,1,40,1730,0,0,40,1730,0.0,0.0,0.0,0.0,0.1630341573195024
fbc_tfnbs,"e=0.2,h=1.0,n=30,start_thres=1.25,min_cluster_size=3",hub,0.25,10,1,40,1730,0,0,40,1730,0.0,0.0,0.0,0.0,0.1630341573195024
fbc_tfnbs,"e=0.2,h=2.0,n=30,start_thres=1.25,min_cluster_size=3",hub,0.25,10,1,40,1730,0,0,40,1730,0.0,0.0,0.0,0.0,0.1630341573195024
fbc_tfnbs,"e=0.2,h=3.0,n=30,start_thres=1.25,min_cluster_size=3",hub,0.25,10,1,40,1730,0,0,40,1730,0.0,0.0,0.0,0.0,0.1630341573195024
fbc_tfnbs,"e=0.2,h=4.0,n=30,start_thres=1.25,min_cluster_size=3",hub,0.25,10,1,40,1730,0,0,40,1730,0.0,0.0,0.0,0.0,0.1630341573195024
fbc_tfnbs,"e=0.2,h=5.0,n=30,start_thres=1.25,min_cluster_size=3",hub,0.25,10,1,40,1730,0,0,40,1730,0.0,0.0,0.0,0.0,0.1630341573195024
fbc_tfnbs,"e=0.2,h=6.0,n=30,start_thres=1.25,min_cluster_size=3",hub,0.25,10,1,40,1730,0,0,40,1730,0.0,0.0,0.0,0.0,0.1630341573195024
fbc_tfnbs,"e=0.2,h=7.0,n=30,start_thres=1.25,min_cluster_size=3",hub,0.25,10,1,40,1730,0,0,40,1730,0.0,0.0,0.0,0.0,0.1630341573195024
fbc_tfnbs,"e=0.2,h=8.0,n=30,start_thres=1.25,min_cluster_size=3",hub,0.25,10,1,40,1730,0,0,40,1730,0.0,0.0,0.0,0.0,0.1630341573195024
fbc_tfnbs,"e=0.2,h=9.0,n=30,start_thres=1.25,min_cluster_size=3",hub,0.25,10,1,40,1730,0,0,40,1730,0.0,0.0,0.0,0.0,0.1630341573195024
fbc_tfnbs,"e=0.2,h=10.0,n=30,start_thres=1.25,min_cluster_size=3",hub,0.25,10,1,40,1730,0,0,40,1730,0.0,0.0,0.0,0.0,0.1630341573195024
fbc_tfnbs,"e=0.3,h=0.5,n=30,start_thres=1.25,min_cluster_size=3",hub,0.25,10,1,40,1730,0,0,40,1730,0.0,0.0,0.0,0.0,0.1630341573195024
fbc_tfnbs,"e=0.3,h=1.0,n=30,start_thres=1.25,min_cluster_size=3",hub,0.25,10,1,40,1730,0,0,40,1730,0.0,0.0,0.0,0.0,0.1630341573195024
fbc_tfnbs,"e=0.3,h=2.0,n=30,start_thres=1.25,min_cluster_size=3",hub,0.25,10,1,40,1730,0,0,40,1730,0.0,0.0,0.0,0.0,0.1630341573195024
fbc_tfnbs,"e=0.3,h=3.0,n=30,start_thres=1.25,min_cluster_size=3",hub,0.25,10,1,40,1730,0,0,40,1730,0.0,0.0,0.0,0.0,0.1630341573195024
fbc_tfnbs,"e=0.3,h=4.0,n=30,start_thres=1.25,min_cluster_size=3",hub,0.25,10,1,40,1730,0,0,40,1730,0.0,0.0,0.0,0.0,0.1630341573195024
fbc_tfnbs,"e=0.3,h=5.0,n=30,start_thres=1.25,min_cluster_size=3",hub,0.25,10,1,40,1730,0,0,40,1730,0.0,0.0,0.0,0.0,0.1630341573195024
fbc_tfnbs,"e=0.3,h=6.0,n=30,start_thres=1.25,min_cluster_size=3",hub,0.25,10,1,40,1730,0,0,40,1730,0.0,0.0,0.0,0.0,0.1630341573195024
fbc_tfnbs,"e=0.3,h=7.0,n=30,start_thres=1.25,min_cluster_size=3",hub,0.25,10,1,40,1730,0,0,40,1730,0.0,0.0,0.0,0.0,0.1630341573195024
fbc_tfnbs,"e=0.3,h=8.0,n=30,start_thres=1.25,min_cluster_size=3",hub,0.25,10,1,40,1730,0,0,40,1730,0.0,0.0,0.0,0.0,0.1630341573195024
fbc_tfnbs,"e=0.3,h=9.0,n=30,start_thres=1.25,min_cluster_size=3",hub,0.25,10,1,40,1730,0,0,40,1730,0.0,0.0,0.0,0.0,0.1630341573195024
fbc_tfnbs,"e=0.3,h=10.0,n=30,start_thres=1.25,min_cluster_size=3",hub,0.25,10,1,40,1730,0,0,40,1730,0.0,0.0,0.0,0.0,0.1630341573195024
fbc_tfnbs,"e=0.4,h=0.5,n=30,start_thres=1.25,min_cluster_size=3",hub,0.25,10,1,40,1730,0,0,40,1730,0.0,0.0,0.0,0.0,0.1630341573195024
fbc_tfnbs,"e=0.4,h=1.0,n=30,start_thres=1.25,min_cluster_size=3",hub,0.25,10,1,40,1730,0,0,40,1730,0.0,0.0,0.0,0.0,0.1630341573195024
fbc_tfnbs,"e=0.4,h=2.0,n=30,start_thres=1.25,min_cluster_size=3",hub,0.25,10,1,40,1730,0,0,40,1730,0.0,0.0,0.0,0.0,0.1630341573195024
fbc_tfnbs,"e=0.4,h=3.0,n=30,start_thres=1.25,min_cluster_size=3",hub,0.25,10,1,40,1730,0,0,40,1730,0.0,0.0,0.0,0.0,0.1630341573195024
fbc_tfnbs,"e=0.4,h=4.0,n=30,start_thres=1.25,min_cluster_size=3",hub,0.25,10,1,40,1730,0,0,40,1730,0.0,0.0,0.0,0.0,0.1630341573195024
fbc_tfnbs,"e=0.4,h=5.0,n=30,start_thres=1.25,min_cluster_size=3",hub,0.25,10,1,40,1730,0,0,40,1730,0.0,0.0,0.0,0.0,0.1630341573195024
fbc_tfnbs,"e=0.4,h=6.0,n=30,start_thres=1.25,min_cluster_size=3",hub,0.25,10,1,40,1730,0,0,40,1730,0.0,0.0,0.0,0.0,0.1630341573195024
fbc_tfnbs,"e=0.4,h=7.0,n=30,start_thres=1.25,min_cluster_size=3",hub,0.25,10,1,40,1730,0,0,40,1730,0.0,0.0,0.0,0.0,0.1630341573195024
fbc_tfnbs,"e=0.4,h=8.0,n=30,start_thres=1.25,min_cluster_size=3",hub,0.25,10,1,40,1730,0,0,40,1730,0.0,0.0,0.0,0.0,0.1630341573195024
fbc_tfnbs,"e=0.4,h=9.0,n=30,start_thres=1.25,min_cluster_size=3",hub,0.25,10,1,40,1730,0,0,40,1730,0.0,0.0,0.0,0.0,0.1630341573195024
fbc_tfnbs,"e=0.4,h=10.0,n=30,start_thres=1.25,min_cluster_size=3",hub,0.25,10,1,40,1730,0,0,40,1730,0.0,0.0,0.0,0.0,0.1630341573195024
fbc_tfnbs,"e=0.5,h=0.5,n=30,start_thres=1.25,min_cluster_size=3",hub,0.25,10,1,40,1730,0,0,40,1730,0.0,0.0,0.0,0.0,0.1630341573195024
fbc_tfnbs,"e=0.5,h=1.0,n=30,start_thres=1.25,min_cluster_size=3",hub,0.25,10,1,40,1730,0,0,40,1730,0.0,0.0,0.0,0.0,0.1630341573195024
fbc_tfnbs,"e=0.5,h=2.0,n=30,start_thres=1.25,min_cluster_size=3",hub,0.25,10,1,40,1730,0,0,40,1730,0.0,0.0,0.0,0.0,0.1630341573195024
fbc_tfnbs,"e=0.5,h=3.0,n=30,start_thres=1.25,min_cluster_size=3",hub,0.25,10,1,40,1730,0,0,40,1730,0.0,0.0,0.0,0.0,0.1630341573195024
fbc_tfnbs,"e=0.5,h=4.0,n=30,start_thres=1.25,min_cluster_size=3",hub,0.25,10,1,40,1730,0,0,40,1730,0.0,0.0,0.0,0.0,0.1630341573195024
fbc_tfnbs,"e=0.5,h=5.0,n=30,start_thres=1.25,min_cluster_size=3",hub,0.25,10,1,40,1730,0,0,40,1730,0.0,0.0,0.0,0.0,0.1630341573195024
fbc_tfnbs,"e=0.5,h=6.0,n=30,start_thres=1.25,min_cluster_size=3",hub,0.25,10,1,40,1730,0,0,40,1730,0.0,0.0,0.0,0.0,0.1630341573195024
fbc_tfnbs,"e=0.5,h=7.0,n=30,start_thres=1.25,min_cluster_size=3",hub,0.25,10,1,40,1730,0,0,40,1730,0.0,0.0,0.0,0.0,0.1630341573195024
fbc_tfnbs,"e=0.5,h=8.0,n=30,start_thres=1.25,min_cluster_size=3",hub,0.25,10,1,40,1730,0,0,40,1730,0.0,0.0,0.0,0.0,0.1630341573195024
fbc_tfnbs,"e=0.5,h=9.0,n=30,start_thres=1.25,min_cluster_size=3",hub,0.25,10,1,40,1730,0,0,40,1730,0.0,0.0,0.0,0.0,0.1630341573195024
fbc_tfnbs,"e=0.5,h=10.0,n=30,start_thres=1.25,min_cluster_size=3",hub,0.25,10,1,40,1730,0,0,40,1730,0.0,0.0,0.0,0.0,0.1630341573195024
fbc_tfnbs,"e=0.6,h=0.5,n=30,start_thres=1.25,min_cluster_size=3",hub,0.25,10,1,40,1730,0,0,40,1730,0.0,0.0,0.0,0.0,0.1630341573195024
fbc_tfnbs,"e=0.6,h=1.0,n=30,start_thres=1.25,min_cluster_size=3",hub,0.25,10,1,40,1730,0,0,40,1730,0.0,0.0,0.0,0.0,0.1630341573195024
fbc_tfnbs,"e=0.6,h=2.0,n=30,start_thres=1.25,min_cluster_size=3",hub,0.25,10,1,40,1730,0,0,40,1730,0.0,0.0,0.0,0.0,0.1630341573195024
fbc_tfnbs,"e=0.6,h=3.0,n=30,start_thres=1.25,min_cluster_size=3",hub,0.25,10,1,40,1730,0,0,40,1730,0.0,0.0,0.0,0.0,0.1630341573195024
fbc_tfnbs,"e=0.6,h=4.0,n=30,start_thres=1.25,min_cluster_size=3",hub,0.25,10,1,40,1730,0,0,40,1730,0.0,0.0,0.0,0.0,0.1630341573195024
fbc_tfnbs,"e=0.6,h=5.0,n=30,start_thres=1.25,min_cluster_size=3",hub,0.25,10,1,40,1730,0,0,40,1730,0.0,0.0,0.0,0.0,0.1630341573195024
fbc_tfnbs,"e=0.6,h=6.0,n=30,start_thres=1.25,min_cluster_size=3",hub,0.25,10,1,40,1730,0,0,40,1730,0.0,0.0,0.0,0.0,0.1630341573195024
fbc_tfnbs,"e=0.6,h=7.0,n=30,start_thres=1.25,min_cluster_size=3",hub,0.25,10,1,40,1730,0,0,40,1730,0.0,0.0,0.0,0.0,0.1630341573195024
fbc_tfnbs,"e=0.6,h=8.0,n=30,start_thres=1.25,min_cluster_size=3",hub,0.25,10,1,40,1730,0,0,40,1730,0.0,0.0,0.0,0.0,0.1630341573195024
fbc_tfnbs,"e=0.6,h=9.0,n=30,start_thres=1.25,min_cluster_size=3",hub,0.25,10,1,40,1730,0,0,40,1730,0.0,0.0,0.0,0.0,0.1630341573195024
fbc_tfnbs,"e=0.6,h=10.0,n=30,start_thres=1.25,min_cluster_size=3",hub,0.25,10,1,40,1730,0,0,40,1730,0.0,0.0,0.0,0.0,0.1630341573195024
fbc_tfnbs,"e=0.7,h=0.5,n=30,start_thres=1.25,min_cluster_size=3",hub,0.25,10,1,40,1730,0,0,40,1730,0.0,0.0,0.0,0.0,0.1630341573195024
fbc_tfnbs,"e=0.7,h=1.0,n=30,start_thres=1.25,min_cluster_size=3",hub,0.25,10,1,40,1730,0,0,40,1730,0.0,0.0,0.0,0.0,0.1630341573195024
fbc_tfnbs,"e=0.7,h=2.0,n=30,start_thres=1.25,min_cluster_size=3",hub,0.25,10,1,40,1730,0,0,40,1730,0.0,0.0,0.0,0.0,0.1630341573195024
fbc_tfnbs,"e=0.7,h=3.0,n=30,start_thres=1.25,min_cluster_size=3",hub,0.25,10,1,40,1730,0,0,40,1730,0.0,0.0,0.0,0.0,0.1630341573195024
fbc_tfnbs,"e=0.7,h=4.0,n=30,start_thres=1.25,min_cluster_size=3",hub,0.25,10,1,40,1730,0,0,40,1730,0.0,0.0,0.0,0.0,0.1630341573195024
fbc_tfnbs,"e=0.7,h=5.0,n=30,start_thres=1.25,min_cluster_size=3",hub,0.25,10,1,40,1730,0,0,40,1730,0.0,0.0,0.0,0.0,0.1630341573195024
fbc_tfnbs,"e=0.7,h=6.0,n=30,start_thres=1.25,min_cluster_size=3",hub,0.25,10,1,40,1730,0,0,40,1730,0.0,0.0,0.0,0.0,0.1630341573195024
fbc_tfnbs,"e=0.7,h=7.0,n=30,start_thres=1.25,min_cluster_size=3",hub,0.25,10,1,40,1730,0,0,40,1730,0.0,0.0,0.0,0.0,0.1630341573195024
fbc_tfnbs,"e=0.7,h=8.0,n=30,start_thres=1.25,min_cluster_size=3",hub,0.25,10,1,40,1730,0,0,40,1730,0.0,0.0,0.0,0.0,0.1630341573195024
fbc_tfnbs,"e=0.7,h=9.0,n=30,start_thres=1.25,min_cluster_size=3",hub,0.25,10,1,40,1730,0,0,40,1730,0.0,0.0,0.0,0.0,0.1630341573195024
fbc_tfnbs,"e=0.7,h=10.0,n=30,start_thres=1.25,min_cluster_size=3",hub,0.25,10,1,40,1730,0,0,40,1730,0.0,0.0,0.0,0.0,0.1630341573195024
fbc_tfnbs,"e=0.8,h=0.5,n=30,start_thres=1.25,min_cluster_size=3",hub,0.25,10,1,40,1730,0,0,40,1730,0.0,0.0,0.0,0.0,0.1630341573195024
fbc_tfnbs,"e=0.8,h=1.0,n=30,start_thres=1.25,min_cluster_size=3",hub,0.25,10,1,40,1730,0,0,40,1730,0.0,0.0,0.0,0.0,0.1630341573195024
fbc_tfnbs,"e=0.8,h=2.0,n=30,start_thres=1.25,min_cluster_size=3",hub,0.25,10,1,40,1730,0,0,40,1730,0.0,0.0,0.0,0.0,0.1630341573195024
fbc_tfnbs,"e=0.8,h=3.0,n=30,start_thres=1.25,min_cluster_size=3",hub,0.25,10,1,40,1730,0,0,40,1730,0.0,0.0,0.0,0.0,0.1630341573195024
fbc_tfnbs,"e=0.8,h=4.0,n=30,start_thres=1.25,min_cluster_size=3",hub,0.25,10,1,40,1730,0,0,40,1730,0.0,0.0,0.0,0.0,0.1630341573195024
fbc_tfnbs,"e=0.8,h=5.0,n=30,start_thres=1.25,min_cluster_size=3",hub,0.25,10,1,40,1730,0,0,40,1730,0.0,0.0,0.0,0.0,0.1630341573195024
fbc_tfnbs,"e=0.8,h=6.0,n=30,start_thres=1.25,min_cluster_size=3",hub,0.25,10,1,40,1730,0,0,40,1730,0.0,0.0,0.0,0.0,0.1630341573195024
fbc_tfnbs,"e=0.8,h=7.0,n=30,start_thres=1.25,min_cluster_size=3",hub,0.25,10,1,40,1730,0,0,40,1730,0.0,0.0,0.0,0.0,0.1630341573195024
fbc_tfnbs,"e=0.8,h=8.0,n=30,start_thres=1.25,min_cluster_size=3",hub,0.25,10,1,40,1730,0,0,40,1730,0.0,0.0,0.0,0.0,0.1630341573195024
fbc_tfnbs,"e=0.8,h=9.0,n=30,start_thres=1.25,min_cluster_size=3",hub,0.25,10,1,40,1730,0,0,40,1730,0.0,0.0,0.0,0.0,0.1630341573195024
fbc_tfnbs,"e=0.8,h=10.0,n=30,start_thres=1.25,min_cluster_size=3",hub,0.25,10,1,40,1730,0,0,40,1730,0.0,0.0,0.0,0.0,0.1630341573195024
fbc_tfnbs,"e=0.9,h=0.5,n=30,start_thres=1.25,min_cluster_size=3",hub,0.25,10,1,40,1730,0,0,40,1730,0.0,0.0,0.0,0.0,0.1630341573195024
fbc_tfnbs,"e=0.9,h=1.0,n=30,start_thres=1.25,min_cluster_size=3",hub,0.25,10,1,40,1730,0,0,40,1730,0.0,0.0,0.0,0.0,0.1630341573195024
fbc_tfnbs,"e=0.9,h=2.0,n=30,start_thres=1.25,min_cluster_size=3",hub,0.25,10,1,40,1730,0,0,40,1730,0.0,0.0,0.0,0.0,0.1630341573195024
fbc_tfnbs,"e=0.9,h=3.0,n=30,start_thres=1.25,min_cluster_size=3",hub,0.25,10,1,40,1730,0,0,40,1730,0.0,0.0,0.0,0.0,0.1630341573195024
fbc_tfnbs,"e=0.9,h=4.0,n=30,start_thres=1.25,min_cluster_size=3",hub,0.25,10,1,40,1730,0,0,40,1730,0.0,0.0,0.0,0.0,0.1630341573195024
fbc_tfnbs,"e=0.9,h=5.0,n=30,start_thres=1.25,min_cluster_size=3",hub,0.25,10,1,40,1730,0,0,40,1730,0.0,0.0,0.0,0.0,0.1630341573195024
fbc_tfnbs,"e=0.9,h=6.0,n=30,start_thres=1.25,min_cluster_size=3",hub,0.25,10,1,40,1730,0,0,40,1730,0.0,0.0,0.0,0.0,0.1630341573195024
fbc_tfnbs,"e=0.9,h=7.0,n=30,start_thres=1.25,min_cluster_size=3",hub,0.25,10,1,40,1730,0,0,40,1730,0.0,0.0,0.0,0.0,0.1630341573195024
fbc_tfnbs,"e=0.9,h=8.0,n=30,start_thres=1.25,min_cluster_size=3",hub,0.25,10,1,40,1730,0,0,40,1730,0.0,0.0,0.0,0.0,0.1630341573195024
fbc_tfnbs,"e=0.9,h=9.0,n=30,start_thres=1.25,min_cluster_size=3",hub,0.25,10,1,40,1730,0,0,40,1730,0.0,0.0,0.0,0.0,0.1630341573195024
fbc_tfnbs,"e=0.9,h=10.0,n=30,start_thres=1.25,min_cluster_size=3",hub,0.25,10,1,40,1730,0,0,40,1730,0.0,0.0,0.0,0.0,0.1630341573195024
fbc_tfnbs,"e=1.0,h=0.5,n=30,start_thres=1.25,min_cluster_size=3",hub,0.25,10,1,40,1730,0,0,40,1730,0.0,0.0,0.0,0.0,0.1630341573195024
fbc_tfnbs,"e=1.0,h=1.0,n=30,start_thres=1.25,min_cluster_size=3",hub,0.25,10,1,40,1730,0,0,40,1730,0.0,0.0,0.0,0.0,0.1630341573195024
fbc_tfnbs,"e=1.0,h=2.0,n=30,start_thres=1.25,min_cluster_size=3",hub,0.25,10,1,40,1730,0,0,40,1730,0.0,0.0,0.0,0.0,0.1630341573195024
fbc_tfnbs,"e=1.0,h=3.0,n=30,start_thres=1.25,min_cluster_size=3",hub,0.25,10,1,40,1730,0,0,40,1730,0.0,0.0,0.0,0.0,0.1630341573195024
fbc_tfnbs,"e=1.0,h=4.0,n=30,start_thres=1.25,min_cluster_size=3",hub,0.25,10,1,40,1730,0,0,40,1730,0.0,0.0,0.0,0.0,0.1630341573195024
fbc_tfnbs,"e=1.0,h=5.0,n=30,start_thres=1.25,min_cluster_size=3",hub,0.25,10,1,40,1730,0,0,40,1730,0.0,0.0,0.0,0.0,0.1630341573195024
fbc_tfnbs,"e=1.0,h=6.0,n=30,start_thres=1.25,min_cluster_size=3",hub,0.25,10,1,40,1730,0,0,40,1730,0.0,0.0,0.0,0.0,0.1630341573195024
fbc_tfnbs,"e=1.0,h=7.0,n=30,start_thres=1.25,min_cluster_size=3",hub,0.25,10,1,40,1730,0,0,40,1730,0.0,0.0,0.0,0.0,0.1630341573195024
fbc_tfnbs,"e=1.0,h=8.0,n=30,start_thres=1.25,min_cluster_size=3",hub,0.25,10,1,40,1730,0,0,40,1730,0.0,0.0,0.0,0.0,0.1630341573195024
fbc_tfnbs,"e=1.0,h=9.0,n=30,start_thres=1.25,min_cluster_size=3",hub,0.25,10,1,40,1730,0,0,40,1730,0.0,0.0,0.0,0.0,0.1630341573195024
fbc_tfnbs,"e=1.0,h=10.0,n=30,start_thres=1.25,min_cluster_size=3",hub,0.25,10,1,40,1730,0,0,40,1730,0.0,0.0,0.0,0.0,0.1630341573195024
fbc_tfnbs,"e=1.1,h=0.5,n=30,start_thres=1.25,min_cluster_size=3",hub,0.25,10,1,40,1730,0,0,40,1730,0.0,0.0,0.0,0.0,0.1630341573195024
fbc_tfnbs,"e=1.1,h=1.0,n=30,start_thres=1.25,min_cluster_size=3",hub,0.25,10,1,40,1730,0,0,40,1730,0.0,0.0,0.0,0.0,0.1630341573195024
fbc_tfnbs,"e=1.1,h=2.0,n=30,start_thres=1.25,min_cluster_size=3",hub,0.25,10,1,40,1730,0,0,40,1730,0.0,0.0,0.0,0.0,0.1630341573195024
fbc_tfnbs,"e=1.1,h=3.0,n=30,start_thres=1.25,min_cluster_size=3",hub,0.25,10,1,40,1730,0,0,40,1730,0.0,0.0,0.0,0.0,0.1630341573195024
fbc_tfnbs,"e=1.1,h=4.0,n=30,start_thres=1.25,min_cluster_size=3",hub,0.25,10,1,40,1730,0,0,40,1730,0.0,0.0,0.0,0.0,0.1630341573195024
fbc_tfnbs,"e=1.1,h=5.0,n=30,start_thres=1.25,min_cluster_size=3",hub,0.25,10,1,40,1730,0,0,40,1730,0.0,0.0,0.0,0.0,0.1630341573195024
fbc_tfnbs,"e=1.1,h=6.0,n=30,start_thres=1.25,min_cluster_size=3",hub,0.25,10,1,40,1730,0,0,40,1730,0.0,0.0,0.0,0.0,0.1630341573195024
fbc_tfnbs,"e=1.1,h=7.0,n=30,start_thres=1.25,min_cluster_size=3",hub,0.25,10,1,40,1730,0,0,40,1730,0.0,0.0,0.0,0.0,0.1630341573195024
fbc_tfnbs,"e=1.1,h=8.0,n=30,start_thres=1.25,min_cluster_size=3",hub,0.25,10,1,40,1730,0,0,40,1730,0.0,0.0,0.0,0.0,0.1630341573195024
fbc_tfnbs,"e=1.1,h=9.0,n=30,start_thres=1.25,min_cluster_size=3",hub,0.25,10,1,40,1730,0,0,40,1730,0.0,0.0,0.0,0.0,0.1630341573195024
fbc_tfnbs,"e=1.1,h=10.0,n=30,start_thres=1.25,min_cluster_size=3",hub,0.25,10,1,40,1730,0,0,40,1730,0.0,0.0,0.0,0.0,0.1630341573195024
fbc_tfnbs,"e=1.2,h=0.5,n=30,start_thres=1.25,min_cluster_size=3",hub,0.25,10,1,40,1730,0,0,40,1730,0.0,0.0,0.0,0.0,0.1630341573195024
fbc_tfnbs,"e=1.2,h=1.0,n=30,start_thres=1.25,min_cluster_size=3",hub,0.25,10,1,40,1730,0,0,40,1730,0.0,0.0,0.0,0.0,0.1630341573195024
fbc_tfnbs,"e=1.2,h=2.0,n=30,start_thres=1.25,min_cluster_size=3",hub,0.25,10,1,40,1730,0,0,40,1730,0.0,0.0,0.0,0.0,0.1630341573195024
fbc_tfnbs,"e=1.2,h=3.0,n=30,start_thres=1.25,min_cluster_size=3",hub,0.25,10,1,40,1730,0,0,40,1730,0.0,0.0,0.0,0.0,0.1630341573195024
fbc_tfnbs,"e=1.2,h=4.0,n=30,start_thres=1.25,min_cluster_size=3",hub,0.25,10,1,40,1730,0,0,40,1730,0.0,0.0,0.0,0.0,0.1630341573195024
fbc_tfnbs,"e=1.2,h=5.0,n=30,start_thres=1.25,min_cluster_size=3",hub,0.25,10,1,40,1730,0,0,40,1730,0.0,0.0,0.0,0.0,0.1630341573195024
fbc_tfnbs,"e=1.2,h=6.0,n=30,start_thres=1.25,min_cluster_size=3",hub,0.25,10,1,40,1730,0,0,40,1730,0.0,0.0,0.0,0.0,0.1630341573195024
fbc_tfnbs,"e=1.2,h=7.0,n=30,start_thres=1.25,min_cluster_size=3",hub,0.25,10,1,40,1730,0,0,40,1730,0.0,0.0,0.0,0.0,0.1630341573195024
fbc_tfnbs,"e=1.2,h=8.0,n=30,start_thres=1.25,min_cluster_size=3",hub,0.25,10,1,40,1730,0,0,40,1730,0.0,0.0,0.0,0.0,0.1630341573195024
fbc_tfnbs,"e=1.2,h=9.0,n=30,start_thres=1.25,min_cluster_size=3",hub,0.25,10,1,40,1730,0,0,40,1730,0.0,0.0,0.0,0.0,0.1630341573195024
fbc_tfnbs,"e=1.2,h=10.0,n=30,start_thres=1.25,min_cluster_size=3",hub,0.25,10,1,40,1730,0,0,40,1730,0.0,0.0,0.0,0.0,0.1630341573195024
fbc_tfnbs,"e=1.3,h=0.5,n=30,start_thres=1.25,min_cluster_size=3",hub,0.25,10,1,40,1730,0,0,40,1730,0.0,0.0,0.0,0.0,0.1630341573195024
fbc_tfnbs,"e=1.3,h=1.0,n=30,start_thres=1.25,min_cluster_size=3",hub,0.25,10,1,40,1730,0,0,40,1730,0.0,0.0,0.0,0.0,0.1630341573195024
fbc_tfnbs,"e=1.3,h=2.0,n=30,start_thres=1.25,min_cluster_size=3",hub,0.25,10,1,40,1730,0,0,40,1730,0.0,0.0,0.0,0.0,0.1630341573195024
fbc_tfnbs,"e=1.3,h=3.0,n=30,start_thres=1.25,min_cluster_size=3",hub,0.25,10,1,40,1730,0,0,40,1730,0.0,0.0,0.0,0.0,0.1630341573195024
fbc_tfnbs,"e=1.3,h=4.0,n=30,start_thres=1.25,min_cluster_size=3",hub,0.25,10,1,40,1730,0,0,40,1730,0.0,0.0,0.0,0.0,0.1630341573195024
fbc_tfnbs,"e=1.3,h=5.0,n=30,start_thres=1.25,min_cluster_size=3",hub,0.25,10,1,40,1730,0,0,40,1730,0.0,0.0,0.0,0.0,0.1630341573195024
fbc_tfnbs,"e=1.3,h=6.0,n=30,start_thres=1.25,min_cluster_size=3",hub,0.25,10,1,40,1730,0,0,40,1730,0.0,0.0,0.0,0.0,0.1630341573195024
fbc_tfnbs,"e=1.3,h=7.0,n=30,start_thres=1.25,min_cluster_size=3",hub,0.25,10,1,40,1730,0,0,40,1730,0.0,0.0,0.0,0.0,0.1630341573195024
fbc_tfnbs,"e=1.3,h=8.0,n=30,start_thres=1.25,min_cluster_size=3",hub,0.25,10,1,40,1730,0,0,40,1730,0.0,0.0,0.0,0.0,0.1630341573195024
fbc_tfnbs,"e=1.3,h=9.0,n=30,start_thres=1.25,min_cluster_size=3",hub,0.25,10,1,40,1730,0,0,40,1730,0.0,0.0,0.0,0.0,0.1630341573195024
fbc_tfnbs,"e=1.3,h=10.0,n=30,start_thres=1.25,min_cluster_size=3",hub,0.25,10,1,40,1730,0,0,40,1730,0.0,0.0,0.0,0.0,0.1630341573195024
fbc_tfnbs,"e=1.4,h=0.5,n=30,start_thres=1.25,min_cluster_size=3",hub,0.25,10,1,40,1730,0,0,40,1730,0.0,0.0,0.0,0.0,0.1630341573195024
fbc_tfnbs,"e=1.4,h=1.0,n=30,start_thres=1.25,min_cluster_size=3",hub,0.25,10,1,40,1730,0,0,40,1730,0.0,0.0,0.0,0.0,0.1630341573195024
fbc_tfnbs,"e=1.4,h=2.0,n=30,start_thres=1.25,min_cluster_size=3",hub,0.25,10,1,40,1730,0,0,40,1730,0.0,0.0,0.0,0.0,0.1630341573195024
fbc_tfnbs,"e=1.4,h=3.0,n=30,start_thres=1.25,min_cluster_size=3",hub,0.25,10,1,40,1730,0,0,40,1730,0.0,0.0,0.0,0.0,0.1630341573195024
fbc_tfnbs,"e=1.4,h=4.0,n=30,start_thres=1.25,min_cluster_size=3",hub,0.25,10,1,40,1730,0,0,40,1730,0.0,0.0,0.0,0.0,0.1630341573195024
fbc_tfnbs,"e=1.4,h=5.0,n=30,start_thres=1.25,min_cluster_size=3",hub,0.25,10,1,40,1730,0,0,40,1730,0.0,0.0,0.0,0.0,0.1630341573195024
fbc_tfnbs,"e=1.4,h=6.0,n=30,start_thres=1.25,min_cluster_size=3",hub,0.25,10,1,40,1730,0,0,40,1730,0.0,0.0,0.0,0.0,0.1630341573195024
fbc_tfnbs,"e=1.4,h=7.0,n=30,start_thres=1.25,min_cluster_size=3",hub,0.25,10,1,40,1730,0,0,40,1730,0.0,0.0,0.0,0.0,0.1630341573195024
fbc_tfnbs,"e=1.4,h=8.0,n=30,start_thres=1.25,min_cluster_size=3",hub,0.25,10,1,40,1730,0,0,40,1730,0.0,0.0,0.0,0.0,0.1630341573195024
fbc_tfnbs,"e=1.4,h=9.0,n=30,start_thres=1.25,min_cluster_size=3",hub,0.25,10,1,40,1730,0,0,40,1730,0.0,0.0,0.0,0.0,0.1630341573195024
fbc_tfnbs,"e=1.4,h=10.0,n=30,start_thres=1.25,min_cluster_size=3",hub,0.25,10,1,40,1730,0,0,40,1730,0.0,0.0,0.0,0.0,0.1630341573195024
fbc_tfnbs,"e=1.5,h=0.5,n=30,start_thres=1.25,min_cluster_size=3",hub,0.25,10,1,40,1730,0,0,40,1730,0.0,0.0,0.0,0.0,0.1630341573195024
fbc_tfnbs,"e=1.5,h=1.0,n=30,start_thres=1.25,min_cluster_size=3",hub,0.25,10,1,40,1730,0,0,40,1730,0.0,0.0,0.0,0.0,0.1630341573195024
fbc_tfnbs,"e=1.5,h=2.0,n=30,start_thres=1.25,min_cluster_size=3",hub,0.25,10,1,40,1730,0,0,40,1730,0.0,0.0,0.0,0.0,0.1630341573195024
fbc_tfnbs,"e=1.5,h=3.0,n=30,start_thres=1.25,min_cluster_size=3",hub,0.25,10,1,40,1730,0,0,40,1730,0.0,0.0,0.0,0.0,0.1630341573195024
fbc_tfnbs,"e=1.5,h=4.0,n=30,start_thres=1.25,min_cluster_size=3",hub,0.25,10,1,40,1730,0,0,40,1730,0.0,0.0,0.0,0.0,0.1630341573195024
fbc_tfnbs,"e=1.5,h=5.0,n=30,start_thres=1.25,min_cluster_size=3",hub,0.25,10,1,40,1730,0,0,40,1730,0.0,0.0,0.0,0.0,0.1630341573195024
fbc_tfnbs,"e=1.5,h=6.0,n=30,start_thres=1.25,min_cluster_size=3",hub,0.25,10,1,40,1730,0,0,40,1730,0.0,0.0,0.0,0.0,0.1630341573195024
fbc_tfnbs,"e=1.5,h=7.0,n=30,start_thres=1.25,min_cluster_size=3",hub,0.25,10,1,40,1730,0,0,40,1730,0.0,0.0,0.0,0.0,0.1630341573195024
fbc_tfnbs,"e=1.5,h=8.0,n=30,start_thres=1.25,min_cluster_size=3",hub,0.25,10,1,40,1730,0,0,40,1730,0.0,0.0,0.0,0.0,0.1630341573195024
fbc_tfnbs,"e=1.5,h=9.0,n=30,start_thres=1.25,min_cluster_size=3",hub,0.25,10,1,40,1730,0,0,40,1730,0.0,0.0,0.0,0.0,0.1630341573195024
fbc_tfnbs,"e=1.5,h=10.0,n=30,start_thres=1.25,min_cluster_size=3",hub,0.25,10,1,40,1730,0,0,40,1730,0.0,0.0,0.0,0.0,0.1630341573195024
fbc_tfnbs,"e=0.05,h=0.5,n=30,start_thres=1.25,min_cluster_size=3",hub,0.25,10,2,40,1730,0,0,40,1730,0.0,0.0,0.0,0.0,0.1655135710131038
fbc_tfnbs,"e=0.05,h=1.0,n=30,start_thres=1.25,min_cluster_size=3",hub,0.25,10,2,40,1730,0,0,40,1730,0.0,0.0,0.0,0.0,0.1655135710131038
fbc_tfnbs,"e=0.05,h=2.0,n=30,start_thres=1.25,min_cluster_size=3",hub,0.25,10,2,40,1730,0,0,40,1730,0.0,0.0,0.0,0.0,0.1655135710131038
fbc_tfnbs,"e=0.05,h=3.0,n=30,start_thres=1.25,min_cluster_size=3",hub,0.25,10,2,40,1730,0,0,40,1730,0.0,0.0,0.0,0.0,0.1655135710131038
fbc_tfnbs,"e=0.05,h=4.0,n=30,start_thres=1.25,min_cluster_size=3",hub,0.25,10,2,40,1730,0,0,40,1730,0.0,0.0,0.0,0.0,0.1655135710131038
fbc_tfnbs,"e=0.05,h=5.0,n=30,start_thres=1.25,min_cluster_size=3",hub,0.25,10,2,40,1730,0,0,40,1730,0.0,0.0,0.0,0.0,0.1655135710131038
fbc_tfnbs,"e=0.05,h=6.0,n=30,start_thres=1.25,min_cluster_size=3",hub,0.25,10,2,40,1730,0,0,40,1730,0.0,0.0,0.0,0.0,0.1655135710131038
fbc_tfnbs,"e=0.05,h=7.0,n=30,start_thres=1.25,min_cluster_size=3",hub,0.25,10,2,40,1730,0,0,40,1730,0.0,0.0,0.0,0.0,0.1655135710131038
fbc_tfnbs,"e=0.05,h=8.0,n=30,start_thres=1.25,min_cluster_size=3",hub,0.25,10,2,40,1730,0,0,40,1730,0.0,0.0,0.0,0.0,0.1655135710131038
fbc_tfnbs,"e=0.05,h=9.0,n=30,start_thres=1.25,min_cluster_size=3",hub,0.25,10,2,40,1730,0,0,40,1730,0.0,0.0,0.0,0.0,0.1655135710131038
fbc_tfnbs,"e=0.05,h=10.0,n=30,start_thres=1.25,min_cluster_size=3",hub,0.25,10,2,40,1730,0,0,40,1730,0.0,0.0,0.0,0.0,0.1655135710131038
fbc_tfnbs,"e=0.1,h=0.5,n=30,start_thres=1.25,min_cluster_size=3",hub,0.25,10,2,40,1730,0,0,40,1730,0.0,0.0,0.0,0.0,0.1655135710131038
fbc_tfnbs,"e=0.1,h=1.0,n=30,start_thres=1.25,min_cluster_size=3",hub,0.25,10,2,40,1730,0,0,40,1730,0.0,0.0,0.0,0.0,0.1655135710131038
fbc_tfnbs,"e=0.1,h=2.0,n=30,start_thres=1.25,min_cluster_size=3",hub,0.25,10,2,40,1730,0,0,40,1730,0.0,0.0,0.0,0.0,0.1655135710131038
fbc_tfnbs,"e=0.1,h=3.0,n=30,start_thres=1.25,min_cluster_size=3",hub,0.25,10,2,40,1730,0,0,40,1730,0.0,0.0,0.0,0.0,0.1655135710131038
fbc_tfnbs,"e=0.1,h=4.0,n=30,start_thres=1.25,min_cluster_size=3",hub,0.25,10,2,40,1730,0,0,40,1730,0.0,0.0,0.0,0.0,0.1655135710131038
fbc_tfnbs,"e=0.1,h=5.0,n=30,start_thres=1.25,min_cluster_size=3",hub,0.25,10,2,40,1730,0,0,40,1730,0.0,0.0,0.0,0.0,0.1655135710131038
fbc_tfnbs,"e=0.1,h=6.0,n=30,start_thres=1.25,min_cluster_size=3",hub,0.25,10,2,40,1730,0,0,40,1730,0.0,0.0,0.0,0.0,0.1655135710131038
fbc_tfnbs,"e=0.1,h=7.0,n=30,start_thres=1.25,min_cluster_size=3",hub,0.25,10,2,40,1730,0,0,40,1730,0.0,0.0,0.0,0.0,0.1655135710131038
fbc_tfnbs,"e=0.1,h=8.0,n=30,start_thres=1.25,min_cluster_size=3",hub,0.25,10,2,40,1730,0,0,40,1730,0.0,0.0,0.0,0.0,0.1655135710131038
fbc_tfnbs,"e=0.1,h=9.0,n=30,start_thres=1.25,min_cluster_size=3",hub,0.25,10,2,40,1730,0,0,40,1730,0.0,0.0,0.0,0.0,0.1655135710131038
fbc_tfnbs,"e=0.1,h=10.0,n=30,start_thres=1.25,min_cluster_size=3",hub,0.25,10,2,40,1730,0,0,40,1730,0.0,0.0,0.0,0.0,0.1655135710131038
fbc_tfnbs,"e=0.2,h=0.5,n=30,start_thres=1.25,min_cluster_size=3",hub,0.25,10,2,40,1730,0,0,40,1730,0.0,0.0,0.0,0.0,0.1655135710131038
fbc_tfnbs,"e=0.2,h=1.0,n=30,start_thres=1.25,min_cluster_size=3",hub,0.25,10,2,40,1730,0,0,40,1730,0.0,0.0,0.0,0.0,0.1655135710131038
fbc_tfnbs,"e=0.2,h=2.0,n=30,start_thres=1.25,min_cluster_size=3",hub,0.25,10,2,40,1730,0,0,40,1730,0.0,0.0,0.0,0.0,0.1655135710131038
fbc_tfnbs,"e=0.2,h=3.0,n=30,start_thres=1.25,min_cluster_size=3",hub,0.25,10,2,40,1730,0,0,40,1730,0.0,0.0,0.0,0.0,0.1655135710131038
fbc_tfnbs,"e=0.2,h=4.0,n=30,start_thres=1.25,min_cluster_size=3",hub,0.25,10,2,40,1730,0,0,40,1730,0.0,0.0,0.0,0.0,0.1655135710131038
fbc_tfnbs,"e=0.2,h=5.0,n=30,start_thres=1.25,min_cluster_size=3",hub,0.25,10,2,40,1730,0,0,40,1730,0.0,0.0,0.0,0.0,0.1655135710131038
fbc_tfnbs,"e=0.2,h=6.0,n=30,start_thres=1.25,min_cluster_size=3",hub,0.25,10,2,40,1730,0,0,40,1730,0.0,0.0,0.0,0.0,0.1655135710131038
fbc_tfnbs,"e=0.2,h=7.0,n=30,start_thres=1.25,min_cluster_size=3",hub,0.25,10,2,40,1730,0,0,40,1730,0.0,0.0,0.0,0.0,0.1655135710131038
fbc_tfnbs,"e=0.2,h=8.0,n=30,start_thres=1.25,min_cluster_size=3",hub,0.25,10,2,40,1730,0,0,40,1730,0.0,0.0,0.0,0.0,0.1655135710131038
fbc_tfnbs,"e=0.2,h=9.0,n=30,start_thres=1.25,min_cluster_size=3",hub,0.25,10,2,40,1730,0,0,40,1730,0.0,0.0,0.0,0.0,0.1655135710131038
fbc_tfnbs,"e=0.2,h=10.0,n=30,start_thres=1.25,min_cluster_size=3",hub,0.25,10,2,40,1730,0,0,40,1730,0.0,0.0,0.0,0.0,0.1655135710131038
fbc_tfnbs,"e=0.3,h=0.5,n=30,start_thres=1.25,min_cluster_size=3",hub,0.25,10,2,40,1730,0,0,40,1730,0.0,0.0,0.0,0.0,0.1655135710131038
fbc_tfnbs,"e=0.3,h=1.0,n=30,start_thres=1.25,min_cluster_size=3",hub,0.25,10,2,40,1730,0,0,40,1730,0.0,0.0,0.0,0.0,0.1655135710131038
fbc_tfnbs,"e=0.3,h=2.0,n=30,start_thres=1.25,min_cluster_size=3",hub,0.25,10,2,40,1730,0,0,40,1730,0.0,0.0,0.0,0.0,0.1655135710131038
fbc_tfnbs,"e=0.3,h=3.0,n=30,start_thres=1.25,min_cluster_size=3",hub,0.25,10,2,40,1730,0,0,40,1730,0.0,0.0,0.0,0.0,0.1655135710131038
fbc_tfnbs,"e=0.3,h=4.0,n=30,start_thres=1.25,min_cluster_size=3",hub,0.25,10,2,40,1730,0,0,40,1730,0.0,0.0,0.0,0.0,0.1655135710131038
fbc_tfnbs,"e=0.3,h=5.0,n=30,start_thres=1.25,min_cluster_size=3",hub,0.25,10,2,40,1730,0,0,40,1730,0.0,0.0,0.0,0.0,0.1655135710131038
fbc_tfnbs,"e=0.3,h=6.0,n=30,start_thres=1.25,min_cluster_size=3",hub,0.25,10,2,40,1730,0,0,40,1730,0.0,0.0,0.0,0.0,0.1655135710131038
fbc_tfnbs,"e=0.3,h=7.0,n=30,start_thres=1.25,min_cluster_size=3",hub,0.25,10,2,40,1730,0,0,40,1730,0.0,0.0,0.0,0.0,0.1655135710131038
fbc_tfnbs,"e=0.3,h=8.0,n=30,start_thres=1.25,min_cluster_size=3",hub,0.25,10,2,40,1730,0,0,40,1730,0.0,0.0,0.0,0.0,0.1655135710131038
fbc_tfnbs,"e=0.3,h=9.0,n=30,start_thres=1.25,min_cluster_size=3",hub,0.25,10,2,40,1730,0,0,40,1730,0.0,0.0,0.0,0.0,0.1655135710131038
fbc_tfnbs,"e=0.3,h=10.0,n=30,start_thres=1.25,min_cluster_size=3",hub,0.25,10,2,40,1730,0,0,40,1730,0.0,0.0,0.0,0.0,0.1655135710131038
fbc_tfnbs,"e=0.4,h=0.5,n=30,start_thres=1.25,min_cluster_size=3",hub,0.25,10,2,40,1730,0,0,40,1730,0.0,0.0,0.0,0.0,0.1655135710131038
fbc_tfnbs,"e=0.4,h=1.0,n=30,start_thres=1.25,min_cluster_size=3",hub,0.25,10,2,40,1730,0,0,40,1730,0.0,0.0,0.0,0.0,0.1655135710131038
fbc_tfnbs,"e=0.4,h=2.0,n=30,start_thres=1.25,min_cluster_size=3",hub,0.25,10,2,40,1730,0,0,40,1730,0.0,0.0,0.0,0.0,0.1655135710131038
fbc_tfnbs,"e=0.4,h=3.0,n=30,start_thres=1.25,min_cluster_size=3",hub,0.25,10,2,40,1730,0,0,40,1730,0.0,0.0,0.0,0.0,0.1655135710131038
fbc_tfnbs,"e=0.4,h=4.0,n=30,start_thres=1.25,min_cluster_size=3",hub,0.25,10,2,40,1730,0,0,40,1730,0.0,0.0,0.0,0.0,0.1655135710131038
fbc_tfnbs,"e=0.4,h=5.0,n=30,start_thres=1.25,min_cluster_size=3",hub,0.25,10,2,40,1730,0,0,40,1730,0.0,0.0,0.0,0.0,0.1655135710131038
fbc_tfnbs,"e=0.4,h=6.0,n=30,start_thres=1.25,min_cluster_size=3",hub,0.25,10,2,40,1730,0,0,40,1730,0.0,0.0,0.0,0.0,0.1655135710131038
fbc_tfnbs,"e=0.4,h=7.0,n=30,start_thres=1.25,min_cluster_size=3",hub,0.25,10,2,40,1730,0,0,40,1730,0.0,0.0,0.0,0.0,0.1655135710131038
fbc_tfnbs,"e=0.4,h=8.0,n=30,start_thres=1.25,min_cluster_size=3",hub,0.25,10,2,40,1730,0,0,40,1730,0.0,0.0,0.0,0.0,0.1655135710131038
fbc_tfnbs,"e=0.4,h=9.0,n=30,start_thres=1.25,min_cluster_size=3",hub,0.25,10,2,40,1730,0,0,40,1730,0.0,0.0,0.0,0.0,0.1655135710131038
fbc_tfnbs,"e=0.4,h=10.0,n=30,start_thres=1.25,min_cluster_size=3",hub,0.25,10,2,40,1730,0,0,40,1730,0.0,0.0,0.0,0.0,0.1655135710131038
fbc_tfnbs,"e=0.5,h=0.5,n=30,start_thres=1.25,min_cluster_size=3",hub,0.25,10,2,40,1730,0,0,40,1730,0.0,0.0,0.0,0.0,0.1655135710131038
fbc_tfnbs,"e=0.5,h=1.0,n=30,start_thres=1.25,min_cluster_size=3",hub,0.25,10,2,40,1730,0,0,40,1730,0.0,0.0,0.0,0.0,0.1655135710131038
fbc_tfnbs,"e=0.5,h=2.0,n=30,start_thres=1.25,min_cluster_size=3",hub,0.25,10,2,40,1730,0,0,40,1730,0.0,0.0,0.0,0.0,0.1655135710131038
fbc_tfnbs,"e=0.5,h=3.0,n=30,start_thres=1.25,min_cluster_size=3",hub,0.25,10,2,40,1730,0,0,40,1730,0.0,0.0,0.0,0.0,0.1655135710131038
fbc_tfnbs,"e=0.5,h=4.0,n=30,start_thres=1.25,min_cluster_size=3",hub,0.25,10,2,40,1730,0,0,40,1730,0.0,0.0,0.0,0.0,0.1655135710131038
fbc_tfnbs,"e=0.5,h=5.0,n=30,start_thres=1.25,min_cluster_size=3",hub,0.25,10,2,40,1730,0,0,40,1730,0.0,0.0,0.0,0.0,0.1655135710131038
fbc_tfnbs,"e=0.5,h=6.0,n=30,start_thres=1.25,min_cluster_size=3",hub,0.25,10,2,40,1730,0,0,40,1730,0.0,0.0,0.0,0.0,0.1655135710131038
fbc_tfnbs,"e=0.5,h=7.0,n=30,start_thres=1.25,min_cluster_size=3",hub,0.25,10,2,40,1730,0,0,40,1730,0.0,0.0,0.0,0.0,0.1655135710131038
fbc_tfnbs,"e=0.5,h=8.0,n=30,start_thres=1.25,min_cluster_size=3",hub,0.25,10,2,40,1730,0,0,40,1730,0.0,0.0,0.0,0.0,0.1655135710131038
fbc_tfnbs,"e=0.5,h=9.0,n=30,start_thres=1.25,min_cluster_size=3",hub,0.25,10,2,40,1730,0,0,40,1730,0.0,0.0,0.0,0.0,0.1655135710131038
fbc_tfnbs,"e=0.5,h=10.0,n=30,start_thres=1.25,min_cluster_size=3",hub,0.25,10,2,40,1730,0,0,40,1730,0.0,0.0,0.0,0.0,0.1655135710131038
fbc_tfnbs,"e=0.6,h=0.5,n=30,start_thres=1.25,min_cluster_size=3",hub,0.25,10,2,40,1730,0,0,40,1730,0.0,0.0,0.0,0.0,0.1655135710131038
fbc_tfnbs,"e=0.6,h=1.0,n=30,start_thres=1.25,min_cluster_size=3",hub,0.25,10,2,40,1730,0,0,40,1730,0.0,0.0,0.0,0.0,0.1655135710131038
fbc_tfnbs,"e=0.6,h=2.0,n=30,start_thres=1.25,min_cluster_size=3",hub,0.25,10,2,40,1730,0,0,40,1730,0.0,0.0,0.0,0.0,0.1655135710131038
fbc_tfnbs,"e=0.6,h=3.0,n=30,start_thres=1.25,min_cluster_size=3",hub,0.25,10,2,40,1730,0,0,40,1730,0.0,0.0,0.0,0.0,0.1655135710131038
fbc_tfnbs,"e=0.6,h=4.0,n=30,start_thres=1.25,min_cluster_size=3",hub,0.25,10,2,40,1730,0,0,40,1730,0.0,0.0,0.0,0.0,0.1655135710131038
fbc_tfnbs,"e=0.6,h=5.0,n=30,start_thres=1.25,min_cluster_size=3",hub,0.25,10,2,40,1730,0,0,40,1730,0.0,0.0,0.0,0.0,0.1655135710131038
fbc_tfnbs,"e=0.6,h=6.0,n=30,start_thres=1.25,min_cluster_size=3",hub,0.25,10,2,40,1730,0,0,40,1730,0.0,0.0,0.0,0.0,0.1655135710131038
fbc_tfnbs,"e=0.6,h=7.0,n=30,start_thres=1.25,min_cluster_size=3",hub,0.25,10,2,40,1730,0,0,40,1730,0.0,0.0,0.0,0.0,0.1655135710131038
fbc_tfnbs,"e=0.6,h=8.0,n=30,start_thres=1.25,min_cluster_size=3",hub,0.25,10,2,40,1730,0,0,40,1730,0.0,0.0,0.0,0.0,0.1655135710131038
fbc_tfnbs,"e=0.6,h=9.0,n=30,start_thres=1.25,min_cluster_size=3",hub,0.25,10,2,40,1730,0,0,40,1730,0.0,0.0,0.0,0.0,0.1655135710131038
fbc_tfnbs,"e=0.6,h=10.0,n=30,start_thres=1.25,min_cluster_size=3",hub,0.25,10,2,40,1730,0,0,40,1730,0.0,0.0,0.0,0.0,0.1655135710131038
fbc_tfnbs,"e=0.7,h=0.5,n=30,start_thres=1.25,min_cluster_size=3",hub,0.25,10,2,40,1730,0,0,40,1730,0.0,0.0,0.0,0.0,0.1655135710131038
fbc_tfnbs,"e=0.7,h=1.0,n=30,start_thres=1.25,min_cluster_size=3",hub,0.25,10,2,40,1730,0,0,40,1730,0.0,0.0,0.0,0.0,0.1655135710131038
fbc_tfnbs,"e=0.7,h=2.0,n=30,start_thres=1.25,min_cluster_size=3",hub,0.25,10,2,40,1730,0,0,40,1730,0.0,0.0,0.0,0.0,0.1655135710131038
fbc_tfnbs,"e=0.7,h=3.0,n=30,start_thres=1.25,min_cluster_size=3",hub,0.25,10,2,40,1730,0,0,40,1730,0.0,0.0,0.0,0.0,0.1655135710131038
fbc_tfnbs,"e=0.7,h=4.0,n=30,start_thres=1.25,min_cluster_size=3",hub,0.25,10,2,40,1730,0,0,40,1730,0.0,0.0,0.0,0.0,0.1655135710131038
fbc_tfnbs,"e=0.7,h=5.0,n=30,start_thres=1.25,min_cluster_size=3",hub,0.25,10,2,40,1730,0,0,40,1730,0.0,0.0,0.0,0.0,0.1655135710131038
fbc_tfnbs,"e=0.7,h=6.0,n=30,start_thres=1.25,min_cluster_size=3",hub,0.25,10,2,40,1730,0,0,40,1730,0.0,0.0,0.0,0.0,0.1655135710131038
fbc_tfnbs,"e=0.7,h=7.0,n=30,start_thres=1.25,min_cluster_size=3",hub,0.25,10,2,40,1730,0,0,40,1730,0.0,0.0,0.0,0.0,0.1655135710131038
fbc_tfnbs,"e=0.7,h=8.0,n=30,start_thres=1.25,min_cluster_size=3",hub,0.25,10,2,40,1730,0,0,40,1730,0.0,0.0,0.0,0.0,0.1655135710131038
fbc_tfnbs,"e=0.7,h=9.0,n=30,start_thres=1.25,min_cluster_size=3",hub,0.25,10,2,40,1730,0,0,40,1730,0.0,0.0,0.0,0.0,0.1655135710131038
fbc_tfnbs,"e=0.7,h=10.0,n=30,start_thres=1.25,min_cluster_size=3",hub,0.25,10,2,40,1730,0,0,40,1730,0.0,0.0,0.0,0.0,0.1655135710131038
fbc_tfnbs,"e=0.8,h=0.5,n=30,start_thres=1.25,min_cluster_size=3",hub,0.25,10,2,40,1730,0,0,40,1730,0.0,0.0,0.0,0.0,0.1655135710131038
fbc_tfnbs,"e=0.8,h=1.0,n=30,start_thres=1.25,min_cluster_size=3",hub,0.25,10,2,40,1730,0,0,40,1730,0.0,0.0,0.0,0.0,0.1655135710131038
fbc_tfnbs,"e=0.8,h=2.0,n=30,start_thres=1.25,min_cluster_size=3",hub,0.25,10,2,40,1730,0,0,40,1730,0.0,0.0,0.0,0.0,0.1655135710131038
fbc_tfnbs,"e=0.8,h=3.0,n=30,start_thres=1.25,min_cluster_size=3",hub,0.25,10,2,40,1730,0,0,40,1730,0.0,0.0,0.0,0.0,0.1655135710131038
fbc_tfnbs,"e=0.8,h=4.0,n=30,start_thres=1.25,min_cluster_size=3",hub,0.25,10,2,40,1730,0,0,40,1730,0.0,0.0,0.0,0.0,0.1655135710131038
fbc_tfnbs,"e=0.8,h=5.0,n=30,start_thres=1.25,min_cluster_size=3",hub,0.25,10,2,40,1730,0,0,40,1730,0.0,0.0,0.0,0.0,0.1655135710131038
fbc_tfnbs,"e=0.8,h=6.0,n=30,start_thres=1.25,min_cluster_size=3",hub,0.25,10,2,40,1730,0,0,40,1730,0.0,0.0,0.0,0.0,0.1655135710131038
fbc_tfnbs,"e=0.8,h=7.0,n=30,start_thres=1.25,min_cluster_size=3",hub,0.25,10,2,40,1730,0,0,40,1730,0.0,0.0,0.0,0.0,0.1655135710131038
fbc_tfnbs,"e=0.8,h=8.0,n=30,start_thres=1.25,min_cluster_size=3",hub,0.25,10,2,40,1730,0,0,40,1730,0.0,0.0,0.0,0.0,0.1655135710131038
fbc_tfnbs,"e=0.8,h=9.0,n=30,start_thres=1.25,min_cluster_size=3",hub,0.25,10,2,40,1730,0,0,40,1730,0.0,0.0,0.0,0.0,0.1655135710131038
fbc_tfnbs,"e=0.8,h=10.0,n=30,start_thres=1.25,min_cluster_size=3",hub,0.25,10,2,40,1730,0,0,40,1730,0.0,0.0,0.0,0.0,0.1655135710131038
fbc_tfnbs,"e=0.9,h=0.5,n=30,start_thres=1.25,min_cluster_size=3",hub,0.25,10,2,40,1730,0,0,40,1730,0.0,0.0,0.0,0.0,0.1655135710131038
fbc_tfnbs,"e=0.9,h=1.0,n=30,start_thres=1.25,min_cluster_size=3",hub,0.25,10,2,40,1730,0,0,40,1730,0.0,0.0,0.0,0.0,0.1655135710131038
fbc_tfnbs,"e=0.9,h=2.0,n=30,start_thres=1.25,min_cluster_size=3",hub,0.25,10,2,40,1730,0,0,40,1730,0.0,0.0,0.0,0.0,0.1655135710131038
fbc_tfnbs,"e=0.9,h=3.0,n=30,start_thres=1.25,min_cluster_size=3",hub,0.25,10,2,40,1730,0,0,40,1730,0.0,0.0,0.0,0.0,0.1655135710131038
fbc_tfnbs,"e=0.9,h=4.0,n=30,start_thres=1.25,min_cluster_size=3",hub,0.25,10,2,40,1730,0,0,40,1730,0.0,0.0,0.0,0.0,0.1655135710131038
fbc_tfnbs,"e=0.9,h=5.0,n=30,start_thres=1.25,min_cluster_size=3",hub,0.25,10,2,40,1730,0,0,40,1730,0.0,0.0,0.0,0.0,0.1655135710131038
fbc_tfnbs,"e=0.9,h=6.0,n=30,start_thres=1.25,min_cluster_size=3",hub,0.25,10,2,40,1730,0,0,40,1730,0.0,0.0,0.0,0.0,0.1655135710131038
fbc_tfnbs,"e=0.9,h=7.0,n=30,start_thres=1.25,min_cluster_size=3",hub,0.25,10,2,40,1730,0,0,40,1730,0.0,0.0,0.0,0.0,0.1655135710131038
fbc_tfnbs,"e=0.9,h=8.0,n=30,start_thres=1.25,min_cluster_size=3",hub,0.25,10,2,40,1730,0,0,40,1730,0.0,0.0,0.0,0.0,0.1655135710131038
fbc_tfnbs,"e=0.9,h=9.0,n=30,start_thres=1.25,min_cluster_size=3",hub,0.25,10,2,40,1730,0,0,40,1730,0.0,0.0,0.0,0.0,0.1655135710131038
fbc_tfnbs,"e=0.9,h=10.0,n=30,start_thres=1.25,min_cluster_size=3",hub,0.25,10,2,40,1730,0,0,40,1730,0.0,0.0,0.0,0.0,0.1655135710131038
fbc_tfnbs,"e=1.0,h=0.5,n=30,start_thres=1.25,min_cluster_size=3",hub,0.25,10,2,40,1730,0,0,40,1730,0.0,0.0,0.0,0.0,0.1655135710131038
fbc_tfnbs,"e=1.0,h=1.0,n=30,start_thres=1.25,min_cluster_size=3",hub,0.25,10,2,40,1730,0,0,40,1730,0.0,0.0,0.0,0.0,0.1655135710131038
fbc_tfnbs,"e=1.0,h=2.0,n=30,start_thres=1.25,min_cluster_size=3",hub,0.25,10,2,40,1730,0,0,40,1730,0.0,0.0,0.0,0.0,0.1655135710131038
fbc_tfnbs,"e=1.0,h=3.0,n=30,start_thres=1.25,min_cluster_size=3",hub,0.25,10,2,40,1730,0,0,40,1730,0.0,0.0,0.0,0.0,0.1655135710131038
fbc_tfnbs,"e=1.0,h=4.0,n=30,start_thres=1.25,min_cluster_size=3",hub,0.25,10,2,40,1730,0,0,40,1730,0.0,0.0,0.0,0.0,0.1655135710131038
fbc_tfnbs,"e=1.0,h=5.0,n=30,start_thres=1.25,min_cluster_size=3",hub,0.25,10,2,40,1730,0,0,40,1730,0.0,0.0,0.0,0.0,0.1655135710131038
fbc_tfnbs,"e=1.0,h=6.0,n=30,start_thres=1.25,min_cluster_size=3",hub,0.25,10,2,40,1730,0,0,40,1730,0.0,0.0,0.0,0.0,0.1655135710131038
fbc_tfnbs,"e=1.0,h=7.0,n=30,start_thres=1.25,min_cluster_size=3",hub,0.25,10,2,40,1730,0,0,40,1730,0.0,0.0,0.0,0.0,0.1655135710131038
fbc_tfnbs,"e=1.0,h=8.0,n=30,start_thres=1.25,min_cluster_size=3",hub,0.25,10,2,40,1730,0,0,40,1730,0.0,0.0,0.0,0.0,0.1655135710131038
fbc_tfnbs,"e=1.0,h=9.0,n=30,start_thres=1.25,min_cluster_size=3",hub,0.25,10,2,40,1730,0,0,40,1730,0.0,0.0,0.0,0.0,0.1655135710131038
fbc_tfnbs,"e=1.0,h=10.0,n=30,start_thres=1.25,min_cluster_size=3",hub,0.25,10,2,40,1730,0,0,40,1730,0.0,0.0,0.0,0.0,0.1655135710131038
fbc_tfnbs,"e=1.1,h=0.5,n=30,start_thres=1.25,min_cluster_size=3",hub,0.25,10,2,40,1730,0,0,40,1730,0.0,0.0,0.0,0.0,0.1655135710131038
fbc_tfnbs,"e=1.1,h=1.0,n=30,start_thres=1.25,min_cluster_size=3",hub,0.25,10,2,40,1730,0,0,40,1730,0.0,0.0,0.0,0.0,0.1655135710131038
fbc_tfnbs,"e=1.1,h=2.0,n=30,start_thres=1.25,min_cluster_size=3",hub,0.25,10,2,40,1730,0,0,40,1730,0.0,0.0,0.0,0.0,0.1655135710131038
fbc_tfnbs,"e=1.1,h=3.0,n=30,start_thres=1.25,min_cluster_size=3",hub,0.25,10,2,40,1730,0,0,40,1730,0.0,0.0,0.0,0.0,0.1655135710131038
fbc_tfnbs,"e=1.1,h=4.0,n=30,start_thres=1.25,min_cluster_size=3",hub,0.25,10,2,40,1730,0,0,40,1730,0.0,0.0,0.0,0.0,0.1655135710131038
fbc_tfnbs,"e=1.1,h=5.0,n=30,start_thres=1.25,min_cluster_size=3",hub,0.25,10,2,40,1730,0,0,40,1730,0.0,0.0,0.0,0.0,0.1655135710131038
fbc_tfnbs,"e=1.1,h=6.0,n=30,start_thres=1.25,min_cluster_size=3",hub,0.25,10,2,40,1730,0,0,40,1730,0.0,0.0,0.0,0.0,0.1655135710131038
fbc_tfnbs,"e=1.1,h=7.0,n=30,start_thres=1.25,min_cluster_size=3",hub,0.25,10,2,40,1730,0,0,40,1730,0.0,0.0,0.0,0.0,0.1655135710131038
fbc_tfnbs,"e=1.1,h=8.0,n=30,start_thres=1.25,min_cluster_size=3",hub,0.25,10,2,40,1730,0,0,40,1730,0.0,0.0,0.0,0.0,0.1655135710131038
fbc_tfnbs,"e=1.1,h=9.0,n=30,start_thres=1.25,min_cluster_size=3",hub,0.25,10,2,40,1730,0,0,40,1730,0.0,0.0,0.0,0.0,0.1655135710131038
fbc_tfnbs,"e=1.1,h=10.0,n=30,start_thres=1.25,min_cluster_size=3",hub,0.25,10,2,40,1730,0,0,40,1730,0.0,0.0,0.0,0.0,0.1655135710131038
fbc_tfnbs,"e=1.2,h=0.5,n=30,start_thres=1.25,min_cluster_size=3",hub,0.25,10,2,40,1730,0,0,40,1730,0.0,0.0,0.0,0.0,0.1655135710131038
fbc_tfnbs,"e=1.2,h=1.0,n=30,start_thres=1.25,min_cluster_size=3",hub,0.25,10,2,40,1730,0,0,40,1730,0.0,0.0,0.0,0.0,0.1655135710131038
fbc_tfnbs,"e=1.2,h=2.0,n=30,start_thres=1.25,min_cluster_size=3",hub,0.25,10,2,40,1730,0,0,40,1730,0.0,0.0,0.0,0.0,0.1655135710131038
fbc_tfnbs,"e=1.2,h=3.0,n=30,start_thres=1.25,min_cluster_size=3",hub,0.25,10,2,40,1730,0,0,40,1730,0.0,0.0,0.0,0.0,0.1655135710131038
fbc_tfnbs,"e=1.2,h=4.0,n=30,start_thres=1.25,min_cluster_size=3",hub,0.25,10,2,40,1730,0,0,40,1730,0.0,0.0,0.0,0.0,0.1655135710131038
fbc_tfnbs,"e=1.2,h=5.0,n=30,start_thres=1.25,min_cluster_size=3",hub,0.25,10,2,40,1730,0,0,40,1730,0.0,0.0,0.0,0.0,0.1655135710131038
fbc_tfnbs,"e=1.2,h=6.0,n=30,start_thres=1.25,min_cluster_size=3",hub,0.25,10,2,40,1730,0,0,40,1730,0.0,0.0,0.0,0.0,0.1655135710131038
fbc_tfnbs,"e=1.2,h=7.0,n=30,start_thres=1.25,min_cluster_size=3",hub,0.25,10,2,40,1730,0,0,40,1730,0.0,0.0,0.0,0.0,0.1655135710131038
fbc_tfnbs,"e=1.2,h=8.0,n=30,start_thres=1.25,min_cluster_size=3",hub,0.25,10,2,40,1730,0,0,40,1730,0.0,0.0,0.0,0.0,0.1655135710131038
fbc_tfnbs,"e=1.2,h=9.0,n=30,start_thres=1.25,min_cluster_size=3",hub,0.25,10,2,40,1730,0,0,40,1730,0.0,0.0,0.0,0.0,0.1655135710131038
fbc_tfnbs,"e=1.2,h=10.0,n=30,start_thres=1.25,min_cluster_size=3",hub,0.25,10,2,40,1730,0,0,40,1730,0.0,0.0,0.0,0.0,0.1655135710131038
fbc_tfnbs,"e=1.3,h=0.5,n=30,start_thres=1.25,min_cluster_size=3",hub,0.25,10,2,40,1730,0,0,40,1730,0.0,0.0,0.0,0.0,0.1655135710131038
fbc_tfnbs,"e=1.3,h=1.0,n=30,start_thres=1.25,min_cluster_size=3",hub,0.25,10,2,40,1730,0,0,40,1730,0.0,0.0,0.0,0.0,0.1655135710131038
fbc_tfnbs,"e=1.3,h=2.0,n=30,start_thres=1.25,min_cluster_size=3",hub,0.25,10,2,40,1730,0,0,40,1730,0.0,0.0,0.0,0.0,0.1655135710131038
fbc_tfnbs,"e=1.3,h=3.0,n=30,start_thres=1.25,min_cluster_size=3",hub,0.25,10,2,40,1730,0,0,40,1730,0.0,0.0,0.0,0.0,0.1655135710131038
fbc_tfnbs,"e=1.3,h=4.0,n=30,start_thres=1.25,min_cluster_size=3",hub,0.25,10,2,40,1730,0,0,40,1730,0.0,0.0,0.0,0.0,0.1655135710131038
fbc_tfnbs,"e=1.3,h=5.0,n=30,start_thres=1.25,min_cluster_size=3",hub,0.25,10,2,40,1730,0,0,40,1730,0.0,0.0,0.0,0.0,0.1655135710131038
fbc_tfnbs,"e=1.3,h=6.0,n=30,start_thres=1.25,min_cluster_size=3",hub,0.25,10,2,40,1730,0,0,40,1730,0.0,0.0,0.0,0.0,0.1655135710131038
fbc_tfnbs,"e=1.3,h=7.0,n=30,start_thres=1.25,min_cluster_size=3",hub,0.25,10,2,40,1730,0,0,40,1730,0.0,0.0,0.0,0.0,0.1655135710131038
fbc_tfnbs,"e=1.3,h=8.0,n=30,start_thres=1.25,min_cluster_size=3",hub,0.25,10,2,40,1730,0,0,40,1730,0.0,0.0,0.0,0.0,0.1655135710131038
fbc_tfnbs,"e=1.3,h=9.0,n=30,start_thres=1.25,min_cluster_size=3",hub,0.25,10,2,40,1730,0,0,40,1730,0.0,0.0,0.0,0.0,0.1655135710131038
fbc_tfnbs,"e=1.3,h=10.0,n=30,start_thres=1.25,min_cluster_size=3",hub,0.25,10,2,40,1730,0,0,40,1730,0.0,0.0,0.0,0.0,0.1655135710131038
fbc_tfnbs,"e=1.4,h=0.5,n=30,start_thres=1.25,min_cluster_size=3",hub,0.25,10,2,40,1730,0,0,40,1730,0.0,0.0,0.0,0.0,0.1655135710131038
fbc_tfnbs,"e=1.4,h=1.0,n=30,start_thres=1.25,min_cluster_size=3",hub,0.25,10,2,40,1730,0,0,40,1730,0.0,0.0,0.0,0.0,0.1655135710131038
fbc_tfnbs,"e=1.4,h=2.0,n=30,start_thres=1.25,min_cluster_size=3",hub,0.25,10,2,40,1730,0,0,40,1730,0.0,0.0,0.0,0.0,0.1655135710131038
fbc_tfnbs,"e=1.4,h=3.0,n=30,start_thres=1.25,min_cluster_size=3",hub,0.25,10,2,40,1730,0,0,40,1730,0.0,0.0,0.0,0.0,0.1655135710131038
fbc_tfnbs,"e=1.4,h=4.0,n=30,start_thres=1.25,min_cluster_size=3",hub,0.25,10,2,40,1730,0,0,40,1730,0.0,0.0,0.0,0.0,0.1655135710131038
fbc_tfnbs,"e=1.4,h=5.0,n=30,start_thres=1.25,min_cluster_size=3",hub,0.25,10,2,40,1730,0,0,40,1730,0.0,0.0,0.0,0.0,0.1655135710131038
fbc_tfnbs,"e=1.4,h=6.0,n=30,start_thres=1.25,min_cluster_size=3",hub,0.25,10,2,40,1730,0,0,40,1730,0.0,0.0,0.0,0.0,0.1655135710131038
fbc_tfnbs,"e=1.4,h=7.0,n=30,start_thres=1.25,min_cluster_size=3",hub,0.25,10,2,40,1730,0,0,40,1730,0.0,0.0,0.0,0.0,0.1655135710131038
fbc_tfnbs,"e=1.4,h=8.0,n=30,start_thres=1.25,min_cluster_size=3",hub,0.25,10,2,40,1730,0,0,40,1730,0.0,0.0,0.0,0.0,0.1655135710131038
fbc_tfnbs,"e=1.4,h=9.0,n=30,start_thres=1.25,min_cluster_size=3",hub,0.25,10,2,40,1730,0,0,40,1730,0.0,0.0,0.0,0.0,0.1655135710131038
fbc_tfnbs,"e=1.4,h=10.0,n=30,start_thres=1.25,min_cluster_size=3",hub,0.25,10,2,40,1730,0,0,40,1730,0.0,0.0,0.0,0.0,0.1655135710131038
fbc_tfnbs,"e=1.5,h=0.5,n=30,start_thres=1.25,min_cluster_size=3",hub,0.25,10,2,40,1730,0,0,40,1730,0.0,0.0,0.0,0.0,0.1655135710131038
fbc_tfnbs,"e=1.5,h=1.0,n=30,start_thres=1.25,min_cluster_size=3",hub,0.25,10,2,40,1730,0,0,40,1730,0.0,0.0,0.0,0.0,0.1655135710131038
fbc_tfnbs,"e=1.5,h=2.0,n=30,start_thres=1.25,min_cluster_size=3",hub,0.25,10,2,40,1730,0,0,40,1730,0.0,0.0,0.0,0.0,0.1655135710131038
fbc_tfnbs,"e=1.5,h=3.0,n=30,start_thres=1.25,min_cluster_size=3",hub,0.25,10,2,40,1730,0,0,40,1730,0.0,0.0,0.0,0.0,0.1655135710131038
fbc_tfnbs,"e=1.5,h=4.0,n=30,start_thres=1.25,min_cluster_size=3",hub,0.25,10,2,40,1730,0,0,40,1730,0.0,0.0,0.0,0.0,0.1655135710131038
fbc_tfnbs,"e=1.5,h=5.0,n=30,start_thres=1.25,min_cluster_size=3",hub,0.25,10,2,40,1730,0,0,40,1730,0.0,0.0,0.0,0.0,0.1655135710131038
fbc_tfnbs,"e=1.5,h=6.0,n=30,start_thres=1.25,min_cluster_size=3",hub,0.25,10,2,40,1730,0,0,40,1730,0.0,0.0,0.0,0.0,0.1655135710131038
fbc_tfnbs,"e=1.5,h=7.0,n=30,start_thres=1.25,min_cluster_size=3",hub,0.25,10,2,40,1730,0,0,40,1730,0.0,0.0,0.0,0.0,0.1655135710131038
fbc_tfnbs,"e=1.5,h=8.0,n=30,start_thres=1.25,min_cluster_size=3",hub,0.25,10,2,40,1730,0,0,40,1730,0.0,0.0,0.0,0.0,0.1655135710131038
fbc_tfnbs,"e=1.5,h=9.0,n=30,start_thres=1.25,min_cluster_size=3",hub,0.25,10,2,40,1730,0,0,40,1730,0.0,0.0,0.0,0.0,0.1655135710131038
fbc_tfnbs,"e=1.5,h=10.0,n=30,start_thres=1.25,min_cluster_size=3",hub,0.25,10,2,40,1730,0,0,40,1730,0.0,0.0,0.0,0.0,0.1655135710131038
fbc_tfnbs,"e=0.05,h=0.5,n=30,start_thres=1.25,min_cluster_size=3",hub,0.25,10,3,40,1730,1,3,39,1727,0.025,0.0017341040462427,0.25,0.75,0.1654683243144642
fbc_tfnbs,"e=0.05,h=1.0,n=30,start_thres=1.25,min_cluster_size=3",hub,0.25,10,3,40,1730,1,3,39,1727,0.025,0.0017341040462427,0.25,0.75,0.1654683243144642
fbc_tfnbs,"e=0.05,h=2.0,n=30,start_thres=1.25,min_cluster_size=3",hub,0.25,10,3,40,1730,1,3,39,1727,0.025,0.0017341040462427,0.25,0.75,0.1654683243144642
fbc_tfnbs,"e=0.05,h=3.0,n=30,start_thres=1.25,min_cluster_size=3",hub,0.25,10,3,40,1730,1,3,39,1727,0.025,0.0017341040462427,0.25,0.75,0.1654683243144642
fbc_tfnbs,"e=0.05,h=4.0,n=30,start_thres=1.25,min_cluster_size=3",hub,0.25,10,3,40,1730,1,3,39,1727,0.025,0.0017341040462427,0.25,0.75,0.1654683243144642
fbc_tfnbs,"e=0.05,h=5.0,n=30,start_thres=1.25,min_cluster_size=3",hub,0.25,10,3,40,1730,1,3,39,1727,0.025,0.0017341040462427,0.25,0.75,0.1654683243144642
fbc_tfnbs,"e=0.05,h=6.0,n=30,start_thres=1.25,min_cluster_size=3",hub,0.25,10,3,40,1730,1,3,39,1727,0.025,0.0017341040462427,0.25,0.75,0.1654683243144642
fbc_tfnbs,"e=0.05,h=7.0,n=30,start_thres=1.25,min_cluster_size=3",hub,0.25,10,3,40,1730,1,3,39,1727,0.025,0.0017341040462427,0.25,0.75,0.1654683243144642
fbc_tfnbs,"e=0.05,h=8.0,n=30,start_thres=1.25,min_cluster_size=3",hub,0.25,10,3,40,1730,1,3,39,1727,0.025,0.0017341040462427,0.25,0.75,0.1654683243144642
fbc_tfnbs,"e=0.05,h=9.0,n=30,start_thres=1.25,min_cluster_size=3",hub,0.25,10,3,40,1730,1,3,39,1727,0.025,0.0017341040462427,0.25,0.75,0.1654683243144642
fbc_tfnbs,"e=0.05,h=10.0,n=30,start_thres=1.25,min_cluster_size=3",hub,0.25,10,3,40,1730,1,3,39,1727,0.025,0.0017341040462427,0.25,0.75,0.1654683243144642
fbc_tfnbs,"e=0.1,h=0.5,n=30,start_thres=1.25,min_cluster_size=3",hub,0.25,10,3,40,1730,1,3,39,1727,0.025,0.0017341040462427,0.25,0.75,0.1654683243144642
fbc_tfnbs,"e=0.1,h=1.0,n=30,start_thres=1.25,min_cluster_size=3",hub,0.25,10,3,40,1730,1,3,39,1727,0.025,0.0017341040462427,0.25,0.75,0.1654683243144642
fbc_tfnbs,"e=0.1,h=2.0,n=30,start_thres=1.25,min_cluster_size=3",hub,0.25,10,3,40,1730,1,3,39,1727,0.025,0.0017341040462427,0.25,0.75,0.1654683243144642
fbc_tfnbs,"e=0.1,h=3.0,n=30,start_thres=1.25,min_cluster_size=3",hub,0.25,10,3,40,1730,1,3,39,1727,0.025,0.0017341040462427,0.25,0.75,0.1654683243144642
fbc_tfnbs,"e=0.1,h=4.0,n=30,start_thres=1.25,min_cluster_size=3",hub,0.25,10,3,40,1730,1,3,39,1727,0.025,0.0017341040462427,0.25,0.75,0.1654683243144642
fbc_tfnbs,"e=0.1,h=5.0,n=30,start_thres=1.25,min_cluster_size=3",hub,0.25,10,3,40,1730,1,3,39,1727,0.025,0.0017341040462427,0.25,0.75,0.1654683243144642
fbc_tfnbs,"e=0.1,h=6.0,n=30,start_thres=1.25,min_cluster_size=3",hub,0.25,10,3,40,1730,1,3,39,1727,0.025,0.0017341040462427,0.25,0.75,0.1654683243144642
fbc_tfnbs,"e=0.1,h=7.0,n=30,start_thres=1.25,min_cluster_size=3",hub,0.25,10,3,40,1730,1,3,39,1727,0.025,0.0017341040462427,0.25,0.75,0.1654683243144642
fbc_tfnbs,"e=0.1,h=8.0,n=30,start_thres=1.25,min_cluster_size=3",hub,0.25,10,3,40,1730,1,3,39,1727,0.025,0.0017341040462427,0.25,0.75,0.1654683243144642
fbc_tfnbs,"e=0.1,h=9.0,n=30,start_thres=1.25,min_cluster_size=3",hub,0.25,10,3,40,1730,1,3,39,1727,0.025,0.0017341040462427,0.25,0.75,0.1654683243144642
fbc_tfnbs,"e=0.1,h=10.0,n=30,start_thres=1.25,min_cluster_size=3",hub,0.25,10,3,40,1730,1,3,39,1727,0.025,0.0017341040462427,0.25,0.75,0.1654683243144642
fbc_tfnbs,"e=0.2,h=0.5,n=30,start_thres=1.25,min_cluster_size=3",hub,0.25,10,3,40,1730,1,3,39,1727,0.025,0.0017341040462427,0.25,0.75,0.1654683243144642
fbc_tfnbs,"e=0.2,h=1.0,n=30,start_thres=1.25,min_cluster_size=3",hub,0.25,10,3,40,1730,1,3,39,1727,0.025,0.0017341040462427,0.25,0.75,0.1654683243144642
fbc_tfnbs,"e=0.2,h=2.0,n=30,start_thres=1.25,min_cluster_size=3",hub,0.25,10,3,40,1730,1,3,39,1727,0.025,0.0017341040462427,0.25,0.75,0.1654683243144642
fbc_tfnbs,"e=0.2,h=3.0,n=30,start_thres=1.25,min_cluster_size=3",hub,0.25,10,3,40,1730,1,3,39,1727,0.025,0.0017341040462427,0.25,0.75,0.1654683243144642
fbc_tfnbs,"e=0.2,h=4.0,n=30,start_thres=1.25,min_cluster_size=3",hub,0.25,10,3,40,1730,1,3,39,1727,0.025,0.0017341040462427,0.25,0.75,0.1654683243144642
fbc_tfnbs,"e=0.2,h=5.0,n=30,start_thres=1.25,min_cluster_size=3",hub,0.25,10,3,40,1730,1,3,39,1727,0.025,0.0017341040462427,0.25,0.75,0.1654683243144642
fbc_tfnbs,"e=0.2,h=6.0,n=30,start_thres=1.25,min_cluster_size=3",hub,0.25,10,3,40,1730,1,3,39,1727,0.025,0.0017341040462427,0.25,0.75,0.1654683243144642
fbc_tfnbs,"e=0.2,h=7.0,n=30,start_thres=1.25,min_cluster_size=3",hub,0.25,10,3,40,1730,1,3,39,1727,0.025,0.0017341040462427,0.25,0.75,0.1654683243144642
fbc_tfnbs,"e=0.2,h=8.0,n=30,start_thres=1.25,min_cluster_size=3",hub,0.25,10,3,40,1730,1,3,39,1727,0.025,0.0017341040462427,0.25,0.75,0.1654683243144642
fbc_tfnbs,"e=0.2,h=9.0,n=30,start_thres=1.25,min_cluster_size=3",hub,0.25,10,3,40,1730,1,3,39,1727,0.025,0.0017341040462427,0.25,0.75,0.1654683243144642
fbc_tfnbs,"e=0.2,h=10.0,n=30,start_thres=1.25,min_cluster_size=3",hub,0.25,10,3,40,1730,1,3,39,1727,0.025,0.0017341040462427,0.25,0.75,0.1654683243144642
fbc_tfnbs,"e=0.3,h=0.5,n=30,start_thres=1.25,min_cluster_size=3",hub,0.25,10,3,40,1730,1,3,39,1727,0.025,0.0017341040462427,0.25,0.75,0.1654683243144642
fbc_tfnbs,"e=0.3,h=1.0,n=30,start_thres=1.25,min_cluster_size=3",hub,0.25,10,3,40,1730,1,3,39,1727,0.025,0.0017341040462427,0.25,0.75,0.1654683243144642
fbc_tfnbs,"e=0.3,h=2.0,n=30,start_thres=1.25,min_cluster_size=3",hub,0.25,10,3,40,1730,1,3,39,1727,0.025,0.0017341040462427,0.25,0.75,0.1654683243144642
fbc_tfnbs,"e=0.3,h=3.0,n=30,start_thres=1.25,min_cluster_size=3",hub,0.25,10,3,40,1730,1,3,39,1727,0.025,0.0017341040462427,0.25,0.75,0.1654683243144642
fbc_tfnbs,"e=0.3,h=4.0,n=30,start_thres=1.25,min_cluster_size=3",hub,0.25,10,3,40,1730,1,3,39,1727,0.025,0.0017341040462427,0.25,0.75,0.1654683243144642
fbc_tfnbs,"e=0.3,h=5.0,n=30,start_thres=1.25,min_cluster_size=3",hub,0.25,10,3,40,1730,1,3,39,1727,0.025,0.0017341040462427,0.25,0.75,0.1654683243144642
fbc_tfnbs,"e=0.3,h=6.0,n=30,start_thres=1.25,min_cluster_size=3",hub,0.25,10,3,40,1730,1,3,39,1727,0.025,0.0017341040462427,0.25,0.75,0.1654683243144642
fbc_tfnbs,"e=0.3,h=7.0,n=30,start_thres=1.25,min_cluster_size=3",hub,0.25,10,3,40,1730,1,3,39,1727,0.025,0.0017341040462427,0.25,0.75,0.1654683243144642
fbc_tfnbs,"e=0.3,h=8.0,n=30,start_thres=1.25,min_cluster_size=3",hub,0.25,10,3,40,1730,1,3,39,1727,0.025,0.0017341040462427,0.25,0.75,0.1654683243144642
fbc_tfnbs,"e=0.3,h=9.0,n=30,start_thres=1.25,min_cluster_size=3",hub,0.25,10,3,40,1730,1,3,39,1727,0.025,0.0017341040462427,0.25,0.75,0.1654683243144642
fbc_tfnbs,"e=0.3,h=10.0,n=30,start_thres=1.25,min_cluster_size=3",hub,0.25,10,3,40,1730,1,3,39,1727,0.025,0.0017341040462427,0.25,0.75,0.1654683243144642
fbc_tfnbs,"e=0.4,h=0.5,n=30,start_thres=1.25,min_cluster_size=3",hub,0.25,10,3,40,1730,1,3,39,1727,0.025,0.0017341040462427,0.25,0.75,0.1654683243144642
fbc_tfnbs,"e=0.4,h=1.0,n=30,start_thres=1.25,min_cluster_size=3",hub,0.25,10,3,40,1730,1,3,39,1727,0.025,0.0017341040462427,0.25,0.75,0.1654683243144642
fbc_tfnbs,"e=0.4,h=2.0,n=30,start_thres=1.25,min_cluster_size=3",hub,0.25,10,3,40,1730,1,3,39,1727,0.025,0.0017341040462427,0.25,0.75,0.1654683243144642
fbc_tfnbs,"e=0.4,h=3.0,n=30,start_thres=1.25,min_cluster_size=3",hub,0.25,10,3,40,1730,1,3,39,1727,0.025,0.0017341040462427,0.25,0.75,0.1654683243144642
fbc_tfnbs,"e=0.4,h=4.0,n=30,start_thres=1.25,min_cluster_size=3",hub,0.25,10,3,40,1730,1,3,39,1727,0.025,0.0017341040462427,0.25,0.75,0.1654683243144642
fbc_tfnbs,"e=0.4,h=5.0,n=30,start_thres=1.25,min_cluster_size=3",hub,0.25,10,3,40,1730,1,3,39,1727,0.025,0.0017341040462427,0.25,0.75,0.1654683243144642
fbc_tfnbs,"e=0.4,h=6.0,n=30,start_thres=1.25,min_cluster_size=3",hub,0.25,10,3,40,1730,1,3,39,1727,0.025,0.0017341040462427,0.25,0.75,0.1654683243144642
fbc_tfnbs,"e=0.4,h=7.0,n=30,start_thres=1.25,min_cluster_size=3",hub,0.25,10,3,40,1730,1,3,39,1727,0.025,0.0017341040462427,0.25,0.75,0.1654683243144642
fbc_tfnbs,"e=0.4,h=8.0,n=30,start_thres=1.25,min_cluster_size=3",hub,0.25,10,3,40,1730,1,3,39,1727,0.025,0.0017341040462427,0.25,0.75,0.1654683243144642
fbc_tfnbs,"e=0.4,h=9.0,n=30,start_thres=1.25,min_cluster_size=3",hub,0.25,10,3,40,1730,1,3,39,1727,0.025,0.0017341040462427,0.25,0.75,0.1654683243144642
fbc_tfnbs,"e=0.4,h=10.0,n=30,start_thres=1.25,min_cluster_size=3",hub,0.25,10,3,40,1730,1,3,39,1727,0.025,0.0017341040462427,0.25,0.75,0.1654683243144642
fbc_tfnbs,"e=0.5,h=0.5,n=30,start_thres=1.25,min_cluster_size=3",hub,0.25,10,3,40,1730,1,3,39,1727,0.025,0.0017341040462427,0.25,0.75,0.1654683243144642
fbc_tfnbs,"e=0.5,h=1.0,n=30,start_thres=1.25,min_cluster_size=3",hub,0.25,10,3,40,1730,1,3,39,1727,0.025,0.0017341040462427,0.25,0.75,0.1654683243144642
fbc_tfnbs,"e=0.5,h=2.0,n=30,start_thres=1.25,min_cluster_size=3",hub,0.25,10,3,40,1730,1,3,39,1727,0.025,0.0017341040462427,0.25,0.75,0.1654683243144642
fbc_tfnbs,"e=0.5,h=3.0,n=30,start_thres=1.25,min_cluster_size=3",hub,0.25,10,3,40,1730,1,3,39,1727,0.025,0.0017341040462427,0.25,0.75,0.1654683243144642
fbc_tfnbs,"e=0.5,h=4.0,n=30,start_thres=1.25,min_cluster_size=3",hub,0.25,10,3,40,1730,1,3,39,1727,0.025,0.0017341040462427,0.25,0.75,0.1654683243144642
fbc_tfnbs,"e=0.5,h=5.0,n=30,start_thres=1.25,min_cluster_size=3",hub,0.25,10,3,40,1730,1,3,39,1727,0.025,0.0017341040462427,0.25,0.75,0.1654683243144642
fbc_tfnbs,"e=0.5,h=6.0,n=30,start_thres=1.25,min_cluster_size=3",hub,0.25,10,3,40,1730,1,3,39,1727,0.025,0.0017341040462427,0.25,0.75,0.1654683243144642
fbc_tfnbs,"e=0.5,h=7.0,n=30,start_thres=1.25,min_cluster_size=3",hub,0.25,10,3,40,1730,1,3,39,1727,0.025,0.0017341040462427,0.25,0.75,0.1654683243144642
fbc_tfnbs,"e=0.5,h=8.0,n=30,start_thres=1.25,min_cluster_size=3",hub,0.25,10,3,40,1730,1,3,39,1727,0.025,0.0017341040462427,0.25,0.75,0.1654683243144642
fbc_tfnbs,"e=0.5,h=9.0,n=30,start_thres=1.25,min_cluster_size=3",hub,0.25,10,3,40,1730,1,3,39,1727,0.025,0.0017341040462427,0.25,0.75,0.1654683243144642
fbc_tfnbs,"e=0.5,h=10.0,n=30,start_thres=1.25,min_cluster_size=3",hub,0.25,10,3,40,1730,1,3,39,1727,0.025,0.0017341040462427,0.25,0.75,0.1654683243144642
fbc_tfnbs,"e=0.6,h=0.5,n=30,start_thres=1.25,min_cluster_size=3",hub,0.25,10,3,40,1730,1,3,39,1727,0.025,0.0017341040462427,0.25,0.75,0.1654683243144642
fbc_tfnbs,"e=0.6,h=1.0,n=30,start_thres=1.25,min_cluster_size=3",hub,0.25,10,3,40,1730,1,3,39,1727,0.025,0.0017341040462427,0.25,0.75,0.1654683243144642
fbc_tfnbs,"e=0.6,h=2.0,n=30,start_thres=1.25,min_cluster_size=3",hub,0.25,10,3,40,1730,1,3,39,1727,0.025,0.0017341040462427,0.25,0.75,0.1654683243144642
fbc_tfnbs,"e=0.6,h=3.0,n=30,start_thres=1.25,min_cluster_size=3",hub,0.25,10,3,40,1730,1,3,39,1727,0.025,0.0017341040462427,0.25,0.75,0.1654683243144642
fbc_tfnbs,"e=0.6,h=4.0,n=30,start_thres=1.25,min_cluster_size=3",hub,0.25,10,3,40,1730,1,3,39,1727,0.025,0.0017341040462427,0.25,0.75,0.1654683243144642
fbc_tfnbs,"e=0.6,h=5.0,n=30,start_thres=1.25,min_cluster_size=3",hub,0.25,10,3,40,1730,1,3,39,1727,0.025,0.0017341040462427,0.25,0.75,0.1654683243144642
fbc_tfnbs,"e=0.6,h=6.0,n=30,start_thres=1.25,min_cluster_size=3",hub,0.25,10,3,40,1730,1,3,39,1727,0.025,0.0017341040462427,0.25,0.75,0.1654683243144642
fbc_tfnbs,"e=0.6,h=7.0,n=30,start_thres=1.25,min_cluster_size=3",hub,0.25,10,3,40,1730,1,3,39,1727,0.025,0.0017341040462427,0.25,0.75,0.1654683243144642
fbc_tfnbs,"e=0.6,h=8.0,n=30,start_thres=1.25,min_cluster_size=3",hub,0.25,10,3,40,1730,1,3,39,1727,0.025,0.0017341040462427,0.25,0.75,0.1654683243144642
fbc_tfnbs,"e=0.6,h=9.0,n=30,start_thres=1.25,min_cluster_size=3",hub,0.25,10,3,40,1730,1,3,39,1727,0.025,0.0017341040462427,0.25,0.75,0.1654683243144642
fbc_tfnbs,"e=0.6,h=10.0,n=30,start_thres=1.25,min_cluster_size=3",hub,0.25,10,3,40,1730,1,3,39,1727,0.025,0.0017341040462427,0.25,0.75,0.1654683243144642
fbc_tfnbs,"e=0.7,h=0.5,n=30,start_thres=1.25,min_cluster_size=3",hub,0.25,10,3,40,1730,0,3,40,1727,0.0,0.0017341040462427,0.0,1.0,0.1654683243144642
fbc_tfnbs,"e=0.7,h=1.0,n=30,start_thres=1.25,min_cluster_size=3",hub,0.25,10,3,40,1730,1,3,39,1727,0.025,0.0017341040462427,0.25,0.75,0.1654683243144642
fbc_tfnbs,"e=0.7,h=2.0,n=30,start_thres=1.25,min_cluster_size=3",hub,0.25,10,3,40,1730,1,3,39,1727,0.025,0.0017341040462427,0.25,0.75,0.1654683243144642
fbc_tfnbs,"e=0.7,h=3.0,n=30,start_thres=1.25,min_cluster_size=3",hub,0.25,10,3,40,1730,1,3,39,1727,0.025,0.0017341040462427,0.25,0.75,0.1654683243144642
fbc_tfnbs,"e=0.7,h=4.0,n=30,start_thres=1.25,min_cluster_size=3",hub,0.25,10,3,40,1730,1,3,39,1727,0.025,0.0017341040462427,0.25,0.75,0.1654683243144642
fbc_tfnbs,"e=0.7,h=5.0,n=30,start_thres=1.25,min_cluster_size=3",hub,0.25,10,3,40,1730,1,3,39,1727,0.025,0.0017341040462427,0.25,0.75,0.1654683243144642
fbc_tfnbs,"e=0.7,h=6.0,n=30,start_thres=1.25,min_cluster_size=3",hub,0.25,10,3,40,1730,1,3,39,1727,0.025,0.0017341040462427,0.25,0.75,0.1654683243144642
fbc_tfnbs,"e=0.7,h=7.0,n=30,start_thres=1.25,min_cluster_size=3",hub,0.25,10,3,40,1730,1,3,39,1727,0.025,0.0017341040462427,0.25,0.75,0.1654683243144642
fbc_tfnbs,"e=0.7,h=8.0,n=30,start_thres=1.25,min_cluster_size=3",hub,0.25,10,3,40,1730,1,3,39,1727,0.025,0.0017341040462427,0.25,0.75,0.1654683243144642
fbc_tfnbs,"e=0.7,h=9.0,n=30,start_thres=1.25,min_cluster_size=3",hub,0.25,10,3,40,1730,1,3,39,1727,0.025,0.0017341040462427,0.25,0.75,0.1654683243144642
fbc_tfnbs,"e=0.7,h=10.0,n=30,start_thres=1.25,min_cluster_size=3",hub,0.25,10,3,40,1730,1,3,39,1727,0.025,0.0017341040462427,0.25,0.75,0.1654683243144642
fbc_tfnbs,"e=0.8,h=0.5,n=30,start_thres=1.25,min_cluster_size=3",hub,0.25,10,3,40,1730,0,3,40,1727,0.0,0.0017341040462427,0.0,1.0,0.1654683243144642
fbc_tfnbs,"e=0.8,h=1.0,n=30,start_thres=1.25,min_cluster_size=3",hub,0.25,10,3,40,1730,0,3,40,1727,0.0,0.0017341040462427,0.0,1.0,0.1654683243144642
fbc_tfnbs,"e=0.8,h=2.0,n=30,start_thres=1.25,min_cluster_size=3",hub,0.25,10,3,40,1730,1,3,39,1727,0.025,0.0017341040462427,0.25,0.75,0.1654683243144642
fbc_tfnbs,"e=0.8,h=3.0,n=30,start_thres=1.25,min_cluster_size=3",hub,0.25,10,3,40,1730,1,3,39,1727,0.025,0.0017341040462427,0.25,0.75,0.1654683243144642
fbc_tfnbs,"e=0.8,h=4.0,n=30,start_thres=1.25,min_cluster_size=3",hub,0.25,10,3,40,1730,1,3,39,1727,0.025,0.0017341040462427,0.25,0.75,0.1654683243144642
fbc_tfnbs,"e=0.8,h=5.0,n=30,start_thres=1.25,min_cluster_size=3",hub,0.25,10,3,40,1730,1,3,39,1727,0.025,0.0017341040462427,0.25,0.75,0.1654683243144642
fbc_tfnbs,"e=0.8,h=6.0,n=30,start_thres=1.25,min_cluster_size=3",hub,0.25,10,3,40,1730,1,3,39,1727,0.025,0.0017341040462427,0.25,0.75,0.1654683243144642
fbc_tfnbs,"e=0.8,h=7.0,n=30,start_thres=1.25,min_cluster_size=3",hub,0.25,10,3,40,1730,1,3,39,1727,0.025,0.0017341040462427,0.25,0.75,0.1654683243144642
fbc_tfnbs,"e=0.8,h=8.0,n=30,start_thres=1.25,min_cluster_size=3",hub,0.25,10,3,40,1730,1,3,39,1727,0.025,0.0017341040462427,0.25,0.75,0.1654683243144642
fbc_tfnbs,"e=0.8,h=9.0,n=30,start_thres=1.25,min_cluster_size=3",hub,0.25,10,3,40,1730,1,3,39,1727,0.025,0.0017341040462427,0.25,0.75,0.1654683243144642
fbc_tfnbs,"e=0.8,h=10.0,n=30,start_thres=1.25,min_cluster_size=3",hub,0.25,10,3,40,1730,1,3,39,1727,0.025,0.0017341040462427,0.25,0.75,0.1654683243144642
fbc_tfnbs,"e=0.9,h=0.5,n=30,start_thres=1.25,min_cluster_size=3",hub,0.25,10,3,40,1730,0,0,40,1730,0.0,0.0,0.0,0.0,0.1654683243144642
fbc_tfnbs,"e=0.9,h=1.0,n=30,start_thres=1.25,min_cluster_size=3",hub,0.25,10,3,40,1730,0,3,40,1727,0.0,0.0017341040462427,0.0,1.0,0.1654683243144642
fbc_tfnbs,"e=0.9,h=2.0,n=30,start_thres=1.25,min_cluster_size=3",hub,0.25,10,3,40,1730,0,3,40,1727,0.0,0.0017341040462427,0.0,1.0,0.1654683243144642
fbc_tfnbs,"e=0.9,h=3.0,n=30,start_thres=1.25,min_cluster_size=3",hub,0.25,10,3,40,1730,1,3,39,1727,0.025,0.0017341040462427,0.25,0.75,0.1654683243144642
fbc_tfnbs,"e=0.9,h=4.0,n=30,start_thres=1.25,min_cluster_size=3",hub,0.25,10,3,40,1730,1,3,39,1727,0.025,0.0017341040462427,0.25,0.75,0.1654683243144642
fbc_tfnbs,"e=0.9,h=5.0,n=30,start_thres=1.25,min_cluster_size=3",hub,0.25,10,3,40,1730,1,3,39,1727,0.025,0.0017341040462427,0.25,0.75,0.1654683243144642
fbc_tfnbs,"e=0.9,h=6.0,n=30,start_thres=1.25,min_cluster_size=3",hub,0.25,10,3,40,1730,1,3,39,1727,0.025,0.0017341040462427,0.25,0.75,0.1654683243144642
fbc_tfnbs,"e=0.9,h=7.0,n=30,start_thres=1.25,min_cluster_size=3",hub,0.25,10,3,40,1730,1,3,39,1727,0.025,0.0017341040462427,0.25,0.75,0.1654683243144642
fbc_tfnbs,"e=0.9,h=8.0,n=30,start_thres=1.25,min_cluster_size=3",hub,0.25,10,3,40,1730,1,3,39,1727,0.025,0.0017341040462427,0.25,0.75,0.1654683243144642
fbc_tfnbs,"e=0.9,h=9.0,n=30,start_thres=1.25,min_cluster_size=3",hub,0.25,10,3,40,1730,1,3,39,1727,0.025,0.0017341040462427,0.25,0.75,0.1654683243144642
fbc_tfnbs,"e=0.9,h=10.0,n=30,start_thres=1.25,min_cluster_size=3",hub,0.25,10,3,40,1730,1,3,39,1727,0.025,0.0017341040462427,0.25,0.75,0.1654683243144642
fbc_tfnbs,"e=1.0,h=0.5,n=30,start_thres=1.25,min_cluster_size=3",hub,0.25,10,3,40,1730,0,0,40,1730,0.0,0.0,0.0,0.0,0.1654683243144642
fbc_tfnbs,"e=1.0,h=1.0,n=30,start_thres=1.25,min_cluster_size=3",hub,0.25,10,3,40,1730,0,0,40,1730,0.0,0.0,0.0,0.0,0.1654683243144642
fbc_tfnbs,"e=1.0,h=2.0,n=30,start_thres=1.25,min_cluster_size=3",hub,0.25,10,3,40,1730,0,3,40,1727,0.0,0.0017341040462427,0.0,1.0,0.1654683243144642
fbc_tfnbs,"e=1.0,h=3.0,n=30,start_thres=1.25,min_cluster_size=3",hub,0.25,10,3,40,1730,1,3,39,1727,0.025,0.0017341040462427,0.25,0.75,0.1654683243144642
fbc_tfnbs,"e=1.0,h=4.0,n=30,start_thres=1.25,min_cluster_size=3",hub,0.25,10,3,40,1730,1,3,39,1727,0.025,0.0017341040462427,0.25,0.75,0.1654683243144642
fbc_tfnbs,"e=1.0,h=5.0,n=30,start_thres=1.25,min_cluster_size=3",hub,0.25,10,3,40,1730,1,3,39,1727,0.025,0.0017341040462427,0.25,0.75,0.1654683243144642
fbc_tfnbs,"e=1.0,h=6.0,n=30,start_thres=1.25,min_cluster_size=3",hub,0.25,10,3,40,1730,1,3,39,1727,0.025,0.0017341040462427,0.25,0.75,0.1654683243144642
fbc_tfnbs,"e=1.0,h=7.0,n=30,start_thres=1.25,min_cluster_size=3",hub,0.25,10,3,40,1730,1,3,39,1727,0.025,0.0017341040462427,0.25,0.75,0.1654683243144642
fbc_tfnbs,"e=1.0,h=8.0,n=30,start_thres=1.25,min_cluster_size=3",hub,0.25,10,3,40,1730,1,3,39,1727,0.025,0.0017341040462427,0.25,0.75,0.1654683243144642
fbc_tfnbs,"e=1.0,h=9.0,n=30,start_thres=1.25,min_cluster_size=3",hub,0.25,10,3,40,1730,1,3,39,1727,0.025,0.0017341040462427,0.25,0.75,0.1654683243144642
fbc_tfnbs,"e=1.0,h=10.0,n=30,start_thres=1.25,min_cluster_size=3",hub,0.25,10,3,40,1730,1,3,39,1727,0.025,0.0017341040462427,0.25,0.75,0.1654683243144642
fbc_tfnbs,"e=1.1,h=0.5,n=30,start_thres=1.25,min_cluster_size=3",hub,0.25,10,3,40,1730,0,0,40,1730,0.0,0.0,0.0,0.0,0.1654683243144642
fbc_tfnbs,"e=1.1,h=1.0,n=30,start_thres=1.25,min_cluster_size=3",hub,0.25,10,3,40,1730,0,0,40,1730,0.0,0.0,0.0,0.0,0.1654683243144642
fbc_tfnbs,"e=1.1,h=2.0,n=30,start_thres=1.25,min_cluster_size=3",hub,0.25,10,3,40,1730,0,3,40,1727,0.0,0.0017341040462427,0.0,1.0,0.1654683243144642
fbc_tfnbs,"e=1.1,h=3.0,n=30,start_thres=1.25,min_cluster_size=3",hub,0.25,10,3,40,1730,0,3,40,1727,0.0,0.0017341040462427,0.0,1.0,0.1654683243144642
fbc_tfnbs,"e=1.1,h=4.0,n=30,start_thres=1.25,min_cluster_size=3",hub,0.25,10,3,40,1730,1,3,39,1727,0.025,0.0017341040462427,0.25,0.75,0.1654683243144642
fbc_tfnbs,"e=1.1,h=5.0,n=30,start_thres=1.25,min_cluster_size=3",hub,0.25,10,3,40,1730,1,3,39,1727,0.025,0.0017341040462427,0.25,0.75,0.1654683243144642
fbc_tfnbs,"e=1.1,h=6.0,n=30,start_thres=1.25,min_cluster_size=3",hub,0.25,10,3,40,1730,1,3,39,1727,0.025,0.0017341040462427,0.25,0.75,0.1654683243144642
fbc_tfnbs,"e=1.1,h=7.0,n=30,start_thres=1.25,min_cluster_size=3",hub,0.25,10,3,40,1730,1,3,39,1727,0.025,0.0017341040462427,0.25,0.75,0.1654683243144642
fbc_tfnbs,"e=1.1,h=8.0,n=30,start_thres=1.25,min_cluster_size=3",hub,0.25,10,3,40,1730,1,3,39,1727,0.025,0.0017341040462427,0.25,0.75,0.1654683243144642
fbc_tfnbs,"e=1.1,h=9.0,n=30,start_thres=1.25,min_cluster_size=3",hub,0.25,10,3,40,1730,1,3,39,1727,0.025,0.0017341040462427,0.25,0.75,0.1654683243144642
fbc_tfnbs,"e=1.1,h=10.0,n=30,start_thres=1.25,min_cluster_size=3",hub,0.25,10,3,40,1730,1,3,39,1727,0.025,0.0017341040462427,0.25,0.75,0.1654683243144642
fbc_tfnbs,"e=1.2,h=0.5,n=30,start_thres=1.25,min_cluster_size=3",hub,0.25,10,3,40,1730,0,0,40,1730,0.0,0.0,0.0,0.0,0.1654683243144642
fbc_tfnbs,"e=1.2,h=1.0,n=30,start_thres=1.25,min_cluster_size=3",hub,0.25,10,3,40,1730,0,0,40,1730,0.0,0.0,0.0,0.0,0.1654683243144642
fbc_tfnbs,"e=1.2,h=2.0,n=30,start_thres=1.25,min_cluster_size=3",hub,0.25,10,3,40,1730,0,0,40,1730,0.0,0.0,0.0,0.0,0.1654683243144642
fbc_tfnbs,"e=1.2,h=3.0,n=30,start_thres=1.25,min_cluster_size=3",hub,0.25,10,3,40,1730,0,3,40,1727,0.0,0.0017341040462427,0.0,1.0,0.1654683243144642
fbc_tfnbs,"e=1.2,h=4.0,n=30,start_thres=1.25,min_cluster_size=3",hub,0.25,10,3,40,1730,1,3,39,1727,0.025,0.0017341040462427,0.25,0.75,0.1654683243144642
fbc_tfnbs,"e=1.2,h=5.0,n=30,start_thres=1.25,min_cluster_size=3",hub,0.25,10,3,40,1730,1,3,39,1727,0.025,0.0017341040462427,0.25,0.75,0.1654683243144642
fbc_tfnbs,"e=1.2,h=6.0,n=30,start_thres=1.25,min_cluster_size=3",hub,0.25,10,3,40,1730,1,3,39,1727,0.025,0.0017341040462427,0.25,0.75,0.1654683243144642
fbc_tfnbs,"e=1.2,h=7.0,n=30,start_thres=1.25,min_cluster_size=3",hub,0.25,10,3,40,1730,1,3,39,1727,0.025,0.0017341040462427,0.25,0.75,0.1654683243144642
fbc_tfnbs,"e=1.2,h=8.0,n=30,start_thres=1.25,min_cluster_size=3",hub,0.25,10,3,40,1730,1,3,39,1727,0.025,0.0017341040462427,0.25,0.75,0.1654683243144642
fbc_tfnbs,"e=1.2,h=9.0,n=30,start_thres=1.25,min_cluster_size=3",hub,0.25,10,3,40,1730,1,3,39,1727,0.025,0.0017341040462427,0.25,0.75,0.1654683243144642
fbc_tfnbs,"e=1.2,h=10.0,n=30,start_thres=1.25,min_cluster_size=3",hub,0.25,10,3,40,1730,1,3,39,1727,0.025,0.0017341040462427,0.25,0.75,0.1654683243144642
fbc_tfnbs,"e=1.3,h=0.5,n=30,start_thres=1.25,min_cluster_size=3",hub,0.25,10,3,40,1730,0,0,40,1730,0.0,0.0,0.0,0.0,0.1654683243144642
fbc_tfnbs,"e=1.3,h=1.0,n=30,start_thres=1.25,min_cluster_size=3",hub,0.25,10,3,40,1730,0,0,40,1730,0.0,0.0,0.0,0.0,0.1654683243144642
fbc_tfnbs,"e=1.3,h=2.0,n=30,start_thres=1.25,min_cluster_size=3",hub,0.25,10,3,40,1730,0,0,40,1730,0.0,0.0,0.0,0.0,0.1654683243144642
fbc_tfnbs,"e=1.3,h=3.0,n=30,start_thres=1.25,min_cluster_size=3",hub,0.25,10,3,40,1730,0,3,40,1727,0.0,0.0017341040462427,0.0,1.0,0.1654683243144642
fbc_tfnbs,"e=1.3,h=4.0,n=30,start_thres=1.25,min_cluster_size=3",hub,0.25,10,3,40,1730,0,3,40,1727,0.0,0.0017341040462427,0.0,1.0,0.1654683243144642
fbc_tfnbs,"e=1.3,h=5.0,n=30,start_thres=1.25,min_cluster_size=3",hub,0.25,10,3,40,1730,1,3,39,1727,0.025,0.0017341040462427,0.25,0.75,0.1654683243144642
fbc_tfnbs,"e=1.3,h=6.0,n=30,start_thres=1.25,min_cluster_size=3",hub,0.25,10,3,40,1730,1,3,39,1727,0.025,0.0017341040462427,0.25,0.75,0.1654683243144642
fbc_tfnbs,"e=1.3,h=7.0,n=30,start_thres=1.25,min_cluster_size=3",hub,0.25,10,3,40,1730,1,3,39,1727,0.025,0.0017341040462427,0.25,0.75,0.1654683243144642
fbc_tfnbs,"e=1.3,h=8.0,n=30,start_thres=1.25,min_cluster_size=3",hub,0.25,10,3,40,1730,1,3,39,1727,0.025,0.0017341040462427,0.25,0.75,0.1654683243144642
fbc_tfnbs,"e=1.3,h=9.0,n=30,start_thres=1.25,min_cluster_size=3",hub,0.25,10,3,40,1730,1,3,39,1727,0.025,0.0017341040462427,0.25,0.75,0.1654683243144642
fbc_tfnbs,"e=1.3,h=10.0,n=30,start_thres=1.25,min_cluster_size=3",hub,0.25,10,3,40,1730,1,3,39,1727,0.025,0.0017341040462427,0.25,0.75,0.1654683243144642
fbc_tfnbs,"e=1.4,h=0.5,n=30,start_thres=1.25,min_cluster_size=3",hub,0.25,10,3,40,1730,0,0,40,1730,0.0,0.0,0.0,0.0,0.1654683243144642
fbc_tfnbs,"e=1.4,h=1.0,n=30,start_thres=1.25,min_cluster_size=3",hub,0.25,10,3,40,1730,0,0,40,1730,0.0,0.0,0.0,0.0,0.1654683243144642
fbc_tfnbs,"e=1.4,h=2.0,n=30,start_thres=1.25,min_cluster_size=3",hub,0.25,10,3,40,1730,0,0,40,1730,0.0,0.0,0.0,0.0,0.1654683243144642
fbc_tfnbs,"e=1.4,h=3.0,n=30,start_thres=1.25,min_cluster_size=3",hub,0.25,10,3,40,1730,0,0,40,1730,0.0,0.0,0.0,0.0,0.1654683243144642
fbc_tfnbs,"e=1.4,h=4.0,n=30,start_thres=1.25,min_cluster_size=3",hub,0.25,10,3,40,1730,0,3,40,1727,0.0,0.0017341040462427,0.0,1.0,0.1654683243144642
fbc_tfnbs,"e=1.4,h=5.0,n=30,start_thres=1.25,min_cluster_size=3",hub,0.25,10,3,40,1730,1,3,39,1727,0.025,0.0017341040462427,0.25,0.75,0.1654683243144642
fbc_tfnbs,"e=1.4,h=6.0,n=30,start_thres=1.25,min_cluster_size=3",hub,0.25,10,3,40,1730,1,3,39,1727,0.025,0.0017341040462427,0.25,0.75,0.1654683243144642
fbc_tfnbs,"e=1.4,h=7.0,n=30,start_thres=1.25,min_cluster_size=3",hub,0.25,10,3,40,1730,1,3,39,1727,0.025,0.0017341040462427,0.25,0.75,0.1654683243144642
fbc_tfnbs,"e=1.4,h=8.0,n=30,start_thres=1.25,min_cluster_size=3",hub,0.25,10,3,40,1730,1,3,39,1727,0.025,0.0017341040462427,0.25,0.75,0.1654683243144642
fbc_tfnbs,"e=1.4,h=9.0,n=30,start_thres=1.25,min_cluster_size=3",hub,0.25,10,3,40,1730,1,3,39,1727,0.025,0.0017341040462427,0.25,0.75,0.1654683243144642
fbc_tfnbs,"e=1.4,h=10.0,n=30,start_thres=1.25,min_cluster_size=3",hub,0.25,10,3,40,1730,1,3,39,1727,0.025,0.0017341040462427,0.25,0.75,0.1654683243144642
fbc_tfnbs,"e=1.5,h=0.5,n=30,start_thres=1.25,min_cluster_size=3",hub,0.25,10,3,40,1730,0,0,40,1730,0.0,0.0,0.0,0.0,0.1654683243144642
fbc_tfnbs,"e=1.5,h=1.0,n=30,start_thres=1.25,min_cluster_size=3",hub,0.25,10,3,40,1730,0,0,40,1730,0.0,0.0,0.0,0.0,0.1654683243144642
fbc_tfnbs,"e=1.5,h=2.0,n=30,start_thres=1.25,min_cluster_size=3",hub,0.25,10,3,40,1730,0,0,40,1730,0.0,0.0,0.0,0.0,0.1654683243144642
fbc_tfnbs,"e=1.5,h=3.0,n=30,start_thres=1.25,min_cluster_size=3",hub,0.25,10,3,40,1730,0,0,40,1730,0.0,0.0,0.0,0.0,0.1654683243144642
fbc_tfnbs,"e=1.5,h=4.0,n=30,start_thres=1.25,min_cluster_size=3",hub,0.25,10,3,40,1730,0,3,40,1727,0.0,0.0017341040462427,0.0,1.0,0.1654683243144642
fbc_tfnbs,"e=1.5,h=5.0,n=30,start_thres=1.25,min_cluster_size=3",hub,0.25,10,3,40,1730,1,3,39,1727,0.025,0.0017341040462427,0.25,0.75,0.1654683243144642
fbc_tfnbs,"e=1.5,h=6.0,n=30,start_thres=1.25,min_cluster_size=3",hub,0.25,10,3,40,1730,1,3,39,1727,0.025,0.0017341040462427,0.25,0.75,0.1654683243144642
fbc_tfnbs,"e=1.5,h=7.0,n=30,start_thres=1.25,min_cluster_size=3",hub,0.25,10,3,40,1730,1,3,39,1727,0.025,0.0017341040462427,0.25,0.75,0.1654683243144642
fbc_tfnbs,"e=1.5,h=8.0,n=30,start_thres=1.25,min_cluster_size=3",hub,0.25,10,3,40,1730,1,3,39,1727,0.025,0.0017341040462427,0.25,0.75,0.1654683243144642
fbc_tfnbs,"e=1.5,h=9.0,n=30,start_thres=1.25,min_cluster_size=3",hub,0.25,10,3,40,1730,1,3,39,1727,0.025,0.0017341040462427,0.25,0.75,0.1654683243144642
fbc_tfnbs,"e=1.5,h=10.0,n=30,start_thres=1.25,min_cluster_size=3",hub,0.25,10,3,40,1730,1,3,39,1727,0.025,0.0017341040462427,0.25,0.75,0.1654683243144642
fbc_tfnbs,"e=0.05,h=0.5,n=30,start_thres=1.25,min_cluster_size=3",hub,0.25,10,4,40,1730,0,0,40,1730,0.0,0.0,0.0,0.0,0.1653398492119529
fbc_tfnbs,"e=0.05,h=1.0,n=30,start_thres=1.25,min_cluster_size=3",hub,0.25,10,4,40,1730,0,0,40,1730,0.0,0.0,0.0,0.0,0.1653398492119529
fbc_tfnbs,"e=0.05,h=2.0,n=30,start_thres=1.25,min_cluster_size=3",hub,0.25,10,4,40,1730,0,0,40,1730,0.0,0.0,0.0,0.0,0.1653398492119529
fbc_tfnbs,"e=0.05,h=3.0,n=30,start_thres=1.25,min_cluster_size=3",hub,0.25,10,4,40,1730,0,0,40,1730,0.0,0.0,0.0,0.0,0.1653398492119529
fbc_tfnbs,"e=0.05,h=4.0,n=30,start_thres=1.25,min_cluster_size=3",hub,0.25,10,4,40,1730,0,0,40,1730,0.0,0.0,0.0,0.0,0.1653398492119529
fbc_tfnbs,"e=0.05,h=5.0,n=30,start_thres=1.25,min_cluster_size=3",hub,0.25,10,4,40,1730,0,0,40,1730,0.0,0.0,0.0,0.0,0.1653398492119529
fbc_tfnbs,"e=0.05,h=6.0,n=30,start_thres=1.25,min_cluster_size=3",hub,0.25,10,4,40,1730,0,0,40,1730,0.0,0.0,0.0,0.0,0.1653398492119529
fbc_tfnbs,"e=0.05,h=7.0,n=30,start_thres=1.25,min_cluster_size=3",hub,0.25,10,4,40,1730,0,0,40,1730,0.0,0.0,0.0,0.0,0.1653398492119529
fbc_tfnbs,"e=0.05,h=8.0,n=30,start_thres=1.25,min_cluster_size=3",hub,0.25,10,4,40,1730,0,0,40,1730,0.0,0.0,0.0,0.0,0.1653398492119529
fbc_tfnbs,"e=0.05,h=9.0,n=30,start_thres=1.25,min_cluster_size=3",hub,0.25,10,4,40,1730,0,0,40,1730,0.0,0.0,0.0,0.0,0.1653398492119529
fbc_tfnbs,"e=0.05,h=10.0,n=30,start_thres=1.25,min_cluster_size=3",hub,0.25,10,4,40,1730,0,0,40,1730,0.0,0.0,0.0,0.0,0.1653398492119529
fbc_tfnbs,"e=0.1,h=0.5,n=30,start_thres=1.25,min_cluster_size=3",hub,0.25,10,4,40,1730,0,0,40,1730,0.0,0.0,0.0,0.0,0.1653398492119529
fbc_tfnbs,"e=0.1,h=1.0,n=30,start_thres=1.25,min_cluster_size=3",hub,0.25,10,4,40,1730,0,0,40,1730,0.0,0.0,0.0,0.0,0.1653398492119529
fbc_tfnbs,"e=0.1,h=2.0,n=30,start_thres=1.25,min_cluster_size=3",hub,0.25,10,4,40,1730,0,0,40,1730,0.0,0.0,0.0,0.0,0.1653398492119529
fbc_tfnbs,"e=0.1,h=3.0,n=30,start_thres=1.25,min_cluster_size=3",hub,0.25,10,4,40,1730,0,0,40,1730,0.0,0.0,0.0,0.0,0.1653398492119529
fbc_tfnbs,"e=0.1,h=4.0,n=30,start_thres=1.25,min_cluster_size=3",hub,0.25,10,4,40,1730,0,0,40,1730,0.0,0.0,0.0,0.0,0.1653398492119529
fbc_tfnbs,"e=0.1,h=5.0,n=30,start_thres=1.25,min_cluster_size=3",hub,0.25,10,4,40,1730,0,0,40,1730,0.0,0.0,0.0,0.0,0.1653398492119529
fbc_tfnbs,"e=0.1,h=6.0,n=30,start_thres=1.25,min_cluster_size=3",hub,0.25,10,4,40,1730,0,0,40,1730,0.0,0.0,0.0,0.0,0.1653398492119529
fbc_tfnbs,"e=0.1,h=7.0,n=30,start_thres=1.25,min_cluster_size=3",hub,0.25,10,4,40,1730,0,0,40,1730,0.0,0.0,0.0,0.0,0.1653398492119529
fbc_tfnbs,"e=0.1,h=8.0,n=30,start_thres=1.25,min_cluster_size=3",hub,0.25,10,4,40,1730,0,0,40,1730,0.0,0.0,0.0,0.0,0.1653398492119529
fbc_tfnbs,"e=0.1,h=9.0,n=30,start_thres=1.25,min_cluster_size=3",hub,0.25,10,4,40,1730,0,0,40,1730,0.0,0.0,0.0,0.0,0.1653398492119529
fbc_tfnbs,"e=0.1,h=10.0,n=30,start_thres=1.25,min_cluster_size=3",hub,0.25,10,4,40,1730,0,0,40,1730,0.0,0.0,0.0,0.0,0.1653398492119529
fbc_tfnbs,"e=0.2,h=0.5,n=30,start_thres=1.25,min_cluster_size=3",hub,0.25,10,4,40,1730,0,0,40,1730,0.0,0.0,0.0,0.0,0.1653398492119529
fbc_tfnbs,"e=0.2,h=1.0,n=30,start_thres=1.25,min_cluster_size=3",hub,0.25,10,4,40,1730,0,0,40,1730,0.0,0.0,0.0,0.0,0.1653398492119529
fbc_tfnbs,"e=0.2,h=2.0,n=30,start_thres=1.25,min_cluster_size=3",hub,0.25,10,4,40,1730,0,0,40,1730,0.0,0.0,0.0,0.0,0.1653398492119529
fbc_tfnbs,"e=0.2,h=3.0,n=30,start_thres=1.25,min_cluster_size=3",hub,0.25,10,4,40,1730,0,0,40,1730,0.0,0.0,0.0,0.0,0.1653398492119529
fbc_tfnbs,"e=0.2,h=4.0,n=30,start_thres=1.25,min_cluster_size=3",hub,0.25,10,4,40,1730,0,0,40,1730,0.0,0.0,0.0,0.0,0.1653398492119529
fbc_tfnbs,"e=0.2,h=5.0,n=30,start_thres=1.25,min_cluster_size=3",hub,0.25,10,4,40,1730,0,0,40,1730,0.0,0.0,0.0,0.0,0.1653398492119529
fbc_tfnbs,"e=0.2,h=6.0,n=30,start_thres=1.25,min_cluster_size=3",hub,0.25,10,4,40,1730,0,0,40,1730,0.0,0.0,0.0,0.0,0.1653398492119529
fbc_tfnbs,"e=0.2,h=7.0,n=30,start_thres=1.25,min_cluster_size=3",hub,0.25,10,4,40,1730,0,0,40,1730,0.0,0.0,0.0,0.0,0.1653398492119529
fbc_tfnbs,"e=0.2,h=8.0,n=30,start_thres=1.25,min_cluster_size=3",hub,0.25,10,4,40,1730,0,0,40,1730,0.0,0.0,0.0,0.0,0.1653398492119529
fbc_tfnbs,"e=0.2,h=9.0,n=30,start_thres=1.25,min_cluster_size=3",hub,0.25,10,4,40,1730,0,0,40,1730,0.0,0.0,0.0,0.0,0.1653398492119529
fbc_tfnbs,"e=0.2,h=10.0,n=30,start_thres=1.25,min_cluster_size=3",hub,0.25,10,4,40,1730,0,0,40,1730,0.0,0.0,0.0,0.0,0.1653398492119529
fbc_tfnbs,"e=0.3,h=0.5,n=30,start_thres=1.25,min_cluster_size=3",hub,0.25,10,4,40,1730,0,0,40,1730,0.0,0.0,0.0,0.0,0.1653398492119529
fbc_tfnbs,"e=0.3,h=1.0,n=30,start_thres=1.25,min_cluster_size=3",hub,0.25,10,4,40,1730,0,0,40,1730,0.0,0.0,0.0,0.0,0.1653398492119529
fbc_tfnbs,"e=0.3,h=2.0,n=30,start_thres=1.25,min_cluster_size=3",hub,0.25,10,4,40,1730,0,0,40,1730,0.0,0.0,0.0,0.0,0.1653398492119529
fbc_tfnbs,"e=0.3,h=3.0,n=30,start_thres=1.25,min_cluster_size=3",hub,0.25,10,4,40,1730,0,0,40,1730,0.0,0.0,0.0,0.0,0.1653398492119529
fbc_tfnbs,"e=0.3,h=4.0,n=30,start_thres=1.25,min_cluster_size=3",hub,0.25,10,4,40,1730,0,0,40,1730,0.0,0.0,0.0,0.0,0.1653398492119529
fbc_tfnbs,"e=0.3,h=5.0,n=30,start_thres=1.25,min_cluster_size=3",hub,0.25,10,4,40,1730,0,0,40,1730,0.0,0.0,0.0,0.0,0.1653398492119529
fbc_tfnbs,"e=0.3,h=6.0,n=30,start_thres=1.25,min_cluster_size=3",hub,0.25,10,4,40,1730,0,0,40,1730,0.0,0.0,0.0,0.0,0.1653398492119529
fbc_tfnbs,"e=0.3,h=7.0,n=30,start_thres=1.25,min_cluster_size=3",hub,0.25,10,4,40,1730,0,0,40,1730,0.0,0.0,0.0,0.0,0.1653398492119529
fbc_tfnbs,"e=0.3,h=8.0,n=30,start_thres=1.25,min_cluster_size=3",hub,0.25,10,4,40,1730,0,0,40,1730,0.0,0.0,0.0,0.0,0.1653398492119529
fbc_tfnbs,"e=0.3,h=9.0,n=30,start_thres=1.25,min_cluster_size=3",hub,0.25,10,4,40,1730,0,0,40,1730,0.0,0.0,0.0,0.0,0.1653398492119529
fbc_tfnbs,"e=0.3,h=10.0,n=30,start_thres=1.25,min_cluster_size=3",hub,0.25,10,4,40,1730,0,0,40,1730,0.0,0.0,0.0,0.0,0.1653398492119529
fbc_tfnbs,"e=0.4,h=0.5,n=30,start_thres=1.25,min_cluster_size=3",hub,0.25,10,4,40,1730,0,0,40,1730,0.0,0.0,0.0,0.0,0.1653398492119529
fbc_tfnbs,"e=0.4,h=1.0,n=30,start_thres=1.25,min_cluster_size=3",hub,0.25,10,4,40,1730,0,0,40,1730,0.0,0.0,0.0,0.0,0.1653398492119529
fbc_tfnbs,"e=0.4,h=2.0,n=30,start_thres=1.25,min_cluster_size=3",hub,0.25,10,4,40,1730,0,0,40,1730,0.0,0.0,0.0,0.0,0.1653398492119529
fbc_tfnbs,"e=0.4,h=3.0,n=30,start_thres=1.25,min_cluster_size=3",hub,0.25,10,4,40,1730,0,0,40,1730,0.0,0.0,0.0,0.0,0.1653398492119529
fbc_tfnbs,"e=0.4,h=4.0,n=30,start_thres=1.25,min_cluster_size=3",hub,0.25,10,4,40,1730,0,0,40,1730,0.0,0.0,0.0,0.0,0.1653398492119529
fbc_tfnbs,"e=0.4,h=5.0,n=30,start_thres=1.25,min_cluster_size=3",hub,0.25,10,4,40,1730,0,0,40,1730,0.0,0.0,0.0,0.0,0.1653398492119529
fbc_tfnbs,"e=0.4,h=6.0,n=30,start_thres=1.25,min_cluster_size=3",hub,0.25,10,4,40,1730,0,0,40,1730,0.0,0.0,0.0,0.0,0.1653398492119529
fbc_tfnbs,"e=0.4,h=7.0,n=30,start_thres=1.25,min_cluster_size=3",hub,0.25,10,4,40,1730,0,0,40,1730,0.0,0.0,0.0,0.0,0.1653398492119529
fbc_tfnbs,"e=0.4,h=8.0,n=30,start_thres=1.25,min_cluster_size=3",hub,0.25,10,4,40,1730,0,0,40,1730,0.0,0.0,0.0,0.0,0.1653398492119529
fbc_tfnbs,"e=0.4,h=9.0,n=30,start_thres=1.25,min_cluster_size=3",hub,0.25,10,4,40,1730,0,0,40,1730,0.0,0.0,0.0,0.0,0.1653398492119529
fbc_tfnbs,"e=0.4,h=10.0,n=30,start_thres=1.25,min_cluster_size=3",hub,0.25,10,4,40,1730,0,0,40,1730,0.0,0.0,0.0,0.0,0.1653398492119529
fbc_tfnbs,"e=0.5,h=0.5,n=30,start_thres=1.25,min_cluster_size=3",hub,0.25,10,4,40,1730,0,0,40,1730,0.0,0.0,0.0,0.0,0.1653398492119529
fbc_tfnbs,"e=0.5,h=1.0,n=30,start_thres=1.25,min_cluster_size=3",hub,0.25,10,4,40,1730,0,0,40,1730,0.0,0.0,0.0,0.0,0.1653398492119529
fbc_tfnbs,"e=0.5,h=2.0,n=30,start_thres=1.25,min_cluster_size=3",hub,0.25,10,4,40,1730,0,0,40,1730,0.0,0.0,0.0,0.0,0.1653398492119529
fbc_tfnbs,"e=0.5,h=3.0,n=30,start_thres=1.25,min_cluster_size=3",hub,0.25,10,4,40,1730,0,0,40,1730,0.0,0.0,0.0,0.0,0.1653398492119529
fbc_tfnbs,"e=0.5,h=4.0,n=30,start_thres=1.25,min_cluster_size=3",hub,0.25,10,4,40,1730,0,0,40,1730,0.0,0.0,0.0,0.0,0.1653398492119529
fbc_tfnbs,"e=0.5,h=5.0,n=30,start_thres=1.25,min_cluster_size=3",hub,0.25,10,4,40,1730,0,0,40,1730,0.0,0.0,0.0,0.0,0.1653398492119529
fbc_tfnbs,"e=0.5,h=6.0,n=30,start_thres=1.25,min_cluster_size=3",hub,0.25,10,4,40,1730,0,0,40,1730,0.0,0.0,0.0,0.0,0.1653398492119529
fbc_tfnbs,"e=0.5,h=7.0,n=30,start_thres=1.25,min_cluster_size=3",hub,0.25,10,4,40,1730,0,0,40,1730,0.0,0.0,0.0,0.0,0.1653398492119529
fbc_tfnbs,"e=0.5,h=8.0,n=30,start_thres=1.25,min_cluster_size=3",hub,0.25,10,4,40,1730,0,0,40,1730,0.0,0.0,0.0,0.0,0.1653398492119529
fbc_tfnbs,"e=0.5,h=9.0,n=30,start_thres=1.25,min_cluster_size=3",hub,0.25,10,4,40,1730,0,0,40,1730,0.0,0.0,0.0,0.0,0.1653398492119529
fbc_tfnbs,"e=0.5,h=10.0,n=30,start_thres=1.25,min_cluster_size=3",hub,0.25,10,4,40,1730,0,0,40,1730,0.0,0.0,0.0,0.0,0.1653398492119529
fbc_tfnbs,"e=0.6,h=0.5,n=30,start_thres=1.25,min_cluster_size=3",hub,0.25,10,4,40,1730,0,0,40,1730,0.0,0.0,0.0,0.0,0.1653398492119529
fbc_tfnbs,"e=0.6,h=1.0,n=30,start_thres=1.25,min_cluster_size=3",hub,0.25,10,4,40,1730,0,0,40,1730,0.0,0.0,0.0,0.0,0.1653398492119529
fbc_tfnbs,"e=0.6,h=2.0,n=30,start_thres=1.25,min_cluster_size=3",hub,0.25,10,4,40,1730,0,0,40,1730,0.0,0.0,0.0,0.0,0.1653398492119529
fbc_tfnbs,"e=0.6,h=3.0,n=30,start_thres=1.25,min_cluster_size=3",hub,0.25,10,4,40,1730,0,0,40,1730,0.0,0.0,0.0,0.0,0.1653398492119529
fbc_tfnbs,"e=0.6,h=4.0,n=30,start_thres=1.25,min_cluster_size=3",hub,0.25,10,4,40,1730,0,0,40,1730,0.0,0.0,0.0,0.0,0.1653398492119529
fbc_tfnbs,"e=0.6,h=5.0,n=30,start_thres=1.25,min_cluster_size=3",hub,0.25,10,4,40,1730,0,0,40,1730,0.0,0.0,0.0,0.0,0.1653398492119529
fbc_tfnbs,"e=0.6,h=6.0,n=30,start_thres=1.25,min_cluster_size=3",hub,0.25,10,4,40,1730,0,0,40,1730,0.0,0.0,0.0,0.0,0.1653398492119529
fbc_tfnbs,"e=0.6,h=7.0,n=30,start_thres=1.25,min_cluster_size=3",hub,0.25,10,4,40,1730,0,0,40,1730,0.0,0.0,0.0,0.0,0.1653398492119529
fbc_tfnbs,"e=0.6,h=8.0,n=30,start_thres=1.25,min_cluster_size=3",hub,0.25,10,4,40,1730,0,0,40,1730,0.0,0.0,0.0,0.0,0.1653398492119529
fbc_tfnbs,"e=0.6,h=9.0,n=30,start_thres=1.25,min_cluster_size=3",hub,0.25,10,4,40,1730,0,0,40,1730,0.0,0.0,0.0,0.0,0.1653398492119529
fbc_tfnbs,"e=0.6,h=10.0,n=30,start_thres=1.25,min_cluster_size=3",hub,0.25,10,4,40,1730,0,0,40,1730,0.0,0.0,0.0,0.0,0.1653398492119529
fbc_tfnbs,"e=0.7,h=0.5,n=30,start_thres=1.25,min_cluster_size=3",hub,0.25,10,4,40,1730,0,0,40,1730,0.0,0.0,0.0,0.0,0.1653398492119529
fbc_tfnbs,"e=0.7,h=1.0,n=30,start_thres=1.25,min_cluster_size=3",hub,0.25,10,4,40,1730,0,0,40,1730,0.0,0.0,0.0,0.0,0.1653398492119529
fbc_tfnbs,"e=0.7,h=2.0,n=30,start_thres=1.25,min_cluster_size=3",hub,0.25,10,4,40,1730,0,0,40,1730,0.0,0.0,0.0,0.0,0.1653398492119529
fbc_tfnbs,"e=0.7,h=3.0,n=30,start_thres=1.25,min_cluster_size=3",hub,0.25,10,4,40,1730,0,0,40,1730,0.0,0.0,0.0,0.0,0.1653398492119529
fbc_tfnbs,"e=0.7,h=4.0,n=30,start_thres=1.25,min_cluster_size=3",hub,0.25,10,4,40,1730,0,0,40,1730,0.0,0.0,0.0,0.0,0.1653398492119529
fbc_tfnbs,"e=0.7,h=5.0,n=30,start_thres=1.25,min_cluster_size=3",hub,0.25,10,4,40,1730,0,0,40,1730,0.0,0.0,0.0,0.0,0.1653398492119529
fbc_tfnbs,"e=0.7,h=6.0,n=30,start_thres=1.25,min_cluster_size=3",hub,0.25,10,4,40,1730,0,0,40,1730,0.0,0.0,0.0,0.0,0.1653398492119529
fbc_tfnbs,"e=0.7,h=7.0,n=30,start_thres=1.25,min_cluster_size=3",hub,0.25,10,4,40,1730,0,0,40,1730,0.0,0.0,0.0,0.0,0.1653398492119529
fbc_tfnbs,"e=0.7,h=8.0,n=30,start_thres=1.25,min_cluster_size=3",hub,0.25,10,4,40,1730,0,0,40,1730,0.0,0.0,0.0,0.0,0.1653398492119529
fbc_tfnbs,"e=0.7,h=9.0,n=30,start_thres=1.25,min_cluster_size=3",hub,0.25,10,4,40,1730,0,0,40,1730,0.0,0.0,0.0,0.0,0.1653398492119529
fbc_tfnbs,"e=0.7,h=10.0,n=30,start_thres=1.25,min_cluster_size=3",hub,0.25,10,4,40,1730,0,0,40,1730,0.0,0.0,0.0,0.0,0.1653398492119529
fbc_tfnbs,"e=0.8,h=0.5,n=30,start_thres=1.25,min_cluster_size=3",hub,0.25,10,4,40,1730,0,0,40,1730,0.0,0.0,0.0,0.0,0.1653398492119529
fbc_tfnbs,"e=0.8,h=1.0,n=30,start_thres=1.25,min_cluster_size=3",hub,0.25,10,4,40,1730,0,0,40,1730,0.0,0.0,0.0,0.0,0.1653398492119529
fbc_tfnbs,"e=0.8,h=2.0,n=30,start_thres=1.25,min_cluster_size=3",hub,0.25,10,4,40,1730,0,0,40,1730,0.0,0.0,0.0,0.0,0.1653398492119529
fbc_tfnbs,"e=0.8,h=3.0,n=30,start_thres=1.25,min_cluster_size=3",hub,0.25,10,4,40,1730,0,0,40,1730,0.0,0.0,0.0,0.0,0.1653398492119529
fbc_tfnbs,"e=0.8,h=4.0,n=30,start_thres=1.25,min_cluster_size=3",hub,0.25,10,4,40,1730,0,0,40,1730,0.0,0.0,0.0,0.0,0.1653398492119529
fbc_tfnbs,"e=0.8,h=5.0,n=30,start_thres=1.25,min_cluster_size=3",hub,0.25,10,4,40,1730,0,0,40,1730,0.0,0.0,0.0,0.0,0.1653398492119529
fbc_tfnbs,"e=0.8,h=6.0,n=30,start_thres=1.25,min_cluster_size=3",hub,0.25,10,4,40,1730,0,0,40,1730,0.0,0.0,0.0,0.0,0.1653398492119529
fbc_tfnbs,"e=0.8,h=7.0,n=30,start_thres=1.25,min_cluster_size=3",hub,0.25,10,4,40,1730,0,0,40,1730,0.0,0.0,0.0,0.0,0.1653398492119529
fbc_tfnbs,"e=0.8,h=8.0,n=30,start_thres=1.25,min_cluster_size=3",hub,0.25,10,4,40,1730,0,0,40,1730,0.0,0.0,0.0,0.0,0.1653398492119529
fbc_tfnbs,"e=0.8,h=9.0,n=30,start_thres=1.25,min_cluster_size=3",hub,0.25,10,4,40,1730,0,0,40,1730,0.0,0.0,0.0,0.0,0.1653398492119529
fbc_tfnbs,"e=0.8,h=10.0,n=30,start_thres=1.25,min_cluster_size=3",hub,0.25,10,4,40,1730,0,0,40,1730,0.0,0.0,0.0,0.0,0.1653398492119529
fbc_tfnbs,"e=0.9,h=0.5,n=30,start_thres=1.25,min_cluster_size=3",hub,0.25,10,4,40,1730,0,0,40,1730,0.0,0.0,0.0,0.0,0.1653398492119529
fbc_tfnbs,"e=0.9,h=1.0,n=30,start_thres=1.25,min_cluster_size=3",hub,0.25,10,4,40,1730,0,0,40,1730,0.0,0.0,0.0,0.0,0.1653398492119529
fbc_tfnbs,"e=0.9,h=2.0,n=30,start_thres=1.25,min_cluster_size=3",hub,0.25,10,4,40,1730,0,0,40,1730,0.0,0.0,0.0,0.0,0.1653398492119529
fbc_tfnbs,"e=0.9,h=3.0,n=30,start_thres=1.25,min_cluster_size=3",hub,0.25,10,4,40,1730,0,0,40,1730,0.0,0.0,0.0,0.0,0.1653398492119529
fbc_tfnbs,"e=0.9,h=4.0,n=30,start_thres=1.25,min_cluster_size=3",hub,0.25,10,4,40,1730,0,0,40,1730,0.0,0.0,0.0,0.0,0.1653398492119529
fbc_tfnbs,"e=0.9,h=5.0,n=30,start_thres=1.25,min_cluster_size=3",hub,0.25,10,4,40,1730,0,0,40,1730,0.0,0.0,0.0,0.0,0.1653398492119529
fbc_tfnbs,"e=0.9,h=6.0,n=30,start_thres=1.25,min_cluster_size=3",hub,0.25,10,4,40,1730,0,0,40,1730,0.0,0.0,0.0,0.0,0.1653398492119529
fbc_tfnbs,"e=0.9,h=7.0,n=30,start_thres=1.25,min_cluster_size=3",hub,0.25,10,4,40,1730,0,0,40,1730,0.0,0.0,0.0,0.0,0.1653398492119529
fbc_tfnbs,"e=0.9,h=8.0,n=30,start_thres=1.25,min_cluster_size=3",hub,0.25,10,4,40,1730,0,0,40,1730,0.0,0.0,0.0,0.0,0.1653398492119529
fbc_tfnbs,"e=0.9,h=9.0,n=30,start_thres=1.25,min_cluster_size=3",hub,0.25,10,4,40,1730,0,0,40,1730,0.0,0.0,0.0,0.0,0.1653398492119529
fbc_tfnbs,"e=0.9,h=10.0,n=30,start_thres=1.25,min_cluster_size=3",hub,0.25,10,4,40,1730,0,0,40,1730,0.0,0.0,0.0,0.0,0.1653398492119529
fbc_tfnbs,"e=1.0,h=0.5,n=30,start_thres=1.25,min_cluster_size=3",hub,0.25,10,4,40,1730,0,0,40,1730,0.0,0.0,0.0,0.0,0.1653398492119529
fbc_tfnbs,"e=1.0,h=1.0,n=30,start_thres=1.25,min_cluster_size=3",hub,0.25,10,4,40,1730,0,0,40,1730,0.0,0.0,0.0,0.0,0.1653398492119529
fbc_tfnbs,"e=1.0,h=2.0,n=30,start_thres=1.25,min_cluster_size=3",hub,0.25,10,4,40,1730,0,0,40,1730,0.0,0.0,0.0,0.0,0.1653398492119529
fbc_tfnbs,"e=1.0,h=3.0,n=30,start_thres=1.25,min_cluster_size=3",hub,0.25,10,4,40,1730,0,0,40,1730,0.0,0.0,0.0,0.0,0.1653398492119529
fbc_tfnbs,"e=1.0,h=4.0,n=30,start_thres=1.25,min_cluster_size=3",hub,0.25,10,4,40,1730,0,0,40,1730,0.0,0.0,0.0,0.0,0.1653398492119529
fbc_tfnbs,"e=1.0,h=5.0,n=30,start_thres=1.25,min_cluster_size=3",hub,0.25,10,4,40,1730,0,0,40,1730,0.0,0.0,0.0,0.0,0.1653398492119529
fbc_tfnbs,"e=1.0,h=6.0,n=30,start_thres=1.25,min_cluster_size=3",hub,0.25,10,4,40,1730,0,0,40,1730,0.0,0.0,0.0,0.0,0.1653398492119529
fbc_tfnbs,"e=1.0,h=7.0,n=30,start_thres=1.25,min_cluster_size=3",hub,0.25,10,4,40,1730,0,0,40,1730,0.0,0.0,0.0,0.0,0.1653398492119529
fbc_tfnbs,"e=1.0,h=8.0,n=30,start_thres=1.25,min_cluster_size=3",hub,0.25,10,4,40,1730,0,0,40,1730,0.0,0.0,0.0,0.0,0.1653398492119529
fbc_tfnbs,"e=1.0,h=9.0,n=30,start_thres=1.25,min_cluster_size=3",hub,0.25,10,4,40,1730,0,0,40,1730,0.0,0.0,0.0,0.0,0.1653398492119529
fbc_tfnbs,"e=1.0,h=10.0,n=30,start_thres=1.25,min_cluster_size=3",hub,0.25,10,4,40,1730,0,0,40,1730,0.0,0.0,0.0,0.0,0.1653398492119529
fbc_tfnbs,"e=1.1,h=0.5,n=30,start_thres=1.25,min_cluster_size=3",hub,0.25,10,4,40,1730,0,0,40,1730,0.0,0.0,0.0,0.0,0.1653398492119529
fbc_tfnbs,"e=1.1,h=1.0,n=30,start_thres=1.25,min_cluster_size=3",hub,0.25,10,4,40,1730,0,0,40,1730,0.0,0.0,0.0,0.0,0.1653398492119529
fbc_tfnbs,"e=1.1,h=2.0,n=30,start_thres=1.25,min_cluster_size=3",hub,0.25,10,4,40,1730,0,0,40,1730,0.0,0.0,0.0,0.0,0.1653398492119529
fbc_tfnbs,"e=1.1,h=3.0,n=30,start_thres=1.25,min_cluster_size=3",hub,0.25,10,4,40,1730,0,0,40,1730,0.0,0.0,0.0,0.0,0.1653398492119529
fbc_tfnbs,"e=1.1,h=4.0,n=30,start_thres=1.25,min_cluster_size=3",hub,0.25,10,4,40,1730,0,0,40,1730,0.0,0.0,0.0,0.0,0.1653398492119529
fbc_tfnbs,"e=1.1,h=5.0,n=30,start_thres=1.25,min_cluster_size=3",hub,0.25,10,4,40,1730,0,0,40,1730,0.0,0.0,0.0,0.0,0.1653398492119529
fbc_tfnbs,"e=1.1,h=6.0,n=30,start_thres=1.25,min_cluster_size=3",hub,0.25,10,4,40,1730,0,0,40,1730,0.0,0.0,0.0,0.0,0.1653398492119529
fbc_tfnbs,"e=1.1,h=7.0,n=30,start_thres=1.25,min_cluster_size=3",hub,0.25,10,4,40,1730,0,0,40,1730,0.0,0.0,0.0,0.0,0.1653398492119529
fbc_tfnbs,"e=1.1,h=8.0,n=30,start_thres=1.25,min_cluster_size=3",hub,0.25,10,4,40,1730,0,0,40,1730,0.0,0.0,0.0,0.0,0.1653398492119529
fbc_tfnbs,"e=1.1,h=9.0,n=30,start_thres=1.25,min_cluster_size=3",hub,0.25,10,4,40,1730,0,0,40,1730,0.0,0.0,0.0,0.0,0.1653398492119529
fbc_tfnbs,"e=1.1,h=10.0,n=30,start_thres=1.25,min_cluster_size=3",hub,0.25,10,4,40,1730,0,0,40,1730,0.0,0.0,0.0,0.0,0.1653398492119529
fbc_tfnbs,"e=1.2,h=0.5,n=30,start_thres=1.25,min_cluster_size=3",hub,0.25,10,4,40,1730,0,0,40,1730,0.0,0.0,0.0,0.0,0.1653398492119529
fbc_tfnbs,"e=1.2,h=1.0,n=30,start_thres=1.25,min_cluster_size=3",hub,0.25,10,4,40,1730,0,0,40,1730,0.0,0.0,0.0,0.0,0.1653398492119529
fbc_tfnbs,"e=1.2,h=2.0,n=30,start_thres=1.25,min_cluster_size=3",hub,0.25,10,4,40,1730,0,0,40,1730,0.0,0.0,0.0,0.0,0.1653398492119529
fbc_tfnbs,"e=1.2,h=3.0,n=30,start_thres=1.25,min_cluster_size=3",hub,0.25,10,4,40,1730,0,0,40,1730,0.0,0.0,0.0,0.0,0.1653398492119529
fbc_tfnbs,"e=1.2,h=4.0,n=30,start_thres=1.25,min_cluster_size=3",hub,0.25,10,4,40,1730,0,0,40,1730,0.0,0.0,0.0,0.0,0.1653398492119529
fbc_tfnbs,"e=1.2,h=5.0,n=30,start_thres=1.25,min_cluster_size=3",hub,0.25,10,4,40,1730,0,0,40,1730,0.0,0.0,0.0,0.0,0.1653398492119529
fbc_tfnbs,"e=1.2,h=6.0,n=30,start_thres=1.25,min_cluster_size=3",hub,0.25,10,4,40,1730,0,0,40,1730,0.0,0.0,0.0,0.0,0.1653398492119529
fbc_tfnbs,"e=1.2,h=7.0,n=30,start_thres=1.25,min_cluster_size=3",hub,0.25,10,4,40,1730,0,0,40,1730,0.0,0.0,0.0,0.0,0.1653398492119529
fbc_tfnbs,"e=1.2,h=8.0,n=30,start_thres=1.25,min_cluster_size=3",hub,0.25,10,4,40,1730,0,0,40,1730,0.0,0.0,0.0,0.0,0.1653398492119529
fbc_tfnbs,"e=1.2,h=9.0,n=30,start_thres=1.25,min_cluster_size=3",hub,0.25,10,4,40,1730,0,0,40,1730,0.0,0.0,0.0,0.0,0.1653398492119529
fbc_tfnbs,"e=1.2,h=10.0,n=30,start_thres=1.25,min_cluster_size=3",hub,0.25,10,4,40,1730,0,0,40,1730,0.0,0.0,0.0,0.0,0.1653398492119529
fbc_tfnbs,"e=1.3,h=0.5,n=30,start_thres=1.25,min_cluster_size=3",hub,0.25,10,4,40,1730,0,0,40,1730,0.0,0.0,0.0,0.0,0.1653398492119529
fbc_tfnbs,"e=1.3,h=1.0,n=30,start_thres=1.25,min_cluster_size=3",hub,0.25,10,4,40,1730,0,0,40,1730,0.0,0.0,0.0,0.0,0.1653398492119529
fbc_tfnbs,"e=1.3,h=2.0,n=30,start_thres=1.25,min_cluster_size=3",hub,0.25,10,4,40,1730,0,0,40,1730,0.0,0.0,0.0,0.0,0.1653398492119529
fbc_tfnbs,"e=1.3,h=3.0,n=30,start_thres=1.25,min_cluster_size=3",hub,0.25,10,4,40,1730,0,0,40,1730,0.0,0.0,0.0,0.0,0.1653398492119529
fbc_tfnbs,"e=1.3,h=4.0,n=30,start_thres=1.25,min_cluster_size=3",hub,0.25,10,4,40,1730,0,0,40,1730,0.0,0.0,0.0,0.0,0.1653398492119529
fbc_tfnbs,"e=1.3,h=5.0,n=30,start_thres=1.25,min_cluster_size=3",hub,0.25,10,4,40,1730,0,0,40,1730,0.0,0.0,0.0,0.0,0.1653398492119529
fbc_tfnbs,"e=1.3,h=6.0,n=30,start_thres=1.25,min_cluster_size=3",hub,0.25,10,4,40,1730,0,0,40,1730,0.0,0.0,0.0,0.0,0.1653398492119529
fbc_tfnbs,"e=1.3,h=7.0,n=30,start_thres=1.25,min_cluster_size=3",hub,0.25,10,4,40,1730,0,0,40,1730,0.0,0.0,0.0,0.0,0.1653398492119529
fbc_tfnbs,"e=1.3,h=8.0,n=30,start_thres=1.25,min_cluster_size=3",hub,0.25,10,4,40,1730,0,0,40,1730,0.0,0.0,0.0,0.0,0.1653398492119529
fbc_tfnbs,"e=1.3,h=9.0,n=30,start_thres=1.25,min_cluster_size=3",hub,0.25,10,4,40,1730,0,0,40,1730,0.0,0.0,0.0,0.0,0.1653398492119529
fbc_tfnbs,"e=1.3,h=10.0,n=30,start_thres=1.25,min_cluster_size=3",hub,0.25,10,4,40,1730,0,0,40,1730,0.0,0.0,0.0,0.0,0.1653398492119529
fbc_tfnbs,"e=1.4,h=0.5,n=30,start_thres=1.25,min_cluster_size=3",hub,0.25,10,4,40,1730,0,0,40,1730,0.0,0.0,0.0,0.0,0.1653398492119529
fbc_tfnbs,"e=1.4,h=1.0,n=30,start_thres=1.25,min_cluster_size=3",hub,0.25,10,4,40,1730,0,0,40,1730,0.0,0.0,0.0,0.0,0.1653398492119529
fbc_tfnbs,"e=1.4,h=2.0,n=30,start_thres=1.25,min_cluster_size=3",hub,0.25,10,4,40,1730,0,0,40,1730,0.0,0.0,0.0,0.0,0.1653398492119529
fbc_tfnbs,"e=1.4,h=3.0,n=30,start_thres=1.25,min_cluster_size=3",hub,0.25,10,4,40,1730,0,0,40,1730,0.0,0.0,0.0,0.0,0.1653398492119529
fbc_tfnbs,"e=1.4,h=4.0,n=30,start_thres=1.25,min_cluster_size=3",hub,0.25,10,4,40,1730,0,0,40,1730,0.0,0.0,0.0,0.0,0.1653398492119529
fbc_tfnbs,"e=1.4,h=5.0,n=30,start_thres=1.25,min_cluster_size=3",hub,0.25,10,4,40,1730,0,0,40,1730,0.0,0.0,0.0,0.0,0.1653398492119529
fbc_tfnbs,"e=1.4,h=6.0,n=30,start_thres=1.25,min_cluster_size=3",hub,0.25,10,4,40,1730,0,0,40,1730,0.0,0.0,0.0,0.0,0.1653398492119529
fbc_tfnbs,"e=1.4,h=7.0,n=30,start_thres=1.25,min_cluster_size=3",hub,0.25,10,4,40,1730,0,0,40,1730,0.0,0.0,0.0,0.0,0.1653398492119529
fbc_tfnbs,"e=1.4,h=8.0,n=30,start_thres=1.25,min_cluster_size=3",hub,0.25,10,4,40,1730,0,0,40,1730,0.0,0.0,0.0,0.0,0.1653398492119529
fbc_tfnbs,"e=1.4,h=9.0,n=30,start_thres=1.25,min_cluster_size=3",hub,0.25,10,4,40,1730,0,0,40,1730,0.0,0.0,0.0,0.0,0.1653398492119529
fbc_tfnbs,"e=1.4,h=10.0,n=30,start_thres=1.25,min_cluster_size=3",hub,0.25,10,4,40,1730,0,0,40,1730,0.0,0.0,0.0,0.0,0.1653398492119529
fbc_tfnbs,"e=1.5,h=0.5,n=30,start_thres=1.25,min_cluster_size=3",hub,0.25,10,4,40,1730,0,0,40,1730,0.0,0.0,0.0,0.0,0.1653398492119529
fbc_tfnbs,"e=1.5,h=1.0,n=30,start_thres=1.25,min_cluster_size=3",hub,0.25,10,4,40,1730,0,0,40,1730,0.0,0.0,0.0,0.0,0.1653398492119529
fbc_tfnbs,"e=1.5,h=2.0,n=30,start_thres=1.25,min_cluster_size=3",hub,0.25,10,4,40,1730,0,0,40,1730,0.0,0.0,0.0,0.0,0.1653398492119529
fbc_tfnbs,"e=1.5,h=3.0,n=30,start_thres=1.25,min_cluster_size=3",hub,0.25,10,4,40,1730,0,0,40,1730,0.0,0.0,0.0,0.0,0.1653398492119529
fbc_tfnbs,"e=1.5,h=4.0,n=30,start_thres=1.25,min_cluster_size=3",hub,0.25,10,4,40,1730,0,0,40,1730,0.0,0.0,0.0,0.0,0.1653398492119529
fbc_tfnbs,"e=1.5,h=5.0,n=30,start_thres=1.25,min_cluster_size=3",hub,0.25,10,4,40,1730,0,0,40,1730,0.0,0.0,0.0,0.0,0.1653398492119529
fbc_tfnbs,"e=1.5,h=6.0,n=30,start_thres=1.25,min_cluster_size=3",hub,0.25,10,4,40,1730,0,0,40,1730,0.0,0.0,0.0,0.0,0.1653398492119529
fbc_tfnbs,"e=1.5,h=7.0,n=30,start_thres=1.25,min_cluster_size=3",hub,0.25,10,4,40,1730,0,0,40,1730,0.0,0.0,0.0,0.0,0.1653398492119529
fbc_tfnbs,"e=1.5,h=8.0,n=30,start_thres=1.25,min_cluster_size=3",hub,0.25,10,4,40,1730,0,0,40,1730,0.0,0.0,0.0,0.0,0.1653398492119529
fbc_tfnbs,"e=1.5,h=9.0,n=30,start_thres=1.25,min_cluster_size=3",hub,0.25,10,4,40,1730,0,0,40,1730,0.0,0.0,0.0,0.0,0.1653398492119529
fbc_tfnbs,"e=1.5,h=10.0,n=30,start_thres=1.25,min_cluster_size=3",hub,0.25,10,4,40,1730,0,0,40,1730,0.0,0.0,0.0,0.0,0.1653398492119529
fbc_tfnbs,"e=0.05,h=0.5,n=30,start_thres=1.25,min_cluster_size=3",hub,0.25,10,5,40,1730,2,1,38,1729,0.05,0.0005780346820809,0.6666666666666666,0.3333333333333333,0.1633877280083569
fbc_tfnbs,"e=0.05,h=1.0,n=30,start_thres=1.25,min_cluster_size=3",hub,0.25,10,5,40,1730,2,1,38,1729,0.05,0.0005780346820809,0.6666666666666666,0.3333333333333333,0.1633877280083569
fbc_tfnbs,"e=0.05,h=2.0,n=30,start_thres=1.25,min_cluster_size=3",hub,0.25,10,5,40,1730,2,1,38,1729,0.05,0.0005780346820809,0.6666666666666666,0.3333333333333333,0.1633877280083569
fbc_tfnbs,"e=0.05,h=3.0,n=30,start_thres=1.25,min_cluster_size=3",hub,0.25,10,5,40,1730,2,1,38,1729,0.05,0.0005780346820809,0.6666666666666666,0.3333333333333333,0.1633877280083569
fbc_tfnbs,"e=0.05,h=4.0,n=30,start_thres=1.25,min_cluster_size=3",hub,0.25,10,5,40,1730,2,1,38,1729,0.05,0.0005780346820809,0.6666666666666666,0.3333333333333333,0.1633877280083569
fbc_tfnbs,"e=0.05,h=5.0,n=30,start_thres=1.25,min_cluster_size=3",hub,0.25,10,5,40,1730,2,1,38,1729,0.05,0.0005780346820809,0.6666666666666666,0.3333333333333333,0.1633877280083569
fbc_tfnbs,"e=0.05,h=6.0,n=30,start_thres=1.25,min_cluster_size=3",hub,0.25,10,5,40,1730,2,1,38,1729,0.05,0.0005780346820809,0.6666666666666666,0.3333333333333333,0.1633877280083569
fbc_tfnbs,"e=0.05,h=7.0,n=30,start_thres=1.25,min_cluster_size=3",hub,0.25,10,5,40,1730,2,1,38,1729,0.05,0.0005780346820809,0.6666666666666666,0.3333333333333333,0.1633877280083569
fbc_tfnbs,"e=0.05,h=8.0,n=30,start_thres=1.25,min_cluster_size=3",hub,0.25,10,5,40,1730,2,1,38,1729,0.05,0.0005780346820809,0.6666666666666666,0.3333333333333333,0.1633877280083569
fbc_tfnbs,"e=0.05,h=9.0,n=30,start_thres=1.25,min_cluster_size=3",hub,0.25,10,5,40,1730,2,1,38,1729,0.05,0.0005780346820809,0.6666666666666666,0.3333333333333333,0.1633877280083569
fbc_tfnbs,"e=0.05,h=10.0,n=30,start_thres=1.25,min_cluster_size=3",hub,0.25,10,5,40,1730,2,1,38,1729,0.05,0.0005780346820809,0.6666666666666666,0.3333333333333333,0.1633877280083569
fbc_tfnbs,"e=0.1,h=0.5,n=30,start_thres=1.25,min_cluster_size=3",hub,0.25,10,5,40,1730,2,1,38,1729,0.05,0.0005780346820809,0.6666666666666666,0.3333333333333333,0.1633877280083569
fbc_tfnbs,"e=0.1,h=1.0,n=30,start_thres=1.25,min_cluster_size=3",hub,0.25,10,5,40,1730,2,1,38,1729,0.05,0.0005780346820809,0.6666666666666666,0.3333333333333333,0.1633877280083569
fbc_tfnbs,"e=0.1,h=2.0,n=30,start_thres=1.25,min_cluster_size=3",hub,0.25,10,5,40,1730,2,1,38,1729,0.05,0.0005780346820809,0.6666666666666666,0.3333333333333333,0.1633877280083569
fbc_tfnbs,"e=0.1,h=3.0,n=30,start_thres=1.25,min_cluster_size=3",hub,0.25,10,5,40,1730,2,1,38,1729,0.05,0.0005780346820809,0.6666666666666666,0.3333333333333333,0.1633877280083569
fbc_tfnbs,"e=0.1,h=4.0,n=30,start_thres=1.25,min_cluster_size=3",hub,0.25,10,5,40,1730,2,1,38,1729,0.05,0.0005780346820809,0.6666666666666666,0.3333333333333333,0.1633877280083569
fbc_tfnbs,"e=0.1,h=5.0,n=30,start_thres=1.25,min_cluster_size=3",hub,0.25,10,5,40,1730,2,1,38,1729,0.05,0.0005780346820809,0.6666666666666666,0.3333333333333333,0.1633877280083569
fbc_tfnbs,"e=0.1,h=6.0,n=30,start_thres=1.25,min_cluster_size=3",hub,0.25,10,5,40,1730,2,1,38,1729,0.05,0.0005780346820809,0.6666666666666666,0.3333333333333333,0.1633877280083569
fbc_tfnbs,"e=0.1,h=7.0,n=30,start_thres=1.25,min_cluster_size=3",hub,0.25,10,5,40,1730,2,1,38,1729,0.05,0.0005780346820809,0.6666666666666666,0.3333333333333333,0.1633877280083569
fbc_tfnbs,"e=0.1,h=8.0,n=30,start_thres=1.25,min_cluster_size=3",hub,0.25,10,5,40,1730,2,1,38,1729,0.05,0.0005780346820809,0.6666666666666666,0.3333333333333333,0.1633877280083569
fbc_tfnbs,"e=0.1,h=9.0,n=30,start_thres=1.25,min_cluster_size=3",hub,0.25,10,5,40,1730,2,1,38,1729,0.05,0.0005780346820809,0.6666666666666666,0.3333333333333333,0.1633877280083569
fbc_tfnbs,"e=0.1,h=10.0,n=30,start_thres=1.25,min_cluster_size=3",hub,0.25,10,5,40,1730,2,1,38,1729,0.05,0.0005780346820809,0.6666666666666666,0.3333333333333333,0.1633877280083569
fbc_tfnbs,"e=0.2,h=0.5,n=30,start_thres=1.25,min_cluster_size=3",hub,0.25,10,5,40,1730,2,1,38,1729,0.05,0.0005780346820809,0.6666666666666666,0.3333333333333333,0.1633877280083569
fbc_tfnbs,"e=0.2,h=1.0,n=30,start_thres=1.25,min_cluster_size=3",hub,0.25,10,5,40,1730,2,1,38,1729,0.05,0.0005780346820809,0.6666666666666666,0.3333333333333333,0.1633877280083569
fbc_tfnbs,"e=0.2,h=2.0,n=30,start_thres=1.25,min_cluster_size=3",hub,0.25,10,5,40,1730,2,1,38,1729,0.05,0.0005780346820809,0.6666666666666666,0.3333333333333333,0.1633877280083569
fbc_tfnbs,"e=0.2,h=3.0,n=30,start_thres=1.25,min_cluster_size=3",hub,0.25,10,5,40,1730,2,1,38,1729,0.05,0.0005780346820809,0.6666666666666666,0.3333333333333333,0.1633877280083569
fbc_tfnbs,"e=0.2,h=4.0,n=30,start_thres=1.25,min_cluster_size=3",hub,0.25,10,5,40,1730,2,1,38,1729,0.05,0.0005780346820809,0.6666666666666666,0.3333333333333333,0.1633877280083569
fbc_tfnbs,"e=0.2,h=5.0,n=30,start_thres=1.25,min_cluster_size=3",hub,0.25,10,5,40,1730,2,1,38,1729,0.05,0.0005780346820809,0.6666666666666666,0.3333333333333333,0.1633877280083569
fbc_tfnbs,"e=0.2,h=6.0,n=30,start_thres=1.25,min_cluster_size=3",hub,0.25,10,5,40,1730,2,1,38,1729,0.05,0.0005780346820809,0.6666666666666666,0.3333333333333333,0.1633877280083569
fbc_tfnbs,"e=0.2,h=7.0,n=30,start_thres=1.25,min_cluster_size=3",hub,0.25,10,5,40,1730,2,1,38,1729,0.05,0.0005780346820809,0.6666666666666666,0.3333333333333333,0.1633877280083569
fbc_tfnbs,"e=0.2,h=8.0,n=30,start_thres=1.25,min_cluster_size=3",hub,0.25,10,5,40,1730,2,1,38,1729,0.05,0.0005780346820809,0.6666666666666666,0.3333333333333333,0.1633877280083569
fbc_tfnbs,"e=0.2,h=9.0,n=30,start_thres=1.25,min_cluster_size=3",hub,0.25,10,5,40,1730,2,1,38,1729,0.05,0.0005780346820809,0.6666666666666666,0.3333333333333333,0.1633877280083569
fbc_tfnbs,"e=0.2,h=10.0,n=30,start_thres=1.25,min_cluster_size=3",hub,0.25,10,5,40,1730,2,1,38,1729,0.05,0.0005780346820809,0.6666666666666666,0.3333333333333333,0.1633877280083569
fbc_tfnbs,"e=0.3,h=0.5,n=30,start_thres=1.25,min_cluster_size=3",hub,0.25,10,5,40,1730,2,1,38,1729,0.05,0.0005780346820809,0.6666666666666666,0.3333333333333333,0.1633877280083569
fbc_tfnbs,"e=0.3,h=1.0,n=30,start_thres=1.25,min_cluster_size=3",hub,0.25,10,5,40,1730,2,1,38,1729,0.05,0.0005780346820809,0.6666666666666666,0.3333333333333333,0.1633877280083569
fbc_tfnbs,"e=0.3,h=2.0,n=30,start_thres=1.25,min_cluster_size=3",hub,0.25,10,5,40,1730,2,1,38,1729,0.05,0.0005780346820809,0.6666666666666666,0.3333333333333333,0.1633877280083569
fbc_tfnbs,"e=0.3,h=3.0,n=30,start_thres=1.25,min_cluster_size=3",hub,0.25,10,5,40,1730,2,1,38,1729,0.05,0.0005780346820809,0.6666666666666666,0.3333333333333333,0.1633877280083569
fbc_tfnbs,"e=0.3,h=4.0,n=30,start_thres=1.25,min_cluster_size=3",hub,0.25,10,5,40,1730,2,1,38,1729,0.05,0.0005780346820809,0.6666666666666666,0.3333333333333333,0.1633877280083569
fbc_tfnbs,"e=0.3,h=5.0,n=30,start_thres=1.25,min_cluster_size=3",hub,0.25,10,5,40,1730,2,1,38,1729,0.05,0.0005780346820809,0.6666666666666666,0.3333333333333333,0.1633877280083569
fbc_tfnbs,"e=0.3,h=6.0,n=30,start_thres=1.25,min_cluster_size=3",hub,0.25,10,5,40,1730,2,1,38,1729,0.05,0.0005780346820809,0.6666666666666666,0.3333333333333333,0.1633877280083569
fbc_tfnbs,"e=0.3,h=7.0,n=30,start_thres=1.25,min_cluster_size=3",hub,0.25,10,5,40,1730,2,1,38,1729,0.05,0.0005780346820809,0.6666666666666666,0.3333333333333333,0.1633877280083569
fbc_tfnbs,"e=0.3,h=8.0,n=30,start_thres=1.25,min_cluster_size=3",hub,0.25,10,5,40,1730,2,1,38,1729,0.05,0.0005780346820809,0.6666666666666666,0.3333333333333333,0.1633877280083569
fbc_tfnbs,"e=0.3,h=9.0,n=30,start_thres=1.25,min_cluster_size=3",hub,0.25,10,5,40,1730,2,1,38,1729,0.05,0.0005780346820809,0.6666666666666666,0.3333333333333333,0.1633877280083569
fbc_tfnbs,"e=0.3,h=10.0,n=30,start_thres=1.25,min_cluster_size=3",hub,0.25,10,5,40,1730,2,1,38,1729,0.05,0.0005780346820809,0.6666666666666666,0.3333333333333333,0.1633877280083569
fbc_tfnbs,"e=0.4,h=0.5,n=30,start_thres=1.25,min_cluster_size=3",hub,0.25,10,5,40,1730,2,1,38,1729,0.05,0.0005780346820809,0.6666666666666666,0.3333333333333333,0.1633877280083569
fbc_tfnbs,"e=0.4,h=1.0,n=30,start_thres=1.25,min_cluster_size=3",hub,0.25,10,5,40,1730,2,1,38,1729,0.05,0.0005780346820809,0.6666666666666666,0.3333333333333333,0.1633877280083569
fbc_tfnbs,"e=0.4,h=2.0,n=30,start_thres=1.25,min_cluster_size=3",hub,0.25,10,5,40,1730,2,1,38,1729,0.05,0.0005780346820809,0.6666666666666666,0.3333333333333333,0.1633877280083569
fbc_tfnbs,"e=0.4,h=3.0,n=30,start_thres=1.25,min_cluster_size=3",hub,0.25,10,5,40,1730,2,1,38,1729,0.05,0.0005780346820809,0.6666666666666666,0.3333333333333333,0.1633877280083569
fbc_tfnbs,"e=0.4,h=4.0,n=30,start_thres=1.25,min_cluster_size=3",hub,0.25,10,5,40,1730,2,1,38,1729,0.05,0.0005780346820809,0.6666666666666666,0.3333333333333333,0.1633877280083569
fbc_tfnbs,"e=0.4,h=5.0,n=30,start_thres=1.25,min_cluster_size=3",hub,0.25,10,5,40,1730,2,1,38,1729,0.05,0.0005780346820809,0.6666666666666666,0.3333333333333333,0.1633877280083569
fbc_tfnbs,"e=0.4,h=6.0,n=30,start_thres=1.25,min_cluster_size=3",hub,0.25,10,5,40,1730,2,1,38,1729,0.05,0.0005780346820809,0.6666666666666666,0.3333333333333333,0.1633877280083569
fbc_tfnbs,"e=0.4,h=7.0,n=30,start_thres=1.25,min_cluster_size=3",hub,0.25,10,5,40,1730,2,1,38,1729,0.05,0.0005780346820809,0.6666666666666666,0.3333333333333333,0.1633877280083569
fbc_tfnbs,"e=0.4,h=8.0,n=30,start_thres=1.25,min_cluster_size=3",hub,0.25,10,5,40,1730,2,1,38,1729,0.05,0.0005780346820809,0.6666666666666666,0.3333333333333333,0.1633877280083569
fbc_tfnbs,"e=0.4,h=9.0,n=30,start_thres=1.25,min_cluster_size=3",hub,0.25,10,5,40,1730,2,1,38,1729,0.05,0.0005780346820809,0.6666666666666666,0.3333333333333333,0.1633877280083569
fbc_tfnbs,"e=0.4,h=10.0,n=30,start_thres=1.25,min_cluster_size=3",hub,0.25,10,5,40,1730,2,1,38,1729,0.05,0.0005780346820809,0.6666666666666666,0.3333333333333333,0.1633877280083569
fbc_tfnbs,"e=0.5,h=0.5,n=30,start_thres=1.25,min_cluster_size=3",hub,0.25,10,5,40,1730,2,1,38,1729,0.05,0.0005780346820809,0.6666666666666666,0.3333333333333333,0.1633877280083569
fbc_tfnbs,"e=0.5,h=1.0,n=30,start_thres=1.25,min_cluster_size=3",hub,0.25,10,5,40,1730,2,1,38,1729,0.05,0.0005780346820809,0.6666666666666666,0.3333333333333333,0.1633877280083569
fbc_tfnbs,"e=0.5,h=2.0,n=30,start_thres=1.25,min_cluster_size=3",hub,0.25,10,5,40,1730,2,1,38,1729,0.05,0.0005780346820809,0.6666666666666666,0.3333333333333333,0.1633877280083569
fbc_tfnbs,"e=0.5,h=3.0,n=30,start_thres=1.25,min_cluster_size=3",hub,0.25,10,5,40,1730,2,1,38,1729,0.05,0.0005780346820809,0.6666666666666666,0.3333333333333333,0.1633877280083569
fbc_tfnbs,"e=0.5,h=4.0,n=30,start_thres=1.25,min_cluster_size=3",hub,0.25,10,5,40,1730,2,1,38,1729,0.05,0.0005780346820809,0.6666666666666666,0.3333333333333333,0.1633877280083569
fbc_tfnbs,"e=0.5,h=5.0,n=30,start_thres=1.25,min_cluster_size=3",hub,0.25,10,5,40,1730,2,1,38,1729,0.05,0.0005780346820809,0.6666666666666666,0.3333333333333333,0.1633877280083569
fbc_tfnbs,"e=0.5,h=6.0,n=30,start_thres=1.25,min_cluster_size=3",hub,0.25,10,5,40,1730,2,1,38,1729,0.05,0.0005780346820809,0.6666666666666666,0.3333333333333333,0.1633877280083569
fbc_tfnbs,"e=0.5,h=7.0,n=30,start_thres=1.25,min_cluster_size=3",hub,0.25,10,5,40,1730,2,1,38,1729,0.05,0.0005780346820809,0.6666666666666666,0.3333333333333333,0.1633877280083569
fbc_tfnbs,"e=0.5,h=8.0,n=30,start_thres=1.25,min_cluster_size=3",hub,0.25,10,5,40,1730,2,1,38,1729,0.05,0.0005780346820809,0.6666666666666666,0.3333333333333333,0.1633877280083569
fbc_tfnbs,"e=0.5,h=9.0,n=30,start_thres=1.25,min_cluster_size=3",hub,0.25,10,5,40,1730,2,1,38,1729,0.05,0.0005780346820809,0.6666666666666666,0.3333333333333333,0.1633877280083569
fbc_tfnbs,"e=0.5,h=10.0,n=30,start_thres=1.25,min_cluster_size=3",hub,0.25,10,5,40,1730,2,1,38,1729,0.05,0.0005780346820809,0.6666666666666666,0.3333333333333333,0.1633877280083569
fbc_tfnbs,"e=0.6,h=0.5,n=30,start_thres=1.25,min_cluster_size=3",hub,0.25,10,5,40,1730,2,1,38,1729,0.05,0.0005780346820809,0.6666666666666666,0.3333333333333333,0.1633877280083569
fbc_tfnbs,"e=0.6,h=1.0,n=30,start_thres=1.25,min_cluster_size=3",hub,0.25,10,5,40,1730,2,1,38,1729,0.05,0.0005780346820809,0.6666666666666666,0.3333333333333333,0.1633877280083569
fbc_tfnbs,"e=0.6,h=2.0,n=30,start_thres=1.25,min_cluster_size=3",hub,0.25,10,5,40,1730,2,1,38,1729,0.05,0.0005780346820809,0.6666666666666666,0.3333333333333333,0.1633877280083569
fbc_tfnbs,"e=0.6,h=3.0,n=30,start_thres=1.25,min_cluster_size=3",hub,0.25,10,5,40,1730,2,1,38,1729,0.05,0.0005780346820809,0.6666666666666666,0.3333333333333333,0.1633877280083569
fbc_tfnbs,"e=0.6,h=4.0,n=30,start_thres=1.25,min_cluster_size=3",hub,0.25,10,5,40,1730,2,1,38,1729,0.05,0.0005780346820809,0.6666666666666666,0.3333333333333333,0.1633877280083569
fbc_tfnbs,"e=0.6,h=5.0,n=30,start_thres=1.25,min_cluster_size=3",hub,0.25,10,5,40,1730,2,1,38,1729,0.05,0.0005780346820809,0.6666666666666666,0.3333333333333333,0.1633877280083569
fbc_tfnbs,"e=0.6,h=6.0,n=30,start_thres=1.25,min_cluster_size=3",hub,0.25,10,5,40,1730,2,1,38,1729,0.05,0.0005780346820809,0.6666666666666666,0.3333333333333333,0.1633877280083569
fbc_tfnbs,"e=0.6,h=7.0,n=30,start_thres=1.25,min_cluster_size=3",hub,0.25,10,5,40,1730,2,1,38,1729,0.05,0.0005780346820809,0.6666666666666666,0.3333333333333333,0.1633877280083569
fbc_tfnbs,"e=0.6,h=8.0,n=30,start_thres=1.25,min_cluster_size=3",hub,0.25,10,5,40,1730,2,1,38,1729,0.05,0.0005780346820809,0.6666666666666666,0.3333333333333333,0.1633877280083569
fbc_tfnbs,"e=0.6,h=9.0,n=30,start_thres=1.25,min_cluster_size=3",hub,0.25,10,5,40,1730,2,1,38,1729,0.05,0.0005780346820809,0.6666666666666666,0.3333333333333333,0.1633877280083569
fbc_tfnbs,"e=0.6,h=10.0,n=30,start_thres=1.25,min_cluster_size=3",hub,0.25,10,5,40,1730,2,1,38,1729,0.05,0.0005780346820809,0.6666666666666666,0.3333333333333333,0.1633877280083569
fbc_tfnbs,"e=0.7,h=0.5,n=30,start_thres=1.25,min_cluster_size=3",hub,0.25,10,5,40,1730,2,1,38,1729,0.05,0.0005780346820809,0.6666666666666666,0.3333333333333333,0.1633877280083569
fbc_tfnbs,"e=0.7,h=1.0,n=30,start_thres=1.25,min_cluster_size=3",hub,0.25,10,5,40,1730,2,1,38,1729,0.05,0.0005780346820809,0.6666666666666666,0.3333333333333333,0.1633877280083569
fbc_tfnbs,"e=0.7,h=2.0,n=30,start_thres=1.25,min_cluster_size=3",hub,0.25,10,5,40,1730,2,1,38,1729,0.05,0.0005780346820809,0.6666666666666666,0.3333333333333333,0.1633877280083569
fbc_tfnbs,"e=0.7,h=3.0,n=30,start_thres=1.25,min_cluster_size=3",hub,0.25,10,5,40,1730,2,1,38,1729,0.05,0.0005780346820809,0.6666666666666666,0.3333333333333333,0.1633877280083569
fbc_tfnbs,"e=0.7,h=4.0,n=30,start_thres=1.25,min_cluster_size=3",hub,0.25,10,5,40,1730,2,1,38,1729,0.05,0.0005780346820809,0.6666666666666666,0.3333333333333333,0.1633877280083569
fbc_tfnbs,"e=0.7,h=5.0,n=30,start_thres=1.25,min_cluster_size=3",hub,0.25,10,5,40,1730,2,1,38,1729,0.05,0.0005780346820809,0.6666666666666666,0.3333333333333333,0.1633877280083569
fbc_tfnbs,"e=0.7,h=6.0,n=30,start_thres=1.25,min_cluster_size=3",hub,0.25,10,5,40,1730,2,1,38,1729,0.05,0.0005780346820809,0.6666666666666666,0.3333333333333333,0.1633877280083569
fbc_tfnbs,"e=0.7,h=7.0,n=30,start_thres=1.25,min_cluster_size=3",hub,0.25,10,5,40,1730,2,1,38,1729,0.05,0.0005780346820809,0.6666666666666666,0.3333333333333333,0.1633877280083569
fbc_tfnbs,"e=0.7,h=8.0,n=30,start_thres=1.25,min_cluster_size=3",hub,0.25,10,5,40,1730,2,1,38,1729,0.05,0.0005780346820809,0.6666666666666666,0.3333333333333333,0.1633877280083569
fbc_tfnbs,"e=0.7,h=9.0,n=30,start_thres=1.25,min_cluster_size=3",hub,0.25,10,5,40,1730,2,1,38,1729,0.05,0.0005780346820809,0.6666666666666666,0.3333333333333333,0.1633877280083569
fbc_tfnbs,"e=0.7,h=10.0,n=30,start_thres=1.25,min_cluster_size=3",hub,0.25,10,5,40,1730,2,1,38,1729,0.05,0.0005780346820809,0.6666666666666666,0.3333333333333333,0.1633877280083569
fbc_tfnbs,"e=0.8,h=0.5,n=30,start_thres=1.25,min_cluster_size=3",hub,0.25,10,5,40,1730,0,0,40,1730,0.0,0.0,0.0,0.0,0.1633877280083569
fbc_tfnbs,"e=0.8,h=1.0,n=30,start_thres=1.25,min_cluster_size=3",hub,0.25,10,5,40,1730,2,1,38,1729,0.05,0.0005780346820809,0.6666666666666666,0.3333333333333333,0.1633877280083569
fbc_tfnbs,"e=0.8,h=2.0,n=30,start_thres=1.25,min_cluster_size=3",hub,0.25,10,5,40,1730,2,1,38,1729,0.05,0.0005780346820809,0.6666666666666666,0.3333333333333333,0.1633877280083569
fbc_tfnbs,"e=0.8,h=3.0,n=30,start_thres=1.25,min_cluster_size=3",hub,0.25,10,5,40,1730,2,1,38,1729,0.05,0.0005780346820809,0.6666666666666666,0.3333333333333333,0.1633877280083569
fbc_tfnbs,"e=0.8,h=4.0,n=30,start_thres=1.25,min_cluster_size=3",hub,0.25,10,5,40,1730,2,1,38,1729,0.05,0.0005780346820809,0.6666666666666666,0.3333333333333333,0.1633877280083569
fbc_tfnbs,"e=0.8,h=5.0,n=30,start_thres=1.25,min_cluster_size=3",hub,0.25,10,5,40,1730,2,1,38,1729,0.05,0.0005780346820809,0.6666666666666666,0.3333333333333333,0.1633877280083569
fbc_tfnbs,"e=0.8,h=6.0,n=30,start_thres=1.25,min_cluster_size=3",hub,0.25,10,5,40,1730,2,1,38,1729,0.05,0.0005780346820809,0.6666666666666666,0.3333333333333333,0.1633877280083569
fbc_tfnbs,"e=0.8,h=7.0,n=30,start_thres=1.25,min_cluster_size=3",hub,0.25,10,5,40,1730,2,1,38,1729,0.05,0.0005780346820809,0.6666666666666666,0.3333333333333333,0.1633877280083569
fbc_tfnbs,"e=0.8,h=8.0,n=30,start_thres=1.25,min_cluster_size=3",hub,0.25,10,5,40,1730,2,1,38,1729,0.05,0.0005780346820809,0.6666666666666666,0.3333333333333333,0.1633877280083569
fbc_tfnbs,"e=0.8,h=9.0,n=30,start_thres=1.25,min_cluster_size=3",hub,0.25,10,5,40,1730,2,1,38,1729,0.05,0.0005780346820809,0.6666666666666666,0.3333333333333333,0.1633877280083569
fbc_tfnbs,"e=0.8,h=10.0,n=30,start_thres=1.25,min_cluster_size=3",hub,0.25,10,5,40,1730,2,1,38,1729,0.05,0.0005780346820809,0.6666666666666666,0.3333333333333333,0.1633877280083569
fbc_tfnbs,"e=0.9,h=0.5,n=30,start_thres=1.25,min_cluster_size=3",hub,0.25,10,5,40,1730,0,0,40,1730,0.0,0.0,0.0,0.0,0.1633877280083569
fbc_tfnbs,"e=0.9,h=1.0,n=30,start_thres=1.25,min_cluster_size=3",hub,0.25,10,5,40,1730,0,0,40,1730,0.0,0.0,0.0,0.0,0.1633877280083569
fbc_tfnbs,"e=0.9,h=2.0,n=30,start_thres=1.25,min_cluster_size=3",hub,0.25,10,5,40,1730,2,1,38,1729,0.05,0.0005780346820809,0.6666666666666666,0.3333333333333333,0.1633877280083569
fbc_tfnbs,"e=0.9,h=3.0,n=30,start_thres=1.25,min_cluster_size=3",hub,0.25,10,5,40,1730,2,1,38,1729,0.05,0.0005780346820809,0.6666666666666666,0.3333333333333333,0.1633877280083569
fbc_tfnbs,"e=0.9,h=4.0,n=30,start_thres=1.25,min_cluster_size=3",hub,0.25,10,5,40,1730,2,1,38,1729,0.05,0.0005780346820809,0.6666666666666666,0.3333333333333333,0.1633877280083569
fbc_tfnbs,"e=0.9,h=5.0,n=30,start_thres=1.25,min_cluster_size=3",hub,0.25,10,5,40,1730,2,1,38,1729,0.05,0.0005780346820809,0.6666666666666666,0.3333333333333333,0.1633877280083569
fbc_tfnbs,"e=0.9,h=6.0,n=30,start_thres=1.25,min_cluster_size=3",hub,0.25,10,5,40,1730,2,1,38,1729,0.05,0.0005780346820809,0.6666666666666666,0.3333333333333333,0.1633877280083569
fbc_tfnbs,"e=0.9,h=7.0,n=30,start_thres=1.25,min_cluster_size=3",hub,0.25,10,5,40,1730,2,1,38,1729,0.05,0.0005780346820809,0.6666666666666666,0.3333333333333333,0.1633877280083569
fbc_tfnbs,"e=0.9,h=8.0,n=30,start_thres=1.25,min_cluster_size=3",hub,0.25,10,5,40,1730,2,1,38,1729,0.05,0.0005780346820809,0.6666666666666666,0.3333333333333333,0.1633877280083569
fbc_tfnbs,"e=0.9,h=9.0,n=30,start_thres=1.25,min_cluster_size=3",hub,0.25,10,5,40,1730,2,1,38,1729,0.05,0.0005780346820809,0.6666666666666666,0.3333333333333333,0.1633877280083569
fbc_tfnbs,"e=0.9,h=10.0,n=30,start_thres=1.25,min_cluster_size=3",hub,0.25,10,5,40,1730,2,1,38,1729,0.05,0.0005780346820809,0.6666666666666666,0.3333333333333333,0.1633877280083569
fbc_tfnbs,"e=1.0,h=0.5,n=30,start_thres=1.25,min_cluster_size=3",hub,0.25,10,5,40,1730,0,0,40,1730,0.0,0.0,0.0,0.0,0.1633877280083569
fbc_tfnbs,"e=1.0,h=1.0,n=30,start_thres=1.25,min_cluster_size=3",hub,0.25,10,5,40,1730,0,0,40,1730,0.0,0.0,0.0,0.0,0.1633877280083569
fbc_tfnbs,"e=1.0,h=2.0,n=30,start_thres=1.25,min_cluster_size=3",hub,0.25,10,5,40,1730,2,1,38,1729,0.05,0.0005780346820809,0.6666666666666666,0.3333333333333333,0.1633877280083569
fbc_tfnbs,"e=1.0,h=3.0,n=30,start_thres=1.25,min_cluster_size=3",hub,0.25,10,5,40,1730,2,1,38,1729,0.05,0.0005780346820809,0.6666666666666666,0.3333333333333333,0.1633877280083569
fbc_tfnbs,"e=1.0,h=4.0,n=30,start_thres=1.25,min_cluster_size=3",hub,0.25,10,5,40,1730,2,1,38,1729,0.05,0.0005780346820809,0.6666666666666666,0.3333333333333333,0.1633877280083569
fbc_tfnbs,"e=1.0,h=5.0,n=30,start_thres=1.25,min_cluster_size=3",hub,0.25,10,5,40,1730,2,1,38,1729,0.05,0.0005780346820809,0.6666666666666666,0.3333333333333333,0.1633877280083569
fbc_tfnbs,"e=1.0,h=6.0,n=30,start_thres=1.25,min_cluster_size=3",hub,0.25,10,5,40,1730,2,1,38,1729,0.05,0.0005780346820809,0.6666666666666666,0.3333333333333333,0.1633877280083569
fbc_tfnbs,"e=1.0,h=7.0,n=30,start_thres=1.25,min_cluster_size=3",hub,0.25,10,5,40,1730,2,1,38,1729,0.05,0.0005780346820809,0.6666666666666666,0.3333333333333333,0.1633877280083569
fbc_tfnbs,"e=1.0,h=8.0,n=30,start_thres=1.25,min_cluster_size=3",hub,0.25,10,5,40,1730,2,2,38,1728,0.05,0.0011560693641618,0.5,0.5,0.1633877280083569
fbc_tfnbs,"e=1.0,h=9.0,n=30,start_thres=1.25,min_cluster_size=3",hub,0.25,10,5,40,1730,2,1,38,1729,0.05,0.0005780346820809,0.6666666666666666,0.3333333333333333,0.1633877280083569
fbc_tfnbs,"e=1.0,h=10.0,n=30,start_thres=1.25,min_cluster_size=3",hub,0.25,10,5,40,1730,2,1,38,1729,0.05,0.0005780346820809,0.6666666666666666,0.3333333333333333,0.1633877280083569
fbc_tfnbs,"e=1.1,h=0.5,n=30,start_thres=1.25,min_cluster_size=3",hub,0.25,10,5,40,1730,0,0,40,1730,0.0,0.0,0.0,0.0,0.1633877280083569
fbc_tfnbs,"e=1.1,h=1.0,n=30,start_thres=1.25,min_cluster_size=3",hub,0.25,10,5,40,1730,0,0,40,1730,0.0,0.0,0.0,0.0,0.1633877280083569
fbc_tfnbs,"e=1.1,h=2.0,n=30,start_thres=1.25,min_cluster_size=3",hub,0.25,10,5,40,1730,0,0,40,1730,0.0,0.0,0.0,0.0,0.1633877280083569
fbc_tfnbs,"e=1.1,h=3.0,n=30,start_thres=1.25,min_cluster_size=3",hub,0.25,10,5,40,1730,2,1,38,1729,0.05,0.0005780346820809,0.6666666666666666,0.3333333333333333,0.1633877280083569
fbc_tfnbs,"e=1.1,h=4.0,n=30,start_thres=1.25,min_cluster_size=3",hub,0.25,10,5,40,1730,2,1,38,1729,0.05,0.0005780346820809,0.6666666666666666,0.3333333333333333,0.1633877280083569
fbc_tfnbs,"e=1.1,h=5.0,n=30,start_thres=1.25,min_cluster_size=3",hub,0.25,10,5,40,1730,2,1,38,1729,0.05,0.0005780346820809,0.6666666666666666,0.3333333333333333,0.1633877280083569
fbc_tfnbs,"e=1.1,h=6.0,n=30,start_thres=1.25,min_cluster_size=3",hub,0.25,10,5,40,1730,2,1,38,1729,0.05,0.0005780346820809,0.6666666666666666,0.3333333333333333,0.1633877280083569
fbc_tfnbs,"e=1.1,h=7.0,n=30,start_thres=1.25,min_cluster_size=3",hub,0.25,10,5,40,1730,2,1,38,1729,0.05,0.0005780346820809,0.6666666666666666,0.3333333333333333,0.1633877280083569
fbc_tfnbs,"e=1.1,h=8.0,n=30,start_thres=1.25,min_cluster_size=3",hub,0.25,10,5,40,1730,2,1,38,1729,0.05,0.0005780346820809,0.6666666666666666,0.3333333333333333,0.1633877280083569
fbc_tfnbs,"e=1.1,h=9.0,n=30,start_thres=1.25,min_cluster_size=3",hub,0.25,10,5,40,1730,2,2,38,1728,0.05,0.0011560693641618,0.5,0.5,0.1633877280083569
fbc_tfnbs,"e=1.1,h=10.0,n=30,start_thres=1.25,min_cluster_size=3",hub,0.25,10,5,40,1730,2,1,38,1729,0.05,0.0005780346820809,0.6666666666666666,0.3333333333333333,0.1633877280083569
fbc_tfnbs,"e=1.2,h=0.5,n=30,start_thres=1.25,min_cluster_size=3",hub,0.25,10,5,40,1730,0,0,40,1730,0.0,0.0,0.0,0.0,0.1633877280083569
fbc_tfnbs,"e=1.2,h=1.0,n=30,start_thres=1.25,min_cluster_size=3",hub,0.25,10,5,40,1730,0,0,40,1730,0.0,0.0,0.0,0.0,0.1633877280083569
fbc_tfnbs,"e=1.2,h=2.0,n=30,start_thres=1.25,min_cluster_size=3",hub,0.25,10,5,40,1730,0,0,40,1730,0.0,0.0,0.0,0.0,0.1633877280083569
fbc_tfnbs,"e=1.2,h=3.0,n=30,start_thres=1.25,min_cluster_size=3",hub,0.25,10,5,40,1730,2,1,38,1729,0.05,0.0005780346820809,0.6666666666666666,0.3333333333333333,0.1633877280083569
fbc_tfnbs,"e=1.2,h=4.0,n=30,start_thres=1.25,min_cluster_size=3",hub,0.25,10,5,40,1730,2,1,38,1729,0.05,0.0005780346820809,0.6666666666666666,0.3333333333333333,0.1633877280083569
fbc_tfnbs,"e=1.2,h=5.0,n=30,start_thres=1.25,min_cluster_size=3",hub,0.25,10,5,40,1730,2,1,38,1729,0.05,0.0005780346820809,0.6666666666666666,0.3333333333333333,0.1633877280083569
fbc_tfnbs,"e=1.2,h=6.0,n=30,start_thres=1.25,min_cluster_size=3",hub,0.25,10,5,40,1730,2,1,38,1729,0.05,0.0005780346820809,0.6666666666666666,0.3333333333333333,0.1633877280083569
fbc_tfnbs,"e=1.2,h=7.0,n=30,start_thres=1.25,min_cluster_size=3",hub,0.25,10,5,40,1730,2,1,38,1729,0.05,0.0005780346820809,0.6666666666666666,0.3333333333333333,0.1633877280083569
fbc_tfnbs,"e=1.2,h=8.0,n=30,start_thres=1.25,min_cluster_size=3",hub,0.25,10,5,40,1730,2,2,38,1728,0.05,0.0011560693641618,0.5,0.5,0.1633877280083569
fbc_tfnbs,"e=1.2,h=9.0,n=30,start_thres=1.25,min_cluster_size=3",hub,0.25,10,5,40,1730,2,1,38,1729,0.05,0.0005780346820809,0.6666666666666666,0.3333333333333333,0.1633877280083569
fbc_tfnbs,"e=1.2,h=10.0,n=30,start_thres=1.25,min_cluster_size=3",hub,0.25,10,5,40,1730,2,2,38,1728,0.05,0.0011560693641618,0.5,0.5,0.1633877280083569
fbc_tfnbs,"e=1.3,h=0.5,n=30,start_thres=1.25,min_cluster_size=3",hub,0.25,10,5,40,1730,0,0,40,1730,0.0,0.0,0.0,0.0,0.1633877280083569
fbc_tfnbs,"e=1.3,h=1.0,n=30,start_thres=1.25,min_cluster_size=3",hub,0.25,10,5,40,1730,0,0,40,1730,0.0,0.0,0.0,0.0,0.1633877280083569
fbc_tfnbs,"e=1.3,h=2.0,n=30,start_thres=1.25,min_cluster_size=3",hub,0.25,10,5,40,1730,0,0,40,1730,0.0,0.0,0.0,0.0,0.1633877280083569
fbc_tfnbs,"e=1.3,h=3.0,n=30,start_thres=1.25,min_cluster_size=3",hub,0.25,10,5,40,1730,0,0,40,1730,0.0,0.0,0.0,0.0,0.1633877280083569
fbc_tfnbs,"e=1.3,h=4.0,n=30,start_thres=1.25,min_cluster_size=3",hub,0.25,10,5,40,1730,2,1,38,1729,0.05,0.0005780346820809,0.6666666666666666,0.3333333333333333,0.1633877280083569
fbc_tfnbs,"e=1.3,h=5.0,n=30,start_thres=1.25,min_cluster_size=3",hub,0.25,10,5,40,1730,2,1,38,1729,0.05,0.0005780346820809,0.6666666666666666,0.3333333333333333,0.1633877280083569
fbc_tfnbs,"e=1.3,h=6.0,n=30,start_thres=1.25,min_cluster_size=3",hub,0.25,10,5,40,1730,2,1,38,1729,0.05,0.0005780346820809,0.6666666666666666,0.3333333333333333,0.1633877280083569
fbc_tfnbs,"e=1.3,h=7.0,n=30,start_thres=1.25,min_cluster_size=3",hub,0.25,10,5,40,1730,2,1,38,1729,0.05,0.0005780346820809,0.6666666666666666,0.3333333333333333,0.1633877280083569
fbc_tfnbs,"e=1.3,h=8.0,n=30,start_thres=1.25,min_cluster_size=3",hub,0.25,10,5,40,1730,2,1,38,1729,0.05,0.0005780346820809,0.6666666666666666,0.3333333333333333,0.1633877280083569
fbc_tfnbs,"e=1.3,h=9.0,n=30,start_thres=1.25,min_cluster_size=3",hub,0.25,10,5,40,1730,2,1,38,1729,0.05,0.0005780346820809,0.6666666666666666,0.3333333333333333,0.1633877280083569
fbc_tfnbs,"e=1.3,h=10.0,n=30,start_thres=1.25,min_cluster_size=3",hub,0.25,10,5,40,1730,2,2,38,1728,0.05,0.0011560693641618,0.5,0.5,0.1633877280083569
fbc_tfnbs,"e=1.4,h=0.5,n=30,start_thres=1.25,min_cluster_size=3",hub,0.25,10,5,40,1730,0,0,40,1730,0.0,0.0,0.0,0.0,0.1633877280083569
fbc_tfnbs,"e=1.4,h=1.0,n=30,start_thres=1.25,min_cluster_size=3",hub,0.25,10,5,40,1730,0,0,40,1730,0.0,0.0,0.0,0.0,0.1633877280083569
fbc_tfnbs,"e=1.4,h=2.0,n=30,start_thres=1.25,min_cluster_size=3",hub,0.25,10,5,40,1730,0,0,40,1730,0.0,0.0,0.0,0.0,0.1633877280083569
fbc_tfnbs,"e=1.4,h=3.0,n=30,start_thres=1.25,min_cluster_size=3",hub,0.25,10,5,40,1730,0,0,40,1730,0.0,0.0,0.0,0.0,0.1633877280083569
fbc_tfnbs,"e=1.4,h=4.0,n=30,start_thres=1.25,min_cluster_size=3",hub,0.25,10,5,40,1730,2,1,38,1729,0.05,0.0005780346820809,0.6666666666666666,0.3333333333333333,0.1633877280083569
fbc_tfnbs,"e=1.4,h=5.0,n=30,start_thres=1.25,min_cluster_size=3",hub,0.25,10,5,40,1730,2,1,38,1729,0.05,0.0005780346820809,0.6666666666666666,0.3333333333333333,0.1633877280083569
fbc_tfnbs,"e=1.4,h=6.0,n=30,start_thres=1.25,min_cluster_size=3",hub,0.25,10,5,40,1730,2,1,38,1729,0.05,0.0005780346820809,0.6666666666666666,0.3333333333333333,0.1633877280083569
fbc_tfnbs,"e=1.4,h=7.0,n=30,start_thres=1.25,min_cluster_size=3",hub,0.25,10,5,40,1730,2,1,38,1729,0.05,0.0005780346820809,0.6666666666666666,0.3333333333333333,0.1633877280083569
fbc_tfnbs,"e=1.4,h=8.0,n=30,start_thres=1.25,min_cluster_size=3",hub,0.25,10,5,40,1730,2,1,38,1729,0.05,0.0005780346820809,0.6666666666666666,0.3333333333333333,0.1633877280083569
fbc_tfnbs,"e=1.4,h=9.0,n=30,start_thres=1.25,min_cluster_size=3",hub,0.25,10,5,40,1730,2,2,38,1728,0.05,0.0011560693641618,0.5,0.5,0.1633877280083569
fbc_tfnbs,"e=1.4,h=10.0,n=30,start_thres=1.25,min_cluster_size=3",hub,0.25,10,5,40,1730,2,2,38,1728,0.05,0.0011560693641618,0.5,0.5,0.1633877280083569
fbc_tfnbs,"e=1.5,h=0.5,n=30,start_thres=1.25,min_cluster_size=3",hub,0.25,10,5,40,1730,0,0,40,1730,0.0,0.0,0.0,0.0,0.1633877280083569
fbc_tfnbs,"e=1.5,h=1.0,n=30,start_thres=1.25,min_cluster_size=3",hub,0.25,10,5,40,1730,0,0,40,1730,0.0,0.0,0.0,0.0,0.1633877280083569
fbc_tfnbs,"e=1.5,h=2.0,n=30,start_thres=1.25,min_cluster_size=3",hub,0.25,10,5,40,1730,0,0,40,1730,0.0,0.0,0.0,0.0,0.1633877280083569
fbc_tfnbs,"e=1.5,h=3.0,n=30,start_thres=1.25,min_cluster_size=3",hub,0.25,10,5,40,1730,0,0,40,1730,0.0,0.0,0.0,0.0,0.1633877280083569
fbc_tfnbs,"e=1.5,h=4.0,n=30,start_thres=1.25,min_cluster_size=3",hub,0.25,10,5,40,1730,2,1,38,1729,0.05,0.0005780346820809,0.6666666666666666,0.3333333333333333,0.1633877280083569
fbc_tfnbs,"e=1.5,h=5.0,n=30,start_thres=1.25,min_cluster_size=3",hub,0.25,10,5,40,1730,2,1,38,1729,0.05,0.0005780346820809,0.6666666666666666,0.3333333333333333,0.1633877280083569
fbc_tfnbs,"e=1.5,h=6.0,n=30,start_thres=1.25,min_cluster_size=3",hub,0.25,10,5,40,1730,2,1,38,1729,0.05,0.0005780346820809,0.6666666666666666,0.3333333333333333,0.1633877280083569
fbc_tfnbs,"e=1.5,h=7.0,n=30,start_thres=1.25,min_cluster_size=3",hub,0.25,10,5,40,1730,2,1,38,1729,0.05,0.0005780346820809,0.6666666666666666,0.3333333333333333,0.1633877280083569
fbc_tfnbs,"e=1.5,h=8.0,n=30,start_thres=1.25,min_cluster_size=3",hub,0.25,10,5,40,1730,2,1,38,1729,0.05,0.0005780346820809,0.6666666666666666,0.3333333333333333,0.1633877280083569
fbc_tfnbs,"e=1.5,h=9.0,n=30,start_thres=1.25,min_cluster_size=3",hub,0.25,10,5,40,1730,2,1,38,1729,0.05,0.0005780346820809,0.6666666666666666,0.3333333333333333,0.1633877280083569
fbc_tfnbs,"e=1.5,h=10.0,n=30,start_thres=1.25,min_cluster_size=3",hub,0.25,10,5,40,1730,2,2,38,1728,0.05,0.0011560693641618,0.5,0.5,0.1633877280083569
fbc_tfnbs,"e=0.05,h=0.5,n=30,start_thres=1.25,min_cluster_size=3",hub,0.25,10,6,40,1730,3,1,37,1729,0.075,0.0005780346820809,0.75,0.25,0.1662729653445157
fbc_tfnbs,"e=0.05,h=1.0,n=30,start_thres=1.25,min_cluster_size=3",hub,0.25,10,6,40,1730,3,1,37,1729,0.075,0.0005780346820809,0.75,0.25,0.1662729653445157
fbc_tfnbs,"e=0.05,h=2.0,n=30,start_thres=1.25,min_cluster_size=3",hub,0.25,10,6,40,1730,3,1,37,1729,0.075,0.0005780346820809,0.75,0.25,0.1662729653445157
fbc_tfnbs,"e=0.05,h=3.0,n=30,start_thres=1.25,min_cluster_size=3",hub,0.25,10,6,40,1730,3,1,37,1729,0.075,0.0005780346820809,0.75,0.25,0.1662729653445157
fbc_tfnbs,"e=0.05,h=4.0,n=30,start_thres=1.25,min_cluster_size=3",hub,0.25,10,6,40,1730,3,1,37,1729,0.075,0.0005780346820809,0.75,0.25,0.1662729653445157
fbc_tfnbs,"e=0.05,h=5.0,n=30,start_thres=1.25,min_cluster_size=3",hub,0.25,10,6,40,1730,3,1,37,1729,0.075,0.0005780346820809,0.75,0.25,0.1662729653445157
fbc_tfnbs,"e=0.05,h=6.0,n=30,start_thres=1.25,min_cluster_size=3",hub,0.25,10,6,40,1730,3,1,37,1729,0.075,0.0005780346820809,0.75,0.25,0.1662729653445157
fbc_tfnbs,"e=0.05,h=7.0,n=30,start_thres=1.25,min_cluster_size=3",hub,0.25,10,6,40,1730,3,1,37,1729,0.075,0.0005780346820809,0.75,0.25,0.1662729653445157
fbc_tfnbs,"e=0.05,h=8.0,n=30,start_thres=1.25,min_cluster_size=3",hub,0.25,10,6,40,1730,3,1,37,1729,0.075,0.0005780346820809,0.75,0.25,0.1662729653445157
fbc_tfnbs,"e=0.05,h=9.0,n=30,start_thres=1.25,min_cluster_size=3",hub,0.25,10,6,40,1730,3,1,37,1729,0.075,0.0005780346820809,0.75,0.25,0.1662729653445157
fbc_tfnbs,"e=0.05,h=10.0,n=30,start_thres=1.25,min_cluster_size=3",hub,0.25,10,6,40,1730,3,1,37,1729,0.075,0.0005780346820809,0.75,0.25,0.1662729653445157
fbc_tfnbs,"e=0.1,h=0.5,n=30,start_thres=1.25,min_cluster_size=3",hub,0.25,10,6,40,1730,3,1,37,1729,0.075,0.0005780346820809,0.75,0.25,0.1662729653445157
fbc_tfnbs,"e=0.1,h=1.0,n=30,start_thres=1.25,min_cluster_size=3",hub,0.25,10,6,40,1730,3,1,37,1729,0.075,0.0005780346820809,0.75,0.25,0.1662729653445157
fbc_tfnbs,"e=0.1,h=2.0,n=30,start_thres=1.25,min_cluster_size=3",hub,0.25,10,6,40,1730,3,1,37,1729,0.075,0.0005780346820809,0.75,0.25,0.1662729653445157
fbc_tfnbs,"e=0.1,h=3.0,n=30,start_thres=1.25,min_cluster_size=3",hub,0.25,10,6,40,1730,3,1,37,1729,0.075,0.0005780346820809,0.75,0.25,0.1662729653445157
fbc_tfnbs,"e=0.1,h=4.0,n=30,start_thres=1.25,min_cluster_size=3",hub,0.25,10,6,40,1730,3,1,37,1729,0.075,0.0005780346820809,0.75,0.25,0.1662729653445157
fbc_tfnbs,"e=0.1,h=5.0,n=30,start_thres=1.25,min_cluster_size=3",hub,0.25,10,6,40,1730,3,1,37,1729,0.075,0.0005780346820809,0.75,0.25,0.1662729653445157
fbc_tfnbs,"e=0.1,h=6.0,n=30,start_thres=1.25,min_cluster_size=3",hub,0.25,10,6,40,1730,3,1,37,1729,0.075,0.0005780346820809,0.75,0.25,0.1662729653445157
fbc_tfnbs,"e=0.1,h=7.0,n=30,start_thres=1.25,min_cluster_size=3",hub,0.25,10,6,40,1730,3,1,37,1729,0.075,0.0005780346820809,0.75,0.25,0.1662729653445157
fbc_tfnbs,"e=0.1,h=8.0,n=30,start_thres=1.25,min_cluster_size=3",hub,0.25,10,6,40,1730,3,1,37,1729,0.075,0.0005780346820809,0.75,0.25,0.1662729653445157
fbc_tfnbs,"e=0.1,h=9.0,n=30,start_thres=1.25,min_cluster_size=3",hub,0.25,10,6,40,1730,3,1,37,1729,0.075,0.0005780346820809,0.75,0.25,0.1662729653445157
fbc_tfnbs,"e=0.1,h=10.0,n=30,start_thres=1.25,min_cluster_size=3",hub,0.25,10,6,40,1730,3,1,37,1729,0.075,0.0005780346820809,0.75,0.25,0.1662729653445157
fbc_tfnbs,"e=0.2,h=0.5,n=30,start_thres=1.25,min_cluster_size=3",hub,0.25,10,6,40,1730,3,1,37,1729,0.075,0.0005780346820809,0.75,0.25,0.1662729653445157
fbc_tfnbs,"e=0.2,h=1.0,n=30,start_thres=1.25,min_cluster_size=3",hub,0.25,10,6,40,1730,3,1,37,1729,0.075,0.0005780346820809,0.75,0.25,0.1662729653445157
fbc_tfnbs,"e=0.2,h=2.0,n=30,start_thres=1.25,min_cluster_size=3",hub,0.25,10,6,40,1730,3,1,37,1729,0.075,0.0005780346820809,0.75,0.25,0.1662729653445157
fbc_tfnbs,"e=0.2,h=3.0,n=30,start_thres=1.25,min_cluster_size=3",hub,0.25,10,6,40,1730,3,1,37,1729,0.075,0.0005780346820809,0.75,0.25,0.1662729653445157
fbc_tfnbs,"e=0.2,h=4.0,n=30,start_thres=1.25,min_cluster_size=3",hub,0.25,10,6,40,1730,3,1,37,1729,0.075,0.0005780346820809,0.75,0.25,0.1662729653445157
fbc_tfnbs,"e=0.2,h=5.0,n=30,start_thres=1.25,min_cluster_size=3",hub,0.25,10,6,40,1730,3,1,37,1729,0.075,0.0005780346820809,0.75,0.25,0.1662729653445157
fbc_tfnbs,"e=0.2,h=6.0,n=30,start_thres=1.25,min_cluster_size=3",hub,0.25,10,6,40,1730,3,1,37,1729,0.075,0.0005780346820809,0.75,0.25,0.1662729653445157
fbc_tfnbs,"e=0.2,h=7.0,n=30,start_thres=1.25,min_cluster_size=3",hub,0.25,10,6,40,1730,3,1,37,1729,0.075,0.0005780346820809,0.75,0.25,0.1662729653445157
fbc_tfnbs,"e=0.2,h=8.0,n=30,start_thres=1.25,min_cluster_size=3",hub,0.25,10,6,40,1730,3,1,37,1729,0.075,0.0005780346820809,0.75,0.25,0.1662729653445157
fbc_tfnbs,"e=0.2,h=9.0,n=30,start_thres=1.25,min_cluster_size=3",hub,0.25,10,6,40,1730,3,1,37,1729,0.075,0.0005780346820809,0.75,0.25,0.1662729653445157
fbc_tfnbs,"e=0.2,h=10.0,n=30,start_thres=1.25,min_cluster_size=3",hub,0.25,10,6,40,1730,3,1,37,1729,0.075,0.0005780346820809,0.75,0.25,0.1662729653445157
fbc_tfnbs,"e=0.3,h=0.5,n=30,start_thres=1.25,min_cluster_size=3",hub,0.25,10,6,40,1730,3,0,37,1730,0.075,0.0,1.0,0.0,0.1662729653445157
fbc_tfnbs,"e=0.3,h=1.0,n=30,start_thres=1.25,min_cluster_size=3",hub,0.25,10,6,40,1730,3,1,37,1729,0.075,0.0005780346820809,0.75,0.25,0.1662729653445157
fbc_tfnbs,"e=0.3,h=2.0,n=30,start_thres=1.25,min_cluster_size=3",hub,0.25,10,6,40,1730,3,1,37,1729,0.075,0.0005780346820809,0.75,0.25,0.1662729653445157
fbc_tfnbs,"e=0.3,h=3.0,n=30,start_thres=1.25,min_cluster_size=3",hub,0.25,10,6,40,1730,3,1,37,1729,0.075,0.0005780346820809,0.75,0.25,0.1662729653445157
fbc_tfnbs,"e=0.3,h=4.0,n=30,start_thres=1.25,min_cluster_size=3",hub,0.25,10,6,40,1730,3,1,37,1729,0.075,0.0005780346820809,0.75,0.25,0.1662729653445157
fbc_tfnbs,"e=0.3,h=5.0,n=30,start_thres=1.25,min_cluster_size=3",hub,0.25,10,6,40,1730,3,1,37,1729,0.075,0.0005780346820809,0.75,0.25,0.1662729653445157
fbc_tfnbs,"e=0.3,h=6.0,n=30,start_thres=1.25,min_cluster_size=3",hub,0.25,10,6,40,1730,3,1,37,1729,0.075,0.0005780346820809,0.75,0.25,0.1662729653445157
fbc_tfnbs,"e=0.3,h=7.0,n=30,start_thres=1.25,min_cluster_size=3",hub,0.25,10,6,40,1730,3,1,37,1729,0.075,0.0005780346820809,0.75,0.25,0.1662729653445157
fbc_tfnbs,"e=0.3,h=8.0,n=30,start_thres=1.25,min_cluster_size=3",hub,0.25,10,6,40,1730,3,1,37,1729,0.075,0.0005780346820809,0.75,0.25,0.1662729653445157
fbc_tfnbs,"e=0.3,h=9.0,n=30,start_thres=1.25,min_cluster_size=3",hub,0.25,10,6,40,1730,3,1,37,1729,0.075,0.0005780346820809,0.75,0.25,0.1662729653445157
fbc_tfnbs,"e=0.3,h=10.0,n=30,start_thres=1.25,min_cluster_size=3",hub,0.25,10,6,40,1730,3,1,37,1729,0.075,0.0005780346820809,0.75,0.25,0.1662729653445157
fbc_tfnbs,"e=0.4,h=0.5,n=30,start_thres=1.25,min_cluster_size=3",hub,0.25,10,6,40,1730,3,0,37,1730,0.075,0.0,1.0,0.0,0.1662729653445157
fbc_tfnbs,"e=0.4,h=1.0,n=30,start_thres=1.25,min_cluster_size=3",hub,0.25,10,6,40,1730,3,0,37,1730,0.075,0.0,1.0,0.0,0.1662729653445157
fbc_tfnbs,"e=0.4,h=2.0,n=30,start_thres=1.25,min_cluster_size=3",hub,0.25,10,6,40,1730,3,1,37,1729,0.075,0.0005780346820809,0.75,0.25,0.1662729653445157
fbc_tfnbs,"e=0.4,h=3.0,n=30,start_thres=1.25,min_cluster_size=3",hub,0.25,10,6,40,1730,3,1,37,1729,0.075,0.0005780346820809,0.75,0.25,0.1662729653445157
fbc_tfnbs,"e=0.4,h=4.0,n=30,start_thres=1.25,min_cluster_size=3",hub,0.25,10,6,40,1730,3,1,37,1729,0.075,0.0005780346820809,0.75,0.25,0.1662729653445157
fbc_tfnbs,"e=0.4,h=5.0,n=30,start_thres=1.25,min_cluster_size=3",hub,0.25,10,6,40,1730,3,1,37,1729,0.075,0.0005780346820809,0.75,0.25,0.1662729653445157
fbc_tfnbs,"e=0.4,h=6.0,n=30,start_thres=1.25,min_cluster_size=3",hub,0.25,10,6,40,1730,3,1,37,1729,0.075,0.0005780346820809,0.75,0.25,0.1662729653445157
fbc_tfnbs,"e=0.4,h=7.0,n=30,start_thres=1.25,min_cluster_size=3",hub,0.25,10,6,40,1730,3,1,37,1729,0.075,0.0005780346820809,0.75,0.25,0.1662729653445157
fbc_tfnbs,"e=0.4,h=8.0,n=30,start_thres=1.25,min_cluster_size=3",hub,0.25,10,6,40,1730,3,1,37,1729,0.075,0.0005780346820809,0.75,0.25,0.1662729653445157
fbc_tfnbs,"e=0.4,h=9.0,n=30,start_thres=1.25,min_cluster_size=3",hub,0.25,10,6,40,1730,3,1,37,1729,0.075,0.0005780346820809,0.75,0.25,0.1662729653445157
fbc_tfnbs,"e=0.4,h=10.0,n=30,start_thres=1.25,min_cluster_size=3",hub,0.25,10,6,40,1730,3,1,37,1729,0.075,0.0005780346820809,0.75,0.25,0.1662729653445157
fbc_tfnbs,"e=0.5,h=0.5,n=30,start_thres=1.25,min_cluster_size=3",hub,0.25,10,6,40,1730,0,0,40,1730,0.0,0.0,0.0,0.0,0.1662729653445157
fbc_tfnbs,"e=0.5,h=1.0,n=30,start_thres=1.25,min_cluster_size=3",hub,0.25,10,6,40,1730,3,0,37,1730,0.075,0.0,1.0,0.0,0.1662729653445157
fbc_tfnbs,"e=0.5,h=2.0,n=30,start_thres=1.25,min_cluster_size=3",hub,0.25,10,6,40,1730,3,1,37,1729,0.075,0.0005780346820809,0.75,0.25,0.1662729653445157
fbc_tfnbs,"e=0.5,h=3.0,n=30,start_thres=1.25,min_cluster_size=3",hub,0.25,10,6,40,1730,3,1,37,1729,0.075,0.0005780346820809,0.75,0.25,0.1662729653445157
fbc_tfnbs,"e=0.5,h=4.0,n=30,start_thres=1.25,min_cluster_size=3",hub,0.25,10,6,40,1730,3,1,37,1729,0.075,0.0005780346820809,0.75,0.25,0.1662729653445157
fbc_tfnbs,"e=0.5,h=5.0,n=30,start_thres=1.25,min_cluster_size=3",hub,0.25,10,6,40,1730,3,1,37,1729,0.075,0.0005780346820809,0.75,0.25,0.1662729653445157
fbc_tfnbs,"e=0.5,h=6.0,n=30,start_thres=1.25,min_cluster_size=3",hub,0.25,10,6,40,1730,3,1,37,1729,0.075,0.0005780346820809,0.75,0.25,0.1662729653445157
fbc_tfnbs,"e=0.5,h=7.0,n=30,start_thres=1.25,min_cluster_size=3",hub,0.25,10,6,40,1730,3,1,37,1729,0.075,0.0005780346820809,0.75,0.25,0.1662729653445157
fbc_tfnbs,"e=0.5,h=8.0,n=30,start_thres=1.25,min_cluster_size=3",hub,0.25,10,6,40,1730,3,1,37,1729,0.075,0.0005780346820809,0.75,0.25,0.1662729653445157
fbc_tfnbs,"e=0.5,h=9.0,n=30,start_thres=1.25,min_cluster_size=3",hub,0.25,10,6,40,1730,3,1,37,1729,0.075,0.0005780346820809,0.75,0.25,0.1662729653445157
fbc_tfnbs,"e=0.5,h=10.0,n=30,start_thres=1.25,min_cluster_size=3",hub,0.25,10,6,40,1730,3,1,37,1729,0.075,0.0005780346820809,0.75,0.25,0.1662729653445157
fbc_tfnbs,"e=0.6,h=0.5,n=30,start_thres=1.25,min_cluster_size=3",hub,0.25,10,6,40,1730,0,0,40,1730,0.0,0.0,0.0,0.0,0.1662729653445157
fbc_tfnbs,"e=0.6,h=1.0,n=30,start_thres=1.25,min_cluster_size=3",hub,0.25,10,6,40,1730,3,0,37,1730,0.075,0.0,1.0,0.0,0.1662729653445157
fbc_tfnbs,"e=0.6,h=2.0,n=30,start_thres=1.25,min_cluster_size=3",hub,0.25,10,6,40,1730,3,0,37,1730,0.075,0.0,1.0,0.0,0.1662729653445157
fbc_tfnbs,"e=0.6,h=3.0,n=30,start_thres=1.25,min_cluster_size=3",hub,0.25,10,6,40,1730,3,1,37,1729,0.075,0.0005780346820809,0.75,0.25,0.1662729653445157
fbc_tfnbs,"e=0.6,h=4.0,n=30,start_thres=1.25,min_cluster_size=3",hub,0.25,10,6,40,1730,3,1,37,1729,0.075,0.0005780346820809,0.75,0.25,0.1662729653445157
fbc_tfnbs,"e=0.6,h=5.0,n=30,start_thres=1.25,min_cluster_size=3",hub,0.25,10,6,40,1730,3,1,37,1729,0.075,0.0005780346820809,0.75,0.25,0.1662729653445157
fbc_tfnbs,"e=0.6,h=6.0,n=30,start_thres=1.25,min_cluster_size=3",hub,0.25,10,6,40,1730,3,1,37,1729,0.075,0.0005780346820809,0.75,0.25,0.1662729653445157
fbc_tfnbs,"e=0.6,h=7.0,n=30,start_thres=1.25,min_cluster_size=3",hub,0.25,10,6,40,1730,3,1,37,1729,0.075,0.0005780346820809,0.75,0.25,0.1662729653445157
fbc_tfnbs,"e=0.6,h=8.0,n=30,start_thres=1.25,min_cluster_size=3",hub,0.25,10,6,40,1730,3,1,37,1729,0.075,0.0005780346820809,0.75,0.25,0.1662729653445157
fbc_tfnbs,"e=0.6,h=9.0,n=30,start_thres=1.25,min_cluster_size=3",hub,0.25,10,6,40,1730,3,1,37,1729,0.075,0.0005780346820809,0.75,0.25,0.1662729653445157
fbc_tfnbs,"e=0.6,h=10.0,n=30,start_thres=1.25,min_cluster_size=3",hub,0.25,10,6,40,1730,3,1,37,1729,0.075,0.0005780346820809,0.75,0.25,0.1662729653445157
fbc_tfnbs,"e=0.7,h=0.5,n=30,start_thres=1.25,min_cluster_size=3",hub,0.25,10,6,40,1730,0,0,40,1730,0.0,0.0,0.0,0.0,0.1662729653445157
fbc_tfnbs,"e=0.7,h=1.0,n=30,start_thres=1.25,min_cluster_size=3",hub,0.25,10,6,40,1730,0,0,40,1730,0.0,0.0,0.0,0.0,0.1662729653445157
fbc_tfnbs,"e=0.7,h=2.0,n=30,start_thres=1.25,min_cluster_size=3",hub,0.25,10,6,40,1730,3,0,37,1730,0.075,0.0,1.0,0.0,0.1662729653445157
fbc_tfnbs,"e=0.7,h=3.0,n=30,start_thres=1.25,min_cluster_size=3",hub,0.25,10,6,40,1730,3,1,37,1729,0.075,0.0005780346820809,0.75,0.25,0.1662729653445157
fbc_tfnbs,"e=0.7,h=4.0,n=30,start_thres=1.25,min_cluster_size=3",hub,0.25,10,6,40,1730,3,1,37,1729,0.075,0.0005780346820809,0.75,0.25,0.1662729653445157
fbc_tfnbs,"e=0.7,h=5.0,n=30,start_thres=1.25,min_cluster_size=3",hub,0.25,10,6,40,1730,3,1,37,1729,0.075,0.0005780346820809,0.75,0.25,0.1662729653445157
fbc_tfnbs,"e=0.7,h=6.0,n=30,start_thres=1.25,min_cluster_size=3",hub,0.25,10,6,40,1730,3,1,37,1729,0.075,0.0005780346820809,0.75,0.25,0.1662729653445157
fbc_tfnbs,"e=0.7,h=7.0,n=30,start_thres=1.25,min_cluster_size=3",hub,0.25,10,6,40,1730,3,1,37,1729,0.075,0.0005780346820809,0.75,0.25,0.1662729653445157
fbc_tfnbs,"e=0.7,h=8.0,n=30,start_thres=1.25,min_cluster_size=3",hub,0.25,10,6,40,1730,3,1,37,1729,0.075,0.0005780346820809,0.75,0.25,0.1662729653445157
fbc_tfnbs,"e=0.7,h=9.0,n=30,start_thres=1.25,min_cluster_size=3",hub,0.25,10,6,40,1730,3,1,37,1729,0.075,0.0005780346820809,0.75,0.25,0.1662729653445157
fbc_tfnbs,"e=0.7,h=10.0,n=30,start_thres=1.25,min_cluster_size=3",hub,0.25,10,6,40,1730,3,1,37,1729,0.075,0.0005780346820809,0.75,0.25,0.1662729653445157
fbc_tfnbs,"e=0.8,h=0.5,n=30,start_thres=1.25,min_cluster_size=3",hub,0.25,10,6,40,1730,0,0,40,1730,0.0,0.0,0.0,0.0,0.1662729653445157
fbc_tfnbs,"e=0.8,h=1.0,n=30,start_thres=1.25,min_cluster_size=3",hub,0.25,10,6,40,1730,0,0,40,1730,0.0,0.0,0.0,0.0,0.1662729653445157
fbc_tfnbs,"e=0.8,h=2.0,n=30,start_thres=1.25,min_cluster_size=3",hub,0.25,10,6,40,1730,0,0,40,1730,0.0,0.0,0.0,0.0,0.1662729653445157
fbc_tfnbs,"e=0.8,h=3.0,n=30,start_thres=1.25,min_cluster_size=3",hub,0.25,10,6,40,1730,3,0,37,1730,0.075,0.0,1.0,0.0,0.1662729653445157
fbc_tfnbs,"e=0.8,h=4.0,n=30,start_thres=1.25,min_cluster_size=3",hub,0.25,10,6,40,1730,3,1,37,1729,0.075,0.0005780346820809,0.75,0.25,0.1662729653445157
fbc_tfnbs,"e=0.8,h=5.0,n=30,start_thres=1.25,min_cluster_size=3",hub,0.25,10,6,40,1730,3,1,37,1729,0.075,0.0005780346820809,0.75,0.25,0.1662729653445157
fbc_tfnbs,"e=0.8,h=6.0,n=30,start_thres=1.25,min_cluster_size=3",hub,0.25,10,6,40,1730,3,1,37,1729,0.075,0.0005780346820809,0.75,0.25,0.1662729653445157
fbc_tfnbs,"e=0.8,h=7.0,n=30,start_thres=1.25,min_cluster_size=3",hub,0.25,10,6,40,1730,3,1,37,1729,0.075,0.0005780346820809,0.75,0.25,0.1662729653445157
fbc_tfnbs,"e=0.8,h=8.0,n=30,start_thres=1.25,min_cluster_size=3",hub,0.25,10,6,40,1730,3,1,37,1729,0.075,0.0005780346820809,0.75,0.25,0.1662729653445157
fbc_tfnbs,"e=0.8,h=9.0,n=30,start_thres=1.25,min_cluster_size=3",hub,0.25,10,6,40,1730,3,1,37,1729,0.075,0.0005780346820809,0.75,0.25,0.1662729653445157
fbc_tfnbs,"e=0.8,h=10.0,n=30,start_thres=1.25,min_cluster_size=3",hub,0.25,10,6,40,1730,3,1,37,1729,0.075,0.0005780346820809,0.75,0.25,0.1662729653445157
fbc_tfnbs,"e=0.9,h=0.5,n=30,start_thres=1.25,min_cluster_size=3",hub,0.25,10,6,40,1730,0,0,40,1730,0.0,0.0,0.0,0.0,0.1662729653445157
fbc_tfnbs,"e=0.9,h=1.0,n=30,start_thres=1.25,min_cluster_size=3",hub,0.25,10,6,40,1730,0,0,40,1730,0.0,0.0,0.0,0.0,0.1662729653445157
fbc_tfnbs,"e=0.9,h=2.0,n=30,start_thres=1.25,min_cluster_size=3",hub,0.25,10,6,40,1730,0,0,40,1730,0.0,0.0,0.0,0.0,0.1662729653445157
fbc_tfnbs,"e=0.9,h=3.0,n=30,start_thres=1.25,min_cluster_size=3",hub,0.25,10,6,40,1730,3,0,37,1730,0.075,0.0,1.0,0.0,0.1662729653445157
fbc_tfnbs,"e=0.9,h=4.0,n=30,start_thres=1.25,min_cluster_size=3",hub,0.25,10,6,40,1730,3,1,37,1729,0.075,0.0005780346820809,0.75,0.25,0.1662729653445157
fbc_tfnbs,"e=0.9,h=5.0,n=30,start_thres=1.25,min_cluster_size=3",hub,0.25,10,6,40,1730,3,1,37,1729,0.075,0.0005780346820809,0.75,0.25,0.1662729653445157
fbc_tfnbs,"e=0.9,h=6.0,n=30,start_thres=1.25,min_cluster_size=3",hub,0.25,10,6,40,1730,3,1,37,1729,0.075,0.0005780346820809,0.75,0.25,0.1662729653445157
fbc_tfnbs,"e=0.9,h=7.0,n=30,start_thres=1.25,min_cluster_size=3",hub,0.25,10,6,40,1730,3,1,37,1729,0.075,0.0005780346820809,0.75,0.25,0.1662729653445157
fbc_tfnbs,"e=0.9,h=8.0,n=30,start_thres=1.25,min_cluster_size=3",hub,0.25,10,6,40,1730,3,1,37,1729,0.075,0.0005780346820809,0.75,0.25,0.1662729653445157
fbc_tfnbs,"e=0.9,h=9.0,n=30,start_thres=1.25,min_cluster_size=3",hub,0.25,10,6,40,1730,3,1,37,1729,0.075,0.0005780346820809,0.75,0.25,0.1662729653445157
fbc_tfnbs,"e=0.9,h=10.0,n=30,start_thres=1.25,min_cluster_size=3",hub,0.25,10,6,40,1730,3,1,37,1729,0.075,0.0005780346820809,0.75,0.25,0.1662729653445157
fbc_tfnbs,"e=1.0,h=0.5,n=30,start_thres=1.25,min_cluster_size=3",hub,0.25,10,6,40,1730,0,0,40,1730,0.0,0.0,0.0,0.0,0.1662729653445157
fbc_tfnbs,"e=1.0,h=1.0,n=30,start_thres=1.25,min_cluster_size=3",hub,0.25,10,6,40,1730,0,0,40,1730,0.0,0.0,0.0,0.0,0.1662729653445157
fbc_tfnbs,"e=1.0,h=2.0,n=30,start_thres=1.25,min_cluster_size=3",hub,0.25,10,6,40,1730,0,0,40,1730,0.0,0.0,0.0,0.0,0.1662729653445157
fbc_tfnbs,"e=1.0,h=3.0,n=30,start_thres=1.25,min_cluster_size=3",hub,0.25,10,6,40,1730,0,0,40,1730,0.0,0.0,0.0,0.0,0.1662729653445157
fbc_tfnbs,"e=1.0,h=4.0,n=30,start_thres=1.25,min_cluster_size=3",hub,0.25,10,6,40,1730,3,0,37,1730,0.075,0.0,1.0,0.0,0.1662729653445157
fbc_tfnbs,"e=1.0,h=5.0,n=30,start_thres=1.25,min_cluster_size=3",hub,0.25,10,6,40,1730,3,1,37,1729,0.075,0.0005780346820809,0.75,0.25,0.1662729653445157
fbc_tfnbs,"e=1.0,h=6.0,n=30,start_thres=1.25,min_cluster_size=3",hub,0.25,10,6,40,1730,3,1,37,1729,0.075,0.0005780346820809,0.75,0.25,0.1662729653445157
fbc_tfnbs,"e=1.0,h=7.0,n=30,start_thres=1.25,min_cluster_size=3",hub,0.25,10,6,40,1730,3,1,37,1729,0.075,0.0005780346820809,0.75,0.25,0.1662729653445157
fbc_tfnbs,"e=1.0,h=8.0,n=30,start_thres=1.25,min_cluster_size=3",hub,0.25,10,6,40,1730,3,1,37,1729,0.075,0.0005780346820809,0.75,0.25,0.1662729653445157
fbc_tfnbs,"e=1.0,h=9.0,n=30,start_thres=1.25,min_cluster_size=3",hub,0.25,10,6,40,1730,3,1,37,1729,0.075,0.0005780346820809,0.75,0.25,0.1662729653445157
fbc_tfnbs,"e=1.0,h=10.0,n=30,start_thres=1.25,min_cluster_size=3",hub,0.25,10,6,40,1730,3,1,37,1729,0.075,0.0005780346820809,0.75,0.25,0.1662729653445157
fbc_tfnbs,"e=1.1,h=0.5,n=30,start_thres=1.25,min_cluster_size=3",hub,0.25,10,6,40,1730,0,0,40,1730,0.0,0.0,0.0,0.0,0.1662729653445157
fbc_tfnbs,"e=1.1,h=1.0,n=30,start_thres=1.25,min_cluster_size=3",hub,0.25,10,6,40,1730,0,0,40,1730,0.0,0.0,0.0,0.0,0.1662729653445157
fbc_tfnbs,"e=1.1,h=2.0,n=30,start_thres=1.25,min_cluster_size=3",hub,0.25,10,6,40,1730,0,0,40,1730,0.0,0.0,0.0,0.0,0.1662729653445157
fbc_tfnbs,"e=1.1,h=3.0,n=30,start_thres=1.25,min_cluster_size=3",hub,0.25,10,6,40,1730,0,0,40,1730,0.0,0.0,0.0,0.0,0.1662729653445157
fbc_tfnbs,"e=1.1,h=4.0,n=30,start_thres=1.25,min_cluster_size=3",hub,0.25,10,6,40,1730,3,0,37,1730,0.075,0.0,1.0,0.0,0.1662729653445157
fbc_tfnbs,"e=1.1,h=5.0,n=30,start_thres=1.25,min_cluster_size=3",hub,0.25,10,6,40,1730,3,1,37,1729,0.075,0.0005780346820809,0.75,0.25,0.1662729653445157
fbc_tfnbs,"e=1.1,h=6.0,n=30,start_thres=1.25,min_cluster_size=3",hub,0.25,10,6,40,1730,3,1,37,1729,0.075,0.0005780346820809,0.75,0.25,0.1662729653445157
fbc_tfnbs,"e=1.1,h=7.0,n=30,start_thres=1.25,min_cluster_size=3",hub,0.25,10,6,40,1730,3,1,37,1729,0.075,0.0005780346820809,0.75,0.25,0.1662729653445157
fbc_tfnbs,"e=1.1,h=8.0,n=30,start_thres=1.25,min_cluster_size=3",hub,0.25,10,6,40,1730,3,1,37,1729,0.075,0.0005780346820809,0.75,0.25,0.1662729653445157
fbc_tfnbs,"e=1.1,h=9.0,n=30,start_thres=1.25,min_cluster_size=3",hub,0.25,10,6,40,1730,3,1,37,1729,0.075,0.0005780346820809,0.75,0.25,0.1662729653445157
fbc_tfnbs,"e=1.1,h=10.0,n=30,start_thres=1.25,min_cluster_size=3",hub,0.25,10,6,40,1730,3,1,37,1729,0.075,0.0005780346820809,0.75,0.25,0.1662729653445157
fbc_tfnbs,"e=1.2,h=0.5,n=30,start_thres=1.25,min_cluster_size=3",hub,0.25,10,6,40,1730,0,0,40,1730,0.0,0.0,0.0,0.0,0.1662729653445157
fbc_tfnbs,"e=1.2,h=1.0,n=30,start_thres=1.25,min_cluster_size=3",hub,0.25,10,6,40,1730,0,0,40,1730,0.0,0.0,0.0,0.0,0.1662729653445157
fbc_tfnbs,"e=1.2,h=2.0,n=30,start_thres=1.25,min_cluster_size=3",hub,0.25,10,6,40,1730,0,0,40,1730,0.0,0.0,0.0,0.0,0.1662729653445157
fbc_tfnbs,"e=1.2,h=3.0,n=30,start_thres=1.25,min_cluster_size=3",hub,0.25,10,6,40,1730,0,0,40,1730,0.0,0.0,0.0,0.0,0.1662729653445157
fbc_tfnbs,"e=1.2,h=4.0,n=30,start_thres=1.25,min_cluster_size=3",hub,0.25,10,6,40,1730,3,0,37,1730,0.075,0.0,1.0,0.0,0.1662729653445157
fbc_tfnbs,"e=1.2,h=5.0,n=30,start_thres=1.25,min_cluster_size=3",hub,0.25,10,6,40,1730,3,1,37,1729,0.075,0.0005780346820809,0.75,0.25,0.1662729653445157
fbc_tfnbs,"e=1.2,h=6.0,n=30,start_thres=1.25,min_cluster_size=3",hub,0.25,10,6,40,1730,3,1,37,1729,0.075,0.0005780346820809,0.75,0.25,0.1662729653445157
fbc_tfnbs,"e=1.2,h=7.0,n=30,start_thres=1.25,min_cluster_size=3",hub,0.25,10,6,40,1730,3,1,37,1729,0.075,0.0005780346820809,0.75,0.25,0.1662729653445157
fbc_tfnbs,"e=1.2,h=8.0,n=30,start_thres=1.25,min_cluster_size=3",hub,0.25,10,6,40,1730,3,1,37,1729,0.075,0.0005780346820809,0.75,0.25,0.1662729653445157
fbc_tfnbs,"e=1.2,h=9.0,n=30,start_thres=1.25,min_cluster_size=3",hub,0.25,10,6,40,1730,3,1,37,1729,0.075,0.0005780346820809,0.75,0.25,0.1662729653445157
fbc_tfnbs,"e=1.2,h=10.0,n=30,start_thres=1.25,min_cluster_size=3",hub,0.25,10,6,40,1730,3,1,37,1729,0.075,0.0005780346820809,0.75,0.25,0.1662729653445157
fbc_tfnbs,"e=1.3,h=0.5,n=30,start_thres=1.25,min_cluster_size=3",hub,0.25,10,6,40,1730,0,0,40,1730,0.0,0.0,0.0,0.0,0.1662729653445157
fbc_tfnbs,"e=1.3,h=1.0,n=30,start_thres=1.25,min_cluster_size=3",hub,0.25,10,6,40,1730,0,0,40,1730,0.0,0.0,0.0,0.0,0.1662729653445157
fbc_tfnbs,"e=1.3,h=2.0,n=30,start_thres=1.25,min_cluster_size=3",hub,0.25,10,6,40,1730,0,0,40,1730,0.0,0.0,0.0,0.0,0.1662729653445157
fbc_tfnbs,"e=1.3,h=3.0,n=30,start_thres=1.25,min_cluster_size=3",hub,0.25,10,6,40,1730,0,0,40,1730,0.0,0.0,0.0,0.0,0.1662729653445157
fbc_tfnbs,"e=1.3,h=4.0,n=30,start_thres=1.25,min_cluster_size=3",hub,0.25,10,6,40,1730,0,0,40,1730,0.0,0.0,0.0,0.0,0.1662729653445157
fbc_tfnbs,"e=1.3,h=5.0,n=30,start_thres=1.25,min_cluster_size=3",hub,0.25,10,6,40,1730,3,0,37,1730,0.075,0.0,1.0,0.0,0.1662729653445157
fbc_tfnbs,"e=1.3,h=6.0,n=30,start_thres=1.25,min_cluster_size=3",hub,0.25,10,6,40,1730,3,1,37,1729,0.075,0.0005780346820809,0.75,0.25,0.1662729653445157
fbc_tfnbs,"e=1.3,h=7.0,n=30,start_thres=1.25,min_cluster_size=3",hub,0.25,10,6,40,1730,3,1,37,1729,0.075,0.0005780346820809,0.75,0.25,0.1662729653445157
fbc_tfnbs,"e=1.3,h=8.0,n=30,start_thres=1.25,min_cluster_size=3",hub,0.25,10,6,40,1730,3,1,37,1729,0.075,0.0005780346820809,0.75,0.25,0.1662729653445157
fbc_tfnbs,"e=1.3,h=9.0,n=30,start_thres=1.25,min_cluster_size=3",hub,0.25,10,6,40,1730,3,1,37,1729,0.075,0.0005780346820809,0.75,0.25,0.1662729653445157
fbc_tfnbs,"e=1.3,h=10.0,n=30,start_thres=1.25,min_cluster_size=3",hub,0.25,10,6,40,1730,3,1,37,1729,0.075,0.0005780346820809,0.75,0.25,0.1662729653445157
fbc_tfnbs,"e=1.4,h=0.5,n=30,start_thres=1.25,min_cluster_size=3",hub,0.25,10,6,40,1730,0,0,40,1730,0.0,0.0,0.0,0.0,0.1662729653445157
fbc_tfnbs,"e=1.4,h=1.0,n=30,start_thres=1.25,min_cluster_size=3",hub,0.25,10,6,40,1730,0,0,40,1730,0.0,0.0,0.0,0.0,0.1662729653445157
fbc_tfnbs,"e=1.4,h=2.0,n=30,start_thres=1.25,min_cluster_size=3",hub,0.25,10,6,40,1730,0,0,40,1730,0.0,0.0,0.0,0.0,0.1662729653445157
fbc_tfnbs,"e=1.4,h=3.0,n=30,start_thres=1.25,min_cluster_size=3",hub,0.25,10,6,40,1730,0,0,40,1730,0.0,0.0,0.0,0.0,0.1662729653445157
fbc_tfnbs,"e=1.4,h=4.0,n=30,start_thres=1.25,min_cluster_size=3",hub,0.25,10,6,40,1730,0,0,40,1730,0.0,0.0,0.0,0.0,0.1662729653445157
fbc_tfnbs,"e=1.4,h=5.0,n=30,start_thres=1.25,min_cluster_size=3",hub,0.25,10,6,40,1730,3,0,37,1730,0.075,0.0,1.0,0.0,0.1662729653445157
fbc_tfnbs,"e=1.4,h=6.0,n=30,start_thres=1.25,min_cluster_size=3",hub,0.25,10,6,40,1730,3,1,37,1729,0.075,0.0005780346820809,0.75,0.25,0.1662729653445157
fbc_tfnbs,"e=1.4,h=7.0,n=30,start_thres=1.25,min_cluster_size=3",hub,0.25,10,6,40,1730,3,1,37,1729,0.075,0.0005780346820809,0.75,0.25,0.1662729653445157
fbc_tfnbs,"e=1.4,h=8.0,n=30,start_thres=1.25,min_cluster_size=3",hub,0.25,10,6,40,1730,3,1,37,1729,0.075,0.0005780346820809,0.75,0.25,0.1662729653445157
fbc_tfnbs,"e=1.4,h=9.0,n=30,start_thres=1.25,min_cluster_size=3",hub,0.25,10,6,40,1730,3,1,37,1729,0.075,0.0005780346820809,0.75,0.25,0.1662729653445157
fbc_tfnbs,"e=1.4,h=10.0,n=30,start_thres=1.25,min_cluster_size=3",hub,0.25,10,6,40,1730,3,1,37,1729,0.075,0.0005780346820809,0.75,0.25,0.1662729653445157
fbc_tfnbs,"e=1.5,h=0.5,n=30,start_thres=1.25,min_cluster_size=3",hub,0.25,10,6,40,1730,0,0,40,1730,0.0,0.0,0.0,0.0,0.1662729653445157
fbc_tfnbs,"e=1.5,h=1.0,n=30,start_thres=1.25,min_cluster_size=3",hub,0.25,10,6,40,1730,0,0,40,1730,0.0,0.0,0.0,0.0,0.1662729653445157
fbc_tfnbs,"e=1.5,h=2.0,n=30,start_thres=1.25,min_cluster_size=3",hub,0.25,10,6,40,1730,0,0,40,1730,0.0,0.0,0.0,0.0,0.1662729653445157
fbc_tfnbs,"e=1.5,h=3.0,n=30,start_thres=1.25,min_cluster_size=3",hub,0.25,10,6,40,1730,0,0,40,1730,0.0,0.0,0.0,0.0,0.1662729653445157
fbc_tfnbs,"e=1.5,h=4.0,n=30,start_thres=1.25,min_cluster_size=3",hub,0.25,10,6,40,1730,0,0,40,1730,0.0,0.0,0.0,0.0,0.1662729653445157
fbc_tfnbs,"e=1.5,h=5.0,n=30,start_thres=1.25,min_cluster_size=3",hub,0.25,10,6,40,1730,0,0,40,1730,0.0,0.0,0.0,0.0,0.1662729653445157
fbc_tfnbs,"e=1.5,h=6.0,n=30,start_thres=1.25,min_cluster_size=3",hub,0.25,10,6,40,1730,3,0,37,1730,0.075,0.0,1.0,0.0,0.1662729653445157
fbc_tfnbs,"e=1.5,h=7.0,n=30,start_thres=1.25,min_cluster_size=3",hub,0.25,10,6,40,1730,3,1,37,1729,0.075,0.0005780346820809,0.75,0.25,0.1662729653445157
fbc_tfnbs,"e=1.5,h=8.0,n=30,start_thres=1.25,min_cluster_size=3",hub,0.25,10,6,40,1730,3,1,37,1729,0.075,0.0005780346820809,0.75,0.25,0.1662729653445157
fbc_tfnbs,"e=1.5,h=9.0,n=30,start_thres=1.25,min_cluster_size=3",hub,0.25,10,6,40,1730,3,1,37,1729,0.075,0.0005780346820809,0.75,0.25,0.1662729653445157
fbc_tfnbs,"e=1.5,h=10.0,n=30,start_thres=1.25,min_cluster_size=3",hub,0.25,10,6,40,1730,3,1,37,1729,0.075,0.0005780346820809,0.75,0.25,0.1662729653445157
fbc_tfnbs,"e=0.05,h=0.5,n=30,start_thres=1.25,min_cluster_size=3",hub,0.25,10,7,40,1730,0,0,40,1730,0.0,0.0,0.0,0.0,0.1645055562257766
fbc_tfnbs,"e=0.05,h=1.0,n=30,start_thres=1.25,min_cluster_size=3",hub,0.25,10,7,40,1730,0,0,40,1730,0.0,0.0,0.0,0.0,0.1645055562257766
fbc_tfnbs,"e=0.05,h=2.0,n=30,start_thres=1.25,min_cluster_size=3",hub,0.25,10,7,40,1730,0,0,40,1730,0.0,0.0,0.0,0.0,0.1645055562257766
fbc_tfnbs,"e=0.05,h=3.0,n=30,start_thres=1.25,min_cluster_size=3",hub,0.25,10,7,40,1730,0,0,40,1730,0.0,0.0,0.0,0.0,0.1645055562257766
fbc_tfnbs,"e=0.05,h=4.0,n=30,start_thres=1.25,min_cluster_size=3",hub,0.25,10,7,40,1730,0,0,40,1730,0.0,0.0,0.0,0.0,0.1645055562257766
fbc_tfnbs,"e=0.05,h=5.0,n=30,start_thres=1.25,min_cluster_size=3",hub,0.25,10,7,40,1730,0,0,40,1730,0.0,0.0,0.0,0.0,0.1645055562257766
fbc_tfnbs,"e=0.05,h=6.0,n=30,start_thres=1.25,min_cluster_size=3",hub,0.25,10,7,40,1730,0,0,40,1730,0.0,0.0,0.0,0.0,0.1645055562257766
fbc_tfnbs,"e=0.05,h=7.0,n=30,start_thres=1.25,min_cluster_size=3",hub,0.25,10,7,40,1730,0,0,40,1730,0.0,0.0,0.0,0.0,0.1645055562257766
fbc_tfnbs,"e=0.05,h=8.0,n=30,start_thres=1.25,min_cluster_size=3",hub,0.25,10,7,40,1730,0,0,40,1730,0.0,0.0,0.0,0.0,0.1645055562257766
fbc_tfnbs,"e=0.05,h=9.0,n=30,start_thres=1.25,min_cluster_size=3",hub,0.25,10,7,40,1730,0,0,40,1730,0.0,0.0,0.0,0.0,0.1645055562257766
fbc_tfnbs,"e=0.05,h=10.0,n=30,start_thres=1.25,min_cluster_size=3",hub,0.25,10,7,40,1730,0,0,40,1730,0.0,0.0,0.0,0.0,0.1645055562257766
fbc_tfnbs,"e=0.1,h=0.5,n=30,start_thres=1.25,min_cluster_size=3",hub,0.25,10,7,40,1730,0,0,40,1730,0.0,0.0,0.0,0.0,0.1645055562257766
fbc_tfnbs,"e=0.1,h=1.0,n=30,start_thres=1.25,min_cluster_size=3",hub,0.25,10,7,40,1730,0,0,40,1730,0.0,0.0,0.0,0.0,0.1645055562257766
fbc_tfnbs,"e=0.1,h=2.0,n=30,start_thres=1.25,min_cluster_size=3",hub,0.25,10,7,40,1730,0,0,40,1730,0.0,0.0,0.0,0.0,0.1645055562257766
fbc_tfnbs,"e=0.1,h=3.0,n=30,start_thres=1.25,min_cluster_size=3",hub,0.25,10,7,40,1730,0,0,40,1730,0.0,0.0,0.0,0.0,0.1645055562257766
fbc_tfnbs,"e=0.1,h=4.0,n=30,start_thres=1.25,min_cluster_size=3",hub,0.25,10,7,40,1730,0,0,40,1730,0.0,0.0,0.0,0.0,0.1645055562257766
fbc_tfnbs,"e=0.1,h=5.0,n=30,start_thres=1.25,min_cluster_size=3",hub,0.25,10,7,40,1730,0,0,40,1730,0.0,0.0,0.0,0.0,0.1645055562257766
fbc_tfnbs,"e=0.1,h=6.0,n=30,start_thres=1.25,min_cluster_size=3",hub,0.25,10,7,40,1730,0,0,40,1730,0.0,0.0,0.0,0.0,0.1645055562257766
fbc_tfnbs,"e=0.1,h=7.0,n=30,start_thres=1.25,min_cluster_size=3",hub,0.25,10,7,40,1730,0,0,40,1730,0.0,0.0,0.0,0.0,0.1645055562257766
fbc_tfnbs,"e=0.1,h=8.0,n=30,start_thres=1.25,min_cluster_size=3",hub,0.25,10,7,40,1730,0,0,40,1730,0.0,0.0,0.0,0.0,0.1645055562257766
fbc_tfnbs,"e=0.1,h=9.0,n=30,start_thres=1.25,min_cluster_size=3",hub,0.25,10,7,40,1730,0,0,40,1730,0.0,0.0,0.0,0.0,0.1645055562257766
fbc_tfnbs,"e=0.1,h=10.0,n=30,start_thres=1.25,min_cluster_size=3",hub,0.25,10,7,40,1730,0,0,40,1730,0.0,0.0,0.0,0.0,0.1645055562257766
fbc_tfnbs,"e=0.2,h=0.5,n=30,start_thres=1.25,min_cluster_size=3",hub,0.25,10,7,40,1730,0,0,40,1730,0.0,0.0,0.0,0.0,0.1645055562257766
fbc_tfnbs,"e=0.2,h=1.0,n=30,start_thres=1.25,min_cluster_size=3",hub,0.25,10,7,40,1730,0,0,40,1730,0.0,0.0,0.0,0.0,0.1645055562257766
fbc_tfnbs,"e=0.2,h=2.0,n=30,start_thres=1.25,min_cluster_size=3",hub,0.25,10,7,40,1730,0,0,40,1730,0.0,0.0,0.0,0.0,0.1645055562257766
fbc_tfnbs,"e=0.2,h=3.0,n=30,start_thres=1.25,min_cluster_size=3",hub,0.25,10,7,40,1730,0,0,40,1730,0.0,0.0,0.0,0.0,0.1645055562257766
fbc_tfnbs,"e=0.2,h=4.0,n=30,start_thres=1.25,min_cluster_size=3",hub,0.25,10,7,40,1730,0,0,40,1730,0.0,0.0,0.0,0.0,0.1645055562257766
fbc_tfnbs,"e=0.2,h=5.0,n=30,start_thres=1.25,min_cluster_size=3",hub,0.25,10,7,40,1730,0,0,40,1730,0.0,0.0,0.0,0.0,0.1645055562257766
fbc_tfnbs,"e=0.2,h=6.0,n=30,start_thres=1.25,min_cluster_size=3",hub,0.25,10,7,40,1730,0,0,40,1730,0.0,0.0,0.0,0.0,0.1645055562257766
fbc_tfnbs,"e=0.2,h=7.0,n=30,start_thres=1.25,min_cluster_size=3",hub,0.25,10,7,40,1730,0,0,40,1730,0.0,0.0,0.0,0.0,0.1645055562257766
fbc_tfnbs,"e=0.2,h=8.0,n=30,start_thres=1.25,min_cluster_size=3",hub,0.25,10,7,40,1730,0,0,40,1730,0.0,0.0,0.0,0.0,0.1645055562257766
fbc_tfnbs,"e=0.2,h=9.0,n=30,start_thres=1.25,min_cluster_size=3",hub,0.25,10,7,40,1730,0,0,40,1730,0.0,0.0,0.0,0.0,0.1645055562257766
fbc_tfnbs,"e=0.2,h=10.0,n=30,start_thres=1.25,min_cluster_size=3",hub,0.25,10,7,40,1730,0,0,40,1730,0.0,0.0,0.0,0.0,0.1645055562257766
fbc_tfnbs,"e=0.3,h=0.5,n=30,start_thres=1.25,min_cluster_size=3",hub,0.25,10,7,40,1730,0,0,40,1730,0.0,0.0,0.0,0.0,0.1645055562257766
fbc_tfnbs,"e=0.3,h=1.0,n=30,start_thres=1.25,min_cluster_size=3",hub,0.25,10,7,40,1730,0,0,40,1730,0.0,0.0,0.0,0.0,0.1645055562257766
fbc_tfnbs,"e=0.3,h=2.0,n=30,start_thres=1.25,min_cluster_size=3",hub,0.25,10,7,40,1730,0,0,40,1730,0.0,0.0,0.0,0.0,0.1645055562257766
fbc_tfnbs,"e=0.3,h=3.0,n=30,start_thres=1.25,min_cluster_size=3",hub,0.25,10,7,40,1730,0,0,40,1730,0.0,0.0,0.0,0.0,0.1645055562257766
fbc_tfnbs,"e=0.3,h=4.0,n=30,start_thres=1.25,min_cluster_size=3",hub,0.25,10,7,40,1730,0,0,40,1730,0.0,0.0,0.0,0.0,0.1645055562257766
fbc_tfnbs,"e=0.3,h=5.0,n=30,start_thres=1.25,min_cluster_size=3",hub,0.25,10,7,40,1730,0,0,40,1730,0.0,0.0,0.0,0.0,0.1645055562257766
fbc_tfnbs,"e=0.3,h=6.0,n=30,start_thres=1.25,min_cluster_size=3",hub,0.25,10,7,40,1730,0,0,40,1730,0.0,0.0,0.0,0.0,0.1645055562257766
fbc_tfnbs,"e=0.3,h=7.0,n=30,start_thres=1.25,min_cluster_size=3",hub,0.25,10,7,40,1730,0,0,40,1730,0.0,0.0,0.0,0.0,0.1645055562257766
fbc_tfnbs,"e=0.3,h=8.0,n=30,start_thres=1.25,min_cluster_size=3",hub,0.25,10,7,40,1730,0,0,40,1730,0.0,0.0,0.0,0.0,0.1645055562257766
fbc_tfnbs,"e=0.3,h=9.0,n=30,start_thres=1.25,min_cluster_size=3",hub,0.25,10,7,40,1730,0,0,40,1730,0.0,0.0,0.0,0.0,0.1645055562257766
fbc_tfnbs,"e=0.3,h=10.0,n=30,start_thres=1.25,min_cluster_size=3",hub,0.25,10,7,40,1730,0,0,40,1730,0.0,0.0,0.0,0.0,0.1645055562257766
fbc_tfnbs,"e=0.4,h=0.5,n=30,start_thres=1.25,min_cluster_size=3",hub,0.25,10,7,40,1730,0,0,40,1730,0.0,0.0,0.0,0.0,0.1645055562257766
fbc_tfnbs,"e=0.4,h=1.0,n=30,start_thres=1.25,min_cluster_size=3",hub,0.25,10,7,40,1730,0,0,40,1730,0.0,0.0,0.0,0.0,0.1645055562257766
fbc_tfnbs,"e=0.4,h=2.0,n=30,start_thres=1.25,min_cluster_size=3",hub,0.25,10,7,40,1730,0,0,40,1730,0.0,0.0,0.0,0.0,0.1645055562257766
fbc_tfnbs,"e=0.4,h=3.0,n=30,start_thres=1.25,min_cluster_size=3",hub,0.25,10,7,40,1730,0,0,40,1730,0.0,0.0,0.0,0.0,0.1645055562257766
fbc_tfnbs,"e=0.4,h=4.0,n=30,start_thres=1.25,min_cluster_size=3",hub,0.25,10,7,40,1730,0,0,40,1730,0.0,0.0,0.0,0.0,0.1645055562257766
fbc_tfnbs,"e=0.4,h=5.0,n=30,start_thres=1.25,min_cluster_size=3",hub,0.25,10,7,40,1730,0,0,40,1730,0.0,0.0,0.0,0.0,0.1645055562257766
fbc_tfnbs,"e=0.4,h=6.0,n=30,start_thres=1.25,min_cluster_size=3",hub,0.25,10,7,40,1730,0,0,40,1730,0.0,0.0,0.0,0.0,0.1645055562257766
fbc_tfnbs,"e=0.4,h=7.0,n=30,start_thres=1.25,min_cluster_size=3",hub,0.25,10,7,40,1730,0,0,40,1730,0.0,0.0,0.0,0.0,0.1645055562257766
fbc_tfnbs,"e=0.4,h=8.0,n=30,start_thres=1.25,min_cluster_size=3",hub,0.25,10,7,40,1730,0,0,40,1730,0.0,0.0,0.0,0.0,0.1645055562257766
fbc_tfnbs,"e=0.4,h=9.0,n=30,start_thres=1.25,min_cluster_size=3",hub,0.25,10,7,40,1730,0,0,40,1730,0.0,0.0,0.0,0.0,0.1645055562257766
fbc_tfnbs,"e=0.4,h=10.0,n=30,start_thres=1.25,min_cluster_size=3",hub,0.25,10,7,40,1730,0,0,40,1730,0.0,0.0,0.0,0.0,0.1645055562257766
fbc_tfnbs,"e=0.5,h=0.5,n=30,start_thres=1.25,min_cluster_size=3",hub,0.25,10,7,40,1730,0,0,40,1730,0.0,0.0,0.0,0.0,0.1645055562257766
fbc_tfnbs,"e=0.5,h=1.0,n=30,start_thres=1.25,min_cluster_size=3",hub,0.25,10,7,40,1730,0,0,40,1730,0.0,0.0,0.0,0.0,0.1645055562257766
fbc_tfnbs,"e=0.5,h=2.0,n=30,start_thres=1.25,min_cluster_size=3",hub,0.25,10,7,40,1730,0,0,40,1730,0.0,0.0,0.0,0.0,0.1645055562257766
fbc_tfnbs,"e=0.5,h=3.0,n=30,start_thres=1.25,min_cluster_size=3",hub,0.25,10,7,40,1730,0,0,40,1730,0.0,0.0,0.0,0.0,0.1645055562257766
fbc_tfnbs,"e=0.5,h=4.0,n=30,start_thres=1.25,min_cluster_size=3",hub,0.25,10,7,40,1730,0,0,40,1730,0.0,0.0,0.0,0.0,0.1645055562257766
fbc_tfnbs,"e=0.5,h=5.0,n=30,start_thres=1.25,min_cluster_size=3",hub,0.25,10,7,40,1730,0,0,40,1730,0.0,0.0,0.0,0.0,0.1645055562257766
fbc_tfnbs,"e=0.5,h=6.0,n=30,start_thres=1.25,min_cluster_size=3",hub,0.25,10,7,40,1730,0,0,40,1730,0.0,0.0,0.0,0.0,0.1645055562257766
fbc_tfnbs,"e=0.5,h=7.0,n=30,start_thres=1.25,min_cluster_size=3",hub,0.25,10,7,40,1730,0,0,40,1730,0.0,0.0,0.0,0.0,0.1645055562257766
fbc_tfnbs,"e=0.5,h=8.0,n=30,start_thres=1.25,min_cluster_size=3",hub,0.25,10,7,40,1730,0,0,40,1730,0.0,0.0,0.0,0.0,0.1645055562257766
fbc_tfnbs,"e=0.5,h=9.0,n=30,start_thres=1.25,min_cluster_size=3",hub,0.25,10,7,40,1730,0,0,40,1730,0.0,0.0,0.0,0.0,0.1645055562257766
fbc_tfnbs,"e=0.5,h=10.0,n=30,start_thres=1.25,min_cluster_size=3",hub,0.25,10,7,40,1730,0,0,40,1730,0.0,0.0,0.0,0.0,0.1645055562257766
fbc_tfnbs,"e=0.6,h=0.5,n=30,start_thres=1.25,min_cluster_size=3",hub,0.25,10,7,40,1730,0,0,40,1730,0.0,0.0,0.0,0.0,0.1645055562257766
fbc_tfnbs,"e=0.6,h=1.0,n=30,start_thres=1.25,min_cluster_size=3",hub,0.25,10,7,40,1730,0,0,40,1730,0.0,0.0,0.0,0.0,0.1645055562257766
fbc_tfnbs,"e=0.6,h=2.0,n=30,start_thres=1.25,min_cluster_size=3",hub,0.25,10,7,40,1730,0,0,40,1730,0.0,0.0,0.0,0.0,0.1645055562257766
fbc_tfnbs,"e=0.6,h=3.0,n=30,start_thres=1.25,min_cluster_size=3",hub,0.25,10,7,40,1730,0,0,40,1730,0.0,0.0,0.0,0.0,0.1645055562257766
fbc_tfnbs,"e=0.6,h=4.0,n=30,start_thres=1.25,min_cluster_size=3",hub,0.25,10,7,40,1730,0,0,40,1730,0.0,0.0,0.0,0.0,0.1645055562257766
fbc_tfnbs,"e=0.6,h=5.0,n=30,start_thres=1.25,min_cluster_size=3",hub,0.25,10,7,40,1730,0,0,40,1730,0.0,0.0,0.0,0.0,0.1645055562257766
fbc_tfnbs,"e=0.6,h=6.0,n=30,start_thres=1.25,min_cluster_size=3",hub,0.25,10,7,40,1730,0,0,40,1730,0.0,0.0,0.0,0.0,0.1645055562257766
fbc_tfnbs,"e=0.6,h=7.0,n=30,start_thres=1.25,min_cluster_size=3",hub,0.25,10,7,40,1730,0,0,40,1730,0.0,0.0,0.0,0.0,0.1645055562257766
fbc_tfnbs,"e=0.6,h=8.0,n=30,start_thres=1.25,min_cluster_size=3",hub,0.25,10,7,40,1730,0,0,40,1730,0.0,0.0,0.0,0.0,0.1645055562257766
fbc_tfnbs,"e=0.6,h=9.0,n=30,start_thres=1.25,min_cluster_size=3",hub,0.25,10,7,40,1730,0,0,40,1730,0.0,0.0,0.0,0.0,0.1645055562257766
fbc_tfnbs,"e=0.6,h=10.0,n=30,start_thres=1.25,min_cluster_size=3",hub,0.25,10,7,40,1730,0,0,40,1730,0.0,0.0,0.0,0.0,0.1645055562257766
fbc_tfnbs,"e=0.7,h=0.5,n=30,start_thres=1.25,min_cluster_size=3",hub,0.25,10,7,40,1730,0,0,40,1730,0.0,0.0,0.0,0.0,0.1645055562257766
fbc_tfnbs,"e=0.7,h=1.0,n=30,start_thres=1.25,min_cluster_size=3",hub,0.25,10,7,40,1730,0,0,40,1730,0.0,0.0,0.0,0.0,0.1645055562257766
fbc_tfnbs,"e=0.7,h=2.0,n=30,start_thres=1.25,min_cluster_size=3",hub,0.25,10,7,40,1730,0,0,40,1730,0.0,0.0,0.0,0.0,0.1645055562257766
fbc_tfnbs,"e=0.7,h=3.0,n=30,start_thres=1.25,min_cluster_size=3",hub,0.25,10,7,40,1730,0,0,40,1730,0.0,0.0,0.0,0.0,0.1645055562257766
fbc_tfnbs,"e=0.7,h=4.0,n=30,start_thres=1.25,min_cluster_size=3",hub,0.25,10,7,40,1730,0,0,40,1730,0.0,0.0,0.0,0.0,0.1645055562257766
fbc_tfnbs,"e=0.7,h=5.0,n=30,start_thres=1.25,min_cluster_size=3",hub,0.25,10,7,40,1730,0,0,40,1730,0.0,0.0,0.0,0.0,0.1645055562257766
fbc_tfnbs,"e=0.7,h=6.0,n=30,start_thres=1.25,min_cluster_size=3",hub,0.25,10,7,40,1730,0,0,40,1730,0.0,0.0,0.0,0.0,0.1645055562257766
fbc_tfnbs,"e=0.7,h=7.0,n=30,start_thres=1.25,min_cluster_size=3",hub,0.25,10,7,40,1730,0,0,40,1730,0.0,0.0,0.0,0.0,0.1645055562257766
fbc_tfnbs,"e=0.7,h=8.0,n=30,start_thres=1.25,min_cluster_size=3",hub,0.25,10,7,40,1730,0,0,40,1730,0.0,0.0,0.0,0.0,0.1645055562257766
fbc_tfnbs,"e=0.7,h=9.0,n=30,start_thres=1.25,min_cluster_size=3",hub,0.25,10,7,40,1730,0,0,40,1730,0.0,0.0,0.0,0.0,0.1645055562257766
fbc_tfnbs,"e=0.7,h=10.0,n=30,start_thres=1.25,min_cluster_size=3",hub,0.25,10,7,40,1730,0,0,40,1730,0.0,0.0,0.0,0.0,0.1645055562257766
fbc_tfnbs,"e=0.8,h=0.5,n=30,start_thres=1.25,min_cluster_size=3",hub,0.25,10,7,40,1730,0,0,40,1730,0.0,0.0,0.0,0.0,0.1645055562257766
fbc_tfnbs,"e=0.8,h=1.0,n=30,start_thres=1.25,min_cluster_size=3",hub,0.25,10,7,40,1730,0,0,40,1730,0.0,0.0,0.0,0.0,0.1645055562257766
fbc_tfnbs,"e=0.8,h=2.0,n=30,start_thres=1.25,min_cluster_size=3",hub,0.25,10,7,40,1730,0,0,40,1730,0.0,0.0,0.0,0.0,0.1645055562257766
fbc_tfnbs,"e=0.8,h=3.0,n=30,start_thres=1.25,min_cluster_size=3",hub,0.25,10,7,40,1730,0,0,40,1730,0.0,0.0,0.0,0.0,0.1645055562257766
fbc_tfnbs,"e=0.8,h=4.0,n=30,start_thres=1.25,min_cluster_size=3",hub,0.25,10,7,40,1730,0,0,40,1730,0.0,0.0,0.0,0.0,0.1645055562257766
fbc_tfnbs,"e=0.8,h=5.0,n=30,start_thres=1.25,min_cluster_size=3",hub,0.25,10,7,40,1730,0,0,40,1730,0.0,0.0,0.0,0.0,0.1645055562257766
fbc_tfnbs,"e=0.8,h=6.0,n=30,start_thres=1.25,min_cluster_size=3",hub,0.25,10,7,40,1730,0,0,40,1730,0.0,0.0,0.0,0.0,0.1645055562257766
fbc_tfnbs,"e=0.8,h=7.0,n=30,start_thres=1.25,min_cluster_size=3",hub,0.25,10,7,40,1730,0,0,40,1730,0.0,0.0,0.0,0.0,0.1645055562257766
fbc_tfnbs,"e=0.8,h=8.0,n=30,start_thres=1.25,min_cluster_size=3",hub,0.25,10,7,40,1730,0,0,40,1730,0.0,0.0,0.0,0.0,0.1645055562257766
fbc_tfnbs,"e=0.8,h=9.0,n=30,start_thres=1.25,min_cluster_size=3",hub,0.25,10,7,40,1730,0,0,40,1730,0.0,0.0,0.0,0.0,0.1645055562257766
fbc_tfnbs,"e=0.8,h=10.0,n=30,start_thres=1.25,min_cluster_size=3",hub,0.25,10,7,40,1730,0,0,40,1730,0.0,0.0,0.0,0.0,0.1645055562257766
fbc_tfnbs,"e=0.9,h=0.5,n=30,start_thres=1.25,min_cluster_size=3",hub,0.25,10,7,40,1730,0,0,40,1730,0.0,0.0,0.0,0.0,0.1645055562257766
fbc_tfnbs,"e=0.9,h=1.0,n=30,start_thres=1.25,min_cluster_size=3",hub,0.25,10,7,40,1730,0,0,40,1730,0.0,0.0,0.0,0.0,0.1645055562257766
fbc_tfnbs,"e=0.9,h=2.0,n=30,start_thres=1.25,min_cluster_size=3",hub,0.25,10,7,40,1730,0,0,40,1730,0.0,0.0,0.0,0.0,0.1645055562257766
fbc_tfnbs,"e=0.9,h=3.0,n=30,start_thres=1.25,min_cluster_size=3",hub,0.25,10,7,40,1730,0,0,40,1730,0.0,0.0,0.0,0.0,0.1645055562257766
fbc_tfnbs,"e=0.9,h=4.0,n=30,start_thres=1.25,min_cluster_size=3",hub,0.25,10,7,40,1730,0,0,40,1730,0.0,0.0,0.0,0.0,0.1645055562257766
fbc_tfnbs,"e=0.9,h=5.0,n=30,start_thres=1.25,min_cluster_size=3",hub,0.25,10,7,40,1730,0,0,40,1730,0.0,0.0,0.0,0.0,0.1645055562257766
fbc_tfnbs,"e=0.9,h=6.0,n=30,start_thres=1.25,min_cluster_size=3",hub,0.25,10,7,40,1730,0,0,40,1730,0.0,0.0,0.0,0.0,0.1645055562257766
fbc_tfnbs,"e=0.9,h=7.0,n=30,start_thres=1.25,min_cluster_size=3",hub,0.25,10,7,40,1730,0,0,40,1730,0.0,0.0,0.0,0.0,0.1645055562257766
fbc_tfnbs,"e=0.9,h=8.0,n=30,start_thres=1.25,min_cluster_size=3",hub,0.25,10,7,40,1730,0,0,40,1730,0.0,0.0,0.0,0.0,0.1645055562257766
fbc_tfnbs,"e=0.9,h=9.0,n=30,start_thres=1.25,min_cluster_size=3",hub,0.25,10,7,40,1730,0,0,40,1730,0.0,0.0,0.0,0.0,0.1645055562257766
fbc_tfnbs,"e=0.9,h=10.0,n=30,start_thres=1.25,min_cluster_size=3",hub,0.25,10,7,40,1730,0,0,40,1730,0.0,0.0,0.0,0.0,0.1645055562257766
fbc_tfnbs,"e=1.0,h=0.5,n=30,start_thres=1.25,min_cluster_size=3",hub,0.25,10,7,40,1730,0,0,40,1730,0.0,0.0,0.0,0.0,0.1645055562257766
fbc_tfnbs,"e=1.0,h=1.0,n=30,start_thres=1.25,min_cluster_size=3",hub,0.25,10,7,40,1730,0,0,40,1730,0.0,0.0,0.0,0.0,0.1645055562257766
fbc_tfnbs,"e=1.0,h=2.0,n=30,start_thres=1.25,min_cluster_size=3",hub,0.25,10,7,40,1730,0,0,40,1730,0.0,0.0,0.0,0.0,0.1645055562257766
fbc_tfnbs,"e=1.0,h=3.0,n=30,start_thres=1.25,min_cluster_size=3",hub,0.25,10,7,40,1730,0,0,40,1730,0.0,0.0,0.0,0.0,0.1645055562257766
fbc_tfnbs,"e=1.0,h=4.0,n=30,start_thres=1.25,min_cluster_size=3",hub,0.25,10,7,40,1730,0,0,40,1730,0.0,0.0,0.0,0.0,0.1645055562257766
fbc_tfnbs,"e=1.0,h=5.0,n=30,start_thres=1.25,min_cluster_size=3",hub,0.25,10,7,40,1730,0,0,40,1730,0.0,0.0,0.0,0.0,0.1645055562257766
fbc_tfnbs,"e=1.0,h=6.0,n=30,start_thres=1.25,min_cluster_size=3",hub,0.25,10,7,40,1730,0,0,40,1730,0.0,0.0,0.0,0.0,0.1645055562257766
fbc_tfnbs,"e=1.0,h=7.0,n=30,start_thres=1.25,min_cluster_size=3",hub,0.25,10,7,40,1730,0,0,40,1730,0.0,0.0,0.0,0.0,0.1645055562257766
fbc_tfnbs,"e=1.0,h=8.0,n=30,start_thres=1.25,min_cluster_size=3",hub,0.25,10,7,40,1730,0,0,40,1730,0.0,0.0,0.0,0.0,0.1645055562257766
fbc_tfnbs,"e=1.0,h=9.0,n=30,start_thres=1.25,min_cluster_size=3",hub,0.25,10,7,40,1730,0,0,40,1730,0.0,0.0,0.0,0.0,0.1645055562257766
fbc_tfnbs,"e=1.0,h=10.0,n=30,start_thres=1.25,min_cluster_size=3",hub,0.25,10,7,40,1730,0,0,40,1730,0.0,0.0,0.0,0.0,0.1645055562257766
fbc_tfnbs,"e=1.1,h=0.5,n=30,start_thres=1.25,min_cluster_size=3",hub,0.25,10,7,40,1730,0,0,40,1730,0.0,0.0,0.0,0.0,0.1645055562257766
fbc_tfnbs,"e=1.1,h=1.0,n=30,start_thres=1.25,min_cluster_size=3",hub,0.25,10,7,40,1730,0,0,40,1730,0.0,0.0,0.0,0.0,0.1645055562257766
fbc_tfnbs,"e=1.1,h=2.0,n=30,start_thres=1.25,min_cluster_size=3",hub,0.25,10,7,40,1730,0,0,40,1730,0.0,0.0,0.0,0.0,0.1645055562257766
fbc_tfnbs,"e=1.1,h=3.0,n=30,start_thres=1.25,min_cluster_size=3",hub,0.25,10,7,40,1730,0,0,40,1730,0.0,0.0,0.0,0.0,0.1645055562257766
fbc_tfnbs,"e=1.1,h=4.0,n=30,start_thres=1.25,min_cluster_size=3",hub,0.25,10,7,40,1730,0,0,40,1730,0.0,0.0,0.0,0.0,0.1645055562257766
fbc_tfnbs,"e=1.1,h=5.0,n=30,start_thres=1.25,min_cluster_size=3",hub,0.25,10,7,40,1730,0,0,40,1730,0.0,0.0,0.0,0.0,0.1645055562257766
fbc_tfnbs,"e=1.1,h=6.0,n=30,start_thres=1.25,min_cluster_size=3",hub,0.25,10,7,40,1730,0,0,40,1730,0.0,0.0,0.0,0.0,0.1645055562257766
fbc_tfnbs,"e=1.1,h=7.0,n=30,start_thres=1.25,min_cluster_size=3",hub,0.25,10,7,40,1730,0,0,40,1730,0.0,0.0,0.0,0.0,0.1645055562257766
fbc_tfnbs,"e=1.1,h=8.0,n=30,start_thres=1.25,min_cluster_size=3",hub,0.25,10,7,40,1730,0,0,40,1730,0.0,0.0,0.0,0.0,0.1645055562257766
fbc_tfnbs,"e=1.1,h=9.0,n=30,start_thres=1.25,min_cluster_size=3",hub,0.25,10,7,40,1730,0,0,40,1730,0.0,0.0,0.0,0.0,0.1645055562257766
fbc_tfnbs,"e=1.1,h=10.0,n=30,start_thres=1.25,min_cluster_size=3",hub,0.25,10,7,40,1730,0,0,40,1730,0.0,0.0,0.0,0.0,0.1645055562257766
fbc_tfnbs,"e=1.2,h=0.5,n=30,start_thres=1.25,min_cluster_size=3",hub,0.25,10,7,40,1730,0,0,40,1730,0.0,0.0,0.0,0.0,0.1645055562257766
fbc_tfnbs,"e=1.2,h=1.0,n=30,start_thres=1.25,min_cluster_size=3",hub,0.25,10,7,40,1730,0,0,40,1730,0.0,0.0,0.0,0.0,0.1645055562257766
fbc_tfnbs,"e=1.2,h=2.0,n=30,start_thres=1.25,min_cluster_size=3",hub,0.25,10,7,40,1730,0,0,40,1730,0.0,0.0,0.0,0.0,0.1645055562257766
fbc_tfnbs,"e=1.2,h=3.0,n=30,start_thres=1.25,min_cluster_size=3",hub,0.25,10,7,40,1730,0,0,40,1730,0.0,0.0,0.0,0.0,0.1645055562257766
fbc_tfnbs,"e=1.2,h=4.0,n=30,start_thres=1.25,min_cluster_size=3",hub,0.25,10,7,40,1730,0,0,40,1730,0.0,0.0,0.0,0.0,0.1645055562257766
fbc_tfnbs,"e=1.2,h=5.0,n=30,start_thres=1.25,min_cluster_size=3",hub,0.25,10,7,40,1730,0,0,40,1730,0.0,0.0,0.0,0.0,0.1645055562257766
fbc_tfnbs,"e=1.2,h=6.0,n=30,start_thres=1.25,min_cluster_size=3",hub,0.25,10,7,40,1730,0,0,40,1730,0.0,0.0,0.0,0.0,0.1645055562257766
fbc_tfnbs,"e=1.2,h=7.0,n=30,start_thres=1.25,min_cluster_size=3",hub,0.25,10,7,40,1730,0,0,40,1730,0.0,0.0,0.0,0.0,0.1645055562257766
fbc_tfnbs,"e=1.2,h=8.0,n=30,start_thres=1.25,min_cluster_size=3",hub,0.25,10,7,40,1730,0,0,40,1730,0.0,0.0,0.0,0.0,0.1645055562257766
fbc_tfnbs,"e=1.2,h=9.0,n=30,start_thres=1.25,min_cluster_size=3",hub,0.25,10,7,40,1730,0,0,40,1730,0.0,0.0,0.0,0.0,0.1645055562257766
fbc_tfnbs,"e=1.2,h=10.0,n=30,start_thres=1.25,min_cluster_size=3",hub,0.25,10,7,40,1730,0,0,40,1730,0.0,0.0,0.0,0.0,0.1645055562257766
fbc_tfnbs,"e=1.3,h=0.5,n=30,start_thres=1.25,min_cluster_size=3",hub,0.25,10,7,40,1730,0,0,40,1730,0.0,0.0,0.0,0.0,0.1645055562257766
fbc_tfnbs,"e=1.3,h=1.0,n=30,start_thres=1.25,min_cluster_size=3",hub,0.25,10,7,40,1730,0,0,40,1730,0.0,0.0,0.0,0.0,0.1645055562257766
fbc_tfnbs,"e=1.3,h=2.0,n=30,start_thres=1.25,min_cluster_size=3",hub,0.25,10,7,40,1730,0,0,40,1730,0.0,0.0,0.0,0.0,0.1645055562257766
fbc_tfnbs,"e=1.3,h=3.0,n=30,start_thres=1.25,min_cluster_size=3",hub,0.25,10,7,40,1730,0,0,40,1730,0.0,0.0,0.0,0.0,0.1645055562257766
fbc_tfnbs,"e=1.3,h=4.0,n=30,start_thres=1.25,min_cluster_size=3",hub,0.25,10,7,40,1730,0,0,40,1730,0.0,0.0,0.0,0.0,0.1645055562257766
fbc_tfnbs,"e=1.3,h=5.0,n=30,start_thres=1.25,min_cluster_size=3",hub,0.25,10,7,40,1730,0,0,40,1730,0.0,0.0,0.0,0.0,0.1645055562257766
fbc_tfnbs,"e=1.3,h=6.0,n=30,start_thres=1.25,min_cluster_size=3",hub,0.25,10,7,40,1730,0,0,40,1730,0.0,0.0,0.0,0.0,0.1645055562257766
fbc_tfnbs,"e=1.3,h=7.0,n=30,start_thres=1.25,min_cluster_size=3",hub,0.25,10,7,40,1730,0,0,40,1730,0.0,0.0,0.0,0.0,0.1645055562257766
fbc_tfnbs,"e=1.3,h=8.0,n=30,start_thres=1.25,min_cluster_size=3",hub,0.25,10,7,40,1730,0,0,40,1730,0.0,0.0,0.0,0.0,0.1645055562257766
fbc_tfnbs,"e=1.3,h=9.0,n=30,start_thres=1.25,min_cluster_size=3",hub,0.25,10,7,40,1730,0,0,40,1730,0.0,0.0,0.0,0.0,0.1645055562257766
fbc_tfnbs,"e=1.3,h=10.0,n=30,start_thres=1.25,min_cluster_size=3",hub,0.25,10,7,40,1730,0,0,40,1730,0.0,0.0,0.0,0.0,0.1645055562257766
fbc_tfnbs,"e=1.4,h=0.5,n=30,start_thres=1.25,min_cluster_size=3",hub,0.25,10,7,40,1730,0,0,40,1730,0.0,0.0,0.0,0.0,0.1645055562257766
fbc_tfnbs,"e=1.4,h=1.0,n=30,start_thres=1.25,min_cluster_size=3",hub,0.25,10,7,40,1730,0,0,40,1730,0.0,0.0,0.0,0.0,0.1645055562257766
fbc_tfnbs,"e=1.4,h=2.0,n=30,start_thres=1.25,min_cluster_size=3",hub,0.25,10,7,40,1730,0,0,40,1730,0.0,0.0,0.0,0.0,0.1645055562257766
fbc_tfnbs,"e=1.4,h=3.0,n=30,start_thres=1.25,min_cluster_size=3",hub,0.25,10,7,40,1730,0,0,40,1730,0.0,0.0,0.0,0.0,0.1645055562257766
fbc_tfnbs,"e=1.4,h=4.0,n=30,start_thres=1.25,min_cluster_size=3",hub,0.25,10,7,40,1730,0,0,40,1730,0.0,0.0,0.0,0.0,0.1645055562257766
fbc_tfnbs,"e=1.4,h=5.0,n=30,start_thres=1.25,min_cluster_size=3",hub,0.25,10,7,40,1730,0,0,40,1730,0.0,0.0,0.0,0.0,0.1645055562257766
fbc_tfnbs,"e=1.4,h=6.0,n=30,start_thres=1.25,min_cluster_size=3",hub,0.25,10,7,40,1730,0,0,40,1730,0.0,0.0,0.0,0.0,0.1645055562257766
fbc_tfnbs,"e=1.4,h=7.0,n=30,start_thres=1.25,min_cluster_size=3",hub,0.25,10,7,40,1730,0,0,40,1730,0.0,0.0,0.0,0.0,0.1645055562257766
fbc_tfnbs,"e=1.4,h=8.0,n=30,start_thres=1.25,min_cluster_size=3",hub,0.25,10,7,40,1730,0,0,40,1730,0.0,0.0,0.0,0.0,0.1645055562257766
fbc_tfnbs,"e=1.4,h=9.0,n=30,start_thres=1.25,min_cluster_size=3",hub,0.25,10,7,40,1730,0,0,40,1730,0.0,0.0,0.0,0.0,0.1645055562257766
fbc_tfnbs,"e=1.4,h=10.0,n=30,start_thres=1.25,min_cluster_size=3",hub,0.25,10,7,40,1730,0,0,40,1730,0.0,0.0,0.0,0.0,0.1645055562257766
fbc_tfnbs,"e=1.5,h=0.5,n=30,start_thres=1.25,min_cluster_size=3",hub,0.25,10,7,40,1730,0,0,40,1730,0.0,0.0,0.0,0.0,0.1645055562257766
fbc_tfnbs,"e=1.5,h=1.0,n=30,start_thres=1.25,min_cluster_size=3",hub,0.25,10,7,40,1730,0,0,40,1730,0.0,0.0,0.0,0.0,0.1645055562257766
fbc_tfnbs,"e=1.5,h=2.0,n=30,start_thres=1.25,min_cluster_size=3",hub,0.25,10,7,40,1730,0,0,40,1730,0.0,0.0,0.0,0.0,0.1645055562257766
fbc_tfnbs,"e=1.5,h=3.0,n=30,start_thres=1.25,min_cluster_size=3",hub,0.25,10,7,40,1730,0,0,40,1730,0.0,0.0,0.0,0.0,0.1645055562257766
fbc_tfnbs,"e=1.5,h=4.0,n=30,start_thres=1.25,min_cluster_size=3",hub,0.25,10,7,40,1730,0,0,40,1730,0.0,0.0,0.0,0.0,0.1645055562257766
fbc_tfnbs,"e=1.5,h=5.0,n=30,start_thres=1.25,min_cluster_size=3",hub,0.25,10,7,40,1730,0,0,40,1730,0.0,0.0,0.0,0.0,0.1645055562257766
fbc_tfnbs,"e=1.5,h=6.0,n=30,start_thres=1.25,min_cluster_size=3",hub,0.25,10,7,40,1730,0,0,40,1730,0.0,0.0,0.0,0.0,0.1645055562257766
fbc_tfnbs,"e=1.5,h=7.0,n=30,start_thres=1.25,min_cluster_size=3",hub,0.25,10,7,40,1730,0,0,40,1730,0.0,0.0,0.0,0.0,0.1645055562257766
fbc_tfnbs,"e=1.5,h=8.0,n=30,start_thres=1.25,min_cluster_size=3",hub,0.25,10,7,40,1730,0,0,40,1730,0.0,0.0,0.0,0.0,0.1645055562257766
fbc_tfnbs,"e=1.5,h=9.0,n=30,start_thres=1.25,min_cluster_size=3",hub,0.25,10,7,40,1730,0,0,40,1730,0.0,0.0,0.0,0.0,0.1645055562257766
fbc_tfnbs,"e=1.5,h=10.0,n=30,start_thres=1.25,min_cluster_size=3",hub,0.25,10,7,40,1730,0,0,40,1730,0.0,0.0,0.0,0.0,0.1645055562257766
fbc_tfnbs,"e=0.05,h=0.5,n=30,start_thres=1.25,min_cluster_size=3",hub,0.25,10,8,40,1730,3,0,37,1730,0.075,0.0,1.0,0.0,0.1627918495373292
fbc_tfnbs,"e=0.05,h=1.0,n=30,start_thres=1.25,min_cluster_size=3",hub,0.25,10,8,40,1730,3,0,37,1730,0.075,0.0,1.0,0.0,0.1627918495373292
fbc_tfnbs,"e=0.05,h=2.0,n=30,start_thres=1.25,min_cluster_size=3",hub,0.25,10,8,40,1730,3,0,37,1730,0.075,0.0,1.0,0.0,0.1627918495373292
fbc_tfnbs,"e=0.05,h=3.0,n=30,start_thres=1.25,min_cluster_size=3",hub,0.25,10,8,40,1730,3,0,37,1730,0.075,0.0,1.0,0.0,0.1627918495373292
fbc_tfnbs,"e=0.05,h=4.0,n=30,start_thres=1.25,min_cluster_size=3",hub,0.25,10,8,40,1730,3,0,37,1730,0.075,0.0,1.0,0.0,0.1627918495373292
fbc_tfnbs,"e=0.05,h=5.0,n=30,start_thres=1.25,min_cluster_size=3",hub,0.25,10,8,40,1730,3,0,37,1730,0.075,0.0,1.0,0.0,0.1627918495373292
fbc_tfnbs,"e=0.05,h=6.0,n=30,start_thres=1.25,min_cluster_size=3",hub,0.25,10,8,40,1730,3,0,37,1730,0.075,0.0,1.0,0.0,0.1627918495373292
fbc_tfnbs,"e=0.05,h=7.0,n=30,start_thres=1.25,min_cluster_size=3",hub,0.25,10,8,40,1730,3,0,37,1730,0.075,0.0,1.0,0.0,0.1627918495373292
fbc_tfnbs,"e=0.05,h=8.0,n=30,start_thres=1.25,min_cluster_size=3",hub,0.25,10,8,40,1730,3,0,37,1730,0.075,0.0,1.0,0.0,0.1627918495373292
fbc_tfnbs,"e=0.05,h=9.0,n=30,start_thres=1.25,min_cluster_size=3",hub,0.25,10,8,40,1730,3,0,37,1730,0.075,0.0,1.0,0.0,0.1627918495373292
fbc_tfnbs,"e=0.05,h=10.0,n=30,start_thres=1.25,min_cluster_size=3",hub,0.25,10,8,40,1730,3,0,37,1730,0.075,0.0,1.0,0.0,0.1627918495373292
fbc_tfnbs,"e=0.1,h=0.5,n=30,start_thres=1.25,min_cluster_size=3",hub,0.25,10,8,40,1730,3,0,37,1730,0.075,0.0,1.0,0.0,0.1627918495373292
fbc_tfnbs,"e=0.1,h=1.0,n=30,start_thres=1.25,min_cluster_size=3",hub,0.25,10,8,40,1730,3,0,37,1730,0.075,0.0,1.0,0.0,0.1627918495373292
fbc_tfnbs,"e=0.1,h=2.0,n=30,start_thres=1.25,min_cluster_size=3",hub,0.25,10,8,40,1730,3,0,37,1730,0.075,0.0,1.0,0.0,0.1627918495373292
fbc_tfnbs,"e=0.1,h=3.0,n=30,start_thres=1.25,min_cluster_size=3",hub,0.25,10,8,40,1730,3,0,37,1730,0.075,0.0,1.0,0.0,0.1627918495373292
fbc_tfnbs,"e=0.1,h=4.0,n=30,start_thres=1.25,min_cluster_size=3",hub,0.25,10,8,40,1730,3,0,37,1730,0.075,0.0,1.0,0.0,0.1627918495373292
fbc_tfnbs,"e=0.1,h=5.0,n=30,start_thres=1.25,min_cluster_size=3",hub,0.25,10,8,40,1730,3,0,37,1730,0.075,0.0,1.0,0.0,0.1627918495373292
fbc_tfnbs,"e=0.1,h=6.0,n=30,start_thres=1.25,min_cluster_size=3",hub,0.25,10,8,40,1730,3,0,37,1730,0.075,0.0,1.0,0.0,0.1627918495373292
fbc_tfnbs,"e=0.1,h=7.0,n=30,start_thres=1.25,min_cluster_size=3",hub,0.25,10,8,40,1730,3,0,37,1730,0.075,0.0,1.0,0.0,0.1627918495373292
fbc_tfnbs,"e=0.1,h=8.0,n=30,start_thres=1.25,min_cluster_size=3",hub,0.25,10,8,40,1730,3,0,37,1730,0.075,0.0,1.0,0.0,0.1627918495373292
fbc_tfnbs,"e=0.1,h=9.0,n=30,start_thres=1.25,min_cluster_size=3",hub,0.25,10,8,40,1730,3,0,37,1730,0.075,0.0,1.0,0.0,0.1627918495373292
fbc_tfnbs,"e=0.1,h=10.0,n=30,start_thres=1.25,min_cluster_size=3",hub,0.25,10,8,40,1730,3,0,37,1730,0.075,0.0,1.0,0.0,0.1627918495373292
fbc_tfnbs,"e=0.2,h=0.5,n=30,start_thres=1.25,min_cluster_size=3",hub,0.25,10,8,40,1730,3,0,37,1730,0.075,0.0,1.0,0.0,0.1627918495373292
fbc_tfnbs,"e=0.2,h=1.0,n=30,start_thres=1.25,min_cluster_size=3",hub,0.25,10,8,40,1730,3,0,37,1730,0.075,0.0,1.0,0.0,0.1627918495373292
fbc_tfnbs,"e=0.2,h=2.0,n=30,start_thres=1.25,min_cluster_size=3",hub,0.25,10,8,40,1730,3,0,37,1730,0.075,0.0,1.0,0.0,0.1627918495373292
fbc_tfnbs,"e=0.2,h=3.0,n=30,start_thres=1.25,min_cluster_size=3",hub,0.25,10,8,40,1730,3,0,37,1730,0.075,0.0,1.0,0.0,0.1627918495373292
fbc_tfnbs,"e=0.2,h=4.0,n=30,start_thres=1.25,min_cluster_size=3",hub,0.25,10,8,40,1730,3,0,37,1730,0.075,0.0,1.0,0.0,0.1627918495373292
fbc_tfnbs,"e=0.2,h=5.0,n=30,start_thres=1.25,min_cluster_size=3",hub,0.25,10,8,40,1730,3,0,37,1730,0.075,0.0,1.0,0.0,0.1627918495373292
fbc_tfnbs,"e=0.2,h=6.0,n=30,start_thres=1.25,min_cluster_size=3",hub,0.25,10,8,40,1730,3,0,37,1730,0.075,0.0,1.0,0.0,0.1627918495373292
fbc_tfnbs,"e=0.2,h=7.0,n=30,start_thres=1.25,min_cluster_size=3",hub,0.25,10,8,40,1730,3,0,37,1730,0.075,0.0,1.0,0.0,0.1627918495373292
fbc_tfnbs,"e=0.2,h=8.0,n=30,start_thres=1.25,min_cluster_size=3",hub,0.25,10,8,40,1730,3,0,37,1730,0.075,0.0,1.0,0.0,0.1627918495373292
fbc_tfnbs,"e=0.2,h=9.0,n=30,start_thres=1.25,min_cluster_size=3",hub,0.25,10,8,40,1730,3,0,37,1730,0.075,0.0,1.0,0.0,0.1627918495373292
fbc_tfnbs,"e=0.2,h=10.0,n=30,start_thres=1.25,min_cluster_size=3",hub,0.25,10,8,40,1730,3,0,37,1730,0.075,0.0,1.0,0.0,0.1627918495373292
fbc_tfnbs,"e=0.3,h=0.5,n=30,start_thres=1.25,min_cluster_size=3",hub,0.25,10,8,40,1730,3,0,37,1730,0.075,0.0,1.0,0.0,0.1627918495373292
fbc_tfnbs,"e=0.3,h=1.0,n=30,start_thres=1.25,min_cluster_size=3",hub,0.25,10,8,40,1730,3,0,37,1730,0.075,0.0,1.0,0.0,0.1627918495373292
fbc_tfnbs,"e=0.3,h=2.0,n=30,start_thres=1.25,min_cluster_size=3",hub,0.25,10,8,40,1730,3,0,37,1730,0.075,0.0,1.0,0.0,0.1627918495373292
fbc_tfnbs,"e=0.3,h=3.0,n=30,start_thres=1.25,min_cluster_size=3",hub,0.25,10,8,40,1730,4,0,36,1730,0.1,0.0,1.0,0.0,0.1627918495373292
fbc_tfnbs,"e=0.3,h=4.0,n=30,start_thres=1.25,min_cluster_size=3",hub,0.25,10,8,40,1730,4,0,36,1730,0.1,0.0,1.0,0.0,0.1627918495373292
fbc_tfnbs,"e=0.3,h=5.0,n=30,start_thres=1.25,min_cluster_size=3",hub,0.25,10,8,40,1730,4,0,36,1730,0.1,0.0,1.0,0.0,0.1627918495373292
fbc_tfnbs,"e=0.3,h=6.0,n=30,start_thres=1.25,min_cluster_size=3",hub,0.25,10,8,40,1730,4,0,36,1730,0.1,0.0,1.0,0.0,0.1627918495373292
fbc_tfnbs,"e=0.3,h=7.0,n=30,start_thres=1.25,min_cluster_size=3",hub,0.25,10,8,40,1730,4,0,36,1730,0.1,0.0,1.0,0.0,0.1627918495373292
fbc_tfnbs,"e=0.3,h=8.0,n=30,start_thres=1.25,min_cluster_size=3",hub,0.25,10,8,40,1730,3,0,37,1730,0.075,0.0,1.0,0.0,0.1627918495373292
fbc_tfnbs,"e=0.3,h=9.0,n=30,start_thres=1.25,min_cluster_size=3",hub,0.25,10,8,40,1730,3,0,37,1730,0.075,0.0,1.0,0.0,0.1627918495373292
fbc_tfnbs,"e=0.3,h=10.0,n=30,start_thres=1.25,min_cluster_size=3",hub,0.25,10,8,40,1730,3,0,37,1730,0.075,0.0,1.0,0.0,0.1627918495373292
fbc_tfnbs,"e=0.4,h=0.5,n=30,start_thres=1.25,min_cluster_size=3",hub,0.25,10,8,40,1730,1,4,39,1726,0.025,0.0023121387283236,0.2,0.8,0.1627918495373292
fbc_tfnbs,"e=0.4,h=1.0,n=30,start_thres=1.25,min_cluster_size=3",hub,0.25,10,8,40,1730,4,4,36,1726,0.1,0.0023121387283236,0.5,0.5,0.1627918495373292
fbc_tfnbs,"e=0.4,h=2.0,n=30,start_thres=1.25,min_cluster_size=3",hub,0.25,10,8,40,1730,3,0,37,1730,0.075,0.0,1.0,0.0,0.1627918495373292
fbc_tfnbs,"e=0.4,h=3.0,n=30,start_thres=1.25,min_cluster_size=3",hub,0.25,10,8,40,1730,4,0,36,1730,0.1,0.0,1.0,0.0,0.1627918495373292
fbc_tfnbs,"e=0.4,h=4.0,n=30,start_thres=1.25,min_cluster_size=3",hub,0.25,10,8,40,1730,4,0,36,1730,0.1,0.0,1.0,0.0,0.1627918495373292
fbc_tfnbs,"e=0.4,h=5.0,n=30,start_thres=1.25,min_cluster_size=3",hub,0.25,10,8,40,1730,4,0,36,1730,0.1,0.0,1.0,0.0,0.1627918495373292
fbc_tfnbs,"e=0.4,h=6.0,n=30,start_thres=1.25,min_cluster_size=3",hub,0.25,10,8,40,1730,4,0,36,1730,0.1,0.0,1.0,0.0,0.1627918495373292
fbc_tfnbs,"e=0.4,h=7.0,n=30,start_thres=1.25,min_cluster_size=3",hub,0.25,10,8,40,1730,4,0,36,1730,0.1,0.0,1.0,0.0,0.1627918495373292
fbc_tfnbs,"e=0.4,h=8.0,n=30,start_thres=1.25,min_cluster_size=3",hub,0.25,10,8,40,1730,4,0,36,1730,0.1,0.0,1.0,0.0,0.1627918495373292
fbc_tfnbs,"e=0.4,h=9.0,n=30,start_thres=1.25,min_cluster_size=3",hub,0.25,10,8,40,1730,4,0,36,1730,0.1,0.0,1.0,0.0,0.1627918495373292
fbc_tfnbs,"e=0.4,h=10.0,n=30,start_thres=1.25,min_cluster_size=3",hub,0.25,10,8,40,1730,4,0,36,1730,0.1,0.0,1.0,0.0,0.1627918495373292
fbc_tfnbs,"e=0.5,h=0.5,n=30,start_thres=1.25,min_cluster_size=3",hub,0.25,10,8,40,1730,1,4,39,1726,0.025,0.0023121387283236,0.2,0.8,0.1627918495373292
fbc_tfnbs,"e=0.5,h=1.0,n=30,start_thres=1.25,min_cluster_size=3",hub,0.25,10,8,40,1730,1,4,39,1726,0.025,0.0023121387283236,0.2,0.8,0.1627918495373292
fbc_tfnbs,"e=0.5,h=2.0,n=30,start_thres=1.25,min_cluster_size=3",hub,0.25,10,8,40,1730,4,4,36,1726,0.1,0.0023121387283236,0.5,0.5,0.1627918495373292
fbc_tfnbs,"e=0.5,h=3.0,n=30,start_thres=1.25,min_cluster_size=3",hub,0.25,10,8,40,1730,3,0,37,1730,0.075,0.0,1.0,0.0,0.1627918495373292
fbc_tfnbs,"e=0.5,h=4.0,n=30,start_thres=1.25,min_cluster_size=3",hub,0.25,10,8,40,1730,4,0,36,1730,0.1,0.0,1.0,0.0,0.1627918495373292
fbc_tfnbs,"e=0.5,h=5.0,n=30,start_thres=1.25,min_cluster_size=3",hub,0.25,10,8,40,1730,4,0,36,1730,0.1,0.0,1.0,0.0,0.1627918495373292
fbc_tfnbs,"e=0.5,h=6.0,n=30,start_thres=1.25,min_cluster_size=3",hub,0.25,10,8,40,1730,4,0,36,1730,0.1,0.0,1.0,0.0,0.1627918495373292
fbc_tfnbs,"e=0.5,h=7.0,n=30,start_thres=1.25,min_cluster_size=3",hub,0.25,10,8,40,1730,4,0,36,1730,0.1,0.0,1.0,0.0,0.1627918495373292
fbc_tfnbs,"e=0.5,h=8.0,n=30,start_thres=1.25,min_cluster_size=3",hub,0.25,10,8,40,1730,4,0,36,1730,0.1,0.0,1.0,0.0,0.1627918495373292
fbc_tfnbs,"e=0.5,h=9.0,n=30,start_thres=1.25,min_cluster_size=3",hub,0.25,10,8,40,1730,4,0,36,1730,0.1,0.0,1.0,0.0,0.1627918495373292
fbc_tfnbs,"e=0.5,h=10.0,n=30,start_thres=1.25,min_cluster_size=3",hub,0.25,10,8,40,1730,4,0,36,1730,0.1,0.0,1.0,0.0,0.1627918495373292
fbc_tfnbs,"e=0.6,h=0.5,n=30,start_thres=1.25,min_cluster_size=3",hub,0.25,10,8,40,1730,1,4,39,1726,0.025,0.0023121387283236,0.2,0.8,0.1627918495373292
fbc_tfnbs,"e=0.6,h=1.0,n=30,start_thres=1.25,min_cluster_size=3",hub,0.25,10,8,40,1730,1,4,39,1726,0.025,0.0023121387283236,0.2,0.8,0.1627918495373292
fbc_tfnbs,"e=0.6,h=2.0,n=30,start_thres=1.25,min_cluster_size=3",hub,0.25,10,8,40,1730,4,4,36,1726,0.1,0.0023121387283236,0.5,0.5,0.1627918495373292
fbc_tfnbs,"e=0.6,h=3.0,n=30,start_thres=1.25,min_cluster_size=3",hub,0.25,10,8,40,1730,4,4,36,1726,0.1,0.0023121387283236,0.5,0.5,0.1627918495373292
fbc_tfnbs,"e=0.6,h=4.0,n=30,start_thres=1.25,min_cluster_size=3",hub,0.25,10,8,40,1730,5,4,35,1726,0.125,0.0023121387283236,0.5555555555555556,0.4444444444444444,0.1627918495373292
fbc_tfnbs,"e=0.6,h=5.0,n=30,start_thres=1.25,min_cluster_size=3",hub,0.25,10,8,40,1730,4,0,36,1730,0.1,0.0,1.0,0.0,0.1627918495373292
fbc_tfnbs,"e=0.6,h=6.0,n=30,start_thres=1.25,min_cluster_size=3",hub,0.25,10,8,40,1730,4,0,36,1730,0.1,0.0,1.0,0.0,0.1627918495373292
fbc_tfnbs,"e=0.6,h=7.0,n=30,start_thres=1.25,min_cluster_size=3",hub,0.25,10,8,40,1730,4,0,36,1730,0.1,0.0,1.0,0.0,0.1627918495373292
fbc_tfnbs,"e=0.6,h=8.0,n=30,start_thres=1.25,min_cluster_size=3",hub,0.25,10,8,40,1730,4,0,36,1730,0.1,0.0,1.0,0.0,0.1627918495373292
fbc_tfnbs,"e=0.6,h=9.0,n=30,start_thres=1.25,min_cluster_size=3",hub,0.25,10,8,40,1730,4,0,36,1730,0.1,0.0,1.0,0.0,0.1627918495373292
fbc_tfnbs,"e=0.6,h=10.0,n=30,start_thres=1.25,min_cluster_size=3",hub,0.25,10,8,40,1730,4,0,36,1730,0.1,0.0,1.0,0.0,0.1627918495373292
fbc_tfnbs,"e=0.7,h=0.5,n=30,start_thres=1.25,min_cluster_size=3",hub,0.25,10,8,40,1730,1,4,39,1726,0.025,0.0023121387283236,0.2,0.8,0.1627918495373292
fbc_tfnbs,"e=0.7,h=1.0,n=30,start_thres=1.25,min_cluster_size=3",hub,0.25,10,8,40,1730,1,4,39,1726,0.025,0.0023121387283236,0.2,0.8,0.1627918495373292
fbc_tfnbs,"e=0.7,h=2.0,n=30,start_thres=1.25,min_cluster_size=3",hub,0.25,10,8,40,1730,1,4,39,1726,0.025,0.0023121387283236,0.2,0.8,0.1627918495373292
fbc_tfnbs,"e=0.7,h=3.0,n=30,start_thres=1.25,min_cluster_size=3",hub,0.25,10,8,40,1730,4,4,36,1726,0.1,0.0023121387283236,0.5,0.5,0.1627918495373292
fbc_tfnbs,"e=0.7,h=4.0,n=30,start_thres=1.25,min_cluster_size=3",hub,0.25,10,8,40,1730,5,4,35,1726,0.125,0.0023121387283236,0.5555555555555556,0.4444444444444444,0.1627918495373292
fbc_tfnbs,"e=0.7,h=5.0,n=30,start_thres=1.25,min_cluster_size=3",hub,0.25,10,8,40,1730,4,0,36,1730,0.1,0.0,1.0,0.0,0.1627918495373292
fbc_tfnbs,"e=0.7,h=6.0,n=30,start_thres=1.25,min_cluster_size=3",hub,0.25,10,8,40,1730,4,0,36,1730,0.1,0.0,1.0,0.0,0.1627918495373292
fbc_tfnbs,"e=0.7,h=7.0,n=30,start_thres=1.25,min_cluster_size=3",hub,0.25,10,8,40,1730,4,0,36,1730,0.1,0.0,1.0,0.0,0.1627918495373292
fbc_tfnbs,"e=0.7,h=8.0,n=30,start_thres=1.25,min_cluster_size=3",hub,0.25,10,8,40,1730,4,0,36,1730,0.1,0.0,1.0,0.0,0.1627918495373292
fbc_tfnbs,"e=0.7,h=9.0,n=30,start_thres=1.25,min_cluster_size=3",hub,0.25,10,8,40,1730,4,0,36,1730,0.1,0.0,1.0,0.0,0.1627918495373292
fbc_tfnbs,"e=0.7,h=10.0,n=30,start_thres=1.25,min_cluster_size=3",hub,0.25,10,8,40,1730,4,0,36,1730,0.1,0.0,1.0,0.0,0.1627918495373292
fbc_tfnbs,"e=0.8,h=0.5,n=30,start_thres=1.25,min_cluster_size=3",hub,0.25,10,8,40,1730,1,5,39,1725,0.025,0.0028901734104046,0.1666666666666666,0.8333333333333334,0.1627918495373292
fbc_tfnbs,"e=0.8,h=1.0,n=30,start_thres=1.25,min_cluster_size=3",hub,0.25,10,8,40,1730,1,4,39,1726,0.025,0.0023121387283236,0.2,0.8,0.1627918495373292
fbc_tfnbs,"e=0.8,h=2.0,n=30,start_thres=1.25,min_cluster_size=3",hub,0.25,10,8,40,1730,1,4,39,1726,0.025,0.0023121387283236,0.2,0.8,0.1627918495373292
fbc_tfnbs,"e=0.8,h=3.0,n=30,start_thres=1.25,min_cluster_size=3",hub,0.25,10,8,40,1730,4,4,36,1726,0.1,0.0023121387283236,0.5,0.5,0.1627918495373292
fbc_tfnbs,"e=0.8,h=4.0,n=30,start_thres=1.25,min_cluster_size=3",hub,0.25,10,8,40,1730,5,4,35,1726,0.125,0.0023121387283236,0.5555555555555556,0.4444444444444444,0.1627918495373292
fbc_tfnbs,"e=0.8,h=5.0,n=30,start_thres=1.25,min_cluster_size=3",hub,0.25,10,8,40,1730,5,4,35,1726,0.125,0.0023121387283236,0.5555555555555556,0.4444444444444444,0.1627918495373292
fbc_tfnbs,"e=0.8,h=6.0,n=30,start_thres=1.25,min_cluster_size=3",hub,0.25,10,8,40,1730,5,4,35,1726,0.125,0.0023121387283236,0.5555555555555556,0.4444444444444444,0.1627918495373292
fbc_tfnbs,"e=0.8,h=7.0,n=30,start_thres=1.25,min_cluster_size=3",hub,0.25,10,8,40,1730,4,0,36,1730,0.1,0.0,1.0,0.0,0.1627918495373292
fbc_tfnbs,"e=0.8,h=8.0,n=30,start_thres=1.25,min_cluster_size=3",hub,0.25,10,8,40,1730,4,0,36,1730,0.1,0.0,1.0,0.0,0.1627918495373292
fbc_tfnbs,"e=0.8,h=9.0,n=30,start_thres=1.25,min_cluster_size=3",hub,0.25,10,8,40,1730,4,0,36,1730,0.1,0.0,1.0,0.0,0.1627918495373292
fbc_tfnbs,"e=0.8,h=10.0,n=30,start_thres=1.25,min_cluster_size=3",hub,0.25,10,8,40,1730,4,0,36,1730,0.1,0.0,1.0,0.0,0.1627918495373292
fbc_tfnbs,"e=0.9,h=0.5,n=30,start_thres=1.25,min_cluster_size=3",hub,0.25,10,8,40,1730,1,5,39,1725,0.025,0.0028901734104046,0.1666666666666666,0.8333333333333334,0.1627918495373292
fbc_tfnbs,"e=0.9,h=1.0,n=30,start_thres=1.25,min_cluster_size=3",hub,0.25,10,8,40,1730,1,5,39,1725,0.025,0.0028901734104046,0.1666666666666666,0.8333333333333334,0.1627918495373292
fbc_tfnbs,"e=0.9,h=2.0,n=30,start_thres=1.25,min_cluster_size=3",hub,0.25,10,8,40,1730,1,5,39,1725,0.025,0.0028901734104046,0.1666666666666666,0.8333333333333334,0.1627918495373292
fbc_tfnbs,"e=0.9,h=3.0,n=30,start_thres=1.25,min_cluster_size=3",hub,0.25,10,8,40,1730,1,5,39,1725,0.025,0.0028901734104046,0.1666666666666666,0.8333333333333334,0.1627918495373292
fbc_tfnbs,"e=0.9,h=4.0,n=30,start_thres=1.25,min_cluster_size=3",hub,0.25,10,8,40,1730,4,4,36,1726,0.1,0.0023121387283236,0.5,0.5,0.1627918495373292
fbc_tfnbs,"e=0.9,h=5.0,n=30,start_thres=1.25,min_cluster_size=3",hub,0.25,10,8,40,1730,5,4,35,1726,0.125,0.0023121387283236,0.5555555555555556,0.4444444444444444,0.1627918495373292
fbc_tfnbs,"e=0.9,h=6.0,n=30,start_thres=1.25,min_cluster_size=3",hub,0.25,10,8,40,1730,5,4,35,1726,0.125,0.0023121387283236,0.5555555555555556,0.4444444444444444,0.1627918495373292
fbc_tfnbs,"e=0.9,h=7.0,n=30,start_thres=1.25,min_cluster_size=3",hub,0.25,10,8,40,1730,5,4,35,1726,0.125,0.0023121387283236,0.5555555555555556,0.4444444444444444,0.1627918495373292
fbc_tfnbs,"e=0.9,h=8.0,n=30,start_thres=1.25,min_cluster_size=3",hub,0.25,10,8,40,1730,4,0,36,1730,0.1,0.0,1.0,0.0,0.1627918495373292
fbc_tfnbs,"e=0.9,h=9.0,n=30,start_thres=1.25,min_cluster_size=3",hub,0.25,10,8,40,1730,4,0,36,1730,0.1,0.0,1.0,0.0,0.1627918495373292
fbc_tfnbs,"e=0.9,h=10.0,n=30,start_thres=1.25,min_cluster_size=3",hub,0.25,10,8,40,1730,4,0,36,1730,0.1,0.0,1.0,0.0,0.1627918495373292
fbc_tfnbs,"e=1.0,h=0.5,n=30,start_thres=1.25,min_cluster_size=3",hub,0.25,10,8,40,1730,1,5,39,1725,0.025,0.0028901734104046,0.1666666666666666,0.8333333333333334,0.1627918495373292
fbc_tfnbs,"e=1.0,h=1.0,n=30,start_thres=1.25,min_cluster_size=3",hub,0.25,10,8,40,1730,1,5,39,1725,0.025,0.0028901734104046,0.1666666666666666,0.8333333333333334,0.1627918495373292
fbc_tfnbs,"e=1.0,h=2.0,n=30,start_thres=1.25,min_cluster_size=3",hub,0.25,10,8,40,1730,1,5,39,1725,0.025,0.0028901734104046,0.1666666666666666,0.8333333333333334,0.1627918495373292
fbc_tfnbs,"e=1.0,h=3.0,n=30,start_thres=1.25,min_cluster_size=3",hub,0.25,10,8,40,1730,1,5,39,1725,0.025,0.0028901734104046,0.1666666666666666,0.8333333333333334,0.1627918495373292
fbc_tfnbs,"e=1.0,h=4.0,n=30,start_thres=1.25,min_cluster_size=3",hub,0.25,10,8,40,1730,4,5,36,1725,0.1,0.0028901734104046,0.4444444444444444,0.5555555555555556,0.1627918495373292
fbc_tfnbs,"e=1.0,h=5.0,n=30,start_thres=1.25,min_cluster_size=3",hub,0.25,10,8,40,1730,5,4,35,1726,0.125,0.0023121387283236,0.5555555555555556,0.4444444444444444,0.1627918495373292
fbc_tfnbs,"e=1.0,h=6.0,n=30,start_thres=1.25,min_cluster_size=3",hub,0.25,10,8,40,1730,5,4,35,1726,0.125,0.0023121387283236,0.5555555555555556,0.4444444444444444,0.1627918495373292
fbc_tfnbs,"e=1.0,h=7.0,n=30,start_thres=1.25,min_cluster_size=3",hub,0.25,10,8,40,1730,5,4,35,1726,0.125,0.0023121387283236,0.5555555555555556,0.4444444444444444,0.1627918495373292
fbc_tfnbs,"e=1.0,h=8.0,n=30,start_thres=1.25,min_cluster_size=3",hub,0.25,10,8,40,1730,5,4,35,1726,0.125,0.0023121387283236,0.5555555555555556,0.4444444444444444,0.1627918495373292
fbc_tfnbs,"e=1.0,h=9.0,n=30,start_thres=1.25,min_cluster_size=3",hub,0.25,10,8,40,1730,4,0,36,1730,0.1,0.0,1.0,0.0,0.1627918495373292
fbc_tfnbs,"e=1.0,h=10.0,n=30,start_thres=1.25,min_cluster_size=3",hub,0.25,10,8,40,1730,4,0,36,1730,0.1,0.0,1.0,0.0,0.1627918495373292
fbc_tfnbs,"e=1.1,h=0.5,n=30,start_thres=1.25,min_cluster_size=3",hub,0.25,10,8,40,1730,1,5,39,1725,0.025,0.0028901734104046,0.1666666666666666,0.8333333333333334,0.1627918495373292
fbc_tfnbs,"e=1.1,h=1.0,n=30,start_thres=1.25,min_cluster_size=3",hub,0.25,10,8,40,1730,1,5,39,1725,0.025,0.0028901734104046,0.1666666666666666,0.8333333333333334,0.1627918495373292
fbc_tfnbs,"e=1.1,h=2.0,n=30,start_thres=1.25,min_cluster_size=3",hub,0.25,10,8,40,1730,1,5,39,1725,0.025,0.0028901734104046,0.1666666666666666,0.8333333333333334,0.1627918495373292
fbc_tfnbs,"e=1.1,h=3.0,n=30,start_thres=1.25,min_cluster_size=3",hub,0.25,10,8,40,1730,1,5,39,1725,0.025,0.0028901734104046,0.1666666666666666,0.8333333333333334,0.1627918495373292
fbc_tfnbs,"e=1.1,h=4.0,n=30,start_thres=1.25,min_cluster_size=3",hub,0.25,10,8,40,1730,4,5,36,1725,0.1,0.0028901734104046,0.4444444444444444,0.5555555555555556,0.1627918495373292
fbc_tfnbs,"e=1.1,h=5.0,n=30,start_thres=1.25,min_cluster_size=3",hub,0.25,10,8,40,1730,4,4,36,1726,0.1,0.0023121387283236,0.5,0.5,0.1627918495373292
fbc_tfnbs,"e=1.1,h=6.0,n=30,start_thres=1.25,min_cluster_size=3",hub,0.25,10,8,40,1730,5,4,35,1726,0.125,0.0023121387283236,0.5555555555555556,0.4444444444444444,0.1627918495373292
fbc_tfnbs,"e=1.1,h=7.0,n=30,start_thres=1.25,min_cluster_size=3",hub,0.25,10,8,40,1730,5,4,35,1726,0.125,0.0023121387283236,0.5555555555555556,0.4444444444444444,0.1627918495373292
fbc_tfnbs,"e=1.1,h=8.0,n=30,start_thres=1.25,min_cluster_size=3",hub,0.25,10,8,40,1730,5,4,35,1726,0.125,0.0023121387283236,0.5555555555555556,0.4444444444444444,0.1627918495373292
fbc_tfnbs,"e=1.1,h=9.0,n=30,start_thres=1.25,min_cluster_size=3",hub,0.25,10,8,40,1730,4,0,36,1730,0.1,0.0,1.0,0.0,0.1627918495373292
fbc_tfnbs,"e=1.1,h=10.0,n=30,start_thres=1.25,min_cluster_size=3",hub,0.25,10,8,40,1730,4,0,36,1730,0.1,0.0,1.0,0.0,0.1627918495373292
fbc_tfnbs,"e=1.2,h=0.5,n=30,start_thres=1.25,min_cluster_size=3",hub,0.25,10,8,40,1730,1,5,39,1725,0.025,0.0028901734104046,0.1666666666666666,0.8333333333333334,0.1627918495373292
fbc_tfnbs,"e=1.2,h=1.0,n=30,start_thres=1.25,min_cluster_size=3",hub,0.25,10,8,40,1730,1,5,39,1725,0.025,0.0028901734104046,0.1666666666666666,0.8333333333333334,0.1627918495373292
fbc_tfnbs,"e=1.2,h=2.0,n=30,start_thres=1.25,min_cluster_size=3",hub,0.25,10,8,40,1730,1,5,39,1725,0.025,0.0028901734104046,0.1666666666666666,0.8333333333333334,0.1627918495373292
fbc_tfnbs,"e=1.2,h=3.0,n=30,start_thres=1.25,min_cluster_size=3",hub,0.25,10,8,40,1730,1,5,39,1725,0.025,0.0028901734104046,0.1666666666666666,0.8333333333333334,0.1627918495373292
fbc_tfnbs,"e=1.2,h=4.0,n=30,start_thres=1.25,min_cluster_size=3",hub,0.25,10,8,40,1730,1,5,39,1725,0.025,0.0028901734104046,0.1666666666666666,0.8333333333333334,0.1627918495373292
fbc_tfnbs,"e=1.2,h=5.0,n=30,start_thres=1.25,min_cluster_size=3",hub,0.25,10,8,40,1730,4,5,36,1725,0.1,0.0028901734104046,0.4444444444444444,0.5555555555555556,0.1627918495373292
fbc_tfnbs,"e=1.2,h=6.0,n=30,start_thres=1.25,min_cluster_size=3",hub,0.25,10,8,40,1730,5,4,35,1726,0.125,0.0023121387283236,0.5555555555555556,0.4444444444444444,0.1627918495373292
fbc_tfnbs,"e=1.2,h=7.0,n=30,start_thres=1.25,min_cluster_size=3",hub,0.25,10,8,40,1730,5,4,35,1726,0.125,0.0023121387283236,0.5555555555555556,0.4444444444444444,0.1627918495373292
fbc_tfnbs,"e=1.2,h=8.0,n=30,start_thres=1.25,min_cluster_size=3",hub,0.25,10,8,40,1730,5,4,35,1726,0.125,0.0023121387283236,0.5555555555555556,0.4444444444444444,0.1627918495373292
fbc_tfnbs,"e=1.2,h=9.0,n=30,start_thres=1.25,min_cluster_size=3",hub,0.25,10,8,40,1730,5,4,35,1726,0.125,0.0023121387283236,0.5555555555555556,0.4444444444444444,0.1627918495373292
fbc_tfnbs,"e=1.2,h=10.0,n=30,start_thres=1.25,min_cluster_size=3",hub,0.25,10,8,40,1730,4,0,36,1730,0.1,0.0,1.0,0.0,0.1627918495373292
fbc_tfnbs,"e=1.3,h=0.5,n=30,start_thres=1.25,min_cluster_size=3",hub,0.25,10,8,40,1730,1,6,39,1724,0.025,0.0034682080924855,0.1428571428571428,0.8571428571428571,0.1627918495373292
fbc_tfnbs,"e=1.3,h=1.0,n=30,start_thres=1.25,min_cluster_size=3",hub,0.25,10,8,40,1730,1,5,39,1725,0.025,0.0028901734104046,0.1666666666666666,0.8333333333333334,0.1627918495373292
fbc_tfnbs,"e=1.3,h=2.0,n=30,start_thres=1.25,min_cluster_size=3",hub,0.25,10,8,40,1730,1,6,39,1724,0.025,0.0034682080924855,0.1428571428571428,0.8571428571428571,0.1627918495373292
fbc_tfnbs,"e=1.3,h=3.0,n=30,start_thres=1.25,min_cluster_size=3",hub,0.25,10,8,40,1730,1,5,39,1725,0.025,0.0028901734104046,0.1666666666666666,0.8333333333333334,0.1627918495373292
fbc_tfnbs,"e=1.3,h=4.0,n=30,start_thres=1.25,min_cluster_size=3",hub,0.25,10,8,40,1730,1,5,39,1725,0.025,0.0028901734104046,0.1666666666666666,0.8333333333333334,0.1627918495373292
fbc_tfnbs,"e=1.3,h=5.0,n=30,start_thres=1.25,min_cluster_size=3",hub,0.25,10,8,40,1730,4,5,36,1725,0.1,0.0028901734104046,0.4444444444444444,0.5555555555555556,0.1627918495373292
fbc_tfnbs,"e=1.3,h=6.0,n=30,start_thres=1.25,min_cluster_size=3",hub,0.25,10,8,40,1730,5,5,35,1725,0.125,0.0028901734104046,0.5,0.5,0.1627918495373292
fbc_tfnbs,"e=1.3,h=7.0,n=30,start_thres=1.25,min_cluster_size=3",hub,0.25,10,8,40,1730,5,4,35,1726,0.125,0.0023121387283236,0.5555555555555556,0.4444444444444444,0.1627918495373292
fbc_tfnbs,"e=1.3,h=8.0,n=30,start_thres=1.25,min_cluster_size=3",hub,0.25,10,8,40,1730,5,4,35,1726,0.125,0.0023121387283236,0.5555555555555556,0.4444444444444444,0.1627918495373292
fbc_tfnbs,"e=1.3,h=9.0,n=30,start_thres=1.25,min_cluster_size=3",hub,0.25,10,8,40,1730,5,4,35,1726,0.125,0.0023121387283236,0.5555555555555556,0.4444444444444444,0.1627918495373292
fbc_tfnbs,"e=1.3,h=10.0,n=30,start_thres=1.25,min_cluster_size=3",hub,0.25,10,8,40,1730,5,4,35,1726,0.125,0.0023121387283236,0.5555555555555556,0.4444444444444444,0.1627918495373292
fbc_tfnbs,"e=1.4,h=0.5,n=30,start_thres=1.25,min_cluster_size=3",hub,0.25,10,8,40,1730,1,6,39,1724,0.025,0.0034682080924855,0.1428571428571428,0.8571428571428571,0.1627918495373292
fbc_tfnbs,"e=1.4,h=1.0,n=30,start_thres=1.25,min_cluster_size=3",hub,0.25,10,8,40,1730,1,6,39,1724,0.025,0.0034682080924855,0.1428571428571428,0.8571428571428571,0.1627918495373292
fbc_tfnbs,"e=1.4,h=2.0,n=30,start_thres=1.25,min_cluster_size=3",hub,0.25,10,8,40,1730,1,6,39,1724,0.025,0.0034682080924855,0.1428571428571428,0.8571428571428571,0.1627918495373292
fbc_tfnbs,"e=1.4,h=3.0,n=30,start_thres=1.25,min_cluster_size=3",hub,0.25,10,8,40,1730,1,6,39,1724,0.025,0.0034682080924855,0.1428571428571428,0.8571428571428571,0.1627918495373292
fbc_tfnbs,"e=1.4,h=4.0,n=30,start_thres=1.25,min_cluster_size=3",hub,0.25,10,8,40,1730,1,6,39,1724,0.025,0.0034682080924855,0.1428571428571428,0.8571428571428571,0.1627918495373292
fbc_tfnbs,"e=1.4,h=5.0,n=30,start_thres=1.25,min_cluster_size=3",hub,0.25,10,8,40,1730,1,5,39,1725,0.025,0.0028901734104046,0.1666666666666666,0.8333333333333334,0.1627918495373292
fbc_tfnbs,"e=1.4,h=6.0,n=30,start_thres=1.25,min_cluster_size=3",hub,0.25,10,8,40,1730,5,5,35,1725,0.125,0.0028901734104046,0.5,0.5,0.1627918495373292
fbc_tfnbs,"e=1.4,h=7.0,n=30,start_thres=1.25,min_cluster_size=3",hub,0.25,10,8,40,1730,5,5,35,1725,0.125,0.0028901734104046,0.5,0.5,0.1627918495373292
fbc_tfnbs,"e=1.4,h=8.0,n=30,start_thres=1.25,min_cluster_size=3",hub,0.25,10,8,40,1730,5,4,35,1726,0.125,0.0023121387283236,0.5555555555555556,0.4444444444444444,0.1627918495373292
fbc_tfnbs,"e=1.4,h=9.0,n=30,start_thres=1.25,min_cluster_size=3",hub,0.25,10,8,40,1730,5,4,35,1726,0.125,0.0023121387283236,0.5555555555555556,0.4444444444444444,0.1627918495373292
fbc_tfnbs,"e=1.4,h=10.0,n=30,start_thres=1.25,min_cluster_size=3",hub,0.25,10,8,40,1730,5,4,35,1726,0.125,0.0023121387283236,0.5555555555555556,0.4444444444444444,0.1627918495373292
fbc_tfnbs,"e=1.5,h=0.5,n=30,start_thres=1.25,min_cluster_size=3",hub,0.25,10,8,40,1730,1,6,39,1724,0.025,0.0034682080924855,0.1428571428571428,0.8571428571428571,0.1627918495373292
fbc_tfnbs,"e=1.5,h=1.0,n=30,start_thres=1.25,min_cluster_size=3",hub,0.25,10,8,40,1730,1,6,39,1724,0.025,0.0034682080924855,0.1428571428571428,0.8571428571428571,0.1627918495373292
fbc_tfnbs,"e=1.5,h=2.0,n=30,start_thres=1.25,min_cluster_size=3",hub,0.25,10,8,40,1730,1,6,39,1724,0.025,0.0034682080924855,0.1428571428571428,0.8571428571428571,0.1627918495373292
fbc_tfnbs,"e=1.5,h=3.0,n=30,start_thres=1.25,min_cluster_size=3",hub,0.25,10,8,40,1730,1,6,39,1724,0.025,0.0034682080924855,0.1428571428571428,0.8571428571428571,0.1627918495373292
fbc_tfnbs,"e=1.5,h=4.0,n=30,start_thres=1.25,min_cluster_size=3",hub,0.25,10,8,40,1730,1,6,39,1724,0.025,0.0034682080924855,0.1428571428571428,0.8571428571428571,0.1627918495373292
fbc_tfnbs,"e=1.5,h=5.0,n=30,start_thres=1.25,min_cluster_size=3",hub,0.25,10,8,40,1730,1,6,39,1724,0.025,0.0034682080924855,0.1428571428571428,0.8571428571428571,0.1627918495373292
fbc_tfnbs,"e=1.5,h=6.0,n=30,start_thres=1.25,min_cluster_size=3",hub,0.25,10,8,40,1730,4,5,36,1725,0.1,0.0028901734104046,0.4444444444444444,0.5555555555555556,0.1627918495373292
fbc_tfnbs,"e=1.5,h=7.0,n=30,start_thres=1.25,min_cluster_size=3",hub,0.25,10,8,40,1730,5,5,35,1725,0.125,0.0028901734104046,0.5,0.5,0.1627918495373292
fbc_tfnbs,"e=1.5,h=8.0,n=30,start_thres=1.25,min_cluster_size=3",hub,0.25,10,8,40,1730,5,4,35,1726,0.125,0.0023121387283236,0.5555555555555556,0.4444444444444444,0.1627918495373292
fbc_tfnbs,"e=1.5,h=9.0,n=30,start_thres=1.25,min_cluster_size=3",hub,0.25,10,8,40,1730,7,4,33,1726,0.175,0.0023121387283236,0.6363636363636364,0.3636363636363636,0.1627918495373292
fbc_tfnbs,"e=1.5,h=10.0,n=30,start_thres=1.25,min_cluster_size=3",hub,0.25,10,8,40,1730,5,4,35,1726,0.125,0.0023121387283236,0.5555555555555556,0.4444444444444444,0.1627918495373292
fbc_tfnbs,"e=0.05,h=0.5,n=30,start_thres=1.25,min_cluster_size=3",hub,0.25,10,9,40,1730,0,0,40,1730,0.0,0.0,0.0,0.0,0.1658545746044679
fbc_tfnbs,"e=0.05,h=1.0,n=30,start_thres=1.25,min_cluster_size=3",hub,0.25,10,9,40,1730,0,0,40,1730,0.0,0.0,0.0,0.0,0.1658545746044679
fbc_tfnbs,"e=0.05,h=2.0,n=30,start_thres=1.25,min_cluster_size=3",hub,0.25,10,9,40,1730,0,0,40,1730,0.0,0.0,0.0,0.0,0.1658545746044679
fbc_tfnbs,"e=0.05,h=3.0,n=30,start_thres=1.25,min_cluster_size=3",hub,0.25,10,9,40,1730,0,0,40,1730,0.0,0.0,0.0,0.0,0.1658545746044679
fbc_tfnbs,"e=0.05,h=4.0,n=30,start_thres=1.25,min_cluster_size=3",hub,0.25,10,9,40,1730,0,0,40,1730,0.0,0.0,0.0,0.0,0.1658545746044679
fbc_tfnbs,"e=0.05,h=5.0,n=30,start_thres=1.25,min_cluster_size=3",hub,0.25,10,9,40,1730,0,0,40,1730,0.0,0.0,0.0,0.0,0.1658545746044679
fbc_tfnbs,"e=0.05,h=6.0,n=30,start_thres=1.25,min_cluster_size=3",hub,0.25,10,9,40,1730,0,0,40,1730,0.0,0.0,0.0,0.0,0.1658545746044679
fbc_tfnbs,"e=0.05,h=7.0,n=30,start_thres=1.25,min_cluster_size=3",hub,0.25,10,9,40,1730,0,0,40,1730,0.0,0.0,0.0,0.0,0.1658545746044679
fbc_tfnbs,"e=0.05,h=8.0,n=30,start_thres=1.25,min_cluster_size=3",hub,0.25,10,9,40,1730,0,0,40,1730,0.0,0.0,0.0,0.0,0.1658545746044679
fbc_tfnbs,"e=0.05,h=9.0,n=30,start_thres=1.25,min_cluster_size=3",hub,0.25,10,9,40,1730,0,0,40,1730,0.0,0.0,0.0,0.0,0.1658545746044679
fbc_tfnbs,"e=0.05,h=10.0,n=30,start_thres=1.25,min_cluster_size=3",hub,0.25,10,9,40,1730,0,0,40,1730,0.0,0.0,0.0,0.0,0.1658545746044679
fbc_tfnbs,"e=0.1,h=0.5,n=30,start_thres=1.25,min_cluster_size=3",hub,0.25,10,9,40,1730,0,0,40,1730,0.0,0.0,0.0,0.0,0.1658545746044679
fbc_tfnbs,"e=0.1,h=1.0,n=30,start_thres=1.25,min_cluster_size=3",hub,0.25,10,9,40,1730,0,0,40,1730,0.0,0.0,0.0,0.0,0.1658545746044679
fbc_tfnbs,"e=0.1,h=2.0,n=30,start_thres=1.25,min_cluster_size=3",hub,0.25,10,9,40,1730,0,0,40,1730,0.0,0.0,0.0,0.0,0.1658545746044679
fbc_tfnbs,"e=0.1,h=3.0,n=30,start_thres=1.25,min_cluster_size=3",hub,0.25,10,9,40,1730,0,0,40,1730,0.0,0.0,0.0,0.0,0.1658545746044679
fbc_tfnbs,"e=0.1,h=4.0,n=30,start_thres=1.25,min_cluster_size=3",hub,0.25,10,9,40,1730,0,0,40,1730,0.0,0.0,0.0,0.0,0.1658545746044679
fbc_tfnbs,"e=0.1,h=5.0,n=30,start_thres=1.25,min_cluster_size=3",hub,0.25,10,9,40,1730,0,0,40,1730,0.0,0.0,0.0,0.0,0.1658545746044679
fbc_tfnbs,"e=0.1,h=6.0,n=30,start_thres=1.25,min_cluster_size=3",hub,0.25,10,9,40,1730,0,0,40,1730,0.0,0.0,0.0,0.0,0.1658545746044679
fbc_tfnbs,"e=0.1,h=7.0,n=30,start_thres=1.25,min_cluster_size=3",hub,0.25,10,9,40,1730,0,0,40,1730,0.0,0.0,0.0,0.0,0.1658545746044679
fbc_tfnbs,"e=0.1,h=8.0,n=30,start_thres=1.25,min_cluster_size=3",hub,0.25,10,9,40,1730,0,0,40,1730,0.0,0.0,0.0,0.0,0.1658545746044679
fbc_tfnbs,"e=0.1,h=9.0,n=30,start_thres=1.25,min_cluster_size=3",hub,0.25,10,9,40,1730,0,0,40,1730,0.0,0.0,0.0,0.0,0.1658545746044679
fbc_tfnbs,"e=0.1,h=10.0,n=30,start_thres=1.25,min_cluster_size=3",hub,0.25,10,9,40,1730,0,0,40,1730,0.0,0.0,0.0,0.0,0.1658545746044679
fbc_tfnbs,"e=0.2,h=0.5,n=30,start_thres=1.25,min_cluster_size=3",hub,0.25,10,9,40,1730,0,0,40,1730,0.0,0.0,0.0,0.0,0.1658545746044679
fbc_tfnbs,"e=0.2,h=1.0,n=30,start_thres=1.25,min_cluster_size=3",hub,0.25,10,9,40,1730,0,0,40,1730,0.0,0.0,0.0,0.0,0.1658545746044679
fbc_tfnbs,"e=0.2,h=2.0,n=30,start_thres=1.25,min_cluster_size=3",hub,0.25,10,9,40,1730,0,0,40,1730,0.0,0.0,0.0,0.0,0.1658545746044679
fbc_tfnbs,"e=0.2,h=3.0,n=30,start_thres=1.25,min_cluster_size=3",hub,0.25,10,9,40,1730,0,0,40,1730,0.0,0.0,0.0,0.0,0.1658545746044679
fbc_tfnbs,"e=0.2,h=4.0,n=30,start_thres=1.25,min_cluster_size=3",hub,0.25,10,9,40,1730,0,0,40,1730,0.0,0.0,0.0,0.0,0.1658545746044679
fbc_tfnbs,"e=0.2,h=5.0,n=30,start_thres=1.25,min_cluster_size=3",hub,0.25,10,9,40,1730,0,0,40,1730,0.0,0.0,0.0,0.0,0.1658545746044679
fbc_tfnbs,"e=0.2,h=6.0,n=30,start_thres=1.25,min_cluster_size=3",hub,0.25,10,9,40,1730,0,0,40,1730,0.0,0.0,0.0,0.0,0.1658545746044679
fbc_tfnbs,"e=0.2,h=7.0,n=30,start_thres=1.25,min_cluster_size=3",hub,0.25,10,9,40,1730,0,0,40,1730,0.0,0.0,0.0,0.0,0.1658545746044679
fbc_tfnbs,"e=0.2,h=8.0,n=30,start_thres=1.25,min_cluster_size=3",hub,0.25,10,9,40,1730,0,0,40,1730,0.0,0.0,0.0,0.0,0.1658545746044679
fbc_tfnbs,"e=0.2,h=9.0,n=30,start_thres=1.25,min_cluster_size=3",hub,0.25,10,9,40,1730,0,0,40,1730,0.0,0.0,0.0,0.0,0.1658545746044679
fbc_tfnbs,"e=0.2,h=10.0,n=30,start_thres=1.25,min_cluster_size=3",hub,0.25,10,9,40,1730,0,0,40,1730,0.0,0.0,0.0,0.0,0.1658545746044679
fbc_tfnbs,"e=0.3,h=0.5,n=30,start_thres=1.25,min_cluster_size=3",hub,0.25,10,9,40,1730,0,0,40,1730,0.0,0.0,0.0,0.0,0.1658545746044679
fbc_tfnbs,"e=0.3,h=1.0,n=30,start_thres=1.25,min_cluster_size=3",hub,0.25,10,9,40,1730,0,0,40,1730,0.0,0.0,0.0,0.0,0.1658545746044679
fbc_tfnbs,"e=0.3,h=2.0,n=30,start_thres=1.25,min_cluster_size=3",hub,0.25,10,9,40,1730,0,0,40,1730,0.0,0.0,0.0,0.0,0.1658545746044679
fbc_tfnbs,"e=0.3,h=3.0,n=30,start_thres=1.25,min_cluster_size=3",hub,0.25,10,9,40,1730,0,0,40,1730,0.0,0.0,0.0,0.0,0.1658545746044679
fbc_tfnbs,"e=0.3,h=4.0,n=30,start_thres=1.25,min_cluster_size=3",hub,0.25,10,9,40,1730,0,0,40,1730,0.0,0.0,0.0,0.0,0.1658545746044679
fbc_tfnbs,"e=0.3,h=5.0,n=30,start_thres=1.25,min_cluster_size=3",hub,0.25,10,9,40,1730,0,0,40,1730,0.0,0.0,0.0,0.0,0.1658545746044679
fbc_tfnbs,"e=0.3,h=6.0,n=30,start_thres=1.25,min_cluster_size=3",hub,0.25,10,9,40,1730,0,0,40,1730,0.0,0.0,0.0,0.0,0.1658545746044679
fbc_tfnbs,"e=0.3,h=7.0,n=30,start_thres=1.25,min_cluster_size=3",hub,0.25,10,9,40,1730,0,0,40,1730,0.0,0.0,0.0,0.0,0.1658545746044679
fbc_tfnbs,"e=0.3,h=8.0,n=30,start_thres=1.25,min_cluster_size=3",hub,0.25,10,9,40,1730,0,0,40,1730,0.0,0.0,0.0,0.0,0.1658545746044679
fbc_tfnbs,"e=0.3,h=9.0,n=30,start_thres=1.25,min_cluster_size=3",hub,0.25,10,9,40,1730,0,0,40,1730,0.0,0.0,0.0,0.0,0.1658545746044679
fbc_tfnbs,"e=0.3,h=10.0,n=30,start_thres=1.25,min_cluster_size=3",hub,0.25,10,9,40,1730,0,0,40,1730,0.0,0.0,0.0,0.0,0.1658545746044679
fbc_tfnbs,"e=0.4,h=0.5,n=30,start_thres=1.25,min_cluster_size=3",hub,0.25,10,9,40,1730,0,0,40,1730,0.0,0.0,0.0,0.0,0.1658545746044679
fbc_tfnbs,"e=0.4,h=1.0,n=30,start_thres=1.25,min_cluster_size=3",hub,0.25,10,9,40,1730,0,0,40,1730,0.0,0.0,0.0,0.0,0.1658545746044679
fbc_tfnbs,"e=0.4,h=2.0,n=30,start_thres=1.25,min_cluster_size=3",hub,0.25,10,9,40,1730,0,0,40,1730,0.0,0.0,0.0,0.0,0.1658545746044679
fbc_tfnbs,"e=0.4,h=3.0,n=30,start_thres=1.25,min_cluster_size=3",hub,0.25,10,9,40,1730,0,0,40,1730,0.0,0.0,0.0,0.0,0.1658545746044679
fbc_tfnbs,"e=0.4,h=4.0,n=30,start_thres=1.25,min_cluster_size=3",hub,0.25,10,9,40,1730,0,0,40,1730,0.0,0.0,0.0,0.0,0.1658545746044679
fbc_tfnbs,"e=0.4,h=5.0,n=30,start_thres=1.25,min_cluster_size=3",hub,0.25,10,9,40,1730,0,0,40,1730,0.0,0.0,0.0,0.0,0.1658545746044679
fbc_tfnbs,"e=0.4,h=6.0,n=30,start_thres=1.25,min_cluster_size=3",hub,0.25,10,9,40,1730,0,0,40,1730,0.0,0.0,0.0,0.0,0.1658545746044679
fbc_tfnbs,"e=0.4,h=7.0,n=30,start_thres=1.25,min_cluster_size=3",hub,0.25,10,9,40,1730,0,0,40,1730,0.0,0.0,0.0,0.0,0.1658545746044679
fbc_tfnbs,"e=0.4,h=8.0,n=30,start_thres=1.25,min_cluster_size=3",hub,0.25,10,9,40,1730,0,0,40,1730,0.0,0.0,0.0,0.0,0.1658545746044679
fbc_tfnbs,"e=0.4,h=9.0,n=30,start_thres=1.25,min_cluster_size=3",hub,0.25,10,9,40,1730,0,0,40,1730,0.0,0.0,0.0,0.0,0.1658545746044679
fbc_tfnbs,"e=0.4,h=10.0,n=30,start_thres=1.25,min_cluster_size=3",hub,0.25,10,9,40,1730,0,0,40,1730,0.0,0.0,0.0,0.0,0.1658545746044679
fbc_tfnbs,"e=0.5,h=0.5,n=30,start_thres=1.25,min_cluster_size=3",hub,0.25,10,9,40,1730,0,0,40,1730,0.0,0.0,0.0,0.0,0.1658545746044679
fbc_tfnbs,"e=0.5,h=1.0,n=30,start_thres=1.25,min_cluster_size=3",hub,0.25,10,9,40,1730,0,0,40,1730,0.0,0.0,0.0,0.0,0.1658545746044679
fbc_tfnbs,"e=0.5,h=2.0,n=30,start_thres=1.25,min_cluster_size=3",hub,0.25,10,9,40,1730,0,0,40,1730,0.0,0.0,0.0,0.0,0.1658545746044679
fbc_tfnbs,"e=0.5,h=3.0,n=30,start_thres=1.25,min_cluster_size=3",hub,0.25,10,9,40,1730,0,0,40,1730,0.0,0.0,0.0,0.0,0.1658545746044679
fbc_tfnbs,"e=0.5,h=4.0,n=30,start_thres=1.25,min_cluster_size=3",hub,0.25,10,9,40,1730,0,0,40,1730,0.0,0.0,0.0,0.0,0.1658545746044679
fbc_tfnbs,"e=0.5,h=5.0,n=30,start_thres=1.25,min_cluster_size=3",hub,0.25,10,9,40,1730,0,0,40,1730,0.0,0.0,0.0,0.0,0.1658545746044679
fbc_tfnbs,"e=0.5,h=6.0,n=30,start_thres=1.25,min_cluster_size=3",hub,0.25,10,9,40,1730,0,0,40,1730,0.0,0.0,0.0,0.0,0.1658545746044679
fbc_tfnbs,"e=0.5,h=7.0,n=30,start_thres=1.25,min_cluster_size=3",hub,0.25,10,9,40,1730,0,0,40,1730,0.0,0.0,0.0,0.0,0.1658545746044679
fbc_tfnbs,"e=0.5,h=8.0,n=30,start_thres=1.25,min_cluster_size=3",hub,0.25,10,9,40,1730,0,0,40,1730,0.0,0.0,0.0,0.0,0.1658545746044679
fbc_tfnbs,"e=0.5,h=9.0,n=30,start_thres=1.25,min_cluster_size=3",hub,0.25,10,9,40,1730,0,0,40,1730,0.0,0.0,0.0,0.0,0.1658545746044679
fbc_tfnbs,"e=0.5,h=10.0,n=30,start_thres=1.25,min_cluster_size=3",hub,0.25,10,9,40,1730,0,0,40,1730,0.0,0.0,0.0,0.0,0.1658545746044679
fbc_tfnbs,"e=0.6,h=0.5,n=30,start_thres=1.25,min_cluster_size=3",hub,0.25,10,9,40,1730,0,0,40,1730,0.0,0.0,0.0,0.0,0.1658545746044679
fbc_tfnbs,"e=0.6,h=1.0,n=30,start_thres=1.25,min_cluster_size=3",hub,0.25,10,9,40,1730,0,0,40,1730,0.0,0.0,0.0,0.0,0.1658545746044679
fbc_tfnbs,"e=0.6,h=2.0,n=30,start_thres=1.25,min_cluster_size=3",hub,0.25,10,9,40,1730,0,0,40,1730,0.0,0.0,0.0,0.0,0.1658545746044679
fbc_tfnbs,"e=0.6,h=3.0,n=30,start_thres=1.25,min_cluster_size=3",hub,0.25,10,9,40,1730,0,0,40,1730,0.0,0.0,0.0,0.0,0.1658545746044679
fbc_tfnbs,"e=0.6,h=4.0,n=30,start_thres=1.25,min_cluster_size=3",hub,0.25,10,9,40,1730,0,0,40,1730,0.0,0.0,0.0,0.0,0.1658545746044679
fbc_tfnbs,"e=0.6,h=5.0,n=30,start_thres=1.25,min_cluster_size=3",hub,0.25,10,9,40,1730,0,0,40,1730,0.0,0.0,0.0,0.0,0.1658545746044679
fbc_tfnbs,"e=0.6,h=6.0,n=30,start_thres=1.25,min_cluster_size=3",hub,0.25,10,9,40,1730,0,0,40,1730,0.0,0.0,0.0,0.0,0.1658545746044679
fbc_tfnbs,"e=0.6,h=7.0,n=30,start_thres=1.25,min_cluster_size=3",hub,0.25,10,9,40,1730,0,0,40,1730,0.0,0.0,0.0,0.0,0.1658545746044679
fbc_tfnbs,"e=0.6,h=8.0,n=30,start_thres=1.25,min_cluster_size=3",hub,0.25,10,9,40,1730,0,0,40,1730,0.0,0.0,0.0,0.0,0.1658545746044679
fbc_tfnbs,"e=0.6,h=9.0,n=30,start_thres=1.25,min_cluster_size=3",hub,0.25,10,9,40,1730,0,0,40,1730,0.0,0.0,0.0,0.0,0.1658545746044679
fbc_tfnbs,"e=0.6,h=10.0,n=30,start_thres=1.25,min_cluster_size=3",hub,0.25,10,9,40,1730,0,0,40,1730,0.0,0.0,0.0,0.0,0.1658545746044679
fbc_tfnbs,"e=0.7,h=0.5,n=30,start_thres=1.25,min_cluster_size=3",hub,0.25,10,9,40,1730,0,0,40,1730,0.0,0.0,0.0,0.0,0.1658545746044679
fbc_tfnbs,"e=0.7,h=1.0,n=30,start_thres=1.25,min_cluster_size=3",hub,0.25,10,9,40,1730,0,0,40,1730,0.0,0.0,0.0,0.0,0.1658545746044679
fbc_tfnbs,"e=0.7,h=2.0,n=30,start_thres=1.25,min_cluster_size=3",hub,0.25,10,9,40,1730,0,0,40,1730,0.0,0.0,0.0,0.0,0.1658545746044679
fbc_tfnbs,"e=0.7,h=3.0,n=30,start_thres=1.25,min_cluster_size=3",hub,0.25,10,9,40,1730,0,0,40,1730,0.0,0.0,0.0,0.0,0.1658545746044679
fbc_tfnbs,"e=0.7,h=4.0,n=30,start_thres=1.25,min_cluster_size=3",hub,0.25,10,9,40,1730,0,0,40,1730,0.0,0.0,0.0,0.0,0.1658545746044679
fbc_tfnbs,"e=0.7,h=5.0,n=30,start_thres=1.25,min_cluster_size=3",hub,0.25,10,9,40,1730,0,0,40,1730,0.0,0.0,0.0,0.0,0.1658545746044679
fbc_tfnbs,"e=0.7,h=6.0,n=30,start_thres=1.25,min_cluster_size=3",hub,0.25,10,9,40,1730,0,0,40,1730,0.0,0.0,0.0,0.0,0.1658545746044679
fbc_tfnbs,"e=0.7,h=7.0,n=30,start_thres=1.25,min_cluster_size=3",hub,0.25,10,9,40,1730,0,0,40,1730,0.0,0.0,0.0,0.0,0.1658545746044679
fbc_tfnbs,"e=0.7,h=8.0,n=30,start_thres=1.25,min_cluster_size=3",hub,0.25,10,9,40,1730,0,0,40,1730,0.0,0.0,0.0,0.0,0.1658545746044679
fbc_tfnbs,"e=0.7,h=9.0,n=30,start_thres=1.25,min_cluster_size=3",hub,0.25,10,9,40,1730,0,0,40,1730,0.0,0.0,0.0,0.0,0.1658545746044679
fbc_tfnbs,"e=0.7,h=10.0,n=30,start_thres=1.25,min_cluster_size=3",hub,0.25,10,9,40,1730,0,0,40,1730,0.0,0.0,0.0,0.0,0.1658545746044679
fbc_tfnbs,"e=0.8,h=0.5,n=30,start_thres=1.25,min_cluster_size=3",hub,0.25,10,9,40,1730,0,0,40,1730,0.0,0.0,0.0,0.0,0.1658545746044679
fbc_tfnbs,"e=0.8,h=1.0,n=30,start_thres=1.25,min_cluster_size=3",hub,0.25,10,9,40,1730,0,0,40,1730,0.0,0.0,0.0,0.0,0.1658545746044679
fbc_tfnbs,"e=0.8,h=2.0,n=30,start_thres=1.25,min_cluster_size=3",hub,0.25,10,9,40,1730,0,0,40,1730,0.0,0.0,0.0,0.0,0.1658545746044679
fbc_tfnbs,"e=0.8,h=3.0,n=30,start_thres=1.25,min_cluster_size=3",hub,0.25,10,9,40,1730,0,0,40,1730,0.0,0.0,0.0,0.0,0.1658545746044679
fbc_tfnbs,"e=0.8,h=4.0,n=30,start_thres=1.25,min_cluster_size=3",hub,0.25,10,9,40,1730,0,0,40,1730,0.0,0.0,0.0,0.0,0.1658545746044679
fbc_tfnbs,"e=0.8,h=5.0,n=30,start_thres=1.25,min_cluster_size=3",hub,0.25,10,9,40,1730,0,0,40,1730,0.0,0.0,0.0,0.0,0.1658545746044679
fbc_tfnbs,"e=0.8,h=6.0,n=30,start_thres=1.25,min_cluster_size=3",hub,0.25,10,9,40,1730,0,0,40,1730,0.0,0.0,0.0,0.0,0.1658545746044679
fbc_tfnbs,"e=0.8,h=7.0,n=30,start_thres=1.25,min_cluster_size=3",hub,0.25,10,9,40,1730,0,0,40,1730,0.0,0.0,0.0,0.0,0.1658545746044679
fbc_tfnbs,"e=0.8,h=8.0,n=30,start_thres=1.25,min_cluster_size=3",hub,0.25,10,9,40,1730,0,0,40,1730,0.0,0.0,0.0,0.0,0.1658545746044679
fbc_tfnbs,"e=0.8,h=9.0,n=30,start_thres=1.25,min_cluster_size=3",hub,0.25,10,9,40,1730,0,0,40,1730,0.0,0.0,0.0,0.0,0.1658545746044679
fbc_tfnbs,"e=0.8,h=10.0,n=30,start_thres=1.25,min_cluster_size=3",hub,0.25,10,9,40,1730,0,0,40,1730,0.0,0.0,0.0,0.0,0.1658545746044679
fbc_tfnbs,"e=0.9,h=0.5,n=30,start_thres=1.25,min_cluster_size=3",hub,0.25,10,9,40,1730,0,0,40,1730,0.0,0.0,0.0,0.0,0.1658545746044679
fbc_tfnbs,"e=0.9,h=1.0,n=30,start_thres=1.25,min_cluster_size=3",hub,0.25,10,9,40,1730,0,0,40,1730,0.0,0.0,0.0,0.0,0.1658545746044679
fbc_tfnbs,"e=0.9,h=2.0,n=30,start_thres=1.25,min_cluster_size=3",hub,0.25,10,9,40,1730,0,0,40,1730,0.0,0.0,0.0,0.0,0.1658545746044679
fbc_tfnbs,"e=0.9,h=3.0,n=30,start_thres=1.25,min_cluster_size=3",hub,0.25,10,9,40,1730,0,0,40,1730,0.0,0.0,0.0,0.0,0.1658545746044679
fbc_tfnbs,"e=0.9,h=4.0,n=30,start_thres=1.25,min_cluster_size=3",hub,0.25,10,9,40,1730,0,0,40,1730,0.0,0.0,0.0,0.0,0.1658545746044679
fbc_tfnbs,"e=0.9,h=5.0,n=30,start_thres=1.25,min_cluster_size=3",hub,0.25,10,9,40,1730,0,0,40,1730,0.0,0.0,0.0,0.0,0.1658545746044679
fbc_tfnbs,"e=0.9,h=6.0,n=30,start_thres=1.25,min_cluster_size=3",hub,0.25,10,9,40,1730,0,0,40,1730,0.0,0.0,0.0,0.0,0.1658545746044679
fbc_tfnbs,"e=0.9,h=7.0,n=30,start_thres=1.25,min_cluster_size=3",hub,0.25,10,9,40,1730,0,0,40,1730,0.0,0.0,0.0,0.0,0.1658545746044679
fbc_tfnbs,"e=0.9,h=8.0,n=30,start_thres=1.25,min_cluster_size=3",hub,0.25,10,9,40,1730,0,0,40,1730,0.0,0.0,0.0,0.0,0.1658545746044679
fbc_tfnbs,"e=0.9,h=9.0,n=30,start_thres=1.25,min_cluster_size=3",hub,0.25,10,9,40,1730,0,0,40,1730,0.0,0.0,0.0,0.0,0.1658545746044679
fbc_tfnbs,"e=0.9,h=10.0,n=30,start_thres=1.25,min_cluster_size=3",hub,0.25,10,9,40,1730,0,0,40,1730,0.0,0.0,0.0,0.0,0.1658545746044679
fbc_tfnbs,"e=1.0,h=0.5,n=30,start_thres=1.25,min_cluster_size=3",hub,0.25,10,9,40,1730,0,0,40,1730,0.0,0.0,0.0,0.0,0.1658545746044679
fbc_tfnbs,"e=1.0,h=1.0,n=30,start_thres=1.25,min_cluster_size=3",hub,0.25,10,9,40,1730,0,0,40,1730,0.0,0.0,0.0,0.0,0.1658545746044679
fbc_tfnbs,"e=1.0,h=2.0,n=30,start_thres=1.25,min_cluster_size=3",hub,0.25,10,9,40,1730,0,0,40,1730,0.0,0.0,0.0,0.0,0.1658545746044679
fbc_tfnbs,"e=1.0,h=3.0,n=30,start_thres=1.25,min_cluster_size=3",hub,0.25,10,9,40,1730,0,0,40,1730,0.0,0.0,0.0,0.0,0.1658545746044679
fbc_tfnbs,"e=1.0,h=4.0,n=30,start_thres=1.25,min_cluster_size=3",hub,0.25,10,9,40,1730,0,0,40,1730,0.0,0.0,0.0,0.0,0.1658545746044679
fbc_tfnbs,"e=1.0,h=5.0,n=30,start_thres=1.25,min_cluster_size=3",hub,0.25,10,9,40,1730,0,0,40,1730,0.0,0.0,0.0,0.0,0.1658545746044679
fbc_tfnbs,"e=1.0,h=6.0,n=30,start_thres=1.25,min_cluster_size=3",hub,0.25,10,9,40,1730,0,0,40,1730,0.0,0.0,0.0,0.0,0.1658545746044679
fbc_tfnbs,"e=1.0,h=7.0,n=30,start_thres=1.25,min_cluster_size=3",hub,0.25,10,9,40,1730,0,0,40,1730,0.0,0.0,0.0,0.0,0.1658545746044679
fbc_tfnbs,"e=1.0,h=8.0,n=30,start_thres=1.25,min_cluster_size=3",hub,0.25,10,9,40,1730,0,0,40,1730,0.0,0.0,0.0,0.0,0.1658545746044679
fbc_tfnbs,"e=1.0,h=9.0,n=30,start_thres=1.25,min_cluster_size=3",hub,0.25,10,9,40,1730,0,0,40,1730,0.0,0.0,0.0,0.0,0.1658545746044679
fbc_tfnbs,"e=1.0,h=10.0,n=30,start_thres=1.25,min_cluster_size=3",hub,0.25,10,9,40,1730,0,0,40,1730,0.0,0.0,0.0,0.0,0.1658545746044679
fbc_tfnbs,"e=1.1,h=0.5,n=30,start_thres=1.25,min_cluster_size=3",hub,0.25,10,9,40,1730,0,0,40,1730,0.0,0.0,0.0,0.0,0.1658545746044679
fbc_tfnbs,"e=1.1,h=1.0,n=30,start_thres=1.25,min_cluster_size=3",hub,0.25,10,9,40,1730,0,0,40,1730,0.0,0.0,0.0,0.0,0.1658545746044679
fbc_tfnbs,"e=1.1,h=2.0,n=30,start_thres=1.25,min_cluster_size=3",hub,0.25,10,9,40,1730,0,0,40,1730,0.0,0.0,0.0,0.0,0.1658545746044679
fbc_tfnbs,"e=1.1,h=3.0,n=30,start_thres=1.25,min_cluster_size=3",hub,0.25,10,9,40,1730,0,0,40,1730,0.0,0.0,0.0,0.0,0.1658545746044679
fbc_tfnbs,"e=1.1,h=4.0,n=30,start_thres=1.25,min_cluster_size=3",hub,0.25,10,9,40,1730,0,0,40,1730,0.0,0.0,0.0,0.0,0.1658545746044679
fbc_tfnbs,"e=1.1,h=5.0,n=30,start_thres=1.25,min_cluster_size=3",hub,0.25,10,9,40,1730,0,0,40,1730,0.0,0.0,0.0,0.0,0.1658545746044679
fbc_tfnbs,"e=1.1,h=6.0,n=30,start_thres=1.25,min_cluster_size=3",hub,0.25,10,9,40,1730,0,0,40,1730,0.0,0.0,0.0,0.0,0.1658545746044679
fbc_tfnbs,"e=1.1,h=7.0,n=30,start_thres=1.25,min_cluster_size=3",hub,0.25,10,9,40,1730,0,0,40,1730,0.0,0.0,0.0,0.0,0.1658545746044679
fbc_tfnbs,"e=1.1,h=8.0,n=30,start_thres=1.25,min_cluster_size=3",hub,0.25,10,9,40,1730,0,0,40,1730,0.0,0.0,0.0,0.0,0.1658545746044679
fbc_tfnbs,"e=1.1,h=9.0,n=30,start_thres=1.25,min_cluster_size=3",hub,0.25,10,9,40,1730,0,0,40,1730,0.0,0.0,0.0,0.0,0.1658545746044679
fbc_tfnbs,"e=1.1,h=10.0,n=30,start_thres=1.25,min_cluster_size=3",hub,0.25,10,9,40,1730,0,0,40,1730,0.0,0.0,0.0,0.0,0.1658545746044679
fbc_tfnbs,"e=1.2,h=0.5,n=30,start_thres=1.25,min_cluster_size=3",hub,0.25,10,9,40,1730,0,0,40,1730,0.0,0.0,0.0,0.0,0.1658545746044679
fbc_tfnbs,"e=1.2,h=1.0,n=30,start_thres=1.25,min_cluster_size=3",hub,0.25,10,9,40,1730,0,0,40,1730,0.0,0.0,0.0,0.0,0.1658545746044679
fbc_tfnbs,"e=1.2,h=2.0,n=30,start_thres=1.25,min_cluster_size=3",hub,0.25,10,9,40,1730,0,0,40,1730,0.0,0.0,0.0,0.0,0.1658545746044679
fbc_tfnbs,"e=1.2,h=3.0,n=30,start_thres=1.25,min_cluster_size=3",hub,0.25,10,9,40,1730,0,0,40,1730,0.0,0.0,0.0,0.0,0.1658545746044679
fbc_tfnbs,"e=1.2,h=4.0,n=30,start_thres=1.25,min_cluster_size=3",hub,0.25,10,9,40,1730,0,0,40,1730,0.0,0.0,0.0,0.0,0.1658545746044679
fbc_tfnbs,"e=1.2,h=5.0,n=30,start_thres=1.25,min_cluster_size=3",hub,0.25,10,9,40,1730,0,0,40,1730,0.0,0.0,0.0,0.0,0.1658545746044679
fbc_tfnbs,"e=1.2,h=6.0,n=30,start_thres=1.25,min_cluster_size=3",hub,0.25,10,9,40,1730,0,0,40,1730,0.0,0.0,0.0,0.0,0.1658545746044679
fbc_tfnbs,"e=1.2,h=7.0,n=30,start_thres=1.25,min_cluster_size=3",hub,0.25,10,9,40,1730,0,0,40,1730,0.0,0.0,0.0,0.0,0.1658545746044679
fbc_tfnbs,"e=1.2,h=8.0,n=30,start_thres=1.25,min_cluster_size=3",hub,0.25,10,9,40,1730,0,0,40,1730,0.0,0.0,0.0,0.0,0.1658545746044679
fbc_tfnbs,"e=1.2,h=9.0,n=30,start_thres=1.25,min_cluster_size=3",hub,0.25,10,9,40,1730,0,0,40,1730,0.0,0.0,0.0,0.0,0.1658545746044679
fbc_tfnbs,"e=1.2,h=10.0,n=30,start_thres=1.25,min_cluster_size=3",hub,0.25,10,9,40,1730,0,0,40,1730,0.0,0.0,0.0,0.0,0.1658545746044679
fbc_tfnbs,"e=1.3,h=0.5,n=30,start_thres=1.25,min_cluster_size=3",hub,0.25,10,9,40,1730,0,0,40,1730,0.0,0.0,0.0,0.0,0.1658545746044679
fbc_tfnbs,"e=1.3,h=1.0,n=30,start_thres=1.25,min_cluster_size=3",hub,0.25,10,9,40,1730,0,0,40,1730,0.0,0.0,0.0,0.0,0.1658545746044679
fbc_tfnbs,"e=1.3,h=2.0,n=30,start_thres=1.25,min_cluster_size=3",hub,0.25,10,9,40,1730,0,0,40,1730,0.0,0.0,0.0,0.0,0.1658545746044679
fbc_tfnbs,"e=1.3,h=3.0,n=30,start_thres=1.25,min_cluster_size=3",hub,0.25,10,9,40,1730,0,0,40,1730,0.0,0.0,0.0,0.0,0.1658545746044679
fbc_tfnbs,"e=1.3,h=4.0,n=30,start_thres=1.25,min_cluster_size=3",hub,0.25,10,9,40,1730,0,0,40,1730,0.0,0.0,0.0,0.0,0.1658545746044679
fbc_tfnbs,"e=1.3,h=5.0,n=30,start_thres=1.25,min_cluster_size=3",hub,0.25,10,9,40,1730,0,0,40,1730,0.0,0.0,0.0,0.0,0.1658545746044679
fbc_tfnbs,"e=1.3,h=6.0,n=30,start_thres=1.25,min_cluster_size=3",hub,0.25,10,9,40,1730,0,0,40,1730,0.0,0.0,0.0,0.0,0.1658545746044679
fbc_tfnbs,"e=1.3,h=7.0,n=30,start_thres=1.25,min_cluster_size=3",hub,0.25,10,9,40,1730,0,0,40,1730,0.0,0.0,0.0,0.0,0.1658545746044679
fbc_tfnbs,"e=1.3,h=8.0,n=30,start_thres=1.25,min_cluster_size=3",hub,0.25,10,9,40,1730,0,0,40,1730,0.0,0.0,0.0,0.0,0.1658545746044679
fbc_tfnbs,"e=1.3,h=9.0,n=30,start_thres=1.25,min_cluster_size=3",hub,0.25,10,9,40,1730,0,0,40,1730,0.0,0.0,0.0,0.0,0.1658545746044679
fbc_tfnbs,"e=1.3,h=10.0,n=30,start_thres=1.25,min_cluster_size=3",hub,0.25,10,9,40,1730,0,0,40,1730,0.0,0.0,0.0,0.0,0.1658545746044679
fbc_tfnbs,"e=1.4,h=0.5,n=30,start_thres=1.25,min_cluster_size=3",hub,0.25,10,9,40,1730,0,0,40,1730,0.0,0.0,0.0,0.0,0.1658545746044679
fbc_tfnbs,"e=1.4,h=1.0,n=30,start_thres=1.25,min_cluster_size=3",hub,0.25,10,9,40,1730,0,0,40,1730,0.0,0.0,0.0,0.0,0.1658545746044679
fbc_tfnbs,"e=1.4,h=2.0,n=30,start_thres=1.25,min_cluster_size=3",hub,0.25,10,9,40,1730,0,0,40,1730,0.0,0.0,0.0,0.0,0.1658545746044679
fbc_tfnbs,"e=1.4,h=3.0,n=30,start_thres=1.25,min_cluster_size=3",hub,0.25,10,9,40,1730,0,0,40,1730,0.0,0.0,0.0,0.0,0.1658545746044679
fbc_tfnbs,"e=1.4,h=4.0,n=30,start_thres=1.25,min_cluster_size=3",hub,0.25,10,9,40,1730,0,0,40,1730,0.0,0.0,0.0,0.0,0.1658545746044679
fbc_tfnbs,"e=1.4,h=5.0,n=30,start_thres=1.25,min_cluster_size=3",hub,0.25,10,9,40,1730,0,0,40,1730,0.0,0.0,0.0,0.0,0.1658545746044679
fbc_tfnbs,"e=1.4,h=6.0,n=30,start_thres=1.25,min_cluster_size=3",hub,0.25,10,9,40,1730,0,0,40,1730,0.0,0.0,0.0,0.0,0.1658545746044679
fbc_tfnbs,"e=1.4,h=7.0,n=30,start_thres=1.25,min_cluster_size=3",hub,0.25,10,9,40,1730,0,0,40,1730,0.0,0.0,0.0,0.0,0.1658545746044679
fbc_tfnbs,"e=1.4,h=8.0,n=30,start_thres=1.25,min_cluster_size=3",hub,0.25,10,9,40,1730,0,0,40,1730,0.0,0.0,0.0,0.0,0.1658545746044679
fbc_tfnbs,"e=1.4,h=9.0,n=30,start_thres=1.25,min_cluster_size=3",hub,0.25,10,9,40,1730,0,0,40,1730,0.0,0.0,0.0,0.0,0.1658545746044679
fbc_tfnbs,"e=1.4,h=10.0,n=30,start_thres=1.25,min_cluster_size=3",hub,0.25,10,9,40,1730,0,0,40,1730,0.0,0.0,0.0,0.0,0.1658545746044679
fbc_tfnbs,"e=1.5,h=0.5,n=30,start_thres=1.25,min_cluster_size=3",hub,0.25,10,9,40,1730,0,0,40,1730,0.0,0.0,0.0,0.0,0.1658545746044679
fbc_tfnbs,"e=1.5,h=1.0,n=30,start_thres=1.25,min_cluster_size=3",hub,0.25,10,9,40,1730,0,0,40,1730,0.0,0.0,0.0,0.0,0.1658545746044679
fbc_tfnbs,"e=1.5,h=2.0,n=30,start_thres=1.25,min_cluster_size=3",hub,0.25,10,9,40,1730,0,0,40,1730,0.0,0.0,0.0,0.0,0.1658545746044679
fbc_tfnbs,"e=1.5,h=3.0,n=30,start_thres=1.25,min_cluster_size=3",hub,0.25,10,9,40,1730,0,0,40,1730,0.0,0.0,0.0,0.0,0.1658545746044679
fbc_tfnbs,"e=1.5,h=4.0,n=30,start_thres=1.25,min_cluster_size=3",hub,0.25,10,9,40,1730,0,0,40,1730,0.0,0.0,0.0,0.0,0.1658545746044679
fbc_tfnbs,"e=1.5,h=5.0,n=30,start_thres=1.25,min_cluster_size=3",hub,0.25,10,9,40,1730,0,0,40,1730,0.0,0.0,0.0,0.0,0.1658545746044679
fbc_tfnbs,"e=1.5,h=6.0,n=30,start_thres=1.25,min_cluster_size=3",hub,0.25,10,9,40,1730,0,0,40,1730,0.0,0.0,0.0,0.0,0.1658545746044679
fbc_tfnbs,"e=1.5,h=7.0,n=30,start_thres=1.25,min_cluster_size=3",hub,0.25,10,9,40,1730,0,0,40,1730,0.0,0.0,0.0,0.0,0.1658545746044679
fbc_tfnbs,"e=1.5,h=8.0,n=30,start_thres=1.25,min_cluster_size=3",hub,0.25,10,9,40,1730,0,0,40,1730,0.0,0.0,0.0,0.0,0.1658545746044679
fbc_tfnbs,"e=1.5,h=9.0,n=30,start_thres=1.25,min_cluster_size=3",hub,0.25,10,9,40,1730,0,0,40,1730,0.0,0.0,0.0,0.0,0.1658545746044679
fbc_tfnbs,"e=1.5,h=10.0,n=30,start_thres=1.25,min_cluster_size=3",hub,0.25,10,9,40,1730,0,0,40,1730,0.0,0.0,0.0,0.0,0.1658545746044679
fbc_tfnbs,"e=0.05,h=0.5,n=30,start_thres=1.25,min_cluster_size=3",hub,0.25,10,10,40,1730,0,0,40,1730,0.0,0.0,0.0,0.0,0.1640091592615301
fbc_tfnbs,"e=0.05,h=1.0,n=30,start_thres=1.25,min_cluster_size=3",hub,0.25,10,10,40,1730,0,0,40,1730,0.0,0.0,0.0,0.0,0.1640091592615301
fbc_tfnbs,"e=0.05,h=2.0,n=30,start_thres=1.25,min_cluster_size=3",hub,0.25,10,10,40,1730,0,0,40,1730,0.0,0.0,0.0,0.0,0.1640091592615301
fbc_tfnbs,"e=0.05,h=3.0,n=30,start_thres=1.25,min_cluster_size=3",hub,0.25,10,10,40,1730,0,0,40,1730,0.0,0.0,0.0,0.0,0.1640091592615301
fbc_tfnbs,"e=0.05,h=4.0,n=30,start_thres=1.25,min_cluster_size=3",hub,0.25,10,10,40,1730,0,0,40,1730,0.0,0.0,0.0,0.0,0.1640091592615301
fbc_tfnbs,"e=0.05,h=5.0,n=30,start_thres=1.25,min_cluster_size=3",hub,0.25,10,10,40,1730,0,0,40,1730,0.0,0.0,0.0,0.0,0.1640091592615301
fbc_tfnbs,"e=0.05,h=6.0,n=30,start_thres=1.25,min_cluster_size=3",hub,0.25,10,10,40,1730,0,0,40,1730,0.0,0.0,0.0,0.0,0.1640091592615301
fbc_tfnbs,"e=0.05,h=7.0,n=30,start_thres=1.25,min_cluster_size=3",hub,0.25,10,10,40,1730,0,0,40,1730,0.0,0.0,0.0,0.0,0.1640091592615301
fbc_tfnbs,"e=0.05,h=8.0,n=30,start_thres=1.25,min_cluster_size=3",hub,0.25,10,10,40,1730,0,0,40,1730,0.0,0.0,0.0,0.0,0.1640091592615301
fbc_tfnbs,"e=0.05,h=9.0,n=30,start_thres=1.25,min_cluster_size=3",hub,0.25,10,10,40,1730,0,0,40,1730,0.0,0.0,0.0,0.0,0.1640091592615301
fbc_tfnbs,"e=0.05,h=10.0,n=30,start_thres=1.25,min_cluster_size=3",hub,0.25,10,10,40,1730,0,0,40,1730,0.0,0.0,0.0,0.0,0.1640091592615301
fbc_tfnbs,"e=0.1,h=0.5,n=30,start_thres=1.25,min_cluster_size=3",hub,0.25,10,10,40,1730,0,0,40,1730,0.0,0.0,0.0,0.0,0.1640091592615301
fbc_tfnbs,"e=0.1,h=1.0,n=30,start_thres=1.25,min_cluster_size=3",hub,0.25,10,10,40,1730,0,0,40,1730,0.0,0.0,0.0,0.0,0.1640091592615301
fbc_tfnbs,"e=0.1,h=2.0,n=30,start_thres=1.25,min_cluster_size=3",hub,0.25,10,10,40,1730,0,0,40,1730,0.0,0.0,0.0,0.0,0.1640091592615301
fbc_tfnbs,"e=0.1,h=3.0,n=30,start_thres=1.25,min_cluster_size=3",hub,0.25,10,10,40,1730,0,0,40,1730,0.0,0.0,0.0,0.0,0.1640091592615301
fbc_tfnbs,"e=0.1,h=4.0,n=30,start_thres=1.25,min_cluster_size=3",hub,0.25,10,10,40,1730,0,0,40,1730,0.0,0.0,0.0,0.0,0.1640091592615301
fbc_tfnbs,"e=0.1,h=5.0,n=30,start_thres=1.25,min_cluster_size=3",hub,0.25,10,10,40,1730,0,0,40,1730,0.0,0.0,0.0,0.0,0.1640091592615301
fbc_tfnbs,"e=0.1,h=6.0,n=30,start_thres=1.25,min_cluster_size=3",hub,0.25,10,10,40,1730,0,0,40,1730,0.0,0.0,0.0,0.0,0.1640091592615301
fbc_tfnbs,"e=0.1,h=7.0,n=30,start_thres=1.25,min_cluster_size=3",hub,0.25,10,10,40,1730,0,0,40,1730,0.0,0.0,0.0,0.0,0.1640091592615301
fbc_tfnbs,"e=0.1,h=8.0,n=30,start_thres=1.25,min_cluster_size=3",hub,0.25,10,10,40,1730,0,0,40,1730,0.0,0.0,0.0,0.0,0.1640091592615301
fbc_tfnbs,"e=0.1,h=9.0,n=30,start_thres=1.25,min_cluster_size=3",hub,0.25,10,10,40,1730,0,0,40,1730,0.0,0.0,0.0,0.0,0.1640091592615301
fbc_tfnbs,"e=0.1,h=10.0,n=30,start_thres=1.25,min_cluster_size=3",hub,0.25,10,10,40,1730,0,0,40,1730,0.0,0.0,0.0,0.0,0.1640091592615301
fbc_tfnbs,"e=0.2,h=0.5,n=30,start_thres=1.25,min_cluster_size=3",hub,0.25,10,10,40,1730,0,0,40,1730,0.0,0.0,0.0,0.0,0.1640091592615301
fbc_tfnbs,"e=0.2,h=1.0,n=30,start_thres=1.25,min_cluster_size=3",hub,0.25,10,10,40,1730,0,0,40,1730,0.0,0.0,0.0,0.0,0.1640091592615301
fbc_tfnbs,"e=0.2,h=2.0,n=30,start_thres=1.25,min_cluster_size=3",hub,0.25,10,10,40,1730,0,0,40,1730,0.0,0.0,0.0,0.0,0.1640091592615301
fbc_tfnbs,"e=0.2,h=3.0,n=30,start_thres=1.25,min_cluster_size=3",hub,0.25,10,10,40,1730,0,0,40,1730,0.0,0.0,0.0,0.0,0.1640091592615301
fbc_tfnbs,"e=0.2,h=4.0,n=30,start_thres=1.25,min_cluster_size=3",hub,0.25,10,10,40,1730,0,0,40,1730,0.0,0.0,0.0,0.0,0.1640091592615301
fbc_tfnbs,"e=0.2,h=5.0,n=30,start_thres=1.25,min_cluster_size=3",hub,0.25,10,10,40,1730,0,0,40,1730,0.0,0.0,0.0,0.0,0.1640091592615301
fbc_tfnbs,"e=0.2,h=6.0,n=30,start_thres=1.25,min_cluster_size=3",hub,0.25,10,10,40,1730,0,0,40,1730,0.0,0.0,0.0,0.0,0.1640091592615301
fbc_tfnbs,"e=0.2,h=7.0,n=30,start_thres=1.25,min_cluster_size=3",hub,0.25,10,10,40,1730,0,0,40,1730,0.0,0.0,0.0,0.0,0.1640091592615301
fbc_tfnbs,"e=0.2,h=8.0,n=30,start_thres=1.25,min_cluster_size=3",hub,0.25,10,10,40,1730,0,0,40,1730,0.0,0.0,0.0,0.0,0.1640091592615301
fbc_tfnbs,"e=0.2,h=9.0,n=30,start_thres=1.25,min_cluster_size=3",hub,0.25,10,10,40,1730,0,0,40,1730,0.0,0.0,0.0,0.0,0.1640091592615301
fbc_tfnbs,"e=0.2,h=10.0,n=30,start_thres=1.25,min_cluster_size=3",hub,0.25,10,10,40,1730,0,0,40,1730,0.0,0.0,0.0,0.0,0.1640091592615301
fbc_tfnbs,"e=0.3,h=0.5,n=30,start_thres=1.25,min_cluster_size=3",hub,0.25,10,10,40,1730,0,0,40,1730,0.0,0.0,0.0,0.0,0.1640091592615301
fbc_tfnbs,"e=0.3,h=1.0,n=30,start_thres=1.25,min_cluster_size=3",hub,0.25,10,10,40,1730,0,0,40,1730,0.0,0.0,0.0,0.0,0.1640091592615301
fbc_tfnbs,"e=0.3,h=2.0,n=30,start_thres=1.25,min_cluster_size=3",hub,0.25,10,10,40,1730,0,0,40,1730,0.0,0.0,0.0,0.0,0.1640091592615301
fbc_tfnbs,"e=0.3,h=3.0,n=30,start_thres=1.25,min_cluster_size=3",hub,0.25,10,10,40,1730,0,0,40,1730,0.0,0.0,0.0,0.0,0.1640091592615301
fbc_tfnbs,"e=0.3,h=4.0,n=30,start_thres=1.25,min_cluster_size=3",hub,0.25,10,10,40,1730,0,0,40,1730,0.0,0.0,0.0,0.0,0.1640091592615301
fbc_tfnbs,"e=0.3,h=5.0,n=30,start_thres=1.25,min_cluster_size=3",hub,0.25,10,10,40,1730,0,0,40,1730,0.0,0.0,0.0,0.0,0.1640091592615301
fbc_tfnbs,"e=0.3,h=6.0,n=30,start_thres=1.25,min_cluster_size=3",hub,0.25,10,10,40,1730,0,0,40,1730,0.0,0.0,0.0,0.0,0.1640091592615301
fbc_tfnbs,"e=0.3,h=7.0,n=30,start_thres=1.25,min_cluster_size=3",hub,0.25,10,10,40,1730,0,0,40,1730,0.0,0.0,0.0,0.0,0.1640091592615301
fbc_tfnbs,"e=0.3,h=8.0,n=30,start_thres=1.25,min_cluster_size=3",hub,0.25,10,10,40,1730,0,0,40,1730,0.0,0.0,0.0,0.0,0.1640091592615301
fbc_tfnbs,"e=0.3,h=9.0,n=30,start_thres=1.25,min_cluster_size=3",hub,0.25,10,10,40,1730,0,0,40,1730,0.0,0.0,0.0,0.0,0.1640091592615301
fbc_tfnbs,"e=0.3,h=10.0,n=30,start_thres=1.25,min_cluster_size=3",hub,0.25,10,10,40,1730,0,0,40,1730,0.0,0.0,0.0,0.0,0.1640091592615301
fbc_tfnbs,"e=0.4,h=0.5,n=30,start_thres=1.25,min_cluster_size=3",hub,0.25,10,10,40,1730,0,0,40,1730,0.0,0.0,0.0,0.0,0.1640091592615301
fbc_tfnbs,"e=0.4,h=1.0,n=30,start_thres=1.25,min_cluster_size=3",hub,0.25,10,10,40,1730,0,0,40,1730,0.0,0.0,0.0,0.0,0.1640091592615301
fbc_tfnbs,"e=0.4,h=2.0,n=30,start_thres=1.25,min_cluster_size=3",hub,0.25,10,10,40,1730,0,0,40,1730,0.0,0.0,0.0,0.0,0.1640091592615301
fbc_tfnbs,"e=0.4,h=3.0,n=30,start_thres=1.25,min_cluster_size=3",hub,0.25,10,10,40,1730,0,0,40,1730,0.0,0.0,0.0,0.0,0.1640091592615301
fbc_tfnbs,"e=0.4,h=4.0,n=30,start_thres=1.25,min_cluster_size=3",hub,0.25,10,10,40,1730,0,0,40,1730,0.0,0.0,0.0,0.0,0.1640091592615301
fbc_tfnbs,"e=0.4,h=5.0,n=30,start_thres=1.25,min_cluster_size=3",hub,0.25,10,10,40,1730,0,0,40,1730,0.0,0.0,0.0,0.0,0.1640091592615301
fbc_tfnbs,"e=0.4,h=6.0,n=30,start_thres=1.25,min_cluster_size=3",hub,0.25,10,10,40,1730,0,0,40,1730,0.0,0.0,0.0,0.0,0.1640091592615301
fbc_tfnbs,"e=0.4,h=7.0,n=30,start_thres=1.25,min_cluster_size=3",hub,0.25,10,10,40,1730,0,0,40,1730,0.0,0.0,0.0,0.0,0.1640091592615301
fbc_tfnbs,"e=0.4,h=8.0,n=30,start_thres=1.25,min_cluster_size=3",hub,0.25,10,10,40,1730,0,0,40,1730,0.0,0.0,0.0,0.0,0.1640091592615301
fbc_tfnbs,"e=0.4,h=9.0,n=30,start_thres=1.25,min_cluster_size=3",hub,0.25,10,10,40,1730,0,0,40,1730,0.0,0.0,0.0,0.0,0.1640091592615301
fbc_tfnbs,"e=0.4,h=10.0,n=30,start_thres=1.25,min_cluster_size=3",hub,0.25,10,10,40,1730,0,0,40,1730,0.0,0.0,0.0,0.0,0.1640091592615301
fbc_tfnbs,"e=0.5,h=0.5,n=30,start_thres=1.25,min_cluster_size=3",hub,0.25,10,10,40,1730,0,0,40,1730,0.0,0.0,0.0,0.0,0.1640091592615301
fbc_tfnbs,"e=0.5,h=1.0,n=30,start_thres=1.25,min_cluster_size=3",hub,0.25,10,10,40,1730,0,0,40,1730,0.0,0.0,0.0,0.0,0.1640091592615301
fbc_tfnbs,"e=0.5,h=2.0,n=30,start_thres=1.25,min_cluster_size=3",hub,0.25,10,10,40,1730,0,0,40,1730,0.0,0.0,0.0,0.0,0.1640091592615301
fbc_tfnbs,"e=0.5,h=3.0,n=30,start_thres=1.25,min_cluster_size=3",hub,0.25,10,10,40,1730,0,0,40,1730,0.0,0.0,0.0,0.0,0.1640091592615301
fbc_tfnbs,"e=0.5,h=4.0,n=30,start_thres=1.25,min_cluster_size=3",hub,0.25,10,10,40,1730,0,0,40,1730,0.0,0.0,0.0,0.0,0.1640091592615301
fbc_tfnbs,"e=0.5,h=5.0,n=30,start_thres=1.25,min_cluster_size=3",hub,0.25,10,10,40,1730,0,0,40,1730,0.0,0.0,0.0,0.0,0.1640091592615301
fbc_tfnbs,"e=0.5,h=6.0,n=30,start_thres=1.25,min_cluster_size=3",hub,0.25,10,10,40,1730,0,0,40,1730,0.0,0.0,0.0,0.0,0.1640091592615301
fbc_tfnbs,"e=0.5,h=7.0,n=30,start_thres=1.25,min_cluster_size=3",hub,0.25,10,10,40,1730,0,0,40,1730,0.0,0.0,0.0,0.0,0.1640091592615301
fbc_tfnbs,"e=0.5,h=8.0,n=30,start_thres=1.25,min_cluster_size=3",hub,0.25,10,10,40,1730,0,0,40,1730,0.0,0.0,0.0,0.0,0.1640091592615301
fbc_tfnbs,"e=0.5,h=9.0,n=30,start_thres=1.25,min_cluster_size=3",hub,0.25,10,10,40,1730,0,0,40,1730,0.0,0.0,0.0,0.0,0.1640091592615301
fbc_tfnbs,"e=0.5,h=10.0,n=30,start_thres=1.25,min_cluster_size=3",hub,0.25,10,10,40,1730,0,0,40,1730,0.0,0.0,0.0,0.0,0.1640091592615301
fbc_tfnbs,"e=0.6,h=0.5,n=30,start_thres=1.25,min_cluster_size=3",hub,0.25,10,10,40,1730,0,0,40,1730,0.0,0.0,0.0,0.0,0.1640091592615301
fbc_tfnbs,"e=0.6,h=1.0,n=30,start_thres=1.25,min_cluster_size=3",hub,0.25,10,10,40,1730,0,0,40,1730,0.0,0.0,0.0,0.0,0.1640091592615301
fbc_tfnbs,"e=0.6,h=2.0,n=30,start_thres=1.25,min_cluster_size=3",hub,0.25,10,10,40,1730,0,0,40,1730,0.0,0.0,0.0,0.0,0.1640091592615301
fbc_tfnbs,"e=0.6,h=3.0,n=30,start_thres=1.25,min_cluster_size=3",hub,0.25,10,10,40,1730,0,0,40,1730,0.0,0.0,0.0,0.0,0.1640091592615301
fbc_tfnbs,"e=0.6,h=4.0,n=30,start_thres=1.25,min_cluster_size=3",hub,0.25,10,10,40,1730,0,0,40,1730,0.0,0.0,0.0,0.0,0.1640091592615301
fbc_tfnbs,"e=0.6,h=5.0,n=30,start_thres=1.25,min_cluster_size=3",hub,0.25,10,10,40,1730,0,0,40,1730,0.0,0.0,0.0,0.0,0.1640091592615301
fbc_tfnbs,"e=0.6,h=6.0,n=30,start_thres=1.25,min_cluster_size=3",hub,0.25,10,10,40,1730,0,0,40,1730,0.0,0.0,0.0,0.0,0.1640091592615301
fbc_tfnbs,"e=0.6,h=7.0,n=30,start_thres=1.25,min_cluster_size=3",hub,0.25,10,10,40,1730,0,0,40,1730,0.0,0.0,0.0,0.0,0.1640091592615301
fbc_tfnbs,"e=0.6,h=8.0,n=30,start_thres=1.25,min_cluster_size=3",hub,0.25,10,10,40,1730,0,0,40,1730,0.0,0.0,0.0,0.0,0.1640091592615301
fbc_tfnbs,"e=0.6,h=9.0,n=30,start_thres=1.25,min_cluster_size=3",hub,0.25,10,10,40,1730,0,0,40,1730,0.0,0.0,0.0,0.0,0.1640091592615301
fbc_tfnbs,"e=0.6,h=10.0,n=30,start_thres=1.25,min_cluster_size=3",hub,0.25,10,10,40,1730,0,0,40,1730,0.0,0.0,0.0,0.0,0.1640091592615301
fbc_tfnbs,"e=0.7,h=0.5,n=30,start_thres=1.25,min_cluster_size=3",hub,0.25,10,10,40,1730,0,0,40,1730,0.0,0.0,0.0,0.0,0.1640091592615301
fbc_tfnbs,"e=0.7,h=1.0,n=30,start_thres=1.25,min_cluster_size=3",hub,0.25,10,10,40,1730,0,0,40,1730,0.0,0.0,0.0,0.0,0.1640091592615301
fbc_tfnbs,"e=0.7,h=2.0,n=30,start_thres=1.25,min_cluster_size=3",hub,0.25,10,10,40,1730,0,0,40,1730,0.0,0.0,0.0,0.0,0.1640091592615301
fbc_tfnbs,"e=0.7,h=3.0,n=30,start_thres=1.25,min_cluster_size=3",hub,0.25,10,10,40,1730,0,0,40,1730,0.0,0.0,0.0,0.0,0.1640091592615301
fbc_tfnbs,"e=0.7,h=4.0,n=30,start_thres=1.25,min_cluster_size=3",hub,0.25,10,10,40,1730,0,0,40,1730,0.0,0.0,0.0,0.0,0.1640091592615301
fbc_tfnbs,"e=0.7,h=5.0,n=30,start_thres=1.25,min_cluster_size=3",hub,0.25,10,10,40,1730,0,0,40,1730,0.0,0.0,0.0,0.0,0.1640091592615301
fbc_tfnbs,"e=0.7,h=6.0,n=30,start_thres=1.25,min_cluster_size=3",hub,0.25,10,10,40,1730,0,0,40,1730,0.0,0.0,0.0,0.0,0.1640091592615301
fbc_tfnbs,"e=0.7,h=7.0,n=30,start_thres=1.25,min_cluster_size=3",hub,0.25,10,10,40,1730,0,0,40,1730,0.0,0.0,0.0,0.0,0.1640091592615301
fbc_tfnbs,"e=0.7,h=8.0,n=30,start_thres=1.25,min_cluster_size=3",hub,0.25,10,10,40,1730,0,0,40,1730,0.0,0.0,0.0,0.0,0.1640091592615301
fbc_tfnbs,"e=0.7,h=9.0,n=30,start_thres=1.25,min_cluster_size=3",hub,0.25,10,10,40,1730,0,0,40,1730,0.0,0.0,0.0,0.0,0.1640091592615301
fbc_tfnbs,"e=0.7,h=10.0,n=30,start_thres=1.25,min_cluster_size=3",hub,0.25,10,10,40,1730,0,0,40,1730,0.0,0.0,0.0,0.0,0.1640091592615301
fbc_tfnbs,"e=0.8,h=0.5,n=30,start_thres=1.25,min_cluster_size=3",hub,0.25,10,10,40,1730,0,0,40,1730,0.0,0.0,0.0,0.0,0.1640091592615301
fbc_tfnbs,"e=0.8,h=1.0,n=30,start_thres=1.25,min_cluster_size=3",hub,0.25,10,10,40,1730,0,0,40,1730,0.0,0.0,0.0,0.0,0.1640091592615301
fbc_tfnbs,"e=0.8,h=2.0,n=30,start_thres=1.25,min_cluster_size=3",hub,0.25,10,10,40,1730,0,0,40,1730,0.0,0.0,0.0,0.0,0.1640091592615301
fbc_tfnbs,"e=0.8,h=3.0,n=30,start_thres=1.25,min_cluster_size=3",hub,0.25,10,10,40,1730,0,0,40,1730,0.0,0.0,0.0,0.0,0.1640091592615301
fbc_tfnbs,"e=0.8,h=4.0,n=30,start_thres=1.25,min_cluster_size=3",hub,0.25,10,10,40,1730,0,0,40,1730,0.0,0.0,0.0,0.0,0.1640091592615301
fbc_tfnbs,"e=0.8,h=5.0,n=30,start_thres=1.25,min_cluster_size=3",hub,0.25,10,10,40,1730,0,0,40,1730,0.0,0.0,0.0,0.0,0.1640091592615301
fbc_tfnbs,"e=0.8,h=6.0,n=30,start_thres=1.25,min_cluster_size=3",hub,0.25,10,10,40,1730,0,0,40,1730,0.0,0.0,0.0,0.0,0.1640091592615301
fbc_tfnbs,"e=0.8,h=7.0,n=30,start_thres=1.25,min_cluster_size=3",hub,0.25,10,10,40,1730,0,0,40,1730,0.0,0.0,0.0,0.0,0.1640091592615301
fbc_tfnbs,"e=0.8,h=8.0,n=30,start_thres=1.25,min_cluster_size=3",hub,0.25,10,10,40,1730,0,0,40,1730,0.0,0.0,0.0,0.0,0.1640091592615301
fbc_tfnbs,"e=0.8,h=9.0,n=30,start_thres=1.25,min_cluster_size=3",hub,0.25,10,10,40,1730,0,0,40,1730,0.0,0.0,0.0,0.0,0.1640091592615301
fbc_tfnbs,"e=0.8,h=10.0,n=30,start_thres=1.25,min_cluster_size=3",hub,0.25,10,10,40,1730,0,0,40,1730,0.0,0.0,0.0,0.0,0.1640091592615301
fbc_tfnbs,"e=0.9,h=0.5,n=30,start_thres=1.25,min_cluster_size=3",hub,0.25,10,10,40,1730,0,0,40,1730,0.0,0.0,0.0,0.0,0.1640091592615301
fbc_tfnbs,"e=0.9,h=1.0,n=30,start_thres=1.25,min_cluster_size=3",hub,0.25,10,10,40,1730,0,0,40,1730,0.0,0.0,0.0,0.0,0.1640091592615301
fbc_tfnbs,"e=0.9,h=2.0,n=30,start_thres=1.25,min_cluster_size=3",hub,0.25,10,10,40,1730,0,0,40,1730,0.0,0.0,0.0,0.0,0.1640091592615301
fbc_tfnbs,"e=0.9,h=3.0,n=30,start_thres=1.25,min_cluster_size=3",hub,0.25,10,10,40,1730,0,0,40,1730,0.0,0.0,0.0,0.0,0.1640091592615301
fbc_tfnbs,"e=0.9,h=4.0,n=30,start_thres=1.25,min_cluster_size=3",hub,0.25,10,10,40,1730,0,0,40,1730,0.0,0.0,0.0,0.0,0.1640091592615301
fbc_tfnbs,"e=0.9,h=5.0,n=30,start_thres=1.25,min_cluster_size=3",hub,0.25,10,10,40,1730,0,0,40,1730,0.0,0.0,0.0,0.0,0.1640091592615301
fbc_tfnbs,"e=0.9,h=6.0,n=30,start_thres=1.25,min_cluster_size=3",hub,0.25,10,10,40,1730,0,0,40,1730,0.0,0.0,0.0,0.0,0.1640091592615301
fbc_tfnbs,"e=0.9,h=7.0,n=30,start_thres=1.25,min_cluster_size=3",hub,0.25,10,10,40,1730,0,0,40,1730,0.0,0.0,0.0,0.0,0.1640091592615301
fbc_tfnbs,"e=0.9,h=8.0,n=30,start_thres=1.25,min_cluster_size=3",hub,0.25,10,10,40,1730,0,0,40,1730,0.0,0.0,0.0,0.0,0.1640091592615301
fbc_tfnbs,"e=0.9,h=9.0,n=30,start_thres=1.25,min_cluster_size=3",hub,0.25,10,10,40,1730,0,0,40,1730,0.0,0.0,0.0,0.0,0.1640091592615301
fbc_tfnbs,"e=0.9,h=10.0,n=30,start_thres=1.25,min_cluster_size=3",hub,0.25,10,10,40,1730,0,0,40,1730,0.0,0.0,0.0,0.0,0.1640091592615301
fbc_tfnbs,"e=1.0,h=0.5,n=30,start_thres=1.25,min_cluster_size=3",hub,0.25,10,10,40,1730,0,0,40,1730,0.0,0.0,0.0,0.0,0.1640091592615301
fbc_tfnbs,"e=1.0,h=1.0,n=30,start_thres=1.25,min_cluster_size=3",hub,0.25,10,10,40,1730,0,0,40,1730,0.0,0.0,0.0,0.0,0.1640091592615301
fbc_tfnbs,"e=1.0,h=2.0,n=30,start_thres=1.25,min_cluster_size=3",hub,0.25,10,10,40,1730,0,0,40,1730,0.0,0.0,0.0,0.0,0.1640091592615301
fbc_tfnbs,"e=1.0,h=3.0,n=30,start_thres=1.25,min_cluster_size=3",hub,0.25,10,10,40,1730,0,0,40,1730,0.0,0.0,0.0,0.0,0.1640091592615301
fbc_tfnbs,"e=1.0,h=4.0,n=30,start_thres=1.25,min_cluster_size=3",hub,0.25,10,10,40,1730,0,0,40,1730,0.0,0.0,0.0,0.0,0.1640091592615301
fbc_tfnbs,"e=1.0,h=5.0,n=30,start_thres=1.25,min_cluster_size=3",hub,0.25,10,10,40,1730,0,0,40,1730,0.0,0.0,0.0,0.0,0.1640091592615301
fbc_tfnbs,"e=1.0,h=6.0,n=30,start_thres=1.25,min_cluster_size=3",hub,0.25,10,10,40,1730,0,0,40,1730,0.0,0.0,0.0,0.0,0.1640091592615301
fbc_tfnbs,"e=1.0,h=7.0,n=30,start_thres=1.25,min_cluster_size=3",hub,0.25,10,10,40,1730,0,0,40,1730,0.0,0.0,0.0,0.0,0.1640091592615301
fbc_tfnbs,"e=1.0,h=8.0,n=30,start_thres=1.25,min_cluster_size=3",hub,0.25,10,10,40,1730,0,0,40,1730,0.0,0.0,0.0,0.0,0.1640091592615301
fbc_tfnbs,"e=1.0,h=9.0,n=30,start_thres=1.25,min_cluster_size=3",hub,0.25,10,10,40,1730,0,0,40,1730,0.0,0.0,0.0,0.0,0.1640091592615301
fbc_tfnbs,"e=1.0,h=10.0,n=30,start_thres=1.25,min_cluster_size=3",hub,0.25,10,10,40,1730,0,0,40,1730,0.0,0.0,0.0,0.0,0.1640091592615301
fbc_tfnbs,"e=1.1,h=0.5,n=30,start_thres=1.25,min_cluster_size=3",hub,0.25,10,10,40,1730,0,0,40,1730,0.0,0.0,0.0,0.0,0.1640091592615301
fbc_tfnbs,"e=1.1,h=1.0,n=30,start_thres=1.25,min_cluster_size=3",hub,0.25,10,10,40,1730,0,0,40,1730,0.0,0.0,0.0,0.0,0.1640091592615301
fbc_tfnbs,"e=1.1,h=2.0,n=30,start_thres=1.25,min_cluster_size=3",hub,0.25,10,10,40,1730,0,0,40,1730,0.0,0.0,0.0,0.0,0.1640091592615301
fbc_tfnbs,"e=1.1,h=3.0,n=30,start_thres=1.25,min_cluster_size=3",hub,0.25,10,10,40,1730,0,0,40,1730,0.0,0.0,0.0,0.0,0.1640091592615301
fbc_tfnbs,"e=1.1,h=4.0,n=30,start_thres=1.25,min_cluster_size=3",hub,0.25,10,10,40,1730,0,0,40,1730,0.0,0.0,0.0,0.0,0.1640091592615301
fbc_tfnbs,"e=1.1,h=5.0,n=30,start_thres=1.25,min_cluster_size=3",hub,0.25,10,10,40,1730,0,0,40,1730,0.0,0.0,0.0,0.0,0.1640091592615301
fbc_tfnbs,"e=1.1,h=6.0,n=30,start_thres=1.25,min_cluster_size=3",hub,0.25,10,10,40,1730,0,0,40,1730,0.0,0.0,0.0,0.0,0.1640091592615301
fbc_tfnbs,"e=1.1,h=7.0,n=30,start_thres=1.25,min_cluster_size=3",hub,0.25,10,10,40,1730,0,0,40,1730,0.0,0.0,0.0,0.0,0.1640091592615301
fbc_tfnbs,"e=1.1,h=8.0,n=30,start_thres=1.25,min_cluster_size=3",hub,0.25,10,10,40,1730,0,0,40,1730,0.0,0.0,0.0,0.0,0.1640091592615301
fbc_tfnbs,"e=1.1,h=9.0,n=30,start_thres=1.25,min_cluster_size=3",hub,0.25,10,10,40,1730,0,0,40,1730,0.0,0.0,0.0,0.0,0.1640091592615301
fbc_tfnbs,"e=1.1,h=10.0,n=30,start_thres=1.25,min_cluster_size=3",hub,0.25,10,10,40,1730,0,0,40,1730,0.0,0.0,0.0,0.0,0.1640091592615301
fbc_tfnbs,"e=1.2,h=0.5,n=30,start_thres=1.25,min_cluster_size=3",hub,0.25,10,10,40,1730,0,0,40,1730,0.0,0.0,0.0,0.0,0.1640091592615301
fbc_tfnbs,"e=1.2,h=1.0,n=30,start_thres=1.25,min_cluster_size=3",hub,0.25,10,10,40,1730,0,0,40,1730,0.0,0.0,0.0,0.0,0.1640091592615301
fbc_tfnbs,"e=1.2,h=2.0,n=30,start_thres=1.25,min_cluster_size=3",hub,0.25,10,10,40,1730,0,0,40,1730,0.0,0.0,0.0,0.0,0.1640091592615301
fbc_tfnbs,"e=1.2,h=3.0,n=30,start_thres=1.25,min_cluster_size=3",hub,0.25,10,10,40,1730,0,0,40,1730,0.0,0.0,0.0,0.0,0.1640091592615301
fbc_tfnbs,"e=1.2,h=4.0,n=30,start_thres=1.25,min_cluster_size=3",hub,0.25,10,10,40,1730,0,0,40,1730,0.0,0.0,0.0,0.0,0.1640091592615301
fbc_tfnbs,"e=1.2,h=5.0,n=30,start_thres=1.25,min_cluster_size=3",hub,0.25,10,10,40,1730,0,0,40,1730,0.0,0.0,0.0,0.0,0.1640091592615301
fbc_tfnbs,"e=1.2,h=6.0,n=30,start_thres=1.25,min_cluster_size=3",hub,0.25,10,10,40,1730,0,0,40,1730,0.0,0.0,0.0,0.0,0.1640091592615301
fbc_tfnbs,"e=1.2,h=7.0,n=30,start_thres=1.25,min_cluster_size=3",hub,0.25,10,10,40,1730,0,0,40,1730,0.0,0.0,0.0,0.0,0.1640091592615301
fbc_tfnbs,"e=1.2,h=8.0,n=30,start_thres=1.25,min_cluster_size=3",hub,0.25,10,10,40,1730,0,0,40,1730,0.0,0.0,0.0,0.0,0.1640091592615301
fbc_tfnbs,"e=1.2,h=9.0,n=30,start_thres=1.25,min_cluster_size=3",hub,0.25,10,10,40,1730,0,0,40,1730,0.0,0.0,0.0,0.0,0.1640091592615301
fbc_tfnbs,"e=1.2,h=10.0,n=30,start_thres=1.25,min_cluster_size=3",hub,0.25,10,10,40,1730,0,0,40,1730,0.0,0.0,0.0,0.0,0.1640091592615301
fbc_tfnbs,"e=1.3,h=0.5,n=30,start_thres=1.25,min_cluster_size=3",hub,0.25,10,10,40,1730,0,0,40,1730,0.0,0.0,0.0,0.0,0.1640091592615301
fbc_tfnbs,"e=1.3,h=1.0,n=30,start_thres=1.25,min_cluster_size=3",hub,0.25,10,10,40,1730,0,0,40,1730,0.0,0.0,0.0,0.0,0.1640091592615301
fbc_tfnbs,"e=1.3,h=2.0,n=30,start_thres=1.25,min_cluster_size=3",hub,0.25,10,10,40,1730,0,0,40,1730,0.0,0.0,0.0,0.0,0.1640091592615301
fbc_tfnbs,"e=1.3,h=3.0,n=30,start_thres=1.25,min_cluster_size=3",hub,0.25,10,10,40,1730,0,0,40,1730,0.0,0.0,0.0,0.0,0.1640091592615301
fbc_tfnbs,"e=1.3,h=4.0,n=30,start_thres=1.25,min_cluster_size=3",hub,0.25,10,10,40,1730,0,0,40,1730,0.0,0.0,0.0,0.0,0.1640091592615301
fbc_tfnbs,"e=1.3,h=5.0,n=30,start_thres=1.25,min_cluster_size=3",hub,0.25,10,10,40,1730,0,0,40,1730,0.0,0.0,0.0,0.0,0.1640091592615301
fbc_tfnbs,"e=1.3,h=6.0,n=30,start_thres=1.25,min_cluster_size=3",hub,0.25,10,10,40,1730,0,0,40,1730,0.0,0.0,0.0,0.0,0.1640091592615301
fbc_tfnbs,"e=1.3,h=7.0,n=30,start_thres=1.25,min_cluster_size=3",hub,0.25,10,10,40,1730,0,0,40,1730,0.0,0.0,0.0,0.0,0.1640091592615301
fbc_tfnbs,"e=1.3,h=8.0,n=30,start_thres=1.25,min_cluster_size=3",hub,0.25,10,10,40,1730,0,0,40,1730,0.0,0.0,0.0,0.0,0.1640091592615301
fbc_tfnbs,"e=1.3,h=9.0,n=30,start_thres=1.25,min_cluster_size=3",hub,0.25,10,10,40,1730,0,0,40,1730,0.0,0.0,0.0,0.0,0.1640091592615301
fbc_tfnbs,"e=1.3,h=10.0,n=30,start_thres=1.25,min_cluster_size=3",hub,0.25,10,10,40,1730,0,0,40,1730,0.0,0.0,0.0,0.0,0.1640091592615301
fbc_tfnbs,"e=1.4,h=0.5,n=30,start_thres=1.25,min_cluster_size=3",hub,0.25,10,10,40,1730,0,0,40,1730,0.0,0.0,0.0,0.0,0.1640091592615301
fbc_tfnbs,"e=1.4,h=1.0,n=30,start_thres=1.25,min_cluster_size=3",hub,0.25,10,10,40,1730,0,0,40,1730,0.0,0.0,0.0,0.0,0.1640091592615301
fbc_tfnbs,"e=1.4,h=2.0,n=30,start_thres=1.25,min_cluster_size=3",hub,0.25,10,10,40,1730,0,0,40,1730,0.0,0.0,0.0,0.0,0.1640091592615301
fbc_tfnbs,"e=1.4,h=3.0,n=30,start_thres=1.25,min_cluster_size=3",hub,0.25,10,10,40,1730,0,0,40,1730,0.0,0.0,0.0,0.0,0.1640091592615301
fbc_tfnbs,"e=1.4,h=4.0,n=30,start_thres=1.25,min_cluster_size=3",hub,0.25,10,10,40,1730,0,0,40,1730,0.0,0.0,0.0,0.0,0.1640091592615301
fbc_tfnbs,"e=1.4,h=5.0,n=30,start_thres=1.25,min_cluster_size=3",hub,0.25,10,10,40,1730,0,0,40,1730,0.0,0.0,0.0,0.0,0.1640091592615301
fbc_tfnbs,"e=1.4,h=6.0,n=30,start_thres=1.25,min_cluster_size=3",hub,0.25,10,10,40,1730,0,0,40,1730,0.0,0.0,0.0,0.0,0.1640091592615301
fbc_tfnbs,"e=1.4,h=7.0,n=30,start_thres=1.25,min_cluster_size=3",hub,0.25,10,10,40,1730,0,0,40,1730,0.0,0.0,0.0,0.0,0.1640091592615301
fbc_tfnbs,"e=1.4,h=8.0,n=30,start_thres=1.25,min_cluster_size=3",hub,0.25,10,10,40,1730,0,0,40,1730,0.0,0.0,0.0,0.0,0.1640091592615301
fbc_tfnbs,"e=1.4,h=9.0,n=30,start_thres=1.25,min_cluster_size=3",hub,0.25,10,10,40,1730,0,0,40,1730,0.0,0.0,0.0,0.0,0.1640091592615301
fbc_tfnbs,"e=1.4,h=10.0,n=30,start_thres=1.25,min_cluster_size=3",hub,0.25,10,10,40,1730,0,0,40,1730,0.0,0.0,0.0,0.0,0.1640091592615301
fbc_tfnbs,"e=1.5,h=0.5,n=30,start_thres=1.25,min_cluster_size=3",hub,0.25,10,10,40,1730,0,0,40,1730,0.0,0.0,0.0,0.0,0.1640091592615301
fbc_tfnbs,"e=1.5,h=1.0,n=30,start_thres=1.25,min_cluster_size=3",hub,0.25,10,10,40,1730,0,0,40,1730,0.0,0.0,0.0,0.0,0.1640091592615301
fbc_tfnbs,"e=1.5,h=2.0,n=30,start_thres=1.25,min_cluster_size=3",hub,0.25,10,10,40,1730,0,0,40,1730,0.0,0.0,0.0,0.0,0.1640091592615301
fbc_tfnbs,"e=1.5,h=3.0,n=30,start_thres=1.25,min_cluster_size=3",hub,0.25,10,10,40,1730,0,0,40,1730,0.0,0.0,0.0,0.0,0.1640091592615301
fbc_tfnbs,"e=1.5,h=4.0,n=30,start_thres=1.25,min_cluster_size=3",hub,0.25,10,10,40,1730,0,0,40,1730,0.0,0.0,0.0,0.0,0.1640091592615301
fbc_tfnbs,"e=1.5,h=5.0,n=30,start_thres=1.25,min_cluster_size=3",hub,0.25,10,10,40,1730,0,0,40,1730,0.0,0.0,0.0,0.0,0.1640091592615301
fbc_tfnbs,"e=1.5,h=6.0,n=30,start_thres=1.25,min_cluster_size=3",hub,0.25,10,10,40,1730,0,0,40,1730,0.0,0.0,0.0,0.0,0.1640091592615301
fbc_tfnbs,"e=1.5,h=7.0,n=30,start_thres=1.25,min_cluster_size=3",hub,0.25,10,10,40,1730,0,0,40,1730,0.0,0.0,0.0,0.0,0.1640091592615301
fbc_tfnbs,"e=1.5,h=8.0,n=30,start_thres=1.25,min_cluster_size=3",hub,0.25,10,10,40,1730,0,0,40,1730,0.0,0.0,0.0,0.0,0.1640091592615301
fbc_tfnbs,"e=1.5,h=9.0,n=30,start_thres=1.25,min_cluster_size=3",hub,0.25,10,10,40,1730,0,0,40,1730,0.0,0.0,0.0,0.0,0.1640091592615301
fbc_tfnbs,"e=1.5,h=10.0,n=30,start_thres=1.25,min_cluster_size=3",hub,0.25,10,10,40,1730,0,0,40,1730,0.0,0.0,0.0,0.0,0.1640091592615301
fbc_tfnbs,"e=0.05,h=0.5,n=30,start_thres=1.25,min_cluster_size=3",hub,0.25,10,11,40,1730,0,0,40,1730,0.0,0.0,0.0,0.0,0.1737575395540757
fbc_tfnbs,"e=0.05,h=1.0,n=30,start_thres=1.25,min_cluster_size=3",hub,0.25,10,11,40,1730,0,0,40,1730,0.0,0.0,0.0,0.0,0.1737575395540757
fbc_tfnbs,"e=0.05,h=2.0,n=30,start_thres=1.25,min_cluster_size=3",hub,0.25,10,11,40,1730,0,0,40,1730,0.0,0.0,0.0,0.0,0.1737575395540757
fbc_tfnbs,"e=0.05,h=3.0,n=30,start_thres=1.25,min_cluster_size=3",hub,0.25,10,11,40,1730,0,0,40,1730,0.0,0.0,0.0,0.0,0.1737575395540757
fbc_tfnbs,"e=0.05,h=4.0,n=30,start_thres=1.25,min_cluster_size=3",hub,0.25,10,11,40,1730,0,0,40,1730,0.0,0.0,0.0,0.0,0.1737575395540757
fbc_tfnbs,"e=0.05,h=5.0,n=30,start_thres=1.25,min_cluster_size=3",hub,0.25,10,11,40,1730,0,0,40,1730,0.0,0.0,0.0,0.0,0.1737575395540757
fbc_tfnbs,"e=0.05,h=6.0,n=30,start_thres=1.25,min_cluster_size=3",hub,0.25,10,11,40,1730,0,0,40,1730,0.0,0.0,0.0,0.0,0.1737575395540757
fbc_tfnbs,"e=0.05,h=7.0,n=30,start_thres=1.25,min_cluster_size=3",hub,0.25,10,11,40,1730,0,0,40,1730,0.0,0.0,0.0,0.0,0.1737575395540757
fbc_tfnbs,"e=0.05,h=8.0,n=30,start_thres=1.25,min_cluster_size=3",hub,0.25,10,11,40,1730,0,0,40,1730,0.0,0.0,0.0,0.0,0.1737575395540757
fbc_tfnbs,"e=0.05,h=9.0,n=30,start_thres=1.25,min_cluster_size=3",hub,0.25,10,11,40,1730,0,0,40,1730,0.0,0.0,0.0,0.0,0.1737575395540757
fbc_tfnbs,"e=0.05,h=10.0,n=30,start_thres=1.25,min_cluster_size=3",hub,0.25,10,11,40,1730,0,0,40,1730,0.0,0.0,0.0,0.0,0.1737575395540757
fbc_tfnbs,"e=0.1,h=0.5,n=30,start_thres=1.25,min_cluster_size=3",hub,0.25,10,11,40,1730,0,0,40,1730,0.0,0.0,0.0,0.0,0.1737575395540757
fbc_tfnbs,"e=0.1,h=1.0,n=30,start_thres=1.25,min_cluster_size=3",hub,0.25,10,11,40,1730,0,0,40,1730,0.0,0.0,0.0,0.0,0.1737575395540757
fbc_tfnbs,"e=0.1,h=2.0,n=30,start_thres=1.25,min_cluster_size=3",hub,0.25,10,11,40,1730,0,0,40,1730,0.0,0.0,0.0,0.0,0.1737575395540757
fbc_tfnbs,"e=0.1,h=3.0,n=30,start_thres=1.25,min_cluster_size=3",hub,0.25,10,11,40,1730,0,0,40,1730,0.0,0.0,0.0,0.0,0.1737575395540757
fbc_tfnbs,"e=0.1,h=4.0,n=30,start_thres=1.25,min_cluster_size=3",hub,0.25,10,11,40,1730,0,0,40,1730,0.0,0.0,0.0,0.0,0.1737575395540757
fbc_tfnbs,"e=0.1,h=5.0,n=30,start_thres=1.25,min_cluster_size=3",hub,0.25,10,11,40,1730,0,0,40,1730,0.0,0.0,0.0,0.0,0.1737575395540757
fbc_tfnbs,"e=0.1,h=6.0,n=30,start_thres=1.25,min_cluster_size=3",hub,0.25,10,11,40,1730,0,0,40,1730,0.0,0.0,0.0,0.0,0.1737575395540757
fbc_tfnbs,"e=0.1,h=7.0,n=30,start_thres=1.25,min_cluster_size=3",hub,0.25,10,11,40,1730,0,0,40,1730,0.0,0.0,0.0,0.0,0.1737575395540757
fbc_tfnbs,"e=0.1,h=8.0,n=30,start_thres=1.25,min_cluster_size=3",hub,0.25,10,11,40,1730,0,0,40,1730,0.0,0.0,0.0,0.0,0.1737575395540757
fbc_tfnbs,"e=0.1,h=9.0,n=30,start_thres=1.25,min_cluster_size=3",hub,0.25,10,11,40,1730,0,0,40,1730,0.0,0.0,0.0,0.0,0.1737575395540757
fbc_tfnbs,"e=0.1,h=10.0,n=30,start_thres=1.25,min_cluster_size=3",hub,0.25,10,11,40,1730,0,0,40,1730,0.0,0.0,0.0,0.0,0.1737575395540757
fbc_tfnbs,"e=0.2,h=0.5,n=30,start_thres=1.25,min_cluster_size=3",hub,0.25,10,11,40,1730,0,0,40,1730,0.0,0.0,0.0,0.0,0.1737575395540757
fbc_tfnbs,"e=0.2,h=1.0,n=30,start_thres=1.25,min_cluster_size=3",hub,0.25,10,11,40,1730,0,0,40,1730,0.0,0.0,0.0,0.0,0.1737575395540757
fbc_tfnbs,"e=0.2,h=2.0,n=30,start_thres=1.25,min_cluster_size=3",hub,0.25,10,11,40,1730,0,0,40,1730,0.0,0.0,0.0,0.0,0.1737575395540757
fbc_tfnbs,"e=0.2,h=3.0,n=30,start_thres=1.25,min_cluster_size=3",hub,0.25,10,11,40,1730,0,0,40,1730,0.0,0.0,0.0,0.0,0.1737575395540757
fbc_tfnbs,"e=0.2,h=4.0,n=30,start_thres=1.25,min_cluster_size=3",hub,0.25,10,11,40,1730,0,0,40,1730,0.0,0.0,0.0,0.0,0.1737575395540757
fbc_tfnbs,"e=0.2,h=5.0,n=30,start_thres=1.25,min_cluster_size=3",hub,0.25,10,11,40,1730,0,0,40,1730,0.0,0.0,0.0,0.0,0.1737575395540757
fbc_tfnbs,"e=0.2,h=6.0,n=30,start_thres=1.25,min_cluster_size=3",hub,0.25,10,11,40,1730,0,0,40,1730,0.0,0.0,0.0,0.0,0.1737575395540757
fbc_tfnbs,"e=0.2,h=7.0,n=30,start_thres=1.25,min_cluster_size=3",hub,0.25,10,11,40,1730,0,0,40,1730,0.0,0.0,0.0,0.0,0.1737575395540757
fbc_tfnbs,"e=0.2,h=8.0,n=30,start_thres=1.25,min_cluster_size=3",hub,0.25,10,11,40,1730,0,0,40,1730,0.0,0.0,0.0,0.0,0.1737575395540757
fbc_tfnbs,"e=0.2,h=9.0,n=30,start_thres=1.25,min_cluster_size=3",hub,0.25,10,11,40,1730,0,0,40,1730,0.0,0.0,0.0,0.0,0.1737575395540757
fbc_tfnbs,"e=0.2,h=10.0,n=30,start_thres=1.25,min_cluster_size=3",hub,0.25,10,11,40,1730,0,0,40,1730,0.0,0.0,0.0,0.0,0.1737575395540757
fbc_tfnbs,"e=0.3,h=0.5,n=30,start_thres=1.25,min_cluster_size=3",hub,0.25,10,11,40,1730,0,0,40,1730,0.0,0.0,0.0,0.0,0.1737575395540757
fbc_tfnbs,"e=0.3,h=1.0,n=30,start_thres=1.25,min_cluster_size=3",hub,0.25,10,11,40,1730,0,0,40,1730,0.0,0.0,0.0,0.0,0.1737575395540757
fbc_tfnbs,"e=0.3,h=2.0,n=30,start_thres=1.25,min_cluster_size=3",hub,0.25,10,11,40,1730,0,0,40,1730,0.0,0.0,0.0,0.0,0.1737575395540757
fbc_tfnbs,"e=0.3,h=3.0,n=30,start_thres=1.25,min_cluster_size=3",hub,0.25,10,11,40,1730,0,0,40,1730,0.0,0.0,0.0,0.0,0.1737575395540757
fbc_tfnbs,"e=0.3,h=4.0,n=30,start_thres=1.25,min_cluster_size=3",hub,0.25,10,11,40,1730,0,0,40,1730,0.0,0.0,0.0,0.0,0.1737575395540757
fbc_tfnbs,"e=0.3,h=5.0,n=30,start_thres=1.25,min_cluster_size=3",hub,0.25,10,11,40,1730,0,0,40,1730,0.0,0.0,0.0,0.0,0.1737575395540757
fbc_tfnbs,"e=0.3,h=6.0,n=30,start_thres=1.25,min_cluster_size=3",hub,0.25,10,11,40,1730,0,0,40,1730,0.0,0.0,0.0,0.0,0.1737575395540757
fbc_tfnbs,"e=0.3,h=7.0,n=30,start_thres=1.25,min_cluster_size=3",hub,0.25,10,11,40,1730,0,0,40,1730,0.0,0.0,0.0,0.0,0.1737575395540757
fbc_tfnbs,"e=0.3,h=8.0,n=30,start_thres=1.25,min_cluster_size=3",hub,0.25,10,11,40,1730,0,0,40,1730,0.0,0.0,0.0,0.0,0.1737575395540757
fbc_tfnbs,"e=0.3,h=9.0,n=30,start_thres=1.25,min_cluster_size=3",hub,0.25,10,11,40,1730,0,0,40,1730,0.0,0.0,0.0,0.0,0.1737575395540757
fbc_tfnbs,"e=0.3,h=10.0,n=30,start_thres=1.25,min_cluster_size=3",hub,0.25,10,11,40,1730,0,0,40,1730,0.0,0.0,0.0,0.0,0.1737575395540757
fbc_tfnbs,"e=0.4,h=0.5,n=30,start_thres=1.25,min_cluster_size=3",hub,0.25,10,11,40,1730,0,0,40,1730,0.0,0.0,0.0,0.0,0.1737575395540757
fbc_tfnbs,"e=0.4,h=1.0,n=30,start_thres=1.25,min_cluster_size=3",hub,0.25,10,11,40,1730,0,0,40,1730,0.0,0.0,0.0,0.0,0.1737575395540757
fbc_tfnbs,"e=0.4,h=2.0,n=30,start_thres=1.25,min_cluster_size=3",hub,0.25,10,11,40,1730,0,0,40,1730,0.0,0.0,0.0,0.0,0.1737575395540757
fbc_tfnbs,"e=0.4,h=3.0,n=30,start_thres=1.25,min_cluster_size=3",hub,0.25,10,11,40,1730,0,0,40,1730,0.0,0.0,0.0,0.0,0.1737575395540757
fbc_tfnbs,"e=0.4,h=4.0,n=30,start_thres=1.25,min_cluster_size=3",hub,0.25,10,11,40,1730,0,0,40,1730,0.0,0.0,0.0,0.0,0.1737575395540757
fbc_tfnbs,"e=0.4,h=5.0,n=30,start_thres=1.25,min_cluster_size=3",hub,0.25,10,11,40,1730,0,0,40,1730,0.0,0.0,0.0,0.0,0.1737575395540757
fbc_tfnbs,"e=0.4,h=6.0,n=30,start_thres=1.25,min_cluster_size=3",hub,0.25,10,11,40,1730,0,0,40,1730,0.0,0.0,0.0,0.0,0.1737575395540757
fbc_tfnbs,"e=0.4,h=7.0,n=30,start_thres=1.25,min_cluster_size=3",hub,0.25,10,11,40,1730,0,0,40,1730,0.0,0.0,0.0,0.0,0.1737575395540757
fbc_tfnbs,"e=0.4,h=8.0,n=30,start_thres=1.25,min_cluster_size=3",hub,0.25,10,11,40,1730,0,0,40,1730,0.0,0.0,0.0,0.0,0.1737575395540757
fbc_tfnbs,"e=0.4,h=9.0,n=30,start_thres=1.25,min_cluster_size=3",hub,0.25,10,11,40,1730,0,0,40,1730,0.0,0.0,0.0,0.0,0.1737575395540757
fbc_tfnbs,"e=0.4,h=10.0,n=30,start_thres=1.25,min_cluster_size=3",hub,0.25,10,11,40,1730,0,0,40,1730,0.0,0.0,0.0,0.0,0.1737575395540757
fbc_tfnbs,"e=0.5,h=0.5,n=30,start_thres=1.25,min_cluster_size=3",hub,0.25,10,11,40,1730,0,0,40,1730,0.0,0.0,0.0,0.0,0.1737575395540757
fbc_tfnbs,"e=0.5,h=1.0,n=30,start_thres=1.25,min_cluster_size=3",hub,0.25,10,11,40,1730,0,0,40,1730,0.0,0.0,0.0,0.0,0.1737575395540757
fbc_tfnbs,"e=0.5,h=2.0,n=30,start_thres=1.25,min_cluster_size=3",hub,0.25,10,11,40,1730,0,0,40,1730,0.0,0.0,0.0,0.0,0.1737575395540757
fbc_tfnbs,"e=0.5,h=3.0,n=30,start_thres=1.25,min_cluster_size=3",hub,0.25,10,11,40,1730,0,0,40,1730,0.0,0.0,0.0,0.0,0.1737575395540757
fbc_tfnbs,"e=0.5,h=4.0,n=30,start_thres=1.25,min_cluster_size=3",hub,0.25,10,11,40,1730,0,0,40,1730,0.0,0.0,0.0,0.0,0.1737575395540757
fbc_tfnbs,"e=0.5,h=5.0,n=30,start_thres=1.25,min_cluster_size=3",hub,0.25,10,11,40,1730,0,0,40,1730,0.0,0.0,0.0,0.0,0.1737575395540757
fbc_tfnbs,"e=0.5,h=6.0,n=30,start_thres=1.25,min_cluster_size=3",hub,0.25,10,11,40,1730,0,0,40,1730,0.0,0.0,0.0,0.0,0.1737575395540757
fbc_tfnbs,"e=0.5,h=7.0,n=30,start_thres=1.25,min_cluster_size=3",hub,0.25,10,11,40,1730,0,0,40,1730,0.0,0.0,0.0,0.0,0.1737575395540757
fbc_tfnbs,"e=0.5,h=8.0,n=30,start_thres=1.25,min_cluster_size=3",hub,0.25,10,11,40,1730,0,0,40,1730,0.0,0.0,0.0,0.0,0.1737575395540757
fbc_tfnbs,"e=0.5,h=9.0,n=30,start_thres=1.25,min_cluster_size=3",hub,0.25,10,11,40,1730,0,0,40,1730,0.0,0.0,0.0,0.0,0.1737575395540757
fbc_tfnbs,"e=0.5,h=10.0,n=30,start_thres=1.25,min_cluster_size=3",hub,0.25,10,11,40,1730,0,0,40,1730,0.0,0.0,0.0,0.0,0.1737575395540757
fbc_tfnbs,"e=0.6,h=0.5,n=30,start_thres=1.25,min_cluster_size=3",hub,0.25,10,11,40,1730,0,0,40,1730,0.0,0.0,0.0,0.0,0.1737575395540757
fbc_tfnbs,"e=0.6,h=1.0,n=30,start_thres=1.25,min_cluster_size=3",hub,0.25,10,11,40,1730,0,0,40,1730,0.0,0.0,0.0,0.0,0.1737575395540757
fbc_tfnbs,"e=0.6,h=2.0,n=30,start_thres=1.25,min_cluster_size=3",hub,0.25,10,11,40,1730,0,0,40,1730,0.0,0.0,0.0,0.0,0.1737575395540757
fbc_tfnbs,"e=0.6,h=3.0,n=30,start_thres=1.25,min_cluster_size=3",hub,0.25,10,11,40,1730,0,0,40,1730,0.0,0.0,0.0,0.0,0.1737575395540757
fbc_tfnbs,"e=0.6,h=4.0,n=30,start_thres=1.25,min_cluster_size=3",hub,0.25,10,11,40,1730,0,0,40,1730,0.0,0.0,0.0,0.0,0.1737575395540757
fbc_tfnbs,"e=0.6,h=5.0,n=30,start_thres=1.25,min_cluster_size=3",hub,0.25,10,11,40,1730,0,0,40,1730,0.0,0.0,0.0,0.0,0.1737575395540757
fbc_tfnbs,"e=0.6,h=6.0,n=30,start_thres=1.25,min_cluster_size=3",hub,0.25,10,11,40,1730,0,0,40,1730,0.0,0.0,0.0,0.0,0.1737575395540757
fbc_tfnbs,"e=0.6,h=7.0,n=30,start_thres=1.25,min_cluster_size=3",hub,0.25,10,11,40,1730,0,0,40,1730,0.0,0.0,0.0,0.0,0.1737575395540757
fbc_tfnbs,"e=0.6,h=8.0,n=30,start_thres=1.25,min_cluster_size=3",hub,0.25,10,11,40,1730,0,0,40,1730,0.0,0.0,0.0,0.0,0.1737575395540757
fbc_tfnbs,"e=0.6,h=9.0,n=30,start_thres=1.25,min_cluster_size=3",hub,0.25,10,11,40,1730,0,0,40,1730,0.0,0.0,0.0,0.0,0.1737575395540757
fbc_tfnbs,"e=0.6,h=10.0,n=30,start_thres=1.25,min_cluster_size=3",hub,0.25,10,11,40,1730,0,0,40,1730,0.0,0.0,0.0,0.0,0.1737575395540757
fbc_tfnbs,"e=0.7,h=0.5,n=30,start_thres=1.25,min_cluster_size=3",hub,0.25,10,11,40,1730,0,0,40,1730,0.0,0.0,0.0,0.0,0.1737575395540757
fbc_tfnbs,"e=0.7,h=1.0,n=30,start_thres=1.25,min_cluster_size=3",hub,0.25,10,11,40,1730,0,0,40,1730,0.0,0.0,0.0,0.0,0.1737575395540757
fbc_tfnbs,"e=0.7,h=2.0,n=30,start_thres=1.25,min_cluster_size=3",hub,0.25,10,11,40,1730,0,0,40,1730,0.0,0.0,0.0,0.0,0.1737575395540757
fbc_tfnbs,"e=0.7,h=3.0,n=30,start_thres=1.25,min_cluster_size=3",hub,0.25,10,11,40,1730,0,0,40,1730,0.0,0.0,0.0,0.0,0.1737575395540757
fbc_tfnbs,"e=0.7,h=4.0,n=30,start_thres=1.25,min_cluster_size=3",hub,0.25,10,11,40,1730,0,0,40,1730,0.0,0.0,0.0,0.0,0.1737575395540757
fbc_tfnbs,"e=0.7,h=5.0,n=30,start_thres=1.25,min_cluster_size=3",hub,0.25,10,11,40,1730,0,0,40,1730,0.0,0.0,0.0,0.0,0.1737575395540757
fbc_tfnbs,"e=0.7,h=6.0,n=30,start_thres=1.25,min_cluster_size=3",hub,0.25,10,11,40,1730,0,0,40,1730,0.0,0.0,0.0,0.0,0.1737575395540757
fbc_tfnbs,"e=0.7,h=7.0,n=30,start_thres=1.25,min_cluster_size=3",hub,0.25,10,11,40,1730,0,0,40,1730,0.0,0.0,0.0,0.0,0.1737575395540757
fbc_tfnbs,"e=0.7,h=8.0,n=30,start_thres=1.25,min_cluster_size=3",hub,0.25,10,11,40,1730,0,0,40,1730,0.0,0.0,0.0,0.0,0.1737575395540757
fbc_tfnbs,"e=0.7,h=9.0,n=30,start_thres=1.25,min_cluster_size=3",hub,0.25,10,11,40,1730,0,0,40,1730,0.0,0.0,0.0,0.0,0.1737575395540757
fbc_tfnbs,"e=0.7,h=10.0,n=30,start_thres=1.25,min_cluster_size=3",hub,0.25,10,11,40,1730,0,0,40,1730,0.0,0.0,0.0,0.0,0.1737575395540757
fbc_tfnbs,"e=0.8,h=0.5,n=30,start_thres=1.25,min_cluster_size=3",hub,0.25,10,11,40,1730,0,0,40,1730,0.0,0.0,0.0,0.0,0.1737575395540757
fbc_tfnbs,"e=0.8,h=1.0,n=30,start_thres=1.25,min_cluster_size=3",hub,0.25,10,11,40,1730,0,0,40,1730,0.0,0.0,0.0,0.0,0.1737575395540757
fbc_tfnbs,"e=0.8,h=2.0,n=30,start_thres=1.25,min_cluster_size=3",hub,0.25,10,11,40,1730,0,0,40,1730,0.0,0.0,0.0,0.0,0.1737575395540757
fbc_tfnbs,"e=0.8,h=3.0,n=30,start_thres=1.25,min_cluster_size=3",hub,0.25,10,11,40,1730,0,0,40,1730,0.0,0.0,0.0,0.0,0.1737575395540757
fbc_tfnbs,"e=0.8,h=4.0,n=30,start_thres=1.25,min_cluster_size=3",hub,0.25,10,11,40,1730,0,0,40,1730,0.0,0.0,0.0,0.0,0.1737575395540757
fbc_tfnbs,"e=0.8,h=5.0,n=30,start_thres=1.25,min_cluster_size=3",hub,0.25,10,11,40,1730,0,0,40,1730,0.0,0.0,0.0,0.0,0.1737575395540757
fbc_tfnbs,"e=0.8,h=6.0,n=30,start_thres=1.25,min_cluster_size=3",hub,0.25,10,11,40,1730,0,0,40,1730,0.0,0.0,0.0,0.0,0.1737575395540757
fbc_tfnbs,"e=0.8,h=7.0,n=30,start_thres=1.25,min_cluster_size=3",hub,0.25,10,11,40,1730,0,0,40,1730,0.0,0.0,0.0,0.0,0.1737575395540757
fbc_tfnbs,"e=0.8,h=8.0,n=30,start_thres=1.25,min_cluster_size=3",hub,0.25,10,11,40,1730,0,0,40,1730,0.0,0.0,0.0,0.0,0.1737575395540757
fbc_tfnbs,"e=0.8,h=9.0,n=30,start_thres=1.25,min_cluster_size=3",hub,0.25,10,11,40,1730,0,0,40,1730,0.0,0.0,0.0,0.0,0.1737575395540757
fbc_tfnbs,"e=0.8,h=10.0,n=30,start_thres=1.25,min_cluster_size=3",hub,0.25,10,11,40,1730,0,0,40,1730,0.0,0.0,0.0,0.0,0.1737575395540757
fbc_tfnbs,"e=0.9,h=0.5,n=30,start_thres=1.25,min_cluster_size=3",hub,0.25,10,11,40,1730,0,0,40,1730,0.0,0.0,0.0,0.0,0.1737575395540757
fbc_tfnbs,"e=0.9,h=1.0,n=30,start_thres=1.25,min_cluster_size=3",hub,0.25,10,11,40,1730,0,0,40,1730,0.0,0.0,0.0,0.0,0.1737575395540757
fbc_tfnbs,"e=0.9,h=2.0,n=30,start_thres=1.25,min_cluster_size=3",hub,0.25,10,11,40,1730,0,0,40,1730,0.0,0.0,0.0,0.0,0.1737575395540757
fbc_tfnbs,"e=0.9,h=3.0,n=30,start_thres=1.25,min_cluster_size=3",hub,0.25,10,11,40,1730,0,0,40,1730,0.0,0.0,0.0,0.0,0.1737575395540757
fbc_tfnbs,"e=0.9,h=4.0,n=30,start_thres=1.25,min_cluster_size=3",hub,0.25,10,11,40,1730,0,0,40,1730,0.0,0.0,0.0,0.0,0.1737575395540757
fbc_tfnbs,"e=0.9,h=5.0,n=30,start_thres=1.25,min_cluster_size=3",hub,0.25,10,11,40,1730,0,0,40,1730,0.0,0.0,0.0,0.0,0.1737575395540757
fbc_tfnbs,"e=0.9,h=6.0,n=30,start_thres=1.25,min_cluster_size=3",hub,0.25,10,11,40,1730,0,0,40,1730,0.0,0.0,0.0,0.0,0.1737575395540757
fbc_tfnbs,"e=0.9,h=7.0,n=30,start_thres=1.25,min_cluster_size=3",hub,0.25,10,11,40,1730,0,0,40,1730,0.0,0.0,0.0,0.0,0.1737575395540757
fbc_tfnbs,"e=0.9,h=8.0,n=30,start_thres=1.25,min_cluster_size=3",hub,0.25,10,11,40,1730,0,0,40,1730,0.0,0.0,0.0,0.0,0.1737575395540757
fbc_tfnbs,"e=0.9,h=9.0,n=30,start_thres=1.25,min_cluster_size=3",hub,0.25,10,11,40,1730,0,0,40,1730,0.0,0.0,0.0,0.0,0.1737575395540757
fbc_tfnbs,"e=0.9,h=10.0,n=30,start_thres=1.25,min_cluster_size=3",hub,0.25,10,11,40,1730,0,0,40,1730,0.0,0.0,0.0,0.0,0.1737575395540757
fbc_tfnbs,"e=1.0,h=0.5,n=30,start_thres=1.25,min_cluster_size=3",hub,0.25,10,11,40,1730,0,0,40,1730,0.0,0.0,0.0,0.0,0.1737575395540757
fbc_tfnbs,"e=1.0,h=1.0,n=30,start_thres=1.25,min_cluster_size=3",hub,0.25,10,11,40,1730,0,0,40,1730,0.0,0.0,0.0,0.0,0.1737575395540757
fbc_tfnbs,"e=1.0,h=2.0,n=30,start_thres=1.25,min_cluster_size=3",hub,0.25,10,11,40,1730,0,0,40,1730,0.0,0.0,0.0,0.0,0.1737575395540757
fbc_tfnbs,"e=1.0,h=3.0,n=30,start_thres=1.25,min_cluster_size=3",hub,0.25,10,11,40,1730,0,0,40,1730,0.0,0.0,0.0,0.0,0.1737575395540757
fbc_tfnbs,"e=1.0,h=4.0,n=30,start_thres=1.25,min_cluster_size=3",hub,0.25,10,11,40,1730,0,0,40,1730,0.0,0.0,0.0,0.0,0.1737575395540757
fbc_tfnbs,"e=1.0,h=5.0,n=30,start_thres=1.25,min_cluster_size=3",hub,0.25,10,11,40,1730,0,0,40,1730,0.0,0.0,0.0,0.0,0.1737575395540757
fbc_tfnbs,"e=1.0,h=6.0,n=30,start_thres=1.25,min_cluster_size=3",hub,0.25,10,11,40,1730,0,0,40,1730,0.0,0.0,0.0,0.0,0.1737575395540757
fbc_tfnbs,"e=1.0,h=7.0,n=30,start_thres=1.25,min_cluster_size=3",hub,0.25,10,11,40,1730,0,0,40,1730,0.0,0.0,0.0,0.0,0.1737575395540757
fbc_tfnbs,"e=1.0,h=8.0,n=30,start_thres=1.25,min_cluster_size=3",hub,0.25,10,11,40,1730,0,0,40,1730,0.0,0.0,0.0,0.0,0.1737575395540757
fbc_tfnbs,"e=1.0,h=9.0,n=30,start_thres=1.25,min_cluster_size=3",hub,0.25,10,11,40,1730,0,0,40,1730,0.0,0.0,0.0,0.0,0.1737575395540757
fbc_tfnbs,"e=1.0,h=10.0,n=30,start_thres=1.25,min_cluster_size=3",hub,0.25,10,11,40,1730,0,0,40,1730,0.0,0.0,0.0,0.0,0.1737575395540757
fbc_tfnbs,"e=1.1,h=0.5,n=30,start_thres=1.25,min_cluster_size=3",hub,0.25,10,11,40,1730,0,0,40,1730,0.0,0.0,0.0,0.0,0.1737575395540757
fbc_tfnbs,"e=1.1,h=1.0,n=30,start_thres=1.25,min_cluster_size=3",hub,0.25,10,11,40,1730,0,0,40,1730,0.0,0.0,0.0,0.0,0.1737575395540757
fbc_tfnbs,"e=1.1,h=2.0,n=30,start_thres=1.25,min_cluster_size=3",hub,0.25,10,11,40,1730,0,0,40,1730,0.0,0.0,0.0,0.0,0.1737575395540757
fbc_tfnbs,"e=1.1,h=3.0,n=30,start_thres=1.25,min_cluster_size=3",hub,0.25,10,11,40,1730,0,0,40,1730,0.0,0.0,0.0,0.0,0.1737575395540757
fbc_tfnbs,"e=1.1,h=4.0,n=30,start_thres=1.25,min_cluster_size=3",hub,0.25,10,11,40,1730,0,0,40,1730,0.0,0.0,0.0,0.0,0.1737575395540757
fbc_tfnbs,"e=1.1,h=5.0,n=30,start_thres=1.25,min_cluster_size=3",hub,0.25,10,11,40,1730,0,0,40,1730,0.0,0.0,0.0,0.0,0.1737575395540757
fbc_tfnbs,"e=1.1,h=6.0,n=30,start_thres=1.25,min_cluster_size=3",hub,0.25,10,11,40,1730,0,0,40,1730,0.0,0.0,0.0,0.0,0.1737575395540757
fbc_tfnbs,"e=1.1,h=7.0,n=30,start_thres=1.25,min_cluster_size=3",hub,0.25,10,11,40,1730,0,0,40,1730,0.0,0.0,0.0,0.0,0.1737575395540757
fbc_tfnbs,"e=1.1,h=8.0,n=30,start_thres=1.25,min_cluster_size=3",hub,0.25,10,11,40,1730,0,0,40,1730,0.0,0.0,0.0,0.0,0.1737575395540757
fbc_tfnbs,"e=1.1,h=9.0,n=30,start_thres=1.25,min_cluster_size=3",hub,0.25,10,11,40,1730,0,0,40,1730,0.0,0.0,0.0,0.0,0.1737575395540757
fbc_tfnbs,"e=1.1,h=10.0,n=30,start_thres=1.25,min_cluster_size=3",hub,0.25,10,11,40,1730,0,0,40,1730,0.0,0.0,0.0,0.0,0.1737575395540757
fbc_tfnbs,"e=1.2,h=0.5,n=30,start_thres=1.25,min_cluster_size=3",hub,0.25,10,11,40,1730,0,0,40,1730,0.0,0.0,0.0,0.0,0.1737575395540757
fbc_tfnbs,"e=1.2,h=1.0,n=30,start_thres=1.25,min_cluster_size=3",hub,0.25,10,11,40,1730,0,0,40,1730,0.0,0.0,0.0,0.0,0.1737575395540757
fbc_tfnbs,"e=1.2,h=2.0,n=30,start_thres=1.25,min_cluster_size=3",hub,0.25,10,11,40,1730,0,0,40,1730,0.0,0.0,0.0,0.0,0.1737575395540757
fbc_tfnbs,"e=1.2,h=3.0,n=30,start_thres=1.25,min_cluster_size=3",hub,0.25,10,11,40,1730,0,0,40,1730,0.0,0.0,0.0,0.0,0.1737575395540757
fbc_tfnbs,"e=1.2,h=4.0,n=30,start_thres=1.25,min_cluster_size=3",hub,0.25,10,11,40,1730,0,0,40,1730,0.0,0.0,0.0,0.0,0.1737575395540757
fbc_tfnbs,"e=1.2,h=5.0,n=30,start_thres=1.25,min_cluster_size=3",hub,0.25,10,11,40,1730,0,0,40,1730,0.0,0.0,0.0,0.0,0.1737575395540757
fbc_tfnbs,"e=1.2,h=6.0,n=30,start_thres=1.25,min_cluster_size=3",hub,0.25,10,11,40,1730,0,0,40,1730,0.0,0.0,0.0,0.0,0.1737575395540757
fbc_tfnbs,"e=1.2,h=7.0,n=30,start_thres=1.25,min_cluster_size=3",hub,0.25,10,11,40,1730,0,0,40,1730,0.0,0.0,0.0,0.0,0.1737575395540757
fbc_tfnbs,"e=1.2,h=8.0,n=30,start_thres=1.25,min_cluster_size=3",hub,0.25,10,11,40,1730,0,0,40,1730,0.0,0.0,0.0,0.0,0.1737575395540757
fbc_tfnbs,"e=1.2,h=9.0,n=30,start_thres=1.25,min_cluster_size=3",hub,0.25,10,11,40,1730,0,0,40,1730,0.0,0.0,0.0,0.0,0.1737575395540757
fbc_tfnbs,"e=1.2,h=10.0,n=30,start_thres=1.25,min_cluster_size=3",hub,0.25,10,11,40,1730,0,0,40,1730,0.0,0.0,0.0,0.0,0.1737575395540757
fbc_tfnbs,"e=1.3,h=0.5,n=30,start_thres=1.25,min_cluster_size=3",hub,0.25,10,11,40,1730,0,0,40,1730,0.0,0.0,0.0,0.0,0.1737575395540757
fbc_tfnbs,"e=1.3,h=1.0,n=30,start_thres=1.25,min_cluster_size=3",hub,0.25,10,11,40,1730,0,0,40,1730,0.0,0.0,0.0,0.0,0.1737575395540757
fbc_tfnbs,"e=1.3,h=2.0,n=30,start_thres=1.25,min_cluster_size=3",hub,0.25,10,11,40,1730,0,0,40,1730,0.0,0.0,0.0,0.0,0.1737575395540757
fbc_tfnbs,"e=1.3,h=3.0,n=30,start_thres=1.25,min_cluster_size=3",hub,0.25,10,11,40,1730,0,0,40,1730,0.0,0.0,0.0,0.0,0.1737575395540757
fbc_tfnbs,"e=1.3,h=4.0,n=30,start_thres=1.25,min_cluster_size=3",hub,0.25,10,11,40,1730,0,0,40,1730,0.0,0.0,0.0,0.0,0.1737575395540757
fbc_tfnbs,"e=1.3,h=5.0,n=30,start_thres=1.25,min_cluster_size=3",hub,0.25,10,11,40,1730,0,0,40,1730,0.0,0.0,0.0,0.0,0.1737575395540757
fbc_tfnbs,"e=1.3,h=6.0,n=30,start_thres=1.25,min_cluster_size=3",hub,0.25,10,11,40,1730,0,0,40,1730,0.0,0.0,0.0,0.0,0.1737575395540757
fbc_tfnbs,"e=1.3,h=7.0,n=30,start_thres=1.25,min_cluster_size=3",hub,0.25,10,11,40,1730,0,0,40,1730,0.0,0.0,0.0,0.0,0.1737575395540757
fbc_tfnbs,"e=1.3,h=8.0,n=30,start_thres=1.25,min_cluster_size=3",hub,0.25,10,11,40,1730,0,0,40,1730,0.0,0.0,0.0,0.0,0.1737575395540757
fbc_tfnbs,"e=1.3,h=9.0,n=30,start_thres=1.25,min_cluster_size=3",hub,0.25,10,11,40,1730,0,0,40,1730,0.0,0.0,0.0,0.0,0.1737575395540757
fbc_tfnbs,"e=1.3,h=10.0,n=30,start_thres=1.25,min_cluster_size=3",hub,0.25,10,11,40,1730,0,0,40,1730,0.0,0.0,0.0,0.0,0.1737575395540757
fbc_tfnbs,"e=1.4,h=0.5,n=30,start_thres=1.25,min_cluster_size=3",hub,0.25,10,11,40,1730,0,0,40,1730,0.0,0.0,0.0,0.0,0.1737575395540757
fbc_tfnbs,"e=1.4,h=1.0,n=30,start_thres=1.25,min_cluster_size=3",hub,0.25,10,11,40,1730,0,0,40,1730,0.0,0.0,0.0,0.0,0.1737575395540757
fbc_tfnbs,"e=1.4,h=2.0,n=30,start_thres=1.25,min_cluster_size=3",hub,0.25,10,11,40,1730,0,0,40,1730,0.0,0.0,0.0,0.0,0.1737575395540757
fbc_tfnbs,"e=1.4,h=3.0,n=30,start_thres=1.25,min_cluster_size=3",hub,0.25,10,11,40,1730,0,0,40,1730,0.0,0.0,0.0,0.0,0.1737575395540757
fbc_tfnbs,"e=1.4,h=4.0,n=30,start_thres=1.25,min_cluster_size=3",hub,0.25,10,11,40,1730,0,0,40,1730,0.0,0.0,0.0,0.0,0.1737575395540757
fbc_tfnbs,"e=1.4,h=5.0,n=30,start_thres=1.25,min_cluster_size=3",hub,0.25,10,11,40,1730,0,0,40,1730,0.0,0.0,0.0,0.0,0.1737575395540757
fbc_tfnbs,"e=1.4,h=6.0,n=30,start_thres=1.25,min_cluster_size=3",hub,0.25,10,11,40,1730,0,0,40,1730,0.0,0.0,0.0,0.0,0.1737575395540757
fbc_tfnbs,"e=1.4,h=7.0,n=30,start_thres=1.25,min_cluster_size=3",hub,0.25,10,11,40,1730,0,0,40,1730,0.0,0.0,0.0,0.0,0.1737575395540757
fbc_tfnbs,"e=1.4,h=8.0,n=30,start_thres=1.25,min_cluster_size=3",hub,0.25,10,11,40,1730,0,0,40,1730,0.0,0.0,0.0,0.0,0.1737575395540757
fbc_tfnbs,"e=1.4,h=9.0,n=30,start_thres=1.25,min_cluster_size=3",hub,0.25,10,11,40,1730,0,0,40,1730,0.0,0.0,0.0,0.0,0.1737575395540757
fbc_tfnbs,"e=1.4,h=10.0,n=30,start_thres=1.25,min_cluster_size=3",hub,0.25,10,11,40,1730,0,0,40,1730,0.0,0.0,0.0,0.0,0.1737575395540757
fbc_tfnbs,"e=1.5,h=0.5,n=30,start_thres=1.25,min_cluster_size=3",hub,0.25,10,11,40,1730,0,0,40,1730,0.0,0.0,0.0,0.0,0.1737575395540757
fbc_tfnbs,"e=1.5,h=1.0,n=30,start_thres=1.25,min_cluster_size=3",hub,0.25,10,11,40,1730,0,0,40,1730,0.0,0.0,0.0,0.0,0.1737575395540757
fbc_tfnbs,"e=1.5,h=2.0,n=30,start_thres=1.25,min_cluster_size=3",hub,0.25,10,11,40,1730,0,0,40,1730,0.0,0.0,0.0,0.0,0.1737575395540757
fbc_tfnbs,"e=1.5,h=3.0,n=30,start_thres=1.25,min_cluster_size=3",hub,0.25,10,11,40,1730,0,0,40,1730,0.0,0.0,0.0,0.0,0.1737575395540757
fbc_tfnbs,"e=1.5,h=4.0,n=30,start_thres=1.25,min_cluster_size=3",hub,0.25,10,11,40,1730,0,0,40,1730,0.0,0.0,0.0,0.0,0.1737575395540757
fbc_tfnbs,"e=1.5,h=5.0,n=30,start_thres=1.25,min_cluster_size=3",hub,0.25,10,11,40,1730,0,0,40,1730,0.0,0.0,0.0,0.0,0.1737575395540757
fbc_tfnbs,"e=1.5,h=6.0,n=30,start_thres=1.25,min_cluster_size=3",hub,0.25,10,11,40,1730,0,0,40,1730,0.0,0.0,0.0,0.0,0.1737575395540757
fbc_tfnbs,"e=1.5,h=7.0,n=30,start_thres=1.25,min_cluster_size=3",hub,0.25,10,11,40,1730,0,0,40,1730,0.0,0.0,0.0,0.0,0.1737575395540757
fbc_tfnbs,"e=1.5,h=8.0,n=30,start_thres=1.25,min_cluster_size=3",hub,0.25,10,11,40,1730,0,0,40,1730,0.0,0.0,0.0,0.0,0.1737575395540757
fbc_tfnbs,"e=1.5,h=9.0,n=30,start_thres=1.25,min_cluster_size=3",hub,0.25,10,11,40,1730,0,0,40,1730,0.0,0.0,0.0,0.0,0.1737575395540757
fbc_tfnbs,"e=1.5,h=10.0,n=30,start_thres=1.25,min_cluster_size=3",hub,0.25,10,11,40,1730,0,0,40,1730,0.0,0.0,0.0,0.0,0.1737575395540757
fbc_tfnbs,"e=0.05,h=0.5,n=30,start_thres=1.25,min_cluster_size=3",hub,0.25,10,12,40,1730,0,0,40,1730,0.0,0.0,0.0,0.0,0.1640755060044202
fbc_tfnbs,"e=0.05,h=1.0,n=30,start_thres=1.25,min_cluster_size=3",hub,0.25,10,12,40,1730,0,0,40,1730,0.0,0.0,0.0,0.0,0.1640755060044202
fbc_tfnbs,"e=0.05,h=2.0,n=30,start_thres=1.25,min_cluster_size=3",hub,0.25,10,12,40,1730,0,0,40,1730,0.0,0.0,0.0,0.0,0.1640755060044202
fbc_tfnbs,"e=0.05,h=3.0,n=30,start_thres=1.25,min_cluster_size=3",hub,0.25,10,12,40,1730,0,0,40,1730,0.0,0.0,0.0,0.0,0.1640755060044202
fbc_tfnbs,"e=0.05,h=4.0,n=30,start_thres=1.25,min_cluster_size=3",hub,0.25,10,12,40,1730,0,0,40,1730,0.0,0.0,0.0,0.0,0.1640755060044202
fbc_tfnbs,"e=0.05,h=5.0,n=30,start_thres=1.25,min_cluster_size=3",hub,0.25,10,12,40,1730,0,0,40,1730,0.0,0.0,0.0,0.0,0.1640755060044202
fbc_tfnbs,"e=0.05,h=6.0,n=30,start_thres=1.25,min_cluster_size=3",hub,0.25,10,12,40,1730,0,0,40,1730,0.0,0.0,0.0,0.0,0.1640755060044202
fbc_tfnbs,"e=0.05,h=7.0,n=30,start_thres=1.25,min_cluster_size=3",hub,0.25,10,12,40,1730,0,0,40,1730,0.0,0.0,0.0,0.0,0.1640755060044202
fbc_tfnbs,"e=0.05,h=8.0,n=30,start_thres=1.25,min_cluster_size=3",hub,0.25,10,12,40,1730,0,0,40,1730,0.0,0.0,0.0,0.0,0.1640755060044202
fbc_tfnbs,"e=0.05,h=9.0,n=30,start_thres=1.25,min_cluster_size=3",hub,0.25,10,12,40,1730,0,0,40,1730,0.0,0.0,0.0,0.0,0.1640755060044202
fbc_tfnbs,"e=0.05,h=10.0,n=30,start_thres=1.25,min_cluster_size=3",hub,0.25,10,12,40,1730,0,0,40,1730,0.0,0.0,0.0,0.0,0.1640755060044202
fbc_tfnbs,"e=0.1,h=0.5,n=30,start_thres=1.25,min_cluster_size=3",hub,0.25,10,12,40,1730,0,0,40,1730,0.0,0.0,0.0,0.0,0.1640755060044202
fbc_tfnbs,"e=0.1,h=1.0,n=30,start_thres=1.25,min_cluster_size=3",hub,0.25,10,12,40,1730,0,0,40,1730,0.0,0.0,0.0,0.0,0.1640755060044202
fbc_tfnbs,"e=0.1,h=2.0,n=30,start_thres=1.25,min_cluster_size=3",hub,0.25,10,12,40,1730,0,0,40,1730,0.0,0.0,0.0,0.0,0.1640755060044202
fbc_tfnbs,"e=0.1,h=3.0,n=30,start_thres=1.25,min_cluster_size=3",hub,0.25,10,12,40,1730,0,0,40,1730,0.0,0.0,0.0,0.0,0.1640755060044202
fbc_tfnbs,"e=0.1,h=4.0,n=30,start_thres=1.25,min_cluster_size=3",hub,0.25,10,12,40,1730,0,0,40,1730,0.0,0.0,0.0,0.0,0.1640755060044202
fbc_tfnbs,"e=0.1,h=5.0,n=30,start_thres=1.25,min_cluster_size=3",hub,0.25,10,12,40,1730,0,0,40,1730,0.0,0.0,0.0,0.0,0.1640755060044202
fbc_tfnbs,"e=0.1,h=6.0,n=30,start_thres=1.25,min_cluster_size=3",hub,0.25,10,12,40,1730,0,0,40,1730,0.0,0.0,0.0,0.0,0.1640755060044202
fbc_tfnbs,"e=0.1,h=7.0,n=30,start_thres=1.25,min_cluster_size=3",hub,0.25,10,12,40,1730,0,0,40,1730,0.0,0.0,0.0,0.0,0.1640755060044202
fbc_tfnbs,"e=0.1,h=8.0,n=30,start_thres=1.25,min_cluster_size=3",hub,0.25,10,12,40,1730,0,0,40,1730,0.0,0.0,0.0,0.0,0.1640755060044202
fbc_tfnbs,"e=0.1,h=9.0,n=30,start_thres=1.25,min_cluster_size=3",hub,0.25,10,12,40,1730,0,0,40,1730,0.0,0.0,0.0,0.0,0.1640755060044202
fbc_tfnbs,"e=0.1,h=10.0,n=30,start_thres=1.25,min_cluster_size=3",hub,0.25,10,12,40,1730,0,0,40,1730,0.0,0.0,0.0,0.0,0.1640755060044202
fbc_tfnbs,"e=0.2,h=0.5,n=30,start_thres=1.25,min_cluster_size=3",hub,0.25,10,12,40,1730,0,0,40,1730,0.0,0.0,0.0,0.0,0.1640755060044202
fbc_tfnbs,"e=0.2,h=1.0,n=30,start_thres=1.25,min_cluster_size=3",hub,0.25,10,12,40,1730,0,0,40,1730,0.0,0.0,0.0,0.0,0.1640755060044202
fbc_tfnbs,"e=0.2,h=2.0,n=30,start_thres=1.25,min_cluster_size=3",hub,0.25,10,12,40,1730,0,0,40,1730,0.0,0.0,0.0,0.0,0.1640755060044202
fbc_tfnbs,"e=0.2,h=3.0,n=30,start_thres=1.25,min_cluster_size=3",hub,0.25,10,12,40,1730,0,0,40,1730,0.0,0.0,0.0,0.0,0.1640755060044202
fbc_tfnbs,"e=0.2,h=4.0,n=30,start_thres=1.25,min_cluster_size=3",hub,0.25,10,12,40,1730,0,0,40,1730,0.0,0.0,0.0,0.0,0.1640755060044202
fbc_tfnbs,"e=0.2,h=5.0,n=30,start_thres=1.25,min_cluster_size=3",hub,0.25,10,12,40,1730,0,0,40,1730,0.0,0.0,0.0,0.0,0.1640755060044202
fbc_tfnbs,"e=0.2,h=6.0,n=30,start_thres=1.25,min_cluster_size=3",hub,0.25,10,12,40,1730,0,0,40,1730,0.0,0.0,0.0,0.0,0.1640755060044202
fbc_tfnbs,"e=0.2,h=7.0,n=30,start_thres=1.25,min_cluster_size=3",hub,0.25,10,12,40,1730,0,0,40,1730,0.0,0.0,0.0,0.0,0.1640755060044202
fbc_tfnbs,"e=0.2,h=8.0,n=30,start_thres=1.25,min_cluster_size=3",hub,0.25,10,12,40,1730,0,0,40,1730,0.0,0.0,0.0,0.0,0.1640755060044202
fbc_tfnbs,"e=0.2,h=9.0,n=30,start_thres=1.25,min_cluster_size=3",hub,0.25,10,12,40,1730,0,0,40,1730,0.0,0.0,0.0,0.0,0.1640755060044202
fbc_tfnbs,"e=0.2,h=10.0,n=30,start_thres=1.25,min_cluster_size=3",hub,0.25,10,12,40,1730,0,0,40,1730,0.0,0.0,0.0,0.0,0.1640755060044202
fbc_tfnbs,"e=0.3,h=0.5,n=30,start_thres=1.25,min_cluster_size=3",hub,0.25,10,12,40,1730,0,0,40,1730,0.0,0.0,0.0,0.0,0.1640755060044202
fbc_tfnbs,"e=0.3,h=1.0,n=30,start_thres=1.25,min_cluster_size=3",hub,0.25,10,12,40,1730,0,0,40,1730,0.0,0.0,0.0,0.0,0.1640755060044202
fbc_tfnbs,"e=0.3,h=2.0,n=30,start_thres=1.25,min_cluster_size=3",hub,0.25,10,12,40,1730,0,0,40,1730,0.0,0.0,0.0,0.0,0.1640755060044202
fbc_tfnbs,"e=0.3,h=3.0,n=30,start_thres=1.25,min_cluster_size=3",hub,0.25,10,12,40,1730,0,0,40,1730,0.0,0.0,0.0,0.0,0.1640755060044202
fbc_tfnbs,"e=0.3,h=4.0,n=30,start_thres=1.25,min_cluster_size=3",hub,0.25,10,12,40,1730,0,0,40,1730,0.0,0.0,0.0,0.0,0.1640755060044202
fbc_tfnbs,"e=0.3,h=5.0,n=30,start_thres=1.25,min_cluster_size=3",hub,0.25,10,12,40,1730,0,0,40,1730,0.0,0.0,0.0,0.0,0.1640755060044202
fbc_tfnbs,"e=0.3,h=6.0,n=30,start_thres=1.25,min_cluster_size=3",hub,0.25,10,12,40,1730,0,0,40,1730,0.0,0.0,0.0,0.0,0.1640755060044202
fbc_tfnbs,"e=0.3,h=7.0,n=30,start_thres=1.25,min_cluster_size=3",hub,0.25,10,12,40,1730,0,0,40,1730,0.0,0.0,0.0,0.0,0.1640755060044202
fbc_tfnbs,"e=0.3,h=8.0,n=30,start_thres=1.25,min_cluster_size=3",hub,0.25,10,12,40,1730,0,0,40,1730,0.0,0.0,0.0,0.0,0.1640755060044202
fbc_tfnbs,"e=0.3,h=9.0,n=30,start_thres=1.25,min_cluster_size=3",hub,0.25,10,12,40,1730,0,0,40,1730,0.0,0.0,0.0,0.0,0.1640755060044202
fbc_tfnbs,"e=0.3,h=10.0,n=30,start_thres=1.25,min_cluster_size=3",hub,0.25,10,12,40,1730,0,0,40,1730,0.0,0.0,0.0,0.0,0.1640755060044202
fbc_tfnbs,"e=0.4,h=0.5,n=30,start_thres=1.25,min_cluster_size=3",hub,0.25,10,12,40,1730,0,0,40,1730,0.0,0.0,0.0,0.0,0.1640755060044202
fbc_tfnbs,"e=0.4,h=1.0,n=30,start_thres=1.25,min_cluster_size=3",hub,0.25,10,12,40,1730,0,0,40,1730,0.0,0.0,0.0,0.0,0.1640755060044202
fbc_tfnbs,"e=0.4,h=2.0,n=30,start_thres=1.25,min_cluster_size=3",hub,0.25,10,12,40,1730,0,0,40,1730,0.0,0.0,0.0,0.0,0.1640755060044202
fbc_tfnbs,"e=0.4,h=3.0,n=30,start_thres=1.25,min_cluster_size=3",hub,0.25,10,12,40,1730,0,0,40,1730,0.0,0.0,0.0,0.0,0.1640755060044202
fbc_tfnbs,"e=0.4,h=4.0,n=30,start_thres=1.25,min_cluster_size=3",hub,0.25,10,12,40,1730,0,0,40,1730,0.0,0.0,0.0,0.0,0.1640755060044202
fbc_tfnbs,"e=0.4,h=5.0,n=30,start_thres=1.25,min_cluster_size=3",hub,0.25,10,12,40,1730,0,0,40,1730,0.0,0.0,0.0,0.0,0.1640755060044202
fbc_tfnbs,"e=0.4,h=6.0,n=30,start_thres=1.25,min_cluster_size=3",hub,0.25,10,12,40,1730,0,0,40,1730,0.0,0.0,0.0,0.0,0.1640755060044202
fbc_tfnbs,"e=0.4,h=7.0,n=30,start_thres=1.25,min_cluster_size=3",hub,0.25,10,12,40,1730,0,0,40,1730,0.0,0.0,0.0,0.0,0.1640755060044202
fbc_tfnbs,"e=0.4,h=8.0,n=30,start_thres=1.25,min_cluster_size=3",hub,0.25,10,12,40,1730,0,0,40,1730,0.0,0.0,0.0,0.0,0.1640755060044202
fbc_tfnbs,"e=0.4,h=9.0,n=30,start_thres=1.25,min_cluster_size=3",hub,0.25,10,12,40,1730,0,0,40,1730,0.0,0.0,0.0,0.0,0.1640755060044202
fbc_tfnbs,"e=0.4,h=10.0,n=30,start_thres=1.25,min_cluster_size=3",hub,0.25,10,12,40,1730,0,0,40,1730,0.0,0.0,0.0,0.0,0.1640755060044202
fbc_tfnbs,"e=0.5,h=0.5,n=30,start_thres=1.25,min_cluster_size=3",hub,0.25,10,12,40,1730,0,0,40,1730,0.0,0.0,0.0,0.0,0.1640755060044202
fbc_tfnbs,"e=0.5,h=1.0,n=30,start_thres=1.25,min_cluster_size=3",hub,0.25,10,12,40,1730,0,0,40,1730,0.0,0.0,0.0,0.0,0.1640755060044202
fbc_tfnbs,"e=0.5,h=2.0,n=30,start_thres=1.25,min_cluster_size=3",hub,0.25,10,12,40,1730,0,0,40,1730,0.0,0.0,0.0,0.0,0.1640755060044202
fbc_tfnbs,"e=0.5,h=3.0,n=30,start_thres=1.25,min_cluster_size=3",hub,0.25,10,12,40,1730,0,0,40,1730,0.0,0.0,0.0,0.0,0.1640755060044202
fbc_tfnbs,"e=0.5,h=4.0,n=30,start_thres=1.25,min_cluster_size=3",hub,0.25,10,12,40,1730,0,0,40,1730,0.0,0.0,0.0,0.0,0.1640755060044202
fbc_tfnbs,"e=0.5,h=5.0,n=30,start_thres=1.25,min_cluster_size=3",hub,0.25,10,12,40,1730,0,0,40,1730,0.0,0.0,0.0,0.0,0.1640755060044202
fbc_tfnbs,"e=0.5,h=6.0,n=30,start_thres=1.25,min_cluster_size=3",hub,0.25,10,12,40,1730,0,0,40,1730,0.0,0.0,0.0,0.0,0.1640755060044202
fbc_tfnbs,"e=0.5,h=7.0,n=30,start_thres=1.25,min_cluster_size=3",hub,0.25,10,12,40,1730,0,0,40,1730,0.0,0.0,0.0,0.0,0.1640755060044202
fbc_tfnbs,"e=0.5,h=8.0,n=30,start_thres=1.25,min_cluster_size=3",hub,0.25,10,12,40,1730,0,0,40,1730,0.0,0.0,0.0,0.0,0.1640755060044202
fbc_tfnbs,"e=0.5,h=9.0,n=30,start_thres=1.25,min_cluster_size=3",hub,0.25,10,12,40,1730,0,0,40,1730,0.0,0.0,0.0,0.0,0.1640755060044202
fbc_tfnbs,"e=0.5,h=10.0,n=30,start_thres=1.25,min_cluster_size=3",hub,0.25,10,12,40,1730,0,0,40,1730,0.0,0.0,0.0,0.0,0.1640755060044202
fbc_tfnbs,"e=0.6,h=0.5,n=30,start_thres=1.25,min_cluster_size=3",hub,0.25,10,12,40,1730,0,0,40,1730,0.0,0.0,0.0,0.0,0.1640755060044202
fbc_tfnbs,"e=0.6,h=1.0,n=30,start_thres=1.25,min_cluster_size=3",hub,0.25,10,12,40,1730,0,0,40,1730,0.0,0.0,0.0,0.0,0.1640755060044202
fbc_tfnbs,"e=0.6,h=2.0,n=30,start_thres=1.25,min_cluster_size=3",hub,0.25,10,12,40,1730,0,0,40,1730,0.0,0.0,0.0,0.0,0.1640755060044202
fbc_tfnbs,"e=0.6,h=3.0,n=30,start_thres=1.25,min_cluster_size=3",hub,0.25,10,12,40,1730,0,0,40,1730,0.0,0.0,0.0,0.0,0.1640755060044202
fbc_tfnbs,"e=0.6,h=4.0,n=30,start_thres=1.25,min_cluster_size=3",hub,0.25,10,12,40,1730,0,0,40,1730,0.0,0.0,0.0,0.0,0.1640755060044202
fbc_tfnbs,"e=0.6,h=5.0,n=30,start_thres=1.25,min_cluster_size=3",hub,0.25,10,12,40,1730,0,0,40,1730,0.0,0.0,0.0,0.0,0.1640755060044202
fbc_tfnbs,"e=0.6,h=6.0,n=30,start_thres=1.25,min_cluster_size=3",hub,0.25,10,12,40,1730,0,0,40,1730,0.0,0.0,0.0,0.0,0.1640755060044202
fbc_tfnbs,"e=0.6,h=7.0,n=30,start_thres=1.25,min_cluster_size=3",hub,0.25,10,12,40,1730,0,0,40,1730,0.0,0.0,0.0,0.0,0.1640755060044202
fbc_tfnbs,"e=0.6,h=8.0,n=30,start_thres=1.25,min_cluster_size=3",hub,0.25,10,12,40,1730,0,0,40,1730,0.0,0.0,0.0,0.0,0.1640755060044202
fbc_tfnbs,"e=0.6,h=9.0,n=30,start_thres=1.25,min_cluster_size=3",hub,0.25,10,12,40,1730,0,0,40,1730,0.0,0.0,0.0,0.0,0.1640755060044202
fbc_tfnbs,"e=0.6,h=10.0,n=30,start_thres=1.25,min_cluster_size=3",hub,0.25,10,12,40,1730,0,0,40,1730,0.0,0.0,0.0,0.0,0.1640755060044202
fbc_tfnbs,"e=0.7,h=0.5,n=30,start_thres=1.25,min_cluster_size=3",hub,0.25,10,12,40,1730,0,0,40,1730,0.0,0.0,0.0,0.0,0.1640755060044202
fbc_tfnbs,"e=0.7,h=1.0,n=30,start_thres=1.25,min_cluster_size=3",hub,0.25,10,12,40,1730,0,0,40,1730,0.0,0.0,0.0,0.0,0.1640755060044202
fbc_tfnbs,"e=0.7,h=2.0,n=30,start_thres=1.25,min_cluster_size=3",hub,0.25,10,12,40,1730,0,0,40,1730,0.0,0.0,0.0,0.0,0.1640755060044202
fbc_tfnbs,"e=0.7,h=3.0,n=30,start_thres=1.25,min_cluster_size=3",hub,0.25,10,12,40,1730,0,0,40,1730,0.0,0.0,0.0,0.0,0.1640755060044202
fbc_tfnbs,"e=0.7,h=4.0,n=30,start_thres=1.25,min_cluster_size=3",hub,0.25,10,12,40,1730,0,0,40,1730,0.0,0.0,0.0,0.0,0.1640755060044202
fbc_tfnbs,"e=0.7,h=5.0,n=30,start_thres=1.25,min_cluster_size=3",hub,0.25,10,12,40,1730,0,0,40,1730,0.0,0.0,0.0,0.0,0.1640755060044202
fbc_tfnbs,"e=0.7,h=6.0,n=30,start_thres=1.25,min_cluster_size=3",hub,0.25,10,12,40,1730,0,0,40,1730,0.0,0.0,0.0,0.0,0.1640755060044202
fbc_tfnbs,"e=0.7,h=7.0,n=30,start_thres=1.25,min_cluster_size=3",hub,0.25,10,12,40,1730,0,0,40,1730,0.0,0.0,0.0,0.0,0.1640755060044202
fbc_tfnbs,"e=0.7,h=8.0,n=30,start_thres=1.25,min_cluster_size=3",hub,0.25,10,12,40,1730,0,0,40,1730,0.0,0.0,0.0,0.0,0.1640755060044202
fbc_tfnbs,"e=0.7,h=9.0,n=30,start_thres=1.25,min_cluster_size=3",hub,0.25,10,12,40,1730,0,0,40,1730,0.0,0.0,0.0,0.0,0.1640755060044202
fbc_tfnbs,"e=0.7,h=10.0,n=30,start_thres=1.25,min_cluster_size=3",hub,0.25,10,12,40,1730,0,0,40,1730,0.0,0.0,0.0,0.0,0.1640755060044202
fbc_tfnbs,"e=0.8,h=0.5,n=30,start_thres=1.25,min_cluster_size=3",hub,0.25,10,12,40,1730,0,0,40,1730,0.0,0.0,0.0,0.0,0.1640755060044202
fbc_tfnbs,"e=0.8,h=1.0,n=30,start_thres=1.25,min_cluster_size=3",hub,0.25,10,12,40,1730,0,0,40,1730,0.0,0.0,0.0,0.0,0.1640755060044202
fbc_tfnbs,"e=0.8,h=2.0,n=30,start_thres=1.25,min_cluster_size=3",hub,0.25,10,12,40,1730,0,0,40,1730,0.0,0.0,0.0,0.0,0.1640755060044202
fbc_tfnbs,"e=0.8,h=3.0,n=30,start_thres=1.25,min_cluster_size=3",hub,0.25,10,12,40,1730,0,0,40,1730,0.0,0.0,0.0,0.0,0.1640755060044202
fbc_tfnbs,"e=0.8,h=4.0,n=30,start_thres=1.25,min_cluster_size=3",hub,0.25,10,12,40,1730,0,0,40,1730,0.0,0.0,0.0,0.0,0.1640755060044202
fbc_tfnbs,"e=0.8,h=5.0,n=30,start_thres=1.25,min_cluster_size=3",hub,0.25,10,12,40,1730,0,0,40,1730,0.0,0.0,0.0,0.0,0.1640755060044202
fbc_tfnbs,"e=0.8,h=6.0,n=30,start_thres=1.25,min_cluster_size=3",hub,0.25,10,12,40,1730,0,0,40,1730,0.0,0.0,0.0,0.0,0.1640755060044202
fbc_tfnbs,"e=0.8,h=7.0,n=30,start_thres=1.25,min_cluster_size=3",hub,0.25,10,12,40,1730,0,0,40,1730,0.0,0.0,0.0,0.0,0.1640755060044202
fbc_tfnbs,"e=0.8,h=8.0,n=30,start_thres=1.25,min_cluster_size=3",hub,0.25,10,12,40,1730,0,0,40,1730,0.0,0.0,0.0,0.0,0.1640755060044202
fbc_tfnbs,"e=0.8,h=9.0,n=30,start_thres=1.25,min_cluster_size=3",hub,0.25,10,12,40,1730,0,0,40,1730,0.0,0.0,0.0,0.0,0.1640755060044202
fbc_tfnbs,"e=0.8,h=10.0,n=30,start_thres=1.25,min_cluster_size=3",hub,0.25,10,12,40,1730,0,0,40,1730,0.0,0.0,0.0,0.0,0.1640755060044202
fbc_tfnbs,"e=0.9,h=0.5,n=30,start_thres=1.25,min_cluster_size=3",hub,0.25,10,12,40,1730,0,0,40,1730,0.0,0.0,0.0,0.0,0.1640755060044202
fbc_tfnbs,"e=0.9,h=1.0,n=30,start_thres=1.25,min_cluster_size=3",hub,0.25,10,12,40,1730,0,0,40,1730,0.0,0.0,0.0,0.0,0.1640755060044202
fbc_tfnbs,"e=0.9,h=2.0,n=30,start_thres=1.25,min_cluster_size=3",hub,0.25,10,12,40,1730,0,0,40,1730,0.0,0.0,0.0,0.0,0.1640755060044202
fbc_tfnbs,"e=0.9,h=3.0,n=30,start_thres=1.25,min_cluster_size=3",hub,0.25,10,12,40,1730,0,0,40,1730,0.0,0.0,0.0,0.0,0.1640755060044202
fbc_tfnbs,"e=0.9,h=4.0,n=30,start_thres=1.25,min_cluster_size=3",hub,0.25,10,12,40,1730,0,0,40,1730,0.0,0.0,0.0,0.0,0.1640755060044202
fbc_tfnbs,"e=0.9,h=5.0,n=30,start_thres=1.25,min_cluster_size=3",hub,0.25,10,12,40,1730,0,0,40,1730,0.0,0.0,0.0,0.0,0.1640755060044202
fbc_tfnbs,"e=0.9,h=6.0,n=30,start_thres=1.25,min_cluster_size=3",hub,0.25,10,12,40,1730,0,0,40,1730,0.0,0.0,0.0,0.0,0.1640755060044202
fbc_tfnbs,"e=0.9,h=7.0,n=30,start_thres=1.25,min_cluster_size=3",hub,0.25,10,12,40,1730,0,0,40,1730,0.0,0.0,0.0,0.0,0.1640755060044202
fbc_tfnbs,"e=0.9,h=8.0,n=30,start_thres=1.25,min_cluster_size=3",hub,0.25,10,12,40,1730,0,0,40,1730,0.0,0.0,0.0,0.0,0.1640755060044202
fbc_tfnbs,"e=0.9,h=9.0,n=30,start_thres=1.25,min_cluster_size=3",hub,0.25,10,12,40,1730,0,0,40,1730,0.0,0.0,0.0,0.0,0.1640755060044202
fbc_tfnbs,"e=0.9,h=10.0,n=30,start_thres=1.25,min_cluster_size=3",hub,0.25,10,12,40,1730,0,0,40,1730,0.0,0.0,0.0,0.0,0.1640755060044202
fbc_tfnbs,"e=1.0,h=0.5,n=30,start_thres=1.25,min_cluster_size=3",hub,0.25,10,12,40,1730,0,0,40,1730,0.0,0.0,0.0,0.0,0.1640755060044202
fbc_tfnbs,"e=1.0,h=1.0,n=30,start_thres=1.25,min_cluster_size=3",hub,0.25,10,12,40,1730,0,0,40,1730,0.0,0.0,0.0,0.0,0.1640755060044202
fbc_tfnbs,"e=1.0,h=2.0,n=30,start_thres=1.25,min_cluster_size=3",hub,0.25,10,12,40,1730,0,0,40,1730,0.0,0.0,0.0,0.0,0.1640755060044202
fbc_tfnbs,"e=1.0,h=3.0,n=30,start_thres=1.25,min_cluster_size=3",hub,0.25,10,12,40,1730,0,0,40,1730,0.0,0.0,0.0,0.0,0.1640755060044202
fbc_tfnbs,"e=1.0,h=4.0,n=30,start_thres=1.25,min_cluster_size=3",hub,0.25,10,12,40,1730,0,0,40,1730,0.0,0.0,0.0,0.0,0.1640755060044202
fbc_tfnbs,"e=1.0,h=5.0,n=30,start_thres=1.25,min_cluster_size=3",hub,0.25,10,12,40,1730,0,0,40,1730,0.0,0.0,0.0,0.0,0.1640755060044202
fbc_tfnbs,"e=1.0,h=6.0,n=30,start_thres=1.25,min_cluster_size=3",hub,0.25,10,12,40,1730,0,0,40,1730,0.0,0.0,0.0,0.0,0.1640755060044202
fbc_tfnbs,"e=1.0,h=7.0,n=30,start_thres=1.25,min_cluster_size=3",hub,0.25,10,12,40,1730,0,0,40,1730,0.0,0.0,0.0,0.0,0.1640755060044202
fbc_tfnbs,"e=1.0,h=8.0,n=30,start_thres=1.25,min_cluster_size=3",hub,0.25,10,12,40,1730,0,0,40,1730,0.0,0.0,0.0,0.0,0.1640755060044202
fbc_tfnbs,"e=1.0,h=9.0,n=30,start_thres=1.25,min_cluster_size=3",hub,0.25,10,12,40,1730,0,0,40,1730,0.0,0.0,0.0,0.0,0.1640755060044202
fbc_tfnbs,"e=1.0,h=10.0,n=30,start_thres=1.25,min_cluster_size=3",hub,0.25,10,12,40,1730,0,0,40,1730,0.0,0.0,0.0,0.0,0.1640755060044202
fbc_tfnbs,"e=1.1,h=0.5,n=30,start_thres=1.25,min_cluster_size=3",hub,0.25,10,12,40,1730,0,0,40,1730,0.0,0.0,0.0,0.0,0.1640755060044202
fbc_tfnbs,"e=1.1,h=1.0,n=30,start_thres=1.25,min_cluster_size=3",hub,0.25,10,12,40,1730,0,0,40,1730,0.0,0.0,0.0,0.0,0.1640755060044202
fbc_tfnbs,"e=1.1,h=2.0,n=30,start_thres=1.25,min_cluster_size=3",hub,0.25,10,12,40,1730,0,0,40,1730,0.0,0.0,0.0,0.0,0.1640755060044202
fbc_tfnbs,"e=1.1,h=3.0,n=30,start_thres=1.25,min_cluster_size=3",hub,0.25,10,12,40,1730,0,0,40,1730,0.0,0.0,0.0,0.0,0.1640755060044202
fbc_tfnbs,"e=1.1,h=4.0,n=30,start_thres=1.25,min_cluster_size=3",hub,0.25,10,12,40,1730,0,0,40,1730,0.0,0.0,0.0,0.0,0.1640755060044202
fbc_tfnbs,"e=1.1,h=5.0,n=30,start_thres=1.25,min_cluster_size=3",hub,0.25,10,12,40,1730,0,0,40,1730,0.0,0.0,0.0,0.0,0.1640755060044202
fbc_tfnbs,"e=1.1,h=6.0,n=30,start_thres=1.25,min_cluster_size=3",hub,0.25,10,12,40,1730,0,0,40,1730,0.0,0.0,0.0,0.0,0.1640755060044202
fbc_tfnbs,"e=1.1,h=7.0,n=30,start_thres=1.25,min_cluster_size=3",hub,0.25,10,12,40,1730,0,0,40,1730,0.0,0.0,0.0,0.0,0.1640755060044202
fbc_tfnbs,"e=1.1,h=8.0,n=30,start_thres=1.25,min_cluster_size=3",hub,0.25,10,12,40,1730,0,0,40,1730,0.0,0.0,0.0,0.0,0.1640755060044202
fbc_tfnbs,"e=1.1,h=9.0,n=30,start_thres=1.25,min_cluster_size=3",hub,0.25,10,12,40,1730,0,0,40,1730,0.0,0.0,0.0,0.0,0.1640755060044202
fbc_tfnbs,"e=1.1,h=10.0,n=30,start_thres=1.25,min_cluster_size=3",hub,0.25,10,12,40,1730,0,0,40,1730,0.0,0.0,0.0,0.0,0.1640755060044202
fbc_tfnbs,"e=1.2,h=0.5,n=30,start_thres=1.25,min_cluster_size=3",hub,0.25,10,12,40,1730,0,0,40,1730,0.0,0.0,0.0,0.0,0.1640755060044202
fbc_tfnbs,"e=1.2,h=1.0,n=30,start_thres=1.25,min_cluster_size=3",hub,0.25,10,12,40,1730,0,0,40,1730,0.0,0.0,0.0,0.0,0.1640755060044202
fbc_tfnbs,"e=1.2,h=2.0,n=30,start_thres=1.25,min_cluster_size=3",hub,0.25,10,12,40,1730,0,0,40,1730,0.0,0.0,0.0,0.0,0.1640755060044202
fbc_tfnbs,"e=1.2,h=3.0,n=30,start_thres=1.25,min_cluster_size=3",hub,0.25,10,12,40,1730,0,0,40,1730,0.0,0.0,0.0,0.0,0.1640755060044202
fbc_tfnbs,"e=1.2,h=4.0,n=30,start_thres=1.25,min_cluster_size=3",hub,0.25,10,12,40,1730,0,0,40,1730,0.0,0.0,0.0,0.0,0.1640755060044202
fbc_tfnbs,"e=1.2,h=5.0,n=30,start_thres=1.25,min_cluster_size=3",hub,0.25,10,12,40,1730,0,0,40,1730,0.0,0.0,0.0,0.0,0.1640755060044202
fbc_tfnbs,"e=1.2,h=6.0,n=30,start_thres=1.25,min_cluster_size=3",hub,0.25,10,12,40,1730,0,0,40,1730,0.0,0.0,0.0,0.0,0.1640755060044202
fbc_tfnbs,"e=1.2,h=7.0,n=30,start_thres=1.25,min_cluster_size=3",hub,0.25,10,12,40,1730,0,0,40,1730,0.0,0.0,0.0,0.0,0.1640755060044202
fbc_tfnbs,"e=1.2,h=8.0,n=30,start_thres=1.25,min_cluster_size=3",hub,0.25,10,12,40,1730,0,0,40,1730,0.0,0.0,0.0,0.0,0.1640755060044202
fbc_tfnbs,"e=1.2,h=9.0,n=30,start_thres=1.25,min_cluster_size=3",hub,0.25,10,12,40,1730,0,0,40,1730,0.0,0.0,0.0,0.0,0.1640755060044202
fbc_tfnbs,"e=1.2,h=10.0,n=30,start_thres=1.25,min_cluster_size=3",hub,0.25,10,12,40,1730,0,0,40,1730,0.0,0.0,0.0,0.0,0.1640755060044202
fbc_tfnbs,"e=1.3,h=0.5,n=30,start_thres=1.25,min_cluster_size=3",hub,0.25,10,12,40,1730,0,0,40,1730,0.0,0.0,0.0,0.0,0.1640755060044202
fbc_tfnbs,"e=1.3,h=1.0,n=30,start_thres=1.25,min_cluster_size=3",hub,0.25,10,12,40,1730,0,0,40,1730,0.0,0.0,0.0,0.0,0.1640755060044202
fbc_tfnbs,"e=1.3,h=2.0,n=30,start_thres=1.25,min_cluster_size=3",hub,0.25,10,12,40,1730,0,0,40,1730,0.0,0.0,0.0,0.0,0.1640755060044202
fbc_tfnbs,"e=1.3,h=3.0,n=30,start_thres=1.25,min_cluster_size=3",hub,0.25,10,12,40,1730,0,0,40,1730,0.0,0.0,0.0,0.0,0.1640755060044202
fbc_tfnbs,"e=1.3,h=4.0,n=30,start_thres=1.25,min_cluster_size=3",hub,0.25,10,12,40,1730,0,0,40,1730,0.0,0.0,0.0,0.0,0.1640755060044202
fbc_tfnbs,"e=1.3,h=5.0,n=30,start_thres=1.25,min_cluster_size=3",hub,0.25,10,12,40,1730,0,0,40,1730,0.0,0.0,0.0,0.0,0.1640755060044202
fbc_tfnbs,"e=1.3,h=6.0,n=30,start_thres=1.25,min_cluster_size=3",hub,0.25,10,12,40,1730,0,0,40,1730,0.0,0.0,0.0,0.0,0.1640755060044202
fbc_tfnbs,"e=1.3,h=7.0,n=30,start_thres=1.25,min_cluster_size=3",hub,0.25,10,12,40,1730,0,0,40,1730,0.0,0.0,0.0,0.0,0.1640755060044202
fbc_tfnbs,"e=1.3,h=8.0,n=30,start_thres=1.25,min_cluster_size=3",hub,0.25,10,12,40,1730,0,0,40,1730,0.0,0.0,0.0,0.0,0.1640755060044202
fbc_tfnbs,"e=1.3,h=9.0,n=30,start_thres=1.25,min_cluster_size=3",hub,0.25,10,12,40,1730,0,0,40,1730,0.0,0.0,0.0,0.0,0.1640755060044202
fbc_tfnbs,"e=1.3,h=10.0,n=30,start_thres=1.25,min_cluster_size=3",hub,0.25,10,12,40,1730,0,0,40,1730,0.0,0.0,0.0,0.0,0.1640755060044202
fbc_tfnbs,"e=1.4,h=0.5,n=30,start_thres=1.25,min_cluster_size=3",hub,0.25,10,12,40,1730,0,0,40,1730,0.0,0.0,0.0,0.0,0.1640755060044202
fbc_tfnbs,"e=1.4,h=1.0,n=30,start_thres=1.25,min_cluster_size=3",hub,0.25,10,12,40,1730,0,0,40,1730,0.0,0.0,0.0,0.0,0.1640755060044202
fbc_tfnbs,"e=1.4,h=2.0,n=30,start_thres=1.25,min_cluster_size=3",hub,0.25,10,12,40,1730,0,0,40,1730,0.0,0.0,0.0,0.0,0.1640755060044202
fbc_tfnbs,"e=1.4,h=3.0,n=30,start_thres=1.25,min_cluster_size=3",hub,0.25,10,12,40,1730,0,0,40,1730,0.0,0.0,0.0,0.0,0.1640755060044202
fbc_tfnbs,"e=1.4,h=4.0,n=30,start_thres=1.25,min_cluster_size=3",hub,0.25,10,12,40,1730,0,0,40,1730,0.0,0.0,0.0,0.0,0.1640755060044202
fbc_tfnbs,"e=1.4,h=5.0,n=30,start_thres=1.25,min_cluster_size=3",hub,0.25,10,12,40,1730,0,0,40,1730,0.0,0.0,0.0,0.0,0.1640755060044202
fbc_tfnbs,"e=1.4,h=6.0,n=30,start_thres=1.25,min_cluster_size=3",hub,0.25,10,12,40,1730,0,0,40,1730,0.0,0.0,0.0,0.0,0.1640755060044202
fbc_tfnbs,"e=1.4,h=7.0,n=30,start_thres=1.25,min_cluster_size=3",hub,0.25,10,12,40,1730,0,0,40,1730,0.0,0.0,0.0,0.0,0.1640755060044202
fbc_tfnbs,"e=1.4,h=8.0,n=30,start_thres=1.25,min_cluster_size=3",hub,0.25,10,12,40,1730,0,0,40,1730,0.0,0.0,0.0,0.0,0.1640755060044202
fbc_tfnbs,"e=1.4,h=9.0,n=30,start_thres=1.25,min_cluster_size=3",hub,0.25,10,12,40,1730,0,0,40,1730,0.0,0.0,0.0,0.0,0.1640755060044202
fbc_tfnbs,"e=1.4,h=10.0,n=30,start_thres=1.25,min_cluster_size=3",hub,0.25,10,12,40,1730,0,0,40,1730,0.0,0.0,0.0,0.0,0.1640755060044202
fbc_tfnbs,"e=1.5,h=0.5,n=30,start_thres=1.25,min_cluster_size=3",hub,0.25,10,12,40,1730,0,0,40,1730,0.0,0.0,0.0,0.0,0.1640755060044202
fbc_tfnbs,"e=1.5,h=1.0,n=30,start_thres=1.25,min_cluster_size=3",hub,0.25,10,12,40,1730,0,0,40,1730,0.0,0.0,0.0,0.0,0.1640755060044202
fbc_tfnbs,"e=1.5,h=2.0,n=30,start_thres=1.25,min_cluster_size=3",hub,0.25,10,12,40,1730,0,0,40,1730,0.0,0.0,0.0,0.0,0.1640755060044202
fbc_tfnbs,"e=1.5,h=3.0,n=30,start_thres=1.25,min_cluster_size=3",hub,0.25,10,12,40,1730,0,0,40,1730,0.0,0.0,0.0,0.0,0.1640755060044202
fbc_tfnbs,"e=1.5,h=4.0,n=30,start_thres=1.25,min_cluster_size=3",hub,0.25,10,12,40,1730,0,0,40,1730,0.0,0.0,0.0,0.0,0.1640755060044202
fbc_tfnbs,"e=1.5,h=5.0,n=30,start_thres=1.25,min_cluster_size=3",hub,0.25,10,12,40,1730,0,0,40,1730,0.0,0.0,0.0,0.0,0.1640755060044202
fbc_tfnbs,"e=1.5,h=6.0,n=30,start_thres=1.25,min_cluster_size=3",hub,0.25,10,12,40,1730,0,0,40,1730,0.0,0.0,0.0,0.0,0.1640755060044202
fbc_tfnbs,"e=1.5,h=7.0,n=30,start_thres=1.25,min_cluster_size=3",hub,0.25,10,12,40,1730,0,0,40,1730,0.0,0.0,0.0,0.0,0.1640755060044202
fbc_tfnbs,"e=1.5,h=8.0,n=30,start_thres=1.25,min_cluster_size=3",hub,0.25,10,12,40,1730,0,0,40,1730,0.0,0.0,0.0,0.0,0.1640755060044202
fbc_tfnbs,"e=1.5,h=9.0,n=30,start_thres=1.25,min_cluster_size=3",hub,0.25,10,12,40,1730,0,0,40,1730,0.0,0.0,0.0,0.0,0.1640755060044202
fbc_tfnbs,"e=1.5,h=10.0,n=30,start_thres=1.25,min_cluster_size=3",hub,0.25,10,12,40,1730,0,0,40,1730,0.0,0.0,0.0,0.0,0.1640755060044202
fbc_tfnbs,"e=0.05,h=0.5,n=30,start_thres=1.25,min_cluster_size=3",hub,0.25,10,13,40,1730,0,0,40,1730,0.0,0.0,0.0,0.0,0.1640285646373575
fbc_tfnbs,"e=0.05,h=1.0,n=30,start_thres=1.25,min_cluster_size=3",hub,0.25,10,13,40,1730,0,0,40,1730,0.0,0.0,0.0,0.0,0.1640285646373575
fbc_tfnbs,"e=0.05,h=2.0,n=30,start_thres=1.25,min_cluster_size=3",hub,0.25,10,13,40,1730,0,0,40,1730,0.0,0.0,0.0,0.0,0.1640285646373575
fbc_tfnbs,"e=0.05,h=3.0,n=30,start_thres=1.25,min_cluster_size=3",hub,0.25,10,13,40,1730,0,0,40,1730,0.0,0.0,0.0,0.0,0.1640285646373575
fbc_tfnbs,"e=0.05,h=4.0,n=30,start_thres=1.25,min_cluster_size=3",hub,0.25,10,13,40,1730,0,0,40,1730,0.0,0.0,0.0,0.0,0.1640285646373575
fbc_tfnbs,"e=0.05,h=5.0,n=30,start_thres=1.25,min_cluster_size=3",hub,0.25,10,13,40,1730,0,0,40,1730,0.0,0.0,0.0,0.0,0.1640285646373575
fbc_tfnbs,"e=0.05,h=6.0,n=30,start_thres=1.25,min_cluster_size=3",hub,0.25,10,13,40,1730,0,0,40,1730,0.0,0.0,0.0,0.0,0.1640285646373575
fbc_tfnbs,"e=0.05,h=7.0,n=30,start_thres=1.25,min_cluster_size=3",hub,0.25,10,13,40,1730,0,0,40,1730,0.0,0.0,0.0,0.0,0.1640285646373575
fbc_tfnbs,"e=0.05,h=8.0,n=30,start_thres=1.25,min_cluster_size=3",hub,0.25,10,13,40,1730,0,0,40,1730,0.0,0.0,0.0,0.0,0.1640285646373575
fbc_tfnbs,"e=0.05,h=9.0,n=30,start_thres=1.25,min_cluster_size=3",hub,0.25,10,13,40,1730,0,0,40,1730,0.0,0.0,0.0,0.0,0.1640285646373575
fbc_tfnbs,"e=0.05,h=10.0,n=30,start_thres=1.25,min_cluster_size=3",hub,0.25,10,13,40,1730,0,0,40,1730,0.0,0.0,0.0,0.0,0.1640285646373575
fbc_tfnbs,"e=0.1,h=0.5,n=30,start_thres=1.25,min_cluster_size=3",hub,0.25,10,13,40,1730,0,0,40,1730,0.0,0.0,0.0,0.0,0.1640285646373575
fbc_tfnbs,"e=0.1,h=1.0,n=30,start_thres=1.25,min_cluster_size=3",hub,0.25,10,13,40,1730,0,0,40,1730,0.0,0.0,0.0,0.0,0.1640285646373575
fbc_tfnbs,"e=0.1,h=2.0,n=30,start_thres=1.25,min_cluster_size=3",hub,0.25,10,13,40,1730,0,0,40,1730,0.0,0.0,0.0,0.0,0.1640285646373575
fbc_tfnbs,"e=0.1,h=3.0,n=30,start_thres=1.25,min_cluster_size=3",hub,0.25,10,13,40,1730,0,0,40,1730,0.0,0.0,0.0,0.0,0.1640285646373575
fbc_tfnbs,"e=0.1,h=4.0,n=30,start_thres=1.25,min_cluster_size=3",hub,0.25,10,13,40,1730,0,0,40,1730,0.0,0.0,0.0,0.0,0.1640285646373575
fbc_tfnbs,"e=0.1,h=5.0,n=30,start_thres=1.25,min_cluster_size=3",hub,0.25,10,13,40,1730,0,0,40,1730,0.0,0.0,0.0,0.0,0.1640285646373575
fbc_tfnbs,"e=0.1,h=6.0,n=30,start_thres=1.25,min_cluster_size=3",hub,0.25,10,13,40,1730,0,0,40,1730,0.0,0.0,0.0,0.0,0.1640285646373575
fbc_tfnbs,"e=0.1,h=7.0,n=30,start_thres=1.25,min_cluster_size=3",hub,0.25,10,13,40,1730,0,0,40,1730,0.0,0.0,0.0,0.0,0.1640285646373575
fbc_tfnbs,"e=0.1,h=8.0,n=30,start_thres=1.25,min_cluster_size=3",hub,0.25,10,13,40,1730,0,0,40,1730,0.0,0.0,0.0,0.0,0.1640285646373575
fbc_tfnbs,"e=0.1,h=9.0,n=30,start_thres=1.25,min_cluster_size=3",hub,0.25,10,13,40,1730,0,0,40,1730,0.0,0.0,0.0,0.0,0.1640285646373575
fbc_tfnbs,"e=0.1,h=10.0,n=30,start_thres=1.25,min_cluster_size=3",hub,0.25,10,13,40,1730,0,0,40,1730,0.0,0.0,0.0,0.0,0.1640285646373575
fbc_tfnbs,"e=0.2,h=0.5,n=30,start_thres=1.25,min_cluster_size=3",hub,0.25,10,13,40,1730,0,0,40,1730,0.0,0.0,0.0,0.0,0.1640285646373575
fbc_tfnbs,"e=0.2,h=1.0,n=30,start_thres=1.25,min_cluster_size=3",hub,0.25,10,13,40,1730,0,0,40,1730,0.0,0.0,0.0,0.0,0.1640285646373575
fbc_tfnbs,"e=0.2,h=2.0,n=30,start_thres=1.25,min_cluster_size=3",hub,0.25,10,13,40,1730,0,0,40,1730,0.0,0.0,0.0,0.0,0.1640285646373575
fbc_tfnbs,"e=0.2,h=3.0,n=30,start_thres=1.25,min_cluster_size=3",hub,0.25,10,13,40,1730,0,0,40,1730,0.0,0.0,0.0,0.0,0.1640285646373575
fbc_tfnbs,"e=0.2,h=4.0,n=30,start_thres=1.25,min_cluster_size=3",hub,0.25,10,13,40,1730,0,0,40,1730,0.0,0.0,0.0,0.0,0.1640285646373575
fbc_tfnbs,"e=0.2,h=5.0,n=30,start_thres=1.25,min_cluster_size=3",hub,0.25,10,13,40,1730,0,0,40,1730,0.0,0.0,0.0,0.0,0.1640285646373575
fbc_tfnbs,"e=0.2,h=6.0,n=30,start_thres=1.25,min_cluster_size=3",hub,0.25,10,13,40,1730,0,0,40,1730,0.0,0.0,0.0,0.0,0.1640285646373575
fbc_tfnbs,"e=0.2,h=7.0,n=30,start_thres=1.25,min_cluster_size=3",hub,0.25,10,13,40,1730,0,0,40,1730,0.0,0.0,0.0,0.0,0.1640285646373575
fbc_tfnbs,"e=0.2,h=8.0,n=30,start_thres=1.25,min_cluster_size=3",hub,0.25,10,13,40,1730,0,0,40,1730,0.0,0.0,0.0,0.0,0.1640285646373575
fbc_tfnbs,"e=0.2,h=9.0,n=30,start_thres=1.25,min_cluster_size=3",hub,0.25,10,13,40,1730,0,0,40,1730,0.0,0.0,0.0,0.0,0.1640285646373575
fbc_tfnbs,"e=0.2,h=10.0,n=30,start_thres=1.25,min_cluster_size=3",hub,0.25,10,13,40,1730,0,0,40,1730,0.0,0.0,0.0,0.0,0.1640285646373575
fbc_tfnbs,"e=0.3,h=0.5,n=30,start_thres=1.25,min_cluster_size=3",hub,0.25,10,13,40,1730,0,0,40,1730,0.0,0.0,0.0,0.0,0.1640285646373575
fbc_tfnbs,"e=0.3,h=1.0,n=30,start_thres=1.25,min_cluster_size=3",hub,0.25,10,13,40,1730,0,0,40,1730,0.0,0.0,0.0,0.0,0.1640285646373575
fbc_tfnbs,"e=0.3,h=2.0,n=30,start_thres=1.25,min_cluster_size=3",hub,0.25,10,13,40,1730,0,0,40,1730,0.0,0.0,0.0,0.0,0.1640285646373575
fbc_tfnbs,"e=0.3,h=3.0,n=30,start_thres=1.25,min_cluster_size=3",hub,0.25,10,13,40,1730,0,0,40,1730,0.0,0.0,0.0,0.0,0.1640285646373575
fbc_tfnbs,"e=0.3,h=4.0,n=30,start_thres=1.25,min_cluster_size=3",hub,0.25,10,13,40,1730,0,0,40,1730,0.0,0.0,0.0,0.0,0.1640285646373575
fbc_tfnbs,"e=0.3,h=5.0,n=30,start_thres=1.25,min_cluster_size=3",hub,0.25,10,13,40,1730,0,0,40,1730,0.0,0.0,0.0,0.0,0.1640285646373575
fbc_tfnbs,"e=0.3,h=6.0,n=30,start_thres=1.25,min_cluster_size=3",hub,0.25,10,13,40,1730,0,0,40,1730,0.0,0.0,0.0,0.0,0.1640285646373575
fbc_tfnbs,"e=0.3,h=7.0,n=30,start_thres=1.25,min_cluster_size=3",hub,0.25,10,13,40,1730,0,0,40,1730,0.0,0.0,0.0,0.0,0.1640285646373575
fbc_tfnbs,"e=0.3,h=8.0,n=30,start_thres=1.25,min_cluster_size=3",hub,0.25,10,13,40,1730,0,0,40,1730,0.0,0.0,0.0,0.0,0.1640285646373575
fbc_tfnbs,"e=0.3,h=9.0,n=30,start_thres=1.25,min_cluster_size=3",hub,0.25,10,13,40,1730,0,0,40,1730,0.0,0.0,0.0,0.0,0.1640285646373575
fbc_tfnbs,"e=0.3,h=10.0,n=30,start_thres=1.25,min_cluster_size=3",hub,0.25,10,13,40,1730,0,0,40,1730,0.0,0.0,0.0,0.0,0.1640285646373575
fbc_tfnbs,"e=0.4,h=0.5,n=30,start_thres=1.25,min_cluster_size=3",hub,0.25,10,13,40,1730,0,0,40,1730,0.0,0.0,0.0,0.0,0.1640285646373575
fbc_tfnbs,"e=0.4,h=1.0,n=30,start_thres=1.25,min_cluster_size=3",hub,0.25,10,13,40,1730,0,0,40,1730,0.0,0.0,0.0,0.0,0.1640285646373575
fbc_tfnbs,"e=0.4,h=2.0,n=30,start_thres=1.25,min_cluster_size=3",hub,0.25,10,13,40,1730,0,0,40,1730,0.0,0.0,0.0,0.0,0.1640285646373575
fbc_tfnbs,"e=0.4,h=3.0,n=30,start_thres=1.25,min_cluster_size=3",hub,0.25,10,13,40,1730,0,0,40,1730,0.0,0.0,0.0,0.0,0.1640285646373575
fbc_tfnbs,"e=0.4,h=4.0,n=30,start_thres=1.25,min_cluster_size=3",hub,0.25,10,13,40,1730,0,0,40,1730,0.0,0.0,0.0,0.0,0.1640285646373575
fbc_tfnbs,"e=0.4,h=5.0,n=30,start_thres=1.25,min_cluster_size=3",hub,0.25,10,13,40,1730,0,0,40,1730,0.0,0.0,0.0,0.0,0.1640285646373575
fbc_tfnbs,"e=0.4,h=6.0,n=30,start_thres=1.25,min_cluster_size=3",hub,0.25,10,13,40,1730,0,0,40,1730,0.0,0.0,0.0,0.0,0.1640285646373575
fbc_tfnbs,"e=0.4,h=7.0,n=30,start_thres=1.25,min_cluster_size=3",hub,0.25,10,13,40,1730,0,0,40,1730,0.0,0.0,0.0,0.0,0.1640285646373575
fbc_tfnbs,"e=0.4,h=8.0,n=30,start_thres=1.25,min_cluster_size=3",hub,0.25,10,13,40,1730,0,0,40,1730,0.0,0.0,0.0,0.0,0.1640285646373575
fbc_tfnbs,"e=0.4,h=9.0,n=30,start_thres=1.25,min_cluster_size=3",hub,0.25,10,13,40,1730,0,0,40,1730,0.0,0.0,0.0,0.0,0.1640285646373575
fbc_tfnbs,"e=0.4,h=10.0,n=30,start_thres=1.25,min_cluster_size=3",hub,0.25,10,13,40,1730,0,0,40,1730,0.0,0.0,0.0,0.0,0.1640285646373575
fbc_tfnbs,"e=0.5,h=0.5,n=30,start_thres=1.25,min_cluster_size=3",hub,0.25,10,13,40,1730,0,0,40,1730,0.0,0.0,0.0,0.0,0.1640285646373575
fbc_tfnbs,"e=0.5,h=1.0,n=30,start_thres=1.25,min_cluster_size=3",hub,0.25,10,13,40,1730,0,0,40,1730,0.0,0.0,0.0,0.0,0.1640285646373575
fbc_tfnbs,"e=0.5,h=2.0,n=30,start_thres=1.25,min_cluster_size=3",hub,0.25,10,13,40,1730,0,0,40,1730,0.0,0.0,0.0,0.0,0.1640285646373575
fbc_tfnbs,"e=0.5,h=3.0,n=30,start_thres=1.25,min_cluster_size=3",hub,0.25,10,13,40,1730,0,0,40,1730,0.0,0.0,0.0,0.0,0.1640285646373575
fbc_tfnbs,"e=0.5,h=4.0,n=30,start_thres=1.25,min_cluster_size=3",hub,0.25,10,13,40,1730,0,0,40,1730,0.0,0.0,0.0,0.0,0.1640285646373575
fbc_tfnbs,"e=0.5,h=5.0,n=30,start_thres=1.25,min_cluster_size=3",hub,0.25,10,13,40,1730,0,0,40,1730,0.0,0.0,0.0,0.0,0.1640285646373575
fbc_tfnbs,"e=0.5,h=6.0,n=30,start_thres=1.25,min_cluster_size=3",hub,0.25,10,13,40,1730,0,0,40,1730,0.0,0.0,0.0,0.0,0.1640285646373575
fbc_tfnbs,"e=0.5,h=7.0,n=30,start_thres=1.25,min_cluster_size=3",hub,0.25,10,13,40,1730,0,0,40,1730,0.0,0.0,0.0,0.0,0.1640285646373575
fbc_tfnbs,"e=0.5,h=8.0,n=30,start_thres=1.25,min_cluster_size=3",hub,0.25,10,13,40,1730,0,0,40,1730,0.0,0.0,0.0,0.0,0.1640285646373575
fbc_tfnbs,"e=0.5,h=9.0,n=30,start_thres=1.25,min_cluster_size=3",hub,0.25,10,13,40,1730,0,0,40,1730,0.0,0.0,0.0,0.0,0.1640285646373575
fbc_tfnbs,"e=0.5,h=10.0,n=30,start_thres=1.25,min_cluster_size=3",hub,0.25,10,13,40,1730,0,0,40,1730,0.0,0.0,0.0,0.0,0.1640285646373575
fbc_tfnbs,"e=0.6,h=0.5,n=30,start_thres=1.25,min_cluster_size=3",hub,0.25,10,13,40,1730,0,0,40,1730,0.0,0.0,0.0,0.0,0.1640285646373575
fbc_tfnbs,"e=0.6,h=1.0,n=30,start_thres=1.25,min_cluster_size=3",hub,0.25,10,13,40,1730,0,0,40,1730,0.0,0.0,0.0,0.0,0.1640285646373575
fbc_tfnbs,"e=0.6,h=2.0,n=30,start_thres=1.25,min_cluster_size=3",hub,0.25,10,13,40,1730,0,0,40,1730,0.0,0.0,0.0,0.0,0.1640285646373575
fbc_tfnbs,"e=0.6,h=3.0,n=30,start_thres=1.25,min_cluster_size=3",hub,0.25,10,13,40,1730,0,0,40,1730,0.0,0.0,0.0,0.0,0.1640285646373575
fbc_tfnbs,"e=0.6,h=4.0,n=30,start_thres=1.25,min_cluster_size=3",hub,0.25,10,13,40,1730,0,0,40,1730,0.0,0.0,0.0,0.0,0.1640285646373575
fbc_tfnbs,"e=0.6,h=5.0,n=30,start_thres=1.25,min_cluster_size=3",hub,0.25,10,13,40,1730,0,0,40,1730,0.0,0.0,0.0,0.0,0.1640285646373575
fbc_tfnbs,"e=0.6,h=6.0,n=30,start_thres=1.25,min_cluster_size=3",hub,0.25,10,13,40,1730,0,0,40,1730,0.0,0.0,0.0,0.0,0.1640285646373575
fbc_tfnbs,"e=0.6,h=7.0,n=30,start_thres=1.25,min_cluster_size=3",hub,0.25,10,13,40,1730,0,0,40,1730,0.0,0.0,0.0,0.0,0.1640285646373575
fbc_tfnbs,"e=0.6,h=8.0,n=30,start_thres=1.25,min_cluster_size=3",hub,0.25,10,13,40,1730,0,0,40,1730,0.0,0.0,0.0,0.0,0.1640285646373575
fbc_tfnbs,"e=0.6,h=9.0,n=30,start_thres=1.25,min_cluster_size=3",hub,0.25,10,13,40,1730,0,0,40,1730,0.0,0.0,0.0,0.0,0.1640285646373575
fbc_tfnbs,"e=0.6,h=10.0,n=30,start_thres=1.25,min_cluster_size=3",hub,0.25,10,13,40,1730,0,0,40,1730,0.0,0.0,0.0,0.0,0.1640285646373575
fbc_tfnbs,"e=0.7,h=0.5,n=30,start_thres=1.25,min_cluster_size=3",hub,0.25,10,13,40,1730,0,0,40,1730,0.0,0.0,0.0,0.0,0.1640285646373575
fbc_tfnbs,"e=0.7,h=1.0,n=30,start_thres=1.25,min_cluster_size=3",hub,0.25,10,13,40,1730,0,0,40,1730,0.0,0.0,0.0,0.0,0.1640285646373575
fbc_tfnbs,"e=0.7,h=2.0,n=30,start_thres=1.25,min_cluster_size=3",hub,0.25,10,13,40,1730,0,0,40,1730,0.0,0.0,0.0,0.0,0.1640285646373575
fbc_tfnbs,"e=0.7,h=3.0,n=30,start_thres=1.25,min_cluster_size=3",hub,0.25,10,13,40,1730,0,0,40,1730,0.0,0.0,0.0,0.0,0.1640285646373575
fbc_tfnbs,"e=0.7,h=4.0,n=30,start_thres=1.25,min_cluster_size=3",hub,0.25,10,13,40,1730,0,0,40,1730,0.0,0.0,0.0,0.0,0.1640285646373575
fbc_tfnbs,"e=0.7,h=5.0,n=30,start_thres=1.25,min_cluster_size=3",hub,0.25,10,13,40,1730,0,0,40,1730,0.0,0.0,0.0,0.0,0.1640285646373575
fbc_tfnbs,"e=0.7,h=6.0,n=30,start_thres=1.25,min_cluster_size=3",hub,0.25,10,13,40,1730,0,0,40,1730,0.0,0.0,0.0,0.0,0.1640285646373575
fbc_tfnbs,"e=0.7,h=7.0,n=30,start_thres=1.25,min_cluster_size=3",hub,0.25,10,13,40,1730,0,0,40,1730,0.0,0.0,0.0,0.0,0.1640285646373575
fbc_tfnbs,"e=0.7,h=8.0,n=30,start_thres=1.25,min_cluster_size=3",hub,0.25,10,13,40,1730,0,0,40,1730,0.0,0.0,0.0,0.0,0.1640285646373575
fbc_tfnbs,"e=0.7,h=9.0,n=30,start_thres=1.25,min_cluster_size=3",hub,0.25,10,13,40,1730,0,0,40,1730,0.0,0.0,0.0,0.0,0.1640285646373575
fbc_tfnbs,"e=0.7,h=10.0,n=30,start_thres=1.25,min_cluster_size=3",hub,0.25,10,13,40,1730,0,0,40,1730,0.0,0.0,0.0,0.0,0.1640285646373575
fbc_tfnbs,"e=0.8,h=0.5,n=30,start_thres=1.25,min_cluster_size=3",hub,0.25,10,13,40,1730,0,0,40,1730,0.0,0.0,0.0,0.0,0.1640285646373575
fbc_tfnbs,"e=0.8,h=1.0,n=30,start_thres=1.25,min_cluster_size=3",hub,0.25,10,13,40,1730,0,0,40,1730,0.0,0.0,0.0,0.0,0.1640285646373575
fbc_tfnbs,"e=0.8,h=2.0,n=30,start_thres=1.25,min_cluster_size=3",hub,0.25,10,13,40,1730,0,0,40,1730,0.0,0.0,0.0,0.0,0.1640285646373575
fbc_tfnbs,"e=0.8,h=3.0,n=30,start_thres=1.25,min_cluster_size=3",hub,0.25,10,13,40,1730,0,0,40,1730,0.0,0.0,0.0,0.0,0.1640285646373575
fbc_tfnbs,"e=0.8,h=4.0,n=30,start_thres=1.25,min_cluster_size=3",hub,0.25,10,13,40,1730,0,0,40,1730,0.0,0.0,0.0,0.0,0.1640285646373575
fbc_tfnbs,"e=0.8,h=5.0,n=30,start_thres=1.25,min_cluster_size=3",hub,0.25,10,13,40,1730,0,0,40,1730,0.0,0.0,0.0,0.0,0.1640285646373575
fbc_tfnbs,"e=0.8,h=6.0,n=30,start_thres=1.25,min_cluster_size=3",hub,0.25,10,13,40,1730,0,0,40,1730,0.0,0.0,0.0,0.0,0.1640285646373575
fbc_tfnbs,"e=0.8,h=7.0,n=30,start_thres=1.25,min_cluster_size=3",hub,0.25,10,13,40,1730,0,0,40,1730,0.0,0.0,0.0,0.0,0.1640285646373575
fbc_tfnbs,"e=0.8,h=8.0,n=30,start_thres=1.25,min_cluster_size=3",hub,0.25,10,13,40,1730,0,0,40,1730,0.0,0.0,0.0,0.0,0.1640285646373575
fbc_tfnbs,"e=0.8,h=9.0,n=30,start_thres=1.25,min_cluster_size=3",hub,0.25,10,13,40,1730,0,0,40,1730,0.0,0.0,0.0,0.0,0.1640285646373575
fbc_tfnbs,"e=0.8,h=10.0,n=30,start_thres=1.25,min_cluster_size=3",hub,0.25,10,13,40,1730,0,0,40,1730,0.0,0.0,0.0,0.0,0.1640285646373575
fbc_tfnbs,"e=0.9,h=0.5,n=30,start_thres=1.25,min_cluster_size=3",hub,0.25,10,13,40,1730,0,0,40,1730,0.0,0.0,0.0,0.0,0.1640285646373575
fbc_tfnbs,"e=0.9,h=1.0,n=30,start_thres=1.25,min_cluster_size=3",hub,0.25,10,13,40,1730,0,0,40,1730,0.0,0.0,0.0,0.0,0.1640285646373575
fbc_tfnbs,"e=0.9,h=2.0,n=30,start_thres=1.25,min_cluster_size=3",hub,0.25,10,13,40,1730,0,0,40,1730,0.0,0.0,0.0,0.0,0.1640285646373575
fbc_tfnbs,"e=0.9,h=3.0,n=30,start_thres=1.25,min_cluster_size=3",hub,0.25,10,13,40,1730,0,0,40,1730,0.0,0.0,0.0,0.0,0.1640285646373575
fbc_tfnbs,"e=0.9,h=4.0,n=30,start_thres=1.25,min_cluster_size=3",hub,0.25,10,13,40,1730,0,0,40,1730,0.0,0.0,0.0,0.0,0.1640285646373575
fbc_tfnbs,"e=0.9,h=5.0,n=30,start_thres=1.25,min_cluster_size=3",hub,0.25,10,13,40,1730,0,0,40,1730,0.0,0.0,0.0,0.0,0.1640285646373575
fbc_tfnbs,"e=0.9,h=6.0,n=30,start_thres=1.25,min_cluster_size=3",hub,0.25,10,13,40,1730,0,0,40,1730,0.0,0.0,0.0,0.0,0.1640285646373575
fbc_tfnbs,"e=0.9,h=7.0,n=30,start_thres=1.25,min_cluster_size=3",hub,0.25,10,13,40,1730,0,0,40,1730,0.0,0.0,0.0,0.0,0.1640285646373575
fbc_tfnbs,"e=0.9,h=8.0,n=30,start_thres=1.25,min_cluster_size=3",hub,0.25,10,13,40,1730,0,0,40,1730,0.0,0.0,0.0,0.0,0.1640285646373575
fbc_tfnbs,"e=0.9,h=9.0,n=30,start_thres=1.25,min_cluster_size=3",hub,0.25,10,13,40,1730,0,0,40,1730,0.0,0.0,0.0,0.0,0.1640285646373575
fbc_tfnbs,"e=0.9,h=10.0,n=30,start_thres=1.25,min_cluster_size=3",hub,0.25,10,13,40,1730,0,0,40,1730,0.0,0.0,0.0,0.0,0.1640285646373575
fbc_tfnbs,"e=1.0,h=0.5,n=30,start_thres=1.25,min_cluster_size=3",hub,0.25,10,13,40,1730,0,0,40,1730,0.0,0.0,0.0,0.0,0.1640285646373575
fbc_tfnbs,"e=1.0,h=1.0,n=30,start_thres=1.25,min_cluster_size=3",hub,0.25,10,13,40,1730,0,0,40,1730,0.0,0.0,0.0,0.0,0.1640285646373575
fbc_tfnbs,"e=1.0,h=2.0,n=30,start_thres=1.25,min_cluster_size=3",hub,0.25,10,13,40,1730,0,0,40,1730,0.0,0.0,0.0,0.0,0.1640285646373575
fbc_tfnbs,"e=1.0,h=3.0,n=30,start_thres=1.25,min_cluster_size=3",hub,0.25,10,13,40,1730,0,0,40,1730,0.0,0.0,0.0,0.0,0.1640285646373575
fbc_tfnbs,"e=1.0,h=4.0,n=30,start_thres=1.25,min_cluster_size=3",hub,0.25,10,13,40,1730,0,0,40,1730,0.0,0.0,0.0,0.0,0.1640285646373575
fbc_tfnbs,"e=1.0,h=5.0,n=30,start_thres=1.25,min_cluster_size=3",hub,0.25,10,13,40,1730,0,0,40,1730,0.0,0.0,0.0,0.0,0.1640285646373575
fbc_tfnbs,"e=1.0,h=6.0,n=30,start_thres=1.25,min_cluster_size=3",hub,0.25,10,13,40,1730,0,0,40,1730,0.0,0.0,0.0,0.0,0.1640285646373575
fbc_tfnbs,"e=1.0,h=7.0,n=30,start_thres=1.25,min_cluster_size=3",hub,0.25,10,13,40,1730,0,0,40,1730,0.0,0.0,0.0,0.0,0.1640285646373575
fbc_tfnbs,"e=1.0,h=8.0,n=30,start_thres=1.25,min_cluster_size=3",hub,0.25,10,13,40,1730,0,0,40,1730,0.0,0.0,0.0,0.0,0.1640285646373575
fbc_tfnbs,"e=1.0,h=9.0,n=30,start_thres=1.25,min_cluster_size=3",hub,0.25,10,13,40,1730,0,0,40,1730,0.0,0.0,0.0,0.0,0.1640285646373575
fbc_tfnbs,"e=1.0,h=10.0,n=30,start_thres=1.25,min_cluster_size=3",hub,0.25,10,13,40,1730,0,0,40,1730,0.0,0.0,0.0,0.0,0.1640285646373575
fbc_tfnbs,"e=1.1,h=0.5,n=30,start_thres=1.25,min_cluster_size=3",hub,0.25,10,13,40,1730,0,0,40,1730,0.0,0.0,0.0,0.0,0.1640285646373575
fbc_tfnbs,"e=1.1,h=1.0,n=30,start_thres=1.25,min_cluster_size=3",hub,0.25,10,13,40,1730,0,0,40,1730,0.0,0.0,0.0,0.0,0.1640285646373575
fbc_tfnbs,"e=1.1,h=2.0,n=30,start_thres=1.25,min_cluster_size=3",hub,0.25,10,13,40,1730,0,0,40,1730,0.0,0.0,0.0,0.0,0.1640285646373575
fbc_tfnbs,"e=1.1,h=3.0,n=30,start_thres=1.25,min_cluster_size=3",hub,0.25,10,13,40,1730,0,0,40,1730,0.0,0.0,0.0,0.0,0.1640285646373575
fbc_tfnbs,"e=1.1,h=4.0,n=30,start_thres=1.25,min_cluster_size=3",hub,0.25,10,13,40,1730,0,0,40,1730,0.0,0.0,0.0,0.0,0.1640285646373575
fbc_tfnbs,"e=1.1,h=5.0,n=30,start_thres=1.25,min_cluster_size=3",hub,0.25,10,13,40,1730,0,0,40,1730,0.0,0.0,0.0,0.0,0.1640285646373575
fbc_tfnbs,"e=1.1,h=6.0,n=30,start_thres=1.25,min_cluster_size=3",hub,0.25,10,13,40,1730,0,0,40,1730,0.0,0.0,0.0,0.0,0.1640285646373575
fbc_tfnbs,"e=1.1,h=7.0,n=30,start_thres=1.25,min_cluster_size=3",hub,0.25,10,13,40,1730,0,0,40,1730,0.0,0.0,0.0,0.0,0.1640285646373575
fbc_tfnbs,"e=1.1,h=8.0,n=30,start_thres=1.25,min_cluster_size=3",hub,0.25,10,13,40,1730,0,0,40,1730,0.0,0.0,0.0,0.0,0.1640285646373575
fbc_tfnbs,"e=1.1,h=9.0,n=30,start_thres=1.25,min_cluster_size=3",hub,0.25,10,13,40,1730,0,0,40,1730,0.0,0.0,0.0,0.0,0.1640285646373575
fbc_tfnbs,"e=1.1,h=10.0,n=30,start_thres=1.25,min_cluster_size=3",hub,0.25,10,13,40,1730,0,0,40,1730,0.0,0.0,0.0,0.0,0.1640285646373575
fbc_tfnbs,"e=1.2,h=0.5,n=30,start_thres=1.25,min_cluster_size=3",hub,0.25,10,13,40,1730,0,0,40,1730,0.0,0.0,0.0,0.0,0.1640285646373575
fbc_tfnbs,"e=1.2,h=1.0,n=30,start_thres=1.25,min_cluster_size=3",hub,0.25,10,13,40,1730,0,0,40,1730,0.0,0.0,0.0,0.0,0.1640285646373575
fbc_tfnbs,"e=1.2,h=2.0,n=30,start_thres=1.25,min_cluster_size=3",hub,0.25,10,13,40,1730,0,0,40,1730,0.0,0.0,0.0,0.0,0.1640285646373575
fbc_tfnbs,"e=1.2,h=3.0,n=30,start_thres=1.25,min_cluster_size=3",hub,0.25,10,13,40,1730,0,0,40,1730,0.0,0.0,0.0,0.0,0.1640285646373575
fbc_tfnbs,"e=1.2,h=4.0,n=30,start_thres=1.25,min_cluster_size=3",hub,0.25,10,13,40,1730,0,0,40,1730,0.0,0.0,0.0,0.0,0.1640285646373575
fbc_tfnbs,"e=1.2,h=5.0,n=30,start_thres=1.25,min_cluster_size=3",hub,0.25,10,13,40,1730,0,0,40,1730,0.0,0.0,0.0,0.0,0.1640285646373575
fbc_tfnbs,"e=1.2,h=6.0,n=30,start_thres=1.25,min_cluster_size=3",hub,0.25,10,13,40,1730,0,0,40,1730,0.0,0.0,0.0,0.0,0.1640285646373575
fbc_tfnbs,"e=1.2,h=7.0,n=30,start_thres=1.25,min_cluster_size=3",hub,0.25,10,13,40,1730,0,0,40,1730,0.0,0.0,0.0,0.0,0.1640285646373575
fbc_tfnbs,"e=1.2,h=8.0,n=30,start_thres=1.25,min_cluster_size=3",hub,0.25,10,13,40,1730,0,0,40,1730,0.0,0.0,0.0,0.0,0.1640285646373575
fbc_tfnbs,"e=1.2,h=9.0,n=30,start_thres=1.25,min_cluster_size=3",hub,0.25,10,13,40,1730,0,0,40,1730,0.0,0.0,0.0,0.0,0.1640285646373575
fbc_tfnbs,"e=1.2,h=10.0,n=30,start_thres=1.25,min_cluster_size=3",hub,0.25,10,13,40,1730,0,0,40,1730,0.0,0.0,0.0,0.0,0.1640285646373575
fbc_tfnbs,"e=1.3,h=0.5,n=30,start_thres=1.25,min_cluster_size=3",hub,0.25,10,13,40,1730,0,0,40,1730,0.0,0.0,0.0,0.0,0.1640285646373575
fbc_tfnbs,"e=1.3,h=1.0,n=30,start_thres=1.25,min_cluster_size=3",hub,0.25,10,13,40,1730,0,0,40,1730,0.0,0.0,0.0,0.0,0.1640285646373575
fbc_tfnbs,"e=1.3,h=2.0,n=30,start_thres=1.25,min_cluster_size=3",hub,0.25,10,13,40,1730,0,0,40,1730,0.0,0.0,0.0,0.0,0.1640285646373575
fbc_tfnbs,"e=1.3,h=3.0,n=30,start_thres=1.25,min_cluster_size=3",hub,0.25,10,13,40,1730,0,0,40,1730,0.0,0.0,0.0,0.0,0.1640285646373575
fbc_tfnbs,"e=1.3,h=4.0,n=30,start_thres=1.25,min_cluster_size=3",hub,0.25,10,13,40,1730,0,0,40,1730,0.0,0.0,0.0,0.0,0.1640285646373575
fbc_tfnbs,"e=1.3,h=5.0,n=30,start_thres=1.25,min_cluster_size=3",hub,0.25,10,13,40,1730,0,0,40,1730,0.0,0.0,0.0,0.0,0.1640285646373575
fbc_tfnbs,"e=1.3,h=6.0,n=30,start_thres=1.25,min_cluster_size=3",hub,0.25,10,13,40,1730,0,0,40,1730,0.0,0.0,0.0,0.0,0.1640285646373575
fbc_tfnbs,"e=1.3,h=7.0,n=30,start_thres=1.25,min_cluster_size=3",hub,0.25,10,13,40,1730,0,0,40,1730,0.0,0.0,0.0,0.0,0.1640285646373575
fbc_tfnbs,"e=1.3,h=8.0,n=30,start_thres=1.25,min_cluster_size=3",hub,0.25,10,13,40,1730,0,0,40,1730,0.0,0.0,0.0,0.0,0.1640285646373575
fbc_tfnbs,"e=1.3,h=9.0,n=30,start_thres=1.25,min_cluster_size=3",hub,0.25,10,13,40,1730,0,0,40,1730,0.0,0.0,0.0,0.0,0.1640285646373575
fbc_tfnbs,"e=1.3,h=10.0,n=30,start_thres=1.25,min_cluster_size=3",hub,0.25,10,13,40,1730,0,0,40,1730,0.0,0.0,0.0,0.0,0.1640285646373575
fbc_tfnbs,"e=1.4,h=0.5,n=30,start_thres=1.25,min_cluster_size=3",hub,0.25,10,13,40,1730,0,0,40,1730,0.0,0.0,0.0,0.0,0.1640285646373575
fbc_tfnbs,"e=1.4,h=1.0,n=30,start_thres=1.25,min_cluster_size=3",hub,0.25,10,13,40,1730,0,0,40,1730,0.0,0.0,0.0,0.0,0.1640285646373575
fbc_tfnbs,"e=1.4,h=2.0,n=30,start_thres=1.25,min_cluster_size=3",hub,0.25,10,13,40,1730,0,0,40,1730,0.0,0.0,0.0,0.0,0.1640285646373575
fbc_tfnbs,"e=1.4,h=3.0,n=30,start_thres=1.25,min_cluster_size=3",hub,0.25,10,13,40,1730,0,0,40,1730,0.0,0.0,0.0,0.0,0.1640285646373575
fbc_tfnbs,"e=1.4,h=4.0,n=30,start_thres=1.25,min_cluster_size=3",hub,0.25,10,13,40,1730,0,0,40,1730,0.0,0.0,0.0,0.0,0.1640285646373575
fbc_tfnbs,"e=1.4,h=5.0,n=30,start_thres=1.25,min_cluster_size=3",hub,0.25,10,13,40,1730,0,0,40,1730,0.0,0.0,0.0,0.0,0.1640285646373575
fbc_tfnbs,"e=1.4,h=6.0,n=30,start_thres=1.25,min_cluster_size=3",hub,0.25,10,13,40,1730,0,0,40,1730,0.0,0.0,0.0,0.0,0.1640285646373575
fbc_tfnbs,"e=1.4,h=7.0,n=30,start_thres=1.25,min_cluster_size=3",hub,0.25,10,13,40,1730,0,0,40,1730,0.0,0.0,0.0,0.0,0.1640285646373575
fbc_tfnbs,"e=1.4,h=8.0,n=30,start_thres=1.25,min_cluster_size=3",hub,0.25,10,13,40,1730,0,0,40,1730,0.0,0.0,0.0,0.0,0.1640285646373575
fbc_tfnbs,"e=1.4,h=9.0,n=30,start_thres=1.25,min_cluster_size=3",hub,0.25,10,13,40,1730,0,0,40,1730,0.0,0.0,0.0,0.0,0.1640285646373575
fbc_tfnbs,"e=1.4,h=10.0,n=30,start_thres=1.25,min_cluster_size=3",hub,0.25,10,13,40,1730,0,0,40,1730,0.0,0.0,0.0,0.0,0.1640285646373575
fbc_tfnbs,"e=1.5,h=0.5,n=30,start_thres=1.25,min_cluster_size=3",hub,0.25,10,13,40,1730,0,0,40,1730,0.0,0.0,0.0,0.0,0.1640285646373575
fbc_tfnbs,"e=1.5,h=1.0,n=30,start_thres=1.25,min_cluster_size=3",hub,0.25,10,13,40,1730,0,0,40,1730,0.0,0.0,0.0,0.0,0.1640285646373575
fbc_tfnbs,"e=1.5,h=2.0,n=30,start_thres=1.25,min_cluster_size=3",hub,0.25,10,13,40,1730,0,0,40,1730,0.0,0.0,0.0,0.0,0.1640285646373575
fbc_tfnbs,"e=1.5,h=3.0,n=30,start_thres=1.25,min_cluster_size=3",hub,0.25,10,13,40,1730,0,0,40,1730,0.0,0.0,0.0,0.0,0.1640285646373575
fbc_tfnbs,"e=1.5,h=4.0,n=30,start_thres=1.25,min_cluster_size=3",hub,0.25,10,13,40,1730,0,0,40,1730,0.0,0.0,0.0,0.0,0.1640285646373575
fbc_tfnbs,"e=1.5,h=5.0,n=30,start_thres=1.25,min_cluster_size=3",hub,0.25,10,13,40,1730,0,0,40,1730,0.0,0.0,0.0,0.0,0.1640285646373575
fbc_tfnbs,"e=1.5,h=6.0,n=30,start_thres=1.25,min_cluster_size=3",hub,0.25,10,13,40,1730,0,0,40,1730,0.0,0.0,0.0,0.0,0.1640285646373575
fbc_tfnbs,"e=1.5,h=7.0,n=30,start_thres=1.25,min_cluster_size=3",hub,0.25,10,13,40,1730,0,0,40,1730,0.0,0.0,0.0,0.0,0.1640285646373575
fbc_tfnbs,"e=1.5,h=8.0,n=30,start_thres=1.25,min_cluster_size=3",hub,0.25,10,13,40,1730,0,0,40,1730,0.0,0.0,0.0,0.0,0.1640285646373575
fbc_tfnbs,"e=1.5,h=9.0,n=30,start_thres=1.25,min_cluster_size=3",hub,0.25,10,13,40,1730,0,0,40,1730,0.0,0.0,0.0,0.0,0.1640285646373575
fbc_tfnbs,"e=1.5,h=10.0,n=30,start_thres=1.25,min_cluster_size=3",hub,0.25,10,13,40,1730,0,0,40,1730,0.0,0.0,0.0,0.0,0.1640285646373575
fbc_tfnbs,"e=0.05,h=0.5,n=30,start_thres=1.25,min_cluster_size=3",hub,0.25,10,14,40,1730,0,0,40,1730,0.0,0.0,0.0,0.0,0.1637291095473549
fbc_tfnbs,"e=0.05,h=1.0,n=30,start_thres=1.25,min_cluster_size=3",hub,0.25,10,14,40,1730,0,0,40,1730,0.0,0.0,0.0,0.0,0.1637291095473549
fbc_tfnbs,"e=0.05,h=2.0,n=30,start_thres=1.25,min_cluster_size=3",hub,0.25,10,14,40,1730,0,0,40,1730,0.0,0.0,0.0,0.0,0.1637291095473549
fbc_tfnbs,"e=0.05,h=3.0,n=30,start_thres=1.25,min_cluster_size=3",hub,0.25,10,14,40,1730,0,0,40,1730,0.0,0.0,0.0,0.0,0.1637291095473549
fbc_tfnbs,"e=0.05,h=4.0,n=30,start_thres=1.25,min_cluster_size=3",hub,0.25,10,14,40,1730,0,0,40,1730,0.0,0.0,0.0,0.0,0.1637291095473549
fbc_tfnbs,"e=0.05,h=5.0,n=30,start_thres=1.25,min_cluster_size=3",hub,0.25,10,14,40,1730,0,0,40,1730,0.0,0.0,0.0,0.0,0.1637291095473549
fbc_tfnbs,"e=0.05,h=6.0,n=30,start_thres=1.25,min_cluster_size=3",hub,0.25,10,14,40,1730,0,0,40,1730,0.0,0.0,0.0,0.0,0.1637291095473549
fbc_tfnbs,"e=0.05,h=7.0,n=30,start_thres=1.25,min_cluster_size=3",hub,0.25,10,14,40,1730,0,0,40,1730,0.0,0.0,0.0,0.0,0.1637291095473549
fbc_tfnbs,"e=0.05,h=8.0,n=30,start_thres=1.25,min_cluster_size=3",hub,0.25,10,14,40,1730,0,0,40,1730,0.0,0.0,0.0,0.0,0.1637291095473549
fbc_tfnbs,"e=0.05,h=9.0,n=30,start_thres=1.25,min_cluster_size=3",hub,0.25,10,14,40,1730,0,0,40,1730,0.0,0.0,0.0,0.0,0.1637291095473549
fbc_tfnbs,"e=0.05,h=10.0,n=30,start_thres=1.25,min_cluster_size=3",hub,0.25,10,14,40,1730,0,0,40,1730,0.0,0.0,0.0,0.0,0.1637291095473549
fbc_tfnbs,"e=0.1,h=0.5,n=30,start_thres=1.25,min_cluster_size=3",hub,0.25,10,14,40,1730,0,0,40,1730,0.0,0.0,0.0,0.0,0.1637291095473549
fbc_tfnbs,"e=0.1,h=1.0,n=30,start_thres=1.25,min_cluster_size=3",hub,0.25,10,14,40,1730,0,0,40,1730,0.0,0.0,0.0,0.0,0.1637291095473549
fbc_tfnbs,"e=0.1,h=2.0,n=30,start_thres=1.25,min_cluster_size=3",hub,0.25,10,14,40,1730,0,0,40,1730,0.0,0.0,0.0,0.0,0.1637291095473549
fbc_tfnbs,"e=0.1,h=3.0,n=30,start_thres=1.25,min_cluster_size=3",hub,0.25,10,14,40,1730,0,0,40,1730,0.0,0.0,0.0,0.0,0.1637291095473549
fbc_tfnbs,"e=0.1,h=4.0,n=30,start_thres=1.25,min_cluster_size=3",hub,0.25,10,14,40,1730,0,0,40,1730,0.0,0.0,0.0,0.0,0.1637291095473549
fbc_tfnbs,"e=0.1,h=5.0,n=30,start_thres=1.25,min_cluster_size=3",hub,0.25,10,14,40,1730,0,0,40,1730,0.0,0.0,0.0,0.0,0.1637291095473549
fbc_tfnbs,"e=0.1,h=6.0,n=30,start_thres=1.25,min_cluster_size=3",hub,0.25,10,14,40,1730,0,0,40,1730,0.0,0.0,0.0,0.0,0.1637291095473549
fbc_tfnbs,"e=0.1,h=7.0,n=30,start_thres=1.25,min_cluster_size=3",hub,0.25,10,14,40,1730,0,0,40,1730,0.0,0.0,0.0,0.0,0.1637291095473549
fbc_tfnbs,"e=0.1,h=8.0,n=30,start_thres=1.25,min_cluster_size=3",hub,0.25,10,14,40,1730,0,0,40,1730,0.0,0.0,0.0,0.0,0.1637291095473549
fbc_tfnbs,"e=0.1,h=9.0,n=30,start_thres=1.25,min_cluster_size=3",hub,0.25,10,14,40,1730,0,0,40,1730,0.0,0.0,0.0,0.0,0.1637291095473549
fbc_tfnbs,"e=0.1,h=10.0,n=30,start_thres=1.25,min_cluster_size=3",hub,0.25,10,14,40,1730,0,0,40,1730,0.0,0.0,0.0,0.0,0.1637291095473549
fbc_tfnbs,"e=0.2,h=0.5,n=30,start_thres=1.25,min_cluster_size=3",hub,0.25,10,14,40,1730,0,4,40,1726,0.0,0.0023121387283236,0.0,1.0,0.1637291095473549
fbc_tfnbs,"e=0.2,h=1.0,n=30,start_thres=1.25,min_cluster_size=3",hub,0.25,10,14,40,1730,0,0,40,1730,0.0,0.0,0.0,0.0,0.1637291095473549
fbc_tfnbs,"e=0.2,h=2.0,n=30,start_thres=1.25,min_cluster_size=3",hub,0.25,10,14,40,1730,0,0,40,1730,0.0,0.0,0.0,0.0,0.1637291095473549
fbc_tfnbs,"e=0.2,h=3.0,n=30,start_thres=1.25,min_cluster_size=3",hub,0.25,10,14,40,1730,0,0,40,1730,0.0,0.0,0.0,0.0,0.1637291095473549
fbc_tfnbs,"e=0.2,h=4.0,n=30,start_thres=1.25,min_cluster_size=3",hub,0.25,10,14,40,1730,0,0,40,1730,0.0,0.0,0.0,0.0,0.1637291095473549
fbc_tfnbs,"e=0.2,h=5.0,n=30,start_thres=1.25,min_cluster_size=3",hub,0.25,10,14,40,1730,0,0,40,1730,0.0,0.0,0.0,0.0,0.1637291095473549
fbc_tfnbs,"e=0.2,h=6.0,n=30,start_thres=1.25,min_cluster_size=3",hub,0.25,10,14,40,1730,0,0,40,1730,0.0,0.0,0.0,0.0,0.1637291095473549
fbc_tfnbs,"e=0.2,h=7.0,n=30,start_thres=1.25,min_cluster_size=3",hub,0.25,10,14,40,1730,0,0,40,1730,0.0,0.0,0.0,0.0,0.1637291095473549
fbc_tfnbs,"e=0.2,h=8.0,n=30,start_thres=1.25,min_cluster_size=3",hub,0.25,10,14,40,1730,0,0,40,1730,0.0,0.0,0.0,0.0,0.1637291095473549
fbc_tfnbs,"e=0.2,h=9.0,n=30,start_thres=1.25,min_cluster_size=3",hub,0.25,10,14,40,1730,0,0,40,1730,0.0,0.0,0.0,0.0,0.1637291095473549
fbc_tfnbs,"e=0.2,h=10.0,n=30,start_thres=1.25,min_cluster_size=3",hub,0.25,10,14,40,1730,0,0,40,1730,0.0,0.0,0.0,0.0,0.1637291095473549
fbc_tfnbs,"e=0.3,h=0.5,n=30,start_thres=1.25,min_cluster_size=3",hub,0.25,10,14,40,1730,0,6,40,1724,0.0,0.0034682080924855,0.0,1.0,0.1637291095473549
fbc_tfnbs,"e=0.3,h=1.0,n=30,start_thres=1.25,min_cluster_size=3",hub,0.25,10,14,40,1730,0,4,40,1726,0.0,0.0023121387283236,0.0,1.0,0.1637291095473549
fbc_tfnbs,"e=0.3,h=2.0,n=30,start_thres=1.25,min_cluster_size=3",hub,0.25,10,14,40,1730,0,4,40,1726,0.0,0.0023121387283236,0.0,1.0,0.1637291095473549
fbc_tfnbs,"e=0.3,h=3.0,n=30,start_thres=1.25,min_cluster_size=3",hub,0.25,10,14,40,1730,0,0,40,1730,0.0,0.0,0.0,0.0,0.1637291095473549
fbc_tfnbs,"e=0.3,h=4.0,n=30,start_thres=1.25,min_cluster_size=3",hub,0.25,10,14,40,1730,0,0,40,1730,0.0,0.0,0.0,0.0,0.1637291095473549
fbc_tfnbs,"e=0.3,h=5.0,n=30,start_thres=1.25,min_cluster_size=3",hub,0.25,10,14,40,1730,0,0,40,1730,0.0,0.0,0.0,0.0,0.1637291095473549
fbc_tfnbs,"e=0.3,h=6.0,n=30,start_thres=1.25,min_cluster_size=3",hub,0.25,10,14,40,1730,0,0,40,1730,0.0,0.0,0.0,0.0,0.1637291095473549
fbc_tfnbs,"e=0.3,h=7.0,n=30,start_thres=1.25,min_cluster_size=3",hub,0.25,10,14,40,1730,0,0,40,1730,0.0,0.0,0.0,0.0,0.1637291095473549
fbc_tfnbs,"e=0.3,h=8.0,n=30,start_thres=1.25,min_cluster_size=3",hub,0.25,10,14,40,1730,0,0,40,1730,0.0,0.0,0.0,0.0,0.1637291095473549
fbc_tfnbs,"e=0.3,h=9.0,n=30,start_thres=1.25,min_cluster_size=3",hub,0.25,10,14,40,1730,0,0,40,1730,0.0,0.0,0.0,0.0,0.1637291095473549
fbc_tfnbs,"e=0.3,h=10.0,n=30,start_thres=1.25,min_cluster_size=3",hub,0.25,10,14,40,1730,0,0,40,1730,0.0,0.0,0.0,0.0,0.1637291095473549
fbc_tfnbs,"e=0.4,h=0.5,n=30,start_thres=1.25,min_cluster_size=3",hub,0.25,10,14,40,1730,0,6,40,1724,0.0,0.0034682080924855,0.0,1.0,0.1637291095473549
fbc_tfnbs,"e=0.4,h=1.0,n=30,start_thres=1.25,min_cluster_size=3",hub,0.25,10,14,40,1730,0,6,40,1724,0.0,0.0034682080924855,0.0,1.0,0.1637291095473549
fbc_tfnbs,"e=0.4,h=2.0,n=30,start_thres=1.25,min_cluster_size=3",hub,0.25,10,14,40,1730,0,6,40,1724,0.0,0.0034682080924855,0.0,1.0,0.1637291095473549
fbc_tfnbs,"e=0.4,h=3.0,n=30,start_thres=1.25,min_cluster_size=3",hub,0.25,10,14,40,1730,0,4,40,1726,0.0,0.0023121387283236,0.0,1.0,0.1637291095473549
fbc_tfnbs,"e=0.4,h=4.0,n=30,start_thres=1.25,min_cluster_size=3",hub,0.25,10,14,40,1730,0,4,40,1726,0.0,0.0023121387283236,0.0,1.0,0.1637291095473549
fbc_tfnbs,"e=0.4,h=5.0,n=30,start_thres=1.25,min_cluster_size=3",hub,0.25,10,14,40,1730,0,0,40,1730,0.0,0.0,0.0,0.0,0.1637291095473549
fbc_tfnbs,"e=0.4,h=6.0,n=30,start_thres=1.25,min_cluster_size=3",hub,0.25,10,14,40,1730,0,0,40,1730,0.0,0.0,0.0,0.0,0.1637291095473549
fbc_tfnbs,"e=0.4,h=7.0,n=30,start_thres=1.25,min_cluster_size=3",hub,0.25,10,14,40,1730,0,0,40,1730,0.0,0.0,0.0,0.0,0.1637291095473549
fbc_tfnbs,"e=0.4,h=8.0,n=30,start_thres=1.25,min_cluster_size=3",hub,0.25,10,14,40,1730,0,0,40,1730,0.0,0.0,0.0,0.0,0.1637291095473549
fbc_tfnbs,"e=0.4,h=9.0,n=30,start_thres=1.25,min_cluster_size=3",hub,0.25,10,14,40,1730,0,0,40,1730,0.0,0.0,0.0,0.0,0.1637291095473549
fbc_tfnbs,"e=0.4,h=10.0,n=30,start_thres=1.25,min_cluster_size=3",hub,0.25,10,14,40,1730,0,0,40,1730,0.0,0.0,0.0,0.0,0.1637291095473549
fbc_tfnbs,"e=0.5,h=0.5,n=30,start_thres=1.25,min_cluster_size=3",hub,0.25,10,14,40,1730,0,6,40,1724,0.0,0.0034682080924855,0.0,1.0,0.1637291095473549
fbc_tfnbs,"e=0.5,h=1.0,n=30,start_thres=1.25,min_cluster_size=3",hub,0.25,10,14,40,1730,0,6,40,1724,0.0,0.0034682080924855,0.0,1.0,0.1637291095473549
fbc_tfnbs,"e=0.5,h=2.0,n=30,start_thres=1.25,min_cluster_size=3",hub,0.25,10,14,40,1730,0,6,40,1724,0.0,0.0034682080924855,0.0,1.0,0.1637291095473549
fbc_tfnbs,"e=0.5,h=3.0,n=30,start_thres=1.25,min_cluster_size=3",hub,0.25,10,14,40,1730,0,6,40,1724,0.0,0.0034682080924855,0.0,1.0,0.1637291095473549
fbc_tfnbs,"e=0.5,h=4.0,n=30,start_thres=1.25,min_cluster_size=3",hub,0.25,10,14,40,1730,0,4,40,1726,0.0,0.0023121387283236,0.0,1.0,0.1637291095473549
fbc_tfnbs,"e=0.5,h=5.0,n=30,start_thres=1.25,min_cluster_size=3",hub,0.25,10,14,40,1730,0,4,40,1726,0.0,0.0023121387283236,0.0,1.0,0.1637291095473549
fbc_tfnbs,"e=0.5,h=6.0,n=30,start_thres=1.25,min_cluster_size=3",hub,0.25,10,14,40,1730,0,0,40,1730,0.0,0.0,0.0,0.0,0.1637291095473549
fbc_tfnbs,"e=0.5,h=7.0,n=30,start_thres=1.25,min_cluster_size=3",hub,0.25,10,14,40,1730,0,0,40,1730,0.0,0.0,0.0,0.0,0.1637291095473549
fbc_tfnbs,"e=0.5,h=8.0,n=30,start_thres=1.25,min_cluster_size=3",hub,0.25,10,14,40,1730,0,0,40,1730,0.0,0.0,0.0,0.0,0.1637291095473549
fbc_tfnbs,"e=0.5,h=9.0,n=30,start_thres=1.25,min_cluster_size=3",hub,0.25,10,14,40,1730,0,0,40,1730,0.0,0.0,0.0,0.0,0.1637291095473549
fbc_tfnbs,"e=0.5,h=10.0,n=30,start_thres=1.25,min_cluster_size=3",hub,0.25,10,14,40,1730,0,0,40,1730,0.0,0.0,0.0,0.0,0.1637291095473549
fbc_tfnbs,"e=0.6,h=0.5,n=30,start_thres=1.25,min_cluster_size=3",hub,0.25,10,14,40,1730,0,8,40,1722,0.0,0.0046242774566473,0.0,1.0,0.1637291095473549
fbc_tfnbs,"e=0.6,h=1.0,n=30,start_thres=1.25,min_cluster_size=3",hub,0.25,10,14,40,1730,0,6,40,1724,0.0,0.0034682080924855,0.0,1.0,0.1637291095473549
fbc_tfnbs,"e=0.6,h=2.0,n=30,start_thres=1.25,min_cluster_size=3",hub,0.25,10,14,40,1730,0,6,40,1724,0.0,0.0034682080924855,0.0,1.0,0.1637291095473549
fbc_tfnbs,"e=0.6,h=3.0,n=30,start_thres=1.25,min_cluster_size=3",hub,0.25,10,14,40,1730,0,6,40,1724,0.0,0.0034682080924855,0.0,1.0,0.1637291095473549
fbc_tfnbs,"e=0.6,h=4.0,n=30,start_thres=1.25,min_cluster_size=3",hub,0.25,10,14,40,1730,0,6,40,1724,0.0,0.0034682080924855,0.0,1.0,0.1637291095473549
fbc_tfnbs,"e=0.6,h=5.0,n=30,start_thres=1.25,min_cluster_size=3",hub,0.25,10,14,40,1730,0,4,40,1726,0.0,0.0023121387283236,0.0,1.0,0.1637291095473549
fbc_tfnbs,"e=0.6,h=6.0,n=30,start_thres=1.25,min_cluster_size=3",hub,0.25,10,14,40,1730,0,4,40,1726,0.0,0.0023121387283236,0.0,1.0,0.1637291095473549
fbc_tfnbs,"e=0.6,h=7.0,n=30,start_thres=1.25,min_cluster_size=3",hub,0.25,10,14,40,1730,0,4,40,1726,0.0,0.0023121387283236,0.0,1.0,0.1637291095473549
fbc_tfnbs,"e=0.6,h=8.0,n=30,start_thres=1.25,min_cluster_size=3",hub,0.25,10,14,40,1730,0,0,40,1730,0.0,0.0,0.0,0.0,0.1637291095473549
fbc_tfnbs,"e=0.6,h=9.0,n=30,start_thres=1.25,min_cluster_size=3",hub,0.25,10,14,40,1730,0,0,40,1730,0.0,0.0,0.0,0.0,0.1637291095473549
fbc_tfnbs,"e=0.6,h=10.0,n=30,start_thres=1.25,min_cluster_size=3",hub,0.25,10,14,40,1730,0,0,40,1730,0.0,0.0,0.0,0.0,0.1637291095473549
fbc_tfnbs,"e=0.7,h=0.5,n=30,start_thres=1.25,min_cluster_size=3",hub,0.25,10,14,40,1730,0,8,40,1722,0.0,0.0046242774566473,0.0,1.0,0.1637291095473549
fbc_tfnbs,"e=0.7,h=1.0,n=30,start_thres=1.25,min_cluster_size=3",hub,0.25,10,14,40,1730,0,8,40,1722,0.0,0.0046242774566473,0.0,1.0,0.1637291095473549
fbc_tfnbs,"e=0.7,h=2.0,n=30,start_thres=1.25,min_cluster_size=3",hub,0.25,10,14,40,1730,0,6,40,1724,0.0,0.0034682080924855,0.0,1.0,0.1637291095473549
fbc_tfnbs,"e=0.7,h=3.0,n=30,start_thres=1.25,min_cluster_size=3",hub,0.25,10,14,40,1730,0,6,40,1724,0.0,0.0034682080924855,0.0,1.0,0.1637291095473549
fbc_tfnbs,"e=0.7,h=4.0,n=30,start_thres=1.25,min_cluster_size=3",hub,0.25,10,14,40,1730,0,6,40,1724,0.0,0.0034682080924855,0.0,1.0,0.1637291095473549
fbc_tfnbs,"e=0.7,h=5.0,n=30,start_thres=1.25,min_cluster_size=3",hub,0.25,10,14,40,1730,0,6,40,1724,0.0,0.0034682080924855,0.0,1.0,0.1637291095473549
fbc_tfnbs,"e=0.7,h=6.0,n=30,start_thres=1.25,min_cluster_size=3",hub,0.25,10,14,40,1730,0,4,40,1726,0.0,0.0023121387283236,0.0,1.0,0.1637291095473549
fbc_tfnbs,"e=0.7,h=7.0,n=30,start_thres=1.25,min_cluster_size=3",hub,0.25,10,14,40,1730,0,4,40,1726,0.0,0.0023121387283236,0.0,1.0,0.1637291095473549
fbc_tfnbs,"e=0.7,h=8.0,n=30,start_thres=1.25,min_cluster_size=3",hub,0.25,10,14,40,1730,0,4,40,1726,0.0,0.0023121387283236,0.0,1.0,0.1637291095473549
fbc_tfnbs,"e=0.7,h=9.0,n=30,start_thres=1.25,min_cluster_size=3",hub,0.25,10,14,40,1730,0,0,40,1730,0.0,0.0,0.0,0.0,0.1637291095473549
fbc_tfnbs,"e=0.7,h=10.0,n=30,start_thres=1.25,min_cluster_size=3",hub,0.25,10,14,40,1730,0,0,40,1730,0.0,0.0,0.0,0.0,0.1637291095473549
fbc_tfnbs,"e=0.8,h=0.5,n=30,start_thres=1.25,min_cluster_size=3",hub,0.25,10,14,40,1730,0,8,40,1722,0.0,0.0046242774566473,0.0,1.0,0.1637291095473549
fbc_tfnbs,"e=0.8,h=1.0,n=30,start_thres=1.25,min_cluster_size=3",hub,0.25,10,14,40,1730,0,8,40,1722,0.0,0.0046242774566473,0.0,1.0,0.1637291095473549
fbc_tfnbs,"e=0.8,h=2.0,n=30,start_thres=1.25,min_cluster_size=3",hub,0.25,10,14,40,1730,0,8,40,1722,0.0,0.0046242774566473,0.0,1.0,0.1637291095473549
fbc_tfnbs,"e=0.8,h=3.0,n=30,start_thres=1.25,min_cluster_size=3",hub,0.25,10,14,40,1730,0,6,40,1724,0.0,0.0034682080924855,0.0,1.0,0.1637291095473549
fbc_tfnbs,"e=0.8,h=4.0,n=30,start_thres=1.25,min_cluster_size=3",hub,0.25,10,14,40,1730,0,6,40,1724,0.0,0.0034682080924855,0.0,1.0,0.1637291095473549
fbc_tfnbs,"e=0.8,h=5.0,n=30,start_thres=1.25,min_cluster_size=3",hub,0.25,10,14,40,1730,0,6,40,1724,0.0,0.0034682080924855,0.0,1.0,0.1637291095473549
fbc_tfnbs,"e=0.8,h=6.0,n=30,start_thres=1.25,min_cluster_size=3",hub,0.25,10,14,40,1730,0,6,40,1724,0.0,0.0034682080924855,0.0,1.0,0.1637291095473549
fbc_tfnbs,"e=0.8,h=7.0,n=30,start_thres=1.25,min_cluster_size=3",hub,0.25,10,14,40,1730,0,4,40,1726,0.0,0.0023121387283236,0.0,1.0,0.1637291095473549
fbc_tfnbs,"e=0.8,h=8.0,n=30,start_thres=1.25,min_cluster_size=3",hub,0.25,10,14,40,1730,0,4,40,1726,0.0,0.0023121387283236,0.0,1.0,0.1637291095473549
fbc_tfnbs,"e=0.8,h=9.0,n=30,start_thres=1.25,min_cluster_size=3",hub,0.25,10,14,40,1730,0,4,40,1726,0.0,0.0023121387283236,0.0,1.0,0.1637291095473549
fbc_tfnbs,"e=0.8,h=10.0,n=30,start_thres=1.25,min_cluster_size=3",hub,0.25,10,14,40,1730,0,0,40,1730,0.0,0.0,0.0,0.0,0.1637291095473549
fbc_tfnbs,"e=0.9,h=0.5,n=30,start_thres=1.25,min_cluster_size=3",hub,0.25,10,14,40,1730,0,8,40,1722,0.0,0.0046242774566473,0.0,1.0,0.1637291095473549
fbc_tfnbs,"e=0.9,h=1.0,n=30,start_thres=1.25,min_cluster_size=3",hub,0.25,10,14,40,1730,0,8,40,1722,0.0,0.0046242774566473,0.0,1.0,0.1637291095473549
fbc_tfnbs,"e=0.9,h=2.0,n=30,start_thres=1.25,min_cluster_size=3",hub,0.25,10,14,40,1730,0,8,40,1722,0.0,0.0046242774566473,0.0,1.0,0.1637291095473549
fbc_tfnbs,"e=0.9,h=3.0,n=30,start_thres=1.25,min_cluster_size=3",hub,0.25,10,14,40,1730,0,8,40,1722,0.0,0.0046242774566473,0.0,1.0,0.1637291095473549
fbc_tfnbs,"e=0.9,h=4.0,n=30,start_thres=1.25,min_cluster_size=3",hub,0.25,10,14,40,1730,0,6,40,1724,0.0,0.0034682080924855,0.0,1.0,0.1637291095473549
fbc_tfnbs,"e=0.9,h=5.0,n=30,start_thres=1.25,min_cluster_size=3",hub,0.25,10,14,40,1730,0,6,40,1724,0.0,0.0034682080924855,0.0,1.0,0.1637291095473549
fbc_tfnbs,"e=0.9,h=6.0,n=30,start_thres=1.25,min_cluster_size=3",hub,0.25,10,14,40,1730,0,6,40,1724,0.0,0.0034682080924855,0.0,1.0,0.1637291095473549
fbc_tfnbs,"e=0.9,h=7.0,n=30,start_thres=1.25,min_cluster_size=3",hub,0.25,10,14,40,1730,0,6,40,1724,0.0,0.0034682080924855,0.0,1.0,0.1637291095473549
fbc_tfnbs,"e=0.9,h=8.0,n=30,start_thres=1.25,min_cluster_size=3",hub,0.25,10,14,40,1730,0,4,40,1726,0.0,0.0023121387283236,0.0,1.0,0.1637291095473549
fbc_tfnbs,"e=0.9,h=9.0,n=30,start_thres=1.25,min_cluster_size=3",hub,0.25,10,14,40,1730,0,4,40,1726,0.0,0.0023121387283236,0.0,1.0,0.1637291095473549
fbc_tfnbs,"e=0.9,h=10.0,n=30,start_thres=1.25,min_cluster_size=3",hub,0.25,10,14,40,1730,0,4,40,1726,0.0,0.0023121387283236,0.0,1.0,0.1637291095473549
fbc_tfnbs,"e=1.0,h=0.5,n=30,start_thres=1.25,min_cluster_size=3",hub,0.25,10,14,40,1730,0,8,40,1722,0.0,0.0046242774566473,0.0,1.0,0.1637291095473549
fbc_tfnbs,"e=1.0,h=1.0,n=30,start_thres=1.25,min_cluster_size=3",hub,0.25,10,14,40,1730,0,8,40,1722,0.0,0.0046242774566473,0.0,1.0,0.1637291095473549
fbc_tfnbs,"e=1.0,h=2.0,n=30,start_thres=1.25,min_cluster_size=3",hub,0.25,10,14,40,1730,0,8,40,1722,0.0,0.0046242774566473,0.0,1.0,0.1637291095473549
fbc_tfnbs,"e=1.0,h=3.0,n=30,start_thres=1.25,min_cluster_size=3",hub,0.25,10,14,40,1730,0,8,40,1722,0.0,0.0046242774566473,0.0,1.0,0.1637291095473549
fbc_tfnbs,"e=1.0,h=4.0,n=30,start_thres=1.25,min_cluster_size=3",hub,0.25,10,14,40,1730,0,8,40,1722,0.0,0.0046242774566473,0.0,1.0,0.1637291095473549
fbc_tfnbs,"e=1.0,h=5.0,n=30,start_thres=1.25,min_cluster_size=3",hub,0.25,10,14,40,1730,0,6,40,1724,0.0,0.0034682080924855,0.0,1.0,0.1637291095473549
fbc_tfnbs,"e=1.0,h=6.0,n=30,start_thres=1.25,min_cluster_size=3",hub,0.25,10,14,40,1730,0,6,40,1724,0.0,0.0034682080924855,0.0,1.0,0.1637291095473549
fbc_tfnbs,"e=1.0,h=7.0,n=30,start_thres=1.25,min_cluster_size=3",hub,0.25,10,14,40,1730,0,6,40,1724,0.0,0.0034682080924855,0.0,1.0,0.1637291095473549
fbc_tfnbs,"e=1.0,h=8.0,n=30,start_thres=1.25,min_cluster_size=3",hub,0.25,10,14,40,1730,0,6,40,1724,0.0,0.0034682080924855,0.0,1.0,0.1637291095473549
fbc_tfnbs,"e=1.0,h=9.0,n=30,start_thres=1.25,min_cluster_size=3",hub,0.25,10,14,40,1730,0,4,40,1726,0.0,0.0023121387283236,0.0,1.0,0.1637291095473549
fbc_tfnbs,"e=1.0,h=10.0,n=30,start_thres=1.25,min_cluster_size=3",hub,0.25,10,14,40,1730,0,4,40,1726,0.0,0.0023121387283236,0.0,1.0,0.1637291095473549
fbc_tfnbs,"e=1.1,h=0.5,n=30,start_thres=1.25,min_cluster_size=3",hub,0.25,10,14,40,1730,0,8,40,1722,0.0,0.0046242774566473,0.0,1.0,0.1637291095473549
fbc_tfnbs,"e=1.1,h=1.0,n=30,start_thres=1.25,min_cluster_size=3",hub,0.25,10,14,40,1730,0,8,40,1722,0.0,0.0046242774566473,0.0,1.0,0.1637291095473549
fbc_tfnbs,"e=1.1,h=2.0,n=30,start_thres=1.25,min_cluster_size=3",hub,0.25,10,14,40,1730,0,8,40,1722,0.0,0.0046242774566473,0.0,1.0,0.1637291095473549
fbc_tfnbs,"e=1.1,h=3.0,n=30,start_thres=1.25,min_cluster_size=3",hub,0.25,10,14,40,1730,0,8,40,1722,0.0,0.0046242774566473,0.0,1.0,0.1637291095473549
fbc_tfnbs,"e=1.1,h=4.0,n=30,start_thres=1.25,min_cluster_size=3",hub,0.25,10,14,40,1730,0,8,40,1722,0.0,0.0046242774566473,0.0,1.0,0.1637291095473549
fbc_tfnbs,"e=1.1,h=5.0,n=30,start_thres=1.25,min_cluster_size=3",hub,0.25,10,14,40,1730,0,6,40,1724,0.0,0.0034682080924855,0.0,1.0,0.1637291095473549
fbc_tfnbs,"e=1.1,h=6.0,n=30,start_thres=1.25,min_cluster_size=3",hub,0.25,10,14,40,1730,0,6,40,1724,0.0,0.0034682080924855,0.0,1.0,0.1637291095473549
fbc_tfnbs,"e=1.1,h=7.0,n=30,start_thres=1.25,min_cluster_size=3",hub,0.25,10,14,40,1730,0,6,40,1724,0.0,0.0034682080924855,0.0,1.0,0.1637291095473549
fbc_tfnbs,"e=1.1,h=8.0,n=30,start_thres=1.25,min_cluster_size=3",hub,0.25,10,14,40,1730,0,6,40,1724,0.0,0.0034682080924855,0.0,1.0,0.1637291095473549
fbc_tfnbs,"e=1.1,h=9.0,n=30,start_thres=1.25,min_cluster_size=3",hub,0.25,10,14,40,1730,0,6,40,1724,0.0,0.0034682080924855,0.0,1.0,0.1637291095473549
fbc_tfnbs,"e=1.1,h=10.0,n=30,start_thres=1.25,min_cluster_size=3",hub,0.25,10,14,40,1730,0,4,40,1726,0.0,0.0023121387283236,0.0,1.0,0.1637291095473549
fbc_tfnbs,"e=1.2,h=0.5,n=30,start_thres=1.25,min_cluster_size=3",hub,0.25,10,14,40,1730,0,8,40,1722,0.0,0.0046242774566473,0.0,1.0,0.1637291095473549
fbc_tfnbs,"e=1.2,h=1.0,n=30,start_thres=1.25,min_cluster_size=3",hub,0.25,10,14,40,1730,0,8,40,1722,0.0,0.0046242774566473,0.0,1.0,0.1637291095473549
fbc_tfnbs,"e=1.2,h=2.0,n=30,start_thres=1.25,min_cluster_size=3",hub,0.25,10,14,40,1730,0,8,40,1722,0.0,0.0046242774566473,0.0,1.0,0.1637291095473549
fbc_tfnbs,"e=1.2,h=3.0,n=30,start_thres=1.25,min_cluster_size=3",hub,0.25,10,14,40,1730,0,8,40,1722,0.0,0.0046242774566473,0.0,1.0,0.1637291095473549
fbc_tfnbs,"e=1.2,h=4.0,n=30,start_thres=1.25,min_cluster_size=3",hub,0.25,10,14,40,1730,0,8,40,1722,0.0,0.0046242774566473,0.0,1.0,0.1637291095473549
fbc_tfnbs,"e=1.2,h=5.0,n=30,start_thres=1.25,min_cluster_size=3",hub,0.25,10,14,40,1730,0,8,40,1722,0.0,0.0046242774566473,0.0,1.0,0.1637291095473549
fbc_tfnbs,"e=1.2,h=6.0,n=30,start_thres=1.25,min_cluster_size=3",hub,0.25,10,14,40,1730,0,6,40,1724,0.0,0.0034682080924855,0.0,1.0,0.1637291095473549
fbc_tfnbs,"e=1.2,h=7.0,n=30,start_thres=1.25,min_cluster_size=3",hub,0.25,10,14,40,1730,0,6,40,1724,0.0,0.0034682080924855,0.0,1.0,0.1637291095473549
fbc_tfnbs,"e=1.2,h=8.0,n=30,start_thres=1.25,min_cluster_size=3",hub,0.25,10,14,40,1730,0,6,40,1724,0.0,0.0034682080924855,0.0,1.0,0.1637291095473549
fbc_tfnbs,"e=1.2,h=9.0,n=30,start_thres=1.25,min_cluster_size=3",hub,0.25,10,14,40,1730,0,6,40,1724,0.0,0.0034682080924855,0.0,1.0,0.1637291095473549
fbc_tfnbs,"e=1.2,h=10.0,n=30,start_thres=1.25,min_cluster_size=3",hub,0.25,10,14,40,1730,0,6,40,1724,0.0,0.0034682080924855,0.0,1.0,0.1637291095473549
fbc_tfnbs,"e=1.3,h=0.5,n=30,start_thres=1.25,min_cluster_size=3",hub,0.25,10,14,40,1730,0,8,40,1722,0.0,0.0046242774566473,0.0,1.0,0.1637291095473549
fbc_tfnbs,"e=1.3,h=1.0,n=30,start_thres=1.25,min_cluster_size=3",hub,0.25,10,14,40,1730,0,8,40,1722,0.0,0.0046242774566473,0.0,1.0,0.1637291095473549
fbc_tfnbs,"e=1.3,h=2.0,n=30,start_thres=1.25,min_cluster_size=3",hub,0.25,10,14,40,1730,0,8,40,1722,0.0,0.0046242774566473,0.0,1.0,0.1637291095473549
fbc_tfnbs,"e=1.3,h=3.0,n=30,start_thres=1.25,min_cluster_size=3",hub,0.25,10,14,40,1730,0,8,40,1722,0.0,0.0046242774566473,0.0,1.0,0.1637291095473549
fbc_tfnbs,"e=1.3,h=4.0,n=30,start_thres=1.25,min_cluster_size=3",hub,0.25,10,14,40,1730,0,8,40,1722,0.0,0.0046242774566473,0.0,1.0,0.1637291095473549
fbc_tfnbs,"e=1.3,h=5.0,n=30,start_thres=1.25,min_cluster_size=3",hub,0.25,10,14,40,1730,0,8,40,1722,0.0,0.0046242774566473,0.0,1.0,0.1637291095473549
fbc_tfnbs,"e=1.3,h=6.0,n=30,start_thres=1.25,min_cluster_size=3",hub,0.25,10,14,40,1730,0,8,40,1722,0.0,0.0046242774566473,0.0,1.0,0.1637291095473549
fbc_tfnbs,"e=1.3,h=7.0,n=30,start_thres=1.25,min_cluster_size=3",hub,0.25,10,14,40,1730,0,6,40,1724,0.0,0.0034682080924855,0.0,1.0,0.1637291095473549
fbc_tfnbs,"e=1.3,h=8.0,n=30,start_thres=1.25,min_cluster_size=3",hub,0.25,10,14,40,1730,0,6,40,1724,0.0,0.0034682080924855,0.0,1.0,0.1637291095473549
fbc_tfnbs,"e=1.3,h=9.0,n=30,start_thres=1.25,min_cluster_size=3",hub,0.25,10,14,40,1730,0,6,40,1724,0.0,0.0034682080924855,0.0,1.0,0.1637291095473549
fbc_tfnbs,"e=1.3,h=10.0,n=30,start_thres=1.25,min_cluster_size=3",hub,0.25,10,14,40,1730,0,6,40,1724,0.0,0.0034682080924855,0.0,1.0,0.1637291095473549
fbc_tfnbs,"e=1.4,h=0.5,n=30,start_thres=1.25,min_cluster_size=3",hub,0.25,10,14,40,1730,0,8,40,1722,0.0,0.0046242774566473,0.0,1.0,0.1637291095473549
fbc_tfnbs,"e=1.4,h=1.0,n=30,start_thres=1.25,min_cluster_size=3",hub,0.25,10,14,40,1730,0,8,40,1722,0.0,0.0046242774566473,0.0,1.0,0.1637291095473549
fbc_tfnbs,"e=1.4,h=2.0,n=30,start_thres=1.25,min_cluster_size=3",hub,0.25,10,14,40,1730,0,8,40,1722,0.0,0.0046242774566473,0.0,1.0,0.1637291095473549
fbc_tfnbs,"e=1.4,h=3.0,n=30,start_thres=1.25,min_cluster_size=3",hub,0.25,10,14,40,1730,0,8,40,1722,0.0,0.0046242774566473,0.0,1.0,0.1637291095473549
fbc_tfnbs,"e=1.4,h=4.0,n=30,start_thres=1.25,min_cluster_size=3",hub,0.25,10,14,40,1730,0,8,40,1722,0.0,0.0046242774566473,0.0,1.0,0.1637291095473549
fbc_tfnbs,"e=1.4,h=5.0,n=30,start_thres=1.25,min_cluster_size=3",hub,0.25,10,14,40,1730,0,8,40,1722,0.0,0.0046242774566473,0.0,1.0,0.1637291095473549
fbc_tfnbs,"e=1.4,h=6.0,n=30,start_thres=1.25,min_cluster_size=3",hub,0.25,10,14,40,1730,0,8,40,1722,0.0,0.0046242774566473,0.0,1.0,0.1637291095473549
fbc_tfnbs,"e=1.4,h=7.0,n=30,start_thres=1.25,min_cluster_size=3",hub,0.25,10,14,40,1730,0,6,40,1724,0.0,0.0034682080924855,0.0,1.0,0.1637291095473549
fbc_tfnbs,"e=1.4,h=8.0,n=30,start_thres=1.25,min_cluster_size=3",hub,0.25,10,14,40,1730,0,6,40,1724,0.0,0.0034682080924855,0.0,1.0,0.1637291095473549
fbc_tfnbs,"e=1.4,h=9.0,n=30,start_thres=1.25,min_cluster_size=3",hub,0.25,10,14,40,1730,0,6,40,1724,0.0,0.0034682080924855,0.0,1.0,0.1637291095473549
fbc_tfnbs,"e=1.4,h=10.0,n=30,start_thres=1.25,min_cluster_size=3",hub,0.25,10,14,40,1730,0,6,40,1724,0.0,0.0034682080924855,0.0,1.0,0.1637291095473549
fbc_tfnbs,"e=1.5,h=0.5,n=30,start_thres=1.25,min_cluster_size=3",hub,0.25,10,14,40,1730,0,8,40,1722,0.0,0.0046242774566473,0.0,1.0,0.1637291095473549
fbc_tfnbs,"e=1.5,h=1.0,n=30,start_thres=1.25,min_cluster_size=3",hub,0.25,10,14,40,1730,0,8,40,1722,0.0,0.0046242774566473,0.0,1.0,0.1637291095473549
fbc_tfnbs,"e=1.5,h=2.0,n=30,start_thres=1.25,min_cluster_size=3",hub,0.25,10,14,40,1730,0,8,40,1722,0.0,0.0046242774566473,0.0,1.0,0.1637291095473549
fbc_tfnbs,"e=1.5,h=3.0,n=30,start_thres=1.25,min_cluster_size=3",hub,0.25,10,14,40,1730,0,8,40,1722,0.0,0.0046242774566473,0.0,1.0,0.1637291095473549
fbc_tfnbs,"e=1.5,h=4.0,n=30,start_thres=1.25,min_cluster_size=3",hub,0.25,10,14,40,1730,0,8,40,1722,0.0,0.0046242774566473,0.0,1.0,0.1637291095473549
fbc_tfnbs,"e=1.5,h=5.0,n=30,start_thres=1.25,min_cluster_size=3",hub,0.25,10,14,40,1730,0,8,40,1722,0.0,0.0046242774566473,0.0,1.0,0.1637291095473549
fbc_tfnbs,"e=1.5,h=6.0,n=30,start_thres=1.25,min_cluster_size=3",hub,0.25,10,14,40,1730,0,8,40,1722,0.0,0.0046242774566473,0.0,1.0,0.1637291095473549
fbc_tfnbs,"e=1.5,h=7.0,n=30,start_thres=1.25,min_cluster_size=3",hub,0.25,10,14,40,1730,0,8,40,1722,0.0,0.0046242774566473,0.0,1.0,0.1637291095473549
fbc_tfnbs,"e=1.5,h=8.0,n=30,start_thres=1.25,min_cluster_size=3",hub,0.25,10,14,40,1730,0,6,40,1724,0.0,0.0034682080924855,0.0,1.0,0.1637291095473549
fbc_tfnbs,"e=1.5,h=9.0,n=30,start_thres=1.25,min_cluster_size=3",hub,0.25,10,14,40,1730,0,6,40,1724,0.0,0.0034682080924855,0.0,1.0,0.1637291095473549
fbc_tfnbs,"e=1.5,h=10.0,n=30,start_thres=1.25,min_cluster_size=3",hub,0.25,10,14,40,1730,0,6,40,1724,0.0,0.0034682080924855,0.0,1.0,0.1637291095473549
fbc_tfnbs,"e=0.05,h=0.5,n=30,start_thres=1.25,min_cluster_size=3",hub,0.25,10,15,40,1730,0,0,40,1730,0.0,0.0,0.0,0.0,0.164310945705934
fbc_tfnbs,"e=0.05,h=1.0,n=30,start_thres=1.25,min_cluster_size=3",hub,0.25,10,15,40,1730,0,0,40,1730,0.0,0.0,0.0,0.0,0.164310945705934
fbc_tfnbs,"e=0.05,h=2.0,n=30,start_thres=1.25,min_cluster_size=3",hub,0.25,10,15,40,1730,0,0,40,1730,0.0,0.0,0.0,0.0,0.164310945705934
fbc_tfnbs,"e=0.05,h=3.0,n=30,start_thres=1.25,min_cluster_size=3",hub,0.25,10,15,40,1730,0,0,40,1730,0.0,0.0,0.0,0.0,0.164310945705934
fbc_tfnbs,"e=0.05,h=4.0,n=30,start_thres=1.25,min_cluster_size=3",hub,0.25,10,15,40,1730,0,0,40,1730,0.0,0.0,0.0,0.0,0.164310945705934
fbc_tfnbs,"e=0.05,h=5.0,n=30,start_thres=1.25,min_cluster_size=3",hub,0.25,10,15,40,1730,0,0,40,1730,0.0,0.0,0.0,0.0,0.164310945705934
fbc_tfnbs,"e=0.05,h=6.0,n=30,start_thres=1.25,min_cluster_size=3",hub,0.25,10,15,40,1730,0,0,40,1730,0.0,0.0,0.0,0.0,0.164310945705934
fbc_tfnbs,"e=0.05,h=7.0,n=30,start_thres=1.25,min_cluster_size=3",hub,0.25,10,15,40,1730,0,0,40,1730,0.0,0.0,0.0,0.0,0.164310945705934
fbc_tfnbs,"e=0.05,h=8.0,n=30,start_thres=1.25,min_cluster_size=3",hub,0.25,10,15,40,1730,0,0,40,1730,0.0,0.0,0.0,0.0,0.164310945705934
fbc_tfnbs,"e=0.05,h=9.0,n=30,start_thres=1.25,min_cluster_size=3",hub,0.25,10,15,40,1730,0,0,40,1730,0.0,0.0,0.0,0.0,0.164310945705934
fbc_tfnbs,"e=0.05,h=10.0,n=30,start_thres=1.25,min_cluster_size=3",hub,0.25,10,15,40,1730,0,0,40,1730,0.0,0.0,0.0,0.0,0.164310945705934
fbc_tfnbs,"e=0.1,h=0.5,n=30,start_thres=1.25,min_cluster_size=3",hub,0.25,10,15,40,1730,0,0,40,1730,0.0,0.0,0.0,0.0,0.164310945705934
fbc_tfnbs,"e=0.1,h=1.0,n=30,start_thres=1.25,min_cluster_size=3",hub,0.25,10,15,40,1730,0,0,40,1730,0.0,0.0,0.0,0.0,0.164310945705934
fbc_tfnbs,"e=0.1,h=2.0,n=30,start_thres=1.25,min_cluster_size=3",hub,0.25,10,15,40,1730,0,0,40,1730,0.0,0.0,0.0,0.0,0.164310945705934
fbc_tfnbs,"e=0.1,h=3.0,n=30,start_thres=1.25,min_cluster_size=3",hub,0.25,10,15,40,1730,0,0,40,1730,0.0,0.0,0.0,0.0,0.164310945705934
fbc_tfnbs,"e=0.1,h=4.0,n=30,start_thres=1.25,min_cluster_size=3",hub,0.25,10,15,40,1730,0,0,40,1730,0.0,0.0,0.0,0.0,0.164310945705934
fbc_tfnbs,"e=0.1,h=5.0,n=30,start_thres=1.25,min_cluster_size=3",hub,0.25,10,15,40,1730,0,0,40,1730,0.0,0.0,0.0,0.0,0.164310945705934
fbc_tfnbs,"e=0.1,h=6.0,n=30,start_thres=1.25,min_cluster_size=3",hub,0.25,10,15,40,1730,0,0,40,1730,0.0,0.0,0.0,0.0,0.164310945705934
fbc_tfnbs,"e=0.1,h=7.0,n=30,start_thres=1.25,min_cluster_size=3",hub,0.25,10,15,40,1730,0,0,40,1730,0.0,0.0,0.0,0.0,0.164310945705934
fbc_tfnbs,"e=0.1,h=8.0,n=30,start_thres=1.25,min_cluster_size=3",hub,0.25,10,15,40,1730,0,0,40,1730,0.0,0.0,0.0,0.0,0.164310945705934
fbc_tfnbs,"e=0.1,h=9.0,n=30,start_thres=1.25,min_cluster_size=3",hub,0.25,10,15,40,1730,0,0,40,1730,0.0,0.0,0.0,0.0,0.164310945705934
fbc_tfnbs,"e=0.1,h=10.0,n=30,start_thres=1.25,min_cluster_size=3",hub,0.25,10,15,40,1730,0,0,40,1730,0.0,0.0,0.0,0.0,0.164310945705934
fbc_tfnbs,"e=0.2,h=0.5,n=30,start_thres=1.25,min_cluster_size=3",hub,0.25,10,15,40,1730,0,0,40,1730,0.0,0.0,0.0,0.0,0.164310945705934
fbc_tfnbs,"e=0.2,h=1.0,n=30,start_thres=1.25,min_cluster_size=3",hub,0.25,10,15,40,1730,0,0,40,1730,0.0,0.0,0.0,0.0,0.164310945705934
fbc_tfnbs,"e=0.2,h=2.0,n=30,start_thres=1.25,min_cluster_size=3",hub,0.25,10,15,40,1730,0,0,40,1730,0.0,0.0,0.0,0.0,0.164310945705934
fbc_tfnbs,"e=0.2,h=3.0,n=30,start_thres=1.25,min_cluster_size=3",hub,0.25,10,15,40,1730,0,0,40,1730,0.0,0.0,0.0,0.0,0.164310945705934
fbc_tfnbs,"e=0.2,h=4.0,n=30,start_thres=1.25,min_cluster_size=3",hub,0.25,10,15,40,1730,0,0,40,1730,0.0,0.0,0.0,0.0,0.164310945705934
fbc_tfnbs,"e=0.2,h=5.0,n=30,start_thres=1.25,min_cluster_size=3",hub,0.25,10,15,40,1730,0,0,40,1730,0.0,0.0,0.0,0.0,0.164310945705934
fbc_tfnbs,"e=0.2,h=6.0,n=30,start_thres=1.25,min_cluster_size=3",hub,0.25,10,15,40,1730,0,0,40,1730,0.0,0.0,0.0,0.0,0.164310945705934
fbc_tfnbs,"e=0.2,h=7.0,n=30,start_thres=1.25,min_cluster_size=3",hub,0.25,10,15,40,1730,0,0,40,1730,0.0,0.0,0.0,0.0,0.164310945705934
fbc_tfnbs,"e=0.2,h=8.0,n=30,start_thres=1.25,min_cluster_size=3",hub,0.25,10,15,40,1730,0,0,40,1730,0.0,0.0,0.0,0.0,0.164310945705934
fbc_tfnbs,"e=0.2,h=9.0,n=30,start_thres=1.25,min_cluster_size=3",hub,0.25,10,15,40,1730,0,0,40,1730,0.0,0.0,0.0,0.0,0.164310945705934
fbc_tfnbs,"e=0.2,h=10.0,n=30,start_thres=1.25,min_cluster_size=3",hub,0.25,10,15,40,1730,0,0,40,1730,0.0,0.0,0.0,0.0,0.164310945705934
fbc_tfnbs,"e=0.3,h=0.5,n=30,start_thres=1.25,min_cluster_size=3",hub,0.25,10,15,40,1730,0,0,40,1730,0.0,0.0,0.0,0.0,0.164310945705934
fbc_tfnbs,"e=0.3,h=1.0,n=30,start_thres=1.25,min_cluster_size=3",hub,0.25,10,15,40,1730,0,0,40,1730,0.0,0.0,0.0,0.0,0.164310945705934
fbc_tfnbs,"e=0.3,h=2.0,n=30,start_thres=1.25,min_cluster_size=3",hub,0.25,10,15,40,1730,0,0,40,1730,0.0,0.0,0.0,0.0,0.164310945705934
fbc_tfnbs,"e=0.3,h=3.0,n=30,start_thres=1.25,min_cluster_size=3",hub,0.25,10,15,40,1730,0,0,40,1730,0.0,0.0,0.0,0.0,0.164310945705934
fbc_tfnbs,"e=0.3,h=4.0,n=30,start_thres=1.25,min_cluster_size=3",hub,0.25,10,15,40,1730,0,0,40,1730,0.0,0.0,0.0,0.0,0.164310945705934
fbc_tfnbs,"e=0.3,h=5.0,n=30,start_thres=1.25,min_cluster_size=3",hub,0.25,10,15,40,1730,0,0,40,1730,0.0,0.0,0.0,0.0,0.164310945705934
fbc_tfnbs,"e=0.3,h=6.0,n=30,start_thres=1.25,min_cluster_size=3",hub,0.25,10,15,40,1730,0,0,40,1730,0.0,0.0,0.0,0.0,0.164310945705934
fbc_tfnbs,"e=0.3,h=7.0,n=30,start_thres=1.25,min_cluster_size=3",hub,0.25,10,15,40,1730,0,0,40,1730,0.0,0.0,0.0,0.0,0.164310945705934
fbc_tfnbs,"e=0.3,h=8.0,n=30,start_thres=1.25,min_cluster_size=3",hub,0.25,10,15,40,1730,0,0,40,1730,0.0,0.0,0.0,0.0,0.164310945705934
fbc_tfnbs,"e=0.3,h=9.0,n=30,start_thres=1.25,min_cluster_size=3",hub,0.25,10,15,40,1730,0,0,40,1730,0.0,0.0,0.0,0.0,0.164310945705934
fbc_tfnbs,"e=0.3,h=10.0,n=30,start_thres=1.25,min_cluster_size=3",hub,0.25,10,15,40,1730,0,0,40,1730,0.0,0.0,0.0,0.0,0.164310945705934
fbc_tfnbs,"e=0.4,h=0.5,n=30,start_thres=1.25,min_cluster_size=3",hub,0.25,10,15,40,1730,0,0,40,1730,0.0,0.0,0.0,0.0,0.164310945705934
fbc_tfnbs,"e=0.4,h=1.0,n=30,start_thres=1.25,min_cluster_size=3",hub,0.25,10,15,40,1730,0,0,40,1730,0.0,0.0,0.0,0.0,0.164310945705934
fbc_tfnbs,"e=0.4,h=2.0,n=30,start_thres=1.25,min_cluster_size=3",hub,0.25,10,15,40,1730,0,0,40,1730,0.0,0.0,0.0,0.0,0.164310945705934
fbc_tfnbs,"e=0.4,h=3.0,n=30,start_thres=1.25,min_cluster_size=3",hub,0.25,10,15,40,1730,0,0,40,1730,0.0,0.0,0.0,0.0,0.164310945705934
fbc_tfnbs,"e=0.4,h=4.0,n=30,start_thres=1.25,min_cluster_size=3",hub,0.25,10,15,40,1730,0,0,40,1730,0.0,0.0,0.0,0.0,0.164310945705934
fbc_tfnbs,"e=0.4,h=5.0,n=30,start_thres=1.25,min_cluster_size=3",hub,0.25,10,15,40,1730,0,0,40,1730,0.0,0.0,0.0,0.0,0.164310945705934
fbc_tfnbs,"e=0.4,h=6.0,n=30,start_thres=1.25,min_cluster_size=3",hub,0.25,10,15,40,1730,0,0,40,1730,0.0,0.0,0.0,0.0,0.164310945705934
fbc_tfnbs,"e=0.4,h=7.0,n=30,start_thres=1.25,min_cluster_size=3",hub,0.25,10,15,40,1730,0,0,40,1730,0.0,0.0,0.0,0.0,0.164310945705934
fbc_tfnbs,"e=0.4,h=8.0,n=30,start_thres=1.25,min_cluster_size=3",hub,0.25,10,15,40,1730,0,0,40,1730,0.0,0.0,0.0,0.0,0.164310945705934
fbc_tfnbs,"e=0.4,h=9.0,n=30,start_thres=1.25,min_cluster_size=3",hub,0.25,10,15,40,1730,0,0,40,1730,0.0,0.0,0.0,0.0,0.164310945705934
fbc_tfnbs,"e=0.4,h=10.0,n=30,start_thres=1.25,min_cluster_size=3",hub,0.25,10,15,40,1730,0,0,40,1730,0.0,0.0,0.0,0.0,0.164310945705934
fbc_tfnbs,"e=0.5,h=0.5,n=30,start_thres=1.25,min_cluster_size=3",hub,0.25,10,15,40,1730,0,0,40,1730,0.0,0.0,0.0,0.0,0.164310945705934
fbc_tfnbs,"e=0.5,h=1.0,n=30,start_thres=1.25,min_cluster_size=3",hub,0.25,10,15,40,1730,0,0,40,1730,0.0,0.0,0.0,0.0,0.164310945705934
fbc_tfnbs,"e=0.5,h=2.0,n=30,start_thres=1.25,min_cluster_size=3",hub,0.25,10,15,40,1730,0,0,40,1730,0.0,0.0,0.0,0.0,0.164310945705934
fbc_tfnbs,"e=0.5,h=3.0,n=30,start_thres=1.25,min_cluster_size=3",hub,0.25,10,15,40,1730,0,0,40,1730,0.0,0.0,0.0,0.0,0.164310945705934
fbc_tfnbs,"e=0.5,h=4.0,n=30,start_thres=1.25,min_cluster_size=3",hub,0.25,10,15,40,1730,0,0,40,1730,0.0,0.0,0.0,0.0,0.164310945705934
fbc_tfnbs,"e=0.5,h=5.0,n=30,start_thres=1.25,min_cluster_size=3",hub,0.25,10,15,40,1730,0,0,40,1730,0.0,0.0,0.0,0.0,0.164310945705934
fbc_tfnbs,"e=0.5,h=6.0,n=30,start_thres=1.25,min_cluster_size=3",hub,0.25,10,15,40,1730,0,0,40,1730,0.0,0.0,0.0,0.0,0.164310945705934
fbc_tfnbs,"e=0.5,h=7.0,n=30,start_thres=1.25,min_cluster_size=3",hub,0.25,10,15,40,1730,0,0,40,1730,0.0,0.0,0.0,0.0,0.164310945705934
fbc_tfnbs,"e=0.5,h=8.0,n=30,start_thres=1.25,min_cluster_size=3",hub,0.25,10,15,40,1730,0,0,40,1730,0.0,0.0,0.0,0.0,0.164310945705934
fbc_tfnbs,"e=0.5,h=9.0,n=30,start_thres=1.25,min_cluster_size=3",hub,0.25,10,15,40,1730,0,0,40,1730,0.0,0.0,0.0,0.0,0.164310945705934
fbc_tfnbs,"e=0.5,h=10.0,n=30,start_thres=1.25,min_cluster_size=3",hub,0.25,10,15,40,1730,0,0,40,1730,0.0,0.0,0.0,0.0,0.164310945705934
fbc_tfnbs,"e=0.6,h=0.5,n=30,start_thres=1.25,min_cluster_size=3",hub,0.25,10,15,40,1730,0,0,40,1730,0.0,0.0,0.0,0.0,0.164310945705934
fbc_tfnbs,"e=0.6,h=1.0,n=30,start_thres=1.25,min_cluster_size=3",hub,0.25,10,15,40,1730,0,0,40,1730,0.0,0.0,0.0,0.0,0.164310945705934
fbc_tfnbs,"e=0.6,h=2.0,n=30,start_thres=1.25,min_cluster_size=3",hub,0.25,10,15,40,1730,0,0,40,1730,0.0,0.0,0.0,0.0,0.164310945705934
fbc_tfnbs,"e=0.6,h=3.0,n=30,start_thres=1.25,min_cluster_size=3",hub,0.25,10,15,40,1730,0,0,40,1730,0.0,0.0,0.0,0.0,0.164310945705934
fbc_tfnbs,"e=0.6,h=4.0,n=30,start_thres=1.25,min_cluster_size=3",hub,0.25,10,15,40,1730,0,0,40,1730,0.0,0.0,0.0,0.0,0.164310945705934
fbc_tfnbs,"e=0.6,h=5.0,n=30,start_thres=1.25,min_cluster_size=3",hub,0.25,10,15,40,1730,0,0,40,1730,0.0,0.0,0.0,0.0,0.164310945705934
fbc_tfnbs,"e=0.6,h=6.0,n=30,start_thres=1.25,min_cluster_size=3",hub,0.25,10,15,40,1730,0,0,40,1730,0.0,0.0,0.0,0.0,0.164310945705934
fbc_tfnbs,"e=0.6,h=7.0,n=30,start_thres=1.25,min_cluster_size=3",hub,0.25,10,15,40,1730,0,0,40,1730,0.0,0.0,0.0,0.0,0.164310945705934
fbc_tfnbs,"e=0.6,h=8.0,n=30,start_thres=1.25,min_cluster_size=3",hub,0.25,10,15,40,1730,0,0,40,1730,0.0,0.0,0.0,0.0,0.164310945705934
fbc_tfnbs,"e=0.6,h=9.0,n=30,start_thres=1.25,min_cluster_size=3",hub,0.25,10,15,40,1730,0,0,40,1730,0.0,0.0,0.0,0.0,0.164310945705934
fbc_tfnbs,"e=0.6,h=10.0,n=30,start_thres=1.25,min_cluster_size=3",hub,0.25,10,15,40,1730,0,0,40,1730,0.0,0.0,0.0,0.0,0.164310945705934
fbc_tfnbs,"e=0.7,h=0.5,n=30,start_thres=1.25,min_cluster_size=3",hub,0.25,10,15,40,1730,0,0,40,1730,0.0,0.0,0.0,0.0,0.164310945705934
fbc_tfnbs,"e=0.7,h=1.0,n=30,start_thres=1.25,min_cluster_size=3",hub,0.25,10,15,40,1730,0,0,40,1730,0.0,0.0,0.0,0.0,0.164310945705934
fbc_tfnbs,"e=0.7,h=2.0,n=30,start_thres=1.25,min_cluster_size=3",hub,0.25,10,15,40,1730,0,0,40,1730,0.0,0.0,0.0,0.0,0.164310945705934
fbc_tfnbs,"e=0.7,h=3.0,n=30,start_thres=1.25,min_cluster_size=3",hub,0.25,10,15,40,1730,0,0,40,1730,0.0,0.0,0.0,0.0,0.164310945705934
fbc_tfnbs,"e=0.7,h=4.0,n=30,start_thres=1.25,min_cluster_size=3",hub,0.25,10,15,40,1730,0,0,40,1730,0.0,0.0,0.0,0.0,0.164310945705934
fbc_tfnbs,"e=0.7,h=5.0,n=30,start_thres=1.25,min_cluster_size=3",hub,0.25,10,15,40,1730,0,0,40,1730,0.0,0.0,0.0,0.0,0.164310945705934
fbc_tfnbs,"e=0.7,h=6.0,n=30,start_thres=1.25,min_cluster_size=3",hub,0.25,10,15,40,1730,0,0,40,1730,0.0,0.0,0.0,0.0,0.164310945705934
fbc_tfnbs,"e=0.7,h=7.0,n=30,start_thres=1.25,min_cluster_size=3",hub,0.25,10,15,40,1730,0,0,40,1730,0.0,0.0,0.0,0.0,0.164310945705934
fbc_tfnbs,"e=0.7,h=8.0,n=30,start_thres=1.25,min_cluster_size=3",hub,0.25,10,15,40,1730,0,0,40,1730,0.0,0.0,0.0,0.0,0.164310945705934
fbc_tfnbs,"e=0.7,h=9.0,n=30,start_thres=1.25,min_cluster_size=3",hub,0.25,10,15,40,1730,0,0,40,1730,0.0,0.0,0.0,0.0,0.164310945705934
fbc_tfnbs,"e=0.7,h=10.0,n=30,start_thres=1.25,min_cluster_size=3",hub,0.25,10,15,40,1730,0,0,40,1730,0.0,0.0,0.0,0.0,0.164310945705934
fbc_tfnbs,"e=0.8,h=0.5,n=30,start_thres=1.25,min_cluster_size=3",hub,0.25,10,15,40,1730,0,0,40,1730,0.0,0.0,0.0,0.0,0.164310945705934
fbc_tfnbs,"e=0.8,h=1.0,n=30,start_thres=1.25,min_cluster_size=3",hub,0.25,10,15,40,1730,0,0,40,1730,0.0,0.0,0.0,0.0,0.164310945705934
fbc_tfnbs,"e=0.8,h=2.0,n=30,start_thres=1.25,min_cluster_size=3",hub,0.25,10,15,40,1730,0,0,40,1730,0.0,0.0,0.0,0.0,0.164310945705934
fbc_tfnbs,"e=0.8,h=3.0,n=30,start_thres=1.25,min_cluster_size=3",hub,0.25,10,15,40,1730,0,0,40,1730,0.0,0.0,0.0,0.0,0.164310945705934
fbc_tfnbs,"e=0.8,h=4.0,n=30,start_thres=1.25,min_cluster_size=3",hub,0.25,10,15,40,1730,0,0,40,1730,0.0,0.0,0.0,0.0,0.164310945705934
fbc_tfnbs,"e=0.8,h=5.0,n=30,start_thres=1.25,min_cluster_size=3",hub,0.25,10,15,40,1730,0,0,40,1730,0.0,0.0,0.0,0.0,0.164310945705934
fbc_tfnbs,"e=0.8,h=6.0,n=30,start_thres=1.25,min_cluster_size=3",hub,0.25,10,15,40,1730,0,0,40,1730,0.0,0.0,0.0,0.0,0.164310945705934
fbc_tfnbs,"e=0.8,h=7.0,n=30,start_thres=1.25,min_cluster_size=3",hub,0.25,10,15,40,1730,0,0,40,1730,0.0,0.0,0.0,0.0,0.164310945705934
fbc_tfnbs,"e=0.8,h=8.0,n=30,start_thres=1.25,min_cluster_size=3",hub,0.25,10,15,40,1730,0,0,40,1730,0.0,0.0,0.0,0.0,0.164310945705934
fbc_tfnbs,"e=0.8,h=9.0,n=30,start_thres=1.25,min_cluster_size=3",hub,0.25,10,15,40,1730,0,0,40,1730,0.0,0.0,0.0,0.0,0.164310945705934
fbc_tfnbs,"e=0.8,h=10.0,n=30,start_thres=1.25,min_cluster_size=3",hub,0.25,10,15,40,1730,0,0,40,1730,0.0,0.0,0.0,0.0,0.164310945705934
fbc_tfnbs,"e=0.9,h=0.5,n=30,start_thres=1.25,min_cluster_size=3",hub,0.25,10,15,40,1730,0,0,40,1730,0.0,0.0,0.0,0.0,0.164310945705934
fbc_tfnbs,"e=0.9,h=1.0,n=30,start_thres=1.25,min_cluster_size=3",hub,0.25,10,15,40,1730,0,0,40,1730,0.0,0.0,0.0,0.0,0.164310945705934
fbc_tfnbs,"e=0.9,h=2.0,n=30,start_thres=1.25,min_cluster_size=3",hub,0.25,10,15,40,1730,0,0,40,1730,0.0,0.0,0.0,0.0,0.164310945705934
fbc_tfnbs,"e=0.9,h=3.0,n=30,start_thres=1.25,min_cluster_size=3",hub,0.25,10,15,40,1730,0,0,40,1730,0.0,0.0,0.0,0.0,0.164310945705934
fbc_tfnbs,"e=0.9,h=4.0,n=30,start_thres=1.25,min_cluster_size=3",hub,0.25,10,15,40,1730,0,0,40,1730,0.0,0.0,0.0,0.0,0.164310945705934
fbc_tfnbs,"e=0.9,h=5.0,n=30,start_thres=1.25,min_cluster_size=3",hub,0.25,10,15,40,1730,0,0,40,1730,0.0,0.0,0.0,0.0,0.164310945705934
fbc_tfnbs,"e=0.9,h=6.0,n=30,start_thres=1.25,min_cluster_size=3",hub,0.25,10,15,40,1730,0,0,40,1730,0.0,0.0,0.0,0.0,0.164310945705934
fbc_tfnbs,"e=0.9,h=7.0,n=30,start_thres=1.25,min_cluster_size=3",hub,0.25,10,15,40,1730,0,0,40,1730,0.0,0.0,0.0,0.0,0.164310945705934
fbc_tfnbs,"e=0.9,h=8.0,n=30,start_thres=1.25,min_cluster_size=3",hub,0.25,10,15,40,1730,0,0,40,1730,0.0,0.0,0.0,0.0,0.164310945705934
fbc_tfnbs,"e=0.9,h=9.0,n=30,start_thres=1.25,min_cluster_size=3",hub,0.25,10,15,40,1730,0,0,40,1730,0.0,0.0,0.0,0.0,0.164310945705934
fbc_tfnbs,"e=0.9,h=10.0,n=30,start_thres=1.25,min_cluster_size=3",hub,0.25,10,15,40,1730,0,0,40,1730,0.0,0.0,0.0,0.0,0.164310945705934
fbc_tfnbs,"e=1.0,h=0.5,n=30,start_thres=1.25,min_cluster_size=3",hub,0.25,10,15,40,1730,0,0,40,1730,0.0,0.0,0.0,0.0,0.164310945705934
fbc_tfnbs,"e=1.0,h=1.0,n=30,start_thres=1.25,min_cluster_size=3",hub,0.25,10,15,40,1730,0,0,40,1730,0.0,0.0,0.0,0.0,0.164310945705934
fbc_tfnbs,"e=1.0,h=2.0,n=30,start_thres=1.25,min_cluster_size=3",hub,0.25,10,15,40,1730,0,0,40,1730,0.0,0.0,0.0,0.0,0.164310945705934
fbc_tfnbs,"e=1.0,h=3.0,n=30,start_thres=1.25,min_cluster_size=3",hub,0.25,10,15,40,1730,0,0,40,1730,0.0,0.0,0.0,0.0,0.164310945705934
fbc_tfnbs,"e=1.0,h=4.0,n=30,start_thres=1.25,min_cluster_size=3",hub,0.25,10,15,40,1730,0,0,40,1730,0.0,0.0,0.0,0.0,0.164310945705934
fbc_tfnbs,"e=1.0,h=5.0,n=30,start_thres=1.25,min_cluster_size=3",hub,0.25,10,15,40,1730,0,0,40,1730,0.0,0.0,0.0,0.0,0.164310945705934
fbc_tfnbs,"e=1.0,h=6.0,n=30,start_thres=1.25,min_cluster_size=3",hub,0.25,10,15,40,1730,0,0,40,1730,0.0,0.0,0.0,0.0,0.164310945705934
fbc_tfnbs,"e=1.0,h=7.0,n=30,start_thres=1.25,min_cluster_size=3",hub,0.25,10,15,40,1730,0,0,40,1730,0.0,0.0,0.0,0.0,0.164310945705934
fbc_tfnbs,"e=1.0,h=8.0,n=30,start_thres=1.25,min_cluster_size=3",hub,0.25,10,15,40,1730,0,0,40,1730,0.0,0.0,0.0,0.0,0.164310945705934
fbc_tfnbs,"e=1.0,h=9.0,n=30,start_thres=1.25,min_cluster_size=3",hub,0.25,10,15,40,1730,0,0,40,1730,0.0,0.0,0.0,0.0,0.164310945705934
fbc_tfnbs,"e=1.0,h=10.0,n=30,start_thres=1.25,min_cluster_size=3",hub,0.25,10,15,40,1730,0,0,40,1730,0.0,0.0,0.0,0.0,0.164310945705934
fbc_tfnbs,"e=1.1,h=0.5,n=30,start_thres=1.25,min_cluster_size=3",hub,0.25,10,15,40,1730,0,0,40,1730,0.0,0.0,0.0,0.0,0.164310945705934
fbc_tfnbs,"e=1.1,h=1.0,n=30,start_thres=1.25,min_cluster_size=3",hub,0.25,10,15,40,1730,0,0,40,1730,0.0,0.0,0.0,0.0,0.164310945705934
fbc_tfnbs,"e=1.1,h=2.0,n=30,start_thres=1.25,min_cluster_size=3",hub,0.25,10,15,40,1730,0,0,40,1730,0.0,0.0,0.0,0.0,0.164310945705934
fbc_tfnbs,"e=1.1,h=3.0,n=30,start_thres=1.25,min_cluster_size=3",hub,0.25,10,15,40,1730,0,0,40,1730,0.0,0.0,0.0,0.0,0.164310945705934
fbc_tfnbs,"e=1.1,h=4.0,n=30,start_thres=1.25,min_cluster_size=3",hub,0.25,10,15,40,1730,0,0,40,1730,0.0,0.0,0.0,0.0,0.164310945705934
fbc_tfnbs,"e=1.1,h=5.0,n=30,start_thres=1.25,min_cluster_size=3",hub,0.25,10,15,40,1730,0,0,40,1730,0.0,0.0,0.0,0.0,0.164310945705934
fbc_tfnbs,"e=1.1,h=6.0,n=30,start_thres=1.25,min_cluster_size=3",hub,0.25,10,15,40,1730,0,0,40,1730,0.0,0.0,0.0,0.0,0.164310945705934
fbc_tfnbs,"e=1.1,h=7.0,n=30,start_thres=1.25,min_cluster_size=3",hub,0.25,10,15,40,1730,0,0,40,1730,0.0,0.0,0.0,0.0,0.164310945705934
fbc_tfnbs,"e=1.1,h=8.0,n=30,start_thres=1.25,min_cluster_size=3",hub,0.25,10,15,40,1730,0,0,40,1730,0.0,0.0,0.0,0.0,0.164310945705934
fbc_tfnbs,"e=1.1,h=9.0,n=30,start_thres=1.25,min_cluster_size=3",hub,0.25,10,15,40,1730,0,0,40,1730,0.0,0.0,0.0,0.0,0.164310945705934
fbc_tfnbs,"e=1.1,h=10.0,n=30,start_thres=1.25,min_cluster_size=3",hub,0.25,10,15,40,1730,0,0,40,1730,0.0,0.0,0.0,0.0,0.164310945705934
fbc_tfnbs,"e=1.2,h=0.5,n=30,start_thres=1.25,min_cluster_size=3",hub,0.25,10,15,40,1730,0,0,40,1730,0.0,0.0,0.0,0.0,0.164310945705934
fbc_tfnbs,"e=1.2,h=1.0,n=30,start_thres=1.25,min_cluster_size=3",hub,0.25,10,15,40,1730,0,0,40,1730,0.0,0.0,0.0,0.0,0.164310945705934
fbc_tfnbs,"e=1.2,h=2.0,n=30,start_thres=1.25,min_cluster_size=3",hub,0.25,10,15,40,1730,0,0,40,1730,0.0,0.0,0.0,0.0,0.164310945705934
fbc_tfnbs,"e=1.2,h=3.0,n=30,start_thres=1.25,min_cluster_size=3",hub,0.25,10,15,40,1730,0,0,40,1730,0.0,0.0,0.0,0.0,0.164310945705934
fbc_tfnbs,"e=1.2,h=4.0,n=30,start_thres=1.25,min_cluster_size=3",hub,0.25,10,15,40,1730,0,0,40,1730,0.0,0.0,0.0,0.0,0.164310945705934
fbc_tfnbs,"e=1.2,h=5.0,n=30,start_thres=1.25,min_cluster_size=3",hub,0.25,10,15,40,1730,0,0,40,1730,0.0,0.0,0.0,0.0,0.164310945705934
fbc_tfnbs,"e=1.2,h=6.0,n=30,start_thres=1.25,min_cluster_size=3",hub,0.25,10,15,40,1730,0,0,40,1730,0.0,0.0,0.0,0.0,0.164310945705934
fbc_tfnbs,"e=1.2,h=7.0,n=30,start_thres=1.25,min_cluster_size=3",hub,0.25,10,15,40,1730,0,0,40,1730,0.0,0.0,0.0,0.0,0.164310945705934
fbc_tfnbs,"e=1.2,h=8.0,n=30,start_thres=1.25,min_cluster_size=3",hub,0.25,10,15,40,1730,0,0,40,1730,0.0,0.0,0.0,0.0,0.164310945705934
fbc_tfnbs,"e=1.2,h=9.0,n=30,start_thres=1.25,min_cluster_size=3",hub,0.25,10,15,40,1730,0,0,40,1730,0.0,0.0,0.0,0.0,0.164310945705934
fbc_tfnbs,"e=1.2,h=10.0,n=30,start_thres=1.25,min_cluster_size=3",hub,0.25,10,15,40,1730,0,0,40,1730,0.0,0.0,0.0,0.0,0.164310945705934
fbc_tfnbs,"e=1.3,h=0.5,n=30,start_thres=1.25,min_cluster_size=3",hub,0.25,10,15,40,1730,0,0,40,1730,0.0,0.0,0.0,0.0,0.164310945705934
fbc_tfnbs,"e=1.3,h=1.0,n=30,start_thres=1.25,min_cluster_size=3",hub,0.25,10,15,40,1730,0,0,40,1730,0.0,0.0,0.0,0.0,0.164310945705934
fbc_tfnbs,"e=1.3,h=2.0,n=30,start_thres=1.25,min_cluster_size=3",hub,0.25,10,15,40,1730,0,0,40,1730,0.0,0.0,0.0,0.0,0.164310945705934
fbc_tfnbs,"e=1.3,h=3.0,n=30,start_thres=1.25,min_cluster_size=3",hub,0.25,10,15,40,1730,0,0,40,1730,0.0,0.0,0.0,0.0,0.164310945705934
fbc_tfnbs,"e=1.3,h=4.0,n=30,start_thres=1.25,min_cluster_size=3",hub,0.25,10,15,40,1730,0,0,40,1730,0.0,0.0,0.0,0.0,0.164310945705934
fbc_tfnbs,"e=1.3,h=5.0,n=30,start_thres=1.25,min_cluster_size=3",hub,0.25,10,15,40,1730,0,0,40,1730,0.0,0.0,0.0,0.0,0.164310945705934
fbc_tfnbs,"e=1.3,h=6.0,n=30,start_thres=1.25,min_cluster_size=3",hub,0.25,10,15,40,1730,0,0,40,1730,0.0,0.0,0.0,0.0,0.164310945705934
fbc_tfnbs,"e=1.3,h=7.0,n=30,start_thres=1.25,min_cluster_size=3",hub,0.25,10,15,40,1730,0,0,40,1730,0.0,0.0,0.0,0.0,0.164310945705934
fbc_tfnbs,"e=1.3,h=8.0,n=30,start_thres=1.25,min_cluster_size=3",hub,0.25,10,15,40,1730,0,0,40,1730,0.0,0.0,0.0,0.0,0.164310945705934
fbc_tfnbs,"e=1.3,h=9.0,n=30,start_thres=1.25,min_cluster_size=3",hub,0.25,10,15,40,1730,0,0,40,1730,0.0,0.0,0.0,0.0,0.164310945705934
fbc_tfnbs,"e=1.3,h=10.0,n=30,start_thres=1.25,min_cluster_size=3",hub,0.25,10,15,40,1730,0,0,40,1730,0.0,0.0,0.0,0.0,0.164310945705934
fbc_tfnbs,"e=1.4,h=0.5,n=30,start_thres=1.25,min_cluster_size=3",hub,0.25,10,15,40,1730,0,0,40,1730,0.0,0.0,0.0,0.0,0.164310945705934
fbc_tfnbs,"e=1.4,h=1.0,n=30,start_thres=1.25,min_cluster_size=3",hub,0.25,10,15,40,1730,0,0,40,1730,0.0,0.0,0.0,0.0,0.164310945705934
fbc_tfnbs,"e=1.4,h=2.0,n=30,start_thres=1.25,min_cluster_size=3",hub,0.25,10,15,40,1730,0,0,40,1730,0.0,0.0,0.0,0.0,0.164310945705934
fbc_tfnbs,"e=1.4,h=3.0,n=30,start_thres=1.25,min_cluster_size=3",hub,0.25,10,15,40,1730,0,0,40,1730,0.0,0.0,0.0,0.0,0.164310945705934
fbc_tfnbs,"e=1.4,h=4.0,n=30,start_thres=1.25,min_cluster_size=3",hub,0.25,10,15,40,1730,0,0,40,1730,0.0,0.0,0.0,0.0,0.164310945705934
fbc_tfnbs,"e=1.4,h=5.0,n=30,start_thres=1.25,min_cluster_size=3",hub,0.25,10,15,40,1730,0,0,40,1730,0.0,0.0,0.0,0.0,0.164310945705934
fbc_tfnbs,"e=1.4,h=6.0,n=30,start_thres=1.25,min_cluster_size=3",hub,0.25,10,15,40,1730,0,0,40,1730,0.0,0.0,0.0,0.0,0.164310945705934
fbc_tfnbs,"e=1.4,h=7.0,n=30,start_thres=1.25,min_cluster_size=3",hub,0.25,10,15,40,1730,0,0,40,1730,0.0,0.0,0.0,0.0,0.164310945705934
fbc_tfnbs,"e=1.4,h=8.0,n=30,start_thres=1.25,min_cluster_size=3",hub,0.25,10,15,40,1730,0,0,40,1730,0.0,0.0,0.0,0.0,0.164310945705934
fbc_tfnbs,"e=1.4,h=9.0,n=30,start_thres=1.25,min_cluster_size=3",hub,0.25,10,15,40,1730,0,0,40,1730,0.0,0.0,0.0,0.0,0.164310945705934
fbc_tfnbs,"e=1.4,h=10.0,n=30,start_thres=1.25,min_cluster_size=3",hub,0.25,10,15,40,1730,0,0,40,1730,0.0,0.0,0.0,0.0,0.164310945705934
fbc_tfnbs,"e=1.5,h=0.5,n=30,start_thres=1.25,min_cluster_size=3",hub,0.25,10,15,40,1730,0,0,40,1730,0.0,0.0,0.0,0.0,0.164310945705934
fbc_tfnbs,"e=1.5,h=1.0,n=30,start_thres=1.25,min_cluster_size=3",hub,0.25,10,15,40,1730,0,0,40,1730,0.0,0.0,0.0,0.0,0.164310945705934
fbc_tfnbs,"e=1.5,h=2.0,n=30,start_thres=1.25,min_cluster_size=3",hub,0.25,10,15,40,1730,0,0,40,1730,0.0,0.0,0.0,0.0,0.164310945705934
fbc_tfnbs,"e=1.5,h=3.0,n=30,start_thres=1.25,min_cluster_size=3",hub,0.25,10,15,40,1730,0,0,40,1730,0.0,0.0,0.0,0.0,0.164310945705934
fbc_tfnbs,"e=1.5,h=4.0,n=30,start_thres=1.25,min_cluster_size=3",hub,0.25,10,15,40,1730,0,0,40,1730,0.0,0.0,0.0,0.0,0.164310945705934
fbc_tfnbs,"e=1.5,h=5.0,n=30,start_thres=1.25,min_cluster_size=3",hub,0.25,10,15,40,1730,0,0,40,1730,0.0,0.0,0.0,0.0,0.164310945705934
fbc_tfnbs,"e=1.5,h=6.0,n=30,start_thres=1.25,min_cluster_size=3",hub,0.25,10,15,40,1730,0,0,40,1730,0.0,0.0,0.0,0.0,0.164310945705934
fbc_tfnbs,"e=1.5,h=7.0,n=30,start_thres=1.25,min_cluster_size=3",hub,0.25,10,15,40,1730,0,0,40,1730,0.0,0.0,0.0,0.0,0.164310945705934
fbc_tfnbs,"e=1.5,h=8.0,n=30,start_thres=1.25,min_cluster_size=3",hub,0.25,10,15,40,1730,0,0,40,1730,0.0,0.0,0.0,0.0,0.164310945705934
fbc_tfnbs,"e=1.5,h=9.0,n=30,start_thres=1.25,min_cluster_size=3",hub,0.25,10,15,40,1730,0,0,40,1730,0.0,0.0,0.0,0.0,0.164310945705934
fbc_tfnbs,"e=1.5,h=10.0,n=30,start_thres=1.25,min_cluster_size=3",hub,0.25,10,15,40,1730,0,0,40,1730,0.0,0.0,0.0,0.0,0.164310945705934
fbc_tfnbs,"e=0.05,h=0.5,n=30,start_thres=1.25,min_cluster_size=3",hub,0.25,10,16,40,1730,0,0,40,1730,0.0,0.0,0.0,0.0,0.1645965047857978
fbc_tfnbs,"e=0.05,h=1.0,n=30,start_thres=1.25,min_cluster_size=3",hub,0.25,10,16,40,1730,0,0,40,1730,0.0,0.0,0.0,0.0,0.1645965047857978
fbc_tfnbs,"e=0.05,h=2.0,n=30,start_thres=1.25,min_cluster_size=3",hub,0.25,10,16,40,1730,0,0,40,1730,0.0,0.0,0.0,0.0,0.1645965047857978
fbc_tfnbs,"e=0.05,h=3.0,n=30,start_thres=1.25,min_cluster_size=3",hub,0.25,10,16,40,1730,0,0,40,1730,0.0,0.0,0.0,0.0,0.1645965047857978
fbc_tfnbs,"e=0.05,h=4.0,n=30,start_thres=1.25,min_cluster_size=3",hub,0.25,10,16,40,1730,0,0,40,1730,0.0,0.0,0.0,0.0,0.1645965047857978
fbc_tfnbs,"e=0.05,h=5.0,n=30,start_thres=1.25,min_cluster_size=3",hub,0.25,10,16,40,1730,0,0,40,1730,0.0,0.0,0.0,0.0,0.1645965047857978
fbc_tfnbs,"e=0.05,h=6.0,n=30,start_thres=1.25,min_cluster_size=3",hub,0.25,10,16,40,1730,0,0,40,1730,0.0,0.0,0.0,0.0,0.1645965047857978
fbc_tfnbs,"e=0.05,h=7.0,n=30,start_thres=1.25,min_cluster_size=3",hub,0.25,10,16,40,1730,0,0,40,1730,0.0,0.0,0.0,0.0,0.1645965047857978
fbc_tfnbs,"e=0.05,h=8.0,n=30,start_thres=1.25,min_cluster_size=3",hub,0.25,10,16,40,1730,0,0,40,1730,0.0,0.0,0.0,0.0,0.1645965047857978
fbc_tfnbs,"e=0.05,h=9.0,n=30,start_thres=1.25,min_cluster_size=3",hub,0.25,10,16,40,1730,0,0,40,1730,0.0,0.0,0.0,0.0,0.1645965047857978
fbc_tfnbs,"e=0.05,h=10.0,n=30,start_thres=1.25,min_cluster_size=3",hub,0.25,10,16,40,1730,0,0,40,1730,0.0,0.0,0.0,0.0,0.1645965047857978
fbc_tfnbs,"e=0.1,h=0.5,n=30,start_thres=1.25,min_cluster_size=3",hub,0.25,10,16,40,1730,0,0,40,1730,0.0,0.0,0.0,0.0,0.1645965047857978
fbc_tfnbs,"e=0.1,h=1.0,n=30,start_thres=1.25,min_cluster_size=3",hub,0.25,10,16,40,1730,0,0,40,1730,0.0,0.0,0.0,0.0,0.1645965047857978
fbc_tfnbs,"e=0.1,h=2.0,n=30,start_thres=1.25,min_cluster_size=3",hub,0.25,10,16,40,1730,0,0,40,1730,0.0,0.0,0.0,0.0,0.1645965047857978
fbc_tfnbs,"e=0.1,h=3.0,n=30,start_thres=1.25,min_cluster_size=3",hub,0.25,10,16,40,1730,0,0,40,1730,0.0,0.0,0.0,0.0,0.1645965047857978
fbc_tfnbs,"e=0.1,h=4.0,n=30,start_thres=1.25,min_cluster_size=3",hub,0.25,10,16,40,1730,0,0,40,1730,0.0,0.0,0.0,0.0,0.1645965047857978
fbc_tfnbs,"e=0.1,h=5.0,n=30,start_thres=1.25,min_cluster_size=3",hub,0.25,10,16,40,1730,0,0,40,1730,0.0,0.0,0.0,0.0,0.1645965047857978
fbc_tfnbs,"e=0.1,h=6.0,n=30,start_thres=1.25,min_cluster_size=3",hub,0.25,10,16,40,1730,0,0,40,1730,0.0,0.0,0.0,0.0,0.1645965047857978
fbc_tfnbs,"e=0.1,h=7.0,n=30,start_thres=1.25,min_cluster_size=3",hub,0.25,10,16,40,1730,0,0,40,1730,0.0,0.0,0.0,0.0,0.1645965047857978
fbc_tfnbs,"e=0.1,h=8.0,n=30,start_thres=1.25,min_cluster_size=3",hub,0.25,10,16,40,1730,0,0,40,1730,0.0,0.0,0.0,0.0,0.1645965047857978
fbc_tfnbs,"e=0.1,h=9.0,n=30,start_thres=1.25,min_cluster_size=3",hub,0.25,10,16,40,1730,0,0,40,1730,0.0,0.0,0.0,0.0,0.1645965047857978
fbc_tfnbs,"e=0.1,h=10.0,n=30,start_thres=1.25,min_cluster_size=3",hub,0.25,10,16,40,1730,0,0,40,1730,0.0,0.0,0.0,0.0,0.1645965047857978
fbc_tfnbs,"e=0.2,h=0.5,n=30,start_thres=1.25,min_cluster_size=3",hub,0.25,10,16,40,1730,0,0,40,1730,0.0,0.0,0.0,0.0,0.1645965047857978
fbc_tfnbs,"e=0.2,h=1.0,n=30,start_thres=1.25,min_cluster_size=3",hub,0.25,10,16,40,1730,0,0,40,1730,0.0,0.0,0.0,0.0,0.1645965047857978
fbc_tfnbs,"e=0.2,h=2.0,n=30,start_thres=1.25,min_cluster_size=3",hub,0.25,10,16,40,1730,0,0,40,1730,0.0,0.0,0.0,0.0,0.1645965047857978
fbc_tfnbs,"e=0.2,h=3.0,n=30,start_thres=1.25,min_cluster_size=3",hub,0.25,10,16,40,1730,0,0,40,1730,0.0,0.0,0.0,0.0,0.1645965047857978
fbc_tfnbs,"e=0.2,h=4.0,n=30,start_thres=1.25,min_cluster_size=3",hub,0.25,10,16,40,1730,0,0,40,1730,0.0,0.0,0.0,0.0,0.1645965047857978
fbc_tfnbs,"e=0.2,h=5.0,n=30,start_thres=1.25,min_cluster_size=3",hub,0.25,10,16,40,1730,0,0,40,1730,0.0,0.0,0.0,0.0,0.1645965047857978
fbc_tfnbs,"e=0.2,h=6.0,n=30,start_thres=1.25,min_cluster_size=3",hub,0.25,10,16,40,1730,0,0,40,1730,0.0,0.0,0.0,0.0,0.1645965047857978
fbc_tfnbs,"e=0.2,h=7.0,n=30,start_thres=1.25,min_cluster_size=3",hub,0.25,10,16,40,1730,0,0,40,1730,0.0,0.0,0.0,0.0,0.1645965047857978
fbc_tfnbs,"e=0.2,h=8.0,n=30,start_thres=1.25,min_cluster_size=3",hub,0.25,10,16,40,1730,0,0,40,1730,0.0,0.0,0.0,0.0,0.1645965047857978
fbc_tfnbs,"e=0.2,h=9.0,n=30,start_thres=1.25,min_cluster_size=3",hub,0.25,10,16,40,1730,0,0,40,1730,0.0,0.0,0.0,0.0,0.1645965047857978
fbc_tfnbs,"e=0.2,h=10.0,n=30,start_thres=1.25,min_cluster_size=3",hub,0.25,10,16,40,1730,0,0,40,1730,0.0,0.0,0.0,0.0,0.1645965047857978
fbc_tfnbs,"e=0.3,h=0.5,n=30,start_thres=1.25,min_cluster_size=3",hub,0.25,10,16,40,1730,0,0,40,1730,0.0,0.0,0.0,0.0,0.1645965047857978
fbc_tfnbs,"e=0.3,h=1.0,n=30,start_thres=1.25,min_cluster_size=3",hub,0.25,10,16,40,1730,0,0,40,1730,0.0,0.0,0.0,0.0,0.1645965047857978
fbc_tfnbs,"e=0.3,h=2.0,n=30,start_thres=1.25,min_cluster_size=3",hub,0.25,10,16,40,1730,0,0,40,1730,0.0,0.0,0.0,0.0,0.1645965047857978
fbc_tfnbs,"e=0.3,h=3.0,n=30,start_thres=1.25,min_cluster_size=3",hub,0.25,10,16,40,1730,0,0,40,1730,0.0,0.0,0.0,0.0,0.1645965047857978
fbc_tfnbs,"e=0.3,h=4.0,n=30,start_thres=1.25,min_cluster_size=3",hub,0.25,10,16,40,1730,0,0,40,1730,0.0,0.0,0.0,0.0,0.1645965047857978
fbc_tfnbs,"e=0.3,h=5.0,n=30,start_thres=1.25,min_cluster_size=3",hub,0.25,10,16,40,1730,0,0,40,1730,0.0,0.0,0.0,0.0,0.1645965047857978
fbc_tfnbs,"e=0.3,h=6.0,n=30,start_thres=1.25,min_cluster_size=3",hub,0.25,10,16,40,1730,0,0,40,1730,0.0,0.0,0.0,0.0,0.1645965047857978
fbc_tfnbs,"e=0.3,h=7.0,n=30,start_thres=1.25,min_cluster_size=3",hub,0.25,10,16,40,1730,0,0,40,1730,0.0,0.0,0.0,0.0,0.1645965047857978
fbc_tfnbs,"e=0.3,h=8.0,n=30,start_thres=1.25,min_cluster_size=3",hub,0.25,10,16,40,1730,0,0,40,1730,0.0,0.0,0.0,0.0,0.1645965047857978
fbc_tfnbs,"e=0.3,h=9.0,n=30,start_thres=1.25,min_cluster_size=3",hub,0.25,10,16,40,1730,0,0,40,1730,0.0,0.0,0.0,0.0,0.1645965047857978
fbc_tfnbs,"e=0.3,h=10.0,n=30,start_thres=1.25,min_cluster_size=3",hub,0.25,10,16,40,1730,0,0,40,1730,0.0,0.0,0.0,0.0,0.1645965047857978
fbc_tfnbs,"e=0.4,h=0.5,n=30,start_thres=1.25,min_cluster_size=3",hub,0.25,10,16,40,1730,0,0,40,1730,0.0,0.0,0.0,0.0,0.1645965047857978
fbc_tfnbs,"e=0.4,h=1.0,n=30,start_thres=1.25,min_cluster_size=3",hub,0.25,10,16,40,1730,0,0,40,1730,0.0,0.0,0.0,0.0,0.1645965047857978
fbc_tfnbs,"e=0.4,h=2.0,n=30,start_thres=1.25,min_cluster_size=3",hub,0.25,10,16,40,1730,0,0,40,1730,0.0,0.0,0.0,0.0,0.1645965047857978
fbc_tfnbs,"e=0.4,h=3.0,n=30,start_thres=1.25,min_cluster_size=3",hub,0.25,10,16,40,1730,0,0,40,1730,0.0,0.0,0.0,0.0,0.1645965047857978
fbc_tfnbs,"e=0.4,h=4.0,n=30,start_thres=1.25,min_cluster_size=3",hub,0.25,10,16,40,1730,0,0,40,1730,0.0,0.0,0.0,0.0,0.1645965047857978
fbc_tfnbs,"e=0.4,h=5.0,n=30,start_thres=1.25,min_cluster_size=3",hub,0.25,10,16,40,1730,0,0,40,1730,0.0,0.0,0.0,0.0,0.1645965047857978
fbc_tfnbs,"e=0.4,h=6.0,n=30,start_thres=1.25,min_cluster_size=3",hub,0.25,10,16,40,1730,0,0,40,1730,0.0,0.0,0.0,0.0,0.1645965047857978
fbc_tfnbs,"e=0.4,h=7.0,n=30,start_thres=1.25,min_cluster_size=3",hub,0.25,10,16,40,1730,0,0,40,1730,0.0,0.0,0.0,0.0,0.1645965047857978
fbc_tfnbs,"e=0.4,h=8.0,n=30,start_thres=1.25,min_cluster_size=3",hub,0.25,10,16,40,1730,0,0,40,1730,0.0,0.0,0.0,0.0,0.1645965047857978
fbc_tfnbs,"e=0.4,h=9.0,n=30,start_thres=1.25,min_cluster_size=3",hub,0.25,10,16,40,1730,0,0,40,1730,0.0,0.0,0.0,0.0,0.1645965047857978
fbc_tfnbs,"e=0.4,h=10.0,n=30,start_thres=1.25,min_cluster_size=3",hub,0.25,10,16,40,1730,0,0,40,1730,0.0,0.0,0.0,0.0,0.1645965047857978
fbc_tfnbs,"e=0.5,h=0.5,n=30,start_thres=1.25,min_cluster_size=3",hub,0.25,10,16,40,1730,0,0,40,1730,0.0,0.0,0.0,0.0,0.1645965047857978
fbc_tfnbs,"e=0.5,h=1.0,n=30,start_thres=1.25,min_cluster_size=3",hub,0.25,10,16,40,1730,0,0,40,1730,0.0,0.0,0.0,0.0,0.1645965047857978
fbc_tfnbs,"e=0.5,h=2.0,n=30,start_thres=1.25,min_cluster_size=3",hub,0.25,10,16,40,1730,0,0,40,1730,0.0,0.0,0.0,0.0,0.1645965047857978
fbc_tfnbs,"e=0.5,h=3.0,n=30,start_thres=1.25,min_cluster_size=3",hub,0.25,10,16,40,1730,0,0,40,1730,0.0,0.0,0.0,0.0,0.1645965047857978
fbc_tfnbs,"e=0.5,h=4.0,n=30,start_thres=1.25,min_cluster_size=3",hub,0.25,10,16,40,1730,0,0,40,1730,0.0,0.0,0.0,0.0,0.1645965047857978
fbc_tfnbs,"e=0.5,h=5.0,n=30,start_thres=1.25,min_cluster_size=3",hub,0.25,10,16,40,1730,0,0,40,1730,0.0,0.0,0.0,0.0,0.1645965047857978
fbc_tfnbs,"e=0.5,h=6.0,n=30,start_thres=1.25,min_cluster_size=3",hub,0.25,10,16,40,1730,0,0,40,1730,0.0,0.0,0.0,0.0,0.1645965047857978
fbc_tfnbs,"e=0.5,h=7.0,n=30,start_thres=1.25,min_cluster_size=3",hub,0.25,10,16,40,1730,0,0,40,1730,0.0,0.0,0.0,0.0,0.1645965047857978
fbc_tfnbs,"e=0.5,h=8.0,n=30,start_thres=1.25,min_cluster_size=3",hub,0.25,10,16,40,1730,0,0,40,1730,0.0,0.0,0.0,0.0,0.1645965047857978
fbc_tfnbs,"e=0.5,h=9.0,n=30,start_thres=1.25,min_cluster_size=3",hub,0.25,10,16,40,1730,0,0,40,1730,0.0,0.0,0.0,0.0,0.1645965047857978
fbc_tfnbs,"e=0.5,h=10.0,n=30,start_thres=1.25,min_cluster_size=3",hub,0.25,10,16,40,1730,0,0,40,1730,0.0,0.0,0.0,0.0,0.1645965047857978
fbc_tfnbs,"e=0.6,h=0.5,n=30,start_thres=1.25,min_cluster_size=3",hub,0.25,10,16,40,1730,0,0,40,1730,0.0,0.0,0.0,0.0,0.1645965047857978
fbc_tfnbs,"e=0.6,h=1.0,n=30,start_thres=1.25,min_cluster_size=3",hub,0.25,10,16,40,1730,0,0,40,1730,0.0,0.0,0.0,0.0,0.1645965047857978
fbc_tfnbs,"e=0.6,h=2.0,n=30,start_thres=1.25,min_cluster_size=3",hub,0.25,10,16,40,1730,0,0,40,1730,0.0,0.0,0.0,0.0,0.1645965047857978
fbc_tfnbs,"e=0.6,h=3.0,n=30,start_thres=1.25,min_cluster_size=3",hub,0.25,10,16,40,1730,0,0,40,1730,0.0,0.0,0.0,0.0,0.1645965047857978
fbc_tfnbs,"e=0.6,h=4.0,n=30,start_thres=1.25,min_cluster_size=3",hub,0.25,10,16,40,1730,0,0,40,1730,0.0,0.0,0.0,0.0,0.1645965047857978
fbc_tfnbs,"e=0.6,h=5.0,n=30,start_thres=1.25,min_cluster_size=3",hub,0.25,10,16,40,1730,0,0,40,1730,0.0,0.0,0.0,0.0,0.1645965047857978
fbc_tfnbs,"e=0.6,h=6.0,n=30,start_thres=1.25,min_cluster_size=3",hub,0.25,10,16,40,1730,0,0,40,1730,0.0,0.0,0.0,0.0,0.1645965047857978
fbc_tfnbs,"e=0.6,h=7.0,n=30,start_thres=1.25,min_cluster_size=3",hub,0.25,10,16,40,1730,0,0,40,1730,0.0,0.0,0.0,0.0,0.1645965047857978
fbc_tfnbs,"e=0.6,h=8.0,n=30,start_thres=1.25,min_cluster_size=3",hub,0.25,10,16,40,1730,0,0,40,1730,0.0,0.0,0.0,0.0,0.1645965047857978
fbc_tfnbs,"e=0.6,h=9.0,n=30,start_thres=1.25,min_cluster_size=3",hub,0.25,10,16,40,1730,0,0,40,1730,0.0,0.0,0.0,0.0,0.1645965047857978
fbc_tfnbs,"e=0.6,h=10.0,n=30,start_thres=1.25,min_cluster_size=3",hub,0.25,10,16,40,1730,0,0,40,1730,0.0,0.0,0.0,0.0,0.1645965047857978
fbc_tfnbs,"e=0.7,h=0.5,n=30,start_thres=1.25,min_cluster_size=3",hub,0.25,10,16,40,1730,0,0,40,1730,0.0,0.0,0.0,0.0,0.1645965047857978
fbc_tfnbs,"e=0.7,h=1.0,n=30,start_thres=1.25,min_cluster_size=3",hub,0.25,10,16,40,1730,0,0,40,1730,0.0,0.0,0.0,0.0,0.1645965047857978
fbc_tfnbs,"e=0.7,h=2.0,n=30,start_thres=1.25,min_cluster_size=3",hub,0.25,10,16,40,1730,0,0,40,1730,0.0,0.0,0.0,0.0,0.1645965047857978
fbc_tfnbs,"e=0.7,h=3.0,n=30,start_thres=1.25,min_cluster_size=3",hub,0.25,10,16,40,1730,0,0,40,1730,0.0,0.0,0.0,0.0,0.1645965047857978
fbc_tfnbs,"e=0.7,h=4.0,n=30,start_thres=1.25,min_cluster_size=3",hub,0.25,10,16,40,1730,0,0,40,1730,0.0,0.0,0.0,0.0,0.1645965047857978
fbc_tfnbs,"e=0.7,h=5.0,n=30,start_thres=1.25,min_cluster_size=3",hub,0.25,10,16,40,1730,0,0,40,1730,0.0,0.0,0.0,0.0,0.1645965047857978
fbc_tfnbs,"e=0.7,h=6.0,n=30,start_thres=1.25,min_cluster_size=3",hub,0.25,10,16,40,1730,0,0,40,1730,0.0,0.0,0.0,0.0,0.1645965047857978
fbc_tfnbs,"e=0.7,h=7.0,n=30,start_thres=1.25,min_cluster_size=3",hub,0.25,10,16,40,1730,0,0,40,1730,0.0,0.0,0.0,0.0,0.1645965047857978
fbc_tfnbs,"e=0.7,h=8.0,n=30,start_thres=1.25,min_cluster_size=3",hub,0.25,10,16,40,1730,0,0,40,1730,0.0,0.0,0.0,0.0,0.1645965047857978
fbc_tfnbs,"e=0.7,h=9.0,n=30,start_thres=1.25,min_cluster_size=3",hub,0.25,10,16,40,1730,0,0,40,1730,0.0,0.0,0.0,0.0,0.1645965047857978
fbc_tfnbs,"e=0.7,h=10.0,n=30,start_thres=1.25,min_cluster_size=3",hub,0.25,10,16,40,1730,0,0,40,1730,0.0,0.0,0.0,0.0,0.1645965047857978
fbc_tfnbs,"e=0.8,h=0.5,n=30,start_thres=1.25,min_cluster_size=3",hub,0.25,10,16,40,1730,0,0,40,1730,0.0,0.0,0.0,0.0,0.1645965047857978
fbc_tfnbs,"e=0.8,h=1.0,n=30,start_thres=1.25,min_cluster_size=3",hub,0.25,10,16,40,1730,0,0,40,1730,0.0,0.0,0.0,0.0,0.1645965047857978
fbc_tfnbs,"e=0.8,h=2.0,n=30,start_thres=1.25,min_cluster_size=3",hub,0.25,10,16,40,1730,0,0,40,1730,0.0,0.0,0.0,0.0,0.1645965047857978
fbc_tfnbs,"e=0.8,h=3.0,n=30,start_thres=1.25,min_cluster_size=3",hub,0.25,10,16,40,1730,0,0,40,1730,0.0,0.0,0.0,0.0,0.1645965047857978
fbc_tfnbs,"e=0.8,h=4.0,n=30,start_thres=1.25,min_cluster_size=3",hub,0.25,10,16,40,1730,0,0,40,1730,0.0,0.0,0.0,0.0,0.1645965047857978
fbc_tfnbs,"e=0.8,h=5.0,n=30,start_thres=1.25,min_cluster_size=3",hub,0.25,10,16,40,1730,0,0,40,1730,0.0,0.0,0.0,0.0,0.1645965047857978
fbc_tfnbs,"e=0.8,h=6.0,n=30,start_thres=1.25,min_cluster_size=3",hub,0.25,10,16,40,1730,0,0,40,1730,0.0,0.0,0.0,0.0,0.1645965047857978
fbc_tfnbs,"e=0.8,h=7.0,n=30,start_thres=1.25,min_cluster_size=3",hub,0.25,10,16,40,1730,0,0,40,1730,0.0,0.0,0.0,0.0,0.1645965047857978
fbc_tfnbs,"e=0.8,h=8.0,n=30,start_thres=1.25,min_cluster_size=3",hub,0.25,10,16,40,1730,0,0,40,1730,0.0,0.0,0.0,0.0,0.1645965047857978
fbc_tfnbs,"e=0.8,h=9.0,n=30,start_thres=1.25,min_cluster_size=3",hub,0.25,10,16,40,1730,0,0,40,1730,0.0,0.0,0.0,0.0,0.1645965047857978
fbc_tfnbs,"e=0.8,h=10.0,n=30,start_thres=1.25,min_cluster_size=3",hub,0.25,10,16,40,1730,0,0,40,1730,0.0,0.0,0.0,0.0,0.1645965047857978
fbc_tfnbs,"e=0.9,h=0.5,n=30,start_thres=1.25,min_cluster_size=3",hub,0.25,10,16,40,1730,0,0,40,1730,0.0,0.0,0.0,0.0,0.1645965047857978
fbc_tfnbs,"e=0.9,h=1.0,n=30,start_thres=1.25,min_cluster_size=3",hub,0.25,10,16,40,1730,0,0,40,1730,0.0,0.0,0.0,0.0,0.1645965047857978
fbc_tfnbs,"e=0.9,h=2.0,n=30,start_thres=1.25,min_cluster_size=3",hub,0.25,10,16,40,1730,0,0,40,1730,0.0,0.0,0.0,0.0,0.1645965047857978
fbc_tfnbs,"e=0.9,h=3.0,n=30,start_thres=1.25,min_cluster_size=3",hub,0.25,10,16,40,1730,0,0,40,1730,0.0,0.0,0.0,0.0,0.1645965047857978
fbc_tfnbs,"e=0.9,h=4.0,n=30,start_thres=1.25,min_cluster_size=3",hub,0.25,10,16,40,1730,0,0,40,1730,0.0,0.0,0.0,0.0,0.1645965047857978
fbc_tfnbs,"e=0.9,h=5.0,n=30,start_thres=1.25,min_cluster_size=3",hub,0.25,10,16,40,1730,0,0,40,1730,0.0,0.0,0.0,0.0,0.1645965047857978
fbc_tfnbs,"e=0.9,h=6.0,n=30,start_thres=1.25,min_cluster_size=3",hub,0.25,10,16,40,1730,0,0,40,1730,0.0,0.0,0.0,0.0,0.1645965047857978
fbc_tfnbs,"e=0.9,h=7.0,n=30,start_thres=1.25,min_cluster_size=3",hub,0.25,10,16,40,1730,0,0,40,1730,0.0,0.0,0.0,0.0,0.1645965047857978
fbc_tfnbs,"e=0.9,h=8.0,n=30,start_thres=1.25,min_cluster_size=3",hub,0.25,10,16,40,1730,0,0,40,1730,0.0,0.0,0.0,0.0,0.1645965047857978
fbc_tfnbs,"e=0.9,h=9.0,n=30,start_thres=1.25,min_cluster_size=3",hub,0.25,10,16,40,1730,0,0,40,1730,0.0,0.0,0.0,0.0,0.1645965047857978
fbc_tfnbs,"e=0.9,h=10.0,n=30,start_thres=1.25,min_cluster_size=3",hub,0.25,10,16,40,1730,0,0,40,1730,0.0,0.0,0.0,0.0,0.1645965047857978
fbc_tfnbs,"e=1.0,h=0.5,n=30,start_thres=1.25,min_cluster_size=3",hub,0.25,10,16,40,1730,0,0,40,1730,0.0,0.0,0.0,0.0,0.1645965047857978
fbc_tfnbs,"e=1.0,h=1.0,n=30,start_thres=1.25,min_cluster_size=3",hub,0.25,10,16,40,1730,0,0,40,1730,0.0,0.0,0.0,0.0,0.1645965047857978
fbc_tfnbs,"e=1.0,h=2.0,n=30,start_thres=1.25,min_cluster_size=3",hub,0.25,10,16,40,1730,0,0,40,1730,0.0,0.0,0.0,0.0,0.1645965047857978
fbc_tfnbs,"e=1.0,h=3.0,n=30,start_thres=1.25,min_cluster_size=3",hub,0.25,10,16,40,1730,0,0,40,1730,0.0,0.0,0.0,0.0,0.1645965047857978
fbc_tfnbs,"e=1.0,h=4.0,n=30,start_thres=1.25,min_cluster_size=3",hub,0.25,10,16,40,1730,0,0,40,1730,0.0,0.0,0.0,0.0,0.1645965047857978
fbc_tfnbs,"e=1.0,h=5.0,n=30,start_thres=1.25,min_cluster_size=3",hub,0.25,10,16,40,1730,0,0,40,1730,0.0,0.0,0.0,0.0,0.1645965047857978
fbc_tfnbs,"e=1.0,h=6.0,n=30,start_thres=1.25,min_cluster_size=3",hub,0.25,10,16,40,1730,0,0,40,1730,0.0,0.0,0.0,0.0,0.1645965047857978
fbc_tfnbs,"e=1.0,h=7.0,n=30,start_thres=1.25,min_cluster_size=3",hub,0.25,10,16,40,1730,0,0,40,1730,0.0,0.0,0.0,0.0,0.1645965047857978
fbc_tfnbs,"e=1.0,h=8.0,n=30,start_thres=1.25,min_cluster_size=3",hub,0.25,10,16,40,1730,0,0,40,1730,0.0,0.0,0.0,0.0,0.1645965047857978
fbc_tfnbs,"e=1.0,h=9.0,n=30,start_thres=1.25,min_cluster_size=3",hub,0.25,10,16,40,1730,0,0,40,1730,0.0,0.0,0.0,0.0,0.1645965047857978
fbc_tfnbs,"e=1.0,h=10.0,n=30,start_thres=1.25,min_cluster_size=3",hub,0.25,10,16,40,1730,0,0,40,1730,0.0,0.0,0.0,0.0,0.1645965047857978
fbc_tfnbs,"e=1.1,h=0.5,n=30,start_thres=1.25,min_cluster_size=3",hub,0.25,10,16,40,1730,0,0,40,1730,0.0,0.0,0.0,0.0,0.1645965047857978
fbc_tfnbs,"e=1.1,h=1.0,n=30,start_thres=1.25,min_cluster_size=3",hub,0.25,10,16,40,1730,0,0,40,1730,0.0,0.0,0.0,0.0,0.1645965047857978
fbc_tfnbs,"e=1.1,h=2.0,n=30,start_thres=1.25,min_cluster_size=3",hub,0.25,10,16,40,1730,0,0,40,1730,0.0,0.0,0.0,0.0,0.1645965047857978
fbc_tfnbs,"e=1.1,h=3.0,n=30,start_thres=1.25,min_cluster_size=3",hub,0.25,10,16,40,1730,0,0,40,1730,0.0,0.0,0.0,0.0,0.1645965047857978
fbc_tfnbs,"e=1.1,h=4.0,n=30,start_thres=1.25,min_cluster_size=3",hub,0.25,10,16,40,1730,0,0,40,1730,0.0,0.0,0.0,0.0,0.1645965047857978
fbc_tfnbs,"e=1.1,h=5.0,n=30,start_thres=1.25,min_cluster_size=3",hub,0.25,10,16,40,1730,0,0,40,1730,0.0,0.0,0.0,0.0,0.1645965047857978
fbc_tfnbs,"e=1.1,h=6.0,n=30,start_thres=1.25,min_cluster_size=3",hub,0.25,10,16,40,1730,0,0,40,1730,0.0,0.0,0.0,0.0,0.1645965047857978
fbc_tfnbs,"e=1.1,h=7.0,n=30,start_thres=1.25,min_cluster_size=3",hub,0.25,10,16,40,1730,0,0,40,1730,0.0,0.0,0.0,0.0,0.1645965047857978
fbc_tfnbs,"e=1.1,h=8.0,n=30,start_thres=1.25,min_cluster_size=3",hub,0.25,10,16,40,1730,0,0,40,1730,0.0,0.0,0.0,0.0,0.1645965047857978
fbc_tfnbs,"e=1.1,h=9.0,n=30,start_thres=1.25,min_cluster_size=3",hub,0.25,10,16,40,1730,0,0,40,1730,0.0,0.0,0.0,0.0,0.1645965047857978
fbc_tfnbs,"e=1.1,h=10.0,n=30,start_thres=1.25,min_cluster_size=3",hub,0.25,10,16,40,1730,0,0,40,1730,0.0,0.0,0.0,0.0,0.1645965047857978
fbc_tfnbs,"e=1.2,h=0.5,n=30,start_thres=1.25,min_cluster_size=3",hub,0.25,10,16,40,1730,0,0,40,1730,0.0,0.0,0.0,0.0,0.1645965047857978
fbc_tfnbs,"e=1.2,h=1.0,n=30,start_thres=1.25,min_cluster_size=3",hub,0.25,10,16,40,1730,0,0,40,1730,0.0,0.0,0.0,0.0,0.1645965047857978
fbc_tfnbs,"e=1.2,h=2.0,n=30,start_thres=1.25,min_cluster_size=3",hub,0.25,10,16,40,1730,0,0,40,1730,0.0,0.0,0.0,0.0,0.1645965047857978
fbc_tfnbs,"e=1.2,h=3.0,n=30,start_thres=1.25,min_cluster_size=3",hub,0.25,10,16,40,1730,0,0,40,1730,0.0,0.0,0.0,0.0,0.1645965047857978
fbc_tfnbs,"e=1.2,h=4.0,n=30,start_thres=1.25,min_cluster_size=3",hub,0.25,10,16,40,1730,0,0,40,1730,0.0,0.0,0.0,0.0,0.1645965047857978
fbc_tfnbs,"e=1.2,h=5.0,n=30,start_thres=1.25,min_cluster_size=3",hub,0.25,10,16,40,1730,0,0,40,1730,0.0,0.0,0.0,0.0,0.1645965047857978
fbc_tfnbs,"e=1.2,h=6.0,n=30,start_thres=1.25,min_cluster_size=3",hub,0.25,10,16,40,1730,0,0,40,1730,0.0,0.0,0.0,0.0,0.1645965047857978
fbc_tfnbs,"e=1.2,h=7.0,n=30,start_thres=1.25,min_cluster_size=3",hub,0.25,10,16,40,1730,0,0,40,1730,0.0,0.0,0.0,0.0,0.1645965047857978
fbc_tfnbs,"e=1.2,h=8.0,n=30,start_thres=1.25,min_cluster_size=3",hub,0.25,10,16,40,1730,0,0,40,1730,0.0,0.0,0.0,0.0,0.1645965047857978
fbc_tfnbs,"e=1.2,h=9.0,n=30,start_thres=1.25,min_cluster_size=3",hub,0.25,10,16,40,1730,0,0,40,1730,0.0,0.0,0.0,0.0,0.1645965047857978
fbc_tfnbs,"e=1.2,h=10.0,n=30,start_thres=1.25,min_cluster_size=3",hub,0.25,10,16,40,1730,0,0,40,1730,0.0,0.0,0.0,0.0,0.1645965047857978
fbc_tfnbs,"e=1.3,h=0.5,n=30,start_thres=1.25,min_cluster_size=3",hub,0.25,10,16,40,1730,0,0,40,1730,0.0,0.0,0.0,0.0,0.1645965047857978
fbc_tfnbs,"e=1.3,h=1.0,n=30,start_thres=1.25,min_cluster_size=3",hub,0.25,10,16,40,1730,0,0,40,1730,0.0,0.0,0.0,0.0,0.1645965047857978
fbc_tfnbs,"e=1.3,h=2.0,n=30,start_thres=1.25,min_cluster_size=3",hub,0.25,10,16,40,1730,0,0,40,1730,0.0,0.0,0.0,0.0,0.1645965047857978
fbc_tfnbs,"e=1.3,h=3.0,n=30,start_thres=1.25,min_cluster_size=3",hub,0.25,10,16,40,1730,0,0,40,1730,0.0,0.0,0.0,0.0,0.1645965047857978
fbc_tfnbs,"e=1.3,h=4.0,n=30,start_thres=1.25,min_cluster_size=3",hub,0.25,10,16,40,1730,0,0,40,1730,0.0,0.0,0.0,0.0,0.1645965047857978
fbc_tfnbs,"e=1.3,h=5.0,n=30,start_thres=1.25,min_cluster_size=3",hub,0.25,10,16,40,1730,0,0,40,1730,0.0,0.0,0.0,0.0,0.1645965047857978
fbc_tfnbs,"e=1.3,h=6.0,n=30,start_thres=1.25,min_cluster_size=3",hub,0.25,10,16,40,1730,0,0,40,1730,0.0,0.0,0.0,0.0,0.1645965047857978
fbc_tfnbs,"e=1.3,h=7.0,n=30,start_thres=1.25,min_cluster_size=3",hub,0.25,10,16,40,1730,0,0,40,1730,0.0,0.0,0.0,0.0,0.1645965047857978
fbc_tfnbs,"e=1.3,h=8.0,n=30,start_thres=1.25,min_cluster_size=3",hub,0.25,10,16,40,1730,0,0,40,1730,0.0,0.0,0.0,0.0,0.1645965047857978
fbc_tfnbs,"e=1.3,h=9.0,n=30,start_thres=1.25,min_cluster_size=3",hub,0.25,10,16,40,1730,0,0,40,1730,0.0,0.0,0.0,0.0,0.1645965047857978
fbc_tfnbs,"e=1.3,h=10.0,n=30,start_thres=1.25,min_cluster_size=3",hub,0.25,10,16,40,1730,0,0,40,1730,0.0,0.0,0.0,0.0,0.1645965047857978
fbc_tfnbs,"e=1.4,h=0.5,n=30,start_thres=1.25,min_cluster_size=3",hub,0.25,10,16,40,1730,0,0,40,1730,0.0,0.0,0.0,0.0,0.1645965047857978
fbc_tfnbs,"e=1.4,h=1.0,n=30,start_thres=1.25,min_cluster_size=3",hub,0.25,10,16,40,1730,0,0,40,1730,0.0,0.0,0.0,0.0,0.1645965047857978
fbc_tfnbs,"e=1.4,h=2.0,n=30,start_thres=1.25,min_cluster_size=3",hub,0.25,10,16,40,1730,0,0,40,1730,0.0,0.0,0.0,0.0,0.1645965047857978
fbc_tfnbs,"e=1.4,h=3.0,n=30,start_thres=1.25,min_cluster_size=3",hub,0.25,10,16,40,1730,0,0,40,1730,0.0,0.0,0.0,0.0,0.1645965047857978
fbc_tfnbs,"e=1.4,h=4.0,n=30,start_thres=1.25,min_cluster_size=3",hub,0.25,10,16,40,1730,0,0,40,1730,0.0,0.0,0.0,0.0,0.1645965047857978
fbc_tfnbs,"e=1.4,h=5.0,n=30,start_thres=1.25,min_cluster_size=3",hub,0.25,10,16,40,1730,0,0,40,1730,0.0,0.0,0.0,0.0,0.1645965047857978
fbc_tfnbs,"e=1.4,h=6.0,n=30,start_thres=1.25,min_cluster_size=3",hub,0.25,10,16,40,1730,0,0,40,1730,0.0,0.0,0.0,0.0,0.1645965047857978
fbc_tfnbs,"e=1.4,h=7.0,n=30,start_thres=1.25,min_cluster_size=3",hub,0.25,10,16,40,1730,0,0,40,1730,0.0,0.0,0.0,0.0,0.1645965047857978
fbc_tfnbs,"e=1.4,h=8.0,n=30,start_thres=1.25,min_cluster_size=3",hub,0.25,10,16,40,1730,0,0,40,1730,0.0,0.0,0.0,0.0,0.1645965047857978
fbc_tfnbs,"e=1.4,h=9.0,n=30,start_thres=1.25,min_cluster_size=3",hub,0.25,10,16,40,1730,0,0,40,1730,0.0,0.0,0.0,0.0,0.1645965047857978
fbc_tfnbs,"e=1.4,h=10.0,n=30,start_thres=1.25,min_cluster_size=3",hub,0.25,10,16,40,1730,0,0,40,1730,0.0,0.0,0.0,0.0,0.1645965047857978
fbc_tfnbs,"e=1.5,h=0.5,n=30,start_thres=1.25,min_cluster_size=3",hub,0.25,10,16,40,1730,0,0,40,1730,0.0,0.0,0.0,0.0,0.1645965047857978
fbc_tfnbs,"e=1.5,h=1.0,n=30,start_thres=1.25,min_cluster_size=3",hub,0.25,10,16,40,1730,0,0,40,1730,0.0,0.0,0.0,0.0,0.1645965047857978
fbc_tfnbs,"e=1.5,h=2.0,n=30,start_thres=1.25,min_cluster_size=3",hub,0.25,10,16,40,1730,0,0,40,1730,0.0,0.0,0.0,0.0,0.1645965047857978
fbc_tfnbs,"e=1.5,h=3.0,n=30,start_thres=1.25,min_cluster_size=3",hub,0.25,10,16,40,1730,0,0,40,1730,0.0,0.0,0.0,0.0,0.1645965047857978
fbc_tfnbs,"e=1.5,h=4.0,n=30,start_thres=1.25,min_cluster_size=3",hub,0.25,10,16,40,1730,0,0,40,1730,0.0,0.0,0.0,0.0,0.1645965047857978
fbc_tfnbs,"e=1.5,h=5.0,n=30,start_thres=1.25,min_cluster_size=3",hub,0.25,10,16,40,1730,0,0,40,1730,0.0,0.0,0.0,0.0,0.1645965047857978
fbc_tfnbs,"e=1.5,h=6.0,n=30,start_thres=1.25,min_cluster_size=3",hub,0.25,10,16,40,1730,0,0,40,1730,0.0,0.0,0.0,0.0,0.1645965047857978
fbc_tfnbs,"e=1.5,h=7.0,n=30,start_thres=1.25,min_cluster_size=3",hub,0.25,10,16,40,1730,0,0,40,1730,0.0,0.0,0.0,0.0,0.1645965047857978
fbc_tfnbs,"e=1.5,h=8.0,n=30,start_thres=1.25,min_cluster_size=3",hub,0.25,10,16,40,1730,0,0,40,1730,0.0,0.0,0.0,0.0,0.1645965047857978
fbc_tfnbs,"e=1.5,h=9.0,n=30,start_thres=1.25,min_cluster_size=3",hub,0.25,10,16,40,1730,0,0,40,1730,0.0,0.0,0.0,0.0,0.1645965047857978
fbc_tfnbs,"e=1.5,h=10.0,n=30,start_thres=1.25,min_cluster_size=3",hub,0.25,10,16,40,1730,0,0,40,1730,0.0,0.0,0.0,0.0,0.1645965047857978
fbc_tfnbs,"e=0.05,h=0.5,n=30,start_thres=1.25,min_cluster_size=3",hub,0.25,10,17,40,1730,2,2,38,1728,0.05,0.0011560693641618,0.5,0.5,0.164554549889131
fbc_tfnbs,"e=0.05,h=1.0,n=30,start_thres=1.25,min_cluster_size=3",hub,0.25,10,17,40,1730,2,2,38,1728,0.05,0.0011560693641618,0.5,0.5,0.164554549889131
fbc_tfnbs,"e=0.05,h=2.0,n=30,start_thres=1.25,min_cluster_size=3",hub,0.25,10,17,40,1730,2,2,38,1728,0.05,0.0011560693641618,0.5,0.5,0.164554549889131
fbc_tfnbs,"e=0.05,h=3.0,n=30,start_thres=1.25,min_cluster_size=3",hub,0.25,10,17,40,1730,2,2,38,1728,0.05,0.0011560693641618,0.5,0.5,0.164554549889131
fbc_tfnbs,"e=0.05,h=4.0,n=30,start_thres=1.25,min_cluster_size=3",hub,0.25,10,17,40,1730,2,2,38,1728,0.05,0.0011560693641618,0.5,0.5,0.164554549889131
fbc_tfnbs,"e=0.05,h=5.0,n=30,start_thres=1.25,min_cluster_size=3",hub,0.25,10,17,40,1730,2,2,38,1728,0.05,0.0011560693641618,0.5,0.5,0.164554549889131
fbc_tfnbs,"e=0.05,h=6.0,n=30,start_thres=1.25,min_cluster_size=3",hub,0.25,10,17,40,1730,2,2,38,1728,0.05,0.0011560693641618,0.5,0.5,0.164554549889131
fbc_tfnbs,"e=0.05,h=7.0,n=30,start_thres=1.25,min_cluster_size=3",hub,0.25,10,17,40,1730,2,2,38,1728,0.05,0.0011560693641618,0.5,0.5,0.164554549889131
fbc_tfnbs,"e=0.05,h=8.0,n=30,start_thres=1.25,min_cluster_size=3",hub,0.25,10,17,40,1730,2,2,38,1728,0.05,0.0011560693641618,0.5,0.5,0.164554549889131
fbc_tfnbs,"e=0.05,h=9.0,n=30,start_thres=1.25,min_cluster_size=3",hub,0.25,10,17,40,1730,2,2,38,1728,0.05,0.0011560693641618,0.5,0.5,0.164554549889131
fbc_tfnbs,"e=0.05,h=10.0,n=30,start_thres=1.25,min_cluster_size=3",hub,0.25,10,17,40,1730,2,2,38,1728,0.05,0.0011560693641618,0.5,0.5,0.164554549889131
fbc_tfnbs,"e=0.1,h=0.5,n=30,start_thres=1.25,min_cluster_size=3",hub,0.25,10,17,40,1730,2,2,38,1728,0.05,0.0011560693641618,0.5,0.5,0.164554549889131
fbc_tfnbs,"e=0.1,h=1.0,n=30,start_thres=1.25,min_cluster_size=3",hub,0.25,10,17,40,1730,2,2,38,1728,0.05,0.0011560693641618,0.5,0.5,0.164554549889131
fbc_tfnbs,"e=0.1,h=2.0,n=30,start_thres=1.25,min_cluster_size=3",hub,0.25,10,17,40,1730,2,2,38,1728,0.05,0.0011560693641618,0.5,0.5,0.164554549889131
fbc_tfnbs,"e=0.1,h=3.0,n=30,start_thres=1.25,min_cluster_size=3",hub,0.25,10,17,40,1730,2,2,38,1728,0.05,0.0011560693641618,0.5,0.5,0.164554549889131
fbc_tfnbs,"e=0.1,h=4.0,n=30,start_thres=1.25,min_cluster_size=3",hub,0.25,10,17,40,1730,2,2,38,1728,0.05,0.0011560693641618,0.5,0.5,0.164554549889131
fbc_tfnbs,"e=0.1,h=5.0,n=30,start_thres=1.25,min_cluster_size=3",hub,0.25,10,17,40,1730,2,2,38,1728,0.05,0.0011560693641618,0.5,0.5,0.164554549889131
fbc_tfnbs,"e=0.1,h=6.0,n=30,start_thres=1.25,min_cluster_size=3",hub,0.25,10,17,40,1730,2,2,38,1728,0.05,0.0011560693641618,0.5,0.5,0.164554549889131
fbc_tfnbs,"e=0.1,h=7.0,n=30,start_thres=1.25,min_cluster_size=3",hub,0.25,10,17,40,1730,2,2,38,1728,0.05,0.0011560693641618,0.5,0.5,0.164554549889131
fbc_tfnbs,"e=0.1,h=8.0,n=30,start_thres=1.25,min_cluster_size=3",hub,0.25,10,17,40,1730,2,2,38,1728,0.05,0.0011560693641618,0.5,0.5,0.164554549889131
fbc_tfnbs,"e=0.1,h=9.0,n=30,start_thres=1.25,min_cluster_size=3",hub,0.25,10,17,40,1730,2,2,38,1728,0.05,0.0011560693641618,0.5,0.5,0.164554549889131
fbc_tfnbs,"e=0.1,h=10.0,n=30,start_thres=1.25,min_cluster_size=3",hub,0.25,10,17,40,1730,2,2,38,1728,0.05,0.0011560693641618,0.5,0.5,0.164554549889131
fbc_tfnbs,"e=0.2,h=0.5,n=30,start_thres=1.25,min_cluster_size=3",hub,0.25,10,17,40,1730,4,3,36,1727,0.1,0.0017341040462427,0.5714285714285714,0.4285714285714285,0.164554549889131
fbc_tfnbs,"e=0.2,h=1.0,n=30,start_thres=1.25,min_cluster_size=3",hub,0.25,10,17,40,1730,4,3,36,1727,0.1,0.0017341040462427,0.5714285714285714,0.4285714285714285,0.164554549889131
fbc_tfnbs,"e=0.2,h=2.0,n=30,start_thres=1.25,min_cluster_size=3",hub,0.25,10,17,40,1730,2,2,38,1728,0.05,0.0011560693641618,0.5,0.5,0.164554549889131
fbc_tfnbs,"e=0.2,h=3.0,n=30,start_thres=1.25,min_cluster_size=3",hub,0.25,10,17,40,1730,2,2,38,1728,0.05,0.0011560693641618,0.5,0.5,0.164554549889131
fbc_tfnbs,"e=0.2,h=4.0,n=30,start_thres=1.25,min_cluster_size=3",hub,0.25,10,17,40,1730,2,2,38,1728,0.05,0.0011560693641618,0.5,0.5,0.164554549889131
fbc_tfnbs,"e=0.2,h=5.0,n=30,start_thres=1.25,min_cluster_size=3",hub,0.25,10,17,40,1730,2,2,38,1728,0.05,0.0011560693641618,0.5,0.5,0.164554549889131
fbc_tfnbs,"e=0.2,h=6.0,n=30,start_thres=1.25,min_cluster_size=3",hub,0.25,10,17,40,1730,2,2,38,1728,0.05,0.0011560693641618,0.5,0.5,0.164554549889131
fbc_tfnbs,"e=0.2,h=7.0,n=30,start_thres=1.25,min_cluster_size=3",hub,0.25,10,17,40,1730,2,2,38,1728,0.05,0.0011560693641618,0.5,0.5,0.164554549889131
fbc_tfnbs,"e=0.2,h=8.0,n=30,start_thres=1.25,min_cluster_size=3",hub,0.25,10,17,40,1730,2,2,38,1728,0.05,0.0011560693641618,0.5,0.5,0.164554549889131
fbc_tfnbs,"e=0.2,h=9.0,n=30,start_thres=1.25,min_cluster_size=3",hub,0.25,10,17,40,1730,2,2,38,1728,0.05,0.0011560693641618,0.5,0.5,0.164554549889131
fbc_tfnbs,"e=0.2,h=10.0,n=30,start_thres=1.25,min_cluster_size=3",hub,0.25,10,17,40,1730,2,2,38,1728,0.05,0.0011560693641618,0.5,0.5,0.164554549889131
fbc_tfnbs,"e=0.3,h=0.5,n=30,start_thres=1.25,min_cluster_size=3",hub,0.25,10,17,40,1730,4,3,36,1727,0.1,0.0017341040462427,0.5714285714285714,0.4285714285714285,0.164554549889131
fbc_tfnbs,"e=0.3,h=1.0,n=30,start_thres=1.25,min_cluster_size=3",hub,0.25,10,17,40,1730,4,3,36,1727,0.1,0.0017341040462427,0.5714285714285714,0.4285714285714285,0.164554549889131
fbc_tfnbs,"e=0.3,h=2.0,n=30,start_thres=1.25,min_cluster_size=3",hub,0.25,10,17,40,1730,2,2,38,1728,0.05,0.0011560693641618,0.5,0.5,0.164554549889131
fbc_tfnbs,"e=0.3,h=3.0,n=30,start_thres=1.25,min_cluster_size=3",hub,0.25,10,17,40,1730,2,2,38,1728,0.05,0.0011560693641618,0.5,0.5,0.164554549889131
fbc_tfnbs,"e=0.3,h=4.0,n=30,start_thres=1.25,min_cluster_size=3",hub,0.25,10,17,40,1730,2,2,38,1728,0.05,0.0011560693641618,0.5,0.5,0.164554549889131
fbc_tfnbs,"e=0.3,h=5.0,n=30,start_thres=1.25,min_cluster_size=3",hub,0.25,10,17,40,1730,2,2,38,1728,0.05,0.0011560693641618,0.5,0.5,0.164554549889131
fbc_tfnbs,"e=0.3,h=6.0,n=30,start_thres=1.25,min_cluster_size=3",hub,0.25,10,17,40,1730,2,2,38,1728,0.05,0.0011560693641618,0.5,0.5,0.164554549889131
fbc_tfnbs,"e=0.3,h=7.0,n=30,start_thres=1.25,min_cluster_size=3",hub,0.25,10,17,40,1730,2,2,38,1728,0.05,0.0011560693641618,0.5,0.5,0.164554549889131
fbc_tfnbs,"e=0.3,h=8.0,n=30,start_thres=1.25,min_cluster_size=3",hub,0.25,10,17,40,1730,2,2,38,1728,0.05,0.0011560693641618,0.5,0.5,0.164554549889131
fbc_tfnbs,"e=0.3,h=9.0,n=30,start_thres=1.25,min_cluster_size=3",hub,0.25,10,17,40,1730,2,2,38,1728,0.05,0.0011560693641618,0.5,0.5,0.164554549889131
fbc_tfnbs,"e=0.3,h=10.0,n=30,start_thres=1.25,min_cluster_size=3",hub,0.25,10,17,40,1730,2,2,38,1728,0.05,0.0011560693641618,0.5,0.5,0.164554549889131
fbc_tfnbs,"e=0.4,h=0.5,n=30,start_thres=1.25,min_cluster_size=3",hub,0.25,10,17,40,1730,4,3,36,1727,0.1,0.0017341040462427,0.5714285714285714,0.4285714285714285,0.164554549889131
fbc_tfnbs,"e=0.4,h=1.0,n=30,start_thres=1.25,min_cluster_size=3",hub,0.25,10,17,40,1730,4,3,36,1727,0.1,0.0017341040462427,0.5714285714285714,0.4285714285714285,0.164554549889131
fbc_tfnbs,"e=0.4,h=2.0,n=30,start_thres=1.25,min_cluster_size=3",hub,0.25,10,17,40,1730,4,3,36,1727,0.1,0.0017341040462427,0.5714285714285714,0.4285714285714285,0.164554549889131
fbc_tfnbs,"e=0.4,h=3.0,n=30,start_thres=1.25,min_cluster_size=3",hub,0.25,10,17,40,1730,2,2,38,1728,0.05,0.0011560693641618,0.5,0.5,0.164554549889131
fbc_tfnbs,"e=0.4,h=4.0,n=30,start_thres=1.25,min_cluster_size=3",hub,0.25,10,17,40,1730,2,2,38,1728,0.05,0.0011560693641618,0.5,0.5,0.164554549889131
fbc_tfnbs,"e=0.4,h=5.0,n=30,start_thres=1.25,min_cluster_size=3",hub,0.25,10,17,40,1730,2,2,38,1728,0.05,0.0011560693641618,0.5,0.5,0.164554549889131
fbc_tfnbs,"e=0.4,h=6.0,n=30,start_thres=1.25,min_cluster_size=3",hub,0.25,10,17,40,1730,2,2,38,1728,0.05,0.0011560693641618,0.5,0.5,0.164554549889131
fbc_tfnbs,"e=0.4,h=7.0,n=30,start_thres=1.25,min_cluster_size=3",hub,0.25,10,17,40,1730,2,2,38,1728,0.05,0.0011560693641618,0.5,0.5,0.164554549889131
fbc_tfnbs,"e=0.4,h=8.0,n=30,start_thres=1.25,min_cluster_size=3",hub,0.25,10,17,40,1730,2,2,38,1728,0.05,0.0011560693641618,0.5,0.5,0.164554549889131
fbc_tfnbs,"e=0.4,h=9.0,n=30,start_thres=1.25,min_cluster_size=3",hub,0.25,10,17,40,1730,2,2,38,1728,0.05,0.0011560693641618,0.5,0.5,0.164554549889131
fbc_tfnbs,"e=0.4,h=10.0,n=30,start_thres=1.25,min_cluster_size=3",hub,0.25,10,17,40,1730,2,2,38,1728,0.05,0.0011560693641618,0.5,0.5,0.164554549889131
fbc_tfnbs,"e=0.5,h=0.5,n=30,start_thres=1.25,min_cluster_size=3",hub,0.25,10,17,40,1730,4,3,36,1727,0.1,0.0017341040462427,0.5714285714285714,0.4285714285714285,0.164554549889131
fbc_tfnbs,"e=0.5,h=1.0,n=30,start_thres=1.25,min_cluster_size=3",hub,0.25,10,17,40,1730,4,3,36,1727,0.1,0.0017341040462427,0.5714285714285714,0.4285714285714285,0.164554549889131
fbc_tfnbs,"e=0.5,h=2.0,n=30,start_thres=1.25,min_cluster_size=3",hub,0.25,10,17,40,1730,4,3,36,1727,0.1,0.0017341040462427,0.5714285714285714,0.4285714285714285,0.164554549889131
fbc_tfnbs,"e=0.5,h=3.0,n=30,start_thres=1.25,min_cluster_size=3",hub,0.25,10,17,40,1730,4,3,36,1727,0.1,0.0017341040462427,0.5714285714285714,0.4285714285714285,0.164554549889131
fbc_tfnbs,"e=0.5,h=4.0,n=30,start_thres=1.25,min_cluster_size=3",hub,0.25,10,17,40,1730,2,2,38,1728,0.05,0.0011560693641618,0.5,0.5,0.164554549889131
fbc_tfnbs,"e=0.5,h=5.0,n=30,start_thres=1.25,min_cluster_size=3",hub,0.25,10,17,40,1730,2,2,38,1728,0.05,0.0011560693641618,0.5,0.5,0.164554549889131
fbc_tfnbs,"e=0.5,h=6.0,n=30,start_thres=1.25,min_cluster_size=3",hub,0.25,10,17,40,1730,2,2,38,1728,0.05,0.0011560693641618,0.5,0.5,0.164554549889131
fbc_tfnbs,"e=0.5,h=7.0,n=30,start_thres=1.25,min_cluster_size=3",hub,0.25,10,17,40,1730,2,2,38,1728,0.05,0.0011560693641618,0.5,0.5,0.164554549889131
fbc_tfnbs,"e=0.5,h=8.0,n=30,start_thres=1.25,min_cluster_size=3",hub,0.25,10,17,40,1730,2,2,38,1728,0.05,0.0011560693641618,0.5,0.5,0.164554549889131
fbc_tfnbs,"e=0.5,h=9.0,n=30,start_thres=1.25,min_cluster_size=3",hub,0.25,10,17,40,1730,2,2,38,1728,0.05,0.0011560693641618,0.5,0.5,0.164554549889131
fbc_tfnbs,"e=0.5,h=10.0,n=30,start_thres=1.25,min_cluster_size=3",hub,0.25,10,17,40,1730,2,2,38,1728,0.05,0.0011560693641618,0.5,0.5,0.164554549889131
fbc_tfnbs,"e=0.6,h=0.5,n=30,start_thres=1.25,min_cluster_size=3",hub,0.25,10,17,40,1730,4,3,36,1727,0.1,0.0017341040462427,0.5714285714285714,0.4285714285714285,0.164554549889131
fbc_tfnbs,"e=0.6,h=1.0,n=30,start_thres=1.25,min_cluster_size=3",hub,0.25,10,17,40,1730,4,3,36,1727,0.1,0.0017341040462427,0.5714285714285714,0.4285714285714285,0.164554549889131
fbc_tfnbs,"e=0.6,h=2.0,n=30,start_thres=1.25,min_cluster_size=3",hub,0.25,10,17,40,1730,4,3,36,1727,0.1,0.0017341040462427,0.5714285714285714,0.4285714285714285,0.164554549889131
fbc_tfnbs,"e=0.6,h=3.0,n=30,start_thres=1.25,min_cluster_size=3",hub,0.25,10,17,40,1730,4,3,36,1727,0.1,0.0017341040462427,0.5714285714285714,0.4285714285714285,0.164554549889131
fbc_tfnbs,"e=0.6,h=4.0,n=30,start_thres=1.25,min_cluster_size=3",hub,0.25,10,17,40,1730,2,2,38,1728,0.05,0.0011560693641618,0.5,0.5,0.164554549889131
fbc_tfnbs,"e=0.6,h=5.0,n=30,start_thres=1.25,min_cluster_size=3",hub,0.25,10,17,40,1730,2,2,38,1728,0.05,0.0011560693641618,0.5,0.5,0.164554549889131
fbc_tfnbs,"e=0.6,h=6.0,n=30,start_thres=1.25,min_cluster_size=3",hub,0.25,10,17,40,1730,2,2,38,1728,0.05,0.0011560693641618,0.5,0.5,0.164554549889131
fbc_tfnbs,"e=0.6,h=7.0,n=30,start_thres=1.25,min_cluster_size=3",hub,0.25,10,17,40,1730,2,2,38,1728,0.05,0.0011560693641618,0.5,0.5,0.164554549889131
fbc_tfnbs,"e=0.6,h=8.0,n=30,start_thres=1.25,min_cluster_size=3",hub,0.25,10,17,40,1730,2,2,38,1728,0.05,0.0011560693641618,0.5,0.5,0.164554549889131
fbc_tfnbs,"e=0.6,h=9.0,n=30,start_thres=1.25,min_cluster_size=3",hub,0.25,10,17,40,1730,2,2,38,1728,0.05,0.0011560693641618,0.5,0.5,0.164554549889131
fbc_tfnbs,"e=0.6,h=10.0,n=30,start_thres=1.25,min_cluster_size=3",hub,0.25,10,17,40,1730,2,2,38,1728,0.05,0.0011560693641618,0.5,0.5,0.164554549889131
fbc_tfnbs,"e=0.7,h=0.5,n=30,start_thres=1.25,min_cluster_size=3",hub,0.25,10,17,40,1730,3,3,37,1727,0.075,0.0017341040462427,0.5,0.5,0.164554549889131
fbc_tfnbs,"e=0.7,h=1.0,n=30,start_thres=1.25,min_cluster_size=3",hub,0.25,10,17,40,1730,4,3,36,1727,0.1,0.0017341040462427,0.5714285714285714,0.4285714285714285,0.164554549889131
fbc_tfnbs,"e=0.7,h=2.0,n=30,start_thres=1.25,min_cluster_size=3",hub,0.25,10,17,40,1730,4,3,36,1727,0.1,0.0017341040462427,0.5714285714285714,0.4285714285714285,0.164554549889131
fbc_tfnbs,"e=0.7,h=3.0,n=30,start_thres=1.25,min_cluster_size=3",hub,0.25,10,17,40,1730,4,3,36,1727,0.1,0.0017341040462427,0.5714285714285714,0.4285714285714285,0.164554549889131
fbc_tfnbs,"e=0.7,h=4.0,n=30,start_thres=1.25,min_cluster_size=3",hub,0.25,10,17,40,1730,4,3,36,1727,0.1,0.0017341040462427,0.5714285714285714,0.4285714285714285,0.164554549889131
fbc_tfnbs,"e=0.7,h=5.0,n=30,start_thres=1.25,min_cluster_size=3",hub,0.25,10,17,40,1730,2,2,38,1728,0.05,0.0011560693641618,0.5,0.5,0.164554549889131
fbc_tfnbs,"e=0.7,h=6.0,n=30,start_thres=1.25,min_cluster_size=3",hub,0.25,10,17,40,1730,2,2,38,1728,0.05,0.0011560693641618,0.5,0.5,0.164554549889131
fbc_tfnbs,"e=0.7,h=7.0,n=30,start_thres=1.25,min_cluster_size=3",hub,0.25,10,17,40,1730,2,2,38,1728,0.05,0.0011560693641618,0.5,0.5,0.164554549889131
fbc_tfnbs,"e=0.7,h=8.0,n=30,start_thres=1.25,min_cluster_size=3",hub,0.25,10,17,40,1730,2,2,38,1728,0.05,0.0011560693641618,0.5,0.5,0.164554549889131
fbc_tfnbs,"e=0.7,h=9.0,n=30,start_thres=1.25,min_cluster_size=3",hub,0.25,10,17,40,1730,2,2,38,1728,0.05,0.0011560693641618,0.5,0.5,0.164554549889131
fbc_tfnbs,"e=0.7,h=10.0,n=30,start_thres=1.25,min_cluster_size=3",hub,0.25,10,17,40,1730,2,2,38,1728,0.05,0.0011560693641618,0.5,0.5,0.164554549889131
fbc_tfnbs,"e=0.8,h=0.5,n=30,start_thres=1.25,min_cluster_size=3",hub,0.25,10,17,40,1730,2,1,38,1729,0.05,0.0005780346820809,0.6666666666666666,0.3333333333333333,0.164554549889131
fbc_tfnbs,"e=0.8,h=1.0,n=30,start_thres=1.25,min_cluster_size=3",hub,0.25,10,17,40,1730,3,3,37,1727,0.075,0.0017341040462427,0.5,0.5,0.164554549889131
fbc_tfnbs,"e=0.8,h=2.0,n=30,start_thres=1.25,min_cluster_size=3",hub,0.25,10,17,40,1730,4,3,36,1727,0.1,0.0017341040462427,0.5714285714285714,0.4285714285714285,0.164554549889131
fbc_tfnbs,"e=0.8,h=3.0,n=30,start_thres=1.25,min_cluster_size=3",hub,0.25,10,17,40,1730,4,3,36,1727,0.1,0.0017341040462427,0.5714285714285714,0.4285714285714285,0.164554549889131
fbc_tfnbs,"e=0.8,h=4.0,n=30,start_thres=1.25,min_cluster_size=3",hub,0.25,10,17,40,1730,4,3,36,1727,0.1,0.0017341040462427,0.5714285714285714,0.4285714285714285,0.164554549889131
fbc_tfnbs,"e=0.8,h=5.0,n=30,start_thres=1.25,min_cluster_size=3",hub,0.25,10,17,40,1730,2,2,38,1728,0.05,0.0011560693641618,0.5,0.5,0.164554549889131
fbc_tfnbs,"e=0.8,h=6.0,n=30,start_thres=1.25,min_cluster_size=3",hub,0.25,10,17,40,1730,2,2,38,1728,0.05,0.0011560693641618,0.5,0.5,0.164554549889131
fbc_tfnbs,"e=0.8,h=7.0,n=30,start_thres=1.25,min_cluster_size=3",hub,0.25,10,17,40,1730,2,2,38,1728,0.05,0.0011560693641618,0.5,0.5,0.164554549889131
fbc_tfnbs,"e=0.8,h=8.0,n=30,start_thres=1.25,min_cluster_size=3",hub,0.25,10,17,40,1730,2,2,38,1728,0.05,0.0011560693641618,0.5,0.5,0.164554549889131
fbc_tfnbs,"e=0.8,h=9.0,n=30,start_thres=1.25,min_cluster_size=3",hub,0.25,10,17,40,1730,2,2,38,1728,0.05,0.0011560693641618,0.5,0.5,0.164554549889131
fbc_tfnbs,"e=0.8,h=10.0,n=30,start_thres=1.25,min_cluster_size=3",hub,0.25,10,17,40,1730,2,2,38,1728,0.05,0.0011560693641618,0.5,0.5,0.164554549889131
fbc_tfnbs,"e=0.9,h=0.5,n=30,start_thres=1.25,min_cluster_size=3",hub,0.25,10,17,40,1730,2,2,38,1728,0.05,0.0011560693641618,0.5,0.5,0.164554549889131
fbc_tfnbs,"e=0.9,h=1.0,n=30,start_thres=1.25,min_cluster_size=3",hub,0.25,10,17,40,1730,2,1,38,1729,0.05,0.0005780346820809,0.6666666666666666,0.3333333333333333,0.164554549889131
fbc_tfnbs,"e=0.9,h=2.0,n=30,start_thres=1.25,min_cluster_size=3",hub,0.25,10,17,40,1730,3,3,37,1727,0.075,0.0017341040462427,0.5,0.5,0.164554549889131
fbc_tfnbs,"e=0.9,h=3.0,n=30,start_thres=1.25,min_cluster_size=3",hub,0.25,10,17,40,1730,4,3,36,1727,0.1,0.0017341040462427,0.5714285714285714,0.4285714285714285,0.164554549889131
fbc_tfnbs,"e=0.9,h=4.0,n=30,start_thres=1.25,min_cluster_size=3",hub,0.25,10,17,40,1730,4,3,36,1727,0.1,0.0017341040462427,0.5714285714285714,0.4285714285714285,0.164554549889131
fbc_tfnbs,"e=0.9,h=5.0,n=30,start_thres=1.25,min_cluster_size=3",hub,0.25,10,17,40,1730,4,3,36,1727,0.1,0.0017341040462427,0.5714285714285714,0.4285714285714285,0.164554549889131
fbc_tfnbs,"e=0.9,h=6.0,n=30,start_thres=1.25,min_cluster_size=3",hub,0.25,10,17,40,1730,2,2,38,1728,0.05,0.0011560693641618,0.5,0.5,0.164554549889131
fbc_tfnbs,"e=0.9,h=7.0,n=30,start_thres=1.25,min_cluster_size=3",hub,0.25,10,17,40,1730,2,2,38,1728,0.05,0.0011560693641618,0.5,0.5,0.164554549889131
fbc_tfnbs,"e=0.9,h=8.0,n=30,start_thres=1.25,min_cluster_size=3",hub,0.25,10,17,40,1730,2,2,38,1728,0.05,0.0011560693641618,0.5,0.5,0.164554549889131
fbc_tfnbs,"e=0.9,h=9.0,n=30,start_thres=1.25,min_cluster_size=3",hub,0.25,10,17,40,1730,2,2,38,1728,0.05,0.0011560693641618,0.5,0.5,0.164554549889131
fbc_tfnbs,"e=0.9,h=10.0,n=30,start_thres=1.25,min_cluster_size=3",hub,0.25,10,17,40,1730,2,2,38,1728,0.05,0.0011560693641618,0.5,0.5,0.164554549889131
fbc_tfnbs,"e=1.0,h=0.5,n=30,start_thres=1.25,min_cluster_size=3",hub,0.25,10,17,40,1730,3,2,37,1728,0.075,0.0011560693641618,0.6,0.4,0.164554549889131
fbc_tfnbs,"e=1.0,h=1.0,n=30,start_thres=1.25,min_cluster_size=3",hub,0.25,10,17,40,1730,2,2,38,1728,0.05,0.0011560693641618,0.5,0.5,0.164554549889131
fbc_tfnbs,"e=1.0,h=2.0,n=30,start_thres=1.25,min_cluster_size=3",hub,0.25,10,17,40,1730,3,3,37,1727,0.075,0.0017341040462427,0.5,0.5,0.164554549889131
fbc_tfnbs,"e=1.0,h=3.0,n=30,start_thres=1.25,min_cluster_size=3",hub,0.25,10,17,40,1730,4,3,36,1727,0.1,0.0017341040462427,0.5714285714285714,0.4285714285714285,0.164554549889131
fbc_tfnbs,"e=1.0,h=4.0,n=30,start_thres=1.25,min_cluster_size=3",hub,0.25,10,17,40,1730,4,3,36,1727,0.1,0.0017341040462427,0.5714285714285714,0.4285714285714285,0.164554549889131
fbc_tfnbs,"e=1.0,h=5.0,n=30,start_thres=1.25,min_cluster_size=3",hub,0.25,10,17,40,1730,4,3,36,1727,0.1,0.0017341040462427,0.5714285714285714,0.4285714285714285,0.164554549889131
fbc_tfnbs,"e=1.0,h=6.0,n=30,start_thres=1.25,min_cluster_size=3",hub,0.25,10,17,40,1730,2,2,38,1728,0.05,0.0011560693641618,0.5,0.5,0.164554549889131
fbc_tfnbs,"e=1.0,h=7.0,n=30,start_thres=1.25,min_cluster_size=3",hub,0.25,10,17,40,1730,2,2,38,1728,0.05,0.0011560693641618,0.5,0.5,0.164554549889131
fbc_tfnbs,"e=1.0,h=8.0,n=30,start_thres=1.25,min_cluster_size=3",hub,0.25,10,17,40,1730,2,2,38,1728,0.05,0.0011560693641618,0.5,0.5,0.164554549889131
fbc_tfnbs,"e=1.0,h=9.0,n=30,start_thres=1.25,min_cluster_size=3",hub,0.25,10,17,40,1730,2,2,38,1728,0.05,0.0011560693641618,0.5,0.5,0.164554549889131
fbc_tfnbs,"e=1.0,h=10.0,n=30,start_thres=1.25,min_cluster_size=3",hub,0.25,10,17,40,1730,2,2,38,1728,0.05,0.0011560693641618,0.5,0.5,0.164554549889131
fbc_tfnbs,"e=1.1,h=0.5,n=30,start_thres=1.25,min_cluster_size=3",hub,0.25,10,17,40,1730,3,2,37,1728,0.075,0.0011560693641618,0.6,0.4,0.164554549889131
fbc_tfnbs,"e=1.1,h=1.0,n=30,start_thres=1.25,min_cluster_size=3",hub,0.25,10,17,40,1730,3,2,37,1728,0.075,0.0011560693641618,0.6,0.4,0.164554549889131
fbc_tfnbs,"e=1.1,h=2.0,n=30,start_thres=1.25,min_cluster_size=3",hub,0.25,10,17,40,1730,2,1,38,1729,0.05,0.0005780346820809,0.6666666666666666,0.3333333333333333,0.164554549889131
fbc_tfnbs,"e=1.1,h=3.0,n=30,start_thres=1.25,min_cluster_size=3",hub,0.25,10,17,40,1730,3,3,37,1727,0.075,0.0017341040462427,0.5,0.5,0.164554549889131
fbc_tfnbs,"e=1.1,h=4.0,n=30,start_thres=1.25,min_cluster_size=3",hub,0.25,10,17,40,1730,4,3,36,1727,0.1,0.0017341040462427,0.5714285714285714,0.4285714285714285,0.164554549889131
fbc_tfnbs,"e=1.1,h=5.0,n=30,start_thres=1.25,min_cluster_size=3",hub,0.25,10,17,40,1730,4,3,36,1727,0.1,0.0017341040462427,0.5714285714285714,0.4285714285714285,0.164554549889131
fbc_tfnbs,"e=1.1,h=6.0,n=30,start_thres=1.25,min_cluster_size=3",hub,0.25,10,17,40,1730,4,3,36,1727,0.1,0.0017341040462427,0.5714285714285714,0.4285714285714285,0.164554549889131
fbc_tfnbs,"e=1.1,h=7.0,n=30,start_thres=1.25,min_cluster_size=3",hub,0.25,10,17,40,1730,2,2,38,1728,0.05,0.0011560693641618,0.5,0.5,0.164554549889131
fbc_tfnbs,"e=1.1,h=8.0,n=30,start_thres=1.25,min_cluster_size=3",hub,0.25,10,17,40,1730,2,2,38,1728,0.05,0.0011560693641618,0.5,0.5,0.164554549889131
fbc_tfnbs,"e=1.1,h=9.0,n=30,start_thres=1.25,min_cluster_size=3",hub,0.25,10,17,40,1730,2,2,38,1728,0.05,0.0011560693641618,0.5,0.5,0.164554549889131
fbc_tfnbs,"e=1.1,h=10.0,n=30,start_thres=1.25,min_cluster_size=3",hub,0.25,10,17,40,1730,2,2,38,1728,0.05,0.0011560693641618,0.5,0.5,0.164554549889131
fbc_tfnbs,"e=1.2,h=0.5,n=30,start_thres=1.25,min_cluster_size=3",hub,0.25,10,17,40,1730,4,5,36,1725,0.1,0.0028901734104046,0.4444444444444444,0.5555555555555556,0.164554549889131
fbc_tfnbs,"e=1.2,h=1.0,n=30,start_thres=1.25,min_cluster_size=3",hub,0.25,10,17,40,1730,3,2,37,1728,0.075,0.0011560693641618,0.6,0.4,0.164554549889131
fbc_tfnbs,"e=1.2,h=2.0,n=30,start_thres=1.25,min_cluster_size=3",hub,0.25,10,17,40,1730,3,2,37,1728,0.075,0.0011560693641618,0.6,0.4,0.164554549889131
fbc_tfnbs,"e=1.2,h=3.0,n=30,start_thres=1.25,min_cluster_size=3",hub,0.25,10,17,40,1730,3,3,37,1727,0.075,0.0017341040462427,0.5,0.5,0.164554549889131
fbc_tfnbs,"e=1.2,h=4.0,n=30,start_thres=1.25,min_cluster_size=3",hub,0.25,10,17,40,1730,4,3,36,1727,0.1,0.0017341040462427,0.5714285714285714,0.4285714285714285,0.164554549889131
fbc_tfnbs,"e=1.2,h=5.0,n=30,start_thres=1.25,min_cluster_size=3",hub,0.25,10,17,40,1730,4,3,36,1727,0.1,0.0017341040462427,0.5714285714285714,0.4285714285714285,0.164554549889131
fbc_tfnbs,"e=1.2,h=6.0,n=30,start_thres=1.25,min_cluster_size=3",hub,0.25,10,17,40,1730,4,3,36,1727,0.1,0.0017341040462427,0.5714285714285714,0.4285714285714285,0.164554549889131
fbc_tfnbs,"e=1.2,h=7.0,n=30,start_thres=1.25,min_cluster_size=3",hub,0.25,10,17,40,1730,2,2,38,1728,0.05,0.0011560693641618,0.5,0.5,0.164554549889131
fbc_tfnbs,"e=1.2,h=8.0,n=30,start_thres=1.25,min_cluster_size=3",hub,0.25,10,17,40,1730,2,2,38,1728,0.05,0.0011560693641618,0.5,0.5,0.164554549889131
fbc_tfnbs,"e=1.2,h=9.0,n=30,start_thres=1.25,min_cluster_size=3",hub,0.25,10,17,40,1730,2,2,38,1728,0.05,0.0011560693641618,0.5,0.5,0.164554549889131
fbc_tfnbs,"e=1.2,h=10.0,n=30,start_thres=1.25,min_cluster_size=3",hub,0.25,10,17,40,1730,2,2,38,1728,0.05,0.0011560693641618,0.5,0.5,0.164554549889131
fbc_tfnbs,"e=1.3,h=0.5,n=30,start_thres=1.25,min_cluster_size=3",hub,0.25,10,17,40,1730,5,6,35,1724,0.125,0.0034682080924855,0.4545454545454545,0.5454545454545454,0.164554549889131
fbc_tfnbs,"e=1.3,h=1.0,n=30,start_thres=1.25,min_cluster_size=3",hub,0.25,10,17,40,1730,4,5,36,1725,0.1,0.0028901734104046,0.4444444444444444,0.5555555555555556,0.164554549889131
fbc_tfnbs,"e=1.3,h=2.0,n=30,start_thres=1.25,min_cluster_size=3",hub,0.25,10,17,40,1730,3,2,37,1728,0.075,0.0011560693641618,0.6,0.4,0.164554549889131
fbc_tfnbs,"e=1.3,h=3.0,n=30,start_thres=1.25,min_cluster_size=3",hub,0.25,10,17,40,1730,3,3,37,1727,0.075,0.0017341040462427,0.5,0.5,0.164554549889131
fbc_tfnbs,"e=1.3,h=4.0,n=30,start_thres=1.25,min_cluster_size=3",hub,0.25,10,17,40,1730,4,3,36,1727,0.1,0.0017341040462427,0.5714285714285714,0.4285714285714285,0.164554549889131
fbc_tfnbs,"e=1.3,h=5.0,n=30,start_thres=1.25,min_cluster_size=3",hub,0.25,10,17,40,1730,4,3,36,1727,0.1,0.0017341040462427,0.5714285714285714,0.4285714285714285,0.164554549889131
fbc_tfnbs,"e=1.3,h=6.0,n=30,start_thres=1.25,min_cluster_size=3",hub,0.25,10,17,40,1730,4,3,36,1727,0.1,0.0017341040462427,0.5714285714285714,0.4285714285714285,0.164554549889131
fbc_tfnbs,"e=1.3,h=7.0,n=30,start_thres=1.25,min_cluster_size=3",hub,0.25,10,17,40,1730,2,2,38,1728,0.05,0.0011560693641618,0.5,0.5,0.164554549889131
fbc_tfnbs,"e=1.3,h=8.0,n=30,start_thres=1.25,min_cluster_size=3",hub,0.25,10,17,40,1730,2,2,38,1728,0.05,0.0011560693641618,0.5,0.5,0.164554549889131
fbc_tfnbs,"e=1.3,h=9.0,n=30,start_thres=1.25,min_cluster_size=3",hub,0.25,10,17,40,1730,2,2,38,1728,0.05,0.0011560693641618,0.5,0.5,0.164554549889131
fbc_tfnbs,"e=1.3,h=10.0,n=30,start_thres=1.25,min_cluster_size=3",hub,0.25,10,17,40,1730,2,2,38,1728,0.05,0.0011560693641618,0.5,0.5,0.164554549889131
fbc_tfnbs,"e=1.4,h=0.5,n=30,start_thres=1.25,min_cluster_size=3",hub,0.25,10,17,40,1730,5,6,35,1724,0.125,0.0034682080924855,0.4545454545454545,0.5454545454545454,0.164554549889131
fbc_tfnbs,"e=1.4,h=1.0,n=30,start_thres=1.25,min_cluster_size=3",hub,0.25,10,17,40,1730,5,6,35,1724,0.125,0.0034682080924855,0.4545454545454545,0.5454545454545454,0.164554549889131
fbc_tfnbs,"e=1.4,h=2.0,n=30,start_thres=1.25,min_cluster_size=3",hub,0.25,10,17,40,1730,4,5,36,1725,0.1,0.0028901734104046,0.4444444444444444,0.5555555555555556,0.164554549889131
fbc_tfnbs,"e=1.4,h=3.0,n=30,start_thres=1.25,min_cluster_size=3",hub,0.25,10,17,40,1730,3,2,37,1728,0.075,0.0011560693641618,0.6,0.4,0.164554549889131
fbc_tfnbs,"e=1.4,h=4.0,n=30,start_thres=1.25,min_cluster_size=3",hub,0.25,10,17,40,1730,3,3,37,1727,0.075,0.0017341040462427,0.5,0.5,0.164554549889131
fbc_tfnbs,"e=1.4,h=5.0,n=30,start_thres=1.25,min_cluster_size=3",hub,0.25,10,17,40,1730,4,3,36,1727,0.1,0.0017341040462427,0.5714285714285714,0.4285714285714285,0.164554549889131
fbc_tfnbs,"e=1.4,h=6.0,n=30,start_thres=1.25,min_cluster_size=3",hub,0.25,10,17,40,1730,4,3,36,1727,0.1,0.0017341040462427,0.5714285714285714,0.4285714285714285,0.164554549889131
fbc_tfnbs,"e=1.4,h=7.0,n=30,start_thres=1.25,min_cluster_size=3",hub,0.25,10,17,40,1730,2,2,38,1728,0.05,0.0011560693641618,0.5,0.5,0.164554549889131
fbc_tfnbs,"e=1.4,h=8.0,n=30,start_thres=1.25,min_cluster_size=3",hub,0.25,10,17,40,1730,2,2,38,1728,0.05,0.0011560693641618,0.5,0.5,0.164554549889131
fbc_tfnbs,"e=1.4,h=9.0,n=30,start_thres=1.25,min_cluster_size=3",hub,0.25,10,17,40,1730,2,2,38,1728,0.05,0.0011560693641618,0.5,0.5,0.164554549889131
fbc_tfnbs,"e=1.4,h=10.0,n=30,start_thres=1.25,min_cluster_size=3",hub,0.25,10,17,40,1730,2,2,38,1728,0.05,0.0011560693641618,0.5,0.5,0.164554549889131
fbc_tfnbs,"e=1.5,h=0.5,n=30,start_thres=1.25,min_cluster_size=3",hub,0.25,10,17,40,1730,6,9,34,1721,0.15,0.0052023121387283,0.4,0.6,0.164554549889131
fbc_tfnbs,"e=1.5,h=1.0,n=30,start_thres=1.25,min_cluster_size=3",hub,0.25,10,17,40,1730,5,6,35,1724,0.125,0.0034682080924855,0.4545454545454545,0.5454545454545454,0.164554549889131
fbc_tfnbs,"e=1.5,h=2.0,n=30,start_thres=1.25,min_cluster_size=3",hub,0.25,10,17,40,1730,4,5,36,1725,0.1,0.0028901734104046,0.4444444444444444,0.5555555555555556,0.164554549889131
fbc_tfnbs,"e=1.5,h=3.0,n=30,start_thres=1.25,min_cluster_size=3",hub,0.25,10,17,40,1730,3,2,37,1728,0.075,0.0011560693641618,0.6,0.4,0.164554549889131
fbc_tfnbs,"e=1.5,h=4.0,n=30,start_thres=1.25,min_cluster_size=3",hub,0.25,10,17,40,1730,3,3,37,1727,0.075,0.0017341040462427,0.5,0.5,0.164554549889131
fbc_tfnbs,"e=1.5,h=5.0,n=30,start_thres=1.25,min_cluster_size=3",hub,0.25,10,17,40,1730,4,3,36,1727,0.1,0.0017341040462427,0.5714285714285714,0.4285714285714285,0.164554549889131
fbc_tfnbs,"e=1.5,h=6.0,n=30,start_thres=1.25,min_cluster_size=3",hub,0.25,10,17,40,1730,4,3,36,1727,0.1,0.0017341040462427,0.5714285714285714,0.4285714285714285,0.164554549889131
fbc_tfnbs,"e=1.5,h=7.0,n=30,start_thres=1.25,min_cluster_size=3",hub,0.25,10,17,40,1730,2,2,38,1728,0.05,0.0011560693641618,0.5,0.5,0.164554549889131
fbc_tfnbs,"e=1.5,h=8.0,n=30,start_thres=1.25,min_cluster_size=3",hub,0.25,10,17,40,1730,2,2,38,1728,0.05,0.0011560693641618,0.5,0.5,0.164554549889131
fbc_tfnbs,"e=1.5,h=9.0,n=30,start_thres=1.25,min_cluster_size=3",hub,0.25,10,17,40,1730,2,2,38,1728,0.05,0.0011560693641618,0.5,0.5,0.164554549889131
fbc_tfnbs,"e=1.5,h=10.0,n=30,start_thres=1.25,min_cluster_size=3",hub,0.25,10,17,40,1730,2,2,38,1728,0.05,0.0011560693641618,0.5,0.5,0.164554549889131
fbc_tfnbs,"e=0.05,h=0.5,n=30,start_thres=1.25,min_cluster_size=3",hub,0.25,10,18,40,1730,0,0,40,1730,0.0,0.0,0.0,0.0,0.1661752394654534
fbc_tfnbs,"e=0.05,h=1.0,n=30,start_thres=1.25,min_cluster_size=3",hub,0.25,10,18,40,1730,0,0,40,1730,0.0,0.0,0.0,0.0,0.1661752394654534
fbc_tfnbs,"e=0.05,h=2.0,n=30,start_thres=1.25,min_cluster_size=3",hub,0.25,10,18,40,1730,0,0,40,1730,0.0,0.0,0.0,0.0,0.1661752394654534
fbc_tfnbs,"e=0.05,h=3.0,n=30,start_thres=1.25,min_cluster_size=3",hub,0.25,10,18,40,1730,0,0,40,1730,0.0,0.0,0.0,0.0,0.1661752394654534
fbc_tfnbs,"e=0.05,h=4.0,n=30,start_thres=1.25,min_cluster_size=3",hub,0.25,10,18,40,1730,0,0,40,1730,0.0,0.0,0.0,0.0,0.1661752394654534
fbc_tfnbs,"e=0.05,h=5.0,n=30,start_thres=1.25,min_cluster_size=3",hub,0.25,10,18,40,1730,0,0,40,1730,0.0,0.0,0.0,0.0,0.1661752394654534
fbc_tfnbs,"e=0.05,h=6.0,n=30,start_thres=1.25,min_cluster_size=3",hub,0.25,10,18,40,1730,0,0,40,1730,0.0,0.0,0.0,0.0,0.1661752394654534
fbc_tfnbs,"e=0.05,h=7.0,n=30,start_thres=1.25,min_cluster_size=3",hub,0.25,10,18,40,1730,0,0,40,1730,0.0,0.0,0.0,0.0,0.1661752394654534
fbc_tfnbs,"e=0.05,h=8.0,n=30,start_thres=1.25,min_cluster_size=3",hub,0.25,10,18,40,1730,0,0,40,1730,0.0,0.0,0.0,0.0,0.1661752394654534
fbc_tfnbs,"e=0.05,h=9.0,n=30,start_thres=1.25,min_cluster_size=3",hub,0.25,10,18,40,1730,0,0,40,1730,0.0,0.0,0.0,0.0,0.1661752394654534
fbc_tfnbs,"e=0.05,h=10.0,n=30,start_thres=1.25,min_cluster_size=3",hub,0.25,10,18,40,1730,0,0,40,1730,0.0,0.0,0.0,0.0,0.1661752394654534
fbc_tfnbs,"e=0.1,h=0.5,n=30,start_thres=1.25,min_cluster_size=3",hub,0.25,10,18,40,1730,0,0,40,1730,0.0,0.0,0.0,0.0,0.1661752394654534
fbc_tfnbs,"e=0.1,h=1.0,n=30,start_thres=1.25,min_cluster_size=3",hub,0.25,10,18,40,1730,0,0,40,1730,0.0,0.0,0.0,0.0,0.1661752394654534
fbc_tfnbs,"e=0.1,h=2.0,n=30,start_thres=1.25,min_cluster_size=3",hub,0.25,10,18,40,1730,0,0,40,1730,0.0,0.0,0.0,0.0,0.1661752394654534
fbc_tfnbs,"e=0.1,h=3.0,n=30,start_thres=1.25,min_cluster_size=3",hub,0.25,10,18,40,1730,0,0,40,1730,0.0,0.0,0.0,0.0,0.1661752394654534
fbc_tfnbs,"e=0.1,h=4.0,n=30,start_thres=1.25,min_cluster_size=3",hub,0.25,10,18,40,1730,0,0,40,1730,0.0,0.0,0.0,0.0,0.1661752394654534
fbc_tfnbs,"e=0.1,h=5.0,n=30,start_thres=1.25,min_cluster_size=3",hub,0.25,10,18,40,1730,0,0,40,1730,0.0,0.0,0.0,0.0,0.1661752394654534
fbc_tfnbs,"e=0.1,h=6.0,n=30,start_thres=1.25,min_cluster_size=3",hub,0.25,10,18,40,1730,0,0,40,1730,0.0,0.0,0.0,0.0,0.1661752394654534
fbc_tfnbs,"e=0.1,h=7.0,n=30,start_thres=1.25,min_cluster_size=3",hub,0.25,10,18,40,1730,0,0,40,1730,0.0,0.0,0.0,0.0,0.1661752394654534
fbc_tfnbs,"e=0.1,h=8.0,n=30,start_thres=1.25,min_cluster_size=3",hub,0.25,10,18,40,1730,0,0,40,1730,0.0,0.0,0.0,0.0,0.1661752394654534
fbc_tfnbs,"e=0.1,h=9.0,n=30,start_thres=1.25,min_cluster_size=3",hub,0.25,10,18,40,1730,0,0,40,1730,0.0,0.0,0.0,0.0,0.1661752394654534
fbc_tfnbs,"e=0.1,h=10.0,n=30,start_thres=1.25,min_cluster_size=3",hub,0.25,10,18,40,1730,0,0,40,1730,0.0,0.0,0.0,0.0,0.1661752394654534
fbc_tfnbs,"e=0.2,h=0.5,n=30,start_thres=1.25,min_cluster_size=3",hub,0.25,10,18,40,1730,0,0,40,1730,0.0,0.0,0.0,0.0,0.1661752394654534
fbc_tfnbs,"e=0.2,h=1.0,n=30,start_thres=1.25,min_cluster_size=3",hub,0.25,10,18,40,1730,0,0,40,1730,0.0,0.0,0.0,0.0,0.1661752394654534
fbc_tfnbs,"e=0.2,h=2.0,n=30,start_thres=1.25,min_cluster_size=3",hub,0.25,10,18,40,1730,0,0,40,1730,0.0,0.0,0.0,0.0,0.1661752394654534
fbc_tfnbs,"e=0.2,h=3.0,n=30,start_thres=1.25,min_cluster_size=3",hub,0.25,10,18,40,1730,0,0,40,1730,0.0,0.0,0.0,0.0,0.1661752394654534
fbc_tfnbs,"e=0.2,h=4.0,n=30,start_thres=1.25,min_cluster_size=3",hub,0.25,10,18,40,1730,0,0,40,1730,0.0,0.0,0.0,0.0,0.1661752394654534
fbc_tfnbs,"e=0.2,h=5.0,n=30,start_thres=1.25,min_cluster_size=3",hub,0.25,10,18,40,1730,0,0,40,1730,0.0,0.0,0.0,0.0,0.1661752394654534
fbc_tfnbs,"e=0.2,h=6.0,n=30,start_thres=1.25,min_cluster_size=3",hub,0.25,10,18,40,1730,0,0,40,1730,0.0,0.0,0.0,0.0,0.1661752394654534
fbc_tfnbs,"e=0.2,h=7.0,n=30,start_thres=1.25,min_cluster_size=3",hub,0.25,10,18,40,1730,0,0,40,1730,0.0,0.0,0.0,0.0,0.1661752394654534
fbc_tfnbs,"e=0.2,h=8.0,n=30,start_thres=1.25,min_cluster_size=3",hub,0.25,10,18,40,1730,0,0,40,1730,0.0,0.0,0.0,0.0,0.1661752394654534
fbc_tfnbs,"e=0.2,h=9.0,n=30,start_thres=1.25,min_cluster_size=3",hub,0.25,10,18,40,1730,0,0,40,1730,0.0,0.0,0.0,0.0,0.1661752394654534
fbc_tfnbs,"e=0.2,h=10.0,n=30,start_thres=1.25,min_cluster_size=3",hub,0.25,10,18,40,1730,0,0,40,1730,0.0,0.0,0.0,0.0,0.1661752394654534
fbc_tfnbs,"e=0.3,h=0.5,n=30,start_thres=1.25,min_cluster_size=3",hub,0.25,10,18,40,1730,0,0,40,1730,0.0,0.0,0.0,0.0,0.1661752394654534
fbc_tfnbs,"e=0.3,h=1.0,n=30,start_thres=1.25,min_cluster_size=3",hub,0.25,10,18,40,1730,0,0,40,1730,0.0,0.0,0.0,0.0,0.1661752394654534
fbc_tfnbs,"e=0.3,h=2.0,n=30,start_thres=1.25,min_cluster_size=3",hub,0.25,10,18,40,1730,0,0,40,1730,0.0,0.0,0.0,0.0,0.1661752394654534
fbc_tfnbs,"e=0.3,h=3.0,n=30,start_thres=1.25,min_cluster_size=3",hub,0.25,10,18,40,1730,0,0,40,1730,0.0,0.0,0.0,0.0,0.1661752394654534
fbc_tfnbs,"e=0.3,h=4.0,n=30,start_thres=1.25,min_cluster_size=3",hub,0.25,10,18,40,1730,0,0,40,1730,0.0,0.0,0.0,0.0,0.1661752394654534
fbc_tfnbs,"e=0.3,h=5.0,n=30,start_thres=1.25,min_cluster_size=3",hub,0.25,10,18,40,1730,0,0,40,1730,0.0,0.0,0.0,0.0,0.1661752394654534
fbc_tfnbs,"e=0.3,h=6.0,n=30,start_thres=1.25,min_cluster_size=3",hub,0.25,10,18,40,1730,0,0,40,1730,0.0,0.0,0.0,0.0,0.1661752394654534
fbc_tfnbs,"e=0.3,h=7.0,n=30,start_thres=1.25,min_cluster_size=3",hub,0.25,10,18,40,1730,0,0,40,1730,0.0,0.0,0.0,0.0,0.1661752394654534
fbc_tfnbs,"e=0.3,h=8.0,n=30,start_thres=1.25,min_cluster_size=3",hub,0.25,10,18,40,1730,0,0,40,1730,0.0,0.0,0.0,0.0,0.1661752394654534
fbc_tfnbs,"e=0.3,h=9.0,n=30,start_thres=1.25,min_cluster_size=3",hub,0.25,10,18,40,1730,0,0,40,1730,0.0,0.0,0.0,0.0,0.1661752394654534
fbc_tfnbs,"e=0.3,h=10.0,n=30,start_thres=1.25,min_cluster_size=3",hub,0.25,10,18,40,1730,0,0,40,1730,0.0,0.0,0.0,0.0,0.1661752394654534
fbc_tfnbs,"e=0.4,h=0.5,n=30,start_thres=1.25,min_cluster_size=3",hub,0.25,10,18,40,1730,0,0,40,1730,0.0,0.0,0.0,0.0,0.1661752394654534
fbc_tfnbs,"e=0.4,h=1.0,n=30,start_thres=1.25,min_cluster_size=3",hub,0.25,10,18,40,1730,0,0,40,1730,0.0,0.0,0.0,0.0,0.1661752394654534
fbc_tfnbs,"e=0.4,h=2.0,n=30,start_thres=1.25,min_cluster_size=3",hub,0.25,10,18,40,1730,0,0,40,1730,0.0,0.0,0.0,0.0,0.1661752394654534
fbc_tfnbs,"e=0.4,h=3.0,n=30,start_thres=1.25,min_cluster_size=3",hub,0.25,10,18,40,1730,0,0,40,1730,0.0,0.0,0.0,0.0,0.1661752394654534
fbc_tfnbs,"e=0.4,h=4.0,n=30,start_thres=1.25,min_cluster_size=3",hub,0.25,10,18,40,1730,0,0,40,1730,0.0,0.0,0.0,0.0,0.1661752394654534
fbc_tfnbs,"e=0.4,h=5.0,n=30,start_thres=1.25,min_cluster_size=3",hub,0.25,10,18,40,1730,0,0,40,1730,0.0,0.0,0.0,0.0,0.1661752394654534
fbc_tfnbs,"e=0.4,h=6.0,n=30,start_thres=1.25,min_cluster_size=3",hub,0.25,10,18,40,1730,0,0,40,1730,0.0,0.0,0.0,0.0,0.1661752394654534
fbc_tfnbs,"e=0.4,h=7.0,n=30,start_thres=1.25,min_cluster_size=3",hub,0.25,10,18,40,1730,0,0,40,1730,0.0,0.0,0.0,0.0,0.1661752394654534
fbc_tfnbs,"e=0.4,h=8.0,n=30,start_thres=1.25,min_cluster_size=3",hub,0.25,10,18,40,1730,0,0,40,1730,0.0,0.0,0.0,0.0,0.1661752394654534
fbc_tfnbs,"e=0.4,h=9.0,n=30,start_thres=1.25,min_cluster_size=3",hub,0.25,10,18,40,1730,0,0,40,1730,0.0,0.0,0.0,0.0,0.1661752394654534
fbc_tfnbs,"e=0.4,h=10.0,n=30,start_thres=1.25,min_cluster_size=3",hub,0.25,10,18,40,1730,0,0,40,1730,0.0,0.0,0.0,0.0,0.1661752394654534
fbc_tfnbs,"e=0.5,h=0.5,n=30,start_thres=1.25,min_cluster_size=3",hub,0.25,10,18,40,1730,0,0,40,1730,0.0,0.0,0.0,0.0,0.1661752394654534
fbc_tfnbs,"e=0.5,h=1.0,n=30,start_thres=1.25,min_cluster_size=3",hub,0.25,10,18,40,1730,0,0,40,1730,0.0,0.0,0.0,0.0,0.1661752394654534
fbc_tfnbs,"e=0.5,h=2.0,n=30,start_thres=1.25,min_cluster_size=3",hub,0.25,10,18,40,1730,0,0,40,1730,0.0,0.0,0.0,0.0,0.1661752394654534
fbc_tfnbs,"e=0.5,h=3.0,n=30,start_thres=1.25,min_cluster_size=3",hub,0.25,10,18,40,1730,0,0,40,1730,0.0,0.0,0.0,0.0,0.1661752394654534
fbc_tfnbs,"e=0.5,h=4.0,n=30,start_thres=1.25,min_cluster_size=3",hub,0.25,10,18,40,1730,0,0,40,1730,0.0,0.0,0.0,0.0,0.1661752394654534
fbc_tfnbs,"e=0.5,h=5.0,n=30,start_thres=1.25,min_cluster_size=3",hub,0.25,10,18,40,1730,0,0,40,1730,0.0,0.0,0.0,0.0,0.1661752394654534
fbc_tfnbs,"e=0.5,h=6.0,n=30,start_thres=1.25,min_cluster_size=3",hub,0.25,10,18,40,1730,0,0,40,1730,0.0,0.0,0.0,0.0,0.1661752394654534
fbc_tfnbs,"e=0.5,h=7.0,n=30,start_thres=1.25,min_cluster_size=3",hub,0.25,10,18,40,1730,0,0,40,1730,0.0,0.0,0.0,0.0,0.1661752394654534
fbc_tfnbs,"e=0.5,h=8.0,n=30,start_thres=1.25,min_cluster_size=3",hub,0.25,10,18,40,1730,0,0,40,1730,0.0,0.0,0.0,0.0,0.1661752394654534
fbc_tfnbs,"e=0.5,h=9.0,n=30,start_thres=1.25,min_cluster_size=3",hub,0.25,10,18,40,1730,0,0,40,1730,0.0,0.0,0.0,0.0,0.1661752394654534
fbc_tfnbs,"e=0.5,h=10.0,n=30,start_thres=1.25,min_cluster_size=3",hub,0.25,10,18,40,1730,0,0,40,1730,0.0,0.0,0.0,0.0,0.1661752394654534
fbc_tfnbs,"e=0.6,h=0.5,n=30,start_thres=1.25,min_cluster_size=3",hub,0.25,10,18,40,1730,0,0,40,1730,0.0,0.0,0.0,0.0,0.1661752394654534
fbc_tfnbs,"e=0.6,h=1.0,n=30,start_thres=1.25,min_cluster_size=3",hub,0.25,10,18,40,1730,0,0,40,1730,0.0,0.0,0.0,0.0,0.1661752394654534
fbc_tfnbs,"e=0.6,h=2.0,n=30,start_thres=1.25,min_cluster_size=3",hub,0.25,10,18,40,1730,0,0,40,1730,0.0,0.0,0.0,0.0,0.1661752394654534
fbc_tfnbs,"e=0.6,h=3.0,n=30,start_thres=1.25,min_cluster_size=3",hub,0.25,10,18,40,1730,0,0,40,1730,0.0,0.0,0.0,0.0,0.1661752394654534
fbc_tfnbs,"e=0.6,h=4.0,n=30,start_thres=1.25,min_cluster_size=3",hub,0.25,10,18,40,1730,0,0,40,1730,0.0,0.0,0.0,0.0,0.1661752394654534
fbc_tfnbs,"e=0.6,h=5.0,n=30,start_thres=1.25,min_cluster_size=3",hub,0.25,10,18,40,1730,0,0,40,1730,0.0,0.0,0.0,0.0,0.1661752394654534
fbc_tfnbs,"e=0.6,h=6.0,n=30,start_thres=1.25,min_cluster_size=3",hub,0.25,10,18,40,1730,0,0,40,1730,0.0,0.0,0.0,0.0,0.1661752394654534
fbc_tfnbs,"e=0.6,h=7.0,n=30,start_thres=1.25,min_cluster_size=3",hub,0.25,10,18,40,1730,0,0,40,1730,0.0,0.0,0.0,0.0,0.1661752394654534
fbc_tfnbs,"e=0.6,h=8.0,n=30,start_thres=1.25,min_cluster_size=3",hub,0.25,10,18,40,1730,0,0,40,1730,0.0,0.0,0.0,0.0,0.1661752394654534
fbc_tfnbs,"e=0.6,h=9.0,n=30,start_thres=1.25,min_cluster_size=3",hub,0.25,10,18,40,1730,0,0,40,1730,0.0,0.0,0.0,0.0,0.1661752394654534
fbc_tfnbs,"e=0.6,h=10.0,n=30,start_thres=1.25,min_cluster_size=3",hub,0.25,10,18,40,1730,0,0,40,1730,0.0,0.0,0.0,0.0,0.1661752394654534
fbc_tfnbs,"e=0.7,h=0.5,n=30,start_thres=1.25,min_cluster_size=3",hub,0.25,10,18,40,1730,0,0,40,1730,0.0,0.0,0.0,0.0,0.1661752394654534
fbc_tfnbs,"e=0.7,h=1.0,n=30,start_thres=1.25,min_cluster_size=3",hub,0.25,10,18,40,1730,0,0,40,1730,0.0,0.0,0.0,0.0,0.1661752394654534
fbc_tfnbs,"e=0.7,h=2.0,n=30,start_thres=1.25,min_cluster_size=3",hub,0.25,10,18,40,1730,0,0,40,1730,0.0,0.0,0.0,0.0,0.1661752394654534
fbc_tfnbs,"e=0.7,h=3.0,n=30,start_thres=1.25,min_cluster_size=3",hub,0.25,10,18,40,1730,0,0,40,1730,0.0,0.0,0.0,0.0,0.1661752394654534
fbc_tfnbs,"e=0.7,h=4.0,n=30,start_thres=1.25,min_cluster_size=3",hub,0.25,10,18,40,1730,0,0,40,1730,0.0,0.0,0.0,0.0,0.1661752394654534
fbc_tfnbs,"e=0.7,h=5.0,n=30,start_thres=1.25,min_cluster_size=3",hub,0.25,10,18,40,1730,0,0,40,1730,0.0,0.0,0.0,0.0,0.1661752394654534
fbc_tfnbs,"e=0.7,h=6.0,n=30,start_thres=1.25,min_cluster_size=3",hub,0.25,10,18,40,1730,0,0,40,1730,0.0,0.0,0.0,0.0,0.1661752394654534
fbc_tfnbs,"e=0.7,h=7.0,n=30,start_thres=1.25,min_cluster_size=3",hub,0.25,10,18,40,1730,0,0,40,1730,0.0,0.0,0.0,0.0,0.1661752394654534
fbc_tfnbs,"e=0.7,h=8.0,n=30,start_thres=1.25,min_cluster_size=3",hub,0.25,10,18,40,1730,0,0,40,1730,0.0,0.0,0.0,0.0,0.1661752394654534
fbc_tfnbs,"e=0.7,h=9.0,n=30,start_thres=1.25,min_cluster_size=3",hub,0.25,10,18,40,1730,0,0,40,1730,0.0,0.0,0.0,0.0,0.1661752394654534
fbc_tfnbs,"e=0.7,h=10.0,n=30,start_thres=1.25,min_cluster_size=3",hub,0.25,10,18,40,1730,0,0,40,1730,0.0,0.0,0.0,0.0,0.1661752394654534
fbc_tfnbs,"e=0.8,h=0.5,n=30,start_thres=1.25,min_cluster_size=3",hub,0.25,10,18,40,1730,0,0,40,1730,0.0,0.0,0.0,0.0,0.1661752394654534
fbc_tfnbs,"e=0.8,h=1.0,n=30,start_thres=1.25,min_cluster_size=3",hub,0.25,10,18,40,1730,0,0,40,1730,0.0,0.0,0.0,0.0,0.1661752394654534
fbc_tfnbs,"e=0.8,h=2.0,n=30,start_thres=1.25,min_cluster_size=3",hub,0.25,10,18,40,1730,0,0,40,1730,0.0,0.0,0.0,0.0,0.1661752394654534
fbc_tfnbs,"e=0.8,h=3.0,n=30,start_thres=1.25,min_cluster_size=3",hub,0.25,10,18,40,1730,0,0,40,1730,0.0,0.0,0.0,0.0,0.1661752394654534
fbc_tfnbs,"e=0.8,h=4.0,n=30,start_thres=1.25,min_cluster_size=3",hub,0.25,10,18,40,1730,0,0,40,1730,0.0,0.0,0.0,0.0,0.1661752394654534
fbc_tfnbs,"e=0.8,h=5.0,n=30,start_thres=1.25,min_cluster_size=3",hub,0.25,10,18,40,1730,0,0,40,1730,0.0,0.0,0.0,0.0,0.1661752394654534
fbc_tfnbs,"e=0.8,h=6.0,n=30,start_thres=1.25,min_cluster_size=3",hub,0.25,10,18,40,1730,0,0,40,1730,0.0,0.0,0.0,0.0,0.1661752394654534
fbc_tfnbs,"e=0.8,h=7.0,n=30,start_thres=1.25,min_cluster_size=3",hub,0.25,10,18,40,1730,0,0,40,1730,0.0,0.0,0.0,0.0,0.1661752394654534
fbc_tfnbs,"e=0.8,h=8.0,n=30,start_thres=1.25,min_cluster_size=3",hub,0.25,10,18,40,1730,0,0,40,1730,0.0,0.0,0.0,0.0,0.1661752394654534
fbc_tfnbs,"e=0.8,h=9.0,n=30,start_thres=1.25,min_cluster_size=3",hub,0.25,10,18,40,1730,0,0,40,1730,0.0,0.0,0.0,0.0,0.1661752394654534
fbc_tfnbs,"e=0.8,h=10.0,n=30,start_thres=1.25,min_cluster_size=3",hub,0.25,10,18,40,1730,0,0,40,1730,0.0,0.0,0.0,0.0,0.1661752394654534
fbc_tfnbs,"e=0.9,h=0.5,n=30,start_thres=1.25,min_cluster_size=3",hub,0.25,10,18,40,1730,0,0,40,1730,0.0,0.0,0.0,0.0,0.1661752394654534
fbc_tfnbs,"e=0.9,h=1.0,n=30,start_thres=1.25,min_cluster_size=3",hub,0.25,10,18,40,1730,0,0,40,1730,0.0,0.0,0.0,0.0,0.1661752394654534
fbc_tfnbs,"e=0.9,h=2.0,n=30,start_thres=1.25,min_cluster_size=3",hub,0.25,10,18,40,1730,0,0,40,1730,0.0,0.0,0.0,0.0,0.1661752394654534
fbc_tfnbs,"e=0.9,h=3.0,n=30,start_thres=1.25,min_cluster_size=3",hub,0.25,10,18,40,1730,0,0,40,1730,0.0,0.0,0.0,0.0,0.1661752394654534
fbc_tfnbs,"e=0.9,h=4.0,n=30,start_thres=1.25,min_cluster_size=3",hub,0.25,10,18,40,1730,0,0,40,1730,0.0,0.0,0.0,0.0,0.1661752394654534
fbc_tfnbs,"e=0.9,h=5.0,n=30,start_thres=1.25,min_cluster_size=3",hub,0.25,10,18,40,1730,0,0,40,1730,0.0,0.0,0.0,0.0,0.1661752394654534
fbc_tfnbs,"e=0.9,h=6.0,n=30,start_thres=1.25,min_cluster_size=3",hub,0.25,10,18,40,1730,0,0,40,1730,0.0,0.0,0.0,0.0,0.1661752394654534
fbc_tfnbs,"e=0.9,h=7.0,n=30,start_thres=1.25,min_cluster_size=3",hub,0.25,10,18,40,1730,0,0,40,1730,0.0,0.0,0.0,0.0,0.1661752394654534
fbc_tfnbs,"e=0.9,h=8.0,n=30,start_thres=1.25,min_cluster_size=3",hub,0.25,10,18,40,1730,0,0,40,1730,0.0,0.0,0.0,0.0,0.1661752394654534
fbc_tfnbs,"e=0.9,h=9.0,n=30,start_thres=1.25,min_cluster_size=3",hub,0.25,10,18,40,1730,0,0,40,1730,0.0,0.0,0.0,0.0,0.1661752394654534
fbc_tfnbs,"e=0.9,h=10.0,n=30,start_thres=1.25,min_cluster_size=3",hub,0.25,10,18,40,1730,0,0,40,1730,0.0,0.0,0.0,0.0,0.1661752394654534
fbc_tfnbs,"e=1.0,h=0.5,n=30,start_thres=1.25,min_cluster_size=3",hub,0.25,10,18,40,1730,0,0,40,1730,0.0,0.0,0.0,0.0,0.1661752394654534
fbc_tfnbs,"e=1.0,h=1.0,n=30,start_thres=1.25,min_cluster_size=3",hub,0.25,10,18,40,1730,0,0,40,1730,0.0,0.0,0.0,0.0,0.1661752394654534
fbc_tfnbs,"e=1.0,h=2.0,n=30,start_thres=1.25,min_cluster_size=3",hub,0.25,10,18,40,1730,0,0,40,1730,0.0,0.0,0.0,0.0,0.1661752394654534
fbc_tfnbs,"e=1.0,h=3.0,n=30,start_thres=1.25,min_cluster_size=3",hub,0.25,10,18,40,1730,0,0,40,1730,0.0,0.0,0.0,0.0,0.1661752394654534
fbc_tfnbs,"e=1.0,h=4.0,n=30,start_thres=1.25,min_cluster_size=3",hub,0.25,10,18,40,1730,0,0,40,1730,0.0,0.0,0.0,0.0,0.1661752394654534
fbc_tfnbs,"e=1.0,h=5.0,n=30,start_thres=1.25,min_cluster_size=3",hub,0.25,10,18,40,1730,0,0,40,1730,0.0,0.0,0.0,0.0,0.1661752394654534
fbc_tfnbs,"e=1.0,h=6.0,n=30,start_thres=1.25,min_cluster_size=3",hub,0.25,10,18,40,1730,0,0,40,1730,0.0,0.0,0.0,0.0,0.1661752394654534
fbc_tfnbs,"e=1.0,h=7.0,n=30,start_thres=1.25,min_cluster_size=3",hub,0.25,10,18,40,1730,0,0,40,1730,0.0,0.0,0.0,0.0,0.1661752394654534
fbc_tfnbs,"e=1.0,h=8.0,n=30,start_thres=1.25,min_cluster_size=3",hub,0.25,10,18,40,1730,0,0,40,1730,0.0,0.0,0.0,0.0,0.1661752394654534
fbc_tfnbs,"e=1.0,h=9.0,n=30,start_thres=1.25,min_cluster_size=3",hub,0.25,10,18,40,1730,0,0,40,1730,0.0,0.0,0.0,0.0,0.1661752394654534
fbc_tfnbs,"e=1.0,h=10.0,n=30,start_thres=1.25,min_cluster_size=3",hub,0.25,10,18,40,1730,0,0,40,1730,0.0,0.0,0.0,0.0,0.1661752394654534
fbc_tfnbs,"e=1.1,h=0.5,n=30,start_thres=1.25,min_cluster_size=3",hub,0.25,10,18,40,1730,0,0,40,1730,0.0,0.0,0.0,0.0,0.1661752394654534
fbc_tfnbs,"e=1.1,h=1.0,n=30,start_thres=1.25,min_cluster_size=3",hub,0.25,10,18,40,1730,0,0,40,1730,0.0,0.0,0.0,0.0,0.1661752394654534
fbc_tfnbs,"e=1.1,h=2.0,n=30,start_thres=1.25,min_cluster_size=3",hub,0.25,10,18,40,1730,0,0,40,1730,0.0,0.0,0.0,0.0,0.1661752394654534
fbc_tfnbs,"e=1.1,h=3.0,n=30,start_thres=1.25,min_cluster_size=3",hub,0.25,10,18,40,1730,0,0,40,1730,0.0,0.0,0.0,0.0,0.1661752394654534
fbc_tfnbs,"e=1.1,h=4.0,n=30,start_thres=1.25,min_cluster_size=3",hub,0.25,10,18,40,1730,0,0,40,1730,0.0,0.0,0.0,0.0,0.1661752394654534
fbc_tfnbs,"e=1.1,h=5.0,n=30,start_thres=1.25,min_cluster_size=3",hub,0.25,10,18,40,1730,0,0,40,1730,0.0,0.0,0.0,0.0,0.1661752394654534
fbc_tfnbs,"e=1.1,h=6.0,n=30,start_thres=1.25,min_cluster_size=3",hub,0.25,10,18,40,1730,0,0,40,1730,0.0,0.0,0.0,0.0,0.1661752394654534
fbc_tfnbs,"e=1.1,h=7.0,n=30,start_thres=1.25,min_cluster_size=3",hub,0.25,10,18,40,1730,0,0,40,1730,0.0,0.0,0.0,0.0,0.1661752394654534
fbc_tfnbs,"e=1.1,h=8.0,n=30,start_thres=1.25,min_cluster_size=3",hub,0.25,10,18,40,1730,0,0,40,1730,0.0,0.0,0.0,0.0,0.1661752394654534
fbc_tfnbs,"e=1.1,h=9.0,n=30,start_thres=1.25,min_cluster_size=3",hub,0.25,10,18,40,1730,0,0,40,1730,0.0,0.0,0.0,0.0,0.1661752394654534
fbc_tfnbs,"e=1.1,h=10.0,n=30,start_thres=1.25,min_cluster_size=3",hub,0.25,10,18,40,1730,0,0,40,1730,0.0,0.0,0.0,0.0,0.1661752394654534
fbc_tfnbs,"e=1.2,h=0.5,n=30,start_thres=1.25,min_cluster_size=3",hub,0.25,10,18,40,1730,0,0,40,1730,0.0,0.0,0.0,0.0,0.1661752394654534
fbc_tfnbs,"e=1.2,h=1.0,n=30,start_thres=1.25,min_cluster_size=3",hub,0.25,10,18,40,1730,0,0,40,1730,0.0,0.0,0.0,0.0,0.1661752394654534
fbc_tfnbs,"e=1.2,h=2.0,n=30,start_thres=1.25,min_cluster_size=3",hub,0.25,10,18,40,1730,0,0,40,1730,0.0,0.0,0.0,0.0,0.1661752394654534
fbc_tfnbs,"e=1.2,h=3.0,n=30,start_thres=1.25,min_cluster_size=3",hub,0.25,10,18,40,1730,0,0,40,1730,0.0,0.0,0.0,0.0,0.1661752394654534
fbc_tfnbs,"e=1.2,h=4.0,n=30,start_thres=1.25,min_cluster_size=3",hub,0.25,10,18,40,1730,0,0,40,1730,0.0,0.0,0.0,0.0,0.1661752394654534
fbc_tfnbs,"e=1.2,h=5.0,n=30,start_thres=1.25,min_cluster_size=3",hub,0.25,10,18,40,1730,0,0,40,1730,0.0,0.0,0.0,0.0,0.1661752394654534
fbc_tfnbs,"e=1.2,h=6.0,n=30,start_thres=1.25,min_cluster_size=3",hub,0.25,10,18,40,1730,0,0,40,1730,0.0,0.0,0.0,0.0,0.1661752394654534
fbc_tfnbs,"e=1.2,h=7.0,n=30,start_thres=1.25,min_cluster_size=3",hub,0.25,10,18,40,1730,0,0,40,1730,0.0,0.0,0.0,0.0,0.1661752394654534
fbc_tfnbs,"e=1.2,h=8.0,n=30,start_thres=1.25,min_cluster_size=3",hub,0.25,10,18,40,1730,0,0,40,1730,0.0,0.0,0.0,0.0,0.1661752394654534
fbc_tfnbs,"e=1.2,h=9.0,n=30,start_thres=1.25,min_cluster_size=3",hub,0.25,10,18,40,1730,0,0,40,1730,0.0,0.0,0.0,0.0,0.1661752394654534
fbc_tfnbs,"e=1.2,h=10.0,n=30,start_thres=1.25,min_cluster_size=3",hub,0.25,10,18,40,1730,0,0,40,1730,0.0,0.0,0.0,0.0,0.1661752394654534
fbc_tfnbs,"e=1.3,h=0.5,n=30,start_thres=1.25,min_cluster_size=3",hub,0.25,10,18,40,1730,0,0,40,1730,0.0,0.0,0.0,0.0,0.1661752394654534
fbc_tfnbs,"e=1.3,h=1.0,n=30,start_thres=1.25,min_cluster_size=3",hub,0.25,10,18,40,1730,0,0,40,1730,0.0,0.0,0.0,0.0,0.1661752394654534
fbc_tfnbs,"e=1.3,h=2.0,n=30,start_thres=1.25,min_cluster_size=3",hub,0.25,10,18,40,1730,0,0,40,1730,0.0,0.0,0.0,0.0,0.1661752394654534
fbc_tfnbs,"e=1.3,h=3.0,n=30,start_thres=1.25,min_cluster_size=3",hub,0.25,10,18,40,1730,0,0,40,1730,0.0,0.0,0.0,0.0,0.1661752394654534
fbc_tfnbs,"e=1.3,h=4.0,n=30,start_thres=1.25,min_cluster_size=3",hub,0.25,10,18,40,1730,0,0,40,1730,0.0,0.0,0.0,0.0,0.1661752394654534
fbc_tfnbs,"e=1.3,h=5.0,n=30,start_thres=1.25,min_cluster_size=3",hub,0.25,10,18,40,1730,0,0,40,1730,0.0,0.0,0.0,0.0,0.1661752394654534
fbc_tfnbs,"e=1.3,h=6.0,n=30,start_thres=1.25,min_cluster_size=3",hub,0.25,10,18,40,1730,0,0,40,1730,0.0,0.0,0.0,0.0,0.1661752394654534
fbc_tfnbs,"e=1.3,h=7.0,n=30,start_thres=1.25,min_cluster_size=3",hub,0.25,10,18,40,1730,0,0,40,1730,0.0,0.0,0.0,0.0,0.1661752394654534
fbc_tfnbs,"e=1.3,h=8.0,n=30,start_thres=1.25,min_cluster_size=3",hub,0.25,10,18,40,1730,0,0,40,1730,0.0,0.0,0.0,0.0,0.1661752394654534
fbc_tfnbs,"e=1.3,h=9.0,n=30,start_thres=1.25,min_cluster_size=3",hub,0.25,10,18,40,1730,0,0,40,1730,0.0,0.0,0.0,0.0,0.1661752394654534
fbc_tfnbs,"e=1.3,h=10.0,n=30,start_thres=1.25,min_cluster_size=3",hub,0.25,10,18,40,1730,0,0,40,1730,0.0,0.0,0.0,0.0,0.1661752394654534
fbc_tfnbs,"e=1.4,h=0.5,n=30,start_thres=1.25,min_cluster_size=3",hub,0.25,10,18,40,1730,0,0,40,1730,0.0,0.0,0.0,0.0,0.1661752394654534
fbc_tfnbs,"e=1.4,h=1.0,n=30,start_thres=1.25,min_cluster_size=3",hub,0.25,10,18,40,1730,0,0,40,1730,0.0,0.0,0.0,0.0,0.1661752394654534
fbc_tfnbs,"e=1.4,h=2.0,n=30,start_thres=1.25,min_cluster_size=3",hub,0.25,10,18,40,1730,0,0,40,1730,0.0,0.0,0.0,0.0,0.1661752394654534
fbc_tfnbs,"e=1.4,h=3.0,n=30,start_thres=1.25,min_cluster_size=3",hub,0.25,10,18,40,1730,0,0,40,1730,0.0,0.0,0.0,0.0,0.1661752394654534
fbc_tfnbs,"e=1.4,h=4.0,n=30,start_thres=1.25,min_cluster_size=3",hub,0.25,10,18,40,1730,0,0,40,1730,0.0,0.0,0.0,0.0,0.1661752394654534
fbc_tfnbs,"e=1.4,h=5.0,n=30,start_thres=1.25,min_cluster_size=3",hub,0.25,10,18,40,1730,0,0,40,1730,0.0,0.0,0.0,0.0,0.1661752394654534
fbc_tfnbs,"e=1.4,h=6.0,n=30,start_thres=1.25,min_cluster_size=3",hub,0.25,10,18,40,1730,0,0,40,1730,0.0,0.0,0.0,0.0,0.1661752394654534
fbc_tfnbs,"e=1.4,h=7.0,n=30,start_thres=1.25,min_cluster_size=3",hub,0.25,10,18,40,1730,0,0,40,1730,0.0,0.0,0.0,0.0,0.1661752394654534
fbc_tfnbs,"e=1.4,h=8.0,n=30,start_thres=1.25,min_cluster_size=3",hub,0.25,10,18,40,1730,0,0,40,1730,0.0,0.0,0.0,0.0,0.1661752394654534
fbc_tfnbs,"e=1.4,h=9.0,n=30,start_thres=1.25,min_cluster_size=3",hub,0.25,10,18,40,1730,0,0,40,1730,0.0,0.0,0.0,0.0,0.1661752394654534
fbc_tfnbs,"e=1.4,h=10.0,n=30,start_thres=1.25,min_cluster_size=3",hub,0.25,10,18,40,1730,0,0,40,1730,0.0,0.0,0.0,0.0,0.1661752394654534
fbc_tfnbs,"e=1.5,h=0.5,n=30,start_thres=1.25,min_cluster_size=3",hub,0.25,10,18,40,1730,0,0,40,1730,0.0,0.0,0.0,0.0,0.1661752394654534
fbc_tfnbs,"e=1.5,h=1.0,n=30,start_thres=1.25,min_cluster_size=3",hub,0.25,10,18,40,1730,0,0,40,1730,0.0,0.0,0.0,0.0,0.1661752394654534
fbc_tfnbs,"e=1.5,h=2.0,n=30,start_thres=1.25,min_cluster_size=3",hub,0.25,10,18,40,1730,0,0,40,1730,0.0,0.0,0.0,0.0,0.1661752394654534
fbc_tfnbs,"e=1.5,h=3.0,n=30,start_thres=1.25,min_cluster_size=3",hub,0.25,10,18,40,1730,0,0,40,1730,0.0,0.0,0.0,0.0,0.1661752394654534
fbc_tfnbs,"e=1.5,h=4.0,n=30,start_thres=1.25,min_cluster_size=3",hub,0.25,10,18,40,1730,0,0,40,1730,0.0,0.0,0.0,0.0,0.1661752394654534
fbc_tfnbs,"e=1.5,h=5.0,n=30,start_thres=1.25,min_cluster_size=3",hub,0.25,10,18,40,1730,0,0,40,1730,0.0,0.0,0.0,0.0,0.1661752394654534
fbc_tfnbs,"e=1.5,h=6.0,n=30,start_thres=1.25,min_cluster_size=3",hub,0.25,10,18,40,1730,0,0,40,1730,0.0,0.0,0.0,0.0,0.1661752394654534
fbc_tfnbs,"e=1.5,h=7.0,n=30,start_thres=1.25,min_cluster_size=3",hub,0.25,10,18,40,1730,0,0,40,1730,0.0,0.0,0.0,0.0,0.1661752394654534
fbc_tfnbs,"e=1.5,h=8.0,n=30,start_thres=1.25,min_cluster_size=3",hub,0.25,10,18,40,1730,0,0,40,1730,0.0,0.0,0.0,0.0,0.1661752394654534
fbc_tfnbs,"e=1.5,h=9.0,n=30,start_thres=1.25,min_cluster_size=3",hub,0.25,10,18,40,1730,0,0,40,1730,0.0,0.0,0.0,0.0,0.1661752394654534
fbc_tfnbs,"e=1.5,h=10.0,n=30,start_thres=1.25,min_cluster_size=3",hub,0.25,10,18,40,1730,0,0,40,1730,0.0,0.0,0.0,0.0,0.1661752394654534
fbc_tfnbs,"e=0.05,h=0.5,n=30,start_thres=1.25,min_cluster_size=3",hub,0.25,10,19,40,1730,0,0,40,1730,0.0,0.0,0.0,0.0,0.1631143336946314
fbc_tfnbs,"e=0.05,h=1.0,n=30,start_thres=1.25,min_cluster_size=3",hub,0.25,10,19,40,1730,0,0,40,1730,0.0,0.0,0.0,0.0,0.1631143336946314
fbc_tfnbs,"e=0.05,h=2.0,n=30,start_thres=1.25,min_cluster_size=3",hub,0.25,10,19,40,1730,0,0,40,1730,0.0,0.0,0.0,0.0,0.1631143336946314
fbc_tfnbs,"e=0.05,h=3.0,n=30,start_thres=1.25,min_cluster_size=3",hub,0.25,10,19,40,1730,0,0,40,1730,0.0,0.0,0.0,0.0,0.1631143336946314
fbc_tfnbs,"e=0.05,h=4.0,n=30,start_thres=1.25,min_cluster_size=3",hub,0.25,10,19,40,1730,0,0,40,1730,0.0,0.0,0.0,0.0,0.1631143336946314
fbc_tfnbs,"e=0.05,h=5.0,n=30,start_thres=1.25,min_cluster_size=3",hub,0.25,10,19,40,1730,0,0,40,1730,0.0,0.0,0.0,0.0,0.1631143336946314
fbc_tfnbs,"e=0.05,h=6.0,n=30,start_thres=1.25,min_cluster_size=3",hub,0.25,10,19,40,1730,0,0,40,1730,0.0,0.0,0.0,0.0,0.1631143336946314
fbc_tfnbs,"e=0.05,h=7.0,n=30,start_thres=1.25,min_cluster_size=3",hub,0.25,10,19,40,1730,0,0,40,1730,0.0,0.0,0.0,0.0,0.1631143336946314
fbc_tfnbs,"e=0.05,h=8.0,n=30,start_thres=1.25,min_cluster_size=3",hub,0.25,10,19,40,1730,0,0,40,1730,0.0,0.0,0.0,0.0,0.1631143336946314
fbc_tfnbs,"e=0.05,h=9.0,n=30,start_thres=1.25,min_cluster_size=3",hub,0.25,10,19,40,1730,0,0,40,1730,0.0,0.0,0.0,0.0,0.1631143336946314
fbc_tfnbs,"e=0.05,h=10.0,n=30,start_thres=1.25,min_cluster_size=3",hub,0.25,10,19,40,1730,0,0,40,1730,0.0,0.0,0.0,0.0,0.1631143336946314
fbc_tfnbs,"e=0.1,h=0.5,n=30,start_thres=1.25,min_cluster_size=3",hub,0.25,10,19,40,1730,0,0,40,1730,0.0,0.0,0.0,0.0,0.1631143336946314
fbc_tfnbs,"e=0.1,h=1.0,n=30,start_thres=1.25,min_cluster_size=3",hub,0.25,10,19,40,1730,0,0,40,1730,0.0,0.0,0.0,0.0,0.1631143336946314
fbc_tfnbs,"e=0.1,h=2.0,n=30,start_thres=1.25,min_cluster_size=3",hub,0.25,10,19,40,1730,0,0,40,1730,0.0,0.0,0.0,0.0,0.1631143336946314
fbc_tfnbs,"e=0.1,h=3.0,n=30,start_thres=1.25,min_cluster_size=3",hub,0.25,10,19,40,1730,0,0,40,1730,0.0,0.0,0.0,0.0,0.1631143336946314
fbc_tfnbs,"e=0.1,h=4.0,n=30,start_thres=1.25,min_cluster_size=3",hub,0.25,10,19,40,1730,0,0,40,1730,0.0,0.0,0.0,0.0,0.1631143336946314
fbc_tfnbs,"e=0.1,h=5.0,n=30,start_thres=1.25,min_cluster_size=3",hub,0.25,10,19,40,1730,0,0,40,1730,0.0,0.0,0.0,0.0,0.1631143336946314
fbc_tfnbs,"e=0.1,h=6.0,n=30,start_thres=1.25,min_cluster_size=3",hub,0.25,10,19,40,1730,0,0,40,1730,0.0,0.0,0.0,0.0,0.1631143336946314
fbc_tfnbs,"e=0.1,h=7.0,n=30,start_thres=1.25,min_cluster_size=3",hub,0.25,10,19,40,1730,0,0,40,1730,0.0,0.0,0.0,0.0,0.1631143336946314
fbc_tfnbs,"e=0.1,h=8.0,n=30,start_thres=1.25,min_cluster_size=3",hub,0.25,10,19,40,1730,0,0,40,1730,0.0,0.0,0.0,0.0,0.1631143336946314
fbc_tfnbs,"e=0.1,h=9.0,n=30,start_thres=1.25,min_cluster_size=3",hub,0.25,10,19,40,1730,0,0,40,1730,0.0,0.0,0.0,0.0,0.1631143336946314
fbc_tfnbs,"e=0.1,h=10.0,n=30,start_thres=1.25,min_cluster_size=3",hub,0.25,10,19,40,1730,0,0,40,1730,0.0,0.0,0.0,0.0,0.1631143336946314
fbc_tfnbs,"e=0.2,h=0.5,n=30,start_thres=1.25,min_cluster_size=3",hub,0.25,10,19,40,1730,0,0,40,1730,0.0,0.0,0.0,0.0,0.1631143336946314
fbc_tfnbs,"e=0.2,h=1.0,n=30,start_thres=1.25,min_cluster_size=3",hub,0.25,10,19,40,1730,0,0,40,1730,0.0,0.0,0.0,0.0,0.1631143336946314
fbc_tfnbs,"e=0.2,h=2.0,n=30,start_thres=1.25,min_cluster_size=3",hub,0.25,10,19,40,1730,0,0,40,1730,0.0,0.0,0.0,0.0,0.1631143336946314
fbc_tfnbs,"e=0.2,h=3.0,n=30,start_thres=1.25,min_cluster_size=3",hub,0.25,10,19,40,1730,0,0,40,1730,0.0,0.0,0.0,0.0,0.1631143336946314
fbc_tfnbs,"e=0.2,h=4.0,n=30,start_thres=1.25,min_cluster_size=3",hub,0.25,10,19,40,1730,0,0,40,1730,0.0,0.0,0.0,0.0,0.1631143336946314
fbc_tfnbs,"e=0.2,h=5.0,n=30,start_thres=1.25,min_cluster_size=3",hub,0.25,10,19,40,1730,0,0,40,1730,0.0,0.0,0.0,0.0,0.1631143336946314
fbc_tfnbs,"e=0.2,h=6.0,n=30,start_thres=1.25,min_cluster_size=3",hub,0.25,10,19,40,1730,0,0,40,1730,0.0,0.0,0.0,0.0,0.1631143336946314
fbc_tfnbs,"e=0.2,h=7.0,n=30,start_thres=1.25,min_cluster_size=3",hub,0.25,10,19,40,1730,0,0,40,1730,0.0,0.0,0.0,0.0,0.1631143336946314
fbc_tfnbs,"e=0.2,h=8.0,n=30,start_thres=1.25,min_cluster_size=3",hub,0.25,10,19,40,1730,0,0,40,1730,0.0,0.0,0.0,0.0,0.1631143336946314
fbc_tfnbs,"e=0.2,h=9.0,n=30,start_thres=1.25,min_cluster_size=3",hub,0.25,10,19,40,1730,0,0,40,1730,0.0,0.0,0.0,0.0,0.1631143336946314
fbc_tfnbs,"e=0.2,h=10.0,n=30,start_thres=1.25,min_cluster_size=3",hub,0.25,10,19,40,1730,0,0,40,1730,0.0,0.0,0.0,0.0,0.1631143336946314
fbc_tfnbs,"e=0.3,h=0.5,n=30,start_thres=1.25,min_cluster_size=3",hub,0.25,10,19,40,1730,0,0,40,1730,0.0,0.0,0.0,0.0,0.1631143336946314
fbc_tfnbs,"e=0.3,h=1.0,n=30,start_thres=1.25,min_cluster_size=3",hub,0.25,10,19,40,1730,0,0,40,1730,0.0,0.0,0.0,0.0,0.1631143336946314
fbc_tfnbs,"e=0.3,h=2.0,n=30,start_thres=1.25,min_cluster_size=3",hub,0.25,10,19,40,1730,0,0,40,1730,0.0,0.0,0.0,0.0,0.1631143336946314
fbc_tfnbs,"e=0.3,h=3.0,n=30,start_thres=1.25,min_cluster_size=3",hub,0.25,10,19,40,1730,0,0,40,1730,0.0,0.0,0.0,0.0,0.1631143336946314
fbc_tfnbs,"e=0.3,h=4.0,n=30,start_thres=1.25,min_cluster_size=3",hub,0.25,10,19,40,1730,0,0,40,1730,0.0,0.0,0.0,0.0,0.1631143336946314
fbc_tfnbs,"e=0.3,h=5.0,n=30,start_thres=1.25,min_cluster_size=3",hub,0.25,10,19,40,1730,0,0,40,1730,0.0,0.0,0.0,0.0,0.1631143336946314
fbc_tfnbs,"e=0.3,h=6.0,n=30,start_thres=1.25,min_cluster_size=3",hub,0.25,10,19,40,1730,0,0,40,1730,0.0,0.0,0.0,0.0,0.1631143336946314
fbc_tfnbs,"e=0.3,h=7.0,n=30,start_thres=1.25,min_cluster_size=3",hub,0.25,10,19,40,1730,0,0,40,1730,0.0,0.0,0.0,0.0,0.1631143336946314
fbc_tfnbs,"e=0.3,h=8.0,n=30,start_thres=1.25,min_cluster_size=3",hub,0.25,10,19,40,1730,0,0,40,1730,0.0,0.0,0.0,0.0,0.1631143336946314
fbc_tfnbs,"e=0.3,h=9.0,n=30,start_thres=1.25,min_cluster_size=3",hub,0.25,10,19,40,1730,0,0,40,1730,0.0,0.0,0.0,0.0,0.1631143336946314
fbc_tfnbs,"e=0.3,h=10.0,n=30,start_thres=1.25,min_cluster_size=3",hub,0.25,10,19,40,1730,0,0,40,1730,0.0,0.0,0.0,0.0,0.1631143336946314
fbc_tfnbs,"e=0.4,h=0.5,n=30,start_thres=1.25,min_cluster_size=3",hub,0.25,10,19,40,1730,0,0,40,1730,0.0,0.0,0.0,0.0,0.1631143336946314
fbc_tfnbs,"e=0.4,h=1.0,n=30,start_thres=1.25,min_cluster_size=3",hub,0.25,10,19,40,1730,0,0,40,1730,0.0,0.0,0.0,0.0,0.1631143336946314
fbc_tfnbs,"e=0.4,h=2.0,n=30,start_thres=1.25,min_cluster_size=3",hub,0.25,10,19,40,1730,0,0,40,1730,0.0,0.0,0.0,0.0,0.1631143336946314
fbc_tfnbs,"e=0.4,h=3.0,n=30,start_thres=1.25,min_cluster_size=3",hub,0.25,10,19,40,1730,0,0,40,1730,0.0,0.0,0.0,0.0,0.1631143336946314
fbc_tfnbs,"e=0.4,h=4.0,n=30,start_thres=1.25,min_cluster_size=3",hub,0.25,10,19,40,1730,0,0,40,1730,0.0,0.0,0.0,0.0,0.1631143336946314
fbc_tfnbs,"e=0.4,h=5.0,n=30,start_thres=1.25,min_cluster_size=3",hub,0.25,10,19,40,1730,0,0,40,1730,0.0,0.0,0.0,0.0,0.1631143336946314
fbc_tfnbs,"e=0.4,h=6.0,n=30,start_thres=1.25,min_cluster_size=3",hub,0.25,10,19,40,1730,0,0,40,1730,0.0,0.0,0.0,0.0,0.1631143336946314
fbc_tfnbs,"e=0.4,h=7.0,n=30,start_thres=1.25,min_cluster_size=3",hub,0.25,10,19,40,1730,0,0,40,1730,0.0,0.0,0.0,0.0,0.1631143336946314
fbc_tfnbs,"e=0.4,h=8.0,n=30,start_thres=1.25,min_cluster_size=3",hub,0.25,10,19,40,1730,0,0,40,1730,0.0,0.0,0.0,0.0,0.1631143336946314
fbc_tfnbs,"e=0.4,h=9.0,n=30,start_thres=1.25,min_cluster_size=3",hub,0.25,10,19,40,1730,0,0,40,1730,0.0,0.0,0.0,0.0,0.1631143336946314
fbc_tfnbs,"e=0.4,h=10.0,n=30,start_thres=1.25,min_cluster_size=3",hub,0.25,10,19,40,1730,0,0,40,1730,0.0,0.0,0.0,0.0,0.1631143336946314
fbc_tfnbs,"e=0.5,h=0.5,n=30,start_thres=1.25,min_cluster_size=3",hub,0.25,10,19,40,1730,0,0,40,1730,0.0,0.0,0.0,0.0,0.1631143336946314
fbc_tfnbs,"e=0.5,h=1.0,n=30,start_thres=1.25,min_cluster_size=3",hub,0.25,10,19,40,1730,0,0,40,1730,0.0,0.0,0.0,0.0,0.1631143336946314
fbc_tfnbs,"e=0.5,h=2.0,n=30,start_thres=1.25,min_cluster_size=3",hub,0.25,10,19,40,1730,0,0,40,1730,0.0,0.0,0.0,0.0,0.1631143336946314
fbc_tfnbs,"e=0.5,h=3.0,n=30,start_thres=1.25,min_cluster_size=3",hub,0.25,10,19,40,1730,0,0,40,1730,0.0,0.0,0.0,0.0,0.1631143336946314
fbc_tfnbs,"e=0.5,h=4.0,n=30,start_thres=1.25,min_cluster_size=3",hub,0.25,10,19,40,1730,0,0,40,1730,0.0,0.0,0.0,0.0,0.1631143336946314
fbc_tfnbs,"e=0.5,h=5.0,n=30,start_thres=1.25,min_cluster_size=3",hub,0.25,10,19,40,1730,0,0,40,1730,0.0,0.0,0.0,0.0,0.1631143336946314
fbc_tfnbs,"e=0.5,h=6.0,n=30,start_thres=1.25,min_cluster_size=3",hub,0.25,10,19,40,1730,0,0,40,1730,0.0,0.0,0.0,0.0,0.1631143336946314
fbc_tfnbs,"e=0.5,h=7.0,n=30,start_thres=1.25,min_cluster_size=3",hub,0.25,10,19,40,1730,0,0,40,1730,0.0,0.0,0.0,0.0,0.1631143336946314
fbc_tfnbs,"e=0.5,h=8.0,n=30,start_thres=1.25,min_cluster_size=3",hub,0.25,10,19,40,1730,0,0,40,1730,0.0,0.0,0.0,0.0,0.1631143336946314
fbc_tfnbs,"e=0.5,h=9.0,n=30,start_thres=1.25,min_cluster_size=3",hub,0.25,10,19,40,1730,0,0,40,1730,0.0,0.0,0.0,0.0,0.1631143336946314
fbc_tfnbs,"e=0.5,h=10.0,n=30,start_thres=1.25,min_cluster_size=3",hub,0.25,10,19,40,1730,0,0,40,1730,0.0,0.0,0.0,0.0,0.1631143336946314
fbc_tfnbs,"e=0.6,h=0.5,n=30,start_thres=1.25,min_cluster_size=3",hub,0.25,10,19,40,1730,0,0,40,1730,0.0,0.0,0.0,0.0,0.1631143336946314
fbc_tfnbs,"e=0.6,h=1.0,n=30,start_thres=1.25,min_cluster_size=3",hub,0.25,10,19,40,1730,0,0,40,1730,0.0,0.0,0.0,0.0,0.1631143336946314
fbc_tfnbs,"e=0.6,h=2.0,n=30,start_thres=1.25,min_cluster_size=3",hub,0.25,10,19,40,1730,0,0,40,1730,0.0,0.0,0.0,0.0,0.1631143336946314
fbc_tfnbs,"e=0.6,h=3.0,n=30,start_thres=1.25,min_cluster_size=3",hub,0.25,10,19,40,1730,0,0,40,1730,0.0,0.0,0.0,0.0,0.1631143336946314
fbc_tfnbs,"e=0.6,h=4.0,n=30,start_thres=1.25,min_cluster_size=3",hub,0.25,10,19,40,1730,0,0,40,1730,0.0,0.0,0.0,0.0,0.1631143336946314
fbc_tfnbs,"e=0.6,h=5.0,n=30,start_thres=1.25,min_cluster_size=3",hub,0.25,10,19,40,1730,0,0,40,1730,0.0,0.0,0.0,0.0,0.1631143336946314
fbc_tfnbs,"e=0.6,h=6.0,n=30,start_thres=1.25,min_cluster_size=3",hub,0.25,10,19,40,1730,0,0,40,1730,0.0,0.0,0.0,0.0,0.1631143336946314
fbc_tfnbs,"e=0.6,h=7.0,n=30,start_thres=1.25,min_cluster_size=3",hub,0.25,10,19,40,1730,0,0,40,1730,0.0,0.0,0.0,0.0,0.1631143336946314
fbc_tfnbs,"e=0.6,h=8.0,n=30,start_thres=1.25,min_cluster_size=3",hub,0.25,10,19,40,1730,0,0,40,1730,0.0,0.0,0.0,0.0,0.1631143336946314
fbc_tfnbs,"e=0.6,h=9.0,n=30,start_thres=1.25,min_cluster_size=3",hub,0.25,10,19,40,1730,0,0,40,1730,0.0,0.0,0.0,0.0,0.1631143336946314
fbc_tfnbs,"e=0.6,h=10.0,n=30,start_thres=1.25,min_cluster_size=3",hub,0.25,10,19,40,1730,0,0,40,1730,0.0,0.0,0.0,0.0,0.1631143336946314
fbc_tfnbs,"e=0.7,h=0.5,n=30,start_thres=1.25,min_cluster_size=3",hub,0.25,10,19,40,1730,0,0,40,1730,0.0,0.0,0.0,0.0,0.1631143336946314
fbc_tfnbs,"e=0.7,h=1.0,n=30,start_thres=1.25,min_cluster_size=3",hub,0.25,10,19,40,1730,0,0,40,1730,0.0,0.0,0.0,0.0,0.1631143336946314
fbc_tfnbs,"e=0.7,h=2.0,n=30,start_thres=1.25,min_cluster_size=3",hub,0.25,10,19,40,1730,0,0,40,1730,0.0,0.0,0.0,0.0,0.1631143336946314
fbc_tfnbs,"e=0.7,h=3.0,n=30,start_thres=1.25,min_cluster_size=3",hub,0.25,10,19,40,1730,0,0,40,1730,0.0,0.0,0.0,0.0,0.1631143336946314
fbc_tfnbs,"e=0.7,h=4.0,n=30,start_thres=1.25,min_cluster_size=3",hub,0.25,10,19,40,1730,0,0,40,1730,0.0,0.0,0.0,0.0,0.1631143336946314
fbc_tfnbs,"e=0.7,h=5.0,n=30,start_thres=1.25,min_cluster_size=3",hub,0.25,10,19,40,1730,0,0,40,1730,0.0,0.0,0.0,0.0,0.1631143336946314
fbc_tfnbs,"e=0.7,h=6.0,n=30,start_thres=1.25,min_cluster_size=3",hub,0.25,10,19,40,1730,0,0,40,1730,0.0,0.0,0.0,0.0,0.1631143336946314
fbc_tfnbs,"e=0.7,h=7.0,n=30,start_thres=1.25,min_cluster_size=3",hub,0.25,10,19,40,1730,0,0,40,1730,0.0,0.0,0.0,0.0,0.1631143336946314
fbc_tfnbs,"e=0.7,h=8.0,n=30,start_thres=1.25,min_cluster_size=3",hub,0.25,10,19,40,1730,0,0,40,1730,0.0,0.0,0.0,0.0,0.1631143336946314
fbc_tfnbs,"e=0.7,h=9.0,n=30,start_thres=1.25,min_cluster_size=3",hub,0.25,10,19,40,1730,0,0,40,1730,0.0,0.0,0.0,0.0,0.1631143336946314
fbc_tfnbs,"e=0.7,h=10.0,n=30,start_thres=1.25,min_cluster_size=3",hub,0.25,10,19,40,1730,0,0,40,1730,0.0,0.0,0.0,0.0,0.1631143336946314
fbc_tfnbs,"e=0.8,h=0.5,n=30,start_thres=1.25,min_cluster_size=3",hub,0.25,10,19,40,1730,0,0,40,1730,0.0,0.0,0.0,0.0,0.1631143336946314
fbc_tfnbs,"e=0.8,h=1.0,n=30,start_thres=1.25,min_cluster_size=3",hub,0.25,10,19,40,1730,0,0,40,1730,0.0,0.0,0.0,0.0,0.1631143336946314
fbc_tfnbs,"e=0.8,h=2.0,n=30,start_thres=1.25,min_cluster_size=3",hub,0.25,10,19,40,1730,0,0,40,1730,0.0,0.0,0.0,0.0,0.1631143336946314
fbc_tfnbs,"e=0.8,h=3.0,n=30,start_thres=1.25,min_cluster_size=3",hub,0.25,10,19,40,1730,0,0,40,1730,0.0,0.0,0.0,0.0,0.1631143336946314
fbc_tfnbs,"e=0.8,h=4.0,n=30,start_thres=1.25,min_cluster_size=3",hub,0.25,10,19,40,1730,0,0,40,1730,0.0,0.0,0.0,0.0,0.1631143336946314
fbc_tfnbs,"e=0.8,h=5.0,n=30,start_thres=1.25,min_cluster_size=3",hub,0.25,10,19,40,1730,0,0,40,1730,0.0,0.0,0.0,0.0,0.1631143336946314
fbc_tfnbs,"e=0.8,h=6.0,n=30,start_thres=1.25,min_cluster_size=3",hub,0.25,10,19,40,1730,0,0,40,1730,0.0,0.0,0.0,0.0,0.1631143336946314
fbc_tfnbs,"e=0.8,h=7.0,n=30,start_thres=1.25,min_cluster_size=3",hub,0.25,10,19,40,1730,0,0,40,1730,0.0,0.0,0.0,0.0,0.1631143336946314
fbc_tfnbs,"e=0.8,h=8.0,n=30,start_thres=1.25,min_cluster_size=3",hub,0.25,10,19,40,1730,0,0,40,1730,0.0,0.0,0.0,0.0,0.1631143336946314
fbc_tfnbs,"e=0.8,h=9.0,n=30,start_thres=1.25,min_cluster_size=3",hub,0.25,10,19,40,1730,0,0,40,1730,0.0,0.0,0.0,0.0,0.1631143336946314
fbc_tfnbs,"e=0.8,h=10.0,n=30,start_thres=1.25,min_cluster_size=3",hub,0.25,10,19,40,1730,0,0,40,1730,0.0,0.0,0.0,0.0,0.1631143336946314
fbc_tfnbs,"e=0.9,h=0.5,n=30,start_thres=1.25,min_cluster_size=3",hub,0.25,10,19,40,1730,0,0,40,1730,0.0,0.0,0.0,0.0,0.1631143336946314
fbc_tfnbs,"e=0.9,h=1.0,n=30,start_thres=1.25,min_cluster_size=3",hub,0.25,10,19,40,1730,0,0,40,1730,0.0,0.0,0.0,0.0,0.1631143336946314
fbc_tfnbs,"e=0.9,h=2.0,n=30,start_thres=1.25,min_cluster_size=3",hub,0.25,10,19,40,1730,0,0,40,1730,0.0,0.0,0.0,0.0,0.1631143336946314
fbc_tfnbs,"e=0.9,h=3.0,n=30,start_thres=1.25,min_cluster_size=3",hub,0.25,10,19,40,1730,0,0,40,1730,0.0,0.0,0.0,0.0,0.1631143336946314
fbc_tfnbs,"e=0.9,h=4.0,n=30,start_thres=1.25,min_cluster_size=3",hub,0.25,10,19,40,1730,0,0,40,1730,0.0,0.0,0.0,0.0,0.1631143336946314
fbc_tfnbs,"e=0.9,h=5.0,n=30,start_thres=1.25,min_cluster_size=3",hub,0.25,10,19,40,1730,0,0,40,1730,0.0,0.0,0.0,0.0,0.1631143336946314
fbc_tfnbs,"e=0.9,h=6.0,n=30,start_thres=1.25,min_cluster_size=3",hub,0.25,10,19,40,1730,0,0,40,1730,0.0,0.0,0.0,0.0,0.1631143336946314
fbc_tfnbs,"e=0.9,h=7.0,n=30,start_thres=1.25,min_cluster_size=3",hub,0.25,10,19,40,1730,0,0,40,1730,0.0,0.0,0.0,0.0,0.1631143336946314
fbc_tfnbs,"e=0.9,h=8.0,n=30,start_thres=1.25,min_cluster_size=3",hub,0.25,10,19,40,1730,0,0,40,1730,0.0,0.0,0.0,0.0,0.1631143336946314
fbc_tfnbs,"e=0.9,h=9.0,n=30,start_thres=1.25,min_cluster_size=3",hub,0.25,10,19,40,1730,0,0,40,1730,0.0,0.0,0.0,0.0,0.1631143336946314
fbc_tfnbs,"e=0.9,h=10.0,n=30,start_thres=1.25,min_cluster_size=3",hub,0.25,10,19,40,1730,0,0,40,1730,0.0,0.0,0.0,0.0,0.1631143336946314
fbc_tfnbs,"e=1.0,h=0.5,n=30,start_thres=1.25,min_cluster_size=3",hub,0.25,10,19,40,1730,0,0,40,1730,0.0,0.0,0.0,0.0,0.1631143336946314
fbc_tfnbs,"e=1.0,h=1.0,n=30,start_thres=1.25,min_cluster_size=3",hub,0.25,10,19,40,1730,0,0,40,1730,0.0,0.0,0.0,0.0,0.1631143336946314
fbc_tfnbs,"e=1.0,h=2.0,n=30,start_thres=1.25,min_cluster_size=3",hub,0.25,10,19,40,1730,0,0,40,1730,0.0,0.0,0.0,0.0,0.1631143336946314
fbc_tfnbs,"e=1.0,h=3.0,n=30,start_thres=1.25,min_cluster_size=3",hub,0.25,10,19,40,1730,0,0,40,1730,0.0,0.0,0.0,0.0,0.1631143336946314
fbc_tfnbs,"e=1.0,h=4.0,n=30,start_thres=1.25,min_cluster_size=3",hub,0.25,10,19,40,1730,0,0,40,1730,0.0,0.0,0.0,0.0,0.1631143336946314
fbc_tfnbs,"e=1.0,h=5.0,n=30,start_thres=1.25,min_cluster_size=3",hub,0.25,10,19,40,1730,0,0,40,1730,0.0,0.0,0.0,0.0,0.1631143336946314
fbc_tfnbs,"e=1.0,h=6.0,n=30,start_thres=1.25,min_cluster_size=3",hub,0.25,10,19,40,1730,0,0,40,1730,0.0,0.0,0.0,0.0,0.1631143336946314
fbc_tfnbs,"e=1.0,h=7.0,n=30,start_thres=1.25,min_cluster_size=3",hub,0.25,10,19,40,1730,0,0,40,1730,0.0,0.0,0.0,0.0,0.1631143336946314
fbc_tfnbs,"e=1.0,h=8.0,n=30,start_thres=1.25,min_cluster_size=3",hub,0.25,10,19,40,1730,0,0,40,1730,0.0,0.0,0.0,0.0,0.1631143336946314
fbc_tfnbs,"e=1.0,h=9.0,n=30,start_thres=1.25,min_cluster_size=3",hub,0.25,10,19,40,1730,0,0,40,1730,0.0,0.0,0.0,0.0,0.1631143336946314
fbc_tfnbs,"e=1.0,h=10.0,n=30,start_thres=1.25,min_cluster_size=3",hub,0.25,10,19,40,1730,0,0,40,1730,0.0,0.0,0.0,0.0,0.1631143336946314
fbc_tfnbs,"e=1.1,h=0.5,n=30,start_thres=1.25,min_cluster_size=3",hub,0.25,10,19,40,1730,0,0,40,1730,0.0,0.0,0.0,0.0,0.1631143336946314
fbc_tfnbs,"e=1.1,h=1.0,n=30,start_thres=1.25,min_cluster_size=3",hub,0.25,10,19,40,1730,0,0,40,1730,0.0,0.0,0.0,0.0,0.1631143336946314
fbc_tfnbs,"e=1.1,h=2.0,n=30,start_thres=1.25,min_cluster_size=3",hub,0.25,10,19,40,1730,0,0,40,1730,0.0,0.0,0.0,0.0,0.1631143336946314
fbc_tfnbs,"e=1.1,h=3.0,n=30,start_thres=1.25,min_cluster_size=3",hub,0.25,10,19,40,1730,0,0,40,1730,0.0,0.0,0.0,0.0,0.1631143336946314
fbc_tfnbs,"e=1.1,h=4.0,n=30,start_thres=1.25,min_cluster_size=3",hub,0.25,10,19,40,1730,0,0,40,1730,0.0,0.0,0.0,0.0,0.1631143336946314
fbc_tfnbs,"e=1.1,h=5.0,n=30,start_thres=1.25,min_cluster_size=3",hub,0.25,10,19,40,1730,0,0,40,1730,0.0,0.0,0.0,0.0,0.1631143336946314
fbc_tfnbs,"e=1.1,h=6.0,n=30,start_thres=1.25,min_cluster_size=3",hub,0.25,10,19,40,1730,0,0,40,1730,0.0,0.0,0.0,0.0,0.1631143336946314
fbc_tfnbs,"e=1.1,h=7.0,n=30,start_thres=1.25,min_cluster_size=3",hub,0.25,10,19,40,1730,0,0,40,1730,0.0,0.0,0.0,0.0,0.1631143336946314
fbc_tfnbs,"e=1.1,h=8.0,n=30,start_thres=1.25,min_cluster_size=3",hub,0.25,10,19,40,1730,0,0,40,1730,0.0,0.0,0.0,0.0,0.1631143336946314
fbc_tfnbs,"e=1.1,h=9.0,n=30,start_thres=1.25,min_cluster_size=3",hub,0.25,10,19,40,1730,0,0,40,1730,0.0,0.0,0.0,0.0,0.1631143336946314
fbc_tfnbs,"e=1.1,h=10.0,n=30,start_thres=1.25,min_cluster_size=3",hub,0.25,10,19,40,1730,0,0,40,1730,0.0,0.0,0.0,0.0,0.1631143336946314
fbc_tfnbs,"e=1.2,h=0.5,n=30,start_thres=1.25,min_cluster_size=3",hub,0.25,10,19,40,1730,0,0,40,1730,0.0,0.0,0.0,0.0,0.1631143336946314
fbc_tfnbs,"e=1.2,h=1.0,n=30,start_thres=1.25,min_cluster_size=3",hub,0.25,10,19,40,1730,0,0,40,1730,0.0,0.0,0.0,0.0,0.1631143336946314
fbc_tfnbs,"e=1.2,h=2.0,n=30,start_thres=1.25,min_cluster_size=3",hub,0.25,10,19,40,1730,0,0,40,1730,0.0,0.0,0.0,0.0,0.1631143336946314
fbc_tfnbs,"e=1.2,h=3.0,n=30,start_thres=1.25,min_cluster_size=3",hub,0.25,10,19,40,1730,0,0,40,1730,0.0,0.0,0.0,0.0,0.1631143336946314
fbc_tfnbs,"e=1.2,h=4.0,n=30,start_thres=1.25,min_cluster_size=3",hub,0.25,10,19,40,1730,0,0,40,1730,0.0,0.0,0.0,0.0,0.1631143336946314
fbc_tfnbs,"e=1.2,h=5.0,n=30,start_thres=1.25,min_cluster_size=3",hub,0.25,10,19,40,1730,0,0,40,1730,0.0,0.0,0.0,0.0,0.1631143336946314
fbc_tfnbs,"e=1.2,h=6.0,n=30,start_thres=1.25,min_cluster_size=3",hub,0.25,10,19,40,1730,0,0,40,1730,0.0,0.0,0.0,0.0,0.1631143336946314
fbc_tfnbs,"e=1.2,h=7.0,n=30,start_thres=1.25,min_cluster_size=3",hub,0.25,10,19,40,1730,0,0,40,1730,0.0,0.0,0.0,0.0,0.1631143336946314
fbc_tfnbs,"e=1.2,h=8.0,n=30,start_thres=1.25,min_cluster_size=3",hub,0.25,10,19,40,1730,0,0,40,1730,0.0,0.0,0.0,0.0,0.1631143336946314
fbc_tfnbs,"e=1.2,h=9.0,n=30,start_thres=1.25,min_cluster_size=3",hub,0.25,10,19,40,1730,0,0,40,1730,0.0,0.0,0.0,0.0,0.1631143336946314
fbc_tfnbs,"e=1.2,h=10.0,n=30,start_thres=1.25,min_cluster_size=3",hub,0.25,10,19,40,1730,0,0,40,1730,0.0,0.0,0.0,0.0,0.1631143336946314
fbc_tfnbs,"e=1.3,h=0.5,n=30,start_thres=1.25,min_cluster_size=3",hub,0.25,10,19,40,1730,0,0,40,1730,0.0,0.0,0.0,0.0,0.1631143336946314
fbc_tfnbs,"e=1.3,h=1.0,n=30,start_thres=1.25,min_cluster_size=3",hub,0.25,10,19,40,1730,0,0,40,1730,0.0,0.0,0.0,0.0,0.1631143336946314
fbc_tfnbs,"e=1.3,h=2.0,n=30,start_thres=1.25,min_cluster_size=3",hub,0.25,10,19,40,1730,0,0,40,1730,0.0,0.0,0.0,0.0,0.1631143336946314
fbc_tfnbs,"e=1.3,h=3.0,n=30,start_thres=1.25,min_cluster_size=3",hub,0.25,10,19,40,1730,0,0,40,1730,0.0,0.0,0.0,0.0,0.1631143336946314
fbc_tfnbs,"e=1.3,h=4.0,n=30,start_thres=1.25,min_cluster_size=3",hub,0.25,10,19,40,1730,0,0,40,1730,0.0,0.0,0.0,0.0,0.1631143336946314
fbc_tfnbs,"e=1.3,h=5.0,n=30,start_thres=1.25,min_cluster_size=3",hub,0.25,10,19,40,1730,0,0,40,1730,0.0,0.0,0.0,0.0,0.1631143336946314
fbc_tfnbs,"e=1.3,h=6.0,n=30,start_thres=1.25,min_cluster_size=3",hub,0.25,10,19,40,1730,0,0,40,1730,0.0,0.0,0.0,0.0,0.1631143336946314
fbc_tfnbs,"e=1.3,h=7.0,n=30,start_thres=1.25,min_cluster_size=3",hub,0.25,10,19,40,1730,0,0,40,1730,0.0,0.0,0.0,0.0,0.1631143336946314
fbc_tfnbs,"e=1.3,h=8.0,n=30,start_thres=1.25,min_cluster_size=3",hub,0.25,10,19,40,1730,0,0,40,1730,0.0,0.0,0.0,0.0,0.1631143336946314
fbc_tfnbs,"e=1.3,h=9.0,n=30,start_thres=1.25,min_cluster_size=3",hub,0.25,10,19,40,1730,0,0,40,1730,0.0,0.0,0.0,0.0,0.1631143336946314
fbc_tfnbs,"e=1.3,h=10.0,n=30,start_thres=1.25,min_cluster_size=3",hub,0.25,10,19,40,1730,0,0,40,1730,0.0,0.0,0.0,0.0,0.1631143336946314
fbc_tfnbs,"e=1.4,h=0.5,n=30,start_thres=1.25,min_cluster_size=3",hub,0.25,10,19,40,1730,0,0,40,1730,0.0,0.0,0.0,0.0,0.1631143336946314
fbc_tfnbs,"e=1.4,h=1.0,n=30,start_thres=1.25,min_cluster_size=3",hub,0.25,10,19,40,1730,0,0,40,1730,0.0,0.0,0.0,0.0,0.1631143336946314
fbc_tfnbs,"e=1.4,h=2.0,n=30,start_thres=1.25,min_cluster_size=3",hub,0.25,10,19,40,1730,0,0,40,1730,0.0,0.0,0.0,0.0,0.1631143336946314
fbc_tfnbs,"e=1.4,h=3.0,n=30,start_thres=1.25,min_cluster_size=3",hub,0.25,10,19,40,1730,0,0,40,1730,0.0,0.0,0.0,0.0,0.1631143336946314
fbc_tfnbs,"e=1.4,h=4.0,n=30,start_thres=1.25,min_cluster_size=3",hub,0.25,10,19,40,1730,0,0,40,1730,0.0,0.0,0.0,0.0,0.1631143336946314
fbc_tfnbs,"e=1.4,h=5.0,n=30,start_thres=1.25,min_cluster_size=3",hub,0.25,10,19,40,1730,0,0,40,1730,0.0,0.0,0.0,0.0,0.1631143336946314
fbc_tfnbs,"e=1.4,h=6.0,n=30,start_thres=1.25,min_cluster_size=3",hub,0.25,10,19,40,1730,0,0,40,1730,0.0,0.0,0.0,0.0,0.1631143336946314
fbc_tfnbs,"e=1.4,h=7.0,n=30,start_thres=1.25,min_cluster_size=3",hub,0.25,10,19,40,1730,0,0,40,1730,0.0,0.0,0.0,0.0,0.1631143336946314
fbc_tfnbs,"e=1.4,h=8.0,n=30,start_thres=1.25,min_cluster_size=3",hub,0.25,10,19,40,1730,0,0,40,1730,0.0,0.0,0.0,0.0,0.1631143336946314
fbc_tfnbs,"e=1.4,h=9.0,n=30,start_thres=1.25,min_cluster_size=3",hub,0.25,10,19,40,1730,0,0,40,1730,0.0,0.0,0.0,0.0,0.1631143336946314
fbc_tfnbs,"e=1.4,h=10.0,n=30,start_thres=1.25,min_cluster_size=3",hub,0.25,10,19,40,1730,0,0,40,1730,0.0,0.0,0.0,0.0,0.1631143336946314
fbc_tfnbs,"e=1.5,h=0.5,n=30,start_thres=1.25,min_cluster_size=3",hub,0.25,10,19,40,1730,0,0,40,1730,0.0,0.0,0.0,0.0,0.1631143336946314
fbc_tfnbs,"e=1.5,h=1.0,n=30,start_thres=1.25,min_cluster_size=3",hub,0.25,10,19,40,1730,0,0,40,1730,0.0,0.0,0.0,0.0,0.1631143336946314
fbc_tfnbs,"e=1.5,h=2.0,n=30,start_thres=1.25,min_cluster_size=3",hub,0.25,10,19,40,1730,0,0,40,1730,0.0,0.0,0.0,0.0,0.1631143336946314
fbc_tfnbs,"e=1.5,h=3.0,n=30,start_thres=1.25,min_cluster_size=3",hub,0.25,10,19,40,1730,0,0,40,1730,0.0,0.0,0.0,0.0,0.1631143336946314
fbc_tfnbs,"e=1.5,h=4.0,n=30,start_thres=1.25,min_cluster_size=3",hub,0.25,10,19,40,1730,0,0,40,1730,0.0,0.0,0.0,0.0,0.1631143336946314
fbc_tfnbs,"e=1.5,h=5.0,n=30,start_thres=1.25,min_cluster_size=3",hub,0.25,10,19,40,1730,0,0,40,1730,0.0,0.0,0.0,0.0,0.1631143336946314
fbc_tfnbs,"e=1.5,h=6.0,n=30,start_thres=1.25,min_cluster_size=3",hub,0.25,10,19,40,1730,0,0,40,1730,0.0,0.0,0.0,0.0,0.1631143336946314
fbc_tfnbs,"e=1.5,h=7.0,n=30,start_thres=1.25,min_cluster_size=3",hub,0.25,10,19,40,1730,0,0,40,1730,0.0,0.0,0.0,0.0,0.1631143336946314
fbc_tfnbs,"e=1.5,h=8.0,n=30,start_thres=1.25,min_cluster_size=3",hub,0.25,10,19,40,1730,0,0,40,1730,0.0,0.0,0.0,0.0,0.1631143336946314
fbc_tfnbs,"e=1.5,h=9.0,n=30,start_thres=1.25,min_cluster_size=3",hub,0.25,10,19,40,1730,0,0,40,1730,0.0,0.0,0.0,0.0,0.1631143336946314
fbc_tfnbs,"e=1.5,h=10.0,n=30,start_thres=1.25,min_cluster_size=3",hub,0.25,10,19,40,1730,0,0,40,1730,0.0,0.0,0.0,0.0,0.1631143336946314
fbc_tfnbs,"e=0.05,h=0.5,n=30,start_thres=1.25,min_cluster_size=3",hub,0.25,10,20,40,1730,0,0,40,1730,0.0,0.0,0.0,0.0,0.1653220463882793
fbc_tfnbs,"e=0.05,h=1.0,n=30,start_thres=1.25,min_cluster_size=3",hub,0.25,10,20,40,1730,0,0,40,1730,0.0,0.0,0.0,0.0,0.1653220463882793
fbc_tfnbs,"e=0.05,h=2.0,n=30,start_thres=1.25,min_cluster_size=3",hub,0.25,10,20,40,1730,0,0,40,1730,0.0,0.0,0.0,0.0,0.1653220463882793
fbc_tfnbs,"e=0.05,h=3.0,n=30,start_thres=1.25,min_cluster_size=3",hub,0.25,10,20,40,1730,0,0,40,1730,0.0,0.0,0.0,0.0,0.1653220463882793
fbc_tfnbs,"e=0.05,h=4.0,n=30,start_thres=1.25,min_cluster_size=3",hub,0.25,10,20,40,1730,0,0,40,1730,0.0,0.0,0.0,0.0,0.1653220463882793
fbc_tfnbs,"e=0.05,h=5.0,n=30,start_thres=1.25,min_cluster_size=3",hub,0.25,10,20,40,1730,0,0,40,1730,0.0,0.0,0.0,0.0,0.1653220463882793
fbc_tfnbs,"e=0.05,h=6.0,n=30,start_thres=1.25,min_cluster_size=3",hub,0.25,10,20,40,1730,0,0,40,1730,0.0,0.0,0.0,0.0,0.1653220463882793
fbc_tfnbs,"e=0.05,h=7.0,n=30,start_thres=1.25,min_cluster_size=3",hub,0.25,10,20,40,1730,0,0,40,1730,0.0,0.0,0.0,0.0,0.1653220463882793
fbc_tfnbs,"e=0.05,h=8.0,n=30,start_thres=1.25,min_cluster_size=3",hub,0.25,10,20,40,1730,0,0,40,1730,0.0,0.0,0.0,0.0,0.1653220463882793
fbc_tfnbs,"e=0.05,h=9.0,n=30,start_thres=1.25,min_cluster_size=3",hub,0.25,10,20,40,1730,0,0,40,1730,0.0,0.0,0.0,0.0,0.1653220463882793
fbc_tfnbs,"e=0.05,h=10.0,n=30,start_thres=1.25,min_cluster_size=3",hub,0.25,10,20,40,1730,0,0,40,1730,0.0,0.0,0.0,0.0,0.1653220463882793
fbc_tfnbs,"e=0.1,h=0.5,n=30,start_thres=1.25,min_cluster_size=3",hub,0.25,10,20,40,1730,0,0,40,1730,0.0,0.0,0.0,0.0,0.1653220463882793
fbc_tfnbs,"e=0.1,h=1.0,n=30,start_thres=1.25,min_cluster_size=3",hub,0.25,10,20,40,1730,0,0,40,1730,0.0,0.0,0.0,0.0,0.1653220463882793
fbc_tfnbs,"e=0.1,h=2.0,n=30,start_thres=1.25,min_cluster_size=3",hub,0.25,10,20,40,1730,0,0,40,1730,0.0,0.0,0.0,0.0,0.1653220463882793
fbc_tfnbs,"e=0.1,h=3.0,n=30,start_thres=1.25,min_cluster_size=3",hub,0.25,10,20,40,1730,0,0,40,1730,0.0,0.0,0.0,0.0,0.1653220463882793
fbc_tfnbs,"e=0.1,h=4.0,n=30,start_thres=1.25,min_cluster_size=3",hub,0.25,10,20,40,1730,0,0,40,1730,0.0,0.0,0.0,0.0,0.1653220463882793
fbc_tfnbs,"e=0.1,h=5.0,n=30,start_thres=1.25,min_cluster_size=3",hub,0.25,10,20,40,1730,0,0,40,1730,0.0,0.0,0.0,0.0,0.1653220463882793
fbc_tfnbs,"e=0.1,h=6.0,n=30,start_thres=1.25,min_cluster_size=3",hub,0.25,10,20,40,1730,0,0,40,1730,0.0,0.0,0.0,0.0,0.1653220463882793
fbc_tfnbs,"e=0.1,h=7.0,n=30,start_thres=1.25,min_cluster_size=3",hub,0.25,10,20,40,1730,0,0,40,1730,0.0,0.0,0.0,0.0,0.1653220463882793
fbc_tfnbs,"e=0.1,h=8.0,n=30,start_thres=1.25,min_cluster_size=3",hub,0.25,10,20,40,1730,0,0,40,1730,0.0,0.0,0.0,0.0,0.1653220463882793
fbc_tfnbs,"e=0.1,h=9.0,n=30,start_thres=1.25,min_cluster_size=3",hub,0.25,10,20,40,1730,0,0,40,1730,0.0,0.0,0.0,0.0,0.1653220463882793
fbc_tfnbs,"e=0.1,h=10.0,n=30,start_thres=1.25,min_cluster_size=3",hub,0.25,10,20,40,1730,0,0,40,1730,0.0,0.0,0.0,0.0,0.1653220463882793
fbc_tfnbs,"e=0.2,h=0.5,n=30,start_thres=1.25,min_cluster_size=3",hub,0.25,10,20,40,1730,0,0,40,1730,0.0,0.0,0.0,0.0,0.1653220463882793
fbc_tfnbs,"e=0.2,h=1.0,n=30,start_thres=1.25,min_cluster_size=3",hub,0.25,10,20,40,1730,0,0,40,1730,0.0,0.0,0.0,0.0,0.1653220463882793
fbc_tfnbs,"e=0.2,h=2.0,n=30,start_thres=1.25,min_cluster_size=3",hub,0.25,10,20,40,1730,0,0,40,1730,0.0,0.0,0.0,0.0,0.1653220463882793
fbc_tfnbs,"e=0.2,h=3.0,n=30,start_thres=1.25,min_cluster_size=3",hub,0.25,10,20,40,1730,0,0,40,1730,0.0,0.0,0.0,0.0,0.1653220463882793
fbc_tfnbs,"e=0.2,h=4.0,n=30,start_thres=1.25,min_cluster_size=3",hub,0.25,10,20,40,1730,0,0,40,1730,0.0,0.0,0.0,0.0,0.1653220463882793
fbc_tfnbs,"e=0.2,h=5.0,n=30,start_thres=1.25,min_cluster_size=3",hub,0.25,10,20,40,1730,0,0,40,1730,0.0,0.0,0.0,0.0,0.1653220463882793
fbc_tfnbs,"e=0.2,h=6.0,n=30,start_thres=1.25,min_cluster_size=3",hub,0.25,10,20,40,1730,0,0,40,1730,0.0,0.0,0.0,0.0,0.1653220463882793
fbc_tfnbs,"e=0.2,h=7.0,n=30,start_thres=1.25,min_cluster_size=3",hub,0.25,10,20,40,1730,0,0,40,1730,0.0,0.0,0.0,0.0,0.1653220463882793
fbc_tfnbs,"e=0.2,h=8.0,n=30,start_thres=1.25,min_cluster_size=3",hub,0.25,10,20,40,1730,0,0,40,1730,0.0,0.0,0.0,0.0,0.1653220463882793
fbc_tfnbs,"e=0.2,h=9.0,n=30,start_thres=1.25,min_cluster_size=3",hub,0.25,10,20,40,1730,0,0,40,1730,0.0,0.0,0.0,0.0,0.1653220463882793
fbc_tfnbs,"e=0.2,h=10.0,n=30,start_thres=1.25,min_cluster_size=3",hub,0.25,10,20,40,1730,0,0,40,1730,0.0,0.0,0.0,0.0,0.1653220463882793
fbc_tfnbs,"e=0.3,h=0.5,n=30,start_thres=1.25,min_cluster_size=3",hub,0.25,10,20,40,1730,0,0,40,1730,0.0,0.0,0.0,0.0,0.1653220463882793
fbc_tfnbs,"e=0.3,h=1.0,n=30,start_thres=1.25,min_cluster_size=3",hub,0.25,10,20,40,1730,0,0,40,1730,0.0,0.0,0.0,0.0,0.1653220463882793
fbc_tfnbs,"e=0.3,h=2.0,n=30,start_thres=1.25,min_cluster_size=3",hub,0.25,10,20,40,1730,0,0,40,1730,0.0,0.0,0.0,0.0,0.1653220463882793
fbc_tfnbs,"e=0.3,h=3.0,n=30,start_thres=1.25,min_cluster_size=3",hub,0.25,10,20,40,1730,0,0,40,1730,0.0,0.0,0.0,0.0,0.1653220463882793
fbc_tfnbs,"e=0.3,h=4.0,n=30,start_thres=1.25,min_cluster_size=3",hub,0.25,10,20,40,1730,0,0,40,1730,0.0,0.0,0.0,0.0,0.1653220463882793
fbc_tfnbs,"e=0.3,h=5.0,n=30,start_thres=1.25,min_cluster_size=3",hub,0.25,10,20,40,1730,0,0,40,1730,0.0,0.0,0.0,0.0,0.1653220463882793
fbc_tfnbs,"e=0.3,h=6.0,n=30,start_thres=1.25,min_cluster_size=3",hub,0.25,10,20,40,1730,0,0,40,1730,0.0,0.0,0.0,0.0,0.1653220463882793
fbc_tfnbs,"e=0.3,h=7.0,n=30,start_thres=1.25,min_cluster_size=3",hub,0.25,10,20,40,1730,0,0,40,1730,0.0,0.0,0.0,0.0,0.1653220463882793
fbc_tfnbs,"e=0.3,h=8.0,n=30,start_thres=1.25,min_cluster_size=3",hub,0.25,10,20,40,1730,0,0,40,1730,0.0,0.0,0.0,0.0,0.1653220463882793
fbc_tfnbs,"e=0.3,h=9.0,n=30,start_thres=1.25,min_cluster_size=3",hub,0.25,10,20,40,1730,0,0,40,1730,0.0,0.0,0.0,0.0,0.1653220463882793
fbc_tfnbs,"e=0.3,h=10.0,n=30,start_thres=1.25,min_cluster_size=3",hub,0.25,10,20,40,1730,0,0,40,1730,0.0,0.0,0.0,0.0,0.1653220463882793
fbc_tfnbs,"e=0.4,h=0.5,n=30,start_thres=1.25,min_cluster_size=3",hub,0.25,10,20,40,1730,0,0,40,1730,0.0,0.0,0.0,0.0,0.1653220463882793
fbc_tfnbs,"e=0.4,h=1.0,n=30,start_thres=1.25,min_cluster_size=3",hub,0.25,10,20,40,1730,0,0,40,1730,0.0,0.0,0.0,0.0,0.1653220463882793
fbc_tfnbs,"e=0.4,h=2.0,n=30,start_thres=1.25,min_cluster_size=3",hub,0.25,10,20,40,1730,0,0,40,1730,0.0,0.0,0.0,0.0,0.1653220463882793
fbc_tfnbs,"e=0.4,h=3.0,n=30,start_thres=1.25,min_cluster_size=3",hub,0.25,10,20,40,1730,0,0,40,1730,0.0,0.0,0.0,0.0,0.1653220463882793
fbc_tfnbs,"e=0.4,h=4.0,n=30,start_thres=1.25,min_cluster_size=3",hub,0.25,10,20,40,1730,0,0,40,1730,0.0,0.0,0.0,0.0,0.1653220463882793
fbc_tfnbs,"e=0.4,h=5.0,n=30,start_thres=1.25,min_cluster_size=3",hub,0.25,10,20,40,1730,0,0,40,1730,0.0,0.0,0.0,0.0,0.1653220463882793
fbc_tfnbs,"e=0.4,h=6.0,n=30,start_thres=1.25,min_cluster_size=3",hub,0.25,10,20,40,1730,0,0,40,1730,0.0,0.0,0.0,0.0,0.1653220463882793
fbc_tfnbs,"e=0.4,h=7.0,n=30,start_thres=1.25,min_cluster_size=3",hub,0.25,10,20,40,1730,0,0,40,1730,0.0,0.0,0.0,0.0,0.1653220463882793
fbc_tfnbs,"e=0.4,h=8.0,n=30,start_thres=1.25,min_cluster_size=3",hub,0.25,10,20,40,1730,0,0,40,1730,0.0,0.0,0.0,0.0,0.1653220463882793
fbc_tfnbs,"e=0.4,h=9.0,n=30,start_thres=1.25,min_cluster_size=3",hub,0.25,10,20,40,1730,0,0,40,1730,0.0,0.0,0.0,0.0,0.1653220463882793
fbc_tfnbs,"e=0.4,h=10.0,n=30,start_thres=1.25,min_cluster_size=3",hub,0.25,10,20,40,1730,0,0,40,1730,0.0,0.0,0.0,0.0,0.1653220463882793
fbc_tfnbs,"e=0.5,h=0.5,n=30,start_thres=1.25,min_cluster_size=3",hub,0.25,10,20,40,1730,0,0,40,1730,0.0,0.0,0.0,0.0,0.1653220463882793
fbc_tfnbs,"e=0.5,h=1.0,n=30,start_thres=1.25,min_cluster_size=3",hub,0.25,10,20,40,1730,0,0,40,1730,0.0,0.0,0.0,0.0,0.1653220463882793
fbc_tfnbs,"e=0.5,h=2.0,n=30,start_thres=1.25,min_cluster_size=3",hub,0.25,10,20,40,1730,0,0,40,1730,0.0,0.0,0.0,0.0,0.1653220463882793
fbc_tfnbs,"e=0.5,h=3.0,n=30,start_thres=1.25,min_cluster_size=3",hub,0.25,10,20,40,1730,0,0,40,1730,0.0,0.0,0.0,0.0,0.1653220463882793
fbc_tfnbs,"e=0.5,h=4.0,n=30,start_thres=1.25,min_cluster_size=3",hub,0.25,10,20,40,1730,0,0,40,1730,0.0,0.0,0.0,0.0,0.1653220463882793
fbc_tfnbs,"e=0.5,h=5.0,n=30,start_thres=1.25,min_cluster_size=3",hub,0.25,10,20,40,1730,0,0,40,1730,0.0,0.0,0.0,0.0,0.1653220463882793
fbc_tfnbs,"e=0.5,h=6.0,n=30,start_thres=1.25,min_cluster_size=3",hub,0.25,10,20,40,1730,0,0,40,1730,0.0,0.0,0.0,0.0,0.1653220463882793
fbc_tfnbs,"e=0.5,h=7.0,n=30,start_thres=1.25,min_cluster_size=3",hub,0.25,10,20,40,1730,0,0,40,1730,0.0,0.0,0.0,0.0,0.1653220463882793
fbc_tfnbs,"e=0.5,h=8.0,n=30,start_thres=1.25,min_cluster_size=3",hub,0.25,10,20,40,1730,0,0,40,1730,0.0,0.0,0.0,0.0,0.1653220463882793
fbc_tfnbs,"e=0.5,h=9.0,n=30,start_thres=1.25,min_cluster_size=3",hub,0.25,10,20,40,1730,0,0,40,1730,0.0,0.0,0.0,0.0,0.1653220463882793
fbc_tfnbs,"e=0.5,h=10.0,n=30,start_thres=1.25,min_cluster_size=3",hub,0.25,10,20,40,1730,0,0,40,1730,0.0,0.0,0.0,0.0,0.1653220463882793
fbc_tfnbs,"e=0.6,h=0.5,n=30,start_thres=1.25,min_cluster_size=3",hub,0.25,10,20,40,1730,0,0,40,1730,0.0,0.0,0.0,0.0,0.1653220463882793
fbc_tfnbs,"e=0.6,h=1.0,n=30,start_thres=1.25,min_cluster_size=3",hub,0.25,10,20,40,1730,0,0,40,1730,0.0,0.0,0.0,0.0,0.1653220463882793
fbc_tfnbs,"e=0.6,h=2.0,n=30,start_thres=1.25,min_cluster_size=3",hub,0.25,10,20,40,1730,0,0,40,1730,0.0,0.0,0.0,0.0,0.1653220463882793
fbc_tfnbs,"e=0.6,h=3.0,n=30,start_thres=1.25,min_cluster_size=3",hub,0.25,10,20,40,1730,0,0,40,1730,0.0,0.0,0.0,0.0,0.1653220463882793
fbc_tfnbs,"e=0.6,h=4.0,n=30,start_thres=1.25,min_cluster_size=3",hub,0.25,10,20,40,1730,0,0,40,1730,0.0,0.0,0.0,0.0,0.1653220463882793
fbc_tfnbs,"e=0.6,h=5.0,n=30,start_thres=1.25,min_cluster_size=3",hub,0.25,10,20,40,1730,0,0,40,1730,0.0,0.0,0.0,0.0,0.1653220463882793
fbc_tfnbs,"e=0.6,h=6.0,n=30,start_thres=1.25,min_cluster_size=3",hub,0.25,10,20,40,1730,0,0,40,1730,0.0,0.0,0.0,0.0,0.1653220463882793
fbc_tfnbs,"e=0.6,h=7.0,n=30,start_thres=1.25,min_cluster_size=3",hub,0.25,10,20,40,1730,0,0,40,1730,0.0,0.0,0.0,0.0,0.1653220463882793
fbc_tfnbs,"e=0.6,h=8.0,n=30,start_thres=1.25,min_cluster_size=3",hub,0.25,10,20,40,1730,0,0,40,1730,0.0,0.0,0.0,0.0,0.1653220463882793
fbc_tfnbs,"e=0.6,h=9.0,n=30,start_thres=1.25,min_cluster_size=3",hub,0.25,10,20,40,1730,0,0,40,1730,0.0,0.0,0.0,0.0,0.1653220463882793
fbc_tfnbs,"e=0.6,h=10.0,n=30,start_thres=1.25,min_cluster_size=3",hub,0.25,10,20,40,1730,0,0,40,1730,0.0,0.0,0.0,0.0,0.1653220463882793
fbc_tfnbs,"e=0.7,h=0.5,n=30,start_thres=1.25,min_cluster_size=3",hub,0.25,10,20,40,1730,0,0,40,1730,0.0,0.0,0.0,0.0,0.1653220463882793
fbc_tfnbs,"e=0.7,h=1.0,n=30,start_thres=1.25,min_cluster_size=3",hub,0.25,10,20,40,1730,0,0,40,1730,0.0,0.0,0.0,0.0,0.1653220463882793
fbc_tfnbs,"e=0.7,h=2.0,n=30,start_thres=1.25,min_cluster_size=3",hub,0.25,10,20,40,1730,0,0,40,1730,0.0,0.0,0.0,0.0,0.1653220463882793
fbc_tfnbs,"e=0.7,h=3.0,n=30,start_thres=1.25,min_cluster_size=3",hub,0.25,10,20,40,1730,0,0,40,1730,0.0,0.0,0.0,0.0,0.1653220463882793
fbc_tfnbs,"e=0.7,h=4.0,n=30,start_thres=1.25,min_cluster_size=3",hub,0.25,10,20,40,1730,0,0,40,1730,0.0,0.0,0.0,0.0,0.1653220463882793
fbc_tfnbs,"e=0.7,h=5.0,n=30,start_thres=1.25,min_cluster_size=3",hub,0.25,10,20,40,1730,0,0,40,1730,0.0,0.0,0.0,0.0,0.1653220463882793
fbc_tfnbs,"e=0.7,h=6.0,n=30,start_thres=1.25,min_cluster_size=3",hub,0.25,10,20,40,1730,0,0,40,1730,0.0,0.0,0.0,0.0,0.1653220463882793
fbc_tfnbs,"e=0.7,h=7.0,n=30,start_thres=1.25,min_cluster_size=3",hub,0.25,10,20,40,1730,0,0,40,1730,0.0,0.0,0.0,0.0,0.1653220463882793
fbc_tfnbs,"e=0.7,h=8.0,n=30,start_thres=1.25,min_cluster_size=3",hub,0.25,10,20,40,1730,0,0,40,1730,0.0,0.0,0.0,0.0,0.1653220463882793
fbc_tfnbs,"e=0.7,h=9.0,n=30,start_thres=1.25,min_cluster_size=3",hub,0.25,10,20,40,1730,0,0,40,1730,0.0,0.0,0.0,0.0,0.1653220463882793
fbc_tfnbs,"e=0.7,h=10.0,n=30,start_thres=1.25,min_cluster_size=3",hub,0.25,10,20,40,1730,0,0,40,1730,0.0,0.0,0.0,0.0,0.1653220463882793
fbc_tfnbs,"e=0.8,h=0.5,n=30,start_thres=1.25,min_cluster_size=3",hub,0.25,10,20,40,1730,0,0,40,1730,0.0,0.0,0.0,0.0,0.1653220463882793
fbc_tfnbs,"e=0.8,h=1.0,n=30,start_thres=1.25,min_cluster_size=3",hub,0.25,10,20,40,1730,0,0,40,1730,0.0,0.0,0.0,0.0,0.1653220463882793
fbc_tfnbs,"e=0.8,h=2.0,n=30,start_thres=1.25,min_cluster_size=3",hub,0.25,10,20,40,1730,0,0,40,1730,0.0,0.0,0.0,0.0,0.1653220463882793
fbc_tfnbs,"e=0.8,h=3.0,n=30,start_thres=1.25,min_cluster_size=3",hub,0.25,10,20,40,1730,0,0,40,1730,0.0,0.0,0.0,0.0,0.1653220463882793
fbc_tfnbs,"e=0.8,h=4.0,n=30,start_thres=1.25,min_cluster_size=3",hub,0.25,10,20,40,1730,0,0,40,1730,0.0,0.0,0.0,0.0,0.1653220463882793
fbc_tfnbs,"e=0.8,h=5.0,n=30,start_thres=1.25,min_cluster_size=3",hub,0.25,10,20,40,1730,0,0,40,1730,0.0,0.0,0.0,0.0,0.1653220463882793
fbc_tfnbs,"e=0.8,h=6.0,n=30,start_thres=1.25,min_cluster_size=3",hub,0.25,10,20,40,1730,0,0,40,1730,0.0,0.0,0.0,0.0,0.1653220463882793
fbc_tfnbs,"e=0.8,h=7.0,n=30,start_thres=1.25,min_cluster_size=3",hub,0.25,10,20,40,1730,0,0,40,1730,0.0,0.0,0.0,0.0,0.1653220463882793
fbc_tfnbs,"e=0.8,h=8.0,n=30,start_thres=1.25,min_cluster_size=3",hub,0.25,10,20,40,1730,0,0,40,1730,0.0,0.0,0.0,0.0,0.1653220463882793
fbc_tfnbs,"e=0.8,h=9.0,n=30,start_thres=1.25,min_cluster_size=3",hub,0.25,10,20,40,1730,0,0,40,1730,0.0,0.0,0.0,0.0,0.1653220463882793
fbc_tfnbs,"e=0.8,h=10.0,n=30,start_thres=1.25,min_cluster_size=3",hub,0.25,10,20,40,1730,0,0,40,1730,0.0,0.0,0.0,0.0,0.1653220463882793
fbc_tfnbs,"e=0.9,h=0.5,n=30,start_thres=1.25,min_cluster_size=3",hub,0.25,10,20,40,1730,0,0,40,1730,0.0,0.0,0.0,0.0,0.1653220463882793
fbc_tfnbs,"e=0.9,h=1.0,n=30,start_thres=1.25,min_cluster_size=3",hub,0.25,10,20,40,1730,0,0,40,1730,0.0,0.0,0.0,0.0,0.1653220463882793
fbc_tfnbs,"e=0.9,h=2.0,n=30,start_thres=1.25,min_cluster_size=3",hub,0.25,10,20,40,1730,0,0,40,1730,0.0,0.0,0.0,0.0,0.1653220463882793
fbc_tfnbs,"e=0.9,h=3.0,n=30,start_thres=1.25,min_cluster_size=3",hub,0.25,10,20,40,1730,0,0,40,1730,0.0,0.0,0.0,0.0,0.1653220463882793
fbc_tfnbs,"e=0.9,h=4.0,n=30,start_thres=1.25,min_cluster_size=3",hub,0.25,10,20,40,1730,0,0,40,1730,0.0,0.0,0.0,0.0,0.1653220463882793
fbc_tfnbs,"e=0.9,h=5.0,n=30,start_thres=1.25,min_cluster_size=3",hub,0.25,10,20,40,1730,0,0,40,1730,0.0,0.0,0.0,0.0,0.1653220463882793
fbc_tfnbs,"e=0.9,h=6.0,n=30,start_thres=1.25,min_cluster_size=3",hub,0.25,10,20,40,1730,0,0,40,1730,0.0,0.0,0.0,0.0,0.1653220463882793
fbc_tfnbs,"e=0.9,h=7.0,n=30,start_thres=1.25,min_cluster_size=3",hub,0.25,10,20,40,1730,0,0,40,1730,0.0,0.0,0.0,0.0,0.1653220463882793
fbc_tfnbs,"e=0.9,h=8.0,n=30,start_thres=1.25,min_cluster_size=3",hub,0.25,10,20,40,1730,0,0,40,1730,0.0,0.0,0.0,0.0,0.1653220463882793
fbc_tfnbs,"e=0.9,h=9.0,n=30,start_thres=1.25,min_cluster_size=3",hub,0.25,10,20,40,1730,0,0,40,1730,0.0,0.0,0.0,0.0,0.1653220463882793
fbc_tfnbs,"e=0.9,h=10.0,n=30,start_thres=1.25,min_cluster_size=3",hub,0.25,10,20,40,1730,0,0,40,1730,0.0,0.0,0.0,0.0,0.1653220463882793
fbc_tfnbs,"e=1.0,h=0.5,n=30,start_thres=1.25,min_cluster_size=3",hub,0.25,10,20,40,1730,0,0,40,1730,0.0,0.0,0.0,0.0,0.1653220463882793
fbc_tfnbs,"e=1.0,h=1.0,n=30,start_thres=1.25,min_cluster_size=3",hub,0.25,10,20,40,1730,0,0,40,1730,0.0,0.0,0.0,0.0,0.1653220463882793
fbc_tfnbs,"e=1.0,h=2.0,n=30,start_thres=1.25,min_cluster_size=3",hub,0.25,10,20,40,1730,0,0,40,1730,0.0,0.0,0.0,0.0,0.1653220463882793
fbc_tfnbs,"e=1.0,h=3.0,n=30,start_thres=1.25,min_cluster_size=3",hub,0.25,10,20,40,1730,0,0,40,1730,0.0,0.0,0.0,0.0,0.1653220463882793
fbc_tfnbs,"e=1.0,h=4.0,n=30,start_thres=1.25,min_cluster_size=3",hub,0.25,10,20,40,1730,0,0,40,1730,0.0,0.0,0.0,0.0,0.1653220463882793
fbc_tfnbs,"e=1.0,h=5.0,n=30,start_thres=1.25,min_cluster_size=3",hub,0.25,10,20,40,1730,0,0,40,1730,0.0,0.0,0.0,0.0,0.1653220463882793
fbc_tfnbs,"e=1.0,h=6.0,n=30,start_thres=1.25,min_cluster_size=3",hub,0.25,10,20,40,1730,0,0,40,1730,0.0,0.0,0.0,0.0,0.1653220463882793
fbc_tfnbs,"e=1.0,h=7.0,n=30,start_thres=1.25,min_cluster_size=3",hub,0.25,10,20,40,1730,0,0,40,1730,0.0,0.0,0.0,0.0,0.1653220463882793
fbc_tfnbs,"e=1.0,h=8.0,n=30,start_thres=1.25,min_cluster_size=3",hub,0.25,10,20,40,1730,0,0,40,1730,0.0,0.0,0.0,0.0,0.1653220463882793
fbc_tfnbs,"e=1.0,h=9.0,n=30,start_thres=1.25,min_cluster_size=3",hub,0.25,10,20,40,1730,0,0,40,1730,0.0,0.0,0.0,0.0,0.1653220463882793
fbc_tfnbs,"e=1.0,h=10.0,n=30,start_thres=1.25,min_cluster_size=3",hub,0.25,10,20,40,1730,0,0,40,1730,0.0,0.0,0.0,0.0,0.1653220463882793
fbc_tfnbs,"e=1.1,h=0.5,n=30,start_thres=1.25,min_cluster_size=3",hub,0.25,10,20,40,1730,0,0,40,1730,0.0,0.0,0.0,0.0,0.1653220463882793
fbc_tfnbs,"e=1.1,h=1.0,n=30,start_thres=1.25,min_cluster_size=3",hub,0.25,10,20,40,1730,0,0,40,1730,0.0,0.0,0.0,0.0,0.1653220463882793
fbc_tfnbs,"e=1.1,h=2.0,n=30,start_thres=1.25,min_cluster_size=3",hub,0.25,10,20,40,1730,0,0,40,1730,0.0,0.0,0.0,0.0,0.1653220463882793
fbc_tfnbs,"e=1.1,h=3.0,n=30,start_thres=1.25,min_cluster_size=3",hub,0.25,10,20,40,1730,0,0,40,1730,0.0,0.0,0.0,0.0,0.1653220463882793
fbc_tfnbs,"e=1.1,h=4.0,n=30,start_thres=1.25,min_cluster_size=3",hub,0.25,10,20,40,1730,0,0,40,1730,0.0,0.0,0.0,0.0,0.1653220463882793
fbc_tfnbs,"e=1.1,h=5.0,n=30,start_thres=1.25,min_cluster_size=3",hub,0.25,10,20,40,1730,0,0,40,1730,0.0,0.0,0.0,0.0,0.1653220463882793
fbc_tfnbs,"e=1.1,h=6.0,n=30,start_thres=1.25,min_cluster_size=3",hub,0.25,10,20,40,1730,0,0,40,1730,0.0,0.0,0.0,0.0,0.1653220463882793
fbc_tfnbs,"e=1.1,h=7.0,n=30,start_thres=1.25,min_cluster_size=3",hub,0.25,10,20,40,1730,0,0,40,1730,0.0,0.0,0.0,0.0,0.1653220463882793
fbc_tfnbs,"e=1.1,h=8.0,n=30,start_thres=1.25,min_cluster_size=3",hub,0.25,10,20,40,1730,0,0,40,1730,0.0,0.0,0.0,0.0,0.1653220463882793
fbc_tfnbs,"e=1.1,h=9.0,n=30,start_thres=1.25,min_cluster_size=3",hub,0.25,10,20,40,1730,0,0,40,1730,0.0,0.0,0.0,0.0,0.1653220463882793
fbc_tfnbs,"e=1.1,h=10.0,n=30,start_thres=1.25,min_cluster_size=3",hub,0.25,10,20,40,1730,0,0,40,1730,0.0,0.0,0.0,0.0,0.1653220463882793
fbc_tfnbs,"e=1.2,h=0.5,n=30,start_thres=1.25,min_cluster_size=3",hub,0.25,10,20,40,1730,0,0,40,1730,0.0,0.0,0.0,0.0,0.1653220463882793
fbc_tfnbs,"e=1.2,h=1.0,n=30,start_thres=1.25,min_cluster_size=3",hub,0.25,10,20,40,1730,0,0,40,1730,0.0,0.0,0.0,0.0,0.1653220463882793
fbc_tfnbs,"e=1.2,h=2.0,n=30,start_thres=1.25,min_cluster_size=3",hub,0.25,10,20,40,1730,0,0,40,1730,0.0,0.0,0.0,0.0,0.1653220463882793
fbc_tfnbs,"e=1.2,h=3.0,n=30,start_thres=1.25,min_cluster_size=3",hub,0.25,10,20,40,1730,0,0,40,1730,0.0,0.0,0.0,0.0,0.1653220463882793
fbc_tfnbs,"e=1.2,h=4.0,n=30,start_thres=1.25,min_cluster_size=3",hub,0.25,10,20,40,1730,0,0,40,1730,0.0,0.0,0.0,0.0,0.1653220463882793
fbc_tfnbs,"e=1.2,h=5.0,n=30,start_thres=1.25,min_cluster_size=3",hub,0.25,10,20,40,1730,0,0,40,1730,0.0,0.0,0.0,0.0,0.1653220463882793
fbc_tfnbs,"e=1.2,h=6.0,n=30,start_thres=1.25,min_cluster_size=3",hub,0.25,10,20,40,1730,0,0,40,1730,0.0,0.0,0.0,0.0,0.1653220463882793
fbc_tfnbs,"e=1.2,h=7.0,n=30,start_thres=1.25,min_cluster_size=3",hub,0.25,10,20,40,1730,0,0,40,1730,0.0,0.0,0.0,0.0,0.1653220463882793
fbc_tfnbs,"e=1.2,h=8.0,n=30,start_thres=1.25,min_cluster_size=3",hub,0.25,10,20,40,1730,0,0,40,1730,0.0,0.0,0.0,0.0,0.1653220463882793
fbc_tfnbs,"e=1.2,h=9.0,n=30,start_thres=1.25,min_cluster_size=3",hub,0.25,10,20,40,1730,0,0,40,1730,0.0,0.0,0.0,0.0,0.1653220463882793
fbc_tfnbs,"e=1.2,h=10.0,n=30,start_thres=1.25,min_cluster_size=3",hub,0.25,10,20,40,1730,0,0,40,1730,0.0,0.0,0.0,0.0,0.1653220463882793
fbc_tfnbs,"e=1.3,h=0.5,n=30,start_thres=1.25,min_cluster_size=3",hub,0.25,10,20,40,1730,0,0,40,1730,0.0,0.0,0.0,0.0,0.1653220463882793
fbc_tfnbs,"e=1.3,h=1.0,n=30,start_thres=1.25,min_cluster_size=3",hub,0.25,10,20,40,1730,0,0,40,1730,0.0,0.0,0.0,0.0,0.1653220463882793
fbc_tfnbs,"e=1.3,h=2.0,n=30,start_thres=1.25,min_cluster_size=3",hub,0.25,10,20,40,1730,0,0,40,1730,0.0,0.0,0.0,0.0,0.1653220463882793
fbc_tfnbs,"e=1.3,h=3.0,n=30,start_thres=1.25,min_cluster_size=3",hub,0.25,10,20,40,1730,0,0,40,1730,0.0,0.0,0.0,0.0,0.1653220463882793
fbc_tfnbs,"e=1.3,h=4.0,n=30,start_thres=1.25,min_cluster_size=3",hub,0.25,10,20,40,1730,0,0,40,1730,0.0,0.0,0.0,0.0,0.1653220463882793
fbc_tfnbs,"e=1.3,h=5.0,n=30,start_thres=1.25,min_cluster_size=3",hub,0.25,10,20,40,1730,0,0,40,1730,0.0,0.0,0.0,0.0,0.1653220463882793
fbc_tfnbs,"e=1.3,h=6.0,n=30,start_thres=1.25,min_cluster_size=3",hub,0.25,10,20,40,1730,0,0,40,1730,0.0,0.0,0.0,0.0,0.1653220463882793
fbc_tfnbs,"e=1.3,h=7.0,n=30,start_thres=1.25,min_cluster_size=3",hub,0.25,10,20,40,1730,0,0,40,1730,0.0,0.0,0.0,0.0,0.1653220463882793
fbc_tfnbs,"e=1.3,h=8.0,n=30,start_thres=1.25,min_cluster_size=3",hub,0.25,10,20,40,1730,0,0,40,1730,0.0,0.0,0.0,0.0,0.1653220463882793
fbc_tfnbs,"e=1.3,h=9.0,n=30,start_thres=1.25,min_cluster_size=3",hub,0.25,10,20,40,1730,0,0,40,1730,0.0,0.0,0.0,0.0,0.1653220463882793
fbc_tfnbs,"e=1.3,h=10.0,n=30,start_thres=1.25,min_cluster_size=3",hub,0.25,10,20,40,1730,0,0,40,1730,0.0,0.0,0.0,0.0,0.1653220463882793
fbc_tfnbs,"e=1.4,h=0.5,n=30,start_thres=1.25,min_cluster_size=3",hub,0.25,10,20,40,1730,0,0,40,1730,0.0,0.0,0.0,0.0,0.1653220463882793
fbc_tfnbs,"e=1.4,h=1.0,n=30,start_thres=1.25,min_cluster_size=3",hub,0.25,10,20,40,1730,0,0,40,1730,0.0,0.0,0.0,0.0,0.1653220463882793
fbc_tfnbs,"e=1.4,h=2.0,n=30,start_thres=1.25,min_cluster_size=3",hub,0.25,10,20,40,1730,0,0,40,1730,0.0,0.0,0.0,0.0,0.1653220463882793
fbc_tfnbs,"e=1.4,h=3.0,n=30,start_thres=1.25,min_cluster_size=3",hub,0.25,10,20,40,1730,0,0,40,1730,0.0,0.0,0.0,0.0,0.1653220463882793
fbc_tfnbs,"e=1.4,h=4.0,n=30,start_thres=1.25,min_cluster_size=3",hub,0.25,10,20,40,1730,0,0,40,1730,0.0,0.0,0.0,0.0,0.1653220463882793
fbc_tfnbs,"e=1.4,h=5.0,n=30,start_thres=1.25,min_cluster_size=3",hub,0.25,10,20,40,1730,0,0,40,1730,0.0,0.0,0.0,0.0,0.1653220463882793
fbc_tfnbs,"e=1.4,h=6.0,n=30,start_thres=1.25,min_cluster_size=3",hub,0.25,10,20,40,1730,0,0,40,1730,0.0,0.0,0.0,0.0,0.1653220463882793
fbc_tfnbs,"e=1.4,h=7.0,n=30,start_thres=1.25,min_cluster_size=3",hub,0.25,10,20,40,1730,0,0,40,1730,0.0,0.0,0.0,0.0,0.1653220463882793
fbc_tfnbs,"e=1.4,h=8.0,n=30,start_thres=1.25,min_cluster_size=3",hub,0.25,10,20,40,1730,0,0,40,1730,0.0,0.0,0.0,0.0,0.1653220463882793
fbc_tfnbs,"e=1.4,h=9.0,n=30,start_thres=1.25,min_cluster_size=3",hub,0.25,10,20,40,1730,0,0,40,1730,0.0,0.0,0.0,0.0,0.1653220463882793
fbc_tfnbs,"e=1.4,h=10.0,n=30,start_thres=1.25,min_cluster_size=3",hub,0.25,10,20,40,1730,0,0,40,1730,0.0,0.0,0.0,0.0,0.1653220463882793
fbc_tfnbs,"e=1.5,h=0.5,n=30,start_thres=1.25,min_cluster_size=3",hub,0.25,10,20,40,1730,0,0,40,1730,0.0,0.0,0.0,0.0,0.1653220463882793
fbc_tfnbs,"e=1.5,h=1.0,n=30,start_thres=1.25,min_cluster_size=3",hub,0.25,10,20,40,1730,0,0,40,1730,0.0,0.0,0.0,0.0,0.1653220463882793
fbc_tfnbs,"e=1.5,h=2.0,n=30,start_thres=1.25,min_cluster_size=3",hub,0.25,10,20,40,1730,0,0,40,1730,0.0,0.0,0.0,0.0,0.1653220463882793
fbc_tfnbs,"e=1.5,h=3.0,n=30,start_thres=1.25,min_cluster_size=3",hub,0.25,10,20,40,1730,0,0,40,1730,0.0,0.0,0.0,0.0,0.1653220463882793
fbc_tfnbs,"e=1.5,h=4.0,n=30,start_thres=1.25,min_cluster_size=3",hub,0.25,10,20,40,1730,0,0,40,1730,0.0,0.0,0.0,0.0,0.1653220463882793
fbc_tfnbs,"e=1.5,h=5.0,n=30,start_thres=1.25,min_cluster_size=3",hub,0.25,10,20,40,1730,0,0,40,1730,0.0,0.0,0.0,0.0,0.1653220463882793
fbc_tfnbs,"e=1.5,h=6.0,n=30,start_thres=1.25,min_cluster_size=3",hub,0.25,10,20,40,1730,0,0,40,1730,0.0,0.0,0.0,0.0,0.1653220463882793
fbc_tfnbs,"e=1.5,h=7.0,n=30,start_thres=1.25,min_cluster_size=3",hub,0.25,10,20,40,1730,0,0,40,1730,0.0,0.0,0.0,0.0,0.1653220463882793
fbc_tfnbs,"e=1.5,h=8.0,n=30,start_thres=1.25,min_cluster_size=3",hub,0.25,10,20,40,1730,0,0,40,1730,0.0,0.0,0.0,0.0,0.1653220463882793
fbc_tfnbs,"e=1.5,h=9.0,n=30,start_thres=1.25,min_cluster_size=3",hub,0.25,10,20,40,1730,0,0,40,1730,0.0,0.0,0.0,0.0,0.1653220463882793
fbc_tfnbs,"e=1.5,h=10.0,n=30,start_thres=1.25,min_cluster_size=3",hub,0.25,10,20,40,1730,0,0,40,1730,0.0,0.0,0.0,0.0,0.1653220463882793
fbc_tfnbs,"e=0.05,h=0.5,n=30,start_thres=1.25,min_cluster_size=3",hub,0.25,10,21,40,1730,2,2,38,1728,0.05,0.0011560693641618,0.5,0.5,0.1692962632937864
fbc_tfnbs,"e=0.05,h=1.0,n=30,start_thres=1.25,min_cluster_size=3",hub,0.25,10,21,40,1730,2,2,38,1728,0.05,0.0011560693641618,0.5,0.5,0.1692962632937864
fbc_tfnbs,"e=0.05,h=2.0,n=30,start_thres=1.25,min_cluster_size=3",hub,0.25,10,21,40,1730,2,2,38,1728,0.05,0.0011560693641618,0.5,0.5,0.1692962632937864
fbc_tfnbs,"e=0.05,h=3.0,n=30,start_thres=1.25,min_cluster_size=3",hub,0.25,10,21,40,1730,2,2,38,1728,0.05,0.0011560693641618,0.5,0.5,0.1692962632937864
fbc_tfnbs,"e=0.05,h=4.0,n=30,start_thres=1.25,min_cluster_size=3",hub,0.25,10,21,40,1730,2,2,38,1728,0.05,0.0011560693641618,0.5,0.5,0.1692962632937864
fbc_tfnbs,"e=0.05,h=5.0,n=30,start_thres=1.25,min_cluster_size=3",hub,0.25,10,21,40,1730,2,2,38,1728,0.05,0.0011560693641618,0.5,0.5,0.1692962632937864
fbc_tfnbs,"e=0.05,h=6.0,n=30,start_thres=1.25,min_cluster_size=3",hub,0.25,10,21,40,1730,2,2,38,1728,0.05,0.0011560693641618,0.5,0.5,0.1692962632937864
fbc_tfnbs,"e=0.05,h=7.0,n=30,start_thres=1.25,min_cluster_size=3",hub,0.25,10,21,40,1730,2,2,38,1728,0.05,0.0011560693641618,0.5,0.5,0.1692962632937864
fbc_tfnbs,"e=0.05,h=8.0,n=30,start_thres=1.25,min_cluster_size=3",hub,0.25,10,21,40,1730,2,2,38,1728,0.05,0.0011560693641618,0.5,0.5,0.1692962632937864
fbc_tfnbs,"e=0.05,h=9.0,n=30,start_thres=1.25,min_cluster_size=3",hub,0.25,10,21,40,1730,2,2,38,1728,0.05,0.0011560693641618,0.5,0.5,0.1692962632937864
fbc_tfnbs,"e=0.05,h=10.0,n=30,start_thres=1.25,min_cluster_size=3",hub,0.25,10,21,40,1730,2,2,38,1728,0.05,0.0011560693641618,0.5,0.5,0.1692962632937864
fbc_tfnbs,"e=0.1,h=0.5,n=30,start_thres=1.25,min_cluster_size=3",hub,0.25,10,21,40,1730,2,2,38,1728,0.05,0.0011560693641618,0.5,0.5,0.1692962632937864
fbc_tfnbs,"e=0.1,h=1.0,n=30,start_thres=1.25,min_cluster_size=3",hub,0.25,10,21,40,1730,2,2,38,1728,0.05,0.0011560693641618,0.5,0.5,0.1692962632937864
fbc_tfnbs,"e=0.1,h=2.0,n=30,start_thres=1.25,min_cluster_size=3",hub,0.25,10,21,40,1730,2,2,38,1728,0.05,0.0011560693641618,0.5,0.5,0.1692962632937864
fbc_tfnbs,"e=0.1,h=3.0,n=30,start_thres=1.25,min_cluster_size=3",hub,0.25,10,21,40,1730,2,2,38,1728,0.05,0.0011560693641618,0.5,0.5,0.1692962632937864
fbc_tfnbs,"e=0.1,h=4.0,n=30,start_thres=1.25,min_cluster_size=3",hub,0.25,10,21,40,1730,2,2,38,1728,0.05,0.0011560693641618,0.5,0.5,0.1692962632937864
fbc_tfnbs,"e=0.1,h=5.0,n=30,start_thres=1.25,min_cluster_size=3",hub,0.25,10,21,40,1730,2,2,38,1728,0.05,0.0011560693641618,0.5,0.5,0.1692962632937864
fbc_tfnbs,"e=0.1,h=6.0,n=30,start_thres=1.25,min_cluster_size=3",hub,0.25,10,21,40,1730,2,2,38,1728,0.05,0.0011560693641618,0.5,0.5,0.1692962632937864
fbc_tfnbs,"e=0.1,h=7.0,n=30,start_thres=1.25,min_cluster_size=3",hub,0.25,10,21,40,1730,2,2,38,1728,0.05,0.0011560693641618,0.5,0.5,0.1692962632937864
fbc_tfnbs,"e=0.1,h=8.0,n=30,start_thres=1.25,min_cluster_size=3",hub,0.25,10,21,40,1730,2,2,38,1728,0.05,0.0011560693641618,0.5,0.5,0.1692962632937864
fbc_tfnbs,"e=0.1,h=9.0,n=30,start_thres=1.25,min_cluster_size=3",hub,0.25,10,21,40,1730,2,2,38,1728,0.05,0.0011560693641618,0.5,0.5,0.1692962632937864
fbc_tfnbs,"e=0.1,h=10.0,n=30,start_thres=1.25,min_cluster_size=3",hub,0.25,10,21,40,1730,2,2,38,1728,0.05,0.0011560693641618,0.5,0.5,0.1692962632937864
fbc_tfnbs,"e=0.2,h=0.5,n=30,start_thres=1.25,min_cluster_size=3",hub,0.25,10,21,40,1730,2,2,38,1728,0.05,0.0011560693641618,0.5,0.5,0.1692962632937864
fbc_tfnbs,"e=0.2,h=1.0,n=30,start_thres=1.25,min_cluster_size=3",hub,0.25,10,21,40,1730,2,2,38,1728,0.05,0.0011560693641618,0.5,0.5,0.1692962632937864
fbc_tfnbs,"e=0.2,h=2.0,n=30,start_thres=1.25,min_cluster_size=3",hub,0.25,10,21,40,1730,2,2,38,1728,0.05,0.0011560693641618,0.5,0.5,0.1692962632937864
fbc_tfnbs,"e=0.2,h=3.0,n=30,start_thres=1.25,min_cluster_size=3",hub,0.25,10,21,40,1730,2,2,38,1728,0.05,0.0011560693641618,0.5,0.5,0.1692962632937864
fbc_tfnbs,"e=0.2,h=4.0,n=30,start_thres=1.25,min_cluster_size=3",hub,0.25,10,21,40,1730,2,2,38,1728,0.05,0.0011560693641618,0.5,0.5,0.1692962632937864
fbc_tfnbs,"e=0.2,h=5.0,n=30,start_thres=1.25,min_cluster_size=3",hub,0.25,10,21,40,1730,2,2,38,1728,0.05,0.0011560693641618,0.5,0.5,0.1692962632937864
fbc_tfnbs,"e=0.2,h=6.0,n=30,start_thres=1.25,min_cluster_size=3",hub,0.25,10,21,40,1730,2,2,38,1728,0.05,0.0011560693641618,0.5,0.5,0.1692962632937864
fbc_tfnbs,"e=0.2,h=7.0,n=30,start_thres=1.25,min_cluster_size=3",hub,0.25,10,21,40,1730,2,2,38,1728,0.05,0.0011560693641618,0.5,0.5,0.1692962632937864
fbc_tfnbs,"e=0.2,h=8.0,n=30,start_thres=1.25,min_cluster_size=3",hub,0.25,10,21,40,1730,2,2,38,1728,0.05,0.0011560693641618,0.5,0.5,0.1692962632937864
fbc_tfnbs,"e=0.2,h=9.0,n=30,start_thres=1.25,min_cluster_size=3",hub,0.25,10,21,40,1730,2,2,38,1728,0.05,0.0011560693641618,0.5,0.5,0.1692962632937864
fbc_tfnbs,"e=0.2,h=10.0,n=30,start_thres=1.25,min_cluster_size=3",hub,0.25,10,21,40,1730,2,2,38,1728,0.05,0.0011560693641618,0.5,0.5,0.1692962632937864
fbc_tfnbs,"e=0.3,h=0.5,n=30,start_thres=1.25,min_cluster_size=3",hub,0.25,10,21,40,1730,2,2,38,1728,0.05,0.0011560693641618,0.5,0.5,0.1692962632937864
fbc_tfnbs,"e=0.3,h=1.0,n=30,start_thres=1.25,min_cluster_size=3",hub,0.25,10,21,40,1730,2,2,38,1728,0.05,0.0011560693641618,0.5,0.5,0.1692962632937864
fbc_tfnbs,"e=0.3,h=2.0,n=30,start_thres=1.25,min_cluster_size=3",hub,0.25,10,21,40,1730,2,2,38,1728,0.05,0.0011560693641618,0.5,0.5,0.1692962632937864
fbc_tfnbs,"e=0.3,h=3.0,n=30,start_thres=1.25,min_cluster_size=3",hub,0.25,10,21,40,1730,2,2,38,1728,0.05,0.0011560693641618,0.5,0.5,0.1692962632937864
fbc_tfnbs,"e=0.3,h=4.0,n=30,start_thres=1.25,min_cluster_size=3",hub,0.25,10,21,40,1730,2,2,38,1728,0.05,0.0011560693641618,0.5,0.5,0.1692962632937864
fbc_tfnbs,"e=0.3,h=5.0,n=30,start_thres=1.25,min_cluster_size=3",hub,0.25,10,21,40,1730,2,2,38,1728,0.05,0.0011560693641618,0.5,0.5,0.1692962632937864
fbc_tfnbs,"e=0.3,h=6.0,n=30,start_thres=1.25,min_cluster_size=3",hub,0.25,10,21,40,1730,2,2,38,1728,0.05,0.0011560693641618,0.5,0.5,0.1692962632937864
fbc_tfnbs,"e=0.3,h=7.0,n=30,start_thres=1.25,min_cluster_size=3",hub,0.25,10,21,40,1730,2,2,38,1728,0.05,0.0011560693641618,0.5,0.5,0.1692962632937864
fbc_tfnbs,"e=0.3,h=8.0,n=30,start_thres=1.25,min_cluster_size=3",hub,0.25,10,21,40,1730,2,2,38,1728,0.05,0.0011560693641618,0.5,0.5,0.1692962632937864
fbc_tfnbs,"e=0.3,h=9.0,n=30,start_thres=1.25,min_cluster_size=3",hub,0.25,10,21,40,1730,2,2,38,1728,0.05,0.0011560693641618,0.5,0.5,0.1692962632937864
fbc_tfnbs,"e=0.3,h=10.0,n=30,start_thres=1.25,min_cluster_size=3",hub,0.25,10,21,40,1730,2,2,38,1728,0.05,0.0011560693641618,0.5,0.5,0.1692962632937864
fbc_tfnbs,"e=0.4,h=0.5,n=30,start_thres=1.25,min_cluster_size=3",hub,0.25,10,21,40,1730,2,2,38,1728,0.05,0.0011560693641618,0.5,0.5,0.1692962632937864
fbc_tfnbs,"e=0.4,h=1.0,n=30,start_thres=1.25,min_cluster_size=3",hub,0.25,10,21,40,1730,2,2,38,1728,0.05,0.0011560693641618,0.5,0.5,0.1692962632937864
fbc_tfnbs,"e=0.4,h=2.0,n=30,start_thres=1.25,min_cluster_size=3",hub,0.25,10,21,40,1730,2,2,38,1728,0.05,0.0011560693641618,0.5,0.5,0.1692962632937864
fbc_tfnbs,"e=0.4,h=3.0,n=30,start_thres=1.25,min_cluster_size=3",hub,0.25,10,21,40,1730,2,2,38,1728,0.05,0.0011560693641618,0.5,0.5,0.1692962632937864
fbc_tfnbs,"e=0.4,h=4.0,n=30,start_thres=1.25,min_cluster_size=3",hub,0.25,10,21,40,1730,2,2,38,1728,0.05,0.0011560693641618,0.5,0.5,0.1692962632937864
fbc_tfnbs,"e=0.4,h=5.0,n=30,start_thres=1.25,min_cluster_size=3",hub,0.25,10,21,40,1730,2,2,38,1728,0.05,0.0011560693641618,0.5,0.5,0.1692962632937864
fbc_tfnbs,"e=0.4,h=6.0,n=30,start_thres=1.25,min_cluster_size=3",hub,0.25,10,21,40,1730,2,2,38,1728,0.05,0.0011560693641618,0.5,0.5,0.1692962632937864
fbc_tfnbs,"e=0.4,h=7.0,n=30,start_thres=1.25,min_cluster_size=3",hub,0.25,10,21,40,1730,2,2,38,1728,0.05,0.0011560693641618,0.5,0.5,0.1692962632937864
fbc_tfnbs,"e=0.4,h=8.0,n=30,start_thres=1.25,min_cluster_size=3",hub,0.25,10,21,40,1730,2,2,38,1728,0.05,0.0011560693641618,0.5,0.5,0.1692962632937864
fbc_tfnbs,"e=0.4,h=9.0,n=30,start_thres=1.25,min_cluster_size=3",hub,0.25,10,21,40,1730,2,2,38,1728,0.05,0.0011560693641618,0.5,0.5,0.1692962632937864
fbc_tfnbs,"e=0.4,h=10.0,n=30,start_thres=1.25,min_cluster_size=3",hub,0.25,10,21,40,1730,2,2,38,1728,0.05,0.0011560693641618,0.5,0.5,0.1692962632937864
fbc_tfnbs,"e=0.5,h=0.5,n=30,start_thres=1.25,min_cluster_size=3",hub,0.25,10,21,40,1730,2,2,38,1728,0.05,0.0011560693641618,0.5,0.5,0.1692962632937864
fbc_tfnbs,"e=0.5,h=1.0,n=30,start_thres=1.25,min_cluster_size=3",hub,0.25,10,21,40,1730,2,2,38,1728,0.05,0.0011560693641618,0.5,0.5,0.1692962632937864
fbc_tfnbs,"e=0.5,h=2.0,n=30,start_thres=1.25,min_cluster_size=3",hub,0.25,10,21,40,1730,2,2,38,1728,0.05,0.0011560693641618,0.5,0.5,0.1692962632937864
fbc_tfnbs,"e=0.5,h=3.0,n=30,start_thres=1.25,min_cluster_size=3",hub,0.25,10,21,40,1730,2,2,38,1728,0.05,0.0011560693641618,0.5,0.5,0.1692962632937864
fbc_tfnbs,"e=0.5,h=4.0,n=30,start_thres=1.25,min_cluster_size=3",hub,0.25,10,21,40,1730,2,2,38,1728,0.05,0.0011560693641618,0.5,0.5,0.1692962632937864
fbc_tfnbs,"e=0.5,h=5.0,n=30,start_thres=1.25,min_cluster_size=3",hub,0.25,10,21,40,1730,2,2,38,1728,0.05,0.0011560693641618,0.5,0.5,0.1692962632937864
fbc_tfnbs,"e=0.5,h=6.0,n=30,start_thres=1.25,min_cluster_size=3",hub,0.25,10,21,40,1730,2,2,38,1728,0.05,0.0011560693641618,0.5,0.5,0.1692962632937864
fbc_tfnbs,"e=0.5,h=7.0,n=30,start_thres=1.25,min_cluster_size=3",hub,0.25,10,21,40,1730,2,2,38,1728,0.05,0.0011560693641618,0.5,0.5,0.1692962632937864
fbc_tfnbs,"e=0.5,h=8.0,n=30,start_thres=1.25,min_cluster_size=3",hub,0.25,10,21,40,1730,2,2,38,1728,0.05,0.0011560693641618,0.5,0.5,0.1692962632937864
fbc_tfnbs,"e=0.5,h=9.0,n=30,start_thres=1.25,min_cluster_size=3",hub,0.25,10,21,40,1730,2,2,38,1728,0.05,0.0011560693641618,0.5,0.5,0.1692962632937864
fbc_tfnbs,"e=0.5,h=10.0,n=30,start_thres=1.25,min_cluster_size=3",hub,0.25,10,21,40,1730,2,2,38,1728,0.05,0.0011560693641618,0.5,0.5,0.1692962632937864
fbc_tfnbs,"e=0.6,h=0.5,n=30,start_thres=1.25,min_cluster_size=3",hub,0.25,10,21,40,1730,0,0,40,1730,0.0,0.0,0.0,0.0,0.1692962632937864
fbc_tfnbs,"e=0.6,h=1.0,n=30,start_thres=1.25,min_cluster_size=3",hub,0.25,10,21,40,1730,2,2,38,1728,0.05,0.0011560693641618,0.5,0.5,0.1692962632937864
fbc_tfnbs,"e=0.6,h=2.0,n=30,start_thres=1.25,min_cluster_size=3",hub,0.25,10,21,40,1730,2,2,38,1728,0.05,0.0011560693641618,0.5,0.5,0.1692962632937864
fbc_tfnbs,"e=0.6,h=3.0,n=30,start_thres=1.25,min_cluster_size=3",hub,0.25,10,21,40,1730,2,2,38,1728,0.05,0.0011560693641618,0.5,0.5,0.1692962632937864
fbc_tfnbs,"e=0.6,h=4.0,n=30,start_thres=1.25,min_cluster_size=3",hub,0.25,10,21,40,1730,2,2,38,1728,0.05,0.0011560693641618,0.5,0.5,0.1692962632937864
fbc_tfnbs,"e=0.6,h=5.0,n=30,start_thres=1.25,min_cluster_size=3",hub,0.25,10,21,40,1730,2,2,38,1728,0.05,0.0011560693641618,0.5,0.5,0.1692962632937864
fbc_tfnbs,"e=0.6,h=6.0,n=30,start_thres=1.25,min_cluster_size=3",hub,0.25,10,21,40,1730,2,2,38,1728,0.05,0.0011560693641618,0.5,0.5,0.1692962632937864
fbc_tfnbs,"e=0.6,h=7.0,n=30,start_thres=1.25,min_cluster_size=3",hub,0.25,10,21,40,1730,2,2,38,1728,0.05,0.0011560693641618,0.5,0.5,0.1692962632937864
fbc_tfnbs,"e=0.6,h=8.0,n=30,start_thres=1.25,min_cluster_size=3",hub,0.25,10,21,40,1730,2,2,38,1728,0.05,0.0011560693641618,0.5,0.5,0.1692962632937864
fbc_tfnbs,"e=0.6,h=9.0,n=30,start_thres=1.25,min_cluster_size=3",hub,0.25,10,21,40,1730,2,2,38,1728,0.05,0.0011560693641618,0.5,0.5,0.1692962632937864
fbc_tfnbs,"e=0.6,h=10.0,n=30,start_thres=1.25,min_cluster_size=3",hub,0.25,10,21,40,1730,2,2,38,1728,0.05,0.0011560693641618,0.5,0.5,0.1692962632937864
fbc_tfnbs,"e=0.7,h=0.5,n=30,start_thres=1.25,min_cluster_size=3",hub,0.25,10,21,40,1730,0,0,40,1730,0.0,0.0,0.0,0.0,0.1692962632937864
fbc_tfnbs,"e=0.7,h=1.0,n=30,start_thres=1.25,min_cluster_size=3",hub,0.25,10,21,40,1730,0,0,40,1730,0.0,0.0,0.0,0.0,0.1692962632937864
fbc_tfnbs,"e=0.7,h=2.0,n=30,start_thres=1.25,min_cluster_size=3",hub,0.25,10,21,40,1730,2,2,38,1728,0.05,0.0011560693641618,0.5,0.5,0.1692962632937864
fbc_tfnbs,"e=0.7,h=3.0,n=30,start_thres=1.25,min_cluster_size=3",hub,0.25,10,21,40,1730,2,2,38,1728,0.05,0.0011560693641618,0.5,0.5,0.1692962632937864
fbc_tfnbs,"e=0.7,h=4.0,n=30,start_thres=1.25,min_cluster_size=3",hub,0.25,10,21,40,1730,2,2,38,1728,0.05,0.0011560693641618,0.5,0.5,0.1692962632937864
fbc_tfnbs,"e=0.7,h=5.0,n=30,start_thres=1.25,min_cluster_size=3",hub,0.25,10,21,40,1730,2,2,38,1728,0.05,0.0011560693641618,0.5,0.5,0.1692962632937864
fbc_tfnbs,"e=0.7,h=6.0,n=30,start_thres=1.25,min_cluster_size=3",hub,0.25,10,21,40,1730,2,2,38,1728,0.05,0.0011560693641618,0.5,0.5,0.1692962632937864
fbc_tfnbs,"e=0.7,h=7.0,n=30,start_thres=1.25,min_cluster_size=3",hub,0.25,10,21,40,1730,2,2,38,1728,0.05,0.0011560693641618,0.5,0.5,0.1692962632937864
fbc_tfnbs,"e=0.7,h=8.0,n=30,start_thres=1.25,min_cluster_size=3",hub,0.25,10,21,40,1730,2,2,38,1728,0.05,0.0011560693641618,0.5,0.5,0.1692962632937864
fbc_tfnbs,"e=0.7,h=9.0,n=30,start_thres=1.25,min_cluster_size=3",hub,0.25,10,21,40,1730,2,2,38,1728,0.05,0.0011560693641618,0.5,0.5,0.1692962632937864
fbc_tfnbs,"e=0.7,h=10.0,n=30,start_thres=1.25,min_cluster_size=3",hub,0.25,10,21,40,1730,2,2,38,1728,0.05,0.0011560693641618,0.5,0.5,0.1692962632937864
fbc_tfnbs,"e=0.8,h=0.5,n=30,start_thres=1.25,min_cluster_size=3",hub,0.25,10,21,40,1730,0,0,40,1730,0.0,0.0,0.0,0.0,0.1692962632937864
fbc_tfnbs,"e=0.8,h=1.0,n=30,start_thres=1.25,min_cluster_size=3",hub,0.25,10,21,40,1730,0,0,40,1730,0.0,0.0,0.0,0.0,0.1692962632937864
fbc_tfnbs,"e=0.8,h=2.0,n=30,start_thres=1.25,min_cluster_size=3",hub,0.25,10,21,40,1730,2,1,38,1729,0.05,0.0005780346820809,0.6666666666666666,0.3333333333333333,0.1692962632937864
fbc_tfnbs,"e=0.8,h=3.0,n=30,start_thres=1.25,min_cluster_size=3",hub,0.25,10,21,40,1730,2,2,38,1728,0.05,0.0011560693641618,0.5,0.5,0.1692962632937864
fbc_tfnbs,"e=0.8,h=4.0,n=30,start_thres=1.25,min_cluster_size=3",hub,0.25,10,21,40,1730,2,2,38,1728,0.05,0.0011560693641618,0.5,0.5,0.1692962632937864
fbc_tfnbs,"e=0.8,h=5.0,n=30,start_thres=1.25,min_cluster_size=3",hub,0.25,10,21,40,1730,2,2,38,1728,0.05,0.0011560693641618,0.5,0.5,0.1692962632937864
fbc_tfnbs,"e=0.8,h=6.0,n=30,start_thres=1.25,min_cluster_size=3",hub,0.25,10,21,40,1730,2,2,38,1728,0.05,0.0011560693641618,0.5,0.5,0.1692962632937864
fbc_tfnbs,"e=0.8,h=7.0,n=30,start_thres=1.25,min_cluster_size=3",hub,0.25,10,21,40,1730,2,2,38,1728,0.05,0.0011560693641618,0.5,0.5,0.1692962632937864
fbc_tfnbs,"e=0.8,h=8.0,n=30,start_thres=1.25,min_cluster_size=3",hub,0.25,10,21,40,1730,2,2,38,1728,0.05,0.0011560693641618,0.5,0.5,0.1692962632937864
fbc_tfnbs,"e=0.8,h=9.0,n=30,start_thres=1.25,min_cluster_size=3",hub,0.25,10,21,40,1730,2,2,38,1728,0.05,0.0011560693641618,0.5,0.5,0.1692962632937864
fbc_tfnbs,"e=0.8,h=10.0,n=30,start_thres=1.25,min_cluster_size=3",hub,0.25,10,21,40,1730,2,2,38,1728,0.05,0.0011560693641618,0.5,0.5,0.1692962632937864
fbc_tfnbs,"e=0.9,h=0.5,n=30,start_thres=1.25,min_cluster_size=3",hub,0.25,10,21,40,1730,0,0,40,1730,0.0,0.0,0.0,0.0,0.1692962632937864
fbc_tfnbs,"e=0.9,h=1.0,n=30,start_thres=1.25,min_cluster_size=3",hub,0.25,10,21,40,1730,0,0,40,1730,0.0,0.0,0.0,0.0,0.1692962632937864
fbc_tfnbs,"e=0.9,h=2.0,n=30,start_thres=1.25,min_cluster_size=3",hub,0.25,10,21,40,1730,0,0,40,1730,0.0,0.0,0.0,0.0,0.1692962632937864
fbc_tfnbs,"e=0.9,h=3.0,n=30,start_thres=1.25,min_cluster_size=3",hub,0.25,10,21,40,1730,2,2,38,1728,0.05,0.0011560693641618,0.5,0.5,0.1692962632937864
fbc_tfnbs,"e=0.9,h=4.0,n=30,start_thres=1.25,min_cluster_size=3",hub,0.25,10,21,40,1730,2,2,38,1728,0.05,0.0011560693641618,0.5,0.5,0.1692962632937864
fbc_tfnbs,"e=0.9,h=5.0,n=30,start_thres=1.25,min_cluster_size=3",hub,0.25,10,21,40,1730,2,2,38,1728,0.05,0.0011560693641618,0.5,0.5,0.1692962632937864
fbc_tfnbs,"e=0.9,h=6.0,n=30,start_thres=1.25,min_cluster_size=3",hub,0.25,10,21,40,1730,2,2,38,1728,0.05,0.0011560693641618,0.5,0.5,0.1692962632937864
fbc_tfnbs,"e=0.9,h=7.0,n=30,start_thres=1.25,min_cluster_size=3",hub,0.25,10,21,40,1730,2,2,38,1728,0.05,0.0011560693641618,0.5,0.5,0.1692962632937864
fbc_tfnbs,"e=0.9,h=8.0,n=30,start_thres=1.25,min_cluster_size=3",hub,0.25,10,21,40,1730,2,2,38,1728,0.05,0.0011560693641618,0.5,0.5,0.1692962632937864
fbc_tfnbs,"e=0.9,h=9.0,n=30,start_thres=1.25,min_cluster_size=3",hub,0.25,10,21,40,1730,2,2,38,1728,0.05,0.0011560693641618,0.5,0.5,0.1692962632937864
fbc_tfnbs,"e=0.9,h=10.0,n=30,start_thres=1.25,min_cluster_size=3",hub,0.25,10,21,40,1730,2,2,38,1728,0.05,0.0011560693641618,0.5,0.5,0.1692962632937864
fbc_tfnbs,"e=1.0,h=0.5,n=30,start_thres=1.25,min_cluster_size=3",hub,0.25,10,21,40,1730,0,0,40,1730,0.0,0.0,0.0,0.0,0.1692962632937864
fbc_tfnbs,"e=1.0,h=1.0,n=30,start_thres=1.25,min_cluster_size=3",hub,0.25,10,21,40,1730,0,0,40,1730,0.0,0.0,0.0,0.0,0.1692962632937864
fbc_tfnbs,"e=1.0,h=2.0,n=30,start_thres=1.25,min_cluster_size=3",hub,0.25,10,21,40,1730,0,0,40,1730,0.0,0.0,0.0,0.0,0.1692962632937864
fbc_tfnbs,"e=1.0,h=3.0,n=30,start_thres=1.25,min_cluster_size=3",hub,0.25,10,21,40,1730,2,1,38,1729,0.05,0.0005780346820809,0.6666666666666666,0.3333333333333333,0.1692962632937864
fbc_tfnbs,"e=1.0,h=4.0,n=30,start_thres=1.25,min_cluster_size=3",hub,0.25,10,21,40,1730,2,2,38,1728,0.05,0.0011560693641618,0.5,0.5,0.1692962632937864
fbc_tfnbs,"e=1.0,h=5.0,n=30,start_thres=1.25,min_cluster_size=3",hub,0.25,10,21,40,1730,2,2,38,1728,0.05,0.0011560693641618,0.5,0.5,0.1692962632937864
fbc_tfnbs,"e=1.0,h=6.0,n=30,start_thres=1.25,min_cluster_size=3",hub,0.25,10,21,40,1730,2,2,38,1728,0.05,0.0011560693641618,0.5,0.5,0.1692962632937864
fbc_tfnbs,"e=1.0,h=7.0,n=30,start_thres=1.25,min_cluster_size=3",hub,0.25,10,21,40,1730,2,2,38,1728,0.05,0.0011560693641618,0.5,0.5,0.1692962632937864
fbc_tfnbs,"e=1.0,h=8.0,n=30,start_thres=1.25,min_cluster_size=3",hub,0.25,10,21,40,1730,2,2,38,1728,0.05,0.0011560693641618,0.5,0.5,0.1692962632937864
fbc_tfnbs,"e=1.0,h=9.0,n=30,start_thres=1.25,min_cluster_size=3",hub,0.25,10,21,40,1730,2,2,38,1728,0.05,0.0011560693641618,0.5,0.5,0.1692962632937864
fbc_tfnbs,"e=1.0,h=10.0,n=30,start_thres=1.25,min_cluster_size=3",hub,0.25,10,21,40,1730,2,2,38,1728,0.05,0.0011560693641618,0.5,0.5,0.1692962632937864
fbc_tfnbs,"e=1.1,h=0.5,n=30,start_thres=1.25,min_cluster_size=3",hub,0.25,10,21,40,1730,0,0,40,1730,0.0,0.0,0.0,0.0,0.1692962632937864
fbc_tfnbs,"e=1.1,h=1.0,n=30,start_thres=1.25,min_cluster_size=3",hub,0.25,10,21,40,1730,0,0,40,1730,0.0,0.0,0.0,0.0,0.1692962632937864
fbc_tfnbs,"e=1.1,h=2.0,n=30,start_thres=1.25,min_cluster_size=3",hub,0.25,10,21,40,1730,0,0,40,1730,0.0,0.0,0.0,0.0,0.1692962632937864
fbc_tfnbs,"e=1.1,h=3.0,n=30,start_thres=1.25,min_cluster_size=3",hub,0.25,10,21,40,1730,0,0,40,1730,0.0,0.0,0.0,0.0,0.1692962632937864
fbc_tfnbs,"e=1.1,h=4.0,n=30,start_thres=1.25,min_cluster_size=3",hub,0.25,10,21,40,1730,2,2,38,1728,0.05,0.0011560693641618,0.5,0.5,0.1692962632937864
fbc_tfnbs,"e=1.1,h=5.0,n=30,start_thres=1.25,min_cluster_size=3",hub,0.25,10,21,40,1730,2,2,38,1728,0.05,0.0011560693641618,0.5,0.5,0.1692962632937864
fbc_tfnbs,"e=1.1,h=6.0,n=30,start_thres=1.25,min_cluster_size=3",hub,0.25,10,21,40,1730,2,2,38,1728,0.05,0.0011560693641618,0.5,0.5,0.1692962632937864
fbc_tfnbs,"e=1.1,h=7.0,n=30,start_thres=1.25,min_cluster_size=3",hub,0.25,10,21,40,1730,2,2,38,1728,0.05,0.0011560693641618,0.5,0.5,0.1692962632937864
fbc_tfnbs,"e=1.1,h=8.0,n=30,start_thres=1.25,min_cluster_size=3",hub,0.25,10,21,40,1730,2,2,38,1728,0.05,0.0011560693641618,0.5,0.5,0.1692962632937864
fbc_tfnbs,"e=1.1,h=9.0,n=30,start_thres=1.25,min_cluster_size=3",hub,0.25,10,21,40,1730,2,2,38,1728,0.05,0.0011560693641618,0.5,0.5,0.1692962632937864
fbc_tfnbs,"e=1.1,h=10.0,n=30,start_thres=1.25,min_cluster_size=3",hub,0.25,10,21,40,1730,2,2,38,1728,0.05,0.0011560693641618,0.5,0.5,0.1692962632937864
fbc_tfnbs,"e=1.2,h=0.5,n=30,start_thres=1.25,min_cluster_size=3",hub,0.25,10,21,40,1730,0,0,40,1730,0.0,0.0,0.0,0.0,0.1692962632937864
fbc_tfnbs,"e=1.2,h=1.0,n=30,start_thres=1.25,min_cluster_size=3",hub,0.25,10,21,40,1730,0,0,40,1730,0.0,0.0,0.0,0.0,0.1692962632937864
fbc_tfnbs,"e=1.2,h=2.0,n=30,start_thres=1.25,min_cluster_size=3",hub,0.25,10,21,40,1730,0,0,40,1730,0.0,0.0,0.0,0.0,0.1692962632937864
fbc_tfnbs,"e=1.2,h=3.0,n=30,start_thres=1.25,min_cluster_size=3",hub,0.25,10,21,40,1730,0,0,40,1730,0.0,0.0,0.0,0.0,0.1692962632937864
fbc_tfnbs,"e=1.2,h=4.0,n=30,start_thres=1.25,min_cluster_size=3",hub,0.25,10,21,40,1730,2,1,38,1729,0.05,0.0005780346820809,0.6666666666666666,0.3333333333333333,0.1692962632937864
fbc_tfnbs,"e=1.2,h=5.0,n=30,start_thres=1.25,min_cluster_size=3",hub,0.25,10,21,40,1730,2,2,38,1728,0.05,0.0011560693641618,0.5,0.5,0.1692962632937864
fbc_tfnbs,"e=1.2,h=6.0,n=30,start_thres=1.25,min_cluster_size=3",hub,0.25,10,21,40,1730,2,2,38,1728,0.05,0.0011560693641618,0.5,0.5,0.1692962632937864
fbc_tfnbs,"e=1.2,h=7.0,n=30,start_thres=1.25,min_cluster_size=3",hub,0.25,10,21,40,1730,2,2,38,1728,0.05,0.0011560693641618,0.5,0.5,0.1692962632937864
fbc_tfnbs,"e=1.2,h=8.0,n=30,start_thres=1.25,min_cluster_size=3",hub,0.25,10,21,40,1730,2,2,38,1728,0.05,0.0011560693641618,0.5,0.5,0.1692962632937864
fbc_tfnbs,"e=1.2,h=9.0,n=30,start_thres=1.25,min_cluster_size=3",hub,0.25,10,21,40,1730,2,2,38,1728,0.05,0.0011560693641618,0.5,0.5,0.1692962632937864
fbc_tfnbs,"e=1.2,h=10.0,n=30,start_thres=1.25,min_cluster_size=3",hub,0.25,10,21,40,1730,2,2,38,1728,0.05,0.0011560693641618,0.5,0.5,0.1692962632937864
fbc_tfnbs,"e=1.3,h=0.5,n=30,start_thres=1.25,min_cluster_size=3",hub,0.25,10,21,40,1730,0,0,40,1730,0.0,0.0,0.0,0.0,0.1692962632937864
fbc_tfnbs,"e=1.3,h=1.0,n=30,start_thres=1.25,min_cluster_size=3",hub,0.25,10,21,40,1730,0,0,40,1730,0.0,0.0,0.0,0.0,0.1692962632937864
fbc_tfnbs,"e=1.3,h=2.0,n=30,start_thres=1.25,min_cluster_size=3",hub,0.25,10,21,40,1730,0,0,40,1730,0.0,0.0,0.0,0.0,0.1692962632937864
fbc_tfnbs,"e=1.3,h=3.0,n=30,start_thres=1.25,min_cluster_size=3",hub,0.25,10,21,40,1730,0,0,40,1730,0.0,0.0,0.0,0.0,0.1692962632937864
fbc_tfnbs,"e=1.3,h=4.0,n=30,start_thres=1.25,min_cluster_size=3",hub,0.25,10,21,40,1730,0,0,40,1730,0.0,0.0,0.0,0.0,0.1692962632937864
fbc_tfnbs,"e=1.3,h=5.0,n=30,start_thres=1.25,min_cluster_size=3",hub,0.25,10,21,40,1730,2,2,38,1728,0.05,0.0011560693641618,0.5,0.5,0.1692962632937864
fbc_tfnbs,"e=1.3,h=6.0,n=30,start_thres=1.25,min_cluster_size=3",hub,0.25,10,21,40,1730,2,2,38,1728,0.05,0.0011560693641618,0.5,0.5,0.1692962632937864
fbc_tfnbs,"e=1.3,h=7.0,n=30,start_thres=1.25,min_cluster_size=3",hub,0.25,10,21,40,1730,2,2,38,1728,0.05,0.0011560693641618,0.5,0.5,0.1692962632937864
fbc_tfnbs,"e=1.3,h=8.0,n=30,start_thres=1.25,min_cluster_size=3",hub,0.25,10,21,40,1730,2,2,38,1728,0.05,0.0011560693641618,0.5,0.5,0.1692962632937864
fbc_tfnbs,"e=1.3,h=9.0,n=30,start_thres=1.25,min_cluster_size=3",hub,0.25,10,21,40,1730,2,2,38,1728,0.05,0.0011560693641618,0.5,0.5,0.1692962632937864
fbc_tfnbs,"e=1.3,h=10.0,n=30,start_thres=1.25,min_cluster_size=3",hub,0.25,10,21,40,1730,2,2,38,1728,0.05,0.0011560693641618,0.5,0.5,0.1692962632937864
fbc_tfnbs,"e=1.4,h=0.5,n=30,start_thres=1.25,min_cluster_size=3",hub,0.25,10,21,40,1730,0,0,40,1730,0.0,0.0,0.0,0.0,0.1692962632937864
fbc_tfnbs,"e=1.4,h=1.0,n=30,start_thres=1.25,min_cluster_size=3",hub,0.25,10,21,40,1730,0,0,40,1730,0.0,0.0,0.0,0.0,0.1692962632937864
fbc_tfnbs,"e=1.4,h=2.0,n=30,start_thres=1.25,min_cluster_size=3",hub,0.25,10,21,40,1730,0,0,40,1730,0.0,0.0,0.0,0.0,0.1692962632937864
fbc_tfnbs,"e=1.4,h=3.0,n=30,start_thres=1.25,min_cluster_size=3",hub,0.25,10,21,40,1730,0,0,40,1730,0.0,0.0,0.0,0.0,0.1692962632937864
fbc_tfnbs,"e=1.4,h=4.0,n=30,start_thres=1.25,min_cluster_size=3",hub,0.25,10,21,40,1730,0,0,40,1730,0.0,0.0,0.0,0.0,0.1692962632937864
fbc_tfnbs,"e=1.4,h=5.0,n=30,start_thres=1.25,min_cluster_size=3",hub,0.25,10,21,40,1730,2,2,38,1728,0.05,0.0011560693641618,0.5,0.5,0.1692962632937864
fbc_tfnbs,"e=1.4,h=6.0,n=30,start_thres=1.25,min_cluster_size=3",hub,0.25,10,21,40,1730,2,2,38,1728,0.05,0.0011560693641618,0.5,0.5,0.1692962632937864
fbc_tfnbs,"e=1.4,h=7.0,n=30,start_thres=1.25,min_cluster_size=3",hub,0.25,10,21,40,1730,2,2,38,1728,0.05,0.0011560693641618,0.5,0.5,0.1692962632937864
fbc_tfnbs,"e=1.4,h=8.0,n=30,start_thres=1.25,min_cluster_size=3",hub,0.25,10,21,40,1730,2,2,38,1728,0.05,0.0011560693641618,0.5,0.5,0.1692962632937864
fbc_tfnbs,"e=1.4,h=9.0,n=30,start_thres=1.25,min_cluster_size=3",hub,0.25,10,21,40,1730,2,2,38,1728,0.05,0.0011560693641618,0.5,0.5,0.1692962632937864
fbc_tfnbs,"e=1.4,h=10.0,n=30,start_thres=1.25,min_cluster_size=3",hub,0.25,10,21,40,1730,2,2,38,1728,0.05,0.0011560693641618,0.5,0.5,0.1692962632937864
fbc_tfnbs,"e=1.5,h=0.5,n=30,start_thres=1.25,min_cluster_size=3",hub,0.25,10,21,40,1730,0,0,40,1730,0.0,0.0,0.0,0.0,0.1692962632937864
fbc_tfnbs,"e=1.5,h=1.0,n=30,start_thres=1.25,min_cluster_size=3",hub,0.25,10,21,40,1730,0,0,40,1730,0.0,0.0,0.0,0.0,0.1692962632937864
fbc_tfnbs,"e=1.5,h=2.0,n=30,start_thres=1.25,min_cluster_size=3",hub,0.25,10,21,40,1730,0,0,40,1730,0.0,0.0,0.0,0.0,0.1692962632937864
fbc_tfnbs,"e=1.5,h=3.0,n=30,start_thres=1.25,min_cluster_size=3",hub,0.25,10,21,40,1730,0,0,40,1730,0.0,0.0,0.0,0.0,0.1692962632937864
fbc_tfnbs,"e=1.5,h=4.0,n=30,start_thres=1.25,min_cluster_size=3",hub,0.25,10,21,40,1730,0,0,40,1730,0.0,0.0,0.0,0.0,0.1692962632937864
fbc_tfnbs,"e=1.5,h=5.0,n=30,start_thres=1.25,min_cluster_size=3",hub,0.25,10,21,40,1730,2,1,38,1729,0.05,0.0005780346820809,0.6666666666666666,0.3333333333333333,0.1692962632937864
fbc_tfnbs,"e=1.5,h=6.0,n=30,start_thres=1.25,min_cluster_size=3",hub,0.25,10,21,40,1730,2,2,38,1728,0.05,0.0011560693641618,0.5,0.5,0.1692962632937864
fbc_tfnbs,"e=1.5,h=7.0,n=30,start_thres=1.25,min_cluster_size=3",hub,0.25,10,21,40,1730,2,2,38,1728,0.05,0.0011560693641618,0.5,0.5,0.1692962632937864
fbc_tfnbs,"e=1.5,h=8.0,n=30,start_thres=1.25,min_cluster_size=3",hub,0.25,10,21,40,1730,2,2,38,1728,0.05,0.0011560693641618,0.5,0.5,0.1692962632937864
fbc_tfnbs,"e=1.5,h=9.0,n=30,start_thres=1.25,min_cluster_size=3",hub,0.25,10,21,40,1730,2,2,38,1728,0.05,0.0011560693641618,0.5,0.5,0.1692962632937864
fbc_tfnbs,"e=1.5,h=10.0,n=30,start_thres=1.25,min_cluster_size=3",hub,0.25,10,21,40,1730,2,2,38,1728,0.05,0.0011560693641618,0.5,0.5,0.1692962632937864
fbc_tfnbs,"e=0.05,h=0.5,n=30,start_thres=1.25,min_cluster_size=3",hub,0.25,10,22,40,1730,0,0,40,1730,0.0,0.0,0.0,0.0,0.167535357854583
fbc_tfnbs,"e=0.05,h=1.0,n=30,start_thres=1.25,min_cluster_size=3",hub,0.25,10,22,40,1730,0,0,40,1730,0.0,0.0,0.0,0.0,0.167535357854583
fbc_tfnbs,"e=0.05,h=2.0,n=30,start_thres=1.25,min_cluster_size=3",hub,0.25,10,22,40,1730,0,0,40,1730,0.0,0.0,0.0,0.0,0.167535357854583
fbc_tfnbs,"e=0.05,h=3.0,n=30,start_thres=1.25,min_cluster_size=3",hub,0.25,10,22,40,1730,0,0,40,1730,0.0,0.0,0.0,0.0,0.167535357854583
fbc_tfnbs,"e=0.05,h=4.0,n=30,start_thres=1.25,min_cluster_size=3",hub,0.25,10,22,40,1730,0,0,40,1730,0.0,0.0,0.0,0.0,0.167535357854583
fbc_tfnbs,"e=0.05,h=5.0,n=30,start_thres=1.25,min_cluster_size=3",hub,0.25,10,22,40,1730,0,0,40,1730,0.0,0.0,0.0,0.0,0.167535357854583
fbc_tfnbs,"e=0.05,h=6.0,n=30,start_thres=1.25,min_cluster_size=3",hub,0.25,10,22,40,1730,0,0,40,1730,0.0,0.0,0.0,0.0,0.167535357854583
fbc_tfnbs,"e=0.05,h=7.0,n=30,start_thres=1.25,min_cluster_size=3",hub,0.25,10,22,40,1730,0,0,40,1730,0.0,0.0,0.0,0.0,0.167535357854583
fbc_tfnbs,"e=0.05,h=8.0,n=30,start_thres=1.25,min_cluster_size=3",hub,0.25,10,22,40,1730,0,0,40,1730,0.0,0.0,0.0,0.0,0.167535357854583
fbc_tfnbs,"e=0.05,h=9.0,n=30,start_thres=1.25,min_cluster_size=3",hub,0.25,10,22,40,1730,0,0,40,1730,0.0,0.0,0.0,0.0,0.167535357854583
fbc_tfnbs,"e=0.05,h=10.0,n=30,start_thres=1.25,min_cluster_size=3",hub,0.25,10,22,40,1730,0,0,40,1730,0.0,0.0,0.0,0.0,0.167535357854583
fbc_tfnbs,"e=0.1,h=0.5,n=30,start_thres=1.25,min_cluster_size=3",hub,0.25,10,22,40,1730,0,0,40,1730,0.0,0.0,0.0,0.0,0.167535357854583
fbc_tfnbs,"e=0.1,h=1.0,n=30,start_thres=1.25,min_cluster_size=3",hub,0.25,10,22,40,1730,0,0,40,1730,0.0,0.0,0.0,0.0,0.167535357854583
fbc_tfnbs,"e=0.1,h=2.0,n=30,start_thres=1.25,min_cluster_size=3",hub,0.25,10,22,40,1730,0,0,40,1730,0.0,0.0,0.0,0.0,0.167535357854583
fbc_tfnbs,"e=0.1,h=3.0,n=30,start_thres=1.25,min_cluster_size=3",hub,0.25,10,22,40,1730,0,0,40,1730,0.0,0.0,0.0,0.0,0.167535357854583
fbc_tfnbs,"e=0.1,h=4.0,n=30,start_thres=1.25,min_cluster_size=3",hub,0.25,10,22,40,1730,0,0,40,1730,0.0,0.0,0.0,0.0,0.167535357854583
fbc_tfnbs,"e=0.1,h=5.0,n=30,start_thres=1.25,min_cluster_size=3",hub,0.25,10,22,40,1730,0,0,40,1730,0.0,0.0,0.0,0.0,0.167535357854583
fbc_tfnbs,"e=0.1,h=6.0,n=30,start_thres=1.25,min_cluster_size=3",hub,0.25,10,22,40,1730,0,0,40,1730,0.0,0.0,0.0,0.0,0.167535357854583
fbc_tfnbs,"e=0.1,h=7.0,n=30,start_thres=1.25,min_cluster_size=3",hub,0.25,10,22,40,1730,0,0,40,1730,0.0,0.0,0.0,0.0,0.167535357854583
fbc_tfnbs,"e=0.1,h=8.0,n=30,start_thres=1.25,min_cluster_size=3",hub,0.25,10,22,40,1730,0,0,40,1730,0.0,0.0,0.0,0.0,0.167535357854583
fbc_tfnbs,"e=0.1,h=9.0,n=30,start_thres=1.25,min_cluster_size=3",hub,0.25,10,22,40,1730,0,0,40,1730,0.0,0.0,0.0,0.0,0.167535357854583
fbc_tfnbs,"e=0.1,h=10.0,n=30,start_thres=1.25,min_cluster_size=3",hub,0.25,10,22,40,1730,0,0,40,1730,0.0,0.0,0.0,0.0,0.167535357854583
fbc_tfnbs,"e=0.2,h=0.5,n=30,start_thres=1.25,min_cluster_size=3",hub,0.25,10,22,40,1730,0,0,40,1730,0.0,0.0,0.0,0.0,0.167535357854583
fbc_tfnbs,"e=0.2,h=1.0,n=30,start_thres=1.25,min_cluster_size=3",hub,0.25,10,22,40,1730,0,0,40,1730,0.0,0.0,0.0,0.0,0.167535357854583
fbc_tfnbs,"e=0.2,h=2.0,n=30,start_thres=1.25,min_cluster_size=3",hub,0.25,10,22,40,1730,0,0,40,1730,0.0,0.0,0.0,0.0,0.167535357854583
fbc_tfnbs,"e=0.2,h=3.0,n=30,start_thres=1.25,min_cluster_size=3",hub,0.25,10,22,40,1730,0,0,40,1730,0.0,0.0,0.0,0.0,0.167535357854583
fbc_tfnbs,"e=0.2,h=4.0,n=30,start_thres=1.25,min_cluster_size=3",hub,0.25,10,22,40,1730,0,0,40,1730,0.0,0.0,0.0,0.0,0.167535357854583
fbc_tfnbs,"e=0.2,h=5.0,n=30,start_thres=1.25,min_cluster_size=3",hub,0.25,10,22,40,1730,0,0,40,1730,0.0,0.0,0.0,0.0,0.167535357854583
fbc_tfnbs,"e=0.2,h=6.0,n=30,start_thres=1.25,min_cluster_size=3",hub,0.25,10,22,40,1730,0,0,40,1730,0.0,0.0,0.0,0.0,0.167535357854583
fbc_tfnbs,"e=0.2,h=7.0,n=30,start_thres=1.25,min_cluster_size=3",hub,0.25,10,22,40,1730,0,0,40,1730,0.0,0.0,0.0,0.0,0.167535357854583
fbc_tfnbs,"e=0.2,h=8.0,n=30,start_thres=1.25,min_cluster_size=3",hub,0.25,10,22,40,1730,0,0,40,1730,0.0,0.0,0.0,0.0,0.167535357854583
fbc_tfnbs,"e=0.2,h=9.0,n=30,start_thres=1.25,min_cluster_size=3",hub,0.25,10,22,40,1730,0,0,40,1730,0.0,0.0,0.0,0.0,0.167535357854583
fbc_tfnbs,"e=0.2,h=10.0,n=30,start_thres=1.25,min_cluster_size=3",hub,0.25,10,22,40,1730,0,0,40,1730,0.0,0.0,0.0,0.0,0.167535357854583
fbc_tfnbs,"e=0.3,h=0.5,n=30,start_thres=1.25,min_cluster_size=3",hub,0.25,10,22,40,1730,0,0,40,1730,0.0,0.0,0.0,0.0,0.167535357854583
fbc_tfnbs,"e=0.3,h=1.0,n=30,start_thres=1.25,min_cluster_size=3",hub,0.25,10,22,40,1730,0,0,40,1730,0.0,0.0,0.0,0.0,0.167535357854583
fbc_tfnbs,"e=0.3,h=2.0,n=30,start_thres=1.25,min_cluster_size=3",hub,0.25,10,22,40,1730,0,0,40,1730,0.0,0.0,0.0,0.0,0.167535357854583
fbc_tfnbs,"e=0.3,h=3.0,n=30,start_thres=1.25,min_cluster_size=3",hub,0.25,10,22,40,1730,0,0,40,1730,0.0,0.0,0.0,0.0,0.167535357854583
fbc_tfnbs,"e=0.3,h=4.0,n=30,start_thres=1.25,min_cluster_size=3",hub,0.25,10,22,40,1730,0,0,40,1730,0.0,0.0,0.0,0.0,0.167535357854583
fbc_tfnbs,"e=0.3,h=5.0,n=30,start_thres=1.25,min_cluster_size=3",hub,0.25,10,22,40,1730,0,0,40,1730,0.0,0.0,0.0,0.0,0.167535357854583
fbc_tfnbs,"e=0.3,h=6.0,n=30,start_thres=1.25,min_cluster_size=3",hub,0.25,10,22,40,1730,0,0,40,1730,0.0,0.0,0.0,0.0,0.167535357854583
fbc_tfnbs,"e=0.3,h=7.0,n=30,start_thres=1.25,min_cluster_size=3",hub,0.25,10,22,40,1730,0,0,40,1730,0.0,0.0,0.0,0.0,0.167535357854583
fbc_tfnbs,"e=0.3,h=8.0,n=30,start_thres=1.25,min_cluster_size=3",hub,0.25,10,22,40,1730,0,0,40,1730,0.0,0.0,0.0,0.0,0.167535357854583
fbc_tfnbs,"e=0.3,h=9.0,n=30,start_thres=1.25,min_cluster_size=3",hub,0.25,10,22,40,1730,0,0,40,1730,0.0,0.0,0.0,0.0,0.167535357854583
fbc_tfnbs,"e=0.3,h=10.0,n=30,start_thres=1.25,min_cluster_size=3",hub,0.25,10,22,40,1730,0,0,40,1730,0.0,0.0,0.0,0.0,0.167535357854583
fbc_tfnbs,"e=0.4,h=0.5,n=30,start_thres=1.25,min_cluster_size=3",hub,0.25,10,22,40,1730,0,0,40,1730,0.0,0.0,0.0,0.0,0.167535357854583
fbc_tfnbs,"e=0.4,h=1.0,n=30,start_thres=1.25,min_cluster_size=3",hub,0.25,10,22,40,1730,0,0,40,1730,0.0,0.0,0.0,0.0,0.167535357854583
fbc_tfnbs,"e=0.4,h=2.0,n=30,start_thres=1.25,min_cluster_size=3",hub,0.25,10,22,40,1730,0,0,40,1730,0.0,0.0,0.0,0.0,0.167535357854583
fbc_tfnbs,"e=0.4,h=3.0,n=30,start_thres=1.25,min_cluster_size=3",hub,0.25,10,22,40,1730,0,0,40,1730,0.0,0.0,0.0,0.0,0.167535357854583
fbc_tfnbs,"e=0.4,h=4.0,n=30,start_thres=1.25,min_cluster_size=3",hub,0.25,10,22,40,1730,0,0,40,1730,0.0,0.0,0.0,0.0,0.167535357854583
fbc_tfnbs,"e=0.4,h=5.0,n=30,start_thres=1.25,min_cluster_size=3",hub,0.25,10,22,40,1730,0,0,40,1730,0.0,0.0,0.0,0.0,0.167535357854583
fbc_tfnbs,"e=0.4,h=6.0,n=30,start_thres=1.25,min_cluster_size=3",hub,0.25,10,22,40,1730,0,0,40,1730,0.0,0.0,0.0,0.0,0.167535357854583
fbc_tfnbs,"e=0.4,h=7.0,n=30,start_thres=1.25,min_cluster_size=3",hub,0.25,10,22,40,1730,0,0,40,1730,0.0,0.0,0.0,0.0,0.167535357854583
fbc_tfnbs,"e=0.4,h=8.0,n=30,start_thres=1.25,min_cluster_size=3",hub,0.25,10,22,40,1730,0,0,40,1730,0.0,0.0,0.0,0.0,0.167535357854583
fbc_tfnbs,"e=0.4,h=9.0,n=30,start_thres=1.25,min_cluster_size=3",hub,0.25,10,22,40,1730,0,0,40,1730,0.0,0.0,0.0,0.0,0.167535357854583
fbc_tfnbs,"e=0.4,h=10.0,n=30,start_thres=1.25,min_cluster_size=3",hub,0.25,10,22,40,1730,0,0,40,1730,0.0,0.0,0.0,0.0,0.167535357854583
fbc_tfnbs,"e=0.5,h=0.5,n=30,start_thres=1.25,min_cluster_size=3",hub,0.25,10,22,40,1730,0,0,40,1730,0.0,0.0,0.0,0.0,0.167535357854583
fbc_tfnbs,"e=0.5,h=1.0,n=30,start_thres=1.25,min_cluster_size=3",hub,0.25,10,22,40,1730,0,0,40,1730,0.0,0.0,0.0,0.0,0.167535357854583
fbc_tfnbs,"e=0.5,h=2.0,n=30,start_thres=1.25,min_cluster_size=3",hub,0.25,10,22,40,1730,0,0,40,1730,0.0,0.0,0.0,0.0,0.167535357854583
fbc_tfnbs,"e=0.5,h=3.0,n=30,start_thres=1.25,min_cluster_size=3",hub,0.25,10,22,40,1730,0,0,40,1730,0.0,0.0,0.0,0.0,0.167535357854583
fbc_tfnbs,"e=0.5,h=4.0,n=30,start_thres=1.25,min_cluster_size=3",hub,0.25,10,22,40,1730,0,0,40,1730,0.0,0.0,0.0,0.0,0.167535357854583
fbc_tfnbs,"e=0.5,h=5.0,n=30,start_thres=1.25,min_cluster_size=3",hub,0.25,10,22,40,1730,0,0,40,1730,0.0,0.0,0.0,0.0,0.167535357854583
fbc_tfnbs,"e=0.5,h=6.0,n=30,start_thres=1.25,min_cluster_size=3",hub,0.25,10,22,40,1730,0,0,40,1730,0.0,0.0,0.0,0.0,0.167535357854583
fbc_tfnbs,"e=0.5,h=7.0,n=30,start_thres=1.25,min_cluster_size=3",hub,0.25,10,22,40,1730,0,0,40,1730,0.0,0.0,0.0,0.0,0.167535357854583
fbc_tfnbs,"e=0.5,h=8.0,n=30,start_thres=1.25,min_cluster_size=3",hub,0.25,10,22,40,1730,0,0,40,1730,0.0,0.0,0.0,0.0,0.167535357854583
fbc_tfnbs,"e=0.5,h=9.0,n=30,start_thres=1.25,min_cluster_size=3",hub,0.25,10,22,40,1730,0,0,40,1730,0.0,0.0,0.0,0.0,0.167535357854583
fbc_tfnbs,"e=0.5,h=10.0,n=30,start_thres=1.25,min_cluster_size=3",hub,0.25,10,22,40,1730,0,0,40,1730,0.0,0.0,0.0,0.0,0.167535357854583
fbc_tfnbs,"e=0.6,h=0.5,n=30,start_thres=1.25,min_cluster_size=3",hub,0.25,10,22,40,1730,0,0,40,1730,0.0,0.0,0.0,0.0,0.167535357854583
fbc_tfnbs,"e=0.6,h=1.0,n=30,start_thres=1.25,min_cluster_size=3",hub,0.25,10,22,40,1730,0,0,40,1730,0.0,0.0,0.0,0.0,0.167535357854583
fbc_tfnbs,"e=0.6,h=2.0,n=30,start_thres=1.25,min_cluster_size=3",hub,0.25,10,22,40,1730,0,0,40,1730,0.0,0.0,0.0,0.0,0.167535357854583
fbc_tfnbs,"e=0.6,h=3.0,n=30,start_thres=1.25,min_cluster_size=3",hub,0.25,10,22,40,1730,0,0,40,1730,0.0,0.0,0.0,0.0,0.167535357854583
fbc_tfnbs,"e=0.6,h=4.0,n=30,start_thres=1.25,min_cluster_size=3",hub,0.25,10,22,40,1730,0,0,40,1730,0.0,0.0,0.0,0.0,0.167535357854583
fbc_tfnbs,"e=0.6,h=5.0,n=30,start_thres=1.25,min_cluster_size=3",hub,0.25,10,22,40,1730,0,0,40,1730,0.0,0.0,0.0,0.0,0.167535357854583
fbc_tfnbs,"e=0.6,h=6.0,n=30,start_thres=1.25,min_cluster_size=3",hub,0.25,10,22,40,1730,0,0,40,1730,0.0,0.0,0.0,0.0,0.167535357854583
fbc_tfnbs,"e=0.6,h=7.0,n=30,start_thres=1.25,min_cluster_size=3",hub,0.25,10,22,40,1730,0,0,40,1730,0.0,0.0,0.0,0.0,0.167535357854583
fbc_tfnbs,"e=0.6,h=8.0,n=30,start_thres=1.25,min_cluster_size=3",hub,0.25,10,22,40,1730,0,0,40,1730,0.0,0.0,0.0,0.0,0.167535357854583
fbc_tfnbs,"e=0.6,h=9.0,n=30,start_thres=1.25,min_cluster_size=3",hub,0.25,10,22,40,1730,0,0,40,1730,0.0,0.0,0.0,0.0,0.167535357854583
fbc_tfnbs,"e=0.6,h=10.0,n=30,start_thres=1.25,min_cluster_size=3",hub,0.25,10,22,40,1730,0,0,40,1730,0.0,0.0,0.0,0.0,0.167535357854583
fbc_tfnbs,"e=0.7,h=0.5,n=30,start_thres=1.25,min_cluster_size=3",hub,0.25,10,22,40,1730,0,0,40,1730,0.0,0.0,0.0,0.0,0.167535357854583
fbc_tfnbs,"e=0.7,h=1.0,n=30,start_thres=1.25,min_cluster_size=3",hub,0.25,10,22,40,1730,0,0,40,1730,0.0,0.0,0.0,0.0,0.167535357854583
fbc_tfnbs,"e=0.7,h=2.0,n=30,start_thres=1.25,min_cluster_size=3",hub,0.25,10,22,40,1730,0,0,40,1730,0.0,0.0,0.0,0.0,0.167535357854583
fbc_tfnbs,"e=0.7,h=3.0,n=30,start_thres=1.25,min_cluster_size=3",hub,0.25,10,22,40,1730,0,0,40,1730,0.0,0.0,0.0,0.0,0.167535357854583
fbc_tfnbs,"e=0.7,h=4.0,n=30,start_thres=1.25,min_cluster_size=3",hub,0.25,10,22,40,1730,0,0,40,1730,0.0,0.0,0.0,0.0,0.167535357854583
fbc_tfnbs,"e=0.7,h=5.0,n=30,start_thres=1.25,min_cluster_size=3",hub,0.25,10,22,40,1730,0,0,40,1730,0.0,0.0,0.0,0.0,0.167535357854583
fbc_tfnbs,"e=0.7,h=6.0,n=30,start_thres=1.25,min_cluster_size=3",hub,0.25,10,22,40,1730,0,0,40,1730,0.0,0.0,0.0,0.0,0.167535357854583
fbc_tfnbs,"e=0.7,h=7.0,n=30,start_thres=1.25,min_cluster_size=3",hub,0.25,10,22,40,1730,0,0,40,1730,0.0,0.0,0.0,0.0,0.167535357854583
fbc_tfnbs,"e=0.7,h=8.0,n=30,start_thres=1.25,min_cluster_size=3",hub,0.25,10,22,40,1730,0,0,40,1730,0.0,0.0,0.0,0.0,0.167535357854583
fbc_tfnbs,"e=0.7,h=9.0,n=30,start_thres=1.25,min_cluster_size=3",hub,0.25,10,22,40,1730,0,0,40,1730,0.0,0.0,0.0,0.0,0.167535357854583
fbc_tfnbs,"e=0.7,h=10.0,n=30,start_thres=1.25,min_cluster_size=3",hub,0.25,10,22,40,1730,0,0,40,1730,0.0,0.0,0.0,0.0,0.167535357854583
fbc_tfnbs,"e=0.8,h=0.5,n=30,start_thres=1.25,min_cluster_size=3",hub,0.25,10,22,40,1730,0,0,40,1730,0.0,0.0,0.0,0.0,0.167535357854583
fbc_tfnbs,"e=0.8,h=1.0,n=30,start_thres=1.25,min_cluster_size=3",hub,0.25,10,22,40,1730,0,0,40,1730,0.0,0.0,0.0,0.0,0.167535357854583
fbc_tfnbs,"e=0.8,h=2.0,n=30,start_thres=1.25,min_cluster_size=3",hub,0.25,10,22,40,1730,0,0,40,1730,0.0,0.0,0.0,0.0,0.167535357854583
fbc_tfnbs,"e=0.8,h=3.0,n=30,start_thres=1.25,min_cluster_size=3",hub,0.25,10,22,40,1730,0,0,40,1730,0.0,0.0,0.0,0.0,0.167535357854583
fbc_tfnbs,"e=0.8,h=4.0,n=30,start_thres=1.25,min_cluster_size=3",hub,0.25,10,22,40,1730,0,0,40,1730,0.0,0.0,0.0,0.0,0.167535357854583
fbc_tfnbs,"e=0.8,h=5.0,n=30,start_thres=1.25,min_cluster_size=3",hub,0.25,10,22,40,1730,0,0,40,1730,0.0,0.0,0.0,0.0,0.167535357854583
fbc_tfnbs,"e=0.8,h=6.0,n=30,start_thres=1.25,min_cluster_size=3",hub,0.25,10,22,40,1730,0,0,40,1730,0.0,0.0,0.0,0.0,0.167535357854583
fbc_tfnbs,"e=0.8,h=7.0,n=30,start_thres=1.25,min_cluster_size=3",hub,0.25,10,22,40,1730,0,0,40,1730,0.0,0.0,0.0,0.0,0.167535357854583
fbc_tfnbs,"e=0.8,h=8.0,n=30,start_thres=1.25,min_cluster_size=3",hub,0.25,10,22,40,1730,0,0,40,1730,0.0,0.0,0.0,0.0,0.167535357854583
fbc_tfnbs,"e=0.8,h=9.0,n=30,start_thres=1.25,min_cluster_size=3",hub,0.25,10,22,40,1730,0,0,40,1730,0.0,0.0,0.0,0.0,0.167535357854583
fbc_tfnbs,"e=0.8,h=10.0,n=30,start_thres=1.25,min_cluster_size=3",hub,0.25,10,22,40,1730,0,0,40,1730,0.0,0.0,0.0,0.0,0.167535357854583
fbc_tfnbs,"e=0.9,h=0.5,n=30,start_thres=1.25,min_cluster_size=3",hub,0.25,10,22,40,1730,0,0,40,1730,0.0,0.0,0.0,0.0,0.167535357854583
fbc_tfnbs,"e=0.9,h=1.0,n=30,start_thres=1.25,min_cluster_size=3",hub,0.25,10,22,40,1730,0,0,40,1730,0.0,0.0,0.0,0.0,0.167535357854583
fbc_tfnbs,"e=0.9,h=2.0,n=30,start_thres=1.25,min_cluster_size=3",hub,0.25,10,22,40,1730,0,0,40,1730,0.0,0.0,0.0,0.0,0.167535357854583
fbc_tfnbs,"e=0.9,h=3.0,n=30,start_thres=1.25,min_cluster_size=3",hub,0.25,10,22,40,1730,0,0,40,1730,0.0,0.0,0.0,0.0,0.167535357854583
fbc_tfnbs,"e=0.9,h=4.0,n=30,start_thres=1.25,min_cluster_size=3",hub,0.25,10,22,40,1730,0,0,40,1730,0.0,0.0,0.0,0.0,0.167535357854583
fbc_tfnbs,"e=0.9,h=5.0,n=30,start_thres=1.25,min_cluster_size=3",hub,0.25,10,22,40,1730,0,0,40,1730,0.0,0.0,0.0,0.0,0.167535357854583
fbc_tfnbs,"e=0.9,h=6.0,n=30,start_thres=1.25,min_cluster_size=3",hub,0.25,10,22,40,1730,0,0,40,1730,0.0,0.0,0.0,0.0,0.167535357854583
fbc_tfnbs,"e=0.9,h=7.0,n=30,start_thres=1.25,min_cluster_size=3",hub,0.25,10,22,40,1730,0,0,40,1730,0.0,0.0,0.0,0.0,0.167535357854583
fbc_tfnbs,"e=0.9,h=8.0,n=30,start_thres=1.25,min_cluster_size=3",hub,0.25,10,22,40,1730,0,0,40,1730,0.0,0.0,0.0,0.0,0.167535357854583
fbc_tfnbs,"e=0.9,h=9.0,n=30,start_thres=1.25,min_cluster_size=3",hub,0.25,10,22,40,1730,0,0,40,1730,0.0,0.0,0.0,0.0,0.167535357854583
fbc_tfnbs,"e=0.9,h=10.0,n=30,start_thres=1.25,min_cluster_size=3",hub,0.25,10,22,40,1730,0,0,40,1730,0.0,0.0,0.0,0.0,0.167535357854583
fbc_tfnbs,"e=1.0,h=0.5,n=30,start_thres=1.25,min_cluster_size=3",hub,0.25,10,22,40,1730,0,0,40,1730,0.0,0.0,0.0,0.0,0.167535357854583
fbc_tfnbs,"e=1.0,h=1.0,n=30,start_thres=1.25,min_cluster_size=3",hub,0.25,10,22,40,1730,0,0,40,1730,0.0,0.0,0.0,0.0,0.167535357854583
fbc_tfnbs,"e=1.0,h=2.0,n=30,start_thres=1.25,min_cluster_size=3",hub,0.25,10,22,40,1730,0,0,40,1730,0.0,0.0,0.0,0.0,0.167535357854583
fbc_tfnbs,"e=1.0,h=3.0,n=30,start_thres=1.25,min_cluster_size=3",hub,0.25,10,22,40,1730,0,0,40,1730,0.0,0.0,0.0,0.0,0.167535357854583
fbc_tfnbs,"e=1.0,h=4.0,n=30,start_thres=1.25,min_cluster_size=3",hub,0.25,10,22,40,1730,0,0,40,1730,0.0,0.0,0.0,0.0,0.167535357854583
fbc_tfnbs,"e=1.0,h=5.0,n=30,start_thres=1.25,min_cluster_size=3",hub,0.25,10,22,40,1730,0,0,40,1730,0.0,0.0,0.0,0.0,0.167535357854583
fbc_tfnbs,"e=1.0,h=6.0,n=30,start_thres=1.25,min_cluster_size=3",hub,0.25,10,22,40,1730,0,0,40,1730,0.0,0.0,0.0,0.0,0.167535357854583
fbc_tfnbs,"e=1.0,h=7.0,n=30,start_thres=1.25,min_cluster_size=3",hub,0.25,10,22,40,1730,0,0,40,1730,0.0,0.0,0.0,0.0,0.167535357854583
fbc_tfnbs,"e=1.0,h=8.0,n=30,start_thres=1.25,min_cluster_size=3",hub,0.25,10,22,40,1730,0,0,40,1730,0.0,0.0,0.0,0.0,0.167535357854583
fbc_tfnbs,"e=1.0,h=9.0,n=30,start_thres=1.25,min_cluster_size=3",hub,0.25,10,22,40,1730,0,0,40,1730,0.0,0.0,0.0,0.0,0.167535357854583
fbc_tfnbs,"e=1.0,h=10.0,n=30,start_thres=1.25,min_cluster_size=3",hub,0.25,10,22,40,1730,0,0,40,1730,0.0,0.0,0.0,0.0,0.167535357854583
fbc_tfnbs,"e=1.1,h=0.5,n=30,start_thres=1.25,min_cluster_size=3",hub,0.25,10,22,40,1730,0,0,40,1730,0.0,0.0,0.0,0.0,0.167535357854583
fbc_tfnbs,"e=1.1,h=1.0,n=30,start_thres=1.25,min_cluster_size=3",hub,0.25,10,22,40,1730,0,0,40,1730,0.0,0.0,0.0,0.0,0.167535357854583
fbc_tfnbs,"e=1.1,h=2.0,n=30,start_thres=1.25,min_cluster_size=3",hub,0.25,10,22,40,1730,0,0,40,1730,0.0,0.0,0.0,0.0,0.167535357854583
fbc_tfnbs,"e=1.1,h=3.0,n=30,start_thres=1.25,min_cluster_size=3",hub,0.25,10,22,40,1730,0,0,40,1730,0.0,0.0,0.0,0.0,0.167535357854583
fbc_tfnbs,"e=1.1,h=4.0,n=30,start_thres=1.25,min_cluster_size=3",hub,0.25,10,22,40,1730,0,0,40,1730,0.0,0.0,0.0,0.0,0.167535357854583
fbc_tfnbs,"e=1.1,h=5.0,n=30,start_thres=1.25,min_cluster_size=3",hub,0.25,10,22,40,1730,0,0,40,1730,0.0,0.0,0.0,0.0,0.167535357854583
fbc_tfnbs,"e=1.1,h=6.0,n=30,start_thres=1.25,min_cluster_size=3",hub,0.25,10,22,40,1730,0,0,40,1730,0.0,0.0,0.0,0.0,0.167535357854583
fbc_tfnbs,"e=1.1,h=7.0,n=30,start_thres=1.25,min_cluster_size=3",hub,0.25,10,22,40,1730,0,0,40,1730,0.0,0.0,0.0,0.0,0.167535357854583
fbc_tfnbs,"e=1.1,h=8.0,n=30,start_thres=1.25,min_cluster_size=3",hub,0.25,10,22,40,1730,0,0,40,1730,0.0,0.0,0.0,0.0,0.167535357854583
fbc_tfnbs,"e=1.1,h=9.0,n=30,start_thres=1.25,min_cluster_size=3",hub,0.25,10,22,40,1730,0,0,40,1730,0.0,0.0,0.0,0.0,0.167535357854583
fbc_tfnbs,"e=1.1,h=10.0,n=30,start_thres=1.25,min_cluster_size=3",hub,0.25,10,22,40,1730,0,0,40,1730,0.0,0.0,0.0,0.0,0.167535357854583
fbc_tfnbs,"e=1.2,h=0.5,n=30,start_thres=1.25,min_cluster_size=3",hub,0.25,10,22,40,1730,0,0,40,1730,0.0,0.0,0.0,0.0,0.167535357854583
fbc_tfnbs,"e=1.2,h=1.0,n=30,start_thres=1.25,min_cluster_size=3",hub,0.25,10,22,40,1730,0,0,40,1730,0.0,0.0,0.0,0.0,0.167535357854583
fbc_tfnbs,"e=1.2,h=2.0,n=30,start_thres=1.25,min_cluster_size=3",hub,0.25,10,22,40,1730,0,0,40,1730,0.0,0.0,0.0,0.0,0.167535357854583
fbc_tfnbs,"e=1.2,h=3.0,n=30,start_thres=1.25,min_cluster_size=3",hub,0.25,10,22,40,1730,0,0,40,1730,0.0,0.0,0.0,0.0,0.167535357854583
fbc_tfnbs,"e=1.2,h=4.0,n=30,start_thres=1.25,min_cluster_size=3",hub,0.25,10,22,40,1730,0,0,40,1730,0.0,0.0,0.0,0.0,0.167535357854583
fbc_tfnbs,"e=1.2,h=5.0,n=30,start_thres=1.25,min_cluster_size=3",hub,0.25,10,22,40,1730,0,0,40,1730,0.0,0.0,0.0,0.0,0.167535357854583
fbc_tfnbs,"e=1.2,h=6.0,n=30,start_thres=1.25,min_cluster_size=3",hub,0.25,10,22,40,1730,0,0,40,1730,0.0,0.0,0.0,0.0,0.167535357854583
fbc_tfnbs,"e=1.2,h=7.0,n=30,start_thres=1.25,min_cluster_size=3",hub,0.25,10,22,40,1730,0,0,40,1730,0.0,0.0,0.0,0.0,0.167535357854583
fbc_tfnbs,"e=1.2,h=8.0,n=30,start_thres=1.25,min_cluster_size=3",hub,0.25,10,22,40,1730,0,0,40,1730,0.0,0.0,0.0,0.0,0.167535357854583
fbc_tfnbs,"e=1.2,h=9.0,n=30,start_thres=1.25,min_cluster_size=3",hub,0.25,10,22,40,1730,0,0,40,1730,0.0,0.0,0.0,0.0,0.167535357854583
fbc_tfnbs,"e=1.2,h=10.0,n=30,start_thres=1.25,min_cluster_size=3",hub,0.25,10,22,40,1730,0,0,40,1730,0.0,0.0,0.0,0.0,0.167535357854583
fbc_tfnbs,"e=1.3,h=0.5,n=30,start_thres=1.25,min_cluster_size=3",hub,0.25,10,22,40,1730,0,0,40,1730,0.0,0.0,0.0,0.0,0.167535357854583
fbc_tfnbs,"e=1.3,h=1.0,n=30,start_thres=1.25,min_cluster_size=3",hub,0.25,10,22,40,1730,0,0,40,1730,0.0,0.0,0.0,0.0,0.167535357854583
fbc_tfnbs,"e=1.3,h=2.0,n=30,start_thres=1.25,min_cluster_size=3",hub,0.25,10,22,40,1730,0,0,40,1730,0.0,0.0,0.0,0.0,0.167535357854583
fbc_tfnbs,"e=1.3,h=3.0,n=30,start_thres=1.25,min_cluster_size=3",hub,0.25,10,22,40,1730,0,0,40,1730,0.0,0.0,0.0,0.0,0.167535357854583
fbc_tfnbs,"e=1.3,h=4.0,n=30,start_thres=1.25,min_cluster_size=3",hub,0.25,10,22,40,1730,0,0,40,1730,0.0,0.0,0.0,0.0,0.167535357854583
fbc_tfnbs,"e=1.3,h=5.0,n=30,start_thres=1.25,min_cluster_size=3",hub,0.25,10,22,40,1730,0,0,40,1730,0.0,0.0,0.0,0.0,0.167535357854583
fbc_tfnbs,"e=1.3,h=6.0,n=30,start_thres=1.25,min_cluster_size=3",hub,0.25,10,22,40,1730,0,0,40,1730,0.0,0.0,0.0,0.0,0.167535357854583
fbc_tfnbs,"e=1.3,h=7.0,n=30,start_thres=1.25,min_cluster_size=3",hub,0.25,10,22,40,1730,0,0,40,1730,0.0,0.0,0.0,0.0,0.167535357854583
fbc_tfnbs,"e=1.3,h=8.0,n=30,start_thres=1.25,min_cluster_size=3",hub,0.25,10,22,40,1730,0,0,40,1730,0.0,0.0,0.0,0.0,0.167535357854583
fbc_tfnbs,"e=1.3,h=9.0,n=30,start_thres=1.25,min_cluster_size=3",hub,0.25,10,22,40,1730,0,0,40,1730,0.0,0.0,0.0,0.0,0.167535357854583
fbc_tfnbs,"e=1.3,h=10.0,n=30,start_thres=1.25,min_cluster_size=3",hub,0.25,10,22,40,1730,0,0,40,1730,0.0,0.0,0.0,0.0,0.167535357854583
fbc_tfnbs,"e=1.4,h=0.5,n=30,start_thres=1.25,min_cluster_size=3",hub,0.25,10,22,40,1730,0,0,40,1730,0.0,0.0,0.0,0.0,0.167535357854583
fbc_tfnbs,"e=1.4,h=1.0,n=30,start_thres=1.25,min_cluster_size=3",hub,0.25,10,22,40,1730,0,0,40,1730,0.0,0.0,0.0,0.0,0.167535357854583
fbc_tfnbs,"e=1.4,h=2.0,n=30,start_thres=1.25,min_cluster_size=3",hub,0.25,10,22,40,1730,0,0,40,1730,0.0,0.0,0.0,0.0,0.167535357854583
fbc_tfnbs,"e=1.4,h=3.0,n=30,start_thres=1.25,min_cluster_size=3",hub,0.25,10,22,40,1730,0,0,40,1730,0.0,0.0,0.0,0.0,0.167535357854583
fbc_tfnbs,"e=1.4,h=4.0,n=30,start_thres=1.25,min_cluster_size=3",hub,0.25,10,22,40,1730,0,0,40,1730,0.0,0.0,0.0,0.0,0.167535357854583
fbc_tfnbs,"e=1.4,h=5.0,n=30,start_thres=1.25,min_cluster_size=3",hub,0.25,10,22,40,1730,0,0,40,1730,0.0,0.0,0.0,0.0,0.167535357854583
fbc_tfnbs,"e=1.4,h=6.0,n=30,start_thres=1.25,min_cluster_size=3",hub,0.25,10,22,40,1730,0,0,40,1730,0.0,0.0,0.0,0.0,0.167535357854583
fbc_tfnbs,"e=1.4,h=7.0,n=30,start_thres=1.25,min_cluster_size=3",hub,0.25,10,22,40,1730,0,0,40,1730,0.0,0.0,0.0,0.0,0.167535357854583
fbc_tfnbs,"e=1.4,h=8.0,n=30,start_thres=1.25,min_cluster_size=3",hub,0.25,10,22,40,1730,0,0,40,1730,0.0,0.0,0.0,0.0,0.167535357854583
fbc_tfnbs,"e=1.4,h=9.0,n=30,start_thres=1.25,min_cluster_size=3",hub,0.25,10,22,40,1730,0,0,40,1730,0.0,0.0,0.0,0.0,0.167535357854583
fbc_tfnbs,"e=1.4,h=10.0,n=30,start_thres=1.25,min_cluster_size=3",hub,0.25,10,22,40,1730,0,0,40,1730,0.0,0.0,0.0,0.0,0.167535357854583
fbc_tfnbs,"e=1.5,h=0.5,n=30,start_thres=1.25,min_cluster_size=3",hub,0.25,10,22,40,1730,0,0,40,1730,0.0,0.0,0.0,0.0,0.167535357854583
fbc_tfnbs,"e=1.5,h=1.0,n=30,start_thres=1.25,min_cluster_size=3",hub,0.25,10,22,40,1730,0,0,40,1730,0.0,0.0,0.0,0.0,0.167535357854583
fbc_tfnbs,"e=1.5,h=2.0,n=30,start_thres=1.25,min_cluster_size=3",hub,0.25,10,22,40,1730,0,0,40,1730,0.0,0.0,0.0,0.0,0.167535357854583
fbc_tfnbs,"e=1.5,h=3.0,n=30,start_thres=1.25,min_cluster_size=3",hub,0.25,10,22,40,1730,0,0,40,1730,0.0,0.0,0.0,0.0,0.167535357854583
fbc_tfnbs,"e=1.5,h=4.0,n=30,start_thres=1.25,min_cluster_size=3",hub,0.25,10,22,40,1730,0,0,40,1730,0.0,0.0,0.0,0.0,0.167535357854583
fbc_tfnbs,"e=1.5,h=5.0,n=30,start_thres=1.25,min_cluster_size=3",hub,0.25,10,22,40,1730,0,0,40,1730,0.0,0.0,0.0,0.0,0.167535357854583
fbc_tfnbs,"e=1.5,h=6.0,n=30,start_thres=1.25,min_cluster_size=3",hub,0.25,10,22,40,1730,0,0,40,1730,0.0,0.0,0.0,0.0,0.167535357854583
fbc_tfnbs,"e=1.5,h=7.0,n=30,start_thres=1.25,min_cluster_size=3",hub,0.25,10,22,40,1730,0,0,40,1730,0.0,0.0,0.0,0.0,0.167535357854583
fbc_tfnbs,"e=1.5,h=8.0,n=30,start_thres=1.25,min_cluster_size=3",hub,0.25,10,22,40,1730,0,0,40,1730,0.0,0.0,0.0,0.0,0.167535357854583
fbc_tfnbs,"e=1.5,h=9.0,n=30,start_thres=1.25,min_cluster_size=3",hub,0.25,10,22,40,1730,0,0,40,1730,0.0,0.0,0.0,0.0,0.167535357854583
fbc_tfnbs,"e=1.5,h=10.0,n=30,start_thres=1.25,min_cluster_size=3",hub,0.25,10,22,40,1730,0,0,40,1730,0.0,0.0,0.0,0.0,0.167535357854583
fbc_tfnbs,"e=0.05,h=0.5,n=30,start_thres=1.25,min_cluster_size=3",hub,0.25,10,23,40,1730,0,0,40,1730,0.0,0.0,0.0,0.0,0.1615026566115292
fbc_tfnbs,"e=0.05,h=1.0,n=30,start_thres=1.25,min_cluster_size=3",hub,0.25,10,23,40,1730,0,0,40,1730,0.0,0.0,0.0,0.0,0.1615026566115292
fbc_tfnbs,"e=0.05,h=2.0,n=30,start_thres=1.25,min_cluster_size=3",hub,0.25,10,23,40,1730,0,0,40,1730,0.0,0.0,0.0,0.0,0.1615026566115292
fbc_tfnbs,"e=0.05,h=3.0,n=30,start_thres=1.25,min_cluster_size=3",hub,0.25,10,23,40,1730,0,0,40,1730,0.0,0.0,0.0,0.0,0.1615026566115292
fbc_tfnbs,"e=0.05,h=4.0,n=30,start_thres=1.25,min_cluster_size=3",hub,0.25,10,23,40,1730,0,0,40,1730,0.0,0.0,0.0,0.0,0.1615026566115292
fbc_tfnbs,"e=0.05,h=5.0,n=30,start_thres=1.25,min_cluster_size=3",hub,0.25,10,23,40,1730,0,0,40,1730,0.0,0.0,0.0,0.0,0.1615026566115292
fbc_tfnbs,"e=0.05,h=6.0,n=30,start_thres=1.25,min_cluster_size=3",hub,0.25,10,23,40,1730,0,0,40,1730,0.0,0.0,0.0,0.0,0.1615026566115292
fbc_tfnbs,"e=0.05,h=7.0,n=30,start_thres=1.25,min_cluster_size=3",hub,0.25,10,23,40,1730,0,0,40,1730,0.0,0.0,0.0,0.0,0.1615026566115292
fbc_tfnbs,"e=0.05,h=8.0,n=30,start_thres=1.25,min_cluster_size=3",hub,0.25,10,23,40,1730,0,0,40,1730,0.0,0.0,0.0,0.0,0.1615026566115292
fbc_tfnbs,"e=0.05,h=9.0,n=30,start_thres=1.25,min_cluster_size=3",hub,0.25,10,23,40,1730,0,0,40,1730,0.0,0.0,0.0,0.0,0.1615026566115292
fbc_tfnbs,"e=0.05,h=10.0,n=30,start_thres=1.25,min_cluster_size=3",hub,0.25,10,23,40,1730,0,0,40,1730,0.0,0.0,0.0,0.0,0.1615026566115292
fbc_tfnbs,"e=0.1,h=0.5,n=30,start_thres=1.25,min_cluster_size=3",hub,0.25,10,23,40,1730,0,0,40,1730,0.0,0.0,0.0,0.0,0.1615026566115292
fbc_tfnbs,"e=0.1,h=1.0,n=30,start_thres=1.25,min_cluster_size=3",hub,0.25,10,23,40,1730,0,0,40,1730,0.0,0.0,0.0,0.0,0.1615026566115292
fbc_tfnbs,"e=0.1,h=2.0,n=30,start_thres=1.25,min_cluster_size=3",hub,0.25,10,23,40,1730,0,0,40,1730,0.0,0.0,0.0,0.0,0.1615026566115292
fbc_tfnbs,"e=0.1,h=3.0,n=30,start_thres=1.25,min_cluster_size=3",hub,0.25,10,23,40,1730,0,0,40,1730,0.0,0.0,0.0,0.0,0.1615026566115292
fbc_tfnbs,"e=0.1,h=4.0,n=30,start_thres=1.25,min_cluster_size=3",hub,0.25,10,23,40,1730,0,0,40,1730,0.0,0.0,0.0,0.0,0.1615026566115292
fbc_tfnbs,"e=0.1,h=5.0,n=30,start_thres=1.25,min_cluster_size=3",hub,0.25,10,23,40,1730,0,0,40,1730,0.0,0.0,0.0,0.0,0.1615026566115292
fbc_tfnbs,"e=0.1,h=6.0,n=30,start_thres=1.25,min_cluster_size=3",hub,0.25,10,23,40,1730,0,0,40,1730,0.0,0.0,0.0,0.0,0.1615026566115292
fbc_tfnbs,"e=0.1,h=7.0,n=30,start_thres=1.25,min_cluster_size=3",hub,0.25,10,23,40,1730,0,0,40,1730,0.0,0.0,0.0,0.0,0.1615026566115292
fbc_tfnbs,"e=0.1,h=8.0,n=30,start_thres=1.25,min_cluster_size=3",hub,0.25,10,23,40,1730,0,0,40,1730,0.0,0.0,0.0,0.0,0.1615026566115292
fbc_tfnbs,"e=0.1,h=9.0,n=30,start_thres=1.25,min_cluster_size=3",hub,0.25,10,23,40,1730,0,0,40,1730,0.0,0.0,0.0,0.0,0.1615026566115292
fbc_tfnbs,"e=0.1,h=10.0,n=30,start_thres=1.25,min_cluster_size=3",hub,0.25,10,23,40,1730,0,0,40,1730,0.0,0.0,0.0,0.0,0.1615026566115292
fbc_tfnbs,"e=0.2,h=0.5,n=30,start_thres=1.25,min_cluster_size=3",hub,0.25,10,23,40,1730,0,0,40,1730,0.0,0.0,0.0,0.0,0.1615026566115292
fbc_tfnbs,"e=0.2,h=1.0,n=30,start_thres=1.25,min_cluster_size=3",hub,0.25,10,23,40,1730,0,0,40,1730,0.0,0.0,0.0,0.0,0.1615026566115292
fbc_tfnbs,"e=0.2,h=2.0,n=30,start_thres=1.25,min_cluster_size=3",hub,0.25,10,23,40,1730,0,0,40,1730,0.0,0.0,0.0,0.0,0.1615026566115292
fbc_tfnbs,"e=0.2,h=3.0,n=30,start_thres=1.25,min_cluster_size=3",hub,0.25,10,23,40,1730,0,0,40,1730,0.0,0.0,0.0,0.0,0.1615026566115292
fbc_tfnbs,"e=0.2,h=4.0,n=30,start_thres=1.25,min_cluster_size=3",hub,0.25,10,23,40,1730,0,0,40,1730,0.0,0.0,0.0,0.0,0.1615026566115292
fbc_tfnbs,"e=0.2,h=5.0,n=30,start_thres=1.25,min_cluster_size=3",hub,0.25,10,23,40,1730,0,0,40,1730,0.0,0.0,0.0,0.0,0.1615026566115292
fbc_tfnbs,"e=0.2,h=6.0,n=30,start_thres=1.25,min_cluster_size=3",hub,0.25,10,23,40,1730,0,0,40,1730,0.0,0.0,0.0,0.0,0.1615026566115292
fbc_tfnbs,"e=0.2,h=7.0,n=30,start_thres=1.25,min_cluster_size=3",hub,0.25,10,23,40,1730,0,0,40,1730,0.0,0.0,0.0,0.0,0.1615026566115292
fbc_tfnbs,"e=0.2,h=8.0,n=30,start_thres=1.25,min_cluster_size=3",hub,0.25,10,23,40,1730,0,0,40,1730,0.0,0.0,0.0,0.0,0.1615026566115292
fbc_tfnbs,"e=0.2,h=9.0,n=30,start_thres=1.25,min_cluster_size=3",hub,0.25,10,23,40,1730,0,0,40,1730,0.0,0.0,0.0,0.0,0.1615026566115292
fbc_tfnbs,"e=0.2,h=10.0,n=30,start_thres=1.25,min_cluster_size=3",hub,0.25,10,23,40,1730,0,0,40,1730,0.0,0.0,0.0,0.0,0.1615026566115292
fbc_tfnbs,"e=0.3,h=0.5,n=30,start_thres=1.25,min_cluster_size=3",hub,0.25,10,23,40,1730,0,0,40,1730,0.0,0.0,0.0,0.0,0.1615026566115292
fbc_tfnbs,"e=0.3,h=1.0,n=30,start_thres=1.25,min_cluster_size=3",hub,0.25,10,23,40,1730,0,0,40,1730,0.0,0.0,0.0,0.0,0.1615026566115292
fbc_tfnbs,"e=0.3,h=2.0,n=30,start_thres=1.25,min_cluster_size=3",hub,0.25,10,23,40,1730,0,0,40,1730,0.0,0.0,0.0,0.0,0.1615026566115292
fbc_tfnbs,"e=0.3,h=3.0,n=30,start_thres=1.25,min_cluster_size=3",hub,0.25,10,23,40,1730,0,0,40,1730,0.0,0.0,0.0,0.0,0.1615026566115292
fbc_tfnbs,"e=0.3,h=4.0,n=30,start_thres=1.25,min_cluster_size=3",hub,0.25,10,23,40,1730,0,0,40,1730,0.0,0.0,0.0,0.0,0.1615026566115292
fbc_tfnbs,"e=0.3,h=5.0,n=30,start_thres=1.25,min_cluster_size=3",hub,0.25,10,23,40,1730,0,0,40,1730,0.0,0.0,0.0,0.0,0.1615026566115292
fbc_tfnbs,"e=0.3,h=6.0,n=30,start_thres=1.25,min_cluster_size=3",hub,0.25,10,23,40,1730,0,0,40,1730,0.0,0.0,0.0,0.0,0.1615026566115292
fbc_tfnbs,"e=0.3,h=7.0,n=30,start_thres=1.25,min_cluster_size=3",hub,0.25,10,23,40,1730,0,0,40,1730,0.0,0.0,0.0,0.0,0.1615026566115292
fbc_tfnbs,"e=0.3,h=8.0,n=30,start_thres=1.25,min_cluster_size=3",hub,0.25,10,23,40,1730,0,0,40,1730,0.0,0.0,0.0,0.0,0.1615026566115292
fbc_tfnbs,"e=0.3,h=9.0,n=30,start_thres=1.25,min_cluster_size=3",hub,0.25,10,23,40,1730,0,0,40,1730,0.0,0.0,0.0,0.0,0.1615026566115292
fbc_tfnbs,"e=0.3,h=10.0,n=30,start_thres=1.25,min_cluster_size=3",hub,0.25,10,23,40,1730,0,0,40,1730,0.0,0.0,0.0,0.0,0.1615026566115292
fbc_tfnbs,"e=0.4,h=0.5,n=30,start_thres=1.25,min_cluster_size=3",hub,0.25,10,23,40,1730,0,0,40,1730,0.0,0.0,0.0,0.0,0.1615026566115292
fbc_tfnbs,"e=0.4,h=1.0,n=30,start_thres=1.25,min_cluster_size=3",hub,0.25,10,23,40,1730,0,0,40,1730,0.0,0.0,0.0,0.0,0.1615026566115292
fbc_tfnbs,"e=0.4,h=2.0,n=30,start_thres=1.25,min_cluster_size=3",hub,0.25,10,23,40,1730,0,0,40,1730,0.0,0.0,0.0,0.0,0.1615026566115292
fbc_tfnbs,"e=0.4,h=3.0,n=30,start_thres=1.25,min_cluster_size=3",hub,0.25,10,23,40,1730,0,0,40,1730,0.0,0.0,0.0,0.0,0.1615026566115292
fbc_tfnbs,"e=0.4,h=4.0,n=30,start_thres=1.25,min_cluster_size=3",hub,0.25,10,23,40,1730,0,0,40,1730,0.0,0.0,0.0,0.0,0.1615026566115292
fbc_tfnbs,"e=0.4,h=5.0,n=30,start_thres=1.25,min_cluster_size=3",hub,0.25,10,23,40,1730,0,0,40,1730,0.0,0.0,0.0,0.0,0.1615026566115292
fbc_tfnbs,"e=0.4,h=6.0,n=30,start_thres=1.25,min_cluster_size=3",hub,0.25,10,23,40,1730,0,0,40,1730,0.0,0.0,0.0,0.0,0.1615026566115292
fbc_tfnbs,"e=0.4,h=7.0,n=30,start_thres=1.25,min_cluster_size=3",hub,0.25,10,23,40,1730,0,0,40,1730,0.0,0.0,0.0,0.0,0.1615026566115292
fbc_tfnbs,"e=0.4,h=8.0,n=30,start_thres=1.25,min_cluster_size=3",hub,0.25,10,23,40,1730,0,0,40,1730,0.0,0.0,0.0,0.0,0.1615026566115292
fbc_tfnbs,"e=0.4,h=9.0,n=30,start_thres=1.25,min_cluster_size=3",hub,0.25,10,23,40,1730,0,0,40,1730,0.0,0.0,0.0,0.0,0.1615026566115292
fbc_tfnbs,"e=0.4,h=10.0,n=30,start_thres=1.25,min_cluster_size=3",hub,0.25,10,23,40,1730,0,0,40,1730,0.0,0.0,0.0,0.0,0.1615026566115292
fbc_tfnbs,"e=0.5,h=0.5,n=30,start_thres=1.25,min_cluster_size=3",hub,0.25,10,23,40,1730,0,0,40,1730,0.0,0.0,0.0,0.0,0.1615026566115292
fbc_tfnbs,"e=0.5,h=1.0,n=30,start_thres=1.25,min_cluster_size=3",hub,0.25,10,23,40,1730,0,0,40,1730,0.0,0.0,0.0,0.0,0.1615026566115292
fbc_tfnbs,"e=0.5,h=2.0,n=30,start_thres=1.25,min_cluster_size=3",hub,0.25,10,23,40,1730,0,0,40,1730,0.0,0.0,0.0,0.0,0.1615026566115292
fbc_tfnbs,"e=0.5,h=3.0,n=30,start_thres=1.25,min_cluster_size=3",hub,0.25,10,23,40,1730,0,0,40,1730,0.0,0.0,0.0,0.0,0.1615026566115292
fbc_tfnbs,"e=0.5,h=4.0,n=30,start_thres=1.25,min_cluster_size=3",hub,0.25,10,23,40,1730,0,0,40,1730,0.0,0.0,0.0,0.0,0.1615026566115292
fbc_tfnbs,"e=0.5,h=5.0,n=30,start_thres=1.25,min_cluster_size=3",hub,0.25,10,23,40,1730,0,0,40,1730,0.0,0.0,0.0,0.0,0.1615026566115292
fbc_tfnbs,"e=0.5,h=6.0,n=30,start_thres=1.25,min_cluster_size=3",hub,0.25,10,23,40,1730,0,0,40,1730,0.0,0.0,0.0,0.0,0.1615026566115292
fbc_tfnbs,"e=0.5,h=7.0,n=30,start_thres=1.25,min_cluster_size=3",hub,0.25,10,23,40,1730,0,0,40,1730,0.0,0.0,0.0,0.0,0.1615026566115292
fbc_tfnbs,"e=0.5,h=8.0,n=30,start_thres=1.25,min_cluster_size=3",hub,0.25,10,23,40,1730,0,0,40,1730,0.0,0.0,0.0,0.0,0.1615026566115292
fbc_tfnbs,"e=0.5,h=9.0,n=30,start_thres=1.25,min_cluster_size=3",hub,0.25,10,23,40,1730,0,0,40,1730,0.0,0.0,0.0,0.0,0.1615026566115292
fbc_tfnbs,"e=0.5,h=10.0,n=30,start_thres=1.25,min_cluster_size=3",hub,0.25,10,23,40,1730,0,0,40,1730,0.0,0.0,0.0,0.0,0.1615026566115292
fbc_tfnbs,"e=0.6,h=0.5,n=30,start_thres=1.25,min_cluster_size=3",hub,0.25,10,23,40,1730,0,0,40,1730,0.0,0.0,0.0,0.0,0.1615026566115292
fbc_tfnbs,"e=0.6,h=1.0,n=30,start_thres=1.25,min_cluster_size=3",hub,0.25,10,23,40,1730,0,0,40,1730,0.0,0.0,0.0,0.0,0.1615026566115292
fbc_tfnbs,"e=0.6,h=2.0,n=30,start_thres=1.25,min_cluster_size=3",hub,0.25,10,23,40,1730,0,0,40,1730,0.0,0.0,0.0,0.0,0.1615026566115292
fbc_tfnbs,"e=0.6,h=3.0,n=30,start_thres=1.25,min_cluster_size=3",hub,0.25,10,23,40,1730,0,0,40,1730,0.0,0.0,0.0,0.0,0.1615026566115292
fbc_tfnbs,"e=0.6,h=4.0,n=30,start_thres=1.25,min_cluster_size=3",hub,0.25,10,23,40,1730,0,0,40,1730,0.0,0.0,0.0,0.0,0.1615026566115292
fbc_tfnbs,"e=0.6,h=5.0,n=30,start_thres=1.25,min_cluster_size=3",hub,0.25,10,23,40,1730,0,0,40,1730,0.0,0.0,0.0,0.0,0.1615026566115292
fbc_tfnbs,"e=0.6,h=6.0,n=30,start_thres=1.25,min_cluster_size=3",hub,0.25,10,23,40,1730,0,0,40,1730,0.0,0.0,0.0,0.0,0.1615026566115292
fbc_tfnbs,"e=0.6,h=7.0,n=30,start_thres=1.25,min_cluster_size=3",hub,0.25,10,23,40,1730,0,0,40,1730,0.0,0.0,0.0,0.0,0.1615026566115292
fbc_tfnbs,"e=0.6,h=8.0,n=30,start_thres=1.25,min_cluster_size=3",hub,0.25,10,23,40,1730,0,0,40,1730,0.0,0.0,0.0,0.0,0.1615026566115292
fbc_tfnbs,"e=0.6,h=9.0,n=30,start_thres=1.25,min_cluster_size=3",hub,0.25,10,23,40,1730,0,0,40,1730,0.0,0.0,0.0,0.0,0.1615026566115292
fbc_tfnbs,"e=0.6,h=10.0,n=30,start_thres=1.25,min_cluster_size=3",hub,0.25,10,23,40,1730,0,0,40,1730,0.0,0.0,0.0,0.0,0.1615026566115292
fbc_tfnbs,"e=0.7,h=0.5,n=30,start_thres=1.25,min_cluster_size=3",hub,0.25,10,23,40,1730,0,0,40,1730,0.0,0.0,0.0,0.0,0.1615026566115292
fbc_tfnbs,"e=0.7,h=1.0,n=30,start_thres=1.25,min_cluster_size=3",hub,0.25,10,23,40,1730,0,0,40,1730,0.0,0.0,0.0,0.0,0.1615026566115292
fbc_tfnbs,"e=0.7,h=2.0,n=30,start_thres=1.25,min_cluster_size=3",hub,0.25,10,23,40,1730,0,0,40,1730,0.0,0.0,0.0,0.0,0.1615026566115292
fbc_tfnbs,"e=0.7,h=3.0,n=30,start_thres=1.25,min_cluster_size=3",hub,0.25,10,23,40,1730,0,0,40,1730,0.0,0.0,0.0,0.0,0.1615026566115292
fbc_tfnbs,"e=0.7,h=4.0,n=30,start_thres=1.25,min_cluster_size=3",hub,0.25,10,23,40,1730,0,0,40,1730,0.0,0.0,0.0,0.0,0.1615026566115292
fbc_tfnbs,"e=0.7,h=5.0,n=30,start_thres=1.25,min_cluster_size=3",hub,0.25,10,23,40,1730,0,0,40,1730,0.0,0.0,0.0,0.0,0.1615026566115292
fbc_tfnbs,"e=0.7,h=6.0,n=30,start_thres=1.25,min_cluster_size=3",hub,0.25,10,23,40,1730,0,0,40,1730,0.0,0.0,0.0,0.0,0.1615026566115292
fbc_tfnbs,"e=0.7,h=7.0,n=30,start_thres=1.25,min_cluster_size=3",hub,0.25,10,23,40,1730,0,0,40,1730,0.0,0.0,0.0,0.0,0.1615026566115292
fbc_tfnbs,"e=0.7,h=8.0,n=30,start_thres=1.25,min_cluster_size=3",hub,0.25,10,23,40,1730,0,0,40,1730,0.0,0.0,0.0,0.0,0.1615026566115292
fbc_tfnbs,"e=0.7,h=9.0,n=30,start_thres=1.25,min_cluster_size=3",hub,0.25,10,23,40,1730,0,0,40,1730,0.0,0.0,0.0,0.0,0.1615026566115292
fbc_tfnbs,"e=0.7,h=10.0,n=30,start_thres=1.25,min_cluster_size=3",hub,0.25,10,23,40,1730,0,0,40,1730,0.0,0.0,0.0,0.0,0.1615026566115292
fbc_tfnbs,"e=0.8,h=0.5,n=30,start_thres=1.25,min_cluster_size=3",hub,0.25,10,23,40,1730,0,0,40,1730,0.0,0.0,0.0,0.0,0.1615026566115292
fbc_tfnbs,"e=0.8,h=1.0,n=30,start_thres=1.25,min_cluster_size=3",hub,0.25,10,23,40,1730,0,0,40,1730,0.0,0.0,0.0,0.0,0.1615026566115292
fbc_tfnbs,"e=0.8,h=2.0,n=30,start_thres=1.25,min_cluster_size=3",hub,0.25,10,23,40,1730,0,0,40,1730,0.0,0.0,0.0,0.0,0.1615026566115292
fbc_tfnbs,"e=0.8,h=3.0,n=30,start_thres=1.25,min_cluster_size=3",hub,0.25,10,23,40,1730,0,0,40,1730,0.0,0.0,0.0,0.0,0.1615026566115292
fbc_tfnbs,"e=0.8,h=4.0,n=30,start_thres=1.25,min_cluster_size=3",hub,0.25,10,23,40,1730,0,0,40,1730,0.0,0.0,0.0,0.0,0.1615026566115292
fbc_tfnbs,"e=0.8,h=5.0,n=30,start_thres=1.25,min_cluster_size=3",hub,0.25,10,23,40,1730,0,0,40,1730,0.0,0.0,0.0,0.0,0.1615026566115292
fbc_tfnbs,"e=0.8,h=6.0,n=30,start_thres=1.25,min_cluster_size=3",hub,0.25,10,23,40,1730,0,0,40,1730,0.0,0.0,0.0,0.0,0.1615026566115292
fbc_tfnbs,"e=0.8,h=7.0,n=30,start_thres=1.25,min_cluster_size=3",hub,0.25,10,23,40,1730,0,0,40,1730,0.0,0.0,0.0,0.0,0.1615026566115292
fbc_tfnbs,"e=0.8,h=8.0,n=30,start_thres=1.25,min_cluster_size=3",hub,0.25,10,23,40,1730,0,0,40,1730,0.0,0.0,0.0,0.0,0.1615026566115292
fbc_tfnbs,"e=0.8,h=9.0,n=30,start_thres=1.25,min_cluster_size=3",hub,0.25,10,23,40,1730,0,0,40,1730,0.0,0.0,0.0,0.0,0.1615026566115292
fbc_tfnbs,"e=0.8,h=10.0,n=30,start_thres=1.25,min_cluster_size=3",hub,0.25,10,23,40,1730,0,0,40,1730,0.0,0.0,0.0,0.0,0.1615026566115292
fbc_tfnbs,"e=0.9,h=0.5,n=30,start_thres=1.25,min_cluster_size=3",hub,0.25,10,23,40,1730,0,0,40,1730,0.0,0.0,0.0,0.0,0.1615026566115292
fbc_tfnbs,"e=0.9,h=1.0,n=30,start_thres=1.25,min_cluster_size=3",hub,0.25,10,23,40,1730,0,0,40,1730,0.0,0.0,0.0,0.0,0.1615026566115292
fbc_tfnbs,"e=0.9,h=2.0,n=30,start_thres=1.25,min_cluster_size=3",hub,0.25,10,23,40,1730,0,0,40,1730,0.0,0.0,0.0,0.0,0.1615026566115292
fbc_tfnbs,"e=0.9,h=3.0,n=30,start_thres=1.25,min_cluster_size=3",hub,0.25,10,23,40,1730,0,0,40,1730,0.0,0.0,0.0,0.0,0.1615026566115292
fbc_tfnbs,"e=0.9,h=4.0,n=30,start_thres=1.25,min_cluster_size=3",hub,0.25,10,23,40,1730,0,0,40,1730,0.0,0.0,0.0,0.0,0.1615026566115292
fbc_tfnbs,"e=0.9,h=5.0,n=30,start_thres=1.25,min_cluster_size=3",hub,0.25,10,23,40,1730,0,0,40,1730,0.0,0.0,0.0,0.0,0.1615026566115292
fbc_tfnbs,"e=0.9,h=6.0,n=30,start_thres=1.25,min_cluster_size=3",hub,0.25,10,23,40,1730,0,0,40,1730,0.0,0.0,0.0,0.0,0.1615026566115292
fbc_tfnbs,"e=0.9,h=7.0,n=30,start_thres=1.25,min_cluster_size=3",hub,0.25,10,23,40,1730,0,0,40,1730,0.0,0.0,0.0,0.0,0.1615026566115292
fbc_tfnbs,"e=0.9,h=8.0,n=30,start_thres=1.25,min_cluster_size=3",hub,0.25,10,23,40,1730,0,0,40,1730,0.0,0.0,0.0,0.0,0.1615026566115292
fbc_tfnbs,"e=0.9,h=9.0,n=30,start_thres=1.25,min_cluster_size=3",hub,0.25,10,23,40,1730,0,0,40,1730,0.0,0.0,0.0,0.0,0.1615026566115292
fbc_tfnbs,"e=0.9,h=10.0,n=30,start_thres=1.25,min_cluster_size=3",hub,0.25,10,23,40,1730,0,0,40,1730,0.0,0.0,0.0,0.0,0.1615026566115292
fbc_tfnbs,"e=1.0,h=0.5,n=30,start_thres=1.25,min_cluster_size=3",hub,0.25,10,23,40,1730,0,0,40,1730,0.0,0.0,0.0,0.0,0.1615026566115292
fbc_tfnbs,"e=1.0,h=1.0,n=30,start_thres=1.25,min_cluster_size=3",hub,0.25,10,23,40,1730,0,0,40,1730,0.0,0.0,0.0,0.0,0.1615026566115292
fbc_tfnbs,"e=1.0,h=2.0,n=30,start_thres=1.25,min_cluster_size=3",hub,0.25,10,23,40,1730,0,0,40,1730,0.0,0.0,0.0,0.0,0.1615026566115292
fbc_tfnbs,"e=1.0,h=3.0,n=30,start_thres=1.25,min_cluster_size=3",hub,0.25,10,23,40,1730,0,0,40,1730,0.0,0.0,0.0,0.0,0.1615026566115292
fbc_tfnbs,"e=1.0,h=4.0,n=30,start_thres=1.25,min_cluster_size=3",hub,0.25,10,23,40,1730,0,0,40,1730,0.0,0.0,0.0,0.0,0.1615026566115292
fbc_tfnbs,"e=1.0,h=5.0,n=30,start_thres=1.25,min_cluster_size=3",hub,0.25,10,23,40,1730,0,0,40,1730,0.0,0.0,0.0,0.0,0.1615026566115292
fbc_tfnbs,"e=1.0,h=6.0,n=30,start_thres=1.25,min_cluster_size=3",hub,0.25,10,23,40,1730,0,0,40,1730,0.0,0.0,0.0,0.0,0.1615026566115292
fbc_tfnbs,"e=1.0,h=7.0,n=30,start_thres=1.25,min_cluster_size=3",hub,0.25,10,23,40,1730,0,0,40,1730,0.0,0.0,0.0,0.0,0.1615026566115292
fbc_tfnbs,"e=1.0,h=8.0,n=30,start_thres=1.25,min_cluster_size=3",hub,0.25,10,23,40,1730,0,0,40,1730,0.0,0.0,0.0,0.0,0.1615026566115292
fbc_tfnbs,"e=1.0,h=9.0,n=30,start_thres=1.25,min_cluster_size=3",hub,0.25,10,23,40,1730,0,0,40,1730,0.0,0.0,0.0,0.0,0.1615026566115292
fbc_tfnbs,"e=1.0,h=10.0,n=30,start_thres=1.25,min_cluster_size=3",hub,0.25,10,23,40,1730,0,0,40,1730,0.0,0.0,0.0,0.0,0.1615026566115292
fbc_tfnbs,"e=1.1,h=0.5,n=30,start_thres=1.25,min_cluster_size=3",hub,0.25,10,23,40,1730,0,0,40,1730,0.0,0.0,0.0,0.0,0.1615026566115292
fbc_tfnbs,"e=1.1,h=1.0,n=30,start_thres=1.25,min_cluster_size=3",hub,0.25,10,23,40,1730,0,0,40,1730,0.0,0.0,0.0,0.0,0.1615026566115292
fbc_tfnbs,"e=1.1,h=2.0,n=30,start_thres=1.25,min_cluster_size=3",hub,0.25,10,23,40,1730,0,0,40,1730,0.0,0.0,0.0,0.0,0.1615026566115292
fbc_tfnbs,"e=1.1,h=3.0,n=30,start_thres=1.25,min_cluster_size=3",hub,0.25,10,23,40,1730,0,0,40,1730,0.0,0.0,0.0,0.0,0.1615026566115292
fbc_tfnbs,"e=1.1,h=4.0,n=30,start_thres=1.25,min_cluster_size=3",hub,0.25,10,23,40,1730,0,0,40,1730,0.0,0.0,0.0,0.0,0.1615026566115292
fbc_tfnbs,"e=1.1,h=5.0,n=30,start_thres=1.25,min_cluster_size=3",hub,0.25,10,23,40,1730,0,0,40,1730,0.0,0.0,0.0,0.0,0.1615026566115292
fbc_tfnbs,"e=1.1,h=6.0,n=30,start_thres=1.25,min_cluster_size=3",hub,0.25,10,23,40,1730,0,0,40,1730,0.0,0.0,0.0,0.0,0.1615026566115292
fbc_tfnbs,"e=1.1,h=7.0,n=30,start_thres=1.25,min_cluster_size=3",hub,0.25,10,23,40,1730,0,0,40,1730,0.0,0.0,0.0,0.0,0.1615026566115292
fbc_tfnbs,"e=1.1,h=8.0,n=30,start_thres=1.25,min_cluster_size=3",hub,0.25,10,23,40,1730,0,0,40,1730,0.0,0.0,0.0,0.0,0.1615026566115292
fbc_tfnbs,"e=1.1,h=9.0,n=30,start_thres=1.25,min_cluster_size=3",hub,0.25,10,23,40,1730,0,0,40,1730,0.0,0.0,0.0,0.0,0.1615026566115292
fbc_tfnbs,"e=1.1,h=10.0,n=30,start_thres=1.25,min_cluster_size=3",hub,0.25,10,23,40,1730,0,0,40,1730,0.0,0.0,0.0,0.0,0.1615026566115292
fbc_tfnbs,"e=1.2,h=0.5,n=30,start_thres=1.25,min_cluster_size=3",hub,0.25,10,23,40,1730,0,0,40,1730,0.0,0.0,0.0,0.0,0.1615026566115292
fbc_tfnbs,"e=1.2,h=1.0,n=30,start_thres=1.25,min_cluster_size=3",hub,0.25,10,23,40,1730,0,0,40,1730,0.0,0.0,0.0,0.0,0.1615026566115292
fbc_tfnbs,"e=1.2,h=2.0,n=30,start_thres=1.25,min_cluster_size=3",hub,0.25,10,23,40,1730,0,0,40,1730,0.0,0.0,0.0,0.0,0.1615026566115292
fbc_tfnbs,"e=1.2,h=3.0,n=30,start_thres=1.25,min_cluster_size=3",hub,0.25,10,23,40,1730,0,0,40,1730,0.0,0.0,0.0,0.0,0.1615026566115292
fbc_tfnbs,"e=1.2,h=4.0,n=30,start_thres=1.25,min_cluster_size=3",hub,0.25,10,23,40,1730,0,0,40,1730,0.0,0.0,0.0,0.0,0.1615026566115292
fbc_tfnbs,"e=1.2,h=5.0,n=30,start_thres=1.25,min_cluster_size=3",hub,0.25,10,23,40,1730,0,0,40,1730,0.0,0.0,0.0,0.0,0.1615026566115292
fbc_tfnbs,"e=1.2,h=6.0,n=30,start_thres=1.25,min_cluster_size=3",hub,0.25,10,23,40,1730,0,0,40,1730,0.0,0.0,0.0,0.0,0.1615026566115292
fbc_tfnbs,"e=1.2,h=7.0,n=30,start_thres=1.25,min_cluster_size=3",hub,0.25,10,23,40,1730,0,0,40,1730,0.0,0.0,0.0,0.0,0.1615026566115292
fbc_tfnbs,"e=1.2,h=8.0,n=30,start_thres=1.25,min_cluster_size=3",hub,0.25,10,23,40,1730,0,0,40,1730,0.0,0.0,0.0,0.0,0.1615026566115292
fbc_tfnbs,"e=1.2,h=9.0,n=30,start_thres=1.25,min_cluster_size=3",hub,0.25,10,23,40,1730,0,0,40,1730,0.0,0.0,0.0,0.0,0.1615026566115292
fbc_tfnbs,"e=1.2,h=10.0,n=30,start_thres=1.25,min_cluster_size=3",hub,0.25,10,23,40,1730,0,0,40,1730,0.0,0.0,0.0,0.0,0.1615026566115292
fbc_tfnbs,"e=1.3,h=0.5,n=30,start_thres=1.25,min_cluster_size=3",hub,0.25,10,23,40,1730,0,0,40,1730,0.0,0.0,0.0,0.0,0.1615026566115292
fbc_tfnbs,"e=1.3,h=1.0,n=30,start_thres=1.25,min_cluster_size=3",hub,0.25,10,23,40,1730,0,0,40,1730,0.0,0.0,0.0,0.0,0.1615026566115292
fbc_tfnbs,"e=1.3,h=2.0,n=30,start_thres=1.25,min_cluster_size=3",hub,0.25,10,23,40,1730,0,0,40,1730,0.0,0.0,0.0,0.0,0.1615026566115292
fbc_tfnbs,"e=1.3,h=3.0,n=30,start_thres=1.25,min_cluster_size=3",hub,0.25,10,23,40,1730,0,0,40,1730,0.0,0.0,0.0,0.0,0.1615026566115292
fbc_tfnbs,"e=1.3,h=4.0,n=30,start_thres=1.25,min_cluster_size=3",hub,0.25,10,23,40,1730,0,0,40,1730,0.0,0.0,0.0,0.0,0.1615026566115292
fbc_tfnbs,"e=1.3,h=5.0,n=30,start_thres=1.25,min_cluster_size=3",hub,0.25,10,23,40,1730,0,0,40,1730,0.0,0.0,0.0,0.0,0.1615026566115292
fbc_tfnbs,"e=1.3,h=6.0,n=30,start_thres=1.25,min_cluster_size=3",hub,0.25,10,23,40,1730,0,0,40,1730,0.0,0.0,0.0,0.0,0.1615026566115292
fbc_tfnbs,"e=1.3,h=7.0,n=30,start_thres=1.25,min_cluster_size=3",hub,0.25,10,23,40,1730,0,0,40,1730,0.0,0.0,0.0,0.0,0.1615026566115292
fbc_tfnbs,"e=1.3,h=8.0,n=30,start_thres=1.25,min_cluster_size=3",hub,0.25,10,23,40,1730,0,0,40,1730,0.0,0.0,0.0,0.0,0.1615026566115292
fbc_tfnbs,"e=1.3,h=9.0,n=30,start_thres=1.25,min_cluster_size=3",hub,0.25,10,23,40,1730,0,0,40,1730,0.0,0.0,0.0,0.0,0.1615026566115292
fbc_tfnbs,"e=1.3,h=10.0,n=30,start_thres=1.25,min_cluster_size=3",hub,0.25,10,23,40,1730,0,0,40,1730,0.0,0.0,0.0,0.0,0.1615026566115292
fbc_tfnbs,"e=1.4,h=0.5,n=30,start_thres=1.25,min_cluster_size=3",hub,0.25,10,23,40,1730,0,0,40,1730,0.0,0.0,0.0,0.0,0.1615026566115292
fbc_tfnbs,"e=1.4,h=1.0,n=30,start_thres=1.25,min_cluster_size=3",hub,0.25,10,23,40,1730,0,0,40,1730,0.0,0.0,0.0,0.0,0.1615026566115292
fbc_tfnbs,"e=1.4,h=2.0,n=30,start_thres=1.25,min_cluster_size=3",hub,0.25,10,23,40,1730,0,0,40,1730,0.0,0.0,0.0,0.0,0.1615026566115292
fbc_tfnbs,"e=1.4,h=3.0,n=30,start_thres=1.25,min_cluster_size=3",hub,0.25,10,23,40,1730,0,0,40,1730,0.0,0.0,0.0,0.0,0.1615026566115292
fbc_tfnbs,"e=1.4,h=4.0,n=30,start_thres=1.25,min_cluster_size=3",hub,0.25,10,23,40,1730,0,0,40,1730,0.0,0.0,0.0,0.0,0.1615026566115292
fbc_tfnbs,"e=1.4,h=5.0,n=30,start_thres=1.25,min_cluster_size=3",hub,0.25,10,23,40,1730,0,0,40,1730,0.0,0.0,0.0,0.0,0.1615026566115292
fbc_tfnbs,"e=1.4,h=6.0,n=30,start_thres=1.25,min_cluster_size=3",hub,0.25,10,23,40,1730,0,0,40,1730,0.0,0.0,0.0,0.0,0.1615026566115292
fbc_tfnbs,"e=1.4,h=7.0,n=30,start_thres=1.25,min_cluster_size=3",hub,0.25,10,23,40,1730,0,0,40,1730,0.0,0.0,0.0,0.0,0.1615026566115292
fbc_tfnbs,"e=1.4,h=8.0,n=30,start_thres=1.25,min_cluster_size=3",hub,0.25,10,23,40,1730,0,0,40,1730,0.0,0.0,0.0,0.0,0.1615026566115292
fbc_tfnbs,"e=1.4,h=9.0,n=30,start_thres=1.25,min_cluster_size=3",hub,0.25,10,23,40,1730,0,0,40,1730,0.0,0.0,0.0,0.0,0.1615026566115292
fbc_tfnbs,"e=1.4,h=10.0,n=30,start_thres=1.25,min_cluster_size=3",hub,0.25,10,23,40,1730,0,0,40,1730,0.0,0.0,0.0,0.0,0.1615026566115292
fbc_tfnbs,"e=1.5,h=0.5,n=30,start_thres=1.25,min_cluster_size=3",hub,0.25,10,23,40,1730,0,0,40,1730,0.0,0.0,0.0,0.0,0.1615026566115292
fbc_tfnbs,"e=1.5,h=1.0,n=30,start_thres=1.25,min_cluster_size=3",hub,0.25,10,23,40,1730,0,0,40,1730,0.0,0.0,0.0,0.0,0.1615026566115292
fbc_tfnbs,"e=1.5,h=2.0,n=30,start_thres=1.25,min_cluster_size=3",hub,0.25,10,23,40,1730,0,0,40,1730,0.0,0.0,0.0,0.0,0.1615026566115292
fbc_tfnbs,"e=1.5,h=3.0,n=30,start_thres=1.25,min_cluster_size=3",hub,0.25,10,23,40,1730,0,0,40,1730,0.0,0.0,0.0,0.0,0.1615026566115292
fbc_tfnbs,"e=1.5,h=4.0,n=30,start_thres=1.25,min_cluster_size=3",hub,0.25,10,23,40,1730,0,0,40,1730,0.0,0.0,0.0,0.0,0.1615026566115292
fbc_tfnbs,"e=1.5,h=5.0,n=30,start_thres=1.25,min_cluster_size=3",hub,0.25,10,23,40,1730,0,0,40,1730,0.0,0.0,0.0,0.0,0.1615026566115292
fbc_tfnbs,"e=1.5,h=6.0,n=30,start_thres=1.25,min_cluster_size=3",hub,0.25,10,23,40,1730,0,0,40,1730,0.0,0.0,0.0,0.0,0.1615026566115292
fbc_tfnbs,"e=1.5,h=7.0,n=30,start_thres=1.25,min_cluster_size=3",hub,0.25,10,23,40,1730,0,0,40,1730,0.0,0.0,0.0,0.0,0.1615026566115292
fbc_tfnbs,"e=1.5,h=8.0,n=30,start_thres=1.25,min_cluster_size=3",hub,0.25,10,23,40,1730,0,0,40,1730,0.0,0.0,0.0,0.0,0.1615026566115292
fbc_tfnbs,"e=1.5,h=9.0,n=30,start_thres=1.25,min_cluster_size=3",hub,0.25,10,23,40,1730,0,0,40,1730,0.0,0.0,0.0,0.0,0.1615026566115292
fbc_tfnbs,"e=1.5,h=10.0,n=30,start_thres=1.25,min_cluster_size=3",hub,0.25,10,23,40,1730,0,0,40,1730,0.0,0.0,0.0,0.0,0.1615026566115292
fbc_tfnbs,"e=0.05,h=0.5,n=30,start_thres=1.25,min_cluster_size=3",hub,0.25,10,24,40,1730,0,0,40,1730,0.0,0.0,0.0,0.0,0.1667426350441846
fbc_tfnbs,"e=0.05,h=1.0,n=30,start_thres=1.25,min_cluster_size=3",hub,0.25,10,24,40,1730,0,0,40,1730,0.0,0.0,0.0,0.0,0.1667426350441846
fbc_tfnbs,"e=0.05,h=2.0,n=30,start_thres=1.25,min_cluster_size=3",hub,0.25,10,24,40,1730,0,0,40,1730,0.0,0.0,0.0,0.0,0.1667426350441846
fbc_tfnbs,"e=0.05,h=3.0,n=30,start_thres=1.25,min_cluster_size=3",hub,0.25,10,24,40,1730,0,0,40,1730,0.0,0.0,0.0,0.0,0.1667426350441846
fbc_tfnbs,"e=0.05,h=4.0,n=30,start_thres=1.25,min_cluster_size=3",hub,0.25,10,24,40,1730,0,0,40,1730,0.0,0.0,0.0,0.0,0.1667426350441846
fbc_tfnbs,"e=0.05,h=5.0,n=30,start_thres=1.25,min_cluster_size=3",hub,0.25,10,24,40,1730,0,0,40,1730,0.0,0.0,0.0,0.0,0.1667426350441846
fbc_tfnbs,"e=0.05,h=6.0,n=30,start_thres=1.25,min_cluster_size=3",hub,0.25,10,24,40,1730,0,0,40,1730,0.0,0.0,0.0,0.0,0.1667426350441846
fbc_tfnbs,"e=0.05,h=7.0,n=30,start_thres=1.25,min_cluster_size=3",hub,0.25,10,24,40,1730,0,0,40,1730,0.0,0.0,0.0,0.0,0.1667426350441846
fbc_tfnbs,"e=0.05,h=8.0,n=30,start_thres=1.25,min_cluster_size=3",hub,0.25,10,24,40,1730,0,0,40,1730,0.0,0.0,0.0,0.0,0.1667426350441846
fbc_tfnbs,"e=0.05,h=9.0,n=30,start_thres=1.25,min_cluster_size=3",hub,0.25,10,24,40,1730,0,0,40,1730,0.0,0.0,0.0,0.0,0.1667426350441846
fbc_tfnbs,"e=0.05,h=10.0,n=30,start_thres=1.25,min_cluster_size=3",hub,0.25,10,24,40,1730,0,0,40,1730,0.0,0.0,0.0,0.0,0.1667426350441846
fbc_tfnbs,"e=0.1,h=0.5,n=30,start_thres=1.25,min_cluster_size=3",hub,0.25,10,24,40,1730,0,0,40,1730,0.0,0.0,0.0,0.0,0.1667426350441846
fbc_tfnbs,"e=0.1,h=1.0,n=30,start_thres=1.25,min_cluster_size=3",hub,0.25,10,24,40,1730,0,0,40,1730,0.0,0.0,0.0,0.0,0.1667426350441846
fbc_tfnbs,"e=0.1,h=2.0,n=30,start_thres=1.25,min_cluster_size=3",hub,0.25,10,24,40,1730,0,0,40,1730,0.0,0.0,0.0,0.0,0.1667426350441846
fbc_tfnbs,"e=0.1,h=3.0,n=30,start_thres=1.25,min_cluster_size=3",hub,0.25,10,24,40,1730,0,0,40,1730,0.0,0.0,0.0,0.0,0.1667426350441846
fbc_tfnbs,"e=0.1,h=4.0,n=30,start_thres=1.25,min_cluster_size=3",hub,0.25,10,24,40,1730,0,0,40,1730,0.0,0.0,0.0,0.0,0.1667426350441846
fbc_tfnbs,"e=0.1,h=5.0,n=30,start_thres=1.25,min_cluster_size=3",hub,0.25,10,24,40,1730,0,0,40,1730,0.0,0.0,0.0,0.0,0.1667426350441846
fbc_tfnbs,"e=0.1,h=6.0,n=30,start_thres=1.25,min_cluster_size=3",hub,0.25,10,24,40,1730,0,0,40,1730,0.0,0.0,0.0,0.0,0.1667426350441846
fbc_tfnbs,"e=0.1,h=7.0,n=30,start_thres=1.25,min_cluster_size=3",hub,0.25,10,24,40,1730,0,0,40,1730,0.0,0.0,0.0,0.0,0.1667426350441846
fbc_tfnbs,"e=0.1,h=8.0,n=30,start_thres=1.25,min_cluster_size=3",hub,0.25,10,24,40,1730,0,0,40,1730,0.0,0.0,0.0,0.0,0.1667426350441846
fbc_tfnbs,"e=0.1,h=9.0,n=30,start_thres=1.25,min_cluster_size=3",hub,0.25,10,24,40,1730,0,0,40,1730,0.0,0.0,0.0,0.0,0.1667426350441846
fbc_tfnbs,"e=0.1,h=10.0,n=30,start_thres=1.25,min_cluster_size=3",hub,0.25,10,24,40,1730,0,0,40,1730,0.0,0.0,0.0,0.0,0.1667426350441846
fbc_tfnbs,"e=0.2,h=0.5,n=30,start_thres=1.25,min_cluster_size=3",hub,0.25,10,24,40,1730,0,0,40,1730,0.0,0.0,0.0,0.0,0.1667426350441846
fbc_tfnbs,"e=0.2,h=1.0,n=30,start_thres=1.25,min_cluster_size=3",hub,0.25,10,24,40,1730,0,0,40,1730,0.0,0.0,0.0,0.0,0.1667426350441846
fbc_tfnbs,"e=0.2,h=2.0,n=30,start_thres=1.25,min_cluster_size=3",hub,0.25,10,24,40,1730,0,0,40,1730,0.0,0.0,0.0,0.0,0.1667426350441846
fbc_tfnbs,"e=0.2,h=3.0,n=30,start_thres=1.25,min_cluster_size=3",hub,0.25,10,24,40,1730,0,0,40,1730,0.0,0.0,0.0,0.0,0.1667426350441846
fbc_tfnbs,"e=0.2,h=4.0,n=30,start_thres=1.25,min_cluster_size=3",hub,0.25,10,24,40,1730,0,0,40,1730,0.0,0.0,0.0,0.0,0.1667426350441846
fbc_tfnbs,"e=0.2,h=5.0,n=30,start_thres=1.25,min_cluster_size=3",hub,0.25,10,24,40,1730,0,0,40,1730,0.0,0.0,0.0,0.0,0.1667426350441846
fbc_tfnbs,"e=0.2,h=6.0,n=30,start_thres=1.25,min_cluster_size=3",hub,0.25,10,24,40,1730,0,0,40,1730,0.0,0.0,0.0,0.0,0.1667426350441846
fbc_tfnbs,"e=0.2,h=7.0,n=30,start_thres=1.25,min_cluster_size=3",hub,0.25,10,24,40,1730,0,0,40,1730,0.0,0.0,0.0,0.0,0.1667426350441846
fbc_tfnbs,"e=0.2,h=8.0,n=30,start_thres=1.25,min_cluster_size=3",hub,0.25,10,24,40,1730,0,0,40,1730,0.0,0.0,0.0,0.0,0.1667426350441846
fbc_tfnbs,"e=0.2,h=9.0,n=30,start_thres=1.25,min_cluster_size=3",hub,0.25,10,24,40,1730,0,0,40,1730,0.0,0.0,0.0,0.0,0.1667426350441846
fbc_tfnbs,"e=0.2,h=10.0,n=30,start_thres=1.25,min_cluster_size=3",hub,0.25,10,24,40,1730,0,0,40,1730,0.0,0.0,0.0,0.0,0.1667426350441846
fbc_tfnbs,"e=0.3,h=0.5,n=30,start_thres=1.25,min_cluster_size=3",hub,0.25,10,24,40,1730,0,0,40,1730,0.0,0.0,0.0,0.0,0.1667426350441846
fbc_tfnbs,"e=0.3,h=1.0,n=30,start_thres=1.25,min_cluster_size=3",hub,0.25,10,24,40,1730,0,0,40,1730,0.0,0.0,0.0,0.0,0.1667426350441846
fbc_tfnbs,"e=0.3,h=2.0,n=30,start_thres=1.25,min_cluster_size=3",hub,0.25,10,24,40,1730,0,0,40,1730,0.0,0.0,0.0,0.0,0.1667426350441846
fbc_tfnbs,"e=0.3,h=3.0,n=30,start_thres=1.25,min_cluster_size=3",hub,0.25,10,24,40,1730,0,0,40,1730,0.0,0.0,0.0,0.0,0.1667426350441846
fbc_tfnbs,"e=0.3,h=4.0,n=30,start_thres=1.25,min_cluster_size=3",hub,0.25,10,24,40,1730,0,0,40,1730,0.0,0.0,0.0,0.0,0.1667426350441846
fbc_tfnbs,"e=0.3,h=5.0,n=30,start_thres=1.25,min_cluster_size=3",hub,0.25,10,24,40,1730,0,0,40,1730,0.0,0.0,0.0,0.0,0.1667426350441846
fbc_tfnbs,"e=0.3,h=6.0,n=30,start_thres=1.25,min_cluster_size=3",hub,0.25,10,24,40,1730,0,0,40,1730,0.0,0.0,0.0,0.0,0.1667426350441846
fbc_tfnbs,"e=0.3,h=7.0,n=30,start_thres=1.25,min_cluster_size=3",hub,0.25,10,24,40,1730,0,0,40,1730,0.0,0.0,0.0,0.0,0.1667426350441846
fbc_tfnbs,"e=0.3,h=8.0,n=30,start_thres=1.25,min_cluster_size=3",hub,0.25,10,24,40,1730,0,0,40,1730,0.0,0.0,0.0,0.0,0.1667426350441846
fbc_tfnbs,"e=0.3,h=9.0,n=30,start_thres=1.25,min_cluster_size=3",hub,0.25,10,24,40,1730,0,0,40,1730,0.0,0.0,0.0,0.0,0.1667426350441846
fbc_tfnbs,"e=0.3,h=10.0,n=30,start_thres=1.25,min_cluster_size=3",hub,0.25,10,24,40,1730,0,0,40,1730,0.0,0.0,0.0,0.0,0.1667426350441846
fbc_tfnbs,"e=0.4,h=0.5,n=30,start_thres=1.25,min_cluster_size=3",hub,0.25,10,24,40,1730,0,0,40,1730,0.0,0.0,0.0,0.0,0.1667426350441846
fbc_tfnbs,"e=0.4,h=1.0,n=30,start_thres=1.25,min_cluster_size=3",hub,0.25,10,24,40,1730,0,0,40,1730,0.0,0.0,0.0,0.0,0.1667426350441846
fbc_tfnbs,"e=0.4,h=2.0,n=30,start_thres=1.25,min_cluster_size=3",hub,0.25,10,24,40,1730,0,0,40,1730,0.0,0.0,0.0,0.0,0.1667426350441846
fbc_tfnbs,"e=0.4,h=3.0,n=30,start_thres=1.25,min_cluster_size=3",hub,0.25,10,24,40,1730,0,0,40,1730,0.0,0.0,0.0,0.0,0.1667426350441846
fbc_tfnbs,"e=0.4,h=4.0,n=30,start_thres=1.25,min_cluster_size=3",hub,0.25,10,24,40,1730,0,0,40,1730,0.0,0.0,0.0,0.0,0.1667426350441846
fbc_tfnbs,"e=0.4,h=5.0,n=30,start_thres=1.25,min_cluster_size=3",hub,0.25,10,24,40,1730,0,0,40,1730,0.0,0.0,0.0,0.0,0.1667426350441846
fbc_tfnbs,"e=0.4,h=6.0,n=30,start_thres=1.25,min_cluster_size=3",hub,0.25,10,24,40,1730,0,0,40,1730,0.0,0.0,0.0,0.0,0.1667426350441846
fbc_tfnbs,"e=0.4,h=7.0,n=30,start_thres=1.25,min_cluster_size=3",hub,0.25,10,24,40,1730,0,0,40,1730,0.0,0.0,0.0,0.0,0.1667426350441846
fbc_tfnbs,"e=0.4,h=8.0,n=30,start_thres=1.25,min_cluster_size=3",hub,0.25,10,24,40,1730,0,0,40,1730,0.0,0.0,0.0,0.0,0.1667426350441846
fbc_tfnbs,"e=0.4,h=9.0,n=30,start_thres=1.25,min_cluster_size=3",hub,0.25,10,24,40,1730,0,0,40,1730,0.0,0.0,0.0,0.0,0.1667426350441846
fbc_tfnbs,"e=0.4,h=10.0,n=30,start_thres=1.25,min_cluster_size=3",hub,0.25,10,24,40,1730,0,0,40,1730,0.0,0.0,0.0,0.0,0.1667426350441846
fbc_tfnbs,"e=0.5,h=0.5,n=30,start_thres=1.25,min_cluster_size=3",hub,0.25,10,24,40,1730,0,0,40,1730,0.0,0.0,0.0,0.0,0.1667426350441846
fbc_tfnbs,"e=0.5,h=1.0,n=30,start_thres=1.25,min_cluster_size=3",hub,0.25,10,24,40,1730,0,0,40,1730,0.0,0.0,0.0,0.0,0.1667426350441846
fbc_tfnbs,"e=0.5,h=2.0,n=30,start_thres=1.25,min_cluster_size=3",hub,0.25,10,24,40,1730,0,0,40,1730,0.0,0.0,0.0,0.0,0.1667426350441846
fbc_tfnbs,"e=0.5,h=3.0,n=30,start_thres=1.25,min_cluster_size=3",hub,0.25,10,24,40,1730,0,0,40,1730,0.0,0.0,0.0,0.0,0.1667426350441846
fbc_tfnbs,"e=0.5,h=4.0,n=30,start_thres=1.25,min_cluster_size=3",hub,0.25,10,24,40,1730,0,0,40,1730,0.0,0.0,0.0,0.0,0.1667426350441846
fbc_tfnbs,"e=0.5,h=5.0,n=30,start_thres=1.25,min_cluster_size=3",hub,0.25,10,24,40,1730,0,0,40,1730,0.0,0.0,0.0,0.0,0.1667426350441846
fbc_tfnbs,"e=0.5,h=6.0,n=30,start_thres=1.25,min_cluster_size=3",hub,0.25,10,24,40,1730,0,0,40,1730,0.0,0.0,0.0,0.0,0.1667426350441846
fbc_tfnbs,"e=0.5,h=7.0,n=30,start_thres=1.25,min_cluster_size=3",hub,0.25,10,24,40,1730,0,0,40,1730,0.0,0.0,0.0,0.0,0.1667426350441846
fbc_tfnbs,"e=0.5,h=8.0,n=30,start_thres=1.25,min_cluster_size=3",hub,0.25,10,24,40,1730,0,0,40,1730,0.0,0.0,0.0,0.0,0.1667426350441846
fbc_tfnbs,"e=0.5,h=9.0,n=30,start_thres=1.25,min_cluster_size=3",hub,0.25,10,24,40,1730,0,0,40,1730,0.0,0.0,0.0,0.0,0.1667426350441846
fbc_tfnbs,"e=0.5,h=10.0,n=30,start_thres=1.25,min_cluster_size=3",hub,0.25,10,24,40,1730,0,0,40,1730,0.0,0.0,0.0,0.0,0.1667426350441846
fbc_tfnbs,"e=0.6,h=0.5,n=30,start_thres=1.25,min_cluster_size=3",hub,0.25,10,24,40,1730,0,0,40,1730,0.0,0.0,0.0,0.0,0.1667426350441846
fbc_tfnbs,"e=0.6,h=1.0,n=30,start_thres=1.25,min_cluster_size=3",hub,0.25,10,24,40,1730,0,0,40,1730,0.0,0.0,0.0,0.0,0.1667426350441846
fbc_tfnbs,"e=0.6,h=2.0,n=30,start_thres=1.25,min_cluster_size=3",hub,0.25,10,24,40,1730,0,0,40,1730,0.0,0.0,0.0,0.0,0.1667426350441846
fbc_tfnbs,"e=0.6,h=3.0,n=30,start_thres=1.25,min_cluster_size=3",hub,0.25,10,24,40,1730,0,0,40,1730,0.0,0.0,0.0,0.0,0.1667426350441846
fbc_tfnbs,"e=0.6,h=4.0,n=30,start_thres=1.25,min_cluster_size=3",hub,0.25,10,24,40,1730,0,0,40,1730,0.0,0.0,0.0,0.0,0.1667426350441846
fbc_tfnbs,"e=0.6,h=5.0,n=30,start_thres=1.25,min_cluster_size=3",hub,0.25,10,24,40,1730,0,0,40,1730,0.0,0.0,0.0,0.0,0.1667426350441846
fbc_tfnbs,"e=0.6,h=6.0,n=30,start_thres=1.25,min_cluster_size=3",hub,0.25,10,24,40,1730,0,0,40,1730,0.0,0.0,0.0,0.0,0.1667426350441846
fbc_tfnbs,"e=0.6,h=7.0,n=30,start_thres=1.25,min_cluster_size=3",hub,0.25,10,24,40,1730,0,0,40,1730,0.0,0.0,0.0,0.0,0.1667426350441846
fbc_tfnbs,"e=0.6,h=8.0,n=30,start_thres=1.25,min_cluster_size=3",hub,0.25,10,24,40,1730,0,0,40,1730,0.0,0.0,0.0,0.0,0.1667426350441846
fbc_tfnbs,"e=0.6,h=9.0,n=30,start_thres=1.25,min_cluster_size=3",hub,0.25,10,24,40,1730,0,0,40,1730,0.0,0.0,0.0,0.0,0.1667426350441846
fbc_tfnbs,"e=0.6,h=10.0,n=30,start_thres=1.25,min_cluster_size=3",hub,0.25,10,24,40,1730,0,0,40,1730,0.0,0.0,0.0,0.0,0.1667426350441846
fbc_tfnbs,"e=0.7,h=0.5,n=30,start_thres=1.25,min_cluster_size=3",hub,0.25,10,24,40,1730,0,0,40,1730,0.0,0.0,0.0,0.0,0.1667426350441846
fbc_tfnbs,"e=0.7,h=1.0,n=30,start_thres=1.25,min_cluster_size=3",hub,0.25,10,24,40,1730,0,0,40,1730,0.0,0.0,0.0,0.0,0.1667426350441846
fbc_tfnbs,"e=0.7,h=2.0,n=30,start_thres=1.25,min_cluster_size=3",hub,0.25,10,24,40,1730,0,0,40,1730,0.0,0.0,0.0,0.0,0.1667426350441846
fbc_tfnbs,"e=0.7,h=3.0,n=30,start_thres=1.25,min_cluster_size=3",hub,0.25,10,24,40,1730,0,0,40,1730,0.0,0.0,0.0,0.0,0.1667426350441846
fbc_tfnbs,"e=0.7,h=4.0,n=30,start_thres=1.25,min_cluster_size=3",hub,0.25,10,24,40,1730,0,0,40,1730,0.0,0.0,0.0,0.0,0.1667426350441846
fbc_tfnbs,"e=0.7,h=5.0,n=30,start_thres=1.25,min_cluster_size=3",hub,0.25,10,24,40,1730,0,0,40,1730,0.0,0.0,0.0,0.0,0.1667426350441846
fbc_tfnbs,"e=0.7,h=6.0,n=30,start_thres=1.25,min_cluster_size=3",hub,0.25,10,24,40,1730,0,0,40,1730,0.0,0.0,0.0,0.0,0.1667426350441846
fbc_tfnbs,"e=0.7,h=7.0,n=30,start_thres=1.25,min_cluster_size=3",hub,0.25,10,24,40,1730,0,0,40,1730,0.0,0.0,0.0,0.0,0.1667426350441846
fbc_tfnbs,"e=0.7,h=8.0,n=30,start_thres=1.25,min_cluster_size=3",hub,0.25,10,24,40,1730,0,0,40,1730,0.0,0.0,0.0,0.0,0.1667426350441846
fbc_tfnbs,"e=0.7,h=9.0,n=30,start_thres=1.25,min_cluster_size=3",hub,0.25,10,24,40,1730,0,0,40,1730,0.0,0.0,0.0,0.0,0.1667426350441846
fbc_tfnbs,"e=0.7,h=10.0,n=30,start_thres=1.25,min_cluster_size=3",hub,0.25,10,24,40,1730,0,0,40,1730,0.0,0.0,0.0,0.0,0.1667426350441846
fbc_tfnbs,"e=0.8,h=0.5,n=30,start_thres=1.25,min_cluster_size=3",hub,0.25,10,24,40,1730,0,0,40,1730,0.0,0.0,0.0,0.0,0.1667426350441846
fbc_tfnbs,"e=0.8,h=1.0,n=30,start_thres=1.25,min_cluster_size=3",hub,0.25,10,24,40,1730,0,0,40,1730,0.0,0.0,0.0,0.0,0.1667426350441846
fbc_tfnbs,"e=0.8,h=2.0,n=30,start_thres=1.25,min_cluster_size=3",hub,0.25,10,24,40,1730,0,0,40,1730,0.0,0.0,0.0,0.0,0.1667426350441846
fbc_tfnbs,"e=0.8,h=3.0,n=30,start_thres=1.25,min_cluster_size=3",hub,0.25,10,24,40,1730,0,0,40,1730,0.0,0.0,0.0,0.0,0.1667426350441846
fbc_tfnbs,"e=0.8,h=4.0,n=30,start_thres=1.25,min_cluster_size=3",hub,0.25,10,24,40,1730,0,0,40,1730,0.0,0.0,0.0,0.0,0.1667426350441846
fbc_tfnbs,"e=0.8,h=5.0,n=30,start_thres=1.25,min_cluster_size=3",hub,0.25,10,24,40,1730,0,0,40,1730,0.0,0.0,0.0,0.0,0.1667426350441846
fbc_tfnbs,"e=0.8,h=6.0,n=30,start_thres=1.25,min_cluster_size=3",hub,0.25,10,24,40,1730,0,0,40,1730,0.0,0.0,0.0,0.0,0.1667426350441846
fbc_tfnbs,"e=0.8,h=7.0,n=30,start_thres=1.25,min_cluster_size=3",hub,0.25,10,24,40,1730,0,0,40,1730,0.0,0.0,0.0,0.0,0.1667426350441846
fbc_tfnbs,"e=0.8,h=8.0,n=30,start_thres=1.25,min_cluster_size=3",hub,0.25,10,24,40,1730,0,0,40,1730,0.0,0.0,0.0,0.0,0.1667426350441846
fbc_tfnbs,"e=0.8,h=9.0,n=30,start_thres=1.25,min_cluster_size=3",hub,0.25,10,24,40,1730,0,0,40,1730,0.0,0.0,0.0,0.0,0.1667426350441846
fbc_tfnbs,"e=0.8,h=10.0,n=30,start_thres=1.25,min_cluster_size=3",hub,0.25,10,24,40,1730,0,0,40,1730,0.0,0.0,0.0,0.0,0.1667426350441846
fbc_tfnbs,"e=0.9,h=0.5,n=30,start_thres=1.25,min_cluster_size=3",hub,0.25,10,24,40,1730,0,0,40,1730,0.0,0.0,0.0,0.0,0.1667426350441846
fbc_tfnbs,"e=0.9,h=1.0,n=30,start_thres=1.25,min_cluster_size=3",hub,0.25,10,24,40,1730,0,0,40,1730,0.0,0.0,0.0,0.0,0.1667426350441846
fbc_tfnbs,"e=0.9,h=2.0,n=30,start_thres=1.25,min_cluster_size=3",hub,0.25,10,24,40,1730,0,0,40,1730,0.0,0.0,0.0,0.0,0.1667426350441846
fbc_tfnbs,"e=0.9,h=3.0,n=30,start_thres=1.25,min_cluster_size=3",hub,0.25,10,24,40,1730,0,0,40,1730,0.0,0.0,0.0,0.0,0.1667426350441846
fbc_tfnbs,"e=0.9,h=4.0,n=30,start_thres=1.25,min_cluster_size=3",hub,0.25,10,24,40,1730,0,0,40,1730,0.0,0.0,0.0,0.0,0.1667426350441846
fbc_tfnbs,"e=0.9,h=5.0,n=30,start_thres=1.25,min_cluster_size=3",hub,0.25,10,24,40,1730,0,0,40,1730,0.0,0.0,0.0,0.0,0.1667426350441846
fbc_tfnbs,"e=0.9,h=6.0,n=30,start_thres=1.25,min_cluster_size=3",hub,0.25,10,24,40,1730,0,0,40,1730,0.0,0.0,0.0,0.0,0.1667426350441846
fbc_tfnbs,"e=0.9,h=7.0,n=30,start_thres=1.25,min_cluster_size=3",hub,0.25,10,24,40,1730,0,0,40,1730,0.0,0.0,0.0,0.0,0.1667426350441846
fbc_tfnbs,"e=0.9,h=8.0,n=30,start_thres=1.25,min_cluster_size=3",hub,0.25,10,24,40,1730,0,0,40,1730,0.0,0.0,0.0,0.0,0.1667426350441846
fbc_tfnbs,"e=0.9,h=9.0,n=30,start_thres=1.25,min_cluster_size=3",hub,0.25,10,24,40,1730,0,0,40,1730,0.0,0.0,0.0,0.0,0.1667426350441846
fbc_tfnbs,"e=0.9,h=10.0,n=30,start_thres=1.25,min_cluster_size=3",hub,0.25,10,24,40,1730,0,0,40,1730,0.0,0.0,0.0,0.0,0.1667426350441846
fbc_tfnbs,"e=1.0,h=0.5,n=30,start_thres=1.25,min_cluster_size=3",hub,0.25,10,24,40,1730,0,0,40,1730,0.0,0.0,0.0,0.0,0.1667426350441846
fbc_tfnbs,"e=1.0,h=1.0,n=30,start_thres=1.25,min_cluster_size=3",hub,0.25,10,24,40,1730,0,0,40,1730,0.0,0.0,0.0,0.0,0.1667426350441846
fbc_tfnbs,"e=1.0,h=2.0,n=30,start_thres=1.25,min_cluster_size=3",hub,0.25,10,24,40,1730,0,0,40,1730,0.0,0.0,0.0,0.0,0.1667426350441846
fbc_tfnbs,"e=1.0,h=3.0,n=30,start_thres=1.25,min_cluster_size=3",hub,0.25,10,24,40,1730,0,0,40,1730,0.0,0.0,0.0,0.0,0.1667426350441846
fbc_tfnbs,"e=1.0,h=4.0,n=30,start_thres=1.25,min_cluster_size=3",hub,0.25,10,24,40,1730,0,0,40,1730,0.0,0.0,0.0,0.0,0.1667426350441846
fbc_tfnbs,"e=1.0,h=5.0,n=30,start_thres=1.25,min_cluster_size=3",hub,0.25,10,24,40,1730,0,0,40,1730,0.0,0.0,0.0,0.0,0.1667426350441846
fbc_tfnbs,"e=1.0,h=6.0,n=30,start_thres=1.25,min_cluster_size=3",hub,0.25,10,24,40,1730,0,0,40,1730,0.0,0.0,0.0,0.0,0.1667426350441846
fbc_tfnbs,"e=1.0,h=7.0,n=30,start_thres=1.25,min_cluster_size=3",hub,0.25,10,24,40,1730,0,0,40,1730,0.0,0.0,0.0,0.0,0.1667426350441846
fbc_tfnbs,"e=1.0,h=8.0,n=30,start_thres=1.25,min_cluster_size=3",hub,0.25,10,24,40,1730,0,0,40,1730,0.0,0.0,0.0,0.0,0.1667426350441846
fbc_tfnbs,"e=1.0,h=9.0,n=30,start_thres=1.25,min_cluster_size=3",hub,0.25,10,24,40,1730,0,0,40,1730,0.0,0.0,0.0,0.0,0.1667426350441846
fbc_tfnbs,"e=1.0,h=10.0,n=30,start_thres=1.25,min_cluster_size=3",hub,0.25,10,24,40,1730,0,0,40,1730,0.0,0.0,0.0,0.0,0.1667426350441846
fbc_tfnbs,"e=1.1,h=0.5,n=30,start_thres=1.25,min_cluster_size=3",hub,0.25,10,24,40,1730,0,0,40,1730,0.0,0.0,0.0,0.0,0.1667426350441846
fbc_tfnbs,"e=1.1,h=1.0,n=30,start_thres=1.25,min_cluster_size=3",hub,0.25,10,24,40,1730,0,0,40,1730,0.0,0.0,0.0,0.0,0.1667426350441846
fbc_tfnbs,"e=1.1,h=2.0,n=30,start_thres=1.25,min_cluster_size=3",hub,0.25,10,24,40,1730,0,0,40,1730,0.0,0.0,0.0,0.0,0.1667426350441846
fbc_tfnbs,"e=1.1,h=3.0,n=30,start_thres=1.25,min_cluster_size=3",hub,0.25,10,24,40,1730,0,0,40,1730,0.0,0.0,0.0,0.0,0.1667426350441846
fbc_tfnbs,"e=1.1,h=4.0,n=30,start_thres=1.25,min_cluster_size=3",hub,0.25,10,24,40,1730,0,0,40,1730,0.0,0.0,0.0,0.0,0.1667426350441846
fbc_tfnbs,"e=1.1,h=5.0,n=30,start_thres=1.25,min_cluster_size=3",hub,0.25,10,24,40,1730,0,0,40,1730,0.0,0.0,0.0,0.0,0.1667426350441846
fbc_tfnbs,"e=1.1,h=6.0,n=30,start_thres=1.25,min_cluster_size=3",hub,0.25,10,24,40,1730,0,0,40,1730,0.0,0.0,0.0,0.0,0.1667426350441846
fbc_tfnbs,"e=1.1,h=7.0,n=30,start_thres=1.25,min_cluster_size=3",hub,0.25,10,24,40,1730,0,0,40,1730,0.0,0.0,0.0,0.0,0.1667426350441846
fbc_tfnbs,"e=1.1,h=8.0,n=30,start_thres=1.25,min_cluster_size=3",hub,0.25,10,24,40,1730,0,0,40,1730,0.0,0.0,0.0,0.0,0.1667426350441846
fbc_tfnbs,"e=1.1,h=9.0,n=30,start_thres=1.25,min_cluster_size=3",hub,0.25,10,24,40,1730,0,0,40,1730,0.0,0.0,0.0,0.0,0.1667426350441846
fbc_tfnbs,"e=1.1,h=10.0,n=30,start_thres=1.25,min_cluster_size=3",hub,0.25,10,24,40,1730,0,0,40,1730,0.0,0.0,0.0,0.0,0.1667426350441846
fbc_tfnbs,"e=1.2,h=0.5,n=30,start_thres=1.25,min_cluster_size=3",hub,0.25,10,24,40,1730,0,0,40,1730,0.0,0.0,0.0,0.0,0.1667426350441846
fbc_tfnbs,"e=1.2,h=1.0,n=30,start_thres=1.25,min_cluster_size=3",hub,0.25,10,24,40,1730,0,0,40,1730,0.0,0.0,0.0,0.0,0.1667426350441846
fbc_tfnbs,"e=1.2,h=2.0,n=30,start_thres=1.25,min_cluster_size=3",hub,0.25,10,24,40,1730,0,0,40,1730,0.0,0.0,0.0,0.0,0.1667426350441846
fbc_tfnbs,"e=1.2,h=3.0,n=30,start_thres=1.25,min_cluster_size=3",hub,0.25,10,24,40,1730,0,0,40,1730,0.0,0.0,0.0,0.0,0.1667426350441846
fbc_tfnbs,"e=1.2,h=4.0,n=30,start_thres=1.25,min_cluster_size=3",hub,0.25,10,24,40,1730,0,0,40,1730,0.0,0.0,0.0,0.0,0.1667426350441846
fbc_tfnbs,"e=1.2,h=5.0,n=30,start_thres=1.25,min_cluster_size=3",hub,0.25,10,24,40,1730,0,0,40,1730,0.0,0.0,0.0,0.0,0.1667426350441846
fbc_tfnbs,"e=1.2,h=6.0,n=30,start_thres=1.25,min_cluster_size=3",hub,0.25,10,24,40,1730,0,0,40,1730,0.0,0.0,0.0,0.0,0.1667426350441846
fbc_tfnbs,"e=1.2,h=7.0,n=30,start_thres=1.25,min_cluster_size=3",hub,0.25,10,24,40,1730,0,0,40,1730,0.0,0.0,0.0,0.0,0.1667426350441846
fbc_tfnbs,"e=1.2,h=8.0,n=30,start_thres=1.25,min_cluster_size=3",hub,0.25,10,24,40,1730,0,0,40,1730,0.0,0.0,0.0,0.0,0.1667426350441846
fbc_tfnbs,"e=1.2,h=9.0,n=30,start_thres=1.25,min_cluster_size=3",hub,0.25,10,24,40,1730,0,0,40,1730,0.0,0.0,0.0,0.0,0.1667426350441846
fbc_tfnbs,"e=1.2,h=10.0,n=30,start_thres=1.25,min_cluster_size=3",hub,0.25,10,24,40,1730,0,0,40,1730,0.0,0.0,0.0,0.0,0.1667426350441846
fbc_tfnbs,"e=1.3,h=0.5,n=30,start_thres=1.25,min_cluster_size=3",hub,0.25,10,24,40,1730,0,0,40,1730,0.0,0.0,0.0,0.0,0.1667426350441846
fbc_tfnbs,"e=1.3,h=1.0,n=30,start_thres=1.25,min_cluster_size=3",hub,0.25,10,24,40,1730,0,0,40,1730,0.0,0.0,0.0,0.0,0.1667426350441846
fbc_tfnbs,"e=1.3,h=2.0,n=30,start_thres=1.25,min_cluster_size=3",hub,0.25,10,24,40,1730,0,0,40,1730,0.0,0.0,0.0,0.0,0.1667426350441846
fbc_tfnbs,"e=1.3,h=3.0,n=30,start_thres=1.25,min_cluster_size=3",hub,0.25,10,24,40,1730,0,0,40,1730,0.0,0.0,0.0,0.0,0.1667426350441846
fbc_tfnbs,"e=1.3,h=4.0,n=30,start_thres=1.25,min_cluster_size=3",hub,0.25,10,24,40,1730,0,0,40,1730,0.0,0.0,0.0,0.0,0.1667426350441846
fbc_tfnbs,"e=1.3,h=5.0,n=30,start_thres=1.25,min_cluster_size=3",hub,0.25,10,24,40,1730,0,0,40,1730,0.0,0.0,0.0,0.0,0.1667426350441846
fbc_tfnbs,"e=1.3,h=6.0,n=30,start_thres=1.25,min_cluster_size=3",hub,0.25,10,24,40,1730,0,0,40,1730,0.0,0.0,0.0,0.0,0.1667426350441846
fbc_tfnbs,"e=1.3,h=7.0,n=30,start_thres=1.25,min_cluster_size=3",hub,0.25,10,24,40,1730,0,0,40,1730,0.0,0.0,0.0,0.0,0.1667426350441846
fbc_tfnbs,"e=1.3,h=8.0,n=30,start_thres=1.25,min_cluster_size=3",hub,0.25,10,24,40,1730,0,0,40,1730,0.0,0.0,0.0,0.0,0.1667426350441846
fbc_tfnbs,"e=1.3,h=9.0,n=30,start_thres=1.25,min_cluster_size=3",hub,0.25,10,24,40,1730,0,0,40,1730,0.0,0.0,0.0,0.0,0.1667426350441846
fbc_tfnbs,"e=1.3,h=10.0,n=30,start_thres=1.25,min_cluster_size=3",hub,0.25,10,24,40,1730,0,0,40,1730,0.0,0.0,0.0,0.0,0.1667426350441846
fbc_tfnbs,"e=1.4,h=0.5,n=30,start_thres=1.25,min_cluster_size=3",hub,0.25,10,24,40,1730,0,0,40,1730,0.0,0.0,0.0,0.0,0.1667426350441846
fbc_tfnbs,"e=1.4,h=1.0,n=30,start_thres=1.25,min_cluster_size=3",hub,0.25,10,24,40,1730,0,0,40,1730,0.0,0.0,0.0,0.0,0.1667426350441846
fbc_tfnbs,"e=1.4,h=2.0,n=30,start_thres=1.25,min_cluster_size=3",hub,0.25,10,24,40,1730,0,0,40,1730,0.0,0.0,0.0,0.0,0.1667426350441846
fbc_tfnbs,"e=1.4,h=3.0,n=30,start_thres=1.25,min_cluster_size=3",hub,0.25,10,24,40,1730,0,0,40,1730,0.0,0.0,0.0,0.0,0.1667426350441846
fbc_tfnbs,"e=1.4,h=4.0,n=30,start_thres=1.25,min_cluster_size=3",hub,0.25,10,24,40,1730,0,0,40,1730,0.0,0.0,0.0,0.0,0.1667426350441846
fbc_tfnbs,"e=1.4,h=5.0,n=30,start_thres=1.25,min_cluster_size=3",hub,0.25,10,24,40,1730,0,0,40,1730,0.0,0.0,0.0,0.0,0.1667426350441846
fbc_tfnbs,"e=1.4,h=6.0,n=30,start_thres=1.25,min_cluster_size=3",hub,0.25,10,24,40,1730,0,0,40,1730,0.0,0.0,0.0,0.0,0.1667426350441846
fbc_tfnbs,"e=1.4,h=7.0,n=30,start_thres=1.25,min_cluster_size=3",hub,0.25,10,24,40,1730,0,0,40,1730,0.0,0.0,0.0,0.0,0.1667426350441846
fbc_tfnbs,"e=1.4,h=8.0,n=30,start_thres=1.25,min_cluster_size=3",hub,0.25,10,24,40,1730,0,0,40,1730,0.0,0.0,0.0,0.0,0.1667426350441846
fbc_tfnbs,"e=1.4,h=9.0,n=30,start_thres=1.25,min_cluster_size=3",hub,0.25,10,24,40,1730,0,0,40,1730,0.0,0.0,0.0,0.0,0.1667426350441846
fbc_tfnbs,"e=1.4,h=10.0,n=30,start_thres=1.25,min_cluster_size=3",hub,0.25,10,24,40,1730,0,0,40,1730,0.0,0.0,0.0,0.0,0.1667426350441846
fbc_tfnbs,"e=1.5,h=0.5,n=30,start_thres=1.25,min_cluster_size=3",hub,0.25,10,24,40,1730,0,0,40,1730,0.0,0.0,0.0,0.0,0.1667426350441846
fbc_tfnbs,"e=1.5,h=1.0,n=30,start_thres=1.25,min_cluster_size=3",hub,0.25,10,24,40,1730,0,0,40,1730,0.0,0.0,0.0,0.0,0.1667426350441846
fbc_tfnbs,"e=1.5,h=2.0,n=30,start_thres=1.25,min_cluster_size=3",hub,0.25,10,24,40,1730,0,0,40,1730,0.0,0.0,0.0,0.0,0.1667426350441846
fbc_tfnbs,"e=1.5,h=3.0,n=30,start_thres=1.25,min_cluster_size=3",hub,0.25,10,24,40,1730,0,0,40,1730,0.0,0.0,0.0,0.0,0.1667426350441846
fbc_tfnbs,"e=1.5,h=4.0,n=30,start_thres=1.25,min_cluster_size=3",hub,0.25,10,24,40,1730,0,0,40,1730,0.0,0.0,0.0,0.0,0.1667426350441846
fbc_tfnbs,"e=1.5,h=5.0,n=30,start_thres=1.25,min_cluster_size=3",hub,0.25,10,24,40,1730,0,0,40,1730,0.0,0.0,0.0,0.0,0.1667426350441846
fbc_tfnbs,"e=1.5,h=6.0,n=30,start_thres=1.25,min_cluster_size=3",hub,0.25,10,24,40,1730,0,0,40,1730,0.0,0.0,0.0,0.0,0.1667426350441846
fbc_tfnbs,"e=1.5,h=7.0,n=30,start_thres=1.25,min_cluster_size=3",hub,0.25,10,24,40,1730,0,0,40,1730,0.0,0.0,0.0,0.0,0.1667426350441846
fbc_tfnbs,"e=1.5,h=8.0,n=30,start_thres=1.25,min_cluster_size=3",hub,0.25,10,24,40,1730,0,0,40,1730,0.0,0.0,0.0,0.0,0.1667426350441846
fbc_tfnbs,"e=1.5,h=9.0,n=30,start_thres=1.25,min_cluster_size=3",hub,0.25,10,24,40,1730,0,0,40,1730,0.0,0.0,0.0,0.0,0.1667426350441846
fbc_tfnbs,"e=1.5,h=10.0,n=30,start_thres=1.25,min_cluster_size=3",hub,0.25,10,24,40,1730,0,0,40,1730,0.0,0.0,0.0,0.0,0.1667426350441846
fbc_tfnbs,"e=0.05,h=0.5,n=30,start_thres=1.25,min_cluster_size=3",hub,0.25,10,25,40,1730,0,0,40,1730,0.0,0.0,0.0,0.0,0.1632023697549646
fbc_tfnbs,"e=0.05,h=1.0,n=30,start_thres=1.25,min_cluster_size=3",hub,0.25,10,25,40,1730,0,0,40,1730,0.0,0.0,0.0,0.0,0.1632023697549646
fbc_tfnbs,"e=0.05,h=2.0,n=30,start_thres=1.25,min_cluster_size=3",hub,0.25,10,25,40,1730,0,0,40,1730,0.0,0.0,0.0,0.0,0.1632023697549646
fbc_tfnbs,"e=0.05,h=3.0,n=30,start_thres=1.25,min_cluster_size=3",hub,0.25,10,25,40,1730,0,0,40,1730,0.0,0.0,0.0,0.0,0.1632023697549646
fbc_tfnbs,"e=0.05,h=4.0,n=30,start_thres=1.25,min_cluster_size=3",hub,0.25,10,25,40,1730,0,0,40,1730,0.0,0.0,0.0,0.0,0.1632023697549646
fbc_tfnbs,"e=0.05,h=5.0,n=30,start_thres=1.25,min_cluster_size=3",hub,0.25,10,25,40,1730,0,0,40,1730,0.0,0.0,0.0,0.0,0.1632023697549646
fbc_tfnbs,"e=0.05,h=6.0,n=30,start_thres=1.25,min_cluster_size=3",hub,0.25,10,25,40,1730,0,0,40,1730,0.0,0.0,0.0,0.0,0.1632023697549646
fbc_tfnbs,"e=0.05,h=7.0,n=30,start_thres=1.25,min_cluster_size=3",hub,0.25,10,25,40,1730,0,0,40,1730,0.0,0.0,0.0,0.0,0.1632023697549646
fbc_tfnbs,"e=0.05,h=8.0,n=30,start_thres=1.25,min_cluster_size=3",hub,0.25,10,25,40,1730,0,0,40,1730,0.0,0.0,0.0,0.0,0.1632023697549646
fbc_tfnbs,"e=0.05,h=9.0,n=30,start_thres=1.25,min_cluster_size=3",hub,0.25,10,25,40,1730,0,0,40,1730,0.0,0.0,0.0,0.0,0.1632023697549646
fbc_tfnbs,"e=0.05,h=10.0,n=30,start_thres=1.25,min_cluster_size=3",hub,0.25,10,25,40,1730,0,0,40,1730,0.0,0.0,0.0,0.0,0.1632023697549646
fbc_tfnbs,"e=0.1,h=0.5,n=30,start_thres=1.25,min_cluster_size=3",hub,0.25,10,25,40,1730,0,0,40,1730,0.0,0.0,0.0,0.0,0.1632023697549646
fbc_tfnbs,"e=0.1,h=1.0,n=30,start_thres=1.25,min_cluster_size=3",hub,0.25,10,25,40,1730,0,0,40,1730,0.0,0.0,0.0,0.0,0.1632023697549646
fbc_tfnbs,"e=0.1,h=2.0,n=30,start_thres=1.25,min_cluster_size=3",hub,0.25,10,25,40,1730,0,0,40,1730,0.0,0.0,0.0,0.0,0.1632023697549646
fbc_tfnbs,"e=0.1,h=3.0,n=30,start_thres=1.25,min_cluster_size=3",hub,0.25,10,25,40,1730,0,0,40,1730,0.0,0.0,0.0,0.0,0.1632023697549646
fbc_tfnbs,"e=0.1,h=4.0,n=30,start_thres=1.25,min_cluster_size=3",hub,0.25,10,25,40,1730,0,0,40,1730,0.0,0.0,0.0,0.0,0.1632023697549646
fbc_tfnbs,"e=0.1,h=5.0,n=30,start_thres=1.25,min_cluster_size=3",hub,0.25,10,25,40,1730,0,0,40,1730,0.0,0.0,0.0,0.0,0.1632023697549646
fbc_tfnbs,"e=0.1,h=6.0,n=30,start_thres=1.25,min_cluster_size=3",hub,0.25,10,25,40,1730,0,0,40,1730,0.0,0.0,0.0,0.0,0.1632023697549646
fbc_tfnbs,"e=0.1,h=7.0,n=30,start_thres=1.25,min_cluster_size=3",hub,0.25,10,25,40,1730,0,0,40,1730,0.0,0.0,0.0,0.0,0.1632023697549646
fbc_tfnbs,"e=0.1,h=8.0,n=30,start_thres=1.25,min_cluster_size=3",hub,0.25,10,25,40,1730,0,0,40,1730,0.0,0.0,0.0,0.0,0.1632023697549646
fbc_tfnbs,"e=0.1,h=9.0,n=30,start_thres=1.25,min_cluster_size=3",hub,0.25,10,25,40,1730,0,0,40,1730,0.0,0.0,0.0,0.0,0.1632023697549646
fbc_tfnbs,"e=0.1,h=10.0,n=30,start_thres=1.25,min_cluster_size=3",hub,0.25,10,25,40,1730,0,0,40,1730,0.0,0.0,0.0,0.0,0.1632023697549646
fbc_tfnbs,"e=0.2,h=0.5,n=30,start_thres=1.25,min_cluster_size=3",hub,0.25,10,25,40,1730,0,0,40,1730,0.0,0.0,0.0,0.0,0.1632023697549646
fbc_tfnbs,"e=0.2,h=1.0,n=30,start_thres=1.25,min_cluster_size=3",hub,0.25,10,25,40,1730,0,0,40,1730,0.0,0.0,0.0,0.0,0.1632023697549646
fbc_tfnbs,"e=0.2,h=2.0,n=30,start_thres=1.25,min_cluster_size=3",hub,0.25,10,25,40,1730,0,0,40,1730,0.0,0.0,0.0,0.0,0.1632023697549646
fbc_tfnbs,"e=0.2,h=3.0,n=30,start_thres=1.25,min_cluster_size=3",hub,0.25,10,25,40,1730,0,0,40,1730,0.0,0.0,0.0,0.0,0.1632023697549646
fbc_tfnbs,"e=0.2,h=4.0,n=30,start_thres=1.25,min_cluster_size=3",hub,0.25,10,25,40,1730,0,0,40,1730,0.0,0.0,0.0,0.0,0.1632023697549646
fbc_tfnbs,"e=0.2,h=5.0,n=30,start_thres=1.25,min_cluster_size=3",hub,0.25,10,25,40,1730,0,0,40,1730,0.0,0.0,0.0,0.0,0.1632023697549646
fbc_tfnbs,"e=0.2,h=6.0,n=30,start_thres=1.25,min_cluster_size=3",hub,0.25,10,25,40,1730,0,0,40,1730,0.0,0.0,0.0,0.0,0.1632023697549646
fbc_tfnbs,"e=0.2,h=7.0,n=30,start_thres=1.25,min_cluster_size=3",hub,0.25,10,25,40,1730,0,0,40,1730,0.0,0.0,0.0,0.0,0.1632023697549646
fbc_tfnbs,"e=0.2,h=8.0,n=30,start_thres=1.25,min_cluster_size=3",hub,0.25,10,25,40,1730,0,0,40,1730,0.0,0.0,0.0,0.0,0.1632023697549646
fbc_tfnbs,"e=0.2,h=9.0,n=30,start_thres=1.25,min_cluster_size=3",hub,0.25,10,25,40,1730,0,0,40,1730,0.0,0.0,0.0,0.0,0.1632023697549646
fbc_tfnbs,"e=0.2,h=10.0,n=30,start_thres=1.25,min_cluster_size=3",hub,0.25,10,25,40,1730,0,0,40,1730,0.0,0.0,0.0,0.0,0.1632023697549646
fbc_tfnbs,"e=0.3,h=0.5,n=30,start_thres=1.25,min_cluster_size=3",hub,0.25,10,25,40,1730,0,0,40,1730,0.0,0.0,0.0,0.0,0.1632023697549646
fbc_tfnbs,"e=0.3,h=1.0,n=30,start_thres=1.25,min_cluster_size=3",hub,0.25,10,25,40,1730,0,0,40,1730,0.0,0.0,0.0,0.0,0.1632023697549646
fbc_tfnbs,"e=0.3,h=2.0,n=30,start_thres=1.25,min_cluster_size=3",hub,0.25,10,25,40,1730,0,0,40,1730,0.0,0.0,0.0,0.0,0.1632023697549646
fbc_tfnbs,"e=0.3,h=3.0,n=30,start_thres=1.25,min_cluster_size=3",hub,0.25,10,25,40,1730,0,0,40,1730,0.0,0.0,0.0,0.0,0.1632023697549646
fbc_tfnbs,"e=0.3,h=4.0,n=30,start_thres=1.25,min_cluster_size=3",hub,0.25,10,25,40,1730,0,0,40,1730,0.0,0.0,0.0,0.0,0.1632023697549646
fbc_tfnbs,"e=0.3,h=5.0,n=30,start_thres=1.25,min_cluster_size=3",hub,0.25,10,25,40,1730,0,0,40,1730,0.0,0.0,0.0,0.0,0.1632023697549646
fbc_tfnbs,"e=0.3,h=6.0,n=30,start_thres=1.25,min_cluster_size=3",hub,0.25,10,25,40,1730,0,0,40,1730,0.0,0.0,0.0,0.0,0.1632023697549646
fbc_tfnbs,"e=0.3,h=7.0,n=30,start_thres=1.25,min_cluster_size=3",hub,0.25,10,25,40,1730,0,0,40,1730,0.0,0.0,0.0,0.0,0.1632023697549646
fbc_tfnbs,"e=0.3,h=8.0,n=30,start_thres=1.25,min_cluster_size=3",hub,0.25,10,25,40,1730,0,0,40,1730,0.0,0.0,0.0,0.0,0.1632023697549646
fbc_tfnbs,"e=0.3,h=9.0,n=30,start_thres=1.25,min_cluster_size=3",hub,0.25,10,25,40,1730,0,0,40,1730,0.0,0.0,0.0,0.0,0.1632023697549646
fbc_tfnbs,"e=0.3,h=10.0,n=30,start_thres=1.25,min_cluster_size=3",hub,0.25,10,25,40,1730,0,0,40,1730,0.0,0.0,0.0,0.0,0.1632023697549646
fbc_tfnbs,"e=0.4,h=0.5,n=30,start_thres=1.25,min_cluster_size=3",hub,0.25,10,25,40,1730,0,0,40,1730,0.0,0.0,0.0,0.0,0.1632023697549646
fbc_tfnbs,"e=0.4,h=1.0,n=30,start_thres=1.25,min_cluster_size=3",hub,0.25,10,25,40,1730,0,0,40,1730,0.0,0.0,0.0,0.0,0.1632023697549646
fbc_tfnbs,"e=0.4,h=2.0,n=30,start_thres=1.25,min_cluster_size=3",hub,0.25,10,25,40,1730,0,0,40,1730,0.0,0.0,0.0,0.0,0.1632023697549646
fbc_tfnbs,"e=0.4,h=3.0,n=30,start_thres=1.25,min_cluster_size=3",hub,0.25,10,25,40,1730,0,0,40,1730,0.0,0.0,0.0,0.0,0.1632023697549646
fbc_tfnbs,"e=0.4,h=4.0,n=30,start_thres=1.25,min_cluster_size=3",hub,0.25,10,25,40,1730,0,0,40,1730,0.0,0.0,0.0,0.0,0.1632023697549646
fbc_tfnbs,"e=0.4,h=5.0,n=30,start_thres=1.25,min_cluster_size=3",hub,0.25,10,25,40,1730,0,0,40,1730,0.0,0.0,0.0,0.0,0.1632023697549646
fbc_tfnbs,"e=0.4,h=6.0,n=30,start_thres=1.25,min_cluster_size=3",hub,0.25,10,25,40,1730,0,0,40,1730,0.0,0.0,0.0,0.0,0.1632023697549646
fbc_tfnbs,"e=0.4,h=7.0,n=30,start_thres=1.25,min_cluster_size=3",hub,0.25,10,25,40,1730,0,0,40,1730,0.0,0.0,0.0,0.0,0.1632023697549646
fbc_tfnbs,"e=0.4,h=8.0,n=30,start_thres=1.25,min_cluster_size=3",hub,0.25,10,25,40,1730,0,0,40,1730,0.0,0.0,0.0,0.0,0.1632023697549646
fbc_tfnbs,"e=0.4,h=9.0,n=30,start_thres=1.25,min_cluster_size=3",hub,0.25,10,25,40,1730,0,0,40,1730,0.0,0.0,0.0,0.0,0.1632023697549646
fbc_tfnbs,"e=0.4,h=10.0,n=30,start_thres=1.25,min_cluster_size=3",hub,0.25,10,25,40,1730,0,0,40,1730,0.0,0.0,0.0,0.0,0.1632023697549646
fbc_tfnbs,"e=0.5,h=0.5,n=30,start_thres=1.25,min_cluster_size=3",hub,0.25,10,25,40,1730,0,0,40,1730,0.0,0.0,0.0,0.0,0.1632023697549646
fbc_tfnbs,"e=0.5,h=1.0,n=30,start_thres=1.25,min_cluster_size=3",hub,0.25,10,25,40,1730,0,0,40,1730,0.0,0.0,0.0,0.0,0.1632023697549646
fbc_tfnbs,"e=0.5,h=2.0,n=30,start_thres=1.25,min_cluster_size=3",hub,0.25,10,25,40,1730,0,0,40,1730,0.0,0.0,0.0,0.0,0.1632023697549646
fbc_tfnbs,"e=0.5,h=3.0,n=30,start_thres=1.25,min_cluster_size=3",hub,0.25,10,25,40,1730,0,0,40,1730,0.0,0.0,0.0,0.0,0.1632023697549646
fbc_tfnbs,"e=0.5,h=4.0,n=30,start_thres=1.25,min_cluster_size=3",hub,0.25,10,25,40,1730,0,0,40,1730,0.0,0.0,0.0,0.0,0.1632023697549646
fbc_tfnbs,"e=0.5,h=5.0,n=30,start_thres=1.25,min_cluster_size=3",hub,0.25,10,25,40,1730,0,0,40,1730,0.0,0.0,0.0,0.0,0.1632023697549646
fbc_tfnbs,"e=0.5,h=6.0,n=30,start_thres=1.25,min_cluster_size=3",hub,0.25,10,25,40,1730,0,0,40,1730,0.0,0.0,0.0,0.0,0.1632023697549646
fbc_tfnbs,"e=0.5,h=7.0,n=30,start_thres=1.25,min_cluster_size=3",hub,0.25,10,25,40,1730,0,0,40,1730,0.0,0.0,0.0,0.0,0.1632023697549646
fbc_tfnbs,"e=0.5,h=8.0,n=30,start_thres=1.25,min_cluster_size=3",hub,0.25,10,25,40,1730,0,0,40,1730,0.0,0.0,0.0,0.0,0.1632023697549646
fbc_tfnbs,"e=0.5,h=9.0,n=30,start_thres=1.25,min_cluster_size=3",hub,0.25,10,25,40,1730,0,0,40,1730,0.0,0.0,0.0,0.0,0.1632023697549646
fbc_tfnbs,"e=0.5,h=10.0,n=30,start_thres=1.25,min_cluster_size=3",hub,0.25,10,25,40,1730,0,0,40,1730,0.0,0.0,0.0,0.0,0.1632023697549646
fbc_tfnbs,"e=0.6,h=0.5,n=30,start_thres=1.25,min_cluster_size=3",hub,0.25,10,25,40,1730,0,0,40,1730,0.0,0.0,0.0,0.0,0.1632023697549646
fbc_tfnbs,"e=0.6,h=1.0,n=30,start_thres=1.25,min_cluster_size=3",hub,0.25,10,25,40,1730,0,0,40,1730,0.0,0.0,0.0,0.0,0.1632023697549646
fbc_tfnbs,"e=0.6,h=2.0,n=30,start_thres=1.25,min_cluster_size=3",hub,0.25,10,25,40,1730,0,0,40,1730,0.0,0.0,0.0,0.0,0.1632023697549646
fbc_tfnbs,"e=0.6,h=3.0,n=30,start_thres=1.25,min_cluster_size=3",hub,0.25,10,25,40,1730,0,0,40,1730,0.0,0.0,0.0,0.0,0.1632023697549646
fbc_tfnbs,"e=0.6,h=4.0,n=30,start_thres=1.25,min_cluster_size=3",hub,0.25,10,25,40,1730,0,0,40,1730,0.0,0.0,0.0,0.0,0.1632023697549646
fbc_tfnbs,"e=0.6,h=5.0,n=30,start_thres=1.25,min_cluster_size=3",hub,0.25,10,25,40,1730,0,0,40,1730,0.0,0.0,0.0,0.0,0.1632023697549646
fbc_tfnbs,"e=0.6,h=6.0,n=30,start_thres=1.25,min_cluster_size=3",hub,0.25,10,25,40,1730,0,0,40,1730,0.0,0.0,0.0,0.0,0.1632023697549646
fbc_tfnbs,"e=0.6,h=7.0,n=30,start_thres=1.25,min_cluster_size=3",hub,0.25,10,25,40,1730,0,0,40,1730,0.0,0.0,0.0,0.0,0.1632023697549646
fbc_tfnbs,"e=0.6,h=8.0,n=30,start_thres=1.25,min_cluster_size=3",hub,0.25,10,25,40,1730,0,0,40,1730,0.0,0.0,0.0,0.0,0.1632023697549646
fbc_tfnbs,"e=0.6,h=9.0,n=30,start_thres=1.25,min_cluster_size=3",hub,0.25,10,25,40,1730,0,0,40,1730,0.0,0.0,0.0,0.0,0.1632023697549646
fbc_tfnbs,"e=0.6,h=10.0,n=30,start_thres=1.25,min_cluster_size=3",hub,0.25,10,25,40,1730,0,0,40,1730,0.0,0.0,0.0,0.0,0.1632023697549646
fbc_tfnbs,"e=0.7,h=0.5,n=30,start_thres=1.25,min_cluster_size=3",hub,0.25,10,25,40,1730,0,0,40,1730,0.0,0.0,0.0,0.0,0.1632023697549646
fbc_tfnbs,"e=0.7,h=1.0,n=30,start_thres=1.25,min_cluster_size=3",hub,0.25,10,25,40,1730,0,0,40,1730,0.0,0.0,0.0,0.0,0.1632023697549646
fbc_tfnbs,"e=0.7,h=2.0,n=30,start_thres=1.25,min_cluster_size=3",hub,0.25,10,25,40,1730,0,0,40,1730,0.0,0.0,0.0,0.0,0.1632023697549646
fbc_tfnbs,"e=0.7,h=3.0,n=30,start_thres=1.25,min_cluster_size=3",hub,0.25,10,25,40,1730,0,0,40,1730,0.0,0.0,0.0,0.0,0.1632023697549646
fbc_tfnbs,"e=0.7,h=4.0,n=30,start_thres=1.25,min_cluster_size=3",hub,0.25,10,25,40,1730,0,0,40,1730,0.0,0.0,0.0,0.0,0.1632023697549646
fbc_tfnbs,"e=0.7,h=5.0,n=30,start_thres=1.25,min_cluster_size=3",hub,0.25,10,25,40,1730,0,0,40,1730,0.0,0.0,0.0,0.0,0.1632023697549646
fbc_tfnbs,"e=0.7,h=6.0,n=30,start_thres=1.25,min_cluster_size=3",hub,0.25,10,25,40,1730,0,0,40,1730,0.0,0.0,0.0,0.0,0.1632023697549646
fbc_tfnbs,"e=0.7,h=7.0,n=30,start_thres=1.25,min_cluster_size=3",hub,0.25,10,25,40,1730,0,0,40,1730,0.0,0.0,0.0,0.0,0.1632023697549646
fbc_tfnbs,"e=0.7,h=8.0,n=30,start_thres=1.25,min_cluster_size=3",hub,0.25,10,25,40,1730,0,0,40,1730,0.0,0.0,0.0,0.0,0.1632023697549646
fbc_tfnbs,"e=0.7,h=9.0,n=30,start_thres=1.25,min_cluster_size=3",hub,0.25,10,25,40,1730,0,0,40,1730,0.0,0.0,0.0,0.0,0.1632023697549646
fbc_tfnbs,"e=0.7,h=10.0,n=30,start_thres=1.25,min_cluster_size=3",hub,0.25,10,25,40,1730,0,0,40,1730,0.0,0.0,0.0,0.0,0.1632023697549646
fbc_tfnbs,"e=0.8,h=0.5,n=30,start_thres=1.25,min_cluster_size=3",hub,0.25,10,25,40,1730,0,0,40,1730,0.0,0.0,0.0,0.0,0.1632023697549646
fbc_tfnbs,"e=0.8,h=1.0,n=30,start_thres=1.25,min_cluster_size=3",hub,0.25,10,25,40,1730,0,0,40,1730,0.0,0.0,0.0,0.0,0.1632023697549646
fbc_tfnbs,"e=0.8,h=2.0,n=30,start_thres=1.25,min_cluster_size=3",hub,0.25,10,25,40,1730,0,0,40,1730,0.0,0.0,0.0,0.0,0.1632023697549646
fbc_tfnbs,"e=0.8,h=3.0,n=30,start_thres=1.25,min_cluster_size=3",hub,0.25,10,25,40,1730,0,0,40,1730,0.0,0.0,0.0,0.0,0.1632023697549646
fbc_tfnbs,"e=0.8,h=4.0,n=30,start_thres=1.25,min_cluster_size=3",hub,0.25,10,25,40,1730,0,0,40,1730,0.0,0.0,0.0,0.0,0.1632023697549646
fbc_tfnbs,"e=0.8,h=5.0,n=30,start_thres=1.25,min_cluster_size=3",hub,0.25,10,25,40,1730,0,0,40,1730,0.0,0.0,0.0,0.0,0.1632023697549646
fbc_tfnbs,"e=0.8,h=6.0,n=30,start_thres=1.25,min_cluster_size=3",hub,0.25,10,25,40,1730,0,0,40,1730,0.0,0.0,0.0,0.0,0.1632023697549646
fbc_tfnbs,"e=0.8,h=7.0,n=30,start_thres=1.25,min_cluster_size=3",hub,0.25,10,25,40,1730,0,0,40,1730,0.0,0.0,0.0,0.0,0.1632023697549646
fbc_tfnbs,"e=0.8,h=8.0,n=30,start_thres=1.25,min_cluster_size=3",hub,0.25,10,25,40,1730,0,0,40,1730,0.0,0.0,0.0,0.0,0.1632023697549646
fbc_tfnbs,"e=0.8,h=9.0,n=30,start_thres=1.25,min_cluster_size=3",hub,0.25,10,25,40,1730,0,0,40,1730,0.0,0.0,0.0,0.0,0.1632023697549646
fbc_tfnbs,"e=0.8,h=10.0,n=30,start_thres=1.25,min_cluster_size=3",hub,0.25,10,25,40,1730,0,0,40,1730,0.0,0.0,0.0,0.0,0.1632023697549646
fbc_tfnbs,"e=0.9,h=0.5,n=30,start_thres=1.25,min_cluster_size=3",hub,0.25,10,25,40,1730,0,0,40,1730,0.0,0.0,0.0,0.0,0.1632023697549646
fbc_tfnbs,"e=0.9,h=1.0,n=30,start_thres=1.25,min_cluster_size=3",hub,0.25,10,25,40,1730,0,0,40,1730,0.0,0.0,0.0,0.0,0.1632023697549646
fbc_tfnbs,"e=0.9,h=2.0,n=30,start_thres=1.25,min_cluster_size=3",hub,0.25,10,25,40,1730,0,0,40,1730,0.0,0.0,0.0,0.0,0.1632023697549646
fbc_tfnbs,"e=0.9,h=3.0,n=30,start_thres=1.25,min_cluster_size=3",hub,0.25,10,25,40,1730,0,0,40,1730,0.0,0.0,0.0,0.0,0.1632023697549646
fbc_tfnbs,"e=0.9,h=4.0,n=30,start_thres=1.25,min_cluster_size=3",hub,0.25,10,25,40,1730,0,0,40,1730,0.0,0.0,0.0,0.0,0.1632023697549646
fbc_tfnbs,"e=0.9,h=5.0,n=30,start_thres=1.25,min_cluster_size=3",hub,0.25,10,25,40,1730,0,0,40,1730,0.0,0.0,0.0,0.0,0.1632023697549646
fbc_tfnbs,"e=0.9,h=6.0,n=30,start_thres=1.25,min_cluster_size=3",hub,0.25,10,25,40,1730,0,0,40,1730,0.0,0.0,0.0,0.0,0.1632023697549646
fbc_tfnbs,"e=0.9,h=7.0,n=30,start_thres=1.25,min_cluster_size=3",hub,0.25,10,25,40,1730,0,0,40,1730,0.0,0.0,0.0,0.0,0.1632023697549646
fbc_tfnbs,"e=0.9,h=8.0,n=30,start_thres=1.25,min_cluster_size=3",hub,0.25,10,25,40,1730,0,0,40,1730,0.0,0.0,0.0,0.0,0.1632023697549646
fbc_tfnbs,"e=0.9,h=9.0,n=30,start_thres=1.25,min_cluster_size=3",hub,0.25,10,25,40,1730,0,0,40,1730,0.0,0.0,0.0,0.0,0.1632023697549646
fbc_tfnbs,"e=0.9,h=10.0,n=30,start_thres=1.25,min_cluster_size=3",hub,0.25,10,25,40,1730,0,0,40,1730,0.0,0.0,0.0,0.0,0.1632023697549646
fbc_tfnbs,"e=1.0,h=0.5,n=30,start_thres=1.25,min_cluster_size=3",hub,0.25,10,25,40,1730,0,0,40,1730,0.0,0.0,0.0,0.0,0.1632023697549646
fbc_tfnbs,"e=1.0,h=1.0,n=30,start_thres=1.25,min_cluster_size=3",hub,0.25,10,25,40,1730,0,0,40,1730,0.0,0.0,0.0,0.0,0.1632023697549646
fbc_tfnbs,"e=1.0,h=2.0,n=30,start_thres=1.25,min_cluster_size=3",hub,0.25,10,25,40,1730,0,0,40,1730,0.0,0.0,0.0,0.0,0.1632023697549646
fbc_tfnbs,"e=1.0,h=3.0,n=30,start_thres=1.25,min_cluster_size=3",hub,0.25,10,25,40,1730,0,0,40,1730,0.0,0.0,0.0,0.0,0.1632023697549646
fbc_tfnbs,"e=1.0,h=4.0,n=30,start_thres=1.25,min_cluster_size=3",hub,0.25,10,25,40,1730,0,0,40,1730,0.0,0.0,0.0,0.0,0.1632023697549646
fbc_tfnbs,"e=1.0,h=5.0,n=30,start_thres=1.25,min_cluster_size=3",hub,0.25,10,25,40,1730,0,0,40,1730,0.0,0.0,0.0,0.0,0.1632023697549646
fbc_tfnbs,"e=1.0,h=6.0,n=30,start_thres=1.25,min_cluster_size=3",hub,0.25,10,25,40,1730,0,0,40,1730,0.0,0.0,0.0,0.0,0.1632023697549646
fbc_tfnbs,"e=1.0,h=7.0,n=30,start_thres=1.25,min_cluster_size=3",hub,0.25,10,25,40,1730,0,0,40,1730,0.0,0.0,0.0,0.0,0.1632023697549646
fbc_tfnbs,"e=1.0,h=8.0,n=30,start_thres=1.25,min_cluster_size=3",hub,0.25,10,25,40,1730,0,0,40,1730,0.0,0.0,0.0,0.0,0.1632023697549646
fbc_tfnbs,"e=1.0,h=9.0,n=30,start_thres=1.25,min_cluster_size=3",hub,0.25,10,25,40,1730,0,0,40,1730,0.0,0.0,0.0,0.0,0.1632023697549646
fbc_tfnbs,"e=1.0,h=10.0,n=30,start_thres=1.25,min_cluster_size=3",hub,0.25,10,25,40,1730,0,0,40,1730,0.0,0.0,0.0,0.0,0.1632023697549646
fbc_tfnbs,"e=1.1,h=0.5,n=30,start_thres=1.25,min_cluster_size=3",hub,0.25,10,25,40,1730,0,0,40,1730,0.0,0.0,0.0,0.0,0.1632023697549646
fbc_tfnbs,"e=1.1,h=1.0,n=30,start_thres=1.25,min_cluster_size=3",hub,0.25,10,25,40,1730,0,0,40,1730,0.0,0.0,0.0,0.0,0.1632023697549646
fbc_tfnbs,"e=1.1,h=2.0,n=30,start_thres=1.25,min_cluster_size=3",hub,0.25,10,25,40,1730,0,0,40,1730,0.0,0.0,0.0,0.0,0.1632023697549646
fbc_tfnbs,"e=1.1,h=3.0,n=30,start_thres=1.25,min_cluster_size=3",hub,0.25,10,25,40,1730,0,0,40,1730,0.0,0.0,0.0,0.0,0.1632023697549646
fbc_tfnbs,"e=1.1,h=4.0,n=30,start_thres=1.25,min_cluster_size=3",hub,0.25,10,25,40,1730,0,0,40,1730,0.0,0.0,0.0,0.0,0.1632023697549646
fbc_tfnbs,"e=1.1,h=5.0,n=30,start_thres=1.25,min_cluster_size=3",hub,0.25,10,25,40,1730,0,0,40,1730,0.0,0.0,0.0,0.0,0.1632023697549646
fbc_tfnbs,"e=1.1,h=6.0,n=30,start_thres=1.25,min_cluster_size=3",hub,0.25,10,25,40,1730,0,0,40,1730,0.0,0.0,0.0,0.0,0.1632023697549646
fbc_tfnbs,"e=1.1,h=7.0,n=30,start_thres=1.25,min_cluster_size=3",hub,0.25,10,25,40,1730,0,0,40,1730,0.0,0.0,0.0,0.0,0.1632023697549646
fbc_tfnbs,"e=1.1,h=8.0,n=30,start_thres=1.25,min_cluster_size=3",hub,0.25,10,25,40,1730,0,0,40,1730,0.0,0.0,0.0,0.0,0.1632023697549646
fbc_tfnbs,"e=1.1,h=9.0,n=30,start_thres=1.25,min_cluster_size=3",hub,0.25,10,25,40,1730,0,0,40,1730,0.0,0.0,0.0,0.0,0.1632023697549646
fbc_tfnbs,"e=1.1,h=10.0,n=30,start_thres=1.25,min_cluster_size=3",hub,0.25,10,25,40,1730,0,0,40,1730,0.0,0.0,0.0,0.0,0.1632023697549646
fbc_tfnbs,"e=1.2,h=0.5,n=30,start_thres=1.25,min_cluster_size=3",hub,0.25,10,25,40,1730,0,0,40,1730,0.0,0.0,0.0,0.0,0.1632023697549646
fbc_tfnbs,"e=1.2,h=1.0,n=30,start_thres=1.25,min_cluster_size=3",hub,0.25,10,25,40,1730,0,0,40,1730,0.0,0.0,0.0,0.0,0.1632023697549646
fbc_tfnbs,"e=1.2,h=2.0,n=30,start_thres=1.25,min_cluster_size=3",hub,0.25,10,25,40,1730,0,0,40,1730,0.0,0.0,0.0,0.0,0.1632023697549646
fbc_tfnbs,"e=1.2,h=3.0,n=30,start_thres=1.25,min_cluster_size=3",hub,0.25,10,25,40,1730,0,0,40,1730,0.0,0.0,0.0,0.0,0.1632023697549646
fbc_tfnbs,"e=1.2,h=4.0,n=30,start_thres=1.25,min_cluster_size=3",hub,0.25,10,25,40,1730,0,0,40,1730,0.0,0.0,0.0,0.0,0.1632023697549646
fbc_tfnbs,"e=1.2,h=5.0,n=30,start_thres=1.25,min_cluster_size=3",hub,0.25,10,25,40,1730,0,0,40,1730,0.0,0.0,0.0,0.0,0.1632023697549646
fbc_tfnbs,"e=1.2,h=6.0,n=30,start_thres=1.25,min_cluster_size=3",hub,0.25,10,25,40,1730,0,0,40,1730,0.0,0.0,0.0,0.0,0.1632023697549646
fbc_tfnbs,"e=1.2,h=7.0,n=30,start_thres=1.25,min_cluster_size=3",hub,0.25,10,25,40,1730,0,0,40,1730,0.0,0.0,0.0,0.0,0.1632023697549646
fbc_tfnbs,"e=1.2,h=8.0,n=30,start_thres=1.25,min_cluster_size=3",hub,0.25,10,25,40,1730,0,0,40,1730,0.0,0.0,0.0,0.0,0.1632023697549646
fbc_tfnbs,"e=1.2,h=9.0,n=30,start_thres=1.25,min_cluster_size=3",hub,0.25,10,25,40,1730,0,0,40,1730,0.0,0.0,0.0,0.0,0.1632023697549646
fbc_tfnbs,"e=1.2,h=10.0,n=30,start_thres=1.25,min_cluster_size=3",hub,0.25,10,25,40,1730,0,0,40,1730,0.0,0.0,0.0,0.0,0.1632023697549646
fbc_tfnbs,"e=1.3,h=0.5,n=30,start_thres=1.25,min_cluster_size=3",hub,0.25,10,25,40,1730,0,0,40,1730,0.0,0.0,0.0,0.0,0.1632023697549646
fbc_tfnbs,"e=1.3,h=1.0,n=30,start_thres=1.25,min_cluster_size=3",hub,0.25,10,25,40,1730,0,0,40,1730,0.0,0.0,0.0,0.0,0.1632023697549646
fbc_tfnbs,"e=1.3,h=2.0,n=30,start_thres=1.25,min_cluster_size=3",hub,0.25,10,25,40,1730,0,0,40,1730,0.0,0.0,0.0,0.0,0.1632023697549646
fbc_tfnbs,"e=1.3,h=3.0,n=30,start_thres=1.25,min_cluster_size=3",hub,0.25,10,25,40,1730,0,0,40,1730,0.0,0.0,0.0,0.0,0.1632023697549646
fbc_tfnbs,"e=1.3,h=4.0,n=30,start_thres=1.25,min_cluster_size=3",hub,0.25,10,25,40,1730,0,0,40,1730,0.0,0.0,0.0,0.0,0.1632023697549646
fbc_tfnbs,"e=1.3,h=5.0,n=30,start_thres=1.25,min_cluster_size=3",hub,0.25,10,25,40,1730,0,0,40,1730,0.0,0.0,0.0,0.0,0.1632023697549646
fbc_tfnbs,"e=1.3,h=6.0,n=30,start_thres=1.25,min_cluster_size=3",hub,0.25,10,25,40,1730,0,0,40,1730,0.0,0.0,0.0,0.0,0.1632023697549646
fbc_tfnbs,"e=1.3,h=7.0,n=30,start_thres=1.25,min_cluster_size=3",hub,0.25,10,25,40,1730,0,0,40,1730,0.0,0.0,0.0,0.0,0.1632023697549646
fbc_tfnbs,"e=1.3,h=8.0,n=30,start_thres=1.25,min_cluster_size=3",hub,0.25,10,25,40,1730,0,0,40,1730,0.0,0.0,0.0,0.0,0.1632023697549646
fbc_tfnbs,"e=1.3,h=9.0,n=30,start_thres=1.25,min_cluster_size=3",hub,0.25,10,25,40,1730,0,0,40,1730,0.0,0.0,0.0,0.0,0.1632023697549646
fbc_tfnbs,"e=1.3,h=10.0,n=30,start_thres=1.25,min_cluster_size=3",hub,0.25,10,25,40,1730,0,0,40,1730,0.0,0.0,0.0,0.0,0.1632023697549646
fbc_tfnbs,"e=1.4,h=0.5,n=30,start_thres=1.25,min_cluster_size=3",hub,0.25,10,25,40,1730,0,0,40,1730,0.0,0.0,0.0,0.0,0.1632023697549646
fbc_tfnbs,"e=1.4,h=1.0,n=30,start_thres=1.25,min_cluster_size=3",hub,0.25,10,25,40,1730,0,0,40,1730,0.0,0.0,0.0,0.0,0.1632023697549646
fbc_tfnbs,"e=1.4,h=2.0,n=30,start_thres=1.25,min_cluster_size=3",hub,0.25,10,25,40,1730,0,0,40,1730,0.0,0.0,0.0,0.0,0.1632023697549646
fbc_tfnbs,"e=1.4,h=3.0,n=30,start_thres=1.25,min_cluster_size=3",hub,0.25,10,25,40,1730,0,0,40,1730,0.0,0.0,0.0,0.0,0.1632023697549646
fbc_tfnbs,"e=1.4,h=4.0,n=30,start_thres=1.25,min_cluster_size=3",hub,0.25,10,25,40,1730,0,0,40,1730,0.0,0.0,0.0,0.0,0.1632023697549646
fbc_tfnbs,"e=1.4,h=5.0,n=30,start_thres=1.25,min_cluster_size=3",hub,0.25,10,25,40,1730,0,0,40,1730,0.0,0.0,0.0,0.0,0.1632023697549646
fbc_tfnbs,"e=1.4,h=6.0,n=30,start_thres=1.25,min_cluster_size=3",hub,0.25,10,25,40,1730,0,0,40,1730,0.0,0.0,0.0,0.0,0.1632023697549646
fbc_tfnbs,"e=1.4,h=7.0,n=30,start_thres=1.25,min_cluster_size=3",hub,0.25,10,25,40,1730,0,0,40,1730,0.0,0.0,0.0,0.0,0.1632023697549646
fbc_tfnbs,"e=1.4,h=8.0,n=30,start_thres=1.25,min_cluster_size=3",hub,0.25,10,25,40,1730,0,0,40,1730,0.0,0.0,0.0,0.0,0.1632023697549646
fbc_tfnbs,"e=1.4,h=9.0,n=30,start_thres=1.25,min_cluster_size=3",hub,0.25,10,25,40,1730,0,0,40,1730,0.0,0.0,0.0,0.0,0.1632023697549646
fbc_tfnbs,"e=1.4,h=10.0,n=30,start_thres=1.25,min_cluster_size=3",hub,0.25,10,25,40,1730,0,0,40,1730,0.0,0.0,0.0,0.0,0.1632023697549646
fbc_tfnbs,"e=1.5,h=0.5,n=30,start_thres=1.25,min_cluster_size=3",hub,0.25,10,25,40,1730,0,0,40,1730,0.0,0.0,0.0,0.0,0.1632023697549646
fbc_tfnbs,"e=1.5,h=1.0,n=30,start_thres=1.25,min_cluster_size=3",hub,0.25,10,25,40,1730,0,0,40,1730,0.0,0.0,0.0,0.0,0.1632023697549646
fbc_tfnbs,"e=1.5,h=2.0,n=30,start_thres=1.25,min_cluster_size=3",hub,0.25,10,25,40,1730,0,0,40,1730,0.0,0.0,0.0,0.0,0.1632023697549646
fbc_tfnbs,"e=1.5,h=3.0,n=30,start_thres=1.25,min_cluster_size=3",hub,0.25,10,25,40,1730,0,0,40,1730,0.0,0.0,0.0,0.0,0.1632023697549646
fbc_tfnbs,"e=1.5,h=4.0,n=30,start_thres=1.25,min_cluster_size=3",hub,0.25,10,25,40,1730,0,0,40,1730,0.0,0.0,0.0,0.0,0.1632023697549646
fbc_tfnbs,"e=1.5,h=5.0,n=30,start_thres=1.25,min_cluster_size=3",hub,0.25,10,25,40,1730,0,0,40,1730,0.0,0.0,0.0,0.0,0.1632023697549646
fbc_tfnbs,"e=1.5,h=6.0,n=30,start_thres=1.25,min_cluster_size=3",hub,0.25,10,25,40,1730,0,0,40,1730,0.0,0.0,0.0,0.0,0.1632023697549646
fbc_tfnbs,"e=1.5,h=7.0,n=30,start_thres=1.25,min_cluster_size=3",hub,0.25,10,25,40,1730,0,0,40,1730,0.0,0.0,0.0,0.0,0.1632023697549646
fbc_tfnbs,"e=1.5,h=8.0,n=30,start_thres=1.25,min_cluster_size=3",hub,0.25,10,25,40,1730,0,0,40,1730,0.0,0.0,0.0,0.0,0.1632023697549646
fbc_tfnbs,"e=1.5,h=9.0,n=30,start_thres=1.25,min_cluster_size=3",hub,0.25,10,25,40,1730,0,0,40,1730,0.0,0.0,0.0,0.0,0.1632023697549646
fbc_tfnbs,"e=1.5,h=10.0,n=30,start_thres=1.25,min_cluster_size=3",hub,0.25,10,25,40,1730,0,0,40,1730,0.0,0.0,0.0,0.0,0.1632023697549646
fbc_tfnbs,"e=0.05,h=0.5,n=30,start_thres=1.25,min_cluster_size=3",hub,0.25,10,26,40,1730,0,0,40,1730,0.0,0.0,0.0,0.0,0.1661394807425412
fbc_tfnbs,"e=0.05,h=1.0,n=30,start_thres=1.25,min_cluster_size=3",hub,0.25,10,26,40,1730,0,0,40,1730,0.0,0.0,0.0,0.0,0.1661394807425412
fbc_tfnbs,"e=0.05,h=2.0,n=30,start_thres=1.25,min_cluster_size=3",hub,0.25,10,26,40,1730,0,0,40,1730,0.0,0.0,0.0,0.0,0.1661394807425412
fbc_tfnbs,"e=0.05,h=3.0,n=30,start_thres=1.25,min_cluster_size=3",hub,0.25,10,26,40,1730,0,0,40,1730,0.0,0.0,0.0,0.0,0.1661394807425412
fbc_tfnbs,"e=0.05,h=4.0,n=30,start_thres=1.25,min_cluster_size=3",hub,0.25,10,26,40,1730,0,0,40,1730,0.0,0.0,0.0,0.0,0.1661394807425412
fbc_tfnbs,"e=0.05,h=5.0,n=30,start_thres=1.25,min_cluster_size=3",hub,0.25,10,26,40,1730,0,0,40,1730,0.0,0.0,0.0,0.0,0.1661394807425412
fbc_tfnbs,"e=0.05,h=6.0,n=30,start_thres=1.25,min_cluster_size=3",hub,0.25,10,26,40,1730,0,0,40,1730,0.0,0.0,0.0,0.0,0.1661394807425412
fbc_tfnbs,"e=0.05,h=7.0,n=30,start_thres=1.25,min_cluster_size=3",hub,0.25,10,26,40,1730,0,0,40,1730,0.0,0.0,0.0,0.0,0.1661394807425412
fbc_tfnbs,"e=0.05,h=8.0,n=30,start_thres=1.25,min_cluster_size=3",hub,0.25,10,26,40,1730,0,0,40,1730,0.0,0.0,0.0,0.0,0.1661394807425412
fbc_tfnbs,"e=0.05,h=9.0,n=30,start_thres=1.25,min_cluster_size=3",hub,0.25,10,26,40,1730,0,0,40,1730,0.0,0.0,0.0,0.0,0.1661394807425412
fbc_tfnbs,"e=0.05,h=10.0,n=30,start_thres=1.25,min_cluster_size=3",hub,0.25,10,26,40,1730,0,0,40,1730,0.0,0.0,0.0,0.0,0.1661394807425412
fbc_tfnbs,"e=0.1,h=0.5,n=30,start_thres=1.25,min_cluster_size=3",hub,0.25,10,26,40,1730,0,0,40,1730,0.0,0.0,0.0,0.0,0.1661394807425412
fbc_tfnbs,"e=0.1,h=1.0,n=30,start_thres=1.25,min_cluster_size=3",hub,0.25,10,26,40,1730,0,0,40,1730,0.0,0.0,0.0,0.0,0.1661394807425412
fbc_tfnbs,"e=0.1,h=2.0,n=30,start_thres=1.25,min_cluster_size=3",hub,0.25,10,26,40,1730,0,0,40,1730,0.0,0.0,0.0,0.0,0.1661394807425412
fbc_tfnbs,"e=0.1,h=3.0,n=30,start_thres=1.25,min_cluster_size=3",hub,0.25,10,26,40,1730,0,0,40,1730,0.0,0.0,0.0,0.0,0.1661394807425412
fbc_tfnbs,"e=0.1,h=4.0,n=30,start_thres=1.25,min_cluster_size=3",hub,0.25,10,26,40,1730,0,0,40,1730,0.0,0.0,0.0,0.0,0.1661394807425412
fbc_tfnbs,"e=0.1,h=5.0,n=30,start_thres=1.25,min_cluster_size=3",hub,0.25,10,26,40,1730,0,0,40,1730,0.0,0.0,0.0,0.0,0.1661394807425412
fbc_tfnbs,"e=0.1,h=6.0,n=30,start_thres=1.25,min_cluster_size=3",hub,0.25,10,26,40,1730,0,0,40,1730,0.0,0.0,0.0,0.0,0.1661394807425412
fbc_tfnbs,"e=0.1,h=7.0,n=30,start_thres=1.25,min_cluster_size=3",hub,0.25,10,26,40,1730,0,0,40,1730,0.0,0.0,0.0,0.0,0.1661394807425412
fbc_tfnbs,"e=0.1,h=8.0,n=30,start_thres=1.25,min_cluster_size=3",hub,0.25,10,26,40,1730,0,0,40,1730,0.0,0.0,0.0,0.0,0.1661394807425412
fbc_tfnbs,"e=0.1,h=9.0,n=30,start_thres=1.25,min_cluster_size=3",hub,0.25,10,26,40,1730,0,0,40,1730,0.0,0.0,0.0,0.0,0.1661394807425412
fbc_tfnbs,"e=0.1,h=10.0,n=30,start_thres=1.25,min_cluster_size=3",hub,0.25,10,26,40,1730,0,0,40,1730,0.0,0.0,0.0,0.0,0.1661394807425412
fbc_tfnbs,"e=0.2,h=0.5,n=30,start_thres=1.25,min_cluster_size=3",hub,0.25,10,26,40,1730,0,0,40,1730,0.0,0.0,0.0,0.0,0.1661394807425412
fbc_tfnbs,"e=0.2,h=1.0,n=30,start_thres=1.25,min_cluster_size=3",hub,0.25,10,26,40,1730,0,0,40,1730,0.0,0.0,0.0,0.0,0.1661394807425412
fbc_tfnbs,"e=0.2,h=2.0,n=30,start_thres=1.25,min_cluster_size=3",hub,0.25,10,26,40,1730,0,0,40,1730,0.0,0.0,0.0,0.0,0.1661394807425412
fbc_tfnbs,"e=0.2,h=3.0,n=30,start_thres=1.25,min_cluster_size=3",hub,0.25,10,26,40,1730,0,0,40,1730,0.0,0.0,0.0,0.0,0.1661394807425412
fbc_tfnbs,"e=0.2,h=4.0,n=30,start_thres=1.25,min_cluster_size=3",hub,0.25,10,26,40,1730,0,0,40,1730,0.0,0.0,0.0,0.0,0.1661394807425412
fbc_tfnbs,"e=0.2,h=5.0,n=30,start_thres=1.25,min_cluster_size=3",hub,0.25,10,26,40,1730,0,0,40,1730,0.0,0.0,0.0,0.0,0.1661394807425412
fbc_tfnbs,"e=0.2,h=6.0,n=30,start_thres=1.25,min_cluster_size=3",hub,0.25,10,26,40,1730,0,0,40,1730,0.0,0.0,0.0,0.0,0.1661394807425412
fbc_tfnbs,"e=0.2,h=7.0,n=30,start_thres=1.25,min_cluster_size=3",hub,0.25,10,26,40,1730,0,0,40,1730,0.0,0.0,0.0,0.0,0.1661394807425412
fbc_tfnbs,"e=0.2,h=8.0,n=30,start_thres=1.25,min_cluster_size=3",hub,0.25,10,26,40,1730,0,0,40,1730,0.0,0.0,0.0,0.0,0.1661394807425412
fbc_tfnbs,"e=0.2,h=9.0,n=30,start_thres=1.25,min_cluster_size=3",hub,0.25,10,26,40,1730,0,0,40,1730,0.0,0.0,0.0,0.0,0.1661394807425412
fbc_tfnbs,"e=0.2,h=10.0,n=30,start_thres=1.25,min_cluster_size=3",hub,0.25,10,26,40,1730,0,0,40,1730,0.0,0.0,0.0,0.0,0.1661394807425412
fbc_tfnbs,"e=0.3,h=0.5,n=30,start_thres=1.25,min_cluster_size=3",hub,0.25,10,26,40,1730,0,0,40,1730,0.0,0.0,0.0,0.0,0.1661394807425412
fbc_tfnbs,"e=0.3,h=1.0,n=30,start_thres=1.25,min_cluster_size=3",hub,0.25,10,26,40,1730,0,0,40,1730,0.0,0.0,0.0,0.0,0.1661394807425412
fbc_tfnbs,"e=0.3,h=2.0,n=30,start_thres=1.25,min_cluster_size=3",hub,0.25,10,26,40,1730,0,0,40,1730,0.0,0.0,0.0,0.0,0.1661394807425412
fbc_tfnbs,"e=0.3,h=3.0,n=30,start_thres=1.25,min_cluster_size=3",hub,0.25,10,26,40,1730,0,0,40,1730,0.0,0.0,0.0,0.0,0.1661394807425412
fbc_tfnbs,"e=0.3,h=4.0,n=30,start_thres=1.25,min_cluster_size=3",hub,0.25,10,26,40,1730,0,0,40,1730,0.0,0.0,0.0,0.0,0.1661394807425412
fbc_tfnbs,"e=0.3,h=5.0,n=30,start_thres=1.25,min_cluster_size=3",hub,0.25,10,26,40,1730,0,0,40,1730,0.0,0.0,0.0,0.0,0.1661394807425412
fbc_tfnbs,"e=0.3,h=6.0,n=30,start_thres=1.25,min_cluster_size=3",hub,0.25,10,26,40,1730,0,0,40,1730,0.0,0.0,0.0,0.0,0.1661394807425412
fbc_tfnbs,"e=0.3,h=7.0,n=30,start_thres=1.25,min_cluster_size=3",hub,0.25,10,26,40,1730,0,0,40,1730,0.0,0.0,0.0,0.0,0.1661394807425412
fbc_tfnbs,"e=0.3,h=8.0,n=30,start_thres=1.25,min_cluster_size=3",hub,0.25,10,26,40,1730,0,0,40,1730,0.0,0.0,0.0,0.0,0.1661394807425412
fbc_tfnbs,"e=0.3,h=9.0,n=30,start_thres=1.25,min_cluster_size=3",hub,0.25,10,26,40,1730,0,0,40,1730,0.0,0.0,0.0,0.0,0.1661394807425412
fbc_tfnbs,"e=0.3,h=10.0,n=30,start_thres=1.25,min_cluster_size=3",hub,0.25,10,26,40,1730,0,0,40,1730,0.0,0.0,0.0,0.0,0.1661394807425412
fbc_tfnbs,"e=0.4,h=0.5,n=30,start_thres=1.25,min_cluster_size=3",hub,0.25,10,26,40,1730,0,0,40,1730,0.0,0.0,0.0,0.0,0.1661394807425412
fbc_tfnbs,"e=0.4,h=1.0,n=30,start_thres=1.25,min_cluster_size=3",hub,0.25,10,26,40,1730,0,0,40,1730,0.0,0.0,0.0,0.0,0.1661394807425412
fbc_tfnbs,"e=0.4,h=2.0,n=30,start_thres=1.25,min_cluster_size=3",hub,0.25,10,26,40,1730,0,0,40,1730,0.0,0.0,0.0,0.0,0.1661394807425412
fbc_tfnbs,"e=0.4,h=3.0,n=30,start_thres=1.25,min_cluster_size=3",hub,0.25,10,26,40,1730,0,0,40,1730,0.0,0.0,0.0,0.0,0.1661394807425412
fbc_tfnbs,"e=0.4,h=4.0,n=30,start_thres=1.25,min_cluster_size=3",hub,0.25,10,26,40,1730,0,0,40,1730,0.0,0.0,0.0,0.0,0.1661394807425412
fbc_tfnbs,"e=0.4,h=5.0,n=30,start_thres=1.25,min_cluster_size=3",hub,0.25,10,26,40,1730,0,0,40,1730,0.0,0.0,0.0,0.0,0.1661394807425412
fbc_tfnbs,"e=0.4,h=6.0,n=30,start_thres=1.25,min_cluster_size=3",hub,0.25,10,26,40,1730,0,0,40,1730,0.0,0.0,0.0,0.0,0.1661394807425412
fbc_tfnbs,"e=0.4,h=7.0,n=30,start_thres=1.25,min_cluster_size=3",hub,0.25,10,26,40,1730,0,0,40,1730,0.0,0.0,0.0,0.0,0.1661394807425412
fbc_tfnbs,"e=0.4,h=8.0,n=30,start_thres=1.25,min_cluster_size=3",hub,0.25,10,26,40,1730,0,0,40,1730,0.0,0.0,0.0,0.0,0.1661394807425412
fbc_tfnbs,"e=0.4,h=9.0,n=30,start_thres=1.25,min_cluster_size=3",hub,0.25,10,26,40,1730,0,0,40,1730,0.0,0.0,0.0,0.0,0.1661394807425412
fbc_tfnbs,"e=0.4,h=10.0,n=30,start_thres=1.25,min_cluster_size=3",hub,0.25,10,26,40,1730,0,0,40,1730,0.0,0.0,0.0,0.0,0.1661394807425412
fbc_tfnbs,"e=0.5,h=0.5,n=30,start_thres=1.25,min_cluster_size=3",hub,0.25,10,26,40,1730,0,0,40,1730,0.0,0.0,0.0,0.0,0.1661394807425412
fbc_tfnbs,"e=0.5,h=1.0,n=30,start_thres=1.25,min_cluster_size=3",hub,0.25,10,26,40,1730,0,0,40,1730,0.0,0.0,0.0,0.0,0.1661394807425412
fbc_tfnbs,"e=0.5,h=2.0,n=30,start_thres=1.25,min_cluster_size=3",hub,0.25,10,26,40,1730,0,0,40,1730,0.0,0.0,0.0,0.0,0.1661394807425412
fbc_tfnbs,"e=0.5,h=3.0,n=30,start_thres=1.25,min_cluster_size=3",hub,0.25,10,26,40,1730,0,0,40,1730,0.0,0.0,0.0,0.0,0.1661394807425412
fbc_tfnbs,"e=0.5,h=4.0,n=30,start_thres=1.25,min_cluster_size=3",hub,0.25,10,26,40,1730,0,0,40,1730,0.0,0.0,0.0,0.0,0.1661394807425412
fbc_tfnbs,"e=0.5,h=5.0,n=30,start_thres=1.25,min_cluster_size=3",hub,0.25,10,26,40,1730,0,0,40,1730,0.0,0.0,0.0,0.0,0.1661394807425412
fbc_tfnbs,"e=0.5,h=6.0,n=30,start_thres=1.25,min_cluster_size=3",hub,0.25,10,26,40,1730,0,0,40,1730,0.0,0.0,0.0,0.0,0.1661394807425412
fbc_tfnbs,"e=0.5,h=7.0,n=30,start_thres=1.25,min_cluster_size=3",hub,0.25,10,26,40,1730,0,0,40,1730,0.0,0.0,0.0,0.0,0.1661394807425412
fbc_tfnbs,"e=0.5,h=8.0,n=30,start_thres=1.25,min_cluster_size=3",hub,0.25,10,26,40,1730,0,0,40,1730,0.0,0.0,0.0,0.0,0.1661394807425412
fbc_tfnbs,"e=0.5,h=9.0,n=30,start_thres=1.25,min_cluster_size=3",hub,0.25,10,26,40,1730,0,0,40,1730,0.0,0.0,0.0,0.0,0.1661394807425412
fbc_tfnbs,"e=0.5,h=10.0,n=30,start_thres=1.25,min_cluster_size=3",hub,0.25,10,26,40,1730,0,0,40,1730,0.0,0.0,0.0,0.0,0.1661394807425412
fbc_tfnbs,"e=0.6,h=0.5,n=30,start_thres=1.25,min_cluster_size=3",hub,0.25,10,26,40,1730,0,0,40,1730,0.0,0.0,0.0,0.0,0.1661394807425412
fbc_tfnbs,"e=0.6,h=1.0,n=30,start_thres=1.25,min_cluster_size=3",hub,0.25,10,26,40,1730,0,0,40,1730,0.0,0.0,0.0,0.0,0.1661394807425412
fbc_tfnbs,"e=0.6,h=2.0,n=30,start_thres=1.25,min_cluster_size=3",hub,0.25,10,26,40,1730,0,0,40,1730,0.0,0.0,0.0,0.0,0.1661394807425412
fbc_tfnbs,"e=0.6,h=3.0,n=30,start_thres=1.25,min_cluster_size=3",hub,0.25,10,26,40,1730,0,0,40,1730,0.0,0.0,0.0,0.0,0.1661394807425412
fbc_tfnbs,"e=0.6,h=4.0,n=30,start_thres=1.25,min_cluster_size=3",hub,0.25,10,26,40,1730,0,0,40,1730,0.0,0.0,0.0,0.0,0.1661394807425412
fbc_tfnbs,"e=0.6,h=5.0,n=30,start_thres=1.25,min_cluster_size=3",hub,0.25,10,26,40,1730,0,0,40,1730,0.0,0.0,0.0,0.0,0.1661394807425412
fbc_tfnbs,"e=0.6,h=6.0,n=30,start_thres=1.25,min_cluster_size=3",hub,0.25,10,26,40,1730,0,0,40,1730,0.0,0.0,0.0,0.0,0.1661394807425412
fbc_tfnbs,"e=0.6,h=7.0,n=30,start_thres=1.25,min_cluster_size=3",hub,0.25,10,26,40,1730,0,0,40,1730,0.0,0.0,0.0,0.0,0.1661394807425412
fbc_tfnbs,"e=0.6,h=8.0,n=30,start_thres=1.25,min_cluster_size=3",hub,0.25,10,26,40,1730,0,0,40,1730,0.0,0.0,0.0,0.0,0.1661394807425412
fbc_tfnbs,"e=0.6,h=9.0,n=30,start_thres=1.25,min_cluster_size=3",hub,0.25,10,26,40,1730,0,0,40,1730,0.0,0.0,0.0,0.0,0.1661394807425412
fbc_tfnbs,"e=0.6,h=10.0,n=30,start_thres=1.25,min_cluster_size=3",hub,0.25,10,26,40,1730,0,0,40,1730,0.0,0.0,0.0,0.0,0.1661394807425412
fbc_tfnbs,"e=0.7,h=0.5,n=30,start_thres=1.25,min_cluster_size=3",hub,0.25,10,26,40,1730,0,0,40,1730,0.0,0.0,0.0,0.0,0.1661394807425412
fbc_tfnbs,"e=0.7,h=1.0,n=30,start_thres=1.25,min_cluster_size=3",hub,0.25,10,26,40,1730,0,0,40,1730,0.0,0.0,0.0,0.0,0.1661394807425412
fbc_tfnbs,"e=0.7,h=2.0,n=30,start_thres=1.25,min_cluster_size=3",hub,0.25,10,26,40,1730,0,0,40,1730,0.0,0.0,0.0,0.0,0.1661394807425412
fbc_tfnbs,"e=0.7,h=3.0,n=30,start_thres=1.25,min_cluster_size=3",hub,0.25,10,26,40,1730,0,0,40,1730,0.0,0.0,0.0,0.0,0.1661394807425412
fbc_tfnbs,"e=0.7,h=4.0,n=30,start_thres=1.25,min_cluster_size=3",hub,0.25,10,26,40,1730,0,0,40,1730,0.0,0.0,0.0,0.0,0.1661394807425412
fbc_tfnbs,"e=0.7,h=5.0,n=30,start_thres=1.25,min_cluster_size=3",hub,0.25,10,26,40,1730,0,0,40,1730,0.0,0.0,0.0,0.0,0.1661394807425412
fbc_tfnbs,"e=0.7,h=6.0,n=30,start_thres=1.25,min_cluster_size=3",hub,0.25,10,26,40,1730,0,0,40,1730,0.0,0.0,0.0,0.0,0.1661394807425412
fbc_tfnbs,"e=0.7,h=7.0,n=30,start_thres=1.25,min_cluster_size=3",hub,0.25,10,26,40,1730,0,0,40,1730,0.0,0.0,0.0,0.0,0.1661394807425412
fbc_tfnbs,"e=0.7,h=8.0,n=30,start_thres=1.25,min_cluster_size=3",hub,0.25,10,26,40,1730,0,0,40,1730,0.0,0.0,0.0,0.0,0.1661394807425412
fbc_tfnbs,"e=0.7,h=9.0,n=30,start_thres=1.25,min_cluster_size=3",hub,0.25,10,26,40,1730,0,0,40,1730,0.0,0.0,0.0,0.0,0.1661394807425412
fbc_tfnbs,"e=0.7,h=10.0,n=30,start_thres=1.25,min_cluster_size=3",hub,0.25,10,26,40,1730,0,0,40,1730,0.0,0.0,0.0,0.0,0.1661394807425412
fbc_tfnbs,"e=0.8,h=0.5,n=30,start_thres=1.25,min_cluster_size=3",hub,0.25,10,26,40,1730,0,0,40,1730,0.0,0.0,0.0,0.0,0.1661394807425412
fbc_tfnbs,"e=0.8,h=1.0,n=30,start_thres=1.25,min_cluster_size=3",hub,0.25,10,26,40,1730,0,0,40,1730,0.0,0.0,0.0,0.0,0.1661394807425412
fbc_tfnbs,"e=0.8,h=2.0,n=30,start_thres=1.25,min_cluster_size=3",hub,0.25,10,26,40,1730,0,0,40,1730,0.0,0.0,0.0,0.0,0.1661394807425412
fbc_tfnbs,"e=0.8,h=3.0,n=30,start_thres=1.25,min_cluster_size=3",hub,0.25,10,26,40,1730,0,0,40,1730,0.0,0.0,0.0,0.0,0.1661394807425412
fbc_tfnbs,"e=0.8,h=4.0,n=30,start_thres=1.25,min_cluster_size=3",hub,0.25,10,26,40,1730,0,0,40,1730,0.0,0.0,0.0,0.0,0.1661394807425412
fbc_tfnbs,"e=0.8,h=5.0,n=30,start_thres=1.25,min_cluster_size=3",hub,0.25,10,26,40,1730,0,0,40,1730,0.0,0.0,0.0,0.0,0.1661394807425412
fbc_tfnbs,"e=0.8,h=6.0,n=30,start_thres=1.25,min_cluster_size=3",hub,0.25,10,26,40,1730,0,0,40,1730,0.0,0.0,0.0,0.0,0.1661394807425412
fbc_tfnbs,"e=0.8,h=7.0,n=30,start_thres=1.25,min_cluster_size=3",hub,0.25,10,26,40,1730,0,0,40,1730,0.0,0.0,0.0,0.0,0.1661394807425412
fbc_tfnbs,"e=0.8,h=8.0,n=30,start_thres=1.25,min_cluster_size=3",hub,0.25,10,26,40,1730,0,0,40,1730,0.0,0.0,0.0,0.0,0.1661394807425412
fbc_tfnbs,"e=0.8,h=9.0,n=30,start_thres=1.25,min_cluster_size=3",hub,0.25,10,26,40,1730,0,0,40,1730,0.0,0.0,0.0,0.0,0.1661394807425412
fbc_tfnbs,"e=0.8,h=10.0,n=30,start_thres=1.25,min_cluster_size=3",hub,0.25,10,26,40,1730,0,0,40,1730,0.0,0.0,0.0,0.0,0.1661394807425412
fbc_tfnbs,"e=0.9,h=0.5,n=30,start_thres=1.25,min_cluster_size=3",hub,0.25,10,26,40,1730,0,0,40,1730,0.0,0.0,0.0,0.0,0.1661394807425412
fbc_tfnbs,"e=0.9,h=1.0,n=30,start_thres=1.25,min_cluster_size=3",hub,0.25,10,26,40,1730,0,0,40,1730,0.0,0.0,0.0,0.0,0.1661394807425412
fbc_tfnbs,"e=0.9,h=2.0,n=30,start_thres=1.25,min_cluster_size=3",hub,0.25,10,26,40,1730,0,0,40,1730,0.0,0.0,0.0,0.0,0.1661394807425412
fbc_tfnbs,"e=0.9,h=3.0,n=30,start_thres=1.25,min_cluster_size=3",hub,0.25,10,26,40,1730,0,0,40,1730,0.0,0.0,0.0,0.0,0.1661394807425412
fbc_tfnbs,"e=0.9,h=4.0,n=30,start_thres=1.25,min_cluster_size=3",hub,0.25,10,26,40,1730,0,0,40,1730,0.0,0.0,0.0,0.0,0.1661394807425412
fbc_tfnbs,"e=0.9,h=5.0,n=30,start_thres=1.25,min_cluster_size=3",hub,0.25,10,26,40,1730,0,0,40,1730,0.0,0.0,0.0,0.0,0.1661394807425412
fbc_tfnbs,"e=0.9,h=6.0,n=30,start_thres=1.25,min_cluster_size=3",hub,0.25,10,26,40,1730,0,0,40,1730,0.0,0.0,0.0,0.0,0.1661394807425412
fbc_tfnbs,"e=0.9,h=7.0,n=30,start_thres=1.25,min_cluster_size=3",hub,0.25,10,26,40,1730,0,0,40,1730,0.0,0.0,0.0,0.0,0.1661394807425412
fbc_tfnbs,"e=0.9,h=8.0,n=30,start_thres=1.25,min_cluster_size=3",hub,0.25,10,26,40,1730,0,0,40,1730,0.0,0.0,0.0,0.0,0.1661394807425412
fbc_tfnbs,"e=0.9,h=9.0,n=30,start_thres=1.25,min_cluster_size=3",hub,0.25,10,26,40,1730,0,0,40,1730,0.0,0.0,0.0,0.0,0.1661394807425412
fbc_tfnbs,"e=0.9,h=10.0,n=30,start_thres=1.25,min_cluster_size=3",hub,0.25,10,26,40,1730,0,0,40,1730,0.0,0.0,0.0,0.0,0.1661394807425412
fbc_tfnbs,"e=1.0,h=0.5,n=30,start_thres=1.25,min_cluster_size=3",hub,0.25,10,26,40,1730,0,0,40,1730,0.0,0.0,0.0,0.0,0.1661394807425412
fbc_tfnbs,"e=1.0,h=1.0,n=30,start_thres=1.25,min_cluster_size=3",hub,0.25,10,26,40,1730,0,0,40,1730,0.0,0.0,0.0,0.0,0.1661394807425412
fbc_tfnbs,"e=1.0,h=2.0,n=30,start_thres=1.25,min_cluster_size=3",hub,0.25,10,26,40,1730,0,0,40,1730,0.0,0.0,0.0,0.0,0.1661394807425412
fbc_tfnbs,"e=1.0,h=3.0,n=30,start_thres=1.25,min_cluster_size=3",hub,0.25,10,26,40,1730,0,0,40,1730,0.0,0.0,0.0,0.0,0.1661394807425412
fbc_tfnbs,"e=1.0,h=4.0,n=30,start_thres=1.25,min_cluster_size=3",hub,0.25,10,26,40,1730,0,0,40,1730,0.0,0.0,0.0,0.0,0.1661394807425412
fbc_tfnbs,"e=1.0,h=5.0,n=30,start_thres=1.25,min_cluster_size=3",hub,0.25,10,26,40,1730,0,0,40,1730,0.0,0.0,0.0,0.0,0.1661394807425412
fbc_tfnbs,"e=1.0,h=6.0,n=30,start_thres=1.25,min_cluster_size=3",hub,0.25,10,26,40,1730,0,0,40,1730,0.0,0.0,0.0,0.0,0.1661394807425412
fbc_tfnbs,"e=1.0,h=7.0,n=30,start_thres=1.25,min_cluster_size=3",hub,0.25,10,26,40,1730,0,0,40,1730,0.0,0.0,0.0,0.0,0.1661394807425412
fbc_tfnbs,"e=1.0,h=8.0,n=30,start_thres=1.25,min_cluster_size=3",hub,0.25,10,26,40,1730,0,0,40,1730,0.0,0.0,0.0,0.0,0.1661394807425412
fbc_tfnbs,"e=1.0,h=9.0,n=30,start_thres=1.25,min_cluster_size=3",hub,0.25,10,26,40,1730,0,0,40,1730,0.0,0.0,0.0,0.0,0.1661394807425412
fbc_tfnbs,"e=1.0,h=10.0,n=30,start_thres=1.25,min_cluster_size=3",hub,0.25,10,26,40,1730,0,0,40,1730,0.0,0.0,0.0,0.0,0.1661394807425412
fbc_tfnbs,"e=1.1,h=0.5,n=30,start_thres=1.25,min_cluster_size=3",hub,0.25,10,26,40,1730,0,0,40,1730,0.0,0.0,0.0,0.0,0.1661394807425412
fbc_tfnbs,"e=1.1,h=1.0,n=30,start_thres=1.25,min_cluster_size=3",hub,0.25,10,26,40,1730,0,0,40,1730,0.0,0.0,0.0,0.0,0.1661394807425412
fbc_tfnbs,"e=1.1,h=2.0,n=30,start_thres=1.25,min_cluster_size=3",hub,0.25,10,26,40,1730,0,0,40,1730,0.0,0.0,0.0,0.0,0.1661394807425412
fbc_tfnbs,"e=1.1,h=3.0,n=30,start_thres=1.25,min_cluster_size=3",hub,0.25,10,26,40,1730,0,0,40,1730,0.0,0.0,0.0,0.0,0.1661394807425412
fbc_tfnbs,"e=1.1,h=4.0,n=30,start_thres=1.25,min_cluster_size=3",hub,0.25,10,26,40,1730,0,0,40,1730,0.0,0.0,0.0,0.0,0.1661394807425412
fbc_tfnbs,"e=1.1,h=5.0,n=30,start_thres=1.25,min_cluster_size=3",hub,0.25,10,26,40,1730,0,0,40,1730,0.0,0.0,0.0,0.0,0.1661394807425412
fbc_tfnbs,"e=1.1,h=6.0,n=30,start_thres=1.25,min_cluster_size=3",hub,0.25,10,26,40,1730,0,0,40,1730,0.0,0.0,0.0,0.0,0.1661394807425412
fbc_tfnbs,"e=1.1,h=7.0,n=30,start_thres=1.25,min_cluster_size=3",hub,0.25,10,26,40,1730,0,0,40,1730,0.0,0.0,0.0,0.0,0.1661394807425412
fbc_tfnbs,"e=1.1,h=8.0,n=30,start_thres=1.25,min_cluster_size=3",hub,0.25,10,26,40,1730,0,0,40,1730,0.0,0.0,0.0,0.0,0.1661394807425412
fbc_tfnbs,"e=1.1,h=9.0,n=30,start_thres=1.25,min_cluster_size=3",hub,0.25,10,26,40,1730,0,0,40,1730,0.0,0.0,0.0,0.0,0.1661394807425412
fbc_tfnbs,"e=1.1,h=10.0,n=30,start_thres=1.25,min_cluster_size=3",hub,0.25,10,26,40,1730,0,0,40,1730,0.0,0.0,0.0,0.0,0.1661394807425412
fbc_tfnbs,"e=1.2,h=0.5,n=30,start_thres=1.25,min_cluster_size=3",hub,0.25,10,26,40,1730,0,0,40,1730,0.0,0.0,0.0,0.0,0.1661394807425412
fbc_tfnbs,"e=1.2,h=1.0,n=30,start_thres=1.25,min_cluster_size=3",hub,0.25,10,26,40,1730,0,0,40,1730,0.0,0.0,0.0,0.0,0.1661394807425412
fbc_tfnbs,"e=1.2,h=2.0,n=30,start_thres=1.25,min_cluster_size=3",hub,0.25,10,26,40,1730,0,0,40,1730,0.0,0.0,0.0,0.0,0.1661394807425412
fbc_tfnbs,"e=1.2,h=3.0,n=30,start_thres=1.25,min_cluster_size=3",hub,0.25,10,26,40,1730,0,0,40,1730,0.0,0.0,0.0,0.0,0.1661394807425412
fbc_tfnbs,"e=1.2,h=4.0,n=30,start_thres=1.25,min_cluster_size=3",hub,0.25,10,26,40,1730,0,0,40,1730,0.0,0.0,0.0,0.0,0.1661394807425412
fbc_tfnbs,"e=1.2,h=5.0,n=30,start_thres=1.25,min_cluster_size=3",hub,0.25,10,26,40,1730,0,0,40,1730,0.0,0.0,0.0,0.0,0.1661394807425412
fbc_tfnbs,"e=1.2,h=6.0,n=30,start_thres=1.25,min_cluster_size=3",hub,0.25,10,26,40,1730,0,0,40,1730,0.0,0.0,0.0,0.0,0.1661394807425412
fbc_tfnbs,"e=1.2,h=7.0,n=30,start_thres=1.25,min_cluster_size=3",hub,0.25,10,26,40,1730,0,0,40,1730,0.0,0.0,0.0,0.0,0.1661394807425412
fbc_tfnbs,"e=1.2,h=8.0,n=30,start_thres=1.25,min_cluster_size=3",hub,0.25,10,26,40,1730,0,0,40,1730,0.0,0.0,0.0,0.0,0.1661394807425412
fbc_tfnbs,"e=1.2,h=9.0,n=30,start_thres=1.25,min_cluster_size=3",hub,0.25,10,26,40,1730,0,0,40,1730,0.0,0.0,0.0,0.0,0.1661394807425412
fbc_tfnbs,"e=1.2,h=10.0,n=30,start_thres=1.25,min_cluster_size=3",hub,0.25,10,26,40,1730,0,0,40,1730,0.0,0.0,0.0,0.0,0.1661394807425412
fbc_tfnbs,"e=1.3,h=0.5,n=30,start_thres=1.25,min_cluster_size=3",hub,0.25,10,26,40,1730,0,0,40,1730,0.0,0.0,0.0,0.0,0.1661394807425412
fbc_tfnbs,"e=1.3,h=1.0,n=30,start_thres=1.25,min_cluster_size=3",hub,0.25,10,26,40,1730,0,0,40,1730,0.0,0.0,0.0,0.0,0.1661394807425412
fbc_tfnbs,"e=1.3,h=2.0,n=30,start_thres=1.25,min_cluster_size=3",hub,0.25,10,26,40,1730,0,0,40,1730,0.0,0.0,0.0,0.0,0.1661394807425412
fbc_tfnbs,"e=1.3,h=3.0,n=30,start_thres=1.25,min_cluster_size=3",hub,0.25,10,26,40,1730,0,0,40,1730,0.0,0.0,0.0,0.0,0.1661394807425412
fbc_tfnbs,"e=1.3,h=4.0,n=30,start_thres=1.25,min_cluster_size=3",hub,0.25,10,26,40,1730,0,0,40,1730,0.0,0.0,0.0,0.0,0.1661394807425412
fbc_tfnbs,"e=1.3,h=5.0,n=30,start_thres=1.25,min_cluster_size=3",hub,0.25,10,26,40,1730,0,0,40,1730,0.0,0.0,0.0,0.0,0.1661394807425412
fbc_tfnbs,"e=1.3,h=6.0,n=30,start_thres=1.25,min_cluster_size=3",hub,0.25,10,26,40,1730,0,0,40,1730,0.0,0.0,0.0,0.0,0.1661394807425412
fbc_tfnbs,"e=1.3,h=7.0,n=30,start_thres=1.25,min_cluster_size=3",hub,0.25,10,26,40,1730,0,0,40,1730,0.0,0.0,0.0,0.0,0.1661394807425412
fbc_tfnbs,"e=1.3,h=8.0,n=30,start_thres=1.25,min_cluster_size=3",hub,0.25,10,26,40,1730,0,0,40,1730,0.0,0.0,0.0,0.0,0.1661394807425412
fbc_tfnbs,"e=1.3,h=9.0,n=30,start_thres=1.25,min_cluster_size=3",hub,0.25,10,26,40,1730,0,0,40,1730,0.0,0.0,0.0,0.0,0.1661394807425412
fbc_tfnbs,"e=1.3,h=10.0,n=30,start_thres=1.25,min_cluster_size=3",hub,0.25,10,26,40,1730,0,0,40,1730,0.0,0.0,0.0,0.0,0.1661394807425412
fbc_tfnbs,"e=1.4,h=0.5,n=30,start_thres=1.25,min_cluster_size=3",hub,0.25,10,26,40,1730,0,0,40,1730,0.0,0.0,0.0,0.0,0.1661394807425412
fbc_tfnbs,"e=1.4,h=1.0,n=30,start_thres=1.25,min_cluster_size=3",hub,0.25,10,26,40,1730,0,0,40,1730,0.0,0.0,0.0,0.0,0.1661394807425412
fbc_tfnbs,"e=1.4,h=2.0,n=30,start_thres=1.25,min_cluster_size=3",hub,0.25,10,26,40,1730,0,0,40,1730,0.0,0.0,0.0,0.0,0.1661394807425412
fbc_tfnbs,"e=1.4,h=3.0,n=30,start_thres=1.25,min_cluster_size=3",hub,0.25,10,26,40,1730,0,0,40,1730,0.0,0.0,0.0,0.0,0.1661394807425412
fbc_tfnbs,"e=1.4,h=4.0,n=30,start_thres=1.25,min_cluster_size=3",hub,0.25,10,26,40,1730,0,0,40,1730,0.0,0.0,0.0,0.0,0.1661394807425412
fbc_tfnbs,"e=1.4,h=5.0,n=30,start_thres=1.25,min_cluster_size=3",hub,0.25,10,26,40,1730,0,0,40,1730,0.0,0.0,0.0,0.0,0.1661394807425412
fbc_tfnbs,"e=1.4,h=6.0,n=30,start_thres=1.25,min_cluster_size=3",hub,0.25,10,26,40,1730,0,0,40,1730,0.0,0.0,0.0,0.0,0.1661394807425412
fbc_tfnbs,"e=1.4,h=7.0,n=30,start_thres=1.25,min_cluster_size=3",hub,0.25,10,26,40,1730,0,0,40,1730,0.0,0.0,0.0,0.0,0.1661394807425412
fbc_tfnbs,"e=1.4,h=8.0,n=30,start_thres=1.25,min_cluster_size=3",hub,0.25,10,26,40,1730,0,0,40,1730,0.0,0.0,0.0,0.0,0.1661394807425412
fbc_tfnbs,"e=1.4,h=9.0,n=30,start_thres=1.25,min_cluster_size=3",hub,0.25,10,26,40,1730,0,0,40,1730,0.0,0.0,0.0,0.0,0.1661394807425412
fbc_tfnbs,"e=1.4,h=10.0,n=30,start_thres=1.25,min_cluster_size=3",hub,0.25,10,26,40,1730,0,0,40,1730,0.0,0.0,0.0,0.0,0.1661394807425412
fbc_tfnbs,"e=1.5,h=0.5,n=30,start_thres=1.25,min_cluster_size=3",hub,0.25,10,26,40,1730,0,0,40,1730,0.0,0.0,0.0,0.0,0.1661394807425412
fbc_tfnbs,"e=1.5,h=1.0,n=30,start_thres=1.25,min_cluster_size=3",hub,0.25,10,26,40,1730,0,0,40,1730,0.0,0.0,0.0,0.0,0.1661394807425412
fbc_tfnbs,"e=1.5,h=2.0,n=30,start_thres=1.25,min_cluster_size=3",hub,0.25,10,26,40,1730,0,0,40,1730,0.0,0.0,0.0,0.0,0.1661394807425412
fbc_tfnbs,"e=1.5,h=3.0,n=30,start_thres=1.25,min_cluster_size=3",hub,0.25,10,26,40,1730,0,0,40,1730,0.0,0.0,0.0,0.0,0.1661394807425412
fbc_tfnbs,"e=1.5,h=4.0,n=30,start_thres=1.25,min_cluster_size=3",hub,0.25,10,26,40,1730,0,0,40,1730,0.0,0.0,0.0,0.0,0.1661394807425412
fbc_tfnbs,"e=1.5,h=5.0,n=30,start_thres=1.25,min_cluster_size=3",hub,0.25,10,26,40,1730,0,0,40,1730,0.0,0.0,0.0,0.0,0.1661394807425412
fbc_tfnbs,"e=1.5,h=6.0,n=30,start_thres=1.25,min_cluster_size=3",hub,0.25,10,26,40,1730,0,0,40,1730,0.0,0.0,0.0,0.0,0.1661394807425412
fbc_tfnbs,"e=1.5,h=7.0,n=30,start_thres=1.25,min_cluster_size=3",hub,0.25,10,26,40,1730,0,0,40,1730,0.0,0.0,0.0,0.0,0.1661394807425412
fbc_tfnbs,"e=1.5,h=8.0,n=30,start_thres=1.25,min_cluster_size=3",hub,0.25,10,26,40,1730,0,0,40,1730,0.0,0.0,0.0,0.0,0.1661394807425412
fbc_tfnbs,"e=1.5,h=9.0,n=30,start_thres=1.25,min_cluster_size=3",hub,0.25,10,26,40,1730,0,0,40,1730,0.0,0.0,0.0,0.0,0.1661394807425412
fbc_tfnbs,"e=1.5,h=10.0,n=30,start_thres=1.25,min_cluster_size=3",hub,0.25,10,26,40,1730,0,0,40,1730,0.0,0.0,0.0,0.0,0.1661394807425412
fbc_tfnbs,"e=0.05,h=0.5,n=30,start_thres=1.25,min_cluster_size=3",hub,0.25,10,27,40,1730,0,0,40,1730,0.0,0.0,0.0,0.0,0.1630955419757149
fbc_tfnbs,"e=0.05,h=1.0,n=30,start_thres=1.25,min_cluster_size=3",hub,0.25,10,27,40,1730,0,0,40,1730,0.0,0.0,0.0,0.0,0.1630955419757149
fbc_tfnbs,"e=0.05,h=2.0,n=30,start_thres=1.25,min_cluster_size=3",hub,0.25,10,27,40,1730,0,0,40,1730,0.0,0.0,0.0,0.0,0.1630955419757149
fbc_tfnbs,"e=0.05,h=3.0,n=30,start_thres=1.25,min_cluster_size=3",hub,0.25,10,27,40,1730,0,0,40,1730,0.0,0.0,0.0,0.0,0.1630955419757149
fbc_tfnbs,"e=0.05,h=4.0,n=30,start_thres=1.25,min_cluster_size=3",hub,0.25,10,27,40,1730,0,0,40,1730,0.0,0.0,0.0,0.0,0.1630955419757149
fbc_tfnbs,"e=0.05,h=5.0,n=30,start_thres=1.25,min_cluster_size=3",hub,0.25,10,27,40,1730,0,0,40,1730,0.0,0.0,0.0,0.0,0.1630955419757149
fbc_tfnbs,"e=0.05,h=6.0,n=30,start_thres=1.25,min_cluster_size=3",hub,0.25,10,27,40,1730,0,0,40,1730,0.0,0.0,0.0,0.0,0.1630955419757149
fbc_tfnbs,"e=0.05,h=7.0,n=30,start_thres=1.25,min_cluster_size=3",hub,0.25,10,27,40,1730,0,0,40,1730,0.0,0.0,0.0,0.0,0.1630955419757149
fbc_tfnbs,"e=0.05,h=8.0,n=30,start_thres=1.25,min_cluster_size=3",hub,0.25,10,27,40,1730,0,0,40,1730,0.0,0.0,0.0,0.0,0.1630955419757149
fbc_tfnbs,"e=0.05,h=9.0,n=30,start_thres=1.25,min_cluster_size=3",hub,0.25,10,27,40,1730,0,0,40,1730,0.0,0.0,0.0,0.0,0.1630955419757149
fbc_tfnbs,"e=0.05,h=10.0,n=30,start_thres=1.25,min_cluster_size=3",hub,0.25,10,27,40,1730,0,0,40,1730,0.0,0.0,0.0,0.0,0.1630955419757149
fbc_tfnbs,"e=0.1,h=0.5,n=30,start_thres=1.25,min_cluster_size=3",hub,0.25,10,27,40,1730,0,0,40,1730,0.0,0.0,0.0,0.0,0.1630955419757149
fbc_tfnbs,"e=0.1,h=1.0,n=30,start_thres=1.25,min_cluster_size=3",hub,0.25,10,27,40,1730,0,0,40,1730,0.0,0.0,0.0,0.0,0.1630955419757149
fbc_tfnbs,"e=0.1,h=2.0,n=30,start_thres=1.25,min_cluster_size=3",hub,0.25,10,27,40,1730,0,0,40,1730,0.0,0.0,0.0,0.0,0.1630955419757149
fbc_tfnbs,"e=0.1,h=3.0,n=30,start_thres=1.25,min_cluster_size=3",hub,0.25,10,27,40,1730,0,0,40,1730,0.0,0.0,0.0,0.0,0.1630955419757149
fbc_tfnbs,"e=0.1,h=4.0,n=30,start_thres=1.25,min_cluster_size=3",hub,0.25,10,27,40,1730,0,0,40,1730,0.0,0.0,0.0,0.0,0.1630955419757149
fbc_tfnbs,"e=0.1,h=5.0,n=30,start_thres=1.25,min_cluster_size=3",hub,0.25,10,27,40,1730,0,0,40,1730,0.0,0.0,0.0,0.0,0.1630955419757149
fbc_tfnbs,"e=0.1,h=6.0,n=30,start_thres=1.25,min_cluster_size=3",hub,0.25,10,27,40,1730,0,0,40,1730,0.0,0.0,0.0,0.0,0.1630955419757149
fbc_tfnbs,"e=0.1,h=7.0,n=30,start_thres=1.25,min_cluster_size=3",hub,0.25,10,27,40,1730,0,0,40,1730,0.0,0.0,0.0,0.0,0.1630955419757149
fbc_tfnbs,"e=0.1,h=8.0,n=30,start_thres=1.25,min_cluster_size=3",hub,0.25,10,27,40,1730,0,0,40,1730,0.0,0.0,0.0,0.0,0.1630955419757149
fbc_tfnbs,"e=0.1,h=9.0,n=30,start_thres=1.25,min_cluster_size=3",hub,0.25,10,27,40,1730,0,0,40,1730,0.0,0.0,0.0,0.0,0.1630955419757149
fbc_tfnbs,"e=0.1,h=10.0,n=30,start_thres=1.25,min_cluster_size=3",hub,0.25,10,27,40,1730,0,0,40,1730,0.0,0.0,0.0,0.0,0.1630955419757149
fbc_tfnbs,"e=0.2,h=0.5,n=30,start_thres=1.25,min_cluster_size=3",hub,0.25,10,27,40,1730,0,0,40,1730,0.0,0.0,0.0,0.0,0.1630955419757149
fbc_tfnbs,"e=0.2,h=1.0,n=30,start_thres=1.25,min_cluster_size=3",hub,0.25,10,27,40,1730,0,0,40,1730,0.0,0.0,0.0,0.0,0.1630955419757149
fbc_tfnbs,"e=0.2,h=2.0,n=30,start_thres=1.25,min_cluster_size=3",hub,0.25,10,27,40,1730,0,0,40,1730,0.0,0.0,0.0,0.0,0.1630955419757149
fbc_tfnbs,"e=0.2,h=3.0,n=30,start_thres=1.25,min_cluster_size=3",hub,0.25,10,27,40,1730,0,0,40,1730,0.0,0.0,0.0,0.0,0.1630955419757149
fbc_tfnbs,"e=0.2,h=4.0,n=30,start_thres=1.25,min_cluster_size=3",hub,0.25,10,27,40,1730,0,0,40,1730,0.0,0.0,0.0,0.0,0.1630955419757149
fbc_tfnbs,"e=0.2,h=5.0,n=30,start_thres=1.25,min_cluster_size=3",hub,0.25,10,27,40,1730,0,0,40,1730,0.0,0.0,0.0,0.0,0.1630955419757149
fbc_tfnbs,"e=0.2,h=6.0,n=30,start_thres=1.25,min_cluster_size=3",hub,0.25,10,27,40,1730,0,0,40,1730,0.0,0.0,0.0,0.0,0.1630955419757149
fbc_tfnbs,"e=0.2,h=7.0,n=30,start_thres=1.25,min_cluster_size=3",hub,0.25,10,27,40,1730,0,0,40,1730,0.0,0.0,0.0,0.0,0.1630955419757149
fbc_tfnbs,"e=0.2,h=8.0,n=30,start_thres=1.25,min_cluster_size=3",hub,0.25,10,27,40,1730,0,0,40,1730,0.0,0.0,0.0,0.0,0.1630955419757149
fbc_tfnbs,"e=0.2,h=9.0,n=30,start_thres=1.25,min_cluster_size=3",hub,0.25,10,27,40,1730,0,0,40,1730,0.0,0.0,0.0,0.0,0.1630955419757149
fbc_tfnbs,"e=0.2,h=10.0,n=30,start_thres=1.25,min_cluster_size=3",hub,0.25,10,27,40,1730,0,0,40,1730,0.0,0.0,0.0,0.0,0.1630955419757149
fbc_tfnbs,"e=0.3,h=0.5,n=30,start_thres=1.25,min_cluster_size=3",hub,0.25,10,27,40,1730,0,0,40,1730,0.0,0.0,0.0,0.0,0.1630955419757149
fbc_tfnbs,"e=0.3,h=1.0,n=30,start_thres=1.25,min_cluster_size=3",hub,0.25,10,27,40,1730,0,0,40,1730,0.0,0.0,0.0,0.0,0.1630955419757149
fbc_tfnbs,"e=0.3,h=2.0,n=30,start_thres=1.25,min_cluster_size=3",hub,0.25,10,27,40,1730,0,0,40,1730,0.0,0.0,0.0,0.0,0.1630955419757149
fbc_tfnbs,"e=0.3,h=3.0,n=30,start_thres=1.25,min_cluster_size=3",hub,0.25,10,27,40,1730,0,0,40,1730,0.0,0.0,0.0,0.0,0.1630955419757149
fbc_tfnbs,"e=0.3,h=4.0,n=30,start_thres=1.25,min_cluster_size=3",hub,0.25,10,27,40,1730,0,0,40,1730,0.0,0.0,0.0,0.0,0.1630955419757149
fbc_tfnbs,"e=0.3,h=5.0,n=30,start_thres=1.25,min_cluster_size=3",hub,0.25,10,27,40,1730,0,0,40,1730,0.0,0.0,0.0,0.0,0.1630955419757149
fbc_tfnbs,"e=0.3,h=6.0,n=30,start_thres=1.25,min_cluster_size=3",hub,0.25,10,27,40,1730,0,0,40,1730,0.0,0.0,0.0,0.0,0.1630955419757149
fbc_tfnbs,"e=0.3,h=7.0,n=30,start_thres=1.25,min_cluster_size=3",hub,0.25,10,27,40,1730,0,0,40,1730,0.0,0.0,0.0,0.0,0.1630955419757149
fbc_tfnbs,"e=0.3,h=8.0,n=30,start_thres=1.25,min_cluster_size=3",hub,0.25,10,27,40,1730,0,0,40,1730,0.0,0.0,0.0,0.0,0.1630955419757149
fbc_tfnbs,"e=0.3,h=9.0,n=30,start_thres=1.25,min_cluster_size=3",hub,0.25,10,27,40,1730,0,0,40,1730,0.0,0.0,0.0,0.0,0.1630955419757149
fbc_tfnbs,"e=0.3,h=10.0,n=30,start_thres=1.25,min_cluster_size=3",hub,0.25,10,27,40,1730,0,0,40,1730,0.0,0.0,0.0,0.0,0.1630955419757149
fbc_tfnbs,"e=0.4,h=0.5,n=30,start_thres=1.25,min_cluster_size=3",hub,0.25,10,27,40,1730,0,0,40,1730,0.0,0.0,0.0,0.0,0.1630955419757149
fbc_tfnbs,"e=0.4,h=1.0,n=30,start_thres=1.25,min_cluster_size=3",hub,0.25,10,27,40,1730,0,0,40,1730,0.0,0.0,0.0,0.0,0.1630955419757149
fbc_tfnbs,"e=0.4,h=2.0,n=30,start_thres=1.25,min_cluster_size=3",hub,0.25,10,27,40,1730,0,0,40,1730,0.0,0.0,0.0,0.0,0.1630955419757149
fbc_tfnbs,"e=0.4,h=3.0,n=30,start_thres=1.25,min_cluster_size=3",hub,0.25,10,27,40,1730,0,0,40,1730,0.0,0.0,0.0,0.0,0.1630955419757149
fbc_tfnbs,"e=0.4,h=4.0,n=30,start_thres=1.25,min_cluster_size=3",hub,0.25,10,27,40,1730,0,0,40,1730,0.0,0.0,0.0,0.0,0.1630955419757149
fbc_tfnbs,"e=0.4,h=5.0,n=30,start_thres=1.25,min_cluster_size=3",hub,0.25,10,27,40,1730,0,0,40,1730,0.0,0.0,0.0,0.0,0.1630955419757149
fbc_tfnbs,"e=0.4,h=6.0,n=30,start_thres=1.25,min_cluster_size=3",hub,0.25,10,27,40,1730,0,0,40,1730,0.0,0.0,0.0,0.0,0.1630955419757149
fbc_tfnbs,"e=0.4,h=7.0,n=30,start_thres=1.25,min_cluster_size=3",hub,0.25,10,27,40,1730,0,0,40,1730,0.0,0.0,0.0,0.0,0.1630955419757149
fbc_tfnbs,"e=0.4,h=8.0,n=30,start_thres=1.25,min_cluster_size=3",hub,0.25,10,27,40,1730,0,0,40,1730,0.0,0.0,0.0,0.0,0.1630955419757149
fbc_tfnbs,"e=0.4,h=9.0,n=30,start_thres=1.25,min_cluster_size=3",hub,0.25,10,27,40,1730,0,0,40,1730,0.0,0.0,0.0,0.0,0.1630955419757149
fbc_tfnbs,"e=0.4,h=10.0,n=30,start_thres=1.25,min_cluster_size=3",hub,0.25,10,27,40,1730,0,0,40,1730,0.0,0.0,0.0,0.0,0.1630955419757149
fbc_tfnbs,"e=0.5,h=0.5,n=30,start_thres=1.25,min_cluster_size=3",hub,0.25,10,27,40,1730,0,0,40,1730,0.0,0.0,0.0,0.0,0.1630955419757149
fbc_tfnbs,"e=0.5,h=1.0,n=30,start_thres=1.25,min_cluster_size=3",hub,0.25,10,27,40,1730,0,0,40,1730,0.0,0.0,0.0,0.0,0.1630955419757149
fbc_tfnbs,"e=0.5,h=2.0,n=30,start_thres=1.25,min_cluster_size=3",hub,0.25,10,27,40,1730,0,0,40,1730,0.0,0.0,0.0,0.0,0.1630955419757149
fbc_tfnbs,"e=0.5,h=3.0,n=30,start_thres=1.25,min_cluster_size=3",hub,0.25,10,27,40,1730,0,0,40,1730,0.0,0.0,0.0,0.0,0.1630955419757149
fbc_tfnbs,"e=0.5,h=4.0,n=30,start_thres=1.25,min_cluster_size=3",hub,0.25,10,27,40,1730,0,0,40,1730,0.0,0.0,0.0,0.0,0.1630955419757149
fbc_tfnbs,"e=0.5,h=5.0,n=30,start_thres=1.25,min_cluster_size=3",hub,0.25,10,27,40,1730,0,0,40,1730,0.0,0.0,0.0,0.0,0.1630955419757149
fbc_tfnbs,"e=0.5,h=6.0,n=30,start_thres=1.25,min_cluster_size=3",hub,0.25,10,27,40,1730,0,0,40,1730,0.0,0.0,0.0,0.0,0.1630955419757149
fbc_tfnbs,"e=0.5,h=7.0,n=30,start_thres=1.25,min_cluster_size=3",hub,0.25,10,27,40,1730,0,0,40,1730,0.0,0.0,0.0,0.0,0.1630955419757149
fbc_tfnbs,"e=0.5,h=8.0,n=30,start_thres=1.25,min_cluster_size=3",hub,0.25,10,27,40,1730,0,0,40,1730,0.0,0.0,0.0,0.0,0.1630955419757149
fbc_tfnbs,"e=0.5,h=9.0,n=30,start_thres=1.25,min_cluster_size=3",hub,0.25,10,27,40,1730,0,0,40,1730,0.0,0.0,0.0,0.0,0.1630955419757149
fbc_tfnbs,"e=0.5,h=10.0,n=30,start_thres=1.25,min_cluster_size=3",hub,0.25,10,27,40,1730,0,0,40,1730,0.0,0.0,0.0,0.0,0.1630955419757149
fbc_tfnbs,"e=0.6,h=0.5,n=30,start_thres=1.25,min_cluster_size=3",hub,0.25,10,27,40,1730,0,0,40,1730,0.0,0.0,0.0,0.0,0.1630955419757149
fbc_tfnbs,"e=0.6,h=1.0,n=30,start_thres=1.25,min_cluster_size=3",hub,0.25,10,27,40,1730,0,0,40,1730,0.0,0.0,0.0,0.0,0.1630955419757149
fbc_tfnbs,"e=0.6,h=2.0,n=30,start_thres=1.25,min_cluster_size=3",hub,0.25,10,27,40,1730,0,0,40,1730,0.0,0.0,0.0,0.0,0.1630955419757149
fbc_tfnbs,"e=0.6,h=3.0,n=30,start_thres=1.25,min_cluster_size=3",hub,0.25,10,27,40,1730,0,0,40,1730,0.0,0.0,0.0,0.0,0.1630955419757149
fbc_tfnbs,"e=0.6,h=4.0,n=30,start_thres=1.25,min_cluster_size=3",hub,0.25,10,27,40,1730,0,0,40,1730,0.0,0.0,0.0,0.0,0.1630955419757149
fbc_tfnbs,"e=0.6,h=5.0,n=30,start_thres=1.25,min_cluster_size=3",hub,0.25,10,27,40,1730,0,0,40,1730,0.0,0.0,0.0,0.0,0.1630955419757149
fbc_tfnbs,"e=0.6,h=6.0,n=30,start_thres=1.25,min_cluster_size=3",hub,0.25,10,27,40,1730,0,0,40,1730,0.0,0.0,0.0,0.0,0.1630955419757149
fbc_tfnbs,"e=0.6,h=7.0,n=30,start_thres=1.25,min_cluster_size=3",hub,0.25,10,27,40,1730,0,0,40,1730,0.0,0.0,0.0,0.0,0.1630955419757149
fbc_tfnbs,"e=0.6,h=8.0,n=30,start_thres=1.25,min_cluster_size=3",hub,0.25,10,27,40,1730,0,0,40,1730,0.0,0.0,0.0,0.0,0.1630955419757149
fbc_tfnbs,"e=0.6,h=9.0,n=30,start_thres=1.25,min_cluster_size=3",hub,0.25,10,27,40,1730,0,0,40,1730,0.0,0.0,0.0,0.0,0.1630955419757149
fbc_tfnbs,"e=0.6,h=10.0,n=30,start_thres=1.25,min_cluster_size=3",hub,0.25,10,27,40,1730,0,0,40,1730,0.0,0.0,0.0,0.0,0.1630955419757149
fbc_tfnbs,"e=0.7,h=0.5,n=30,start_thres=1.25,min_cluster_size=3",hub,0.25,10,27,40,1730,0,0,40,1730,0.0,0.0,0.0,0.0,0.1630955419757149
fbc_tfnbs,"e=0.7,h=1.0,n=30,start_thres=1.25,min_cluster_size=3",hub,0.25,10,27,40,1730,0,0,40,1730,0.0,0.0,0.0,0.0,0.1630955419757149
fbc_tfnbs,"e=0.7,h=2.0,n=30,start_thres=1.25,min_cluster_size=3",hub,0.25,10,27,40,1730,0,0,40,1730,0.0,0.0,0.0,0.0,0.1630955419757149
fbc_tfnbs,"e=0.7,h=3.0,n=30,start_thres=1.25,min_cluster_size=3",hub,0.25,10,27,40,1730,0,0,40,1730,0.0,0.0,0.0,0.0,0.1630955419757149
fbc_tfnbs,"e=0.7,h=4.0,n=30,start_thres=1.25,min_cluster_size=3",hub,0.25,10,27,40,1730,0,0,40,1730,0.0,0.0,0.0,0.0,0.1630955419757149
fbc_tfnbs,"e=0.7,h=5.0,n=30,start_thres=1.25,min_cluster_size=3",hub,0.25,10,27,40,1730,0,0,40,1730,0.0,0.0,0.0,0.0,0.1630955419757149
fbc_tfnbs,"e=0.7,h=6.0,n=30,start_thres=1.25,min_cluster_size=3",hub,0.25,10,27,40,1730,0,0,40,1730,0.0,0.0,0.0,0.0,0.1630955419757149
fbc_tfnbs,"e=0.7,h=7.0,n=30,start_thres=1.25,min_cluster_size=3",hub,0.25,10,27,40,1730,0,0,40,1730,0.0,0.0,0.0,0.0,0.1630955419757149
fbc_tfnbs,"e=0.7,h=8.0,n=30,start_thres=1.25,min_cluster_size=3",hub,0.25,10,27,40,1730,0,0,40,1730,0.0,0.0,0.0,0.0,0.1630955419757149
fbc_tfnbs,"e=0.7,h=9.0,n=30,start_thres=1.25,min_cluster_size=3",hub,0.25,10,27,40,1730,0,0,40,1730,0.0,0.0,0.0,0.0,0.1630955419757149
fbc_tfnbs,"e=0.7,h=10.0,n=30,start_thres=1.25,min_cluster_size=3",hub,0.25,10,27,40,1730,0,0,40,1730,0.0,0.0,0.0,0.0,0.1630955419757149
fbc_tfnbs,"e=0.8,h=0.5,n=30,start_thres=1.25,min_cluster_size=3",hub,0.25,10,27,40,1730,0,0,40,1730,0.0,0.0,0.0,0.0,0.1630955419757149
fbc_tfnbs,"e=0.8,h=1.0,n=30,start_thres=1.25,min_cluster_size=3",hub,0.25,10,27,40,1730,0,0,40,1730,0.0,0.0,0.0,0.0,0.1630955419757149
fbc_tfnbs,"e=0.8,h=2.0,n=30,start_thres=1.25,min_cluster_size=3",hub,0.25,10,27,40,1730,0,0,40,1730,0.0,0.0,0.0,0.0,0.1630955419757149
fbc_tfnbs,"e=0.8,h=3.0,n=30,start_thres=1.25,min_cluster_size=3",hub,0.25,10,27,40,1730,0,0,40,1730,0.0,0.0,0.0,0.0,0.1630955419757149
fbc_tfnbs,"e=0.8,h=4.0,n=30,start_thres=1.25,min_cluster_size=3",hub,0.25,10,27,40,1730,0,0,40,1730,0.0,0.0,0.0,0.0,0.1630955419757149
fbc_tfnbs,"e=0.8,h=5.0,n=30,start_thres=1.25,min_cluster_size=3",hub,0.25,10,27,40,1730,0,0,40,1730,0.0,0.0,0.0,0.0,0.1630955419757149
fbc_tfnbs,"e=0.8,h=6.0,n=30,start_thres=1.25,min_cluster_size=3",hub,0.25,10,27,40,1730,0,0,40,1730,0.0,0.0,0.0,0.0,0.1630955419757149
fbc_tfnbs,"e=0.8,h=7.0,n=30,start_thres=1.25,min_cluster_size=3",hub,0.25,10,27,40,1730,0,0,40,1730,0.0,0.0,0.0,0.0,0.1630955419757149
fbc_tfnbs,"e=0.8,h=8.0,n=30,start_thres=1.25,min_cluster_size=3",hub,0.25,10,27,40,1730,0,0,40,1730,0.0,0.0,0.0,0.0,0.1630955419757149
fbc_tfnbs,"e=0.8,h=9.0,n=30,start_thres=1.25,min_cluster_size=3",hub,0.25,10,27,40,1730,0,0,40,1730,0.0,0.0,0.0,0.0,0.1630955419757149
fbc_tfnbs,"e=0.8,h=10.0,n=30,start_thres=1.25,min_cluster_size=3",hub,0.25,10,27,40,1730,0,0,40,1730,0.0,0.0,0.0,0.0,0.1630955419757149
fbc_tfnbs,"e=0.9,h=0.5,n=30,start_thres=1.25,min_cluster_size=3",hub,0.25,10,27,40,1730,0,0,40,1730,0.0,0.0,0.0,0.0,0.1630955419757149
fbc_tfnbs,"e=0.9,h=1.0,n=30,start_thres=1.25,min_cluster_size=3",hub,0.25,10,27,40,1730,0,0,40,1730,0.0,0.0,0.0,0.0,0.1630955419757149
fbc_tfnbs,"e=0.9,h=2.0,n=30,start_thres=1.25,min_cluster_size=3",hub,0.25,10,27,40,1730,0,0,40,1730,0.0,0.0,0.0,0.0,0.1630955419757149
fbc_tfnbs,"e=0.9,h=3.0,n=30,start_thres=1.25,min_cluster_size=3",hub,0.25,10,27,40,1730,0,0,40,1730,0.0,0.0,0.0,0.0,0.1630955419757149
fbc_tfnbs,"e=0.9,h=4.0,n=30,start_thres=1.25,min_cluster_size=3",hub,0.25,10,27,40,1730,0,0,40,1730,0.0,0.0,0.0,0.0,0.1630955419757149
fbc_tfnbs,"e=0.9,h=5.0,n=30,start_thres=1.25,min_cluster_size=3",hub,0.25,10,27,40,1730,0,0,40,1730,0.0,0.0,0.0,0.0,0.1630955419757149
fbc_tfnbs,"e=0.9,h=6.0,n=30,start_thres=1.25,min_cluster_size=3",hub,0.25,10,27,40,1730,0,0,40,1730,0.0,0.0,0.0,0.0,0.1630955419757149
fbc_tfnbs,"e=0.9,h=7.0,n=30,start_thres=1.25,min_cluster_size=3",hub,0.25,10,27,40,1730,0,0,40,1730,0.0,0.0,0.0,0.0,0.1630955419757149
fbc_tfnbs,"e=0.9,h=8.0,n=30,start_thres=1.25,min_cluster_size=3",hub,0.25,10,27,40,1730,0,0,40,1730,0.0,0.0,0.0,0.0,0.1630955419757149
fbc_tfnbs,"e=0.9,h=9.0,n=30,start_thres=1.25,min_cluster_size=3",hub,0.25,10,27,40,1730,0,0,40,1730,0.0,0.0,0.0,0.0,0.1630955419757149
fbc_tfnbs,"e=0.9,h=10.0,n=30,start_thres=1.25,min_cluster_size=3",hub,0.25,10,27,40,1730,0,0,40,1730,0.0,0.0,0.0,0.0,0.1630955419757149
fbc_tfnbs,"e=1.0,h=0.5,n=30,start_thres=1.25,min_cluster_size=3",hub,0.25,10,27,40,1730,0,0,40,1730,0.0,0.0,0.0,0.0,0.1630955419757149
fbc_tfnbs,"e=1.0,h=1.0,n=30,start_thres=1.25,min_cluster_size=3",hub,0.25,10,27,40,1730,0,0,40,1730,0.0,0.0,0.0,0.0,0.1630955419757149
fbc_tfnbs,"e=1.0,h=2.0,n=30,start_thres=1.25,min_cluster_size=3",hub,0.25,10,27,40,1730,0,0,40,1730,0.0,0.0,0.0,0.0,0.1630955419757149
fbc_tfnbs,"e=1.0,h=3.0,n=30,start_thres=1.25,min_cluster_size=3",hub,0.25,10,27,40,1730,0,0,40,1730,0.0,0.0,0.0,0.0,0.1630955419757149
fbc_tfnbs,"e=1.0,h=4.0,n=30,start_thres=1.25,min_cluster_size=3",hub,0.25,10,27,40,1730,0,0,40,1730,0.0,0.0,0.0,0.0,0.1630955419757149
fbc_tfnbs,"e=1.0,h=5.0,n=30,start_thres=1.25,min_cluster_size=3",hub,0.25,10,27,40,1730,0,0,40,1730,0.0,0.0,0.0,0.0,0.1630955419757149
fbc_tfnbs,"e=1.0,h=6.0,n=30,start_thres=1.25,min_cluster_size=3",hub,0.25,10,27,40,1730,0,0,40,1730,0.0,0.0,0.0,0.0,0.1630955419757149
fbc_tfnbs,"e=1.0,h=7.0,n=30,start_thres=1.25,min_cluster_size=3",hub,0.25,10,27,40,1730,0,0,40,1730,0.0,0.0,0.0,0.0,0.1630955419757149
fbc_tfnbs,"e=1.0,h=8.0,n=30,start_thres=1.25,min_cluster_size=3",hub,0.25,10,27,40,1730,0,0,40,1730,0.0,0.0,0.0,0.0,0.1630955419757149
fbc_tfnbs,"e=1.0,h=9.0,n=30,start_thres=1.25,min_cluster_size=3",hub,0.25,10,27,40,1730,0,0,40,1730,0.0,0.0,0.0,0.0,0.1630955419757149
fbc_tfnbs,"e=1.0,h=10.0,n=30,start_thres=1.25,min_cluster_size=3",hub,0.25,10,27,40,1730,0,0,40,1730,0.0,0.0,0.0,0.0,0.1630955419757149
fbc_tfnbs,"e=1.1,h=0.5,n=30,start_thres=1.25,min_cluster_size=3",hub,0.25,10,27,40,1730,0,0,40,1730,0.0,0.0,0.0,0.0,0.1630955419757149
fbc_tfnbs,"e=1.1,h=1.0,n=30,start_thres=1.25,min_cluster_size=3",hub,0.25,10,27,40,1730,0,0,40,1730,0.0,0.0,0.0,0.0,0.1630955419757149
fbc_tfnbs,"e=1.1,h=2.0,n=30,start_thres=1.25,min_cluster_size=3",hub,0.25,10,27,40,1730,0,0,40,1730,0.0,0.0,0.0,0.0,0.1630955419757149
fbc_tfnbs,"e=1.1,h=3.0,n=30,start_thres=1.25,min_cluster_size=3",hub,0.25,10,27,40,1730,0,0,40,1730,0.0,0.0,0.0,0.0,0.1630955419757149
fbc_tfnbs,"e=1.1,h=4.0,n=30,start_thres=1.25,min_cluster_size=3",hub,0.25,10,27,40,1730,0,0,40,1730,0.0,0.0,0.0,0.0,0.1630955419757149
fbc_tfnbs,"e=1.1,h=5.0,n=30,start_thres=1.25,min_cluster_size=3",hub,0.25,10,27,40,1730,0,0,40,1730,0.0,0.0,0.0,0.0,0.1630955419757149
fbc_tfnbs,"e=1.1,h=6.0,n=30,start_thres=1.25,min_cluster_size=3",hub,0.25,10,27,40,1730,0,0,40,1730,0.0,0.0,0.0,0.0,0.1630955419757149
fbc_tfnbs,"e=1.1,h=7.0,n=30,start_thres=1.25,min_cluster_size=3",hub,0.25,10,27,40,1730,0,0,40,1730,0.0,0.0,0.0,0.0,0.1630955419757149
fbc_tfnbs,"e=1.1,h=8.0,n=30,start_thres=1.25,min_cluster_size=3",hub,0.25,10,27,40,1730,0,0,40,1730,0.0,0.0,0.0,0.0,0.1630955419757149
fbc_tfnbs,"e=1.1,h=9.0,n=30,start_thres=1.25,min_cluster_size=3",hub,0.25,10,27,40,1730,0,0,40,1730,0.0,0.0,0.0,0.0,0.1630955419757149
fbc_tfnbs,"e=1.1,h=10.0,n=30,start_thres=1.25,min_cluster_size=3",hub,0.25,10,27,40,1730,0,0,40,1730,0.0,0.0,0.0,0.0,0.1630955419757149
fbc_tfnbs,"e=1.2,h=0.5,n=30,start_thres=1.25,min_cluster_size=3",hub,0.25,10,27,40,1730,0,0,40,1730,0.0,0.0,0.0,0.0,0.1630955419757149
fbc_tfnbs,"e=1.2,h=1.0,n=30,start_thres=1.25,min_cluster_size=3",hub,0.25,10,27,40,1730,0,0,40,1730,0.0,0.0,0.0,0.0,0.1630955419757149
fbc_tfnbs,"e=1.2,h=2.0,n=30,start_thres=1.25,min_cluster_size=3",hub,0.25,10,27,40,1730,0,0,40,1730,0.0,0.0,0.0,0.0,0.1630955419757149
fbc_tfnbs,"e=1.2,h=3.0,n=30,start_thres=1.25,min_cluster_size=3",hub,0.25,10,27,40,1730,0,0,40,1730,0.0,0.0,0.0,0.0,0.1630955419757149
fbc_tfnbs,"e=1.2,h=4.0,n=30,start_thres=1.25,min_cluster_size=3",hub,0.25,10,27,40,1730,0,0,40,1730,0.0,0.0,0.0,0.0,0.1630955419757149
fbc_tfnbs,"e=1.2,h=5.0,n=30,start_thres=1.25,min_cluster_size=3",hub,0.25,10,27,40,1730,0,0,40,1730,0.0,0.0,0.0,0.0,0.1630955419757149
fbc_tfnbs,"e=1.2,h=6.0,n=30,start_thres=1.25,min_cluster_size=3",hub,0.25,10,27,40,1730,0,0,40,1730,0.0,0.0,0.0,0.0,0.1630955419757149
fbc_tfnbs,"e=1.2,h=7.0,n=30,start_thres=1.25,min_cluster_size=3",hub,0.25,10,27,40,1730,0,0,40,1730,0.0,0.0,0.0,0.0,0.1630955419757149
fbc_tfnbs,"e=1.2,h=8.0,n=30,start_thres=1.25,min_cluster_size=3",hub,0.25,10,27,40,1730,0,0,40,1730,0.0,0.0,0.0,0.0,0.1630955419757149
fbc_tfnbs,"e=1.2,h=9.0,n=30,start_thres=1.25,min_cluster_size=3",hub,0.25,10,27,40,1730,0,0,40,1730,0.0,0.0,0.0,0.0,0.1630955419757149
fbc_tfnbs,"e=1.2,h=10.0,n=30,start_thres=1.25,min_cluster_size=3",hub,0.25,10,27,40,1730,0,0,40,1730,0.0,0.0,0.0,0.0,0.1630955419757149
fbc_tfnbs,"e=1.3,h=0.5,n=30,start_thres=1.25,min_cluster_size=3",hub,0.25,10,27,40,1730,0,0,40,1730,0.0,0.0,0.0,0.0,0.1630955419757149
fbc_tfnbs,"e=1.3,h=1.0,n=30,start_thres=1.25,min_cluster_size=3",hub,0.25,10,27,40,1730,0,0,40,1730,0.0,0.0,0.0,0.0,0.1630955419757149
fbc_tfnbs,"e=1.3,h=2.0,n=30,start_thres=1.25,min_cluster_size=3",hub,0.25,10,27,40,1730,0,0,40,1730,0.0,0.0,0.0,0.0,0.1630955419757149
fbc_tfnbs,"e=1.3,h=3.0,n=30,start_thres=1.25,min_cluster_size=3",hub,0.25,10,27,40,1730,0,0,40,1730,0.0,0.0,0.0,0.0,0.1630955419757149
fbc_tfnbs,"e=1.3,h=4.0,n=30,start_thres=1.25,min_cluster_size=3",hub,0.25,10,27,40,1730,0,0,40,1730,0.0,0.0,0.0,0.0,0.1630955419757149
fbc_tfnbs,"e=1.3,h=5.0,n=30,start_thres=1.25,min_cluster_size=3",hub,0.25,10,27,40,1730,0,0,40,1730,0.0,0.0,0.0,0.0,0.1630955419757149
fbc_tfnbs,"e=1.3,h=6.0,n=30,start_thres=1.25,min_cluster_size=3",hub,0.25,10,27,40,1730,0,0,40,1730,0.0,0.0,0.0,0.0,0.1630955419757149
fbc_tfnbs,"e=1.3,h=7.0,n=30,start_thres=1.25,min_cluster_size=3",hub,0.25,10,27,40,1730,0,0,40,1730,0.0,0.0,0.0,0.0,0.1630955419757149
fbc_tfnbs,"e=1.3,h=8.0,n=30,start_thres=1.25,min_cluster_size=3",hub,0.25,10,27,40,1730,0,0,40,1730,0.0,0.0,0.0,0.0,0.1630955419757149
fbc_tfnbs,"e=1.3,h=9.0,n=30,start_thres=1.25,min_cluster_size=3",hub,0.25,10,27,40,1730,0,0,40,1730,0.0,0.0,0.0,0.0,0.1630955419757149
fbc_tfnbs,"e=1.3,h=10.0,n=30,start_thres=1.25,min_cluster_size=3",hub,0.25,10,27,40,1730,0,0,40,1730,0.0,0.0,0.0,0.0,0.1630955419757149
fbc_tfnbs,"e=1.4,h=0.5,n=30,start_thres=1.25,min_cluster_size=3",hub,0.25,10,27,40,1730,0,0,40,1730,0.0,0.0,0.0,0.0,0.1630955419757149
fbc_tfnbs,"e=1.4,h=1.0,n=30,start_thres=1.25,min_cluster_size=3",hub,0.25,10,27,40,1730,0,0,40,1730,0.0,0.0,0.0,0.0,0.1630955419757149
fbc_tfnbs,"e=1.4,h=2.0,n=30,start_thres=1.25,min_cluster_size=3",hub,0.25,10,27,40,1730,0,0,40,1730,0.0,0.0,0.0,0.0,0.1630955419757149
fbc_tfnbs,"e=1.4,h=3.0,n=30,start_thres=1.25,min_cluster_size=3",hub,0.25,10,27,40,1730,0,0,40,1730,0.0,0.0,0.0,0.0,0.1630955419757149
fbc_tfnbs,"e=1.4,h=4.0,n=30,start_thres=1.25,min_cluster_size=3",hub,0.25,10,27,40,1730,0,0,40,1730,0.0,0.0,0.0,0.0,0.1630955419757149
fbc_tfnbs,"e=1.4,h=5.0,n=30,start_thres=1.25,min_cluster_size=3",hub,0.25,10,27,40,1730,0,0,40,1730,0.0,0.0,0.0,0.0,0.1630955419757149
fbc_tfnbs,"e=1.4,h=6.0,n=30,start_thres=1.25,min_cluster_size=3",hub,0.25,10,27,40,1730,0,0,40,1730,0.0,0.0,0.0,0.0,0.1630955419757149
fbc_tfnbs,"e=1.4,h=7.0,n=30,start_thres=1.25,min_cluster_size=3",hub,0.25,10,27,40,1730,0,0,40,1730,0.0,0.0,0.0,0.0,0.1630955419757149
fbc_tfnbs,"e=1.4,h=8.0,n=30,start_thres=1.25,min_cluster_size=3",hub,0.25,10,27,40,1730,0,0,40,1730,0.0,0.0,0.0,0.0,0.1630955419757149
fbc_tfnbs,"e=1.4,h=9.0,n=30,start_thres=1.25,min_cluster_size=3",hub,0.25,10,27,40,1730,0,0,40,1730,0.0,0.0,0.0,0.0,0.1630955419757149
fbc_tfnbs,"e=1.4,h=10.0,n=30,start_thres=1.25,min_cluster_size=3",hub,0.25,10,27,40,1730,0,0,40,1730,0.0,0.0,0.0,0.0,0.1630955419757149
fbc_tfnbs,"e=1.5,h=0.5,n=30,start_thres=1.25,min_cluster_size=3",hub,0.25,10,27,40,1730,0,0,40,1730,0.0,0.0,0.0,0.0,0.1630955419757149
fbc_tfnbs,"e=1.5,h=1.0,n=30,start_thres=1.25,min_cluster_size=3",hub,0.25,10,27,40,1730,0,0,40,1730,0.0,0.0,0.0,0.0,0.1630955419757149
fbc_tfnbs,"e=1.5,h=2.0,n=30,start_thres=1.25,min_cluster_size=3",hub,0.25,10,27,40,1730,0,0,40,1730,0.0,0.0,0.0,0.0,0.1630955419757149
fbc_tfnbs,"e=1.5,h=3.0,n=30,start_thres=1.25,min_cluster_size=3",hub,0.25,10,27,40,1730,0,0,40,1730,0.0,0.0,0.0,0.0,0.1630955419757149
fbc_tfnbs,"e=1.5,h=4.0,n=30,start_thres=1.25,min_cluster_size=3",hub,0.25,10,27,40,1730,0,0,40,1730,0.0,0.0,0.0,0.0,0.1630955419757149
fbc_tfnbs,"e=1.5,h=5.0,n=30,start_thres=1.25,min_cluster_size=3",hub,0.25,10,27,40,1730,0,0,40,1730,0.0,0.0,0.0,0.0,0.1630955419757149
fbc_tfnbs,"e=1.5,h=6.0,n=30,start_thres=1.25,min_cluster_size=3",hub,0.25,10,27,40,1730,0,0,40,1730,0.0,0.0,0.0,0.0,0.1630955419757149
fbc_tfnbs,"e=1.5,h=7.0,n=30,start_thres=1.25,min_cluster_size=3",hub,0.25,10,27,40,1730,0,0,40,1730,0.0,0.0,0.0,0.0,0.1630955419757149
fbc_tfnbs,"e=1.5,h=8.0,n=30,start_thres=1.25,min_cluster_size=3",hub,0.25,10,27,40,1730,0,0,40,1730,0.0,0.0,0.0,0.0,0.1630955419757149
fbc_tfnbs,"e=1.5,h=9.0,n=30,start_thres=1.25,min_cluster_size=3",hub,0.25,10,27,40,1730,0,0,40,1730,0.0,0.0,0.0,0.0,0.1630955419757149
fbc_tfnbs,"e=1.5,h=10.0,n=30,start_thres=1.25,min_cluster_size=3",hub,0.25,10,27,40,1730,0,0,40,1730,0.0,0.0,0.0,0.0,0.1630955419757149
fbc_tfnbs,"e=0.05,h=0.5,n=30,start_thres=1.25,min_cluster_size=3",hub,0.25,10,28,40,1730,0,0,40,1730,0.0,0.0,0.0,0.0,0.1652431731874292
fbc_tfnbs,"e=0.05,h=1.0,n=30,start_thres=1.25,min_cluster_size=3",hub,0.25,10,28,40,1730,0,0,40,1730,0.0,0.0,0.0,0.0,0.1652431731874292
fbc_tfnbs,"e=0.05,h=2.0,n=30,start_thres=1.25,min_cluster_size=3",hub,0.25,10,28,40,1730,0,0,40,1730,0.0,0.0,0.0,0.0,0.1652431731874292
fbc_tfnbs,"e=0.05,h=3.0,n=30,start_thres=1.25,min_cluster_size=3",hub,0.25,10,28,40,1730,0,0,40,1730,0.0,0.0,0.0,0.0,0.1652431731874292
fbc_tfnbs,"e=0.05,h=4.0,n=30,start_thres=1.25,min_cluster_size=3",hub,0.25,10,28,40,1730,0,0,40,1730,0.0,0.0,0.0,0.0,0.1652431731874292
fbc_tfnbs,"e=0.05,h=5.0,n=30,start_thres=1.25,min_cluster_size=3",hub,0.25,10,28,40,1730,0,0,40,1730,0.0,0.0,0.0,0.0,0.1652431731874292
fbc_tfnbs,"e=0.05,h=6.0,n=30,start_thres=1.25,min_cluster_size=3",hub,0.25,10,28,40,1730,0,0,40,1730,0.0,0.0,0.0,0.0,0.1652431731874292
fbc_tfnbs,"e=0.05,h=7.0,n=30,start_thres=1.25,min_cluster_size=3",hub,0.25,10,28,40,1730,0,0,40,1730,0.0,0.0,0.0,0.0,0.1652431731874292
fbc_tfnbs,"e=0.05,h=8.0,n=30,start_thres=1.25,min_cluster_size=3",hub,0.25,10,28,40,1730,0,0,40,1730,0.0,0.0,0.0,0.0,0.1652431731874292
fbc_tfnbs,"e=0.05,h=9.0,n=30,start_thres=1.25,min_cluster_size=3",hub,0.25,10,28,40,1730,0,0,40,1730,0.0,0.0,0.0,0.0,0.1652431731874292
fbc_tfnbs,"e=0.05,h=10.0,n=30,start_thres=1.25,min_cluster_size=3",hub,0.25,10,28,40,1730,0,0,40,1730,0.0,0.0,0.0,0.0,0.1652431731874292
fbc_tfnbs,"e=0.1,h=0.5,n=30,start_thres=1.25,min_cluster_size=3",hub,0.25,10,28,40,1730,0,0,40,1730,0.0,0.0,0.0,0.0,0.1652431731874292
fbc_tfnbs,"e=0.1,h=1.0,n=30,start_thres=1.25,min_cluster_size=3",hub,0.25,10,28,40,1730,0,0,40,1730,0.0,0.0,0.0,0.0,0.1652431731874292
fbc_tfnbs,"e=0.1,h=2.0,n=30,start_thres=1.25,min_cluster_size=3",hub,0.25,10,28,40,1730,0,0,40,1730,0.0,0.0,0.0,0.0,0.1652431731874292
fbc_tfnbs,"e=0.1,h=3.0,n=30,start_thres=1.25,min_cluster_size=3",hub,0.25,10,28,40,1730,0,0,40,1730,0.0,0.0,0.0,0.0,0.1652431731874292
fbc_tfnbs,"e=0.1,h=4.0,n=30,start_thres=1.25,min_cluster_size=3",hub,0.25,10,28,40,1730,0,0,40,1730,0.0,0.0,0.0,0.0,0.1652431731874292
fbc_tfnbs,"e=0.1,h=5.0,n=30,start_thres=1.25,min_cluster_size=3",hub,0.25,10,28,40,1730,0,0,40,1730,0.0,0.0,0.0,0.0,0.1652431731874292
fbc_tfnbs,"e=0.1,h=6.0,n=30,start_thres=1.25,min_cluster_size=3",hub,0.25,10,28,40,1730,0,0,40,1730,0.0,0.0,0.0,0.0,0.1652431731874292
fbc_tfnbs,"e=0.1,h=7.0,n=30,start_thres=1.25,min_cluster_size=3",hub,0.25,10,28,40,1730,0,0,40,1730,0.0,0.0,0.0,0.0,0.1652431731874292
fbc_tfnbs,"e=0.1,h=8.0,n=30,start_thres=1.25,min_cluster_size=3",hub,0.25,10,28,40,1730,0,0,40,1730,0.0,0.0,0.0,0.0,0.1652431731874292
fbc_tfnbs,"e=0.1,h=9.0,n=30,start_thres=1.25,min_cluster_size=3",hub,0.25,10,28,40,1730,0,0,40,1730,0.0,0.0,0.0,0.0,0.1652431731874292
fbc_tfnbs,"e=0.1,h=10.0,n=30,start_thres=1.25,min_cluster_size=3",hub,0.25,10,28,40,1730,0,0,40,1730,0.0,0.0,0.0,0.0,0.1652431731874292
fbc_tfnbs,"e=0.2,h=0.5,n=30,start_thres=1.25,min_cluster_size=3",hub,0.25,10,28,40,1730,0,0,40,1730,0.0,0.0,0.0,0.0,0.1652431731874292
fbc_tfnbs,"e=0.2,h=1.0,n=30,start_thres=1.25,min_cluster_size=3",hub,0.25,10,28,40,1730,0,0,40,1730,0.0,0.0,0.0,0.0,0.1652431731874292
fbc_tfnbs,"e=0.2,h=2.0,n=30,start_thres=1.25,min_cluster_size=3",hub,0.25,10,28,40,1730,0,0,40,1730,0.0,0.0,0.0,0.0,0.1652431731874292
fbc_tfnbs,"e=0.2,h=3.0,n=30,start_thres=1.25,min_cluster_size=3",hub,0.25,10,28,40,1730,0,0,40,1730,0.0,0.0,0.0,0.0,0.1652431731874292
fbc_tfnbs,"e=0.2,h=4.0,n=30,start_thres=1.25,min_cluster_size=3",hub,0.25,10,28,40,1730,0,0,40,1730,0.0,0.0,0.0,0.0,0.1652431731874292
fbc_tfnbs,"e=0.2,h=5.0,n=30,start_thres=1.25,min_cluster_size=3",hub,0.25,10,28,40,1730,0,0,40,1730,0.0,0.0,0.0,0.0,0.1652431731874292
fbc_tfnbs,"e=0.2,h=6.0,n=30,start_thres=1.25,min_cluster_size=3",hub,0.25,10,28,40,1730,0,0,40,1730,0.0,0.0,0.0,0.0,0.1652431731874292
fbc_tfnbs,"e=0.2,h=7.0,n=30,start_thres=1.25,min_cluster_size=3",hub,0.25,10,28,40,1730,0,0,40,1730,0.0,0.0,0.0,0.0,0.1652431731874292
fbc_tfnbs,"e=0.2,h=8.0,n=30,start_thres=1.25,min_cluster_size=3",hub,0.25,10,28,40,1730,0,0,40,1730,0.0,0.0,0.0,0.0,0.1652431731874292
fbc_tfnbs,"e=0.2,h=9.0,n=30,start_thres=1.25,min_cluster_size=3",hub,0.25,10,28,40,1730,0,0,40,1730,0.0,0.0,0.0,0.0,0.1652431731874292
fbc_tfnbs,"e=0.2,h=10.0,n=30,start_thres=1.25,min_cluster_size=3",hub,0.25,10,28,40,1730,0,0,40,1730,0.0,0.0,0.0,0.0,0.1652431731874292
fbc_tfnbs,"e=0.3,h=0.5,n=30,start_thres=1.25,min_cluster_size=3",hub,0.25,10,28,40,1730,0,0,40,1730,0.0,0.0,0.0,0.0,0.1652431731874292
fbc_tfnbs,"e=0.3,h=1.0,n=30,start_thres=1.25,min_cluster_size=3",hub,0.25,10,28,40,1730,0,0,40,1730,0.0,0.0,0.0,0.0,0.1652431731874292
fbc_tfnbs,"e=0.3,h=2.0,n=30,start_thres=1.25,min_cluster_size=3",hub,0.25,10,28,40,1730,0,0,40,1730,0.0,0.0,0.0,0.0,0.1652431731874292
fbc_tfnbs,"e=0.3,h=3.0,n=30,start_thres=1.25,min_cluster_size=3",hub,0.25,10,28,40,1730,0,0,40,1730,0.0,0.0,0.0,0.0,0.1652431731874292
fbc_tfnbs,"e=0.3,h=4.0,n=30,start_thres=1.25,min_cluster_size=3",hub,0.25,10,28,40,1730,0,0,40,1730,0.0,0.0,0.0,0.0,0.1652431731874292
fbc_tfnbs,"e=0.3,h=5.0,n=30,start_thres=1.25,min_cluster_size=3",hub,0.25,10,28,40,1730,0,0,40,1730,0.0,0.0,0.0,0.0,0.1652431731874292
fbc_tfnbs,"e=0.3,h=6.0,n=30,start_thres=1.25,min_cluster_size=3",hub,0.25,10,28,40,1730,0,0,40,1730,0.0,0.0,0.0,0.0,0.1652431731874292
fbc_tfnbs,"e=0.3,h=7.0,n=30,start_thres=1.25,min_cluster_size=3",hub,0.25,10,28,40,1730,0,0,40,1730,0.0,0.0,0.0,0.0,0.1652431731874292
fbc_tfnbs,"e=0.3,h=8.0,n=30,start_thres=1.25,min_cluster_size=3",hub,0.25,10,28,40,1730,0,0,40,1730,0.0,0.0,0.0,0.0,0.1652431731874292
fbc_tfnbs,"e=0.3,h=9.0,n=30,start_thres=1.25,min_cluster_size=3",hub,0.25,10,28,40,1730,0,0,40,1730,0.0,0.0,0.0,0.0,0.1652431731874292
fbc_tfnbs,"e=0.3,h=10.0,n=30,start_thres=1.25,min_cluster_size=3",hub,0.25,10,28,40,1730,0,0,40,1730,0.0,0.0,0.0,0.0,0.1652431731874292
fbc_tfnbs,"e=0.4,h=0.5,n=30,start_thres=1.25,min_cluster_size=3",hub,0.25,10,28,40,1730,0,0,40,1730,0.0,0.0,0.0,0.0,0.1652431731874292
fbc_tfnbs,"e=0.4,h=1.0,n=30,start_thres=1.25,min_cluster_size=3",hub,0.25,10,28,40,1730,0,0,40,1730,0.0,0.0,0.0,0.0,0.1652431731874292
fbc_tfnbs,"e=0.4,h=2.0,n=30,start_thres=1.25,min_cluster_size=3",hub,0.25,10,28,40,1730,0,0,40,1730,0.0,0.0,0.0,0.0,0.1652431731874292
fbc_tfnbs,"e=0.4,h=3.0,n=30,start_thres=1.25,min_cluster_size=3",hub,0.25,10,28,40,1730,0,0,40,1730,0.0,0.0,0.0,0.0,0.1652431731874292
fbc_tfnbs,"e=0.4,h=4.0,n=30,start_thres=1.25,min_cluster_size=3",hub,0.25,10,28,40,1730,0,0,40,1730,0.0,0.0,0.0,0.0,0.1652431731874292
fbc_tfnbs,"e=0.4,h=5.0,n=30,start_thres=1.25,min_cluster_size=3",hub,0.25,10,28,40,1730,0,0,40,1730,0.0,0.0,0.0,0.0,0.1652431731874292
fbc_tfnbs,"e=0.4,h=6.0,n=30,start_thres=1.25,min_cluster_size=3",hub,0.25,10,28,40,1730,0,0,40,1730,0.0,0.0,0.0,0.0,0.1652431731874292
fbc_tfnbs,"e=0.4,h=7.0,n=30,start_thres=1.25,min_cluster_size=3",hub,0.25,10,28,40,1730,0,0,40,1730,0.0,0.0,0.0,0.0,0.1652431731874292
fbc_tfnbs,"e=0.4,h=8.0,n=30,start_thres=1.25,min_cluster_size=3",hub,0.25,10,28,40,1730,0,0,40,1730,0.0,0.0,0.0,0.0,0.1652431731874292
fbc_tfnbs,"e=0.4,h=9.0,n=30,start_thres=1.25,min_cluster_size=3",hub,0.25,10,28,40,1730,0,0,40,1730,0.0,0.0,0.0,0.0,0.1652431731874292
fbc_tfnbs,"e=0.4,h=10.0,n=30,start_thres=1.25,min_cluster_size=3",hub,0.25,10,28,40,1730,0,0,40,1730,0.0,0.0,0.0,0.0,0.1652431731874292
fbc_tfnbs,"e=0.5,h=0.5,n=30,start_thres=1.25,min_cluster_size=3",hub,0.25,10,28,40,1730,0,0,40,1730,0.0,0.0,0.0,0.0,0.1652431731874292
fbc_tfnbs,"e=0.5,h=1.0,n=30,start_thres=1.25,min_cluster_size=3",hub,0.25,10,28,40,1730,0,0,40,1730,0.0,0.0,0.0,0.0,0.1652431731874292
fbc_tfnbs,"e=0.5,h=2.0,n=30,start_thres=1.25,min_cluster_size=3",hub,0.25,10,28,40,1730,0,0,40,1730,0.0,0.0,0.0,0.0,0.1652431731874292
fbc_tfnbs,"e=0.5,h=3.0,n=30,start_thres=1.25,min_cluster_size=3",hub,0.25,10,28,40,1730,0,0,40,1730,0.0,0.0,0.0,0.0,0.1652431731874292
fbc_tfnbs,"e=0.5,h=4.0,n=30,start_thres=1.25,min_cluster_size=3",hub,0.25,10,28,40,1730,0,0,40,1730,0.0,0.0,0.0,0.0,0.1652431731874292
fbc_tfnbs,"e=0.5,h=5.0,n=30,start_thres=1.25,min_cluster_size=3",hub,0.25,10,28,40,1730,0,0,40,1730,0.0,0.0,0.0,0.0,0.1652431731874292
fbc_tfnbs,"e=0.5,h=6.0,n=30,start_thres=1.25,min_cluster_size=3",hub,0.25,10,28,40,1730,0,0,40,1730,0.0,0.0,0.0,0.0,0.1652431731874292
fbc_tfnbs,"e=0.5,h=7.0,n=30,start_thres=1.25,min_cluster_size=3",hub,0.25,10,28,40,1730,0,0,40,1730,0.0,0.0,0.0,0.0,0.1652431731874292
fbc_tfnbs,"e=0.5,h=8.0,n=30,start_thres=1.25,min_cluster_size=3",hub,0.25,10,28,40,1730,0,0,40,1730,0.0,0.0,0.0,0.0,0.1652431731874292
fbc_tfnbs,"e=0.5,h=9.0,n=30,start_thres=1.25,min_cluster_size=3",hub,0.25,10,28,40,1730,0,0,40,1730,0.0,0.0,0.0,0.0,0.1652431731874292
fbc_tfnbs,"e=0.5,h=10.0,n=30,start_thres=1.25,min_cluster_size=3",hub,0.25,10,28,40,1730,0,0,40,1730,0.0,0.0,0.0,0.0,0.1652431731874292
fbc_tfnbs,"e=0.6,h=0.5,n=30,start_thres=1.25,min_cluster_size=3",hub,0.25,10,28,40,1730,0,0,40,1730,0.0,0.0,0.0,0.0,0.1652431731874292
fbc_tfnbs,"e=0.6,h=1.0,n=30,start_thres=1.25,min_cluster_size=3",hub,0.25,10,28,40,1730,0,0,40,1730,0.0,0.0,0.0,0.0,0.1652431731874292
fbc_tfnbs,"e=0.6,h=2.0,n=30,start_thres=1.25,min_cluster_size=3",hub,0.25,10,28,40,1730,0,0,40,1730,0.0,0.0,0.0,0.0,0.1652431731874292
fbc_tfnbs,"e=0.6,h=3.0,n=30,start_thres=1.25,min_cluster_size=3",hub,0.25,10,28,40,1730,0,0,40,1730,0.0,0.0,0.0,0.0,0.1652431731874292
fbc_tfnbs,"e=0.6,h=4.0,n=30,start_thres=1.25,min_cluster_size=3",hub,0.25,10,28,40,1730,0,0,40,1730,0.0,0.0,0.0,0.0,0.1652431731874292
fbc_tfnbs,"e=0.6,h=5.0,n=30,start_thres=1.25,min_cluster_size=3",hub,0.25,10,28,40,1730,0,0,40,1730,0.0,0.0,0.0,0.0,0.1652431731874292
fbc_tfnbs,"e=0.6,h=6.0,n=30,start_thres=1.25,min_cluster_size=3",hub,0.25,10,28,40,1730,0,0,40,1730,0.0,0.0,0.0,0.0,0.1652431731874292
fbc_tfnbs,"e=0.6,h=7.0,n=30,start_thres=1.25,min_cluster_size=3",hub,0.25,10,28,40,1730,0,0,40,1730,0.0,0.0,0.0,0.0,0.1652431731874292
fbc_tfnbs,"e=0.6,h=8.0,n=30,start_thres=1.25,min_cluster_size=3",hub,0.25,10,28,40,1730,0,0,40,1730,0.0,0.0,0.0,0.0,0.1652431731874292
fbc_tfnbs,"e=0.6,h=9.0,n=30,start_thres=1.25,min_cluster_size=3",hub,0.25,10,28,40,1730,0,0,40,1730,0.0,0.0,0.0,0.0,0.1652431731874292
fbc_tfnbs,"e=0.6,h=10.0,n=30,start_thres=1.25,min_cluster_size=3",hub,0.25,10,28,40,1730,0,0,40,1730,0.0,0.0,0.0,0.0,0.1652431731874292
fbc_tfnbs,"e=0.7,h=0.5,n=30,start_thres=1.25,min_cluster_size=3",hub,0.25,10,28,40,1730,0,0,40,1730,0.0,0.0,0.0,0.0,0.1652431731874292
fbc_tfnbs,"e=0.7,h=1.0,n=30,start_thres=1.25,min_cluster_size=3",hub,0.25,10,28,40,1730,0,0,40,1730,0.0,0.0,0.0,0.0,0.1652431731874292
fbc_tfnbs,"e=0.7,h=2.0,n=30,start_thres=1.25,min_cluster_size=3",hub,0.25,10,28,40,1730,0,0,40,1730,0.0,0.0,0.0,0.0,0.1652431731874292
fbc_tfnbs,"e=0.7,h=3.0,n=30,start_thres=1.25,min_cluster_size=3",hub,0.25,10,28,40,1730,0,0,40,1730,0.0,0.0,0.0,0.0,0.1652431731874292
fbc_tfnbs,"e=0.7,h=4.0,n=30,start_thres=1.25,min_cluster_size=3",hub,0.25,10,28,40,1730,0,0,40,1730,0.0,0.0,0.0,0.0,0.1652431731874292
fbc_tfnbs,"e=0.7,h=5.0,n=30,start_thres=1.25,min_cluster_size=3",hub,0.25,10,28,40,1730,0,0,40,1730,0.0,0.0,0.0,0.0,0.1652431731874292
fbc_tfnbs,"e=0.7,h=6.0,n=30,start_thres=1.25,min_cluster_size=3",hub,0.25,10,28,40,1730,0,0,40,1730,0.0,0.0,0.0,0.0,0.1652431731874292
fbc_tfnbs,"e=0.7,h=7.0,n=30,start_thres=1.25,min_cluster_size=3",hub,0.25,10,28,40,1730,0,0,40,1730,0.0,0.0,0.0,0.0,0.1652431731874292
fbc_tfnbs,"e=0.7,h=8.0,n=30,start_thres=1.25,min_cluster_size=3",hub,0.25,10,28,40,1730,0,0,40,1730,0.0,0.0,0.0,0.0,0.1652431731874292
fbc_tfnbs,"e=0.7,h=9.0,n=30,start_thres=1.25,min_cluster_size=3",hub,0.25,10,28,40,1730,0,0,40,1730,0.0,0.0,0.0,0.0,0.1652431731874292
fbc_tfnbs,"e=0.7,h=10.0,n=30,start_thres=1.25,min_cluster_size=3",hub,0.25,10,28,40,1730,0,0,40,1730,0.0,0.0,0.0,0.0,0.1652431731874292
fbc_tfnbs,"e=0.8,h=0.5,n=30,start_thres=1.25,min_cluster_size=3",hub,0.25,10,28,40,1730,0,0,40,1730,0.0,0.0,0.0,0.0,0.1652431731874292
fbc_tfnbs,"e=0.8,h=1.0,n=30,start_thres=1.25,min_cluster_size=3",hub,0.25,10,28,40,1730,0,0,40,1730,0.0,0.0,0.0,0.0,0.1652431731874292
fbc_tfnbs,"e=0.8,h=2.0,n=30,start_thres=1.25,min_cluster_size=3",hub,0.25,10,28,40,1730,0,0,40,1730,0.0,0.0,0.0,0.0,0.1652431731874292
fbc_tfnbs,"e=0.8,h=3.0,n=30,start_thres=1.25,min_cluster_size=3",hub,0.25,10,28,40,1730,0,0,40,1730,0.0,0.0,0.0,0.0,0.1652431731874292
fbc_tfnbs,"e=0.8,h=4.0,n=30,start_thres=1.25,min_cluster_size=3",hub,0.25,10,28,40,1730,0,0,40,1730,0.0,0.0,0.0,0.0,0.1652431731874292
fbc_tfnbs,"e=0.8,h=5.0,n=30,start_thres=1.25,min_cluster_size=3",hub,0.25,10,28,40,1730,0,0,40,1730,0.0,0.0,0.0,0.0,0.1652431731874292
fbc_tfnbs,"e=0.8,h=6.0,n=30,start_thres=1.25,min_cluster_size=3",hub,0.25,10,28,40,1730,0,0,40,1730,0.0,0.0,0.0,0.0,0.1652431731874292
fbc_tfnbs,"e=0.8,h=7.0,n=30,start_thres=1.25,min_cluster_size=3",hub,0.25,10,28,40,1730,0,0,40,1730,0.0,0.0,0.0,0.0,0.1652431731874292
fbc_tfnbs,"e=0.8,h=8.0,n=30,start_thres=1.25,min_cluster_size=3",hub,0.25,10,28,40,1730,0,0,40,1730,0.0,0.0,0.0,0.0,0.1652431731874292
fbc_tfnbs,"e=0.8,h=9.0,n=30,start_thres=1.25,min_cluster_size=3",hub,0.25,10,28,40,1730,0,0,40,1730,0.0,0.0,0.0,0.0,0.1652431731874292
fbc_tfnbs,"e=0.8,h=10.0,n=30,start_thres=1.25,min_cluster_size=3",hub,0.25,10,28,40,1730,0,0,40,1730,0.0,0.0,0.0,0.0,0.1652431731874292
fbc_tfnbs,"e=0.9,h=0.5,n=30,start_thres=1.25,min_cluster_size=3",hub,0.25,10,28,40,1730,0,0,40,1730,0.0,0.0,0.0,0.0,0.1652431731874292
fbc_tfnbs,"e=0.9,h=1.0,n=30,start_thres=1.25,min_cluster_size=3",hub,0.25,10,28,40,1730,0,0,40,1730,0.0,0.0,0.0,0.0,0.1652431731874292
fbc_tfnbs,"e=0.9,h=2.0,n=30,start_thres=1.25,min_cluster_size=3",hub,0.25,10,28,40,1730,0,0,40,1730,0.0,0.0,0.0,0.0,0.1652431731874292
fbc_tfnbs,"e=0.9,h=3.0,n=30,start_thres=1.25,min_cluster_size=3",hub,0.25,10,28,40,1730,0,0,40,1730,0.0,0.0,0.0,0.0,0.1652431731874292
fbc_tfnbs,"e=0.9,h=4.0,n=30,start_thres=1.25,min_cluster_size=3",hub,0.25,10,28,40,1730,0,0,40,1730,0.0,0.0,0.0,0.0,0.1652431731874292
fbc_tfnbs,"e=0.9,h=5.0,n=30,start_thres=1.25,min_cluster_size=3",hub,0.25,10,28,40,1730,0,0,40,1730,0.0,0.0,0.0,0.0,0.1652431731874292
fbc_tfnbs,"e=0.9,h=6.0,n=30,start_thres=1.25,min_cluster_size=3",hub,0.25,10,28,40,1730,0,0,40,1730,0.0,0.0,0.0,0.0,0.1652431731874292
fbc_tfnbs,"e=0.9,h=7.0,n=30,start_thres=1.25,min_cluster_size=3",hub,0.25,10,28,40,1730,0,0,40,1730,0.0,0.0,0.0,0.0,0.1652431731874292
fbc_tfnbs,"e=0.9,h=8.0,n=30,start_thres=1.25,min_cluster_size=3",hub,0.25,10,28,40,1730,0,0,40,1730,0.0,0.0,0.0,0.0,0.1652431731874292
fbc_tfnbs,"e=0.9,h=9.0,n=30,start_thres=1.25,min_cluster_size=3",hub,0.25,10,28,40,1730,0,0,40,1730,0.0,0.0,0.0,0.0,0.1652431731874292
fbc_tfnbs,"e=0.9,h=10.0,n=30,start_thres=1.25,min_cluster_size=3",hub,0.25,10,28,40,1730,0,0,40,1730,0.0,0.0,0.0,0.0,0.1652431731874292
fbc_tfnbs,"e=1.0,h=0.5,n=30,start_thres=1.25,min_cluster_size=3",hub,0.25,10,28,40,1730,0,0,40,1730,0.0,0.0,0.0,0.0,0.1652431731874292
fbc_tfnbs,"e=1.0,h=1.0,n=30,start_thres=1.25,min_cluster_size=3",hub,0.25,10,28,40,1730,0,0,40,1730,0.0,0.0,0.0,0.0,0.1652431731874292
fbc_tfnbs,"e=1.0,h=2.0,n=30,start_thres=1.25,min_cluster_size=3",hub,0.25,10,28,40,1730,0,0,40,1730,0.0,0.0,0.0,0.0,0.1652431731874292
fbc_tfnbs,"e=1.0,h=3.0,n=30,start_thres=1.25,min_cluster_size=3",hub,0.25,10,28,40,1730,0,0,40,1730,0.0,0.0,0.0,0.0,0.1652431731874292
fbc_tfnbs,"e=1.0,h=4.0,n=30,start_thres=1.25,min_cluster_size=3",hub,0.25,10,28,40,1730,0,0,40,1730,0.0,0.0,0.0,0.0,0.1652431731874292
fbc_tfnbs,"e=1.0,h=5.0,n=30,start_thres=1.25,min_cluster_size=3",hub,0.25,10,28,40,1730,0,0,40,1730,0.0,0.0,0.0,0.0,0.1652431731874292
fbc_tfnbs,"e=1.0,h=6.0,n=30,start_thres=1.25,min_cluster_size=3",hub,0.25,10,28,40,1730,0,0,40,1730,0.0,0.0,0.0,0.0,0.1652431731874292
fbc_tfnbs,"e=1.0,h=7.0,n=30,start_thres=1.25,min_cluster_size=3",hub,0.25,10,28,40,1730,0,0,40,1730,0.0,0.0,0.0,0.0,0.1652431731874292
fbc_tfnbs,"e=1.0,h=8.0,n=30,start_thres=1.25,min_cluster_size=3",hub,0.25,10,28,40,1730,0,0,40,1730,0.0,0.0,0.0,0.0,0.1652431731874292
fbc_tfnbs,"e=1.0,h=9.0,n=30,start_thres=1.25,min_cluster_size=3",hub,0.25,10,28,40,1730,0,0,40,1730,0.0,0.0,0.0,0.0,0.1652431731874292
fbc_tfnbs,"e=1.0,h=10.0,n=30,start_thres=1.25,min_cluster_size=3",hub,0.25,10,28,40,1730,0,0,40,1730,0.0,0.0,0.0,0.0,0.1652431731874292
fbc_tfnbs,"e=1.1,h=0.5,n=30,start_thres=1.25,min_cluster_size=3",hub,0.25,10,28,40,1730,0,0,40,1730,0.0,0.0,0.0,0.0,0.1652431731874292
fbc_tfnbs,"e=1.1,h=1.0,n=30,start_thres=1.25,min_cluster_size=3",hub,0.25,10,28,40,1730,0,0,40,1730,0.0,0.0,0.0,0.0,0.1652431731874292
fbc_tfnbs,"e=1.1,h=2.0,n=30,start_thres=1.25,min_cluster_size=3",hub,0.25,10,28,40,1730,0,0,40,1730,0.0,0.0,0.0,0.0,0.1652431731874292
fbc_tfnbs,"e=1.1,h=3.0,n=30,start_thres=1.25,min_cluster_size=3",hub,0.25,10,28,40,1730,0,0,40,1730,0.0,0.0,0.0,0.0,0.1652431731874292
fbc_tfnbs,"e=1.1,h=4.0,n=30,start_thres=1.25,min_cluster_size=3",hub,0.25,10,28,40,1730,0,0,40,1730,0.0,0.0,0.0,0.0,0.1652431731874292
fbc_tfnbs,"e=1.1,h=5.0,n=30,start_thres=1.25,min_cluster_size=3",hub,0.25,10,28,40,1730,0,0,40,1730,0.0,0.0,0.0,0.0,0.1652431731874292
fbc_tfnbs,"e=1.1,h=6.0,n=30,start_thres=1.25,min_cluster_size=3",hub,0.25,10,28,40,1730,0,0,40,1730,0.0,0.0,0.0,0.0,0.1652431731874292
fbc_tfnbs,"e=1.1,h=7.0,n=30,start_thres=1.25,min_cluster_size=3",hub,0.25,10,28,40,1730,0,0,40,1730,0.0,0.0,0.0,0.0,0.1652431731874292
fbc_tfnbs,"e=1.1,h=8.0,n=30,start_thres=1.25,min_cluster_size=3",hub,0.25,10,28,40,1730,0,0,40,1730,0.0,0.0,0.0,0.0,0.1652431731874292
fbc_tfnbs,"e=1.1,h=9.0,n=30,start_thres=1.25,min_cluster_size=3",hub,0.25,10,28,40,1730,0,0,40,1730,0.0,0.0,0.0,0.0,0.1652431731874292
fbc_tfnbs,"e=1.1,h=10.0,n=30,start_thres=1.25,min_cluster_size=3",hub,0.25,10,28,40,1730,0,0,40,1730,0.0,0.0,0.0,0.0,0.1652431731874292
fbc_tfnbs,"e=1.2,h=0.5,n=30,start_thres=1.25,min_cluster_size=3",hub,0.25,10,28,40,1730,0,0,40,1730,0.0,0.0,0.0,0.0,0.1652431731874292
fbc_tfnbs,"e=1.2,h=1.0,n=30,start_thres=1.25,min_cluster_size=3",hub,0.25,10,28,40,1730,0,0,40,1730,0.0,0.0,0.0,0.0,0.1652431731874292
fbc_tfnbs,"e=1.2,h=2.0,n=30,start_thres=1.25,min_cluster_size=3",hub,0.25,10,28,40,1730,0,0,40,1730,0.0,0.0,0.0,0.0,0.1652431731874292
fbc_tfnbs,"e=1.2,h=3.0,n=30,start_thres=1.25,min_cluster_size=3",hub,0.25,10,28,40,1730,0,0,40,1730,0.0,0.0,0.0,0.0,0.1652431731874292
fbc_tfnbs,"e=1.2,h=4.0,n=30,start_thres=1.25,min_cluster_size=3",hub,0.25,10,28,40,1730,0,0,40,1730,0.0,0.0,0.0,0.0,0.1652431731874292
fbc_tfnbs,"e=1.2,h=5.0,n=30,start_thres=1.25,min_cluster_size=3",hub,0.25,10,28,40,1730,0,0,40,1730,0.0,0.0,0.0,0.0,0.1652431731874292
fbc_tfnbs,"e=1.2,h=6.0,n=30,start_thres=1.25,min_cluster_size=3",hub,0.25,10,28,40,1730,0,0,40,1730,0.0,0.0,0.0,0.0,0.1652431731874292
fbc_tfnbs,"e=1.2,h=7.0,n=30,start_thres=1.25,min_cluster_size=3",hub,0.25,10,28,40,1730,0,0,40,1730,0.0,0.0,0.0,0.0,0.1652431731874292
fbc_tfnbs,"e=1.2,h=8.0,n=30,start_thres=1.25,min_cluster_size=3",hub,0.25,10,28,40,1730,0,0,40,1730,0.0,0.0,0.0,0.0,0.1652431731874292
fbc_tfnbs,"e=1.2,h=9.0,n=30,start_thres=1.25,min_cluster_size=3",hub,0.25,10,28,40,1730,0,0,40,1730,0.0,0.0,0.0,0.0,0.1652431731874292
fbc_tfnbs,"e=1.2,h=10.0,n=30,start_thres=1.25,min_cluster_size=3",hub,0.25,10,28,40,1730,0,0,40,1730,0.0,0.0,0.0,0.0,0.1652431731874292
fbc_tfnbs,"e=1.3,h=0.5,n=30,start_thres=1.25,min_cluster_size=3",hub,0.25,10,28,40,1730,0,0,40,1730,0.0,0.0,0.0,0.0,0.1652431731874292
fbc_tfnbs,"e=1.3,h=1.0,n=30,start_thres=1.25,min_cluster_size=3",hub,0.25,10,28,40,1730,0,0,40,1730,0.0,0.0,0.0,0.0,0.1652431731874292
fbc_tfnbs,"e=1.3,h=2.0,n=30,start_thres=1.25,min_cluster_size=3",hub,0.25,10,28,40,1730,0,0,40,1730,0.0,0.0,0.0,0.0,0.1652431731874292
fbc_tfnbs,"e=1.3,h=3.0,n=30,start_thres=1.25,min_cluster_size=3",hub,0.25,10,28,40,1730,0,0,40,1730,0.0,0.0,0.0,0.0,0.1652431731874292
fbc_tfnbs,"e=1.3,h=4.0,n=30,start_thres=1.25,min_cluster_size=3",hub,0.25,10,28,40,1730,0,0,40,1730,0.0,0.0,0.0,0.0,0.1652431731874292
fbc_tfnbs,"e=1.3,h=5.0,n=30,start_thres=1.25,min_cluster_size=3",hub,0.25,10,28,40,1730,0,0,40,1730,0.0,0.0,0.0,0.0,0.1652431731874292
fbc_tfnbs,"e=1.3,h=6.0,n=30,start_thres=1.25,min_cluster_size=3",hub,0.25,10,28,40,1730,0,0,40,1730,0.0,0.0,0.0,0.0,0.1652431731874292
fbc_tfnbs,"e=1.3,h=7.0,n=30,start_thres=1.25,min_cluster_size=3",hub,0.25,10,28,40,1730,0,0,40,1730,0.0,0.0,0.0,0.0,0.1652431731874292
fbc_tfnbs,"e=1.3,h=8.0,n=30,start_thres=1.25,min_cluster_size=3",hub,0.25,10,28,40,1730,0,0,40,1730,0.0,0.0,0.0,0.0,0.1652431731874292
fbc_tfnbs,"e=1.3,h=9.0,n=30,start_thres=1.25,min_cluster_size=3",hub,0.25,10,28,40,1730,0,0,40,1730,0.0,0.0,0.0,0.0,0.1652431731874292
fbc_tfnbs,"e=1.3,h=10.0,n=30,start_thres=1.25,min_cluster_size=3",hub,0.25,10,28,40,1730,0,0,40,1730,0.0,0.0,0.0,0.0,0.1652431731874292
fbc_tfnbs,"e=1.4,h=0.5,n=30,start_thres=1.25,min_cluster_size=3",hub,0.25,10,28,40,1730,0,0,40,1730,0.0,0.0,0.0,0.0,0.1652431731874292
fbc_tfnbs,"e=1.4,h=1.0,n=30,start_thres=1.25,min_cluster_size=3",hub,0.25,10,28,40,1730,0,0,40,1730,0.0,0.0,0.0,0.0,0.1652431731874292
fbc_tfnbs,"e=1.4,h=2.0,n=30,start_thres=1.25,min_cluster_size=3",hub,0.25,10,28,40,1730,0,0,40,1730,0.0,0.0,0.0,0.0,0.1652431731874292
fbc_tfnbs,"e=1.4,h=3.0,n=30,start_thres=1.25,min_cluster_size=3",hub,0.25,10,28,40,1730,0,0,40,1730,0.0,0.0,0.0,0.0,0.1652431731874292
fbc_tfnbs,"e=1.4,h=4.0,n=30,start_thres=1.25,min_cluster_size=3",hub,0.25,10,28,40,1730,0,0,40,1730,0.0,0.0,0.0,0.0,0.1652431731874292
fbc_tfnbs,"e=1.4,h=5.0,n=30,start_thres=1.25,min_cluster_size=3",hub,0.25,10,28,40,1730,0,0,40,1730,0.0,0.0,0.0,0.0,0.1652431731874292
fbc_tfnbs,"e=1.4,h=6.0,n=30,start_thres=1.25,min_cluster_size=3",hub,0.25,10,28,40,1730,0,0,40,1730,0.0,0.0,0.0,0.0,0.1652431731874292
fbc_tfnbs,"e=1.4,h=7.0,n=30,start_thres=1.25,min_cluster_size=3",hub,0.25,10,28,40,1730,0,0,40,1730,0.0,0.0,0.0,0.0,0.1652431731874292
fbc_tfnbs,"e=1.4,h=8.0,n=30,start_thres=1.25,min_cluster_size=3",hub,0.25,10,28,40,1730,0,0,40,1730,0.0,0.0,0.0,0.0,0.1652431731874292
fbc_tfnbs,"e=1.4,h=9.0,n=30,start_thres=1.25,min_cluster_size=3",hub,0.25,10,28,40,1730,0,0,40,1730,0.0,0.0,0.0,0.0,0.1652431731874292
fbc_tfnbs,"e=1.4,h=10.0,n=30,start_thres=1.25,min_cluster_size=3",hub,0.25,10,28,40,1730,0,0,40,1730,0.0,0.0,0.0,0.0,0.1652431731874292
fbc_tfnbs,"e=1.5,h=0.5,n=30,start_thres=1.25,min_cluster_size=3",hub,0.25,10,28,40,1730,0,0,40,1730,0.0,0.0,0.0,0.0,0.1652431731874292
fbc_tfnbs,"e=1.5,h=1.0,n=30,start_thres=1.25,min_cluster_size=3",hub,0.25,10,28,40,1730,0,0,40,1730,0.0,0.0,0.0,0.0,0.1652431731874292
fbc_tfnbs,"e=1.5,h=2.0,n=30,start_thres=1.25,min_cluster_size=3",hub,0.25,10,28,40,1730,0,0,40,1730,0.0,0.0,0.0,0.0,0.1652431731874292
fbc_tfnbs,"e=1.5,h=3.0,n=30,start_thres=1.25,min_cluster_size=3",hub,0.25,10,28,40,1730,0,0,40,1730,0.0,0.0,0.0,0.0,0.1652431731874292
fbc_tfnbs,"e=1.5,h=4.0,n=30,start_thres=1.25,min_cluster_size=3",hub,0.25,10,28,40,1730,0,0,40,1730,0.0,0.0,0.0,0.0,0.1652431731874292
fbc_tfnbs,"e=1.5,h=5.0,n=30,start_thres=1.25,min_cluster_size=3",hub,0.25,10,28,40,1730,0,0,40,1730,0.0,0.0,0.0,0.0,0.1652431731874292
fbc_tfnbs,"e=1.5,h=6.0,n=30,start_thres=1.25,min_cluster_size=3",hub,0.25,10,28,40,1730,0,0,40,1730,0.0,0.0,0.0,0.0,0.1652431731874292
fbc_tfnbs,"e=1.5,h=7.0,n=30,start_thres=1.25,min_cluster_size=3",hub,0.25,10,28,40,1730,0,0,40,1730,0.0,0.0,0.0,0.0,0.1652431731874292
fbc_tfnbs,"e=1.5,h=8.0,n=30,start_thres=1.25,min_cluster_size=3",hub,0.25,10,28,40,1730,0,0,40,1730,0.0,0.0,0.0,0.0,0.1652431731874292
fbc_tfnbs,"e=1.5,h=9.0,n=30,start_thres=1.25,min_cluster_size=3",hub,0.25,10,28,40,1730,0,0,40,1730,0.0,0.0,0.0,0.0,0.1652431731874292
fbc_tfnbs,"e=1.5,h=10.0,n=30,start_thres=1.25,min_cluster_size=3",hub,0.25,10,28,40,1730,0,0,40,1730,0.0,0.0,0.0,0.0,0.1652431731874292
nbs_extent,threshold=1.0,hub,0.25,10,0,40,1730,0,0,40,1730,0.0,0.0,0.0,0.0,1.2059268951416016
fbc_tfnbs,"e=0.05,h=0.5,n=30,start_thres=1.25,min_cluster_size=3",hub,0.25,10,29,40,1730,0,0,40,1730,0.0,0.0,0.0,0.0,0.1635623587803407
fbc_tfnbs,"e=0.05,h=1.0,n=30,start_thres=1.25,min_cluster_size=3",hub,0.25,10,29,40,1730,0,0,40,1730,0.0,0.0,0.0,0.0,0.1635623587803407
fbc_tfnbs,"e=0.05,h=2.0,n=30,start_thres=1.25,min_cluster_size=3",hub,0.25,10,29,40,1730,0,0,40,1730,0.0,0.0,0.0,0.0,0.1635623587803407
fbc_tfnbs,"e=0.05,h=3.0,n=30,start_thres=1.25,min_cluster_size=3",hub,0.25,10,29,40,1730,0,0,40,1730,0.0,0.0,0.0,0.0,0.1635623587803407
fbc_tfnbs,"e=0.05,h=4.0,n=30,start_thres=1.25,min_cluster_size=3",hub,0.25,10,29,40,1730,0,0,40,1730,0.0,0.0,0.0,0.0,0.1635623587803407
fbc_tfnbs,"e=0.05,h=5.0,n=30,start_thres=1.25,min_cluster_size=3",hub,0.25,10,29,40,1730,0,0,40,1730,0.0,0.0,0.0,0.0,0.1635623587803407
fbc_tfnbs,"e=0.05,h=6.0,n=30,start_thres=1.25,min_cluster_size=3",hub,0.25,10,29,40,1730,0,0,40,1730,0.0,0.0,0.0,0.0,0.1635623587803407
fbc_tfnbs,"e=0.05,h=7.0,n=30,start_thres=1.25,min_cluster_size=3",hub,0.25,10,29,40,1730,0,0,40,1730,0.0,0.0,0.0,0.0,0.1635623587803407
fbc_tfnbs,"e=0.05,h=8.0,n=30,start_thres=1.25,min_cluster_size=3",hub,0.25,10,29,40,1730,0,0,40,1730,0.0,0.0,0.0,0.0,0.1635623587803407
fbc_tfnbs,"e=0.05,h=9.0,n=30,start_thres=1.25,min_cluster_size=3",hub,0.25,10,29,40,1730,0,0,40,1730,0.0,0.0,0.0,0.0,0.1635623587803407
fbc_tfnbs,"e=0.05,h=10.0,n=30,start_thres=1.25,min_cluster_size=3",hub,0.25,10,29,40,1730,0,0,40,1730,0.0,0.0,0.0,0.0,0.1635623587803407
fbc_tfnbs,"e=0.1,h=0.5,n=30,start_thres=1.25,min_cluster_size=3",hub,0.25,10,29,40,1730,0,0,40,1730,0.0,0.0,0.0,0.0,0.1635623587803407
fbc_tfnbs,"e=0.1,h=1.0,n=30,start_thres=1.25,min_cluster_size=3",hub,0.25,10,29,40,1730,0,0,40,1730,0.0,0.0,0.0,0.0,0.1635623587803407
fbc_tfnbs,"e=0.1,h=2.0,n=30,start_thres=1.25,min_cluster_size=3",hub,0.25,10,29,40,1730,0,0,40,1730,0.0,0.0,0.0,0.0,0.1635623587803407
fbc_tfnbs,"e=0.1,h=3.0,n=30,start_thres=1.25,min_cluster_size=3",hub,0.25,10,29,40,1730,0,0,40,1730,0.0,0.0,0.0,0.0,0.1635623587803407
fbc_tfnbs,"e=0.1,h=4.0,n=30,start_thres=1.25,min_cluster_size=3",hub,0.25,10,29,40,1730,0,0,40,1730,0.0,0.0,0.0,0.0,0.1635623587803407
fbc_tfnbs,"e=0.1,h=5.0,n=30,start_thres=1.25,min_cluster_size=3",hub,0.25,10,29,40,1730,0,0,40,1730,0.0,0.0,0.0,0.0,0.1635623587803407
fbc_tfnbs,"e=0.1,h=6.0,n=30,start_thres=1.25,min_cluster_size=3",hub,0.25,10,29,40,1730,0,0,40,1730,0.0,0.0,0.0,0.0,0.1635623587803407
fbc_tfnbs,"e=0.1,h=7.0,n=30,start_thres=1.25,min_cluster_size=3",hub,0.25,10,29,40,1730,0,0,40,1730,0.0,0.0,0.0,0.0,0.1635623587803407
fbc_tfnbs,"e=0.1,h=8.0,n=30,start_thres=1.25,min_cluster_size=3",hub,0.25,10,29,40,1730,0,0,40,1730,0.0,0.0,0.0,0.0,0.1635623587803407
fbc_tfnbs,"e=0.1,h=9.0,n=30,start_thres=1.25,min_cluster_size=3",hub,0.25,10,29,40,1730,0,0,40,1730,0.0,0.0,0.0,0.0,0.1635623587803407
fbc_tfnbs,"e=0.1,h=10.0,n=30,start_thres=1.25,min_cluster_size=3",hub,0.25,10,29,40,1730,0,0,40,1730,0.0,0.0,0.0,0.0,0.1635623587803407
fbc_tfnbs,"e=0.2,h=0.5,n=30,start_thres=1.25,min_cluster_size=3",hub,0.25,10,29,40,1730,0,0,40,1730,0.0,0.0,0.0,0.0,0.1635623587803407
fbc_tfnbs,"e=0.2,h=1.0,n=30,start_thres=1.25,min_cluster_size=3",hub,0.25,10,29,40,1730,0,0,40,1730,0.0,0.0,0.0,0.0,0.1635623587803407
fbc_tfnbs,"e=0.2,h=2.0,n=30,start_thres=1.25,min_cluster_size=3",hub,0.25,10,29,40,1730,0,0,40,1730,0.0,0.0,0.0,0.0,0.1635623587803407
fbc_tfnbs,"e=0.2,h=3.0,n=30,start_thres=1.25,min_cluster_size=3",hub,0.25,10,29,40,1730,0,0,40,1730,0.0,0.0,0.0,0.0,0.1635623587803407
fbc_tfnbs,"e=0.2,h=4.0,n=30,start_thres=1.25,min_cluster_size=3",hub,0.25,10,29,40,1730,0,0,40,1730,0.0,0.0,0.0,0.0,0.1635623587803407
fbc_tfnbs,"e=0.2,h=5.0,n=30,start_thres=1.25,min_cluster_size=3",hub,0.25,10,29,40,1730,0,0,40,1730,0.0,0.0,0.0,0.0,0.1635623587803407
fbc_tfnbs,"e=0.2,h=6.0,n=30,start_thres=1.25,min_cluster_size=3",hub,0.25,10,29,40,1730,0,0,40,1730,0.0,0.0,0.0,0.0,0.1635623587803407
fbc_tfnbs,"e=0.2,h=7.0,n=30,start_thres=1.25,min_cluster_size=3",hub,0.25,10,29,40,1730,0,0,40,1730,0.0,0.0,0.0,0.0,0.1635623587803407
fbc_tfnbs,"e=0.2,h=8.0,n=30,start_thres=1.25,min_cluster_size=3",hub,0.25,10,29,40,1730,0,0,40,1730,0.0,0.0,0.0,0.0,0.1635623587803407
fbc_tfnbs,"e=0.2,h=9.0,n=30,start_thres=1.25,min_cluster_size=3",hub,0.25,10,29,40,1730,0,0,40,1730,0.0,0.0,0.0,0.0,0.1635623587803407
fbc_tfnbs,"e=0.2,h=10.0,n=30,start_thres=1.25,min_cluster_size=3",hub,0.25,10,29,40,1730,0,0,40,1730,0.0,0.0,0.0,0.0,0.1635623587803407
fbc_tfnbs,"e=0.3,h=0.5,n=30,start_thres=1.25,min_cluster_size=3",hub,0.25,10,29,40,1730,0,0,40,1730,0.0,0.0,0.0,0.0,0.1635623587803407
fbc_tfnbs,"e=0.3,h=1.0,n=30,start_thres=1.25,min_cluster_size=3",hub,0.25,10,29,40,1730,0,0,40,1730,0.0,0.0,0.0,0.0,0.1635623587803407
fbc_tfnbs,"e=0.3,h=2.0,n=30,start_thres=1.25,min_cluster_size=3",hub,0.25,10,29,40,1730,0,0,40,1730,0.0,0.0,0.0,0.0,0.1635623587803407
fbc_tfnbs,"e=0.3,h=3.0,n=30,start_thres=1.25,min_cluster_size=3",hub,0.25,10,29,40,1730,0,0,40,1730,0.0,0.0,0.0,0.0,0.1635623587803407
fbc_tfnbs,"e=0.3,h=4.0,n=30,start_thres=1.25,min_cluster_size=3",hub,0.25,10,29,40,1730,0,0,40,1730,0.0,0.0,0.0,0.0,0.1635623587803407
fbc_tfnbs,"e=0.3,h=5.0,n=30,start_thres=1.25,min_cluster_size=3",hub,0.25,10,29,40,1730,0,0,40,1730,0.0,0.0,0.0,0.0,0.1635623587803407
fbc_tfnbs,"e=0.3,h=6.0,n=30,start_thres=1.25,min_cluster_size=3",hub,0.25,10,29,40,1730,0,0,40,1730,0.0,0.0,0.0,0.0,0.1635623587803407
fbc_tfnbs,"e=0.3,h=7.0,n=30,start_thres=1.25,min_cluster_size=3",hub,0.25,10,29,40,1730,0,0,40,1730,0.0,0.0,0.0,0.0,0.1635623587803407
fbc_tfnbs,"e=0.3,h=8.0,n=30,start_thres=1.25,min_cluster_size=3",hub,0.25,10,29,40,1730,0,0,40,1730,0.0,0.0,0.0,0.0,0.1635623587803407
fbc_tfnbs,"e=0.3,h=9.0,n=30,start_thres=1.25,min_cluster_size=3",hub,0.25,10,29,40,1730,0,0,40,1730,0.0,0.0,0.0,0.0,0.1635623587803407
fbc_tfnbs,"e=0.3,h=10.0,n=30,start_thres=1.25,min_cluster_size=3",hub,0.25,10,29,40,1730,0,0,40,1730,0.0,0.0,0.0,0.0,0.1635623587803407
fbc_tfnbs,"e=0.4,h=0.5,n=30,start_thres=1.25,min_cluster_size=3",hub,0.25,10,29,40,1730,0,0,40,1730,0.0,0.0,0.0,0.0,0.1635623587803407
fbc_tfnbs,"e=0.4,h=1.0,n=30,start_thres=1.25,min_cluster_size=3",hub,0.25,10,29,40,1730,0,0,40,1730,0.0,0.0,0.0,0.0,0.1635623587803407
fbc_tfnbs,"e=0.4,h=2.0,n=30,start_thres=1.25,min_cluster_size=3",hub,0.25,10,29,40,1730,0,0,40,1730,0.0,0.0,0.0,0.0,0.1635623587803407
fbc_tfnbs,"e=0.4,h=3.0,n=30,start_thres=1.25,min_cluster_size=3",hub,0.25,10,29,40,1730,0,0,40,1730,0.0,0.0,0.0,0.0,0.1635623587803407
fbc_tfnbs,"e=0.4,h=4.0,n=30,start_thres=1.25,min_cluster_size=3",hub,0.25,10,29,40,1730,0,0,40,1730,0.0,0.0,0.0,0.0,0.1635623587803407
fbc_tfnbs,"e=0.4,h=5.0,n=30,start_thres=1.25,min_cluster_size=3",hub,0.25,10,29,40,1730,0,0,40,1730,0.0,0.0,0.0,0.0,0.1635623587803407
fbc_tfnbs,"e=0.4,h=6.0,n=30,start_thres=1.25,min_cluster_size=3",hub,0.25,10,29,40,1730,0,0,40,1730,0.0,0.0,0.0,0.0,0.1635623587803407
fbc_tfnbs,"e=0.4,h=7.0,n=30,start_thres=1.25,min_cluster_size=3",hub,0.25,10,29,40,1730,0,0,40,1730,0.0,0.0,0.0,0.0,0.1635623587803407
fbc_tfnbs,"e=0.4,h=8.0,n=30,start_thres=1.25,min_cluster_size=3",hub,0.25,10,29,40,1730,0,0,40,1730,0.0,0.0,0.0,0.0,0.1635623587803407
fbc_tfnbs,"e=0.4,h=9.0,n=30,start_thres=1.25,min_cluster_size=3",hub,0.25,10,29,40,1730,0,0,40,1730,0.0,0.0,0.0,0.0,0.1635623587803407
fbc_tfnbs,"e=0.4,h=10.0,n=30,start_thres=1.25,min_cluster_size=3",hub,0.25,10,29,40,1730,0,0,40,1730,0.0,0.0,0.0,0.0,0.1635623587803407
fbc_tfnbs,"e=0.5,h=0.5,n=30,start_thres=1.25,min_cluster_size=3",hub,0.25,10,29,40,1730,0,0,40,1730,0.0,0.0,0.0,0.0,0.1635623587803407
fbc_tfnbs,"e=0.5,h=1.0,n=30,start_thres=1.25,min_cluster_size=3",hub,0.25,10,29,40,1730,0,0,40,1730,0.0,0.0,0.0,0.0,0.1635623587803407
fbc_tfnbs,"e=0.5,h=2.0,n=30,start_thres=1.25,min_cluster_size=3",hub,0.25,10,29,40,1730,0,0,40,1730,0.0,0.0,0.0,0.0,0.1635623587803407
fbc_tfnbs,"e=0.5,h=3.0,n=30,start_thres=1.25,min_cluster_size=3",hub,0.25,10,29,40,1730,0,0,40,1730,0.0,0.0,0.0,0.0,0.1635623587803407
fbc_tfnbs,"e=0.5,h=4.0,n=30,start_thres=1.25,min_cluster_size=3",hub,0.25,10,29,40,1730,0,0,40,1730,0.0,0.0,0.0,0.0,0.1635623587803407
fbc_tfnbs,"e=0.5,h=5.0,n=30,start_thres=1.25,min_cluster_size=3",hub,0.25,10,29,40,1730,0,0,40,1730,0.0,0.0,0.0,0.0,0.1635623587803407
fbc_tfnbs,"e=0.5,h=6.0,n=30,start_thres=1.25,min_cluster_size=3",hub,0.25,10,29,40,1730,0,0,40,1730,0.0,0.0,0.0,0.0,0.1635623587803407
fbc_tfnbs,"e=0.5,h=7.0,n=30,start_thres=1.25,min_cluster_size=3",hub,0.25,10,29,40,1730,0,0,40,1730,0.0,0.0,0.0,0.0,0.1635623587803407
fbc_tfnbs,"e=0.5,h=8.0,n=30,start_thres=1.25,min_cluster_size=3",hub,0.25,10,29,40,1730,0,0,40,1730,0.0,0.0,0.0,0.0,0.1635623587803407
fbc_tfnbs,"e=0.5,h=9.0,n=30,start_thres=1.25,min_cluster_size=3",hub,0.25,10,29,40,1730,0,0,40,1730,0.0,0.0,0.0,0.0,0.1635623587803407
fbc_tfnbs,"e=0.5,h=10.0,n=30,start_thres=1.25,min_cluster_size=3",hub,0.25,10,29,40,1730,0,0,40,1730,0.0,0.0,0.0,0.0,0.1635623587803407
fbc_tfnbs,"e=0.6,h=0.5,n=30,start_thres=1.25,min_cluster_size=3",hub,0.25,10,29,40,1730,0,0,40,1730,0.0,0.0,0.0,0.0,0.1635623587803407
fbc_tfnbs,"e=0.6,h=1.0,n=30,start_thres=1.25,min_cluster_size=3",hub,0.25,10,29,40,1730,0,0,40,1730,0.0,0.0,0.0,0.0,0.1635623587803407
fbc_tfnbs,"e=0.6,h=2.0,n=30,start_thres=1.25,min_cluster_size=3",hub,0.25,10,29,40,1730,0,0,40,1730,0.0,0.0,0.0,0.0,0.1635623587803407
fbc_tfnbs,"e=0.6,h=3.0,n=30,start_thres=1.25,min_cluster_size=3",hub,0.25,10,29,40,1730,0,0,40,1730,0.0,0.0,0.0,0.0,0.1635623587803407
fbc_tfnbs,"e=0.6,h=4.0,n=30,start_thres=1.25,min_cluster_size=3",hub,0.25,10,29,40,1730,0,0,40,1730,0.0,0.0,0.0,0.0,0.1635623587803407
fbc_tfnbs,"e=0.6,h=5.0,n=30,start_thres=1.25,min_cluster_size=3",hub,0.25,10,29,40,1730,0,0,40,1730,0.0,0.0,0.0,0.0,0.1635623587803407
fbc_tfnbs,"e=0.6,h=6.0,n=30,start_thres=1.25,min_cluster_size=3",hub,0.25,10,29,40,1730,0,0,40,1730,0.0,0.0,0.0,0.0,0.1635623587803407
fbc_tfnbs,"e=0.6,h=7.0,n=30,start_thres=1.25,min_cluster_size=3",hub,0.25,10,29,40,1730,0,0,40,1730,0.0,0.0,0.0,0.0,0.1635623587803407
fbc_tfnbs,"e=0.6,h=8.0,n=30,start_thres=1.25,min_cluster_size=3",hub,0.25,10,29,40,1730,0,0,40,1730,0.0,0.0,0.0,0.0,0.1635623587803407
fbc_tfnbs,"e=0.6,h=9.0,n=30,start_thres=1.25,min_cluster_size=3",hub,0.25,10,29,40,1730,0,0,40,1730,0.0,0.0,0.0,0.0,0.1635623587803407
fbc_tfnbs,"e=0.6,h=10.0,n=30,start_thres=1.25,min_cluster_size=3",hub,0.25,10,29,40,1730,0,0,40,1730,0.0,0.0,0.0,0.0,0.1635623587803407
fbc_tfnbs,"e=0.7,h=0.5,n=30,start_thres=1.25,min_cluster_size=3",hub,0.25,10,29,40,1730,0,0,40,1730,0.0,0.0,0.0,0.0,0.1635623587803407
fbc_tfnbs,"e=0.7,h=1.0,n=30,start_thres=1.25,min_cluster_size=3",hub,0.25,10,29,40,1730,0,0,40,1730,0.0,0.0,0.0,0.0,0.1635623587803407
fbc_tfnbs,"e=0.7,h=2.0,n=30,start_thres=1.25,min_cluster_size=3",hub,0.25,10,29,40,1730,0,0,40,1730,0.0,0.0,0.0,0.0,0.1635623587803407
fbc_tfnbs,"e=0.7,h=3.0,n=30,start_thres=1.25,min_cluster_size=3",hub,0.25,10,29,40,1730,0,0,40,1730,0.0,0.0,0.0,0.0,0.1635623587803407
fbc_tfnbs,"e=0.7,h=4.0,n=30,start_thres=1.25,min_cluster_size=3",hub,0.25,10,29,40,1730,0,0,40,1730,0.0,0.0,0.0,0.0,0.1635623587803407
fbc_tfnbs,"e=0.7,h=5.0,n=30,start_thres=1.25,min_cluster_size=3",hub,0.25,10,29,40,1730,0,0,40,1730,0.0,0.0,0.0,0.0,0.1635623587803407
fbc_tfnbs,"e=0.7,h=6.0,n=30,start_thres=1.25,min_cluster_size=3",hub,0.25,10,29,40,1730,0,0,40,1730,0.0,0.0,0.0,0.0,0.1635623587803407
fbc_tfnbs,"e=0.7,h=7.0,n=30,start_thres=1.25,min_cluster_size=3",hub,0.25,10,29,40,1730,0,0,40,1730,0.0,0.0,0.0,0.0,0.1635623587803407
fbc_tfnbs,"e=0.7,h=8.0,n=30,start_thres=1.25,min_cluster_size=3",hub,0.25,10,29,40,1730,0,0,40,1730,0.0,0.0,0.0,0.0,0.1635623587803407
fbc_tfnbs,"e=0.7,h=9.0,n=30,start_thres=1.25,min_cluster_size=3",hub,0.25,10,29,40,1730,0,0,40,1730,0.0,0.0,0.0,0.0,0.1635623587803407
fbc_tfnbs,"e=0.7,h=10.0,n=30,start_thres=1.25,min_cluster_size=3",hub,0.25,10,29,40,1730,0,0,40,1730,0.0,0.0,0.0,0.0,0.1635623587803407
fbc_tfnbs,"e=0.8,h=0.5,n=30,start_thres=1.25,min_cluster_size=3",hub,0.25,10,29,40,1730,0,0,40,1730,0.0,0.0,0.0,0.0,0.1635623587803407
fbc_tfnbs,"e=0.8,h=1.0,n=30,start_thres=1.25,min_cluster_size=3",hub,0.25,10,29,40,1730,0,0,40,1730,0.0,0.0,0.0,0.0,0.1635623587803407
fbc_tfnbs,"e=0.8,h=2.0,n=30,start_thres=1.25,min_cluster_size=3",hub,0.25,10,29,40,1730,0,0,40,1730,0.0,0.0,0.0,0.0,0.1635623587803407
fbc_tfnbs,"e=0.8,h=3.0,n=30,start_thres=1.25,min_cluster_size=3",hub,0.25,10,29,40,1730,0,0,40,1730,0.0,0.0,0.0,0.0,0.1635623587803407
fbc_tfnbs,"e=0.8,h=4.0,n=30,start_thres=1.25,min_cluster_size=3",hub,0.25,10,29,40,1730,0,0,40,1730,0.0,0.0,0.0,0.0,0.1635623587803407
fbc_tfnbs,"e=0.8,h=5.0,n=30,start_thres=1.25,min_cluster_size=3",hub,0.25,10,29,40,1730,0,0,40,1730,0.0,0.0,0.0,0.0,0.1635623587803407
fbc_tfnbs,"e=0.8,h=6.0,n=30,start_thres=1.25,min_cluster_size=3",hub,0.25,10,29,40,1730,0,0,40,1730,0.0,0.0,0.0,0.0,0.1635623587803407
fbc_tfnbs,"e=0.8,h=7.0,n=30,start_thres=1.25,min_cluster_size=3",hub,0.25,10,29,40,1730,0,0,40,1730,0.0,0.0,0.0,0.0,0.1635623587803407
fbc_tfnbs,"e=0.8,h=8.0,n=30,start_thres=1.25,min_cluster_size=3",hub,0.25,10,29,40,1730,0,0,40,1730,0.0,0.0,0.0,0.0,0.1635623587803407
fbc_tfnbs,"e=0.8,h=9.0,n=30,start_thres=1.25,min_cluster_size=3",hub,0.25,10,29,40,1730,0,0,40,1730,0.0,0.0,0.0,0.0,0.1635623587803407
fbc_tfnbs,"e=0.8,h=10.0,n=30,start_thres=1.25,min_cluster_size=3",hub,0.25,10,29,40,1730,0,0,40,1730,0.0,0.0,0.0,0.0,0.1635623587803407
fbc_tfnbs,"e=0.9,h=0.5,n=30,start_thres=1.25,min_cluster_size=3",hub,0.25,10,29,40,1730,0,0,40,1730,0.0,0.0,0.0,0.0,0.1635623587803407
fbc_tfnbs,"e=0.9,h=1.0,n=30,start_thres=1.25,min_cluster_size=3",hub,0.25,10,29,40,1730,0,0,40,1730,0.0,0.0,0.0,0.0,0.1635623587803407
fbc_tfnbs,"e=0.9,h=2.0,n=30,start_thres=1.25,min_cluster_size=3",hub,0.25,10,29,40,1730,0,0,40,1730,0.0,0.0,0.0,0.0,0.1635623587803407
fbc_tfnbs,"e=0.9,h=3.0,n=30,start_thres=1.25,min_cluster_size=3",hub,0.25,10,29,40,1730,0,0,40,1730,0.0,0.0,0.0,0.0,0.1635623587803407
fbc_tfnbs,"e=0.9,h=4.0,n=30,start_thres=1.25,min_cluster_size=3",hub,0.25,10,29,40,1730,0,0,40,1730,0.0,0.0,0.0,0.0,0.1635623587803407
fbc_tfnbs,"e=0.9,h=5.0,n=30,start_thres=1.25,min_cluster_size=3",hub,0.25,10,29,40,1730,0,0,40,1730,0.0,0.0,0.0,0.0,0.1635623587803407
fbc_tfnbs,"e=0.9,h=6.0,n=30,start_thres=1.25,min_cluster_size=3",hub,0.25,10,29,40,1730,0,0,40,1730,0.0,0.0,0.0,0.0,0.1635623587803407
fbc_tfnbs,"e=0.9,h=7.0,n=30,start_thres=1.25,min_cluster_size=3",hub,0.25,10,29,40,1730,0,0,40,1730,0.0,0.0,0.0,0.0,0.1635623587803407
fbc_tfnbs,"e=0.9,h=8.0,n=30,start_thres=1.25,min_cluster_size=3",hub,0.25,10,29,40,1730,0,0,40,1730,0.0,0.0,0.0,0.0,0.1635623587803407
fbc_tfnbs,"e=0.9,h=9.0,n=30,start_thres=1.25,min_cluster_size=3",hub,0.25,10,29,40,1730,0,0,40,1730,0.0,0.0,0.0,0.0,0.1635623587803407
fbc_tfnbs,"e=0.9,h=10.0,n=30,start_thres=1.25,min_cluster_size=3",hub,0.25,10,29,40,1730,0,0,40,1730,0.0,0.0,0.0,0.0,0.1635623587803407
fbc_tfnbs,"e=1.0,h=0.5,n=30,start_thres=1.25,min_cluster_size=3",hub,0.25,10,29,40,1730,0,0,40,1730,0.0,0.0,0.0,0.0,0.1635623587803407
fbc_tfnbs,"e=1.0,h=1.0,n=30,start_thres=1.25,min_cluster_size=3",hub,0.25,10,29,40,1730,0,0,40,1730,0.0,0.0,0.0,0.0,0.1635623587803407
fbc_tfnbs,"e=1.0,h=2.0,n=30,start_thres=1.25,min_cluster_size=3",hub,0.25,10,29,40,1730,0,0,40,1730,0.0,0.0,0.0,0.0,0.1635623587803407
fbc_tfnbs,"e=1.0,h=3.0,n=30,start_thres=1.25,min_cluster_size=3",hub,0.25,10,29,40,1730,0,0,40,1730,0.0,0.0,0.0,0.0,0.1635623587803407
fbc_tfnbs,"e=1.0,h=4.0,n=30,start_thres=1.25,min_cluster_size=3",hub,0.25,10,29,40,1730,0,0,40,1730,0.0,0.0,0.0,0.0,0.1635623587803407
fbc_tfnbs,"e=1.0,h=5.0,n=30,start_thres=1.25,min_cluster_size=3",hub,0.25,10,29,40,1730,0,0,40,1730,0.0,0.0,0.0,0.0,0.1635623587803407
fbc_tfnbs,"e=1.0,h=6.0,n=30,start_thres=1.25,min_cluster_size=3",hub,0.25,10,29,40,1730,0,0,40,1730,0.0,0.0,0.0,0.0,0.1635623587803407
fbc_tfnbs,"e=1.0,h=7.0,n=30,start_thres=1.25,min_cluster_size=3",hub,0.25,10,29,40,1730,0,0,40,1730,0.0,0.0,0.0,0.0,0.1635623587803407
fbc_tfnbs,"e=1.0,h=8.0,n=30,start_thres=1.25,min_cluster_size=3",hub,0.25,10,29,40,1730,0,0,40,1730,0.0,0.0,0.0,0.0,0.1635623587803407
fbc_tfnbs,"e=1.0,h=9.0,n=30,start_thres=1.25,min_cluster_size=3",hub,0.25,10,29,40,1730,0,0,40,1730,0.0,0.0,0.0,0.0,0.1635623587803407
fbc_tfnbs,"e=1.0,h=10.0,n=30,start_thres=1.25,min_cluster_size=3",hub,0.25,10,29,40,1730,0,0,40,1730,0.0,0.0,0.0,0.0,0.1635623587803407
fbc_tfnbs,"e=1.1,h=0.5,n=30,start_thres=1.25,min_cluster_size=3",hub,0.25,10,29,40,1730,0,0,40,1730,0.0,0.0,0.0,0.0,0.1635623587803407
fbc_tfnbs,"e=1.1,h=1.0,n=30,start_thres=1.25,min_cluster_size=3",hub,0.25,10,29,40,1730,0,0,40,1730,0.0,0.0,0.0,0.0,0.1635623587803407
fbc_tfnbs,"e=1.1,h=2.0,n=30,start_thres=1.25,min_cluster_size=3",hub,0.25,10,29,40,1730,0,0,40,1730,0.0,0.0,0.0,0.0,0.1635623587803407
fbc_tfnbs,"e=1.1,h=3.0,n=30,start_thres=1.25,min_cluster_size=3",hub,0.25,10,29,40,1730,0,0,40,1730,0.0,0.0,0.0,0.0,0.1635623587803407
fbc_tfnbs,"e=1.1,h=4.0,n=30,start_thres=1.25,min_cluster_size=3",hub,0.25,10,29,40,1730,0,0,40,1730,0.0,0.0,0.0,0.0,0.1635623587803407
fbc_tfnbs,"e=1.1,h=5.0,n=30,start_thres=1.25,min_cluster_size=3",hub,0.25,10,29,40,1730,0,0,40,1730,0.0,0.0,0.0,0.0,0.1635623587803407
fbc_tfnbs,"e=1.1,h=6.0,n=30,start_thres=1.25,min_cluster_size=3",hub,0.25,10,29,40,1730,0,0,40,1730,0.0,0.0,0.0,0.0,0.1635623587803407
fbc_tfnbs,"e=1.1,h=7.0,n=30,start_thres=1.25,min_cluster_size=3",hub,0.25,10,29,40,1730,0,0,40,1730,0.0,0.0,0.0,0.0,0.1635623587803407
fbc_tfnbs,"e=1.1,h=8.0,n=30,start_thres=1.25,min_cluster_size=3",hub,0.25,10,29,40,1730,0,0,40,1730,0.0,0.0,0.0,0.0,0.1635623587803407
fbc_tfnbs,"e=1.1,h=9.0,n=30,start_thres=1.25,min_cluster_size=3",hub,0.25,10,29,40,1730,0,0,40,1730,0.0,0.0,0.0,0.0,0.1635623587803407
fbc_tfnbs,"e=1.1,h=10.0,n=30,start_thres=1.25,min_cluster_size=3",hub,0.25,10,29,40,1730,0,0,40,1730,0.0,0.0,0.0,0.0,0.1635623587803407
fbc_tfnbs,"e=1.2,h=0.5,n=30,start_thres=1.25,min_cluster_size=3",hub,0.25,10,29,40,1730,0,0,40,1730,0.0,0.0,0.0,0.0,0.1635623587803407
fbc_tfnbs,"e=1.2,h=1.0,n=30,start_thres=1.25,min_cluster_size=3",hub,0.25,10,29,40,1730,0,0,40,1730,0.0,0.0,0.0,0.0,0.1635623587803407
fbc_tfnbs,"e=1.2,h=2.0,n=30,start_thres=1.25,min_cluster_size=3",hub,0.25,10,29,40,1730,0,0,40,1730,0.0,0.0,0.0,0.0,0.1635623587803407
fbc_tfnbs,"e=1.2,h=3.0,n=30,start_thres=1.25,min_cluster_size=3",hub,0.25,10,29,40,1730,0,0,40,1730,0.0,0.0,0.0,0.0,0.1635623587803407
fbc_tfnbs,"e=1.2,h=4.0,n=30,start_thres=1.25,min_cluster_size=3",hub,0.25,10,29,40,1730,0,0,40,1730,0.0,0.0,0.0,0.0,0.1635623587803407
fbc_tfnbs,"e=1.2,h=5.0,n=30,start_thres=1.25,min_cluster_size=3",hub,0.25,10,29,40,1730,0,0,40,1730,0.0,0.0,0.0,0.0,0.1635623587803407
fbc_tfnbs,"e=1.2,h=6.0,n=30,start_thres=1.25,min_cluster_size=3",hub,0.25,10,29,40,1730,0,0,40,1730,0.0,0.0,0.0,0.0,0.1635623587803407
fbc_tfnbs,"e=1.2,h=7.0,n=30,start_thres=1.25,min_cluster_size=3",hub,0.25,10,29,40,1730,0,0,40,1730,0.0,0.0,0.0,0.0,0.1635623587803407
fbc_tfnbs,"e=1.2,h=8.0,n=30,start_thres=1.25,min_cluster_size=3",hub,0.25,10,29,40,1730,0,0,40,1730,0.0,0.0,0.0,0.0,0.1635623587803407
fbc_tfnbs,"e=1.2,h=9.0,n=30,start_thres=1.25,min_cluster_size=3",hub,0.25,10,29,40,1730,0,0,40,1730,0.0,0.0,0.0,0.0,0.1635623587803407
fbc_tfnbs,"e=1.2,h=10.0,n=30,start_thres=1.25,min_cluster_size=3",hub,0.25,10,29,40,1730,0,0,40,1730,0.0,0.0,0.0,0.0,0.1635623587803407
fbc_tfnbs,"e=1.3,h=0.5,n=30,start_thres=1.25,min_cluster_size=3",hub,0.25,10,29,40,1730,0,0,40,1730,0.0,0.0,0.0,0.0,0.1635623587803407
fbc_tfnbs,"e=1.3,h=1.0,n=30,start_thres=1.25,min_cluster_size=3",hub,0.25,10,29,40,1730,0,0,40,1730,0.0,0.0,0.0,0.0,0.1635623587803407
fbc_tfnbs,"e=1.3,h=2.0,n=30,start_thres=1.25,min_cluster_size=3",hub,0.25,10,29,40,1730,0,0,40,1730,0.0,0.0,0.0,0.0,0.1635623587803407
fbc_tfnbs,"e=1.3,h=3.0,n=30,start_thres=1.25,min_cluster_size=3",hub,0.25,10,29,40,1730,0,0,40,1730,0.0,0.0,0.0,0.0,0.1635623587803407
fbc_tfnbs,"e=1.3,h=4.0,n=30,start_thres=1.25,min_cluster_size=3",hub,0.25,10,29,40,1730,0,0,40,1730,0.0,0.0,0.0,0.0,0.1635623587803407
fbc_tfnbs,"e=1.3,h=5.0,n=30,start_thres=1.25,min_cluster_size=3",hub,0.25,10,29,40,1730,0,0,40,1730,0.0,0.0,0.0,0.0,0.1635623587803407
fbc_tfnbs,"e=1.3,h=6.0,n=30,start_thres=1.25,min_cluster_size=3",hub,0.25,10,29,40,1730,0,0,40,1730,0.0,0.0,0.0,0.0,0.1635623587803407
fbc_tfnbs,"e=1.3,h=7.0,n=30,start_thres=1.25,min_cluster_size=3",hub,0.25,10,29,40,1730,0,0,40,1730,0.0,0.0,0.0,0.0,0.1635623587803407
fbc_tfnbs,"e=1.3,h=8.0,n=30,start_thres=1.25,min_cluster_size=3",hub,0.25,10,29,40,1730,0,0,40,1730,0.0,0.0,0.0,0.0,0.1635623587803407
fbc_tfnbs,"e=1.3,h=9.0,n=30,start_thres=1.25,min_cluster_size=3",hub,0.25,10,29,40,1730,0,0,40,1730,0.0,0.0,0.0,0.0,0.1635623587803407
fbc_tfnbs,"e=1.3,h=10.0,n=30,start_thres=1.25,min_cluster_size=3",hub,0.25,10,29,40,1730,0,0,40,1730,0.0,0.0,0.0,0.0,0.1635623587803407
fbc_tfnbs,"e=1.4,h=0.5,n=30,start_thres=1.25,min_cluster_size=3",hub,0.25,10,29,40,1730,0,0,40,1730,0.0,0.0,0.0,0.0,0.1635623587803407
fbc_tfnbs,"e=1.4,h=1.0,n=30,start_thres=1.25,min_cluster_size=3",hub,0.25,10,29,40,1730,0,0,40,1730,0.0,0.0,0.0,0.0,0.1635623587803407
fbc_tfnbs,"e=1.4,h=2.0,n=30,start_thres=1.25,min_cluster_size=3",hub,0.25,10,29,40,1730,0,0,40,1730,0.0,0.0,0.0,0.0,0.1635623587803407
fbc_tfnbs,"e=1.4,h=3.0,n=30,start_thres=1.25,min_cluster_size=3",hub,0.25,10,29,40,1730,0,0,40,1730,0.0,0.0,0.0,0.0,0.1635623587803407
fbc_tfnbs,"e=1.4,h=4.0,n=30,start_thres=1.25,min_cluster_size=3",hub,0.25,10,29,40,1730,0,0,40,1730,0.0,0.0,0.0,0.0,0.1635623587803407
fbc_tfnbs,"e=1.4,h=5.0,n=30,start_thres=1.25,min_cluster_size=3",hub,0.25,10,29,40,1730,0,0,40,1730,0.0,0.0,0.0,0.0,0.1635623587803407
fbc_tfnbs,"e=1.4,h=6.0,n=30,start_thres=1.25,min_cluster_size=3",hub,0.25,10,29,40,1730,0,0,40,1730,0.0,0.0,0.0,0.0,0.1635623587803407
fbc_tfnbs,"e=1.4,h=7.0,n=30,start_thres=1.25,min_cluster_size=3",hub,0.25,10,29,40,1730,0,0,40,1730,0.0,0.0,0.0,0.0,0.1635623587803407
fbc_tfnbs,"e=1.4,h=8.0,n=30,start_thres=1.25,min_cluster_size=3",hub,0.25,10,29,40,1730,0,0,40,1730,0.0,0.0,0.0,0.0,0.1635623587803407
fbc_tfnbs,"e=1.4,h=9.0,n=30,start_thres=1.25,min_cluster_size=3",hub,0.25,10,29,40,1730,0,0,40,1730,0.0,0.0,0.0,0.0,0.1635623587803407
fbc_tfnbs,"e=1.4,h=10.0,n=30,start_thres=1.25,min_cluster_size=3",hub,0.25,10,29,40,1730,0,0,40,1730,0.0,0.0,0.0,0.0,0.1635623587803407
fbc_tfnbs,"e=1.5,h=0.5,n=30,start_thres=1.25,min_cluster_size=3",hub,0.25,10,29,40,1730,0,0,40,1730,0.0,0.0,0.0,0.0,0.1635623587803407
fbc_tfnbs,"e=1.5,h=1.0,n=30,start_thres=1.25,min_cluster_size=3",hub,0.25,10,29,40,1730,0,0,40,1730,0.0,0.0,0.0,0.0,0.1635623587803407
fbc_tfnbs,"e=1.5,h=2.0,n=30,start_thres=1.25,min_cluster_size=3",hub,0.25,10,29,40,1730,0,0,40,1730,0.0,0.0,0.0,0.0,0.1635623587803407
fbc_tfnbs,"e=1.5,h=3.0,n=30,start_thres=1.25,min_cluster_size=3",hub,0.25,10,29,40,1730,0,0,40,1730,0.0,0.0,0.0,0.0,0.1635623587803407
fbc_tfnbs,"e=1.5,h=4.0,n=30,start_thres=1.25,min_cluster_size=3",hub,0.25,10,29,40,1730,0,0,40,1730,0.0,0.0,0.0,0.0,0.1635623587803407
fbc_tfnbs,"e=1.5,h=5.0,n=30,start_thres=1.25,min_cluster_size=3",hub,0.25,10,29,40,1730,0,0,40,1730,0.0,0.0,0.0,0.0,0.1635623587803407
fbc_tfnbs,"e=1.5,h=6.0,n=30,start_thres=1.25,min_cluster_size=3",hub,0.25,10,29,40,1730,0,0,40,1730,0.0,0.0,0.0,0.0,0.1635623587803407
fbc_tfnbs,"e=1.5,h=7.0,n=30,start_thres=1.25,min_cluster_size=3",hub,0.25,10,29,40,1730,0,0,40,1730,0.0,0.0,0.0,0.0,0.1635623587803407
fbc_tfnbs,"e=1.5,h=8.0,n=30,start_thres=1.25,min_cluster_size=3",hub,0.25,10,29,40,1730,0,0,40,1730,0.0,0.0,0.0,0.0,0.1635623587803407
fbc_tfnbs,"e=1.5,h=9.0,n=30,start_thres=1.25,min_cluster_size=3",hub,0.25,10,29,40,1730,0,0,40,1730,0.0,0.0,0.0,0.0,0.1635623587803407
fbc_tfnbs,"e=1.5,h=10.0,n=30,start_thres=1.25,min_cluster_size=3",hub,0.25,10,29,40,1730,0,0,40,1730,0.0,0.0,0.0,0.0,0.1635623587803407
nbs_extent,threshold=1.0,hub,0.25,10,1,40,1730,0,0,40,1730,0.0,0.0,0.0,0.0,1.6447336673736572
nbs_extent,threshold=1.0,hub,0.25,10,2,40,1730,0,0,40,1730,0.0,0.0,0.0,0.0,1.2236919403076172
nbs_extent,threshold=1.0,hub,0.25,10,3,40,1730,0,0,40,1730,0.0,0.0,0.0,0.0,1.1630864143371582
nbs_extent,threshold=1.0,hub,0.25,10,4,40,1730,0,0,40,1730,0.0,0.0,0.0,0.0,1.164919376373291
nbs_extent,threshold=1.0,hub,0.25,10,5,40,1730,0,0,40,1730,0.0,0.0,0.0,0.0,1.1705591678619385
nbs_extent,threshold=1.0,hub,0.25,10,6,40,1730,0,0,40,1730,0.0,0.0,0.0,0.0,1.4889721870422363
nbs_extent,threshold=1.0,hub,0.25,10,7,40,1730,0,0,40,1730,0.0,0.0,0.0,0.0,1.247321844100952
nbs_extent,threshold=1.0,hub,0.25,10,8,40,1730,0,0,40,1730,0.0,0.0,0.0,0.0,1.1771914958953855
nbs_extent,threshold=1.0,hub,0.25,10,9,40,1730,0,0,40,1730,0.0,0.0,0.0,0.0,1.1715099811553955
nbs_extent,threshold=1.0,hub,0.25,10,10,40,1730,0,0,40,1730,0.0,0.0,0.0,0.0,1.1901347637176514
nbs_extent,threshold=1.0,hub,0.25,10,11,40,1730,0,0,40,1730,0.0,0.0,0.0,0.0,1.1632740497589111
nbs_extent,threshold=1.0,hub,0.25,10,12,40,1730,0,0,40,1730,0.0,0.0,0.0,0.0,1.1540870666503906
nbs_extent,threshold=1.0,hub,0.25,10,13,40,1730,0,0,40,1730,0.0,0.0,0.0,0.0,1.1649701595306396
nbs_extent,threshold=1.0,hub,0.25,10,14,40,1730,0,0,40,1730,0.0,0.0,0.0,0.0,1.1576225757598877
nbs_extent,threshold=1.0,hub,0.25,10,15,40,1730,0,0,40,1730,0.0,0.0,0.0,0.0,1.1770708560943604
nbs_extent,threshold=1.0,hub,0.25,10,16,40,1730,0,0,40,1730,0.0,0.0,0.0,0.0,1.1677229404449463
nbs_extent,threshold=1.0,hub,0.25,10,17,40,1730,0,0,40,1730,0.0,0.0,0.0,0.0,1.6172823905944824
nbs_extent,threshold=1.0,hub,0.25,10,18,40,1730,0,0,40,1730,0.0,0.0,0.0,0.0,1.1580829620361328
nbs_extent,threshold=1.0,hub,0.25,10,19,40,1730,0,0,40,1730,0.0,0.0,0.0,0.0,1.1662397384643557
nbs_extent,threshold=1.0,hub,0.25,10,20,40,1730,0,0,40,1730,0.0,0.0,0.0,0.0,1.1550192832946775
nbs_extent,threshold=1.0,hub,0.25,10,21,40,1730,0,0,40,1730,0.0,0.0,0.0,0.0,1.2027788162231443
nbs_extent,threshold=1.0,hub,0.25,10,22,40,1730,0,0,40,1730,0.0,0.0,0.0,0.0,1.1891775131225586
nbs_extent,threshold=1.0,hub,0.25,10,23,40,1730,0,0,40,1730,0.0,0.0,0.0,0.0,1.2044317722320557
nbs_extent,threshold=1.0,hub,0.25,10,24,40,1730,0,0,40,1730,0.0,0.0,0.0,0.0,1.1644184589385986
nbs_extent,threshold=1.0,hub,0.25,10,25,40,1730,0,0,40,1730,0.0,0.0,0.0,0.0,1.2018356323242188
nbs_extent,threshold=1.0,hub,0.25,10,26,40,1730,0,0,40,1730,0.0,0.0,0.0,0.0,1.1621878147125244
nbs_extent,threshold=1.0,hub,0.25,10,27,40,1730,0,0,40,1730,0.0,0.0,0.0,0.0,1.193786382675171
nbs_extent,threshold=1.0,hub,0.25,10,28,40,1730,0,0,40,1730,0.0,0.0,0.0,0.0,1.161590337753296
nbs_extent,threshold=1.5,hub,0.25,10,0,40,1730,0,0,40,1730,0.0,0.0,0.0,0.0,1.131187915802002
nbs_extent,threshold=1.0,hub,0.25,10,29,40,1730,36,441,4,1289,0.9,0.2549132947976879,0.0754716981132075,0.9245283018867924,1.7897801399230957
nbs_extent,threshold=1.5,hub,0.25,10,1,40,1730,0,0,40,1730,0.0,0.0,0.0,0.0,1.1275887489318848
nbs_extent,threshold=1.5,hub,0.25,10,2,40,1730,0,0,40,1730,0.0,0.0,0.0,0.0,1.1364400386810305
nbs_extent,threshold=1.5,hub,0.25,10,3,40,1730,0,0,40,1730,0.0,0.0,0.0,0.0,1.1314899921417236
nbs_extent,threshold=1.5,hub,0.25,10,4,40,1730,0,0,40,1730,0.0,0.0,0.0,0.0,1.146526575088501
nbs_extent,threshold=1.5,hub,0.25,10,5,40,1730,0,0,40,1730,0.0,0.0,0.0,0.0,1.1322946548461914
nbs_extent,threshold=1.5,hub,0.25,10,6,40,1730,0,0,40,1730,0.0,0.0,0.0,0.0,1.1569766998291016
nbs_extent,threshold=1.5,hub,0.25,10,7,40,1730,0,0,40,1730,0.0,0.0,0.0,0.0,1.1306202411651611
nbs_extent,threshold=1.5,hub,0.25,10,9,40,1730,0,0,40,1730,0.0,0.0,0.0,0.0,1.1319530010223389
nbs_extent,threshold=1.5,hub,0.25,10,8,40,1730,30,160,10,1570,0.75,0.0924855491329479,0.1578947368421052,0.8421052631578947,1.7474677562713623
nbs_extent,threshold=1.5,hub,0.25,10,10,40,1730,0,0,40,1730,0.0,0.0,0.0,0.0,1.1292290687561035
nbs_extent,threshold=1.5,hub,0.25,10,11,40,1730,0,0,40,1730,0.0,0.0,0.0,0.0,1.7771267890930176
nbs_extent,threshold=1.5,hub,0.25,10,12,40,1730,0,0,40,1730,0.0,0.0,0.0,0.0,1.128854513168335
nbs_extent,threshold=1.5,hub,0.25,10,13,40,1730,0,0,40,1730,0.0,0.0,0.0,0.0,1.1418707370758057
nbs_extent,threshold=1.5,hub,0.25,10,14,40,1730,0,0,40,1730,0.0,0.0,0.0,0.0,1.126854419708252
nbs_extent,threshold=1.5,hub,0.25,10,15,40,1730,0,0,40,1730,0.0,0.0,0.0,0.0,1.206226110458374
nbs_extent,threshold=1.5,hub,0.25,10,16,40,1730,0,0,40,1730,0.0,0.0,0.0,0.0,1.135118007659912
nbs_extent,threshold=1.5,hub,0.25,10,17,40,1730,0,0,40,1730,0.0,0.0,0.0,0.0,1.3641948699951172
nbs_extent,threshold=1.5,hub,0.25,10,18,40,1730,0,0,40,1730,0.0,0.0,0.0,0.0,1.1732361316680908
nbs_extent,threshold=1.5,hub,0.25,10,20,40,1730,0,0,40,1730,0.0,0.0,0.0,0.0,1.144300937652588
nbs_extent,threshold=1.5,hub,0.25,10,19,40,1730,0,0,40,1730,0.0,0.0,0.0,0.0,1.6729066371917725
nbs_extent,threshold=1.5,hub,0.25,10,21,40,1730,0,0,40,1730,0.0,0.0,0.0,0.0,1.483426570892334
nbs_extent,threshold=1.5,hub,0.25,10,22,40,1730,0,0,40,1730,0.0,0.0,0.0,0.0,1.156735897064209
nbs_extent,threshold=1.5,hub,0.25,10,23,40,1730,0,0,40,1730,0.0,0.0,0.0,0.0,1.1441004276275637
nbs_extent,threshold=1.5,hub,0.25,10,24,40,1730,0,0,40,1730,0.0,0.0,0.0,0.0,1.1536550521850586
nbs_extent,threshold=1.5,hub,0.25,10,25,40,1730,0,0,40,1730,0.0,0.0,0.0,0.0,1.1447124481201172
nbs_extent,threshold=1.5,hub,0.25,10,26,40,1730,0,0,40,1730,0.0,0.0,0.0,0.0,1.1548619270324707
nbs_extent,threshold=1.5,hub,0.25,10,27,40,1730,0,0,40,1730,0.0,0.0,0.0,0.0,1.1459925174713137
nbs_extent,threshold=1.5,hub,0.25,10,28,40,1730,0,0,40,1730,0.0,0.0,0.0,0.0,1.2802741527557373
nbs_extent,threshold=1.5,hub,0.25,10,29,40,1730,22,222,18,1508,0.55,0.1283236994219653,0.0901639344262295,0.9098360655737704,1.1485438346862793
nbs_extent,threshold=2.0,hub,0.25,10,0,40,1730,0,0,40,1730,0.0,0.0,0.0,0.0,1.4305074214935305
nbs_extent,threshold=2.0,hub,0.25,10,1,40,1730,0,0,40,1730,0.0,0.0,0.0,0.0,1.1346197128295898
nbs_extent,threshold=2.0,hub,0.25,10,2,40,1730,0,0,40,1730,0.0,0.0,0.0,0.0,1.143275022506714
nbs_extent,threshold=2.0,hub,0.25,10,3,40,1730,0,0,40,1730,0.0,0.0,0.0,0.0,1.1409180164337158
nbs_extent,threshold=2.0,hub,0.25,10,4,40,1730,0,0,40,1730,0.0,0.0,0.0,0.0,1.479658126831055
nbs_extent,threshold=2.0,hub,0.25,10,5,40,1730,0,0,40,1730,0.0,0.0,0.0,0.0,1.1517269611358645
nbs_extent,threshold=2.0,hub,0.25,10,6,40,1730,0,0,40,1730,0.0,0.0,0.0,0.0,1.1532018184661863
nbs_extent,threshold=2.0,hub,0.25,10,7,40,1730,17,70,23,1660,0.425,0.0404624277456647,0.1954022988505747,0.8045977011494253,1.1412155628204346
nbs_extent,threshold=2.0,hub,0.25,10,8,40,1730,22,66,18,1664,0.55,0.038150289017341,0.25,0.75,1.1366822719573977
nbs_extent,threshold=2.0,hub,0.25,10,9,40,1730,0,0,40,1730,0.0,0.0,0.0,0.0,1.4553370475769043
nbs_extent,threshold=2.0,hub,0.25,10,10,40,1730,0,0,40,1730,0.0,0.0,0.0,0.0,1.5210039615631104
nbs_extent,threshold=2.0,hub,0.25,10,11,40,1730,0,0,40,1730,0.0,0.0,0.0,0.0,1.1498067378997805
nbs_extent,threshold=2.0,hub,0.25,10,12,40,1730,0,0,40,1730,0.0,0.0,0.0,0.0,1.1172997951507568
nbs_extent,threshold=2.0,hub,0.25,10,13,40,1730,0,0,40,1730,0.0,0.0,0.0,0.0,1.1878411769866943
nbs_extent,threshold=2.0,hub,0.25,10,14,40,1730,0,0,40,1730,0.0,0.0,0.0,0.0,1.1802349090576172
nbs_extent,threshold=2.0,hub,0.25,10,15,40,1730,0,0,40,1730,0.0,0.0,0.0,0.0,1.1408069133758545
nbs_extent,threshold=2.0,hub,0.25,10,16,40,1730,0,0,40,1730,0.0,0.0,0.0,0.0,1.128986120223999
nbs_extent,threshold=2.0,hub,0.25,10,17,40,1730,0,0,40,1730,0.0,0.0,0.0,0.0,1.1285629272460938
nbs_extent,threshold=2.0,hub,0.25,10,19,40,1730,0,0,40,1730,0.0,0.0,0.0,0.0,1.1259260177612305
nbs_extent,threshold=2.0,hub,0.25,10,18,40,1730,0,0,40,1730,0.0,0.0,0.0,0.0,1.7307188510894775
nbs_extent,threshold=2.0,hub,0.25,10,20,40,1730,0,0,40,1730,0.0,0.0,0.0,0.0,1.132295846939087
nbs_extent,threshold=2.0,hub,0.25,10,21,40,1730,0,0,40,1730,0.0,0.0,0.0,0.0,1.248047113418579
nbs_extent,threshold=2.0,hub,0.25,10,22,40,1730,0,0,40,1730,0.0,0.0,0.0,0.0,1.203340768814087
nbs_extent,threshold=2.0,hub,0.25,10,23,40,1730,0,0,40,1730,0.0,0.0,0.0,0.0,1.183326244354248
nbs_extent,threshold=2.0,hub,0.25,10,24,40,1730,19,66,21,1664,0.475,0.038150289017341,0.2235294117647059,0.7764705882352941,1.173715353012085
nbs_extent,threshold=2.0,hub,0.25,10,25,40,1730,0,0,40,1730,0.0,0.0,0.0,0.0,1.13919997215271
nbs_extent,threshold=2.0,hub,0.25,10,26,40,1730,0,0,40,1730,0.0,0.0,0.0,0.0,1.1784465312957764
nbs_extent,threshold=2.0,hub,0.25,10,27,40,1730,0,0,40,1730,0.0,0.0,0.0,0.0,1.1344568729400637
nbs_extent,threshold=2.0,hub,0.25,10,28,40,1730,0,0,40,1730,0.0,0.0,0.0,0.0,1.147430181503296
nbs_extent,threshold=2.0,hub,0.25,10,29,40,1730,16,95,24,1635,0.4,0.0549132947976878,0.1441441441441441,0.8558558558558559,1.1319153308868408
nbs_extent,threshold=2.5,hub,0.25,10,1,40,1730,0,0,40,1730,0.0,0.0,0.0,0.0,1.1090936660766602
nbs_extent,threshold=2.5,hub,0.25,10,0,40,1730,0,0,40,1730,0.0,0.0,0.0,0.0,1.5330512523651123
nbs_extent,threshold=2.5,hub,0.25,10,2,40,1730,0,0,40,1730,0.0,0.0,0.0,0.0,1.1117489337921145
nbs_extent,threshold=2.5,hub,0.25,10,3,40,1730,0,0,40,1730,0.0,0.0,0.0,0.0,1.244758129119873
nbs_extent,threshold=2.5,hub,0.25,10,4,40,1730,0,0,40,1730,0.0,0.0,0.0,0.0,1.1070849895477295
nbs_extent,threshold=2.5,hub,0.25,10,5,40,1730,0,0,40,1730,0.0,0.0,0.0,0.0,1.1154890060424805
nbs_extent,threshold=2.5,hub,0.25,10,6,40,1730,15,26,25,1704,0.375,0.015028901734104,0.3658536585365853,0.6341463414634146,1.145944118499756
nbs_extent,threshold=2.5,hub,0.25,10,7,40,1730,0,0,40,1730,0.0,0.0,0.0,0.0,1.1261587142944336
nbs_extent,threshold=2.5,hub,0.25,10,8,40,1730,18,26,22,1704,0.45,0.015028901734104,0.4090909090909091,0.5909090909090909,1.111865758895874
nbs_extent,threshold=2.5,hub,0.25,10,9,40,1730,0,0,40,1730,0.0,0.0,0.0,0.0,1.113405466079712
nbs_extent,threshold=2.5,hub,0.25,10,11,40,1730,0,0,40,1730,0.0,0.0,0.0,0.0,1.112468719482422
nbs_extent,threshold=2.5,hub,0.25,10,10,40,1730,0,0,40,1730,0.0,0.0,0.0,0.0,1.8375368118286133
nbs_extent,threshold=2.5,hub,0.25,10,12,40,1730,0,0,40,1730,0.0,0.0,0.0,0.0,1.124971628189087
nbs_extent,threshold=2.5,hub,0.25,10,13,40,1730,0,0,40,1730,0.0,0.0,0.0,0.0,1.1460144519805908
nbs_extent,threshold=2.5,hub,0.25,10,14,40,1730,0,0,40,1730,0.0,0.0,0.0,0.0,1.1463687419891355
nbs_extent,threshold=2.5,hub,0.25,10,15,40,1730,0,0,40,1730,0.0,0.0,0.0,0.0,1.1100425720214844
nbs_extent,threshold=2.5,hub,0.25,10,16,40,1730,12,22,28,1708,0.3,0.0127167630057803,0.3529411764705882,0.6470588235294118,1.1528427600860596
nbs_extent,threshold=2.5,hub,0.25,10,17,40,1730,0,0,40,1730,0.0,0.0,0.0,0.0,1.1083743572235107
nbs_extent,threshold=2.5,hub,0.25,10,18,40,1730,11,21,29,1709,0.275,0.0121387283236994,0.34375,0.65625,1.1421794891357422
nbs_extent,threshold=2.5,hub,0.25,10,19,40,1730,0,0,40,1730,0.0,0.0,0.0,0.0,1.1106500625610352
nbs_extent,threshold=2.5,hub,0.25,10,20,40,1730,0,0,40,1730,0.0,0.0,0.0,0.0,1.118433952331543
nbs_extent,threshold=2.5,hub,0.25,10,21,40,1730,0,0,40,1730,0.0,0.0,0.0,0.0,1.5919244289398191
nbs_extent,threshold=2.5,hub,0.25,10,22,40,1730,0,0,40,1730,0.0,0.0,0.0,0.0,1.1403160095214844
nbs_extent,threshold=2.5,hub,0.25,10,24,40,1730,9,21,31,1709,0.225,0.0121387283236994,0.3,0.7,1.166992425918579
nbs_extent,threshold=2.5,hub,0.25,10,23,40,1730,0,0,40,1730,0.0,0.0,0.0,0.0,1.3654041290283203
nbs_extent,threshold=2.5,hub,0.25,10,25,40,1730,0,0,40,1730,0.0,0.0,0.0,0.0,1.148735761642456
nbs_extent,threshold=2.5,hub,0.25,10,26,40,1730,0,0,40,1730,0.0,0.0,0.0,0.0,1.1077983379364014
nbs_extent,threshold=2.5,hub,0.25,10,28,40,1730,0,0,40,1730,0.0,0.0,0.0,0.0,1.1052041053771973
nbs_extent,threshold=2.5,hub,0.25,10,27,40,1730,0,0,40,1730,0.0,0.0,0.0,0.0,1.1640567779541016
nbs_extent,threshold=2.5,hub,0.25,10,29,40,1730,12,35,28,1695,0.3,0.0202312138728323,0.2553191489361702,0.7446808510638298,1.1056616306304932
nbs_extent,threshold=3.0,hub,0.25,10,0,40,1730,0,0,40,1730,0.0,0.0,0.0,0.0,1.1490471363067627
nbs_extent,threshold=3.0,hub,0.25,10,1,40,1730,0,0,40,1730,0.0,0.0,0.0,0.0,1.114274501800537
nbs_extent,threshold=3.0,hub,0.25,10,2,40,1730,0,0,40,1730,0.0,0.0,0.0,0.0,1.1566739082336426
nbs_extent,threshold=3.0,hub,0.25,10,3,40,1730,6,6,34,1724,0.15,0.0034682080924855,0.5,0.5,1.246721267700195
nbs_extent,threshold=3.0,hub,0.25,10,4,40,1730,0,7,40,1723,0.0,0.0040462427745664,0.0,1.0,1.1370079517364502
nbs_extent,threshold=3.0,hub,0.25,10,6,40,1730,8,4,32,1726,0.2,0.0023121387283236,0.6666666666666666,0.3333333333333333,1.1460716724395752
nbs_extent,threshold=3.0,hub,0.25,10,5,40,1730,7,5,33,1725,0.175,0.0028901734104046,0.5833333333333334,0.4166666666666667,1.4651856422424316
nbs_extent,threshold=3.0,hub,0.25,10,7,40,1730,0,7,40,1723,0.0,0.0040462427745664,0.0,1.0,1.1421961784362793
nbs_extent,threshold=3.0,hub,0.25,10,8,40,1730,10,14,30,1716,0.25,0.0080924855491329,0.4166666666666667,0.5833333333333334,1.3436493873596191
nbs_extent,threshold=3.0,hub,0.25,10,9,40,1730,0,0,40,1730,0.0,0.0,0.0,0.0,1.1014063358306885
nbs_extent,threshold=3.0,hub,0.25,10,10,40,1730,0,0,40,1730,0.0,0.0,0.0,0.0,1.0946862697601318
nbs_extent,threshold=3.0,hub,0.25,10,11,40,1730,0,0,40,1730,0.0,0.0,0.0,0.0,1.1018202304840088
nbs_extent,threshold=3.0,hub,0.25,10,12,40,1730,7,4,33,1726,0.175,0.0023121387283236,0.6363636363636364,0.3636363636363636,1.0890872478485107
nbs_extent,threshold=3.0,hub,0.25,10,13,40,1730,0,0,40,1730,0.0,0.0,0.0,0.0,1.114539623260498
nbs_extent,threshold=3.0,hub,0.25,10,14,40,1730,0,0,40,1730,0.0,0.0,0.0,0.0,1.1138310432434082
nbs_extent,threshold=3.0,hub,0.25,10,15,40,1730,2,6,38,1724,0.05,0.0034682080924855,0.25,0.75,1.115173101425171
nbs_extent,threshold=3.0,hub,0.25,10,16,40,1730,6,2,34,1728,0.15,0.0011560693641618,0.75,0.25,1.091254472732544
nbs_extent,threshold=3.0,hub,0.25,10,17,40,1730,9,2,31,1728,0.225,0.0011560693641618,0.8181818181818182,0.1818181818181818,1.1003320217132568
nbs_extent,threshold=3.0,hub,0.25,10,18,40,1730,0,0,40,1730,0.0,0.0,0.0,0.0,1.096102237701416
nbs_extent,threshold=3.0,hub,0.25,10,19,40,1730,0,0,40,1730,0.0,0.0,0.0,0.0,1.1126141548156738
nbs_extent,threshold=3.0,hub,0.25,10,20,40,1730,0,0,40,1730,0.0,0.0,0.0,0.0,1.0835752487182615
nbs_extent,threshold=3.0,hub,0.25,10,21,40,1730,0,0,40,1730,0.0,0.0,0.0,0.0,1.1019062995910645
nbs_extent,threshold=3.0,hub,0.25,10,22,40,1730,0,0,40,1730,0.0,0.0,0.0,0.0,1.0937626361846924
nbs_extent,threshold=3.0,hub,0.25,10,23,40,1730,0,0,40,1730,0.0,0.0,0.0,0.0,1.147130012512207
nbs_extent,threshold=3.0,hub,0.25,10,24,40,1730,0,0,40,1730,0.0,0.0,0.0,0.0,1.099903583526611
nbs_extent,threshold=3.0,hub,0.25,10,25,40,1730,5,5,35,1725,0.125,0.0028901734104046,0.5,0.5,1.1456506252288818
nbs_extent,threshold=3.0,hub,0.25,10,26,40,1730,0,0,40,1730,0.0,0.0,0.0,0.0,1.0895884037017822
nbs_extent,threshold=3.0,hub,0.25,10,27,40,1730,5,3,35,1727,0.125,0.0017341040462427,0.625,0.375,1.1242258548736572
nbs_extent,threshold=3.0,hub,0.25,10,28,40,1730,0,0,40,1730,0.0,0.0,0.0,0.0,1.2902882099151611
nbs_extent,threshold=3.0,hub,0.25,10,29,40,1730,3,12,37,1718,0.075,0.006936416184971,0.2,0.8,1.1286535263061523
nbs_extent,threshold=3.5,hub,0.25,10,0,40,1730,4,0,36,1730,0.1,0.0,1.0,0.0,1.275937557220459
nbs_extent,threshold=3.5,hub,0.25,10,1,40,1730,0,0,40,1730,0.0,0.0,0.0,0.0,1.1311841011047363
nbs_extent,threshold=3.5,hub,0.25,10,2,40,1730,0,0,40,1730,0.0,0.0,0.0,0.0,1.0438649654388428
nbs_extent,threshold=3.5,hub,0.25,10,3,40,1730,3,2,37,1728,0.075,0.0011560693641618,0.6,0.4,1.0699317455291748
nbs_extent,threshold=3.5,hub,0.25,10,4,40,1730,0,0,40,1730,0.0,0.0,0.0,0.0,1.043311357498169
nbs_extent,threshold=3.5,hub,0.25,10,5,40,1730,5,4,35,1726,0.125,0.0023121387283236,0.5555555555555556,0.4444444444444444,1.1052393913269043
nbs_extent,threshold=3.5,hub,0.25,10,6,40,1730,5,2,35,1728,0.125,0.0011560693641618,0.7142857142857143,0.2857142857142857,1.0602567195892334
nbs_extent,threshold=3.5,hub,0.25,10,7,40,1730,0,0,40,1730,0.0,0.0,0.0,0.0,1.035276174545288
nbs_extent,threshold=3.5,hub,0.25,10,8,40,1730,6,2,34,1728,0.15,0.0011560693641618,0.75,0.25,1.0517370700836182
nbs_extent,threshold=3.5,hub,0.25,10,9,40,1730,0,0,40,1730,0.0,0.0,0.0,0.0,1.173945426940918
nbs_extent,threshold=3.5,hub,0.25,10,10,40,1730,0,0,40,1730,0.0,0.0,0.0,0.0,1.0378620624542236
nbs_extent,threshold=3.5,hub,0.25,10,11,40,1730,0,0,40,1730,0.0,0.0,0.0,0.0,1.0151677131652832
nbs_extent,threshold=3.5,hub,0.25,10,12,40,1730,0,0,40,1730,0.0,0.0,0.0,0.0,1.0299310684204102
nbs_extent,threshold=3.5,hub,0.25,10,13,40,1730,0,0,40,1730,0.0,0.0,0.0,0.0,1.040508508682251
nbs_extent,threshold=3.5,hub,0.25,10,14,40,1730,0,0,40,1730,0.0,0.0,0.0,0.0,1.1238200664520264
nbs_extent,threshold=3.5,hub,0.25,10,15,40,1730,0,0,40,1730,0.0,0.0,0.0,0.0,1.4865589141845703
nbs_extent,threshold=3.5,hub,0.25,10,16,40,1730,4,3,36,1727,0.1,0.0017341040462427,0.5714285714285714,0.4285714285714285,1.187518835067749
nbs_extent,threshold=3.5,hub,0.25,10,17,40,1730,7,1,33,1729,0.175,0.0005780346820809,0.875,0.125,1.063586950302124
nbs_extent,threshold=3.5,hub,0.25,10,18,40,1730,0,0,40,1730,0.0,0.0,0.0,0.0,1.0641798973083496
nbs_extent,threshold=3.5,hub,0.25,10,19,40,1730,1,2,39,1728,0.025,0.0011560693641618,0.3333333333333333,0.6666666666666666,1.1432290077209473
nbs_extent,threshold=3.5,hub,0.25,10,20,40,1730,0,0,40,1730,0.0,0.0,0.0,0.0,1.0181224346160889
nbs_extent,threshold=3.5,hub,0.25,10,21,40,1730,4,1,36,1729,0.1,0.0005780346820809,0.8,0.2,1.0348632335662842
nbs_extent,threshold=3.5,hub,0.25,10,22,40,1730,0,0,40,1730,0.0,0.0,0.0,0.0,1.0406012535095217
nbs_extent,threshold=3.5,hub,0.25,10,23,40,1730,0,0,40,1730,0.0,0.0,0.0,0.0,1.0316388607025146
nbs_extent,threshold=3.5,hub,0.25,10,24,40,1730,0,0,40,1730,0.0,0.0,0.0,0.0,1.038851976394653
nbs_extent,threshold=3.5,hub,0.25,10,26,40,1730,0,0,40,1730,0.0,0.0,0.0,0.0,1.040949821472168
nbs_extent,threshold=3.5,hub,0.25,10,25,40,1730,0,0,40,1730,0.0,0.0,0.0,0.0,1.4782142639160156
nbs_extent,threshold=3.5,hub,0.25,10,27,40,1730,0,0,40,1730,0.0,0.0,0.0,0.0,1.0452866554260254
nbs_extent,threshold=3.5,hub,0.25,10,28,40,1730,3,0,37,1730,0.075,0.0,1.0,0.0,1.1175901889801023
nbs_extent,threshold=3.5,hub,0.25,10,29,40,1730,0,3,40,1727,0.0,0.0017341040462427,0.0,1.0,1.0221078395843506
nbs_intensity,threshold=1.0,hub,0.25,10,0,40,1730,0,0,40,1730,0.0,0.0,0.0,0.0,1.1691932678222656
nbs_intensity,threshold=1.0,hub,0.25,10,1,40,1730,0,0,40,1730,0.0,0.0,0.0,0.0,1.1893422603607178
nbs_intensity,threshold=1.0,hub,0.25,10,2,40,1730,0,0,40,1730,0.0,0.0,0.0,0.0,1.1732923984527588
nbs_intensity,threshold=1.0,hub,0.25,10,3,40,1730,0,0,40,1730,0.0,0.0,0.0,0.0,1.181713342666626
nbs_intensity,threshold=1.0,hub,0.25,10,4,40,1730,0,0,40,1730,0.0,0.0,0.0,0.0,1.1744637489318848
nbs_intensity,threshold=1.0,hub,0.25,10,5,40,1730,0,0,40,1730,0.0,0.0,0.0,0.0,1.209902286529541
nbs_intensity,threshold=1.0,hub,0.25,10,6,40,1730,0,0,40,1730,0.0,0.0,0.0,0.0,1.6841375827789309
nbs_intensity,threshold=1.0,hub,0.25,10,7,40,1730,0,0,40,1730,0.0,0.0,0.0,0.0,1.1816341876983645
nbs_intensity,threshold=1.0,hub,0.25,10,9,40,1730,0,0,40,1730,0.0,0.0,0.0,0.0,1.1940240859985352
nbs_intensity,threshold=1.0,hub,0.25,10,8,40,1730,36,337,4,1393,0.9,0.1947976878612717,0.0965147453083109,0.903485254691689,1.6764211654663086
nbs_intensity,threshold=1.0,hub,0.25,10,10,40,1730,0,0,40,1730,0.0,0.0,0.0,0.0,1.2031075954437256
nbs_intensity,threshold=1.0,hub,0.25,10,11,40,1730,0,0,40,1730,0.0,0.0,0.0,0.0,1.468867540359497
nbs_intensity,threshold=1.0,hub,0.25,10,12,40,1730,0,0,40,1730,0.0,0.0,0.0,0.0,1.1973752975463867
nbs_intensity,threshold=1.0,hub,0.25,10,13,40,1730,0,0,40,1730,0.0,0.0,0.0,0.0,1.5416228771209717
nbs_intensity,threshold=1.0,hub,0.25,10,14,40,1730,0,0,40,1730,0.0,0.0,0.0,0.0,2.013733625411988
nbs_intensity,threshold=1.0,hub,0.25,10,15,40,1730,0,0,40,1730,0.0,0.0,0.0,0.0,1.1653895378112793
nbs_intensity,threshold=1.0,hub,0.25,10,17,40,1730,0,0,40,1730,0.0,0.0,0.0,0.0,1.1598045825958252
nbs_intensity,threshold=1.0,hub,0.25,10,16,40,1730,0,0,40,1730,0.0,0.0,0.0,0.0,1.7054071426391602
nbs_intensity,threshold=1.0,hub,0.25,10,18,40,1730,0,0,40,1730,0.0,0.0,0.0,0.0,1.3831751346588137
nbs_intensity,threshold=1.0,hub,0.25,10,19,40,1730,0,0,40,1730,0.0,0.0,0.0,0.0,1.1507549285888672
nbs_intensity,threshold=1.0,hub,0.25,10,21,40,1730,0,0,40,1730,0.0,0.0,0.0,0.0,1.1465318202972412
nbs_intensity,threshold=1.0,hub,0.25,10,20,40,1730,0,0,40,1730,0.0,0.0,0.0,0.0,1.6972801685333252
nbs_intensity,threshold=1.0,hub,0.25,10,22,40,1730,0,0,40,1730,0.0,0.0,0.0,0.0,1.148510456085205
nbs_intensity,threshold=1.0,hub,0.25,10,23,40,1730,0,0,40,1730,0.0,0.0,0.0,0.0,1.7280256748199463
nbs_intensity,threshold=1.0,hub,0.25,10,24,40,1730,0,0,40,1730,0.0,0.0,0.0,0.0,1.154921054840088
nbs_intensity,threshold=1.0,hub,0.25,10,25,40,1730,0,0,40,1730,0.0,0.0,0.0,0.0,1.1670994758605957
nbs_intensity,threshold=1.0,hub,0.25,10,26,40,1730,0,0,40,1730,0.0,0.0,0.0,0.0,1.557781457901001
nbs_intensity,threshold=1.0,hub,0.25,10,28,40,1730,0,0,40,1730,0.0,0.0,0.0,0.0,1.2114455699920654
nbs_intensity,threshold=1.0,hub,0.25,10,27,40,1730,0,0,40,1730,0.0,0.0,0.0,0.0,2.2142093181610107
nbs_intensity,threshold=1.0,hub,0.25,10,29,40,1730,36,441,4,1289,0.9,0.2549132947976879,0.0754716981132075,0.9245283018867924,1.1662702560424805
nbs_intensity,threshold=1.5,hub,0.25,10,0,40,1730,0,0,40,1730,0.0,0.0,0.0,0.0,1.857032299041748
nbs_intensity,threshold=1.5,hub,0.25,10,1,40,1730,0,0,40,1730,0.0,0.0,0.0,0.0,1.1406173706054688
nbs_intensity,threshold=1.5,hub,0.25,10,3,40,1730,0,0,40,1730,0.0,0.0,0.0,0.0,1.1369333267211914
nbs_intensity,threshold=1.5,hub,0.25,10,2,40,1730,0,0,40,1730,0.0,0.0,0.0,0.0,1.4142065048217771
nbs_intensity,threshold=1.5,hub,0.25,10,5,40,1730,0,0,40,1730,0.0,0.0,0.0,0.0,1.124190330505371
nbs_intensity,threshold=1.5,hub,0.25,10,4,40,1730,0,0,40,1730,0.0,0.0,0.0,0.0,1.8255155086517327
nbs_intensity,threshold=1.5,hub,0.25,10,6,40,1730,0,0,40,1730,0.0,0.0,0.0,0.0,1.404442548751831
nbs_intensity,threshold=1.5,hub,0.25,10,7,40,1730,0,0,40,1730,0.0,0.0,0.0,0.0,1.145303726196289
nbs_intensity,threshold=1.5,hub,0.25,10,8,40,1730,30,160,10,1570,0.75,0.0924855491329479,0.1578947368421052,0.8421052631578947,1.1213829517364502
nbs_intensity,threshold=1.5,hub,0.25,10,9,40,1730,0,0,40,1730,0.0,0.0,0.0,0.0,1.154958963394165
nbs_intensity,threshold=1.5,hub,0.25,10,11,40,1730,0,0,40,1730,0.0,0.0,0.0,0.0,1.1582839488983154
nbs_intensity,threshold=1.5,hub,0.25,10,10,40,1730,0,0,40,1730,0.0,0.0,0.0,0.0,1.4212753772735596
nbs_intensity,threshold=1.5,hub,0.25,10,13,40,1730,0,0,40,1730,0.0,0.0,0.0,0.0,1.1338379383087158
nbs_intensity,threshold=1.5,hub,0.25,10,12,40,1730,0,0,40,1730,0.0,0.0,0.0,0.0,1.4316225051879885
nbs_intensity,threshold=1.5,hub,0.25,10,14,40,1730,0,0,40,1730,0.0,0.0,0.0,0.0,1.198523759841919
nbs_intensity,threshold=1.5,hub,0.25,10,15,40,1730,0,0,40,1730,0.0,0.0,0.0,0.0,1.3672032356262207
nbs_intensity,threshold=1.5,hub,0.25,10,16,40,1730,0,0,40,1730,0.0,0.0,0.0,0.0,1.1217901706695557
nbs_intensity,threshold=1.5,hub,0.25,10,17,40,1730,0,0,40,1730,0.0,0.0,0.0,0.0,1.6148293018341064
nbs_intensity,threshold=1.5,hub,0.25,10,18,40,1730,0,0,40,1730,0.0,0.0,0.0,0.0,1.128136157989502
nbs_intensity,threshold=1.5,hub,0.25,10,19,40,1730,0,0,40,1730,0.0,0.0,0.0,0.0,1.145335674285889
nbs_intensity,threshold=1.5,hub,0.25,10,20,40,1730,0,0,40,1730,0.0,0.0,0.0,0.0,1.128525733947754
nbs_intensity,threshold=1.5,hub,0.25,10,21,40,1730,0,0,40,1730,0.0,0.0,0.0,0.0,1.1495027542114258
nbs_intensity,threshold=1.5,hub,0.25,10,22,40,1730,0,0,40,1730,0.0,0.0,0.0,0.0,1.1321916580200195
nbs_intensity,threshold=1.5,hub,0.25,10,23,40,1730,0,0,40,1730,0.0,0.0,0.0,0.0,1.146040678024292
nbs_intensity,threshold=1.5,hub,0.25,10,24,40,1730,0,0,40,1730,0.0,0.0,0.0,0.0,1.133857488632202
nbs_intensity,threshold=1.5,hub,0.25,10,25,40,1730,0,0,40,1730,0.0,0.0,0.0,0.0,1.1396431922912598
nbs_intensity,threshold=1.5,hub,0.25,10,26,40,1730,0,0,40,1730,0.0,0.0,0.0,0.0,1.127614974975586
nbs_intensity,threshold=1.5,hub,0.25,10,27,40,1730,0,0,40,1730,0.0,0.0,0.0,0.0,1.1430280208587646
nbs_intensity,threshold=1.5,hub,0.25,10,28,40,1730,0,0,40,1730,0.0,0.0,0.0,0.0,1.141399621963501
nbs_intensity,threshold=1.5,hub,0.25,10,29,40,1730,22,222,18,1508,0.55,0.1283236994219653,0.0901639344262295,0.9098360655737704,1.14089035987854
nbs_intensity,threshold=2.0,hub,0.25,10,0,40,1730,0,0,40,1730,0.0,0.0,0.0,0.0,1.1079673767089844
nbs_intensity,threshold=2.0,hub,0.25,10,2,40,1730,0,0,40,1730,0.0,0.0,0.0,0.0,1.1124906539916992
nbs_intensity,threshold=2.0,hub,0.25,10,1,40,1730,0,0,40,1730,0.0,0.0,0.0,0.0,1.5790040493011477
nbs_intensity,threshold=2.0,hub,0.25,10,3,40,1730,0,0,40,1730,0.0,0.0,0.0,0.0,1.1151421070098877
nbs_intensity,threshold=2.0,hub,0.25,10,4,40,1730,0,0,40,1730,0.0,0.0,0.0,0.0,1.1229546070098877
nbs_intensity,threshold=2.0,hub,0.25,10,5,40,1730,0,0,40,1730,0.0,0.0,0.0,0.0,1.2930045127868652
nbs_intensity,threshold=2.0,hub,0.25,10,6,40,1730,22,68,18,1662,0.55,0.0393063583815028,0.2444444444444444,0.7555555555555555,1.1227078437805176
nbs_intensity,threshold=2.0,hub,0.25,10,7,40,1730,0,0,40,1730,0.0,0.0,0.0,0.0,1.237957000732422
nbs_intensity,threshold=2.0,hub,0.25,10,8,40,1730,22,66,18,1664,0.55,0.038150289017341,0.25,0.75,1.128549337387085
nbs_intensity,threshold=2.0,hub,0.25,10,10,40,1730,0,0,40,1730,0.0,0.0,0.0,0.0,1.1307156085968018
nbs_intensity,threshold=2.0,hub,0.25,10,9,40,1730,0,0,40,1730,0.0,0.0,0.0,0.0,1.741124391555786
nbs_intensity,threshold=2.0,hub,0.25,10,11,40,1730,0,0,40,1730,0.0,0.0,0.0,0.0,1.1253247261047363
nbs_intensity,threshold=2.0,hub,0.25,10,12,40,1730,0,0,40,1730,0.0,0.0,0.0,0.0,1.411708116531372
nbs_intensity,threshold=2.0,hub,0.25,10,13,40,1730,0,0,40,1730,0.0,0.0,0.0,0.0,1.131053447723389
nbs_intensity,threshold=2.0,hub,0.25,10,14,40,1730,0,0,40,1730,0.0,0.0,0.0,0.0,1.1195425987243652
nbs_intensity,threshold=2.0,hub,0.25,10,15,40,1730,0,0,40,1730,0.0,0.0,0.0,0.0,1.1266183853149414
nbs_intensity,threshold=2.0,hub,0.25,10,16,40,1730,0,0,40,1730,0.0,0.0,0.0,0.0,1.1065490245819092
nbs_intensity,threshold=2.0,hub,0.25,10,18,40,1730,0,0,40,1730,0.0,0.0,0.0,0.0,1.1214053630828855
nbs_intensity,threshold=2.0,hub,0.25,10,17,40,1730,0,0,40,1730,0.0,0.0,0.0,0.0,1.9555211067199707
nbs_intensity,threshold=2.0,hub,0.25,10,19,40,1730,0,0,40,1730,0.0,0.0,0.0,0.0,1.141645431518555
nbs_intensity,threshold=2.0,hub,0.25,10,20,40,1730,0,0,40,1730,0.0,0.0,0.0,0.0,1.1387310028076172
nbs_intensity,threshold=2.0,hub,0.25,10,21,40,1730,0,0,40,1730,0.0,0.0,0.0,0.0,1.0912597179412842
nbs_intensity,threshold=2.0,hub,0.25,10,22,40,1730,0,0,40,1730,0.0,0.0,0.0,0.0,1.1302645206451416
nbs_intensity,threshold=2.0,hub,0.25,10,23,40,1730,0,0,40,1730,0.0,0.0,0.0,0.0,1.0945143699645996
nbs_intensity,threshold=2.0,hub,0.25,10,24,40,1730,19,66,21,1664,0.475,0.038150289017341,0.2235294117647059,0.7764705882352941,1.130990743637085
nbs_intensity,threshold=2.0,hub,0.25,10,25,40,1730,0,0,40,1730,0.0,0.0,0.0,0.0,1.263967514038086
nbs_intensity,threshold=2.0,hub,0.25,10,26,40,1730,0,0,40,1730,0.0,0.0,0.0,0.0,1.129878282546997
nbs_intensity,threshold=2.0,hub,0.25,10,28,40,1730,0,0,40,1730,0.0,0.0,0.0,0.0,1.1252334117889404
nbs_intensity,threshold=2.0,hub,0.25,10,27,40,1730,0,0,40,1730,0.0,0.0,0.0,0.0,1.1553406715393066
nbs_intensity,threshold=2.0,hub,0.25,10,29,40,1730,16,95,24,1635,0.4,0.0549132947976878,0.1441441441441441,0.8558558558558559,1.1362953186035156
nbs_intensity,threshold=2.5,hub,0.25,10,0,40,1730,0,0,40,1730,0.0,0.0,0.0,0.0,1.2584609985351562
nbs_intensity,threshold=2.5,hub,0.25,10,1,40,1730,0,0,40,1730,0.0,0.0,0.0,0.0,1.1137938499450684
nbs_intensity,threshold=2.5,hub,0.25,10,2,40,1730,0,0,40,1730,0.0,0.0,0.0,0.0,1.10186767578125
nbs_intensity,threshold=2.5,hub,0.25,10,3,40,1730,0,0,40,1730,0.0,0.0,0.0,0.0,1.1119849681854248
nbs_intensity,threshold=2.5,hub,0.25,10,4,40,1730,0,0,40,1730,0.0,0.0,0.0,0.0,1.2371275424957275
nbs_intensity,threshold=2.5,hub,0.25,10,5,40,1730,0,0,40,1730,0.0,0.0,0.0,0.0,1.114675760269165
nbs_intensity,threshold=2.5,hub,0.25,10,6,40,1730,15,26,25,1704,0.375,0.015028901734104,0.3658536585365853,0.6341463414634146,1.0906000137329102
nbs_intensity,threshold=2.5,hub,0.25,10,7,40,1730,0,0,40,1730,0.0,0.0,0.0,0.0,1.1004278659820557
nbs_intensity,threshold=2.5,hub,0.25,10,8,40,1730,18,26,22,1704,0.45,0.015028901734104,0.4090909090909091,0.5909090909090909,1.371978759765625
nbs_intensity,threshold=2.5,hub,0.25,10,9,40,1730,0,0,40,1730,0.0,0.0,0.0,0.0,1.100776195526123
nbs_intensity,threshold=2.5,hub,0.25,10,11,40,1730,0,0,40,1730,0.0,0.0,0.0,0.0,1.104140281677246
nbs_intensity,threshold=2.5,hub,0.25,10,10,40,1730,0,0,40,1730,0.0,0.0,0.0,0.0,1.863054037094116
nbs_intensity,threshold=2.5,hub,0.25,10,12,40,1730,0,0,40,1730,0.0,0.0,0.0,0.0,1.1070024967193604
nbs_intensity,threshold=2.5,hub,0.25,10,13,40,1730,0,0,40,1730,0.0,0.0,0.0,0.0,1.2016427516937256
nbs_intensity,threshold=2.5,hub,0.25,10,14,40,1730,0,0,40,1730,0.0,0.0,0.0,0.0,1.2146885395050049
nbs_intensity,threshold=2.5,hub,0.25,10,15,40,1730,0,0,40,1730,0.0,0.0,0.0,0.0,1.095888614654541
nbs_intensity,threshold=2.5,hub,0.25,10,17,40,1730,0,0,40,1730,0.0,0.0,0.0,0.0,1.095153570175171
nbs_intensity,threshold=2.5,hub,0.25,10,16,40,1730,12,22,28,1708,0.3,0.0127167630057803,0.3529411764705882,0.6470588235294118,1.4127507209777832
nbs_intensity,threshold=2.5,hub,0.25,10,18,40,1730,11,21,29,1709,0.275,0.0121387283236994,0.34375,0.65625,1.0962278842926023
nbs_intensity,threshold=2.5,hub,0.25,10,19,40,1730,0,0,40,1730,0.0,0.0,0.0,0.0,1.364044427871704
nbs_intensity,threshold=2.5,hub,0.25,10,21,40,1730,0,0,40,1730,0.0,0.0,0.0,0.0,1.2278306484222412
nbs_intensity,threshold=2.5,hub,0.25,10,20,40,1730,0,0,40,1730,0.0,0.0,0.0,0.0,1.84344220161438
nbs_intensity,threshold=2.5,hub,0.25,10,22,40,1730,0,0,40,1730,0.0,0.0,0.0,0.0,1.1104648113250732
nbs_intensity,threshold=2.5,hub,0.25,10,23,40,1730,0,0,40,1730,0.0,0.0,0.0,0.0,1.3601765632629397
nbs_intensity,threshold=2.5,hub,0.25,10,24,40,1730,9,21,31,1709,0.225,0.0121387283236994,0.3,0.7,1.248802661895752
nbs_intensity,threshold=2.5,hub,0.25,10,26,40,1730,0,0,40,1730,0.0,0.0,0.0,0.0,1.108112096786499
nbs_intensity,threshold=2.5,hub,0.25,10,25,40,1730,0,0,40,1730,0.0,0.0,0.0,0.0,2.077459812164306
nbs_intensity,threshold=2.5,hub,0.25,10,27,40,1730,0,0,40,1730,0.0,0.0,0.0,0.0,1.103731393814087
nbs_intensity,threshold=2.5,hub,0.25,10,28,40,1730,0,0,40,1730,0.0,0.0,0.0,0.0,1.4132859706878662
nbs_intensity,threshold=2.5,hub,0.25,10,29,40,1730,12,35,28,1695,0.3,0.0202312138728323,0.2553191489361702,0.7446808510638298,1.1080496311187744
nbs_intensity,threshold=3.0,hub,0.25,10,1,40,1730,0,0,40,1730,0.0,0.0,0.0,0.0,1.0963287353515625
nbs_intensity,threshold=3.0,hub,0.25,10,0,40,1730,0,0,40,1730,0.0,0.0,0.0,0.0,1.7560701370239258
nbs_intensity,threshold=3.0,hub,0.25,10,2,40,1730,0,0,40,1730,0.0,0.0,0.0,0.0,1.0913493633270264
nbs_intensity,threshold=3.0,hub,0.25,10,3,40,1730,6,6,34,1724,0.15,0.0034682080924855,0.5,0.5,1.1836957931518557
nbs_intensity,threshold=3.0,hub,0.25,10,4,40,1730,0,7,40,1723,0.0,0.0040462427745664,0.0,1.0,1.0916213989257812
nbs_intensity,threshold=3.0,hub,0.25,10,5,40,1730,7,5,33,1725,0.175,0.0028901734104046,0.5833333333333334,0.4166666666666667,1.0692017078399658
nbs_intensity,threshold=3.0,hub,0.25,10,6,40,1730,8,4,32,1726,0.2,0.0023121387283236,0.6666666666666666,0.3333333333333333,1.095412015914917
nbs_intensity,threshold=3.0,hub,0.25,10,7,40,1730,0,0,40,1730,0.0,0.0,0.0,0.0,1.7415754795074463
nbs_intensity,threshold=3.0,hub,0.25,10,8,40,1730,10,14,30,1716,0.25,0.0080924855491329,0.4166666666666667,0.5833333333333334,1.0995864868164062
nbs_intensity,threshold=3.0,hub,0.25,10,9,40,1730,0,0,40,1730,0.0,0.0,0.0,0.0,1.097421407699585
nbs_intensity,threshold=3.0,hub,0.25,10,10,40,1730,0,0,40,1730,0.0,0.0,0.0,0.0,1.5280389785766602
nbs_intensity,threshold=3.0,hub,0.25,10,11,40,1730,0,0,40,1730,0.0,0.0,0.0,0.0,1.262321710586548
nbs_intensity,threshold=3.0,hub,0.25,10,12,40,1730,7,4,33,1726,0.175,0.0023121387283236,0.6363636363636364,0.3636363636363636,1.256208419799805
nbs_intensity,threshold=3.0,hub,0.25,10,13,40,1730,0,0,40,1730,0.0,0.0,0.0,0.0,1.0896074771881104
nbs_intensity,threshold=3.0,hub,0.25,10,14,40,1730,0,0,40,1730,0.0,0.0,0.0,0.0,1.208909511566162
nbs_intensity,threshold=3.0,hub,0.25,10,15,40,1730,0,0,40,1730,0.0,0.0,0.0,0.0,1.092843532562256
nbs_intensity,threshold=3.0,hub,0.25,10,16,40,1730,6,2,34,1728,0.15,0.0011560693641618,0.75,0.25,1.2546594142913818
nbs_intensity,threshold=3.0,hub,0.25,10,17,40,1730,9,2,31,1728,0.225,0.0011560693641618,0.8181818181818182,0.1818181818181818,1.0993406772613523
nbs_intensity,threshold=3.0,hub,0.25,10,19,40,1730,0,0,40,1730,0.0,0.0,0.0,0.0,1.0999467372894287
nbs_intensity,threshold=3.0,hub,0.25,10,18,40,1730,0,0,40,1730,0.0,0.0,0.0,0.0,1.6013681888580322
nbs_intensity,threshold=3.0,hub,0.25,10,20,40,1730,0,0,40,1730,0.0,0.0,0.0,0.0,1.0930557250976562
nbs_intensity,threshold=3.0,hub,0.25,10,21,40,1730,4,3,36,1727,0.1,0.0017341040462427,0.5714285714285714,0.4285714285714285,1.1060395240783691
nbs_intensity,threshold=3.0,hub,0.25,10,22,40,1730,0,0,40,1730,0.0,0.0,0.0,0.0,1.0954642295837402
nbs_intensity,threshold=3.0,hub,0.25,10,23,40,1730,0,0,40,1730,0.0,0.0,0.0,0.0,1.0946094989776611
nbs_intensity,threshold=3.0,hub,0.25,10,24,40,1730,0,0,40,1730,0.0,0.0,0.0,0.0,1.1661534309387207
nbs_intensity,threshold=3.0,hub,0.25,10,25,40,1730,5,5,35,1725,0.125,0.0028901734104046,0.5,0.5,1.1115105152130127
nbs_intensity,threshold=3.0,hub,0.25,10,26,40,1730,0,0,40,1730,0.0,0.0,0.0,0.0,1.082197666168213
nbs_intensity,threshold=3.0,hub,0.25,10,28,40,1730,0,0,40,1730,0.0,0.0,0.0,0.0,1.0791468620300293
nbs_intensity,threshold=3.0,hub,0.25,10,27,40,1730,0,0,40,1730,0.0,0.0,0.0,0.0,1.9092557430267327
nbs_intensity,threshold=3.0,hub,0.25,10,29,40,1730,3,12,37,1718,0.075,0.006936416184971,0.2,0.8,1.073713779449463
nbs_intensity,threshold=3.5,hub,0.25,10,0,40,1730,4,0,36,1730,0.1,0.0,1.0,0.0,1.2244839668273926
nbs_intensity,threshold=3.5,hub,0.25,10,1,40,1730,0,0,40,1730,0.0,0.0,0.0,0.0,1.3271255493164062
nbs_intensity,threshold=3.5,hub,0.25,10,2,40,1730,0,0,40,1730,0.0,0.0,0.0,0.0,1.0481958389282229
nbs_intensity,threshold=3.5,hub,0.25,10,3,40,1730,3,2,37,1728,0.075,0.0011560693641618,0.6,0.4,1.0095369815826416
nbs_intensity,threshold=3.5,hub,0.25,10,4,40,1730,0,0,40,1730,0.0,0.0,0.0,0.0,1.0437307357788086
nbs_intensity,threshold=3.5,hub,0.25,10,5,40,1730,5,4,35,1726,0.125,0.0023121387283236,0.5555555555555556,0.4444444444444444,0.996774196624756
nbs_intensity,threshold=3.5,hub,0.25,10,6,40,1730,5,2,35,1728,0.125,0.0011560693641618,0.7142857142857143,0.2857142857142857,1.0453271865844729
nbs_intensity,threshold=3.5,hub,0.25,10,7,40,1730,0,0,40,1730,0.0,0.0,0.0,0.0,1.014218807220459
nbs_intensity,threshold=3.5,hub,0.25,10,8,40,1730,6,2,34,1728,0.15,0.0011560693641618,0.75,0.25,1.047743558883667
nbs_intensity,threshold=3.5,hub,0.25,10,9,40,1730,0,0,40,1730,0.0,0.0,0.0,0.0,1.0141494274139404
nbs_intensity,threshold=3.5,hub,0.25,10,10,40,1730,0,0,40,1730,0.0,0.0,0.0,0.0,1.0416710376739502
nbs_intensity,threshold=3.5,hub,0.25,10,11,40,1730,0,0,40,1730,0.0,0.0,0.0,0.0,1.0138344764709473
nbs_intensity,threshold=3.5,hub,0.25,10,12,40,1730,0,0,40,1730,0.0,0.0,0.0,0.0,1.036684274673462
nbs_intensity,threshold=3.5,hub,0.25,10,13,40,1730,0,0,40,1730,0.0,0.0,0.0,0.0,1.0354657173156738
nbs_intensity,threshold=3.5,hub,0.25,10,14,40,1730,0,0,40,1730,0.0,0.0,0.0,0.0,1.1102960109710691
nbs_intensity,threshold=3.5,hub,0.25,10,15,40,1730,0,0,40,1730,0.0,0.0,0.0,0.0,1.020890712738037
nbs_intensity,threshold=3.5,hub,0.25,10,16,40,1730,4,3,36,1727,0.1,0.0017341040462427,0.5714285714285714,0.4285714285714285,1.068711280822754
nbs_intensity,threshold=3.5,hub,0.25,10,17,40,1730,7,1,33,1729,0.175,0.0005780346820809,0.875,0.125,1.0141949653625488
nbs_intensity,threshold=3.5,hub,0.25,10,18,40,1730,0,0,40,1730,0.0,0.0,0.0,0.0,1.45428466796875
nbs_intensity,threshold=3.5,hub,0.25,10,19,40,1730,0,0,40,1730,0.0,0.0,0.0,0.0,1.007646083831787
nbs_intensity,threshold=3.5,hub,0.25,10,20,40,1730,0,0,40,1730,0.0,0.0,0.0,0.0,1.028055191040039
nbs_intensity,threshold=3.5,hub,0.25,10,21,40,1730,4,1,36,1729,0.1,0.0005780346820809,0.8,0.2,1.5759875774383545
nbs_intensity,threshold=3.5,hub,0.25,10,22,40,1730,0,0,40,1730,0.0,0.0,0.0,0.0,1.0210833549499512
nbs_intensity,threshold=3.5,hub,0.25,10,24,40,1730,0,0,40,1730,0.0,0.0,0.0,0.0,1.0482299327850342
nbs_intensity,threshold=3.5,hub,0.25,10,23,40,1730,0,0,40,1730,0.0,0.0,0.0,0.0,1.5365445613861084
nbs_intensity,threshold=3.5,hub,0.25,10,25,40,1730,0,0,40,1730,0.0,0.0,0.0,0.0,1.1394391059875488
nbs_intensity,threshold=3.5,hub,0.25,10,26,40,1730,0,0,40,1730,0.0,0.0,0.0,0.0,1.2037928104400637
nbs_intensity,threshold=3.5,hub,0.25,10,27,40,1730,0,0,40,1730,0.0,0.0,0.0,0.0,1.0970523357391355
nbs_intensity,threshold=3.5,hub,0.25,10,28,40,1730,3,0,37,1730,0.075,0.0,1.0,0.0,1.0204737186431885
cnbs,,hub,0.25,10,0,40,1730,0,0,40,1730,0.0,0.0,0.0,0.0,0.8401069641113281
nbs_intensity,threshold=3.5,hub,0.25,10,29,40,1730,0,0,40,1730,0.0,0.0,0.0,0.0,1.5126378536224363
cnbs,,hub,0.25,10,1,40,1730,0,0,40,1730,0.0,0.0,0.0,0.0,0.8419656753540039
cnbs,,hub,0.25,10,2,40,1730,0,0,40,1730,0.0,0.0,0.0,0.0,0.95483660697937
cnbs,,hub,0.25,10,3,40,1730,0,0,40,1730,0.0,0.0,0.0,0.0,1.3816840648651123
cnbs,,hub,0.25,10,4,40,1730,0,0,40,1730,0.0,0.0,0.0,0.0,0.8593399524688721
cnbs,,hub,0.25,10,5,40,1730,0,0,40,1730,0.0,0.0,0.0,0.0,0.8958389759063721
cnbs,,hub,0.25,10,6,40,1730,0,0,40,1730,0.0,0.0,0.0,0.0,0.8587088584899902
cnbs,,hub,0.25,10,7,40,1730,0,0,40,1730,0.0,0.0,0.0,0.0,0.839841365814209
cnbs,,hub,0.25,10,8,40,1730,11,46,29,1684,0.275,0.0265895953757225,0.1929824561403508,0.8070175438596491,0.8576004505157471
cnbs,,hub,0.25,10,10,40,1730,0,0,40,1730,0.0,0.0,0.0,0.0,0.8552460670471191
cnbs,,hub,0.25,10,9,40,1730,0,0,40,1730,0.0,0.0,0.0,0.0,1.1341090202331543
cnbs,,hub,0.25,10,11,40,1730,0,0,40,1730,0.0,0.0,0.0,0.0,0.86850905418396
cnbs,,hub,0.25,10,12,40,1730,0,0,40,1730,0.0,0.0,0.0,0.0,0.8509159088134766
cnbs,,hub,0.25,10,13,40,1730,0,0,40,1730,0.0,0.0,0.0,0.0,0.8575117588043213
cnbs,,hub,0.25,10,14,40,1730,0,0,40,1730,0.0,0.0,0.0,0.0,0.8404445648193359
cnbs,,hub,0.25,10,15,40,1730,0,0,40,1730,0.0,0.0,0.0,0.0,0.8583102226257324
cnbs,,hub,0.25,10,16,40,1730,11,70,29,1660,0.275,0.0404624277456647,0.1358024691358024,0.8641975308641975,0.8392562866210938
cnbs,,hub,0.25,10,17,40,1730,0,0,40,1730,0.0,0.0,0.0,0.0,0.8544301986694336
cnbs,,hub,0.25,10,18,40,1730,0,0,40,1730,0.0,0.0,0.0,0.0,0.8392562866210938
cnbs,,hub,0.25,10,19,40,1730,0,0,40,1730,0.0,0.0,0.0,0.0,0.856980562210083
cnbs,,hub,0.25,10,20,40,1730,0,0,40,1730,0.0,0.0,0.0,0.0,0.9695324897766112
cnbs,,hub,0.25,10,21,40,1730,0,0,40,1730,0.0,0.0,0.0,0.0,0.8593144416809082
cnbs,,hub,0.25,10,22,40,1730,0,0,40,1730,0.0,0.0,0.0,0.0,1.103511095046997
cnbs,,hub,0.25,10,23,40,1730,0,0,40,1730,0.0,0.0,0.0,0.0,0.8704633712768555
cnbs,,hub,0.25,10,24,40,1730,0,0,40,1730,0.0,0.0,0.0,0.0,0.8464980125427246
cnbs,,hub,0.25,10,25,40,1730,0,0,40,1730,0.0,0.0,0.0,0.0,0.861072301864624
cnbs,,hub,0.25,10,26,40,1730,0,0,40,1730,0.0,0.0,0.0,0.0,0.8417673110961914
cnbs,,hub,0.25,10,27,40,1730,0,0,40,1730,0.0,0.0,0.0,0.0,0.8633615970611572
cnbs,,hub,0.25,10,28,40,1730,0,0,40,1730,0.0,0.0,0.0,0.0,0.8399741649627686
cnbs,,hub,0.25,10,29,40,1730,0,0,40,1730,0.0,0.0,0.0,0.0,0.8605024814605713
tstat,,hub,0.25,30,0,40,1730,2,1,38,1729,0.05,0.0005780346820809,0.6666666666666666,0.3333333333333333,0.6881575584411621
tstat,,hub,0.25,30,1,40,1730,2,0,38,1730,0.05,0.0,1.0,0.0,0.7302119731903076
tstat,,hub,0.25,30,2,40,1730,3,2,37,1728,0.075,0.0011560693641618,0.6,0.4,0.6856787204742432
tstat,,hub,0.25,30,3,40,1730,2,0,38,1730,0.05,0.0,1.0,0.0,0.725975513458252
tstat,,hub,0.25,30,4,40,1730,8,0,32,1730,0.2,0.0,1.0,0.0,0.6881654262542725
tstat,,hub,0.25,30,5,40,1730,1,0,39,1730,0.025,0.0,1.0,0.0,0.7264947891235352
tstat,,hub,0.25,30,6,40,1730,4,0,36,1730,0.1,0.0,1.0,0.0,0.6977355480194092
tstat,,hub,0.25,30,7,40,1730,0,0,40,1730,0.0,0.0,0.0,0.0,0.7260687351226807
tstat,,hub,0.25,30,8,40,1730,2,0,38,1730,0.05,0.0,1.0,0.0,0.7027161121368408
tstat,,hub,0.25,30,9,40,1730,2,0,38,1730,0.05,0.0,1.0,0.0,0.76106858253479
tstat,,hub,0.25,30,10,40,1730,4,1,36,1729,0.1,0.0005780346820809,0.8,0.2,0.6942791938781738
tstat,,hub,0.25,30,11,40,1730,6,0,34,1730,0.15,0.0,1.0,0.0,0.7369868755340576
tstat,,hub,0.25,30,12,40,1730,4,0,36,1730,0.1,0.0,1.0,0.0,1.0559427738189695
tstat,,hub,0.25,30,13,40,1730,4,0,36,1730,0.1,0.0,1.0,0.0,0.7296857833862305
tstat,,hub,0.25,30,14,40,1730,2,0,38,1730,0.05,0.0,1.0,0.0,0.8412675857543945
tstat,,hub,0.25,30,15,40,1730,2,0,38,1730,0.05,0.0,1.0,0.0,0.8806114196777344
tstat,,hub,0.25,30,16,40,1730,7,0,33,1730,0.175,0.0,1.0,0.0,0.977623701095581
tstat,,hub,0.25,30,17,40,1730,8,0,32,1730,0.2,0.0,1.0,0.0,0.6901137828826904
tstat,,hub,0.25,30,19,40,1730,3,0,37,1730,0.075,0.0,1.0,0.0,0.7335331439971924
tstat,,hub,0.25,30,18,40,1730,1,0,39,1730,0.025,0.0,1.0,0.0,0.858168363571167
tstat,,hub,0.25,30,20,40,1730,1,0,39,1730,0.025,0.0,1.0,0.0,0.6915073394775391
tstat,,hub,0.25,30,21,40,1730,1,0,39,1730,0.025,0.0,1.0,0.0,0.722038984298706
tstat,,hub,0.25,30,22,40,1730,0,0,40,1730,0.0,0.0,0.0,0.0,0.7050521373748779
tstat,,hub,0.25,30,23,40,1730,2,0,38,1730,0.05,0.0,1.0,0.0,0.7234864234924316
tstat,,hub,0.25,30,24,40,1730,2,0,38,1730,0.05,0.0,1.0,0.0,0.718024492263794
tstat,,hub,0.25,30,25,40,1730,1,0,39,1730,0.025,0.0,1.0,0.0,0.7281670570373535
tstat,,hub,0.25,30,26,40,1730,9,1,31,1729,0.225,0.0005780346820809,0.9,0.1,0.706409215927124
tstat,,hub,0.25,30,27,40,1730,7,0,33,1730,0.175,0.0,1.0,0.0,0.7232601642608643
tstat,,hub,0.25,30,28,40,1730,8,1,32,1729,0.2,0.0005780346820809,0.8888888888888888,0.1111111111111111,0.7014961242675781
tstat,,hub,0.25,30,29,40,1730,5,0,35,1730,0.125,0.0,1.0,0.0,0.7230052947998047
tfnbs,"e=0.05,h=0.5,n=30,start_thres=1.25",hub,0.25,10,3,40,1730,0,0,40,1730,0.0,0.0,0.0,0.0,7.5146913149140095
tfnbs,"e=0.05,h=1.0,n=30,start_thres=1.25",hub,0.25,10,3,40,1730,0,0,40,1730,0.0,0.0,0.0,0.0,7.5146913149140095
tfnbs,"e=0.05,h=2.0,n=30,start_thres=1.25",hub,0.25,10,3,40,1730,0,0,40,1730,0.0,0.0,0.0,0.0,7.5146913149140095
tfnbs,"e=0.05,h=3.0,n=30,start_thres=1.25",hub,0.25,10,3,40,1730,0,0,40,1730,0.0,0.0,0.0,0.0,7.5146913149140095
tfnbs,"e=0.05,h=4.0,n=30,start_thres=1.25",hub,0.25,10,3,40,1730,0,0,40,1730,0.0,0.0,0.0,0.0,7.5146913149140095
tfnbs,"e=0.05,h=5.0,n=30,start_thres=1.25",hub,0.25,10,3,40,1730,0,0,40,1730,0.0,0.0,0.0,0.0,7.5146913149140095
tfnbs,"e=0.05,h=6.0,n=30,start_thres=1.25",hub,0.25,10,3,40,1730,0,0,40,1730,0.0,0.0,0.0,0.0,7.5146913149140095
tfnbs,"e=0.05,h=7.0,n=30,start_thres=1.25",hub,0.25,10,3,40,1730,0,0,40,1730,0.0,0.0,0.0,0.0,7.5146913149140095
tfnbs,"e=0.05,h=8.0,n=30,start_thres=1.25",hub,0.25,10,3,40,1730,0,0,40,1730,0.0,0.0,0.0,0.0,7.5146913149140095
tfnbs,"e=0.05,h=9.0,n=30,start_thres=1.25",hub,0.25,10,3,40,1730,0,0,40,1730,0.0,0.0,0.0,0.0,7.5146913149140095
tfnbs,"e=0.05,h=10.0,n=30,start_thres=1.25",hub,0.25,10,3,40,1730,0,0,40,1730,0.0,0.0,0.0,0.0,7.5146913149140095
tfnbs,"e=0.1,h=0.5,n=30,start_thres=1.25",hub,0.25,10,3,40,1730,0,0,40,1730,0.0,0.0,0.0,0.0,7.5146913149140095
tfnbs,"e=0.1,h=1.0,n=30,start_thres=1.25",hub,0.25,10,3,40,1730,0,0,40,1730,0.0,0.0,0.0,0.0,7.5146913149140095
tfnbs,"e=0.1,h=2.0,n=30,start_thres=1.25",hub,0.25,10,3,40,1730,0,0,40,1730,0.0,0.0,0.0,0.0,7.5146913149140095
tfnbs,"e=0.1,h=3.0,n=30,start_thres=1.25",hub,0.25,10,3,40,1730,0,0,40,1730,0.0,0.0,0.0,0.0,7.5146913149140095
tfnbs,"e=0.1,h=4.0,n=30,start_thres=1.25",hub,0.25,10,3,40,1730,0,0,40,1730,0.0,0.0,0.0,0.0,7.5146913149140095
tfnbs,"e=0.1,h=5.0,n=30,start_thres=1.25",hub,0.25,10,3,40,1730,0,0,40,1730,0.0,0.0,0.0,0.0,7.5146913149140095
tfnbs,"e=0.1,h=6.0,n=30,start_thres=1.25",hub,0.25,10,3,40,1730,0,0,40,1730,0.0,0.0,0.0,0.0,7.5146913149140095
tfnbs,"e=0.1,h=7.0,n=30,start_thres=1.25",hub,0.25,10,3,40,1730,0,0,40,1730,0.0,0.0,0.0,0.0,7.5146913149140095
tfnbs,"e=0.1,h=8.0,n=30,start_thres=1.25",hub,0.25,10,3,40,1730,0,0,40,1730,0.0,0.0,0.0,0.0,7.5146913149140095
tfnbs,"e=0.1,h=9.0,n=30,start_thres=1.25",hub,0.25,10,3,40,1730,0,0,40,1730,0.0,0.0,0.0,0.0,7.5146913149140095
tfnbs,"e=0.1,h=10.0,n=30,start_thres=1.25",hub,0.25,10,3,40,1730,0,0,40,1730,0.0,0.0,0.0,0.0,7.5146913149140095
tfnbs,"e=0.2,h=0.5,n=30,start_thres=1.25",hub,0.25,10,3,40,1730,0,0,40,1730,0.0,0.0,0.0,0.0,7.5146913149140095
tfnbs,"e=0.2,h=1.0,n=30,start_thres=1.25",hub,0.25,10,3,40,1730,0,0,40,1730,0.0,0.0,0.0,0.0,7.5146913149140095
tfnbs,"e=0.2,h=2.0,n=30,start_thres=1.25",hub,0.25,10,3,40,1730,0,0,40,1730,0.0,0.0,0.0,0.0,7.5146913149140095
tfnbs,"e=0.2,h=3.0,n=30,start_thres=1.25",hub,0.25,10,3,40,1730,0,0,40,1730,0.0,0.0,0.0,0.0,7.5146913149140095
tfnbs,"e=0.2,h=4.0,n=30,start_thres=1.25",hub,0.25,10,3,40,1730,0,0,40,1730,0.0,0.0,0.0,0.0,7.5146913149140095
tfnbs,"e=0.2,h=5.0,n=30,start_thres=1.25",hub,0.25,10,3,40,1730,0,0,40,1730,0.0,0.0,0.0,0.0,7.5146913149140095
tfnbs,"e=0.2,h=6.0,n=30,start_thres=1.25",hub,0.25,10,3,40,1730,0,0,40,1730,0.0,0.0,0.0,0.0,7.5146913149140095
tfnbs,"e=0.2,h=7.0,n=30,start_thres=1.25",hub,0.25,10,3,40,1730,0,0,40,1730,0.0,0.0,0.0,0.0,7.5146913149140095
tfnbs,"e=0.2,h=8.0,n=30,start_thres=1.25",hub,0.25,10,3,40,1730,0,0,40,1730,0.0,0.0,0.0,0.0,7.5146913149140095
tfnbs,"e=0.2,h=9.0,n=30,start_thres=1.25",hub,0.25,10,3,40,1730,0,0,40,1730,0.0,0.0,0.0,0.0,7.5146913149140095
tfnbs,"e=0.2,h=10.0,n=30,start_thres=1.25",hub,0.25,10,3,40,1730,0,0,40,1730,0.0,0.0,0.0,0.0,7.5146913149140095
tfnbs,"e=0.3,h=0.5,n=30,start_thres=1.25",hub,0.25,10,3,40,1730,0,0,40,1730,0.0,0.0,0.0,0.0,7.5146913149140095
tfnbs,"e=0.3,h=1.0,n=30,start_thres=1.25",hub,0.25,10,3,40,1730,0,0,40,1730,0.0,0.0,0.0,0.0,7.5146913149140095
tfnbs,"e=0.3,h=2.0,n=30,start_thres=1.25",hub,0.25,10,3,40,1730,0,0,40,1730,0.0,0.0,0.0,0.0,7.5146913149140095
tfnbs,"e=0.3,h=3.0,n=30,start_thres=1.25",hub,0.25,10,3,40,1730,0,0,40,1730,0.0,0.0,0.0,0.0,7.5146913149140095
tfnbs,"e=0.3,h=4.0,n=30,start_thres=1.25",hub,0.25,10,3,40,1730,0,0,40,1730,0.0,0.0,0.0,0.0,7.5146913149140095
tfnbs,"e=0.3,h=5.0,n=30,start_thres=1.25",hub,0.25,10,3,40,1730,0,0,40,1730,0.0,0.0,0.0,0.0,7.5146913149140095
tfnbs,"e=0.3,h=6.0,n=30,start_thres=1.25",hub,0.25,10,3,40,1730,0,0,40,1730,0.0,0.0,0.0,0.0,7.5146913149140095
tfnbs,"e=0.3,h=7.0,n=30,start_thres=1.25",hub,0.25,10,3,40,1730,0,0,40,1730,0.0,0.0,0.0,0.0,7.5146913149140095
tfnbs,"e=0.3,h=8.0,n=30,start_thres=1.25",hub,0.25,10,3,40,1730,0,0,40,1730,0.0,0.0,0.0,0.0,7.5146913149140095
tfnbs,"e=0.3,h=9.0,n=30,start_thres=1.25",hub,0.25,10,3,40,1730,0,0,40,1730,0.0,0.0,0.0,0.0,7.5146913149140095
tfnbs,"e=0.3,h=10.0,n=30,start_thres=1.25",hub,0.25,10,3,40,1730,0,0,40,1730,0.0,0.0,0.0,0.0,7.5146913149140095
tfnbs,"e=0.4,h=0.5,n=30,start_thres=1.25",hub,0.25,10,3,40,1730,0,0,40,1730,0.0,0.0,0.0,0.0,7.5146913149140095
tfnbs,"e=0.4,h=1.0,n=30,start_thres=1.25",hub,0.25,10,3,40,1730,0,0,40,1730,0.0,0.0,0.0,0.0,7.5146913149140095
tfnbs,"e=0.4,h=2.0,n=30,start_thres=1.25",hub,0.25,10,3,40,1730,0,0,40,1730,0.0,0.0,0.0,0.0,7.5146913149140095
tfnbs,"e=0.4,h=3.0,n=30,start_thres=1.25",hub,0.25,10,3,40,1730,0,0,40,1730,0.0,0.0,0.0,0.0,7.5146913149140095
tfnbs,"e=0.4,h=4.0,n=30,start_thres=1.25",hub,0.25,10,3,40,1730,0,0,40,1730,0.0,0.0,0.0,0.0,7.5146913149140095
tfnbs,"e=0.4,h=5.0,n=30,start_thres=1.25",hub,0.25,10,3,40,1730,0,0,40,1730,0.0,0.0,0.0,0.0,7.5146913149140095
tfnbs,"e=0.4,h=6.0,n=30,start_thres=1.25",hub,0.25,10,3,40,1730,0,0,40,1730,0.0,0.0,0.0,0.0,7.5146913149140095
tfnbs,"e=0.4,h=7.0,n=30,start_thres=1.25",hub,0.25,10,3,40,1730,0,0,40,1730,0.0,0.0,0.0,0.0,7.5146913149140095
tfnbs,"e=0.4,h=8.0,n=30,start_thres=1.25",hub,0.25,10,3,40,1730,0,0,40,1730,0.0,0.0,0.0,0.0,7.5146913149140095
tfnbs,"e=0.4,h=9.0,n=30,start_thres=1.25",hub,0.25,10,3,40,1730,0,0,40,1730,0.0,0.0,0.0,0.0,7.5146913149140095
tfnbs,"e=0.4,h=10.0,n=30,start_thres=1.25",hub,0.25,10,3,40,1730,0,0,40,1730,0.0,0.0,0.0,0.0,7.5146913149140095
tfnbs,"e=0.5,h=0.5,n=30,start_thres=1.25",hub,0.25,10,3,40,1730,0,0,40,1730,0.0,0.0,0.0,0.0,7.5146913149140095
tfnbs,"e=0.5,h=1.0,n=30,start_thres=1.25",hub,0.25,10,3,40,1730,0,0,40,1730,0.0,0.0,0.0,0.0,7.5146913149140095
tfnbs,"e=0.5,h=2.0,n=30,start_thres=1.25",hub,0.25,10,3,40,1730,0,0,40,1730,0.0,0.0,0.0,0.0,7.5146913149140095
tfnbs,"e=0.5,h=3.0,n=30,start_thres=1.25",hub,0.25,10,3,40,1730,0,0,40,1730,0.0,0.0,0.0,0.0,7.5146913149140095
tfnbs,"e=0.5,h=4.0,n=30,start_thres=1.25",hub,0.25,10,3,40,1730,0,0,40,1730,0.0,0.0,0.0,0.0,7.5146913149140095
tfnbs,"e=0.5,h=5.0,n=30,start_thres=1.25",hub,0.25,10,3,40,1730,0,0,40,1730,0.0,0.0,0.0,0.0,7.5146913149140095
tfnbs,"e=0.5,h=6.0,n=30,start_thres=1.25",hub,0.25,10,3,40,1730,0,0,40,1730,0.0,0.0,0.0,0.0,7.5146913149140095
tfnbs,"e=0.5,h=7.0,n=30,start_thres=1.25",hub,0.25,10,3,40,1730,0,0,40,1730,0.0,0.0,0.0,0.0,7.5146913149140095
tfnbs,"e=0.5,h=8.0,n=30,start_thres=1.25",hub,0.25,10,3,40,1730,0,0,40,1730,0.0,0.0,0.0,0.0,7.5146913149140095
tfnbs,"e=0.5,h=9.0,n=30,start_thres=1.25",hub,0.25,10,3,40,1730,0,0,40,1730,0.0,0.0,0.0,0.0,7.5146913149140095
tfnbs,"e=0.5,h=10.0,n=30,start_thres=1.25",hub,0.25,10,3,40,1730,0,0,40,1730,0.0,0.0,0.0,0.0,7.5146913149140095
tfnbs,"e=0.6,h=0.5,n=30,start_thres=1.25",hub,0.25,10,3,40,1730,0,0,40,1730,0.0,0.0,0.0,0.0,7.5146913149140095
tfnbs,"e=0.6,h=1.0,n=30,start_thres=1.25",hub,0.25,10,3,40,1730,0,0,40,1730,0.0,0.0,0.0,0.0,7.5146913149140095
tfnbs,"e=0.6,h=2.0,n=30,start_thres=1.25",hub,0.25,10,3,40,1730,0,0,40,1730,0.0,0.0,0.0,0.0,7.5146913149140095
tfnbs,"e=0.6,h=3.0,n=30,start_thres=1.25",hub,0.25,10,3,40,1730,0,0,40,1730,0.0,0.0,0.0,0.0,7.5146913149140095
tfnbs,"e=0.6,h=4.0,n=30,start_thres=1.25",hub,0.25,10,3,40,1730,0,0,40,1730,0.0,0.0,0.0,0.0,7.5146913149140095
tfnbs,"e=0.6,h=5.0,n=30,start_thres=1.25",hub,0.25,10,3,40,1730,0,0,40,1730,0.0,0.0,0.0,0.0,7.5146913149140095
tfnbs,"e=0.6,h=6.0,n=30,start_thres=1.25",hub,0.25,10,3,40,1730,0,0,40,1730,0.0,0.0,0.0,0.0,7.5146913149140095
tfnbs,"e=0.6,h=7.0,n=30,start_thres=1.25",hub,0.25,10,3,40,1730,0,0,40,1730,0.0,0.0,0.0,0.0,7.5146913149140095
tfnbs,"e=0.6,h=8.0,n=30,start_thres=1.25",hub,0.25,10,3,40,1730,0,0,40,1730,0.0,0.0,0.0,0.0,7.5146913149140095
tfnbs,"e=0.6,h=9.0,n=30,start_thres=1.25",hub,0.25,10,3,40,1730,0,0,40,1730,0.0,0.0,0.0,0.0,7.5146913149140095
tfnbs,"e=0.6,h=10.0,n=30,start_thres=1.25",hub,0.25,10,3,40,1730,0,0,40,1730,0.0,0.0,0.0,0.0,7.5146913149140095
tfnbs,"e=0.7,h=0.5,n=30,start_thres=1.25",hub,0.25,10,3,40,1730,0,0,40,1730,0.0,0.0,0.0,0.0,7.5146913149140095
tfnbs,"e=0.7,h=1.0,n=30,start_thres=1.25",hub,0.25,10,3,40,1730,0,0,40,1730,0.0,0.0,0.0,0.0,7.5146913149140095
tfnbs,"e=0.7,h=2.0,n=30,start_thres=1.25",hub,0.25,10,3,40,1730,0,0,40,1730,0.0,0.0,0.0,0.0,7.5146913149140095
tfnbs,"e=0.7,h=3.0,n=30,start_thres=1.25",hub,0.25,10,3,40,1730,0,0,40,1730,0.0,0.0,0.0,0.0,7.5146913149140095
tfnbs,"e=0.7,h=4.0,n=30,start_thres=1.25",hub,0.25,10,3,40,1730,0,0,40,1730,0.0,0.0,0.0,0.0,7.5146913149140095
tfnbs,"e=0.7,h=5.0,n=30,start_thres=1.25",hub,0.25,10,3,40,1730,0,0,40,1730,0.0,0.0,0.0,0.0,7.5146913149140095
tfnbs,"e=0.7,h=6.0,n=30,start_thres=1.25",hub,0.25,10,3,40,1730,0,0,40,1730,0.0,0.0,0.0,0.0,7.5146913149140095
tfnbs,"e=0.7,h=7.0,n=30,start_thres=1.25",hub,0.25,10,3,40,1730,0,0,40,1730,0.0,0.0,0.0,0.0,7.5146913149140095
tfnbs,"e=0.7,h=8.0,n=30,start_thres=1.25",hub,0.25,10,3,40,1730,0,0,40,1730,0.0,0.0,0.0,0.0,7.5146913149140095
tfnbs,"e=0.7,h=9.0,n=30,start_thres=1.25",hub,0.25,10,3,40,1730,0,0,40,1730,0.0,0.0,0.0,0.0,7.5146913149140095
tfnbs,"e=0.7,h=10.0,n=30,start_thres=1.25",hub,0.25,10,3,40,1730,0,0,40,1730,0.0,0.0,0.0,0.0,7.5146913149140095
tfnbs,"e=0.8,h=0.5,n=30,start_thres=1.25",hub,0.25,10,3,40,1730,0,0,40,1730,0.0,0.0,0.0,0.0,7.5146913149140095
tfnbs,"e=0.8,h=1.0,n=30,start_thres=1.25",hub,0.25,10,3,40,1730,0,0,40,1730,0.0,0.0,0.0,0.0,7.5146913149140095
tfnbs,"e=0.8,h=2.0,n=30,start_thres=1.25",hub,0.25,10,3,40,1730,0,0,40,1730,0.0,0.0,0.0,0.0,7.5146913149140095
tfnbs,"e=0.8,h=3.0,n=30,start_thres=1.25",hub,0.25,10,3,40,1730,0,0,40,1730,0.0,0.0,0.0,0.0,7.5146913149140095
tfnbs,"e=0.8,h=4.0,n=30,start_thres=1.25",hub,0.25,10,3,40,1730,0,0,40,1730,0.0,0.0,0.0,0.0,7.5146913149140095
tfnbs,"e=0.8,h=5.0,n=30,start_thres=1.25",hub,0.25,10,3,40,1730,0,0,40,1730,0.0,0.0,0.0,0.0,7.5146913149140095
tfnbs,"e=0.8,h=6.0,n=30,start_thres=1.25",hub,0.25,10,3,40,1730,0,0,40,1730,0.0,0.0,0.0,0.0,7.5146913149140095
tfnbs,"e=0.8,h=7.0,n=30,start_thres=1.25",hub,0.25,10,3,40,1730,0,0,40,1730,0.0,0.0,0.0,0.0,7.5146913149140095
tfnbs,"e=0.8,h=8.0,n=30,start_thres=1.25",hub,0.25,10,3,40,1730,0,0,40,1730,0.0,0.0,0.0,0.0,7.5146913149140095
tfnbs,"e=0.8,h=9.0,n=30,start_thres=1.25",hub,0.25,10,3,40,1730,0,0,40,1730,0.0,0.0,0.0,0.0,7.5146913149140095
tfnbs,"e=0.8,h=10.0,n=30,start_thres=1.25",hub,0.25,10,3,40,1730,0,0,40,1730,0.0,0.0,0.0,0.0,7.5146913149140095
tfnbs,"e=0.9,h=0.5,n=30,start_thres=1.25",hub,0.25,10,3,40,1730,0,0,40,1730,0.0,0.0,0.0,0.0,7.5146913149140095
tfnbs,"e=0.9,h=1.0,n=30,start_thres=1.25",hub,0.25,10,3,40,1730,0,0,40,1730,0.0,0.0,0.0,0.0,7.5146913149140095
tfnbs,"e=0.9,h=2.0,n=30,start_thres=1.25",hub,0.25,10,3,40,1730,0,0,40,1730,0.0,0.0,0.0,0.0,7.5146913149140095
tfnbs,"e=0.9,h=3.0,n=30,start_thres=1.25",hub,0.25,10,3,40,1730,0,0,40,1730,0.0,0.0,0.0,0.0,7.5146913149140095
tfnbs,"e=0.9,h=4.0,n=30,start_thres=1.25",hub,0.25,10,3,40,1730,0,0,40,1730,0.0,0.0,0.0,0.0,7.5146913149140095
tfnbs,"e=0.9,h=5.0,n=30,start_thres=1.25",hub,0.25,10,3,40,1730,0,0,40,1730,0.0,0.0,0.0,0.0,7.5146913149140095
tfnbs,"e=0.9,h=6.0,n=30,start_thres=1.25",hub,0.25,10,3,40,1730,0,0,40,1730,0.0,0.0,0.0,0.0,7.5146913149140095
tfnbs,"e=0.9,h=7.0,n=30,start_thres=1.25",hub,0.25,10,3,40,1730,0,0,40,1730,0.0,0.0,0.0,0.0,7.5146913149140095
tfnbs,"e=0.9,h=8.0,n=30,start_thres=1.25",hub,0.25,10,3,40,1730,0,0,40,1730,0.0,0.0,0.0,0.0,7.5146913149140095
tfnbs,"e=0.9,h=9.0,n=30,start_thres=1.25",hub,0.25,10,3,40,1730,0,0,40,1730,0.0,0.0,0.0,0.0,7.5146913149140095
tfnbs,"e=0.9,h=10.0,n=30,start_thres=1.25",hub,0.25,10,3,40,1730,0,0,40,1730,0.0,0.0,0.0,0.0,7.5146913149140095
tfnbs,"e=1.0,h=0.5,n=30,start_thres=1.25",hub,0.25,10,3,40,1730,0,0,40,1730,0.0,0.0,0.0,0.0,7.5146913149140095
tfnbs,"e=1.0,h=1.0,n=30,start_thres=1.25",hub,0.25,10,3,40,1730,0,0,40,1730,0.0,0.0,0.0,0.0,7.5146913149140095
tfnbs,"e=1.0,h=2.0,n=30,start_thres=1.25",hub,0.25,10,3,40,1730,0,0,40,1730,0.0,0.0,0.0,0.0,7.5146913149140095
tfnbs,"e=1.0,h=3.0,n=30,start_thres=1.25",hub,0.25,10,3,40,1730,0,0,40,1730,0.0,0.0,0.0,0.0,7.5146913149140095
tfnbs,"e=1.0,h=4.0,n=30,start_thres=1.25",hub,0.25,10,3,40,1730,0,0,40,1730,0.0,0.0,0.0,0.0,7.5146913149140095
tfnbs,"e=1.0,h=5.0,n=30,start_thres=1.25",hub,0.25,10,3,40,1730,0,0,40,1730,0.0,0.0,0.0,0.0,7.5146913149140095
tfnbs,"e=1.0,h=6.0,n=30,start_thres=1.25",hub,0.25,10,3,40,1730,0,0,40,1730,0.0,0.0,0.0,0.0,7.5146913149140095
tfnbs,"e=1.0,h=7.0,n=30,start_thres=1.25",hub,0.25,10,3,40,1730,0,0,40,1730,0.0,0.0,0.0,0.0,7.5146913149140095
tfnbs,"e=1.0,h=8.0,n=30,start_thres=1.25",hub,0.25,10,3,40,1730,0,0,40,1730,0.0,0.0,0.0,0.0,7.5146913149140095
tfnbs,"e=1.0,h=9.0,n=30,start_thres=1.25",hub,0.25,10,3,40,1730,0,0,40,1730,0.0,0.0,0.0,0.0,7.5146913149140095
tfnbs,"e=1.0,h=10.0,n=30,start_thres=1.25",hub,0.25,10,3,40,1730,0,0,40,1730,0.0,0.0,0.0,0.0,7.5146913149140095
tfnbs,"e=1.1,h=0.5,n=30,start_thres=1.25",hub,0.25,10,3,40,1730,0,0,40,1730,0.0,0.0,0.0,0.0,7.5146913149140095
tfnbs,"e=1.1,h=1.0,n=30,start_thres=1.25",hub,0.25,10,3,40,1730,0,0,40,1730,0.0,0.0,0.0,0.0,7.5146913149140095
tfnbs,"e=1.1,h=2.0,n=30,start_thres=1.25",hub,0.25,10,3,40,1730,0,0,40,1730,0.0,0.0,0.0,0.0,7.5146913149140095
tfnbs,"e=1.1,h=3.0,n=30,start_thres=1.25",hub,0.25,10,3,40,1730,0,0,40,1730,0.0,0.0,0.0,0.0,7.5146913149140095
tfnbs,"e=1.1,h=4.0,n=30,start_thres=1.25",hub,0.25,10,3,40,1730,0,0,40,1730,0.0,0.0,0.0,0.0,7.5146913149140095
tfnbs,"e=1.1,h=5.0,n=30,start_thres=1.25",hub,0.25,10,3,40,1730,0,0,40,1730,0.0,0.0,0.0,0.0,7.5146913149140095
tfnbs,"e=1.1,h=6.0,n=30,start_thres=1.25",hub,0.25,10,3,40,1730,0,0,40,1730,0.0,0.0,0.0,0.0,7.5146913149140095
tfnbs,"e=1.1,h=7.0,n=30,start_thres=1.25",hub,0.25,10,3,40,1730,0,0,40,1730,0.0,0.0,0.0,0.0,7.5146913149140095
tfnbs,"e=1.1,h=8.0,n=30,start_thres=1.25",hub,0.25,10,3,40,1730,0,0,40,1730,0.0,0.0,0.0,0.0,7.5146913149140095
tfnbs,"e=1.1,h=9.0,n=30,start_thres=1.25",hub,0.25,10,3,40,1730,0,0,40,1730,0.0,0.0,0.0,0.0,7.5146913149140095
tfnbs,"e=1.1,h=10.0,n=30,start_thres=1.25",hub,0.25,10,3,40,1730,0,0,40,1730,0.0,0.0,0.0,0.0,7.5146913149140095
tfnbs,"e=1.2,h=0.5,n=30,start_thres=1.25",hub,0.25,10,3,40,1730,0,0,40,1730,0.0,0.0,0.0,0.0,7.5146913149140095
tfnbs,"e=1.2,h=1.0,n=30,start_thres=1.25",hub,0.25,10,3,40,1730,0,0,40,1730,0.0,0.0,0.0,0.0,7.5146913149140095
tfnbs,"e=1.2,h=2.0,n=30,start_thres=1.25",hub,0.25,10,3,40,1730,0,0,40,1730,0.0,0.0,0.0,0.0,7.5146913149140095
tfnbs,"e=1.2,h=3.0,n=30,start_thres=1.25",hub,0.25,10,3,40,1730,0,0,40,1730,0.0,0.0,0.0,0.0,7.5146913149140095
tfnbs,"e=1.2,h=4.0,n=30,start_thres=1.25",hub,0.25,10,3,40,1730,0,0,40,1730,0.0,0.0,0.0,0.0,7.5146913149140095
tfnbs,"e=1.2,h=5.0,n=30,start_thres=1.25",hub,0.25,10,3,40,1730,0,0,40,1730,0.0,0.0,0.0,0.0,7.5146913149140095
tfnbs,"e=1.2,h=6.0,n=30,start_thres=1.25",hub,0.25,10,3,40,1730,0,0,40,1730,0.0,0.0,0.0,0.0,7.5146913149140095
tfnbs,"e=1.2,h=7.0,n=30,start_thres=1.25",hub,0.25,10,3,40,1730,0,0,40,1730,0.0,0.0,0.0,0.0,7.5146913149140095
tfnbs,"e=1.2,h=8.0,n=30,start_thres=1.25",hub,0.25,10,3,40,1730,0,0,40,1730,0.0,0.0,0.0,0.0,7.5146913149140095
tfnbs,"e=1.2,h=9.0,n=30,start_thres=1.25",hub,0.25,10,3,40,1730,0,0,40,1730,0.0,0.0,0.0,0.0,7.5146913149140095
tfnbs,"e=1.2,h=10.0,n=30,start_thres=1.25",hub,0.25,10,3,40,1730,0,0,40,1730,0.0,0.0,0.0,0.0,7.5146913149140095
tfnbs,"e=1.3,h=0.5,n=30,start_thres=1.25",hub,0.25,10,3,40,1730,0,0,40,1730,0.0,0.0,0.0,0.0,7.5146913149140095
tfnbs,"e=1.3,h=1.0,n=30,start_thres=1.25",hub,0.25,10,3,40,1730,0,0,40,1730,0.0,0.0,0.0,0.0,7.5146913149140095
tfnbs,"e=1.3,h=2.0,n=30,start_thres=1.25",hub,0.25,10,3,40,1730,0,0,40,1730,0.0,0.0,0.0,0.0,7.5146913149140095
tfnbs,"e=1.3,h=3.0,n=30,start_thres=1.25",hub,0.25,10,3,40,1730,0,0,40,1730,0.0,0.0,0.0,0.0,7.5146913149140095
tfnbs,"e=1.3,h=4.0,n=30,start_thres=1.25",hub,0.25,10,3,40,1730,0,0,40,1730,0.0,0.0,0.0,0.0,7.5146913149140095
tfnbs,"e=1.3,h=5.0,n=30,start_thres=1.25",hub,0.25,10,3,40,1730,0,0,40,1730,0.0,0.0,0.0,0.0,7.5146913149140095
tfnbs,"e=1.3,h=6.0,n=30,start_thres=1.25",hub,0.25,10,3,40,1730,0,0,40,1730,0.0,0.0,0.0,0.0,7.5146913149140095
tfnbs,"e=1.3,h=7.0,n=30,start_thres=1.25",hub,0.25,10,3,40,1730,0,0,40,1730,0.0,0.0,0.0,0.0,7.5146913149140095
tfnbs,"e=1.3,h=8.0,n=30,start_thres=1.25",hub,0.25,10,3,40,1730,0,0,40,1730,0.0,0.0,0.0,0.0,7.5146913149140095
tfnbs,"e=1.3,h=9.0,n=30,start_thres=1.25",hub,0.25,10,3,40,1730,0,0,40,1730,0.0,0.0,0.0,0.0,7.5146913149140095
tfnbs,"e=1.3,h=10.0,n=30,start_thres=1.25",hub,0.25,10,3,40,1730,0,0,40,1730,0.0,0.0,0.0,0.0,7.5146913149140095
tfnbs,"e=1.4,h=0.5,n=30,start_thres=1.25",hub,0.25,10,3,40,1730,0,0,40,1730,0.0,0.0,0.0,0.0,7.5146913149140095
tfnbs,"e=1.4,h=1.0,n=30,start_thres=1.25",hub,0.25,10,3,40,1730,0,0,40,1730,0.0,0.0,0.0,0.0,7.5146913149140095
tfnbs,"e=1.4,h=2.0,n=30,start_thres=1.25",hub,0.25,10,3,40,1730,0,0,40,1730,0.0,0.0,0.0,0.0,7.5146913149140095
tfnbs,"e=1.4,h=3.0,n=30,start_thres=1.25",hub,0.25,10,3,40,1730,0,0,40,1730,0.0,0.0,0.0,0.0,7.5146913149140095
tfnbs,"e=1.4,h=4.0,n=30,start_thres=1.25",hub,0.25,10,3,40,1730,0,0,40,1730,0.0,0.0,0.0,0.0,7.5146913149140095
tfnbs,"e=1.4,h=5.0,n=30,start_thres=1.25",hub,0.25,10,3,40,1730,0,0,40,1730,0.0,0.0,0.0,0.0,7.5146913149140095
tfnbs,"e=1.4,h=6.0,n=30,start_thres=1.25",hub,0.25,10,3,40,1730,0,0,40,1730,0.0,0.0,0.0,0.0,7.5146913149140095
tfnbs,"e=1.4,h=7.0,n=30,start_thres=1.25",hub,0.25,10,3,40,1730,0,0,40,1730,0.0,0.0,0.0,0.0,7.5146913149140095
tfnbs,"e=1.4,h=8.0,n=30,start_thres=1.25",hub,0.25,10,3,40,1730,0,0,40,1730,0.0,0.0,0.0,0.0,7.5146913149140095
tfnbs,"e=1.4,h=9.0,n=30,start_thres=1.25",hub,0.25,10,3,40,1730,0,0,40,1730,0.0,0.0,0.0,0.0,7.5146913149140095
tfnbs,"e=1.4,h=10.0,n=30,start_thres=1.25",hub,0.25,10,3,40,1730,0,0,40,1730,0.0,0.0,0.0,0.0,7.5146913149140095
tfnbs,"e=1.5,h=0.5,n=30,start_thres=1.25",hub,0.25,10,3,40,1730,0,0,40,1730,0.0,0.0,0.0,0.0,7.5146913149140095
tfnbs,"e=1.5,h=1.0,n=30,start_thres=1.25",hub,0.25,10,3,40,1730,0,0,40,1730,0.0,0.0,0.0,0.0,7.5146913149140095
tfnbs,"e=1.5,h=2.0,n=30,start_thres=1.25",hub,0.25,10,3,40,1730,0,0,40,1730,0.0,0.0,0.0,0.0,7.5146913149140095
tfnbs,"e=1.5,h=3.0,n=30,start_thres=1.25",hub,0.25,10,3,40,1730,0,0,40,1730,0.0,0.0,0.0,0.0,7.5146913149140095
tfnbs,"e=1.5,h=4.0,n=30,start_thres=1.25",hub,0.25,10,3,40,1730,0,0,40,1730,0.0,0.0,0.0,0.0,7.5146913149140095
tfnbs,"e=1.5,h=5.0,n=30,start_thres=1.25",hub,0.25,10,3,40,1730,0,0,40,1730,0.0,0.0,0.0,0.0,7.5146913149140095
tfnbs,"e=1.5,h=6.0,n=30,start_thres=1.25",hub,0.25,10,3,40,1730,0,0,40,1730,0.0,0.0,0.0,0.0,7.5146913149140095
tfnbs,"e=1.5,h=7.0,n=30,start_thres=1.25",hub,0.25,10,3,40,1730,0,0,40,1730,0.0,0.0,0.0,0.0,7.5146913149140095
tfnbs,"e=1.5,h=8.0,n=30,start_thres=1.25",hub,0.25,10,3,40,1730,0,0,40,1730,0.0,0.0,0.0,0.0,7.5146913149140095
tfnbs,"e=1.5,h=9.0,n=30,start_thres=1.25",hub,0.25,10,3,40,1730,0,0,40,1730,0.0,0.0,0.0,0.0,7.5146913149140095
tfnbs,"e=1.5,h=10.0,n=30,start_thres=1.25",hub,0.25,10,3,40,1730,0,0,40,1730,0.0,0.0,0.0,0.0,7.5146913149140095
tfnbs,"e=0.05,h=0.5,n=30,start_thres=1.25",hub,0.25,10,8,40,1730,1,0,39,1730,0.025,0.0,1.0,0.0,7.525573242794383
tfnbs,"e=0.05,h=1.0,n=30,start_thres=1.25",hub,0.25,10,8,40,1730,1,0,39,1730,0.025,0.0,1.0,0.0,7.525573242794383
tfnbs,"e=0.05,h=2.0,n=30,start_thres=1.25",hub,0.25,10,8,40,1730,1,0,39,1730,0.025,0.0,1.0,0.0,7.525573242794383
tfnbs,"e=0.05,h=3.0,n=30,start_thres=1.25",hub,0.25,10,8,40,1730,1,0,39,1730,0.025,0.0,1.0,0.0,7.525573242794383
tfnbs,"e=0.05,h=4.0,n=30,start_thres=1.25",hub,0.25,10,8,40,1730,1,0,39,1730,0.025,0.0,1.0,0.0,7.525573242794383
tfnbs,"e=0.05,h=5.0,n=30,start_thres=1.25",hub,0.25,10,8,40,1730,1,0,39,1730,0.025,0.0,1.0,0.0,7.525573242794383
tfnbs,"e=0.05,h=6.0,n=30,start_thres=1.25",hub,0.25,10,8,40,1730,1,0,39,1730,0.025,0.0,1.0,0.0,7.525573242794383
tfnbs,"e=0.05,h=7.0,n=30,start_thres=1.25",hub,0.25,10,8,40,1730,1,0,39,1730,0.025,0.0,1.0,0.0,7.525573242794383
tfnbs,"e=0.05,h=8.0,n=30,start_thres=1.25",hub,0.25,10,8,40,1730,1,0,39,1730,0.025,0.0,1.0,0.0,7.525573242794383
tfnbs,"e=0.05,h=9.0,n=30,start_thres=1.25",hub,0.25,10,8,40,1730,1,0,39,1730,0.025,0.0,1.0,0.0,7.525573242794383
tfnbs,"e=0.05,h=10.0,n=30,start_thres=1.25",hub,0.25,10,8,40,1730,1,0,39,1730,0.025,0.0,1.0,0.0,7.525573242794383
tfnbs,"e=0.1,h=0.5,n=30,start_thres=1.25",hub,0.25,10,8,40,1730,1,1,39,1729,0.025,0.0005780346820809,0.5,0.5,7.525573242794383
tfnbs,"e=0.1,h=1.0,n=30,start_thres=1.25",hub,0.25,10,8,40,1730,1,0,39,1730,0.025,0.0,1.0,0.0,7.525573242794383
tfnbs,"e=0.1,h=2.0,n=30,start_thres=1.25",hub,0.25,10,8,40,1730,1,0,39,1730,0.025,0.0,1.0,0.0,7.525573242794383
tfnbs,"e=0.1,h=3.0,n=30,start_thres=1.25",hub,0.25,10,8,40,1730,1,0,39,1730,0.025,0.0,1.0,0.0,7.525573242794383
tfnbs,"e=0.1,h=4.0,n=30,start_thres=1.25",hub,0.25,10,8,40,1730,1,0,39,1730,0.025,0.0,1.0,0.0,7.525573242794383
tfnbs,"e=0.1,h=5.0,n=30,start_thres=1.25",hub,0.25,10,8,40,1730,1,0,39,1730,0.025,0.0,1.0,0.0,7.525573242794383
tfnbs,"e=0.1,h=6.0,n=30,start_thres=1.25",hub,0.25,10,8,40,1730,1,0,39,1730,0.025,0.0,1.0,0.0,7.525573242794383
tfnbs,"e=0.1,h=7.0,n=30,start_thres=1.25",hub,0.25,10,8,40,1730,1,0,39,1730,0.025,0.0,1.0,0.0,7.525573242794383
tfnbs,"e=0.1,h=8.0,n=30,start_thres=1.25",hub,0.25,10,8,40,1730,1,0,39,1730,0.025,0.0,1.0,0.0,7.525573242794383
tfnbs,"e=0.1,h=9.0,n=30,start_thres=1.25",hub,0.25,10,8,40,1730,1,0,39,1730,0.025,0.0,1.0,0.0,7.525573242794383
tfnbs,"e=0.1,h=10.0,n=30,start_thres=1.25",hub,0.25,10,8,40,1730,1,0,39,1730,0.025,0.0,1.0,0.0,7.525573242794383
tfnbs,"e=0.2,h=0.5,n=30,start_thres=1.25",hub,0.25,10,8,40,1730,2,1,38,1729,0.05,0.0005780346820809,0.6666666666666666,0.3333333333333333,7.525573242794383
tfnbs,"e=0.2,h=1.0,n=30,start_thres=1.25",hub,0.25,10,8,40,1730,2,1,38,1729,0.05,0.0005780346820809,0.6666666666666666,0.3333333333333333,7.525573242794383
tfnbs,"e=0.2,h=2.0,n=30,start_thres=1.25",hub,0.25,10,8,40,1730,1,1,39,1729,0.025,0.0005780346820809,0.5,0.5,7.525573242794383
tfnbs,"e=0.2,h=3.0,n=30,start_thres=1.25",hub,0.25,10,8,40,1730,1,1,39,1729,0.025,0.0005780346820809,0.5,0.5,7.525573242794383
tfnbs,"e=0.2,h=4.0,n=30,start_thres=1.25",hub,0.25,10,8,40,1730,1,0,39,1730,0.025,0.0,1.0,0.0,7.525573242794383
tfnbs,"e=0.2,h=5.0,n=30,start_thres=1.25",hub,0.25,10,8,40,1730,1,0,39,1730,0.025,0.0,1.0,0.0,7.525573242794383
tfnbs,"e=0.2,h=6.0,n=30,start_thres=1.25",hub,0.25,10,8,40,1730,1,0,39,1730,0.025,0.0,1.0,0.0,7.525573242794383
tfnbs,"e=0.2,h=7.0,n=30,start_thres=1.25",hub,0.25,10,8,40,1730,1,0,39,1730,0.025,0.0,1.0,0.0,7.525573242794383
tfnbs,"e=0.2,h=8.0,n=30,start_thres=1.25",hub,0.25,10,8,40,1730,1,0,39,1730,0.025,0.0,1.0,0.0,7.525573242794383
tfnbs,"e=0.2,h=9.0,n=30,start_thres=1.25",hub,0.25,10,8,40,1730,1,0,39,1730,0.025,0.0,1.0,0.0,7.525573242794383
tfnbs,"e=0.2,h=10.0,n=30,start_thres=1.25",hub,0.25,10,8,40,1730,1,0,39,1730,0.025,0.0,1.0,0.0,7.525573242794383
tfnbs,"e=0.3,h=0.5,n=30,start_thres=1.25",hub,0.25,10,8,40,1730,2,1,38,1729,0.05,0.0005780346820809,0.6666666666666666,0.3333333333333333,7.525573242794383
tfnbs,"e=0.3,h=1.0,n=30,start_thres=1.25",hub,0.25,10,8,40,1730,2,1,38,1729,0.05,0.0005780346820809,0.6666666666666666,0.3333333333333333,7.525573242794383
tfnbs,"e=0.3,h=2.0,n=30,start_thres=1.25",hub,0.25,10,8,40,1730,2,1,38,1729,0.05,0.0005780346820809,0.6666666666666666,0.3333333333333333,7.525573242794383
tfnbs,"e=0.3,h=3.0,n=30,start_thres=1.25",hub,0.25,10,8,40,1730,2,1,38,1729,0.05,0.0005780346820809,0.6666666666666666,0.3333333333333333,7.525573242794383
tfnbs,"e=0.3,h=4.0,n=30,start_thres=1.25",hub,0.25,10,8,40,1730,1,1,39,1729,0.025,0.0005780346820809,0.5,0.5,7.525573242794383
tfnbs,"e=0.3,h=5.0,n=30,start_thres=1.25",hub,0.25,10,8,40,1730,1,0,39,1730,0.025,0.0,1.0,0.0,7.525573242794383
tfnbs,"e=0.3,h=6.0,n=30,start_thres=1.25",hub,0.25,10,8,40,1730,1,0,39,1730,0.025,0.0,1.0,0.0,7.525573242794383
tfnbs,"e=0.3,h=7.0,n=30,start_thres=1.25",hub,0.25,10,8,40,1730,1,0,39,1730,0.025,0.0,1.0,0.0,7.525573242794383
tfnbs,"e=0.3,h=8.0,n=30,start_thres=1.25",hub,0.25,10,8,40,1730,1,0,39,1730,0.025,0.0,1.0,0.0,7.525573242794383
tfnbs,"e=0.3,h=9.0,n=30,start_thres=1.25",hub,0.25,10,8,40,1730,1,0,39,1730,0.025,0.0,1.0,0.0,7.525573242794383
tfnbs,"e=0.3,h=10.0,n=30,start_thres=1.25",hub,0.25,10,8,40,1730,1,0,39,1730,0.025,0.0,1.0,0.0,7.525573242794383
tfnbs,"e=0.4,h=0.5,n=30,start_thres=1.25",hub,0.25,10,8,40,1730,5,2,35,1728,0.125,0.0011560693641618,0.7142857142857143,0.2857142857142857,7.525573242794383
tfnbs,"e=0.4,h=1.0,n=30,start_thres=1.25",hub,0.25,10,8,40,1730,3,2,37,1728,0.075,0.0011560693641618,0.6,0.4,7.525573242794383
tfnbs,"e=0.4,h=2.0,n=30,start_thres=1.25",hub,0.25,10,8,40,1730,2,1,38,1729,0.05,0.0005780346820809,0.6666666666666666,0.3333333333333333,7.525573242794383
tfnbs,"e=0.4,h=3.0,n=30,start_thres=1.25",hub,0.25,10,8,40,1730,2,1,38,1729,0.05,0.0005780346820809,0.6666666666666666,0.3333333333333333,7.525573242794383
tfnbs,"e=0.4,h=4.0,n=30,start_thres=1.25",hub,0.25,10,8,40,1730,2,1,38,1729,0.05,0.0005780346820809,0.6666666666666666,0.3333333333333333,7.525573242794383
tfnbs,"e=0.4,h=5.0,n=30,start_thres=1.25",hub,0.25,10,8,40,1730,1,1,39,1729,0.025,0.0005780346820809,0.5,0.5,7.525573242794383
tfnbs,"e=0.4,h=6.0,n=30,start_thres=1.25",hub,0.25,10,8,40,1730,1,1,39,1729,0.025,0.0005780346820809,0.5,0.5,7.525573242794383
tfnbs,"e=0.4,h=7.0,n=30,start_thres=1.25",hub,0.25,10,8,40,1730,1,0,39,1730,0.025,0.0,1.0,0.0,7.525573242794383
tfnbs,"e=0.4,h=8.0,n=30,start_thres=1.25",hub,0.25,10,8,40,1730,1,0,39,1730,0.025,0.0,1.0,0.0,7.525573242794383
tfnbs,"e=0.4,h=9.0,n=30,start_thres=1.25",hub,0.25,10,8,40,1730,1,0,39,1730,0.025,0.0,1.0,0.0,7.525573242794383
tfnbs,"e=0.4,h=10.0,n=30,start_thres=1.25",hub,0.25,10,8,40,1730,1,0,39,1730,0.025,0.0,1.0,0.0,7.525573242794383
tfnbs,"e=0.5,h=0.5,n=30,start_thres=1.25",hub,0.25,10,8,40,1730,10,4,30,1726,0.25,0.0023121387283236,0.7142857142857143,0.2857142857142857,7.525573242794383
tfnbs,"e=0.5,h=1.0,n=30,start_thres=1.25",hub,0.25,10,8,40,1730,10,4,30,1726,0.25,0.0023121387283236,0.7142857142857143,0.2857142857142857,7.525573242794383
tfnbs,"e=0.5,h=2.0,n=30,start_thres=1.25",hub,0.25,10,8,40,1730,3,2,37,1728,0.075,0.0011560693641618,0.6,0.4,7.525573242794383
tfnbs,"e=0.5,h=3.0,n=30,start_thres=1.25",hub,0.25,10,8,40,1730,2,1,38,1729,0.05,0.0005780346820809,0.6666666666666666,0.3333333333333333,7.525573242794383
tfnbs,"e=0.5,h=4.0,n=30,start_thres=1.25",hub,0.25,10,8,40,1730,2,1,38,1729,0.05,0.0005780346820809,0.6666666666666666,0.3333333333333333,7.525573242794383
tfnbs,"e=0.5,h=5.0,n=30,start_thres=1.25",hub,0.25,10,8,40,1730,2,1,38,1729,0.05,0.0005780346820809,0.6666666666666666,0.3333333333333333,7.525573242794383
tfnbs,"e=0.5,h=6.0,n=30,start_thres=1.25",hub,0.25,10,8,40,1730,1,1,39,1729,0.025,0.0005780346820809,0.5,0.5,7.525573242794383
tfnbs,"e=0.5,h=7.0,n=30,start_thres=1.25",hub,0.25,10,8,40,1730,1,1,39,1729,0.025,0.0005780346820809,0.5,0.5,7.525573242794383
tfnbs,"e=0.5,h=8.0,n=30,start_thres=1.25",hub,0.25,10,8,40,1730,1,0,39,1730,0.025,0.0,1.0,0.0,7.525573242794383
tfnbs,"e=0.5,h=9.0,n=30,start_thres=1.25",hub,0.25,10,8,40,1730,1,0,39,1730,0.025,0.0,1.0,0.0,7.525573242794383
tfnbs,"e=0.5,h=10.0,n=30,start_thres=1.25",hub,0.25,10,8,40,1730,1,0,39,1730,0.025,0.0,1.0,0.0,7.525573242794383
tfnbs,"e=0.6,h=0.5,n=30,start_thres=1.25",hub,0.25,10,8,40,1730,10,10,30,1720,0.25,0.0057803468208092,0.5,0.5,7.525573242794383
tfnbs,"e=0.6,h=1.0,n=30,start_thres=1.25",hub,0.25,10,8,40,1730,10,8,30,1722,0.25,0.0046242774566473,0.5555555555555556,0.4444444444444444,7.525573242794383
tfnbs,"e=0.6,h=2.0,n=30,start_thres=1.25",hub,0.25,10,8,40,1730,10,4,30,1726,0.25,0.0023121387283236,0.7142857142857143,0.2857142857142857,7.525573242794383
tfnbs,"e=0.6,h=3.0,n=30,start_thres=1.25",hub,0.25,10,8,40,1730,3,2,37,1728,0.075,0.0011560693641618,0.6,0.4,7.525573242794383
tfnbs,"e=0.6,h=4.0,n=30,start_thres=1.25",hub,0.25,10,8,40,1730,2,1,38,1729,0.05,0.0005780346820809,0.6666666666666666,0.3333333333333333,7.525573242794383
tfnbs,"e=0.6,h=5.0,n=30,start_thres=1.25",hub,0.25,10,8,40,1730,2,1,38,1729,0.05,0.0005780346820809,0.6666666666666666,0.3333333333333333,7.525573242794383
tfnbs,"e=0.6,h=6.0,n=30,start_thres=1.25",hub,0.25,10,8,40,1730,2,1,38,1729,0.05,0.0005780346820809,0.6666666666666666,0.3333333333333333,7.525573242794383
tfnbs,"e=0.6,h=7.0,n=30,start_thres=1.25",hub,0.25,10,8,40,1730,2,1,38,1729,0.05,0.0005780346820809,0.6666666666666666,0.3333333333333333,7.525573242794383
tfnbs,"e=0.6,h=8.0,n=30,start_thres=1.25",hub,0.25,10,8,40,1730,1,1,39,1729,0.025,0.0005780346820809,0.5,0.5,7.525573242794383
tfnbs,"e=0.6,h=9.0,n=30,start_thres=1.25",hub,0.25,10,8,40,1730,1,0,39,1730,0.025,0.0,1.0,0.0,7.525573242794383
tfnbs,"e=0.6,h=10.0,n=30,start_thres=1.25",hub,0.25,10,8,40,1730,1,0,39,1730,0.025,0.0,1.0,0.0,7.525573242794383
tfnbs,"e=0.7,h=0.5,n=30,start_thres=1.25",hub,0.25,10,8,40,1730,10,11,30,1719,0.25,0.0063583815028901,0.4761904761904761,0.5238095238095238,7.525573242794383
tfnbs,"e=0.7,h=1.0,n=30,start_thres=1.25",hub,0.25,10,8,40,1730,10,11,30,1719,0.25,0.0063583815028901,0.4761904761904761,0.5238095238095238,7.525573242794383
tfnbs,"e=0.7,h=2.0,n=30,start_thres=1.25",hub,0.25,10,8,40,1730,10,8,30,1722,0.25,0.0046242774566473,0.5555555555555556,0.4444444444444444,7.525573242794383
tfnbs,"e=0.7,h=3.0,n=30,start_thres=1.25",hub,0.25,10,8,40,1730,10,4,30,1726,0.25,0.0023121387283236,0.7142857142857143,0.2857142857142857,7.525573242794383
tfnbs,"e=0.7,h=4.0,n=30,start_thres=1.25",hub,0.25,10,8,40,1730,3,2,37,1728,0.075,0.0011560693641618,0.6,0.4,7.525573242794383
tfnbs,"e=0.7,h=5.0,n=30,start_thres=1.25",hub,0.25,10,8,40,1730,2,1,38,1729,0.05,0.0005780346820809,0.6666666666666666,0.3333333333333333,7.525573242794383
tfnbs,"e=0.7,h=6.0,n=30,start_thres=1.25",hub,0.25,10,8,40,1730,2,1,38,1729,0.05,0.0005780346820809,0.6666666666666666,0.3333333333333333,7.525573242794383
tfnbs,"e=0.7,h=7.0,n=30,start_thres=1.25",hub,0.25,10,8,40,1730,2,1,38,1729,0.05,0.0005780346820809,0.6666666666666666,0.3333333333333333,7.525573242794383
tfnbs,"e=0.7,h=8.0,n=30,start_thres=1.25",hub,0.25,10,8,40,1730,2,1,38,1729,0.05,0.0005780346820809,0.6666666666666666,0.3333333333333333,7.525573242794383
tfnbs,"e=0.7,h=9.0,n=30,start_thres=1.25",hub,0.25,10,8,40,1730,1,1,39,1729,0.025,0.0005780346820809,0.5,0.5,7.525573242794383
tfnbs,"e=0.7,h=10.0,n=30,start_thres=1.25",hub,0.25,10,8,40,1730,1,1,39,1729,0.025,0.0005780346820809,0.5,0.5,7.525573242794383
tfnbs,"e=0.8,h=0.5,n=30,start_thres=1.25",hub,0.25,10,8,40,1730,13,17,27,1713,0.325,0.0098265895953757,0.4333333333333333,0.5666666666666667,7.525573242794383
tfnbs,"e=0.8,h=1.0,n=30,start_thres=1.25",hub,0.25,10,8,40,1730,13,17,27,1713,0.325,0.0098265895953757,0.4333333333333333,0.5666666666666667,7.525573242794383
tfnbs,"e=0.8,h=2.0,n=30,start_thres=1.25",hub,0.25,10,8,40,1730,10,11,30,1719,0.25,0.0063583815028901,0.4761904761904761,0.5238095238095238,7.525573242794383
tfnbs,"e=0.8,h=3.0,n=30,start_thres=1.25",hub,0.25,10,8,40,1730,10,8,30,1722,0.25,0.0046242774566473,0.5555555555555556,0.4444444444444444,7.525573242794383
tfnbs,"e=0.8,h=4.0,n=30,start_thres=1.25",hub,0.25,10,8,40,1730,10,4,30,1726,0.25,0.0023121387283236,0.7142857142857143,0.2857142857142857,7.525573242794383
tfnbs,"e=0.8,h=5.0,n=30,start_thres=1.25",hub,0.25,10,8,40,1730,3,2,37,1728,0.075,0.0011560693641618,0.6,0.4,7.525573242794383
tfnbs,"e=0.8,h=6.0,n=30,start_thres=1.25",hub,0.25,10,8,40,1730,2,1,38,1729,0.05,0.0005780346820809,0.6666666666666666,0.3333333333333333,7.525573242794383
tfnbs,"e=0.8,h=7.0,n=30,start_thres=1.25",hub,0.25,10,8,40,1730,2,1,38,1729,0.05,0.0005780346820809,0.6666666666666666,0.3333333333333333,7.525573242794383
tfnbs,"e=0.8,h=8.0,n=30,start_thres=1.25",hub,0.25,10,8,40,1730,2,1,38,1729,0.05,0.0005780346820809,0.6666666666666666,0.3333333333333333,7.525573242794383
tfnbs,"e=0.8,h=9.0,n=30,start_thres=1.25",hub,0.25,10,8,40,1730,2,1,38,1729,0.05,0.0005780346820809,0.6666666666666666,0.3333333333333333,7.525573242794383
tfnbs,"e=0.8,h=10.0,n=30,start_thres=1.25",hub,0.25,10,8,40,1730,1,1,39,1729,0.025,0.0005780346820809,0.5,0.5,7.525573242794383
tfnbs,"e=0.9,h=0.5,n=30,start_thres=1.25",hub,0.25,10,8,40,1730,13,17,27,1713,0.325,0.0098265895953757,0.4333333333333333,0.5666666666666667,7.525573242794383
tfnbs,"e=0.9,h=1.0,n=30,start_thres=1.25",hub,0.25,10,8,40,1730,13,17,27,1713,0.325,0.0098265895953757,0.4333333333333333,0.5666666666666667,7.525573242794383
tfnbs,"e=0.9,h=2.0,n=30,start_thres=1.25",hub,0.25,10,8,40,1730,13,17,27,1713,0.325,0.0098265895953757,0.4333333333333333,0.5666666666666667,7.525573242794383
tfnbs,"e=0.9,h=3.0,n=30,start_thres=1.25",hub,0.25,10,8,40,1730,10,11,30,1719,0.25,0.0063583815028901,0.4761904761904761,0.5238095238095238,7.525573242794383
tfnbs,"e=0.9,h=4.0,n=30,start_thres=1.25",hub,0.25,10,8,40,1730,10,8,30,1722,0.25,0.0046242774566473,0.5555555555555556,0.4444444444444444,7.525573242794383
tfnbs,"e=0.9,h=5.0,n=30,start_thres=1.25",hub,0.25,10,8,40,1730,10,4,30,1726,0.25,0.0023121387283236,0.7142857142857143,0.2857142857142857,7.525573242794383
tfnbs,"e=0.9,h=6.0,n=30,start_thres=1.25",hub,0.25,10,8,40,1730,3,2,37,1728,0.075,0.0011560693641618,0.6,0.4,7.525573242794383
tfnbs,"e=0.9,h=7.0,n=30,start_thres=1.25",hub,0.25,10,8,40,1730,2,1,38,1729,0.05,0.0005780346820809,0.6666666666666666,0.3333333333333333,7.525573242794383
tfnbs,"e=0.9,h=8.0,n=30,start_thres=1.25",hub,0.25,10,8,40,1730,2,1,38,1729,0.05,0.0005780346820809,0.6666666666666666,0.3333333333333333,7.525573242794383
tfnbs,"e=0.9,h=9.0,n=30,start_thres=1.25",hub,0.25,10,8,40,1730,2,1,38,1729,0.05,0.0005780346820809,0.6666666666666666,0.3333333333333333,7.525573242794383
tfnbs,"e=0.9,h=10.0,n=30,start_thres=1.25",hub,0.25,10,8,40,1730,1,1,39,1729,0.025,0.0005780346820809,0.5,0.5,7.525573242794383
tfnbs,"e=1.0,h=0.5,n=30,start_thres=1.25",hub,0.25,10,8,40,1730,15,19,25,1711,0.375,0.0109826589595375,0.4411764705882353,0.5588235294117647,7.525573242794383
tfnbs,"e=1.0,h=1.0,n=30,start_thres=1.25",hub,0.25,10,8,40,1730,15,19,25,1711,0.375,0.0109826589595375,0.4411764705882353,0.5588235294117647,7.525573242794383
tfnbs,"e=1.0,h=2.0,n=30,start_thres=1.25",hub,0.25,10,8,40,1730,13,17,27,1713,0.325,0.0098265895953757,0.4333333333333333,0.5666666666666667,7.525573242794383
tfnbs,"e=1.0,h=3.0,n=30,start_thres=1.25",hub,0.25,10,8,40,1730,13,17,27,1713,0.325,0.0098265895953757,0.4333333333333333,0.5666666666666667,7.525573242794383
tfnbs,"e=1.0,h=4.0,n=30,start_thres=1.25",hub,0.25,10,8,40,1730,10,10,30,1720,0.25,0.0057803468208092,0.5,0.5,7.525573242794383
tfnbs,"e=1.0,h=5.0,n=30,start_thres=1.25",hub,0.25,10,8,40,1730,10,8,30,1722,0.25,0.0046242774566473,0.5555555555555556,0.4444444444444444,7.525573242794383
tfnbs,"e=1.0,h=6.0,n=30,start_thres=1.25",hub,0.25,10,8,40,1730,10,4,30,1726,0.25,0.0023121387283236,0.7142857142857143,0.2857142857142857,7.525573242794383
tfnbs,"e=1.0,h=7.0,n=30,start_thres=1.25",hub,0.25,10,8,40,1730,2,1,38,1729,0.05,0.0005780346820809,0.6666666666666666,0.3333333333333333,7.525573242794383
tfnbs,"e=1.0,h=8.0,n=30,start_thres=1.25",hub,0.25,10,8,40,1730,2,1,38,1729,0.05,0.0005780346820809,0.6666666666666666,0.3333333333333333,7.525573242794383
tfnbs,"e=1.0,h=9.0,n=30,start_thres=1.25",hub,0.25,10,8,40,1730,2,1,38,1729,0.05,0.0005780346820809,0.6666666666666666,0.3333333333333333,7.525573242794383
tfnbs,"e=1.0,h=10.0,n=30,start_thres=1.25",hub,0.25,10,8,40,1730,2,1,38,1729,0.05,0.0005780346820809,0.6666666666666666,0.3333333333333333,7.525573242794383
tfnbs,"e=1.1,h=0.5,n=30,start_thres=1.25",hub,0.25,10,8,40,1730,15,19,25,1711,0.375,0.0109826589595375,0.4411764705882353,0.5588235294117647,7.525573242794383
tfnbs,"e=1.1,h=1.0,n=30,start_thres=1.25",hub,0.25,10,8,40,1730,15,19,25,1711,0.375,0.0109826589595375,0.4411764705882353,0.5588235294117647,7.525573242794383
tfnbs,"e=1.1,h=2.0,n=30,start_thres=1.25",hub,0.25,10,8,40,1730,15,19,25,1711,0.375,0.0109826589595375,0.4411764705882353,0.5588235294117647,7.525573242794383
tfnbs,"e=1.1,h=3.0,n=30,start_thres=1.25",hub,0.25,10,8,40,1730,15,19,25,1711,0.375,0.0109826589595375,0.4411764705882353,0.5588235294117647,7.525573242794383
tfnbs,"e=1.1,h=4.0,n=30,start_thres=1.25",hub,0.25,10,8,40,1730,13,17,27,1713,0.325,0.0098265895953757,0.4333333333333333,0.5666666666666667,7.525573242794383
tfnbs,"e=1.1,h=5.0,n=30,start_thres=1.25",hub,0.25,10,8,40,1730,10,10,30,1720,0.25,0.0057803468208092,0.5,0.5,7.525573242794383
tfnbs,"e=1.1,h=6.0,n=30,start_thres=1.25",hub,0.25,10,8,40,1730,10,8,30,1722,0.25,0.0046242774566473,0.5555555555555556,0.4444444444444444,7.525573242794383
tfnbs,"e=1.1,h=7.0,n=30,start_thres=1.25",hub,0.25,10,8,40,1730,5,2,35,1728,0.125,0.0011560693641618,0.7142857142857143,0.2857142857142857,7.525573242794383
tfnbs,"e=1.1,h=8.0,n=30,start_thres=1.25",hub,0.25,10,8,40,1730,2,1,38,1729,0.05,0.0005780346820809,0.6666666666666666,0.3333333333333333,7.525573242794383
tfnbs,"e=1.1,h=9.0,n=30,start_thres=1.25",hub,0.25,10,8,40,1730,2,1,38,1729,0.05,0.0005780346820809,0.6666666666666666,0.3333333333333333,7.525573242794383
tfnbs,"e=1.1,h=10.0,n=30,start_thres=1.25",hub,0.25,10,8,40,1730,2,1,38,1729,0.05,0.0005780346820809,0.6666666666666666,0.3333333333333333,7.525573242794383
tfnbs,"e=1.2,h=0.5,n=30,start_thres=1.25",hub,0.25,10,8,40,1730,15,19,25,1711,0.375,0.0109826589595375,0.4411764705882353,0.5588235294117647,7.525573242794383
tfnbs,"e=1.2,h=1.0,n=30,start_thres=1.25",hub,0.25,10,8,40,1730,15,19,25,1711,0.375,0.0109826589595375,0.4411764705882353,0.5588235294117647,7.525573242794383
tfnbs,"e=1.2,h=2.0,n=30,start_thres=1.25",hub,0.25,10,8,40,1730,15,19,25,1711,0.375,0.0109826589595375,0.4411764705882353,0.5588235294117647,7.525573242794383
tfnbs,"e=1.2,h=3.0,n=30,start_thres=1.25",hub,0.25,10,8,40,1730,15,19,25,1711,0.375,0.0109826589595375,0.4411764705882353,0.5588235294117647,7.525573242794383
tfnbs,"e=1.2,h=4.0,n=30,start_thres=1.25",hub,0.25,10,8,40,1730,15,19,25,1711,0.375,0.0109826589595375,0.4411764705882353,0.5588235294117647,7.525573242794383
tfnbs,"e=1.2,h=5.0,n=30,start_thres=1.25",hub,0.25,10,8,40,1730,13,17,27,1713,0.325,0.0098265895953757,0.4333333333333333,0.5666666666666667,7.525573242794383
tfnbs,"e=1.2,h=6.0,n=30,start_thres=1.25",hub,0.25,10,8,40,1730,10,10,30,1720,0.25,0.0057803468208092,0.5,0.5,7.525573242794383
tfnbs,"e=1.2,h=7.0,n=30,start_thres=1.25",hub,0.25,10,8,40,1730,10,4,30,1726,0.25,0.0023121387283236,0.7142857142857143,0.2857142857142857,7.525573242794383
tfnbs,"e=1.2,h=8.0,n=30,start_thres=1.25",hub,0.25,10,8,40,1730,3,2,37,1728,0.075,0.0011560693641618,0.6,0.4,7.525573242794383
tfnbs,"e=1.2,h=9.0,n=30,start_thres=1.25",hub,0.25,10,8,40,1730,2,1,38,1729,0.05,0.0005780346820809,0.6666666666666666,0.3333333333333333,7.525573242794383
tfnbs,"e=1.2,h=10.0,n=30,start_thres=1.25",hub,0.25,10,8,40,1730,2,1,38,1729,0.05,0.0005780346820809,0.6666666666666666,0.3333333333333333,7.525573242794383
tfnbs,"e=1.3,h=0.5,n=30,start_thres=1.25",hub,0.25,10,8,40,1730,18,26,22,1704,0.45,0.015028901734104,0.4090909090909091,0.5909090909090909,7.525573242794383
tfnbs,"e=1.3,h=1.0,n=30,start_thres=1.25",hub,0.25,10,8,40,1730,18,26,22,1704,0.45,0.015028901734104,0.4090909090909091,0.5909090909090909,7.525573242794383
tfnbs,"e=1.3,h=2.0,n=30,start_thres=1.25",hub,0.25,10,8,40,1730,18,26,22,1704,0.45,0.015028901734104,0.4090909090909091,0.5909090909090909,7.525573242794383
tfnbs,"e=1.3,h=3.0,n=30,start_thres=1.25",hub,0.25,10,8,40,1730,15,19,25,1711,0.375,0.0109826589595375,0.4411764705882353,0.5588235294117647,7.525573242794383
tfnbs,"e=1.3,h=4.0,n=30,start_thres=1.25",hub,0.25,10,8,40,1730,15,19,25,1711,0.375,0.0109826589595375,0.4411764705882353,0.5588235294117647,7.525573242794383
tfnbs,"e=1.3,h=5.0,n=30,start_thres=1.25",hub,0.25,10,8,40,1730,13,17,27,1713,0.325,0.0098265895953757,0.4333333333333333,0.5666666666666667,7.525573242794383
tfnbs,"e=1.3,h=6.0,n=30,start_thres=1.25",hub,0.25,10,8,40,1730,13,17,27,1713,0.325,0.0098265895953757,0.4333333333333333,0.5666666666666667,7.525573242794383
tfnbs,"e=1.3,h=7.0,n=30,start_thres=1.25",hub,0.25,10,8,40,1730,10,8,30,1722,0.25,0.0046242774566473,0.5555555555555556,0.4444444444444444,7.525573242794383
tfnbs,"e=1.3,h=8.0,n=30,start_thres=1.25",hub,0.25,10,8,40,1730,10,4,30,1726,0.25,0.0023121387283236,0.7142857142857143,0.2857142857142857,7.525573242794383
tfnbs,"e=1.3,h=9.0,n=30,start_thres=1.25",hub,0.25,10,8,40,1730,3,2,37,1728,0.075,0.0011560693641618,0.6,0.4,7.525573242794383
tfnbs,"e=1.3,h=10.0,n=30,start_thres=1.25",hub,0.25,10,8,40,1730,2,1,38,1729,0.05,0.0005780346820809,0.6666666666666666,0.3333333333333333,7.525573242794383
tfnbs,"e=1.4,h=0.5,n=30,start_thres=1.25",hub,0.25,10,8,40,1730,18,26,22,1704,0.45,0.015028901734104,0.4090909090909091,0.5909090909090909,7.525573242794383
tfnbs,"e=1.4,h=1.0,n=30,start_thres=1.25",hub,0.25,10,8,40,1730,18,26,22,1704,0.45,0.015028901734104,0.4090909090909091,0.5909090909090909,7.525573242794383
tfnbs,"e=1.4,h=2.0,n=30,start_thres=1.25",hub,0.25,10,8,40,1730,18,26,22,1704,0.45,0.015028901734104,0.4090909090909091,0.5909090909090909,7.525573242794383
tfnbs,"e=1.4,h=3.0,n=30,start_thres=1.25",hub,0.25,10,8,40,1730,18,26,22,1704,0.45,0.015028901734104,0.4090909090909091,0.5909090909090909,7.525573242794383
tfnbs,"e=1.4,h=4.0,n=30,start_thres=1.25",hub,0.25,10,8,40,1730,15,19,25,1711,0.375,0.0109826589595375,0.4411764705882353,0.5588235294117647,7.525573242794383
tfnbs,"e=1.4,h=5.0,n=30,start_thres=1.25",hub,0.25,10,8,40,1730,15,19,25,1711,0.375,0.0109826589595375,0.4411764705882353,0.5588235294117647,7.525573242794383
tfnbs,"e=1.4,h=6.0,n=30,start_thres=1.25",hub,0.25,10,8,40,1730,13,17,27,1713,0.325,0.0098265895953757,0.4333333333333333,0.5666666666666667,7.525573242794383
tfnbs,"e=1.4,h=7.0,n=30,start_thres=1.25",hub,0.25,10,8,40,1730,10,10,30,1720,0.25,0.0057803468208092,0.5,0.5,7.525573242794383
tfnbs,"e=1.4,h=8.0,n=30,start_thres=1.25",hub,0.25,10,8,40,1730,10,8,30,1722,0.25,0.0046242774566473,0.5555555555555556,0.4444444444444444,7.525573242794383
tfnbs,"e=1.4,h=9.0,n=30,start_thres=1.25",hub,0.25,10,8,40,1730,10,4,30,1726,0.25,0.0023121387283236,0.7142857142857143,0.2857142857142857,7.525573242794383
tfnbs,"e=1.4,h=10.0,n=30,start_thres=1.25",hub,0.25,10,8,40,1730,2,1,38,1729,0.05,0.0005780346820809,0.6666666666666666,0.3333333333333333,7.525573242794383
tfnbs,"e=1.5,h=0.5,n=30,start_thres=1.25",hub,0.25,10,8,40,1730,18,26,22,1704,0.45,0.015028901734104,0.4090909090909091,0.5909090909090909,7.525573242794383
tfnbs,"e=1.5,h=1.0,n=30,start_thres=1.25",hub,0.25,10,8,40,1730,18,26,22,1704,0.45,0.015028901734104,0.4090909090909091,0.5909090909090909,7.525573242794383
tfnbs,"e=1.5,h=2.0,n=30,start_thres=1.25",hub,0.25,10,8,40,1730,18,26,22,1704,0.45,0.015028901734104,0.4090909090909091,0.5909090909090909,7.525573242794383
tfnbs,"e=1.5,h=3.0,n=30,start_thres=1.25",hub,0.25,10,8,40,1730,18,26,22,1704,0.45,0.015028901734104,0.4090909090909091,0.5909090909090909,7.525573242794383
tfnbs,"e=1.5,h=4.0,n=30,start_thres=1.25",hub,0.25,10,8,40,1730,18,26,22,1704,0.45,0.015028901734104,0.4090909090909091,0.5909090909090909,7.525573242794383
tfnbs,"e=1.5,h=5.0,n=30,start_thres=1.25",hub,0.25,10,8,40,1730,15,19,25,1711,0.375,0.0109826589595375,0.4411764705882353,0.5588235294117647,7.525573242794383
tfnbs,"e=1.5,h=6.0,n=30,start_thres=1.25",hub,0.25,10,8,40,1730,15,19,25,1711,0.375,0.0109826589595375,0.4411764705882353,0.5588235294117647,7.525573242794383
tfnbs,"e=1.5,h=7.0,n=30,start_thres=1.25",hub,0.25,10,8,40,1730,13,17,27,1713,0.325,0.0098265895953757,0.4333333333333333,0.5666666666666667,7.525573242794383
tfnbs,"e=1.5,h=8.0,n=30,start_thres=1.25",hub,0.25,10,8,40,1730,10,10,30,1720,0.25,0.0057803468208092,0.5,0.5,7.525573242794383
tfnbs,"e=1.5,h=9.0,n=30,start_thres=1.25",hub,0.25,10,8,40,1730,10,8,30,1722,0.25,0.0046242774566473,0.5555555555555556,0.4444444444444444,7.525573242794383
tfnbs,"e=1.5,h=10.0,n=30,start_thres=1.25",hub,0.25,10,8,40,1730,5,2,35,1728,0.125,0.0011560693641618,0.7142857142857143,0.2857142857142857,7.525573242794383
tfnbs,"e=0.05,h=0.5,n=30,start_thres=1.25",hub,0.25,10,7,40,1730,0,0,40,1730,0.0,0.0,0.0,0.0,7.540085993029854
tfnbs,"e=0.05,h=1.0,n=30,start_thres=1.25",hub,0.25,10,7,40,1730,0,0,40,1730,0.0,0.0,0.0,0.0,7.540085993029854
tfnbs,"e=0.05,h=2.0,n=30,start_thres=1.25",hub,0.25,10,7,40,1730,0,0,40,1730,0.0,0.0,0.0,0.0,7.540085993029854
tfnbs,"e=0.05,h=3.0,n=30,start_thres=1.25",hub,0.25,10,7,40,1730,0,0,40,1730,0.0,0.0,0.0,0.0,7.540085993029854
tfnbs,"e=0.05,h=4.0,n=30,start_thres=1.25",hub,0.25,10,7,40,1730,0,0,40,1730,0.0,0.0,0.0,0.0,7.540085993029854
tfnbs,"e=0.05,h=5.0,n=30,start_thres=1.25",hub,0.25,10,7,40,1730,0,0,40,1730,0.0,0.0,0.0,0.0,7.540085993029854
tfnbs,"e=0.05,h=6.0,n=30,start_thres=1.25",hub,0.25,10,7,40,1730,0,0,40,1730,0.0,0.0,0.0,0.0,7.540085993029854
tfnbs,"e=0.05,h=7.0,n=30,start_thres=1.25",hub,0.25,10,7,40,1730,0,0,40,1730,0.0,0.0,0.0,0.0,7.540085993029854
tfnbs,"e=0.05,h=8.0,n=30,start_thres=1.25",hub,0.25,10,7,40,1730,0,0,40,1730,0.0,0.0,0.0,0.0,7.540085993029854
tfnbs,"e=0.05,h=9.0,n=30,start_thres=1.25",hub,0.25,10,7,40,1730,0,0,40,1730,0.0,0.0,0.0,0.0,7.540085993029854
tfnbs,"e=0.05,h=10.0,n=30,start_thres=1.25",hub,0.25,10,7,40,1730,0,0,40,1730,0.0,0.0,0.0,0.0,7.540085993029854
tfnbs,"e=0.1,h=0.5,n=30,start_thres=1.25",hub,0.25,10,7,40,1730,1,0,39,1730,0.025,0.0,1.0,0.0,7.540085993029854
tfnbs,"e=0.1,h=1.0,n=30,start_thres=1.25",hub,0.25,10,7,40,1730,0,0,40,1730,0.0,0.0,0.0,0.0,7.540085993029854
tfnbs,"e=0.1,h=2.0,n=30,start_thres=1.25",hub,0.25,10,7,40,1730,0,0,40,1730,0.0,0.0,0.0,0.0,7.540085993029854
tfnbs,"e=0.1,h=3.0,n=30,start_thres=1.25",hub,0.25,10,7,40,1730,0,0,40,1730,0.0,0.0,0.0,0.0,7.540085993029854
tfnbs,"e=0.1,h=4.0,n=30,start_thres=1.25",hub,0.25,10,7,40,1730,0,0,40,1730,0.0,0.0,0.0,0.0,7.540085993029854
tfnbs,"e=0.1,h=5.0,n=30,start_thres=1.25",hub,0.25,10,7,40,1730,0,0,40,1730,0.0,0.0,0.0,0.0,7.540085993029854
tfnbs,"e=0.1,h=6.0,n=30,start_thres=1.25",hub,0.25,10,7,40,1730,0,0,40,1730,0.0,0.0,0.0,0.0,7.540085993029854
tfnbs,"e=0.1,h=7.0,n=30,start_thres=1.25",hub,0.25,10,7,40,1730,0,0,40,1730,0.0,0.0,0.0,0.0,7.540085993029854
tfnbs,"e=0.1,h=8.0,n=30,start_thres=1.25",hub,0.25,10,7,40,1730,0,0,40,1730,0.0,0.0,0.0,0.0,7.540085993029854
tfnbs,"e=0.1,h=9.0,n=30,start_thres=1.25",hub,0.25,10,7,40,1730,0,0,40,1730,0.0,0.0,0.0,0.0,7.540085993029854
tfnbs,"e=0.1,h=10.0,n=30,start_thres=1.25",hub,0.25,10,7,40,1730,0,0,40,1730,0.0,0.0,0.0,0.0,7.540085993029854
tfnbs,"e=0.2,h=0.5,n=30,start_thres=1.25",hub,0.25,10,7,40,1730,1,0,39,1730,0.025,0.0,1.0,0.0,7.540085993029854
tfnbs,"e=0.2,h=1.0,n=30,start_thres=1.25",hub,0.25,10,7,40,1730,1,0,39,1730,0.025,0.0,1.0,0.0,7.540085993029854
tfnbs,"e=0.2,h=2.0,n=30,start_thres=1.25",hub,0.25,10,7,40,1730,0,0,40,1730,0.0,0.0,0.0,0.0,7.540085993029854
tfnbs,"e=0.2,h=3.0,n=30,start_thres=1.25",hub,0.25,10,7,40,1730,0,0,40,1730,0.0,0.0,0.0,0.0,7.540085993029854
tfnbs,"e=0.2,h=4.0,n=30,start_thres=1.25",hub,0.25,10,7,40,1730,0,0,40,1730,0.0,0.0,0.0,0.0,7.540085993029854
tfnbs,"e=0.2,h=5.0,n=30,start_thres=1.25",hub,0.25,10,7,40,1730,0,0,40,1730,0.0,0.0,0.0,0.0,7.540085993029854
tfnbs,"e=0.2,h=6.0,n=30,start_thres=1.25",hub,0.25,10,7,40,1730,0,0,40,1730,0.0,0.0,0.0,0.0,7.540085993029854
tfnbs,"e=0.2,h=7.0,n=30,start_thres=1.25",hub,0.25,10,7,40,1730,0,0,40,1730,0.0,0.0,0.0,0.0,7.540085993029854
tfnbs,"e=0.2,h=8.0,n=30,start_thres=1.25",hub,0.25,10,7,40,1730,0,0,40,1730,0.0,0.0,0.0,0.0,7.540085993029854
tfnbs,"e=0.2,h=9.0,n=30,start_thres=1.25",hub,0.25,10,7,40,1730,0,0,40,1730,0.0,0.0,0.0,0.0,7.540085993029854
tfnbs,"e=0.2,h=10.0,n=30,start_thres=1.25",hub,0.25,10,7,40,1730,0,0,40,1730,0.0,0.0,0.0,0.0,7.540085993029854
tfnbs,"e=0.3,h=0.5,n=30,start_thres=1.25",hub,0.25,10,7,40,1730,1,0,39,1730,0.025,0.0,1.0,0.0,7.540085993029854
tfnbs,"e=0.3,h=1.0,n=30,start_thres=1.25",hub,0.25,10,7,40,1730,1,0,39,1730,0.025,0.0,1.0,0.0,7.540085993029854
tfnbs,"e=0.3,h=2.0,n=30,start_thres=1.25",hub,0.25,10,7,40,1730,1,0,39,1730,0.025,0.0,1.0,0.0,7.540085993029854
tfnbs,"e=0.3,h=3.0,n=30,start_thres=1.25",hub,0.25,10,7,40,1730,0,0,40,1730,0.0,0.0,0.0,0.0,7.540085993029854
tfnbs,"e=0.3,h=4.0,n=30,start_thres=1.25",hub,0.25,10,7,40,1730,0,0,40,1730,0.0,0.0,0.0,0.0,7.540085993029854
tfnbs,"e=0.3,h=5.0,n=30,start_thres=1.25",hub,0.25,10,7,40,1730,0,0,40,1730,0.0,0.0,0.0,0.0,7.540085993029854
tfnbs,"e=0.3,h=6.0,n=30,start_thres=1.25",hub,0.25,10,7,40,1730,0,0,40,1730,0.0,0.0,0.0,0.0,7.540085993029854
tfnbs,"e=0.3,h=7.0,n=30,start_thres=1.25",hub,0.25,10,7,40,1730,0,0,40,1730,0.0,0.0,0.0,0.0,7.540085993029854
tfnbs,"e=0.3,h=8.0,n=30,start_thres=1.25",hub,0.25,10,7,40,1730,0,0,40,1730,0.0,0.0,0.0,0.0,7.540085993029854
tfnbs,"e=0.3,h=9.0,n=30,start_thres=1.25",hub,0.25,10,7,40,1730,0,0,40,1730,0.0,0.0,0.0,0.0,7.540085993029854
tfnbs,"e=0.3,h=10.0,n=30,start_thres=1.25",hub,0.25,10,7,40,1730,0,0,40,1730,0.0,0.0,0.0,0.0,7.540085993029854
tfnbs,"e=0.4,h=0.5,n=30,start_thres=1.25",hub,0.25,10,7,40,1730,0,0,40,1730,0.0,0.0,0.0,0.0,7.540085993029854
tfnbs,"e=0.4,h=1.0,n=30,start_thres=1.25",hub,0.25,10,7,40,1730,1,0,39,1730,0.025,0.0,1.0,0.0,7.540085993029854
tfnbs,"e=0.4,h=2.0,n=30,start_thres=1.25",hub,0.25,10,7,40,1730,1,0,39,1730,0.025,0.0,1.0,0.0,7.540085993029854
tfnbs,"e=0.4,h=3.0,n=30,start_thres=1.25",hub,0.25,10,7,40,1730,0,0,40,1730,0.0,0.0,0.0,0.0,7.540085993029854
tfnbs,"e=0.4,h=4.0,n=30,start_thres=1.25",hub,0.25,10,7,40,1730,0,0,40,1730,0.0,0.0,0.0,0.0,7.540085993029854
tfnbs,"e=0.4,h=5.0,n=30,start_thres=1.25",hub,0.25,10,7,40,1730,0,0,40,1730,0.0,0.0,0.0,0.0,7.540085993029854
tfnbs,"e=0.4,h=6.0,n=30,start_thres=1.25",hub,0.25,10,7,40,1730,0,0,40,1730,0.0,0.0,0.0,0.0,7.540085993029854
tfnbs,"e=0.4,h=7.0,n=30,start_thres=1.25",hub,0.25,10,7,40,1730,0,0,40,1730,0.0,0.0,0.0,0.0,7.540085993029854
tfnbs,"e=0.4,h=8.0,n=30,start_thres=1.25",hub,0.25,10,7,40,1730,0,0,40,1730,0.0,0.0,0.0,0.0,7.540085993029854
tfnbs,"e=0.4,h=9.0,n=30,start_thres=1.25",hub,0.25,10,7,40,1730,0,0,40,1730,0.0,0.0,0.0,0.0,7.540085993029854
tfnbs,"e=0.4,h=10.0,n=30,start_thres=1.25",hub,0.25,10,7,40,1730,0,0,40,1730,0.0,0.0,0.0,0.0,7.540085993029854
tfnbs,"e=0.5,h=0.5,n=30,start_thres=1.25",hub,0.25,10,7,40,1730,0,0,40,1730,0.0,0.0,0.0,0.0,7.540085993029854
tfnbs,"e=0.5,h=1.0,n=30,start_thres=1.25",hub,0.25,10,7,40,1730,0,0,40,1730,0.0,0.0,0.0,0.0,7.540085993029854
tfnbs,"e=0.5,h=2.0,n=30,start_thres=1.25",hub,0.25,10,7,40,1730,0,0,40,1730,0.0,0.0,0.0,0.0,7.540085993029854
tfnbs,"e=0.5,h=3.0,n=30,start_thres=1.25",hub,0.25,10,7,40,1730,0,0,40,1730,0.0,0.0,0.0,0.0,7.540085993029854
tfnbs,"e=0.5,h=4.0,n=30,start_thres=1.25",hub,0.25,10,7,40,1730,0,0,40,1730,0.0,0.0,0.0,0.0,7.540085993029854
tfnbs,"e=0.5,h=5.0,n=30,start_thres=1.25",hub,0.25,10,7,40,1730,0,0,40,1730,0.0,0.0,0.0,0.0,7.540085993029854
tfnbs,"e=0.5,h=6.0,n=30,start_thres=1.25",hub,0.25,10,7,40,1730,0,0,40,1730,0.0,0.0,0.0,0.0,7.540085993029854
tfnbs,"e=0.5,h=7.0,n=30,start_thres=1.25",hub,0.25,10,7,40,1730,0,0,40,1730,0.0,0.0,0.0,0.0,7.540085993029854
tfnbs,"e=0.5,h=8.0,n=30,start_thres=1.25",hub,0.25,10,7,40,1730,0,0,40,1730,0.0,0.0,0.0,0.0,7.540085993029854
tfnbs,"e=0.5,h=9.0,n=30,start_thres=1.25",hub,0.25,10,7,40,1730,0,0,40,1730,0.0,0.0,0.0,0.0,7.540085993029854
tfnbs,"e=0.5,h=10.0,n=30,start_thres=1.25",hub,0.25,10,7,40,1730,0,0,40,1730,0.0,0.0,0.0,0.0,7.540085993029854
tfnbs,"e=0.6,h=0.5,n=30,start_thres=1.25",hub,0.25,10,7,40,1730,0,0,40,1730,0.0,0.0,0.0,0.0,7.540085993029854
tfnbs,"e=0.6,h=1.0,n=30,start_thres=1.25",hub,0.25,10,7,40,1730,0,0,40,1730,0.0,0.0,0.0,0.0,7.540085993029854
tfnbs,"e=0.6,h=2.0,n=30,start_thres=1.25",hub,0.25,10,7,40,1730,0,0,40,1730,0.0,0.0,0.0,0.0,7.540085993029854
tfnbs,"e=0.6,h=3.0,n=30,start_thres=1.25",hub,0.25,10,7,40,1730,0,0,40,1730,0.0,0.0,0.0,0.0,7.540085993029854
tfnbs,"e=0.6,h=4.0,n=30,start_thres=1.25",hub,0.25,10,7,40,1730,0,0,40,1730,0.0,0.0,0.0,0.0,7.540085993029854
tfnbs,"e=0.6,h=5.0,n=30,start_thres=1.25",hub,0.25,10,7,40,1730,0,0,40,1730,0.0,0.0,0.0,0.0,7.540085993029854
tfnbs,"e=0.6,h=6.0,n=30,start_thres=1.25",hub,0.25,10,7,40,1730,0,0,40,1730,0.0,0.0,0.0,0.0,7.540085993029854
tfnbs,"e=0.6,h=7.0,n=30,start_thres=1.25",hub,0.25,10,7,40,1730,0,0,40,1730,0.0,0.0,0.0,0.0,7.540085993029854
tfnbs,"e=0.6,h=8.0,n=30,start_thres=1.25",hub,0.25,10,7,40,1730,0,0,40,1730,0.0,0.0,0.0,0.0,7.540085993029854
tfnbs,"e=0.6,h=9.0,n=30,start_thres=1.25",hub,0.25,10,7,40,1730,0,0,40,1730,0.0,0.0,0.0,0.0,7.540085993029854
tfnbs,"e=0.6,h=10.0,n=30,start_thres=1.25",hub,0.25,10,7,40,1730,0,0,40,1730,0.0,0.0,0.0,0.0,7.540085993029854
tfnbs,"e=0.7,h=0.5,n=30,start_thres=1.25",hub,0.25,10,7,40,1730,0,0,40,1730,0.0,0.0,0.0,0.0,7.540085993029854
tfnbs,"e=0.7,h=1.0,n=30,start_thres=1.25",hub,0.25,10,7,40,1730,0,0,40,1730,0.0,0.0,0.0,0.0,7.540085993029854
tfnbs,"e=0.7,h=2.0,n=30,start_thres=1.25",hub,0.25,10,7,40,1730,0,0,40,1730,0.0,0.0,0.0,0.0,7.540085993029854
tfnbs,"e=0.7,h=3.0,n=30,start_thres=1.25",hub,0.25,10,7,40,1730,0,0,40,1730,0.0,0.0,0.0,0.0,7.540085993029854
tfnbs,"e=0.7,h=4.0,n=30,start_thres=1.25",hub,0.25,10,7,40,1730,0,0,40,1730,0.0,0.0,0.0,0.0,7.540085993029854
tfnbs,"e=0.7,h=5.0,n=30,start_thres=1.25",hub,0.25,10,7,40,1730,0,0,40,1730,0.0,0.0,0.0,0.0,7.540085993029854
tfnbs,"e=0.7,h=6.0,n=30,start_thres=1.25",hub,0.25,10,7,40,1730,0,0,40,1730,0.0,0.0,0.0,0.0,7.540085993029854
tfnbs,"e=0.7,h=7.0,n=30,start_thres=1.25",hub,0.25,10,7,40,1730,0,0,40,1730,0.0,0.0,0.0,0.0,7.540085993029854
tfnbs,"e=0.7,h=8.0,n=30,start_thres=1.25",hub,0.25,10,7,40,1730,0,0,40,1730,0.0,0.0,0.0,0.0,7.540085993029854
tfnbs,"e=0.7,h=9.0,n=30,start_thres=1.25",hub,0.25,10,7,40,1730,0,0,40,1730,0.0,0.0,0.0,0.0,7.540085993029854
tfnbs,"e=0.7,h=10.0,n=30,start_thres=1.25",hub,0.25,10,7,40,1730,0,0,40,1730,0.0,0.0,0.0,0.0,7.540085993029854
tfnbs,"e=0.8,h=0.5,n=30,start_thres=1.25",hub,0.25,10,7,40,1730,0,0,40,1730,0.0,0.0,0.0,0.0,7.540085993029854
tfnbs,"e=0.8,h=1.0,n=30,start_thres=1.25",hub,0.25,10,7,40,1730,0,0,40,1730,0.0,0.0,0.0,0.0,7.540085993029854
tfnbs,"e=0.8,h=2.0,n=30,start_thres=1.25",hub,0.25,10,7,40,1730,0,0,40,1730,0.0,0.0,0.0,0.0,7.540085993029854
tfnbs,"e=0.8,h=3.0,n=30,start_thres=1.25",hub,0.25,10,7,40,1730,0,0,40,1730,0.0,0.0,0.0,0.0,7.540085993029854
tfnbs,"e=0.8,h=4.0,n=30,start_thres=1.25",hub,0.25,10,7,40,1730,0,0,40,1730,0.0,0.0,0.0,0.0,7.540085993029854
tfnbs,"e=0.8,h=5.0,n=30,start_thres=1.25",hub,0.25,10,7,40,1730,0,0,40,1730,0.0,0.0,0.0,0.0,7.540085993029854
tfnbs,"e=0.8,h=6.0,n=30,start_thres=1.25",hub,0.25,10,7,40,1730,0,0,40,1730,0.0,0.0,0.0,0.0,7.540085993029854
tfnbs,"e=0.8,h=7.0,n=30,start_thres=1.25",hub,0.25,10,7,40,1730,0,0,40,1730,0.0,0.0,0.0,0.0,7.540085993029854
tfnbs,"e=0.8,h=8.0,n=30,start_thres=1.25",hub,0.25,10,7,40,1730,0,0,40,1730,0.0,0.0,0.0,0.0,7.540085993029854
tfnbs,"e=0.8,h=9.0,n=30,start_thres=1.25",hub,0.25,10,7,40,1730,0,0,40,1730,0.0,0.0,0.0,0.0,7.540085993029854
tfnbs,"e=0.8,h=10.0,n=30,start_thres=1.25",hub,0.25,10,7,40,1730,0,0,40,1730,0.0,0.0,0.0,0.0,7.540085993029854
tfnbs,"e=0.9,h=0.5,n=30,start_thres=1.25",hub,0.25,10,7,40,1730,0,0,40,1730,0.0,0.0,0.0,0.0,7.540085993029854
tfnbs,"e=0.9,h=1.0,n=30,start_thres=1.25",hub,0.25,10,7,40,1730,0,0,40,1730,0.0,0.0,0.0,0.0,7.540085993029854
tfnbs,"e=0.9,h=2.0,n=30,start_thres=1.25",hub,0.25,10,7,40,1730,0,0,40,1730,0.0,0.0,0.0,0.0,7.540085993029854
tfnbs,"e=0.9,h=3.0,n=30,start_thres=1.25",hub,0.25,10,7,40,1730,0,0,40,1730,0.0,0.0,0.0,0.0,7.540085993029854
tfnbs,"e=0.9,h=4.0,n=30,start_thres=1.25",hub,0.25,10,7,40,1730,0,0,40,1730,0.0,0.0,0.0,0.0,7.540085993029854
tfnbs,"e=0.9,h=5.0,n=30,start_thres=1.25",hub,0.25,10,7,40,1730,0,0,40,1730,0.0,0.0,0.0,0.0,7.540085993029854
tfnbs,"e=0.9,h=6.0,n=30,start_thres=1.25",hub,0.25,10,7,40,1730,0,0,40,1730,0.0,0.0,0.0,0.0,7.540085993029854
tfnbs,"e=0.9,h=7.0,n=30,start_thres=1.25",hub,0.25,10,7,40,1730,0,0,40,1730,0.0,0.0,0.0,0.0,7.540085993029854
tfnbs,"e=0.9,h=8.0,n=30,start_thres=1.25",hub,0.25,10,7,40,1730,0,0,40,1730,0.0,0.0,0.0,0.0,7.540085993029854
tfnbs,"e=0.9,h=9.0,n=30,start_thres=1.25",hub,0.25,10,7,40,1730,0,0,40,1730,0.0,0.0,0.0,0.0,7.540085993029854
tfnbs,"e=0.9,h=10.0,n=30,start_thres=1.25",hub,0.25,10,7,40,1730,0,0,40,1730,0.0,0.0,0.0,0.0,7.540085993029854
tfnbs,"e=1.0,h=0.5,n=30,start_thres=1.25",hub,0.25,10,7,40,1730,0,0,40,1730,0.0,0.0,0.0,0.0,7.540085993029854
tfnbs,"e=1.0,h=1.0,n=30,start_thres=1.25",hub,0.25,10,7,40,1730,0,0,40,1730,0.0,0.0,0.0,0.0,7.540085993029854
tfnbs,"e=1.0,h=2.0,n=30,start_thres=1.25",hub,0.25,10,7,40,1730,0,0,40,1730,0.0,0.0,0.0,0.0,7.540085993029854
tfnbs,"e=1.0,h=3.0,n=30,start_thres=1.25",hub,0.25,10,7,40,1730,0,0,40,1730,0.0,0.0,0.0,0.0,7.540085993029854
tfnbs,"e=1.0,h=4.0,n=30,start_thres=1.25",hub,0.25,10,7,40,1730,0,0,40,1730,0.0,0.0,0.0,0.0,7.540085993029854
tfnbs,"e=1.0,h=5.0,n=30,start_thres=1.25",hub,0.25,10,7,40,1730,0,0,40,1730,0.0,0.0,0.0,0.0,7.540085993029854
tfnbs,"e=1.0,h=6.0,n=30,start_thres=1.25",hub,0.25,10,7,40,1730,0,0,40,1730,0.0,0.0,0.0,0.0,7.540085993029854
tfnbs,"e=1.0,h=7.0,n=30,start_thres=1.25",hub,0.25,10,7,40,1730,0,0,40,1730,0.0,0.0,0.0,0.0,7.540085993029854
tfnbs,"e=1.0,h=8.0,n=30,start_thres=1.25",hub,0.25,10,7,40,1730,0,0,40,1730,0.0,0.0,0.0,0.0,7.540085993029854
tfnbs,"e=1.0,h=9.0,n=30,start_thres=1.25",hub,0.25,10,7,40,1730,0,0,40,1730,0.0,0.0,0.0,0.0,7.540085993029854
tfnbs,"e=1.0,h=10.0,n=30,start_thres=1.25",hub,0.25,10,7,40,1730,0,0,40,1730,0.0,0.0,0.0,0.0,7.540085993029854
tfnbs,"e=1.1,h=0.5,n=30,start_thres=1.25",hub,0.25,10,7,40,1730,0,0,40,1730,0.0,0.0,0.0,0.0,7.540085993029854
tfnbs,"e=1.1,h=1.0,n=30,start_thres=1.25",hub,0.25,10,7,40,1730,0,0,40,1730,0.0,0.0,0.0,0.0,7.540085993029854
tfnbs,"e=1.1,h=2.0,n=30,start_thres=1.25",hub,0.25,10,7,40,1730,0,0,40,1730,0.0,0.0,0.0,0.0,7.540085993029854
tfnbs,"e=1.1,h=3.0,n=30,start_thres=1.25",hub,0.25,10,7,40,1730,0,0,40,1730,0.0,0.0,0.0,0.0,7.540085993029854
tfnbs,"e=1.1,h=4.0,n=30,start_thres=1.25",hub,0.25,10,7,40,1730,0,0,40,1730,0.0,0.0,0.0,0.0,7.540085993029854
tfnbs,"e=1.1,h=5.0,n=30,start_thres=1.25",hub,0.25,10,7,40,1730,0,0,40,1730,0.0,0.0,0.0,0.0,7.540085993029854
tfnbs,"e=1.1,h=6.0,n=30,start_thres=1.25",hub,0.25,10,7,40,1730,0,0,40,1730,0.0,0.0,0.0,0.0,7.540085993029854
tfnbs,"e=1.1,h=7.0,n=30,start_thres=1.25",hub,0.25,10,7,40,1730,0,0,40,1730,0.0,0.0,0.0,0.0,7.540085993029854
tfnbs,"e=1.1,h=8.0,n=30,start_thres=1.25",hub,0.25,10,7,40,1730,0,0,40,1730,0.0,0.0,0.0,0.0,7.540085993029854
tfnbs,"e=1.1,h=9.0,n=30,start_thres=1.25",hub,0.25,10,7,40,1730,0,0,40,1730,0.0,0.0,0.0,0.0,7.540085993029854
tfnbs,"e=1.1,h=10.0,n=30,start_thres=1.25",hub,0.25,10,7,40,1730,0,0,40,1730,0.0,0.0,0.0,0.0,7.540085993029854
tfnbs,"e=1.2,h=0.5,n=30,start_thres=1.25",hub,0.25,10,7,40,1730,0,0,40,1730,0.0,0.0,0.0,0.0,7.540085993029854
tfnbs,"e=1.2,h=1.0,n=30,start_thres=1.25",hub,0.25,10,7,40,1730,0,0,40,1730,0.0,0.0,0.0,0.0,7.540085993029854
tfnbs,"e=1.2,h=2.0,n=30,start_thres=1.25",hub,0.25,10,7,40,1730,0,0,40,1730,0.0,0.0,0.0,0.0,7.540085993029854
tfnbs,"e=1.2,h=3.0,n=30,start_thres=1.25",hub,0.25,10,7,40,1730,0,0,40,1730,0.0,0.0,0.0,0.0,7.540085993029854
tfnbs,"e=1.2,h=4.0,n=30,start_thres=1.25",hub,0.25,10,7,40,1730,0,0,40,1730,0.0,0.0,0.0,0.0,7.540085993029854
tfnbs,"e=1.2,h=5.0,n=30,start_thres=1.25",hub,0.25,10,7,40,1730,0,0,40,1730,0.0,0.0,0.0,0.0,7.540085993029854
tfnbs,"e=1.2,h=6.0,n=30,start_thres=1.25",hub,0.25,10,7,40,1730,0,0,40,1730,0.0,0.0,0.0,0.0,7.540085993029854
tfnbs,"e=1.2,h=7.0,n=30,start_thres=1.25",hub,0.25,10,7,40,1730,0,0,40,1730,0.0,0.0,0.0,0.0,7.540085993029854
tfnbs,"e=1.2,h=8.0,n=30,start_thres=1.25",hub,0.25,10,7,40,1730,0,0,40,1730,0.0,0.0,0.0,0.0,7.540085993029854
tfnbs,"e=1.2,h=9.0,n=30,start_thres=1.25",hub,0.25,10,7,40,1730,0,0,40,1730,0.0,0.0,0.0,0.0,7.540085993029854
tfnbs,"e=1.2,h=10.0,n=30,start_thres=1.25",hub,0.25,10,7,40,1730,0,0,40,1730,0.0,0.0,0.0,0.0,7.540085993029854
tfnbs,"e=1.3,h=0.5,n=30,start_thres=1.25",hub,0.25,10,7,40,1730,0,0,40,1730,0.0,0.0,0.0,0.0,7.540085993029854
tfnbs,"e=1.3,h=1.0,n=30,start_thres=1.25",hub,0.25,10,7,40,1730,0,0,40,1730,0.0,0.0,0.0,0.0,7.540085993029854
tfnbs,"e=1.3,h=2.0,n=30,start_thres=1.25",hub,0.25,10,7,40,1730,0,0,40,1730,0.0,0.0,0.0,0.0,7.540085993029854
tfnbs,"e=1.3,h=3.0,n=30,start_thres=1.25",hub,0.25,10,7,40,1730,0,0,40,1730,0.0,0.0,0.0,0.0,7.540085993029854
tfnbs,"e=1.3,h=4.0,n=30,start_thres=1.25",hub,0.25,10,7,40,1730,0,0,40,1730,0.0,0.0,0.0,0.0,7.540085993029854
tfnbs,"e=1.3,h=5.0,n=30,start_thres=1.25",hub,0.25,10,7,40,1730,0,0,40,1730,0.0,0.0,0.0,0.0,7.540085993029854
tfnbs,"e=1.3,h=6.0,n=30,start_thres=1.25",hub,0.25,10,7,40,1730,0,0,40,1730,0.0,0.0,0.0,0.0,7.540085993029854
tfnbs,"e=1.3,h=7.0,n=30,start_thres=1.25",hub,0.25,10,7,40,1730,0,0,40,1730,0.0,0.0,0.0,0.0,7.540085993029854
tfnbs,"e=1.3,h=8.0,n=30,start_thres=1.25",hub,0.25,10,7,40,1730,0,0,40,1730,0.0,0.0,0.0,0.0,7.540085993029854
tfnbs,"e=1.3,h=9.0,n=30,start_thres=1.25",hub,0.25,10,7,40,1730,0,0,40,1730,0.0,0.0,0.0,0.0,7.540085993029854
tfnbs,"e=1.3,h=10.0,n=30,start_thres=1.25",hub,0.25,10,7,40,1730,0,0,40,1730,0.0,0.0,0.0,0.0,7.540085993029854
tfnbs,"e=1.4,h=0.5,n=30,start_thres=1.25",hub,0.25,10,7,40,1730,0,0,40,1730,0.0,0.0,0.0,0.0,7.540085993029854
tfnbs,"e=1.4,h=1.0,n=30,start_thres=1.25",hub,0.25,10,7,40,1730,0,0,40,1730,0.0,0.0,0.0,0.0,7.540085993029854
tfnbs,"e=1.4,h=2.0,n=30,start_thres=1.25",hub,0.25,10,7,40,1730,0,0,40,1730,0.0,0.0,0.0,0.0,7.540085993029854
tfnbs,"e=1.4,h=3.0,n=30,start_thres=1.25",hub,0.25,10,7,40,1730,0,0,40,1730,0.0,0.0,0.0,0.0,7.540085993029854
tfnbs,"e=1.4,h=4.0,n=30,start_thres=1.25",hub,0.25,10,7,40,1730,0,0,40,1730,0.0,0.0,0.0,0.0,7.540085993029854
tfnbs,"e=1.4,h=5.0,n=30,start_thres=1.25",hub,0.25,10,7,40,1730,0,0,40,1730,0.0,0.0,0.0,0.0,7.540085993029854
tfnbs,"e=1.4,h=6.0,n=30,start_thres=1.25",hub,0.25,10,7,40,1730,0,0,40,1730,0.0,0.0,0.0,0.0,7.540085993029854
tfnbs,"e=1.4,h=7.0,n=30,start_thres=1.25",hub,0.25,10,7,40,1730,0,0,40,1730,0.0,0.0,0.0,0.0,7.540085993029854
tfnbs,"e=1.4,h=8.0,n=30,start_thres=1.25",hub,0.25,10,7,40,1730,0,0,40,1730,0.0,0.0,0.0,0.0,7.540085993029854
tfnbs,"e=1.4,h=9.0,n=30,start_thres=1.25",hub,0.25,10,7,40,1730,0,0,40,1730,0.0,0.0,0.0,0.0,7.540085993029854
tfnbs,"e=1.4,h=10.0,n=30,start_thres=1.25",hub,0.25,10,7,40,1730,0,0,40,1730,0.0,0.0,0.0,0.0,7.540085993029854
tfnbs,"e=1.5,h=0.5,n=30,start_thres=1.25",hub,0.25,10,7,40,1730,0,0,40,1730,0.0,0.0,0.0,0.0,7.540085993029854
tfnbs,"e=1.5,h=1.0,n=30,start_thres=1.25",hub,0.25,10,7,40,1730,0,0,40,1730,0.0,0.0,0.0,0.0,7.540085993029854
tfnbs,"e=1.5,h=2.0,n=30,start_thres=1.25",hub,0.25,10,7,40,1730,0,0,40,1730,0.0,0.0,0.0,0.0,7.540085993029854
tfnbs,"e=1.5,h=3.0,n=30,start_thres=1.25",hub,0.25,10,7,40,1730,0,0,40,1730,0.0,0.0,0.0,0.0,7.540085993029854
tfnbs,"e=1.5,h=4.0,n=30,start_thres=1.25",hub,0.25,10,7,40,1730,0,0,40,1730,0.0,0.0,0.0,0.0,7.540085993029854
tfnbs,"e=1.5,h=5.0,n=30,start_thres=1.25",hub,0.25,10,7,40,1730,0,0,40,1730,0.0,0.0,0.0,0.0,7.540085993029854
tfnbs,"e=1.5,h=6.0,n=30,start_thres=1.25",hub,0.25,10,7,40,1730,0,0,40,1730,0.0,0.0,0.0,0.0,7.540085993029854
tfnbs,"e=1.5,h=7.0,n=30,start_thres=1.25",hub,0.25,10,7,40,1730,0,0,40,1730,0.0,0.0,0.0,0.0,7.540085993029854
tfnbs,"e=1.5,h=8.0,n=30,start_thres=1.25",hub,0.25,10,7,40,1730,0,0,40,1730,0.0,0.0,0.0,0.0,7.540085993029854
tfnbs,"e=1.5,h=9.0,n=30,start_thres=1.25",hub,0.25,10,7,40,1730,0,0,40,1730,0.0,0.0,0.0,0.0,7.540085993029854
tfnbs,"e=1.5,h=10.0,n=30,start_thres=1.25",hub,0.25,10,7,40,1730,0,0,40,1730,0.0,0.0,0.0,0.0,7.540085993029854
tfnbs,"e=0.05,h=0.5,n=30,start_thres=1.25",hub,0.25,10,20,40,1730,0,0,40,1730,0.0,0.0,0.0,0.0,7.510069070891901
tfnbs,"e=0.05,h=1.0,n=30,start_thres=1.25",hub,0.25,10,20,40,1730,0,0,40,1730,0.0,0.0,0.0,0.0,7.510069070891901
tfnbs,"e=0.05,h=2.0,n=30,start_thres=1.25",hub,0.25,10,20,40,1730,0,0,40,1730,0.0,0.0,0.0,0.0,7.510069070891901
tfnbs,"e=0.05,h=3.0,n=30,start_thres=1.25",hub,0.25,10,20,40,1730,0,0,40,1730,0.0,0.0,0.0,0.0,7.510069070891901
tfnbs,"e=0.05,h=4.0,n=30,start_thres=1.25",hub,0.25,10,20,40,1730,0,0,40,1730,0.0,0.0,0.0,0.0,7.510069070891901
tfnbs,"e=0.05,h=5.0,n=30,start_thres=1.25",hub,0.25,10,20,40,1730,0,0,40,1730,0.0,0.0,0.0,0.0,7.510069070891901
tfnbs,"e=0.05,h=6.0,n=30,start_thres=1.25",hub,0.25,10,20,40,1730,0,0,40,1730,0.0,0.0,0.0,0.0,7.510069070891901
tfnbs,"e=0.05,h=7.0,n=30,start_thres=1.25",hub,0.25,10,20,40,1730,0,0,40,1730,0.0,0.0,0.0,0.0,7.510069070891901
tfnbs,"e=0.05,h=8.0,n=30,start_thres=1.25",hub,0.25,10,20,40,1730,0,0,40,1730,0.0,0.0,0.0,0.0,7.510069070891901
tfnbs,"e=0.05,h=9.0,n=30,start_thres=1.25",hub,0.25,10,20,40,1730,0,0,40,1730,0.0,0.0,0.0,0.0,7.510069070891901
tfnbs,"e=0.05,h=10.0,n=30,start_thres=1.25",hub,0.25,10,20,40,1730,0,0,40,1730,0.0,0.0,0.0,0.0,7.510069070891901
tfnbs,"e=0.1,h=0.5,n=30,start_thres=1.25",hub,0.25,10,20,40,1730,0,0,40,1730,0.0,0.0,0.0,0.0,7.510069070891901
tfnbs,"e=0.1,h=1.0,n=30,start_thres=1.25",hub,0.25,10,20,40,1730,0,0,40,1730,0.0,0.0,0.0,0.0,7.510069070891901
tfnbs,"e=0.1,h=2.0,n=30,start_thres=1.25",hub,0.25,10,20,40,1730,0,0,40,1730,0.0,0.0,0.0,0.0,7.510069070891901
tfnbs,"e=0.1,h=3.0,n=30,start_thres=1.25",hub,0.25,10,20,40,1730,0,0,40,1730,0.0,0.0,0.0,0.0,7.510069070891901
tfnbs,"e=0.1,h=4.0,n=30,start_thres=1.25",hub,0.25,10,20,40,1730,0,0,40,1730,0.0,0.0,0.0,0.0,7.510069070891901
tfnbs,"e=0.1,h=5.0,n=30,start_thres=1.25",hub,0.25,10,20,40,1730,0,0,40,1730,0.0,0.0,0.0,0.0,7.510069070891901
tfnbs,"e=0.1,h=6.0,n=30,start_thres=1.25",hub,0.25,10,20,40,1730,0,0,40,1730,0.0,0.0,0.0,0.0,7.510069070891901
tfnbs,"e=0.1,h=7.0,n=30,start_thres=1.25",hub,0.25,10,20,40,1730,0,0,40,1730,0.0,0.0,0.0,0.0,7.510069070891901
tfnbs,"e=0.1,h=8.0,n=30,start_thres=1.25",hub,0.25,10,20,40,1730,0,0,40,1730,0.0,0.0,0.0,0.0,7.510069070891901
tfnbs,"e=0.1,h=9.0,n=30,start_thres=1.25",hub,0.25,10,20,40,1730,0,0,40,1730,0.0,0.0,0.0,0.0,7.510069070891901
tfnbs,"e=0.1,h=10.0,n=30,start_thres=1.25",hub,0.25,10,20,40,1730,0,0,40,1730,0.0,0.0,0.0,0.0,7.510069070891901
tfnbs,"e=0.2,h=0.5,n=30,start_thres=1.25",hub,0.25,10,20,40,1730,0,0,40,1730,0.0,0.0,0.0,0.0,7.510069070891901
tfnbs,"e=0.2,h=1.0,n=30,start_thres=1.25",hub,0.25,10,20,40,1730,0,0,40,1730,0.0,0.0,0.0,0.0,7.510069070891901
tfnbs,"e=0.2,h=2.0,n=30,start_thres=1.25",hub,0.25,10,20,40,1730,0,0,40,1730,0.0,0.0,0.0,0.0,7.510069070891901
tfnbs,"e=0.2,h=3.0,n=30,start_thres=1.25",hub,0.25,10,20,40,1730,0,0,40,1730,0.0,0.0,0.0,0.0,7.510069070891901
tfnbs,"e=0.2,h=4.0,n=30,start_thres=1.25",hub,0.25,10,20,40,1730,0,0,40,1730,0.0,0.0,0.0,0.0,7.510069070891901
tfnbs,"e=0.2,h=5.0,n=30,start_thres=1.25",hub,0.25,10,20,40,1730,0,0,40,1730,0.0,0.0,0.0,0.0,7.510069070891901
tfnbs,"e=0.2,h=6.0,n=30,start_thres=1.25",hub,0.25,10,20,40,1730,0,0,40,1730,0.0,0.0,0.0,0.0,7.510069070891901
tfnbs,"e=0.2,h=7.0,n=30,start_thres=1.25",hub,0.25,10,20,40,1730,0,0,40,1730,0.0,0.0,0.0,0.0,7.510069070891901
tfnbs,"e=0.2,h=8.0,n=30,start_thres=1.25",hub,0.25,10,20,40,1730,0,0,40,1730,0.0,0.0,0.0,0.0,7.510069070891901
tfnbs,"e=0.2,h=9.0,n=30,start_thres=1.25",hub,0.25,10,20,40,1730,0,0,40,1730,0.0,0.0,0.0,0.0,7.510069070891901
tfnbs,"e=0.2,h=10.0,n=30,start_thres=1.25",hub,0.25,10,20,40,1730,0,0,40,1730,0.0,0.0,0.0,0.0,7.510069070891901
tfnbs,"e=0.3,h=0.5,n=30,start_thres=1.25",hub,0.25,10,20,40,1730,0,0,40,1730,0.0,0.0,0.0,0.0,7.510069070891901
tfnbs,"e=0.3,h=1.0,n=30,start_thres=1.25",hub,0.25,10,20,40,1730,0,0,40,1730,0.0,0.0,0.0,0.0,7.510069070891901
tfnbs,"e=0.3,h=2.0,n=30,start_thres=1.25",hub,0.25,10,20,40,1730,0,0,40,1730,0.0,0.0,0.0,0.0,7.510069070891901
tfnbs,"e=0.3,h=3.0,n=30,start_thres=1.25",hub,0.25,10,20,40,1730,0,0,40,1730,0.0,0.0,0.0,0.0,7.510069070891901
tfnbs,"e=0.3,h=4.0,n=30,start_thres=1.25",hub,0.25,10,20,40,1730,0,0,40,1730,0.0,0.0,0.0,0.0,7.510069070891901
tfnbs,"e=0.3,h=5.0,n=30,start_thres=1.25",hub,0.25,10,20,40,1730,0,0,40,1730,0.0,0.0,0.0,0.0,7.510069070891901
tfnbs,"e=0.3,h=6.0,n=30,start_thres=1.25",hub,0.25,10,20,40,1730,0,0,40,1730,0.0,0.0,0.0,0.0,7.510069070891901
tfnbs,"e=0.3,h=7.0,n=30,start_thres=1.25",hub,0.25,10,20,40,1730,0,0,40,1730,0.0,0.0,0.0,0.0,7.510069070891901
tfnbs,"e=0.3,h=8.0,n=30,start_thres=1.25",hub,0.25,10,20,40,1730,0,0,40,1730,0.0,0.0,0.0,0.0,7.510069070891901
tfnbs,"e=0.3,h=9.0,n=30,start_thres=1.25",hub,0.25,10,20,40,1730,0,0,40,1730,0.0,0.0,0.0,0.0,7.510069070891901
tfnbs,"e=0.3,h=10.0,n=30,start_thres=1.25",hub,0.25,10,20,40,1730,0,0,40,1730,0.0,0.0,0.0,0.0,7.510069070891901
tfnbs,"e=0.4,h=0.5,n=30,start_thres=1.25",hub,0.25,10,20,40,1730,0,0,40,1730,0.0,0.0,0.0,0.0,7.510069070891901
tfnbs,"e=0.4,h=1.0,n=30,start_thres=1.25",hub,0.25,10,20,40,1730,0,0,40,1730,0.0,0.0,0.0,0.0,7.510069070891901
tfnbs,"e=0.4,h=2.0,n=30,start_thres=1.25",hub,0.25,10,20,40,1730,0,0,40,1730,0.0,0.0,0.0,0.0,7.510069070891901
tfnbs,"e=0.4,h=3.0,n=30,start_thres=1.25",hub,0.25,10,20,40,1730,0,0,40,1730,0.0,0.0,0.0,0.0,7.510069070891901
tfnbs,"e=0.4,h=4.0,n=30,start_thres=1.25",hub,0.25,10,20,40,1730,0,0,40,1730,0.0,0.0,0.0,0.0,7.510069070891901
tfnbs,"e=0.4,h=5.0,n=30,start_thres=1.25",hub,0.25,10,20,40,1730,0,0,40,1730,0.0,0.0,0.0,0.0,7.510069070891901
tfnbs,"e=0.4,h=6.0,n=30,start_thres=1.25",hub,0.25,10,20,40,1730,0,0,40,1730,0.0,0.0,0.0,0.0,7.510069070891901
tfnbs,"e=0.4,h=7.0,n=30,start_thres=1.25",hub,0.25,10,20,40,1730,0,0,40,1730,0.0,0.0,0.0,0.0,7.510069070891901
tfnbs,"e=0.4,h=8.0,n=30,start_thres=1.25",hub,0.25,10,20,40,1730,0,0,40,1730,0.0,0.0,0.0,0.0,7.510069070891901
tfnbs,"e=0.4,h=9.0,n=30,start_thres=1.25",hub,0.25,10,20,40,1730,0,0,40,1730,0.0,0.0,0.0,0.0,7.510069070891901
tfnbs,"e=0.4,h=10.0,n=30,start_thres=1.25",hub,0.25,10,20,40,1730,0,0,40,1730,0.0,0.0,0.0,0.0,7.510069070891901
tfnbs,"e=0.5,h=0.5,n=30,start_thres=1.25",hub,0.25,10,20,40,1730,0,0,40,1730,0.0,0.0,0.0,0.0,7.510069070891901
tfnbs,"e=0.5,h=1.0,n=30,start_thres=1.25",hub,0.25,10,20,40,1730,0,0,40,1730,0.0,0.0,0.0,0.0,7.510069070891901
tfnbs,"e=0.5,h=2.0,n=30,start_thres=1.25",hub,0.25,10,20,40,1730,0,0,40,1730,0.0,0.0,0.0,0.0,7.510069070891901
tfnbs,"e=0.5,h=3.0,n=30,start_thres=1.25",hub,0.25,10,20,40,1730,0,0,40,1730,0.0,0.0,0.0,0.0,7.510069070891901
tfnbs,"e=0.5,h=4.0,n=30,start_thres=1.25",hub,0.25,10,20,40,1730,0,0,40,1730,0.0,0.0,0.0,0.0,7.510069070891901
tfnbs,"e=0.5,h=5.0,n=30,start_thres=1.25",hub,0.25,10,20,40,1730,0,0,40,1730,0.0,0.0,0.0,0.0,7.510069070891901
tfnbs,"e=0.5,h=6.0,n=30,start_thres=1.25",hub,0.25,10,20,40,1730,0,0,40,1730,0.0,0.0,0.0,0.0,7.510069070891901
tfnbs,"e=0.5,h=7.0,n=30,start_thres=1.25",hub,0.25,10,20,40,1730,0,0,40,1730,0.0,0.0,0.0,0.0,7.510069070891901
tfnbs,"e=0.5,h=8.0,n=30,start_thres=1.25",hub,0.25,10,20,40,1730,0,0,40,1730,0.0,0.0,0.0,0.0,7.510069070891901
tfnbs,"e=0.5,h=9.0,n=30,start_thres=1.25",hub,0.25,10,20,40,1730,0,0,40,1730,0.0,0.0,0.0,0.0,7.510069070891901
tfnbs,"e=0.5,h=10.0,n=30,start_thres=1.25",hub,0.25,10,20,40,1730,0,0,40,1730,0.0,0.0,0.0,0.0,7.510069070891901
tfnbs,"e=0.6,h=0.5,n=30,start_thres=1.25",hub,0.25,10,20,40,1730,0,0,40,1730,0.0,0.0,0.0,0.0,7.510069070891901
tfnbs,"e=0.6,h=1.0,n=30,start_thres=1.25",hub,0.25,10,20,40,1730,0,0,40,1730,0.0,0.0,0.0,0.0,7.510069070891901
tfnbs,"e=0.6,h=2.0,n=30,start_thres=1.25",hub,0.25,10,20,40,1730,0,0,40,1730,0.0,0.0,0.0,0.0,7.510069070891901
tfnbs,"e=0.6,h=3.0,n=30,start_thres=1.25",hub,0.25,10,20,40,1730,0,0,40,1730,0.0,0.0,0.0,0.0,7.510069070891901
tfnbs,"e=0.6,h=4.0,n=30,start_thres=1.25",hub,0.25,10,20,40,1730,0,0,40,1730,0.0,0.0,0.0,0.0,7.510069070891901
tfnbs,"e=0.6,h=5.0,n=30,start_thres=1.25",hub,0.25,10,20,40,1730,0,0,40,1730,0.0,0.0,0.0,0.0,7.510069070891901
tfnbs,"e=0.6,h=6.0,n=30,start_thres=1.25",hub,0.25,10,20,40,1730,0,0,40,1730,0.0,0.0,0.0,0.0,7.510069070891901
tfnbs,"e=0.6,h=7.0,n=30,start_thres=1.25",hub,0.25,10,20,40,1730,0,0,40,1730,0.0,0.0,0.0,0.0,7.510069070891901
tfnbs,"e=0.6,h=8.0,n=30,start_thres=1.25",hub,0.25,10,20,40,1730,0,0,40,1730,0.0,0.0,0.0,0.0,7.510069070891901
tfnbs,"e=0.6,h=9.0,n=30,start_thres=1.25",hub,0.25,10,20,40,1730,0,0,40,1730,0.0,0.0,0.0,0.0,7.510069070891901
tfnbs,"e=0.6,h=10.0,n=30,start_thres=1.25",hub,0.25,10,20,40,1730,0,0,40,1730,0.0,0.0,0.0,0.0,7.510069070891901
tfnbs,"e=0.7,h=0.5,n=30,start_thres=1.25",hub,0.25,10,20,40,1730,0,0,40,1730,0.0,0.0,0.0,0.0,7.510069070891901
tfnbs,"e=0.7,h=1.0,n=30,start_thres=1.25",hub,0.25,10,20,40,1730,0,0,40,1730,0.0,0.0,0.0,0.0,7.510069070891901
tfnbs,"e=0.7,h=2.0,n=30,start_thres=1.25",hub,0.25,10,20,40,1730,0,0,40,1730,0.0,0.0,0.0,0.0,7.510069070891901
tfnbs,"e=0.7,h=3.0,n=30,start_thres=1.25",hub,0.25,10,20,40,1730,0,0,40,1730,0.0,0.0,0.0,0.0,7.510069070891901
tfnbs,"e=0.7,h=4.0,n=30,start_thres=1.25",hub,0.25,10,20,40,1730,0,0,40,1730,0.0,0.0,0.0,0.0,7.510069070891901
tfnbs,"e=0.7,h=5.0,n=30,start_thres=1.25",hub,0.25,10,20,40,1730,0,0,40,1730,0.0,0.0,0.0,0.0,7.510069070891901
tfnbs,"e=0.7,h=6.0,n=30,start_thres=1.25",hub,0.25,10,20,40,1730,0,0,40,1730,0.0,0.0,0.0,0.0,7.510069070891901
tfnbs,"e=0.7,h=7.0,n=30,start_thres=1.25",hub,0.25,10,20,40,1730,0,0,40,1730,0.0,0.0,0.0,0.0,7.510069070891901
tfnbs,"e=0.7,h=8.0,n=30,start_thres=1.25",hub,0.25,10,20,40,1730,0,0,40,1730,0.0,0.0,0.0,0.0,7.510069070891901
tfnbs,"e=0.7,h=9.0,n=30,start_thres=1.25",hub,0.25,10,20,40,1730,0,0,40,1730,0.0,0.0,0.0,0.0,7.510069070891901
tfnbs,"e=0.7,h=10.0,n=30,start_thres=1.25",hub,0.25,10,20,40,1730,0,0,40,1730,0.0,0.0,0.0,0.0,7.510069070891901
tfnbs,"e=0.8,h=0.5,n=30,start_thres=1.25",hub,0.25,10,20,40,1730,0,0,40,1730,0.0,0.0,0.0,0.0,7.510069070891901
tfnbs,"e=0.8,h=1.0,n=30,start_thres=1.25",hub,0.25,10,20,40,1730,0,0,40,1730,0.0,0.0,0.0,0.0,7.510069070891901
tfnbs,"e=0.8,h=2.0,n=30,start_thres=1.25",hub,0.25,10,20,40,1730,0,0,40,1730,0.0,0.0,0.0,0.0,7.510069070891901
tfnbs,"e=0.8,h=3.0,n=30,start_thres=1.25",hub,0.25,10,20,40,1730,0,0,40,1730,0.0,0.0,0.0,0.0,7.510069070891901
tfnbs,"e=0.8,h=4.0,n=30,start_thres=1.25",hub,0.25,10,20,40,1730,0,0,40,1730,0.0,0.0,0.0,0.0,7.510069070891901
tfnbs,"e=0.8,h=5.0,n=30,start_thres=1.25",hub,0.25,10,20,40,1730,0,0,40,1730,0.0,0.0,0.0,0.0,7.510069070891901
tfnbs,"e=0.8,h=6.0,n=30,start_thres=1.25",hub,0.25,10,20,40,1730,0,0,40,1730,0.0,0.0,0.0,0.0,7.510069070891901
tfnbs,"e=0.8,h=7.0,n=30,start_thres=1.25",hub,0.25,10,20,40,1730,0,0,40,1730,0.0,0.0,0.0,0.0,7.510069070891901
tfnbs,"e=0.8,h=8.0,n=30,start_thres=1.25",hub,0.25,10,20,40,1730,0,0,40,1730,0.0,0.0,0.0,0.0,7.510069070891901
tfnbs,"e=0.8,h=9.0,n=30,start_thres=1.25",hub,0.25,10,20,40,1730,0,0,40,1730,0.0,0.0,0.0,0.0,7.510069070891901
tfnbs,"e=0.8,h=10.0,n=30,start_thres=1.25",hub,0.25,10,20,40,1730,0,0,40,1730,0.0,0.0,0.0,0.0,7.510069070891901
tfnbs,"e=0.9,h=0.5,n=30,start_thres=1.25",hub,0.25,10,20,40,1730,0,0,40,1730,0.0,0.0,0.0,0.0,7.510069070891901
tfnbs,"e=0.9,h=1.0,n=30,start_thres=1.25",hub,0.25,10,20,40,1730,0,0,40,1730,0.0,0.0,0.0,0.0,7.510069070891901
tfnbs,"e=0.9,h=2.0,n=30,start_thres=1.25",hub,0.25,10,20,40,1730,0,0,40,1730,0.0,0.0,0.0,0.0,7.510069070891901
tfnbs,"e=0.9,h=3.0,n=30,start_thres=1.25",hub,0.25,10,20,40,1730,0,0,40,1730,0.0,0.0,0.0,0.0,7.510069070891901
tfnbs,"e=0.9,h=4.0,n=30,start_thres=1.25",hub,0.25,10,20,40,1730,0,0,40,1730,0.0,0.0,0.0,0.0,7.510069070891901
tfnbs,"e=0.9,h=5.0,n=30,start_thres=1.25",hub,0.25,10,20,40,1730,0,0,40,1730,0.0,0.0,0.0,0.0,7.510069070891901
tfnbs,"e=0.9,h=6.0,n=30,start_thres=1.25",hub,0.25,10,20,40,1730,0,0,40,1730,0.0,0.0,0.0,0.0,7.510069070891901
tfnbs,"e=0.9,h=7.0,n=30,start_thres=1.25",hub,0.25,10,20,40,1730,0,0,40,1730,0.0,0.0,0.0,0.0,7.510069070891901
tfnbs,"e=0.9,h=8.0,n=30,start_thres=1.25",hub,0.25,10,20,40,1730,0,0,40,1730,0.0,0.0,0.0,0.0,7.510069070891901
tfnbs,"e=0.9,h=9.0,n=30,start_thres=1.25",hub,0.25,10,20,40,1730,0,0,40,1730,0.0,0.0,0.0,0.0,7.510069070891901
tfnbs,"e=0.9,h=10.0,n=30,start_thres=1.25",hub,0.25,10,20,40,1730,0,0,40,1730,0.0,0.0,0.0,0.0,7.510069070891901
tfnbs,"e=1.0,h=0.5,n=30,start_thres=1.25",hub,0.25,10,20,40,1730,0,0,40,1730,0.0,0.0,0.0,0.0,7.510069070891901
tfnbs,"e=1.0,h=1.0,n=30,start_thres=1.25",hub,0.25,10,20,40,1730,0,0,40,1730,0.0,0.0,0.0,0.0,7.510069070891901
tfnbs,"e=1.0,h=2.0,n=30,start_thres=1.25",hub,0.25,10,20,40,1730,0,0,40,1730,0.0,0.0,0.0,0.0,7.510069070891901
tfnbs,"e=1.0,h=3.0,n=30,start_thres=1.25",hub,0.25,10,20,40,1730,0,0,40,1730,0.0,0.0,0.0,0.0,7.510069070891901
tfnbs,"e=1.0,h=4.0,n=30,start_thres=1.25",hub,0.25,10,20,40,1730,0,0,40,1730,0.0,0.0,0.0,0.0,7.510069070891901
tfnbs,"e=1.0,h=5.0,n=30,start_thres=1.25",hub,0.25,10,20,40,1730,0,0,40,1730,0.0,0.0,0.0,0.0,7.510069070891901
tfnbs,"e=1.0,h=6.0,n=30,start_thres=1.25",hub,0.25,10,20,40,1730,0,0,40,1730,0.0,0.0,0.0,0.0,7.510069070891901
tfnbs,"e=1.0,h=7.0,n=30,start_thres=1.25",hub,0.25,10,20,40,1730,0,0,40,1730,0.0,0.0,0.0,0.0,7.510069070891901
tfnbs,"e=1.0,h=8.0,n=30,start_thres=1.25",hub,0.25,10,20,40,1730,0,0,40,1730,0.0,0.0,0.0,0.0,7.510069070891901
tfnbs,"e=1.0,h=9.0,n=30,start_thres=1.25",hub,0.25,10,20,40,1730,0,0,40,1730,0.0,0.0,0.0,0.0,7.510069070891901
tfnbs,"e=1.0,h=10.0,n=30,start_thres=1.25",hub,0.25,10,20,40,1730,0,0,40,1730,0.0,0.0,0.0,0.0,7.510069070891901
tfnbs,"e=1.1,h=0.5,n=30,start_thres=1.25",hub,0.25,10,20,40,1730,0,0,40,1730,0.0,0.0,0.0,0.0,7.510069070891901
tfnbs,"e=1.1,h=1.0,n=30,start_thres=1.25",hub,0.25,10,20,40,1730,0,0,40,1730,0.0,0.0,0.0,0.0,7.510069070891901
tfnbs,"e=1.1,h=2.0,n=30,start_thres=1.25",hub,0.25,10,20,40,1730,0,0,40,1730,0.0,0.0,0.0,0.0,7.510069070891901
tfnbs,"e=1.1,h=3.0,n=30,start_thres=1.25",hub,0.25,10,20,40,1730,0,0,40,1730,0.0,0.0,0.0,0.0,7.510069070891901
tfnbs,"e=1.1,h=4.0,n=30,start_thres=1.25",hub,0.25,10,20,40,1730,0,0,40,1730,0.0,0.0,0.0,0.0,7.510069070891901
tfnbs,"e=1.1,h=5.0,n=30,start_thres=1.25",hub,0.25,10,20,40,1730,0,0,40,1730,0.0,0.0,0.0,0.0,7.510069070891901
tfnbs,"e=1.1,h=6.0,n=30,start_thres=1.25",hub,0.25,10,20,40,1730,0,0,40,1730,0.0,0.0,0.0,0.0,7.510069070891901
tfnbs,"e=1.1,h=7.0,n=30,start_thres=1.25",hub,0.25,10,20,40,1730,0,0,40,1730,0.0,0.0,0.0,0.0,7.510069070891901
tfnbs,"e=1.1,h=8.0,n=30,start_thres=1.25",hub,0.25,10,20,40,1730,0,0,40,1730,0.0,0.0,0.0,0.0,7.510069070891901
tfnbs,"e=1.1,h=9.0,n=30,start_thres=1.25",hub,0.25,10,20,40,1730,0,0,40,1730,0.0,0.0,0.0,0.0,7.510069070891901
tfnbs,"e=1.1,h=10.0,n=30,start_thres=1.25",hub,0.25,10,20,40,1730,0,0,40,1730,0.0,0.0,0.0,0.0,7.510069070891901
tfnbs,"e=1.2,h=0.5,n=30,start_thres=1.25",hub,0.25,10,20,40,1730,0,0,40,1730,0.0,0.0,0.0,0.0,7.510069070891901
tfnbs,"e=1.2,h=1.0,n=30,start_thres=1.25",hub,0.25,10,20,40,1730,0,0,40,1730,0.0,0.0,0.0,0.0,7.510069070891901
tfnbs,"e=1.2,h=2.0,n=30,start_thres=1.25",hub,0.25,10,20,40,1730,0,0,40,1730,0.0,0.0,0.0,0.0,7.510069070891901
tfnbs,"e=1.2,h=3.0,n=30,start_thres=1.25",hub,0.25,10,20,40,1730,0,0,40,1730,0.0,0.0,0.0,0.0,7.510069070891901
tfnbs,"e=1.2,h=4.0,n=30,start_thres=1.25",hub,0.25,10,20,40,1730,0,0,40,1730,0.0,0.0,0.0,0.0,7.510069070891901
tfnbs,"e=1.2,h=5.0,n=30,start_thres=1.25",hub,0.25,10,20,40,1730,0,0,40,1730,0.0,0.0,0.0,0.0,7.510069070891901
tfnbs,"e=1.2,h=6.0,n=30,start_thres=1.25",hub,0.25,10,20,40,1730,0,0,40,1730,0.0,0.0,0.0,0.0,7.510069070891901
tfnbs,"e=1.2,h=7.0,n=30,start_thres=1.25",hub,0.25,10,20,40,1730,0,0,40,1730,0.0,0.0,0.0,0.0,7.510069070891901
tfnbs,"e=1.2,h=8.0,n=30,start_thres=1.25",hub,0.25,10,20,40,1730,0,0,40,1730,0.0,0.0,0.0,0.0,7.510069070891901
tfnbs,"e=1.2,h=9.0,n=30,start_thres=1.25",hub,0.25,10,20,40,1730,0,0,40,1730,0.0,0.0,0.0,0.0,7.510069070891901
tfnbs,"e=1.2,h=10.0,n=30,start_thres=1.25",hub,0.25,10,20,40,1730,0,0,40,1730,0.0,0.0,0.0,0.0,7.510069070891901
tfnbs,"e=1.3,h=0.5,n=30,start_thres=1.25",hub,0.25,10,20,40,1730,0,0,40,1730,0.0,0.0,0.0,0.0,7.510069070891901
tfnbs,"e=1.3,h=1.0,n=30,start_thres=1.25",hub,0.25,10,20,40,1730,0,0,40,1730,0.0,0.0,0.0,0.0,7.510069070891901
tfnbs,"e=1.3,h=2.0,n=30,start_thres=1.25",hub,0.25,10,20,40,1730,0,0,40,1730,0.0,0.0,0.0,0.0,7.510069070891901
tfnbs,"e=1.3,h=3.0,n=30,start_thres=1.25",hub,0.25,10,20,40,1730,0,0,40,1730,0.0,0.0,0.0,0.0,7.510069070891901
tfnbs,"e=1.3,h=4.0,n=30,start_thres=1.25",hub,0.25,10,20,40,1730,0,0,40,1730,0.0,0.0,0.0,0.0,7.510069070891901
tfnbs,"e=1.3,h=5.0,n=30,start_thres=1.25",hub,0.25,10,20,40,1730,0,0,40,1730,0.0,0.0,0.0,0.0,7.510069070891901
tfnbs,"e=1.3,h=6.0,n=30,start_thres=1.25",hub,0.25,10,20,40,1730,0,0,40,1730,0.0,0.0,0.0,0.0,7.510069070891901
tfnbs,"e=1.3,h=7.0,n=30,start_thres=1.25",hub,0.25,10,20,40,1730,0,0,40,1730,0.0,0.0,0.0,0.0,7.510069070891901
tfnbs,"e=1.3,h=8.0,n=30,start_thres=1.25",hub,0.25,10,20,40,1730,0,0,40,1730,0.0,0.0,0.0,0.0,7.510069070891901
tfnbs,"e=1.3,h=9.0,n=30,start_thres=1.25",hub,0.25,10,20,40,1730,0,0,40,1730,0.0,0.0,0.0,0.0,7.510069070891901
tfnbs,"e=1.3,h=10.0,n=30,start_thres=1.25",hub,0.25,10,20,40,1730,0,0,40,1730,0.0,0.0,0.0,0.0,7.510069070891901
tfnbs,"e=1.4,h=0.5,n=30,start_thres=1.25",hub,0.25,10,20,40,1730,0,0,40,1730,0.0,0.0,0.0,0.0,7.510069070891901
tfnbs,"e=1.4,h=1.0,n=30,start_thres=1.25",hub,0.25,10,20,40,1730,0,0,40,1730,0.0,0.0,0.0,0.0,7.510069070891901
tfnbs,"e=1.4,h=2.0,n=30,start_thres=1.25",hub,0.25,10,20,40,1730,0,0,40,1730,0.0,0.0,0.0,0.0,7.510069070891901
tfnbs,"e=1.4,h=3.0,n=30,start_thres=1.25",hub,0.25,10,20,40,1730,0,0,40,1730,0.0,0.0,0.0,0.0,7.510069070891901
tfnbs,"e=1.4,h=4.0,n=30,start_thres=1.25",hub,0.25,10,20,40,1730,0,0,40,1730,0.0,0.0,0.0,0.0,7.510069070891901
tfnbs,"e=1.4,h=5.0,n=30,start_thres=1.25",hub,0.25,10,20,40,1730,0,0,40,1730,0.0,0.0,0.0,0.0,7.510069070891901
tfnbs,"e=1.4,h=6.0,n=30,start_thres=1.25",hub,0.25,10,20,40,1730,0,0,40,1730,0.0,0.0,0.0,0.0,7.510069070891901
tfnbs,"e=1.4,h=7.0,n=30,start_thres=1.25",hub,0.25,10,20,40,1730,0,0,40,1730,0.0,0.0,0.0,0.0,7.510069070891901
tfnbs,"e=1.4,h=8.0,n=30,start_thres=1.25",hub,0.25,10,20,40,1730,0,0,40,1730,0.0,0.0,0.0,0.0,7.510069070891901
tfnbs,"e=1.4,h=9.0,n=30,start_thres=1.25",hub,0.25,10,20,40,1730,0,0,40,1730,0.0,0.0,0.0,0.0,7.510069070891901
tfnbs,"e=1.4,h=10.0,n=30,start_thres=1.25",hub,0.25,10,20,40,1730,0,0,40,1730,0.0,0.0,0.0,0.0,7.510069070891901
tfnbs,"e=1.5,h=0.5,n=30,start_thres=1.25",hub,0.25,10,20,40,1730,0,0,40,1730,0.0,0.0,0.0,0.0,7.510069070891901
tfnbs,"e=1.5,h=1.0,n=30,start_thres=1.25",hub,0.25,10,20,40,1730,0,0,40,1730,0.0,0.0,0.0,0.0,7.510069070891901
tfnbs,"e=1.5,h=2.0,n=30,start_thres=1.25",hub,0.25,10,20,40,1730,0,0,40,1730,0.0,0.0,0.0,0.0,7.510069070891901
tfnbs,"e=1.5,h=3.0,n=30,start_thres=1.25",hub,0.25,10,20,40,1730,0,0,40,1730,0.0,0.0,0.0,0.0,7.510069070891901
tfnbs,"e=1.5,h=4.0,n=30,start_thres=1.25",hub,0.25,10,20,40,1730,0,0,40,1730,0.0,0.0,0.0,0.0,7.510069070891901
tfnbs,"e=1.5,h=5.0,n=30,start_thres=1.25",hub,0.25,10,20,40,1730,0,0,40,1730,0.0,0.0,0.0,0.0,7.510069070891901
tfnbs,"e=1.5,h=6.0,n=30,start_thres=1.25",hub,0.25,10,20,40,1730,0,0,40,1730,0.0,0.0,0.0,0.0,7.510069070891901
tfnbs,"e=1.5,h=7.0,n=30,start_thres=1.25",hub,0.25,10,20,40,1730,0,0,40,1730,0.0,0.0,0.0,0.0,7.510069070891901
tfnbs,"e=1.5,h=8.0,n=30,start_thres=1.25",hub,0.25,10,20,40,1730,0,0,40,1730,0.0,0.0,0.0,0.0,7.510069070891901
tfnbs,"e=1.5,h=9.0,n=30,start_thres=1.25",hub,0.25,10,20,40,1730,0,0,40,1730,0.0,0.0,0.0,0.0,7.510069070891901
tfnbs,"e=1.5,h=10.0,n=30,start_thres=1.25",hub,0.25,10,20,40,1730,0,0,40,1730,0.0,0.0,0.0,0.0,7.510069070891901
tfnbs,"e=0.05,h=0.5,n=30,start_thres=1.25",hub,0.25,10,18,40,1730,0,0,40,1730,0.0,0.0,0.0,0.0,7.520127612081441
tfnbs,"e=0.05,h=1.0,n=30,start_thres=1.25",hub,0.25,10,18,40,1730,0,0,40,1730,0.0,0.0,0.0,0.0,7.520127612081441
tfnbs,"e=0.05,h=2.0,n=30,start_thres=1.25",hub,0.25,10,18,40,1730,0,0,40,1730,0.0,0.0,0.0,0.0,7.520127612081441
tfnbs,"e=0.05,h=3.0,n=30,start_thres=1.25",hub,0.25,10,18,40,1730,0,0,40,1730,0.0,0.0,0.0,0.0,7.520127612081441
tfnbs,"e=0.05,h=4.0,n=30,start_thres=1.25",hub,0.25,10,18,40,1730,0,0,40,1730,0.0,0.0,0.0,0.0,7.520127612081441
tfnbs,"e=0.05,h=5.0,n=30,start_thres=1.25",hub,0.25,10,18,40,1730,0,0,40,1730,0.0,0.0,0.0,0.0,7.520127612081441
tfnbs,"e=0.05,h=6.0,n=30,start_thres=1.25",hub,0.25,10,18,40,1730,0,0,40,1730,0.0,0.0,0.0,0.0,7.520127612081441
tfnbs,"e=0.05,h=7.0,n=30,start_thres=1.25",hub,0.25,10,18,40,1730,0,0,40,1730,0.0,0.0,0.0,0.0,7.520127612081441
tfnbs,"e=0.05,h=8.0,n=30,start_thres=1.25",hub,0.25,10,18,40,1730,0,0,40,1730,0.0,0.0,0.0,0.0,7.520127612081441
tfnbs,"e=0.05,h=9.0,n=30,start_thres=1.25",hub,0.25,10,18,40,1730,0,0,40,1730,0.0,0.0,0.0,0.0,7.520127612081441
tfnbs,"e=0.05,h=10.0,n=30,start_thres=1.25",hub,0.25,10,18,40,1730,0,0,40,1730,0.0,0.0,0.0,0.0,7.520127612081441
tfnbs,"e=0.1,h=0.5,n=30,start_thres=1.25",hub,0.25,10,18,40,1730,0,0,40,1730,0.0,0.0,0.0,0.0,7.520127612081441
tfnbs,"e=0.1,h=1.0,n=30,start_thres=1.25",hub,0.25,10,18,40,1730,0,0,40,1730,0.0,0.0,0.0,0.0,7.520127612081441
tfnbs,"e=0.1,h=2.0,n=30,start_thres=1.25",hub,0.25,10,18,40,1730,0,0,40,1730,0.0,0.0,0.0,0.0,7.520127612081441
tfnbs,"e=0.1,h=3.0,n=30,start_thres=1.25",hub,0.25,10,18,40,1730,0,0,40,1730,0.0,0.0,0.0,0.0,7.520127612081441
tfnbs,"e=0.1,h=4.0,n=30,start_thres=1.25",hub,0.25,10,18,40,1730,0,0,40,1730,0.0,0.0,0.0,0.0,7.520127612081441
tfnbs,"e=0.1,h=5.0,n=30,start_thres=1.25",hub,0.25,10,18,40,1730,0,0,40,1730,0.0,0.0,0.0,0.0,7.520127612081441
tfnbs,"e=0.1,h=6.0,n=30,start_thres=1.25",hub,0.25,10,18,40,1730,0,0,40,1730,0.0,0.0,0.0,0.0,7.520127612081441
tfnbs,"e=0.1,h=7.0,n=30,start_thres=1.25",hub,0.25,10,18,40,1730,0,0,40,1730,0.0,0.0,0.0,0.0,7.520127612081441
tfnbs,"e=0.1,h=8.0,n=30,start_thres=1.25",hub,0.25,10,18,40,1730,0,0,40,1730,0.0,0.0,0.0,0.0,7.520127612081441
tfnbs,"e=0.1,h=9.0,n=30,start_thres=1.25",hub,0.25,10,18,40,1730,0,0,40,1730,0.0,0.0,0.0,0.0,7.520127612081441
tfnbs,"e=0.1,h=10.0,n=30,start_thres=1.25",hub,0.25,10,18,40,1730,0,0,40,1730,0.0,0.0,0.0,0.0,7.520127612081441
tfnbs,"e=0.2,h=0.5,n=30,start_thres=1.25",hub,0.25,10,18,40,1730,0,0,40,1730,0.0,0.0,0.0,0.0,7.520127612081441
tfnbs,"e=0.2,h=1.0,n=30,start_thres=1.25",hub,0.25,10,18,40,1730,0,0,40,1730,0.0,0.0,0.0,0.0,7.520127612081441
tfnbs,"e=0.2,h=2.0,n=30,start_thres=1.25",hub,0.25,10,18,40,1730,0,0,40,1730,0.0,0.0,0.0,0.0,7.520127612081441
tfnbs,"e=0.2,h=3.0,n=30,start_thres=1.25",hub,0.25,10,18,40,1730,0,0,40,1730,0.0,0.0,0.0,0.0,7.520127612081441
tfnbs,"e=0.2,h=4.0,n=30,start_thres=1.25",hub,0.25,10,18,40,1730,0,0,40,1730,0.0,0.0,0.0,0.0,7.520127612081441
tfnbs,"e=0.2,h=5.0,n=30,start_thres=1.25",hub,0.25,10,18,40,1730,0,0,40,1730,0.0,0.0,0.0,0.0,7.520127612081441
tfnbs,"e=0.2,h=6.0,n=30,start_thres=1.25",hub,0.25,10,18,40,1730,0,0,40,1730,0.0,0.0,0.0,0.0,7.520127612081441
tfnbs,"e=0.2,h=7.0,n=30,start_thres=1.25",hub,0.25,10,18,40,1730,0,0,40,1730,0.0,0.0,0.0,0.0,7.520127612081441
tfnbs,"e=0.2,h=8.0,n=30,start_thres=1.25",hub,0.25,10,18,40,1730,0,0,40,1730,0.0,0.0,0.0,0.0,7.520127612081441
tfnbs,"e=0.2,h=9.0,n=30,start_thres=1.25",hub,0.25,10,18,40,1730,0,0,40,1730,0.0,0.0,0.0,0.0,7.520127612081441
tfnbs,"e=0.2,h=10.0,n=30,start_thres=1.25",hub,0.25,10,18,40,1730,0,0,40,1730,0.0,0.0,0.0,0.0,7.520127612081441
tfnbs,"e=0.3,h=0.5,n=30,start_thres=1.25",hub,0.25,10,18,40,1730,0,0,40,1730,0.0,0.0,0.0,0.0,7.520127612081441
tfnbs,"e=0.3,h=1.0,n=30,start_thres=1.25",hub,0.25,10,18,40,1730,0,0,40,1730,0.0,0.0,0.0,0.0,7.520127612081441
tfnbs,"e=0.3,h=2.0,n=30,start_thres=1.25",hub,0.25,10,18,40,1730,0,0,40,1730,0.0,0.0,0.0,0.0,7.520127612081441
tfnbs,"e=0.3,h=3.0,n=30,start_thres=1.25",hub,0.25,10,18,40,1730,0,0,40,1730,0.0,0.0,0.0,0.0,7.520127612081441
tfnbs,"e=0.3,h=4.0,n=30,start_thres=1.25",hub,0.25,10,18,40,1730,0,0,40,1730,0.0,0.0,0.0,0.0,7.520127612081441
tfnbs,"e=0.3,h=5.0,n=30,start_thres=1.25",hub,0.25,10,18,40,1730,0,0,40,1730,0.0,0.0,0.0,0.0,7.520127612081441
tfnbs,"e=0.3,h=6.0,n=30,start_thres=1.25",hub,0.25,10,18,40,1730,0,0,40,1730,0.0,0.0,0.0,0.0,7.520127612081441
tfnbs,"e=0.3,h=7.0,n=30,start_thres=1.25",hub,0.25,10,18,40,1730,0,0,40,1730,0.0,0.0,0.0,0.0,7.520127612081441
tfnbs,"e=0.3,h=8.0,n=30,start_thres=1.25",hub,0.25,10,18,40,1730,0,0,40,1730,0.0,0.0,0.0,0.0,7.520127612081441
tfnbs,"e=0.3,h=9.0,n=30,start_thres=1.25",hub,0.25,10,18,40,1730,0,0,40,1730,0.0,0.0,0.0,0.0,7.520127612081441
tfnbs,"e=0.3,h=10.0,n=30,start_thres=1.25",hub,0.25,10,18,40,1730,0,0,40,1730,0.0,0.0,0.0,0.0,7.520127612081441
tfnbs,"e=0.4,h=0.5,n=30,start_thres=1.25",hub,0.25,10,18,40,1730,1,0,39,1730,0.025,0.0,1.0,0.0,7.520127612081441
tfnbs,"e=0.4,h=1.0,n=30,start_thres=1.25",hub,0.25,10,18,40,1730,0,0,40,1730,0.0,0.0,0.0,0.0,7.520127612081441
tfnbs,"e=0.4,h=2.0,n=30,start_thres=1.25",hub,0.25,10,18,40,1730,0,0,40,1730,0.0,0.0,0.0,0.0,7.520127612081441
tfnbs,"e=0.4,h=3.0,n=30,start_thres=1.25",hub,0.25,10,18,40,1730,0,0,40,1730,0.0,0.0,0.0,0.0,7.520127612081441
tfnbs,"e=0.4,h=4.0,n=30,start_thres=1.25",hub,0.25,10,18,40,1730,0,0,40,1730,0.0,0.0,0.0,0.0,7.520127612081441
tfnbs,"e=0.4,h=5.0,n=30,start_thres=1.25",hub,0.25,10,18,40,1730,0,0,40,1730,0.0,0.0,0.0,0.0,7.520127612081441
tfnbs,"e=0.4,h=6.0,n=30,start_thres=1.25",hub,0.25,10,18,40,1730,0,0,40,1730,0.0,0.0,0.0,0.0,7.520127612081441
tfnbs,"e=0.4,h=7.0,n=30,start_thres=1.25",hub,0.25,10,18,40,1730,0,0,40,1730,0.0,0.0,0.0,0.0,7.520127612081441
tfnbs,"e=0.4,h=8.0,n=30,start_thres=1.25",hub,0.25,10,18,40,1730,0,0,40,1730,0.0,0.0,0.0,0.0,7.520127612081441
tfnbs,"e=0.4,h=9.0,n=30,start_thres=1.25",hub,0.25,10,18,40,1730,0,0,40,1730,0.0,0.0,0.0,0.0,7.520127612081441
tfnbs,"e=0.4,h=10.0,n=30,start_thres=1.25",hub,0.25,10,18,40,1730,0,0,40,1730,0.0,0.0,0.0,0.0,7.520127612081441
tfnbs,"e=0.5,h=0.5,n=30,start_thres=1.25",hub,0.25,10,18,40,1730,1,0,39,1730,0.025,0.0,1.0,0.0,7.520127612081441
tfnbs,"e=0.5,h=1.0,n=30,start_thres=1.25",hub,0.25,10,18,40,1730,1,0,39,1730,0.025,0.0,1.0,0.0,7.520127612081441
tfnbs,"e=0.5,h=2.0,n=30,start_thres=1.25",hub,0.25,10,18,40,1730,0,0,40,1730,0.0,0.0,0.0,0.0,7.520127612081441
tfnbs,"e=0.5,h=3.0,n=30,start_thres=1.25",hub,0.25,10,18,40,1730,0,0,40,1730,0.0,0.0,0.0,0.0,7.520127612081441
tfnbs,"e=0.5,h=4.0,n=30,start_thres=1.25",hub,0.25,10,18,40,1730,0,0,40,1730,0.0,0.0,0.0,0.0,7.520127612081441
tfnbs,"e=0.5,h=5.0,n=30,start_thres=1.25",hub,0.25,10,18,40,1730,0,0,40,1730,0.0,0.0,0.0,0.0,7.520127612081441
tfnbs,"e=0.5,h=6.0,n=30,start_thres=1.25",hub,0.25,10,18,40,1730,0,0,40,1730,0.0,0.0,0.0,0.0,7.520127612081441
tfnbs,"e=0.5,h=7.0,n=30,start_thres=1.25",hub,0.25,10,18,40,1730,0,0,40,1730,0.0,0.0,0.0,0.0,7.520127612081441
tfnbs,"e=0.5,h=8.0,n=30,start_thres=1.25",hub,0.25,10,18,40,1730,0,0,40,1730,0.0,0.0,0.0,0.0,7.520127612081441
tfnbs,"e=0.5,h=9.0,n=30,start_thres=1.25",hub,0.25,10,18,40,1730,0,0,40,1730,0.0,0.0,0.0,0.0,7.520127612081441
tfnbs,"e=0.5,h=10.0,n=30,start_thres=1.25",hub,0.25,10,18,40,1730,0,0,40,1730,0.0,0.0,0.0,0.0,7.520127612081441
tfnbs,"e=0.6,h=0.5,n=30,start_thres=1.25",hub,0.25,10,18,40,1730,1,0,39,1730,0.025,0.0,1.0,0.0,7.520127612081441
tfnbs,"e=0.6,h=1.0,n=30,start_thres=1.25",hub,0.25,10,18,40,1730,1,0,39,1730,0.025,0.0,1.0,0.0,7.520127612081441
tfnbs,"e=0.6,h=2.0,n=30,start_thres=1.25",hub,0.25,10,18,40,1730,0,0,40,1730,0.0,0.0,0.0,0.0,7.520127612081441
tfnbs,"e=0.6,h=3.0,n=30,start_thres=1.25",hub,0.25,10,18,40,1730,0,0,40,1730,0.0,0.0,0.0,0.0,7.520127612081441
tfnbs,"e=0.6,h=4.0,n=30,start_thres=1.25",hub,0.25,10,18,40,1730,0,0,40,1730,0.0,0.0,0.0,0.0,7.520127612081441
tfnbs,"e=0.6,h=5.0,n=30,start_thres=1.25",hub,0.25,10,18,40,1730,0,0,40,1730,0.0,0.0,0.0,0.0,7.520127612081441
tfnbs,"e=0.6,h=6.0,n=30,start_thres=1.25",hub,0.25,10,18,40,1730,0,0,40,1730,0.0,0.0,0.0,0.0,7.520127612081441
tfnbs,"e=0.6,h=7.0,n=30,start_thres=1.25",hub,0.25,10,18,40,1730,0,0,40,1730,0.0,0.0,0.0,0.0,7.520127612081441
tfnbs,"e=0.6,h=8.0,n=30,start_thres=1.25",hub,0.25,10,18,40,1730,0,0,40,1730,0.0,0.0,0.0,0.0,7.520127612081441
tfnbs,"e=0.6,h=9.0,n=30,start_thres=1.25",hub,0.25,10,18,40,1730,0,0,40,1730,0.0,0.0,0.0,0.0,7.520127612081441
tfnbs,"e=0.6,h=10.0,n=30,start_thres=1.25",hub,0.25,10,18,40,1730,0,0,40,1730,0.0,0.0,0.0,0.0,7.520127612081441
tfnbs,"e=0.7,h=0.5,n=30,start_thres=1.25",hub,0.25,10,18,40,1730,1,0,39,1730,0.025,0.0,1.0,0.0,7.520127612081441
tfnbs,"e=0.7,h=1.0,n=30,start_thres=1.25",hub,0.25,10,18,40,1730,1,0,39,1730,0.025,0.0,1.0,0.0,7.520127612081441
tfnbs,"e=0.7,h=2.0,n=30,start_thres=1.25",hub,0.25,10,18,40,1730,0,0,40,1730,0.0,0.0,0.0,0.0,7.520127612081441
tfnbs,"e=0.7,h=3.0,n=30,start_thres=1.25",hub,0.25,10,18,40,1730,0,0,40,1730,0.0,0.0,0.0,0.0,7.520127612081441
tfnbs,"e=0.7,h=4.0,n=30,start_thres=1.25",hub,0.25,10,18,40,1730,0,0,40,1730,0.0,0.0,0.0,0.0,7.520127612081441
tfnbs,"e=0.7,h=5.0,n=30,start_thres=1.25",hub,0.25,10,18,40,1730,0,0,40,1730,0.0,0.0,0.0,0.0,7.520127612081441
tfnbs,"e=0.7,h=6.0,n=30,start_thres=1.25",hub,0.25,10,18,40,1730,0,0,40,1730,0.0,0.0,0.0,0.0,7.520127612081441
tfnbs,"e=0.7,h=7.0,n=30,start_thres=1.25",hub,0.25,10,18,40,1730,0,0,40,1730,0.0,0.0,0.0,0.0,7.520127612081441
tfnbs,"e=0.7,h=8.0,n=30,start_thres=1.25",hub,0.25,10,18,40,1730,0,0,40,1730,0.0,0.0,0.0,0.0,7.520127612081441
tfnbs,"e=0.7,h=9.0,n=30,start_thres=1.25",hub,0.25,10,18,40,1730,0,0,40,1730,0.0,0.0,0.0,0.0,7.520127612081441
tfnbs,"e=0.7,h=10.0,n=30,start_thres=1.25",hub,0.25,10,18,40,1730,0,0,40,1730,0.0,0.0,0.0,0.0,7.520127612081441
tfnbs,"e=0.8,h=0.5,n=30,start_thres=1.25",hub,0.25,10,18,40,1730,0,0,40,1730,0.0,0.0,0.0,0.0,7.520127612081441
tfnbs,"e=0.8,h=1.0,n=30,start_thres=1.25",hub,0.25,10,18,40,1730,1,0,39,1730,0.025,0.0,1.0,0.0,7.520127612081441
tfnbs,"e=0.8,h=2.0,n=30,start_thres=1.25",hub,0.25,10,18,40,1730,1,0,39,1730,0.025,0.0,1.0,0.0,7.520127612081441
tfnbs,"e=0.8,h=3.0,n=30,start_thres=1.25",hub,0.25,10,18,40,1730,0,0,40,1730,0.0,0.0,0.0,0.0,7.520127612081441
tfnbs,"e=0.8,h=4.0,n=30,start_thres=1.25",hub,0.25,10,18,40,1730,0,0,40,1730,0.0,0.0,0.0,0.0,7.520127612081441
tfnbs,"e=0.8,h=5.0,n=30,start_thres=1.25",hub,0.25,10,18,40,1730,0,0,40,1730,0.0,0.0,0.0,0.0,7.520127612081441
tfnbs,"e=0.8,h=6.0,n=30,start_thres=1.25",hub,0.25,10,18,40,1730,0,0,40,1730,0.0,0.0,0.0,0.0,7.520127612081441
tfnbs,"e=0.8,h=7.0,n=30,start_thres=1.25",hub,0.25,10,18,40,1730,0,0,40,1730,0.0,0.0,0.0,0.0,7.520127612081441
tfnbs,"e=0.8,h=8.0,n=30,start_thres=1.25",hub,0.25,10,18,40,1730,0,0,40,1730,0.0,0.0,0.0,0.0,7.520127612081441
tfnbs,"e=0.8,h=9.0,n=30,start_thres=1.25",hub,0.25,10,18,40,1730,0,0,40,1730,0.0,0.0,0.0,0.0,7.520127612081441
tfnbs,"e=0.8,h=10.0,n=30,start_thres=1.25",hub,0.25,10,18,40,1730,0,0,40,1730,0.0,0.0,0.0,0.0,7.520127612081441
tfnbs,"e=0.9,h=0.5,n=30,start_thres=1.25",hub,0.25,10,18,40,1730,0,0,40,1730,0.0,0.0,0.0,0.0,7.520127612081441
tfnbs,"e=0.9,h=1.0,n=30,start_thres=1.25",hub,0.25,10,18,40,1730,0,0,40,1730,0.0,0.0,0.0,0.0,7.520127612081441
tfnbs,"e=0.9,h=2.0,n=30,start_thres=1.25",hub,0.25,10,18,40,1730,1,0,39,1730,0.025,0.0,1.0,0.0,7.520127612081441
tfnbs,"e=0.9,h=3.0,n=30,start_thres=1.25",hub,0.25,10,18,40,1730,0,0,40,1730,0.0,0.0,0.0,0.0,7.520127612081441
tfnbs,"e=0.9,h=4.0,n=30,start_thres=1.25",hub,0.25,10,18,40,1730,0,0,40,1730,0.0,0.0,0.0,0.0,7.520127612081441
tfnbs,"e=0.9,h=5.0,n=30,start_thres=1.25",hub,0.25,10,18,40,1730,0,0,40,1730,0.0,0.0,0.0,0.0,7.520127612081441
tfnbs,"e=0.9,h=6.0,n=30,start_thres=1.25",hub,0.25,10,18,40,1730,0,0,40,1730,0.0,0.0,0.0,0.0,7.520127612081441
tfnbs,"e=0.9,h=7.0,n=30,start_thres=1.25",hub,0.25,10,18,40,1730,0,0,40,1730,0.0,0.0,0.0,0.0,7.520127612081441
tfnbs,"e=0.9,h=8.0,n=30,start_thres=1.25",hub,0.25,10,18,40,1730,0,0,40,1730,0.0,0.0,0.0,0.0,7.520127612081441
tfnbs,"e=0.9,h=9.0,n=30,start_thres=1.25",hub,0.25,10,18,40,1730,0,0,40,1730,0.0,0.0,0.0,0.0,7.520127612081441
tfnbs,"e=0.9,h=10.0,n=30,start_thres=1.25",hub,0.25,10,18,40,1730,0,0,40,1730,0.0,0.0,0.0,0.0,7.520127612081441
tfnbs,"e=1.0,h=0.5,n=30,start_thres=1.25",hub,0.25,10,18,40,1730,0,0,40,1730,0.0,0.0,0.0,0.0,7.520127612081441
tfnbs,"e=1.0,h=1.0,n=30,start_thres=1.25",hub,0.25,10,18,40,1730,0,0,40,1730,0.0,0.0,0.0,0.0,7.520127612081441
tfnbs,"e=1.0,h=2.0,n=30,start_thres=1.25",hub,0.25,10,18,40,1730,1,0,39,1730,0.025,0.0,1.0,0.0,7.520127612081441
tfnbs,"e=1.0,h=3.0,n=30,start_thres=1.25",hub,0.25,10,18,40,1730,1,0,39,1730,0.025,0.0,1.0,0.0,7.520127612081441
tfnbs,"e=1.0,h=4.0,n=30,start_thres=1.25",hub,0.25,10,18,40,1730,0,0,40,1730,0.0,0.0,0.0,0.0,7.520127612081441
tfnbs,"e=1.0,h=5.0,n=30,start_thres=1.25",hub,0.25,10,18,40,1730,0,0,40,1730,0.0,0.0,0.0,0.0,7.520127612081441
tfnbs,"e=1.0,h=6.0,n=30,start_thres=1.25",hub,0.25,10,18,40,1730,0,0,40,1730,0.0,0.0,0.0,0.0,7.520127612081441
tfnbs,"e=1.0,h=7.0,n=30,start_thres=1.25",hub,0.25,10,18,40,1730,0,0,40,1730,0.0,0.0,0.0,0.0,7.520127612081441
tfnbs,"e=1.0,h=8.0,n=30,start_thres=1.25",hub,0.25,10,18,40,1730,0,0,40,1730,0.0,0.0,0.0,0.0,7.520127612081441
tfnbs,"e=1.0,h=9.0,n=30,start_thres=1.25",hub,0.25,10,18,40,1730,0,0,40,1730,0.0,0.0,0.0,0.0,7.520127612081441
tfnbs,"e=1.0,h=10.0,n=30,start_thres=1.25",hub,0.25,10,18,40,1730,0,0,40,1730,0.0,0.0,0.0,0.0,7.520127612081441
tfnbs,"e=1.1,h=0.5,n=30,start_thres=1.25",hub,0.25,10,18,40,1730,0,0,40,1730,0.0,0.0,0.0,0.0,7.520127612081441
tfnbs,"e=1.1,h=1.0,n=30,start_thres=1.25",hub,0.25,10,18,40,1730,0,0,40,1730,0.0,0.0,0.0,0.0,7.520127612081441
tfnbs,"e=1.1,h=2.0,n=30,start_thres=1.25",hub,0.25,10,18,40,1730,0,0,40,1730,0.0,0.0,0.0,0.0,7.520127612081441
tfnbs,"e=1.1,h=3.0,n=30,start_thres=1.25",hub,0.25,10,18,40,1730,1,0,39,1730,0.025,0.0,1.0,0.0,7.520127612081441
tfnbs,"e=1.1,h=4.0,n=30,start_thres=1.25",hub,0.25,10,18,40,1730,0,0,40,1730,0.0,0.0,0.0,0.0,7.520127612081441
tfnbs,"e=1.1,h=5.0,n=30,start_thres=1.25",hub,0.25,10,18,40,1730,0,0,40,1730,0.0,0.0,0.0,0.0,7.520127612081441
tfnbs,"e=1.1,h=6.0,n=30,start_thres=1.25",hub,0.25,10,18,40,1730,0,0,40,1730,0.0,0.0,0.0,0.0,7.520127612081441
tfnbs,"e=1.1,h=7.0,n=30,start_thres=1.25",hub,0.25,10,18,40,1730,0,0,40,1730,0.0,0.0,0.0,0.0,7.520127612081441
tfnbs,"e=1.1,h=8.0,n=30,start_thres=1.25",hub,0.25,10,18,40,1730,0,0,40,1730,0.0,0.0,0.0,0.0,7.520127612081441
tfnbs,"e=1.1,h=9.0,n=30,start_thres=1.25",hub,0.25,10,18,40,1730,0,0,40,1730,0.0,0.0,0.0,0.0,7.520127612081441
tfnbs,"e=1.1,h=10.0,n=30,start_thres=1.25",hub,0.25,10,18,40,1730,0,0,40,1730,0.0,0.0,0.0,0.0,7.520127612081441
tfnbs,"e=1.2,h=0.5,n=30,start_thres=1.25",hub,0.25,10,18,40,1730,0,0,40,1730,0.0,0.0,0.0,0.0,7.520127612081441
tfnbs,"e=1.2,h=1.0,n=30,start_thres=1.25",hub,0.25,10,18,40,1730,0,0,40,1730,0.0,0.0,0.0,0.0,7.520127612081441
tfnbs,"e=1.2,h=2.0,n=30,start_thres=1.25",hub,0.25,10,18,40,1730,0,0,40,1730,0.0,0.0,0.0,0.0,7.520127612081441
tfnbs,"e=1.2,h=3.0,n=30,start_thres=1.25",hub,0.25,10,18,40,1730,0,0,40,1730,0.0,0.0,0.0,0.0,7.520127612081441
tfnbs,"e=1.2,h=4.0,n=30,start_thres=1.25",hub,0.25,10,18,40,1730,1,0,39,1730,0.025,0.0,1.0,0.0,7.520127612081441
tfnbs,"e=1.2,h=5.0,n=30,start_thres=1.25",hub,0.25,10,18,40,1730,0,0,40,1730,0.0,0.0,0.0,0.0,7.520127612081441
tfnbs,"e=1.2,h=6.0,n=30,start_thres=1.25",hub,0.25,10,18,40,1730,0,0,40,1730,0.0,0.0,0.0,0.0,7.520127612081441
tfnbs,"e=1.2,h=7.0,n=30,start_thres=1.25",hub,0.25,10,18,40,1730,0,0,40,1730,0.0,0.0,0.0,0.0,7.520127612081441
tfnbs,"e=1.2,h=8.0,n=30,start_thres=1.25",hub,0.25,10,18,40,1730,0,0,40,1730,0.0,0.0,0.0,0.0,7.520127612081441
tfnbs,"e=1.2,h=9.0,n=30,start_thres=1.25",hub,0.25,10,18,40,1730,0,0,40,1730,0.0,0.0,0.0,0.0,7.520127612081441
tfnbs,"e=1.2,h=10.0,n=30,start_thres=1.25",hub,0.25,10,18,40,1730,0,0,40,1730,0.0,0.0,0.0,0.0,7.520127612081441
tfnbs,"e=1.3,h=0.5,n=30,start_thres=1.25",hub,0.25,10,18,40,1730,0,0,40,1730,0.0,0.0,0.0,0.0,7.520127612081441
tfnbs,"e=1.3,h=1.0,n=30,start_thres=1.25",hub,0.25,10,18,40,1730,0,0,40,1730,0.0,0.0,0.0,0.0,7.520127612081441
tfnbs,"e=1.3,h=2.0,n=30,start_thres=1.25",hub,0.25,10,18,40,1730,0,0,40,1730,0.0,0.0,0.0,0.0,7.520127612081441
tfnbs,"e=1.3,h=3.0,n=30,start_thres=1.25",hub,0.25,10,18,40,1730,0,0,40,1730,0.0,0.0,0.0,0.0,7.520127612081441
tfnbs,"e=1.3,h=4.0,n=30,start_thres=1.25",hub,0.25,10,18,40,1730,0,0,40,1730,0.0,0.0,0.0,0.0,7.520127612081441
tfnbs,"e=1.3,h=5.0,n=30,start_thres=1.25",hub,0.25,10,18,40,1730,0,0,40,1730,0.0,0.0,0.0,0.0,7.520127612081441
tfnbs,"e=1.3,h=6.0,n=30,start_thres=1.25",hub,0.25,10,18,40,1730,0,0,40,1730,0.0,0.0,0.0,0.0,7.520127612081441
tfnbs,"e=1.3,h=7.0,n=30,start_thres=1.25",hub,0.25,10,18,40,1730,0,0,40,1730,0.0,0.0,0.0,0.0,7.520127612081441
tfnbs,"e=1.3,h=8.0,n=30,start_thres=1.25",hub,0.25,10,18,40,1730,0,0,40,1730,0.0,0.0,0.0,0.0,7.520127612081441
tfnbs,"e=1.3,h=9.0,n=30,start_thres=1.25",hub,0.25,10,18,40,1730,0,0,40,1730,0.0,0.0,0.0,0.0,7.520127612081441
tfnbs,"e=1.3,h=10.0,n=30,start_thres=1.25",hub,0.25,10,18,40,1730,0,0,40,1730,0.0,0.0,0.0,0.0,7.520127612081441
tfnbs,"e=1.4,h=0.5,n=30,start_thres=1.25",hub,0.25,10,18,40,1730,0,0,40,1730,0.0,0.0,0.0,0.0,7.520127612081441
tfnbs,"e=1.4,h=1.0,n=30,start_thres=1.25",hub,0.25,10,18,40,1730,0,0,40,1730,0.0,0.0,0.0,0.0,7.520127612081441
tfnbs,"e=1.4,h=2.0,n=30,start_thres=1.25",hub,0.25,10,18,40,1730,0,0,40,1730,0.0,0.0,0.0,0.0,7.520127612081441
tfnbs,"e=1.4,h=3.0,n=30,start_thres=1.25",hub,0.25,10,18,40,1730,0,0,40,1730,0.0,0.0,0.0,0.0,7.520127612081441
tfnbs,"e=1.4,h=4.0,n=30,start_thres=1.25",hub,0.25,10,18,40,1730,0,0,40,1730,0.0,0.0,0.0,0.0,7.520127612081441
tfnbs,"e=1.4,h=5.0,n=30,start_thres=1.25",hub,0.25,10,18,40,1730,1,0,39,1730,0.025,0.0,1.0,0.0,7.520127612081441
tfnbs,"e=1.4,h=6.0,n=30,start_thres=1.25",hub,0.25,10,18,40,1730,0,0,40,1730,0.0,0.0,0.0,0.0,7.520127612081441
tfnbs,"e=1.4,h=7.0,n=30,start_thres=1.25",hub,0.25,10,18,40,1730,0,0,40,1730,0.0,0.0,0.0,0.0,7.520127612081441
tfnbs,"e=1.4,h=8.0,n=30,start_thres=1.25",hub,0.25,10,18,40,1730,0,0,40,1730,0.0,0.0,0.0,0.0,7.520127612081441
tfnbs,"e=1.4,h=9.0,n=30,start_thres=1.25",hub,0.25,10,18,40,1730,0,0,40,1730,0.0,0.0,0.0,0.0,7.520127612081441
tfnbs,"e=1.4,h=10.0,n=30,start_thres=1.25",hub,0.25,10,18,40,1730,0,0,40,1730,0.0,0.0,0.0,0.0,7.520127612081441
tfnbs,"e=1.5,h=0.5,n=30,start_thres=1.25",hub,0.25,10,18,40,1730,0,0,40,1730,0.0,0.0,0.0,0.0,7.520127612081441
tfnbs,"e=1.5,h=1.0,n=30,start_thres=1.25",hub,0.25,10,18,40,1730,0,0,40,1730,0.0,0.0,0.0,0.0,7.520127612081441
tfnbs,"e=1.5,h=2.0,n=30,start_thres=1.25",hub,0.25,10,18,40,1730,0,0,40,1730,0.0,0.0,0.0,0.0,7.520127612081441
tfnbs,"e=1.5,h=3.0,n=30,start_thres=1.25",hub,0.25,10,18,40,1730,0,0,40,1730,0.0,0.0,0.0,0.0,7.520127612081441
tfnbs,"e=1.5,h=4.0,n=30,start_thres=1.25",hub,0.25,10,18,40,1730,0,0,40,1730,0.0,0.0,0.0,0.0,7.520127612081441
tfnbs,"e=1.5,h=5.0,n=30,start_thres=1.25",hub,0.25,10,18,40,1730,0,0,40,1730,0.0,0.0,0.0,0.0,7.520127612081441
tfnbs,"e=1.5,h=6.0,n=30,start_thres=1.25",hub,0.25,10,18,40,1730,0,0,40,1730,0.0,0.0,0.0,0.0,7.520127612081441
tfnbs,"e=1.5,h=7.0,n=30,start_thres=1.25",hub,0.25,10,18,40,1730,0,0,40,1730,0.0,0.0,0.0,0.0,7.520127612081441
tfnbs,"e=1.5,h=8.0,n=30,start_thres=1.25",hub,0.25,10,18,40,1730,0,0,40,1730,0.0,0.0,0.0,0.0,7.520127612081441
tfnbs,"e=1.5,h=9.0,n=30,start_thres=1.25",hub,0.25,10,18,40,1730,0,0,40,1730,0.0,0.0,0.0,0.0,7.520127612081441
tfnbs,"e=1.5,h=10.0,n=30,start_thres=1.25",hub,0.25,10,18,40,1730,0,0,40,1730,0.0,0.0,0.0,0.0,7.520127612081441
tfnbs,"e=0.05,h=0.5,n=30,start_thres=1.25",hub,0.25,10,4,40,1730,0,0,40,1730,0.0,0.0,0.0,0.0,7.555709958076477
tfnbs,"e=0.05,h=1.0,n=30,start_thres=1.25",hub,0.25,10,4,40,1730,0,0,40,1730,0.0,0.0,0.0,0.0,7.555709958076477
tfnbs,"e=0.05,h=2.0,n=30,start_thres=1.25",hub,0.25,10,4,40,1730,0,0,40,1730,0.0,0.0,0.0,0.0,7.555709958076477
tfnbs,"e=0.05,h=3.0,n=30,start_thres=1.25",hub,0.25,10,4,40,1730,0,0,40,1730,0.0,0.0,0.0,0.0,7.555709958076477
tfnbs,"e=0.05,h=4.0,n=30,start_thres=1.25",hub,0.25,10,4,40,1730,0,0,40,1730,0.0,0.0,0.0,0.0,7.555709958076477
tfnbs,"e=0.05,h=5.0,n=30,start_thres=1.25",hub,0.25,10,4,40,1730,0,0,40,1730,0.0,0.0,0.0,0.0,7.555709958076477
tfnbs,"e=0.05,h=6.0,n=30,start_thres=1.25",hub,0.25,10,4,40,1730,0,0,40,1730,0.0,0.0,0.0,0.0,7.555709958076477
tfnbs,"e=0.05,h=7.0,n=30,start_thres=1.25",hub,0.25,10,4,40,1730,0,0,40,1730,0.0,0.0,0.0,0.0,7.555709958076477
tfnbs,"e=0.05,h=8.0,n=30,start_thres=1.25",hub,0.25,10,4,40,1730,0,0,40,1730,0.0,0.0,0.0,0.0,7.555709958076477
tfnbs,"e=0.05,h=9.0,n=30,start_thres=1.25",hub,0.25,10,4,40,1730,0,0,40,1730,0.0,0.0,0.0,0.0,7.555709958076477
tfnbs,"e=0.05,h=10.0,n=30,start_thres=1.25",hub,0.25,10,4,40,1730,0,0,40,1730,0.0,0.0,0.0,0.0,7.555709958076477
tfnbs,"e=0.1,h=0.5,n=30,start_thres=1.25",hub,0.25,10,4,40,1730,0,0,40,1730,0.0,0.0,0.0,0.0,7.555709958076477
tfnbs,"e=0.1,h=1.0,n=30,start_thres=1.25",hub,0.25,10,4,40,1730,0,0,40,1730,0.0,0.0,0.0,0.0,7.555709958076477
tfnbs,"e=0.1,h=2.0,n=30,start_thres=1.25",hub,0.25,10,4,40,1730,0,0,40,1730,0.0,0.0,0.0,0.0,7.555709958076477
tfnbs,"e=0.1,h=3.0,n=30,start_thres=1.25",hub,0.25,10,4,40,1730,0,0,40,1730,0.0,0.0,0.0,0.0,7.555709958076477
tfnbs,"e=0.1,h=4.0,n=30,start_thres=1.25",hub,0.25,10,4,40,1730,0,0,40,1730,0.0,0.0,0.0,0.0,7.555709958076477
tfnbs,"e=0.1,h=5.0,n=30,start_thres=1.25",hub,0.25,10,4,40,1730,0,0,40,1730,0.0,0.0,0.0,0.0,7.555709958076477
tfnbs,"e=0.1,h=6.0,n=30,start_thres=1.25",hub,0.25,10,4,40,1730,0,0,40,1730,0.0,0.0,0.0,0.0,7.555709958076477
tfnbs,"e=0.1,h=7.0,n=30,start_thres=1.25",hub,0.25,10,4,40,1730,0,0,40,1730,0.0,0.0,0.0,0.0,7.555709958076477
tfnbs,"e=0.1,h=8.0,n=30,start_thres=1.25",hub,0.25,10,4,40,1730,0,0,40,1730,0.0,0.0,0.0,0.0,7.555709958076477
tfnbs,"e=0.1,h=9.0,n=30,start_thres=1.25",hub,0.25,10,4,40,1730,0,0,40,1730,0.0,0.0,0.0,0.0,7.555709958076477
tfnbs,"e=0.1,h=10.0,n=30,start_thres=1.25",hub,0.25,10,4,40,1730,0,0,40,1730,0.0,0.0,0.0,0.0,7.555709958076477
tfnbs,"e=0.2,h=0.5,n=30,start_thres=1.25",hub,0.25,10,4,40,1730,0,0,40,1730,0.0,0.0,0.0,0.0,7.555709958076477
tfnbs,"e=0.2,h=1.0,n=30,start_thres=1.25",hub,0.25,10,4,40,1730,0,0,40,1730,0.0,0.0,0.0,0.0,7.555709958076477
tfnbs,"e=0.2,h=2.0,n=30,start_thres=1.25",hub,0.25,10,4,40,1730,0,0,40,1730,0.0,0.0,0.0,0.0,7.555709958076477
tfnbs,"e=0.2,h=3.0,n=30,start_thres=1.25",hub,0.25,10,4,40,1730,0,0,40,1730,0.0,0.0,0.0,0.0,7.555709958076477
tfnbs,"e=0.2,h=4.0,n=30,start_thres=1.25",hub,0.25,10,4,40,1730,0,0,40,1730,0.0,0.0,0.0,0.0,7.555709958076477
tfnbs,"e=0.2,h=5.0,n=30,start_thres=1.25",hub,0.25,10,4,40,1730,0,0,40,1730,0.0,0.0,0.0,0.0,7.555709958076477
tfnbs,"e=0.2,h=6.0,n=30,start_thres=1.25",hub,0.25,10,4,40,1730,0,0,40,1730,0.0,0.0,0.0,0.0,7.555709958076477
tfnbs,"e=0.2,h=7.0,n=30,start_thres=1.25",hub,0.25,10,4,40,1730,0,0,40,1730,0.0,0.0,0.0,0.0,7.555709958076477
tfnbs,"e=0.2,h=8.0,n=30,start_thres=1.25",hub,0.25,10,4,40,1730,0,0,40,1730,0.0,0.0,0.0,0.0,7.555709958076477
tfnbs,"e=0.2,h=9.0,n=30,start_thres=1.25",hub,0.25,10,4,40,1730,0,0,40,1730,0.0,0.0,0.0,0.0,7.555709958076477
tfnbs,"e=0.2,h=10.0,n=30,start_thres=1.25",hub,0.25,10,4,40,1730,0,0,40,1730,0.0,0.0,0.0,0.0,7.555709958076477
tfnbs,"e=0.3,h=0.5,n=30,start_thres=1.25",hub,0.25,10,4,40,1730,0,0,40,1730,0.0,0.0,0.0,0.0,7.555709958076477
tfnbs,"e=0.3,h=1.0,n=30,start_thres=1.25",hub,0.25,10,4,40,1730,0,0,40,1730,0.0,0.0,0.0,0.0,7.555709958076477
tfnbs,"e=0.3,h=2.0,n=30,start_thres=1.25",hub,0.25,10,4,40,1730,0,0,40,1730,0.0,0.0,0.0,0.0,7.555709958076477
tfnbs,"e=0.3,h=3.0,n=30,start_thres=1.25",hub,0.25,10,4,40,1730,0,0,40,1730,0.0,0.0,0.0,0.0,7.555709958076477
tfnbs,"e=0.3,h=4.0,n=30,start_thres=1.25",hub,0.25,10,4,40,1730,0,0,40,1730,0.0,0.0,0.0,0.0,7.555709958076477
tfnbs,"e=0.3,h=5.0,n=30,start_thres=1.25",hub,0.25,10,4,40,1730,0,0,40,1730,0.0,0.0,0.0,0.0,7.555709958076477
tfnbs,"e=0.3,h=6.0,n=30,start_thres=1.25",hub,0.25,10,4,40,1730,0,0,40,1730,0.0,0.0,0.0,0.0,7.555709958076477
tfnbs,"e=0.3,h=7.0,n=30,start_thres=1.25",hub,0.25,10,4,40,1730,0,0,40,1730,0.0,0.0,0.0,0.0,7.555709958076477
tfnbs,"e=0.3,h=8.0,n=30,start_thres=1.25",hub,0.25,10,4,40,1730,0,0,40,1730,0.0,0.0,0.0,0.0,7.555709958076477
tfnbs,"e=0.3,h=9.0,n=30,start_thres=1.25",hub,0.25,10,4,40,1730,0,0,40,1730,0.0,0.0,0.0,0.0,7.555709958076477
tfnbs,"e=0.3,h=10.0,n=30,start_thres=1.25",hub,0.25,10,4,40,1730,0,0,40,1730,0.0,0.0,0.0,0.0,7.555709958076477
tfnbs,"e=0.4,h=0.5,n=30,start_thres=1.25",hub,0.25,10,4,40,1730,0,0,40,1730,0.0,0.0,0.0,0.0,7.555709958076477
tfnbs,"e=0.4,h=1.0,n=30,start_thres=1.25",hub,0.25,10,4,40,1730,0,0,40,1730,0.0,0.0,0.0,0.0,7.555709958076477
tfnbs,"e=0.4,h=2.0,n=30,start_thres=1.25",hub,0.25,10,4,40,1730,0,0,40,1730,0.0,0.0,0.0,0.0,7.555709958076477
tfnbs,"e=0.4,h=3.0,n=30,start_thres=1.25",hub,0.25,10,4,40,1730,0,0,40,1730,0.0,0.0,0.0,0.0,7.555709958076477
tfnbs,"e=0.4,h=4.0,n=30,start_thres=1.25",hub,0.25,10,4,40,1730,0,0,40,1730,0.0,0.0,0.0,0.0,7.555709958076477
tfnbs,"e=0.4,h=5.0,n=30,start_thres=1.25",hub,0.25,10,4,40,1730,0,0,40,1730,0.0,0.0,0.0,0.0,7.555709958076477
tfnbs,"e=0.4,h=6.0,n=30,start_thres=1.25",hub,0.25,10,4,40,1730,0,0,40,1730,0.0,0.0,0.0,0.0,7.555709958076477
tfnbs,"e=0.4,h=7.0,n=30,start_thres=1.25",hub,0.25,10,4,40,1730,0,0,40,1730,0.0,0.0,0.0,0.0,7.555709958076477
tfnbs,"e=0.4,h=8.0,n=30,start_thres=1.25",hub,0.25,10,4,40,1730,0,0,40,1730,0.0,0.0,0.0,0.0,7.555709958076477
tfnbs,"e=0.4,h=9.0,n=30,start_thres=1.25",hub,0.25,10,4,40,1730,0,0,40,1730,0.0,0.0,0.0,0.0,7.555709958076477
tfnbs,"e=0.4,h=10.0,n=30,start_thres=1.25",hub,0.25,10,4,40,1730,0,0,40,1730,0.0,0.0,0.0,0.0,7.555709958076477
tfnbs,"e=0.5,h=0.5,n=30,start_thres=1.25",hub,0.25,10,4,40,1730,0,0,40,1730,0.0,0.0,0.0,0.0,7.555709958076477
tfnbs,"e=0.5,h=1.0,n=30,start_thres=1.25",hub,0.25,10,4,40,1730,0,0,40,1730,0.0,0.0,0.0,0.0,7.555709958076477
tfnbs,"e=0.5,h=2.0,n=30,start_thres=1.25",hub,0.25,10,4,40,1730,0,0,40,1730,0.0,0.0,0.0,0.0,7.555709958076477
tfnbs,"e=0.5,h=3.0,n=30,start_thres=1.25",hub,0.25,10,4,40,1730,0,0,40,1730,0.0,0.0,0.0,0.0,7.555709958076477
tfnbs,"e=0.5,h=4.0,n=30,start_thres=1.25",hub,0.25,10,4,40,1730,0,0,40,1730,0.0,0.0,0.0,0.0,7.555709958076477
tfnbs,"e=0.5,h=5.0,n=30,start_thres=1.25",hub,0.25,10,4,40,1730,0,0,40,1730,0.0,0.0,0.0,0.0,7.555709958076477
tfnbs,"e=0.5,h=6.0,n=30,start_thres=1.25",hub,0.25,10,4,40,1730,0,0,40,1730,0.0,0.0,0.0,0.0,7.555709958076477
tfnbs,"e=0.5,h=7.0,n=30,start_thres=1.25",hub,0.25,10,4,40,1730,0,0,40,1730,0.0,0.0,0.0,0.0,7.555709958076477
tfnbs,"e=0.5,h=8.0,n=30,start_thres=1.25",hub,0.25,10,4,40,1730,0,0,40,1730,0.0,0.0,0.0,0.0,7.555709958076477
tfnbs,"e=0.5,h=9.0,n=30,start_thres=1.25",hub,0.25,10,4,40,1730,0,0,40,1730,0.0,0.0,0.0,0.0,7.555709958076477
tfnbs,"e=0.5,h=10.0,n=30,start_thres=1.25",hub,0.25,10,4,40,1730,0,0,40,1730,0.0,0.0,0.0,0.0,7.555709958076477
tfnbs,"e=0.6,h=0.5,n=30,start_thres=1.25",hub,0.25,10,4,40,1730,0,0,40,1730,0.0,0.0,0.0,0.0,7.555709958076477
tfnbs,"e=0.6,h=1.0,n=30,start_thres=1.25",hub,0.25,10,4,40,1730,0,0,40,1730,0.0,0.0,0.0,0.0,7.555709958076477
tfnbs,"e=0.6,h=2.0,n=30,start_thres=1.25",hub,0.25,10,4,40,1730,0,0,40,1730,0.0,0.0,0.0,0.0,7.555709958076477
tfnbs,"e=0.6,h=3.0,n=30,start_thres=1.25",hub,0.25,10,4,40,1730,0,0,40,1730,0.0,0.0,0.0,0.0,7.555709958076477
tfnbs,"e=0.6,h=4.0,n=30,start_thres=1.25",hub,0.25,10,4,40,1730,0,0,40,1730,0.0,0.0,0.0,0.0,7.555709958076477
tfnbs,"e=0.6,h=5.0,n=30,start_thres=1.25",hub,0.25,10,4,40,1730,0,0,40,1730,0.0,0.0,0.0,0.0,7.555709958076477
tfnbs,"e=0.6,h=6.0,n=30,start_thres=1.25",hub,0.25,10,4,40,1730,0,0,40,1730,0.0,0.0,0.0,0.0,7.555709958076477
tfnbs,"e=0.6,h=7.0,n=30,start_thres=1.25",hub,0.25,10,4,40,1730,0,0,40,1730,0.0,0.0,0.0,0.0,7.555709958076477
tfnbs,"e=0.6,h=8.0,n=30,start_thres=1.25",hub,0.25,10,4,40,1730,0,0,40,1730,0.0,0.0,0.0,0.0,7.555709958076477
tfnbs,"e=0.6,h=9.0,n=30,start_thres=1.25",hub,0.25,10,4,40,1730,0,0,40,1730,0.0,0.0,0.0,0.0,7.555709958076477
tfnbs,"e=0.6,h=10.0,n=30,start_thres=1.25",hub,0.25,10,4,40,1730,0,0,40,1730,0.0,0.0,0.0,0.0,7.555709958076477
tfnbs,"e=0.7,h=0.5,n=30,start_thres=1.25",hub,0.25,10,4,40,1730,0,0,40,1730,0.0,0.0,0.0,0.0,7.555709958076477
tfnbs,"e=0.7,h=1.0,n=30,start_thres=1.25",hub,0.25,10,4,40,1730,0,0,40,1730,0.0,0.0,0.0,0.0,7.555709958076477
tfnbs,"e=0.7,h=2.0,n=30,start_thres=1.25",hub,0.25,10,4,40,1730,0,0,40,1730,0.0,0.0,0.0,0.0,7.555709958076477
tfnbs,"e=0.7,h=3.0,n=30,start_thres=1.25",hub,0.25,10,4,40,1730,0,0,40,1730,0.0,0.0,0.0,0.0,7.555709958076477
tfnbs,"e=0.7,h=4.0,n=30,start_thres=1.25",hub,0.25,10,4,40,1730,0,0,40,1730,0.0,0.0,0.0,0.0,7.555709958076477
tfnbs,"e=0.7,h=5.0,n=30,start_thres=1.25",hub,0.25,10,4,40,1730,0,0,40,1730,0.0,0.0,0.0,0.0,7.555709958076477
tfnbs,"e=0.7,h=6.0,n=30,start_thres=1.25",hub,0.25,10,4,40,1730,0,0,40,1730,0.0,0.0,0.0,0.0,7.555709958076477
tfnbs,"e=0.7,h=7.0,n=30,start_thres=1.25",hub,0.25,10,4,40,1730,0,0,40,1730,0.0,0.0,0.0,0.0,7.555709958076477
tfnbs,"e=0.7,h=8.0,n=30,start_thres=1.25",hub,0.25,10,4,40,1730,0,0,40,1730,0.0,0.0,0.0,0.0,7.555709958076477
tfnbs,"e=0.7,h=9.0,n=30,start_thres=1.25",hub,0.25,10,4,40,1730,0,0,40,1730,0.0,0.0,0.0,0.0,7.555709958076477
tfnbs,"e=0.7,h=10.0,n=30,start_thres=1.25",hub,0.25,10,4,40,1730,0,0,40,1730,0.0,0.0,0.0,0.0,7.555709958076477
tfnbs,"e=0.8,h=0.5,n=30,start_thres=1.25",hub,0.25,10,4,40,1730,0,0,40,1730,0.0,0.0,0.0,0.0,7.555709958076477
tfnbs,"e=0.8,h=1.0,n=30,start_thres=1.25",hub,0.25,10,4,40,1730,0,0,40,1730,0.0,0.0,0.0,0.0,7.555709958076477
tfnbs,"e=0.8,h=2.0,n=30,start_thres=1.25",hub,0.25,10,4,40,1730,0,0,40,1730,0.0,0.0,0.0,0.0,7.555709958076477
tfnbs,"e=0.8,h=3.0,n=30,start_thres=1.25",hub,0.25,10,4,40,1730,0,0,40,1730,0.0,0.0,0.0,0.0,7.555709958076477
tfnbs,"e=0.8,h=4.0,n=30,start_thres=1.25",hub,0.25,10,4,40,1730,0,0,40,1730,0.0,0.0,0.0,0.0,7.555709958076477
tfnbs,"e=0.8,h=5.0,n=30,start_thres=1.25",hub,0.25,10,4,40,1730,0,0,40,1730,0.0,0.0,0.0,0.0,7.555709958076477
tfnbs,"e=0.8,h=6.0,n=30,start_thres=1.25",hub,0.25,10,4,40,1730,0,0,40,1730,0.0,0.0,0.0,0.0,7.555709958076477
tfnbs,"e=0.8,h=7.0,n=30,start_thres=1.25",hub,0.25,10,4,40,1730,0,0,40,1730,0.0,0.0,0.0,0.0,7.555709958076477
tfnbs,"e=0.8,h=8.0,n=30,start_thres=1.25",hub,0.25,10,4,40,1730,0,0,40,1730,0.0,0.0,0.0,0.0,7.555709958076477
tfnbs,"e=0.8,h=9.0,n=30,start_thres=1.25",hub,0.25,10,4,40,1730,0,0,40,1730,0.0,0.0,0.0,0.0,7.555709958076477
tfnbs,"e=0.8,h=10.0,n=30,start_thres=1.25",hub,0.25,10,4,40,1730,0,0,40,1730,0.0,0.0,0.0,0.0,7.555709958076477
tfnbs,"e=0.9,h=0.5,n=30,start_thres=1.25",hub,0.25,10,4,40,1730,0,0,40,1730,0.0,0.0,0.0,0.0,7.555709958076477
tfnbs,"e=0.9,h=1.0,n=30,start_thres=1.25",hub,0.25,10,4,40,1730,0,0,40,1730,0.0,0.0,0.0,0.0,7.555709958076477
tfnbs,"e=0.9,h=2.0,n=30,start_thres=1.25",hub,0.25,10,4,40,1730,0,0,40,1730,0.0,0.0,0.0,0.0,7.555709958076477
tfnbs,"e=0.9,h=3.0,n=30,start_thres=1.25",hub,0.25,10,4,40,1730,0,0,40,1730,0.0,0.0,0.0,0.0,7.555709958076477
tfnbs,"e=0.9,h=4.0,n=30,start_thres=1.25",hub,0.25,10,4,40,1730,0,0,40,1730,0.0,0.0,0.0,0.0,7.555709958076477
tfnbs,"e=0.9,h=5.0,n=30,start_thres=1.25",hub,0.25,10,4,40,1730,0,0,40,1730,0.0,0.0,0.0,0.0,7.555709958076477
tfnbs,"e=0.9,h=6.0,n=30,start_thres=1.25",hub,0.25,10,4,40,1730,0,0,40,1730,0.0,0.0,0.0,0.0,7.555709958076477
tfnbs,"e=0.9,h=7.0,n=30,start_thres=1.25",hub,0.25,10,4,40,1730,0,0,40,1730,0.0,0.0,0.0,0.0,7.555709958076477
tfnbs,"e=0.9,h=8.0,n=30,start_thres=1.25",hub,0.25,10,4,40,1730,0,0,40,1730,0.0,0.0,0.0,0.0,7.555709958076477
tfnbs,"e=0.9,h=9.0,n=30,start_thres=1.25",hub,0.25,10,4,40,1730,0,0,40,1730,0.0,0.0,0.0,0.0,7.555709958076477
tfnbs,"e=0.9,h=10.0,n=30,start_thres=1.25",hub,0.25,10,4,40,1730,0,0,40,1730,0.0,0.0,0.0,0.0,7.555709958076477
tfnbs,"e=1.0,h=0.5,n=30,start_thres=1.25",hub,0.25,10,4,40,1730,0,0,40,1730,0.0,0.0,0.0,0.0,7.555709958076477
tfnbs,"e=1.0,h=1.0,n=30,start_thres=1.25",hub,0.25,10,4,40,1730,0,0,40,1730,0.0,0.0,0.0,0.0,7.555709958076477
tfnbs,"e=1.0,h=2.0,n=30,start_thres=1.25",hub,0.25,10,4,40,1730,0,0,40,1730,0.0,0.0,0.0,0.0,7.555709958076477
tfnbs,"e=1.0,h=3.0,n=30,start_thres=1.25",hub,0.25,10,4,40,1730,0,0,40,1730,0.0,0.0,0.0,0.0,7.555709958076477
tfnbs,"e=1.0,h=4.0,n=30,start_thres=1.25",hub,0.25,10,4,40,1730,0,0,40,1730,0.0,0.0,0.0,0.0,7.555709958076477
tfnbs,"e=1.0,h=5.0,n=30,start_thres=1.25",hub,0.25,10,4,40,1730,0,0,40,1730,0.0,0.0,0.0,0.0,7.555709958076477
tfnbs,"e=1.0,h=6.0,n=30,start_thres=1.25",hub,0.25,10,4,40,1730,0,0,40,1730,0.0,0.0,0.0,0.0,7.555709958076477
tfnbs,"e=1.0,h=7.0,n=30,start_thres=1.25",hub,0.25,10,4,40,1730,0,0,40,1730,0.0,0.0,0.0,0.0,7.555709958076477
tfnbs,"e=1.0,h=8.0,n=30,start_thres=1.25",hub,0.25,10,4,40,1730,0,0,40,1730,0.0,0.0,0.0,0.0,7.555709958076477
tfnbs,"e=1.0,h=9.0,n=30,start_thres=1.25",hub,0.25,10,4,40,1730,0,0,40,1730,0.0,0.0,0.0,0.0,7.555709958076477
tfnbs,"e=1.0,h=10.0,n=30,start_thres=1.25",hub,0.25,10,4,40,1730,0,0,40,1730,0.0,0.0,0.0,0.0,7.555709958076477
tfnbs,"e=1.1,h=0.5,n=30,start_thres=1.25",hub,0.25,10,4,40,1730,0,0,40,1730,0.0,0.0,0.0,0.0,7.555709958076477
tfnbs,"e=1.1,h=1.0,n=30,start_thres=1.25",hub,0.25,10,4,40,1730,0,0,40,1730,0.0,0.0,0.0,0.0,7.555709958076477
tfnbs,"e=1.1,h=2.0,n=30,start_thres=1.25",hub,0.25,10,4,40,1730,0,0,40,1730,0.0,0.0,0.0,0.0,7.555709958076477
tfnbs,"e=1.1,h=3.0,n=30,start_thres=1.25",hub,0.25,10,4,40,1730,0,0,40,1730,0.0,0.0,0.0,0.0,7.555709958076477
tfnbs,"e=1.1,h=4.0,n=30,start_thres=1.25",hub,0.25,10,4,40,1730,0,0,40,1730,0.0,0.0,0.0,0.0,7.555709958076477
tfnbs,"e=1.1,h=5.0,n=30,start_thres=1.25",hub,0.25,10,4,40,1730,0,0,40,1730,0.0,0.0,0.0,0.0,7.555709958076477
tfnbs,"e=1.1,h=6.0,n=30,start_thres=1.25",hub,0.25,10,4,40,1730,0,0,40,1730,0.0,0.0,0.0,0.0,7.555709958076477
tfnbs,"e=1.1,h=7.0,n=30,start_thres=1.25",hub,0.25,10,4,40,1730,0,0,40,1730,0.0,0.0,0.0,0.0,7.555709958076477
tfnbs,"e=1.1,h=8.0,n=30,start_thres=1.25",hub,0.25,10,4,40,1730,0,0,40,1730,0.0,0.0,0.0,0.0,7.555709958076477
tfnbs,"e=1.1,h=9.0,n=30,start_thres=1.25",hub,0.25,10,4,40,1730,0,0,40,1730,0.0,0.0,0.0,0.0,7.555709958076477
tfnbs,"e=1.1,h=10.0,n=30,start_thres=1.25",hub,0.25,10,4,40,1730,0,0,40,1730,0.0,0.0,0.0,0.0,7.555709958076477
tfnbs,"e=1.2,h=0.5,n=30,start_thres=1.25",hub,0.25,10,4,40,1730,0,0,40,1730,0.0,0.0,0.0,0.0,7.555709958076477
tfnbs,"e=1.2,h=1.0,n=30,start_thres=1.25",hub,0.25,10,4,40,1730,0,0,40,1730,0.0,0.0,0.0,0.0,7.555709958076477
tfnbs,"e=1.2,h=2.0,n=30,start_thres=1.25",hub,0.25,10,4,40,1730,0,0,40,1730,0.0,0.0,0.0,0.0,7.555709958076477
tfnbs,"e=1.2,h=3.0,n=30,start_thres=1.25",hub,0.25,10,4,40,1730,0,0,40,1730,0.0,0.0,0.0,0.0,7.555709958076477
tfnbs,"e=1.2,h=4.0,n=30,start_thres=1.25",hub,0.25,10,4,40,1730,0,0,40,1730,0.0,0.0,0.0,0.0,7.555709958076477
tfnbs,"e=1.2,h=5.0,n=30,start_thres=1.25",hub,0.25,10,4,40,1730,0,0,40,1730,0.0,0.0,0.0,0.0,7.555709958076477
tfnbs,"e=1.2,h=6.0,n=30,start_thres=1.25",hub,0.25,10,4,40,1730,0,0,40,1730,0.0,0.0,0.0,0.0,7.555709958076477
tfnbs,"e=1.2,h=7.0,n=30,start_thres=1.25",hub,0.25,10,4,40,1730,0,0,40,1730,0.0,0.0,0.0,0.0,7.555709958076477
tfnbs,"e=1.2,h=8.0,n=30,start_thres=1.25",hub,0.25,10,4,40,1730,0,0,40,1730,0.0,0.0,0.0,0.0,7.555709958076477
tfnbs,"e=1.2,h=9.0,n=30,start_thres=1.25",hub,0.25,10,4,40,1730,0,0,40,1730,0.0,0.0,0.0,0.0,7.555709958076477
tfnbs,"e=1.2,h=10.0,n=30,start_thres=1.25",hub,0.25,10,4,40,1730,0,0,40,1730,0.0,0.0,0.0,0.0,7.555709958076477
tfnbs,"e=1.3,h=0.5,n=30,start_thres=1.25",hub,0.25,10,4,40,1730,0,0,40,1730,0.0,0.0,0.0,0.0,7.555709958076477
tfnbs,"e=1.3,h=1.0,n=30,start_thres=1.25",hub,0.25,10,4,40,1730,0,0,40,1730,0.0,0.0,0.0,0.0,7.555709958076477
tfnbs,"e=1.3,h=2.0,n=30,start_thres=1.25",hub,0.25,10,4,40,1730,0,0,40,1730,0.0,0.0,0.0,0.0,7.555709958076477
tfnbs,"e=1.3,h=3.0,n=30,start_thres=1.25",hub,0.25,10,4,40,1730,0,0,40,1730,0.0,0.0,0.0,0.0,7.555709958076477
tfnbs,"e=1.3,h=4.0,n=30,start_thres=1.25",hub,0.25,10,4,40,1730,0,0,40,1730,0.0,0.0,0.0,0.0,7.555709958076477
tfnbs,"e=1.3,h=5.0,n=30,start_thres=1.25",hub,0.25,10,4,40,1730,0,0,40,1730,0.0,0.0,0.0,0.0,7.555709958076477
tfnbs,"e=1.3,h=6.0,n=30,start_thres=1.25",hub,0.25,10,4,40,1730,0,0,40,1730,0.0,0.0,0.0,0.0,7.555709958076477
tfnbs,"e=1.3,h=7.0,n=30,start_thres=1.25",hub,0.25,10,4,40,1730,0,0,40,1730,0.0,0.0,0.0,0.0,7.555709958076477
tfnbs,"e=1.3,h=8.0,n=30,start_thres=1.25",hub,0.25,10,4,40,1730,0,0,40,1730,0.0,0.0,0.0,0.0,7.555709958076477
tfnbs,"e=1.3,h=9.0,n=30,start_thres=1.25",hub,0.25,10,4,40,1730,0,0,40,1730,0.0,0.0,0.0,0.0,7.555709958076477
tfnbs,"e=1.3,h=10.0,n=30,start_thres=1.25",hub,0.25,10,4,40,1730,0,0,40,1730,0.0,0.0,0.0,0.0,7.555709958076477
tfnbs,"e=1.4,h=0.5,n=30,start_thres=1.25",hub,0.25,10,4,40,1730,0,0,40,1730,0.0,0.0,0.0,0.0,7.555709958076477
tfnbs,"e=1.4,h=1.0,n=30,start_thres=1.25",hub,0.25,10,4,40,1730,0,0,40,1730,0.0,0.0,0.0,0.0,7.555709958076477
tfnbs,"e=1.4,h=2.0,n=30,start_thres=1.25",hub,0.25,10,4,40,1730,0,0,40,1730,0.0,0.0,0.0,0.0,7.555709958076477
tfnbs,"e=1.4,h=3.0,n=30,start_thres=1.25",hub,0.25,10,4,40,1730,0,0,40,1730,0.0,0.0,0.0,0.0,7.555709958076477
tfnbs,"e=1.4,h=4.0,n=30,start_thres=1.25",hub,0.25,10,4,40,1730,0,0,40,1730,0.0,0.0,0.0,0.0,7.555709958076477
tfnbs,"e=1.4,h=5.0,n=30,start_thres=1.25",hub,0.25,10,4,40,1730,0,0,40,1730,0.0,0.0,0.0,0.0,7.555709958076477
tfnbs,"e=1.4,h=6.0,n=30,start_thres=1.25",hub,0.25,10,4,40,1730,0,0,40,1730,0.0,0.0,0.0,0.0,7.555709958076477
tfnbs,"e=1.4,h=7.0,n=30,start_thres=1.25",hub,0.25,10,4,40,1730,0,0,40,1730,0.0,0.0,0.0,0.0,7.555709958076477
tfnbs,"e=1.4,h=8.0,n=30,start_thres=1.25",hub,0.25,10,4,40,1730,0,0,40,1730,0.0,0.0,0.0,0.0,7.555709958076477
tfnbs,"e=1.4,h=9.0,n=30,start_thres=1.25",hub,0.25,10,4,40,1730,0,0,40,1730,0.0,0.0,0.0,0.0,7.555709958076477
tfnbs,"e=1.4,h=10.0,n=30,start_thres=1.25",hub,0.25,10,4,40,1730,0,0,40,1730,0.0,0.0,0.0,0.0,7.555709958076477
tfnbs,"e=1.5,h=0.5,n=30,start_thres=1.25",hub,0.25,10,4,40,1730,0,0,40,1730,0.0,0.0,0.0,0.0,7.555709958076477
tfnbs,"e=1.5,h=1.0,n=30,start_thres=1.25",hub,0.25,10,4,40,1730,0,0,40,1730,0.0,0.0,0.0,0.0,7.555709958076477
tfnbs,"e=1.5,h=2.0,n=30,start_thres=1.25",hub,0.25,10,4,40,1730,0,0,40,1730,0.0,0.0,0.0,0.0,7.555709958076477
tfnbs,"e=1.5,h=3.0,n=30,start_thres=1.25",hub,0.25,10,4,40,1730,0,0,40,1730,0.0,0.0,0.0,0.0,7.555709958076477
tfnbs,"e=1.5,h=4.0,n=30,start_thres=1.25",hub,0.25,10,4,40,1730,0,0,40,1730,0.0,0.0,0.0,0.0,7.555709958076477
tfnbs,"e=1.5,h=5.0,n=30,start_thres=1.25",hub,0.25,10,4,40,1730,0,0,40,1730,0.0,0.0,0.0,0.0,7.555709958076477
tfnbs,"e=1.5,h=6.0,n=30,start_thres=1.25",hub,0.25,10,4,40,1730,0,0,40,1730,0.0,0.0,0.0,0.0,7.555709958076477
tfnbs,"e=1.5,h=7.0,n=30,start_thres=1.25",hub,0.25,10,4,40,1730,0,0,40,1730,0.0,0.0,0.0,0.0,7.555709958076477
tfnbs,"e=1.5,h=8.0,n=30,start_thres=1.25",hub,0.25,10,4,40,1730,0,0,40,1730,0.0,0.0,0.0,0.0,7.555709958076477
tfnbs,"e=1.5,h=9.0,n=30,start_thres=1.25",hub,0.25,10,4,40,1730,0,0,40,1730,0.0,0.0,0.0,0.0,7.555709958076477
tfnbs,"e=1.5,h=10.0,n=30,start_thres=1.25",hub,0.25,10,4,40,1730,0,0,40,1730,0.0,0.0,0.0,0.0,7.555709958076477
tfnbs,"e=0.05,h=0.5,n=30,start_thres=1.25",hub,0.25,10,0,40,1730,0,0,40,1730,0.0,0.0,0.0,0.0,7.577163207260045
tfnbs,"e=0.05,h=1.0,n=30,start_thres=1.25",hub,0.25,10,0,40,1730,0,0,40,1730,0.0,0.0,0.0,0.0,7.577163207260045
tfnbs,"e=0.05,h=2.0,n=30,start_thres=1.25",hub,0.25,10,0,40,1730,0,0,40,1730,0.0,0.0,0.0,0.0,7.577163207260045
tfnbs,"e=0.05,h=3.0,n=30,start_thres=1.25",hub,0.25,10,0,40,1730,0,0,40,1730,0.0,0.0,0.0,0.0,7.577163207260045
tfnbs,"e=0.05,h=4.0,n=30,start_thres=1.25",hub,0.25,10,0,40,1730,0,0,40,1730,0.0,0.0,0.0,0.0,7.577163207260045
tfnbs,"e=0.05,h=5.0,n=30,start_thres=1.25",hub,0.25,10,0,40,1730,0,0,40,1730,0.0,0.0,0.0,0.0,7.577163207260045
tfnbs,"e=0.05,h=6.0,n=30,start_thres=1.25",hub,0.25,10,0,40,1730,0,0,40,1730,0.0,0.0,0.0,0.0,7.577163207260045
tfnbs,"e=0.05,h=7.0,n=30,start_thres=1.25",hub,0.25,10,0,40,1730,0,0,40,1730,0.0,0.0,0.0,0.0,7.577163207260045
tfnbs,"e=0.05,h=8.0,n=30,start_thres=1.25",hub,0.25,10,0,40,1730,0,0,40,1730,0.0,0.0,0.0,0.0,7.577163207260045
tfnbs,"e=0.05,h=9.0,n=30,start_thres=1.25",hub,0.25,10,0,40,1730,0,0,40,1730,0.0,0.0,0.0,0.0,7.577163207260045
tfnbs,"e=0.05,h=10.0,n=30,start_thres=1.25",hub,0.25,10,0,40,1730,0,0,40,1730,0.0,0.0,0.0,0.0,7.577163207260045
tfnbs,"e=0.1,h=0.5,n=30,start_thres=1.25",hub,0.25,10,0,40,1730,0,0,40,1730,0.0,0.0,0.0,0.0,7.577163207260045
tfnbs,"e=0.1,h=1.0,n=30,start_thres=1.25",hub,0.25,10,0,40,1730,0,0,40,1730,0.0,0.0,0.0,0.0,7.577163207260045
tfnbs,"e=0.1,h=2.0,n=30,start_thres=1.25",hub,0.25,10,0,40,1730,0,0,40,1730,0.0,0.0,0.0,0.0,7.577163207260045
tfnbs,"e=0.1,h=3.0,n=30,start_thres=1.25",hub,0.25,10,0,40,1730,0,0,40,1730,0.0,0.0,0.0,0.0,7.577163207260045
tfnbs,"e=0.1,h=4.0,n=30,start_thres=1.25",hub,0.25,10,0,40,1730,0,0,40,1730,0.0,0.0,0.0,0.0,7.577163207260045
tfnbs,"e=0.1,h=5.0,n=30,start_thres=1.25",hub,0.25,10,0,40,1730,0,0,40,1730,0.0,0.0,0.0,0.0,7.577163207260045
tfnbs,"e=0.1,h=6.0,n=30,start_thres=1.25",hub,0.25,10,0,40,1730,0,0,40,1730,0.0,0.0,0.0,0.0,7.577163207260045
tfnbs,"e=0.1,h=7.0,n=30,start_thres=1.25",hub,0.25,10,0,40,1730,0,0,40,1730,0.0,0.0,0.0,0.0,7.577163207260045
tfnbs,"e=0.1,h=8.0,n=30,start_thres=1.25",hub,0.25,10,0,40,1730,0,0,40,1730,0.0,0.0,0.0,0.0,7.577163207260045
tfnbs,"e=0.1,h=9.0,n=30,start_thres=1.25",hub,0.25,10,0,40,1730,0,0,40,1730,0.0,0.0,0.0,0.0,7.577163207260045
tfnbs,"e=0.1,h=10.0,n=30,start_thres=1.25",hub,0.25,10,0,40,1730,0,0,40,1730,0.0,0.0,0.0,0.0,7.577163207260045
tfnbs,"e=0.2,h=0.5,n=30,start_thres=1.25",hub,0.25,10,0,40,1730,0,0,40,1730,0.0,0.0,0.0,0.0,7.577163207260045
tfnbs,"e=0.2,h=1.0,n=30,start_thres=1.25",hub,0.25,10,0,40,1730,0,0,40,1730,0.0,0.0,0.0,0.0,7.577163207260045
tfnbs,"e=0.2,h=2.0,n=30,start_thres=1.25",hub,0.25,10,0,40,1730,0,0,40,1730,0.0,0.0,0.0,0.0,7.577163207260045
tfnbs,"e=0.2,h=3.0,n=30,start_thres=1.25",hub,0.25,10,0,40,1730,0,0,40,1730,0.0,0.0,0.0,0.0,7.577163207260045
tfnbs,"e=0.2,h=4.0,n=30,start_thres=1.25",hub,0.25,10,0,40,1730,0,0,40,1730,0.0,0.0,0.0,0.0,7.577163207260045
tfnbs,"e=0.2,h=5.0,n=30,start_thres=1.25",hub,0.25,10,0,40,1730,0,0,40,1730,0.0,0.0,0.0,0.0,7.577163207260045
tfnbs,"e=0.2,h=6.0,n=30,start_thres=1.25",hub,0.25,10,0,40,1730,0,0,40,1730,0.0,0.0,0.0,0.0,7.577163207260045
tfnbs,"e=0.2,h=7.0,n=30,start_thres=1.25",hub,0.25,10,0,40,1730,0,0,40,1730,0.0,0.0,0.0,0.0,7.577163207260045
tfnbs,"e=0.2,h=8.0,n=30,start_thres=1.25",hub,0.25,10,0,40,1730,0,0,40,1730,0.0,0.0,0.0,0.0,7.577163207260045
tfnbs,"e=0.2,h=9.0,n=30,start_thres=1.25",hub,0.25,10,0,40,1730,0,0,40,1730,0.0,0.0,0.0,0.0,7.577163207260045
tfnbs,"e=0.2,h=10.0,n=30,start_thres=1.25",hub,0.25,10,0,40,1730,0,0,40,1730,0.0,0.0,0.0,0.0,7.577163207260045
tfnbs,"e=0.3,h=0.5,n=30,start_thres=1.25",hub,0.25,10,0,40,1730,0,0,40,1730,0.0,0.0,0.0,0.0,7.577163207260045
tfnbs,"e=0.3,h=1.0,n=30,start_thres=1.25",hub,0.25,10,0,40,1730,0,0,40,1730,0.0,0.0,0.0,0.0,7.577163207260045
tfnbs,"e=0.3,h=2.0,n=30,start_thres=1.25",hub,0.25,10,0,40,1730,0,0,40,1730,0.0,0.0,0.0,0.0,7.577163207260045
tfnbs,"e=0.3,h=3.0,n=30,start_thres=1.25",hub,0.25,10,0,40,1730,0,0,40,1730,0.0,0.0,0.0,0.0,7.577163207260045
tfnbs,"e=0.3,h=4.0,n=30,start_thres=1.25",hub,0.25,10,0,40,1730,0,0,40,1730,0.0,0.0,0.0,0.0,7.577163207260045
tfnbs,"e=0.3,h=5.0,n=30,start_thres=1.25",hub,0.25,10,0,40,1730,0,0,40,1730,0.0,0.0,0.0,0.0,7.577163207260045
tfnbs,"e=0.3,h=6.0,n=30,start_thres=1.25",hub,0.25,10,0,40,1730,0,0,40,1730,0.0,0.0,0.0,0.0,7.577163207260045
tfnbs,"e=0.3,h=7.0,n=30,start_thres=1.25",hub,0.25,10,0,40,1730,0,0,40,1730,0.0,0.0,0.0,0.0,7.577163207260045
tfnbs,"e=0.3,h=8.0,n=30,start_thres=1.25",hub,0.25,10,0,40,1730,0,0,40,1730,0.0,0.0,0.0,0.0,7.577163207260045
tfnbs,"e=0.3,h=9.0,n=30,start_thres=1.25",hub,0.25,10,0,40,1730,0,0,40,1730,0.0,0.0,0.0,0.0,7.577163207260045
tfnbs,"e=0.3,h=10.0,n=30,start_thres=1.25",hub,0.25,10,0,40,1730,0,0,40,1730,0.0,0.0,0.0,0.0,7.577163207260045
tfnbs,"e=0.4,h=0.5,n=30,start_thres=1.25",hub,0.25,10,0,40,1730,0,0,40,1730,0.0,0.0,0.0,0.0,7.577163207260045
tfnbs,"e=0.4,h=1.0,n=30,start_thres=1.25",hub,0.25,10,0,40,1730,0,0,40,1730,0.0,0.0,0.0,0.0,7.577163207260045
tfnbs,"e=0.4,h=2.0,n=30,start_thres=1.25",hub,0.25,10,0,40,1730,0,0,40,1730,0.0,0.0,0.0,0.0,7.577163207260045
tfnbs,"e=0.4,h=3.0,n=30,start_thres=1.25",hub,0.25,10,0,40,1730,0,0,40,1730,0.0,0.0,0.0,0.0,7.577163207260045
tfnbs,"e=0.4,h=4.0,n=30,start_thres=1.25",hub,0.25,10,0,40,1730,0,0,40,1730,0.0,0.0,0.0,0.0,7.577163207260045
tfnbs,"e=0.4,h=5.0,n=30,start_thres=1.25",hub,0.25,10,0,40,1730,0,0,40,1730,0.0,0.0,0.0,0.0,7.577163207260045
tfnbs,"e=0.4,h=6.0,n=30,start_thres=1.25",hub,0.25,10,0,40,1730,0,0,40,1730,0.0,0.0,0.0,0.0,7.577163207260045
tfnbs,"e=0.4,h=7.0,n=30,start_thres=1.25",hub,0.25,10,0,40,1730,0,0,40,1730,0.0,0.0,0.0,0.0,7.577163207260045
tfnbs,"e=0.4,h=8.0,n=30,start_thres=1.25",hub,0.25,10,0,40,1730,0,0,40,1730,0.0,0.0,0.0,0.0,7.577163207260045
tfnbs,"e=0.4,h=9.0,n=30,start_thres=1.25",hub,0.25,10,0,40,1730,0,0,40,1730,0.0,0.0,0.0,0.0,7.577163207260045
tfnbs,"e=0.4,h=10.0,n=30,start_thres=1.25",hub,0.25,10,0,40,1730,0,0,40,1730,0.0,0.0,0.0,0.0,7.577163207260045
tfnbs,"e=0.5,h=0.5,n=30,start_thres=1.25",hub,0.25,10,0,40,1730,0,0,40,1730,0.0,0.0,0.0,0.0,7.577163207260045
tfnbs,"e=0.5,h=1.0,n=30,start_thres=1.25",hub,0.25,10,0,40,1730,0,0,40,1730,0.0,0.0,0.0,0.0,7.577163207260045
tfnbs,"e=0.5,h=2.0,n=30,start_thres=1.25",hub,0.25,10,0,40,1730,0,0,40,1730,0.0,0.0,0.0,0.0,7.577163207260045
tfnbs,"e=0.5,h=3.0,n=30,start_thres=1.25",hub,0.25,10,0,40,1730,0,0,40,1730,0.0,0.0,0.0,0.0,7.577163207260045
tfnbs,"e=0.5,h=4.0,n=30,start_thres=1.25",hub,0.25,10,0,40,1730,0,0,40,1730,0.0,0.0,0.0,0.0,7.577163207260045
tfnbs,"e=0.5,h=5.0,n=30,start_thres=1.25",hub,0.25,10,0,40,1730,0,0,40,1730,0.0,0.0,0.0,0.0,7.577163207260045
tfnbs,"e=0.5,h=6.0,n=30,start_thres=1.25",hub,0.25,10,0,40,1730,0,0,40,1730,0.0,0.0,0.0,0.0,7.577163207260045
tfnbs,"e=0.5,h=7.0,n=30,start_thres=1.25",hub,0.25,10,0,40,1730,0,0,40,1730,0.0,0.0,0.0,0.0,7.577163207260045
tfnbs,"e=0.5,h=8.0,n=30,start_thres=1.25",hub,0.25,10,0,40,1730,0,0,40,1730,0.0,0.0,0.0,0.0,7.577163207260045
tfnbs,"e=0.5,h=9.0,n=30,start_thres=1.25",hub,0.25,10,0,40,1730,0,0,40,1730,0.0,0.0,0.0,0.0,7.577163207260045
tfnbs,"e=0.5,h=10.0,n=30,start_thres=1.25",hub,0.25,10,0,40,1730,0,0,40,1730,0.0,0.0,0.0,0.0,7.577163207260045
tfnbs,"e=0.6,h=0.5,n=30,start_thres=1.25",hub,0.25,10,0,40,1730,0,0,40,1730,0.0,0.0,0.0,0.0,7.577163207260045
tfnbs,"e=0.6,h=1.0,n=30,start_thres=1.25",hub,0.25,10,0,40,1730,0,0,40,1730,0.0,0.0,0.0,0.0,7.577163207260045
tfnbs,"e=0.6,h=2.0,n=30,start_thres=1.25",hub,0.25,10,0,40,1730,0,0,40,1730,0.0,0.0,0.0,0.0,7.577163207260045
tfnbs,"e=0.6,h=3.0,n=30,start_thres=1.25",hub,0.25,10,0,40,1730,0,0,40,1730,0.0,0.0,0.0,0.0,7.577163207260045
tfnbs,"e=0.6,h=4.0,n=30,start_thres=1.25",hub,0.25,10,0,40,1730,0,0,40,1730,0.0,0.0,0.0,0.0,7.577163207260045
tfnbs,"e=0.6,h=5.0,n=30,start_thres=1.25",hub,0.25,10,0,40,1730,0,0,40,1730,0.0,0.0,0.0,0.0,7.577163207260045
tfnbs,"e=0.6,h=6.0,n=30,start_thres=1.25",hub,0.25,10,0,40,1730,0,0,40,1730,0.0,0.0,0.0,0.0,7.577163207260045
tfnbs,"e=0.6,h=7.0,n=30,start_thres=1.25",hub,0.25,10,0,40,1730,0,0,40,1730,0.0,0.0,0.0,0.0,7.577163207260045
tfnbs,"e=0.6,h=8.0,n=30,start_thres=1.25",hub,0.25,10,0,40,1730,0,0,40,1730,0.0,0.0,0.0,0.0,7.577163207260045
tfnbs,"e=0.6,h=9.0,n=30,start_thres=1.25",hub,0.25,10,0,40,1730,0,0,40,1730,0.0,0.0,0.0,0.0,7.577163207260045
tfnbs,"e=0.6,h=10.0,n=30,start_thres=1.25",hub,0.25,10,0,40,1730,0,0,40,1730,0.0,0.0,0.0,0.0,7.577163207260045
tfnbs,"e=0.7,h=0.5,n=30,start_thres=1.25",hub,0.25,10,0,40,1730,0,0,40,1730,0.0,0.0,0.0,0.0,7.577163207260045
tfnbs,"e=0.7,h=1.0,n=30,start_thres=1.25",hub,0.25,10,0,40,1730,0,0,40,1730,0.0,0.0,0.0,0.0,7.577163207260045
tfnbs,"e=0.7,h=2.0,n=30,start_thres=1.25",hub,0.25,10,0,40,1730,0,0,40,1730,0.0,0.0,0.0,0.0,7.577163207260045
tfnbs,"e=0.7,h=3.0,n=30,start_thres=1.25",hub,0.25,10,0,40,1730,0,0,40,1730,0.0,0.0,0.0,0.0,7.577163207260045
tfnbs,"e=0.7,h=4.0,n=30,start_thres=1.25",hub,0.25,10,0,40,1730,0,0,40,1730,0.0,0.0,0.0,0.0,7.577163207260045
tfnbs,"e=0.7,h=5.0,n=30,start_thres=1.25",hub,0.25,10,0,40,1730,0,0,40,1730,0.0,0.0,0.0,0.0,7.577163207260045
tfnbs,"e=0.7,h=6.0,n=30,start_thres=1.25",hub,0.25,10,0,40,1730,0,0,40,1730,0.0,0.0,0.0,0.0,7.577163207260045
tfnbs,"e=0.7,h=7.0,n=30,start_thres=1.25",hub,0.25,10,0,40,1730,0,0,40,1730,0.0,0.0,0.0,0.0,7.577163207260045
tfnbs,"e=0.7,h=8.0,n=30,start_thres=1.25",hub,0.25,10,0,40,1730,0,0,40,1730,0.0,0.0,0.0,0.0,7.577163207260045
tfnbs,"e=0.7,h=9.0,n=30,start_thres=1.25",hub,0.25,10,0,40,1730,0,0,40,1730,0.0,0.0,0.0,0.0,7.577163207260045
tfnbs,"e=0.7,h=10.0,n=30,start_thres=1.25",hub,0.25,10,0,40,1730,0,0,40,1730,0.0,0.0,0.0,0.0,7.577163207260045
tfnbs,"e=0.8,h=0.5,n=30,start_thres=1.25",hub,0.25,10,0,40,1730,0,0,40,1730,0.0,0.0,0.0,0.0,7.577163207260045
tfnbs,"e=0.8,h=1.0,n=30,start_thres=1.25",hub,0.25,10,0,40,1730,0,0,40,1730,0.0,0.0,0.0,0.0,7.577163207260045
tfnbs,"e=0.8,h=2.0,n=30,start_thres=1.25",hub,0.25,10,0,40,1730,0,0,40,1730,0.0,0.0,0.0,0.0,7.577163207260045
tfnbs,"e=0.8,h=3.0,n=30,start_thres=1.25",hub,0.25,10,0,40,1730,0,0,40,1730,0.0,0.0,0.0,0.0,7.577163207260045
tfnbs,"e=0.8,h=4.0,n=30,start_thres=1.25",hub,0.25,10,0,40,1730,0,0,40,1730,0.0,0.0,0.0,0.0,7.577163207260045
tfnbs,"e=0.8,h=5.0,n=30,start_thres=1.25",hub,0.25,10,0,40,1730,0,0,40,1730,0.0,0.0,0.0,0.0,7.577163207260045
tfnbs,"e=0.8,h=6.0,n=30,start_thres=1.25",hub,0.25,10,0,40,1730,0,0,40,1730,0.0,0.0,0.0,0.0,7.577163207260045
tfnbs,"e=0.8,h=7.0,n=30,start_thres=1.25",hub,0.25,10,0,40,1730,0,0,40,1730,0.0,0.0,0.0,0.0,7.577163207260045
tfnbs,"e=0.8,h=8.0,n=30,start_thres=1.25",hub,0.25,10,0,40,1730,0,0,40,1730,0.0,0.0,0.0,0.0,7.577163207260045
tfnbs,"e=0.8,h=9.0,n=30,start_thres=1.25",hub,0.25,10,0,40,1730,0,0,40,1730,0.0,0.0,0.0,0.0,7.577163207260045
tfnbs,"e=0.8,h=10.0,n=30,start_thres=1.25",hub,0.25,10,0,40,1730,0,0,40,1730,0.0,0.0,0.0,0.0,7.577163207260045
tfnbs,"e=0.9,h=0.5,n=30,start_thres=1.25",hub,0.25,10,0,40,1730,0,0,40,1730,0.0,0.0,0.0,0.0,7.577163207260045
tfnbs,"e=0.9,h=1.0,n=30,start_thres=1.25",hub,0.25,10,0,40,1730,0,0,40,1730,0.0,0.0,0.0,0.0,7.577163207260045
tfnbs,"e=0.9,h=2.0,n=30,start_thres=1.25",hub,0.25,10,0,40,1730,0,0,40,1730,0.0,0.0,0.0,0.0,7.577163207260045
tfnbs,"e=0.9,h=3.0,n=30,start_thres=1.25",hub,0.25,10,0,40,1730,0,0,40,1730,0.0,0.0,0.0,0.0,7.577163207260045
tfnbs,"e=0.9,h=4.0,n=30,start_thres=1.25",hub,0.25,10,0,40,1730,0,0,40,1730,0.0,0.0,0.0,0.0,7.577163207260045
tfnbs,"e=0.9,h=5.0,n=30,start_thres=1.25",hub,0.25,10,0,40,1730,0,0,40,1730,0.0,0.0,0.0,0.0,7.577163207260045
tfnbs,"e=0.9,h=6.0,n=30,start_thres=1.25",hub,0.25,10,0,40,1730,0,0,40,1730,0.0,0.0,0.0,0.0,7.577163207260045
tfnbs,"e=0.9,h=7.0,n=30,start_thres=1.25",hub,0.25,10,0,40,1730,0,0,40,1730,0.0,0.0,0.0,0.0,7.577163207260045
tfnbs,"e=0.9,h=8.0,n=30,start_thres=1.25",hub,0.25,10,0,40,1730,0,0,40,1730,0.0,0.0,0.0,0.0,7.577163207260045
tfnbs,"e=0.9,h=9.0,n=30,start_thres=1.25",hub,0.25,10,0,40,1730,0,0,40,1730,0.0,0.0,0.0,0.0,7.577163207260045
tfnbs,"e=0.9,h=10.0,n=30,start_thres=1.25",hub,0.25,10,0,40,1730,0,0,40,1730,0.0,0.0,0.0,0.0,7.577163207260045
tfnbs,"e=1.0,h=0.5,n=30,start_thres=1.25",hub,0.25,10,0,40,1730,0,0,40,1730,0.0,0.0,0.0,0.0,7.577163207260045
tfnbs,"e=1.0,h=1.0,n=30,start_thres=1.25",hub,0.25,10,0,40,1730,0,0,40,1730,0.0,0.0,0.0,0.0,7.577163207260045
tfnbs,"e=1.0,h=2.0,n=30,start_thres=1.25",hub,0.25,10,0,40,1730,0,0,40,1730,0.0,0.0,0.0,0.0,7.577163207260045
tfnbs,"e=1.0,h=3.0,n=30,start_thres=1.25",hub,0.25,10,0,40,1730,0,0,40,1730,0.0,0.0,0.0,0.0,7.577163207260045
tfnbs,"e=1.0,h=4.0,n=30,start_thres=1.25",hub,0.25,10,0,40,1730,0,0,40,1730,0.0,0.0,0.0,0.0,7.577163207260045
tfnbs,"e=1.0,h=5.0,n=30,start_thres=1.25",hub,0.25,10,0,40,1730,0,0,40,1730,0.0,0.0,0.0,0.0,7.577163207260045
tfnbs,"e=1.0,h=6.0,n=30,start_thres=1.25",hub,0.25,10,0,40,1730,0,0,40,1730,0.0,0.0,0.0,0.0,7.577163207260045
tfnbs,"e=1.0,h=7.0,n=30,start_thres=1.25",hub,0.25,10,0,40,1730,0,0,40,1730,0.0,0.0,0.0,0.0,7.577163207260045
tfnbs,"e=1.0,h=8.0,n=30,start_thres=1.25",hub,0.25,10,0,40,1730,0,0,40,1730,0.0,0.0,0.0,0.0,7.577163207260045
tfnbs,"e=1.0,h=9.0,n=30,start_thres=1.25",hub,0.25,10,0,40,1730,0,0,40,1730,0.0,0.0,0.0,0.0,7.577163207260045
tfnbs,"e=1.0,h=10.0,n=30,start_thres=1.25",hub,0.25,10,0,40,1730,0,0,40,1730,0.0,0.0,0.0,0.0,7.577163207260045
tfnbs,"e=1.1,h=0.5,n=30,start_thres=1.25",hub,0.25,10,0,40,1730,0,0,40,1730,0.0,0.0,0.0,0.0,7.577163207260045
tfnbs,"e=1.1,h=1.0,n=30,start_thres=1.25",hub,0.25,10,0,40,1730,0,0,40,1730,0.0,0.0,0.0,0.0,7.577163207260045
tfnbs,"e=1.1,h=2.0,n=30,start_thres=1.25",hub,0.25,10,0,40,1730,0,0,40,1730,0.0,0.0,0.0,0.0,7.577163207260045
tfnbs,"e=1.1,h=3.0,n=30,start_thres=1.25",hub,0.25,10,0,40,1730,0,0,40,1730,0.0,0.0,0.0,0.0,7.577163207260045
tfnbs,"e=1.1,h=4.0,n=30,start_thres=1.25",hub,0.25,10,0,40,1730,0,0,40,1730,0.0,0.0,0.0,0.0,7.577163207260045
tfnbs,"e=1.1,h=5.0,n=30,start_thres=1.25",hub,0.25,10,0,40,1730,0,0,40,1730,0.0,0.0,0.0,0.0,7.577163207260045
tfnbs,"e=1.1,h=6.0,n=30,start_thres=1.25",hub,0.25,10,0,40,1730,0,0,40,1730,0.0,0.0,0.0,0.0,7.577163207260045
tfnbs,"e=1.1,h=7.0,n=30,start_thres=1.25",hub,0.25,10,0,40,1730,0,0,40,1730,0.0,0.0,0.0,0.0,7.577163207260045
tfnbs,"e=1.1,h=8.0,n=30,start_thres=1.25",hub,0.25,10,0,40,1730,0,0,40,1730,0.0,0.0,0.0,0.0,7.577163207260045
tfnbs,"e=1.1,h=9.0,n=30,start_thres=1.25",hub,0.25,10,0,40,1730,0,0,40,1730,0.0,0.0,0.0,0.0,7.577163207260045
tfnbs,"e=1.1,h=10.0,n=30,start_thres=1.25",hub,0.25,10,0,40,1730,0,0,40,1730,0.0,0.0,0.0,0.0,7.577163207260045
tfnbs,"e=1.2,h=0.5,n=30,start_thres=1.25",hub,0.25,10,0,40,1730,0,0,40,1730,0.0,0.0,0.0,0.0,7.577163207260045
tfnbs,"e=1.2,h=1.0,n=30,start_thres=1.25",hub,0.25,10,0,40,1730,0,0,40,1730,0.0,0.0,0.0,0.0,7.577163207260045
tfnbs,"e=1.2,h=2.0,n=30,start_thres=1.25",hub,0.25,10,0,40,1730,0,0,40,1730,0.0,0.0,0.0,0.0,7.577163207260045
tfnbs,"e=1.2,h=3.0,n=30,start_thres=1.25",hub,0.25,10,0,40,1730,0,0,40,1730,0.0,0.0,0.0,0.0,7.577163207260045
tfnbs,"e=1.2,h=4.0,n=30,start_thres=1.25",hub,0.25,10,0,40,1730,0,0,40,1730,0.0,0.0,0.0,0.0,7.577163207260045
tfnbs,"e=1.2,h=5.0,n=30,start_thres=1.25",hub,0.25,10,0,40,1730,0,0,40,1730,0.0,0.0,0.0,0.0,7.577163207260045
tfnbs,"e=1.2,h=6.0,n=30,start_thres=1.25",hub,0.25,10,0,40,1730,0,0,40,1730,0.0,0.0,0.0,0.0,7.577163207260045
tfnbs,"e=1.2,h=7.0,n=30,start_thres=1.25",hub,0.25,10,0,40,1730,0,0,40,1730,0.0,0.0,0.0,0.0,7.577163207260045
tfnbs,"e=1.2,h=8.0,n=30,start_thres=1.25",hub,0.25,10,0,40,1730,0,0,40,1730,0.0,0.0,0.0,0.0,7.577163207260045
tfnbs,"e=1.2,h=9.0,n=30,start_thres=1.25",hub,0.25,10,0,40,1730,0,0,40,1730,0.0,0.0,0.0,0.0,7.577163207260045
tfnbs,"e=1.2,h=10.0,n=30,start_thres=1.25",hub,0.25,10,0,40,1730,0,0,40,1730,0.0,0.0,0.0,0.0,7.577163207260045
tfnbs,"e=1.3,h=0.5,n=30,start_thres=1.25",hub,0.25,10,0,40,1730,0,0,40,1730,0.0,0.0,0.0,0.0,7.577163207260045
tfnbs,"e=1.3,h=1.0,n=30,start_thres=1.25",hub,0.25,10,0,40,1730,0,0,40,1730,0.0,0.0,0.0,0.0,7.577163207260045
tfnbs,"e=1.3,h=2.0,n=30,start_thres=1.25",hub,0.25,10,0,40,1730,0,0,40,1730,0.0,0.0,0.0,0.0,7.577163207260045
tfnbs,"e=1.3,h=3.0,n=30,start_thres=1.25",hub,0.25,10,0,40,1730,0,0,40,1730,0.0,0.0,0.0,0.0,7.577163207260045
tfnbs,"e=1.3,h=4.0,n=30,start_thres=1.25",hub,0.25,10,0,40,1730,0,0,40,1730,0.0,0.0,0.0,0.0,7.577163207260045
tfnbs,"e=1.3,h=5.0,n=30,start_thres=1.25",hub,0.25,10,0,40,1730,0,0,40,1730,0.0,0.0,0.0,0.0,7.577163207260045
tfnbs,"e=1.3,h=6.0,n=30,start_thres=1.25",hub,0.25,10,0,40,1730,0,0,40,1730,0.0,0.0,0.0,0.0,7.577163207260045
tfnbs,"e=1.3,h=7.0,n=30,start_thres=1.25",hub,0.25,10,0,40,1730,0,0,40,1730,0.0,0.0,0.0,0.0,7.577163207260045
tfnbs,"e=1.3,h=8.0,n=30,start_thres=1.25",hub,0.25,10,0,40,1730,0,0,40,1730,0.0,0.0,0.0,0.0,7.577163207260045
tfnbs,"e=1.3,h=9.0,n=30,start_thres=1.25",hub,0.25,10,0,40,1730,0,0,40,1730,0.0,0.0,0.0,0.0,7.577163207260045
tfnbs,"e=1.3,h=10.0,n=30,start_thres=1.25",hub,0.25,10,0,40,1730,0,0,40,1730,0.0,0.0,0.0,0.0,7.577163207260045
tfnbs,"e=1.4,h=0.5,n=30,start_thres=1.25",hub,0.25,10,0,40,1730,0,0,40,1730,0.0,0.0,0.0,0.0,7.577163207260045
tfnbs,"e=1.4,h=1.0,n=30,start_thres=1.25",hub,0.25,10,0,40,1730,0,0,40,1730,0.0,0.0,0.0,0.0,7.577163207260045
tfnbs,"e=1.4,h=2.0,n=30,start_thres=1.25",hub,0.25,10,0,40,1730,0,0,40,1730,0.0,0.0,0.0,0.0,7.577163207260045
tfnbs,"e=1.4,h=3.0,n=30,start_thres=1.25",hub,0.25,10,0,40,1730,0,0,40,1730,0.0,0.0,0.0,0.0,7.577163207260045
tfnbs,"e=1.4,h=4.0,n=30,start_thres=1.25",hub,0.25,10,0,40,1730,0,0,40,1730,0.0,0.0,0.0,0.0,7.577163207260045
tfnbs,"e=1.4,h=5.0,n=30,start_thres=1.25",hub,0.25,10,0,40,1730,0,0,40,1730,0.0,0.0,0.0,0.0,7.577163207260045
tfnbs,"e=1.4,h=6.0,n=30,start_thres=1.25",hub,0.25,10,0,40,1730,0,0,40,1730,0.0,0.0,0.0,0.0,7.577163207260045
tfnbs,"e=1.4,h=7.0,n=30,start_thres=1.25",hub,0.25,10,0,40,1730,0,0,40,1730,0.0,0.0,0.0,0.0,7.577163207260045
tfnbs,"e=1.4,h=8.0,n=30,start_thres=1.25",hub,0.25,10,0,40,1730,0,0,40,1730,0.0,0.0,0.0,0.0,7.577163207260045
tfnbs,"e=1.4,h=9.0,n=30,start_thres=1.25",hub,0.25,10,0,40,1730,0,0,40,1730,0.0,0.0,0.0,0.0,7.577163207260045
tfnbs,"e=1.4,h=10.0,n=30,start_thres=1.25",hub,0.25,10,0,40,1730,0,0,40,1730,0.0,0.0,0.0,0.0,7.577163207260045
tfnbs,"e=1.5,h=0.5,n=30,start_thres=1.25",hub,0.25,10,0,40,1730,0,0,40,1730,0.0,0.0,0.0,0.0,7.577163207260045
tfnbs,"e=1.5,h=1.0,n=30,start_thres=1.25",hub,0.25,10,0,40,1730,0,0,40,1730,0.0,0.0,0.0,0.0,7.577163207260045
tfnbs,"e=1.5,h=2.0,n=30,start_thres=1.25",hub,0.25,10,0,40,1730,0,0,40,1730,0.0,0.0,0.0,0.0,7.577163207260045
tfnbs,"e=1.5,h=3.0,n=30,start_thres=1.25",hub,0.25,10,0,40,1730,0,0,40,1730,0.0,0.0,0.0,0.0,7.577163207260045
tfnbs,"e=1.5,h=4.0,n=30,start_thres=1.25",hub,0.25,10,0,40,1730,0,0,40,1730,0.0,0.0,0.0,0.0,7.577163207260045
tfnbs,"e=1.5,h=5.0,n=30,start_thres=1.25",hub,0.25,10,0,40,1730,0,0,40,1730,0.0,0.0,0.0,0.0,7.577163207260045
tfnbs,"e=1.5,h=6.0,n=30,start_thres=1.25",hub,0.25,10,0,40,1730,0,0,40,1730,0.0,0.0,0.0,0.0,7.577163207260045
tfnbs,"e=1.5,h=7.0,n=30,start_thres=1.25",hub,0.25,10,0,40,1730,0,0,40,1730,0.0,0.0,0.0,0.0,7.577163207260045
tfnbs,"e=1.5,h=8.0,n=30,start_thres=1.25",hub,0.25,10,0,40,1730,0,0,40,1730,0.0,0.0,0.0,0.0,7.577163207260045
tfnbs,"e=1.5,h=9.0,n=30,start_thres=1.25",hub,0.25,10,0,40,1730,0,0,40,1730,0.0,0.0,0.0,0.0,7.577163207260045
tfnbs,"e=1.5,h=10.0,n=30,start_thres=1.25",hub,0.25,10,0,40,1730,0,0,40,1730,0.0,0.0,0.0,0.0,7.577163207260045
tfnbs,"e=0.05,h=0.5,n=30,start_thres=1.25",hub,0.25,10,5,40,1730,0,0,40,1730,0.0,0.0,0.0,0.0,7.576248033480211
tfnbs,"e=0.05,h=1.0,n=30,start_thres=1.25",hub,0.25,10,5,40,1730,0,0,40,1730,0.0,0.0,0.0,0.0,7.576248033480211
tfnbs,"e=0.05,h=2.0,n=30,start_thres=1.25",hub,0.25,10,5,40,1730,0,0,40,1730,0.0,0.0,0.0,0.0,7.576248033480211
tfnbs,"e=0.05,h=3.0,n=30,start_thres=1.25",hub,0.25,10,5,40,1730,0,0,40,1730,0.0,0.0,0.0,0.0,7.576248033480211
tfnbs,"e=0.05,h=4.0,n=30,start_thres=1.25",hub,0.25,10,5,40,1730,0,0,40,1730,0.0,0.0,0.0,0.0,7.576248033480211
tfnbs,"e=0.05,h=5.0,n=30,start_thres=1.25",hub,0.25,10,5,40,1730,0,0,40,1730,0.0,0.0,0.0,0.0,7.576248033480211
tfnbs,"e=0.05,h=6.0,n=30,start_thres=1.25",hub,0.25,10,5,40,1730,0,0,40,1730,0.0,0.0,0.0,0.0,7.576248033480211
tfnbs,"e=0.05,h=7.0,n=30,start_thres=1.25",hub,0.25,10,5,40,1730,0,0,40,1730,0.0,0.0,0.0,0.0,7.576248033480211
tfnbs,"e=0.05,h=8.0,n=30,start_thres=1.25",hub,0.25,10,5,40,1730,0,0,40,1730,0.0,0.0,0.0,0.0,7.576248033480211
tfnbs,"e=0.05,h=9.0,n=30,start_thres=1.25",hub,0.25,10,5,40,1730,0,0,40,1730,0.0,0.0,0.0,0.0,7.576248033480211
tfnbs,"e=0.05,h=10.0,n=30,start_thres=1.25",hub,0.25,10,5,40,1730,0,0,40,1730,0.0,0.0,0.0,0.0,7.576248033480211
tfnbs,"e=0.1,h=0.5,n=30,start_thres=1.25",hub,0.25,10,5,40,1730,1,0,39,1730,0.025,0.0,1.0,0.0,7.576248033480211
tfnbs,"e=0.1,h=1.0,n=30,start_thres=1.25",hub,0.25,10,5,40,1730,0,0,40,1730,0.0,0.0,0.0,0.0,7.576248033480211
tfnbs,"e=0.1,h=2.0,n=30,start_thres=1.25",hub,0.25,10,5,40,1730,0,0,40,1730,0.0,0.0,0.0,0.0,7.576248033480211
tfnbs,"e=0.1,h=3.0,n=30,start_thres=1.25",hub,0.25,10,5,40,1730,0,0,40,1730,0.0,0.0,0.0,0.0,7.576248033480211
tfnbs,"e=0.1,h=4.0,n=30,start_thres=1.25",hub,0.25,10,5,40,1730,0,0,40,1730,0.0,0.0,0.0,0.0,7.576248033480211
tfnbs,"e=0.1,h=5.0,n=30,start_thres=1.25",hub,0.25,10,5,40,1730,0,0,40,1730,0.0,0.0,0.0,0.0,7.576248033480211
tfnbs,"e=0.1,h=6.0,n=30,start_thres=1.25",hub,0.25,10,5,40,1730,0,0,40,1730,0.0,0.0,0.0,0.0,7.576248033480211
tfnbs,"e=0.1,h=7.0,n=30,start_thres=1.25",hub,0.25,10,5,40,1730,0,0,40,1730,0.0,0.0,0.0,0.0,7.576248033480211
tfnbs,"e=0.1,h=8.0,n=30,start_thres=1.25",hub,0.25,10,5,40,1730,0,0,40,1730,0.0,0.0,0.0,0.0,7.576248033480211
tfnbs,"e=0.1,h=9.0,n=30,start_thres=1.25",hub,0.25,10,5,40,1730,0,0,40,1730,0.0,0.0,0.0,0.0,7.576248033480211
tfnbs,"e=0.1,h=10.0,n=30,start_thres=1.25",hub,0.25,10,5,40,1730,0,0,40,1730,0.0,0.0,0.0,0.0,7.576248033480211
tfnbs,"e=0.2,h=0.5,n=30,start_thres=1.25",hub,0.25,10,5,40,1730,1,0,39,1730,0.025,0.0,1.0,0.0,7.576248033480211
tfnbs,"e=0.2,h=1.0,n=30,start_thres=1.25",hub,0.25,10,5,40,1730,1,0,39,1730,0.025,0.0,1.0,0.0,7.576248033480211
tfnbs,"e=0.2,h=2.0,n=30,start_thres=1.25",hub,0.25,10,5,40,1730,1,0,39,1730,0.025,0.0,1.0,0.0,7.576248033480211
tfnbs,"e=0.2,h=3.0,n=30,start_thres=1.25",hub,0.25,10,5,40,1730,0,0,40,1730,0.0,0.0,0.0,0.0,7.576248033480211
tfnbs,"e=0.2,h=4.0,n=30,start_thres=1.25",hub,0.25,10,5,40,1730,0,0,40,1730,0.0,0.0,0.0,0.0,7.576248033480211
tfnbs,"e=0.2,h=5.0,n=30,start_thres=1.25",hub,0.25,10,5,40,1730,0,0,40,1730,0.0,0.0,0.0,0.0,7.576248033480211
tfnbs,"e=0.2,h=6.0,n=30,start_thres=1.25",hub,0.25,10,5,40,1730,0,0,40,1730,0.0,0.0,0.0,0.0,7.576248033480211
tfnbs,"e=0.2,h=7.0,n=30,start_thres=1.25",hub,0.25,10,5,40,1730,0,0,40,1730,0.0,0.0,0.0,0.0,7.576248033480211
tfnbs,"e=0.2,h=8.0,n=30,start_thres=1.25",hub,0.25,10,5,40,1730,0,0,40,1730,0.0,0.0,0.0,0.0,7.576248033480211
tfnbs,"e=0.2,h=9.0,n=30,start_thres=1.25",hub,0.25,10,5,40,1730,0,0,40,1730,0.0,0.0,0.0,0.0,7.576248033480211
tfnbs,"e=0.2,h=10.0,n=30,start_thres=1.25",hub,0.25,10,5,40,1730,0,0,40,1730,0.0,0.0,0.0,0.0,7.576248033480211
tfnbs,"e=0.3,h=0.5,n=30,start_thres=1.25",hub,0.25,10,5,40,1730,1,0,39,1730,0.025,0.0,1.0,0.0,7.576248033480211
tfnbs,"e=0.3,h=1.0,n=30,start_thres=1.25",hub,0.25,10,5,40,1730,1,0,39,1730,0.025,0.0,1.0,0.0,7.576248033480211
tfnbs,"e=0.3,h=2.0,n=30,start_thres=1.25",hub,0.25,10,5,40,1730,1,0,39,1730,0.025,0.0,1.0,0.0,7.576248033480211
tfnbs,"e=0.3,h=3.0,n=30,start_thres=1.25",hub,0.25,10,5,40,1730,1,0,39,1730,0.025,0.0,1.0,0.0,7.576248033480211
tfnbs,"e=0.3,h=4.0,n=30,start_thres=1.25",hub,0.25,10,5,40,1730,0,0,40,1730,0.0,0.0,0.0,0.0,7.576248033480211
tfnbs,"e=0.3,h=5.0,n=30,start_thres=1.25",hub,0.25,10,5,40,1730,0,0,40,1730,0.0,0.0,0.0,0.0,7.576248033480211
tfnbs,"e=0.3,h=6.0,n=30,start_thres=1.25",hub,0.25,10,5,40,1730,0,0,40,1730,0.0,0.0,0.0,0.0,7.576248033480211
tfnbs,"e=0.3,h=7.0,n=30,start_thres=1.25",hub,0.25,10,5,40,1730,0,0,40,1730,0.0,0.0,0.0,0.0,7.576248033480211
tfnbs,"e=0.3,h=8.0,n=30,start_thres=1.25",hub,0.25,10,5,40,1730,0,0,40,1730,0.0,0.0,0.0,0.0,7.576248033480211
tfnbs,"e=0.3,h=9.0,n=30,start_thres=1.25",hub,0.25,10,5,40,1730,0,0,40,1730,0.0,0.0,0.0,0.0,7.576248033480211
tfnbs,"e=0.3,h=10.0,n=30,start_thres=1.25",hub,0.25,10,5,40,1730,0,0,40,1730,0.0,0.0,0.0,0.0,7.576248033480211
tfnbs,"e=0.4,h=0.5,n=30,start_thres=1.25",hub,0.25,10,5,40,1730,2,0,38,1730,0.05,0.0,1.0,0.0,7.576248033480211
tfnbs,"e=0.4,h=1.0,n=30,start_thres=1.25",hub,0.25,10,5,40,1730,2,0,38,1730,0.05,0.0,1.0,0.0,7.576248033480211
tfnbs,"e=0.4,h=2.0,n=30,start_thres=1.25",hub,0.25,10,5,40,1730,1,0,39,1730,0.025,0.0,1.0,0.0,7.576248033480211
tfnbs,"e=0.4,h=3.0,n=30,start_thres=1.25",hub,0.25,10,5,40,1730,1,0,39,1730,0.025,0.0,1.0,0.0,7.576248033480211
tfnbs,"e=0.4,h=4.0,n=30,start_thres=1.25",hub,0.25,10,5,40,1730,1,0,39,1730,0.025,0.0,1.0,0.0,7.576248033480211
tfnbs,"e=0.4,h=5.0,n=30,start_thres=1.25",hub,0.25,10,5,40,1730,1,0,39,1730,0.025,0.0,1.0,0.0,7.576248033480211
tfnbs,"e=0.4,h=6.0,n=30,start_thres=1.25",hub,0.25,10,5,40,1730,0,0,40,1730,0.0,0.0,0.0,0.0,7.576248033480211
tfnbs,"e=0.4,h=7.0,n=30,start_thres=1.25",hub,0.25,10,5,40,1730,0,0,40,1730,0.0,0.0,0.0,0.0,7.576248033480211
tfnbs,"e=0.4,h=8.0,n=30,start_thres=1.25",hub,0.25,10,5,40,1730,0,0,40,1730,0.0,0.0,0.0,0.0,7.576248033480211
tfnbs,"e=0.4,h=9.0,n=30,start_thres=1.25",hub,0.25,10,5,40,1730,0,0,40,1730,0.0,0.0,0.0,0.0,7.576248033480211
tfnbs,"e=0.4,h=10.0,n=30,start_thres=1.25",hub,0.25,10,5,40,1730,0,0,40,1730,0.0,0.0,0.0,0.0,7.576248033480211
tfnbs,"e=0.5,h=0.5,n=30,start_thres=1.25",hub,0.25,10,5,40,1730,2,0,38,1730,0.05,0.0,1.0,0.0,7.576248033480211
tfnbs,"e=0.5,h=1.0,n=30,start_thres=1.25",hub,0.25,10,5,40,1730,2,0,38,1730,0.05,0.0,1.0,0.0,7.576248033480211
tfnbs,"e=0.5,h=2.0,n=30,start_thres=1.25",hub,0.25,10,5,40,1730,2,0,38,1730,0.05,0.0,1.0,0.0,7.576248033480211
tfnbs,"e=0.5,h=3.0,n=30,start_thres=1.25",hub,0.25,10,5,40,1730,2,0,38,1730,0.05,0.0,1.0,0.0,7.576248033480211
tfnbs,"e=0.5,h=4.0,n=30,start_thres=1.25",hub,0.25,10,5,40,1730,1,0,39,1730,0.025,0.0,1.0,0.0,7.576248033480211
tfnbs,"e=0.5,h=5.0,n=30,start_thres=1.25",hub,0.25,10,5,40,1730,1,0,39,1730,0.025,0.0,1.0,0.0,7.576248033480211
tfnbs,"e=0.5,h=6.0,n=30,start_thres=1.25",hub,0.25,10,5,40,1730,1,0,39,1730,0.025,0.0,1.0,0.0,7.576248033480211
tfnbs,"e=0.5,h=7.0,n=30,start_thres=1.25",hub,0.25,10,5,40,1730,0,0,40,1730,0.0,0.0,0.0,0.0,7.576248033480211
tfnbs,"e=0.5,h=8.0,n=30,start_thres=1.25",hub,0.25,10,5,40,1730,0,0,40,1730,0.0,0.0,0.0,0.0,7.576248033480211
tfnbs,"e=0.5,h=9.0,n=30,start_thres=1.25",hub,0.25,10,5,40,1730,0,0,40,1730,0.0,0.0,0.0,0.0,7.576248033480211
tfnbs,"e=0.5,h=10.0,n=30,start_thres=1.25",hub,0.25,10,5,40,1730,0,0,40,1730,0.0,0.0,0.0,0.0,7.576248033480211
tfnbs,"e=0.6,h=0.5,n=30,start_thres=1.25",hub,0.25,10,5,40,1730,1,0,39,1730,0.025,0.0,1.0,0.0,7.576248033480211
tfnbs,"e=0.6,h=1.0,n=30,start_thres=1.25",hub,0.25,10,5,40,1730,2,0,38,1730,0.05,0.0,1.0,0.0,7.576248033480211
tfnbs,"e=0.6,h=2.0,n=30,start_thres=1.25",hub,0.25,10,5,40,1730,2,0,38,1730,0.05,0.0,1.0,0.0,7.576248033480211
tfnbs,"e=0.6,h=3.0,n=30,start_thres=1.25",hub,0.25,10,5,40,1730,2,0,38,1730,0.05,0.0,1.0,0.0,7.576248033480211
tfnbs,"e=0.6,h=4.0,n=30,start_thres=1.25",hub,0.25,10,5,40,1730,2,0,38,1730,0.05,0.0,1.0,0.0,7.576248033480211
tfnbs,"e=0.6,h=5.0,n=30,start_thres=1.25",hub,0.25,10,5,40,1730,1,0,39,1730,0.025,0.0,1.0,0.0,7.576248033480211
tfnbs,"e=0.6,h=6.0,n=30,start_thres=1.25",hub,0.25,10,5,40,1730,1,0,39,1730,0.025,0.0,1.0,0.0,7.576248033480211
tfnbs,"e=0.6,h=7.0,n=30,start_thres=1.25",hub,0.25,10,5,40,1730,1,0,39,1730,0.025,0.0,1.0,0.0,7.576248033480211
tfnbs,"e=0.6,h=8.0,n=30,start_thres=1.25",hub,0.25,10,5,40,1730,0,0,40,1730,0.0,0.0,0.0,0.0,7.576248033480211
tfnbs,"e=0.6,h=9.0,n=30,start_thres=1.25",hub,0.25,10,5,40,1730,0,0,40,1730,0.0,0.0,0.0,0.0,7.576248033480211
tfnbs,"e=0.6,h=10.0,n=30,start_thres=1.25",hub,0.25,10,5,40,1730,0,0,40,1730,0.0,0.0,0.0,0.0,7.576248033480211
tfnbs,"e=0.7,h=0.5,n=30,start_thres=1.25",hub,0.25,10,5,40,1730,0,0,40,1730,0.0,0.0,0.0,0.0,7.576248033480211
tfnbs,"e=0.7,h=1.0,n=30,start_thres=1.25",hub,0.25,10,5,40,1730,1,0,39,1730,0.025,0.0,1.0,0.0,7.576248033480211
tfnbs,"e=0.7,h=2.0,n=30,start_thres=1.25",hub,0.25,10,5,40,1730,2,0,38,1730,0.05,0.0,1.0,0.0,7.576248033480211
tfnbs,"e=0.7,h=3.0,n=30,start_thres=1.25",hub,0.25,10,5,40,1730,2,0,38,1730,0.05,0.0,1.0,0.0,7.576248033480211
tfnbs,"e=0.7,h=4.0,n=30,start_thres=1.25",hub,0.25,10,5,40,1730,2,0,38,1730,0.05,0.0,1.0,0.0,7.576248033480211
tfnbs,"e=0.7,h=5.0,n=30,start_thres=1.25",hub,0.25,10,5,40,1730,2,0,38,1730,0.05,0.0,1.0,0.0,7.576248033480211
tfnbs,"e=0.7,h=6.0,n=30,start_thres=1.25",hub,0.25,10,5,40,1730,1,0,39,1730,0.025,0.0,1.0,0.0,7.576248033480211
tfnbs,"e=0.7,h=7.0,n=30,start_thres=1.25",hub,0.25,10,5,40,1730,1,0,39,1730,0.025,0.0,1.0,0.0,7.576248033480211
tfnbs,"e=0.7,h=8.0,n=30,start_thres=1.25",hub,0.25,10,5,40,1730,0,0,40,1730,0.0,0.0,0.0,0.0,7.576248033480211
tfnbs,"e=0.7,h=9.0,n=30,start_thres=1.25",hub,0.25,10,5,40,1730,0,0,40,1730,0.0,0.0,0.0,0.0,7.576248033480211
tfnbs,"e=0.7,h=10.0,n=30,start_thres=1.25",hub,0.25,10,5,40,1730,0,0,40,1730,0.0,0.0,0.0,0.0,7.576248033480211
tfnbs,"e=0.8,h=0.5,n=30,start_thres=1.25",hub,0.25,10,5,40,1730,0,0,40,1730,0.0,0.0,0.0,0.0,7.576248033480211
tfnbs,"e=0.8,h=1.0,n=30,start_thres=1.25",hub,0.25,10,5,40,1730,0,0,40,1730,0.0,0.0,0.0,0.0,7.576248033480211
tfnbs,"e=0.8,h=2.0,n=30,start_thres=1.25",hub,0.25,10,5,40,1730,2,0,38,1730,0.05,0.0,1.0,0.0,7.576248033480211
tfnbs,"e=0.8,h=3.0,n=30,start_thres=1.25",hub,0.25,10,5,40,1730,2,0,38,1730,0.05,0.0,1.0,0.0,7.576248033480211
tfnbs,"e=0.8,h=4.0,n=30,start_thres=1.25",hub,0.25,10,5,40,1730,2,0,38,1730,0.05,0.0,1.0,0.0,7.576248033480211
tfnbs,"e=0.8,h=5.0,n=30,start_thres=1.25",hub,0.25,10,5,40,1730,2,0,38,1730,0.05,0.0,1.0,0.0,7.576248033480211
tfnbs,"e=0.8,h=6.0,n=30,start_thres=1.25",hub,0.25,10,5,40,1730,2,0,38,1730,0.05,0.0,1.0,0.0,7.576248033480211
tfnbs,"e=0.8,h=7.0,n=30,start_thres=1.25",hub,0.25,10,5,40,1730,1,0,39,1730,0.025,0.0,1.0,0.0,7.576248033480211
tfnbs,"e=0.8,h=8.0,n=30,start_thres=1.25",hub,0.25,10,5,40,1730,1,0,39,1730,0.025,0.0,1.0,0.0,7.576248033480211
tfnbs,"e=0.8,h=9.0,n=30,start_thres=1.25",hub,0.25,10,5,40,1730,0,0,40,1730,0.0,0.0,0.0,0.0,7.576248033480211
tfnbs,"e=0.8,h=10.0,n=30,start_thres=1.25",hub,0.25,10,5,40,1730,0,0,40,1730,0.0,0.0,0.0,0.0,7.576248033480211
tfnbs,"e=0.9,h=0.5,n=30,start_thres=1.25",hub,0.25,10,5,40,1730,0,0,40,1730,0.0,0.0,0.0,0.0,7.576248033480211
tfnbs,"e=0.9,h=1.0,n=30,start_thres=1.25",hub,0.25,10,5,40,1730,0,0,40,1730,0.0,0.0,0.0,0.0,7.576248033480211
tfnbs,"e=0.9,h=2.0,n=30,start_thres=1.25",hub,0.25,10,5,40,1730,1,0,39,1730,0.025,0.0,1.0,0.0,7.576248033480211
tfnbs,"e=0.9,h=3.0,n=30,start_thres=1.25",hub,0.25,10,5,40,1730,2,0,38,1730,0.05,0.0,1.0,0.0,7.576248033480211
tfnbs,"e=0.9,h=4.0,n=30,start_thres=1.25",hub,0.25,10,5,40,1730,2,0,38,1730,0.05,0.0,1.0,0.0,7.576248033480211
tfnbs,"e=0.9,h=5.0,n=30,start_thres=1.25",hub,0.25,10,5,40,1730,2,0,38,1730,0.05,0.0,1.0,0.0,7.576248033480211
tfnbs,"e=0.9,h=6.0,n=30,start_thres=1.25",hub,0.25,10,5,40,1730,2,0,38,1730,0.05,0.0,1.0,0.0,7.576248033480211
tfnbs,"e=0.9,h=7.0,n=30,start_thres=1.25",hub,0.25,10,5,40,1730,2,0,38,1730,0.05,0.0,1.0,0.0,7.576248033480211
tfnbs,"e=0.9,h=8.0,n=30,start_thres=1.25",hub,0.25,10,5,40,1730,1,0,39,1730,0.025,0.0,1.0,0.0,7.576248033480211
tfnbs,"e=0.9,h=9.0,n=30,start_thres=1.25",hub,0.25,10,5,40,1730,1,0,39,1730,0.025,0.0,1.0,0.0,7.576248033480211
tfnbs,"e=0.9,h=10.0,n=30,start_thres=1.25",hub,0.25,10,5,40,1730,0,0,40,1730,0.0,0.0,0.0,0.0,7.576248033480211
tfnbs,"e=1.0,h=0.5,n=30,start_thres=1.25",hub,0.25,10,5,40,1730,0,0,40,1730,0.0,0.0,0.0,0.0,7.576248033480211
tfnbs,"e=1.0,h=1.0,n=30,start_thres=1.25",hub,0.25,10,5,40,1730,0,0,40,1730,0.0,0.0,0.0,0.0,7.576248033480211
tfnbs,"e=1.0,h=2.0,n=30,start_thres=1.25",hub,0.25,10,5,40,1730,0,0,40,1730,0.0,0.0,0.0,0.0,7.576248033480211
tfnbs,"e=1.0,h=3.0,n=30,start_thres=1.25",hub,0.25,10,5,40,1730,2,0,38,1730,0.05,0.0,1.0,0.0,7.576248033480211
tfnbs,"e=1.0,h=4.0,n=30,start_thres=1.25",hub,0.25,10,5,40,1730,2,0,38,1730,0.05,0.0,1.0,0.0,7.576248033480211
tfnbs,"e=1.0,h=5.0,n=30,start_thres=1.25",hub,0.25,10,5,40,1730,2,0,38,1730,0.05,0.0,1.0,0.0,7.576248033480211
tfnbs,"e=1.0,h=6.0,n=30,start_thres=1.25",hub,0.25,10,5,40,1730,2,0,38,1730,0.05,0.0,1.0,0.0,7.576248033480211
tfnbs,"e=1.0,h=7.0,n=30,start_thres=1.25",hub,0.25,10,5,40,1730,2,0,38,1730,0.05,0.0,1.0,0.0,7.576248033480211
tfnbs,"e=1.0,h=8.0,n=30,start_thres=1.25",hub,0.25,10,5,40,1730,1,0,39,1730,0.025,0.0,1.0,0.0,7.576248033480211
tfnbs,"e=1.0,h=9.0,n=30,start_thres=1.25",hub,0.25,10,5,40,1730,1,0,39,1730,0.025,0.0,1.0,0.0,7.576248033480211
tfnbs,"e=1.0,h=10.0,n=30,start_thres=1.25",hub,0.25,10,5,40,1730,1,0,39,1730,0.025,0.0,1.0,0.0,7.576248033480211
tfnbs,"e=1.1,h=0.5,n=30,start_thres=1.25",hub,0.25,10,5,40,1730,0,0,40,1730,0.0,0.0,0.0,0.0,7.576248033480211
tfnbs,"e=1.1,h=1.0,n=30,start_thres=1.25",hub,0.25,10,5,40,1730,0,0,40,1730,0.0,0.0,0.0,0.0,7.576248033480211
tfnbs,"e=1.1,h=2.0,n=30,start_thres=1.25",hub,0.25,10,5,40,1730,0,0,40,1730,0.0,0.0,0.0,0.0,7.576248033480211
tfnbs,"e=1.1,h=3.0,n=30,start_thres=1.25",hub,0.25,10,5,40,1730,0,0,40,1730,0.0,0.0,0.0,0.0,7.576248033480211
tfnbs,"e=1.1,h=4.0,n=30,start_thres=1.25",hub,0.25,10,5,40,1730,2,0,38,1730,0.05,0.0,1.0,0.0,7.576248033480211
tfnbs,"e=1.1,h=5.0,n=30,start_thres=1.25",hub,0.25,10,5,40,1730,3,2,37,1728,0.075,0.0011560693641618,0.6,0.4,7.576248033480211
tfnbs,"e=1.1,h=6.0,n=30,start_thres=1.25",hub,0.25,10,5,40,1730,3,2,37,1728,0.075,0.0011560693641618,0.6,0.4,7.576248033480211
tfnbs,"e=1.1,h=7.0,n=30,start_thres=1.25",hub,0.25,10,5,40,1730,2,0,38,1730,0.05,0.0,1.0,0.0,7.576248033480211
tfnbs,"e=1.1,h=8.0,n=30,start_thres=1.25",hub,0.25,10,5,40,1730,2,0,38,1730,0.05,0.0,1.0,0.0,7.576248033480211
tfnbs,"e=1.1,h=9.0,n=30,start_thres=1.25",hub,0.25,10,5,40,1730,1,0,39,1730,0.025,0.0,1.0,0.0,7.576248033480211
tfnbs,"e=1.1,h=10.0,n=30,start_thres=1.25",hub,0.25,10,5,40,1730,1,0,39,1730,0.025,0.0,1.0,0.0,7.576248033480211
tfnbs,"e=1.2,h=0.5,n=30,start_thres=1.25",hub,0.25,10,5,40,1730,0,0,40,1730,0.0,0.0,0.0,0.0,7.576248033480211
tfnbs,"e=1.2,h=1.0,n=30,start_thres=1.25",hub,0.25,10,5,40,1730,0,0,40,1730,0.0,0.0,0.0,0.0,7.576248033480211
tfnbs,"e=1.2,h=2.0,n=30,start_thres=1.25",hub,0.25,10,5,40,1730,0,0,40,1730,0.0,0.0,0.0,0.0,7.576248033480211
tfnbs,"e=1.2,h=3.0,n=30,start_thres=1.25",hub,0.25,10,5,40,1730,0,0,40,1730,0.0,0.0,0.0,0.0,7.576248033480211
tfnbs,"e=1.2,h=4.0,n=30,start_thres=1.25",hub,0.25,10,5,40,1730,2,0,38,1730,0.05,0.0,1.0,0.0,7.576248033480211
tfnbs,"e=1.2,h=5.0,n=30,start_thres=1.25",hub,0.25,10,5,40,1730,3,0,37,1730,0.075,0.0,1.0,0.0,7.576248033480211
tfnbs,"e=1.2,h=6.0,n=30,start_thres=1.25",hub,0.25,10,5,40,1730,3,0,37,1730,0.075,0.0,1.0,0.0,7.576248033480211
tfnbs,"e=1.2,h=7.0,n=30,start_thres=1.25",hub,0.25,10,5,40,1730,3,2,37,1728,0.075,0.0011560693641618,0.6,0.4,7.576248033480211
tfnbs,"e=1.2,h=8.0,n=30,start_thres=1.25",hub,0.25,10,5,40,1730,2,0,38,1730,0.05,0.0,1.0,0.0,7.576248033480211
tfnbs,"e=1.2,h=9.0,n=30,start_thres=1.25",hub,0.25,10,5,40,1730,2,0,38,1730,0.05,0.0,1.0,0.0,7.576248033480211
tfnbs,"e=1.2,h=10.0,n=30,start_thres=1.25",hub,0.25,10,5,40,1730,1,0,39,1730,0.025,0.0,1.0,0.0,7.576248033480211
tfnbs,"e=1.3,h=0.5,n=30,start_thres=1.25",hub,0.25,10,5,40,1730,0,0,40,1730,0.0,0.0,0.0,0.0,7.576248033480211
tfnbs,"e=1.3,h=1.0,n=30,start_thres=1.25",hub,0.25,10,5,40,1730,0,0,40,1730,0.0,0.0,0.0,0.0,7.576248033480211
tfnbs,"e=1.3,h=2.0,n=30,start_thres=1.25",hub,0.25,10,5,40,1730,0,0,40,1730,0.0,0.0,0.0,0.0,7.576248033480211
tfnbs,"e=1.3,h=3.0,n=30,start_thres=1.25",hub,0.25,10,5,40,1730,0,0,40,1730,0.0,0.0,0.0,0.0,7.576248033480211
tfnbs,"e=1.3,h=4.0,n=30,start_thres=1.25",hub,0.25,10,5,40,1730,0,0,40,1730,0.0,0.0,0.0,0.0,7.576248033480211
tfnbs,"e=1.3,h=5.0,n=30,start_thres=1.25",hub,0.25,10,5,40,1730,2,0,38,1730,0.05,0.0,1.0,0.0,7.576248033480211
tfnbs,"e=1.3,h=6.0,n=30,start_thres=1.25",hub,0.25,10,5,40,1730,3,2,37,1728,0.075,0.0011560693641618,0.6,0.4,7.576248033480211
tfnbs,"e=1.3,h=7.0,n=30,start_thres=1.25",hub,0.25,10,5,40,1730,3,2,37,1728,0.075,0.0011560693641618,0.6,0.4,7.576248033480211
tfnbs,"e=1.3,h=8.0,n=30,start_thres=1.25",hub,0.25,10,5,40,1730,3,2,37,1728,0.075,0.0011560693641618,0.6,0.4,7.576248033480211
tfnbs,"e=1.3,h=9.0,n=30,start_thres=1.25",hub,0.25,10,5,40,1730,2,0,38,1730,0.05,0.0,1.0,0.0,7.576248033480211
tfnbs,"e=1.3,h=10.0,n=30,start_thres=1.25",hub,0.25,10,5,40,1730,1,0,39,1730,0.025,0.0,1.0,0.0,7.576248033480211
tfnbs,"e=1.4,h=0.5,n=30,start_thres=1.25",hub,0.25,10,5,40,1730,0,0,40,1730,0.0,0.0,0.0,0.0,7.576248033480211
tfnbs,"e=1.4,h=1.0,n=30,start_thres=1.25",hub,0.25,10,5,40,1730,0,0,40,1730,0.0,0.0,0.0,0.0,7.576248033480211
tfnbs,"e=1.4,h=2.0,n=30,start_thres=1.25",hub,0.25,10,5,40,1730,0,0,40,1730,0.0,0.0,0.0,0.0,7.576248033480211
tfnbs,"e=1.4,h=3.0,n=30,start_thres=1.25",hub,0.25,10,5,40,1730,0,0,40,1730,0.0,0.0,0.0,0.0,7.576248033480211
tfnbs,"e=1.4,h=4.0,n=30,start_thres=1.25",hub,0.25,10,5,40,1730,0,0,40,1730,0.0,0.0,0.0,0.0,7.576248033480211
tfnbs,"e=1.4,h=5.0,n=30,start_thres=1.25",hub,0.25,10,5,40,1730,1,0,39,1730,0.025,0.0,1.0,0.0,7.576248033480211
tfnbs,"e=1.4,h=6.0,n=30,start_thres=1.25",hub,0.25,10,5,40,1730,3,0,37,1730,0.075,0.0,1.0,0.0,7.576248033480211
tfnbs,"e=1.4,h=7.0,n=30,start_thres=1.25",hub,0.25,10,5,40,1730,3,0,37,1730,0.075,0.0,1.0,0.0,7.576248033480211
tfnbs,"e=1.4,h=8.0,n=30,start_thres=1.25",hub,0.25,10,5,40,1730,3,2,37,1728,0.075,0.0011560693641618,0.6,0.4,7.576248033480211
tfnbs,"e=1.4,h=9.0,n=30,start_thres=1.25",hub,0.25,10,5,40,1730,2,0,38,1730,0.05,0.0,1.0,0.0,7.576248033480211
tfnbs,"e=1.4,h=10.0,n=30,start_thres=1.25",hub,0.25,10,5,40,1730,2,0,38,1730,0.05,0.0,1.0,0.0,7.576248033480211
tfnbs,"e=1.5,h=0.5,n=30,start_thres=1.25",hub,0.25,10,5,40,1730,0,0,40,1730,0.0,0.0,0.0,0.0,7.576248033480211
tfnbs,"e=1.5,h=1.0,n=30,start_thres=1.25",hub,0.25,10,5,40,1730,0,0,40,1730,0.0,0.0,0.0,0.0,7.576248033480211
tfnbs,"e=1.5,h=2.0,n=30,start_thres=1.25",hub,0.25,10,5,40,1730,0,0,40,1730,0.0,0.0,0.0,0.0,7.576248033480211
tfnbs,"e=1.5,h=3.0,n=30,start_thres=1.25",hub,0.25,10,5,40,1730,0,0,40,1730,0.0,0.0,0.0,0.0,7.576248033480211
tfnbs,"e=1.5,h=4.0,n=30,start_thres=1.25",hub,0.25,10,5,40,1730,0,0,40,1730,0.0,0.0,0.0,0.0,7.576248033480211
tfnbs,"e=1.5,h=5.0,n=30,start_thres=1.25",hub,0.25,10,5,40,1730,0,0,40,1730,0.0,0.0,0.0,0.0,7.576248033480211
tfnbs,"e=1.5,h=6.0,n=30,start_thres=1.25",hub,0.25,10,5,40,1730,2,0,38,1730,0.05,0.0,1.0,0.0,7.576248033480211
tfnbs,"e=1.5,h=7.0,n=30,start_thres=1.25",hub,0.25,10,5,40,1730,3,2,37,1728,0.075,0.0011560693641618,0.6,0.4,7.576248033480211
tfnbs,"e=1.5,h=8.0,n=30,start_thres=1.25",hub,0.25,10,5,40,1730,3,2,37,1728,0.075,0.0011560693641618,0.6,0.4,7.576248033480211
tfnbs,"e=1.5,h=9.0,n=30,start_thres=1.25",hub,0.25,10,5,40,1730,3,2,37,1728,0.075,0.0011560693641618,0.6,0.4,7.576248033480211
tfnbs,"e=1.5,h=10.0,n=30,start_thres=1.25",hub,0.25,10,5,40,1730,2,0,38,1730,0.05,0.0,1.0,0.0,7.576248033480211
tfnbs,"e=0.05,h=0.5,n=30,start_thres=1.25",hub,0.25,10,13,40,1730,0,0,40,1730,0.0,0.0,0.0,0.0,7.566378420049494
tfnbs,"e=0.05,h=1.0,n=30,start_thres=1.25",hub,0.25,10,13,40,1730,0,0,40,1730,0.0,0.0,0.0,0.0,7.566378420049494
tfnbs,"e=0.05,h=2.0,n=30,start_thres=1.25",hub,0.25,10,13,40,1730,0,0,40,1730,0.0,0.0,0.0,0.0,7.566378420049494
tfnbs,"e=0.05,h=3.0,n=30,start_thres=1.25",hub,0.25,10,13,40,1730,0,0,40,1730,0.0,0.0,0.0,0.0,7.566378420049494
tfnbs,"e=0.05,h=4.0,n=30,start_thres=1.25",hub,0.25,10,13,40,1730,0,0,40,1730,0.0,0.0,0.0,0.0,7.566378420049494
tfnbs,"e=0.05,h=5.0,n=30,start_thres=1.25",hub,0.25,10,13,40,1730,0,0,40,1730,0.0,0.0,0.0,0.0,7.566378420049494
tfnbs,"e=0.05,h=6.0,n=30,start_thres=1.25",hub,0.25,10,13,40,1730,0,0,40,1730,0.0,0.0,0.0,0.0,7.566378420049494
tfnbs,"e=0.05,h=7.0,n=30,start_thres=1.25",hub,0.25,10,13,40,1730,0,0,40,1730,0.0,0.0,0.0,0.0,7.566378420049494
tfnbs,"e=0.05,h=8.0,n=30,start_thres=1.25",hub,0.25,10,13,40,1730,0,0,40,1730,0.0,0.0,0.0,0.0,7.566378420049494
tfnbs,"e=0.05,h=9.0,n=30,start_thres=1.25",hub,0.25,10,13,40,1730,0,0,40,1730,0.0,0.0,0.0,0.0,7.566378420049494
tfnbs,"e=0.05,h=10.0,n=30,start_thres=1.25",hub,0.25,10,13,40,1730,0,0,40,1730,0.0,0.0,0.0,0.0,7.566378420049494
tfnbs,"e=0.1,h=0.5,n=30,start_thres=1.25",hub,0.25,10,13,40,1730,0,0,40,1730,0.0,0.0,0.0,0.0,7.566378420049494
tfnbs,"e=0.1,h=1.0,n=30,start_thres=1.25",hub,0.25,10,13,40,1730,0,0,40,1730,0.0,0.0,0.0,0.0,7.566378420049494
tfnbs,"e=0.1,h=2.0,n=30,start_thres=1.25",hub,0.25,10,13,40,1730,0,0,40,1730,0.0,0.0,0.0,0.0,7.566378420049494
tfnbs,"e=0.1,h=3.0,n=30,start_thres=1.25",hub,0.25,10,13,40,1730,0,0,40,1730,0.0,0.0,0.0,0.0,7.566378420049494
tfnbs,"e=0.1,h=4.0,n=30,start_thres=1.25",hub,0.25,10,13,40,1730,0,0,40,1730,0.0,0.0,0.0,0.0,7.566378420049494
tfnbs,"e=0.1,h=5.0,n=30,start_thres=1.25",hub,0.25,10,13,40,1730,0,0,40,1730,0.0,0.0,0.0,0.0,7.566378420049494
tfnbs,"e=0.1,h=6.0,n=30,start_thres=1.25",hub,0.25,10,13,40,1730,0,0,40,1730,0.0,0.0,0.0,0.0,7.566378420049494
tfnbs,"e=0.1,h=7.0,n=30,start_thres=1.25",hub,0.25,10,13,40,1730,0,0,40,1730,0.0,0.0,0.0,0.0,7.566378420049494
tfnbs,"e=0.1,h=8.0,n=30,start_thres=1.25",hub,0.25,10,13,40,1730,0,0,40,1730,0.0,0.0,0.0,0.0,7.566378420049494
tfnbs,"e=0.1,h=9.0,n=30,start_thres=1.25",hub,0.25,10,13,40,1730,0,0,40,1730,0.0,0.0,0.0,0.0,7.566378420049494
tfnbs,"e=0.1,h=10.0,n=30,start_thres=1.25",hub,0.25,10,13,40,1730,0,0,40,1730,0.0,0.0,0.0,0.0,7.566378420049494
tfnbs,"e=0.2,h=0.5,n=30,start_thres=1.25",hub,0.25,10,13,40,1730,0,0,40,1730,0.0,0.0,0.0,0.0,7.566378420049494
tfnbs,"e=0.2,h=1.0,n=30,start_thres=1.25",hub,0.25,10,13,40,1730,0,0,40,1730,0.0,0.0,0.0,0.0,7.566378420049494
tfnbs,"e=0.2,h=2.0,n=30,start_thres=1.25",hub,0.25,10,13,40,1730,0,0,40,1730,0.0,0.0,0.0,0.0,7.566378420049494
tfnbs,"e=0.2,h=3.0,n=30,start_thres=1.25",hub,0.25,10,13,40,1730,0,0,40,1730,0.0,0.0,0.0,0.0,7.566378420049494
tfnbs,"e=0.2,h=4.0,n=30,start_thres=1.25",hub,0.25,10,13,40,1730,0,0,40,1730,0.0,0.0,0.0,0.0,7.566378420049494
tfnbs,"e=0.2,h=5.0,n=30,start_thres=1.25",hub,0.25,10,13,40,1730,0,0,40,1730,0.0,0.0,0.0,0.0,7.566378420049494
tfnbs,"e=0.2,h=6.0,n=30,start_thres=1.25",hub,0.25,10,13,40,1730,0,0,40,1730,0.0,0.0,0.0,0.0,7.566378420049494
tfnbs,"e=0.2,h=7.0,n=30,start_thres=1.25",hub,0.25,10,13,40,1730,0,0,40,1730,0.0,0.0,0.0,0.0,7.566378420049494
tfnbs,"e=0.2,h=8.0,n=30,start_thres=1.25",hub,0.25,10,13,40,1730,0,0,40,1730,0.0,0.0,0.0,0.0,7.566378420049494
tfnbs,"e=0.2,h=9.0,n=30,start_thres=1.25",hub,0.25,10,13,40,1730,0,0,40,1730,0.0,0.0,0.0,0.0,7.566378420049494
tfnbs,"e=0.2,h=10.0,n=30,start_thres=1.25",hub,0.25,10,13,40,1730,0,0,40,1730,0.0,0.0,0.0,0.0,7.566378420049494
tfnbs,"e=0.3,h=0.5,n=30,start_thres=1.25",hub,0.25,10,13,40,1730,0,0,40,1730,0.0,0.0,0.0,0.0,7.566378420049494
tfnbs,"e=0.3,h=1.0,n=30,start_thres=1.25",hub,0.25,10,13,40,1730,0,0,40,1730,0.0,0.0,0.0,0.0,7.566378420049494
tfnbs,"e=0.3,h=2.0,n=30,start_thres=1.25",hub,0.25,10,13,40,1730,0,0,40,1730,0.0,0.0,0.0,0.0,7.566378420049494
tfnbs,"e=0.3,h=3.0,n=30,start_thres=1.25",hub,0.25,10,13,40,1730,0,0,40,1730,0.0,0.0,0.0,0.0,7.566378420049494
tfnbs,"e=0.3,h=4.0,n=30,start_thres=1.25",hub,0.25,10,13,40,1730,0,0,40,1730,0.0,0.0,0.0,0.0,7.566378420049494
tfnbs,"e=0.3,h=5.0,n=30,start_thres=1.25",hub,0.25,10,13,40,1730,0,0,40,1730,0.0,0.0,0.0,0.0,7.566378420049494
tfnbs,"e=0.3,h=6.0,n=30,start_thres=1.25",hub,0.25,10,13,40,1730,0,0,40,1730,0.0,0.0,0.0,0.0,7.566378420049494
tfnbs,"e=0.3,h=7.0,n=30,start_thres=1.25",hub,0.25,10,13,40,1730,0,0,40,1730,0.0,0.0,0.0,0.0,7.566378420049494
tfnbs,"e=0.3,h=8.0,n=30,start_thres=1.25",hub,0.25,10,13,40,1730,0,0,40,1730,0.0,0.0,0.0,0.0,7.566378420049494
tfnbs,"e=0.3,h=9.0,n=30,start_thres=1.25",hub,0.25,10,13,40,1730,0,0,40,1730,0.0,0.0,0.0,0.0,7.566378420049494
tfnbs,"e=0.3,h=10.0,n=30,start_thres=1.25",hub,0.25,10,13,40,1730,0,0,40,1730,0.0,0.0,0.0,0.0,7.566378420049494
tfnbs,"e=0.4,h=0.5,n=30,start_thres=1.25",hub,0.25,10,13,40,1730,0,0,40,1730,0.0,0.0,0.0,0.0,7.566378420049494
tfnbs,"e=0.4,h=1.0,n=30,start_thres=1.25",hub,0.25,10,13,40,1730,0,0,40,1730,0.0,0.0,0.0,0.0,7.566378420049494
tfnbs,"e=0.4,h=2.0,n=30,start_thres=1.25",hub,0.25,10,13,40,1730,0,0,40,1730,0.0,0.0,0.0,0.0,7.566378420049494
tfnbs,"e=0.4,h=3.0,n=30,start_thres=1.25",hub,0.25,10,13,40,1730,0,0,40,1730,0.0,0.0,0.0,0.0,7.566378420049494
tfnbs,"e=0.4,h=4.0,n=30,start_thres=1.25",hub,0.25,10,13,40,1730,0,0,40,1730,0.0,0.0,0.0,0.0,7.566378420049494
tfnbs,"e=0.4,h=5.0,n=30,start_thres=1.25",hub,0.25,10,13,40,1730,0,0,40,1730,0.0,0.0,0.0,0.0,7.566378420049494
tfnbs,"e=0.4,h=6.0,n=30,start_thres=1.25",hub,0.25,10,13,40,1730,0,0,40,1730,0.0,0.0,0.0,0.0,7.566378420049494
tfnbs,"e=0.4,h=7.0,n=30,start_thres=1.25",hub,0.25,10,13,40,1730,0,0,40,1730,0.0,0.0,0.0,0.0,7.566378420049494
tfnbs,"e=0.4,h=8.0,n=30,start_thres=1.25",hub,0.25,10,13,40,1730,0,0,40,1730,0.0,0.0,0.0,0.0,7.566378420049494
tfnbs,"e=0.4,h=9.0,n=30,start_thres=1.25",hub,0.25,10,13,40,1730,0,0,40,1730,0.0,0.0,0.0,0.0,7.566378420049494
tfnbs,"e=0.4,h=10.0,n=30,start_thres=1.25",hub,0.25,10,13,40,1730,0,0,40,1730,0.0,0.0,0.0,0.0,7.566378420049494
tfnbs,"e=0.5,h=0.5,n=30,start_thres=1.25",hub,0.25,10,13,40,1730,0,0,40,1730,0.0,0.0,0.0,0.0,7.566378420049494
tfnbs,"e=0.5,h=1.0,n=30,start_thres=1.25",hub,0.25,10,13,40,1730,0,0,40,1730,0.0,0.0,0.0,0.0,7.566378420049494
tfnbs,"e=0.5,h=2.0,n=30,start_thres=1.25",hub,0.25,10,13,40,1730,0,0,40,1730,0.0,0.0,0.0,0.0,7.566378420049494
tfnbs,"e=0.5,h=3.0,n=30,start_thres=1.25",hub,0.25,10,13,40,1730,0,0,40,1730,0.0,0.0,0.0,0.0,7.566378420049494
tfnbs,"e=0.5,h=4.0,n=30,start_thres=1.25",hub,0.25,10,13,40,1730,0,0,40,1730,0.0,0.0,0.0,0.0,7.566378420049494
tfnbs,"e=0.5,h=5.0,n=30,start_thres=1.25",hub,0.25,10,13,40,1730,0,0,40,1730,0.0,0.0,0.0,0.0,7.566378420049494
tfnbs,"e=0.5,h=6.0,n=30,start_thres=1.25",hub,0.25,10,13,40,1730,0,0,40,1730,0.0,0.0,0.0,0.0,7.566378420049494
tfnbs,"e=0.5,h=7.0,n=30,start_thres=1.25",hub,0.25,10,13,40,1730,0,0,40,1730,0.0,0.0,0.0,0.0,7.566378420049494
tfnbs,"e=0.5,h=8.0,n=30,start_thres=1.25",hub,0.25,10,13,40,1730,0,0,40,1730,0.0,0.0,0.0,0.0,7.566378420049494
tfnbs,"e=0.5,h=9.0,n=30,start_thres=1.25",hub,0.25,10,13,40,1730,0,0,40,1730,0.0,0.0,0.0,0.0,7.566378420049494
tfnbs,"e=0.5,h=10.0,n=30,start_thres=1.25",hub,0.25,10,13,40,1730,0,0,40,1730,0.0,0.0,0.0,0.0,7.566378420049494
tfnbs,"e=0.6,h=0.5,n=30,start_thres=1.25",hub,0.25,10,13,40,1730,0,0,40,1730,0.0,0.0,0.0,0.0,7.566378420049494
tfnbs,"e=0.6,h=1.0,n=30,start_thres=1.25",hub,0.25,10,13,40,1730,0,0,40,1730,0.0,0.0,0.0,0.0,7.566378420049494
tfnbs,"e=0.6,h=2.0,n=30,start_thres=1.25",hub,0.25,10,13,40,1730,0,0,40,1730,0.0,0.0,0.0,0.0,7.566378420049494
tfnbs,"e=0.6,h=3.0,n=30,start_thres=1.25",hub,0.25,10,13,40,1730,0,0,40,1730,0.0,0.0,0.0,0.0,7.566378420049494
tfnbs,"e=0.6,h=4.0,n=30,start_thres=1.25",hub,0.25,10,13,40,1730,0,0,40,1730,0.0,0.0,0.0,0.0,7.566378420049494
tfnbs,"e=0.6,h=5.0,n=30,start_thres=1.25",hub,0.25,10,13,40,1730,0,0,40,1730,0.0,0.0,0.0,0.0,7.566378420049494
tfnbs,"e=0.6,h=6.0,n=30,start_thres=1.25",hub,0.25,10,13,40,1730,0,0,40,1730,0.0,0.0,0.0,0.0,7.566378420049494
tfnbs,"e=0.6,h=7.0,n=30,start_thres=1.25",hub,0.25,10,13,40,1730,0,0,40,1730,0.0,0.0,0.0,0.0,7.566378420049494
tfnbs,"e=0.6,h=8.0,n=30,start_thres=1.25",hub,0.25,10,13,40,1730,0,0,40,1730,0.0,0.0,0.0,0.0,7.566378420049494
tfnbs,"e=0.6,h=9.0,n=30,start_thres=1.25",hub,0.25,10,13,40,1730,0,0,40,1730,0.0,0.0,0.0,0.0,7.566378420049494
tfnbs,"e=0.6,h=10.0,n=30,start_thres=1.25",hub,0.25,10,13,40,1730,0,0,40,1730,0.0,0.0,0.0,0.0,7.566378420049494
tfnbs,"e=0.7,h=0.5,n=30,start_thres=1.25",hub,0.25,10,13,40,1730,0,0,40,1730,0.0,0.0,0.0,0.0,7.566378420049494
tfnbs,"e=0.7,h=1.0,n=30,start_thres=1.25",hub,0.25,10,13,40,1730,0,0,40,1730,0.0,0.0,0.0,0.0,7.566378420049494
tfnbs,"e=0.7,h=2.0,n=30,start_thres=1.25",hub,0.25,10,13,40,1730,0,0,40,1730,0.0,0.0,0.0,0.0,7.566378420049494
tfnbs,"e=0.7,h=3.0,n=30,start_thres=1.25",hub,0.25,10,13,40,1730,0,0,40,1730,0.0,0.0,0.0,0.0,7.566378420049494
tfnbs,"e=0.7,h=4.0,n=30,start_thres=1.25",hub,0.25,10,13,40,1730,0,0,40,1730,0.0,0.0,0.0,0.0,7.566378420049494
tfnbs,"e=0.7,h=5.0,n=30,start_thres=1.25",hub,0.25,10,13,40,1730,0,0,40,1730,0.0,0.0,0.0,0.0,7.566378420049494
tfnbs,"e=0.7,h=6.0,n=30,start_thres=1.25",hub,0.25,10,13,40,1730,0,0,40,1730,0.0,0.0,0.0,0.0,7.566378420049494
tfnbs,"e=0.7,h=7.0,n=30,start_thres=1.25",hub,0.25,10,13,40,1730,0,0,40,1730,0.0,0.0,0.0,0.0,7.566378420049494
tfnbs,"e=0.7,h=8.0,n=30,start_thres=1.25",hub,0.25,10,13,40,1730,0,0,40,1730,0.0,0.0,0.0,0.0,7.566378420049494
tfnbs,"e=0.7,h=9.0,n=30,start_thres=1.25",hub,0.25,10,13,40,1730,0,0,40,1730,0.0,0.0,0.0,0.0,7.566378420049494
tfnbs,"e=0.7,h=10.0,n=30,start_thres=1.25",hub,0.25,10,13,40,1730,0,0,40,1730,0.0,0.0,0.0,0.0,7.566378420049494
tfnbs,"e=0.8,h=0.5,n=30,start_thres=1.25",hub,0.25,10,13,40,1730,0,0,40,1730,0.0,0.0,0.0,0.0,7.566378420049494
tfnbs,"e=0.8,h=1.0,n=30,start_thres=1.25",hub,0.25,10,13,40,1730,0,0,40,1730,0.0,0.0,0.0,0.0,7.566378420049494
tfnbs,"e=0.8,h=2.0,n=30,start_thres=1.25",hub,0.25,10,13,40,1730,0,0,40,1730,0.0,0.0,0.0,0.0,7.566378420049494
tfnbs,"e=0.8,h=3.0,n=30,start_thres=1.25",hub,0.25,10,13,40,1730,0,0,40,1730,0.0,0.0,0.0,0.0,7.566378420049494
tfnbs,"e=0.8,h=4.0,n=30,start_thres=1.25",hub,0.25,10,13,40,1730,0,0,40,1730,0.0,0.0,0.0,0.0,7.566378420049494
tfnbs,"e=0.8,h=5.0,n=30,start_thres=1.25",hub,0.25,10,13,40,1730,0,0,40,1730,0.0,0.0,0.0,0.0,7.566378420049494
tfnbs,"e=0.8,h=6.0,n=30,start_thres=1.25",hub,0.25,10,13,40,1730,0,0,40,1730,0.0,0.0,0.0,0.0,7.566378420049494
tfnbs,"e=0.8,h=7.0,n=30,start_thres=1.25",hub,0.25,10,13,40,1730,0,0,40,1730,0.0,0.0,0.0,0.0,7.566378420049494
tfnbs,"e=0.8,h=8.0,n=30,start_thres=1.25",hub,0.25,10,13,40,1730,0,0,40,1730,0.0,0.0,0.0,0.0,7.566378420049494
tfnbs,"e=0.8,h=9.0,n=30,start_thres=1.25",hub,0.25,10,13,40,1730,0,0,40,1730,0.0,0.0,0.0,0.0,7.566378420049494
tfnbs,"e=0.8,h=10.0,n=30,start_thres=1.25",hub,0.25,10,13,40,1730,0,0,40,1730,0.0,0.0,0.0,0.0,7.566378420049494
tfnbs,"e=0.9,h=0.5,n=30,start_thres=1.25",hub,0.25,10,13,40,1730,0,0,40,1730,0.0,0.0,0.0,0.0,7.566378420049494
tfnbs,"e=0.9,h=1.0,n=30,start_thres=1.25",hub,0.25,10,13,40,1730,0,0,40,1730,0.0,0.0,0.0,0.0,7.566378420049494
tfnbs,"e=0.9,h=2.0,n=30,start_thres=1.25",hub,0.25,10,13,40,1730,0,0,40,1730,0.0,0.0,0.0,0.0,7.566378420049494
tfnbs,"e=0.9,h=3.0,n=30,start_thres=1.25",hub,0.25,10,13,40,1730,0,0,40,1730,0.0,0.0,0.0,0.0,7.566378420049494
tfnbs,"e=0.9,h=4.0,n=30,start_thres=1.25",hub,0.25,10,13,40,1730,0,0,40,1730,0.0,0.0,0.0,0.0,7.566378420049494
tfnbs,"e=0.9,h=5.0,n=30,start_thres=1.25",hub,0.25,10,13,40,1730,0,0,40,1730,0.0,0.0,0.0,0.0,7.566378420049494
tfnbs,"e=0.9,h=6.0,n=30,start_thres=1.25",hub,0.25,10,13,40,1730,0,0,40,1730,0.0,0.0,0.0,0.0,7.566378420049494
tfnbs,"e=0.9,h=7.0,n=30,start_thres=1.25",hub,0.25,10,13,40,1730,0,0,40,1730,0.0,0.0,0.0,0.0,7.566378420049494
tfnbs,"e=0.9,h=8.0,n=30,start_thres=1.25",hub,0.25,10,13,40,1730,0,0,40,1730,0.0,0.0,0.0,0.0,7.566378420049494
tfnbs,"e=0.9,h=9.0,n=30,start_thres=1.25",hub,0.25,10,13,40,1730,0,0,40,1730,0.0,0.0,0.0,0.0,7.566378420049494
tfnbs,"e=0.9,h=10.0,n=30,start_thres=1.25",hub,0.25,10,13,40,1730,0,0,40,1730,0.0,0.0,0.0,0.0,7.566378420049494
tfnbs,"e=1.0,h=0.5,n=30,start_thres=1.25",hub,0.25,10,13,40,1730,0,0,40,1730,0.0,0.0,0.0,0.0,7.566378420049494
tfnbs,"e=1.0,h=1.0,n=30,start_thres=1.25",hub,0.25,10,13,40,1730,0,0,40,1730,0.0,0.0,0.0,0.0,7.566378420049494
tfnbs,"e=1.0,h=2.0,n=30,start_thres=1.25",hub,0.25,10,13,40,1730,0,0,40,1730,0.0,0.0,0.0,0.0,7.566378420049494
tfnbs,"e=1.0,h=3.0,n=30,start_thres=1.25",hub,0.25,10,13,40,1730,0,0,40,1730,0.0,0.0,0.0,0.0,7.566378420049494
tfnbs,"e=1.0,h=4.0,n=30,start_thres=1.25",hub,0.25,10,13,40,1730,0,0,40,1730,0.0,0.0,0.0,0.0,7.566378420049494
tfnbs,"e=1.0,h=5.0,n=30,start_thres=1.25",hub,0.25,10,13,40,1730,0,0,40,1730,0.0,0.0,0.0,0.0,7.566378420049494
tfnbs,"e=1.0,h=6.0,n=30,start_thres=1.25",hub,0.25,10,13,40,1730,0,0,40,1730,0.0,0.0,0.0,0.0,7.566378420049494
tfnbs,"e=1.0,h=7.0,n=30,start_thres=1.25",hub,0.25,10,13,40,1730,0,0,40,1730,0.0,0.0,0.0,0.0,7.566378420049494
tfnbs,"e=1.0,h=8.0,n=30,start_thres=1.25",hub,0.25,10,13,40,1730,0,0,40,1730,0.0,0.0,0.0,0.0,7.566378420049494
tfnbs,"e=1.0,h=9.0,n=30,start_thres=1.25",hub,0.25,10,13,40,1730,0,0,40,1730,0.0,0.0,0.0,0.0,7.566378420049494
tfnbs,"e=1.0,h=10.0,n=30,start_thres=1.25",hub,0.25,10,13,40,1730,0,0,40,1730,0.0,0.0,0.0,0.0,7.566378420049494
tfnbs,"e=1.1,h=0.5,n=30,start_thres=1.25",hub,0.25,10,13,40,1730,0,0,40,1730,0.0,0.0,0.0,0.0,7.566378420049494
tfnbs,"e=1.1,h=1.0,n=30,start_thres=1.25",hub,0.25,10,13,40,1730,0,0,40,1730,0.0,0.0,0.0,0.0,7.566378420049494
tfnbs,"e=1.1,h=2.0,n=30,start_thres=1.25",hub,0.25,10,13,40,1730,0,0,40,1730,0.0,0.0,0.0,0.0,7.566378420049494
tfnbs,"e=1.1,h=3.0,n=30,start_thres=1.25",hub,0.25,10,13,40,1730,0,0,40,1730,0.0,0.0,0.0,0.0,7.566378420049494
tfnbs,"e=1.1,h=4.0,n=30,start_thres=1.25",hub,0.25,10,13,40,1730,0,0,40,1730,0.0,0.0,0.0,0.0,7.566378420049494
tfnbs,"e=1.1,h=5.0,n=30,start_thres=1.25",hub,0.25,10,13,40,1730,0,0,40,1730,0.0,0.0,0.0,0.0,7.566378420049494
tfnbs,"e=1.1,h=6.0,n=30,start_thres=1.25",hub,0.25,10,13,40,1730,0,0,40,1730,0.0,0.0,0.0,0.0,7.566378420049494
tfnbs,"e=1.1,h=7.0,n=30,start_thres=1.25",hub,0.25,10,13,40,1730,0,0,40,1730,0.0,0.0,0.0,0.0,7.566378420049494
tfnbs,"e=1.1,h=8.0,n=30,start_thres=1.25",hub,0.25,10,13,40,1730,0,0,40,1730,0.0,0.0,0.0,0.0,7.566378420049494
tfnbs,"e=1.1,h=9.0,n=30,start_thres=1.25",hub,0.25,10,13,40,1730,0,0,40,1730,0.0,0.0,0.0,0.0,7.566378420049494
tfnbs,"e=1.1,h=10.0,n=30,start_thres=1.25",hub,0.25,10,13,40,1730,0,0,40,1730,0.0,0.0,0.0,0.0,7.566378420049494
tfnbs,"e=1.2,h=0.5,n=30,start_thres=1.25",hub,0.25,10,13,40,1730,0,0,40,1730,0.0,0.0,0.0,0.0,7.566378420049494
tfnbs,"e=1.2,h=1.0,n=30,start_thres=1.25",hub,0.25,10,13,40,1730,0,0,40,1730,0.0,0.0,0.0,0.0,7.566378420049494
tfnbs,"e=1.2,h=2.0,n=30,start_thres=1.25",hub,0.25,10,13,40,1730,0,0,40,1730,0.0,0.0,0.0,0.0,7.566378420049494
tfnbs,"e=1.2,h=3.0,n=30,start_thres=1.25",hub,0.25,10,13,40,1730,0,0,40,1730,0.0,0.0,0.0,0.0,7.566378420049494
tfnbs,"e=1.2,h=4.0,n=30,start_thres=1.25",hub,0.25,10,13,40,1730,0,0,40,1730,0.0,0.0,0.0,0.0,7.566378420049494
tfnbs,"e=1.2,h=5.0,n=30,start_thres=1.25",hub,0.25,10,13,40,1730,0,0,40,1730,0.0,0.0,0.0,0.0,7.566378420049494
tfnbs,"e=1.2,h=6.0,n=30,start_thres=1.25",hub,0.25,10,13,40,1730,0,0,40,1730,0.0,0.0,0.0,0.0,7.566378420049494
tfnbs,"e=1.2,h=7.0,n=30,start_thres=1.25",hub,0.25,10,13,40,1730,0,0,40,1730,0.0,0.0,0.0,0.0,7.566378420049494
tfnbs,"e=1.2,h=8.0,n=30,start_thres=1.25",hub,0.25,10,13,40,1730,0,0,40,1730,0.0,0.0,0.0,0.0,7.566378420049494
tfnbs,"e=1.2,h=9.0,n=30,start_thres=1.25",hub,0.25,10,13,40,1730,0,0,40,1730,0.0,0.0,0.0,0.0,7.566378420049494
tfnbs,"e=1.2,h=10.0,n=30,start_thres=1.25",hub,0.25,10,13,40,1730,0,0,40,1730,0.0,0.0,0.0,0.0,7.566378420049494
tfnbs,"e=1.3,h=0.5,n=30,start_thres=1.25",hub,0.25,10,13,40,1730,0,0,40,1730,0.0,0.0,0.0,0.0,7.566378420049494
tfnbs,"e=1.3,h=1.0,n=30,start_thres=1.25",hub,0.25,10,13,40,1730,0,0,40,1730,0.0,0.0,0.0,0.0,7.566378420049494
tfnbs,"e=1.3,h=2.0,n=30,start_thres=1.25",hub,0.25,10,13,40,1730,0,0,40,1730,0.0,0.0,0.0,0.0,7.566378420049494
tfnbs,"e=1.3,h=3.0,n=30,start_thres=1.25",hub,0.25,10,13,40,1730,0,0,40,1730,0.0,0.0,0.0,0.0,7.566378420049494
tfnbs,"e=1.3,h=4.0,n=30,start_thres=1.25",hub,0.25,10,13,40,1730,0,0,40,1730,0.0,0.0,0.0,0.0,7.566378420049494
tfnbs,"e=1.3,h=5.0,n=30,start_thres=1.25",hub,0.25,10,13,40,1730,0,0,40,1730,0.0,0.0,0.0,0.0,7.566378420049494
tfnbs,"e=1.3,h=6.0,n=30,start_thres=1.25",hub,0.25,10,13,40,1730,0,0,40,1730,0.0,0.0,0.0,0.0,7.566378420049494
tfnbs,"e=1.3,h=7.0,n=30,start_thres=1.25",hub,0.25,10,13,40,1730,0,0,40,1730,0.0,0.0,0.0,0.0,7.566378420049494
tfnbs,"e=1.3,h=8.0,n=30,start_thres=1.25",hub,0.25,10,13,40,1730,0,0,40,1730,0.0,0.0,0.0,0.0,7.566378420049494
tfnbs,"e=1.3,h=9.0,n=30,start_thres=1.25",hub,0.25,10,13,40,1730,0,0,40,1730,0.0,0.0,0.0,0.0,7.566378420049494
tfnbs,"e=1.3,h=10.0,n=30,start_thres=1.25",hub,0.25,10,13,40,1730,0,0,40,1730,0.0,0.0,0.0,0.0,7.566378420049494
tfnbs,"e=1.4,h=0.5,n=30,start_thres=1.25",hub,0.25,10,13,40,1730,0,0,40,1730,0.0,0.0,0.0,0.0,7.566378420049494
tfnbs,"e=1.4,h=1.0,n=30,start_thres=1.25",hub,0.25,10,13,40,1730,0,0,40,1730,0.0,0.0,0.0,0.0,7.566378420049494
tfnbs,"e=1.4,h=2.0,n=30,start_thres=1.25",hub,0.25,10,13,40,1730,0,0,40,1730,0.0,0.0,0.0,0.0,7.566378420049494
tfnbs,"e=1.4,h=3.0,n=30,start_thres=1.25",hub,0.25,10,13,40,1730,0,0,40,1730,0.0,0.0,0.0,0.0,7.566378420049494
tfnbs,"e=1.4,h=4.0,n=30,start_thres=1.25",hub,0.25,10,13,40,1730,0,0,40,1730,0.0,0.0,0.0,0.0,7.566378420049494
tfnbs,"e=1.4,h=5.0,n=30,start_thres=1.25",hub,0.25,10,13,40,1730,0,0,40,1730,0.0,0.0,0.0,0.0,7.566378420049494
tfnbs,"e=1.4,h=6.0,n=30,start_thres=1.25",hub,0.25,10,13,40,1730,0,0,40,1730,0.0,0.0,0.0,0.0,7.566378420049494
tfnbs,"e=1.4,h=7.0,n=30,start_thres=1.25",hub,0.25,10,13,40,1730,0,0,40,1730,0.0,0.0,0.0,0.0,7.566378420049494
tfnbs,"e=1.4,h=8.0,n=30,start_thres=1.25",hub,0.25,10,13,40,1730,0,0,40,1730,0.0,0.0,0.0,0.0,7.566378420049494
tfnbs,"e=1.4,h=9.0,n=30,start_thres=1.25",hub,0.25,10,13,40,1730,0,0,40,1730,0.0,0.0,0.0,0.0,7.566378420049494
tfnbs,"e=1.4,h=10.0,n=30,start_thres=1.25",hub,0.25,10,13,40,1730,0,0,40,1730,0.0,0.0,0.0,0.0,7.566378420049494
tfnbs,"e=1.5,h=0.5,n=30,start_thres=1.25",hub,0.25,10,13,40,1730,0,0,40,1730,0.0,0.0,0.0,0.0,7.566378420049494
tfnbs,"e=1.5,h=1.0,n=30,start_thres=1.25",hub,0.25,10,13,40,1730,0,0,40,1730,0.0,0.0,0.0,0.0,7.566378420049494
tfnbs,"e=1.5,h=2.0,n=30,start_thres=1.25",hub,0.25,10,13,40,1730,0,0,40,1730,0.0,0.0,0.0,0.0,7.566378420049494
tfnbs,"e=1.5,h=3.0,n=30,start_thres=1.25",hub,0.25,10,13,40,1730,0,0,40,1730,0.0,0.0,0.0,0.0,7.566378420049494
tfnbs,"e=1.5,h=4.0,n=30,start_thres=1.25",hub,0.25,10,13,40,1730,0,0,40,1730,0.0,0.0,0.0,0.0,7.566378420049494
tfnbs,"e=1.5,h=5.0,n=30,start_thres=1.25",hub,0.25,10,13,40,1730,0,0,40,1730,0.0,0.0,0.0,0.0,7.566378420049494
tfnbs,"e=1.5,h=6.0,n=30,start_thres=1.25",hub,0.25,10,13,40,1730,0,0,40,1730,0.0,0.0,0.0,0.0,7.566378420049494
tfnbs,"e=1.5,h=7.0,n=30,start_thres=1.25",hub,0.25,10,13,40,1730,0,0,40,1730,0.0,0.0,0.0,0.0,7.566378420049494
tfnbs,"e=1.5,h=8.0,n=30,start_thres=1.25",hub,0.25,10,13,40,1730,0,0,40,1730,0.0,0.0,0.0,0.0,7.566378420049494
tfnbs,"e=1.5,h=9.0,n=30,start_thres=1.25",hub,0.25,10,13,40,1730,0,0,40,1730,0.0,0.0,0.0,0.0,7.566378420049494
tfnbs,"e=1.5,h=10.0,n=30,start_thres=1.25",hub,0.25,10,13,40,1730,0,0,40,1730,0.0,0.0,0.0,0.0,7.566378420049494
tfnbs,"e=0.05,h=0.5,n=30,start_thres=1.25",hub,0.25,10,6,40,1730,1,0,39,1730,0.025,0.0,1.0,0.0,7.598641154440966
tfnbs,"e=0.05,h=1.0,n=30,start_thres=1.25",hub,0.25,10,6,40,1730,1,0,39,1730,0.025,0.0,1.0,0.0,7.598641154440966
tfnbs,"e=0.05,h=2.0,n=30,start_thres=1.25",hub,0.25,10,6,40,1730,1,0,39,1730,0.025,0.0,1.0,0.0,7.598641154440966
tfnbs,"e=0.05,h=3.0,n=30,start_thres=1.25",hub,0.25,10,6,40,1730,1,0,39,1730,0.025,0.0,1.0,0.0,7.598641154440966
tfnbs,"e=0.05,h=4.0,n=30,start_thres=1.25",hub,0.25,10,6,40,1730,1,0,39,1730,0.025,0.0,1.0,0.0,7.598641154440966
tfnbs,"e=0.05,h=5.0,n=30,start_thres=1.25",hub,0.25,10,6,40,1730,1,0,39,1730,0.025,0.0,1.0,0.0,7.598641154440966
tfnbs,"e=0.05,h=6.0,n=30,start_thres=1.25",hub,0.25,10,6,40,1730,1,0,39,1730,0.025,0.0,1.0,0.0,7.598641154440966
tfnbs,"e=0.05,h=7.0,n=30,start_thres=1.25",hub,0.25,10,6,40,1730,1,0,39,1730,0.025,0.0,1.0,0.0,7.598641154440966
tfnbs,"e=0.05,h=8.0,n=30,start_thres=1.25",hub,0.25,10,6,40,1730,1,0,39,1730,0.025,0.0,1.0,0.0,7.598641154440966
tfnbs,"e=0.05,h=9.0,n=30,start_thres=1.25",hub,0.25,10,6,40,1730,1,0,39,1730,0.025,0.0,1.0,0.0,7.598641154440966
tfnbs,"e=0.05,h=10.0,n=30,start_thres=1.25",hub,0.25,10,6,40,1730,1,0,39,1730,0.025,0.0,1.0,0.0,7.598641154440966
tfnbs,"e=0.1,h=0.5,n=30,start_thres=1.25",hub,0.25,10,6,40,1730,1,0,39,1730,0.025,0.0,1.0,0.0,7.598641154440966
tfnbs,"e=0.1,h=1.0,n=30,start_thres=1.25",hub,0.25,10,6,40,1730,1,0,39,1730,0.025,0.0,1.0,0.0,7.598641154440966
tfnbs,"e=0.1,h=2.0,n=30,start_thres=1.25",hub,0.25,10,6,40,1730,1,0,39,1730,0.025,0.0,1.0,0.0,7.598641154440966
tfnbs,"e=0.1,h=3.0,n=30,start_thres=1.25",hub,0.25,10,6,40,1730,1,0,39,1730,0.025,0.0,1.0,0.0,7.598641154440966
tfnbs,"e=0.1,h=4.0,n=30,start_thres=1.25",hub,0.25,10,6,40,1730,1,0,39,1730,0.025,0.0,1.0,0.0,7.598641154440966
tfnbs,"e=0.1,h=5.0,n=30,start_thres=1.25",hub,0.25,10,6,40,1730,1,0,39,1730,0.025,0.0,1.0,0.0,7.598641154440966
tfnbs,"e=0.1,h=6.0,n=30,start_thres=1.25",hub,0.25,10,6,40,1730,1,0,39,1730,0.025,0.0,1.0,0.0,7.598641154440966
tfnbs,"e=0.1,h=7.0,n=30,start_thres=1.25",hub,0.25,10,6,40,1730,1,0,39,1730,0.025,0.0,1.0,0.0,7.598641154440966
tfnbs,"e=0.1,h=8.0,n=30,start_thres=1.25",hub,0.25,10,6,40,1730,1,0,39,1730,0.025,0.0,1.0,0.0,7.598641154440966
tfnbs,"e=0.1,h=9.0,n=30,start_thres=1.25",hub,0.25,10,6,40,1730,1,0,39,1730,0.025,0.0,1.0,0.0,7.598641154440966
tfnbs,"e=0.1,h=10.0,n=30,start_thres=1.25",hub,0.25,10,6,40,1730,1,0,39,1730,0.025,0.0,1.0,0.0,7.598641154440966
tfnbs,"e=0.2,h=0.5,n=30,start_thres=1.25",hub,0.25,10,6,40,1730,1,0,39,1730,0.025,0.0,1.0,0.0,7.598641154440966
tfnbs,"e=0.2,h=1.0,n=30,start_thres=1.25",hub,0.25,10,6,40,1730,1,0,39,1730,0.025,0.0,1.0,0.0,7.598641154440966
tfnbs,"e=0.2,h=2.0,n=30,start_thres=1.25",hub,0.25,10,6,40,1730,1,0,39,1730,0.025,0.0,1.0,0.0,7.598641154440966
tfnbs,"e=0.2,h=3.0,n=30,start_thres=1.25",hub,0.25,10,6,40,1730,1,0,39,1730,0.025,0.0,1.0,0.0,7.598641154440966
tfnbs,"e=0.2,h=4.0,n=30,start_thres=1.25",hub,0.25,10,6,40,1730,1,0,39,1730,0.025,0.0,1.0,0.0,7.598641154440966
tfnbs,"e=0.2,h=5.0,n=30,start_thres=1.25",hub,0.25,10,6,40,1730,1,0,39,1730,0.025,0.0,1.0,0.0,7.598641154440966
tfnbs,"e=0.2,h=6.0,n=30,start_thres=1.25",hub,0.25,10,6,40,1730,1,0,39,1730,0.025,0.0,1.0,0.0,7.598641154440966
tfnbs,"e=0.2,h=7.0,n=30,start_thres=1.25",hub,0.25,10,6,40,1730,1,0,39,1730,0.025,0.0,1.0,0.0,7.598641154440966
tfnbs,"e=0.2,h=8.0,n=30,start_thres=1.25",hub,0.25,10,6,40,1730,1,0,39,1730,0.025,0.0,1.0,0.0,7.598641154440966
tfnbs,"e=0.2,h=9.0,n=30,start_thres=1.25",hub,0.25,10,6,40,1730,1,0,39,1730,0.025,0.0,1.0,0.0,7.598641154440966
tfnbs,"e=0.2,h=10.0,n=30,start_thres=1.25",hub,0.25,10,6,40,1730,1,0,39,1730,0.025,0.0,1.0,0.0,7.598641154440966
tfnbs,"e=0.3,h=0.5,n=30,start_thres=1.25",hub,0.25,10,6,40,1730,3,0,37,1730,0.075,0.0,1.0,0.0,7.598641154440966
tfnbs,"e=0.3,h=1.0,n=30,start_thres=1.25",hub,0.25,10,6,40,1730,1,0,39,1730,0.025,0.0,1.0,0.0,7.598641154440966
tfnbs,"e=0.3,h=2.0,n=30,start_thres=1.25",hub,0.25,10,6,40,1730,1,0,39,1730,0.025,0.0,1.0,0.0,7.598641154440966
tfnbs,"e=0.3,h=3.0,n=30,start_thres=1.25",hub,0.25,10,6,40,1730,1,0,39,1730,0.025,0.0,1.0,0.0,7.598641154440966
tfnbs,"e=0.3,h=4.0,n=30,start_thres=1.25",hub,0.25,10,6,40,1730,1,0,39,1730,0.025,0.0,1.0,0.0,7.598641154440966
tfnbs,"e=0.3,h=5.0,n=30,start_thres=1.25",hub,0.25,10,6,40,1730,1,0,39,1730,0.025,0.0,1.0,0.0,7.598641154440966
tfnbs,"e=0.3,h=6.0,n=30,start_thres=1.25",hub,0.25,10,6,40,1730,1,0,39,1730,0.025,0.0,1.0,0.0,7.598641154440966
tfnbs,"e=0.3,h=7.0,n=30,start_thres=1.25",hub,0.25,10,6,40,1730,1,0,39,1730,0.025,0.0,1.0,0.0,7.598641154440966
tfnbs,"e=0.3,h=8.0,n=30,start_thres=1.25",hub,0.25,10,6,40,1730,1,0,39,1730,0.025,0.0,1.0,0.0,7.598641154440966
tfnbs,"e=0.3,h=9.0,n=30,start_thres=1.25",hub,0.25,10,6,40,1730,1,0,39,1730,0.025,0.0,1.0,0.0,7.598641154440966
tfnbs,"e=0.3,h=10.0,n=30,start_thres=1.25",hub,0.25,10,6,40,1730,1,0,39,1730,0.025,0.0,1.0,0.0,7.598641154440966
tfnbs,"e=0.4,h=0.5,n=30,start_thres=1.25",hub,0.25,10,6,40,1730,3,0,37,1730,0.075,0.0,1.0,0.0,7.598641154440966
tfnbs,"e=0.4,h=1.0,n=30,start_thres=1.25",hub,0.25,10,6,40,1730,3,0,37,1730,0.075,0.0,1.0,0.0,7.598641154440966
tfnbs,"e=0.4,h=2.0,n=30,start_thres=1.25",hub,0.25,10,6,40,1730,1,0,39,1730,0.025,0.0,1.0,0.0,7.598641154440966
tfnbs,"e=0.4,h=3.0,n=30,start_thres=1.25",hub,0.25,10,6,40,1730,1,0,39,1730,0.025,0.0,1.0,0.0,7.598641154440966
tfnbs,"e=0.4,h=4.0,n=30,start_thres=1.25",hub,0.25,10,6,40,1730,1,0,39,1730,0.025,0.0,1.0,0.0,7.598641154440966
tfnbs,"e=0.4,h=5.0,n=30,start_thres=1.25",hub,0.25,10,6,40,1730,1,0,39,1730,0.025,0.0,1.0,0.0,7.598641154440966
tfnbs,"e=0.4,h=6.0,n=30,start_thres=1.25",hub,0.25,10,6,40,1730,1,0,39,1730,0.025,0.0,1.0,0.0,7.598641154440966
tfnbs,"e=0.4,h=7.0,n=30,start_thres=1.25",hub,0.25,10,6,40,1730,1,0,39,1730,0.025,0.0,1.0,0.0,7.598641154440966
tfnbs,"e=0.4,h=8.0,n=30,start_thres=1.25",hub,0.25,10,6,40,1730,1,0,39,1730,0.025,0.0,1.0,0.0,7.598641154440966
tfnbs,"e=0.4,h=9.0,n=30,start_thres=1.25",hub,0.25,10,6,40,1730,1,0,39,1730,0.025,0.0,1.0,0.0,7.598641154440966
tfnbs,"e=0.4,h=10.0,n=30,start_thres=1.25",hub,0.25,10,6,40,1730,1,0,39,1730,0.025,0.0,1.0,0.0,7.598641154440966
tfnbs,"e=0.5,h=0.5,n=30,start_thres=1.25",hub,0.25,10,6,40,1730,4,2,36,1728,0.1,0.0011560693641618,0.6666666666666666,0.3333333333333333,7.598641154440966
tfnbs,"e=0.5,h=1.0,n=30,start_thres=1.25",hub,0.25,10,6,40,1730,4,0,36,1730,0.1,0.0,1.0,0.0,7.598641154440966
tfnbs,"e=0.5,h=2.0,n=30,start_thres=1.25",hub,0.25,10,6,40,1730,3,0,37,1730,0.075,0.0,1.0,0.0,7.598641154440966
tfnbs,"e=0.5,h=3.0,n=30,start_thres=1.25",hub,0.25,10,6,40,1730,1,0,39,1730,0.025,0.0,1.0,0.0,7.598641154440966
tfnbs,"e=0.5,h=4.0,n=30,start_thres=1.25",hub,0.25,10,6,40,1730,1,0,39,1730,0.025,0.0,1.0,0.0,7.598641154440966
tfnbs,"e=0.5,h=5.0,n=30,start_thres=1.25",hub,0.25,10,6,40,1730,1,0,39,1730,0.025,0.0,1.0,0.0,7.598641154440966
tfnbs,"e=0.5,h=6.0,n=30,start_thres=1.25",hub,0.25,10,6,40,1730,1,0,39,1730,0.025,0.0,1.0,0.0,7.598641154440966
tfnbs,"e=0.5,h=7.0,n=30,start_thres=1.25",hub,0.25,10,6,40,1730,1,0,39,1730,0.025,0.0,1.0,0.0,7.598641154440966
tfnbs,"e=0.5,h=8.0,n=30,start_thres=1.25",hub,0.25,10,6,40,1730,1,0,39,1730,0.025,0.0,1.0,0.0,7.598641154440966
tfnbs,"e=0.5,h=9.0,n=30,start_thres=1.25",hub,0.25,10,6,40,1730,1,0,39,1730,0.025,0.0,1.0,0.0,7.598641154440966
tfnbs,"e=0.5,h=10.0,n=30,start_thres=1.25",hub,0.25,10,6,40,1730,1,0,39,1730,0.025,0.0,1.0,0.0,7.598641154440966
tfnbs,"e=0.6,h=0.5,n=30,start_thres=1.25",hub,0.25,10,6,40,1730,5,2,35,1728,0.125,0.0011560693641618,0.7142857142857143,0.2857142857142857,7.598641154440966
tfnbs,"e=0.6,h=1.0,n=30,start_thres=1.25",hub,0.25,10,6,40,1730,5,2,35,1728,0.125,0.0011560693641618,0.7142857142857143,0.2857142857142857,7.598641154440966
tfnbs,"e=0.6,h=2.0,n=30,start_thres=1.25",hub,0.25,10,6,40,1730,4,0,36,1730,0.1,0.0,1.0,0.0,7.598641154440966
tfnbs,"e=0.6,h=3.0,n=30,start_thres=1.25",hub,0.25,10,6,40,1730,3,0,37,1730,0.075,0.0,1.0,0.0,7.598641154440966
tfnbs,"e=0.6,h=4.0,n=30,start_thres=1.25",hub,0.25,10,6,40,1730,1,0,39,1730,0.025,0.0,1.0,0.0,7.598641154440966
tfnbs,"e=0.6,h=5.0,n=30,start_thres=1.25",hub,0.25,10,6,40,1730,1,0,39,1730,0.025,0.0,1.0,0.0,7.598641154440966
tfnbs,"e=0.6,h=6.0,n=30,start_thres=1.25",hub,0.25,10,6,40,1730,1,0,39,1730,0.025,0.0,1.0,0.0,7.598641154440966
tfnbs,"e=0.6,h=7.0,n=30,start_thres=1.25",hub,0.25,10,6,40,1730,1,0,39,1730,0.025,0.0,1.0,0.0,7.598641154440966
tfnbs,"e=0.6,h=8.0,n=30,start_thres=1.25",hub,0.25,10,6,40,1730,1,0,39,1730,0.025,0.0,1.0,0.0,7.598641154440966
tfnbs,"e=0.6,h=9.0,n=30,start_thres=1.25",hub,0.25,10,6,40,1730,1,0,39,1730,0.025,0.0,1.0,0.0,7.598641154440966
tfnbs,"e=0.6,h=10.0,n=30,start_thres=1.25",hub,0.25,10,6,40,1730,1,0,39,1730,0.025,0.0,1.0,0.0,7.598641154440966
tfnbs,"e=0.7,h=0.5,n=30,start_thres=1.25",hub,0.25,10,6,40,1730,5,2,35,1728,0.125,0.0011560693641618,0.7142857142857143,0.2857142857142857,7.598641154440966
tfnbs,"e=0.7,h=1.0,n=30,start_thres=1.25",hub,0.25,10,6,40,1730,5,2,35,1728,0.125,0.0011560693641618,0.7142857142857143,0.2857142857142857,7.598641154440966
tfnbs,"e=0.7,h=2.0,n=30,start_thres=1.25",hub,0.25,10,6,40,1730,5,2,35,1728,0.125,0.0011560693641618,0.7142857142857143,0.2857142857142857,7.598641154440966
tfnbs,"e=0.7,h=3.0,n=30,start_thres=1.25",hub,0.25,10,6,40,1730,4,0,36,1730,0.1,0.0,1.0,0.0,7.598641154440966
tfnbs,"e=0.7,h=4.0,n=30,start_thres=1.25",hub,0.25,10,6,40,1730,3,0,37,1730,0.075,0.0,1.0,0.0,7.598641154440966
tfnbs,"e=0.7,h=5.0,n=30,start_thres=1.25",hub,0.25,10,6,40,1730,1,0,39,1730,0.025,0.0,1.0,0.0,7.598641154440966
tfnbs,"e=0.7,h=6.0,n=30,start_thres=1.25",hub,0.25,10,6,40,1730,1,0,39,1730,0.025,0.0,1.0,0.0,7.598641154440966
tfnbs,"e=0.7,h=7.0,n=30,start_thres=1.25",hub,0.25,10,6,40,1730,1,0,39,1730,0.025,0.0,1.0,0.0,7.598641154440966
tfnbs,"e=0.7,h=8.0,n=30,start_thres=1.25",hub,0.25,10,6,40,1730,1,0,39,1730,0.025,0.0,1.0,0.0,7.598641154440966
tfnbs,"e=0.7,h=9.0,n=30,start_thres=1.25",hub,0.25,10,6,40,1730,1,0,39,1730,0.025,0.0,1.0,0.0,7.598641154440966
tfnbs,"e=0.7,h=10.0,n=30,start_thres=1.25",hub,0.25,10,6,40,1730,1,0,39,1730,0.025,0.0,1.0,0.0,7.598641154440966
tfnbs,"e=0.8,h=0.5,n=30,start_thres=1.25",hub,0.25,10,6,40,1730,5,2,35,1728,0.125,0.0011560693641618,0.7142857142857143,0.2857142857142857,7.598641154440966
tfnbs,"e=0.8,h=1.0,n=30,start_thres=1.25",hub,0.25,10,6,40,1730,5,2,35,1728,0.125,0.0011560693641618,0.7142857142857143,0.2857142857142857,7.598641154440966
tfnbs,"e=0.8,h=2.0,n=30,start_thres=1.25",hub,0.25,10,6,40,1730,5,2,35,1728,0.125,0.0011560693641618,0.7142857142857143,0.2857142857142857,7.598641154440966
tfnbs,"e=0.8,h=3.0,n=30,start_thres=1.25",hub,0.25,10,6,40,1730,4,2,36,1728,0.1,0.0011560693641618,0.6666666666666666,0.3333333333333333,7.598641154440966
tfnbs,"e=0.8,h=4.0,n=30,start_thres=1.25",hub,0.25,10,6,40,1730,3,0,37,1730,0.075,0.0,1.0,0.0,7.598641154440966
tfnbs,"e=0.8,h=5.0,n=30,start_thres=1.25",hub,0.25,10,6,40,1730,3,0,37,1730,0.075,0.0,1.0,0.0,7.598641154440966
tfnbs,"e=0.8,h=6.0,n=30,start_thres=1.25",hub,0.25,10,6,40,1730,1,0,39,1730,0.025,0.0,1.0,0.0,7.598641154440966
tfnbs,"e=0.8,h=7.0,n=30,start_thres=1.25",hub,0.25,10,6,40,1730,1,0,39,1730,0.025,0.0,1.0,0.0,7.598641154440966
tfnbs,"e=0.8,h=8.0,n=30,start_thres=1.25",hub,0.25,10,6,40,1730,1,0,39,1730,0.025,0.0,1.0,0.0,7.598641154440966
tfnbs,"e=0.8,h=9.0,n=30,start_thres=1.25",hub,0.25,10,6,40,1730,1,0,39,1730,0.025,0.0,1.0,0.0,7.598641154440966
tfnbs,"e=0.8,h=10.0,n=30,start_thres=1.25",hub,0.25,10,6,40,1730,1,0,39,1730,0.025,0.0,1.0,0.0,7.598641154440966
tfnbs,"e=0.9,h=0.5,n=30,start_thres=1.25",hub,0.25,10,6,40,1730,7,2,33,1728,0.175,0.0011560693641618,0.7777777777777778,0.2222222222222222,7.598641154440966
tfnbs,"e=0.9,h=1.0,n=30,start_thres=1.25",hub,0.25,10,6,40,1730,7,2,33,1728,0.175,0.0011560693641618,0.7777777777777778,0.2222222222222222,7.598641154440966
tfnbs,"e=0.9,h=2.0,n=30,start_thres=1.25",hub,0.25,10,6,40,1730,5,2,35,1728,0.125,0.0011560693641618,0.7142857142857143,0.2857142857142857,7.598641154440966
tfnbs,"e=0.9,h=3.0,n=30,start_thres=1.25",hub,0.25,10,6,40,1730,5,2,35,1728,0.125,0.0011560693641618,0.7142857142857143,0.2857142857142857,7.598641154440966
tfnbs,"e=0.9,h=4.0,n=30,start_thres=1.25",hub,0.25,10,6,40,1730,4,2,36,1728,0.1,0.0011560693641618,0.6666666666666666,0.3333333333333333,7.598641154440966
tfnbs,"e=0.9,h=5.0,n=30,start_thres=1.25",hub,0.25,10,6,40,1730,3,0,37,1730,0.075,0.0,1.0,0.0,7.598641154440966
tfnbs,"e=0.9,h=6.0,n=30,start_thres=1.25",hub,0.25,10,6,40,1730,3,0,37,1730,0.075,0.0,1.0,0.0,7.598641154440966
tfnbs,"e=0.9,h=7.0,n=30,start_thres=1.25",hub,0.25,10,6,40,1730,1,0,39,1730,0.025,0.0,1.0,0.0,7.598641154440966
tfnbs,"e=0.9,h=8.0,n=30,start_thres=1.25",hub,0.25,10,6,40,1730,1,0,39,1730,0.025,0.0,1.0,0.0,7.598641154440966
tfnbs,"e=0.9,h=9.0,n=30,start_thres=1.25",hub,0.25,10,6,40,1730,1,0,39,1730,0.025,0.0,1.0,0.0,7.598641154440966
tfnbs,"e=0.9,h=10.0,n=30,start_thres=1.25",hub,0.25,10,6,40,1730,1,0,39,1730,0.025,0.0,1.0,0.0,7.598641154440966
tfnbs,"e=1.0,h=0.5,n=30,start_thres=1.25",hub,0.25,10,6,40,1730,7,2,33,1728,0.175,0.0011560693641618,0.7777777777777778,0.2222222222222222,7.598641154440966
tfnbs,"e=1.0,h=1.0,n=30,start_thres=1.25",hub,0.25,10,6,40,1730,7,2,33,1728,0.175,0.0011560693641618,0.7777777777777778,0.2222222222222222,7.598641154440966
tfnbs,"e=1.0,h=2.0,n=30,start_thres=1.25",hub,0.25,10,6,40,1730,7,2,33,1728,0.175,0.0011560693641618,0.7777777777777778,0.2222222222222222,7.598641154440966
tfnbs,"e=1.0,h=3.0,n=30,start_thres=1.25",hub,0.25,10,6,40,1730,5,2,35,1728,0.125,0.0011560693641618,0.7142857142857143,0.2857142857142857,7.598641154440966
tfnbs,"e=1.0,h=4.0,n=30,start_thres=1.25",hub,0.25,10,6,40,1730,5,2,35,1728,0.125,0.0011560693641618,0.7142857142857143,0.2857142857142857,7.598641154440966
tfnbs,"e=1.0,h=5.0,n=30,start_thres=1.25",hub,0.25,10,6,40,1730,4,0,36,1730,0.1,0.0,1.0,0.0,7.598641154440966
tfnbs,"e=1.0,h=6.0,n=30,start_thres=1.25",hub,0.25,10,6,40,1730,3,0,37,1730,0.075,0.0,1.0,0.0,7.598641154440966
tfnbs,"e=1.0,h=7.0,n=30,start_thres=1.25",hub,0.25,10,6,40,1730,3,0,37,1730,0.075,0.0,1.0,0.0,7.598641154440966
tfnbs,"e=1.0,h=8.0,n=30,start_thres=1.25",hub,0.25,10,6,40,1730,1,0,39,1730,0.025,0.0,1.0,0.0,7.598641154440966
tfnbs,"e=1.0,h=9.0,n=30,start_thres=1.25",hub,0.25,10,6,40,1730,1,0,39,1730,0.025,0.0,1.0,0.0,7.598641154440966
tfnbs,"e=1.0,h=10.0,n=30,start_thres=1.25",hub,0.25,10,6,40,1730,1,0,39,1730,0.025,0.0,1.0,0.0,7.598641154440966
tfnbs,"e=1.1,h=0.5,n=30,start_thres=1.25",hub,0.25,10,6,40,1730,7,2,33,1728,0.175,0.0011560693641618,0.7777777777777778,0.2222222222222222,7.598641154440966
tfnbs,"e=1.1,h=1.0,n=30,start_thres=1.25",hub,0.25,10,6,40,1730,7,2,33,1728,0.175,0.0011560693641618,0.7777777777777778,0.2222222222222222,7.598641154440966
tfnbs,"e=1.1,h=2.0,n=30,start_thres=1.25",hub,0.25,10,6,40,1730,8,2,32,1728,0.2,0.0011560693641618,0.8,0.2,7.598641154440966
tfnbs,"e=1.1,h=3.0,n=30,start_thres=1.25",hub,0.25,10,6,40,1730,7,2,33,1728,0.175,0.0011560693641618,0.7777777777777778,0.2222222222222222,7.598641154440966
tfnbs,"e=1.1,h=4.0,n=30,start_thres=1.25",hub,0.25,10,6,40,1730,5,2,35,1728,0.125,0.0011560693641618,0.7142857142857143,0.2857142857142857,7.598641154440966
tfnbs,"e=1.1,h=5.0,n=30,start_thres=1.25",hub,0.25,10,6,40,1730,5,2,35,1728,0.125,0.0011560693641618,0.7142857142857143,0.2857142857142857,7.598641154440966
tfnbs,"e=1.1,h=6.0,n=30,start_thres=1.25",hub,0.25,10,6,40,1730,3,0,37,1730,0.075,0.0,1.0,0.0,7.598641154440966
tfnbs,"e=1.1,h=7.0,n=30,start_thres=1.25",hub,0.25,10,6,40,1730,3,0,37,1730,0.075,0.0,1.0,0.0,7.598641154440966
tfnbs,"e=1.1,h=8.0,n=30,start_thres=1.25",hub,0.25,10,6,40,1730,1,0,39,1730,0.025,0.0,1.0,0.0,7.598641154440966
tfnbs,"e=1.1,h=9.0,n=30,start_thres=1.25",hub,0.25,10,6,40,1730,1,0,39,1730,0.025,0.0,1.0,0.0,7.598641154440966
tfnbs,"e=1.1,h=10.0,n=30,start_thres=1.25",hub,0.25,10,6,40,1730,1,0,39,1730,0.025,0.0,1.0,0.0,7.598641154440966
tfnbs,"e=1.2,h=0.5,n=30,start_thres=1.25",hub,0.25,10,6,40,1730,7,2,33,1728,0.175,0.0011560693641618,0.7777777777777778,0.2222222222222222,7.598641154440966
tfnbs,"e=1.2,h=1.0,n=30,start_thres=1.25",hub,0.25,10,6,40,1730,7,2,33,1728,0.175,0.0011560693641618,0.7777777777777778,0.2222222222222222,7.598641154440966
tfnbs,"e=1.2,h=2.0,n=30,start_thres=1.25",hub,0.25,10,6,40,1730,8,2,32,1728,0.2,0.0011560693641618,0.8,0.2,7.598641154440966
tfnbs,"e=1.2,h=3.0,n=30,start_thres=1.25",hub,0.25,10,6,40,1730,7,2,33,1728,0.175,0.0011560693641618,0.7777777777777778,0.2222222222222222,7.598641154440966
tfnbs,"e=1.2,h=4.0,n=30,start_thres=1.25",hub,0.25,10,6,40,1730,7,2,33,1728,0.175,0.0011560693641618,0.7777777777777778,0.2222222222222222,7.598641154440966
tfnbs,"e=1.2,h=5.0,n=30,start_thres=1.25",hub,0.25,10,6,40,1730,5,2,35,1728,0.125,0.0011560693641618,0.7142857142857143,0.2857142857142857,7.598641154440966
tfnbs,"e=1.2,h=6.0,n=30,start_thres=1.25",hub,0.25,10,6,40,1730,4,2,36,1728,0.1,0.0011560693641618,0.6666666666666666,0.3333333333333333,7.598641154440966
tfnbs,"e=1.2,h=7.0,n=30,start_thres=1.25",hub,0.25,10,6,40,1730,3,0,37,1730,0.075,0.0,1.0,0.0,7.598641154440966
tfnbs,"e=1.2,h=8.0,n=30,start_thres=1.25",hub,0.25,10,6,40,1730,3,0,37,1730,0.075,0.0,1.0,0.0,7.598641154440966
tfnbs,"e=1.2,h=9.0,n=30,start_thres=1.25",hub,0.25,10,6,40,1730,1,0,39,1730,0.025,0.0,1.0,0.0,7.598641154440966
tfnbs,"e=1.2,h=10.0,n=30,start_thres=1.25",hub,0.25,10,6,40,1730,1,0,39,1730,0.025,0.0,1.0,0.0,7.598641154440966
tfnbs,"e=1.3,h=0.5,n=30,start_thres=1.25",hub,0.25,10,6,40,1730,5,2,35,1728,0.125,0.0011560693641618,0.7142857142857143,0.2857142857142857,7.598641154440966
tfnbs,"e=1.3,h=1.0,n=30,start_thres=1.25",hub,0.25,10,6,40,1730,7,2,33,1728,0.175,0.0011560693641618,0.7777777777777778,0.2222222222222222,7.598641154440966
tfnbs,"e=1.3,h=2.0,n=30,start_thres=1.25",hub,0.25,10,6,40,1730,8,2,32,1728,0.2,0.0011560693641618,0.8,0.2,7.598641154440966
tfnbs,"e=1.3,h=3.0,n=30,start_thres=1.25",hub,0.25,10,6,40,1730,8,2,32,1728,0.2,0.0011560693641618,0.8,0.2,7.598641154440966
tfnbs,"e=1.3,h=4.0,n=30,start_thres=1.25",hub,0.25,10,6,40,1730,7,2,33,1728,0.175,0.0011560693641618,0.7777777777777778,0.2222222222222222,7.598641154440966
tfnbs,"e=1.3,h=5.0,n=30,start_thres=1.25",hub,0.25,10,6,40,1730,7,2,33,1728,0.175,0.0011560693641618,0.7777777777777778,0.2222222222222222,7.598641154440966
tfnbs,"e=1.3,h=6.0,n=30,start_thres=1.25",hub,0.25,10,6,40,1730,5,2,35,1728,0.125,0.0011560693641618,0.7142857142857143,0.2857142857142857,7.598641154440966
tfnbs,"e=1.3,h=7.0,n=30,start_thres=1.25",hub,0.25,10,6,40,1730,4,0,36,1730,0.1,0.0,1.0,0.0,7.598641154440966
tfnbs,"e=1.3,h=8.0,n=30,start_thres=1.25",hub,0.25,10,6,40,1730,3,0,37,1730,0.075,0.0,1.0,0.0,7.598641154440966
tfnbs,"e=1.3,h=9.0,n=30,start_thres=1.25",hub,0.25,10,6,40,1730,3,0,37,1730,0.075,0.0,1.0,0.0,7.598641154440966
tfnbs,"e=1.3,h=10.0,n=30,start_thres=1.25",hub,0.25,10,6,40,1730,1,0,39,1730,0.025,0.0,1.0,0.0,7.598641154440966
tfnbs,"e=1.4,h=0.5,n=30,start_thres=1.25",hub,0.25,10,6,40,1730,5,2,35,1728,0.125,0.0011560693641618,0.7142857142857143,0.2857142857142857,7.598641154440966
tfnbs,"e=1.4,h=1.0,n=30,start_thres=1.25",hub,0.25,10,6,40,1730,7,2,33,1728,0.175,0.0011560693641618,0.7777777777777778,0.2222222222222222,7.598641154440966
tfnbs,"e=1.4,h=2.0,n=30,start_thres=1.25",hub,0.25,10,6,40,1730,8,2,32,1728,0.2,0.0011560693641618,0.8,0.2,7.598641154440966
tfnbs,"e=1.4,h=3.0,n=30,start_thres=1.25",hub,0.25,10,6,40,1730,8,2,32,1728,0.2,0.0011560693641618,0.8,0.2,7.598641154440966
tfnbs,"e=1.4,h=4.0,n=30,start_thres=1.25",hub,0.25,10,6,40,1730,8,2,32,1728,0.2,0.0011560693641618,0.8,0.2,7.598641154440966
tfnbs,"e=1.4,h=5.0,n=30,start_thres=1.25",hub,0.25,10,6,40,1730,7,2,33,1728,0.175,0.0011560693641618,0.7777777777777778,0.2222222222222222,7.598641154440966
tfnbs,"e=1.4,h=6.0,n=30,start_thres=1.25",hub,0.25,10,6,40,1730,7,2,33,1728,0.175,0.0011560693641618,0.7777777777777778,0.2222222222222222,7.598641154440966
tfnbs,"e=1.4,h=7.0,n=30,start_thres=1.25",hub,0.25,10,6,40,1730,5,2,35,1728,0.125,0.0011560693641618,0.7142857142857143,0.2857142857142857,7.598641154440966
tfnbs,"e=1.4,h=8.0,n=30,start_thres=1.25",hub,0.25,10,6,40,1730,3,0,37,1730,0.075,0.0,1.0,0.0,7.598641154440966
tfnbs,"e=1.4,h=9.0,n=30,start_thres=1.25",hub,0.25,10,6,40,1730,3,0,37,1730,0.075,0.0,1.0,0.0,7.598641154440966
tfnbs,"e=1.4,h=10.0,n=30,start_thres=1.25",hub,0.25,10,6,40,1730,3,0,37,1730,0.075,0.0,1.0,0.0,7.598641154440966
tfnbs,"e=1.5,h=0.5,n=30,start_thres=1.25",hub,0.25,10,6,40,1730,1,0,39,1730,0.025,0.0,1.0,0.0,7.598641154440966
tfnbs,"e=1.5,h=1.0,n=30,start_thres=1.25",hub,0.25,10,6,40,1730,5,2,35,1728,0.125,0.0011560693641618,0.7142857142857143,0.2857142857142857,7.598641154440966
tfnbs,"e=1.5,h=2.0,n=30,start_thres=1.25",hub,0.25,10,6,40,1730,8,2,32,1728,0.2,0.0011560693641618,0.8,0.2,7.598641154440966
tfnbs,"e=1.5,h=3.0,n=30,start_thres=1.25",hub,0.25,10,6,40,1730,8,2,32,1728,0.2,0.0011560693641618,0.8,0.2,7.598641154440966
tfnbs,"e=1.5,h=4.0,n=30,start_thres=1.25",hub,0.25,10,6,40,1730,8,2,32,1728,0.2,0.0011560693641618,0.8,0.2,7.598641154440966
tfnbs,"e=1.5,h=5.0,n=30,start_thres=1.25",hub,0.25,10,6,40,1730,8,2,32,1728,0.2,0.0011560693641618,0.8,0.2,7.598641154440966
tfnbs,"e=1.5,h=6.0,n=30,start_thres=1.25",hub,0.25,10,6,40,1730,7,2,33,1728,0.175,0.0011560693641618,0.7777777777777778,0.2222222222222222,7.598641154440966
tfnbs,"e=1.5,h=7.0,n=30,start_thres=1.25",hub,0.25,10,6,40,1730,5,2,35,1728,0.125,0.0011560693641618,0.7142857142857143,0.2857142857142857,7.598641154440966
tfnbs,"e=1.5,h=8.0,n=30,start_thres=1.25",hub,0.25,10,6,40,1730,4,1,36,1729,0.1,0.0005780346820809,0.8,0.2,7.598641154440966
tfnbs,"e=1.5,h=9.0,n=30,start_thres=1.25",hub,0.25,10,6,40,1730,3,0,37,1730,0.075,0.0,1.0,0.0,7.598641154440966
tfnbs,"e=1.5,h=10.0,n=30,start_thres=1.25",hub,0.25,10,6,40,1730,3,0,37,1730,0.075,0.0,1.0,0.0,7.598641154440966
tfnbs,"e=0.05,h=0.5,n=30,start_thres=1.25",hub,0.25,10,21,40,1730,1,0,39,1730,0.025,0.0,1.0,0.0,7.547791816971519
tfnbs,"e=0.05,h=1.0,n=30,start_thres=1.25",hub,0.25,10,21,40,1730,0,0,40,1730,0.0,0.0,0.0,0.0,7.547791816971519
tfnbs,"e=0.05,h=2.0,n=30,start_thres=1.25",hub,0.25,10,21,40,1730,0,0,40,1730,0.0,0.0,0.0,0.0,7.547791816971519
tfnbs,"e=0.05,h=3.0,n=30,start_thres=1.25",hub,0.25,10,21,40,1730,0,0,40,1730,0.0,0.0,0.0,0.0,7.547791816971519
tfnbs,"e=0.05,h=4.0,n=30,start_thres=1.25",hub,0.25,10,21,40,1730,0,0,40,1730,0.0,0.0,0.0,0.0,7.547791816971519
tfnbs,"e=0.05,h=5.0,n=30,start_thres=1.25",hub,0.25,10,21,40,1730,0,0,40,1730,0.0,0.0,0.0,0.0,7.547791816971519
tfnbs,"e=0.05,h=6.0,n=30,start_thres=1.25",hub,0.25,10,21,40,1730,0,0,40,1730,0.0,0.0,0.0,0.0,7.547791816971519
tfnbs,"e=0.05,h=7.0,n=30,start_thres=1.25",hub,0.25,10,21,40,1730,0,0,40,1730,0.0,0.0,0.0,0.0,7.547791816971519
tfnbs,"e=0.05,h=8.0,n=30,start_thres=1.25",hub,0.25,10,21,40,1730,0,0,40,1730,0.0,0.0,0.0,0.0,7.547791816971519
tfnbs,"e=0.05,h=9.0,n=30,start_thres=1.25",hub,0.25,10,21,40,1730,0,0,40,1730,0.0,0.0,0.0,0.0,7.547791816971519
tfnbs,"e=0.05,h=10.0,n=30,start_thres=1.25",hub,0.25,10,21,40,1730,0,0,40,1730,0.0,0.0,0.0,0.0,7.547791816971519
tfnbs,"e=0.1,h=0.5,n=30,start_thres=1.25",hub,0.25,10,21,40,1730,1,0,39,1730,0.025,0.0,1.0,0.0,7.547791816971519
tfnbs,"e=0.1,h=1.0,n=30,start_thres=1.25",hub,0.25,10,21,40,1730,1,0,39,1730,0.025,0.0,1.0,0.0,7.547791816971519
tfnbs,"e=0.1,h=2.0,n=30,start_thres=1.25",hub,0.25,10,21,40,1730,1,0,39,1730,0.025,0.0,1.0,0.0,7.547791816971519
tfnbs,"e=0.1,h=3.0,n=30,start_thres=1.25",hub,0.25,10,21,40,1730,0,0,40,1730,0.0,0.0,0.0,0.0,7.547791816971519
tfnbs,"e=0.1,h=4.0,n=30,start_thres=1.25",hub,0.25,10,21,40,1730,0,0,40,1730,0.0,0.0,0.0,0.0,7.547791816971519
tfnbs,"e=0.1,h=5.0,n=30,start_thres=1.25",hub,0.25,10,21,40,1730,0,0,40,1730,0.0,0.0,0.0,0.0,7.547791816971519
tfnbs,"e=0.1,h=6.0,n=30,start_thres=1.25",hub,0.25,10,21,40,1730,0,0,40,1730,0.0,0.0,0.0,0.0,7.547791816971519
tfnbs,"e=0.1,h=7.0,n=30,start_thres=1.25",hub,0.25,10,21,40,1730,0,0,40,1730,0.0,0.0,0.0,0.0,7.547791816971519
tfnbs,"e=0.1,h=8.0,n=30,start_thres=1.25",hub,0.25,10,21,40,1730,0,0,40,1730,0.0,0.0,0.0,0.0,7.547791816971519
tfnbs,"e=0.1,h=9.0,n=30,start_thres=1.25",hub,0.25,10,21,40,1730,0,0,40,1730,0.0,0.0,0.0,0.0,7.547791816971519
tfnbs,"e=0.1,h=10.0,n=30,start_thres=1.25",hub,0.25,10,21,40,1730,0,0,40,1730,0.0,0.0,0.0,0.0,7.547791816971519
tfnbs,"e=0.2,h=0.5,n=30,start_thres=1.25",hub,0.25,10,21,40,1730,1,0,39,1730,0.025,0.0,1.0,0.0,7.547791816971519
tfnbs,"e=0.2,h=1.0,n=30,start_thres=1.25",hub,0.25,10,21,40,1730,1,0,39,1730,0.025,0.0,1.0,0.0,7.547791816971519
tfnbs,"e=0.2,h=2.0,n=30,start_thres=1.25",hub,0.25,10,21,40,1730,1,0,39,1730,0.025,0.0,1.0,0.0,7.547791816971519
tfnbs,"e=0.2,h=3.0,n=30,start_thres=1.25",hub,0.25,10,21,40,1730,1,0,39,1730,0.025,0.0,1.0,0.0,7.547791816971519
tfnbs,"e=0.2,h=4.0,n=30,start_thres=1.25",hub,0.25,10,21,40,1730,1,0,39,1730,0.025,0.0,1.0,0.0,7.547791816971519
tfnbs,"e=0.2,h=5.0,n=30,start_thres=1.25",hub,0.25,10,21,40,1730,0,0,40,1730,0.0,0.0,0.0,0.0,7.547791816971519
tfnbs,"e=0.2,h=6.0,n=30,start_thres=1.25",hub,0.25,10,21,40,1730,0,0,40,1730,0.0,0.0,0.0,0.0,7.547791816971519
tfnbs,"e=0.2,h=7.0,n=30,start_thres=1.25",hub,0.25,10,21,40,1730,0,0,40,1730,0.0,0.0,0.0,0.0,7.547791816971519
tfnbs,"e=0.2,h=8.0,n=30,start_thres=1.25",hub,0.25,10,21,40,1730,0,0,40,1730,0.0,0.0,0.0,0.0,7.547791816971519
tfnbs,"e=0.2,h=9.0,n=30,start_thres=1.25",hub,0.25,10,21,40,1730,0,0,40,1730,0.0,0.0,0.0,0.0,7.547791816971519
tfnbs,"e=0.2,h=10.0,n=30,start_thres=1.25",hub,0.25,10,21,40,1730,0,0,40,1730,0.0,0.0,0.0,0.0,7.547791816971519
tfnbs,"e=0.3,h=0.5,n=30,start_thres=1.25",hub,0.25,10,21,40,1730,1,0,39,1730,0.025,0.0,1.0,0.0,7.547791816971519
tfnbs,"e=0.3,h=1.0,n=30,start_thres=1.25",hub,0.25,10,21,40,1730,1,0,39,1730,0.025,0.0,1.0,0.0,7.547791816971519
tfnbs,"e=0.3,h=2.0,n=30,start_thres=1.25",hub,0.25,10,21,40,1730,1,0,39,1730,0.025,0.0,1.0,0.0,7.547791816971519
tfnbs,"e=0.3,h=3.0,n=30,start_thres=1.25",hub,0.25,10,21,40,1730,1,0,39,1730,0.025,0.0,1.0,0.0,7.547791816971519
tfnbs,"e=0.3,h=4.0,n=30,start_thres=1.25",hub,0.25,10,21,40,1730,1,0,39,1730,0.025,0.0,1.0,0.0,7.547791816971519
tfnbs,"e=0.3,h=5.0,n=30,start_thres=1.25",hub,0.25,10,21,40,1730,1,0,39,1730,0.025,0.0,1.0,0.0,7.547791816971519
tfnbs,"e=0.3,h=6.0,n=30,start_thres=1.25",hub,0.25,10,21,40,1730,1,0,39,1730,0.025,0.0,1.0,0.0,7.547791816971519
tfnbs,"e=0.3,h=7.0,n=30,start_thres=1.25",hub,0.25,10,21,40,1730,0,0,40,1730,0.0,0.0,0.0,0.0,7.547791816971519
tfnbs,"e=0.3,h=8.0,n=30,start_thres=1.25",hub,0.25,10,21,40,1730,0,0,40,1730,0.0,0.0,0.0,0.0,7.547791816971519
tfnbs,"e=0.3,h=9.0,n=30,start_thres=1.25",hub,0.25,10,21,40,1730,0,0,40,1730,0.0,0.0,0.0,0.0,7.547791816971519
tfnbs,"e=0.3,h=10.0,n=30,start_thres=1.25",hub,0.25,10,21,40,1730,0,0,40,1730,0.0,0.0,0.0,0.0,7.547791816971519
tfnbs,"e=0.4,h=0.5,n=30,start_thres=1.25",hub,0.25,10,21,40,1730,1,0,39,1730,0.025,0.0,1.0,0.0,7.547791816971519
tfnbs,"e=0.4,h=1.0,n=30,start_thres=1.25",hub,0.25,10,21,40,1730,1,0,39,1730,0.025,0.0,1.0,0.0,7.547791816971519
tfnbs,"e=0.4,h=2.0,n=30,start_thres=1.25",hub,0.25,10,21,40,1730,1,0,39,1730,0.025,0.0,1.0,0.0,7.547791816971519
tfnbs,"e=0.4,h=3.0,n=30,start_thres=1.25",hub,0.25,10,21,40,1730,1,0,39,1730,0.025,0.0,1.0,0.0,7.547791816971519
tfnbs,"e=0.4,h=4.0,n=30,start_thres=1.25",hub,0.25,10,21,40,1730,1,0,39,1730,0.025,0.0,1.0,0.0,7.547791816971519
tfnbs,"e=0.4,h=5.0,n=30,start_thres=1.25",hub,0.25,10,21,40,1730,1,0,39,1730,0.025,0.0,1.0,0.0,7.547791816971519
tfnbs,"e=0.4,h=6.0,n=30,start_thres=1.25",hub,0.25,10,21,40,1730,1,0,39,1730,0.025,0.0,1.0,0.0,7.547791816971519
tfnbs,"e=0.4,h=7.0,n=30,start_thres=1.25",hub,0.25,10,21,40,1730,1,0,39,1730,0.025,0.0,1.0,0.0,7.547791816971519
tfnbs,"e=0.4,h=8.0,n=30,start_thres=1.25",hub,0.25,10,21,40,1730,0,0,40,1730,0.0,0.0,0.0,0.0,7.547791816971519
tfnbs,"e=0.4,h=9.0,n=30,start_thres=1.25",hub,0.25,10,21,40,1730,0,0,40,1730,0.0,0.0,0.0,0.0,7.547791816971519
tfnbs,"e=0.4,h=10.0,n=30,start_thres=1.25",hub,0.25,10,21,40,1730,0,0,40,1730,0.0,0.0,0.0,0.0,7.547791816971519
tfnbs,"e=0.5,h=0.5,n=30,start_thres=1.25",hub,0.25,10,21,40,1730,1,0,39,1730,0.025,0.0,1.0,0.0,7.547791816971519
tfnbs,"e=0.5,h=1.0,n=30,start_thres=1.25",hub,0.25,10,21,40,1730,1,0,39,1730,0.025,0.0,1.0,0.0,7.547791816971519
tfnbs,"e=0.5,h=2.0,n=30,start_thres=1.25",hub,0.25,10,21,40,1730,1,0,39,1730,0.025,0.0,1.0,0.0,7.547791816971519
tfnbs,"e=0.5,h=3.0,n=30,start_thres=1.25",hub,0.25,10,21,40,1730,1,0,39,1730,0.025,0.0,1.0,0.0,7.547791816971519
tfnbs,"e=0.5,h=4.0,n=30,start_thres=1.25",hub,0.25,10,21,40,1730,1,0,39,1730,0.025,0.0,1.0,0.0,7.547791816971519
tfnbs,"e=0.5,h=5.0,n=30,start_thres=1.25",hub,0.25,10,21,40,1730,1,0,39,1730,0.025,0.0,1.0,0.0,7.547791816971519
tfnbs,"e=0.5,h=6.0,n=30,start_thres=1.25",hub,0.25,10,21,40,1730,1,0,39,1730,0.025,0.0,1.0,0.0,7.547791816971519
tfnbs,"e=0.5,h=7.0,n=30,start_thres=1.25",hub,0.25,10,21,40,1730,1,0,39,1730,0.025,0.0,1.0,0.0,7.547791816971519
tfnbs,"e=0.5,h=8.0,n=30,start_thres=1.25",hub,0.25,10,21,40,1730,1,0,39,1730,0.025,0.0,1.0,0.0,7.547791816971519
tfnbs,"e=0.5,h=9.0,n=30,start_thres=1.25",hub,0.25,10,21,40,1730,0,0,40,1730,0.0,0.0,0.0,0.0,7.547791816971519
tfnbs,"e=0.5,h=10.0,n=30,start_thres=1.25",hub,0.25,10,21,40,1730,0,0,40,1730,0.0,0.0,0.0,0.0,7.547791816971519
tfnbs,"e=0.6,h=0.5,n=30,start_thres=1.25",hub,0.25,10,21,40,1730,2,0,38,1730,0.05,0.0,1.0,0.0,7.547791816971519
tfnbs,"e=0.6,h=1.0,n=30,start_thres=1.25",hub,0.25,10,21,40,1730,2,0,38,1730,0.05,0.0,1.0,0.0,7.547791816971519
tfnbs,"e=0.6,h=2.0,n=30,start_thres=1.25",hub,0.25,10,21,40,1730,1,0,39,1730,0.025,0.0,1.0,0.0,7.547791816971519
tfnbs,"e=0.6,h=3.0,n=30,start_thres=1.25",hub,0.25,10,21,40,1730,1,0,39,1730,0.025,0.0,1.0,0.0,7.547791816971519
tfnbs,"e=0.6,h=4.0,n=30,start_thres=1.25",hub,0.25,10,21,40,1730,1,0,39,1730,0.025,0.0,1.0,0.0,7.547791816971519
tfnbs,"e=0.6,h=5.0,n=30,start_thres=1.25",hub,0.25,10,21,40,1730,1,0,39,1730,0.025,0.0,1.0,0.0,7.547791816971519
tfnbs,"e=0.6,h=6.0,n=30,start_thres=1.25",hub,0.25,10,21,40,1730,1,0,39,1730,0.025,0.0,1.0,0.0,7.547791816971519
tfnbs,"e=0.6,h=7.0,n=30,start_thres=1.25",hub,0.25,10,21,40,1730,1,0,39,1730,0.025,0.0,1.0,0.0,7.547791816971519
tfnbs,"e=0.6,h=8.0,n=30,start_thres=1.25",hub,0.25,10,21,40,1730,1,0,39,1730,0.025,0.0,1.0,0.0,7.547791816971519
tfnbs,"e=0.6,h=9.0,n=30,start_thres=1.25",hub,0.25,10,21,40,1730,1,0,39,1730,0.025,0.0,1.0,0.0,7.547791816971519
tfnbs,"e=0.6,h=10.0,n=30,start_thres=1.25",hub,0.25,10,21,40,1730,0,0,40,1730,0.0,0.0,0.0,0.0,7.547791816971519
tfnbs,"e=0.7,h=0.5,n=30,start_thres=1.25",hub,0.25,10,21,40,1730,1,0,39,1730,0.025,0.0,1.0,0.0,7.547791816971519
tfnbs,"e=0.7,h=1.0,n=30,start_thres=1.25",hub,0.25,10,21,40,1730,2,0,38,1730,0.05,0.0,1.0,0.0,7.547791816971519
tfnbs,"e=0.7,h=2.0,n=30,start_thres=1.25",hub,0.25,10,21,40,1730,2,0,38,1730,0.05,0.0,1.0,0.0,7.547791816971519
tfnbs,"e=0.7,h=3.0,n=30,start_thres=1.25",hub,0.25,10,21,40,1730,1,0,39,1730,0.025,0.0,1.0,0.0,7.547791816971519
tfnbs,"e=0.7,h=4.0,n=30,start_thres=1.25",hub,0.25,10,21,40,1730,1,0,39,1730,0.025,0.0,1.0,0.0,7.547791816971519
tfnbs,"e=0.7,h=5.0,n=30,start_thres=1.25",hub,0.25,10,21,40,1730,1,0,39,1730,0.025,0.0,1.0,0.0,7.547791816971519
tfnbs,"e=0.7,h=6.0,n=30,start_thres=1.25",hub,0.25,10,21,40,1730,1,0,39,1730,0.025,0.0,1.0,0.0,7.547791816971519
tfnbs,"e=0.7,h=7.0,n=30,start_thres=1.25",hub,0.25,10,21,40,1730,1,0,39,1730,0.025,0.0,1.0,0.0,7.547791816971519
tfnbs,"e=0.7,h=8.0,n=30,start_thres=1.25",hub,0.25,10,21,40,1730,1,0,39,1730,0.025,0.0,1.0,0.0,7.547791816971519
tfnbs,"e=0.7,h=9.0,n=30,start_thres=1.25",hub,0.25,10,21,40,1730,1,0,39,1730,0.025,0.0,1.0,0.0,7.547791816971519
tfnbs,"e=0.7,h=10.0,n=30,start_thres=1.25",hub,0.25,10,21,40,1730,1,0,39,1730,0.025,0.0,1.0,0.0,7.547791816971519
tfnbs,"e=0.8,h=0.5,n=30,start_thres=1.25",hub,0.25,10,21,40,1730,0,0,40,1730,0.0,0.0,0.0,0.0,7.547791816971519
tfnbs,"e=0.8,h=1.0,n=30,start_thres=1.25",hub,0.25,10,21,40,1730,1,0,39,1730,0.025,0.0,1.0,0.0,7.547791816971519
tfnbs,"e=0.8,h=2.0,n=30,start_thres=1.25",hub,0.25,10,21,40,1730,2,0,38,1730,0.05,0.0,1.0,0.0,7.547791816971519
tfnbs,"e=0.8,h=3.0,n=30,start_thres=1.25",hub,0.25,10,21,40,1730,2,0,38,1730,0.05,0.0,1.0,0.0,7.547791816971519
tfnbs,"e=0.8,h=4.0,n=30,start_thres=1.25",hub,0.25,10,21,40,1730,1,0,39,1730,0.025,0.0,1.0,0.0,7.547791816971519
tfnbs,"e=0.8,h=5.0,n=30,start_thres=1.25",hub,0.25,10,21,40,1730,1,0,39,1730,0.025,0.0,1.0,0.0,7.547791816971519
tfnbs,"e=0.8,h=6.0,n=30,start_thres=1.25",hub,0.25,10,21,40,1730,1,0,39,1730,0.025,0.0,1.0,0.0,7.547791816971519
tfnbs,"e=0.8,h=7.0,n=30,start_thres=1.25",hub,0.25,10,21,40,1730,1,0,39,1730,0.025,0.0,1.0,0.0,7.547791816971519
tfnbs,"e=0.8,h=8.0,n=30,start_thres=1.25",hub,0.25,10,21,40,1730,1,0,39,1730,0.025,0.0,1.0,0.0,7.547791816971519
tfnbs,"e=0.8,h=9.0,n=30,start_thres=1.25",hub,0.25,10,21,40,1730,1,0,39,1730,0.025,0.0,1.0,0.0,7.547791816971519
tfnbs,"e=0.8,h=10.0,n=30,start_thres=1.25",hub,0.25,10,21,40,1730,1,0,39,1730,0.025,0.0,1.0,0.0,7.547791816971519
tfnbs,"e=0.9,h=0.5,n=30,start_thres=1.25",hub,0.25,10,21,40,1730,0,0,40,1730,0.0,0.0,0.0,0.0,7.547791816971519
tfnbs,"e=0.9,h=1.0,n=30,start_thres=1.25",hub,0.25,10,21,40,1730,0,0,40,1730,0.0,0.0,0.0,0.0,7.547791816971519
tfnbs,"e=0.9,h=2.0,n=30,start_thres=1.25",hub,0.25,10,21,40,1730,1,0,39,1730,0.025,0.0,1.0,0.0,7.547791816971519
tfnbs,"e=0.9,h=3.0,n=30,start_thres=1.25",hub,0.25,10,21,40,1730,2,0,38,1730,0.05,0.0,1.0,0.0,7.547791816971519
tfnbs,"e=0.9,h=4.0,n=30,start_thres=1.25",hub,0.25,10,21,40,1730,2,0,38,1730,0.05,0.0,1.0,0.0,7.547791816971519
tfnbs,"e=0.9,h=5.0,n=30,start_thres=1.25",hub,0.25,10,21,40,1730,1,0,39,1730,0.025,0.0,1.0,0.0,7.547791816971519
tfnbs,"e=0.9,h=6.0,n=30,start_thres=1.25",hub,0.25,10,21,40,1730,1,0,39,1730,0.025,0.0,1.0,0.0,7.547791816971519
tfnbs,"e=0.9,h=7.0,n=30,start_thres=1.25",hub,0.25,10,21,40,1730,1,0,39,1730,0.025,0.0,1.0,0.0,7.547791816971519
tfnbs,"e=0.9,h=8.0,n=30,start_thres=1.25",hub,0.25,10,21,40,1730,1,0,39,1730,0.025,0.0,1.0,0.0,7.547791816971519
tfnbs,"e=0.9,h=9.0,n=30,start_thres=1.25",hub,0.25,10,21,40,1730,1,0,39,1730,0.025,0.0,1.0,0.0,7.547791816971519
tfnbs,"e=0.9,h=10.0,n=30,start_thres=1.25",hub,0.25,10,21,40,1730,1,0,39,1730,0.025,0.0,1.0,0.0,7.547791816971519
tfnbs,"e=1.0,h=0.5,n=30,start_thres=1.25",hub,0.25,10,21,40,1730,0,0,40,1730,0.0,0.0,0.0,0.0,7.547791816971519
tfnbs,"e=1.0,h=1.0,n=30,start_thres=1.25",hub,0.25,10,21,40,1730,0,0,40,1730,0.0,0.0,0.0,0.0,7.547791816971519
tfnbs,"e=1.0,h=2.0,n=30,start_thres=1.25",hub,0.25,10,21,40,1730,1,0,39,1730,0.025,0.0,1.0,0.0,7.547791816971519
tfnbs,"e=1.0,h=3.0,n=30,start_thres=1.25",hub,0.25,10,21,40,1730,2,0,38,1730,0.05,0.0,1.0,0.0,7.547791816971519
tfnbs,"e=1.0,h=4.0,n=30,start_thres=1.25",hub,0.25,10,21,40,1730,2,0,38,1730,0.05,0.0,1.0,0.0,7.547791816971519
tfnbs,"e=1.0,h=5.0,n=30,start_thres=1.25",hub,0.25,10,21,40,1730,1,0,39,1730,0.025,0.0,1.0,0.0,7.547791816971519
tfnbs,"e=1.0,h=6.0,n=30,start_thres=1.25",hub,0.25,10,21,40,1730,1,0,39,1730,0.025,0.0,1.0,0.0,7.547791816971519
tfnbs,"e=1.0,h=7.0,n=30,start_thres=1.25",hub,0.25,10,21,40,1730,1,0,39,1730,0.025,0.0,1.0,0.0,7.547791816971519
tfnbs,"e=1.0,h=8.0,n=30,start_thres=1.25",hub,0.25,10,21,40,1730,1,0,39,1730,0.025,0.0,1.0,0.0,7.547791816971519
tfnbs,"e=1.0,h=9.0,n=30,start_thres=1.25",hub,0.25,10,21,40,1730,1,0,39,1730,0.025,0.0,1.0,0.0,7.547791816971519
tfnbs,"e=1.0,h=10.0,n=30,start_thres=1.25",hub,0.25,10,21,40,1730,1,0,39,1730,0.025,0.0,1.0,0.0,7.547791816971519
tfnbs,"e=1.1,h=0.5,n=30,start_thres=1.25",hub,0.25,10,21,40,1730,0,0,40,1730,0.0,0.0,0.0,0.0,7.547791816971519
tfnbs,"e=1.1,h=1.0,n=30,start_thres=1.25",hub,0.25,10,21,40,1730,0,0,40,1730,0.0,0.0,0.0,0.0,7.547791816971519
tfnbs,"e=1.1,h=2.0,n=30,start_thres=1.25",hub,0.25,10,21,40,1730,0,0,40,1730,0.0,0.0,0.0,0.0,7.547791816971519
tfnbs,"e=1.1,h=3.0,n=30,start_thres=1.25",hub,0.25,10,21,40,1730,1,0,39,1730,0.025,0.0,1.0,0.0,7.547791816971519
tfnbs,"e=1.1,h=4.0,n=30,start_thres=1.25",hub,0.25,10,21,40,1730,2,0,38,1730,0.05,0.0,1.0,0.0,7.547791816971519
tfnbs,"e=1.1,h=5.0,n=30,start_thres=1.25",hub,0.25,10,21,40,1730,2,0,38,1730,0.05,0.0,1.0,0.0,7.547791816971519
tfnbs,"e=1.1,h=6.0,n=30,start_thres=1.25",hub,0.25,10,21,40,1730,1,0,39,1730,0.025,0.0,1.0,0.0,7.547791816971519
tfnbs,"e=1.1,h=7.0,n=30,start_thres=1.25",hub,0.25,10,21,40,1730,1,0,39,1730,0.025,0.0,1.0,0.0,7.547791816971519
tfnbs,"e=1.1,h=8.0,n=30,start_thres=1.25",hub,0.25,10,21,40,1730,1,0,39,1730,0.025,0.0,1.0,0.0,7.547791816971519
tfnbs,"e=1.1,h=9.0,n=30,start_thres=1.25",hub,0.25,10,21,40,1730,1,0,39,1730,0.025,0.0,1.0,0.0,7.547791816971519
tfnbs,"e=1.1,h=10.0,n=30,start_thres=1.25",hub,0.25,10,21,40,1730,1,0,39,1730,0.025,0.0,1.0,0.0,7.547791816971519
tfnbs,"e=1.2,h=0.5,n=30,start_thres=1.25",hub,0.25,10,21,40,1730,0,0,40,1730,0.0,0.0,0.0,0.0,7.547791816971519
tfnbs,"e=1.2,h=1.0,n=30,start_thres=1.25",hub,0.25,10,21,40,1730,0,0,40,1730,0.0,0.0,0.0,0.0,7.547791816971519
tfnbs,"e=1.2,h=2.0,n=30,start_thres=1.25",hub,0.25,10,21,40,1730,0,0,40,1730,0.0,0.0,0.0,0.0,7.547791816971519
tfnbs,"e=1.2,h=3.0,n=30,start_thres=1.25",hub,0.25,10,21,40,1730,1,0,39,1730,0.025,0.0,1.0,0.0,7.547791816971519
tfnbs,"e=1.2,h=4.0,n=30,start_thres=1.25",hub,0.25,10,21,40,1730,2,0,38,1730,0.05,0.0,1.0,0.0,7.547791816971519
tfnbs,"e=1.2,h=5.0,n=30,start_thres=1.25",hub,0.25,10,21,40,1730,2,0,38,1730,0.05,0.0,1.0,0.0,7.547791816971519
tfnbs,"e=1.2,h=6.0,n=30,start_thres=1.25",hub,0.25,10,21,40,1730,1,0,39,1730,0.025,0.0,1.0,0.0,7.547791816971519
tfnbs,"e=1.2,h=7.0,n=30,start_thres=1.25",hub,0.25,10,21,40,1730,1,0,39,1730,0.025,0.0,1.0,0.0,7.547791816971519
tfnbs,"e=1.2,h=8.0,n=30,start_thres=1.25",hub,0.25,10,21,40,1730,1,0,39,1730,0.025,0.0,1.0,0.0,7.547791816971519
tfnbs,"e=1.2,h=9.0,n=30,start_thres=1.25",hub,0.25,10,21,40,1730,1,0,39,1730,0.025,0.0,1.0,0.0,7.547791816971519
tfnbs,"e=1.2,h=10.0,n=30,start_thres=1.25",hub,0.25,10,21,40,1730,1,0,39,1730,0.025,0.0,1.0,0.0,7.547791816971519
tfnbs,"e=1.3,h=0.5,n=30,start_thres=1.25",hub,0.25,10,21,40,1730,0,0,40,1730,0.0,0.0,0.0,0.0,7.547791816971519
tfnbs,"e=1.3,h=1.0,n=30,start_thres=1.25",hub,0.25,10,21,40,1730,0,0,40,1730,0.0,0.0,0.0,0.0,7.547791816971519
tfnbs,"e=1.3,h=2.0,n=30,start_thres=1.25",hub,0.25,10,21,40,1730,0,0,40,1730,0.0,0.0,0.0,0.0,7.547791816971519
tfnbs,"e=1.3,h=3.0,n=30,start_thres=1.25",hub,0.25,10,21,40,1730,0,0,40,1730,0.0,0.0,0.0,0.0,7.547791816971519
tfnbs,"e=1.3,h=4.0,n=30,start_thres=1.25",hub,0.25,10,21,40,1730,1,0,39,1730,0.025,0.0,1.0,0.0,7.547791816971519
tfnbs,"e=1.3,h=5.0,n=30,start_thres=1.25",hub,0.25,10,21,40,1730,2,0,38,1730,0.05,0.0,1.0,0.0,7.547791816971519
tfnbs,"e=1.3,h=6.0,n=30,start_thres=1.25",hub,0.25,10,21,40,1730,2,0,38,1730,0.05,0.0,1.0,0.0,7.547791816971519
tfnbs,"e=1.3,h=7.0,n=30,start_thres=1.25",hub,0.25,10,21,40,1730,1,0,39,1730,0.025,0.0,1.0,0.0,7.547791816971519
tfnbs,"e=1.3,h=8.0,n=30,start_thres=1.25",hub,0.25,10,21,40,1730,1,0,39,1730,0.025,0.0,1.0,0.0,7.547791816971519
tfnbs,"e=1.3,h=9.0,n=30,start_thres=1.25",hub,0.25,10,21,40,1730,1,0,39,1730,0.025,0.0,1.0,0.0,7.547791816971519
tfnbs,"e=1.3,h=10.0,n=30,start_thres=1.25",hub,0.25,10,21,40,1730,1,0,39,1730,0.025,0.0,1.0,0.0,7.547791816971519
tfnbs,"e=1.4,h=0.5,n=30,start_thres=1.25",hub,0.25,10,21,40,1730,0,0,40,1730,0.0,0.0,0.0,0.0,7.547791816971519
tfnbs,"e=1.4,h=1.0,n=30,start_thres=1.25",hub,0.25,10,21,40,1730,0,0,40,1730,0.0,0.0,0.0,0.0,7.547791816971519
tfnbs,"e=1.4,h=2.0,n=30,start_thres=1.25",hub,0.25,10,21,40,1730,0,0,40,1730,0.0,0.0,0.0,0.0,7.547791816971519
tfnbs,"e=1.4,h=3.0,n=30,start_thres=1.25",hub,0.25,10,21,40,1730,0,0,40,1730,0.0,0.0,0.0,0.0,7.547791816971519
tfnbs,"e=1.4,h=4.0,n=30,start_thres=1.25",hub,0.25,10,21,40,1730,0,0,40,1730,0.0,0.0,0.0,0.0,7.547791816971519
tfnbs,"e=1.4,h=5.0,n=30,start_thres=1.25",hub,0.25,10,21,40,1730,1,0,39,1730,0.025,0.0,1.0,0.0,7.547791816971519
tfnbs,"e=1.4,h=6.0,n=30,start_thres=1.25",hub,0.25,10,21,40,1730,2,0,38,1730,0.05,0.0,1.0,0.0,7.547791816971519
tfnbs,"e=1.4,h=7.0,n=30,start_thres=1.25",hub,0.25,10,21,40,1730,1,0,39,1730,0.025,0.0,1.0,0.0,7.547791816971519
tfnbs,"e=1.4,h=8.0,n=30,start_thres=1.25",hub,0.25,10,21,40,1730,1,0,39,1730,0.025,0.0,1.0,0.0,7.547791816971519
tfnbs,"e=1.4,h=9.0,n=30,start_thres=1.25",hub,0.25,10,21,40,1730,1,0,39,1730,0.025,0.0,1.0,0.0,7.547791816971519
tfnbs,"e=1.4,h=10.0,n=30,start_thres=1.25",hub,0.25,10,21,40,1730,1,0,39,1730,0.025,0.0,1.0,0.0,7.547791816971519
tfnbs,"e=1.5,h=0.5,n=30,start_thres=1.25",hub,0.25,10,21,40,1730,0,0,40,1730,0.0,0.0,0.0,0.0,7.547791816971519
tfnbs,"e=1.5,h=1.0,n=30,start_thres=1.25",hub,0.25,10,21,40,1730,0,0,40,1730,0.0,0.0,0.0,0.0,7.547791816971519
tfnbs,"e=1.5,h=2.0,n=30,start_thres=1.25",hub,0.25,10,21,40,1730,0,0,40,1730,0.0,0.0,0.0,0.0,7.547791816971519
tfnbs,"e=1.5,h=3.0,n=30,start_thres=1.25",hub,0.25,10,21,40,1730,0,0,40,1730,0.0,0.0,0.0,0.0,7.547791816971519
tfnbs,"e=1.5,h=4.0,n=30,start_thres=1.25",hub,0.25,10,21,40,1730,0,0,40,1730,0.0,0.0,0.0,0.0,7.547791816971519
tfnbs,"e=1.5,h=5.0,n=30,start_thres=1.25",hub,0.25,10,21,40,1730,1,0,39,1730,0.025,0.0,1.0,0.0,7.547791816971519
tfnbs,"e=1.5,h=6.0,n=30,start_thres=1.25",hub,0.25,10,21,40,1730,2,0,38,1730,0.05,0.0,1.0,0.0,7.547791816971519
tfnbs,"e=1.5,h=7.0,n=30,start_thres=1.25",hub,0.25,10,21,40,1730,2,0,38,1730,0.05,0.0,1.0,0.0,7.547791816971519
tfnbs,"e=1.5,h=8.0,n=30,start_thres=1.25",hub,0.25,10,21,40,1730,1,0,39,1730,0.025,0.0,1.0,0.0,7.547791816971519
tfnbs,"e=1.5,h=9.0,n=30,start_thres=1.25",hub,0.25,10,21,40,1730,1,0,39,1730,0.025,0.0,1.0,0.0,7.547791816971519
tfnbs,"e=1.5,h=10.0,n=30,start_thres=1.25",hub,0.25,10,21,40,1730,1,0,39,1730,0.025,0.0,1.0,0.0,7.547791816971519
tfnbs,"e=0.05,h=0.5,n=30,start_thres=1.25",hub,0.25,10,12,40,1730,0,0,40,1730,0.0,0.0,0.0,0.0,7.614324205301025
tfnbs,"e=0.05,h=1.0,n=30,start_thres=1.25",hub,0.25,10,12,40,1730,0,0,40,1730,0.0,0.0,0.0,0.0,7.614324205301025
tfnbs,"e=0.05,h=2.0,n=30,start_thres=1.25",hub,0.25,10,12,40,1730,0,0,40,1730,0.0,0.0,0.0,0.0,7.614324205301025
tfnbs,"e=0.05,h=3.0,n=30,start_thres=1.25",hub,0.25,10,12,40,1730,0,0,40,1730,0.0,0.0,0.0,0.0,7.614324205301025
tfnbs,"e=0.05,h=4.0,n=30,start_thres=1.25",hub,0.25,10,12,40,1730,0,0,40,1730,0.0,0.0,0.0,0.0,7.614324205301025
tfnbs,"e=0.05,h=5.0,n=30,start_thres=1.25",hub,0.25,10,12,40,1730,0,0,40,1730,0.0,0.0,0.0,0.0,7.614324205301025
tfnbs,"e=0.05,h=6.0,n=30,start_thres=1.25",hub,0.25,10,12,40,1730,0,0,40,1730,0.0,0.0,0.0,0.0,7.614324205301025
tfnbs,"e=0.05,h=7.0,n=30,start_thres=1.25",hub,0.25,10,12,40,1730,0,0,40,1730,0.0,0.0,0.0,0.0,7.614324205301025
tfnbs,"e=0.05,h=8.0,n=30,start_thres=1.25",hub,0.25,10,12,40,1730,0,0,40,1730,0.0,0.0,0.0,0.0,7.614324205301025
tfnbs,"e=0.05,h=9.0,n=30,start_thres=1.25",hub,0.25,10,12,40,1730,0,0,40,1730,0.0,0.0,0.0,0.0,7.614324205301025
tfnbs,"e=0.05,h=10.0,n=30,start_thres=1.25",hub,0.25,10,12,40,1730,0,0,40,1730,0.0,0.0,0.0,0.0,7.614324205301025
tfnbs,"e=0.1,h=0.5,n=30,start_thres=1.25",hub,0.25,10,12,40,1730,0,0,40,1730,0.0,0.0,0.0,0.0,7.614324205301025
tfnbs,"e=0.1,h=1.0,n=30,start_thres=1.25",hub,0.25,10,12,40,1730,0,0,40,1730,0.0,0.0,0.0,0.0,7.614324205301025
tfnbs,"e=0.1,h=2.0,n=30,start_thres=1.25",hub,0.25,10,12,40,1730,0,0,40,1730,0.0,0.0,0.0,0.0,7.614324205301025
tfnbs,"e=0.1,h=3.0,n=30,start_thres=1.25",hub,0.25,10,12,40,1730,0,0,40,1730,0.0,0.0,0.0,0.0,7.614324205301025
tfnbs,"e=0.1,h=4.0,n=30,start_thres=1.25",hub,0.25,10,12,40,1730,0,0,40,1730,0.0,0.0,0.0,0.0,7.614324205301025
tfnbs,"e=0.1,h=5.0,n=30,start_thres=1.25",hub,0.25,10,12,40,1730,0,0,40,1730,0.0,0.0,0.0,0.0,7.614324205301025
tfnbs,"e=0.1,h=6.0,n=30,start_thres=1.25",hub,0.25,10,12,40,1730,0,0,40,1730,0.0,0.0,0.0,0.0,7.614324205301025
tfnbs,"e=0.1,h=7.0,n=30,start_thres=1.25",hub,0.25,10,12,40,1730,0,0,40,1730,0.0,0.0,0.0,0.0,7.614324205301025
tfnbs,"e=0.1,h=8.0,n=30,start_thres=1.25",hub,0.25,10,12,40,1730,0,0,40,1730,0.0,0.0,0.0,0.0,7.614324205301025
tfnbs,"e=0.1,h=9.0,n=30,start_thres=1.25",hub,0.25,10,12,40,1730,0,0,40,1730,0.0,0.0,0.0,0.0,7.614324205301025
tfnbs,"e=0.1,h=10.0,n=30,start_thres=1.25",hub,0.25,10,12,40,1730,0,0,40,1730,0.0,0.0,0.0,0.0,7.614324205301025
tfnbs,"e=0.2,h=0.5,n=30,start_thres=1.25",hub,0.25,10,12,40,1730,0,0,40,1730,0.0,0.0,0.0,0.0,7.614324205301025
tfnbs,"e=0.2,h=1.0,n=30,start_thres=1.25",hub,0.25,10,12,40,1730,0,0,40,1730,0.0,0.0,0.0,0.0,7.614324205301025
tfnbs,"e=0.2,h=2.0,n=30,start_thres=1.25",hub,0.25,10,12,40,1730,0,0,40,1730,0.0,0.0,0.0,0.0,7.614324205301025
tfnbs,"e=0.2,h=3.0,n=30,start_thres=1.25",hub,0.25,10,12,40,1730,0,0,40,1730,0.0,0.0,0.0,0.0,7.614324205301025
tfnbs,"e=0.2,h=4.0,n=30,start_thres=1.25",hub,0.25,10,12,40,1730,0,0,40,1730,0.0,0.0,0.0,0.0,7.614324205301025
tfnbs,"e=0.2,h=5.0,n=30,start_thres=1.25",hub,0.25,10,12,40,1730,0,0,40,1730,0.0,0.0,0.0,0.0,7.614324205301025
tfnbs,"e=0.2,h=6.0,n=30,start_thres=1.25",hub,0.25,10,12,40,1730,0,0,40,1730,0.0,0.0,0.0,0.0,7.614324205301025
tfnbs,"e=0.2,h=7.0,n=30,start_thres=1.25",hub,0.25,10,12,40,1730,0,0,40,1730,0.0,0.0,0.0,0.0,7.614324205301025
tfnbs,"e=0.2,h=8.0,n=30,start_thres=1.25",hub,0.25,10,12,40,1730,0,0,40,1730,0.0,0.0,0.0,0.0,7.614324205301025
tfnbs,"e=0.2,h=9.0,n=30,start_thres=1.25",hub,0.25,10,12,40,1730,0,0,40,1730,0.0,0.0,0.0,0.0,7.614324205301025
tfnbs,"e=0.2,h=10.0,n=30,start_thres=1.25",hub,0.25,10,12,40,1730,0,0,40,1730,0.0,0.0,0.0,0.0,7.614324205301025
tfnbs,"e=0.3,h=0.5,n=30,start_thres=1.25",hub,0.25,10,12,40,1730,0,0,40,1730,0.0,0.0,0.0,0.0,7.614324205301025
tfnbs,"e=0.3,h=1.0,n=30,start_thres=1.25",hub,0.25,10,12,40,1730,0,0,40,1730,0.0,0.0,0.0,0.0,7.614324205301025
tfnbs,"e=0.3,h=2.0,n=30,start_thres=1.25",hub,0.25,10,12,40,1730,0,0,40,1730,0.0,0.0,0.0,0.0,7.614324205301025
tfnbs,"e=0.3,h=3.0,n=30,start_thres=1.25",hub,0.25,10,12,40,1730,0,0,40,1730,0.0,0.0,0.0,0.0,7.614324205301025
tfnbs,"e=0.3,h=4.0,n=30,start_thres=1.25",hub,0.25,10,12,40,1730,0,0,40,1730,0.0,0.0,0.0,0.0,7.614324205301025
tfnbs,"e=0.3,h=5.0,n=30,start_thres=1.25",hub,0.25,10,12,40,1730,0,0,40,1730,0.0,0.0,0.0,0.0,7.614324205301025
tfnbs,"e=0.3,h=6.0,n=30,start_thres=1.25",hub,0.25,10,12,40,1730,0,0,40,1730,0.0,0.0,0.0,0.0,7.614324205301025
tfnbs,"e=0.3,h=7.0,n=30,start_thres=1.25",hub,0.25,10,12,40,1730,0,0,40,1730,0.0,0.0,0.0,0.0,7.614324205301025
tfnbs,"e=0.3,h=8.0,n=30,start_thres=1.25",hub,0.25,10,12,40,1730,0,0,40,1730,0.0,0.0,0.0,0.0,7.614324205301025
tfnbs,"e=0.3,h=9.0,n=30,start_thres=1.25",hub,0.25,10,12,40,1730,0,0,40,1730,0.0,0.0,0.0,0.0,7.614324205301025
tfnbs,"e=0.3,h=10.0,n=30,start_thres=1.25",hub,0.25,10,12,40,1730,0,0,40,1730,0.0,0.0,0.0,0.0,7.614324205301025
tfnbs,"e=0.4,h=0.5,n=30,start_thres=1.25",hub,0.25,10,12,40,1730,0,0,40,1730,0.0,0.0,0.0,0.0,7.614324205301025
tfnbs,"e=0.4,h=1.0,n=30,start_thres=1.25",hub,0.25,10,12,40,1730,0,0,40,1730,0.0,0.0,0.0,0.0,7.614324205301025
tfnbs,"e=0.4,h=2.0,n=30,start_thres=1.25",hub,0.25,10,12,40,1730,0,0,40,1730,0.0,0.0,0.0,0.0,7.614324205301025
tfnbs,"e=0.4,h=3.0,n=30,start_thres=1.25",hub,0.25,10,12,40,1730,0,0,40,1730,0.0,0.0,0.0,0.0,7.614324205301025
tfnbs,"e=0.4,h=4.0,n=30,start_thres=1.25",hub,0.25,10,12,40,1730,0,0,40,1730,0.0,0.0,0.0,0.0,7.614324205301025
tfnbs,"e=0.4,h=5.0,n=30,start_thres=1.25",hub,0.25,10,12,40,1730,0,0,40,1730,0.0,0.0,0.0,0.0,7.614324205301025
tfnbs,"e=0.4,h=6.0,n=30,start_thres=1.25",hub,0.25,10,12,40,1730,0,0,40,1730,0.0,0.0,0.0,0.0,7.614324205301025
tfnbs,"e=0.4,h=7.0,n=30,start_thres=1.25",hub,0.25,10,12,40,1730,0,0,40,1730,0.0,0.0,0.0,0.0,7.614324205301025
tfnbs,"e=0.4,h=8.0,n=30,start_thres=1.25",hub,0.25,10,12,40,1730,0,0,40,1730,0.0,0.0,0.0,0.0,7.614324205301025
tfnbs,"e=0.4,h=9.0,n=30,start_thres=1.25",hub,0.25,10,12,40,1730,0,0,40,1730,0.0,0.0,0.0,0.0,7.614324205301025
tfnbs,"e=0.4,h=10.0,n=30,start_thres=1.25",hub,0.25,10,12,40,1730,0,0,40,1730,0.0,0.0,0.0,0.0,7.614324205301025
tfnbs,"e=0.5,h=0.5,n=30,start_thres=1.25",hub,0.25,10,12,40,1730,0,0,40,1730,0.0,0.0,0.0,0.0,7.614324205301025
tfnbs,"e=0.5,h=1.0,n=30,start_thres=1.25",hub,0.25,10,12,40,1730,0,0,40,1730,0.0,0.0,0.0,0.0,7.614324205301025
tfnbs,"e=0.5,h=2.0,n=30,start_thres=1.25",hub,0.25,10,12,40,1730,0,0,40,1730,0.0,0.0,0.0,0.0,7.614324205301025
tfnbs,"e=0.5,h=3.0,n=30,start_thres=1.25",hub,0.25,10,12,40,1730,0,0,40,1730,0.0,0.0,0.0,0.0,7.614324205301025
tfnbs,"e=0.5,h=4.0,n=30,start_thres=1.25",hub,0.25,10,12,40,1730,0,0,40,1730,0.0,0.0,0.0,0.0,7.614324205301025
tfnbs,"e=0.5,h=5.0,n=30,start_thres=1.25",hub,0.25,10,12,40,1730,0,0,40,1730,0.0,0.0,0.0,0.0,7.614324205301025
tfnbs,"e=0.5,h=6.0,n=30,start_thres=1.25",hub,0.25,10,12,40,1730,0,0,40,1730,0.0,0.0,0.0,0.0,7.614324205301025
tfnbs,"e=0.5,h=7.0,n=30,start_thres=1.25",hub,0.25,10,12,40,1730,0,0,40,1730,0.0,0.0,0.0,0.0,7.614324205301025
tfnbs,"e=0.5,h=8.0,n=30,start_thres=1.25",hub,0.25,10,12,40,1730,0,0,40,1730,0.0,0.0,0.0,0.0,7.614324205301025
tfnbs,"e=0.5,h=9.0,n=30,start_thres=1.25",hub,0.25,10,12,40,1730,0,0,40,1730,0.0,0.0,0.0,0.0,7.614324205301025
tfnbs,"e=0.5,h=10.0,n=30,start_thres=1.25",hub,0.25,10,12,40,1730,0,0,40,1730,0.0,0.0,0.0,0.0,7.614324205301025
tfnbs,"e=0.6,h=0.5,n=30,start_thres=1.25",hub,0.25,10,12,40,1730,0,0,40,1730,0.0,0.0,0.0,0.0,7.614324205301025
tfnbs,"e=0.6,h=1.0,n=30,start_thres=1.25",hub,0.25,10,12,40,1730,0,0,40,1730,0.0,0.0,0.0,0.0,7.614324205301025
tfnbs,"e=0.6,h=2.0,n=30,start_thres=1.25",hub,0.25,10,12,40,1730,0,0,40,1730,0.0,0.0,0.0,0.0,7.614324205301025
tfnbs,"e=0.6,h=3.0,n=30,start_thres=1.25",hub,0.25,10,12,40,1730,0,0,40,1730,0.0,0.0,0.0,0.0,7.614324205301025
tfnbs,"e=0.6,h=4.0,n=30,start_thres=1.25",hub,0.25,10,12,40,1730,0,0,40,1730,0.0,0.0,0.0,0.0,7.614324205301025
tfnbs,"e=0.6,h=5.0,n=30,start_thres=1.25",hub,0.25,10,12,40,1730,0,0,40,1730,0.0,0.0,0.0,0.0,7.614324205301025
tfnbs,"e=0.6,h=6.0,n=30,start_thres=1.25",hub,0.25,10,12,40,1730,0,0,40,1730,0.0,0.0,0.0,0.0,7.614324205301025
tfnbs,"e=0.6,h=7.0,n=30,start_thres=1.25",hub,0.25,10,12,40,1730,0,0,40,1730,0.0,0.0,0.0,0.0,7.614324205301025
tfnbs,"e=0.6,h=8.0,n=30,start_thres=1.25",hub,0.25,10,12,40,1730,0,0,40,1730,0.0,0.0,0.0,0.0,7.614324205301025
tfnbs,"e=0.6,h=9.0,n=30,start_thres=1.25",hub,0.25,10,12,40,1730,0,0,40,1730,0.0,0.0,0.0,0.0,7.614324205301025
tfnbs,"e=0.6,h=10.0,n=30,start_thres=1.25",hub,0.25,10,12,40,1730,0,0,40,1730,0.0,0.0,0.0,0.0,7.614324205301025
tfnbs,"e=0.7,h=0.5,n=30,start_thres=1.25",hub,0.25,10,12,40,1730,0,0,40,1730,0.0,0.0,0.0,0.0,7.614324205301025
tfnbs,"e=0.7,h=1.0,n=30,start_thres=1.25",hub,0.25,10,12,40,1730,0,0,40,1730,0.0,0.0,0.0,0.0,7.614324205301025
tfnbs,"e=0.7,h=2.0,n=30,start_thres=1.25",hub,0.25,10,12,40,1730,0,0,40,1730,0.0,0.0,0.0,0.0,7.614324205301025
tfnbs,"e=0.7,h=3.0,n=30,start_thres=1.25",hub,0.25,10,12,40,1730,0,0,40,1730,0.0,0.0,0.0,0.0,7.614324205301025
tfnbs,"e=0.7,h=4.0,n=30,start_thres=1.25",hub,0.25,10,12,40,1730,0,0,40,1730,0.0,0.0,0.0,0.0,7.614324205301025
tfnbs,"e=0.7,h=5.0,n=30,start_thres=1.25",hub,0.25,10,12,40,1730,0,0,40,1730,0.0,0.0,0.0,0.0,7.614324205301025
tfnbs,"e=0.7,h=6.0,n=30,start_thres=1.25",hub,0.25,10,12,40,1730,0,0,40,1730,0.0,0.0,0.0,0.0,7.614324205301025
tfnbs,"e=0.7,h=7.0,n=30,start_thres=1.25",hub,0.25,10,12,40,1730,0,0,40,1730,0.0,0.0,0.0,0.0,7.614324205301025
tfnbs,"e=0.7,h=8.0,n=30,start_thres=1.25",hub,0.25,10,12,40,1730,0,0,40,1730,0.0,0.0,0.0,0.0,7.614324205301025
tfnbs,"e=0.7,h=9.0,n=30,start_thres=1.25",hub,0.25,10,12,40,1730,0,0,40,1730,0.0,0.0,0.0,0.0,7.614324205301025
tfnbs,"e=0.7,h=10.0,n=30,start_thres=1.25",hub,0.25,10,12,40,1730,0,0,40,1730,0.0,0.0,0.0,0.0,7.614324205301025
tfnbs,"e=0.8,h=0.5,n=30,start_thres=1.25",hub,0.25,10,12,40,1730,0,0,40,1730,0.0,0.0,0.0,0.0,7.614324205301025
tfnbs,"e=0.8,h=1.0,n=30,start_thres=1.25",hub,0.25,10,12,40,1730,0,0,40,1730,0.0,0.0,0.0,0.0,7.614324205301025
tfnbs,"e=0.8,h=2.0,n=30,start_thres=1.25",hub,0.25,10,12,40,1730,0,0,40,1730,0.0,0.0,0.0,0.0,7.614324205301025
tfnbs,"e=0.8,h=3.0,n=30,start_thres=1.25",hub,0.25,10,12,40,1730,0,0,40,1730,0.0,0.0,0.0,0.0,7.614324205301025
tfnbs,"e=0.8,h=4.0,n=30,start_thres=1.25",hub,0.25,10,12,40,1730,0,0,40,1730,0.0,0.0,0.0,0.0,7.614324205301025
tfnbs,"e=0.8,h=5.0,n=30,start_thres=1.25",hub,0.25,10,12,40,1730,0,0,40,1730,0.0,0.0,0.0,0.0,7.614324205301025
tfnbs,"e=0.8,h=6.0,n=30,start_thres=1.25",hub,0.25,10,12,40,1730,0,0,40,1730,0.0,0.0,0.0,0.0,7.614324205301025
tfnbs,"e=0.8,h=7.0,n=30,start_thres=1.25",hub,0.25,10,12,40,1730,0,0,40,1730,0.0,0.0,0.0,0.0,7.614324205301025
tfnbs,"e=0.8,h=8.0,n=30,start_thres=1.25",hub,0.25,10,12,40,1730,0,0,40,1730,0.0,0.0,0.0,0.0,7.614324205301025
tfnbs,"e=0.8,h=9.0,n=30,start_thres=1.25",hub,0.25,10,12,40,1730,0,0,40,1730,0.0,0.0,0.0,0.0,7.614324205301025
tfnbs,"e=0.8,h=10.0,n=30,start_thres=1.25",hub,0.25,10,12,40,1730,0,0,40,1730,0.0,0.0,0.0,0.0,7.614324205301025
tfnbs,"e=0.9,h=0.5,n=30,start_thres=1.25",hub,0.25,10,12,40,1730,0,0,40,1730,0.0,0.0,0.0,0.0,7.614324205301025
tfnbs,"e=0.9,h=1.0,n=30,start_thres=1.25",hub,0.25,10,12,40,1730,0,0,40,1730,0.0,0.0,0.0,0.0,7.614324205301025
tfnbs,"e=0.9,h=2.0,n=30,start_thres=1.25",hub,0.25,10,12,40,1730,0,0,40,1730,0.0,0.0,0.0,0.0,7.614324205301025
tfnbs,"e=0.9,h=3.0,n=30,start_thres=1.25",hub,0.25,10,12,40,1730,0,0,40,1730,0.0,0.0,0.0,0.0,7.614324205301025
tfnbs,"e=0.9,h=4.0,n=30,start_thres=1.25",hub,0.25,10,12,40,1730,0,0,40,1730,0.0,0.0,0.0,0.0,7.614324205301025
tfnbs,"e=0.9,h=5.0,n=30,start_thres=1.25",hub,0.25,10,12,40,1730,0,0,40,1730,0.0,0.0,0.0,0.0,7.614324205301025
tfnbs,"e=0.9,h=6.0,n=30,start_thres=1.25",hub,0.25,10,12,40,1730,0,0,40,1730,0.0,0.0,0.0,0.0,7.614324205301025
tfnbs,"e=0.9,h=7.0,n=30,start_thres=1.25",hub,0.25,10,12,40,1730,0,0,40,1730,0.0,0.0,0.0,0.0,7.614324205301025
tfnbs,"e=0.9,h=8.0,n=30,start_thres=1.25",hub,0.25,10,12,40,1730,0,0,40,1730,0.0,0.0,0.0,0.0,7.614324205301025
tfnbs,"e=0.9,h=9.0,n=30,start_thres=1.25",hub,0.25,10,12,40,1730,0,0,40,1730,0.0,0.0,0.0,0.0,7.614324205301025
tfnbs,"e=0.9,h=10.0,n=30,start_thres=1.25",hub,0.25,10,12,40,1730,0,0,40,1730,0.0,0.0,0.0,0.0,7.614324205301025
tfnbs,"e=1.0,h=0.5,n=30,start_thres=1.25",hub,0.25,10,12,40,1730,0,0,40,1730,0.0,0.0,0.0,0.0,7.614324205301025
tfnbs,"e=1.0,h=1.0,n=30,start_thres=1.25",hub,0.25,10,12,40,1730,0,0,40,1730,0.0,0.0,0.0,0.0,7.614324205301025
tfnbs,"e=1.0,h=2.0,n=30,start_thres=1.25",hub,0.25,10,12,40,1730,0,0,40,1730,0.0,0.0,0.0,0.0,7.614324205301025
tfnbs,"e=1.0,h=3.0,n=30,start_thres=1.25",hub,0.25,10,12,40,1730,0,0,40,1730,0.0,0.0,0.0,0.0,7.614324205301025
tfnbs,"e=1.0,h=4.0,n=30,start_thres=1.25",hub,0.25,10,12,40,1730,0,0,40,1730,0.0,0.0,0.0,0.0,7.614324205301025
tfnbs,"e=1.0,h=5.0,n=30,start_thres=1.25",hub,0.25,10,12,40,1730,0,0,40,1730,0.0,0.0,0.0,0.0,7.614324205301025
tfnbs,"e=1.0,h=6.0,n=30,start_thres=1.25",hub,0.25,10,12,40,1730,0,0,40,1730,0.0,0.0,0.0,0.0,7.614324205301025
tfnbs,"e=1.0,h=7.0,n=30,start_thres=1.25",hub,0.25,10,12,40,1730,0,0,40,1730,0.0,0.0,0.0,0.0,7.614324205301025
tfnbs,"e=1.0,h=8.0,n=30,start_thres=1.25",hub,0.25,10,12,40,1730,0,0,40,1730,0.0,0.0,0.0,0.0,7.614324205301025
tfnbs,"e=1.0,h=9.0,n=30,start_thres=1.25",hub,0.25,10,12,40,1730,0,0,40,1730,0.0,0.0,0.0,0.0,7.614324205301025
tfnbs,"e=1.0,h=10.0,n=30,start_thres=1.25",hub,0.25,10,12,40,1730,0,0,40,1730,0.0,0.0,0.0,0.0,7.614324205301025
tfnbs,"e=1.1,h=0.5,n=30,start_thres=1.25",hub,0.25,10,12,40,1730,0,0,40,1730,0.0,0.0,0.0,0.0,7.614324205301025
tfnbs,"e=1.1,h=1.0,n=30,start_thres=1.25",hub,0.25,10,12,40,1730,0,0,40,1730,0.0,0.0,0.0,0.0,7.614324205301025
tfnbs,"e=1.1,h=2.0,n=30,start_thres=1.25",hub,0.25,10,12,40,1730,0,0,40,1730,0.0,0.0,0.0,0.0,7.614324205301025
tfnbs,"e=1.1,h=3.0,n=30,start_thres=1.25",hub,0.25,10,12,40,1730,0,0,40,1730,0.0,0.0,0.0,0.0,7.614324205301025
tfnbs,"e=1.1,h=4.0,n=30,start_thres=1.25",hub,0.25,10,12,40,1730,0,0,40,1730,0.0,0.0,0.0,0.0,7.614324205301025
tfnbs,"e=1.1,h=5.0,n=30,start_thres=1.25",hub,0.25,10,12,40,1730,0,0,40,1730,0.0,0.0,0.0,0.0,7.614324205301025
tfnbs,"e=1.1,h=6.0,n=30,start_thres=1.25",hub,0.25,10,12,40,1730,0,0,40,1730,0.0,0.0,0.0,0.0,7.614324205301025
tfnbs,"e=1.1,h=7.0,n=30,start_thres=1.25",hub,0.25,10,12,40,1730,0,0,40,1730,0.0,0.0,0.0,0.0,7.614324205301025
tfnbs,"e=1.1,h=8.0,n=30,start_thres=1.25",hub,0.25,10,12,40,1730,0,0,40,1730,0.0,0.0,0.0,0.0,7.614324205301025
tfnbs,"e=1.1,h=9.0,n=30,start_thres=1.25",hub,0.25,10,12,40,1730,0,0,40,1730,0.0,0.0,0.0,0.0,7.614324205301025
tfnbs,"e=1.1,h=10.0,n=30,start_thres=1.25",hub,0.25,10,12,40,1730,0,0,40,1730,0.0,0.0,0.0,0.0,7.614324205301025
tfnbs,"e=1.2,h=0.5,n=30,start_thres=1.25",hub,0.25,10,12,40,1730,0,0,40,1730,0.0,0.0,0.0,0.0,7.614324205301025
tfnbs,"e=1.2,h=1.0,n=30,start_thres=1.25",hub,0.25,10,12,40,1730,0,0,40,1730,0.0,0.0,0.0,0.0,7.614324205301025
tfnbs,"e=1.2,h=2.0,n=30,start_thres=1.25",hub,0.25,10,12,40,1730,0,0,40,1730,0.0,0.0,0.0,0.0,7.614324205301025
tfnbs,"e=1.2,h=3.0,n=30,start_thres=1.25",hub,0.25,10,12,40,1730,0,0,40,1730,0.0,0.0,0.0,0.0,7.614324205301025
tfnbs,"e=1.2,h=4.0,n=30,start_thres=1.25",hub,0.25,10,12,40,1730,0,0,40,1730,0.0,0.0,0.0,0.0,7.614324205301025
tfnbs,"e=1.2,h=5.0,n=30,start_thres=1.25",hub,0.25,10,12,40,1730,0,0,40,1730,0.0,0.0,0.0,0.0,7.614324205301025
tfnbs,"e=1.2,h=6.0,n=30,start_thres=1.25",hub,0.25,10,12,40,1730,0,0,40,1730,0.0,0.0,0.0,0.0,7.614324205301025
tfnbs,"e=1.2,h=7.0,n=30,start_thres=1.25",hub,0.25,10,12,40,1730,0,0,40,1730,0.0,0.0,0.0,0.0,7.614324205301025
tfnbs,"e=1.2,h=8.0,n=30,start_thres=1.25",hub,0.25,10,12,40,1730,0,0,40,1730,0.0,0.0,0.0,0.0,7.614324205301025
tfnbs,"e=1.2,h=9.0,n=30,start_thres=1.25",hub,0.25,10,12,40,1730,0,0,40,1730,0.0,0.0,0.0,0.0,7.614324205301025
tfnbs,"e=1.2,h=10.0,n=30,start_thres=1.25",hub,0.25,10,12,40,1730,0,0,40,1730,0.0,0.0,0.0,0.0,7.614324205301025
tfnbs,"e=1.3,h=0.5,n=30,start_thres=1.25",hub,0.25,10,12,40,1730,0,0,40,1730,0.0,0.0,0.0,0.0,7.614324205301025
tfnbs,"e=1.3,h=1.0,n=30,start_thres=1.25",hub,0.25,10,12,40,1730,0,0,40,1730,0.0,0.0,0.0,0.0,7.614324205301025
tfnbs,"e=1.3,h=2.0,n=30,start_thres=1.25",hub,0.25,10,12,40,1730,0,0,40,1730,0.0,0.0,0.0,0.0,7.614324205301025
tfnbs,"e=1.3,h=3.0,n=30,start_thres=1.25",hub,0.25,10,12,40,1730,0,0,40,1730,0.0,0.0,0.0,0.0,7.614324205301025
tfnbs,"e=1.3,h=4.0,n=30,start_thres=1.25",hub,0.25,10,12,40,1730,0,0,40,1730,0.0,0.0,0.0,0.0,7.614324205301025
tfnbs,"e=1.3,h=5.0,n=30,start_thres=1.25",hub,0.25,10,12,40,1730,0,0,40,1730,0.0,0.0,0.0,0.0,7.614324205301025
tfnbs,"e=1.3,h=6.0,n=30,start_thres=1.25",hub,0.25,10,12,40,1730,0,0,40,1730,0.0,0.0,0.0,0.0,7.614324205301025
tfnbs,"e=1.3,h=7.0,n=30,start_thres=1.25",hub,0.25,10,12,40,1730,0,0,40,1730,0.0,0.0,0.0,0.0,7.614324205301025
tfnbs,"e=1.3,h=8.0,n=30,start_thres=1.25",hub,0.25,10,12,40,1730,0,0,40,1730,0.0,0.0,0.0,0.0,7.614324205301025
tfnbs,"e=1.3,h=9.0,n=30,start_thres=1.25",hub,0.25,10,12,40,1730,0,0,40,1730,0.0,0.0,0.0,0.0,7.614324205301025
tfnbs,"e=1.3,h=10.0,n=30,start_thres=1.25",hub,0.25,10,12,40,1730,0,0,40,1730,0.0,0.0,0.0,0.0,7.614324205301025
tfnbs,"e=1.4,h=0.5,n=30,start_thres=1.25",hub,0.25,10,12,40,1730,0,0,40,1730,0.0,0.0,0.0,0.0,7.614324205301025
tfnbs,"e=1.4,h=1.0,n=30,start_thres=1.25",hub,0.25,10,12,40,1730,0,0,40,1730,0.0,0.0,0.0,0.0,7.614324205301025
tfnbs,"e=1.4,h=2.0,n=30,start_thres=1.25",hub,0.25,10,12,40,1730,0,0,40,1730,0.0,0.0,0.0,0.0,7.614324205301025
tfnbs,"e=1.4,h=3.0,n=30,start_thres=1.25",hub,0.25,10,12,40,1730,0,0,40,1730,0.0,0.0,0.0,0.0,7.614324205301025
tfnbs,"e=1.4,h=4.0,n=30,start_thres=1.25",hub,0.25,10,12,40,1730,0,0,40,1730,0.0,0.0,0.0,0.0,7.614324205301025
tfnbs,"e=1.4,h=5.0,n=30,start_thres=1.25",hub,0.25,10,12,40,1730,0,0,40,1730,0.0,0.0,0.0,0.0,7.614324205301025
tfnbs,"e=1.4,h=6.0,n=30,start_thres=1.25",hub,0.25,10,12,40,1730,0,0,40,1730,0.0,0.0,0.0,0.0,7.614324205301025
tfnbs,"e=1.4,h=7.0,n=30,start_thres=1.25",hub,0.25,10,12,40,1730,0,0,40,1730,0.0,0.0,0.0,0.0,7.614324205301025
tfnbs,"e=1.4,h=8.0,n=30,start_thres=1.25",hub,0.25,10,12,40,1730,0,0,40,1730,0.0,0.0,0.0,0.0,7.614324205301025
tfnbs,"e=1.4,h=9.0,n=30,start_thres=1.25",hub,0.25,10,12,40,1730,0,0,40,1730,0.0,0.0,0.0,0.0,7.614324205301025
tfnbs,"e=1.4,h=10.0,n=30,start_thres=1.25",hub,0.25,10,12,40,1730,0,0,40,1730,0.0,0.0,0.0,0.0,7.614324205301025
tfnbs,"e=1.5,h=0.5,n=30,start_thres=1.25",hub,0.25,10,12,40,1730,0,0,40,1730,0.0,0.0,0.0,0.0,7.614324205301025
tfnbs,"e=1.5,h=1.0,n=30,start_thres=1.25",hub,0.25,10,12,40,1730,0,0,40,1730,0.0,0.0,0.0,0.0,7.614324205301025
tfnbs,"e=1.5,h=2.0,n=30,start_thres=1.25",hub,0.25,10,12,40,1730,0,0,40,1730,0.0,0.0,0.0,0.0,7.614324205301025
tfnbs,"e=1.5,h=3.0,n=30,start_thres=1.25",hub,0.25,10,12,40,1730,0,0,40,1730,0.0,0.0,0.0,0.0,7.614324205301025
tfnbs,"e=1.5,h=4.0,n=30,start_thres=1.25",hub,0.25,10,12,40,1730,0,0,40,1730,0.0,0.0,0.0,0.0,7.614324205301025
tfnbs,"e=1.5,h=5.0,n=30,start_thres=1.25",hub,0.25,10,12,40,1730,0,0,40,1730,0.0,0.0,0.0,0.0,7.614324205301025
tfnbs,"e=1.5,h=6.0,n=30,start_thres=1.25",hub,0.25,10,12,40,1730,0,0,40,1730,0.0,0.0,0.0,0.0,7.614324205301025
tfnbs,"e=1.5,h=7.0,n=30,start_thres=1.25",hub,0.25,10,12,40,1730,0,0,40,1730,0.0,0.0,0.0,0.0,7.614324205301025
tfnbs,"e=1.5,h=8.0,n=30,start_thres=1.25",hub,0.25,10,12,40,1730,0,0,40,1730,0.0,0.0,0.0,0.0,7.614324205301025
tfnbs,"e=1.5,h=9.0,n=30,start_thres=1.25",hub,0.25,10,12,40,1730,0,0,40,1730,0.0,0.0,0.0,0.0,7.614324205301025
tfnbs,"e=1.5,h=10.0,n=30,start_thres=1.25",hub,0.25,10,12,40,1730,0,0,40,1730,0.0,0.0,0.0,0.0,7.614324205301025
tfnbs,"e=0.05,h=0.5,n=30,start_thres=1.25",hub,0.25,10,9,40,1730,0,0,40,1730,0.0,0.0,0.0,0.0,7.626821730624545
tfnbs,"e=0.05,h=1.0,n=30,start_thres=1.25",hub,0.25,10,9,40,1730,0,0,40,1730,0.0,0.0,0.0,0.0,7.626821730624545
tfnbs,"e=0.05,h=2.0,n=30,start_thres=1.25",hub,0.25,10,9,40,1730,0,0,40,1730,0.0,0.0,0.0,0.0,7.626821730624545
tfnbs,"e=0.05,h=3.0,n=30,start_thres=1.25",hub,0.25,10,9,40,1730,0,0,40,1730,0.0,0.0,0.0,0.0,7.626821730624545
tfnbs,"e=0.05,h=4.0,n=30,start_thres=1.25",hub,0.25,10,9,40,1730,0,0,40,1730,0.0,0.0,0.0,0.0,7.626821730624545
tfnbs,"e=0.05,h=5.0,n=30,start_thres=1.25",hub,0.25,10,9,40,1730,0,0,40,1730,0.0,0.0,0.0,0.0,7.626821730624545
tfnbs,"e=0.05,h=6.0,n=30,start_thres=1.25",hub,0.25,10,9,40,1730,0,0,40,1730,0.0,0.0,0.0,0.0,7.626821730624545
tfnbs,"e=0.05,h=7.0,n=30,start_thres=1.25",hub,0.25,10,9,40,1730,0,0,40,1730,0.0,0.0,0.0,0.0,7.626821730624545
tfnbs,"e=0.05,h=8.0,n=30,start_thres=1.25",hub,0.25,10,9,40,1730,0,0,40,1730,0.0,0.0,0.0,0.0,7.626821730624545
tfnbs,"e=0.05,h=9.0,n=30,start_thres=1.25",hub,0.25,10,9,40,1730,0,0,40,1730,0.0,0.0,0.0,0.0,7.626821730624545
tfnbs,"e=0.05,h=10.0,n=30,start_thres=1.25",hub,0.25,10,9,40,1730,0,0,40,1730,0.0,0.0,0.0,0.0,7.626821730624545
tfnbs,"e=0.1,h=0.5,n=30,start_thres=1.25",hub,0.25,10,9,40,1730,0,0,40,1730,0.0,0.0,0.0,0.0,7.626821730624545
tfnbs,"e=0.1,h=1.0,n=30,start_thres=1.25",hub,0.25,10,9,40,1730,0,0,40,1730,0.0,0.0,0.0,0.0,7.626821730624545
tfnbs,"e=0.1,h=2.0,n=30,start_thres=1.25",hub,0.25,10,9,40,1730,0,0,40,1730,0.0,0.0,0.0,0.0,7.626821730624545
tfnbs,"e=0.1,h=3.0,n=30,start_thres=1.25",hub,0.25,10,9,40,1730,0,0,40,1730,0.0,0.0,0.0,0.0,7.626821730624545
tfnbs,"e=0.1,h=4.0,n=30,start_thres=1.25",hub,0.25,10,9,40,1730,0,0,40,1730,0.0,0.0,0.0,0.0,7.626821730624545
tfnbs,"e=0.1,h=5.0,n=30,start_thres=1.25",hub,0.25,10,9,40,1730,0,0,40,1730,0.0,0.0,0.0,0.0,7.626821730624545
tfnbs,"e=0.1,h=6.0,n=30,start_thres=1.25",hub,0.25,10,9,40,1730,0,0,40,1730,0.0,0.0,0.0,0.0,7.626821730624545
tfnbs,"e=0.1,h=7.0,n=30,start_thres=1.25",hub,0.25,10,9,40,1730,0,0,40,1730,0.0,0.0,0.0,0.0,7.626821730624545
tfnbs,"e=0.1,h=8.0,n=30,start_thres=1.25",hub,0.25,10,9,40,1730,0,0,40,1730,0.0,0.0,0.0,0.0,7.626821730624545
tfnbs,"e=0.1,h=9.0,n=30,start_thres=1.25",hub,0.25,10,9,40,1730,0,0,40,1730,0.0,0.0,0.0,0.0,7.626821730624545
tfnbs,"e=0.1,h=10.0,n=30,start_thres=1.25",hub,0.25,10,9,40,1730,0,0,40,1730,0.0,0.0,0.0,0.0,7.626821730624545
tfnbs,"e=0.2,h=0.5,n=30,start_thres=1.25",hub,0.25,10,9,40,1730,0,0,40,1730,0.0,0.0,0.0,0.0,7.626821730624545
tfnbs,"e=0.2,h=1.0,n=30,start_thres=1.25",hub,0.25,10,9,40,1730,0,0,40,1730,0.0,0.0,0.0,0.0,7.626821730624545
tfnbs,"e=0.2,h=2.0,n=30,start_thres=1.25",hub,0.25,10,9,40,1730,0,0,40,1730,0.0,0.0,0.0,0.0,7.626821730624545
tfnbs,"e=0.2,h=3.0,n=30,start_thres=1.25",hub,0.25,10,9,40,1730,0,0,40,1730,0.0,0.0,0.0,0.0,7.626821730624545
tfnbs,"e=0.2,h=4.0,n=30,start_thres=1.25",hub,0.25,10,9,40,1730,0,0,40,1730,0.0,0.0,0.0,0.0,7.626821730624545
tfnbs,"e=0.2,h=5.0,n=30,start_thres=1.25",hub,0.25,10,9,40,1730,0,0,40,1730,0.0,0.0,0.0,0.0,7.626821730624545
tfnbs,"e=0.2,h=6.0,n=30,start_thres=1.25",hub,0.25,10,9,40,1730,0,0,40,1730,0.0,0.0,0.0,0.0,7.626821730624545
tfnbs,"e=0.2,h=7.0,n=30,start_thres=1.25",hub,0.25,10,9,40,1730,0,0,40,1730,0.0,0.0,0.0,0.0,7.626821730624545
tfnbs,"e=0.2,h=8.0,n=30,start_thres=1.25",hub,0.25,10,9,40,1730,0,0,40,1730,0.0,0.0,0.0,0.0,7.626821730624545
tfnbs,"e=0.2,h=9.0,n=30,start_thres=1.25",hub,0.25,10,9,40,1730,0,0,40,1730,0.0,0.0,0.0,0.0,7.626821730624545
tfnbs,"e=0.2,h=10.0,n=30,start_thres=1.25",hub,0.25,10,9,40,1730,0,0,40,1730,0.0,0.0,0.0,0.0,7.626821730624545
tfnbs,"e=0.3,h=0.5,n=30,start_thres=1.25",hub,0.25,10,9,40,1730,0,0,40,1730,0.0,0.0,0.0,0.0,7.626821730624545
tfnbs,"e=0.3,h=1.0,n=30,start_thres=1.25",hub,0.25,10,9,40,1730,0,0,40,1730,0.0,0.0,0.0,0.0,7.626821730624545
tfnbs,"e=0.3,h=2.0,n=30,start_thres=1.25",hub,0.25,10,9,40,1730,0,0,40,1730,0.0,0.0,0.0,0.0,7.626821730624545
tfnbs,"e=0.3,h=3.0,n=30,start_thres=1.25",hub,0.25,10,9,40,1730,0,0,40,1730,0.0,0.0,0.0,0.0,7.626821730624545
tfnbs,"e=0.3,h=4.0,n=30,start_thres=1.25",hub,0.25,10,9,40,1730,0,0,40,1730,0.0,0.0,0.0,0.0,7.626821730624545
tfnbs,"e=0.3,h=5.0,n=30,start_thres=1.25",hub,0.25,10,9,40,1730,0,0,40,1730,0.0,0.0,0.0,0.0,7.626821730624545
tfnbs,"e=0.3,h=6.0,n=30,start_thres=1.25",hub,0.25,10,9,40,1730,0,0,40,1730,0.0,0.0,0.0,0.0,7.626821730624545
tfnbs,"e=0.3,h=7.0,n=30,start_thres=1.25",hub,0.25,10,9,40,1730,0,0,40,1730,0.0,0.0,0.0,0.0,7.626821730624545
tfnbs,"e=0.3,h=8.0,n=30,start_thres=1.25",hub,0.25,10,9,40,1730,0,0,40,1730,0.0,0.0,0.0,0.0,7.626821730624545
tfnbs,"e=0.3,h=9.0,n=30,start_thres=1.25",hub,0.25,10,9,40,1730,0,0,40,1730,0.0,0.0,0.0,0.0,7.626821730624545
tfnbs,"e=0.3,h=10.0,n=30,start_thres=1.25",hub,0.25,10,9,40,1730,0,0,40,1730,0.0,0.0,0.0,0.0,7.626821730624545
tfnbs,"e=0.4,h=0.5,n=30,start_thres=1.25",hub,0.25,10,9,40,1730,0,0,40,1730,0.0,0.0,0.0,0.0,7.626821730624545
tfnbs,"e=0.4,h=1.0,n=30,start_thres=1.25",hub,0.25,10,9,40,1730,0,0,40,1730,0.0,0.0,0.0,0.0,7.626821730624545
tfnbs,"e=0.4,h=2.0,n=30,start_thres=1.25",hub,0.25,10,9,40,1730,0,0,40,1730,0.0,0.0,0.0,0.0,7.626821730624545
tfnbs,"e=0.4,h=3.0,n=30,start_thres=1.25",hub,0.25,10,9,40,1730,0,0,40,1730,0.0,0.0,0.0,0.0,7.626821730624545
tfnbs,"e=0.4,h=4.0,n=30,start_thres=1.25",hub,0.25,10,9,40,1730,0,0,40,1730,0.0,0.0,0.0,0.0,7.626821730624545
tfnbs,"e=0.4,h=5.0,n=30,start_thres=1.25",hub,0.25,10,9,40,1730,0,0,40,1730,0.0,0.0,0.0,0.0,7.626821730624545
tfnbs,"e=0.4,h=6.0,n=30,start_thres=1.25",hub,0.25,10,9,40,1730,0,0,40,1730,0.0,0.0,0.0,0.0,7.626821730624545
tfnbs,"e=0.4,h=7.0,n=30,start_thres=1.25",hub,0.25,10,9,40,1730,0,0,40,1730,0.0,0.0,0.0,0.0,7.626821730624545
tfnbs,"e=0.4,h=8.0,n=30,start_thres=1.25",hub,0.25,10,9,40,1730,0,0,40,1730,0.0,0.0,0.0,0.0,7.626821730624545
tfnbs,"e=0.4,h=9.0,n=30,start_thres=1.25",hub,0.25,10,9,40,1730,0,0,40,1730,0.0,0.0,0.0,0.0,7.626821730624545
tfnbs,"e=0.4,h=10.0,n=30,start_thres=1.25",hub,0.25,10,9,40,1730,0,0,40,1730,0.0,0.0,0.0,0.0,7.626821730624545
tfnbs,"e=0.5,h=0.5,n=30,start_thres=1.25",hub,0.25,10,9,40,1730,0,0,40,1730,0.0,0.0,0.0,0.0,7.626821730624545
tfnbs,"e=0.5,h=1.0,n=30,start_thres=1.25",hub,0.25,10,9,40,1730,0,0,40,1730,0.0,0.0,0.0,0.0,7.626821730624545
tfnbs,"e=0.5,h=2.0,n=30,start_thres=1.25",hub,0.25,10,9,40,1730,0,0,40,1730,0.0,0.0,0.0,0.0,7.626821730624545
tfnbs,"e=0.5,h=3.0,n=30,start_thres=1.25",hub,0.25,10,9,40,1730,0,0,40,1730,0.0,0.0,0.0,0.0,7.626821730624545
tfnbs,"e=0.5,h=4.0,n=30,start_thres=1.25",hub,0.25,10,9,40,1730,0,0,40,1730,0.0,0.0,0.0,0.0,7.626821730624545
tfnbs,"e=0.5,h=5.0,n=30,start_thres=1.25",hub,0.25,10,9,40,1730,0,0,40,1730,0.0,0.0,0.0,0.0,7.626821730624545
tfnbs,"e=0.5,h=6.0,n=30,start_thres=1.25",hub,0.25,10,9,40,1730,0,0,40,1730,0.0,0.0,0.0,0.0,7.626821730624545
tfnbs,"e=0.5,h=7.0,n=30,start_thres=1.25",hub,0.25,10,9,40,1730,0,0,40,1730,0.0,0.0,0.0,0.0,7.626821730624545
tfnbs,"e=0.5,h=8.0,n=30,start_thres=1.25",hub,0.25,10,9,40,1730,0,0,40,1730,0.0,0.0,0.0,0.0,7.626821730624545
tfnbs,"e=0.5,h=9.0,n=30,start_thres=1.25",hub,0.25,10,9,40,1730,0,0,40,1730,0.0,0.0,0.0,0.0,7.626821730624545
tfnbs,"e=0.5,h=10.0,n=30,start_thres=1.25",hub,0.25,10,9,40,1730,0,0,40,1730,0.0,0.0,0.0,0.0,7.626821730624545
tfnbs,"e=0.6,h=0.5,n=30,start_thres=1.25",hub,0.25,10,9,40,1730,0,0,40,1730,0.0,0.0,0.0,0.0,7.626821730624545
tfnbs,"e=0.6,h=1.0,n=30,start_thres=1.25",hub,0.25,10,9,40,1730,0,0,40,1730,0.0,0.0,0.0,0.0,7.626821730624545
tfnbs,"e=0.6,h=2.0,n=30,start_thres=1.25",hub,0.25,10,9,40,1730,0,0,40,1730,0.0,0.0,0.0,0.0,7.626821730624545
tfnbs,"e=0.6,h=3.0,n=30,start_thres=1.25",hub,0.25,10,9,40,1730,0,0,40,1730,0.0,0.0,0.0,0.0,7.626821730624545
tfnbs,"e=0.6,h=4.0,n=30,start_thres=1.25",hub,0.25,10,9,40,1730,0,0,40,1730,0.0,0.0,0.0,0.0,7.626821730624545
tfnbs,"e=0.6,h=5.0,n=30,start_thres=1.25",hub,0.25,10,9,40,1730,0,0,40,1730,0.0,0.0,0.0,0.0,7.626821730624545
tfnbs,"e=0.6,h=6.0,n=30,start_thres=1.25",hub,0.25,10,9,40,1730,0,0,40,1730,0.0,0.0,0.0,0.0,7.626821730624545
tfnbs,"e=0.6,h=7.0,n=30,start_thres=1.25",hub,0.25,10,9,40,1730,0,0,40,1730,0.0,0.0,0.0,0.0,7.626821730624545
tfnbs,"e=0.6,h=8.0,n=30,start_thres=1.25",hub,0.25,10,9,40,1730,0,0,40,1730,0.0,0.0,0.0,0.0,7.626821730624545
tfnbs,"e=0.6,h=9.0,n=30,start_thres=1.25",hub,0.25,10,9,40,1730,0,0,40,1730,0.0,0.0,0.0,0.0,7.626821730624545
tfnbs,"e=0.6,h=10.0,n=30,start_thres=1.25",hub,0.25,10,9,40,1730,0,0,40,1730,0.0,0.0,0.0,0.0,7.626821730624545
tfnbs,"e=0.7,h=0.5,n=30,start_thres=1.25",hub,0.25,10,9,40,1730,0,0,40,1730,0.0,0.0,0.0,0.0,7.626821730624545
tfnbs,"e=0.7,h=1.0,n=30,start_thres=1.25",hub,0.25,10,9,40,1730,0,0,40,1730,0.0,0.0,0.0,0.0,7.626821730624545
tfnbs,"e=0.7,h=2.0,n=30,start_thres=1.25",hub,0.25,10,9,40,1730,0,0,40,1730,0.0,0.0,0.0,0.0,7.626821730624545
tfnbs,"e=0.7,h=3.0,n=30,start_thres=1.25",hub,0.25,10,9,40,1730,0,0,40,1730,0.0,0.0,0.0,0.0,7.626821730624545
tfnbs,"e=0.7,h=4.0,n=30,start_thres=1.25",hub,0.25,10,9,40,1730,0,0,40,1730,0.0,0.0,0.0,0.0,7.626821730624545
tfnbs,"e=0.7,h=5.0,n=30,start_thres=1.25",hub,0.25,10,9,40,1730,0,0,40,1730,0.0,0.0,0.0,0.0,7.626821730624545
tfnbs,"e=0.7,h=6.0,n=30,start_thres=1.25",hub,0.25,10,9,40,1730,0,0,40,1730,0.0,0.0,0.0,0.0,7.626821730624545
tfnbs,"e=0.7,h=7.0,n=30,start_thres=1.25",hub,0.25,10,9,40,1730,0,0,40,1730,0.0,0.0,0.0,0.0,7.626821730624545
tfnbs,"e=0.7,h=8.0,n=30,start_thres=1.25",hub,0.25,10,9,40,1730,0,0,40,1730,0.0,0.0,0.0,0.0,7.626821730624545
tfnbs,"e=0.7,h=9.0,n=30,start_thres=1.25",hub,0.25,10,9,40,1730,0,0,40,1730,0.0,0.0,0.0,0.0,7.626821730624545
tfnbs,"e=0.7,h=10.0,n=30,start_thres=1.25",hub,0.25,10,9,40,1730,0,0,40,1730,0.0,0.0,0.0,0.0,7.626821730624545
tfnbs,"e=0.8,h=0.5,n=30,start_thres=1.25",hub,0.25,10,9,40,1730,0,0,40,1730,0.0,0.0,0.0,0.0,7.626821730624545
tfnbs,"e=0.8,h=1.0,n=30,start_thres=1.25",hub,0.25,10,9,40,1730,0,0,40,1730,0.0,0.0,0.0,0.0,7.626821730624545
tfnbs,"e=0.8,h=2.0,n=30,start_thres=1.25",hub,0.25,10,9,40,1730,0,0,40,1730,0.0,0.0,0.0,0.0,7.626821730624545
tfnbs,"e=0.8,h=3.0,n=30,start_thres=1.25",hub,0.25,10,9,40,1730,0,0,40,1730,0.0,0.0,0.0,0.0,7.626821730624545
tfnbs,"e=0.8,h=4.0,n=30,start_thres=1.25",hub,0.25,10,9,40,1730,0,0,40,1730,0.0,0.0,0.0,0.0,7.626821730624545
tfnbs,"e=0.8,h=5.0,n=30,start_thres=1.25",hub,0.25,10,9,40,1730,0,0,40,1730,0.0,0.0,0.0,0.0,7.626821730624545
tfnbs,"e=0.8,h=6.0,n=30,start_thres=1.25",hub,0.25,10,9,40,1730,0,0,40,1730,0.0,0.0,0.0,0.0,7.626821730624545
tfnbs,"e=0.8,h=7.0,n=30,start_thres=1.25",hub,0.25,10,9,40,1730,0,0,40,1730,0.0,0.0,0.0,0.0,7.626821730624545
tfnbs,"e=0.8,h=8.0,n=30,start_thres=1.25",hub,0.25,10,9,40,1730,0,0,40,1730,0.0,0.0,0.0,0.0,7.626821730624545
tfnbs,"e=0.8,h=9.0,n=30,start_thres=1.25",hub,0.25,10,9,40,1730,0,0,40,1730,0.0,0.0,0.0,0.0,7.626821730624545
tfnbs,"e=0.8,h=10.0,n=30,start_thres=1.25",hub,0.25,10,9,40,1730,0,0,40,1730,0.0,0.0,0.0,0.0,7.626821730624545
tfnbs,"e=0.9,h=0.5,n=30,start_thres=1.25",hub,0.25,10,9,40,1730,0,0,40,1730,0.0,0.0,0.0,0.0,7.626821730624545
tfnbs,"e=0.9,h=1.0,n=30,start_thres=1.25",hub,0.25,10,9,40,1730,0,0,40,1730,0.0,0.0,0.0,0.0,7.626821730624545
tfnbs,"e=0.9,h=2.0,n=30,start_thres=1.25",hub,0.25,10,9,40,1730,0,0,40,1730,0.0,0.0,0.0,0.0,7.626821730624545
tfnbs,"e=0.9,h=3.0,n=30,start_thres=1.25",hub,0.25,10,9,40,1730,0,0,40,1730,0.0,0.0,0.0,0.0,7.626821730624545
tfnbs,"e=0.9,h=4.0,n=30,start_thres=1.25",hub,0.25,10,9,40,1730,0,0,40,1730,0.0,0.0,0.0,0.0,7.626821730624545
tfnbs,"e=0.9,h=5.0,n=30,start_thres=1.25",hub,0.25,10,9,40,1730,0,0,40,1730,0.0,0.0,0.0,0.0,7.626821730624545
tfnbs,"e=0.9,h=6.0,n=30,start_thres=1.25",hub,0.25,10,9,40,1730,0,0,40,1730,0.0,0.0,0.0,0.0,7.626821730624545
tfnbs,"e=0.9,h=7.0,n=30,start_thres=1.25",hub,0.25,10,9,40,1730,0,0,40,1730,0.0,0.0,0.0,0.0,7.626821730624545
tfnbs,"e=0.9,h=8.0,n=30,start_thres=1.25",hub,0.25,10,9,40,1730,0,0,40,1730,0.0,0.0,0.0,0.0,7.626821730624545
tfnbs,"e=0.9,h=9.0,n=30,start_thres=1.25",hub,0.25,10,9,40,1730,0,0,40,1730,0.0,0.0,0.0,0.0,7.626821730624545
tfnbs,"e=0.9,h=10.0,n=30,start_thres=1.25",hub,0.25,10,9,40,1730,0,0,40,1730,0.0,0.0,0.0,0.0,7.626821730624545
tfnbs,"e=1.0,h=0.5,n=30,start_thres=1.25",hub,0.25,10,9,40,1730,0,0,40,1730,0.0,0.0,0.0,0.0,7.626821730624545
tfnbs,"e=1.0,h=1.0,n=30,start_thres=1.25",hub,0.25,10,9,40,1730,0,0,40,1730,0.0,0.0,0.0,0.0,7.626821730624545
tfnbs,"e=1.0,h=2.0,n=30,start_thres=1.25",hub,0.25,10,9,40,1730,0,0,40,1730,0.0,0.0,0.0,0.0,7.626821730624545
tfnbs,"e=1.0,h=3.0,n=30,start_thres=1.25",hub,0.25,10,9,40,1730,0,0,40,1730,0.0,0.0,0.0,0.0,7.626821730624545
tfnbs,"e=1.0,h=4.0,n=30,start_thres=1.25",hub,0.25,10,9,40,1730,0,0,40,1730,0.0,0.0,0.0,0.0,7.626821730624545
tfnbs,"e=1.0,h=5.0,n=30,start_thres=1.25",hub,0.25,10,9,40,1730,0,0,40,1730,0.0,0.0,0.0,0.0,7.626821730624545
tfnbs,"e=1.0,h=6.0,n=30,start_thres=1.25",hub,0.25,10,9,40,1730,0,0,40,1730,0.0,0.0,0.0,0.0,7.626821730624545
tfnbs,"e=1.0,h=7.0,n=30,start_thres=1.25",hub,0.25,10,9,40,1730,0,0,40,1730,0.0,0.0,0.0,0.0,7.626821730624545
tfnbs,"e=1.0,h=8.0,n=30,start_thres=1.25",hub,0.25,10,9,40,1730,0,0,40,1730,0.0,0.0,0.0,0.0,7.626821730624545
tfnbs,"e=1.0,h=9.0,n=30,start_thres=1.25",hub,0.25,10,9,40,1730,0,0,40,1730,0.0,0.0,0.0,0.0,7.626821730624545
tfnbs,"e=1.0,h=10.0,n=30,start_thres=1.25",hub,0.25,10,9,40,1730,0,0,40,1730,0.0,0.0,0.0,0.0,7.626821730624545
tfnbs,"e=1.1,h=0.5,n=30,start_thres=1.25",hub,0.25,10,9,40,1730,0,0,40,1730,0.0,0.0,0.0,0.0,7.626821730624545
tfnbs,"e=1.1,h=1.0,n=30,start_thres=1.25",hub,0.25,10,9,40,1730,0,0,40,1730,0.0,0.0,0.0,0.0,7.626821730624545
tfnbs,"e=1.1,h=2.0,n=30,start_thres=1.25",hub,0.25,10,9,40,1730,0,0,40,1730,0.0,0.0,0.0,0.0,7.626821730624545
tfnbs,"e=1.1,h=3.0,n=30,start_thres=1.25",hub,0.25,10,9,40,1730,0,0,40,1730,0.0,0.0,0.0,0.0,7.626821730624545
tfnbs,"e=1.1,h=4.0,n=30,start_thres=1.25",hub,0.25,10,9,40,1730,0,0,40,1730,0.0,0.0,0.0,0.0,7.626821730624545
tfnbs,"e=1.1,h=5.0,n=30,start_thres=1.25",hub,0.25,10,9,40,1730,0,0,40,1730,0.0,0.0,0.0,0.0,7.626821730624545
tfnbs,"e=1.1,h=6.0,n=30,start_thres=1.25",hub,0.25,10,9,40,1730,0,0,40,1730,0.0,0.0,0.0,0.0,7.626821730624545
tfnbs,"e=1.1,h=7.0,n=30,start_thres=1.25",hub,0.25,10,9,40,1730,0,0,40,1730,0.0,0.0,0.0,0.0,7.626821730624545
tfnbs,"e=1.1,h=8.0,n=30,start_thres=1.25",hub,0.25,10,9,40,1730,0,0,40,1730,0.0,0.0,0.0,0.0,7.626821730624545
tfnbs,"e=1.1,h=9.0,n=30,start_thres=1.25",hub,0.25,10,9,40,1730,0,0,40,1730,0.0,0.0,0.0,0.0,7.626821730624545
tfnbs,"e=1.1,h=10.0,n=30,start_thres=1.25",hub,0.25,10,9,40,1730,0,0,40,1730,0.0,0.0,0.0,0.0,7.626821730624545
tfnbs,"e=1.2,h=0.5,n=30,start_thres=1.25",hub,0.25,10,9,40,1730,0,0,40,1730,0.0,0.0,0.0,0.0,7.626821730624545
tfnbs,"e=1.2,h=1.0,n=30,start_thres=1.25",hub,0.25,10,9,40,1730,0,0,40,1730,0.0,0.0,0.0,0.0,7.626821730624545
tfnbs,"e=1.2,h=2.0,n=30,start_thres=1.25",hub,0.25,10,9,40,1730,0,0,40,1730,0.0,0.0,0.0,0.0,7.626821730624545
tfnbs,"e=1.2,h=3.0,n=30,start_thres=1.25",hub,0.25,10,9,40,1730,0,0,40,1730,0.0,0.0,0.0,0.0,7.626821730624545
tfnbs,"e=1.2,h=4.0,n=30,start_thres=1.25",hub,0.25,10,9,40,1730,0,0,40,1730,0.0,0.0,0.0,0.0,7.626821730624545
tfnbs,"e=1.2,h=5.0,n=30,start_thres=1.25",hub,0.25,10,9,40,1730,0,0,40,1730,0.0,0.0,0.0,0.0,7.626821730624545
tfnbs,"e=1.2,h=6.0,n=30,start_thres=1.25",hub,0.25,10,9,40,1730,0,0,40,1730,0.0,0.0,0.0,0.0,7.626821730624545
tfnbs,"e=1.2,h=7.0,n=30,start_thres=1.25",hub,0.25,10,9,40,1730,0,0,40,1730,0.0,0.0,0.0,0.0,7.626821730624545
tfnbs,"e=1.2,h=8.0,n=30,start_thres=1.25",hub,0.25,10,9,40,1730,0,0,40,1730,0.0,0.0,0.0,0.0,7.626821730624545
tfnbs,"e=1.2,h=9.0,n=30,start_thres=1.25",hub,0.25,10,9,40,1730,0,0,40,1730,0.0,0.0,0.0,0.0,7.626821730624545
tfnbs,"e=1.2,h=10.0,n=30,start_thres=1.25",hub,0.25,10,9,40,1730,0,0,40,1730,0.0,0.0,0.0,0.0,7.626821730624545
tfnbs,"e=1.3,h=0.5,n=30,start_thres=1.25",hub,0.25,10,9,40,1730,0,0,40,1730,0.0,0.0,0.0,0.0,7.626821730624545
tfnbs,"e=1.3,h=1.0,n=30,start_thres=1.25",hub,0.25,10,9,40,1730,0,0,40,1730,0.0,0.0,0.0,0.0,7.626821730624545
tfnbs,"e=1.3,h=2.0,n=30,start_thres=1.25",hub,0.25,10,9,40,1730,0,0,40,1730,0.0,0.0,0.0,0.0,7.626821730624545
tfnbs,"e=1.3,h=3.0,n=30,start_thres=1.25",hub,0.25,10,9,40,1730,0,0,40,1730,0.0,0.0,0.0,0.0,7.626821730624545
tfnbs,"e=1.3,h=4.0,n=30,start_thres=1.25",hub,0.25,10,9,40,1730,0,0,40,1730,0.0,0.0,0.0,0.0,7.626821730624545
tfnbs,"e=1.3,h=5.0,n=30,start_thres=1.25",hub,0.25,10,9,40,1730,0,0,40,1730,0.0,0.0,0.0,0.0,7.626821730624545
tfnbs,"e=1.3,h=6.0,n=30,start_thres=1.25",hub,0.25,10,9,40,1730,0,0,40,1730,0.0,0.0,0.0,0.0,7.626821730624545
tfnbs,"e=1.3,h=7.0,n=30,start_thres=1.25",hub,0.25,10,9,40,1730,0,0,40,1730,0.0,0.0,0.0,0.0,7.626821730624545
tfnbs,"e=1.3,h=8.0,n=30,start_thres=1.25",hub,0.25,10,9,40,1730,0,0,40,1730,0.0,0.0,0.0,0.0,7.626821730624545
tfnbs,"e=1.3,h=9.0,n=30,start_thres=1.25",hub,0.25,10,9,40,1730,0,0,40,1730,0.0,0.0,0.0,0.0,7.626821730624545
tfnbs,"e=1.3,h=10.0,n=30,start_thres=1.25",hub,0.25,10,9,40,1730,0,0,40,1730,0.0,0.0,0.0,0.0,7.626821730624545
tfnbs,"e=1.4,h=0.5,n=30,start_thres=1.25",hub,0.25,10,9,40,1730,0,0,40,1730,0.0,0.0,0.0,0.0,7.626821730624545
tfnbs,"e=1.4,h=1.0,n=30,start_thres=1.25",hub,0.25,10,9,40,1730,0,0,40,1730,0.0,0.0,0.0,0.0,7.626821730624545
tfnbs,"e=1.4,h=2.0,n=30,start_thres=1.25",hub,0.25,10,9,40,1730,0,0,40,1730,0.0,0.0,0.0,0.0,7.626821730624545
tfnbs,"e=1.4,h=3.0,n=30,start_thres=1.25",hub,0.25,10,9,40,1730,0,0,40,1730,0.0,0.0,0.0,0.0,7.626821730624545
tfnbs,"e=1.4,h=4.0,n=30,start_thres=1.25",hub,0.25,10,9,40,1730,0,0,40,1730,0.0,0.0,0.0,0.0,7.626821730624545
tfnbs,"e=1.4,h=5.0,n=30,start_thres=1.25",hub,0.25,10,9,40,1730,0,0,40,1730,0.0,0.0,0.0,0.0,7.626821730624545
tfnbs,"e=1.4,h=6.0,n=30,start_thres=1.25",hub,0.25,10,9,40,1730,0,0,40,1730,0.0,0.0,0.0,0.0,7.626821730624545
tfnbs,"e=1.4,h=7.0,n=30,start_thres=1.25",hub,0.25,10,9,40,1730,0,0,40,1730,0.0,0.0,0.0,0.0,7.626821730624545
tfnbs,"e=1.4,h=8.0,n=30,start_thres=1.25",hub,0.25,10,9,40,1730,0,0,40,1730,0.0,0.0,0.0,0.0,7.626821730624545
tfnbs,"e=1.4,h=9.0,n=30,start_thres=1.25",hub,0.25,10,9,40,1730,0,0,40,1730,0.0,0.0,0.0,0.0,7.626821730624545
tfnbs,"e=1.4,h=10.0,n=30,start_thres=1.25",hub,0.25,10,9,40,1730,0,0,40,1730,0.0,0.0,0.0,0.0,7.626821730624545
tfnbs,"e=1.5,h=0.5,n=30,start_thres=1.25",hub,0.25,10,9,40,1730,0,0,40,1730,0.0,0.0,0.0,0.0,7.626821730624545
tfnbs,"e=1.5,h=1.0,n=30,start_thres=1.25",hub,0.25,10,9,40,1730,0,0,40,1730,0.0,0.0,0.0,0.0,7.626821730624545
tfnbs,"e=1.5,h=2.0,n=30,start_thres=1.25",hub,0.25,10,9,40,1730,0,0,40,1730,0.0,0.0,0.0,0.0,7.626821730624545
tfnbs,"e=1.5,h=3.0,n=30,start_thres=1.25",hub,0.25,10,9,40,1730,0,0,40,1730,0.0,0.0,0.0,0.0,7.626821730624545
tfnbs,"e=1.5,h=4.0,n=30,start_thres=1.25",hub,0.25,10,9,40,1730,0,0,40,1730,0.0,0.0,0.0,0.0,7.626821730624545
tfnbs,"e=1.5,h=5.0,n=30,start_thres=1.25",hub,0.25,10,9,40,1730,0,0,40,1730,0.0,0.0,0.0,0.0,7.626821730624545
tfnbs,"e=1.5,h=6.0,n=30,start_thres=1.25",hub,0.25,10,9,40,1730,0,0,40,1730,0.0,0.0,0.0,0.0,7.626821730624545
tfnbs,"e=1.5,h=7.0,n=30,start_thres=1.25",hub,0.25,10,9,40,1730,0,0,40,1730,0.0,0.0,0.0,0.0,7.626821730624545
tfnbs,"e=1.5,h=8.0,n=30,start_thres=1.25",hub,0.25,10,9,40,1730,0,0,40,1730,0.0,0.0,0.0,0.0,7.626821730624545
tfnbs,"e=1.5,h=9.0,n=30,start_thres=1.25",hub,0.25,10,9,40,1730,0,0,40,1730,0.0,0.0,0.0,0.0,7.626821730624545
tfnbs,"e=1.5,h=10.0,n=30,start_thres=1.25",hub,0.25,10,9,40,1730,0,0,40,1730,0.0,0.0,0.0,0.0,7.626821730624545
tfnbs,"e=0.05,h=0.5,n=30,start_thres=1.25",hub,0.25,10,11,40,1730,0,0,40,1730,0.0,0.0,0.0,0.0,7.626289065588605
tfnbs,"e=0.05,h=1.0,n=30,start_thres=1.25",hub,0.25,10,11,40,1730,0,0,40,1730,0.0,0.0,0.0,0.0,7.626289065588605
tfnbs,"e=0.05,h=2.0,n=30,start_thres=1.25",hub,0.25,10,11,40,1730,0,0,40,1730,0.0,0.0,0.0,0.0,7.626289065588605
tfnbs,"e=0.05,h=3.0,n=30,start_thres=1.25",hub,0.25,10,11,40,1730,0,0,40,1730,0.0,0.0,0.0,0.0,7.626289065588605
tfnbs,"e=0.05,h=4.0,n=30,start_thres=1.25",hub,0.25,10,11,40,1730,0,0,40,1730,0.0,0.0,0.0,0.0,7.626289065588605
tfnbs,"e=0.05,h=5.0,n=30,start_thres=1.25",hub,0.25,10,11,40,1730,0,0,40,1730,0.0,0.0,0.0,0.0,7.626289065588605
tfnbs,"e=0.05,h=6.0,n=30,start_thres=1.25",hub,0.25,10,11,40,1730,0,0,40,1730,0.0,0.0,0.0,0.0,7.626289065588605
tfnbs,"e=0.05,h=7.0,n=30,start_thres=1.25",hub,0.25,10,11,40,1730,0,0,40,1730,0.0,0.0,0.0,0.0,7.626289065588605
tfnbs,"e=0.05,h=8.0,n=30,start_thres=1.25",hub,0.25,10,11,40,1730,0,0,40,1730,0.0,0.0,0.0,0.0,7.626289065588605
tfnbs,"e=0.05,h=9.0,n=30,start_thres=1.25",hub,0.25,10,11,40,1730,0,0,40,1730,0.0,0.0,0.0,0.0,7.626289065588605
tfnbs,"e=0.05,h=10.0,n=30,start_thres=1.25",hub,0.25,10,11,40,1730,0,0,40,1730,0.0,0.0,0.0,0.0,7.626289065588605
tfnbs,"e=0.1,h=0.5,n=30,start_thres=1.25",hub,0.25,10,11,40,1730,0,0,40,1730,0.0,0.0,0.0,0.0,7.626289065588605
tfnbs,"e=0.1,h=1.0,n=30,start_thres=1.25",hub,0.25,10,11,40,1730,0,0,40,1730,0.0,0.0,0.0,0.0,7.626289065588605
tfnbs,"e=0.1,h=2.0,n=30,start_thres=1.25",hub,0.25,10,11,40,1730,0,0,40,1730,0.0,0.0,0.0,0.0,7.626289065588605
tfnbs,"e=0.1,h=3.0,n=30,start_thres=1.25",hub,0.25,10,11,40,1730,0,0,40,1730,0.0,0.0,0.0,0.0,7.626289065588605
tfnbs,"e=0.1,h=4.0,n=30,start_thres=1.25",hub,0.25,10,11,40,1730,0,0,40,1730,0.0,0.0,0.0,0.0,7.626289065588605
tfnbs,"e=0.1,h=5.0,n=30,start_thres=1.25",hub,0.25,10,11,40,1730,0,0,40,1730,0.0,0.0,0.0,0.0,7.626289065588605
tfnbs,"e=0.1,h=6.0,n=30,start_thres=1.25",hub,0.25,10,11,40,1730,0,0,40,1730,0.0,0.0,0.0,0.0,7.626289065588605
tfnbs,"e=0.1,h=7.0,n=30,start_thres=1.25",hub,0.25,10,11,40,1730,0,0,40,1730,0.0,0.0,0.0,0.0,7.626289065588605
tfnbs,"e=0.1,h=8.0,n=30,start_thres=1.25",hub,0.25,10,11,40,1730,0,0,40,1730,0.0,0.0,0.0,0.0,7.626289065588605
tfnbs,"e=0.1,h=9.0,n=30,start_thres=1.25",hub,0.25,10,11,40,1730,0,0,40,1730,0.0,0.0,0.0,0.0,7.626289065588605
tfnbs,"e=0.1,h=10.0,n=30,start_thres=1.25",hub,0.25,10,11,40,1730,0,0,40,1730,0.0,0.0,0.0,0.0,7.626289065588605
tfnbs,"e=0.2,h=0.5,n=30,start_thres=1.25",hub,0.25,10,11,40,1730,0,0,40,1730,0.0,0.0,0.0,0.0,7.626289065588605
tfnbs,"e=0.2,h=1.0,n=30,start_thres=1.25",hub,0.25,10,11,40,1730,0,0,40,1730,0.0,0.0,0.0,0.0,7.626289065588605
tfnbs,"e=0.2,h=2.0,n=30,start_thres=1.25",hub,0.25,10,11,40,1730,0,0,40,1730,0.0,0.0,0.0,0.0,7.626289065588605
tfnbs,"e=0.2,h=3.0,n=30,start_thres=1.25",hub,0.25,10,11,40,1730,0,0,40,1730,0.0,0.0,0.0,0.0,7.626289065588605
tfnbs,"e=0.2,h=4.0,n=30,start_thres=1.25",hub,0.25,10,11,40,1730,0,0,40,1730,0.0,0.0,0.0,0.0,7.626289065588605
tfnbs,"e=0.2,h=5.0,n=30,start_thres=1.25",hub,0.25,10,11,40,1730,0,0,40,1730,0.0,0.0,0.0,0.0,7.626289065588605
tfnbs,"e=0.2,h=6.0,n=30,start_thres=1.25",hub,0.25,10,11,40,1730,0,0,40,1730,0.0,0.0,0.0,0.0,7.626289065588605
tfnbs,"e=0.2,h=7.0,n=30,start_thres=1.25",hub,0.25,10,11,40,1730,0,0,40,1730,0.0,0.0,0.0,0.0,7.626289065588605
tfnbs,"e=0.2,h=8.0,n=30,start_thres=1.25",hub,0.25,10,11,40,1730,0,0,40,1730,0.0,0.0,0.0,0.0,7.626289065588605
tfnbs,"e=0.2,h=9.0,n=30,start_thres=1.25",hub,0.25,10,11,40,1730,0,0,40,1730,0.0,0.0,0.0,0.0,7.626289065588605
tfnbs,"e=0.2,h=10.0,n=30,start_thres=1.25",hub,0.25,10,11,40,1730,0,0,40,1730,0.0,0.0,0.0,0.0,7.626289065588605
tfnbs,"e=0.3,h=0.5,n=30,start_thres=1.25",hub,0.25,10,11,40,1730,0,0,40,1730,0.0,0.0,0.0,0.0,7.626289065588605
tfnbs,"e=0.3,h=1.0,n=30,start_thres=1.25",hub,0.25,10,11,40,1730,0,0,40,1730,0.0,0.0,0.0,0.0,7.626289065588605
tfnbs,"e=0.3,h=2.0,n=30,start_thres=1.25",hub,0.25,10,11,40,1730,0,0,40,1730,0.0,0.0,0.0,0.0,7.626289065588605
tfnbs,"e=0.3,h=3.0,n=30,start_thres=1.25",hub,0.25,10,11,40,1730,0,0,40,1730,0.0,0.0,0.0,0.0,7.626289065588605
tfnbs,"e=0.3,h=4.0,n=30,start_thres=1.25",hub,0.25,10,11,40,1730,0,0,40,1730,0.0,0.0,0.0,0.0,7.626289065588605
tfnbs,"e=0.3,h=5.0,n=30,start_thres=1.25",hub,0.25,10,11,40,1730,0,0,40,1730,0.0,0.0,0.0,0.0,7.626289065588605
tfnbs,"e=0.3,h=6.0,n=30,start_thres=1.25",hub,0.25,10,11,40,1730,0,0,40,1730,0.0,0.0,0.0,0.0,7.626289065588605
tfnbs,"e=0.3,h=7.0,n=30,start_thres=1.25",hub,0.25,10,11,40,1730,0,0,40,1730,0.0,0.0,0.0,0.0,7.626289065588605
tfnbs,"e=0.3,h=8.0,n=30,start_thres=1.25",hub,0.25,10,11,40,1730,0,0,40,1730,0.0,0.0,0.0,0.0,7.626289065588605
tfnbs,"e=0.3,h=9.0,n=30,start_thres=1.25",hub,0.25,10,11,40,1730,0,0,40,1730,0.0,0.0,0.0,0.0,7.626289065588605
tfnbs,"e=0.3,h=10.0,n=30,start_thres=1.25",hub,0.25,10,11,40,1730,0,0,40,1730,0.0,0.0,0.0,0.0,7.626289065588605
tfnbs,"e=0.4,h=0.5,n=30,start_thres=1.25",hub,0.25,10,11,40,1730,0,0,40,1730,0.0,0.0,0.0,0.0,7.626289065588605
tfnbs,"e=0.4,h=1.0,n=30,start_thres=1.25",hub,0.25,10,11,40,1730,0,0,40,1730,0.0,0.0,0.0,0.0,7.626289065588605
tfnbs,"e=0.4,h=2.0,n=30,start_thres=1.25",hub,0.25,10,11,40,1730,0,0,40,1730,0.0,0.0,0.0,0.0,7.626289065588605
tfnbs,"e=0.4,h=3.0,n=30,start_thres=1.25",hub,0.25,10,11,40,1730,0,0,40,1730,0.0,0.0,0.0,0.0,7.626289065588605
tfnbs,"e=0.4,h=4.0,n=30,start_thres=1.25",hub,0.25,10,11,40,1730,0,0,40,1730,0.0,0.0,0.0,0.0,7.626289065588605
tfnbs,"e=0.4,h=5.0,n=30,start_thres=1.25",hub,0.25,10,11,40,1730,0,0,40,1730,0.0,0.0,0.0,0.0,7.626289065588605
tfnbs,"e=0.4,h=6.0,n=30,start_thres=1.25",hub,0.25,10,11,40,1730,0,0,40,1730,0.0,0.0,0.0,0.0,7.626289065588605
tfnbs,"e=0.4,h=7.0,n=30,start_thres=1.25",hub,0.25,10,11,40,1730,0,0,40,1730,0.0,0.0,0.0,0.0,7.626289065588605
tfnbs,"e=0.4,h=8.0,n=30,start_thres=1.25",hub,0.25,10,11,40,1730,0,0,40,1730,0.0,0.0,0.0,0.0,7.626289065588605
tfnbs,"e=0.4,h=9.0,n=30,start_thres=1.25",hub,0.25,10,11,40,1730,0,0,40,1730,0.0,0.0,0.0,0.0,7.626289065588605
tfnbs,"e=0.4,h=10.0,n=30,start_thres=1.25",hub,0.25,10,11,40,1730,0,0,40,1730,0.0,0.0,0.0,0.0,7.626289065588605
tfnbs,"e=0.5,h=0.5,n=30,start_thres=1.25",hub,0.25,10,11,40,1730,0,0,40,1730,0.0,0.0,0.0,0.0,7.626289065588605
tfnbs,"e=0.5,h=1.0,n=30,start_thres=1.25",hub,0.25,10,11,40,1730,0,0,40,1730,0.0,0.0,0.0,0.0,7.626289065588605
tfnbs,"e=0.5,h=2.0,n=30,start_thres=1.25",hub,0.25,10,11,40,1730,0,0,40,1730,0.0,0.0,0.0,0.0,7.626289065588605
tfnbs,"e=0.5,h=3.0,n=30,start_thres=1.25",hub,0.25,10,11,40,1730,0,0,40,1730,0.0,0.0,0.0,0.0,7.626289065588605
tfnbs,"e=0.5,h=4.0,n=30,start_thres=1.25",hub,0.25,10,11,40,1730,0,0,40,1730,0.0,0.0,0.0,0.0,7.626289065588605
tfnbs,"e=0.5,h=5.0,n=30,start_thres=1.25",hub,0.25,10,11,40,1730,0,0,40,1730,0.0,0.0,0.0,0.0,7.626289065588605
tfnbs,"e=0.5,h=6.0,n=30,start_thres=1.25",hub,0.25,10,11,40,1730,0,0,40,1730,0.0,0.0,0.0,0.0,7.626289065588605
tfnbs,"e=0.5,h=7.0,n=30,start_thres=1.25",hub,0.25,10,11,40,1730,0,0,40,1730,0.0,0.0,0.0,0.0,7.626289065588605
tfnbs,"e=0.5,h=8.0,n=30,start_thres=1.25",hub,0.25,10,11,40,1730,0,0,40,1730,0.0,0.0,0.0,0.0,7.626289065588605
tfnbs,"e=0.5,h=9.0,n=30,start_thres=1.25",hub,0.25,10,11,40,1730,0,0,40,1730,0.0,0.0,0.0,0.0,7.626289065588605
tfnbs,"e=0.5,h=10.0,n=30,start_thres=1.25",hub,0.25,10,11,40,1730,0,0,40,1730,0.0,0.0,0.0,0.0,7.626289065588605
tfnbs,"e=0.6,h=0.5,n=30,start_thres=1.25",hub,0.25,10,11,40,1730,0,0,40,1730,0.0,0.0,0.0,0.0,7.626289065588605
tfnbs,"e=0.6,h=1.0,n=30,start_thres=1.25",hub,0.25,10,11,40,1730,0,0,40,1730,0.0,0.0,0.0,0.0,7.626289065588605
tfnbs,"e=0.6,h=2.0,n=30,start_thres=1.25",hub,0.25,10,11,40,1730,0,0,40,1730,0.0,0.0,0.0,0.0,7.626289065588605
tfnbs,"e=0.6,h=3.0,n=30,start_thres=1.25",hub,0.25,10,11,40,1730,0,0,40,1730,0.0,0.0,0.0,0.0,7.626289065588605
tfnbs,"e=0.6,h=4.0,n=30,start_thres=1.25",hub,0.25,10,11,40,1730,0,0,40,1730,0.0,0.0,0.0,0.0,7.626289065588605
tfnbs,"e=0.6,h=5.0,n=30,start_thres=1.25",hub,0.25,10,11,40,1730,0,0,40,1730,0.0,0.0,0.0,0.0,7.626289065588605
tfnbs,"e=0.6,h=6.0,n=30,start_thres=1.25",hub,0.25,10,11,40,1730,0,0,40,1730,0.0,0.0,0.0,0.0,7.626289065588605
tfnbs,"e=0.6,h=7.0,n=30,start_thres=1.25",hub,0.25,10,11,40,1730,0,0,40,1730,0.0,0.0,0.0,0.0,7.626289065588605
tfnbs,"e=0.6,h=8.0,n=30,start_thres=1.25",hub,0.25,10,11,40,1730,0,0,40,1730,0.0,0.0,0.0,0.0,7.626289065588605
tfnbs,"e=0.6,h=9.0,n=30,start_thres=1.25",hub,0.25,10,11,40,1730,0,0,40,1730,0.0,0.0,0.0,0.0,7.626289065588605
tfnbs,"e=0.6,h=10.0,n=30,start_thres=1.25",hub,0.25,10,11,40,1730,0,0,40,1730,0.0,0.0,0.0,0.0,7.626289065588605
tfnbs,"e=0.7,h=0.5,n=30,start_thres=1.25",hub,0.25,10,11,40,1730,0,0,40,1730,0.0,0.0,0.0,0.0,7.626289065588605
tfnbs,"e=0.7,h=1.0,n=30,start_thres=1.25",hub,0.25,10,11,40,1730,0,0,40,1730,0.0,0.0,0.0,0.0,7.626289065588605
tfnbs,"e=0.7,h=2.0,n=30,start_thres=1.25",hub,0.25,10,11,40,1730,0,0,40,1730,0.0,0.0,0.0,0.0,7.626289065588605
tfnbs,"e=0.7,h=3.0,n=30,start_thres=1.25",hub,0.25,10,11,40,1730,0,0,40,1730,0.0,0.0,0.0,0.0,7.626289065588605
tfnbs,"e=0.7,h=4.0,n=30,start_thres=1.25",hub,0.25,10,11,40,1730,0,0,40,1730,0.0,0.0,0.0,0.0,7.626289065588605
tfnbs,"e=0.7,h=5.0,n=30,start_thres=1.25",hub,0.25,10,11,40,1730,0,0,40,1730,0.0,0.0,0.0,0.0,7.626289065588605
tfnbs,"e=0.7,h=6.0,n=30,start_thres=1.25",hub,0.25,10,11,40,1730,0,0,40,1730,0.0,0.0,0.0,0.0,7.626289065588605
tfnbs,"e=0.7,h=7.0,n=30,start_thres=1.25",hub,0.25,10,11,40,1730,0,0,40,1730,0.0,0.0,0.0,0.0,7.626289065588605
tfnbs,"e=0.7,h=8.0,n=30,start_thres=1.25",hub,0.25,10,11,40,1730,0,0,40,1730,0.0,0.0,0.0,0.0,7.626289065588605
tfnbs,"e=0.7,h=9.0,n=30,start_thres=1.25",hub,0.25,10,11,40,1730,0,0,40,1730,0.0,0.0,0.0,0.0,7.626289065588605
tfnbs,"e=0.7,h=10.0,n=30,start_thres=1.25",hub,0.25,10,11,40,1730,0,0,40,1730,0.0,0.0,0.0,0.0,7.626289065588605
tfnbs,"e=0.8,h=0.5,n=30,start_thres=1.25",hub,0.25,10,11,40,1730,0,0,40,1730,0.0,0.0,0.0,0.0,7.626289065588605
tfnbs,"e=0.8,h=1.0,n=30,start_thres=1.25",hub,0.25,10,11,40,1730,0,0,40,1730,0.0,0.0,0.0,0.0,7.626289065588605
tfnbs,"e=0.8,h=2.0,n=30,start_thres=1.25",hub,0.25,10,11,40,1730,0,0,40,1730,0.0,0.0,0.0,0.0,7.626289065588605
tfnbs,"e=0.8,h=3.0,n=30,start_thres=1.25",hub,0.25,10,11,40,1730,0,0,40,1730,0.0,0.0,0.0,0.0,7.626289065588605
tfnbs,"e=0.8,h=4.0,n=30,start_thres=1.25",hub,0.25,10,11,40,1730,0,0,40,1730,0.0,0.0,0.0,0.0,7.626289065588605
tfnbs,"e=0.8,h=5.0,n=30,start_thres=1.25",hub,0.25,10,11,40,1730,0,0,40,1730,0.0,0.0,0.0,0.0,7.626289065588605
tfnbs,"e=0.8,h=6.0,n=30,start_thres=1.25",hub,0.25,10,11,40,1730,0,0,40,1730,0.0,0.0,0.0,0.0,7.626289065588605
tfnbs,"e=0.8,h=7.0,n=30,start_thres=1.25",hub,0.25,10,11,40,1730,0,0,40,1730,0.0,0.0,0.0,0.0,7.626289065588605
tfnbs,"e=0.8,h=8.0,n=30,start_thres=1.25",hub,0.25,10,11,40,1730,0,0,40,1730,0.0,0.0,0.0,0.0,7.626289065588605
tfnbs,"e=0.8,h=9.0,n=30,start_thres=1.25",hub,0.25,10,11,40,1730,0,0,40,1730,0.0,0.0,0.0,0.0,7.626289065588605
tfnbs,"e=0.8,h=10.0,n=30,start_thres=1.25",hub,0.25,10,11,40,1730,0,0,40,1730,0.0,0.0,0.0,0.0,7.626289065588605
tfnbs,"e=0.9,h=0.5,n=30,start_thres=1.25",hub,0.25,10,11,40,1730,0,0,40,1730,0.0,0.0,0.0,0.0,7.626289065588605
tfnbs,"e=0.9,h=1.0,n=30,start_thres=1.25",hub,0.25,10,11,40,1730,0,0,40,1730,0.0,0.0,0.0,0.0,7.626289065588605
tfnbs,"e=0.9,h=2.0,n=30,start_thres=1.25",hub,0.25,10,11,40,1730,0,0,40,1730,0.0,0.0,0.0,0.0,7.626289065588605
tfnbs,"e=0.9,h=3.0,n=30,start_thres=1.25",hub,0.25,10,11,40,1730,0,0,40,1730,0.0,0.0,0.0,0.0,7.626289065588605
tfnbs,"e=0.9,h=4.0,n=30,start_thres=1.25",hub,0.25,10,11,40,1730,0,0,40,1730,0.0,0.0,0.0,0.0,7.626289065588605
tfnbs,"e=0.9,h=5.0,n=30,start_thres=1.25",hub,0.25,10,11,40,1730,0,0,40,1730,0.0,0.0,0.0,0.0,7.626289065588605
tfnbs,"e=0.9,h=6.0,n=30,start_thres=1.25",hub,0.25,10,11,40,1730,0,0,40,1730,0.0,0.0,0.0,0.0,7.626289065588605
tfnbs,"e=0.9,h=7.0,n=30,start_thres=1.25",hub,0.25,10,11,40,1730,0,0,40,1730,0.0,0.0,0.0,0.0,7.626289065588605
tfnbs,"e=0.9,h=8.0,n=30,start_thres=1.25",hub,0.25,10,11,40,1730,0,0,40,1730,0.0,0.0,0.0,0.0,7.626289065588605
tfnbs,"e=0.9,h=9.0,n=30,start_thres=1.25",hub,0.25,10,11,40,1730,0,0,40,1730,0.0,0.0,0.0,0.0,7.626289065588605
tfnbs,"e=0.9,h=10.0,n=30,start_thres=1.25",hub,0.25,10,11,40,1730,0,0,40,1730,0.0,0.0,0.0,0.0,7.626289065588605
tfnbs,"e=1.0,h=0.5,n=30,start_thres=1.25",hub,0.25,10,11,40,1730,0,0,40,1730,0.0,0.0,0.0,0.0,7.626289065588605
tfnbs,"e=1.0,h=1.0,n=30,start_thres=1.25",hub,0.25,10,11,40,1730,0,0,40,1730,0.0,0.0,0.0,0.0,7.626289065588605
tfnbs,"e=1.0,h=2.0,n=30,start_thres=1.25",hub,0.25,10,11,40,1730,0,0,40,1730,0.0,0.0,0.0,0.0,7.626289065588605
tfnbs,"e=1.0,h=3.0,n=30,start_thres=1.25",hub,0.25,10,11,40,1730,0,0,40,1730,0.0,0.0,0.0,0.0,7.626289065588605
tfnbs,"e=1.0,h=4.0,n=30,start_thres=1.25",hub,0.25,10,11,40,1730,0,0,40,1730,0.0,0.0,0.0,0.0,7.626289065588605
tfnbs,"e=1.0,h=5.0,n=30,start_thres=1.25",hub,0.25,10,11,40,1730,0,0,40,1730,0.0,0.0,0.0,0.0,7.626289065588605
tfnbs,"e=1.0,h=6.0,n=30,start_thres=1.25",hub,0.25,10,11,40,1730,0,0,40,1730,0.0,0.0,0.0,0.0,7.626289065588605
tfnbs,"e=1.0,h=7.0,n=30,start_thres=1.25",hub,0.25,10,11,40,1730,0,0,40,1730,0.0,0.0,0.0,0.0,7.626289065588605
tfnbs,"e=1.0,h=8.0,n=30,start_thres=1.25",hub,0.25,10,11,40,1730,0,0,40,1730,0.0,0.0,0.0,0.0,7.626289065588605
tfnbs,"e=1.0,h=9.0,n=30,start_thres=1.25",hub,0.25,10,11,40,1730,0,0,40,1730,0.0,0.0,0.0,0.0,7.626289065588605
tfnbs,"e=1.0,h=10.0,n=30,start_thres=1.25",hub,0.25,10,11,40,1730,0,0,40,1730,0.0,0.0,0.0,0.0,7.626289065588605
tfnbs,"e=1.1,h=0.5,n=30,start_thres=1.25",hub,0.25,10,11,40,1730,0,0,40,1730,0.0,0.0,0.0,0.0,7.626289065588605
tfnbs,"e=1.1,h=1.0,n=30,start_thres=1.25",hub,0.25,10,11,40,1730,0,0,40,1730,0.0,0.0,0.0,0.0,7.626289065588605
tfnbs,"e=1.1,h=2.0,n=30,start_thres=1.25",hub,0.25,10,11,40,1730,0,0,40,1730,0.0,0.0,0.0,0.0,7.626289065588605
tfnbs,"e=1.1,h=3.0,n=30,start_thres=1.25",hub,0.25,10,11,40,1730,0,0,40,1730,0.0,0.0,0.0,0.0,7.626289065588605
tfnbs,"e=1.1,h=4.0,n=30,start_thres=1.25",hub,0.25,10,11,40,1730,0,0,40,1730,0.0,0.0,0.0,0.0,7.626289065588605
tfnbs,"e=1.1,h=5.0,n=30,start_thres=1.25",hub,0.25,10,11,40,1730,0,0,40,1730,0.0,0.0,0.0,0.0,7.626289065588605
tfnbs,"e=1.1,h=6.0,n=30,start_thres=1.25",hub,0.25,10,11,40,1730,0,0,40,1730,0.0,0.0,0.0,0.0,7.626289065588605
tfnbs,"e=1.1,h=7.0,n=30,start_thres=1.25",hub,0.25,10,11,40,1730,0,0,40,1730,0.0,0.0,0.0,0.0,7.626289065588605
tfnbs,"e=1.1,h=8.0,n=30,start_thres=1.25",hub,0.25,10,11,40,1730,0,0,40,1730,0.0,0.0,0.0,0.0,7.626289065588605
tfnbs,"e=1.1,h=9.0,n=30,start_thres=1.25",hub,0.25,10,11,40,1730,0,0,40,1730,0.0,0.0,0.0,0.0,7.626289065588605
tfnbs,"e=1.1,h=10.0,n=30,start_thres=1.25",hub,0.25,10,11,40,1730,0,0,40,1730,0.0,0.0,0.0,0.0,7.626289065588605
tfnbs,"e=1.2,h=0.5,n=30,start_thres=1.25",hub,0.25,10,11,40,1730,0,0,40,1730,0.0,0.0,0.0,0.0,7.626289065588605
tfnbs,"e=1.2,h=1.0,n=30,start_thres=1.25",hub,0.25,10,11,40,1730,0,0,40,1730,0.0,0.0,0.0,0.0,7.626289065588605
tfnbs,"e=1.2,h=2.0,n=30,start_thres=1.25",hub,0.25,10,11,40,1730,0,0,40,1730,0.0,0.0,0.0,0.0,7.626289065588605
tfnbs,"e=1.2,h=3.0,n=30,start_thres=1.25",hub,0.25,10,11,40,1730,0,0,40,1730,0.0,0.0,0.0,0.0,7.626289065588605
tfnbs,"e=1.2,h=4.0,n=30,start_thres=1.25",hub,0.25,10,11,40,1730,0,0,40,1730,0.0,0.0,0.0,0.0,7.626289065588605
tfnbs,"e=1.2,h=5.0,n=30,start_thres=1.25",hub,0.25,10,11,40,1730,0,0,40,1730,0.0,0.0,0.0,0.0,7.626289065588605
tfnbs,"e=1.2,h=6.0,n=30,start_thres=1.25",hub,0.25,10,11,40,1730,0,0,40,1730,0.0,0.0,0.0,0.0,7.626289065588605
tfnbs,"e=1.2,h=7.0,n=30,start_thres=1.25",hub,0.25,10,11,40,1730,0,0,40,1730,0.0,0.0,0.0,0.0,7.626289065588605
tfnbs,"e=1.2,h=8.0,n=30,start_thres=1.25",hub,0.25,10,11,40,1730,0,0,40,1730,0.0,0.0,0.0,0.0,7.626289065588605
tfnbs,"e=1.2,h=9.0,n=30,start_thres=1.25",hub,0.25,10,11,40,1730,0,0,40,1730,0.0,0.0,0.0,0.0,7.626289065588605
tfnbs,"e=1.2,h=10.0,n=30,start_thres=1.25",hub,0.25,10,11,40,1730,0,0,40,1730,0.0,0.0,0.0,0.0,7.626289065588605
tfnbs,"e=1.3,h=0.5,n=30,start_thres=1.25",hub,0.25,10,11,40,1730,0,0,40,1730,0.0,0.0,0.0,0.0,7.626289065588605
tfnbs,"e=1.3,h=1.0,n=30,start_thres=1.25",hub,0.25,10,11,40,1730,0,0,40,1730,0.0,0.0,0.0,0.0,7.626289065588605
tfnbs,"e=1.3,h=2.0,n=30,start_thres=1.25",hub,0.25,10,11,40,1730,0,0,40,1730,0.0,0.0,0.0,0.0,7.626289065588605
tfnbs,"e=1.3,h=3.0,n=30,start_thres=1.25",hub,0.25,10,11,40,1730,0,0,40,1730,0.0,0.0,0.0,0.0,7.626289065588605
tfnbs,"e=1.3,h=4.0,n=30,start_thres=1.25",hub,0.25,10,11,40,1730,0,0,40,1730,0.0,0.0,0.0,0.0,7.626289065588605
tfnbs,"e=1.3,h=5.0,n=30,start_thres=1.25",hub,0.25,10,11,40,1730,0,0,40,1730,0.0,0.0,0.0,0.0,7.626289065588605
tfnbs,"e=1.3,h=6.0,n=30,start_thres=1.25",hub,0.25,10,11,40,1730,0,0,40,1730,0.0,0.0,0.0,0.0,7.626289065588605
tfnbs,"e=1.3,h=7.0,n=30,start_thres=1.25",hub,0.25,10,11,40,1730,0,0,40,1730,0.0,0.0,0.0,0.0,7.626289065588605
tfnbs,"e=1.3,h=8.0,n=30,start_thres=1.25",hub,0.25,10,11,40,1730,0,0,40,1730,0.0,0.0,0.0,0.0,7.626289065588605
tfnbs,"e=1.3,h=9.0,n=30,start_thres=1.25",hub,0.25,10,11,40,1730,0,0,40,1730,0.0,0.0,0.0,0.0,7.626289065588605
tfnbs,"e=1.3,h=10.0,n=30,start_thres=1.25",hub,0.25,10,11,40,1730,0,0,40,1730,0.0,0.0,0.0,0.0,7.626289065588605
tfnbs,"e=1.4,h=0.5,n=30,start_thres=1.25",hub,0.25,10,11,40,1730,0,0,40,1730,0.0,0.0,0.0,0.0,7.626289065588605
tfnbs,"e=1.4,h=1.0,n=30,start_thres=1.25",hub,0.25,10,11,40,1730,0,0,40,1730,0.0,0.0,0.0,0.0,7.626289065588605
tfnbs,"e=1.4,h=2.0,n=30,start_thres=1.25",hub,0.25,10,11,40,1730,0,0,40,1730,0.0,0.0,0.0,0.0,7.626289065588605
tfnbs,"e=1.4,h=3.0,n=30,start_thres=1.25",hub,0.25,10,11,40,1730,0,0,40,1730,0.0,0.0,0.0,0.0,7.626289065588605
tfnbs,"e=1.4,h=4.0,n=30,start_thres=1.25",hub,0.25,10,11,40,1730,0,0,40,1730,0.0,0.0,0.0,0.0,7.626289065588605
tfnbs,"e=1.4,h=5.0,n=30,start_thres=1.25",hub,0.25,10,11,40,1730,0,0,40,1730,0.0,0.0,0.0,0.0,7.626289065588605
tfnbs,"e=1.4,h=6.0,n=30,start_thres=1.25",hub,0.25,10,11,40,1730,0,0,40,1730,0.0,0.0,0.0,0.0,7.626289065588605
tfnbs,"e=1.4,h=7.0,n=30,start_thres=1.25",hub,0.25,10,11,40,1730,0,0,40,1730,0.0,0.0,0.0,0.0,7.626289065588605
tfnbs,"e=1.4,h=8.0,n=30,start_thres=1.25",hub,0.25,10,11,40,1730,0,0,40,1730,0.0,0.0,0.0,0.0,7.626289065588605
tfnbs,"e=1.4,h=9.0,n=30,start_thres=1.25",hub,0.25,10,11,40,1730,0,0,40,1730,0.0,0.0,0.0,0.0,7.626289065588605
tfnbs,"e=1.4,h=10.0,n=30,start_thres=1.25",hub,0.25,10,11,40,1730,0,0,40,1730,0.0,0.0,0.0,0.0,7.626289065588605
tfnbs,"e=1.5,h=0.5,n=30,start_thres=1.25",hub,0.25,10,11,40,1730,0,0,40,1730,0.0,0.0,0.0,0.0,7.626289065588605
tfnbs,"e=1.5,h=1.0,n=30,start_thres=1.25",hub,0.25,10,11,40,1730,0,0,40,1730,0.0,0.0,0.0,0.0,7.626289065588605
tfnbs,"e=1.5,h=2.0,n=30,start_thres=1.25",hub,0.25,10,11,40,1730,0,0,40,1730,0.0,0.0,0.0,0.0,7.626289065588605
tfnbs,"e=1.5,h=3.0,n=30,start_thres=1.25",hub,0.25,10,11,40,1730,0,0,40,1730,0.0,0.0,0.0,0.0,7.626289065588605
tfnbs,"e=1.5,h=4.0,n=30,start_thres=1.25",hub,0.25,10,11,40,1730,0,0,40,1730,0.0,0.0,0.0,0.0,7.626289065588605
tfnbs,"e=1.5,h=5.0,n=30,start_thres=1.25",hub,0.25,10,11,40,1730,0,0,40,1730,0.0,0.0,0.0,0.0,7.626289065588605
tfnbs,"e=1.5,h=6.0,n=30,start_thres=1.25",hub,0.25,10,11,40,1730,0,0,40,1730,0.0,0.0,0.0,0.0,7.626289065588605
tfnbs,"e=1.5,h=7.0,n=30,start_thres=1.25",hub,0.25,10,11,40,1730,0,0,40,1730,0.0,0.0,0.0,0.0,7.626289065588605
tfnbs,"e=1.5,h=8.0,n=30,start_thres=1.25",hub,0.25,10,11,40,1730,0,0,40,1730,0.0,0.0,0.0,0.0,7.626289065588605
tfnbs,"e=1.5,h=9.0,n=30,start_thres=1.25",hub,0.25,10,11,40,1730,0,0,40,1730,0.0,0.0,0.0,0.0,7.626289065588605
tfnbs,"e=1.5,h=10.0,n=30,start_thres=1.25",hub,0.25,10,11,40,1730,0,0,40,1730,0.0,0.0,0.0,0.0,7.626289065588605
tfnbs,"e=0.05,h=0.5,n=30,start_thres=1.25",hub,0.25,10,14,40,1730,0,0,40,1730,0.0,0.0,0.0,0.0,7.61442569033666
tfnbs,"e=0.05,h=1.0,n=30,start_thres=1.25",hub,0.25,10,14,40,1730,0,0,40,1730,0.0,0.0,0.0,0.0,7.61442569033666
tfnbs,"e=0.05,h=2.0,n=30,start_thres=1.25",hub,0.25,10,14,40,1730,0,0,40,1730,0.0,0.0,0.0,0.0,7.61442569033666
tfnbs,"e=0.05,h=3.0,n=30,start_thres=1.25",hub,0.25,10,14,40,1730,0,0,40,1730,0.0,0.0,0.0,0.0,7.61442569033666
tfnbs,"e=0.05,h=4.0,n=30,start_thres=1.25",hub,0.25,10,14,40,1730,0,0,40,1730,0.0,0.0,0.0,0.0,7.61442569033666
tfnbs,"e=0.05,h=5.0,n=30,start_thres=1.25",hub,0.25,10,14,40,1730,0,0,40,1730,0.0,0.0,0.0,0.0,7.61442569033666
tfnbs,"e=0.05,h=6.0,n=30,start_thres=1.25",hub,0.25,10,14,40,1730,0,0,40,1730,0.0,0.0,0.0,0.0,7.61442569033666
tfnbs,"e=0.05,h=7.0,n=30,start_thres=1.25",hub,0.25,10,14,40,1730,0,0,40,1730,0.0,0.0,0.0,0.0,7.61442569033666
tfnbs,"e=0.05,h=8.0,n=30,start_thres=1.25",hub,0.25,10,14,40,1730,0,0,40,1730,0.0,0.0,0.0,0.0,7.61442569033666
tfnbs,"e=0.05,h=9.0,n=30,start_thres=1.25",hub,0.25,10,14,40,1730,0,0,40,1730,0.0,0.0,0.0,0.0,7.61442569033666
tfnbs,"e=0.05,h=10.0,n=30,start_thres=1.25",hub,0.25,10,14,40,1730,0,0,40,1730,0.0,0.0,0.0,0.0,7.61442569033666
tfnbs,"e=0.1,h=0.5,n=30,start_thres=1.25",hub,0.25,10,14,40,1730,0,0,40,1730,0.0,0.0,0.0,0.0,7.61442569033666
tfnbs,"e=0.1,h=1.0,n=30,start_thres=1.25",hub,0.25,10,14,40,1730,0,0,40,1730,0.0,0.0,0.0,0.0,7.61442569033666
tfnbs,"e=0.1,h=2.0,n=30,start_thres=1.25",hub,0.25,10,14,40,1730,0,0,40,1730,0.0,0.0,0.0,0.0,7.61442569033666
tfnbs,"e=0.1,h=3.0,n=30,start_thres=1.25",hub,0.25,10,14,40,1730,0,0,40,1730,0.0,0.0,0.0,0.0,7.61442569033666
tfnbs,"e=0.1,h=4.0,n=30,start_thres=1.25",hub,0.25,10,14,40,1730,0,0,40,1730,0.0,0.0,0.0,0.0,7.61442569033666
tfnbs,"e=0.1,h=5.0,n=30,start_thres=1.25",hub,0.25,10,14,40,1730,0,0,40,1730,0.0,0.0,0.0,0.0,7.61442569033666
tfnbs,"e=0.1,h=6.0,n=30,start_thres=1.25",hub,0.25,10,14,40,1730,0,0,40,1730,0.0,0.0,0.0,0.0,7.61442569033666
tfnbs,"e=0.1,h=7.0,n=30,start_thres=1.25",hub,0.25,10,14,40,1730,0,0,40,1730,0.0,0.0,0.0,0.0,7.61442569033666
tfnbs,"e=0.1,h=8.0,n=30,start_thres=1.25",hub,0.25,10,14,40,1730,0,0,40,1730,0.0,0.0,0.0,0.0,7.61442569033666
tfnbs,"e=0.1,h=9.0,n=30,start_thres=1.25",hub,0.25,10,14,40,1730,0,0,40,1730,0.0,0.0,0.0,0.0,7.61442569033666
tfnbs,"e=0.1,h=10.0,n=30,start_thres=1.25",hub,0.25,10,14,40,1730,0,0,40,1730,0.0,0.0,0.0,0.0,7.61442569033666
tfnbs,"e=0.2,h=0.5,n=30,start_thres=1.25",hub,0.25,10,14,40,1730,0,0,40,1730,0.0,0.0,0.0,0.0,7.61442569033666
tfnbs,"e=0.2,h=1.0,n=30,start_thres=1.25",hub,0.25,10,14,40,1730,0,0,40,1730,0.0,0.0,0.0,0.0,7.61442569033666
tfnbs,"e=0.2,h=2.0,n=30,start_thres=1.25",hub,0.25,10,14,40,1730,0,0,40,1730,0.0,0.0,0.0,0.0,7.61442569033666
tfnbs,"e=0.2,h=3.0,n=30,start_thres=1.25",hub,0.25,10,14,40,1730,0,0,40,1730,0.0,0.0,0.0,0.0,7.61442569033666
tfnbs,"e=0.2,h=4.0,n=30,start_thres=1.25",hub,0.25,10,14,40,1730,0,0,40,1730,0.0,0.0,0.0,0.0,7.61442569033666
tfnbs,"e=0.2,h=5.0,n=30,start_thres=1.25",hub,0.25,10,14,40,1730,0,0,40,1730,0.0,0.0,0.0,0.0,7.61442569033666
tfnbs,"e=0.2,h=6.0,n=30,start_thres=1.25",hub,0.25,10,14,40,1730,0,0,40,1730,0.0,0.0,0.0,0.0,7.61442569033666
tfnbs,"e=0.2,h=7.0,n=30,start_thres=1.25",hub,0.25,10,14,40,1730,0,0,40,1730,0.0,0.0,0.0,0.0,7.61442569033666
tfnbs,"e=0.2,h=8.0,n=30,start_thres=1.25",hub,0.25,10,14,40,1730,0,0,40,1730,0.0,0.0,0.0,0.0,7.61442569033666
tfnbs,"e=0.2,h=9.0,n=30,start_thres=1.25",hub,0.25,10,14,40,1730,0,0,40,1730,0.0,0.0,0.0,0.0,7.61442569033666
tfnbs,"e=0.2,h=10.0,n=30,start_thres=1.25",hub,0.25,10,14,40,1730,0,0,40,1730,0.0,0.0,0.0,0.0,7.61442569033666
tfnbs,"e=0.3,h=0.5,n=30,start_thres=1.25",hub,0.25,10,14,40,1730,0,0,40,1730,0.0,0.0,0.0,0.0,7.61442569033666
tfnbs,"e=0.3,h=1.0,n=30,start_thres=1.25",hub,0.25,10,14,40,1730,0,0,40,1730,0.0,0.0,0.0,0.0,7.61442569033666
tfnbs,"e=0.3,h=2.0,n=30,start_thres=1.25",hub,0.25,10,14,40,1730,0,0,40,1730,0.0,0.0,0.0,0.0,7.61442569033666
tfnbs,"e=0.3,h=3.0,n=30,start_thres=1.25",hub,0.25,10,14,40,1730,0,0,40,1730,0.0,0.0,0.0,0.0,7.61442569033666
tfnbs,"e=0.3,h=4.0,n=30,start_thres=1.25",hub,0.25,10,14,40,1730,0,0,40,1730,0.0,0.0,0.0,0.0,7.61442569033666
tfnbs,"e=0.3,h=5.0,n=30,start_thres=1.25",hub,0.25,10,14,40,1730,0,0,40,1730,0.0,0.0,0.0,0.0,7.61442569033666
tfnbs,"e=0.3,h=6.0,n=30,start_thres=1.25",hub,0.25,10,14,40,1730,0,0,40,1730,0.0,0.0,0.0,0.0,7.61442569033666
tfnbs,"e=0.3,h=7.0,n=30,start_thres=1.25",hub,0.25,10,14,40,1730,0,0,40,1730,0.0,0.0,0.0,0.0,7.61442569033666
tfnbs,"e=0.3,h=8.0,n=30,start_thres=1.25",hub,0.25,10,14,40,1730,0,0,40,1730,0.0,0.0,0.0,0.0,7.61442569033666
tfnbs,"e=0.3,h=9.0,n=30,start_thres=1.25",hub,0.25,10,14,40,1730,0,0,40,1730,0.0,0.0,0.0,0.0,7.61442569033666
tfnbs,"e=0.3,h=10.0,n=30,start_thres=1.25",hub,0.25,10,14,40,1730,0,0,40,1730,0.0,0.0,0.0,0.0,7.61442569033666
tfnbs,"e=0.4,h=0.5,n=30,start_thres=1.25",hub,0.25,10,14,40,1730,0,0,40,1730,0.0,0.0,0.0,0.0,7.61442569033666
tfnbs,"e=0.4,h=1.0,n=30,start_thres=1.25",hub,0.25,10,14,40,1730,0,0,40,1730,0.0,0.0,0.0,0.0,7.61442569033666
tfnbs,"e=0.4,h=2.0,n=30,start_thres=1.25",hub,0.25,10,14,40,1730,0,0,40,1730,0.0,0.0,0.0,0.0,7.61442569033666
tfnbs,"e=0.4,h=3.0,n=30,start_thres=1.25",hub,0.25,10,14,40,1730,0,0,40,1730,0.0,0.0,0.0,0.0,7.61442569033666
tfnbs,"e=0.4,h=4.0,n=30,start_thres=1.25",hub,0.25,10,14,40,1730,0,0,40,1730,0.0,0.0,0.0,0.0,7.61442569033666
tfnbs,"e=0.4,h=5.0,n=30,start_thres=1.25",hub,0.25,10,14,40,1730,0,0,40,1730,0.0,0.0,0.0,0.0,7.61442569033666
tfnbs,"e=0.4,h=6.0,n=30,start_thres=1.25",hub,0.25,10,14,40,1730,0,0,40,1730,0.0,0.0,0.0,0.0,7.61442569033666
tfnbs,"e=0.4,h=7.0,n=30,start_thres=1.25",hub,0.25,10,14,40,1730,0,0,40,1730,0.0,0.0,0.0,0.0,7.61442569033666
tfnbs,"e=0.4,h=8.0,n=30,start_thres=1.25",hub,0.25,10,14,40,1730,0,0,40,1730,0.0,0.0,0.0,0.0,7.61442569033666
tfnbs,"e=0.4,h=9.0,n=30,start_thres=1.25",hub,0.25,10,14,40,1730,0,0,40,1730,0.0,0.0,0.0,0.0,7.61442569033666
tfnbs,"e=0.4,h=10.0,n=30,start_thres=1.25",hub,0.25,10,14,40,1730,0,0,40,1730,0.0,0.0,0.0,0.0,7.61442569033666
tfnbs,"e=0.5,h=0.5,n=30,start_thres=1.25",hub,0.25,10,14,40,1730,0,0,40,1730,0.0,0.0,0.0,0.0,7.61442569033666
tfnbs,"e=0.5,h=1.0,n=30,start_thres=1.25",hub,0.25,10,14,40,1730,0,0,40,1730,0.0,0.0,0.0,0.0,7.61442569033666
tfnbs,"e=0.5,h=2.0,n=30,start_thres=1.25",hub,0.25,10,14,40,1730,0,0,40,1730,0.0,0.0,0.0,0.0,7.61442569033666
tfnbs,"e=0.5,h=3.0,n=30,start_thres=1.25",hub,0.25,10,14,40,1730,0,0,40,1730,0.0,0.0,0.0,0.0,7.61442569033666
tfnbs,"e=0.5,h=4.0,n=30,start_thres=1.25",hub,0.25,10,14,40,1730,0,0,40,1730,0.0,0.0,0.0,0.0,7.61442569033666
tfnbs,"e=0.5,h=5.0,n=30,start_thres=1.25",hub,0.25,10,14,40,1730,0,0,40,1730,0.0,0.0,0.0,0.0,7.61442569033666
tfnbs,"e=0.5,h=6.0,n=30,start_thres=1.25",hub,0.25,10,14,40,1730,0,0,40,1730,0.0,0.0,0.0,0.0,7.61442569033666
tfnbs,"e=0.5,h=7.0,n=30,start_thres=1.25",hub,0.25,10,14,40,1730,0,0,40,1730,0.0,0.0,0.0,0.0,7.61442569033666
tfnbs,"e=0.5,h=8.0,n=30,start_thres=1.25",hub,0.25,10,14,40,1730,0,0,40,1730,0.0,0.0,0.0,0.0,7.61442569033666
tfnbs,"e=0.5,h=9.0,n=30,start_thres=1.25",hub,0.25,10,14,40,1730,0,0,40,1730,0.0,0.0,0.0,0.0,7.61442569033666
tfnbs,"e=0.5,h=10.0,n=30,start_thres=1.25",hub,0.25,10,14,40,1730,0,0,40,1730,0.0,0.0,0.0,0.0,7.61442569033666
tfnbs,"e=0.6,h=0.5,n=30,start_thres=1.25",hub,0.25,10,14,40,1730,0,0,40,1730,0.0,0.0,0.0,0.0,7.61442569033666
tfnbs,"e=0.6,h=1.0,n=30,start_thres=1.25",hub,0.25,10,14,40,1730,0,0,40,1730,0.0,0.0,0.0,0.0,7.61442569033666
tfnbs,"e=0.6,h=2.0,n=30,start_thres=1.25",hub,0.25,10,14,40,1730,0,0,40,1730,0.0,0.0,0.0,0.0,7.61442569033666
tfnbs,"e=0.6,h=3.0,n=30,start_thres=1.25",hub,0.25,10,14,40,1730,0,0,40,1730,0.0,0.0,0.0,0.0,7.61442569033666
tfnbs,"e=0.6,h=4.0,n=30,start_thres=1.25",hub,0.25,10,14,40,1730,0,0,40,1730,0.0,0.0,0.0,0.0,7.61442569033666
tfnbs,"e=0.6,h=5.0,n=30,start_thres=1.25",hub,0.25,10,14,40,1730,0,0,40,1730,0.0,0.0,0.0,0.0,7.61442569033666
tfnbs,"e=0.6,h=6.0,n=30,start_thres=1.25",hub,0.25,10,14,40,1730,0,0,40,1730,0.0,0.0,0.0,0.0,7.61442569033666
tfnbs,"e=0.6,h=7.0,n=30,start_thres=1.25",hub,0.25,10,14,40,1730,0,0,40,1730,0.0,0.0,0.0,0.0,7.61442569033666
tfnbs,"e=0.6,h=8.0,n=30,start_thres=1.25",hub,0.25,10,14,40,1730,0,0,40,1730,0.0,0.0,0.0,0.0,7.61442569033666
tfnbs,"e=0.6,h=9.0,n=30,start_thres=1.25",hub,0.25,10,14,40,1730,0,0,40,1730,0.0,0.0,0.0,0.0,7.61442569033666
tfnbs,"e=0.6,h=10.0,n=30,start_thres=1.25",hub,0.25,10,14,40,1730,0,0,40,1730,0.0,0.0,0.0,0.0,7.61442569033666
tfnbs,"e=0.7,h=0.5,n=30,start_thres=1.25",hub,0.25,10,14,40,1730,0,0,40,1730,0.0,0.0,0.0,0.0,7.61442569033666
tfnbs,"e=0.7,h=1.0,n=30,start_thres=1.25",hub,0.25,10,14,40,1730,0,0,40,1730,0.0,0.0,0.0,0.0,7.61442569033666
tfnbs,"e=0.7,h=2.0,n=30,start_thres=1.25",hub,0.25,10,14,40,1730,0,0,40,1730,0.0,0.0,0.0,0.0,7.61442569033666
tfnbs,"e=0.7,h=3.0,n=30,start_thres=1.25",hub,0.25,10,14,40,1730,0,0,40,1730,0.0,0.0,0.0,0.0,7.61442569033666
tfnbs,"e=0.7,h=4.0,n=30,start_thres=1.25",hub,0.25,10,14,40,1730,0,0,40,1730,0.0,0.0,0.0,0.0,7.61442569033666
tfnbs,"e=0.7,h=5.0,n=30,start_thres=1.25",hub,0.25,10,14,40,1730,0,0,40,1730,0.0,0.0,0.0,0.0,7.61442569033666
tfnbs,"e=0.7,h=6.0,n=30,start_thres=1.25",hub,0.25,10,14,40,1730,0,0,40,1730,0.0,0.0,0.0,0.0,7.61442569033666
tfnbs,"e=0.7,h=7.0,n=30,start_thres=1.25",hub,0.25,10,14,40,1730,0,0,40,1730,0.0,0.0,0.0,0.0,7.61442569033666
tfnbs,"e=0.7,h=8.0,n=30,start_thres=1.25",hub,0.25,10,14,40,1730,0,0,40,1730,0.0,0.0,0.0,0.0,7.61442569033666
tfnbs,"e=0.7,h=9.0,n=30,start_thres=1.25",hub,0.25,10,14,40,1730,0,0,40,1730,0.0,0.0,0.0,0.0,7.61442569033666
tfnbs,"e=0.7,h=10.0,n=30,start_thres=1.25",hub,0.25,10,14,40,1730,0,0,40,1730,0.0,0.0,0.0,0.0,7.61442569033666
tfnbs,"e=0.8,h=0.5,n=30,start_thres=1.25",hub,0.25,10,14,40,1730,0,0,40,1730,0.0,0.0,0.0,0.0,7.61442569033666
tfnbs,"e=0.8,h=1.0,n=30,start_thres=1.25",hub,0.25,10,14,40,1730,0,0,40,1730,0.0,0.0,0.0,0.0,7.61442569033666
tfnbs,"e=0.8,h=2.0,n=30,start_thres=1.25",hub,0.25,10,14,40,1730,0,0,40,1730,0.0,0.0,0.0,0.0,7.61442569033666
tfnbs,"e=0.8,h=3.0,n=30,start_thres=1.25",hub,0.25,10,14,40,1730,0,0,40,1730,0.0,0.0,0.0,0.0,7.61442569033666
tfnbs,"e=0.8,h=4.0,n=30,start_thres=1.25",hub,0.25,10,14,40,1730,0,0,40,1730,0.0,0.0,0.0,0.0,7.61442569033666
tfnbs,"e=0.8,h=5.0,n=30,start_thres=1.25",hub,0.25,10,14,40,1730,0,0,40,1730,0.0,0.0,0.0,0.0,7.61442569033666
tfnbs,"e=0.8,h=6.0,n=30,start_thres=1.25",hub,0.25,10,14,40,1730,0,0,40,1730,0.0,0.0,0.0,0.0,7.61442569033666
tfnbs,"e=0.8,h=7.0,n=30,start_thres=1.25",hub,0.25,10,14,40,1730,0,0,40,1730,0.0,0.0,0.0,0.0,7.61442569033666
tfnbs,"e=0.8,h=8.0,n=30,start_thres=1.25",hub,0.25,10,14,40,1730,0,0,40,1730,0.0,0.0,0.0,0.0,7.61442569033666
tfnbs,"e=0.8,h=9.0,n=30,start_thres=1.25",hub,0.25,10,14,40,1730,0,0,40,1730,0.0,0.0,0.0,0.0,7.61442569033666
tfnbs,"e=0.8,h=10.0,n=30,start_thres=1.25",hub,0.25,10,14,40,1730,0,0,40,1730,0.0,0.0,0.0,0.0,7.61442569033666
tfnbs,"e=0.9,h=0.5,n=30,start_thres=1.25",hub,0.25,10,14,40,1730,0,0,40,1730,0.0,0.0,0.0,0.0,7.61442569033666
tfnbs,"e=0.9,h=1.0,n=30,start_thres=1.25",hub,0.25,10,14,40,1730,0,0,40,1730,0.0,0.0,0.0,0.0,7.61442569033666
tfnbs,"e=0.9,h=2.0,n=30,start_thres=1.25",hub,0.25,10,14,40,1730,0,0,40,1730,0.0,0.0,0.0,0.0,7.61442569033666
tfnbs,"e=0.9,h=3.0,n=30,start_thres=1.25",hub,0.25,10,14,40,1730,0,0,40,1730,0.0,0.0,0.0,0.0,7.61442569033666
tfnbs,"e=0.9,h=4.0,n=30,start_thres=1.25",hub,0.25,10,14,40,1730,0,0,40,1730,0.0,0.0,0.0,0.0,7.61442569033666
tfnbs,"e=0.9,h=5.0,n=30,start_thres=1.25",hub,0.25,10,14,40,1730,0,0,40,1730,0.0,0.0,0.0,0.0,7.61442569033666
tfnbs,"e=0.9,h=6.0,n=30,start_thres=1.25",hub,0.25,10,14,40,1730,0,0,40,1730,0.0,0.0,0.0,0.0,7.61442569033666
tfnbs,"e=0.9,h=7.0,n=30,start_thres=1.25",hub,0.25,10,14,40,1730,0,0,40,1730,0.0,0.0,0.0,0.0,7.61442569033666
tfnbs,"e=0.9,h=8.0,n=30,start_thres=1.25",hub,0.25,10,14,40,1730,0,0,40,1730,0.0,0.0,0.0,0.0,7.61442569033666
tfnbs,"e=0.9,h=9.0,n=30,start_thres=1.25",hub,0.25,10,14,40,1730,0,0,40,1730,0.0,0.0,0.0,0.0,7.61442569033666
tfnbs,"e=0.9,h=10.0,n=30,start_thres=1.25",hub,0.25,10,14,40,1730,0,0,40,1730,0.0,0.0,0.0,0.0,7.61442569033666
tfnbs,"e=1.0,h=0.5,n=30,start_thres=1.25",hub,0.25,10,14,40,1730,0,0,40,1730,0.0,0.0,0.0,0.0,7.61442569033666
tfnbs,"e=1.0,h=1.0,n=30,start_thres=1.25",hub,0.25,10,14,40,1730,0,0,40,1730,0.0,0.0,0.0,0.0,7.61442569033666
tfnbs,"e=1.0,h=2.0,n=30,start_thres=1.25",hub,0.25,10,14,40,1730,0,0,40,1730,0.0,0.0,0.0,0.0,7.61442569033666
tfnbs,"e=1.0,h=3.0,n=30,start_thres=1.25",hub,0.25,10,14,40,1730,0,0,40,1730,0.0,0.0,0.0,0.0,7.61442569033666
tfnbs,"e=1.0,h=4.0,n=30,start_thres=1.25",hub,0.25,10,14,40,1730,0,0,40,1730,0.0,0.0,0.0,0.0,7.61442569033666
tfnbs,"e=1.0,h=5.0,n=30,start_thres=1.25",hub,0.25,10,14,40,1730,0,0,40,1730,0.0,0.0,0.0,0.0,7.61442569033666
tfnbs,"e=1.0,h=6.0,n=30,start_thres=1.25",hub,0.25,10,14,40,1730,0,0,40,1730,0.0,0.0,0.0,0.0,7.61442569033666
tfnbs,"e=1.0,h=7.0,n=30,start_thres=1.25",hub,0.25,10,14,40,1730,0,0,40,1730,0.0,0.0,0.0,0.0,7.61442569033666
tfnbs,"e=1.0,h=8.0,n=30,start_thres=1.25",hub,0.25,10,14,40,1730,0,0,40,1730,0.0,0.0,0.0,0.0,7.61442569033666
tfnbs,"e=1.0,h=9.0,n=30,start_thres=1.25",hub,0.25,10,14,40,1730,0,0,40,1730,0.0,0.0,0.0,0.0,7.61442569033666
tfnbs,"e=1.0,h=10.0,n=30,start_thres=1.25",hub,0.25,10,14,40,1730,0,0,40,1730,0.0,0.0,0.0,0.0,7.61442569033666
tfnbs,"e=1.1,h=0.5,n=30,start_thres=1.25",hub,0.25,10,14,40,1730,0,0,40,1730,0.0,0.0,0.0,0.0,7.61442569033666
tfnbs,"e=1.1,h=1.0,n=30,start_thres=1.25",hub,0.25,10,14,40,1730,0,0,40,1730,0.0,0.0,0.0,0.0,7.61442569033666
tfnbs,"e=1.1,h=2.0,n=30,start_thres=1.25",hub,0.25,10,14,40,1730,0,0,40,1730,0.0,0.0,0.0,0.0,7.61442569033666
tfnbs,"e=1.1,h=3.0,n=30,start_thres=1.25",hub,0.25,10,14,40,1730,0,0,40,1730,0.0,0.0,0.0,0.0,7.61442569033666
tfnbs,"e=1.1,h=4.0,n=30,start_thres=1.25",hub,0.25,10,14,40,1730,0,0,40,1730,0.0,0.0,0.0,0.0,7.61442569033666
tfnbs,"e=1.1,h=5.0,n=30,start_thres=1.25",hub,0.25,10,14,40,1730,0,0,40,1730,0.0,0.0,0.0,0.0,7.61442569033666
tfnbs,"e=1.1,h=6.0,n=30,start_thres=1.25",hub,0.25,10,14,40,1730,0,0,40,1730,0.0,0.0,0.0,0.0,7.61442569033666
tfnbs,"e=1.1,h=7.0,n=30,start_thres=1.25",hub,0.25,10,14,40,1730,0,0,40,1730,0.0,0.0,0.0,0.0,7.61442569033666
tfnbs,"e=1.1,h=8.0,n=30,start_thres=1.25",hub,0.25,10,14,40,1730,0,0,40,1730,0.0,0.0,0.0,0.0,7.61442569033666
tfnbs,"e=1.1,h=9.0,n=30,start_thres=1.25",hub,0.25,10,14,40,1730,0,0,40,1730,0.0,0.0,0.0,0.0,7.61442569033666
tfnbs,"e=1.1,h=10.0,n=30,start_thres=1.25",hub,0.25,10,14,40,1730,0,0,40,1730,0.0,0.0,0.0,0.0,7.61442569033666
tfnbs,"e=1.2,h=0.5,n=30,start_thres=1.25",hub,0.25,10,14,40,1730,0,0,40,1730,0.0,0.0,0.0,0.0,7.61442569033666
tfnbs,"e=1.2,h=1.0,n=30,start_thres=1.25",hub,0.25,10,14,40,1730,0,0,40,1730,0.0,0.0,0.0,0.0,7.61442569033666
tfnbs,"e=1.2,h=2.0,n=30,start_thres=1.25",hub,0.25,10,14,40,1730,0,0,40,1730,0.0,0.0,0.0,0.0,7.61442569033666
tfnbs,"e=1.2,h=3.0,n=30,start_thres=1.25",hub,0.25,10,14,40,1730,0,0,40,1730,0.0,0.0,0.0,0.0,7.61442569033666
tfnbs,"e=1.2,h=4.0,n=30,start_thres=1.25",hub,0.25,10,14,40,1730,0,0,40,1730,0.0,0.0,0.0,0.0,7.61442569033666
tfnbs,"e=1.2,h=5.0,n=30,start_thres=1.25",hub,0.25,10,14,40,1730,0,0,40,1730,0.0,0.0,0.0,0.0,7.61442569033666
tfnbs,"e=1.2,h=6.0,n=30,start_thres=1.25",hub,0.25,10,14,40,1730,0,0,40,1730,0.0,0.0,0.0,0.0,7.61442569033666
tfnbs,"e=1.2,h=7.0,n=30,start_thres=1.25",hub,0.25,10,14,40,1730,0,0,40,1730,0.0,0.0,0.0,0.0,7.61442569033666
tfnbs,"e=1.2,h=8.0,n=30,start_thres=1.25",hub,0.25,10,14,40,1730,0,0,40,1730,0.0,0.0,0.0,0.0,7.61442569033666
tfnbs,"e=1.2,h=9.0,n=30,start_thres=1.25",hub,0.25,10,14,40,1730,0,0,40,1730,0.0,0.0,0.0,0.0,7.61442569033666
tfnbs,"e=1.2,h=10.0,n=30,start_thres=1.25",hub,0.25,10,14,40,1730,0,0,40,1730,0.0,0.0,0.0,0.0,7.61442569033666
tfnbs,"e=1.3,h=0.5,n=30,start_thres=1.25",hub,0.25,10,14,40,1730,0,0,40,1730,0.0,0.0,0.0,0.0,7.61442569033666
tfnbs,"e=1.3,h=1.0,n=30,start_thres=1.25",hub,0.25,10,14,40,1730,0,0,40,1730,0.0,0.0,0.0,0.0,7.61442569033666
tfnbs,"e=1.3,h=2.0,n=30,start_thres=1.25",hub,0.25,10,14,40,1730,0,0,40,1730,0.0,0.0,0.0,0.0,7.61442569033666
tfnbs,"e=1.3,h=3.0,n=30,start_thres=1.25",hub,0.25,10,14,40,1730,0,0,40,1730,0.0,0.0,0.0,0.0,7.61442569033666
tfnbs,"e=1.3,h=4.0,n=30,start_thres=1.25",hub,0.25,10,14,40,1730,0,0,40,1730,0.0,0.0,0.0,0.0,7.61442569033666
tfnbs,"e=1.3,h=5.0,n=30,start_thres=1.25",hub,0.25,10,14,40,1730,0,0,40,1730,0.0,0.0,0.0,0.0,7.61442569033666
tfnbs,"e=1.3,h=6.0,n=30,start_thres=1.25",hub,0.25,10,14,40,1730,0,0,40,1730,0.0,0.0,0.0,0.0,7.61442569033666
tfnbs,"e=1.3,h=7.0,n=30,start_thres=1.25",hub,0.25,10,14,40,1730,0,0,40,1730,0.0,0.0,0.0,0.0,7.61442569033666
tfnbs,"e=1.3,h=8.0,n=30,start_thres=1.25",hub,0.25,10,14,40,1730,0,0,40,1730,0.0,0.0,0.0,0.0,7.61442569033666
tfnbs,"e=1.3,h=9.0,n=30,start_thres=1.25",hub,0.25,10,14,40,1730,0,0,40,1730,0.0,0.0,0.0,0.0,7.61442569033666
tfnbs,"e=1.3,h=10.0,n=30,start_thres=1.25",hub,0.25,10,14,40,1730,0,0,40,1730,0.0,0.0,0.0,0.0,7.61442569033666
tfnbs,"e=1.4,h=0.5,n=30,start_thres=1.25",hub,0.25,10,14,40,1730,0,0,40,1730,0.0,0.0,0.0,0.0,7.61442569033666
tfnbs,"e=1.4,h=1.0,n=30,start_thres=1.25",hub,0.25,10,14,40,1730,0,0,40,1730,0.0,0.0,0.0,0.0,7.61442569033666
tfnbs,"e=1.4,h=2.0,n=30,start_thres=1.25",hub,0.25,10,14,40,1730,0,0,40,1730,0.0,0.0,0.0,0.0,7.61442569033666
tfnbs,"e=1.4,h=3.0,n=30,start_thres=1.25",hub,0.25,10,14,40,1730,0,0,40,1730,0.0,0.0,0.0,0.0,7.61442569033666
tfnbs,"e=1.4,h=4.0,n=30,start_thres=1.25",hub,0.25,10,14,40,1730,0,0,40,1730,0.0,0.0,0.0,0.0,7.61442569033666
tfnbs,"e=1.4,h=5.0,n=30,start_thres=1.25",hub,0.25,10,14,40,1730,0,0,40,1730,0.0,0.0,0.0,0.0,7.61442569033666
tfnbs,"e=1.4,h=6.0,n=30,start_thres=1.25",hub,0.25,10,14,40,1730,0,0,40,1730,0.0,0.0,0.0,0.0,7.61442569033666
tfnbs,"e=1.4,h=7.0,n=30,start_thres=1.25",hub,0.25,10,14,40,1730,0,0,40,1730,0.0,0.0,0.0,0.0,7.61442569033666
tfnbs,"e=1.4,h=8.0,n=30,start_thres=1.25",hub,0.25,10,14,40,1730,0,0,40,1730,0.0,0.0,0.0,0.0,7.61442569033666
tfnbs,"e=1.4,h=9.0,n=30,start_thres=1.25",hub,0.25,10,14,40,1730,0,0,40,1730,0.0,0.0,0.0,0.0,7.61442569033666
tfnbs,"e=1.4,h=10.0,n=30,start_thres=1.25",hub,0.25,10,14,40,1730,0,0,40,1730,0.0,0.0,0.0,0.0,7.61442569033666
tfnbs,"e=1.5,h=0.5,n=30,start_thres=1.25",hub,0.25,10,14,40,1730,0,0,40,1730,0.0,0.0,0.0,0.0,7.61442569033666
tfnbs,"e=1.5,h=1.0,n=30,start_thres=1.25",hub,0.25,10,14,40,1730,0,0,40,1730,0.0,0.0,0.0,0.0,7.61442569033666
tfnbs,"e=1.5,h=2.0,n=30,start_thres=1.25",hub,0.25,10,14,40,1730,0,0,40,1730,0.0,0.0,0.0,0.0,7.61442569033666
tfnbs,"e=1.5,h=3.0,n=30,start_thres=1.25",hub,0.25,10,14,40,1730,0,0,40,1730,0.0,0.0,0.0,0.0,7.61442569033666
tfnbs,"e=1.5,h=4.0,n=30,start_thres=1.25",hub,0.25,10,14,40,1730,0,0,40,1730,0.0,0.0,0.0,0.0,7.61442569033666
tfnbs,"e=1.5,h=5.0,n=30,start_thres=1.25",hub,0.25,10,14,40,1730,0,0,40,1730,0.0,0.0,0.0,0.0,7.61442569033666
tfnbs,"e=1.5,h=6.0,n=30,start_thres=1.25",hub,0.25,10,14,40,1730,0,0,40,1730,0.0,0.0,0.0,0.0,7.61442569033666
tfnbs,"e=1.5,h=7.0,n=30,start_thres=1.25",hub,0.25,10,14,40,1730,0,0,40,1730,0.0,0.0,0.0,0.0,7.61442569033666
tfnbs,"e=1.5,h=8.0,n=30,start_thres=1.25",hub,0.25,10,14,40,1730,0,0,40,1730,0.0,0.0,0.0,0.0,7.61442569033666
tfnbs,"e=1.5,h=9.0,n=30,start_thres=1.25",hub,0.25,10,14,40,1730,0,0,40,1730,0.0,0.0,0.0,0.0,7.61442569033666
tfnbs,"e=1.5,h=10.0,n=30,start_thres=1.25",hub,0.25,10,14,40,1730,0,0,40,1730,0.0,0.0,0.0,0.0,7.61442569033666
tfnbs,"e=0.05,h=0.5,n=30,start_thres=1.25",hub,0.25,10,23,40,1730,0,0,40,1730,0.0,0.0,0.0,0.0,7.583181297237223
tfnbs,"e=0.05,h=1.0,n=30,start_thres=1.25",hub,0.25,10,23,40,1730,0,0,40,1730,0.0,0.0,0.0,0.0,7.583181297237223
tfnbs,"e=0.05,h=2.0,n=30,start_thres=1.25",hub,0.25,10,23,40,1730,0,0,40,1730,0.0,0.0,0.0,0.0,7.583181297237223
tfnbs,"e=0.05,h=3.0,n=30,start_thres=1.25",hub,0.25,10,23,40,1730,0,0,40,1730,0.0,0.0,0.0,0.0,7.583181297237223
tfnbs,"e=0.05,h=4.0,n=30,start_thres=1.25",hub,0.25,10,23,40,1730,0,0,40,1730,0.0,0.0,0.0,0.0,7.583181297237223
tfnbs,"e=0.05,h=5.0,n=30,start_thres=1.25",hub,0.25,10,23,40,1730,0,0,40,1730,0.0,0.0,0.0,0.0,7.583181297237223
tfnbs,"e=0.05,h=6.0,n=30,start_thres=1.25",hub,0.25,10,23,40,1730,0,0,40,1730,0.0,0.0,0.0,0.0,7.583181297237223
tfnbs,"e=0.05,h=7.0,n=30,start_thres=1.25",hub,0.25,10,23,40,1730,0,0,40,1730,0.0,0.0,0.0,0.0,7.583181297237223
tfnbs,"e=0.05,h=8.0,n=30,start_thres=1.25",hub,0.25,10,23,40,1730,0,0,40,1730,0.0,0.0,0.0,0.0,7.583181297237223
tfnbs,"e=0.05,h=9.0,n=30,start_thres=1.25",hub,0.25,10,23,40,1730,0,0,40,1730,0.0,0.0,0.0,0.0,7.583181297237223
tfnbs,"e=0.05,h=10.0,n=30,start_thres=1.25",hub,0.25,10,23,40,1730,0,0,40,1730,0.0,0.0,0.0,0.0,7.583181297237223
tfnbs,"e=0.1,h=0.5,n=30,start_thres=1.25",hub,0.25,10,23,40,1730,0,0,40,1730,0.0,0.0,0.0,0.0,7.583181297237223
tfnbs,"e=0.1,h=1.0,n=30,start_thres=1.25",hub,0.25,10,23,40,1730,0,0,40,1730,0.0,0.0,0.0,0.0,7.583181297237223
tfnbs,"e=0.1,h=2.0,n=30,start_thres=1.25",hub,0.25,10,23,40,1730,0,0,40,1730,0.0,0.0,0.0,0.0,7.583181297237223
tfnbs,"e=0.1,h=3.0,n=30,start_thres=1.25",hub,0.25,10,23,40,1730,0,0,40,1730,0.0,0.0,0.0,0.0,7.583181297237223
tfnbs,"e=0.1,h=4.0,n=30,start_thres=1.25",hub,0.25,10,23,40,1730,0,0,40,1730,0.0,0.0,0.0,0.0,7.583181297237223
tfnbs,"e=0.1,h=5.0,n=30,start_thres=1.25",hub,0.25,10,23,40,1730,0,0,40,1730,0.0,0.0,0.0,0.0,7.583181297237223
tfnbs,"e=0.1,h=6.0,n=30,start_thres=1.25",hub,0.25,10,23,40,1730,0,0,40,1730,0.0,0.0,0.0,0.0,7.583181297237223
tfnbs,"e=0.1,h=7.0,n=30,start_thres=1.25",hub,0.25,10,23,40,1730,0,0,40,1730,0.0,0.0,0.0,0.0,7.583181297237223
tfnbs,"e=0.1,h=8.0,n=30,start_thres=1.25",hub,0.25,10,23,40,1730,0,0,40,1730,0.0,0.0,0.0,0.0,7.583181297237223
tfnbs,"e=0.1,h=9.0,n=30,start_thres=1.25",hub,0.25,10,23,40,1730,0,0,40,1730,0.0,0.0,0.0,0.0,7.583181297237223
tfnbs,"e=0.1,h=10.0,n=30,start_thres=1.25",hub,0.25,10,23,40,1730,0,0,40,1730,0.0,0.0,0.0,0.0,7.583181297237223
tfnbs,"e=0.2,h=0.5,n=30,start_thres=1.25",hub,0.25,10,23,40,1730,0,0,40,1730,0.0,0.0,0.0,0.0,7.583181297237223
tfnbs,"e=0.2,h=1.0,n=30,start_thres=1.25",hub,0.25,10,23,40,1730,0,0,40,1730,0.0,0.0,0.0,0.0,7.583181297237223
tfnbs,"e=0.2,h=2.0,n=30,start_thres=1.25",hub,0.25,10,23,40,1730,0,0,40,1730,0.0,0.0,0.0,0.0,7.583181297237223
tfnbs,"e=0.2,h=3.0,n=30,start_thres=1.25",hub,0.25,10,23,40,1730,0,0,40,1730,0.0,0.0,0.0,0.0,7.583181297237223
tfnbs,"e=0.2,h=4.0,n=30,start_thres=1.25",hub,0.25,10,23,40,1730,0,0,40,1730,0.0,0.0,0.0,0.0,7.583181297237223
tfnbs,"e=0.2,h=5.0,n=30,start_thres=1.25",hub,0.25,10,23,40,1730,0,0,40,1730,0.0,0.0,0.0,0.0,7.583181297237223
tfnbs,"e=0.2,h=6.0,n=30,start_thres=1.25",hub,0.25,10,23,40,1730,0,0,40,1730,0.0,0.0,0.0,0.0,7.583181297237223
tfnbs,"e=0.2,h=7.0,n=30,start_thres=1.25",hub,0.25,10,23,40,1730,0,0,40,1730,0.0,0.0,0.0,0.0,7.583181297237223
tfnbs,"e=0.2,h=8.0,n=30,start_thres=1.25",hub,0.25,10,23,40,1730,0,0,40,1730,0.0,0.0,0.0,0.0,7.583181297237223
tfnbs,"e=0.2,h=9.0,n=30,start_thres=1.25",hub,0.25,10,23,40,1730,0,0,40,1730,0.0,0.0,0.0,0.0,7.583181297237223
tfnbs,"e=0.2,h=10.0,n=30,start_thres=1.25",hub,0.25,10,23,40,1730,0,0,40,1730,0.0,0.0,0.0,0.0,7.583181297237223
tfnbs,"e=0.3,h=0.5,n=30,start_thres=1.25",hub,0.25,10,23,40,1730,0,0,40,1730,0.0,0.0,0.0,0.0,7.583181297237223
tfnbs,"e=0.3,h=1.0,n=30,start_thres=1.25",hub,0.25,10,23,40,1730,0,0,40,1730,0.0,0.0,0.0,0.0,7.583181297237223
tfnbs,"e=0.3,h=2.0,n=30,start_thres=1.25",hub,0.25,10,23,40,1730,0,0,40,1730,0.0,0.0,0.0,0.0,7.583181297237223
tfnbs,"e=0.3,h=3.0,n=30,start_thres=1.25",hub,0.25,10,23,40,1730,0,0,40,1730,0.0,0.0,0.0,0.0,7.583181297237223
tfnbs,"e=0.3,h=4.0,n=30,start_thres=1.25",hub,0.25,10,23,40,1730,0,0,40,1730,0.0,0.0,0.0,0.0,7.583181297237223
tfnbs,"e=0.3,h=5.0,n=30,start_thres=1.25",hub,0.25,10,23,40,1730,0,0,40,1730,0.0,0.0,0.0,0.0,7.583181297237223
tfnbs,"e=0.3,h=6.0,n=30,start_thres=1.25",hub,0.25,10,23,40,1730,0,0,40,1730,0.0,0.0,0.0,0.0,7.583181297237223
tfnbs,"e=0.3,h=7.0,n=30,start_thres=1.25",hub,0.25,10,23,40,1730,0,0,40,1730,0.0,0.0,0.0,0.0,7.583181297237223
tfnbs,"e=0.3,h=8.0,n=30,start_thres=1.25",hub,0.25,10,23,40,1730,0,0,40,1730,0.0,0.0,0.0,0.0,7.583181297237223
tfnbs,"e=0.3,h=9.0,n=30,start_thres=1.25",hub,0.25,10,23,40,1730,0,0,40,1730,0.0,0.0,0.0,0.0,7.583181297237223
tfnbs,"e=0.3,h=10.0,n=30,start_thres=1.25",hub,0.25,10,23,40,1730,0,0,40,1730,0.0,0.0,0.0,0.0,7.583181297237223
tfnbs,"e=0.4,h=0.5,n=30,start_thres=1.25",hub,0.25,10,23,40,1730,0,0,40,1730,0.0,0.0,0.0,0.0,7.583181297237223
tfnbs,"e=0.4,h=1.0,n=30,start_thres=1.25",hub,0.25,10,23,40,1730,0,0,40,1730,0.0,0.0,0.0,0.0,7.583181297237223
tfnbs,"e=0.4,h=2.0,n=30,start_thres=1.25",hub,0.25,10,23,40,1730,0,0,40,1730,0.0,0.0,0.0,0.0,7.583181297237223
tfnbs,"e=0.4,h=3.0,n=30,start_thres=1.25",hub,0.25,10,23,40,1730,0,0,40,1730,0.0,0.0,0.0,0.0,7.583181297237223
tfnbs,"e=0.4,h=4.0,n=30,start_thres=1.25",hub,0.25,10,23,40,1730,0,0,40,1730,0.0,0.0,0.0,0.0,7.583181297237223
tfnbs,"e=0.4,h=5.0,n=30,start_thres=1.25",hub,0.25,10,23,40,1730,0,0,40,1730,0.0,0.0,0.0,0.0,7.583181297237223
tfnbs,"e=0.4,h=6.0,n=30,start_thres=1.25",hub,0.25,10,23,40,1730,0,0,40,1730,0.0,0.0,0.0,0.0,7.583181297237223
tfnbs,"e=0.4,h=7.0,n=30,start_thres=1.25",hub,0.25,10,23,40,1730,0,0,40,1730,0.0,0.0,0.0,0.0,7.583181297237223
tfnbs,"e=0.4,h=8.0,n=30,start_thres=1.25",hub,0.25,10,23,40,1730,0,0,40,1730,0.0,0.0,0.0,0.0,7.583181297237223
tfnbs,"e=0.4,h=9.0,n=30,start_thres=1.25",hub,0.25,10,23,40,1730,0,0,40,1730,0.0,0.0,0.0,0.0,7.583181297237223
tfnbs,"e=0.4,h=10.0,n=30,start_thres=1.25",hub,0.25,10,23,40,1730,0,0,40,1730,0.0,0.0,0.0,0.0,7.583181297237223
tfnbs,"e=0.5,h=0.5,n=30,start_thres=1.25",hub,0.25,10,23,40,1730,0,0,40,1730,0.0,0.0,0.0,0.0,7.583181297237223
tfnbs,"e=0.5,h=1.0,n=30,start_thres=1.25",hub,0.25,10,23,40,1730,0,0,40,1730,0.0,0.0,0.0,0.0,7.583181297237223
tfnbs,"e=0.5,h=2.0,n=30,start_thres=1.25",hub,0.25,10,23,40,1730,0,0,40,1730,0.0,0.0,0.0,0.0,7.583181297237223
tfnbs,"e=0.5,h=3.0,n=30,start_thres=1.25",hub,0.25,10,23,40,1730,0,0,40,1730,0.0,0.0,0.0,0.0,7.583181297237223
tfnbs,"e=0.5,h=4.0,n=30,start_thres=1.25",hub,0.25,10,23,40,1730,0,0,40,1730,0.0,0.0,0.0,0.0,7.583181297237223
tfnbs,"e=0.5,h=5.0,n=30,start_thres=1.25",hub,0.25,10,23,40,1730,0,0,40,1730,0.0,0.0,0.0,0.0,7.583181297237223
tfnbs,"e=0.5,h=6.0,n=30,start_thres=1.25",hub,0.25,10,23,40,1730,0,0,40,1730,0.0,0.0,0.0,0.0,7.583181297237223
tfnbs,"e=0.5,h=7.0,n=30,start_thres=1.25",hub,0.25,10,23,40,1730,0,0,40,1730,0.0,0.0,0.0,0.0,7.583181297237223
tfnbs,"e=0.5,h=8.0,n=30,start_thres=1.25",hub,0.25,10,23,40,1730,0,0,40,1730,0.0,0.0,0.0,0.0,7.583181297237223
tfnbs,"e=0.5,h=9.0,n=30,start_thres=1.25",hub,0.25,10,23,40,1730,0,0,40,1730,0.0,0.0,0.0,0.0,7.583181297237223
tfnbs,"e=0.5,h=10.0,n=30,start_thres=1.25",hub,0.25,10,23,40,1730,0,0,40,1730,0.0,0.0,0.0,0.0,7.583181297237223
tfnbs,"e=0.6,h=0.5,n=30,start_thres=1.25",hub,0.25,10,23,40,1730,0,0,40,1730,0.0,0.0,0.0,0.0,7.583181297237223
tfnbs,"e=0.6,h=1.0,n=30,start_thres=1.25",hub,0.25,10,23,40,1730,0,0,40,1730,0.0,0.0,0.0,0.0,7.583181297237223
tfnbs,"e=0.6,h=2.0,n=30,start_thres=1.25",hub,0.25,10,23,40,1730,0,0,40,1730,0.0,0.0,0.0,0.0,7.583181297237223
tfnbs,"e=0.6,h=3.0,n=30,start_thres=1.25",hub,0.25,10,23,40,1730,0,0,40,1730,0.0,0.0,0.0,0.0,7.583181297237223
tfnbs,"e=0.6,h=4.0,n=30,start_thres=1.25",hub,0.25,10,23,40,1730,0,0,40,1730,0.0,0.0,0.0,0.0,7.583181297237223
tfnbs,"e=0.6,h=5.0,n=30,start_thres=1.25",hub,0.25,10,23,40,1730,0,0,40,1730,0.0,0.0,0.0,0.0,7.583181297237223
tfnbs,"e=0.6,h=6.0,n=30,start_thres=1.25",hub,0.25,10,23,40,1730,0,0,40,1730,0.0,0.0,0.0,0.0,7.583181297237223
tfnbs,"e=0.6,h=7.0,n=30,start_thres=1.25",hub,0.25,10,23,40,1730,0,0,40,1730,0.0,0.0,0.0,0.0,7.583181297237223
tfnbs,"e=0.6,h=8.0,n=30,start_thres=1.25",hub,0.25,10,23,40,1730,0,0,40,1730,0.0,0.0,0.0,0.0,7.583181297237223
tfnbs,"e=0.6,h=9.0,n=30,start_thres=1.25",hub,0.25,10,23,40,1730,0,0,40,1730,0.0,0.0,0.0,0.0,7.583181297237223
tfnbs,"e=0.6,h=10.0,n=30,start_thres=1.25",hub,0.25,10,23,40,1730,0,0,40,1730,0.0,0.0,0.0,0.0,7.583181297237223
tfnbs,"e=0.7,h=0.5,n=30,start_thres=1.25",hub,0.25,10,23,40,1730,0,0,40,1730,0.0,0.0,0.0,0.0,7.583181297237223
tfnbs,"e=0.7,h=1.0,n=30,start_thres=1.25",hub,0.25,10,23,40,1730,0,0,40,1730,0.0,0.0,0.0,0.0,7.583181297237223
tfnbs,"e=0.7,h=2.0,n=30,start_thres=1.25",hub,0.25,10,23,40,1730,0,0,40,1730,0.0,0.0,0.0,0.0,7.583181297237223
tfnbs,"e=0.7,h=3.0,n=30,start_thres=1.25",hub,0.25,10,23,40,1730,0,0,40,1730,0.0,0.0,0.0,0.0,7.583181297237223
tfnbs,"e=0.7,h=4.0,n=30,start_thres=1.25",hub,0.25,10,23,40,1730,0,0,40,1730,0.0,0.0,0.0,0.0,7.583181297237223
tfnbs,"e=0.7,h=5.0,n=30,start_thres=1.25",hub,0.25,10,23,40,1730,0,0,40,1730,0.0,0.0,0.0,0.0,7.583181297237223
tfnbs,"e=0.7,h=6.0,n=30,start_thres=1.25",hub,0.25,10,23,40,1730,0,0,40,1730,0.0,0.0,0.0,0.0,7.583181297237223
tfnbs,"e=0.7,h=7.0,n=30,start_thres=1.25",hub,0.25,10,23,40,1730,0,0,40,1730,0.0,0.0,0.0,0.0,7.583181297237223
tfnbs,"e=0.7,h=8.0,n=30,start_thres=1.25",hub,0.25,10,23,40,1730,0,0,40,1730,0.0,0.0,0.0,0.0,7.583181297237223
tfnbs,"e=0.7,h=9.0,n=30,start_thres=1.25",hub,0.25,10,23,40,1730,0,0,40,1730,0.0,0.0,0.0,0.0,7.583181297237223
tfnbs,"e=0.7,h=10.0,n=30,start_thres=1.25",hub,0.25,10,23,40,1730,0,0,40,1730,0.0,0.0,0.0,0.0,7.583181297237223
tfnbs,"e=0.8,h=0.5,n=30,start_thres=1.25",hub,0.25,10,23,40,1730,0,0,40,1730,0.0,0.0,0.0,0.0,7.583181297237223
tfnbs,"e=0.8,h=1.0,n=30,start_thres=1.25",hub,0.25,10,23,40,1730,0,0,40,1730,0.0,0.0,0.0,0.0,7.583181297237223
tfnbs,"e=0.8,h=2.0,n=30,start_thres=1.25",hub,0.25,10,23,40,1730,0,0,40,1730,0.0,0.0,0.0,0.0,7.583181297237223
tfnbs,"e=0.8,h=3.0,n=30,start_thres=1.25",hub,0.25,10,23,40,1730,0,0,40,1730,0.0,0.0,0.0,0.0,7.583181297237223
tfnbs,"e=0.8,h=4.0,n=30,start_thres=1.25",hub,0.25,10,23,40,1730,0,0,40,1730,0.0,0.0,0.0,0.0,7.583181297237223
tfnbs,"e=0.8,h=5.0,n=30,start_thres=1.25",hub,0.25,10,23,40,1730,0,0,40,1730,0.0,0.0,0.0,0.0,7.583181297237223
tfnbs,"e=0.8,h=6.0,n=30,start_thres=1.25",hub,0.25,10,23,40,1730,0,0,40,1730,0.0,0.0,0.0,0.0,7.583181297237223
tfnbs,"e=0.8,h=7.0,n=30,start_thres=1.25",hub,0.25,10,23,40,1730,0,0,40,1730,0.0,0.0,0.0,0.0,7.583181297237223
tfnbs,"e=0.8,h=8.0,n=30,start_thres=1.25",hub,0.25,10,23,40,1730,0,0,40,1730,0.0,0.0,0.0,0.0,7.583181297237223
tfnbs,"e=0.8,h=9.0,n=30,start_thres=1.25",hub,0.25,10,23,40,1730,0,0,40,1730,0.0,0.0,0.0,0.0,7.583181297237223
tfnbs,"e=0.8,h=10.0,n=30,start_thres=1.25",hub,0.25,10,23,40,1730,0,0,40,1730,0.0,0.0,0.0,0.0,7.583181297237223
tfnbs,"e=0.9,h=0.5,n=30,start_thres=1.25",hub,0.25,10,23,40,1730,0,0,40,1730,0.0,0.0,0.0,0.0,7.583181297237223
tfnbs,"e=0.9,h=1.0,n=30,start_thres=1.25",hub,0.25,10,23,40,1730,0,0,40,1730,0.0,0.0,0.0,0.0,7.583181297237223
tfnbs,"e=0.9,h=2.0,n=30,start_thres=1.25",hub,0.25,10,23,40,1730,0,0,40,1730,0.0,0.0,0.0,0.0,7.583181297237223
tfnbs,"e=0.9,h=3.0,n=30,start_thres=1.25",hub,0.25,10,23,40,1730,0,0,40,1730,0.0,0.0,0.0,0.0,7.583181297237223
tfnbs,"e=0.9,h=4.0,n=30,start_thres=1.25",hub,0.25,10,23,40,1730,0,0,40,1730,0.0,0.0,0.0,0.0,7.583181297237223
tfnbs,"e=0.9,h=5.0,n=30,start_thres=1.25",hub,0.25,10,23,40,1730,0,0,40,1730,0.0,0.0,0.0,0.0,7.583181297237223
tfnbs,"e=0.9,h=6.0,n=30,start_thres=1.25",hub,0.25,10,23,40,1730,0,0,40,1730,0.0,0.0,0.0,0.0,7.583181297237223
tfnbs,"e=0.9,h=7.0,n=30,start_thres=1.25",hub,0.25,10,23,40,1730,0,0,40,1730,0.0,0.0,0.0,0.0,7.583181297237223
tfnbs,"e=0.9,h=8.0,n=30,start_thres=1.25",hub,0.25,10,23,40,1730,0,0,40,1730,0.0,0.0,0.0,0.0,7.583181297237223
tfnbs,"e=0.9,h=9.0,n=30,start_thres=1.25",hub,0.25,10,23,40,1730,0,0,40,1730,0.0,0.0,0.0,0.0,7.583181297237223
tfnbs,"e=0.9,h=10.0,n=30,start_thres=1.25",hub,0.25,10,23,40,1730,0,0,40,1730,0.0,0.0,0.0,0.0,7.583181297237223
tfnbs,"e=1.0,h=0.5,n=30,start_thres=1.25",hub,0.25,10,23,40,1730,0,0,40,1730,0.0,0.0,0.0,0.0,7.583181297237223
tfnbs,"e=1.0,h=1.0,n=30,start_thres=1.25",hub,0.25,10,23,40,1730,0,0,40,1730,0.0,0.0,0.0,0.0,7.583181297237223
tfnbs,"e=1.0,h=2.0,n=30,start_thres=1.25",hub,0.25,10,23,40,1730,0,0,40,1730,0.0,0.0,0.0,0.0,7.583181297237223
tfnbs,"e=1.0,h=3.0,n=30,start_thres=1.25",hub,0.25,10,23,40,1730,0,0,40,1730,0.0,0.0,0.0,0.0,7.583181297237223
tfnbs,"e=1.0,h=4.0,n=30,start_thres=1.25",hub,0.25,10,23,40,1730,0,0,40,1730,0.0,0.0,0.0,0.0,7.583181297237223
tfnbs,"e=1.0,h=5.0,n=30,start_thres=1.25",hub,0.25,10,23,40,1730,0,0,40,1730,0.0,0.0,0.0,0.0,7.583181297237223
tfnbs,"e=1.0,h=6.0,n=30,start_thres=1.25",hub,0.25,10,23,40,1730,0,0,40,1730,0.0,0.0,0.0,0.0,7.583181297237223
tfnbs,"e=1.0,h=7.0,n=30,start_thres=1.25",hub,0.25,10,23,40,1730,0,0,40,1730,0.0,0.0,0.0,0.0,7.583181297237223
tfnbs,"e=1.0,h=8.0,n=30,start_thres=1.25",hub,0.25,10,23,40,1730,0,0,40,1730,0.0,0.0,0.0,0.0,7.583181297237223
tfnbs,"e=1.0,h=9.0,n=30,start_thres=1.25",hub,0.25,10,23,40,1730,0,0,40,1730,0.0,0.0,0.0,0.0,7.583181297237223
tfnbs,"e=1.0,h=10.0,n=30,start_thres=1.25",hub,0.25,10,23,40,1730,0,0,40,1730,0.0,0.0,0.0,0.0,7.583181297237223
tfnbs,"e=1.1,h=0.5,n=30,start_thres=1.25",hub,0.25,10,23,40,1730,0,0,40,1730,0.0,0.0,0.0,0.0,7.583181297237223
tfnbs,"e=1.1,h=1.0,n=30,start_thres=1.25",hub,0.25,10,23,40,1730,0,0,40,1730,0.0,0.0,0.0,0.0,7.583181297237223
tfnbs,"e=1.1,h=2.0,n=30,start_thres=1.25",hub,0.25,10,23,40,1730,0,0,40,1730,0.0,0.0,0.0,0.0,7.583181297237223
tfnbs,"e=1.1,h=3.0,n=30,start_thres=1.25",hub,0.25,10,23,40,1730,0,0,40,1730,0.0,0.0,0.0,0.0,7.583181297237223
tfnbs,"e=1.1,h=4.0,n=30,start_thres=1.25",hub,0.25,10,23,40,1730,0,0,40,1730,0.0,0.0,0.0,0.0,7.583181297237223
tfnbs,"e=1.1,h=5.0,n=30,start_thres=1.25",hub,0.25,10,23,40,1730,0,0,40,1730,0.0,0.0,0.0,0.0,7.583181297237223
tfnbs,"e=1.1,h=6.0,n=30,start_thres=1.25",hub,0.25,10,23,40,1730,0,0,40,1730,0.0,0.0,0.0,0.0,7.583181297237223
tfnbs,"e=1.1,h=7.0,n=30,start_thres=1.25",hub,0.25,10,23,40,1730,0,0,40,1730,0.0,0.0,0.0,0.0,7.583181297237223
tfnbs,"e=1.1,h=8.0,n=30,start_thres=1.25",hub,0.25,10,23,40,1730,0,0,40,1730,0.0,0.0,0.0,0.0,7.583181297237223
tfnbs,"e=1.1,h=9.0,n=30,start_thres=1.25",hub,0.25,10,23,40,1730,0,0,40,1730,0.0,0.0,0.0,0.0,7.583181297237223
tfnbs,"e=1.1,h=10.0,n=30,start_thres=1.25",hub,0.25,10,23,40,1730,0,0,40,1730,0.0,0.0,0.0,0.0,7.583181297237223
tfnbs,"e=1.2,h=0.5,n=30,start_thres=1.25",hub,0.25,10,23,40,1730,0,0,40,1730,0.0,0.0,0.0,0.0,7.583181297237223
tfnbs,"e=1.2,h=1.0,n=30,start_thres=1.25",hub,0.25,10,23,40,1730,0,0,40,1730,0.0,0.0,0.0,0.0,7.583181297237223
tfnbs,"e=1.2,h=2.0,n=30,start_thres=1.25",hub,0.25,10,23,40,1730,0,0,40,1730,0.0,0.0,0.0,0.0,7.583181297237223
tfnbs,"e=1.2,h=3.0,n=30,start_thres=1.25",hub,0.25,10,23,40,1730,0,0,40,1730,0.0,0.0,0.0,0.0,7.583181297237223
tfnbs,"e=1.2,h=4.0,n=30,start_thres=1.25",hub,0.25,10,23,40,1730,0,0,40,1730,0.0,0.0,0.0,0.0,7.583181297237223
tfnbs,"e=1.2,h=5.0,n=30,start_thres=1.25",hub,0.25,10,23,40,1730,0,0,40,1730,0.0,0.0,0.0,0.0,7.583181297237223
tfnbs,"e=1.2,h=6.0,n=30,start_thres=1.25",hub,0.25,10,23,40,1730,0,0,40,1730,0.0,0.0,0.0,0.0,7.583181297237223
tfnbs,"e=1.2,h=7.0,n=30,start_thres=1.25",hub,0.25,10,23,40,1730,0,0,40,1730,0.0,0.0,0.0,0.0,7.583181297237223
tfnbs,"e=1.2,h=8.0,n=30,start_thres=1.25",hub,0.25,10,23,40,1730,0,0,40,1730,0.0,0.0,0.0,0.0,7.583181297237223
tfnbs,"e=1.2,h=9.0,n=30,start_thres=1.25",hub,0.25,10,23,40,1730,0,0,40,1730,0.0,0.0,0.0,0.0,7.583181297237223
tfnbs,"e=1.2,h=10.0,n=30,start_thres=1.25",hub,0.25,10,23,40,1730,0,0,40,1730,0.0,0.0,0.0,0.0,7.583181297237223
tfnbs,"e=1.3,h=0.5,n=30,start_thres=1.25",hub,0.25,10,23,40,1730,0,0,40,1730,0.0,0.0,0.0,0.0,7.583181297237223
tfnbs,"e=1.3,h=1.0,n=30,start_thres=1.25",hub,0.25,10,23,40,1730,0,0,40,1730,0.0,0.0,0.0,0.0,7.583181297237223
tfnbs,"e=1.3,h=2.0,n=30,start_thres=1.25",hub,0.25,10,23,40,1730,0,0,40,1730,0.0,0.0,0.0,0.0,7.583181297237223
tfnbs,"e=1.3,h=3.0,n=30,start_thres=1.25",hub,0.25,10,23,40,1730,0,0,40,1730,0.0,0.0,0.0,0.0,7.583181297237223
tfnbs,"e=1.3,h=4.0,n=30,start_thres=1.25",hub,0.25,10,23,40,1730,0,0,40,1730,0.0,0.0,0.0,0.0,7.583181297237223
tfnbs,"e=1.3,h=5.0,n=30,start_thres=1.25",hub,0.25,10,23,40,1730,0,0,40,1730,0.0,0.0,0.0,0.0,7.583181297237223
tfnbs,"e=1.3,h=6.0,n=30,start_thres=1.25",hub,0.25,10,23,40,1730,0,0,40,1730,0.0,0.0,0.0,0.0,7.583181297237223
tfnbs,"e=1.3,h=7.0,n=30,start_thres=1.25",hub,0.25,10,23,40,1730,0,0,40,1730,0.0,0.0,0.0,0.0,7.583181297237223
tfnbs,"e=1.3,h=8.0,n=30,start_thres=1.25",hub,0.25,10,23,40,1730,0,0,40,1730,0.0,0.0,0.0,0.0,7.583181297237223
tfnbs,"e=1.3,h=9.0,n=30,start_thres=1.25",hub,0.25,10,23,40,1730,0,0,40,1730,0.0,0.0,0.0,0.0,7.583181297237223
tfnbs,"e=1.3,h=10.0,n=30,start_thres=1.25",hub,0.25,10,23,40,1730,0,0,40,1730,0.0,0.0,0.0,0.0,7.583181297237223
tfnbs,"e=1.4,h=0.5,n=30,start_thres=1.25",hub,0.25,10,23,40,1730,0,0,40,1730,0.0,0.0,0.0,0.0,7.583181297237223
tfnbs,"e=1.4,h=1.0,n=30,start_thres=1.25",hub,0.25,10,23,40,1730,0,0,40,1730,0.0,0.0,0.0,0.0,7.583181297237223
tfnbs,"e=1.4,h=2.0,n=30,start_thres=1.25",hub,0.25,10,23,40,1730,0,0,40,1730,0.0,0.0,0.0,0.0,7.583181297237223
tfnbs,"e=1.4,h=3.0,n=30,start_thres=1.25",hub,0.25,10,23,40,1730,0,0,40,1730,0.0,0.0,0.0,0.0,7.583181297237223
tfnbs,"e=1.4,h=4.0,n=30,start_thres=1.25",hub,0.25,10,23,40,1730,0,0,40,1730,0.0,0.0,0.0,0.0,7.583181297237223
tfnbs,"e=1.4,h=5.0,n=30,start_thres=1.25",hub,0.25,10,23,40,1730,0,0,40,1730,0.0,0.0,0.0,0.0,7.583181297237223
tfnbs,"e=1.4,h=6.0,n=30,start_thres=1.25",hub,0.25,10,23,40,1730,0,0,40,1730,0.0,0.0,0.0,0.0,7.583181297237223
tfnbs,"e=1.4,h=7.0,n=30,start_thres=1.25",hub,0.25,10,23,40,1730,0,0,40,1730,0.0,0.0,0.0,0.0,7.583181297237223
tfnbs,"e=1.4,h=8.0,n=30,start_thres=1.25",hub,0.25,10,23,40,1730,0,0,40,1730,0.0,0.0,0.0,0.0,7.583181297237223
tfnbs,"e=1.4,h=9.0,n=30,start_thres=1.25",hub,0.25,10,23,40,1730,0,0,40,1730,0.0,0.0,0.0,0.0,7.583181297237223
tfnbs,"e=1.4,h=10.0,n=30,start_thres=1.25",hub,0.25,10,23,40,1730,0,0,40,1730,0.0,0.0,0.0,0.0,7.583181297237223
tfnbs,"e=1.5,h=0.5,n=30,start_thres=1.25",hub,0.25,10,23,40,1730,0,0,40,1730,0.0,0.0,0.0,0.0,7.583181297237223
tfnbs,"e=1.5,h=1.0,n=30,start_thres=1.25",hub,0.25,10,23,40,1730,0,0,40,1730,0.0,0.0,0.0,0.0,7.583181297237223
tfnbs,"e=1.5,h=2.0,n=30,start_thres=1.25",hub,0.25,10,23,40,1730,0,0,40,1730,0.0,0.0,0.0,0.0,7.583181297237223
tfnbs,"e=1.5,h=3.0,n=30,start_thres=1.25",hub,0.25,10,23,40,1730,0,0,40,1730,0.0,0.0,0.0,0.0,7.583181297237223
tfnbs,"e=1.5,h=4.0,n=30,start_thres=1.25",hub,0.25,10,23,40,1730,0,0,40,1730,0.0,0.0,0.0,0.0,7.583181297237223
tfnbs,"e=1.5,h=5.0,n=30,start_thres=1.25",hub,0.25,10,23,40,1730,0,0,40,1730,0.0,0.0,0.0,0.0,7.583181297237223
tfnbs,"e=1.5,h=6.0,n=30,start_thres=1.25",hub,0.25,10,23,40,1730,0,0,40,1730,0.0,0.0,0.0,0.0,7.583181297237223
tfnbs,"e=1.5,h=7.0,n=30,start_thres=1.25",hub,0.25,10,23,40,1730,0,0,40,1730,0.0,0.0,0.0,0.0,7.583181297237223
tfnbs,"e=1.5,h=8.0,n=30,start_thres=1.25",hub,0.25,10,23,40,1730,0,0,40,1730,0.0,0.0,0.0,0.0,7.583181297237223
tfnbs,"e=1.5,h=9.0,n=30,start_thres=1.25",hub,0.25,10,23,40,1730,0,0,40,1730,0.0,0.0,0.0,0.0,7.583181297237223
tfnbs,"e=1.5,h=10.0,n=30,start_thres=1.25",hub,0.25,10,23,40,1730,0,0,40,1730,0.0,0.0,0.0,0.0,7.583181297237223
tfnbs,"e=0.05,h=0.5,n=30,start_thres=1.25",hub,0.25,10,1,40,1730,0,0,40,1730,0.0,0.0,0.0,0.0,7.660236649892547
tfnbs,"e=0.05,h=1.0,n=30,start_thres=1.25",hub,0.25,10,1,40,1730,0,0,40,1730,0.0,0.0,0.0,0.0,7.660236649892547
tfnbs,"e=0.05,h=2.0,n=30,start_thres=1.25",hub,0.25,10,1,40,1730,0,0,40,1730,0.0,0.0,0.0,0.0,7.660236649892547
tfnbs,"e=0.05,h=3.0,n=30,start_thres=1.25",hub,0.25,10,1,40,1730,0,0,40,1730,0.0,0.0,0.0,0.0,7.660236649892547
tfnbs,"e=0.05,h=4.0,n=30,start_thres=1.25",hub,0.25,10,1,40,1730,0,0,40,1730,0.0,0.0,0.0,0.0,7.660236649892547
tfnbs,"e=0.05,h=5.0,n=30,start_thres=1.25",hub,0.25,10,1,40,1730,0,0,40,1730,0.0,0.0,0.0,0.0,7.660236649892547
tfnbs,"e=0.05,h=6.0,n=30,start_thres=1.25",hub,0.25,10,1,40,1730,0,0,40,1730,0.0,0.0,0.0,0.0,7.660236649892547
tfnbs,"e=0.05,h=7.0,n=30,start_thres=1.25",hub,0.25,10,1,40,1730,0,0,40,1730,0.0,0.0,0.0,0.0,7.660236649892547
tfnbs,"e=0.05,h=8.0,n=30,start_thres=1.25",hub,0.25,10,1,40,1730,0,0,40,1730,0.0,0.0,0.0,0.0,7.660236649892547
tfnbs,"e=0.05,h=9.0,n=30,start_thres=1.25",hub,0.25,10,1,40,1730,0,0,40,1730,0.0,0.0,0.0,0.0,7.660236649892547
tfnbs,"e=0.05,h=10.0,n=30,start_thres=1.25",hub,0.25,10,1,40,1730,0,0,40,1730,0.0,0.0,0.0,0.0,7.660236649892547
tfnbs,"e=0.1,h=0.5,n=30,start_thres=1.25",hub,0.25,10,1,40,1730,0,0,40,1730,0.0,0.0,0.0,0.0,7.660236649892547
tfnbs,"e=0.1,h=1.0,n=30,start_thres=1.25",hub,0.25,10,1,40,1730,0,0,40,1730,0.0,0.0,0.0,0.0,7.660236649892547
tfnbs,"e=0.1,h=2.0,n=30,start_thres=1.25",hub,0.25,10,1,40,1730,0,0,40,1730,0.0,0.0,0.0,0.0,7.660236649892547
tfnbs,"e=0.1,h=3.0,n=30,start_thres=1.25",hub,0.25,10,1,40,1730,0,0,40,1730,0.0,0.0,0.0,0.0,7.660236649892547
tfnbs,"e=0.1,h=4.0,n=30,start_thres=1.25",hub,0.25,10,1,40,1730,0,0,40,1730,0.0,0.0,0.0,0.0,7.660236649892547
tfnbs,"e=0.1,h=5.0,n=30,start_thres=1.25",hub,0.25,10,1,40,1730,0,0,40,1730,0.0,0.0,0.0,0.0,7.660236649892547
tfnbs,"e=0.1,h=6.0,n=30,start_thres=1.25",hub,0.25,10,1,40,1730,0,0,40,1730,0.0,0.0,0.0,0.0,7.660236649892547
tfnbs,"e=0.1,h=7.0,n=30,start_thres=1.25",hub,0.25,10,1,40,1730,0,0,40,1730,0.0,0.0,0.0,0.0,7.660236649892547
tfnbs,"e=0.1,h=8.0,n=30,start_thres=1.25",hub,0.25,10,1,40,1730,0,0,40,1730,0.0,0.0,0.0,0.0,7.660236649892547
tfnbs,"e=0.1,h=9.0,n=30,start_thres=1.25",hub,0.25,10,1,40,1730,0,0,40,1730,0.0,0.0,0.0,0.0,7.660236649892547
tfnbs,"e=0.1,h=10.0,n=30,start_thres=1.25",hub,0.25,10,1,40,1730,0,0,40,1730,0.0,0.0,0.0,0.0,7.660236649892547
tfnbs,"e=0.2,h=0.5,n=30,start_thres=1.25",hub,0.25,10,1,40,1730,0,0,40,1730,0.0,0.0,0.0,0.0,7.660236649892547
tfnbs,"e=0.2,h=1.0,n=30,start_thres=1.25",hub,0.25,10,1,40,1730,0,0,40,1730,0.0,0.0,0.0,0.0,7.660236649892547
tfnbs,"e=0.2,h=2.0,n=30,start_thres=1.25",hub,0.25,10,1,40,1730,0,0,40,1730,0.0,0.0,0.0,0.0,7.660236649892547
tfnbs,"e=0.2,h=3.0,n=30,start_thres=1.25",hub,0.25,10,1,40,1730,0,0,40,1730,0.0,0.0,0.0,0.0,7.660236649892547
tfnbs,"e=0.2,h=4.0,n=30,start_thres=1.25",hub,0.25,10,1,40,1730,0,0,40,1730,0.0,0.0,0.0,0.0,7.660236649892547
tfnbs,"e=0.2,h=5.0,n=30,start_thres=1.25",hub,0.25,10,1,40,1730,0,0,40,1730,0.0,0.0,0.0,0.0,7.660236649892547
tfnbs,"e=0.2,h=6.0,n=30,start_thres=1.25",hub,0.25,10,1,40,1730,0,0,40,1730,0.0,0.0,0.0,0.0,7.660236649892547
tfnbs,"e=0.2,h=7.0,n=30,start_thres=1.25",hub,0.25,10,1,40,1730,0,0,40,1730,0.0,0.0,0.0,0.0,7.660236649892547
tfnbs,"e=0.2,h=8.0,n=30,start_thres=1.25",hub,0.25,10,1,40,1730,0,0,40,1730,0.0,0.0,0.0,0.0,7.660236649892547
tfnbs,"e=0.2,h=9.0,n=30,start_thres=1.25",hub,0.25,10,1,40,1730,0,0,40,1730,0.0,0.0,0.0,0.0,7.660236649892547
tfnbs,"e=0.2,h=10.0,n=30,start_thres=1.25",hub,0.25,10,1,40,1730,0,0,40,1730,0.0,0.0,0.0,0.0,7.660236649892547
tfnbs,"e=0.3,h=0.5,n=30,start_thres=1.25",hub,0.25,10,1,40,1730,0,0,40,1730,0.0,0.0,0.0,0.0,7.660236649892547
tfnbs,"e=0.3,h=1.0,n=30,start_thres=1.25",hub,0.25,10,1,40,1730,0,0,40,1730,0.0,0.0,0.0,0.0,7.660236649892547
tfnbs,"e=0.3,h=2.0,n=30,start_thres=1.25",hub,0.25,10,1,40,1730,0,0,40,1730,0.0,0.0,0.0,0.0,7.660236649892547
tfnbs,"e=0.3,h=3.0,n=30,start_thres=1.25",hub,0.25,10,1,40,1730,0,0,40,1730,0.0,0.0,0.0,0.0,7.660236649892547
tfnbs,"e=0.3,h=4.0,n=30,start_thres=1.25",hub,0.25,10,1,40,1730,0,0,40,1730,0.0,0.0,0.0,0.0,7.660236649892547
tfnbs,"e=0.3,h=5.0,n=30,start_thres=1.25",hub,0.25,10,1,40,1730,0,0,40,1730,0.0,0.0,0.0,0.0,7.660236649892547
tfnbs,"e=0.3,h=6.0,n=30,start_thres=1.25",hub,0.25,10,1,40,1730,0,0,40,1730,0.0,0.0,0.0,0.0,7.660236649892547
tfnbs,"e=0.3,h=7.0,n=30,start_thres=1.25",hub,0.25,10,1,40,1730,0,0,40,1730,0.0,0.0,0.0,0.0,7.660236649892547
tfnbs,"e=0.3,h=8.0,n=30,start_thres=1.25",hub,0.25,10,1,40,1730,0,0,40,1730,0.0,0.0,0.0,0.0,7.660236649892547
tfnbs,"e=0.3,h=9.0,n=30,start_thres=1.25",hub,0.25,10,1,40,1730,0,0,40,1730,0.0,0.0,0.0,0.0,7.660236649892547
tfnbs,"e=0.3,h=10.0,n=30,start_thres=1.25",hub,0.25,10,1,40,1730,0,0,40,1730,0.0,0.0,0.0,0.0,7.660236649892547
tfnbs,"e=0.4,h=0.5,n=30,start_thres=1.25",hub,0.25,10,1,40,1730,0,0,40,1730,0.0,0.0,0.0,0.0,7.660236649892547
tfnbs,"e=0.4,h=1.0,n=30,start_thres=1.25",hub,0.25,10,1,40,1730,0,0,40,1730,0.0,0.0,0.0,0.0,7.660236649892547
tfnbs,"e=0.4,h=2.0,n=30,start_thres=1.25",hub,0.25,10,1,40,1730,0,0,40,1730,0.0,0.0,0.0,0.0,7.660236649892547
tfnbs,"e=0.4,h=3.0,n=30,start_thres=1.25",hub,0.25,10,1,40,1730,0,0,40,1730,0.0,0.0,0.0,0.0,7.660236649892547
tfnbs,"e=0.4,h=4.0,n=30,start_thres=1.25",hub,0.25,10,1,40,1730,0,0,40,1730,0.0,0.0,0.0,0.0,7.660236649892547
tfnbs,"e=0.4,h=5.0,n=30,start_thres=1.25",hub,0.25,10,1,40,1730,0,0,40,1730,0.0,0.0,0.0,0.0,7.660236649892547
tfnbs,"e=0.4,h=6.0,n=30,start_thres=1.25",hub,0.25,10,1,40,1730,0,0,40,1730,0.0,0.0,0.0,0.0,7.660236649892547
tfnbs,"e=0.4,h=7.0,n=30,start_thres=1.25",hub,0.25,10,1,40,1730,0,0,40,1730,0.0,0.0,0.0,0.0,7.660236649892547
tfnbs,"e=0.4,h=8.0,n=30,start_thres=1.25",hub,0.25,10,1,40,1730,0,0,40,1730,0.0,0.0,0.0,0.0,7.660236649892547
tfnbs,"e=0.4,h=9.0,n=30,start_thres=1.25",hub,0.25,10,1,40,1730,0,0,40,1730,0.0,0.0,0.0,0.0,7.660236649892547
tfnbs,"e=0.4,h=10.0,n=30,start_thres=1.25",hub,0.25,10,1,40,1730,0,0,40,1730,0.0,0.0,0.0,0.0,7.660236649892547
tfnbs,"e=0.5,h=0.5,n=30,start_thres=1.25",hub,0.25,10,1,40,1730,0,0,40,1730,0.0,0.0,0.0,0.0,7.660236649892547
tfnbs,"e=0.5,h=1.0,n=30,start_thres=1.25",hub,0.25,10,1,40,1730,0,0,40,1730,0.0,0.0,0.0,0.0,7.660236649892547
tfnbs,"e=0.5,h=2.0,n=30,start_thres=1.25",hub,0.25,10,1,40,1730,0,0,40,1730,0.0,0.0,0.0,0.0,7.660236649892547
tfnbs,"e=0.5,h=3.0,n=30,start_thres=1.25",hub,0.25,10,1,40,1730,0,0,40,1730,0.0,0.0,0.0,0.0,7.660236649892547
tfnbs,"e=0.5,h=4.0,n=30,start_thres=1.25",hub,0.25,10,1,40,1730,0,0,40,1730,0.0,0.0,0.0,0.0,7.660236649892547
tfnbs,"e=0.5,h=5.0,n=30,start_thres=1.25",hub,0.25,10,1,40,1730,0,0,40,1730,0.0,0.0,0.0,0.0,7.660236649892547
tfnbs,"e=0.5,h=6.0,n=30,start_thres=1.25",hub,0.25,10,1,40,1730,0,0,40,1730,0.0,0.0,0.0,0.0,7.660236649892547
tfnbs,"e=0.5,h=7.0,n=30,start_thres=1.25",hub,0.25,10,1,40,1730,0,0,40,1730,0.0,0.0,0.0,0.0,7.660236649892547
tfnbs,"e=0.5,h=8.0,n=30,start_thres=1.25",hub,0.25,10,1,40,1730,0,0,40,1730,0.0,0.0,0.0,0.0,7.660236649892547
tfnbs,"e=0.5,h=9.0,n=30,start_thres=1.25",hub,0.25,10,1,40,1730,0,0,40,1730,0.0,0.0,0.0,0.0,7.660236649892547
tfnbs,"e=0.5,h=10.0,n=30,start_thres=1.25",hub,0.25,10,1,40,1730,0,0,40,1730,0.0,0.0,0.0,0.0,7.660236649892547
tfnbs,"e=0.6,h=0.5,n=30,start_thres=1.25",hub,0.25,10,1,40,1730,0,0,40,1730,0.0,0.0,0.0,0.0,7.660236649892547
tfnbs,"e=0.6,h=1.0,n=30,start_thres=1.25",hub,0.25,10,1,40,1730,0,0,40,1730,0.0,0.0,0.0,0.0,7.660236649892547
tfnbs,"e=0.6,h=2.0,n=30,start_thres=1.25",hub,0.25,10,1,40,1730,0,0,40,1730,0.0,0.0,0.0,0.0,7.660236649892547
tfnbs,"e=0.6,h=3.0,n=30,start_thres=1.25",hub,0.25,10,1,40,1730,0,0,40,1730,0.0,0.0,0.0,0.0,7.660236649892547
tfnbs,"e=0.6,h=4.0,n=30,start_thres=1.25",hub,0.25,10,1,40,1730,0,0,40,1730,0.0,0.0,0.0,0.0,7.660236649892547
tfnbs,"e=0.6,h=5.0,n=30,start_thres=1.25",hub,0.25,10,1,40,1730,0,0,40,1730,0.0,0.0,0.0,0.0,7.660236649892547
tfnbs,"e=0.6,h=6.0,n=30,start_thres=1.25",hub,0.25,10,1,40,1730,0,0,40,1730,0.0,0.0,0.0,0.0,7.660236649892547
tfnbs,"e=0.6,h=7.0,n=30,start_thres=1.25",hub,0.25,10,1,40,1730,0,0,40,1730,0.0,0.0,0.0,0.0,7.660236649892547
tfnbs,"e=0.6,h=8.0,n=30,start_thres=1.25",hub,0.25,10,1,40,1730,0,0,40,1730,0.0,0.0,0.0,0.0,7.660236649892547
tfnbs,"e=0.6,h=9.0,n=30,start_thres=1.25",hub,0.25,10,1,40,1730,0,0,40,1730,0.0,0.0,0.0,0.0,7.660236649892547
tfnbs,"e=0.6,h=10.0,n=30,start_thres=1.25",hub,0.25,10,1,40,1730,0,0,40,1730,0.0,0.0,0.0,0.0,7.660236649892547
tfnbs,"e=0.7,h=0.5,n=30,start_thres=1.25",hub,0.25,10,1,40,1730,0,0,40,1730,0.0,0.0,0.0,0.0,7.660236649892547
tfnbs,"e=0.7,h=1.0,n=30,start_thres=1.25",hub,0.25,10,1,40,1730,0,0,40,1730,0.0,0.0,0.0,0.0,7.660236649892547
tfnbs,"e=0.7,h=2.0,n=30,start_thres=1.25",hub,0.25,10,1,40,1730,0,0,40,1730,0.0,0.0,0.0,0.0,7.660236649892547
tfnbs,"e=0.7,h=3.0,n=30,start_thres=1.25",hub,0.25,10,1,40,1730,0,0,40,1730,0.0,0.0,0.0,0.0,7.660236649892547
tfnbs,"e=0.7,h=4.0,n=30,start_thres=1.25",hub,0.25,10,1,40,1730,0,0,40,1730,0.0,0.0,0.0,0.0,7.660236649892547
tfnbs,"e=0.7,h=5.0,n=30,start_thres=1.25",hub,0.25,10,1,40,1730,0,0,40,1730,0.0,0.0,0.0,0.0,7.660236649892547
tfnbs,"e=0.7,h=6.0,n=30,start_thres=1.25",hub,0.25,10,1,40,1730,0,0,40,1730,0.0,0.0,0.0,0.0,7.660236649892547
tfnbs,"e=0.7,h=7.0,n=30,start_thres=1.25",hub,0.25,10,1,40,1730,0,0,40,1730,0.0,0.0,0.0,0.0,7.660236649892547
tfnbs,"e=0.7,h=8.0,n=30,start_thres=1.25",hub,0.25,10,1,40,1730,0,0,40,1730,0.0,0.0,0.0,0.0,7.660236649892547
tfnbs,"e=0.7,h=9.0,n=30,start_thres=1.25",hub,0.25,10,1,40,1730,0,0,40,1730,0.0,0.0,0.0,0.0,7.660236649892547
tfnbs,"e=0.7,h=10.0,n=30,start_thres=1.25",hub,0.25,10,1,40,1730,0,0,40,1730,0.0,0.0,0.0,0.0,7.660236649892547
tfnbs,"e=0.8,h=0.5,n=30,start_thres=1.25",hub,0.25,10,1,40,1730,0,0,40,1730,0.0,0.0,0.0,0.0,7.660236649892547
tfnbs,"e=0.8,h=1.0,n=30,start_thres=1.25",hub,0.25,10,1,40,1730,0,0,40,1730,0.0,0.0,0.0,0.0,7.660236649892547
tfnbs,"e=0.8,h=2.0,n=30,start_thres=1.25",hub,0.25,10,1,40,1730,0,0,40,1730,0.0,0.0,0.0,0.0,7.660236649892547
tfnbs,"e=0.8,h=3.0,n=30,start_thres=1.25",hub,0.25,10,1,40,1730,0,0,40,1730,0.0,0.0,0.0,0.0,7.660236649892547
tfnbs,"e=0.8,h=4.0,n=30,start_thres=1.25",hub,0.25,10,1,40,1730,0,0,40,1730,0.0,0.0,0.0,0.0,7.660236649892547
tfnbs,"e=0.8,h=5.0,n=30,start_thres=1.25",hub,0.25,10,1,40,1730,0,0,40,1730,0.0,0.0,0.0,0.0,7.660236649892547
tfnbs,"e=0.8,h=6.0,n=30,start_thres=1.25",hub,0.25,10,1,40,1730,0,0,40,1730,0.0,0.0,0.0,0.0,7.660236649892547
tfnbs,"e=0.8,h=7.0,n=30,start_thres=1.25",hub,0.25,10,1,40,1730,0,0,40,1730,0.0,0.0,0.0,0.0,7.660236649892547
tfnbs,"e=0.8,h=8.0,n=30,start_thres=1.25",hub,0.25,10,1,40,1730,0,0,40,1730,0.0,0.0,0.0,0.0,7.660236649892547
tfnbs,"e=0.8,h=9.0,n=30,start_thres=1.25",hub,0.25,10,1,40,1730,0,0,40,1730,0.0,0.0,0.0,0.0,7.660236649892547
tfnbs,"e=0.8,h=10.0,n=30,start_thres=1.25",hub,0.25,10,1,40,1730,0,0,40,1730,0.0,0.0,0.0,0.0,7.660236649892547
tfnbs,"e=0.9,h=0.5,n=30,start_thres=1.25",hub,0.25,10,1,40,1730,0,0,40,1730,0.0,0.0,0.0,0.0,7.660236649892547
tfnbs,"e=0.9,h=1.0,n=30,start_thres=1.25",hub,0.25,10,1,40,1730,0,0,40,1730,0.0,0.0,0.0,0.0,7.660236649892547
tfnbs,"e=0.9,h=2.0,n=30,start_thres=1.25",hub,0.25,10,1,40,1730,0,0,40,1730,0.0,0.0,0.0,0.0,7.660236649892547
tfnbs,"e=0.9,h=3.0,n=30,start_thres=1.25",hub,0.25,10,1,40,1730,0,0,40,1730,0.0,0.0,0.0,0.0,7.660236649892547
tfnbs,"e=0.9,h=4.0,n=30,start_thres=1.25",hub,0.25,10,1,40,1730,0,0,40,1730,0.0,0.0,0.0,0.0,7.660236649892547
tfnbs,"e=0.9,h=5.0,n=30,start_thres=1.25",hub,0.25,10,1,40,1730,0,0,40,1730,0.0,0.0,0.0,0.0,7.660236649892547
tfnbs,"e=0.9,h=6.0,n=30,start_thres=1.25",hub,0.25,10,1,40,1730,0,0,40,1730,0.0,0.0,0.0,0.0,7.660236649892547
tfnbs,"e=0.9,h=7.0,n=30,start_thres=1.25",hub,0.25,10,1,40,1730,0,0,40,1730,0.0,0.0,0.0,0.0,7.660236649892547
tfnbs,"e=0.9,h=8.0,n=30,start_thres=1.25",hub,0.25,10,1,40,1730,0,0,40,1730,0.0,0.0,0.0,0.0,7.660236649892547
tfnbs,"e=0.9,h=9.0,n=30,start_thres=1.25",hub,0.25,10,1,40,1730,0,0,40,1730,0.0,0.0,0.0,0.0,7.660236649892547
tfnbs,"e=0.9,h=10.0,n=30,start_thres=1.25",hub,0.25,10,1,40,1730,0,0,40,1730,0.0,0.0,0.0,0.0,7.660236649892547
tfnbs,"e=1.0,h=0.5,n=30,start_thres=1.25",hub,0.25,10,1,40,1730,0,0,40,1730,0.0,0.0,0.0,0.0,7.660236649892547
tfnbs,"e=1.0,h=1.0,n=30,start_thres=1.25",hub,0.25,10,1,40,1730,0,0,40,1730,0.0,0.0,0.0,0.0,7.660236649892547
tfnbs,"e=1.0,h=2.0,n=30,start_thres=1.25",hub,0.25,10,1,40,1730,0,0,40,1730,0.0,0.0,0.0,0.0,7.660236649892547
tfnbs,"e=1.0,h=3.0,n=30,start_thres=1.25",hub,0.25,10,1,40,1730,0,0,40,1730,0.0,0.0,0.0,0.0,7.660236649892547
tfnbs,"e=1.0,h=4.0,n=30,start_thres=1.25",hub,0.25,10,1,40,1730,0,0,40,1730,0.0,0.0,0.0,0.0,7.660236649892547
tfnbs,"e=1.0,h=5.0,n=30,start_thres=1.25",hub,0.25,10,1,40,1730,0,0,40,1730,0.0,0.0,0.0,0.0,7.660236649892547
tfnbs,"e=1.0,h=6.0,n=30,start_thres=1.25",hub,0.25,10,1,40,1730,0,0,40,1730,0.0,0.0,0.0,0.0,7.660236649892547
tfnbs,"e=1.0,h=7.0,n=30,start_thres=1.25",hub,0.25,10,1,40,1730,0,0,40,1730,0.0,0.0,0.0,0.0,7.660236649892547
tfnbs,"e=1.0,h=8.0,n=30,start_thres=1.25",hub,0.25,10,1,40,1730,0,0,40,1730,0.0,0.0,0.0,0.0,7.660236649892547
tfnbs,"e=1.0,h=9.0,n=30,start_thres=1.25",hub,0.25,10,1,40,1730,0,0,40,1730,0.0,0.0,0.0,0.0,7.660236649892547
tfnbs,"e=1.0,h=10.0,n=30,start_thres=1.25",hub,0.25,10,1,40,1730,0,0,40,1730,0.0,0.0,0.0,0.0,7.660236649892547
tfnbs,"e=1.1,h=0.5,n=30,start_thres=1.25",hub,0.25,10,1,40,1730,0,0,40,1730,0.0,0.0,0.0,0.0,7.660236649892547
tfnbs,"e=1.1,h=1.0,n=30,start_thres=1.25",hub,0.25,10,1,40,1730,0,0,40,1730,0.0,0.0,0.0,0.0,7.660236649892547
tfnbs,"e=1.1,h=2.0,n=30,start_thres=1.25",hub,0.25,10,1,40,1730,0,0,40,1730,0.0,0.0,0.0,0.0,7.660236649892547
tfnbs,"e=1.1,h=3.0,n=30,start_thres=1.25",hub,0.25,10,1,40,1730,0,0,40,1730,0.0,0.0,0.0,0.0,7.660236649892547
tfnbs,"e=1.1,h=4.0,n=30,start_thres=1.25",hub,0.25,10,1,40,1730,0,0,40,1730,0.0,0.0,0.0,0.0,7.660236649892547
tfnbs,"e=1.1,h=5.0,n=30,start_thres=1.25",hub,0.25,10,1,40,1730,0,0,40,1730,0.0,0.0,0.0,0.0,7.660236649892547
tfnbs,"e=1.1,h=6.0,n=30,start_thres=1.25",hub,0.25,10,1,40,1730,0,0,40,1730,0.0,0.0,0.0,0.0,7.660236649892547
tfnbs,"e=1.1,h=7.0,n=30,start_thres=1.25",hub,0.25,10,1,40,1730,0,0,40,1730,0.0,0.0,0.0,0.0,7.660236649892547
tfnbs,"e=1.1,h=8.0,n=30,start_thres=1.25",hub,0.25,10,1,40,1730,0,0,40,1730,0.0,0.0,0.0,0.0,7.660236649892547
tfnbs,"e=1.1,h=9.0,n=30,start_thres=1.25",hub,0.25,10,1,40,1730,0,0,40,1730,0.0,0.0,0.0,0.0,7.660236649892547
tfnbs,"e=1.1,h=10.0,n=30,start_thres=1.25",hub,0.25,10,1,40,1730,0,0,40,1730,0.0,0.0,0.0,0.0,7.660236649892547
tfnbs,"e=1.2,h=0.5,n=30,start_thres=1.25",hub,0.25,10,1,40,1730,0,0,40,1730,0.0,0.0,0.0,0.0,7.660236649892547
tfnbs,"e=1.2,h=1.0,n=30,start_thres=1.25",hub,0.25,10,1,40,1730,0,0,40,1730,0.0,0.0,0.0,0.0,7.660236649892547
tfnbs,"e=1.2,h=2.0,n=30,start_thres=1.25",hub,0.25,10,1,40,1730,0,0,40,1730,0.0,0.0,0.0,0.0,7.660236649892547
tfnbs,"e=1.2,h=3.0,n=30,start_thres=1.25",hub,0.25,10,1,40,1730,0,0,40,1730,0.0,0.0,0.0,0.0,7.660236649892547
tfnbs,"e=1.2,h=4.0,n=30,start_thres=1.25",hub,0.25,10,1,40,1730,0,0,40,1730,0.0,0.0,0.0,0.0,7.660236649892547
tfnbs,"e=1.2,h=5.0,n=30,start_thres=1.25",hub,0.25,10,1,40,1730,0,0,40,1730,0.0,0.0,0.0,0.0,7.660236649892547
tfnbs,"e=1.2,h=6.0,n=30,start_thres=1.25",hub,0.25,10,1,40,1730,0,0,40,1730,0.0,0.0,0.0,0.0,7.660236649892547
tfnbs,"e=1.2,h=7.0,n=30,start_thres=1.25",hub,0.25,10,1,40,1730,0,0,40,1730,0.0,0.0,0.0,0.0,7.660236649892547
tfnbs,"e=1.2,h=8.0,n=30,start_thres=1.25",hub,0.25,10,1,40,1730,0,0,40,1730,0.0,0.0,0.0,0.0,7.660236649892547
tfnbs,"e=1.2,h=9.0,n=30,start_thres=1.25",hub,0.25,10,1,40,1730,0,0,40,1730,0.0,0.0,0.0,0.0,7.660236649892547
tfnbs,"e=1.2,h=10.0,n=30,start_thres=1.25",hub,0.25,10,1,40,1730,0,0,40,1730,0.0,0.0,0.0,0.0,7.660236649892547
tfnbs,"e=1.3,h=0.5,n=30,start_thres=1.25",hub,0.25,10,1,40,1730,0,0,40,1730,0.0,0.0,0.0,0.0,7.660236649892547
tfnbs,"e=1.3,h=1.0,n=30,start_thres=1.25",hub,0.25,10,1,40,1730,0,0,40,1730,0.0,0.0,0.0,0.0,7.660236649892547
tfnbs,"e=1.3,h=2.0,n=30,start_thres=1.25",hub,0.25,10,1,40,1730,0,0,40,1730,0.0,0.0,0.0,0.0,7.660236649892547
tfnbs,"e=1.3,h=3.0,n=30,start_thres=1.25",hub,0.25,10,1,40,1730,0,0,40,1730,0.0,0.0,0.0,0.0,7.660236649892547
tfnbs,"e=1.3,h=4.0,n=30,start_thres=1.25",hub,0.25,10,1,40,1730,0,0,40,1730,0.0,0.0,0.0,0.0,7.660236649892547
tfnbs,"e=1.3,h=5.0,n=30,start_thres=1.25",hub,0.25,10,1,40,1730,0,0,40,1730,0.0,0.0,0.0,0.0,7.660236649892547
tfnbs,"e=1.3,h=6.0,n=30,start_thres=1.25",hub,0.25,10,1,40,1730,0,0,40,1730,0.0,0.0,0.0,0.0,7.660236649892547
tfnbs,"e=1.3,h=7.0,n=30,start_thres=1.25",hub,0.25,10,1,40,1730,0,0,40,1730,0.0,0.0,0.0,0.0,7.660236649892547
tfnbs,"e=1.3,h=8.0,n=30,start_thres=1.25",hub,0.25,10,1,40,1730,0,0,40,1730,0.0,0.0,0.0,0.0,7.660236649892547
tfnbs,"e=1.3,h=9.0,n=30,start_thres=1.25",hub,0.25,10,1,40,1730,0,0,40,1730,0.0,0.0,0.0,0.0,7.660236649892547
tfnbs,"e=1.3,h=10.0,n=30,start_thres=1.25",hub,0.25,10,1,40,1730,0,0,40,1730,0.0,0.0,0.0,0.0,7.660236649892547
tfnbs,"e=1.4,h=0.5,n=30,start_thres=1.25",hub,0.25,10,1,40,1730,0,0,40,1730,0.0,0.0,0.0,0.0,7.660236649892547
tfnbs,"e=1.4,h=1.0,n=30,start_thres=1.25",hub,0.25,10,1,40,1730,0,0,40,1730,0.0,0.0,0.0,0.0,7.660236649892547
tfnbs,"e=1.4,h=2.0,n=30,start_thres=1.25",hub,0.25,10,1,40,1730,0,0,40,1730,0.0,0.0,0.0,0.0,7.660236649892547
tfnbs,"e=1.4,h=3.0,n=30,start_thres=1.25",hub,0.25,10,1,40,1730,0,0,40,1730,0.0,0.0,0.0,0.0,7.660236649892547
tfnbs,"e=1.4,h=4.0,n=30,start_thres=1.25",hub,0.25,10,1,40,1730,0,0,40,1730,0.0,0.0,0.0,0.0,7.660236649892547
tfnbs,"e=1.4,h=5.0,n=30,start_thres=1.25",hub,0.25,10,1,40,1730,0,0,40,1730,0.0,0.0,0.0,0.0,7.660236649892547
tfnbs,"e=1.4,h=6.0,n=30,start_thres=1.25",hub,0.25,10,1,40,1730,0,0,40,1730,0.0,0.0,0.0,0.0,7.660236649892547
tfnbs,"e=1.4,h=7.0,n=30,start_thres=1.25",hub,0.25,10,1,40,1730,0,0,40,1730,0.0,0.0,0.0,0.0,7.660236649892547
tfnbs,"e=1.4,h=8.0,n=30,start_thres=1.25",hub,0.25,10,1,40,1730,0,0,40,1730,0.0,0.0,0.0,0.0,7.660236649892547
tfnbs,"e=1.4,h=9.0,n=30,start_thres=1.25",hub,0.25,10,1,40,1730,0,0,40,1730,0.0,0.0,0.0,0.0,7.660236649892547
tfnbs,"e=1.4,h=10.0,n=30,start_thres=1.25",hub,0.25,10,1,40,1730,0,0,40,1730,0.0,0.0,0.0,0.0,7.660236649892547
tfnbs,"e=1.5,h=0.5,n=30,start_thres=1.25",hub,0.25,10,1,40,1730,0,0,40,1730,0.0,0.0,0.0,0.0,7.660236649892547
tfnbs,"e=1.5,h=1.0,n=30,start_thres=1.25",hub,0.25,10,1,40,1730,0,0,40,1730,0.0,0.0,0.0,0.0,7.660236649892547
tfnbs,"e=1.5,h=2.0,n=30,start_thres=1.25",hub,0.25,10,1,40,1730,0,0,40,1730,0.0,0.0,0.0,0.0,7.660236649892547
tfnbs,"e=1.5,h=3.0,n=30,start_thres=1.25",hub,0.25,10,1,40,1730,0,0,40,1730,0.0,0.0,0.0,0.0,7.660236649892547
tfnbs,"e=1.5,h=4.0,n=30,start_thres=1.25",hub,0.25,10,1,40,1730,0,0,40,1730,0.0,0.0,0.0,0.0,7.660236649892547
tfnbs,"e=1.5,h=5.0,n=30,start_thres=1.25",hub,0.25,10,1,40,1730,0,0,40,1730,0.0,0.0,0.0,0.0,7.660236649892547
tfnbs,"e=1.5,h=6.0,n=30,start_thres=1.25",hub,0.25,10,1,40,1730,0,0,40,1730,0.0,0.0,0.0,0.0,7.660236649892547
tfnbs,"e=1.5,h=7.0,n=30,start_thres=1.25",hub,0.25,10,1,40,1730,0,0,40,1730,0.0,0.0,0.0,0.0,7.660236649892547
tfnbs,"e=1.5,h=8.0,n=30,start_thres=1.25",hub,0.25,10,1,40,1730,0,0,40,1730,0.0,0.0,0.0,0.0,7.660236649892547
tfnbs,"e=1.5,h=9.0,n=30,start_thres=1.25",hub,0.25,10,1,40,1730,0,0,40,1730,0.0,0.0,0.0,0.0,7.660236649892547
tfnbs,"e=1.5,h=10.0,n=30,start_thres=1.25",hub,0.25,10,1,40,1730,0,0,40,1730,0.0,0.0,0.0,0.0,7.660236649892547
tfnbs,"e=0.05,h=0.5,n=30,start_thres=1.25",hub,0.25,10,16,40,1730,0,1,40,1729,0.0,0.0005780346820809,0.0,1.0,7.643264534798535
tfnbs,"e=0.05,h=1.0,n=30,start_thres=1.25",hub,0.25,10,16,40,1730,0,1,40,1729,0.0,0.0005780346820809,0.0,1.0,7.643264534798535
tfnbs,"e=0.05,h=2.0,n=30,start_thres=1.25",hub,0.25,10,16,40,1730,0,1,40,1729,0.0,0.0005780346820809,0.0,1.0,7.643264534798535
tfnbs,"e=0.05,h=3.0,n=30,start_thres=1.25",hub,0.25,10,16,40,1730,0,1,40,1729,0.0,0.0005780346820809,0.0,1.0,7.643264534798535
tfnbs,"e=0.05,h=4.0,n=30,start_thres=1.25",hub,0.25,10,16,40,1730,0,1,40,1729,0.0,0.0005780346820809,0.0,1.0,7.643264534798535
tfnbs,"e=0.05,h=5.0,n=30,start_thres=1.25",hub,0.25,10,16,40,1730,0,1,40,1729,0.0,0.0005780346820809,0.0,1.0,7.643264534798535
tfnbs,"e=0.05,h=6.0,n=30,start_thres=1.25",hub,0.25,10,16,40,1730,0,1,40,1729,0.0,0.0005780346820809,0.0,1.0,7.643264534798535
tfnbs,"e=0.05,h=7.0,n=30,start_thres=1.25",hub,0.25,10,16,40,1730,0,1,40,1729,0.0,0.0005780346820809,0.0,1.0,7.643264534798535
tfnbs,"e=0.05,h=8.0,n=30,start_thres=1.25",hub,0.25,10,16,40,1730,0,1,40,1729,0.0,0.0005780346820809,0.0,1.0,7.643264534798535
tfnbs,"e=0.05,h=9.0,n=30,start_thres=1.25",hub,0.25,10,16,40,1730,0,1,40,1729,0.0,0.0005780346820809,0.0,1.0,7.643264534798535
tfnbs,"e=0.05,h=10.0,n=30,start_thres=1.25",hub,0.25,10,16,40,1730,0,1,40,1729,0.0,0.0005780346820809,0.0,1.0,7.643264534798535
tfnbs,"e=0.1,h=0.5,n=30,start_thres=1.25",hub,0.25,10,16,40,1730,0,1,40,1729,0.0,0.0005780346820809,0.0,1.0,7.643264534798535
tfnbs,"e=0.1,h=1.0,n=30,start_thres=1.25",hub,0.25,10,16,40,1730,0,1,40,1729,0.0,0.0005780346820809,0.0,1.0,7.643264534798535
tfnbs,"e=0.1,h=2.0,n=30,start_thres=1.25",hub,0.25,10,16,40,1730,0,1,40,1729,0.0,0.0005780346820809,0.0,1.0,7.643264534798535
tfnbs,"e=0.1,h=3.0,n=30,start_thres=1.25",hub,0.25,10,16,40,1730,0,1,40,1729,0.0,0.0005780346820809,0.0,1.0,7.643264534798535
tfnbs,"e=0.1,h=4.0,n=30,start_thres=1.25",hub,0.25,10,16,40,1730,0,1,40,1729,0.0,0.0005780346820809,0.0,1.0,7.643264534798535
tfnbs,"e=0.1,h=5.0,n=30,start_thres=1.25",hub,0.25,10,16,40,1730,0,1,40,1729,0.0,0.0005780346820809,0.0,1.0,7.643264534798535
tfnbs,"e=0.1,h=6.0,n=30,start_thres=1.25",hub,0.25,10,16,40,1730,0,1,40,1729,0.0,0.0005780346820809,0.0,1.0,7.643264534798535
tfnbs,"e=0.1,h=7.0,n=30,start_thres=1.25",hub,0.25,10,16,40,1730,0,1,40,1729,0.0,0.0005780346820809,0.0,1.0,7.643264534798535
tfnbs,"e=0.1,h=8.0,n=30,start_thres=1.25",hub,0.25,10,16,40,1730,0,1,40,1729,0.0,0.0005780346820809,0.0,1.0,7.643264534798535
tfnbs,"e=0.1,h=9.0,n=30,start_thres=1.25",hub,0.25,10,16,40,1730,0,1,40,1729,0.0,0.0005780346820809,0.0,1.0,7.643264534798535
tfnbs,"e=0.1,h=10.0,n=30,start_thres=1.25",hub,0.25,10,16,40,1730,0,1,40,1729,0.0,0.0005780346820809,0.0,1.0,7.643264534798535
tfnbs,"e=0.2,h=0.5,n=30,start_thres=1.25",hub,0.25,10,16,40,1730,0,1,40,1729,0.0,0.0005780346820809,0.0,1.0,7.643264534798535
tfnbs,"e=0.2,h=1.0,n=30,start_thres=1.25",hub,0.25,10,16,40,1730,0,1,40,1729,0.0,0.0005780346820809,0.0,1.0,7.643264534798535
tfnbs,"e=0.2,h=2.0,n=30,start_thres=1.25",hub,0.25,10,16,40,1730,0,1,40,1729,0.0,0.0005780346820809,0.0,1.0,7.643264534798535
tfnbs,"e=0.2,h=3.0,n=30,start_thres=1.25",hub,0.25,10,16,40,1730,0,1,40,1729,0.0,0.0005780346820809,0.0,1.0,7.643264534798535
tfnbs,"e=0.2,h=4.0,n=30,start_thres=1.25",hub,0.25,10,16,40,1730,0,1,40,1729,0.0,0.0005780346820809,0.0,1.0,7.643264534798535
tfnbs,"e=0.2,h=5.0,n=30,start_thres=1.25",hub,0.25,10,16,40,1730,0,1,40,1729,0.0,0.0005780346820809,0.0,1.0,7.643264534798535
tfnbs,"e=0.2,h=6.0,n=30,start_thres=1.25",hub,0.25,10,16,40,1730,0,1,40,1729,0.0,0.0005780346820809,0.0,1.0,7.643264534798535
tfnbs,"e=0.2,h=7.0,n=30,start_thres=1.25",hub,0.25,10,16,40,1730,0,1,40,1729,0.0,0.0005780346820809,0.0,1.0,7.643264534798535
tfnbs,"e=0.2,h=8.0,n=30,start_thres=1.25",hub,0.25,10,16,40,1730,0,1,40,1729,0.0,0.0005780346820809,0.0,1.0,7.643264534798535
tfnbs,"e=0.2,h=9.0,n=30,start_thres=1.25",hub,0.25,10,16,40,1730,0,1,40,1729,0.0,0.0005780346820809,0.0,1.0,7.643264534798535
tfnbs,"e=0.2,h=10.0,n=30,start_thres=1.25",hub,0.25,10,16,40,1730,0,1,40,1729,0.0,0.0005780346820809,0.0,1.0,7.643264534798535
tfnbs,"e=0.3,h=0.5,n=30,start_thres=1.25",hub,0.25,10,16,40,1730,0,1,40,1729,0.0,0.0005780346820809,0.0,1.0,7.643264534798535
tfnbs,"e=0.3,h=1.0,n=30,start_thres=1.25",hub,0.25,10,16,40,1730,0,1,40,1729,0.0,0.0005780346820809,0.0,1.0,7.643264534798535
tfnbs,"e=0.3,h=2.0,n=30,start_thres=1.25",hub,0.25,10,16,40,1730,0,1,40,1729,0.0,0.0005780346820809,0.0,1.0,7.643264534798535
tfnbs,"e=0.3,h=3.0,n=30,start_thres=1.25",hub,0.25,10,16,40,1730,0,1,40,1729,0.0,0.0005780346820809,0.0,1.0,7.643264534798535
tfnbs,"e=0.3,h=4.0,n=30,start_thres=1.25",hub,0.25,10,16,40,1730,0,1,40,1729,0.0,0.0005780346820809,0.0,1.0,7.643264534798535
tfnbs,"e=0.3,h=5.0,n=30,start_thres=1.25",hub,0.25,10,16,40,1730,0,1,40,1729,0.0,0.0005780346820809,0.0,1.0,7.643264534798535
tfnbs,"e=0.3,h=6.0,n=30,start_thres=1.25",hub,0.25,10,16,40,1730,0,1,40,1729,0.0,0.0005780346820809,0.0,1.0,7.643264534798535
tfnbs,"e=0.3,h=7.0,n=30,start_thres=1.25",hub,0.25,10,16,40,1730,0,1,40,1729,0.0,0.0005780346820809,0.0,1.0,7.643264534798535
tfnbs,"e=0.3,h=8.0,n=30,start_thres=1.25",hub,0.25,10,16,40,1730,0,1,40,1729,0.0,0.0005780346820809,0.0,1.0,7.643264534798535
tfnbs,"e=0.3,h=9.0,n=30,start_thres=1.25",hub,0.25,10,16,40,1730,0,1,40,1729,0.0,0.0005780346820809,0.0,1.0,7.643264534798535
tfnbs,"e=0.3,h=10.0,n=30,start_thres=1.25",hub,0.25,10,16,40,1730,0,1,40,1729,0.0,0.0005780346820809,0.0,1.0,7.643264534798535
tfnbs,"e=0.4,h=0.5,n=30,start_thres=1.25",hub,0.25,10,16,40,1730,0,1,40,1729,0.0,0.0005780346820809,0.0,1.0,7.643264534798535
tfnbs,"e=0.4,h=1.0,n=30,start_thres=1.25",hub,0.25,10,16,40,1730,0,1,40,1729,0.0,0.0005780346820809,0.0,1.0,7.643264534798535
tfnbs,"e=0.4,h=2.0,n=30,start_thres=1.25",hub,0.25,10,16,40,1730,0,1,40,1729,0.0,0.0005780346820809,0.0,1.0,7.643264534798535
tfnbs,"e=0.4,h=3.0,n=30,start_thres=1.25",hub,0.25,10,16,40,1730,0,1,40,1729,0.0,0.0005780346820809,0.0,1.0,7.643264534798535
tfnbs,"e=0.4,h=4.0,n=30,start_thres=1.25",hub,0.25,10,16,40,1730,0,1,40,1729,0.0,0.0005780346820809,0.0,1.0,7.643264534798535
tfnbs,"e=0.4,h=5.0,n=30,start_thres=1.25",hub,0.25,10,16,40,1730,0,1,40,1729,0.0,0.0005780346820809,0.0,1.0,7.643264534798535
tfnbs,"e=0.4,h=6.0,n=30,start_thres=1.25",hub,0.25,10,16,40,1730,0,1,40,1729,0.0,0.0005780346820809,0.0,1.0,7.643264534798535
tfnbs,"e=0.4,h=7.0,n=30,start_thres=1.25",hub,0.25,10,16,40,1730,0,1,40,1729,0.0,0.0005780346820809,0.0,1.0,7.643264534798535
tfnbs,"e=0.4,h=8.0,n=30,start_thres=1.25",hub,0.25,10,16,40,1730,0,1,40,1729,0.0,0.0005780346820809,0.0,1.0,7.643264534798535
tfnbs,"e=0.4,h=9.0,n=30,start_thres=1.25",hub,0.25,10,16,40,1730,0,1,40,1729,0.0,0.0005780346820809,0.0,1.0,7.643264534798535
tfnbs,"e=0.4,h=10.0,n=30,start_thres=1.25",hub,0.25,10,16,40,1730,0,1,40,1729,0.0,0.0005780346820809,0.0,1.0,7.643264534798535
tfnbs,"e=0.5,h=0.5,n=30,start_thres=1.25",hub,0.25,10,16,40,1730,0,1,40,1729,0.0,0.0005780346820809,0.0,1.0,7.643264534798535
tfnbs,"e=0.5,h=1.0,n=30,start_thres=1.25",hub,0.25,10,16,40,1730,0,1,40,1729,0.0,0.0005780346820809,0.0,1.0,7.643264534798535
tfnbs,"e=0.5,h=2.0,n=30,start_thres=1.25",hub,0.25,10,16,40,1730,0,1,40,1729,0.0,0.0005780346820809,0.0,1.0,7.643264534798535
tfnbs,"e=0.5,h=3.0,n=30,start_thres=1.25",hub,0.25,10,16,40,1730,0,1,40,1729,0.0,0.0005780346820809,0.0,1.0,7.643264534798535
tfnbs,"e=0.5,h=4.0,n=30,start_thres=1.25",hub,0.25,10,16,40,1730,0,1,40,1729,0.0,0.0005780346820809,0.0,1.0,7.643264534798535
tfnbs,"e=0.5,h=5.0,n=30,start_thres=1.25",hub,0.25,10,16,40,1730,0,1,40,1729,0.0,0.0005780346820809,0.0,1.0,7.643264534798535
tfnbs,"e=0.5,h=6.0,n=30,start_thres=1.25",hub,0.25,10,16,40,1730,0,1,40,1729,0.0,0.0005780346820809,0.0,1.0,7.643264534798535
tfnbs,"e=0.5,h=7.0,n=30,start_thres=1.25",hub,0.25,10,16,40,1730,0,1,40,1729,0.0,0.0005780346820809,0.0,1.0,7.643264534798535
tfnbs,"e=0.5,h=8.0,n=30,start_thres=1.25",hub,0.25,10,16,40,1730,0,1,40,1729,0.0,0.0005780346820809,0.0,1.0,7.643264534798535
tfnbs,"e=0.5,h=9.0,n=30,start_thres=1.25",hub,0.25,10,16,40,1730,0,1,40,1729,0.0,0.0005780346820809,0.0,1.0,7.643264534798535
tfnbs,"e=0.5,h=10.0,n=30,start_thres=1.25",hub,0.25,10,16,40,1730,0,1,40,1729,0.0,0.0005780346820809,0.0,1.0,7.643264534798535
tfnbs,"e=0.6,h=0.5,n=30,start_thres=1.25",hub,0.25,10,16,40,1730,0,1,40,1729,0.0,0.0005780346820809,0.0,1.0,7.643264534798535
tfnbs,"e=0.6,h=1.0,n=30,start_thres=1.25",hub,0.25,10,16,40,1730,0,1,40,1729,0.0,0.0005780346820809,0.0,1.0,7.643264534798535
tfnbs,"e=0.6,h=2.0,n=30,start_thres=1.25",hub,0.25,10,16,40,1730,0,1,40,1729,0.0,0.0005780346820809,0.0,1.0,7.643264534798535
tfnbs,"e=0.6,h=3.0,n=30,start_thres=1.25",hub,0.25,10,16,40,1730,0,1,40,1729,0.0,0.0005780346820809,0.0,1.0,7.643264534798535
tfnbs,"e=0.6,h=4.0,n=30,start_thres=1.25",hub,0.25,10,16,40,1730,0,1,40,1729,0.0,0.0005780346820809,0.0,1.0,7.643264534798535
tfnbs,"e=0.6,h=5.0,n=30,start_thres=1.25",hub,0.25,10,16,40,1730,0,1,40,1729,0.0,0.0005780346820809,0.0,1.0,7.643264534798535
tfnbs,"e=0.6,h=6.0,n=30,start_thres=1.25",hub,0.25,10,16,40,1730,0,1,40,1729,0.0,0.0005780346820809,0.0,1.0,7.643264534798535
tfnbs,"e=0.6,h=7.0,n=30,start_thres=1.25",hub,0.25,10,16,40,1730,0,1,40,1729,0.0,0.0005780346820809,0.0,1.0,7.643264534798535
tfnbs,"e=0.6,h=8.0,n=30,start_thres=1.25",hub,0.25,10,16,40,1730,0,1,40,1729,0.0,0.0005780346820809,0.0,1.0,7.643264534798535
tfnbs,"e=0.6,h=9.0,n=30,start_thres=1.25",hub,0.25,10,16,40,1730,0,1,40,1729,0.0,0.0005780346820809,0.0,1.0,7.643264534798535
tfnbs,"e=0.6,h=10.0,n=30,start_thres=1.25",hub,0.25,10,16,40,1730,0,1,40,1729,0.0,0.0005780346820809,0.0,1.0,7.643264534798535
tfnbs,"e=0.7,h=0.5,n=30,start_thres=1.25",hub,0.25,10,16,40,1730,0,1,40,1729,0.0,0.0005780346820809,0.0,1.0,7.643264534798535
tfnbs,"e=0.7,h=1.0,n=30,start_thres=1.25",hub,0.25,10,16,40,1730,0,1,40,1729,0.0,0.0005780346820809,0.0,1.0,7.643264534798535
tfnbs,"e=0.7,h=2.0,n=30,start_thres=1.25",hub,0.25,10,16,40,1730,0,1,40,1729,0.0,0.0005780346820809,0.0,1.0,7.643264534798535
tfnbs,"e=0.7,h=3.0,n=30,start_thres=1.25",hub,0.25,10,16,40,1730,0,1,40,1729,0.0,0.0005780346820809,0.0,1.0,7.643264534798535
tfnbs,"e=0.7,h=4.0,n=30,start_thres=1.25",hub,0.25,10,16,40,1730,0,1,40,1729,0.0,0.0005780346820809,0.0,1.0,7.643264534798535
tfnbs,"e=0.7,h=5.0,n=30,start_thres=1.25",hub,0.25,10,16,40,1730,0,1,40,1729,0.0,0.0005780346820809,0.0,1.0,7.643264534798535
tfnbs,"e=0.7,h=6.0,n=30,start_thres=1.25",hub,0.25,10,16,40,1730,0,1,40,1729,0.0,0.0005780346820809,0.0,1.0,7.643264534798535
tfnbs,"e=0.7,h=7.0,n=30,start_thres=1.25",hub,0.25,10,16,40,1730,0,1,40,1729,0.0,0.0005780346820809,0.0,1.0,7.643264534798535
tfnbs,"e=0.7,h=8.0,n=30,start_thres=1.25",hub,0.25,10,16,40,1730,0,1,40,1729,0.0,0.0005780346820809,0.0,1.0,7.643264534798535
tfnbs,"e=0.7,h=9.0,n=30,start_thres=1.25",hub,0.25,10,16,40,1730,0,1,40,1729,0.0,0.0005780346820809,0.0,1.0,7.643264534798535
tfnbs,"e=0.7,h=10.0,n=30,start_thres=1.25",hub,0.25,10,16,40,1730,0,1,40,1729,0.0,0.0005780346820809,0.0,1.0,7.643264534798535
tfnbs,"e=0.8,h=0.5,n=30,start_thres=1.25",hub,0.25,10,16,40,1730,0,0,40,1730,0.0,0.0,0.0,0.0,7.643264534798535
tfnbs,"e=0.8,h=1.0,n=30,start_thres=1.25",hub,0.25,10,16,40,1730,0,1,40,1729,0.0,0.0005780346820809,0.0,1.0,7.643264534798535
tfnbs,"e=0.8,h=2.0,n=30,start_thres=1.25",hub,0.25,10,16,40,1730,0,1,40,1729,0.0,0.0005780346820809,0.0,1.0,7.643264534798535
tfnbs,"e=0.8,h=3.0,n=30,start_thres=1.25",hub,0.25,10,16,40,1730,0,1,40,1729,0.0,0.0005780346820809,0.0,1.0,7.643264534798535
tfnbs,"e=0.8,h=4.0,n=30,start_thres=1.25",hub,0.25,10,16,40,1730,0,1,40,1729,0.0,0.0005780346820809,0.0,1.0,7.643264534798535
tfnbs,"e=0.8,h=5.0,n=30,start_thres=1.25",hub,0.25,10,16,40,1730,0,1,40,1729,0.0,0.0005780346820809,0.0,1.0,7.643264534798535
tfnbs,"e=0.8,h=6.0,n=30,start_thres=1.25",hub,0.25,10,16,40,1730,0,1,40,1729,0.0,0.0005780346820809,0.0,1.0,7.643264534798535
tfnbs,"e=0.8,h=7.0,n=30,start_thres=1.25",hub,0.25,10,16,40,1730,0,1,40,1729,0.0,0.0005780346820809,0.0,1.0,7.643264534798535
tfnbs,"e=0.8,h=8.0,n=30,start_thres=1.25",hub,0.25,10,16,40,1730,0,1,40,1729,0.0,0.0005780346820809,0.0,1.0,7.643264534798535
tfnbs,"e=0.8,h=9.0,n=30,start_thres=1.25",hub,0.25,10,16,40,1730,0,1,40,1729,0.0,0.0005780346820809,0.0,1.0,7.643264534798535
tfnbs,"e=0.8,h=10.0,n=30,start_thres=1.25",hub,0.25,10,16,40,1730,0,1,40,1729,0.0,0.0005780346820809,0.0,1.0,7.643264534798535
tfnbs,"e=0.9,h=0.5,n=30,start_thres=1.25",hub,0.25,10,16,40,1730,0,0,40,1730,0.0,0.0,0.0,0.0,7.643264534798535
tfnbs,"e=0.9,h=1.0,n=30,start_thres=1.25",hub,0.25,10,16,40,1730,0,0,40,1730,0.0,0.0,0.0,0.0,7.643264534798535
tfnbs,"e=0.9,h=2.0,n=30,start_thres=1.25",hub,0.25,10,16,40,1730,0,1,40,1729,0.0,0.0005780346820809,0.0,1.0,7.643264534798535
tfnbs,"e=0.9,h=3.0,n=30,start_thres=1.25",hub,0.25,10,16,40,1730,0,1,40,1729,0.0,0.0005780346820809,0.0,1.0,7.643264534798535
tfnbs,"e=0.9,h=4.0,n=30,start_thres=1.25",hub,0.25,10,16,40,1730,0,1,40,1729,0.0,0.0005780346820809,0.0,1.0,7.643264534798535
tfnbs,"e=0.9,h=5.0,n=30,start_thres=1.25",hub,0.25,10,16,40,1730,0,1,40,1729,0.0,0.0005780346820809,0.0,1.0,7.643264534798535
tfnbs,"e=0.9,h=6.0,n=30,start_thres=1.25",hub,0.25,10,16,40,1730,0,1,40,1729,0.0,0.0005780346820809,0.0,1.0,7.643264534798535
tfnbs,"e=0.9,h=7.0,n=30,start_thres=1.25",hub,0.25,10,16,40,1730,0,1,40,1729,0.0,0.0005780346820809,0.0,1.0,7.643264534798535
tfnbs,"e=0.9,h=8.0,n=30,start_thres=1.25",hub,0.25,10,16,40,1730,0,1,40,1729,0.0,0.0005780346820809,0.0,1.0,7.643264534798535
tfnbs,"e=0.9,h=9.0,n=30,start_thres=1.25",hub,0.25,10,16,40,1730,0,1,40,1729,0.0,0.0005780346820809,0.0,1.0,7.643264534798535
tfnbs,"e=0.9,h=10.0,n=30,start_thres=1.25",hub,0.25,10,16,40,1730,0,1,40,1729,0.0,0.0005780346820809,0.0,1.0,7.643264534798535
tfnbs,"e=1.0,h=0.5,n=30,start_thres=1.25",hub,0.25,10,16,40,1730,0,0,40,1730,0.0,0.0,0.0,0.0,7.643264534798535
tfnbs,"e=1.0,h=1.0,n=30,start_thres=1.25",hub,0.25,10,16,40,1730,0,0,40,1730,0.0,0.0,0.0,0.0,7.643264534798535
tfnbs,"e=1.0,h=2.0,n=30,start_thres=1.25",hub,0.25,10,16,40,1730,0,1,40,1729,0.0,0.0005780346820809,0.0,1.0,7.643264534798535
tfnbs,"e=1.0,h=3.0,n=30,start_thres=1.25",hub,0.25,10,16,40,1730,0,1,40,1729,0.0,0.0005780346820809,0.0,1.0,7.643264534798535
tfnbs,"e=1.0,h=4.0,n=30,start_thres=1.25",hub,0.25,10,16,40,1730,0,1,40,1729,0.0,0.0005780346820809,0.0,1.0,7.643264534798535
tfnbs,"e=1.0,h=5.0,n=30,start_thres=1.25",hub,0.25,10,16,40,1730,0,1,40,1729,0.0,0.0005780346820809,0.0,1.0,7.643264534798535
tfnbs,"e=1.0,h=6.0,n=30,start_thres=1.25",hub,0.25,10,16,40,1730,0,1,40,1729,0.0,0.0005780346820809,0.0,1.0,7.643264534798535
tfnbs,"e=1.0,h=7.0,n=30,start_thres=1.25",hub,0.25,10,16,40,1730,0,1,40,1729,0.0,0.0005780346820809,0.0,1.0,7.643264534798535
tfnbs,"e=1.0,h=8.0,n=30,start_thres=1.25",hub,0.25,10,16,40,1730,0,1,40,1729,0.0,0.0005780346820809,0.0,1.0,7.643264534798535
tfnbs,"e=1.0,h=9.0,n=30,start_thres=1.25",hub,0.25,10,16,40,1730,0,1,40,1729,0.0,0.0005780346820809,0.0,1.0,7.643264534798535
tfnbs,"e=1.0,h=10.0,n=30,start_thres=1.25",hub,0.25,10,16,40,1730,0,1,40,1729,0.0,0.0005780346820809,0.0,1.0,7.643264534798535
tfnbs,"e=1.1,h=0.5,n=30,start_thres=1.25",hub,0.25,10,16,40,1730,0,0,40,1730,0.0,0.0,0.0,0.0,7.643264534798535
tfnbs,"e=1.1,h=1.0,n=30,start_thres=1.25",hub,0.25,10,16,40,1730,0,0,40,1730,0.0,0.0,0.0,0.0,7.643264534798535
tfnbs,"e=1.1,h=2.0,n=30,start_thres=1.25",hub,0.25,10,16,40,1730,0,0,40,1730,0.0,0.0,0.0,0.0,7.643264534798535
tfnbs,"e=1.1,h=3.0,n=30,start_thres=1.25",hub,0.25,10,16,40,1730,0,1,40,1729,0.0,0.0005780346820809,0.0,1.0,7.643264534798535
tfnbs,"e=1.1,h=4.0,n=30,start_thres=1.25",hub,0.25,10,16,40,1730,0,1,40,1729,0.0,0.0005780346820809,0.0,1.0,7.643264534798535
tfnbs,"e=1.1,h=5.0,n=30,start_thres=1.25",hub,0.25,10,16,40,1730,0,1,40,1729,0.0,0.0005780346820809,0.0,1.0,7.643264534798535
tfnbs,"e=1.1,h=6.0,n=30,start_thres=1.25",hub,0.25,10,16,40,1730,0,1,40,1729,0.0,0.0005780346820809,0.0,1.0,7.643264534798535
tfnbs,"e=1.1,h=7.0,n=30,start_thres=1.25",hub,0.25,10,16,40,1730,0,1,40,1729,0.0,0.0005780346820809,0.0,1.0,7.643264534798535
tfnbs,"e=1.1,h=8.0,n=30,start_thres=1.25",hub,0.25,10,16,40,1730,0,1,40,1729,0.0,0.0005780346820809,0.0,1.0,7.643264534798535
tfnbs,"e=1.1,h=9.0,n=30,start_thres=1.25",hub,0.25,10,16,40,1730,0,1,40,1729,0.0,0.0005780346820809,0.0,1.0,7.643264534798535
tfnbs,"e=1.1,h=10.0,n=30,start_thres=1.25",hub,0.25,10,16,40,1730,0,1,40,1729,0.0,0.0005780346820809,0.0,1.0,7.643264534798535
tfnbs,"e=1.2,h=0.5,n=30,start_thres=1.25",hub,0.25,10,16,40,1730,0,0,40,1730,0.0,0.0,0.0,0.0,7.643264534798535
tfnbs,"e=1.2,h=1.0,n=30,start_thres=1.25",hub,0.25,10,16,40,1730,0,0,40,1730,0.0,0.0,0.0,0.0,7.643264534798535
tfnbs,"e=1.2,h=2.0,n=30,start_thres=1.25",hub,0.25,10,16,40,1730,0,0,40,1730,0.0,0.0,0.0,0.0,7.643264534798535
tfnbs,"e=1.2,h=3.0,n=30,start_thres=1.25",hub,0.25,10,16,40,1730,0,1,40,1729,0.0,0.0005780346820809,0.0,1.0,7.643264534798535
tfnbs,"e=1.2,h=4.0,n=30,start_thres=1.25",hub,0.25,10,16,40,1730,0,1,40,1729,0.0,0.0005780346820809,0.0,1.0,7.643264534798535
tfnbs,"e=1.2,h=5.0,n=30,start_thres=1.25",hub,0.25,10,16,40,1730,0,1,40,1729,0.0,0.0005780346820809,0.0,1.0,7.643264534798535
tfnbs,"e=1.2,h=6.0,n=30,start_thres=1.25",hub,0.25,10,16,40,1730,0,1,40,1729,0.0,0.0005780346820809,0.0,1.0,7.643264534798535
tfnbs,"e=1.2,h=7.0,n=30,start_thres=1.25",hub,0.25,10,16,40,1730,0,1,40,1729,0.0,0.0005780346820809,0.0,1.0,7.643264534798535
tfnbs,"e=1.2,h=8.0,n=30,start_thres=1.25",hub,0.25,10,16,40,1730,0,1,40,1729,0.0,0.0005780346820809,0.0,1.0,7.643264534798535
tfnbs,"e=1.2,h=9.0,n=30,start_thres=1.25",hub,0.25,10,16,40,1730,0,1,40,1729,0.0,0.0005780346820809,0.0,1.0,7.643264534798535
tfnbs,"e=1.2,h=10.0,n=30,start_thres=1.25",hub,0.25,10,16,40,1730,0,1,40,1729,0.0,0.0005780346820809,0.0,1.0,7.643264534798535
tfnbs,"e=1.3,h=0.5,n=30,start_thres=1.25",hub,0.25,10,16,40,1730,0,0,40,1730,0.0,0.0,0.0,0.0,7.643264534798535
tfnbs,"e=1.3,h=1.0,n=30,start_thres=1.25",hub,0.25,10,16,40,1730,0,0,40,1730,0.0,0.0,0.0,0.0,7.643264534798535
tfnbs,"e=1.3,h=2.0,n=30,start_thres=1.25",hub,0.25,10,16,40,1730,0,0,40,1730,0.0,0.0,0.0,0.0,7.643264534798535
tfnbs,"e=1.3,h=3.0,n=30,start_thres=1.25",hub,0.25,10,16,40,1730,0,1,40,1729,0.0,0.0005780346820809,0.0,1.0,7.643264534798535
tfnbs,"e=1.3,h=4.0,n=30,start_thres=1.25",hub,0.25,10,16,40,1730,0,1,40,1729,0.0,0.0005780346820809,0.0,1.0,7.643264534798535
tfnbs,"e=1.3,h=5.0,n=30,start_thres=1.25",hub,0.25,10,16,40,1730,0,1,40,1729,0.0,0.0005780346820809,0.0,1.0,7.643264534798535
tfnbs,"e=1.3,h=6.0,n=30,start_thres=1.25",hub,0.25,10,16,40,1730,0,1,40,1729,0.0,0.0005780346820809,0.0,1.0,7.643264534798535
tfnbs,"e=1.3,h=7.0,n=30,start_thres=1.25",hub,0.25,10,16,40,1730,0,1,40,1729,0.0,0.0005780346820809,0.0,1.0,7.643264534798535
tfnbs,"e=1.3,h=8.0,n=30,start_thres=1.25",hub,0.25,10,16,40,1730,0,1,40,1729,0.0,0.0005780346820809,0.0,1.0,7.643264534798535
tfnbs,"e=1.3,h=9.0,n=30,start_thres=1.25",hub,0.25,10,16,40,1730,0,1,40,1729,0.0,0.0005780346820809,0.0,1.0,7.643264534798535
tfnbs,"e=1.3,h=10.0,n=30,start_thres=1.25",hub,0.25,10,16,40,1730,0,1,40,1729,0.0,0.0005780346820809,0.0,1.0,7.643264534798535
tfnbs,"e=1.4,h=0.5,n=30,start_thres=1.25",hub,0.25,10,16,40,1730,0,0,40,1730,0.0,0.0,0.0,0.0,7.643264534798535
tfnbs,"e=1.4,h=1.0,n=30,start_thres=1.25",hub,0.25,10,16,40,1730,0,0,40,1730,0.0,0.0,0.0,0.0,7.643264534798535
tfnbs,"e=1.4,h=2.0,n=30,start_thres=1.25",hub,0.25,10,16,40,1730,0,0,40,1730,0.0,0.0,0.0,0.0,7.643264534798535
tfnbs,"e=1.4,h=3.0,n=30,start_thres=1.25",hub,0.25,10,16,40,1730,0,0,40,1730,0.0,0.0,0.0,0.0,7.643264534798535
tfnbs,"e=1.4,h=4.0,n=30,start_thres=1.25",hub,0.25,10,16,40,1730,0,1,40,1729,0.0,0.0005780346820809,0.0,1.0,7.643264534798535
tfnbs,"e=1.4,h=5.0,n=30,start_thres=1.25",hub,0.25,10,16,40,1730,0,1,40,1729,0.0,0.0005780346820809,0.0,1.0,7.643264534798535
tfnbs,"e=1.4,h=6.0,n=30,start_thres=1.25",hub,0.25,10,16,40,1730,0,1,40,1729,0.0,0.0005780346820809,0.0,1.0,7.643264534798535
tfnbs,"e=1.4,h=7.0,n=30,start_thres=1.25",hub,0.25,10,16,40,1730,0,1,40,1729,0.0,0.0005780346820809,0.0,1.0,7.643264534798535
tfnbs,"e=1.4,h=8.0,n=30,start_thres=1.25",hub,0.25,10,16,40,1730,0,1,40,1729,0.0,0.0005780346820809,0.0,1.0,7.643264534798535
tfnbs,"e=1.4,h=9.0,n=30,start_thres=1.25",hub,0.25,10,16,40,1730,0,1,40,1729,0.0,0.0005780346820809,0.0,1.0,7.643264534798535
tfnbs,"e=1.4,h=10.0,n=30,start_thres=1.25",hub,0.25,10,16,40,1730,0,1,40,1729,0.0,0.0005780346820809,0.0,1.0,7.643264534798535
tfnbs,"e=1.5,h=0.5,n=30,start_thres=1.25",hub,0.25,10,16,40,1730,0,0,40,1730,0.0,0.0,0.0,0.0,7.643264534798535
tfnbs,"e=1.5,h=1.0,n=30,start_thres=1.25",hub,0.25,10,16,40,1730,0,0,40,1730,0.0,0.0,0.0,0.0,7.643264534798535
tfnbs,"e=1.5,h=2.0,n=30,start_thres=1.25",hub,0.25,10,16,40,1730,0,0,40,1730,0.0,0.0,0.0,0.0,7.643264534798535
tfnbs,"e=1.5,h=3.0,n=30,start_thres=1.25",hub,0.25,10,16,40,1730,0,0,40,1730,0.0,0.0,0.0,0.0,7.643264534798535
tfnbs,"e=1.5,h=4.0,n=30,start_thres=1.25",hub,0.25,10,16,40,1730,0,1,40,1729,0.0,0.0005780346820809,0.0,1.0,7.643264534798535
tfnbs,"e=1.5,h=5.0,n=30,start_thres=1.25",hub,0.25,10,16,40,1730,0,1,40,1729,0.0,0.0005780346820809,0.0,1.0,7.643264534798535
tfnbs,"e=1.5,h=6.0,n=30,start_thres=1.25",hub,0.25,10,16,40,1730,0,1,40,1729,0.0,0.0005780346820809,0.0,1.0,7.643264534798535
tfnbs,"e=1.5,h=7.0,n=30,start_thres=1.25",hub,0.25,10,16,40,1730,0,1,40,1729,0.0,0.0005780346820809,0.0,1.0,7.643264534798535
tfnbs,"e=1.5,h=8.0,n=30,start_thres=1.25",hub,0.25,10,16,40,1730,0,1,40,1729,0.0,0.0005780346820809,0.0,1.0,7.643264534798535
tfnbs,"e=1.5,h=9.0,n=30,start_thres=1.25",hub,0.25,10,16,40,1730,0,1,40,1729,0.0,0.0005780346820809,0.0,1.0,7.643264534798535
tfnbs,"e=1.5,h=10.0,n=30,start_thres=1.25",hub,0.25,10,16,40,1730,0,1,40,1729,0.0,0.0005780346820809,0.0,1.0,7.643264534798535
tfnbs,"e=0.05,h=0.5,n=30,start_thres=1.25",hub,0.25,10,2,40,1730,0,0,40,1730,0.0,0.0,0.0,0.0,7.67672895301472
tfnbs,"e=0.05,h=1.0,n=30,start_thres=1.25",hub,0.25,10,2,40,1730,0,0,40,1730,0.0,0.0,0.0,0.0,7.67672895301472
tfnbs,"e=0.05,h=2.0,n=30,start_thres=1.25",hub,0.25,10,2,40,1730,0,0,40,1730,0.0,0.0,0.0,0.0,7.67672895301472
tfnbs,"e=0.05,h=3.0,n=30,start_thres=1.25",hub,0.25,10,2,40,1730,0,0,40,1730,0.0,0.0,0.0,0.0,7.67672895301472
tfnbs,"e=0.05,h=4.0,n=30,start_thres=1.25",hub,0.25,10,2,40,1730,0,0,40,1730,0.0,0.0,0.0,0.0,7.67672895301472
tfnbs,"e=0.05,h=5.0,n=30,start_thres=1.25",hub,0.25,10,2,40,1730,0,0,40,1730,0.0,0.0,0.0,0.0,7.67672895301472
tfnbs,"e=0.05,h=6.0,n=30,start_thres=1.25",hub,0.25,10,2,40,1730,0,0,40,1730,0.0,0.0,0.0,0.0,7.67672895301472
tfnbs,"e=0.05,h=7.0,n=30,start_thres=1.25",hub,0.25,10,2,40,1730,0,0,40,1730,0.0,0.0,0.0,0.0,7.67672895301472
tfnbs,"e=0.05,h=8.0,n=30,start_thres=1.25",hub,0.25,10,2,40,1730,0,0,40,1730,0.0,0.0,0.0,0.0,7.67672895301472
tfnbs,"e=0.05,h=9.0,n=30,start_thres=1.25",hub,0.25,10,2,40,1730,0,0,40,1730,0.0,0.0,0.0,0.0,7.67672895301472
tfnbs,"e=0.05,h=10.0,n=30,start_thres=1.25",hub,0.25,10,2,40,1730,0,0,40,1730,0.0,0.0,0.0,0.0,7.67672895301472
tfnbs,"e=0.1,h=0.5,n=30,start_thres=1.25",hub,0.25,10,2,40,1730,0,0,40,1730,0.0,0.0,0.0,0.0,7.67672895301472
tfnbs,"e=0.1,h=1.0,n=30,start_thres=1.25",hub,0.25,10,2,40,1730,0,0,40,1730,0.0,0.0,0.0,0.0,7.67672895301472
tfnbs,"e=0.1,h=2.0,n=30,start_thres=1.25",hub,0.25,10,2,40,1730,0,0,40,1730,0.0,0.0,0.0,0.0,7.67672895301472
tfnbs,"e=0.1,h=3.0,n=30,start_thres=1.25",hub,0.25,10,2,40,1730,0,0,40,1730,0.0,0.0,0.0,0.0,7.67672895301472
tfnbs,"e=0.1,h=4.0,n=30,start_thres=1.25",hub,0.25,10,2,40,1730,0,0,40,1730,0.0,0.0,0.0,0.0,7.67672895301472
tfnbs,"e=0.1,h=5.0,n=30,start_thres=1.25",hub,0.25,10,2,40,1730,0,0,40,1730,0.0,0.0,0.0,0.0,7.67672895301472
tfnbs,"e=0.1,h=6.0,n=30,start_thres=1.25",hub,0.25,10,2,40,1730,0,0,40,1730,0.0,0.0,0.0,0.0,7.67672895301472
tfnbs,"e=0.1,h=7.0,n=30,start_thres=1.25",hub,0.25,10,2,40,1730,0,0,40,1730,0.0,0.0,0.0,0.0,7.67672895301472
tfnbs,"e=0.1,h=8.0,n=30,start_thres=1.25",hub,0.25,10,2,40,1730,0,0,40,1730,0.0,0.0,0.0,0.0,7.67672895301472
tfnbs,"e=0.1,h=9.0,n=30,start_thres=1.25",hub,0.25,10,2,40,1730,0,0,40,1730,0.0,0.0,0.0,0.0,7.67672895301472
tfnbs,"e=0.1,h=10.0,n=30,start_thres=1.25",hub,0.25,10,2,40,1730,0,0,40,1730,0.0,0.0,0.0,0.0,7.67672895301472
tfnbs,"e=0.2,h=0.5,n=30,start_thres=1.25",hub,0.25,10,2,40,1730,0,0,40,1730,0.0,0.0,0.0,0.0,7.67672895301472
tfnbs,"e=0.2,h=1.0,n=30,start_thres=1.25",hub,0.25,10,2,40,1730,0,0,40,1730,0.0,0.0,0.0,0.0,7.67672895301472
tfnbs,"e=0.2,h=2.0,n=30,start_thres=1.25",hub,0.25,10,2,40,1730,0,0,40,1730,0.0,0.0,0.0,0.0,7.67672895301472
tfnbs,"e=0.2,h=3.0,n=30,start_thres=1.25",hub,0.25,10,2,40,1730,0,0,40,1730,0.0,0.0,0.0,0.0,7.67672895301472
tfnbs,"e=0.2,h=4.0,n=30,start_thres=1.25",hub,0.25,10,2,40,1730,0,0,40,1730,0.0,0.0,0.0,0.0,7.67672895301472
tfnbs,"e=0.2,h=5.0,n=30,start_thres=1.25",hub,0.25,10,2,40,1730,0,0,40,1730,0.0,0.0,0.0,0.0,7.67672895301472
tfnbs,"e=0.2,h=6.0,n=30,start_thres=1.25",hub,0.25,10,2,40,1730,0,0,40,1730,0.0,0.0,0.0,0.0,7.67672895301472
tfnbs,"e=0.2,h=7.0,n=30,start_thres=1.25",hub,0.25,10,2,40,1730,0,0,40,1730,0.0,0.0,0.0,0.0,7.67672895301472
tfnbs,"e=0.2,h=8.0,n=30,start_thres=1.25",hub,0.25,10,2,40,1730,0,0,40,1730,0.0,0.0,0.0,0.0,7.67672895301472
tfnbs,"e=0.2,h=9.0,n=30,start_thres=1.25",hub,0.25,10,2,40,1730,0,0,40,1730,0.0,0.0,0.0,0.0,7.67672895301472
tfnbs,"e=0.2,h=10.0,n=30,start_thres=1.25",hub,0.25,10,2,40,1730,0,0,40,1730,0.0,0.0,0.0,0.0,7.67672895301472
tfnbs,"e=0.3,h=0.5,n=30,start_thres=1.25",hub,0.25,10,2,40,1730,0,0,40,1730,0.0,0.0,0.0,0.0,7.67672895301472
tfnbs,"e=0.3,h=1.0,n=30,start_thres=1.25",hub,0.25,10,2,40,1730,0,0,40,1730,0.0,0.0,0.0,0.0,7.67672895301472
tfnbs,"e=0.3,h=2.0,n=30,start_thres=1.25",hub,0.25,10,2,40,1730,0,0,40,1730,0.0,0.0,0.0,0.0,7.67672895301472
tfnbs,"e=0.3,h=3.0,n=30,start_thres=1.25",hub,0.25,10,2,40,1730,0,0,40,1730,0.0,0.0,0.0,0.0,7.67672895301472
tfnbs,"e=0.3,h=4.0,n=30,start_thres=1.25",hub,0.25,10,2,40,1730,0,0,40,1730,0.0,0.0,0.0,0.0,7.67672895301472
tfnbs,"e=0.3,h=5.0,n=30,start_thres=1.25",hub,0.25,10,2,40,1730,0,0,40,1730,0.0,0.0,0.0,0.0,7.67672895301472
tfnbs,"e=0.3,h=6.0,n=30,start_thres=1.25",hub,0.25,10,2,40,1730,0,0,40,1730,0.0,0.0,0.0,0.0,7.67672895301472
tfnbs,"e=0.3,h=7.0,n=30,start_thres=1.25",hub,0.25,10,2,40,1730,0,0,40,1730,0.0,0.0,0.0,0.0,7.67672895301472
tfnbs,"e=0.3,h=8.0,n=30,start_thres=1.25",hub,0.25,10,2,40,1730,0,0,40,1730,0.0,0.0,0.0,0.0,7.67672895301472
tfnbs,"e=0.3,h=9.0,n=30,start_thres=1.25",hub,0.25,10,2,40,1730,0,0,40,1730,0.0,0.0,0.0,0.0,7.67672895301472
tfnbs,"e=0.3,h=10.0,n=30,start_thres=1.25",hub,0.25,10,2,40,1730,0,0,40,1730,0.0,0.0,0.0,0.0,7.67672895301472
tfnbs,"e=0.4,h=0.5,n=30,start_thres=1.25",hub,0.25,10,2,40,1730,0,0,40,1730,0.0,0.0,0.0,0.0,7.67672895301472
tfnbs,"e=0.4,h=1.0,n=30,start_thres=1.25",hub,0.25,10,2,40,1730,0,0,40,1730,0.0,0.0,0.0,0.0,7.67672895301472
tfnbs,"e=0.4,h=2.0,n=30,start_thres=1.25",hub,0.25,10,2,40,1730,0,0,40,1730,0.0,0.0,0.0,0.0,7.67672895301472
tfnbs,"e=0.4,h=3.0,n=30,start_thres=1.25",hub,0.25,10,2,40,1730,0,0,40,1730,0.0,0.0,0.0,0.0,7.67672895301472
tfnbs,"e=0.4,h=4.0,n=30,start_thres=1.25",hub,0.25,10,2,40,1730,0,0,40,1730,0.0,0.0,0.0,0.0,7.67672895301472
tfnbs,"e=0.4,h=5.0,n=30,start_thres=1.25",hub,0.25,10,2,40,1730,0,0,40,1730,0.0,0.0,0.0,0.0,7.67672895301472
tfnbs,"e=0.4,h=6.0,n=30,start_thres=1.25",hub,0.25,10,2,40,1730,0,0,40,1730,0.0,0.0,0.0,0.0,7.67672895301472
tfnbs,"e=0.4,h=7.0,n=30,start_thres=1.25",hub,0.25,10,2,40,1730,0,0,40,1730,0.0,0.0,0.0,0.0,7.67672895301472
tfnbs,"e=0.4,h=8.0,n=30,start_thres=1.25",hub,0.25,10,2,40,1730,0,0,40,1730,0.0,0.0,0.0,0.0,7.67672895301472
tfnbs,"e=0.4,h=9.0,n=30,start_thres=1.25",hub,0.25,10,2,40,1730,0,0,40,1730,0.0,0.0,0.0,0.0,7.67672895301472
tfnbs,"e=0.4,h=10.0,n=30,start_thres=1.25",hub,0.25,10,2,40,1730,0,0,40,1730,0.0,0.0,0.0,0.0,7.67672895301472
tfnbs,"e=0.5,h=0.5,n=30,start_thres=1.25",hub,0.25,10,2,40,1730,0,0,40,1730,0.0,0.0,0.0,0.0,7.67672895301472
tfnbs,"e=0.5,h=1.0,n=30,start_thres=1.25",hub,0.25,10,2,40,1730,0,0,40,1730,0.0,0.0,0.0,0.0,7.67672895301472
tfnbs,"e=0.5,h=2.0,n=30,start_thres=1.25",hub,0.25,10,2,40,1730,0,0,40,1730,0.0,0.0,0.0,0.0,7.67672895301472
tfnbs,"e=0.5,h=3.0,n=30,start_thres=1.25",hub,0.25,10,2,40,1730,0,0,40,1730,0.0,0.0,0.0,0.0,7.67672895301472
tfnbs,"e=0.5,h=4.0,n=30,start_thres=1.25",hub,0.25,10,2,40,1730,0,0,40,1730,0.0,0.0,0.0,0.0,7.67672895301472
tfnbs,"e=0.5,h=5.0,n=30,start_thres=1.25",hub,0.25,10,2,40,1730,0,0,40,1730,0.0,0.0,0.0,0.0,7.67672895301472
tfnbs,"e=0.5,h=6.0,n=30,start_thres=1.25",hub,0.25,10,2,40,1730,0,0,40,1730,0.0,0.0,0.0,0.0,7.67672895301472
tfnbs,"e=0.5,h=7.0,n=30,start_thres=1.25",hub,0.25,10,2,40,1730,0,0,40,1730,0.0,0.0,0.0,0.0,7.67672895301472
tfnbs,"e=0.5,h=8.0,n=30,start_thres=1.25",hub,0.25,10,2,40,1730,0,0,40,1730,0.0,0.0,0.0,0.0,7.67672895301472
tfnbs,"e=0.5,h=9.0,n=30,start_thres=1.25",hub,0.25,10,2,40,1730,0,0,40,1730,0.0,0.0,0.0,0.0,7.67672895301472
tfnbs,"e=0.5,h=10.0,n=30,start_thres=1.25",hub,0.25,10,2,40,1730,0,0,40,1730,0.0,0.0,0.0,0.0,7.67672895301472
tfnbs,"e=0.6,h=0.5,n=30,start_thres=1.25",hub,0.25,10,2,40,1730,0,0,40,1730,0.0,0.0,0.0,0.0,7.67672895301472
tfnbs,"e=0.6,h=1.0,n=30,start_thres=1.25",hub,0.25,10,2,40,1730,0,0,40,1730,0.0,0.0,0.0,0.0,7.67672895301472
tfnbs,"e=0.6,h=2.0,n=30,start_thres=1.25",hub,0.25,10,2,40,1730,0,0,40,1730,0.0,0.0,0.0,0.0,7.67672895301472
tfnbs,"e=0.6,h=3.0,n=30,start_thres=1.25",hub,0.25,10,2,40,1730,0,0,40,1730,0.0,0.0,0.0,0.0,7.67672895301472
tfnbs,"e=0.6,h=4.0,n=30,start_thres=1.25",hub,0.25,10,2,40,1730,0,0,40,1730,0.0,0.0,0.0,0.0,7.67672895301472
tfnbs,"e=0.6,h=5.0,n=30,start_thres=1.25",hub,0.25,10,2,40,1730,0,0,40,1730,0.0,0.0,0.0,0.0,7.67672895301472
tfnbs,"e=0.6,h=6.0,n=30,start_thres=1.25",hub,0.25,10,2,40,1730,0,0,40,1730,0.0,0.0,0.0,0.0,7.67672895301472
tfnbs,"e=0.6,h=7.0,n=30,start_thres=1.25",hub,0.25,10,2,40,1730,0,0,40,1730,0.0,0.0,0.0,0.0,7.67672895301472
tfnbs,"e=0.6,h=8.0,n=30,start_thres=1.25",hub,0.25,10,2,40,1730,0,0,40,1730,0.0,0.0,0.0,0.0,7.67672895301472
tfnbs,"e=0.6,h=9.0,n=30,start_thres=1.25",hub,0.25,10,2,40,1730,0,0,40,1730,0.0,0.0,0.0,0.0,7.67672895301472
tfnbs,"e=0.6,h=10.0,n=30,start_thres=1.25",hub,0.25,10,2,40,1730,0,0,40,1730,0.0,0.0,0.0,0.0,7.67672895301472
tfnbs,"e=0.7,h=0.5,n=30,start_thres=1.25",hub,0.25,10,2,40,1730,0,0,40,1730,0.0,0.0,0.0,0.0,7.67672895301472
tfnbs,"e=0.7,h=1.0,n=30,start_thres=1.25",hub,0.25,10,2,40,1730,0,0,40,1730,0.0,0.0,0.0,0.0,7.67672895301472
tfnbs,"e=0.7,h=2.0,n=30,start_thres=1.25",hub,0.25,10,2,40,1730,0,0,40,1730,0.0,0.0,0.0,0.0,7.67672895301472
tfnbs,"e=0.7,h=3.0,n=30,start_thres=1.25",hub,0.25,10,2,40,1730,0,0,40,1730,0.0,0.0,0.0,0.0,7.67672895301472
tfnbs,"e=0.7,h=4.0,n=30,start_thres=1.25",hub,0.25,10,2,40,1730,0,0,40,1730,0.0,0.0,0.0,0.0,7.67672895301472
tfnbs,"e=0.7,h=5.0,n=30,start_thres=1.25",hub,0.25,10,2,40,1730,0,0,40,1730,0.0,0.0,0.0,0.0,7.67672895301472
tfnbs,"e=0.7,h=6.0,n=30,start_thres=1.25",hub,0.25,10,2,40,1730,0,0,40,1730,0.0,0.0,0.0,0.0,7.67672895301472
tfnbs,"e=0.7,h=7.0,n=30,start_thres=1.25",hub,0.25,10,2,40,1730,0,0,40,1730,0.0,0.0,0.0,0.0,7.67672895301472
tfnbs,"e=0.7,h=8.0,n=30,start_thres=1.25",hub,0.25,10,2,40,1730,0,0,40,1730,0.0,0.0,0.0,0.0,7.67672895301472
tfnbs,"e=0.7,h=9.0,n=30,start_thres=1.25",hub,0.25,10,2,40,1730,0,0,40,1730,0.0,0.0,0.0,0.0,7.67672895301472
tfnbs,"e=0.7,h=10.0,n=30,start_thres=1.25",hub,0.25,10,2,40,1730,0,0,40,1730,0.0,0.0,0.0,0.0,7.67672895301472
tfnbs,"e=0.8,h=0.5,n=30,start_thres=1.25",hub,0.25,10,2,40,1730,0,0,40,1730,0.0,0.0,0.0,0.0,7.67672895301472
tfnbs,"e=0.8,h=1.0,n=30,start_thres=1.25",hub,0.25,10,2,40,1730,0,0,40,1730,0.0,0.0,0.0,0.0,7.67672895301472
tfnbs,"e=0.8,h=2.0,n=30,start_thres=1.25",hub,0.25,10,2,40,1730,0,0,40,1730,0.0,0.0,0.0,0.0,7.67672895301472
tfnbs,"e=0.8,h=3.0,n=30,start_thres=1.25",hub,0.25,10,2,40,1730,0,0,40,1730,0.0,0.0,0.0,0.0,7.67672895301472
tfnbs,"e=0.8,h=4.0,n=30,start_thres=1.25",hub,0.25,10,2,40,1730,0,0,40,1730,0.0,0.0,0.0,0.0,7.67672895301472
tfnbs,"e=0.8,h=5.0,n=30,start_thres=1.25",hub,0.25,10,2,40,1730,0,0,40,1730,0.0,0.0,0.0,0.0,7.67672895301472
tfnbs,"e=0.8,h=6.0,n=30,start_thres=1.25",hub,0.25,10,2,40,1730,0,0,40,1730,0.0,0.0,0.0,0.0,7.67672895301472
tfnbs,"e=0.8,h=7.0,n=30,start_thres=1.25",hub,0.25,10,2,40,1730,0,0,40,1730,0.0,0.0,0.0,0.0,7.67672895301472
tfnbs,"e=0.8,h=8.0,n=30,start_thres=1.25",hub,0.25,10,2,40,1730,0,0,40,1730,0.0,0.0,0.0,0.0,7.67672895301472
tfnbs,"e=0.8,h=9.0,n=30,start_thres=1.25",hub,0.25,10,2,40,1730,0,0,40,1730,0.0,0.0,0.0,0.0,7.67672895301472
tfnbs,"e=0.8,h=10.0,n=30,start_thres=1.25",hub,0.25,10,2,40,1730,0,0,40,1730,0.0,0.0,0.0,0.0,7.67672895301472
tfnbs,"e=0.9,h=0.5,n=30,start_thres=1.25",hub,0.25,10,2,40,1730,0,0,40,1730,0.0,0.0,0.0,0.0,7.67672895301472
tfnbs,"e=0.9,h=1.0,n=30,start_thres=1.25",hub,0.25,10,2,40,1730,0,0,40,1730,0.0,0.0,0.0,0.0,7.67672895301472
tfnbs,"e=0.9,h=2.0,n=30,start_thres=1.25",hub,0.25,10,2,40,1730,0,0,40,1730,0.0,0.0,0.0,0.0,7.67672895301472
tfnbs,"e=0.9,h=3.0,n=30,start_thres=1.25",hub,0.25,10,2,40,1730,0,0,40,1730,0.0,0.0,0.0,0.0,7.67672895301472
tfnbs,"e=0.9,h=4.0,n=30,start_thres=1.25",hub,0.25,10,2,40,1730,0,0,40,1730,0.0,0.0,0.0,0.0,7.67672895301472
tfnbs,"e=0.9,h=5.0,n=30,start_thres=1.25",hub,0.25,10,2,40,1730,0,0,40,1730,0.0,0.0,0.0,0.0,7.67672895301472
tfnbs,"e=0.9,h=6.0,n=30,start_thres=1.25",hub,0.25,10,2,40,1730,0,0,40,1730,0.0,0.0,0.0,0.0,7.67672895301472
tfnbs,"e=0.9,h=7.0,n=30,start_thres=1.25",hub,0.25,10,2,40,1730,0,0,40,1730,0.0,0.0,0.0,0.0,7.67672895301472
tfnbs,"e=0.9,h=8.0,n=30,start_thres=1.25",hub,0.25,10,2,40,1730,0,0,40,1730,0.0,0.0,0.0,0.0,7.67672895301472
tfnbs,"e=0.9,h=9.0,n=30,start_thres=1.25",hub,0.25,10,2,40,1730,0,0,40,1730,0.0,0.0,0.0,0.0,7.67672895301472
tfnbs,"e=0.9,h=10.0,n=30,start_thres=1.25",hub,0.25,10,2,40,1730,0,0,40,1730,0.0,0.0,0.0,0.0,7.67672895301472
tfnbs,"e=1.0,h=0.5,n=30,start_thres=1.25",hub,0.25,10,2,40,1730,0,0,40,1730,0.0,0.0,0.0,0.0,7.67672895301472
tfnbs,"e=1.0,h=1.0,n=30,start_thres=1.25",hub,0.25,10,2,40,1730,0,0,40,1730,0.0,0.0,0.0,0.0,7.67672895301472
tfnbs,"e=1.0,h=2.0,n=30,start_thres=1.25",hub,0.25,10,2,40,1730,0,0,40,1730,0.0,0.0,0.0,0.0,7.67672895301472
tfnbs,"e=1.0,h=3.0,n=30,start_thres=1.25",hub,0.25,10,2,40,1730,0,0,40,1730,0.0,0.0,0.0,0.0,7.67672895301472
tfnbs,"e=1.0,h=4.0,n=30,start_thres=1.25",hub,0.25,10,2,40,1730,0,0,40,1730,0.0,0.0,0.0,0.0,7.67672895301472
tfnbs,"e=1.0,h=5.0,n=30,start_thres=1.25",hub,0.25,10,2,40,1730,0,0,40,1730,0.0,0.0,0.0,0.0,7.67672895301472
tfnbs,"e=1.0,h=6.0,n=30,start_thres=1.25",hub,0.25,10,2,40,1730,0,0,40,1730,0.0,0.0,0.0,0.0,7.67672895301472
tfnbs,"e=1.0,h=7.0,n=30,start_thres=1.25",hub,0.25,10,2,40,1730,0,0,40,1730,0.0,0.0,0.0,0.0,7.67672895301472
tfnbs,"e=1.0,h=8.0,n=30,start_thres=1.25",hub,0.25,10,2,40,1730,0,0,40,1730,0.0,0.0,0.0,0.0,7.67672895301472
tfnbs,"e=1.0,h=9.0,n=30,start_thres=1.25",hub,0.25,10,2,40,1730,0,0,40,1730,0.0,0.0,0.0,0.0,7.67672895301472
tfnbs,"e=1.0,h=10.0,n=30,start_thres=1.25",hub,0.25,10,2,40,1730,0,0,40,1730,0.0,0.0,0.0,0.0,7.67672895301472
tfnbs,"e=1.1,h=0.5,n=30,start_thres=1.25",hub,0.25,10,2,40,1730,0,0,40,1730,0.0,0.0,0.0,0.0,7.67672895301472
tfnbs,"e=1.1,h=1.0,n=30,start_thres=1.25",hub,0.25,10,2,40,1730,0,0,40,1730,0.0,0.0,0.0,0.0,7.67672895301472
tfnbs,"e=1.1,h=2.0,n=30,start_thres=1.25",hub,0.25,10,2,40,1730,0,0,40,1730,0.0,0.0,0.0,0.0,7.67672895301472
tfnbs,"e=1.1,h=3.0,n=30,start_thres=1.25",hub,0.25,10,2,40,1730,0,0,40,1730,0.0,0.0,0.0,0.0,7.67672895301472
tfnbs,"e=1.1,h=4.0,n=30,start_thres=1.25",hub,0.25,10,2,40,1730,0,0,40,1730,0.0,0.0,0.0,0.0,7.67672895301472
tfnbs,"e=1.1,h=5.0,n=30,start_thres=1.25",hub,0.25,10,2,40,1730,0,0,40,1730,0.0,0.0,0.0,0.0,7.67672895301472
tfnbs,"e=1.1,h=6.0,n=30,start_thres=1.25",hub,0.25,10,2,40,1730,0,0,40,1730,0.0,0.0,0.0,0.0,7.67672895301472
tfnbs,"e=1.1,h=7.0,n=30,start_thres=1.25",hub,0.25,10,2,40,1730,0,0,40,1730,0.0,0.0,0.0,0.0,7.67672895301472
tfnbs,"e=1.1,h=8.0,n=30,start_thres=1.25",hub,0.25,10,2,40,1730,0,0,40,1730,0.0,0.0,0.0,0.0,7.67672895301472
tfnbs,"e=1.1,h=9.0,n=30,start_thres=1.25",hub,0.25,10,2,40,1730,0,0,40,1730,0.0,0.0,0.0,0.0,7.67672895301472
tfnbs,"e=1.1,h=10.0,n=30,start_thres=1.25",hub,0.25,10,2,40,1730,0,0,40,1730,0.0,0.0,0.0,0.0,7.67672895301472
tfnbs,"e=1.2,h=0.5,n=30,start_thres=1.25",hub,0.25,10,2,40,1730,0,0,40,1730,0.0,0.0,0.0,0.0,7.67672895301472
tfnbs,"e=1.2,h=1.0,n=30,start_thres=1.25",hub,0.25,10,2,40,1730,0,0,40,1730,0.0,0.0,0.0,0.0,7.67672895301472
tfnbs,"e=1.2,h=2.0,n=30,start_thres=1.25",hub,0.25,10,2,40,1730,0,0,40,1730,0.0,0.0,0.0,0.0,7.67672895301472
tfnbs,"e=1.2,h=3.0,n=30,start_thres=1.25",hub,0.25,10,2,40,1730,0,0,40,1730,0.0,0.0,0.0,0.0,7.67672895301472
tfnbs,"e=1.2,h=4.0,n=30,start_thres=1.25",hub,0.25,10,2,40,1730,0,0,40,1730,0.0,0.0,0.0,0.0,7.67672895301472
tfnbs,"e=1.2,h=5.0,n=30,start_thres=1.25",hub,0.25,10,2,40,1730,0,0,40,1730,0.0,0.0,0.0,0.0,7.67672895301472
tfnbs,"e=1.2,h=6.0,n=30,start_thres=1.25",hub,0.25,10,2,40,1730,0,0,40,1730,0.0,0.0,0.0,0.0,7.67672895301472
tfnbs,"e=1.2,h=7.0,n=30,start_thres=1.25",hub,0.25,10,2,40,1730,0,0,40,1730,0.0,0.0,0.0,0.0,7.67672895301472
tfnbs,"e=1.2,h=8.0,n=30,start_thres=1.25",hub,0.25,10,2,40,1730,0,0,40,1730,0.0,0.0,0.0,0.0,7.67672895301472
tfnbs,"e=1.2,h=9.0,n=30,start_thres=1.25",hub,0.25,10,2,40,1730,0,0,40,1730,0.0,0.0,0.0,0.0,7.67672895301472
tfnbs,"e=1.2,h=10.0,n=30,start_thres=1.25",hub,0.25,10,2,40,1730,0,0,40,1730,0.0,0.0,0.0,0.0,7.67672895301472
tfnbs,"e=1.3,h=0.5,n=30,start_thres=1.25",hub,0.25,10,2,40,1730,0,0,40,1730,0.0,0.0,0.0,0.0,7.67672895301472
tfnbs,"e=1.3,h=1.0,n=30,start_thres=1.25",hub,0.25,10,2,40,1730,0,0,40,1730,0.0,0.0,0.0,0.0,7.67672895301472
tfnbs,"e=1.3,h=2.0,n=30,start_thres=1.25",hub,0.25,10,2,40,1730,0,0,40,1730,0.0,0.0,0.0,0.0,7.67672895301472
tfnbs,"e=1.3,h=3.0,n=30,start_thres=1.25",hub,0.25,10,2,40,1730,0,0,40,1730,0.0,0.0,0.0,0.0,7.67672895301472
tfnbs,"e=1.3,h=4.0,n=30,start_thres=1.25",hub,0.25,10,2,40,1730,0,0,40,1730,0.0,0.0,0.0,0.0,7.67672895301472
tfnbs,"e=1.3,h=5.0,n=30,start_thres=1.25",hub,0.25,10,2,40,1730,0,0,40,1730,0.0,0.0,0.0,0.0,7.67672895301472
tfnbs,"e=1.3,h=6.0,n=30,start_thres=1.25",hub,0.25,10,2,40,1730,0,0,40,1730,0.0,0.0,0.0,0.0,7.67672895301472
tfnbs,"e=1.3,h=7.0,n=30,start_thres=1.25",hub,0.25,10,2,40,1730,0,0,40,1730,0.0,0.0,0.0,0.0,7.67672895301472
tfnbs,"e=1.3,h=8.0,n=30,start_thres=1.25",hub,0.25,10,2,40,1730,0,0,40,1730,0.0,0.0,0.0,0.0,7.67672895301472
tfnbs,"e=1.3,h=9.0,n=30,start_thres=1.25",hub,0.25,10,2,40,1730,0,0,40,1730,0.0,0.0,0.0,0.0,7.67672895301472
tfnbs,"e=1.3,h=10.0,n=30,start_thres=1.25",hub,0.25,10,2,40,1730,0,0,40,1730,0.0,0.0,0.0,0.0,7.67672895301472
tfnbs,"e=1.4,h=0.5,n=30,start_thres=1.25",hub,0.25,10,2,40,1730,0,0,40,1730,0.0,0.0,0.0,0.0,7.67672895301472
tfnbs,"e=1.4,h=1.0,n=30,start_thres=1.25",hub,0.25,10,2,40,1730,0,0,40,1730,0.0,0.0,0.0,0.0,7.67672895301472
tfnbs,"e=1.4,h=2.0,n=30,start_thres=1.25",hub,0.25,10,2,40,1730,0,0,40,1730,0.0,0.0,0.0,0.0,7.67672895301472
tfnbs,"e=1.4,h=3.0,n=30,start_thres=1.25",hub,0.25,10,2,40,1730,0,0,40,1730,0.0,0.0,0.0,0.0,7.67672895301472
tfnbs,"e=1.4,h=4.0,n=30,start_thres=1.25",hub,0.25,10,2,40,1730,0,0,40,1730,0.0,0.0,0.0,0.0,7.67672895301472
tfnbs,"e=1.4,h=5.0,n=30,start_thres=1.25",hub,0.25,10,2,40,1730,0,0,40,1730,0.0,0.0,0.0,0.0,7.67672895301472
tfnbs,"e=1.4,h=6.0,n=30,start_thres=1.25",hub,0.25,10,2,40,1730,0,0,40,1730,0.0,0.0,0.0,0.0,7.67672895301472
tfnbs,"e=1.4,h=7.0,n=30,start_thres=1.25",hub,0.25,10,2,40,1730,0,0,40,1730,0.0,0.0,0.0,0.0,7.67672895301472
tfnbs,"e=1.4,h=8.0,n=30,start_thres=1.25",hub,0.25,10,2,40,1730,0,0,40,1730,0.0,0.0,0.0,0.0,7.67672895301472
tfnbs,"e=1.4,h=9.0,n=30,start_thres=1.25",hub,0.25,10,2,40,1730,0,0,40,1730,0.0,0.0,0.0,0.0,7.67672895301472
tfnbs,"e=1.4,h=10.0,n=30,start_thres=1.25",hub,0.25,10,2,40,1730,0,0,40,1730,0.0,0.0,0.0,0.0,7.67672895301472
tfnbs,"e=1.5,h=0.5,n=30,start_thres=1.25",hub,0.25,10,2,40,1730,0,0,40,1730,0.0,0.0,0.0,0.0,7.67672895301472
tfnbs,"e=1.5,h=1.0,n=30,start_thres=1.25",hub,0.25,10,2,40,1730,0,0,40,1730,0.0,0.0,0.0,0.0,7.67672895301472
tfnbs,"e=1.5,h=2.0,n=30,start_thres=1.25",hub,0.25,10,2,40,1730,0,0,40,1730,0.0,0.0,0.0,0.0,7.67672895301472
tfnbs,"e=1.5,h=3.0,n=30,start_thres=1.25",hub,0.25,10,2,40,1730,0,0,40,1730,0.0,0.0,0.0,0.0,7.67672895301472
tfnbs,"e=1.5,h=4.0,n=30,start_thres=1.25",hub,0.25,10,2,40,1730,0,0,40,1730,0.0,0.0,0.0,0.0,7.67672895301472
tfnbs,"e=1.5,h=5.0,n=30,start_thres=1.25",hub,0.25,10,2,40,1730,0,0,40,1730,0.0,0.0,0.0,0.0,7.67672895301472
tfnbs,"e=1.5,h=6.0,n=30,start_thres=1.25",hub,0.25,10,2,40,1730,0,0,40,1730,0.0,0.0,0.0,0.0,7.67672895301472
tfnbs,"e=1.5,h=7.0,n=30,start_thres=1.25",hub,0.25,10,2,40,1730,0,0,40,1730,0.0,0.0,0.0,0.0,7.67672895301472
tfnbs,"e=1.5,h=8.0,n=30,start_thres=1.25",hub,0.25,10,2,40,1730,0,0,40,1730,0.0,0.0,0.0,0.0,7.67672895301472
tfnbs,"e=1.5,h=9.0,n=30,start_thres=1.25",hub,0.25,10,2,40,1730,0,0,40,1730,0.0,0.0,0.0,0.0,7.67672895301472
tfnbs,"e=1.5,h=10.0,n=30,start_thres=1.25",hub,0.25,10,2,40,1730,0,0,40,1730,0.0,0.0,0.0,0.0,7.67672895301472
tfnbs,"e=0.05,h=0.5,n=30,start_thres=1.25",hub,0.25,10,17,40,1730,0,0,40,1730,0.0,0.0,0.0,0.0,7.6505036340518435
tfnbs,"e=0.05,h=1.0,n=30,start_thres=1.25",hub,0.25,10,17,40,1730,0,0,40,1730,0.0,0.0,0.0,0.0,7.6505036340518435
tfnbs,"e=0.05,h=2.0,n=30,start_thres=1.25",hub,0.25,10,17,40,1730,0,0,40,1730,0.0,0.0,0.0,0.0,7.6505036340518435
tfnbs,"e=0.05,h=3.0,n=30,start_thres=1.25",hub,0.25,10,17,40,1730,0,0,40,1730,0.0,0.0,0.0,0.0,7.6505036340518435
tfnbs,"e=0.05,h=4.0,n=30,start_thres=1.25",hub,0.25,10,17,40,1730,0,0,40,1730,0.0,0.0,0.0,0.0,7.6505036340518435
tfnbs,"e=0.05,h=5.0,n=30,start_thres=1.25",hub,0.25,10,17,40,1730,0,0,40,1730,0.0,0.0,0.0,0.0,7.6505036340518435
tfnbs,"e=0.05,h=6.0,n=30,start_thres=1.25",hub,0.25,10,17,40,1730,0,0,40,1730,0.0,0.0,0.0,0.0,7.6505036340518435
tfnbs,"e=0.05,h=7.0,n=30,start_thres=1.25",hub,0.25,10,17,40,1730,0,0,40,1730,0.0,0.0,0.0,0.0,7.6505036340518435
tfnbs,"e=0.05,h=8.0,n=30,start_thres=1.25",hub,0.25,10,17,40,1730,0,0,40,1730,0.0,0.0,0.0,0.0,7.6505036340518435
tfnbs,"e=0.05,h=9.0,n=30,start_thres=1.25",hub,0.25,10,17,40,1730,0,0,40,1730,0.0,0.0,0.0,0.0,7.6505036340518435
tfnbs,"e=0.05,h=10.0,n=30,start_thres=1.25",hub,0.25,10,17,40,1730,0,0,40,1730,0.0,0.0,0.0,0.0,7.6505036340518435
tfnbs,"e=0.1,h=0.5,n=30,start_thres=1.25",hub,0.25,10,17,40,1730,0,0,40,1730,0.0,0.0,0.0,0.0,7.6505036340518435
tfnbs,"e=0.1,h=1.0,n=30,start_thres=1.25",hub,0.25,10,17,40,1730,0,0,40,1730,0.0,0.0,0.0,0.0,7.6505036340518435
tfnbs,"e=0.1,h=2.0,n=30,start_thres=1.25",hub,0.25,10,17,40,1730,0,0,40,1730,0.0,0.0,0.0,0.0,7.6505036340518435
tfnbs,"e=0.1,h=3.0,n=30,start_thres=1.25",hub,0.25,10,17,40,1730,0,0,40,1730,0.0,0.0,0.0,0.0,7.6505036340518435
tfnbs,"e=0.1,h=4.0,n=30,start_thres=1.25",hub,0.25,10,17,40,1730,0,0,40,1730,0.0,0.0,0.0,0.0,7.6505036340518435
tfnbs,"e=0.1,h=5.0,n=30,start_thres=1.25",hub,0.25,10,17,40,1730,0,0,40,1730,0.0,0.0,0.0,0.0,7.6505036340518435
tfnbs,"e=0.1,h=6.0,n=30,start_thres=1.25",hub,0.25,10,17,40,1730,0,0,40,1730,0.0,0.0,0.0,0.0,7.6505036340518435
tfnbs,"e=0.1,h=7.0,n=30,start_thres=1.25",hub,0.25,10,17,40,1730,0,0,40,1730,0.0,0.0,0.0,0.0,7.6505036340518435
tfnbs,"e=0.1,h=8.0,n=30,start_thres=1.25",hub,0.25,10,17,40,1730,0,0,40,1730,0.0,0.0,0.0,0.0,7.6505036340518435
tfnbs,"e=0.1,h=9.0,n=30,start_thres=1.25",hub,0.25,10,17,40,1730,0,0,40,1730,0.0,0.0,0.0,0.0,7.6505036340518435
tfnbs,"e=0.1,h=10.0,n=30,start_thres=1.25",hub,0.25,10,17,40,1730,0,0,40,1730,0.0,0.0,0.0,0.0,7.6505036340518435
tfnbs,"e=0.2,h=0.5,n=30,start_thres=1.25",hub,0.25,10,17,40,1730,0,0,40,1730,0.0,0.0,0.0,0.0,7.6505036340518435
tfnbs,"e=0.2,h=1.0,n=30,start_thres=1.25",hub,0.25,10,17,40,1730,0,0,40,1730,0.0,0.0,0.0,0.0,7.6505036340518435
tfnbs,"e=0.2,h=2.0,n=30,start_thres=1.25",hub,0.25,10,17,40,1730,0,0,40,1730,0.0,0.0,0.0,0.0,7.6505036340518435
tfnbs,"e=0.2,h=3.0,n=30,start_thres=1.25",hub,0.25,10,17,40,1730,0,0,40,1730,0.0,0.0,0.0,0.0,7.6505036340518435
tfnbs,"e=0.2,h=4.0,n=30,start_thres=1.25",hub,0.25,10,17,40,1730,0,0,40,1730,0.0,0.0,0.0,0.0,7.6505036340518435
tfnbs,"e=0.2,h=5.0,n=30,start_thres=1.25",hub,0.25,10,17,40,1730,0,0,40,1730,0.0,0.0,0.0,0.0,7.6505036340518435
tfnbs,"e=0.2,h=6.0,n=30,start_thres=1.25",hub,0.25,10,17,40,1730,0,0,40,1730,0.0,0.0,0.0,0.0,7.6505036340518435
tfnbs,"e=0.2,h=7.0,n=30,start_thres=1.25",hub,0.25,10,17,40,1730,0,0,40,1730,0.0,0.0,0.0,0.0,7.6505036340518435
tfnbs,"e=0.2,h=8.0,n=30,start_thres=1.25",hub,0.25,10,17,40,1730,0,0,40,1730,0.0,0.0,0.0,0.0,7.6505036340518435
tfnbs,"e=0.2,h=9.0,n=30,start_thres=1.25",hub,0.25,10,17,40,1730,0,0,40,1730,0.0,0.0,0.0,0.0,7.6505036340518435
tfnbs,"e=0.2,h=10.0,n=30,start_thres=1.25",hub,0.25,10,17,40,1730,0,0,40,1730,0.0,0.0,0.0,0.0,7.6505036340518435
tfnbs,"e=0.3,h=0.5,n=30,start_thres=1.25",hub,0.25,10,17,40,1730,0,0,40,1730,0.0,0.0,0.0,0.0,7.6505036340518435
tfnbs,"e=0.3,h=1.0,n=30,start_thres=1.25",hub,0.25,10,17,40,1730,0,0,40,1730,0.0,0.0,0.0,0.0,7.6505036340518435
tfnbs,"e=0.3,h=2.0,n=30,start_thres=1.25",hub,0.25,10,17,40,1730,0,0,40,1730,0.0,0.0,0.0,0.0,7.6505036340518435
tfnbs,"e=0.3,h=3.0,n=30,start_thres=1.25",hub,0.25,10,17,40,1730,0,0,40,1730,0.0,0.0,0.0,0.0,7.6505036340518435
tfnbs,"e=0.3,h=4.0,n=30,start_thres=1.25",hub,0.25,10,17,40,1730,0,0,40,1730,0.0,0.0,0.0,0.0,7.6505036340518435
tfnbs,"e=0.3,h=5.0,n=30,start_thres=1.25",hub,0.25,10,17,40,1730,0,0,40,1730,0.0,0.0,0.0,0.0,7.6505036340518435
tfnbs,"e=0.3,h=6.0,n=30,start_thres=1.25",hub,0.25,10,17,40,1730,0,0,40,1730,0.0,0.0,0.0,0.0,7.6505036340518435
tfnbs,"e=0.3,h=7.0,n=30,start_thres=1.25",hub,0.25,10,17,40,1730,0,0,40,1730,0.0,0.0,0.0,0.0,7.6505036340518435
tfnbs,"e=0.3,h=8.0,n=30,start_thres=1.25",hub,0.25,10,17,40,1730,0,0,40,1730,0.0,0.0,0.0,0.0,7.6505036340518435
tfnbs,"e=0.3,h=9.0,n=30,start_thres=1.25",hub,0.25,10,17,40,1730,0,0,40,1730,0.0,0.0,0.0,0.0,7.6505036340518435
tfnbs,"e=0.3,h=10.0,n=30,start_thres=1.25",hub,0.25,10,17,40,1730,0,0,40,1730,0.0,0.0,0.0,0.0,7.6505036340518435
tfnbs,"e=0.4,h=0.5,n=30,start_thres=1.25",hub,0.25,10,17,40,1730,2,1,38,1729,0.05,0.0005780346820809,0.6666666666666666,0.3333333333333333,7.6505036340518435
tfnbs,"e=0.4,h=1.0,n=30,start_thres=1.25",hub,0.25,10,17,40,1730,1,0,39,1730,0.025,0.0,1.0,0.0,7.6505036340518435
tfnbs,"e=0.4,h=2.0,n=30,start_thres=1.25",hub,0.25,10,17,40,1730,0,0,40,1730,0.0,0.0,0.0,0.0,7.6505036340518435
tfnbs,"e=0.4,h=3.0,n=30,start_thres=1.25",hub,0.25,10,17,40,1730,0,0,40,1730,0.0,0.0,0.0,0.0,7.6505036340518435
tfnbs,"e=0.4,h=4.0,n=30,start_thres=1.25",hub,0.25,10,17,40,1730,0,0,40,1730,0.0,0.0,0.0,0.0,7.6505036340518435
tfnbs,"e=0.4,h=5.0,n=30,start_thres=1.25",hub,0.25,10,17,40,1730,0,0,40,1730,0.0,0.0,0.0,0.0,7.6505036340518435
tfnbs,"e=0.4,h=6.0,n=30,start_thres=1.25",hub,0.25,10,17,40,1730,0,0,40,1730,0.0,0.0,0.0,0.0,7.6505036340518435
tfnbs,"e=0.4,h=7.0,n=30,start_thres=1.25",hub,0.25,10,17,40,1730,0,0,40,1730,0.0,0.0,0.0,0.0,7.6505036340518435
tfnbs,"e=0.4,h=8.0,n=30,start_thres=1.25",hub,0.25,10,17,40,1730,0,0,40,1730,0.0,0.0,0.0,0.0,7.6505036340518435
tfnbs,"e=0.4,h=9.0,n=30,start_thres=1.25",hub,0.25,10,17,40,1730,0,0,40,1730,0.0,0.0,0.0,0.0,7.6505036340518435
tfnbs,"e=0.4,h=10.0,n=30,start_thres=1.25",hub,0.25,10,17,40,1730,0,0,40,1730,0.0,0.0,0.0,0.0,7.6505036340518435
tfnbs,"e=0.5,h=0.5,n=30,start_thres=1.25",hub,0.25,10,17,40,1730,3,1,37,1729,0.075,0.0005780346820809,0.75,0.25,7.6505036340518435
tfnbs,"e=0.5,h=1.0,n=30,start_thres=1.25",hub,0.25,10,17,40,1730,2,1,38,1729,0.05,0.0005780346820809,0.6666666666666666,0.3333333333333333,7.6505036340518435
tfnbs,"e=0.5,h=2.0,n=30,start_thres=1.25",hub,0.25,10,17,40,1730,0,0,40,1730,0.0,0.0,0.0,0.0,7.6505036340518435
tfnbs,"e=0.5,h=3.0,n=30,start_thres=1.25",hub,0.25,10,17,40,1730,0,0,40,1730,0.0,0.0,0.0,0.0,7.6505036340518435
tfnbs,"e=0.5,h=4.0,n=30,start_thres=1.25",hub,0.25,10,17,40,1730,0,0,40,1730,0.0,0.0,0.0,0.0,7.6505036340518435
tfnbs,"e=0.5,h=5.0,n=30,start_thres=1.25",hub,0.25,10,17,40,1730,0,0,40,1730,0.0,0.0,0.0,0.0,7.6505036340518435
tfnbs,"e=0.5,h=6.0,n=30,start_thres=1.25",hub,0.25,10,17,40,1730,0,0,40,1730,0.0,0.0,0.0,0.0,7.6505036340518435
tfnbs,"e=0.5,h=7.0,n=30,start_thres=1.25",hub,0.25,10,17,40,1730,0,0,40,1730,0.0,0.0,0.0,0.0,7.6505036340518435
tfnbs,"e=0.5,h=8.0,n=30,start_thres=1.25",hub,0.25,10,17,40,1730,0,0,40,1730,0.0,0.0,0.0,0.0,7.6505036340518435
tfnbs,"e=0.5,h=9.0,n=30,start_thres=1.25",hub,0.25,10,17,40,1730,0,0,40,1730,0.0,0.0,0.0,0.0,7.6505036340518435
tfnbs,"e=0.5,h=10.0,n=30,start_thres=1.25",hub,0.25,10,17,40,1730,0,0,40,1730,0.0,0.0,0.0,0.0,7.6505036340518435
tfnbs,"e=0.6,h=0.5,n=30,start_thres=1.25",hub,0.25,10,17,40,1730,7,1,33,1729,0.175,0.0005780346820809,0.875,0.125,7.6505036340518435
tfnbs,"e=0.6,h=1.0,n=30,start_thres=1.25",hub,0.25,10,17,40,1730,4,1,36,1729,0.1,0.0005780346820809,0.8,0.2,7.6505036340518435
tfnbs,"e=0.6,h=2.0,n=30,start_thres=1.25",hub,0.25,10,17,40,1730,2,1,38,1729,0.05,0.0005780346820809,0.6666666666666666,0.3333333333333333,7.6505036340518435
tfnbs,"e=0.6,h=3.0,n=30,start_thres=1.25",hub,0.25,10,17,40,1730,0,0,40,1730,0.0,0.0,0.0,0.0,7.6505036340518435
tfnbs,"e=0.6,h=4.0,n=30,start_thres=1.25",hub,0.25,10,17,40,1730,0,0,40,1730,0.0,0.0,0.0,0.0,7.6505036340518435
tfnbs,"e=0.6,h=5.0,n=30,start_thres=1.25",hub,0.25,10,17,40,1730,0,0,40,1730,0.0,0.0,0.0,0.0,7.6505036340518435
tfnbs,"e=0.6,h=6.0,n=30,start_thres=1.25",hub,0.25,10,17,40,1730,0,0,40,1730,0.0,0.0,0.0,0.0,7.6505036340518435
tfnbs,"e=0.6,h=7.0,n=30,start_thres=1.25",hub,0.25,10,17,40,1730,0,0,40,1730,0.0,0.0,0.0,0.0,7.6505036340518435
tfnbs,"e=0.6,h=8.0,n=30,start_thres=1.25",hub,0.25,10,17,40,1730,0,0,40,1730,0.0,0.0,0.0,0.0,7.6505036340518435
tfnbs,"e=0.6,h=9.0,n=30,start_thres=1.25",hub,0.25,10,17,40,1730,0,0,40,1730,0.0,0.0,0.0,0.0,7.6505036340518435
tfnbs,"e=0.6,h=10.0,n=30,start_thres=1.25",hub,0.25,10,17,40,1730,0,0,40,1730,0.0,0.0,0.0,0.0,7.6505036340518435
tfnbs,"e=0.7,h=0.5,n=30,start_thres=1.25",hub,0.25,10,17,40,1730,8,1,32,1729,0.2,0.0005780346820809,0.8888888888888888,0.1111111111111111,7.6505036340518435
tfnbs,"e=0.7,h=1.0,n=30,start_thres=1.25",hub,0.25,10,17,40,1730,7,1,33,1729,0.175,0.0005780346820809,0.875,0.125,7.6505036340518435
tfnbs,"e=0.7,h=2.0,n=30,start_thres=1.25",hub,0.25,10,17,40,1730,4,1,36,1729,0.1,0.0005780346820809,0.8,0.2,7.6505036340518435
tfnbs,"e=0.7,h=3.0,n=30,start_thres=1.25",hub,0.25,10,17,40,1730,2,0,38,1730,0.05,0.0,1.0,0.0,7.6505036340518435
tfnbs,"e=0.7,h=4.0,n=30,start_thres=1.25",hub,0.25,10,17,40,1730,0,0,40,1730,0.0,0.0,0.0,0.0,7.6505036340518435
tfnbs,"e=0.7,h=5.0,n=30,start_thres=1.25",hub,0.25,10,17,40,1730,0,0,40,1730,0.0,0.0,0.0,0.0,7.6505036340518435
tfnbs,"e=0.7,h=6.0,n=30,start_thres=1.25",hub,0.25,10,17,40,1730,0,0,40,1730,0.0,0.0,0.0,0.0,7.6505036340518435
tfnbs,"e=0.7,h=7.0,n=30,start_thres=1.25",hub,0.25,10,17,40,1730,0,0,40,1730,0.0,0.0,0.0,0.0,7.6505036340518435
tfnbs,"e=0.7,h=8.0,n=30,start_thres=1.25",hub,0.25,10,17,40,1730,0,0,40,1730,0.0,0.0,0.0,0.0,7.6505036340518435
tfnbs,"e=0.7,h=9.0,n=30,start_thres=1.25",hub,0.25,10,17,40,1730,0,0,40,1730,0.0,0.0,0.0,0.0,7.6505036340518435
tfnbs,"e=0.7,h=10.0,n=30,start_thres=1.25",hub,0.25,10,17,40,1730,0,0,40,1730,0.0,0.0,0.0,0.0,7.6505036340518435
tfnbs,"e=0.8,h=0.5,n=30,start_thres=1.25",hub,0.25,10,17,40,1730,8,1,32,1729,0.2,0.0005780346820809,0.8888888888888888,0.1111111111111111,7.6505036340518435
tfnbs,"e=0.8,h=1.0,n=30,start_thres=1.25",hub,0.25,10,17,40,1730,8,1,32,1729,0.2,0.0005780346820809,0.8888888888888888,0.1111111111111111,7.6505036340518435
tfnbs,"e=0.8,h=2.0,n=30,start_thres=1.25",hub,0.25,10,17,40,1730,7,1,33,1729,0.175,0.0005780346820809,0.875,0.125,7.6505036340518435
tfnbs,"e=0.8,h=3.0,n=30,start_thres=1.25",hub,0.25,10,17,40,1730,3,1,37,1729,0.075,0.0005780346820809,0.75,0.25,7.6505036340518435
tfnbs,"e=0.8,h=4.0,n=30,start_thres=1.25",hub,0.25,10,17,40,1730,1,0,39,1730,0.025,0.0,1.0,0.0,7.6505036340518435
tfnbs,"e=0.8,h=5.0,n=30,start_thres=1.25",hub,0.25,10,17,40,1730,0,0,40,1730,0.0,0.0,0.0,0.0,7.6505036340518435
tfnbs,"e=0.8,h=6.0,n=30,start_thres=1.25",hub,0.25,10,17,40,1730,0,0,40,1730,0.0,0.0,0.0,0.0,7.6505036340518435
tfnbs,"e=0.8,h=7.0,n=30,start_thres=1.25",hub,0.25,10,17,40,1730,0,0,40,1730,0.0,0.0,0.0,0.0,7.6505036340518435
tfnbs,"e=0.8,h=8.0,n=30,start_thres=1.25",hub,0.25,10,17,40,1730,0,0,40,1730,0.0,0.0,0.0,0.0,7.6505036340518435
tfnbs,"e=0.8,h=9.0,n=30,start_thres=1.25",hub,0.25,10,17,40,1730,0,0,40,1730,0.0,0.0,0.0,0.0,7.6505036340518435
tfnbs,"e=0.8,h=10.0,n=30,start_thres=1.25",hub,0.25,10,17,40,1730,0,0,40,1730,0.0,0.0,0.0,0.0,7.6505036340518435
tfnbs,"e=0.9,h=0.5,n=30,start_thres=1.25",hub,0.25,10,17,40,1730,8,2,32,1728,0.2,0.0011560693641618,0.8,0.2,7.6505036340518435
tfnbs,"e=0.9,h=1.0,n=30,start_thres=1.25",hub,0.25,10,17,40,1730,8,1,32,1729,0.2,0.0005780346820809,0.8888888888888888,0.1111111111111111,7.6505036340518435
tfnbs,"e=0.9,h=2.0,n=30,start_thres=1.25",hub,0.25,10,17,40,1730,8,1,32,1729,0.2,0.0005780346820809,0.8888888888888888,0.1111111111111111,7.6505036340518435
tfnbs,"e=0.9,h=3.0,n=30,start_thres=1.25",hub,0.25,10,17,40,1730,7,1,33,1729,0.175,0.0005780346820809,0.875,0.125,7.6505036340518435
tfnbs,"e=0.9,h=4.0,n=30,start_thres=1.25",hub,0.25,10,17,40,1730,2,1,38,1729,0.05,0.0005780346820809,0.6666666666666666,0.3333333333333333,7.6505036340518435
tfnbs,"e=0.9,h=5.0,n=30,start_thres=1.25",hub,0.25,10,17,40,1730,0,0,40,1730,0.0,0.0,0.0,0.0,7.6505036340518435
tfnbs,"e=0.9,h=6.0,n=30,start_thres=1.25",hub,0.25,10,17,40,1730,0,0,40,1730,0.0,0.0,0.0,0.0,7.6505036340518435
tfnbs,"e=0.9,h=7.0,n=30,start_thres=1.25",hub,0.25,10,17,40,1730,0,0,40,1730,0.0,0.0,0.0,0.0,7.6505036340518435
tfnbs,"e=0.9,h=8.0,n=30,start_thres=1.25",hub,0.25,10,17,40,1730,0,0,40,1730,0.0,0.0,0.0,0.0,7.6505036340518435
tfnbs,"e=0.9,h=9.0,n=30,start_thres=1.25",hub,0.25,10,17,40,1730,0,0,40,1730,0.0,0.0,0.0,0.0,7.6505036340518435
tfnbs,"e=0.9,h=10.0,n=30,start_thres=1.25",hub,0.25,10,17,40,1730,0,0,40,1730,0.0,0.0,0.0,0.0,7.6505036340518435
tfnbs,"e=1.0,h=0.5,n=30,start_thres=1.25",hub,0.25,10,17,40,1730,8,1,32,1729,0.2,0.0005780346820809,0.8888888888888888,0.1111111111111111,7.6505036340518435
tfnbs,"e=1.0,h=1.0,n=30,start_thres=1.25",hub,0.25,10,17,40,1730,8,2,32,1728,0.2,0.0011560693641618,0.8,0.2,7.6505036340518435
tfnbs,"e=1.0,h=2.0,n=30,start_thres=1.25",hub,0.25,10,17,40,1730,8,1,32,1729,0.2,0.0005780346820809,0.8888888888888888,0.1111111111111111,7.6505036340518435
tfnbs,"e=1.0,h=3.0,n=30,start_thres=1.25",hub,0.25,10,17,40,1730,7,1,33,1729,0.175,0.0005780346820809,0.875,0.125,7.6505036340518435
tfnbs,"e=1.0,h=4.0,n=30,start_thres=1.25",hub,0.25,10,17,40,1730,4,1,36,1729,0.1,0.0005780346820809,0.8,0.2,7.6505036340518435
tfnbs,"e=1.0,h=5.0,n=30,start_thres=1.25",hub,0.25,10,17,40,1730,1,0,39,1730,0.025,0.0,1.0,0.0,7.6505036340518435
tfnbs,"e=1.0,h=6.0,n=30,start_thres=1.25",hub,0.25,10,17,40,1730,0,0,40,1730,0.0,0.0,0.0,0.0,7.6505036340518435
tfnbs,"e=1.0,h=7.0,n=30,start_thres=1.25",hub,0.25,10,17,40,1730,0,0,40,1730,0.0,0.0,0.0,0.0,7.6505036340518435
tfnbs,"e=1.0,h=8.0,n=30,start_thres=1.25",hub,0.25,10,17,40,1730,0,0,40,1730,0.0,0.0,0.0,0.0,7.6505036340518435
tfnbs,"e=1.0,h=9.0,n=30,start_thres=1.25",hub,0.25,10,17,40,1730,0,0,40,1730,0.0,0.0,0.0,0.0,7.6505036340518435
tfnbs,"e=1.0,h=10.0,n=30,start_thres=1.25",hub,0.25,10,17,40,1730,0,0,40,1730,0.0,0.0,0.0,0.0,7.6505036340518435
tfnbs,"e=1.1,h=0.5,n=30,start_thres=1.25",hub,0.25,10,17,40,1730,8,1,32,1729,0.2,0.0005780346820809,0.8888888888888888,0.1111111111111111,7.6505036340518435
tfnbs,"e=1.1,h=1.0,n=30,start_thres=1.25",hub,0.25,10,17,40,1730,8,1,32,1729,0.2,0.0005780346820809,0.8888888888888888,0.1111111111111111,7.6505036340518435
tfnbs,"e=1.1,h=2.0,n=30,start_thres=1.25",hub,0.25,10,17,40,1730,8,2,32,1728,0.2,0.0011560693641618,0.8,0.2,7.6505036340518435
tfnbs,"e=1.1,h=3.0,n=30,start_thres=1.25",hub,0.25,10,17,40,1730,8,1,32,1729,0.2,0.0005780346820809,0.8888888888888888,0.1111111111111111,7.6505036340518435
tfnbs,"e=1.1,h=4.0,n=30,start_thres=1.25",hub,0.25,10,17,40,1730,7,1,33,1729,0.175,0.0005780346820809,0.875,0.125,7.6505036340518435
tfnbs,"e=1.1,h=5.0,n=30,start_thres=1.25",hub,0.25,10,17,40,1730,2,1,38,1729,0.05,0.0005780346820809,0.6666666666666666,0.3333333333333333,7.6505036340518435
tfnbs,"e=1.1,h=6.0,n=30,start_thres=1.25",hub,0.25,10,17,40,1730,0,0,40,1730,0.0,0.0,0.0,0.0,7.6505036340518435
tfnbs,"e=1.1,h=7.0,n=30,start_thres=1.25",hub,0.25,10,17,40,1730,0,0,40,1730,0.0,0.0,0.0,0.0,7.6505036340518435
tfnbs,"e=1.1,h=8.0,n=30,start_thres=1.25",hub,0.25,10,17,40,1730,0,0,40,1730,0.0,0.0,0.0,0.0,7.6505036340518435
tfnbs,"e=1.1,h=9.0,n=30,start_thres=1.25",hub,0.25,10,17,40,1730,0,0,40,1730,0.0,0.0,0.0,0.0,7.6505036340518435
tfnbs,"e=1.1,h=10.0,n=30,start_thres=1.25",hub,0.25,10,17,40,1730,0,0,40,1730,0.0,0.0,0.0,0.0,7.6505036340518435
tfnbs,"e=1.2,h=0.5,n=30,start_thres=1.25",hub,0.25,10,17,40,1730,8,1,32,1729,0.2,0.0005780346820809,0.8888888888888888,0.1111111111111111,7.6505036340518435
tfnbs,"e=1.2,h=1.0,n=30,start_thres=1.25",hub,0.25,10,17,40,1730,8,1,32,1729,0.2,0.0005780346820809,0.8888888888888888,0.1111111111111111,7.6505036340518435
tfnbs,"e=1.2,h=2.0,n=30,start_thres=1.25",hub,0.25,10,17,40,1730,8,2,32,1728,0.2,0.0011560693641618,0.8,0.2,7.6505036340518435
tfnbs,"e=1.2,h=3.0,n=30,start_thres=1.25",hub,0.25,10,17,40,1730,8,1,32,1729,0.2,0.0005780346820809,0.8888888888888888,0.1111111111111111,7.6505036340518435
tfnbs,"e=1.2,h=4.0,n=30,start_thres=1.25",hub,0.25,10,17,40,1730,8,1,32,1729,0.2,0.0005780346820809,0.8888888888888888,0.1111111111111111,7.6505036340518435
tfnbs,"e=1.2,h=5.0,n=30,start_thres=1.25",hub,0.25,10,17,40,1730,7,1,33,1729,0.175,0.0005780346820809,0.875,0.125,7.6505036340518435
tfnbs,"e=1.2,h=6.0,n=30,start_thres=1.25",hub,0.25,10,17,40,1730,2,0,38,1730,0.05,0.0,1.0,0.0,7.6505036340518435
tfnbs,"e=1.2,h=7.0,n=30,start_thres=1.25",hub,0.25,10,17,40,1730,0,0,40,1730,0.0,0.0,0.0,0.0,7.6505036340518435
tfnbs,"e=1.2,h=8.0,n=30,start_thres=1.25",hub,0.25,10,17,40,1730,0,0,40,1730,0.0,0.0,0.0,0.0,7.6505036340518435
tfnbs,"e=1.2,h=9.0,n=30,start_thres=1.25",hub,0.25,10,17,40,1730,0,0,40,1730,0.0,0.0,0.0,0.0,7.6505036340518435
tfnbs,"e=1.2,h=10.0,n=30,start_thres=1.25",hub,0.25,10,17,40,1730,0,0,40,1730,0.0,0.0,0.0,0.0,7.6505036340518435
tfnbs,"e=1.3,h=0.5,n=30,start_thres=1.25",hub,0.25,10,17,40,1730,3,1,37,1729,0.075,0.0005780346820809,0.75,0.25,7.6505036340518435
tfnbs,"e=1.3,h=1.0,n=30,start_thres=1.25",hub,0.25,10,17,40,1730,8,1,32,1729,0.2,0.0005780346820809,0.8888888888888888,0.1111111111111111,7.6505036340518435
tfnbs,"e=1.3,h=2.0,n=30,start_thres=1.25",hub,0.25,10,17,40,1730,8,2,32,1728,0.2,0.0011560693641618,0.8,0.2,7.6505036340518435
tfnbs,"e=1.3,h=3.0,n=30,start_thres=1.25",hub,0.25,10,17,40,1730,8,2,32,1728,0.2,0.0011560693641618,0.8,0.2,7.6505036340518435
tfnbs,"e=1.3,h=4.0,n=30,start_thres=1.25",hub,0.25,10,17,40,1730,8,2,32,1728,0.2,0.0011560693641618,0.8,0.2,7.6505036340518435
tfnbs,"e=1.3,h=5.0,n=30,start_thres=1.25",hub,0.25,10,17,40,1730,7,1,33,1729,0.175,0.0005780346820809,0.875,0.125,7.6505036340518435
tfnbs,"e=1.3,h=6.0,n=30,start_thres=1.25",hub,0.25,10,17,40,1730,4,1,36,1729,0.1,0.0005780346820809,0.8,0.2,7.6505036340518435
tfnbs,"e=1.3,h=7.0,n=30,start_thres=1.25",hub,0.25,10,17,40,1730,0,0,40,1730,0.0,0.0,0.0,0.0,7.6505036340518435
tfnbs,"e=1.3,h=8.0,n=30,start_thres=1.25",hub,0.25,10,17,40,1730,0,0,40,1730,0.0,0.0,0.0,0.0,7.6505036340518435
tfnbs,"e=1.3,h=9.0,n=30,start_thres=1.25",hub,0.25,10,17,40,1730,0,0,40,1730,0.0,0.0,0.0,0.0,7.6505036340518435
tfnbs,"e=1.3,h=10.0,n=30,start_thres=1.25",hub,0.25,10,17,40,1730,0,0,40,1730,0.0,0.0,0.0,0.0,7.6505036340518435
tfnbs,"e=1.4,h=0.5,n=30,start_thres=1.25",hub,0.25,10,17,40,1730,0,0,40,1730,0.0,0.0,0.0,0.0,7.6505036340518435
tfnbs,"e=1.4,h=1.0,n=30,start_thres=1.25",hub,0.25,10,17,40,1730,3,1,37,1729,0.075,0.0005780346820809,0.75,0.25,7.6505036340518435
tfnbs,"e=1.4,h=2.0,n=30,start_thres=1.25",hub,0.25,10,17,40,1730,8,2,32,1728,0.2,0.0011560693641618,0.8,0.2,7.6505036340518435
tfnbs,"e=1.4,h=3.0,n=30,start_thres=1.25",hub,0.25,10,17,40,1730,8,2,32,1728,0.2,0.0011560693641618,0.8,0.2,7.6505036340518435
tfnbs,"e=1.4,h=4.0,n=30,start_thres=1.25",hub,0.25,10,17,40,1730,8,2,32,1728,0.2,0.0011560693641618,0.8,0.2,7.6505036340518435
tfnbs,"e=1.4,h=5.0,n=30,start_thres=1.25",hub,0.25,10,17,40,1730,8,1,32,1729,0.2,0.0005780346820809,0.8888888888888888,0.1111111111111111,7.6505036340518435
tfnbs,"e=1.4,h=6.0,n=30,start_thres=1.25",hub,0.25,10,17,40,1730,7,1,33,1729,0.175,0.0005780346820809,0.875,0.125,7.6505036340518435
tfnbs,"e=1.4,h=7.0,n=30,start_thres=1.25",hub,0.25,10,17,40,1730,2,1,38,1729,0.05,0.0005780346820809,0.6666666666666666,0.3333333333333333,7.6505036340518435
tfnbs,"e=1.4,h=8.0,n=30,start_thres=1.25",hub,0.25,10,17,40,1730,0,0,40,1730,0.0,0.0,0.0,0.0,7.6505036340518435
tfnbs,"e=1.4,h=9.0,n=30,start_thres=1.25",hub,0.25,10,17,40,1730,0,0,40,1730,0.0,0.0,0.0,0.0,7.6505036340518435
tfnbs,"e=1.4,h=10.0,n=30,start_thres=1.25",hub,0.25,10,17,40,1730,0,0,40,1730,0.0,0.0,0.0,0.0,7.6505036340518435
tfnbs,"e=1.5,h=0.5,n=30,start_thres=1.25",hub,0.25,10,17,40,1730,0,0,40,1730,0.0,0.0,0.0,0.0,7.6505036340518435
tfnbs,"e=1.5,h=1.0,n=30,start_thres=1.25",hub,0.25,10,17,40,1730,0,0,40,1730,0.0,0.0,0.0,0.0,7.6505036340518435
tfnbs,"e=1.5,h=2.0,n=30,start_thres=1.25",hub,0.25,10,17,40,1730,8,1,32,1729,0.2,0.0005780346820809,0.8888888888888888,0.1111111111111111,7.6505036340518435
tfnbs,"e=1.5,h=3.0,n=30,start_thres=1.25",hub,0.25,10,17,40,1730,8,2,32,1728,0.2,0.0011560693641618,0.8,0.2,7.6505036340518435
tfnbs,"e=1.5,h=4.0,n=30,start_thres=1.25",hub,0.25,10,17,40,1730,8,2,32,1728,0.2,0.0011560693641618,0.8,0.2,7.6505036340518435
tfnbs,"e=1.5,h=5.0,n=30,start_thres=1.25",hub,0.25,10,17,40,1730,8,2,32,1728,0.2,0.0011560693641618,0.8,0.2,7.6505036340518435
tfnbs,"e=1.5,h=6.0,n=30,start_thres=1.25",hub,0.25,10,17,40,1730,7,1,33,1729,0.175,0.0005780346820809,0.875,0.125,7.6505036340518435
tfnbs,"e=1.5,h=7.0,n=30,start_thres=1.25",hub,0.25,10,17,40,1730,4,1,36,1729,0.1,0.0005780346820809,0.8,0.2,7.6505036340518435
tfnbs,"e=1.5,h=8.0,n=30,start_thres=1.25",hub,0.25,10,17,40,1730,1,0,39,1730,0.025,0.0,1.0,0.0,7.6505036340518435
tfnbs,"e=1.5,h=9.0,n=30,start_thres=1.25",hub,0.25,10,17,40,1730,0,0,40,1730,0.0,0.0,0.0,0.0,7.6505036340518435
tfnbs,"e=1.5,h=10.0,n=30,start_thres=1.25",hub,0.25,10,17,40,1730,0,0,40,1730,0.0,0.0,0.0,0.0,7.6505036340518435
tfnbs,"e=0.05,h=0.5,n=30,start_thres=1.25",hub,0.25,10,19,40,1730,0,0,40,1730,0.0,0.0,0.0,0.0,7.64803115346215
tfnbs,"e=0.05,h=1.0,n=30,start_thres=1.25",hub,0.25,10,19,40,1730,0,0,40,1730,0.0,0.0,0.0,0.0,7.64803115346215
tfnbs,"e=0.05,h=2.0,n=30,start_thres=1.25",hub,0.25,10,19,40,1730,0,0,40,1730,0.0,0.0,0.0,0.0,7.64803115346215
tfnbs,"e=0.05,h=3.0,n=30,start_thres=1.25",hub,0.25,10,19,40,1730,0,0,40,1730,0.0,0.0,0.0,0.0,7.64803115346215
tfnbs,"e=0.05,h=4.0,n=30,start_thres=1.25",hub,0.25,10,19,40,1730,0,0,40,1730,0.0,0.0,0.0,0.0,7.64803115346215
tfnbs,"e=0.05,h=5.0,n=30,start_thres=1.25",hub,0.25,10,19,40,1730,0,0,40,1730,0.0,0.0,0.0,0.0,7.64803115346215
tfnbs,"e=0.05,h=6.0,n=30,start_thres=1.25",hub,0.25,10,19,40,1730,0,0,40,1730,0.0,0.0,0.0,0.0,7.64803115346215
tfnbs,"e=0.05,h=7.0,n=30,start_thres=1.25",hub,0.25,10,19,40,1730,0,0,40,1730,0.0,0.0,0.0,0.0,7.64803115346215
tfnbs,"e=0.05,h=8.0,n=30,start_thres=1.25",hub,0.25,10,19,40,1730,0,0,40,1730,0.0,0.0,0.0,0.0,7.64803115346215
tfnbs,"e=0.05,h=9.0,n=30,start_thres=1.25",hub,0.25,10,19,40,1730,0,0,40,1730,0.0,0.0,0.0,0.0,7.64803115346215
tfnbs,"e=0.05,h=10.0,n=30,start_thres=1.25",hub,0.25,10,19,40,1730,0,0,40,1730,0.0,0.0,0.0,0.0,7.64803115346215
tfnbs,"e=0.1,h=0.5,n=30,start_thres=1.25",hub,0.25,10,19,40,1730,0,0,40,1730,0.0,0.0,0.0,0.0,7.64803115346215
tfnbs,"e=0.1,h=1.0,n=30,start_thres=1.25",hub,0.25,10,19,40,1730,0,0,40,1730,0.0,0.0,0.0,0.0,7.64803115346215
tfnbs,"e=0.1,h=2.0,n=30,start_thres=1.25",hub,0.25,10,19,40,1730,0,0,40,1730,0.0,0.0,0.0,0.0,7.64803115346215
tfnbs,"e=0.1,h=3.0,n=30,start_thres=1.25",hub,0.25,10,19,40,1730,0,0,40,1730,0.0,0.0,0.0,0.0,7.64803115346215
tfnbs,"e=0.1,h=4.0,n=30,start_thres=1.25",hub,0.25,10,19,40,1730,0,0,40,1730,0.0,0.0,0.0,0.0,7.64803115346215
tfnbs,"e=0.1,h=5.0,n=30,start_thres=1.25",hub,0.25,10,19,40,1730,0,0,40,1730,0.0,0.0,0.0,0.0,7.64803115346215
tfnbs,"e=0.1,h=6.0,n=30,start_thres=1.25",hub,0.25,10,19,40,1730,0,0,40,1730,0.0,0.0,0.0,0.0,7.64803115346215
tfnbs,"e=0.1,h=7.0,n=30,start_thres=1.25",hub,0.25,10,19,40,1730,0,0,40,1730,0.0,0.0,0.0,0.0,7.64803115346215
tfnbs,"e=0.1,h=8.0,n=30,start_thres=1.25",hub,0.25,10,19,40,1730,0,0,40,1730,0.0,0.0,0.0,0.0,7.64803115346215
tfnbs,"e=0.1,h=9.0,n=30,start_thres=1.25",hub,0.25,10,19,40,1730,0,0,40,1730,0.0,0.0,0.0,0.0,7.64803115346215
tfnbs,"e=0.1,h=10.0,n=30,start_thres=1.25",hub,0.25,10,19,40,1730,0,0,40,1730,0.0,0.0,0.0,0.0,7.64803115346215
tfnbs,"e=0.2,h=0.5,n=30,start_thres=1.25",hub,0.25,10,19,40,1730,0,0,40,1730,0.0,0.0,0.0,0.0,7.64803115346215
tfnbs,"e=0.2,h=1.0,n=30,start_thres=1.25",hub,0.25,10,19,40,1730,0,0,40,1730,0.0,0.0,0.0,0.0,7.64803115346215
tfnbs,"e=0.2,h=2.0,n=30,start_thres=1.25",hub,0.25,10,19,40,1730,0,0,40,1730,0.0,0.0,0.0,0.0,7.64803115346215
tfnbs,"e=0.2,h=3.0,n=30,start_thres=1.25",hub,0.25,10,19,40,1730,0,0,40,1730,0.0,0.0,0.0,0.0,7.64803115346215
tfnbs,"e=0.2,h=4.0,n=30,start_thres=1.25",hub,0.25,10,19,40,1730,0,0,40,1730,0.0,0.0,0.0,0.0,7.64803115346215
tfnbs,"e=0.2,h=5.0,n=30,start_thres=1.25",hub,0.25,10,19,40,1730,0,0,40,1730,0.0,0.0,0.0,0.0,7.64803115346215
tfnbs,"e=0.2,h=6.0,n=30,start_thres=1.25",hub,0.25,10,19,40,1730,0,0,40,1730,0.0,0.0,0.0,0.0,7.64803115346215
tfnbs,"e=0.2,h=7.0,n=30,start_thres=1.25",hub,0.25,10,19,40,1730,0,0,40,1730,0.0,0.0,0.0,0.0,7.64803115346215
tfnbs,"e=0.2,h=8.0,n=30,start_thres=1.25",hub,0.25,10,19,40,1730,0,0,40,1730,0.0,0.0,0.0,0.0,7.64803115346215
tfnbs,"e=0.2,h=9.0,n=30,start_thres=1.25",hub,0.25,10,19,40,1730,0,0,40,1730,0.0,0.0,0.0,0.0,7.64803115346215
tfnbs,"e=0.2,h=10.0,n=30,start_thres=1.25",hub,0.25,10,19,40,1730,0,0,40,1730,0.0,0.0,0.0,0.0,7.64803115346215
tfnbs,"e=0.3,h=0.5,n=30,start_thres=1.25",hub,0.25,10,19,40,1730,0,0,40,1730,0.0,0.0,0.0,0.0,7.64803115346215
tfnbs,"e=0.3,h=1.0,n=30,start_thres=1.25",hub,0.25,10,19,40,1730,0,0,40,1730,0.0,0.0,0.0,0.0,7.64803115346215
tfnbs,"e=0.3,h=2.0,n=30,start_thres=1.25",hub,0.25,10,19,40,1730,0,0,40,1730,0.0,0.0,0.0,0.0,7.64803115346215
tfnbs,"e=0.3,h=3.0,n=30,start_thres=1.25",hub,0.25,10,19,40,1730,0,0,40,1730,0.0,0.0,0.0,0.0,7.64803115346215
tfnbs,"e=0.3,h=4.0,n=30,start_thres=1.25",hub,0.25,10,19,40,1730,0,0,40,1730,0.0,0.0,0.0,0.0,7.64803115346215
tfnbs,"e=0.3,h=5.0,n=30,start_thres=1.25",hub,0.25,10,19,40,1730,0,0,40,1730,0.0,0.0,0.0,0.0,7.64803115346215
tfnbs,"e=0.3,h=6.0,n=30,start_thres=1.25",hub,0.25,10,19,40,1730,0,0,40,1730,0.0,0.0,0.0,0.0,7.64803115346215
tfnbs,"e=0.3,h=7.0,n=30,start_thres=1.25",hub,0.25,10,19,40,1730,0,0,40,1730,0.0,0.0,0.0,0.0,7.64803115346215
tfnbs,"e=0.3,h=8.0,n=30,start_thres=1.25",hub,0.25,10,19,40,1730,0,0,40,1730,0.0,0.0,0.0,0.0,7.64803115346215
tfnbs,"e=0.3,h=9.0,n=30,start_thres=1.25",hub,0.25,10,19,40,1730,0,0,40,1730,0.0,0.0,0.0,0.0,7.64803115346215
tfnbs,"e=0.3,h=10.0,n=30,start_thres=1.25",hub,0.25,10,19,40,1730,0,0,40,1730,0.0,0.0,0.0,0.0,7.64803115346215
tfnbs,"e=0.4,h=0.5,n=30,start_thres=1.25",hub,0.25,10,19,40,1730,0,0,40,1730,0.0,0.0,0.0,0.0,7.64803115346215
tfnbs,"e=0.4,h=1.0,n=30,start_thres=1.25",hub,0.25,10,19,40,1730,0,0,40,1730,0.0,0.0,0.0,0.0,7.64803115346215
tfnbs,"e=0.4,h=2.0,n=30,start_thres=1.25",hub,0.25,10,19,40,1730,0,0,40,1730,0.0,0.0,0.0,0.0,7.64803115346215
tfnbs,"e=0.4,h=3.0,n=30,start_thres=1.25",hub,0.25,10,19,40,1730,0,0,40,1730,0.0,0.0,0.0,0.0,7.64803115346215
tfnbs,"e=0.4,h=4.0,n=30,start_thres=1.25",hub,0.25,10,19,40,1730,0,0,40,1730,0.0,0.0,0.0,0.0,7.64803115346215
tfnbs,"e=0.4,h=5.0,n=30,start_thres=1.25",hub,0.25,10,19,40,1730,0,0,40,1730,0.0,0.0,0.0,0.0,7.64803115346215
tfnbs,"e=0.4,h=6.0,n=30,start_thres=1.25",hub,0.25,10,19,40,1730,0,0,40,1730,0.0,0.0,0.0,0.0,7.64803115346215
tfnbs,"e=0.4,h=7.0,n=30,start_thres=1.25",hub,0.25,10,19,40,1730,0,0,40,1730,0.0,0.0,0.0,0.0,7.64803115346215
tfnbs,"e=0.4,h=8.0,n=30,start_thres=1.25",hub,0.25,10,19,40,1730,0,0,40,1730,0.0,0.0,0.0,0.0,7.64803115346215
tfnbs,"e=0.4,h=9.0,n=30,start_thres=1.25",hub,0.25,10,19,40,1730,0,0,40,1730,0.0,0.0,0.0,0.0,7.64803115346215
tfnbs,"e=0.4,h=10.0,n=30,start_thres=1.25",hub,0.25,10,19,40,1730,0,0,40,1730,0.0,0.0,0.0,0.0,7.64803115346215
tfnbs,"e=0.5,h=0.5,n=30,start_thres=1.25",hub,0.25,10,19,40,1730,0,0,40,1730,0.0,0.0,0.0,0.0,7.64803115346215
tfnbs,"e=0.5,h=1.0,n=30,start_thres=1.25",hub,0.25,10,19,40,1730,0,0,40,1730,0.0,0.0,0.0,0.0,7.64803115346215
tfnbs,"e=0.5,h=2.0,n=30,start_thres=1.25",hub,0.25,10,19,40,1730,0,0,40,1730,0.0,0.0,0.0,0.0,7.64803115346215
tfnbs,"e=0.5,h=3.0,n=30,start_thres=1.25",hub,0.25,10,19,40,1730,0,0,40,1730,0.0,0.0,0.0,0.0,7.64803115346215
tfnbs,"e=0.5,h=4.0,n=30,start_thres=1.25",hub,0.25,10,19,40,1730,0,0,40,1730,0.0,0.0,0.0,0.0,7.64803115346215
tfnbs,"e=0.5,h=5.0,n=30,start_thres=1.25",hub,0.25,10,19,40,1730,0,0,40,1730,0.0,0.0,0.0,0.0,7.64803115346215
tfnbs,"e=0.5,h=6.0,n=30,start_thres=1.25",hub,0.25,10,19,40,1730,0,0,40,1730,0.0,0.0,0.0,0.0,7.64803115346215
tfnbs,"e=0.5,h=7.0,n=30,start_thres=1.25",hub,0.25,10,19,40,1730,0,0,40,1730,0.0,0.0,0.0,0.0,7.64803115346215
tfnbs,"e=0.5,h=8.0,n=30,start_thres=1.25",hub,0.25,10,19,40,1730,0,0,40,1730,0.0,0.0,0.0,0.0,7.64803115346215
tfnbs,"e=0.5,h=9.0,n=30,start_thres=1.25",hub,0.25,10,19,40,1730,0,0,40,1730,0.0,0.0,0.0,0.0,7.64803115346215
tfnbs,"e=0.5,h=10.0,n=30,start_thres=1.25",hub,0.25,10,19,40,1730,0,0,40,1730,0.0,0.0,0.0,0.0,7.64803115346215
tfnbs,"e=0.6,h=0.5,n=30,start_thres=1.25",hub,0.25,10,19,40,1730,0,0,40,1730,0.0,0.0,0.0,0.0,7.64803115346215
tfnbs,"e=0.6,h=1.0,n=30,start_thres=1.25",hub,0.25,10,19,40,1730,0,0,40,1730,0.0,0.0,0.0,0.0,7.64803115346215
tfnbs,"e=0.6,h=2.0,n=30,start_thres=1.25",hub,0.25,10,19,40,1730,0,0,40,1730,0.0,0.0,0.0,0.0,7.64803115346215
tfnbs,"e=0.6,h=3.0,n=30,start_thres=1.25",hub,0.25,10,19,40,1730,0,0,40,1730,0.0,0.0,0.0,0.0,7.64803115346215
tfnbs,"e=0.6,h=4.0,n=30,start_thres=1.25",hub,0.25,10,19,40,1730,0,0,40,1730,0.0,0.0,0.0,0.0,7.64803115346215
tfnbs,"e=0.6,h=5.0,n=30,start_thres=1.25",hub,0.25,10,19,40,1730,0,0,40,1730,0.0,0.0,0.0,0.0,7.64803115346215
tfnbs,"e=0.6,h=6.0,n=30,start_thres=1.25",hub,0.25,10,19,40,1730,0,0,40,1730,0.0,0.0,0.0,0.0,7.64803115346215
tfnbs,"e=0.6,h=7.0,n=30,start_thres=1.25",hub,0.25,10,19,40,1730,0,0,40,1730,0.0,0.0,0.0,0.0,7.64803115346215
tfnbs,"e=0.6,h=8.0,n=30,start_thres=1.25",hub,0.25,10,19,40,1730,0,0,40,1730,0.0,0.0,0.0,0.0,7.64803115346215
tfnbs,"e=0.6,h=9.0,n=30,start_thres=1.25",hub,0.25,10,19,40,1730,0,0,40,1730,0.0,0.0,0.0,0.0,7.64803115346215
tfnbs,"e=0.6,h=10.0,n=30,start_thres=1.25",hub,0.25,10,19,40,1730,0,0,40,1730,0.0,0.0,0.0,0.0,7.64803115346215
tfnbs,"e=0.7,h=0.5,n=30,start_thres=1.25",hub,0.25,10,19,40,1730,0,0,40,1730,0.0,0.0,0.0,0.0,7.64803115346215
tfnbs,"e=0.7,h=1.0,n=30,start_thres=1.25",hub,0.25,10,19,40,1730,0,0,40,1730,0.0,0.0,0.0,0.0,7.64803115346215
tfnbs,"e=0.7,h=2.0,n=30,start_thres=1.25",hub,0.25,10,19,40,1730,0,0,40,1730,0.0,0.0,0.0,0.0,7.64803115346215
tfnbs,"e=0.7,h=3.0,n=30,start_thres=1.25",hub,0.25,10,19,40,1730,0,0,40,1730,0.0,0.0,0.0,0.0,7.64803115346215
tfnbs,"e=0.7,h=4.0,n=30,start_thres=1.25",hub,0.25,10,19,40,1730,0,0,40,1730,0.0,0.0,0.0,0.0,7.64803115346215
tfnbs,"e=0.7,h=5.0,n=30,start_thres=1.25",hub,0.25,10,19,40,1730,0,0,40,1730,0.0,0.0,0.0,0.0,7.64803115346215
tfnbs,"e=0.7,h=6.0,n=30,start_thres=1.25",hub,0.25,10,19,40,1730,0,0,40,1730,0.0,0.0,0.0,0.0,7.64803115346215
tfnbs,"e=0.7,h=7.0,n=30,start_thres=1.25",hub,0.25,10,19,40,1730,0,0,40,1730,0.0,0.0,0.0,0.0,7.64803115346215
tfnbs,"e=0.7,h=8.0,n=30,start_thres=1.25",hub,0.25,10,19,40,1730,0,0,40,1730,0.0,0.0,0.0,0.0,7.64803115346215
tfnbs,"e=0.7,h=9.0,n=30,start_thres=1.25",hub,0.25,10,19,40,1730,0,0,40,1730,0.0,0.0,0.0,0.0,7.64803115346215
tfnbs,"e=0.7,h=10.0,n=30,start_thres=1.25",hub,0.25,10,19,40,1730,0,0,40,1730,0.0,0.0,0.0,0.0,7.64803115346215
tfnbs,"e=0.8,h=0.5,n=30,start_thres=1.25",hub,0.25,10,19,40,1730,0,0,40,1730,0.0,0.0,0.0,0.0,7.64803115346215
tfnbs,"e=0.8,h=1.0,n=30,start_thres=1.25",hub,0.25,10,19,40,1730,0,0,40,1730,0.0,0.0,0.0,0.0,7.64803115346215
tfnbs,"e=0.8,h=2.0,n=30,start_thres=1.25",hub,0.25,10,19,40,1730,0,0,40,1730,0.0,0.0,0.0,0.0,7.64803115346215
tfnbs,"e=0.8,h=3.0,n=30,start_thres=1.25",hub,0.25,10,19,40,1730,0,0,40,1730,0.0,0.0,0.0,0.0,7.64803115346215
tfnbs,"e=0.8,h=4.0,n=30,start_thres=1.25",hub,0.25,10,19,40,1730,0,0,40,1730,0.0,0.0,0.0,0.0,7.64803115346215
tfnbs,"e=0.8,h=5.0,n=30,start_thres=1.25",hub,0.25,10,19,40,1730,0,0,40,1730,0.0,0.0,0.0,0.0,7.64803115346215
tfnbs,"e=0.8,h=6.0,n=30,start_thres=1.25",hub,0.25,10,19,40,1730,0,0,40,1730,0.0,0.0,0.0,0.0,7.64803115346215
tfnbs,"e=0.8,h=7.0,n=30,start_thres=1.25",hub,0.25,10,19,40,1730,0,0,40,1730,0.0,0.0,0.0,0.0,7.64803115346215
tfnbs,"e=0.8,h=8.0,n=30,start_thres=1.25",hub,0.25,10,19,40,1730,0,0,40,1730,0.0,0.0,0.0,0.0,7.64803115346215
tfnbs,"e=0.8,h=9.0,n=30,start_thres=1.25",hub,0.25,10,19,40,1730,0,0,40,1730,0.0,0.0,0.0,0.0,7.64803115346215
tfnbs,"e=0.8,h=10.0,n=30,start_thres=1.25",hub,0.25,10,19,40,1730,0,0,40,1730,0.0,0.0,0.0,0.0,7.64803115346215
tfnbs,"e=0.9,h=0.5,n=30,start_thres=1.25",hub,0.25,10,19,40,1730,0,0,40,1730,0.0,0.0,0.0,0.0,7.64803115346215
tfnbs,"e=0.9,h=1.0,n=30,start_thres=1.25",hub,0.25,10,19,40,1730,0,0,40,1730,0.0,0.0,0.0,0.0,7.64803115346215
tfnbs,"e=0.9,h=2.0,n=30,start_thres=1.25",hub,0.25,10,19,40,1730,0,0,40,1730,0.0,0.0,0.0,0.0,7.64803115346215
tfnbs,"e=0.9,h=3.0,n=30,start_thres=1.25",hub,0.25,10,19,40,1730,0,0,40,1730,0.0,0.0,0.0,0.0,7.64803115346215
tfnbs,"e=0.9,h=4.0,n=30,start_thres=1.25",hub,0.25,10,19,40,1730,0,0,40,1730,0.0,0.0,0.0,0.0,7.64803115346215
tfnbs,"e=0.9,h=5.0,n=30,start_thres=1.25",hub,0.25,10,19,40,1730,0,0,40,1730,0.0,0.0,0.0,0.0,7.64803115346215
tfnbs,"e=0.9,h=6.0,n=30,start_thres=1.25",hub,0.25,10,19,40,1730,0,0,40,1730,0.0,0.0,0.0,0.0,7.64803115346215
tfnbs,"e=0.9,h=7.0,n=30,start_thres=1.25",hub,0.25,10,19,40,1730,0,0,40,1730,0.0,0.0,0.0,0.0,7.64803115346215
tfnbs,"e=0.9,h=8.0,n=30,start_thres=1.25",hub,0.25,10,19,40,1730,0,0,40,1730,0.0,0.0,0.0,0.0,7.64803115346215
tfnbs,"e=0.9,h=9.0,n=30,start_thres=1.25",hub,0.25,10,19,40,1730,0,0,40,1730,0.0,0.0,0.0,0.0,7.64803115346215
tfnbs,"e=0.9,h=10.0,n=30,start_thres=1.25",hub,0.25,10,19,40,1730,0,0,40,1730,0.0,0.0,0.0,0.0,7.64803115346215
tfnbs,"e=1.0,h=0.5,n=30,start_thres=1.25",hub,0.25,10,19,40,1730,0,0,40,1730,0.0,0.0,0.0,0.0,7.64803115346215
tfnbs,"e=1.0,h=1.0,n=30,start_thres=1.25",hub,0.25,10,19,40,1730,0,0,40,1730,0.0,0.0,0.0,0.0,7.64803115346215
tfnbs,"e=1.0,h=2.0,n=30,start_thres=1.25",hub,0.25,10,19,40,1730,0,0,40,1730,0.0,0.0,0.0,0.0,7.64803115346215
tfnbs,"e=1.0,h=3.0,n=30,start_thres=1.25",hub,0.25,10,19,40,1730,0,0,40,1730,0.0,0.0,0.0,0.0,7.64803115346215
tfnbs,"e=1.0,h=4.0,n=30,start_thres=1.25",hub,0.25,10,19,40,1730,0,0,40,1730,0.0,0.0,0.0,0.0,7.64803115346215
tfnbs,"e=1.0,h=5.0,n=30,start_thres=1.25",hub,0.25,10,19,40,1730,0,0,40,1730,0.0,0.0,0.0,0.0,7.64803115346215
tfnbs,"e=1.0,h=6.0,n=30,start_thres=1.25",hub,0.25,10,19,40,1730,0,0,40,1730,0.0,0.0,0.0,0.0,7.64803115346215
tfnbs,"e=1.0,h=7.0,n=30,start_thres=1.25",hub,0.25,10,19,40,1730,0,0,40,1730,0.0,0.0,0.0,0.0,7.64803115346215
tfnbs,"e=1.0,h=8.0,n=30,start_thres=1.25",hub,0.25,10,19,40,1730,0,0,40,1730,0.0,0.0,0.0,0.0,7.64803115346215
tfnbs,"e=1.0,h=9.0,n=30,start_thres=1.25",hub,0.25,10,19,40,1730,0,0,40,1730,0.0,0.0,0.0,0.0,7.64803115346215
tfnbs,"e=1.0,h=10.0,n=30,start_thres=1.25",hub,0.25,10,19,40,1730,0,0,40,1730,0.0,0.0,0.0,0.0,7.64803115346215
tfnbs,"e=1.1,h=0.5,n=30,start_thres=1.25",hub,0.25,10,19,40,1730,0,0,40,1730,0.0,0.0,0.0,0.0,7.64803115346215
tfnbs,"e=1.1,h=1.0,n=30,start_thres=1.25",hub,0.25,10,19,40,1730,0,0,40,1730,0.0,0.0,0.0,0.0,7.64803115346215
tfnbs,"e=1.1,h=2.0,n=30,start_thres=1.25",hub,0.25,10,19,40,1730,0,0,40,1730,0.0,0.0,0.0,0.0,7.64803115346215
tfnbs,"e=1.1,h=3.0,n=30,start_thres=1.25",hub,0.25,10,19,40,1730,0,0,40,1730,0.0,0.0,0.0,0.0,7.64803115346215
tfnbs,"e=1.1,h=4.0,n=30,start_thres=1.25",hub,0.25,10,19,40,1730,0,0,40,1730,0.0,0.0,0.0,0.0,7.64803115346215
tfnbs,"e=1.1,h=5.0,n=30,start_thres=1.25",hub,0.25,10,19,40,1730,0,0,40,1730,0.0,0.0,0.0,0.0,7.64803115346215
tfnbs,"e=1.1,h=6.0,n=30,start_thres=1.25",hub,0.25,10,19,40,1730,0,0,40,1730,0.0,0.0,0.0,0.0,7.64803115346215
tfnbs,"e=1.1,h=7.0,n=30,start_thres=1.25",hub,0.25,10,19,40,1730,0,0,40,1730,0.0,0.0,0.0,0.0,7.64803115346215
tfnbs,"e=1.1,h=8.0,n=30,start_thres=1.25",hub,0.25,10,19,40,1730,0,0,40,1730,0.0,0.0,0.0,0.0,7.64803115346215
tfnbs,"e=1.1,h=9.0,n=30,start_thres=1.25",hub,0.25,10,19,40,1730,0,0,40,1730,0.0,0.0,0.0,0.0,7.64803115346215
tfnbs,"e=1.1,h=10.0,n=30,start_thres=1.25",hub,0.25,10,19,40,1730,0,0,40,1730,0.0,0.0,0.0,0.0,7.64803115346215
tfnbs,"e=1.2,h=0.5,n=30,start_thres=1.25",hub,0.25,10,19,40,1730,0,0,40,1730,0.0,0.0,0.0,0.0,7.64803115346215
tfnbs,"e=1.2,h=1.0,n=30,start_thres=1.25",hub,0.25,10,19,40,1730,0,0,40,1730,0.0,0.0,0.0,0.0,7.64803115346215
tfnbs,"e=1.2,h=2.0,n=30,start_thres=1.25",hub,0.25,10,19,40,1730,0,0,40,1730,0.0,0.0,0.0,0.0,7.64803115346215
tfnbs,"e=1.2,h=3.0,n=30,start_thres=1.25",hub,0.25,10,19,40,1730,0,0,40,1730,0.0,0.0,0.0,0.0,7.64803115346215
tfnbs,"e=1.2,h=4.0,n=30,start_thres=1.25",hub,0.25,10,19,40,1730,0,0,40,1730,0.0,0.0,0.0,0.0,7.64803115346215
tfnbs,"e=1.2,h=5.0,n=30,start_thres=1.25",hub,0.25,10,19,40,1730,0,0,40,1730,0.0,0.0,0.0,0.0,7.64803115346215
tfnbs,"e=1.2,h=6.0,n=30,start_thres=1.25",hub,0.25,10,19,40,1730,0,0,40,1730,0.0,0.0,0.0,0.0,7.64803115346215
tfnbs,"e=1.2,h=7.0,n=30,start_thres=1.25",hub,0.25,10,19,40,1730,0,0,40,1730,0.0,0.0,0.0,0.0,7.64803115346215
tfnbs,"e=1.2,h=8.0,n=30,start_thres=1.25",hub,0.25,10,19,40,1730,0,0,40,1730,0.0,0.0,0.0,0.0,7.64803115346215
tfnbs,"e=1.2,h=9.0,n=30,start_thres=1.25",hub,0.25,10,19,40,1730,0,0,40,1730,0.0,0.0,0.0,0.0,7.64803115346215
tfnbs,"e=1.2,h=10.0,n=30,start_thres=1.25",hub,0.25,10,19,40,1730,0,0,40,1730,0.0,0.0,0.0,0.0,7.64803115346215
tfnbs,"e=1.3,h=0.5,n=30,start_thres=1.25",hub,0.25,10,19,40,1730,0,0,40,1730,0.0,0.0,0.0,0.0,7.64803115346215
tfnbs,"e=1.3,h=1.0,n=30,start_thres=1.25",hub,0.25,10,19,40,1730,0,0,40,1730,0.0,0.0,0.0,0.0,7.64803115346215
tfnbs,"e=1.3,h=2.0,n=30,start_thres=1.25",hub,0.25,10,19,40,1730,0,0,40,1730,0.0,0.0,0.0,0.0,7.64803115346215
tfnbs,"e=1.3,h=3.0,n=30,start_thres=1.25",hub,0.25,10,19,40,1730,0,0,40,1730,0.0,0.0,0.0,0.0,7.64803115346215
tfnbs,"e=1.3,h=4.0,n=30,start_thres=1.25",hub,0.25,10,19,40,1730,0,0,40,1730,0.0,0.0,0.0,0.0,7.64803115346215
tfnbs,"e=1.3,h=5.0,n=30,start_thres=1.25",hub,0.25,10,19,40,1730,0,0,40,1730,0.0,0.0,0.0,0.0,7.64803115346215
tfnbs,"e=1.3,h=6.0,n=30,start_thres=1.25",hub,0.25,10,19,40,1730,0,0,40,1730,0.0,0.0,0.0,0.0,7.64803115346215
tfnbs,"e=1.3,h=7.0,n=30,start_thres=1.25",hub,0.25,10,19,40,1730,0,0,40,1730,0.0,0.0,0.0,0.0,7.64803115346215
tfnbs,"e=1.3,h=8.0,n=30,start_thres=1.25",hub,0.25,10,19,40,1730,0,0,40,1730,0.0,0.0,0.0,0.0,7.64803115346215
tfnbs,"e=1.3,h=9.0,n=30,start_thres=1.25",hub,0.25,10,19,40,1730,0,0,40,1730,0.0,0.0,0.0,0.0,7.64803115346215
tfnbs,"e=1.3,h=10.0,n=30,start_thres=1.25",hub,0.25,10,19,40,1730,0,0,40,1730,0.0,0.0,0.0,0.0,7.64803115346215
tfnbs,"e=1.4,h=0.5,n=30,start_thres=1.25",hub,0.25,10,19,40,1730,0,0,40,1730,0.0,0.0,0.0,0.0,7.64803115346215
tfnbs,"e=1.4,h=1.0,n=30,start_thres=1.25",hub,0.25,10,19,40,1730,0,0,40,1730,0.0,0.0,0.0,0.0,7.64803115346215
tfnbs,"e=1.4,h=2.0,n=30,start_thres=1.25",hub,0.25,10,19,40,1730,0,0,40,1730,0.0,0.0,0.0,0.0,7.64803115346215
tfnbs,"e=1.4,h=3.0,n=30,start_thres=1.25",hub,0.25,10,19,40,1730,0,0,40,1730,0.0,0.0,0.0,0.0,7.64803115346215
tfnbs,"e=1.4,h=4.0,n=30,start_thres=1.25",hub,0.25,10,19,40,1730,0,0,40,1730,0.0,0.0,0.0,0.0,7.64803115346215
tfnbs,"e=1.4,h=5.0,n=30,start_thres=1.25",hub,0.25,10,19,40,1730,0,0,40,1730,0.0,0.0,0.0,0.0,7.64803115346215
tfnbs,"e=1.4,h=6.0,n=30,start_thres=1.25",hub,0.25,10,19,40,1730,0,0,40,1730,0.0,0.0,0.0,0.0,7.64803115346215
tfnbs,"e=1.4,h=7.0,n=30,start_thres=1.25",hub,0.25,10,19,40,1730,0,0,40,1730,0.0,0.0,0.0,0.0,7.64803115346215
tfnbs,"e=1.4,h=8.0,n=30,start_thres=1.25",hub,0.25,10,19,40,1730,0,0,40,1730,0.0,0.0,0.0,0.0,7.64803115346215
tfnbs,"e=1.4,h=9.0,n=30,start_thres=1.25",hub,0.25,10,19,40,1730,0,0,40,1730,0.0,0.0,0.0,0.0,7.64803115346215
tfnbs,"e=1.4,h=10.0,n=30,start_thres=1.25",hub,0.25,10,19,40,1730,0,0,40,1730,0.0,0.0,0.0,0.0,7.64803115346215
tfnbs,"e=1.5,h=0.5,n=30,start_thres=1.25",hub,0.25,10,19,40,1730,0,0,40,1730,0.0,0.0,0.0,0.0,7.64803115346215
tfnbs,"e=1.5,h=1.0,n=30,start_thres=1.25",hub,0.25,10,19,40,1730,0,0,40,1730,0.0,0.0,0.0,0.0,7.64803115346215
tfnbs,"e=1.5,h=2.0,n=30,start_thres=1.25",hub,0.25,10,19,40,1730,0,0,40,1730,0.0,0.0,0.0,0.0,7.64803115346215
tfnbs,"e=1.5,h=3.0,n=30,start_thres=1.25",hub,0.25,10,19,40,1730,0,0,40,1730,0.0,0.0,0.0,0.0,7.64803115346215
tfnbs,"e=1.5,h=4.0,n=30,start_thres=1.25",hub,0.25,10,19,40,1730,0,0,40,1730,0.0,0.0,0.0,0.0,7.64803115346215
tfnbs,"e=1.5,h=5.0,n=30,start_thres=1.25",hub,0.25,10,19,40,1730,0,0,40,1730,0.0,0.0,0.0,0.0,7.64803115346215
tfnbs,"e=1.5,h=6.0,n=30,start_thres=1.25",hub,0.25,10,19,40,1730,0,0,40,1730,0.0,0.0,0.0,0.0,7.64803115346215
tfnbs,"e=1.5,h=7.0,n=30,start_thres=1.25",hub,0.25,10,19,40,1730,0,0,40,1730,0.0,0.0,0.0,0.0,7.64803115346215
tfnbs,"e=1.5,h=8.0,n=30,start_thres=1.25",hub,0.25,10,19,40,1730,0,0,40,1730,0.0,0.0,0.0,0.0,7.64803115346215
tfnbs,"e=1.5,h=9.0,n=30,start_thres=1.25",hub,0.25,10,19,40,1730,0,0,40,1730,0.0,0.0,0.0,0.0,7.64803115346215
tfnbs,"e=1.5,h=10.0,n=30,start_thres=1.25",hub,0.25,10,19,40,1730,0,0,40,1730,0.0,0.0,0.0,0.0,7.64803115346215
tfnbs,"e=0.05,h=0.5,n=30,start_thres=1.25",hub,0.25,10,15,40,1730,0,0,40,1730,0.0,0.0,0.0,0.0,7.661478425968777
tfnbs,"e=0.05,h=1.0,n=30,start_thres=1.25",hub,0.25,10,15,40,1730,0,0,40,1730,0.0,0.0,0.0,0.0,7.661478425968777
tfnbs,"e=0.05,h=2.0,n=30,start_thres=1.25",hub,0.25,10,15,40,1730,0,0,40,1730,0.0,0.0,0.0,0.0,7.661478425968777
tfnbs,"e=0.05,h=3.0,n=30,start_thres=1.25",hub,0.25,10,15,40,1730,0,0,40,1730,0.0,0.0,0.0,0.0,7.661478425968777
tfnbs,"e=0.05,h=4.0,n=30,start_thres=1.25",hub,0.25,10,15,40,1730,0,0,40,1730,0.0,0.0,0.0,0.0,7.661478425968777
tfnbs,"e=0.05,h=5.0,n=30,start_thres=1.25",hub,0.25,10,15,40,1730,0,0,40,1730,0.0,0.0,0.0,0.0,7.661478425968777
tfnbs,"e=0.05,h=6.0,n=30,start_thres=1.25",hub,0.25,10,15,40,1730,0,0,40,1730,0.0,0.0,0.0,0.0,7.661478425968777
tfnbs,"e=0.05,h=7.0,n=30,start_thres=1.25",hub,0.25,10,15,40,1730,0,0,40,1730,0.0,0.0,0.0,0.0,7.661478425968777
tfnbs,"e=0.05,h=8.0,n=30,start_thres=1.25",hub,0.25,10,15,40,1730,0,0,40,1730,0.0,0.0,0.0,0.0,7.661478425968777
tfnbs,"e=0.05,h=9.0,n=30,start_thres=1.25",hub,0.25,10,15,40,1730,0,0,40,1730,0.0,0.0,0.0,0.0,7.661478425968777
tfnbs,"e=0.05,h=10.0,n=30,start_thres=1.25",hub,0.25,10,15,40,1730,0,0,40,1730,0.0,0.0,0.0,0.0,7.661478425968777
tfnbs,"e=0.1,h=0.5,n=30,start_thres=1.25",hub,0.25,10,15,40,1730,0,0,40,1730,0.0,0.0,0.0,0.0,7.661478425968777
tfnbs,"e=0.1,h=1.0,n=30,start_thres=1.25",hub,0.25,10,15,40,1730,0,0,40,1730,0.0,0.0,0.0,0.0,7.661478425968777
tfnbs,"e=0.1,h=2.0,n=30,start_thres=1.25",hub,0.25,10,15,40,1730,0,0,40,1730,0.0,0.0,0.0,0.0,7.661478425968777
tfnbs,"e=0.1,h=3.0,n=30,start_thres=1.25",hub,0.25,10,15,40,1730,0,0,40,1730,0.0,0.0,0.0,0.0,7.661478425968777
tfnbs,"e=0.1,h=4.0,n=30,start_thres=1.25",hub,0.25,10,15,40,1730,0,0,40,1730,0.0,0.0,0.0,0.0,7.661478425968777
tfnbs,"e=0.1,h=5.0,n=30,start_thres=1.25",hub,0.25,10,15,40,1730,0,0,40,1730,0.0,0.0,0.0,0.0,7.661478425968777
tfnbs,"e=0.1,h=6.0,n=30,start_thres=1.25",hub,0.25,10,15,40,1730,0,0,40,1730,0.0,0.0,0.0,0.0,7.661478425968777
tfnbs,"e=0.1,h=7.0,n=30,start_thres=1.25",hub,0.25,10,15,40,1730,0,0,40,1730,0.0,0.0,0.0,0.0,7.661478425968777
tfnbs,"e=0.1,h=8.0,n=30,start_thres=1.25",hub,0.25,10,15,40,1730,0,0,40,1730,0.0,0.0,0.0,0.0,7.661478425968777
tfnbs,"e=0.1,h=9.0,n=30,start_thres=1.25",hub,0.25,10,15,40,1730,0,0,40,1730,0.0,0.0,0.0,0.0,7.661478425968777
tfnbs,"e=0.1,h=10.0,n=30,start_thres=1.25",hub,0.25,10,15,40,1730,0,0,40,1730,0.0,0.0,0.0,0.0,7.661478425968777
tfnbs,"e=0.2,h=0.5,n=30,start_thres=1.25",hub,0.25,10,15,40,1730,0,0,40,1730,0.0,0.0,0.0,0.0,7.661478425968777
tfnbs,"e=0.2,h=1.0,n=30,start_thres=1.25",hub,0.25,10,15,40,1730,0,0,40,1730,0.0,0.0,0.0,0.0,7.661478425968777
tfnbs,"e=0.2,h=2.0,n=30,start_thres=1.25",hub,0.25,10,15,40,1730,0,0,40,1730,0.0,0.0,0.0,0.0,7.661478425968777
tfnbs,"e=0.2,h=3.0,n=30,start_thres=1.25",hub,0.25,10,15,40,1730,0,0,40,1730,0.0,0.0,0.0,0.0,7.661478425968777
tfnbs,"e=0.2,h=4.0,n=30,start_thres=1.25",hub,0.25,10,15,40,1730,0,0,40,1730,0.0,0.0,0.0,0.0,7.661478425968777
tfnbs,"e=0.2,h=5.0,n=30,start_thres=1.25",hub,0.25,10,15,40,1730,0,0,40,1730,0.0,0.0,0.0,0.0,7.661478425968777
tfnbs,"e=0.2,h=6.0,n=30,start_thres=1.25",hub,0.25,10,15,40,1730,0,0,40,1730,0.0,0.0,0.0,0.0,7.661478425968777
tfnbs,"e=0.2,h=7.0,n=30,start_thres=1.25",hub,0.25,10,15,40,1730,0,0,40,1730,0.0,0.0,0.0,0.0,7.661478425968777
tfnbs,"e=0.2,h=8.0,n=30,start_thres=1.25",hub,0.25,10,15,40,1730,0,0,40,1730,0.0,0.0,0.0,0.0,7.661478425968777
tfnbs,"e=0.2,h=9.0,n=30,start_thres=1.25",hub,0.25,10,15,40,1730,0,0,40,1730,0.0,0.0,0.0,0.0,7.661478425968777
tfnbs,"e=0.2,h=10.0,n=30,start_thres=1.25",hub,0.25,10,15,40,1730,0,0,40,1730,0.0,0.0,0.0,0.0,7.661478425968777
tfnbs,"e=0.3,h=0.5,n=30,start_thres=1.25",hub,0.25,10,15,40,1730,0,0,40,1730,0.0,0.0,0.0,0.0,7.661478425968777
tfnbs,"e=0.3,h=1.0,n=30,start_thres=1.25",hub,0.25,10,15,40,1730,0,0,40,1730,0.0,0.0,0.0,0.0,7.661478425968777
tfnbs,"e=0.3,h=2.0,n=30,start_thres=1.25",hub,0.25,10,15,40,1730,0,0,40,1730,0.0,0.0,0.0,0.0,7.661478425968777
tfnbs,"e=0.3,h=3.0,n=30,start_thres=1.25",hub,0.25,10,15,40,1730,0,0,40,1730,0.0,0.0,0.0,0.0,7.661478425968777
tfnbs,"e=0.3,h=4.0,n=30,start_thres=1.25",hub,0.25,10,15,40,1730,0,0,40,1730,0.0,0.0,0.0,0.0,7.661478425968777
tfnbs,"e=0.3,h=5.0,n=30,start_thres=1.25",hub,0.25,10,15,40,1730,0,0,40,1730,0.0,0.0,0.0,0.0,7.661478425968777
tfnbs,"e=0.3,h=6.0,n=30,start_thres=1.25",hub,0.25,10,15,40,1730,0,0,40,1730,0.0,0.0,0.0,0.0,7.661478425968777
tfnbs,"e=0.3,h=7.0,n=30,start_thres=1.25",hub,0.25,10,15,40,1730,0,0,40,1730,0.0,0.0,0.0,0.0,7.661478425968777
tfnbs,"e=0.3,h=8.0,n=30,start_thres=1.25",hub,0.25,10,15,40,1730,0,0,40,1730,0.0,0.0,0.0,0.0,7.661478425968777
tfnbs,"e=0.3,h=9.0,n=30,start_thres=1.25",hub,0.25,10,15,40,1730,0,0,40,1730,0.0,0.0,0.0,0.0,7.661478425968777
tfnbs,"e=0.3,h=10.0,n=30,start_thres=1.25",hub,0.25,10,15,40,1730,0,0,40,1730,0.0,0.0,0.0,0.0,7.661478425968777
tfnbs,"e=0.4,h=0.5,n=30,start_thres=1.25",hub,0.25,10,15,40,1730,0,0,40,1730,0.0,0.0,0.0,0.0,7.661478425968777
tfnbs,"e=0.4,h=1.0,n=30,start_thres=1.25",hub,0.25,10,15,40,1730,0,0,40,1730,0.0,0.0,0.0,0.0,7.661478425968777
tfnbs,"e=0.4,h=2.0,n=30,start_thres=1.25",hub,0.25,10,15,40,1730,0,0,40,1730,0.0,0.0,0.0,0.0,7.661478425968777
tfnbs,"e=0.4,h=3.0,n=30,start_thres=1.25",hub,0.25,10,15,40,1730,0,0,40,1730,0.0,0.0,0.0,0.0,7.661478425968777
tfnbs,"e=0.4,h=4.0,n=30,start_thres=1.25",hub,0.25,10,15,40,1730,0,0,40,1730,0.0,0.0,0.0,0.0,7.661478425968777
tfnbs,"e=0.4,h=5.0,n=30,start_thres=1.25",hub,0.25,10,15,40,1730,0,0,40,1730,0.0,0.0,0.0,0.0,7.661478425968777
tfnbs,"e=0.4,h=6.0,n=30,start_thres=1.25",hub,0.25,10,15,40,1730,0,0,40,1730,0.0,0.0,0.0,0.0,7.661478425968777
tfnbs,"e=0.4,h=7.0,n=30,start_thres=1.25",hub,0.25,10,15,40,1730,0,0,40,1730,0.0,0.0,0.0,0.0,7.661478425968777
tfnbs,"e=0.4,h=8.0,n=30,start_thres=1.25",hub,0.25,10,15,40,1730,0,0,40,1730,0.0,0.0,0.0,0.0,7.661478425968777
tfnbs,"e=0.4,h=9.0,n=30,start_thres=1.25",hub,0.25,10,15,40,1730,0,0,40,1730,0.0,0.0,0.0,0.0,7.661478425968777
tfnbs,"e=0.4,h=10.0,n=30,start_thres=1.25",hub,0.25,10,15,40,1730,0,0,40,1730,0.0,0.0,0.0,0.0,7.661478425968777
tfnbs,"e=0.5,h=0.5,n=30,start_thres=1.25",hub,0.25,10,15,40,1730,0,0,40,1730,0.0,0.0,0.0,0.0,7.661478425968777
tfnbs,"e=0.5,h=1.0,n=30,start_thres=1.25",hub,0.25,10,15,40,1730,0,0,40,1730,0.0,0.0,0.0,0.0,7.661478425968777
tfnbs,"e=0.5,h=2.0,n=30,start_thres=1.25",hub,0.25,10,15,40,1730,0,0,40,1730,0.0,0.0,0.0,0.0,7.661478425968777
tfnbs,"e=0.5,h=3.0,n=30,start_thres=1.25",hub,0.25,10,15,40,1730,0,0,40,1730,0.0,0.0,0.0,0.0,7.661478425968777
tfnbs,"e=0.5,h=4.0,n=30,start_thres=1.25",hub,0.25,10,15,40,1730,0,0,40,1730,0.0,0.0,0.0,0.0,7.661478425968777
tfnbs,"e=0.5,h=5.0,n=30,start_thres=1.25",hub,0.25,10,15,40,1730,0,0,40,1730,0.0,0.0,0.0,0.0,7.661478425968777
tfnbs,"e=0.5,h=6.0,n=30,start_thres=1.25",hub,0.25,10,15,40,1730,0,0,40,1730,0.0,0.0,0.0,0.0,7.661478425968777
tfnbs,"e=0.5,h=7.0,n=30,start_thres=1.25",hub,0.25,10,15,40,1730,0,0,40,1730,0.0,0.0,0.0,0.0,7.661478425968777
tfnbs,"e=0.5,h=8.0,n=30,start_thres=1.25",hub,0.25,10,15,40,1730,0,0,40,1730,0.0,0.0,0.0,0.0,7.661478425968777
tfnbs,"e=0.5,h=9.0,n=30,start_thres=1.25",hub,0.25,10,15,40,1730,0,0,40,1730,0.0,0.0,0.0,0.0,7.661478425968777
tfnbs,"e=0.5,h=10.0,n=30,start_thres=1.25",hub,0.25,10,15,40,1730,0,0,40,1730,0.0,0.0,0.0,0.0,7.661478425968777
tfnbs,"e=0.6,h=0.5,n=30,start_thres=1.25",hub,0.25,10,15,40,1730,0,0,40,1730,0.0,0.0,0.0,0.0,7.661478425968777
tfnbs,"e=0.6,h=1.0,n=30,start_thres=1.25",hub,0.25,10,15,40,1730,0,0,40,1730,0.0,0.0,0.0,0.0,7.661478425968777
tfnbs,"e=0.6,h=2.0,n=30,start_thres=1.25",hub,0.25,10,15,40,1730,0,0,40,1730,0.0,0.0,0.0,0.0,7.661478425968777
tfnbs,"e=0.6,h=3.0,n=30,start_thres=1.25",hub,0.25,10,15,40,1730,0,0,40,1730,0.0,0.0,0.0,0.0,7.661478425968777
tfnbs,"e=0.6,h=4.0,n=30,start_thres=1.25",hub,0.25,10,15,40,1730,0,0,40,1730,0.0,0.0,0.0,0.0,7.661478425968777
tfnbs,"e=0.6,h=5.0,n=30,start_thres=1.25",hub,0.25,10,15,40,1730,0,0,40,1730,0.0,0.0,0.0,0.0,7.661478425968777
tfnbs,"e=0.6,h=6.0,n=30,start_thres=1.25",hub,0.25,10,15,40,1730,0,0,40,1730,0.0,0.0,0.0,0.0,7.661478425968777
tfnbs,"e=0.6,h=7.0,n=30,start_thres=1.25",hub,0.25,10,15,40,1730,0,0,40,1730,0.0,0.0,0.0,0.0,7.661478425968777
tfnbs,"e=0.6,h=8.0,n=30,start_thres=1.25",hub,0.25,10,15,40,1730,0,0,40,1730,0.0,0.0,0.0,0.0,7.661478425968777
tfnbs,"e=0.6,h=9.0,n=30,start_thres=1.25",hub,0.25,10,15,40,1730,0,0,40,1730,0.0,0.0,0.0,0.0,7.661478425968777
tfnbs,"e=0.6,h=10.0,n=30,start_thres=1.25",hub,0.25,10,15,40,1730,0,0,40,1730,0.0,0.0,0.0,0.0,7.661478425968777
tfnbs,"e=0.7,h=0.5,n=30,start_thres=1.25",hub,0.25,10,15,40,1730,0,0,40,1730,0.0,0.0,0.0,0.0,7.661478425968777
tfnbs,"e=0.7,h=1.0,n=30,start_thres=1.25",hub,0.25,10,15,40,1730,0,0,40,1730,0.0,0.0,0.0,0.0,7.661478425968777
tfnbs,"e=0.7,h=2.0,n=30,start_thres=1.25",hub,0.25,10,15,40,1730,0,0,40,1730,0.0,0.0,0.0,0.0,7.661478425968777
tfnbs,"e=0.7,h=3.0,n=30,start_thres=1.25",hub,0.25,10,15,40,1730,0,0,40,1730,0.0,0.0,0.0,0.0,7.661478425968777
tfnbs,"e=0.7,h=4.0,n=30,start_thres=1.25",hub,0.25,10,15,40,1730,0,0,40,1730,0.0,0.0,0.0,0.0,7.661478425968777
tfnbs,"e=0.7,h=5.0,n=30,start_thres=1.25",hub,0.25,10,15,40,1730,0,0,40,1730,0.0,0.0,0.0,0.0,7.661478425968777
tfnbs,"e=0.7,h=6.0,n=30,start_thres=1.25",hub,0.25,10,15,40,1730,0,0,40,1730,0.0,0.0,0.0,0.0,7.661478425968777
tfnbs,"e=0.7,h=7.0,n=30,start_thres=1.25",hub,0.25,10,15,40,1730,0,0,40,1730,0.0,0.0,0.0,0.0,7.661478425968777
tfnbs,"e=0.7,h=8.0,n=30,start_thres=1.25",hub,0.25,10,15,40,1730,0,0,40,1730,0.0,0.0,0.0,0.0,7.661478425968777
tfnbs,"e=0.7,h=9.0,n=30,start_thres=1.25",hub,0.25,10,15,40,1730,0,0,40,1730,0.0,0.0,0.0,0.0,7.661478425968777
tfnbs,"e=0.7,h=10.0,n=30,start_thres=1.25",hub,0.25,10,15,40,1730,0,0,40,1730,0.0,0.0,0.0,0.0,7.661478425968777
tfnbs,"e=0.8,h=0.5,n=30,start_thres=1.25",hub,0.25,10,15,40,1730,0,0,40,1730,0.0,0.0,0.0,0.0,7.661478425968777
tfnbs,"e=0.8,h=1.0,n=30,start_thres=1.25",hub,0.25,10,15,40,1730,0,0,40,1730,0.0,0.0,0.0,0.0,7.661478425968777
tfnbs,"e=0.8,h=2.0,n=30,start_thres=1.25",hub,0.25,10,15,40,1730,0,0,40,1730,0.0,0.0,0.0,0.0,7.661478425968777
tfnbs,"e=0.8,h=3.0,n=30,start_thres=1.25",hub,0.25,10,15,40,1730,0,0,40,1730,0.0,0.0,0.0,0.0,7.661478425968777
tfnbs,"e=0.8,h=4.0,n=30,start_thres=1.25",hub,0.25,10,15,40,1730,0,0,40,1730,0.0,0.0,0.0,0.0,7.661478425968777
tfnbs,"e=0.8,h=5.0,n=30,start_thres=1.25",hub,0.25,10,15,40,1730,0,0,40,1730,0.0,0.0,0.0,0.0,7.661478425968777
tfnbs,"e=0.8,h=6.0,n=30,start_thres=1.25",hub,0.25,10,15,40,1730,0,0,40,1730,0.0,0.0,0.0,0.0,7.661478425968777
tfnbs,"e=0.8,h=7.0,n=30,start_thres=1.25",hub,0.25,10,15,40,1730,0,0,40,1730,0.0,0.0,0.0,0.0,7.661478425968777
tfnbs,"e=0.8,h=8.0,n=30,start_thres=1.25",hub,0.25,10,15,40,1730,0,0,40,1730,0.0,0.0,0.0,0.0,7.661478425968777
tfnbs,"e=0.8,h=9.0,n=30,start_thres=1.25",hub,0.25,10,15,40,1730,0,0,40,1730,0.0,0.0,0.0,0.0,7.661478425968777
tfnbs,"e=0.8,h=10.0,n=30,start_thres=1.25",hub,0.25,10,15,40,1730,0,0,40,1730,0.0,0.0,0.0,0.0,7.661478425968777
tfnbs,"e=0.9,h=0.5,n=30,start_thres=1.25",hub,0.25,10,15,40,1730,0,0,40,1730,0.0,0.0,0.0,0.0,7.661478425968777
tfnbs,"e=0.9,h=1.0,n=30,start_thres=1.25",hub,0.25,10,15,40,1730,0,0,40,1730,0.0,0.0,0.0,0.0,7.661478425968777
tfnbs,"e=0.9,h=2.0,n=30,start_thres=1.25",hub,0.25,10,15,40,1730,0,0,40,1730,0.0,0.0,0.0,0.0,7.661478425968777
tfnbs,"e=0.9,h=3.0,n=30,start_thres=1.25",hub,0.25,10,15,40,1730,0,0,40,1730,0.0,0.0,0.0,0.0,7.661478425968777
tfnbs,"e=0.9,h=4.0,n=30,start_thres=1.25",hub,0.25,10,15,40,1730,0,0,40,1730,0.0,0.0,0.0,0.0,7.661478425968777
tfnbs,"e=0.9,h=5.0,n=30,start_thres=1.25",hub,0.25,10,15,40,1730,0,0,40,1730,0.0,0.0,0.0,0.0,7.661478425968777
tfnbs,"e=0.9,h=6.0,n=30,start_thres=1.25",hub,0.25,10,15,40,1730,0,0,40,1730,0.0,0.0,0.0,0.0,7.661478425968777
tfnbs,"e=0.9,h=7.0,n=30,start_thres=1.25",hub,0.25,10,15,40,1730,0,0,40,1730,0.0,0.0,0.0,0.0,7.661478425968777
tfnbs,"e=0.9,h=8.0,n=30,start_thres=1.25",hub,0.25,10,15,40,1730,0,0,40,1730,0.0,0.0,0.0,0.0,7.661478425968777
tfnbs,"e=0.9,h=9.0,n=30,start_thres=1.25",hub,0.25,10,15,40,1730,0,0,40,1730,0.0,0.0,0.0,0.0,7.661478425968777
tfnbs,"e=0.9,h=10.0,n=30,start_thres=1.25",hub,0.25,10,15,40,1730,0,0,40,1730,0.0,0.0,0.0,0.0,7.661478425968777
tfnbs,"e=1.0,h=0.5,n=30,start_thres=1.25",hub,0.25,10,15,40,1730,0,0,40,1730,0.0,0.0,0.0,0.0,7.661478425968777
tfnbs,"e=1.0,h=1.0,n=30,start_thres=1.25",hub,0.25,10,15,40,1730,0,0,40,1730,0.0,0.0,0.0,0.0,7.661478425968777
tfnbs,"e=1.0,h=2.0,n=30,start_thres=1.25",hub,0.25,10,15,40,1730,0,0,40,1730,0.0,0.0,0.0,0.0,7.661478425968777
tfnbs,"e=1.0,h=3.0,n=30,start_thres=1.25",hub,0.25,10,15,40,1730,0,0,40,1730,0.0,0.0,0.0,0.0,7.661478425968777
tfnbs,"e=1.0,h=4.0,n=30,start_thres=1.25",hub,0.25,10,15,40,1730,0,0,40,1730,0.0,0.0,0.0,0.0,7.661478425968777
tfnbs,"e=1.0,h=5.0,n=30,start_thres=1.25",hub,0.25,10,15,40,1730,0,0,40,1730,0.0,0.0,0.0,0.0,7.661478425968777
tfnbs,"e=1.0,h=6.0,n=30,start_thres=1.25",hub,0.25,10,15,40,1730,0,0,40,1730,0.0,0.0,0.0,0.0,7.661478425968777
tfnbs,"e=1.0,h=7.0,n=30,start_thres=1.25",hub,0.25,10,15,40,1730,0,0,40,1730,0.0,0.0,0.0,0.0,7.661478425968777
tfnbs,"e=1.0,h=8.0,n=30,start_thres=1.25",hub,0.25,10,15,40,1730,0,0,40,1730,0.0,0.0,0.0,0.0,7.661478425968777
tfnbs,"e=1.0,h=9.0,n=30,start_thres=1.25",hub,0.25,10,15,40,1730,0,0,40,1730,0.0,0.0,0.0,0.0,7.661478425968777
tfnbs,"e=1.0,h=10.0,n=30,start_thres=1.25",hub,0.25,10,15,40,1730,0,0,40,1730,0.0,0.0,0.0,0.0,7.661478425968777
tfnbs,"e=1.1,h=0.5,n=30,start_thres=1.25",hub,0.25,10,15,40,1730,0,0,40,1730,0.0,0.0,0.0,0.0,7.661478425968777
tfnbs,"e=1.1,h=1.0,n=30,start_thres=1.25",hub,0.25,10,15,40,1730,0,0,40,1730,0.0,0.0,0.0,0.0,7.661478425968777
tfnbs,"e=1.1,h=2.0,n=30,start_thres=1.25",hub,0.25,10,15,40,1730,0,0,40,1730,0.0,0.0,0.0,0.0,7.661478425968777
tfnbs,"e=1.1,h=3.0,n=30,start_thres=1.25",hub,0.25,10,15,40,1730,0,0,40,1730,0.0,0.0,0.0,0.0,7.661478425968777
tfnbs,"e=1.1,h=4.0,n=30,start_thres=1.25",hub,0.25,10,15,40,1730,0,0,40,1730,0.0,0.0,0.0,0.0,7.661478425968777
tfnbs,"e=1.1,h=5.0,n=30,start_thres=1.25",hub,0.25,10,15,40,1730,0,0,40,1730,0.0,0.0,0.0,0.0,7.661478425968777
tfnbs,"e=1.1,h=6.0,n=30,start_thres=1.25",hub,0.25,10,15,40,1730,0,0,40,1730,0.0,0.0,0.0,0.0,7.661478425968777
tfnbs,"e=1.1,h=7.0,n=30,start_thres=1.25",hub,0.25,10,15,40,1730,0,0,40,1730,0.0,0.0,0.0,0.0,7.661478425968777
tfnbs,"e=1.1,h=8.0,n=30,start_thres=1.25",hub,0.25,10,15,40,1730,0,0,40,1730,0.0,0.0,0.0,0.0,7.661478425968777
tfnbs,"e=1.1,h=9.0,n=30,start_thres=1.25",hub,0.25,10,15,40,1730,0,0,40,1730,0.0,0.0,0.0,0.0,7.661478425968777
tfnbs,"e=1.1,h=10.0,n=30,start_thres=1.25",hub,0.25,10,15,40,1730,0,0,40,1730,0.0,0.0,0.0,0.0,7.661478425968777
tfnbs,"e=1.2,h=0.5,n=30,start_thres=1.25",hub,0.25,10,15,40,1730,0,0,40,1730,0.0,0.0,0.0,0.0,7.661478425968777
tfnbs,"e=1.2,h=1.0,n=30,start_thres=1.25",hub,0.25,10,15,40,1730,0,0,40,1730,0.0,0.0,0.0,0.0,7.661478425968777
tfnbs,"e=1.2,h=2.0,n=30,start_thres=1.25",hub,0.25,10,15,40,1730,0,0,40,1730,0.0,0.0,0.0,0.0,7.661478425968777
tfnbs,"e=1.2,h=3.0,n=30,start_thres=1.25",hub,0.25,10,15,40,1730,0,0,40,1730,0.0,0.0,0.0,0.0,7.661478425968777
tfnbs,"e=1.2,h=4.0,n=30,start_thres=1.25",hub,0.25,10,15,40,1730,0,0,40,1730,0.0,0.0,0.0,0.0,7.661478425968777
tfnbs,"e=1.2,h=5.0,n=30,start_thres=1.25",hub,0.25,10,15,40,1730,0,0,40,1730,0.0,0.0,0.0,0.0,7.661478425968777
tfnbs,"e=1.2,h=6.0,n=30,start_thres=1.25",hub,0.25,10,15,40,1730,0,0,40,1730,0.0,0.0,0.0,0.0,7.661478425968777
tfnbs,"e=1.2,h=7.0,n=30,start_thres=1.25",hub,0.25,10,15,40,1730,0,0,40,1730,0.0,0.0,0.0,0.0,7.661478425968777
tfnbs,"e=1.2,h=8.0,n=30,start_thres=1.25",hub,0.25,10,15,40,1730,0,0,40,1730,0.0,0.0,0.0,0.0,7.661478425968777
tfnbs,"e=1.2,h=9.0,n=30,start_thres=1.25",hub,0.25,10,15,40,1730,0,0,40,1730,0.0,0.0,0.0,0.0,7.661478425968777
tfnbs,"e=1.2,h=10.0,n=30,start_thres=1.25",hub,0.25,10,15,40,1730,0,0,40,1730,0.0,0.0,0.0,0.0,7.661478425968777
tfnbs,"e=1.3,h=0.5,n=30,start_thres=1.25",hub,0.25,10,15,40,1730,0,0,40,1730,0.0,0.0,0.0,0.0,7.661478425968777
tfnbs,"e=1.3,h=1.0,n=30,start_thres=1.25",hub,0.25,10,15,40,1730,0,0,40,1730,0.0,0.0,0.0,0.0,7.661478425968777
tfnbs,"e=1.3,h=2.0,n=30,start_thres=1.25",hub,0.25,10,15,40,1730,0,0,40,1730,0.0,0.0,0.0,0.0,7.661478425968777
tfnbs,"e=1.3,h=3.0,n=30,start_thres=1.25",hub,0.25,10,15,40,1730,0,0,40,1730,0.0,0.0,0.0,0.0,7.661478425968777
tfnbs,"e=1.3,h=4.0,n=30,start_thres=1.25",hub,0.25,10,15,40,1730,0,0,40,1730,0.0,0.0,0.0,0.0,7.661478425968777
tfnbs,"e=1.3,h=5.0,n=30,start_thres=1.25",hub,0.25,10,15,40,1730,0,0,40,1730,0.0,0.0,0.0,0.0,7.661478425968777
tfnbs,"e=1.3,h=6.0,n=30,start_thres=1.25",hub,0.25,10,15,40,1730,0,0,40,1730,0.0,0.0,0.0,0.0,7.661478425968777
tfnbs,"e=1.3,h=7.0,n=30,start_thres=1.25",hub,0.25,10,15,40,1730,0,0,40,1730,0.0,0.0,0.0,0.0,7.661478425968777
tfnbs,"e=1.3,h=8.0,n=30,start_thres=1.25",hub,0.25,10,15,40,1730,0,0,40,1730,0.0,0.0,0.0,0.0,7.661478425968777
tfnbs,"e=1.3,h=9.0,n=30,start_thres=1.25",hub,0.25,10,15,40,1730,0,0,40,1730,0.0,0.0,0.0,0.0,7.661478425968777
tfnbs,"e=1.3,h=10.0,n=30,start_thres=1.25",hub,0.25,10,15,40,1730,0,0,40,1730,0.0,0.0,0.0,0.0,7.661478425968777
tfnbs,"e=1.4,h=0.5,n=30,start_thres=1.25",hub,0.25,10,15,40,1730,0,0,40,1730,0.0,0.0,0.0,0.0,7.661478425968777
tfnbs,"e=1.4,h=1.0,n=30,start_thres=1.25",hub,0.25,10,15,40,1730,0,0,40,1730,0.0,0.0,0.0,0.0,7.661478425968777
tfnbs,"e=1.4,h=2.0,n=30,start_thres=1.25",hub,0.25,10,15,40,1730,0,0,40,1730,0.0,0.0,0.0,0.0,7.661478425968777
tfnbs,"e=1.4,h=3.0,n=30,start_thres=1.25",hub,0.25,10,15,40,1730,0,0,40,1730,0.0,0.0,0.0,0.0,7.661478425968777
tfnbs,"e=1.4,h=4.0,n=30,start_thres=1.25",hub,0.25,10,15,40,1730,0,0,40,1730,0.0,0.0,0.0,0.0,7.661478425968777
tfnbs,"e=1.4,h=5.0,n=30,start_thres=1.25",hub,0.25,10,15,40,1730,0,0,40,1730,0.0,0.0,0.0,0.0,7.661478425968777
tfnbs,"e=1.4,h=6.0,n=30,start_thres=1.25",hub,0.25,10,15,40,1730,0,0,40,1730,0.0,0.0,0.0,0.0,7.661478425968777
tfnbs,"e=1.4,h=7.0,n=30,start_thres=1.25",hub,0.25,10,15,40,1730,0,0,40,1730,0.0,0.0,0.0,0.0,7.661478425968777
tfnbs,"e=1.4,h=8.0,n=30,start_thres=1.25",hub,0.25,10,15,40,1730,0,0,40,1730,0.0,0.0,0.0,0.0,7.661478425968777
tfnbs,"e=1.4,h=9.0,n=30,start_thres=1.25",hub,0.25,10,15,40,1730,0,0,40,1730,0.0,0.0,0.0,0.0,7.661478425968777
tfnbs,"e=1.4,h=10.0,n=30,start_thres=1.25",hub,0.25,10,15,40,1730,0,0,40,1730,0.0,0.0,0.0,0.0,7.661478425968777
tfnbs,"e=1.5,h=0.5,n=30,start_thres=1.25",hub,0.25,10,15,40,1730,0,0,40,1730,0.0,0.0,0.0,0.0,7.661478425968777
tfnbs,"e=1.5,h=1.0,n=30,start_thres=1.25",hub,0.25,10,15,40,1730,0,0,40,1730,0.0,0.0,0.0,0.0,7.661478425968777
tfnbs,"e=1.5,h=2.0,n=30,start_thres=1.25",hub,0.25,10,15,40,1730,0,0,40,1730,0.0,0.0,0.0,0.0,7.661478425968777
tfnbs,"e=1.5,h=3.0,n=30,start_thres=1.25",hub,0.25,10,15,40,1730,0,0,40,1730,0.0,0.0,0.0,0.0,7.661478425968777
tfnbs,"e=1.5,h=4.0,n=30,start_thres=1.25",hub,0.25,10,15,40,1730,0,0,40,1730,0.0,0.0,0.0,0.0,7.661478425968777
tfnbs,"e=1.5,h=5.0,n=30,start_thres=1.25",hub,0.25,10,15,40,1730,0,0,40,1730,0.0,0.0,0.0,0.0,7.661478425968777
tfnbs,"e=1.5,h=6.0,n=30,start_thres=1.25",hub,0.25,10,15,40,1730,0,0,40,1730,0.0,0.0,0.0,0.0,7.661478425968777
tfnbs,"e=1.5,h=7.0,n=30,start_thres=1.25",hub,0.25,10,15,40,1730,0,0,40,1730,0.0,0.0,0.0,0.0,7.661478425968777
tfnbs,"e=1.5,h=8.0,n=30,start_thres=1.25",hub,0.25,10,15,40,1730,0,0,40,1730,0.0,0.0,0.0,0.0,7.661478425968777
tfnbs,"e=1.5,h=9.0,n=30,start_thres=1.25",hub,0.25,10,15,40,1730,0,0,40,1730,0.0,0.0,0.0,0.0,7.661478425968777
tfnbs,"e=1.5,h=10.0,n=30,start_thres=1.25",hub,0.25,10,15,40,1730,0,0,40,1730,0.0,0.0,0.0,0.0,7.661478425968777
tfnbs,"e=0.05,h=0.5,n=30,start_thres=1.25",hub,0.25,10,10,40,1730,0,0,40,1730,0.0,0.0,0.0,0.0,7.679298597303304
tfnbs,"e=0.05,h=1.0,n=30,start_thres=1.25",hub,0.25,10,10,40,1730,0,0,40,1730,0.0,0.0,0.0,0.0,7.679298597303304
tfnbs,"e=0.05,h=2.0,n=30,start_thres=1.25",hub,0.25,10,10,40,1730,0,0,40,1730,0.0,0.0,0.0,0.0,7.679298597303304
tfnbs,"e=0.05,h=3.0,n=30,start_thres=1.25",hub,0.25,10,10,40,1730,0,0,40,1730,0.0,0.0,0.0,0.0,7.679298597303304
tfnbs,"e=0.05,h=4.0,n=30,start_thres=1.25",hub,0.25,10,10,40,1730,0,0,40,1730,0.0,0.0,0.0,0.0,7.679298597303304
tfnbs,"e=0.05,h=5.0,n=30,start_thres=1.25",hub,0.25,10,10,40,1730,0,0,40,1730,0.0,0.0,0.0,0.0,7.679298597303304
tfnbs,"e=0.05,h=6.0,n=30,start_thres=1.25",hub,0.25,10,10,40,1730,0,0,40,1730,0.0,0.0,0.0,0.0,7.679298597303304
tfnbs,"e=0.05,h=7.0,n=30,start_thres=1.25",hub,0.25,10,10,40,1730,0,0,40,1730,0.0,0.0,0.0,0.0,7.679298597303304
tfnbs,"e=0.05,h=8.0,n=30,start_thres=1.25",hub,0.25,10,10,40,1730,0,0,40,1730,0.0,0.0,0.0,0.0,7.679298597303304
tfnbs,"e=0.05,h=9.0,n=30,start_thres=1.25",hub,0.25,10,10,40,1730,0,0,40,1730,0.0,0.0,0.0,0.0,7.679298597303304
tfnbs,"e=0.05,h=10.0,n=30,start_thres=1.25",hub,0.25,10,10,40,1730,0,0,40,1730,0.0,0.0,0.0,0.0,7.679298597303304
tfnbs,"e=0.1,h=0.5,n=30,start_thres=1.25",hub,0.25,10,10,40,1730,0,0,40,1730,0.0,0.0,0.0,0.0,7.679298597303304
tfnbs,"e=0.1,h=1.0,n=30,start_thres=1.25",hub,0.25,10,10,40,1730,0,0,40,1730,0.0,0.0,0.0,0.0,7.679298597303304
tfnbs,"e=0.1,h=2.0,n=30,start_thres=1.25",hub,0.25,10,10,40,1730,0,0,40,1730,0.0,0.0,0.0,0.0,7.679298597303304
tfnbs,"e=0.1,h=3.0,n=30,start_thres=1.25",hub,0.25,10,10,40,1730,0,0,40,1730,0.0,0.0,0.0,0.0,7.679298597303304
tfnbs,"e=0.1,h=4.0,n=30,start_thres=1.25",hub,0.25,10,10,40,1730,0,0,40,1730,0.0,0.0,0.0,0.0,7.679298597303304
tfnbs,"e=0.1,h=5.0,n=30,start_thres=1.25",hub,0.25,10,10,40,1730,0,0,40,1730,0.0,0.0,0.0,0.0,7.679298597303304
tfnbs,"e=0.1,h=6.0,n=30,start_thres=1.25",hub,0.25,10,10,40,1730,0,0,40,1730,0.0,0.0,0.0,0.0,7.679298597303304
tfnbs,"e=0.1,h=7.0,n=30,start_thres=1.25",hub,0.25,10,10,40,1730,0,0,40,1730,0.0,0.0,0.0,0.0,7.679298597303304
tfnbs,"e=0.1,h=8.0,n=30,start_thres=1.25",hub,0.25,10,10,40,1730,0,0,40,1730,0.0,0.0,0.0,0.0,7.679298597303304
tfnbs,"e=0.1,h=9.0,n=30,start_thres=1.25",hub,0.25,10,10,40,1730,0,0,40,1730,0.0,0.0,0.0,0.0,7.679298597303304
tfnbs,"e=0.1,h=10.0,n=30,start_thres=1.25",hub,0.25,10,10,40,1730,0,0,40,1730,0.0,0.0,0.0,0.0,7.679298597303304
tfnbs,"e=0.2,h=0.5,n=30,start_thres=1.25",hub,0.25,10,10,40,1730,0,0,40,1730,0.0,0.0,0.0,0.0,7.679298597303304
tfnbs,"e=0.2,h=1.0,n=30,start_thres=1.25",hub,0.25,10,10,40,1730,0,0,40,1730,0.0,0.0,0.0,0.0,7.679298597303304
tfnbs,"e=0.2,h=2.0,n=30,start_thres=1.25",hub,0.25,10,10,40,1730,0,0,40,1730,0.0,0.0,0.0,0.0,7.679298597303304
tfnbs,"e=0.2,h=3.0,n=30,start_thres=1.25",hub,0.25,10,10,40,1730,0,0,40,1730,0.0,0.0,0.0,0.0,7.679298597303304
tfnbs,"e=0.2,h=4.0,n=30,start_thres=1.25",hub,0.25,10,10,40,1730,0,0,40,1730,0.0,0.0,0.0,0.0,7.679298597303304
tfnbs,"e=0.2,h=5.0,n=30,start_thres=1.25",hub,0.25,10,10,40,1730,0,0,40,1730,0.0,0.0,0.0,0.0,7.679298597303304
tfnbs,"e=0.2,h=6.0,n=30,start_thres=1.25",hub,0.25,10,10,40,1730,0,0,40,1730,0.0,0.0,0.0,0.0,7.679298597303304
tfnbs,"e=0.2,h=7.0,n=30,start_thres=1.25",hub,0.25,10,10,40,1730,0,0,40,1730,0.0,0.0,0.0,0.0,7.679298597303304
tfnbs,"e=0.2,h=8.0,n=30,start_thres=1.25",hub,0.25,10,10,40,1730,0,0,40,1730,0.0,0.0,0.0,0.0,7.679298597303304
tfnbs,"e=0.2,h=9.0,n=30,start_thres=1.25",hub,0.25,10,10,40,1730,0,0,40,1730,0.0,0.0,0.0,0.0,7.679298597303304
tfnbs,"e=0.2,h=10.0,n=30,start_thres=1.25",hub,0.25,10,10,40,1730,0,0,40,1730,0.0,0.0,0.0,0.0,7.679298597303304
tfnbs,"e=0.3,h=0.5,n=30,start_thres=1.25",hub,0.25,10,10,40,1730,0,0,40,1730,0.0,0.0,0.0,0.0,7.679298597303304
tfnbs,"e=0.3,h=1.0,n=30,start_thres=1.25",hub,0.25,10,10,40,1730,0,0,40,1730,0.0,0.0,0.0,0.0,7.679298597303304
tfnbs,"e=0.3,h=2.0,n=30,start_thres=1.25",hub,0.25,10,10,40,1730,0,0,40,1730,0.0,0.0,0.0,0.0,7.679298597303304
tfnbs,"e=0.3,h=3.0,n=30,start_thres=1.25",hub,0.25,10,10,40,1730,0,0,40,1730,0.0,0.0,0.0,0.0,7.679298597303304
tfnbs,"e=0.3,h=4.0,n=30,start_thres=1.25",hub,0.25,10,10,40,1730,0,0,40,1730,0.0,0.0,0.0,0.0,7.679298597303304
tfnbs,"e=0.3,h=5.0,n=30,start_thres=1.25",hub,0.25,10,10,40,1730,0,0,40,1730,0.0,0.0,0.0,0.0,7.679298597303304
tfnbs,"e=0.3,h=6.0,n=30,start_thres=1.25",hub,0.25,10,10,40,1730,0,0,40,1730,0.0,0.0,0.0,0.0,7.679298597303304
tfnbs,"e=0.3,h=7.0,n=30,start_thres=1.25",hub,0.25,10,10,40,1730,0,0,40,1730,0.0,0.0,0.0,0.0,7.679298597303304
tfnbs,"e=0.3,h=8.0,n=30,start_thres=1.25",hub,0.25,10,10,40,1730,0,0,40,1730,0.0,0.0,0.0,0.0,7.679298597303304
tfnbs,"e=0.3,h=9.0,n=30,start_thres=1.25",hub,0.25,10,10,40,1730,0,0,40,1730,0.0,0.0,0.0,0.0,7.679298597303304
tfnbs,"e=0.3,h=10.0,n=30,start_thres=1.25",hub,0.25,10,10,40,1730,0,0,40,1730,0.0,0.0,0.0,0.0,7.679298597303304
tfnbs,"e=0.4,h=0.5,n=30,start_thres=1.25",hub,0.25,10,10,40,1730,0,0,40,1730,0.0,0.0,0.0,0.0,7.679298597303304
tfnbs,"e=0.4,h=1.0,n=30,start_thres=1.25",hub,0.25,10,10,40,1730,0,0,40,1730,0.0,0.0,0.0,0.0,7.679298597303304
tfnbs,"e=0.4,h=2.0,n=30,start_thres=1.25",hub,0.25,10,10,40,1730,0,0,40,1730,0.0,0.0,0.0,0.0,7.679298597303304
tfnbs,"e=0.4,h=3.0,n=30,start_thres=1.25",hub,0.25,10,10,40,1730,0,0,40,1730,0.0,0.0,0.0,0.0,7.679298597303304
tfnbs,"e=0.4,h=4.0,n=30,start_thres=1.25",hub,0.25,10,10,40,1730,0,0,40,1730,0.0,0.0,0.0,0.0,7.679298597303304
tfnbs,"e=0.4,h=5.0,n=30,start_thres=1.25",hub,0.25,10,10,40,1730,0,0,40,1730,0.0,0.0,0.0,0.0,7.679298597303304
tfnbs,"e=0.4,h=6.0,n=30,start_thres=1.25",hub,0.25,10,10,40,1730,0,0,40,1730,0.0,0.0,0.0,0.0,7.679298597303304
tfnbs,"e=0.4,h=7.0,n=30,start_thres=1.25",hub,0.25,10,10,40,1730,0,0,40,1730,0.0,0.0,0.0,0.0,7.679298597303304
tfnbs,"e=0.4,h=8.0,n=30,start_thres=1.25",hub,0.25,10,10,40,1730,0,0,40,1730,0.0,0.0,0.0,0.0,7.679298597303304
tfnbs,"e=0.4,h=9.0,n=30,start_thres=1.25",hub,0.25,10,10,40,1730,0,0,40,1730,0.0,0.0,0.0,0.0,7.679298597303304
tfnbs,"e=0.4,h=10.0,n=30,start_thres=1.25",hub,0.25,10,10,40,1730,0,0,40,1730,0.0,0.0,0.0,0.0,7.679298597303304
tfnbs,"e=0.5,h=0.5,n=30,start_thres=1.25",hub,0.25,10,10,40,1730,0,0,40,1730,0.0,0.0,0.0,0.0,7.679298597303304
tfnbs,"e=0.5,h=1.0,n=30,start_thres=1.25",hub,0.25,10,10,40,1730,0,0,40,1730,0.0,0.0,0.0,0.0,7.679298597303304
tfnbs,"e=0.5,h=2.0,n=30,start_thres=1.25",hub,0.25,10,10,40,1730,0,0,40,1730,0.0,0.0,0.0,0.0,7.679298597303304
tfnbs,"e=0.5,h=3.0,n=30,start_thres=1.25",hub,0.25,10,10,40,1730,0,0,40,1730,0.0,0.0,0.0,0.0,7.679298597303304
tfnbs,"e=0.5,h=4.0,n=30,start_thres=1.25",hub,0.25,10,10,40,1730,0,0,40,1730,0.0,0.0,0.0,0.0,7.679298597303304
tfnbs,"e=0.5,h=5.0,n=30,start_thres=1.25",hub,0.25,10,10,40,1730,0,0,40,1730,0.0,0.0,0.0,0.0,7.679298597303304
tfnbs,"e=0.5,h=6.0,n=30,start_thres=1.25",hub,0.25,10,10,40,1730,0,0,40,1730,0.0,0.0,0.0,0.0,7.679298597303304
tfnbs,"e=0.5,h=7.0,n=30,start_thres=1.25",hub,0.25,10,10,40,1730,0,0,40,1730,0.0,0.0,0.0,0.0,7.679298597303304
tfnbs,"e=0.5,h=8.0,n=30,start_thres=1.25",hub,0.25,10,10,40,1730,0,0,40,1730,0.0,0.0,0.0,0.0,7.679298597303304
tfnbs,"e=0.5,h=9.0,n=30,start_thres=1.25",hub,0.25,10,10,40,1730,0,0,40,1730,0.0,0.0,0.0,0.0,7.679298597303304
tfnbs,"e=0.5,h=10.0,n=30,start_thres=1.25",hub,0.25,10,10,40,1730,0,0,40,1730,0.0,0.0,0.0,0.0,7.679298597303304
tfnbs,"e=0.6,h=0.5,n=30,start_thres=1.25",hub,0.25,10,10,40,1730,0,0,40,1730,0.0,0.0,0.0,0.0,7.679298597303304
tfnbs,"e=0.6,h=1.0,n=30,start_thres=1.25",hub,0.25,10,10,40,1730,0,0,40,1730,0.0,0.0,0.0,0.0,7.679298597303304
tfnbs,"e=0.6,h=2.0,n=30,start_thres=1.25",hub,0.25,10,10,40,1730,0,0,40,1730,0.0,0.0,0.0,0.0,7.679298597303304
tfnbs,"e=0.6,h=3.0,n=30,start_thres=1.25",hub,0.25,10,10,40,1730,0,0,40,1730,0.0,0.0,0.0,0.0,7.679298597303304
tfnbs,"e=0.6,h=4.0,n=30,start_thres=1.25",hub,0.25,10,10,40,1730,0,0,40,1730,0.0,0.0,0.0,0.0,7.679298597303304
tfnbs,"e=0.6,h=5.0,n=30,start_thres=1.25",hub,0.25,10,10,40,1730,0,0,40,1730,0.0,0.0,0.0,0.0,7.679298597303304
tfnbs,"e=0.6,h=6.0,n=30,start_thres=1.25",hub,0.25,10,10,40,1730,0,0,40,1730,0.0,0.0,0.0,0.0,7.679298597303304
tfnbs,"e=0.6,h=7.0,n=30,start_thres=1.25",hub,0.25,10,10,40,1730,0,0,40,1730,0.0,0.0,0.0,0.0,7.679298597303304
tfnbs,"e=0.6,h=8.0,n=30,start_thres=1.25",hub,0.25,10,10,40,1730,0,0,40,1730,0.0,0.0,0.0,0.0,7.679298597303304
tfnbs,"e=0.6,h=9.0,n=30,start_thres=1.25",hub,0.25,10,10,40,1730,0,0,40,1730,0.0,0.0,0.0,0.0,7.679298597303304
tfnbs,"e=0.6,h=10.0,n=30,start_thres=1.25",hub,0.25,10,10,40,1730,0,0,40,1730,0.0,0.0,0.0,0.0,7.679298597303304
tfnbs,"e=0.7,h=0.5,n=30,start_thres=1.25",hub,0.25,10,10,40,1730,0,0,40,1730,0.0,0.0,0.0,0.0,7.679298597303304
tfnbs,"e=0.7,h=1.0,n=30,start_thres=1.25",hub,0.25,10,10,40,1730,0,0,40,1730,0.0,0.0,0.0,0.0,7.679298597303304
tfnbs,"e=0.7,h=2.0,n=30,start_thres=1.25",hub,0.25,10,10,40,1730,0,0,40,1730,0.0,0.0,0.0,0.0,7.679298597303304
tfnbs,"e=0.7,h=3.0,n=30,start_thres=1.25",hub,0.25,10,10,40,1730,0,0,40,1730,0.0,0.0,0.0,0.0,7.679298597303304
tfnbs,"e=0.7,h=4.0,n=30,start_thres=1.25",hub,0.25,10,10,40,1730,0,0,40,1730,0.0,0.0,0.0,0.0,7.679298597303304
tfnbs,"e=0.7,h=5.0,n=30,start_thres=1.25",hub,0.25,10,10,40,1730,0,0,40,1730,0.0,0.0,0.0,0.0,7.679298597303304
tfnbs,"e=0.7,h=6.0,n=30,start_thres=1.25",hub,0.25,10,10,40,1730,0,0,40,1730,0.0,0.0,0.0,0.0,7.679298597303304
tfnbs,"e=0.7,h=7.0,n=30,start_thres=1.25",hub,0.25,10,10,40,1730,0,0,40,1730,0.0,0.0,0.0,0.0,7.679298597303304
tfnbs,"e=0.7,h=8.0,n=30,start_thres=1.25",hub,0.25,10,10,40,1730,0,0,40,1730,0.0,0.0,0.0,0.0,7.679298597303304
tfnbs,"e=0.7,h=9.0,n=30,start_thres=1.25",hub,0.25,10,10,40,1730,0,0,40,1730,0.0,0.0,0.0,0.0,7.679298597303304
tfnbs,"e=0.7,h=10.0,n=30,start_thres=1.25",hub,0.25,10,10,40,1730,0,0,40,1730,0.0,0.0,0.0,0.0,7.679298597303304
tfnbs,"e=0.8,h=0.5,n=30,start_thres=1.25",hub,0.25,10,10,40,1730,0,0,40,1730,0.0,0.0,0.0,0.0,7.679298597303304
tfnbs,"e=0.8,h=1.0,n=30,start_thres=1.25",hub,0.25,10,10,40,1730,0,0,40,1730,0.0,0.0,0.0,0.0,7.679298597303304
tfnbs,"e=0.8,h=2.0,n=30,start_thres=1.25",hub,0.25,10,10,40,1730,0,0,40,1730,0.0,0.0,0.0,0.0,7.679298597303304
tfnbs,"e=0.8,h=3.0,n=30,start_thres=1.25",hub,0.25,10,10,40,1730,0,0,40,1730,0.0,0.0,0.0,0.0,7.679298597303304
tfnbs,"e=0.8,h=4.0,n=30,start_thres=1.25",hub,0.25,10,10,40,1730,0,0,40,1730,0.0,0.0,0.0,0.0,7.679298597303304
tfnbs,"e=0.8,h=5.0,n=30,start_thres=1.25",hub,0.25,10,10,40,1730,0,0,40,1730,0.0,0.0,0.0,0.0,7.679298597303304
tfnbs,"e=0.8,h=6.0,n=30,start_thres=1.25",hub,0.25,10,10,40,1730,0,0,40,1730,0.0,0.0,0.0,0.0,7.679298597303304
tfnbs,"e=0.8,h=7.0,n=30,start_thres=1.25",hub,0.25,10,10,40,1730,0,0,40,1730,0.0,0.0,0.0,0.0,7.679298597303304
tfnbs,"e=0.8,h=8.0,n=30,start_thres=1.25",hub,0.25,10,10,40,1730,0,0,40,1730,0.0,0.0,0.0,0.0,7.679298597303304
tfnbs,"e=0.8,h=9.0,n=30,start_thres=1.25",hub,0.25,10,10,40,1730,0,0,40,1730,0.0,0.0,0.0,0.0,7.679298597303304
tfnbs,"e=0.8,h=10.0,n=30,start_thres=1.25",hub,0.25,10,10,40,1730,0,0,40,1730,0.0,0.0,0.0,0.0,7.679298597303304
tfnbs,"e=0.9,h=0.5,n=30,start_thres=1.25",hub,0.25,10,10,40,1730,0,0,40,1730,0.0,0.0,0.0,0.0,7.679298597303304
tfnbs,"e=0.9,h=1.0,n=30,start_thres=1.25",hub,0.25,10,10,40,1730,0,0,40,1730,0.0,0.0,0.0,0.0,7.679298597303304
tfnbs,"e=0.9,h=2.0,n=30,start_thres=1.25",hub,0.25,10,10,40,1730,0,0,40,1730,0.0,0.0,0.0,0.0,7.679298597303304
tfnbs,"e=0.9,h=3.0,n=30,start_thres=1.25",hub,0.25,10,10,40,1730,0,0,40,1730,0.0,0.0,0.0,0.0,7.679298597303304
tfnbs,"e=0.9,h=4.0,n=30,start_thres=1.25",hub,0.25,10,10,40,1730,0,0,40,1730,0.0,0.0,0.0,0.0,7.679298597303304
tfnbs,"e=0.9,h=5.0,n=30,start_thres=1.25",hub,0.25,10,10,40,1730,0,0,40,1730,0.0,0.0,0.0,0.0,7.679298597303304
tfnbs,"e=0.9,h=6.0,n=30,start_thres=1.25",hub,0.25,10,10,40,1730,0,0,40,1730,0.0,0.0,0.0,0.0,7.679298597303304
tfnbs,"e=0.9,h=7.0,n=30,start_thres=1.25",hub,0.25,10,10,40,1730,0,0,40,1730,0.0,0.0,0.0,0.0,7.679298597303304
tfnbs,"e=0.9,h=8.0,n=30,start_thres=1.25",hub,0.25,10,10,40,1730,0,0,40,1730,0.0,0.0,0.0,0.0,7.679298597303304
tfnbs,"e=0.9,h=9.0,n=30,start_thres=1.25",hub,0.25,10,10,40,1730,0,0,40,1730,0.0,0.0,0.0,0.0,7.679298597303304
tfnbs,"e=0.9,h=10.0,n=30,start_thres=1.25",hub,0.25,10,10,40,1730,0,0,40,1730,0.0,0.0,0.0,0.0,7.679298597303304
tfnbs,"e=1.0,h=0.5,n=30,start_thres=1.25",hub,0.25,10,10,40,1730,0,0,40,1730,0.0,0.0,0.0,0.0,7.679298597303304
tfnbs,"e=1.0,h=1.0,n=30,start_thres=1.25",hub,0.25,10,10,40,1730,0,0,40,1730,0.0,0.0,0.0,0.0,7.679298597303304
tfnbs,"e=1.0,h=2.0,n=30,start_thres=1.25",hub,0.25,10,10,40,1730,0,0,40,1730,0.0,0.0,0.0,0.0,7.679298597303304
tfnbs,"e=1.0,h=3.0,n=30,start_thres=1.25",hub,0.25,10,10,40,1730,0,0,40,1730,0.0,0.0,0.0,0.0,7.679298597303304
tfnbs,"e=1.0,h=4.0,n=30,start_thres=1.25",hub,0.25,10,10,40,1730,0,0,40,1730,0.0,0.0,0.0,0.0,7.679298597303304
tfnbs,"e=1.0,h=5.0,n=30,start_thres=1.25",hub,0.25,10,10,40,1730,0,0,40,1730,0.0,0.0,0.0,0.0,7.679298597303304
tfnbs,"e=1.0,h=6.0,n=30,start_thres=1.25",hub,0.25,10,10,40,1730,0,0,40,1730,0.0,0.0,0.0,0.0,7.679298597303304
tfnbs,"e=1.0,h=7.0,n=30,start_thres=1.25",hub,0.25,10,10,40,1730,0,0,40,1730,0.0,0.0,0.0,0.0,7.679298597303304
tfnbs,"e=1.0,h=8.0,n=30,start_thres=1.25",hub,0.25,10,10,40,1730,0,0,40,1730,0.0,0.0,0.0,0.0,7.679298597303304
tfnbs,"e=1.0,h=9.0,n=30,start_thres=1.25",hub,0.25,10,10,40,1730,0,0,40,1730,0.0,0.0,0.0,0.0,7.679298597303304
tfnbs,"e=1.0,h=10.0,n=30,start_thres=1.25",hub,0.25,10,10,40,1730,0,0,40,1730,0.0,0.0,0.0,0.0,7.679298597303304
tfnbs,"e=1.1,h=0.5,n=30,start_thres=1.25",hub,0.25,10,10,40,1730,0,0,40,1730,0.0,0.0,0.0,0.0,7.679298597303304
tfnbs,"e=1.1,h=1.0,n=30,start_thres=1.25",hub,0.25,10,10,40,1730,0,0,40,1730,0.0,0.0,0.0,0.0,7.679298597303304
tfnbs,"e=1.1,h=2.0,n=30,start_thres=1.25",hub,0.25,10,10,40,1730,0,0,40,1730,0.0,0.0,0.0,0.0,7.679298597303304
tfnbs,"e=1.1,h=3.0,n=30,start_thres=1.25",hub,0.25,10,10,40,1730,0,0,40,1730,0.0,0.0,0.0,0.0,7.679298597303304
tfnbs,"e=1.1,h=4.0,n=30,start_thres=1.25",hub,0.25,10,10,40,1730,0,0,40,1730,0.0,0.0,0.0,0.0,7.679298597303304
tfnbs,"e=1.1,h=5.0,n=30,start_thres=1.25",hub,0.25,10,10,40,1730,0,0,40,1730,0.0,0.0,0.0,0.0,7.679298597303304
tfnbs,"e=1.1,h=6.0,n=30,start_thres=1.25",hub,0.25,10,10,40,1730,0,0,40,1730,0.0,0.0,0.0,0.0,7.679298597303304
tfnbs,"e=1.1,h=7.0,n=30,start_thres=1.25",hub,0.25,10,10,40,1730,0,0,40,1730,0.0,0.0,0.0,0.0,7.679298597303304
tfnbs,"e=1.1,h=8.0,n=30,start_thres=1.25",hub,0.25,10,10,40,1730,0,0,40,1730,0.0,0.0,0.0,0.0,7.679298597303304
tfnbs,"e=1.1,h=9.0,n=30,start_thres=1.25",hub,0.25,10,10,40,1730,0,0,40,1730,0.0,0.0,0.0,0.0,7.679298597303304
tfnbs,"e=1.1,h=10.0,n=30,start_thres=1.25",hub,0.25,10,10,40,1730,0,0,40,1730,0.0,0.0,0.0,0.0,7.679298597303304
tfnbs,"e=1.2,h=0.5,n=30,start_thres=1.25",hub,0.25,10,10,40,1730,0,0,40,1730,0.0,0.0,0.0,0.0,7.679298597303304
tfnbs,"e=1.2,h=1.0,n=30,start_thres=1.25",hub,0.25,10,10,40,1730,0,0,40,1730,0.0,0.0,0.0,0.0,7.679298597303304
tfnbs,"e=1.2,h=2.0,n=30,start_thres=1.25",hub,0.25,10,10,40,1730,0,0,40,1730,0.0,0.0,0.0,0.0,7.679298597303304
tfnbs,"e=1.2,h=3.0,n=30,start_thres=1.25",hub,0.25,10,10,40,1730,0,0,40,1730,0.0,0.0,0.0,0.0,7.679298597303304
tfnbs,"e=1.2,h=4.0,n=30,start_thres=1.25",hub,0.25,10,10,40,1730,0,0,40,1730,0.0,0.0,0.0,0.0,7.679298597303304
tfnbs,"e=1.2,h=5.0,n=30,start_thres=1.25",hub,0.25,10,10,40,1730,0,0,40,1730,0.0,0.0,0.0,0.0,7.679298597303304
tfnbs,"e=1.2,h=6.0,n=30,start_thres=1.25",hub,0.25,10,10,40,1730,0,0,40,1730,0.0,0.0,0.0,0.0,7.679298597303304
tfnbs,"e=1.2,h=7.0,n=30,start_thres=1.25",hub,0.25,10,10,40,1730,0,0,40,1730,0.0,0.0,0.0,0.0,7.679298597303304
tfnbs,"e=1.2,h=8.0,n=30,start_thres=1.25",hub,0.25,10,10,40,1730,0,0,40,1730,0.0,0.0,0.0,0.0,7.679298597303304
tfnbs,"e=1.2,h=9.0,n=30,start_thres=1.25",hub,0.25,10,10,40,1730,0,0,40,1730,0.0,0.0,0.0,0.0,7.679298597303304
tfnbs,"e=1.2,h=10.0,n=30,start_thres=1.25",hub,0.25,10,10,40,1730,0,0,40,1730,0.0,0.0,0.0,0.0,7.679298597303304
tfnbs,"e=1.3,h=0.5,n=30,start_thres=1.25",hub,0.25,10,10,40,1730,0,0,40,1730,0.0,0.0,0.0,0.0,7.679298597303304
tfnbs,"e=1.3,h=1.0,n=30,start_thres=1.25",hub,0.25,10,10,40,1730,0,0,40,1730,0.0,0.0,0.0,0.0,7.679298597303304
tfnbs,"e=1.3,h=2.0,n=30,start_thres=1.25",hub,0.25,10,10,40,1730,0,0,40,1730,0.0,0.0,0.0,0.0,7.679298597303304
tfnbs,"e=1.3,h=3.0,n=30,start_thres=1.25",hub,0.25,10,10,40,1730,0,0,40,1730,0.0,0.0,0.0,0.0,7.679298597303304
tfnbs,"e=1.3,h=4.0,n=30,start_thres=1.25",hub,0.25,10,10,40,1730,0,0,40,1730,0.0,0.0,0.0,0.0,7.679298597303304
tfnbs,"e=1.3,h=5.0,n=30,start_thres=1.25",hub,0.25,10,10,40,1730,0,0,40,1730,0.0,0.0,0.0,0.0,7.679298597303304
tfnbs,"e=1.3,h=6.0,n=30,start_thres=1.25",hub,0.25,10,10,40,1730,0,0,40,1730,0.0,0.0,0.0,0.0,7.679298597303304
tfnbs,"e=1.3,h=7.0,n=30,start_thres=1.25",hub,0.25,10,10,40,1730,0,0,40,1730,0.0,0.0,0.0,0.0,7.679298597303304
tfnbs,"e=1.3,h=8.0,n=30,start_thres=1.25",hub,0.25,10,10,40,1730,0,0,40,1730,0.0,0.0,0.0,0.0,7.679298597303304
tfnbs,"e=1.3,h=9.0,n=30,start_thres=1.25",hub,0.25,10,10,40,1730,0,0,40,1730,0.0,0.0,0.0,0.0,7.679298597303304
tfnbs,"e=1.3,h=10.0,n=30,start_thres=1.25",hub,0.25,10,10,40,1730,0,0,40,1730,0.0,0.0,0.0,0.0,7.679298597303304
tfnbs,"e=1.4,h=0.5,n=30,start_thres=1.25",hub,0.25,10,10,40,1730,0,0,40,1730,0.0,0.0,0.0,0.0,7.679298597303304
tfnbs,"e=1.4,h=1.0,n=30,start_thres=1.25",hub,0.25,10,10,40,1730,0,0,40,1730,0.0,0.0,0.0,0.0,7.679298597303304
tfnbs,"e=1.4,h=2.0,n=30,start_thres=1.25",hub,0.25,10,10,40,1730,0,0,40,1730,0.0,0.0,0.0,0.0,7.679298597303304
tfnbs,"e=1.4,h=3.0,n=30,start_thres=1.25",hub,0.25,10,10,40,1730,0,0,40,1730,0.0,0.0,0.0,0.0,7.679298597303304
tfnbs,"e=1.4,h=4.0,n=30,start_thres=1.25",hub,0.25,10,10,40,1730,0,0,40,1730,0.0,0.0,0.0,0.0,7.679298597303304
tfnbs,"e=1.4,h=5.0,n=30,start_thres=1.25",hub,0.25,10,10,40,1730,0,0,40,1730,0.0,0.0,0.0,0.0,7.679298597303304
tfnbs,"e=1.4,h=6.0,n=30,start_thres=1.25",hub,0.25,10,10,40,1730,0,0,40,1730,0.0,0.0,0.0,0.0,7.679298597303304
tfnbs,"e=1.4,h=7.0,n=30,start_thres=1.25",hub,0.25,10,10,40,1730,0,0,40,1730,0.0,0.0,0.0,0.0,7.679298597303304
tfnbs,"e=1.4,h=8.0,n=30,start_thres=1.25",hub,0.25,10,10,40,1730,0,0,40,1730,0.0,0.0,0.0,0.0,7.679298597303304
tfnbs,"e=1.4,h=9.0,n=30,start_thres=1.25",hub,0.25,10,10,40,1730,0,0,40,1730,0.0,0.0,0.0,0.0,7.679298597303304
tfnbs,"e=1.4,h=10.0,n=30,start_thres=1.25",hub,0.25,10,10,40,1730,0,0,40,1730,0.0,0.0,0.0,0.0,7.679298597303304
tfnbs,"e=1.5,h=0.5,n=30,start_thres=1.25",hub,0.25,10,10,40,1730,0,0,40,1730,0.0,0.0,0.0,0.0,7.679298597303304
tfnbs,"e=1.5,h=1.0,n=30,start_thres=1.25",hub,0.25,10,10,40,1730,0,0,40,1730,0.0,0.0,0.0,0.0,7.679298597303304
tfnbs,"e=1.5,h=2.0,n=30,start_thres=1.25",hub,0.25,10,10,40,1730,0,0,40,1730,0.0,0.0,0.0,0.0,7.679298597303304
tfnbs,"e=1.5,h=3.0,n=30,start_thres=1.25",hub,0.25,10,10,40,1730,0,0,40,1730,0.0,0.0,0.0,0.0,7.679298597303304
tfnbs,"e=1.5,h=4.0,n=30,start_thres=1.25",hub,0.25,10,10,40,1730,0,0,40,1730,0.0,0.0,0.0,0.0,7.679298597303304
tfnbs,"e=1.5,h=5.0,n=30,start_thres=1.25",hub,0.25,10,10,40,1730,0,0,40,1730,0.0,0.0,0.0,0.0,7.679298597303304
tfnbs,"e=1.5,h=6.0,n=30,start_thres=1.25",hub,0.25,10,10,40,1730,0,0,40,1730,0.0,0.0,0.0,0.0,7.679298597303304
tfnbs,"e=1.5,h=7.0,n=30,start_thres=1.25",hub,0.25,10,10,40,1730,0,0,40,1730,0.0,0.0,0.0,0.0,7.679298597303304
tfnbs,"e=1.5,h=8.0,n=30,start_thres=1.25",hub,0.25,10,10,40,1730,0,0,40,1730,0.0,0.0,0.0,0.0,7.679298597303304
tfnbs,"e=1.5,h=9.0,n=30,start_thres=1.25",hub,0.25,10,10,40,1730,0,0,40,1730,0.0,0.0,0.0,0.0,7.679298597303304
tfnbs,"e=1.5,h=10.0,n=30,start_thres=1.25",hub,0.25,10,10,40,1730,0,0,40,1730,0.0,0.0,0.0,0.0,7.679298597303304
tfnbs,"e=0.05,h=0.5,n=30,start_thres=1.25",hub,0.25,10,27,40,1730,0,0,40,1730,0.0,0.0,0.0,0.0,7.603388696908951
tfnbs,"e=0.05,h=1.0,n=30,start_thres=1.25",hub,0.25,10,27,40,1730,0,0,40,1730,0.0,0.0,0.0,0.0,7.603388696908951
tfnbs,"e=0.05,h=2.0,n=30,start_thres=1.25",hub,0.25,10,27,40,1730,0,0,40,1730,0.0,0.0,0.0,0.0,7.603388696908951
tfnbs,"e=0.05,h=3.0,n=30,start_thres=1.25",hub,0.25,10,27,40,1730,0,0,40,1730,0.0,0.0,0.0,0.0,7.603388696908951
tfnbs,"e=0.05,h=4.0,n=30,start_thres=1.25",hub,0.25,10,27,40,1730,0,0,40,1730,0.0,0.0,0.0,0.0,7.603388696908951
tfnbs,"e=0.05,h=5.0,n=30,start_thres=1.25",hub,0.25,10,27,40,1730,0,0,40,1730,0.0,0.0,0.0,0.0,7.603388696908951
tfnbs,"e=0.05,h=6.0,n=30,start_thres=1.25",hub,0.25,10,27,40,1730,0,0,40,1730,0.0,0.0,0.0,0.0,7.603388696908951
tfnbs,"e=0.05,h=7.0,n=30,start_thres=1.25",hub,0.25,10,27,40,1730,0,0,40,1730,0.0,0.0,0.0,0.0,7.603388696908951
tfnbs,"e=0.05,h=8.0,n=30,start_thres=1.25",hub,0.25,10,27,40,1730,0,0,40,1730,0.0,0.0,0.0,0.0,7.603388696908951
tfnbs,"e=0.05,h=9.0,n=30,start_thres=1.25",hub,0.25,10,27,40,1730,0,0,40,1730,0.0,0.0,0.0,0.0,7.603388696908951
tfnbs,"e=0.05,h=10.0,n=30,start_thres=1.25",hub,0.25,10,27,40,1730,0,0,40,1730,0.0,0.0,0.0,0.0,7.603388696908951
tfnbs,"e=0.1,h=0.5,n=30,start_thres=1.25",hub,0.25,10,27,40,1730,0,0,40,1730,0.0,0.0,0.0,0.0,7.603388696908951
tfnbs,"e=0.1,h=1.0,n=30,start_thres=1.25",hub,0.25,10,27,40,1730,0,0,40,1730,0.0,0.0,0.0,0.0,7.603388696908951
tfnbs,"e=0.1,h=2.0,n=30,start_thres=1.25",hub,0.25,10,27,40,1730,0,0,40,1730,0.0,0.0,0.0,0.0,7.603388696908951
tfnbs,"e=0.1,h=3.0,n=30,start_thres=1.25",hub,0.25,10,27,40,1730,0,0,40,1730,0.0,0.0,0.0,0.0,7.603388696908951
tfnbs,"e=0.1,h=4.0,n=30,start_thres=1.25",hub,0.25,10,27,40,1730,0,0,40,1730,0.0,0.0,0.0,0.0,7.603388696908951
tfnbs,"e=0.1,h=5.0,n=30,start_thres=1.25",hub,0.25,10,27,40,1730,0,0,40,1730,0.0,0.0,0.0,0.0,7.603388696908951
tfnbs,"e=0.1,h=6.0,n=30,start_thres=1.25",hub,0.25,10,27,40,1730,0,0,40,1730,0.0,0.0,0.0,0.0,7.603388696908951
tfnbs,"e=0.1,h=7.0,n=30,start_thres=1.25",hub,0.25,10,27,40,1730,0,0,40,1730,0.0,0.0,0.0,0.0,7.603388696908951
tfnbs,"e=0.1,h=8.0,n=30,start_thres=1.25",hub,0.25,10,27,40,1730,0,0,40,1730,0.0,0.0,0.0,0.0,7.603388696908951
tfnbs,"e=0.1,h=9.0,n=30,start_thres=1.25",hub,0.25,10,27,40,1730,0,0,40,1730,0.0,0.0,0.0,0.0,7.603388696908951
tfnbs,"e=0.1,h=10.0,n=30,start_thres=1.25",hub,0.25,10,27,40,1730,0,0,40,1730,0.0,0.0,0.0,0.0,7.603388696908951
tfnbs,"e=0.2,h=0.5,n=30,start_thres=1.25",hub,0.25,10,27,40,1730,0,0,40,1730,0.0,0.0,0.0,0.0,7.603388696908951
tfnbs,"e=0.2,h=1.0,n=30,start_thres=1.25",hub,0.25,10,27,40,1730,0,0,40,1730,0.0,0.0,0.0,0.0,7.603388696908951
tfnbs,"e=0.2,h=2.0,n=30,start_thres=1.25",hub,0.25,10,27,40,1730,0,0,40,1730,0.0,0.0,0.0,0.0,7.603388696908951
tfnbs,"e=0.2,h=3.0,n=30,start_thres=1.25",hub,0.25,10,27,40,1730,0,0,40,1730,0.0,0.0,0.0,0.0,7.603388696908951
tfnbs,"e=0.2,h=4.0,n=30,start_thres=1.25",hub,0.25,10,27,40,1730,0,0,40,1730,0.0,0.0,0.0,0.0,7.603388696908951
tfnbs,"e=0.2,h=5.0,n=30,start_thres=1.25",hub,0.25,10,27,40,1730,0,0,40,1730,0.0,0.0,0.0,0.0,7.603388696908951
tfnbs,"e=0.2,h=6.0,n=30,start_thres=1.25",hub,0.25,10,27,40,1730,0,0,40,1730,0.0,0.0,0.0,0.0,7.603388696908951
tfnbs,"e=0.2,h=7.0,n=30,start_thres=1.25",hub,0.25,10,27,40,1730,0,0,40,1730,0.0,0.0,0.0,0.0,7.603388696908951
tfnbs,"e=0.2,h=8.0,n=30,start_thres=1.25",hub,0.25,10,27,40,1730,0,0,40,1730,0.0,0.0,0.0,0.0,7.603388696908951
tfnbs,"e=0.2,h=9.0,n=30,start_thres=1.25",hub,0.25,10,27,40,1730,0,0,40,1730,0.0,0.0,0.0,0.0,7.603388696908951
tfnbs,"e=0.2,h=10.0,n=30,start_thres=1.25",hub,0.25,10,27,40,1730,0,0,40,1730,0.0,0.0,0.0,0.0,7.603388696908951
tfnbs,"e=0.3,h=0.5,n=30,start_thres=1.25",hub,0.25,10,27,40,1730,0,0,40,1730,0.0,0.0,0.0,0.0,7.603388696908951
tfnbs,"e=0.3,h=1.0,n=30,start_thres=1.25",hub,0.25,10,27,40,1730,0,0,40,1730,0.0,0.0,0.0,0.0,7.603388696908951
tfnbs,"e=0.3,h=2.0,n=30,start_thres=1.25",hub,0.25,10,27,40,1730,0,0,40,1730,0.0,0.0,0.0,0.0,7.603388696908951
tfnbs,"e=0.3,h=3.0,n=30,start_thres=1.25",hub,0.25,10,27,40,1730,0,0,40,1730,0.0,0.0,0.0,0.0,7.603388696908951
tfnbs,"e=0.3,h=4.0,n=30,start_thres=1.25",hub,0.25,10,27,40,1730,0,0,40,1730,0.0,0.0,0.0,0.0,7.603388696908951
tfnbs,"e=0.3,h=5.0,n=30,start_thres=1.25",hub,0.25,10,27,40,1730,0,0,40,1730,0.0,0.0,0.0,0.0,7.603388696908951
tfnbs,"e=0.3,h=6.0,n=30,start_thres=1.25",hub,0.25,10,27,40,1730,0,0,40,1730,0.0,0.0,0.0,0.0,7.603388696908951
tfnbs,"e=0.3,h=7.0,n=30,start_thres=1.25",hub,0.25,10,27,40,1730,0,0,40,1730,0.0,0.0,0.0,0.0,7.603388696908951
tfnbs,"e=0.3,h=8.0,n=30,start_thres=1.25",hub,0.25,10,27,40,1730,0,0,40,1730,0.0,0.0,0.0,0.0,7.603388696908951
tfnbs,"e=0.3,h=9.0,n=30,start_thres=1.25",hub,0.25,10,27,40,1730,0,0,40,1730,0.0,0.0,0.0,0.0,7.603388696908951
tfnbs,"e=0.3,h=10.0,n=30,start_thres=1.25",hub,0.25,10,27,40,1730,0,0,40,1730,0.0,0.0,0.0,0.0,7.603388696908951
tfnbs,"e=0.4,h=0.5,n=30,start_thres=1.25",hub,0.25,10,27,40,1730,0,0,40,1730,0.0,0.0,0.0,0.0,7.603388696908951
tfnbs,"e=0.4,h=1.0,n=30,start_thres=1.25",hub,0.25,10,27,40,1730,0,0,40,1730,0.0,0.0,0.0,0.0,7.603388696908951
tfnbs,"e=0.4,h=2.0,n=30,start_thres=1.25",hub,0.25,10,27,40,1730,0,0,40,1730,0.0,0.0,0.0,0.0,7.603388696908951
tfnbs,"e=0.4,h=3.0,n=30,start_thres=1.25",hub,0.25,10,27,40,1730,0,0,40,1730,0.0,0.0,0.0,0.0,7.603388696908951
tfnbs,"e=0.4,h=4.0,n=30,start_thres=1.25",hub,0.25,10,27,40,1730,0,0,40,1730,0.0,0.0,0.0,0.0,7.603388696908951
tfnbs,"e=0.4,h=5.0,n=30,start_thres=1.25",hub,0.25,10,27,40,1730,0,0,40,1730,0.0,0.0,0.0,0.0,7.603388696908951
tfnbs,"e=0.4,h=6.0,n=30,start_thres=1.25",hub,0.25,10,27,40,1730,0,0,40,1730,0.0,0.0,0.0,0.0,7.603388696908951
tfnbs,"e=0.4,h=7.0,n=30,start_thres=1.25",hub,0.25,10,27,40,1730,0,0,40,1730,0.0,0.0,0.0,0.0,7.603388696908951
tfnbs,"e=0.4,h=8.0,n=30,start_thres=1.25",hub,0.25,10,27,40,1730,0,0,40,1730,0.0,0.0,0.0,0.0,7.603388696908951
tfnbs,"e=0.4,h=9.0,n=30,start_thres=1.25",hub,0.25,10,27,40,1730,0,0,40,1730,0.0,0.0,0.0,0.0,7.603388696908951
tfnbs,"e=0.4,h=10.0,n=30,start_thres=1.25",hub,0.25,10,27,40,1730,0,0,40,1730,0.0,0.0,0.0,0.0,7.603388696908951
tfnbs,"e=0.5,h=0.5,n=30,start_thres=1.25",hub,0.25,10,27,40,1730,0,0,40,1730,0.0,0.0,0.0,0.0,7.603388696908951
tfnbs,"e=0.5,h=1.0,n=30,start_thres=1.25",hub,0.25,10,27,40,1730,0,0,40,1730,0.0,0.0,0.0,0.0,7.603388696908951
tfnbs,"e=0.5,h=2.0,n=30,start_thres=1.25",hub,0.25,10,27,40,1730,0,0,40,1730,0.0,0.0,0.0,0.0,7.603388696908951
tfnbs,"e=0.5,h=3.0,n=30,start_thres=1.25",hub,0.25,10,27,40,1730,0,0,40,1730,0.0,0.0,0.0,0.0,7.603388696908951
tfnbs,"e=0.5,h=4.0,n=30,start_thres=1.25",hub,0.25,10,27,40,1730,0,0,40,1730,0.0,0.0,0.0,0.0,7.603388696908951
tfnbs,"e=0.5,h=5.0,n=30,start_thres=1.25",hub,0.25,10,27,40,1730,0,0,40,1730,0.0,0.0,0.0,0.0,7.603388696908951
tfnbs,"e=0.5,h=6.0,n=30,start_thres=1.25",hub,0.25,10,27,40,1730,0,0,40,1730,0.0,0.0,0.0,0.0,7.603388696908951
tfnbs,"e=0.5,h=7.0,n=30,start_thres=1.25",hub,0.25,10,27,40,1730,0,0,40,1730,0.0,0.0,0.0,0.0,7.603388696908951
tfnbs,"e=0.5,h=8.0,n=30,start_thres=1.25",hub,0.25,10,27,40,1730,0,0,40,1730,0.0,0.0,0.0,0.0,7.603388696908951
tfnbs,"e=0.5,h=9.0,n=30,start_thres=1.25",hub,0.25,10,27,40,1730,0,0,40,1730,0.0,0.0,0.0,0.0,7.603388696908951
tfnbs,"e=0.5,h=10.0,n=30,start_thres=1.25",hub,0.25,10,27,40,1730,0,0,40,1730,0.0,0.0,0.0,0.0,7.603388696908951
tfnbs,"e=0.6,h=0.5,n=30,start_thres=1.25",hub,0.25,10,27,40,1730,0,0,40,1730,0.0,0.0,0.0,0.0,7.603388696908951
tfnbs,"e=0.6,h=1.0,n=30,start_thres=1.25",hub,0.25,10,27,40,1730,0,0,40,1730,0.0,0.0,0.0,0.0,7.603388696908951
tfnbs,"e=0.6,h=2.0,n=30,start_thres=1.25",hub,0.25,10,27,40,1730,0,0,40,1730,0.0,0.0,0.0,0.0,7.603388696908951
tfnbs,"e=0.6,h=3.0,n=30,start_thres=1.25",hub,0.25,10,27,40,1730,0,0,40,1730,0.0,0.0,0.0,0.0,7.603388696908951
tfnbs,"e=0.6,h=4.0,n=30,start_thres=1.25",hub,0.25,10,27,40,1730,0,0,40,1730,0.0,0.0,0.0,0.0,7.603388696908951
tfnbs,"e=0.6,h=5.0,n=30,start_thres=1.25",hub,0.25,10,27,40,1730,0,0,40,1730,0.0,0.0,0.0,0.0,7.603388696908951
tfnbs,"e=0.6,h=6.0,n=30,start_thres=1.25",hub,0.25,10,27,40,1730,0,0,40,1730,0.0,0.0,0.0,0.0,7.603388696908951
tfnbs,"e=0.6,h=7.0,n=30,start_thres=1.25",hub,0.25,10,27,40,1730,0,0,40,1730,0.0,0.0,0.0,0.0,7.603388696908951
tfnbs,"e=0.6,h=8.0,n=30,start_thres=1.25",hub,0.25,10,27,40,1730,0,0,40,1730,0.0,0.0,0.0,0.0,7.603388696908951
tfnbs,"e=0.6,h=9.0,n=30,start_thres=1.25",hub,0.25,10,27,40,1730,0,0,40,1730,0.0,0.0,0.0,0.0,7.603388696908951
tfnbs,"e=0.6,h=10.0,n=30,start_thres=1.25",hub,0.25,10,27,40,1730,0,0,40,1730,0.0,0.0,0.0,0.0,7.603388696908951
tfnbs,"e=0.7,h=0.5,n=30,start_thres=1.25",hub,0.25,10,27,40,1730,0,0,40,1730,0.0,0.0,0.0,0.0,7.603388696908951
tfnbs,"e=0.7,h=1.0,n=30,start_thres=1.25",hub,0.25,10,27,40,1730,0,0,40,1730,0.0,0.0,0.0,0.0,7.603388696908951
tfnbs,"e=0.7,h=2.0,n=30,start_thres=1.25",hub,0.25,10,27,40,1730,0,0,40,1730,0.0,0.0,0.0,0.0,7.603388696908951
tfnbs,"e=0.7,h=3.0,n=30,start_thres=1.25",hub,0.25,10,27,40,1730,0,0,40,1730,0.0,0.0,0.0,0.0,7.603388696908951
tfnbs,"e=0.7,h=4.0,n=30,start_thres=1.25",hub,0.25,10,27,40,1730,0,0,40,1730,0.0,0.0,0.0,0.0,7.603388696908951
tfnbs,"e=0.7,h=5.0,n=30,start_thres=1.25",hub,0.25,10,27,40,1730,0,0,40,1730,0.0,0.0,0.0,0.0,7.603388696908951
tfnbs,"e=0.7,h=6.0,n=30,start_thres=1.25",hub,0.25,10,27,40,1730,0,0,40,1730,0.0,0.0,0.0,0.0,7.603388696908951
tfnbs,"e=0.7,h=7.0,n=30,start_thres=1.25",hub,0.25,10,27,40,1730,0,0,40,1730,0.0,0.0,0.0,0.0,7.603388696908951
tfnbs,"e=0.7,h=8.0,n=30,start_thres=1.25",hub,0.25,10,27,40,1730,0,0,40,1730,0.0,0.0,0.0,0.0,7.603388696908951
tfnbs,"e=0.7,h=9.0,n=30,start_thres=1.25",hub,0.25,10,27,40,1730,0,0,40,1730,0.0,0.0,0.0,0.0,7.603388696908951
tfnbs,"e=0.7,h=10.0,n=30,start_thres=1.25",hub,0.25,10,27,40,1730,0,0,40,1730,0.0,0.0,0.0,0.0,7.603388696908951
tfnbs,"e=0.8,h=0.5,n=30,start_thres=1.25",hub,0.25,10,27,40,1730,0,0,40,1730,0.0,0.0,0.0,0.0,7.603388696908951
tfnbs,"e=0.8,h=1.0,n=30,start_thres=1.25",hub,0.25,10,27,40,1730,0,0,40,1730,0.0,0.0,0.0,0.0,7.603388696908951
tfnbs,"e=0.8,h=2.0,n=30,start_thres=1.25",hub,0.25,10,27,40,1730,0,0,40,1730,0.0,0.0,0.0,0.0,7.603388696908951
tfnbs,"e=0.8,h=3.0,n=30,start_thres=1.25",hub,0.25,10,27,40,1730,0,0,40,1730,0.0,0.0,0.0,0.0,7.603388696908951
tfnbs,"e=0.8,h=4.0,n=30,start_thres=1.25",hub,0.25,10,27,40,1730,0,0,40,1730,0.0,0.0,0.0,0.0,7.603388696908951
tfnbs,"e=0.8,h=5.0,n=30,start_thres=1.25",hub,0.25,10,27,40,1730,0,0,40,1730,0.0,0.0,0.0,0.0,7.603388696908951
tfnbs,"e=0.8,h=6.0,n=30,start_thres=1.25",hub,0.25,10,27,40,1730,0,0,40,1730,0.0,0.0,0.0,0.0,7.603388696908951
tfnbs,"e=0.8,h=7.0,n=30,start_thres=1.25",hub,0.25,10,27,40,1730,0,0,40,1730,0.0,0.0,0.0,0.0,7.603388696908951
tfnbs,"e=0.8,h=8.0,n=30,start_thres=1.25",hub,0.25,10,27,40,1730,0,0,40,1730,0.0,0.0,0.0,0.0,7.603388696908951
tfnbs,"e=0.8,h=9.0,n=30,start_thres=1.25",hub,0.25,10,27,40,1730,0,0,40,1730,0.0,0.0,0.0,0.0,7.603388696908951
tfnbs,"e=0.8,h=10.0,n=30,start_thres=1.25",hub,0.25,10,27,40,1730,0,0,40,1730,0.0,0.0,0.0,0.0,7.603388696908951
tfnbs,"e=0.9,h=0.5,n=30,start_thres=1.25",hub,0.25,10,27,40,1730,0,0,40,1730,0.0,0.0,0.0,0.0,7.603388696908951
tfnbs,"e=0.9,h=1.0,n=30,start_thres=1.25",hub,0.25,10,27,40,1730,0,0,40,1730,0.0,0.0,0.0,0.0,7.603388696908951
tfnbs,"e=0.9,h=2.0,n=30,start_thres=1.25",hub,0.25,10,27,40,1730,0,0,40,1730,0.0,0.0,0.0,0.0,7.603388696908951
tfnbs,"e=0.9,h=3.0,n=30,start_thres=1.25",hub,0.25,10,27,40,1730,0,0,40,1730,0.0,0.0,0.0,0.0,7.603388696908951
tfnbs,"e=0.9,h=4.0,n=30,start_thres=1.25",hub,0.25,10,27,40,1730,0,0,40,1730,0.0,0.0,0.0,0.0,7.603388696908951
tfnbs,"e=0.9,h=5.0,n=30,start_thres=1.25",hub,0.25,10,27,40,1730,0,0,40,1730,0.0,0.0,0.0,0.0,7.603388696908951
tfnbs,"e=0.9,h=6.0,n=30,start_thres=1.25",hub,0.25,10,27,40,1730,0,0,40,1730,0.0,0.0,0.0,0.0,7.603388696908951
tfnbs,"e=0.9,h=7.0,n=30,start_thres=1.25",hub,0.25,10,27,40,1730,0,0,40,1730,0.0,0.0,0.0,0.0,7.603388696908951
tfnbs,"e=0.9,h=8.0,n=30,start_thres=1.25",hub,0.25,10,27,40,1730,0,0,40,1730,0.0,0.0,0.0,0.0,7.603388696908951
tfnbs,"e=0.9,h=9.0,n=30,start_thres=1.25",hub,0.25,10,27,40,1730,0,0,40,1730,0.0,0.0,0.0,0.0,7.603388696908951
tfnbs,"e=0.9,h=10.0,n=30,start_thres=1.25",hub,0.25,10,27,40,1730,0,0,40,1730,0.0,0.0,0.0,0.0,7.603388696908951
tfnbs,"e=1.0,h=0.5,n=30,start_thres=1.25",hub,0.25,10,27,40,1730,0,0,40,1730,0.0,0.0,0.0,0.0,7.603388696908951
tfnbs,"e=1.0,h=1.0,n=30,start_thres=1.25",hub,0.25,10,27,40,1730,0,0,40,1730,0.0,0.0,0.0,0.0,7.603388696908951
tfnbs,"e=1.0,h=2.0,n=30,start_thres=1.25",hub,0.25,10,27,40,1730,0,0,40,1730,0.0,0.0,0.0,0.0,7.603388696908951
tfnbs,"e=1.0,h=3.0,n=30,start_thres=1.25",hub,0.25,10,27,40,1730,0,0,40,1730,0.0,0.0,0.0,0.0,7.603388696908951
tfnbs,"e=1.0,h=4.0,n=30,start_thres=1.25",hub,0.25,10,27,40,1730,0,0,40,1730,0.0,0.0,0.0,0.0,7.603388696908951
tfnbs,"e=1.0,h=5.0,n=30,start_thres=1.25",hub,0.25,10,27,40,1730,0,0,40,1730,0.0,0.0,0.0,0.0,7.603388696908951
tfnbs,"e=1.0,h=6.0,n=30,start_thres=1.25",hub,0.25,10,27,40,1730,0,0,40,1730,0.0,0.0,0.0,0.0,7.603388696908951
tfnbs,"e=1.0,h=7.0,n=30,start_thres=1.25",hub,0.25,10,27,40,1730,0,0,40,1730,0.0,0.0,0.0,0.0,7.603388696908951
tfnbs,"e=1.0,h=8.0,n=30,start_thres=1.25",hub,0.25,10,27,40,1730,0,0,40,1730,0.0,0.0,0.0,0.0,7.603388696908951
tfnbs,"e=1.0,h=9.0,n=30,start_thres=1.25",hub,0.25,10,27,40,1730,0,0,40,1730,0.0,0.0,0.0,0.0,7.603388696908951
tfnbs,"e=1.0,h=10.0,n=30,start_thres=1.25",hub,0.25,10,27,40,1730,0,0,40,1730,0.0,0.0,0.0,0.0,7.603388696908951
tfnbs,"e=1.1,h=0.5,n=30,start_thres=1.25",hub,0.25,10,27,40,1730,0,0,40,1730,0.0,0.0,0.0,0.0,7.603388696908951
tfnbs,"e=1.1,h=1.0,n=30,start_thres=1.25",hub,0.25,10,27,40,1730,0,0,40,1730,0.0,0.0,0.0,0.0,7.603388696908951
tfnbs,"e=1.1,h=2.0,n=30,start_thres=1.25",hub,0.25,10,27,40,1730,0,0,40,1730,0.0,0.0,0.0,0.0,7.603388696908951
tfnbs,"e=1.1,h=3.0,n=30,start_thres=1.25",hub,0.25,10,27,40,1730,0,0,40,1730,0.0,0.0,0.0,0.0,7.603388696908951
tfnbs,"e=1.1,h=4.0,n=30,start_thres=1.25",hub,0.25,10,27,40,1730,0,0,40,1730,0.0,0.0,0.0,0.0,7.603388696908951
tfnbs,"e=1.1,h=5.0,n=30,start_thres=1.25",hub,0.25,10,27,40,1730,0,0,40,1730,0.0,0.0,0.0,0.0,7.603388696908951
tfnbs,"e=1.1,h=6.0,n=30,start_thres=1.25",hub,0.25,10,27,40,1730,0,0,40,1730,0.0,0.0,0.0,0.0,7.603388696908951
tfnbs,"e=1.1,h=7.0,n=30,start_thres=1.25",hub,0.25,10,27,40,1730,0,0,40,1730,0.0,0.0,0.0,0.0,7.603388696908951
tfnbs,"e=1.1,h=8.0,n=30,start_thres=1.25",hub,0.25,10,27,40,1730,0,0,40,1730,0.0,0.0,0.0,0.0,7.603388696908951
tfnbs,"e=1.1,h=9.0,n=30,start_thres=1.25",hub,0.25,10,27,40,1730,0,0,40,1730,0.0,0.0,0.0,0.0,7.603388696908951
tfnbs,"e=1.1,h=10.0,n=30,start_thres=1.25",hub,0.25,10,27,40,1730,0,0,40,1730,0.0,0.0,0.0,0.0,7.603388696908951
tfnbs,"e=1.2,h=0.5,n=30,start_thres=1.25",hub,0.25,10,27,40,1730,0,0,40,1730,0.0,0.0,0.0,0.0,7.603388696908951
tfnbs,"e=1.2,h=1.0,n=30,start_thres=1.25",hub,0.25,10,27,40,1730,0,0,40,1730,0.0,0.0,0.0,0.0,7.603388696908951
tfnbs,"e=1.2,h=2.0,n=30,start_thres=1.25",hub,0.25,10,27,40,1730,0,0,40,1730,0.0,0.0,0.0,0.0,7.603388696908951
tfnbs,"e=1.2,h=3.0,n=30,start_thres=1.25",hub,0.25,10,27,40,1730,0,0,40,1730,0.0,0.0,0.0,0.0,7.603388696908951
tfnbs,"e=1.2,h=4.0,n=30,start_thres=1.25",hub,0.25,10,27,40,1730,0,0,40,1730,0.0,0.0,0.0,0.0,7.603388696908951
tfnbs,"e=1.2,h=5.0,n=30,start_thres=1.25",hub,0.25,10,27,40,1730,0,0,40,1730,0.0,0.0,0.0,0.0,7.603388696908951
tfnbs,"e=1.2,h=6.0,n=30,start_thres=1.25",hub,0.25,10,27,40,1730,0,0,40,1730,0.0,0.0,0.0,0.0,7.603388696908951
tfnbs,"e=1.2,h=7.0,n=30,start_thres=1.25",hub,0.25,10,27,40,1730,0,0,40,1730,0.0,0.0,0.0,0.0,7.603388696908951
tfnbs,"e=1.2,h=8.0,n=30,start_thres=1.25",hub,0.25,10,27,40,1730,0,0,40,1730,0.0,0.0,0.0,0.0,7.603388696908951
tfnbs,"e=1.2,h=9.0,n=30,start_thres=1.25",hub,0.25,10,27,40,1730,0,0,40,1730,0.0,0.0,0.0,0.0,7.603388696908951
tfnbs,"e=1.2,h=10.0,n=30,start_thres=1.25",hub,0.25,10,27,40,1730,0,0,40,1730,0.0,0.0,0.0,0.0,7.603388696908951
tfnbs,"e=1.3,h=0.5,n=30,start_thres=1.25",hub,0.25,10,27,40,1730,0,0,40,1730,0.0,0.0,0.0,0.0,7.603388696908951
tfnbs,"e=1.3,h=1.0,n=30,start_thres=1.25",hub,0.25,10,27,40,1730,0,0,40,1730,0.0,0.0,0.0,0.0,7.603388696908951
tfnbs,"e=1.3,h=2.0,n=30,start_thres=1.25",hub,0.25,10,27,40,1730,0,0,40,1730,0.0,0.0,0.0,0.0,7.603388696908951
tfnbs,"e=1.3,h=3.0,n=30,start_thres=1.25",hub,0.25,10,27,40,1730,0,0,40,1730,0.0,0.0,0.0,0.0,7.603388696908951
tfnbs,"e=1.3,h=4.0,n=30,start_thres=1.25",hub,0.25,10,27,40,1730,0,0,40,1730,0.0,0.0,0.0,0.0,7.603388696908951
tfnbs,"e=1.3,h=5.0,n=30,start_thres=1.25",hub,0.25,10,27,40,1730,0,0,40,1730,0.0,0.0,0.0,0.0,7.603388696908951
tfnbs,"e=1.3,h=6.0,n=30,start_thres=1.25",hub,0.25,10,27,40,1730,0,0,40,1730,0.0,0.0,0.0,0.0,7.603388696908951
tfnbs,"e=1.3,h=7.0,n=30,start_thres=1.25",hub,0.25,10,27,40,1730,0,0,40,1730,0.0,0.0,0.0,0.0,7.603388696908951
tfnbs,"e=1.3,h=8.0,n=30,start_thres=1.25",hub,0.25,10,27,40,1730,0,0,40,1730,0.0,0.0,0.0,0.0,7.603388696908951
tfnbs,"e=1.3,h=9.0,n=30,start_thres=1.25",hub,0.25,10,27,40,1730,0,0,40,1730,0.0,0.0,0.0,0.0,7.603388696908951
tfnbs,"e=1.3,h=10.0,n=30,start_thres=1.25",hub,0.25,10,27,40,1730,0,0,40,1730,0.0,0.0,0.0,0.0,7.603388696908951
tfnbs,"e=1.4,h=0.5,n=30,start_thres=1.25",hub,0.25,10,27,40,1730,0,0,40,1730,0.0,0.0,0.0,0.0,7.603388696908951
tfnbs,"e=1.4,h=1.0,n=30,start_thres=1.25",hub,0.25,10,27,40,1730,0,0,40,1730,0.0,0.0,0.0,0.0,7.603388696908951
tfnbs,"e=1.4,h=2.0,n=30,start_thres=1.25",hub,0.25,10,27,40,1730,0,0,40,1730,0.0,0.0,0.0,0.0,7.603388696908951
tfnbs,"e=1.4,h=3.0,n=30,start_thres=1.25",hub,0.25,10,27,40,1730,0,0,40,1730,0.0,0.0,0.0,0.0,7.603388696908951
tfnbs,"e=1.4,h=4.0,n=30,start_thres=1.25",hub,0.25,10,27,40,1730,0,0,40,1730,0.0,0.0,0.0,0.0,7.603388696908951
tfnbs,"e=1.4,h=5.0,n=30,start_thres=1.25",hub,0.25,10,27,40,1730,0,0,40,1730,0.0,0.0,0.0,0.0,7.603388696908951
tfnbs,"e=1.4,h=6.0,n=30,start_thres=1.25",hub,0.25,10,27,40,1730,0,0,40,1730,0.0,0.0,0.0,0.0,7.603388696908951
tfnbs,"e=1.4,h=7.0,n=30,start_thres=1.25",hub,0.25,10,27,40,1730,0,0,40,1730,0.0,0.0,0.0,0.0,7.603388696908951
tfnbs,"e=1.4,h=8.0,n=30,start_thres=1.25",hub,0.25,10,27,40,1730,0,0,40,1730,0.0,0.0,0.0,0.0,7.603388696908951
tfnbs,"e=1.4,h=9.0,n=30,start_thres=1.25",hub,0.25,10,27,40,1730,0,0,40,1730,0.0,0.0,0.0,0.0,7.603388696908951
tfnbs,"e=1.4,h=10.0,n=30,start_thres=1.25",hub,0.25,10,27,40,1730,0,0,40,1730,0.0,0.0,0.0,0.0,7.603388696908951
tfnbs,"e=1.5,h=0.5,n=30,start_thres=1.25",hub,0.25,10,27,40,1730,0,0,40,1730,0.0,0.0,0.0,0.0,7.603388696908951
tfnbs,"e=1.5,h=1.0,n=30,start_thres=1.25",hub,0.25,10,27,40,1730,0,0,40,1730,0.0,0.0,0.0,0.0,7.603388696908951
tfnbs,"e=1.5,h=2.0,n=30,start_thres=1.25",hub,0.25,10,27,40,1730,0,0,40,1730,0.0,0.0,0.0,0.0,7.603388696908951
tfnbs,"e=1.5,h=3.0,n=30,start_thres=1.25",hub,0.25,10,27,40,1730,0,0,40,1730,0.0,0.0,0.0,0.0,7.603388696908951
tfnbs,"e=1.5,h=4.0,n=30,start_thres=1.25",hub,0.25,10,27,40,1730,0,0,40,1730,0.0,0.0,0.0,0.0,7.603388696908951
tfnbs,"e=1.5,h=5.0,n=30,start_thres=1.25",hub,0.25,10,27,40,1730,0,0,40,1730,0.0,0.0,0.0,0.0,7.603388696908951
tfnbs,"e=1.5,h=6.0,n=30,start_thres=1.25",hub,0.25,10,27,40,1730,0,0,40,1730,0.0,0.0,0.0,0.0,7.603388696908951
tfnbs,"e=1.5,h=7.0,n=30,start_thres=1.25",hub,0.25,10,27,40,1730,0,0,40,1730,0.0,0.0,0.0,0.0,7.603388696908951
tfnbs,"e=1.5,h=8.0,n=30,start_thres=1.25",hub,0.25,10,27,40,1730,0,0,40,1730,0.0,0.0,0.0,0.0,7.603388696908951
tfnbs,"e=1.5,h=9.0,n=30,start_thres=1.25",hub,0.25,10,27,40,1730,0,0,40,1730,0.0,0.0,0.0,0.0,7.603388696908951
tfnbs,"e=1.5,h=10.0,n=30,start_thres=1.25",hub,0.25,10,27,40,1730,0,0,40,1730,0.0,0.0,0.0,0.0,7.603388696908951
tfnbs,"e=0.05,h=0.5,n=30,start_thres=1.25",hub,0.25,10,24,40,1730,1,0,39,1730,0.025,0.0,1.0,0.0,7.629344858906486
tfnbs,"e=0.05,h=1.0,n=30,start_thres=1.25",hub,0.25,10,24,40,1730,1,0,39,1730,0.025,0.0,1.0,0.0,7.629344858906486
tfnbs,"e=0.05,h=2.0,n=30,start_thres=1.25",hub,0.25,10,24,40,1730,1,0,39,1730,0.025,0.0,1.0,0.0,7.629344858906486
tfnbs,"e=0.05,h=3.0,n=30,start_thres=1.25",hub,0.25,10,24,40,1730,1,0,39,1730,0.025,0.0,1.0,0.0,7.629344858906486
tfnbs,"e=0.05,h=4.0,n=30,start_thres=1.25",hub,0.25,10,24,40,1730,1,0,39,1730,0.025,0.0,1.0,0.0,7.629344858906486
tfnbs,"e=0.05,h=5.0,n=30,start_thres=1.25",hub,0.25,10,24,40,1730,1,0,39,1730,0.025,0.0,1.0,0.0,7.629344858906486
tfnbs,"e=0.05,h=6.0,n=30,start_thres=1.25",hub,0.25,10,24,40,1730,1,0,39,1730,0.025,0.0,1.0,0.0,7.629344858906486
tfnbs,"e=0.05,h=7.0,n=30,start_thres=1.25",hub,0.25,10,24,40,1730,1,0,39,1730,0.025,0.0,1.0,0.0,7.629344858906486
tfnbs,"e=0.05,h=8.0,n=30,start_thres=1.25",hub,0.25,10,24,40,1730,1,0,39,1730,0.025,0.0,1.0,0.0,7.629344858906486
tfnbs,"e=0.05,h=9.0,n=30,start_thres=1.25",hub,0.25,10,24,40,1730,1,0,39,1730,0.025,0.0,1.0,0.0,7.629344858906486
tfnbs,"e=0.05,h=10.0,n=30,start_thres=1.25",hub,0.25,10,24,40,1730,1,0,39,1730,0.025,0.0,1.0,0.0,7.629344858906486
tfnbs,"e=0.1,h=0.5,n=30,start_thres=1.25",hub,0.25,10,24,40,1730,1,0,39,1730,0.025,0.0,1.0,0.0,7.629344858906486
tfnbs,"e=0.1,h=1.0,n=30,start_thres=1.25",hub,0.25,10,24,40,1730,1,0,39,1730,0.025,0.0,1.0,0.0,7.629344858906486
tfnbs,"e=0.1,h=2.0,n=30,start_thres=1.25",hub,0.25,10,24,40,1730,1,0,39,1730,0.025,0.0,1.0,0.0,7.629344858906486
tfnbs,"e=0.1,h=3.0,n=30,start_thres=1.25",hub,0.25,10,24,40,1730,1,0,39,1730,0.025,0.0,1.0,0.0,7.629344858906486
tfnbs,"e=0.1,h=4.0,n=30,start_thres=1.25",hub,0.25,10,24,40,1730,1,0,39,1730,0.025,0.0,1.0,0.0,7.629344858906486
tfnbs,"e=0.1,h=5.0,n=30,start_thres=1.25",hub,0.25,10,24,40,1730,1,0,39,1730,0.025,0.0,1.0,0.0,7.629344858906486
tfnbs,"e=0.1,h=6.0,n=30,start_thres=1.25",hub,0.25,10,24,40,1730,1,0,39,1730,0.025,0.0,1.0,0.0,7.629344858906486
tfnbs,"e=0.1,h=7.0,n=30,start_thres=1.25",hub,0.25,10,24,40,1730,1,0,39,1730,0.025,0.0,1.0,0.0,7.629344858906486
tfnbs,"e=0.1,h=8.0,n=30,start_thres=1.25",hub,0.25,10,24,40,1730,1,0,39,1730,0.025,0.0,1.0,0.0,7.629344858906486
tfnbs,"e=0.1,h=9.0,n=30,start_thres=1.25",hub,0.25,10,24,40,1730,1,0,39,1730,0.025,0.0,1.0,0.0,7.629344858906486
tfnbs,"e=0.1,h=10.0,n=30,start_thres=1.25",hub,0.25,10,24,40,1730,1,0,39,1730,0.025,0.0,1.0,0.0,7.629344858906486
tfnbs,"e=0.2,h=0.5,n=30,start_thres=1.25",hub,0.25,10,24,40,1730,1,0,39,1730,0.025,0.0,1.0,0.0,7.629344858906486
tfnbs,"e=0.2,h=1.0,n=30,start_thres=1.25",hub,0.25,10,24,40,1730,1,0,39,1730,0.025,0.0,1.0,0.0,7.629344858906486
tfnbs,"e=0.2,h=2.0,n=30,start_thres=1.25",hub,0.25,10,24,40,1730,1,0,39,1730,0.025,0.0,1.0,0.0,7.629344858906486
tfnbs,"e=0.2,h=3.0,n=30,start_thres=1.25",hub,0.25,10,24,40,1730,1,0,39,1730,0.025,0.0,1.0,0.0,7.629344858906486
tfnbs,"e=0.2,h=4.0,n=30,start_thres=1.25",hub,0.25,10,24,40,1730,1,0,39,1730,0.025,0.0,1.0,0.0,7.629344858906486
tfnbs,"e=0.2,h=5.0,n=30,start_thres=1.25",hub,0.25,10,24,40,1730,1,0,39,1730,0.025,0.0,1.0,0.0,7.629344858906486
tfnbs,"e=0.2,h=6.0,n=30,start_thres=1.25",hub,0.25,10,24,40,1730,1,0,39,1730,0.025,0.0,1.0,0.0,7.629344858906486
tfnbs,"e=0.2,h=7.0,n=30,start_thres=1.25",hub,0.25,10,24,40,1730,1,0,39,1730,0.025,0.0,1.0,0.0,7.629344858906486
tfnbs,"e=0.2,h=8.0,n=30,start_thres=1.25",hub,0.25,10,24,40,1730,1,0,39,1730,0.025,0.0,1.0,0.0,7.629344858906486
tfnbs,"e=0.2,h=9.0,n=30,start_thres=1.25",hub,0.25,10,24,40,1730,1,0,39,1730,0.025,0.0,1.0,0.0,7.629344858906486
tfnbs,"e=0.2,h=10.0,n=30,start_thres=1.25",hub,0.25,10,24,40,1730,1,0,39,1730,0.025,0.0,1.0,0.0,7.629344858906486
tfnbs,"e=0.3,h=0.5,n=30,start_thres=1.25",hub,0.25,10,24,40,1730,1,0,39,1730,0.025,0.0,1.0,0.0,7.629344858906486
tfnbs,"e=0.3,h=1.0,n=30,start_thres=1.25",hub,0.25,10,24,40,1730,1,0,39,1730,0.025,0.0,1.0,0.0,7.629344858906486
tfnbs,"e=0.3,h=2.0,n=30,start_thres=1.25",hub,0.25,10,24,40,1730,1,0,39,1730,0.025,0.0,1.0,0.0,7.629344858906486
tfnbs,"e=0.3,h=3.0,n=30,start_thres=1.25",hub,0.25,10,24,40,1730,1,0,39,1730,0.025,0.0,1.0,0.0,7.629344858906486
tfnbs,"e=0.3,h=4.0,n=30,start_thres=1.25",hub,0.25,10,24,40,1730,1,0,39,1730,0.025,0.0,1.0,0.0,7.629344858906486
tfnbs,"e=0.3,h=5.0,n=30,start_thres=1.25",hub,0.25,10,24,40,1730,1,0,39,1730,0.025,0.0,1.0,0.0,7.629344858906486
tfnbs,"e=0.3,h=6.0,n=30,start_thres=1.25",hub,0.25,10,24,40,1730,1,0,39,1730,0.025,0.0,1.0,0.0,7.629344858906486
tfnbs,"e=0.3,h=7.0,n=30,start_thres=1.25",hub,0.25,10,24,40,1730,1,0,39,1730,0.025,0.0,1.0,0.0,7.629344858906486
tfnbs,"e=0.3,h=8.0,n=30,start_thres=1.25",hub,0.25,10,24,40,1730,1,0,39,1730,0.025,0.0,1.0,0.0,7.629344858906486
tfnbs,"e=0.3,h=9.0,n=30,start_thres=1.25",hub,0.25,10,24,40,1730,1,0,39,1730,0.025,0.0,1.0,0.0,7.629344858906486
tfnbs,"e=0.3,h=10.0,n=30,start_thres=1.25",hub,0.25,10,24,40,1730,1,0,39,1730,0.025,0.0,1.0,0.0,7.629344858906486
tfnbs,"e=0.4,h=0.5,n=30,start_thres=1.25",hub,0.25,10,24,40,1730,1,0,39,1730,0.025,0.0,1.0,0.0,7.629344858906486
tfnbs,"e=0.4,h=1.0,n=30,start_thres=1.25",hub,0.25,10,24,40,1730,1,0,39,1730,0.025,0.0,1.0,0.0,7.629344858906486
tfnbs,"e=0.4,h=2.0,n=30,start_thres=1.25",hub,0.25,10,24,40,1730,1,0,39,1730,0.025,0.0,1.0,0.0,7.629344858906486
tfnbs,"e=0.4,h=3.0,n=30,start_thres=1.25",hub,0.25,10,24,40,1730,1,0,39,1730,0.025,0.0,1.0,0.0,7.629344858906486
tfnbs,"e=0.4,h=4.0,n=30,start_thres=1.25",hub,0.25,10,24,40,1730,1,0,39,1730,0.025,0.0,1.0,0.0,7.629344858906486
tfnbs,"e=0.4,h=5.0,n=30,start_thres=1.25",hub,0.25,10,24,40,1730,1,0,39,1730,0.025,0.0,1.0,0.0,7.629344858906486
tfnbs,"e=0.4,h=6.0,n=30,start_thres=1.25",hub,0.25,10,24,40,1730,1,0,39,1730,0.025,0.0,1.0,0.0,7.629344858906486
tfnbs,"e=0.4,h=7.0,n=30,start_thres=1.25",hub,0.25,10,24,40,1730,1,0,39,1730,0.025,0.0,1.0,0.0,7.629344858906486
tfnbs,"e=0.4,h=8.0,n=30,start_thres=1.25",hub,0.25,10,24,40,1730,1,0,39,1730,0.025,0.0,1.0,0.0,7.629344858906486
tfnbs,"e=0.4,h=9.0,n=30,start_thres=1.25",hub,0.25,10,24,40,1730,1,0,39,1730,0.025,0.0,1.0,0.0,7.629344858906486
tfnbs,"e=0.4,h=10.0,n=30,start_thres=1.25",hub,0.25,10,24,40,1730,1,0,39,1730,0.025,0.0,1.0,0.0,7.629344858906486
tfnbs,"e=0.5,h=0.5,n=30,start_thres=1.25",hub,0.25,10,24,40,1730,1,0,39,1730,0.025,0.0,1.0,0.0,7.629344858906486
tfnbs,"e=0.5,h=1.0,n=30,start_thres=1.25",hub,0.25,10,24,40,1730,1,0,39,1730,0.025,0.0,1.0,0.0,7.629344858906486
tfnbs,"e=0.5,h=2.0,n=30,start_thres=1.25",hub,0.25,10,24,40,1730,1,0,39,1730,0.025,0.0,1.0,0.0,7.629344858906486
tfnbs,"e=0.5,h=3.0,n=30,start_thres=1.25",hub,0.25,10,24,40,1730,1,0,39,1730,0.025,0.0,1.0,0.0,7.629344858906486
tfnbs,"e=0.5,h=4.0,n=30,start_thres=1.25",hub,0.25,10,24,40,1730,1,0,39,1730,0.025,0.0,1.0,0.0,7.629344858906486
tfnbs,"e=0.5,h=5.0,n=30,start_thres=1.25",hub,0.25,10,24,40,1730,1,0,39,1730,0.025,0.0,1.0,0.0,7.629344858906486
tfnbs,"e=0.5,h=6.0,n=30,start_thres=1.25",hub,0.25,10,24,40,1730,1,0,39,1730,0.025,0.0,1.0,0.0,7.629344858906486
tfnbs,"e=0.5,h=7.0,n=30,start_thres=1.25",hub,0.25,10,24,40,1730,1,0,39,1730,0.025,0.0,1.0,0.0,7.629344858906486
tfnbs,"e=0.5,h=8.0,n=30,start_thres=1.25",hub,0.25,10,24,40,1730,1,0,39,1730,0.025,0.0,1.0,0.0,7.629344858906486
tfnbs,"e=0.5,h=9.0,n=30,start_thres=1.25",hub,0.25,10,24,40,1730,1,0,39,1730,0.025,0.0,1.0,0.0,7.629344858906486
tfnbs,"e=0.5,h=10.0,n=30,start_thres=1.25",hub,0.25,10,24,40,1730,1,0,39,1730,0.025,0.0,1.0,0.0,7.629344858906486
tfnbs,"e=0.6,h=0.5,n=30,start_thres=1.25",hub,0.25,10,24,40,1730,1,0,39,1730,0.025,0.0,1.0,0.0,7.629344858906486
tfnbs,"e=0.6,h=1.0,n=30,start_thres=1.25",hub,0.25,10,24,40,1730,1,0,39,1730,0.025,0.0,1.0,0.0,7.629344858906486
tfnbs,"e=0.6,h=2.0,n=30,start_thres=1.25",hub,0.25,10,24,40,1730,1,0,39,1730,0.025,0.0,1.0,0.0,7.629344858906486
tfnbs,"e=0.6,h=3.0,n=30,start_thres=1.25",hub,0.25,10,24,40,1730,1,0,39,1730,0.025,0.0,1.0,0.0,7.629344858906486
tfnbs,"e=0.6,h=4.0,n=30,start_thres=1.25",hub,0.25,10,24,40,1730,1,0,39,1730,0.025,0.0,1.0,0.0,7.629344858906486
tfnbs,"e=0.6,h=5.0,n=30,start_thres=1.25",hub,0.25,10,24,40,1730,1,0,39,1730,0.025,0.0,1.0,0.0,7.629344858906486
tfnbs,"e=0.6,h=6.0,n=30,start_thres=1.25",hub,0.25,10,24,40,1730,1,0,39,1730,0.025,0.0,1.0,0.0,7.629344858906486
tfnbs,"e=0.6,h=7.0,n=30,start_thres=1.25",hub,0.25,10,24,40,1730,1,0,39,1730,0.025,0.0,1.0,0.0,7.629344858906486
tfnbs,"e=0.6,h=8.0,n=30,start_thres=1.25",hub,0.25,10,24,40,1730,1,0,39,1730,0.025,0.0,1.0,0.0,7.629344858906486
tfnbs,"e=0.6,h=9.0,n=30,start_thres=1.25",hub,0.25,10,24,40,1730,1,0,39,1730,0.025,0.0,1.0,0.0,7.629344858906486
tfnbs,"e=0.6,h=10.0,n=30,start_thres=1.25",hub,0.25,10,24,40,1730,1,0,39,1730,0.025,0.0,1.0,0.0,7.629344858906486
tfnbs,"e=0.7,h=0.5,n=30,start_thres=1.25",hub,0.25,10,24,40,1730,1,0,39,1730,0.025,0.0,1.0,0.0,7.629344858906486
tfnbs,"e=0.7,h=1.0,n=30,start_thres=1.25",hub,0.25,10,24,40,1730,1,0,39,1730,0.025,0.0,1.0,0.0,7.629344858906486
tfnbs,"e=0.7,h=2.0,n=30,start_thres=1.25",hub,0.25,10,24,40,1730,1,0,39,1730,0.025,0.0,1.0,0.0,7.629344858906486
tfnbs,"e=0.7,h=3.0,n=30,start_thres=1.25",hub,0.25,10,24,40,1730,1,0,39,1730,0.025,0.0,1.0,0.0,7.629344858906486
tfnbs,"e=0.7,h=4.0,n=30,start_thres=1.25",hub,0.25,10,24,40,1730,1,0,39,1730,0.025,0.0,1.0,0.0,7.629344858906486
tfnbs,"e=0.7,h=5.0,n=30,start_thres=1.25",hub,0.25,10,24,40,1730,1,0,39,1730,0.025,0.0,1.0,0.0,7.629344858906486
tfnbs,"e=0.7,h=6.0,n=30,start_thres=1.25",hub,0.25,10,24,40,1730,1,0,39,1730,0.025,0.0,1.0,0.0,7.629344858906486
tfnbs,"e=0.7,h=7.0,n=30,start_thres=1.25",hub,0.25,10,24,40,1730,1,0,39,1730,0.025,0.0,1.0,0.0,7.629344858906486
tfnbs,"e=0.7,h=8.0,n=30,start_thres=1.25",hub,0.25,10,24,40,1730,1,0,39,1730,0.025,0.0,1.0,0.0,7.629344858906486
tfnbs,"e=0.7,h=9.0,n=30,start_thres=1.25",hub,0.25,10,24,40,1730,1,0,39,1730,0.025,0.0,1.0,0.0,7.629344858906486
tfnbs,"e=0.7,h=10.0,n=30,start_thres=1.25",hub,0.25,10,24,40,1730,1,0,39,1730,0.025,0.0,1.0,0.0,7.629344858906486
tfnbs,"e=0.8,h=0.5,n=30,start_thres=1.25",hub,0.25,10,24,40,1730,1,0,39,1730,0.025,0.0,1.0,0.0,7.629344858906486
tfnbs,"e=0.8,h=1.0,n=30,start_thres=1.25",hub,0.25,10,24,40,1730,1,0,39,1730,0.025,0.0,1.0,0.0,7.629344858906486
tfnbs,"e=0.8,h=2.0,n=30,start_thres=1.25",hub,0.25,10,24,40,1730,1,0,39,1730,0.025,0.0,1.0,0.0,7.629344858906486
tfnbs,"e=0.8,h=3.0,n=30,start_thres=1.25",hub,0.25,10,24,40,1730,1,0,39,1730,0.025,0.0,1.0,0.0,7.629344858906486
tfnbs,"e=0.8,h=4.0,n=30,start_thres=1.25",hub,0.25,10,24,40,1730,1,0,39,1730,0.025,0.0,1.0,0.0,7.629344858906486
tfnbs,"e=0.8,h=5.0,n=30,start_thres=1.25",hub,0.25,10,24,40,1730,1,0,39,1730,0.025,0.0,1.0,0.0,7.629344858906486
tfnbs,"e=0.8,h=6.0,n=30,start_thres=1.25",hub,0.25,10,24,40,1730,1,0,39,1730,0.025,0.0,1.0,0.0,7.629344858906486
tfnbs,"e=0.8,h=7.0,n=30,start_thres=1.25",hub,0.25,10,24,40,1730,1,0,39,1730,0.025,0.0,1.0,0.0,7.629344858906486
tfnbs,"e=0.8,h=8.0,n=30,start_thres=1.25",hub,0.25,10,24,40,1730,1,0,39,1730,0.025,0.0,1.0,0.0,7.629344858906486
tfnbs,"e=0.8,h=9.0,n=30,start_thres=1.25",hub,0.25,10,24,40,1730,1,0,39,1730,0.025,0.0,1.0,0.0,7.629344858906486
tfnbs,"e=0.8,h=10.0,n=30,start_thres=1.25",hub,0.25,10,24,40,1730,1,0,39,1730,0.025,0.0,1.0,0.0,7.629344858906486
tfnbs,"e=0.9,h=0.5,n=30,start_thres=1.25",hub,0.25,10,24,40,1730,1,0,39,1730,0.025,0.0,1.0,0.0,7.629344858906486
tfnbs,"e=0.9,h=1.0,n=30,start_thres=1.25",hub,0.25,10,24,40,1730,1,0,39,1730,0.025,0.0,1.0,0.0,7.629344858906486
tfnbs,"e=0.9,h=2.0,n=30,start_thres=1.25",hub,0.25,10,24,40,1730,1,0,39,1730,0.025,0.0,1.0,0.0,7.629344858906486
tfnbs,"e=0.9,h=3.0,n=30,start_thres=1.25",hub,0.25,10,24,40,1730,1,0,39,1730,0.025,0.0,1.0,0.0,7.629344858906486
tfnbs,"e=0.9,h=4.0,n=30,start_thres=1.25",hub,0.25,10,24,40,1730,1,0,39,1730,0.025,0.0,1.0,0.0,7.629344858906486
tfnbs,"e=0.9,h=5.0,n=30,start_thres=1.25",hub,0.25,10,24,40,1730,1,0,39,1730,0.025,0.0,1.0,0.0,7.629344858906486
tfnbs,"e=0.9,h=6.0,n=30,start_thres=1.25",hub,0.25,10,24,40,1730,1,0,39,1730,0.025,0.0,1.0,0.0,7.629344858906486
tfnbs,"e=0.9,h=7.0,n=30,start_thres=1.25",hub,0.25,10,24,40,1730,1,0,39,1730,0.025,0.0,1.0,0.0,7.629344858906486
tfnbs,"e=0.9,h=8.0,n=30,start_thres=1.25",hub,0.25,10,24,40,1730,1,0,39,1730,0.025,0.0,1.0,0.0,7.629344858906486
tfnbs,"e=0.9,h=9.0,n=30,start_thres=1.25",hub,0.25,10,24,40,1730,1,0,39,1730,0.025,0.0,1.0,0.0,7.629344858906486
tfnbs,"e=0.9,h=10.0,n=30,start_thres=1.25",hub,0.25,10,24,40,1730,1,0,39,1730,0.025,0.0,1.0,0.0,7.629344858906486
tfnbs,"e=1.0,h=0.5,n=30,start_thres=1.25",hub,0.25,10,24,40,1730,1,0,39,1730,0.025,0.0,1.0,0.0,7.629344858906486
tfnbs,"e=1.0,h=1.0,n=30,start_thres=1.25",hub,0.25,10,24,40,1730,1,0,39,1730,0.025,0.0,1.0,0.0,7.629344858906486
tfnbs,"e=1.0,h=2.0,n=30,start_thres=1.25",hub,0.25,10,24,40,1730,1,0,39,1730,0.025,0.0,1.0,0.0,7.629344858906486
tfnbs,"e=1.0,h=3.0,n=30,start_thres=1.25",hub,0.25,10,24,40,1730,1,0,39,1730,0.025,0.0,1.0,0.0,7.629344858906486
tfnbs,"e=1.0,h=4.0,n=30,start_thres=1.25",hub,0.25,10,24,40,1730,1,0,39,1730,0.025,0.0,1.0,0.0,7.629344858906486
tfnbs,"e=1.0,h=5.0,n=30,start_thres=1.25",hub,0.25,10,24,40,1730,1,0,39,1730,0.025,0.0,1.0,0.0,7.629344858906486
tfnbs,"e=1.0,h=6.0,n=30,start_thres=1.25",hub,0.25,10,24,40,1730,1,0,39,1730,0.025,0.0,1.0,0.0,7.629344858906486
tfnbs,"e=1.0,h=7.0,n=30,start_thres=1.25",hub,0.25,10,24,40,1730,1,0,39,1730,0.025,0.0,1.0,0.0,7.629344858906486
tfnbs,"e=1.0,h=8.0,n=30,start_thres=1.25",hub,0.25,10,24,40,1730,1,0,39,1730,0.025,0.0,1.0,0.0,7.629344858906486
tfnbs,"e=1.0,h=9.0,n=30,start_thres=1.25",hub,0.25,10,24,40,1730,1,0,39,1730,0.025,0.0,1.0,0.0,7.629344858906486
tfnbs,"e=1.0,h=10.0,n=30,start_thres=1.25",hub,0.25,10,24,40,1730,1,0,39,1730,0.025,0.0,1.0,0.0,7.629344858906486
tfnbs,"e=1.1,h=0.5,n=30,start_thres=1.25",hub,0.25,10,24,40,1730,1,0,39,1730,0.025,0.0,1.0,0.0,7.629344858906486
tfnbs,"e=1.1,h=1.0,n=30,start_thres=1.25",hub,0.25,10,24,40,1730,1,0,39,1730,0.025,0.0,1.0,0.0,7.629344858906486
tfnbs,"e=1.1,h=2.0,n=30,start_thres=1.25",hub,0.25,10,24,40,1730,1,0,39,1730,0.025,0.0,1.0,0.0,7.629344858906486
tfnbs,"e=1.1,h=3.0,n=30,start_thres=1.25",hub,0.25,10,24,40,1730,1,0,39,1730,0.025,0.0,1.0,0.0,7.629344858906486
tfnbs,"e=1.1,h=4.0,n=30,start_thres=1.25",hub,0.25,10,24,40,1730,1,0,39,1730,0.025,0.0,1.0,0.0,7.629344858906486
tfnbs,"e=1.1,h=5.0,n=30,start_thres=1.25",hub,0.25,10,24,40,1730,1,0,39,1730,0.025,0.0,1.0,0.0,7.629344858906486
tfnbs,"e=1.1,h=6.0,n=30,start_thres=1.25",hub,0.25,10,24,40,1730,1,0,39,1730,0.025,0.0,1.0,0.0,7.629344858906486
tfnbs,"e=1.1,h=7.0,n=30,start_thres=1.25",hub,0.25,10,24,40,1730,1,0,39,1730,0.025,0.0,1.0,0.0,7.629344858906486
tfnbs,"e=1.1,h=8.0,n=30,start_thres=1.25",hub,0.25,10,24,40,1730,1,0,39,1730,0.025,0.0,1.0,0.0,7.629344858906486
tfnbs,"e=1.1,h=9.0,n=30,start_thres=1.25",hub,0.25,10,24,40,1730,1,0,39,1730,0.025,0.0,1.0,0.0,7.629344858906486
tfnbs,"e=1.1,h=10.0,n=30,start_thres=1.25",hub,0.25,10,24,40,1730,1,0,39,1730,0.025,0.0,1.0,0.0,7.629344858906486
tfnbs,"e=1.2,h=0.5,n=30,start_thres=1.25",hub,0.25,10,24,40,1730,1,0,39,1730,0.025,0.0,1.0,0.0,7.629344858906486
tfnbs,"e=1.2,h=1.0,n=30,start_thres=1.25",hub,0.25,10,24,40,1730,1,0,39,1730,0.025,0.0,1.0,0.0,7.629344858906486
tfnbs,"e=1.2,h=2.0,n=30,start_thres=1.25",hub,0.25,10,24,40,1730,1,0,39,1730,0.025,0.0,1.0,0.0,7.629344858906486
tfnbs,"e=1.2,h=3.0,n=30,start_thres=1.25",hub,0.25,10,24,40,1730,1,0,39,1730,0.025,0.0,1.0,0.0,7.629344858906486
tfnbs,"e=1.2,h=4.0,n=30,start_thres=1.25",hub,0.25,10,24,40,1730,1,0,39,1730,0.025,0.0,1.0,0.0,7.629344858906486
tfnbs,"e=1.2,h=5.0,n=30,start_thres=1.25",hub,0.25,10,24,40,1730,1,0,39,1730,0.025,0.0,1.0,0.0,7.629344858906486
tfnbs,"e=1.2,h=6.0,n=30,start_thres=1.25",hub,0.25,10,24,40,1730,1,0,39,1730,0.025,0.0,1.0,0.0,7.629344858906486
tfnbs,"e=1.2,h=7.0,n=30,start_thres=1.25",hub,0.25,10,24,40,1730,1,0,39,1730,0.025,0.0,1.0,0.0,7.629344858906486
tfnbs,"e=1.2,h=8.0,n=30,start_thres=1.25",hub,0.25,10,24,40,1730,1,0,39,1730,0.025,0.0,1.0,0.0,7.629344858906486
tfnbs,"e=1.2,h=9.0,n=30,start_thres=1.25",hub,0.25,10,24,40,1730,1,0,39,1730,0.025,0.0,1.0,0.0,7.629344858906486
tfnbs,"e=1.2,h=10.0,n=30,start_thres=1.25",hub,0.25,10,24,40,1730,1,0,39,1730,0.025,0.0,1.0,0.0,7.629344858906486
tfnbs,"e=1.3,h=0.5,n=30,start_thres=1.25",hub,0.25,10,24,40,1730,1,0,39,1730,0.025,0.0,1.0,0.0,7.629344858906486
tfnbs,"e=1.3,h=1.0,n=30,start_thres=1.25",hub,0.25,10,24,40,1730,1,0,39,1730,0.025,0.0,1.0,0.0,7.629344858906486
tfnbs,"e=1.3,h=2.0,n=30,start_thres=1.25",hub,0.25,10,24,40,1730,1,0,39,1730,0.025,0.0,1.0,0.0,7.629344858906486
tfnbs,"e=1.3,h=3.0,n=30,start_thres=1.25",hub,0.25,10,24,40,1730,1,0,39,1730,0.025,0.0,1.0,0.0,7.629344858906486
tfnbs,"e=1.3,h=4.0,n=30,start_thres=1.25",hub,0.25,10,24,40,1730,1,0,39,1730,0.025,0.0,1.0,0.0,7.629344858906486
tfnbs,"e=1.3,h=5.0,n=30,start_thres=1.25",hub,0.25,10,24,40,1730,1,0,39,1730,0.025,0.0,1.0,0.0,7.629344858906486
tfnbs,"e=1.3,h=6.0,n=30,start_thres=1.25",hub,0.25,10,24,40,1730,1,0,39,1730,0.025,0.0,1.0,0.0,7.629344858906486
tfnbs,"e=1.3,h=7.0,n=30,start_thres=1.25",hub,0.25,10,24,40,1730,1,0,39,1730,0.025,0.0,1.0,0.0,7.629344858906486
tfnbs,"e=1.3,h=8.0,n=30,start_thres=1.25",hub,0.25,10,24,40,1730,1,0,39,1730,0.025,0.0,1.0,0.0,7.629344858906486
tfnbs,"e=1.3,h=9.0,n=30,start_thres=1.25",hub,0.25,10,24,40,1730,1,0,39,1730,0.025,0.0,1.0,0.0,7.629344858906486
tfnbs,"e=1.3,h=10.0,n=30,start_thres=1.25",hub,0.25,10,24,40,1730,1,0,39,1730,0.025,0.0,1.0,0.0,7.629344858906486
tfnbs,"e=1.4,h=0.5,n=30,start_thres=1.25",hub,0.25,10,24,40,1730,0,0,40,1730,0.0,0.0,0.0,0.0,7.629344858906486
tfnbs,"e=1.4,h=1.0,n=30,start_thres=1.25",hub,0.25,10,24,40,1730,1,0,39,1730,0.025,0.0,1.0,0.0,7.629344858906486
tfnbs,"e=1.4,h=2.0,n=30,start_thres=1.25",hub,0.25,10,24,40,1730,1,0,39,1730,0.025,0.0,1.0,0.0,7.629344858906486
tfnbs,"e=1.4,h=3.0,n=30,start_thres=1.25",hub,0.25,10,24,40,1730,1,0,39,1730,0.025,0.0,1.0,0.0,7.629344858906486
tfnbs,"e=1.4,h=4.0,n=30,start_thres=1.25",hub,0.25,10,24,40,1730,1,0,39,1730,0.025,0.0,1.0,0.0,7.629344858906486
tfnbs,"e=1.4,h=5.0,n=30,start_thres=1.25",hub,0.25,10,24,40,1730,1,0,39,1730,0.025,0.0,1.0,0.0,7.629344858906486
tfnbs,"e=1.4,h=6.0,n=30,start_thres=1.25",hub,0.25,10,24,40,1730,1,0,39,1730,0.025,0.0,1.0,0.0,7.629344858906486
tfnbs,"e=1.4,h=7.0,n=30,start_thres=1.25",hub,0.25,10,24,40,1730,1,0,39,1730,0.025,0.0,1.0,0.0,7.629344858906486
tfnbs,"e=1.4,h=8.0,n=30,start_thres=1.25",hub,0.25,10,24,40,1730,1,0,39,1730,0.025,0.0,1.0,0.0,7.629344858906486
tfnbs,"e=1.4,h=9.0,n=30,start_thres=1.25",hub,0.25,10,24,40,1730,1,0,39,1730,0.025,0.0,1.0,0.0,7.629344858906486
tfnbs,"e=1.4,h=10.0,n=30,start_thres=1.25",hub,0.25,10,24,40,1730,1,0,39,1730,0.025,0.0,1.0,0.0,7.629344858906486
tfnbs,"e=1.5,h=0.5,n=30,start_thres=1.25",hub,0.25,10,24,40,1730,0,0,40,1730,0.0,0.0,0.0,0.0,7.629344858906486
tfnbs,"e=1.5,h=1.0,n=30,start_thres=1.25",hub,0.25,10,24,40,1730,0,0,40,1730,0.0,0.0,0.0,0.0,7.629344858906486
tfnbs,"e=1.5,h=2.0,n=30,start_thres=1.25",hub,0.25,10,24,40,1730,1,0,39,1730,0.025,0.0,1.0,0.0,7.629344858906486
tfnbs,"e=1.5,h=3.0,n=30,start_thres=1.25",hub,0.25,10,24,40,1730,4,2,36,1728,0.1,0.0011560693641618,0.6666666666666666,0.3333333333333333,7.629344858906486
tfnbs,"e=1.5,h=4.0,n=30,start_thres=1.25",hub,0.25,10,24,40,1730,3,2,37,1728,0.075,0.0011560693641618,0.6,0.4,7.629344858906486
tfnbs,"e=1.5,h=5.0,n=30,start_thres=1.25",hub,0.25,10,24,40,1730,1,0,39,1730,0.025,0.0,1.0,0.0,7.629344858906486
tfnbs,"e=1.5,h=6.0,n=30,start_thres=1.25",hub,0.25,10,24,40,1730,1,0,39,1730,0.025,0.0,1.0,0.0,7.629344858906486
tfnbs,"e=1.5,h=7.0,n=30,start_thres=1.25",hub,0.25,10,24,40,1730,1,0,39,1730,0.025,0.0,1.0,0.0,7.629344858906486
tfnbs,"e=1.5,h=8.0,n=30,start_thres=1.25",hub,0.25,10,24,40,1730,1,0,39,1730,0.025,0.0,1.0,0.0,7.629344858906486
tfnbs,"e=1.5,h=9.0,n=30,start_thres=1.25",hub,0.25,10,24,40,1730,1,0,39,1730,0.025,0.0,1.0,0.0,7.629344858906486
tfnbs,"e=1.5,h=10.0,n=30,start_thres=1.25",hub,0.25,10,24,40,1730,1,0,39,1730,0.025,0.0,1.0,0.0,7.629344858906486
tfnbs,"e=0.05,h=0.5,n=30,start_thres=1.25",hub,0.25,10,29,40,1730,0,2,40,1728,0.0,0.0011560693641618,0.0,1.0,7.60756308788603
tfnbs,"e=0.05,h=1.0,n=30,start_thres=1.25",hub,0.25,10,29,40,1730,0,2,40,1728,0.0,0.0011560693641618,0.0,1.0,7.60756308788603
tfnbs,"e=0.05,h=2.0,n=30,start_thres=1.25",hub,0.25,10,29,40,1730,0,2,40,1728,0.0,0.0011560693641618,0.0,1.0,7.60756308788603
tfnbs,"e=0.05,h=3.0,n=30,start_thres=1.25",hub,0.25,10,29,40,1730,0,2,40,1728,0.0,0.0011560693641618,0.0,1.0,7.60756308788603
tfnbs,"e=0.05,h=4.0,n=30,start_thres=1.25",hub,0.25,10,29,40,1730,0,2,40,1728,0.0,0.0011560693641618,0.0,1.0,7.60756308788603
tfnbs,"e=0.05,h=5.0,n=30,start_thres=1.25",hub,0.25,10,29,40,1730,0,2,40,1728,0.0,0.0011560693641618,0.0,1.0,7.60756308788603
tfnbs,"e=0.05,h=6.0,n=30,start_thres=1.25",hub,0.25,10,29,40,1730,0,2,40,1728,0.0,0.0011560693641618,0.0,1.0,7.60756308788603
tfnbs,"e=0.05,h=7.0,n=30,start_thres=1.25",hub,0.25,10,29,40,1730,0,2,40,1728,0.0,0.0011560693641618,0.0,1.0,7.60756308788603
tfnbs,"e=0.05,h=8.0,n=30,start_thres=1.25",hub,0.25,10,29,40,1730,0,2,40,1728,0.0,0.0011560693641618,0.0,1.0,7.60756308788603
tfnbs,"e=0.05,h=9.0,n=30,start_thres=1.25",hub,0.25,10,29,40,1730,0,2,40,1728,0.0,0.0011560693641618,0.0,1.0,7.60756308788603
tfnbs,"e=0.05,h=10.0,n=30,start_thres=1.25",hub,0.25,10,29,40,1730,0,2,40,1728,0.0,0.0011560693641618,0.0,1.0,7.60756308788603
tfnbs,"e=0.1,h=0.5,n=30,start_thres=1.25",hub,0.25,10,29,40,1730,0,2,40,1728,0.0,0.0011560693641618,0.0,1.0,7.60756308788603
tfnbs,"e=0.1,h=1.0,n=30,start_thres=1.25",hub,0.25,10,29,40,1730,0,2,40,1728,0.0,0.0011560693641618,0.0,1.0,7.60756308788603
tfnbs,"e=0.1,h=2.0,n=30,start_thres=1.25",hub,0.25,10,29,40,1730,0,2,40,1728,0.0,0.0011560693641618,0.0,1.0,7.60756308788603
tfnbs,"e=0.1,h=3.0,n=30,start_thres=1.25",hub,0.25,10,29,40,1730,0,2,40,1728,0.0,0.0011560693641618,0.0,1.0,7.60756308788603
tfnbs,"e=0.1,h=4.0,n=30,start_thres=1.25",hub,0.25,10,29,40,1730,0,2,40,1728,0.0,0.0011560693641618,0.0,1.0,7.60756308788603
tfnbs,"e=0.1,h=5.0,n=30,start_thres=1.25",hub,0.25,10,29,40,1730,0,2,40,1728,0.0,0.0011560693641618,0.0,1.0,7.60756308788603
tfnbs,"e=0.1,h=6.0,n=30,start_thres=1.25",hub,0.25,10,29,40,1730,0,2,40,1728,0.0,0.0011560693641618,0.0,1.0,7.60756308788603
tfnbs,"e=0.1,h=7.0,n=30,start_thres=1.25",hub,0.25,10,29,40,1730,0,2,40,1728,0.0,0.0011560693641618,0.0,1.0,7.60756308788603
tfnbs,"e=0.1,h=8.0,n=30,start_thres=1.25",hub,0.25,10,29,40,1730,0,2,40,1728,0.0,0.0011560693641618,0.0,1.0,7.60756308788603
tfnbs,"e=0.1,h=9.0,n=30,start_thres=1.25",hub,0.25,10,29,40,1730,0,2,40,1728,0.0,0.0011560693641618,0.0,1.0,7.60756308788603
tfnbs,"e=0.1,h=10.0,n=30,start_thres=1.25",hub,0.25,10,29,40,1730,0,2,40,1728,0.0,0.0011560693641618,0.0,1.0,7.60756308788603
tfnbs,"e=0.2,h=0.5,n=30,start_thres=1.25",hub,0.25,10,29,40,1730,0,1,40,1729,0.0,0.0005780346820809,0.0,1.0,7.60756308788603
tfnbs,"e=0.2,h=1.0,n=30,start_thres=1.25",hub,0.25,10,29,40,1730,0,1,40,1729,0.0,0.0005780346820809,0.0,1.0,7.60756308788603
tfnbs,"e=0.2,h=2.0,n=30,start_thres=1.25",hub,0.25,10,29,40,1730,0,1,40,1729,0.0,0.0005780346820809,0.0,1.0,7.60756308788603
tfnbs,"e=0.2,h=3.0,n=30,start_thres=1.25",hub,0.25,10,29,40,1730,0,2,40,1728,0.0,0.0011560693641618,0.0,1.0,7.60756308788603
tfnbs,"e=0.2,h=4.0,n=30,start_thres=1.25",hub,0.25,10,29,40,1730,0,2,40,1728,0.0,0.0011560693641618,0.0,1.0,7.60756308788603
tfnbs,"e=0.2,h=5.0,n=30,start_thres=1.25",hub,0.25,10,29,40,1730,0,2,40,1728,0.0,0.0011560693641618,0.0,1.0,7.60756308788603
tfnbs,"e=0.2,h=6.0,n=30,start_thres=1.25",hub,0.25,10,29,40,1730,0,2,40,1728,0.0,0.0011560693641618,0.0,1.0,7.60756308788603
tfnbs,"e=0.2,h=7.0,n=30,start_thres=1.25",hub,0.25,10,29,40,1730,0,2,40,1728,0.0,0.0011560693641618,0.0,1.0,7.60756308788603
tfnbs,"e=0.2,h=8.0,n=30,start_thres=1.25",hub,0.25,10,29,40,1730,0,2,40,1728,0.0,0.0011560693641618,0.0,1.0,7.60756308788603
tfnbs,"e=0.2,h=9.0,n=30,start_thres=1.25",hub,0.25,10,29,40,1730,0,2,40,1728,0.0,0.0011560693641618,0.0,1.0,7.60756308788603
tfnbs,"e=0.2,h=10.0,n=30,start_thres=1.25",hub,0.25,10,29,40,1730,0,2,40,1728,0.0,0.0011560693641618,0.0,1.0,7.60756308788603
tfnbs,"e=0.3,h=0.5,n=30,start_thres=1.25",hub,0.25,10,29,40,1730,0,1,40,1729,0.0,0.0005780346820809,0.0,1.0,7.60756308788603
tfnbs,"e=0.3,h=1.0,n=30,start_thres=1.25",hub,0.25,10,29,40,1730,0,1,40,1729,0.0,0.0005780346820809,0.0,1.0,7.60756308788603
tfnbs,"e=0.3,h=2.0,n=30,start_thres=1.25",hub,0.25,10,29,40,1730,0,1,40,1729,0.0,0.0005780346820809,0.0,1.0,7.60756308788603
tfnbs,"e=0.3,h=3.0,n=30,start_thres=1.25",hub,0.25,10,29,40,1730,0,2,40,1728,0.0,0.0011560693641618,0.0,1.0,7.60756308788603
tfnbs,"e=0.3,h=4.0,n=30,start_thres=1.25",hub,0.25,10,29,40,1730,0,2,40,1728,0.0,0.0011560693641618,0.0,1.0,7.60756308788603
tfnbs,"e=0.3,h=5.0,n=30,start_thres=1.25",hub,0.25,10,29,40,1730,0,2,40,1728,0.0,0.0011560693641618,0.0,1.0,7.60756308788603
tfnbs,"e=0.3,h=6.0,n=30,start_thres=1.25",hub,0.25,10,29,40,1730,0,2,40,1728,0.0,0.0011560693641618,0.0,1.0,7.60756308788603
tfnbs,"e=0.3,h=7.0,n=30,start_thres=1.25",hub,0.25,10,29,40,1730,0,2,40,1728,0.0,0.0011560693641618,0.0,1.0,7.60756308788603
tfnbs,"e=0.3,h=8.0,n=30,start_thres=1.25",hub,0.25,10,29,40,1730,0,2,40,1728,0.0,0.0011560693641618,0.0,1.0,7.60756308788603
tfnbs,"e=0.3,h=9.0,n=30,start_thres=1.25",hub,0.25,10,29,40,1730,0,2,40,1728,0.0,0.0011560693641618,0.0,1.0,7.60756308788603
tfnbs,"e=0.3,h=10.0,n=30,start_thres=1.25",hub,0.25,10,29,40,1730,0,2,40,1728,0.0,0.0011560693641618,0.0,1.0,7.60756308788603
tfnbs,"e=0.4,h=0.5,n=30,start_thres=1.25",hub,0.25,10,29,40,1730,0,1,40,1729,0.0,0.0005780346820809,0.0,1.0,7.60756308788603
tfnbs,"e=0.4,h=1.0,n=30,start_thres=1.25",hub,0.25,10,29,40,1730,0,1,40,1729,0.0,0.0005780346820809,0.0,1.0,7.60756308788603
tfnbs,"e=0.4,h=2.0,n=30,start_thres=1.25",hub,0.25,10,29,40,1730,0,1,40,1729,0.0,0.0005780346820809,0.0,1.0,7.60756308788603
tfnbs,"e=0.4,h=3.0,n=30,start_thres=1.25",hub,0.25,10,29,40,1730,0,1,40,1729,0.0,0.0005780346820809,0.0,1.0,7.60756308788603
tfnbs,"e=0.4,h=4.0,n=30,start_thres=1.25",hub,0.25,10,29,40,1730,0,2,40,1728,0.0,0.0011560693641618,0.0,1.0,7.60756308788603
tfnbs,"e=0.4,h=5.0,n=30,start_thres=1.25",hub,0.25,10,29,40,1730,0,2,40,1728,0.0,0.0011560693641618,0.0,1.0,7.60756308788603
tfnbs,"e=0.4,h=6.0,n=30,start_thres=1.25",hub,0.25,10,29,40,1730,0,2,40,1728,0.0,0.0011560693641618,0.0,1.0,7.60756308788603
tfnbs,"e=0.4,h=7.0,n=30,start_thres=1.25",hub,0.25,10,29,40,1730,0,2,40,1728,0.0,0.0011560693641618,0.0,1.0,7.60756308788603
tfnbs,"e=0.4,h=8.0,n=30,start_thres=1.25",hub,0.25,10,29,40,1730,0,2,40,1728,0.0,0.0011560693641618,0.0,1.0,7.60756308788603
tfnbs,"e=0.4,h=9.0,n=30,start_thres=1.25",hub,0.25,10,29,40,1730,0,2,40,1728,0.0,0.0011560693641618,0.0,1.0,7.60756308788603
tfnbs,"e=0.4,h=10.0,n=30,start_thres=1.25",hub,0.25,10,29,40,1730,0,2,40,1728,0.0,0.0011560693641618,0.0,1.0,7.60756308788603
tfnbs,"e=0.5,h=0.5,n=30,start_thres=1.25",hub,0.25,10,29,40,1730,0,1,40,1729,0.0,0.0005780346820809,0.0,1.0,7.60756308788603
tfnbs,"e=0.5,h=1.0,n=30,start_thres=1.25",hub,0.25,10,29,40,1730,0,1,40,1729,0.0,0.0005780346820809,0.0,1.0,7.60756308788603
tfnbs,"e=0.5,h=2.0,n=30,start_thres=1.25",hub,0.25,10,29,40,1730,0,1,40,1729,0.0,0.0005780346820809,0.0,1.0,7.60756308788603
tfnbs,"e=0.5,h=3.0,n=30,start_thres=1.25",hub,0.25,10,29,40,1730,0,1,40,1729,0.0,0.0005780346820809,0.0,1.0,7.60756308788603
tfnbs,"e=0.5,h=4.0,n=30,start_thres=1.25",hub,0.25,10,29,40,1730,0,1,40,1729,0.0,0.0005780346820809,0.0,1.0,7.60756308788603
tfnbs,"e=0.5,h=5.0,n=30,start_thres=1.25",hub,0.25,10,29,40,1730,0,2,40,1728,0.0,0.0011560693641618,0.0,1.0,7.60756308788603
tfnbs,"e=0.5,h=6.0,n=30,start_thres=1.25",hub,0.25,10,29,40,1730,0,2,40,1728,0.0,0.0011560693641618,0.0,1.0,7.60756308788603
tfnbs,"e=0.5,h=7.0,n=30,start_thres=1.25",hub,0.25,10,29,40,1730,0,2,40,1728,0.0,0.0011560693641618,0.0,1.0,7.60756308788603
tfnbs,"e=0.5,h=8.0,n=30,start_thres=1.25",hub,0.25,10,29,40,1730,0,2,40,1728,0.0,0.0011560693641618,0.0,1.0,7.60756308788603
tfnbs,"e=0.5,h=9.0,n=30,start_thres=1.25",hub,0.25,10,29,40,1730,0,2,40,1728,0.0,0.0011560693641618,0.0,1.0,7.60756308788603
tfnbs,"e=0.5,h=10.0,n=30,start_thres=1.25",hub,0.25,10,29,40,1730,0,2,40,1728,0.0,0.0011560693641618,0.0,1.0,7.60756308788603
tfnbs,"e=0.6,h=0.5,n=30,start_thres=1.25",hub,0.25,10,29,40,1730,0,4,40,1726,0.0,0.0023121387283236,0.0,1.0,7.60756308788603
tfnbs,"e=0.6,h=1.0,n=30,start_thres=1.25",hub,0.25,10,29,40,1730,0,1,40,1729,0.0,0.0005780346820809,0.0,1.0,7.60756308788603
tfnbs,"e=0.6,h=2.0,n=30,start_thres=1.25",hub,0.25,10,29,40,1730,0,1,40,1729,0.0,0.0005780346820809,0.0,1.0,7.60756308788603
tfnbs,"e=0.6,h=3.0,n=30,start_thres=1.25",hub,0.25,10,29,40,1730,0,1,40,1729,0.0,0.0005780346820809,0.0,1.0,7.60756308788603
tfnbs,"e=0.6,h=4.0,n=30,start_thres=1.25",hub,0.25,10,29,40,1730,0,1,40,1729,0.0,0.0005780346820809,0.0,1.0,7.60756308788603
tfnbs,"e=0.6,h=5.0,n=30,start_thres=1.25",hub,0.25,10,29,40,1730,0,2,40,1728,0.0,0.0011560693641618,0.0,1.0,7.60756308788603
tfnbs,"e=0.6,h=6.0,n=30,start_thres=1.25",hub,0.25,10,29,40,1730,0,2,40,1728,0.0,0.0011560693641618,0.0,1.0,7.60756308788603
tfnbs,"e=0.6,h=7.0,n=30,start_thres=1.25",hub,0.25,10,29,40,1730,0,2,40,1728,0.0,0.0011560693641618,0.0,1.0,7.60756308788603
tfnbs,"e=0.6,h=8.0,n=30,start_thres=1.25",hub,0.25,10,29,40,1730,0,2,40,1728,0.0,0.0011560693641618,0.0,1.0,7.60756308788603
tfnbs,"e=0.6,h=9.0,n=30,start_thres=1.25",hub,0.25,10,29,40,1730,0,2,40,1728,0.0,0.0011560693641618,0.0,1.0,7.60756308788603
tfnbs,"e=0.6,h=10.0,n=30,start_thres=1.25",hub,0.25,10,29,40,1730,0,2,40,1728,0.0,0.0011560693641618,0.0,1.0,7.60756308788603
tfnbs,"e=0.7,h=0.5,n=30,start_thres=1.25",hub,0.25,10,29,40,1730,3,12,37,1718,0.075,0.006936416184971,0.2,0.8,7.60756308788603
tfnbs,"e=0.7,h=1.0,n=30,start_thres=1.25",hub,0.25,10,29,40,1730,0,9,40,1721,0.0,0.0052023121387283,0.0,1.0,7.60756308788603
tfnbs,"e=0.7,h=2.0,n=30,start_thres=1.25",hub,0.25,10,29,40,1730,0,1,40,1729,0.0,0.0005780346820809,0.0,1.0,7.60756308788603
tfnbs,"e=0.7,h=3.0,n=30,start_thres=1.25",hub,0.25,10,29,40,1730,0,1,40,1729,0.0,0.0005780346820809,0.0,1.0,7.60756308788603
tfnbs,"e=0.7,h=4.0,n=30,start_thres=1.25",hub,0.25,10,29,40,1730,0,1,40,1729,0.0,0.0005780346820809,0.0,1.0,7.60756308788603
tfnbs,"e=0.7,h=5.0,n=30,start_thres=1.25",hub,0.25,10,29,40,1730,0,1,40,1729,0.0,0.0005780346820809,0.0,1.0,7.60756308788603
tfnbs,"e=0.7,h=6.0,n=30,start_thres=1.25",hub,0.25,10,29,40,1730,0,2,40,1728,0.0,0.0011560693641618,0.0,1.0,7.60756308788603
tfnbs,"e=0.7,h=7.0,n=30,start_thres=1.25",hub,0.25,10,29,40,1730,0,2,40,1728,0.0,0.0011560693641618,0.0,1.0,7.60756308788603
tfnbs,"e=0.7,h=8.0,n=30,start_thres=1.25",hub,0.25,10,29,40,1730,0,2,40,1728,0.0,0.0011560693641618,0.0,1.0,7.60756308788603
tfnbs,"e=0.7,h=9.0,n=30,start_thres=1.25",hub,0.25,10,29,40,1730,0,2,40,1728,0.0,0.0011560693641618,0.0,1.0,7.60756308788603
tfnbs,"e=0.7,h=10.0,n=30,start_thres=1.25",hub,0.25,10,29,40,1730,0,2,40,1728,0.0,0.0011560693641618,0.0,1.0,7.60756308788603
tfnbs,"e=0.8,h=0.5,n=30,start_thres=1.25",hub,0.25,10,29,40,1730,5,18,35,1712,0.125,0.0104046242774566,0.217391304347826,0.782608695652174,7.60756308788603
tfnbs,"e=0.8,h=1.0,n=30,start_thres=1.25",hub,0.25,10,29,40,1730,3,14,37,1716,0.075,0.0080924855491329,0.1764705882352941,0.8235294117647058,7.60756308788603
tfnbs,"e=0.8,h=2.0,n=30,start_thres=1.25",hub,0.25,10,29,40,1730,0,5,40,1725,0.0,0.0028901734104046,0.0,1.0,7.60756308788603
tfnbs,"e=0.8,h=3.0,n=30,start_thres=1.25",hub,0.25,10,29,40,1730,0,1,40,1729,0.0,0.0005780346820809,0.0,1.0,7.60756308788603
tfnbs,"e=0.8,h=4.0,n=30,start_thres=1.25",hub,0.25,10,29,40,1730,0,1,40,1729,0.0,0.0005780346820809,0.0,1.0,7.60756308788603
tfnbs,"e=0.8,h=5.0,n=30,start_thres=1.25",hub,0.25,10,29,40,1730,0,1,40,1729,0.0,0.0005780346820809,0.0,1.0,7.60756308788603
tfnbs,"e=0.8,h=6.0,n=30,start_thres=1.25",hub,0.25,10,29,40,1730,0,2,40,1728,0.0,0.0011560693641618,0.0,1.0,7.60756308788603
tfnbs,"e=0.8,h=7.0,n=30,start_thres=1.25",hub,0.25,10,29,40,1730,0,2,40,1728,0.0,0.0011560693641618,0.0,1.0,7.60756308788603
tfnbs,"e=0.8,h=8.0,n=30,start_thres=1.25",hub,0.25,10,29,40,1730,0,2,40,1728,0.0,0.0011560693641618,0.0,1.0,7.60756308788603
tfnbs,"e=0.8,h=9.0,n=30,start_thres=1.25",hub,0.25,10,29,40,1730,0,2,40,1728,0.0,0.0011560693641618,0.0,1.0,7.60756308788603
tfnbs,"e=0.8,h=10.0,n=30,start_thres=1.25",hub,0.25,10,29,40,1730,0,2,40,1728,0.0,0.0011560693641618,0.0,1.0,7.60756308788603
tfnbs,"e=0.9,h=0.5,n=30,start_thres=1.25",hub,0.25,10,29,40,1730,7,25,33,1705,0.175,0.0144508670520231,0.21875,0.78125,7.60756308788603
tfnbs,"e=0.9,h=1.0,n=30,start_thres=1.25",hub,0.25,10,29,40,1730,5,20,35,1710,0.125,0.0115606936416184,0.2,0.8,7.60756308788603
tfnbs,"e=0.9,h=2.0,n=30,start_thres=1.25",hub,0.25,10,29,40,1730,3,13,37,1717,0.075,0.007514450867052,0.1875,0.8125,7.60756308788603
tfnbs,"e=0.9,h=3.0,n=30,start_thres=1.25",hub,0.25,10,29,40,1730,0,4,40,1726,0.0,0.0023121387283236,0.0,1.0,7.60756308788603
tfnbs,"e=0.9,h=4.0,n=30,start_thres=1.25",hub,0.25,10,29,40,1730,0,1,40,1729,0.0,0.0005780346820809,0.0,1.0,7.60756308788603
tfnbs,"e=0.9,h=5.0,n=30,start_thres=1.25",hub,0.25,10,29,40,1730,0,1,40,1729,0.0,0.0005780346820809,0.0,1.0,7.60756308788603
tfnbs,"e=0.9,h=6.0,n=30,start_thres=1.25",hub,0.25,10,29,40,1730,0,1,40,1729,0.0,0.0005780346820809,0.0,1.0,7.60756308788603
tfnbs,"e=0.9,h=7.0,n=30,start_thres=1.25",hub,0.25,10,29,40,1730,0,2,40,1728,0.0,0.0011560693641618,0.0,1.0,7.60756308788603
tfnbs,"e=0.9,h=8.0,n=30,start_thres=1.25",hub,0.25,10,29,40,1730,0,2,40,1728,0.0,0.0011560693641618,0.0,1.0,7.60756308788603
tfnbs,"e=0.9,h=9.0,n=30,start_thres=1.25",hub,0.25,10,29,40,1730,0,2,40,1728,0.0,0.0011560693641618,0.0,1.0,7.60756308788603
tfnbs,"e=0.9,h=10.0,n=30,start_thres=1.25",hub,0.25,10,29,40,1730,0,2,40,1728,0.0,0.0011560693641618,0.0,1.0,7.60756308788603
tfnbs,"e=1.0,h=0.5,n=30,start_thres=1.25",hub,0.25,10,29,40,1730,8,31,32,1699,0.2,0.0179190751445086,0.2051282051282051,0.7948717948717948,7.60756308788603
tfnbs,"e=1.0,h=1.0,n=30,start_thres=1.25",hub,0.25,10,29,40,1730,7,25,33,1705,0.175,0.0144508670520231,0.21875,0.78125,7.60756308788603
tfnbs,"e=1.0,h=2.0,n=30,start_thres=1.25",hub,0.25,10,29,40,1730,5,20,35,1710,0.125,0.0115606936416184,0.2,0.8,7.60756308788603
tfnbs,"e=1.0,h=3.0,n=30,start_thres=1.25",hub,0.25,10,29,40,1730,3,12,37,1718,0.075,0.006936416184971,0.2,0.8,7.60756308788603
tfnbs,"e=1.0,h=4.0,n=30,start_thres=1.25",hub,0.25,10,29,40,1730,0,1,40,1729,0.0,0.0005780346820809,0.0,1.0,7.60756308788603
tfnbs,"e=1.0,h=5.0,n=30,start_thres=1.25",hub,0.25,10,29,40,1730,0,1,40,1729,0.0,0.0005780346820809,0.0,1.0,7.60756308788603
tfnbs,"e=1.0,h=6.0,n=30,start_thres=1.25",hub,0.25,10,29,40,1730,0,1,40,1729,0.0,0.0005780346820809,0.0,1.0,7.60756308788603
tfnbs,"e=1.0,h=7.0,n=30,start_thres=1.25",hub,0.25,10,29,40,1730,0,1,40,1729,0.0,0.0005780346820809,0.0,1.0,7.60756308788603
tfnbs,"e=1.0,h=8.0,n=30,start_thres=1.25",hub,0.25,10,29,40,1730,0,2,40,1728,0.0,0.0011560693641618,0.0,1.0,7.60756308788603
tfnbs,"e=1.0,h=9.0,n=30,start_thres=1.25",hub,0.25,10,29,40,1730,0,2,40,1728,0.0,0.0011560693641618,0.0,1.0,7.60756308788603
tfnbs,"e=1.0,h=10.0,n=30,start_thres=1.25",hub,0.25,10,29,40,1730,0,2,40,1728,0.0,0.0011560693641618,0.0,1.0,7.60756308788603
tfnbs,"e=1.1,h=0.5,n=30,start_thres=1.25",hub,0.25,10,29,40,1730,8,34,32,1696,0.2,0.0196531791907514,0.1904761904761904,0.8095238095238095,7.60756308788603
tfnbs,"e=1.1,h=1.0,n=30,start_thres=1.25",hub,0.25,10,29,40,1730,8,32,32,1698,0.2,0.0184971098265895,0.2,0.8,7.60756308788603
tfnbs,"e=1.1,h=2.0,n=30,start_thres=1.25",hub,0.25,10,29,40,1730,7,25,33,1705,0.175,0.0144508670520231,0.21875,0.78125,7.60756308788603
tfnbs,"e=1.1,h=3.0,n=30,start_thres=1.25",hub,0.25,10,29,40,1730,5,20,35,1710,0.125,0.0115606936416184,0.2,0.8,7.60756308788603
tfnbs,"e=1.1,h=4.0,n=30,start_thres=1.25",hub,0.25,10,29,40,1730,0,10,40,1720,0.0,0.0057803468208092,0.0,1.0,7.60756308788603
tfnbs,"e=1.1,h=5.0,n=30,start_thres=1.25",hub,0.25,10,29,40,1730,0,1,40,1729,0.0,0.0005780346820809,0.0,1.0,7.60756308788603
tfnbs,"e=1.1,h=6.0,n=30,start_thres=1.25",hub,0.25,10,29,40,1730,0,1,40,1729,0.0,0.0005780346820809,0.0,1.0,7.60756308788603
tfnbs,"e=1.1,h=7.0,n=30,start_thres=1.25",hub,0.25,10,29,40,1730,0,1,40,1729,0.0,0.0005780346820809,0.0,1.0,7.60756308788603
tfnbs,"e=1.1,h=8.0,n=30,start_thres=1.25",hub,0.25,10,29,40,1730,0,2,40,1728,0.0,0.0011560693641618,0.0,1.0,7.60756308788603
tfnbs,"e=1.1,h=9.0,n=30,start_thres=1.25",hub,0.25,10,29,40,1730,0,2,40,1728,0.0,0.0011560693641618,0.0,1.0,7.60756308788603
tfnbs,"e=1.1,h=10.0,n=30,start_thres=1.25",hub,0.25,10,29,40,1730,0,2,40,1728,0.0,0.0011560693641618,0.0,1.0,7.60756308788603
tfnbs,"e=1.2,h=0.5,n=30,start_thres=1.25",hub,0.25,10,29,40,1730,13,43,27,1687,0.325,0.0248554913294797,0.2321428571428571,0.7678571428571429,7.60756308788603
tfnbs,"e=1.2,h=1.0,n=30,start_thres=1.25",hub,0.25,10,29,40,1730,13,43,27,1687,0.325,0.0248554913294797,0.2321428571428571,0.7678571428571429,7.60756308788603
tfnbs,"e=1.2,h=2.0,n=30,start_thres=1.25",hub,0.25,10,29,40,1730,8,31,32,1699,0.2,0.0179190751445086,0.2051282051282051,0.7948717948717948,7.60756308788603
tfnbs,"e=1.2,h=3.0,n=30,start_thres=1.25",hub,0.25,10,29,40,1730,7,25,33,1705,0.175,0.0144508670520231,0.21875,0.78125,7.60756308788603
tfnbs,"e=1.2,h=4.0,n=30,start_thres=1.25",hub,0.25,10,29,40,1730,5,17,35,1713,0.125,0.0098265895953757,0.2272727272727272,0.7727272727272727,7.60756308788603
tfnbs,"e=1.2,h=5.0,n=30,start_thres=1.25",hub,0.25,10,29,40,1730,0,5,40,1725,0.0,0.0028901734104046,0.0,1.0,7.60756308788603
tfnbs,"e=1.2,h=6.0,n=30,start_thres=1.25",hub,0.25,10,29,40,1730,0,1,40,1729,0.0,0.0005780346820809,0.0,1.0,7.60756308788603
tfnbs,"e=1.2,h=7.0,n=30,start_thres=1.25",hub,0.25,10,29,40,1730,0,1,40,1729,0.0,0.0005780346820809,0.0,1.0,7.60756308788603
tfnbs,"e=1.2,h=8.0,n=30,start_thres=1.25",hub,0.25,10,29,40,1730,0,1,40,1729,0.0,0.0005780346820809,0.0,1.0,7.60756308788603
tfnbs,"e=1.2,h=9.0,n=30,start_thres=1.25",hub,0.25,10,29,40,1730,0,2,40,1728,0.0,0.0011560693641618,0.0,1.0,7.60756308788603
tfnbs,"e=1.2,h=10.0,n=30,start_thres=1.25",hub,0.25,10,29,40,1730,0,2,40,1728,0.0,0.0011560693641618,0.0,1.0,7.60756308788603
tfnbs,"e=1.3,h=0.5,n=30,start_thres=1.25",hub,0.25,10,29,40,1730,13,43,27,1687,0.325,0.0248554913294797,0.2321428571428571,0.7678571428571429,7.60756308788603
tfnbs,"e=1.3,h=1.0,n=30,start_thres=1.25",hub,0.25,10,29,40,1730,13,43,27,1687,0.325,0.0248554913294797,0.2321428571428571,0.7678571428571429,7.60756308788603
tfnbs,"e=1.3,h=2.0,n=30,start_thres=1.25",hub,0.25,10,29,40,1730,13,43,27,1687,0.325,0.0248554913294797,0.2321428571428571,0.7678571428571429,7.60756308788603
tfnbs,"e=1.3,h=3.0,n=30,start_thres=1.25",hub,0.25,10,29,40,1730,8,32,32,1698,0.2,0.0184971098265895,0.2,0.8,7.60756308788603
tfnbs,"e=1.3,h=4.0,n=30,start_thres=1.25",hub,0.25,10,29,40,1730,7,25,33,1705,0.175,0.0144508670520231,0.21875,0.78125,7.60756308788603
tfnbs,"e=1.3,h=5.0,n=30,start_thres=1.25",hub,0.25,10,29,40,1730,3,12,37,1718,0.075,0.006936416184971,0.2,0.8,7.60756308788603
tfnbs,"e=1.3,h=6.0,n=30,start_thres=1.25",hub,0.25,10,29,40,1730,0,1,40,1729,0.0,0.0005780346820809,0.0,1.0,7.60756308788603
tfnbs,"e=1.3,h=7.0,n=30,start_thres=1.25",hub,0.25,10,29,40,1730,0,1,40,1729,0.0,0.0005780346820809,0.0,1.0,7.60756308788603
tfnbs,"e=1.3,h=8.0,n=30,start_thres=1.25",hub,0.25,10,29,40,1730,0,1,40,1729,0.0,0.0005780346820809,0.0,1.0,7.60756308788603
tfnbs,"e=1.3,h=9.0,n=30,start_thres=1.25",hub,0.25,10,29,40,1730,0,2,40,1728,0.0,0.0011560693641618,0.0,1.0,7.60756308788603
tfnbs,"e=1.3,h=10.0,n=30,start_thres=1.25",hub,0.25,10,29,40,1730,0,2,40,1728,0.0,0.0011560693641618,0.0,1.0,7.60756308788603
tfnbs,"e=1.4,h=0.5,n=30,start_thres=1.25",hub,0.25,10,29,40,1730,14,54,26,1676,0.35,0.0312138728323699,0.2058823529411764,0.7941176470588235,7.60756308788603
tfnbs,"e=1.4,h=1.0,n=30,start_thres=1.25",hub,0.25,10,29,40,1730,13,43,27,1687,0.325,0.0248554913294797,0.2321428571428571,0.7678571428571429,7.60756308788603
tfnbs,"e=1.4,h=2.0,n=30,start_thres=1.25",hub,0.25,10,29,40,1730,13,43,27,1687,0.325,0.0248554913294797,0.2321428571428571,0.7678571428571429,7.60756308788603
tfnbs,"e=1.4,h=3.0,n=30,start_thres=1.25",hub,0.25,10,29,40,1730,8,32,32,1698,0.2,0.0184971098265895,0.2,0.8,7.60756308788603
tfnbs,"e=1.4,h=4.0,n=30,start_thres=1.25",hub,0.25,10,29,40,1730,8,32,32,1698,0.2,0.0184971098265895,0.2,0.8,7.60756308788603
tfnbs,"e=1.4,h=5.0,n=30,start_thres=1.25",hub,0.25,10,29,40,1730,7,25,33,1705,0.175,0.0144508670520231,0.21875,0.78125,7.60756308788603
tfnbs,"e=1.4,h=6.0,n=30,start_thres=1.25",hub,0.25,10,29,40,1730,0,10,40,1720,0.0,0.0057803468208092,0.0,1.0,7.60756308788603
tfnbs,"e=1.4,h=7.0,n=30,start_thres=1.25",hub,0.25,10,29,40,1730,0,1,40,1729,0.0,0.0005780346820809,0.0,1.0,7.60756308788603
tfnbs,"e=1.4,h=8.0,n=30,start_thres=1.25",hub,0.25,10,29,40,1730,0,1,40,1729,0.0,0.0005780346820809,0.0,1.0,7.60756308788603
tfnbs,"e=1.4,h=9.0,n=30,start_thres=1.25",hub,0.25,10,29,40,1730,0,1,40,1729,0.0,0.0005780346820809,0.0,1.0,7.60756308788603
tfnbs,"e=1.4,h=10.0,n=30,start_thres=1.25",hub,0.25,10,29,40,1730,0,2,40,1728,0.0,0.0011560693641618,0.0,1.0,7.60756308788603
tfnbs,"e=1.5,h=0.5,n=30,start_thres=1.25",hub,0.25,10,29,40,1730,14,54,26,1676,0.35,0.0312138728323699,0.2058823529411764,0.7941176470588235,7.60756308788603
tfnbs,"e=1.5,h=1.0,n=30,start_thres=1.25",hub,0.25,10,29,40,1730,14,54,26,1676,0.35,0.0312138728323699,0.2058823529411764,0.7941176470588235,7.60756308788603
tfnbs,"e=1.5,h=2.0,n=30,start_thres=1.25",hub,0.25,10,29,40,1730,13,43,27,1687,0.325,0.0248554913294797,0.2321428571428571,0.7678571428571429,7.60756308788603
tfnbs,"e=1.5,h=3.0,n=30,start_thres=1.25",hub,0.25,10,29,40,1730,13,43,27,1687,0.325,0.0248554913294797,0.2321428571428571,0.7678571428571429,7.60756308788603
tfnbs,"e=1.5,h=4.0,n=30,start_thres=1.25",hub,0.25,10,29,40,1730,8,32,32,1698,0.2,0.0184971098265895,0.2,0.8,7.60756308788603
tfnbs,"e=1.5,h=5.0,n=30,start_thres=1.25",hub,0.25,10,29,40,1730,7,26,33,1704,0.175,0.015028901734104,0.2121212121212121,0.7878787878787878,7.60756308788603
tfnbs,"e=1.5,h=6.0,n=30,start_thres=1.25",hub,0.25,10,29,40,1730,5,16,35,1714,0.125,0.0092485549132947,0.238095238095238,0.7619047619047619,7.60756308788603
tfnbs,"e=1.5,h=7.0,n=30,start_thres=1.25",hub,0.25,10,29,40,1730,0,4,40,1726,0.0,0.0023121387283236,0.0,1.0,7.60756308788603
tfnbs,"e=1.5,h=8.0,n=30,start_thres=1.25",hub,0.25,10,29,40,1730,0,1,40,1729,0.0,0.0005780346820809,0.0,1.0,7.60756308788603
tfnbs,"e=1.5,h=9.0,n=30,start_thres=1.25",hub,0.25,10,29,40,1730,0,1,40,1729,0.0,0.0005780346820809,0.0,1.0,7.60756308788603
tfnbs,"e=1.5,h=10.0,n=30,start_thres=1.25",hub,0.25,10,29,40,1730,0,2,40,1728,0.0,0.0011560693641618,0.0,1.0,7.60756308788603
tfnbs,"e=0.05,h=0.5,n=30,start_thres=1.25",hub,0.25,10,28,40,1730,0,0,40,1730,0.0,0.0,0.0,0.0,7.610409910028631
tfnbs,"e=0.05,h=1.0,n=30,start_thres=1.25",hub,0.25,10,28,40,1730,0,0,40,1730,0.0,0.0,0.0,0.0,7.610409910028631
tfnbs,"e=0.05,h=2.0,n=30,start_thres=1.25",hub,0.25,10,28,40,1730,0,0,40,1730,0.0,0.0,0.0,0.0,7.610409910028631
tfnbs,"e=0.05,h=3.0,n=30,start_thres=1.25",hub,0.25,10,28,40,1730,0,0,40,1730,0.0,0.0,0.0,0.0,7.610409910028631
tfnbs,"e=0.05,h=4.0,n=30,start_thres=1.25",hub,0.25,10,28,40,1730,0,0,40,1730,0.0,0.0,0.0,0.0,7.610409910028631
tfnbs,"e=0.05,h=5.0,n=30,start_thres=1.25",hub,0.25,10,28,40,1730,0,0,40,1730,0.0,0.0,0.0,0.0,7.610409910028631
tfnbs,"e=0.05,h=6.0,n=30,start_thres=1.25",hub,0.25,10,28,40,1730,0,0,40,1730,0.0,0.0,0.0,0.0,7.610409910028631
tfnbs,"e=0.05,h=7.0,n=30,start_thres=1.25",hub,0.25,10,28,40,1730,0,0,40,1730,0.0,0.0,0.0,0.0,7.610409910028631
tfnbs,"e=0.05,h=8.0,n=30,start_thres=1.25",hub,0.25,10,28,40,1730,0,0,40,1730,0.0,0.0,0.0,0.0,7.610409910028631
tfnbs,"e=0.05,h=9.0,n=30,start_thres=1.25",hub,0.25,10,28,40,1730,0,0,40,1730,0.0,0.0,0.0,0.0,7.610409910028631
tfnbs,"e=0.05,h=10.0,n=30,start_thres=1.25",hub,0.25,10,28,40,1730,0,0,40,1730,0.0,0.0,0.0,0.0,7.610409910028631
tfnbs,"e=0.1,h=0.5,n=30,start_thres=1.25",hub,0.25,10,28,40,1730,0,0,40,1730,0.0,0.0,0.0,0.0,7.610409910028631
tfnbs,"e=0.1,h=1.0,n=30,start_thres=1.25",hub,0.25,10,28,40,1730,0,0,40,1730,0.0,0.0,0.0,0.0,7.610409910028631
tfnbs,"e=0.1,h=2.0,n=30,start_thres=1.25",hub,0.25,10,28,40,1730,0,0,40,1730,0.0,0.0,0.0,0.0,7.610409910028631
tfnbs,"e=0.1,h=3.0,n=30,start_thres=1.25",hub,0.25,10,28,40,1730,0,0,40,1730,0.0,0.0,0.0,0.0,7.610409910028631
tfnbs,"e=0.1,h=4.0,n=30,start_thres=1.25",hub,0.25,10,28,40,1730,0,0,40,1730,0.0,0.0,0.0,0.0,7.610409910028631
tfnbs,"e=0.1,h=5.0,n=30,start_thres=1.25",hub,0.25,10,28,40,1730,0,0,40,1730,0.0,0.0,0.0,0.0,7.610409910028631
tfnbs,"e=0.1,h=6.0,n=30,start_thres=1.25",hub,0.25,10,28,40,1730,0,0,40,1730,0.0,0.0,0.0,0.0,7.610409910028631
tfnbs,"e=0.1,h=7.0,n=30,start_thres=1.25",hub,0.25,10,28,40,1730,0,0,40,1730,0.0,0.0,0.0,0.0,7.610409910028631
tfnbs,"e=0.1,h=8.0,n=30,start_thres=1.25",hub,0.25,10,28,40,1730,0,0,40,1730,0.0,0.0,0.0,0.0,7.610409910028631
tfnbs,"e=0.1,h=9.0,n=30,start_thres=1.25",hub,0.25,10,28,40,1730,0,0,40,1730,0.0,0.0,0.0,0.0,7.610409910028631
tfnbs,"e=0.1,h=10.0,n=30,start_thres=1.25",hub,0.25,10,28,40,1730,0,0,40,1730,0.0,0.0,0.0,0.0,7.610409910028631
tfnbs,"e=0.2,h=0.5,n=30,start_thres=1.25",hub,0.25,10,28,40,1730,0,0,40,1730,0.0,0.0,0.0,0.0,7.610409910028631
tfnbs,"e=0.2,h=1.0,n=30,start_thres=1.25",hub,0.25,10,28,40,1730,0,0,40,1730,0.0,0.0,0.0,0.0,7.610409910028631
tfnbs,"e=0.2,h=2.0,n=30,start_thres=1.25",hub,0.25,10,28,40,1730,0,0,40,1730,0.0,0.0,0.0,0.0,7.610409910028631
tfnbs,"e=0.2,h=3.0,n=30,start_thres=1.25",hub,0.25,10,28,40,1730,0,0,40,1730,0.0,0.0,0.0,0.0,7.610409910028631
tfnbs,"e=0.2,h=4.0,n=30,start_thres=1.25",hub,0.25,10,28,40,1730,0,0,40,1730,0.0,0.0,0.0,0.0,7.610409910028631
tfnbs,"e=0.2,h=5.0,n=30,start_thres=1.25",hub,0.25,10,28,40,1730,0,0,40,1730,0.0,0.0,0.0,0.0,7.610409910028631
tfnbs,"e=0.2,h=6.0,n=30,start_thres=1.25",hub,0.25,10,28,40,1730,0,0,40,1730,0.0,0.0,0.0,0.0,7.610409910028631
tfnbs,"e=0.2,h=7.0,n=30,start_thres=1.25",hub,0.25,10,28,40,1730,0,0,40,1730,0.0,0.0,0.0,0.0,7.610409910028631
tfnbs,"e=0.2,h=8.0,n=30,start_thres=1.25",hub,0.25,10,28,40,1730,0,0,40,1730,0.0,0.0,0.0,0.0,7.610409910028631
tfnbs,"e=0.2,h=9.0,n=30,start_thres=1.25",hub,0.25,10,28,40,1730,0,0,40,1730,0.0,0.0,0.0,0.0,7.610409910028631
tfnbs,"e=0.2,h=10.0,n=30,start_thres=1.25",hub,0.25,10,28,40,1730,0,0,40,1730,0.0,0.0,0.0,0.0,7.610409910028631
tfnbs,"e=0.3,h=0.5,n=30,start_thres=1.25",hub,0.25,10,28,40,1730,0,0,40,1730,0.0,0.0,0.0,0.0,7.610409910028631
tfnbs,"e=0.3,h=1.0,n=30,start_thres=1.25",hub,0.25,10,28,40,1730,0,0,40,1730,0.0,0.0,0.0,0.0,7.610409910028631
tfnbs,"e=0.3,h=2.0,n=30,start_thres=1.25",hub,0.25,10,28,40,1730,0,0,40,1730,0.0,0.0,0.0,0.0,7.610409910028631
tfnbs,"e=0.3,h=3.0,n=30,start_thres=1.25",hub,0.25,10,28,40,1730,0,0,40,1730,0.0,0.0,0.0,0.0,7.610409910028631
tfnbs,"e=0.3,h=4.0,n=30,start_thres=1.25",hub,0.25,10,28,40,1730,0,0,40,1730,0.0,0.0,0.0,0.0,7.610409910028631
tfnbs,"e=0.3,h=5.0,n=30,start_thres=1.25",hub,0.25,10,28,40,1730,0,0,40,1730,0.0,0.0,0.0,0.0,7.610409910028631
tfnbs,"e=0.3,h=6.0,n=30,start_thres=1.25",hub,0.25,10,28,40,1730,0,0,40,1730,0.0,0.0,0.0,0.0,7.610409910028631
tfnbs,"e=0.3,h=7.0,n=30,start_thres=1.25",hub,0.25,10,28,40,1730,0,0,40,1730,0.0,0.0,0.0,0.0,7.610409910028631
tfnbs,"e=0.3,h=8.0,n=30,start_thres=1.25",hub,0.25,10,28,40,1730,0,0,40,1730,0.0,0.0,0.0,0.0,7.610409910028631
tfnbs,"e=0.3,h=9.0,n=30,start_thres=1.25",hub,0.25,10,28,40,1730,0,0,40,1730,0.0,0.0,0.0,0.0,7.610409910028631
tfnbs,"e=0.3,h=10.0,n=30,start_thres=1.25",hub,0.25,10,28,40,1730,0,0,40,1730,0.0,0.0,0.0,0.0,7.610409910028631
tfnbs,"e=0.4,h=0.5,n=30,start_thres=1.25",hub,0.25,10,28,40,1730,0,0,40,1730,0.0,0.0,0.0,0.0,7.610409910028631
tfnbs,"e=0.4,h=1.0,n=30,start_thres=1.25",hub,0.25,10,28,40,1730,0,0,40,1730,0.0,0.0,0.0,0.0,7.610409910028631
tfnbs,"e=0.4,h=2.0,n=30,start_thres=1.25",hub,0.25,10,28,40,1730,0,0,40,1730,0.0,0.0,0.0,0.0,7.610409910028631
tfnbs,"e=0.4,h=3.0,n=30,start_thres=1.25",hub,0.25,10,28,40,1730,0,0,40,1730,0.0,0.0,0.0,0.0,7.610409910028631
tfnbs,"e=0.4,h=4.0,n=30,start_thres=1.25",hub,0.25,10,28,40,1730,0,0,40,1730,0.0,0.0,0.0,0.0,7.610409910028631
tfnbs,"e=0.4,h=5.0,n=30,start_thres=1.25",hub,0.25,10,28,40,1730,0,0,40,1730,0.0,0.0,0.0,0.0,7.610409910028631
tfnbs,"e=0.4,h=6.0,n=30,start_thres=1.25",hub,0.25,10,28,40,1730,0,0,40,1730,0.0,0.0,0.0,0.0,7.610409910028631
tfnbs,"e=0.4,h=7.0,n=30,start_thres=1.25",hub,0.25,10,28,40,1730,0,0,40,1730,0.0,0.0,0.0,0.0,7.610409910028631
tfnbs,"e=0.4,h=8.0,n=30,start_thres=1.25",hub,0.25,10,28,40,1730,0,0,40,1730,0.0,0.0,0.0,0.0,7.610409910028631
tfnbs,"e=0.4,h=9.0,n=30,start_thres=1.25",hub,0.25,10,28,40,1730,0,0,40,1730,0.0,0.0,0.0,0.0,7.610409910028631
tfnbs,"e=0.4,h=10.0,n=30,start_thres=1.25",hub,0.25,10,28,40,1730,0,0,40,1730,0.0,0.0,0.0,0.0,7.610409910028631
tfnbs,"e=0.5,h=0.5,n=30,start_thres=1.25",hub,0.25,10,28,40,1730,0,0,40,1730,0.0,0.0,0.0,0.0,7.610409910028631
tfnbs,"e=0.5,h=1.0,n=30,start_thres=1.25",hub,0.25,10,28,40,1730,0,0,40,1730,0.0,0.0,0.0,0.0,7.610409910028631
tfnbs,"e=0.5,h=2.0,n=30,start_thres=1.25",hub,0.25,10,28,40,1730,0,0,40,1730,0.0,0.0,0.0,0.0,7.610409910028631
tfnbs,"e=0.5,h=3.0,n=30,start_thres=1.25",hub,0.25,10,28,40,1730,0,0,40,1730,0.0,0.0,0.0,0.0,7.610409910028631
tfnbs,"e=0.5,h=4.0,n=30,start_thres=1.25",hub,0.25,10,28,40,1730,0,0,40,1730,0.0,0.0,0.0,0.0,7.610409910028631
tfnbs,"e=0.5,h=5.0,n=30,start_thres=1.25",hub,0.25,10,28,40,1730,0,0,40,1730,0.0,0.0,0.0,0.0,7.610409910028631
tfnbs,"e=0.5,h=6.0,n=30,start_thres=1.25",hub,0.25,10,28,40,1730,0,0,40,1730,0.0,0.0,0.0,0.0,7.610409910028631
tfnbs,"e=0.5,h=7.0,n=30,start_thres=1.25",hub,0.25,10,28,40,1730,0,0,40,1730,0.0,0.0,0.0,0.0,7.610409910028631
tfnbs,"e=0.5,h=8.0,n=30,start_thres=1.25",hub,0.25,10,28,40,1730,0,0,40,1730,0.0,0.0,0.0,0.0,7.610409910028631
tfnbs,"e=0.5,h=9.0,n=30,start_thres=1.25",hub,0.25,10,28,40,1730,0,0,40,1730,0.0,0.0,0.0,0.0,7.610409910028631
tfnbs,"e=0.5,h=10.0,n=30,start_thres=1.25",hub,0.25,10,28,40,1730,0,0,40,1730,0.0,0.0,0.0,0.0,7.610409910028631
tfnbs,"e=0.6,h=0.5,n=30,start_thres=1.25",hub,0.25,10,28,40,1730,0,0,40,1730,0.0,0.0,0.0,0.0,7.610409910028631
tfnbs,"e=0.6,h=1.0,n=30,start_thres=1.25",hub,0.25,10,28,40,1730,0,0,40,1730,0.0,0.0,0.0,0.0,7.610409910028631
tfnbs,"e=0.6,h=2.0,n=30,start_thres=1.25",hub,0.25,10,28,40,1730,0,0,40,1730,0.0,0.0,0.0,0.0,7.610409910028631
tfnbs,"e=0.6,h=3.0,n=30,start_thres=1.25",hub,0.25,10,28,40,1730,0,0,40,1730,0.0,0.0,0.0,0.0,7.610409910028631
tfnbs,"e=0.6,h=4.0,n=30,start_thres=1.25",hub,0.25,10,28,40,1730,0,0,40,1730,0.0,0.0,0.0,0.0,7.610409910028631
tfnbs,"e=0.6,h=5.0,n=30,start_thres=1.25",hub,0.25,10,28,40,1730,0,0,40,1730,0.0,0.0,0.0,0.0,7.610409910028631
tfnbs,"e=0.6,h=6.0,n=30,start_thres=1.25",hub,0.25,10,28,40,1730,0,0,40,1730,0.0,0.0,0.0,0.0,7.610409910028631
tfnbs,"e=0.6,h=7.0,n=30,start_thres=1.25",hub,0.25,10,28,40,1730,0,0,40,1730,0.0,0.0,0.0,0.0,7.610409910028631
tfnbs,"e=0.6,h=8.0,n=30,start_thres=1.25",hub,0.25,10,28,40,1730,0,0,40,1730,0.0,0.0,0.0,0.0,7.610409910028631
tfnbs,"e=0.6,h=9.0,n=30,start_thres=1.25",hub,0.25,10,28,40,1730,0,0,40,1730,0.0,0.0,0.0,0.0,7.610409910028631
tfnbs,"e=0.6,h=10.0,n=30,start_thres=1.25",hub,0.25,10,28,40,1730,0,0,40,1730,0.0,0.0,0.0,0.0,7.610409910028631
tfnbs,"e=0.7,h=0.5,n=30,start_thres=1.25",hub,0.25,10,28,40,1730,0,0,40,1730,0.0,0.0,0.0,0.0,7.610409910028631
tfnbs,"e=0.7,h=1.0,n=30,start_thres=1.25",hub,0.25,10,28,40,1730,0,0,40,1730,0.0,0.0,0.0,0.0,7.610409910028631
tfnbs,"e=0.7,h=2.0,n=30,start_thres=1.25",hub,0.25,10,28,40,1730,0,0,40,1730,0.0,0.0,0.0,0.0,7.610409910028631
tfnbs,"e=0.7,h=3.0,n=30,start_thres=1.25",hub,0.25,10,28,40,1730,0,0,40,1730,0.0,0.0,0.0,0.0,7.610409910028631
tfnbs,"e=0.7,h=4.0,n=30,start_thres=1.25",hub,0.25,10,28,40,1730,0,0,40,1730,0.0,0.0,0.0,0.0,7.610409910028631
tfnbs,"e=0.7,h=5.0,n=30,start_thres=1.25",hub,0.25,10,28,40,1730,0,0,40,1730,0.0,0.0,0.0,0.0,7.610409910028631
tfnbs,"e=0.7,h=6.0,n=30,start_thres=1.25",hub,0.25,10,28,40,1730,0,0,40,1730,0.0,0.0,0.0,0.0,7.610409910028631
tfnbs,"e=0.7,h=7.0,n=30,start_thres=1.25",hub,0.25,10,28,40,1730,0,0,40,1730,0.0,0.0,0.0,0.0,7.610409910028631
tfnbs,"e=0.7,h=8.0,n=30,start_thres=1.25",hub,0.25,10,28,40,1730,0,0,40,1730,0.0,0.0,0.0,0.0,7.610409910028631
tfnbs,"e=0.7,h=9.0,n=30,start_thres=1.25",hub,0.25,10,28,40,1730,0,0,40,1730,0.0,0.0,0.0,0.0,7.610409910028631
tfnbs,"e=0.7,h=10.0,n=30,start_thres=1.25",hub,0.25,10,28,40,1730,0,0,40,1730,0.0,0.0,0.0,0.0,7.610409910028631
tfnbs,"e=0.8,h=0.5,n=30,start_thres=1.25",hub,0.25,10,28,40,1730,0,0,40,1730,0.0,0.0,0.0,0.0,7.610409910028631
tfnbs,"e=0.8,h=1.0,n=30,start_thres=1.25",hub,0.25,10,28,40,1730,0,0,40,1730,0.0,0.0,0.0,0.0,7.610409910028631
tfnbs,"e=0.8,h=2.0,n=30,start_thres=1.25",hub,0.25,10,28,40,1730,0,0,40,1730,0.0,0.0,0.0,0.0,7.610409910028631
tfnbs,"e=0.8,h=3.0,n=30,start_thres=1.25",hub,0.25,10,28,40,1730,0,0,40,1730,0.0,0.0,0.0,0.0,7.610409910028631
tfnbs,"e=0.8,h=4.0,n=30,start_thres=1.25",hub,0.25,10,28,40,1730,0,0,40,1730,0.0,0.0,0.0,0.0,7.610409910028631
tfnbs,"e=0.8,h=5.0,n=30,start_thres=1.25",hub,0.25,10,28,40,1730,0,0,40,1730,0.0,0.0,0.0,0.0,7.610409910028631
tfnbs,"e=0.8,h=6.0,n=30,start_thres=1.25",hub,0.25,10,28,40,1730,0,0,40,1730,0.0,0.0,0.0,0.0,7.610409910028631
tfnbs,"e=0.8,h=7.0,n=30,start_thres=1.25",hub,0.25,10,28,40,1730,0,0,40,1730,0.0,0.0,0.0,0.0,7.610409910028631
tfnbs,"e=0.8,h=8.0,n=30,start_thres=1.25",hub,0.25,10,28,40,1730,0,0,40,1730,0.0,0.0,0.0,0.0,7.610409910028631
tfnbs,"e=0.8,h=9.0,n=30,start_thres=1.25",hub,0.25,10,28,40,1730,0,0,40,1730,0.0,0.0,0.0,0.0,7.610409910028631
tfnbs,"e=0.8,h=10.0,n=30,start_thres=1.25",hub,0.25,10,28,40,1730,0,0,40,1730,0.0,0.0,0.0,0.0,7.610409910028631
tfnbs,"e=0.9,h=0.5,n=30,start_thres=1.25",hub,0.25,10,28,40,1730,0,0,40,1730,0.0,0.0,0.0,0.0,7.610409910028631
tfnbs,"e=0.9,h=1.0,n=30,start_thres=1.25",hub,0.25,10,28,40,1730,0,0,40,1730,0.0,0.0,0.0,0.0,7.610409910028631
tfnbs,"e=0.9,h=2.0,n=30,start_thres=1.25",hub,0.25,10,28,40,1730,0,0,40,1730,0.0,0.0,0.0,0.0,7.610409910028631
tfnbs,"e=0.9,h=3.0,n=30,start_thres=1.25",hub,0.25,10,28,40,1730,0,0,40,1730,0.0,0.0,0.0,0.0,7.610409910028631
tfnbs,"e=0.9,h=4.0,n=30,start_thres=1.25",hub,0.25,10,28,40,1730,0,0,40,1730,0.0,0.0,0.0,0.0,7.610409910028631
tfnbs,"e=0.9,h=5.0,n=30,start_thres=1.25",hub,0.25,10,28,40,1730,0,0,40,1730,0.0,0.0,0.0,0.0,7.610409910028631
tfnbs,"e=0.9,h=6.0,n=30,start_thres=1.25",hub,0.25,10,28,40,1730,0,0,40,1730,0.0,0.0,0.0,0.0,7.610409910028631
tfnbs,"e=0.9,h=7.0,n=30,start_thres=1.25",hub,0.25,10,28,40,1730,0,0,40,1730,0.0,0.0,0.0,0.0,7.610409910028631
tfnbs,"e=0.9,h=8.0,n=30,start_thres=1.25",hub,0.25,10,28,40,1730,0,0,40,1730,0.0,0.0,0.0,0.0,7.610409910028631
tfnbs,"e=0.9,h=9.0,n=30,start_thres=1.25",hub,0.25,10,28,40,1730,0,0,40,1730,0.0,0.0,0.0,0.0,7.610409910028631
tfnbs,"e=0.9,h=10.0,n=30,start_thres=1.25",hub,0.25,10,28,40,1730,0,0,40,1730,0.0,0.0,0.0,0.0,7.610409910028631
tfnbs,"e=1.0,h=0.5,n=30,start_thres=1.25",hub,0.25,10,28,40,1730,0,0,40,1730,0.0,0.0,0.0,0.0,7.610409910028631
tfnbs,"e=1.0,h=1.0,n=30,start_thres=1.25",hub,0.25,10,28,40,1730,0,0,40,1730,0.0,0.0,0.0,0.0,7.610409910028631
tfnbs,"e=1.0,h=2.0,n=30,start_thres=1.25",hub,0.25,10,28,40,1730,0,0,40,1730,0.0,0.0,0.0,0.0,7.610409910028631
tfnbs,"e=1.0,h=3.0,n=30,start_thres=1.25",hub,0.25,10,28,40,1730,0,0,40,1730,0.0,0.0,0.0,0.0,7.610409910028631
tfnbs,"e=1.0,h=4.0,n=30,start_thres=1.25",hub,0.25,10,28,40,1730,0,0,40,1730,0.0,0.0,0.0,0.0,7.610409910028631
tfnbs,"e=1.0,h=5.0,n=30,start_thres=1.25",hub,0.25,10,28,40,1730,0,0,40,1730,0.0,0.0,0.0,0.0,7.610409910028631
tfnbs,"e=1.0,h=6.0,n=30,start_thres=1.25",hub,0.25,10,28,40,1730,0,0,40,1730,0.0,0.0,0.0,0.0,7.610409910028631
tfnbs,"e=1.0,h=7.0,n=30,start_thres=1.25",hub,0.25,10,28,40,1730,0,0,40,1730,0.0,0.0,0.0,0.0,7.610409910028631
tfnbs,"e=1.0,h=8.0,n=30,start_thres=1.25",hub,0.25,10,28,40,1730,0,0,40,1730,0.0,0.0,0.0,0.0,7.610409910028631
tfnbs,"e=1.0,h=9.0,n=30,start_thres=1.25",hub,0.25,10,28,40,1730,0,0,40,1730,0.0,0.0,0.0,0.0,7.610409910028631
tfnbs,"e=1.0,h=10.0,n=30,start_thres=1.25",hub,0.25,10,28,40,1730,0,0,40,1730,0.0,0.0,0.0,0.0,7.610409910028631
tfnbs,"e=1.1,h=0.5,n=30,start_thres=1.25",hub,0.25,10,28,40,1730,0,0,40,1730,0.0,0.0,0.0,0.0,7.610409910028631
tfnbs,"e=1.1,h=1.0,n=30,start_thres=1.25",hub,0.25,10,28,40,1730,0,0,40,1730,0.0,0.0,0.0,0.0,7.610409910028631
tfnbs,"e=1.1,h=2.0,n=30,start_thres=1.25",hub,0.25,10,28,40,1730,0,0,40,1730,0.0,0.0,0.0,0.0,7.610409910028631
tfnbs,"e=1.1,h=3.0,n=30,start_thres=1.25",hub,0.25,10,28,40,1730,0,0,40,1730,0.0,0.0,0.0,0.0,7.610409910028631
tfnbs,"e=1.1,h=4.0,n=30,start_thres=1.25",hub,0.25,10,28,40,1730,0,0,40,1730,0.0,0.0,0.0,0.0,7.610409910028631
tfnbs,"e=1.1,h=5.0,n=30,start_thres=1.25",hub,0.25,10,28,40,1730,0,0,40,1730,0.0,0.0,0.0,0.0,7.610409910028631
tfnbs,"e=1.1,h=6.0,n=30,start_thres=1.25",hub,0.25,10,28,40,1730,0,0,40,1730,0.0,0.0,0.0,0.0,7.610409910028631
tfnbs,"e=1.1,h=7.0,n=30,start_thres=1.25",hub,0.25,10,28,40,1730,0,0,40,1730,0.0,0.0,0.0,0.0,7.610409910028631
tfnbs,"e=1.1,h=8.0,n=30,start_thres=1.25",hub,0.25,10,28,40,1730,0,0,40,1730,0.0,0.0,0.0,0.0,7.610409910028631
tfnbs,"e=1.1,h=9.0,n=30,start_thres=1.25",hub,0.25,10,28,40,1730,0,0,40,1730,0.0,0.0,0.0,0.0,7.610409910028631
tfnbs,"e=1.1,h=10.0,n=30,start_thres=1.25",hub,0.25,10,28,40,1730,0,0,40,1730,0.0,0.0,0.0,0.0,7.610409910028631
tfnbs,"e=1.2,h=0.5,n=30,start_thres=1.25",hub,0.25,10,28,40,1730,0,0,40,1730,0.0,0.0,0.0,0.0,7.610409910028631
tfnbs,"e=1.2,h=1.0,n=30,start_thres=1.25",hub,0.25,10,28,40,1730,0,0,40,1730,0.0,0.0,0.0,0.0,7.610409910028631
tfnbs,"e=1.2,h=2.0,n=30,start_thres=1.25",hub,0.25,10,28,40,1730,0,0,40,1730,0.0,0.0,0.0,0.0,7.610409910028631
tfnbs,"e=1.2,h=3.0,n=30,start_thres=1.25",hub,0.25,10,28,40,1730,0,0,40,1730,0.0,0.0,0.0,0.0,7.610409910028631
tfnbs,"e=1.2,h=4.0,n=30,start_thres=1.25",hub,0.25,10,28,40,1730,0,0,40,1730,0.0,0.0,0.0,0.0,7.610409910028631
tfnbs,"e=1.2,h=5.0,n=30,start_thres=1.25",hub,0.25,10,28,40,1730,0,0,40,1730,0.0,0.0,0.0,0.0,7.610409910028631
tfnbs,"e=1.2,h=6.0,n=30,start_thres=1.25",hub,0.25,10,28,40,1730,0,0,40,1730,0.0,0.0,0.0,0.0,7.610409910028631
tfnbs,"e=1.2,h=7.0,n=30,start_thres=1.25",hub,0.25,10,28,40,1730,0,0,40,1730,0.0,0.0,0.0,0.0,7.610409910028631
tfnbs,"e=1.2,h=8.0,n=30,start_thres=1.25",hub,0.25,10,28,40,1730,0,0,40,1730,0.0,0.0,0.0,0.0,7.610409910028631
tfnbs,"e=1.2,h=9.0,n=30,start_thres=1.25",hub,0.25,10,28,40,1730,0,0,40,1730,0.0,0.0,0.0,0.0,7.610409910028631
tfnbs,"e=1.2,h=10.0,n=30,start_thres=1.25",hub,0.25,10,28,40,1730,0,0,40,1730,0.0,0.0,0.0,0.0,7.610409910028631
tfnbs,"e=1.3,h=0.5,n=30,start_thres=1.25",hub,0.25,10,28,40,1730,0,0,40,1730,0.0,0.0,0.0,0.0,7.610409910028631
tfnbs,"e=1.3,h=1.0,n=30,start_thres=1.25",hub,0.25,10,28,40,1730,0,0,40,1730,0.0,0.0,0.0,0.0,7.610409910028631
tfnbs,"e=1.3,h=2.0,n=30,start_thres=1.25",hub,0.25,10,28,40,1730,0,0,40,1730,0.0,0.0,0.0,0.0,7.610409910028631
tfnbs,"e=1.3,h=3.0,n=30,start_thres=1.25",hub,0.25,10,28,40,1730,0,0,40,1730,0.0,0.0,0.0,0.0,7.610409910028631
tfnbs,"e=1.3,h=4.0,n=30,start_thres=1.25",hub,0.25,10,28,40,1730,0,0,40,1730,0.0,0.0,0.0,0.0,7.610409910028631
tfnbs,"e=1.3,h=5.0,n=30,start_thres=1.25",hub,0.25,10,28,40,1730,0,0,40,1730,0.0,0.0,0.0,0.0,7.610409910028631
tfnbs,"e=1.3,h=6.0,n=30,start_thres=1.25",hub,0.25,10,28,40,1730,0,0,40,1730,0.0,0.0,0.0,0.0,7.610409910028631
tfnbs,"e=1.3,h=7.0,n=30,start_thres=1.25",hub,0.25,10,28,40,1730,0,0,40,1730,0.0,0.0,0.0,0.0,7.610409910028631
tfnbs,"e=1.3,h=8.0,n=30,start_thres=1.25",hub,0.25,10,28,40,1730,0,0,40,1730,0.0,0.0,0.0,0.0,7.610409910028631
tfnbs,"e=1.3,h=9.0,n=30,start_thres=1.25",hub,0.25,10,28,40,1730,0,0,40,1730,0.0,0.0,0.0,0.0,7.610409910028631
tfnbs,"e=1.3,h=10.0,n=30,start_thres=1.25",hub,0.25,10,28,40,1730,0,0,40,1730,0.0,0.0,0.0,0.0,7.610409910028631
tfnbs,"e=1.4,h=0.5,n=30,start_thres=1.25",hub,0.25,10,28,40,1730,0,0,40,1730,0.0,0.0,0.0,0.0,7.610409910028631
tfnbs,"e=1.4,h=1.0,n=30,start_thres=1.25",hub,0.25,10,28,40,1730,0,0,40,1730,0.0,0.0,0.0,0.0,7.610409910028631
tfnbs,"e=1.4,h=2.0,n=30,start_thres=1.25",hub,0.25,10,28,40,1730,0,0,40,1730,0.0,0.0,0.0,0.0,7.610409910028631
tfnbs,"e=1.4,h=3.0,n=30,start_thres=1.25",hub,0.25,10,28,40,1730,0,0,40,1730,0.0,0.0,0.0,0.0,7.610409910028631
tfnbs,"e=1.4,h=4.0,n=30,start_thres=1.25",hub,0.25,10,28,40,1730,0,0,40,1730,0.0,0.0,0.0,0.0,7.610409910028631
tfnbs,"e=1.4,h=5.0,n=30,start_thres=1.25",hub,0.25,10,28,40,1730,0,0,40,1730,0.0,0.0,0.0,0.0,7.610409910028631
tfnbs,"e=1.4,h=6.0,n=30,start_thres=1.25",hub,0.25,10,28,40,1730,0,0,40,1730,0.0,0.0,0.0,0.0,7.610409910028631
tfnbs,"e=1.4,h=7.0,n=30,start_thres=1.25",hub,0.25,10,28,40,1730,0,0,40,1730,0.0,0.0,0.0,0.0,7.610409910028631
tfnbs,"e=1.4,h=8.0,n=30,start_thres=1.25",hub,0.25,10,28,40,1730,0,0,40,1730,0.0,0.0,0.0,0.0,7.610409910028631
tfnbs,"e=1.4,h=9.0,n=30,start_thres=1.25",hub,0.25,10,28,40,1730,0,0,40,1730,0.0,0.0,0.0,0.0,7.610409910028631
tfnbs,"e=1.4,h=10.0,n=30,start_thres=1.25",hub,0.25,10,28,40,1730,0,0,40,1730,0.0,0.0,0.0,0.0,7.610409910028631
tfnbs,"e=1.5,h=0.5,n=30,start_thres=1.25",hub,0.25,10,28,40,1730,0,0,40,1730,0.0,0.0,0.0,0.0,7.610409910028631
tfnbs,"e=1.5,h=1.0,n=30,start_thres=1.25",hub,0.25,10,28,40,1730,0,0,40,1730,0.0,0.0,0.0,0.0,7.610409910028631
tfnbs,"e=1.5,h=2.0,n=30,start_thres=1.25",hub,0.25,10,28,40,1730,0,0,40,1730,0.0,0.0,0.0,0.0,7.610409910028631
tfnbs,"e=1.5,h=3.0,n=30,start_thres=1.25",hub,0.25,10,28,40,1730,0,0,40,1730,0.0,0.0,0.0,0.0,7.610409910028631
tfnbs,"e=1.5,h=4.0,n=30,start_thres=1.25",hub,0.25,10,28,40,1730,0,0,40,1730,0.0,0.0,0.0,0.0,7.610409910028631
tfnbs,"e=1.5,h=5.0,n=30,start_thres=1.25",hub,0.25,10,28,40,1730,0,0,40,1730,0.0,0.0,0.0,0.0,7.610409910028631
tfnbs,"e=1.5,h=6.0,n=30,start_thres=1.25",hub,0.25,10,28,40,1730,0,0,40,1730,0.0,0.0,0.0,0.0,7.610409910028631
tfnbs,"e=1.5,h=7.0,n=30,start_thres=1.25",hub,0.25,10,28,40,1730,0,0,40,1730,0.0,0.0,0.0,0.0,7.610409910028631
tfnbs,"e=1.5,h=8.0,n=30,start_thres=1.25",hub,0.25,10,28,40,1730,0,0,40,1730,0.0,0.0,0.0,0.0,7.610409910028631
tfnbs,"e=1.5,h=9.0,n=30,start_thres=1.25",hub,0.25,10,28,40,1730,0,0,40,1730,0.0,0.0,0.0,0.0,7.610409910028631
tfnbs,"e=1.5,h=10.0,n=30,start_thres=1.25",hub,0.25,10,28,40,1730,0,0,40,1730,0.0,0.0,0.0,0.0,7.610409910028631
tfnbs,"e=0.05,h=0.5,n=30,start_thres=1.25",hub,0.25,10,25,40,1730,0,0,40,1730,0.0,0.0,0.0,0.0,7.625723357905041
tfnbs,"e=0.05,h=1.0,n=30,start_thres=1.25",hub,0.25,10,25,40,1730,0,0,40,1730,0.0,0.0,0.0,0.0,7.625723357905041
tfnbs,"e=0.05,h=2.0,n=30,start_thres=1.25",hub,0.25,10,25,40,1730,0,0,40,1730,0.0,0.0,0.0,0.0,7.625723357905041
tfnbs,"e=0.05,h=3.0,n=30,start_thres=1.25",hub,0.25,10,25,40,1730,0,0,40,1730,0.0,0.0,0.0,0.0,7.625723357905041
tfnbs,"e=0.05,h=4.0,n=30,start_thres=1.25",hub,0.25,10,25,40,1730,0,0,40,1730,0.0,0.0,0.0,0.0,7.625723357905041
tfnbs,"e=0.05,h=5.0,n=30,start_thres=1.25",hub,0.25,10,25,40,1730,0,0,40,1730,0.0,0.0,0.0,0.0,7.625723357905041
tfnbs,"e=0.05,h=6.0,n=30,start_thres=1.25",hub,0.25,10,25,40,1730,0,0,40,1730,0.0,0.0,0.0,0.0,7.625723357905041
tfnbs,"e=0.05,h=7.0,n=30,start_thres=1.25",hub,0.25,10,25,40,1730,0,0,40,1730,0.0,0.0,0.0,0.0,7.625723357905041
tfnbs,"e=0.05,h=8.0,n=30,start_thres=1.25",hub,0.25,10,25,40,1730,0,0,40,1730,0.0,0.0,0.0,0.0,7.625723357905041
tfnbs,"e=0.05,h=9.0,n=30,start_thres=1.25",hub,0.25,10,25,40,1730,0,0,40,1730,0.0,0.0,0.0,0.0,7.625723357905041
tfnbs,"e=0.05,h=10.0,n=30,start_thres=1.25",hub,0.25,10,25,40,1730,0,0,40,1730,0.0,0.0,0.0,0.0,7.625723357905041
tfnbs,"e=0.1,h=0.5,n=30,start_thres=1.25",hub,0.25,10,25,40,1730,0,0,40,1730,0.0,0.0,0.0,0.0,7.625723357905041
tfnbs,"e=0.1,h=1.0,n=30,start_thres=1.25",hub,0.25,10,25,40,1730,0,0,40,1730,0.0,0.0,0.0,0.0,7.625723357905041
tfnbs,"e=0.1,h=2.0,n=30,start_thres=1.25",hub,0.25,10,25,40,1730,0,0,40,1730,0.0,0.0,0.0,0.0,7.625723357905041
tfnbs,"e=0.1,h=3.0,n=30,start_thres=1.25",hub,0.25,10,25,40,1730,0,0,40,1730,0.0,0.0,0.0,0.0,7.625723357905041
tfnbs,"e=0.1,h=4.0,n=30,start_thres=1.25",hub,0.25,10,25,40,1730,0,0,40,1730,0.0,0.0,0.0,0.0,7.625723357905041
tfnbs,"e=0.1,h=5.0,n=30,start_thres=1.25",hub,0.25,10,25,40,1730,0,0,40,1730,0.0,0.0,0.0,0.0,7.625723357905041
tfnbs,"e=0.1,h=6.0,n=30,start_thres=1.25",hub,0.25,10,25,40,1730,0,0,40,1730,0.0,0.0,0.0,0.0,7.625723357905041
tfnbs,"e=0.1,h=7.0,n=30,start_thres=1.25",hub,0.25,10,25,40,1730,0,0,40,1730,0.0,0.0,0.0,0.0,7.625723357905041
tfnbs,"e=0.1,h=8.0,n=30,start_thres=1.25",hub,0.25,10,25,40,1730,0,0,40,1730,0.0,0.0,0.0,0.0,7.625723357905041
tfnbs,"e=0.1,h=9.0,n=30,start_thres=1.25",hub,0.25,10,25,40,1730,0,0,40,1730,0.0,0.0,0.0,0.0,7.625723357905041
tfnbs,"e=0.1,h=10.0,n=30,start_thres=1.25",hub,0.25,10,25,40,1730,0,0,40,1730,0.0,0.0,0.0,0.0,7.625723357905041
tfnbs,"e=0.2,h=0.5,n=30,start_thres=1.25",hub,0.25,10,25,40,1730,0,0,40,1730,0.0,0.0,0.0,0.0,7.625723357905041
tfnbs,"e=0.2,h=1.0,n=30,start_thres=1.25",hub,0.25,10,25,40,1730,0,0,40,1730,0.0,0.0,0.0,0.0,7.625723357905041
tfnbs,"e=0.2,h=2.0,n=30,start_thres=1.25",hub,0.25,10,25,40,1730,0,0,40,1730,0.0,0.0,0.0,0.0,7.625723357905041
tfnbs,"e=0.2,h=3.0,n=30,start_thres=1.25",hub,0.25,10,25,40,1730,0,0,40,1730,0.0,0.0,0.0,0.0,7.625723357905041
tfnbs,"e=0.2,h=4.0,n=30,start_thres=1.25",hub,0.25,10,25,40,1730,0,0,40,1730,0.0,0.0,0.0,0.0,7.625723357905041
tfnbs,"e=0.2,h=5.0,n=30,start_thres=1.25",hub,0.25,10,25,40,1730,0,0,40,1730,0.0,0.0,0.0,0.0,7.625723357905041
tfnbs,"e=0.2,h=6.0,n=30,start_thres=1.25",hub,0.25,10,25,40,1730,0,0,40,1730,0.0,0.0,0.0,0.0,7.625723357905041
tfnbs,"e=0.2,h=7.0,n=30,start_thres=1.25",hub,0.25,10,25,40,1730,0,0,40,1730,0.0,0.0,0.0,0.0,7.625723357905041
tfnbs,"e=0.2,h=8.0,n=30,start_thres=1.25",hub,0.25,10,25,40,1730,0,0,40,1730,0.0,0.0,0.0,0.0,7.625723357905041
tfnbs,"e=0.2,h=9.0,n=30,start_thres=1.25",hub,0.25,10,25,40,1730,0,0,40,1730,0.0,0.0,0.0,0.0,7.625723357905041
tfnbs,"e=0.2,h=10.0,n=30,start_thres=1.25",hub,0.25,10,25,40,1730,0,0,40,1730,0.0,0.0,0.0,0.0,7.625723357905041
tfnbs,"e=0.3,h=0.5,n=30,start_thres=1.25",hub,0.25,10,25,40,1730,0,0,40,1730,0.0,0.0,0.0,0.0,7.625723357905041
tfnbs,"e=0.3,h=1.0,n=30,start_thres=1.25",hub,0.25,10,25,40,1730,0,0,40,1730,0.0,0.0,0.0,0.0,7.625723357905041
tfnbs,"e=0.3,h=2.0,n=30,start_thres=1.25",hub,0.25,10,25,40,1730,0,0,40,1730,0.0,0.0,0.0,0.0,7.625723357905041
tfnbs,"e=0.3,h=3.0,n=30,start_thres=1.25",hub,0.25,10,25,40,1730,0,0,40,1730,0.0,0.0,0.0,0.0,7.625723357905041
tfnbs,"e=0.3,h=4.0,n=30,start_thres=1.25",hub,0.25,10,25,40,1730,0,0,40,1730,0.0,0.0,0.0,0.0,7.625723357905041
tfnbs,"e=0.3,h=5.0,n=30,start_thres=1.25",hub,0.25,10,25,40,1730,0,0,40,1730,0.0,0.0,0.0,0.0,7.625723357905041
tfnbs,"e=0.3,h=6.0,n=30,start_thres=1.25",hub,0.25,10,25,40,1730,0,0,40,1730,0.0,0.0,0.0,0.0,7.625723357905041
tfnbs,"e=0.3,h=7.0,n=30,start_thres=1.25",hub,0.25,10,25,40,1730,0,0,40,1730,0.0,0.0,0.0,0.0,7.625723357905041
tfnbs,"e=0.3,h=8.0,n=30,start_thres=1.25",hub,0.25,10,25,40,1730,0,0,40,1730,0.0,0.0,0.0,0.0,7.625723357905041
tfnbs,"e=0.3,h=9.0,n=30,start_thres=1.25",hub,0.25,10,25,40,1730,0,0,40,1730,0.0,0.0,0.0,0.0,7.625723357905041
tfnbs,"e=0.3,h=10.0,n=30,start_thres=1.25",hub,0.25,10,25,40,1730,0,0,40,1730,0.0,0.0,0.0,0.0,7.625723357905041
tfnbs,"e=0.4,h=0.5,n=30,start_thres=1.25",hub,0.25,10,25,40,1730,0,0,40,1730,0.0,0.0,0.0,0.0,7.625723357905041
tfnbs,"e=0.4,h=1.0,n=30,start_thres=1.25",hub,0.25,10,25,40,1730,0,0,40,1730,0.0,0.0,0.0,0.0,7.625723357905041
tfnbs,"e=0.4,h=2.0,n=30,start_thres=1.25",hub,0.25,10,25,40,1730,0,0,40,1730,0.0,0.0,0.0,0.0,7.625723357905041
tfnbs,"e=0.4,h=3.0,n=30,start_thres=1.25",hub,0.25,10,25,40,1730,0,0,40,1730,0.0,0.0,0.0,0.0,7.625723357905041
tfnbs,"e=0.4,h=4.0,n=30,start_thres=1.25",hub,0.25,10,25,40,1730,0,0,40,1730,0.0,0.0,0.0,0.0,7.625723357905041
tfnbs,"e=0.4,h=5.0,n=30,start_thres=1.25",hub,0.25,10,25,40,1730,0,0,40,1730,0.0,0.0,0.0,0.0,7.625723357905041
tfnbs,"e=0.4,h=6.0,n=30,start_thres=1.25",hub,0.25,10,25,40,1730,0,0,40,1730,0.0,0.0,0.0,0.0,7.625723357905041
tfnbs,"e=0.4,h=7.0,n=30,start_thres=1.25",hub,0.25,10,25,40,1730,0,0,40,1730,0.0,0.0,0.0,0.0,7.625723357905041
tfnbs,"e=0.4,h=8.0,n=30,start_thres=1.25",hub,0.25,10,25,40,1730,0,0,40,1730,0.0,0.0,0.0,0.0,7.625723357905041
tfnbs,"e=0.4,h=9.0,n=30,start_thres=1.25",hub,0.25,10,25,40,1730,0,0,40,1730,0.0,0.0,0.0,0.0,7.625723357905041
tfnbs,"e=0.4,h=10.0,n=30,start_thres=1.25",hub,0.25,10,25,40,1730,0,0,40,1730,0.0,0.0,0.0,0.0,7.625723357905041
tfnbs,"e=0.5,h=0.5,n=30,start_thres=1.25",hub,0.25,10,25,40,1730,0,0,40,1730,0.0,0.0,0.0,0.0,7.625723357905041
tfnbs,"e=0.5,h=1.0,n=30,start_thres=1.25",hub,0.25,10,25,40,1730,0,0,40,1730,0.0,0.0,0.0,0.0,7.625723357905041
tfnbs,"e=0.5,h=2.0,n=30,start_thres=1.25",hub,0.25,10,25,40,1730,0,0,40,1730,0.0,0.0,0.0,0.0,7.625723357905041
tfnbs,"e=0.5,h=3.0,n=30,start_thres=1.25",hub,0.25,10,25,40,1730,0,0,40,1730,0.0,0.0,0.0,0.0,7.625723357905041
tfnbs,"e=0.5,h=4.0,n=30,start_thres=1.25",hub,0.25,10,25,40,1730,0,0,40,1730,0.0,0.0,0.0,0.0,7.625723357905041
tfnbs,"e=0.5,h=5.0,n=30,start_thres=1.25",hub,0.25,10,25,40,1730,0,0,40,1730,0.0,0.0,0.0,0.0,7.625723357905041
tfnbs,"e=0.5,h=6.0,n=30,start_thres=1.25",hub,0.25,10,25,40,1730,0,0,40,1730,0.0,0.0,0.0,0.0,7.625723357905041
tfnbs,"e=0.5,h=7.0,n=30,start_thres=1.25",hub,0.25,10,25,40,1730,0,0,40,1730,0.0,0.0,0.0,0.0,7.625723357905041
tfnbs,"e=0.5,h=8.0,n=30,start_thres=1.25",hub,0.25,10,25,40,1730,0,0,40,1730,0.0,0.0,0.0,0.0,7.625723357905041
tfnbs,"e=0.5,h=9.0,n=30,start_thres=1.25",hub,0.25,10,25,40,1730,0,0,40,1730,0.0,0.0,0.0,0.0,7.625723357905041
tfnbs,"e=0.5,h=10.0,n=30,start_thres=1.25",hub,0.25,10,25,40,1730,0,0,40,1730,0.0,0.0,0.0,0.0,7.625723357905041
tfnbs,"e=0.6,h=0.5,n=30,start_thres=1.25",hub,0.25,10,25,40,1730,0,0,40,1730,0.0,0.0,0.0,0.0,7.625723357905041
tfnbs,"e=0.6,h=1.0,n=30,start_thres=1.25",hub,0.25,10,25,40,1730,0,0,40,1730,0.0,0.0,0.0,0.0,7.625723357905041
tfnbs,"e=0.6,h=2.0,n=30,start_thres=1.25",hub,0.25,10,25,40,1730,0,0,40,1730,0.0,0.0,0.0,0.0,7.625723357905041
tfnbs,"e=0.6,h=3.0,n=30,start_thres=1.25",hub,0.25,10,25,40,1730,0,0,40,1730,0.0,0.0,0.0,0.0,7.625723357905041
tfnbs,"e=0.6,h=4.0,n=30,start_thres=1.25",hub,0.25,10,25,40,1730,0,0,40,1730,0.0,0.0,0.0,0.0,7.625723357905041
tfnbs,"e=0.6,h=5.0,n=30,start_thres=1.25",hub,0.25,10,25,40,1730,0,0,40,1730,0.0,0.0,0.0,0.0,7.625723357905041
tfnbs,"e=0.6,h=6.0,n=30,start_thres=1.25",hub,0.25,10,25,40,1730,0,0,40,1730,0.0,0.0,0.0,0.0,7.625723357905041
tfnbs,"e=0.6,h=7.0,n=30,start_thres=1.25",hub,0.25,10,25,40,1730,0,0,40,1730,0.0,0.0,0.0,0.0,7.625723357905041
tfnbs,"e=0.6,h=8.0,n=30,start_thres=1.25",hub,0.25,10,25,40,1730,0,0,40,1730,0.0,0.0,0.0,0.0,7.625723357905041
tfnbs,"e=0.6,h=9.0,n=30,start_thres=1.25",hub,0.25,10,25,40,1730,0,0,40,1730,0.0,0.0,0.0,0.0,7.625723357905041
tfnbs,"e=0.6,h=10.0,n=30,start_thres=1.25",hub,0.25,10,25,40,1730,0,0,40,1730,0.0,0.0,0.0,0.0,7.625723357905041
tfnbs,"e=0.7,h=0.5,n=30,start_thres=1.25",hub,0.25,10,25,40,1730,0,0,40,1730,0.0,0.0,0.0,0.0,7.625723357905041
tfnbs,"e=0.7,h=1.0,n=30,start_thres=1.25",hub,0.25,10,25,40,1730,0,0,40,1730,0.0,0.0,0.0,0.0,7.625723357905041
tfnbs,"e=0.7,h=2.0,n=30,start_thres=1.25",hub,0.25,10,25,40,1730,0,0,40,1730,0.0,0.0,0.0,0.0,7.625723357905041
tfnbs,"e=0.7,h=3.0,n=30,start_thres=1.25",hub,0.25,10,25,40,1730,0,0,40,1730,0.0,0.0,0.0,0.0,7.625723357905041
tfnbs,"e=0.7,h=4.0,n=30,start_thres=1.25",hub,0.25,10,25,40,1730,0,0,40,1730,0.0,0.0,0.0,0.0,7.625723357905041
tfnbs,"e=0.7,h=5.0,n=30,start_thres=1.25",hub,0.25,10,25,40,1730,0,0,40,1730,0.0,0.0,0.0,0.0,7.625723357905041
tfnbs,"e=0.7,h=6.0,n=30,start_thres=1.25",hub,0.25,10,25,40,1730,0,0,40,1730,0.0,0.0,0.0,0.0,7.625723357905041
tfnbs,"e=0.7,h=7.0,n=30,start_thres=1.25",hub,0.25,10,25,40,1730,0,0,40,1730,0.0,0.0,0.0,0.0,7.625723357905041
tfnbs,"e=0.7,h=8.0,n=30,start_thres=1.25",hub,0.25,10,25,40,1730,0,0,40,1730,0.0,0.0,0.0,0.0,7.625723357905041
tfnbs,"e=0.7,h=9.0,n=30,start_thres=1.25",hub,0.25,10,25,40,1730,0,0,40,1730,0.0,0.0,0.0,0.0,7.625723357905041
tfnbs,"e=0.7,h=10.0,n=30,start_thres=1.25",hub,0.25,10,25,40,1730,0,0,40,1730,0.0,0.0,0.0,0.0,7.625723357905041
tfnbs,"e=0.8,h=0.5,n=30,start_thres=1.25",hub,0.25,10,25,40,1730,0,0,40,1730,0.0,0.0,0.0,0.0,7.625723357905041
tfnbs,"e=0.8,h=1.0,n=30,start_thres=1.25",hub,0.25,10,25,40,1730,0,0,40,1730,0.0,0.0,0.0,0.0,7.625723357905041
tfnbs,"e=0.8,h=2.0,n=30,start_thres=1.25",hub,0.25,10,25,40,1730,0,0,40,1730,0.0,0.0,0.0,0.0,7.625723357905041
tfnbs,"e=0.8,h=3.0,n=30,start_thres=1.25",hub,0.25,10,25,40,1730,0,0,40,1730,0.0,0.0,0.0,0.0,7.625723357905041
tfnbs,"e=0.8,h=4.0,n=30,start_thres=1.25",hub,0.25,10,25,40,1730,0,0,40,1730,0.0,0.0,0.0,0.0,7.625723357905041
tfnbs,"e=0.8,h=5.0,n=30,start_thres=1.25",hub,0.25,10,25,40,1730,0,0,40,1730,0.0,0.0,0.0,0.0,7.625723357905041
tfnbs,"e=0.8,h=6.0,n=30,start_thres=1.25",hub,0.25,10,25,40,1730,0,0,40,1730,0.0,0.0,0.0,0.0,7.625723357905041
tfnbs,"e=0.8,h=7.0,n=30,start_thres=1.25",hub,0.25,10,25,40,1730,0,0,40,1730,0.0,0.0,0.0,0.0,7.625723357905041
tfnbs,"e=0.8,h=8.0,n=30,start_thres=1.25",hub,0.25,10,25,40,1730,0,0,40,1730,0.0,0.0,0.0,0.0,7.625723357905041
tfnbs,"e=0.8,h=9.0,n=30,start_thres=1.25",hub,0.25,10,25,40,1730,0,0,40,1730,0.0,0.0,0.0,0.0,7.625723357905041
tfnbs,"e=0.8,h=10.0,n=30,start_thres=1.25",hub,0.25,10,25,40,1730,0,0,40,1730,0.0,0.0,0.0,0.0,7.625723357905041
tfnbs,"e=0.9,h=0.5,n=30,start_thres=1.25",hub,0.25,10,25,40,1730,0,0,40,1730,0.0,0.0,0.0,0.0,7.625723357905041
tfnbs,"e=0.9,h=1.0,n=30,start_thres=1.25",hub,0.25,10,25,40,1730,0,0,40,1730,0.0,0.0,0.0,0.0,7.625723357905041
tfnbs,"e=0.9,h=2.0,n=30,start_thres=1.25",hub,0.25,10,25,40,1730,0,0,40,1730,0.0,0.0,0.0,0.0,7.625723357905041
tfnbs,"e=0.9,h=3.0,n=30,start_thres=1.25",hub,0.25,10,25,40,1730,0,0,40,1730,0.0,0.0,0.0,0.0,7.625723357905041
tfnbs,"e=0.9,h=4.0,n=30,start_thres=1.25",hub,0.25,10,25,40,1730,0,0,40,1730,0.0,0.0,0.0,0.0,7.625723357905041
tfnbs,"e=0.9,h=5.0,n=30,start_thres=1.25",hub,0.25,10,25,40,1730,0,0,40,1730,0.0,0.0,0.0,0.0,7.625723357905041
tfnbs,"e=0.9,h=6.0,n=30,start_thres=1.25",hub,0.25,10,25,40,1730,0,0,40,1730,0.0,0.0,0.0,0.0,7.625723357905041
tfnbs,"e=0.9,h=7.0,n=30,start_thres=1.25",hub,0.25,10,25,40,1730,0,0,40,1730,0.0,0.0,0.0,0.0,7.625723357905041
tfnbs,"e=0.9,h=8.0,n=30,start_thres=1.25",hub,0.25,10,25,40,1730,0,0,40,1730,0.0,0.0,0.0,0.0,7.625723357905041
tfnbs,"e=0.9,h=9.0,n=30,start_thres=1.25",hub,0.25,10,25,40,1730,0,0,40,1730,0.0,0.0,0.0,0.0,7.625723357905041
tfnbs,"e=0.9,h=10.0,n=30,start_thres=1.25",hub,0.25,10,25,40,1730,0,0,40,1730,0.0,0.0,0.0,0.0,7.625723357905041
tfnbs,"e=1.0,h=0.5,n=30,start_thres=1.25",hub,0.25,10,25,40,1730,0,0,40,1730,0.0,0.0,0.0,0.0,7.625723357905041
tfnbs,"e=1.0,h=1.0,n=30,start_thres=1.25",hub,0.25,10,25,40,1730,0,0,40,1730,0.0,0.0,0.0,0.0,7.625723357905041
tfnbs,"e=1.0,h=2.0,n=30,start_thres=1.25",hub,0.25,10,25,40,1730,0,0,40,1730,0.0,0.0,0.0,0.0,7.625723357905041
tfnbs,"e=1.0,h=3.0,n=30,start_thres=1.25",hub,0.25,10,25,40,1730,0,0,40,1730,0.0,0.0,0.0,0.0,7.625723357905041
tfnbs,"e=1.0,h=4.0,n=30,start_thres=1.25",hub,0.25,10,25,40,1730,0,0,40,1730,0.0,0.0,0.0,0.0,7.625723357905041
tfnbs,"e=1.0,h=5.0,n=30,start_thres=1.25",hub,0.25,10,25,40,1730,0,0,40,1730,0.0,0.0,0.0,0.0,7.625723357905041
tfnbs,"e=1.0,h=6.0,n=30,start_thres=1.25",hub,0.25,10,25,40,1730,0,0,40,1730,0.0,0.0,0.0,0.0,7.625723357905041
tfnbs,"e=1.0,h=7.0,n=30,start_thres=1.25",hub,0.25,10,25,40,1730,0,0,40,1730,0.0,0.0,0.0,0.0,7.625723357905041
tfnbs,"e=1.0,h=8.0,n=30,start_thres=1.25",hub,0.25,10,25,40,1730,0,0,40,1730,0.0,0.0,0.0,0.0,7.625723357905041
tfnbs,"e=1.0,h=9.0,n=30,start_thres=1.25",hub,0.25,10,25,40,1730,0,0,40,1730,0.0,0.0,0.0,0.0,7.625723357905041
tfnbs,"e=1.0,h=10.0,n=30,start_thres=1.25",hub,0.25,10,25,40,1730,0,0,40,1730,0.0,0.0,0.0,0.0,7.625723357905041
tfnbs,"e=1.1,h=0.5,n=30,start_thres=1.25",hub,0.25,10,25,40,1730,0,0,40,1730,0.0,0.0,0.0,0.0,7.625723357905041
tfnbs,"e=1.1,h=1.0,n=30,start_thres=1.25",hub,0.25,10,25,40,1730,0,0,40,1730,0.0,0.0,0.0,0.0,7.625723357905041
tfnbs,"e=1.1,h=2.0,n=30,start_thres=1.25",hub,0.25,10,25,40,1730,0,0,40,1730,0.0,0.0,0.0,0.0,7.625723357905041
tfnbs,"e=1.1,h=3.0,n=30,start_thres=1.25",hub,0.25,10,25,40,1730,0,0,40,1730,0.0,0.0,0.0,0.0,7.625723357905041
tfnbs,"e=1.1,h=4.0,n=30,start_thres=1.25",hub,0.25,10,25,40,1730,0,0,40,1730,0.0,0.0,0.0,0.0,7.625723357905041
tfnbs,"e=1.1,h=5.0,n=30,start_thres=1.25",hub,0.25,10,25,40,1730,0,0,40,1730,0.0,0.0,0.0,0.0,7.625723357905041
tfnbs,"e=1.1,h=6.0,n=30,start_thres=1.25",hub,0.25,10,25,40,1730,0,0,40,1730,0.0,0.0,0.0,0.0,7.625723357905041
tfnbs,"e=1.1,h=7.0,n=30,start_thres=1.25",hub,0.25,10,25,40,1730,0,0,40,1730,0.0,0.0,0.0,0.0,7.625723357905041
tfnbs,"e=1.1,h=8.0,n=30,start_thres=1.25",hub,0.25,10,25,40,1730,0,0,40,1730,0.0,0.0,0.0,0.0,7.625723357905041
tfnbs,"e=1.1,h=9.0,n=30,start_thres=1.25",hub,0.25,10,25,40,1730,0,0,40,1730,0.0,0.0,0.0,0.0,7.625723357905041
tfnbs,"e=1.1,h=10.0,n=30,start_thres=1.25",hub,0.25,10,25,40,1730,0,0,40,1730,0.0,0.0,0.0,0.0,7.625723357905041
tfnbs,"e=1.2,h=0.5,n=30,start_thres=1.25",hub,0.25,10,25,40,1730,0,0,40,1730,0.0,0.0,0.0,0.0,7.625723357905041
tfnbs,"e=1.2,h=1.0,n=30,start_thres=1.25",hub,0.25,10,25,40,1730,0,0,40,1730,0.0,0.0,0.0,0.0,7.625723357905041
tfnbs,"e=1.2,h=2.0,n=30,start_thres=1.25",hub,0.25,10,25,40,1730,0,0,40,1730,0.0,0.0,0.0,0.0,7.625723357905041
tfnbs,"e=1.2,h=3.0,n=30,start_thres=1.25",hub,0.25,10,25,40,1730,0,0,40,1730,0.0,0.0,0.0,0.0,7.625723357905041
tfnbs,"e=1.2,h=4.0,n=30,start_thres=1.25",hub,0.25,10,25,40,1730,0,0,40,1730,0.0,0.0,0.0,0.0,7.625723357905041
tfnbs,"e=1.2,h=5.0,n=30,start_thres=1.25",hub,0.25,10,25,40,1730,0,0,40,1730,0.0,0.0,0.0,0.0,7.625723357905041
tfnbs,"e=1.2,h=6.0,n=30,start_thres=1.25",hub,0.25,10,25,40,1730,0,0,40,1730,0.0,0.0,0.0,0.0,7.625723357905041
tfnbs,"e=1.2,h=7.0,n=30,start_thres=1.25",hub,0.25,10,25,40,1730,0,0,40,1730,0.0,0.0,0.0,0.0,7.625723357905041
tfnbs,"e=1.2,h=8.0,n=30,start_thres=1.25",hub,0.25,10,25,40,1730,0,0,40,1730,0.0,0.0,0.0,0.0,7.625723357905041
tfnbs,"e=1.2,h=9.0,n=30,start_thres=1.25",hub,0.25,10,25,40,1730,0,0,40,1730,0.0,0.0,0.0,0.0,7.625723357905041
tfnbs,"e=1.2,h=10.0,n=30,start_thres=1.25",hub,0.25,10,25,40,1730,0,0,40,1730,0.0,0.0,0.0,0.0,7.625723357905041
tfnbs,"e=1.3,h=0.5,n=30,start_thres=1.25",hub,0.25,10,25,40,1730,0,0,40,1730,0.0,0.0,0.0,0.0,7.625723357905041
tfnbs,"e=1.3,h=1.0,n=30,start_thres=1.25",hub,0.25,10,25,40,1730,0,0,40,1730,0.0,0.0,0.0,0.0,7.625723357905041
tfnbs,"e=1.3,h=2.0,n=30,start_thres=1.25",hub,0.25,10,25,40,1730,0,0,40,1730,0.0,0.0,0.0,0.0,7.625723357905041
tfnbs,"e=1.3,h=3.0,n=30,start_thres=1.25",hub,0.25,10,25,40,1730,0,0,40,1730,0.0,0.0,0.0,0.0,7.625723357905041
tfnbs,"e=1.3,h=4.0,n=30,start_thres=1.25",hub,0.25,10,25,40,1730,0,0,40,1730,0.0,0.0,0.0,0.0,7.625723357905041
tfnbs,"e=1.3,h=5.0,n=30,start_thres=1.25",hub,0.25,10,25,40,1730,0,0,40,1730,0.0,0.0,0.0,0.0,7.625723357905041
tfnbs,"e=1.3,h=6.0,n=30,start_thres=1.25",hub,0.25,10,25,40,1730,0,0,40,1730,0.0,0.0,0.0,0.0,7.625723357905041
tfnbs,"e=1.3,h=7.0,n=30,start_thres=1.25",hub,0.25,10,25,40,1730,0,0,40,1730,0.0,0.0,0.0,0.0,7.625723357905041
tfnbs,"e=1.3,h=8.0,n=30,start_thres=1.25",hub,0.25,10,25,40,1730,0,0,40,1730,0.0,0.0,0.0,0.0,7.625723357905041
tfnbs,"e=1.3,h=9.0,n=30,start_thres=1.25",hub,0.25,10,25,40,1730,0,0,40,1730,0.0,0.0,0.0,0.0,7.625723357905041
tfnbs,"e=1.3,h=10.0,n=30,start_thres=1.25",hub,0.25,10,25,40,1730,0,0,40,1730,0.0,0.0,0.0,0.0,7.625723357905041
tfnbs,"e=1.4,h=0.5,n=30,start_thres=1.25",hub,0.25,10,25,40,1730,0,0,40,1730,0.0,0.0,0.0,0.0,7.625723357905041
tfnbs,"e=1.4,h=1.0,n=30,start_thres=1.25",hub,0.25,10,25,40,1730,0,0,40,1730,0.0,0.0,0.0,0.0,7.625723357905041
tfnbs,"e=1.4,h=2.0,n=30,start_thres=1.25",hub,0.25,10,25,40,1730,0,0,40,1730,0.0,0.0,0.0,0.0,7.625723357905041
tfnbs,"e=1.4,h=3.0,n=30,start_thres=1.25",hub,0.25,10,25,40,1730,0,0,40,1730,0.0,0.0,0.0,0.0,7.625723357905041
tfnbs,"e=1.4,h=4.0,n=30,start_thres=1.25",hub,0.25,10,25,40,1730,0,0,40,1730,0.0,0.0,0.0,0.0,7.625723357905041
tfnbs,"e=1.4,h=5.0,n=30,start_thres=1.25",hub,0.25,10,25,40,1730,0,0,40,1730,0.0,0.0,0.0,0.0,7.625723357905041
tfnbs,"e=1.4,h=6.0,n=30,start_thres=1.25",hub,0.25,10,25,40,1730,0,0,40,1730,0.0,0.0,0.0,0.0,7.625723357905041
tfnbs,"e=1.4,h=7.0,n=30,start_thres=1.25",hub,0.25,10,25,40,1730,0,0,40,1730,0.0,0.0,0.0,0.0,7.625723357905041
tfnbs,"e=1.4,h=8.0,n=30,start_thres=1.25",hub,0.25,10,25,40,1730,0,0,40,1730,0.0,0.0,0.0,0.0,7.625723357905041
tfnbs,"e=1.4,h=9.0,n=30,start_thres=1.25",hub,0.25,10,25,40,1730,0,0,40,1730,0.0,0.0,0.0,0.0,7.625723357905041
tfnbs,"e=1.4,h=10.0,n=30,start_thres=1.25",hub,0.25,10,25,40,1730,0,0,40,1730,0.0,0.0,0.0,0.0,7.625723357905041
tfnbs,"e=1.5,h=0.5,n=30,start_thres=1.25",hub,0.25,10,25,40,1730,0,0,40,1730,0.0,0.0,0.0,0.0,7.625723357905041
tfnbs,"e=1.5,h=1.0,n=30,start_thres=1.25",hub,0.25,10,25,40,1730,0,0,40,1730,0.0,0.0,0.0,0.0,7.625723357905041
tfnbs,"e=1.5,h=2.0,n=30,start_thres=1.25",hub,0.25,10,25,40,1730,0,0,40,1730,0.0,0.0,0.0,0.0,7.625723357905041
tfnbs,"e=1.5,h=3.0,n=30,start_thres=1.25",hub,0.25,10,25,40,1730,0,0,40,1730,0.0,0.0,0.0,0.0,7.625723357905041
tfnbs,"e=1.5,h=4.0,n=30,start_thres=1.25",hub,0.25,10,25,40,1730,0,0,40,1730,0.0,0.0,0.0,0.0,7.625723357905041
tfnbs,"e=1.5,h=5.0,n=30,start_thres=1.25",hub,0.25,10,25,40,1730,0,0,40,1730,0.0,0.0,0.0,0.0,7.625723357905041
tfnbs,"e=1.5,h=6.0,n=30,start_thres=1.25",hub,0.25,10,25,40,1730,0,0,40,1730,0.0,0.0,0.0,0.0,7.625723357905041
tfnbs,"e=1.5,h=7.0,n=30,start_thres=1.25",hub,0.25,10,25,40,1730,0,0,40,1730,0.0,0.0,0.0,0.0,7.625723357905041
tfnbs,"e=1.5,h=8.0,n=30,start_thres=1.25",hub,0.25,10,25,40,1730,0,0,40,1730,0.0,0.0,0.0,0.0,7.625723357905041
tfnbs,"e=1.5,h=9.0,n=30,start_thres=1.25",hub,0.25,10,25,40,1730,0,0,40,1730,0.0,0.0,0.0,0.0,7.625723357905041
tfnbs,"e=1.5,h=10.0,n=30,start_thres=1.25",hub,0.25,10,25,40,1730,0,0,40,1730,0.0,0.0,0.0,0.0,7.625723357905041
tfnbs,"e=0.05,h=0.5,n=30,start_thres=1.25",hub,0.25,10,26,40,1730,0,0,40,1730,0.0,0.0,0.0,0.0,7.650988865982402
tfnbs,"e=0.05,h=1.0,n=30,start_thres=1.25",hub,0.25,10,26,40,1730,0,0,40,1730,0.0,0.0,0.0,0.0,7.650988865982402
tfnbs,"e=0.05,h=2.0,n=30,start_thres=1.25",hub,0.25,10,26,40,1730,0,0,40,1730,0.0,0.0,0.0,0.0,7.650988865982402
tfnbs,"e=0.05,h=3.0,n=30,start_thres=1.25",hub,0.25,10,26,40,1730,0,0,40,1730,0.0,0.0,0.0,0.0,7.650988865982402
tfnbs,"e=0.05,h=4.0,n=30,start_thres=1.25",hub,0.25,10,26,40,1730,0,0,40,1730,0.0,0.0,0.0,0.0,7.650988865982402
tfnbs,"e=0.05,h=5.0,n=30,start_thres=1.25",hub,0.25,10,26,40,1730,0,0,40,1730,0.0,0.0,0.0,0.0,7.650988865982402
tfnbs,"e=0.05,h=6.0,n=30,start_thres=1.25",hub,0.25,10,26,40,1730,0,0,40,1730,0.0,0.0,0.0,0.0,7.650988865982402
tfnbs,"e=0.05,h=7.0,n=30,start_thres=1.25",hub,0.25,10,26,40,1730,0,0,40,1730,0.0,0.0,0.0,0.0,7.650988865982402
tfnbs,"e=0.05,h=8.0,n=30,start_thres=1.25",hub,0.25,10,26,40,1730,0,0,40,1730,0.0,0.0,0.0,0.0,7.650988865982402
tfnbs,"e=0.05,h=9.0,n=30,start_thres=1.25",hub,0.25,10,26,40,1730,0,0,40,1730,0.0,0.0,0.0,0.0,7.650988865982402
tfnbs,"e=0.05,h=10.0,n=30,start_thres=1.25",hub,0.25,10,26,40,1730,0,0,40,1730,0.0,0.0,0.0,0.0,7.650988865982402
tfnbs,"e=0.1,h=0.5,n=30,start_thres=1.25",hub,0.25,10,26,40,1730,0,0,40,1730,0.0,0.0,0.0,0.0,7.650988865982402
tfnbs,"e=0.1,h=1.0,n=30,start_thres=1.25",hub,0.25,10,26,40,1730,0,0,40,1730,0.0,0.0,0.0,0.0,7.650988865982402
tfnbs,"e=0.1,h=2.0,n=30,start_thres=1.25",hub,0.25,10,26,40,1730,0,0,40,1730,0.0,0.0,0.0,0.0,7.650988865982402
tfnbs,"e=0.1,h=3.0,n=30,start_thres=1.25",hub,0.25,10,26,40,1730,0,0,40,1730,0.0,0.0,0.0,0.0,7.650988865982402
tfnbs,"e=0.1,h=4.0,n=30,start_thres=1.25",hub,0.25,10,26,40,1730,0,0,40,1730,0.0,0.0,0.0,0.0,7.650988865982402
tfnbs,"e=0.1,h=5.0,n=30,start_thres=1.25",hub,0.25,10,26,40,1730,0,0,40,1730,0.0,0.0,0.0,0.0,7.650988865982402
tfnbs,"e=0.1,h=6.0,n=30,start_thres=1.25",hub,0.25,10,26,40,1730,0,0,40,1730,0.0,0.0,0.0,0.0,7.650988865982402
tfnbs,"e=0.1,h=7.0,n=30,start_thres=1.25",hub,0.25,10,26,40,1730,0,0,40,1730,0.0,0.0,0.0,0.0,7.650988865982402
tfnbs,"e=0.1,h=8.0,n=30,start_thres=1.25",hub,0.25,10,26,40,1730,0,0,40,1730,0.0,0.0,0.0,0.0,7.650988865982402
tfnbs,"e=0.1,h=9.0,n=30,start_thres=1.25",hub,0.25,10,26,40,1730,0,0,40,1730,0.0,0.0,0.0,0.0,7.650988865982402
tfnbs,"e=0.1,h=10.0,n=30,start_thres=1.25",hub,0.25,10,26,40,1730,0,0,40,1730,0.0,0.0,0.0,0.0,7.650988865982402
tfnbs,"e=0.2,h=0.5,n=30,start_thres=1.25",hub,0.25,10,26,40,1730,0,0,40,1730,0.0,0.0,0.0,0.0,7.650988865982402
tfnbs,"e=0.2,h=1.0,n=30,start_thres=1.25",hub,0.25,10,26,40,1730,0,0,40,1730,0.0,0.0,0.0,0.0,7.650988865982402
tfnbs,"e=0.2,h=2.0,n=30,start_thres=1.25",hub,0.25,10,26,40,1730,0,0,40,1730,0.0,0.0,0.0,0.0,7.650988865982402
tfnbs,"e=0.2,h=3.0,n=30,start_thres=1.25",hub,0.25,10,26,40,1730,0,0,40,1730,0.0,0.0,0.0,0.0,7.650988865982402
tfnbs,"e=0.2,h=4.0,n=30,start_thres=1.25",hub,0.25,10,26,40,1730,0,0,40,1730,0.0,0.0,0.0,0.0,7.650988865982402
tfnbs,"e=0.2,h=5.0,n=30,start_thres=1.25",hub,0.25,10,26,40,1730,0,0,40,1730,0.0,0.0,0.0,0.0,7.650988865982402
tfnbs,"e=0.2,h=6.0,n=30,start_thres=1.25",hub,0.25,10,26,40,1730,0,0,40,1730,0.0,0.0,0.0,0.0,7.650988865982402
tfnbs,"e=0.2,h=7.0,n=30,start_thres=1.25",hub,0.25,10,26,40,1730,0,0,40,1730,0.0,0.0,0.0,0.0,7.650988865982402
tfnbs,"e=0.2,h=8.0,n=30,start_thres=1.25",hub,0.25,10,26,40,1730,0,0,40,1730,0.0,0.0,0.0,0.0,7.650988865982402
tfnbs,"e=0.2,h=9.0,n=30,start_thres=1.25",hub,0.25,10,26,40,1730,0,0,40,1730,0.0,0.0,0.0,0.0,7.650988865982402
tfnbs,"e=0.2,h=10.0,n=30,start_thres=1.25",hub,0.25,10,26,40,1730,0,0,40,1730,0.0,0.0,0.0,0.0,7.650988865982402
tfnbs,"e=0.3,h=0.5,n=30,start_thres=1.25",hub,0.25,10,26,40,1730,0,0,40,1730,0.0,0.0,0.0,0.0,7.650988865982402
tfnbs,"e=0.3,h=1.0,n=30,start_thres=1.25",hub,0.25,10,26,40,1730,0,0,40,1730,0.0,0.0,0.0,0.0,7.650988865982402
tfnbs,"e=0.3,h=2.0,n=30,start_thres=1.25",hub,0.25,10,26,40,1730,0,0,40,1730,0.0,0.0,0.0,0.0,7.650988865982402
tfnbs,"e=0.3,h=3.0,n=30,start_thres=1.25",hub,0.25,10,26,40,1730,0,0,40,1730,0.0,0.0,0.0,0.0,7.650988865982402
tfnbs,"e=0.3,h=4.0,n=30,start_thres=1.25",hub,0.25,10,26,40,1730,0,0,40,1730,0.0,0.0,0.0,0.0,7.650988865982402
tfnbs,"e=0.3,h=5.0,n=30,start_thres=1.25",hub,0.25,10,26,40,1730,0,0,40,1730,0.0,0.0,0.0,0.0,7.650988865982402
tfnbs,"e=0.3,h=6.0,n=30,start_thres=1.25",hub,0.25,10,26,40,1730,0,0,40,1730,0.0,0.0,0.0,0.0,7.650988865982402
tfnbs,"e=0.3,h=7.0,n=30,start_thres=1.25",hub,0.25,10,26,40,1730,0,0,40,1730,0.0,0.0,0.0,0.0,7.650988865982402
tfnbs,"e=0.3,h=8.0,n=30,start_thres=1.25",hub,0.25,10,26,40,1730,0,0,40,1730,0.0,0.0,0.0,0.0,7.650988865982402
tfnbs,"e=0.3,h=9.0,n=30,start_thres=1.25",hub,0.25,10,26,40,1730,0,0,40,1730,0.0,0.0,0.0,0.0,7.650988865982402
tfnbs,"e=0.3,h=10.0,n=30,start_thres=1.25",hub,0.25,10,26,40,1730,0,0,40,1730,0.0,0.0,0.0,0.0,7.650988865982402
tfnbs,"e=0.4,h=0.5,n=30,start_thres=1.25",hub,0.25,10,26,40,1730,0,0,40,1730,0.0,0.0,0.0,0.0,7.650988865982402
tfnbs,"e=0.4,h=1.0,n=30,start_thres=1.25",hub,0.25,10,26,40,1730,0,0,40,1730,0.0,0.0,0.0,0.0,7.650988865982402
tfnbs,"e=0.4,h=2.0,n=30,start_thres=1.25",hub,0.25,10,26,40,1730,0,0,40,1730,0.0,0.0,0.0,0.0,7.650988865982402
tfnbs,"e=0.4,h=3.0,n=30,start_thres=1.25",hub,0.25,10,26,40,1730,0,0,40,1730,0.0,0.0,0.0,0.0,7.650988865982402
tfnbs,"e=0.4,h=4.0,n=30,start_thres=1.25",hub,0.25,10,26,40,1730,0,0,40,1730,0.0,0.0,0.0,0.0,7.650988865982402
tfnbs,"e=0.4,h=5.0,n=30,start_thres=1.25",hub,0.25,10,26,40,1730,0,0,40,1730,0.0,0.0,0.0,0.0,7.650988865982402
tfnbs,"e=0.4,h=6.0,n=30,start_thres=1.25",hub,0.25,10,26,40,1730,0,0,40,1730,0.0,0.0,0.0,0.0,7.650988865982402
tfnbs,"e=0.4,h=7.0,n=30,start_thres=1.25",hub,0.25,10,26,40,1730,0,0,40,1730,0.0,0.0,0.0,0.0,7.650988865982402
tfnbs,"e=0.4,h=8.0,n=30,start_thres=1.25",hub,0.25,10,26,40,1730,0,0,40,1730,0.0,0.0,0.0,0.0,7.650988865982402
tfnbs,"e=0.4,h=9.0,n=30,start_thres=1.25",hub,0.25,10,26,40,1730,0,0,40,1730,0.0,0.0,0.0,0.0,7.650988865982402
tfnbs,"e=0.4,h=10.0,n=30,start_thres=1.25",hub,0.25,10,26,40,1730,0,0,40,1730,0.0,0.0,0.0,0.0,7.650988865982402
tfnbs,"e=0.5,h=0.5,n=30,start_thres=1.25",hub,0.25,10,26,40,1730,0,0,40,1730,0.0,0.0,0.0,0.0,7.650988865982402
tfnbs,"e=0.5,h=1.0,n=30,start_thres=1.25",hub,0.25,10,26,40,1730,0,0,40,1730,0.0,0.0,0.0,0.0,7.650988865982402
tfnbs,"e=0.5,h=2.0,n=30,start_thres=1.25",hub,0.25,10,26,40,1730,0,0,40,1730,0.0,0.0,0.0,0.0,7.650988865982402
tfnbs,"e=0.5,h=3.0,n=30,start_thres=1.25",hub,0.25,10,26,40,1730,0,0,40,1730,0.0,0.0,0.0,0.0,7.650988865982402
tfnbs,"e=0.5,h=4.0,n=30,start_thres=1.25",hub,0.25,10,26,40,1730,0,0,40,1730,0.0,0.0,0.0,0.0,7.650988865982402
tfnbs,"e=0.5,h=5.0,n=30,start_thres=1.25",hub,0.25,10,26,40,1730,0,0,40,1730,0.0,0.0,0.0,0.0,7.650988865982402
tfnbs,"e=0.5,h=6.0,n=30,start_thres=1.25",hub,0.25,10,26,40,1730,0,0,40,1730,0.0,0.0,0.0,0.0,7.650988865982402
tfnbs,"e=0.5,h=7.0,n=30,start_thres=1.25",hub,0.25,10,26,40,1730,0,0,40,1730,0.0,0.0,0.0,0.0,7.650988865982402
tfnbs,"e=0.5,h=8.0,n=30,start_thres=1.25",hub,0.25,10,26,40,1730,0,0,40,1730,0.0,0.0,0.0,0.0,7.650988865982402
tfnbs,"e=0.5,h=9.0,n=30,start_thres=1.25",hub,0.25,10,26,40,1730,0,0,40,1730,0.0,0.0,0.0,0.0,7.650988865982402
tfnbs,"e=0.5,h=10.0,n=30,start_thres=1.25",hub,0.25,10,26,40,1730,0,0,40,1730,0.0,0.0,0.0,0.0,7.650988865982402
tfnbs,"e=0.6,h=0.5,n=30,start_thres=1.25",hub,0.25,10,26,40,1730,0,0,40,1730,0.0,0.0,0.0,0.0,7.650988865982402
tfnbs,"e=0.6,h=1.0,n=30,start_thres=1.25",hub,0.25,10,26,40,1730,0,0,40,1730,0.0,0.0,0.0,0.0,7.650988865982402
tfnbs,"e=0.6,h=2.0,n=30,start_thres=1.25",hub,0.25,10,26,40,1730,0,0,40,1730,0.0,0.0,0.0,0.0,7.650988865982402
tfnbs,"e=0.6,h=3.0,n=30,start_thres=1.25",hub,0.25,10,26,40,1730,0,0,40,1730,0.0,0.0,0.0,0.0,7.650988865982402
tfnbs,"e=0.6,h=4.0,n=30,start_thres=1.25",hub,0.25,10,26,40,1730,0,0,40,1730,0.0,0.0,0.0,0.0,7.650988865982402
tfnbs,"e=0.6,h=5.0,n=30,start_thres=1.25",hub,0.25,10,26,40,1730,0,0,40,1730,0.0,0.0,0.0,0.0,7.650988865982402
tfnbs,"e=0.6,h=6.0,n=30,start_thres=1.25",hub,0.25,10,26,40,1730,0,0,40,1730,0.0,0.0,0.0,0.0,7.650988865982402
tfnbs,"e=0.6,h=7.0,n=30,start_thres=1.25",hub,0.25,10,26,40,1730,0,0,40,1730,0.0,0.0,0.0,0.0,7.650988865982402
tfnbs,"e=0.6,h=8.0,n=30,start_thres=1.25",hub,0.25,10,26,40,1730,0,0,40,1730,0.0,0.0,0.0,0.0,7.650988865982402
tfnbs,"e=0.6,h=9.0,n=30,start_thres=1.25",hub,0.25,10,26,40,1730,0,0,40,1730,0.0,0.0,0.0,0.0,7.650988865982402
tfnbs,"e=0.6,h=10.0,n=30,start_thres=1.25",hub,0.25,10,26,40,1730,0,0,40,1730,0.0,0.0,0.0,0.0,7.650988865982402
tfnbs,"e=0.7,h=0.5,n=30,start_thres=1.25",hub,0.25,10,26,40,1730,0,0,40,1730,0.0,0.0,0.0,0.0,7.650988865982402
tfnbs,"e=0.7,h=1.0,n=30,start_thres=1.25",hub,0.25,10,26,40,1730,0,0,40,1730,0.0,0.0,0.0,0.0,7.650988865982402
tfnbs,"e=0.7,h=2.0,n=30,start_thres=1.25",hub,0.25,10,26,40,1730,0,0,40,1730,0.0,0.0,0.0,0.0,7.650988865982402
tfnbs,"e=0.7,h=3.0,n=30,start_thres=1.25",hub,0.25,10,26,40,1730,0,0,40,1730,0.0,0.0,0.0,0.0,7.650988865982402
tfnbs,"e=0.7,h=4.0,n=30,start_thres=1.25",hub,0.25,10,26,40,1730,0,0,40,1730,0.0,0.0,0.0,0.0,7.650988865982402
tfnbs,"e=0.7,h=5.0,n=30,start_thres=1.25",hub,0.25,10,26,40,1730,0,0,40,1730,0.0,0.0,0.0,0.0,7.650988865982402
tfnbs,"e=0.7,h=6.0,n=30,start_thres=1.25",hub,0.25,10,26,40,1730,0,0,40,1730,0.0,0.0,0.0,0.0,7.650988865982402
tfnbs,"e=0.7,h=7.0,n=30,start_thres=1.25",hub,0.25,10,26,40,1730,0,0,40,1730,0.0,0.0,0.0,0.0,7.650988865982402
tfnbs,"e=0.7,h=8.0,n=30,start_thres=1.25",hub,0.25,10,26,40,1730,0,0,40,1730,0.0,0.0,0.0,0.0,7.650988865982402
tfnbs,"e=0.7,h=9.0,n=30,start_thres=1.25",hub,0.25,10,26,40,1730,0,0,40,1730,0.0,0.0,0.0,0.0,7.650988865982402
tfnbs,"e=0.7,h=10.0,n=30,start_thres=1.25",hub,0.25,10,26,40,1730,0,0,40,1730,0.0,0.0,0.0,0.0,7.650988865982402
tfnbs,"e=0.8,h=0.5,n=30,start_thres=1.25",hub,0.25,10,26,40,1730,0,0,40,1730,0.0,0.0,0.0,0.0,7.650988865982402
tfnbs,"e=0.8,h=1.0,n=30,start_thres=1.25",hub,0.25,10,26,40,1730,0,0,40,1730,0.0,0.0,0.0,0.0,7.650988865982402
tfnbs,"e=0.8,h=2.0,n=30,start_thres=1.25",hub,0.25,10,26,40,1730,0,0,40,1730,0.0,0.0,0.0,0.0,7.650988865982402
tfnbs,"e=0.8,h=3.0,n=30,start_thres=1.25",hub,0.25,10,26,40,1730,0,0,40,1730,0.0,0.0,0.0,0.0,7.650988865982402
tfnbs,"e=0.8,h=4.0,n=30,start_thres=1.25",hub,0.25,10,26,40,1730,0,0,40,1730,0.0,0.0,0.0,0.0,7.650988865982402
tfnbs,"e=0.8,h=5.0,n=30,start_thres=1.25",hub,0.25,10,26,40,1730,0,0,40,1730,0.0,0.0,0.0,0.0,7.650988865982402
tfnbs,"e=0.8,h=6.0,n=30,start_thres=1.25",hub,0.25,10,26,40,1730,0,0,40,1730,0.0,0.0,0.0,0.0,7.650988865982402
tfnbs,"e=0.8,h=7.0,n=30,start_thres=1.25",hub,0.25,10,26,40,1730,0,0,40,1730,0.0,0.0,0.0,0.0,7.650988865982402
tfnbs,"e=0.8,h=8.0,n=30,start_thres=1.25",hub,0.25,10,26,40,1730,0,0,40,1730,0.0,0.0,0.0,0.0,7.650988865982402
tfnbs,"e=0.8,h=9.0,n=30,start_thres=1.25",hub,0.25,10,26,40,1730,0,0,40,1730,0.0,0.0,0.0,0.0,7.650988865982402
tfnbs,"e=0.8,h=10.0,n=30,start_thres=1.25",hub,0.25,10,26,40,1730,0,0,40,1730,0.0,0.0,0.0,0.0,7.650988865982402
tfnbs,"e=0.9,h=0.5,n=30,start_thres=1.25",hub,0.25,10,26,40,1730,0,0,40,1730,0.0,0.0,0.0,0.0,7.650988865982402
tfnbs,"e=0.9,h=1.0,n=30,start_thres=1.25",hub,0.25,10,26,40,1730,0,0,40,1730,0.0,0.0,0.0,0.0,7.650988865982402
tfnbs,"e=0.9,h=2.0,n=30,start_thres=1.25",hub,0.25,10,26,40,1730,0,0,40,1730,0.0,0.0,0.0,0.0,7.650988865982402
tfnbs,"e=0.9,h=3.0,n=30,start_thres=1.25",hub,0.25,10,26,40,1730,0,0,40,1730,0.0,0.0,0.0,0.0,7.650988865982402
tfnbs,"e=0.9,h=4.0,n=30,start_thres=1.25",hub,0.25,10,26,40,1730,0,0,40,1730,0.0,0.0,0.0,0.0,7.650988865982402
tfnbs,"e=0.9,h=5.0,n=30,start_thres=1.25",hub,0.25,10,26,40,1730,0,0,40,1730,0.0,0.0,0.0,0.0,7.650988865982402
tfnbs,"e=0.9,h=6.0,n=30,start_thres=1.25",hub,0.25,10,26,40,1730,0,0,40,1730,0.0,0.0,0.0,0.0,7.650988865982402
tfnbs,"e=0.9,h=7.0,n=30,start_thres=1.25",hub,0.25,10,26,40,1730,0,0,40,1730,0.0,0.0,0.0,0.0,7.650988865982402
tfnbs,"e=0.9,h=8.0,n=30,start_thres=1.25",hub,0.25,10,26,40,1730,0,0,40,1730,0.0,0.0,0.0,0.0,7.650988865982402
tfnbs,"e=0.9,h=9.0,n=30,start_thres=1.25",hub,0.25,10,26,40,1730,0,0,40,1730,0.0,0.0,0.0,0.0,7.650988865982402
tfnbs,"e=0.9,h=10.0,n=30,start_thres=1.25",hub,0.25,10,26,40,1730,0,0,40,1730,0.0,0.0,0.0,0.0,7.650988865982402
tfnbs,"e=1.0,h=0.5,n=30,start_thres=1.25",hub,0.25,10,26,40,1730,0,0,40,1730,0.0,0.0,0.0,0.0,7.650988865982402
tfnbs,"e=1.0,h=1.0,n=30,start_thres=1.25",hub,0.25,10,26,40,1730,0,0,40,1730,0.0,0.0,0.0,0.0,7.650988865982402
tfnbs,"e=1.0,h=2.0,n=30,start_thres=1.25",hub,0.25,10,26,40,1730,0,0,40,1730,0.0,0.0,0.0,0.0,7.650988865982402
tfnbs,"e=1.0,h=3.0,n=30,start_thres=1.25",hub,0.25,10,26,40,1730,0,0,40,1730,0.0,0.0,0.0,0.0,7.650988865982402
tfnbs,"e=1.0,h=4.0,n=30,start_thres=1.25",hub,0.25,10,26,40,1730,0,0,40,1730,0.0,0.0,0.0,0.0,7.650988865982402
tfnbs,"e=1.0,h=5.0,n=30,start_thres=1.25",hub,0.25,10,26,40,1730,0,0,40,1730,0.0,0.0,0.0,0.0,7.650988865982402
tfnbs,"e=1.0,h=6.0,n=30,start_thres=1.25",hub,0.25,10,26,40,1730,0,0,40,1730,0.0,0.0,0.0,0.0,7.650988865982402
tfnbs,"e=1.0,h=7.0,n=30,start_thres=1.25",hub,0.25,10,26,40,1730,0,0,40,1730,0.0,0.0,0.0,0.0,7.650988865982402
tfnbs,"e=1.0,h=8.0,n=30,start_thres=1.25",hub,0.25,10,26,40,1730,0,0,40,1730,0.0,0.0,0.0,0.0,7.650988865982402
tfnbs,"e=1.0,h=9.0,n=30,start_thres=1.25",hub,0.25,10,26,40,1730,0,0,40,1730,0.0,0.0,0.0,0.0,7.650988865982402
tfnbs,"e=1.0,h=10.0,n=30,start_thres=1.25",hub,0.25,10,26,40,1730,0,0,40,1730,0.0,0.0,0.0,0.0,7.650988865982402
tfnbs,"e=1.1,h=0.5,n=30,start_thres=1.25",hub,0.25,10,26,40,1730,0,0,40,1730,0.0,0.0,0.0,0.0,7.650988865982402
tfnbs,"e=1.1,h=1.0,n=30,start_thres=1.25",hub,0.25,10,26,40,1730,0,0,40,1730,0.0,0.0,0.0,0.0,7.650988865982402
tfnbs,"e=1.1,h=2.0,n=30,start_thres=1.25",hub,0.25,10,26,40,1730,0,0,40,1730,0.0,0.0,0.0,0.0,7.650988865982402
tfnbs,"e=1.1,h=3.0,n=30,start_thres=1.25",hub,0.25,10,26,40,1730,0,0,40,1730,0.0,0.0,0.0,0.0,7.650988865982402
tfnbs,"e=1.1,h=4.0,n=30,start_thres=1.25",hub,0.25,10,26,40,1730,0,0,40,1730,0.0,0.0,0.0,0.0,7.650988865982402
tfnbs,"e=1.1,h=5.0,n=30,start_thres=1.25",hub,0.25,10,26,40,1730,0,0,40,1730,0.0,0.0,0.0,0.0,7.650988865982402
tfnbs,"e=1.1,h=6.0,n=30,start_thres=1.25",hub,0.25,10,26,40,1730,0,0,40,1730,0.0,0.0,0.0,0.0,7.650988865982402
tfnbs,"e=1.1,h=7.0,n=30,start_thres=1.25",hub,0.25,10,26,40,1730,0,0,40,1730,0.0,0.0,0.0,0.0,7.650988865982402
tfnbs,"e=1.1,h=8.0,n=30,start_thres=1.25",hub,0.25,10,26,40,1730,0,0,40,1730,0.0,0.0,0.0,0.0,7.650988865982402
tfnbs,"e=1.1,h=9.0,n=30,start_thres=1.25",hub,0.25,10,26,40,1730,0,0,40,1730,0.0,0.0,0.0,0.0,7.650988865982402
tfnbs,"e=1.1,h=10.0,n=30,start_thres=1.25",hub,0.25,10,26,40,1730,0,0,40,1730,0.0,0.0,0.0,0.0,7.650988865982402
tfnbs,"e=1.2,h=0.5,n=30,start_thres=1.25",hub,0.25,10,26,40,1730,0,0,40,1730,0.0,0.0,0.0,0.0,7.650988865982402
tfnbs,"e=1.2,h=1.0,n=30,start_thres=1.25",hub,0.25,10,26,40,1730,0,0,40,1730,0.0,0.0,0.0,0.0,7.650988865982402
tfnbs,"e=1.2,h=2.0,n=30,start_thres=1.25",hub,0.25,10,26,40,1730,0,0,40,1730,0.0,0.0,0.0,0.0,7.650988865982402
tfnbs,"e=1.2,h=3.0,n=30,start_thres=1.25",hub,0.25,10,26,40,1730,0,0,40,1730,0.0,0.0,0.0,0.0,7.650988865982402
tfnbs,"e=1.2,h=4.0,n=30,start_thres=1.25",hub,0.25,10,26,40,1730,0,0,40,1730,0.0,0.0,0.0,0.0,7.650988865982402
tfnbs,"e=1.2,h=5.0,n=30,start_thres=1.25",hub,0.25,10,26,40,1730,0,0,40,1730,0.0,0.0,0.0,0.0,7.650988865982402
tfnbs,"e=1.2,h=6.0,n=30,start_thres=1.25",hub,0.25,10,26,40,1730,0,0,40,1730,0.0,0.0,0.0,0.0,7.650988865982402
tfnbs,"e=1.2,h=7.0,n=30,start_thres=1.25",hub,0.25,10,26,40,1730,0,0,40,1730,0.0,0.0,0.0,0.0,7.650988865982402
tfnbs,"e=1.2,h=8.0,n=30,start_thres=1.25",hub,0.25,10,26,40,1730,0,0,40,1730,0.0,0.0,0.0,0.0,7.650988865982402
tfnbs,"e=1.2,h=9.0,n=30,start_thres=1.25",hub,0.25,10,26,40,1730,0,0,40,1730,0.0,0.0,0.0,0.0,7.650988865982402
tfnbs,"e=1.2,h=10.0,n=30,start_thres=1.25",hub,0.25,10,26,40,1730,0,0,40,1730,0.0,0.0,0.0,0.0,7.650988865982402
tfnbs,"e=1.3,h=0.5,n=30,start_thres=1.25",hub,0.25,10,26,40,1730,0,0,40,1730,0.0,0.0,0.0,0.0,7.650988865982402
tfnbs,"e=1.3,h=1.0,n=30,start_thres=1.25",hub,0.25,10,26,40,1730,0,0,40,1730,0.0,0.0,0.0,0.0,7.650988865982402
tfnbs,"e=1.3,h=2.0,n=30,start_thres=1.25",hub,0.25,10,26,40,1730,0,0,40,1730,0.0,0.0,0.0,0.0,7.650988865982402
tfnbs,"e=1.3,h=3.0,n=30,start_thres=1.25",hub,0.25,10,26,40,1730,0,0,40,1730,0.0,0.0,0.0,0.0,7.650988865982402
tfnbs,"e=1.3,h=4.0,n=30,start_thres=1.25",hub,0.25,10,26,40,1730,0,0,40,1730,0.0,0.0,0.0,0.0,7.650988865982402
tfnbs,"e=1.3,h=5.0,n=30,start_thres=1.25",hub,0.25,10,26,40,1730,0,0,40,1730,0.0,0.0,0.0,0.0,7.650988865982402
tfnbs,"e=1.3,h=6.0,n=30,start_thres=1.25",hub,0.25,10,26,40,1730,0,0,40,1730,0.0,0.0,0.0,0.0,7.650988865982402
tfnbs,"e=1.3,h=7.0,n=30,start_thres=1.25",hub,0.25,10,26,40,1730,0,0,40,1730,0.0,0.0,0.0,0.0,7.650988865982402
tfnbs,"e=1.3,h=8.0,n=30,start_thres=1.25",hub,0.25,10,26,40,1730,0,0,40,1730,0.0,0.0,0.0,0.0,7.650988865982402
tfnbs,"e=1.3,h=9.0,n=30,start_thres=1.25",hub,0.25,10,26,40,1730,0,0,40,1730,0.0,0.0,0.0,0.0,7.650988865982402
tfnbs,"e=1.3,h=10.0,n=30,start_thres=1.25",hub,0.25,10,26,40,1730,0,0,40,1730,0.0,0.0,0.0,0.0,7.650988865982402
tfnbs,"e=1.4,h=0.5,n=30,start_thres=1.25",hub,0.25,10,26,40,1730,0,0,40,1730,0.0,0.0,0.0,0.0,7.650988865982402
tfnbs,"e=1.4,h=1.0,n=30,start_thres=1.25",hub,0.25,10,26,40,1730,0,0,40,1730,0.0,0.0,0.0,0.0,7.650988865982402
tfnbs,"e=1.4,h=2.0,n=30,start_thres=1.25",hub,0.25,10,26,40,1730,0,0,40,1730,0.0,0.0,0.0,0.0,7.650988865982402
tfnbs,"e=1.4,h=3.0,n=30,start_thres=1.25",hub,0.25,10,26,40,1730,0,0,40,1730,0.0,0.0,0.0,0.0,7.650988865982402
tfnbs,"e=1.4,h=4.0,n=30,start_thres=1.25",hub,0.25,10,26,40,1730,0,0,40,1730,0.0,0.0,0.0,0.0,7.650988865982402
tfnbs,"e=1.4,h=5.0,n=30,start_thres=1.25",hub,0.25,10,26,40,1730,0,0,40,1730,0.0,0.0,0.0,0.0,7.650988865982402
tfnbs,"e=1.4,h=6.0,n=30,start_thres=1.25",hub,0.25,10,26,40,1730,0,0,40,1730,0.0,0.0,0.0,0.0,7.650988865982402
tfnbs,"e=1.4,h=7.0,n=30,start_thres=1.25",hub,0.25,10,26,40,1730,0,0,40,1730,0.0,0.0,0.0,0.0,7.650988865982402
tfnbs,"e=1.4,h=8.0,n=30,start_thres=1.25",hub,0.25,10,26,40,1730,0,0,40,1730,0.0,0.0,0.0,0.0,7.650988865982402
tfnbs,"e=1.4,h=9.0,n=30,start_thres=1.25",hub,0.25,10,26,40,1730,0,0,40,1730,0.0,0.0,0.0,0.0,7.650988865982402
tfnbs,"e=1.4,h=10.0,n=30,start_thres=1.25",hub,0.25,10,26,40,1730,0,0,40,1730,0.0,0.0,0.0,0.0,7.650988865982402
tfnbs,"e=1.5,h=0.5,n=30,start_thres=1.25",hub,0.25,10,26,40,1730,0,0,40,1730,0.0,0.0,0.0,0.0,7.650988865982402
tfnbs,"e=1.5,h=1.0,n=30,start_thres=1.25",hub,0.25,10,26,40,1730,0,0,40,1730,0.0,0.0,0.0,0.0,7.650988865982402
tfnbs,"e=1.5,h=2.0,n=30,start_thres=1.25",hub,0.25,10,26,40,1730,0,0,40,1730,0.0,0.0,0.0,0.0,7.650988865982402
tfnbs,"e=1.5,h=3.0,n=30,start_thres=1.25",hub,0.25,10,26,40,1730,0,0,40,1730,0.0,0.0,0.0,0.0,7.650988865982402
tfnbs,"e=1.5,h=4.0,n=30,start_thres=1.25",hub,0.25,10,26,40,1730,0,0,40,1730,0.0,0.0,0.0,0.0,7.650988865982402
tfnbs,"e=1.5,h=5.0,n=30,start_thres=1.25",hub,0.25,10,26,40,1730,0,0,40,1730,0.0,0.0,0.0,0.0,7.650988865982402
tfnbs,"e=1.5,h=6.0,n=30,start_thres=1.25",hub,0.25,10,26,40,1730,0,0,40,1730,0.0,0.0,0.0,0.0,7.650988865982402
tfnbs,"e=1.5,h=7.0,n=30,start_thres=1.25",hub,0.25,10,26,40,1730,0,0,40,1730,0.0,0.0,0.0,0.0,7.650988865982402
tfnbs,"e=1.5,h=8.0,n=30,start_thres=1.25",hub,0.25,10,26,40,1730,0,0,40,1730,0.0,0.0,0.0,0.0,7.650988865982402
tfnbs,"e=1.5,h=9.0,n=30,start_thres=1.25",hub,0.25,10,26,40,1730,0,0,40,1730,0.0,0.0,0.0,0.0,7.650988865982402
tfnbs,"e=1.5,h=10.0,n=30,start_thres=1.25",hub,0.25,10,26,40,1730,0,0,40,1730,0.0,0.0,0.0,0.0,7.650988865982402
tfnbs,"e=0.05,h=0.5,n=30,start_thres=1.25",hub,0.25,10,22,40,1730,0,0,40,1730,0.0,0.0,0.0,0.0,7.697151124477386
tfnbs,"e=0.05,h=1.0,n=30,start_thres=1.25",hub,0.25,10,22,40,1730,0,0,40,1730,0.0,0.0,0.0,0.0,7.697151124477386
tfnbs,"e=0.05,h=2.0,n=30,start_thres=1.25",hub,0.25,10,22,40,1730,0,0,40,1730,0.0,0.0,0.0,0.0,7.697151124477386
tfnbs,"e=0.05,h=3.0,n=30,start_thres=1.25",hub,0.25,10,22,40,1730,0,0,40,1730,0.0,0.0,0.0,0.0,7.697151124477386
tfnbs,"e=0.05,h=4.0,n=30,start_thres=1.25",hub,0.25,10,22,40,1730,0,0,40,1730,0.0,0.0,0.0,0.0,7.697151124477386
tfnbs,"e=0.05,h=5.0,n=30,start_thres=1.25",hub,0.25,10,22,40,1730,0,0,40,1730,0.0,0.0,0.0,0.0,7.697151124477386
tfnbs,"e=0.05,h=6.0,n=30,start_thres=1.25",hub,0.25,10,22,40,1730,0,0,40,1730,0.0,0.0,0.0,0.0,7.697151124477386
tfnbs,"e=0.05,h=7.0,n=30,start_thres=1.25",hub,0.25,10,22,40,1730,0,0,40,1730,0.0,0.0,0.0,0.0,7.697151124477386
tfnbs,"e=0.05,h=8.0,n=30,start_thres=1.25",hub,0.25,10,22,40,1730,0,0,40,1730,0.0,0.0,0.0,0.0,7.697151124477386
tfnbs,"e=0.05,h=9.0,n=30,start_thres=1.25",hub,0.25,10,22,40,1730,0,0,40,1730,0.0,0.0,0.0,0.0,7.697151124477386
tfnbs,"e=0.05,h=10.0,n=30,start_thres=1.25",hub,0.25,10,22,40,1730,0,0,40,1730,0.0,0.0,0.0,0.0,7.697151124477386
tfnbs,"e=0.1,h=0.5,n=30,start_thres=1.25",hub,0.25,10,22,40,1730,0,0,40,1730,0.0,0.0,0.0,0.0,7.697151124477386
tfnbs,"e=0.1,h=1.0,n=30,start_thres=1.25",hub,0.25,10,22,40,1730,0,0,40,1730,0.0,0.0,0.0,0.0,7.697151124477386
tfnbs,"e=0.1,h=2.0,n=30,start_thres=1.25",hub,0.25,10,22,40,1730,0,0,40,1730,0.0,0.0,0.0,0.0,7.697151124477386
tfnbs,"e=0.1,h=3.0,n=30,start_thres=1.25",hub,0.25,10,22,40,1730,0,0,40,1730,0.0,0.0,0.0,0.0,7.697151124477386
tfnbs,"e=0.1,h=4.0,n=30,start_thres=1.25",hub,0.25,10,22,40,1730,0,0,40,1730,0.0,0.0,0.0,0.0,7.697151124477386
tfnbs,"e=0.1,h=5.0,n=30,start_thres=1.25",hub,0.25,10,22,40,1730,0,0,40,1730,0.0,0.0,0.0,0.0,7.697151124477386
tfnbs,"e=0.1,h=6.0,n=30,start_thres=1.25",hub,0.25,10,22,40,1730,0,0,40,1730,0.0,0.0,0.0,0.0,7.697151124477386
tfnbs,"e=0.1,h=7.0,n=30,start_thres=1.25",hub,0.25,10,22,40,1730,0,0,40,1730,0.0,0.0,0.0,0.0,7.697151124477386
tfnbs,"e=0.1,h=8.0,n=30,start_thres=1.25",hub,0.25,10,22,40,1730,0,0,40,1730,0.0,0.0,0.0,0.0,7.697151124477386
tfnbs,"e=0.1,h=9.0,n=30,start_thres=1.25",hub,0.25,10,22,40,1730,0,0,40,1730,0.0,0.0,0.0,0.0,7.697151124477386
tfnbs,"e=0.1,h=10.0,n=30,start_thres=1.25",hub,0.25,10,22,40,1730,0,0,40,1730,0.0,0.0,0.0,0.0,7.697151124477386
tfnbs,"e=0.2,h=0.5,n=30,start_thres=1.25",hub,0.25,10,22,40,1730,0,0,40,1730,0.0,0.0,0.0,0.0,7.697151124477386
tfnbs,"e=0.2,h=1.0,n=30,start_thres=1.25",hub,0.25,10,22,40,1730,0,0,40,1730,0.0,0.0,0.0,0.0,7.697151124477386
tfnbs,"e=0.2,h=2.0,n=30,start_thres=1.25",hub,0.25,10,22,40,1730,0,0,40,1730,0.0,0.0,0.0,0.0,7.697151124477386
tfnbs,"e=0.2,h=3.0,n=30,start_thres=1.25",hub,0.25,10,22,40,1730,0,0,40,1730,0.0,0.0,0.0,0.0,7.697151124477386
tfnbs,"e=0.2,h=4.0,n=30,start_thres=1.25",hub,0.25,10,22,40,1730,0,0,40,1730,0.0,0.0,0.0,0.0,7.697151124477386
tfnbs,"e=0.2,h=5.0,n=30,start_thres=1.25",hub,0.25,10,22,40,1730,0,0,40,1730,0.0,0.0,0.0,0.0,7.697151124477386
tfnbs,"e=0.2,h=6.0,n=30,start_thres=1.25",hub,0.25,10,22,40,1730,0,0,40,1730,0.0,0.0,0.0,0.0,7.697151124477386
tfnbs,"e=0.2,h=7.0,n=30,start_thres=1.25",hub,0.25,10,22,40,1730,0,0,40,1730,0.0,0.0,0.0,0.0,7.697151124477386
tfnbs,"e=0.2,h=8.0,n=30,start_thres=1.25",hub,0.25,10,22,40,1730,0,0,40,1730,0.0,0.0,0.0,0.0,7.697151124477386
tfnbs,"e=0.2,h=9.0,n=30,start_thres=1.25",hub,0.25,10,22,40,1730,0,0,40,1730,0.0,0.0,0.0,0.0,7.697151124477386
tfnbs,"e=0.2,h=10.0,n=30,start_thres=1.25",hub,0.25,10,22,40,1730,0,0,40,1730,0.0,0.0,0.0,0.0,7.697151124477386
tfnbs,"e=0.3,h=0.5,n=30,start_thres=1.25",hub,0.25,10,22,40,1730,0,0,40,1730,0.0,0.0,0.0,0.0,7.697151124477386
tfnbs,"e=0.3,h=1.0,n=30,start_thres=1.25",hub,0.25,10,22,40,1730,0,0,40,1730,0.0,0.0,0.0,0.0,7.697151124477386
tfnbs,"e=0.3,h=2.0,n=30,start_thres=1.25",hub,0.25,10,22,40,1730,0,0,40,1730,0.0,0.0,0.0,0.0,7.697151124477386
tfnbs,"e=0.3,h=3.0,n=30,start_thres=1.25",hub,0.25,10,22,40,1730,0,0,40,1730,0.0,0.0,0.0,0.0,7.697151124477386
tfnbs,"e=0.3,h=4.0,n=30,start_thres=1.25",hub,0.25,10,22,40,1730,0,0,40,1730,0.0,0.0,0.0,0.0,7.697151124477386
tfnbs,"e=0.3,h=5.0,n=30,start_thres=1.25",hub,0.25,10,22,40,1730,0,0,40,1730,0.0,0.0,0.0,0.0,7.697151124477386
tfnbs,"e=0.3,h=6.0,n=30,start_thres=1.25",hub,0.25,10,22,40,1730,0,0,40,1730,0.0,0.0,0.0,0.0,7.697151124477386
tfnbs,"e=0.3,h=7.0,n=30,start_thres=1.25",hub,0.25,10,22,40,1730,0,0,40,1730,0.0,0.0,0.0,0.0,7.697151124477386
tfnbs,"e=0.3,h=8.0,n=30,start_thres=1.25",hub,0.25,10,22,40,1730,0,0,40,1730,0.0,0.0,0.0,0.0,7.697151124477386
tfnbs,"e=0.3,h=9.0,n=30,start_thres=1.25",hub,0.25,10,22,40,1730,0,0,40,1730,0.0,0.0,0.0,0.0,7.697151124477386
tfnbs,"e=0.3,h=10.0,n=30,start_thres=1.25",hub,0.25,10,22,40,1730,0,0,40,1730,0.0,0.0,0.0,0.0,7.697151124477386
tfnbs,"e=0.4,h=0.5,n=30,start_thres=1.25",hub,0.25,10,22,40,1730,0,0,40,1730,0.0,0.0,0.0,0.0,7.697151124477386
tfnbs,"e=0.4,h=1.0,n=30,start_thres=1.25",hub,0.25,10,22,40,1730,0,0,40,1730,0.0,0.0,0.0,0.0,7.697151124477386
tfnbs,"e=0.4,h=2.0,n=30,start_thres=1.25",hub,0.25,10,22,40,1730,0,0,40,1730,0.0,0.0,0.0,0.0,7.697151124477386
tfnbs,"e=0.4,h=3.0,n=30,start_thres=1.25",hub,0.25,10,22,40,1730,0,0,40,1730,0.0,0.0,0.0,0.0,7.697151124477386
tfnbs,"e=0.4,h=4.0,n=30,start_thres=1.25",hub,0.25,10,22,40,1730,0,0,40,1730,0.0,0.0,0.0,0.0,7.697151124477386
tfnbs,"e=0.4,h=5.0,n=30,start_thres=1.25",hub,0.25,10,22,40,1730,0,0,40,1730,0.0,0.0,0.0,0.0,7.697151124477386
tfnbs,"e=0.4,h=6.0,n=30,start_thres=1.25",hub,0.25,10,22,40,1730,0,0,40,1730,0.0,0.0,0.0,0.0,7.697151124477386
tfnbs,"e=0.4,h=7.0,n=30,start_thres=1.25",hub,0.25,10,22,40,1730,0,0,40,1730,0.0,0.0,0.0,0.0,7.697151124477386
tfnbs,"e=0.4,h=8.0,n=30,start_thres=1.25",hub,0.25,10,22,40,1730,0,0,40,1730,0.0,0.0,0.0,0.0,7.697151124477386
tfnbs,"e=0.4,h=9.0,n=30,start_thres=1.25",hub,0.25,10,22,40,1730,0,0,40,1730,0.0,0.0,0.0,0.0,7.697151124477386
tfnbs,"e=0.4,h=10.0,n=30,start_thres=1.25",hub,0.25,10,22,40,1730,0,0,40,1730,0.0,0.0,0.0,0.0,7.697151124477386
tfnbs,"e=0.5,h=0.5,n=30,start_thres=1.25",hub,0.25,10,22,40,1730,0,0,40,1730,0.0,0.0,0.0,0.0,7.697151124477386
tfnbs,"e=0.5,h=1.0,n=30,start_thres=1.25",hub,0.25,10,22,40,1730,0,0,40,1730,0.0,0.0,0.0,0.0,7.697151124477386
tfnbs,"e=0.5,h=2.0,n=30,start_thres=1.25",hub,0.25,10,22,40,1730,0,0,40,1730,0.0,0.0,0.0,0.0,7.697151124477386
tfnbs,"e=0.5,h=3.0,n=30,start_thres=1.25",hub,0.25,10,22,40,1730,0,0,40,1730,0.0,0.0,0.0,0.0,7.697151124477386
tfnbs,"e=0.5,h=4.0,n=30,start_thres=1.25",hub,0.25,10,22,40,1730,0,0,40,1730,0.0,0.0,0.0,0.0,7.697151124477386
tfnbs,"e=0.5,h=5.0,n=30,start_thres=1.25",hub,0.25,10,22,40,1730,0,0,40,1730,0.0,0.0,0.0,0.0,7.697151124477386
tfnbs,"e=0.5,h=6.0,n=30,start_thres=1.25",hub,0.25,10,22,40,1730,0,0,40,1730,0.0,0.0,0.0,0.0,7.697151124477386
tfnbs,"e=0.5,h=7.0,n=30,start_thres=1.25",hub,0.25,10,22,40,1730,0,0,40,1730,0.0,0.0,0.0,0.0,7.697151124477386
tfnbs,"e=0.5,h=8.0,n=30,start_thres=1.25",hub,0.25,10,22,40,1730,0,0,40,1730,0.0,0.0,0.0,0.0,7.697151124477386
tfnbs,"e=0.5,h=9.0,n=30,start_thres=1.25",hub,0.25,10,22,40,1730,0,0,40,1730,0.0,0.0,0.0,0.0,7.697151124477386
tfnbs,"e=0.5,h=10.0,n=30,start_thres=1.25",hub,0.25,10,22,40,1730,0,0,40,1730,0.0,0.0,0.0,0.0,7.697151124477386
tfnbs,"e=0.6,h=0.5,n=30,start_thres=1.25",hub,0.25,10,22,40,1730,0,0,40,1730,0.0,0.0,0.0,0.0,7.697151124477386
tfnbs,"e=0.6,h=1.0,n=30,start_thres=1.25",hub,0.25,10,22,40,1730,0,0,40,1730,0.0,0.0,0.0,0.0,7.697151124477386
tfnbs,"e=0.6,h=2.0,n=30,start_thres=1.25",hub,0.25,10,22,40,1730,0,0,40,1730,0.0,0.0,0.0,0.0,7.697151124477386
tfnbs,"e=0.6,h=3.0,n=30,start_thres=1.25",hub,0.25,10,22,40,1730,0,0,40,1730,0.0,0.0,0.0,0.0,7.697151124477386
tfnbs,"e=0.6,h=4.0,n=30,start_thres=1.25",hub,0.25,10,22,40,1730,0,0,40,1730,0.0,0.0,0.0,0.0,7.697151124477386
tfnbs,"e=0.6,h=5.0,n=30,start_thres=1.25",hub,0.25,10,22,40,1730,0,0,40,1730,0.0,0.0,0.0,0.0,7.697151124477386
tfnbs,"e=0.6,h=6.0,n=30,start_thres=1.25",hub,0.25,10,22,40,1730,0,0,40,1730,0.0,0.0,0.0,0.0,7.697151124477386
tfnbs,"e=0.6,h=7.0,n=30,start_thres=1.25",hub,0.25,10,22,40,1730,0,0,40,1730,0.0,0.0,0.0,0.0,7.697151124477386
tfnbs,"e=0.6,h=8.0,n=30,start_thres=1.25",hub,0.25,10,22,40,1730,0,0,40,1730,0.0,0.0,0.0,0.0,7.697151124477386
tfnbs,"e=0.6,h=9.0,n=30,start_thres=1.25",hub,0.25,10,22,40,1730,0,0,40,1730,0.0,0.0,0.0,0.0,7.697151124477386
tfnbs,"e=0.6,h=10.0,n=30,start_thres=1.25",hub,0.25,10,22,40,1730,0,0,40,1730,0.0,0.0,0.0,0.0,7.697151124477386
tfnbs,"e=0.7,h=0.5,n=30,start_thres=1.25",hub,0.25,10,22,40,1730,0,0,40,1730,0.0,0.0,0.0,0.0,7.697151124477386
tfnbs,"e=0.7,h=1.0,n=30,start_thres=1.25",hub,0.25,10,22,40,1730,0,0,40,1730,0.0,0.0,0.0,0.0,7.697151124477386
tfnbs,"e=0.7,h=2.0,n=30,start_thres=1.25",hub,0.25,10,22,40,1730,0,0,40,1730,0.0,0.0,0.0,0.0,7.697151124477386
tfnbs,"e=0.7,h=3.0,n=30,start_thres=1.25",hub,0.25,10,22,40,1730,0,0,40,1730,0.0,0.0,0.0,0.0,7.697151124477386
tfnbs,"e=0.7,h=4.0,n=30,start_thres=1.25",hub,0.25,10,22,40,1730,0,0,40,1730,0.0,0.0,0.0,0.0,7.697151124477386
tfnbs,"e=0.7,h=5.0,n=30,start_thres=1.25",hub,0.25,10,22,40,1730,0,0,40,1730,0.0,0.0,0.0,0.0,7.697151124477386
tfnbs,"e=0.7,h=6.0,n=30,start_thres=1.25",hub,0.25,10,22,40,1730,0,0,40,1730,0.0,0.0,0.0,0.0,7.697151124477386
tfnbs,"e=0.7,h=7.0,n=30,start_thres=1.25",hub,0.25,10,22,40,1730,0,0,40,1730,0.0,0.0,0.0,0.0,7.697151124477386
tfnbs,"e=0.7,h=8.0,n=30,start_thres=1.25",hub,0.25,10,22,40,1730,0,0,40,1730,0.0,0.0,0.0,0.0,7.697151124477386
tfnbs,"e=0.7,h=9.0,n=30,start_thres=1.25",hub,0.25,10,22,40,1730,0,0,40,1730,0.0,0.0,0.0,0.0,7.697151124477386
tfnbs,"e=0.7,h=10.0,n=30,start_thres=1.25",hub,0.25,10,22,40,1730,0,0,40,1730,0.0,0.0,0.0,0.0,7.697151124477386
tfnbs,"e=0.8,h=0.5,n=30,start_thres=1.25",hub,0.25,10,22,40,1730,0,0,40,1730,0.0,0.0,0.0,0.0,7.697151124477386
tfnbs,"e=0.8,h=1.0,n=30,start_thres=1.25",hub,0.25,10,22,40,1730,0,0,40,1730,0.0,0.0,0.0,0.0,7.697151124477386
tfnbs,"e=0.8,h=2.0,n=30,start_thres=1.25",hub,0.25,10,22,40,1730,0,0,40,1730,0.0,0.0,0.0,0.0,7.697151124477386
tfnbs,"e=0.8,h=3.0,n=30,start_thres=1.25",hub,0.25,10,22,40,1730,0,0,40,1730,0.0,0.0,0.0,0.0,7.697151124477386
tfnbs,"e=0.8,h=4.0,n=30,start_thres=1.25",hub,0.25,10,22,40,1730,0,0,40,1730,0.0,0.0,0.0,0.0,7.697151124477386
tfnbs,"e=0.8,h=5.0,n=30,start_thres=1.25",hub,0.25,10,22,40,1730,0,0,40,1730,0.0,0.0,0.0,0.0,7.697151124477386
tfnbs,"e=0.8,h=6.0,n=30,start_thres=1.25",hub,0.25,10,22,40,1730,0,0,40,1730,0.0,0.0,0.0,0.0,7.697151124477386
tfnbs,"e=0.8,h=7.0,n=30,start_thres=1.25",hub,0.25,10,22,40,1730,0,0,40,1730,0.0,0.0,0.0,0.0,7.697151124477386
tfnbs,"e=0.8,h=8.0,n=30,start_thres=1.25",hub,0.25,10,22,40,1730,0,0,40,1730,0.0,0.0,0.0,0.0,7.697151124477386
tfnbs,"e=0.8,h=9.0,n=30,start_thres=1.25",hub,0.25,10,22,40,1730,0,0,40,1730,0.0,0.0,0.0,0.0,7.697151124477386
tfnbs,"e=0.8,h=10.0,n=30,start_thres=1.25",hub,0.25,10,22,40,1730,0,0,40,1730,0.0,0.0,0.0,0.0,7.697151124477386
tfnbs,"e=0.9,h=0.5,n=30,start_thres=1.25",hub,0.25,10,22,40,1730,0,0,40,1730,0.0,0.0,0.0,0.0,7.697151124477386
tfnbs,"e=0.9,h=1.0,n=30,start_thres=1.25",hub,0.25,10,22,40,1730,0,0,40,1730,0.0,0.0,0.0,0.0,7.697151124477386
tfnbs,"e=0.9,h=2.0,n=30,start_thres=1.25",hub,0.25,10,22,40,1730,0,0,40,1730,0.0,0.0,0.0,0.0,7.697151124477386
tfnbs,"e=0.9,h=3.0,n=30,start_thres=1.25",hub,0.25,10,22,40,1730,0,0,40,1730,0.0,0.0,0.0,0.0,7.697151124477386
tfnbs,"e=0.9,h=4.0,n=30,start_thres=1.25",hub,0.25,10,22,40,1730,0,0,40,1730,0.0,0.0,0.0,0.0,7.697151124477386
tfnbs,"e=0.9,h=5.0,n=30,start_thres=1.25",hub,0.25,10,22,40,1730,0,0,40,1730,0.0,0.0,0.0,0.0,7.697151124477386
tfnbs,"e=0.9,h=6.0,n=30,start_thres=1.25",hub,0.25,10,22,40,1730,0,0,40,1730,0.0,0.0,0.0,0.0,7.697151124477386
tfnbs,"e=0.9,h=7.0,n=30,start_thres=1.25",hub,0.25,10,22,40,1730,0,0,40,1730,0.0,0.0,0.0,0.0,7.697151124477386
tfnbs,"e=0.9,h=8.0,n=30,start_thres=1.25",hub,0.25,10,22,40,1730,0,0,40,1730,0.0,0.0,0.0,0.0,7.697151124477386
tfnbs,"e=0.9,h=9.0,n=30,start_thres=1.25",hub,0.25,10,22,40,1730,0,0,40,1730,0.0,0.0,0.0,0.0,7.697151124477386
tfnbs,"e=0.9,h=10.0,n=30,start_thres=1.25",hub,0.25,10,22,40,1730,0,0,40,1730,0.0,0.0,0.0,0.0,7.697151124477386
tfnbs,"e=1.0,h=0.5,n=30,start_thres=1.25",hub,0.25,10,22,40,1730,0,0,40,1730,0.0,0.0,0.0,0.0,7.697151124477386
tfnbs,"e=1.0,h=1.0,n=30,start_thres=1.25",hub,0.25,10,22,40,1730,0,0,40,1730,0.0,0.0,0.0,0.0,7.697151124477386
tfnbs,"e=1.0,h=2.0,n=30,start_thres=1.25",hub,0.25,10,22,40,1730,0,0,40,1730,0.0,0.0,0.0,0.0,7.697151124477386
tfnbs,"e=1.0,h=3.0,n=30,start_thres=1.25",hub,0.25,10,22,40,1730,0,0,40,1730,0.0,0.0,0.0,0.0,7.697151124477386
tfnbs,"e=1.0,h=4.0,n=30,start_thres=1.25",hub,0.25,10,22,40,1730,0,0,40,1730,0.0,0.0,0.0,0.0,7.697151124477386
tfnbs,"e=1.0,h=5.0,n=30,start_thres=1.25",hub,0.25,10,22,40,1730,0,0,40,1730,0.0,0.0,0.0,0.0,7.697151124477386
tfnbs,"e=1.0,h=6.0,n=30,start_thres=1.25",hub,0.25,10,22,40,1730,0,0,40,1730,0.0,0.0,0.0,0.0,7.697151124477386
tfnbs,"e=1.0,h=7.0,n=30,start_thres=1.25",hub,0.25,10,22,40,1730,0,0,40,1730,0.0,0.0,0.0,0.0,7.697151124477386
tfnbs,"e=1.0,h=8.0,n=30,start_thres=1.25",hub,0.25,10,22,40,1730,0,0,40,1730,0.0,0.0,0.0,0.0,7.697151124477386
tfnbs,"e=1.0,h=9.0,n=30,start_thres=1.25",hub,0.25,10,22,40,1730,0,0,40,1730,0.0,0.0,0.0,0.0,7.697151124477386
tfnbs,"e=1.0,h=10.0,n=30,start_thres=1.25",hub,0.25,10,22,40,1730,0,0,40,1730,0.0,0.0,0.0,0.0,7.697151124477386
tfnbs,"e=1.1,h=0.5,n=30,start_thres=1.25",hub,0.25,10,22,40,1730,0,0,40,1730,0.0,0.0,0.0,0.0,7.697151124477386
tfnbs,"e=1.1,h=1.0,n=30,start_thres=1.25",hub,0.25,10,22,40,1730,0,0,40,1730,0.0,0.0,0.0,0.0,7.697151124477386
tfnbs,"e=1.1,h=2.0,n=30,start_thres=1.25",hub,0.25,10,22,40,1730,0,0,40,1730,0.0,0.0,0.0,0.0,7.697151124477386
tfnbs,"e=1.1,h=3.0,n=30,start_thres=1.25",hub,0.25,10,22,40,1730,0,0,40,1730,0.0,0.0,0.0,0.0,7.697151124477386
tfnbs,"e=1.1,h=4.0,n=30,start_thres=1.25",hub,0.25,10,22,40,1730,0,0,40,1730,0.0,0.0,0.0,0.0,7.697151124477386
tfnbs,"e=1.1,h=5.0,n=30,start_thres=1.25",hub,0.25,10,22,40,1730,0,0,40,1730,0.0,0.0,0.0,0.0,7.697151124477386
tfnbs,"e=1.1,h=6.0,n=30,start_thres=1.25",hub,0.25,10,22,40,1730,0,0,40,1730,0.0,0.0,0.0,0.0,7.697151124477386
tfnbs,"e=1.1,h=7.0,n=30,start_thres=1.25",hub,0.25,10,22,40,1730,0,0,40,1730,0.0,0.0,0.0,0.0,7.697151124477386
tfnbs,"e=1.1,h=8.0,n=30,start_thres=1.25",hub,0.25,10,22,40,1730,0,0,40,1730,0.0,0.0,0.0,0.0,7.697151124477386
tfnbs,"e=1.1,h=9.0,n=30,start_thres=1.25",hub,0.25,10,22,40,1730,0,0,40,1730,0.0,0.0,0.0,0.0,7.697151124477386
tfnbs,"e=1.1,h=10.0,n=30,start_thres=1.25",hub,0.25,10,22,40,1730,0,0,40,1730,0.0,0.0,0.0,0.0,7.697151124477386
tfnbs,"e=1.2,h=0.5,n=30,start_thres=1.25",hub,0.25,10,22,40,1730,0,0,40,1730,0.0,0.0,0.0,0.0,7.697151124477386
tfnbs,"e=1.2,h=1.0,n=30,start_thres=1.25",hub,0.25,10,22,40,1730,0,0,40,1730,0.0,0.0,0.0,0.0,7.697151124477386
tfnbs,"e=1.2,h=2.0,n=30,start_thres=1.25",hub,0.25,10,22,40,1730,0,0,40,1730,0.0,0.0,0.0,0.0,7.697151124477386
tfnbs,"e=1.2,h=3.0,n=30,start_thres=1.25",hub,0.25,10,22,40,1730,0,0,40,1730,0.0,0.0,0.0,0.0,7.697151124477386
tfnbs,"e=1.2,h=4.0,n=30,start_thres=1.25",hub,0.25,10,22,40,1730,0,0,40,1730,0.0,0.0,0.0,0.0,7.697151124477386
tfnbs,"e=1.2,h=5.0,n=30,start_thres=1.25",hub,0.25,10,22,40,1730,0,0,40,1730,0.0,0.0,0.0,0.0,7.697151124477386
tfnbs,"e=1.2,h=6.0,n=30,start_thres=1.25",hub,0.25,10,22,40,1730,0,0,40,1730,0.0,0.0,0.0,0.0,7.697151124477386
tfnbs,"e=1.2,h=7.0,n=30,start_thres=1.25",hub,0.25,10,22,40,1730,0,0,40,1730,0.0,0.0,0.0,0.0,7.697151124477386
tfnbs,"e=1.2,h=8.0,n=30,start_thres=1.25",hub,0.25,10,22,40,1730,0,0,40,1730,0.0,0.0,0.0,0.0,7.697151124477386
tfnbs,"e=1.2,h=9.0,n=30,start_thres=1.25",hub,0.25,10,22,40,1730,0,0,40,1730,0.0,0.0,0.0,0.0,7.697151124477386
tfnbs,"e=1.2,h=10.0,n=30,start_thres=1.25",hub,0.25,10,22,40,1730,0,0,40,1730,0.0,0.0,0.0,0.0,7.697151124477386
tfnbs,"e=1.3,h=0.5,n=30,start_thres=1.25",hub,0.25,10,22,40,1730,0,0,40,1730,0.0,0.0,0.0,0.0,7.697151124477386
tfnbs,"e=1.3,h=1.0,n=30,start_thres=1.25",hub,0.25,10,22,40,1730,0,0,40,1730,0.0,0.0,0.0,0.0,7.697151124477386
tfnbs,"e=1.3,h=2.0,n=30,start_thres=1.25",hub,0.25,10,22,40,1730,0,0,40,1730,0.0,0.0,0.0,0.0,7.697151124477386
tfnbs,"e=1.3,h=3.0,n=30,start_thres=1.25",hub,0.25,10,22,40,1730,0,0,40,1730,0.0,0.0,0.0,0.0,7.697151124477386
tfnbs,"e=1.3,h=4.0,n=30,start_thres=1.25",hub,0.25,10,22,40,1730,0,0,40,1730,0.0,0.0,0.0,0.0,7.697151124477386
tfnbs,"e=1.3,h=5.0,n=30,start_thres=1.25",hub,0.25,10,22,40,1730,0,0,40,1730,0.0,0.0,0.0,0.0,7.697151124477386
tfnbs,"e=1.3,h=6.0,n=30,start_thres=1.25",hub,0.25,10,22,40,1730,0,0,40,1730,0.0,0.0,0.0,0.0,7.697151124477386
tfnbs,"e=1.3,h=7.0,n=30,start_thres=1.25",hub,0.25,10,22,40,1730,0,0,40,1730,0.0,0.0,0.0,0.0,7.697151124477386
tfnbs,"e=1.3,h=8.0,n=30,start_thres=1.25",hub,0.25,10,22,40,1730,0,0,40,1730,0.0,0.0,0.0,0.0,7.697151124477386
tfnbs,"e=1.3,h=9.0,n=30,start_thres=1.25",hub,0.25,10,22,40,1730,0,0,40,1730,0.0,0.0,0.0,0.0,7.697151124477386
tfnbs,"e=1.3,h=10.0,n=30,start_thres=1.25",hub,0.25,10,22,40,1730,0,0,40,1730,0.0,0.0,0.0,0.0,7.697151124477386
tfnbs,"e=1.4,h=0.5,n=30,start_thres=1.25",hub,0.25,10,22,40,1730,0,0,40,1730,0.0,0.0,0.0,0.0,7.697151124477386
tfnbs,"e=1.4,h=1.0,n=30,start_thres=1.25",hub,0.25,10,22,40,1730,0,0,40,1730,0.0,0.0,0.0,0.0,7.697151124477386
tfnbs,"e=1.4,h=2.0,n=30,start_thres=1.25",hub,0.25,10,22,40,1730,0,0,40,1730,0.0,0.0,0.0,0.0,7.697151124477386
tfnbs,"e=1.4,h=3.0,n=30,start_thres=1.25",hub,0.25,10,22,40,1730,0,0,40,1730,0.0,0.0,0.0,0.0,7.697151124477386
tfnbs,"e=1.4,h=4.0,n=30,start_thres=1.25",hub,0.25,10,22,40,1730,0,0,40,1730,0.0,0.0,0.0,0.0,7.697151124477386
tfnbs,"e=1.4,h=5.0,n=30,start_thres=1.25",hub,0.25,10,22,40,1730,0,0,40,1730,0.0,0.0,0.0,0.0,7.697151124477386
tfnbs,"e=1.4,h=6.0,n=30,start_thres=1.25",hub,0.25,10,22,40,1730,0,0,40,1730,0.0,0.0,0.0,0.0,7.697151124477386
tfnbs,"e=1.4,h=7.0,n=30,start_thres=1.25",hub,0.25,10,22,40,1730,0,0,40,1730,0.0,0.0,0.0,0.0,7.697151124477386
tfnbs,"e=1.4,h=8.0,n=30,start_thres=1.25",hub,0.25,10,22,40,1730,0,0,40,1730,0.0,0.0,0.0,0.0,7.697151124477386
tfnbs,"e=1.4,h=9.0,n=30,start_thres=1.25",hub,0.25,10,22,40,1730,0,0,40,1730,0.0,0.0,0.0,0.0,7.697151124477386
tfnbs,"e=1.4,h=10.0,n=30,start_thres=1.25",hub,0.25,10,22,40,1730,0,0,40,1730,0.0,0.0,0.0,0.0,7.697151124477386
tfnbs,"e=1.5,h=0.5,n=30,start_thres=1.25",hub,0.25,10,22,40,1730,0,0,40,1730,0.0,0.0,0.0,0.0,7.697151124477386
tfnbs,"e=1.5,h=1.0,n=30,start_thres=1.25",hub,0.25,10,22,40,1730,0,0,40,1730,0.0,0.0,0.0,0.0,7.697151124477386
tfnbs,"e=1.5,h=2.0,n=30,start_thres=1.25",hub,0.25,10,22,40,1730,0,0,40,1730,0.0,0.0,0.0,0.0,7.697151124477386
tfnbs,"e=1.5,h=3.0,n=30,start_thres=1.25",hub,0.25,10,22,40,1730,0,0,40,1730,0.0,0.0,0.0,0.0,7.697151124477386
tfnbs,"e=1.5,h=4.0,n=30,start_thres=1.25",hub,0.25,10,22,40,1730,0,0,40,1730,0.0,0.0,0.0,0.0,7.697151124477386
tfnbs,"e=1.5,h=5.0,n=30,start_thres=1.25",hub,0.25,10,22,40,1730,0,0,40,1730,0.0,0.0,0.0,0.0,7.697151124477386
tfnbs,"e=1.5,h=6.0,n=30,start_thres=1.25",hub,0.25,10,22,40,1730,0,0,40,1730,0.0,0.0,0.0,0.0,7.697151124477386
tfnbs,"e=1.5,h=7.0,n=30,start_thres=1.25",hub,0.25,10,22,40,1730,0,0,40,1730,0.0,0.0,0.0,0.0,7.697151124477386
tfnbs,"e=1.5,h=8.0,n=30,start_thres=1.25",hub,0.25,10,22,40,1730,0,0,40,1730,0.0,0.0,0.0,0.0,7.697151124477386
tfnbs,"e=1.5,h=9.0,n=30,start_thres=1.25",hub,0.25,10,22,40,1730,0,0,40,1730,0.0,0.0,0.0,0.0,7.697151124477386
tfnbs,"e=1.5,h=10.0,n=30,start_thres=1.25",hub,0.25,10,22,40,1730,0,0,40,1730,0.0,0.0,0.0,0.0,7.697151124477386
ni_tfnbs,"e=0.05,h=0.5,n=30,start_thres=1.25",hub,0.25,30,0,40,1730,2,1,38,1729,0.05,0.0005780346820809,0.6666666666666666,0.3333333333333333,0.1748214025389064
ni_tfnbs,"e=0.05,h=1.0,n=30,start_thres=1.25",hub,0.25,30,0,40,1730,2,1,38,1729,0.05,0.0005780346820809,0.6666666666666666,0.3333333333333333,0.1748214025389064
ni_tfnbs,"e=0.05,h=2.0,n=30,start_thres=1.25",hub,0.25,30,0,40,1730,2,1,38,1729,0.05,0.0005780346820809,0.6666666666666666,0.3333333333333333,0.1748214025389064
ni_tfnbs,"e=0.05,h=3.0,n=30,start_thres=1.25",hub,0.25,30,0,40,1730,2,1,38,1729,0.05,0.0005780346820809,0.6666666666666666,0.3333333333333333,0.1748214025389064
ni_tfnbs,"e=0.05,h=4.0,n=30,start_thres=1.25",hub,0.25,30,0,40,1730,2,1,38,1729,0.05,0.0005780346820809,0.6666666666666666,0.3333333333333333,0.1748214025389064
ni_tfnbs,"e=0.05,h=5.0,n=30,start_thres=1.25",hub,0.25,30,0,40,1730,2,1,38,1729,0.05,0.0005780346820809,0.6666666666666666,0.3333333333333333,0.1748214025389064
ni_tfnbs,"e=0.05,h=6.0,n=30,start_thres=1.25",hub,0.25,30,0,40,1730,2,1,38,1729,0.05,0.0005780346820809,0.6666666666666666,0.3333333333333333,0.1748214025389064
ni_tfnbs,"e=0.05,h=7.0,n=30,start_thres=1.25",hub,0.25,30,0,40,1730,2,1,38,1729,0.05,0.0005780346820809,0.6666666666666666,0.3333333333333333,0.1748214025389064
ni_tfnbs,"e=0.05,h=8.0,n=30,start_thres=1.25",hub,0.25,30,0,40,1730,2,1,38,1729,0.05,0.0005780346820809,0.6666666666666666,0.3333333333333333,0.1748214025389064
ni_tfnbs,"e=0.05,h=9.0,n=30,start_thres=1.25",hub,0.25,30,0,40,1730,2,1,38,1729,0.05,0.0005780346820809,0.6666666666666666,0.3333333333333333,0.1748214025389064
ni_tfnbs,"e=0.05,h=10.0,n=30,start_thres=1.25",hub,0.25,30,0,40,1730,2,1,38,1729,0.05,0.0005780346820809,0.6666666666666666,0.3333333333333333,0.1748214025389064
ni_tfnbs,"e=0.1,h=0.5,n=30,start_thres=1.25",hub,0.25,30,0,40,1730,3,1,37,1729,0.075,0.0005780346820809,0.75,0.25,0.1748214025389064
ni_tfnbs,"e=0.1,h=1.0,n=30,start_thres=1.25",hub,0.25,30,0,40,1730,3,1,37,1729,0.075,0.0005780346820809,0.75,0.25,0.1748214025389064
ni_tfnbs,"e=0.1,h=2.0,n=30,start_thres=1.25",hub,0.25,30,0,40,1730,3,1,37,1729,0.075,0.0005780346820809,0.75,0.25,0.1748214025389064
ni_tfnbs,"e=0.1,h=3.0,n=30,start_thres=1.25",hub,0.25,30,0,40,1730,3,1,37,1729,0.075,0.0005780346820809,0.75,0.25,0.1748214025389064
ni_tfnbs,"e=0.1,h=4.0,n=30,start_thres=1.25",hub,0.25,30,0,40,1730,2,1,38,1729,0.05,0.0005780346820809,0.6666666666666666,0.3333333333333333,0.1748214025389064
ni_tfnbs,"e=0.1,h=5.0,n=30,start_thres=1.25",hub,0.25,30,0,40,1730,2,1,38,1729,0.05,0.0005780346820809,0.6666666666666666,0.3333333333333333,0.1748214025389064
ni_tfnbs,"e=0.1,h=6.0,n=30,start_thres=1.25",hub,0.25,30,0,40,1730,2,1,38,1729,0.05,0.0005780346820809,0.6666666666666666,0.3333333333333333,0.1748214025389064
ni_tfnbs,"e=0.1,h=7.0,n=30,start_thres=1.25",hub,0.25,30,0,40,1730,2,1,38,1729,0.05,0.0005780346820809,0.6666666666666666,0.3333333333333333,0.1748214025389064
ni_tfnbs,"e=0.1,h=8.0,n=30,start_thres=1.25",hub,0.25,30,0,40,1730,2,1,38,1729,0.05,0.0005780346820809,0.6666666666666666,0.3333333333333333,0.1748214025389064
ni_tfnbs,"e=0.1,h=9.0,n=30,start_thres=1.25",hub,0.25,30,0,40,1730,2,1,38,1729,0.05,0.0005780346820809,0.6666666666666666,0.3333333333333333,0.1748214025389064
ni_tfnbs,"e=0.1,h=10.0,n=30,start_thres=1.25",hub,0.25,30,0,40,1730,2,1,38,1729,0.05,0.0005780346820809,0.6666666666666666,0.3333333333333333,0.1748214025389064
ni_tfnbs,"e=0.2,h=0.5,n=30,start_thres=1.25",hub,0.25,30,0,40,1730,6,1,34,1729,0.15,0.0005780346820809,0.8571428571428571,0.1428571428571428,0.1748214025389064
ni_tfnbs,"e=0.2,h=1.0,n=30,start_thres=1.25",hub,0.25,30,0,40,1730,6,1,34,1729,0.15,0.0005780346820809,0.8571428571428571,0.1428571428571428,0.1748214025389064
ni_tfnbs,"e=0.2,h=2.0,n=30,start_thres=1.25",hub,0.25,30,0,40,1730,4,1,36,1729,0.1,0.0005780346820809,0.8,0.2,0.1748214025389064
ni_tfnbs,"e=0.2,h=3.0,n=30,start_thres=1.25",hub,0.25,30,0,40,1730,4,1,36,1729,0.1,0.0005780346820809,0.8,0.2,0.1748214025389064
ni_tfnbs,"e=0.2,h=4.0,n=30,start_thres=1.25",hub,0.25,30,0,40,1730,3,1,37,1729,0.075,0.0005780346820809,0.75,0.25,0.1748214025389064
ni_tfnbs,"e=0.2,h=5.0,n=30,start_thres=1.25",hub,0.25,30,0,40,1730,3,1,37,1729,0.075,0.0005780346820809,0.75,0.25,0.1748214025389064
ni_tfnbs,"e=0.2,h=6.0,n=30,start_thres=1.25",hub,0.25,30,0,40,1730,3,1,37,1729,0.075,0.0005780346820809,0.75,0.25,0.1748214025389064
ni_tfnbs,"e=0.2,h=7.0,n=30,start_thres=1.25",hub,0.25,30,0,40,1730,3,1,37,1729,0.075,0.0005780346820809,0.75,0.25,0.1748214025389064
ni_tfnbs,"e=0.2,h=8.0,n=30,start_thres=1.25",hub,0.25,30,0,40,1730,3,1,37,1729,0.075,0.0005780346820809,0.75,0.25,0.1748214025389064
ni_tfnbs,"e=0.2,h=9.0,n=30,start_thres=1.25",hub,0.25,30,0,40,1730,2,1,38,1729,0.05,0.0005780346820809,0.6666666666666666,0.3333333333333333,0.1748214025389064
ni_tfnbs,"e=0.2,h=10.0,n=30,start_thres=1.25",hub,0.25,30,0,40,1730,2,1,38,1729,0.05,0.0005780346820809,0.6666666666666666,0.3333333333333333,0.1748214025389064
ni_tfnbs,"e=0.3,h=0.5,n=30,start_thres=1.25",hub,0.25,30,0,40,1730,7,2,33,1728,0.175,0.0011560693641618,0.7777777777777778,0.2222222222222222,0.1748214025389064
ni_tfnbs,"e=0.3,h=1.0,n=30,start_thres=1.25",hub,0.25,30,0,40,1730,7,2,33,1728,0.175,0.0011560693641618,0.7777777777777778,0.2222222222222222,0.1748214025389064
ni_tfnbs,"e=0.3,h=2.0,n=30,start_thres=1.25",hub,0.25,30,0,40,1730,7,2,33,1728,0.175,0.0011560693641618,0.7777777777777778,0.2222222222222222,0.1748214025389064
ni_tfnbs,"e=0.3,h=3.0,n=30,start_thres=1.25",hub,0.25,30,0,40,1730,6,1,34,1729,0.15,0.0005780346820809,0.8571428571428571,0.1428571428571428,0.1748214025389064
ni_tfnbs,"e=0.3,h=4.0,n=30,start_thres=1.25",hub,0.25,30,0,40,1730,4,1,36,1729,0.1,0.0005780346820809,0.8,0.2,0.1748214025389064
ni_tfnbs,"e=0.3,h=5.0,n=30,start_thres=1.25",hub,0.25,30,0,40,1730,4,1,36,1729,0.1,0.0005780346820809,0.8,0.2,0.1748214025389064
ni_tfnbs,"e=0.3,h=6.0,n=30,start_thres=1.25",hub,0.25,30,0,40,1730,4,1,36,1729,0.1,0.0005780346820809,0.8,0.2,0.1748214025389064
ni_tfnbs,"e=0.3,h=7.0,n=30,start_thres=1.25",hub,0.25,30,0,40,1730,3,1,37,1729,0.075,0.0005780346820809,0.75,0.25,0.1748214025389064
ni_tfnbs,"e=0.3,h=8.0,n=30,start_thres=1.25",hub,0.25,30,0,40,1730,3,1,37,1729,0.075,0.0005780346820809,0.75,0.25,0.1748214025389064
ni_tfnbs,"e=0.3,h=9.0,n=30,start_thres=1.25",hub,0.25,30,0,40,1730,3,1,37,1729,0.075,0.0005780346820809,0.75,0.25,0.1748214025389064
ni_tfnbs,"e=0.3,h=10.0,n=30,start_thres=1.25",hub,0.25,30,0,40,1730,3,1,37,1729,0.075,0.0005780346820809,0.75,0.25,0.1748214025389064
ni_tfnbs,"e=0.4,h=0.5,n=30,start_thres=1.25",hub,0.25,30,0,40,1730,8,2,32,1728,0.2,0.0011560693641618,0.8,0.2,0.1748214025389064
ni_tfnbs,"e=0.4,h=1.0,n=30,start_thres=1.25",hub,0.25,30,0,40,1730,8,2,32,1728,0.2,0.0011560693641618,0.8,0.2,0.1748214025389064
ni_tfnbs,"e=0.4,h=2.0,n=30,start_thres=1.25",hub,0.25,30,0,40,1730,8,2,32,1728,0.2,0.0011560693641618,0.8,0.2,0.1748214025389064
ni_tfnbs,"e=0.4,h=3.0,n=30,start_thres=1.25",hub,0.25,30,0,40,1730,7,2,33,1728,0.175,0.0011560693641618,0.7777777777777778,0.2222222222222222,0.1748214025389064
ni_tfnbs,"e=0.4,h=4.0,n=30,start_thres=1.25",hub,0.25,30,0,40,1730,6,1,34,1729,0.15,0.0005780346820809,0.8571428571428571,0.1428571428571428,0.1748214025389064
ni_tfnbs,"e=0.4,h=5.0,n=30,start_thres=1.25",hub,0.25,30,0,40,1730,6,1,34,1729,0.15,0.0005780346820809,0.8571428571428571,0.1428571428571428,0.1748214025389064
ni_tfnbs,"e=0.4,h=6.0,n=30,start_thres=1.25",hub,0.25,30,0,40,1730,4,1,36,1729,0.1,0.0005780346820809,0.8,0.2,0.1748214025389064
ni_tfnbs,"e=0.4,h=7.0,n=30,start_thres=1.25",hub,0.25,30,0,40,1730,4,1,36,1729,0.1,0.0005780346820809,0.8,0.2,0.1748214025389064
ni_tfnbs,"e=0.4,h=8.0,n=30,start_thres=1.25",hub,0.25,30,0,40,1730,4,1,36,1729,0.1,0.0005780346820809,0.8,0.2,0.1748214025389064
ni_tfnbs,"e=0.4,h=9.0,n=30,start_thres=1.25",hub,0.25,30,0,40,1730,3,1,37,1729,0.075,0.0005780346820809,0.75,0.25,0.1748214025389064
ni_tfnbs,"e=0.4,h=10.0,n=30,start_thres=1.25",hub,0.25,30,0,40,1730,3,1,37,1729,0.075,0.0005780346820809,0.75,0.25,0.1748214025389064
ni_tfnbs,"e=0.5,h=0.5,n=30,start_thres=1.25",hub,0.25,30,0,40,1730,8,2,32,1728,0.2,0.0011560693641618,0.8,0.2,0.1748214025389064
ni_tfnbs,"e=0.5,h=1.0,n=30,start_thres=1.25",hub,0.25,30,0,40,1730,8,2,32,1728,0.2,0.0011560693641618,0.8,0.2,0.1748214025389064
ni_tfnbs,"e=0.5,h=2.0,n=30,start_thres=1.25",hub,0.25,30,0,40,1730,8,2,32,1728,0.2,0.0011560693641618,0.8,0.2,0.1748214025389064
ni_tfnbs,"e=0.5,h=3.0,n=30,start_thres=1.25",hub,0.25,30,0,40,1730,8,2,32,1728,0.2,0.0011560693641618,0.8,0.2,0.1748214025389064
ni_tfnbs,"e=0.5,h=4.0,n=30,start_thres=1.25",hub,0.25,30,0,40,1730,7,2,33,1728,0.175,0.0011560693641618,0.7777777777777778,0.2222222222222222,0.1748214025389064
ni_tfnbs,"e=0.5,h=5.0,n=30,start_thres=1.25",hub,0.25,30,0,40,1730,7,2,33,1728,0.175,0.0011560693641618,0.7777777777777778,0.2222222222222222,0.1748214025389064
ni_tfnbs,"e=0.5,h=6.0,n=30,start_thres=1.25",hub,0.25,30,0,40,1730,6,1,34,1729,0.15,0.0005780346820809,0.8571428571428571,0.1428571428571428,0.1748214025389064
ni_tfnbs,"e=0.5,h=7.0,n=30,start_thres=1.25",hub,0.25,30,0,40,1730,6,1,34,1729,0.15,0.0005780346820809,0.8571428571428571,0.1428571428571428,0.1748214025389064
ni_tfnbs,"e=0.5,h=8.0,n=30,start_thres=1.25",hub,0.25,30,0,40,1730,4,1,36,1729,0.1,0.0005780346820809,0.8,0.2,0.1748214025389064
ni_tfnbs,"e=0.5,h=9.0,n=30,start_thres=1.25",hub,0.25,30,0,40,1730,4,1,36,1729,0.1,0.0005780346820809,0.8,0.2,0.1748214025389064
ni_tfnbs,"e=0.5,h=10.0,n=30,start_thres=1.25",hub,0.25,30,0,40,1730,4,1,36,1729,0.1,0.0005780346820809,0.8,0.2,0.1748214025389064
ni_tfnbs,"e=0.6,h=0.5,n=30,start_thres=1.25",hub,0.25,30,0,40,1730,10,4,30,1726,0.25,0.0023121387283236,0.7142857142857143,0.2857142857142857,0.1748214025389064
ni_tfnbs,"e=0.6,h=1.0,n=30,start_thres=1.25",hub,0.25,30,0,40,1730,10,4,30,1726,0.25,0.0023121387283236,0.7142857142857143,0.2857142857142857,0.1748214025389064
ni_tfnbs,"e=0.6,h=2.0,n=30,start_thres=1.25",hub,0.25,30,0,40,1730,8,2,32,1728,0.2,0.0011560693641618,0.8,0.2,0.1748214025389064
ni_tfnbs,"e=0.6,h=3.0,n=30,start_thres=1.25",hub,0.25,30,0,40,1730,8,2,32,1728,0.2,0.0011560693641618,0.8,0.2,0.1748214025389064
ni_tfnbs,"e=0.6,h=4.0,n=30,start_thres=1.25",hub,0.25,30,0,40,1730,8,2,32,1728,0.2,0.0011560693641618,0.8,0.2,0.1748214025389064
ni_tfnbs,"e=0.6,h=5.0,n=30,start_thres=1.25",hub,0.25,30,0,40,1730,7,2,33,1728,0.175,0.0011560693641618,0.7777777777777778,0.2222222222222222,0.1748214025389064
ni_tfnbs,"e=0.6,h=6.0,n=30,start_thres=1.25",hub,0.25,30,0,40,1730,7,2,33,1728,0.175,0.0011560693641618,0.7777777777777778,0.2222222222222222,0.1748214025389064
ni_tfnbs,"e=0.6,h=7.0,n=30,start_thres=1.25",hub,0.25,30,0,40,1730,6,1,34,1729,0.15,0.0005780346820809,0.8571428571428571,0.1428571428571428,0.1748214025389064
ni_tfnbs,"e=0.6,h=8.0,n=30,start_thres=1.25",hub,0.25,30,0,40,1730,6,1,34,1729,0.15,0.0005780346820809,0.8571428571428571,0.1428571428571428,0.1748214025389064
ni_tfnbs,"e=0.6,h=9.0,n=30,start_thres=1.25",hub,0.25,30,0,40,1730,6,1,34,1729,0.15,0.0005780346820809,0.8571428571428571,0.1428571428571428,0.1748214025389064
ni_tfnbs,"e=0.6,h=10.0,n=30,start_thres=1.25",hub,0.25,30,0,40,1730,4,1,36,1729,0.1,0.0005780346820809,0.8,0.2,0.1748214025389064
ni_tfnbs,"e=0.7,h=0.5,n=30,start_thres=1.25",hub,0.25,30,0,40,1730,10,4,30,1726,0.25,0.0023121387283236,0.7142857142857143,0.2857142857142857,0.1748214025389064
ni_tfnbs,"e=0.7,h=1.0,n=30,start_thres=1.25",hub,0.25,30,0,40,1730,10,4,30,1726,0.25,0.0023121387283236,0.7142857142857143,0.2857142857142857,0.1748214025389064
ni_tfnbs,"e=0.7,h=2.0,n=30,start_thres=1.25",hub,0.25,30,0,40,1730,10,4,30,1726,0.25,0.0023121387283236,0.7142857142857143,0.2857142857142857,0.1748214025389064
ni_tfnbs,"e=0.7,h=3.0,n=30,start_thres=1.25",hub,0.25,30,0,40,1730,8,2,32,1728,0.2,0.0011560693641618,0.8,0.2,0.1748214025389064
ni_tfnbs,"e=0.7,h=4.0,n=30,start_thres=1.25",hub,0.25,30,0,40,1730,8,2,32,1728,0.2,0.0011560693641618,0.8,0.2,0.1748214025389064
ni_tfnbs,"e=0.7,h=5.0,n=30,start_thres=1.25",hub,0.25,30,0,40,1730,8,2,32,1728,0.2,0.0011560693641618,0.8,0.2,0.1748214025389064
ni_tfnbs,"e=0.7,h=6.0,n=30,start_thres=1.25",hub,0.25,30,0,40,1730,7,2,33,1728,0.175,0.0011560693641618,0.7777777777777778,0.2222222222222222,0.1748214025389064
ni_tfnbs,"e=0.7,h=7.0,n=30,start_thres=1.25",hub,0.25,30,0,40,1730,7,2,33,1728,0.175,0.0011560693641618,0.7777777777777778,0.2222222222222222,0.1748214025389064
ni_tfnbs,"e=0.7,h=8.0,n=30,start_thres=1.25",hub,0.25,30,0,40,1730,7,2,33,1728,0.175,0.0011560693641618,0.7777777777777778,0.2222222222222222,0.1748214025389064
ni_tfnbs,"e=0.7,h=9.0,n=30,start_thres=1.25",hub,0.25,30,0,40,1730,6,1,34,1729,0.15,0.0005780346820809,0.8571428571428571,0.1428571428571428,0.1748214025389064
ni_tfnbs,"e=0.7,h=10.0,n=30,start_thres=1.25",hub,0.25,30,0,40,1730,6,1,34,1729,0.15,0.0005780346820809,0.8571428571428571,0.1428571428571428,0.1748214025389064
ni_tfnbs,"e=0.8,h=0.5,n=30,start_thres=1.25",hub,0.25,30,0,40,1730,10,4,30,1726,0.25,0.0023121387283236,0.7142857142857143,0.2857142857142857,0.1748214025389064
ni_tfnbs,"e=0.8,h=1.0,n=30,start_thres=1.25",hub,0.25,30,0,40,1730,10,4,30,1726,0.25,0.0023121387283236,0.7142857142857143,0.2857142857142857,0.1748214025389064
ni_tfnbs,"e=0.8,h=2.0,n=30,start_thres=1.25",hub,0.25,30,0,40,1730,10,4,30,1726,0.25,0.0023121387283236,0.7142857142857143,0.2857142857142857,0.1748214025389064
ni_tfnbs,"e=0.8,h=3.0,n=30,start_thres=1.25",hub,0.25,30,0,40,1730,10,4,30,1726,0.25,0.0023121387283236,0.7142857142857143,0.2857142857142857,0.1748214025389064
ni_tfnbs,"e=0.8,h=4.0,n=30,start_thres=1.25",hub,0.25,30,0,40,1730,8,2,32,1728,0.2,0.0011560693641618,0.8,0.2,0.1748214025389064
ni_tfnbs,"e=0.8,h=5.0,n=30,start_thres=1.25",hub,0.25,30,0,40,1730,8,2,32,1728,0.2,0.0011560693641618,0.8,0.2,0.1748214025389064
ni_tfnbs,"e=0.8,h=6.0,n=30,start_thres=1.25",hub,0.25,30,0,40,1730,8,2,32,1728,0.2,0.0011560693641618,0.8,0.2,0.1748214025389064
ni_tfnbs,"e=0.8,h=7.0,n=30,start_thres=1.25",hub,0.25,30,0,40,1730,7,2,33,1728,0.175,0.0011560693641618,0.7777777777777778,0.2222222222222222,0.1748214025389064
ni_tfnbs,"e=0.8,h=8.0,n=30,start_thres=1.25",hub,0.25,30,0,40,1730,7,2,33,1728,0.175,0.0011560693641618,0.7777777777777778,0.2222222222222222,0.1748214025389064
ni_tfnbs,"e=0.8,h=9.0,n=30,start_thres=1.25",hub,0.25,30,0,40,1730,7,2,33,1728,0.175,0.0011560693641618,0.7777777777777778,0.2222222222222222,0.1748214025389064
ni_tfnbs,"e=0.8,h=10.0,n=30,start_thres=1.25",hub,0.25,30,0,40,1730,6,1,34,1729,0.15,0.0005780346820809,0.8571428571428571,0.1428571428571428,0.1748214025389064
ni_tfnbs,"e=0.9,h=0.5,n=30,start_thres=1.25",hub,0.25,30,0,40,1730,10,4,30,1726,0.25,0.0023121387283236,0.7142857142857143,0.2857142857142857,0.1748214025389064
ni_tfnbs,"e=0.9,h=1.0,n=30,start_thres=1.25",hub,0.25,30,0,40,1730,10,4,30,1726,0.25,0.0023121387283236,0.7142857142857143,0.2857142857142857,0.1748214025389064
ni_tfnbs,"e=0.9,h=2.0,n=30,start_thres=1.25",hub,0.25,30,0,40,1730,11,4,29,1726,0.275,0.0023121387283236,0.7333333333333333,0.2666666666666666,0.1748214025389064
ni_tfnbs,"e=0.9,h=3.0,n=30,start_thres=1.25",hub,0.25,30,0,40,1730,10,4,30,1726,0.25,0.0023121387283236,0.7142857142857143,0.2857142857142857,0.1748214025389064
ni_tfnbs,"e=0.9,h=4.0,n=30,start_thres=1.25",hub,0.25,30,0,40,1730,10,4,30,1726,0.25,0.0023121387283236,0.7142857142857143,0.2857142857142857,0.1748214025389064
ni_tfnbs,"e=0.9,h=5.0,n=30,start_thres=1.25",hub,0.25,30,0,40,1730,8,2,32,1728,0.2,0.0011560693641618,0.8,0.2,0.1748214025389064
ni_tfnbs,"e=0.9,h=6.0,n=30,start_thres=1.25",hub,0.25,30,0,40,1730,8,2,32,1728,0.2,0.0011560693641618,0.8,0.2,0.1748214025389064
ni_tfnbs,"e=0.9,h=7.0,n=30,start_thres=1.25",hub,0.25,30,0,40,1730,8,2,32,1728,0.2,0.0011560693641618,0.8,0.2,0.1748214025389064
ni_tfnbs,"e=0.9,h=8.0,n=30,start_thres=1.25",hub,0.25,30,0,40,1730,8,2,32,1728,0.2,0.0011560693641618,0.8,0.2,0.1748214025389064
ni_tfnbs,"e=0.9,h=9.0,n=30,start_thres=1.25",hub,0.25,30,0,40,1730,7,2,33,1728,0.175,0.0011560693641618,0.7777777777777778,0.2222222222222222,0.1748214025389064
ni_tfnbs,"e=0.9,h=10.0,n=30,start_thres=1.25",hub,0.25,30,0,40,1730,7,2,33,1728,0.175,0.0011560693641618,0.7777777777777778,0.2222222222222222,0.1748214025389064
ni_tfnbs,"e=1.0,h=0.5,n=30,start_thres=1.25",hub,0.25,30,0,40,1730,10,4,30,1726,0.25,0.0023121387283236,0.7142857142857143,0.2857142857142857,0.1748214025389064
ni_tfnbs,"e=1.0,h=1.0,n=30,start_thres=1.25",hub,0.25,30,0,40,1730,11,4,29,1726,0.275,0.0023121387283236,0.7333333333333333,0.2666666666666666,0.1748214025389064
ni_tfnbs,"e=1.0,h=2.0,n=30,start_thres=1.25",hub,0.25,30,0,40,1730,11,4,29,1726,0.275,0.0023121387283236,0.7333333333333333,0.2666666666666666,0.1748214025389064
ni_tfnbs,"e=1.0,h=3.0,n=30,start_thres=1.25",hub,0.25,30,0,40,1730,11,4,29,1726,0.275,0.0023121387283236,0.7333333333333333,0.2666666666666666,0.1748214025389064
ni_tfnbs,"e=1.0,h=4.0,n=30,start_thres=1.25",hub,0.25,30,0,40,1730,10,4,30,1726,0.25,0.0023121387283236,0.7142857142857143,0.2857142857142857,0.1748214025389064
ni_tfnbs,"e=1.0,h=5.0,n=30,start_thres=1.25",hub,0.25,30,0,40,1730,10,4,30,1726,0.25,0.0023121387283236,0.7142857142857143,0.2857142857142857,0.1748214025389064
ni_tfnbs,"e=1.0,h=6.0,n=30,start_thres=1.25",hub,0.25,30,0,40,1730,8,2,32,1728,0.2,0.0011560693641618,0.8,0.2,0.1748214025389064
ni_tfnbs,"e=1.0,h=7.0,n=30,start_thres=1.25",hub,0.25,30,0,40,1730,8,2,32,1728,0.2,0.0011560693641618,0.8,0.2,0.1748214025389064
ni_tfnbs,"e=1.0,h=8.0,n=30,start_thres=1.25",hub,0.25,30,0,40,1730,8,2,32,1728,0.2,0.0011560693641618,0.8,0.2,0.1748214025389064
ni_tfnbs,"e=1.0,h=9.0,n=30,start_thres=1.25",hub,0.25,30,0,40,1730,8,2,32,1728,0.2,0.0011560693641618,0.8,0.2,0.1748214025389064
ni_tfnbs,"e=1.0,h=10.0,n=30,start_thres=1.25",hub,0.25,30,0,40,1730,7,2,33,1728,0.175,0.0011560693641618,0.7777777777777778,0.2222222222222222,0.1748214025389064
ni_tfnbs,"e=1.1,h=0.5,n=30,start_thres=1.25",hub,0.25,30,0,40,1730,10,4,30,1726,0.25,0.0023121387283236,0.7142857142857143,0.2857142857142857,0.1748214025389064
ni_tfnbs,"e=1.1,h=1.0,n=30,start_thres=1.25",hub,0.25,30,0,40,1730,11,4,29,1726,0.275,0.0023121387283236,0.7333333333333333,0.2666666666666666,0.1748214025389064
ni_tfnbs,"e=1.1,h=2.0,n=30,start_thres=1.25",hub,0.25,30,0,40,1730,11,4,29,1726,0.275,0.0023121387283236,0.7333333333333333,0.2666666666666666,0.1748214025389064
ni_tfnbs,"e=1.1,h=3.0,n=30,start_thres=1.25",hub,0.25,30,0,40,1730,11,4,29,1726,0.275,0.0023121387283236,0.7333333333333333,0.2666666666666666,0.1748214025389064
ni_tfnbs,"e=1.1,h=4.0,n=30,start_thres=1.25",hub,0.25,30,0,40,1730,10,4,30,1726,0.25,0.0023121387283236,0.7142857142857143,0.2857142857142857,0.1748214025389064
ni_tfnbs,"e=1.1,h=5.0,n=30,start_thres=1.25",hub,0.25,30,0,40,1730,10,4,30,1726,0.25,0.0023121387283236,0.7142857142857143,0.2857142857142857,0.1748214025389064
ni_tfnbs,"e=1.1,h=6.0,n=30,start_thres=1.25",hub,0.25,30,0,40,1730,10,4,30,1726,0.25,0.0023121387283236,0.7142857142857143,0.2857142857142857,0.1748214025389064
ni_tfnbs,"e=1.1,h=7.0,n=30,start_thres=1.25",hub,0.25,30,0,40,1730,8,2,32,1728,0.2,0.0011560693641618,0.8,0.2,0.1748214025389064
ni_tfnbs,"e=1.1,h=8.0,n=30,start_thres=1.25",hub,0.25,30,0,40,1730,8,2,32,1728,0.2,0.0011560693641618,0.8,0.2,0.1748214025389064
ni_tfnbs,"e=1.1,h=9.0,n=30,start_thres=1.25",hub,0.25,30,0,40,1730,8,2,32,1728,0.2,0.0011560693641618,0.8,0.2,0.1748214025389064
ni_tfnbs,"e=1.1,h=10.0,n=30,start_thres=1.25",hub,0.25,30,0,40,1730,7,2,33,1728,0.175,0.0011560693641618,0.7777777777777778,0.2222222222222222,0.1748214025389064
ni_tfnbs,"e=1.2,h=0.5,n=30,start_thres=1.25",hub,0.25,30,0,40,1730,10,4,30,1726,0.25,0.0023121387283236,0.7142857142857143,0.2857142857142857,0.1748214025389064
ni_tfnbs,"e=1.2,h=1.0,n=30,start_thres=1.25",hub,0.25,30,0,40,1730,11,4,29,1726,0.275,0.0023121387283236,0.7333333333333333,0.2666666666666666,0.1748214025389064
ni_tfnbs,"e=1.2,h=2.0,n=30,start_thres=1.25",hub,0.25,30,0,40,1730,11,4,29,1726,0.275,0.0023121387283236,0.7333333333333333,0.2666666666666666,0.1748214025389064
ni_tfnbs,"e=1.2,h=3.0,n=30,start_thres=1.25",hub,0.25,30,0,40,1730,11,4,29,1726,0.275,0.0023121387283236,0.7333333333333333,0.2666666666666666,0.1748214025389064
ni_tfnbs,"e=1.2,h=4.0,n=30,start_thres=1.25",hub,0.25,30,0,40,1730,11,4,29,1726,0.275,0.0023121387283236,0.7333333333333333,0.2666666666666666,0.1748214025389064
ni_tfnbs,"e=1.2,h=5.0,n=30,start_thres=1.25",hub,0.25,30,0,40,1730,10,4,30,1726,0.25,0.0023121387283236,0.7142857142857143,0.2857142857142857,0.1748214025389064
ni_tfnbs,"e=1.2,h=6.0,n=30,start_thres=1.25",hub,0.25,30,0,40,1730,10,4,30,1726,0.25,0.0023121387283236,0.7142857142857143,0.2857142857142857,0.1748214025389064
ni_tfnbs,"e=1.2,h=7.0,n=30,start_thres=1.25",hub,0.25,30,0,40,1730,9,3,31,1727,0.225,0.0017341040462427,0.75,0.25,0.1748214025389064
ni_tfnbs,"e=1.2,h=8.0,n=30,start_thres=1.25",hub,0.25,30,0,40,1730,8,2,32,1728,0.2,0.0011560693641618,0.8,0.2,0.1748214025389064
ni_tfnbs,"e=1.2,h=9.0,n=30,start_thres=1.25",hub,0.25,30,0,40,1730,8,2,32,1728,0.2,0.0011560693641618,0.8,0.2,0.1748214025389064
ni_tfnbs,"e=1.2,h=10.0,n=30,start_thres=1.25",hub,0.25,30,0,40,1730,8,2,32,1728,0.2,0.0011560693641618,0.8,0.2,0.1748214025389064
ni_tfnbs,"e=1.3,h=0.5,n=30,start_thres=1.25",hub,0.25,30,0,40,1730,10,4,30,1726,0.25,0.0023121387283236,0.7142857142857143,0.2857142857142857,0.1748214025389064
ni_tfnbs,"e=1.3,h=1.0,n=30,start_thres=1.25",hub,0.25,30,0,40,1730,10,4,30,1726,0.25,0.0023121387283236,0.7142857142857143,0.2857142857142857,0.1748214025389064
ni_tfnbs,"e=1.3,h=2.0,n=30,start_thres=1.25",hub,0.25,30,0,40,1730,11,4,29,1726,0.275,0.0023121387283236,0.7333333333333333,0.2666666666666666,0.1748214025389064
ni_tfnbs,"e=1.3,h=3.0,n=30,start_thres=1.25",hub,0.25,30,0,40,1730,12,4,28,1726,0.3,0.0023121387283236,0.75,0.25,0.1748214025389064
ni_tfnbs,"e=1.3,h=4.0,n=30,start_thres=1.25",hub,0.25,30,0,40,1730,12,4,28,1726,0.3,0.0023121387283236,0.75,0.25,0.1748214025389064
ni_tfnbs,"e=1.3,h=5.0,n=30,start_thres=1.25",hub,0.25,30,0,40,1730,11,4,29,1726,0.275,0.0023121387283236,0.7333333333333333,0.2666666666666666,0.1748214025389064
ni_tfnbs,"e=1.3,h=6.0,n=30,start_thres=1.25",hub,0.25,30,0,40,1730,10,4,30,1726,0.25,0.0023121387283236,0.7142857142857143,0.2857142857142857,0.1748214025389064
ni_tfnbs,"e=1.3,h=7.0,n=30,start_thres=1.25",hub,0.25,30,0,40,1730,10,4,30,1726,0.25,0.0023121387283236,0.7142857142857143,0.2857142857142857,0.1748214025389064
ni_tfnbs,"e=1.3,h=8.0,n=30,start_thres=1.25",hub,0.25,30,0,40,1730,9,3,31,1727,0.225,0.0017341040462427,0.75,0.25,0.1748214025389064
ni_tfnbs,"e=1.3,h=9.0,n=30,start_thres=1.25",hub,0.25,30,0,40,1730,8,2,32,1728,0.2,0.0011560693641618,0.8,0.2,0.1748214025389064
ni_tfnbs,"e=1.3,h=10.0,n=30,start_thres=1.25",hub,0.25,30,0,40,1730,8,2,32,1728,0.2,0.0011560693641618,0.8,0.2,0.1748214025389064
ni_tfnbs,"e=1.4,h=0.5,n=30,start_thres=1.25",hub,0.25,30,0,40,1730,9,3,31,1727,0.225,0.0017341040462427,0.75,0.25,0.1748214025389064
ni_tfnbs,"e=1.4,h=1.0,n=30,start_thres=1.25",hub,0.25,30,0,40,1730,10,4,30,1726,0.25,0.0023121387283236,0.7142857142857143,0.2857142857142857,0.1748214025389064
ni_tfnbs,"e=1.4,h=2.0,n=30,start_thres=1.25",hub,0.25,30,0,40,1730,12,4,28,1726,0.3,0.0023121387283236,0.75,0.25,0.1748214025389064
ni_tfnbs,"e=1.4,h=3.0,n=30,start_thres=1.25",hub,0.25,30,0,40,1730,12,4,28,1726,0.3,0.0023121387283236,0.75,0.25,0.1748214025389064
ni_tfnbs,"e=1.4,h=4.0,n=30,start_thres=1.25",hub,0.25,30,0,40,1730,12,4,28,1726,0.3,0.0023121387283236,0.75,0.25,0.1748214025389064
ni_tfnbs,"e=1.4,h=5.0,n=30,start_thres=1.25",hub,0.25,30,0,40,1730,11,4,29,1726,0.275,0.0023121387283236,0.7333333333333333,0.2666666666666666,0.1748214025389064
ni_tfnbs,"e=1.4,h=6.0,n=30,start_thres=1.25",hub,0.25,30,0,40,1730,11,4,29,1726,0.275,0.0023121387283236,0.7333333333333333,0.2666666666666666,0.1748214025389064
ni_tfnbs,"e=1.4,h=7.0,n=30,start_thres=1.25",hub,0.25,30,0,40,1730,10,4,30,1726,0.25,0.0023121387283236,0.7142857142857143,0.2857142857142857,0.1748214025389064
ni_tfnbs,"e=1.4,h=8.0,n=30,start_thres=1.25",hub,0.25,30,0,40,1730,10,4,30,1726,0.25,0.0023121387283236,0.7142857142857143,0.2857142857142857,0.1748214025389064
ni_tfnbs,"e=1.4,h=9.0,n=30,start_thres=1.25",hub,0.25,30,0,40,1730,9,3,31,1727,0.225,0.0017341040462427,0.75,0.25,0.1748214025389064
ni_tfnbs,"e=1.4,h=10.0,n=30,start_thres=1.25",hub,0.25,30,0,40,1730,8,2,32,1728,0.2,0.0011560693641618,0.8,0.2,0.1748214025389064
ni_tfnbs,"e=1.5,h=0.5,n=30,start_thres=1.25",hub,0.25,30,0,40,1730,9,3,31,1727,0.225,0.0017341040462427,0.75,0.25,0.1748214025389064
ni_tfnbs,"e=1.5,h=1.0,n=30,start_thres=1.25",hub,0.25,30,0,40,1730,10,4,30,1726,0.25,0.0023121387283236,0.7142857142857143,0.2857142857142857,0.1748214025389064
ni_tfnbs,"e=1.5,h=2.0,n=30,start_thres=1.25",hub,0.25,30,0,40,1730,11,4,29,1726,0.275,0.0023121387283236,0.7333333333333333,0.2666666666666666,0.1748214025389064
ni_tfnbs,"e=1.5,h=3.0,n=30,start_thres=1.25",hub,0.25,30,0,40,1730,12,4,28,1726,0.3,0.0023121387283236,0.75,0.25,0.1748214025389064
ni_tfnbs,"e=1.5,h=4.0,n=30,start_thres=1.25",hub,0.25,30,0,40,1730,12,4,28,1726,0.3,0.0023121387283236,0.75,0.25,0.1748214025389064
ni_tfnbs,"e=1.5,h=5.0,n=30,start_thres=1.25",hub,0.25,30,0,40,1730,12,4,28,1726,0.3,0.0023121387283236,0.75,0.25,0.1748214025389064
ni_tfnbs,"e=1.5,h=6.0,n=30,start_thres=1.25",hub,0.25,30,0,40,1730,11,4,29,1726,0.275,0.0023121387283236,0.7333333333333333,0.2666666666666666,0.1748214025389064
ni_tfnbs,"e=1.5,h=7.0,n=30,start_thres=1.25",hub,0.25,30,0,40,1730,11,4,29,1726,0.275,0.0023121387283236,0.7333333333333333,0.2666666666666666,0.1748214025389064
ni_tfnbs,"e=1.5,h=8.0,n=30,start_thres=1.25",hub,0.25,30,0,40,1730,10,4,30,1726,0.25,0.0023121387283236,0.7142857142857143,0.2857142857142857,0.1748214025389064
ni_tfnbs,"e=1.5,h=9.0,n=30,start_thres=1.25",hub,0.25,30,0,40,1730,10,4,30,1726,0.25,0.0023121387283236,0.7142857142857143,0.2857142857142857,0.1748214025389064
ni_tfnbs,"e=1.5,h=10.0,n=30,start_thres=1.25",hub,0.25,30,0,40,1730,8,2,32,1728,0.2,0.0011560693641618,0.8,0.2,0.1748214025389064
ni_tfnbs,"e=0.05,h=0.5,n=30,start_thres=1.25",hub,0.25,30,1,40,1730,2,0,38,1730,0.05,0.0,1.0,0.0,0.1770777309482747
ni_tfnbs,"e=0.05,h=1.0,n=30,start_thres=1.25",hub,0.25,30,1,40,1730,2,0,38,1730,0.05,0.0,1.0,0.0,0.1770777309482747
ni_tfnbs,"e=0.05,h=2.0,n=30,start_thres=1.25",hub,0.25,30,1,40,1730,2,0,38,1730,0.05,0.0,1.0,0.0,0.1770777309482747
ni_tfnbs,"e=0.05,h=3.0,n=30,start_thres=1.25",hub,0.25,30,1,40,1730,2,0,38,1730,0.05,0.0,1.0,0.0,0.1770777309482747
ni_tfnbs,"e=0.05,h=4.0,n=30,start_thres=1.25",hub,0.25,30,1,40,1730,2,0,38,1730,0.05,0.0,1.0,0.0,0.1770777309482747
ni_tfnbs,"e=0.05,h=5.0,n=30,start_thres=1.25",hub,0.25,30,1,40,1730,2,0,38,1730,0.05,0.0,1.0,0.0,0.1770777309482747
ni_tfnbs,"e=0.05,h=6.0,n=30,start_thres=1.25",hub,0.25,30,1,40,1730,2,0,38,1730,0.05,0.0,1.0,0.0,0.1770777309482747
ni_tfnbs,"e=0.05,h=7.0,n=30,start_thres=1.25",hub,0.25,30,1,40,1730,2,0,38,1730,0.05,0.0,1.0,0.0,0.1770777309482747
ni_tfnbs,"e=0.05,h=8.0,n=30,start_thres=1.25",hub,0.25,30,1,40,1730,2,0,38,1730,0.05,0.0,1.0,0.0,0.1770777309482747
ni_tfnbs,"e=0.05,h=9.0,n=30,start_thres=1.25",hub,0.25,30,1,40,1730,2,0,38,1730,0.05,0.0,1.0,0.0,0.1770777309482747
ni_tfnbs,"e=0.05,h=10.0,n=30,start_thres=1.25",hub,0.25,30,1,40,1730,2,0,38,1730,0.05,0.0,1.0,0.0,0.1770777309482747
ni_tfnbs,"e=0.1,h=0.5,n=30,start_thres=1.25",hub,0.25,30,1,40,1730,2,0,38,1730,0.05,0.0,1.0,0.0,0.1770777309482747
ni_tfnbs,"e=0.1,h=1.0,n=30,start_thres=1.25",hub,0.25,30,1,40,1730,2,0,38,1730,0.05,0.0,1.0,0.0,0.1770777309482747
ni_tfnbs,"e=0.1,h=2.0,n=30,start_thres=1.25",hub,0.25,30,1,40,1730,2,0,38,1730,0.05,0.0,1.0,0.0,0.1770777309482747
ni_tfnbs,"e=0.1,h=3.0,n=30,start_thres=1.25",hub,0.25,30,1,40,1730,2,0,38,1730,0.05,0.0,1.0,0.0,0.1770777309482747
ni_tfnbs,"e=0.1,h=4.0,n=30,start_thres=1.25",hub,0.25,30,1,40,1730,2,0,38,1730,0.05,0.0,1.0,0.0,0.1770777309482747
ni_tfnbs,"e=0.1,h=5.0,n=30,start_thres=1.25",hub,0.25,30,1,40,1730,2,0,38,1730,0.05,0.0,1.0,0.0,0.1770777309482747
ni_tfnbs,"e=0.1,h=6.0,n=30,start_thres=1.25",hub,0.25,30,1,40,1730,2,0,38,1730,0.05,0.0,1.0,0.0,0.1770777309482747
ni_tfnbs,"e=0.1,h=7.0,n=30,start_thres=1.25",hub,0.25,30,1,40,1730,2,0,38,1730,0.05,0.0,1.0,0.0,0.1770777309482747
ni_tfnbs,"e=0.1,h=8.0,n=30,start_thres=1.25",hub,0.25,30,1,40,1730,2,0,38,1730,0.05,0.0,1.0,0.0,0.1770777309482747
ni_tfnbs,"e=0.1,h=9.0,n=30,start_thres=1.25",hub,0.25,30,1,40,1730,2,0,38,1730,0.05,0.0,1.0,0.0,0.1770777309482747
ni_tfnbs,"e=0.1,h=10.0,n=30,start_thres=1.25",hub,0.25,30,1,40,1730,2,0,38,1730,0.05,0.0,1.0,0.0,0.1770777309482747
ni_tfnbs,"e=0.2,h=0.5,n=30,start_thres=1.25",hub,0.25,30,1,40,1730,3,0,37,1730,0.075,0.0,1.0,0.0,0.1770777309482747
ni_tfnbs,"e=0.2,h=1.0,n=30,start_thres=1.25",hub,0.25,30,1,40,1730,2,0,38,1730,0.05,0.0,1.0,0.0,0.1770777309482747
ni_tfnbs,"e=0.2,h=2.0,n=30,start_thres=1.25",hub,0.25,30,1,40,1730,2,0,38,1730,0.05,0.0,1.0,0.0,0.1770777309482747
ni_tfnbs,"e=0.2,h=3.0,n=30,start_thres=1.25",hub,0.25,30,1,40,1730,2,0,38,1730,0.05,0.0,1.0,0.0,0.1770777309482747
ni_tfnbs,"e=0.2,h=4.0,n=30,start_thres=1.25",hub,0.25,30,1,40,1730,2,0,38,1730,0.05,0.0,1.0,0.0,0.1770777309482747
ni_tfnbs,"e=0.2,h=5.0,n=30,start_thres=1.25",hub,0.25,30,1,40,1730,2,0,38,1730,0.05,0.0,1.0,0.0,0.1770777309482747
ni_tfnbs,"e=0.2,h=6.0,n=30,start_thres=1.25",hub,0.25,30,1,40,1730,2,0,38,1730,0.05,0.0,1.0,0.0,0.1770777309482747
ni_tfnbs,"e=0.2,h=7.0,n=30,start_thres=1.25",hub,0.25,30,1,40,1730,2,0,38,1730,0.05,0.0,1.0,0.0,0.1770777309482747
ni_tfnbs,"e=0.2,h=8.0,n=30,start_thres=1.25",hub,0.25,30,1,40,1730,2,0,38,1730,0.05,0.0,1.0,0.0,0.1770777309482747
ni_tfnbs,"e=0.2,h=9.0,n=30,start_thres=1.25",hub,0.25,30,1,40,1730,2,0,38,1730,0.05,0.0,1.0,0.0,0.1770777309482747
ni_tfnbs,"e=0.2,h=10.0,n=30,start_thres=1.25",hub,0.25,30,1,40,1730,2,0,38,1730,0.05,0.0,1.0,0.0,0.1770777309482747
ni_tfnbs,"e=0.3,h=0.5,n=30,start_thres=1.25",hub,0.25,30,1,40,1730,3,0,37,1730,0.075,0.0,1.0,0.0,0.1770777309482747
ni_tfnbs,"e=0.3,h=1.0,n=30,start_thres=1.25",hub,0.25,30,1,40,1730,3,0,37,1730,0.075,0.0,1.0,0.0,0.1770777309482747
ni_tfnbs,"e=0.3,h=2.0,n=30,start_thres=1.25",hub,0.25,30,1,40,1730,3,0,37,1730,0.075,0.0,1.0,0.0,0.1770777309482747
ni_tfnbs,"e=0.3,h=3.0,n=30,start_thres=1.25",hub,0.25,30,1,40,1730,2,0,38,1730,0.05,0.0,1.0,0.0,0.1770777309482747
ni_tfnbs,"e=0.3,h=4.0,n=30,start_thres=1.25",hub,0.25,30,1,40,1730,2,0,38,1730,0.05,0.0,1.0,0.0,0.1770777309482747
ni_tfnbs,"e=0.3,h=5.0,n=30,start_thres=1.25",hub,0.25,30,1,40,1730,2,0,38,1730,0.05,0.0,1.0,0.0,0.1770777309482747
ni_tfnbs,"e=0.3,h=6.0,n=30,start_thres=1.25",hub,0.25,30,1,40,1730,2,0,38,1730,0.05,0.0,1.0,0.0,0.1770777309482747
ni_tfnbs,"e=0.3,h=7.0,n=30,start_thres=1.25",hub,0.25,30,1,40,1730,2,0,38,1730,0.05,0.0,1.0,0.0,0.1770777309482747
ni_tfnbs,"e=0.3,h=8.0,n=30,start_thres=1.25",hub,0.25,30,1,40,1730,2,0,38,1730,0.05,0.0,1.0,0.0,0.1770777309482747
ni_tfnbs,"e=0.3,h=9.0,n=30,start_thres=1.25",hub,0.25,30,1,40,1730,2,0,38,1730,0.05,0.0,1.0,0.0,0.1770777309482747
ni_tfnbs,"e=0.3,h=10.0,n=30,start_thres=1.25",hub,0.25,30,1,40,1730,2,0,38,1730,0.05,0.0,1.0,0.0,0.1770777309482747
ni_tfnbs,"e=0.4,h=0.5,n=30,start_thres=1.25",hub,0.25,30,1,40,1730,3,0,37,1730,0.075,0.0,1.0,0.0,0.1770777309482747
ni_tfnbs,"e=0.4,h=1.0,n=30,start_thres=1.25",hub,0.25,30,1,40,1730,3,0,37,1730,0.075,0.0,1.0,0.0,0.1770777309482747
ni_tfnbs,"e=0.4,h=2.0,n=30,start_thres=1.25",hub,0.25,30,1,40,1730,3,0,37,1730,0.075,0.0,1.0,0.0,0.1770777309482747
ni_tfnbs,"e=0.4,h=3.0,n=30,start_thres=1.25",hub,0.25,30,1,40,1730,3,0,37,1730,0.075,0.0,1.0,0.0,0.1770777309482747
ni_tfnbs,"e=0.4,h=4.0,n=30,start_thres=1.25",hub,0.25,30,1,40,1730,3,0,37,1730,0.075,0.0,1.0,0.0,0.1770777309482747
ni_tfnbs,"e=0.4,h=5.0,n=30,start_thres=1.25",hub,0.25,30,1,40,1730,2,0,38,1730,0.05,0.0,1.0,0.0,0.1770777309482747
ni_tfnbs,"e=0.4,h=6.0,n=30,start_thres=1.25",hub,0.25,30,1,40,1730,2,0,38,1730,0.05,0.0,1.0,0.0,0.1770777309482747
ni_tfnbs,"e=0.4,h=7.0,n=30,start_thres=1.25",hub,0.25,30,1,40,1730,2,0,38,1730,0.05,0.0,1.0,0.0,0.1770777309482747
ni_tfnbs,"e=0.4,h=8.0,n=30,start_thres=1.25",hub,0.25,30,1,40,1730,2,0,38,1730,0.05,0.0,1.0,0.0,0.1770777309482747
ni_tfnbs,"e=0.4,h=9.0,n=30,start_thres=1.25",hub,0.25,30,1,40,1730,2,0,38,1730,0.05,0.0,1.0,0.0,0.1770777309482747
ni_tfnbs,"e=0.4,h=10.0,n=30,start_thres=1.25",hub,0.25,30,1,40,1730,2,0,38,1730,0.05,0.0,1.0,0.0,0.1770777309482747
ni_tfnbs,"e=0.5,h=0.5,n=30,start_thres=1.25",hub,0.25,30,1,40,1730,3,0,37,1730,0.075,0.0,1.0,0.0,0.1770777309482747
ni_tfnbs,"e=0.5,h=1.0,n=30,start_thres=1.25",hub,0.25,30,1,40,1730,3,0,37,1730,0.075,0.0,1.0,0.0,0.1770777309482747
ni_tfnbs,"e=0.5,h=2.0,n=30,start_thres=1.25",hub,0.25,30,1,40,1730,3,0,37,1730,0.075,0.0,1.0,0.0,0.1770777309482747
ni_tfnbs,"e=0.5,h=3.0,n=30,start_thres=1.25",hub,0.25,30,1,40,1730,3,0,37,1730,0.075,0.0,1.0,0.0,0.1770777309482747
ni_tfnbs,"e=0.5,h=4.0,n=30,start_thres=1.25",hub,0.25,30,1,40,1730,3,0,37,1730,0.075,0.0,1.0,0.0,0.1770777309482747
ni_tfnbs,"e=0.5,h=5.0,n=30,start_thres=1.25",hub,0.25,30,1,40,1730,3,0,37,1730,0.075,0.0,1.0,0.0,0.1770777309482747
ni_tfnbs,"e=0.5,h=6.0,n=30,start_thres=1.25",hub,0.25,30,1,40,1730,3,0,37,1730,0.075,0.0,1.0,0.0,0.1770777309482747
ni_tfnbs,"e=0.5,h=7.0,n=30,start_thres=1.25",hub,0.25,30,1,40,1730,2,0,38,1730,0.05,0.0,1.0,0.0,0.1770777309482747
ni_tfnbs,"e=0.5,h=8.0,n=30,start_thres=1.25",hub,0.25,30,1,40,1730,2,0,38,1730,0.05,0.0,1.0,0.0,0.1770777309482747
ni_tfnbs,"e=0.5,h=9.0,n=30,start_thres=1.25",hub,0.25,30,1,40,1730,2,0,38,1730,0.05,0.0,1.0,0.0,0.1770777309482747
ni_tfnbs,"e=0.5,h=10.0,n=30,start_thres=1.25",hub,0.25,30,1,40,1730,2,0,38,1730,0.05,0.0,1.0,0.0,0.1770777309482747
ni_tfnbs,"e=0.6,h=0.5,n=30,start_thres=1.25",hub,0.25,30,1,40,1730,3,0,37,1730,0.075,0.0,1.0,0.0,0.1770777309482747
ni_tfnbs,"e=0.6,h=1.0,n=30,start_thres=1.25",hub,0.25,30,1,40,1730,3,0,37,1730,0.075,0.0,1.0,0.0,0.1770777309482747
ni_tfnbs,"e=0.6,h=2.0,n=30,start_thres=1.25",hub,0.25,30,1,40,1730,3,0,37,1730,0.075,0.0,1.0,0.0,0.1770777309482747
ni_tfnbs,"e=0.6,h=3.0,n=30,start_thres=1.25",hub,0.25,30,1,40,1730,3,0,37,1730,0.075,0.0,1.0,0.0,0.1770777309482747
ni_tfnbs,"e=0.6,h=4.0,n=30,start_thres=1.25",hub,0.25,30,1,40,1730,3,0,37,1730,0.075,0.0,1.0,0.0,0.1770777309482747
ni_tfnbs,"e=0.6,h=5.0,n=30,start_thres=1.25",hub,0.25,30,1,40,1730,3,0,37,1730,0.075,0.0,1.0,0.0,0.1770777309482747
ni_tfnbs,"e=0.6,h=6.0,n=30,start_thres=1.25",hub,0.25,30,1,40,1730,3,0,37,1730,0.075,0.0,1.0,0.0,0.1770777309482747
ni_tfnbs,"e=0.6,h=7.0,n=30,start_thres=1.25",hub,0.25,30,1,40,1730,3,0,37,1730,0.075,0.0,1.0,0.0,0.1770777309482747
ni_tfnbs,"e=0.6,h=8.0,n=30,start_thres=1.25",hub,0.25,30,1,40,1730,2,0,38,1730,0.05,0.0,1.0,0.0,0.1770777309482747
ni_tfnbs,"e=0.6,h=9.0,n=30,start_thres=1.25",hub,0.25,30,1,40,1730,2,0,38,1730,0.05,0.0,1.0,0.0,0.1770777309482747
ni_tfnbs,"e=0.6,h=10.0,n=30,start_thres=1.25",hub,0.25,30,1,40,1730,2,0,38,1730,0.05,0.0,1.0,0.0,0.1770777309482747
ni_tfnbs,"e=0.7,h=0.5,n=30,start_thres=1.25",hub,0.25,30,1,40,1730,7,0,33,1730,0.175,0.0,1.0,0.0,0.1770777309482747
ni_tfnbs,"e=0.7,h=1.0,n=30,start_thres=1.25",hub,0.25,30,1,40,1730,7,0,33,1730,0.175,0.0,1.0,0.0,0.1770777309482747
ni_tfnbs,"e=0.7,h=2.0,n=30,start_thres=1.25",hub,0.25,30,1,40,1730,4,0,36,1730,0.1,0.0,1.0,0.0,0.1770777309482747
ni_tfnbs,"e=0.7,h=3.0,n=30,start_thres=1.25",hub,0.25,30,1,40,1730,3,0,37,1730,0.075,0.0,1.0,0.0,0.1770777309482747
ni_tfnbs,"e=0.7,h=4.0,n=30,start_thres=1.25",hub,0.25,30,1,40,1730,3,0,37,1730,0.075,0.0,1.0,0.0,0.1770777309482747
ni_tfnbs,"e=0.7,h=5.0,n=30,start_thres=1.25",hub,0.25,30,1,40,1730,3,0,37,1730,0.075,0.0,1.0,0.0,0.1770777309482747
ni_tfnbs,"e=0.7,h=6.0,n=30,start_thres=1.25",hub,0.25,30,1,40,1730,3,0,37,1730,0.075,0.0,1.0,0.0,0.1770777309482747
ni_tfnbs,"e=0.7,h=7.0,n=30,start_thres=1.25",hub,0.25,30,1,40,1730,3,0,37,1730,0.075,0.0,1.0,0.0,0.1770777309482747
ni_tfnbs,"e=0.7,h=8.0,n=30,start_thres=1.25",hub,0.25,30,1,40,1730,3,0,37,1730,0.075,0.0,1.0,0.0,0.1770777309482747
ni_tfnbs,"e=0.7,h=9.0,n=30,start_thres=1.25",hub,0.25,30,1,40,1730,3,0,37,1730,0.075,0.0,1.0,0.0,0.1770777309482747
ni_tfnbs,"e=0.7,h=10.0,n=30,start_thres=1.25",hub,0.25,30,1,40,1730,2,0,38,1730,0.05,0.0,1.0,0.0,0.1770777309482747
ni_tfnbs,"e=0.8,h=0.5,n=30,start_thres=1.25",hub,0.25,30,1,40,1730,7,0,33,1730,0.175,0.0,1.0,0.0,0.1770777309482747
ni_tfnbs,"e=0.8,h=1.0,n=30,start_thres=1.25",hub,0.25,30,1,40,1730,7,0,33,1730,0.175,0.0,1.0,0.0,0.1770777309482747
ni_tfnbs,"e=0.8,h=2.0,n=30,start_thres=1.25",hub,0.25,30,1,40,1730,4,0,36,1730,0.1,0.0,1.0,0.0,0.1770777309482747
ni_tfnbs,"e=0.8,h=3.0,n=30,start_thres=1.25",hub,0.25,30,1,40,1730,4,0,36,1730,0.1,0.0,1.0,0.0,0.1770777309482747
ni_tfnbs,"e=0.8,h=4.0,n=30,start_thres=1.25",hub,0.25,30,1,40,1730,3,0,37,1730,0.075,0.0,1.0,0.0,0.1770777309482747
ni_tfnbs,"e=0.8,h=5.0,n=30,start_thres=1.25",hub,0.25,30,1,40,1730,3,0,37,1730,0.075,0.0,1.0,0.0,0.1770777309482747
ni_tfnbs,"e=0.8,h=6.0,n=30,start_thres=1.25",hub,0.25,30,1,40,1730,3,0,37,1730,0.075,0.0,1.0,0.0,0.1770777309482747
ni_tfnbs,"e=0.8,h=7.0,n=30,start_thres=1.25",hub,0.25,30,1,40,1730,3,0,37,1730,0.075,0.0,1.0,0.0,0.1770777309482747
ni_tfnbs,"e=0.8,h=8.0,n=30,start_thres=1.25",hub,0.25,30,1,40,1730,3,0,37,1730,0.075,0.0,1.0,0.0,0.1770777309482747
ni_tfnbs,"e=0.8,h=9.0,n=30,start_thres=1.25",hub,0.25,30,1,40,1730,3,0,37,1730,0.075,0.0,1.0,0.0,0.1770777309482747
ni_tfnbs,"e=0.8,h=10.0,n=30,start_thres=1.25",hub,0.25,30,1,40,1730,3,0,37,1730,0.075,0.0,1.0,0.0,0.1770777309482747
ni_tfnbs,"e=0.9,h=0.5,n=30,start_thres=1.25",hub,0.25,30,1,40,1730,6,0,34,1730,0.15,0.0,1.0,0.0,0.1770777309482747
ni_tfnbs,"e=0.9,h=1.0,n=30,start_thres=1.25",hub,0.25,30,1,40,1730,7,0,33,1730,0.175,0.0,1.0,0.0,0.1770777309482747
ni_tfnbs,"e=0.9,h=2.0,n=30,start_thres=1.25",hub,0.25,30,1,40,1730,7,0,33,1730,0.175,0.0,1.0,0.0,0.1770777309482747
ni_tfnbs,"e=0.9,h=3.0,n=30,start_thres=1.25",hub,0.25,30,1,40,1730,4,0,36,1730,0.1,0.0,1.0,0.0,0.1770777309482747
ni_tfnbs,"e=0.9,h=4.0,n=30,start_thres=1.25",hub,0.25,30,1,40,1730,4,0,36,1730,0.1,0.0,1.0,0.0,0.1770777309482747
ni_tfnbs,"e=0.9,h=5.0,n=30,start_thres=1.25",hub,0.25,30,1,40,1730,3,0,37,1730,0.075,0.0,1.0,0.0,0.1770777309482747
ni_tfnbs,"e=0.9,h=6.0,n=30,start_thres=1.25",hub,0.25,30,1,40,1730,3,0,37,1730,0.075,0.0,1.0,0.0,0.1770777309482747
ni_tfnbs,"e=0.9,h=7.0,n=30,start_thres=1.25",hub,0.25,30,1,40,1730,3,0,37,1730,0.075,0.0,1.0,0.0,0.1770777309482747
ni_tfnbs,"e=0.9,h=8.0,n=30,start_thres=1.25",hub,0.25,30,1,40,1730,3,0,37,1730,0.075,0.0,1.0,0.0,0.1770777309482747
ni_tfnbs,"e=0.9,h=9.0,n=30,start_thres=1.25",hub,0.25,30,1,40,1730,3,0,37,1730,0.075,0.0,1.0,0.0,0.1770777309482747
ni_tfnbs,"e=0.9,h=10.0,n=30,start_thres=1.25",hub,0.25,30,1,40,1730,3,0,37,1730,0.075,0.0,1.0,0.0,0.1770777309482747
ni_tfnbs,"e=1.0,h=0.5,n=30,start_thres=1.25",hub,0.25,30,1,40,1730,3,0,37,1730,0.075,0.0,1.0,0.0,0.1770777309482747
ni_tfnbs,"e=1.0,h=1.0,n=30,start_thres=1.25",hub,0.25,30,1,40,1730,7,0,33,1730,0.175,0.0,1.0,0.0,0.1770777309482747
ni_tfnbs,"e=1.0,h=2.0,n=30,start_thres=1.25",hub,0.25,30,1,40,1730,7,0,33,1730,0.175,0.0,1.0,0.0,0.1770777309482747
ni_tfnbs,"e=1.0,h=3.0,n=30,start_thres=1.25",hub,0.25,30,1,40,1730,7,0,33,1730,0.175,0.0,1.0,0.0,0.1770777309482747
ni_tfnbs,"e=1.0,h=4.0,n=30,start_thres=1.25",hub,0.25,30,1,40,1730,4,0,36,1730,0.1,0.0,1.0,0.0,0.1770777309482747
ni_tfnbs,"e=1.0,h=5.0,n=30,start_thres=1.25",hub,0.25,30,1,40,1730,4,0,36,1730,0.1,0.0,1.0,0.0,0.1770777309482747
ni_tfnbs,"e=1.0,h=6.0,n=30,start_thres=1.25",hub,0.25,30,1,40,1730,3,0,37,1730,0.075,0.0,1.0,0.0,0.1770777309482747
ni_tfnbs,"e=1.0,h=7.0,n=30,start_thres=1.25",hub,0.25,30,1,40,1730,3,0,37,1730,0.075,0.0,1.0,0.0,0.1770777309482747
ni_tfnbs,"e=1.0,h=8.0,n=30,start_thres=1.25",hub,0.25,30,1,40,1730,3,0,37,1730,0.075,0.0,1.0,0.0,0.1770777309482747
ni_tfnbs,"e=1.0,h=9.0,n=30,start_thres=1.25",hub,0.25,30,1,40,1730,3,0,37,1730,0.075,0.0,1.0,0.0,0.1770777309482747
ni_tfnbs,"e=1.0,h=10.0,n=30,start_thres=1.25",hub,0.25,30,1,40,1730,3,0,37,1730,0.075,0.0,1.0,0.0,0.1770777309482747
ni_tfnbs,"e=1.1,h=0.5,n=30,start_thres=1.25",hub,0.25,30,1,40,1730,3,0,37,1730,0.075,0.0,1.0,0.0,0.1770777309482747
ni_tfnbs,"e=1.1,h=1.0,n=30,start_thres=1.25",hub,0.25,30,1,40,1730,7,0,33,1730,0.175,0.0,1.0,0.0,0.1770777309482747
ni_tfnbs,"e=1.1,h=2.0,n=30,start_thres=1.25",hub,0.25,30,1,40,1730,7,0,33,1730,0.175,0.0,1.0,0.0,0.1770777309482747
ni_tfnbs,"e=1.1,h=3.0,n=30,start_thres=1.25",hub,0.25,30,1,40,1730,7,0,33,1730,0.175,0.0,1.0,0.0,0.1770777309482747
ni_tfnbs,"e=1.1,h=4.0,n=30,start_thres=1.25",hub,0.25,30,1,40,1730,7,0,33,1730,0.175,0.0,1.0,0.0,0.1770777309482747
ni_tfnbs,"e=1.1,h=5.0,n=30,start_thres=1.25",hub,0.25,30,1,40,1730,4,0,36,1730,0.1,0.0,1.0,0.0,0.1770777309482747
ni_tfnbs,"e=1.1,h=6.0,n=30,start_thres=1.25",hub,0.25,30,1,40,1730,4,0,36,1730,0.1,0.0,1.0,0.0,0.1770777309482747
ni_tfnbs,"e=1.1,h=7.0,n=30,start_thres=1.25",hub,0.25,30,1,40,1730,3,0,37,1730,0.075,0.0,1.0,0.0,0.1770777309482747
ni_tfnbs,"e=1.1,h=8.0,n=30,start_thres=1.25",hub,0.25,30,1,40,1730,3,0,37,1730,0.075,0.0,1.0,0.0,0.1770777309482747
ni_tfnbs,"e=1.1,h=9.0,n=30,start_thres=1.25",hub,0.25,30,1,40,1730,3,0,37,1730,0.075,0.0,1.0,0.0,0.1770777309482747
ni_tfnbs,"e=1.1,h=10.0,n=30,start_thres=1.25",hub,0.25,30,1,40,1730,3,0,37,1730,0.075,0.0,1.0,0.0,0.1770777309482747
ni_tfnbs,"e=1.2,h=0.5,n=30,start_thres=1.25",hub,0.25,30,1,40,1730,3,0,37,1730,0.075,0.0,1.0,0.0,0.1770777309482747
ni_tfnbs,"e=1.2,h=1.0,n=30,start_thres=1.25",hub,0.25,30,1,40,1730,3,0,37,1730,0.075,0.0,1.0,0.0,0.1770777309482747
ni_tfnbs,"e=1.2,h=2.0,n=30,start_thres=1.25",hub,0.25,30,1,40,1730,7,0,33,1730,0.175,0.0,1.0,0.0,0.1770777309482747
ni_tfnbs,"e=1.2,h=3.0,n=30,start_thres=1.25",hub,0.25,30,1,40,1730,10,1,30,1729,0.25,0.0005780346820809,0.9090909090909092,0.0909090909090909,0.1770777309482747
ni_tfnbs,"e=1.2,h=4.0,n=30,start_thres=1.25",hub,0.25,30,1,40,1730,7,0,33,1730,0.175,0.0,1.0,0.0,0.1770777309482747
ni_tfnbs,"e=1.2,h=5.0,n=30,start_thres=1.25",hub,0.25,30,1,40,1730,4,0,36,1730,0.1,0.0,1.0,0.0,0.1770777309482747
ni_tfnbs,"e=1.2,h=6.0,n=30,start_thres=1.25",hub,0.25,30,1,40,1730,4,0,36,1730,0.1,0.0,1.0,0.0,0.1770777309482747
ni_tfnbs,"e=1.2,h=7.0,n=30,start_thres=1.25",hub,0.25,30,1,40,1730,4,0,36,1730,0.1,0.0,1.0,0.0,0.1770777309482747
ni_tfnbs,"e=1.2,h=8.0,n=30,start_thres=1.25",hub,0.25,30,1,40,1730,3,0,37,1730,0.075,0.0,1.0,0.0,0.1770777309482747
ni_tfnbs,"e=1.2,h=9.0,n=30,start_thres=1.25",hub,0.25,30,1,40,1730,3,0,37,1730,0.075,0.0,1.0,0.0,0.1770777309482747
ni_tfnbs,"e=1.2,h=10.0,n=30,start_thres=1.25",hub,0.25,30,1,40,1730,3,0,37,1730,0.075,0.0,1.0,0.0,0.1770777309482747
ni_tfnbs,"e=1.3,h=0.5,n=30,start_thres=1.25",hub,0.25,30,1,40,1730,3,0,37,1730,0.075,0.0,1.0,0.0,0.1770777309482747
ni_tfnbs,"e=1.3,h=1.0,n=30,start_thres=1.25",hub,0.25,30,1,40,1730,3,0,37,1730,0.075,0.0,1.0,0.0,0.1770777309482747
ni_tfnbs,"e=1.3,h=2.0,n=30,start_thres=1.25",hub,0.25,30,1,40,1730,7,0,33,1730,0.175,0.0,1.0,0.0,0.1770777309482747
ni_tfnbs,"e=1.3,h=3.0,n=30,start_thres=1.25",hub,0.25,30,1,40,1730,10,1,30,1729,0.25,0.0005780346820809,0.9090909090909092,0.0909090909090909,0.1770777309482747
ni_tfnbs,"e=1.3,h=4.0,n=30,start_thres=1.25",hub,0.25,30,1,40,1730,9,0,31,1730,0.225,0.0,1.0,0.0,0.1770777309482747
ni_tfnbs,"e=1.3,h=5.0,n=30,start_thres=1.25",hub,0.25,30,1,40,1730,7,0,33,1730,0.175,0.0,1.0,0.0,0.1770777309482747
ni_tfnbs,"e=1.3,h=6.0,n=30,start_thres=1.25",hub,0.25,30,1,40,1730,4,0,36,1730,0.1,0.0,1.0,0.0,0.1770777309482747
ni_tfnbs,"e=1.3,h=7.0,n=30,start_thres=1.25",hub,0.25,30,1,40,1730,4,0,36,1730,0.1,0.0,1.0,0.0,0.1770777309482747
ni_tfnbs,"e=1.3,h=8.0,n=30,start_thres=1.25",hub,0.25,30,1,40,1730,3,0,37,1730,0.075,0.0,1.0,0.0,0.1770777309482747
ni_tfnbs,"e=1.3,h=9.0,n=30,start_thres=1.25",hub,0.25,30,1,40,1730,3,0,37,1730,0.075,0.0,1.0,0.0,0.1770777309482747
ni_tfnbs,"e=1.3,h=10.0,n=30,start_thres=1.25",hub,0.25,30,1,40,1730,3,0,37,1730,0.075,0.0,1.0,0.0,0.1770777309482747
ni_tfnbs,"e=1.4,h=0.5,n=30,start_thres=1.25",hub,0.25,30,1,40,1730,2,0,38,1730,0.05,0.0,1.0,0.0,0.1770777309482747
ni_tfnbs,"e=1.4,h=1.0,n=30,start_thres=1.25",hub,0.25,30,1,40,1730,3,0,37,1730,0.075,0.0,1.0,0.0,0.1770777309482747
ni_tfnbs,"e=1.4,h=2.0,n=30,start_thres=1.25",hub,0.25,30,1,40,1730,7,0,33,1730,0.175,0.0,1.0,0.0,0.1770777309482747
ni_tfnbs,"e=1.4,h=3.0,n=30,start_thres=1.25",hub,0.25,30,1,40,1730,10,1,30,1729,0.25,0.0005780346820809,0.9090909090909092,0.0909090909090909,0.1770777309482747
ni_tfnbs,"e=1.4,h=4.0,n=30,start_thres=1.25",hub,0.25,30,1,40,1730,10,1,30,1729,0.25,0.0005780346820809,0.9090909090909092,0.0909090909090909,0.1770777309482747
ni_tfnbs,"e=1.4,h=5.0,n=30,start_thres=1.25",hub,0.25,30,1,40,1730,9,0,31,1730,0.225,0.0,1.0,0.0,0.1770777309482747
ni_tfnbs,"e=1.4,h=6.0,n=30,start_thres=1.25",hub,0.25,30,1,40,1730,7,0,33,1730,0.175,0.0,1.0,0.0,0.1770777309482747
ni_tfnbs,"e=1.4,h=7.0,n=30,start_thres=1.25",hub,0.25,30,1,40,1730,4,0,36,1730,0.1,0.0,1.0,0.0,0.1770777309482747
ni_tfnbs,"e=1.4,h=8.0,n=30,start_thres=1.25",hub,0.25,30,1,40,1730,4,0,36,1730,0.1,0.0,1.0,0.0,0.1770777309482747
ni_tfnbs,"e=1.4,h=9.0,n=30,start_thres=1.25",hub,0.25,30,1,40,1730,3,0,37,1730,0.075,0.0,1.0,0.0,0.1770777309482747
ni_tfnbs,"e=1.4,h=10.0,n=30,start_thres=1.25",hub,0.25,30,1,40,1730,3,0,37,1730,0.075,0.0,1.0,0.0,0.1770777309482747
ni_tfnbs,"e=1.5,h=0.5,n=30,start_thres=1.25",hub,0.25,30,1,40,1730,1,0,39,1730,0.025,0.0,1.0,0.0,0.1770777309482747
ni_tfnbs,"e=1.5,h=1.0,n=30,start_thres=1.25",hub,0.25,30,1,40,1730,3,0,37,1730,0.075,0.0,1.0,0.0,0.1770777309482747
ni_tfnbs,"e=1.5,h=2.0,n=30,start_thres=1.25",hub,0.25,30,1,40,1730,7,0,33,1730,0.175,0.0,1.0,0.0,0.1770777309482747
ni_tfnbs,"e=1.5,h=3.0,n=30,start_thres=1.25",hub,0.25,30,1,40,1730,10,1,30,1729,0.25,0.0005780346820809,0.9090909090909092,0.0909090909090909,0.1770777309482747
ni_tfnbs,"e=1.5,h=4.0,n=30,start_thres=1.25",hub,0.25,30,1,40,1730,10,1,30,1729,0.25,0.0005780346820809,0.9090909090909092,0.0909090909090909,0.1770777309482747
ni_tfnbs,"e=1.5,h=5.0,n=30,start_thres=1.25",hub,0.25,30,1,40,1730,10,1,30,1729,0.25,0.0005780346820809,0.9090909090909092,0.0909090909090909,0.1770777309482747
ni_tfnbs,"e=1.5,h=6.0,n=30,start_thres=1.25",hub,0.25,30,1,40,1730,9,0,31,1730,0.225,0.0,1.0,0.0,0.1770777309482747
ni_tfnbs,"e=1.5,h=7.0,n=30,start_thres=1.25",hub,0.25,30,1,40,1730,4,0,36,1730,0.1,0.0,1.0,0.0,0.1770777309482747
ni_tfnbs,"e=1.5,h=8.0,n=30,start_thres=1.25",hub,0.25,30,1,40,1730,4,0,36,1730,0.1,0.0,1.0,0.0,0.1770777309482747
ni_tfnbs,"e=1.5,h=9.0,n=30,start_thres=1.25",hub,0.25,30,1,40,1730,4,0,36,1730,0.1,0.0,1.0,0.0,0.1770777309482747
ni_tfnbs,"e=1.5,h=10.0,n=30,start_thres=1.25",hub,0.25,30,1,40,1730,3,0,37,1730,0.075,0.0,1.0,0.0,0.1770777309482747
ni_tfnbs,"e=0.05,h=0.5,n=30,start_thres=1.25",hub,0.25,30,2,40,1730,4,2,36,1728,0.1,0.0011560693641618,0.6666666666666666,0.3333333333333333,0.1757510521195151
ni_tfnbs,"e=0.05,h=1.0,n=30,start_thres=1.25",hub,0.25,30,2,40,1730,4,2,36,1728,0.1,0.0011560693641618,0.6666666666666666,0.3333333333333333,0.1757510521195151
ni_tfnbs,"e=0.05,h=2.0,n=30,start_thres=1.25",hub,0.25,30,2,40,1730,4,2,36,1728,0.1,0.0011560693641618,0.6666666666666666,0.3333333333333333,0.1757510521195151
ni_tfnbs,"e=0.05,h=3.0,n=30,start_thres=1.25",hub,0.25,30,2,40,1730,4,2,36,1728,0.1,0.0011560693641618,0.6666666666666666,0.3333333333333333,0.1757510521195151
ni_tfnbs,"e=0.05,h=4.0,n=30,start_thres=1.25",hub,0.25,30,2,40,1730,4,1,36,1729,0.1,0.0005780346820809,0.8,0.2,0.1757510521195151
ni_tfnbs,"e=0.05,h=5.0,n=30,start_thres=1.25",hub,0.25,30,2,40,1730,4,1,36,1729,0.1,0.0005780346820809,0.8,0.2,0.1757510521195151
ni_tfnbs,"e=0.05,h=6.0,n=30,start_thres=1.25",hub,0.25,30,2,40,1730,3,1,37,1729,0.075,0.0005780346820809,0.75,0.25,0.1757510521195151
ni_tfnbs,"e=0.05,h=7.0,n=30,start_thres=1.25",hub,0.25,30,2,40,1730,3,1,37,1729,0.075,0.0005780346820809,0.75,0.25,0.1757510521195151
ni_tfnbs,"e=0.05,h=8.0,n=30,start_thres=1.25",hub,0.25,30,2,40,1730,3,1,37,1729,0.075,0.0005780346820809,0.75,0.25,0.1757510521195151
ni_tfnbs,"e=0.05,h=9.0,n=30,start_thres=1.25",hub,0.25,30,2,40,1730,3,1,37,1729,0.075,0.0005780346820809,0.75,0.25,0.1757510521195151
ni_tfnbs,"e=0.05,h=10.0,n=30,start_thres=1.25",hub,0.25,30,2,40,1730,3,1,37,1729,0.075,0.0005780346820809,0.75,0.25,0.1757510521195151
ni_tfnbs,"e=0.1,h=0.5,n=30,start_thres=1.25",hub,0.25,30,2,40,1730,4,2,36,1728,0.1,0.0011560693641618,0.6666666666666666,0.3333333333333333,0.1757510521195151
ni_tfnbs,"e=0.1,h=1.0,n=30,start_thres=1.25",hub,0.25,30,2,40,1730,4,2,36,1728,0.1,0.0011560693641618,0.6666666666666666,0.3333333333333333,0.1757510521195151
ni_tfnbs,"e=0.1,h=2.0,n=30,start_thres=1.25",hub,0.25,30,2,40,1730,4,2,36,1728,0.1,0.0011560693641618,0.6666666666666666,0.3333333333333333,0.1757510521195151
ni_tfnbs,"e=0.1,h=3.0,n=30,start_thres=1.25",hub,0.25,30,2,40,1730,4,2,36,1728,0.1,0.0011560693641618,0.6666666666666666,0.3333333333333333,0.1757510521195151
ni_tfnbs,"e=0.1,h=4.0,n=30,start_thres=1.25",hub,0.25,30,2,40,1730,4,2,36,1728,0.1,0.0011560693641618,0.6666666666666666,0.3333333333333333,0.1757510521195151
ni_tfnbs,"e=0.1,h=5.0,n=30,start_thres=1.25",hub,0.25,30,2,40,1730,4,2,36,1728,0.1,0.0011560693641618,0.6666666666666666,0.3333333333333333,0.1757510521195151
ni_tfnbs,"e=0.1,h=6.0,n=30,start_thres=1.25",hub,0.25,30,2,40,1730,4,2,36,1728,0.1,0.0011560693641618,0.6666666666666666,0.3333333333333333,0.1757510521195151
ni_tfnbs,"e=0.1,h=7.0,n=30,start_thres=1.25",hub,0.25,30,2,40,1730,4,1,36,1729,0.1,0.0005780346820809,0.8,0.2,0.1757510521195151
ni_tfnbs,"e=0.1,h=8.0,n=30,start_thres=1.25",hub,0.25,30,2,40,1730,4,1,36,1729,0.1,0.0005780346820809,0.8,0.2,0.1757510521195151
ni_tfnbs,"e=0.1,h=9.0,n=30,start_thres=1.25",hub,0.25,30,2,40,1730,4,1,36,1729,0.1,0.0005780346820809,0.8,0.2,0.1757510521195151
ni_tfnbs,"e=0.1,h=10.0,n=30,start_thres=1.25",hub,0.25,30,2,40,1730,4,1,36,1729,0.1,0.0005780346820809,0.8,0.2,0.1757510521195151
ni_tfnbs,"e=0.2,h=0.5,n=30,start_thres=1.25",hub,0.25,30,2,40,1730,4,2,36,1728,0.1,0.0011560693641618,0.6666666666666666,0.3333333333333333,0.1757510521195151
ni_tfnbs,"e=0.2,h=1.0,n=30,start_thres=1.25",hub,0.25,30,2,40,1730,4,2,36,1728,0.1,0.0011560693641618,0.6666666666666666,0.3333333333333333,0.1757510521195151
ni_tfnbs,"e=0.2,h=2.0,n=30,start_thres=1.25",hub,0.25,30,2,40,1730,4,2,36,1728,0.1,0.0011560693641618,0.6666666666666666,0.3333333333333333,0.1757510521195151
ni_tfnbs,"e=0.2,h=3.0,n=30,start_thres=1.25",hub,0.25,30,2,40,1730,4,2,36,1728,0.1,0.0011560693641618,0.6666666666666666,0.3333333333333333,0.1757510521195151
ni_tfnbs,"e=0.2,h=4.0,n=30,start_thres=1.25",hub,0.25,30,2,40,1730,4,2,36,1728,0.1,0.0011560693641618,0.6666666666666666,0.3333333333333333,0.1757510521195151
ni_tfnbs,"e=0.2,h=5.0,n=30,start_thres=1.25",hub,0.25,30,2,40,1730,4,2,36,1728,0.1,0.0011560693641618,0.6666666666666666,0.3333333333333333,0.1757510521195151
ni_tfnbs,"e=0.2,h=6.0,n=30,start_thres=1.25",hub,0.25,30,2,40,1730,4,2,36,1728,0.1,0.0011560693641618,0.6666666666666666,0.3333333333333333,0.1757510521195151
ni_tfnbs,"e=0.2,h=7.0,n=30,start_thres=1.25",hub,0.25,30,2,40,1730,4,2,36,1728,0.1,0.0011560693641618,0.6666666666666666,0.3333333333333333,0.1757510521195151
ni_tfnbs,"e=0.2,h=8.0,n=30,start_thres=1.25",hub,0.25,30,2,40,1730,4,2,36,1728,0.1,0.0011560693641618,0.6666666666666666,0.3333333333333333,0.1757510521195151
ni_tfnbs,"e=0.2,h=9.0,n=30,start_thres=1.25",hub,0.25,30,2,40,1730,4,2,36,1728,0.1,0.0011560693641618,0.6666666666666666,0.3333333333333333,0.1757510521195151
ni_tfnbs,"e=0.2,h=10.0,n=30,start_thres=1.25",hub,0.25,30,2,40,1730,4,2,36,1728,0.1,0.0011560693641618,0.6666666666666666,0.3333333333333333,0.1757510521195151
ni_tfnbs,"e=0.3,h=0.5,n=30,start_thres=1.25",hub,0.25,30,2,40,1730,5,3,35,1727,0.125,0.0017341040462427,0.625,0.375,0.1757510521195151
ni_tfnbs,"e=0.3,h=1.0,n=30,start_thres=1.25",hub,0.25,30,2,40,1730,5,3,35,1727,0.125,0.0017341040462427,0.625,0.375,0.1757510521195151
ni_tfnbs,"e=0.3,h=2.0,n=30,start_thres=1.25",hub,0.25,30,2,40,1730,4,2,36,1728,0.1,0.0011560693641618,0.6666666666666666,0.3333333333333333,0.1757510521195151
ni_tfnbs,"e=0.3,h=3.0,n=30,start_thres=1.25",hub,0.25,30,2,40,1730,4,2,36,1728,0.1,0.0011560693641618,0.6666666666666666,0.3333333333333333,0.1757510521195151
ni_tfnbs,"e=0.3,h=4.0,n=30,start_thres=1.25",hub,0.25,30,2,40,1730,4,2,36,1728,0.1,0.0011560693641618,0.6666666666666666,0.3333333333333333,0.1757510521195151
ni_tfnbs,"e=0.3,h=5.0,n=30,start_thres=1.25",hub,0.25,30,2,40,1730,4,2,36,1728,0.1,0.0011560693641618,0.6666666666666666,0.3333333333333333,0.1757510521195151
ni_tfnbs,"e=0.3,h=6.0,n=30,start_thres=1.25",hub,0.25,30,2,40,1730,4,2,36,1728,0.1,0.0011560693641618,0.6666666666666666,0.3333333333333333,0.1757510521195151
ni_tfnbs,"e=0.3,h=7.0,n=30,start_thres=1.25",hub,0.25,30,2,40,1730,4,2,36,1728,0.1,0.0011560693641618,0.6666666666666666,0.3333333333333333,0.1757510521195151
ni_tfnbs,"e=0.3,h=8.0,n=30,start_thres=1.25",hub,0.25,30,2,40,1730,4,2,36,1728,0.1,0.0011560693641618,0.6666666666666666,0.3333333333333333,0.1757510521195151
ni_tfnbs,"e=0.3,h=9.0,n=30,start_thres=1.25",hub,0.25,30,2,40,1730,4,2,36,1728,0.1,0.0011560693641618,0.6666666666666666,0.3333333333333333,0.1757510521195151
ni_tfnbs,"e=0.3,h=10.0,n=30,start_thres=1.25",hub,0.25,30,2,40,1730,4,2,36,1728,0.1,0.0011560693641618,0.6666666666666666,0.3333333333333333,0.1757510521195151
ni_tfnbs,"e=0.4,h=0.5,n=30,start_thres=1.25",hub,0.25,30,2,40,1730,8,5,32,1725,0.2,0.0028901734104046,0.6153846153846154,0.3846153846153846,0.1757510521195151
ni_tfnbs,"e=0.4,h=1.0,n=30,start_thres=1.25",hub,0.25,30,2,40,1730,6,4,34,1726,0.15,0.0023121387283236,0.6,0.4,0.1757510521195151
ni_tfnbs,"e=0.4,h=2.0,n=30,start_thres=1.25",hub,0.25,30,2,40,1730,6,3,34,1727,0.15,0.0017341040462427,0.6666666666666666,0.3333333333333333,0.1757510521195151
ni_tfnbs,"e=0.4,h=3.0,n=30,start_thres=1.25",hub,0.25,30,2,40,1730,5,2,35,1728,0.125,0.0011560693641618,0.7142857142857143,0.2857142857142857,0.1757510521195151
ni_tfnbs,"e=0.4,h=4.0,n=30,start_thres=1.25",hub,0.25,30,2,40,1730,4,2,36,1728,0.1,0.0011560693641618,0.6666666666666666,0.3333333333333333,0.1757510521195151
ni_tfnbs,"e=0.4,h=5.0,n=30,start_thres=1.25",hub,0.25,30,2,40,1730,4,2,36,1728,0.1,0.0011560693641618,0.6666666666666666,0.3333333333333333,0.1757510521195151
ni_tfnbs,"e=0.4,h=6.0,n=30,start_thres=1.25",hub,0.25,30,2,40,1730,4,2,36,1728,0.1,0.0011560693641618,0.6666666666666666,0.3333333333333333,0.1757510521195151
ni_tfnbs,"e=0.4,h=7.0,n=30,start_thres=1.25",hub,0.25,30,2,40,1730,4,2,36,1728,0.1,0.0011560693641618,0.6666666666666666,0.3333333333333333,0.1757510521195151
ni_tfnbs,"e=0.4,h=8.0,n=30,start_thres=1.25",hub,0.25,30,2,40,1730,4,2,36,1728,0.1,0.0011560693641618,0.6666666666666666,0.3333333333333333,0.1757510521195151
ni_tfnbs,"e=0.4,h=9.0,n=30,start_thres=1.25",hub,0.25,30,2,40,1730,4,2,36,1728,0.1,0.0011560693641618,0.6666666666666666,0.3333333333333333,0.1757510521195151
ni_tfnbs,"e=0.4,h=10.0,n=30,start_thres=1.25",hub,0.25,30,2,40,1730,4,2,36,1728,0.1,0.0011560693641618,0.6666666666666666,0.3333333333333333,0.1757510521195151
ni_tfnbs,"e=0.5,h=0.5,n=30,start_thres=1.25",hub,0.25,30,2,40,1730,11,7,29,1723,0.275,0.0040462427745664,0.6111111111111112,0.3888888888888889,0.1757510521195151
ni_tfnbs,"e=0.5,h=1.0,n=30,start_thres=1.25",hub,0.25,30,2,40,1730,11,7,29,1723,0.275,0.0040462427745664,0.6111111111111112,0.3888888888888889,0.1757510521195151
ni_tfnbs,"e=0.5,h=2.0,n=30,start_thres=1.25",hub,0.25,30,2,40,1730,8,5,32,1725,0.2,0.0028901734104046,0.6153846153846154,0.3846153846153846,0.1757510521195151
ni_tfnbs,"e=0.5,h=3.0,n=30,start_thres=1.25",hub,0.25,30,2,40,1730,6,3,34,1727,0.15,0.0017341040462427,0.6666666666666666,0.3333333333333333,0.1757510521195151
ni_tfnbs,"e=0.5,h=4.0,n=30,start_thres=1.25",hub,0.25,30,2,40,1730,5,2,35,1728,0.125,0.0011560693641618,0.7142857142857143,0.2857142857142857,0.1757510521195151
ni_tfnbs,"e=0.5,h=5.0,n=30,start_thres=1.25",hub,0.25,30,2,40,1730,4,2,36,1728,0.1,0.0011560693641618,0.6666666666666666,0.3333333333333333,0.1757510521195151
ni_tfnbs,"e=0.5,h=6.0,n=30,start_thres=1.25",hub,0.25,30,2,40,1730,4,2,36,1728,0.1,0.0011560693641618,0.6666666666666666,0.3333333333333333,0.1757510521195151
ni_tfnbs,"e=0.5,h=7.0,n=30,start_thres=1.25",hub,0.25,30,2,40,1730,4,2,36,1728,0.1,0.0011560693641618,0.6666666666666666,0.3333333333333333,0.1757510521195151
ni_tfnbs,"e=0.5,h=8.0,n=30,start_thres=1.25",hub,0.25,30,2,40,1730,4,2,36,1728,0.1,0.0011560693641618,0.6666666666666666,0.3333333333333333,0.1757510521195151
ni_tfnbs,"e=0.5,h=9.0,n=30,start_thres=1.25",hub,0.25,30,2,40,1730,4,2,36,1728,0.1,0.0011560693641618,0.6666666666666666,0.3333333333333333,0.1757510521195151
ni_tfnbs,"e=0.5,h=10.0,n=30,start_thres=1.25",hub,0.25,30,2,40,1730,4,2,36,1728,0.1,0.0011560693641618,0.6666666666666666,0.3333333333333333,0.1757510521195151
ni_tfnbs,"e=0.6,h=0.5,n=30,start_thres=1.25",hub,0.25,30,2,40,1730,12,9,28,1721,0.3,0.0052023121387283,0.5714285714285714,0.4285714285714285,0.1757510521195151
ni_tfnbs,"e=0.6,h=1.0,n=30,start_thres=1.25",hub,0.25,30,2,40,1730,13,8,27,1722,0.325,0.0046242774566473,0.6190476190476191,0.3809523809523809,0.1757510521195151
ni_tfnbs,"e=0.6,h=2.0,n=30,start_thres=1.25",hub,0.25,30,2,40,1730,11,7,29,1723,0.275,0.0040462427745664,0.6111111111111112,0.3888888888888889,0.1757510521195151
ni_tfnbs,"e=0.6,h=3.0,n=30,start_thres=1.25",hub,0.25,30,2,40,1730,11,5,29,1725,0.275,0.0028901734104046,0.6875,0.3125,0.1757510521195151
ni_tfnbs,"e=0.6,h=4.0,n=30,start_thres=1.25",hub,0.25,30,2,40,1730,6,3,34,1727,0.15,0.0017341040462427,0.6666666666666666,0.3333333333333333,0.1757510521195151
ni_tfnbs,"e=0.6,h=5.0,n=30,start_thres=1.25",hub,0.25,30,2,40,1730,6,2,34,1728,0.15,0.0011560693641618,0.75,0.25,0.1757510521195151
ni_tfnbs,"e=0.6,h=6.0,n=30,start_thres=1.25",hub,0.25,30,2,40,1730,4,2,36,1728,0.1,0.0011560693641618,0.6666666666666666,0.3333333333333333,0.1757510521195151
ni_tfnbs,"e=0.6,h=7.0,n=30,start_thres=1.25",hub,0.25,30,2,40,1730,4,2,36,1728,0.1,0.0011560693641618,0.6666666666666666,0.3333333333333333,0.1757510521195151
ni_tfnbs,"e=0.6,h=8.0,n=30,start_thres=1.25",hub,0.25,30,2,40,1730,4,2,36,1728,0.1,0.0011560693641618,0.6666666666666666,0.3333333333333333,0.1757510521195151
ni_tfnbs,"e=0.6,h=9.0,n=30,start_thres=1.25",hub,0.25,30,2,40,1730,4,2,36,1728,0.1,0.0011560693641618,0.6666666666666666,0.3333333333333333,0.1757510521195151
ni_tfnbs,"e=0.6,h=10.0,n=30,start_thres=1.25",hub,0.25,30,2,40,1730,4,2,36,1728,0.1,0.0011560693641618,0.6666666666666666,0.3333333333333333,0.1757510521195151
ni_tfnbs,"e=0.7,h=0.5,n=30,start_thres=1.25",hub,0.25,30,2,40,1730,13,10,27,1720,0.325,0.0057803468208092,0.5652173913043478,0.4347826086956521,0.1757510521195151
ni_tfnbs,"e=0.7,h=1.0,n=30,start_thres=1.25",hub,0.25,30,2,40,1730,14,9,26,1721,0.35,0.0052023121387283,0.6086956521739131,0.391304347826087,0.1757510521195151
ni_tfnbs,"e=0.7,h=2.0,n=30,start_thres=1.25",hub,0.25,30,2,40,1730,13,8,27,1722,0.325,0.0046242774566473,0.6190476190476191,0.3809523809523809,0.1757510521195151
ni_tfnbs,"e=0.7,h=3.0,n=30,start_thres=1.25",hub,0.25,30,2,40,1730,11,5,29,1725,0.275,0.0028901734104046,0.6875,0.3125,0.1757510521195151
ni_tfnbs,"e=0.7,h=4.0,n=30,start_thres=1.25",hub,0.25,30,2,40,1730,11,5,29,1725,0.275,0.0028901734104046,0.6875,0.3125,0.1757510521195151
ni_tfnbs,"e=0.7,h=5.0,n=30,start_thres=1.25",hub,0.25,30,2,40,1730,6,3,34,1727,0.15,0.0017341040462427,0.6666666666666666,0.3333333333333333,0.1757510521195151
ni_tfnbs,"e=0.7,h=6.0,n=30,start_thres=1.25",hub,0.25,30,2,40,1730,6,2,34,1728,0.15,0.0011560693641618,0.75,0.25,0.1757510521195151
ni_tfnbs,"e=0.7,h=7.0,n=30,start_thres=1.25",hub,0.25,30,2,40,1730,5,2,35,1728,0.125,0.0011560693641618,0.7142857142857143,0.2857142857142857,0.1757510521195151
ni_tfnbs,"e=0.7,h=8.0,n=30,start_thres=1.25",hub,0.25,30,2,40,1730,4,2,36,1728,0.1,0.0011560693641618,0.6666666666666666,0.3333333333333333,0.1757510521195151
ni_tfnbs,"e=0.7,h=9.0,n=30,start_thres=1.25",hub,0.25,30,2,40,1730,4,2,36,1728,0.1,0.0011560693641618,0.6666666666666666,0.3333333333333333,0.1757510521195151
ni_tfnbs,"e=0.7,h=10.0,n=30,start_thres=1.25",hub,0.25,30,2,40,1730,4,2,36,1728,0.1,0.0011560693641618,0.6666666666666666,0.3333333333333333,0.1757510521195151
ni_tfnbs,"e=0.8,h=0.5,n=30,start_thres=1.25",hub,0.25,30,2,40,1730,12,10,28,1720,0.3,0.0057803468208092,0.5454545454545454,0.4545454545454545,0.1757510521195151
ni_tfnbs,"e=0.8,h=1.0,n=30,start_thres=1.25",hub,0.25,30,2,40,1730,14,10,26,1720,0.35,0.0057803468208092,0.5833333333333334,0.4166666666666667,0.1757510521195151
ni_tfnbs,"e=0.8,h=2.0,n=30,start_thres=1.25",hub,0.25,30,2,40,1730,14,9,26,1721,0.35,0.0052023121387283,0.6086956521739131,0.391304347826087,0.1757510521195151
ni_tfnbs,"e=0.8,h=3.0,n=30,start_thres=1.25",hub,0.25,30,2,40,1730,13,8,27,1722,0.325,0.0046242774566473,0.6190476190476191,0.3809523809523809,0.1757510521195151
ni_tfnbs,"e=0.8,h=4.0,n=30,start_thres=1.25",hub,0.25,30,2,40,1730,12,5,28,1725,0.3,0.0028901734104046,0.7058823529411765,0.2941176470588235,0.1757510521195151
ni_tfnbs,"e=0.8,h=5.0,n=30,start_thres=1.25",hub,0.25,30,2,40,1730,11,5,29,1725,0.275,0.0028901734104046,0.6875,0.3125,0.1757510521195151
ni_tfnbs,"e=0.8,h=6.0,n=30,start_thres=1.25",hub,0.25,30,2,40,1730,6,3,34,1727,0.15,0.0017341040462427,0.6666666666666666,0.3333333333333333,0.1757510521195151
ni_tfnbs,"e=0.8,h=7.0,n=30,start_thres=1.25",hub,0.25,30,2,40,1730,6,2,34,1728,0.15,0.0011560693641618,0.75,0.25,0.1757510521195151
ni_tfnbs,"e=0.8,h=8.0,n=30,start_thres=1.25",hub,0.25,30,2,40,1730,5,2,35,1728,0.125,0.0011560693641618,0.7142857142857143,0.2857142857142857,0.1757510521195151
ni_tfnbs,"e=0.8,h=9.0,n=30,start_thres=1.25",hub,0.25,30,2,40,1730,4,2,36,1728,0.1,0.0011560693641618,0.6666666666666666,0.3333333333333333,0.1757510521195151
ni_tfnbs,"e=0.8,h=10.0,n=30,start_thres=1.25",hub,0.25,30,2,40,1730,4,2,36,1728,0.1,0.0011560693641618,0.6666666666666666,0.3333333333333333,0.1757510521195151
ni_tfnbs,"e=0.9,h=0.5,n=30,start_thres=1.25",hub,0.25,30,2,40,1730,12,15,28,1715,0.3,0.0086705202312138,0.4444444444444444,0.5555555555555556,0.1757510521195151
ni_tfnbs,"e=0.9,h=1.0,n=30,start_thres=1.25",hub,0.25,30,2,40,1730,14,10,26,1720,0.35,0.0057803468208092,0.5833333333333334,0.4166666666666667,0.1757510521195151
ni_tfnbs,"e=0.9,h=2.0,n=30,start_thres=1.25",hub,0.25,30,2,40,1730,14,10,26,1720,0.35,0.0057803468208092,0.5833333333333334,0.4166666666666667,0.1757510521195151
ni_tfnbs,"e=0.9,h=3.0,n=30,start_thres=1.25",hub,0.25,30,2,40,1730,14,9,26,1721,0.35,0.0052023121387283,0.6086956521739131,0.391304347826087,0.1757510521195151
ni_tfnbs,"e=0.9,h=4.0,n=30,start_thres=1.25",hub,0.25,30,2,40,1730,13,7,27,1723,0.325,0.0040462427745664,0.65,0.35,0.1757510521195151
ni_tfnbs,"e=0.9,h=5.0,n=30,start_thres=1.25",hub,0.25,30,2,40,1730,12,5,28,1725,0.3,0.0028901734104046,0.7058823529411765,0.2941176470588235,0.1757510521195151
ni_tfnbs,"e=0.9,h=6.0,n=30,start_thres=1.25",hub,0.25,30,2,40,1730,11,5,29,1725,0.275,0.0028901734104046,0.6875,0.3125,0.1757510521195151
ni_tfnbs,"e=0.9,h=7.0,n=30,start_thres=1.25",hub,0.25,30,2,40,1730,6,2,34,1728,0.15,0.0011560693641618,0.75,0.25,0.1757510521195151
ni_tfnbs,"e=0.9,h=8.0,n=30,start_thres=1.25",hub,0.25,30,2,40,1730,6,2,34,1728,0.15,0.0011560693641618,0.75,0.25,0.1757510521195151
ni_tfnbs,"e=0.9,h=9.0,n=30,start_thres=1.25",hub,0.25,30,2,40,1730,5,2,35,1728,0.125,0.0011560693641618,0.7142857142857143,0.2857142857142857,0.1757510521195151
ni_tfnbs,"e=0.9,h=10.0,n=30,start_thres=1.25",hub,0.25,30,2,40,1730,4,2,36,1728,0.1,0.0011560693641618,0.6666666666666666,0.3333333333333333,0.1757510521195151
ni_tfnbs,"e=1.0,h=0.5,n=30,start_thres=1.25",hub,0.25,30,2,40,1730,12,16,28,1714,0.3,0.0092485549132947,0.4285714285714285,0.5714285714285714,0.1757510521195151
ni_tfnbs,"e=1.0,h=1.0,n=30,start_thres=1.25",hub,0.25,30,2,40,1730,13,15,27,1715,0.325,0.0086705202312138,0.4642857142857143,0.5357142857142857,0.1757510521195151
ni_tfnbs,"e=1.0,h=2.0,n=30,start_thres=1.25",hub,0.25,30,2,40,1730,15,10,25,1720,0.375,0.0057803468208092,0.6,0.4,0.1757510521195151
ni_tfnbs,"e=1.0,h=3.0,n=30,start_thres=1.25",hub,0.25,30,2,40,1730,14,10,26,1720,0.35,0.0057803468208092,0.5833333333333334,0.4166666666666667,0.1757510521195151
ni_tfnbs,"e=1.0,h=4.0,n=30,start_thres=1.25",hub,0.25,30,2,40,1730,13,8,27,1722,0.325,0.0046242774566473,0.6190476190476191,0.3809523809523809,0.1757510521195151
ni_tfnbs,"e=1.0,h=5.0,n=30,start_thres=1.25",hub,0.25,30,2,40,1730,13,7,27,1723,0.325,0.0040462427745664,0.65,0.35,0.1757510521195151
ni_tfnbs,"e=1.0,h=6.0,n=30,start_thres=1.25",hub,0.25,30,2,40,1730,12,5,28,1725,0.3,0.0028901734104046,0.7058823529411765,0.2941176470588235,0.1757510521195151
ni_tfnbs,"e=1.0,h=7.0,n=30,start_thres=1.25",hub,0.25,30,2,40,1730,11,4,29,1726,0.275,0.0023121387283236,0.7333333333333333,0.2666666666666666,0.1757510521195151
ni_tfnbs,"e=1.0,h=8.0,n=30,start_thres=1.25",hub,0.25,30,2,40,1730,6,2,34,1728,0.15,0.0011560693641618,0.75,0.25,0.1757510521195151
ni_tfnbs,"e=1.0,h=9.0,n=30,start_thres=1.25",hub,0.25,30,2,40,1730,6,2,34,1728,0.15,0.0011560693641618,0.75,0.25,0.1757510521195151
ni_tfnbs,"e=1.0,h=10.0,n=30,start_thres=1.25",hub,0.25,30,2,40,1730,5,2,35,1728,0.125,0.0011560693641618,0.7142857142857143,0.2857142857142857,0.1757510521195151
ni_tfnbs,"e=1.1,h=0.5,n=30,start_thres=1.25",hub,0.25,30,2,40,1730,13,16,27,1714,0.325,0.0092485549132947,0.4482758620689655,0.5517241379310345,0.1757510521195151
ni_tfnbs,"e=1.1,h=1.0,n=30,start_thres=1.25",hub,0.25,30,2,40,1730,13,16,27,1714,0.325,0.0092485549132947,0.4482758620689655,0.5517241379310345,0.1757510521195151
ni_tfnbs,"e=1.1,h=2.0,n=30,start_thres=1.25",hub,0.25,30,2,40,1730,15,15,25,1715,0.375,0.0086705202312138,0.5,0.5,0.1757510521195151
ni_tfnbs,"e=1.1,h=3.0,n=30,start_thres=1.25",hub,0.25,30,2,40,1730,15,10,25,1720,0.375,0.0057803468208092,0.6,0.4,0.1757510521195151
ni_tfnbs,"e=1.1,h=4.0,n=30,start_thres=1.25",hub,0.25,30,2,40,1730,14,9,26,1721,0.35,0.0052023121387283,0.6086956521739131,0.391304347826087,0.1757510521195151
ni_tfnbs,"e=1.1,h=5.0,n=30,start_thres=1.25",hub,0.25,30,2,40,1730,13,8,27,1722,0.325,0.0046242774566473,0.6190476190476191,0.3809523809523809,0.1757510521195151
ni_tfnbs,"e=1.1,h=6.0,n=30,start_thres=1.25",hub,0.25,30,2,40,1730,13,7,27,1723,0.325,0.0040462427745664,0.65,0.35,0.1757510521195151
ni_tfnbs,"e=1.1,h=7.0,n=30,start_thres=1.25",hub,0.25,30,2,40,1730,12,5,28,1725,0.3,0.0028901734104046,0.7058823529411765,0.2941176470588235,0.1757510521195151
ni_tfnbs,"e=1.1,h=8.0,n=30,start_thres=1.25",hub,0.25,30,2,40,1730,11,4,29,1726,0.275,0.0023121387283236,0.7333333333333333,0.2666666666666666,0.1757510521195151
ni_tfnbs,"e=1.1,h=9.0,n=30,start_thres=1.25",hub,0.25,30,2,40,1730,6,2,34,1728,0.15,0.0011560693641618,0.75,0.25,0.1757510521195151
ni_tfnbs,"e=1.1,h=10.0,n=30,start_thres=1.25",hub,0.25,30,2,40,1730,6,2,34,1728,0.15,0.0011560693641618,0.75,0.25,0.1757510521195151
ni_tfnbs,"e=1.2,h=0.5,n=30,start_thres=1.25",hub,0.25,30,2,40,1730,12,18,28,1712,0.3,0.0104046242774566,0.4,0.6,0.1757510521195151
ni_tfnbs,"e=1.2,h=1.0,n=30,start_thres=1.25",hub,0.25,30,2,40,1730,13,18,27,1712,0.325,0.0104046242774566,0.4193548387096774,0.5806451612903226,0.1757510521195151
ni_tfnbs,"e=1.2,h=2.0,n=30,start_thres=1.25",hub,0.25,30,2,40,1730,15,16,25,1714,0.375,0.0092485549132947,0.4838709677419355,0.5161290322580645,0.1757510521195151
ni_tfnbs,"e=1.2,h=3.0,n=30,start_thres=1.25",hub,0.25,30,2,40,1730,16,15,24,1715,0.4,0.0086705202312138,0.5161290322580645,0.4838709677419355,0.1757510521195151
ni_tfnbs,"e=1.2,h=4.0,n=30,start_thres=1.25",hub,0.25,30,2,40,1730,15,10,25,1720,0.375,0.0057803468208092,0.6,0.4,0.1757510521195151
ni_tfnbs,"e=1.2,h=5.0,n=30,start_thres=1.25",hub,0.25,30,2,40,1730,15,9,25,1721,0.375,0.0052023121387283,0.625,0.375,0.1757510521195151
ni_tfnbs,"e=1.2,h=6.0,n=30,start_thres=1.25",hub,0.25,30,2,40,1730,13,7,27,1723,0.325,0.0040462427745664,0.65,0.35,0.1757510521195151
ni_tfnbs,"e=1.2,h=7.0,n=30,start_thres=1.25",hub,0.25,30,2,40,1730,13,5,27,1725,0.325,0.0028901734104046,0.7222222222222222,0.2777777777777778,0.1757510521195151
ni_tfnbs,"e=1.2,h=8.0,n=30,start_thres=1.25",hub,0.25,30,2,40,1730,12,5,28,1725,0.3,0.0028901734104046,0.7058823529411765,0.2941176470588235,0.1757510521195151
ni_tfnbs,"e=1.2,h=9.0,n=30,start_thres=1.25",hub,0.25,30,2,40,1730,11,3,29,1727,0.275,0.0017341040462427,0.7857142857142857,0.2142857142857142,0.1757510521195151
ni_tfnbs,"e=1.2,h=10.0,n=30,start_thres=1.25",hub,0.25,30,2,40,1730,6,2,34,1728,0.15,0.0011560693641618,0.75,0.25,0.1757510521195151
ni_tfnbs,"e=1.3,h=0.5,n=30,start_thres=1.25",hub,0.25,30,2,40,1730,11,21,29,1709,0.275,0.0121387283236994,0.34375,0.65625,0.1757510521195151
ni_tfnbs,"e=1.3,h=1.0,n=30,start_thres=1.25",hub,0.25,30,2,40,1730,13,18,27,1712,0.325,0.0104046242774566,0.4193548387096774,0.5806451612903226,0.1757510521195151
ni_tfnbs,"e=1.3,h=2.0,n=30,start_thres=1.25",hub,0.25,30,2,40,1730,13,16,27,1714,0.325,0.0092485549132947,0.4482758620689655,0.5517241379310345,0.1757510521195151
ni_tfnbs,"e=1.3,h=3.0,n=30,start_thres=1.25",hub,0.25,30,2,40,1730,16,15,24,1715,0.4,0.0086705202312138,0.5161290322580645,0.4838709677419355,0.1757510521195151
ni_tfnbs,"e=1.3,h=4.0,n=30,start_thres=1.25",hub,0.25,30,2,40,1730,15,10,25,1720,0.375,0.0057803468208092,0.6,0.4,0.1757510521195151
ni_tfnbs,"e=1.3,h=5.0,n=30,start_thres=1.25",hub,0.25,30,2,40,1730,16,10,24,1720,0.4,0.0057803468208092,0.6153846153846154,0.3846153846153846,0.1757510521195151
ni_tfnbs,"e=1.3,h=6.0,n=30,start_thres=1.25",hub,0.25,30,2,40,1730,14,8,26,1722,0.35,0.0046242774566473,0.6363636363636364,0.3636363636363636,0.1757510521195151
ni_tfnbs,"e=1.3,h=7.0,n=30,start_thres=1.25",hub,0.25,30,2,40,1730,13,7,27,1723,0.325,0.0040462427745664,0.65,0.35,0.1757510521195151
ni_tfnbs,"e=1.3,h=8.0,n=30,start_thres=1.25",hub,0.25,30,2,40,1730,12,5,28,1725,0.3,0.0028901734104046,0.7058823529411765,0.2941176470588235,0.1757510521195151
ni_tfnbs,"e=1.3,h=9.0,n=30,start_thres=1.25",hub,0.25,30,2,40,1730,12,4,28,1726,0.3,0.0023121387283236,0.75,0.25,0.1757510521195151
ni_tfnbs,"e=1.3,h=10.0,n=30,start_thres=1.25",hub,0.25,30,2,40,1730,11,3,29,1727,0.275,0.0017341040462427,0.7857142857142857,0.2142857142857142,0.1757510521195151
ni_tfnbs,"e=1.4,h=0.5,n=30,start_thres=1.25",hub,0.25,30,2,40,1730,9,21,31,1709,0.225,0.0121387283236994,0.3,0.7,0.1757510521195151
ni_tfnbs,"e=1.4,h=1.0,n=30,start_thres=1.25",hub,0.25,30,2,40,1730,12,21,28,1709,0.3,0.0121387283236994,0.3636363636363636,0.6363636363636364,0.1757510521195151
ni_tfnbs,"e=1.4,h=2.0,n=30,start_thres=1.25",hub,0.25,30,2,40,1730,13,18,27,1712,0.325,0.0104046242774566,0.4193548387096774,0.5806451612903226,0.1757510521195151
ni_tfnbs,"e=1.4,h=3.0,n=30,start_thres=1.25",hub,0.25,30,2,40,1730,17,16,23,1714,0.425,0.0092485549132947,0.5151515151515151,0.4848484848484848,0.1757510521195151
ni_tfnbs,"e=1.4,h=4.0,n=30,start_thres=1.25",hub,0.25,30,2,40,1730,16,15,24,1715,0.4,0.0086705202312138,0.5161290322580645,0.4838709677419355,0.1757510521195151
ni_tfnbs,"e=1.4,h=5.0,n=30,start_thres=1.25",hub,0.25,30,2,40,1730,17,10,23,1720,0.425,0.0057803468208092,0.6296296296296297,0.3703703703703703,0.1757510521195151
ni_tfnbs,"e=1.4,h=6.0,n=30,start_thres=1.25",hub,0.25,30,2,40,1730,15,9,25,1721,0.375,0.0052023121387283,0.625,0.375,0.1757510521195151
ni_tfnbs,"e=1.4,h=7.0,n=30,start_thres=1.25",hub,0.25,30,2,40,1730,14,8,26,1722,0.35,0.0046242774566473,0.6363636363636364,0.3636363636363636,0.1757510521195151
ni_tfnbs,"e=1.4,h=8.0,n=30,start_thres=1.25",hub,0.25,30,2,40,1730,13,5,27,1725,0.325,0.0028901734104046,0.7222222222222222,0.2777777777777778,0.1757510521195151
ni_tfnbs,"e=1.4,h=9.0,n=30,start_thres=1.25",hub,0.25,30,2,40,1730,12,5,28,1725,0.3,0.0028901734104046,0.7058823529411765,0.2941176470588235,0.1757510521195151
ni_tfnbs,"e=1.4,h=10.0,n=30,start_thres=1.25",hub,0.25,30,2,40,1730,11,4,29,1726,0.275,0.0023121387283236,0.7333333333333333,0.2666666666666666,0.1757510521195151
ni_tfnbs,"e=1.5,h=0.5,n=30,start_thres=1.25",hub,0.25,30,2,40,1730,6,29,34,1701,0.15,0.0167630057803468,0.1714285714285714,0.8285714285714286,0.1757510521195151
ni_tfnbs,"e=1.5,h=1.0,n=30,start_thres=1.25",hub,0.25,30,2,40,1730,12,21,28,1709,0.3,0.0121387283236994,0.3636363636363636,0.6363636363636364,0.1757510521195151
ni_tfnbs,"e=1.5,h=2.0,n=30,start_thres=1.25",hub,0.25,30,2,40,1730,14,21,26,1709,0.35,0.0121387283236994,0.4,0.6,0.1757510521195151
ni_tfnbs,"e=1.5,h=3.0,n=30,start_thres=1.25",hub,0.25,30,2,40,1730,16,18,24,1712,0.4,0.0104046242774566,0.4705882352941176,0.5294117647058824,0.1757510521195151
ni_tfnbs,"e=1.5,h=4.0,n=30,start_thres=1.25",hub,0.25,30,2,40,1730,17,16,23,1714,0.425,0.0092485549132947,0.5151515151515151,0.4848484848484848,0.1757510521195151
ni_tfnbs,"e=1.5,h=5.0,n=30,start_thres=1.25",hub,0.25,30,2,40,1730,17,10,23,1720,0.425,0.0057803468208092,0.6296296296296297,0.3703703703703703,0.1757510521195151
ni_tfnbs,"e=1.5,h=6.0,n=30,start_thres=1.25",hub,0.25,30,2,40,1730,16,10,24,1720,0.4,0.0057803468208092,0.6153846153846154,0.3846153846153846,0.1757510521195151
ni_tfnbs,"e=1.5,h=7.0,n=30,start_thres=1.25",hub,0.25,30,2,40,1730,14,8,26,1722,0.35,0.0046242774566473,0.6363636363636364,0.3636363636363636,0.1757510521195151
ni_tfnbs,"e=1.5,h=8.0,n=30,start_thres=1.25",hub,0.25,30,2,40,1730,14,7,26,1723,0.35,0.0040462427745664,0.6666666666666666,0.3333333333333333,0.1757510521195151
ni_tfnbs,"e=1.5,h=9.0,n=30,start_thres=1.25",hub,0.25,30,2,40,1730,13,5,27,1725,0.325,0.0028901734104046,0.7222222222222222,0.2777777777777778,0.1757510521195151
ni_tfnbs,"e=1.5,h=10.0,n=30,start_thres=1.25",hub,0.25,30,2,40,1730,12,4,28,1726,0.3,0.0023121387283236,0.75,0.25,0.1757510521195151
ni_tfnbs,"e=0.05,h=0.5,n=30,start_thres=1.25",hub,0.25,30,3,40,1730,2,0,38,1730,0.05,0.0,1.0,0.0,0.1798958141695369
ni_tfnbs,"e=0.05,h=1.0,n=30,start_thres=1.25",hub,0.25,30,3,40,1730,2,0,38,1730,0.05,0.0,1.0,0.0,0.1798958141695369
ni_tfnbs,"e=0.05,h=2.0,n=30,start_thres=1.25",hub,0.25,30,3,40,1730,2,0,38,1730,0.05,0.0,1.0,0.0,0.1798958141695369
ni_tfnbs,"e=0.05,h=3.0,n=30,start_thres=1.25",hub,0.25,30,3,40,1730,1,0,39,1730,0.025,0.0,1.0,0.0,0.1798958141695369
ni_tfnbs,"e=0.05,h=4.0,n=30,start_thres=1.25",hub,0.25,30,3,40,1730,1,0,39,1730,0.025,0.0,1.0,0.0,0.1798958141695369
ni_tfnbs,"e=0.05,h=5.0,n=30,start_thres=1.25",hub,0.25,30,3,40,1730,1,0,39,1730,0.025,0.0,1.0,0.0,0.1798958141695369
ni_tfnbs,"e=0.05,h=6.0,n=30,start_thres=1.25",hub,0.25,30,3,40,1730,1,0,39,1730,0.025,0.0,1.0,0.0,0.1798958141695369
ni_tfnbs,"e=0.05,h=7.0,n=30,start_thres=1.25",hub,0.25,30,3,40,1730,1,0,39,1730,0.025,0.0,1.0,0.0,0.1798958141695369
ni_tfnbs,"e=0.05,h=8.0,n=30,start_thres=1.25",hub,0.25,30,3,40,1730,1,0,39,1730,0.025,0.0,1.0,0.0,0.1798958141695369
ni_tfnbs,"e=0.05,h=9.0,n=30,start_thres=1.25",hub,0.25,30,3,40,1730,1,0,39,1730,0.025,0.0,1.0,0.0,0.1798958141695369
ni_tfnbs,"e=0.05,h=10.0,n=30,start_thres=1.25",hub,0.25,30,3,40,1730,1,0,39,1730,0.025,0.0,1.0,0.0,0.1798958141695369
ni_tfnbs,"e=0.1,h=0.5,n=30,start_thres=1.25",hub,0.25,30,3,40,1730,3,0,37,1730,0.075,0.0,1.0,0.0,0.1798958141695369
ni_tfnbs,"e=0.1,h=1.0,n=30,start_thres=1.25",hub,0.25,30,3,40,1730,2,0,38,1730,0.05,0.0,1.0,0.0,0.1798958141695369
ni_tfnbs,"e=0.1,h=2.0,n=30,start_thres=1.25",hub,0.25,30,3,40,1730,2,0,38,1730,0.05,0.0,1.0,0.0,0.1798958141695369
ni_tfnbs,"e=0.1,h=3.0,n=30,start_thres=1.25",hub,0.25,30,3,40,1730,2,0,38,1730,0.05,0.0,1.0,0.0,0.1798958141695369
ni_tfnbs,"e=0.1,h=4.0,n=30,start_thres=1.25",hub,0.25,30,3,40,1730,2,0,38,1730,0.05,0.0,1.0,0.0,0.1798958141695369
ni_tfnbs,"e=0.1,h=5.0,n=30,start_thres=1.25",hub,0.25,30,3,40,1730,2,0,38,1730,0.05,0.0,1.0,0.0,0.1798958141695369
ni_tfnbs,"e=0.1,h=6.0,n=30,start_thres=1.25",hub,0.25,30,3,40,1730,2,0,38,1730,0.05,0.0,1.0,0.0,0.1798958141695369
ni_tfnbs,"e=0.1,h=7.0,n=30,start_thres=1.25",hub,0.25,30,3,40,1730,1,0,39,1730,0.025,0.0,1.0,0.0,0.1798958141695369
ni_tfnbs,"e=0.1,h=8.0,n=30,start_thres=1.25",hub,0.25,30,3,40,1730,1,0,39,1730,0.025,0.0,1.0,0.0,0.1798958141695369
ni_tfnbs,"e=0.1,h=9.0,n=30,start_thres=1.25",hub,0.25,30,3,40,1730,1,0,39,1730,0.025,0.0,1.0,0.0,0.1798958141695369
ni_tfnbs,"e=0.1,h=10.0,n=30,start_thres=1.25",hub,0.25,30,3,40,1730,1,0,39,1730,0.025,0.0,1.0,0.0,0.1798958141695369
ni_tfnbs,"e=0.2,h=0.5,n=30,start_thres=1.25",hub,0.25,30,3,40,1730,3,0,37,1730,0.075,0.0,1.0,0.0,0.1798958141695369
ni_tfnbs,"e=0.2,h=1.0,n=30,start_thres=1.25",hub,0.25,30,3,40,1730,3,0,37,1730,0.075,0.0,1.0,0.0,0.1798958141695369
ni_tfnbs,"e=0.2,h=2.0,n=30,start_thres=1.25",hub,0.25,30,3,40,1730,3,0,37,1730,0.075,0.0,1.0,0.0,0.1798958141695369
ni_tfnbs,"e=0.2,h=3.0,n=30,start_thres=1.25",hub,0.25,30,3,40,1730,3,0,37,1730,0.075,0.0,1.0,0.0,0.1798958141695369
ni_tfnbs,"e=0.2,h=4.0,n=30,start_thres=1.25",hub,0.25,30,3,40,1730,3,0,37,1730,0.075,0.0,1.0,0.0,0.1798958141695369
ni_tfnbs,"e=0.2,h=5.0,n=30,start_thres=1.25",hub,0.25,30,3,40,1730,2,0,38,1730,0.05,0.0,1.0,0.0,0.1798958141695369
ni_tfnbs,"e=0.2,h=6.0,n=30,start_thres=1.25",hub,0.25,30,3,40,1730,2,0,38,1730,0.05,0.0,1.0,0.0,0.1798958141695369
ni_tfnbs,"e=0.2,h=7.0,n=30,start_thres=1.25",hub,0.25,30,3,40,1730,2,0,38,1730,0.05,0.0,1.0,0.0,0.1798958141695369
ni_tfnbs,"e=0.2,h=8.0,n=30,start_thres=1.25",hub,0.25,30,3,40,1730,2,0,38,1730,0.05,0.0,1.0,0.0,0.1798958141695369
ni_tfnbs,"e=0.2,h=9.0,n=30,start_thres=1.25",hub,0.25,30,3,40,1730,2,0,38,1730,0.05,0.0,1.0,0.0,0.1798958141695369
ni_tfnbs,"e=0.2,h=10.0,n=30,start_thres=1.25",hub,0.25,30,3,40,1730,2,0,38,1730,0.05,0.0,1.0,0.0,0.1798958141695369
ni_tfnbs,"e=0.3,h=0.5,n=30,start_thres=1.25",hub,0.25,30,3,40,1730,3,0,37,1730,0.075,0.0,1.0,0.0,0.1798958141695369
ni_tfnbs,"e=0.3,h=1.0,n=30,start_thres=1.25",hub,0.25,30,3,40,1730,3,0,37,1730,0.075,0.0,1.0,0.0,0.1798958141695369
ni_tfnbs,"e=0.3,h=2.0,n=30,start_thres=1.25",hub,0.25,30,3,40,1730,3,0,37,1730,0.075,0.0,1.0,0.0,0.1798958141695369
ni_tfnbs,"e=0.3,h=3.0,n=30,start_thres=1.25",hub,0.25,30,3,40,1730,3,0,37,1730,0.075,0.0,1.0,0.0,0.1798958141695369
ni_tfnbs,"e=0.3,h=4.0,n=30,start_thres=1.25",hub,0.25,30,3,40,1730,3,0,37,1730,0.075,0.0,1.0,0.0,0.1798958141695369
ni_tfnbs,"e=0.3,h=5.0,n=30,start_thres=1.25",hub,0.25,30,3,40,1730,3,0,37,1730,0.075,0.0,1.0,0.0,0.1798958141695369
ni_tfnbs,"e=0.3,h=6.0,n=30,start_thres=1.25",hub,0.25,30,3,40,1730,3,0,37,1730,0.075,0.0,1.0,0.0,0.1798958141695369
ni_tfnbs,"e=0.3,h=7.0,n=30,start_thres=1.25",hub,0.25,30,3,40,1730,3,0,37,1730,0.075,0.0,1.0,0.0,0.1798958141695369
ni_tfnbs,"e=0.3,h=8.0,n=30,start_thres=1.25",hub,0.25,30,3,40,1730,2,0,38,1730,0.05,0.0,1.0,0.0,0.1798958141695369
ni_tfnbs,"e=0.3,h=9.0,n=30,start_thres=1.25",hub,0.25,30,3,40,1730,2,0,38,1730,0.05,0.0,1.0,0.0,0.1798958141695369
ni_tfnbs,"e=0.3,h=10.0,n=30,start_thres=1.25",hub,0.25,30,3,40,1730,2,0,38,1730,0.05,0.0,1.0,0.0,0.1798958141695369
ni_tfnbs,"e=0.4,h=0.5,n=30,start_thres=1.25",hub,0.25,30,3,40,1730,3,0,37,1730,0.075,0.0,1.0,0.0,0.1798958141695369
ni_tfnbs,"e=0.4,h=1.0,n=30,start_thres=1.25",hub,0.25,30,3,40,1730,3,0,37,1730,0.075,0.0,1.0,0.0,0.1798958141695369
ni_tfnbs,"e=0.4,h=2.0,n=30,start_thres=1.25",hub,0.25,30,3,40,1730,3,0,37,1730,0.075,0.0,1.0,0.0,0.1798958141695369
ni_tfnbs,"e=0.4,h=3.0,n=30,start_thres=1.25",hub,0.25,30,3,40,1730,3,0,37,1730,0.075,0.0,1.0,0.0,0.1798958141695369
ni_tfnbs,"e=0.4,h=4.0,n=30,start_thres=1.25",hub,0.25,30,3,40,1730,3,0,37,1730,0.075,0.0,1.0,0.0,0.1798958141695369
ni_tfnbs,"e=0.4,h=5.0,n=30,start_thres=1.25",hub,0.25,30,3,40,1730,3,0,37,1730,0.075,0.0,1.0,0.0,0.1798958141695369
ni_tfnbs,"e=0.4,h=6.0,n=30,start_thres=1.25",hub,0.25,30,3,40,1730,3,0,37,1730,0.075,0.0,1.0,0.0,0.1798958141695369
ni_tfnbs,"e=0.4,h=7.0,n=30,start_thres=1.25",hub,0.25,30,3,40,1730,3,0,37,1730,0.075,0.0,1.0,0.0,0.1798958141695369
ni_tfnbs,"e=0.4,h=8.0,n=30,start_thres=1.25",hub,0.25,30,3,40,1730,3,0,37,1730,0.075,0.0,1.0,0.0,0.1798958141695369
ni_tfnbs,"e=0.4,h=9.0,n=30,start_thres=1.25",hub,0.25,30,3,40,1730,3,0,37,1730,0.075,0.0,1.0,0.0,0.1798958141695369
ni_tfnbs,"e=0.4,h=10.0,n=30,start_thres=1.25",hub,0.25,30,3,40,1730,3,0,37,1730,0.075,0.0,1.0,0.0,0.1798958141695369
ni_tfnbs,"e=0.5,h=0.5,n=30,start_thres=1.25",hub,0.25,30,3,40,1730,3,0,37,1730,0.075,0.0,1.0,0.0,0.1798958141695369
ni_tfnbs,"e=0.5,h=1.0,n=30,start_thres=1.25",hub,0.25,30,3,40,1730,3,0,37,1730,0.075,0.0,1.0,0.0,0.1798958141695369
ni_tfnbs,"e=0.5,h=2.0,n=30,start_thres=1.25",hub,0.25,30,3,40,1730,3,0,37,1730,0.075,0.0,1.0,0.0,0.1798958141695369
ni_tfnbs,"e=0.5,h=3.0,n=30,start_thres=1.25",hub,0.25,30,3,40,1730,3,0,37,1730,0.075,0.0,1.0,0.0,0.1798958141695369
ni_tfnbs,"e=0.5,h=4.0,n=30,start_thres=1.25",hub,0.25,30,3,40,1730,3,0,37,1730,0.075,0.0,1.0,0.0,0.1798958141695369
ni_tfnbs,"e=0.5,h=5.0,n=30,start_thres=1.25",hub,0.25,30,3,40,1730,3,0,37,1730,0.075,0.0,1.0,0.0,0.1798958141695369
ni_tfnbs,"e=0.5,h=6.0,n=30,start_thres=1.25",hub,0.25,30,3,40,1730,3,0,37,1730,0.075,0.0,1.0,0.0,0.1798958141695369
ni_tfnbs,"e=0.5,h=7.0,n=30,start_thres=1.25",hub,0.25,30,3,40,1730,3,0,37,1730,0.075,0.0,1.0,0.0,0.1798958141695369
ni_tfnbs,"e=0.5,h=8.0,n=30,start_thres=1.25",hub,0.25,30,3,40,1730,3,0,37,1730,0.075,0.0,1.0,0.0,0.1798958141695369
ni_tfnbs,"e=0.5,h=9.0,n=30,start_thres=1.25",hub,0.25,30,3,40,1730,3,0,37,1730,0.075,0.0,1.0,0.0,0.1798958141695369
ni_tfnbs,"e=0.5,h=10.0,n=30,start_thres=1.25",hub,0.25,30,3,40,1730,3,0,37,1730,0.075,0.0,1.0,0.0,0.1798958141695369
ni_tfnbs,"e=0.6,h=0.5,n=30,start_thres=1.25",hub,0.25,30,3,40,1730,3,0,37,1730,0.075,0.0,1.0,0.0,0.1798958141695369
ni_tfnbs,"e=0.6,h=1.0,n=30,start_thres=1.25",hub,0.25,30,3,40,1730,3,0,37,1730,0.075,0.0,1.0,0.0,0.1798958141695369
ni_tfnbs,"e=0.6,h=2.0,n=30,start_thres=1.25",hub,0.25,30,3,40,1730,3,0,37,1730,0.075,0.0,1.0,0.0,0.1798958141695369
ni_tfnbs,"e=0.6,h=3.0,n=30,start_thres=1.25",hub,0.25,30,3,40,1730,3,0,37,1730,0.075,0.0,1.0,0.0,0.1798958141695369
ni_tfnbs,"e=0.6,h=4.0,n=30,start_thres=1.25",hub,0.25,30,3,40,1730,3,0,37,1730,0.075,0.0,1.0,0.0,0.1798958141695369
ni_tfnbs,"e=0.6,h=5.0,n=30,start_thres=1.25",hub,0.25,30,3,40,1730,3,0,37,1730,0.075,0.0,1.0,0.0,0.1798958141695369
ni_tfnbs,"e=0.6,h=6.0,n=30,start_thres=1.25",hub,0.25,30,3,40,1730,3,0,37,1730,0.075,0.0,1.0,0.0,0.1798958141695369
ni_tfnbs,"e=0.6,h=7.0,n=30,start_thres=1.25",hub,0.25,30,3,40,1730,3,0,37,1730,0.075,0.0,1.0,0.0,0.1798958141695369
ni_tfnbs,"e=0.6,h=8.0,n=30,start_thres=1.25",hub,0.25,30,3,40,1730,3,0,37,1730,0.075,0.0,1.0,0.0,0.1798958141695369
ni_tfnbs,"e=0.6,h=9.0,n=30,start_thres=1.25",hub,0.25,30,3,40,1730,3,0,37,1730,0.075,0.0,1.0,0.0,0.1798958141695369
ni_tfnbs,"e=0.6,h=10.0,n=30,start_thres=1.25",hub,0.25,30,3,40,1730,3,0,37,1730,0.075,0.0,1.0,0.0,0.1798958141695369
ni_tfnbs,"e=0.7,h=0.5,n=30,start_thres=1.25",hub,0.25,30,3,40,1730,3,0,37,1730,0.075,0.0,1.0,0.0,0.1798958141695369
ni_tfnbs,"e=0.7,h=1.0,n=30,start_thres=1.25",hub,0.25,30,3,40,1730,3,0,37,1730,0.075,0.0,1.0,0.0,0.1798958141695369
ni_tfnbs,"e=0.7,h=2.0,n=30,start_thres=1.25",hub,0.25,30,3,40,1730,4,0,36,1730,0.1,0.0,1.0,0.0,0.1798958141695369
ni_tfnbs,"e=0.7,h=3.0,n=30,start_thres=1.25",hub,0.25,30,3,40,1730,4,0,36,1730,0.1,0.0,1.0,0.0,0.1798958141695369
ni_tfnbs,"e=0.7,h=4.0,n=30,start_thres=1.25",hub,0.25,30,3,40,1730,3,0,37,1730,0.075,0.0,1.0,0.0,0.1798958141695369
ni_tfnbs,"e=0.7,h=5.0,n=30,start_thres=1.25",hub,0.25,30,3,40,1730,3,0,37,1730,0.075,0.0,1.0,0.0,0.1798958141695369
ni_tfnbs,"e=0.7,h=6.0,n=30,start_thres=1.25",hub,0.25,30,3,40,1730,3,0,37,1730,0.075,0.0,1.0,0.0,0.1798958141695369
ni_tfnbs,"e=0.7,h=7.0,n=30,start_thres=1.25",hub,0.25,30,3,40,1730,3,0,37,1730,0.075,0.0,1.0,0.0,0.1798958141695369
ni_tfnbs,"e=0.7,h=8.0,n=30,start_thres=1.25",hub,0.25,30,3,40,1730,3,0,37,1730,0.075,0.0,1.0,0.0,0.1798958141695369
ni_tfnbs,"e=0.7,h=9.0,n=30,start_thres=1.25",hub,0.25,30,3,40,1730,3,0,37,1730,0.075,0.0,1.0,0.0,0.1798958141695369
ni_tfnbs,"e=0.7,h=10.0,n=30,start_thres=1.25",hub,0.25,30,3,40,1730,3,0,37,1730,0.075,0.0,1.0,0.0,0.1798958141695369
ni_tfnbs,"e=0.8,h=0.5,n=30,start_thres=1.25",hub,0.25,30,3,40,1730,3,0,37,1730,0.075,0.0,1.0,0.0,0.1798958141695369
ni_tfnbs,"e=0.8,h=1.0,n=30,start_thres=1.25",hub,0.25,30,3,40,1730,3,0,37,1730,0.075,0.0,1.0,0.0,0.1798958141695369
ni_tfnbs,"e=0.8,h=2.0,n=30,start_thres=1.25",hub,0.25,30,3,40,1730,4,0,36,1730,0.1,0.0,1.0,0.0,0.1798958141695369
ni_tfnbs,"e=0.8,h=3.0,n=30,start_thres=1.25",hub,0.25,30,3,40,1730,4,0,36,1730,0.1,0.0,1.0,0.0,0.1798958141695369
ni_tfnbs,"e=0.8,h=4.0,n=30,start_thres=1.25",hub,0.25,30,3,40,1730,4,0,36,1730,0.1,0.0,1.0,0.0,0.1798958141695369
ni_tfnbs,"e=0.8,h=5.0,n=30,start_thres=1.25",hub,0.25,30,3,40,1730,3,0,37,1730,0.075,0.0,1.0,0.0,0.1798958141695369
ni_tfnbs,"e=0.8,h=6.0,n=30,start_thres=1.25",hub,0.25,30,3,40,1730,3,0,37,1730,0.075,0.0,1.0,0.0,0.1798958141695369
ni_tfnbs,"e=0.8,h=7.0,n=30,start_thres=1.25",hub,0.25,30,3,40,1730,3,0,37,1730,0.075,0.0,1.0,0.0,0.1798958141695369
ni_tfnbs,"e=0.8,h=8.0,n=30,start_thres=1.25",hub,0.25,30,3,40,1730,3,0,37,1730,0.075,0.0,1.0,0.0,0.1798958141695369
ni_tfnbs,"e=0.8,h=9.0,n=30,start_thres=1.25",hub,0.25,30,3,40,1730,3,0,37,1730,0.075,0.0,1.0,0.0,0.1798958141695369
ni_tfnbs,"e=0.8,h=10.0,n=30,start_thres=1.25",hub,0.25,30,3,40,1730,3,0,37,1730,0.075,0.0,1.0,0.0,0.1798958141695369
ni_tfnbs,"e=0.9,h=0.5,n=30,start_thres=1.25",hub,0.25,30,3,40,1730,3,0,37,1730,0.075,0.0,1.0,0.0,0.1798958141695369
ni_tfnbs,"e=0.9,h=1.0,n=30,start_thres=1.25",hub,0.25,30,3,40,1730,3,0,37,1730,0.075,0.0,1.0,0.0,0.1798958141695369
ni_tfnbs,"e=0.9,h=2.0,n=30,start_thres=1.25",hub,0.25,30,3,40,1730,4,0,36,1730,0.1,0.0,1.0,0.0,0.1798958141695369
ni_tfnbs,"e=0.9,h=3.0,n=30,start_thres=1.25",hub,0.25,30,3,40,1730,4,0,36,1730,0.1,0.0,1.0,0.0,0.1798958141695369
ni_tfnbs,"e=0.9,h=4.0,n=30,start_thres=1.25",hub,0.25,30,3,40,1730,4,0,36,1730,0.1,0.0,1.0,0.0,0.1798958141695369
ni_tfnbs,"e=0.9,h=5.0,n=30,start_thres=1.25",hub,0.25,30,3,40,1730,4,0,36,1730,0.1,0.0,1.0,0.0,0.1798958141695369
ni_tfnbs,"e=0.9,h=6.0,n=30,start_thres=1.25",hub,0.25,30,3,40,1730,3,0,37,1730,0.075,0.0,1.0,0.0,0.1798958141695369
ni_tfnbs,"e=0.9,h=7.0,n=30,start_thres=1.25",hub,0.25,30,3,40,1730,3,0,37,1730,0.075,0.0,1.0,0.0,0.1798958141695369
ni_tfnbs,"e=0.9,h=8.0,n=30,start_thres=1.25",hub,0.25,30,3,40,1730,3,0,37,1730,0.075,0.0,1.0,0.0,0.1798958141695369
ni_tfnbs,"e=0.9,h=9.0,n=30,start_thres=1.25",hub,0.25,30,3,40,1730,3,0,37,1730,0.075,0.0,1.0,0.0,0.1798958141695369
ni_tfnbs,"e=0.9,h=10.0,n=30,start_thres=1.25",hub,0.25,30,3,40,1730,3,0,37,1730,0.075,0.0,1.0,0.0,0.1798958141695369
ni_tfnbs,"e=1.0,h=0.5,n=30,start_thres=1.25",hub,0.25,30,3,40,1730,2,0,38,1730,0.05,0.0,1.0,0.0,0.1798958141695369
ni_tfnbs,"e=1.0,h=1.0,n=30,start_thres=1.25",hub,0.25,30,3,40,1730,3,0,37,1730,0.075,0.0,1.0,0.0,0.1798958141695369
ni_tfnbs,"e=1.0,h=2.0,n=30,start_thres=1.25",hub,0.25,30,3,40,1730,3,0,37,1730,0.075,0.0,1.0,0.0,0.1798958141695369
ni_tfnbs,"e=1.0,h=3.0,n=30,start_thres=1.25",hub,0.25,30,3,40,1730,4,0,36,1730,0.1,0.0,1.0,0.0,0.1798958141695369
ni_tfnbs,"e=1.0,h=4.0,n=30,start_thres=1.25",hub,0.25,30,3,40,1730,4,0,36,1730,0.1,0.0,1.0,0.0,0.1798958141695369
ni_tfnbs,"e=1.0,h=5.0,n=30,start_thres=1.25",hub,0.25,30,3,40,1730,4,0,36,1730,0.1,0.0,1.0,0.0,0.1798958141695369
ni_tfnbs,"e=1.0,h=6.0,n=30,start_thres=1.25",hub,0.25,30,3,40,1730,4,0,36,1730,0.1,0.0,1.0,0.0,0.1798958141695369
ni_tfnbs,"e=1.0,h=7.0,n=30,start_thres=1.25",hub,0.25,30,3,40,1730,3,0,37,1730,0.075,0.0,1.0,0.0,0.1798958141695369
ni_tfnbs,"e=1.0,h=8.0,n=30,start_thres=1.25",hub,0.25,30,3,40,1730,3,0,37,1730,0.075,0.0,1.0,0.0,0.1798958141695369
ni_tfnbs,"e=1.0,h=9.0,n=30,start_thres=1.25",hub,0.25,30,3,40,1730,3,0,37,1730,0.075,0.0,1.0,0.0,0.1798958141695369
ni_tfnbs,"e=1.0,h=10.0,n=30,start_thres=1.25",hub,0.25,30,3,40,1730,3,0,37,1730,0.075,0.0,1.0,0.0,0.1798958141695369
ni_tfnbs,"e=1.1,h=0.5,n=30,start_thres=1.25",hub,0.25,30,3,40,1730,0,0,40,1730,0.0,0.0,0.0,0.0,0.1798958141695369
ni_tfnbs,"e=1.1,h=1.0,n=30,start_thres=1.25",hub,0.25,30,3,40,1730,3,0,37,1730,0.075,0.0,1.0,0.0,0.1798958141695369
ni_tfnbs,"e=1.1,h=2.0,n=30,start_thres=1.25",hub,0.25,30,3,40,1730,3,0,37,1730,0.075,0.0,1.0,0.0,0.1798958141695369
ni_tfnbs,"e=1.1,h=3.0,n=30,start_thres=1.25",hub,0.25,30,3,40,1730,4,0,36,1730,0.1,0.0,1.0,0.0,0.1798958141695369
ni_tfnbs,"e=1.1,h=4.0,n=30,start_thres=1.25",hub,0.25,30,3,40,1730,4,0,36,1730,0.1,0.0,1.0,0.0,0.1798958141695369
ni_tfnbs,"e=1.1,h=5.0,n=30,start_thres=1.25",hub,0.25,30,3,40,1730,4,0,36,1730,0.1,0.0,1.0,0.0,0.1798958141695369
ni_tfnbs,"e=1.1,h=6.0,n=30,start_thres=1.25",hub,0.25,30,3,40,1730,4,0,36,1730,0.1,0.0,1.0,0.0,0.1798958141695369
ni_tfnbs,"e=1.1,h=7.0,n=30,start_thres=1.25",hub,0.25,30,3,40,1730,4,0,36,1730,0.1,0.0,1.0,0.0,0.1798958141695369
ni_tfnbs,"e=1.1,h=8.0,n=30,start_thres=1.25",hub,0.25,30,3,40,1730,3,0,37,1730,0.075,0.0,1.0,0.0,0.1798958141695369
ni_tfnbs,"e=1.1,h=9.0,n=30,start_thres=1.25",hub,0.25,30,3,40,1730,3,0,37,1730,0.075,0.0,1.0,0.0,0.1798958141695369
ni_tfnbs,"e=1.1,h=10.0,n=30,start_thres=1.25",hub,0.25,30,3,40,1730,3,0,37,1730,0.075,0.0,1.0,0.0,0.1798958141695369
ni_tfnbs,"e=1.2,h=0.5,n=30,start_thres=1.25",hub,0.25,30,3,40,1730,0,0,40,1730,0.0,0.0,0.0,0.0,0.1798958141695369
ni_tfnbs,"e=1.2,h=1.0,n=30,start_thres=1.25",hub,0.25,30,3,40,1730,0,0,40,1730,0.0,0.0,0.0,0.0,0.1798958141695369
ni_tfnbs,"e=1.2,h=2.0,n=30,start_thres=1.25",hub,0.25,30,3,40,1730,3,0,37,1730,0.075,0.0,1.0,0.0,0.1798958141695369
ni_tfnbs,"e=1.2,h=3.0,n=30,start_thres=1.25",hub,0.25,30,3,40,1730,4,0,36,1730,0.1,0.0,1.0,0.0,0.1798958141695369
ni_tfnbs,"e=1.2,h=4.0,n=30,start_thres=1.25",hub,0.25,30,3,40,1730,4,0,36,1730,0.1,0.0,1.0,0.0,0.1798958141695369
ni_tfnbs,"e=1.2,h=5.0,n=30,start_thres=1.25",hub,0.25,30,3,40,1730,4,0,36,1730,0.1,0.0,1.0,0.0,0.1798958141695369
ni_tfnbs,"e=1.2,h=6.0,n=30,start_thres=1.25",hub,0.25,30,3,40,1730,4,0,36,1730,0.1,0.0,1.0,0.0,0.1798958141695369
ni_tfnbs,"e=1.2,h=7.0,n=30,start_thres=1.25",hub,0.25,30,3,40,1730,4,0,36,1730,0.1,0.0,1.0,0.0,0.1798958141695369
ni_tfnbs,"e=1.2,h=8.0,n=30,start_thres=1.25",hub,0.25,30,3,40,1730,3,0,37,1730,0.075,0.0,1.0,0.0,0.1798958141695369
ni_tfnbs,"e=1.2,h=9.0,n=30,start_thres=1.25",hub,0.25,30,3,40,1730,3,0,37,1730,0.075,0.0,1.0,0.0,0.1798958141695369
ni_tfnbs,"e=1.2,h=10.0,n=30,start_thres=1.25",hub,0.25,30,3,40,1730,3,0,37,1730,0.075,0.0,1.0,0.0,0.1798958141695369
ni_tfnbs,"e=1.3,h=0.5,n=30,start_thres=1.25",hub,0.25,30,3,40,1730,0,0,40,1730,0.0,0.0,0.0,0.0,0.1798958141695369
ni_tfnbs,"e=1.3,h=1.0,n=30,start_thres=1.25",hub,0.25,30,3,40,1730,0,0,40,1730,0.0,0.0,0.0,0.0,0.1798958141695369
ni_tfnbs,"e=1.3,h=2.0,n=30,start_thres=1.25",hub,0.25,30,3,40,1730,3,0,37,1730,0.075,0.0,1.0,0.0,0.1798958141695369
ni_tfnbs,"e=1.3,h=3.0,n=30,start_thres=1.25",hub,0.25,30,3,40,1730,4,0,36,1730,0.1,0.0,1.0,0.0,0.1798958141695369
ni_tfnbs,"e=1.3,h=4.0,n=30,start_thres=1.25",hub,0.25,30,3,40,1730,4,0,36,1730,0.1,0.0,1.0,0.0,0.1798958141695369
ni_tfnbs,"e=1.3,h=5.0,n=30,start_thres=1.25",hub,0.25,30,3,40,1730,4,0,36,1730,0.1,0.0,1.0,0.0,0.1798958141695369
ni_tfnbs,"e=1.3,h=6.0,n=30,start_thres=1.25",hub,0.25,30,3,40,1730,4,0,36,1730,0.1,0.0,1.0,0.0,0.1798958141695369
ni_tfnbs,"e=1.3,h=7.0,n=30,start_thres=1.25",hub,0.25,30,3,40,1730,4,0,36,1730,0.1,0.0,1.0,0.0,0.1798958141695369
ni_tfnbs,"e=1.3,h=8.0,n=30,start_thres=1.25",hub,0.25,30,3,40,1730,4,0,36,1730,0.1,0.0,1.0,0.0,0.1798958141695369
ni_tfnbs,"e=1.3,h=9.0,n=30,start_thres=1.25",hub,0.25,30,3,40,1730,3,0,37,1730,0.075,0.0,1.0,0.0,0.1798958141695369
ni_tfnbs,"e=1.3,h=10.0,n=30,start_thres=1.25",hub,0.25,30,3,40,1730,3,0,37,1730,0.075,0.0,1.0,0.0,0.1798958141695369
ni_tfnbs,"e=1.4,h=0.5,n=30,start_thres=1.25",hub,0.25,30,3,40,1730,0,0,40,1730,0.0,0.0,0.0,0.0,0.1798958141695369
ni_tfnbs,"e=1.4,h=1.0,n=30,start_thres=1.25",hub,0.25,30,3,40,1730,0,0,40,1730,0.0,0.0,0.0,0.0,0.1798958141695369
ni_tfnbs,"e=1.4,h=2.0,n=30,start_thres=1.25",hub,0.25,30,3,40,1730,2,0,38,1730,0.05,0.0,1.0,0.0,0.1798958141695369
ni_tfnbs,"e=1.4,h=3.0,n=30,start_thres=1.25",hub,0.25,30,3,40,1730,4,0,36,1730,0.1,0.0,1.0,0.0,0.1798958141695369
ni_tfnbs,"e=1.4,h=4.0,n=30,start_thres=1.25",hub,0.25,30,3,40,1730,4,0,36,1730,0.1,0.0,1.0,0.0,0.1798958141695369
ni_tfnbs,"e=1.4,h=5.0,n=30,start_thres=1.25",hub,0.25,30,3,40,1730,4,0,36,1730,0.1,0.0,1.0,0.0,0.1798958141695369
ni_tfnbs,"e=1.4,h=6.0,n=30,start_thres=1.25",hub,0.25,30,3,40,1730,4,0,36,1730,0.1,0.0,1.0,0.0,0.1798958141695369
ni_tfnbs,"e=1.4,h=7.0,n=30,start_thres=1.25",hub,0.25,30,3,40,1730,4,0,36,1730,0.1,0.0,1.0,0.0,0.1798958141695369
ni_tfnbs,"e=1.4,h=8.0,n=30,start_thres=1.25",hub,0.25,30,3,40,1730,4,0,36,1730,0.1,0.0,1.0,0.0,0.1798958141695369
ni_tfnbs,"e=1.4,h=9.0,n=30,start_thres=1.25",hub,0.25,30,3,40,1730,4,0,36,1730,0.1,0.0,1.0,0.0,0.1798958141695369
ni_tfnbs,"e=1.4,h=10.0,n=30,start_thres=1.25",hub,0.25,30,3,40,1730,3,0,37,1730,0.075,0.0,1.0,0.0,0.1798958141695369
ni_tfnbs,"e=1.5,h=0.5,n=30,start_thres=1.25",hub,0.25,30,3,40,1730,0,0,40,1730,0.0,0.0,0.0,0.0,0.1798958141695369
ni_tfnbs,"e=1.5,h=1.0,n=30,start_thres=1.25",hub,0.25,30,3,40,1730,0,0,40,1730,0.0,0.0,0.0,0.0,0.1798958141695369
ni_tfnbs,"e=1.5,h=2.0,n=30,start_thres=1.25",hub,0.25,30,3,40,1730,0,0,40,1730,0.0,0.0,0.0,0.0,0.1798958141695369
ni_tfnbs,"e=1.5,h=3.0,n=30,start_thres=1.25",hub,0.25,30,3,40,1730,3,0,37,1730,0.075,0.0,1.0,0.0,0.1798958141695369
ni_tfnbs,"e=1.5,h=4.0,n=30,start_thres=1.25",hub,0.25,30,3,40,1730,4,0,36,1730,0.1,0.0,1.0,0.0,0.1798958141695369
ni_tfnbs,"e=1.5,h=5.0,n=30,start_thres=1.25",hub,0.25,30,3,40,1730,4,0,36,1730,0.1,0.0,1.0,0.0,0.1798958141695369
ni_tfnbs,"e=1.5,h=6.0,n=30,start_thres=1.25",hub,0.25,30,3,40,1730,4,0,36,1730,0.1,0.0,1.0,0.0,0.1798958141695369
ni_tfnbs,"e=1.5,h=7.0,n=30,start_thres=1.25",hub,0.25,30,3,40,1730,4,0,36,1730,0.1,0.0,1.0,0.0,0.1798958141695369
ni_tfnbs,"e=1.5,h=8.0,n=30,start_thres=1.25",hub,0.25,30,3,40,1730,4,0,36,1730,0.1,0.0,1.0,0.0,0.1798958141695369
ni_tfnbs,"e=1.5,h=9.0,n=30,start_thres=1.25",hub,0.25,30,3,40,1730,4,0,36,1730,0.1,0.0,1.0,0.0,0.1798958141695369
ni_tfnbs,"e=1.5,h=10.0,n=30,start_thres=1.25",hub,0.25,30,3,40,1730,4,0,36,1730,0.1,0.0,1.0,0.0,0.1798958141695369
ni_tfnbs,"e=0.05,h=0.5,n=30,start_thres=1.25",hub,0.25,30,4,40,1730,8,0,32,1730,0.2,0.0,1.0,0.0,0.17586619339206
ni_tfnbs,"e=0.05,h=1.0,n=30,start_thres=1.25",hub,0.25,30,4,40,1730,8,0,32,1730,0.2,0.0,1.0,0.0,0.17586619339206
ni_tfnbs,"e=0.05,h=2.0,n=30,start_thres=1.25",hub,0.25,30,4,40,1730,8,0,32,1730,0.2,0.0,1.0,0.0,0.17586619339206
ni_tfnbs,"e=0.05,h=3.0,n=30,start_thres=1.25",hub,0.25,30,4,40,1730,8,0,32,1730,0.2,0.0,1.0,0.0,0.17586619339206
ni_tfnbs,"e=0.05,h=4.0,n=30,start_thres=1.25",hub,0.25,30,4,40,1730,8,0,32,1730,0.2,0.0,1.0,0.0,0.17586619339206
ni_tfnbs,"e=0.05,h=5.0,n=30,start_thres=1.25",hub,0.25,30,4,40,1730,8,0,32,1730,0.2,0.0,1.0,0.0,0.17586619339206
ni_tfnbs,"e=0.05,h=6.0,n=30,start_thres=1.25",hub,0.25,30,4,40,1730,8,0,32,1730,0.2,0.0,1.0,0.0,0.17586619339206
ni_tfnbs,"e=0.05,h=7.0,n=30,start_thres=1.25",hub,0.25,30,4,40,1730,8,0,32,1730,0.2,0.0,1.0,0.0,0.17586619339206
ni_tfnbs,"e=0.05,h=8.0,n=30,start_thres=1.25",hub,0.25,30,4,40,1730,8,0,32,1730,0.2,0.0,1.0,0.0,0.17586619339206
ni_tfnbs,"e=0.05,h=9.0,n=30,start_thres=1.25",hub,0.25,30,4,40,1730,8,0,32,1730,0.2,0.0,1.0,0.0,0.17586619339206
ni_tfnbs,"e=0.05,h=10.0,n=30,start_thres=1.25",hub,0.25,30,4,40,1730,8,0,32,1730,0.2,0.0,1.0,0.0,0.17586619339206
ni_tfnbs,"e=0.1,h=0.5,n=30,start_thres=1.25",hub,0.25,30,4,40,1730,11,0,29,1730,0.275,0.0,1.0,0.0,0.17586619339206
ni_tfnbs,"e=0.1,h=1.0,n=30,start_thres=1.25",hub,0.25,30,4,40,1730,9,0,31,1730,0.225,0.0,1.0,0.0,0.17586619339206
ni_tfnbs,"e=0.1,h=2.0,n=30,start_thres=1.25",hub,0.25,30,4,40,1730,9,0,31,1730,0.225,0.0,1.0,0.0,0.17586619339206
ni_tfnbs,"e=0.1,h=3.0,n=30,start_thres=1.25",hub,0.25,30,4,40,1730,9,0,31,1730,0.225,0.0,1.0,0.0,0.17586619339206
ni_tfnbs,"e=0.1,h=4.0,n=30,start_thres=1.25",hub,0.25,30,4,40,1730,9,0,31,1730,0.225,0.0,1.0,0.0,0.17586619339206
ni_tfnbs,"e=0.1,h=5.0,n=30,start_thres=1.25",hub,0.25,30,4,40,1730,8,0,32,1730,0.2,0.0,1.0,0.0,0.17586619339206
ni_tfnbs,"e=0.1,h=6.0,n=30,start_thres=1.25",hub,0.25,30,4,40,1730,8,0,32,1730,0.2,0.0,1.0,0.0,0.17586619339206
ni_tfnbs,"e=0.1,h=7.0,n=30,start_thres=1.25",hub,0.25,30,4,40,1730,8,0,32,1730,0.2,0.0,1.0,0.0,0.17586619339206
ni_tfnbs,"e=0.1,h=8.0,n=30,start_thres=1.25",hub,0.25,30,4,40,1730,8,0,32,1730,0.2,0.0,1.0,0.0,0.17586619339206
ni_tfnbs,"e=0.1,h=9.0,n=30,start_thres=1.25",hub,0.25,30,4,40,1730,8,0,32,1730,0.2,0.0,1.0,0.0,0.17586619339206
ni_tfnbs,"e=0.1,h=10.0,n=30,start_thres=1.25",hub,0.25,30,4,40,1730,8,0,32,1730,0.2,0.0,1.0,0.0,0.17586619339206
ni_tfnbs,"e=0.2,h=0.5,n=30,start_thres=1.25",hub,0.25,30,4,40,1730,12,1,28,1729,0.3,0.0005780346820809,0.9230769230769232,0.0769230769230769,0.17586619339206
ni_tfnbs,"e=0.2,h=1.0,n=30,start_thres=1.25",hub,0.25,30,4,40,1730,11,1,29,1729,0.275,0.0005780346820809,0.9166666666666666,0.0833333333333333,0.17586619339206
ni_tfnbs,"e=0.2,h=2.0,n=30,start_thres=1.25",hub,0.25,30,4,40,1730,11,1,29,1729,0.275,0.0005780346820809,0.9166666666666666,0.0833333333333333,0.17586619339206
ni_tfnbs,"e=0.2,h=3.0,n=30,start_thres=1.25",hub,0.25,30,4,40,1730,11,0,29,1730,0.275,0.0,1.0,0.0,0.17586619339206
ni_tfnbs,"e=0.2,h=4.0,n=30,start_thres=1.25",hub,0.25,30,4,40,1730,11,0,29,1730,0.275,0.0,1.0,0.0,0.17586619339206
ni_tfnbs,"e=0.2,h=5.0,n=30,start_thres=1.25",hub,0.25,30,4,40,1730,11,0,29,1730,0.275,0.0,1.0,0.0,0.17586619339206
ni_tfnbs,"e=0.2,h=6.0,n=30,start_thres=1.25",hub,0.25,30,4,40,1730,9,0,31,1730,0.225,0.0,1.0,0.0,0.17586619339206
ni_tfnbs,"e=0.2,h=7.0,n=30,start_thres=1.25",hub,0.25,30,4,40,1730,9,0,31,1730,0.225,0.0,1.0,0.0,0.17586619339206
ni_tfnbs,"e=0.2,h=8.0,n=30,start_thres=1.25",hub,0.25,30,4,40,1730,9,0,31,1730,0.225,0.0,1.0,0.0,0.17586619339206
ni_tfnbs,"e=0.2,h=9.0,n=30,start_thres=1.25",hub,0.25,30,4,40,1730,9,0,31,1730,0.225,0.0,1.0,0.0,0.17586619339206
ni_tfnbs,"e=0.2,h=10.0,n=30,start_thres=1.25",hub,0.25,30,4,40,1730,9,0,31,1730,0.225,0.0,1.0,0.0,0.17586619339206
ni_tfnbs,"e=0.3,h=0.5,n=30,start_thres=1.25",hub,0.25,30,4,40,1730,13,1,27,1729,0.325,0.0005780346820809,0.9285714285714286,0.0714285714285714,0.17586619339206
ni_tfnbs,"e=0.3,h=1.0,n=30,start_thres=1.25",hub,0.25,30,4,40,1730,13,1,27,1729,0.325,0.0005780346820809,0.9285714285714286,0.0714285714285714,0.17586619339206
ni_tfnbs,"e=0.3,h=2.0,n=30,start_thres=1.25",hub,0.25,30,4,40,1730,13,1,27,1729,0.325,0.0005780346820809,0.9285714285714286,0.0714285714285714,0.17586619339206
ni_tfnbs,"e=0.3,h=3.0,n=30,start_thres=1.25",hub,0.25,30,4,40,1730,12,1,28,1729,0.3,0.0005780346820809,0.9230769230769232,0.0769230769230769,0.17586619339206
ni_tfnbs,"e=0.3,h=4.0,n=30,start_thres=1.25",hub,0.25,30,4,40,1730,11,1,29,1729,0.275,0.0005780346820809,0.9166666666666666,0.0833333333333333,0.17586619339206
ni_tfnbs,"e=0.3,h=5.0,n=30,start_thres=1.25",hub,0.25,30,4,40,1730,11,1,29,1729,0.275,0.0005780346820809,0.9166666666666666,0.0833333333333333,0.17586619339206
ni_tfnbs,"e=0.3,h=6.0,n=30,start_thres=1.25",hub,0.25,30,4,40,1730,11,0,29,1730,0.275,0.0,1.0,0.0,0.17586619339206
ni_tfnbs,"e=0.3,h=7.0,n=30,start_thres=1.25",hub,0.25,30,4,40,1730,11,0,29,1730,0.275,0.0,1.0,0.0,0.17586619339206
ni_tfnbs,"e=0.3,h=8.0,n=30,start_thres=1.25",hub,0.25,30,4,40,1730,11,0,29,1730,0.275,0.0,1.0,0.0,0.17586619339206
ni_tfnbs,"e=0.3,h=9.0,n=30,start_thres=1.25",hub,0.25,30,4,40,1730,9,0,31,1730,0.225,0.0,1.0,0.0,0.17586619339206
ni_tfnbs,"e=0.3,h=10.0,n=30,start_thres=1.25",hub,0.25,30,4,40,1730,9,0,31,1730,0.225,0.0,1.0,0.0,0.17586619339206
ni_tfnbs,"e=0.4,h=0.5,n=30,start_thres=1.25",hub,0.25,30,4,40,1730,13,1,27,1729,0.325,0.0005780346820809,0.9285714285714286,0.0714285714285714,0.17586619339206
ni_tfnbs,"e=0.4,h=1.0,n=30,start_thres=1.25",hub,0.25,30,4,40,1730,13,1,27,1729,0.325,0.0005780346820809,0.9285714285714286,0.0714285714285714,0.17586619339206
ni_tfnbs,"e=0.4,h=2.0,n=30,start_thres=1.25",hub,0.25,30,4,40,1730,13,1,27,1729,0.325,0.0005780346820809,0.9285714285714286,0.0714285714285714,0.17586619339206
ni_tfnbs,"e=0.4,h=3.0,n=30,start_thres=1.25",hub,0.25,30,4,40,1730,13,1,27,1729,0.325,0.0005780346820809,0.9285714285714286,0.0714285714285714,0.17586619339206
ni_tfnbs,"e=0.4,h=4.0,n=30,start_thres=1.25",hub,0.25,30,4,40,1730,13,1,27,1729,0.325,0.0005780346820809,0.9285714285714286,0.0714285714285714,0.17586619339206
ni_tfnbs,"e=0.4,h=5.0,n=30,start_thres=1.25",hub,0.25,30,4,40,1730,12,1,28,1729,0.3,0.0005780346820809,0.9230769230769232,0.0769230769230769,0.17586619339206
ni_tfnbs,"e=0.4,h=6.0,n=30,start_thres=1.25",hub,0.25,30,4,40,1730,11,1,29,1729,0.275,0.0005780346820809,0.9166666666666666,0.0833333333333333,0.17586619339206
ni_tfnbs,"e=0.4,h=7.0,n=30,start_thres=1.25",hub,0.25,30,4,40,1730,11,1,29,1729,0.275,0.0005780346820809,0.9166666666666666,0.0833333333333333,0.17586619339206
ni_tfnbs,"e=0.4,h=8.0,n=30,start_thres=1.25",hub,0.25,30,4,40,1730,11,0,29,1730,0.275,0.0,1.0,0.0,0.17586619339206
ni_tfnbs,"e=0.4,h=9.0,n=30,start_thres=1.25",hub,0.25,30,4,40,1730,11,0,29,1730,0.275,0.0,1.0,0.0,0.17586619339206
ni_tfnbs,"e=0.4,h=10.0,n=30,start_thres=1.25",hub,0.25,30,4,40,1730,11,0,29,1730,0.275,0.0,1.0,0.0,0.17586619339206
ni_tfnbs,"e=0.5,h=0.5,n=30,start_thres=1.25",hub,0.25,30,4,40,1730,14,2,26,1728,0.35,0.0011560693641618,0.875,0.125,0.17586619339206
ni_tfnbs,"e=0.5,h=1.0,n=30,start_thres=1.25",hub,0.25,30,4,40,1730,14,1,26,1729,0.35,0.0005780346820809,0.9333333333333332,0.0666666666666666,0.17586619339206
ni_tfnbs,"e=0.5,h=2.0,n=30,start_thres=1.25",hub,0.25,30,4,40,1730,13,1,27,1729,0.325,0.0005780346820809,0.9285714285714286,0.0714285714285714,0.17586619339206
ni_tfnbs,"e=0.5,h=3.0,n=30,start_thres=1.25",hub,0.25,30,4,40,1730,13,1,27,1729,0.325,0.0005780346820809,0.9285714285714286,0.0714285714285714,0.17586619339206
ni_tfnbs,"e=0.5,h=4.0,n=30,start_thres=1.25",hub,0.25,30,4,40,1730,13,1,27,1729,0.325,0.0005780346820809,0.9285714285714286,0.0714285714285714,0.17586619339206
ni_tfnbs,"e=0.5,h=5.0,n=30,start_thres=1.25",hub,0.25,30,4,40,1730,13,1,27,1729,0.325,0.0005780346820809,0.9285714285714286,0.0714285714285714,0.17586619339206
ni_tfnbs,"e=0.5,h=6.0,n=30,start_thres=1.25",hub,0.25,30,4,40,1730,13,1,27,1729,0.325,0.0005780346820809,0.9285714285714286,0.0714285714285714,0.17586619339206
ni_tfnbs,"e=0.5,h=7.0,n=30,start_thres=1.25",hub,0.25,30,4,40,1730,12,1,28,1729,0.3,0.0005780346820809,0.9230769230769232,0.0769230769230769,0.17586619339206
ni_tfnbs,"e=0.5,h=8.0,n=30,start_thres=1.25",hub,0.25,30,4,40,1730,11,1,29,1729,0.275,0.0005780346820809,0.9166666666666666,0.0833333333333333,0.17586619339206
ni_tfnbs,"e=0.5,h=9.0,n=30,start_thres=1.25",hub,0.25,30,4,40,1730,11,1,29,1729,0.275,0.0005780346820809,0.9166666666666666,0.0833333333333333,0.17586619339206
ni_tfnbs,"e=0.5,h=10.0,n=30,start_thres=1.25",hub,0.25,30,4,40,1730,11,0,29,1730,0.275,0.0,1.0,0.0,0.17586619339206
ni_tfnbs,"e=0.6,h=0.5,n=30,start_thres=1.25",hub,0.25,30,4,40,1730,16,2,24,1728,0.4,0.0011560693641618,0.8888888888888888,0.1111111111111111,0.17586619339206
ni_tfnbs,"e=0.6,h=1.0,n=30,start_thres=1.25",hub,0.25,30,4,40,1730,14,2,26,1728,0.35,0.0011560693641618,0.875,0.125,0.17586619339206
ni_tfnbs,"e=0.6,h=2.0,n=30,start_thres=1.25",hub,0.25,30,4,40,1730,14,1,26,1729,0.35,0.0005780346820809,0.9333333333333332,0.0666666666666666,0.17586619339206
ni_tfnbs,"e=0.6,h=3.0,n=30,start_thres=1.25",hub,0.25,30,4,40,1730,13,1,27,1729,0.325,0.0005780346820809,0.9285714285714286,0.0714285714285714,0.17586619339206
ni_tfnbs,"e=0.6,h=4.0,n=30,start_thres=1.25",hub,0.25,30,4,40,1730,13,1,27,1729,0.325,0.0005780346820809,0.9285714285714286,0.0714285714285714,0.17586619339206
ni_tfnbs,"e=0.6,h=5.0,n=30,start_thres=1.25",hub,0.25,30,4,40,1730,13,1,27,1729,0.325,0.0005780346820809,0.9285714285714286,0.0714285714285714,0.17586619339206
ni_tfnbs,"e=0.6,h=6.0,n=30,start_thres=1.25",hub,0.25,30,4,40,1730,13,1,27,1729,0.325,0.0005780346820809,0.9285714285714286,0.0714285714285714,0.17586619339206
ni_tfnbs,"e=0.6,h=7.0,n=30,start_thres=1.25",hub,0.25,30,4,40,1730,13,1,27,1729,0.325,0.0005780346820809,0.9285714285714286,0.0714285714285714,0.17586619339206
ni_tfnbs,"e=0.6,h=8.0,n=30,start_thres=1.25",hub,0.25,30,4,40,1730,13,1,27,1729,0.325,0.0005780346820809,0.9285714285714286,0.0714285714285714,0.17586619339206
ni_tfnbs,"e=0.6,h=9.0,n=30,start_thres=1.25",hub,0.25,30,4,40,1730,12,1,28,1729,0.3,0.0005780346820809,0.9230769230769232,0.0769230769230769,0.17586619339206
ni_tfnbs,"e=0.6,h=10.0,n=30,start_thres=1.25",hub,0.25,30,4,40,1730,11,1,29,1729,0.275,0.0005780346820809,0.9166666666666666,0.0833333333333333,0.17586619339206
ni_tfnbs,"e=0.7,h=0.5,n=30,start_thres=1.25",hub,0.25,30,4,40,1730,16,4,24,1726,0.4,0.0023121387283236,0.8,0.2,0.17586619339206
ni_tfnbs,"e=0.7,h=1.0,n=30,start_thres=1.25",hub,0.25,30,4,40,1730,16,4,24,1726,0.4,0.0023121387283236,0.8,0.2,0.17586619339206
ni_tfnbs,"e=0.7,h=2.0,n=30,start_thres=1.25",hub,0.25,30,4,40,1730,14,2,26,1728,0.35,0.0011560693641618,0.875,0.125,0.17586619339206
ni_tfnbs,"e=0.7,h=3.0,n=30,start_thres=1.25",hub,0.25,30,4,40,1730,14,1,26,1729,0.35,0.0005780346820809,0.9333333333333332,0.0666666666666666,0.17586619339206
ni_tfnbs,"e=0.7,h=4.0,n=30,start_thres=1.25",hub,0.25,30,4,40,1730,13,1,27,1729,0.325,0.0005780346820809,0.9285714285714286,0.0714285714285714,0.17586619339206
ni_tfnbs,"e=0.7,h=5.0,n=30,start_thres=1.25",hub,0.25,30,4,40,1730,13,1,27,1729,0.325,0.0005780346820809,0.9285714285714286,0.0714285714285714,0.17586619339206
ni_tfnbs,"e=0.7,h=6.0,n=30,start_thres=1.25",hub,0.25,30,4,40,1730,13,1,27,1729,0.325,0.0005780346820809,0.9285714285714286,0.0714285714285714,0.17586619339206
ni_tfnbs,"e=0.7,h=7.0,n=30,start_thres=1.25",hub,0.25,30,4,40,1730,13,1,27,1729,0.325,0.0005780346820809,0.9285714285714286,0.0714285714285714,0.17586619339206
ni_tfnbs,"e=0.7,h=8.0,n=30,start_thres=1.25",hub,0.25,30,4,40,1730,13,1,27,1729,0.325,0.0005780346820809,0.9285714285714286,0.0714285714285714,0.17586619339206
ni_tfnbs,"e=0.7,h=9.0,n=30,start_thres=1.25",hub,0.25,30,4,40,1730,13,1,27,1729,0.325,0.0005780346820809,0.9285714285714286,0.0714285714285714,0.17586619339206
ni_tfnbs,"e=0.7,h=10.0,n=30,start_thres=1.25",hub,0.25,30,4,40,1730,13,1,27,1729,0.325,0.0005780346820809,0.9285714285714286,0.0714285714285714,0.17586619339206
ni_tfnbs,"e=0.8,h=0.5,n=30,start_thres=1.25",hub,0.25,30,4,40,1730,19,6,21,1724,0.475,0.0034682080924855,0.76,0.24,0.17586619339206
ni_tfnbs,"e=0.8,h=1.0,n=30,start_thres=1.25",hub,0.25,30,4,40,1730,19,6,21,1724,0.475,0.0034682080924855,0.76,0.24,0.17586619339206
ni_tfnbs,"e=0.8,h=2.0,n=30,start_thres=1.25",hub,0.25,30,4,40,1730,16,4,24,1726,0.4,0.0023121387283236,0.8,0.2,0.17586619339206
ni_tfnbs,"e=0.8,h=3.0,n=30,start_thres=1.25",hub,0.25,30,4,40,1730,14,2,26,1728,0.35,0.0011560693641618,0.875,0.125,0.17586619339206
ni_tfnbs,"e=0.8,h=4.0,n=30,start_thres=1.25",hub,0.25,30,4,40,1730,13,1,27,1729,0.325,0.0005780346820809,0.9285714285714286,0.0714285714285714,0.17586619339206
ni_tfnbs,"e=0.8,h=5.0,n=30,start_thres=1.25",hub,0.25,30,4,40,1730,13,1,27,1729,0.325,0.0005780346820809,0.9285714285714286,0.0714285714285714,0.17586619339206
ni_tfnbs,"e=0.8,h=6.0,n=30,start_thres=1.25",hub,0.25,30,4,40,1730,13,1,27,1729,0.325,0.0005780346820809,0.9285714285714286,0.0714285714285714,0.17586619339206
ni_tfnbs,"e=0.8,h=7.0,n=30,start_thres=1.25",hub,0.25,30,4,40,1730,13,1,27,1729,0.325,0.0005780346820809,0.9285714285714286,0.0714285714285714,0.17586619339206
ni_tfnbs,"e=0.8,h=8.0,n=30,start_thres=1.25",hub,0.25,30,4,40,1730,13,1,27,1729,0.325,0.0005780346820809,0.9285714285714286,0.0714285714285714,0.17586619339206
ni_tfnbs,"e=0.8,h=9.0,n=30,start_thres=1.25",hub,0.25,30,4,40,1730,13,1,27,1729,0.325,0.0005780346820809,0.9285714285714286,0.0714285714285714,0.17586619339206
ni_tfnbs,"e=0.8,h=10.0,n=30,start_thres=1.25",hub,0.25,30,4,40,1730,13,1,27,1729,0.325,0.0005780346820809,0.9285714285714286,0.0714285714285714,0.17586619339206
ni_tfnbs,"e=0.9,h=0.5,n=30,start_thres=1.25",hub,0.25,30,4,40,1730,18,6,22,1724,0.45,0.0034682080924855,0.75,0.25,0.17586619339206
ni_tfnbs,"e=0.9,h=1.0,n=30,start_thres=1.25",hub,0.25,30,4,40,1730,19,6,21,1724,0.475,0.0034682080924855,0.76,0.24,0.17586619339206
ni_tfnbs,"e=0.9,h=2.0,n=30,start_thres=1.25",hub,0.25,30,4,40,1730,19,6,21,1724,0.475,0.0034682080924855,0.76,0.24,0.17586619339206
ni_tfnbs,"e=0.9,h=3.0,n=30,start_thres=1.25",hub,0.25,30,4,40,1730,16,2,24,1728,0.4,0.0011560693641618,0.8888888888888888,0.1111111111111111,0.17586619339206
ni_tfnbs,"e=0.9,h=4.0,n=30,start_thres=1.25",hub,0.25,30,4,40,1730,14,2,26,1728,0.35,0.0011560693641618,0.875,0.125,0.17586619339206
ni_tfnbs,"e=0.9,h=5.0,n=30,start_thres=1.25",hub,0.25,30,4,40,1730,13,1,27,1729,0.325,0.0005780346820809,0.9285714285714286,0.0714285714285714,0.17586619339206
ni_tfnbs,"e=0.9,h=6.0,n=30,start_thres=1.25",hub,0.25,30,4,40,1730,13,1,27,1729,0.325,0.0005780346820809,0.9285714285714286,0.0714285714285714,0.17586619339206
ni_tfnbs,"e=0.9,h=7.0,n=30,start_thres=1.25",hub,0.25,30,4,40,1730,13,1,27,1729,0.325,0.0005780346820809,0.9285714285714286,0.0714285714285714,0.17586619339206
ni_tfnbs,"e=0.9,h=8.0,n=30,start_thres=1.25",hub,0.25,30,4,40,1730,13,1,27,1729,0.325,0.0005780346820809,0.9285714285714286,0.0714285714285714,0.17586619339206
ni_tfnbs,"e=0.9,h=9.0,n=30,start_thres=1.25",hub,0.25,30,4,40,1730,13,1,27,1729,0.325,0.0005780346820809,0.9285714285714286,0.0714285714285714,0.17586619339206
ni_tfnbs,"e=0.9,h=10.0,n=30,start_thres=1.25",hub,0.25,30,4,40,1730,13,1,27,1729,0.325,0.0005780346820809,0.9285714285714286,0.0714285714285714,0.17586619339206
ni_tfnbs,"e=1.0,h=0.5,n=30,start_thres=1.25",hub,0.25,30,4,40,1730,18,6,22,1724,0.45,0.0034682080924855,0.75,0.25,0.17586619339206
ni_tfnbs,"e=1.0,h=1.0,n=30,start_thres=1.25",hub,0.25,30,4,40,1730,18,6,22,1724,0.45,0.0034682080924855,0.75,0.25,0.17586619339206
ni_tfnbs,"e=1.0,h=2.0,n=30,start_thres=1.25",hub,0.25,30,4,40,1730,19,6,21,1724,0.475,0.0034682080924855,0.76,0.24,0.17586619339206
ni_tfnbs,"e=1.0,h=3.0,n=30,start_thres=1.25",hub,0.25,30,4,40,1730,17,4,23,1726,0.425,0.0023121387283236,0.8095238095238095,0.1904761904761904,0.17586619339206
ni_tfnbs,"e=1.0,h=4.0,n=30,start_thres=1.25",hub,0.25,30,4,40,1730,14,2,26,1728,0.35,0.0011560693641618,0.875,0.125,0.17586619339206
ni_tfnbs,"e=1.0,h=5.0,n=30,start_thres=1.25",hub,0.25,30,4,40,1730,14,2,26,1728,0.35,0.0011560693641618,0.875,0.125,0.17586619339206
ni_tfnbs,"e=1.0,h=6.0,n=30,start_thres=1.25",hub,0.25,30,4,40,1730,13,1,27,1729,0.325,0.0005780346820809,0.9285714285714286,0.0714285714285714,0.17586619339206
ni_tfnbs,"e=1.0,h=7.0,n=30,start_thres=1.25",hub,0.25,30,4,40,1730,13,1,27,1729,0.325,0.0005780346820809,0.9285714285714286,0.0714285714285714,0.17586619339206
ni_tfnbs,"e=1.0,h=8.0,n=30,start_thres=1.25",hub,0.25,30,4,40,1730,13,1,27,1729,0.325,0.0005780346820809,0.9285714285714286,0.0714285714285714,0.17586619339206
ni_tfnbs,"e=1.0,h=9.0,n=30,start_thres=1.25",hub,0.25,30,4,40,1730,13,1,27,1729,0.325,0.0005780346820809,0.9285714285714286,0.0714285714285714,0.17586619339206
ni_tfnbs,"e=1.0,h=10.0,n=30,start_thres=1.25",hub,0.25,30,4,40,1730,13,1,27,1729,0.325,0.0005780346820809,0.9285714285714286,0.0714285714285714,0.17586619339206
ni_tfnbs,"e=1.1,h=0.5,n=30,start_thres=1.25",hub,0.25,30,4,40,1730,19,8,21,1722,0.475,0.0046242774566473,0.7037037037037037,0.2962962962962963,0.17586619339206
ni_tfnbs,"e=1.1,h=1.0,n=30,start_thres=1.25",hub,0.25,30,4,40,1730,20,8,20,1722,0.5,0.0046242774566473,0.7142857142857143,0.2857142857142857,0.17586619339206
ni_tfnbs,"e=1.1,h=2.0,n=30,start_thres=1.25",hub,0.25,30,4,40,1730,19,6,21,1724,0.475,0.0034682080924855,0.76,0.24,0.17586619339206
ni_tfnbs,"e=1.1,h=3.0,n=30,start_thres=1.25",hub,0.25,30,4,40,1730,19,6,21,1724,0.475,0.0034682080924855,0.76,0.24,0.17586619339206
ni_tfnbs,"e=1.1,h=4.0,n=30,start_thres=1.25",hub,0.25,30,4,40,1730,16,4,24,1726,0.4,0.0023121387283236,0.8,0.2,0.17586619339206
ni_tfnbs,"e=1.1,h=5.0,n=30,start_thres=1.25",hub,0.25,30,4,40,1730,14,2,26,1728,0.35,0.0011560693641618,0.875,0.125,0.17586619339206
ni_tfnbs,"e=1.1,h=6.0,n=30,start_thres=1.25",hub,0.25,30,4,40,1730,13,1,27,1729,0.325,0.0005780346820809,0.9285714285714286,0.0714285714285714,0.17586619339206
ni_tfnbs,"e=1.1,h=7.0,n=30,start_thres=1.25",hub,0.25,30,4,40,1730,13,1,27,1729,0.325,0.0005780346820809,0.9285714285714286,0.0714285714285714,0.17586619339206
ni_tfnbs,"e=1.1,h=8.0,n=30,start_thres=1.25",hub,0.25,30,4,40,1730,13,1,27,1729,0.325,0.0005780346820809,0.9285714285714286,0.0714285714285714,0.17586619339206
ni_tfnbs,"e=1.1,h=9.0,n=30,start_thres=1.25",hub,0.25,30,4,40,1730,13,1,27,1729,0.325,0.0005780346820809,0.9285714285714286,0.0714285714285714,0.17586619339206
ni_tfnbs,"e=1.1,h=10.0,n=30,start_thres=1.25",hub,0.25,30,4,40,1730,13,1,27,1729,0.325,0.0005780346820809,0.9285714285714286,0.0714285714285714,0.17586619339206
ni_tfnbs,"e=1.2,h=0.5,n=30,start_thres=1.25",hub,0.25,30,4,40,1730,17,8,23,1722,0.425,0.0046242774566473,0.68,0.32,0.17586619339206
ni_tfnbs,"e=1.2,h=1.0,n=30,start_thres=1.25",hub,0.25,30,4,40,1730,19,8,21,1722,0.475,0.0046242774566473,0.7037037037037037,0.2962962962962963,0.17586619339206
ni_tfnbs,"e=1.2,h=2.0,n=30,start_thres=1.25",hub,0.25,30,4,40,1730,18,6,22,1724,0.45,0.0034682080924855,0.75,0.25,0.17586619339206
ni_tfnbs,"e=1.2,h=3.0,n=30,start_thres=1.25",hub,0.25,30,4,40,1730,19,6,21,1724,0.475,0.0034682080924855,0.76,0.24,0.17586619339206
ni_tfnbs,"e=1.2,h=4.0,n=30,start_thres=1.25",hub,0.25,30,4,40,1730,19,6,21,1724,0.475,0.0034682080924855,0.76,0.24,0.17586619339206
ni_tfnbs,"e=1.2,h=5.0,n=30,start_thres=1.25",hub,0.25,30,4,40,1730,16,2,24,1728,0.4,0.0011560693641618,0.8888888888888888,0.1111111111111111,0.17586619339206
ni_tfnbs,"e=1.2,h=6.0,n=30,start_thres=1.25",hub,0.25,30,4,40,1730,14,2,26,1728,0.35,0.0011560693641618,0.875,0.125,0.17586619339206
ni_tfnbs,"e=1.2,h=7.0,n=30,start_thres=1.25",hub,0.25,30,4,40,1730,13,1,27,1729,0.325,0.0005780346820809,0.9285714285714286,0.0714285714285714,0.17586619339206
ni_tfnbs,"e=1.2,h=8.0,n=30,start_thres=1.25",hub,0.25,30,4,40,1730,13,1,27,1729,0.325,0.0005780346820809,0.9285714285714286,0.0714285714285714,0.17586619339206
ni_tfnbs,"e=1.2,h=9.0,n=30,start_thres=1.25",hub,0.25,30,4,40,1730,13,1,27,1729,0.325,0.0005780346820809,0.9285714285714286,0.0714285714285714,0.17586619339206
ni_tfnbs,"e=1.2,h=10.0,n=30,start_thres=1.25",hub,0.25,30,4,40,1730,13,1,27,1729,0.325,0.0005780346820809,0.9285714285714286,0.0714285714285714,0.17586619339206
ni_tfnbs,"e=1.3,h=0.5,n=30,start_thres=1.25",hub,0.25,30,4,40,1730,17,8,23,1722,0.425,0.0046242774566473,0.68,0.32,0.17586619339206
ni_tfnbs,"e=1.3,h=1.0,n=30,start_thres=1.25",hub,0.25,30,4,40,1730,18,8,22,1722,0.45,0.0046242774566473,0.6923076923076923,0.3076923076923077,0.17586619339206
ni_tfnbs,"e=1.3,h=2.0,n=30,start_thres=1.25",hub,0.25,30,4,40,1730,20,8,20,1722,0.5,0.0046242774566473,0.7142857142857143,0.2857142857142857,0.17586619339206
ni_tfnbs,"e=1.3,h=3.0,n=30,start_thres=1.25",hub,0.25,30,4,40,1730,19,6,21,1724,0.475,0.0034682080924855,0.76,0.24,0.17586619339206
ni_tfnbs,"e=1.3,h=4.0,n=30,start_thres=1.25",hub,0.25,30,4,40,1730,19,6,21,1724,0.475,0.0034682080924855,0.76,0.24,0.17586619339206
ni_tfnbs,"e=1.3,h=5.0,n=30,start_thres=1.25",hub,0.25,30,4,40,1730,19,6,21,1724,0.475,0.0034682080924855,0.76,0.24,0.17586619339206
ni_tfnbs,"e=1.3,h=6.0,n=30,start_thres=1.25",hub,0.25,30,4,40,1730,14,2,26,1728,0.35,0.0011560693641618,0.875,0.125,0.17586619339206
ni_tfnbs,"e=1.3,h=7.0,n=30,start_thres=1.25",hub,0.25,30,4,40,1730,14,2,26,1728,0.35,0.0011560693641618,0.875,0.125,0.17586619339206
ni_tfnbs,"e=1.3,h=8.0,n=30,start_thres=1.25",hub,0.25,30,4,40,1730,13,1,27,1729,0.325,0.0005780346820809,0.9285714285714286,0.0714285714285714,0.17586619339206
ni_tfnbs,"e=1.3,h=9.0,n=30,start_thres=1.25",hub,0.25,30,4,40,1730,13,1,27,1729,0.325,0.0005780346820809,0.9285714285714286,0.0714285714285714,0.17586619339206
ni_tfnbs,"e=1.3,h=10.0,n=30,start_thres=1.25",hub,0.25,30,4,40,1730,13,1,27,1729,0.325,0.0005780346820809,0.9285714285714286,0.0714285714285714,0.17586619339206
ni_tfnbs,"e=1.4,h=0.5,n=30,start_thres=1.25",hub,0.25,30,4,40,1730,17,10,23,1720,0.425,0.0057803468208092,0.6296296296296297,0.3703703703703703,0.17586619339206
ni_tfnbs,"e=1.4,h=1.0,n=30,start_thres=1.25",hub,0.25,30,4,40,1730,17,8,23,1722,0.425,0.0046242774566473,0.68,0.32,0.17586619339206
ni_tfnbs,"e=1.4,h=2.0,n=30,start_thres=1.25",hub,0.25,30,4,40,1730,20,8,20,1722,0.5,0.0046242774566473,0.7142857142857143,0.2857142857142857,0.17586619339206
ni_tfnbs,"e=1.4,h=3.0,n=30,start_thres=1.25",hub,0.25,30,4,40,1730,21,8,19,1722,0.525,0.0046242774566473,0.7241379310344828,0.2758620689655172,0.17586619339206
ni_tfnbs,"e=1.4,h=4.0,n=30,start_thres=1.25",hub,0.25,30,4,40,1730,19,6,21,1724,0.475,0.0034682080924855,0.76,0.24,0.17586619339206
ni_tfnbs,"e=1.4,h=5.0,n=30,start_thres=1.25",hub,0.25,30,4,40,1730,19,6,21,1724,0.475,0.0034682080924855,0.76,0.24,0.17586619339206
ni_tfnbs,"e=1.4,h=6.0,n=30,start_thres=1.25",hub,0.25,30,4,40,1730,16,4,24,1726,0.4,0.0023121387283236,0.8,0.2,0.17586619339206
ni_tfnbs,"e=1.4,h=7.0,n=30,start_thres=1.25",hub,0.25,30,4,40,1730,14,2,26,1728,0.35,0.0011560693641618,0.875,0.125,0.17586619339206
ni_tfnbs,"e=1.4,h=8.0,n=30,start_thres=1.25",hub,0.25,30,4,40,1730,13,1,27,1729,0.325,0.0005780346820809,0.9285714285714286,0.0714285714285714,0.17586619339206
ni_tfnbs,"e=1.4,h=9.0,n=30,start_thres=1.25",hub,0.25,30,4,40,1730,13,1,27,1729,0.325,0.0005780346820809,0.9285714285714286,0.0714285714285714,0.17586619339206
ni_tfnbs,"e=1.4,h=10.0,n=30,start_thres=1.25",hub,0.25,30,4,40,1730,13,1,27,1729,0.325,0.0005780346820809,0.9285714285714286,0.0714285714285714,0.17586619339206
ni_tfnbs,"e=1.5,h=0.5,n=30,start_thres=1.25",hub,0.25,30,4,40,1730,17,8,23,1722,0.425,0.0046242774566473,0.68,0.32,0.17586619339206
ni_tfnbs,"e=1.5,h=1.0,n=30,start_thres=1.25",hub,0.25,30,4,40,1730,17,10,23,1720,0.425,0.0057803468208092,0.6296296296296297,0.3703703703703703,0.17586619339206
ni_tfnbs,"e=1.5,h=2.0,n=30,start_thres=1.25",hub,0.25,30,4,40,1730,20,10,20,1720,0.5,0.0057803468208092,0.6666666666666666,0.3333333333333333,0.17586619339206
ni_tfnbs,"e=1.5,h=3.0,n=30,start_thres=1.25",hub,0.25,30,4,40,1730,20,8,20,1722,0.5,0.0046242774566473,0.7142857142857143,0.2857142857142857,0.17586619339206
ni_tfnbs,"e=1.5,h=4.0,n=30,start_thres=1.25",hub,0.25,30,4,40,1730,21,8,19,1722,0.525,0.0046242774566473,0.7241379310344828,0.2758620689655172,0.17586619339206
ni_tfnbs,"e=1.5,h=5.0,n=30,start_thres=1.25",hub,0.25,30,4,40,1730,19,6,21,1724,0.475,0.0034682080924855,0.76,0.24,0.17586619339206
ni_tfnbs,"e=1.5,h=6.0,n=30,start_thres=1.25",hub,0.25,30,4,40,1730,19,6,21,1724,0.475,0.0034682080924855,0.76,0.24,0.17586619339206
ni_tfnbs,"e=1.5,h=7.0,n=30,start_thres=1.25",hub,0.25,30,4,40,1730,16,2,24,1728,0.4,0.0011560693641618,0.8888888888888888,0.1111111111111111,0.17586619339206
ni_tfnbs,"e=1.5,h=8.0,n=30,start_thres=1.25",hub,0.25,30,4,40,1730,14,2,26,1728,0.35,0.0011560693641618,0.875,0.125,0.17586619339206
ni_tfnbs,"e=1.5,h=9.0,n=30,start_thres=1.25",hub,0.25,30,4,40,1730,13,1,27,1729,0.325,0.0005780346820809,0.9285714285714286,0.0714285714285714,0.17586619339206
ni_tfnbs,"e=1.5,h=10.0,n=30,start_thres=1.25",hub,0.25,30,4,40,1730,13,1,27,1729,0.325,0.0005780346820809,0.9285714285714286,0.0714285714285714,0.17586619339206
ni_tfnbs,"e=0.05,h=0.5,n=30,start_thres=1.25",hub,0.25,30,5,40,1730,1,0,39,1730,0.025,0.0,1.0,0.0,0.1753365654837001
ni_tfnbs,"e=0.05,h=1.0,n=30,start_thres=1.25",hub,0.25,30,5,40,1730,1,0,39,1730,0.025,0.0,1.0,0.0,0.1753365654837001
ni_tfnbs,"e=0.05,h=2.0,n=30,start_thres=1.25",hub,0.25,30,5,40,1730,1,0,39,1730,0.025,0.0,1.0,0.0,0.1753365654837001
ni_tfnbs,"e=0.05,h=3.0,n=30,start_thres=1.25",hub,0.25,30,5,40,1730,1,0,39,1730,0.025,0.0,1.0,0.0,0.1753365654837001
ni_tfnbs,"e=0.05,h=4.0,n=30,start_thres=1.25",hub,0.25,30,5,40,1730,1,0,39,1730,0.025,0.0,1.0,0.0,0.1753365654837001
ni_tfnbs,"e=0.05,h=5.0,n=30,start_thres=1.25",hub,0.25,30,5,40,1730,1,0,39,1730,0.025,0.0,1.0,0.0,0.1753365654837001
ni_tfnbs,"e=0.05,h=6.0,n=30,start_thres=1.25",hub,0.25,30,5,40,1730,1,0,39,1730,0.025,0.0,1.0,0.0,0.1753365654837001
ni_tfnbs,"e=0.05,h=7.0,n=30,start_thres=1.25",hub,0.25,30,5,40,1730,1,0,39,1730,0.025,0.0,1.0,0.0,0.1753365654837001
ni_tfnbs,"e=0.05,h=8.0,n=30,start_thres=1.25",hub,0.25,30,5,40,1730,1,0,39,1730,0.025,0.0,1.0,0.0,0.1753365654837001
ni_tfnbs,"e=0.05,h=9.0,n=30,start_thres=1.25",hub,0.25,30,5,40,1730,1,0,39,1730,0.025,0.0,1.0,0.0,0.1753365654837001
ni_tfnbs,"e=0.05,h=10.0,n=30,start_thres=1.25",hub,0.25,30,5,40,1730,1,0,39,1730,0.025,0.0,1.0,0.0,0.1753365654837001
ni_tfnbs,"e=0.1,h=0.5,n=30,start_thres=1.25",hub,0.25,30,5,40,1730,2,0,38,1730,0.05,0.0,1.0,0.0,0.1753365654837001
ni_tfnbs,"e=0.1,h=1.0,n=30,start_thres=1.25",hub,0.25,30,5,40,1730,2,0,38,1730,0.05,0.0,1.0,0.0,0.1753365654837001
ni_tfnbs,"e=0.1,h=2.0,n=30,start_thres=1.25",hub,0.25,30,5,40,1730,1,0,39,1730,0.025,0.0,1.0,0.0,0.1753365654837001
ni_tfnbs,"e=0.1,h=3.0,n=30,start_thres=1.25",hub,0.25,30,5,40,1730,1,0,39,1730,0.025,0.0,1.0,0.0,0.1753365654837001
ni_tfnbs,"e=0.1,h=4.0,n=30,start_thres=1.25",hub,0.25,30,5,40,1730,1,0,39,1730,0.025,0.0,1.0,0.0,0.1753365654837001
ni_tfnbs,"e=0.1,h=5.0,n=30,start_thres=1.25",hub,0.25,30,5,40,1730,1,0,39,1730,0.025,0.0,1.0,0.0,0.1753365654837001
ni_tfnbs,"e=0.1,h=6.0,n=30,start_thres=1.25",hub,0.25,30,5,40,1730,1,0,39,1730,0.025,0.0,1.0,0.0,0.1753365654837001
ni_tfnbs,"e=0.1,h=7.0,n=30,start_thres=1.25",hub,0.25,30,5,40,1730,1,0,39,1730,0.025,0.0,1.0,0.0,0.1753365654837001
ni_tfnbs,"e=0.1,h=8.0,n=30,start_thres=1.25",hub,0.25,30,5,40,1730,1,0,39,1730,0.025,0.0,1.0,0.0,0.1753365654837001
ni_tfnbs,"e=0.1,h=9.0,n=30,start_thres=1.25",hub,0.25,30,5,40,1730,1,0,39,1730,0.025,0.0,1.0,0.0,0.1753365654837001
ni_tfnbs,"e=0.1,h=10.0,n=30,start_thres=1.25",hub,0.25,30,5,40,1730,1,0,39,1730,0.025,0.0,1.0,0.0,0.1753365654837001
ni_tfnbs,"e=0.2,h=0.5,n=30,start_thres=1.25",hub,0.25,30,5,40,1730,2,0,38,1730,0.05,0.0,1.0,0.0,0.1753365654837001
ni_tfnbs,"e=0.2,h=1.0,n=30,start_thres=1.25",hub,0.25,30,5,40,1730,2,0,38,1730,0.05,0.0,1.0,0.0,0.1753365654837001
ni_tfnbs,"e=0.2,h=2.0,n=30,start_thres=1.25",hub,0.25,30,5,40,1730,2,0,38,1730,0.05,0.0,1.0,0.0,0.1753365654837001
ni_tfnbs,"e=0.2,h=3.0,n=30,start_thres=1.25",hub,0.25,30,5,40,1730,2,0,38,1730,0.05,0.0,1.0,0.0,0.1753365654837001
ni_tfnbs,"e=0.2,h=4.0,n=30,start_thres=1.25",hub,0.25,30,5,40,1730,2,0,38,1730,0.05,0.0,1.0,0.0,0.1753365654837001
ni_tfnbs,"e=0.2,h=5.0,n=30,start_thres=1.25",hub,0.25,30,5,40,1730,1,0,39,1730,0.025,0.0,1.0,0.0,0.1753365654837001
ni_tfnbs,"e=0.2,h=6.0,n=30,start_thres=1.25",hub,0.25,30,5,40,1730,1,0,39,1730,0.025,0.0,1.0,0.0,0.1753365654837001
ni_tfnbs,"e=0.2,h=7.0,n=30,start_thres=1.25",hub,0.25,30,5,40,1730,1,0,39,1730,0.025,0.0,1.0,0.0,0.1753365654837001
ni_tfnbs,"e=0.2,h=8.0,n=30,start_thres=1.25",hub,0.25,30,5,40,1730,1,0,39,1730,0.025,0.0,1.0,0.0,0.1753365654837001
ni_tfnbs,"e=0.2,h=9.0,n=30,start_thres=1.25",hub,0.25,30,5,40,1730,1,0,39,1730,0.025,0.0,1.0,0.0,0.1753365654837001
ni_tfnbs,"e=0.2,h=10.0,n=30,start_thres=1.25",hub,0.25,30,5,40,1730,1,0,39,1730,0.025,0.0,1.0,0.0,0.1753365654837001
ni_tfnbs,"e=0.3,h=0.5,n=30,start_thres=1.25",hub,0.25,30,5,40,1730,5,0,35,1730,0.125,0.0,1.0,0.0,0.1753365654837001
ni_tfnbs,"e=0.3,h=1.0,n=30,start_thres=1.25",hub,0.25,30,5,40,1730,5,0,35,1730,0.125,0.0,1.0,0.0,0.1753365654837001
ni_tfnbs,"e=0.3,h=2.0,n=30,start_thres=1.25",hub,0.25,30,5,40,1730,2,0,38,1730,0.05,0.0,1.0,0.0,0.1753365654837001
ni_tfnbs,"e=0.3,h=3.0,n=30,start_thres=1.25",hub,0.25,30,5,40,1730,2,0,38,1730,0.05,0.0,1.0,0.0,0.1753365654837001
ni_tfnbs,"e=0.3,h=4.0,n=30,start_thres=1.25",hub,0.25,30,5,40,1730,2,0,38,1730,0.05,0.0,1.0,0.0,0.1753365654837001
ni_tfnbs,"e=0.3,h=5.0,n=30,start_thres=1.25",hub,0.25,30,5,40,1730,2,0,38,1730,0.05,0.0,1.0,0.0,0.1753365654837001
ni_tfnbs,"e=0.3,h=6.0,n=30,start_thres=1.25",hub,0.25,30,5,40,1730,2,0,38,1730,0.05,0.0,1.0,0.0,0.1753365654837001
ni_tfnbs,"e=0.3,h=7.0,n=30,start_thres=1.25",hub,0.25,30,5,40,1730,1,0,39,1730,0.025,0.0,1.0,0.0,0.1753365654837001
ni_tfnbs,"e=0.3,h=8.0,n=30,start_thres=1.25",hub,0.25,30,5,40,1730,1,0,39,1730,0.025,0.0,1.0,0.0,0.1753365654837001
ni_tfnbs,"e=0.3,h=9.0,n=30,start_thres=1.25",hub,0.25,30,5,40,1730,1,0,39,1730,0.025,0.0,1.0,0.0,0.1753365654837001
ni_tfnbs,"e=0.3,h=10.0,n=30,start_thres=1.25",hub,0.25,30,5,40,1730,1,0,39,1730,0.025,0.0,1.0,0.0,0.1753365654837001
ni_tfnbs,"e=0.4,h=0.5,n=30,start_thres=1.25",hub,0.25,30,5,40,1730,8,0,32,1730,0.2,0.0,1.0,0.0,0.1753365654837001
ni_tfnbs,"e=0.4,h=1.0,n=30,start_thres=1.25",hub,0.25,30,5,40,1730,8,0,32,1730,0.2,0.0,1.0,0.0,0.1753365654837001
ni_tfnbs,"e=0.4,h=2.0,n=30,start_thres=1.25",hub,0.25,30,5,40,1730,5,0,35,1730,0.125,0.0,1.0,0.0,0.1753365654837001
ni_tfnbs,"e=0.4,h=3.0,n=30,start_thres=1.25",hub,0.25,30,5,40,1730,2,0,38,1730,0.05,0.0,1.0,0.0,0.1753365654837001
ni_tfnbs,"e=0.4,h=4.0,n=30,start_thres=1.25",hub,0.25,30,5,40,1730,2,0,38,1730,0.05,0.0,1.0,0.0,0.1753365654837001
ni_tfnbs,"e=0.4,h=5.0,n=30,start_thres=1.25",hub,0.25,30,5,40,1730,2,0,38,1730,0.05,0.0,1.0,0.0,0.1753365654837001
ni_tfnbs,"e=0.4,h=6.0,n=30,start_thres=1.25",hub,0.25,30,5,40,1730,2,0,38,1730,0.05,0.0,1.0,0.0,0.1753365654837001
ni_tfnbs,"e=0.4,h=7.0,n=30,start_thres=1.25",hub,0.25,30,5,40,1730,2,0,38,1730,0.05,0.0,1.0,0.0,0.1753365654837001
ni_tfnbs,"e=0.4,h=8.0,n=30,start_thres=1.25",hub,0.25,30,5,40,1730,2,0,38,1730,0.05,0.0,1.0,0.0,0.1753365654837001
ni_tfnbs,"e=0.4,h=9.0,n=30,start_thres=1.25",hub,0.25,30,5,40,1730,1,0,39,1730,0.025,0.0,1.0,0.0,0.1753365654837001
ni_tfnbs,"e=0.4,h=10.0,n=30,start_thres=1.25",hub,0.25,30,5,40,1730,1,0,39,1730,0.025,0.0,1.0,0.0,0.1753365654837001
ni_tfnbs,"e=0.5,h=0.5,n=30,start_thres=1.25",hub,0.25,30,5,40,1730,8,0,32,1730,0.2,0.0,1.0,0.0,0.1753365654837001
ni_tfnbs,"e=0.5,h=1.0,n=30,start_thres=1.25",hub,0.25,30,5,40,1730,8,0,32,1730,0.2,0.0,1.0,0.0,0.1753365654837001
ni_tfnbs,"e=0.5,h=2.0,n=30,start_thres=1.25",hub,0.25,30,5,40,1730,8,0,32,1730,0.2,0.0,1.0,0.0,0.1753365654837001
ni_tfnbs,"e=0.5,h=3.0,n=30,start_thres=1.25",hub,0.25,30,5,40,1730,5,0,35,1730,0.125,0.0,1.0,0.0,0.1753365654837001
ni_tfnbs,"e=0.5,h=4.0,n=30,start_thres=1.25",hub,0.25,30,5,40,1730,2,0,38,1730,0.05,0.0,1.0,0.0,0.1753365654837001
ni_tfnbs,"e=0.5,h=5.0,n=30,start_thres=1.25",hub,0.25,30,5,40,1730,2,0,38,1730,0.05,0.0,1.0,0.0,0.1753365654837001
ni_tfnbs,"e=0.5,h=6.0,n=30,start_thres=1.25",hub,0.25,30,5,40,1730,2,0,38,1730,0.05,0.0,1.0,0.0,0.1753365654837001
ni_tfnbs,"e=0.5,h=7.0,n=30,start_thres=1.25",hub,0.25,30,5,40,1730,2,0,38,1730,0.05,0.0,1.0,0.0,0.1753365654837001
ni_tfnbs,"e=0.5,h=8.0,n=30,start_thres=1.25",hub,0.25,30,5,40,1730,2,0,38,1730,0.05,0.0,1.0,0.0,0.1753365654837001
ni_tfnbs,"e=0.5,h=9.0,n=30,start_thres=1.25",hub,0.25,30,5,40,1730,2,0,38,1730,0.05,0.0,1.0,0.0,0.1753365654837001
ni_tfnbs,"e=0.5,h=10.0,n=30,start_thres=1.25",hub,0.25,30,5,40,1730,2,0,38,1730,0.05,0.0,1.0,0.0,0.1753365654837001
ni_tfnbs,"e=0.6,h=0.5,n=30,start_thres=1.25",hub,0.25,30,5,40,1730,9,0,31,1730,0.225,0.0,1.0,0.0,0.1753365654837001
ni_tfnbs,"e=0.6,h=1.0,n=30,start_thres=1.25",hub,0.25,30,5,40,1730,9,0,31,1730,0.225,0.0,1.0,0.0,0.1753365654837001
ni_tfnbs,"e=0.6,h=2.0,n=30,start_thres=1.25",hub,0.25,30,5,40,1730,8,0,32,1730,0.2,0.0,1.0,0.0,0.1753365654837001
ni_tfnbs,"e=0.6,h=3.0,n=30,start_thres=1.25",hub,0.25,30,5,40,1730,8,0,32,1730,0.2,0.0,1.0,0.0,0.1753365654837001
ni_tfnbs,"e=0.6,h=4.0,n=30,start_thres=1.25",hub,0.25,30,5,40,1730,5,0,35,1730,0.125,0.0,1.0,0.0,0.1753365654837001
ni_tfnbs,"e=0.6,h=5.0,n=30,start_thres=1.25",hub,0.25,30,5,40,1730,4,0,36,1730,0.1,0.0,1.0,0.0,0.1753365654837001
ni_tfnbs,"e=0.6,h=6.0,n=30,start_thres=1.25",hub,0.25,30,5,40,1730,2,0,38,1730,0.05,0.0,1.0,0.0,0.1753365654837001
ni_tfnbs,"e=0.6,h=7.0,n=30,start_thres=1.25",hub,0.25,30,5,40,1730,2,0,38,1730,0.05,0.0,1.0,0.0,0.1753365654837001
ni_tfnbs,"e=0.6,h=8.0,n=30,start_thres=1.25",hub,0.25,30,5,40,1730,2,0,38,1730,0.05,0.0,1.0,0.0,0.1753365654837001
ni_tfnbs,"e=0.6,h=9.0,n=30,start_thres=1.25",hub,0.25,30,5,40,1730,2,0,38,1730,0.05,0.0,1.0,0.0,0.1753365654837001
ni_tfnbs,"e=0.6,h=10.0,n=30,start_thres=1.25",hub,0.25,30,5,40,1730,2,0,38,1730,0.05,0.0,1.0,0.0,0.1753365654837001
ni_tfnbs,"e=0.7,h=0.5,n=30,start_thres=1.25",hub,0.25,30,5,40,1730,12,0,28,1730,0.3,0.0,1.0,0.0,0.1753365654837001
ni_tfnbs,"e=0.7,h=1.0,n=30,start_thres=1.25",hub,0.25,30,5,40,1730,12,0,28,1730,0.3,0.0,1.0,0.0,0.1753365654837001
ni_tfnbs,"e=0.7,h=2.0,n=30,start_thres=1.25",hub,0.25,30,5,40,1730,9,0,31,1730,0.225,0.0,1.0,0.0,0.1753365654837001
ni_tfnbs,"e=0.7,h=3.0,n=30,start_thres=1.25",hub,0.25,30,5,40,1730,8,0,32,1730,0.2,0.0,1.0,0.0,0.1753365654837001
ni_tfnbs,"e=0.7,h=4.0,n=30,start_thres=1.25",hub,0.25,30,5,40,1730,8,0,32,1730,0.2,0.0,1.0,0.0,0.1753365654837001
ni_tfnbs,"e=0.7,h=5.0,n=30,start_thres=1.25",hub,0.25,30,5,40,1730,5,0,35,1730,0.125,0.0,1.0,0.0,0.1753365654837001
ni_tfnbs,"e=0.7,h=6.0,n=30,start_thres=1.25",hub,0.25,30,5,40,1730,4,0,36,1730,0.1,0.0,1.0,0.0,0.1753365654837001
ni_tfnbs,"e=0.7,h=7.0,n=30,start_thres=1.25",hub,0.25,30,5,40,1730,2,0,38,1730,0.05,0.0,1.0,0.0,0.1753365654837001
ni_tfnbs,"e=0.7,h=8.0,n=30,start_thres=1.25",hub,0.25,30,5,40,1730,2,0,38,1730,0.05,0.0,1.0,0.0,0.1753365654837001
ni_tfnbs,"e=0.7,h=9.0,n=30,start_thres=1.25",hub,0.25,30,5,40,1730,2,0,38,1730,0.05,0.0,1.0,0.0,0.1753365654837001
ni_tfnbs,"e=0.7,h=10.0,n=30,start_thres=1.25",hub,0.25,30,5,40,1730,2,0,38,1730,0.05,0.0,1.0,0.0,0.1753365654837001
ni_tfnbs,"e=0.8,h=0.5,n=30,start_thres=1.25",hub,0.25,30,5,40,1730,11,0,29,1730,0.275,0.0,1.0,0.0,0.1753365654837001
ni_tfnbs,"e=0.8,h=1.0,n=30,start_thres=1.25",hub,0.25,30,5,40,1730,12,0,28,1730,0.3,0.0,1.0,0.0,0.1753365654837001
ni_tfnbs,"e=0.8,h=2.0,n=30,start_thres=1.25",hub,0.25,30,5,40,1730,12,0,28,1730,0.3,0.0,1.0,0.0,0.1753365654837001
ni_tfnbs,"e=0.8,h=3.0,n=30,start_thres=1.25",hub,0.25,30,5,40,1730,9,0,31,1730,0.225,0.0,1.0,0.0,0.1753365654837001
ni_tfnbs,"e=0.8,h=4.0,n=30,start_thres=1.25",hub,0.25,30,5,40,1730,8,0,32,1730,0.2,0.0,1.0,0.0,0.1753365654837001
ni_tfnbs,"e=0.8,h=5.0,n=30,start_thres=1.25",hub,0.25,30,5,40,1730,8,0,32,1730,0.2,0.0,1.0,0.0,0.1753365654837001
ni_tfnbs,"e=0.8,h=6.0,n=30,start_thres=1.25",hub,0.25,30,5,40,1730,5,0,35,1730,0.125,0.0,1.0,0.0,0.1753365654837001
ni_tfnbs,"e=0.8,h=7.0,n=30,start_thres=1.25",hub,0.25,30,5,40,1730,4,0,36,1730,0.1,0.0,1.0,0.0,0.1753365654837001
ni_tfnbs,"e=0.8,h=8.0,n=30,start_thres=1.25",hub,0.25,30,5,40,1730,2,0,38,1730,0.05,0.0,1.0,0.0,0.1753365654837001
ni_tfnbs,"e=0.8,h=9.0,n=30,start_thres=1.25",hub,0.25,30,5,40,1730,2,0,38,1730,0.05,0.0,1.0,0.0,0.1753365654837001
ni_tfnbs,"e=0.8,h=10.0,n=30,start_thres=1.25",hub,0.25,30,5,40,1730,2,0,38,1730,0.05,0.0,1.0,0.0,0.1753365654837001
ni_tfnbs,"e=0.9,h=0.5,n=30,start_thres=1.25",hub,0.25,30,5,40,1730,12,0,28,1730,0.3,0.0,1.0,0.0,0.1753365654837001
ni_tfnbs,"e=0.9,h=1.0,n=30,start_thres=1.25",hub,0.25,30,5,40,1730,13,0,27,1730,0.325,0.0,1.0,0.0,0.1753365654837001
ni_tfnbs,"e=0.9,h=2.0,n=30,start_thres=1.25",hub,0.25,30,5,40,1730,13,0,27,1730,0.325,0.0,1.0,0.0,0.1753365654837001
ni_tfnbs,"e=0.9,h=3.0,n=30,start_thres=1.25",hub,0.25,30,5,40,1730,13,0,27,1730,0.325,0.0,1.0,0.0,0.1753365654837001
ni_tfnbs,"e=0.9,h=4.0,n=30,start_thres=1.25",hub,0.25,30,5,40,1730,9,0,31,1730,0.225,0.0,1.0,0.0,0.1753365654837001
ni_tfnbs,"e=0.9,h=5.0,n=30,start_thres=1.25",hub,0.25,30,5,40,1730,8,0,32,1730,0.2,0.0,1.0,0.0,0.1753365654837001
ni_tfnbs,"e=0.9,h=6.0,n=30,start_thres=1.25",hub,0.25,30,5,40,1730,8,0,32,1730,0.2,0.0,1.0,0.0,0.1753365654837001
ni_tfnbs,"e=0.9,h=7.0,n=30,start_thres=1.25",hub,0.25,30,5,40,1730,5,0,35,1730,0.125,0.0,1.0,0.0,0.1753365654837001
ni_tfnbs,"e=0.9,h=8.0,n=30,start_thres=1.25",hub,0.25,30,5,40,1730,4,0,36,1730,0.1,0.0,1.0,0.0,0.1753365654837001
ni_tfnbs,"e=0.9,h=9.0,n=30,start_thres=1.25",hub,0.25,30,5,40,1730,2,0,38,1730,0.05,0.0,1.0,0.0,0.1753365654837001
ni_tfnbs,"e=0.9,h=10.0,n=30,start_thres=1.25",hub,0.25,30,5,40,1730,2,0,38,1730,0.05,0.0,1.0,0.0,0.1753365654837001
ni_tfnbs,"e=1.0,h=0.5,n=30,start_thres=1.25",hub,0.25,30,5,40,1730,13,0,27,1730,0.325,0.0,1.0,0.0,0.1753365654837001
ni_tfnbs,"e=1.0,h=1.0,n=30,start_thres=1.25",hub,0.25,30,5,40,1730,13,0,27,1730,0.325,0.0,1.0,0.0,0.1753365654837001
ni_tfnbs,"e=1.0,h=2.0,n=30,start_thres=1.25",hub,0.25,30,5,40,1730,14,0,26,1730,0.35,0.0,1.0,0.0,0.1753365654837001
ni_tfnbs,"e=1.0,h=3.0,n=30,start_thres=1.25",hub,0.25,30,5,40,1730,14,0,26,1730,0.35,0.0,1.0,0.0,0.1753365654837001
ni_tfnbs,"e=1.0,h=4.0,n=30,start_thres=1.25",hub,0.25,30,5,40,1730,11,0,29,1730,0.275,0.0,1.0,0.0,0.1753365654837001
ni_tfnbs,"e=1.0,h=5.0,n=30,start_thres=1.25",hub,0.25,30,5,40,1730,9,0,31,1730,0.225,0.0,1.0,0.0,0.1753365654837001
ni_tfnbs,"e=1.0,h=6.0,n=30,start_thres=1.25",hub,0.25,30,5,40,1730,8,0,32,1730,0.2,0.0,1.0,0.0,0.1753365654837001
ni_tfnbs,"e=1.0,h=7.0,n=30,start_thres=1.25",hub,0.25,30,5,40,1730,5,0,35,1730,0.125,0.0,1.0,0.0,0.1753365654837001
ni_tfnbs,"e=1.0,h=8.0,n=30,start_thres=1.25",hub,0.25,30,5,40,1730,4,0,36,1730,0.1,0.0,1.0,0.0,0.1753365654837001
ni_tfnbs,"e=1.0,h=9.0,n=30,start_thres=1.25",hub,0.25,30,5,40,1730,2,0,38,1730,0.05,0.0,1.0,0.0,0.1753365654837001
ni_tfnbs,"e=1.0,h=10.0,n=30,start_thres=1.25",hub,0.25,30,5,40,1730,2,0,38,1730,0.05,0.0,1.0,0.0,0.1753365654837001
ni_tfnbs,"e=1.1,h=0.5,n=30,start_thres=1.25",hub,0.25,30,5,40,1730,12,0,28,1730,0.3,0.0,1.0,0.0,0.1753365654837001
ni_tfnbs,"e=1.1,h=1.0,n=30,start_thres=1.25",hub,0.25,30,5,40,1730,13,0,27,1730,0.325,0.0,1.0,0.0,0.1753365654837001
ni_tfnbs,"e=1.1,h=2.0,n=30,start_thres=1.25",hub,0.25,30,5,40,1730,14,0,26,1730,0.35,0.0,1.0,0.0,0.1753365654837001
ni_tfnbs,"e=1.1,h=3.0,n=30,start_thres=1.25",hub,0.25,30,5,40,1730,14,0,26,1730,0.35,0.0,1.0,0.0,0.1753365654837001
ni_tfnbs,"e=1.1,h=4.0,n=30,start_thres=1.25",hub,0.25,30,5,40,1730,14,0,26,1730,0.35,0.0,1.0,0.0,0.1753365654837001
ni_tfnbs,"e=1.1,h=5.0,n=30,start_thres=1.25",hub,0.25,30,5,40,1730,11,0,29,1730,0.275,0.0,1.0,0.0,0.1753365654837001
ni_tfnbs,"e=1.1,h=6.0,n=30,start_thres=1.25",hub,0.25,30,5,40,1730,8,0,32,1730,0.2,0.0,1.0,0.0,0.1753365654837001
ni_tfnbs,"e=1.1,h=7.0,n=30,start_thres=1.25",hub,0.25,30,5,40,1730,8,0,32,1730,0.2,0.0,1.0,0.0,0.1753365654837001
ni_tfnbs,"e=1.1,h=8.0,n=30,start_thres=1.25",hub,0.25,30,5,40,1730,5,0,35,1730,0.125,0.0,1.0,0.0,0.1753365654837001
ni_tfnbs,"e=1.1,h=9.0,n=30,start_thres=1.25",hub,0.25,30,5,40,1730,4,0,36,1730,0.1,0.0,1.0,0.0,0.1753365654837001
ni_tfnbs,"e=1.1,h=10.0,n=30,start_thres=1.25",hub,0.25,30,5,40,1730,2,0,38,1730,0.05,0.0,1.0,0.0,0.1753365654837001
ni_tfnbs,"e=1.2,h=0.5,n=30,start_thres=1.25",hub,0.25,30,5,40,1730,12,0,28,1730,0.3,0.0,1.0,0.0,0.1753365654837001
ni_tfnbs,"e=1.2,h=1.0,n=30,start_thres=1.25",hub,0.25,30,5,40,1730,13,0,27,1730,0.325,0.0,1.0,0.0,0.1753365654837001
ni_tfnbs,"e=1.2,h=2.0,n=30,start_thres=1.25",hub,0.25,30,5,40,1730,13,0,27,1730,0.325,0.0,1.0,0.0,0.1753365654837001
ni_tfnbs,"e=1.2,h=3.0,n=30,start_thres=1.25",hub,0.25,30,5,40,1730,14,0,26,1730,0.35,0.0,1.0,0.0,0.1753365654837001
ni_tfnbs,"e=1.2,h=4.0,n=30,start_thres=1.25",hub,0.25,30,5,40,1730,15,0,25,1730,0.375,0.0,1.0,0.0,0.1753365654837001
ni_tfnbs,"e=1.2,h=5.0,n=30,start_thres=1.25",hub,0.25,30,5,40,1730,13,0,27,1730,0.325,0.0,1.0,0.0,0.1753365654837001
ni_tfnbs,"e=1.2,h=6.0,n=30,start_thres=1.25",hub,0.25,30,5,40,1730,10,0,30,1730,0.25,0.0,1.0,0.0,0.1753365654837001
ni_tfnbs,"e=1.2,h=7.0,n=30,start_thres=1.25",hub,0.25,30,5,40,1730,8,0,32,1730,0.2,0.0,1.0,0.0,0.1753365654837001
ni_tfnbs,"e=1.2,h=8.0,n=30,start_thres=1.25",hub,0.25,30,5,40,1730,8,0,32,1730,0.2,0.0,1.0,0.0,0.1753365654837001
ni_tfnbs,"e=1.2,h=9.0,n=30,start_thres=1.25",hub,0.25,30,5,40,1730,5,0,35,1730,0.125,0.0,1.0,0.0,0.1753365654837001
ni_tfnbs,"e=1.2,h=10.0,n=30,start_thres=1.25",hub,0.25,30,5,40,1730,4,0,36,1730,0.1,0.0,1.0,0.0,0.1753365654837001
ni_tfnbs,"e=1.3,h=0.5,n=30,start_thres=1.25",hub,0.25,30,5,40,1730,11,0,29,1730,0.275,0.0,1.0,0.0,0.1753365654837001
ni_tfnbs,"e=1.3,h=1.0,n=30,start_thres=1.25",hub,0.25,30,5,40,1730,13,0,27,1730,0.325,0.0,1.0,0.0,0.1753365654837001
ni_tfnbs,"e=1.3,h=2.0,n=30,start_thres=1.25",hub,0.25,30,5,40,1730,13,0,27,1730,0.325,0.0,1.0,0.0,0.1753365654837001
ni_tfnbs,"e=1.3,h=3.0,n=30,start_thres=1.25",hub,0.25,30,5,40,1730,14,0,26,1730,0.35,0.0,1.0,0.0,0.1753365654837001
ni_tfnbs,"e=1.3,h=4.0,n=30,start_thres=1.25",hub,0.25,30,5,40,1730,15,0,25,1730,0.375,0.0,1.0,0.0,0.1753365654837001
ni_tfnbs,"e=1.3,h=5.0,n=30,start_thres=1.25",hub,0.25,30,5,40,1730,15,0,25,1730,0.375,0.0,1.0,0.0,0.1753365654837001
ni_tfnbs,"e=1.3,h=6.0,n=30,start_thres=1.25",hub,0.25,30,5,40,1730,13,0,27,1730,0.325,0.0,1.0,0.0,0.1753365654837001
ni_tfnbs,"e=1.3,h=7.0,n=30,start_thres=1.25",hub,0.25,30,5,40,1730,10,0,30,1730,0.25,0.0,1.0,0.0,0.1753365654837001
ni_tfnbs,"e=1.3,h=8.0,n=30,start_thres=1.25",hub,0.25,30,5,40,1730,8,0,32,1730,0.2,0.0,1.0,0.0,0.1753365654837001
ni_tfnbs,"e=1.3,h=9.0,n=30,start_thres=1.25",hub,0.25,30,5,40,1730,8,0,32,1730,0.2,0.0,1.0,0.0,0.1753365654837001
ni_tfnbs,"e=1.3,h=10.0,n=30,start_thres=1.25",hub,0.25,30,5,40,1730,5,0,35,1730,0.125,0.0,1.0,0.0,0.1753365654837001
ni_tfnbs,"e=1.4,h=0.5,n=30,start_thres=1.25",hub,0.25,30,5,40,1730,10,0,30,1730,0.25,0.0,1.0,0.0,0.1753365654837001
ni_tfnbs,"e=1.4,h=1.0,n=30,start_thres=1.25",hub,0.25,30,5,40,1730,12,0,28,1730,0.3,0.0,1.0,0.0,0.1753365654837001
ni_tfnbs,"e=1.4,h=2.0,n=30,start_thres=1.25",hub,0.25,30,5,40,1730,13,0,27,1730,0.325,0.0,1.0,0.0,0.1753365654837001
ni_tfnbs,"e=1.4,h=3.0,n=30,start_thres=1.25",hub,0.25,30,5,40,1730,13,0,27,1730,0.325,0.0,1.0,0.0,0.1753365654837001
ni_tfnbs,"e=1.4,h=4.0,n=30,start_thres=1.25",hub,0.25,30,5,40,1730,15,0,25,1730,0.375,0.0,1.0,0.0,0.1753365654837001
ni_tfnbs,"e=1.4,h=5.0,n=30,start_thres=1.25",hub,0.25,30,5,40,1730,15,0,25,1730,0.375,0.0,1.0,0.0,0.1753365654837001
ni_tfnbs,"e=1.4,h=6.0,n=30,start_thres=1.25",hub,0.25,30,5,40,1730,14,0,26,1730,0.35,0.0,1.0,0.0,0.1753365654837001
ni_tfnbs,"e=1.4,h=7.0,n=30,start_thres=1.25",hub,0.25,30,5,40,1730,11,0,29,1730,0.275,0.0,1.0,0.0,0.1753365654837001
ni_tfnbs,"e=1.4,h=8.0,n=30,start_thres=1.25",hub,0.25,30,5,40,1730,10,0,30,1730,0.25,0.0,1.0,0.0,0.1753365654837001
ni_tfnbs,"e=1.4,h=9.0,n=30,start_thres=1.25",hub,0.25,30,5,40,1730,8,0,32,1730,0.2,0.0,1.0,0.0,0.1753365654837001
ni_tfnbs,"e=1.4,h=10.0,n=30,start_thres=1.25",hub,0.25,30,5,40,1730,8,0,32,1730,0.2,0.0,1.0,0.0,0.1753365654837001
ni_tfnbs,"e=1.5,h=0.5,n=30,start_thres=1.25",hub,0.25,30,5,40,1730,9,0,31,1730,0.225,0.0,1.0,0.0,0.1753365654837001
ni_tfnbs,"e=1.5,h=1.0,n=30,start_thres=1.25",hub,0.25,30,5,40,1730,11,0,29,1730,0.275,0.0,1.0,0.0,0.1753365654837001
ni_tfnbs,"e=1.5,h=2.0,n=30,start_thres=1.25",hub,0.25,30,5,40,1730,13,0,27,1730,0.325,0.0,1.0,0.0,0.1753365654837001
ni_tfnbs,"e=1.5,h=3.0,n=30,start_thres=1.25",hub,0.25,30,5,40,1730,13,0,27,1730,0.325,0.0,1.0,0.0,0.1753365654837001
ni_tfnbs,"e=1.5,h=4.0,n=30,start_thres=1.25",hub,0.25,30,5,40,1730,14,0,26,1730,0.35,0.0,1.0,0.0,0.1753365654837001
ni_tfnbs,"e=1.5,h=5.0,n=30,start_thres=1.25",hub,0.25,30,5,40,1730,15,0,25,1730,0.375,0.0,1.0,0.0,0.1753365654837001
ni_tfnbs,"e=1.5,h=6.0,n=30,start_thres=1.25",hub,0.25,30,5,40,1730,15,0,25,1730,0.375,0.0,1.0,0.0,0.1753365654837001
ni_tfnbs,"e=1.5,h=7.0,n=30,start_thres=1.25",hub,0.25,30,5,40,1730,14,0,26,1730,0.35,0.0,1.0,0.0,0.1753365654837001
ni_tfnbs,"e=1.5,h=8.0,n=30,start_thres=1.25",hub,0.25,30,5,40,1730,11,0,29,1730,0.275,0.0,1.0,0.0,0.1753365654837001
ni_tfnbs,"e=1.5,h=9.0,n=30,start_thres=1.25",hub,0.25,30,5,40,1730,8,0,32,1730,0.2,0.0,1.0,0.0,0.1753365654837001
ni_tfnbs,"e=1.5,h=10.0,n=30,start_thres=1.25",hub,0.25,30,5,40,1730,8,0,32,1730,0.2,0.0,1.0,0.0,0.1753365654837001
ni_tfnbs,"e=0.05,h=0.5,n=30,start_thres=1.25",hub,0.25,30,6,40,1730,4,0,36,1730,0.1,0.0,1.0,0.0,0.1689921197566119
ni_tfnbs,"e=0.05,h=1.0,n=30,start_thres=1.25",hub,0.25,30,6,40,1730,4,0,36,1730,0.1,0.0,1.0,0.0,0.1689921197566119
ni_tfnbs,"e=0.05,h=2.0,n=30,start_thres=1.25",hub,0.25,30,6,40,1730,4,0,36,1730,0.1,0.0,1.0,0.0,0.1689921197566119
ni_tfnbs,"e=0.05,h=3.0,n=30,start_thres=1.25",hub,0.25,30,6,40,1730,4,0,36,1730,0.1,0.0,1.0,0.0,0.1689921197566119
ni_tfnbs,"e=0.05,h=4.0,n=30,start_thres=1.25",hub,0.25,30,6,40,1730,4,0,36,1730,0.1,0.0,1.0,0.0,0.1689921197566119
ni_tfnbs,"e=0.05,h=5.0,n=30,start_thres=1.25",hub,0.25,30,6,40,1730,4,0,36,1730,0.1,0.0,1.0,0.0,0.1689921197566119
ni_tfnbs,"e=0.05,h=6.0,n=30,start_thres=1.25",hub,0.25,30,6,40,1730,4,0,36,1730,0.1,0.0,1.0,0.0,0.1689921197566119
ni_tfnbs,"e=0.05,h=7.0,n=30,start_thres=1.25",hub,0.25,30,6,40,1730,4,0,36,1730,0.1,0.0,1.0,0.0,0.1689921197566119
ni_tfnbs,"e=0.05,h=8.0,n=30,start_thres=1.25",hub,0.25,30,6,40,1730,4,0,36,1730,0.1,0.0,1.0,0.0,0.1689921197566119
ni_tfnbs,"e=0.05,h=9.0,n=30,start_thres=1.25",hub,0.25,30,6,40,1730,4,0,36,1730,0.1,0.0,1.0,0.0,0.1689921197566119
ni_tfnbs,"e=0.05,h=10.0,n=30,start_thres=1.25",hub,0.25,30,6,40,1730,4,0,36,1730,0.1,0.0,1.0,0.0,0.1689921197566119
ni_tfnbs,"e=0.1,h=0.5,n=30,start_thres=1.25",hub,0.25,30,6,40,1730,5,0,35,1730,0.125,0.0,1.0,0.0,0.1689921197566119
ni_tfnbs,"e=0.1,h=1.0,n=30,start_thres=1.25",hub,0.25,30,6,40,1730,5,0,35,1730,0.125,0.0,1.0,0.0,0.1689921197566119
ni_tfnbs,"e=0.1,h=2.0,n=30,start_thres=1.25",hub,0.25,30,6,40,1730,5,0,35,1730,0.125,0.0,1.0,0.0,0.1689921197566119
ni_tfnbs,"e=0.1,h=3.0,n=30,start_thres=1.25",hub,0.25,30,6,40,1730,5,0,35,1730,0.125,0.0,1.0,0.0,0.1689921197566119
ni_tfnbs,"e=0.1,h=4.0,n=30,start_thres=1.25",hub,0.25,30,6,40,1730,4,0,36,1730,0.1,0.0,1.0,0.0,0.1689921197566119
ni_tfnbs,"e=0.1,h=5.0,n=30,start_thres=1.25",hub,0.25,30,6,40,1730,4,0,36,1730,0.1,0.0,1.0,0.0,0.1689921197566119
ni_tfnbs,"e=0.1,h=6.0,n=30,start_thres=1.25",hub,0.25,30,6,40,1730,4,0,36,1730,0.1,0.0,1.0,0.0,0.1689921197566119
ni_tfnbs,"e=0.1,h=7.0,n=30,start_thres=1.25",hub,0.25,30,6,40,1730,4,0,36,1730,0.1,0.0,1.0,0.0,0.1689921197566119
ni_tfnbs,"e=0.1,h=8.0,n=30,start_thres=1.25",hub,0.25,30,6,40,1730,4,0,36,1730,0.1,0.0,1.0,0.0,0.1689921197566119
ni_tfnbs,"e=0.1,h=9.0,n=30,start_thres=1.25",hub,0.25,30,6,40,1730,4,0,36,1730,0.1,0.0,1.0,0.0,0.1689921197566119
ni_tfnbs,"e=0.1,h=10.0,n=30,start_thres=1.25",hub,0.25,30,6,40,1730,4,0,36,1730,0.1,0.0,1.0,0.0,0.1689921197566119
ni_tfnbs,"e=0.2,h=0.5,n=30,start_thres=1.25",hub,0.25,30,6,40,1730,5,0,35,1730,0.125,0.0,1.0,0.0,0.1689921197566119
ni_tfnbs,"e=0.2,h=1.0,n=30,start_thres=1.25",hub,0.25,30,6,40,1730,5,0,35,1730,0.125,0.0,1.0,0.0,0.1689921197566119
ni_tfnbs,"e=0.2,h=2.0,n=30,start_thres=1.25",hub,0.25,30,6,40,1730,5,0,35,1730,0.125,0.0,1.0,0.0,0.1689921197566119
ni_tfnbs,"e=0.2,h=3.0,n=30,start_thres=1.25",hub,0.25,30,6,40,1730,5,0,35,1730,0.125,0.0,1.0,0.0,0.1689921197566119
ni_tfnbs,"e=0.2,h=4.0,n=30,start_thres=1.25",hub,0.25,30,6,40,1730,5,0,35,1730,0.125,0.0,1.0,0.0,0.1689921197566119
ni_tfnbs,"e=0.2,h=5.0,n=30,start_thres=1.25",hub,0.25,30,6,40,1730,5,0,35,1730,0.125,0.0,1.0,0.0,0.1689921197566119
ni_tfnbs,"e=0.2,h=6.0,n=30,start_thres=1.25",hub,0.25,30,6,40,1730,5,0,35,1730,0.125,0.0,1.0,0.0,0.1689921197566119
ni_tfnbs,"e=0.2,h=7.0,n=30,start_thres=1.25",hub,0.25,30,6,40,1730,5,0,35,1730,0.125,0.0,1.0,0.0,0.1689921197566119
ni_tfnbs,"e=0.2,h=8.0,n=30,start_thres=1.25",hub,0.25,30,6,40,1730,4,0,36,1730,0.1,0.0,1.0,0.0,0.1689921197566119
ni_tfnbs,"e=0.2,h=9.0,n=30,start_thres=1.25",hub,0.25,30,6,40,1730,4,0,36,1730,0.1,0.0,1.0,0.0,0.1689921197566119
ni_tfnbs,"e=0.2,h=10.0,n=30,start_thres=1.25",hub,0.25,30,6,40,1730,4,0,36,1730,0.1,0.0,1.0,0.0,0.1689921197566119
ni_tfnbs,"e=0.3,h=0.5,n=30,start_thres=1.25",hub,0.25,30,6,40,1730,7,0,33,1730,0.175,0.0,1.0,0.0,0.1689921197566119
ni_tfnbs,"e=0.3,h=1.0,n=30,start_thres=1.25",hub,0.25,30,6,40,1730,6,0,34,1730,0.15,0.0,1.0,0.0,0.1689921197566119
ni_tfnbs,"e=0.3,h=2.0,n=30,start_thres=1.25",hub,0.25,30,6,40,1730,6,0,34,1730,0.15,0.0,1.0,0.0,0.1689921197566119
ni_tfnbs,"e=0.3,h=3.0,n=30,start_thres=1.25",hub,0.25,30,6,40,1730,5,0,35,1730,0.125,0.0,1.0,0.0,0.1689921197566119
ni_tfnbs,"e=0.3,h=4.0,n=30,start_thres=1.25",hub,0.25,30,6,40,1730,5,0,35,1730,0.125,0.0,1.0,0.0,0.1689921197566119
ni_tfnbs,"e=0.3,h=5.0,n=30,start_thres=1.25",hub,0.25,30,6,40,1730,5,0,35,1730,0.125,0.0,1.0,0.0,0.1689921197566119
ni_tfnbs,"e=0.3,h=6.0,n=30,start_thres=1.25",hub,0.25,30,6,40,1730,5,0,35,1730,0.125,0.0,1.0,0.0,0.1689921197566119
ni_tfnbs,"e=0.3,h=7.0,n=30,start_thres=1.25",hub,0.25,30,6,40,1730,5,0,35,1730,0.125,0.0,1.0,0.0,0.1689921197566119
ni_tfnbs,"e=0.3,h=8.0,n=30,start_thres=1.25",hub,0.25,30,6,40,1730,5,0,35,1730,0.125,0.0,1.0,0.0,0.1689921197566119
ni_tfnbs,"e=0.3,h=9.0,n=30,start_thres=1.25",hub,0.25,30,6,40,1730,5,0,35,1730,0.125,0.0,1.0,0.0,0.1689921197566119
ni_tfnbs,"e=0.3,h=10.0,n=30,start_thres=1.25",hub,0.25,30,6,40,1730,5,0,35,1730,0.125,0.0,1.0,0.0,0.1689921197566119
ni_tfnbs,"e=0.4,h=0.5,n=30,start_thres=1.25",hub,0.25,30,6,40,1730,9,0,31,1730,0.225,0.0,1.0,0.0,0.1689921197566119
ni_tfnbs,"e=0.4,h=1.0,n=30,start_thres=1.25",hub,0.25,30,6,40,1730,8,0,32,1730,0.2,0.0,1.0,0.0,0.1689921197566119
ni_tfnbs,"e=0.4,h=2.0,n=30,start_thres=1.25",hub,0.25,30,6,40,1730,8,0,32,1730,0.2,0.0,1.0,0.0,0.1689921197566119
ni_tfnbs,"e=0.4,h=3.0,n=30,start_thres=1.25",hub,0.25,30,6,40,1730,6,0,34,1730,0.15,0.0,1.0,0.0,0.1689921197566119
ni_tfnbs,"e=0.4,h=4.0,n=30,start_thres=1.25",hub,0.25,30,6,40,1730,5,0,35,1730,0.125,0.0,1.0,0.0,0.1689921197566119
ni_tfnbs,"e=0.4,h=5.0,n=30,start_thres=1.25",hub,0.25,30,6,40,1730,5,0,35,1730,0.125,0.0,1.0,0.0,0.1689921197566119
ni_tfnbs,"e=0.4,h=6.0,n=30,start_thres=1.25",hub,0.25,30,6,40,1730,5,0,35,1730,0.125,0.0,1.0,0.0,0.1689921197566119
ni_tfnbs,"e=0.4,h=7.0,n=30,start_thres=1.25",hub,0.25,30,6,40,1730,5,0,35,1730,0.125,0.0,1.0,0.0,0.1689921197566119
ni_tfnbs,"e=0.4,h=8.0,n=30,start_thres=1.25",hub,0.25,30,6,40,1730,5,0,35,1730,0.125,0.0,1.0,0.0,0.1689921197566119
ni_tfnbs,"e=0.4,h=9.0,n=30,start_thres=1.25",hub,0.25,30,6,40,1730,5,0,35,1730,0.125,0.0,1.0,0.0,0.1689921197566119
ni_tfnbs,"e=0.4,h=10.0,n=30,start_thres=1.25",hub,0.25,30,6,40,1730,5,0,35,1730,0.125,0.0,1.0,0.0,0.1689921197566119
ni_tfnbs,"e=0.5,h=0.5,n=30,start_thres=1.25",hub,0.25,30,6,40,1730,11,0,29,1730,0.275,0.0,1.0,0.0,0.1689921197566119
ni_tfnbs,"e=0.5,h=1.0,n=30,start_thres=1.25",hub,0.25,30,6,40,1730,10,0,30,1730,0.25,0.0,1.0,0.0,0.1689921197566119
ni_tfnbs,"e=0.5,h=2.0,n=30,start_thres=1.25",hub,0.25,30,6,40,1730,9,0,31,1730,0.225,0.0,1.0,0.0,0.1689921197566119
ni_tfnbs,"e=0.5,h=3.0,n=30,start_thres=1.25",hub,0.25,30,6,40,1730,8,0,32,1730,0.2,0.0,1.0,0.0,0.1689921197566119
ni_tfnbs,"e=0.5,h=4.0,n=30,start_thres=1.25",hub,0.25,30,6,40,1730,6,0,34,1730,0.15,0.0,1.0,0.0,0.1689921197566119
ni_tfnbs,"e=0.5,h=5.0,n=30,start_thres=1.25",hub,0.25,30,6,40,1730,6,0,34,1730,0.15,0.0,1.0,0.0,0.1689921197566119
ni_tfnbs,"e=0.5,h=6.0,n=30,start_thres=1.25",hub,0.25,30,6,40,1730,5,0,35,1730,0.125,0.0,1.0,0.0,0.1689921197566119
ni_tfnbs,"e=0.5,h=7.0,n=30,start_thres=1.25",hub,0.25,30,6,40,1730,5,0,35,1730,0.125,0.0,1.0,0.0,0.1689921197566119
ni_tfnbs,"e=0.5,h=8.0,n=30,start_thres=1.25",hub,0.25,30,6,40,1730,5,0,35,1730,0.125,0.0,1.0,0.0,0.1689921197566119
ni_tfnbs,"e=0.5,h=9.0,n=30,start_thres=1.25",hub,0.25,30,6,40,1730,5,0,35,1730,0.125,0.0,1.0,0.0,0.1689921197566119
ni_tfnbs,"e=0.5,h=10.0,n=30,start_thres=1.25",hub,0.25,30,6,40,1730,5,0,35,1730,0.125,0.0,1.0,0.0,0.1689921197566119
ni_tfnbs,"e=0.6,h=0.5,n=30,start_thres=1.25",hub,0.25,30,6,40,1730,13,0,27,1730,0.325,0.0,1.0,0.0,0.1689921197566119
ni_tfnbs,"e=0.6,h=1.0,n=30,start_thres=1.25",hub,0.25,30,6,40,1730,13,0,27,1730,0.325,0.0,1.0,0.0,0.1689921197566119
ni_tfnbs,"e=0.6,h=2.0,n=30,start_thres=1.25",hub,0.25,30,6,40,1730,12,0,28,1730,0.3,0.0,1.0,0.0,0.1689921197566119
ni_tfnbs,"e=0.6,h=3.0,n=30,start_thres=1.25",hub,0.25,30,6,40,1730,9,0,31,1730,0.225,0.0,1.0,0.0,0.1689921197566119
ni_tfnbs,"e=0.6,h=4.0,n=30,start_thres=1.25",hub,0.25,30,6,40,1730,8,0,32,1730,0.2,0.0,1.0,0.0,0.1689921197566119
ni_tfnbs,"e=0.6,h=5.0,n=30,start_thres=1.25",hub,0.25,30,6,40,1730,6,0,34,1730,0.15,0.0,1.0,0.0,0.1689921197566119
ni_tfnbs,"e=0.6,h=6.0,n=30,start_thres=1.25",hub,0.25,30,6,40,1730,6,0,34,1730,0.15,0.0,1.0,0.0,0.1689921197566119
ni_tfnbs,"e=0.6,h=7.0,n=30,start_thres=1.25",hub,0.25,30,6,40,1730,5,0,35,1730,0.125,0.0,1.0,0.0,0.1689921197566119
ni_tfnbs,"e=0.6,h=8.0,n=30,start_thres=1.25",hub,0.25,30,6,40,1730,5,0,35,1730,0.125,0.0,1.0,0.0,0.1689921197566119
ni_tfnbs,"e=0.6,h=9.0,n=30,start_thres=1.25",hub,0.25,30,6,40,1730,5,0,35,1730,0.125,0.0,1.0,0.0,0.1689921197566119
ni_tfnbs,"e=0.6,h=10.0,n=30,start_thres=1.25",hub,0.25,30,6,40,1730,5,0,35,1730,0.125,0.0,1.0,0.0,0.1689921197566119
ni_tfnbs,"e=0.7,h=0.5,n=30,start_thres=1.25",hub,0.25,30,6,40,1730,13,0,27,1730,0.325,0.0,1.0,0.0,0.1689921197566119
ni_tfnbs,"e=0.7,h=1.0,n=30,start_thres=1.25",hub,0.25,30,6,40,1730,14,0,26,1730,0.35,0.0,1.0,0.0,0.1689921197566119
ni_tfnbs,"e=0.7,h=2.0,n=30,start_thres=1.25",hub,0.25,30,6,40,1730,14,0,26,1730,0.35,0.0,1.0,0.0,0.1689921197566119
ni_tfnbs,"e=0.7,h=3.0,n=30,start_thres=1.25",hub,0.25,30,6,40,1730,12,0,28,1730,0.3,0.0,1.0,0.0,0.1689921197566119
ni_tfnbs,"e=0.7,h=4.0,n=30,start_thres=1.25",hub,0.25,30,6,40,1730,9,0,31,1730,0.225,0.0,1.0,0.0,0.1689921197566119
ni_tfnbs,"e=0.7,h=5.0,n=30,start_thres=1.25",hub,0.25,30,6,40,1730,8,0,32,1730,0.2,0.0,1.0,0.0,0.1689921197566119
ni_tfnbs,"e=0.7,h=6.0,n=30,start_thres=1.25",hub,0.25,30,6,40,1730,7,0,33,1730,0.175,0.0,1.0,0.0,0.1689921197566119
ni_tfnbs,"e=0.7,h=7.0,n=30,start_thres=1.25",hub,0.25,30,6,40,1730,6,0,34,1730,0.15,0.0,1.0,0.0,0.1689921197566119
ni_tfnbs,"e=0.7,h=8.0,n=30,start_thres=1.25",hub,0.25,30,6,40,1730,5,0,35,1730,0.125,0.0,1.0,0.0,0.1689921197566119
ni_tfnbs,"e=0.7,h=9.0,n=30,start_thres=1.25",hub,0.25,30,6,40,1730,5,0,35,1730,0.125,0.0,1.0,0.0,0.1689921197566119
ni_tfnbs,"e=0.7,h=10.0,n=30,start_thres=1.25",hub,0.25,30,6,40,1730,5,0,35,1730,0.125,0.0,1.0,0.0,0.1689921197566119
ni_tfnbs,"e=0.8,h=0.5,n=30,start_thres=1.25",hub,0.25,30,6,40,1730,14,0,26,1730,0.35,0.0,1.0,0.0,0.1689921197566119
ni_tfnbs,"e=0.8,h=1.0,n=30,start_thres=1.25",hub,0.25,30,6,40,1730,14,0,26,1730,0.35,0.0,1.0,0.0,0.1689921197566119
ni_tfnbs,"e=0.8,h=2.0,n=30,start_thres=1.25",hub,0.25,30,6,40,1730,14,0,26,1730,0.35,0.0,1.0,0.0,0.1689921197566119
ni_tfnbs,"e=0.8,h=3.0,n=30,start_thres=1.25",hub,0.25,30,6,40,1730,14,0,26,1730,0.35,0.0,1.0,0.0,0.1689921197566119
ni_tfnbs,"e=0.8,h=4.0,n=30,start_thres=1.25",hub,0.25,30,6,40,1730,12,0,28,1730,0.3,0.0,1.0,0.0,0.1689921197566119
ni_tfnbs,"e=0.8,h=5.0,n=30,start_thres=1.25",hub,0.25,30,6,40,1730,9,0,31,1730,0.225,0.0,1.0,0.0,0.1689921197566119
ni_tfnbs,"e=0.8,h=6.0,n=30,start_thres=1.25",hub,0.25,30,6,40,1730,8,0,32,1730,0.2,0.0,1.0,0.0,0.1689921197566119
ni_tfnbs,"e=0.8,h=7.0,n=30,start_thres=1.25",hub,0.25,30,6,40,1730,7,0,33,1730,0.175,0.0,1.0,0.0,0.1689921197566119
ni_tfnbs,"e=0.8,h=8.0,n=30,start_thres=1.25",hub,0.25,30,6,40,1730,6,0,34,1730,0.15,0.0,1.0,0.0,0.1689921197566119
ni_tfnbs,"e=0.8,h=9.0,n=30,start_thres=1.25",hub,0.25,30,6,40,1730,5,0,35,1730,0.125,0.0,1.0,0.0,0.1689921197566119
ni_tfnbs,"e=0.8,h=10.0,n=30,start_thres=1.25",hub,0.25,30,6,40,1730,5,0,35,1730,0.125,0.0,1.0,0.0,0.1689921197566119
ni_tfnbs,"e=0.9,h=0.5,n=30,start_thres=1.25",hub,0.25,30,6,40,1730,13,0,27,1730,0.325,0.0,1.0,0.0,0.1689921197566119
ni_tfnbs,"e=0.9,h=1.0,n=30,start_thres=1.25",hub,0.25,30,6,40,1730,15,0,25,1730,0.375,0.0,1.0,0.0,0.1689921197566119
ni_tfnbs,"e=0.9,h=2.0,n=30,start_thres=1.25",hub,0.25,30,6,40,1730,14,0,26,1730,0.35,0.0,1.0,0.0,0.1689921197566119
ni_tfnbs,"e=0.9,h=3.0,n=30,start_thres=1.25",hub,0.25,30,6,40,1730,15,0,25,1730,0.375,0.0,1.0,0.0,0.1689921197566119
ni_tfnbs,"e=0.9,h=4.0,n=30,start_thres=1.25",hub,0.25,30,6,40,1730,14,0,26,1730,0.35,0.0,1.0,0.0,0.1689921197566119
ni_tfnbs,"e=0.9,h=5.0,n=30,start_thres=1.25",hub,0.25,30,6,40,1730,11,0,29,1730,0.275,0.0,1.0,0.0,0.1689921197566119
ni_tfnbs,"e=0.9,h=6.0,n=30,start_thres=1.25",hub,0.25,30,6,40,1730,8,0,32,1730,0.2,0.0,1.0,0.0,0.1689921197566119
ni_tfnbs,"e=0.9,h=7.0,n=30,start_thres=1.25",hub,0.25,30,6,40,1730,8,0,32,1730,0.2,0.0,1.0,0.0,0.1689921197566119
ni_tfnbs,"e=0.9,h=8.0,n=30,start_thres=1.25",hub,0.25,30,6,40,1730,6,0,34,1730,0.15,0.0,1.0,0.0,0.1689921197566119
ni_tfnbs,"e=0.9,h=9.0,n=30,start_thres=1.25",hub,0.25,30,6,40,1730,6,0,34,1730,0.15,0.0,1.0,0.0,0.1689921197566119
ni_tfnbs,"e=0.9,h=10.0,n=30,start_thres=1.25",hub,0.25,30,6,40,1730,5,0,35,1730,0.125,0.0,1.0,0.0,0.1689921197566119
ni_tfnbs,"e=1.0,h=0.5,n=30,start_thres=1.25",hub,0.25,30,6,40,1730,12,0,28,1730,0.3,0.0,1.0,0.0,0.1689921197566119
ni_tfnbs,"e=1.0,h=1.0,n=30,start_thres=1.25",hub,0.25,30,6,40,1730,14,0,26,1730,0.35,0.0,1.0,0.0,0.1689921197566119
ni_tfnbs,"e=1.0,h=2.0,n=30,start_thres=1.25",hub,0.25,30,6,40,1730,16,0,24,1730,0.4,0.0,1.0,0.0,0.1689921197566119
ni_tfnbs,"e=1.0,h=3.0,n=30,start_thres=1.25",hub,0.25,30,6,40,1730,16,0,24,1730,0.4,0.0,1.0,0.0,0.1689921197566119
ni_tfnbs,"e=1.0,h=4.0,n=30,start_thres=1.25",hub,0.25,30,6,40,1730,15,0,25,1730,0.375,0.0,1.0,0.0,0.1689921197566119
ni_tfnbs,"e=1.0,h=5.0,n=30,start_thres=1.25",hub,0.25,30,6,40,1730,14,0,26,1730,0.35,0.0,1.0,0.0,0.1689921197566119
ni_tfnbs,"e=1.0,h=6.0,n=30,start_thres=1.25",hub,0.25,30,6,40,1730,11,0,29,1730,0.275,0.0,1.0,0.0,0.1689921197566119
ni_tfnbs,"e=1.0,h=7.0,n=30,start_thres=1.25",hub,0.25,30,6,40,1730,8,0,32,1730,0.2,0.0,1.0,0.0,0.1689921197566119
ni_tfnbs,"e=1.0,h=8.0,n=30,start_thres=1.25",hub,0.25,30,6,40,1730,8,0,32,1730,0.2,0.0,1.0,0.0,0.1689921197566119
ni_tfnbs,"e=1.0,h=9.0,n=30,start_thres=1.25",hub,0.25,30,6,40,1730,7,0,33,1730,0.175,0.0,1.0,0.0,0.1689921197566119
ni_tfnbs,"e=1.0,h=10.0,n=30,start_thres=1.25",hub,0.25,30,6,40,1730,6,0,34,1730,0.15,0.0,1.0,0.0,0.1689921197566119
ni_tfnbs,"e=1.1,h=0.5,n=30,start_thres=1.25",hub,0.25,30,6,40,1730,11,0,29,1730,0.275,0.0,1.0,0.0,0.1689921197566119
ni_tfnbs,"e=1.1,h=1.0,n=30,start_thres=1.25",hub,0.25,30,6,40,1730,14,0,26,1730,0.35,0.0,1.0,0.0,0.1689921197566119
ni_tfnbs,"e=1.1,h=2.0,n=30,start_thres=1.25",hub,0.25,30,6,40,1730,19,0,21,1730,0.475,0.0,1.0,0.0,0.1689921197566119
ni_tfnbs,"e=1.1,h=3.0,n=30,start_thres=1.25",hub,0.25,30,6,40,1730,16,0,24,1730,0.4,0.0,1.0,0.0,0.1689921197566119
ni_tfnbs,"e=1.1,h=4.0,n=30,start_thres=1.25",hub,0.25,30,6,40,1730,16,0,24,1730,0.4,0.0,1.0,0.0,0.1689921197566119
ni_tfnbs,"e=1.1,h=5.0,n=30,start_thres=1.25",hub,0.25,30,6,40,1730,15,0,25,1730,0.375,0.0,1.0,0.0,0.1689921197566119
ni_tfnbs,"e=1.1,h=6.0,n=30,start_thres=1.25",hub,0.25,30,6,40,1730,14,0,26,1730,0.35,0.0,1.0,0.0,0.1689921197566119
ni_tfnbs,"e=1.1,h=7.0,n=30,start_thres=1.25",hub,0.25,30,6,40,1730,11,0,29,1730,0.275,0.0,1.0,0.0,0.1689921197566119
ni_tfnbs,"e=1.1,h=8.0,n=30,start_thres=1.25",hub,0.25,30,6,40,1730,8,0,32,1730,0.2,0.0,1.0,0.0,0.1689921197566119
ni_tfnbs,"e=1.1,h=9.0,n=30,start_thres=1.25",hub,0.25,30,6,40,1730,8,0,32,1730,0.2,0.0,1.0,0.0,0.1689921197566119
ni_tfnbs,"e=1.1,h=10.0,n=30,start_thres=1.25",hub,0.25,30,6,40,1730,6,0,34,1730,0.15,0.0,1.0,0.0,0.1689921197566119
ni_tfnbs,"e=1.2,h=0.5,n=30,start_thres=1.25",hub,0.25,30,6,40,1730,9,0,31,1730,0.225,0.0,1.0,0.0,0.1689921197566119
ni_tfnbs,"e=1.2,h=1.0,n=30,start_thres=1.25",hub,0.25,30,6,40,1730,12,0,28,1730,0.3,0.0,1.0,0.0,0.1689921197566119
ni_tfnbs,"e=1.2,h=2.0,n=30,start_thres=1.25",hub,0.25,30,6,40,1730,18,0,22,1730,0.45,0.0,1.0,0.0,0.1689921197566119
ni_tfnbs,"e=1.2,h=3.0,n=30,start_thres=1.25",hub,0.25,30,6,40,1730,19,0,21,1730,0.475,0.0,1.0,0.0,0.1689921197566119
ni_tfnbs,"e=1.2,h=4.0,n=30,start_thres=1.25",hub,0.25,30,6,40,1730,16,0,24,1730,0.4,0.0,1.0,0.0,0.1689921197566119
ni_tfnbs,"e=1.2,h=5.0,n=30,start_thres=1.25",hub,0.25,30,6,40,1730,15,0,25,1730,0.375,0.0,1.0,0.0,0.1689921197566119
ni_tfnbs,"e=1.2,h=6.0,n=30,start_thres=1.25",hub,0.25,30,6,40,1730,15,0,25,1730,0.375,0.0,1.0,0.0,0.1689921197566119
ni_tfnbs,"e=1.2,h=7.0,n=30,start_thres=1.25",hub,0.25,30,6,40,1730,13,0,27,1730,0.325,0.0,1.0,0.0,0.1689921197566119
ni_tfnbs,"e=1.2,h=8.0,n=30,start_thres=1.25",hub,0.25,30,6,40,1730,10,0,30,1730,0.25,0.0,1.0,0.0,0.1689921197566119
ni_tfnbs,"e=1.2,h=9.0,n=30,start_thres=1.25",hub,0.25,30,6,40,1730,8,0,32,1730,0.2,0.0,1.0,0.0,0.1689921197566119
ni_tfnbs,"e=1.2,h=10.0,n=30,start_thres=1.25",hub,0.25,30,6,40,1730,7,0,33,1730,0.175,0.0,1.0,0.0,0.1689921197566119
ni_tfnbs,"e=1.3,h=0.5,n=30,start_thres=1.25",hub,0.25,30,6,40,1730,8,0,32,1730,0.2,0.0,1.0,0.0,0.1689921197566119
ni_tfnbs,"e=1.3,h=1.0,n=30,start_thres=1.25",hub,0.25,30,6,40,1730,11,0,29,1730,0.275,0.0,1.0,0.0,0.1689921197566119
ni_tfnbs,"e=1.3,h=2.0,n=30,start_thres=1.25",hub,0.25,30,6,40,1730,17,0,23,1730,0.425,0.0,1.0,0.0,0.1689921197566119
ni_tfnbs,"e=1.3,h=3.0,n=30,start_thres=1.25",hub,0.25,30,6,40,1730,19,0,21,1730,0.475,0.0,1.0,0.0,0.1689921197566119
ni_tfnbs,"e=1.3,h=4.0,n=30,start_thres=1.25",hub,0.25,30,6,40,1730,18,0,22,1730,0.45,0.0,1.0,0.0,0.1689921197566119
ni_tfnbs,"e=1.3,h=5.0,n=30,start_thres=1.25",hub,0.25,30,6,40,1730,16,0,24,1730,0.4,0.0,1.0,0.0,0.1689921197566119
ni_tfnbs,"e=1.3,h=6.0,n=30,start_thres=1.25",hub,0.25,30,6,40,1730,15,0,25,1730,0.375,0.0,1.0,0.0,0.1689921197566119
ni_tfnbs,"e=1.3,h=7.0,n=30,start_thres=1.25",hub,0.25,30,6,40,1730,14,0,26,1730,0.35,0.0,1.0,0.0,0.1689921197566119
ni_tfnbs,"e=1.3,h=8.0,n=30,start_thres=1.25",hub,0.25,30,6,40,1730,12,0,28,1730,0.3,0.0,1.0,0.0,0.1689921197566119
ni_tfnbs,"e=1.3,h=9.0,n=30,start_thres=1.25",hub,0.25,30,6,40,1730,10,0,30,1730,0.25,0.0,1.0,0.0,0.1689921197566119
ni_tfnbs,"e=1.3,h=10.0,n=30,start_thres=1.25",hub,0.25,30,6,40,1730,8,0,32,1730,0.2,0.0,1.0,0.0,0.1689921197566119
ni_tfnbs,"e=1.4,h=0.5,n=30,start_thres=1.25",hub,0.25,30,6,40,1730,6,0,34,1730,0.15,0.0,1.0,0.0,0.1689921197566119
ni_tfnbs,"e=1.4,h=1.0,n=30,start_thres=1.25",hub,0.25,30,6,40,1730,9,0,31,1730,0.225,0.0,1.0,0.0,0.1689921197566119
ni_tfnbs,"e=1.4,h=2.0,n=30,start_thres=1.25",hub,0.25,30,6,40,1730,16,0,24,1730,0.4,0.0,1.0,0.0,0.1689921197566119
ni_tfnbs,"e=1.4,h=3.0,n=30,start_thres=1.25",hub,0.25,30,6,40,1730,19,0,21,1730,0.475,0.0,1.0,0.0,0.1689921197566119
ni_tfnbs,"e=1.4,h=4.0,n=30,start_thres=1.25",hub,0.25,30,6,40,1730,19,0,21,1730,0.475,0.0,1.0,0.0,0.1689921197566119
ni_tfnbs,"e=1.4,h=5.0,n=30,start_thres=1.25",hub,0.25,30,6,40,1730,19,0,21,1730,0.475,0.0,1.0,0.0,0.1689921197566119
ni_tfnbs,"e=1.4,h=6.0,n=30,start_thres=1.25",hub,0.25,30,6,40,1730,16,0,24,1730,0.4,0.0,1.0,0.0,0.1689921197566119
ni_tfnbs,"e=1.4,h=7.0,n=30,start_thres=1.25",hub,0.25,30,6,40,1730,15,0,25,1730,0.375,0.0,1.0,0.0,0.1689921197566119
ni_tfnbs,"e=1.4,h=8.0,n=30,start_thres=1.25",hub,0.25,30,6,40,1730,14,0,26,1730,0.35,0.0,1.0,0.0,0.1689921197566119
ni_tfnbs,"e=1.4,h=9.0,n=30,start_thres=1.25",hub,0.25,30,6,40,1730,11,0,29,1730,0.275,0.0,1.0,0.0,0.1689921197566119
ni_tfnbs,"e=1.4,h=10.0,n=30,start_thres=1.25",hub,0.25,30,6,40,1730,9,0,31,1730,0.225,0.0,1.0,0.0,0.1689921197566119
ni_tfnbs,"e=1.5,h=0.5,n=30,start_thres=1.25",hub,0.25,30,6,40,1730,6,0,34,1730,0.15,0.0,1.0,0.0,0.1689921197566119
ni_tfnbs,"e=1.5,h=1.0,n=30,start_thres=1.25",hub,0.25,30,6,40,1730,7,0,33,1730,0.175,0.0,1.0,0.0,0.1689921197566119
ni_tfnbs,"e=1.5,h=2.0,n=30,start_thres=1.25",hub,0.25,30,6,40,1730,16,0,24,1730,0.4,0.0,1.0,0.0,0.1689921197566119
ni_tfnbs,"e=1.5,h=3.0,n=30,start_thres=1.25",hub,0.25,30,6,40,1730,18,0,22,1730,0.45,0.0,1.0,0.0,0.1689921197566119
ni_tfnbs,"e=1.5,h=4.0,n=30,start_thres=1.25",hub,0.25,30,6,40,1730,19,0,21,1730,0.475,0.0,1.0,0.0,0.1689921197566119
ni_tfnbs,"e=1.5,h=5.0,n=30,start_thres=1.25",hub,0.25,30,6,40,1730,19,0,21,1730,0.475,0.0,1.0,0.0,0.1689921197566119
ni_tfnbs,"e=1.5,h=6.0,n=30,start_thres=1.25",hub,0.25,30,6,40,1730,16,0,24,1730,0.4,0.0,1.0,0.0,0.1689921197566119
ni_tfnbs,"e=1.5,h=7.0,n=30,start_thres=1.25",hub,0.25,30,6,40,1730,15,0,25,1730,0.375,0.0,1.0,0.0,0.1689921197566119
ni_tfnbs,"e=1.5,h=8.0,n=30,start_thres=1.25",hub,0.25,30,6,40,1730,15,0,25,1730,0.375,0.0,1.0,0.0,0.1689921197566119
ni_tfnbs,"e=1.5,h=9.0,n=30,start_thres=1.25",hub,0.25,30,6,40,1730,14,0,26,1730,0.35,0.0,1.0,0.0,0.1689921197566119
ni_tfnbs,"e=1.5,h=10.0,n=30,start_thres=1.25",hub,0.25,30,6,40,1730,11,0,29,1730,0.275,0.0,1.0,0.0,0.1689921197566119
ni_tfnbs,"e=0.05,h=0.5,n=30,start_thres=1.25",hub,0.25,30,7,40,1730,0,0,40,1730,0.0,0.0,0.0,0.0,0.1687618466940793
ni_tfnbs,"e=0.05,h=1.0,n=30,start_thres=1.25",hub,0.25,30,7,40,1730,0,0,40,1730,0.0,0.0,0.0,0.0,0.1687618466940793
ni_tfnbs,"e=0.05,h=2.0,n=30,start_thres=1.25",hub,0.25,30,7,40,1730,0,0,40,1730,0.0,0.0,0.0,0.0,0.1687618466940793
ni_tfnbs,"e=0.05,h=3.0,n=30,start_thres=1.25",hub,0.25,30,7,40,1730,0,0,40,1730,0.0,0.0,0.0,0.0,0.1687618466940793
ni_tfnbs,"e=0.05,h=4.0,n=30,start_thres=1.25",hub,0.25,30,7,40,1730,0,0,40,1730,0.0,0.0,0.0,0.0,0.1687618466940793
ni_tfnbs,"e=0.05,h=5.0,n=30,start_thres=1.25",hub,0.25,30,7,40,1730,0,0,40,1730,0.0,0.0,0.0,0.0,0.1687618466940793
ni_tfnbs,"e=0.05,h=6.0,n=30,start_thres=1.25",hub,0.25,30,7,40,1730,0,0,40,1730,0.0,0.0,0.0,0.0,0.1687618466940793
ni_tfnbs,"e=0.05,h=7.0,n=30,start_thres=1.25",hub,0.25,30,7,40,1730,0,0,40,1730,0.0,0.0,0.0,0.0,0.1687618466940793
ni_tfnbs,"e=0.05,h=8.0,n=30,start_thres=1.25",hub,0.25,30,7,40,1730,0,0,40,1730,0.0,0.0,0.0,0.0,0.1687618466940793
ni_tfnbs,"e=0.05,h=9.0,n=30,start_thres=1.25",hub,0.25,30,7,40,1730,0,0,40,1730,0.0,0.0,0.0,0.0,0.1687618466940793
ni_tfnbs,"e=0.05,h=10.0,n=30,start_thres=1.25",hub,0.25,30,7,40,1730,0,0,40,1730,0.0,0.0,0.0,0.0,0.1687618466940793
ni_tfnbs,"e=0.1,h=0.5,n=30,start_thres=1.25",hub,0.25,30,7,40,1730,0,0,40,1730,0.0,0.0,0.0,0.0,0.1687618466940793
ni_tfnbs,"e=0.1,h=1.0,n=30,start_thres=1.25",hub,0.25,30,7,40,1730,0,0,40,1730,0.0,0.0,0.0,0.0,0.1687618466940793
ni_tfnbs,"e=0.1,h=2.0,n=30,start_thres=1.25",hub,0.25,30,7,40,1730,0,0,40,1730,0.0,0.0,0.0,0.0,0.1687618466940793
ni_tfnbs,"e=0.1,h=3.0,n=30,start_thres=1.25",hub,0.25,30,7,40,1730,0,0,40,1730,0.0,0.0,0.0,0.0,0.1687618466940793
ni_tfnbs,"e=0.1,h=4.0,n=30,start_thres=1.25",hub,0.25,30,7,40,1730,0,0,40,1730,0.0,0.0,0.0,0.0,0.1687618466940793
ni_tfnbs,"e=0.1,h=5.0,n=30,start_thres=1.25",hub,0.25,30,7,40,1730,0,0,40,1730,0.0,0.0,0.0,0.0,0.1687618466940793
ni_tfnbs,"e=0.1,h=6.0,n=30,start_thres=1.25",hub,0.25,30,7,40,1730,0,0,40,1730,0.0,0.0,0.0,0.0,0.1687618466940793
ni_tfnbs,"e=0.1,h=7.0,n=30,start_thres=1.25",hub,0.25,30,7,40,1730,0,0,40,1730,0.0,0.0,0.0,0.0,0.1687618466940793
ni_tfnbs,"e=0.1,h=8.0,n=30,start_thres=1.25",hub,0.25,30,7,40,1730,0,0,40,1730,0.0,0.0,0.0,0.0,0.1687618466940793
ni_tfnbs,"e=0.1,h=9.0,n=30,start_thres=1.25",hub,0.25,30,7,40,1730,0,0,40,1730,0.0,0.0,0.0,0.0,0.1687618466940793
ni_tfnbs,"e=0.1,h=10.0,n=30,start_thres=1.25",hub,0.25,30,7,40,1730,0,0,40,1730,0.0,0.0,0.0,0.0,0.1687618466940793
ni_tfnbs,"e=0.2,h=0.5,n=30,start_thres=1.25",hub,0.25,30,7,40,1730,0,0,40,1730,0.0,0.0,0.0,0.0,0.1687618466940793
ni_tfnbs,"e=0.2,h=1.0,n=30,start_thres=1.25",hub,0.25,30,7,40,1730,0,0,40,1730,0.0,0.0,0.0,0.0,0.1687618466940793
ni_tfnbs,"e=0.2,h=2.0,n=30,start_thres=1.25",hub,0.25,30,7,40,1730,0,0,40,1730,0.0,0.0,0.0,0.0,0.1687618466940793
ni_tfnbs,"e=0.2,h=3.0,n=30,start_thres=1.25",hub,0.25,30,7,40,1730,0,0,40,1730,0.0,0.0,0.0,0.0,0.1687618466940793
ni_tfnbs,"e=0.2,h=4.0,n=30,start_thres=1.25",hub,0.25,30,7,40,1730,0,0,40,1730,0.0,0.0,0.0,0.0,0.1687618466940793
ni_tfnbs,"e=0.2,h=5.0,n=30,start_thres=1.25",hub,0.25,30,7,40,1730,0,0,40,1730,0.0,0.0,0.0,0.0,0.1687618466940793
ni_tfnbs,"e=0.2,h=6.0,n=30,start_thres=1.25",hub,0.25,30,7,40,1730,0,0,40,1730,0.0,0.0,0.0,0.0,0.1687618466940793
ni_tfnbs,"e=0.2,h=7.0,n=30,start_thres=1.25",hub,0.25,30,7,40,1730,0,0,40,1730,0.0,0.0,0.0,0.0,0.1687618466940793
ni_tfnbs,"e=0.2,h=8.0,n=30,start_thres=1.25",hub,0.25,30,7,40,1730,0,0,40,1730,0.0,0.0,0.0,0.0,0.1687618466940793
ni_tfnbs,"e=0.2,h=9.0,n=30,start_thres=1.25",hub,0.25,30,7,40,1730,0,0,40,1730,0.0,0.0,0.0,0.0,0.1687618466940793
ni_tfnbs,"e=0.2,h=10.0,n=30,start_thres=1.25",hub,0.25,30,7,40,1730,0,0,40,1730,0.0,0.0,0.0,0.0,0.1687618466940793
ni_tfnbs,"e=0.3,h=0.5,n=30,start_thres=1.25",hub,0.25,30,7,40,1730,0,0,40,1730,0.0,0.0,0.0,0.0,0.1687618466940793
ni_tfnbs,"e=0.3,h=1.0,n=30,start_thres=1.25",hub,0.25,30,7,40,1730,0,0,40,1730,0.0,0.0,0.0,0.0,0.1687618466940793
ni_tfnbs,"e=0.3,h=2.0,n=30,start_thres=1.25",hub,0.25,30,7,40,1730,0,0,40,1730,0.0,0.0,0.0,0.0,0.1687618466940793
ni_tfnbs,"e=0.3,h=3.0,n=30,start_thres=1.25",hub,0.25,30,7,40,1730,0,0,40,1730,0.0,0.0,0.0,0.0,0.1687618466940793
ni_tfnbs,"e=0.3,h=4.0,n=30,start_thres=1.25",hub,0.25,30,7,40,1730,0,0,40,1730,0.0,0.0,0.0,0.0,0.1687618466940793
ni_tfnbs,"e=0.3,h=5.0,n=30,start_thres=1.25",hub,0.25,30,7,40,1730,0,0,40,1730,0.0,0.0,0.0,0.0,0.1687618466940793
ni_tfnbs,"e=0.3,h=6.0,n=30,start_thres=1.25",hub,0.25,30,7,40,1730,0,0,40,1730,0.0,0.0,0.0,0.0,0.1687618466940793
ni_tfnbs,"e=0.3,h=7.0,n=30,start_thres=1.25",hub,0.25,30,7,40,1730,0,0,40,1730,0.0,0.0,0.0,0.0,0.1687618466940793
ni_tfnbs,"e=0.3,h=8.0,n=30,start_thres=1.25",hub,0.25,30,7,40,1730,0,0,40,1730,0.0,0.0,0.0,0.0,0.1687618466940793
ni_tfnbs,"e=0.3,h=9.0,n=30,start_thres=1.25",hub,0.25,30,7,40,1730,0,0,40,1730,0.0,0.0,0.0,0.0,0.1687618466940793
ni_tfnbs,"e=0.3,h=10.0,n=30,start_thres=1.25",hub,0.25,30,7,40,1730,0,0,40,1730,0.0,0.0,0.0,0.0,0.1687618466940793
ni_tfnbs,"e=0.4,h=0.5,n=30,start_thres=1.25",hub,0.25,30,7,40,1730,0,0,40,1730,0.0,0.0,0.0,0.0,0.1687618466940793
ni_tfnbs,"e=0.4,h=1.0,n=30,start_thres=1.25",hub,0.25,30,7,40,1730,0,0,40,1730,0.0,0.0,0.0,0.0,0.1687618466940793
ni_tfnbs,"e=0.4,h=2.0,n=30,start_thres=1.25",hub,0.25,30,7,40,1730,0,0,40,1730,0.0,0.0,0.0,0.0,0.1687618466940793
ni_tfnbs,"e=0.4,h=3.0,n=30,start_thres=1.25",hub,0.25,30,7,40,1730,0,0,40,1730,0.0,0.0,0.0,0.0,0.1687618466940793
ni_tfnbs,"e=0.4,h=4.0,n=30,start_thres=1.25",hub,0.25,30,7,40,1730,0,0,40,1730,0.0,0.0,0.0,0.0,0.1687618466940793
ni_tfnbs,"e=0.4,h=5.0,n=30,start_thres=1.25",hub,0.25,30,7,40,1730,0,0,40,1730,0.0,0.0,0.0,0.0,0.1687618466940793
ni_tfnbs,"e=0.4,h=6.0,n=30,start_thres=1.25",hub,0.25,30,7,40,1730,0,0,40,1730,0.0,0.0,0.0,0.0,0.1687618466940793
ni_tfnbs,"e=0.4,h=7.0,n=30,start_thres=1.25",hub,0.25,30,7,40,1730,0,0,40,1730,0.0,0.0,0.0,0.0,0.1687618466940793
ni_tfnbs,"e=0.4,h=8.0,n=30,start_thres=1.25",hub,0.25,30,7,40,1730,0,0,40,1730,0.0,0.0,0.0,0.0,0.1687618466940793
ni_tfnbs,"e=0.4,h=9.0,n=30,start_thres=1.25",hub,0.25,30,7,40,1730,0,0,40,1730,0.0,0.0,0.0,0.0,0.1687618466940793
ni_tfnbs,"e=0.4,h=10.0,n=30,start_thres=1.25",hub,0.25,30,7,40,1730,0,0,40,1730,0.0,0.0,0.0,0.0,0.1687618466940793
ni_tfnbs,"e=0.5,h=0.5,n=30,start_thres=1.25",hub,0.25,30,7,40,1730,0,0,40,1730,0.0,0.0,0.0,0.0,0.1687618466940793
ni_tfnbs,"e=0.5,h=1.0,n=30,start_thres=1.25",hub,0.25,30,7,40,1730,0,0,40,1730,0.0,0.0,0.0,0.0,0.1687618466940793
ni_tfnbs,"e=0.5,h=2.0,n=30,start_thres=1.25",hub,0.25,30,7,40,1730,0,0,40,1730,0.0,0.0,0.0,0.0,0.1687618466940793
ni_tfnbs,"e=0.5,h=3.0,n=30,start_thres=1.25",hub,0.25,30,7,40,1730,0,0,40,1730,0.0,0.0,0.0,0.0,0.1687618466940793
ni_tfnbs,"e=0.5,h=4.0,n=30,start_thres=1.25",hub,0.25,30,7,40,1730,0,0,40,1730,0.0,0.0,0.0,0.0,0.1687618466940793
ni_tfnbs,"e=0.5,h=5.0,n=30,start_thres=1.25",hub,0.25,30,7,40,1730,0,0,40,1730,0.0,0.0,0.0,0.0,0.1687618466940793
ni_tfnbs,"e=0.5,h=6.0,n=30,start_thres=1.25",hub,0.25,30,7,40,1730,0,0,40,1730,0.0,0.0,0.0,0.0,0.1687618466940793
ni_tfnbs,"e=0.5,h=7.0,n=30,start_thres=1.25",hub,0.25,30,7,40,1730,0,0,40,1730,0.0,0.0,0.0,0.0,0.1687618466940793
ni_tfnbs,"e=0.5,h=8.0,n=30,start_thres=1.25",hub,0.25,30,7,40,1730,0,0,40,1730,0.0,0.0,0.0,0.0,0.1687618466940793
ni_tfnbs,"e=0.5,h=9.0,n=30,start_thres=1.25",hub,0.25,30,7,40,1730,0,0,40,1730,0.0,0.0,0.0,0.0,0.1687618466940793
ni_tfnbs,"e=0.5,h=10.0,n=30,start_thres=1.25",hub,0.25,30,7,40,1730,0,0,40,1730,0.0,0.0,0.0,0.0,0.1687618466940793
ni_tfnbs,"e=0.6,h=0.5,n=30,start_thres=1.25",hub,0.25,30,7,40,1730,0,0,40,1730,0.0,0.0,0.0,0.0,0.1687618466940793
ni_tfnbs,"e=0.6,h=1.0,n=30,start_thres=1.25",hub,0.25,30,7,40,1730,0,0,40,1730,0.0,0.0,0.0,0.0,0.1687618466940793
ni_tfnbs,"e=0.6,h=2.0,n=30,start_thres=1.25",hub,0.25,30,7,40,1730,0,0,40,1730,0.0,0.0,0.0,0.0,0.1687618466940793
ni_tfnbs,"e=0.6,h=3.0,n=30,start_thres=1.25",hub,0.25,30,7,40,1730,0,0,40,1730,0.0,0.0,0.0,0.0,0.1687618466940793
ni_tfnbs,"e=0.6,h=4.0,n=30,start_thres=1.25",hub,0.25,30,7,40,1730,0,0,40,1730,0.0,0.0,0.0,0.0,0.1687618466940793
ni_tfnbs,"e=0.6,h=5.0,n=30,start_thres=1.25",hub,0.25,30,7,40,1730,0,0,40,1730,0.0,0.0,0.0,0.0,0.1687618466940793
ni_tfnbs,"e=0.6,h=6.0,n=30,start_thres=1.25",hub,0.25,30,7,40,1730,0,0,40,1730,0.0,0.0,0.0,0.0,0.1687618466940793
ni_tfnbs,"e=0.6,h=7.0,n=30,start_thres=1.25",hub,0.25,30,7,40,1730,0,0,40,1730,0.0,0.0,0.0,0.0,0.1687618466940793
ni_tfnbs,"e=0.6,h=8.0,n=30,start_thres=1.25",hub,0.25,30,7,40,1730,0,0,40,1730,0.0,0.0,0.0,0.0,0.1687618466940793
ni_tfnbs,"e=0.6,h=9.0,n=30,start_thres=1.25",hub,0.25,30,7,40,1730,0,0,40,1730,0.0,0.0,0.0,0.0,0.1687618466940793
ni_tfnbs,"e=0.6,h=10.0,n=30,start_thres=1.25",hub,0.25,30,7,40,1730,0,0,40,1730,0.0,0.0,0.0,0.0,0.1687618466940793
ni_tfnbs,"e=0.7,h=0.5,n=30,start_thres=1.25",hub,0.25,30,7,40,1730,0,0,40,1730,0.0,0.0,0.0,0.0,0.1687618466940793
ni_tfnbs,"e=0.7,h=1.0,n=30,start_thres=1.25",hub,0.25,30,7,40,1730,0,0,40,1730,0.0,0.0,0.0,0.0,0.1687618466940793
ni_tfnbs,"e=0.7,h=2.0,n=30,start_thres=1.25",hub,0.25,30,7,40,1730,0,0,40,1730,0.0,0.0,0.0,0.0,0.1687618466940793
ni_tfnbs,"e=0.7,h=3.0,n=30,start_thres=1.25",hub,0.25,30,7,40,1730,0,0,40,1730,0.0,0.0,0.0,0.0,0.1687618466940793
ni_tfnbs,"e=0.7,h=4.0,n=30,start_thres=1.25",hub,0.25,30,7,40,1730,0,0,40,1730,0.0,0.0,0.0,0.0,0.1687618466940793
ni_tfnbs,"e=0.7,h=5.0,n=30,start_thres=1.25",hub,0.25,30,7,40,1730,0,0,40,1730,0.0,0.0,0.0,0.0,0.1687618466940793
ni_tfnbs,"e=0.7,h=6.0,n=30,start_thres=1.25",hub,0.25,30,7,40,1730,0,0,40,1730,0.0,0.0,0.0,0.0,0.1687618466940793
ni_tfnbs,"e=0.7,h=7.0,n=30,start_thres=1.25",hub,0.25,30,7,40,1730,0,0,40,1730,0.0,0.0,0.0,0.0,0.1687618466940793
ni_tfnbs,"e=0.7,h=8.0,n=30,start_thres=1.25",hub,0.25,30,7,40,1730,0,0,40,1730,0.0,0.0,0.0,0.0,0.1687618466940793
ni_tfnbs,"e=0.7,h=9.0,n=30,start_thres=1.25",hub,0.25,30,7,40,1730,0,0,40,1730,0.0,0.0,0.0,0.0,0.1687618466940793
ni_tfnbs,"e=0.7,h=10.0,n=30,start_thres=1.25",hub,0.25,30,7,40,1730,0,0,40,1730,0.0,0.0,0.0,0.0,0.1687618466940793
ni_tfnbs,"e=0.8,h=0.5,n=30,start_thres=1.25",hub,0.25,30,7,40,1730,0,0,40,1730,0.0,0.0,0.0,0.0,0.1687618466940793
ni_tfnbs,"e=0.8,h=1.0,n=30,start_thres=1.25",hub,0.25,30,7,40,1730,0,0,40,1730,0.0,0.0,0.0,0.0,0.1687618466940793
ni_tfnbs,"e=0.8,h=2.0,n=30,start_thres=1.25",hub,0.25,30,7,40,1730,0,0,40,1730,0.0,0.0,0.0,0.0,0.1687618466940793
ni_tfnbs,"e=0.8,h=3.0,n=30,start_thres=1.25",hub,0.25,30,7,40,1730,0,0,40,1730,0.0,0.0,0.0,0.0,0.1687618466940793
ni_tfnbs,"e=0.8,h=4.0,n=30,start_thres=1.25",hub,0.25,30,7,40,1730,0,0,40,1730,0.0,0.0,0.0,0.0,0.1687618466940793
ni_tfnbs,"e=0.8,h=5.0,n=30,start_thres=1.25",hub,0.25,30,7,40,1730,0,0,40,1730,0.0,0.0,0.0,0.0,0.1687618466940793
ni_tfnbs,"e=0.8,h=6.0,n=30,start_thres=1.25",hub,0.25,30,7,40,1730,0,0,40,1730,0.0,0.0,0.0,0.0,0.1687618466940793
ni_tfnbs,"e=0.8,h=7.0,n=30,start_thres=1.25",hub,0.25,30,7,40,1730,0,0,40,1730,0.0,0.0,0.0,0.0,0.1687618466940793
ni_tfnbs,"e=0.8,h=8.0,n=30,start_thres=1.25",hub,0.25,30,7,40,1730,0,0,40,1730,0.0,0.0,0.0,0.0,0.1687618466940793
ni_tfnbs,"e=0.8,h=9.0,n=30,start_thres=1.25",hub,0.25,30,7,40,1730,0,0,40,1730,0.0,0.0,0.0,0.0,0.1687618466940793
ni_tfnbs,"e=0.8,h=10.0,n=30,start_thres=1.25",hub,0.25,30,7,40,1730,0,0,40,1730,0.0,0.0,0.0,0.0,0.1687618466940793
ni_tfnbs,"e=0.9,h=0.5,n=30,start_thres=1.25",hub,0.25,30,7,40,1730,0,0,40,1730,0.0,0.0,0.0,0.0,0.1687618466940793
ni_tfnbs,"e=0.9,h=1.0,n=30,start_thres=1.25",hub,0.25,30,7,40,1730,0,0,40,1730,0.0,0.0,0.0,0.0,0.1687618466940793
ni_tfnbs,"e=0.9,h=2.0,n=30,start_thres=1.25",hub,0.25,30,7,40,1730,0,0,40,1730,0.0,0.0,0.0,0.0,0.1687618466940793
ni_tfnbs,"e=0.9,h=3.0,n=30,start_thres=1.25",hub,0.25,30,7,40,1730,0,0,40,1730,0.0,0.0,0.0,0.0,0.1687618466940793
ni_tfnbs,"e=0.9,h=4.0,n=30,start_thres=1.25",hub,0.25,30,7,40,1730,0,0,40,1730,0.0,0.0,0.0,0.0,0.1687618466940793
ni_tfnbs,"e=0.9,h=5.0,n=30,start_thres=1.25",hub,0.25,30,7,40,1730,0,0,40,1730,0.0,0.0,0.0,0.0,0.1687618466940793
ni_tfnbs,"e=0.9,h=6.0,n=30,start_thres=1.25",hub,0.25,30,7,40,1730,0,0,40,1730,0.0,0.0,0.0,0.0,0.1687618466940793
ni_tfnbs,"e=0.9,h=7.0,n=30,start_thres=1.25",hub,0.25,30,7,40,1730,0,0,40,1730,0.0,0.0,0.0,0.0,0.1687618466940793
ni_tfnbs,"e=0.9,h=8.0,n=30,start_thres=1.25",hub,0.25,30,7,40,1730,0,0,40,1730,0.0,0.0,0.0,0.0,0.1687618466940793
ni_tfnbs,"e=0.9,h=9.0,n=30,start_thres=1.25",hub,0.25,30,7,40,1730,0,0,40,1730,0.0,0.0,0.0,0.0,0.1687618466940793
ni_tfnbs,"e=0.9,h=10.0,n=30,start_thres=1.25",hub,0.25,30,7,40,1730,0,0,40,1730,0.0,0.0,0.0,0.0,0.1687618466940793
ni_tfnbs,"e=1.0,h=0.5,n=30,start_thres=1.25",hub,0.25,30,7,40,1730,0,0,40,1730,0.0,0.0,0.0,0.0,0.1687618466940793
ni_tfnbs,"e=1.0,h=1.0,n=30,start_thres=1.25",hub,0.25,30,7,40,1730,0,0,40,1730,0.0,0.0,0.0,0.0,0.1687618466940793
ni_tfnbs,"e=1.0,h=2.0,n=30,start_thres=1.25",hub,0.25,30,7,40,1730,0,0,40,1730,0.0,0.0,0.0,0.0,0.1687618466940793
ni_tfnbs,"e=1.0,h=3.0,n=30,start_thres=1.25",hub,0.25,30,7,40,1730,0,0,40,1730,0.0,0.0,0.0,0.0,0.1687618466940793
ni_tfnbs,"e=1.0,h=4.0,n=30,start_thres=1.25",hub,0.25,30,7,40,1730,0,0,40,1730,0.0,0.0,0.0,0.0,0.1687618466940793
ni_tfnbs,"e=1.0,h=5.0,n=30,start_thres=1.25",hub,0.25,30,7,40,1730,0,0,40,1730,0.0,0.0,0.0,0.0,0.1687618466940793
ni_tfnbs,"e=1.0,h=6.0,n=30,start_thres=1.25",hub,0.25,30,7,40,1730,0,0,40,1730,0.0,0.0,0.0,0.0,0.1687618466940793
ni_tfnbs,"e=1.0,h=7.0,n=30,start_thres=1.25",hub,0.25,30,7,40,1730,0,0,40,1730,0.0,0.0,0.0,0.0,0.1687618466940793
ni_tfnbs,"e=1.0,h=8.0,n=30,start_thres=1.25",hub,0.25,30,7,40,1730,0,0,40,1730,0.0,0.0,0.0,0.0,0.1687618466940793
ni_tfnbs,"e=1.0,h=9.0,n=30,start_thres=1.25",hub,0.25,30,7,40,1730,0,0,40,1730,0.0,0.0,0.0,0.0,0.1687618466940793
ni_tfnbs,"e=1.0,h=10.0,n=30,start_thres=1.25",hub,0.25,30,7,40,1730,0,0,40,1730,0.0,0.0,0.0,0.0,0.1687618466940793
ni_tfnbs,"e=1.1,h=0.5,n=30,start_thres=1.25",hub,0.25,30,7,40,1730,0,0,40,1730,0.0,0.0,0.0,0.0,0.1687618466940793
ni_tfnbs,"e=1.1,h=1.0,n=30,start_thres=1.25",hub,0.25,30,7,40,1730,0,0,40,1730,0.0,0.0,0.0,0.0,0.1687618466940793
ni_tfnbs,"e=1.1,h=2.0,n=30,start_thres=1.25",hub,0.25,30,7,40,1730,0,0,40,1730,0.0,0.0,0.0,0.0,0.1687618466940793
ni_tfnbs,"e=1.1,h=3.0,n=30,start_thres=1.25",hub,0.25,30,7,40,1730,0,0,40,1730,0.0,0.0,0.0,0.0,0.1687618466940793
ni_tfnbs,"e=1.1,h=4.0,n=30,start_thres=1.25",hub,0.25,30,7,40,1730,0,0,40,1730,0.0,0.0,0.0,0.0,0.1687618466940793
ni_tfnbs,"e=1.1,h=5.0,n=30,start_thres=1.25",hub,0.25,30,7,40,1730,0,0,40,1730,0.0,0.0,0.0,0.0,0.1687618466940793
ni_tfnbs,"e=1.1,h=6.0,n=30,start_thres=1.25",hub,0.25,30,7,40,1730,0,0,40,1730,0.0,0.0,0.0,0.0,0.1687618466940793
ni_tfnbs,"e=1.1,h=7.0,n=30,start_thres=1.25",hub,0.25,30,7,40,1730,0,0,40,1730,0.0,0.0,0.0,0.0,0.1687618466940793
ni_tfnbs,"e=1.1,h=8.0,n=30,start_thres=1.25",hub,0.25,30,7,40,1730,0,0,40,1730,0.0,0.0,0.0,0.0,0.1687618466940793
ni_tfnbs,"e=1.1,h=9.0,n=30,start_thres=1.25",hub,0.25,30,7,40,1730,0,0,40,1730,0.0,0.0,0.0,0.0,0.1687618466940793
ni_tfnbs,"e=1.1,h=10.0,n=30,start_thres=1.25",hub,0.25,30,7,40,1730,0,0,40,1730,0.0,0.0,0.0,0.0,0.1687618466940793
ni_tfnbs,"e=1.2,h=0.5,n=30,start_thres=1.25",hub,0.25,30,7,40,1730,0,0,40,1730,0.0,0.0,0.0,0.0,0.1687618466940793
ni_tfnbs,"e=1.2,h=1.0,n=30,start_thres=1.25",hub,0.25,30,7,40,1730,0,0,40,1730,0.0,0.0,0.0,0.0,0.1687618466940793
ni_tfnbs,"e=1.2,h=2.0,n=30,start_thres=1.25",hub,0.25,30,7,40,1730,0,0,40,1730,0.0,0.0,0.0,0.0,0.1687618466940793
ni_tfnbs,"e=1.2,h=3.0,n=30,start_thres=1.25",hub,0.25,30,7,40,1730,0,0,40,1730,0.0,0.0,0.0,0.0,0.1687618466940793
ni_tfnbs,"e=1.2,h=4.0,n=30,start_thres=1.25",hub,0.25,30,7,40,1730,0,0,40,1730,0.0,0.0,0.0,0.0,0.1687618466940793
ni_tfnbs,"e=1.2,h=5.0,n=30,start_thres=1.25",hub,0.25,30,7,40,1730,0,0,40,1730,0.0,0.0,0.0,0.0,0.1687618466940793
ni_tfnbs,"e=1.2,h=6.0,n=30,start_thres=1.25",hub,0.25,30,7,40,1730,0,0,40,1730,0.0,0.0,0.0,0.0,0.1687618466940793
ni_tfnbs,"e=1.2,h=7.0,n=30,start_thres=1.25",hub,0.25,30,7,40,1730,0,0,40,1730,0.0,0.0,0.0,0.0,0.1687618466940793
ni_tfnbs,"e=1.2,h=8.0,n=30,start_thres=1.25",hub,0.25,30,7,40,1730,0,0,40,1730,0.0,0.0,0.0,0.0,0.1687618466940793
ni_tfnbs,"e=1.2,h=9.0,n=30,start_thres=1.25",hub,0.25,30,7,40,1730,0,0,40,1730,0.0,0.0,0.0,0.0,0.1687618466940793
ni_tfnbs,"e=1.2,h=10.0,n=30,start_thres=1.25",hub,0.25,30,7,40,1730,0,0,40,1730,0.0,0.0,0.0,0.0,0.1687618466940793
ni_tfnbs,"e=1.3,h=0.5,n=30,start_thres=1.25",hub,0.25,30,7,40,1730,0,0,40,1730,0.0,0.0,0.0,0.0,0.1687618466940793
ni_tfnbs,"e=1.3,h=1.0,n=30,start_thres=1.25",hub,0.25,30,7,40,1730,0,0,40,1730,0.0,0.0,0.0,0.0,0.1687618466940793
ni_tfnbs,"e=1.3,h=2.0,n=30,start_thres=1.25",hub,0.25,30,7,40,1730,0,0,40,1730,0.0,0.0,0.0,0.0,0.1687618466940793
ni_tfnbs,"e=1.3,h=3.0,n=30,start_thres=1.25",hub,0.25,30,7,40,1730,0,0,40,1730,0.0,0.0,0.0,0.0,0.1687618466940793
ni_tfnbs,"e=1.3,h=4.0,n=30,start_thres=1.25",hub,0.25,30,7,40,1730,0,0,40,1730,0.0,0.0,0.0,0.0,0.1687618466940793
ni_tfnbs,"e=1.3,h=5.0,n=30,start_thres=1.25",hub,0.25,30,7,40,1730,0,0,40,1730,0.0,0.0,0.0,0.0,0.1687618466940793
ni_tfnbs,"e=1.3,h=6.0,n=30,start_thres=1.25",hub,0.25,30,7,40,1730,0,0,40,1730,0.0,0.0,0.0,0.0,0.1687618466940793
ni_tfnbs,"e=1.3,h=7.0,n=30,start_thres=1.25",hub,0.25,30,7,40,1730,0,0,40,1730,0.0,0.0,0.0,0.0,0.1687618466940793
ni_tfnbs,"e=1.3,h=8.0,n=30,start_thres=1.25",hub,0.25,30,7,40,1730,0,0,40,1730,0.0,0.0,0.0,0.0,0.1687618466940793
ni_tfnbs,"e=1.3,h=9.0,n=30,start_thres=1.25",hub,0.25,30,7,40,1730,0,0,40,1730,0.0,0.0,0.0,0.0,0.1687618466940793
ni_tfnbs,"e=1.3,h=10.0,n=30,start_thres=1.25",hub,0.25,30,7,40,1730,0,0,40,1730,0.0,0.0,0.0,0.0,0.1687618466940793
ni_tfnbs,"e=1.4,h=0.5,n=30,start_thres=1.25",hub,0.25,30,7,40,1730,0,0,40,1730,0.0,0.0,0.0,0.0,0.1687618466940793
ni_tfnbs,"e=1.4,h=1.0,n=30,start_thres=1.25",hub,0.25,30,7,40,1730,0,0,40,1730,0.0,0.0,0.0,0.0,0.1687618466940793
ni_tfnbs,"e=1.4,h=2.0,n=30,start_thres=1.25",hub,0.25,30,7,40,1730,0,0,40,1730,0.0,0.0,0.0,0.0,0.1687618466940793
ni_tfnbs,"e=1.4,h=3.0,n=30,start_thres=1.25",hub,0.25,30,7,40,1730,0,0,40,1730,0.0,0.0,0.0,0.0,0.1687618466940793
ni_tfnbs,"e=1.4,h=4.0,n=30,start_thres=1.25",hub,0.25,30,7,40,1730,0,0,40,1730,0.0,0.0,0.0,0.0,0.1687618466940793
ni_tfnbs,"e=1.4,h=5.0,n=30,start_thres=1.25",hub,0.25,30,7,40,1730,0,0,40,1730,0.0,0.0,0.0,0.0,0.1687618466940793
ni_tfnbs,"e=1.4,h=6.0,n=30,start_thres=1.25",hub,0.25,30,7,40,1730,0,0,40,1730,0.0,0.0,0.0,0.0,0.1687618466940793
ni_tfnbs,"e=1.4,h=7.0,n=30,start_thres=1.25",hub,0.25,30,7,40,1730,0,0,40,1730,0.0,0.0,0.0,0.0,0.1687618466940793
ni_tfnbs,"e=1.4,h=8.0,n=30,start_thres=1.25",hub,0.25,30,7,40,1730,0,0,40,1730,0.0,0.0,0.0,0.0,0.1687618466940793
ni_tfnbs,"e=1.4,h=9.0,n=30,start_thres=1.25",hub,0.25,30,7,40,1730,0,0,40,1730,0.0,0.0,0.0,0.0,0.1687618466940793
ni_tfnbs,"e=1.4,h=10.0,n=30,start_thres=1.25",hub,0.25,30,7,40,1730,0,0,40,1730,0.0,0.0,0.0,0.0,0.1687618466940793
ni_tfnbs,"e=1.5,h=0.5,n=30,start_thres=1.25",hub,0.25,30,7,40,1730,0,0,40,1730,0.0,0.0,0.0,0.0,0.1687618466940793
ni_tfnbs,"e=1.5,h=1.0,n=30,start_thres=1.25",hub,0.25,30,7,40,1730,0,0,40,1730,0.0,0.0,0.0,0.0,0.1687618466940793
ni_tfnbs,"e=1.5,h=2.0,n=30,start_thres=1.25",hub,0.25,30,7,40,1730,0,0,40,1730,0.0,0.0,0.0,0.0,0.1687618466940793
ni_tfnbs,"e=1.5,h=3.0,n=30,start_thres=1.25",hub,0.25,30,7,40,1730,0,0,40,1730,0.0,0.0,0.0,0.0,0.1687618466940793
ni_tfnbs,"e=1.5,h=4.0,n=30,start_thres=1.25",hub,0.25,30,7,40,1730,0,0,40,1730,0.0,0.0,0.0,0.0,0.1687618466940793
ni_tfnbs,"e=1.5,h=5.0,n=30,start_thres=1.25",hub,0.25,30,7,40,1730,0,0,40,1730,0.0,0.0,0.0,0.0,0.1687618466940793
ni_tfnbs,"e=1.5,h=6.0,n=30,start_thres=1.25",hub,0.25,30,7,40,1730,0,0,40,1730,0.0,0.0,0.0,0.0,0.1687618466940793
ni_tfnbs,"e=1.5,h=7.0,n=30,start_thres=1.25",hub,0.25,30,7,40,1730,0,0,40,1730,0.0,0.0,0.0,0.0,0.1687618466940793
ni_tfnbs,"e=1.5,h=8.0,n=30,start_thres=1.25",hub,0.25,30,7,40,1730,0,0,40,1730,0.0,0.0,0.0,0.0,0.1687618466940793
ni_tfnbs,"e=1.5,h=9.0,n=30,start_thres=1.25",hub,0.25,30,7,40,1730,0,0,40,1730,0.0,0.0,0.0,0.0,0.1687618466940793
ni_tfnbs,"e=1.5,h=10.0,n=30,start_thres=1.25",hub,0.25,30,7,40,1730,0,0,40,1730,0.0,0.0,0.0,0.0,0.1687618466940793
ni_tfnbs,"e=0.05,h=0.5,n=30,start_thres=1.25",hub,0.25,30,8,40,1730,2,0,38,1730,0.05,0.0,1.0,0.0,0.1694044714624231
ni_tfnbs,"e=0.05,h=1.0,n=30,start_thres=1.25",hub,0.25,30,8,40,1730,2,0,38,1730,0.05,0.0,1.0,0.0,0.1694044714624231
ni_tfnbs,"e=0.05,h=2.0,n=30,start_thres=1.25",hub,0.25,30,8,40,1730,2,0,38,1730,0.05,0.0,1.0,0.0,0.1694044714624231
ni_tfnbs,"e=0.05,h=3.0,n=30,start_thres=1.25",hub,0.25,30,8,40,1730,2,0,38,1730,0.05,0.0,1.0,0.0,0.1694044714624231
ni_tfnbs,"e=0.05,h=4.0,n=30,start_thres=1.25",hub,0.25,30,8,40,1730,2,0,38,1730,0.05,0.0,1.0,0.0,0.1694044714624231
ni_tfnbs,"e=0.05,h=5.0,n=30,start_thres=1.25",hub,0.25,30,8,40,1730,2,0,38,1730,0.05,0.0,1.0,0.0,0.1694044714624231
ni_tfnbs,"e=0.05,h=6.0,n=30,start_thres=1.25",hub,0.25,30,8,40,1730,2,0,38,1730,0.05,0.0,1.0,0.0,0.1694044714624231
ni_tfnbs,"e=0.05,h=7.0,n=30,start_thres=1.25",hub,0.25,30,8,40,1730,2,0,38,1730,0.05,0.0,1.0,0.0,0.1694044714624231
ni_tfnbs,"e=0.05,h=8.0,n=30,start_thres=1.25",hub,0.25,30,8,40,1730,2,0,38,1730,0.05,0.0,1.0,0.0,0.1694044714624231
ni_tfnbs,"e=0.05,h=9.0,n=30,start_thres=1.25",hub,0.25,30,8,40,1730,2,0,38,1730,0.05,0.0,1.0,0.0,0.1694044714624231
ni_tfnbs,"e=0.05,h=10.0,n=30,start_thres=1.25",hub,0.25,30,8,40,1730,2,0,38,1730,0.05,0.0,1.0,0.0,0.1694044714624231
ni_tfnbs,"e=0.1,h=0.5,n=30,start_thres=1.25",hub,0.25,30,8,40,1730,2,0,38,1730,0.05,0.0,1.0,0.0,0.1694044714624231
ni_tfnbs,"e=0.1,h=1.0,n=30,start_thres=1.25",hub,0.25,30,8,40,1730,2,0,38,1730,0.05,0.0,1.0,0.0,0.1694044714624231
ni_tfnbs,"e=0.1,h=2.0,n=30,start_thres=1.25",hub,0.25,30,8,40,1730,2,0,38,1730,0.05,0.0,1.0,0.0,0.1694044714624231
ni_tfnbs,"e=0.1,h=3.0,n=30,start_thres=1.25",hub,0.25,30,8,40,1730,2,0,38,1730,0.05,0.0,1.0,0.0,0.1694044714624231
ni_tfnbs,"e=0.1,h=4.0,n=30,start_thres=1.25",hub,0.25,30,8,40,1730,2,0,38,1730,0.05,0.0,1.0,0.0,0.1694044714624231
ni_tfnbs,"e=0.1,h=5.0,n=30,start_thres=1.25",hub,0.25,30,8,40,1730,2,0,38,1730,0.05,0.0,1.0,0.0,0.1694044714624231
ni_tfnbs,"e=0.1,h=6.0,n=30,start_thres=1.25",hub,0.25,30,8,40,1730,2,0,38,1730,0.05,0.0,1.0,0.0,0.1694044714624231
ni_tfnbs,"e=0.1,h=7.0,n=30,start_thres=1.25",hub,0.25,30,8,40,1730,2,0,38,1730,0.05,0.0,1.0,0.0,0.1694044714624231
ni_tfnbs,"e=0.1,h=8.0,n=30,start_thres=1.25",hub,0.25,30,8,40,1730,2,0,38,1730,0.05,0.0,1.0,0.0,0.1694044714624231
ni_tfnbs,"e=0.1,h=9.0,n=30,start_thres=1.25",hub,0.25,30,8,40,1730,2,0,38,1730,0.05,0.0,1.0,0.0,0.1694044714624231
ni_tfnbs,"e=0.1,h=10.0,n=30,start_thres=1.25",hub,0.25,30,8,40,1730,2,0,38,1730,0.05,0.0,1.0,0.0,0.1694044714624231
ni_tfnbs,"e=0.2,h=0.5,n=30,start_thres=1.25",hub,0.25,30,8,40,1730,6,1,34,1729,0.15,0.0005780346820809,0.8571428571428571,0.1428571428571428,0.1694044714624231
ni_tfnbs,"e=0.2,h=1.0,n=30,start_thres=1.25",hub,0.25,30,8,40,1730,5,1,35,1729,0.125,0.0005780346820809,0.8333333333333334,0.1666666666666666,0.1694044714624231
ni_tfnbs,"e=0.2,h=2.0,n=30,start_thres=1.25",hub,0.25,30,8,40,1730,3,1,37,1729,0.075,0.0005780346820809,0.75,0.25,0.1694044714624231
ni_tfnbs,"e=0.2,h=3.0,n=30,start_thres=1.25",hub,0.25,30,8,40,1730,2,0,38,1730,0.05,0.0,1.0,0.0,0.1694044714624231
ni_tfnbs,"e=0.2,h=4.0,n=30,start_thres=1.25",hub,0.25,30,8,40,1730,2,0,38,1730,0.05,0.0,1.0,0.0,0.1694044714624231
ni_tfnbs,"e=0.2,h=5.0,n=30,start_thres=1.25",hub,0.25,30,8,40,1730,2,0,38,1730,0.05,0.0,1.0,0.0,0.1694044714624231
ni_tfnbs,"e=0.2,h=6.0,n=30,start_thres=1.25",hub,0.25,30,8,40,1730,2,0,38,1730,0.05,0.0,1.0,0.0,0.1694044714624231
ni_tfnbs,"e=0.2,h=7.0,n=30,start_thres=1.25",hub,0.25,30,8,40,1730,2,0,38,1730,0.05,0.0,1.0,0.0,0.1694044714624231
ni_tfnbs,"e=0.2,h=8.0,n=30,start_thres=1.25",hub,0.25,30,8,40,1730,2,0,38,1730,0.05,0.0,1.0,0.0,0.1694044714624231
ni_tfnbs,"e=0.2,h=9.0,n=30,start_thres=1.25",hub,0.25,30,8,40,1730,2,0,38,1730,0.05,0.0,1.0,0.0,0.1694044714624231
ni_tfnbs,"e=0.2,h=10.0,n=30,start_thres=1.25",hub,0.25,30,8,40,1730,2,0,38,1730,0.05,0.0,1.0,0.0,0.1694044714624231
ni_tfnbs,"e=0.3,h=0.5,n=30,start_thres=1.25",hub,0.25,30,8,40,1730,8,1,32,1729,0.2,0.0005780346820809,0.8888888888888888,0.1111111111111111,0.1694044714624231
ni_tfnbs,"e=0.3,h=1.0,n=30,start_thres=1.25",hub,0.25,30,8,40,1730,7,1,33,1729,0.175,0.0005780346820809,0.875,0.125,0.1694044714624231
ni_tfnbs,"e=0.3,h=2.0,n=30,start_thres=1.25",hub,0.25,30,8,40,1730,6,1,34,1729,0.15,0.0005780346820809,0.8571428571428571,0.1428571428571428,0.1694044714624231
ni_tfnbs,"e=0.3,h=3.0,n=30,start_thres=1.25",hub,0.25,30,8,40,1730,5,1,35,1729,0.125,0.0005780346820809,0.8333333333333334,0.1666666666666666,0.1694044714624231
ni_tfnbs,"e=0.3,h=4.0,n=30,start_thres=1.25",hub,0.25,30,8,40,1730,3,1,37,1729,0.075,0.0005780346820809,0.75,0.25,0.1694044714624231
ni_tfnbs,"e=0.3,h=5.0,n=30,start_thres=1.25",hub,0.25,30,8,40,1730,3,1,37,1729,0.075,0.0005780346820809,0.75,0.25,0.1694044714624231
ni_tfnbs,"e=0.3,h=6.0,n=30,start_thres=1.25",hub,0.25,30,8,40,1730,2,0,38,1730,0.05,0.0,1.0,0.0,0.1694044714624231
ni_tfnbs,"e=0.3,h=7.0,n=30,start_thres=1.25",hub,0.25,30,8,40,1730,2,0,38,1730,0.05,0.0,1.0,0.0,0.1694044714624231
ni_tfnbs,"e=0.3,h=8.0,n=30,start_thres=1.25",hub,0.25,30,8,40,1730,2,0,38,1730,0.05,0.0,1.0,0.0,0.1694044714624231
ni_tfnbs,"e=0.3,h=9.0,n=30,start_thres=1.25",hub,0.25,30,8,40,1730,2,0,38,1730,0.05,0.0,1.0,0.0,0.1694044714624231
ni_tfnbs,"e=0.3,h=10.0,n=30,start_thres=1.25",hub,0.25,30,8,40,1730,2,0,38,1730,0.05,0.0,1.0,0.0,0.1694044714624231
ni_tfnbs,"e=0.4,h=0.5,n=30,start_thres=1.25",hub,0.25,30,8,40,1730,9,1,31,1729,0.225,0.0005780346820809,0.9,0.1,0.1694044714624231
ni_tfnbs,"e=0.4,h=1.0,n=30,start_thres=1.25",hub,0.25,30,8,40,1730,8,1,32,1729,0.2,0.0005780346820809,0.8888888888888888,0.1111111111111111,0.1694044714624231
ni_tfnbs,"e=0.4,h=2.0,n=30,start_thres=1.25",hub,0.25,30,8,40,1730,8,1,32,1729,0.2,0.0005780346820809,0.8888888888888888,0.1111111111111111,0.1694044714624231
ni_tfnbs,"e=0.4,h=3.0,n=30,start_thres=1.25",hub,0.25,30,8,40,1730,6,1,34,1729,0.15,0.0005780346820809,0.8571428571428571,0.1428571428571428,0.1694044714624231
ni_tfnbs,"e=0.4,h=4.0,n=30,start_thres=1.25",hub,0.25,30,8,40,1730,6,1,34,1729,0.15,0.0005780346820809,0.8571428571428571,0.1428571428571428,0.1694044714624231
ni_tfnbs,"e=0.4,h=5.0,n=30,start_thres=1.25",hub,0.25,30,8,40,1730,5,1,35,1729,0.125,0.0005780346820809,0.8333333333333334,0.1666666666666666,0.1694044714624231
ni_tfnbs,"e=0.4,h=6.0,n=30,start_thres=1.25",hub,0.25,30,8,40,1730,3,1,37,1729,0.075,0.0005780346820809,0.75,0.25,0.1694044714624231
ni_tfnbs,"e=0.4,h=7.0,n=30,start_thres=1.25",hub,0.25,30,8,40,1730,3,1,37,1729,0.075,0.0005780346820809,0.75,0.25,0.1694044714624231
ni_tfnbs,"e=0.4,h=8.0,n=30,start_thres=1.25",hub,0.25,30,8,40,1730,2,0,38,1730,0.05,0.0,1.0,0.0,0.1694044714624231
ni_tfnbs,"e=0.4,h=9.0,n=30,start_thres=1.25",hub,0.25,30,8,40,1730,2,0,38,1730,0.05,0.0,1.0,0.0,0.1694044714624231
ni_tfnbs,"e=0.4,h=10.0,n=30,start_thres=1.25",hub,0.25,30,8,40,1730,2,0,38,1730,0.05,0.0,1.0,0.0,0.1694044714624231
ni_tfnbs,"e=0.5,h=0.5,n=30,start_thres=1.25",hub,0.25,30,8,40,1730,9,1,31,1729,0.225,0.0005780346820809,0.9,0.1,0.1694044714624231
ni_tfnbs,"e=0.5,h=1.0,n=30,start_thres=1.25",hub,0.25,30,8,40,1730,9,1,31,1729,0.225,0.0005780346820809,0.9,0.1,0.1694044714624231
ni_tfnbs,"e=0.5,h=2.0,n=30,start_thres=1.25",hub,0.25,30,8,40,1730,8,1,32,1729,0.2,0.0005780346820809,0.8888888888888888,0.1111111111111111,0.1694044714624231
ni_tfnbs,"e=0.5,h=3.0,n=30,start_thres=1.25",hub,0.25,30,8,40,1730,8,1,32,1729,0.2,0.0005780346820809,0.8888888888888888,0.1111111111111111,0.1694044714624231
ni_tfnbs,"e=0.5,h=4.0,n=30,start_thres=1.25",hub,0.25,30,8,40,1730,7,1,33,1729,0.175,0.0005780346820809,0.875,0.125,0.1694044714624231
ni_tfnbs,"e=0.5,h=5.0,n=30,start_thres=1.25",hub,0.25,30,8,40,1730,6,1,34,1729,0.15,0.0005780346820809,0.8571428571428571,0.1428571428571428,0.1694044714624231
ni_tfnbs,"e=0.5,h=6.0,n=30,start_thres=1.25",hub,0.25,30,8,40,1730,5,1,35,1729,0.125,0.0005780346820809,0.8333333333333334,0.1666666666666666,0.1694044714624231
ni_tfnbs,"e=0.5,h=7.0,n=30,start_thres=1.25",hub,0.25,30,8,40,1730,5,1,35,1729,0.125,0.0005780346820809,0.8333333333333334,0.1666666666666666,0.1694044714624231
ni_tfnbs,"e=0.5,h=8.0,n=30,start_thres=1.25",hub,0.25,30,8,40,1730,3,1,37,1729,0.075,0.0005780346820809,0.75,0.25,0.1694044714624231
ni_tfnbs,"e=0.5,h=9.0,n=30,start_thres=1.25",hub,0.25,30,8,40,1730,3,1,37,1729,0.075,0.0005780346820809,0.75,0.25,0.1694044714624231
ni_tfnbs,"e=0.5,h=10.0,n=30,start_thres=1.25",hub,0.25,30,8,40,1730,2,0,38,1730,0.05,0.0,1.0,0.0,0.1694044714624231
ni_tfnbs,"e=0.6,h=0.5,n=30,start_thres=1.25",hub,0.25,30,8,40,1730,10,1,30,1729,0.25,0.0005780346820809,0.9090909090909092,0.0909090909090909,0.1694044714624231
ni_tfnbs,"e=0.6,h=1.0,n=30,start_thres=1.25",hub,0.25,30,8,40,1730,10,1,30,1729,0.25,0.0005780346820809,0.9090909090909092,0.0909090909090909,0.1694044714624231
ni_tfnbs,"e=0.6,h=2.0,n=30,start_thres=1.25",hub,0.25,30,8,40,1730,9,1,31,1729,0.225,0.0005780346820809,0.9,0.1,0.1694044714624231
ni_tfnbs,"e=0.6,h=3.0,n=30,start_thres=1.25",hub,0.25,30,8,40,1730,9,1,31,1729,0.225,0.0005780346820809,0.9,0.1,0.1694044714624231
ni_tfnbs,"e=0.6,h=4.0,n=30,start_thres=1.25",hub,0.25,30,8,40,1730,8,1,32,1729,0.2,0.0005780346820809,0.8888888888888888,0.1111111111111111,0.1694044714624231
ni_tfnbs,"e=0.6,h=5.0,n=30,start_thres=1.25",hub,0.25,30,8,40,1730,7,1,33,1729,0.175,0.0005780346820809,0.875,0.125,0.1694044714624231
ni_tfnbs,"e=0.6,h=6.0,n=30,start_thres=1.25",hub,0.25,30,8,40,1730,6,1,34,1729,0.15,0.0005780346820809,0.8571428571428571,0.1428571428571428,0.1694044714624231
ni_tfnbs,"e=0.6,h=7.0,n=30,start_thres=1.25",hub,0.25,30,8,40,1730,6,1,34,1729,0.15,0.0005780346820809,0.8571428571428571,0.1428571428571428,0.1694044714624231
ni_tfnbs,"e=0.6,h=8.0,n=30,start_thres=1.25",hub,0.25,30,8,40,1730,5,1,35,1729,0.125,0.0005780346820809,0.8333333333333334,0.1666666666666666,0.1694044714624231
ni_tfnbs,"e=0.6,h=9.0,n=30,start_thres=1.25",hub,0.25,30,8,40,1730,5,1,35,1729,0.125,0.0005780346820809,0.8333333333333334,0.1666666666666666,0.1694044714624231
ni_tfnbs,"e=0.6,h=10.0,n=30,start_thres=1.25",hub,0.25,30,8,40,1730,3,1,37,1729,0.075,0.0005780346820809,0.75,0.25,0.1694044714624231
ni_tfnbs,"e=0.7,h=0.5,n=30,start_thres=1.25",hub,0.25,30,8,40,1730,12,1,28,1729,0.3,0.0005780346820809,0.9230769230769232,0.0769230769230769,0.1694044714624231
ni_tfnbs,"e=0.7,h=1.0,n=30,start_thres=1.25",hub,0.25,30,8,40,1730,12,1,28,1729,0.3,0.0005780346820809,0.9230769230769232,0.0769230769230769,0.1694044714624231
ni_tfnbs,"e=0.7,h=2.0,n=30,start_thres=1.25",hub,0.25,30,8,40,1730,9,1,31,1729,0.225,0.0005780346820809,0.9,0.1,0.1694044714624231
ni_tfnbs,"e=0.7,h=3.0,n=30,start_thres=1.25",hub,0.25,30,8,40,1730,9,1,31,1729,0.225,0.0005780346820809,0.9,0.1,0.1694044714624231
ni_tfnbs,"e=0.7,h=4.0,n=30,start_thres=1.25",hub,0.25,30,8,40,1730,9,1,31,1729,0.225,0.0005780346820809,0.9,0.1,0.1694044714624231
ni_tfnbs,"e=0.7,h=5.0,n=30,start_thres=1.25",hub,0.25,30,8,40,1730,8,1,32,1729,0.2,0.0005780346820809,0.8888888888888888,0.1111111111111111,0.1694044714624231
ni_tfnbs,"e=0.7,h=6.0,n=30,start_thres=1.25",hub,0.25,30,8,40,1730,7,1,33,1729,0.175,0.0005780346820809,0.875,0.125,0.1694044714624231
ni_tfnbs,"e=0.7,h=7.0,n=30,start_thres=1.25",hub,0.25,30,8,40,1730,6,1,34,1729,0.15,0.0005780346820809,0.8571428571428571,0.1428571428571428,0.1694044714624231
ni_tfnbs,"e=0.7,h=8.0,n=30,start_thres=1.25",hub,0.25,30,8,40,1730,6,1,34,1729,0.15,0.0005780346820809,0.8571428571428571,0.1428571428571428,0.1694044714624231
ni_tfnbs,"e=0.7,h=9.0,n=30,start_thres=1.25",hub,0.25,30,8,40,1730,5,1,35,1729,0.125,0.0005780346820809,0.8333333333333334,0.1666666666666666,0.1694044714624231
ni_tfnbs,"e=0.7,h=10.0,n=30,start_thres=1.25",hub,0.25,30,8,40,1730,5,1,35,1729,0.125,0.0005780346820809,0.8333333333333334,0.1666666666666666,0.1694044714624231
ni_tfnbs,"e=0.8,h=0.5,n=30,start_thres=1.25",hub,0.25,30,8,40,1730,12,1,28,1729,0.3,0.0005780346820809,0.9230769230769232,0.0769230769230769,0.1694044714624231
ni_tfnbs,"e=0.8,h=1.0,n=30,start_thres=1.25",hub,0.25,30,8,40,1730,12,1,28,1729,0.3,0.0005780346820809,0.9230769230769232,0.0769230769230769,0.1694044714624231
ni_tfnbs,"e=0.8,h=2.0,n=30,start_thres=1.25",hub,0.25,30,8,40,1730,12,1,28,1729,0.3,0.0005780346820809,0.9230769230769232,0.0769230769230769,0.1694044714624231
ni_tfnbs,"e=0.8,h=3.0,n=30,start_thres=1.25",hub,0.25,30,8,40,1730,9,1,31,1729,0.225,0.0005780346820809,0.9,0.1,0.1694044714624231
ni_tfnbs,"e=0.8,h=4.0,n=30,start_thres=1.25",hub,0.25,30,8,40,1730,9,1,31,1729,0.225,0.0005780346820809,0.9,0.1,0.1694044714624231
ni_tfnbs,"e=0.8,h=5.0,n=30,start_thres=1.25",hub,0.25,30,8,40,1730,9,1,31,1729,0.225,0.0005780346820809,0.9,0.1,0.1694044714624231
ni_tfnbs,"e=0.8,h=6.0,n=30,start_thres=1.25",hub,0.25,30,8,40,1730,8,1,32,1729,0.2,0.0005780346820809,0.8888888888888888,0.1111111111111111,0.1694044714624231
ni_tfnbs,"e=0.8,h=7.0,n=30,start_thres=1.25",hub,0.25,30,8,40,1730,7,1,33,1729,0.175,0.0005780346820809,0.875,0.125,0.1694044714624231
ni_tfnbs,"e=0.8,h=8.0,n=30,start_thres=1.25",hub,0.25,30,8,40,1730,6,1,34,1729,0.15,0.0005780346820809,0.8571428571428571,0.1428571428571428,0.1694044714624231
ni_tfnbs,"e=0.8,h=9.0,n=30,start_thres=1.25",hub,0.25,30,8,40,1730,6,1,34,1729,0.15,0.0005780346820809,0.8571428571428571,0.1428571428571428,0.1694044714624231
ni_tfnbs,"e=0.8,h=10.0,n=30,start_thres=1.25",hub,0.25,30,8,40,1730,5,1,35,1729,0.125,0.0005780346820809,0.8333333333333334,0.1666666666666666,0.1694044714624231
ni_tfnbs,"e=0.9,h=0.5,n=30,start_thres=1.25",hub,0.25,30,8,40,1730,12,3,28,1727,0.3,0.0017341040462427,0.8,0.2,0.1694044714624231
ni_tfnbs,"e=0.9,h=1.0,n=30,start_thres=1.25",hub,0.25,30,8,40,1730,12,1,28,1729,0.3,0.0005780346820809,0.9230769230769232,0.0769230769230769,0.1694044714624231
ni_tfnbs,"e=0.9,h=2.0,n=30,start_thres=1.25",hub,0.25,30,8,40,1730,12,1,28,1729,0.3,0.0005780346820809,0.9230769230769232,0.0769230769230769,0.1694044714624231
ni_tfnbs,"e=0.9,h=3.0,n=30,start_thres=1.25",hub,0.25,30,8,40,1730,12,1,28,1729,0.3,0.0005780346820809,0.9230769230769232,0.0769230769230769,0.1694044714624231
ni_tfnbs,"e=0.9,h=4.0,n=30,start_thres=1.25",hub,0.25,30,8,40,1730,9,1,31,1729,0.225,0.0005780346820809,0.9,0.1,0.1694044714624231
ni_tfnbs,"e=0.9,h=5.0,n=30,start_thres=1.25",hub,0.25,30,8,40,1730,9,1,31,1729,0.225,0.0005780346820809,0.9,0.1,0.1694044714624231
ni_tfnbs,"e=0.9,h=6.0,n=30,start_thres=1.25",hub,0.25,30,8,40,1730,9,1,31,1729,0.225,0.0005780346820809,0.9,0.1,0.1694044714624231
ni_tfnbs,"e=0.9,h=7.0,n=30,start_thres=1.25",hub,0.25,30,8,40,1730,8,1,32,1729,0.2,0.0005780346820809,0.8888888888888888,0.1111111111111111,0.1694044714624231
ni_tfnbs,"e=0.9,h=8.0,n=30,start_thres=1.25",hub,0.25,30,8,40,1730,7,1,33,1729,0.175,0.0005780346820809,0.875,0.125,0.1694044714624231
ni_tfnbs,"e=0.9,h=9.0,n=30,start_thres=1.25",hub,0.25,30,8,40,1730,7,1,33,1729,0.175,0.0005780346820809,0.875,0.125,0.1694044714624231
ni_tfnbs,"e=0.9,h=10.0,n=30,start_thres=1.25",hub,0.25,30,8,40,1730,6,1,34,1729,0.15,0.0005780346820809,0.8571428571428571,0.1428571428571428,0.1694044714624231
ni_tfnbs,"e=1.0,h=0.5,n=30,start_thres=1.25",hub,0.25,30,8,40,1730,12,3,28,1727,0.3,0.0017341040462427,0.8,0.2,0.1694044714624231
ni_tfnbs,"e=1.0,h=1.0,n=30,start_thres=1.25",hub,0.25,30,8,40,1730,12,3,28,1727,0.3,0.0017341040462427,0.8,0.2,0.1694044714624231
ni_tfnbs,"e=1.0,h=2.0,n=30,start_thres=1.25",hub,0.25,30,8,40,1730,12,3,28,1727,0.3,0.0017341040462427,0.8,0.2,0.1694044714624231
ni_tfnbs,"e=1.0,h=3.0,n=30,start_thres=1.25",hub,0.25,30,8,40,1730,12,1,28,1729,0.3,0.0005780346820809,0.9230769230769232,0.0769230769230769,0.1694044714624231
ni_tfnbs,"e=1.0,h=4.0,n=30,start_thres=1.25",hub,0.25,30,8,40,1730,10,1,30,1729,0.25,0.0005780346820809,0.9090909090909092,0.0909090909090909,0.1694044714624231
ni_tfnbs,"e=1.0,h=5.0,n=30,start_thres=1.25",hub,0.25,30,8,40,1730,9,1,31,1729,0.225,0.0005780346820809,0.9,0.1,0.1694044714624231
ni_tfnbs,"e=1.0,h=6.0,n=30,start_thres=1.25",hub,0.25,30,8,40,1730,9,1,31,1729,0.225,0.0005780346820809,0.9,0.1,0.1694044714624231
ni_tfnbs,"e=1.0,h=7.0,n=30,start_thres=1.25",hub,0.25,30,8,40,1730,9,1,31,1729,0.225,0.0005780346820809,0.9,0.1,0.1694044714624231
ni_tfnbs,"e=1.0,h=8.0,n=30,start_thres=1.25",hub,0.25,30,8,40,1730,8,1,32,1729,0.2,0.0005780346820809,0.8888888888888888,0.1111111111111111,0.1694044714624231
ni_tfnbs,"e=1.0,h=9.0,n=30,start_thres=1.25",hub,0.25,30,8,40,1730,7,1,33,1729,0.175,0.0005780346820809,0.875,0.125,0.1694044714624231
ni_tfnbs,"e=1.0,h=10.0,n=30,start_thres=1.25",hub,0.25,30,8,40,1730,7,1,33,1729,0.175,0.0005780346820809,0.875,0.125,0.1694044714624231
ni_tfnbs,"e=1.1,h=0.5,n=30,start_thres=1.25",hub,0.25,30,8,40,1730,12,3,28,1727,0.3,0.0017341040462427,0.8,0.2,0.1694044714624231
ni_tfnbs,"e=1.1,h=1.0,n=30,start_thres=1.25",hub,0.25,30,8,40,1730,12,3,28,1727,0.3,0.0017341040462427,0.8,0.2,0.1694044714624231
ni_tfnbs,"e=1.1,h=2.0,n=30,start_thres=1.25",hub,0.25,30,8,40,1730,12,3,28,1727,0.3,0.0017341040462427,0.8,0.2,0.1694044714624231
ni_tfnbs,"e=1.1,h=3.0,n=30,start_thres=1.25",hub,0.25,30,8,40,1730,12,1,28,1729,0.3,0.0005780346820809,0.9230769230769232,0.0769230769230769,0.1694044714624231
ni_tfnbs,"e=1.1,h=4.0,n=30,start_thres=1.25",hub,0.25,30,8,40,1730,12,1,28,1729,0.3,0.0005780346820809,0.9230769230769232,0.0769230769230769,0.1694044714624231
ni_tfnbs,"e=1.1,h=5.0,n=30,start_thres=1.25",hub,0.25,30,8,40,1730,10,1,30,1729,0.25,0.0005780346820809,0.9090909090909092,0.0909090909090909,0.1694044714624231
ni_tfnbs,"e=1.1,h=6.0,n=30,start_thres=1.25",hub,0.25,30,8,40,1730,9,1,31,1729,0.225,0.0005780346820809,0.9,0.1,0.1694044714624231
ni_tfnbs,"e=1.1,h=7.0,n=30,start_thres=1.25",hub,0.25,30,8,40,1730,9,1,31,1729,0.225,0.0005780346820809,0.9,0.1,0.1694044714624231
ni_tfnbs,"e=1.1,h=8.0,n=30,start_thres=1.25",hub,0.25,30,8,40,1730,9,1,31,1729,0.225,0.0005780346820809,0.9,0.1,0.1694044714624231
ni_tfnbs,"e=1.1,h=9.0,n=30,start_thres=1.25",hub,0.25,30,8,40,1730,8,1,32,1729,0.2,0.0005780346820809,0.8888888888888888,0.1111111111111111,0.1694044714624231
ni_tfnbs,"e=1.1,h=10.0,n=30,start_thres=1.25",hub,0.25,30,8,40,1730,7,1,33,1729,0.175,0.0005780346820809,0.875,0.125,0.1694044714624231
ni_tfnbs,"e=1.2,h=0.5,n=30,start_thres=1.25",hub,0.25,30,8,40,1730,12,3,28,1727,0.3,0.0017341040462427,0.8,0.2,0.1694044714624231
ni_tfnbs,"e=1.2,h=1.0,n=30,start_thres=1.25",hub,0.25,30,8,40,1730,12,3,28,1727,0.3,0.0017341040462427,0.8,0.2,0.1694044714624231
ni_tfnbs,"e=1.2,h=2.0,n=30,start_thres=1.25",hub,0.25,30,8,40,1730,12,3,28,1727,0.3,0.0017341040462427,0.8,0.2,0.1694044714624231
ni_tfnbs,"e=1.2,h=3.0,n=30,start_thres=1.25",hub,0.25,30,8,40,1730,12,3,28,1727,0.3,0.0017341040462427,0.8,0.2,0.1694044714624231
ni_tfnbs,"e=1.2,h=4.0,n=30,start_thres=1.25",hub,0.25,30,8,40,1730,12,1,28,1729,0.3,0.0005780346820809,0.9230769230769232,0.0769230769230769,0.1694044714624231
ni_tfnbs,"e=1.2,h=5.0,n=30,start_thres=1.25",hub,0.25,30,8,40,1730,12,1,28,1729,0.3,0.0005780346820809,0.9230769230769232,0.0769230769230769,0.1694044714624231
ni_tfnbs,"e=1.2,h=6.0,n=30,start_thres=1.25",hub,0.25,30,8,40,1730,9,1,31,1729,0.225,0.0005780346820809,0.9,0.1,0.1694044714624231
ni_tfnbs,"e=1.2,h=7.0,n=30,start_thres=1.25",hub,0.25,30,8,40,1730,9,1,31,1729,0.225,0.0005780346820809,0.9,0.1,0.1694044714624231
ni_tfnbs,"e=1.2,h=8.0,n=30,start_thres=1.25",hub,0.25,30,8,40,1730,9,1,31,1729,0.225,0.0005780346820809,0.9,0.1,0.1694044714624231
ni_tfnbs,"e=1.2,h=9.0,n=30,start_thres=1.25",hub,0.25,30,8,40,1730,9,1,31,1729,0.225,0.0005780346820809,0.9,0.1,0.1694044714624231
ni_tfnbs,"e=1.2,h=10.0,n=30,start_thres=1.25",hub,0.25,30,8,40,1730,8,1,32,1729,0.2,0.0005780346820809,0.8888888888888888,0.1111111111111111,0.1694044714624231
ni_tfnbs,"e=1.3,h=0.5,n=30,start_thres=1.25",hub,0.25,30,8,40,1730,12,3,28,1727,0.3,0.0017341040462427,0.8,0.2,0.1694044714624231
ni_tfnbs,"e=1.3,h=1.0,n=30,start_thres=1.25",hub,0.25,30,8,40,1730,12,3,28,1727,0.3,0.0017341040462427,0.8,0.2,0.1694044714624231
ni_tfnbs,"e=1.3,h=2.0,n=30,start_thres=1.25",hub,0.25,30,8,40,1730,12,3,28,1727,0.3,0.0017341040462427,0.8,0.2,0.1694044714624231
ni_tfnbs,"e=1.3,h=3.0,n=30,start_thres=1.25",hub,0.25,30,8,40,1730,12,3,28,1727,0.3,0.0017341040462427,0.8,0.2,0.1694044714624231
ni_tfnbs,"e=1.3,h=4.0,n=30,start_thres=1.25",hub,0.25,30,8,40,1730,12,3,28,1727,0.3,0.0017341040462427,0.8,0.2,0.1694044714624231
ni_tfnbs,"e=1.3,h=5.0,n=30,start_thres=1.25",hub,0.25,30,8,40,1730,12,1,28,1729,0.3,0.0005780346820809,0.9230769230769232,0.0769230769230769,0.1694044714624231
ni_tfnbs,"e=1.3,h=6.0,n=30,start_thres=1.25",hub,0.25,30,8,40,1730,12,1,28,1729,0.3,0.0005780346820809,0.9230769230769232,0.0769230769230769,0.1694044714624231
ni_tfnbs,"e=1.3,h=7.0,n=30,start_thres=1.25",hub,0.25,30,8,40,1730,9,1,31,1729,0.225,0.0005780346820809,0.9,0.1,0.1694044714624231
ni_tfnbs,"e=1.3,h=8.0,n=30,start_thres=1.25",hub,0.25,30,8,40,1730,9,1,31,1729,0.225,0.0005780346820809,0.9,0.1,0.1694044714624231
ni_tfnbs,"e=1.3,h=9.0,n=30,start_thres=1.25",hub,0.25,30,8,40,1730,9,1,31,1729,0.225,0.0005780346820809,0.9,0.1,0.1694044714624231
ni_tfnbs,"e=1.3,h=10.0,n=30,start_thres=1.25",hub,0.25,30,8,40,1730,9,1,31,1729,0.225,0.0005780346820809,0.9,0.1,0.1694044714624231
ni_tfnbs,"e=1.4,h=0.5,n=30,start_thres=1.25",hub,0.25,30,8,40,1730,12,3,28,1727,0.3,0.0017341040462427,0.8,0.2,0.1694044714624231
ni_tfnbs,"e=1.4,h=1.0,n=30,start_thres=1.25",hub,0.25,30,8,40,1730,12,3,28,1727,0.3,0.0017341040462427,0.8,0.2,0.1694044714624231
ni_tfnbs,"e=1.4,h=2.0,n=30,start_thres=1.25",hub,0.25,30,8,40,1730,12,3,28,1727,0.3,0.0017341040462427,0.8,0.2,0.1694044714624231
ni_tfnbs,"e=1.4,h=3.0,n=30,start_thres=1.25",hub,0.25,30,8,40,1730,12,3,28,1727,0.3,0.0017341040462427,0.8,0.2,0.1694044714624231
ni_tfnbs,"e=1.4,h=4.0,n=30,start_thres=1.25",hub,0.25,30,8,40,1730,12,3,28,1727,0.3,0.0017341040462427,0.8,0.2,0.1694044714624231
ni_tfnbs,"e=1.4,h=5.0,n=30,start_thres=1.25",hub,0.25,30,8,40,1730,12,3,28,1727,0.3,0.0017341040462427,0.8,0.2,0.1694044714624231
ni_tfnbs,"e=1.4,h=6.0,n=30,start_thres=1.25",hub,0.25,30,8,40,1730,12,1,28,1729,0.3,0.0005780346820809,0.9230769230769232,0.0769230769230769,0.1694044714624231
ni_tfnbs,"e=1.4,h=7.0,n=30,start_thres=1.25",hub,0.25,30,8,40,1730,10,1,30,1729,0.25,0.0005780346820809,0.9090909090909092,0.0909090909090909,0.1694044714624231
ni_tfnbs,"e=1.4,h=8.0,n=30,start_thres=1.25",hub,0.25,30,8,40,1730,9,1,31,1729,0.225,0.0005780346820809,0.9,0.1,0.1694044714624231
ni_tfnbs,"e=1.4,h=9.0,n=30,start_thres=1.25",hub,0.25,30,8,40,1730,9,1,31,1729,0.225,0.0005780346820809,0.9,0.1,0.1694044714624231
ni_tfnbs,"e=1.4,h=10.0,n=30,start_thres=1.25",hub,0.25,30,8,40,1730,9,1,31,1729,0.225,0.0005780346820809,0.9,0.1,0.1694044714624231
ni_tfnbs,"e=1.5,h=0.5,n=30,start_thres=1.25",hub,0.25,30,8,40,1730,11,3,29,1727,0.275,0.0017341040462427,0.7857142857142857,0.2142857142857142,0.1694044714624231
ni_tfnbs,"e=1.5,h=1.0,n=30,start_thres=1.25",hub,0.25,30,8,40,1730,12,3,28,1727,0.3,0.0017341040462427,0.8,0.2,0.1694044714624231
ni_tfnbs,"e=1.5,h=2.0,n=30,start_thres=1.25",hub,0.25,30,8,40,1730,12,3,28,1727,0.3,0.0017341040462427,0.8,0.2,0.1694044714624231
ni_tfnbs,"e=1.5,h=3.0,n=30,start_thres=1.25",hub,0.25,30,8,40,1730,12,3,28,1727,0.3,0.0017341040462427,0.8,0.2,0.1694044714624231
ni_tfnbs,"e=1.5,h=4.0,n=30,start_thres=1.25",hub,0.25,30,8,40,1730,12,3,28,1727,0.3,0.0017341040462427,0.8,0.2,0.1694044714624231
ni_tfnbs,"e=1.5,h=5.0,n=30,start_thres=1.25",hub,0.25,30,8,40,1730,12,3,28,1727,0.3,0.0017341040462427,0.8,0.2,0.1694044714624231
ni_tfnbs,"e=1.5,h=6.0,n=30,start_thres=1.25",hub,0.25,30,8,40,1730,12,1,28,1729,0.3,0.0005780346820809,0.9230769230769232,0.0769230769230769,0.1694044714624231
ni_tfnbs,"e=1.5,h=7.0,n=30,start_thres=1.25",hub,0.25,30,8,40,1730,12,1,28,1729,0.3,0.0005780346820809,0.9230769230769232,0.0769230769230769,0.1694044714624231
ni_tfnbs,"e=1.5,h=8.0,n=30,start_thres=1.25",hub,0.25,30,8,40,1730,9,1,31,1729,0.225,0.0005780346820809,0.9,0.1,0.1694044714624231
ni_tfnbs,"e=1.5,h=9.0,n=30,start_thres=1.25",hub,0.25,30,8,40,1730,9,1,31,1729,0.225,0.0005780346820809,0.9,0.1,0.1694044714624231
ni_tfnbs,"e=1.5,h=10.0,n=30,start_thres=1.25",hub,0.25,30,8,40,1730,9,1,31,1729,0.225,0.0005780346820809,0.9,0.1,0.1694044714624231
ni_tfnbs,"e=0.05,h=0.5,n=30,start_thres=1.25",hub,0.25,30,9,40,1730,2,0,38,1730,0.05,0.0,1.0,0.0,0.1700080592523921
ni_tfnbs,"e=0.05,h=1.0,n=30,start_thres=1.25",hub,0.25,30,9,40,1730,2,0,38,1730,0.05,0.0,1.0,0.0,0.1700080592523921
ni_tfnbs,"e=0.05,h=2.0,n=30,start_thres=1.25",hub,0.25,30,9,40,1730,2,0,38,1730,0.05,0.0,1.0,0.0,0.1700080592523921
ni_tfnbs,"e=0.05,h=3.0,n=30,start_thres=1.25",hub,0.25,30,9,40,1730,2,0,38,1730,0.05,0.0,1.0,0.0,0.1700080592523921
ni_tfnbs,"e=0.05,h=4.0,n=30,start_thres=1.25",hub,0.25,30,9,40,1730,2,0,38,1730,0.05,0.0,1.0,0.0,0.1700080592523921
ni_tfnbs,"e=0.05,h=5.0,n=30,start_thres=1.25",hub,0.25,30,9,40,1730,2,0,38,1730,0.05,0.0,1.0,0.0,0.1700080592523921
ni_tfnbs,"e=0.05,h=6.0,n=30,start_thres=1.25",hub,0.25,30,9,40,1730,2,0,38,1730,0.05,0.0,1.0,0.0,0.1700080592523921
ni_tfnbs,"e=0.05,h=7.0,n=30,start_thres=1.25",hub,0.25,30,9,40,1730,2,0,38,1730,0.05,0.0,1.0,0.0,0.1700080592523921
ni_tfnbs,"e=0.05,h=8.0,n=30,start_thres=1.25",hub,0.25,30,9,40,1730,2,0,38,1730,0.05,0.0,1.0,0.0,0.1700080592523921
ni_tfnbs,"e=0.05,h=9.0,n=30,start_thres=1.25",hub,0.25,30,9,40,1730,2,0,38,1730,0.05,0.0,1.0,0.0,0.1700080592523921
ni_tfnbs,"e=0.05,h=10.0,n=30,start_thres=1.25",hub,0.25,30,9,40,1730,2,0,38,1730,0.05,0.0,1.0,0.0,0.1700080592523921
ni_tfnbs,"e=0.1,h=0.5,n=30,start_thres=1.25",hub,0.25,30,9,40,1730,2,0,38,1730,0.05,0.0,1.0,0.0,0.1700080592523921
ni_tfnbs,"e=0.1,h=1.0,n=30,start_thres=1.25",hub,0.25,30,9,40,1730,2,0,38,1730,0.05,0.0,1.0,0.0,0.1700080592523921
ni_tfnbs,"e=0.1,h=2.0,n=30,start_thres=1.25",hub,0.25,30,9,40,1730,2,0,38,1730,0.05,0.0,1.0,0.0,0.1700080592523921
ni_tfnbs,"e=0.1,h=3.0,n=30,start_thres=1.25",hub,0.25,30,9,40,1730,2,0,38,1730,0.05,0.0,1.0,0.0,0.1700080592523921
ni_tfnbs,"e=0.1,h=4.0,n=30,start_thres=1.25",hub,0.25,30,9,40,1730,2,0,38,1730,0.05,0.0,1.0,0.0,0.1700080592523921
ni_tfnbs,"e=0.1,h=5.0,n=30,start_thres=1.25",hub,0.25,30,9,40,1730,2,0,38,1730,0.05,0.0,1.0,0.0,0.1700080592523921
ni_tfnbs,"e=0.1,h=6.0,n=30,start_thres=1.25",hub,0.25,30,9,40,1730,2,0,38,1730,0.05,0.0,1.0,0.0,0.1700080592523921
ni_tfnbs,"e=0.1,h=7.0,n=30,start_thres=1.25",hub,0.25,30,9,40,1730,2,0,38,1730,0.05,0.0,1.0,0.0,0.1700080592523921
ni_tfnbs,"e=0.1,h=8.0,n=30,start_thres=1.25",hub,0.25,30,9,40,1730,2,0,38,1730,0.05,0.0,1.0,0.0,0.1700080592523921
ni_tfnbs,"e=0.1,h=9.0,n=30,start_thres=1.25",hub,0.25,30,9,40,1730,2,0,38,1730,0.05,0.0,1.0,0.0,0.1700080592523921
ni_tfnbs,"e=0.1,h=10.0,n=30,start_thres=1.25",hub,0.25,30,9,40,1730,2,0,38,1730,0.05,0.0,1.0,0.0,0.1700080592523921
ni_tfnbs,"e=0.2,h=0.5,n=30,start_thres=1.25",hub,0.25,30,9,40,1730,2,0,38,1730,0.05,0.0,1.0,0.0,0.1700080592523921
ni_tfnbs,"e=0.2,h=1.0,n=30,start_thres=1.25",hub,0.25,30,9,40,1730,2,0,38,1730,0.05,0.0,1.0,0.0,0.1700080592523921
ni_tfnbs,"e=0.2,h=2.0,n=30,start_thres=1.25",hub,0.25,30,9,40,1730,2,0,38,1730,0.05,0.0,1.0,0.0,0.1700080592523921
ni_tfnbs,"e=0.2,h=3.0,n=30,start_thres=1.25",hub,0.25,30,9,40,1730,2,0,38,1730,0.05,0.0,1.0,0.0,0.1700080592523921
ni_tfnbs,"e=0.2,h=4.0,n=30,start_thres=1.25",hub,0.25,30,9,40,1730,2,0,38,1730,0.05,0.0,1.0,0.0,0.1700080592523921
ni_tfnbs,"e=0.2,h=5.0,n=30,start_thres=1.25",hub,0.25,30,9,40,1730,2,0,38,1730,0.05,0.0,1.0,0.0,0.1700080592523921
ni_tfnbs,"e=0.2,h=6.0,n=30,start_thres=1.25",hub,0.25,30,9,40,1730,2,0,38,1730,0.05,0.0,1.0,0.0,0.1700080592523921
ni_tfnbs,"e=0.2,h=7.0,n=30,start_thres=1.25",hub,0.25,30,9,40,1730,2,0,38,1730,0.05,0.0,1.0,0.0,0.1700080592523921
ni_tfnbs,"e=0.2,h=8.0,n=30,start_thres=1.25",hub,0.25,30,9,40,1730,2,0,38,1730,0.05,0.0,1.0,0.0,0.1700080592523921
ni_tfnbs,"e=0.2,h=9.0,n=30,start_thres=1.25",hub,0.25,30,9,40,1730,2,0,38,1730,0.05,0.0,1.0,0.0,0.1700080592523921
ni_tfnbs,"e=0.2,h=10.0,n=30,start_thres=1.25",hub,0.25,30,9,40,1730,2,0,38,1730,0.05,0.0,1.0,0.0,0.1700080592523921
ni_tfnbs,"e=0.3,h=0.5,n=30,start_thres=1.25",hub,0.25,30,9,40,1730,3,0,37,1730,0.075,0.0,1.0,0.0,0.1700080592523921
ni_tfnbs,"e=0.3,h=1.0,n=30,start_thres=1.25",hub,0.25,30,9,40,1730,3,0,37,1730,0.075,0.0,1.0,0.0,0.1700080592523921
ni_tfnbs,"e=0.3,h=2.0,n=30,start_thres=1.25",hub,0.25,30,9,40,1730,2,0,38,1730,0.05,0.0,1.0,0.0,0.1700080592523921
ni_tfnbs,"e=0.3,h=3.0,n=30,start_thres=1.25",hub,0.25,30,9,40,1730,2,0,38,1730,0.05,0.0,1.0,0.0,0.1700080592523921
ni_tfnbs,"e=0.3,h=4.0,n=30,start_thres=1.25",hub,0.25,30,9,40,1730,2,0,38,1730,0.05,0.0,1.0,0.0,0.1700080592523921
ni_tfnbs,"e=0.3,h=5.0,n=30,start_thres=1.25",hub,0.25,30,9,40,1730,2,0,38,1730,0.05,0.0,1.0,0.0,0.1700080592523921
ni_tfnbs,"e=0.3,h=6.0,n=30,start_thres=1.25",hub,0.25,30,9,40,1730,2,0,38,1730,0.05,0.0,1.0,0.0,0.1700080592523921
ni_tfnbs,"e=0.3,h=7.0,n=30,start_thres=1.25",hub,0.25,30,9,40,1730,2,0,38,1730,0.05,0.0,1.0,0.0,0.1700080592523921
ni_tfnbs,"e=0.3,h=8.0,n=30,start_thres=1.25",hub,0.25,30,9,40,1730,2,0,38,1730,0.05,0.0,1.0,0.0,0.1700080592523921
ni_tfnbs,"e=0.3,h=9.0,n=30,start_thres=1.25",hub,0.25,30,9,40,1730,2,0,38,1730,0.05,0.0,1.0,0.0,0.1700080592523921
ni_tfnbs,"e=0.3,h=10.0,n=30,start_thres=1.25",hub,0.25,30,9,40,1730,2,0,38,1730,0.05,0.0,1.0,0.0,0.1700080592523921
ni_tfnbs,"e=0.4,h=0.5,n=30,start_thres=1.25",hub,0.25,30,9,40,1730,3,0,37,1730,0.075,0.0,1.0,0.0,0.1700080592523921
ni_tfnbs,"e=0.4,h=1.0,n=30,start_thres=1.25",hub,0.25,30,9,40,1730,3,0,37,1730,0.075,0.0,1.0,0.0,0.1700080592523921
ni_tfnbs,"e=0.4,h=2.0,n=30,start_thres=1.25",hub,0.25,30,9,40,1730,3,0,37,1730,0.075,0.0,1.0,0.0,0.1700080592523921
ni_tfnbs,"e=0.4,h=3.0,n=30,start_thres=1.25",hub,0.25,30,9,40,1730,2,0,38,1730,0.05,0.0,1.0,0.0,0.1700080592523921
ni_tfnbs,"e=0.4,h=4.0,n=30,start_thres=1.25",hub,0.25,30,9,40,1730,2,0,38,1730,0.05,0.0,1.0,0.0,0.1700080592523921
ni_tfnbs,"e=0.4,h=5.0,n=30,start_thres=1.25",hub,0.25,30,9,40,1730,2,0,38,1730,0.05,0.0,1.0,0.0,0.1700080592523921
ni_tfnbs,"e=0.4,h=6.0,n=30,start_thres=1.25",hub,0.25,30,9,40,1730,2,0,38,1730,0.05,0.0,1.0,0.0,0.1700080592523921
ni_tfnbs,"e=0.4,h=7.0,n=30,start_thres=1.25",hub,0.25,30,9,40,1730,2,0,38,1730,0.05,0.0,1.0,0.0,0.1700080592523921
ni_tfnbs,"e=0.4,h=8.0,n=30,start_thres=1.25",hub,0.25,30,9,40,1730,2,0,38,1730,0.05,0.0,1.0,0.0,0.1700080592523921
ni_tfnbs,"e=0.4,h=9.0,n=30,start_thres=1.25",hub,0.25,30,9,40,1730,2,0,38,1730,0.05,0.0,1.0,0.0,0.1700080592523921
ni_tfnbs,"e=0.4,h=10.0,n=30,start_thres=1.25",hub,0.25,30,9,40,1730,2,0,38,1730,0.05,0.0,1.0,0.0,0.1700080592523921
ni_tfnbs,"e=0.5,h=0.5,n=30,start_thres=1.25",hub,0.25,30,9,40,1730,3,0,37,1730,0.075,0.0,1.0,0.0,0.1700080592523921
ni_tfnbs,"e=0.5,h=1.0,n=30,start_thres=1.25",hub,0.25,30,9,40,1730,3,0,37,1730,0.075,0.0,1.0,0.0,0.1700080592523921
ni_tfnbs,"e=0.5,h=2.0,n=30,start_thres=1.25",hub,0.25,30,9,40,1730,3,0,37,1730,0.075,0.0,1.0,0.0,0.1700080592523921
ni_tfnbs,"e=0.5,h=3.0,n=30,start_thres=1.25",hub,0.25,30,9,40,1730,3,0,37,1730,0.075,0.0,1.0,0.0,0.1700080592523921
ni_tfnbs,"e=0.5,h=4.0,n=30,start_thres=1.25",hub,0.25,30,9,40,1730,2,0,38,1730,0.05,0.0,1.0,0.0,0.1700080592523921
ni_tfnbs,"e=0.5,h=5.0,n=30,start_thres=1.25",hub,0.25,30,9,40,1730,2,0,38,1730,0.05,0.0,1.0,0.0,0.1700080592523921
ni_tfnbs,"e=0.5,h=6.0,n=30,start_thres=1.25",hub,0.25,30,9,40,1730,2,0,38,1730,0.05,0.0,1.0,0.0,0.1700080592523921
ni_tfnbs,"e=0.5,h=7.0,n=30,start_thres=1.25",hub,0.25,30,9,40,1730,2,0,38,1730,0.05,0.0,1.0,0.0,0.1700080592523921
ni_tfnbs,"e=0.5,h=8.0,n=30,start_thres=1.25",hub,0.25,30,9,40,1730,2,0,38,1730,0.05,0.0,1.0,0.0,0.1700080592523921
ni_tfnbs,"e=0.5,h=9.0,n=30,start_thres=1.25",hub,0.25,30,9,40,1730,2,0,38,1730,0.05,0.0,1.0,0.0,0.1700080592523921
ni_tfnbs,"e=0.5,h=10.0,n=30,start_thres=1.25",hub,0.25,30,9,40,1730,2,0,38,1730,0.05,0.0,1.0,0.0,0.1700080592523921
ni_tfnbs,"e=0.6,h=0.5,n=30,start_thres=1.25",hub,0.25,30,9,40,1730,3,0,37,1730,0.075,0.0,1.0,0.0,0.1700080592523921
ni_tfnbs,"e=0.6,h=1.0,n=30,start_thres=1.25",hub,0.25,30,9,40,1730,3,0,37,1730,0.075,0.0,1.0,0.0,0.1700080592523921
ni_tfnbs,"e=0.6,h=2.0,n=30,start_thres=1.25",hub,0.25,30,9,40,1730,3,0,37,1730,0.075,0.0,1.0,0.0,0.1700080592523921
ni_tfnbs,"e=0.6,h=3.0,n=30,start_thres=1.25",hub,0.25,30,9,40,1730,3,0,37,1730,0.075,0.0,1.0,0.0,0.1700080592523921
ni_tfnbs,"e=0.6,h=4.0,n=30,start_thres=1.25",hub,0.25,30,9,40,1730,3,0,37,1730,0.075,0.0,1.0,0.0,0.1700080592523921
ni_tfnbs,"e=0.6,h=5.0,n=30,start_thres=1.25",hub,0.25,30,9,40,1730,2,0,38,1730,0.05,0.0,1.0,0.0,0.1700080592523921
ni_tfnbs,"e=0.6,h=6.0,n=30,start_thres=1.25",hub,0.25,30,9,40,1730,2,0,38,1730,0.05,0.0,1.0,0.0,0.1700080592523921
ni_tfnbs,"e=0.6,h=7.0,n=30,start_thres=1.25",hub,0.25,30,9,40,1730,2,0,38,1730,0.05,0.0,1.0,0.0,0.1700080592523921
ni_tfnbs,"e=0.6,h=8.0,n=30,start_thres=1.25",hub,0.25,30,9,40,1730,2,0,38,1730,0.05,0.0,1.0,0.0,0.1700080592523921
ni_tfnbs,"e=0.6,h=9.0,n=30,start_thres=1.25",hub,0.25,30,9,40,1730,2,0,38,1730,0.05,0.0,1.0,0.0,0.1700080592523921
ni_tfnbs,"e=0.6,h=10.0,n=30,start_thres=1.25",hub,0.25,30,9,40,1730,2,0,38,1730,0.05,0.0,1.0,0.0,0.1700080592523921
ni_tfnbs,"e=0.7,h=0.5,n=30,start_thres=1.25",hub,0.25,30,9,40,1730,2,0,38,1730,0.05,0.0,1.0,0.0,0.1700080592523921
ni_tfnbs,"e=0.7,h=1.0,n=30,start_thres=1.25",hub,0.25,30,9,40,1730,3,0,37,1730,0.075,0.0,1.0,0.0,0.1700080592523921
ni_tfnbs,"e=0.7,h=2.0,n=30,start_thres=1.25",hub,0.25,30,9,40,1730,3,0,37,1730,0.075,0.0,1.0,0.0,0.1700080592523921
ni_tfnbs,"e=0.7,h=3.0,n=30,start_thres=1.25",hub,0.25,30,9,40,1730,3,0,37,1730,0.075,0.0,1.0,0.0,0.1700080592523921
ni_tfnbs,"e=0.7,h=4.0,n=30,start_thres=1.25",hub,0.25,30,9,40,1730,3,0,37,1730,0.075,0.0,1.0,0.0,0.1700080592523921
ni_tfnbs,"e=0.7,h=5.0,n=30,start_thres=1.25",hub,0.25,30,9,40,1730,3,0,37,1730,0.075,0.0,1.0,0.0,0.1700080592523921
ni_tfnbs,"e=0.7,h=6.0,n=30,start_thres=1.25",hub,0.25,30,9,40,1730,2,0,38,1730,0.05,0.0,1.0,0.0,0.1700080592523921
ni_tfnbs,"e=0.7,h=7.0,n=30,start_thres=1.25",hub,0.25,30,9,40,1730,2,0,38,1730,0.05,0.0,1.0,0.0,0.1700080592523921
ni_tfnbs,"e=0.7,h=8.0,n=30,start_thres=1.25",hub,0.25,30,9,40,1730,2,0,38,1730,0.05,0.0,1.0,0.0,0.1700080592523921
ni_tfnbs,"e=0.7,h=9.0,n=30,start_thres=1.25",hub,0.25,30,9,40,1730,2,0,38,1730,0.05,0.0,1.0,0.0,0.1700080592523921
ni_tfnbs,"e=0.7,h=10.0,n=30,start_thres=1.25",hub,0.25,30,9,40,1730,2,0,38,1730,0.05,0.0,1.0,0.0,0.1700080592523921
ni_tfnbs,"e=0.8,h=0.5,n=30,start_thres=1.25",hub,0.25,30,9,40,1730,2,0,38,1730,0.05,0.0,1.0,0.0,0.1700080592523921
ni_tfnbs,"e=0.8,h=1.0,n=30,start_thres=1.25",hub,0.25,30,9,40,1730,2,0,38,1730,0.05,0.0,1.0,0.0,0.1700080592523921
ni_tfnbs,"e=0.8,h=2.0,n=30,start_thres=1.25",hub,0.25,30,9,40,1730,3,0,37,1730,0.075,0.0,1.0,0.0,0.1700080592523921
ni_tfnbs,"e=0.8,h=3.0,n=30,start_thres=1.25",hub,0.25,30,9,40,1730,3,0,37,1730,0.075,0.0,1.0,0.0,0.1700080592523921
ni_tfnbs,"e=0.8,h=4.0,n=30,start_thres=1.25",hub,0.25,30,9,40,1730,3,0,37,1730,0.075,0.0,1.0,0.0,0.1700080592523921
ni_tfnbs,"e=0.8,h=5.0,n=30,start_thres=1.25",hub,0.25,30,9,40,1730,3,0,37,1730,0.075,0.0,1.0,0.0,0.1700080592523921
ni_tfnbs,"e=0.8,h=6.0,n=30,start_thres=1.25",hub,0.25,30,9,40,1730,3,0,37,1730,0.075,0.0,1.0,0.0,0.1700080592523921
ni_tfnbs,"e=0.8,h=7.0,n=30,start_thres=1.25",hub,0.25,30,9,40,1730,2,0,38,1730,0.05,0.0,1.0,0.0,0.1700080592523921
ni_tfnbs,"e=0.8,h=8.0,n=30,start_thres=1.25",hub,0.25,30,9,40,1730,2,0,38,1730,0.05,0.0,1.0,0.0,0.1700080592523921
ni_tfnbs,"e=0.8,h=9.0,n=30,start_thres=1.25",hub,0.25,30,9,40,1730,2,0,38,1730,0.05,0.0,1.0,0.0,0.1700080592523921
ni_tfnbs,"e=0.8,h=10.0,n=30,start_thres=1.25",hub,0.25,30,9,40,1730,2,0,38,1730,0.05,0.0,1.0,0.0,0.1700080592523921
ni_tfnbs,"e=0.9,h=0.5,n=30,start_thres=1.25",hub,0.25,30,9,40,1730,2,0,38,1730,0.05,0.0,1.0,0.0,0.1700080592523921
ni_tfnbs,"e=0.9,h=1.0,n=30,start_thres=1.25",hub,0.25,30,9,40,1730,2,0,38,1730,0.05,0.0,1.0,0.0,0.1700080592523921
ni_tfnbs,"e=0.9,h=2.0,n=30,start_thres=1.25",hub,0.25,30,9,40,1730,3,0,37,1730,0.075,0.0,1.0,0.0,0.1700080592523921
ni_tfnbs,"e=0.9,h=3.0,n=30,start_thres=1.25",hub,0.25,30,9,40,1730,3,0,37,1730,0.075,0.0,1.0,0.0,0.1700080592523921
ni_tfnbs,"e=0.9,h=4.0,n=30,start_thres=1.25",hub,0.25,30,9,40,1730,3,0,37,1730,0.075,0.0,1.0,0.0,0.1700080592523921
ni_tfnbs,"e=0.9,h=5.0,n=30,start_thres=1.25",hub,0.25,30,9,40,1730,3,0,37,1730,0.075,0.0,1.0,0.0,0.1700080592523921
ni_tfnbs,"e=0.9,h=6.0,n=30,start_thres=1.25",hub,0.25,30,9,40,1730,3,0,37,1730,0.075,0.0,1.0,0.0,0.1700080592523921
ni_tfnbs,"e=0.9,h=7.0,n=30,start_thres=1.25",hub,0.25,30,9,40,1730,2,0,38,1730,0.05,0.0,1.0,0.0,0.1700080592523921
ni_tfnbs,"e=0.9,h=8.0,n=30,start_thres=1.25",hub,0.25,30,9,40,1730,2,0,38,1730,0.05,0.0,1.0,0.0,0.1700080592523921
ni_tfnbs,"e=0.9,h=9.0,n=30,start_thres=1.25",hub,0.25,30,9,40,1730,2,0,38,1730,0.05,0.0,1.0,0.0,0.1700080592523921
ni_tfnbs,"e=0.9,h=10.0,n=30,start_thres=1.25",hub,0.25,30,9,40,1730,2,0,38,1730,0.05,0.0,1.0,0.0,0.1700080592523921
ni_tfnbs,"e=1.0,h=0.5,n=30,start_thres=1.25",hub,0.25,30,9,40,1730,2,0,38,1730,0.05,0.0,1.0,0.0,0.1700080592523921
ni_tfnbs,"e=1.0,h=1.0,n=30,start_thres=1.25",hub,0.25,30,9,40,1730,2,0,38,1730,0.05,0.0,1.0,0.0,0.1700080592523921
ni_tfnbs,"e=1.0,h=2.0,n=30,start_thres=1.25",hub,0.25,30,9,40,1730,2,0,38,1730,0.05,0.0,1.0,0.0,0.1700080592523921
ni_tfnbs,"e=1.0,h=3.0,n=30,start_thres=1.25",hub,0.25,30,9,40,1730,3,0,37,1730,0.075,0.0,1.0,0.0,0.1700080592523921
ni_tfnbs,"e=1.0,h=4.0,n=30,start_thres=1.25",hub,0.25,30,9,40,1730,3,0,37,1730,0.075,0.0,1.0,0.0,0.1700080592523921
ni_tfnbs,"e=1.0,h=5.0,n=30,start_thres=1.25",hub,0.25,30,9,40,1730,3,0,37,1730,0.075,0.0,1.0,0.0,0.1700080592523921
ni_tfnbs,"e=1.0,h=6.0,n=30,start_thres=1.25",hub,0.25,30,9,40,1730,3,0,37,1730,0.075,0.0,1.0,0.0,0.1700080592523921
ni_tfnbs,"e=1.0,h=7.0,n=30,start_thres=1.25",hub,0.25,30,9,40,1730,3,0,37,1730,0.075,0.0,1.0,0.0,0.1700080592523921
ni_tfnbs,"e=1.0,h=8.0,n=30,start_thres=1.25",hub,0.25,30,9,40,1730,2,0,38,1730,0.05,0.0,1.0,0.0,0.1700080592523921
ni_tfnbs,"e=1.0,h=9.0,n=30,start_thres=1.25",hub,0.25,30,9,40,1730,2,0,38,1730,0.05,0.0,1.0,0.0,0.1700080592523921
ni_tfnbs,"e=1.0,h=10.0,n=30,start_thres=1.25",hub,0.25,30,9,40,1730,2,0,38,1730,0.05,0.0,1.0,0.0,0.1700080592523921
ni_tfnbs,"e=1.1,h=0.5,n=30,start_thres=1.25",hub,0.25,30,9,40,1730,2,0,38,1730,0.05,0.0,1.0,0.0,0.1700080592523921
ni_tfnbs,"e=1.1,h=1.0,n=30,start_thres=1.25",hub,0.25,30,9,40,1730,2,0,38,1730,0.05,0.0,1.0,0.0,0.1700080592523921
ni_tfnbs,"e=1.1,h=2.0,n=30,start_thres=1.25",hub,0.25,30,9,40,1730,2,0,38,1730,0.05,0.0,1.0,0.0,0.1700080592523921
ni_tfnbs,"e=1.1,h=3.0,n=30,start_thres=1.25",hub,0.25,30,9,40,1730,4,0,36,1730,0.1,0.0,1.0,0.0,0.1700080592523921
ni_tfnbs,"e=1.1,h=4.0,n=30,start_thres=1.25",hub,0.25,30,9,40,1730,3,0,37,1730,0.075,0.0,1.0,0.0,0.1700080592523921
ni_tfnbs,"e=1.1,h=5.0,n=30,start_thres=1.25",hub,0.25,30,9,40,1730,3,0,37,1730,0.075,0.0,1.0,0.0,0.1700080592523921
ni_tfnbs,"e=1.1,h=6.0,n=30,start_thres=1.25",hub,0.25,30,9,40,1730,3,0,37,1730,0.075,0.0,1.0,0.0,0.1700080592523921
ni_tfnbs,"e=1.1,h=7.0,n=30,start_thres=1.25",hub,0.25,30,9,40,1730,3,0,37,1730,0.075,0.0,1.0,0.0,0.1700080592523921
ni_tfnbs,"e=1.1,h=8.0,n=30,start_thres=1.25",hub,0.25,30,9,40,1730,3,0,37,1730,0.075,0.0,1.0,0.0,0.1700080592523921
ni_tfnbs,"e=1.1,h=9.0,n=30,start_thres=1.25",hub,0.25,30,9,40,1730,2,0,38,1730,0.05,0.0,1.0,0.0,0.1700080592523921
ni_tfnbs,"e=1.1,h=10.0,n=30,start_thres=1.25",hub,0.25,30,9,40,1730,2,0,38,1730,0.05,0.0,1.0,0.0,0.1700080592523921
ni_tfnbs,"e=1.2,h=0.5,n=30,start_thres=1.25",hub,0.25,30,9,40,1730,1,0,39,1730,0.025,0.0,1.0,0.0,0.1700080592523921
ni_tfnbs,"e=1.2,h=1.0,n=30,start_thres=1.25",hub,0.25,30,9,40,1730,2,0,38,1730,0.05,0.0,1.0,0.0,0.1700080592523921
ni_tfnbs,"e=1.2,h=2.0,n=30,start_thres=1.25",hub,0.25,30,9,40,1730,2,0,38,1730,0.05,0.0,1.0,0.0,0.1700080592523921
ni_tfnbs,"e=1.2,h=3.0,n=30,start_thres=1.25",hub,0.25,30,9,40,1730,3,0,37,1730,0.075,0.0,1.0,0.0,0.1700080592523921
ni_tfnbs,"e=1.2,h=4.0,n=30,start_thres=1.25",hub,0.25,30,9,40,1730,3,0,37,1730,0.075,0.0,1.0,0.0,0.1700080592523921
ni_tfnbs,"e=1.2,h=5.0,n=30,start_thres=1.25",hub,0.25,30,9,40,1730,3,0,37,1730,0.075,0.0,1.0,0.0,0.1700080592523921
ni_tfnbs,"e=1.2,h=6.0,n=30,start_thres=1.25",hub,0.25,30,9,40,1730,3,0,37,1730,0.075,0.0,1.0,0.0,0.1700080592523921
ni_tfnbs,"e=1.2,h=7.0,n=30,start_thres=1.25",hub,0.25,30,9,40,1730,3,0,37,1730,0.075,0.0,1.0,0.0,0.1700080592523921
ni_tfnbs,"e=1.2,h=8.0,n=30,start_thres=1.25",hub,0.25,30,9,40,1730,3,0,37,1730,0.075,0.0,1.0,0.0,0.1700080592523921
ni_tfnbs,"e=1.2,h=9.0,n=30,start_thres=1.25",hub,0.25,30,9,40,1730,3,0,37,1730,0.075,0.0,1.0,0.0,0.1700080592523921
ni_tfnbs,"e=1.2,h=10.0,n=30,start_thres=1.25",hub,0.25,30,9,40,1730,2,0,38,1730,0.05,0.0,1.0,0.0,0.1700080592523921
ni_tfnbs,"e=1.3,h=0.5,n=30,start_thres=1.25",hub,0.25,30,9,40,1730,0,0,40,1730,0.0,0.0,0.0,0.0,0.1700080592523921
ni_tfnbs,"e=1.3,h=1.0,n=30,start_thres=1.25",hub,0.25,30,9,40,1730,1,0,39,1730,0.025,0.0,1.0,0.0,0.1700080592523921
ni_tfnbs,"e=1.3,h=2.0,n=30,start_thres=1.25",hub,0.25,30,9,40,1730,2,0,38,1730,0.05,0.0,1.0,0.0,0.1700080592523921
ni_tfnbs,"e=1.3,h=3.0,n=30,start_thres=1.25",hub,0.25,30,9,40,1730,3,0,37,1730,0.075,0.0,1.0,0.0,0.1700080592523921
ni_tfnbs,"e=1.3,h=4.0,n=30,start_thres=1.25",hub,0.25,30,9,40,1730,4,0,36,1730,0.1,0.0,1.0,0.0,0.1700080592523921
ni_tfnbs,"e=1.3,h=5.0,n=30,start_thres=1.25",hub,0.25,30,9,40,1730,4,0,36,1730,0.1,0.0,1.0,0.0,0.1700080592523921
ni_tfnbs,"e=1.3,h=6.0,n=30,start_thres=1.25",hub,0.25,30,9,40,1730,3,0,37,1730,0.075,0.0,1.0,0.0,0.1700080592523921
ni_tfnbs,"e=1.3,h=7.0,n=30,start_thres=1.25",hub,0.25,30,9,40,1730,3,0,37,1730,0.075,0.0,1.0,0.0,0.1700080592523921
ni_tfnbs,"e=1.3,h=8.0,n=30,start_thres=1.25",hub,0.25,30,9,40,1730,3,0,37,1730,0.075,0.0,1.0,0.0,0.1700080592523921
ni_tfnbs,"e=1.3,h=9.0,n=30,start_thres=1.25",hub,0.25,30,9,40,1730,3,0,37,1730,0.075,0.0,1.0,0.0,0.1700080592523921
ni_tfnbs,"e=1.3,h=10.0,n=30,start_thres=1.25",hub,0.25,30,9,40,1730,2,0,38,1730,0.05,0.0,1.0,0.0,0.1700080592523921
ni_tfnbs,"e=1.4,h=0.5,n=30,start_thres=1.25",hub,0.25,30,9,40,1730,0,0,40,1730,0.0,0.0,0.0,0.0,0.1700080592523921
ni_tfnbs,"e=1.4,h=1.0,n=30,start_thres=1.25",hub,0.25,30,9,40,1730,0,0,40,1730,0.0,0.0,0.0,0.0,0.1700080592523921
ni_tfnbs,"e=1.4,h=2.0,n=30,start_thres=1.25",hub,0.25,30,9,40,1730,2,0,38,1730,0.05,0.0,1.0,0.0,0.1700080592523921
ni_tfnbs,"e=1.4,h=3.0,n=30,start_thres=1.25",hub,0.25,30,9,40,1730,3,0,37,1730,0.075,0.0,1.0,0.0,0.1700080592523921
ni_tfnbs,"e=1.4,h=4.0,n=30,start_thres=1.25",hub,0.25,30,9,40,1730,3,0,37,1730,0.075,0.0,1.0,0.0,0.1700080592523921
ni_tfnbs,"e=1.4,h=5.0,n=30,start_thres=1.25",hub,0.25,30,9,40,1730,4,0,36,1730,0.1,0.0,1.0,0.0,0.1700080592523921
ni_tfnbs,"e=1.4,h=6.0,n=30,start_thres=1.25",hub,0.25,30,9,40,1730,3,0,37,1730,0.075,0.0,1.0,0.0,0.1700080592523921
ni_tfnbs,"e=1.4,h=7.0,n=30,start_thres=1.25",hub,0.25,30,9,40,1730,3,0,37,1730,0.075,0.0,1.0,0.0,0.1700080592523921
ni_tfnbs,"e=1.4,h=8.0,n=30,start_thres=1.25",hub,0.25,30,9,40,1730,3,0,37,1730,0.075,0.0,1.0,0.0,0.1700080592523921
ni_tfnbs,"e=1.4,h=9.0,n=30,start_thres=1.25",hub,0.25,30,9,40,1730,3,0,37,1730,0.075,0.0,1.0,0.0,0.1700080592523921
ni_tfnbs,"e=1.4,h=10.0,n=30,start_thres=1.25",hub,0.25,30,9,40,1730,3,0,37,1730,0.075,0.0,1.0,0.0,0.1700080592523921
ni_tfnbs,"e=1.5,h=0.5,n=30,start_thres=1.25",hub,0.25,30,9,40,1730,0,0,40,1730,0.0,0.0,0.0,0.0,0.1700080592523921
ni_tfnbs,"e=1.5,h=1.0,n=30,start_thres=1.25",hub,0.25,30,9,40,1730,0,0,40,1730,0.0,0.0,0.0,0.0,0.1700080592523921
ni_tfnbs,"e=1.5,h=2.0,n=30,start_thres=1.25",hub,0.25,30,9,40,1730,2,0,38,1730,0.05,0.0,1.0,0.0,0.1700080592523921
ni_tfnbs,"e=1.5,h=3.0,n=30,start_thres=1.25",hub,0.25,30,9,40,1730,2,0,38,1730,0.05,0.0,1.0,0.0,0.1700080592523921
ni_tfnbs,"e=1.5,h=4.0,n=30,start_thres=1.25",hub,0.25,30,9,40,1730,3,0,37,1730,0.075,0.0,1.0,0.0,0.1700080592523921
ni_tfnbs,"e=1.5,h=5.0,n=30,start_thres=1.25",hub,0.25,30,9,40,1730,4,0,36,1730,0.1,0.0,1.0,0.0,0.1700080592523921
ni_tfnbs,"e=1.5,h=6.0,n=30,start_thres=1.25",hub,0.25,30,9,40,1730,4,0,36,1730,0.1,0.0,1.0,0.0,0.1700080592523921
ni_tfnbs,"e=1.5,h=7.0,n=30,start_thres=1.25",hub,0.25,30,9,40,1730,3,0,37,1730,0.075,0.0,1.0,0.0,0.1700080592523921
ni_tfnbs,"e=1.5,h=8.0,n=30,start_thres=1.25",hub,0.25,30,9,40,1730,3,0,37,1730,0.075,0.0,1.0,0.0,0.1700080592523921
ni_tfnbs,"e=1.5,h=9.0,n=30,start_thres=1.25",hub,0.25,30,9,40,1730,3,0,37,1730,0.075,0.0,1.0,0.0,0.1700080592523921
ni_tfnbs,"e=1.5,h=10.0,n=30,start_thres=1.25",hub,0.25,30,9,40,1730,3,0,37,1730,0.075,0.0,1.0,0.0,0.1700080592523921
ni_tfnbs,"e=0.05,h=0.5,n=30,start_thres=1.25",hub,0.25,30,10,40,1730,4,0,36,1730,0.1,0.0,1.0,0.0,0.1785142489454963
ni_tfnbs,"e=0.05,h=1.0,n=30,start_thres=1.25",hub,0.25,30,10,40,1730,4,0,36,1730,0.1,0.0,1.0,0.0,0.1785142489454963
ni_tfnbs,"e=0.05,h=2.0,n=30,start_thres=1.25",hub,0.25,30,10,40,1730,4,0,36,1730,0.1,0.0,1.0,0.0,0.1785142489454963
ni_tfnbs,"e=0.05,h=3.0,n=30,start_thres=1.25",hub,0.25,30,10,40,1730,4,0,36,1730,0.1,0.0,1.0,0.0,0.1785142489454963
ni_tfnbs,"e=0.05,h=4.0,n=30,start_thres=1.25",hub,0.25,30,10,40,1730,4,0,36,1730,0.1,0.0,1.0,0.0,0.1785142489454963
ni_tfnbs,"e=0.05,h=5.0,n=30,start_thres=1.25",hub,0.25,30,10,40,1730,4,0,36,1730,0.1,0.0,1.0,0.0,0.1785142489454963
ni_tfnbs,"e=0.05,h=6.0,n=30,start_thres=1.25",hub,0.25,30,10,40,1730,4,0,36,1730,0.1,0.0,1.0,0.0,0.1785142489454963
ni_tfnbs,"e=0.05,h=7.0,n=30,start_thres=1.25",hub,0.25,30,10,40,1730,4,0,36,1730,0.1,0.0,1.0,0.0,0.1785142489454963
ni_tfnbs,"e=0.05,h=8.0,n=30,start_thres=1.25",hub,0.25,30,10,40,1730,4,0,36,1730,0.1,0.0,1.0,0.0,0.1785142489454963
ni_tfnbs,"e=0.05,h=9.0,n=30,start_thres=1.25",hub,0.25,30,10,40,1730,4,0,36,1730,0.1,0.0,1.0,0.0,0.1785142489454963
ni_tfnbs,"e=0.05,h=10.0,n=30,start_thres=1.25",hub,0.25,30,10,40,1730,4,0,36,1730,0.1,0.0,1.0,0.0,0.1785142489454963
ni_tfnbs,"e=0.1,h=0.5,n=30,start_thres=1.25",hub,0.25,30,10,40,1730,5,0,35,1730,0.125,0.0,1.0,0.0,0.1785142489454963
ni_tfnbs,"e=0.1,h=1.0,n=30,start_thres=1.25",hub,0.25,30,10,40,1730,5,0,35,1730,0.125,0.0,1.0,0.0,0.1785142489454963
ni_tfnbs,"e=0.1,h=2.0,n=30,start_thres=1.25",hub,0.25,30,10,40,1730,5,0,35,1730,0.125,0.0,1.0,0.0,0.1785142489454963
ni_tfnbs,"e=0.1,h=3.0,n=30,start_thres=1.25",hub,0.25,30,10,40,1730,4,0,36,1730,0.1,0.0,1.0,0.0,0.1785142489454963
ni_tfnbs,"e=0.1,h=4.0,n=30,start_thres=1.25",hub,0.25,30,10,40,1730,4,0,36,1730,0.1,0.0,1.0,0.0,0.1785142489454963
ni_tfnbs,"e=0.1,h=5.0,n=30,start_thres=1.25",hub,0.25,30,10,40,1730,4,0,36,1730,0.1,0.0,1.0,0.0,0.1785142489454963
ni_tfnbs,"e=0.1,h=6.0,n=30,start_thres=1.25",hub,0.25,30,10,40,1730,4,0,36,1730,0.1,0.0,1.0,0.0,0.1785142489454963
ni_tfnbs,"e=0.1,h=7.0,n=30,start_thres=1.25",hub,0.25,30,10,40,1730,4,0,36,1730,0.1,0.0,1.0,0.0,0.1785142489454963
ni_tfnbs,"e=0.1,h=8.0,n=30,start_thres=1.25",hub,0.25,30,10,40,1730,4,0,36,1730,0.1,0.0,1.0,0.0,0.1785142489454963
ni_tfnbs,"e=0.1,h=9.0,n=30,start_thres=1.25",hub,0.25,30,10,40,1730,4,0,36,1730,0.1,0.0,1.0,0.0,0.1785142489454963
ni_tfnbs,"e=0.1,h=10.0,n=30,start_thres=1.25",hub,0.25,30,10,40,1730,4,0,36,1730,0.1,0.0,1.0,0.0,0.1785142489454963
ni_tfnbs,"e=0.2,h=0.5,n=30,start_thres=1.25",hub,0.25,30,10,40,1730,5,0,35,1730,0.125,0.0,1.0,0.0,0.1785142489454963
ni_tfnbs,"e=0.2,h=1.0,n=30,start_thres=1.25",hub,0.25,30,10,40,1730,5,0,35,1730,0.125,0.0,1.0,0.0,0.1785142489454963
ni_tfnbs,"e=0.2,h=2.0,n=30,start_thres=1.25",hub,0.25,30,10,40,1730,5,0,35,1730,0.125,0.0,1.0,0.0,0.1785142489454963
ni_tfnbs,"e=0.2,h=3.0,n=30,start_thres=1.25",hub,0.25,30,10,40,1730,5,0,35,1730,0.125,0.0,1.0,0.0,0.1785142489454963
ni_tfnbs,"e=0.2,h=4.0,n=30,start_thres=1.25",hub,0.25,30,10,40,1730,5,0,35,1730,0.125,0.0,1.0,0.0,0.1785142489454963
ni_tfnbs,"e=0.2,h=5.0,n=30,start_thres=1.25",hub,0.25,30,10,40,1730,5,0,35,1730,0.125,0.0,1.0,0.0,0.1785142489454963
ni_tfnbs,"e=0.2,h=6.0,n=30,start_thres=1.25",hub,0.25,30,10,40,1730,4,0,36,1730,0.1,0.0,1.0,0.0,0.1785142489454963
ni_tfnbs,"e=0.2,h=7.0,n=30,start_thres=1.25",hub,0.25,30,10,40,1730,4,0,36,1730,0.1,0.0,1.0,0.0,0.1785142489454963
ni_tfnbs,"e=0.2,h=8.0,n=30,start_thres=1.25",hub,0.25,30,10,40,1730,4,0,36,1730,0.1,0.0,1.0,0.0,0.1785142489454963
ni_tfnbs,"e=0.2,h=9.0,n=30,start_thres=1.25",hub,0.25,30,10,40,1730,4,0,36,1730,0.1,0.0,1.0,0.0,0.1785142489454963
ni_tfnbs,"e=0.2,h=10.0,n=30,start_thres=1.25",hub,0.25,30,10,40,1730,4,0,36,1730,0.1,0.0,1.0,0.0,0.1785142489454963
ni_tfnbs,"e=0.3,h=0.5,n=30,start_thres=1.25",hub,0.25,30,10,40,1730,5,0,35,1730,0.125,0.0,1.0,0.0,0.1785142489454963
ni_tfnbs,"e=0.3,h=1.0,n=30,start_thres=1.25",hub,0.25,30,10,40,1730,5,0,35,1730,0.125,0.0,1.0,0.0,0.1785142489454963
ni_tfnbs,"e=0.3,h=2.0,n=30,start_thres=1.25",hub,0.25,30,10,40,1730,5,0,35,1730,0.125,0.0,1.0,0.0,0.1785142489454963
ni_tfnbs,"e=0.3,h=3.0,n=30,start_thres=1.25",hub,0.25,30,10,40,1730,5,0,35,1730,0.125,0.0,1.0,0.0,0.1785142489454963
ni_tfnbs,"e=0.3,h=4.0,n=30,start_thres=1.25",hub,0.25,30,10,40,1730,5,0,35,1730,0.125,0.0,1.0,0.0,0.1785142489454963
ni_tfnbs,"e=0.3,h=5.0,n=30,start_thres=1.25",hub,0.25,30,10,40,1730,5,0,35,1730,0.125,0.0,1.0,0.0,0.1785142489454963
ni_tfnbs,"e=0.3,h=6.0,n=30,start_thres=1.25",hub,0.25,30,10,40,1730,5,0,35,1730,0.125,0.0,1.0,0.0,0.1785142489454963
ni_tfnbs,"e=0.3,h=7.0,n=30,start_thres=1.25",hub,0.25,30,10,40,1730,5,0,35,1730,0.125,0.0,1.0,0.0,0.1785142489454963
ni_tfnbs,"e=0.3,h=8.0,n=30,start_thres=1.25",hub,0.25,30,10,40,1730,5,0,35,1730,0.125,0.0,1.0,0.0,0.1785142489454963
ni_tfnbs,"e=0.3,h=9.0,n=30,start_thres=1.25",hub,0.25,30,10,40,1730,5,0,35,1730,0.125,0.0,1.0,0.0,0.1785142489454963
ni_tfnbs,"e=0.3,h=10.0,n=30,start_thres=1.25",hub,0.25,30,10,40,1730,4,0,36,1730,0.1,0.0,1.0,0.0,0.1785142489454963
ni_tfnbs,"e=0.4,h=0.5,n=30,start_thres=1.25",hub,0.25,30,10,40,1730,6,0,34,1730,0.15,0.0,1.0,0.0,0.1785142489454963
ni_tfnbs,"e=0.4,h=1.0,n=30,start_thres=1.25",hub,0.25,30,10,40,1730,6,0,34,1730,0.15,0.0,1.0,0.0,0.1785142489454963
ni_tfnbs,"e=0.4,h=2.0,n=30,start_thres=1.25",hub,0.25,30,10,40,1730,5,0,35,1730,0.125,0.0,1.0,0.0,0.1785142489454963
ni_tfnbs,"e=0.4,h=3.0,n=30,start_thres=1.25",hub,0.25,30,10,40,1730,5,0,35,1730,0.125,0.0,1.0,0.0,0.1785142489454963
ni_tfnbs,"e=0.4,h=4.0,n=30,start_thres=1.25",hub,0.25,30,10,40,1730,5,0,35,1730,0.125,0.0,1.0,0.0,0.1785142489454963
ni_tfnbs,"e=0.4,h=5.0,n=30,start_thres=1.25",hub,0.25,30,10,40,1730,5,0,35,1730,0.125,0.0,1.0,0.0,0.1785142489454963
ni_tfnbs,"e=0.4,h=6.0,n=30,start_thres=1.25",hub,0.25,30,10,40,1730,5,0,35,1730,0.125,0.0,1.0,0.0,0.1785142489454963
ni_tfnbs,"e=0.4,h=7.0,n=30,start_thres=1.25",hub,0.25,30,10,40,1730,5,0,35,1730,0.125,0.0,1.0,0.0,0.1785142489454963
ni_tfnbs,"e=0.4,h=8.0,n=30,start_thres=1.25",hub,0.25,30,10,40,1730,5,0,35,1730,0.125,0.0,1.0,0.0,0.1785142489454963
ni_tfnbs,"e=0.4,h=9.0,n=30,start_thres=1.25",hub,0.25,30,10,40,1730,5,0,35,1730,0.125,0.0,1.0,0.0,0.1785142489454963
ni_tfnbs,"e=0.4,h=10.0,n=30,start_thres=1.25",hub,0.25,30,10,40,1730,5,0,35,1730,0.125,0.0,1.0,0.0,0.1785142489454963
ni_tfnbs,"e=0.5,h=0.5,n=30,start_thres=1.25",hub,0.25,30,10,40,1730,6,0,34,1730,0.15,0.0,1.0,0.0,0.1785142489454963
ni_tfnbs,"e=0.5,h=1.0,n=30,start_thres=1.25",hub,0.25,30,10,40,1730,6,0,34,1730,0.15,0.0,1.0,0.0,0.1785142489454963
ni_tfnbs,"e=0.5,h=2.0,n=30,start_thres=1.25",hub,0.25,30,10,40,1730,6,0,34,1730,0.15,0.0,1.0,0.0,0.1785142489454963
ni_tfnbs,"e=0.5,h=3.0,n=30,start_thres=1.25",hub,0.25,30,10,40,1730,5,0,35,1730,0.125,0.0,1.0,0.0,0.1785142489454963
ni_tfnbs,"e=0.5,h=4.0,n=30,start_thres=1.25",hub,0.25,30,10,40,1730,5,0,35,1730,0.125,0.0,1.0,0.0,0.1785142489454963
ni_tfnbs,"e=0.5,h=5.0,n=30,start_thres=1.25",hub,0.25,30,10,40,1730,5,0,35,1730,0.125,0.0,1.0,0.0,0.1785142489454963
ni_tfnbs,"e=0.5,h=6.0,n=30,start_thres=1.25",hub,0.25,30,10,40,1730,5,0,35,1730,0.125,0.0,1.0,0.0,0.1785142489454963
ni_tfnbs,"e=0.5,h=7.0,n=30,start_thres=1.25",hub,0.25,30,10,40,1730,5,0,35,1730,0.125,0.0,1.0,0.0,0.1785142489454963
ni_tfnbs,"e=0.5,h=8.0,n=30,start_thres=1.25",hub,0.25,30,10,40,1730,5,0,35,1730,0.125,0.0,1.0,0.0,0.1785142489454963
ni_tfnbs,"e=0.5,h=9.0,n=30,start_thres=1.25",hub,0.25,30,10,40,1730,5,0,35,1730,0.125,0.0,1.0,0.0,0.1785142489454963
ni_tfnbs,"e=0.5,h=10.0,n=30,start_thres=1.25",hub,0.25,30,10,40,1730,5,0,35,1730,0.125,0.0,1.0,0.0,0.1785142489454963
ni_tfnbs,"e=0.6,h=0.5,n=30,start_thres=1.25",hub,0.25,30,10,40,1730,6,1,34,1729,0.15,0.0005780346820809,0.8571428571428571,0.1428571428571428,0.1785142489454963
ni_tfnbs,"e=0.6,h=1.0,n=30,start_thres=1.25",hub,0.25,30,10,40,1730,7,0,33,1730,0.175,0.0,1.0,0.0,0.1785142489454963
ni_tfnbs,"e=0.6,h=2.0,n=30,start_thres=1.25",hub,0.25,30,10,40,1730,7,0,33,1730,0.175,0.0,1.0,0.0,0.1785142489454963
ni_tfnbs,"e=0.6,h=3.0,n=30,start_thres=1.25",hub,0.25,30,10,40,1730,6,0,34,1730,0.15,0.0,1.0,0.0,0.1785142489454963
ni_tfnbs,"e=0.6,h=4.0,n=30,start_thres=1.25",hub,0.25,30,10,40,1730,5,0,35,1730,0.125,0.0,1.0,0.0,0.1785142489454963
ni_tfnbs,"e=0.6,h=5.0,n=30,start_thres=1.25",hub,0.25,30,10,40,1730,5,0,35,1730,0.125,0.0,1.0,0.0,0.1785142489454963
ni_tfnbs,"e=0.6,h=6.0,n=30,start_thres=1.25",hub,0.25,30,10,40,1730,5,0,35,1730,0.125,0.0,1.0,0.0,0.1785142489454963
ni_tfnbs,"e=0.6,h=7.0,n=30,start_thres=1.25",hub,0.25,30,10,40,1730,5,0,35,1730,0.125,0.0,1.0,0.0,0.1785142489454963
ni_tfnbs,"e=0.6,h=8.0,n=30,start_thres=1.25",hub,0.25,30,10,40,1730,5,0,35,1730,0.125,0.0,1.0,0.0,0.1785142489454963
ni_tfnbs,"e=0.6,h=9.0,n=30,start_thres=1.25",hub,0.25,30,10,40,1730,5,0,35,1730,0.125,0.0,1.0,0.0,0.1785142489454963
ni_tfnbs,"e=0.6,h=10.0,n=30,start_thres=1.25",hub,0.25,30,10,40,1730,5,0,35,1730,0.125,0.0,1.0,0.0,0.1785142489454963
ni_tfnbs,"e=0.7,h=0.5,n=30,start_thres=1.25",hub,0.25,30,10,40,1730,6,1,34,1729,0.15,0.0005780346820809,0.8571428571428571,0.1428571428571428,0.1785142489454963
ni_tfnbs,"e=0.7,h=1.0,n=30,start_thres=1.25",hub,0.25,30,10,40,1730,6,1,34,1729,0.15,0.0005780346820809,0.8571428571428571,0.1428571428571428,0.1785142489454963
ni_tfnbs,"e=0.7,h=2.0,n=30,start_thres=1.25",hub,0.25,30,10,40,1730,7,1,33,1729,0.175,0.0005780346820809,0.875,0.125,0.1785142489454963
ni_tfnbs,"e=0.7,h=3.0,n=30,start_thres=1.25",hub,0.25,30,10,40,1730,7,0,33,1730,0.175,0.0,1.0,0.0,0.1785142489454963
ni_tfnbs,"e=0.7,h=4.0,n=30,start_thres=1.25",hub,0.25,30,10,40,1730,6,0,34,1730,0.15,0.0,1.0,0.0,0.1785142489454963
ni_tfnbs,"e=0.7,h=5.0,n=30,start_thres=1.25",hub,0.25,30,10,40,1730,5,0,35,1730,0.125,0.0,1.0,0.0,0.1785142489454963
ni_tfnbs,"e=0.7,h=6.0,n=30,start_thres=1.25",hub,0.25,30,10,40,1730,5,0,35,1730,0.125,0.0,1.0,0.0,0.1785142489454963
ni_tfnbs,"e=0.7,h=7.0,n=30,start_thres=1.25",hub,0.25,30,10,40,1730,5,0,35,1730,0.125,0.0,1.0,0.0,0.1785142489454963
ni_tfnbs,"e=0.7,h=8.0,n=30,start_thres=1.25",hub,0.25,30,10,40,1730,5,0,35,1730,0.125,0.0,1.0,0.0,0.1785142489454963
ni_tfnbs,"e=0.7,h=9.0,n=30,start_thres=1.25",hub,0.25,30,10,40,1730,5,0,35,1730,0.125,0.0,1.0,0.0,0.1785142489454963
ni_tfnbs,"e=0.7,h=10.0,n=30,start_thres=1.25",hub,0.25,30,10,40,1730,5,0,35,1730,0.125,0.0,1.0,0.0,0.1785142489454963
ni_tfnbs,"e=0.8,h=0.5,n=30,start_thres=1.25",hub,0.25,30,10,40,1730,6,1,34,1729,0.15,0.0005780346820809,0.8571428571428571,0.1428571428571428,0.1785142489454963
ni_tfnbs,"e=0.8,h=1.0,n=30,start_thres=1.25",hub,0.25,30,10,40,1730,6,1,34,1729,0.15,0.0005780346820809,0.8571428571428571,0.1428571428571428,0.1785142489454963
ni_tfnbs,"e=0.8,h=2.0,n=30,start_thres=1.25",hub,0.25,30,10,40,1730,7,1,33,1729,0.175,0.0005780346820809,0.875,0.125,0.1785142489454963
ni_tfnbs,"e=0.8,h=3.0,n=30,start_thres=1.25",hub,0.25,30,10,40,1730,8,1,32,1729,0.2,0.0005780346820809,0.8888888888888888,0.1111111111111111,0.1785142489454963
ni_tfnbs,"e=0.8,h=4.0,n=30,start_thres=1.25",hub,0.25,30,10,40,1730,7,0,33,1730,0.175,0.0,1.0,0.0,0.1785142489454963
ni_tfnbs,"e=0.8,h=5.0,n=30,start_thres=1.25",hub,0.25,30,10,40,1730,6,0,34,1730,0.15,0.0,1.0,0.0,0.1785142489454963
ni_tfnbs,"e=0.8,h=6.0,n=30,start_thres=1.25",hub,0.25,30,10,40,1730,5,0,35,1730,0.125,0.0,1.0,0.0,0.1785142489454963
ni_tfnbs,"e=0.8,h=7.0,n=30,start_thres=1.25",hub,0.25,30,10,40,1730,5,0,35,1730,0.125,0.0,1.0,0.0,0.1785142489454963
ni_tfnbs,"e=0.8,h=8.0,n=30,start_thres=1.25",hub,0.25,30,10,40,1730,5,0,35,1730,0.125,0.0,1.0,0.0,0.1785142489454963
ni_tfnbs,"e=0.8,h=9.0,n=30,start_thres=1.25",hub,0.25,30,10,40,1730,5,0,35,1730,0.125,0.0,1.0,0.0,0.1785142489454963
ni_tfnbs,"e=0.8,h=10.0,n=30,start_thres=1.25",hub,0.25,30,10,40,1730,5,0,35,1730,0.125,0.0,1.0,0.0,0.1785142489454963
ni_tfnbs,"e=0.9,h=0.5,n=30,start_thres=1.25",hub,0.25,30,10,40,1730,6,1,34,1729,0.15,0.0005780346820809,0.8571428571428571,0.1428571428571428,0.1785142489454963
ni_tfnbs,"e=0.9,h=1.0,n=30,start_thres=1.25",hub,0.25,30,10,40,1730,6,1,34,1729,0.15,0.0005780346820809,0.8571428571428571,0.1428571428571428,0.1785142489454963
ni_tfnbs,"e=0.9,h=2.0,n=30,start_thres=1.25",hub,0.25,30,10,40,1730,7,1,33,1729,0.175,0.0005780346820809,0.875,0.125,0.1785142489454963
ni_tfnbs,"e=0.9,h=3.0,n=30,start_thres=1.25",hub,0.25,30,10,40,1730,8,1,32,1729,0.2,0.0005780346820809,0.8888888888888888,0.1111111111111111,0.1785142489454963
ni_tfnbs,"e=0.9,h=4.0,n=30,start_thres=1.25",hub,0.25,30,10,40,1730,7,0,33,1730,0.175,0.0,1.0,0.0,0.1785142489454963
ni_tfnbs,"e=0.9,h=5.0,n=30,start_thres=1.25",hub,0.25,30,10,40,1730,6,0,34,1730,0.15,0.0,1.0,0.0,0.1785142489454963
ni_tfnbs,"e=0.9,h=6.0,n=30,start_thres=1.25",hub,0.25,30,10,40,1730,6,0,34,1730,0.15,0.0,1.0,0.0,0.1785142489454963
ni_tfnbs,"e=0.9,h=7.0,n=30,start_thres=1.25",hub,0.25,30,10,40,1730,5,0,35,1730,0.125,0.0,1.0,0.0,0.1785142489454963
ni_tfnbs,"e=0.9,h=8.0,n=30,start_thres=1.25",hub,0.25,30,10,40,1730,5,0,35,1730,0.125,0.0,1.0,0.0,0.1785142489454963
ni_tfnbs,"e=0.9,h=9.0,n=30,start_thres=1.25",hub,0.25,30,10,40,1730,5,0,35,1730,0.125,0.0,1.0,0.0,0.1785142489454963
ni_tfnbs,"e=0.9,h=10.0,n=30,start_thres=1.25",hub,0.25,30,10,40,1730,5,0,35,1730,0.125,0.0,1.0,0.0,0.1785142489454963
ni_tfnbs,"e=1.0,h=0.5,n=30,start_thres=1.25",hub,0.25,30,10,40,1730,6,1,34,1729,0.15,0.0005780346820809,0.8571428571428571,0.1428571428571428,0.1785142489454963
ni_tfnbs,"e=1.0,h=1.0,n=30,start_thres=1.25",hub,0.25,30,10,40,1730,6,1,34,1729,0.15,0.0005780346820809,0.8571428571428571,0.1428571428571428,0.1785142489454963
ni_tfnbs,"e=1.0,h=2.0,n=30,start_thres=1.25",hub,0.25,30,10,40,1730,6,1,34,1729,0.15,0.0005780346820809,0.8571428571428571,0.1428571428571428,0.1785142489454963
ni_tfnbs,"e=1.0,h=3.0,n=30,start_thres=1.25",hub,0.25,30,10,40,1730,8,1,32,1729,0.2,0.0005780346820809,0.8888888888888888,0.1111111111111111,0.1785142489454963
ni_tfnbs,"e=1.0,h=4.0,n=30,start_thres=1.25",hub,0.25,30,10,40,1730,8,1,32,1729,0.2,0.0005780346820809,0.8888888888888888,0.1111111111111111,0.1785142489454963
ni_tfnbs,"e=1.0,h=5.0,n=30,start_thres=1.25",hub,0.25,30,10,40,1730,7,0,33,1730,0.175,0.0,1.0,0.0,0.1785142489454963
ni_tfnbs,"e=1.0,h=6.0,n=30,start_thres=1.25",hub,0.25,30,10,40,1730,6,0,34,1730,0.15,0.0,1.0,0.0,0.1785142489454963
ni_tfnbs,"e=1.0,h=7.0,n=30,start_thres=1.25",hub,0.25,30,10,40,1730,6,0,34,1730,0.15,0.0,1.0,0.0,0.1785142489454963
ni_tfnbs,"e=1.0,h=8.0,n=30,start_thres=1.25",hub,0.25,30,10,40,1730,5,0,35,1730,0.125,0.0,1.0,0.0,0.1785142489454963
ni_tfnbs,"e=1.0,h=9.0,n=30,start_thres=1.25",hub,0.25,30,10,40,1730,5,0,35,1730,0.125,0.0,1.0,0.0,0.1785142489454963
ni_tfnbs,"e=1.0,h=10.0,n=30,start_thres=1.25",hub,0.25,30,10,40,1730,5,0,35,1730,0.125,0.0,1.0,0.0,0.1785142489454963
ni_tfnbs,"e=1.1,h=0.5,n=30,start_thres=1.25",hub,0.25,30,10,40,1730,6,1,34,1729,0.15,0.0005780346820809,0.8571428571428571,0.1428571428571428,0.1785142489454963
ni_tfnbs,"e=1.1,h=1.0,n=30,start_thres=1.25",hub,0.25,30,10,40,1730,6,1,34,1729,0.15,0.0005780346820809,0.8571428571428571,0.1428571428571428,0.1785142489454963
ni_tfnbs,"e=1.1,h=2.0,n=30,start_thres=1.25",hub,0.25,30,10,40,1730,6,1,34,1729,0.15,0.0005780346820809,0.8571428571428571,0.1428571428571428,0.1785142489454963
ni_tfnbs,"e=1.1,h=3.0,n=30,start_thres=1.25",hub,0.25,30,10,40,1730,8,1,32,1729,0.2,0.0005780346820809,0.8888888888888888,0.1111111111111111,0.1785142489454963
ni_tfnbs,"e=1.1,h=4.0,n=30,start_thres=1.25",hub,0.25,30,10,40,1730,8,1,32,1729,0.2,0.0005780346820809,0.8888888888888888,0.1111111111111111,0.1785142489454963
ni_tfnbs,"e=1.1,h=5.0,n=30,start_thres=1.25",hub,0.25,30,10,40,1730,8,1,32,1729,0.2,0.0005780346820809,0.8888888888888888,0.1111111111111111,0.1785142489454963
ni_tfnbs,"e=1.1,h=6.0,n=30,start_thres=1.25",hub,0.25,30,10,40,1730,6,0,34,1730,0.15,0.0,1.0,0.0,0.1785142489454963
ni_tfnbs,"e=1.1,h=7.0,n=30,start_thres=1.25",hub,0.25,30,10,40,1730,6,0,34,1730,0.15,0.0,1.0,0.0,0.1785142489454963
ni_tfnbs,"e=1.1,h=8.0,n=30,start_thres=1.25",hub,0.25,30,10,40,1730,6,0,34,1730,0.15,0.0,1.0,0.0,0.1785142489454963
ni_tfnbs,"e=1.1,h=9.0,n=30,start_thres=1.25",hub,0.25,30,10,40,1730,5,0,35,1730,0.125,0.0,1.0,0.0,0.1785142489454963
ni_tfnbs,"e=1.1,h=10.0,n=30,start_thres=1.25",hub,0.25,30,10,40,1730,5,0,35,1730,0.125,0.0,1.0,0.0,0.1785142489454963
ni_tfnbs,"e=1.2,h=0.5,n=30,start_thres=1.25",hub,0.25,30,10,40,1730,6,1,34,1729,0.15,0.0005780346820809,0.8571428571428571,0.1428571428571428,0.1785142489454963
ni_tfnbs,"e=1.2,h=1.0,n=30,start_thres=1.25",hub,0.25,30,10,40,1730,6,1,34,1729,0.15,0.0005780346820809,0.8571428571428571,0.1428571428571428,0.1785142489454963
ni_tfnbs,"e=1.2,h=2.0,n=30,start_thres=1.25",hub,0.25,30,10,40,1730,6,1,34,1729,0.15,0.0005780346820809,0.8571428571428571,0.1428571428571428,0.1785142489454963
ni_tfnbs,"e=1.2,h=3.0,n=30,start_thres=1.25",hub,0.25,30,10,40,1730,7,1,33,1729,0.175,0.0005780346820809,0.875,0.125,0.1785142489454963
ni_tfnbs,"e=1.2,h=4.0,n=30,start_thres=1.25",hub,0.25,30,10,40,1730,8,1,32,1729,0.2,0.0005780346820809,0.8888888888888888,0.1111111111111111,0.1785142489454963
ni_tfnbs,"e=1.2,h=5.0,n=30,start_thres=1.25",hub,0.25,30,10,40,1730,8,1,32,1729,0.2,0.0005780346820809,0.8888888888888888,0.1111111111111111,0.1785142489454963
ni_tfnbs,"e=1.2,h=6.0,n=30,start_thres=1.25",hub,0.25,30,10,40,1730,7,1,33,1729,0.175,0.0005780346820809,0.875,0.125,0.1785142489454963
ni_tfnbs,"e=1.2,h=7.0,n=30,start_thres=1.25",hub,0.25,30,10,40,1730,6,0,34,1730,0.15,0.0,1.0,0.0,0.1785142489454963
ni_tfnbs,"e=1.2,h=8.0,n=30,start_thres=1.25",hub,0.25,30,10,40,1730,6,0,34,1730,0.15,0.0,1.0,0.0,0.1785142489454963
ni_tfnbs,"e=1.2,h=9.0,n=30,start_thres=1.25",hub,0.25,30,10,40,1730,6,0,34,1730,0.15,0.0,1.0,0.0,0.1785142489454963
ni_tfnbs,"e=1.2,h=10.0,n=30,start_thres=1.25",hub,0.25,30,10,40,1730,5,0,35,1730,0.125,0.0,1.0,0.0,0.1785142489454963
ni_tfnbs,"e=1.3,h=0.5,n=30,start_thres=1.25",hub,0.25,30,10,40,1730,6,0,34,1730,0.15,0.0,1.0,0.0,0.1785142489454963
ni_tfnbs,"e=1.3,h=1.0,n=30,start_thres=1.25",hub,0.25,30,10,40,1730,6,1,34,1729,0.15,0.0005780346820809,0.8571428571428571,0.1428571428571428,0.1785142489454963
ni_tfnbs,"e=1.3,h=2.0,n=30,start_thres=1.25",hub,0.25,30,10,40,1730,6,1,34,1729,0.15,0.0005780346820809,0.8571428571428571,0.1428571428571428,0.1785142489454963
ni_tfnbs,"e=1.3,h=3.0,n=30,start_thres=1.25",hub,0.25,30,10,40,1730,6,1,34,1729,0.15,0.0005780346820809,0.8571428571428571,0.1428571428571428,0.1785142489454963
ni_tfnbs,"e=1.3,h=4.0,n=30,start_thres=1.25",hub,0.25,30,10,40,1730,8,1,32,1729,0.2,0.0005780346820809,0.8888888888888888,0.1111111111111111,0.1785142489454963
ni_tfnbs,"e=1.3,h=5.0,n=30,start_thres=1.25",hub,0.25,30,10,40,1730,8,1,32,1729,0.2,0.0005780346820809,0.8888888888888888,0.1111111111111111,0.1785142489454963
ni_tfnbs,"e=1.3,h=6.0,n=30,start_thres=1.25",hub,0.25,30,10,40,1730,8,1,32,1729,0.2,0.0005780346820809,0.8888888888888888,0.1111111111111111,0.1785142489454963
ni_tfnbs,"e=1.3,h=7.0,n=30,start_thres=1.25",hub,0.25,30,10,40,1730,6,0,34,1730,0.15,0.0,1.0,0.0,0.1785142489454963
ni_tfnbs,"e=1.3,h=8.0,n=30,start_thres=1.25",hub,0.25,30,10,40,1730,6,0,34,1730,0.15,0.0,1.0,0.0,0.1785142489454963
ni_tfnbs,"e=1.3,h=9.0,n=30,start_thres=1.25",hub,0.25,30,10,40,1730,6,0,34,1730,0.15,0.0,1.0,0.0,0.1785142489454963
ni_tfnbs,"e=1.3,h=10.0,n=30,start_thres=1.25",hub,0.25,30,10,40,1730,5,0,35,1730,0.125,0.0,1.0,0.0,0.1785142489454963
ni_tfnbs,"e=1.4,h=0.5,n=30,start_thres=1.25",hub,0.25,30,10,40,1730,6,0,34,1730,0.15,0.0,1.0,0.0,0.1785142489454963
ni_tfnbs,"e=1.4,h=1.0,n=30,start_thres=1.25",hub,0.25,30,10,40,1730,6,1,34,1729,0.15,0.0005780346820809,0.8571428571428571,0.1428571428571428,0.1785142489454963
ni_tfnbs,"e=1.4,h=2.0,n=30,start_thres=1.25",hub,0.25,30,10,40,1730,6,1,34,1729,0.15,0.0005780346820809,0.8571428571428571,0.1428571428571428,0.1785142489454963
ni_tfnbs,"e=1.4,h=3.0,n=30,start_thres=1.25",hub,0.25,30,10,40,1730,6,1,34,1729,0.15,0.0005780346820809,0.8571428571428571,0.1428571428571428,0.1785142489454963
ni_tfnbs,"e=1.4,h=4.0,n=30,start_thres=1.25",hub,0.25,30,10,40,1730,8,1,32,1729,0.2,0.0005780346820809,0.8888888888888888,0.1111111111111111,0.1785142489454963
ni_tfnbs,"e=1.4,h=5.0,n=30,start_thres=1.25",hub,0.25,30,10,40,1730,8,1,32,1729,0.2,0.0005780346820809,0.8888888888888888,0.1111111111111111,0.1785142489454963
ni_tfnbs,"e=1.4,h=6.0,n=30,start_thres=1.25",hub,0.25,30,10,40,1730,8,1,32,1729,0.2,0.0005780346820809,0.8888888888888888,0.1111111111111111,0.1785142489454963
ni_tfnbs,"e=1.4,h=7.0,n=30,start_thres=1.25",hub,0.25,30,10,40,1730,7,1,33,1729,0.175,0.0005780346820809,0.875,0.125,0.1785142489454963
ni_tfnbs,"e=1.4,h=8.0,n=30,start_thres=1.25",hub,0.25,30,10,40,1730,6,0,34,1730,0.15,0.0,1.0,0.0,0.1785142489454963
ni_tfnbs,"e=1.4,h=9.0,n=30,start_thres=1.25",hub,0.25,30,10,40,1730,6,0,34,1730,0.15,0.0,1.0,0.0,0.1785142489454963
ni_tfnbs,"e=1.4,h=10.0,n=30,start_thres=1.25",hub,0.25,30,10,40,1730,6,0,34,1730,0.15,0.0,1.0,0.0,0.1785142489454963
ni_tfnbs,"e=1.5,h=0.5,n=30,start_thres=1.25",hub,0.25,30,10,40,1730,5,0,35,1730,0.125,0.0,1.0,0.0,0.1785142489454963
ni_tfnbs,"e=1.5,h=1.0,n=30,start_thres=1.25",hub,0.25,30,10,40,1730,6,0,34,1730,0.15,0.0,1.0,0.0,0.1785142489454963
ni_tfnbs,"e=1.5,h=2.0,n=30,start_thres=1.25",hub,0.25,30,10,40,1730,6,1,34,1729,0.15,0.0005780346820809,0.8571428571428571,0.1428571428571428,0.1785142489454963
ni_tfnbs,"e=1.5,h=3.0,n=30,start_thres=1.25",hub,0.25,30,10,40,1730,6,1,34,1729,0.15,0.0005780346820809,0.8571428571428571,0.1428571428571428,0.1785142489454963
ni_tfnbs,"e=1.5,h=4.0,n=30,start_thres=1.25",hub,0.25,30,10,40,1730,6,1,34,1729,0.15,0.0005780346820809,0.8571428571428571,0.1428571428571428,0.1785142489454963
ni_tfnbs,"e=1.5,h=5.0,n=30,start_thres=1.25",hub,0.25,30,10,40,1730,8,1,32,1729,0.2,0.0005780346820809,0.8888888888888888,0.1111111111111111,0.1785142489454963
ni_tfnbs,"e=1.5,h=6.0,n=30,start_thres=1.25",hub,0.25,30,10,40,1730,8,1,32,1729,0.2,0.0005780346820809,0.8888888888888888,0.1111111111111111,0.1785142489454963
ni_tfnbs,"e=1.5,h=7.0,n=30,start_thres=1.25",hub,0.25,30,10,40,1730,8,1,32,1729,0.2,0.0005780346820809,0.8888888888888888,0.1111111111111111,0.1785142489454963
ni_tfnbs,"e=1.5,h=8.0,n=30,start_thres=1.25",hub,0.25,30,10,40,1730,6,0,34,1730,0.15,0.0,1.0,0.0,0.1785142489454963
ni_tfnbs,"e=1.5,h=9.0,n=30,start_thres=1.25",hub,0.25,30,10,40,1730,6,0,34,1730,0.15,0.0,1.0,0.0,0.1785142489454963
ni_tfnbs,"e=1.5,h=10.0,n=30,start_thres=1.25",hub,0.25,30,10,40,1730,6,0,34,1730,0.15,0.0,1.0,0.0,0.1785142489454963
ni_tfnbs,"e=0.05,h=0.5,n=30,start_thres=1.25",hub,0.25,30,11,40,1730,6,0,34,1730,0.15,0.0,1.0,0.0,0.1718695150180296
ni_tfnbs,"e=0.05,h=1.0,n=30,start_thres=1.25",hub,0.25,30,11,40,1730,6,0,34,1730,0.15,0.0,1.0,0.0,0.1718695150180296
ni_tfnbs,"e=0.05,h=2.0,n=30,start_thres=1.25",hub,0.25,30,11,40,1730,6,0,34,1730,0.15,0.0,1.0,0.0,0.1718695150180296
ni_tfnbs,"e=0.05,h=3.0,n=30,start_thres=1.25",hub,0.25,30,11,40,1730,6,0,34,1730,0.15,0.0,1.0,0.0,0.1718695150180296
ni_tfnbs,"e=0.05,h=4.0,n=30,start_thres=1.25",hub,0.25,30,11,40,1730,5,0,35,1730,0.125,0.0,1.0,0.0,0.1718695150180296
ni_tfnbs,"e=0.05,h=5.0,n=30,start_thres=1.25",hub,0.25,30,11,40,1730,5,0,35,1730,0.125,0.0,1.0,0.0,0.1718695150180296
ni_tfnbs,"e=0.05,h=6.0,n=30,start_thres=1.25",hub,0.25,30,11,40,1730,5,0,35,1730,0.125,0.0,1.0,0.0,0.1718695150180296
ni_tfnbs,"e=0.05,h=7.0,n=30,start_thres=1.25",hub,0.25,30,11,40,1730,5,0,35,1730,0.125,0.0,1.0,0.0,0.1718695150180296
ni_tfnbs,"e=0.05,h=8.0,n=30,start_thres=1.25",hub,0.25,30,11,40,1730,5,0,35,1730,0.125,0.0,1.0,0.0,0.1718695150180296
ni_tfnbs,"e=0.05,h=9.0,n=30,start_thres=1.25",hub,0.25,30,11,40,1730,5,0,35,1730,0.125,0.0,1.0,0.0,0.1718695150180296
ni_tfnbs,"e=0.05,h=10.0,n=30,start_thres=1.25",hub,0.25,30,11,40,1730,5,0,35,1730,0.125,0.0,1.0,0.0,0.1718695150180296
ni_tfnbs,"e=0.1,h=0.5,n=30,start_thres=1.25",hub,0.25,30,11,40,1730,8,0,32,1730,0.2,0.0,1.0,0.0,0.1718695150180296
ni_tfnbs,"e=0.1,h=1.0,n=30,start_thres=1.25",hub,0.25,30,11,40,1730,8,0,32,1730,0.2,0.0,1.0,0.0,0.1718695150180296
ni_tfnbs,"e=0.1,h=2.0,n=30,start_thres=1.25",hub,0.25,30,11,40,1730,7,0,33,1730,0.175,0.0,1.0,0.0,0.1718695150180296
ni_tfnbs,"e=0.1,h=3.0,n=30,start_thres=1.25",hub,0.25,30,11,40,1730,6,0,34,1730,0.15,0.0,1.0,0.0,0.1718695150180296
ni_tfnbs,"e=0.1,h=4.0,n=30,start_thres=1.25",hub,0.25,30,11,40,1730,6,0,34,1730,0.15,0.0,1.0,0.0,0.1718695150180296
ni_tfnbs,"e=0.1,h=5.0,n=30,start_thres=1.25",hub,0.25,30,11,40,1730,6,0,34,1730,0.15,0.0,1.0,0.0,0.1718695150180296
ni_tfnbs,"e=0.1,h=6.0,n=30,start_thres=1.25",hub,0.25,30,11,40,1730,6,0,34,1730,0.15,0.0,1.0,0.0,0.1718695150180296
ni_tfnbs,"e=0.1,h=7.0,n=30,start_thres=1.25",hub,0.25,30,11,40,1730,6,0,34,1730,0.15,0.0,1.0,0.0,0.1718695150180296
ni_tfnbs,"e=0.1,h=8.0,n=30,start_thres=1.25",hub,0.25,30,11,40,1730,5,0,35,1730,0.125,0.0,1.0,0.0,0.1718695150180296
ni_tfnbs,"e=0.1,h=9.0,n=30,start_thres=1.25",hub,0.25,30,11,40,1730,5,0,35,1730,0.125,0.0,1.0,0.0,0.1718695150180296
ni_tfnbs,"e=0.1,h=10.0,n=30,start_thres=1.25",hub,0.25,30,11,40,1730,5,0,35,1730,0.125,0.0,1.0,0.0,0.1718695150180296
ni_tfnbs,"e=0.2,h=0.5,n=30,start_thres=1.25",hub,0.25,30,11,40,1730,10,0,30,1730,0.25,0.0,1.0,0.0,0.1718695150180296
ni_tfnbs,"e=0.2,h=1.0,n=30,start_thres=1.25",hub,0.25,30,11,40,1730,10,0,30,1730,0.25,0.0,1.0,0.0,0.1718695150180296
ni_tfnbs,"e=0.2,h=2.0,n=30,start_thres=1.25",hub,0.25,30,11,40,1730,10,0,30,1730,0.25,0.0,1.0,0.0,0.1718695150180296
ni_tfnbs,"e=0.2,h=3.0,n=30,start_thres=1.25",hub,0.25,30,11,40,1730,8,0,32,1730,0.2,0.0,1.0,0.0,0.1718695150180296
ni_tfnbs,"e=0.2,h=4.0,n=30,start_thres=1.25",hub,0.25,30,11,40,1730,8,0,32,1730,0.2,0.0,1.0,0.0,0.1718695150180296
ni_tfnbs,"e=0.2,h=5.0,n=30,start_thres=1.25",hub,0.25,30,11,40,1730,7,0,33,1730,0.175,0.0,1.0,0.0,0.1718695150180296
ni_tfnbs,"e=0.2,h=6.0,n=30,start_thres=1.25",hub,0.25,30,11,40,1730,7,0,33,1730,0.175,0.0,1.0,0.0,0.1718695150180296
ni_tfnbs,"e=0.2,h=7.0,n=30,start_thres=1.25",hub,0.25,30,11,40,1730,6,0,34,1730,0.15,0.0,1.0,0.0,0.1718695150180296
ni_tfnbs,"e=0.2,h=8.0,n=30,start_thres=1.25",hub,0.25,30,11,40,1730,6,0,34,1730,0.15,0.0,1.0,0.0,0.1718695150180296
ni_tfnbs,"e=0.2,h=9.0,n=30,start_thres=1.25",hub,0.25,30,11,40,1730,6,0,34,1730,0.15,0.0,1.0,0.0,0.1718695150180296
ni_tfnbs,"e=0.2,h=10.0,n=30,start_thres=1.25",hub,0.25,30,11,40,1730,6,0,34,1730,0.15,0.0,1.0,0.0,0.1718695150180296
ni_tfnbs,"e=0.3,h=0.5,n=30,start_thres=1.25",hub,0.25,30,11,40,1730,12,1,28,1729,0.3,0.0005780346820809,0.9230769230769232,0.0769230769230769,0.1718695150180296
ni_tfnbs,"e=0.3,h=1.0,n=30,start_thres=1.25",hub,0.25,30,11,40,1730,12,1,28,1729,0.3,0.0005780346820809,0.9230769230769232,0.0769230769230769,0.1718695150180296
ni_tfnbs,"e=0.3,h=2.0,n=30,start_thres=1.25",hub,0.25,30,11,40,1730,10,0,30,1730,0.25,0.0,1.0,0.0,0.1718695150180296
ni_tfnbs,"e=0.3,h=3.0,n=30,start_thres=1.25",hub,0.25,30,11,40,1730,10,0,30,1730,0.25,0.0,1.0,0.0,0.1718695150180296
ni_tfnbs,"e=0.3,h=4.0,n=30,start_thres=1.25",hub,0.25,30,11,40,1730,10,0,30,1730,0.25,0.0,1.0,0.0,0.1718695150180296
ni_tfnbs,"e=0.3,h=5.0,n=30,start_thres=1.25",hub,0.25,30,11,40,1730,8,0,32,1730,0.2,0.0,1.0,0.0,0.1718695150180296
ni_tfnbs,"e=0.3,h=6.0,n=30,start_thres=1.25",hub,0.25,30,11,40,1730,8,0,32,1730,0.2,0.0,1.0,0.0,0.1718695150180296
ni_tfnbs,"e=0.3,h=7.0,n=30,start_thres=1.25",hub,0.25,30,11,40,1730,8,0,32,1730,0.2,0.0,1.0,0.0,0.1718695150180296
ni_tfnbs,"e=0.3,h=8.0,n=30,start_thres=1.25",hub,0.25,30,11,40,1730,7,0,33,1730,0.175,0.0,1.0,0.0,0.1718695150180296
ni_tfnbs,"e=0.3,h=9.0,n=30,start_thres=1.25",hub,0.25,30,11,40,1730,7,0,33,1730,0.175,0.0,1.0,0.0,0.1718695150180296
ni_tfnbs,"e=0.3,h=10.0,n=30,start_thres=1.25",hub,0.25,30,11,40,1730,7,0,33,1730,0.175,0.0,1.0,0.0,0.1718695150180296
ni_tfnbs,"e=0.4,h=0.5,n=30,start_thres=1.25",hub,0.25,30,11,40,1730,12,1,28,1729,0.3,0.0005780346820809,0.9230769230769232,0.0769230769230769,0.1718695150180296
ni_tfnbs,"e=0.4,h=1.0,n=30,start_thres=1.25",hub,0.25,30,11,40,1730,12,1,28,1729,0.3,0.0005780346820809,0.9230769230769232,0.0769230769230769,0.1718695150180296
ni_tfnbs,"e=0.4,h=2.0,n=30,start_thres=1.25",hub,0.25,30,11,40,1730,12,1,28,1729,0.3,0.0005780346820809,0.9230769230769232,0.0769230769230769,0.1718695150180296
ni_tfnbs,"e=0.4,h=3.0,n=30,start_thres=1.25",hub,0.25,30,11,40,1730,12,1,28,1729,0.3,0.0005780346820809,0.9230769230769232,0.0769230769230769,0.1718695150180296
ni_tfnbs,"e=0.4,h=4.0,n=30,start_thres=1.25",hub,0.25,30,11,40,1730,10,0,30,1730,0.25,0.0,1.0,0.0,0.1718695150180296
ni_tfnbs,"e=0.4,h=5.0,n=30,start_thres=1.25",hub,0.25,30,11,40,1730,10,0,30,1730,0.25,0.0,1.0,0.0,0.1718695150180296
ni_tfnbs,"e=0.4,h=6.0,n=30,start_thres=1.25",hub,0.25,30,11,40,1730,10,0,30,1730,0.25,0.0,1.0,0.0,0.1718695150180296
ni_tfnbs,"e=0.4,h=7.0,n=30,start_thres=1.25",hub,0.25,30,11,40,1730,8,0,32,1730,0.2,0.0,1.0,0.0,0.1718695150180296
ni_tfnbs,"e=0.4,h=8.0,n=30,start_thres=1.25",hub,0.25,30,11,40,1730,8,0,32,1730,0.2,0.0,1.0,0.0,0.1718695150180296
ni_tfnbs,"e=0.4,h=9.0,n=30,start_thres=1.25",hub,0.25,30,11,40,1730,8,0,32,1730,0.2,0.0,1.0,0.0,0.1718695150180296
ni_tfnbs,"e=0.4,h=10.0,n=30,start_thres=1.25",hub,0.25,30,11,40,1730,7,0,33,1730,0.175,0.0,1.0,0.0,0.1718695150180296
ni_tfnbs,"e=0.5,h=0.5,n=30,start_thres=1.25",hub,0.25,30,11,40,1730,14,1,26,1729,0.35,0.0005780346820809,0.9333333333333332,0.0666666666666666,0.1718695150180296
ni_tfnbs,"e=0.5,h=1.0,n=30,start_thres=1.25",hub,0.25,30,11,40,1730,14,1,26,1729,0.35,0.0005780346820809,0.9333333333333332,0.0666666666666666,0.1718695150180296
ni_tfnbs,"e=0.5,h=2.0,n=30,start_thres=1.25",hub,0.25,30,11,40,1730,12,1,28,1729,0.3,0.0005780346820809,0.9230769230769232,0.0769230769230769,0.1718695150180296
ni_tfnbs,"e=0.5,h=3.0,n=30,start_thres=1.25",hub,0.25,30,11,40,1730,12,1,28,1729,0.3,0.0005780346820809,0.9230769230769232,0.0769230769230769,0.1718695150180296
ni_tfnbs,"e=0.5,h=4.0,n=30,start_thres=1.25",hub,0.25,30,11,40,1730,12,1,28,1729,0.3,0.0005780346820809,0.9230769230769232,0.0769230769230769,0.1718695150180296
ni_tfnbs,"e=0.5,h=5.0,n=30,start_thres=1.25",hub,0.25,30,11,40,1730,10,0,30,1730,0.25,0.0,1.0,0.0,0.1718695150180296
ni_tfnbs,"e=0.5,h=6.0,n=30,start_thres=1.25",hub,0.25,30,11,40,1730,10,0,30,1730,0.25,0.0,1.0,0.0,0.1718695150180296
ni_tfnbs,"e=0.5,h=7.0,n=30,start_thres=1.25",hub,0.25,30,11,40,1730,10,0,30,1730,0.25,0.0,1.0,0.0,0.1718695150180296
ni_tfnbs,"e=0.5,h=8.0,n=30,start_thres=1.25",hub,0.25,30,11,40,1730,9,0,31,1730,0.225,0.0,1.0,0.0,0.1718695150180296
ni_tfnbs,"e=0.5,h=9.0,n=30,start_thres=1.25",hub,0.25,30,11,40,1730,8,0,32,1730,0.2,0.0,1.0,0.0,0.1718695150180296
ni_tfnbs,"e=0.5,h=10.0,n=30,start_thres=1.25",hub,0.25,30,11,40,1730,8,0,32,1730,0.2,0.0,1.0,0.0,0.1718695150180296
ni_tfnbs,"e=0.6,h=0.5,n=30,start_thres=1.25",hub,0.25,30,11,40,1730,17,1,23,1729,0.425,0.0005780346820809,0.9444444444444444,0.0555555555555555,0.1718695150180296
ni_tfnbs,"e=0.6,h=1.0,n=30,start_thres=1.25",hub,0.25,30,11,40,1730,17,1,23,1729,0.425,0.0005780346820809,0.9444444444444444,0.0555555555555555,0.1718695150180296
ni_tfnbs,"e=0.6,h=2.0,n=30,start_thres=1.25",hub,0.25,30,11,40,1730,14,1,26,1729,0.35,0.0005780346820809,0.9333333333333332,0.0666666666666666,0.1718695150180296
ni_tfnbs,"e=0.6,h=3.0,n=30,start_thres=1.25",hub,0.25,30,11,40,1730,12,1,28,1729,0.3,0.0005780346820809,0.9230769230769232,0.0769230769230769,0.1718695150180296
ni_tfnbs,"e=0.6,h=4.0,n=30,start_thres=1.25",hub,0.25,30,11,40,1730,12,1,28,1729,0.3,0.0005780346820809,0.9230769230769232,0.0769230769230769,0.1718695150180296
ni_tfnbs,"e=0.6,h=5.0,n=30,start_thres=1.25",hub,0.25,30,11,40,1730,12,1,28,1729,0.3,0.0005780346820809,0.9230769230769232,0.0769230769230769,0.1718695150180296
ni_tfnbs,"e=0.6,h=6.0,n=30,start_thres=1.25",hub,0.25,30,11,40,1730,12,1,28,1729,0.3,0.0005780346820809,0.9230769230769232,0.0769230769230769,0.1718695150180296
ni_tfnbs,"e=0.6,h=7.0,n=30,start_thres=1.25",hub,0.25,30,11,40,1730,10,0,30,1730,0.25,0.0,1.0,0.0,0.1718695150180296
ni_tfnbs,"e=0.6,h=8.0,n=30,start_thres=1.25",hub,0.25,30,11,40,1730,10,0,30,1730,0.25,0.0,1.0,0.0,0.1718695150180296
ni_tfnbs,"e=0.6,h=9.0,n=30,start_thres=1.25",hub,0.25,30,11,40,1730,10,0,30,1730,0.25,0.0,1.0,0.0,0.1718695150180296
ni_tfnbs,"e=0.6,h=10.0,n=30,start_thres=1.25",hub,0.25,30,11,40,1730,9,0,31,1730,0.225,0.0,1.0,0.0,0.1718695150180296
ni_tfnbs,"e=0.7,h=0.5,n=30,start_thres=1.25",hub,0.25,30,11,40,1730,17,1,23,1729,0.425,0.0005780346820809,0.9444444444444444,0.0555555555555555,0.1718695150180296
ni_tfnbs,"e=0.7,h=1.0,n=30,start_thres=1.25",hub,0.25,30,11,40,1730,18,1,22,1729,0.45,0.0005780346820809,0.9473684210526316,0.0526315789473684,0.1718695150180296
ni_tfnbs,"e=0.7,h=2.0,n=30,start_thres=1.25",hub,0.25,30,11,40,1730,17,1,23,1729,0.425,0.0005780346820809,0.9444444444444444,0.0555555555555555,0.1718695150180296
ni_tfnbs,"e=0.7,h=3.0,n=30,start_thres=1.25",hub,0.25,30,11,40,1730,14,1,26,1729,0.35,0.0005780346820809,0.9333333333333332,0.0666666666666666,0.1718695150180296
ni_tfnbs,"e=0.7,h=4.0,n=30,start_thres=1.25",hub,0.25,30,11,40,1730,12,1,28,1729,0.3,0.0005780346820809,0.9230769230769232,0.0769230769230769,0.1718695150180296
ni_tfnbs,"e=0.7,h=5.0,n=30,start_thres=1.25",hub,0.25,30,11,40,1730,12,1,28,1729,0.3,0.0005780346820809,0.9230769230769232,0.0769230769230769,0.1718695150180296
ni_tfnbs,"e=0.7,h=6.0,n=30,start_thres=1.25",hub,0.25,30,11,40,1730,12,1,28,1729,0.3,0.0005780346820809,0.9230769230769232,0.0769230769230769,0.1718695150180296
ni_tfnbs,"e=0.7,h=7.0,n=30,start_thres=1.25",hub,0.25,30,11,40,1730,12,1,28,1729,0.3,0.0005780346820809,0.9230769230769232,0.0769230769230769,0.1718695150180296
ni_tfnbs,"e=0.7,h=8.0,n=30,start_thres=1.25",hub,0.25,30,11,40,1730,10,0,30,1730,0.25,0.0,1.0,0.0,0.1718695150180296
ni_tfnbs,"e=0.7,h=9.0,n=30,start_thres=1.25",hub,0.25,30,11,40,1730,10,0,30,1730,0.25,0.0,1.0,0.0,0.1718695150180296
ni_tfnbs,"e=0.7,h=10.0,n=30,start_thres=1.25",hub,0.25,30,11,40,1730,10,0,30,1730,0.25,0.0,1.0,0.0,0.1718695150180296
ni_tfnbs,"e=0.8,h=0.5,n=30,start_thres=1.25",hub,0.25,30,11,40,1730,18,1,22,1729,0.45,0.0005780346820809,0.9473684210526316,0.0526315789473684,0.1718695150180296
ni_tfnbs,"e=0.8,h=1.0,n=30,start_thres=1.25",hub,0.25,30,11,40,1730,18,1,22,1729,0.45,0.0005780346820809,0.9473684210526316,0.0526315789473684,0.1718695150180296
ni_tfnbs,"e=0.8,h=2.0,n=30,start_thres=1.25",hub,0.25,30,11,40,1730,18,1,22,1729,0.45,0.0005780346820809,0.9473684210526316,0.0526315789473684,0.1718695150180296
ni_tfnbs,"e=0.8,h=3.0,n=30,start_thres=1.25",hub,0.25,30,11,40,1730,17,1,23,1729,0.425,0.0005780346820809,0.9444444444444444,0.0555555555555555,0.1718695150180296
ni_tfnbs,"e=0.8,h=4.0,n=30,start_thres=1.25",hub,0.25,30,11,40,1730,14,1,26,1729,0.35,0.0005780346820809,0.9333333333333332,0.0666666666666666,0.1718695150180296
ni_tfnbs,"e=0.8,h=5.0,n=30,start_thres=1.25",hub,0.25,30,11,40,1730,12,1,28,1729,0.3,0.0005780346820809,0.9230769230769232,0.0769230769230769,0.1718695150180296
ni_tfnbs,"e=0.8,h=6.0,n=30,start_thres=1.25",hub,0.25,30,11,40,1730,12,1,28,1729,0.3,0.0005780346820809,0.9230769230769232,0.0769230769230769,0.1718695150180296
ni_tfnbs,"e=0.8,h=7.0,n=30,start_thres=1.25",hub,0.25,30,11,40,1730,12,1,28,1729,0.3,0.0005780346820809,0.9230769230769232,0.0769230769230769,0.1718695150180296
ni_tfnbs,"e=0.8,h=8.0,n=30,start_thres=1.25",hub,0.25,30,11,40,1730,12,1,28,1729,0.3,0.0005780346820809,0.9230769230769232,0.0769230769230769,0.1718695150180296
ni_tfnbs,"e=0.8,h=9.0,n=30,start_thres=1.25",hub,0.25,30,11,40,1730,10,0,30,1730,0.25,0.0,1.0,0.0,0.1718695150180296
ni_tfnbs,"e=0.8,h=10.0,n=30,start_thres=1.25",hub,0.25,30,11,40,1730,10,0,30,1730,0.25,0.0,1.0,0.0,0.1718695150180296
ni_tfnbs,"e=0.9,h=0.5,n=30,start_thres=1.25",hub,0.25,30,11,40,1730,17,1,23,1729,0.425,0.0005780346820809,0.9444444444444444,0.0555555555555555,0.1718695150180296
ni_tfnbs,"e=0.9,h=1.0,n=30,start_thres=1.25",hub,0.25,30,11,40,1730,18,1,22,1729,0.45,0.0005780346820809,0.9473684210526316,0.0526315789473684,0.1718695150180296
ni_tfnbs,"e=0.9,h=2.0,n=30,start_thres=1.25",hub,0.25,30,11,40,1730,19,1,21,1729,0.475,0.0005780346820809,0.95,0.05,0.1718695150180296
ni_tfnbs,"e=0.9,h=3.0,n=30,start_thres=1.25",hub,0.25,30,11,40,1730,17,1,23,1729,0.425,0.0005780346820809,0.9444444444444444,0.0555555555555555,0.1718695150180296
ni_tfnbs,"e=0.9,h=4.0,n=30,start_thres=1.25",hub,0.25,30,11,40,1730,16,1,24,1729,0.4,0.0005780346820809,0.9411764705882352,0.0588235294117647,0.1718695150180296
ni_tfnbs,"e=0.9,h=5.0,n=30,start_thres=1.25",hub,0.25,30,11,40,1730,14,1,26,1729,0.35,0.0005780346820809,0.9333333333333332,0.0666666666666666,0.1718695150180296
ni_tfnbs,"e=0.9,h=6.0,n=30,start_thres=1.25",hub,0.25,30,11,40,1730,12,1,28,1729,0.3,0.0005780346820809,0.9230769230769232,0.0769230769230769,0.1718695150180296
ni_tfnbs,"e=0.9,h=7.0,n=30,start_thres=1.25",hub,0.25,30,11,40,1730,12,1,28,1729,0.3,0.0005780346820809,0.9230769230769232,0.0769230769230769,0.1718695150180296
ni_tfnbs,"e=0.9,h=8.0,n=30,start_thres=1.25",hub,0.25,30,11,40,1730,12,1,28,1729,0.3,0.0005780346820809,0.9230769230769232,0.0769230769230769,0.1718695150180296
ni_tfnbs,"e=0.9,h=9.0,n=30,start_thres=1.25",hub,0.25,30,11,40,1730,12,1,28,1729,0.3,0.0005780346820809,0.9230769230769232,0.0769230769230769,0.1718695150180296
ni_tfnbs,"e=0.9,h=10.0,n=30,start_thres=1.25",hub,0.25,30,11,40,1730,10,0,30,1730,0.25,0.0,1.0,0.0,0.1718695150180296
ni_tfnbs,"e=1.0,h=0.5,n=30,start_thres=1.25",hub,0.25,30,11,40,1730,17,1,23,1729,0.425,0.0005780346820809,0.9444444444444444,0.0555555555555555,0.1718695150180296
ni_tfnbs,"e=1.0,h=1.0,n=30,start_thres=1.25",hub,0.25,30,11,40,1730,19,1,21,1729,0.475,0.0005780346820809,0.95,0.05,0.1718695150180296
ni_tfnbs,"e=1.0,h=2.0,n=30,start_thres=1.25",hub,0.25,30,11,40,1730,19,1,21,1729,0.475,0.0005780346820809,0.95,0.05,0.1718695150180296
ni_tfnbs,"e=1.0,h=3.0,n=30,start_thres=1.25",hub,0.25,30,11,40,1730,19,1,21,1729,0.475,0.0005780346820809,0.95,0.05,0.1718695150180296
ni_tfnbs,"e=1.0,h=4.0,n=30,start_thres=1.25",hub,0.25,30,11,40,1730,17,1,23,1729,0.425,0.0005780346820809,0.9444444444444444,0.0555555555555555,0.1718695150180296
ni_tfnbs,"e=1.0,h=5.0,n=30,start_thres=1.25",hub,0.25,30,11,40,1730,16,1,24,1729,0.4,0.0005780346820809,0.9411764705882352,0.0588235294117647,0.1718695150180296
ni_tfnbs,"e=1.0,h=6.0,n=30,start_thres=1.25",hub,0.25,30,11,40,1730,14,1,26,1729,0.35,0.0005780346820809,0.9333333333333332,0.0666666666666666,0.1718695150180296
ni_tfnbs,"e=1.0,h=7.0,n=30,start_thres=1.25",hub,0.25,30,11,40,1730,12,1,28,1729,0.3,0.0005780346820809,0.9230769230769232,0.0769230769230769,0.1718695150180296
ni_tfnbs,"e=1.0,h=8.0,n=30,start_thres=1.25",hub,0.25,30,11,40,1730,12,1,28,1729,0.3,0.0005780346820809,0.9230769230769232,0.0769230769230769,0.1718695150180296
ni_tfnbs,"e=1.0,h=9.0,n=30,start_thres=1.25",hub,0.25,30,11,40,1730,12,1,28,1729,0.3,0.0005780346820809,0.9230769230769232,0.0769230769230769,0.1718695150180296
ni_tfnbs,"e=1.0,h=10.0,n=30,start_thres=1.25",hub,0.25,30,11,40,1730,12,1,28,1729,0.3,0.0005780346820809,0.9230769230769232,0.0769230769230769,0.1718695150180296
ni_tfnbs,"e=1.1,h=0.5,n=30,start_thres=1.25",hub,0.25,30,11,40,1730,16,1,24,1729,0.4,0.0005780346820809,0.9411764705882352,0.0588235294117647,0.1718695150180296
ni_tfnbs,"e=1.1,h=1.0,n=30,start_thres=1.25",hub,0.25,30,11,40,1730,18,1,22,1729,0.45,0.0005780346820809,0.9473684210526316,0.0526315789473684,0.1718695150180296
ni_tfnbs,"e=1.1,h=2.0,n=30,start_thres=1.25",hub,0.25,30,11,40,1730,21,1,19,1729,0.525,0.0005780346820809,0.9545454545454546,0.0454545454545454,0.1718695150180296
ni_tfnbs,"e=1.1,h=3.0,n=30,start_thres=1.25",hub,0.25,30,11,40,1730,20,1,20,1729,0.5,0.0005780346820809,0.9523809523809524,0.0476190476190476,0.1718695150180296
ni_tfnbs,"e=1.1,h=4.0,n=30,start_thres=1.25",hub,0.25,30,11,40,1730,18,1,22,1729,0.45,0.0005780346820809,0.9473684210526316,0.0526315789473684,0.1718695150180296
ni_tfnbs,"e=1.1,h=5.0,n=30,start_thres=1.25",hub,0.25,30,11,40,1730,17,1,23,1729,0.425,0.0005780346820809,0.9444444444444444,0.0555555555555555,0.1718695150180296
ni_tfnbs,"e=1.1,h=6.0,n=30,start_thres=1.25",hub,0.25,30,11,40,1730,16,1,24,1729,0.4,0.0005780346820809,0.9411764705882352,0.0588235294117647,0.1718695150180296
ni_tfnbs,"e=1.1,h=7.0,n=30,start_thres=1.25",hub,0.25,30,11,40,1730,14,1,26,1729,0.35,0.0005780346820809,0.9333333333333332,0.0666666666666666,0.1718695150180296
ni_tfnbs,"e=1.1,h=8.0,n=30,start_thres=1.25",hub,0.25,30,11,40,1730,12,1,28,1729,0.3,0.0005780346820809,0.9230769230769232,0.0769230769230769,0.1718695150180296
ni_tfnbs,"e=1.1,h=9.0,n=30,start_thres=1.25",hub,0.25,30,11,40,1730,12,1,28,1729,0.3,0.0005780346820809,0.9230769230769232,0.0769230769230769,0.1718695150180296
ni_tfnbs,"e=1.1,h=10.0,n=30,start_thres=1.25",hub,0.25,30,11,40,1730,12,1,28,1729,0.3,0.0005780346820809,0.9230769230769232,0.0769230769230769,0.1718695150180296
ni_tfnbs,"e=1.2,h=0.5,n=30,start_thres=1.25",hub,0.25,30,11,40,1730,15,1,25,1729,0.375,0.0005780346820809,0.9375,0.0625,0.1718695150180296
ni_tfnbs,"e=1.2,h=1.0,n=30,start_thres=1.25",hub,0.25,30,11,40,1730,16,1,24,1729,0.4,0.0005780346820809,0.9411764705882352,0.0588235294117647,0.1718695150180296
ni_tfnbs,"e=1.2,h=2.0,n=30,start_thres=1.25",hub,0.25,30,11,40,1730,19,1,21,1729,0.475,0.0005780346820809,0.95,0.05,0.1718695150180296
ni_tfnbs,"e=1.2,h=3.0,n=30,start_thres=1.25",hub,0.25,30,11,40,1730,21,1,19,1729,0.525,0.0005780346820809,0.9545454545454546,0.0454545454545454,0.1718695150180296
ni_tfnbs,"e=1.2,h=4.0,n=30,start_thres=1.25",hub,0.25,30,11,40,1730,20,1,20,1729,0.5,0.0005780346820809,0.9523809523809524,0.0476190476190476,0.1718695150180296
ni_tfnbs,"e=1.2,h=5.0,n=30,start_thres=1.25",hub,0.25,30,11,40,1730,17,1,23,1729,0.425,0.0005780346820809,0.9444444444444444,0.0555555555555555,0.1718695150180296
ni_tfnbs,"e=1.2,h=6.0,n=30,start_thres=1.25",hub,0.25,30,11,40,1730,16,1,24,1729,0.4,0.0005780346820809,0.9411764705882352,0.0588235294117647,0.1718695150180296
ni_tfnbs,"e=1.2,h=7.0,n=30,start_thres=1.25",hub,0.25,30,11,40,1730,14,1,26,1729,0.35,0.0005780346820809,0.9333333333333332,0.0666666666666666,0.1718695150180296
ni_tfnbs,"e=1.2,h=8.0,n=30,start_thres=1.25",hub,0.25,30,11,40,1730,12,1,28,1729,0.3,0.0005780346820809,0.9230769230769232,0.0769230769230769,0.1718695150180296
ni_tfnbs,"e=1.2,h=9.0,n=30,start_thres=1.25",hub,0.25,30,11,40,1730,12,1,28,1729,0.3,0.0005780346820809,0.9230769230769232,0.0769230769230769,0.1718695150180296
ni_tfnbs,"e=1.2,h=10.0,n=30,start_thres=1.25",hub,0.25,30,11,40,1730,12,1,28,1729,0.3,0.0005780346820809,0.9230769230769232,0.0769230769230769,0.1718695150180296
ni_tfnbs,"e=1.3,h=0.5,n=30,start_thres=1.25",hub,0.25,30,11,40,1730,12,1,28,1729,0.3,0.0005780346820809,0.9230769230769232,0.0769230769230769,0.1718695150180296
ni_tfnbs,"e=1.3,h=1.0,n=30,start_thres=1.25",hub,0.25,30,11,40,1730,15,1,25,1729,0.375,0.0005780346820809,0.9375,0.0625,0.1718695150180296
ni_tfnbs,"e=1.3,h=2.0,n=30,start_thres=1.25",hub,0.25,30,11,40,1730,19,1,21,1729,0.475,0.0005780346820809,0.95,0.05,0.1718695150180296
ni_tfnbs,"e=1.3,h=3.0,n=30,start_thres=1.25",hub,0.25,30,11,40,1730,21,1,19,1729,0.525,0.0005780346820809,0.9545454545454546,0.0454545454545454,0.1718695150180296
ni_tfnbs,"e=1.3,h=4.0,n=30,start_thres=1.25",hub,0.25,30,11,40,1730,21,1,19,1729,0.525,0.0005780346820809,0.9545454545454546,0.0454545454545454,0.1718695150180296
ni_tfnbs,"e=1.3,h=5.0,n=30,start_thres=1.25",hub,0.25,30,11,40,1730,18,1,22,1729,0.45,0.0005780346820809,0.9473684210526316,0.0526315789473684,0.1718695150180296
ni_tfnbs,"e=1.3,h=6.0,n=30,start_thres=1.25",hub,0.25,30,11,40,1730,17,1,23,1729,0.425,0.0005780346820809,0.9444444444444444,0.0555555555555555,0.1718695150180296
ni_tfnbs,"e=1.3,h=7.0,n=30,start_thres=1.25",hub,0.25,30,11,40,1730,16,1,24,1729,0.4,0.0005780346820809,0.9411764705882352,0.0588235294117647,0.1718695150180296
ni_tfnbs,"e=1.3,h=8.0,n=30,start_thres=1.25",hub,0.25,30,11,40,1730,14,1,26,1729,0.35,0.0005780346820809,0.9333333333333332,0.0666666666666666,0.1718695150180296
ni_tfnbs,"e=1.3,h=9.0,n=30,start_thres=1.25",hub,0.25,30,11,40,1730,12,1,28,1729,0.3,0.0005780346820809,0.9230769230769232,0.0769230769230769,0.1718695150180296
ni_tfnbs,"e=1.3,h=10.0,n=30,start_thres=1.25",hub,0.25,30,11,40,1730,12,1,28,1729,0.3,0.0005780346820809,0.9230769230769232,0.0769230769230769,0.1718695150180296
ni_tfnbs,"e=1.4,h=0.5,n=30,start_thres=1.25",hub,0.25,30,11,40,1730,11,1,29,1729,0.275,0.0005780346820809,0.9166666666666666,0.0833333333333333,0.1718695150180296
ni_tfnbs,"e=1.4,h=1.0,n=30,start_thres=1.25",hub,0.25,30,11,40,1730,13,1,27,1729,0.325,0.0005780346820809,0.9285714285714286,0.0714285714285714,0.1718695150180296
ni_tfnbs,"e=1.4,h=2.0,n=30,start_thres=1.25",hub,0.25,30,11,40,1730,19,1,21,1729,0.475,0.0005780346820809,0.95,0.05,0.1718695150180296
ni_tfnbs,"e=1.4,h=3.0,n=30,start_thres=1.25",hub,0.25,30,11,40,1730,20,1,20,1729,0.5,0.0005780346820809,0.9523809523809524,0.0476190476190476,0.1718695150180296
ni_tfnbs,"e=1.4,h=4.0,n=30,start_thres=1.25",hub,0.25,30,11,40,1730,21,1,19,1729,0.525,0.0005780346820809,0.9545454545454546,0.0454545454545454,0.1718695150180296
ni_tfnbs,"e=1.4,h=5.0,n=30,start_thres=1.25",hub,0.25,30,11,40,1730,20,1,20,1729,0.5,0.0005780346820809,0.9523809523809524,0.0476190476190476,0.1718695150180296
ni_tfnbs,"e=1.4,h=6.0,n=30,start_thres=1.25",hub,0.25,30,11,40,1730,18,1,22,1729,0.45,0.0005780346820809,0.9473684210526316,0.0526315789473684,0.1718695150180296
ni_tfnbs,"e=1.4,h=7.0,n=30,start_thres=1.25",hub,0.25,30,11,40,1730,17,1,23,1729,0.425,0.0005780346820809,0.9444444444444444,0.0555555555555555,0.1718695150180296
ni_tfnbs,"e=1.4,h=8.0,n=30,start_thres=1.25",hub,0.25,30,11,40,1730,15,1,25,1729,0.375,0.0005780346820809,0.9375,0.0625,0.1718695150180296
ni_tfnbs,"e=1.4,h=9.0,n=30,start_thres=1.25",hub,0.25,30,11,40,1730,14,1,26,1729,0.35,0.0005780346820809,0.9333333333333332,0.0666666666666666,0.1718695150180296
ni_tfnbs,"e=1.4,h=10.0,n=30,start_thres=1.25",hub,0.25,30,11,40,1730,12,1,28,1729,0.3,0.0005780346820809,0.9230769230769232,0.0769230769230769,0.1718695150180296
ni_tfnbs,"e=1.5,h=0.5,n=30,start_thres=1.25",hub,0.25,30,11,40,1730,11,1,29,1729,0.275,0.0005780346820809,0.9166666666666666,0.0833333333333333,0.1718695150180296
ni_tfnbs,"e=1.5,h=1.0,n=30,start_thres=1.25",hub,0.25,30,11,40,1730,13,1,27,1729,0.325,0.0005780346820809,0.9285714285714286,0.0714285714285714,0.1718695150180296
ni_tfnbs,"e=1.5,h=2.0,n=30,start_thres=1.25",hub,0.25,30,11,40,1730,17,1,23,1729,0.425,0.0005780346820809,0.9444444444444444,0.0555555555555555,0.1718695150180296
ni_tfnbs,"e=1.5,h=3.0,n=30,start_thres=1.25",hub,0.25,30,11,40,1730,20,1,20,1729,0.5,0.0005780346820809,0.9523809523809524,0.0476190476190476,0.1718695150180296
ni_tfnbs,"e=1.5,h=4.0,n=30,start_thres=1.25",hub,0.25,30,11,40,1730,21,1,19,1729,0.525,0.0005780346820809,0.9545454545454546,0.0454545454545454,0.1718695150180296
ni_tfnbs,"e=1.5,h=5.0,n=30,start_thres=1.25",hub,0.25,30,11,40,1730,21,1,19,1729,0.525,0.0005780346820809,0.9545454545454546,0.0454545454545454,0.1718695150180296
ni_tfnbs,"e=1.5,h=6.0,n=30,start_thres=1.25",hub,0.25,30,11,40,1730,20,1,20,1729,0.5,0.0005780346820809,0.9523809523809524,0.0476190476190476,0.1718695150180296
ni_tfnbs,"e=1.5,h=7.0,n=30,start_thres=1.25",hub,0.25,30,11,40,1730,17,1,23,1729,0.425,0.0005780346820809,0.9444444444444444,0.0555555555555555,0.1718695150180296
ni_tfnbs,"e=1.5,h=8.0,n=30,start_thres=1.25",hub,0.25,30,11,40,1730,16,1,24,1729,0.4,0.0005780346820809,0.9411764705882352,0.0588235294117647,0.1718695150180296
ni_tfnbs,"e=1.5,h=9.0,n=30,start_thres=1.25",hub,0.25,30,11,40,1730,14,1,26,1729,0.35,0.0005780346820809,0.9333333333333332,0.0666666666666666,0.1718695150180296
ni_tfnbs,"e=1.5,h=10.0,n=30,start_thres=1.25",hub,0.25,30,11,40,1730,14,1,26,1729,0.35,0.0005780346820809,0.9333333333333332,0.0666666666666666,0.1718695150180296
ni_tfnbs,"e=0.05,h=0.5,n=30,start_thres=1.25",hub,0.25,30,12,40,1730,4,0,36,1730,0.1,0.0,1.0,0.0,0.1737991882996125
ni_tfnbs,"e=0.05,h=1.0,n=30,start_thres=1.25",hub,0.25,30,12,40,1730,4,0,36,1730,0.1,0.0,1.0,0.0,0.1737991882996125
ni_tfnbs,"e=0.05,h=2.0,n=30,start_thres=1.25",hub,0.25,30,12,40,1730,4,0,36,1730,0.1,0.0,1.0,0.0,0.1737991882996125
ni_tfnbs,"e=0.05,h=3.0,n=30,start_thres=1.25",hub,0.25,30,12,40,1730,4,0,36,1730,0.1,0.0,1.0,0.0,0.1737991882996125
ni_tfnbs,"e=0.05,h=4.0,n=30,start_thres=1.25",hub,0.25,30,12,40,1730,4,0,36,1730,0.1,0.0,1.0,0.0,0.1737991882996125
ni_tfnbs,"e=0.05,h=5.0,n=30,start_thres=1.25",hub,0.25,30,12,40,1730,4,0,36,1730,0.1,0.0,1.0,0.0,0.1737991882996125
ni_tfnbs,"e=0.05,h=6.0,n=30,start_thres=1.25",hub,0.25,30,12,40,1730,4,0,36,1730,0.1,0.0,1.0,0.0,0.1737991882996125
ni_tfnbs,"e=0.05,h=7.0,n=30,start_thres=1.25",hub,0.25,30,12,40,1730,4,0,36,1730,0.1,0.0,1.0,0.0,0.1737991882996125
ni_tfnbs,"e=0.05,h=8.0,n=30,start_thres=1.25",hub,0.25,30,12,40,1730,4,0,36,1730,0.1,0.0,1.0,0.0,0.1737991882996125
ni_tfnbs,"e=0.05,h=9.0,n=30,start_thres=1.25",hub,0.25,30,12,40,1730,4,0,36,1730,0.1,0.0,1.0,0.0,0.1737991882996125
ni_tfnbs,"e=0.05,h=10.0,n=30,start_thres=1.25",hub,0.25,30,12,40,1730,4,0,36,1730,0.1,0.0,1.0,0.0,0.1737991882996125
ni_tfnbs,"e=0.1,h=0.5,n=30,start_thres=1.25",hub,0.25,30,12,40,1730,4,0,36,1730,0.1,0.0,1.0,0.0,0.1737991882996125
ni_tfnbs,"e=0.1,h=1.0,n=30,start_thres=1.25",hub,0.25,30,12,40,1730,4,0,36,1730,0.1,0.0,1.0,0.0,0.1737991882996125
ni_tfnbs,"e=0.1,h=2.0,n=30,start_thres=1.25",hub,0.25,30,12,40,1730,4,0,36,1730,0.1,0.0,1.0,0.0,0.1737991882996125
ni_tfnbs,"e=0.1,h=3.0,n=30,start_thres=1.25",hub,0.25,30,12,40,1730,4,0,36,1730,0.1,0.0,1.0,0.0,0.1737991882996125
ni_tfnbs,"e=0.1,h=4.0,n=30,start_thres=1.25",hub,0.25,30,12,40,1730,4,0,36,1730,0.1,0.0,1.0,0.0,0.1737991882996125
ni_tfnbs,"e=0.1,h=5.0,n=30,start_thres=1.25",hub,0.25,30,12,40,1730,4,0,36,1730,0.1,0.0,1.0,0.0,0.1737991882996125
ni_tfnbs,"e=0.1,h=6.0,n=30,start_thres=1.25",hub,0.25,30,12,40,1730,4,0,36,1730,0.1,0.0,1.0,0.0,0.1737991882996125
ni_tfnbs,"e=0.1,h=7.0,n=30,start_thres=1.25",hub,0.25,30,12,40,1730,4,0,36,1730,0.1,0.0,1.0,0.0,0.1737991882996125
ni_tfnbs,"e=0.1,h=8.0,n=30,start_thres=1.25",hub,0.25,30,12,40,1730,4,0,36,1730,0.1,0.0,1.0,0.0,0.1737991882996125
ni_tfnbs,"e=0.1,h=9.0,n=30,start_thres=1.25",hub,0.25,30,12,40,1730,4,0,36,1730,0.1,0.0,1.0,0.0,0.1737991882996125
ni_tfnbs,"e=0.1,h=10.0,n=30,start_thres=1.25",hub,0.25,30,12,40,1730,4,0,36,1730,0.1,0.0,1.0,0.0,0.1737991882996125
ni_tfnbs,"e=0.2,h=0.5,n=30,start_thres=1.25",hub,0.25,30,12,40,1730,4,0,36,1730,0.1,0.0,1.0,0.0,0.1737991882996125
ni_tfnbs,"e=0.2,h=1.0,n=30,start_thres=1.25",hub,0.25,30,12,40,1730,4,0,36,1730,0.1,0.0,1.0,0.0,0.1737991882996125
ni_tfnbs,"e=0.2,h=2.0,n=30,start_thres=1.25",hub,0.25,30,12,40,1730,4,0,36,1730,0.1,0.0,1.0,0.0,0.1737991882996125
ni_tfnbs,"e=0.2,h=3.0,n=30,start_thres=1.25",hub,0.25,30,12,40,1730,4,0,36,1730,0.1,0.0,1.0,0.0,0.1737991882996125
ni_tfnbs,"e=0.2,h=4.0,n=30,start_thres=1.25",hub,0.25,30,12,40,1730,4,0,36,1730,0.1,0.0,1.0,0.0,0.1737991882996125
ni_tfnbs,"e=0.2,h=5.0,n=30,start_thres=1.25",hub,0.25,30,12,40,1730,4,0,36,1730,0.1,0.0,1.0,0.0,0.1737991882996125
ni_tfnbs,"e=0.2,h=6.0,n=30,start_thres=1.25",hub,0.25,30,12,40,1730,4,0,36,1730,0.1,0.0,1.0,0.0,0.1737991882996125
ni_tfnbs,"e=0.2,h=7.0,n=30,start_thres=1.25",hub,0.25,30,12,40,1730,4,0,36,1730,0.1,0.0,1.0,0.0,0.1737991882996125
ni_tfnbs,"e=0.2,h=8.0,n=30,start_thres=1.25",hub,0.25,30,12,40,1730,4,0,36,1730,0.1,0.0,1.0,0.0,0.1737991882996125
ni_tfnbs,"e=0.2,h=9.0,n=30,start_thres=1.25",hub,0.25,30,12,40,1730,4,0,36,1730,0.1,0.0,1.0,0.0,0.1737991882996125
ni_tfnbs,"e=0.2,h=10.0,n=30,start_thres=1.25",hub,0.25,30,12,40,1730,4,0,36,1730,0.1,0.0,1.0,0.0,0.1737991882996125
ni_tfnbs,"e=0.3,h=0.5,n=30,start_thres=1.25",hub,0.25,30,12,40,1730,6,0,34,1730,0.15,0.0,1.0,0.0,0.1737991882996125
ni_tfnbs,"e=0.3,h=1.0,n=30,start_thres=1.25",hub,0.25,30,12,40,1730,4,0,36,1730,0.1,0.0,1.0,0.0,0.1737991882996125
ni_tfnbs,"e=0.3,h=2.0,n=30,start_thres=1.25",hub,0.25,30,12,40,1730,4,0,36,1730,0.1,0.0,1.0,0.0,0.1737991882996125
ni_tfnbs,"e=0.3,h=3.0,n=30,start_thres=1.25",hub,0.25,30,12,40,1730,4,0,36,1730,0.1,0.0,1.0,0.0,0.1737991882996125
ni_tfnbs,"e=0.3,h=4.0,n=30,start_thres=1.25",hub,0.25,30,12,40,1730,4,0,36,1730,0.1,0.0,1.0,0.0,0.1737991882996125
ni_tfnbs,"e=0.3,h=5.0,n=30,start_thres=1.25",hub,0.25,30,12,40,1730,4,0,36,1730,0.1,0.0,1.0,0.0,0.1737991882996125
ni_tfnbs,"e=0.3,h=6.0,n=30,start_thres=1.25",hub,0.25,30,12,40,1730,4,0,36,1730,0.1,0.0,1.0,0.0,0.1737991882996125
ni_tfnbs,"e=0.3,h=7.0,n=30,start_thres=1.25",hub,0.25,30,12,40,1730,4,0,36,1730,0.1,0.0,1.0,0.0,0.1737991882996125
ni_tfnbs,"e=0.3,h=8.0,n=30,start_thres=1.25",hub,0.25,30,12,40,1730,4,0,36,1730,0.1,0.0,1.0,0.0,0.1737991882996125
ni_tfnbs,"e=0.3,h=9.0,n=30,start_thres=1.25",hub,0.25,30,12,40,1730,4,0,36,1730,0.1,0.0,1.0,0.0,0.1737991882996125
ni_tfnbs,"e=0.3,h=10.0,n=30,start_thres=1.25",hub,0.25,30,12,40,1730,4,0,36,1730,0.1,0.0,1.0,0.0,0.1737991882996125
ni_tfnbs,"e=0.4,h=0.5,n=30,start_thres=1.25",hub,0.25,30,12,40,1730,10,0,30,1730,0.25,0.0,1.0,0.0,0.1737991882996125
ni_tfnbs,"e=0.4,h=1.0,n=30,start_thres=1.25",hub,0.25,30,12,40,1730,8,0,32,1730,0.2,0.0,1.0,0.0,0.1737991882996125
ni_tfnbs,"e=0.4,h=2.0,n=30,start_thres=1.25",hub,0.25,30,12,40,1730,4,0,36,1730,0.1,0.0,1.0,0.0,0.1737991882996125
ni_tfnbs,"e=0.4,h=3.0,n=30,start_thres=1.25",hub,0.25,30,12,40,1730,4,0,36,1730,0.1,0.0,1.0,0.0,0.1737991882996125
ni_tfnbs,"e=0.4,h=4.0,n=30,start_thres=1.25",hub,0.25,30,12,40,1730,4,0,36,1730,0.1,0.0,1.0,0.0,0.1737991882996125
ni_tfnbs,"e=0.4,h=5.0,n=30,start_thres=1.25",hub,0.25,30,12,40,1730,4,0,36,1730,0.1,0.0,1.0,0.0,0.1737991882996125
ni_tfnbs,"e=0.4,h=6.0,n=30,start_thres=1.25",hub,0.25,30,12,40,1730,4,0,36,1730,0.1,0.0,1.0,0.0,0.1737991882996125
ni_tfnbs,"e=0.4,h=7.0,n=30,start_thres=1.25",hub,0.25,30,12,40,1730,4,0,36,1730,0.1,0.0,1.0,0.0,0.1737991882996125
ni_tfnbs,"e=0.4,h=8.0,n=30,start_thres=1.25",hub,0.25,30,12,40,1730,4,0,36,1730,0.1,0.0,1.0,0.0,0.1737991882996125
ni_tfnbs,"e=0.4,h=9.0,n=30,start_thres=1.25",hub,0.25,30,12,40,1730,4,0,36,1730,0.1,0.0,1.0,0.0,0.1737991882996125
ni_tfnbs,"e=0.4,h=10.0,n=30,start_thres=1.25",hub,0.25,30,12,40,1730,4,0,36,1730,0.1,0.0,1.0,0.0,0.1737991882996125
ni_tfnbs,"e=0.5,h=0.5,n=30,start_thres=1.25",hub,0.25,30,12,40,1730,13,0,27,1730,0.325,0.0,1.0,0.0,0.1737991882996125
ni_tfnbs,"e=0.5,h=1.0,n=30,start_thres=1.25",hub,0.25,30,12,40,1730,10,0,30,1730,0.25,0.0,1.0,0.0,0.1737991882996125
ni_tfnbs,"e=0.5,h=2.0,n=30,start_thres=1.25",hub,0.25,30,12,40,1730,8,0,32,1730,0.2,0.0,1.0,0.0,0.1737991882996125
ni_tfnbs,"e=0.5,h=3.0,n=30,start_thres=1.25",hub,0.25,30,12,40,1730,5,0,35,1730,0.125,0.0,1.0,0.0,0.1737991882996125
ni_tfnbs,"e=0.5,h=4.0,n=30,start_thres=1.25",hub,0.25,30,12,40,1730,4,0,36,1730,0.1,0.0,1.0,0.0,0.1737991882996125
ni_tfnbs,"e=0.5,h=5.0,n=30,start_thres=1.25",hub,0.25,30,12,40,1730,4,0,36,1730,0.1,0.0,1.0,0.0,0.1737991882996125
ni_tfnbs,"e=0.5,h=6.0,n=30,start_thres=1.25",hub,0.25,30,12,40,1730,4,0,36,1730,0.1,0.0,1.0,0.0,0.1737991882996125
ni_tfnbs,"e=0.5,h=7.0,n=30,start_thres=1.25",hub,0.25,30,12,40,1730,4,0,36,1730,0.1,0.0,1.0,0.0,0.1737991882996125
ni_tfnbs,"e=0.5,h=8.0,n=30,start_thres=1.25",hub,0.25,30,12,40,1730,4,0,36,1730,0.1,0.0,1.0,0.0,0.1737991882996125
ni_tfnbs,"e=0.5,h=9.0,n=30,start_thres=1.25",hub,0.25,30,12,40,1730,4,0,36,1730,0.1,0.0,1.0,0.0,0.1737991882996125
ni_tfnbs,"e=0.5,h=10.0,n=30,start_thres=1.25",hub,0.25,30,12,40,1730,4,0,36,1730,0.1,0.0,1.0,0.0,0.1737991882996125
ni_tfnbs,"e=0.6,h=0.5,n=30,start_thres=1.25",hub,0.25,30,12,40,1730,15,1,25,1729,0.375,0.0005780346820809,0.9375,0.0625,0.1737991882996125
ni_tfnbs,"e=0.6,h=1.0,n=30,start_thres=1.25",hub,0.25,30,12,40,1730,14,0,26,1730,0.35,0.0,1.0,0.0,0.1737991882996125
ni_tfnbs,"e=0.6,h=2.0,n=30,start_thres=1.25",hub,0.25,30,12,40,1730,10,0,30,1730,0.25,0.0,1.0,0.0,0.1737991882996125
ni_tfnbs,"e=0.6,h=3.0,n=30,start_thres=1.25",hub,0.25,30,12,40,1730,8,0,32,1730,0.2,0.0,1.0,0.0,0.1737991882996125
ni_tfnbs,"e=0.6,h=4.0,n=30,start_thres=1.25",hub,0.25,30,12,40,1730,5,0,35,1730,0.125,0.0,1.0,0.0,0.1737991882996125
ni_tfnbs,"e=0.6,h=5.0,n=30,start_thres=1.25",hub,0.25,30,12,40,1730,4,0,36,1730,0.1,0.0,1.0,0.0,0.1737991882996125
ni_tfnbs,"e=0.6,h=6.0,n=30,start_thres=1.25",hub,0.25,30,12,40,1730,4,0,36,1730,0.1,0.0,1.0,0.0,0.1737991882996125
ni_tfnbs,"e=0.6,h=7.0,n=30,start_thres=1.25",hub,0.25,30,12,40,1730,4,0,36,1730,0.1,0.0,1.0,0.0,0.1737991882996125
ni_tfnbs,"e=0.6,h=8.0,n=30,start_thres=1.25",hub,0.25,30,12,40,1730,4,0,36,1730,0.1,0.0,1.0,0.0,0.1737991882996125
ni_tfnbs,"e=0.6,h=9.0,n=30,start_thres=1.25",hub,0.25,30,12,40,1730,4,0,36,1730,0.1,0.0,1.0,0.0,0.1737991882996125
ni_tfnbs,"e=0.6,h=10.0,n=30,start_thres=1.25",hub,0.25,30,12,40,1730,4,0,36,1730,0.1,0.0,1.0,0.0,0.1737991882996125
ni_tfnbs,"e=0.7,h=0.5,n=30,start_thres=1.25",hub,0.25,30,12,40,1730,16,2,24,1728,0.4,0.0011560693641618,0.8888888888888888,0.1111111111111111,0.1737991882996125
ni_tfnbs,"e=0.7,h=1.0,n=30,start_thres=1.25",hub,0.25,30,12,40,1730,16,1,24,1729,0.4,0.0005780346820809,0.9411764705882352,0.0588235294117647,0.1737991882996125
ni_tfnbs,"e=0.7,h=2.0,n=30,start_thres=1.25",hub,0.25,30,12,40,1730,14,0,26,1730,0.35,0.0,1.0,0.0,0.1737991882996125
ni_tfnbs,"e=0.7,h=3.0,n=30,start_thres=1.25",hub,0.25,30,12,40,1730,10,0,30,1730,0.25,0.0,1.0,0.0,0.1737991882996125
ni_tfnbs,"e=0.7,h=4.0,n=30,start_thres=1.25",hub,0.25,30,12,40,1730,8,0,32,1730,0.2,0.0,1.0,0.0,0.1737991882996125
ni_tfnbs,"e=0.7,h=5.0,n=30,start_thres=1.25",hub,0.25,30,12,40,1730,5,0,35,1730,0.125,0.0,1.0,0.0,0.1737991882996125
ni_tfnbs,"e=0.7,h=6.0,n=30,start_thres=1.25",hub,0.25,30,12,40,1730,4,0,36,1730,0.1,0.0,1.0,0.0,0.1737991882996125
ni_tfnbs,"e=0.7,h=7.0,n=30,start_thres=1.25",hub,0.25,30,12,40,1730,4,0,36,1730,0.1,0.0,1.0,0.0,0.1737991882996125
ni_tfnbs,"e=0.7,h=8.0,n=30,start_thres=1.25",hub,0.25,30,12,40,1730,4,0,36,1730,0.1,0.0,1.0,0.0,0.1737991882996125
ni_tfnbs,"e=0.7,h=9.0,n=30,start_thres=1.25",hub,0.25,30,12,40,1730,4,0,36,1730,0.1,0.0,1.0,0.0,0.1737991882996125
ni_tfnbs,"e=0.7,h=10.0,n=30,start_thres=1.25",hub,0.25,30,12,40,1730,4,0,36,1730,0.1,0.0,1.0,0.0,0.1737991882996125
ni_tfnbs,"e=0.8,h=0.5,n=30,start_thres=1.25",hub,0.25,30,12,40,1730,16,2,24,1728,0.4,0.0011560693641618,0.8888888888888888,0.1111111111111111,0.1737991882996125
ni_tfnbs,"e=0.8,h=1.0,n=30,start_thres=1.25",hub,0.25,30,12,40,1730,16,2,24,1728,0.4,0.0011560693641618,0.8888888888888888,0.1111111111111111,0.1737991882996125
ni_tfnbs,"e=0.8,h=2.0,n=30,start_thres=1.25",hub,0.25,30,12,40,1730,16,1,24,1729,0.4,0.0005780346820809,0.9411764705882352,0.0588235294117647,0.1737991882996125
ni_tfnbs,"e=0.8,h=3.0,n=30,start_thres=1.25",hub,0.25,30,12,40,1730,13,0,27,1730,0.325,0.0,1.0,0.0,0.1737991882996125
ni_tfnbs,"e=0.8,h=4.0,n=30,start_thres=1.25",hub,0.25,30,12,40,1730,10,0,30,1730,0.25,0.0,1.0,0.0,0.1737991882996125
ni_tfnbs,"e=0.8,h=5.0,n=30,start_thres=1.25",hub,0.25,30,12,40,1730,7,0,33,1730,0.175,0.0,1.0,0.0,0.1737991882996125
ni_tfnbs,"e=0.8,h=6.0,n=30,start_thres=1.25",hub,0.25,30,12,40,1730,5,0,35,1730,0.125,0.0,1.0,0.0,0.1737991882996125
ni_tfnbs,"e=0.8,h=7.0,n=30,start_thres=1.25",hub,0.25,30,12,40,1730,4,0,36,1730,0.1,0.0,1.0,0.0,0.1737991882996125
ni_tfnbs,"e=0.8,h=8.0,n=30,start_thres=1.25",hub,0.25,30,12,40,1730,4,0,36,1730,0.1,0.0,1.0,0.0,0.1737991882996125
ni_tfnbs,"e=0.8,h=9.0,n=30,start_thres=1.25",hub,0.25,30,12,40,1730,4,0,36,1730,0.1,0.0,1.0,0.0,0.1737991882996125
ni_tfnbs,"e=0.8,h=10.0,n=30,start_thres=1.25",hub,0.25,30,12,40,1730,4,0,36,1730,0.1,0.0,1.0,0.0,0.1737991882996125
ni_tfnbs,"e=0.9,h=0.5,n=30,start_thres=1.25",hub,0.25,30,12,40,1730,16,2,24,1728,0.4,0.0011560693641618,0.8888888888888888,0.1111111111111111,0.1737991882996125
ni_tfnbs,"e=0.9,h=1.0,n=30,start_thres=1.25",hub,0.25,30,12,40,1730,16,2,24,1728,0.4,0.0011560693641618,0.8888888888888888,0.1111111111111111,0.1737991882996125
ni_tfnbs,"e=0.9,h=2.0,n=30,start_thres=1.25",hub,0.25,30,12,40,1730,17,2,23,1728,0.425,0.0011560693641618,0.8947368421052632,0.1052631578947368,0.1737991882996125
ni_tfnbs,"e=0.9,h=3.0,n=30,start_thres=1.25",hub,0.25,30,12,40,1730,15,1,25,1729,0.375,0.0005780346820809,0.9375,0.0625,0.1737991882996125
ni_tfnbs,"e=0.9,h=4.0,n=30,start_thres=1.25",hub,0.25,30,12,40,1730,12,0,28,1730,0.3,0.0,1.0,0.0,0.1737991882996125
ni_tfnbs,"e=0.9,h=5.0,n=30,start_thres=1.25",hub,0.25,30,12,40,1730,10,0,30,1730,0.25,0.0,1.0,0.0,0.1737991882996125
ni_tfnbs,"e=0.9,h=6.0,n=30,start_thres=1.25",hub,0.25,30,12,40,1730,7,0,33,1730,0.175,0.0,1.0,0.0,0.1737991882996125
ni_tfnbs,"e=0.9,h=7.0,n=30,start_thres=1.25",hub,0.25,30,12,40,1730,5,0,35,1730,0.125,0.0,1.0,0.0,0.1737991882996125
ni_tfnbs,"e=0.9,h=8.0,n=30,start_thres=1.25",hub,0.25,30,12,40,1730,4,0,36,1730,0.1,0.0,1.0,0.0,0.1737991882996125
ni_tfnbs,"e=0.9,h=9.0,n=30,start_thres=1.25",hub,0.25,30,12,40,1730,4,0,36,1730,0.1,0.0,1.0,0.0,0.1737991882996125
ni_tfnbs,"e=0.9,h=10.0,n=30,start_thres=1.25",hub,0.25,30,12,40,1730,4,0,36,1730,0.1,0.0,1.0,0.0,0.1737991882996125
ni_tfnbs,"e=1.0,h=0.5,n=30,start_thres=1.25",hub,0.25,30,12,40,1730,16,2,24,1728,0.4,0.0011560693641618,0.8888888888888888,0.1111111111111111,0.1737991882996125
ni_tfnbs,"e=1.0,h=1.0,n=30,start_thres=1.25",hub,0.25,30,12,40,1730,16,2,24,1728,0.4,0.0011560693641618,0.8888888888888888,0.1111111111111111,0.1737991882996125
ni_tfnbs,"e=1.0,h=2.0,n=30,start_thres=1.25",hub,0.25,30,12,40,1730,16,2,24,1728,0.4,0.0011560693641618,0.8888888888888888,0.1111111111111111,0.1737991882996125
ni_tfnbs,"e=1.0,h=3.0,n=30,start_thres=1.25",hub,0.25,30,12,40,1730,16,2,24,1728,0.4,0.0011560693641618,0.8888888888888888,0.1111111111111111,0.1737991882996125
ni_tfnbs,"e=1.0,h=4.0,n=30,start_thres=1.25",hub,0.25,30,12,40,1730,15,1,25,1729,0.375,0.0005780346820809,0.9375,0.0625,0.1737991882996125
ni_tfnbs,"e=1.0,h=5.0,n=30,start_thres=1.25",hub,0.25,30,12,40,1730,12,0,28,1730,0.3,0.0,1.0,0.0,0.1737991882996125
ni_tfnbs,"e=1.0,h=6.0,n=30,start_thres=1.25",hub,0.25,30,12,40,1730,10,0,30,1730,0.25,0.0,1.0,0.0,0.1737991882996125
ni_tfnbs,"e=1.0,h=7.0,n=30,start_thres=1.25",hub,0.25,30,12,40,1730,7,0,33,1730,0.175,0.0,1.0,0.0,0.1737991882996125
ni_tfnbs,"e=1.0,h=8.0,n=30,start_thres=1.25",hub,0.25,30,12,40,1730,4,0,36,1730,0.1,0.0,1.0,0.0,0.1737991882996125
ni_tfnbs,"e=1.0,h=9.0,n=30,start_thres=1.25",hub,0.25,30,12,40,1730,4,0,36,1730,0.1,0.0,1.0,0.0,0.1737991882996125
ni_tfnbs,"e=1.0,h=10.0,n=30,start_thres=1.25",hub,0.25,30,12,40,1730,4,0,36,1730,0.1,0.0,1.0,0.0,0.1737991882996125
ni_tfnbs,"e=1.1,h=0.5,n=30,start_thres=1.25",hub,0.25,30,12,40,1730,17,4,23,1726,0.425,0.0023121387283236,0.8095238095238095,0.1904761904761904,0.1737991882996125
ni_tfnbs,"e=1.1,h=1.0,n=30,start_thres=1.25",hub,0.25,30,12,40,1730,17,4,23,1726,0.425,0.0023121387283236,0.8095238095238095,0.1904761904761904,0.1737991882996125
ni_tfnbs,"e=1.1,h=2.0,n=30,start_thres=1.25",hub,0.25,30,12,40,1730,17,3,23,1727,0.425,0.0017341040462427,0.85,0.15,0.1737991882996125
ni_tfnbs,"e=1.1,h=3.0,n=30,start_thres=1.25",hub,0.25,30,12,40,1730,16,2,24,1728,0.4,0.0011560693641618,0.8888888888888888,0.1111111111111111,0.1737991882996125
ni_tfnbs,"e=1.1,h=4.0,n=30,start_thres=1.25",hub,0.25,30,12,40,1730,16,1,24,1729,0.4,0.0005780346820809,0.9411764705882352,0.0588235294117647,0.1737991882996125
ni_tfnbs,"e=1.1,h=5.0,n=30,start_thres=1.25",hub,0.25,30,12,40,1730,13,0,27,1730,0.325,0.0,1.0,0.0,0.1737991882996125
ni_tfnbs,"e=1.1,h=6.0,n=30,start_thres=1.25",hub,0.25,30,12,40,1730,10,0,30,1730,0.25,0.0,1.0,0.0,0.1737991882996125
ni_tfnbs,"e=1.1,h=7.0,n=30,start_thres=1.25",hub,0.25,30,12,40,1730,7,0,33,1730,0.175,0.0,1.0,0.0,0.1737991882996125
ni_tfnbs,"e=1.1,h=8.0,n=30,start_thres=1.25",hub,0.25,30,12,40,1730,5,0,35,1730,0.125,0.0,1.0,0.0,0.1737991882996125
ni_tfnbs,"e=1.1,h=9.0,n=30,start_thres=1.25",hub,0.25,30,12,40,1730,4,0,36,1730,0.1,0.0,1.0,0.0,0.1737991882996125
ni_tfnbs,"e=1.1,h=10.0,n=30,start_thres=1.25",hub,0.25,30,12,40,1730,4,0,36,1730,0.1,0.0,1.0,0.0,0.1737991882996125
ni_tfnbs,"e=1.2,h=0.5,n=30,start_thres=1.25",hub,0.25,30,12,40,1730,17,4,23,1726,0.425,0.0023121387283236,0.8095238095238095,0.1904761904761904,0.1737991882996125
ni_tfnbs,"e=1.2,h=1.0,n=30,start_thres=1.25",hub,0.25,30,12,40,1730,17,4,23,1726,0.425,0.0023121387283236,0.8095238095238095,0.1904761904761904,0.1737991882996125
ni_tfnbs,"e=1.2,h=2.0,n=30,start_thres=1.25",hub,0.25,30,12,40,1730,17,4,23,1726,0.425,0.0023121387283236,0.8095238095238095,0.1904761904761904,0.1737991882996125
ni_tfnbs,"e=1.2,h=3.0,n=30,start_thres=1.25",hub,0.25,30,12,40,1730,17,3,23,1727,0.425,0.0017341040462427,0.85,0.15,0.1737991882996125
ni_tfnbs,"e=1.2,h=4.0,n=30,start_thres=1.25",hub,0.25,30,12,40,1730,16,2,24,1728,0.4,0.0011560693641618,0.8888888888888888,0.1111111111111111,0.1737991882996125
ni_tfnbs,"e=1.2,h=5.0,n=30,start_thres=1.25",hub,0.25,30,12,40,1730,15,1,25,1729,0.375,0.0005780346820809,0.9375,0.0625,0.1737991882996125
ni_tfnbs,"e=1.2,h=6.0,n=30,start_thres=1.25",hub,0.25,30,12,40,1730,12,0,28,1730,0.3,0.0,1.0,0.0,0.1737991882996125
ni_tfnbs,"e=1.2,h=7.0,n=30,start_thres=1.25",hub,0.25,30,12,40,1730,10,0,30,1730,0.25,0.0,1.0,0.0,0.1737991882996125
ni_tfnbs,"e=1.2,h=8.0,n=30,start_thres=1.25",hub,0.25,30,12,40,1730,7,0,33,1730,0.175,0.0,1.0,0.0,0.1737991882996125
ni_tfnbs,"e=1.2,h=9.0,n=30,start_thres=1.25",hub,0.25,30,12,40,1730,5,0,35,1730,0.125,0.0,1.0,0.0,0.1737991882996125
ni_tfnbs,"e=1.2,h=10.0,n=30,start_thres=1.25",hub,0.25,30,12,40,1730,4,0,36,1730,0.1,0.0,1.0,0.0,0.1737991882996125
ni_tfnbs,"e=1.3,h=0.5,n=30,start_thres=1.25",hub,0.25,30,12,40,1730,17,4,23,1726,0.425,0.0023121387283236,0.8095238095238095,0.1904761904761904,0.1737991882996125
ni_tfnbs,"e=1.3,h=1.0,n=30,start_thres=1.25",hub,0.25,30,12,40,1730,17,4,23,1726,0.425,0.0023121387283236,0.8095238095238095,0.1904761904761904,0.1737991882996125
ni_tfnbs,"e=1.3,h=2.0,n=30,start_thres=1.25",hub,0.25,30,12,40,1730,17,4,23,1726,0.425,0.0023121387283236,0.8095238095238095,0.1904761904761904,0.1737991882996125
ni_tfnbs,"e=1.3,h=3.0,n=30,start_thres=1.25",hub,0.25,30,12,40,1730,17,4,23,1726,0.425,0.0023121387283236,0.8095238095238095,0.1904761904761904,0.1737991882996125
ni_tfnbs,"e=1.3,h=4.0,n=30,start_thres=1.25",hub,0.25,30,12,40,1730,16,2,24,1728,0.4,0.0011560693641618,0.8888888888888888,0.1111111111111111,0.1737991882996125
ni_tfnbs,"e=1.3,h=5.0,n=30,start_thres=1.25",hub,0.25,30,12,40,1730,16,2,24,1728,0.4,0.0011560693641618,0.8888888888888888,0.1111111111111111,0.1737991882996125
ni_tfnbs,"e=1.3,h=6.0,n=30,start_thres=1.25",hub,0.25,30,12,40,1730,13,0,27,1730,0.325,0.0,1.0,0.0,0.1737991882996125
ni_tfnbs,"e=1.3,h=7.0,n=30,start_thres=1.25",hub,0.25,30,12,40,1730,12,0,28,1730,0.3,0.0,1.0,0.0,0.1737991882996125
ni_tfnbs,"e=1.3,h=8.0,n=30,start_thres=1.25",hub,0.25,30,12,40,1730,10,0,30,1730,0.25,0.0,1.0,0.0,0.1737991882996125
ni_tfnbs,"e=1.3,h=9.0,n=30,start_thres=1.25",hub,0.25,30,12,40,1730,7,0,33,1730,0.175,0.0,1.0,0.0,0.1737991882996125
ni_tfnbs,"e=1.3,h=10.0,n=30,start_thres=1.25",hub,0.25,30,12,40,1730,5,0,35,1730,0.125,0.0,1.0,0.0,0.1737991882996125
ni_tfnbs,"e=1.4,h=0.5,n=30,start_thres=1.25",hub,0.25,30,12,40,1730,18,5,22,1725,0.45,0.0028901734104046,0.782608695652174,0.217391304347826,0.1737991882996125
ni_tfnbs,"e=1.4,h=1.0,n=30,start_thres=1.25",hub,0.25,30,12,40,1730,18,5,22,1725,0.45,0.0028901734104046,0.782608695652174,0.217391304347826,0.1737991882996125
ni_tfnbs,"e=1.4,h=2.0,n=30,start_thres=1.25",hub,0.25,30,12,40,1730,18,5,22,1725,0.45,0.0028901734104046,0.782608695652174,0.217391304347826,0.1737991882996125
ni_tfnbs,"e=1.4,h=3.0,n=30,start_thres=1.25",hub,0.25,30,12,40,1730,17,4,23,1726,0.425,0.0023121387283236,0.8095238095238095,0.1904761904761904,0.1737991882996125
ni_tfnbs,"e=1.4,h=4.0,n=30,start_thres=1.25",hub,0.25,30,12,40,1730,17,3,23,1727,0.425,0.0017341040462427,0.85,0.15,0.1737991882996125
ni_tfnbs,"e=1.4,h=5.0,n=30,start_thres=1.25",hub,0.25,30,12,40,1730,16,2,24,1728,0.4,0.0011560693641618,0.8888888888888888,0.1111111111111111,0.1737991882996125
ni_tfnbs,"e=1.4,h=6.0,n=30,start_thres=1.25",hub,0.25,30,12,40,1730,15,1,25,1729,0.375,0.0005780346820809,0.9375,0.0625,0.1737991882996125
ni_tfnbs,"e=1.4,h=7.0,n=30,start_thres=1.25",hub,0.25,30,12,40,1730,12,0,28,1730,0.3,0.0,1.0,0.0,0.1737991882996125
ni_tfnbs,"e=1.4,h=8.0,n=30,start_thres=1.25",hub,0.25,30,12,40,1730,10,0,30,1730,0.25,0.0,1.0,0.0,0.1737991882996125
ni_tfnbs,"e=1.4,h=9.0,n=30,start_thres=1.25",hub,0.25,30,12,40,1730,9,0,31,1730,0.225,0.0,1.0,0.0,0.1737991882996125
ni_tfnbs,"e=1.4,h=10.0,n=30,start_thres=1.25",hub,0.25,30,12,40,1730,7,0,33,1730,0.175,0.0,1.0,0.0,0.1737991882996125
ni_tfnbs,"e=1.5,h=0.5,n=30,start_thres=1.25",hub,0.25,30,12,40,1730,18,5,22,1725,0.45,0.0028901734104046,0.782608695652174,0.217391304347826,0.1737991882996125
ni_tfnbs,"e=1.5,h=1.0,n=30,start_thres=1.25",hub,0.25,30,12,40,1730,18,5,22,1725,0.45,0.0028901734104046,0.782608695652174,0.217391304347826,0.1737991882996125
ni_tfnbs,"e=1.5,h=2.0,n=30,start_thres=1.25",hub,0.25,30,12,40,1730,19,6,21,1724,0.475,0.0034682080924855,0.76,0.24,0.1737991882996125
ni_tfnbs,"e=1.5,h=3.0,n=30,start_thres=1.25",hub,0.25,30,12,40,1730,18,5,22,1725,0.45,0.0028901734104046,0.782608695652174,0.217391304347826,0.1737991882996125
ni_tfnbs,"e=1.5,h=4.0,n=30,start_thres=1.25",hub,0.25,30,12,40,1730,18,5,22,1725,0.45,0.0028901734104046,0.782608695652174,0.217391304347826,0.1737991882996125
ni_tfnbs,"e=1.5,h=5.0,n=30,start_thres=1.25",hub,0.25,30,12,40,1730,17,3,23,1727,0.425,0.0017341040462427,0.85,0.15,0.1737991882996125
ni_tfnbs,"e=1.5,h=6.0,n=30,start_thres=1.25",hub,0.25,30,12,40,1730,16,2,24,1728,0.4,0.0011560693641618,0.8888888888888888,0.1111111111111111,0.1737991882996125
ni_tfnbs,"e=1.5,h=7.0,n=30,start_thres=1.25",hub,0.25,30,12,40,1730,15,1,25,1729,0.375,0.0005780346820809,0.9375,0.0625,0.1737991882996125
ni_tfnbs,"e=1.5,h=8.0,n=30,start_thres=1.25",hub,0.25,30,12,40,1730,12,0,28,1730,0.3,0.0,1.0,0.0,0.1737991882996125
ni_tfnbs,"e=1.5,h=9.0,n=30,start_thres=1.25",hub,0.25,30,12,40,1730,10,0,30,1730,0.25,0.0,1.0,0.0,0.1737991882996125
ni_tfnbs,"e=1.5,h=10.0,n=30,start_thres=1.25",hub,0.25,30,12,40,1730,7,0,33,1730,0.175,0.0,1.0,0.0,0.1737991882996125
ni_tfnbs,"e=0.05,h=0.5,n=30,start_thres=1.25",hub,0.25,30,13,40,1730,4,0,36,1730,0.1,0.0,1.0,0.0,0.1796948665922338
ni_tfnbs,"e=0.05,h=1.0,n=30,start_thres=1.25",hub,0.25,30,13,40,1730,4,0,36,1730,0.1,0.0,1.0,0.0,0.1796948665922338
ni_tfnbs,"e=0.05,h=2.0,n=30,start_thres=1.25",hub,0.25,30,13,40,1730,4,0,36,1730,0.1,0.0,1.0,0.0,0.1796948665922338
ni_tfnbs,"e=0.05,h=3.0,n=30,start_thres=1.25",hub,0.25,30,13,40,1730,4,0,36,1730,0.1,0.0,1.0,0.0,0.1796948665922338
ni_tfnbs,"e=0.05,h=4.0,n=30,start_thres=1.25",hub,0.25,30,13,40,1730,4,0,36,1730,0.1,0.0,1.0,0.0,0.1796948665922338
ni_tfnbs,"e=0.05,h=5.0,n=30,start_thres=1.25",hub,0.25,30,13,40,1730,4,0,36,1730,0.1,0.0,1.0,0.0,0.1796948665922338
ni_tfnbs,"e=0.05,h=6.0,n=30,start_thres=1.25",hub,0.25,30,13,40,1730,4,0,36,1730,0.1,0.0,1.0,0.0,0.1796948665922338
ni_tfnbs,"e=0.05,h=7.0,n=30,start_thres=1.25",hub,0.25,30,13,40,1730,4,0,36,1730,0.1,0.0,1.0,0.0,0.1796948665922338
ni_tfnbs,"e=0.05,h=8.0,n=30,start_thres=1.25",hub,0.25,30,13,40,1730,4,0,36,1730,0.1,0.0,1.0,0.0,0.1796948665922338
ni_tfnbs,"e=0.05,h=9.0,n=30,start_thres=1.25",hub,0.25,30,13,40,1730,4,0,36,1730,0.1,0.0,1.0,0.0,0.1796948665922338
ni_tfnbs,"e=0.05,h=10.0,n=30,start_thres=1.25",hub,0.25,30,13,40,1730,4,0,36,1730,0.1,0.0,1.0,0.0,0.1796948665922338
ni_tfnbs,"e=0.1,h=0.5,n=30,start_thres=1.25",hub,0.25,30,13,40,1730,4,0,36,1730,0.1,0.0,1.0,0.0,0.1796948665922338
ni_tfnbs,"e=0.1,h=1.0,n=30,start_thres=1.25",hub,0.25,30,13,40,1730,4,0,36,1730,0.1,0.0,1.0,0.0,0.1796948665922338
ni_tfnbs,"e=0.1,h=2.0,n=30,start_thres=1.25",hub,0.25,30,13,40,1730,4,0,36,1730,0.1,0.0,1.0,0.0,0.1796948665922338
ni_tfnbs,"e=0.1,h=3.0,n=30,start_thres=1.25",hub,0.25,30,13,40,1730,4,0,36,1730,0.1,0.0,1.0,0.0,0.1796948665922338
ni_tfnbs,"e=0.1,h=4.0,n=30,start_thres=1.25",hub,0.25,30,13,40,1730,4,0,36,1730,0.1,0.0,1.0,0.0,0.1796948665922338
ni_tfnbs,"e=0.1,h=5.0,n=30,start_thres=1.25",hub,0.25,30,13,40,1730,4,0,36,1730,0.1,0.0,1.0,0.0,0.1796948665922338
ni_tfnbs,"e=0.1,h=6.0,n=30,start_thres=1.25",hub,0.25,30,13,40,1730,4,0,36,1730,0.1,0.0,1.0,0.0,0.1796948665922338
ni_tfnbs,"e=0.1,h=7.0,n=30,start_thres=1.25",hub,0.25,30,13,40,1730,4,0,36,1730,0.1,0.0,1.0,0.0,0.1796948665922338
ni_tfnbs,"e=0.1,h=8.0,n=30,start_thres=1.25",hub,0.25,30,13,40,1730,4,0,36,1730,0.1,0.0,1.0,0.0,0.1796948665922338
ni_tfnbs,"e=0.1,h=9.0,n=30,start_thres=1.25",hub,0.25,30,13,40,1730,4,0,36,1730,0.1,0.0,1.0,0.0,0.1796948665922338
ni_tfnbs,"e=0.1,h=10.0,n=30,start_thres=1.25",hub,0.25,30,13,40,1730,4,0,36,1730,0.1,0.0,1.0,0.0,0.1796948665922338
ni_tfnbs,"e=0.2,h=0.5,n=30,start_thres=1.25",hub,0.25,30,13,40,1730,8,1,32,1729,0.2,0.0005780346820809,0.8888888888888888,0.1111111111111111,0.1796948665922338
ni_tfnbs,"e=0.2,h=1.0,n=30,start_thres=1.25",hub,0.25,30,13,40,1730,6,0,34,1730,0.15,0.0,1.0,0.0,0.1796948665922338
ni_tfnbs,"e=0.2,h=2.0,n=30,start_thres=1.25",hub,0.25,30,13,40,1730,6,0,34,1730,0.15,0.0,1.0,0.0,0.1796948665922338
ni_tfnbs,"e=0.2,h=3.0,n=30,start_thres=1.25",hub,0.25,30,13,40,1730,4,0,36,1730,0.1,0.0,1.0,0.0,0.1796948665922338
ni_tfnbs,"e=0.2,h=4.0,n=30,start_thres=1.25",hub,0.25,30,13,40,1730,4,0,36,1730,0.1,0.0,1.0,0.0,0.1796948665922338
ni_tfnbs,"e=0.2,h=5.0,n=30,start_thres=1.25",hub,0.25,30,13,40,1730,4,0,36,1730,0.1,0.0,1.0,0.0,0.1796948665922338
ni_tfnbs,"e=0.2,h=6.0,n=30,start_thres=1.25",hub,0.25,30,13,40,1730,4,0,36,1730,0.1,0.0,1.0,0.0,0.1796948665922338
ni_tfnbs,"e=0.2,h=7.0,n=30,start_thres=1.25",hub,0.25,30,13,40,1730,4,0,36,1730,0.1,0.0,1.0,0.0,0.1796948665922338
ni_tfnbs,"e=0.2,h=8.0,n=30,start_thres=1.25",hub,0.25,30,13,40,1730,4,0,36,1730,0.1,0.0,1.0,0.0,0.1796948665922338
ni_tfnbs,"e=0.2,h=9.0,n=30,start_thres=1.25",hub,0.25,30,13,40,1730,4,0,36,1730,0.1,0.0,1.0,0.0,0.1796948665922338
ni_tfnbs,"e=0.2,h=10.0,n=30,start_thres=1.25",hub,0.25,30,13,40,1730,4,0,36,1730,0.1,0.0,1.0,0.0,0.1796948665922338
ni_tfnbs,"e=0.3,h=0.5,n=30,start_thres=1.25",hub,0.25,30,13,40,1730,8,3,32,1727,0.2,0.0017341040462427,0.7272727272727273,0.2727272727272727,0.1796948665922338
ni_tfnbs,"e=0.3,h=1.0,n=30,start_thres=1.25",hub,0.25,30,13,40,1730,8,3,32,1727,0.2,0.0017341040462427,0.7272727272727273,0.2727272727272727,0.1796948665922338
ni_tfnbs,"e=0.3,h=2.0,n=30,start_thres=1.25",hub,0.25,30,13,40,1730,8,1,32,1729,0.2,0.0005780346820809,0.8888888888888888,0.1111111111111111,0.1796948665922338
ni_tfnbs,"e=0.3,h=3.0,n=30,start_thres=1.25",hub,0.25,30,13,40,1730,6,0,34,1730,0.15,0.0,1.0,0.0,0.1796948665922338
ni_tfnbs,"e=0.3,h=4.0,n=30,start_thres=1.25",hub,0.25,30,13,40,1730,6,0,34,1730,0.15,0.0,1.0,0.0,0.1796948665922338
ni_tfnbs,"e=0.3,h=5.0,n=30,start_thres=1.25",hub,0.25,30,13,40,1730,4,0,36,1730,0.1,0.0,1.0,0.0,0.1796948665922338
ni_tfnbs,"e=0.3,h=6.0,n=30,start_thres=1.25",hub,0.25,30,13,40,1730,4,0,36,1730,0.1,0.0,1.0,0.0,0.1796948665922338
ni_tfnbs,"e=0.3,h=7.0,n=30,start_thres=1.25",hub,0.25,30,13,40,1730,4,0,36,1730,0.1,0.0,1.0,0.0,0.1796948665922338
ni_tfnbs,"e=0.3,h=8.0,n=30,start_thres=1.25",hub,0.25,30,13,40,1730,4,0,36,1730,0.1,0.0,1.0,0.0,0.1796948665922338
ni_tfnbs,"e=0.3,h=9.0,n=30,start_thres=1.25",hub,0.25,30,13,40,1730,4,0,36,1730,0.1,0.0,1.0,0.0,0.1796948665922338
ni_tfnbs,"e=0.3,h=10.0,n=30,start_thres=1.25",hub,0.25,30,13,40,1730,4,0,36,1730,0.1,0.0,1.0,0.0,0.1796948665922338
ni_tfnbs,"e=0.4,h=0.5,n=30,start_thres=1.25",hub,0.25,30,13,40,1730,9,4,31,1726,0.225,0.0023121387283236,0.6923076923076923,0.3076923076923077,0.1796948665922338
ni_tfnbs,"e=0.4,h=1.0,n=30,start_thres=1.25",hub,0.25,30,13,40,1730,9,4,31,1726,0.225,0.0023121387283236,0.6923076923076923,0.3076923076923077,0.1796948665922338
ni_tfnbs,"e=0.4,h=2.0,n=30,start_thres=1.25",hub,0.25,30,13,40,1730,8,3,32,1727,0.2,0.0017341040462427,0.7272727272727273,0.2727272727272727,0.1796948665922338
ni_tfnbs,"e=0.4,h=3.0,n=30,start_thres=1.25",hub,0.25,30,13,40,1730,8,1,32,1729,0.2,0.0005780346820809,0.8888888888888888,0.1111111111111111,0.1796948665922338
ni_tfnbs,"e=0.4,h=4.0,n=30,start_thres=1.25",hub,0.25,30,13,40,1730,8,1,32,1729,0.2,0.0005780346820809,0.8888888888888888,0.1111111111111111,0.1796948665922338
ni_tfnbs,"e=0.4,h=5.0,n=30,start_thres=1.25",hub,0.25,30,13,40,1730,5,0,35,1730,0.125,0.0,1.0,0.0,0.1796948665922338
ni_tfnbs,"e=0.4,h=6.0,n=30,start_thres=1.25",hub,0.25,30,13,40,1730,4,0,36,1730,0.1,0.0,1.0,0.0,0.1796948665922338
ni_tfnbs,"e=0.4,h=7.0,n=30,start_thres=1.25",hub,0.25,30,13,40,1730,4,0,36,1730,0.1,0.0,1.0,0.0,0.1796948665922338
ni_tfnbs,"e=0.4,h=8.0,n=30,start_thres=1.25",hub,0.25,30,13,40,1730,4,0,36,1730,0.1,0.0,1.0,0.0,0.1796948665922338
ni_tfnbs,"e=0.4,h=9.0,n=30,start_thres=1.25",hub,0.25,30,13,40,1730,4,0,36,1730,0.1,0.0,1.0,0.0,0.1796948665922338
ni_tfnbs,"e=0.4,h=10.0,n=30,start_thres=1.25",hub,0.25,30,13,40,1730,4,0,36,1730,0.1,0.0,1.0,0.0,0.1796948665922338
ni_tfnbs,"e=0.5,h=0.5,n=30,start_thres=1.25",hub,0.25,30,13,40,1730,12,6,28,1724,0.3,0.0034682080924855,0.6666666666666666,0.3333333333333333,0.1796948665922338
ni_tfnbs,"e=0.5,h=1.0,n=30,start_thres=1.25",hub,0.25,30,13,40,1730,11,4,29,1726,0.275,0.0023121387283236,0.7333333333333333,0.2666666666666666,0.1796948665922338
ni_tfnbs,"e=0.5,h=2.0,n=30,start_thres=1.25",hub,0.25,30,13,40,1730,9,4,31,1726,0.225,0.0023121387283236,0.6923076923076923,0.3076923076923077,0.1796948665922338
ni_tfnbs,"e=0.5,h=3.0,n=30,start_thres=1.25",hub,0.25,30,13,40,1730,8,3,32,1727,0.2,0.0017341040462427,0.7272727272727273,0.2727272727272727,0.1796948665922338
ni_tfnbs,"e=0.5,h=4.0,n=30,start_thres=1.25",hub,0.25,30,13,40,1730,8,1,32,1729,0.2,0.0005780346820809,0.8888888888888888,0.1111111111111111,0.1796948665922338
ni_tfnbs,"e=0.5,h=5.0,n=30,start_thres=1.25",hub,0.25,30,13,40,1730,8,1,32,1729,0.2,0.0005780346820809,0.8888888888888888,0.1111111111111111,0.1796948665922338
ni_tfnbs,"e=0.5,h=6.0,n=30,start_thres=1.25",hub,0.25,30,13,40,1730,8,1,32,1729,0.2,0.0005780346820809,0.8888888888888888,0.1111111111111111,0.1796948665922338
ni_tfnbs,"e=0.5,h=7.0,n=30,start_thres=1.25",hub,0.25,30,13,40,1730,5,0,35,1730,0.125,0.0,1.0,0.0,0.1796948665922338
ni_tfnbs,"e=0.5,h=8.0,n=30,start_thres=1.25",hub,0.25,30,13,40,1730,4,0,36,1730,0.1,0.0,1.0,0.0,0.1796948665922338
ni_tfnbs,"e=0.5,h=9.0,n=30,start_thres=1.25",hub,0.25,30,13,40,1730,4,0,36,1730,0.1,0.0,1.0,0.0,0.1796948665922338
ni_tfnbs,"e=0.5,h=10.0,n=30,start_thres=1.25",hub,0.25,30,13,40,1730,4,0,36,1730,0.1,0.0,1.0,0.0,0.1796948665922338
ni_tfnbs,"e=0.6,h=0.5,n=30,start_thres=1.25",hub,0.25,30,13,40,1730,13,8,27,1722,0.325,0.0046242774566473,0.6190476190476191,0.3809523809523809,0.1796948665922338
ni_tfnbs,"e=0.6,h=1.0,n=30,start_thres=1.25",hub,0.25,30,13,40,1730,12,6,28,1724,0.3,0.0034682080924855,0.6666666666666666,0.3333333333333333,0.1796948665922338
ni_tfnbs,"e=0.6,h=2.0,n=30,start_thres=1.25",hub,0.25,30,13,40,1730,11,4,29,1726,0.275,0.0023121387283236,0.7333333333333333,0.2666666666666666,0.1796948665922338
ni_tfnbs,"e=0.6,h=3.0,n=30,start_thres=1.25",hub,0.25,30,13,40,1730,9,4,31,1726,0.225,0.0023121387283236,0.6923076923076923,0.3076923076923077,0.1796948665922338
ni_tfnbs,"e=0.6,h=4.0,n=30,start_thres=1.25",hub,0.25,30,13,40,1730,8,3,32,1727,0.2,0.0017341040462427,0.7272727272727273,0.2727272727272727,0.1796948665922338
ni_tfnbs,"e=0.6,h=5.0,n=30,start_thres=1.25",hub,0.25,30,13,40,1730,8,1,32,1729,0.2,0.0005780346820809,0.8888888888888888,0.1111111111111111,0.1796948665922338
ni_tfnbs,"e=0.6,h=6.0,n=30,start_thres=1.25",hub,0.25,30,13,40,1730,8,1,32,1729,0.2,0.0005780346820809,0.8888888888888888,0.1111111111111111,0.1796948665922338
ni_tfnbs,"e=0.6,h=7.0,n=30,start_thres=1.25",hub,0.25,30,13,40,1730,7,1,33,1729,0.175,0.0005780346820809,0.875,0.125,0.1796948665922338
ni_tfnbs,"e=0.6,h=8.0,n=30,start_thres=1.25",hub,0.25,30,13,40,1730,5,0,35,1730,0.125,0.0,1.0,0.0,0.1796948665922338
ni_tfnbs,"e=0.6,h=9.0,n=30,start_thres=1.25",hub,0.25,30,13,40,1730,4,0,36,1730,0.1,0.0,1.0,0.0,0.1796948665922338
ni_tfnbs,"e=0.6,h=10.0,n=30,start_thres=1.25",hub,0.25,30,13,40,1730,4,0,36,1730,0.1,0.0,1.0,0.0,0.1796948665922338
ni_tfnbs,"e=0.7,h=0.5,n=30,start_thres=1.25",hub,0.25,30,13,40,1730,14,8,26,1722,0.35,0.0046242774566473,0.6363636363636364,0.3636363636363636,0.1796948665922338
ni_tfnbs,"e=0.7,h=1.0,n=30,start_thres=1.25",hub,0.25,30,13,40,1730,14,8,26,1722,0.35,0.0046242774566473,0.6363636363636364,0.3636363636363636,0.1796948665922338
ni_tfnbs,"e=0.7,h=2.0,n=30,start_thres=1.25",hub,0.25,30,13,40,1730,12,6,28,1724,0.3,0.0034682080924855,0.6666666666666666,0.3333333333333333,0.1796948665922338
ni_tfnbs,"e=0.7,h=3.0,n=30,start_thres=1.25",hub,0.25,30,13,40,1730,11,4,29,1726,0.275,0.0023121387283236,0.7333333333333333,0.2666666666666666,0.1796948665922338
ni_tfnbs,"e=0.7,h=4.0,n=30,start_thres=1.25",hub,0.25,30,13,40,1730,9,4,31,1726,0.225,0.0023121387283236,0.6923076923076923,0.3076923076923077,0.1796948665922338
ni_tfnbs,"e=0.7,h=5.0,n=30,start_thres=1.25",hub,0.25,30,13,40,1730,8,3,32,1727,0.2,0.0017341040462427,0.7272727272727273,0.2727272727272727,0.1796948665922338
ni_tfnbs,"e=0.7,h=6.0,n=30,start_thres=1.25",hub,0.25,30,13,40,1730,8,3,32,1727,0.2,0.0017341040462427,0.7272727272727273,0.2727272727272727,0.1796948665922338
ni_tfnbs,"e=0.7,h=7.0,n=30,start_thres=1.25",hub,0.25,30,13,40,1730,8,1,32,1729,0.2,0.0005780346820809,0.8888888888888888,0.1111111111111111,0.1796948665922338
ni_tfnbs,"e=0.7,h=8.0,n=30,start_thres=1.25",hub,0.25,30,13,40,1730,7,1,33,1729,0.175,0.0005780346820809,0.875,0.125,0.1796948665922338
ni_tfnbs,"e=0.7,h=9.0,n=30,start_thres=1.25",hub,0.25,30,13,40,1730,5,0,35,1730,0.125,0.0,1.0,0.0,0.1796948665922338
ni_tfnbs,"e=0.7,h=10.0,n=30,start_thres=1.25",hub,0.25,30,13,40,1730,4,0,36,1730,0.1,0.0,1.0,0.0,0.1796948665922338
ni_tfnbs,"e=0.8,h=0.5,n=30,start_thres=1.25",hub,0.25,30,13,40,1730,15,10,25,1720,0.375,0.0057803468208092,0.6,0.4,0.1796948665922338
ni_tfnbs,"e=0.8,h=1.0,n=30,start_thres=1.25",hub,0.25,30,13,40,1730,14,10,26,1720,0.35,0.0057803468208092,0.5833333333333334,0.4166666666666667,0.1796948665922338
ni_tfnbs,"e=0.8,h=2.0,n=30,start_thres=1.25",hub,0.25,30,13,40,1730,14,8,26,1722,0.35,0.0046242774566473,0.6363636363636364,0.3636363636363636,0.1796948665922338
ni_tfnbs,"e=0.8,h=3.0,n=30,start_thres=1.25",hub,0.25,30,13,40,1730,12,6,28,1724,0.3,0.0034682080924855,0.6666666666666666,0.3333333333333333,0.1796948665922338
ni_tfnbs,"e=0.8,h=4.0,n=30,start_thres=1.25",hub,0.25,30,13,40,1730,11,4,29,1726,0.275,0.0023121387283236,0.7333333333333333,0.2666666666666666,0.1796948665922338
ni_tfnbs,"e=0.8,h=5.0,n=30,start_thres=1.25",hub,0.25,30,13,40,1730,8,4,32,1726,0.2,0.0023121387283236,0.6666666666666666,0.3333333333333333,0.1796948665922338
ni_tfnbs,"e=0.8,h=6.0,n=30,start_thres=1.25",hub,0.25,30,13,40,1730,8,3,32,1727,0.2,0.0017341040462427,0.7272727272727273,0.2727272727272727,0.1796948665922338
ni_tfnbs,"e=0.8,h=7.0,n=30,start_thres=1.25",hub,0.25,30,13,40,1730,8,3,32,1727,0.2,0.0017341040462427,0.7272727272727273,0.2727272727272727,0.1796948665922338
ni_tfnbs,"e=0.8,h=8.0,n=30,start_thres=1.25",hub,0.25,30,13,40,1730,8,1,32,1729,0.2,0.0005780346820809,0.8888888888888888,0.1111111111111111,0.1796948665922338
ni_tfnbs,"e=0.8,h=9.0,n=30,start_thres=1.25",hub,0.25,30,13,40,1730,7,1,33,1729,0.175,0.0005780346820809,0.875,0.125,0.1796948665922338
ni_tfnbs,"e=0.8,h=10.0,n=30,start_thres=1.25",hub,0.25,30,13,40,1730,7,1,33,1729,0.175,0.0005780346820809,0.875,0.125,0.1796948665922338
ni_tfnbs,"e=0.9,h=0.5,n=30,start_thres=1.25",hub,0.25,30,13,40,1730,15,12,25,1718,0.375,0.006936416184971,0.5555555555555556,0.4444444444444444,0.1796948665922338
ni_tfnbs,"e=0.9,h=1.0,n=30,start_thres=1.25",hub,0.25,30,13,40,1730,15,10,25,1720,0.375,0.0057803468208092,0.6,0.4,0.1796948665922338
ni_tfnbs,"e=0.9,h=2.0,n=30,start_thres=1.25",hub,0.25,30,13,40,1730,14,8,26,1722,0.35,0.0046242774566473,0.6363636363636364,0.3636363636363636,0.1796948665922338
ni_tfnbs,"e=0.9,h=3.0,n=30,start_thres=1.25",hub,0.25,30,13,40,1730,14,8,26,1722,0.35,0.0046242774566473,0.6363636363636364,0.3636363636363636,0.1796948665922338
ni_tfnbs,"e=0.9,h=4.0,n=30,start_thres=1.25",hub,0.25,30,13,40,1730,12,6,28,1724,0.3,0.0034682080924855,0.6666666666666666,0.3333333333333333,0.1796948665922338
ni_tfnbs,"e=0.9,h=5.0,n=30,start_thres=1.25",hub,0.25,30,13,40,1730,9,4,31,1726,0.225,0.0023121387283236,0.6923076923076923,0.3076923076923077,0.1796948665922338
ni_tfnbs,"e=0.9,h=6.0,n=30,start_thres=1.25",hub,0.25,30,13,40,1730,8,4,32,1726,0.2,0.0023121387283236,0.6666666666666666,0.3333333333333333,0.1796948665922338
ni_tfnbs,"e=0.9,h=7.0,n=30,start_thres=1.25",hub,0.25,30,13,40,1730,8,4,32,1726,0.2,0.0023121387283236,0.6666666666666666,0.3333333333333333,0.1796948665922338
ni_tfnbs,"e=0.9,h=8.0,n=30,start_thres=1.25",hub,0.25,30,13,40,1730,8,3,32,1727,0.2,0.0017341040462427,0.7272727272727273,0.2727272727272727,0.1796948665922338
ni_tfnbs,"e=0.9,h=9.0,n=30,start_thres=1.25",hub,0.25,30,13,40,1730,8,1,32,1729,0.2,0.0005780346820809,0.8888888888888888,0.1111111111111111,0.1796948665922338
ni_tfnbs,"e=0.9,h=10.0,n=30,start_thres=1.25",hub,0.25,30,13,40,1730,7,1,33,1729,0.175,0.0005780346820809,0.875,0.125,0.1796948665922338
ni_tfnbs,"e=1.0,h=0.5,n=30,start_thres=1.25",hub,0.25,30,13,40,1730,14,12,26,1718,0.35,0.006936416184971,0.5384615384615384,0.4615384615384615,0.1796948665922338
ni_tfnbs,"e=1.0,h=1.0,n=30,start_thres=1.25",hub,0.25,30,13,40,1730,15,12,25,1718,0.375,0.006936416184971,0.5555555555555556,0.4444444444444444,0.1796948665922338
ni_tfnbs,"e=1.0,h=2.0,n=30,start_thres=1.25",hub,0.25,30,13,40,1730,15,10,25,1720,0.375,0.0057803468208092,0.6,0.4,0.1796948665922338
ni_tfnbs,"e=1.0,h=3.0,n=30,start_thres=1.25",hub,0.25,30,13,40,1730,14,8,26,1722,0.35,0.0046242774566473,0.6363636363636364,0.3636363636363636,0.1796948665922338
ni_tfnbs,"e=1.0,h=4.0,n=30,start_thres=1.25",hub,0.25,30,13,40,1730,13,8,27,1722,0.325,0.0046242774566473,0.6190476190476191,0.3809523809523809,0.1796948665922338
ni_tfnbs,"e=1.0,h=5.0,n=30,start_thres=1.25",hub,0.25,30,13,40,1730,12,6,28,1724,0.3,0.0034682080924855,0.6666666666666666,0.3333333333333333,0.1796948665922338
ni_tfnbs,"e=1.0,h=6.0,n=30,start_thres=1.25",hub,0.25,30,13,40,1730,9,4,31,1726,0.225,0.0023121387283236,0.6923076923076923,0.3076923076923077,0.1796948665922338
ni_tfnbs,"e=1.0,h=7.0,n=30,start_thres=1.25",hub,0.25,30,13,40,1730,8,4,32,1726,0.2,0.0023121387283236,0.6666666666666666,0.3333333333333333,0.1796948665922338
ni_tfnbs,"e=1.0,h=8.0,n=30,start_thres=1.25",hub,0.25,30,13,40,1730,8,4,32,1726,0.2,0.0023121387283236,0.6666666666666666,0.3333333333333333,0.1796948665922338
ni_tfnbs,"e=1.0,h=9.0,n=30,start_thres=1.25",hub,0.25,30,13,40,1730,8,3,32,1727,0.2,0.0017341040462427,0.7272727272727273,0.2727272727272727,0.1796948665922338
ni_tfnbs,"e=1.0,h=10.0,n=30,start_thres=1.25",hub,0.25,30,13,40,1730,8,1,32,1729,0.2,0.0005780346820809,0.8888888888888888,0.1111111111111111,0.1796948665922338
ni_tfnbs,"e=1.1,h=0.5,n=30,start_thres=1.25",hub,0.25,30,13,40,1730,14,13,26,1717,0.35,0.007514450867052,0.5185185185185185,0.4814814814814814,0.1796948665922338
ni_tfnbs,"e=1.1,h=1.0,n=30,start_thres=1.25",hub,0.25,30,13,40,1730,14,13,26,1717,0.35,0.007514450867052,0.5185185185185185,0.4814814814814814,0.1796948665922338
ni_tfnbs,"e=1.1,h=2.0,n=30,start_thres=1.25",hub,0.25,30,13,40,1730,15,12,25,1718,0.375,0.006936416184971,0.5555555555555556,0.4444444444444444,0.1796948665922338
ni_tfnbs,"e=1.1,h=3.0,n=30,start_thres=1.25",hub,0.25,30,13,40,1730,16,10,24,1720,0.4,0.0057803468208092,0.6153846153846154,0.3846153846153846,0.1796948665922338
ni_tfnbs,"e=1.1,h=4.0,n=30,start_thres=1.25",hub,0.25,30,13,40,1730,15,8,25,1722,0.375,0.0046242774566473,0.6521739130434783,0.3478260869565217,0.1796948665922338
ni_tfnbs,"e=1.1,h=5.0,n=30,start_thres=1.25",hub,0.25,30,13,40,1730,13,8,27,1722,0.325,0.0046242774566473,0.6190476190476191,0.3809523809523809,0.1796948665922338
ni_tfnbs,"e=1.1,h=6.0,n=30,start_thres=1.25",hub,0.25,30,13,40,1730,11,4,29,1726,0.275,0.0023121387283236,0.7333333333333333,0.2666666666666666,0.1796948665922338
ni_tfnbs,"e=1.1,h=7.0,n=30,start_thres=1.25",hub,0.25,30,13,40,1730,9,4,31,1726,0.225,0.0023121387283236,0.6923076923076923,0.3076923076923077,0.1796948665922338
ni_tfnbs,"e=1.1,h=8.0,n=30,start_thres=1.25",hub,0.25,30,13,40,1730,8,4,32,1726,0.2,0.0023121387283236,0.6666666666666666,0.3333333333333333,0.1796948665922338
ni_tfnbs,"e=1.1,h=9.0,n=30,start_thres=1.25",hub,0.25,30,13,40,1730,8,3,32,1727,0.2,0.0017341040462427,0.7272727272727273,0.2727272727272727,0.1796948665922338
ni_tfnbs,"e=1.1,h=10.0,n=30,start_thres=1.25",hub,0.25,30,13,40,1730,8,3,32,1727,0.2,0.0017341040462427,0.7272727272727273,0.2727272727272727,0.1796948665922338
ni_tfnbs,"e=1.2,h=0.5,n=30,start_thres=1.25",hub,0.25,30,13,40,1730,14,13,26,1717,0.35,0.007514450867052,0.5185185185185185,0.4814814814814814,0.1796948665922338
ni_tfnbs,"e=1.2,h=1.0,n=30,start_thres=1.25",hub,0.25,30,13,40,1730,17,13,23,1717,0.425,0.007514450867052,0.5666666666666667,0.4333333333333333,0.1796948665922338
ni_tfnbs,"e=1.2,h=2.0,n=30,start_thres=1.25",hub,0.25,30,13,40,1730,18,12,22,1718,0.45,0.006936416184971,0.6,0.4,0.1796948665922338
ni_tfnbs,"e=1.2,h=3.0,n=30,start_thres=1.25",hub,0.25,30,13,40,1730,16,10,24,1720,0.4,0.0057803468208092,0.6153846153846154,0.3846153846153846,0.1796948665922338
ni_tfnbs,"e=1.2,h=4.0,n=30,start_thres=1.25",hub,0.25,30,13,40,1730,16,8,24,1722,0.4,0.0046242774566473,0.6666666666666666,0.3333333333333333,0.1796948665922338
ni_tfnbs,"e=1.2,h=5.0,n=30,start_thres=1.25",hub,0.25,30,13,40,1730,14,8,26,1722,0.35,0.0046242774566473,0.6363636363636364,0.3636363636363636,0.1796948665922338
ni_tfnbs,"e=1.2,h=6.0,n=30,start_thres=1.25",hub,0.25,30,13,40,1730,12,6,28,1724,0.3,0.0034682080924855,0.6666666666666666,0.3333333333333333,0.1796948665922338
ni_tfnbs,"e=1.2,h=7.0,n=30,start_thres=1.25",hub,0.25,30,13,40,1730,11,4,29,1726,0.275,0.0023121387283236,0.7333333333333333,0.2666666666666666,0.1796948665922338
ni_tfnbs,"e=1.2,h=8.0,n=30,start_thres=1.25",hub,0.25,30,13,40,1730,9,4,31,1726,0.225,0.0023121387283236,0.6923076923076923,0.3076923076923077,0.1796948665922338
ni_tfnbs,"e=1.2,h=9.0,n=30,start_thres=1.25",hub,0.25,30,13,40,1730,8,4,32,1726,0.2,0.0023121387283236,0.6666666666666666,0.3333333333333333,0.1796948665922338
ni_tfnbs,"e=1.2,h=10.0,n=30,start_thres=1.25",hub,0.25,30,13,40,1730,8,3,32,1727,0.2,0.0017341040462427,0.7272727272727273,0.2727272727272727,0.1796948665922338
ni_tfnbs,"e=1.3,h=0.5,n=30,start_thres=1.25",hub,0.25,30,13,40,1730,14,13,26,1717,0.35,0.007514450867052,0.5185185185185185,0.4814814814814814,0.1796948665922338
ni_tfnbs,"e=1.3,h=1.0,n=30,start_thres=1.25",hub,0.25,30,13,40,1730,17,13,23,1717,0.425,0.007514450867052,0.5666666666666667,0.4333333333333333,0.1796948665922338
ni_tfnbs,"e=1.3,h=2.0,n=30,start_thres=1.25",hub,0.25,30,13,40,1730,18,13,22,1717,0.45,0.007514450867052,0.5806451612903226,0.4193548387096774,0.1796948665922338
ni_tfnbs,"e=1.3,h=3.0,n=30,start_thres=1.25",hub,0.25,30,13,40,1730,19,12,21,1718,0.475,0.006936416184971,0.6129032258064516,0.3870967741935484,0.1796948665922338
ni_tfnbs,"e=1.3,h=4.0,n=30,start_thres=1.25",hub,0.25,30,13,40,1730,16,10,24,1720,0.4,0.0057803468208092,0.6153846153846154,0.3846153846153846,0.1796948665922338
ni_tfnbs,"e=1.3,h=5.0,n=30,start_thres=1.25",hub,0.25,30,13,40,1730,15,8,25,1722,0.375,0.0046242774566473,0.6521739130434783,0.3478260869565217,0.1796948665922338
ni_tfnbs,"e=1.3,h=6.0,n=30,start_thres=1.25",hub,0.25,30,13,40,1730,13,8,27,1722,0.325,0.0046242774566473,0.6190476190476191,0.3809523809523809,0.1796948665922338
ni_tfnbs,"e=1.3,h=7.0,n=30,start_thres=1.25",hub,0.25,30,13,40,1730,12,6,28,1724,0.3,0.0034682080924855,0.6666666666666666,0.3333333333333333,0.1796948665922338
ni_tfnbs,"e=1.3,h=8.0,n=30,start_thres=1.25",hub,0.25,30,13,40,1730,11,4,29,1726,0.275,0.0023121387283236,0.7333333333333333,0.2666666666666666,0.1796948665922338
ni_tfnbs,"e=1.3,h=9.0,n=30,start_thres=1.25",hub,0.25,30,13,40,1730,9,4,31,1726,0.225,0.0023121387283236,0.6923076923076923,0.3076923076923077,0.1796948665922338
ni_tfnbs,"e=1.3,h=10.0,n=30,start_thres=1.25",hub,0.25,30,13,40,1730,8,4,32,1726,0.2,0.0023121387283236,0.6666666666666666,0.3333333333333333,0.1796948665922338
ni_tfnbs,"e=1.4,h=0.5,n=30,start_thres=1.25",hub,0.25,30,13,40,1730,14,13,26,1717,0.35,0.007514450867052,0.5185185185185185,0.4814814814814814,0.1796948665922338
ni_tfnbs,"e=1.4,h=1.0,n=30,start_thres=1.25",hub,0.25,30,13,40,1730,17,13,23,1717,0.425,0.007514450867052,0.5666666666666667,0.4333333333333333,0.1796948665922338
ni_tfnbs,"e=1.4,h=2.0,n=30,start_thres=1.25",hub,0.25,30,13,40,1730,17,13,23,1717,0.425,0.007514450867052,0.5666666666666667,0.4333333333333333,0.1796948665922338
ni_tfnbs,"e=1.4,h=3.0,n=30,start_thres=1.25",hub,0.25,30,13,40,1730,19,13,21,1717,0.475,0.007514450867052,0.59375,0.40625,0.1796948665922338
ni_tfnbs,"e=1.4,h=4.0,n=30,start_thres=1.25",hub,0.25,30,13,40,1730,19,12,21,1718,0.475,0.006936416184971,0.6129032258064516,0.3870967741935484,0.1796948665922338
ni_tfnbs,"e=1.4,h=5.0,n=30,start_thres=1.25",hub,0.25,30,13,40,1730,16,10,24,1720,0.4,0.0057803468208092,0.6153846153846154,0.3846153846153846,0.1796948665922338
ni_tfnbs,"e=1.4,h=6.0,n=30,start_thres=1.25",hub,0.25,30,13,40,1730,15,8,25,1722,0.375,0.0046242774566473,0.6521739130434783,0.3478260869565217,0.1796948665922338
ni_tfnbs,"e=1.4,h=7.0,n=30,start_thres=1.25",hub,0.25,30,13,40,1730,13,8,27,1722,0.325,0.0046242774566473,0.6190476190476191,0.3809523809523809,0.1796948665922338
ni_tfnbs,"e=1.4,h=8.0,n=30,start_thres=1.25",hub,0.25,30,13,40,1730,12,6,28,1724,0.3,0.0034682080924855,0.6666666666666666,0.3333333333333333,0.1796948665922338
ni_tfnbs,"e=1.4,h=9.0,n=30,start_thres=1.25",hub,0.25,30,13,40,1730,11,4,29,1726,0.275,0.0023121387283236,0.7333333333333333,0.2666666666666666,0.1796948665922338
ni_tfnbs,"e=1.4,h=10.0,n=30,start_thres=1.25",hub,0.25,30,13,40,1730,9,4,31,1726,0.225,0.0023121387283236,0.6923076923076923,0.3076923076923077,0.1796948665922338
ni_tfnbs,"e=1.5,h=0.5,n=30,start_thres=1.25",hub,0.25,30,13,40,1730,13,18,27,1712,0.325,0.0104046242774566,0.4193548387096774,0.5806451612903226,0.1796948665922338
ni_tfnbs,"e=1.5,h=1.0,n=30,start_thres=1.25",hub,0.25,30,13,40,1730,17,18,23,1712,0.425,0.0104046242774566,0.4857142857142857,0.5142857142857142,0.1796948665922338
ni_tfnbs,"e=1.5,h=2.0,n=30,start_thres=1.25",hub,0.25,30,13,40,1730,17,13,23,1717,0.425,0.007514450867052,0.5666666666666667,0.4333333333333333,0.1796948665922338
ni_tfnbs,"e=1.5,h=3.0,n=30,start_thres=1.25",hub,0.25,30,13,40,1730,18,13,22,1717,0.45,0.007514450867052,0.5806451612903226,0.4193548387096774,0.1796948665922338
ni_tfnbs,"e=1.5,h=4.0,n=30,start_thres=1.25",hub,0.25,30,13,40,1730,19,12,21,1718,0.475,0.006936416184971,0.6129032258064516,0.3870967741935484,0.1796948665922338
ni_tfnbs,"e=1.5,h=5.0,n=30,start_thres=1.25",hub,0.25,30,13,40,1730,16,10,24,1720,0.4,0.0057803468208092,0.6153846153846154,0.3846153846153846,0.1796948665922338
ni_tfnbs,"e=1.5,h=6.0,n=30,start_thres=1.25",hub,0.25,30,13,40,1730,15,8,25,1722,0.375,0.0046242774566473,0.6521739130434783,0.3478260869565217,0.1796948665922338
ni_tfnbs,"e=1.5,h=7.0,n=30,start_thres=1.25",hub,0.25,30,13,40,1730,13,8,27,1722,0.325,0.0046242774566473,0.6190476190476191,0.3809523809523809,0.1796948665922338
ni_tfnbs,"e=1.5,h=8.0,n=30,start_thres=1.25",hub,0.25,30,13,40,1730,13,8,27,1722,0.325,0.0046242774566473,0.6190476190476191,0.3809523809523809,0.1796948665922338
ni_tfnbs,"e=1.5,h=9.0,n=30,start_thres=1.25",hub,0.25,30,13,40,1730,12,6,28,1724,0.3,0.0034682080924855,0.6666666666666666,0.3333333333333333,0.1796948665922338
ni_tfnbs,"e=1.5,h=10.0,n=30,start_thres=1.25",hub,0.25,30,13,40,1730,9,4,31,1726,0.225,0.0023121387283236,0.6923076923076923,0.3076923076923077,0.1796948665922338
ni_tfnbs,"e=0.05,h=0.5,n=30,start_thres=1.25",hub,0.25,30,14,40,1730,2,0,38,1730,0.05,0.0,1.0,0.0,0.1737044358795339
ni_tfnbs,"e=0.05,h=1.0,n=30,start_thres=1.25",hub,0.25,30,14,40,1730,2,0,38,1730,0.05,0.0,1.0,0.0,0.1737044358795339
ni_tfnbs,"e=0.05,h=2.0,n=30,start_thres=1.25",hub,0.25,30,14,40,1730,2,0,38,1730,0.05,0.0,1.0,0.0,0.1737044358795339
ni_tfnbs,"e=0.05,h=3.0,n=30,start_thres=1.25",hub,0.25,30,14,40,1730,2,0,38,1730,0.05,0.0,1.0,0.0,0.1737044358795339
ni_tfnbs,"e=0.05,h=4.0,n=30,start_thres=1.25",hub,0.25,30,14,40,1730,2,0,38,1730,0.05,0.0,1.0,0.0,0.1737044358795339
ni_tfnbs,"e=0.05,h=5.0,n=30,start_thres=1.25",hub,0.25,30,14,40,1730,2,0,38,1730,0.05,0.0,1.0,0.0,0.1737044358795339
ni_tfnbs,"e=0.05,h=6.0,n=30,start_thres=1.25",hub,0.25,30,14,40,1730,2,0,38,1730,0.05,0.0,1.0,0.0,0.1737044358795339
ni_tfnbs,"e=0.05,h=7.0,n=30,start_thres=1.25",hub,0.25,30,14,40,1730,2,0,38,1730,0.05,0.0,1.0,0.0,0.1737044358795339
ni_tfnbs,"e=0.05,h=8.0,n=30,start_thres=1.25",hub,0.25,30,14,40,1730,2,0,38,1730,0.05,0.0,1.0,0.0,0.1737044358795339
ni_tfnbs,"e=0.05,h=9.0,n=30,start_thres=1.25",hub,0.25,30,14,40,1730,2,0,38,1730,0.05,0.0,1.0,0.0,0.1737044358795339
ni_tfnbs,"e=0.05,h=10.0,n=30,start_thres=1.25",hub,0.25,30,14,40,1730,2,0,38,1730,0.05,0.0,1.0,0.0,0.1737044358795339
ni_tfnbs,"e=0.1,h=0.5,n=30,start_thres=1.25",hub,0.25,30,14,40,1730,2,0,38,1730,0.05,0.0,1.0,0.0,0.1737044358795339
ni_tfnbs,"e=0.1,h=1.0,n=30,start_thres=1.25",hub,0.25,30,14,40,1730,2,0,38,1730,0.05,0.0,1.0,0.0,0.1737044358795339
ni_tfnbs,"e=0.1,h=2.0,n=30,start_thres=1.25",hub,0.25,30,14,40,1730,2,0,38,1730,0.05,0.0,1.0,0.0,0.1737044358795339
ni_tfnbs,"e=0.1,h=3.0,n=30,start_thres=1.25",hub,0.25,30,14,40,1730,2,0,38,1730,0.05,0.0,1.0,0.0,0.1737044358795339
ni_tfnbs,"e=0.1,h=4.0,n=30,start_thres=1.25",hub,0.25,30,14,40,1730,2,0,38,1730,0.05,0.0,1.0,0.0,0.1737044358795339
ni_tfnbs,"e=0.1,h=5.0,n=30,start_thres=1.25",hub,0.25,30,14,40,1730,2,0,38,1730,0.05,0.0,1.0,0.0,0.1737044358795339
ni_tfnbs,"e=0.1,h=6.0,n=30,start_thres=1.25",hub,0.25,30,14,40,1730,2,0,38,1730,0.05,0.0,1.0,0.0,0.1737044358795339
ni_tfnbs,"e=0.1,h=7.0,n=30,start_thres=1.25",hub,0.25,30,14,40,1730,2,0,38,1730,0.05,0.0,1.0,0.0,0.1737044358795339
ni_tfnbs,"e=0.1,h=8.0,n=30,start_thres=1.25",hub,0.25,30,14,40,1730,2,0,38,1730,0.05,0.0,1.0,0.0,0.1737044358795339
ni_tfnbs,"e=0.1,h=9.0,n=30,start_thres=1.25",hub,0.25,30,14,40,1730,2,0,38,1730,0.05,0.0,1.0,0.0,0.1737044358795339
ni_tfnbs,"e=0.1,h=10.0,n=30,start_thres=1.25",hub,0.25,30,14,40,1730,2,0,38,1730,0.05,0.0,1.0,0.0,0.1737044358795339
ni_tfnbs,"e=0.2,h=0.5,n=30,start_thres=1.25",hub,0.25,30,14,40,1730,3,0,37,1730,0.075,0.0,1.0,0.0,0.1737044358795339
ni_tfnbs,"e=0.2,h=1.0,n=30,start_thres=1.25",hub,0.25,30,14,40,1730,3,0,37,1730,0.075,0.0,1.0,0.0,0.1737044358795339
ni_tfnbs,"e=0.2,h=2.0,n=30,start_thres=1.25",hub,0.25,30,14,40,1730,3,0,37,1730,0.075,0.0,1.0,0.0,0.1737044358795339
ni_tfnbs,"e=0.2,h=3.0,n=30,start_thres=1.25",hub,0.25,30,14,40,1730,3,0,37,1730,0.075,0.0,1.0,0.0,0.1737044358795339
ni_tfnbs,"e=0.2,h=4.0,n=30,start_thres=1.25",hub,0.25,30,14,40,1730,2,0,38,1730,0.05,0.0,1.0,0.0,0.1737044358795339
ni_tfnbs,"e=0.2,h=5.0,n=30,start_thres=1.25",hub,0.25,30,14,40,1730,2,0,38,1730,0.05,0.0,1.0,0.0,0.1737044358795339
ni_tfnbs,"e=0.2,h=6.0,n=30,start_thres=1.25",hub,0.25,30,14,40,1730,2,0,38,1730,0.05,0.0,1.0,0.0,0.1737044358795339
ni_tfnbs,"e=0.2,h=7.0,n=30,start_thres=1.25",hub,0.25,30,14,40,1730,2,0,38,1730,0.05,0.0,1.0,0.0,0.1737044358795339
ni_tfnbs,"e=0.2,h=8.0,n=30,start_thres=1.25",hub,0.25,30,14,40,1730,2,0,38,1730,0.05,0.0,1.0,0.0,0.1737044358795339
ni_tfnbs,"e=0.2,h=9.0,n=30,start_thres=1.25",hub,0.25,30,14,40,1730,2,0,38,1730,0.05,0.0,1.0,0.0,0.1737044358795339
ni_tfnbs,"e=0.2,h=10.0,n=30,start_thres=1.25",hub,0.25,30,14,40,1730,2,0,38,1730,0.05,0.0,1.0,0.0,0.1737044358795339
ni_tfnbs,"e=0.3,h=0.5,n=30,start_thres=1.25",hub,0.25,30,14,40,1730,3,0,37,1730,0.075,0.0,1.0,0.0,0.1737044358795339
ni_tfnbs,"e=0.3,h=1.0,n=30,start_thres=1.25",hub,0.25,30,14,40,1730,3,0,37,1730,0.075,0.0,1.0,0.0,0.1737044358795339
ni_tfnbs,"e=0.3,h=2.0,n=30,start_thres=1.25",hub,0.25,30,14,40,1730,3,0,37,1730,0.075,0.0,1.0,0.0,0.1737044358795339
ni_tfnbs,"e=0.3,h=3.0,n=30,start_thres=1.25",hub,0.25,30,14,40,1730,3,0,37,1730,0.075,0.0,1.0,0.0,0.1737044358795339
ni_tfnbs,"e=0.3,h=4.0,n=30,start_thres=1.25",hub,0.25,30,14,40,1730,3,0,37,1730,0.075,0.0,1.0,0.0,0.1737044358795339
ni_tfnbs,"e=0.3,h=5.0,n=30,start_thres=1.25",hub,0.25,30,14,40,1730,3,0,37,1730,0.075,0.0,1.0,0.0,0.1737044358795339
ni_tfnbs,"e=0.3,h=6.0,n=30,start_thres=1.25",hub,0.25,30,14,40,1730,3,0,37,1730,0.075,0.0,1.0,0.0,0.1737044358795339
ni_tfnbs,"e=0.3,h=7.0,n=30,start_thres=1.25",hub,0.25,30,14,40,1730,2,0,38,1730,0.05,0.0,1.0,0.0,0.1737044358795339
ni_tfnbs,"e=0.3,h=8.0,n=30,start_thres=1.25",hub,0.25,30,14,40,1730,2,0,38,1730,0.05,0.0,1.0,0.0,0.1737044358795339
ni_tfnbs,"e=0.3,h=9.0,n=30,start_thres=1.25",hub,0.25,30,14,40,1730,2,0,38,1730,0.05,0.0,1.0,0.0,0.1737044358795339
ni_tfnbs,"e=0.3,h=10.0,n=30,start_thres=1.25",hub,0.25,30,14,40,1730,2,0,38,1730,0.05,0.0,1.0,0.0,0.1737044358795339
ni_tfnbs,"e=0.4,h=0.5,n=30,start_thres=1.25",hub,0.25,30,14,40,1730,3,0,37,1730,0.075,0.0,1.0,0.0,0.1737044358795339
ni_tfnbs,"e=0.4,h=1.0,n=30,start_thres=1.25",hub,0.25,30,14,40,1730,3,0,37,1730,0.075,0.0,1.0,0.0,0.1737044358795339
ni_tfnbs,"e=0.4,h=2.0,n=30,start_thres=1.25",hub,0.25,30,14,40,1730,3,0,37,1730,0.075,0.0,1.0,0.0,0.1737044358795339
ni_tfnbs,"e=0.4,h=3.0,n=30,start_thres=1.25",hub,0.25,30,14,40,1730,3,0,37,1730,0.075,0.0,1.0,0.0,0.1737044358795339
ni_tfnbs,"e=0.4,h=4.0,n=30,start_thres=1.25",hub,0.25,30,14,40,1730,3,0,37,1730,0.075,0.0,1.0,0.0,0.1737044358795339
ni_tfnbs,"e=0.4,h=5.0,n=30,start_thres=1.25",hub,0.25,30,14,40,1730,3,0,37,1730,0.075,0.0,1.0,0.0,0.1737044358795339
ni_tfnbs,"e=0.4,h=6.0,n=30,start_thres=1.25",hub,0.25,30,14,40,1730,3,0,37,1730,0.075,0.0,1.0,0.0,0.1737044358795339
ni_tfnbs,"e=0.4,h=7.0,n=30,start_thres=1.25",hub,0.25,30,14,40,1730,3,0,37,1730,0.075,0.0,1.0,0.0,0.1737044358795339
ni_tfnbs,"e=0.4,h=8.0,n=30,start_thres=1.25",hub,0.25,30,14,40,1730,3,0,37,1730,0.075,0.0,1.0,0.0,0.1737044358795339
ni_tfnbs,"e=0.4,h=9.0,n=30,start_thres=1.25",hub,0.25,30,14,40,1730,3,0,37,1730,0.075,0.0,1.0,0.0,0.1737044358795339
ni_tfnbs,"e=0.4,h=10.0,n=30,start_thres=1.25",hub,0.25,30,14,40,1730,2,0,38,1730,0.05,0.0,1.0,0.0,0.1737044358795339
ni_tfnbs,"e=0.5,h=0.5,n=30,start_thres=1.25",hub,0.25,30,14,40,1730,3,0,37,1730,0.075,0.0,1.0,0.0,0.1737044358795339
ni_tfnbs,"e=0.5,h=1.0,n=30,start_thres=1.25",hub,0.25,30,14,40,1730,3,0,37,1730,0.075,0.0,1.0,0.0,0.1737044358795339
ni_tfnbs,"e=0.5,h=2.0,n=30,start_thres=1.25",hub,0.25,30,14,40,1730,3,0,37,1730,0.075,0.0,1.0,0.0,0.1737044358795339
ni_tfnbs,"e=0.5,h=3.0,n=30,start_thres=1.25",hub,0.25,30,14,40,1730,3,0,37,1730,0.075,0.0,1.0,0.0,0.1737044358795339
ni_tfnbs,"e=0.5,h=4.0,n=30,start_thres=1.25",hub,0.25,30,14,40,1730,3,0,37,1730,0.075,0.0,1.0,0.0,0.1737044358795339
ni_tfnbs,"e=0.5,h=5.0,n=30,start_thres=1.25",hub,0.25,30,14,40,1730,3,0,37,1730,0.075,0.0,1.0,0.0,0.1737044358795339
ni_tfnbs,"e=0.5,h=6.0,n=30,start_thres=1.25",hub,0.25,30,14,40,1730,3,0,37,1730,0.075,0.0,1.0,0.0,0.1737044358795339
ni_tfnbs,"e=0.5,h=7.0,n=30,start_thres=1.25",hub,0.25,30,14,40,1730,3,0,37,1730,0.075,0.0,1.0,0.0,0.1737044358795339
ni_tfnbs,"e=0.5,h=8.0,n=30,start_thres=1.25",hub,0.25,30,14,40,1730,3,0,37,1730,0.075,0.0,1.0,0.0,0.1737044358795339
ni_tfnbs,"e=0.5,h=9.0,n=30,start_thres=1.25",hub,0.25,30,14,40,1730,3,0,37,1730,0.075,0.0,1.0,0.0,0.1737044358795339
ni_tfnbs,"e=0.5,h=10.0,n=30,start_thres=1.25",hub,0.25,30,14,40,1730,3,0,37,1730,0.075,0.0,1.0,0.0,0.1737044358795339
ni_tfnbs,"e=0.6,h=0.5,n=30,start_thres=1.25",hub,0.25,30,14,40,1730,3,0,37,1730,0.075,0.0,1.0,0.0,0.1737044358795339
ni_tfnbs,"e=0.6,h=1.0,n=30,start_thres=1.25",hub,0.25,30,14,40,1730,3,0,37,1730,0.075,0.0,1.0,0.0,0.1737044358795339
ni_tfnbs,"e=0.6,h=2.0,n=30,start_thres=1.25",hub,0.25,30,14,40,1730,3,0,37,1730,0.075,0.0,1.0,0.0,0.1737044358795339
ni_tfnbs,"e=0.6,h=3.0,n=30,start_thres=1.25",hub,0.25,30,14,40,1730,3,0,37,1730,0.075,0.0,1.0,0.0,0.1737044358795339
ni_tfnbs,"e=0.6,h=4.0,n=30,start_thres=1.25",hub,0.25,30,14,40,1730,3,0,37,1730,0.075,0.0,1.0,0.0,0.1737044358795339
ni_tfnbs,"e=0.6,h=5.0,n=30,start_thres=1.25",hub,0.25,30,14,40,1730,3,0,37,1730,0.075,0.0,1.0,0.0,0.1737044358795339
ni_tfnbs,"e=0.6,h=6.0,n=30,start_thres=1.25",hub,0.25,30,14,40,1730,3,0,37,1730,0.075,0.0,1.0,0.0,0.1737044358795339
ni_tfnbs,"e=0.6,h=7.0,n=30,start_thres=1.25",hub,0.25,30,14,40,1730,3,0,37,1730,0.075,0.0,1.0,0.0,0.1737044358795339
ni_tfnbs,"e=0.6,h=8.0,n=30,start_thres=1.25",hub,0.25,30,14,40,1730,3,0,37,1730,0.075,0.0,1.0,0.0,0.1737044358795339
ni_tfnbs,"e=0.6,h=9.0,n=30,start_thres=1.25",hub,0.25,30,14,40,1730,3,0,37,1730,0.075,0.0,1.0,0.0,0.1737044358795339
ni_tfnbs,"e=0.6,h=10.0,n=30,start_thres=1.25",hub,0.25,30,14,40,1730,3,0,37,1730,0.075,0.0,1.0,0.0,0.1737044358795339
ni_tfnbs,"e=0.7,h=0.5,n=30,start_thres=1.25",hub,0.25,30,14,40,1730,3,0,37,1730,0.075,0.0,1.0,0.0,0.1737044358795339
ni_tfnbs,"e=0.7,h=1.0,n=30,start_thres=1.25",hub,0.25,30,14,40,1730,3,0,37,1730,0.075,0.0,1.0,0.0,0.1737044358795339
ni_tfnbs,"e=0.7,h=2.0,n=30,start_thres=1.25",hub,0.25,30,14,40,1730,3,0,37,1730,0.075,0.0,1.0,0.0,0.1737044358795339
ni_tfnbs,"e=0.7,h=3.0,n=30,start_thres=1.25",hub,0.25,30,14,40,1730,3,0,37,1730,0.075,0.0,1.0,0.0,0.1737044358795339
ni_tfnbs,"e=0.7,h=4.0,n=30,start_thres=1.25",hub,0.25,30,14,40,1730,3,0,37,1730,0.075,0.0,1.0,0.0,0.1737044358795339
ni_tfnbs,"e=0.7,h=5.0,n=30,start_thres=1.25",hub,0.25,30,14,40,1730,3,0,37,1730,0.075,0.0,1.0,0.0,0.1737044358795339
ni_tfnbs,"e=0.7,h=6.0,n=30,start_thres=1.25",hub,0.25,30,14,40,1730,3,0,37,1730,0.075,0.0,1.0,0.0,0.1737044358795339
ni_tfnbs,"e=0.7,h=7.0,n=30,start_thres=1.25",hub,0.25,30,14,40,1730,3,0,37,1730,0.075,0.0,1.0,0.0,0.1737044358795339
ni_tfnbs,"e=0.7,h=8.0,n=30,start_thres=1.25",hub,0.25,30,14,40,1730,3,0,37,1730,0.075,0.0,1.0,0.0,0.1737044358795339
ni_tfnbs,"e=0.7,h=9.0,n=30,start_thres=1.25",hub,0.25,30,14,40,1730,3,0,37,1730,0.075,0.0,1.0,0.0,0.1737044358795339
ni_tfnbs,"e=0.7,h=10.0,n=30,start_thres=1.25",hub,0.25,30,14,40,1730,3,0,37,1730,0.075,0.0,1.0,0.0,0.1737044358795339
ni_tfnbs,"e=0.8,h=0.5,n=30,start_thres=1.25",hub,0.25,30,14,40,1730,3,0,37,1730,0.075,0.0,1.0,0.0,0.1737044358795339
ni_tfnbs,"e=0.8,h=1.0,n=30,start_thres=1.25",hub,0.25,30,14,40,1730,3,0,37,1730,0.075,0.0,1.0,0.0,0.1737044358795339
ni_tfnbs,"e=0.8,h=2.0,n=30,start_thres=1.25",hub,0.25,30,14,40,1730,3,0,37,1730,0.075,0.0,1.0,0.0,0.1737044358795339
ni_tfnbs,"e=0.8,h=3.0,n=30,start_thres=1.25",hub,0.25,30,14,40,1730,3,0,37,1730,0.075,0.0,1.0,0.0,0.1737044358795339
ni_tfnbs,"e=0.8,h=4.0,n=30,start_thres=1.25",hub,0.25,30,14,40,1730,3,0,37,1730,0.075,0.0,1.0,0.0,0.1737044358795339
ni_tfnbs,"e=0.8,h=5.0,n=30,start_thres=1.25",hub,0.25,30,14,40,1730,3,0,37,1730,0.075,0.0,1.0,0.0,0.1737044358795339
ni_tfnbs,"e=0.8,h=6.0,n=30,start_thres=1.25",hub,0.25,30,14,40,1730,3,0,37,1730,0.075,0.0,1.0,0.0,0.1737044358795339
ni_tfnbs,"e=0.8,h=7.0,n=30,start_thres=1.25",hub,0.25,30,14,40,1730,3,0,37,1730,0.075,0.0,1.0,0.0,0.1737044358795339
ni_tfnbs,"e=0.8,h=8.0,n=30,start_thres=1.25",hub,0.25,30,14,40,1730,3,0,37,1730,0.075,0.0,1.0,0.0,0.1737044358795339
ni_tfnbs,"e=0.8,h=9.0,n=30,start_thres=1.25",hub,0.25,30,14,40,1730,3,0,37,1730,0.075,0.0,1.0,0.0,0.1737044358795339
ni_tfnbs,"e=0.8,h=10.0,n=30,start_thres=1.25",hub,0.25,30,14,40,1730,3,0,37,1730,0.075,0.0,1.0,0.0,0.1737044358795339
ni_tfnbs,"e=0.9,h=0.5,n=30,start_thres=1.25",hub,0.25,30,14,40,1730,3,0,37,1730,0.075,0.0,1.0,0.0,0.1737044358795339
ni_tfnbs,"e=0.9,h=1.0,n=30,start_thres=1.25",hub,0.25,30,14,40,1730,3,0,37,1730,0.075,0.0,1.0,0.0,0.1737044358795339
ni_tfnbs,"e=0.9,h=2.0,n=30,start_thres=1.25",hub,0.25,30,14,40,1730,3,0,37,1730,0.075,0.0,1.0,0.0,0.1737044358795339
ni_tfnbs,"e=0.9,h=3.0,n=30,start_thres=1.25",hub,0.25,30,14,40,1730,3,0,37,1730,0.075,0.0,1.0,0.0,0.1737044358795339
ni_tfnbs,"e=0.9,h=4.0,n=30,start_thres=1.25",hub,0.25,30,14,40,1730,3,0,37,1730,0.075,0.0,1.0,0.0,0.1737044358795339
ni_tfnbs,"e=0.9,h=5.0,n=30,start_thres=1.25",hub,0.25,30,14,40,1730,3,0,37,1730,0.075,0.0,1.0,0.0,0.1737044358795339
ni_tfnbs,"e=0.9,h=6.0,n=30,start_thres=1.25",hub,0.25,30,14,40,1730,3,0,37,1730,0.075,0.0,1.0,0.0,0.1737044358795339
ni_tfnbs,"e=0.9,h=7.0,n=30,start_thres=1.25",hub,0.25,30,14,40,1730,3,0,37,1730,0.075,0.0,1.0,0.0,0.1737044358795339
ni_tfnbs,"e=0.9,h=8.0,n=30,start_thres=1.25",hub,0.25,30,14,40,1730,3,0,37,1730,0.075,0.0,1.0,0.0,0.1737044358795339
ni_tfnbs,"e=0.9,h=9.0,n=30,start_thres=1.25",hub,0.25,30,14,40,1730,3,0,37,1730,0.075,0.0,1.0,0.0,0.1737044358795339
ni_tfnbs,"e=0.9,h=10.0,n=30,start_thres=1.25",hub,0.25,30,14,40,1730,3,0,37,1730,0.075,0.0,1.0,0.0,0.1737044358795339
ni_tfnbs,"e=1.0,h=0.5,n=30,start_thres=1.25",hub,0.25,30,14,40,1730,2,0,38,1730,0.05,0.0,1.0,0.0,0.1737044358795339
ni_tfnbs,"e=1.0,h=1.0,n=30,start_thres=1.25",hub,0.25,30,14,40,1730,3,0,37,1730,0.075,0.0,1.0,0.0,0.1737044358795339
ni_tfnbs,"e=1.0,h=2.0,n=30,start_thres=1.25",hub,0.25,30,14,40,1730,3,0,37,1730,0.075,0.0,1.0,0.0,0.1737044358795339
ni_tfnbs,"e=1.0,h=3.0,n=30,start_thres=1.25",hub,0.25,30,14,40,1730,3,0,37,1730,0.075,0.0,1.0,0.0,0.1737044358795339
ni_tfnbs,"e=1.0,h=4.0,n=30,start_thres=1.25",hub,0.25,30,14,40,1730,4,0,36,1730,0.1,0.0,1.0,0.0,0.1737044358795339
ni_tfnbs,"e=1.0,h=5.0,n=30,start_thres=1.25",hub,0.25,30,14,40,1730,3,0,37,1730,0.075,0.0,1.0,0.0,0.1737044358795339
ni_tfnbs,"e=1.0,h=6.0,n=30,start_thres=1.25",hub,0.25,30,14,40,1730,3,0,37,1730,0.075,0.0,1.0,0.0,0.1737044358795339
ni_tfnbs,"e=1.0,h=7.0,n=30,start_thres=1.25",hub,0.25,30,14,40,1730,3,0,37,1730,0.075,0.0,1.0,0.0,0.1737044358795339
ni_tfnbs,"e=1.0,h=8.0,n=30,start_thres=1.25",hub,0.25,30,14,40,1730,3,0,37,1730,0.075,0.0,1.0,0.0,0.1737044358795339
ni_tfnbs,"e=1.0,h=9.0,n=30,start_thres=1.25",hub,0.25,30,14,40,1730,3,0,37,1730,0.075,0.0,1.0,0.0,0.1737044358795339
ni_tfnbs,"e=1.0,h=10.0,n=30,start_thres=1.25",hub,0.25,30,14,40,1730,3,0,37,1730,0.075,0.0,1.0,0.0,0.1737044358795339
ni_tfnbs,"e=1.1,h=0.5,n=30,start_thres=1.25",hub,0.25,30,14,40,1730,1,0,39,1730,0.025,0.0,1.0,0.0,0.1737044358795339
ni_tfnbs,"e=1.1,h=1.0,n=30,start_thres=1.25",hub,0.25,30,14,40,1730,3,0,37,1730,0.075,0.0,1.0,0.0,0.1737044358795339
ni_tfnbs,"e=1.1,h=2.0,n=30,start_thres=1.25",hub,0.25,30,14,40,1730,3,0,37,1730,0.075,0.0,1.0,0.0,0.1737044358795339
ni_tfnbs,"e=1.1,h=3.0,n=30,start_thres=1.25",hub,0.25,30,14,40,1730,3,0,37,1730,0.075,0.0,1.0,0.0,0.1737044358795339
ni_tfnbs,"e=1.1,h=4.0,n=30,start_thres=1.25",hub,0.25,30,14,40,1730,4,0,36,1730,0.1,0.0,1.0,0.0,0.1737044358795339
ni_tfnbs,"e=1.1,h=5.0,n=30,start_thres=1.25",hub,0.25,30,14,40,1730,4,0,36,1730,0.1,0.0,1.0,0.0,0.1737044358795339
ni_tfnbs,"e=1.1,h=6.0,n=30,start_thres=1.25",hub,0.25,30,14,40,1730,3,0,37,1730,0.075,0.0,1.0,0.0,0.1737044358795339
ni_tfnbs,"e=1.1,h=7.0,n=30,start_thres=1.25",hub,0.25,30,14,40,1730,3,0,37,1730,0.075,0.0,1.0,0.0,0.1737044358795339
ni_tfnbs,"e=1.1,h=8.0,n=30,start_thres=1.25",hub,0.25,30,14,40,1730,3,0,37,1730,0.075,0.0,1.0,0.0,0.1737044358795339
ni_tfnbs,"e=1.1,h=9.0,n=30,start_thres=1.25",hub,0.25,30,14,40,1730,3,0,37,1730,0.075,0.0,1.0,0.0,0.1737044358795339
ni_tfnbs,"e=1.1,h=10.0,n=30,start_thres=1.25",hub,0.25,30,14,40,1730,3,0,37,1730,0.075,0.0,1.0,0.0,0.1737044358795339
ni_tfnbs,"e=1.2,h=0.5,n=30,start_thres=1.25",hub,0.25,30,14,40,1730,0,0,40,1730,0.0,0.0,0.0,0.0,0.1737044358795339
ni_tfnbs,"e=1.2,h=1.0,n=30,start_thres=1.25",hub,0.25,30,14,40,1730,2,0,38,1730,0.05,0.0,1.0,0.0,0.1737044358795339
ni_tfnbs,"e=1.2,h=2.0,n=30,start_thres=1.25",hub,0.25,30,14,40,1730,3,0,37,1730,0.075,0.0,1.0,0.0,0.1737044358795339
ni_tfnbs,"e=1.2,h=3.0,n=30,start_thres=1.25",hub,0.25,30,14,40,1730,3,0,37,1730,0.075,0.0,1.0,0.0,0.1737044358795339
ni_tfnbs,"e=1.2,h=4.0,n=30,start_thres=1.25",hub,0.25,30,14,40,1730,4,0,36,1730,0.1,0.0,1.0,0.0,0.1737044358795339
ni_tfnbs,"e=1.2,h=5.0,n=30,start_thres=1.25",hub,0.25,30,14,40,1730,4,0,36,1730,0.1,0.0,1.0,0.0,0.1737044358795339
ni_tfnbs,"e=1.2,h=6.0,n=30,start_thres=1.25",hub,0.25,30,14,40,1730,4,0,36,1730,0.1,0.0,1.0,0.0,0.1737044358795339
ni_tfnbs,"e=1.2,h=7.0,n=30,start_thres=1.25",hub,0.25,30,14,40,1730,3,0,37,1730,0.075,0.0,1.0,0.0,0.1737044358795339
ni_tfnbs,"e=1.2,h=8.0,n=30,start_thres=1.25",hub,0.25,30,14,40,1730,3,0,37,1730,0.075,0.0,1.0,0.0,0.1737044358795339
ni_tfnbs,"e=1.2,h=9.0,n=30,start_thres=1.25",hub,0.25,30,14,40,1730,3,0,37,1730,0.075,0.0,1.0,0.0,0.1737044358795339
ni_tfnbs,"e=1.2,h=10.0,n=30,start_thres=1.25",hub,0.25,30,14,40,1730,3,0,37,1730,0.075,0.0,1.0,0.0,0.1737044358795339
ni_tfnbs,"e=1.3,h=0.5,n=30,start_thres=1.25",hub,0.25,30,14,40,1730,0,0,40,1730,0.0,0.0,0.0,0.0,0.1737044358795339
ni_tfnbs,"e=1.3,h=1.0,n=30,start_thres=1.25",hub,0.25,30,14,40,1730,1,0,39,1730,0.025,0.0,1.0,0.0,0.1737044358795339
ni_tfnbs,"e=1.3,h=2.0,n=30,start_thres=1.25",hub,0.25,30,14,40,1730,3,0,37,1730,0.075,0.0,1.0,0.0,0.1737044358795339
ni_tfnbs,"e=1.3,h=3.0,n=30,start_thres=1.25",hub,0.25,30,14,40,1730,3,0,37,1730,0.075,0.0,1.0,0.0,0.1737044358795339
ni_tfnbs,"e=1.3,h=4.0,n=30,start_thres=1.25",hub,0.25,30,14,40,1730,4,0,36,1730,0.1,0.0,1.0,0.0,0.1737044358795339
ni_tfnbs,"e=1.3,h=5.0,n=30,start_thres=1.25",hub,0.25,30,14,40,1730,4,0,36,1730,0.1,0.0,1.0,0.0,0.1737044358795339
ni_tfnbs,"e=1.3,h=6.0,n=30,start_thres=1.25",hub,0.25,30,14,40,1730,4,0,36,1730,0.1,0.0,1.0,0.0,0.1737044358795339
ni_tfnbs,"e=1.3,h=7.0,n=30,start_thres=1.25",hub,0.25,30,14,40,1730,4,0,36,1730,0.1,0.0,1.0,0.0,0.1737044358795339
ni_tfnbs,"e=1.3,h=8.0,n=30,start_thres=1.25",hub,0.25,30,14,40,1730,3,0,37,1730,0.075,0.0,1.0,0.0,0.1737044358795339
ni_tfnbs,"e=1.3,h=9.0,n=30,start_thres=1.25",hub,0.25,30,14,40,1730,3,0,37,1730,0.075,0.0,1.0,0.0,0.1737044358795339
ni_tfnbs,"e=1.3,h=10.0,n=30,start_thres=1.25",hub,0.25,30,14,40,1730,3,0,37,1730,0.075,0.0,1.0,0.0,0.1737044358795339
ni_tfnbs,"e=1.4,h=0.5,n=30,start_thres=1.25",hub,0.25,30,14,40,1730,0,0,40,1730,0.0,0.0,0.0,0.0,0.1737044358795339
ni_tfnbs,"e=1.4,h=1.0,n=30,start_thres=1.25",hub,0.25,30,14,40,1730,0,0,40,1730,0.0,0.0,0.0,0.0,0.1737044358795339
ni_tfnbs,"e=1.4,h=2.0,n=30,start_thres=1.25",hub,0.25,30,14,40,1730,3,0,37,1730,0.075,0.0,1.0,0.0,0.1737044358795339
ni_tfnbs,"e=1.4,h=3.0,n=30,start_thres=1.25",hub,0.25,30,14,40,1730,3,0,37,1730,0.075,0.0,1.0,0.0,0.1737044358795339
ni_tfnbs,"e=1.4,h=4.0,n=30,start_thres=1.25",hub,0.25,30,14,40,1730,4,0,36,1730,0.1,0.0,1.0,0.0,0.1737044358795339
ni_tfnbs,"e=1.4,h=5.0,n=30,start_thres=1.25",hub,0.25,30,14,40,1730,4,0,36,1730,0.1,0.0,1.0,0.0,0.1737044358795339
ni_tfnbs,"e=1.4,h=6.0,n=30,start_thres=1.25",hub,0.25,30,14,40,1730,4,0,36,1730,0.1,0.0,1.0,0.0,0.1737044358795339
ni_tfnbs,"e=1.4,h=7.0,n=30,start_thres=1.25",hub,0.25,30,14,40,1730,4,0,36,1730,0.1,0.0,1.0,0.0,0.1737044358795339
ni_tfnbs,"e=1.4,h=8.0,n=30,start_thres=1.25",hub,0.25,30,14,40,1730,3,0,37,1730,0.075,0.0,1.0,0.0,0.1737044358795339
ni_tfnbs,"e=1.4,h=9.0,n=30,start_thres=1.25",hub,0.25,30,14,40,1730,3,0,37,1730,0.075,0.0,1.0,0.0,0.1737044358795339
ni_tfnbs,"e=1.4,h=10.0,n=30,start_thres=1.25",hub,0.25,30,14,40,1730,3,0,37,1730,0.075,0.0,1.0,0.0,0.1737044358795339
ni_tfnbs,"e=1.5,h=0.5,n=30,start_thres=1.25",hub,0.25,30,14,40,1730,0,0,40,1730,0.0,0.0,0.0,0.0,0.1737044358795339
ni_tfnbs,"e=1.5,h=1.0,n=30,start_thres=1.25",hub,0.25,30,14,40,1730,0,0,40,1730,0.0,0.0,0.0,0.0,0.1737044358795339
ni_tfnbs,"e=1.5,h=2.0,n=30,start_thres=1.25",hub,0.25,30,14,40,1730,2,0,38,1730,0.05,0.0,1.0,0.0,0.1737044358795339
ni_tfnbs,"e=1.5,h=3.0,n=30,start_thres=1.25",hub,0.25,30,14,40,1730,3,0,37,1730,0.075,0.0,1.0,0.0,0.1737044358795339
ni_tfnbs,"e=1.5,h=4.0,n=30,start_thres=1.25",hub,0.25,30,14,40,1730,4,0,36,1730,0.1,0.0,1.0,0.0,0.1737044358795339
ni_tfnbs,"e=1.5,h=5.0,n=30,start_thres=1.25",hub,0.25,30,14,40,1730,4,0,36,1730,0.1,0.0,1.0,0.0,0.1737044358795339
ni_tfnbs,"e=1.5,h=6.0,n=30,start_thres=1.25",hub,0.25,30,14,40,1730,4,0,36,1730,0.1,0.0,1.0,0.0,0.1737044358795339
ni_tfnbs,"e=1.5,h=7.0,n=30,start_thres=1.25",hub,0.25,30,14,40,1730,4,0,36,1730,0.1,0.0,1.0,0.0,0.1737044358795339
ni_tfnbs,"e=1.5,h=8.0,n=30,start_thres=1.25",hub,0.25,30,14,40,1730,4,0,36,1730,0.1,0.0,1.0,0.0,0.1737044358795339
ni_tfnbs,"e=1.5,h=9.0,n=30,start_thres=1.25",hub,0.25,30,14,40,1730,3,0,37,1730,0.075,0.0,1.0,0.0,0.1737044358795339
ni_tfnbs,"e=1.5,h=10.0,n=30,start_thres=1.25",hub,0.25,30,14,40,1730,3,0,37,1730,0.075,0.0,1.0,0.0,0.1737044358795339
ni_tfnbs,"e=0.05,h=0.5,n=30,start_thres=1.25",hub,0.25,30,15,40,1730,2,0,38,1730,0.05,0.0,1.0,0.0,0.175585928288373
ni_tfnbs,"e=0.05,h=1.0,n=30,start_thres=1.25",hub,0.25,30,15,40,1730,2,0,38,1730,0.05,0.0,1.0,0.0,0.175585928288373
ni_tfnbs,"e=0.05,h=2.0,n=30,start_thres=1.25",hub,0.25,30,15,40,1730,2,0,38,1730,0.05,0.0,1.0,0.0,0.175585928288373
ni_tfnbs,"e=0.05,h=3.0,n=30,start_thres=1.25",hub,0.25,30,15,40,1730,2,0,38,1730,0.05,0.0,1.0,0.0,0.175585928288373
ni_tfnbs,"e=0.05,h=4.0,n=30,start_thres=1.25",hub,0.25,30,15,40,1730,2,0,38,1730,0.05,0.0,1.0,0.0,0.175585928288373
ni_tfnbs,"e=0.05,h=5.0,n=30,start_thres=1.25",hub,0.25,30,15,40,1730,2,0,38,1730,0.05,0.0,1.0,0.0,0.175585928288373
ni_tfnbs,"e=0.05,h=6.0,n=30,start_thres=1.25",hub,0.25,30,15,40,1730,2,0,38,1730,0.05,0.0,1.0,0.0,0.175585928288373
ni_tfnbs,"e=0.05,h=7.0,n=30,start_thres=1.25",hub,0.25,30,15,40,1730,2,0,38,1730,0.05,0.0,1.0,0.0,0.175585928288373
ni_tfnbs,"e=0.05,h=8.0,n=30,start_thres=1.25",hub,0.25,30,15,40,1730,2,0,38,1730,0.05,0.0,1.0,0.0,0.175585928288373
ni_tfnbs,"e=0.05,h=9.0,n=30,start_thres=1.25",hub,0.25,30,15,40,1730,2,0,38,1730,0.05,0.0,1.0,0.0,0.175585928288373
ni_tfnbs,"e=0.05,h=10.0,n=30,start_thres=1.25",hub,0.25,30,15,40,1730,2,0,38,1730,0.05,0.0,1.0,0.0,0.175585928288373
ni_tfnbs,"e=0.1,h=0.5,n=30,start_thres=1.25",hub,0.25,30,15,40,1730,2,0,38,1730,0.05,0.0,1.0,0.0,0.175585928288373
ni_tfnbs,"e=0.1,h=1.0,n=30,start_thres=1.25",hub,0.25,30,15,40,1730,2,0,38,1730,0.05,0.0,1.0,0.0,0.175585928288373
ni_tfnbs,"e=0.1,h=2.0,n=30,start_thres=1.25",hub,0.25,30,15,40,1730,2,0,38,1730,0.05,0.0,1.0,0.0,0.175585928288373
ni_tfnbs,"e=0.1,h=3.0,n=30,start_thres=1.25",hub,0.25,30,15,40,1730,2,0,38,1730,0.05,0.0,1.0,0.0,0.175585928288373
ni_tfnbs,"e=0.1,h=4.0,n=30,start_thres=1.25",hub,0.25,30,15,40,1730,2,0,38,1730,0.05,0.0,1.0,0.0,0.175585928288373
ni_tfnbs,"e=0.1,h=5.0,n=30,start_thres=1.25",hub,0.25,30,15,40,1730,2,0,38,1730,0.05,0.0,1.0,0.0,0.175585928288373
ni_tfnbs,"e=0.1,h=6.0,n=30,start_thres=1.25",hub,0.25,30,15,40,1730,2,0,38,1730,0.05,0.0,1.0,0.0,0.175585928288373
ni_tfnbs,"e=0.1,h=7.0,n=30,start_thres=1.25",hub,0.25,30,15,40,1730,2,0,38,1730,0.05,0.0,1.0,0.0,0.175585928288373
ni_tfnbs,"e=0.1,h=8.0,n=30,start_thres=1.25",hub,0.25,30,15,40,1730,2,0,38,1730,0.05,0.0,1.0,0.0,0.175585928288373
ni_tfnbs,"e=0.1,h=9.0,n=30,start_thres=1.25",hub,0.25,30,15,40,1730,2,0,38,1730,0.05,0.0,1.0,0.0,0.175585928288373
ni_tfnbs,"e=0.1,h=10.0,n=30,start_thres=1.25",hub,0.25,30,15,40,1730,2,0,38,1730,0.05,0.0,1.0,0.0,0.175585928288373
ni_tfnbs,"e=0.2,h=0.5,n=30,start_thres=1.25",hub,0.25,30,15,40,1730,3,0,37,1730,0.075,0.0,1.0,0.0,0.175585928288373
ni_tfnbs,"e=0.2,h=1.0,n=30,start_thres=1.25",hub,0.25,30,15,40,1730,3,0,37,1730,0.075,0.0,1.0,0.0,0.175585928288373
ni_tfnbs,"e=0.2,h=2.0,n=30,start_thres=1.25",hub,0.25,30,15,40,1730,3,0,37,1730,0.075,0.0,1.0,0.0,0.175585928288373
ni_tfnbs,"e=0.2,h=3.0,n=30,start_thres=1.25",hub,0.25,30,15,40,1730,3,0,37,1730,0.075,0.0,1.0,0.0,0.175585928288373
ni_tfnbs,"e=0.2,h=4.0,n=30,start_thres=1.25",hub,0.25,30,15,40,1730,2,0,38,1730,0.05,0.0,1.0,0.0,0.175585928288373
ni_tfnbs,"e=0.2,h=5.0,n=30,start_thres=1.25",hub,0.25,30,15,40,1730,2,0,38,1730,0.05,0.0,1.0,0.0,0.175585928288373
ni_tfnbs,"e=0.2,h=6.0,n=30,start_thres=1.25",hub,0.25,30,15,40,1730,2,0,38,1730,0.05,0.0,1.0,0.0,0.175585928288373
ni_tfnbs,"e=0.2,h=7.0,n=30,start_thres=1.25",hub,0.25,30,15,40,1730,2,0,38,1730,0.05,0.0,1.0,0.0,0.175585928288373
ni_tfnbs,"e=0.2,h=8.0,n=30,start_thres=1.25",hub,0.25,30,15,40,1730,2,0,38,1730,0.05,0.0,1.0,0.0,0.175585928288373
ni_tfnbs,"e=0.2,h=9.0,n=30,start_thres=1.25",hub,0.25,30,15,40,1730,2,0,38,1730,0.05,0.0,1.0,0.0,0.175585928288373
ni_tfnbs,"e=0.2,h=10.0,n=30,start_thres=1.25",hub,0.25,30,15,40,1730,2,0,38,1730,0.05,0.0,1.0,0.0,0.175585928288373
ni_tfnbs,"e=0.3,h=0.5,n=30,start_thres=1.25",hub,0.25,30,15,40,1730,3,0,37,1730,0.075,0.0,1.0,0.0,0.175585928288373
ni_tfnbs,"e=0.3,h=1.0,n=30,start_thres=1.25",hub,0.25,30,15,40,1730,3,0,37,1730,0.075,0.0,1.0,0.0,0.175585928288373
ni_tfnbs,"e=0.3,h=2.0,n=30,start_thres=1.25",hub,0.25,30,15,40,1730,3,0,37,1730,0.075,0.0,1.0,0.0,0.175585928288373
ni_tfnbs,"e=0.3,h=3.0,n=30,start_thres=1.25",hub,0.25,30,15,40,1730,3,0,37,1730,0.075,0.0,1.0,0.0,0.175585928288373
ni_tfnbs,"e=0.3,h=4.0,n=30,start_thres=1.25",hub,0.25,30,15,40,1730,3,0,37,1730,0.075,0.0,1.0,0.0,0.175585928288373
ni_tfnbs,"e=0.3,h=5.0,n=30,start_thres=1.25",hub,0.25,30,15,40,1730,3,0,37,1730,0.075,0.0,1.0,0.0,0.175585928288373
ni_tfnbs,"e=0.3,h=6.0,n=30,start_thres=1.25",hub,0.25,30,15,40,1730,3,0,37,1730,0.075,0.0,1.0,0.0,0.175585928288373
ni_tfnbs,"e=0.3,h=7.0,n=30,start_thres=1.25",hub,0.25,30,15,40,1730,3,0,37,1730,0.075,0.0,1.0,0.0,0.175585928288373
ni_tfnbs,"e=0.3,h=8.0,n=30,start_thres=1.25",hub,0.25,30,15,40,1730,2,0,38,1730,0.05,0.0,1.0,0.0,0.175585928288373
ni_tfnbs,"e=0.3,h=9.0,n=30,start_thres=1.25",hub,0.25,30,15,40,1730,2,0,38,1730,0.05,0.0,1.0,0.0,0.175585928288373
ni_tfnbs,"e=0.3,h=10.0,n=30,start_thres=1.25",hub,0.25,30,15,40,1730,2,0,38,1730,0.05,0.0,1.0,0.0,0.175585928288373
ni_tfnbs,"e=0.4,h=0.5,n=30,start_thres=1.25",hub,0.25,30,15,40,1730,3,0,37,1730,0.075,0.0,1.0,0.0,0.175585928288373
ni_tfnbs,"e=0.4,h=1.0,n=30,start_thres=1.25",hub,0.25,30,15,40,1730,3,0,37,1730,0.075,0.0,1.0,0.0,0.175585928288373
ni_tfnbs,"e=0.4,h=2.0,n=30,start_thres=1.25",hub,0.25,30,15,40,1730,3,0,37,1730,0.075,0.0,1.0,0.0,0.175585928288373
ni_tfnbs,"e=0.4,h=3.0,n=30,start_thres=1.25",hub,0.25,30,15,40,1730,3,0,37,1730,0.075,0.0,1.0,0.0,0.175585928288373
ni_tfnbs,"e=0.4,h=4.0,n=30,start_thres=1.25",hub,0.25,30,15,40,1730,3,0,37,1730,0.075,0.0,1.0,0.0,0.175585928288373
ni_tfnbs,"e=0.4,h=5.0,n=30,start_thres=1.25",hub,0.25,30,15,40,1730,3,0,37,1730,0.075,0.0,1.0,0.0,0.175585928288373
ni_tfnbs,"e=0.4,h=6.0,n=30,start_thres=1.25",hub,0.25,30,15,40,1730,3,0,37,1730,0.075,0.0,1.0,0.0,0.175585928288373
ni_tfnbs,"e=0.4,h=7.0,n=30,start_thres=1.25",hub,0.25,30,15,40,1730,3,0,37,1730,0.075,0.0,1.0,0.0,0.175585928288373
ni_tfnbs,"e=0.4,h=8.0,n=30,start_thres=1.25",hub,0.25,30,15,40,1730,3,0,37,1730,0.075,0.0,1.0,0.0,0.175585928288373
ni_tfnbs,"e=0.4,h=9.0,n=30,start_thres=1.25",hub,0.25,30,15,40,1730,3,0,37,1730,0.075,0.0,1.0,0.0,0.175585928288373
ni_tfnbs,"e=0.4,h=10.0,n=30,start_thres=1.25",hub,0.25,30,15,40,1730,3,0,37,1730,0.075,0.0,1.0,0.0,0.175585928288373
ni_tfnbs,"e=0.5,h=0.5,n=30,start_thres=1.25",hub,0.25,30,15,40,1730,3,0,37,1730,0.075,0.0,1.0,0.0,0.175585928288373
ni_tfnbs,"e=0.5,h=1.0,n=30,start_thres=1.25",hub,0.25,30,15,40,1730,3,0,37,1730,0.075,0.0,1.0,0.0,0.175585928288373
ni_tfnbs,"e=0.5,h=2.0,n=30,start_thres=1.25",hub,0.25,30,15,40,1730,3,0,37,1730,0.075,0.0,1.0,0.0,0.175585928288373
ni_tfnbs,"e=0.5,h=3.0,n=30,start_thres=1.25",hub,0.25,30,15,40,1730,3,0,37,1730,0.075,0.0,1.0,0.0,0.175585928288373
ni_tfnbs,"e=0.5,h=4.0,n=30,start_thres=1.25",hub,0.25,30,15,40,1730,3,0,37,1730,0.075,0.0,1.0,0.0,0.175585928288373
ni_tfnbs,"e=0.5,h=5.0,n=30,start_thres=1.25",hub,0.25,30,15,40,1730,3,0,37,1730,0.075,0.0,1.0,0.0,0.175585928288373
ni_tfnbs,"e=0.5,h=6.0,n=30,start_thres=1.25",hub,0.25,30,15,40,1730,3,0,37,1730,0.075,0.0,1.0,0.0,0.175585928288373
ni_tfnbs,"e=0.5,h=7.0,n=30,start_thres=1.25",hub,0.25,30,15,40,1730,3,0,37,1730,0.075,0.0,1.0,0.0,0.175585928288373
ni_tfnbs,"e=0.5,h=8.0,n=30,start_thres=1.25",hub,0.25,30,15,40,1730,3,0,37,1730,0.075,0.0,1.0,0.0,0.175585928288373
ni_tfnbs,"e=0.5,h=9.0,n=30,start_thres=1.25",hub,0.25,30,15,40,1730,3,0,37,1730,0.075,0.0,1.0,0.0,0.175585928288373
ni_tfnbs,"e=0.5,h=10.0,n=30,start_thres=1.25",hub,0.25,30,15,40,1730,3,0,37,1730,0.075,0.0,1.0,0.0,0.175585928288373
ni_tfnbs,"e=0.6,h=0.5,n=30,start_thres=1.25",hub,0.25,30,15,40,1730,3,0,37,1730,0.075,0.0,1.0,0.0,0.175585928288373
ni_tfnbs,"e=0.6,h=1.0,n=30,start_thres=1.25",hub,0.25,30,15,40,1730,3,0,37,1730,0.075,0.0,1.0,0.0,0.175585928288373
ni_tfnbs,"e=0.6,h=2.0,n=30,start_thres=1.25",hub,0.25,30,15,40,1730,3,0,37,1730,0.075,0.0,1.0,0.0,0.175585928288373
ni_tfnbs,"e=0.6,h=3.0,n=30,start_thres=1.25",hub,0.25,30,15,40,1730,3,0,37,1730,0.075,0.0,1.0,0.0,0.175585928288373
ni_tfnbs,"e=0.6,h=4.0,n=30,start_thres=1.25",hub,0.25,30,15,40,1730,3,0,37,1730,0.075,0.0,1.0,0.0,0.175585928288373
ni_tfnbs,"e=0.6,h=5.0,n=30,start_thres=1.25",hub,0.25,30,15,40,1730,3,0,37,1730,0.075,0.0,1.0,0.0,0.175585928288373
ni_tfnbs,"e=0.6,h=6.0,n=30,start_thres=1.25",hub,0.25,30,15,40,1730,3,0,37,1730,0.075,0.0,1.0,0.0,0.175585928288373
ni_tfnbs,"e=0.6,h=7.0,n=30,start_thres=1.25",hub,0.25,30,15,40,1730,3,0,37,1730,0.075,0.0,1.0,0.0,0.175585928288373
ni_tfnbs,"e=0.6,h=8.0,n=30,start_thres=1.25",hub,0.25,30,15,40,1730,3,0,37,1730,0.075,0.0,1.0,0.0,0.175585928288373
ni_tfnbs,"e=0.6,h=9.0,n=30,start_thres=1.25",hub,0.25,30,15,40,1730,3,0,37,1730,0.075,0.0,1.0,0.0,0.175585928288373
ni_tfnbs,"e=0.6,h=10.0,n=30,start_thres=1.25",hub,0.25,30,15,40,1730,3,0,37,1730,0.075,0.0,1.0,0.0,0.175585928288373
ni_tfnbs,"e=0.7,h=0.5,n=30,start_thres=1.25",hub,0.25,30,15,40,1730,3,0,37,1730,0.075,0.0,1.0,0.0,0.175585928288373
ni_tfnbs,"e=0.7,h=1.0,n=30,start_thres=1.25",hub,0.25,30,15,40,1730,3,0,37,1730,0.075,0.0,1.0,0.0,0.175585928288373
ni_tfnbs,"e=0.7,h=2.0,n=30,start_thres=1.25",hub,0.25,30,15,40,1730,3,0,37,1730,0.075,0.0,1.0,0.0,0.175585928288373
ni_tfnbs,"e=0.7,h=3.0,n=30,start_thres=1.25",hub,0.25,30,15,40,1730,3,0,37,1730,0.075,0.0,1.0,0.0,0.175585928288373
ni_tfnbs,"e=0.7,h=4.0,n=30,start_thres=1.25",hub,0.25,30,15,40,1730,3,0,37,1730,0.075,0.0,1.0,0.0,0.175585928288373
ni_tfnbs,"e=0.7,h=5.0,n=30,start_thres=1.25",hub,0.25,30,15,40,1730,3,0,37,1730,0.075,0.0,1.0,0.0,0.175585928288373
ni_tfnbs,"e=0.7,h=6.0,n=30,start_thres=1.25",hub,0.25,30,15,40,1730,3,0,37,1730,0.075,0.0,1.0,0.0,0.175585928288373
ni_tfnbs,"e=0.7,h=7.0,n=30,start_thres=1.25",hub,0.25,30,15,40,1730,3,0,37,1730,0.075,0.0,1.0,0.0,0.175585928288373
ni_tfnbs,"e=0.7,h=8.0,n=30,start_thres=1.25",hub,0.25,30,15,40,1730,3,0,37,1730,0.075,0.0,1.0,0.0,0.175585928288373
ni_tfnbs,"e=0.7,h=9.0,n=30,start_thres=1.25",hub,0.25,30,15,40,1730,3,0,37,1730,0.075,0.0,1.0,0.0,0.175585928288373
ni_tfnbs,"e=0.7,h=10.0,n=30,start_thres=1.25",hub,0.25,30,15,40,1730,3,0,37,1730,0.075,0.0,1.0,0.0,0.175585928288373
ni_tfnbs,"e=0.8,h=0.5,n=30,start_thres=1.25",hub,0.25,30,15,40,1730,3,0,37,1730,0.075,0.0,1.0,0.0,0.175585928288373
ni_tfnbs,"e=0.8,h=1.0,n=30,start_thres=1.25",hub,0.25,30,15,40,1730,3,0,37,1730,0.075,0.0,1.0,0.0,0.175585928288373
ni_tfnbs,"e=0.8,h=2.0,n=30,start_thres=1.25",hub,0.25,30,15,40,1730,3,0,37,1730,0.075,0.0,1.0,0.0,0.175585928288373
ni_tfnbs,"e=0.8,h=3.0,n=30,start_thres=1.25",hub,0.25,30,15,40,1730,3,0,37,1730,0.075,0.0,1.0,0.0,0.175585928288373
ni_tfnbs,"e=0.8,h=4.0,n=30,start_thres=1.25",hub,0.25,30,15,40,1730,3,0,37,1730,0.075,0.0,1.0,0.0,0.175585928288373
ni_tfnbs,"e=0.8,h=5.0,n=30,start_thres=1.25",hub,0.25,30,15,40,1730,3,0,37,1730,0.075,0.0,1.0,0.0,0.175585928288373
ni_tfnbs,"e=0.8,h=6.0,n=30,start_thres=1.25",hub,0.25,30,15,40,1730,3,0,37,1730,0.075,0.0,1.0,0.0,0.175585928288373
ni_tfnbs,"e=0.8,h=7.0,n=30,start_thres=1.25",hub,0.25,30,15,40,1730,3,0,37,1730,0.075,0.0,1.0,0.0,0.175585928288373
ni_tfnbs,"e=0.8,h=8.0,n=30,start_thres=1.25",hub,0.25,30,15,40,1730,3,0,37,1730,0.075,0.0,1.0,0.0,0.175585928288373
ni_tfnbs,"e=0.8,h=9.0,n=30,start_thres=1.25",hub,0.25,30,15,40,1730,3,0,37,1730,0.075,0.0,1.0,0.0,0.175585928288373
ni_tfnbs,"e=0.8,h=10.0,n=30,start_thres=1.25",hub,0.25,30,15,40,1730,3,0,37,1730,0.075,0.0,1.0,0.0,0.175585928288373
ni_tfnbs,"e=0.9,h=0.5,n=30,start_thres=1.25",hub,0.25,30,15,40,1730,2,0,38,1730,0.05,0.0,1.0,0.0,0.175585928288373
ni_tfnbs,"e=0.9,h=1.0,n=30,start_thres=1.25",hub,0.25,30,15,40,1730,3,0,37,1730,0.075,0.0,1.0,0.0,0.175585928288373
ni_tfnbs,"e=0.9,h=2.0,n=30,start_thres=1.25",hub,0.25,30,15,40,1730,3,0,37,1730,0.075,0.0,1.0,0.0,0.175585928288373
ni_tfnbs,"e=0.9,h=3.0,n=30,start_thres=1.25",hub,0.25,30,15,40,1730,3,0,37,1730,0.075,0.0,1.0,0.0,0.175585928288373
ni_tfnbs,"e=0.9,h=4.0,n=30,start_thres=1.25",hub,0.25,30,15,40,1730,3,0,37,1730,0.075,0.0,1.0,0.0,0.175585928288373
ni_tfnbs,"e=0.9,h=5.0,n=30,start_thres=1.25",hub,0.25,30,15,40,1730,3,0,37,1730,0.075,0.0,1.0,0.0,0.175585928288373
ni_tfnbs,"e=0.9,h=6.0,n=30,start_thres=1.25",hub,0.25,30,15,40,1730,3,0,37,1730,0.075,0.0,1.0,0.0,0.175585928288373
ni_tfnbs,"e=0.9,h=7.0,n=30,start_thres=1.25",hub,0.25,30,15,40,1730,3,0,37,1730,0.075,0.0,1.0,0.0,0.175585928288373
ni_tfnbs,"e=0.9,h=8.0,n=30,start_thres=1.25",hub,0.25,30,15,40,1730,3,0,37,1730,0.075,0.0,1.0,0.0,0.175585928288373
ni_tfnbs,"e=0.9,h=9.0,n=30,start_thres=1.25",hub,0.25,30,15,40,1730,3,0,37,1730,0.075,0.0,1.0,0.0,0.175585928288373
ni_tfnbs,"e=0.9,h=10.0,n=30,start_thres=1.25",hub,0.25,30,15,40,1730,3,0,37,1730,0.075,0.0,1.0,0.0,0.175585928288373
ni_tfnbs,"e=1.0,h=0.5,n=30,start_thres=1.25",hub,0.25,30,15,40,1730,1,0,39,1730,0.025,0.0,1.0,0.0,0.175585928288373
ni_tfnbs,"e=1.0,h=1.0,n=30,start_thres=1.25",hub,0.25,30,15,40,1730,3,0,37,1730,0.075,0.0,1.0,0.0,0.175585928288373
ni_tfnbs,"e=1.0,h=2.0,n=30,start_thres=1.25",hub,0.25,30,15,40,1730,3,0,37,1730,0.075,0.0,1.0,0.0,0.175585928288373
ni_tfnbs,"e=1.0,h=3.0,n=30,start_thres=1.25",hub,0.25,30,15,40,1730,3,0,37,1730,0.075,0.0,1.0,0.0,0.175585928288373
ni_tfnbs,"e=1.0,h=4.0,n=30,start_thres=1.25",hub,0.25,30,15,40,1730,3,0,37,1730,0.075,0.0,1.0,0.0,0.175585928288373
ni_tfnbs,"e=1.0,h=5.0,n=30,start_thres=1.25",hub,0.25,30,15,40,1730,3,0,37,1730,0.075,0.0,1.0,0.0,0.175585928288373
ni_tfnbs,"e=1.0,h=6.0,n=30,start_thres=1.25",hub,0.25,30,15,40,1730,3,0,37,1730,0.075,0.0,1.0,0.0,0.175585928288373
ni_tfnbs,"e=1.0,h=7.0,n=30,start_thres=1.25",hub,0.25,30,15,40,1730,3,0,37,1730,0.075,0.0,1.0,0.0,0.175585928288373
ni_tfnbs,"e=1.0,h=8.0,n=30,start_thres=1.25",hub,0.25,30,15,40,1730,3,0,37,1730,0.075,0.0,1.0,0.0,0.175585928288373
ni_tfnbs,"e=1.0,h=9.0,n=30,start_thres=1.25",hub,0.25,30,15,40,1730,3,0,37,1730,0.075,0.0,1.0,0.0,0.175585928288373
ni_tfnbs,"e=1.0,h=10.0,n=30,start_thres=1.25",hub,0.25,30,15,40,1730,3,0,37,1730,0.075,0.0,1.0,0.0,0.175585928288373
ni_tfnbs,"e=1.1,h=0.5,n=30,start_thres=1.25",hub,0.25,30,15,40,1730,0,0,40,1730,0.0,0.0,0.0,0.0,0.175585928288373
ni_tfnbs,"e=1.1,h=1.0,n=30,start_thres=1.25",hub,0.25,30,15,40,1730,2,0,38,1730,0.05,0.0,1.0,0.0,0.175585928288373
ni_tfnbs,"e=1.1,h=2.0,n=30,start_thres=1.25",hub,0.25,30,15,40,1730,3,0,37,1730,0.075,0.0,1.0,0.0,0.175585928288373
ni_tfnbs,"e=1.1,h=3.0,n=30,start_thres=1.25",hub,0.25,30,15,40,1730,3,0,37,1730,0.075,0.0,1.0,0.0,0.175585928288373
ni_tfnbs,"e=1.1,h=4.0,n=30,start_thres=1.25",hub,0.25,30,15,40,1730,3,0,37,1730,0.075,0.0,1.0,0.0,0.175585928288373
ni_tfnbs,"e=1.1,h=5.0,n=30,start_thres=1.25",hub,0.25,30,15,40,1730,3,0,37,1730,0.075,0.0,1.0,0.0,0.175585928288373
ni_tfnbs,"e=1.1,h=6.0,n=30,start_thres=1.25",hub,0.25,30,15,40,1730,3,0,37,1730,0.075,0.0,1.0,0.0,0.175585928288373
ni_tfnbs,"e=1.1,h=7.0,n=30,start_thres=1.25",hub,0.25,30,15,40,1730,3,0,37,1730,0.075,0.0,1.0,0.0,0.175585928288373
ni_tfnbs,"e=1.1,h=8.0,n=30,start_thres=1.25",hub,0.25,30,15,40,1730,3,0,37,1730,0.075,0.0,1.0,0.0,0.175585928288373
ni_tfnbs,"e=1.1,h=9.0,n=30,start_thres=1.25",hub,0.25,30,15,40,1730,3,0,37,1730,0.075,0.0,1.0,0.0,0.175585928288373
ni_tfnbs,"e=1.1,h=10.0,n=30,start_thres=1.25",hub,0.25,30,15,40,1730,3,0,37,1730,0.075,0.0,1.0,0.0,0.175585928288373
ni_tfnbs,"e=1.2,h=0.5,n=30,start_thres=1.25",hub,0.25,30,15,40,1730,0,0,40,1730,0.0,0.0,0.0,0.0,0.175585928288373
ni_tfnbs,"e=1.2,h=1.0,n=30,start_thres=1.25",hub,0.25,30,15,40,1730,0,0,40,1730,0.0,0.0,0.0,0.0,0.175585928288373
ni_tfnbs,"e=1.2,h=2.0,n=30,start_thres=1.25",hub,0.25,30,15,40,1730,3,0,37,1730,0.075,0.0,1.0,0.0,0.175585928288373
ni_tfnbs,"e=1.2,h=3.0,n=30,start_thres=1.25",hub,0.25,30,15,40,1730,3,0,37,1730,0.075,0.0,1.0,0.0,0.175585928288373
ni_tfnbs,"e=1.2,h=4.0,n=30,start_thres=1.25",hub,0.25,30,15,40,1730,3,0,37,1730,0.075,0.0,1.0,0.0,0.175585928288373
ni_tfnbs,"e=1.2,h=5.0,n=30,start_thres=1.25",hub,0.25,30,15,40,1730,3,0,37,1730,0.075,0.0,1.0,0.0,0.175585928288373
ni_tfnbs,"e=1.2,h=6.0,n=30,start_thres=1.25",hub,0.25,30,15,40,1730,3,0,37,1730,0.075,0.0,1.0,0.0,0.175585928288373
ni_tfnbs,"e=1.2,h=7.0,n=30,start_thres=1.25",hub,0.25,30,15,40,1730,3,0,37,1730,0.075,0.0,1.0,0.0,0.175585928288373
ni_tfnbs,"e=1.2,h=8.0,n=30,start_thres=1.25",hub,0.25,30,15,40,1730,3,0,37,1730,0.075,0.0,1.0,0.0,0.175585928288373
ni_tfnbs,"e=1.2,h=9.0,n=30,start_thres=1.25",hub,0.25,30,15,40,1730,3,0,37,1730,0.075,0.0,1.0,0.0,0.175585928288373
ni_tfnbs,"e=1.2,h=10.0,n=30,start_thres=1.25",hub,0.25,30,15,40,1730,3,0,37,1730,0.075,0.0,1.0,0.0,0.175585928288373
ni_tfnbs,"e=1.3,h=0.5,n=30,start_thres=1.25",hub,0.25,30,15,40,1730,0,0,40,1730,0.0,0.0,0.0,0.0,0.175585928288373
ni_tfnbs,"e=1.3,h=1.0,n=30,start_thres=1.25",hub,0.25,30,15,40,1730,0,0,40,1730,0.0,0.0,0.0,0.0,0.175585928288373
ni_tfnbs,"e=1.3,h=2.0,n=30,start_thres=1.25",hub,0.25,30,15,40,1730,2,0,38,1730,0.05,0.0,1.0,0.0,0.175585928288373
ni_tfnbs,"e=1.3,h=3.0,n=30,start_thres=1.25",hub,0.25,30,15,40,1730,3,0,37,1730,0.075,0.0,1.0,0.0,0.175585928288373
ni_tfnbs,"e=1.3,h=4.0,n=30,start_thres=1.25",hub,0.25,30,15,40,1730,3,0,37,1730,0.075,0.0,1.0,0.0,0.175585928288373
ni_tfnbs,"e=1.3,h=5.0,n=30,start_thres=1.25",hub,0.25,30,15,40,1730,3,0,37,1730,0.075,0.0,1.0,0.0,0.175585928288373
ni_tfnbs,"e=1.3,h=6.0,n=30,start_thres=1.25",hub,0.25,30,15,40,1730,3,0,37,1730,0.075,0.0,1.0,0.0,0.175585928288373
ni_tfnbs,"e=1.3,h=7.0,n=30,start_thres=1.25",hub,0.25,30,15,40,1730,3,0,37,1730,0.075,0.0,1.0,0.0,0.175585928288373
ni_tfnbs,"e=1.3,h=8.0,n=30,start_thres=1.25",hub,0.25,30,15,40,1730,3,0,37,1730,0.075,0.0,1.0,0.0,0.175585928288373
ni_tfnbs,"e=1.3,h=9.0,n=30,start_thres=1.25",hub,0.25,30,15,40,1730,3,0,37,1730,0.075,0.0,1.0,0.0,0.175585928288373
ni_tfnbs,"e=1.3,h=10.0,n=30,start_thres=1.25",hub,0.25,30,15,40,1730,3,0,37,1730,0.075,0.0,1.0,0.0,0.175585928288373
ni_tfnbs,"e=1.4,h=0.5,n=30,start_thres=1.25",hub,0.25,30,15,40,1730,0,0,40,1730,0.0,0.0,0.0,0.0,0.175585928288373
ni_tfnbs,"e=1.4,h=1.0,n=30,start_thres=1.25",hub,0.25,30,15,40,1730,0,0,40,1730,0.0,0.0,0.0,0.0,0.175585928288373
ni_tfnbs,"e=1.4,h=2.0,n=30,start_thres=1.25",hub,0.25,30,15,40,1730,2,0,38,1730,0.05,0.0,1.0,0.0,0.175585928288373
ni_tfnbs,"e=1.4,h=3.0,n=30,start_thres=1.25",hub,0.25,30,15,40,1730,3,0,37,1730,0.075,0.0,1.0,0.0,0.175585928288373
ni_tfnbs,"e=1.4,h=4.0,n=30,start_thres=1.25",hub,0.25,30,15,40,1730,3,0,37,1730,0.075,0.0,1.0,0.0,0.175585928288373
ni_tfnbs,"e=1.4,h=5.0,n=30,start_thres=1.25",hub,0.25,30,15,40,1730,3,0,37,1730,0.075,0.0,1.0,0.0,0.175585928288373
ni_tfnbs,"e=1.4,h=6.0,n=30,start_thres=1.25",hub,0.25,30,15,40,1730,3,0,37,1730,0.075,0.0,1.0,0.0,0.175585928288373
ni_tfnbs,"e=1.4,h=7.0,n=30,start_thres=1.25",hub,0.25,30,15,40,1730,3,0,37,1730,0.075,0.0,1.0,0.0,0.175585928288373
ni_tfnbs,"e=1.4,h=8.0,n=30,start_thres=1.25",hub,0.25,30,15,40,1730,3,0,37,1730,0.075,0.0,1.0,0.0,0.175585928288373
ni_tfnbs,"e=1.4,h=9.0,n=30,start_thres=1.25",hub,0.25,30,15,40,1730,3,0,37,1730,0.075,0.0,1.0,0.0,0.175585928288373
ni_tfnbs,"e=1.4,h=10.0,n=30,start_thres=1.25",hub,0.25,30,15,40,1730,3,0,37,1730,0.075,0.0,1.0,0.0,0.175585928288373
ni_tfnbs,"e=1.5,h=0.5,n=30,start_thres=1.25",hub,0.25,30,15,40,1730,0,0,40,1730,0.0,0.0,0.0,0.0,0.175585928288373
ni_tfnbs,"e=1.5,h=1.0,n=30,start_thres=1.25",hub,0.25,30,15,40,1730,0,0,40,1730,0.0,0.0,0.0,0.0,0.175585928288373
ni_tfnbs,"e=1.5,h=2.0,n=30,start_thres=1.25",hub,0.25,30,15,40,1730,1,0,39,1730,0.025,0.0,1.0,0.0,0.175585928288373
ni_tfnbs,"e=1.5,h=3.0,n=30,start_thres=1.25",hub,0.25,30,15,40,1730,3,0,37,1730,0.075,0.0,1.0,0.0,0.175585928288373
ni_tfnbs,"e=1.5,h=4.0,n=30,start_thres=1.25",hub,0.25,30,15,40,1730,3,0,37,1730,0.075,0.0,1.0,0.0,0.175585928288373
ni_tfnbs,"e=1.5,h=5.0,n=30,start_thres=1.25",hub,0.25,30,15,40,1730,3,0,37,1730,0.075,0.0,1.0,0.0,0.175585928288373
ni_tfnbs,"e=1.5,h=6.0,n=30,start_thres=1.25",hub,0.25,30,15,40,1730,3,0,37,1730,0.075,0.0,1.0,0.0,0.175585928288373
ni_tfnbs,"e=1.5,h=7.0,n=30,start_thres=1.25",hub,0.25,30,15,40,1730,3,0,37,1730,0.075,0.0,1.0,0.0,0.175585928288373
ni_tfnbs,"e=1.5,h=8.0,n=30,start_thres=1.25",hub,0.25,30,15,40,1730,3,0,37,1730,0.075,0.0,1.0,0.0,0.175585928288373
ni_tfnbs,"e=1.5,h=9.0,n=30,start_thres=1.25",hub,0.25,30,15,40,1730,3,0,37,1730,0.075,0.0,1.0,0.0,0.175585928288373
ni_tfnbs,"e=1.5,h=10.0,n=30,start_thres=1.25",hub,0.25,30,15,40,1730,3,0,37,1730,0.075,0.0,1.0,0.0,0.175585928288373
ni_tfnbs,"e=0.05,h=0.5,n=30,start_thres=1.25",hub,0.25,30,16,40,1730,7,0,33,1730,0.175,0.0,1.0,0.0,0.1742094145579771
ni_tfnbs,"e=0.05,h=1.0,n=30,start_thres=1.25",hub,0.25,30,16,40,1730,7,0,33,1730,0.175,0.0,1.0,0.0,0.1742094145579771
ni_tfnbs,"e=0.05,h=2.0,n=30,start_thres=1.25",hub,0.25,30,16,40,1730,7,0,33,1730,0.175,0.0,1.0,0.0,0.1742094145579771
ni_tfnbs,"e=0.05,h=3.0,n=30,start_thres=1.25",hub,0.25,30,16,40,1730,7,0,33,1730,0.175,0.0,1.0,0.0,0.1742094145579771
ni_tfnbs,"e=0.05,h=4.0,n=30,start_thres=1.25",hub,0.25,30,16,40,1730,7,0,33,1730,0.175,0.0,1.0,0.0,0.1742094145579771
ni_tfnbs,"e=0.05,h=5.0,n=30,start_thres=1.25",hub,0.25,30,16,40,1730,7,0,33,1730,0.175,0.0,1.0,0.0,0.1742094145579771
ni_tfnbs,"e=0.05,h=6.0,n=30,start_thres=1.25",hub,0.25,30,16,40,1730,7,0,33,1730,0.175,0.0,1.0,0.0,0.1742094145579771
ni_tfnbs,"e=0.05,h=7.0,n=30,start_thres=1.25",hub,0.25,30,16,40,1730,7,0,33,1730,0.175,0.0,1.0,0.0,0.1742094145579771
ni_tfnbs,"e=0.05,h=8.0,n=30,start_thres=1.25",hub,0.25,30,16,40,1730,7,0,33,1730,0.175,0.0,1.0,0.0,0.1742094145579771
ni_tfnbs,"e=0.05,h=9.0,n=30,start_thres=1.25",hub,0.25,30,16,40,1730,7,0,33,1730,0.175,0.0,1.0,0.0,0.1742094145579771
ni_tfnbs,"e=0.05,h=10.0,n=30,start_thres=1.25",hub,0.25,30,16,40,1730,7,0,33,1730,0.175,0.0,1.0,0.0,0.1742094145579771
ni_tfnbs,"e=0.1,h=0.5,n=30,start_thres=1.25",hub,0.25,30,16,40,1730,8,0,32,1730,0.2,0.0,1.0,0.0,0.1742094145579771
ni_tfnbs,"e=0.1,h=1.0,n=30,start_thres=1.25",hub,0.25,30,16,40,1730,7,0,33,1730,0.175,0.0,1.0,0.0,0.1742094145579771
ni_tfnbs,"e=0.1,h=2.0,n=30,start_thres=1.25",hub,0.25,30,16,40,1730,7,0,33,1730,0.175,0.0,1.0,0.0,0.1742094145579771
ni_tfnbs,"e=0.1,h=3.0,n=30,start_thres=1.25",hub,0.25,30,16,40,1730,7,0,33,1730,0.175,0.0,1.0,0.0,0.1742094145579771
ni_tfnbs,"e=0.1,h=4.0,n=30,start_thres=1.25",hub,0.25,30,16,40,1730,7,0,33,1730,0.175,0.0,1.0,0.0,0.1742094145579771
ni_tfnbs,"e=0.1,h=5.0,n=30,start_thres=1.25",hub,0.25,30,16,40,1730,7,0,33,1730,0.175,0.0,1.0,0.0,0.1742094145579771
ni_tfnbs,"e=0.1,h=6.0,n=30,start_thres=1.25",hub,0.25,30,16,40,1730,7,0,33,1730,0.175,0.0,1.0,0.0,0.1742094145579771
ni_tfnbs,"e=0.1,h=7.0,n=30,start_thres=1.25",hub,0.25,30,16,40,1730,7,0,33,1730,0.175,0.0,1.0,0.0,0.1742094145579771
ni_tfnbs,"e=0.1,h=8.0,n=30,start_thres=1.25",hub,0.25,30,16,40,1730,7,0,33,1730,0.175,0.0,1.0,0.0,0.1742094145579771
ni_tfnbs,"e=0.1,h=9.0,n=30,start_thres=1.25",hub,0.25,30,16,40,1730,7,0,33,1730,0.175,0.0,1.0,0.0,0.1742094145579771
ni_tfnbs,"e=0.1,h=10.0,n=30,start_thres=1.25",hub,0.25,30,16,40,1730,7,0,33,1730,0.175,0.0,1.0,0.0,0.1742094145579771
ni_tfnbs,"e=0.2,h=0.5,n=30,start_thres=1.25",hub,0.25,30,16,40,1730,11,0,29,1730,0.275,0.0,1.0,0.0,0.1742094145579771
ni_tfnbs,"e=0.2,h=1.0,n=30,start_thres=1.25",hub,0.25,30,16,40,1730,11,0,29,1730,0.275,0.0,1.0,0.0,0.1742094145579771
ni_tfnbs,"e=0.2,h=2.0,n=30,start_thres=1.25",hub,0.25,30,16,40,1730,9,0,31,1730,0.225,0.0,1.0,0.0,0.1742094145579771
ni_tfnbs,"e=0.2,h=3.0,n=30,start_thres=1.25",hub,0.25,30,16,40,1730,9,0,31,1730,0.225,0.0,1.0,0.0,0.1742094145579771
ni_tfnbs,"e=0.2,h=4.0,n=30,start_thres=1.25",hub,0.25,30,16,40,1730,8,0,32,1730,0.2,0.0,1.0,0.0,0.1742094145579771
ni_tfnbs,"e=0.2,h=5.0,n=30,start_thres=1.25",hub,0.25,30,16,40,1730,8,0,32,1730,0.2,0.0,1.0,0.0,0.1742094145579771
ni_tfnbs,"e=0.2,h=6.0,n=30,start_thres=1.25",hub,0.25,30,16,40,1730,7,0,33,1730,0.175,0.0,1.0,0.0,0.1742094145579771
ni_tfnbs,"e=0.2,h=7.0,n=30,start_thres=1.25",hub,0.25,30,16,40,1730,7,0,33,1730,0.175,0.0,1.0,0.0,0.1742094145579771
ni_tfnbs,"e=0.2,h=8.0,n=30,start_thres=1.25",hub,0.25,30,16,40,1730,7,0,33,1730,0.175,0.0,1.0,0.0,0.1742094145579771
ni_tfnbs,"e=0.2,h=9.0,n=30,start_thres=1.25",hub,0.25,30,16,40,1730,7,0,33,1730,0.175,0.0,1.0,0.0,0.1742094145579771
ni_tfnbs,"e=0.2,h=10.0,n=30,start_thres=1.25",hub,0.25,30,16,40,1730,7,0,33,1730,0.175,0.0,1.0,0.0,0.1742094145579771
ni_tfnbs,"e=0.3,h=0.5,n=30,start_thres=1.25",hub,0.25,30,16,40,1730,11,1,29,1729,0.275,0.0005780346820809,0.9166666666666666,0.0833333333333333,0.1742094145579771
ni_tfnbs,"e=0.3,h=1.0,n=30,start_thres=1.25",hub,0.25,30,16,40,1730,11,1,29,1729,0.275,0.0005780346820809,0.9166666666666666,0.0833333333333333,0.1742094145579771
ni_tfnbs,"e=0.3,h=2.0,n=30,start_thres=1.25",hub,0.25,30,16,40,1730,11,1,29,1729,0.275,0.0005780346820809,0.9166666666666666,0.0833333333333333,0.1742094145579771
ni_tfnbs,"e=0.3,h=3.0,n=30,start_thres=1.25",hub,0.25,30,16,40,1730,11,0,29,1730,0.275,0.0,1.0,0.0,0.1742094145579771
ni_tfnbs,"e=0.3,h=4.0,n=30,start_thres=1.25",hub,0.25,30,16,40,1730,9,0,31,1730,0.225,0.0,1.0,0.0,0.1742094145579771
ni_tfnbs,"e=0.3,h=5.0,n=30,start_thres=1.25",hub,0.25,30,16,40,1730,9,0,31,1730,0.225,0.0,1.0,0.0,0.1742094145579771
ni_tfnbs,"e=0.3,h=6.0,n=30,start_thres=1.25",hub,0.25,30,16,40,1730,8,0,32,1730,0.2,0.0,1.0,0.0,0.1742094145579771
ni_tfnbs,"e=0.3,h=7.0,n=30,start_thres=1.25",hub,0.25,30,16,40,1730,8,0,32,1730,0.2,0.0,1.0,0.0,0.1742094145579771
ni_tfnbs,"e=0.3,h=8.0,n=30,start_thres=1.25",hub,0.25,30,16,40,1730,8,0,32,1730,0.2,0.0,1.0,0.0,0.1742094145579771
ni_tfnbs,"e=0.3,h=9.0,n=30,start_thres=1.25",hub,0.25,30,16,40,1730,7,0,33,1730,0.175,0.0,1.0,0.0,0.1742094145579771
ni_tfnbs,"e=0.3,h=10.0,n=30,start_thres=1.25",hub,0.25,30,16,40,1730,7,0,33,1730,0.175,0.0,1.0,0.0,0.1742094145579771
ni_tfnbs,"e=0.4,h=0.5,n=30,start_thres=1.25",hub,0.25,30,16,40,1730,13,1,27,1729,0.325,0.0005780346820809,0.9285714285714286,0.0714285714285714,0.1742094145579771
ni_tfnbs,"e=0.4,h=1.0,n=30,start_thres=1.25",hub,0.25,30,16,40,1730,13,1,27,1729,0.325,0.0005780346820809,0.9285714285714286,0.0714285714285714,0.1742094145579771
ni_tfnbs,"e=0.4,h=2.0,n=30,start_thres=1.25",hub,0.25,30,16,40,1730,11,1,29,1729,0.275,0.0005780346820809,0.9166666666666666,0.0833333333333333,0.1742094145579771
ni_tfnbs,"e=0.4,h=3.0,n=30,start_thres=1.25",hub,0.25,30,16,40,1730,11,1,29,1729,0.275,0.0005780346820809,0.9166666666666666,0.0833333333333333,0.1742094145579771
ni_tfnbs,"e=0.4,h=4.0,n=30,start_thres=1.25",hub,0.25,30,16,40,1730,11,0,29,1730,0.275,0.0,1.0,0.0,0.1742094145579771
ni_tfnbs,"e=0.4,h=5.0,n=30,start_thres=1.25",hub,0.25,30,16,40,1730,11,0,29,1730,0.275,0.0,1.0,0.0,0.1742094145579771
ni_tfnbs,"e=0.4,h=6.0,n=30,start_thres=1.25",hub,0.25,30,16,40,1730,11,0,29,1730,0.275,0.0,1.0,0.0,0.1742094145579771
ni_tfnbs,"e=0.4,h=7.0,n=30,start_thres=1.25",hub,0.25,30,16,40,1730,9,0,31,1730,0.225,0.0,1.0,0.0,0.1742094145579771
ni_tfnbs,"e=0.4,h=8.0,n=30,start_thres=1.25",hub,0.25,30,16,40,1730,8,0,32,1730,0.2,0.0,1.0,0.0,0.1742094145579771
ni_tfnbs,"e=0.4,h=9.0,n=30,start_thres=1.25",hub,0.25,30,16,40,1730,8,0,32,1730,0.2,0.0,1.0,0.0,0.1742094145579771
ni_tfnbs,"e=0.4,h=10.0,n=30,start_thres=1.25",hub,0.25,30,16,40,1730,8,0,32,1730,0.2,0.0,1.0,0.0,0.1742094145579771
ni_tfnbs,"e=0.5,h=0.5,n=30,start_thres=1.25",hub,0.25,30,16,40,1730,13,2,27,1728,0.325,0.0011560693641618,0.8666666666666667,0.1333333333333333,0.1742094145579771
ni_tfnbs,"e=0.5,h=1.0,n=30,start_thres=1.25",hub,0.25,30,16,40,1730,13,2,27,1728,0.325,0.0011560693641618,0.8666666666666667,0.1333333333333333,0.1742094145579771
ni_tfnbs,"e=0.5,h=2.0,n=30,start_thres=1.25",hub,0.25,30,16,40,1730,13,1,27,1729,0.325,0.0005780346820809,0.9285714285714286,0.0714285714285714,0.1742094145579771
ni_tfnbs,"e=0.5,h=3.0,n=30,start_thres=1.25",hub,0.25,30,16,40,1730,11,1,29,1729,0.275,0.0005780346820809,0.9166666666666666,0.0833333333333333,0.1742094145579771
ni_tfnbs,"e=0.5,h=4.0,n=30,start_thres=1.25",hub,0.25,30,16,40,1730,11,1,29,1729,0.275,0.0005780346820809,0.9166666666666666,0.0833333333333333,0.1742094145579771
ni_tfnbs,"e=0.5,h=5.0,n=30,start_thres=1.25",hub,0.25,30,16,40,1730,11,1,29,1729,0.275,0.0005780346820809,0.9166666666666666,0.0833333333333333,0.1742094145579771
ni_tfnbs,"e=0.5,h=6.0,n=30,start_thres=1.25",hub,0.25,30,16,40,1730,11,0,29,1730,0.275,0.0,1.0,0.0,0.1742094145579771
ni_tfnbs,"e=0.5,h=7.0,n=30,start_thres=1.25",hub,0.25,30,16,40,1730,11,0,29,1730,0.275,0.0,1.0,0.0,0.1742094145579771
ni_tfnbs,"e=0.5,h=8.0,n=30,start_thres=1.25",hub,0.25,30,16,40,1730,11,0,29,1730,0.275,0.0,1.0,0.0,0.1742094145579771
ni_tfnbs,"e=0.5,h=9.0,n=30,start_thres=1.25",hub,0.25,30,16,40,1730,9,0,31,1730,0.225,0.0,1.0,0.0,0.1742094145579771
ni_tfnbs,"e=0.5,h=10.0,n=30,start_thres=1.25",hub,0.25,30,16,40,1730,8,0,32,1730,0.2,0.0,1.0,0.0,0.1742094145579771
ni_tfnbs,"e=0.6,h=0.5,n=30,start_thres=1.25",hub,0.25,30,16,40,1730,13,2,27,1728,0.325,0.0011560693641618,0.8666666666666667,0.1333333333333333,0.1742094145579771
ni_tfnbs,"e=0.6,h=1.0,n=30,start_thres=1.25",hub,0.25,30,16,40,1730,13,2,27,1728,0.325,0.0011560693641618,0.8666666666666667,0.1333333333333333,0.1742094145579771
ni_tfnbs,"e=0.6,h=2.0,n=30,start_thres=1.25",hub,0.25,30,16,40,1730,13,2,27,1728,0.325,0.0011560693641618,0.8666666666666667,0.1333333333333333,0.1742094145579771
ni_tfnbs,"e=0.6,h=3.0,n=30,start_thres=1.25",hub,0.25,30,16,40,1730,13,2,27,1728,0.325,0.0011560693641618,0.8666666666666667,0.1333333333333333,0.1742094145579771
ni_tfnbs,"e=0.6,h=4.0,n=30,start_thres=1.25",hub,0.25,30,16,40,1730,11,1,29,1729,0.275,0.0005780346820809,0.9166666666666666,0.0833333333333333,0.1742094145579771
ni_tfnbs,"e=0.6,h=5.0,n=30,start_thres=1.25",hub,0.25,30,16,40,1730,11,1,29,1729,0.275,0.0005780346820809,0.9166666666666666,0.0833333333333333,0.1742094145579771
ni_tfnbs,"e=0.6,h=6.0,n=30,start_thres=1.25",hub,0.25,30,16,40,1730,11,1,29,1729,0.275,0.0005780346820809,0.9166666666666666,0.0833333333333333,0.1742094145579771
ni_tfnbs,"e=0.6,h=7.0,n=30,start_thres=1.25",hub,0.25,30,16,40,1730,11,0,29,1730,0.275,0.0,1.0,0.0,0.1742094145579771
ni_tfnbs,"e=0.6,h=8.0,n=30,start_thres=1.25",hub,0.25,30,16,40,1730,11,0,29,1730,0.275,0.0,1.0,0.0,0.1742094145579771
ni_tfnbs,"e=0.6,h=9.0,n=30,start_thres=1.25",hub,0.25,30,16,40,1730,11,0,29,1730,0.275,0.0,1.0,0.0,0.1742094145579771
ni_tfnbs,"e=0.6,h=10.0,n=30,start_thres=1.25",hub,0.25,30,16,40,1730,11,0,29,1730,0.275,0.0,1.0,0.0,0.1742094145579771
ni_tfnbs,"e=0.7,h=0.5,n=30,start_thres=1.25",hub,0.25,30,16,40,1730,13,2,27,1728,0.325,0.0011560693641618,0.8666666666666667,0.1333333333333333,0.1742094145579771
ni_tfnbs,"e=0.7,h=1.0,n=30,start_thres=1.25",hub,0.25,30,16,40,1730,13,2,27,1728,0.325,0.0011560693641618,0.8666666666666667,0.1333333333333333,0.1742094145579771
ni_tfnbs,"e=0.7,h=2.0,n=30,start_thres=1.25",hub,0.25,30,16,40,1730,13,2,27,1728,0.325,0.0011560693641618,0.8666666666666667,0.1333333333333333,0.1742094145579771
ni_tfnbs,"e=0.7,h=3.0,n=30,start_thres=1.25",hub,0.25,30,16,40,1730,13,2,27,1728,0.325,0.0011560693641618,0.8666666666666667,0.1333333333333333,0.1742094145579771
ni_tfnbs,"e=0.7,h=4.0,n=30,start_thres=1.25",hub,0.25,30,16,40,1730,13,2,27,1728,0.325,0.0011560693641618,0.8666666666666667,0.1333333333333333,0.1742094145579771
ni_tfnbs,"e=0.7,h=5.0,n=30,start_thres=1.25",hub,0.25,30,16,40,1730,11,1,29,1729,0.275,0.0005780346820809,0.9166666666666666,0.0833333333333333,0.1742094145579771
ni_tfnbs,"e=0.7,h=6.0,n=30,start_thres=1.25",hub,0.25,30,16,40,1730,11,1,29,1729,0.275,0.0005780346820809,0.9166666666666666,0.0833333333333333,0.1742094145579771
ni_tfnbs,"e=0.7,h=7.0,n=30,start_thres=1.25",hub,0.25,30,16,40,1730,11,1,29,1729,0.275,0.0005780346820809,0.9166666666666666,0.0833333333333333,0.1742094145579771
ni_tfnbs,"e=0.7,h=8.0,n=30,start_thres=1.25",hub,0.25,30,16,40,1730,11,0,29,1730,0.275,0.0,1.0,0.0,0.1742094145579771
ni_tfnbs,"e=0.7,h=9.0,n=30,start_thres=1.25",hub,0.25,30,16,40,1730,11,0,29,1730,0.275,0.0,1.0,0.0,0.1742094145579771
ni_tfnbs,"e=0.7,h=10.0,n=30,start_thres=1.25",hub,0.25,30,16,40,1730,11,0,29,1730,0.275,0.0,1.0,0.0,0.1742094145579771
ni_tfnbs,"e=0.8,h=0.5,n=30,start_thres=1.25",hub,0.25,30,16,40,1730,13,2,27,1728,0.325,0.0011560693641618,0.8666666666666667,0.1333333333333333,0.1742094145579771
ni_tfnbs,"e=0.8,h=1.0,n=30,start_thres=1.25",hub,0.25,30,16,40,1730,13,2,27,1728,0.325,0.0011560693641618,0.8666666666666667,0.1333333333333333,0.1742094145579771
ni_tfnbs,"e=0.8,h=2.0,n=30,start_thres=1.25",hub,0.25,30,16,40,1730,13,2,27,1728,0.325,0.0011560693641618,0.8666666666666667,0.1333333333333333,0.1742094145579771
ni_tfnbs,"e=0.8,h=3.0,n=30,start_thres=1.25",hub,0.25,30,16,40,1730,13,2,27,1728,0.325,0.0011560693641618,0.8666666666666667,0.1333333333333333,0.1742094145579771
ni_tfnbs,"e=0.8,h=4.0,n=30,start_thres=1.25",hub,0.25,30,16,40,1730,13,2,27,1728,0.325,0.0011560693641618,0.8666666666666667,0.1333333333333333,0.1742094145579771
ni_tfnbs,"e=0.8,h=5.0,n=30,start_thres=1.25",hub,0.25,30,16,40,1730,13,1,27,1729,0.325,0.0005780346820809,0.9285714285714286,0.0714285714285714,0.1742094145579771
ni_tfnbs,"e=0.8,h=6.0,n=30,start_thres=1.25",hub,0.25,30,16,40,1730,11,1,29,1729,0.275,0.0005780346820809,0.9166666666666666,0.0833333333333333,0.1742094145579771
ni_tfnbs,"e=0.8,h=7.0,n=30,start_thres=1.25",hub,0.25,30,16,40,1730,11,1,29,1729,0.275,0.0005780346820809,0.9166666666666666,0.0833333333333333,0.1742094145579771
ni_tfnbs,"e=0.8,h=8.0,n=30,start_thres=1.25",hub,0.25,30,16,40,1730,11,1,29,1729,0.275,0.0005780346820809,0.9166666666666666,0.0833333333333333,0.1742094145579771
ni_tfnbs,"e=0.8,h=9.0,n=30,start_thres=1.25",hub,0.25,30,16,40,1730,11,1,29,1729,0.275,0.0005780346820809,0.9166666666666666,0.0833333333333333,0.1742094145579771
ni_tfnbs,"e=0.8,h=10.0,n=30,start_thres=1.25",hub,0.25,30,16,40,1730,11,0,29,1730,0.275,0.0,1.0,0.0,0.1742094145579771
ni_tfnbs,"e=0.9,h=0.5,n=30,start_thres=1.25",hub,0.25,30,16,40,1730,13,2,27,1728,0.325,0.0011560693641618,0.8666666666666667,0.1333333333333333,0.1742094145579771
ni_tfnbs,"e=0.9,h=1.0,n=30,start_thres=1.25",hub,0.25,30,16,40,1730,13,2,27,1728,0.325,0.0011560693641618,0.8666666666666667,0.1333333333333333,0.1742094145579771
ni_tfnbs,"e=0.9,h=2.0,n=30,start_thres=1.25",hub,0.25,30,16,40,1730,13,2,27,1728,0.325,0.0011560693641618,0.8666666666666667,0.1333333333333333,0.1742094145579771
ni_tfnbs,"e=0.9,h=3.0,n=30,start_thres=1.25",hub,0.25,30,16,40,1730,13,2,27,1728,0.325,0.0011560693641618,0.8666666666666667,0.1333333333333333,0.1742094145579771
ni_tfnbs,"e=0.9,h=4.0,n=30,start_thres=1.25",hub,0.25,30,16,40,1730,13,2,27,1728,0.325,0.0011560693641618,0.8666666666666667,0.1333333333333333,0.1742094145579771
ni_tfnbs,"e=0.9,h=5.0,n=30,start_thres=1.25",hub,0.25,30,16,40,1730,13,2,27,1728,0.325,0.0011560693641618,0.8666666666666667,0.1333333333333333,0.1742094145579771
ni_tfnbs,"e=0.9,h=6.0,n=30,start_thres=1.25",hub,0.25,30,16,40,1730,13,1,27,1729,0.325,0.0005780346820809,0.9285714285714286,0.0714285714285714,0.1742094145579771
ni_tfnbs,"e=0.9,h=7.0,n=30,start_thres=1.25",hub,0.25,30,16,40,1730,11,1,29,1729,0.275,0.0005780346820809,0.9166666666666666,0.0833333333333333,0.1742094145579771
ni_tfnbs,"e=0.9,h=8.0,n=30,start_thres=1.25",hub,0.25,30,16,40,1730,11,1,29,1729,0.275,0.0005780346820809,0.9166666666666666,0.0833333333333333,0.1742094145579771
ni_tfnbs,"e=0.9,h=9.0,n=30,start_thres=1.25",hub,0.25,30,16,40,1730,11,1,29,1729,0.275,0.0005780346820809,0.9166666666666666,0.0833333333333333,0.1742094145579771
ni_tfnbs,"e=0.9,h=10.0,n=30,start_thres=1.25",hub,0.25,30,16,40,1730,11,1,29,1729,0.275,0.0005780346820809,0.9166666666666666,0.0833333333333333,0.1742094145579771
ni_tfnbs,"e=1.0,h=0.5,n=30,start_thres=1.25",hub,0.25,30,16,40,1730,13,2,27,1728,0.325,0.0011560693641618,0.8666666666666667,0.1333333333333333,0.1742094145579771
ni_tfnbs,"e=1.0,h=1.0,n=30,start_thres=1.25",hub,0.25,30,16,40,1730,13,2,27,1728,0.325,0.0011560693641618,0.8666666666666667,0.1333333333333333,0.1742094145579771
ni_tfnbs,"e=1.0,h=2.0,n=30,start_thres=1.25",hub,0.25,30,16,40,1730,13,2,27,1728,0.325,0.0011560693641618,0.8666666666666667,0.1333333333333333,0.1742094145579771
ni_tfnbs,"e=1.0,h=3.0,n=30,start_thres=1.25",hub,0.25,30,16,40,1730,13,2,27,1728,0.325,0.0011560693641618,0.8666666666666667,0.1333333333333333,0.1742094145579771
ni_tfnbs,"e=1.0,h=4.0,n=30,start_thres=1.25",hub,0.25,30,16,40,1730,14,2,26,1728,0.35,0.0011560693641618,0.875,0.125,0.1742094145579771
ni_tfnbs,"e=1.0,h=5.0,n=30,start_thres=1.25",hub,0.25,30,16,40,1730,13,2,27,1728,0.325,0.0011560693641618,0.8666666666666667,0.1333333333333333,0.1742094145579771
ni_tfnbs,"e=1.0,h=6.0,n=30,start_thres=1.25",hub,0.25,30,16,40,1730,13,2,27,1728,0.325,0.0011560693641618,0.8666666666666667,0.1333333333333333,0.1742094145579771
ni_tfnbs,"e=1.0,h=7.0,n=30,start_thres=1.25",hub,0.25,30,16,40,1730,13,1,27,1729,0.325,0.0005780346820809,0.9285714285714286,0.0714285714285714,0.1742094145579771
ni_tfnbs,"e=1.0,h=8.0,n=30,start_thres=1.25",hub,0.25,30,16,40,1730,11,1,29,1729,0.275,0.0005780346820809,0.9166666666666666,0.0833333333333333,0.1742094145579771
ni_tfnbs,"e=1.0,h=9.0,n=30,start_thres=1.25",hub,0.25,30,16,40,1730,11,1,29,1729,0.275,0.0005780346820809,0.9166666666666666,0.0833333333333333,0.1742094145579771
ni_tfnbs,"e=1.0,h=10.0,n=30,start_thres=1.25",hub,0.25,30,16,40,1730,11,1,29,1729,0.275,0.0005780346820809,0.9166666666666666,0.0833333333333333,0.1742094145579771
ni_tfnbs,"e=1.1,h=0.5,n=30,start_thres=1.25",hub,0.25,30,16,40,1730,11,2,29,1728,0.275,0.0011560693641618,0.8461538461538461,0.1538461538461538,0.1742094145579771
ni_tfnbs,"e=1.1,h=1.0,n=30,start_thres=1.25",hub,0.25,30,16,40,1730,13,2,27,1728,0.325,0.0011560693641618,0.8666666666666667,0.1333333333333333,0.1742094145579771
ni_tfnbs,"e=1.1,h=2.0,n=30,start_thres=1.25",hub,0.25,30,16,40,1730,13,2,27,1728,0.325,0.0011560693641618,0.8666666666666667,0.1333333333333333,0.1742094145579771
ni_tfnbs,"e=1.1,h=3.0,n=30,start_thres=1.25",hub,0.25,30,16,40,1730,13,2,27,1728,0.325,0.0011560693641618,0.8666666666666667,0.1333333333333333,0.1742094145579771
ni_tfnbs,"e=1.1,h=4.0,n=30,start_thres=1.25",hub,0.25,30,16,40,1730,14,2,26,1728,0.35,0.0011560693641618,0.875,0.125,0.1742094145579771
ni_tfnbs,"e=1.1,h=5.0,n=30,start_thres=1.25",hub,0.25,30,16,40,1730,14,2,26,1728,0.35,0.0011560693641618,0.875,0.125,0.1742094145579771
ni_tfnbs,"e=1.1,h=6.0,n=30,start_thres=1.25",hub,0.25,30,16,40,1730,13,2,27,1728,0.325,0.0011560693641618,0.8666666666666667,0.1333333333333333,0.1742094145579771
ni_tfnbs,"e=1.1,h=7.0,n=30,start_thres=1.25",hub,0.25,30,16,40,1730,13,2,27,1728,0.325,0.0011560693641618,0.8666666666666667,0.1333333333333333,0.1742094145579771
ni_tfnbs,"e=1.1,h=8.0,n=30,start_thres=1.25",hub,0.25,30,16,40,1730,13,1,27,1729,0.325,0.0005780346820809,0.9285714285714286,0.0714285714285714,0.1742094145579771
ni_tfnbs,"e=1.1,h=9.0,n=30,start_thres=1.25",hub,0.25,30,16,40,1730,11,1,29,1729,0.275,0.0005780346820809,0.9166666666666666,0.0833333333333333,0.1742094145579771
ni_tfnbs,"e=1.1,h=10.0,n=30,start_thres=1.25",hub,0.25,30,16,40,1730,11,1,29,1729,0.275,0.0005780346820809,0.9166666666666666,0.0833333333333333,0.1742094145579771
ni_tfnbs,"e=1.2,h=0.5,n=30,start_thres=1.25",hub,0.25,30,16,40,1730,11,2,29,1728,0.275,0.0011560693641618,0.8461538461538461,0.1538461538461538,0.1742094145579771
ni_tfnbs,"e=1.2,h=1.0,n=30,start_thres=1.25",hub,0.25,30,16,40,1730,12,4,28,1726,0.3,0.0023121387283236,0.75,0.25,0.1742094145579771
ni_tfnbs,"e=1.2,h=2.0,n=30,start_thres=1.25",hub,0.25,30,16,40,1730,13,4,27,1726,0.325,0.0023121387283236,0.7647058823529411,0.2352941176470588,0.1742094145579771
ni_tfnbs,"e=1.2,h=3.0,n=30,start_thres=1.25",hub,0.25,30,16,40,1730,13,4,27,1726,0.325,0.0023121387283236,0.7647058823529411,0.2352941176470588,0.1742094145579771
ni_tfnbs,"e=1.2,h=4.0,n=30,start_thres=1.25",hub,0.25,30,16,40,1730,14,2,26,1728,0.35,0.0011560693641618,0.875,0.125,0.1742094145579771
ni_tfnbs,"e=1.2,h=5.0,n=30,start_thres=1.25",hub,0.25,30,16,40,1730,14,2,26,1728,0.35,0.0011560693641618,0.875,0.125,0.1742094145579771
ni_tfnbs,"e=1.2,h=6.0,n=30,start_thres=1.25",hub,0.25,30,16,40,1730,13,2,27,1728,0.325,0.0011560693641618,0.8666666666666667,0.1333333333333333,0.1742094145579771
ni_tfnbs,"e=1.2,h=7.0,n=30,start_thres=1.25",hub,0.25,30,16,40,1730,13,2,27,1728,0.325,0.0011560693641618,0.8666666666666667,0.1333333333333333,0.1742094145579771
ni_tfnbs,"e=1.2,h=8.0,n=30,start_thres=1.25",hub,0.25,30,16,40,1730,13,2,27,1728,0.325,0.0011560693641618,0.8666666666666667,0.1333333333333333,0.1742094145579771
ni_tfnbs,"e=1.2,h=9.0,n=30,start_thres=1.25",hub,0.25,30,16,40,1730,13,1,27,1729,0.325,0.0005780346820809,0.9285714285714286,0.0714285714285714,0.1742094145579771
ni_tfnbs,"e=1.2,h=10.0,n=30,start_thres=1.25",hub,0.25,30,16,40,1730,11,1,29,1729,0.275,0.0005780346820809,0.9166666666666666,0.0833333333333333,0.1742094145579771
ni_tfnbs,"e=1.3,h=0.5,n=30,start_thres=1.25",hub,0.25,30,16,40,1730,11,2,29,1728,0.275,0.0011560693641618,0.8461538461538461,0.1538461538461538,0.1742094145579771
ni_tfnbs,"e=1.3,h=1.0,n=30,start_thres=1.25",hub,0.25,30,16,40,1730,11,4,29,1726,0.275,0.0023121387283236,0.7333333333333333,0.2666666666666666,0.1742094145579771
ni_tfnbs,"e=1.3,h=2.0,n=30,start_thres=1.25",hub,0.25,30,16,40,1730,13,4,27,1726,0.325,0.0023121387283236,0.7647058823529411,0.2352941176470588,0.1742094145579771
ni_tfnbs,"e=1.3,h=3.0,n=30,start_thres=1.25",hub,0.25,30,16,40,1730,13,4,27,1726,0.325,0.0023121387283236,0.7647058823529411,0.2352941176470588,0.1742094145579771
ni_tfnbs,"e=1.3,h=4.0,n=30,start_thres=1.25",hub,0.25,30,16,40,1730,17,4,23,1726,0.425,0.0023121387283236,0.8095238095238095,0.1904761904761904,0.1742094145579771
ni_tfnbs,"e=1.3,h=5.0,n=30,start_thres=1.25",hub,0.25,30,16,40,1730,14,2,26,1728,0.35,0.0011560693641618,0.875,0.125,0.1742094145579771
ni_tfnbs,"e=1.3,h=6.0,n=30,start_thres=1.25",hub,0.25,30,16,40,1730,14,2,26,1728,0.35,0.0011560693641618,0.875,0.125,0.1742094145579771
ni_tfnbs,"e=1.3,h=7.0,n=30,start_thres=1.25",hub,0.25,30,16,40,1730,13,2,27,1728,0.325,0.0011560693641618,0.8666666666666667,0.1333333333333333,0.1742094145579771
ni_tfnbs,"e=1.3,h=8.0,n=30,start_thres=1.25",hub,0.25,30,16,40,1730,13,2,27,1728,0.325,0.0011560693641618,0.8666666666666667,0.1333333333333333,0.1742094145579771
ni_tfnbs,"e=1.3,h=9.0,n=30,start_thres=1.25",hub,0.25,30,16,40,1730,13,2,27,1728,0.325,0.0011560693641618,0.8666666666666667,0.1333333333333333,0.1742094145579771
ni_tfnbs,"e=1.3,h=10.0,n=30,start_thres=1.25",hub,0.25,30,16,40,1730,13,1,27,1729,0.325,0.0005780346820809,0.9285714285714286,0.0714285714285714,0.1742094145579771
ni_tfnbs,"e=1.4,h=0.5,n=30,start_thres=1.25",hub,0.25,30,16,40,1730,11,2,29,1728,0.275,0.0011560693641618,0.8461538461538461,0.1538461538461538,0.1742094145579771
ni_tfnbs,"e=1.4,h=1.0,n=30,start_thres=1.25",hub,0.25,30,16,40,1730,11,4,29,1726,0.275,0.0023121387283236,0.7333333333333333,0.2666666666666666,0.1742094145579771
ni_tfnbs,"e=1.4,h=2.0,n=30,start_thres=1.25",hub,0.25,30,16,40,1730,13,4,27,1726,0.325,0.0023121387283236,0.7647058823529411,0.2352941176470588,0.1742094145579771
ni_tfnbs,"e=1.4,h=3.0,n=30,start_thres=1.25",hub,0.25,30,16,40,1730,16,4,24,1726,0.4,0.0023121387283236,0.8,0.2,0.1742094145579771
ni_tfnbs,"e=1.4,h=4.0,n=30,start_thres=1.25",hub,0.25,30,16,40,1730,17,4,23,1726,0.425,0.0023121387283236,0.8095238095238095,0.1904761904761904,0.1742094145579771
ni_tfnbs,"e=1.4,h=5.0,n=30,start_thres=1.25",hub,0.25,30,16,40,1730,14,2,26,1728,0.35,0.0011560693641618,0.875,0.125,0.1742094145579771
ni_tfnbs,"e=1.4,h=6.0,n=30,start_thres=1.25",hub,0.25,30,16,40,1730,14,2,26,1728,0.35,0.0011560693641618,0.875,0.125,0.1742094145579771
ni_tfnbs,"e=1.4,h=7.0,n=30,start_thres=1.25",hub,0.25,30,16,40,1730,14,2,26,1728,0.35,0.0011560693641618,0.875,0.125,0.1742094145579771
ni_tfnbs,"e=1.4,h=8.0,n=30,start_thres=1.25",hub,0.25,30,16,40,1730,13,2,27,1728,0.325,0.0011560693641618,0.8666666666666667,0.1333333333333333,0.1742094145579771
ni_tfnbs,"e=1.4,h=9.0,n=30,start_thres=1.25",hub,0.25,30,16,40,1730,13,2,27,1728,0.325,0.0011560693641618,0.8666666666666667,0.1333333333333333,0.1742094145579771
ni_tfnbs,"e=1.4,h=10.0,n=30,start_thres=1.25",hub,0.25,30,16,40,1730,13,1,27,1729,0.325,0.0005780346820809,0.9285714285714286,0.0714285714285714,0.1742094145579771
ni_tfnbs,"e=1.5,h=0.5,n=30,start_thres=1.25",hub,0.25,30,16,40,1730,9,2,31,1728,0.225,0.0011560693641618,0.8181818181818182,0.1818181818181818,0.1742094145579771
ni_tfnbs,"e=1.5,h=1.0,n=30,start_thres=1.25",hub,0.25,30,16,40,1730,11,4,29,1726,0.275,0.0023121387283236,0.7333333333333333,0.2666666666666666,0.1742094145579771
ni_tfnbs,"e=1.5,h=2.0,n=30,start_thres=1.25",hub,0.25,30,16,40,1730,12,4,28,1726,0.3,0.0023121387283236,0.75,0.25,0.1742094145579771
ni_tfnbs,"e=1.5,h=3.0,n=30,start_thres=1.25",hub,0.25,30,16,40,1730,16,4,24,1726,0.4,0.0023121387283236,0.8,0.2,0.1742094145579771
ni_tfnbs,"e=1.5,h=4.0,n=30,start_thres=1.25",hub,0.25,30,16,40,1730,17,4,23,1726,0.425,0.0023121387283236,0.8095238095238095,0.1904761904761904,0.1742094145579771
ni_tfnbs,"e=1.5,h=5.0,n=30,start_thres=1.25",hub,0.25,30,16,40,1730,19,4,21,1726,0.475,0.0023121387283236,0.8260869565217391,0.1739130434782608,0.1742094145579771
ni_tfnbs,"e=1.5,h=6.0,n=30,start_thres=1.25",hub,0.25,30,16,40,1730,16,2,24,1728,0.4,0.0011560693641618,0.8888888888888888,0.1111111111111111,0.1742094145579771
ni_tfnbs,"e=1.5,h=7.0,n=30,start_thres=1.25",hub,0.25,30,16,40,1730,14,2,26,1728,0.35,0.0011560693641618,0.875,0.125,0.1742094145579771
ni_tfnbs,"e=1.5,h=8.0,n=30,start_thres=1.25",hub,0.25,30,16,40,1730,14,2,26,1728,0.35,0.0011560693641618,0.875,0.125,0.1742094145579771
ni_tfnbs,"e=1.5,h=9.0,n=30,start_thres=1.25",hub,0.25,30,16,40,1730,13,2,27,1728,0.325,0.0011560693641618,0.8666666666666667,0.1333333333333333,0.1742094145579771
ni_tfnbs,"e=1.5,h=10.0,n=30,start_thres=1.25",hub,0.25,30,16,40,1730,13,2,27,1728,0.325,0.0011560693641618,0.8666666666666667,0.1333333333333333,0.1742094145579771
ni_tfnbs,"e=0.05,h=0.5,n=30,start_thres=1.25",hub,0.25,30,17,40,1730,10,0,30,1730,0.25,0.0,1.0,0.0,0.1750966147942976
ni_tfnbs,"e=0.05,h=1.0,n=30,start_thres=1.25",hub,0.25,30,17,40,1730,10,0,30,1730,0.25,0.0,1.0,0.0,0.1750966147942976
ni_tfnbs,"e=0.05,h=2.0,n=30,start_thres=1.25",hub,0.25,30,17,40,1730,8,0,32,1730,0.2,0.0,1.0,0.0,0.1750966147942976
ni_tfnbs,"e=0.05,h=3.0,n=30,start_thres=1.25",hub,0.25,30,17,40,1730,8,0,32,1730,0.2,0.0,1.0,0.0,0.1750966147942976
ni_tfnbs,"e=0.05,h=4.0,n=30,start_thres=1.25",hub,0.25,30,17,40,1730,7,0,33,1730,0.175,0.0,1.0,0.0,0.1750966147942976
ni_tfnbs,"e=0.05,h=5.0,n=30,start_thres=1.25",hub,0.25,30,17,40,1730,7,0,33,1730,0.175,0.0,1.0,0.0,0.1750966147942976
ni_tfnbs,"e=0.05,h=6.0,n=30,start_thres=1.25",hub,0.25,30,17,40,1730,7,0,33,1730,0.175,0.0,1.0,0.0,0.1750966147942976
ni_tfnbs,"e=0.05,h=7.0,n=30,start_thres=1.25",hub,0.25,30,17,40,1730,7,0,33,1730,0.175,0.0,1.0,0.0,0.1750966147942976
ni_tfnbs,"e=0.05,h=8.0,n=30,start_thres=1.25",hub,0.25,30,17,40,1730,7,0,33,1730,0.175,0.0,1.0,0.0,0.1750966147942976
ni_tfnbs,"e=0.05,h=9.0,n=30,start_thres=1.25",hub,0.25,30,17,40,1730,7,0,33,1730,0.175,0.0,1.0,0.0,0.1750966147942976
ni_tfnbs,"e=0.05,h=10.0,n=30,start_thres=1.25",hub,0.25,30,17,40,1730,7,0,33,1730,0.175,0.0,1.0,0.0,0.1750966147942976
ni_tfnbs,"e=0.1,h=0.5,n=30,start_thres=1.25",hub,0.25,30,17,40,1730,10,0,30,1730,0.25,0.0,1.0,0.0,0.1750966147942976
ni_tfnbs,"e=0.1,h=1.0,n=30,start_thres=1.25",hub,0.25,30,17,40,1730,10,0,30,1730,0.25,0.0,1.0,0.0,0.1750966147942976
ni_tfnbs,"e=0.1,h=2.0,n=30,start_thres=1.25",hub,0.25,30,17,40,1730,10,0,30,1730,0.25,0.0,1.0,0.0,0.1750966147942976
ni_tfnbs,"e=0.1,h=3.0,n=30,start_thres=1.25",hub,0.25,30,17,40,1730,10,0,30,1730,0.25,0.0,1.0,0.0,0.1750966147942976
ni_tfnbs,"e=0.1,h=4.0,n=30,start_thres=1.25",hub,0.25,30,17,40,1730,10,0,30,1730,0.25,0.0,1.0,0.0,0.1750966147942976
ni_tfnbs,"e=0.1,h=5.0,n=30,start_thres=1.25",hub,0.25,30,17,40,1730,9,0,31,1730,0.225,0.0,1.0,0.0,0.1750966147942976
ni_tfnbs,"e=0.1,h=6.0,n=30,start_thres=1.25",hub,0.25,30,17,40,1730,9,0,31,1730,0.225,0.0,1.0,0.0,0.1750966147942976
ni_tfnbs,"e=0.1,h=7.0,n=30,start_thres=1.25",hub,0.25,30,17,40,1730,8,0,32,1730,0.2,0.0,1.0,0.0,0.1750966147942976
ni_tfnbs,"e=0.1,h=8.0,n=30,start_thres=1.25",hub,0.25,30,17,40,1730,7,0,33,1730,0.175,0.0,1.0,0.0,0.1750966147942976
ni_tfnbs,"e=0.1,h=9.0,n=30,start_thres=1.25",hub,0.25,30,17,40,1730,7,0,33,1730,0.175,0.0,1.0,0.0,0.1750966147942976
ni_tfnbs,"e=0.1,h=10.0,n=30,start_thres=1.25",hub,0.25,30,17,40,1730,7,0,33,1730,0.175,0.0,1.0,0.0,0.1750966147942976
ni_tfnbs,"e=0.2,h=0.5,n=30,start_thres=1.25",hub,0.25,30,17,40,1730,13,0,27,1730,0.325,0.0,1.0,0.0,0.1750966147942976
ni_tfnbs,"e=0.2,h=1.0,n=30,start_thres=1.25",hub,0.25,30,17,40,1730,13,0,27,1730,0.325,0.0,1.0,0.0,0.1750966147942976
ni_tfnbs,"e=0.2,h=2.0,n=30,start_thres=1.25",hub,0.25,30,17,40,1730,10,0,30,1730,0.25,0.0,1.0,0.0,0.1750966147942976
ni_tfnbs,"e=0.2,h=3.0,n=30,start_thres=1.25",hub,0.25,30,17,40,1730,10,0,30,1730,0.25,0.0,1.0,0.0,0.1750966147942976
ni_tfnbs,"e=0.2,h=4.0,n=30,start_thres=1.25",hub,0.25,30,17,40,1730,10,0,30,1730,0.25,0.0,1.0,0.0,0.1750966147942976
ni_tfnbs,"e=0.2,h=5.0,n=30,start_thres=1.25",hub,0.25,30,17,40,1730,10,0,30,1730,0.25,0.0,1.0,0.0,0.1750966147942976
ni_tfnbs,"e=0.2,h=6.0,n=30,start_thres=1.25",hub,0.25,30,17,40,1730,10,0,30,1730,0.25,0.0,1.0,0.0,0.1750966147942976
ni_tfnbs,"e=0.2,h=7.0,n=30,start_thres=1.25",hub,0.25,30,17,40,1730,10,0,30,1730,0.25,0.0,1.0,0.0,0.1750966147942976
ni_tfnbs,"e=0.2,h=8.0,n=30,start_thres=1.25",hub,0.25,30,17,40,1730,10,0,30,1730,0.25,0.0,1.0,0.0,0.1750966147942976
ni_tfnbs,"e=0.2,h=9.0,n=30,start_thres=1.25",hub,0.25,30,17,40,1730,9,0,31,1730,0.225,0.0,1.0,0.0,0.1750966147942976
ni_tfnbs,"e=0.2,h=10.0,n=30,start_thres=1.25",hub,0.25,30,17,40,1730,9,0,31,1730,0.225,0.0,1.0,0.0,0.1750966147942976
ni_tfnbs,"e=0.3,h=0.5,n=30,start_thres=1.25",hub,0.25,30,17,40,1730,14,0,26,1730,0.35,0.0,1.0,0.0,0.1750966147942976
ni_tfnbs,"e=0.3,h=1.0,n=30,start_thres=1.25",hub,0.25,30,17,40,1730,13,0,27,1730,0.325,0.0,1.0,0.0,0.1750966147942976
ni_tfnbs,"e=0.3,h=2.0,n=30,start_thres=1.25",hub,0.25,30,17,40,1730,13,0,27,1730,0.325,0.0,1.0,0.0,0.1750966147942976
ni_tfnbs,"e=0.3,h=3.0,n=30,start_thres=1.25",hub,0.25,30,17,40,1730,13,0,27,1730,0.325,0.0,1.0,0.0,0.1750966147942976
ni_tfnbs,"e=0.3,h=4.0,n=30,start_thres=1.25",hub,0.25,30,17,40,1730,11,0,29,1730,0.275,0.0,1.0,0.0,0.1750966147942976
ni_tfnbs,"e=0.3,h=5.0,n=30,start_thres=1.25",hub,0.25,30,17,40,1730,10,0,30,1730,0.25,0.0,1.0,0.0,0.1750966147942976
ni_tfnbs,"e=0.3,h=6.0,n=30,start_thres=1.25",hub,0.25,30,17,40,1730,10,0,30,1730,0.25,0.0,1.0,0.0,0.1750966147942976
ni_tfnbs,"e=0.3,h=7.0,n=30,start_thres=1.25",hub,0.25,30,17,40,1730,10,0,30,1730,0.25,0.0,1.0,0.0,0.1750966147942976
ni_tfnbs,"e=0.3,h=8.0,n=30,start_thres=1.25",hub,0.25,30,17,40,1730,10,0,30,1730,0.25,0.0,1.0,0.0,0.1750966147942976
ni_tfnbs,"e=0.3,h=9.0,n=30,start_thres=1.25",hub,0.25,30,17,40,1730,10,0,30,1730,0.25,0.0,1.0,0.0,0.1750966147942976
ni_tfnbs,"e=0.3,h=10.0,n=30,start_thres=1.25",hub,0.25,30,17,40,1730,10,0,30,1730,0.25,0.0,1.0,0.0,0.1750966147942976
ni_tfnbs,"e=0.4,h=0.5,n=30,start_thres=1.25",hub,0.25,30,17,40,1730,15,1,25,1729,0.375,0.0005780346820809,0.9375,0.0625,0.1750966147942976
ni_tfnbs,"e=0.4,h=1.0,n=30,start_thres=1.25",hub,0.25,30,17,40,1730,15,1,25,1729,0.375,0.0005780346820809,0.9375,0.0625,0.1750966147942976
ni_tfnbs,"e=0.4,h=2.0,n=30,start_thres=1.25",hub,0.25,30,17,40,1730,14,0,26,1730,0.35,0.0,1.0,0.0,0.1750966147942976
ni_tfnbs,"e=0.4,h=3.0,n=30,start_thres=1.25",hub,0.25,30,17,40,1730,13,0,27,1730,0.325,0.0,1.0,0.0,0.1750966147942976
ni_tfnbs,"e=0.4,h=4.0,n=30,start_thres=1.25",hub,0.25,30,17,40,1730,13,0,27,1730,0.325,0.0,1.0,0.0,0.1750966147942976
ni_tfnbs,"e=0.4,h=5.0,n=30,start_thres=1.25",hub,0.25,30,17,40,1730,13,0,27,1730,0.325,0.0,1.0,0.0,0.1750966147942976
ni_tfnbs,"e=0.4,h=6.0,n=30,start_thres=1.25",hub,0.25,30,17,40,1730,10,0,30,1730,0.25,0.0,1.0,0.0,0.1750966147942976
ni_tfnbs,"e=0.4,h=7.0,n=30,start_thres=1.25",hub,0.25,30,17,40,1730,10,0,30,1730,0.25,0.0,1.0,0.0,0.1750966147942976
ni_tfnbs,"e=0.4,h=8.0,n=30,start_thres=1.25",hub,0.25,30,17,40,1730,10,0,30,1730,0.25,0.0,1.0,0.0,0.1750966147942976
ni_tfnbs,"e=0.4,h=9.0,n=30,start_thres=1.25",hub,0.25,30,17,40,1730,10,0,30,1730,0.25,0.0,1.0,0.0,0.1750966147942976
ni_tfnbs,"e=0.4,h=10.0,n=30,start_thres=1.25",hub,0.25,30,17,40,1730,10,0,30,1730,0.25,0.0,1.0,0.0,0.1750966147942976
ni_tfnbs,"e=0.5,h=0.5,n=30,start_thres=1.25",hub,0.25,30,17,40,1730,16,2,24,1728,0.4,0.0011560693641618,0.8888888888888888,0.1111111111111111,0.1750966147942976
ni_tfnbs,"e=0.5,h=1.0,n=30,start_thres=1.25",hub,0.25,30,17,40,1730,16,2,24,1728,0.4,0.0011560693641618,0.8888888888888888,0.1111111111111111,0.1750966147942976
ni_tfnbs,"e=0.5,h=2.0,n=30,start_thres=1.25",hub,0.25,30,17,40,1730,15,1,25,1729,0.375,0.0005780346820809,0.9375,0.0625,0.1750966147942976
ni_tfnbs,"e=0.5,h=3.0,n=30,start_thres=1.25",hub,0.25,30,17,40,1730,14,0,26,1730,0.35,0.0,1.0,0.0,0.1750966147942976
ni_tfnbs,"e=0.5,h=4.0,n=30,start_thres=1.25",hub,0.25,30,17,40,1730,13,0,27,1730,0.325,0.0,1.0,0.0,0.1750966147942976
ni_tfnbs,"e=0.5,h=5.0,n=30,start_thres=1.25",hub,0.25,30,17,40,1730,13,0,27,1730,0.325,0.0,1.0,0.0,0.1750966147942976
ni_tfnbs,"e=0.5,h=6.0,n=30,start_thres=1.25",hub,0.25,30,17,40,1730,13,0,27,1730,0.325,0.0,1.0,0.0,0.1750966147942976
ni_tfnbs,"e=0.5,h=7.0,n=30,start_thres=1.25",hub,0.25,30,17,40,1730,11,0,29,1730,0.275,0.0,1.0,0.0,0.1750966147942976
ni_tfnbs,"e=0.5,h=8.0,n=30,start_thres=1.25",hub,0.25,30,17,40,1730,10,0,30,1730,0.25,0.0,1.0,0.0,0.1750966147942976
ni_tfnbs,"e=0.5,h=9.0,n=30,start_thres=1.25",hub,0.25,30,17,40,1730,10,0,30,1730,0.25,0.0,1.0,0.0,0.1750966147942976
ni_tfnbs,"e=0.5,h=10.0,n=30,start_thres=1.25",hub,0.25,30,17,40,1730,10,0,30,1730,0.25,0.0,1.0,0.0,0.1750966147942976
ni_tfnbs,"e=0.6,h=0.5,n=30,start_thres=1.25",hub,0.25,30,17,40,1730,18,4,22,1726,0.45,0.0023121387283236,0.8181818181818182,0.1818181818181818,0.1750966147942976
ni_tfnbs,"e=0.6,h=1.0,n=30,start_thres=1.25",hub,0.25,30,17,40,1730,16,4,24,1726,0.4,0.0023121387283236,0.8,0.2,0.1750966147942976
ni_tfnbs,"e=0.6,h=2.0,n=30,start_thres=1.25",hub,0.25,30,17,40,1730,16,2,24,1728,0.4,0.0011560693641618,0.8888888888888888,0.1111111111111111,0.1750966147942976
ni_tfnbs,"e=0.6,h=3.0,n=30,start_thres=1.25",hub,0.25,30,17,40,1730,15,1,25,1729,0.375,0.0005780346820809,0.9375,0.0625,0.1750966147942976
ni_tfnbs,"e=0.6,h=4.0,n=30,start_thres=1.25",hub,0.25,30,17,40,1730,14,0,26,1730,0.35,0.0,1.0,0.0,0.1750966147942976
ni_tfnbs,"e=0.6,h=5.0,n=30,start_thres=1.25",hub,0.25,30,17,40,1730,13,0,27,1730,0.325,0.0,1.0,0.0,0.1750966147942976
ni_tfnbs,"e=0.6,h=6.0,n=30,start_thres=1.25",hub,0.25,30,17,40,1730,13,0,27,1730,0.325,0.0,1.0,0.0,0.1750966147942976
ni_tfnbs,"e=0.6,h=7.0,n=30,start_thres=1.25",hub,0.25,30,17,40,1730,13,0,27,1730,0.325,0.0,1.0,0.0,0.1750966147942976
ni_tfnbs,"e=0.6,h=8.0,n=30,start_thres=1.25",hub,0.25,30,17,40,1730,13,0,27,1730,0.325,0.0,1.0,0.0,0.1750966147942976
ni_tfnbs,"e=0.6,h=9.0,n=30,start_thres=1.25",hub,0.25,30,17,40,1730,10,0,30,1730,0.25,0.0,1.0,0.0,0.1750966147942976
ni_tfnbs,"e=0.6,h=10.0,n=30,start_thres=1.25",hub,0.25,30,17,40,1730,10,0,30,1730,0.25,0.0,1.0,0.0,0.1750966147942976
ni_tfnbs,"e=0.7,h=0.5,n=30,start_thres=1.25",hub,0.25,30,17,40,1730,20,4,20,1726,0.5,0.0023121387283236,0.8333333333333334,0.1666666666666666,0.1750966147942976
ni_tfnbs,"e=0.7,h=1.0,n=30,start_thres=1.25",hub,0.25,30,17,40,1730,18,4,22,1726,0.45,0.0023121387283236,0.8181818181818182,0.1818181818181818,0.1750966147942976
ni_tfnbs,"e=0.7,h=2.0,n=30,start_thres=1.25",hub,0.25,30,17,40,1730,16,4,24,1726,0.4,0.0023121387283236,0.8,0.2,0.1750966147942976
ni_tfnbs,"e=0.7,h=3.0,n=30,start_thres=1.25",hub,0.25,30,17,40,1730,16,2,24,1728,0.4,0.0011560693641618,0.8888888888888888,0.1111111111111111,0.1750966147942976
ni_tfnbs,"e=0.7,h=4.0,n=30,start_thres=1.25",hub,0.25,30,17,40,1730,15,1,25,1729,0.375,0.0005780346820809,0.9375,0.0625,0.1750966147942976
ni_tfnbs,"e=0.7,h=5.0,n=30,start_thres=1.25",hub,0.25,30,17,40,1730,14,0,26,1730,0.35,0.0,1.0,0.0,0.1750966147942976
ni_tfnbs,"e=0.7,h=6.0,n=30,start_thres=1.25",hub,0.25,30,17,40,1730,14,0,26,1730,0.35,0.0,1.0,0.0,0.1750966147942976
ni_tfnbs,"e=0.7,h=7.0,n=30,start_thres=1.25",hub,0.25,30,17,40,1730,13,0,27,1730,0.325,0.0,1.0,0.0,0.1750966147942976
ni_tfnbs,"e=0.7,h=8.0,n=30,start_thres=1.25",hub,0.25,30,17,40,1730,13,0,27,1730,0.325,0.0,1.0,0.0,0.1750966147942976
ni_tfnbs,"e=0.7,h=9.0,n=30,start_thres=1.25",hub,0.25,30,17,40,1730,13,0,27,1730,0.325,0.0,1.0,0.0,0.1750966147942976
ni_tfnbs,"e=0.7,h=10.0,n=30,start_thres=1.25",hub,0.25,30,17,40,1730,13,0,27,1730,0.325,0.0,1.0,0.0,0.1750966147942976
ni_tfnbs,"e=0.8,h=0.5,n=30,start_thres=1.25",hub,0.25,30,17,40,1730,20,4,20,1726,0.5,0.0023121387283236,0.8333333333333334,0.1666666666666666,0.1750966147942976
ni_tfnbs,"e=0.8,h=1.0,n=30,start_thres=1.25",hub,0.25,30,17,40,1730,20,4,20,1726,0.5,0.0023121387283236,0.8333333333333334,0.1666666666666666,0.1750966147942976
ni_tfnbs,"e=0.8,h=2.0,n=30,start_thres=1.25",hub,0.25,30,17,40,1730,20,4,20,1726,0.5,0.0023121387283236,0.8333333333333334,0.1666666666666666,0.1750966147942976
ni_tfnbs,"e=0.8,h=3.0,n=30,start_thres=1.25",hub,0.25,30,17,40,1730,16,4,24,1726,0.4,0.0023121387283236,0.8,0.2,0.1750966147942976
ni_tfnbs,"e=0.8,h=4.0,n=30,start_thres=1.25",hub,0.25,30,17,40,1730,16,2,24,1728,0.4,0.0011560693641618,0.8888888888888888,0.1111111111111111,0.1750966147942976
ni_tfnbs,"e=0.8,h=5.0,n=30,start_thres=1.25",hub,0.25,30,17,40,1730,15,1,25,1729,0.375,0.0005780346820809,0.9375,0.0625,0.1750966147942976
ni_tfnbs,"e=0.8,h=6.0,n=30,start_thres=1.25",hub,0.25,30,17,40,1730,14,0,26,1730,0.35,0.0,1.0,0.0,0.1750966147942976
ni_tfnbs,"e=0.8,h=7.0,n=30,start_thres=1.25",hub,0.25,30,17,40,1730,14,0,26,1730,0.35,0.0,1.0,0.0,0.1750966147942976
ni_tfnbs,"e=0.8,h=8.0,n=30,start_thres=1.25",hub,0.25,30,17,40,1730,13,0,27,1730,0.325,0.0,1.0,0.0,0.1750966147942976
ni_tfnbs,"e=0.8,h=9.0,n=30,start_thres=1.25",hub,0.25,30,17,40,1730,13,0,27,1730,0.325,0.0,1.0,0.0,0.1750966147942976
ni_tfnbs,"e=0.8,h=10.0,n=30,start_thres=1.25",hub,0.25,30,17,40,1730,13,0,27,1730,0.325,0.0,1.0,0.0,0.1750966147942976
ni_tfnbs,"e=0.9,h=0.5,n=30,start_thres=1.25",hub,0.25,30,17,40,1730,21,4,19,1726,0.525,0.0023121387283236,0.84,0.16,0.1750966147942976
ni_tfnbs,"e=0.9,h=1.0,n=30,start_thres=1.25",hub,0.25,30,17,40,1730,21,4,19,1726,0.525,0.0023121387283236,0.84,0.16,0.1750966147942976
ni_tfnbs,"e=0.9,h=2.0,n=30,start_thres=1.25",hub,0.25,30,17,40,1730,20,4,20,1726,0.5,0.0023121387283236,0.8333333333333334,0.1666666666666666,0.1750966147942976
ni_tfnbs,"e=0.9,h=3.0,n=30,start_thres=1.25",hub,0.25,30,17,40,1730,20,4,20,1726,0.5,0.0023121387283236,0.8333333333333334,0.1666666666666666,0.1750966147942976
ni_tfnbs,"e=0.9,h=4.0,n=30,start_thres=1.25",hub,0.25,30,17,40,1730,16,4,24,1726,0.4,0.0023121387283236,0.8,0.2,0.1750966147942976
ni_tfnbs,"e=0.9,h=5.0,n=30,start_thres=1.25",hub,0.25,30,17,40,1730,16,2,24,1728,0.4,0.0011560693641618,0.8888888888888888,0.1111111111111111,0.1750966147942976
ni_tfnbs,"e=0.9,h=6.0,n=30,start_thres=1.25",hub,0.25,30,17,40,1730,15,1,25,1729,0.375,0.0005780346820809,0.9375,0.0625,0.1750966147942976
ni_tfnbs,"e=0.9,h=7.0,n=30,start_thres=1.25",hub,0.25,30,17,40,1730,14,0,26,1730,0.35,0.0,1.0,0.0,0.1750966147942976
ni_tfnbs,"e=0.9,h=8.0,n=30,start_thres=1.25",hub,0.25,30,17,40,1730,14,0,26,1730,0.35,0.0,1.0,0.0,0.1750966147942976
ni_tfnbs,"e=0.9,h=9.0,n=30,start_thres=1.25",hub,0.25,30,17,40,1730,13,0,27,1730,0.325,0.0,1.0,0.0,0.1750966147942976
ni_tfnbs,"e=0.9,h=10.0,n=30,start_thres=1.25",hub,0.25,30,17,40,1730,13,0,27,1730,0.325,0.0,1.0,0.0,0.1750966147942976
ni_tfnbs,"e=1.0,h=0.5,n=30,start_thres=1.25",hub,0.25,30,17,40,1730,22,4,18,1726,0.55,0.0023121387283236,0.8461538461538461,0.1538461538461538,0.1750966147942976
ni_tfnbs,"e=1.0,h=1.0,n=30,start_thres=1.25",hub,0.25,30,17,40,1730,22,4,18,1726,0.55,0.0023121387283236,0.8461538461538461,0.1538461538461538,0.1750966147942976
ni_tfnbs,"e=1.0,h=2.0,n=30,start_thres=1.25",hub,0.25,30,17,40,1730,21,4,19,1726,0.525,0.0023121387283236,0.84,0.16,0.1750966147942976
ni_tfnbs,"e=1.0,h=3.0,n=30,start_thres=1.25",hub,0.25,30,17,40,1730,20,4,20,1726,0.5,0.0023121387283236,0.8333333333333334,0.1666666666666666,0.1750966147942976
ni_tfnbs,"e=1.0,h=4.0,n=30,start_thres=1.25",hub,0.25,30,17,40,1730,18,4,22,1726,0.45,0.0023121387283236,0.8181818181818182,0.1818181818181818,0.1750966147942976
ni_tfnbs,"e=1.0,h=5.0,n=30,start_thres=1.25",hub,0.25,30,17,40,1730,16,4,24,1726,0.4,0.0023121387283236,0.8,0.2,0.1750966147942976
ni_tfnbs,"e=1.0,h=6.0,n=30,start_thres=1.25",hub,0.25,30,17,40,1730,16,2,24,1728,0.4,0.0011560693641618,0.8888888888888888,0.1111111111111111,0.1750966147942976
ni_tfnbs,"e=1.0,h=7.0,n=30,start_thres=1.25",hub,0.25,30,17,40,1730,15,1,25,1729,0.375,0.0005780346820809,0.9375,0.0625,0.1750966147942976
ni_tfnbs,"e=1.0,h=8.0,n=30,start_thres=1.25",hub,0.25,30,17,40,1730,14,0,26,1730,0.35,0.0,1.0,0.0,0.1750966147942976
ni_tfnbs,"e=1.0,h=9.0,n=30,start_thres=1.25",hub,0.25,30,17,40,1730,14,0,26,1730,0.35,0.0,1.0,0.0,0.1750966147942976
ni_tfnbs,"e=1.0,h=10.0,n=30,start_thres=1.25",hub,0.25,30,17,40,1730,13,0,27,1730,0.325,0.0,1.0,0.0,0.1750966147942976
ni_tfnbs,"e=1.1,h=0.5,n=30,start_thres=1.25",hub,0.25,30,17,40,1730,22,4,18,1726,0.55,0.0023121387283236,0.8461538461538461,0.1538461538461538,0.1750966147942976
ni_tfnbs,"e=1.1,h=1.0,n=30,start_thres=1.25",hub,0.25,30,17,40,1730,22,4,18,1726,0.55,0.0023121387283236,0.8461538461538461,0.1538461538461538,0.1750966147942976
ni_tfnbs,"e=1.1,h=2.0,n=30,start_thres=1.25",hub,0.25,30,17,40,1730,22,4,18,1726,0.55,0.0023121387283236,0.8461538461538461,0.1538461538461538,0.1750966147942976
ni_tfnbs,"e=1.1,h=3.0,n=30,start_thres=1.25",hub,0.25,30,17,40,1730,21,4,19,1726,0.525,0.0023121387283236,0.84,0.16,0.1750966147942976
ni_tfnbs,"e=1.1,h=4.0,n=30,start_thres=1.25",hub,0.25,30,17,40,1730,20,4,20,1726,0.5,0.0023121387283236,0.8333333333333334,0.1666666666666666,0.1750966147942976
ni_tfnbs,"e=1.1,h=5.0,n=30,start_thres=1.25",hub,0.25,30,17,40,1730,18,4,22,1726,0.45,0.0023121387283236,0.8181818181818182,0.1818181818181818,0.1750966147942976
ni_tfnbs,"e=1.1,h=6.0,n=30,start_thres=1.25",hub,0.25,30,17,40,1730,16,2,24,1728,0.4,0.0011560693641618,0.8888888888888888,0.1111111111111111,0.1750966147942976
ni_tfnbs,"e=1.1,h=7.0,n=30,start_thres=1.25",hub,0.25,30,17,40,1730,16,1,24,1729,0.4,0.0005780346820809,0.9411764705882352,0.0588235294117647,0.1750966147942976
ni_tfnbs,"e=1.1,h=8.0,n=30,start_thres=1.25",hub,0.25,30,17,40,1730,15,1,25,1729,0.375,0.0005780346820809,0.9375,0.0625,0.1750966147942976
ni_tfnbs,"e=1.1,h=9.0,n=30,start_thres=1.25",hub,0.25,30,17,40,1730,14,0,26,1730,0.35,0.0,1.0,0.0,0.1750966147942976
ni_tfnbs,"e=1.1,h=10.0,n=30,start_thres=1.25",hub,0.25,30,17,40,1730,14,0,26,1730,0.35,0.0,1.0,0.0,0.1750966147942976
ni_tfnbs,"e=1.2,h=0.5,n=30,start_thres=1.25",hub,0.25,30,17,40,1730,22,4,18,1726,0.55,0.0023121387283236,0.8461538461538461,0.1538461538461538,0.1750966147942976
ni_tfnbs,"e=1.2,h=1.0,n=30,start_thres=1.25",hub,0.25,30,17,40,1730,22,4,18,1726,0.55,0.0023121387283236,0.8461538461538461,0.1538461538461538,0.1750966147942976
ni_tfnbs,"e=1.2,h=2.0,n=30,start_thres=1.25",hub,0.25,30,17,40,1730,23,5,17,1725,0.575,0.0028901734104046,0.8214285714285714,0.1785714285714285,0.1750966147942976
ni_tfnbs,"e=1.2,h=3.0,n=30,start_thres=1.25",hub,0.25,30,17,40,1730,22,4,18,1726,0.55,0.0023121387283236,0.8461538461538461,0.1538461538461538,0.1750966147942976
ni_tfnbs,"e=1.2,h=4.0,n=30,start_thres=1.25",hub,0.25,30,17,40,1730,21,4,19,1726,0.525,0.0023121387283236,0.84,0.16,0.1750966147942976
ni_tfnbs,"e=1.2,h=5.0,n=30,start_thres=1.25",hub,0.25,30,17,40,1730,20,4,20,1726,0.5,0.0023121387283236,0.8333333333333334,0.1666666666666666,0.1750966147942976
ni_tfnbs,"e=1.2,h=6.0,n=30,start_thres=1.25",hub,0.25,30,17,40,1730,16,4,24,1726,0.4,0.0023121387283236,0.8,0.2,0.1750966147942976
ni_tfnbs,"e=1.2,h=7.0,n=30,start_thres=1.25",hub,0.25,30,17,40,1730,16,2,24,1728,0.4,0.0011560693641618,0.8888888888888888,0.1111111111111111,0.1750966147942976
ni_tfnbs,"e=1.2,h=8.0,n=30,start_thres=1.25",hub,0.25,30,17,40,1730,16,1,24,1729,0.4,0.0005780346820809,0.9411764705882352,0.0588235294117647,0.1750966147942976
ni_tfnbs,"e=1.2,h=9.0,n=30,start_thres=1.25",hub,0.25,30,17,40,1730,14,0,26,1730,0.35,0.0,1.0,0.0,0.1750966147942976
ni_tfnbs,"e=1.2,h=10.0,n=30,start_thres=1.25",hub,0.25,30,17,40,1730,14,0,26,1730,0.35,0.0,1.0,0.0,0.1750966147942976
ni_tfnbs,"e=1.3,h=0.5,n=30,start_thres=1.25",hub,0.25,30,17,40,1730,18,4,22,1726,0.45,0.0023121387283236,0.8181818181818182,0.1818181818181818,0.1750966147942976
ni_tfnbs,"e=1.3,h=1.0,n=30,start_thres=1.25",hub,0.25,30,17,40,1730,22,4,18,1726,0.55,0.0023121387283236,0.8461538461538461,0.1538461538461538,0.1750966147942976
ni_tfnbs,"e=1.3,h=2.0,n=30,start_thres=1.25",hub,0.25,30,17,40,1730,23,5,17,1725,0.575,0.0028901734104046,0.8214285714285714,0.1785714285714285,0.1750966147942976
ni_tfnbs,"e=1.3,h=3.0,n=30,start_thres=1.25",hub,0.25,30,17,40,1730,24,5,16,1725,0.6,0.0028901734104046,0.8275862068965517,0.1724137931034483,0.1750966147942976
ni_tfnbs,"e=1.3,h=4.0,n=30,start_thres=1.25",hub,0.25,30,17,40,1730,21,4,19,1726,0.525,0.0023121387283236,0.84,0.16,0.1750966147942976
ni_tfnbs,"e=1.3,h=5.0,n=30,start_thres=1.25",hub,0.25,30,17,40,1730,20,4,20,1726,0.5,0.0023121387283236,0.8333333333333334,0.1666666666666666,0.1750966147942976
ni_tfnbs,"e=1.3,h=6.0,n=30,start_thres=1.25",hub,0.25,30,17,40,1730,18,4,22,1726,0.45,0.0023121387283236,0.8181818181818182,0.1818181818181818,0.1750966147942976
ni_tfnbs,"e=1.3,h=7.0,n=30,start_thres=1.25",hub,0.25,30,17,40,1730,16,4,24,1726,0.4,0.0023121387283236,0.8,0.2,0.1750966147942976
ni_tfnbs,"e=1.3,h=8.0,n=30,start_thres=1.25",hub,0.25,30,17,40,1730,16,2,24,1728,0.4,0.0011560693641618,0.8888888888888888,0.1111111111111111,0.1750966147942976
ni_tfnbs,"e=1.3,h=9.0,n=30,start_thres=1.25",hub,0.25,30,17,40,1730,15,1,25,1729,0.375,0.0005780346820809,0.9375,0.0625,0.1750966147942976
ni_tfnbs,"e=1.3,h=10.0,n=30,start_thres=1.25",hub,0.25,30,17,40,1730,14,0,26,1730,0.35,0.0,1.0,0.0,0.1750966147942976
ni_tfnbs,"e=1.4,h=0.5,n=30,start_thres=1.25",hub,0.25,30,17,40,1730,17,4,23,1726,0.425,0.0023121387283236,0.8095238095238095,0.1904761904761904,0.1750966147942976
ni_tfnbs,"e=1.4,h=1.0,n=30,start_thres=1.25",hub,0.25,30,17,40,1730,22,4,18,1726,0.55,0.0023121387283236,0.8461538461538461,0.1538461538461538,0.1750966147942976
ni_tfnbs,"e=1.4,h=2.0,n=30,start_thres=1.25",hub,0.25,30,17,40,1730,23,5,17,1725,0.575,0.0028901734104046,0.8214285714285714,0.1785714285714285,0.1750966147942976
ni_tfnbs,"e=1.4,h=3.0,n=30,start_thres=1.25",hub,0.25,30,17,40,1730,26,5,14,1725,0.65,0.0028901734104046,0.8387096774193549,0.1612903225806451,0.1750966147942976
ni_tfnbs,"e=1.4,h=4.0,n=30,start_thres=1.25",hub,0.25,30,17,40,1730,26,5,14,1725,0.65,0.0028901734104046,0.8387096774193549,0.1612903225806451,0.1750966147942976
ni_tfnbs,"e=1.4,h=5.0,n=30,start_thres=1.25",hub,0.25,30,17,40,1730,23,4,17,1726,0.575,0.0023121387283236,0.8518518518518519,0.1481481481481481,0.1750966147942976
ni_tfnbs,"e=1.4,h=6.0,n=30,start_thres=1.25",hub,0.25,30,17,40,1730,20,4,20,1726,0.5,0.0023121387283236,0.8333333333333334,0.1666666666666666,0.1750966147942976
ni_tfnbs,"e=1.4,h=7.0,n=30,start_thres=1.25",hub,0.25,30,17,40,1730,18,4,22,1726,0.45,0.0023121387283236,0.8181818181818182,0.1818181818181818,0.1750966147942976
ni_tfnbs,"e=1.4,h=8.0,n=30,start_thres=1.25",hub,0.25,30,17,40,1730,16,4,24,1726,0.4,0.0023121387283236,0.8,0.2,0.1750966147942976
ni_tfnbs,"e=1.4,h=9.0,n=30,start_thres=1.25",hub,0.25,30,17,40,1730,16,2,24,1728,0.4,0.0011560693641618,0.8888888888888888,0.1111111111111111,0.1750966147942976
ni_tfnbs,"e=1.4,h=10.0,n=30,start_thres=1.25",hub,0.25,30,17,40,1730,15,1,25,1729,0.375,0.0005780346820809,0.9375,0.0625,0.1750966147942976
ni_tfnbs,"e=1.5,h=0.5,n=30,start_thres=1.25",hub,0.25,30,17,40,1730,16,5,24,1725,0.4,0.0028901734104046,0.7619047619047619,0.238095238095238,0.1750966147942976
ni_tfnbs,"e=1.5,h=1.0,n=30,start_thres=1.25",hub,0.25,30,17,40,1730,21,4,19,1726,0.525,0.0023121387283236,0.84,0.16,0.1750966147942976
ni_tfnbs,"e=1.5,h=2.0,n=30,start_thres=1.25",hub,0.25,30,17,40,1730,23,5,17,1725,0.575,0.0028901734104046,0.8214285714285714,0.1785714285714285,0.1750966147942976
ni_tfnbs,"e=1.5,h=3.0,n=30,start_thres=1.25",hub,0.25,30,17,40,1730,26,5,14,1725,0.65,0.0028901734104046,0.8387096774193549,0.1612903225806451,0.1750966147942976
ni_tfnbs,"e=1.5,h=4.0,n=30,start_thres=1.25",hub,0.25,30,17,40,1730,26,5,14,1725,0.65,0.0028901734104046,0.8387096774193549,0.1612903225806451,0.1750966147942976
ni_tfnbs,"e=1.5,h=5.0,n=30,start_thres=1.25",hub,0.25,30,17,40,1730,25,5,15,1725,0.625,0.0028901734104046,0.8333333333333334,0.1666666666666666,0.1750966147942976
ni_tfnbs,"e=1.5,h=6.0,n=30,start_thres=1.25",hub,0.25,30,17,40,1730,21,4,19,1726,0.525,0.0023121387283236,0.84,0.16,0.1750966147942976
ni_tfnbs,"e=1.5,h=7.0,n=30,start_thres=1.25",hub,0.25,30,17,40,1730,20,4,20,1726,0.5,0.0023121387283236,0.8333333333333334,0.1666666666666666,0.1750966147942976
ni_tfnbs,"e=1.5,h=8.0,n=30,start_thres=1.25",hub,0.25,30,17,40,1730,16,4,24,1726,0.4,0.0023121387283236,0.8,0.2,0.1750966147942976
ni_tfnbs,"e=1.5,h=9.0,n=30,start_thres=1.25",hub,0.25,30,17,40,1730,16,2,24,1728,0.4,0.0011560693641618,0.8888888888888888,0.1111111111111111,0.1750966147942976
ni_tfnbs,"e=1.5,h=10.0,n=30,start_thres=1.25",hub,0.25,30,17,40,1730,16,1,24,1729,0.4,0.0005780346820809,0.9411764705882352,0.0588235294117647,0.1750966147942976
ni_tfnbs,"e=0.05,h=0.5,n=30,start_thres=1.25",hub,0.25,30,18,40,1730,1,0,39,1730,0.025,0.0,1.0,0.0,0.1747322366996244
ni_tfnbs,"e=0.05,h=1.0,n=30,start_thres=1.25",hub,0.25,30,18,40,1730,1,0,39,1730,0.025,0.0,1.0,0.0,0.1747322366996244
ni_tfnbs,"e=0.05,h=2.0,n=30,start_thres=1.25",hub,0.25,30,18,40,1730,1,0,39,1730,0.025,0.0,1.0,0.0,0.1747322366996244
ni_tfnbs,"e=0.05,h=3.0,n=30,start_thres=1.25",hub,0.25,30,18,40,1730,1,0,39,1730,0.025,0.0,1.0,0.0,0.1747322366996244
ni_tfnbs,"e=0.05,h=4.0,n=30,start_thres=1.25",hub,0.25,30,18,40,1730,1,0,39,1730,0.025,0.0,1.0,0.0,0.1747322366996244
ni_tfnbs,"e=0.05,h=5.0,n=30,start_thres=1.25",hub,0.25,30,18,40,1730,1,0,39,1730,0.025,0.0,1.0,0.0,0.1747322366996244
ni_tfnbs,"e=0.05,h=6.0,n=30,start_thres=1.25",hub,0.25,30,18,40,1730,1,0,39,1730,0.025,0.0,1.0,0.0,0.1747322366996244
ni_tfnbs,"e=0.05,h=7.0,n=30,start_thres=1.25",hub,0.25,30,18,40,1730,1,0,39,1730,0.025,0.0,1.0,0.0,0.1747322366996244
ni_tfnbs,"e=0.05,h=8.0,n=30,start_thres=1.25",hub,0.25,30,18,40,1730,1,0,39,1730,0.025,0.0,1.0,0.0,0.1747322366996244
ni_tfnbs,"e=0.05,h=9.0,n=30,start_thres=1.25",hub,0.25,30,18,40,1730,1,0,39,1730,0.025,0.0,1.0,0.0,0.1747322366996244
ni_tfnbs,"e=0.05,h=10.0,n=30,start_thres=1.25",hub,0.25,30,18,40,1730,1,0,39,1730,0.025,0.0,1.0,0.0,0.1747322366996244
ni_tfnbs,"e=0.1,h=0.5,n=30,start_thres=1.25",hub,0.25,30,18,40,1730,1,0,39,1730,0.025,0.0,1.0,0.0,0.1747322366996244
ni_tfnbs,"e=0.1,h=1.0,n=30,start_thres=1.25",hub,0.25,30,18,40,1730,1,0,39,1730,0.025,0.0,1.0,0.0,0.1747322366996244
ni_tfnbs,"e=0.1,h=2.0,n=30,start_thres=1.25",hub,0.25,30,18,40,1730,1,0,39,1730,0.025,0.0,1.0,0.0,0.1747322366996244
ni_tfnbs,"e=0.1,h=3.0,n=30,start_thres=1.25",hub,0.25,30,18,40,1730,1,0,39,1730,0.025,0.0,1.0,0.0,0.1747322366996244
ni_tfnbs,"e=0.1,h=4.0,n=30,start_thres=1.25",hub,0.25,30,18,40,1730,1,0,39,1730,0.025,0.0,1.0,0.0,0.1747322366996244
ni_tfnbs,"e=0.1,h=5.0,n=30,start_thres=1.25",hub,0.25,30,18,40,1730,1,0,39,1730,0.025,0.0,1.0,0.0,0.1747322366996244
ni_tfnbs,"e=0.1,h=6.0,n=30,start_thres=1.25",hub,0.25,30,18,40,1730,1,0,39,1730,0.025,0.0,1.0,0.0,0.1747322366996244
ni_tfnbs,"e=0.1,h=7.0,n=30,start_thres=1.25",hub,0.25,30,18,40,1730,1,0,39,1730,0.025,0.0,1.0,0.0,0.1747322366996244
ni_tfnbs,"e=0.1,h=8.0,n=30,start_thres=1.25",hub,0.25,30,18,40,1730,1,0,39,1730,0.025,0.0,1.0,0.0,0.1747322366996244
ni_tfnbs,"e=0.1,h=9.0,n=30,start_thres=1.25",hub,0.25,30,18,40,1730,1,0,39,1730,0.025,0.0,1.0,0.0,0.1747322366996244
ni_tfnbs,"e=0.1,h=10.0,n=30,start_thres=1.25",hub,0.25,30,18,40,1730,1,0,39,1730,0.025,0.0,1.0,0.0,0.1747322366996244
ni_tfnbs,"e=0.2,h=0.5,n=30,start_thres=1.25",hub,0.25,30,18,40,1730,1,0,39,1730,0.025,0.0,1.0,0.0,0.1747322366996244
ni_tfnbs,"e=0.2,h=1.0,n=30,start_thres=1.25",hub,0.25,30,18,40,1730,1,0,39,1730,0.025,0.0,1.0,0.0,0.1747322366996244
ni_tfnbs,"e=0.2,h=2.0,n=30,start_thres=1.25",hub,0.25,30,18,40,1730,1,0,39,1730,0.025,0.0,1.0,0.0,0.1747322366996244
ni_tfnbs,"e=0.2,h=3.0,n=30,start_thres=1.25",hub,0.25,30,18,40,1730,1,0,39,1730,0.025,0.0,1.0,0.0,0.1747322366996244
ni_tfnbs,"e=0.2,h=4.0,n=30,start_thres=1.25",hub,0.25,30,18,40,1730,1,0,39,1730,0.025,0.0,1.0,0.0,0.1747322366996244
ni_tfnbs,"e=0.2,h=5.0,n=30,start_thres=1.25",hub,0.25,30,18,40,1730,1,0,39,1730,0.025,0.0,1.0,0.0,0.1747322366996244
ni_tfnbs,"e=0.2,h=6.0,n=30,start_thres=1.25",hub,0.25,30,18,40,1730,1,0,39,1730,0.025,0.0,1.0,0.0,0.1747322366996244
ni_tfnbs,"e=0.2,h=7.0,n=30,start_thres=1.25",hub,0.25,30,18,40,1730,1,0,39,1730,0.025,0.0,1.0,0.0,0.1747322366996244
ni_tfnbs,"e=0.2,h=8.0,n=30,start_thres=1.25",hub,0.25,30,18,40,1730,1,0,39,1730,0.025,0.0,1.0,0.0,0.1747322366996244
ni_tfnbs,"e=0.2,h=9.0,n=30,start_thres=1.25",hub,0.25,30,18,40,1730,1,0,39,1730,0.025,0.0,1.0,0.0,0.1747322366996244
ni_tfnbs,"e=0.2,h=10.0,n=30,start_thres=1.25",hub,0.25,30,18,40,1730,1,0,39,1730,0.025,0.0,1.0,0.0,0.1747322366996244
ni_tfnbs,"e=0.3,h=0.5,n=30,start_thres=1.25",hub,0.25,30,18,40,1730,2,0,38,1730,0.05,0.0,1.0,0.0,0.1747322366996244
ni_tfnbs,"e=0.3,h=1.0,n=30,start_thres=1.25",hub,0.25,30,18,40,1730,2,0,38,1730,0.05,0.0,1.0,0.0,0.1747322366996244
ni_tfnbs,"e=0.3,h=2.0,n=30,start_thres=1.25",hub,0.25,30,18,40,1730,2,0,38,1730,0.05,0.0,1.0,0.0,0.1747322366996244
ni_tfnbs,"e=0.3,h=3.0,n=30,start_thres=1.25",hub,0.25,30,18,40,1730,1,0,39,1730,0.025,0.0,1.0,0.0,0.1747322366996244
ni_tfnbs,"e=0.3,h=4.0,n=30,start_thres=1.25",hub,0.25,30,18,40,1730,1,0,39,1730,0.025,0.0,1.0,0.0,0.1747322366996244
ni_tfnbs,"e=0.3,h=5.0,n=30,start_thres=1.25",hub,0.25,30,18,40,1730,1,0,39,1730,0.025,0.0,1.0,0.0,0.1747322366996244
ni_tfnbs,"e=0.3,h=6.0,n=30,start_thres=1.25",hub,0.25,30,18,40,1730,1,0,39,1730,0.025,0.0,1.0,0.0,0.1747322366996244
ni_tfnbs,"e=0.3,h=7.0,n=30,start_thres=1.25",hub,0.25,30,18,40,1730,1,0,39,1730,0.025,0.0,1.0,0.0,0.1747322366996244
ni_tfnbs,"e=0.3,h=8.0,n=30,start_thres=1.25",hub,0.25,30,18,40,1730,1,0,39,1730,0.025,0.0,1.0,0.0,0.1747322366996244
ni_tfnbs,"e=0.3,h=9.0,n=30,start_thres=1.25",hub,0.25,30,18,40,1730,1,0,39,1730,0.025,0.0,1.0,0.0,0.1747322366996244
ni_tfnbs,"e=0.3,h=10.0,n=30,start_thres=1.25",hub,0.25,30,18,40,1730,1,0,39,1730,0.025,0.0,1.0,0.0,0.1747322366996244
ni_tfnbs,"e=0.4,h=0.5,n=30,start_thres=1.25",hub,0.25,30,18,40,1730,4,0,36,1730,0.1,0.0,1.0,0.0,0.1747322366996244
ni_tfnbs,"e=0.4,h=1.0,n=30,start_thres=1.25",hub,0.25,30,18,40,1730,2,0,38,1730,0.05,0.0,1.0,0.0,0.1747322366996244
ni_tfnbs,"e=0.4,h=2.0,n=30,start_thres=1.25",hub,0.25,30,18,40,1730,2,0,38,1730,0.05,0.0,1.0,0.0,0.1747322366996244
ni_tfnbs,"e=0.4,h=3.0,n=30,start_thres=1.25",hub,0.25,30,18,40,1730,2,0,38,1730,0.05,0.0,1.0,0.0,0.1747322366996244
ni_tfnbs,"e=0.4,h=4.0,n=30,start_thres=1.25",hub,0.25,30,18,40,1730,1,0,39,1730,0.025,0.0,1.0,0.0,0.1747322366996244
ni_tfnbs,"e=0.4,h=5.0,n=30,start_thres=1.25",hub,0.25,30,18,40,1730,1,0,39,1730,0.025,0.0,1.0,0.0,0.1747322366996244
ni_tfnbs,"e=0.4,h=6.0,n=30,start_thres=1.25",hub,0.25,30,18,40,1730,1,0,39,1730,0.025,0.0,1.0,0.0,0.1747322366996244
ni_tfnbs,"e=0.4,h=7.0,n=30,start_thres=1.25",hub,0.25,30,18,40,1730,1,0,39,1730,0.025,0.0,1.0,0.0,0.1747322366996244
ni_tfnbs,"e=0.4,h=8.0,n=30,start_thres=1.25",hub,0.25,30,18,40,1730,1,0,39,1730,0.025,0.0,1.0,0.0,0.1747322366996244
ni_tfnbs,"e=0.4,h=9.0,n=30,start_thres=1.25",hub,0.25,30,18,40,1730,1,0,39,1730,0.025,0.0,1.0,0.0,0.1747322366996244
ni_tfnbs,"e=0.4,h=10.0,n=30,start_thres=1.25",hub,0.25,30,18,40,1730,1,0,39,1730,0.025,0.0,1.0,0.0,0.1747322366996244
ni_tfnbs,"e=0.5,h=0.5,n=30,start_thres=1.25",hub,0.25,30,18,40,1730,6,0,34,1730,0.15,0.0,1.0,0.0,0.1747322366996244
ni_tfnbs,"e=0.5,h=1.0,n=30,start_thres=1.25",hub,0.25,30,18,40,1730,5,0,35,1730,0.125,0.0,1.0,0.0,0.1747322366996244
ni_tfnbs,"e=0.5,h=2.0,n=30,start_thres=1.25",hub,0.25,30,18,40,1730,4,0,36,1730,0.1,0.0,1.0,0.0,0.1747322366996244
ni_tfnbs,"e=0.5,h=3.0,n=30,start_thres=1.25",hub,0.25,30,18,40,1730,2,0,38,1730,0.05,0.0,1.0,0.0,0.1747322366996244
ni_tfnbs,"e=0.5,h=4.0,n=30,start_thres=1.25",hub,0.25,30,18,40,1730,2,0,38,1730,0.05,0.0,1.0,0.0,0.1747322366996244
ni_tfnbs,"e=0.5,h=5.0,n=30,start_thres=1.25",hub,0.25,30,18,40,1730,1,0,39,1730,0.025,0.0,1.0,0.0,0.1747322366996244
ni_tfnbs,"e=0.5,h=6.0,n=30,start_thres=1.25",hub,0.25,30,18,40,1730,1,0,39,1730,0.025,0.0,1.0,0.0,0.1747322366996244
ni_tfnbs,"e=0.5,h=7.0,n=30,start_thres=1.25",hub,0.25,30,18,40,1730,1,0,39,1730,0.025,0.0,1.0,0.0,0.1747322366996244
ni_tfnbs,"e=0.5,h=8.0,n=30,start_thres=1.25",hub,0.25,30,18,40,1730,1,0,39,1730,0.025,0.0,1.0,0.0,0.1747322366996244
ni_tfnbs,"e=0.5,h=9.0,n=30,start_thres=1.25",hub,0.25,30,18,40,1730,1,0,39,1730,0.025,0.0,1.0,0.0,0.1747322366996244
ni_tfnbs,"e=0.5,h=10.0,n=30,start_thres=1.25",hub,0.25,30,18,40,1730,1,0,39,1730,0.025,0.0,1.0,0.0,0.1747322366996244
ni_tfnbs,"e=0.6,h=0.5,n=30,start_thres=1.25",hub,0.25,30,18,40,1730,6,0,34,1730,0.15,0.0,1.0,0.0,0.1747322366996244
ni_tfnbs,"e=0.6,h=1.0,n=30,start_thres=1.25",hub,0.25,30,18,40,1730,6,0,34,1730,0.15,0.0,1.0,0.0,0.1747322366996244
ni_tfnbs,"e=0.6,h=2.0,n=30,start_thres=1.25",hub,0.25,30,18,40,1730,5,0,35,1730,0.125,0.0,1.0,0.0,0.1747322366996244
ni_tfnbs,"e=0.6,h=3.0,n=30,start_thres=1.25",hub,0.25,30,18,40,1730,4,0,36,1730,0.1,0.0,1.0,0.0,0.1747322366996244
ni_tfnbs,"e=0.6,h=4.0,n=30,start_thres=1.25",hub,0.25,30,18,40,1730,2,0,38,1730,0.05,0.0,1.0,0.0,0.1747322366996244
ni_tfnbs,"e=0.6,h=5.0,n=30,start_thres=1.25",hub,0.25,30,18,40,1730,2,0,38,1730,0.05,0.0,1.0,0.0,0.1747322366996244
ni_tfnbs,"e=0.6,h=6.0,n=30,start_thres=1.25",hub,0.25,30,18,40,1730,1,0,39,1730,0.025,0.0,1.0,0.0,0.1747322366996244
ni_tfnbs,"e=0.6,h=7.0,n=30,start_thres=1.25",hub,0.25,30,18,40,1730,1,0,39,1730,0.025,0.0,1.0,0.0,0.1747322366996244
ni_tfnbs,"e=0.6,h=8.0,n=30,start_thres=1.25",hub,0.25,30,18,40,1730,1,0,39,1730,0.025,0.0,1.0,0.0,0.1747322366996244
ni_tfnbs,"e=0.6,h=9.0,n=30,start_thres=1.25",hub,0.25,30,18,40,1730,1,0,39,1730,0.025,0.0,1.0,0.0,0.1747322366996244
ni_tfnbs,"e=0.6,h=10.0,n=30,start_thres=1.25",hub,0.25,30,18,40,1730,1,0,39,1730,0.025,0.0,1.0,0.0,0.1747322366996244
ni_tfnbs,"e=0.7,h=0.5,n=30,start_thres=1.25",hub,0.25,30,18,40,1730,6,0,34,1730,0.15,0.0,1.0,0.0,0.1747322366996244
ni_tfnbs,"e=0.7,h=1.0,n=30,start_thres=1.25",hub,0.25,30,18,40,1730,6,0,34,1730,0.15,0.0,1.0,0.0,0.1747322366996244
ni_tfnbs,"e=0.7,h=2.0,n=30,start_thres=1.25",hub,0.25,30,18,40,1730,6,0,34,1730,0.15,0.0,1.0,0.0,0.1747322366996244
ni_tfnbs,"e=0.7,h=3.0,n=30,start_thres=1.25",hub,0.25,30,18,40,1730,5,0,35,1730,0.125,0.0,1.0,0.0,0.1747322366996244
ni_tfnbs,"e=0.7,h=4.0,n=30,start_thres=1.25",hub,0.25,30,18,40,1730,4,0,36,1730,0.1,0.0,1.0,0.0,0.1747322366996244
ni_tfnbs,"e=0.7,h=5.0,n=30,start_thres=1.25",hub,0.25,30,18,40,1730,2,0,38,1730,0.05,0.0,1.0,0.0,0.1747322366996244
ni_tfnbs,"e=0.7,h=6.0,n=30,start_thres=1.25",hub,0.25,30,18,40,1730,2,0,38,1730,0.05,0.0,1.0,0.0,0.1747322366996244
ni_tfnbs,"e=0.7,h=7.0,n=30,start_thres=1.25",hub,0.25,30,18,40,1730,2,0,38,1730,0.05,0.0,1.0,0.0,0.1747322366996244
ni_tfnbs,"e=0.7,h=8.0,n=30,start_thres=1.25",hub,0.25,30,18,40,1730,1,0,39,1730,0.025,0.0,1.0,0.0,0.1747322366996244
ni_tfnbs,"e=0.7,h=9.0,n=30,start_thres=1.25",hub,0.25,30,18,40,1730,1,0,39,1730,0.025,0.0,1.0,0.0,0.1747322366996244
ni_tfnbs,"e=0.7,h=10.0,n=30,start_thres=1.25",hub,0.25,30,18,40,1730,1,0,39,1730,0.025,0.0,1.0,0.0,0.1747322366996244
ni_tfnbs,"e=0.8,h=0.5,n=30,start_thres=1.25",hub,0.25,30,18,40,1730,6,0,34,1730,0.15,0.0,1.0,0.0,0.1747322366996244
ni_tfnbs,"e=0.8,h=1.0,n=30,start_thres=1.25",hub,0.25,30,18,40,1730,6,0,34,1730,0.15,0.0,1.0,0.0,0.1747322366996244
ni_tfnbs,"e=0.8,h=2.0,n=30,start_thres=1.25",hub,0.25,30,18,40,1730,6,0,34,1730,0.15,0.0,1.0,0.0,0.1747322366996244
ni_tfnbs,"e=0.8,h=3.0,n=30,start_thres=1.25",hub,0.25,30,18,40,1730,6,0,34,1730,0.15,0.0,1.0,0.0,0.1747322366996244
ni_tfnbs,"e=0.8,h=4.0,n=30,start_thres=1.25",hub,0.25,30,18,40,1730,5,0,35,1730,0.125,0.0,1.0,0.0,0.1747322366996244
ni_tfnbs,"e=0.8,h=5.0,n=30,start_thres=1.25",hub,0.25,30,18,40,1730,4,0,36,1730,0.1,0.0,1.0,0.0,0.1747322366996244
ni_tfnbs,"e=0.8,h=6.0,n=30,start_thres=1.25",hub,0.25,30,18,40,1730,2,0,38,1730,0.05,0.0,1.0,0.0,0.1747322366996244
ni_tfnbs,"e=0.8,h=7.0,n=30,start_thres=1.25",hub,0.25,30,18,40,1730,2,0,38,1730,0.05,0.0,1.0,0.0,0.1747322366996244
ni_tfnbs,"e=0.8,h=8.0,n=30,start_thres=1.25",hub,0.25,30,18,40,1730,2,0,38,1730,0.05,0.0,1.0,0.0,0.1747322366996244
ni_tfnbs,"e=0.8,h=9.0,n=30,start_thres=1.25",hub,0.25,30,18,40,1730,1,0,39,1730,0.025,0.0,1.0,0.0,0.1747322366996244
ni_tfnbs,"e=0.8,h=10.0,n=30,start_thres=1.25",hub,0.25,30,18,40,1730,1,0,39,1730,0.025,0.0,1.0,0.0,0.1747322366996244
ni_tfnbs,"e=0.9,h=0.5,n=30,start_thres=1.25",hub,0.25,30,18,40,1730,7,0,33,1730,0.175,0.0,1.0,0.0,0.1747322366996244
ni_tfnbs,"e=0.9,h=1.0,n=30,start_thres=1.25",hub,0.25,30,18,40,1730,7,0,33,1730,0.175,0.0,1.0,0.0,0.1747322366996244
ni_tfnbs,"e=0.9,h=2.0,n=30,start_thres=1.25",hub,0.25,30,18,40,1730,6,0,34,1730,0.15,0.0,1.0,0.0,0.1747322366996244
ni_tfnbs,"e=0.9,h=3.0,n=30,start_thres=1.25",hub,0.25,30,18,40,1730,6,0,34,1730,0.15,0.0,1.0,0.0,0.1747322366996244
ni_tfnbs,"e=0.9,h=4.0,n=30,start_thres=1.25",hub,0.25,30,18,40,1730,6,0,34,1730,0.15,0.0,1.0,0.0,0.1747322366996244
ni_tfnbs,"e=0.9,h=5.0,n=30,start_thres=1.25",hub,0.25,30,18,40,1730,5,0,35,1730,0.125,0.0,1.0,0.0,0.1747322366996244
ni_tfnbs,"e=0.9,h=6.0,n=30,start_thres=1.25",hub,0.25,30,18,40,1730,4,0,36,1730,0.1,0.0,1.0,0.0,0.1747322366996244
ni_tfnbs,"e=0.9,h=7.0,n=30,start_thres=1.25",hub,0.25,30,18,40,1730,2,0,38,1730,0.05,0.0,1.0,0.0,0.1747322366996244
ni_tfnbs,"e=0.9,h=8.0,n=30,start_thres=1.25",hub,0.25,30,18,40,1730,2,0,38,1730,0.05,0.0,1.0,0.0,0.1747322366996244
ni_tfnbs,"e=0.9,h=9.0,n=30,start_thres=1.25",hub,0.25,30,18,40,1730,2,0,38,1730,0.05,0.0,1.0,0.0,0.1747322366996244
ni_tfnbs,"e=0.9,h=10.0,n=30,start_thres=1.25",hub,0.25,30,18,40,1730,1,0,39,1730,0.025,0.0,1.0,0.0,0.1747322366996244
ni_tfnbs,"e=1.0,h=0.5,n=30,start_thres=1.25",hub,0.25,30,18,40,1730,7,0,33,1730,0.175,0.0,1.0,0.0,0.1747322366996244
ni_tfnbs,"e=1.0,h=1.0,n=30,start_thres=1.25",hub,0.25,30,18,40,1730,7,0,33,1730,0.175,0.0,1.0,0.0,0.1747322366996244
ni_tfnbs,"e=1.0,h=2.0,n=30,start_thres=1.25",hub,0.25,30,18,40,1730,7,0,33,1730,0.175,0.0,1.0,0.0,0.1747322366996244
ni_tfnbs,"e=1.0,h=3.0,n=30,start_thres=1.25",hub,0.25,30,18,40,1730,7,0,33,1730,0.175,0.0,1.0,0.0,0.1747322366996244
ni_tfnbs,"e=1.0,h=4.0,n=30,start_thres=1.25",hub,0.25,30,18,40,1730,6,0,34,1730,0.15,0.0,1.0,0.0,0.1747322366996244
ni_tfnbs,"e=1.0,h=5.0,n=30,start_thres=1.25",hub,0.25,30,18,40,1730,6,0,34,1730,0.15,0.0,1.0,0.0,0.1747322366996244
ni_tfnbs,"e=1.0,h=6.0,n=30,start_thres=1.25",hub,0.25,30,18,40,1730,5,0,35,1730,0.125,0.0,1.0,0.0,0.1747322366996244
ni_tfnbs,"e=1.0,h=7.0,n=30,start_thres=1.25",hub,0.25,30,18,40,1730,2,0,38,1730,0.05,0.0,1.0,0.0,0.1747322366996244
ni_tfnbs,"e=1.0,h=8.0,n=30,start_thres=1.25",hub,0.25,30,18,40,1730,2,0,38,1730,0.05,0.0,1.0,0.0,0.1747322366996244
ni_tfnbs,"e=1.0,h=9.0,n=30,start_thres=1.25",hub,0.25,30,18,40,1730,2,0,38,1730,0.05,0.0,1.0,0.0,0.1747322366996244
ni_tfnbs,"e=1.0,h=10.0,n=30,start_thres=1.25",hub,0.25,30,18,40,1730,1,0,39,1730,0.025,0.0,1.0,0.0,0.1747322366996244
ni_tfnbs,"e=1.1,h=0.5,n=30,start_thres=1.25",hub,0.25,30,18,40,1730,7,0,33,1730,0.175,0.0,1.0,0.0,0.1747322366996244
ni_tfnbs,"e=1.1,h=1.0,n=30,start_thres=1.25",hub,0.25,30,18,40,1730,8,0,32,1730,0.2,0.0,1.0,0.0,0.1747322366996244
ni_tfnbs,"e=1.1,h=2.0,n=30,start_thres=1.25",hub,0.25,30,18,40,1730,8,0,32,1730,0.2,0.0,1.0,0.0,0.1747322366996244
ni_tfnbs,"e=1.1,h=3.0,n=30,start_thres=1.25",hub,0.25,30,18,40,1730,7,0,33,1730,0.175,0.0,1.0,0.0,0.1747322366996244
ni_tfnbs,"e=1.1,h=4.0,n=30,start_thres=1.25",hub,0.25,30,18,40,1730,7,0,33,1730,0.175,0.0,1.0,0.0,0.1747322366996244
ni_tfnbs,"e=1.1,h=5.0,n=30,start_thres=1.25",hub,0.25,30,18,40,1730,6,0,34,1730,0.15,0.0,1.0,0.0,0.1747322366996244
ni_tfnbs,"e=1.1,h=6.0,n=30,start_thres=1.25",hub,0.25,30,18,40,1730,6,0,34,1730,0.15,0.0,1.0,0.0,0.1747322366996244
ni_tfnbs,"e=1.1,h=7.0,n=30,start_thres=1.25",hub,0.25,30,18,40,1730,5,0,35,1730,0.125,0.0,1.0,0.0,0.1747322366996244
ni_tfnbs,"e=1.1,h=8.0,n=30,start_thres=1.25",hub,0.25,30,18,40,1730,2,0,38,1730,0.05,0.0,1.0,0.0,0.1747322366996244
ni_tfnbs,"e=1.1,h=9.0,n=30,start_thres=1.25",hub,0.25,30,18,40,1730,2,0,38,1730,0.05,0.0,1.0,0.0,0.1747322366996244
ni_tfnbs,"e=1.1,h=10.0,n=30,start_thres=1.25",hub,0.25,30,18,40,1730,2,0,38,1730,0.05,0.0,1.0,0.0,0.1747322366996244
ni_tfnbs,"e=1.2,h=0.5,n=30,start_thres=1.25",hub,0.25,30,18,40,1730,7,0,33,1730,0.175,0.0,1.0,0.0,0.1747322366996244
ni_tfnbs,"e=1.2,h=1.0,n=30,start_thres=1.25",hub,0.25,30,18,40,1730,8,0,32,1730,0.2,0.0,1.0,0.0,0.1747322366996244
ni_tfnbs,"e=1.2,h=2.0,n=30,start_thres=1.25",hub,0.25,30,18,40,1730,8,0,32,1730,0.2,0.0,1.0,0.0,0.1747322366996244
ni_tfnbs,"e=1.2,h=3.0,n=30,start_thres=1.25",hub,0.25,30,18,40,1730,8,0,32,1730,0.2,0.0,1.0,0.0,0.1747322366996244
ni_tfnbs,"e=1.2,h=4.0,n=30,start_thres=1.25",hub,0.25,30,18,40,1730,7,0,33,1730,0.175,0.0,1.0,0.0,0.1747322366996244
ni_tfnbs,"e=1.2,h=5.0,n=30,start_thres=1.25",hub,0.25,30,18,40,1730,6,0,34,1730,0.15,0.0,1.0,0.0,0.1747322366996244
ni_tfnbs,"e=1.2,h=6.0,n=30,start_thres=1.25",hub,0.25,30,18,40,1730,6,0,34,1730,0.15,0.0,1.0,0.0,0.1747322366996244
ni_tfnbs,"e=1.2,h=7.0,n=30,start_thres=1.25",hub,0.25,30,18,40,1730,6,0,34,1730,0.15,0.0,1.0,0.0,0.1747322366996244
ni_tfnbs,"e=1.2,h=8.0,n=30,start_thres=1.25",hub,0.25,30,18,40,1730,4,0,36,1730,0.1,0.0,1.0,0.0,0.1747322366996244
ni_tfnbs,"e=1.2,h=9.0,n=30,start_thres=1.25",hub,0.25,30,18,40,1730,2,0,38,1730,0.05,0.0,1.0,0.0,0.1747322366996244
ni_tfnbs,"e=1.2,h=10.0,n=30,start_thres=1.25",hub,0.25,30,18,40,1730,2,0,38,1730,0.05,0.0,1.0,0.0,0.1747322366996244
ni_tfnbs,"e=1.3,h=0.5,n=30,start_thres=1.25",hub,0.25,30,18,40,1730,7,0,33,1730,0.175,0.0,1.0,0.0,0.1747322366996244
ni_tfnbs,"e=1.3,h=1.0,n=30,start_thres=1.25",hub,0.25,30,18,40,1730,8,0,32,1730,0.2,0.0,1.0,0.0,0.1747322366996244
ni_tfnbs,"e=1.3,h=2.0,n=30,start_thres=1.25",hub,0.25,30,18,40,1730,9,0,31,1730,0.225,0.0,1.0,0.0,0.1747322366996244
ni_tfnbs,"e=1.3,h=3.0,n=30,start_thres=1.25",hub,0.25,30,18,40,1730,8,0,32,1730,0.2,0.0,1.0,0.0,0.1747322366996244
ni_tfnbs,"e=1.3,h=4.0,n=30,start_thres=1.25",hub,0.25,30,18,40,1730,8,0,32,1730,0.2,0.0,1.0,0.0,0.1747322366996244
ni_tfnbs,"e=1.3,h=5.0,n=30,start_thres=1.25",hub,0.25,30,18,40,1730,7,0,33,1730,0.175,0.0,1.0,0.0,0.1747322366996244
ni_tfnbs,"e=1.3,h=6.0,n=30,start_thres=1.25",hub,0.25,30,18,40,1730,6,0,34,1730,0.15,0.0,1.0,0.0,0.1747322366996244
ni_tfnbs,"e=1.3,h=7.0,n=30,start_thres=1.25",hub,0.25,30,18,40,1730,6,0,34,1730,0.15,0.0,1.0,0.0,0.1747322366996244
ni_tfnbs,"e=1.3,h=8.0,n=30,start_thres=1.25",hub,0.25,30,18,40,1730,5,0,35,1730,0.125,0.0,1.0,0.0,0.1747322366996244
ni_tfnbs,"e=1.3,h=9.0,n=30,start_thres=1.25",hub,0.25,30,18,40,1730,4,0,36,1730,0.1,0.0,1.0,0.0,0.1747322366996244
ni_tfnbs,"e=1.3,h=10.0,n=30,start_thres=1.25",hub,0.25,30,18,40,1730,2,0,38,1730,0.05,0.0,1.0,0.0,0.1747322366996244
ni_tfnbs,"e=1.4,h=0.5,n=30,start_thres=1.25",hub,0.25,30,18,40,1730,7,0,33,1730,0.175,0.0,1.0,0.0,0.1747322366996244
ni_tfnbs,"e=1.4,h=1.0,n=30,start_thres=1.25",hub,0.25,30,18,40,1730,8,0,32,1730,0.2,0.0,1.0,0.0,0.1747322366996244
ni_tfnbs,"e=1.4,h=2.0,n=30,start_thres=1.25",hub,0.25,30,18,40,1730,8,0,32,1730,0.2,0.0,1.0,0.0,0.1747322366996244
ni_tfnbs,"e=1.4,h=3.0,n=30,start_thres=1.25",hub,0.25,30,18,40,1730,8,0,32,1730,0.2,0.0,1.0,0.0,0.1747322366996244
ni_tfnbs,"e=1.4,h=4.0,n=30,start_thres=1.25",hub,0.25,30,18,40,1730,8,0,32,1730,0.2,0.0,1.0,0.0,0.1747322366996244
ni_tfnbs,"e=1.4,h=5.0,n=30,start_thres=1.25",hub,0.25,30,18,40,1730,8,0,32,1730,0.2,0.0,1.0,0.0,0.1747322366996244
ni_tfnbs,"e=1.4,h=6.0,n=30,start_thres=1.25",hub,0.25,30,18,40,1730,7,0,33,1730,0.175,0.0,1.0,0.0,0.1747322366996244
ni_tfnbs,"e=1.4,h=7.0,n=30,start_thres=1.25",hub,0.25,30,18,40,1730,6,0,34,1730,0.15,0.0,1.0,0.0,0.1747322366996244
ni_tfnbs,"e=1.4,h=8.0,n=30,start_thres=1.25",hub,0.25,30,18,40,1730,6,0,34,1730,0.15,0.0,1.0,0.0,0.1747322366996244
ni_tfnbs,"e=1.4,h=9.0,n=30,start_thres=1.25",hub,0.25,30,18,40,1730,5,0,35,1730,0.125,0.0,1.0,0.0,0.1747322366996244
ni_tfnbs,"e=1.4,h=10.0,n=30,start_thres=1.25",hub,0.25,30,18,40,1730,4,0,36,1730,0.1,0.0,1.0,0.0,0.1747322366996244
ni_tfnbs,"e=1.5,h=0.5,n=30,start_thres=1.25",hub,0.25,30,18,40,1730,6,0,34,1730,0.15,0.0,1.0,0.0,0.1747322366996244
ni_tfnbs,"e=1.5,h=1.0,n=30,start_thres=1.25",hub,0.25,30,18,40,1730,8,0,32,1730,0.2,0.0,1.0,0.0,0.1747322366996244
ni_tfnbs,"e=1.5,h=2.0,n=30,start_thres=1.25",hub,0.25,30,18,40,1730,8,0,32,1730,0.2,0.0,1.0,0.0,0.1747322366996244
ni_tfnbs,"e=1.5,h=3.0,n=30,start_thres=1.25",hub,0.25,30,18,40,1730,8,0,32,1730,0.2,0.0,1.0,0.0,0.1747322366996244
ni_tfnbs,"e=1.5,h=4.0,n=30,start_thres=1.25",hub,0.25,30,18,40,1730,8,0,32,1730,0.2,0.0,1.0,0.0,0.1747322366996244
ni_tfnbs,"e=1.5,h=5.0,n=30,start_thres=1.25",hub,0.25,30,18,40,1730,8,0,32,1730,0.2,0.0,1.0,0.0,0.1747322366996244
ni_tfnbs,"e=1.5,h=6.0,n=30,start_thres=1.25",hub,0.25,30,18,40,1730,7,0,33,1730,0.175,0.0,1.0,0.0,0.1747322366996244
ni_tfnbs,"e=1.5,h=7.0,n=30,start_thres=1.25",hub,0.25,30,18,40,1730,6,0,34,1730,0.15,0.0,1.0,0.0,0.1747322366996244
ni_tfnbs,"e=1.5,h=8.0,n=30,start_thres=1.25",hub,0.25,30,18,40,1730,6,0,34,1730,0.15,0.0,1.0,0.0,0.1747322366996244
ni_tfnbs,"e=1.5,h=9.0,n=30,start_thres=1.25",hub,0.25,30,18,40,1730,6,0,34,1730,0.15,0.0,1.0,0.0,0.1747322366996244
ni_tfnbs,"e=1.5,h=10.0,n=30,start_thres=1.25",hub,0.25,30,18,40,1730,5,0,35,1730,0.125,0.0,1.0,0.0,0.1747322366996244
ni_tfnbs,"e=0.05,h=0.5,n=30,start_thres=1.25",hub,0.25,30,19,40,1730,3,0,37,1730,0.075,0.0,1.0,0.0,0.1758117323571985
ni_tfnbs,"e=0.05,h=1.0,n=30,start_thres=1.25",hub,0.25,30,19,40,1730,3,0,37,1730,0.075,0.0,1.0,0.0,0.1758117323571985
ni_tfnbs,"e=0.05,h=2.0,n=30,start_thres=1.25",hub,0.25,30,19,40,1730,3,0,37,1730,0.075,0.0,1.0,0.0,0.1758117323571985
ni_tfnbs,"e=0.05,h=3.0,n=30,start_thres=1.25",hub,0.25,30,19,40,1730,3,0,37,1730,0.075,0.0,1.0,0.0,0.1758117323571985
ni_tfnbs,"e=0.05,h=4.0,n=30,start_thres=1.25",hub,0.25,30,19,40,1730,3,0,37,1730,0.075,0.0,1.0,0.0,0.1758117323571985
ni_tfnbs,"e=0.05,h=5.0,n=30,start_thres=1.25",hub,0.25,30,19,40,1730,3,0,37,1730,0.075,0.0,1.0,0.0,0.1758117323571985
ni_tfnbs,"e=0.05,h=6.0,n=30,start_thres=1.25",hub,0.25,30,19,40,1730,3,0,37,1730,0.075,0.0,1.0,0.0,0.1758117323571985
ni_tfnbs,"e=0.05,h=7.0,n=30,start_thres=1.25",hub,0.25,30,19,40,1730,3,0,37,1730,0.075,0.0,1.0,0.0,0.1758117323571985
ni_tfnbs,"e=0.05,h=8.0,n=30,start_thres=1.25",hub,0.25,30,19,40,1730,3,0,37,1730,0.075,0.0,1.0,0.0,0.1758117323571985
ni_tfnbs,"e=0.05,h=9.0,n=30,start_thres=1.25",hub,0.25,30,19,40,1730,3,0,37,1730,0.075,0.0,1.0,0.0,0.1758117323571985
ni_tfnbs,"e=0.05,h=10.0,n=30,start_thres=1.25",hub,0.25,30,19,40,1730,3,0,37,1730,0.075,0.0,1.0,0.0,0.1758117323571985
ni_tfnbs,"e=0.1,h=0.5,n=30,start_thres=1.25",hub,0.25,30,19,40,1730,3,0,37,1730,0.075,0.0,1.0,0.0,0.1758117323571985
ni_tfnbs,"e=0.1,h=1.0,n=30,start_thres=1.25",hub,0.25,30,19,40,1730,3,0,37,1730,0.075,0.0,1.0,0.0,0.1758117323571985
ni_tfnbs,"e=0.1,h=2.0,n=30,start_thres=1.25",hub,0.25,30,19,40,1730,3,0,37,1730,0.075,0.0,1.0,0.0,0.1758117323571985
ni_tfnbs,"e=0.1,h=3.0,n=30,start_thres=1.25",hub,0.25,30,19,40,1730,3,0,37,1730,0.075,0.0,1.0,0.0,0.1758117323571985
ni_tfnbs,"e=0.1,h=4.0,n=30,start_thres=1.25",hub,0.25,30,19,40,1730,3,0,37,1730,0.075,0.0,1.0,0.0,0.1758117323571985
ni_tfnbs,"e=0.1,h=5.0,n=30,start_thres=1.25",hub,0.25,30,19,40,1730,3,0,37,1730,0.075,0.0,1.0,0.0,0.1758117323571985
ni_tfnbs,"e=0.1,h=6.0,n=30,start_thres=1.25",hub,0.25,30,19,40,1730,3,0,37,1730,0.075,0.0,1.0,0.0,0.1758117323571985
ni_tfnbs,"e=0.1,h=7.0,n=30,start_thres=1.25",hub,0.25,30,19,40,1730,3,0,37,1730,0.075,0.0,1.0,0.0,0.1758117323571985
ni_tfnbs,"e=0.1,h=8.0,n=30,start_thres=1.25",hub,0.25,30,19,40,1730,3,0,37,1730,0.075,0.0,1.0,0.0,0.1758117323571985
ni_tfnbs,"e=0.1,h=9.0,n=30,start_thres=1.25",hub,0.25,30,19,40,1730,3,0,37,1730,0.075,0.0,1.0,0.0,0.1758117323571985
ni_tfnbs,"e=0.1,h=10.0,n=30,start_thres=1.25",hub,0.25,30,19,40,1730,3,0,37,1730,0.075,0.0,1.0,0.0,0.1758117323571985
ni_tfnbs,"e=0.2,h=0.5,n=30,start_thres=1.25",hub,0.25,30,19,40,1730,3,0,37,1730,0.075,0.0,1.0,0.0,0.1758117323571985
ni_tfnbs,"e=0.2,h=1.0,n=30,start_thres=1.25",hub,0.25,30,19,40,1730,3,0,37,1730,0.075,0.0,1.0,0.0,0.1758117323571985
ni_tfnbs,"e=0.2,h=2.0,n=30,start_thres=1.25",hub,0.25,30,19,40,1730,3,0,37,1730,0.075,0.0,1.0,0.0,0.1758117323571985
ni_tfnbs,"e=0.2,h=3.0,n=30,start_thres=1.25",hub,0.25,30,19,40,1730,3,0,37,1730,0.075,0.0,1.0,0.0,0.1758117323571985
ni_tfnbs,"e=0.2,h=4.0,n=30,start_thres=1.25",hub,0.25,30,19,40,1730,3,0,37,1730,0.075,0.0,1.0,0.0,0.1758117323571985
ni_tfnbs,"e=0.2,h=5.0,n=30,start_thres=1.25",hub,0.25,30,19,40,1730,3,0,37,1730,0.075,0.0,1.0,0.0,0.1758117323571985
ni_tfnbs,"e=0.2,h=6.0,n=30,start_thres=1.25",hub,0.25,30,19,40,1730,3,0,37,1730,0.075,0.0,1.0,0.0,0.1758117323571985
ni_tfnbs,"e=0.2,h=7.0,n=30,start_thres=1.25",hub,0.25,30,19,40,1730,3,0,37,1730,0.075,0.0,1.0,0.0,0.1758117323571985
ni_tfnbs,"e=0.2,h=8.0,n=30,start_thres=1.25",hub,0.25,30,19,40,1730,3,0,37,1730,0.075,0.0,1.0,0.0,0.1758117323571985
ni_tfnbs,"e=0.2,h=9.0,n=30,start_thres=1.25",hub,0.25,30,19,40,1730,3,0,37,1730,0.075,0.0,1.0,0.0,0.1758117323571985
ni_tfnbs,"e=0.2,h=10.0,n=30,start_thres=1.25",hub,0.25,30,19,40,1730,3,0,37,1730,0.075,0.0,1.0,0.0,0.1758117323571985
ni_tfnbs,"e=0.3,h=0.5,n=30,start_thres=1.25",hub,0.25,30,19,40,1730,4,0,36,1730,0.1,0.0,1.0,0.0,0.1758117323571985
ni_tfnbs,"e=0.3,h=1.0,n=30,start_thres=1.25",hub,0.25,30,19,40,1730,4,0,36,1730,0.1,0.0,1.0,0.0,0.1758117323571985
ni_tfnbs,"e=0.3,h=2.0,n=30,start_thres=1.25",hub,0.25,30,19,40,1730,4,0,36,1730,0.1,0.0,1.0,0.0,0.1758117323571985
ni_tfnbs,"e=0.3,h=3.0,n=30,start_thres=1.25",hub,0.25,30,19,40,1730,4,0,36,1730,0.1,0.0,1.0,0.0,0.1758117323571985
ni_tfnbs,"e=0.3,h=4.0,n=30,start_thres=1.25",hub,0.25,30,19,40,1730,3,0,37,1730,0.075,0.0,1.0,0.0,0.1758117323571985
ni_tfnbs,"e=0.3,h=5.0,n=30,start_thres=1.25",hub,0.25,30,19,40,1730,3,0,37,1730,0.075,0.0,1.0,0.0,0.1758117323571985
ni_tfnbs,"e=0.3,h=6.0,n=30,start_thres=1.25",hub,0.25,30,19,40,1730,3,0,37,1730,0.075,0.0,1.0,0.0,0.1758117323571985
ni_tfnbs,"e=0.3,h=7.0,n=30,start_thres=1.25",hub,0.25,30,19,40,1730,3,0,37,1730,0.075,0.0,1.0,0.0,0.1758117323571985
ni_tfnbs,"e=0.3,h=8.0,n=30,start_thres=1.25",hub,0.25,30,19,40,1730,3,0,37,1730,0.075,0.0,1.0,0.0,0.1758117323571985
ni_tfnbs,"e=0.3,h=9.0,n=30,start_thres=1.25",hub,0.25,30,19,40,1730,3,0,37,1730,0.075,0.0,1.0,0.0,0.1758117323571985
ni_tfnbs,"e=0.3,h=10.0,n=30,start_thres=1.25",hub,0.25,30,19,40,1730,3,0,37,1730,0.075,0.0,1.0,0.0,0.1758117323571985
ni_tfnbs,"e=0.4,h=0.5,n=30,start_thres=1.25",hub,0.25,30,19,40,1730,4,0,36,1730,0.1,0.0,1.0,0.0,0.1758117323571985
ni_tfnbs,"e=0.4,h=1.0,n=30,start_thres=1.25",hub,0.25,30,19,40,1730,4,0,36,1730,0.1,0.0,1.0,0.0,0.1758117323571985
ni_tfnbs,"e=0.4,h=2.0,n=30,start_thres=1.25",hub,0.25,30,19,40,1730,4,0,36,1730,0.1,0.0,1.0,0.0,0.1758117323571985
ni_tfnbs,"e=0.4,h=3.0,n=30,start_thres=1.25",hub,0.25,30,19,40,1730,4,0,36,1730,0.1,0.0,1.0,0.0,0.1758117323571985
ni_tfnbs,"e=0.4,h=4.0,n=30,start_thres=1.25",hub,0.25,30,19,40,1730,4,0,36,1730,0.1,0.0,1.0,0.0,0.1758117323571985
ni_tfnbs,"e=0.4,h=5.0,n=30,start_thres=1.25",hub,0.25,30,19,40,1730,4,0,36,1730,0.1,0.0,1.0,0.0,0.1758117323571985
ni_tfnbs,"e=0.4,h=6.0,n=30,start_thres=1.25",hub,0.25,30,19,40,1730,3,0,37,1730,0.075,0.0,1.0,0.0,0.1758117323571985
ni_tfnbs,"e=0.4,h=7.0,n=30,start_thres=1.25",hub,0.25,30,19,40,1730,3,0,37,1730,0.075,0.0,1.0,0.0,0.1758117323571985
ni_tfnbs,"e=0.4,h=8.0,n=30,start_thres=1.25",hub,0.25,30,19,40,1730,3,0,37,1730,0.075,0.0,1.0,0.0,0.1758117323571985
ni_tfnbs,"e=0.4,h=9.0,n=30,start_thres=1.25",hub,0.25,30,19,40,1730,3,0,37,1730,0.075,0.0,1.0,0.0,0.1758117323571985
ni_tfnbs,"e=0.4,h=10.0,n=30,start_thres=1.25",hub,0.25,30,19,40,1730,3,0,37,1730,0.075,0.0,1.0,0.0,0.1758117323571985
ni_tfnbs,"e=0.5,h=0.5,n=30,start_thres=1.25",hub,0.25,30,19,40,1730,5,0,35,1730,0.125,0.0,1.0,0.0,0.1758117323571985
ni_tfnbs,"e=0.5,h=1.0,n=30,start_thres=1.25",hub,0.25,30,19,40,1730,5,0,35,1730,0.125,0.0,1.0,0.0,0.1758117323571985
ni_tfnbs,"e=0.5,h=2.0,n=30,start_thres=1.25",hub,0.25,30,19,40,1730,4,0,36,1730,0.1,0.0,1.0,0.0,0.1758117323571985
ni_tfnbs,"e=0.5,h=3.0,n=30,start_thres=1.25",hub,0.25,30,19,40,1730,4,0,36,1730,0.1,0.0,1.0,0.0,0.1758117323571985
ni_tfnbs,"e=0.5,h=4.0,n=30,start_thres=1.25",hub,0.25,30,19,40,1730,4,0,36,1730,0.1,0.0,1.0,0.0,0.1758117323571985
ni_tfnbs,"e=0.5,h=5.0,n=30,start_thres=1.25",hub,0.25,30,19,40,1730,4,0,36,1730,0.1,0.0,1.0,0.0,0.1758117323571985
ni_tfnbs,"e=0.5,h=6.0,n=30,start_thres=1.25",hub,0.25,30,19,40,1730,4,0,36,1730,0.1,0.0,1.0,0.0,0.1758117323571985
ni_tfnbs,"e=0.5,h=7.0,n=30,start_thres=1.25",hub,0.25,30,19,40,1730,4,0,36,1730,0.1,0.0,1.0,0.0,0.1758117323571985
ni_tfnbs,"e=0.5,h=8.0,n=30,start_thres=1.25",hub,0.25,30,19,40,1730,3,0,37,1730,0.075,0.0,1.0,0.0,0.1758117323571985
ni_tfnbs,"e=0.5,h=9.0,n=30,start_thres=1.25",hub,0.25,30,19,40,1730,3,0,37,1730,0.075,0.0,1.0,0.0,0.1758117323571985
ni_tfnbs,"e=0.5,h=10.0,n=30,start_thres=1.25",hub,0.25,30,19,40,1730,3,0,37,1730,0.075,0.0,1.0,0.0,0.1758117323571985
ni_tfnbs,"e=0.6,h=0.5,n=30,start_thres=1.25",hub,0.25,30,19,40,1730,5,0,35,1730,0.125,0.0,1.0,0.0,0.1758117323571985
ni_tfnbs,"e=0.6,h=1.0,n=30,start_thres=1.25",hub,0.25,30,19,40,1730,5,0,35,1730,0.125,0.0,1.0,0.0,0.1758117323571985
ni_tfnbs,"e=0.6,h=2.0,n=30,start_thres=1.25",hub,0.25,30,19,40,1730,5,0,35,1730,0.125,0.0,1.0,0.0,0.1758117323571985
ni_tfnbs,"e=0.6,h=3.0,n=30,start_thres=1.25",hub,0.25,30,19,40,1730,4,0,36,1730,0.1,0.0,1.0,0.0,0.1758117323571985
ni_tfnbs,"e=0.6,h=4.0,n=30,start_thres=1.25",hub,0.25,30,19,40,1730,4,0,36,1730,0.1,0.0,1.0,0.0,0.1758117323571985
ni_tfnbs,"e=0.6,h=5.0,n=30,start_thres=1.25",hub,0.25,30,19,40,1730,4,0,36,1730,0.1,0.0,1.0,0.0,0.1758117323571985
ni_tfnbs,"e=0.6,h=6.0,n=30,start_thres=1.25",hub,0.25,30,19,40,1730,4,0,36,1730,0.1,0.0,1.0,0.0,0.1758117323571985
ni_tfnbs,"e=0.6,h=7.0,n=30,start_thres=1.25",hub,0.25,30,19,40,1730,4,0,36,1730,0.1,0.0,1.0,0.0,0.1758117323571985
ni_tfnbs,"e=0.6,h=8.0,n=30,start_thres=1.25",hub,0.25,30,19,40,1730,4,0,36,1730,0.1,0.0,1.0,0.0,0.1758117323571985
ni_tfnbs,"e=0.6,h=9.0,n=30,start_thres=1.25",hub,0.25,30,19,40,1730,3,0,37,1730,0.075,0.0,1.0,0.0,0.1758117323571985
ni_tfnbs,"e=0.6,h=10.0,n=30,start_thres=1.25",hub,0.25,30,19,40,1730,3,0,37,1730,0.075,0.0,1.0,0.0,0.1758117323571985
ni_tfnbs,"e=0.7,h=0.5,n=30,start_thres=1.25",hub,0.25,30,19,40,1730,5,0,35,1730,0.125,0.0,1.0,0.0,0.1758117323571985
ni_tfnbs,"e=0.7,h=1.0,n=30,start_thres=1.25",hub,0.25,30,19,40,1730,5,0,35,1730,0.125,0.0,1.0,0.0,0.1758117323571985
ni_tfnbs,"e=0.7,h=2.0,n=30,start_thres=1.25",hub,0.25,30,19,40,1730,5,0,35,1730,0.125,0.0,1.0,0.0,0.1758117323571985
ni_tfnbs,"e=0.7,h=3.0,n=30,start_thres=1.25",hub,0.25,30,19,40,1730,5,0,35,1730,0.125,0.0,1.0,0.0,0.1758117323571985
ni_tfnbs,"e=0.7,h=4.0,n=30,start_thres=1.25",hub,0.25,30,19,40,1730,4,0,36,1730,0.1,0.0,1.0,0.0,0.1758117323571985
ni_tfnbs,"e=0.7,h=5.0,n=30,start_thres=1.25",hub,0.25,30,19,40,1730,4,0,36,1730,0.1,0.0,1.0,0.0,0.1758117323571985
ni_tfnbs,"e=0.7,h=6.0,n=30,start_thres=1.25",hub,0.25,30,19,40,1730,4,0,36,1730,0.1,0.0,1.0,0.0,0.1758117323571985
ni_tfnbs,"e=0.7,h=7.0,n=30,start_thres=1.25",hub,0.25,30,19,40,1730,4,0,36,1730,0.1,0.0,1.0,0.0,0.1758117323571985
ni_tfnbs,"e=0.7,h=8.0,n=30,start_thres=1.25",hub,0.25,30,19,40,1730,4,0,36,1730,0.1,0.0,1.0,0.0,0.1758117323571985
ni_tfnbs,"e=0.7,h=9.0,n=30,start_thres=1.25",hub,0.25,30,19,40,1730,4,0,36,1730,0.1,0.0,1.0,0.0,0.1758117323571985
ni_tfnbs,"e=0.7,h=10.0,n=30,start_thres=1.25",hub,0.25,30,19,40,1730,4,0,36,1730,0.1,0.0,1.0,0.0,0.1758117323571985
ni_tfnbs,"e=0.8,h=0.5,n=30,start_thres=1.25",hub,0.25,30,19,40,1730,4,0,36,1730,0.1,0.0,1.0,0.0,0.1758117323571985
ni_tfnbs,"e=0.8,h=1.0,n=30,start_thres=1.25",hub,0.25,30,19,40,1730,5,0,35,1730,0.125,0.0,1.0,0.0,0.1758117323571985
ni_tfnbs,"e=0.8,h=2.0,n=30,start_thres=1.25",hub,0.25,30,19,40,1730,5,0,35,1730,0.125,0.0,1.0,0.0,0.1758117323571985
ni_tfnbs,"e=0.8,h=3.0,n=30,start_thres=1.25",hub,0.25,30,19,40,1730,5,0,35,1730,0.125,0.0,1.0,0.0,0.1758117323571985
ni_tfnbs,"e=0.8,h=4.0,n=30,start_thres=1.25",hub,0.25,30,19,40,1730,5,0,35,1730,0.125,0.0,1.0,0.0,0.1758117323571985
ni_tfnbs,"e=0.8,h=5.0,n=30,start_thres=1.25",hub,0.25,30,19,40,1730,4,0,36,1730,0.1,0.0,1.0,0.0,0.1758117323571985
ni_tfnbs,"e=0.8,h=6.0,n=30,start_thres=1.25",hub,0.25,30,19,40,1730,4,0,36,1730,0.1,0.0,1.0,0.0,0.1758117323571985
ni_tfnbs,"e=0.8,h=7.0,n=30,start_thres=1.25",hub,0.25,30,19,40,1730,4,0,36,1730,0.1,0.0,1.0,0.0,0.1758117323571985
ni_tfnbs,"e=0.8,h=8.0,n=30,start_thres=1.25",hub,0.25,30,19,40,1730,4,0,36,1730,0.1,0.0,1.0,0.0,0.1758117323571985
ni_tfnbs,"e=0.8,h=9.0,n=30,start_thres=1.25",hub,0.25,30,19,40,1730,4,0,36,1730,0.1,0.0,1.0,0.0,0.1758117323571985
ni_tfnbs,"e=0.8,h=10.0,n=30,start_thres=1.25",hub,0.25,30,19,40,1730,4,0,36,1730,0.1,0.0,1.0,0.0,0.1758117323571985
ni_tfnbs,"e=0.9,h=0.5,n=30,start_thres=1.25",hub,0.25,30,19,40,1730,3,0,37,1730,0.075,0.0,1.0,0.0,0.1758117323571985
ni_tfnbs,"e=0.9,h=1.0,n=30,start_thres=1.25",hub,0.25,30,19,40,1730,4,0,36,1730,0.1,0.0,1.0,0.0,0.1758117323571985
ni_tfnbs,"e=0.9,h=2.0,n=30,start_thres=1.25",hub,0.25,30,19,40,1730,5,0,35,1730,0.125,0.0,1.0,0.0,0.1758117323571985
ni_tfnbs,"e=0.9,h=3.0,n=30,start_thres=1.25",hub,0.25,30,19,40,1730,5,0,35,1730,0.125,0.0,1.0,0.0,0.1758117323571985
ni_tfnbs,"e=0.9,h=4.0,n=30,start_thres=1.25",hub,0.25,30,19,40,1730,5,0,35,1730,0.125,0.0,1.0,0.0,0.1758117323571985
ni_tfnbs,"e=0.9,h=5.0,n=30,start_thres=1.25",hub,0.25,30,19,40,1730,5,0,35,1730,0.125,0.0,1.0,0.0,0.1758117323571985
ni_tfnbs,"e=0.9,h=6.0,n=30,start_thres=1.25",hub,0.25,30,19,40,1730,4,0,36,1730,0.1,0.0,1.0,0.0,0.1758117323571985
ni_tfnbs,"e=0.9,h=7.0,n=30,start_thres=1.25",hub,0.25,30,19,40,1730,4,0,36,1730,0.1,0.0,1.0,0.0,0.1758117323571985
ni_tfnbs,"e=0.9,h=8.0,n=30,start_thres=1.25",hub,0.25,30,19,40,1730,4,0,36,1730,0.1,0.0,1.0,0.0,0.1758117323571985
ni_tfnbs,"e=0.9,h=9.0,n=30,start_thres=1.25",hub,0.25,30,19,40,1730,4,0,36,1730,0.1,0.0,1.0,0.0,0.1758117323571985
ni_tfnbs,"e=0.9,h=10.0,n=30,start_thres=1.25",hub,0.25,30,19,40,1730,4,0,36,1730,0.1,0.0,1.0,0.0,0.1758117323571985
ni_tfnbs,"e=1.0,h=0.5,n=30,start_thres=1.25",hub,0.25,30,19,40,1730,2,0,38,1730,0.05,0.0,1.0,0.0,0.1758117323571985
ni_tfnbs,"e=1.0,h=1.0,n=30,start_thres=1.25",hub,0.25,30,19,40,1730,3,0,37,1730,0.075,0.0,1.0,0.0,0.1758117323571985
ni_tfnbs,"e=1.0,h=2.0,n=30,start_thres=1.25",hub,0.25,30,19,40,1730,5,0,35,1730,0.125,0.0,1.0,0.0,0.1758117323571985
ni_tfnbs,"e=1.0,h=3.0,n=30,start_thres=1.25",hub,0.25,30,19,40,1730,5,0,35,1730,0.125,0.0,1.0,0.0,0.1758117323571985
ni_tfnbs,"e=1.0,h=4.0,n=30,start_thres=1.25",hub,0.25,30,19,40,1730,5,0,35,1730,0.125,0.0,1.0,0.0,0.1758117323571985
ni_tfnbs,"e=1.0,h=5.0,n=30,start_thres=1.25",hub,0.25,30,19,40,1730,5,0,35,1730,0.125,0.0,1.0,0.0,0.1758117323571985
ni_tfnbs,"e=1.0,h=6.0,n=30,start_thres=1.25",hub,0.25,30,19,40,1730,5,0,35,1730,0.125,0.0,1.0,0.0,0.1758117323571985
ni_tfnbs,"e=1.0,h=7.0,n=30,start_thres=1.25",hub,0.25,30,19,40,1730,4,0,36,1730,0.1,0.0,1.0,0.0,0.1758117323571985
ni_tfnbs,"e=1.0,h=8.0,n=30,start_thres=1.25",hub,0.25,30,19,40,1730,4,0,36,1730,0.1,0.0,1.0,0.0,0.1758117323571985
ni_tfnbs,"e=1.0,h=9.0,n=30,start_thres=1.25",hub,0.25,30,19,40,1730,4,0,36,1730,0.1,0.0,1.0,0.0,0.1758117323571985
ni_tfnbs,"e=1.0,h=10.0,n=30,start_thres=1.25",hub,0.25,30,19,40,1730,4,0,36,1730,0.1,0.0,1.0,0.0,0.1758117323571985
ni_tfnbs,"e=1.1,h=0.5,n=30,start_thres=1.25",hub,0.25,30,19,40,1730,2,0,38,1730,0.05,0.0,1.0,0.0,0.1758117323571985
ni_tfnbs,"e=1.1,h=1.0,n=30,start_thres=1.25",hub,0.25,30,19,40,1730,3,0,37,1730,0.075,0.0,1.0,0.0,0.1758117323571985
ni_tfnbs,"e=1.1,h=2.0,n=30,start_thres=1.25",hub,0.25,30,19,40,1730,5,0,35,1730,0.125,0.0,1.0,0.0,0.1758117323571985
ni_tfnbs,"e=1.1,h=3.0,n=30,start_thres=1.25",hub,0.25,30,19,40,1730,5,0,35,1730,0.125,0.0,1.0,0.0,0.1758117323571985
ni_tfnbs,"e=1.1,h=4.0,n=30,start_thres=1.25",hub,0.25,30,19,40,1730,5,0,35,1730,0.125,0.0,1.0,0.0,0.1758117323571985
ni_tfnbs,"e=1.1,h=5.0,n=30,start_thres=1.25",hub,0.25,30,19,40,1730,5,0,35,1730,0.125,0.0,1.0,0.0,0.1758117323571985
ni_tfnbs,"e=1.1,h=6.0,n=30,start_thres=1.25",hub,0.25,30,19,40,1730,5,0,35,1730,0.125,0.0,1.0,0.0,0.1758117323571985
ni_tfnbs,"e=1.1,h=7.0,n=30,start_thres=1.25",hub,0.25,30,19,40,1730,5,0,35,1730,0.125,0.0,1.0,0.0,0.1758117323571985
ni_tfnbs,"e=1.1,h=8.0,n=30,start_thres=1.25",hub,0.25,30,19,40,1730,4,0,36,1730,0.1,0.0,1.0,0.0,0.1758117323571985
ni_tfnbs,"e=1.1,h=9.0,n=30,start_thres=1.25",hub,0.25,30,19,40,1730,4,0,36,1730,0.1,0.0,1.0,0.0,0.1758117323571985
ni_tfnbs,"e=1.1,h=10.0,n=30,start_thres=1.25",hub,0.25,30,19,40,1730,4,0,36,1730,0.1,0.0,1.0,0.0,0.1758117323571985
ni_tfnbs,"e=1.2,h=0.5,n=30,start_thres=1.25",hub,0.25,30,19,40,1730,2,0,38,1730,0.05,0.0,1.0,0.0,0.1758117323571985
ni_tfnbs,"e=1.2,h=1.0,n=30,start_thres=1.25",hub,0.25,30,19,40,1730,2,0,38,1730,0.05,0.0,1.0,0.0,0.1758117323571985
ni_tfnbs,"e=1.2,h=2.0,n=30,start_thres=1.25",hub,0.25,30,19,40,1730,4,0,36,1730,0.1,0.0,1.0,0.0,0.1758117323571985
ni_tfnbs,"e=1.2,h=3.0,n=30,start_thres=1.25",hub,0.25,30,19,40,1730,5,0,35,1730,0.125,0.0,1.0,0.0,0.1758117323571985
ni_tfnbs,"e=1.2,h=4.0,n=30,start_thres=1.25",hub,0.25,30,19,40,1730,5,0,35,1730,0.125,0.0,1.0,0.0,0.1758117323571985
ni_tfnbs,"e=1.2,h=5.0,n=30,start_thres=1.25",hub,0.25,30,19,40,1730,5,0,35,1730,0.125,0.0,1.0,0.0,0.1758117323571985
ni_tfnbs,"e=1.2,h=6.0,n=30,start_thres=1.25",hub,0.25,30,19,40,1730,5,0,35,1730,0.125,0.0,1.0,0.0,0.1758117323571985
ni_tfnbs,"e=1.2,h=7.0,n=30,start_thres=1.25",hub,0.25,30,19,40,1730,5,0,35,1730,0.125,0.0,1.0,0.0,0.1758117323571985
ni_tfnbs,"e=1.2,h=8.0,n=30,start_thres=1.25",hub,0.25,30,19,40,1730,5,0,35,1730,0.125,0.0,1.0,0.0,0.1758117323571985
ni_tfnbs,"e=1.2,h=9.0,n=30,start_thres=1.25",hub,0.25,30,19,40,1730,4,0,36,1730,0.1,0.0,1.0,0.0,0.1758117323571985
ni_tfnbs,"e=1.2,h=10.0,n=30,start_thres=1.25",hub,0.25,30,19,40,1730,4,0,36,1730,0.1,0.0,1.0,0.0,0.1758117323571985
ni_tfnbs,"e=1.3,h=0.5,n=30,start_thres=1.25",hub,0.25,30,19,40,1730,2,0,38,1730,0.05,0.0,1.0,0.0,0.1758117323571985
ni_tfnbs,"e=1.3,h=1.0,n=30,start_thres=1.25",hub,0.25,30,19,40,1730,2,0,38,1730,0.05,0.0,1.0,0.0,0.1758117323571985
ni_tfnbs,"e=1.3,h=2.0,n=30,start_thres=1.25",hub,0.25,30,19,40,1730,3,0,37,1730,0.075,0.0,1.0,0.0,0.1758117323571985
ni_tfnbs,"e=1.3,h=3.0,n=30,start_thres=1.25",hub,0.25,30,19,40,1730,5,0,35,1730,0.125,0.0,1.0,0.0,0.1758117323571985
ni_tfnbs,"e=1.3,h=4.0,n=30,start_thres=1.25",hub,0.25,30,19,40,1730,5,0,35,1730,0.125,0.0,1.0,0.0,0.1758117323571985
ni_tfnbs,"e=1.3,h=5.0,n=30,start_thres=1.25",hub,0.25,30,19,40,1730,5,0,35,1730,0.125,0.0,1.0,0.0,0.1758117323571985
ni_tfnbs,"e=1.3,h=6.0,n=30,start_thres=1.25",hub,0.25,30,19,40,1730,5,0,35,1730,0.125,0.0,1.0,0.0,0.1758117323571985
ni_tfnbs,"e=1.3,h=7.0,n=30,start_thres=1.25",hub,0.25,30,19,40,1730,5,0,35,1730,0.125,0.0,1.0,0.0,0.1758117323571985
ni_tfnbs,"e=1.3,h=8.0,n=30,start_thres=1.25",hub,0.25,30,19,40,1730,5,0,35,1730,0.125,0.0,1.0,0.0,0.1758117323571985
ni_tfnbs,"e=1.3,h=9.0,n=30,start_thres=1.25",hub,0.25,30,19,40,1730,5,0,35,1730,0.125,0.0,1.0,0.0,0.1758117323571985
ni_tfnbs,"e=1.3,h=10.0,n=30,start_thres=1.25",hub,0.25,30,19,40,1730,4,0,36,1730,0.1,0.0,1.0,0.0,0.1758117323571985
ni_tfnbs,"e=1.4,h=0.5,n=30,start_thres=1.25",hub,0.25,30,19,40,1730,0,0,40,1730,0.0,0.0,0.0,0.0,0.1758117323571985
ni_tfnbs,"e=1.4,h=1.0,n=30,start_thres=1.25",hub,0.25,30,19,40,1730,2,0,38,1730,0.05,0.0,1.0,0.0,0.1758117323571985
ni_tfnbs,"e=1.4,h=2.0,n=30,start_thres=1.25",hub,0.25,30,19,40,1730,2,0,38,1730,0.05,0.0,1.0,0.0,0.1758117323571985
ni_tfnbs,"e=1.4,h=3.0,n=30,start_thres=1.25",hub,0.25,30,19,40,1730,5,0,35,1730,0.125,0.0,1.0,0.0,0.1758117323571985
ni_tfnbs,"e=1.4,h=4.0,n=30,start_thres=1.25",hub,0.25,30,19,40,1730,5,0,35,1730,0.125,0.0,1.0,0.0,0.1758117323571985
ni_tfnbs,"e=1.4,h=5.0,n=30,start_thres=1.25",hub,0.25,30,19,40,1730,5,0,35,1730,0.125,0.0,1.0,0.0,0.1758117323571985
ni_tfnbs,"e=1.4,h=6.0,n=30,start_thres=1.25",hub,0.25,30,19,40,1730,5,0,35,1730,0.125,0.0,1.0,0.0,0.1758117323571985
ni_tfnbs,"e=1.4,h=7.0,n=30,start_thres=1.25",hub,0.25,30,19,40,1730,5,0,35,1730,0.125,0.0,1.0,0.0,0.1758117323571985
ni_tfnbs,"e=1.4,h=8.0,n=30,start_thres=1.25",hub,0.25,30,19,40,1730,5,0,35,1730,0.125,0.0,1.0,0.0,0.1758117323571985
ni_tfnbs,"e=1.4,h=9.0,n=30,start_thres=1.25",hub,0.25,30,19,40,1730,5,0,35,1730,0.125,0.0,1.0,0.0,0.1758117323571985
ni_tfnbs,"e=1.4,h=10.0,n=30,start_thres=1.25",hub,0.25,30,19,40,1730,4,0,36,1730,0.1,0.0,1.0,0.0,0.1758117323571985
ni_tfnbs,"e=1.5,h=0.5,n=30,start_thres=1.25",hub,0.25,30,19,40,1730,0,0,40,1730,0.0,0.0,0.0,0.0,0.1758117323571985
ni_tfnbs,"e=1.5,h=1.0,n=30,start_thres=1.25",hub,0.25,30,19,40,1730,1,0,39,1730,0.025,0.0,1.0,0.0,0.1758117323571985
ni_tfnbs,"e=1.5,h=2.0,n=30,start_thres=1.25",hub,0.25,30,19,40,1730,2,0,38,1730,0.05,0.0,1.0,0.0,0.1758117323571985
ni_tfnbs,"e=1.5,h=3.0,n=30,start_thres=1.25",hub,0.25,30,19,40,1730,4,0,36,1730,0.1,0.0,1.0,0.0,0.1758117323571985
ni_tfnbs,"e=1.5,h=4.0,n=30,start_thres=1.25",hub,0.25,30,19,40,1730,5,0,35,1730,0.125,0.0,1.0,0.0,0.1758117323571985
ni_tfnbs,"e=1.5,h=5.0,n=30,start_thres=1.25",hub,0.25,30,19,40,1730,5,0,35,1730,0.125,0.0,1.0,0.0,0.1758117323571985
ni_tfnbs,"e=1.5,h=6.0,n=30,start_thres=1.25",hub,0.25,30,19,40,1730,5,0,35,1730,0.125,0.0,1.0,0.0,0.1758117323571985
ni_tfnbs,"e=1.5,h=7.0,n=30,start_thres=1.25",hub,0.25,30,19,40,1730,5,0,35,1730,0.125,0.0,1.0,0.0,0.1758117323571985
ni_tfnbs,"e=1.5,h=8.0,n=30,start_thres=1.25",hub,0.25,30,19,40,1730,5,0,35,1730,0.125,0.0,1.0,0.0,0.1758117323571985
ni_tfnbs,"e=1.5,h=9.0,n=30,start_thres=1.25",hub,0.25,30,19,40,1730,5,0,35,1730,0.125,0.0,1.0,0.0,0.1758117323571985
ni_tfnbs,"e=1.5,h=10.0,n=30,start_thres=1.25",hub,0.25,30,19,40,1730,5,0,35,1730,0.125,0.0,1.0,0.0,0.1758117323571985
ni_tfnbs,"e=0.05,h=0.5,n=30,start_thres=1.25",hub,0.25,30,20,40,1730,1,0,39,1730,0.025,0.0,1.0,0.0,0.1753551106561314
ni_tfnbs,"e=0.05,h=1.0,n=30,start_thres=1.25",hub,0.25,30,20,40,1730,1,0,39,1730,0.025,0.0,1.0,0.0,0.1753551106561314
ni_tfnbs,"e=0.05,h=2.0,n=30,start_thres=1.25",hub,0.25,30,20,40,1730,1,0,39,1730,0.025,0.0,1.0,0.0,0.1753551106561314
ni_tfnbs,"e=0.05,h=3.0,n=30,start_thres=1.25",hub,0.25,30,20,40,1730,1,0,39,1730,0.025,0.0,1.0,0.0,0.1753551106561314
ni_tfnbs,"e=0.05,h=4.0,n=30,start_thres=1.25",hub,0.25,30,20,40,1730,1,0,39,1730,0.025,0.0,1.0,0.0,0.1753551106561314
ni_tfnbs,"e=0.05,h=5.0,n=30,start_thres=1.25",hub,0.25,30,20,40,1730,1,0,39,1730,0.025,0.0,1.0,0.0,0.1753551106561314
ni_tfnbs,"e=0.05,h=6.0,n=30,start_thres=1.25",hub,0.25,30,20,40,1730,1,0,39,1730,0.025,0.0,1.0,0.0,0.1753551106561314
ni_tfnbs,"e=0.05,h=7.0,n=30,start_thres=1.25",hub,0.25,30,20,40,1730,1,0,39,1730,0.025,0.0,1.0,0.0,0.1753551106561314
ni_tfnbs,"e=0.05,h=8.0,n=30,start_thres=1.25",hub,0.25,30,20,40,1730,1,0,39,1730,0.025,0.0,1.0,0.0,0.1753551106561314
ni_tfnbs,"e=0.05,h=9.0,n=30,start_thres=1.25",hub,0.25,30,20,40,1730,1,0,39,1730,0.025,0.0,1.0,0.0,0.1753551106561314
ni_tfnbs,"e=0.05,h=10.0,n=30,start_thres=1.25",hub,0.25,30,20,40,1730,1,0,39,1730,0.025,0.0,1.0,0.0,0.1753551106561314
ni_tfnbs,"e=0.1,h=0.5,n=30,start_thres=1.25",hub,0.25,30,20,40,1730,1,0,39,1730,0.025,0.0,1.0,0.0,0.1753551106561314
ni_tfnbs,"e=0.1,h=1.0,n=30,start_thres=1.25",hub,0.25,30,20,40,1730,1,0,39,1730,0.025,0.0,1.0,0.0,0.1753551106561314
ni_tfnbs,"e=0.1,h=2.0,n=30,start_thres=1.25",hub,0.25,30,20,40,1730,1,0,39,1730,0.025,0.0,1.0,0.0,0.1753551106561314
ni_tfnbs,"e=0.1,h=3.0,n=30,start_thres=1.25",hub,0.25,30,20,40,1730,1,0,39,1730,0.025,0.0,1.0,0.0,0.1753551106561314
ni_tfnbs,"e=0.1,h=4.0,n=30,start_thres=1.25",hub,0.25,30,20,40,1730,1,0,39,1730,0.025,0.0,1.0,0.0,0.1753551106561314
ni_tfnbs,"e=0.1,h=5.0,n=30,start_thres=1.25",hub,0.25,30,20,40,1730,1,0,39,1730,0.025,0.0,1.0,0.0,0.1753551106561314
ni_tfnbs,"e=0.1,h=6.0,n=30,start_thres=1.25",hub,0.25,30,20,40,1730,1,0,39,1730,0.025,0.0,1.0,0.0,0.1753551106561314
ni_tfnbs,"e=0.1,h=7.0,n=30,start_thres=1.25",hub,0.25,30,20,40,1730,1,0,39,1730,0.025,0.0,1.0,0.0,0.1753551106561314
ni_tfnbs,"e=0.1,h=8.0,n=30,start_thres=1.25",hub,0.25,30,20,40,1730,1,0,39,1730,0.025,0.0,1.0,0.0,0.1753551106561314
ni_tfnbs,"e=0.1,h=9.0,n=30,start_thres=1.25",hub,0.25,30,20,40,1730,1,0,39,1730,0.025,0.0,1.0,0.0,0.1753551106561314
ni_tfnbs,"e=0.1,h=10.0,n=30,start_thres=1.25",hub,0.25,30,20,40,1730,1,0,39,1730,0.025,0.0,1.0,0.0,0.1753551106561314
ni_tfnbs,"e=0.2,h=0.5,n=30,start_thres=1.25",hub,0.25,30,20,40,1730,1,0,39,1730,0.025,0.0,1.0,0.0,0.1753551106561314
ni_tfnbs,"e=0.2,h=1.0,n=30,start_thres=1.25",hub,0.25,30,20,40,1730,1,0,39,1730,0.025,0.0,1.0,0.0,0.1753551106561314
ni_tfnbs,"e=0.2,h=2.0,n=30,start_thres=1.25",hub,0.25,30,20,40,1730,1,0,39,1730,0.025,0.0,1.0,0.0,0.1753551106561314
ni_tfnbs,"e=0.2,h=3.0,n=30,start_thres=1.25",hub,0.25,30,20,40,1730,1,0,39,1730,0.025,0.0,1.0,0.0,0.1753551106561314
ni_tfnbs,"e=0.2,h=4.0,n=30,start_thres=1.25",hub,0.25,30,20,40,1730,1,0,39,1730,0.025,0.0,1.0,0.0,0.1753551106561314
ni_tfnbs,"e=0.2,h=5.0,n=30,start_thres=1.25",hub,0.25,30,20,40,1730,1,0,39,1730,0.025,0.0,1.0,0.0,0.1753551106561314
ni_tfnbs,"e=0.2,h=6.0,n=30,start_thres=1.25",hub,0.25,30,20,40,1730,1,0,39,1730,0.025,0.0,1.0,0.0,0.1753551106561314
ni_tfnbs,"e=0.2,h=7.0,n=30,start_thres=1.25",hub,0.25,30,20,40,1730,1,0,39,1730,0.025,0.0,1.0,0.0,0.1753551106561314
ni_tfnbs,"e=0.2,h=8.0,n=30,start_thres=1.25",hub,0.25,30,20,40,1730,1,0,39,1730,0.025,0.0,1.0,0.0,0.1753551106561314
ni_tfnbs,"e=0.2,h=9.0,n=30,start_thres=1.25",hub,0.25,30,20,40,1730,1,0,39,1730,0.025,0.0,1.0,0.0,0.1753551106561314
ni_tfnbs,"e=0.2,h=10.0,n=30,start_thres=1.25",hub,0.25,30,20,40,1730,1,0,39,1730,0.025,0.0,1.0,0.0,0.1753551106561314
ni_tfnbs,"e=0.3,h=0.5,n=30,start_thres=1.25",hub,0.25,30,20,40,1730,1,0,39,1730,0.025,0.0,1.0,0.0,0.1753551106561314
ni_tfnbs,"e=0.3,h=1.0,n=30,start_thres=1.25",hub,0.25,30,20,40,1730,1,0,39,1730,0.025,0.0,1.0,0.0,0.1753551106561314
ni_tfnbs,"e=0.3,h=2.0,n=30,start_thres=1.25",hub,0.25,30,20,40,1730,1,0,39,1730,0.025,0.0,1.0,0.0,0.1753551106561314
ni_tfnbs,"e=0.3,h=3.0,n=30,start_thres=1.25",hub,0.25,30,20,40,1730,1,0,39,1730,0.025,0.0,1.0,0.0,0.1753551106561314
ni_tfnbs,"e=0.3,h=4.0,n=30,start_thres=1.25",hub,0.25,30,20,40,1730,1,0,39,1730,0.025,0.0,1.0,0.0,0.1753551106561314
ni_tfnbs,"e=0.3,h=5.0,n=30,start_thres=1.25",hub,0.25,30,20,40,1730,1,0,39,1730,0.025,0.0,1.0,0.0,0.1753551106561314
ni_tfnbs,"e=0.3,h=6.0,n=30,start_thres=1.25",hub,0.25,30,20,40,1730,1,0,39,1730,0.025,0.0,1.0,0.0,0.1753551106561314
ni_tfnbs,"e=0.3,h=7.0,n=30,start_thres=1.25",hub,0.25,30,20,40,1730,1,0,39,1730,0.025,0.0,1.0,0.0,0.1753551106561314
ni_tfnbs,"e=0.3,h=8.0,n=30,start_thres=1.25",hub,0.25,30,20,40,1730,1,0,39,1730,0.025,0.0,1.0,0.0,0.1753551106561314
ni_tfnbs,"e=0.3,h=9.0,n=30,start_thres=1.25",hub,0.25,30,20,40,1730,1,0,39,1730,0.025,0.0,1.0,0.0,0.1753551106561314
ni_tfnbs,"e=0.3,h=10.0,n=30,start_thres=1.25",hub,0.25,30,20,40,1730,1,0,39,1730,0.025,0.0,1.0,0.0,0.1753551106561314
ni_tfnbs,"e=0.4,h=0.5,n=30,start_thres=1.25",hub,0.25,30,20,40,1730,1,0,39,1730,0.025,0.0,1.0,0.0,0.1753551106561314
ni_tfnbs,"e=0.4,h=1.0,n=30,start_thres=1.25",hub,0.25,30,20,40,1730,1,0,39,1730,0.025,0.0,1.0,0.0,0.1753551106561314
ni_tfnbs,"e=0.4,h=2.0,n=30,start_thres=1.25",hub,0.25,30,20,40,1730,1,0,39,1730,0.025,0.0,1.0,0.0,0.1753551106561314
ni_tfnbs,"e=0.4,h=3.0,n=30,start_thres=1.25",hub,0.25,30,20,40,1730,1,0,39,1730,0.025,0.0,1.0,0.0,0.1753551106561314
ni_tfnbs,"e=0.4,h=4.0,n=30,start_thres=1.25",hub,0.25,30,20,40,1730,1,0,39,1730,0.025,0.0,1.0,0.0,0.1753551106561314
ni_tfnbs,"e=0.4,h=5.0,n=30,start_thres=1.25",hub,0.25,30,20,40,1730,1,0,39,1730,0.025,0.0,1.0,0.0,0.1753551106561314
ni_tfnbs,"e=0.4,h=6.0,n=30,start_thres=1.25",hub,0.25,30,20,40,1730,1,0,39,1730,0.025,0.0,1.0,0.0,0.1753551106561314
ni_tfnbs,"e=0.4,h=7.0,n=30,start_thres=1.25",hub,0.25,30,20,40,1730,1,0,39,1730,0.025,0.0,1.0,0.0,0.1753551106561314
ni_tfnbs,"e=0.4,h=8.0,n=30,start_thres=1.25",hub,0.25,30,20,40,1730,1,0,39,1730,0.025,0.0,1.0,0.0,0.1753551106561314
ni_tfnbs,"e=0.4,h=9.0,n=30,start_thres=1.25",hub,0.25,30,20,40,1730,1,0,39,1730,0.025,0.0,1.0,0.0,0.1753551106561314
ni_tfnbs,"e=0.4,h=10.0,n=30,start_thres=1.25",hub,0.25,30,20,40,1730,1,0,39,1730,0.025,0.0,1.0,0.0,0.1753551106561314
ni_tfnbs,"e=0.5,h=0.5,n=30,start_thres=1.25",hub,0.25,30,20,40,1730,1,0,39,1730,0.025,0.0,1.0,0.0,0.1753551106561314
ni_tfnbs,"e=0.5,h=1.0,n=30,start_thres=1.25",hub,0.25,30,20,40,1730,1,0,39,1730,0.025,0.0,1.0,0.0,0.1753551106561314
ni_tfnbs,"e=0.5,h=2.0,n=30,start_thres=1.25",hub,0.25,30,20,40,1730,1,0,39,1730,0.025,0.0,1.0,0.0,0.1753551106561314
ni_tfnbs,"e=0.5,h=3.0,n=30,start_thres=1.25",hub,0.25,30,20,40,1730,1,0,39,1730,0.025,0.0,1.0,0.0,0.1753551106561314
ni_tfnbs,"e=0.5,h=4.0,n=30,start_thres=1.25",hub,0.25,30,20,40,1730,1,0,39,1730,0.025,0.0,1.0,0.0,0.1753551106561314
ni_tfnbs,"e=0.5,h=5.0,n=30,start_thres=1.25",hub,0.25,30,20,40,1730,1,0,39,1730,0.025,0.0,1.0,0.0,0.1753551106561314
ni_tfnbs,"e=0.5,h=6.0,n=30,start_thres=1.25",hub,0.25,30,20,40,1730,1,0,39,1730,0.025,0.0,1.0,0.0,0.1753551106561314
ni_tfnbs,"e=0.5,h=7.0,n=30,start_thres=1.25",hub,0.25,30,20,40,1730,1,0,39,1730,0.025,0.0,1.0,0.0,0.1753551106561314
ni_tfnbs,"e=0.5,h=8.0,n=30,start_thres=1.25",hub,0.25,30,20,40,1730,1,0,39,1730,0.025,0.0,1.0,0.0,0.1753551106561314
ni_tfnbs,"e=0.5,h=9.0,n=30,start_thres=1.25",hub,0.25,30,20,40,1730,1,0,39,1730,0.025,0.0,1.0,0.0,0.1753551106561314
ni_tfnbs,"e=0.5,h=10.0,n=30,start_thres=1.25",hub,0.25,30,20,40,1730,1,0,39,1730,0.025,0.0,1.0,0.0,0.1753551106561314
ni_tfnbs,"e=0.6,h=0.5,n=30,start_thres=1.25",hub,0.25,30,20,40,1730,1,0,39,1730,0.025,0.0,1.0,0.0,0.1753551106561314
ni_tfnbs,"e=0.6,h=1.0,n=30,start_thres=1.25",hub,0.25,30,20,40,1730,1,0,39,1730,0.025,0.0,1.0,0.0,0.1753551106561314
ni_tfnbs,"e=0.6,h=2.0,n=30,start_thres=1.25",hub,0.25,30,20,40,1730,1,0,39,1730,0.025,0.0,1.0,0.0,0.1753551106561314
ni_tfnbs,"e=0.6,h=3.0,n=30,start_thres=1.25",hub,0.25,30,20,40,1730,1,0,39,1730,0.025,0.0,1.0,0.0,0.1753551106561314
ni_tfnbs,"e=0.6,h=4.0,n=30,start_thres=1.25",hub,0.25,30,20,40,1730,1,0,39,1730,0.025,0.0,1.0,0.0,0.1753551106561314
ni_tfnbs,"e=0.6,h=5.0,n=30,start_thres=1.25",hub,0.25,30,20,40,1730,1,0,39,1730,0.025,0.0,1.0,0.0,0.1753551106561314
ni_tfnbs,"e=0.6,h=6.0,n=30,start_thres=1.25",hub,0.25,30,20,40,1730,1,0,39,1730,0.025,0.0,1.0,0.0,0.1753551106561314
ni_tfnbs,"e=0.6,h=7.0,n=30,start_thres=1.25",hub,0.25,30,20,40,1730,1,0,39,1730,0.025,0.0,1.0,0.0,0.1753551106561314
ni_tfnbs,"e=0.6,h=8.0,n=30,start_thres=1.25",hub,0.25,30,20,40,1730,1,0,39,1730,0.025,0.0,1.0,0.0,0.1753551106561314
ni_tfnbs,"e=0.6,h=9.0,n=30,start_thres=1.25",hub,0.25,30,20,40,1730,1,0,39,1730,0.025,0.0,1.0,0.0,0.1753551106561314
ni_tfnbs,"e=0.6,h=10.0,n=30,start_thres=1.25",hub,0.25,30,20,40,1730,1,0,39,1730,0.025,0.0,1.0,0.0,0.1753551106561314
ni_tfnbs,"e=0.7,h=0.5,n=30,start_thres=1.25",hub,0.25,30,20,40,1730,1,0,39,1730,0.025,0.0,1.0,0.0,0.1753551106561314
ni_tfnbs,"e=0.7,h=1.0,n=30,start_thres=1.25",hub,0.25,30,20,40,1730,1,0,39,1730,0.025,0.0,1.0,0.0,0.1753551106561314
ni_tfnbs,"e=0.7,h=2.0,n=30,start_thres=1.25",hub,0.25,30,20,40,1730,1,0,39,1730,0.025,0.0,1.0,0.0,0.1753551106561314
ni_tfnbs,"e=0.7,h=3.0,n=30,start_thres=1.25",hub,0.25,30,20,40,1730,1,0,39,1730,0.025,0.0,1.0,0.0,0.1753551106561314
ni_tfnbs,"e=0.7,h=4.0,n=30,start_thres=1.25",hub,0.25,30,20,40,1730,1,0,39,1730,0.025,0.0,1.0,0.0,0.1753551106561314
ni_tfnbs,"e=0.7,h=5.0,n=30,start_thres=1.25",hub,0.25,30,20,40,1730,1,0,39,1730,0.025,0.0,1.0,0.0,0.1753551106561314
ni_tfnbs,"e=0.7,h=6.0,n=30,start_thres=1.25",hub,0.25,30,20,40,1730,1,0,39,1730,0.025,0.0,1.0,0.0,0.1753551106561314
ni_tfnbs,"e=0.7,h=7.0,n=30,start_thres=1.25",hub,0.25,30,20,40,1730,1,0,39,1730,0.025,0.0,1.0,0.0,0.1753551106561314
ni_tfnbs,"e=0.7,h=8.0,n=30,start_thres=1.25",hub,0.25,30,20,40,1730,1,0,39,1730,0.025,0.0,1.0,0.0,0.1753551106561314
ni_tfnbs,"e=0.7,h=9.0,n=30,start_thres=1.25",hub,0.25,30,20,40,1730,1,0,39,1730,0.025,0.0,1.0,0.0,0.1753551106561314
ni_tfnbs,"e=0.7,h=10.0,n=30,start_thres=1.25",hub,0.25,30,20,40,1730,1,0,39,1730,0.025,0.0,1.0,0.0,0.1753551106561314
ni_tfnbs,"e=0.8,h=0.5,n=30,start_thres=1.25",hub,0.25,30,20,40,1730,1,0,39,1730,0.025,0.0,1.0,0.0,0.1753551106561314
ni_tfnbs,"e=0.8,h=1.0,n=30,start_thres=1.25",hub,0.25,30,20,40,1730,1,0,39,1730,0.025,0.0,1.0,0.0,0.1753551106561314
ni_tfnbs,"e=0.8,h=2.0,n=30,start_thres=1.25",hub,0.25,30,20,40,1730,1,0,39,1730,0.025,0.0,1.0,0.0,0.1753551106561314
ni_tfnbs,"e=0.8,h=3.0,n=30,start_thres=1.25",hub,0.25,30,20,40,1730,1,0,39,1730,0.025,0.0,1.0,0.0,0.1753551106561314
ni_tfnbs,"e=0.8,h=4.0,n=30,start_thres=1.25",hub,0.25,30,20,40,1730,1,0,39,1730,0.025,0.0,1.0,0.0,0.1753551106561314
ni_tfnbs,"e=0.8,h=5.0,n=30,start_thres=1.25",hub,0.25,30,20,40,1730,1,0,39,1730,0.025,0.0,1.0,0.0,0.1753551106561314
ni_tfnbs,"e=0.8,h=6.0,n=30,start_thres=1.25",hub,0.25,30,20,40,1730,1,0,39,1730,0.025,0.0,1.0,0.0,0.1753551106561314
ni_tfnbs,"e=0.8,h=7.0,n=30,start_thres=1.25",hub,0.25,30,20,40,1730,1,0,39,1730,0.025,0.0,1.0,0.0,0.1753551106561314
ni_tfnbs,"e=0.8,h=8.0,n=30,start_thres=1.25",hub,0.25,30,20,40,1730,1,0,39,1730,0.025,0.0,1.0,0.0,0.1753551106561314
ni_tfnbs,"e=0.8,h=9.0,n=30,start_thres=1.25",hub,0.25,30,20,40,1730,1,0,39,1730,0.025,0.0,1.0,0.0,0.1753551106561314
ni_tfnbs,"e=0.8,h=10.0,n=30,start_thres=1.25",hub,0.25,30,20,40,1730,1,0,39,1730,0.025,0.0,1.0,0.0,0.1753551106561314
ni_tfnbs,"e=0.9,h=0.5,n=30,start_thres=1.25",hub,0.25,30,20,40,1730,1,0,39,1730,0.025,0.0,1.0,0.0,0.1753551106561314
ni_tfnbs,"e=0.9,h=1.0,n=30,start_thres=1.25",hub,0.25,30,20,40,1730,1,0,39,1730,0.025,0.0,1.0,0.0,0.1753551106561314
ni_tfnbs,"e=0.9,h=2.0,n=30,start_thres=1.25",hub,0.25,30,20,40,1730,1,0,39,1730,0.025,0.0,1.0,0.0,0.1753551106561314
ni_tfnbs,"e=0.9,h=3.0,n=30,start_thres=1.25",hub,0.25,30,20,40,1730,1,0,39,1730,0.025,0.0,1.0,0.0,0.1753551106561314
ni_tfnbs,"e=0.9,h=4.0,n=30,start_thres=1.25",hub,0.25,30,20,40,1730,1,0,39,1730,0.025,0.0,1.0,0.0,0.1753551106561314
ni_tfnbs,"e=0.9,h=5.0,n=30,start_thres=1.25",hub,0.25,30,20,40,1730,1,0,39,1730,0.025,0.0,1.0,0.0,0.1753551106561314
ni_tfnbs,"e=0.9,h=6.0,n=30,start_thres=1.25",hub,0.25,30,20,40,1730,1,0,39,1730,0.025,0.0,1.0,0.0,0.1753551106561314
ni_tfnbs,"e=0.9,h=7.0,n=30,start_thres=1.25",hub,0.25,30,20,40,1730,1,0,39,1730,0.025,0.0,1.0,0.0,0.1753551106561314
ni_tfnbs,"e=0.9,h=8.0,n=30,start_thres=1.25",hub,0.25,30,20,40,1730,1,0,39,1730,0.025,0.0,1.0,0.0,0.1753551106561314
ni_tfnbs,"e=0.9,h=9.0,n=30,start_thres=1.25",hub,0.25,30,20,40,1730,1,0,39,1730,0.025,0.0,1.0,0.0,0.1753551106561314
ni_tfnbs,"e=0.9,h=10.0,n=30,start_thres=1.25",hub,0.25,30,20,40,1730,1,0,39,1730,0.025,0.0,1.0,0.0,0.1753551106561314
ni_tfnbs,"e=1.0,h=0.5,n=30,start_thres=1.25",hub,0.25,30,20,40,1730,1,0,39,1730,0.025,0.0,1.0,0.0,0.1753551106561314
ni_tfnbs,"e=1.0,h=1.0,n=30,start_thres=1.25",hub,0.25,30,20,40,1730,1,0,39,1730,0.025,0.0,1.0,0.0,0.1753551106561314
ni_tfnbs,"e=1.0,h=2.0,n=30,start_thres=1.25",hub,0.25,30,20,40,1730,2,0,38,1730,0.05,0.0,1.0,0.0,0.1753551106561314
ni_tfnbs,"e=1.0,h=3.0,n=30,start_thres=1.25",hub,0.25,30,20,40,1730,1,0,39,1730,0.025,0.0,1.0,0.0,0.1753551106561314
ni_tfnbs,"e=1.0,h=4.0,n=30,start_thres=1.25",hub,0.25,30,20,40,1730,1,0,39,1730,0.025,0.0,1.0,0.0,0.1753551106561314
ni_tfnbs,"e=1.0,h=5.0,n=30,start_thres=1.25",hub,0.25,30,20,40,1730,1,0,39,1730,0.025,0.0,1.0,0.0,0.1753551106561314
ni_tfnbs,"e=1.0,h=6.0,n=30,start_thres=1.25",hub,0.25,30,20,40,1730,1,0,39,1730,0.025,0.0,1.0,0.0,0.1753551106561314
ni_tfnbs,"e=1.0,h=7.0,n=30,start_thres=1.25",hub,0.25,30,20,40,1730,1,0,39,1730,0.025,0.0,1.0,0.0,0.1753551106561314
ni_tfnbs,"e=1.0,h=8.0,n=30,start_thres=1.25",hub,0.25,30,20,40,1730,1,0,39,1730,0.025,0.0,1.0,0.0,0.1753551106561314
ni_tfnbs,"e=1.0,h=9.0,n=30,start_thres=1.25",hub,0.25,30,20,40,1730,1,0,39,1730,0.025,0.0,1.0,0.0,0.1753551106561314
ni_tfnbs,"e=1.0,h=10.0,n=30,start_thres=1.25",hub,0.25,30,20,40,1730,1,0,39,1730,0.025,0.0,1.0,0.0,0.1753551106561314
ni_tfnbs,"e=1.1,h=0.5,n=30,start_thres=1.25",hub,0.25,30,20,40,1730,1,0,39,1730,0.025,0.0,1.0,0.0,0.1753551106561314
ni_tfnbs,"e=1.1,h=1.0,n=30,start_thres=1.25",hub,0.25,30,20,40,1730,1,0,39,1730,0.025,0.0,1.0,0.0,0.1753551106561314
ni_tfnbs,"e=1.1,h=2.0,n=30,start_thres=1.25",hub,0.25,30,20,40,1730,2,0,38,1730,0.05,0.0,1.0,0.0,0.1753551106561314
ni_tfnbs,"e=1.1,h=3.0,n=30,start_thres=1.25",hub,0.25,30,20,40,1730,2,0,38,1730,0.05,0.0,1.0,0.0,0.1753551106561314
ni_tfnbs,"e=1.1,h=4.0,n=30,start_thres=1.25",hub,0.25,30,20,40,1730,1,0,39,1730,0.025,0.0,1.0,0.0,0.1753551106561314
ni_tfnbs,"e=1.1,h=5.0,n=30,start_thres=1.25",hub,0.25,30,20,40,1730,1,0,39,1730,0.025,0.0,1.0,0.0,0.1753551106561314
ni_tfnbs,"e=1.1,h=6.0,n=30,start_thres=1.25",hub,0.25,30,20,40,1730,1,0,39,1730,0.025,0.0,1.0,0.0,0.1753551106561314
ni_tfnbs,"e=1.1,h=7.0,n=30,start_thres=1.25",hub,0.25,30,20,40,1730,1,0,39,1730,0.025,0.0,1.0,0.0,0.1753551106561314
ni_tfnbs,"e=1.1,h=8.0,n=30,start_thres=1.25",hub,0.25,30,20,40,1730,1,0,39,1730,0.025,0.0,1.0,0.0,0.1753551106561314
ni_tfnbs,"e=1.1,h=9.0,n=30,start_thres=1.25",hub,0.25,30,20,40,1730,1,0,39,1730,0.025,0.0,1.0,0.0,0.1753551106561314
ni_tfnbs,"e=1.1,h=10.0,n=30,start_thres=1.25",hub,0.25,30,20,40,1730,1,0,39,1730,0.025,0.0,1.0,0.0,0.1753551106561314
ni_tfnbs,"e=1.2,h=0.5,n=30,start_thres=1.25",hub,0.25,30,20,40,1730,1,0,39,1730,0.025,0.0,1.0,0.0,0.1753551106561314
ni_tfnbs,"e=1.2,h=1.0,n=30,start_thres=1.25",hub,0.25,30,20,40,1730,1,0,39,1730,0.025,0.0,1.0,0.0,0.1753551106561314
ni_tfnbs,"e=1.2,h=2.0,n=30,start_thres=1.25",hub,0.25,30,20,40,1730,2,0,38,1730,0.05,0.0,1.0,0.0,0.1753551106561314
ni_tfnbs,"e=1.2,h=3.0,n=30,start_thres=1.25",hub,0.25,30,20,40,1730,2,0,38,1730,0.05,0.0,1.0,0.0,0.1753551106561314
ni_tfnbs,"e=1.2,h=4.0,n=30,start_thres=1.25",hub,0.25,30,20,40,1730,2,0,38,1730,0.05,0.0,1.0,0.0,0.1753551106561314
ni_tfnbs,"e=1.2,h=5.0,n=30,start_thres=1.25",hub,0.25,30,20,40,1730,1,0,39,1730,0.025,0.0,1.0,0.0,0.1753551106561314
ni_tfnbs,"e=1.2,h=6.0,n=30,start_thres=1.25",hub,0.25,30,20,40,1730,1,0,39,1730,0.025,0.0,1.0,0.0,0.1753551106561314
ni_tfnbs,"e=1.2,h=7.0,n=30,start_thres=1.25",hub,0.25,30,20,40,1730,1,0,39,1730,0.025,0.0,1.0,0.0,0.1753551106561314
ni_tfnbs,"e=1.2,h=8.0,n=30,start_thres=1.25",hub,0.25,30,20,40,1730,1,0,39,1730,0.025,0.0,1.0,0.0,0.1753551106561314
ni_tfnbs,"e=1.2,h=9.0,n=30,start_thres=1.25",hub,0.25,30,20,40,1730,1,0,39,1730,0.025,0.0,1.0,0.0,0.1753551106561314
ni_tfnbs,"e=1.2,h=10.0,n=30,start_thres=1.25",hub,0.25,30,20,40,1730,1,0,39,1730,0.025,0.0,1.0,0.0,0.1753551106561314
ni_tfnbs,"e=1.3,h=0.5,n=30,start_thres=1.25",hub,0.25,30,20,40,1730,0,0,40,1730,0.0,0.0,0.0,0.0,0.1753551106561314
ni_tfnbs,"e=1.3,h=1.0,n=30,start_thres=1.25",hub,0.25,30,20,40,1730,1,0,39,1730,0.025,0.0,1.0,0.0,0.1753551106561314
ni_tfnbs,"e=1.3,h=2.0,n=30,start_thres=1.25",hub,0.25,30,20,40,1730,1,0,39,1730,0.025,0.0,1.0,0.0,0.1753551106561314
ni_tfnbs,"e=1.3,h=3.0,n=30,start_thres=1.25",hub,0.25,30,20,40,1730,2,0,38,1730,0.05,0.0,1.0,0.0,0.1753551106561314
ni_tfnbs,"e=1.3,h=4.0,n=30,start_thres=1.25",hub,0.25,30,20,40,1730,2,0,38,1730,0.05,0.0,1.0,0.0,0.1753551106561314
ni_tfnbs,"e=1.3,h=5.0,n=30,start_thres=1.25",hub,0.25,30,20,40,1730,2,0,38,1730,0.05,0.0,1.0,0.0,0.1753551106561314
ni_tfnbs,"e=1.3,h=6.0,n=30,start_thres=1.25",hub,0.25,30,20,40,1730,1,0,39,1730,0.025,0.0,1.0,0.0,0.1753551106561314
ni_tfnbs,"e=1.3,h=7.0,n=30,start_thres=1.25",hub,0.25,30,20,40,1730,1,0,39,1730,0.025,0.0,1.0,0.0,0.1753551106561314
ni_tfnbs,"e=1.3,h=8.0,n=30,start_thres=1.25",hub,0.25,30,20,40,1730,1,0,39,1730,0.025,0.0,1.0,0.0,0.1753551106561314
ni_tfnbs,"e=1.3,h=9.0,n=30,start_thres=1.25",hub,0.25,30,20,40,1730,1,0,39,1730,0.025,0.0,1.0,0.0,0.1753551106561314
ni_tfnbs,"e=1.3,h=10.0,n=30,start_thres=1.25",hub,0.25,30,20,40,1730,1,0,39,1730,0.025,0.0,1.0,0.0,0.1753551106561314
ni_tfnbs,"e=1.4,h=0.5,n=30,start_thres=1.25",hub,0.25,30,20,40,1730,0,0,40,1730,0.0,0.0,0.0,0.0,0.1753551106561314
ni_tfnbs,"e=1.4,h=1.0,n=30,start_thres=1.25",hub,0.25,30,20,40,1730,0,0,40,1730,0.0,0.0,0.0,0.0,0.1753551106561314
ni_tfnbs,"e=1.4,h=2.0,n=30,start_thres=1.25",hub,0.25,30,20,40,1730,1,0,39,1730,0.025,0.0,1.0,0.0,0.1753551106561314
ni_tfnbs,"e=1.4,h=3.0,n=30,start_thres=1.25",hub,0.25,30,20,40,1730,2,0,38,1730,0.05,0.0,1.0,0.0,0.1753551106561314
ni_tfnbs,"e=1.4,h=4.0,n=30,start_thres=1.25",hub,0.25,30,20,40,1730,2,0,38,1730,0.05,0.0,1.0,0.0,0.1753551106561314
ni_tfnbs,"e=1.4,h=5.0,n=30,start_thres=1.25",hub,0.25,30,20,40,1730,2,0,38,1730,0.05,0.0,1.0,0.0,0.1753551106561314
ni_tfnbs,"e=1.4,h=6.0,n=30,start_thres=1.25",hub,0.25,30,20,40,1730,1,0,39,1730,0.025,0.0,1.0,0.0,0.1753551106561314
ni_tfnbs,"e=1.4,h=7.0,n=30,start_thres=1.25",hub,0.25,30,20,40,1730,1,0,39,1730,0.025,0.0,1.0,0.0,0.1753551106561314
ni_tfnbs,"e=1.4,h=8.0,n=30,start_thres=1.25",hub,0.25,30,20,40,1730,1,0,39,1730,0.025,0.0,1.0,0.0,0.1753551106561314
ni_tfnbs,"e=1.4,h=9.0,n=30,start_thres=1.25",hub,0.25,30,20,40,1730,1,0,39,1730,0.025,0.0,1.0,0.0,0.1753551106561314
ni_tfnbs,"e=1.4,h=10.0,n=30,start_thres=1.25",hub,0.25,30,20,40,1730,1,0,39,1730,0.025,0.0,1.0,0.0,0.1753551106561314
ni_tfnbs,"e=1.5,h=0.5,n=30,start_thres=1.25",hub,0.25,30,20,40,1730,0,0,40,1730,0.0,0.0,0.0,0.0,0.1753551106561314
ni_tfnbs,"e=1.5,h=1.0,n=30,start_thres=1.25",hub,0.25,30,20,40,1730,0,0,40,1730,0.0,0.0,0.0,0.0,0.1753551106561314
ni_tfnbs,"e=1.5,h=2.0,n=30,start_thres=1.25",hub,0.25,30,20,40,1730,1,0,39,1730,0.025,0.0,1.0,0.0,0.1753551106561314
ni_tfnbs,"e=1.5,h=3.0,n=30,start_thres=1.25",hub,0.25,30,20,40,1730,2,0,38,1730,0.05,0.0,1.0,0.0,0.1753551106561314
ni_tfnbs,"e=1.5,h=4.0,n=30,start_thres=1.25",hub,0.25,30,20,40,1730,4,0,36,1730,0.1,0.0,1.0,0.0,0.1753551106561314
ni_tfnbs,"e=1.5,h=5.0,n=30,start_thres=1.25",hub,0.25,30,20,40,1730,2,0,38,1730,0.05,0.0,1.0,0.0,0.1753551106561314
ni_tfnbs,"e=1.5,h=6.0,n=30,start_thres=1.25",hub,0.25,30,20,40,1730,2,0,38,1730,0.05,0.0,1.0,0.0,0.1753551106561314
ni_tfnbs,"e=1.5,h=7.0,n=30,start_thres=1.25",hub,0.25,30,20,40,1730,1,0,39,1730,0.025,0.0,1.0,0.0,0.1753551106561314
ni_tfnbs,"e=1.5,h=8.0,n=30,start_thres=1.25",hub,0.25,30,20,40,1730,1,0,39,1730,0.025,0.0,1.0,0.0,0.1753551106561314
ni_tfnbs,"e=1.5,h=9.0,n=30,start_thres=1.25",hub,0.25,30,20,40,1730,1,0,39,1730,0.025,0.0,1.0,0.0,0.1753551106561314
ni_tfnbs,"e=1.5,h=10.0,n=30,start_thres=1.25",hub,0.25,30,20,40,1730,1,0,39,1730,0.025,0.0,1.0,0.0,0.1753551106561314
ni_tfnbs,"e=0.05,h=0.5,n=30,start_thres=1.25",hub,0.25,30,21,40,1730,1,0,39,1730,0.025,0.0,1.0,0.0,0.179663136601448
ni_tfnbs,"e=0.05,h=1.0,n=30,start_thres=1.25",hub,0.25,30,21,40,1730,1,0,39,1730,0.025,0.0,1.0,0.0,0.179663136601448
ni_tfnbs,"e=0.05,h=2.0,n=30,start_thres=1.25",hub,0.25,30,21,40,1730,1,0,39,1730,0.025,0.0,1.0,0.0,0.179663136601448
ni_tfnbs,"e=0.05,h=3.0,n=30,start_thres=1.25",hub,0.25,30,21,40,1730,1,0,39,1730,0.025,0.0,1.0,0.0,0.179663136601448
ni_tfnbs,"e=0.05,h=4.0,n=30,start_thres=1.25",hub,0.25,30,21,40,1730,1,0,39,1730,0.025,0.0,1.0,0.0,0.179663136601448
ni_tfnbs,"e=0.05,h=5.0,n=30,start_thres=1.25",hub,0.25,30,21,40,1730,1,0,39,1730,0.025,0.0,1.0,0.0,0.179663136601448
ni_tfnbs,"e=0.05,h=6.0,n=30,start_thres=1.25",hub,0.25,30,21,40,1730,1,0,39,1730,0.025,0.0,1.0,0.0,0.179663136601448
ni_tfnbs,"e=0.05,h=7.0,n=30,start_thres=1.25",hub,0.25,30,21,40,1730,1,0,39,1730,0.025,0.0,1.0,0.0,0.179663136601448
ni_tfnbs,"e=0.05,h=8.0,n=30,start_thres=1.25",hub,0.25,30,21,40,1730,1,0,39,1730,0.025,0.0,1.0,0.0,0.179663136601448
ni_tfnbs,"e=0.05,h=9.0,n=30,start_thres=1.25",hub,0.25,30,21,40,1730,1,0,39,1730,0.025,0.0,1.0,0.0,0.179663136601448
ni_tfnbs,"e=0.05,h=10.0,n=30,start_thres=1.25",hub,0.25,30,21,40,1730,1,0,39,1730,0.025,0.0,1.0,0.0,0.179663136601448
ni_tfnbs,"e=0.1,h=0.5,n=30,start_thres=1.25",hub,0.25,30,21,40,1730,1,0,39,1730,0.025,0.0,1.0,0.0,0.179663136601448
ni_tfnbs,"e=0.1,h=1.0,n=30,start_thres=1.25",hub,0.25,30,21,40,1730,1,0,39,1730,0.025,0.0,1.0,0.0,0.179663136601448
ni_tfnbs,"e=0.1,h=2.0,n=30,start_thres=1.25",hub,0.25,30,21,40,1730,1,0,39,1730,0.025,0.0,1.0,0.0,0.179663136601448
ni_tfnbs,"e=0.1,h=3.0,n=30,start_thres=1.25",hub,0.25,30,21,40,1730,1,0,39,1730,0.025,0.0,1.0,0.0,0.179663136601448
ni_tfnbs,"e=0.1,h=4.0,n=30,start_thres=1.25",hub,0.25,30,21,40,1730,1,0,39,1730,0.025,0.0,1.0,0.0,0.179663136601448
ni_tfnbs,"e=0.1,h=5.0,n=30,start_thres=1.25",hub,0.25,30,21,40,1730,1,0,39,1730,0.025,0.0,1.0,0.0,0.179663136601448
ni_tfnbs,"e=0.1,h=6.0,n=30,start_thres=1.25",hub,0.25,30,21,40,1730,1,0,39,1730,0.025,0.0,1.0,0.0,0.179663136601448
ni_tfnbs,"e=0.1,h=7.0,n=30,start_thres=1.25",hub,0.25,30,21,40,1730,1,0,39,1730,0.025,0.0,1.0,0.0,0.179663136601448
ni_tfnbs,"e=0.1,h=8.0,n=30,start_thres=1.25",hub,0.25,30,21,40,1730,1,0,39,1730,0.025,0.0,1.0,0.0,0.179663136601448
ni_tfnbs,"e=0.1,h=9.0,n=30,start_thres=1.25",hub,0.25,30,21,40,1730,1,0,39,1730,0.025,0.0,1.0,0.0,0.179663136601448
ni_tfnbs,"e=0.1,h=10.0,n=30,start_thres=1.25",hub,0.25,30,21,40,1730,1,0,39,1730,0.025,0.0,1.0,0.0,0.179663136601448
ni_tfnbs,"e=0.2,h=0.5,n=30,start_thres=1.25",hub,0.25,30,21,40,1730,1,0,39,1730,0.025,0.0,1.0,0.0,0.179663136601448
ni_tfnbs,"e=0.2,h=1.0,n=30,start_thres=1.25",hub,0.25,30,21,40,1730,1,0,39,1730,0.025,0.0,1.0,0.0,0.179663136601448
ni_tfnbs,"e=0.2,h=2.0,n=30,start_thres=1.25",hub,0.25,30,21,40,1730,1,0,39,1730,0.025,0.0,1.0,0.0,0.179663136601448
ni_tfnbs,"e=0.2,h=3.0,n=30,start_thres=1.25",hub,0.25,30,21,40,1730,1,0,39,1730,0.025,0.0,1.0,0.0,0.179663136601448
ni_tfnbs,"e=0.2,h=4.0,n=30,start_thres=1.25",hub,0.25,30,21,40,1730,1,0,39,1730,0.025,0.0,1.0,0.0,0.179663136601448
ni_tfnbs,"e=0.2,h=5.0,n=30,start_thres=1.25",hub,0.25,30,21,40,1730,1,0,39,1730,0.025,0.0,1.0,0.0,0.179663136601448
ni_tfnbs,"e=0.2,h=6.0,n=30,start_thres=1.25",hub,0.25,30,21,40,1730,1,0,39,1730,0.025,0.0,1.0,0.0,0.179663136601448
ni_tfnbs,"e=0.2,h=7.0,n=30,start_thres=1.25",hub,0.25,30,21,40,1730,1,0,39,1730,0.025,0.0,1.0,0.0,0.179663136601448
ni_tfnbs,"e=0.2,h=8.0,n=30,start_thres=1.25",hub,0.25,30,21,40,1730,1,0,39,1730,0.025,0.0,1.0,0.0,0.179663136601448
ni_tfnbs,"e=0.2,h=9.0,n=30,start_thres=1.25",hub,0.25,30,21,40,1730,1,0,39,1730,0.025,0.0,1.0,0.0,0.179663136601448
ni_tfnbs,"e=0.2,h=10.0,n=30,start_thres=1.25",hub,0.25,30,21,40,1730,1,0,39,1730,0.025,0.0,1.0,0.0,0.179663136601448
ni_tfnbs,"e=0.3,h=0.5,n=30,start_thres=1.25",hub,0.25,30,21,40,1730,1,0,39,1730,0.025,0.0,1.0,0.0,0.179663136601448
ni_tfnbs,"e=0.3,h=1.0,n=30,start_thres=1.25",hub,0.25,30,21,40,1730,1,0,39,1730,0.025,0.0,1.0,0.0,0.179663136601448
ni_tfnbs,"e=0.3,h=2.0,n=30,start_thres=1.25",hub,0.25,30,21,40,1730,1,0,39,1730,0.025,0.0,1.0,0.0,0.179663136601448
ni_tfnbs,"e=0.3,h=3.0,n=30,start_thres=1.25",hub,0.25,30,21,40,1730,1,0,39,1730,0.025,0.0,1.0,0.0,0.179663136601448
ni_tfnbs,"e=0.3,h=4.0,n=30,start_thres=1.25",hub,0.25,30,21,40,1730,1,0,39,1730,0.025,0.0,1.0,0.0,0.179663136601448
ni_tfnbs,"e=0.3,h=5.0,n=30,start_thres=1.25",hub,0.25,30,21,40,1730,1,0,39,1730,0.025,0.0,1.0,0.0,0.179663136601448
ni_tfnbs,"e=0.3,h=6.0,n=30,start_thres=1.25",hub,0.25,30,21,40,1730,1,0,39,1730,0.025,0.0,1.0,0.0,0.179663136601448
ni_tfnbs,"e=0.3,h=7.0,n=30,start_thres=1.25",hub,0.25,30,21,40,1730,1,0,39,1730,0.025,0.0,1.0,0.0,0.179663136601448
ni_tfnbs,"e=0.3,h=8.0,n=30,start_thres=1.25",hub,0.25,30,21,40,1730,1,0,39,1730,0.025,0.0,1.0,0.0,0.179663136601448
ni_tfnbs,"e=0.3,h=9.0,n=30,start_thres=1.25",hub,0.25,30,21,40,1730,1,0,39,1730,0.025,0.0,1.0,0.0,0.179663136601448
ni_tfnbs,"e=0.3,h=10.0,n=30,start_thres=1.25",hub,0.25,30,21,40,1730,1,0,39,1730,0.025,0.0,1.0,0.0,0.179663136601448
ni_tfnbs,"e=0.4,h=0.5,n=30,start_thres=1.25",hub,0.25,30,21,40,1730,1,0,39,1730,0.025,0.0,1.0,0.0,0.179663136601448
ni_tfnbs,"e=0.4,h=1.0,n=30,start_thres=1.25",hub,0.25,30,21,40,1730,1,0,39,1730,0.025,0.0,1.0,0.0,0.179663136601448
ni_tfnbs,"e=0.4,h=2.0,n=30,start_thres=1.25",hub,0.25,30,21,40,1730,1,0,39,1730,0.025,0.0,1.0,0.0,0.179663136601448
ni_tfnbs,"e=0.4,h=3.0,n=30,start_thres=1.25",hub,0.25,30,21,40,1730,1,0,39,1730,0.025,0.0,1.0,0.0,0.179663136601448
ni_tfnbs,"e=0.4,h=4.0,n=30,start_thres=1.25",hub,0.25,30,21,40,1730,1,0,39,1730,0.025,0.0,1.0,0.0,0.179663136601448
ni_tfnbs,"e=0.4,h=5.0,n=30,start_thres=1.25",hub,0.25,30,21,40,1730,1,0,39,1730,0.025,0.0,1.0,0.0,0.179663136601448
ni_tfnbs,"e=0.4,h=6.0,n=30,start_thres=1.25",hub,0.25,30,21,40,1730,1,0,39,1730,0.025,0.0,1.0,0.0,0.179663136601448
ni_tfnbs,"e=0.4,h=7.0,n=30,start_thres=1.25",hub,0.25,30,21,40,1730,1,0,39,1730,0.025,0.0,1.0,0.0,0.179663136601448
ni_tfnbs,"e=0.4,h=8.0,n=30,start_thres=1.25",hub,0.25,30,21,40,1730,1,0,39,1730,0.025,0.0,1.0,0.0,0.179663136601448
ni_tfnbs,"e=0.4,h=9.0,n=30,start_thres=1.25",hub,0.25,30,21,40,1730,1,0,39,1730,0.025,0.0,1.0,0.0,0.179663136601448
ni_tfnbs,"e=0.4,h=10.0,n=30,start_thres=1.25",hub,0.25,30,21,40,1730,1,0,39,1730,0.025,0.0,1.0,0.0,0.179663136601448
ni_tfnbs,"e=0.5,h=0.5,n=30,start_thres=1.25",hub,0.25,30,21,40,1730,1,0,39,1730,0.025,0.0,1.0,0.0,0.179663136601448
ni_tfnbs,"e=0.5,h=1.0,n=30,start_thres=1.25",hub,0.25,30,21,40,1730,1,0,39,1730,0.025,0.0,1.0,0.0,0.179663136601448
ni_tfnbs,"e=0.5,h=2.0,n=30,start_thres=1.25",hub,0.25,30,21,40,1730,1,0,39,1730,0.025,0.0,1.0,0.0,0.179663136601448
ni_tfnbs,"e=0.5,h=3.0,n=30,start_thres=1.25",hub,0.25,30,21,40,1730,1,0,39,1730,0.025,0.0,1.0,0.0,0.179663136601448
ni_tfnbs,"e=0.5,h=4.0,n=30,start_thres=1.25",hub,0.25,30,21,40,1730,1,0,39,1730,0.025,0.0,1.0,0.0,0.179663136601448
ni_tfnbs,"e=0.5,h=5.0,n=30,start_thres=1.25",hub,0.25,30,21,40,1730,1,0,39,1730,0.025,0.0,1.0,0.0,0.179663136601448
ni_tfnbs,"e=0.5,h=6.0,n=30,start_thres=1.25",hub,0.25,30,21,40,1730,1,0,39,1730,0.025,0.0,1.0,0.0,0.179663136601448
ni_tfnbs,"e=0.5,h=7.0,n=30,start_thres=1.25",hub,0.25,30,21,40,1730,1,0,39,1730,0.025,0.0,1.0,0.0,0.179663136601448
ni_tfnbs,"e=0.5,h=8.0,n=30,start_thres=1.25",hub,0.25,30,21,40,1730,1,0,39,1730,0.025,0.0,1.0,0.0,0.179663136601448
ni_tfnbs,"e=0.5,h=9.0,n=30,start_thres=1.25",hub,0.25,30,21,40,1730,1,0,39,1730,0.025,0.0,1.0,0.0,0.179663136601448
ni_tfnbs,"e=0.5,h=10.0,n=30,start_thres=1.25",hub,0.25,30,21,40,1730,1,0,39,1730,0.025,0.0,1.0,0.0,0.179663136601448
ni_tfnbs,"e=0.6,h=0.5,n=30,start_thres=1.25",hub,0.25,30,21,40,1730,1,0,39,1730,0.025,0.0,1.0,0.0,0.179663136601448
ni_tfnbs,"e=0.6,h=1.0,n=30,start_thres=1.25",hub,0.25,30,21,40,1730,4,0,36,1730,0.1,0.0,1.0,0.0,0.179663136601448
ni_tfnbs,"e=0.6,h=2.0,n=30,start_thres=1.25",hub,0.25,30,21,40,1730,4,0,36,1730,0.1,0.0,1.0,0.0,0.179663136601448
ni_tfnbs,"e=0.6,h=3.0,n=30,start_thres=1.25",hub,0.25,30,21,40,1730,1,0,39,1730,0.025,0.0,1.0,0.0,0.179663136601448
ni_tfnbs,"e=0.6,h=4.0,n=30,start_thres=1.25",hub,0.25,30,21,40,1730,1,0,39,1730,0.025,0.0,1.0,0.0,0.179663136601448
ni_tfnbs,"e=0.6,h=5.0,n=30,start_thres=1.25",hub,0.25,30,21,40,1730,1,0,39,1730,0.025,0.0,1.0,0.0,0.179663136601448
ni_tfnbs,"e=0.6,h=6.0,n=30,start_thres=1.25",hub,0.25,30,21,40,1730,1,0,39,1730,0.025,0.0,1.0,0.0,0.179663136601448
ni_tfnbs,"e=0.6,h=7.0,n=30,start_thres=1.25",hub,0.25,30,21,40,1730,1,0,39,1730,0.025,0.0,1.0,0.0,0.179663136601448
ni_tfnbs,"e=0.6,h=8.0,n=30,start_thres=1.25",hub,0.25,30,21,40,1730,1,0,39,1730,0.025,0.0,1.0,0.0,0.179663136601448
ni_tfnbs,"e=0.6,h=9.0,n=30,start_thres=1.25",hub,0.25,30,21,40,1730,1,0,39,1730,0.025,0.0,1.0,0.0,0.179663136601448
ni_tfnbs,"e=0.6,h=10.0,n=30,start_thres=1.25",hub,0.25,30,21,40,1730,1,0,39,1730,0.025,0.0,1.0,0.0,0.179663136601448
ni_tfnbs,"e=0.7,h=0.5,n=30,start_thres=1.25",hub,0.25,30,21,40,1730,1,0,39,1730,0.025,0.0,1.0,0.0,0.179663136601448
ni_tfnbs,"e=0.7,h=1.0,n=30,start_thres=1.25",hub,0.25,30,21,40,1730,4,0,36,1730,0.1,0.0,1.0,0.0,0.179663136601448
ni_tfnbs,"e=0.7,h=2.0,n=30,start_thres=1.25",hub,0.25,30,21,40,1730,4,0,36,1730,0.1,0.0,1.0,0.0,0.179663136601448
ni_tfnbs,"e=0.7,h=3.0,n=30,start_thres=1.25",hub,0.25,30,21,40,1730,4,0,36,1730,0.1,0.0,1.0,0.0,0.179663136601448
ni_tfnbs,"e=0.7,h=4.0,n=30,start_thres=1.25",hub,0.25,30,21,40,1730,1,0,39,1730,0.025,0.0,1.0,0.0,0.179663136601448
ni_tfnbs,"e=0.7,h=5.0,n=30,start_thres=1.25",hub,0.25,30,21,40,1730,1,0,39,1730,0.025,0.0,1.0,0.0,0.179663136601448
ni_tfnbs,"e=0.7,h=6.0,n=30,start_thres=1.25",hub,0.25,30,21,40,1730,1,0,39,1730,0.025,0.0,1.0,0.0,0.179663136601448
ni_tfnbs,"e=0.7,h=7.0,n=30,start_thres=1.25",hub,0.25,30,21,40,1730,1,0,39,1730,0.025,0.0,1.0,0.0,0.179663136601448
ni_tfnbs,"e=0.7,h=8.0,n=30,start_thres=1.25",hub,0.25,30,21,40,1730,1,0,39,1730,0.025,0.0,1.0,0.0,0.179663136601448
ni_tfnbs,"e=0.7,h=9.0,n=30,start_thres=1.25",hub,0.25,30,21,40,1730,1,0,39,1730,0.025,0.0,1.0,0.0,0.179663136601448
ni_tfnbs,"e=0.7,h=10.0,n=30,start_thres=1.25",hub,0.25,30,21,40,1730,1,0,39,1730,0.025,0.0,1.0,0.0,0.179663136601448
ni_tfnbs,"e=0.8,h=0.5,n=30,start_thres=1.25",hub,0.25,30,21,40,1730,1,0,39,1730,0.025,0.0,1.0,0.0,0.179663136601448
ni_tfnbs,"e=0.8,h=1.0,n=30,start_thres=1.25",hub,0.25,30,21,40,1730,4,0,36,1730,0.1,0.0,1.0,0.0,0.179663136601448
ni_tfnbs,"e=0.8,h=2.0,n=30,start_thres=1.25",hub,0.25,30,21,40,1730,4,0,36,1730,0.1,0.0,1.0,0.0,0.179663136601448
ni_tfnbs,"e=0.8,h=3.0,n=30,start_thres=1.25",hub,0.25,30,21,40,1730,4,0,36,1730,0.1,0.0,1.0,0.0,0.179663136601448
ni_tfnbs,"e=0.8,h=4.0,n=30,start_thres=1.25",hub,0.25,30,21,40,1730,4,0,36,1730,0.1,0.0,1.0,0.0,0.179663136601448
ni_tfnbs,"e=0.8,h=5.0,n=30,start_thres=1.25",hub,0.25,30,21,40,1730,1,0,39,1730,0.025,0.0,1.0,0.0,0.179663136601448
ni_tfnbs,"e=0.8,h=6.0,n=30,start_thres=1.25",hub,0.25,30,21,40,1730,1,0,39,1730,0.025,0.0,1.0,0.0,0.179663136601448
ni_tfnbs,"e=0.8,h=7.0,n=30,start_thres=1.25",hub,0.25,30,21,40,1730,1,0,39,1730,0.025,0.0,1.0,0.0,0.179663136601448
ni_tfnbs,"e=0.8,h=8.0,n=30,start_thres=1.25",hub,0.25,30,21,40,1730,1,0,39,1730,0.025,0.0,1.0,0.0,0.179663136601448
ni_tfnbs,"e=0.8,h=9.0,n=30,start_thres=1.25",hub,0.25,30,21,40,1730,1,0,39,1730,0.025,0.0,1.0,0.0,0.179663136601448
ni_tfnbs,"e=0.8,h=10.0,n=30,start_thres=1.25",hub,0.25,30,21,40,1730,1,0,39,1730,0.025,0.0,1.0,0.0,0.179663136601448
ni_tfnbs,"e=0.9,h=0.5,n=30,start_thres=1.25",hub,0.25,30,21,40,1730,1,0,39,1730,0.025,0.0,1.0,0.0,0.179663136601448
ni_tfnbs,"e=0.9,h=1.0,n=30,start_thres=1.25",hub,0.25,30,21,40,1730,1,0,39,1730,0.025,0.0,1.0,0.0,0.179663136601448
ni_tfnbs,"e=0.9,h=2.0,n=30,start_thres=1.25",hub,0.25,30,21,40,1730,4,0,36,1730,0.1,0.0,1.0,0.0,0.179663136601448
ni_tfnbs,"e=0.9,h=3.0,n=30,start_thres=1.25",hub,0.25,30,21,40,1730,4,0,36,1730,0.1,0.0,1.0,0.0,0.179663136601448
ni_tfnbs,"e=0.9,h=4.0,n=30,start_thres=1.25",hub,0.25,30,21,40,1730,4,0,36,1730,0.1,0.0,1.0,0.0,0.179663136601448
ni_tfnbs,"e=0.9,h=5.0,n=30,start_thres=1.25",hub,0.25,30,21,40,1730,4,0,36,1730,0.1,0.0,1.0,0.0,0.179663136601448
ni_tfnbs,"e=0.9,h=6.0,n=30,start_thres=1.25",hub,0.25,30,21,40,1730,1,0,39,1730,0.025,0.0,1.0,0.0,0.179663136601448
ni_tfnbs,"e=0.9,h=7.0,n=30,start_thres=1.25",hub,0.25,30,21,40,1730,1,0,39,1730,0.025,0.0,1.0,0.0,0.179663136601448
ni_tfnbs,"e=0.9,h=8.0,n=30,start_thres=1.25",hub,0.25,30,21,40,1730,1,0,39,1730,0.025,0.0,1.0,0.0,0.179663136601448
ni_tfnbs,"e=0.9,h=9.0,n=30,start_thres=1.25",hub,0.25,30,21,40,1730,1,0,39,1730,0.025,0.0,1.0,0.0,0.179663136601448
ni_tfnbs,"e=0.9,h=10.0,n=30,start_thres=1.25",hub,0.25,30,21,40,1730,1,0,39,1730,0.025,0.0,1.0,0.0,0.179663136601448
ni_tfnbs,"e=1.0,h=0.5,n=30,start_thres=1.25",hub,0.25,30,21,40,1730,1,0,39,1730,0.025,0.0,1.0,0.0,0.179663136601448
ni_tfnbs,"e=1.0,h=1.0,n=30,start_thres=1.25",hub,0.25,30,21,40,1730,1,0,39,1730,0.025,0.0,1.0,0.0,0.179663136601448
ni_tfnbs,"e=1.0,h=2.0,n=30,start_thres=1.25",hub,0.25,30,21,40,1730,4,0,36,1730,0.1,0.0,1.0,0.0,0.179663136601448
ni_tfnbs,"e=1.0,h=3.0,n=30,start_thres=1.25",hub,0.25,30,21,40,1730,4,0,36,1730,0.1,0.0,1.0,0.0,0.179663136601448
ni_tfnbs,"e=1.0,h=4.0,n=30,start_thres=1.25",hub,0.25,30,21,40,1730,4,0,36,1730,0.1,0.0,1.0,0.0,0.179663136601448
ni_tfnbs,"e=1.0,h=5.0,n=30,start_thres=1.25",hub,0.25,30,21,40,1730,4,0,36,1730,0.1,0.0,1.0,0.0,0.179663136601448
ni_tfnbs,"e=1.0,h=6.0,n=30,start_thres=1.25",hub,0.25,30,21,40,1730,4,0,36,1730,0.1,0.0,1.0,0.0,0.179663136601448
ni_tfnbs,"e=1.0,h=7.0,n=30,start_thres=1.25",hub,0.25,30,21,40,1730,1,0,39,1730,0.025,0.0,1.0,0.0,0.179663136601448
ni_tfnbs,"e=1.0,h=8.0,n=30,start_thres=1.25",hub,0.25,30,21,40,1730,1,0,39,1730,0.025,0.0,1.0,0.0,0.179663136601448
ni_tfnbs,"e=1.0,h=9.0,n=30,start_thres=1.25",hub,0.25,30,21,40,1730,1,0,39,1730,0.025,0.0,1.0,0.0,0.179663136601448
ni_tfnbs,"e=1.0,h=10.0,n=30,start_thres=1.25",hub,0.25,30,21,40,1730,1,0,39,1730,0.025,0.0,1.0,0.0,0.179663136601448
ni_tfnbs,"e=1.1,h=0.5,n=30,start_thres=1.25",hub,0.25,30,21,40,1730,1,0,39,1730,0.025,0.0,1.0,0.0,0.179663136601448
ni_tfnbs,"e=1.1,h=1.0,n=30,start_thres=1.25",hub,0.25,30,21,40,1730,1,0,39,1730,0.025,0.0,1.0,0.0,0.179663136601448
ni_tfnbs,"e=1.1,h=2.0,n=30,start_thres=1.25",hub,0.25,30,21,40,1730,4,0,36,1730,0.1,0.0,1.0,0.0,0.179663136601448
ni_tfnbs,"e=1.1,h=3.0,n=30,start_thres=1.25",hub,0.25,30,21,40,1730,4,0,36,1730,0.1,0.0,1.0,0.0,0.179663136601448
ni_tfnbs,"e=1.1,h=4.0,n=30,start_thres=1.25",hub,0.25,30,21,40,1730,4,0,36,1730,0.1,0.0,1.0,0.0,0.179663136601448
ni_tfnbs,"e=1.1,h=5.0,n=30,start_thres=1.25",hub,0.25,30,21,40,1730,4,0,36,1730,0.1,0.0,1.0,0.0,0.179663136601448
ni_tfnbs,"e=1.1,h=6.0,n=30,start_thres=1.25",hub,0.25,30,21,40,1730,4,0,36,1730,0.1,0.0,1.0,0.0,0.179663136601448
ni_tfnbs,"e=1.1,h=7.0,n=30,start_thres=1.25",hub,0.25,30,21,40,1730,4,0,36,1730,0.1,0.0,1.0,0.0,0.179663136601448
ni_tfnbs,"e=1.1,h=8.0,n=30,start_thres=1.25",hub,0.25,30,21,40,1730,1,0,39,1730,0.025,0.0,1.0,0.0,0.179663136601448
ni_tfnbs,"e=1.1,h=9.0,n=30,start_thres=1.25",hub,0.25,30,21,40,1730,1,0,39,1730,0.025,0.0,1.0,0.0,0.179663136601448
ni_tfnbs,"e=1.1,h=10.0,n=30,start_thres=1.25",hub,0.25,30,21,40,1730,1,0,39,1730,0.025,0.0,1.0,0.0,0.179663136601448
ni_tfnbs,"e=1.2,h=0.5,n=30,start_thres=1.25",hub,0.25,30,21,40,1730,1,0,39,1730,0.025,0.0,1.0,0.0,0.179663136601448
ni_tfnbs,"e=1.2,h=1.0,n=30,start_thres=1.25",hub,0.25,30,21,40,1730,1,0,39,1730,0.025,0.0,1.0,0.0,0.179663136601448
ni_tfnbs,"e=1.2,h=2.0,n=30,start_thres=1.25",hub,0.25,30,21,40,1730,4,0,36,1730,0.1,0.0,1.0,0.0,0.179663136601448
ni_tfnbs,"e=1.2,h=3.0,n=30,start_thres=1.25",hub,0.25,30,21,40,1730,6,0,34,1730,0.15,0.0,1.0,0.0,0.179663136601448
ni_tfnbs,"e=1.2,h=4.0,n=30,start_thres=1.25",hub,0.25,30,21,40,1730,4,0,36,1730,0.1,0.0,1.0,0.0,0.179663136601448
ni_tfnbs,"e=1.2,h=5.0,n=30,start_thres=1.25",hub,0.25,30,21,40,1730,4,0,36,1730,0.1,0.0,1.0,0.0,0.179663136601448
ni_tfnbs,"e=1.2,h=6.0,n=30,start_thres=1.25",hub,0.25,30,21,40,1730,4,0,36,1730,0.1,0.0,1.0,0.0,0.179663136601448
ni_tfnbs,"e=1.2,h=7.0,n=30,start_thres=1.25",hub,0.25,30,21,40,1730,4,0,36,1730,0.1,0.0,1.0,0.0,0.179663136601448
ni_tfnbs,"e=1.2,h=8.0,n=30,start_thres=1.25",hub,0.25,30,21,40,1730,4,0,36,1730,0.1,0.0,1.0,0.0,0.179663136601448
ni_tfnbs,"e=1.2,h=9.0,n=30,start_thres=1.25",hub,0.25,30,21,40,1730,1,0,39,1730,0.025,0.0,1.0,0.0,0.179663136601448
ni_tfnbs,"e=1.2,h=10.0,n=30,start_thres=1.25",hub,0.25,30,21,40,1730,1,0,39,1730,0.025,0.0,1.0,0.0,0.179663136601448
ni_tfnbs,"e=1.3,h=0.5,n=30,start_thres=1.25",hub,0.25,30,21,40,1730,0,0,40,1730,0.0,0.0,0.0,0.0,0.179663136601448
ni_tfnbs,"e=1.3,h=1.0,n=30,start_thres=1.25",hub,0.25,30,21,40,1730,1,0,39,1730,0.025,0.0,1.0,0.0,0.179663136601448
ni_tfnbs,"e=1.3,h=2.0,n=30,start_thres=1.25",hub,0.25,30,21,40,1730,4,0,36,1730,0.1,0.0,1.0,0.0,0.179663136601448
ni_tfnbs,"e=1.3,h=3.0,n=30,start_thres=1.25",hub,0.25,30,21,40,1730,6,0,34,1730,0.15,0.0,1.0,0.0,0.179663136601448
ni_tfnbs,"e=1.3,h=4.0,n=30,start_thres=1.25",hub,0.25,30,21,40,1730,6,0,34,1730,0.15,0.0,1.0,0.0,0.179663136601448
ni_tfnbs,"e=1.3,h=5.0,n=30,start_thres=1.25",hub,0.25,30,21,40,1730,4,0,36,1730,0.1,0.0,1.0,0.0,0.179663136601448
ni_tfnbs,"e=1.3,h=6.0,n=30,start_thres=1.25",hub,0.25,30,21,40,1730,4,0,36,1730,0.1,0.0,1.0,0.0,0.179663136601448
ni_tfnbs,"e=1.3,h=7.0,n=30,start_thres=1.25",hub,0.25,30,21,40,1730,4,0,36,1730,0.1,0.0,1.0,0.0,0.179663136601448
ni_tfnbs,"e=1.3,h=8.0,n=30,start_thres=1.25",hub,0.25,30,21,40,1730,4,0,36,1730,0.1,0.0,1.0,0.0,0.179663136601448
ni_tfnbs,"e=1.3,h=9.0,n=30,start_thres=1.25",hub,0.25,30,21,40,1730,4,0,36,1730,0.1,0.0,1.0,0.0,0.179663136601448
ni_tfnbs,"e=1.3,h=10.0,n=30,start_thres=1.25",hub,0.25,30,21,40,1730,1,0,39,1730,0.025,0.0,1.0,0.0,0.179663136601448
ni_tfnbs,"e=1.4,h=0.5,n=30,start_thres=1.25",hub,0.25,30,21,40,1730,0,0,40,1730,0.0,0.0,0.0,0.0,0.179663136601448
ni_tfnbs,"e=1.4,h=1.0,n=30,start_thres=1.25",hub,0.25,30,21,40,1730,0,0,40,1730,0.0,0.0,0.0,0.0,0.179663136601448
ni_tfnbs,"e=1.4,h=2.0,n=30,start_thres=1.25",hub,0.25,30,21,40,1730,1,0,39,1730,0.025,0.0,1.0,0.0,0.179663136601448
ni_tfnbs,"e=1.4,h=3.0,n=30,start_thres=1.25",hub,0.25,30,21,40,1730,6,0,34,1730,0.15,0.0,1.0,0.0,0.179663136601448
ni_tfnbs,"e=1.4,h=4.0,n=30,start_thres=1.25",hub,0.25,30,21,40,1730,6,0,34,1730,0.15,0.0,1.0,0.0,0.179663136601448
ni_tfnbs,"e=1.4,h=5.0,n=30,start_thres=1.25",hub,0.25,30,21,40,1730,6,0,34,1730,0.15,0.0,1.0,0.0,0.179663136601448
ni_tfnbs,"e=1.4,h=6.0,n=30,start_thres=1.25",hub,0.25,30,21,40,1730,4,0,36,1730,0.1,0.0,1.0,0.0,0.179663136601448
ni_tfnbs,"e=1.4,h=7.0,n=30,start_thres=1.25",hub,0.25,30,21,40,1730,4,0,36,1730,0.1,0.0,1.0,0.0,0.179663136601448
ni_tfnbs,"e=1.4,h=8.0,n=30,start_thres=1.25",hub,0.25,30,21,40,1730,4,0,36,1730,0.1,0.0,1.0,0.0,0.179663136601448
ni_tfnbs,"e=1.4,h=9.0,n=30,start_thres=1.25",hub,0.25,30,21,40,1730,4,0,36,1730,0.1,0.0,1.0,0.0,0.179663136601448
ni_tfnbs,"e=1.4,h=10.0,n=30,start_thres=1.25",hub,0.25,30,21,40,1730,4,0,36,1730,0.1,0.0,1.0,0.0,0.179663136601448
ni_tfnbs,"e=1.5,h=0.5,n=30,start_thres=1.25",hub,0.25,30,21,40,1730,0,0,40,1730,0.0,0.0,0.0,0.0,0.179663136601448
ni_tfnbs,"e=1.5,h=1.0,n=30,start_thres=1.25",hub,0.25,30,21,40,1730,0,0,40,1730,0.0,0.0,0.0,0.0,0.179663136601448
ni_tfnbs,"e=1.5,h=2.0,n=30,start_thres=1.25",hub,0.25,30,21,40,1730,1,0,39,1730,0.025,0.0,1.0,0.0,0.179663136601448
ni_tfnbs,"e=1.5,h=3.0,n=30,start_thres=1.25",hub,0.25,30,21,40,1730,6,0,34,1730,0.15,0.0,1.0,0.0,0.179663136601448
ni_tfnbs,"e=1.5,h=4.0,n=30,start_thres=1.25",hub,0.25,30,21,40,1730,6,0,34,1730,0.15,0.0,1.0,0.0,0.179663136601448
ni_tfnbs,"e=1.5,h=5.0,n=30,start_thres=1.25",hub,0.25,30,21,40,1730,6,0,34,1730,0.15,0.0,1.0,0.0,0.179663136601448
ni_tfnbs,"e=1.5,h=6.0,n=30,start_thres=1.25",hub,0.25,30,21,40,1730,4,0,36,1730,0.1,0.0,1.0,0.0,0.179663136601448
ni_tfnbs,"e=1.5,h=7.0,n=30,start_thres=1.25",hub,0.25,30,21,40,1730,4,0,36,1730,0.1,0.0,1.0,0.0,0.179663136601448
ni_tfnbs,"e=1.5,h=8.0,n=30,start_thres=1.25",hub,0.25,30,21,40,1730,4,0,36,1730,0.1,0.0,1.0,0.0,0.179663136601448
ni_tfnbs,"e=1.5,h=9.0,n=30,start_thres=1.25",hub,0.25,30,21,40,1730,4,0,36,1730,0.1,0.0,1.0,0.0,0.179663136601448
ni_tfnbs,"e=1.5,h=10.0,n=30,start_thres=1.25",hub,0.25,30,21,40,1730,4,0,36,1730,0.1,0.0,1.0,0.0,0.179663136601448
ni_tfnbs,"e=0.05,h=0.5,n=30,start_thres=1.25",hub,0.25,30,22,40,1730,0,0,40,1730,0.0,0.0,0.0,0.0,0.1757968935099515
ni_tfnbs,"e=0.05,h=1.0,n=30,start_thres=1.25",hub,0.25,30,22,40,1730,0,0,40,1730,0.0,0.0,0.0,0.0,0.1757968935099515
ni_tfnbs,"e=0.05,h=2.0,n=30,start_thres=1.25",hub,0.25,30,22,40,1730,0,0,40,1730,0.0,0.0,0.0,0.0,0.1757968935099515
ni_tfnbs,"e=0.05,h=3.0,n=30,start_thres=1.25",hub,0.25,30,22,40,1730,0,0,40,1730,0.0,0.0,0.0,0.0,0.1757968935099515
ni_tfnbs,"e=0.05,h=4.0,n=30,start_thres=1.25",hub,0.25,30,22,40,1730,0,0,40,1730,0.0,0.0,0.0,0.0,0.1757968935099515
ni_tfnbs,"e=0.05,h=5.0,n=30,start_thres=1.25",hub,0.25,30,22,40,1730,0,0,40,1730,0.0,0.0,0.0,0.0,0.1757968935099515
ni_tfnbs,"e=0.05,h=6.0,n=30,start_thres=1.25",hub,0.25,30,22,40,1730,0,0,40,1730,0.0,0.0,0.0,0.0,0.1757968935099515
ni_tfnbs,"e=0.05,h=7.0,n=30,start_thres=1.25",hub,0.25,30,22,40,1730,0,0,40,1730,0.0,0.0,0.0,0.0,0.1757968935099515
ni_tfnbs,"e=0.05,h=8.0,n=30,start_thres=1.25",hub,0.25,30,22,40,1730,0,0,40,1730,0.0,0.0,0.0,0.0,0.1757968935099515
ni_tfnbs,"e=0.05,h=9.0,n=30,start_thres=1.25",hub,0.25,30,22,40,1730,0,0,40,1730,0.0,0.0,0.0,0.0,0.1757968935099515
ni_tfnbs,"e=0.05,h=10.0,n=30,start_thres=1.25",hub,0.25,30,22,40,1730,0,0,40,1730,0.0,0.0,0.0,0.0,0.1757968935099515
ni_tfnbs,"e=0.1,h=0.5,n=30,start_thres=1.25",hub,0.25,30,22,40,1730,0,0,40,1730,0.0,0.0,0.0,0.0,0.1757968935099515
ni_tfnbs,"e=0.1,h=1.0,n=30,start_thres=1.25",hub,0.25,30,22,40,1730,0,0,40,1730,0.0,0.0,0.0,0.0,0.1757968935099515
ni_tfnbs,"e=0.1,h=2.0,n=30,start_thres=1.25",hub,0.25,30,22,40,1730,0,0,40,1730,0.0,0.0,0.0,0.0,0.1757968935099515
ni_tfnbs,"e=0.1,h=3.0,n=30,start_thres=1.25",hub,0.25,30,22,40,1730,0,0,40,1730,0.0,0.0,0.0,0.0,0.1757968935099515
ni_tfnbs,"e=0.1,h=4.0,n=30,start_thres=1.25",hub,0.25,30,22,40,1730,0,0,40,1730,0.0,0.0,0.0,0.0,0.1757968935099515
ni_tfnbs,"e=0.1,h=5.0,n=30,start_thres=1.25",hub,0.25,30,22,40,1730,0,0,40,1730,0.0,0.0,0.0,0.0,0.1757968935099515
ni_tfnbs,"e=0.1,h=6.0,n=30,start_thres=1.25",hub,0.25,30,22,40,1730,0,0,40,1730,0.0,0.0,0.0,0.0,0.1757968935099515
ni_tfnbs,"e=0.1,h=7.0,n=30,start_thres=1.25",hub,0.25,30,22,40,1730,0,0,40,1730,0.0,0.0,0.0,0.0,0.1757968935099515
ni_tfnbs,"e=0.1,h=8.0,n=30,start_thres=1.25",hub,0.25,30,22,40,1730,0,0,40,1730,0.0,0.0,0.0,0.0,0.1757968935099515
ni_tfnbs,"e=0.1,h=9.0,n=30,start_thres=1.25",hub,0.25,30,22,40,1730,0,0,40,1730,0.0,0.0,0.0,0.0,0.1757968935099515
ni_tfnbs,"e=0.1,h=10.0,n=30,start_thres=1.25",hub,0.25,30,22,40,1730,0,0,40,1730,0.0,0.0,0.0,0.0,0.1757968935099515
ni_tfnbs,"e=0.2,h=0.5,n=30,start_thres=1.25",hub,0.25,30,22,40,1730,0,0,40,1730,0.0,0.0,0.0,0.0,0.1757968935099515
ni_tfnbs,"e=0.2,h=1.0,n=30,start_thres=1.25",hub,0.25,30,22,40,1730,0,0,40,1730,0.0,0.0,0.0,0.0,0.1757968935099515
ni_tfnbs,"e=0.2,h=2.0,n=30,start_thres=1.25",hub,0.25,30,22,40,1730,0,0,40,1730,0.0,0.0,0.0,0.0,0.1757968935099515
ni_tfnbs,"e=0.2,h=3.0,n=30,start_thres=1.25",hub,0.25,30,22,40,1730,0,0,40,1730,0.0,0.0,0.0,0.0,0.1757968935099515
ni_tfnbs,"e=0.2,h=4.0,n=30,start_thres=1.25",hub,0.25,30,22,40,1730,0,0,40,1730,0.0,0.0,0.0,0.0,0.1757968935099515
ni_tfnbs,"e=0.2,h=5.0,n=30,start_thres=1.25",hub,0.25,30,22,40,1730,0,0,40,1730,0.0,0.0,0.0,0.0,0.1757968935099515
ni_tfnbs,"e=0.2,h=6.0,n=30,start_thres=1.25",hub,0.25,30,22,40,1730,0,0,40,1730,0.0,0.0,0.0,0.0,0.1757968935099515
ni_tfnbs,"e=0.2,h=7.0,n=30,start_thres=1.25",hub,0.25,30,22,40,1730,0,0,40,1730,0.0,0.0,0.0,0.0,0.1757968935099515
ni_tfnbs,"e=0.2,h=8.0,n=30,start_thres=1.25",hub,0.25,30,22,40,1730,0,0,40,1730,0.0,0.0,0.0,0.0,0.1757968935099515
ni_tfnbs,"e=0.2,h=9.0,n=30,start_thres=1.25",hub,0.25,30,22,40,1730,0,0,40,1730,0.0,0.0,0.0,0.0,0.1757968935099515
ni_tfnbs,"e=0.2,h=10.0,n=30,start_thres=1.25",hub,0.25,30,22,40,1730,0,0,40,1730,0.0,0.0,0.0,0.0,0.1757968935099515
ni_tfnbs,"e=0.3,h=0.5,n=30,start_thres=1.25",hub,0.25,30,22,40,1730,0,0,40,1730,0.0,0.0,0.0,0.0,0.1757968935099515
ni_tfnbs,"e=0.3,h=1.0,n=30,start_thres=1.25",hub,0.25,30,22,40,1730,0,0,40,1730,0.0,0.0,0.0,0.0,0.1757968935099515
ni_tfnbs,"e=0.3,h=2.0,n=30,start_thres=1.25",hub,0.25,30,22,40,1730,0,0,40,1730,0.0,0.0,0.0,0.0,0.1757968935099515
ni_tfnbs,"e=0.3,h=3.0,n=30,start_thres=1.25",hub,0.25,30,22,40,1730,0,0,40,1730,0.0,0.0,0.0,0.0,0.1757968935099515
ni_tfnbs,"e=0.3,h=4.0,n=30,start_thres=1.25",hub,0.25,30,22,40,1730,0,0,40,1730,0.0,0.0,0.0,0.0,0.1757968935099515
ni_tfnbs,"e=0.3,h=5.0,n=30,start_thres=1.25",hub,0.25,30,22,40,1730,0,0,40,1730,0.0,0.0,0.0,0.0,0.1757968935099515
ni_tfnbs,"e=0.3,h=6.0,n=30,start_thres=1.25",hub,0.25,30,22,40,1730,0,0,40,1730,0.0,0.0,0.0,0.0,0.1757968935099515
ni_tfnbs,"e=0.3,h=7.0,n=30,start_thres=1.25",hub,0.25,30,22,40,1730,0,0,40,1730,0.0,0.0,0.0,0.0,0.1757968935099515
ni_tfnbs,"e=0.3,h=8.0,n=30,start_thres=1.25",hub,0.25,30,22,40,1730,0,0,40,1730,0.0,0.0,0.0,0.0,0.1757968935099515
ni_tfnbs,"e=0.3,h=9.0,n=30,start_thres=1.25",hub,0.25,30,22,40,1730,0,0,40,1730,0.0,0.0,0.0,0.0,0.1757968935099515
ni_tfnbs,"e=0.3,h=10.0,n=30,start_thres=1.25",hub,0.25,30,22,40,1730,0,0,40,1730,0.0,0.0,0.0,0.0,0.1757968935099515
ni_tfnbs,"e=0.4,h=0.5,n=30,start_thres=1.25",hub,0.25,30,22,40,1730,0,0,40,1730,0.0,0.0,0.0,0.0,0.1757968935099515
ni_tfnbs,"e=0.4,h=1.0,n=30,start_thres=1.25",hub,0.25,30,22,40,1730,0,0,40,1730,0.0,0.0,0.0,0.0,0.1757968935099515
ni_tfnbs,"e=0.4,h=2.0,n=30,start_thres=1.25",hub,0.25,30,22,40,1730,0,0,40,1730,0.0,0.0,0.0,0.0,0.1757968935099515
ni_tfnbs,"e=0.4,h=3.0,n=30,start_thres=1.25",hub,0.25,30,22,40,1730,0,0,40,1730,0.0,0.0,0.0,0.0,0.1757968935099515
ni_tfnbs,"e=0.4,h=4.0,n=30,start_thres=1.25",hub,0.25,30,22,40,1730,0,0,40,1730,0.0,0.0,0.0,0.0,0.1757968935099515
ni_tfnbs,"e=0.4,h=5.0,n=30,start_thres=1.25",hub,0.25,30,22,40,1730,0,0,40,1730,0.0,0.0,0.0,0.0,0.1757968935099515
ni_tfnbs,"e=0.4,h=6.0,n=30,start_thres=1.25",hub,0.25,30,22,40,1730,0,0,40,1730,0.0,0.0,0.0,0.0,0.1757968935099515
ni_tfnbs,"e=0.4,h=7.0,n=30,start_thres=1.25",hub,0.25,30,22,40,1730,0,0,40,1730,0.0,0.0,0.0,0.0,0.1757968935099515
ni_tfnbs,"e=0.4,h=8.0,n=30,start_thres=1.25",hub,0.25,30,22,40,1730,0,0,40,1730,0.0,0.0,0.0,0.0,0.1757968935099515
ni_tfnbs,"e=0.4,h=9.0,n=30,start_thres=1.25",hub,0.25,30,22,40,1730,0,0,40,1730,0.0,0.0,0.0,0.0,0.1757968935099515
ni_tfnbs,"e=0.4,h=10.0,n=30,start_thres=1.25",hub,0.25,30,22,40,1730,0,0,40,1730,0.0,0.0,0.0,0.0,0.1757968935099515
ni_tfnbs,"e=0.5,h=0.5,n=30,start_thres=1.25",hub,0.25,30,22,40,1730,0,0,40,1730,0.0,0.0,0.0,0.0,0.1757968935099515
ni_tfnbs,"e=0.5,h=1.0,n=30,start_thres=1.25",hub,0.25,30,22,40,1730,0,0,40,1730,0.0,0.0,0.0,0.0,0.1757968935099515
ni_tfnbs,"e=0.5,h=2.0,n=30,start_thres=1.25",hub,0.25,30,22,40,1730,0,0,40,1730,0.0,0.0,0.0,0.0,0.1757968935099515
ni_tfnbs,"e=0.5,h=3.0,n=30,start_thres=1.25",hub,0.25,30,22,40,1730,0,0,40,1730,0.0,0.0,0.0,0.0,0.1757968935099515
ni_tfnbs,"e=0.5,h=4.0,n=30,start_thres=1.25",hub,0.25,30,22,40,1730,0,0,40,1730,0.0,0.0,0.0,0.0,0.1757968935099515
ni_tfnbs,"e=0.5,h=5.0,n=30,start_thres=1.25",hub,0.25,30,22,40,1730,0,0,40,1730,0.0,0.0,0.0,0.0,0.1757968935099515
ni_tfnbs,"e=0.5,h=6.0,n=30,start_thres=1.25",hub,0.25,30,22,40,1730,0,0,40,1730,0.0,0.0,0.0,0.0,0.1757968935099515
ni_tfnbs,"e=0.5,h=7.0,n=30,start_thres=1.25",hub,0.25,30,22,40,1730,0,0,40,1730,0.0,0.0,0.0,0.0,0.1757968935099515
ni_tfnbs,"e=0.5,h=8.0,n=30,start_thres=1.25",hub,0.25,30,22,40,1730,0,0,40,1730,0.0,0.0,0.0,0.0,0.1757968935099515
ni_tfnbs,"e=0.5,h=9.0,n=30,start_thres=1.25",hub,0.25,30,22,40,1730,0,0,40,1730,0.0,0.0,0.0,0.0,0.1757968935099515
ni_tfnbs,"e=0.5,h=10.0,n=30,start_thres=1.25",hub,0.25,30,22,40,1730,0,0,40,1730,0.0,0.0,0.0,0.0,0.1757968935099515
ni_tfnbs,"e=0.6,h=0.5,n=30,start_thres=1.25",hub,0.25,30,22,40,1730,0,0,40,1730,0.0,0.0,0.0,0.0,0.1757968935099515
ni_tfnbs,"e=0.6,h=1.0,n=30,start_thres=1.25",hub,0.25,30,22,40,1730,0,0,40,1730,0.0,0.0,0.0,0.0,0.1757968935099515
ni_tfnbs,"e=0.6,h=2.0,n=30,start_thres=1.25",hub,0.25,30,22,40,1730,0,0,40,1730,0.0,0.0,0.0,0.0,0.1757968935099515
ni_tfnbs,"e=0.6,h=3.0,n=30,start_thres=1.25",hub,0.25,30,22,40,1730,0,0,40,1730,0.0,0.0,0.0,0.0,0.1757968935099515
ni_tfnbs,"e=0.6,h=4.0,n=30,start_thres=1.25",hub,0.25,30,22,40,1730,0,0,40,1730,0.0,0.0,0.0,0.0,0.1757968935099515
ni_tfnbs,"e=0.6,h=5.0,n=30,start_thres=1.25",hub,0.25,30,22,40,1730,0,0,40,1730,0.0,0.0,0.0,0.0,0.1757968935099515
ni_tfnbs,"e=0.6,h=6.0,n=30,start_thres=1.25",hub,0.25,30,22,40,1730,0,0,40,1730,0.0,0.0,0.0,0.0,0.1757968935099515
ni_tfnbs,"e=0.6,h=7.0,n=30,start_thres=1.25",hub,0.25,30,22,40,1730,0,0,40,1730,0.0,0.0,0.0,0.0,0.1757968935099515
ni_tfnbs,"e=0.6,h=8.0,n=30,start_thres=1.25",hub,0.25,30,22,40,1730,0,0,40,1730,0.0,0.0,0.0,0.0,0.1757968935099515
ni_tfnbs,"e=0.6,h=9.0,n=30,start_thres=1.25",hub,0.25,30,22,40,1730,0,0,40,1730,0.0,0.0,0.0,0.0,0.1757968935099515
ni_tfnbs,"e=0.6,h=10.0,n=30,start_thres=1.25",hub,0.25,30,22,40,1730,0,0,40,1730,0.0,0.0,0.0,0.0,0.1757968935099515
ni_tfnbs,"e=0.7,h=0.5,n=30,start_thres=1.25",hub,0.25,30,22,40,1730,0,0,40,1730,0.0,0.0,0.0,0.0,0.1757968935099515
ni_tfnbs,"e=0.7,h=1.0,n=30,start_thres=1.25",hub,0.25,30,22,40,1730,0,0,40,1730,0.0,0.0,0.0,0.0,0.1757968935099515
ni_tfnbs,"e=0.7,h=2.0,n=30,start_thres=1.25",hub,0.25,30,22,40,1730,0,0,40,1730,0.0,0.0,0.0,0.0,0.1757968935099515
ni_tfnbs,"e=0.7,h=3.0,n=30,start_thres=1.25",hub,0.25,30,22,40,1730,0,0,40,1730,0.0,0.0,0.0,0.0,0.1757968935099515
ni_tfnbs,"e=0.7,h=4.0,n=30,start_thres=1.25",hub,0.25,30,22,40,1730,0,0,40,1730,0.0,0.0,0.0,0.0,0.1757968935099515
ni_tfnbs,"e=0.7,h=5.0,n=30,start_thres=1.25",hub,0.25,30,22,40,1730,0,0,40,1730,0.0,0.0,0.0,0.0,0.1757968935099515
ni_tfnbs,"e=0.7,h=6.0,n=30,start_thres=1.25",hub,0.25,30,22,40,1730,0,0,40,1730,0.0,0.0,0.0,0.0,0.1757968935099515
ni_tfnbs,"e=0.7,h=7.0,n=30,start_thres=1.25",hub,0.25,30,22,40,1730,0,0,40,1730,0.0,0.0,0.0,0.0,0.1757968935099515
ni_tfnbs,"e=0.7,h=8.0,n=30,start_thres=1.25",hub,0.25,30,22,40,1730,0,0,40,1730,0.0,0.0,0.0,0.0,0.1757968935099515
ni_tfnbs,"e=0.7,h=9.0,n=30,start_thres=1.25",hub,0.25,30,22,40,1730,0,0,40,1730,0.0,0.0,0.0,0.0,0.1757968935099515
ni_tfnbs,"e=0.7,h=10.0,n=30,start_thres=1.25",hub,0.25,30,22,40,1730,0,0,40,1730,0.0,0.0,0.0,0.0,0.1757968935099515
ni_tfnbs,"e=0.8,h=0.5,n=30,start_thres=1.25",hub,0.25,30,22,40,1730,0,0,40,1730,0.0,0.0,0.0,0.0,0.1757968935099515
ni_tfnbs,"e=0.8,h=1.0,n=30,start_thres=1.25",hub,0.25,30,22,40,1730,0,0,40,1730,0.0,0.0,0.0,0.0,0.1757968935099515
ni_tfnbs,"e=0.8,h=2.0,n=30,start_thres=1.25",hub,0.25,30,22,40,1730,0,0,40,1730,0.0,0.0,0.0,0.0,0.1757968935099515
ni_tfnbs,"e=0.8,h=3.0,n=30,start_thres=1.25",hub,0.25,30,22,40,1730,0,0,40,1730,0.0,0.0,0.0,0.0,0.1757968935099515
ni_tfnbs,"e=0.8,h=4.0,n=30,start_thres=1.25",hub,0.25,30,22,40,1730,0,0,40,1730,0.0,0.0,0.0,0.0,0.1757968935099515
ni_tfnbs,"e=0.8,h=5.0,n=30,start_thres=1.25",hub,0.25,30,22,40,1730,0,0,40,1730,0.0,0.0,0.0,0.0,0.1757968935099515
ni_tfnbs,"e=0.8,h=6.0,n=30,start_thres=1.25",hub,0.25,30,22,40,1730,0,0,40,1730,0.0,0.0,0.0,0.0,0.1757968935099515
ni_tfnbs,"e=0.8,h=7.0,n=30,start_thres=1.25",hub,0.25,30,22,40,1730,0,0,40,1730,0.0,0.0,0.0,0.0,0.1757968935099515
ni_tfnbs,"e=0.8,h=8.0,n=30,start_thres=1.25",hub,0.25,30,22,40,1730,0,0,40,1730,0.0,0.0,0.0,0.0,0.1757968935099515
ni_tfnbs,"e=0.8,h=9.0,n=30,start_thres=1.25",hub,0.25,30,22,40,1730,0,0,40,1730,0.0,0.0,0.0,0.0,0.1757968935099515
ni_tfnbs,"e=0.8,h=10.0,n=30,start_thres=1.25",hub,0.25,30,22,40,1730,0,0,40,1730,0.0,0.0,0.0,0.0,0.1757968935099515
ni_tfnbs,"e=0.9,h=0.5,n=30,start_thres=1.25",hub,0.25,30,22,40,1730,0,0,40,1730,0.0,0.0,0.0,0.0,0.1757968935099515
ni_tfnbs,"e=0.9,h=1.0,n=30,start_thres=1.25",hub,0.25,30,22,40,1730,0,0,40,1730,0.0,0.0,0.0,0.0,0.1757968935099515
ni_tfnbs,"e=0.9,h=2.0,n=30,start_thres=1.25",hub,0.25,30,22,40,1730,0,0,40,1730,0.0,0.0,0.0,0.0,0.1757968935099515
ni_tfnbs,"e=0.9,h=3.0,n=30,start_thres=1.25",hub,0.25,30,22,40,1730,0,0,40,1730,0.0,0.0,0.0,0.0,0.1757968935099515
ni_tfnbs,"e=0.9,h=4.0,n=30,start_thres=1.25",hub,0.25,30,22,40,1730,0,0,40,1730,0.0,0.0,0.0,0.0,0.1757968935099515
ni_tfnbs,"e=0.9,h=5.0,n=30,start_thres=1.25",hub,0.25,30,22,40,1730,0,0,40,1730,0.0,0.0,0.0,0.0,0.1757968935099515
ni_tfnbs,"e=0.9,h=6.0,n=30,start_thres=1.25",hub,0.25,30,22,40,1730,0,0,40,1730,0.0,0.0,0.0,0.0,0.1757968935099515
ni_tfnbs,"e=0.9,h=7.0,n=30,start_thres=1.25",hub,0.25,30,22,40,1730,0,0,40,1730,0.0,0.0,0.0,0.0,0.1757968935099515
ni_tfnbs,"e=0.9,h=8.0,n=30,start_thres=1.25",hub,0.25,30,22,40,1730,0,0,40,1730,0.0,0.0,0.0,0.0,0.1757968935099515
ni_tfnbs,"e=0.9,h=9.0,n=30,start_thres=1.25",hub,0.25,30,22,40,1730,0,0,40,1730,0.0,0.0,0.0,0.0,0.1757968935099515
ni_tfnbs,"e=0.9,h=10.0,n=30,start_thres=1.25",hub,0.25,30,22,40,1730,0,0,40,1730,0.0,0.0,0.0,0.0,0.1757968935099515
ni_tfnbs,"e=1.0,h=0.5,n=30,start_thres=1.25",hub,0.25,30,22,40,1730,0,0,40,1730,0.0,0.0,0.0,0.0,0.1757968935099515
ni_tfnbs,"e=1.0,h=1.0,n=30,start_thres=1.25",hub,0.25,30,22,40,1730,0,0,40,1730,0.0,0.0,0.0,0.0,0.1757968935099515
ni_tfnbs,"e=1.0,h=2.0,n=30,start_thres=1.25",hub,0.25,30,22,40,1730,0,0,40,1730,0.0,0.0,0.0,0.0,0.1757968935099515
ni_tfnbs,"e=1.0,h=3.0,n=30,start_thres=1.25",hub,0.25,30,22,40,1730,0,0,40,1730,0.0,0.0,0.0,0.0,0.1757968935099515
ni_tfnbs,"e=1.0,h=4.0,n=30,start_thres=1.25",hub,0.25,30,22,40,1730,0,0,40,1730,0.0,0.0,0.0,0.0,0.1757968935099515
ni_tfnbs,"e=1.0,h=5.0,n=30,start_thres=1.25",hub,0.25,30,22,40,1730,0,0,40,1730,0.0,0.0,0.0,0.0,0.1757968935099515
ni_tfnbs,"e=1.0,h=6.0,n=30,start_thres=1.25",hub,0.25,30,22,40,1730,0,0,40,1730,0.0,0.0,0.0,0.0,0.1757968935099515
ni_tfnbs,"e=1.0,h=7.0,n=30,start_thres=1.25",hub,0.25,30,22,40,1730,0,0,40,1730,0.0,0.0,0.0,0.0,0.1757968935099515
ni_tfnbs,"e=1.0,h=8.0,n=30,start_thres=1.25",hub,0.25,30,22,40,1730,0,0,40,1730,0.0,0.0,0.0,0.0,0.1757968935099515
ni_tfnbs,"e=1.0,h=9.0,n=30,start_thres=1.25",hub,0.25,30,22,40,1730,0,0,40,1730,0.0,0.0,0.0,0.0,0.1757968935099515
ni_tfnbs,"e=1.0,h=10.0,n=30,start_thres=1.25",hub,0.25,30,22,40,1730,0,0,40,1730,0.0,0.0,0.0,0.0,0.1757968935099515
ni_tfnbs,"e=1.1,h=0.5,n=30,start_thres=1.25",hub,0.25,30,22,40,1730,0,0,40,1730,0.0,0.0,0.0,0.0,0.1757968935099515
ni_tfnbs,"e=1.1,h=1.0,n=30,start_thres=1.25",hub,0.25,30,22,40,1730,0,0,40,1730,0.0,0.0,0.0,0.0,0.1757968935099515
ni_tfnbs,"e=1.1,h=2.0,n=30,start_thres=1.25",hub,0.25,30,22,40,1730,0,0,40,1730,0.0,0.0,0.0,0.0,0.1757968935099515
ni_tfnbs,"e=1.1,h=3.0,n=30,start_thres=1.25",hub,0.25,30,22,40,1730,0,0,40,1730,0.0,0.0,0.0,0.0,0.1757968935099515
ni_tfnbs,"e=1.1,h=4.0,n=30,start_thres=1.25",hub,0.25,30,22,40,1730,0,0,40,1730,0.0,0.0,0.0,0.0,0.1757968935099515
ni_tfnbs,"e=1.1,h=5.0,n=30,start_thres=1.25",hub,0.25,30,22,40,1730,0,0,40,1730,0.0,0.0,0.0,0.0,0.1757968935099515
ni_tfnbs,"e=1.1,h=6.0,n=30,start_thres=1.25",hub,0.25,30,22,40,1730,0,0,40,1730,0.0,0.0,0.0,0.0,0.1757968935099515
ni_tfnbs,"e=1.1,h=7.0,n=30,start_thres=1.25",hub,0.25,30,22,40,1730,0,0,40,1730,0.0,0.0,0.0,0.0,0.1757968935099515
ni_tfnbs,"e=1.1,h=8.0,n=30,start_thres=1.25",hub,0.25,30,22,40,1730,0,0,40,1730,0.0,0.0,0.0,0.0,0.1757968935099515
ni_tfnbs,"e=1.1,h=9.0,n=30,start_thres=1.25",hub,0.25,30,22,40,1730,0,0,40,1730,0.0,0.0,0.0,0.0,0.1757968935099515
ni_tfnbs,"e=1.1,h=10.0,n=30,start_thres=1.25",hub,0.25,30,22,40,1730,0,0,40,1730,0.0,0.0,0.0,0.0,0.1757968935099515
ni_tfnbs,"e=1.2,h=0.5,n=30,start_thres=1.25",hub,0.25,30,22,40,1730,0,0,40,1730,0.0,0.0,0.0,0.0,0.1757968935099515
ni_tfnbs,"e=1.2,h=1.0,n=30,start_thres=1.25",hub,0.25,30,22,40,1730,0,0,40,1730,0.0,0.0,0.0,0.0,0.1757968935099515
ni_tfnbs,"e=1.2,h=2.0,n=30,start_thres=1.25",hub,0.25,30,22,40,1730,0,0,40,1730,0.0,0.0,0.0,0.0,0.1757968935099515
ni_tfnbs,"e=1.2,h=3.0,n=30,start_thres=1.25",hub,0.25,30,22,40,1730,0,0,40,1730,0.0,0.0,0.0,0.0,0.1757968935099515
ni_tfnbs,"e=1.2,h=4.0,n=30,start_thres=1.25",hub,0.25,30,22,40,1730,0,0,40,1730,0.0,0.0,0.0,0.0,0.1757968935099515
ni_tfnbs,"e=1.2,h=5.0,n=30,start_thres=1.25",hub,0.25,30,22,40,1730,0,0,40,1730,0.0,0.0,0.0,0.0,0.1757968935099515
ni_tfnbs,"e=1.2,h=6.0,n=30,start_thres=1.25",hub,0.25,30,22,40,1730,0,0,40,1730,0.0,0.0,0.0,0.0,0.1757968935099515
ni_tfnbs,"e=1.2,h=7.0,n=30,start_thres=1.25",hub,0.25,30,22,40,1730,0,0,40,1730,0.0,0.0,0.0,0.0,0.1757968935099515
ni_tfnbs,"e=1.2,h=8.0,n=30,start_thres=1.25",hub,0.25,30,22,40,1730,0,0,40,1730,0.0,0.0,0.0,0.0,0.1757968935099515
ni_tfnbs,"e=1.2,h=9.0,n=30,start_thres=1.25",hub,0.25,30,22,40,1730,0,0,40,1730,0.0,0.0,0.0,0.0,0.1757968935099515
ni_tfnbs,"e=1.2,h=10.0,n=30,start_thres=1.25",hub,0.25,30,22,40,1730,0,0,40,1730,0.0,0.0,0.0,0.0,0.1757968935099515
ni_tfnbs,"e=1.3,h=0.5,n=30,start_thres=1.25",hub,0.25,30,22,40,1730,0,0,40,1730,0.0,0.0,0.0,0.0,0.1757968935099515
ni_tfnbs,"e=1.3,h=1.0,n=30,start_thres=1.25",hub,0.25,30,22,40,1730,0,0,40,1730,0.0,0.0,0.0,0.0,0.1757968935099515
ni_tfnbs,"e=1.3,h=2.0,n=30,start_thres=1.25",hub,0.25,30,22,40,1730,0,0,40,1730,0.0,0.0,0.0,0.0,0.1757968935099515
ni_tfnbs,"e=1.3,h=3.0,n=30,start_thres=1.25",hub,0.25,30,22,40,1730,0,0,40,1730,0.0,0.0,0.0,0.0,0.1757968935099515
ni_tfnbs,"e=1.3,h=4.0,n=30,start_thres=1.25",hub,0.25,30,22,40,1730,0,0,40,1730,0.0,0.0,0.0,0.0,0.1757968935099515
ni_tfnbs,"e=1.3,h=5.0,n=30,start_thres=1.25",hub,0.25,30,22,40,1730,0,0,40,1730,0.0,0.0,0.0,0.0,0.1757968935099515
ni_tfnbs,"e=1.3,h=6.0,n=30,start_thres=1.25",hub,0.25,30,22,40,1730,0,0,40,1730,0.0,0.0,0.0,0.0,0.1757968935099515
ni_tfnbs,"e=1.3,h=7.0,n=30,start_thres=1.25",hub,0.25,30,22,40,1730,0,0,40,1730,0.0,0.0,0.0,0.0,0.1757968935099515
ni_tfnbs,"e=1.3,h=8.0,n=30,start_thres=1.25",hub,0.25,30,22,40,1730,0,0,40,1730,0.0,0.0,0.0,0.0,0.1757968935099515
ni_tfnbs,"e=1.3,h=9.0,n=30,start_thres=1.25",hub,0.25,30,22,40,1730,0,0,40,1730,0.0,0.0,0.0,0.0,0.1757968935099515
ni_tfnbs,"e=1.3,h=10.0,n=30,start_thres=1.25",hub,0.25,30,22,40,1730,0,0,40,1730,0.0,0.0,0.0,0.0,0.1757968935099515
ni_tfnbs,"e=1.4,h=0.5,n=30,start_thres=1.25",hub,0.25,30,22,40,1730,0,0,40,1730,0.0,0.0,0.0,0.0,0.1757968935099515
ni_tfnbs,"e=1.4,h=1.0,n=30,start_thres=1.25",hub,0.25,30,22,40,1730,0,0,40,1730,0.0,0.0,0.0,0.0,0.1757968935099515
ni_tfnbs,"e=1.4,h=2.0,n=30,start_thres=1.25",hub,0.25,30,22,40,1730,0,0,40,1730,0.0,0.0,0.0,0.0,0.1757968935099515
ni_tfnbs,"e=1.4,h=3.0,n=30,start_thres=1.25",hub,0.25,30,22,40,1730,0,0,40,1730,0.0,0.0,0.0,0.0,0.1757968935099515
ni_tfnbs,"e=1.4,h=4.0,n=30,start_thres=1.25",hub,0.25,30,22,40,1730,0,0,40,1730,0.0,0.0,0.0,0.0,0.1757968935099515
ni_tfnbs,"e=1.4,h=5.0,n=30,start_thres=1.25",hub,0.25,30,22,40,1730,0,0,40,1730,0.0,0.0,0.0,0.0,0.1757968935099515
ni_tfnbs,"e=1.4,h=6.0,n=30,start_thres=1.25",hub,0.25,30,22,40,1730,0,0,40,1730,0.0,0.0,0.0,0.0,0.1757968935099515
ni_tfnbs,"e=1.4,h=7.0,n=30,start_thres=1.25",hub,0.25,30,22,40,1730,0,0,40,1730,0.0,0.0,0.0,0.0,0.1757968935099515
ni_tfnbs,"e=1.4,h=8.0,n=30,start_thres=1.25",hub,0.25,30,22,40,1730,0,0,40,1730,0.0,0.0,0.0,0.0,0.1757968935099515
ni_tfnbs,"e=1.4,h=9.0,n=30,start_thres=1.25",hub,0.25,30,22,40,1730,0,0,40,1730,0.0,0.0,0.0,0.0,0.1757968935099515
ni_tfnbs,"e=1.4,h=10.0,n=30,start_thres=1.25",hub,0.25,30,22,40,1730,0,0,40,1730,0.0,0.0,0.0,0.0,0.1757968935099515
ni_tfnbs,"e=1.5,h=0.5,n=30,start_thres=1.25",hub,0.25,30,22,40,1730,0,0,40,1730,0.0,0.0,0.0,0.0,0.1757968935099515
ni_tfnbs,"e=1.5,h=1.0,n=30,start_thres=1.25",hub,0.25,30,22,40,1730,0,0,40,1730,0.0,0.0,0.0,0.0,0.1757968935099515
ni_tfnbs,"e=1.5,h=2.0,n=30,start_thres=1.25",hub,0.25,30,22,40,1730,0,0,40,1730,0.0,0.0,0.0,0.0,0.1757968935099515
ni_tfnbs,"e=1.5,h=3.0,n=30,start_thres=1.25",hub,0.25,30,22,40,1730,0,0,40,1730,0.0,0.0,0.0,0.0,0.1757968935099515
ni_tfnbs,"e=1.5,h=4.0,n=30,start_thres=1.25",hub,0.25,30,22,40,1730,0,0,40,1730,0.0,0.0,0.0,0.0,0.1757968935099515
ni_tfnbs,"e=1.5,h=5.0,n=30,start_thres=1.25",hub,0.25,30,22,40,1730,0,0,40,1730,0.0,0.0,0.0,0.0,0.1757968935099515
ni_tfnbs,"e=1.5,h=6.0,n=30,start_thres=1.25",hub,0.25,30,22,40,1730,0,0,40,1730,0.0,0.0,0.0,0.0,0.1757968935099515
ni_tfnbs,"e=1.5,h=7.0,n=30,start_thres=1.25",hub,0.25,30,22,40,1730,0,0,40,1730,0.0,0.0,0.0,0.0,0.1757968935099515
ni_tfnbs,"e=1.5,h=8.0,n=30,start_thres=1.25",hub,0.25,30,22,40,1730,0,0,40,1730,0.0,0.0,0.0,0.0,0.1757968935099515
ni_tfnbs,"e=1.5,h=9.0,n=30,start_thres=1.25",hub,0.25,30,22,40,1730,0,0,40,1730,0.0,0.0,0.0,0.0,0.1757968935099515
ni_tfnbs,"e=1.5,h=10.0,n=30,start_thres=1.25",hub,0.25,30,22,40,1730,0,0,40,1730,0.0,0.0,0.0,0.0,0.1757968935099515
ni_tfnbs,"e=0.05,h=0.5,n=30,start_thres=1.25",hub,0.25,30,23,40,1730,2,0,38,1730,0.05,0.0,1.0,0.0,0.1766274666244333
ni_tfnbs,"e=0.05,h=1.0,n=30,start_thres=1.25",hub,0.25,30,23,40,1730,2,0,38,1730,0.05,0.0,1.0,0.0,0.1766274666244333
ni_tfnbs,"e=0.05,h=2.0,n=30,start_thres=1.25",hub,0.25,30,23,40,1730,2,0,38,1730,0.05,0.0,1.0,0.0,0.1766274666244333
ni_tfnbs,"e=0.05,h=3.0,n=30,start_thres=1.25",hub,0.25,30,23,40,1730,2,0,38,1730,0.05,0.0,1.0,0.0,0.1766274666244333
ni_tfnbs,"e=0.05,h=4.0,n=30,start_thres=1.25",hub,0.25,30,23,40,1730,2,0,38,1730,0.05,0.0,1.0,0.0,0.1766274666244333
ni_tfnbs,"e=0.05,h=5.0,n=30,start_thres=1.25",hub,0.25,30,23,40,1730,2,0,38,1730,0.05,0.0,1.0,0.0,0.1766274666244333
ni_tfnbs,"e=0.05,h=6.0,n=30,start_thres=1.25",hub,0.25,30,23,40,1730,2,0,38,1730,0.05,0.0,1.0,0.0,0.1766274666244333
ni_tfnbs,"e=0.05,h=7.0,n=30,start_thres=1.25",hub,0.25,30,23,40,1730,1,0,39,1730,0.025,0.0,1.0,0.0,0.1766274666244333
ni_tfnbs,"e=0.05,h=8.0,n=30,start_thres=1.25",hub,0.25,30,23,40,1730,1,0,39,1730,0.025,0.0,1.0,0.0,0.1766274666244333
ni_tfnbs,"e=0.05,h=9.0,n=30,start_thres=1.25",hub,0.25,30,23,40,1730,1,0,39,1730,0.025,0.0,1.0,0.0,0.1766274666244333
ni_tfnbs,"e=0.05,h=10.0,n=30,start_thres=1.25",hub,0.25,30,23,40,1730,1,0,39,1730,0.025,0.0,1.0,0.0,0.1766274666244333
ni_tfnbs,"e=0.1,h=0.5,n=30,start_thres=1.25",hub,0.25,30,23,40,1730,2,0,38,1730,0.05,0.0,1.0,0.0,0.1766274666244333
ni_tfnbs,"e=0.1,h=1.0,n=30,start_thres=1.25",hub,0.25,30,23,40,1730,2,0,38,1730,0.05,0.0,1.0,0.0,0.1766274666244333
ni_tfnbs,"e=0.1,h=2.0,n=30,start_thres=1.25",hub,0.25,30,23,40,1730,2,0,38,1730,0.05,0.0,1.0,0.0,0.1766274666244333
ni_tfnbs,"e=0.1,h=3.0,n=30,start_thres=1.25",hub,0.25,30,23,40,1730,2,0,38,1730,0.05,0.0,1.0,0.0,0.1766274666244333
ni_tfnbs,"e=0.1,h=4.0,n=30,start_thres=1.25",hub,0.25,30,23,40,1730,2,0,38,1730,0.05,0.0,1.0,0.0,0.1766274666244333
ni_tfnbs,"e=0.1,h=5.0,n=30,start_thres=1.25",hub,0.25,30,23,40,1730,2,0,38,1730,0.05,0.0,1.0,0.0,0.1766274666244333
ni_tfnbs,"e=0.1,h=6.0,n=30,start_thres=1.25",hub,0.25,30,23,40,1730,2,0,38,1730,0.05,0.0,1.0,0.0,0.1766274666244333
ni_tfnbs,"e=0.1,h=7.0,n=30,start_thres=1.25",hub,0.25,30,23,40,1730,2,0,38,1730,0.05,0.0,1.0,0.0,0.1766274666244333
ni_tfnbs,"e=0.1,h=8.0,n=30,start_thres=1.25",hub,0.25,30,23,40,1730,2,0,38,1730,0.05,0.0,1.0,0.0,0.1766274666244333
ni_tfnbs,"e=0.1,h=9.0,n=30,start_thres=1.25",hub,0.25,30,23,40,1730,2,0,38,1730,0.05,0.0,1.0,0.0,0.1766274666244333
ni_tfnbs,"e=0.1,h=10.0,n=30,start_thres=1.25",hub,0.25,30,23,40,1730,2,0,38,1730,0.05,0.0,1.0,0.0,0.1766274666244333
ni_tfnbs,"e=0.2,h=0.5,n=30,start_thres=1.25",hub,0.25,30,23,40,1730,5,0,35,1730,0.125,0.0,1.0,0.0,0.1766274666244333
ni_tfnbs,"e=0.2,h=1.0,n=30,start_thres=1.25",hub,0.25,30,23,40,1730,3,0,37,1730,0.075,0.0,1.0,0.0,0.1766274666244333
ni_tfnbs,"e=0.2,h=2.0,n=30,start_thres=1.25",hub,0.25,30,23,40,1730,2,0,38,1730,0.05,0.0,1.0,0.0,0.1766274666244333
ni_tfnbs,"e=0.2,h=3.0,n=30,start_thres=1.25",hub,0.25,30,23,40,1730,2,0,38,1730,0.05,0.0,1.0,0.0,0.1766274666244333
ni_tfnbs,"e=0.2,h=4.0,n=30,start_thres=1.25",hub,0.25,30,23,40,1730,2,0,38,1730,0.05,0.0,1.0,0.0,0.1766274666244333
ni_tfnbs,"e=0.2,h=5.0,n=30,start_thres=1.25",hub,0.25,30,23,40,1730,2,0,38,1730,0.05,0.0,1.0,0.0,0.1766274666244333
ni_tfnbs,"e=0.2,h=6.0,n=30,start_thres=1.25",hub,0.25,30,23,40,1730,2,0,38,1730,0.05,0.0,1.0,0.0,0.1766274666244333
ni_tfnbs,"e=0.2,h=7.0,n=30,start_thres=1.25",hub,0.25,30,23,40,1730,2,0,38,1730,0.05,0.0,1.0,0.0,0.1766274666244333
ni_tfnbs,"e=0.2,h=8.0,n=30,start_thres=1.25",hub,0.25,30,23,40,1730,2,0,38,1730,0.05,0.0,1.0,0.0,0.1766274666244333
ni_tfnbs,"e=0.2,h=9.0,n=30,start_thres=1.25",hub,0.25,30,23,40,1730,2,0,38,1730,0.05,0.0,1.0,0.0,0.1766274666244333
ni_tfnbs,"e=0.2,h=10.0,n=30,start_thres=1.25",hub,0.25,30,23,40,1730,2,0,38,1730,0.05,0.0,1.0,0.0,0.1766274666244333
ni_tfnbs,"e=0.3,h=0.5,n=30,start_thres=1.25",hub,0.25,30,23,40,1730,8,0,32,1730,0.2,0.0,1.0,0.0,0.1766274666244333
ni_tfnbs,"e=0.3,h=1.0,n=30,start_thres=1.25",hub,0.25,30,23,40,1730,7,0,33,1730,0.175,0.0,1.0,0.0,0.1766274666244333
ni_tfnbs,"e=0.3,h=2.0,n=30,start_thres=1.25",hub,0.25,30,23,40,1730,5,0,35,1730,0.125,0.0,1.0,0.0,0.1766274666244333
ni_tfnbs,"e=0.3,h=3.0,n=30,start_thres=1.25",hub,0.25,30,23,40,1730,3,0,37,1730,0.075,0.0,1.0,0.0,0.1766274666244333
ni_tfnbs,"e=0.3,h=4.0,n=30,start_thres=1.25",hub,0.25,30,23,40,1730,3,0,37,1730,0.075,0.0,1.0,0.0,0.1766274666244333
ni_tfnbs,"e=0.3,h=5.0,n=30,start_thres=1.25",hub,0.25,30,23,40,1730,2,0,38,1730,0.05,0.0,1.0,0.0,0.1766274666244333
ni_tfnbs,"e=0.3,h=6.0,n=30,start_thres=1.25",hub,0.25,30,23,40,1730,2,0,38,1730,0.05,0.0,1.0,0.0,0.1766274666244333
ni_tfnbs,"e=0.3,h=7.0,n=30,start_thres=1.25",hub,0.25,30,23,40,1730,2,0,38,1730,0.05,0.0,1.0,0.0,0.1766274666244333
ni_tfnbs,"e=0.3,h=8.0,n=30,start_thres=1.25",hub,0.25,30,23,40,1730,2,0,38,1730,0.05,0.0,1.0,0.0,0.1766274666244333
ni_tfnbs,"e=0.3,h=9.0,n=30,start_thres=1.25",hub,0.25,30,23,40,1730,2,0,38,1730,0.05,0.0,1.0,0.0,0.1766274666244333
ni_tfnbs,"e=0.3,h=10.0,n=30,start_thres=1.25",hub,0.25,30,23,40,1730,2,0,38,1730,0.05,0.0,1.0,0.0,0.1766274666244333
ni_tfnbs,"e=0.4,h=0.5,n=30,start_thres=1.25",hub,0.25,30,23,40,1730,7,0,33,1730,0.175,0.0,1.0,0.0,0.1766274666244333
ni_tfnbs,"e=0.4,h=1.0,n=30,start_thres=1.25",hub,0.25,30,23,40,1730,8,0,32,1730,0.2,0.0,1.0,0.0,0.1766274666244333
ni_tfnbs,"e=0.4,h=2.0,n=30,start_thres=1.25",hub,0.25,30,23,40,1730,8,0,32,1730,0.2,0.0,1.0,0.0,0.1766274666244333
ni_tfnbs,"e=0.4,h=3.0,n=30,start_thres=1.25",hub,0.25,30,23,40,1730,7,0,33,1730,0.175,0.0,1.0,0.0,0.1766274666244333
ni_tfnbs,"e=0.4,h=4.0,n=30,start_thres=1.25",hub,0.25,30,23,40,1730,4,0,36,1730,0.1,0.0,1.0,0.0,0.1766274666244333
ni_tfnbs,"e=0.4,h=5.0,n=30,start_thres=1.25",hub,0.25,30,23,40,1730,3,0,37,1730,0.075,0.0,1.0,0.0,0.1766274666244333
ni_tfnbs,"e=0.4,h=6.0,n=30,start_thres=1.25",hub,0.25,30,23,40,1730,3,0,37,1730,0.075,0.0,1.0,0.0,0.1766274666244333
ni_tfnbs,"e=0.4,h=7.0,n=30,start_thres=1.25",hub,0.25,30,23,40,1730,2,0,38,1730,0.05,0.0,1.0,0.0,0.1766274666244333
ni_tfnbs,"e=0.4,h=8.0,n=30,start_thres=1.25",hub,0.25,30,23,40,1730,2,0,38,1730,0.05,0.0,1.0,0.0,0.1766274666244333
ni_tfnbs,"e=0.4,h=9.0,n=30,start_thres=1.25",hub,0.25,30,23,40,1730,2,0,38,1730,0.05,0.0,1.0,0.0,0.1766274666244333
ni_tfnbs,"e=0.4,h=10.0,n=30,start_thres=1.25",hub,0.25,30,23,40,1730,2,0,38,1730,0.05,0.0,1.0,0.0,0.1766274666244333
ni_tfnbs,"e=0.5,h=0.5,n=30,start_thres=1.25",hub,0.25,30,23,40,1730,8,1,32,1729,0.2,0.0005780346820809,0.8888888888888888,0.1111111111111111,0.1766274666244333
ni_tfnbs,"e=0.5,h=1.0,n=30,start_thres=1.25",hub,0.25,30,23,40,1730,8,0,32,1730,0.2,0.0,1.0,0.0,0.1766274666244333
ni_tfnbs,"e=0.5,h=2.0,n=30,start_thres=1.25",hub,0.25,30,23,40,1730,8,0,32,1730,0.2,0.0,1.0,0.0,0.1766274666244333
ni_tfnbs,"e=0.5,h=3.0,n=30,start_thres=1.25",hub,0.25,30,23,40,1730,8,0,32,1730,0.2,0.0,1.0,0.0,0.1766274666244333
ni_tfnbs,"e=0.5,h=4.0,n=30,start_thres=1.25",hub,0.25,30,23,40,1730,7,0,33,1730,0.175,0.0,1.0,0.0,0.1766274666244333
ni_tfnbs,"e=0.5,h=5.0,n=30,start_thres=1.25",hub,0.25,30,23,40,1730,5,0,35,1730,0.125,0.0,1.0,0.0,0.1766274666244333
ni_tfnbs,"e=0.5,h=6.0,n=30,start_thres=1.25",hub,0.25,30,23,40,1730,4,0,36,1730,0.1,0.0,1.0,0.0,0.1766274666244333
ni_tfnbs,"e=0.5,h=7.0,n=30,start_thres=1.25",hub,0.25,30,23,40,1730,3,0,37,1730,0.075,0.0,1.0,0.0,0.1766274666244333
ni_tfnbs,"e=0.5,h=8.0,n=30,start_thres=1.25",hub,0.25,30,23,40,1730,2,0,38,1730,0.05,0.0,1.0,0.0,0.1766274666244333
ni_tfnbs,"e=0.5,h=9.0,n=30,start_thres=1.25",hub,0.25,30,23,40,1730,2,0,38,1730,0.05,0.0,1.0,0.0,0.1766274666244333
ni_tfnbs,"e=0.5,h=10.0,n=30,start_thres=1.25",hub,0.25,30,23,40,1730,2,0,38,1730,0.05,0.0,1.0,0.0,0.1766274666244333
ni_tfnbs,"e=0.6,h=0.5,n=30,start_thres=1.25",hub,0.25,30,23,40,1730,8,1,32,1729,0.2,0.0005780346820809,0.8888888888888888,0.1111111111111111,0.1766274666244333
ni_tfnbs,"e=0.6,h=1.0,n=30,start_thres=1.25",hub,0.25,30,23,40,1730,8,1,32,1729,0.2,0.0005780346820809,0.8888888888888888,0.1111111111111111,0.1766274666244333
ni_tfnbs,"e=0.6,h=2.0,n=30,start_thres=1.25",hub,0.25,30,23,40,1730,7,0,33,1730,0.175,0.0,1.0,0.0,0.1766274666244333
ni_tfnbs,"e=0.6,h=3.0,n=30,start_thres=1.25",hub,0.25,30,23,40,1730,8,0,32,1730,0.2,0.0,1.0,0.0,0.1766274666244333
ni_tfnbs,"e=0.6,h=4.0,n=30,start_thres=1.25",hub,0.25,30,23,40,1730,8,0,32,1730,0.2,0.0,1.0,0.0,0.1766274666244333
ni_tfnbs,"e=0.6,h=5.0,n=30,start_thres=1.25",hub,0.25,30,23,40,1730,7,0,33,1730,0.175,0.0,1.0,0.0,0.1766274666244333
ni_tfnbs,"e=0.6,h=6.0,n=30,start_thres=1.25",hub,0.25,30,23,40,1730,5,0,35,1730,0.125,0.0,1.0,0.0,0.1766274666244333
ni_tfnbs,"e=0.6,h=7.0,n=30,start_thres=1.25",hub,0.25,30,23,40,1730,4,0,36,1730,0.1,0.0,1.0,0.0,0.1766274666244333
ni_tfnbs,"e=0.6,h=8.0,n=30,start_thres=1.25",hub,0.25,30,23,40,1730,3,0,37,1730,0.075,0.0,1.0,0.0,0.1766274666244333
ni_tfnbs,"e=0.6,h=9.0,n=30,start_thres=1.25",hub,0.25,30,23,40,1730,3,0,37,1730,0.075,0.0,1.0,0.0,0.1766274666244333
ni_tfnbs,"e=0.6,h=10.0,n=30,start_thres=1.25",hub,0.25,30,23,40,1730,2,0,38,1730,0.05,0.0,1.0,0.0,0.1766274666244333
ni_tfnbs,"e=0.7,h=0.5,n=30,start_thres=1.25",hub,0.25,30,23,40,1730,10,2,30,1728,0.25,0.0011560693641618,0.8333333333333334,0.1666666666666666,0.1766274666244333
ni_tfnbs,"e=0.7,h=1.0,n=30,start_thres=1.25",hub,0.25,30,23,40,1730,8,1,32,1729,0.2,0.0005780346820809,0.8888888888888888,0.1111111111111111,0.1766274666244333
ni_tfnbs,"e=0.7,h=2.0,n=30,start_thres=1.25",hub,0.25,30,23,40,1730,8,1,32,1729,0.2,0.0005780346820809,0.8888888888888888,0.1111111111111111,0.1766274666244333
ni_tfnbs,"e=0.7,h=3.0,n=30,start_thres=1.25",hub,0.25,30,23,40,1730,7,0,33,1730,0.175,0.0,1.0,0.0,0.1766274666244333
ni_tfnbs,"e=0.7,h=4.0,n=30,start_thres=1.25",hub,0.25,30,23,40,1730,8,0,32,1730,0.2,0.0,1.0,0.0,0.1766274666244333
ni_tfnbs,"e=0.7,h=5.0,n=30,start_thres=1.25",hub,0.25,30,23,40,1730,8,0,32,1730,0.2,0.0,1.0,0.0,0.1766274666244333
ni_tfnbs,"e=0.7,h=6.0,n=30,start_thres=1.25",hub,0.25,30,23,40,1730,7,0,33,1730,0.175,0.0,1.0,0.0,0.1766274666244333
ni_tfnbs,"e=0.7,h=7.0,n=30,start_thres=1.25",hub,0.25,30,23,40,1730,4,0,36,1730,0.1,0.0,1.0,0.0,0.1766274666244333
ni_tfnbs,"e=0.7,h=8.0,n=30,start_thres=1.25",hub,0.25,30,23,40,1730,4,0,36,1730,0.1,0.0,1.0,0.0,0.1766274666244333
ni_tfnbs,"e=0.7,h=9.0,n=30,start_thres=1.25",hub,0.25,30,23,40,1730,4,0,36,1730,0.1,0.0,1.0,0.0,0.1766274666244333
ni_tfnbs,"e=0.7,h=10.0,n=30,start_thres=1.25",hub,0.25,30,23,40,1730,3,0,37,1730,0.075,0.0,1.0,0.0,0.1766274666244333
ni_tfnbs,"e=0.8,h=0.5,n=30,start_thres=1.25",hub,0.25,30,23,40,1730,10,2,30,1728,0.25,0.0011560693641618,0.8333333333333334,0.1666666666666666,0.1766274666244333
ni_tfnbs,"e=0.8,h=1.0,n=30,start_thres=1.25",hub,0.25,30,23,40,1730,10,2,30,1728,0.25,0.0011560693641618,0.8333333333333334,0.1666666666666666,0.1766274666244333
ni_tfnbs,"e=0.8,h=2.0,n=30,start_thres=1.25",hub,0.25,30,23,40,1730,8,1,32,1729,0.2,0.0005780346820809,0.8888888888888888,0.1111111111111111,0.1766274666244333
ni_tfnbs,"e=0.8,h=3.0,n=30,start_thres=1.25",hub,0.25,30,23,40,1730,8,1,32,1729,0.2,0.0005780346820809,0.8888888888888888,0.1111111111111111,0.1766274666244333
ni_tfnbs,"e=0.8,h=4.0,n=30,start_thres=1.25",hub,0.25,30,23,40,1730,7,0,33,1730,0.175,0.0,1.0,0.0,0.1766274666244333
ni_tfnbs,"e=0.8,h=5.0,n=30,start_thres=1.25",hub,0.25,30,23,40,1730,8,0,32,1730,0.2,0.0,1.0,0.0,0.1766274666244333
ni_tfnbs,"e=0.8,h=6.0,n=30,start_thres=1.25",hub,0.25,30,23,40,1730,8,0,32,1730,0.2,0.0,1.0,0.0,0.1766274666244333
ni_tfnbs,"e=0.8,h=7.0,n=30,start_thres=1.25",hub,0.25,30,23,40,1730,8,0,32,1730,0.2,0.0,1.0,0.0,0.1766274666244333
ni_tfnbs,"e=0.8,h=8.0,n=30,start_thres=1.25",hub,0.25,30,23,40,1730,5,0,35,1730,0.125,0.0,1.0,0.0,0.1766274666244333
ni_tfnbs,"e=0.8,h=9.0,n=30,start_thres=1.25",hub,0.25,30,23,40,1730,4,0,36,1730,0.1,0.0,1.0,0.0,0.1766274666244333
ni_tfnbs,"e=0.8,h=10.0,n=30,start_thres=1.25",hub,0.25,30,23,40,1730,4,0,36,1730,0.1,0.0,1.0,0.0,0.1766274666244333
ni_tfnbs,"e=0.9,h=0.5,n=30,start_thres=1.25",hub,0.25,30,23,40,1730,11,2,29,1728,0.275,0.0011560693641618,0.8461538461538461,0.1538461538461538,0.1766274666244333
ni_tfnbs,"e=0.9,h=1.0,n=30,start_thres=1.25",hub,0.25,30,23,40,1730,11,2,29,1728,0.275,0.0011560693641618,0.8461538461538461,0.1538461538461538,0.1766274666244333
ni_tfnbs,"e=0.9,h=2.0,n=30,start_thres=1.25",hub,0.25,30,23,40,1730,10,2,30,1728,0.25,0.0011560693641618,0.8333333333333334,0.1666666666666666,0.1766274666244333
ni_tfnbs,"e=0.9,h=3.0,n=30,start_thres=1.25",hub,0.25,30,23,40,1730,8,1,32,1729,0.2,0.0005780346820809,0.8888888888888888,0.1111111111111111,0.1766274666244333
ni_tfnbs,"e=0.9,h=4.0,n=30,start_thres=1.25",hub,0.25,30,23,40,1730,8,1,32,1729,0.2,0.0005780346820809,0.8888888888888888,0.1111111111111111,0.1766274666244333
ni_tfnbs,"e=0.9,h=5.0,n=30,start_thres=1.25",hub,0.25,30,23,40,1730,8,0,32,1730,0.2,0.0,1.0,0.0,0.1766274666244333
ni_tfnbs,"e=0.9,h=6.0,n=30,start_thres=1.25",hub,0.25,30,23,40,1730,8,0,32,1730,0.2,0.0,1.0,0.0,0.1766274666244333
ni_tfnbs,"e=0.9,h=7.0,n=30,start_thres=1.25",hub,0.25,30,23,40,1730,8,0,32,1730,0.2,0.0,1.0,0.0,0.1766274666244333
ni_tfnbs,"e=0.9,h=8.0,n=30,start_thres=1.25",hub,0.25,30,23,40,1730,6,0,34,1730,0.15,0.0,1.0,0.0,0.1766274666244333
ni_tfnbs,"e=0.9,h=9.0,n=30,start_thres=1.25",hub,0.25,30,23,40,1730,4,0,36,1730,0.1,0.0,1.0,0.0,0.1766274666244333
ni_tfnbs,"e=0.9,h=10.0,n=30,start_thres=1.25",hub,0.25,30,23,40,1730,4,0,36,1730,0.1,0.0,1.0,0.0,0.1766274666244333
ni_tfnbs,"e=1.0,h=0.5,n=30,start_thres=1.25",hub,0.25,30,23,40,1730,11,2,29,1728,0.275,0.0011560693641618,0.8461538461538461,0.1538461538461538,0.1766274666244333
ni_tfnbs,"e=1.0,h=1.0,n=30,start_thres=1.25",hub,0.25,30,23,40,1730,11,2,29,1728,0.275,0.0011560693641618,0.8461538461538461,0.1538461538461538,0.1766274666244333
ni_tfnbs,"e=1.0,h=2.0,n=30,start_thres=1.25",hub,0.25,30,23,40,1730,11,2,29,1728,0.275,0.0011560693641618,0.8461538461538461,0.1538461538461538,0.1766274666244333
ni_tfnbs,"e=1.0,h=3.0,n=30,start_thres=1.25",hub,0.25,30,23,40,1730,9,1,31,1729,0.225,0.0005780346820809,0.9,0.1,0.1766274666244333
ni_tfnbs,"e=1.0,h=4.0,n=30,start_thres=1.25",hub,0.25,30,23,40,1730,8,1,32,1729,0.2,0.0005780346820809,0.8888888888888888,0.1111111111111111,0.1766274666244333
ni_tfnbs,"e=1.0,h=5.0,n=30,start_thres=1.25",hub,0.25,30,23,40,1730,8,0,32,1730,0.2,0.0,1.0,0.0,0.1766274666244333
ni_tfnbs,"e=1.0,h=6.0,n=30,start_thres=1.25",hub,0.25,30,23,40,1730,8,0,32,1730,0.2,0.0,1.0,0.0,0.1766274666244333
ni_tfnbs,"e=1.0,h=7.0,n=30,start_thres=1.25",hub,0.25,30,23,40,1730,8,0,32,1730,0.2,0.0,1.0,0.0,0.1766274666244333
ni_tfnbs,"e=1.0,h=8.0,n=30,start_thres=1.25",hub,0.25,30,23,40,1730,8,0,32,1730,0.2,0.0,1.0,0.0,0.1766274666244333
ni_tfnbs,"e=1.0,h=9.0,n=30,start_thres=1.25",hub,0.25,30,23,40,1730,6,0,34,1730,0.15,0.0,1.0,0.0,0.1766274666244333
ni_tfnbs,"e=1.0,h=10.0,n=30,start_thres=1.25",hub,0.25,30,23,40,1730,4,0,36,1730,0.1,0.0,1.0,0.0,0.1766274666244333
ni_tfnbs,"e=1.1,h=0.5,n=30,start_thres=1.25",hub,0.25,30,23,40,1730,12,4,28,1726,0.3,0.0023121387283236,0.75,0.25,0.1766274666244333
ni_tfnbs,"e=1.1,h=1.0,n=30,start_thres=1.25",hub,0.25,30,23,40,1730,11,2,29,1728,0.275,0.0011560693641618,0.8461538461538461,0.1538461538461538,0.1766274666244333
ni_tfnbs,"e=1.1,h=2.0,n=30,start_thres=1.25",hub,0.25,30,23,40,1730,11,2,29,1728,0.275,0.0011560693641618,0.8461538461538461,0.1538461538461538,0.1766274666244333
ni_tfnbs,"e=1.1,h=3.0,n=30,start_thres=1.25",hub,0.25,30,23,40,1730,10,2,30,1728,0.25,0.0011560693641618,0.8333333333333334,0.1666666666666666,0.1766274666244333
ni_tfnbs,"e=1.1,h=4.0,n=30,start_thres=1.25",hub,0.25,30,23,40,1730,9,1,31,1729,0.225,0.0005780346820809,0.9,0.1,0.1766274666244333
ni_tfnbs,"e=1.1,h=5.0,n=30,start_thres=1.25",hub,0.25,30,23,40,1730,8,1,32,1729,0.2,0.0005780346820809,0.8888888888888888,0.1111111111111111,0.1766274666244333
ni_tfnbs,"e=1.1,h=6.0,n=30,start_thres=1.25",hub,0.25,30,23,40,1730,8,0,32,1730,0.2,0.0,1.0,0.0,0.1766274666244333
ni_tfnbs,"e=1.1,h=7.0,n=30,start_thres=1.25",hub,0.25,30,23,40,1730,8,0,32,1730,0.2,0.0,1.0,0.0,0.1766274666244333
ni_tfnbs,"e=1.1,h=8.0,n=30,start_thres=1.25",hub,0.25,30,23,40,1730,8,0,32,1730,0.2,0.0,1.0,0.0,0.1766274666244333
ni_tfnbs,"e=1.1,h=9.0,n=30,start_thres=1.25",hub,0.25,30,23,40,1730,8,0,32,1730,0.2,0.0,1.0,0.0,0.1766274666244333
ni_tfnbs,"e=1.1,h=10.0,n=30,start_thres=1.25",hub,0.25,30,23,40,1730,6,0,34,1730,0.15,0.0,1.0,0.0,0.1766274666244333
ni_tfnbs,"e=1.2,h=0.5,n=30,start_thres=1.25",hub,0.25,30,23,40,1730,12,4,28,1726,0.3,0.0023121387283236,0.75,0.25,0.1766274666244333
ni_tfnbs,"e=1.2,h=1.0,n=30,start_thres=1.25",hub,0.25,30,23,40,1730,12,4,28,1726,0.3,0.0023121387283236,0.75,0.25,0.1766274666244333
ni_tfnbs,"e=1.2,h=2.0,n=30,start_thres=1.25",hub,0.25,30,23,40,1730,11,2,29,1728,0.275,0.0011560693641618,0.8461538461538461,0.1538461538461538,0.1766274666244333
ni_tfnbs,"e=1.2,h=3.0,n=30,start_thres=1.25",hub,0.25,30,23,40,1730,11,2,29,1728,0.275,0.0011560693641618,0.8461538461538461,0.1538461538461538,0.1766274666244333
ni_tfnbs,"e=1.2,h=4.0,n=30,start_thres=1.25",hub,0.25,30,23,40,1730,10,2,30,1728,0.25,0.0011560693641618,0.8333333333333334,0.1666666666666666,0.1766274666244333
ni_tfnbs,"e=1.2,h=5.0,n=30,start_thres=1.25",hub,0.25,30,23,40,1730,8,1,32,1729,0.2,0.0005780346820809,0.8888888888888888,0.1111111111111111,0.1766274666244333
ni_tfnbs,"e=1.2,h=6.0,n=30,start_thres=1.25",hub,0.25,30,23,40,1730,8,0,32,1730,0.2,0.0,1.0,0.0,0.1766274666244333
ni_tfnbs,"e=1.2,h=7.0,n=30,start_thres=1.25",hub,0.25,30,23,40,1730,7,0,33,1730,0.175,0.0,1.0,0.0,0.1766274666244333
ni_tfnbs,"e=1.2,h=8.0,n=30,start_thres=1.25",hub,0.25,30,23,40,1730,8,0,32,1730,0.2,0.0,1.0,0.0,0.1766274666244333
ni_tfnbs,"e=1.2,h=9.0,n=30,start_thres=1.25",hub,0.25,30,23,40,1730,8,0,32,1730,0.2,0.0,1.0,0.0,0.1766274666244333
ni_tfnbs,"e=1.2,h=10.0,n=30,start_thres=1.25",hub,0.25,30,23,40,1730,8,0,32,1730,0.2,0.0,1.0,0.0,0.1766274666244333
ni_tfnbs,"e=1.3,h=0.5,n=30,start_thres=1.25",hub,0.25,30,23,40,1730,13,4,27,1726,0.325,0.0023121387283236,0.7647058823529411,0.2352941176470588,0.1766274666244333
ni_tfnbs,"e=1.3,h=1.0,n=30,start_thres=1.25",hub,0.25,30,23,40,1730,12,4,28,1726,0.3,0.0023121387283236,0.75,0.25,0.1766274666244333
ni_tfnbs,"e=1.3,h=2.0,n=30,start_thres=1.25",hub,0.25,30,23,40,1730,12,4,28,1726,0.3,0.0023121387283236,0.75,0.25,0.1766274666244333
ni_tfnbs,"e=1.3,h=3.0,n=30,start_thres=1.25",hub,0.25,30,23,40,1730,11,2,29,1728,0.275,0.0011560693641618,0.8461538461538461,0.1538461538461538,0.1766274666244333
ni_tfnbs,"e=1.3,h=4.0,n=30,start_thres=1.25",hub,0.25,30,23,40,1730,11,2,29,1728,0.275,0.0011560693641618,0.8461538461538461,0.1538461538461538,0.1766274666244333
ni_tfnbs,"e=1.3,h=5.0,n=30,start_thres=1.25",hub,0.25,30,23,40,1730,9,1,31,1729,0.225,0.0005780346820809,0.9,0.1,0.1766274666244333
ni_tfnbs,"e=1.3,h=6.0,n=30,start_thres=1.25",hub,0.25,30,23,40,1730,8,1,32,1729,0.2,0.0005780346820809,0.8888888888888888,0.1111111111111111,0.1766274666244333
ni_tfnbs,"e=1.3,h=7.0,n=30,start_thres=1.25",hub,0.25,30,23,40,1730,8,0,32,1730,0.2,0.0,1.0,0.0,0.1766274666244333
ni_tfnbs,"e=1.3,h=8.0,n=30,start_thres=1.25",hub,0.25,30,23,40,1730,7,0,33,1730,0.175,0.0,1.0,0.0,0.1766274666244333
ni_tfnbs,"e=1.3,h=9.0,n=30,start_thres=1.25",hub,0.25,30,23,40,1730,8,0,32,1730,0.2,0.0,1.0,0.0,0.1766274666244333
ni_tfnbs,"e=1.3,h=10.0,n=30,start_thres=1.25",hub,0.25,30,23,40,1730,8,0,32,1730,0.2,0.0,1.0,0.0,0.1766274666244333
ni_tfnbs,"e=1.4,h=0.5,n=30,start_thres=1.25",hub,0.25,30,23,40,1730,13,4,27,1726,0.325,0.0023121387283236,0.7647058823529411,0.2352941176470588,0.1766274666244333
ni_tfnbs,"e=1.4,h=1.0,n=30,start_thres=1.25",hub,0.25,30,23,40,1730,13,4,27,1726,0.325,0.0023121387283236,0.7647058823529411,0.2352941176470588,0.1766274666244333
ni_tfnbs,"e=1.4,h=2.0,n=30,start_thres=1.25",hub,0.25,30,23,40,1730,13,4,27,1726,0.325,0.0023121387283236,0.7647058823529411,0.2352941176470588,0.1766274666244333
ni_tfnbs,"e=1.4,h=3.0,n=30,start_thres=1.25",hub,0.25,30,23,40,1730,11,2,29,1728,0.275,0.0011560693641618,0.8461538461538461,0.1538461538461538,0.1766274666244333
ni_tfnbs,"e=1.4,h=4.0,n=30,start_thres=1.25",hub,0.25,30,23,40,1730,11,2,29,1728,0.275,0.0011560693641618,0.8461538461538461,0.1538461538461538,0.1766274666244333
ni_tfnbs,"e=1.4,h=5.0,n=30,start_thres=1.25",hub,0.25,30,23,40,1730,11,2,29,1728,0.275,0.0011560693641618,0.8461538461538461,0.1538461538461538,0.1766274666244333
ni_tfnbs,"e=1.4,h=6.0,n=30,start_thres=1.25",hub,0.25,30,23,40,1730,9,1,31,1729,0.225,0.0005780346820809,0.9,0.1,0.1766274666244333
ni_tfnbs,"e=1.4,h=7.0,n=30,start_thres=1.25",hub,0.25,30,23,40,1730,8,1,32,1729,0.2,0.0005780346820809,0.8888888888888888,0.1111111111111111,0.1766274666244333
ni_tfnbs,"e=1.4,h=8.0,n=30,start_thres=1.25",hub,0.25,30,23,40,1730,7,0,33,1730,0.175,0.0,1.0,0.0,0.1766274666244333
ni_tfnbs,"e=1.4,h=9.0,n=30,start_thres=1.25",hub,0.25,30,23,40,1730,8,0,32,1730,0.2,0.0,1.0,0.0,0.1766274666244333
ni_tfnbs,"e=1.4,h=10.0,n=30,start_thres=1.25",hub,0.25,30,23,40,1730,8,0,32,1730,0.2,0.0,1.0,0.0,0.1766274666244333
ni_tfnbs,"e=1.5,h=0.5,n=30,start_thres=1.25",hub,0.25,30,23,40,1730,12,4,28,1726,0.3,0.0023121387283236,0.75,0.25,0.1766274666244333
ni_tfnbs,"e=1.5,h=1.0,n=30,start_thres=1.25",hub,0.25,30,23,40,1730,13,4,27,1726,0.325,0.0023121387283236,0.7647058823529411,0.2352941176470588,0.1766274666244333
ni_tfnbs,"e=1.5,h=2.0,n=30,start_thres=1.25",hub,0.25,30,23,40,1730,13,4,27,1726,0.325,0.0023121387283236,0.7647058823529411,0.2352941176470588,0.1766274666244333
ni_tfnbs,"e=1.5,h=3.0,n=30,start_thres=1.25",hub,0.25,30,23,40,1730,13,4,27,1726,0.325,0.0023121387283236,0.7647058823529411,0.2352941176470588,0.1766274666244333
ni_tfnbs,"e=1.5,h=4.0,n=30,start_thres=1.25",hub,0.25,30,23,40,1730,11,2,29,1728,0.275,0.0011560693641618,0.8461538461538461,0.1538461538461538,0.1766274666244333
ni_tfnbs,"e=1.5,h=5.0,n=30,start_thres=1.25",hub,0.25,30,23,40,1730,11,2,29,1728,0.275,0.0011560693641618,0.8461538461538461,0.1538461538461538,0.1766274666244333
ni_tfnbs,"e=1.5,h=6.0,n=30,start_thres=1.25",hub,0.25,30,23,40,1730,11,2,29,1728,0.275,0.0011560693641618,0.8461538461538461,0.1538461538461538,0.1766274666244333
ni_tfnbs,"e=1.5,h=7.0,n=30,start_thres=1.25",hub,0.25,30,23,40,1730,8,1,32,1729,0.2,0.0005780346820809,0.8888888888888888,0.1111111111111111,0.1766274666244333
ni_tfnbs,"e=1.5,h=8.0,n=30,start_thres=1.25",hub,0.25,30,23,40,1730,8,0,32,1730,0.2,0.0,1.0,0.0,0.1766274666244333
ni_tfnbs,"e=1.5,h=9.0,n=30,start_thres=1.25",hub,0.25,30,23,40,1730,7,0,33,1730,0.175,0.0,1.0,0.0,0.1766274666244333
ni_tfnbs,"e=1.5,h=10.0,n=30,start_thres=1.25",hub,0.25,30,23,40,1730,8,0,32,1730,0.2,0.0,1.0,0.0,0.1766274666244333
ni_tfnbs,"e=0.05,h=0.5,n=30,start_thres=1.25",hub,0.25,30,24,40,1730,2,0,38,1730,0.05,0.0,1.0,0.0,0.1761244156143882
ni_tfnbs,"e=0.05,h=1.0,n=30,start_thres=1.25",hub,0.25,30,24,40,1730,2,0,38,1730,0.05,0.0,1.0,0.0,0.1761244156143882
ni_tfnbs,"e=0.05,h=2.0,n=30,start_thres=1.25",hub,0.25,30,24,40,1730,2,0,38,1730,0.05,0.0,1.0,0.0,0.1761244156143882
ni_tfnbs,"e=0.05,h=3.0,n=30,start_thres=1.25",hub,0.25,30,24,40,1730,2,0,38,1730,0.05,0.0,1.0,0.0,0.1761244156143882
ni_tfnbs,"e=0.05,h=4.0,n=30,start_thres=1.25",hub,0.25,30,24,40,1730,2,0,38,1730,0.05,0.0,1.0,0.0,0.1761244156143882
ni_tfnbs,"e=0.05,h=5.0,n=30,start_thres=1.25",hub,0.25,30,24,40,1730,2,0,38,1730,0.05,0.0,1.0,0.0,0.1761244156143882
ni_tfnbs,"e=0.05,h=6.0,n=30,start_thres=1.25",hub,0.25,30,24,40,1730,2,0,38,1730,0.05,0.0,1.0,0.0,0.1761244156143882
ni_tfnbs,"e=0.05,h=7.0,n=30,start_thres=1.25",hub,0.25,30,24,40,1730,2,0,38,1730,0.05,0.0,1.0,0.0,0.1761244156143882
ni_tfnbs,"e=0.05,h=8.0,n=30,start_thres=1.25",hub,0.25,30,24,40,1730,2,0,38,1730,0.05,0.0,1.0,0.0,0.1761244156143882
ni_tfnbs,"e=0.05,h=9.0,n=30,start_thres=1.25",hub,0.25,30,24,40,1730,2,0,38,1730,0.05,0.0,1.0,0.0,0.1761244156143882
ni_tfnbs,"e=0.05,h=10.0,n=30,start_thres=1.25",hub,0.25,30,24,40,1730,2,0,38,1730,0.05,0.0,1.0,0.0,0.1761244156143882
ni_tfnbs,"e=0.1,h=0.5,n=30,start_thres=1.25",hub,0.25,30,24,40,1730,2,0,38,1730,0.05,0.0,1.0,0.0,0.1761244156143882
ni_tfnbs,"e=0.1,h=1.0,n=30,start_thres=1.25",hub,0.25,30,24,40,1730,2,0,38,1730,0.05,0.0,1.0,0.0,0.1761244156143882
ni_tfnbs,"e=0.1,h=2.0,n=30,start_thres=1.25",hub,0.25,30,24,40,1730,2,0,38,1730,0.05,0.0,1.0,0.0,0.1761244156143882
ni_tfnbs,"e=0.1,h=3.0,n=30,start_thres=1.25",hub,0.25,30,24,40,1730,2,0,38,1730,0.05,0.0,1.0,0.0,0.1761244156143882
ni_tfnbs,"e=0.1,h=4.0,n=30,start_thres=1.25",hub,0.25,30,24,40,1730,2,0,38,1730,0.05,0.0,1.0,0.0,0.1761244156143882
ni_tfnbs,"e=0.1,h=5.0,n=30,start_thres=1.25",hub,0.25,30,24,40,1730,2,0,38,1730,0.05,0.0,1.0,0.0,0.1761244156143882
ni_tfnbs,"e=0.1,h=6.0,n=30,start_thres=1.25",hub,0.25,30,24,40,1730,2,0,38,1730,0.05,0.0,1.0,0.0,0.1761244156143882
ni_tfnbs,"e=0.1,h=7.0,n=30,start_thres=1.25",hub,0.25,30,24,40,1730,2,0,38,1730,0.05,0.0,1.0,0.0,0.1761244156143882
ni_tfnbs,"e=0.1,h=8.0,n=30,start_thres=1.25",hub,0.25,30,24,40,1730,2,0,38,1730,0.05,0.0,1.0,0.0,0.1761244156143882
ni_tfnbs,"e=0.1,h=9.0,n=30,start_thres=1.25",hub,0.25,30,24,40,1730,2,0,38,1730,0.05,0.0,1.0,0.0,0.1761244156143882
ni_tfnbs,"e=0.1,h=10.0,n=30,start_thres=1.25",hub,0.25,30,24,40,1730,2,0,38,1730,0.05,0.0,1.0,0.0,0.1761244156143882
ni_tfnbs,"e=0.2,h=0.5,n=30,start_thres=1.25",hub,0.25,30,24,40,1730,2,0,38,1730,0.05,0.0,1.0,0.0,0.1761244156143882
ni_tfnbs,"e=0.2,h=1.0,n=30,start_thres=1.25",hub,0.25,30,24,40,1730,2,0,38,1730,0.05,0.0,1.0,0.0,0.1761244156143882
ni_tfnbs,"e=0.2,h=2.0,n=30,start_thres=1.25",hub,0.25,30,24,40,1730,2,0,38,1730,0.05,0.0,1.0,0.0,0.1761244156143882
ni_tfnbs,"e=0.2,h=3.0,n=30,start_thres=1.25",hub,0.25,30,24,40,1730,2,0,38,1730,0.05,0.0,1.0,0.0,0.1761244156143882
ni_tfnbs,"e=0.2,h=4.0,n=30,start_thres=1.25",hub,0.25,30,24,40,1730,2,0,38,1730,0.05,0.0,1.0,0.0,0.1761244156143882
ni_tfnbs,"e=0.2,h=5.0,n=30,start_thres=1.25",hub,0.25,30,24,40,1730,2,0,38,1730,0.05,0.0,1.0,0.0,0.1761244156143882
ni_tfnbs,"e=0.2,h=6.0,n=30,start_thres=1.25",hub,0.25,30,24,40,1730,2,0,38,1730,0.05,0.0,1.0,0.0,0.1761244156143882
ni_tfnbs,"e=0.2,h=7.0,n=30,start_thres=1.25",hub,0.25,30,24,40,1730,2,0,38,1730,0.05,0.0,1.0,0.0,0.1761244156143882
ni_tfnbs,"e=0.2,h=8.0,n=30,start_thres=1.25",hub,0.25,30,24,40,1730,2,0,38,1730,0.05,0.0,1.0,0.0,0.1761244156143882
ni_tfnbs,"e=0.2,h=9.0,n=30,start_thres=1.25",hub,0.25,30,24,40,1730,2,0,38,1730,0.05,0.0,1.0,0.0,0.1761244156143882
ni_tfnbs,"e=0.2,h=10.0,n=30,start_thres=1.25",hub,0.25,30,24,40,1730,2,0,38,1730,0.05,0.0,1.0,0.0,0.1761244156143882
ni_tfnbs,"e=0.3,h=0.5,n=30,start_thres=1.25",hub,0.25,30,24,40,1730,2,0,38,1730,0.05,0.0,1.0,0.0,0.1761244156143882
ni_tfnbs,"e=0.3,h=1.0,n=30,start_thres=1.25",hub,0.25,30,24,40,1730,2,0,38,1730,0.05,0.0,1.0,0.0,0.1761244156143882
ni_tfnbs,"e=0.3,h=2.0,n=30,start_thres=1.25",hub,0.25,30,24,40,1730,2,0,38,1730,0.05,0.0,1.0,0.0,0.1761244156143882
ni_tfnbs,"e=0.3,h=3.0,n=30,start_thres=1.25",hub,0.25,30,24,40,1730,2,0,38,1730,0.05,0.0,1.0,0.0,0.1761244156143882
ni_tfnbs,"e=0.3,h=4.0,n=30,start_thres=1.25",hub,0.25,30,24,40,1730,2,0,38,1730,0.05,0.0,1.0,0.0,0.1761244156143882
ni_tfnbs,"e=0.3,h=5.0,n=30,start_thres=1.25",hub,0.25,30,24,40,1730,2,0,38,1730,0.05,0.0,1.0,0.0,0.1761244156143882
ni_tfnbs,"e=0.3,h=6.0,n=30,start_thres=1.25",hub,0.25,30,24,40,1730,2,0,38,1730,0.05,0.0,1.0,0.0,0.1761244156143882
ni_tfnbs,"e=0.3,h=7.0,n=30,start_thres=1.25",hub,0.25,30,24,40,1730,2,0,38,1730,0.05,0.0,1.0,0.0,0.1761244156143882
ni_tfnbs,"e=0.3,h=8.0,n=30,start_thres=1.25",hub,0.25,30,24,40,1730,2,0,38,1730,0.05,0.0,1.0,0.0,0.1761244156143882
ni_tfnbs,"e=0.3,h=9.0,n=30,start_thres=1.25",hub,0.25,30,24,40,1730,2,0,38,1730,0.05,0.0,1.0,0.0,0.1761244156143882
ni_tfnbs,"e=0.3,h=10.0,n=30,start_thres=1.25",hub,0.25,30,24,40,1730,2,0,38,1730,0.05,0.0,1.0,0.0,0.1761244156143882
ni_tfnbs,"e=0.4,h=0.5,n=30,start_thres=1.25",hub,0.25,30,24,40,1730,3,0,37,1730,0.075,0.0,1.0,0.0,0.1761244156143882
ni_tfnbs,"e=0.4,h=1.0,n=30,start_thres=1.25",hub,0.25,30,24,40,1730,2,0,38,1730,0.05,0.0,1.0,0.0,0.1761244156143882
ni_tfnbs,"e=0.4,h=2.0,n=30,start_thres=1.25",hub,0.25,30,24,40,1730,2,0,38,1730,0.05,0.0,1.0,0.0,0.1761244156143882
ni_tfnbs,"e=0.4,h=3.0,n=30,start_thres=1.25",hub,0.25,30,24,40,1730,2,0,38,1730,0.05,0.0,1.0,0.0,0.1761244156143882
ni_tfnbs,"e=0.4,h=4.0,n=30,start_thres=1.25",hub,0.25,30,24,40,1730,2,0,38,1730,0.05,0.0,1.0,0.0,0.1761244156143882
ni_tfnbs,"e=0.4,h=5.0,n=30,start_thres=1.25",hub,0.25,30,24,40,1730,2,0,38,1730,0.05,0.0,1.0,0.0,0.1761244156143882
ni_tfnbs,"e=0.4,h=6.0,n=30,start_thres=1.25",hub,0.25,30,24,40,1730,2,0,38,1730,0.05,0.0,1.0,0.0,0.1761244156143882
ni_tfnbs,"e=0.4,h=7.0,n=30,start_thres=1.25",hub,0.25,30,24,40,1730,2,0,38,1730,0.05,0.0,1.0,0.0,0.1761244156143882
ni_tfnbs,"e=0.4,h=8.0,n=30,start_thres=1.25",hub,0.25,30,24,40,1730,2,0,38,1730,0.05,0.0,1.0,0.0,0.1761244156143882
ni_tfnbs,"e=0.4,h=9.0,n=30,start_thres=1.25",hub,0.25,30,24,40,1730,2,0,38,1730,0.05,0.0,1.0,0.0,0.1761244156143882
ni_tfnbs,"e=0.4,h=10.0,n=30,start_thres=1.25",hub,0.25,30,24,40,1730,2,0,38,1730,0.05,0.0,1.0,0.0,0.1761244156143882
ni_tfnbs,"e=0.5,h=0.5,n=30,start_thres=1.25",hub,0.25,30,24,40,1730,3,0,37,1730,0.075,0.0,1.0,0.0,0.1761244156143882
ni_tfnbs,"e=0.5,h=1.0,n=30,start_thres=1.25",hub,0.25,30,24,40,1730,3,0,37,1730,0.075,0.0,1.0,0.0,0.1761244156143882
ni_tfnbs,"e=0.5,h=2.0,n=30,start_thres=1.25",hub,0.25,30,24,40,1730,2,0,38,1730,0.05,0.0,1.0,0.0,0.1761244156143882
ni_tfnbs,"e=0.5,h=3.0,n=30,start_thres=1.25",hub,0.25,30,24,40,1730,2,0,38,1730,0.05,0.0,1.0,0.0,0.1761244156143882
ni_tfnbs,"e=0.5,h=4.0,n=30,start_thres=1.25",hub,0.25,30,24,40,1730,2,0,38,1730,0.05,0.0,1.0,0.0,0.1761244156143882
ni_tfnbs,"e=0.5,h=5.0,n=30,start_thres=1.25",hub,0.25,30,24,40,1730,2,0,38,1730,0.05,0.0,1.0,0.0,0.1761244156143882
ni_tfnbs,"e=0.5,h=6.0,n=30,start_thres=1.25",hub,0.25,30,24,40,1730,2,0,38,1730,0.05,0.0,1.0,0.0,0.1761244156143882
ni_tfnbs,"e=0.5,h=7.0,n=30,start_thres=1.25",hub,0.25,30,24,40,1730,2,0,38,1730,0.05,0.0,1.0,0.0,0.1761244156143882
ni_tfnbs,"e=0.5,h=8.0,n=30,start_thres=1.25",hub,0.25,30,24,40,1730,2,0,38,1730,0.05,0.0,1.0,0.0,0.1761244156143882
ni_tfnbs,"e=0.5,h=9.0,n=30,start_thres=1.25",hub,0.25,30,24,40,1730,2,0,38,1730,0.05,0.0,1.0,0.0,0.1761244156143882
ni_tfnbs,"e=0.5,h=10.0,n=30,start_thres=1.25",hub,0.25,30,24,40,1730,2,0,38,1730,0.05,0.0,1.0,0.0,0.1761244156143882
ni_tfnbs,"e=0.6,h=0.5,n=30,start_thres=1.25",hub,0.25,30,24,40,1730,3,0,37,1730,0.075,0.0,1.0,0.0,0.1761244156143882
ni_tfnbs,"e=0.6,h=1.0,n=30,start_thres=1.25",hub,0.25,30,24,40,1730,3,0,37,1730,0.075,0.0,1.0,0.0,0.1761244156143882
ni_tfnbs,"e=0.6,h=2.0,n=30,start_thres=1.25",hub,0.25,30,24,40,1730,3,0,37,1730,0.075,0.0,1.0,0.0,0.1761244156143882
ni_tfnbs,"e=0.6,h=3.0,n=30,start_thres=1.25",hub,0.25,30,24,40,1730,3,0,37,1730,0.075,0.0,1.0,0.0,0.1761244156143882
ni_tfnbs,"e=0.6,h=4.0,n=30,start_thres=1.25",hub,0.25,30,24,40,1730,2,0,38,1730,0.05,0.0,1.0,0.0,0.1761244156143882
ni_tfnbs,"e=0.6,h=5.0,n=30,start_thres=1.25",hub,0.25,30,24,40,1730,2,0,38,1730,0.05,0.0,1.0,0.0,0.1761244156143882
ni_tfnbs,"e=0.6,h=6.0,n=30,start_thres=1.25",hub,0.25,30,24,40,1730,2,0,38,1730,0.05,0.0,1.0,0.0,0.1761244156143882
ni_tfnbs,"e=0.6,h=7.0,n=30,start_thres=1.25",hub,0.25,30,24,40,1730,2,0,38,1730,0.05,0.0,1.0,0.0,0.1761244156143882
ni_tfnbs,"e=0.6,h=8.0,n=30,start_thres=1.25",hub,0.25,30,24,40,1730,2,0,38,1730,0.05,0.0,1.0,0.0,0.1761244156143882
ni_tfnbs,"e=0.6,h=9.0,n=30,start_thres=1.25",hub,0.25,30,24,40,1730,2,0,38,1730,0.05,0.0,1.0,0.0,0.1761244156143882
ni_tfnbs,"e=0.6,h=10.0,n=30,start_thres=1.25",hub,0.25,30,24,40,1730,2,0,38,1730,0.05,0.0,1.0,0.0,0.1761244156143882
ni_tfnbs,"e=0.7,h=0.5,n=30,start_thres=1.25",hub,0.25,30,24,40,1730,3,0,37,1730,0.075,0.0,1.0,0.0,0.1761244156143882
ni_tfnbs,"e=0.7,h=1.0,n=30,start_thres=1.25",hub,0.25,30,24,40,1730,3,0,37,1730,0.075,0.0,1.0,0.0,0.1761244156143882
ni_tfnbs,"e=0.7,h=2.0,n=30,start_thres=1.25",hub,0.25,30,24,40,1730,3,0,37,1730,0.075,0.0,1.0,0.0,0.1761244156143882
ni_tfnbs,"e=0.7,h=3.0,n=30,start_thres=1.25",hub,0.25,30,24,40,1730,3,0,37,1730,0.075,0.0,1.0,0.0,0.1761244156143882
ni_tfnbs,"e=0.7,h=4.0,n=30,start_thres=1.25",hub,0.25,30,24,40,1730,3,0,37,1730,0.075,0.0,1.0,0.0,0.1761244156143882
ni_tfnbs,"e=0.7,h=5.0,n=30,start_thres=1.25",hub,0.25,30,24,40,1730,2,0,38,1730,0.05,0.0,1.0,0.0,0.1761244156143882
ni_tfnbs,"e=0.7,h=6.0,n=30,start_thres=1.25",hub,0.25,30,24,40,1730,2,0,38,1730,0.05,0.0,1.0,0.0,0.1761244156143882
ni_tfnbs,"e=0.7,h=7.0,n=30,start_thres=1.25",hub,0.25,30,24,40,1730,2,0,38,1730,0.05,0.0,1.0,0.0,0.1761244156143882
ni_tfnbs,"e=0.7,h=8.0,n=30,start_thres=1.25",hub,0.25,30,24,40,1730,2,0,38,1730,0.05,0.0,1.0,0.0,0.1761244156143882
ni_tfnbs,"e=0.7,h=9.0,n=30,start_thres=1.25",hub,0.25,30,24,40,1730,2,0,38,1730,0.05,0.0,1.0,0.0,0.1761244156143882
ni_tfnbs,"e=0.7,h=10.0,n=30,start_thres=1.25",hub,0.25,30,24,40,1730,2,0,38,1730,0.05,0.0,1.0,0.0,0.1761244156143882
ni_tfnbs,"e=0.8,h=0.5,n=30,start_thres=1.25",hub,0.25,30,24,40,1730,4,0,36,1730,0.1,0.0,1.0,0.0,0.1761244156143882
ni_tfnbs,"e=0.8,h=1.0,n=30,start_thres=1.25",hub,0.25,30,24,40,1730,4,0,36,1730,0.1,0.0,1.0,0.0,0.1761244156143882
ni_tfnbs,"e=0.8,h=2.0,n=30,start_thres=1.25",hub,0.25,30,24,40,1730,4,0,36,1730,0.1,0.0,1.0,0.0,0.1761244156143882
ni_tfnbs,"e=0.8,h=3.0,n=30,start_thres=1.25",hub,0.25,30,24,40,1730,3,0,37,1730,0.075,0.0,1.0,0.0,0.1761244156143882
ni_tfnbs,"e=0.8,h=4.0,n=30,start_thres=1.25",hub,0.25,30,24,40,1730,3,0,37,1730,0.075,0.0,1.0,0.0,0.1761244156143882
ni_tfnbs,"e=0.8,h=5.0,n=30,start_thres=1.25",hub,0.25,30,24,40,1730,3,0,37,1730,0.075,0.0,1.0,0.0,0.1761244156143882
ni_tfnbs,"e=0.8,h=6.0,n=30,start_thres=1.25",hub,0.25,30,24,40,1730,2,0,38,1730,0.05,0.0,1.0,0.0,0.1761244156143882
ni_tfnbs,"e=0.8,h=7.0,n=30,start_thres=1.25",hub,0.25,30,24,40,1730,2,0,38,1730,0.05,0.0,1.0,0.0,0.1761244156143882
ni_tfnbs,"e=0.8,h=8.0,n=30,start_thres=1.25",hub,0.25,30,24,40,1730,2,0,38,1730,0.05,0.0,1.0,0.0,0.1761244156143882
ni_tfnbs,"e=0.8,h=9.0,n=30,start_thres=1.25",hub,0.25,30,24,40,1730,2,0,38,1730,0.05,0.0,1.0,0.0,0.1761244156143882
ni_tfnbs,"e=0.8,h=10.0,n=30,start_thres=1.25",hub,0.25,30,24,40,1730,2,0,38,1730,0.05,0.0,1.0,0.0,0.1761244156143882
ni_tfnbs,"e=0.9,h=0.5,n=30,start_thres=1.25",hub,0.25,30,24,40,1730,3,0,37,1730,0.075,0.0,1.0,0.0,0.1761244156143882
ni_tfnbs,"e=0.9,h=1.0,n=30,start_thres=1.25",hub,0.25,30,24,40,1730,4,0,36,1730,0.1,0.0,1.0,0.0,0.1761244156143882
ni_tfnbs,"e=0.9,h=2.0,n=30,start_thres=1.25",hub,0.25,30,24,40,1730,4,0,36,1730,0.1,0.0,1.0,0.0,0.1761244156143882
ni_tfnbs,"e=0.9,h=3.0,n=30,start_thres=1.25",hub,0.25,30,24,40,1730,4,0,36,1730,0.1,0.0,1.0,0.0,0.1761244156143882
ni_tfnbs,"e=0.9,h=4.0,n=30,start_thres=1.25",hub,0.25,30,24,40,1730,3,0,37,1730,0.075,0.0,1.0,0.0,0.1761244156143882
ni_tfnbs,"e=0.9,h=5.0,n=30,start_thres=1.25",hub,0.25,30,24,40,1730,3,0,37,1730,0.075,0.0,1.0,0.0,0.1761244156143882
ni_tfnbs,"e=0.9,h=6.0,n=30,start_thres=1.25",hub,0.25,30,24,40,1730,3,0,37,1730,0.075,0.0,1.0,0.0,0.1761244156143882
ni_tfnbs,"e=0.9,h=7.0,n=30,start_thres=1.25",hub,0.25,30,24,40,1730,2,0,38,1730,0.05,0.0,1.0,0.0,0.1761244156143882
ni_tfnbs,"e=0.9,h=8.0,n=30,start_thres=1.25",hub,0.25,30,24,40,1730,2,0,38,1730,0.05,0.0,1.0,0.0,0.1761244156143882
ni_tfnbs,"e=0.9,h=9.0,n=30,start_thres=1.25",hub,0.25,30,24,40,1730,2,0,38,1730,0.05,0.0,1.0,0.0,0.1761244156143882
ni_tfnbs,"e=0.9,h=10.0,n=30,start_thres=1.25",hub,0.25,30,24,40,1730,2,0,38,1730,0.05,0.0,1.0,0.0,0.1761244156143882
ni_tfnbs,"e=1.0,h=0.5,n=30,start_thres=1.25",hub,0.25,30,24,40,1730,3,0,37,1730,0.075,0.0,1.0,0.0,0.1761244156143882
ni_tfnbs,"e=1.0,h=1.0,n=30,start_thres=1.25",hub,0.25,30,24,40,1730,4,0,36,1730,0.1,0.0,1.0,0.0,0.1761244156143882
ni_tfnbs,"e=1.0,h=2.0,n=30,start_thres=1.25",hub,0.25,30,24,40,1730,4,0,36,1730,0.1,0.0,1.0,0.0,0.1761244156143882
ni_tfnbs,"e=1.0,h=3.0,n=30,start_thres=1.25",hub,0.25,30,24,40,1730,4,0,36,1730,0.1,0.0,1.0,0.0,0.1761244156143882
ni_tfnbs,"e=1.0,h=4.0,n=30,start_thres=1.25",hub,0.25,30,24,40,1730,4,0,36,1730,0.1,0.0,1.0,0.0,0.1761244156143882
ni_tfnbs,"e=1.0,h=5.0,n=30,start_thres=1.25",hub,0.25,30,24,40,1730,3,0,37,1730,0.075,0.0,1.0,0.0,0.1761244156143882
ni_tfnbs,"e=1.0,h=6.0,n=30,start_thres=1.25",hub,0.25,30,24,40,1730,3,0,37,1730,0.075,0.0,1.0,0.0,0.1761244156143882
ni_tfnbs,"e=1.0,h=7.0,n=30,start_thres=1.25",hub,0.25,30,24,40,1730,3,0,37,1730,0.075,0.0,1.0,0.0,0.1761244156143882
ni_tfnbs,"e=1.0,h=8.0,n=30,start_thres=1.25",hub,0.25,30,24,40,1730,2,0,38,1730,0.05,0.0,1.0,0.0,0.1761244156143882
ni_tfnbs,"e=1.0,h=9.0,n=30,start_thres=1.25",hub,0.25,30,24,40,1730,2,0,38,1730,0.05,0.0,1.0,0.0,0.1761244156143882
ni_tfnbs,"e=1.0,h=10.0,n=30,start_thres=1.25",hub,0.25,30,24,40,1730,2,0,38,1730,0.05,0.0,1.0,0.0,0.1761244156143882
ni_tfnbs,"e=1.1,h=0.5,n=30,start_thres=1.25",hub,0.25,30,24,40,1730,3,0,37,1730,0.075,0.0,1.0,0.0,0.1761244156143882
ni_tfnbs,"e=1.1,h=1.0,n=30,start_thres=1.25",hub,0.25,30,24,40,1730,4,0,36,1730,0.1,0.0,1.0,0.0,0.1761244156143882
ni_tfnbs,"e=1.1,h=2.0,n=30,start_thres=1.25",hub,0.25,30,24,40,1730,4,0,36,1730,0.1,0.0,1.0,0.0,0.1761244156143882
ni_tfnbs,"e=1.1,h=3.0,n=30,start_thres=1.25",hub,0.25,30,24,40,1730,4,0,36,1730,0.1,0.0,1.0,0.0,0.1761244156143882
ni_tfnbs,"e=1.1,h=4.0,n=30,start_thres=1.25",hub,0.25,30,24,40,1730,4,0,36,1730,0.1,0.0,1.0,0.0,0.1761244156143882
ni_tfnbs,"e=1.1,h=5.0,n=30,start_thres=1.25",hub,0.25,30,24,40,1730,3,0,37,1730,0.075,0.0,1.0,0.0,0.1761244156143882
ni_tfnbs,"e=1.1,h=6.0,n=30,start_thres=1.25",hub,0.25,30,24,40,1730,3,0,37,1730,0.075,0.0,1.0,0.0,0.1761244156143882
ni_tfnbs,"e=1.1,h=7.0,n=30,start_thres=1.25",hub,0.25,30,24,40,1730,3,0,37,1730,0.075,0.0,1.0,0.0,0.1761244156143882
ni_tfnbs,"e=1.1,h=8.0,n=30,start_thres=1.25",hub,0.25,30,24,40,1730,2,0,38,1730,0.05,0.0,1.0,0.0,0.1761244156143882
ni_tfnbs,"e=1.1,h=9.0,n=30,start_thres=1.25",hub,0.25,30,24,40,1730,2,0,38,1730,0.05,0.0,1.0,0.0,0.1761244156143882
ni_tfnbs,"e=1.1,h=10.0,n=30,start_thres=1.25",hub,0.25,30,24,40,1730,2,0,38,1730,0.05,0.0,1.0,0.0,0.1761244156143882
ni_tfnbs,"e=1.2,h=0.5,n=30,start_thres=1.25",hub,0.25,30,24,40,1730,3,0,37,1730,0.075,0.0,1.0,0.0,0.1761244156143882
ni_tfnbs,"e=1.2,h=1.0,n=30,start_thres=1.25",hub,0.25,30,24,40,1730,3,0,37,1730,0.075,0.0,1.0,0.0,0.1761244156143882
ni_tfnbs,"e=1.2,h=2.0,n=30,start_thres=1.25",hub,0.25,30,24,40,1730,4,0,36,1730,0.1,0.0,1.0,0.0,0.1761244156143882
ni_tfnbs,"e=1.2,h=3.0,n=30,start_thres=1.25",hub,0.25,30,24,40,1730,4,0,36,1730,0.1,0.0,1.0,0.0,0.1761244156143882
ni_tfnbs,"e=1.2,h=4.0,n=30,start_thres=1.25",hub,0.25,30,24,40,1730,4,0,36,1730,0.1,0.0,1.0,0.0,0.1761244156143882
ni_tfnbs,"e=1.2,h=5.0,n=30,start_thres=1.25",hub,0.25,30,24,40,1730,4,0,36,1730,0.1,0.0,1.0,0.0,0.1761244156143882
ni_tfnbs,"e=1.2,h=6.0,n=30,start_thres=1.25",hub,0.25,30,24,40,1730,3,0,37,1730,0.075,0.0,1.0,0.0,0.1761244156143882
ni_tfnbs,"e=1.2,h=7.0,n=30,start_thres=1.25",hub,0.25,30,24,40,1730,3,0,37,1730,0.075,0.0,1.0,0.0,0.1761244156143882
ni_tfnbs,"e=1.2,h=8.0,n=30,start_thres=1.25",hub,0.25,30,24,40,1730,3,0,37,1730,0.075,0.0,1.0,0.0,0.1761244156143882
ni_tfnbs,"e=1.2,h=9.0,n=30,start_thres=1.25",hub,0.25,30,24,40,1730,2,0,38,1730,0.05,0.0,1.0,0.0,0.1761244156143882
ni_tfnbs,"e=1.2,h=10.0,n=30,start_thres=1.25",hub,0.25,30,24,40,1730,2,0,38,1730,0.05,0.0,1.0,0.0,0.1761244156143882
ni_tfnbs,"e=1.3,h=0.5,n=30,start_thres=1.25",hub,0.25,30,24,40,1730,2,0,38,1730,0.05,0.0,1.0,0.0,0.1761244156143882
ni_tfnbs,"e=1.3,h=1.0,n=30,start_thres=1.25",hub,0.25,30,24,40,1730,3,0,37,1730,0.075,0.0,1.0,0.0,0.1761244156143882
ni_tfnbs,"e=1.3,h=2.0,n=30,start_thres=1.25",hub,0.25,30,24,40,1730,4,0,36,1730,0.1,0.0,1.0,0.0,0.1761244156143882
ni_tfnbs,"e=1.3,h=3.0,n=30,start_thres=1.25",hub,0.25,30,24,40,1730,4,0,36,1730,0.1,0.0,1.0,0.0,0.1761244156143882
ni_tfnbs,"e=1.3,h=4.0,n=30,start_thres=1.25",hub,0.25,30,24,40,1730,4,0,36,1730,0.1,0.0,1.0,0.0,0.1761244156143882
ni_tfnbs,"e=1.3,h=5.0,n=30,start_thres=1.25",hub,0.25,30,24,40,1730,4,0,36,1730,0.1,0.0,1.0,0.0,0.1761244156143882
ni_tfnbs,"e=1.3,h=6.0,n=30,start_thres=1.25",hub,0.25,30,24,40,1730,4,0,36,1730,0.1,0.0,1.0,0.0,0.1761244156143882
ni_tfnbs,"e=1.3,h=7.0,n=30,start_thres=1.25",hub,0.25,30,24,40,1730,3,0,37,1730,0.075,0.0,1.0,0.0,0.1761244156143882
ni_tfnbs,"e=1.3,h=8.0,n=30,start_thres=1.25",hub,0.25,30,24,40,1730,3,0,37,1730,0.075,0.0,1.0,0.0,0.1761244156143882
ni_tfnbs,"e=1.3,h=9.0,n=30,start_thres=1.25",hub,0.25,30,24,40,1730,3,0,37,1730,0.075,0.0,1.0,0.0,0.1761244156143882
ni_tfnbs,"e=1.3,h=10.0,n=30,start_thres=1.25",hub,0.25,30,24,40,1730,2,0,38,1730,0.05,0.0,1.0,0.0,0.1761244156143882
ni_tfnbs,"e=1.4,h=0.5,n=30,start_thres=1.25",hub,0.25,30,24,40,1730,0,0,40,1730,0.0,0.0,0.0,0.0,0.1761244156143882
ni_tfnbs,"e=1.4,h=1.0,n=30,start_thres=1.25",hub,0.25,30,24,40,1730,2,0,38,1730,0.05,0.0,1.0,0.0,0.1761244156143882
ni_tfnbs,"e=1.4,h=2.0,n=30,start_thres=1.25",hub,0.25,30,24,40,1730,4,0,36,1730,0.1,0.0,1.0,0.0,0.1761244156143882
ni_tfnbs,"e=1.4,h=3.0,n=30,start_thres=1.25",hub,0.25,30,24,40,1730,4,0,36,1730,0.1,0.0,1.0,0.0,0.1761244156143882
ni_tfnbs,"e=1.4,h=4.0,n=30,start_thres=1.25",hub,0.25,30,24,40,1730,4,0,36,1730,0.1,0.0,1.0,0.0,0.1761244156143882
ni_tfnbs,"e=1.4,h=5.0,n=30,start_thres=1.25",hub,0.25,30,24,40,1730,4,0,36,1730,0.1,0.0,1.0,0.0,0.1761244156143882
ni_tfnbs,"e=1.4,h=6.0,n=30,start_thres=1.25",hub,0.25,30,24,40,1730,4,0,36,1730,0.1,0.0,1.0,0.0,0.1761244156143882
ni_tfnbs,"e=1.4,h=7.0,n=30,start_thres=1.25",hub,0.25,30,24,40,1730,3,0,37,1730,0.075,0.0,1.0,0.0,0.1761244156143882
ni_tfnbs,"e=1.4,h=8.0,n=30,start_thres=1.25",hub,0.25,30,24,40,1730,3,0,37,1730,0.075,0.0,1.0,0.0,0.1761244156143882
ni_tfnbs,"e=1.4,h=9.0,n=30,start_thres=1.25",hub,0.25,30,24,40,1730,3,0,37,1730,0.075,0.0,1.0,0.0,0.1761244156143882
ni_tfnbs,"e=1.4,h=10.0,n=30,start_thres=1.25",hub,0.25,30,24,40,1730,3,0,37,1730,0.075,0.0,1.0,0.0,0.1761244156143882
ni_tfnbs,"e=1.5,h=0.5,n=30,start_thres=1.25",hub,0.25,30,24,40,1730,0,0,40,1730,0.0,0.0,0.0,0.0,0.1761244156143882
ni_tfnbs,"e=1.5,h=1.0,n=30,start_thres=1.25",hub,0.25,30,24,40,1730,1,0,39,1730,0.025,0.0,1.0,0.0,0.1761244156143882
ni_tfnbs,"e=1.5,h=2.0,n=30,start_thres=1.25",hub,0.25,30,24,40,1730,3,0,37,1730,0.075,0.0,1.0,0.0,0.1761244156143882
ni_tfnbs,"e=1.5,h=3.0,n=30,start_thres=1.25",hub,0.25,30,24,40,1730,4,0,36,1730,0.1,0.0,1.0,0.0,0.1761244156143882
ni_tfnbs,"e=1.5,h=4.0,n=30,start_thres=1.25",hub,0.25,30,24,40,1730,4,0,36,1730,0.1,0.0,1.0,0.0,0.1761244156143882
ni_tfnbs,"e=1.5,h=5.0,n=30,start_thres=1.25",hub,0.25,30,24,40,1730,4,0,36,1730,0.1,0.0,1.0,0.0,0.1761244156143882
ni_tfnbs,"e=1.5,h=6.0,n=30,start_thres=1.25",hub,0.25,30,24,40,1730,4,0,36,1730,0.1,0.0,1.0,0.0,0.1761244156143882
ni_tfnbs,"e=1.5,h=7.0,n=30,start_thres=1.25",hub,0.25,30,24,40,1730,4,0,36,1730,0.1,0.0,1.0,0.0,0.1761244156143882
ni_tfnbs,"e=1.5,h=8.0,n=30,start_thres=1.25",hub,0.25,30,24,40,1730,3,0,37,1730,0.075,0.0,1.0,0.0,0.1761244156143882
ni_tfnbs,"e=1.5,h=9.0,n=30,start_thres=1.25",hub,0.25,30,24,40,1730,3,0,37,1730,0.075,0.0,1.0,0.0,0.1761244156143882
ni_tfnbs,"e=1.5,h=10.0,n=30,start_thres=1.25",hub,0.25,30,24,40,1730,3,0,37,1730,0.075,0.0,1.0,0.0,0.1761244156143882
ni_tfnbs,"e=0.05,h=0.5,n=30,start_thres=1.25",hub,0.25,30,25,40,1730,1,0,39,1730,0.025,0.0,1.0,0.0,0.1766731644218618
ni_tfnbs,"e=0.05,h=1.0,n=30,start_thres=1.25",hub,0.25,30,25,40,1730,1,0,39,1730,0.025,0.0,1.0,0.0,0.1766731644218618
ni_tfnbs,"e=0.05,h=2.0,n=30,start_thres=1.25",hub,0.25,30,25,40,1730,1,0,39,1730,0.025,0.0,1.0,0.0,0.1766731644218618
ni_tfnbs,"e=0.05,h=3.0,n=30,start_thres=1.25",hub,0.25,30,25,40,1730,1,0,39,1730,0.025,0.0,1.0,0.0,0.1766731644218618
ni_tfnbs,"e=0.05,h=4.0,n=30,start_thres=1.25",hub,0.25,30,25,40,1730,1,0,39,1730,0.025,0.0,1.0,0.0,0.1766731644218618
ni_tfnbs,"e=0.05,h=5.0,n=30,start_thres=1.25",hub,0.25,30,25,40,1730,1,0,39,1730,0.025,0.0,1.0,0.0,0.1766731644218618
ni_tfnbs,"e=0.05,h=6.0,n=30,start_thres=1.25",hub,0.25,30,25,40,1730,1,0,39,1730,0.025,0.0,1.0,0.0,0.1766731644218618
ni_tfnbs,"e=0.05,h=7.0,n=30,start_thres=1.25",hub,0.25,30,25,40,1730,1,0,39,1730,0.025,0.0,1.0,0.0,0.1766731644218618
ni_tfnbs,"e=0.05,h=8.0,n=30,start_thres=1.25",hub,0.25,30,25,40,1730,1,0,39,1730,0.025,0.0,1.0,0.0,0.1766731644218618
ni_tfnbs,"e=0.05,h=9.0,n=30,start_thres=1.25",hub,0.25,30,25,40,1730,1,0,39,1730,0.025,0.0,1.0,0.0,0.1766731644218618
ni_tfnbs,"e=0.05,h=10.0,n=30,start_thres=1.25",hub,0.25,30,25,40,1730,1,0,39,1730,0.025,0.0,1.0,0.0,0.1766731644218618
ni_tfnbs,"e=0.1,h=0.5,n=30,start_thres=1.25",hub,0.25,30,25,40,1730,1,0,39,1730,0.025,0.0,1.0,0.0,0.1766731644218618
ni_tfnbs,"e=0.1,h=1.0,n=30,start_thres=1.25",hub,0.25,30,25,40,1730,1,0,39,1730,0.025,0.0,1.0,0.0,0.1766731644218618
ni_tfnbs,"e=0.1,h=2.0,n=30,start_thres=1.25",hub,0.25,30,25,40,1730,1,0,39,1730,0.025,0.0,1.0,0.0,0.1766731644218618
ni_tfnbs,"e=0.1,h=3.0,n=30,start_thres=1.25",hub,0.25,30,25,40,1730,1,0,39,1730,0.025,0.0,1.0,0.0,0.1766731644218618
ni_tfnbs,"e=0.1,h=4.0,n=30,start_thres=1.25",hub,0.25,30,25,40,1730,1,0,39,1730,0.025,0.0,1.0,0.0,0.1766731644218618
ni_tfnbs,"e=0.1,h=5.0,n=30,start_thres=1.25",hub,0.25,30,25,40,1730,1,0,39,1730,0.025,0.0,1.0,0.0,0.1766731644218618
ni_tfnbs,"e=0.1,h=6.0,n=30,start_thres=1.25",hub,0.25,30,25,40,1730,1,0,39,1730,0.025,0.0,1.0,0.0,0.1766731644218618
ni_tfnbs,"e=0.1,h=7.0,n=30,start_thres=1.25",hub,0.25,30,25,40,1730,1,0,39,1730,0.025,0.0,1.0,0.0,0.1766731644218618
ni_tfnbs,"e=0.1,h=8.0,n=30,start_thres=1.25",hub,0.25,30,25,40,1730,1,0,39,1730,0.025,0.0,1.0,0.0,0.1766731644218618
ni_tfnbs,"e=0.1,h=9.0,n=30,start_thres=1.25",hub,0.25,30,25,40,1730,1,0,39,1730,0.025,0.0,1.0,0.0,0.1766731644218618
ni_tfnbs,"e=0.1,h=10.0,n=30,start_thres=1.25",hub,0.25,30,25,40,1730,1,0,39,1730,0.025,0.0,1.0,0.0,0.1766731644218618
ni_tfnbs,"e=0.2,h=0.5,n=30,start_thres=1.25",hub,0.25,30,25,40,1730,1,0,39,1730,0.025,0.0,1.0,0.0,0.1766731644218618
ni_tfnbs,"e=0.2,h=1.0,n=30,start_thres=1.25",hub,0.25,30,25,40,1730,1,0,39,1730,0.025,0.0,1.0,0.0,0.1766731644218618
ni_tfnbs,"e=0.2,h=2.0,n=30,start_thres=1.25",hub,0.25,30,25,40,1730,1,0,39,1730,0.025,0.0,1.0,0.0,0.1766731644218618
ni_tfnbs,"e=0.2,h=3.0,n=30,start_thres=1.25",hub,0.25,30,25,40,1730,1,0,39,1730,0.025,0.0,1.0,0.0,0.1766731644218618
ni_tfnbs,"e=0.2,h=4.0,n=30,start_thres=1.25",hub,0.25,30,25,40,1730,1,0,39,1730,0.025,0.0,1.0,0.0,0.1766731644218618
ni_tfnbs,"e=0.2,h=5.0,n=30,start_thres=1.25",hub,0.25,30,25,40,1730,1,0,39,1730,0.025,0.0,1.0,0.0,0.1766731644218618
ni_tfnbs,"e=0.2,h=6.0,n=30,start_thres=1.25",hub,0.25,30,25,40,1730,1,0,39,1730,0.025,0.0,1.0,0.0,0.1766731644218618
ni_tfnbs,"e=0.2,h=7.0,n=30,start_thres=1.25",hub,0.25,30,25,40,1730,1,0,39,1730,0.025,0.0,1.0,0.0,0.1766731644218618
ni_tfnbs,"e=0.2,h=8.0,n=30,start_thres=1.25",hub,0.25,30,25,40,1730,1,0,39,1730,0.025,0.0,1.0,0.0,0.1766731644218618
ni_tfnbs,"e=0.2,h=9.0,n=30,start_thres=1.25",hub,0.25,30,25,40,1730,1,0,39,1730,0.025,0.0,1.0,0.0,0.1766731644218618
ni_tfnbs,"e=0.2,h=10.0,n=30,start_thres=1.25",hub,0.25,30,25,40,1730,1,0,39,1730,0.025,0.0,1.0,0.0,0.1766731644218618
ni_tfnbs,"e=0.3,h=0.5,n=30,start_thres=1.25",hub,0.25,30,25,40,1730,2,1,38,1729,0.05,0.0005780346820809,0.6666666666666666,0.3333333333333333,0.1766731644218618
ni_tfnbs,"e=0.3,h=1.0,n=30,start_thres=1.25",hub,0.25,30,25,40,1730,2,1,38,1729,0.05,0.0005780346820809,0.6666666666666666,0.3333333333333333,0.1766731644218618
ni_tfnbs,"e=0.3,h=2.0,n=30,start_thres=1.25",hub,0.25,30,25,40,1730,1,0,39,1730,0.025,0.0,1.0,0.0,0.1766731644218618
ni_tfnbs,"e=0.3,h=3.0,n=30,start_thres=1.25",hub,0.25,30,25,40,1730,1,0,39,1730,0.025,0.0,1.0,0.0,0.1766731644218618
ni_tfnbs,"e=0.3,h=4.0,n=30,start_thres=1.25",hub,0.25,30,25,40,1730,1,0,39,1730,0.025,0.0,1.0,0.0,0.1766731644218618
ni_tfnbs,"e=0.3,h=5.0,n=30,start_thres=1.25",hub,0.25,30,25,40,1730,1,0,39,1730,0.025,0.0,1.0,0.0,0.1766731644218618
ni_tfnbs,"e=0.3,h=6.0,n=30,start_thres=1.25",hub,0.25,30,25,40,1730,1,0,39,1730,0.025,0.0,1.0,0.0,0.1766731644218618
ni_tfnbs,"e=0.3,h=7.0,n=30,start_thres=1.25",hub,0.25,30,25,40,1730,1,0,39,1730,0.025,0.0,1.0,0.0,0.1766731644218618
ni_tfnbs,"e=0.3,h=8.0,n=30,start_thres=1.25",hub,0.25,30,25,40,1730,1,0,39,1730,0.025,0.0,1.0,0.0,0.1766731644218618
ni_tfnbs,"e=0.3,h=9.0,n=30,start_thres=1.25",hub,0.25,30,25,40,1730,1,0,39,1730,0.025,0.0,1.0,0.0,0.1766731644218618
ni_tfnbs,"e=0.3,h=10.0,n=30,start_thres=1.25",hub,0.25,30,25,40,1730,1,0,39,1730,0.025,0.0,1.0,0.0,0.1766731644218618
ni_tfnbs,"e=0.4,h=0.5,n=30,start_thres=1.25",hub,0.25,30,25,40,1730,3,1,37,1729,0.075,0.0005780346820809,0.75,0.25,0.1766731644218618
ni_tfnbs,"e=0.4,h=1.0,n=30,start_thres=1.25",hub,0.25,30,25,40,1730,3,1,37,1729,0.075,0.0005780346820809,0.75,0.25,0.1766731644218618
ni_tfnbs,"e=0.4,h=2.0,n=30,start_thres=1.25",hub,0.25,30,25,40,1730,2,1,38,1729,0.05,0.0005780346820809,0.6666666666666666,0.3333333333333333,0.1766731644218618
ni_tfnbs,"e=0.4,h=3.0,n=30,start_thres=1.25",hub,0.25,30,25,40,1730,2,1,38,1729,0.05,0.0005780346820809,0.6666666666666666,0.3333333333333333,0.1766731644218618
ni_tfnbs,"e=0.4,h=4.0,n=30,start_thres=1.25",hub,0.25,30,25,40,1730,1,0,39,1730,0.025,0.0,1.0,0.0,0.1766731644218618
ni_tfnbs,"e=0.4,h=5.0,n=30,start_thres=1.25",hub,0.25,30,25,40,1730,1,0,39,1730,0.025,0.0,1.0,0.0,0.1766731644218618
ni_tfnbs,"e=0.4,h=6.0,n=30,start_thres=1.25",hub,0.25,30,25,40,1730,1,0,39,1730,0.025,0.0,1.0,0.0,0.1766731644218618
ni_tfnbs,"e=0.4,h=7.0,n=30,start_thres=1.25",hub,0.25,30,25,40,1730,1,0,39,1730,0.025,0.0,1.0,0.0,0.1766731644218618
ni_tfnbs,"e=0.4,h=8.0,n=30,start_thres=1.25",hub,0.25,30,25,40,1730,1,0,39,1730,0.025,0.0,1.0,0.0,0.1766731644218618
ni_tfnbs,"e=0.4,h=9.0,n=30,start_thres=1.25",hub,0.25,30,25,40,1730,1,0,39,1730,0.025,0.0,1.0,0.0,0.1766731644218618
ni_tfnbs,"e=0.4,h=10.0,n=30,start_thres=1.25",hub,0.25,30,25,40,1730,1,0,39,1730,0.025,0.0,1.0,0.0,0.1766731644218618
ni_tfnbs,"e=0.5,h=0.5,n=30,start_thres=1.25",hub,0.25,30,25,40,1730,4,1,36,1729,0.1,0.0005780346820809,0.8,0.2,0.1766731644218618
ni_tfnbs,"e=0.5,h=1.0,n=30,start_thres=1.25",hub,0.25,30,25,40,1730,4,1,36,1729,0.1,0.0005780346820809,0.8,0.2,0.1766731644218618
ni_tfnbs,"e=0.5,h=2.0,n=30,start_thres=1.25",hub,0.25,30,25,40,1730,3,1,37,1729,0.075,0.0005780346820809,0.75,0.25,0.1766731644218618
ni_tfnbs,"e=0.5,h=3.0,n=30,start_thres=1.25",hub,0.25,30,25,40,1730,2,1,38,1729,0.05,0.0005780346820809,0.6666666666666666,0.3333333333333333,0.1766731644218618
ni_tfnbs,"e=0.5,h=4.0,n=30,start_thres=1.25",hub,0.25,30,25,40,1730,2,1,38,1729,0.05,0.0005780346820809,0.6666666666666666,0.3333333333333333,0.1766731644218618
ni_tfnbs,"e=0.5,h=5.0,n=30,start_thres=1.25",hub,0.25,30,25,40,1730,1,0,39,1730,0.025,0.0,1.0,0.0,0.1766731644218618
ni_tfnbs,"e=0.5,h=6.0,n=30,start_thres=1.25",hub,0.25,30,25,40,1730,1,0,39,1730,0.025,0.0,1.0,0.0,0.1766731644218618
ni_tfnbs,"e=0.5,h=7.0,n=30,start_thres=1.25",hub,0.25,30,25,40,1730,1,0,39,1730,0.025,0.0,1.0,0.0,0.1766731644218618
ni_tfnbs,"e=0.5,h=8.0,n=30,start_thres=1.25",hub,0.25,30,25,40,1730,1,0,39,1730,0.025,0.0,1.0,0.0,0.1766731644218618
ni_tfnbs,"e=0.5,h=9.0,n=30,start_thres=1.25",hub,0.25,30,25,40,1730,1,0,39,1730,0.025,0.0,1.0,0.0,0.1766731644218618
ni_tfnbs,"e=0.5,h=10.0,n=30,start_thres=1.25",hub,0.25,30,25,40,1730,1,0,39,1730,0.025,0.0,1.0,0.0,0.1766731644218618
ni_tfnbs,"e=0.6,h=0.5,n=30,start_thres=1.25",hub,0.25,30,25,40,1730,4,2,36,1728,0.1,0.0011560693641618,0.6666666666666666,0.3333333333333333,0.1766731644218618
ni_tfnbs,"e=0.6,h=1.0,n=30,start_thres=1.25",hub,0.25,30,25,40,1730,4,1,36,1729,0.1,0.0005780346820809,0.8,0.2,0.1766731644218618
ni_tfnbs,"e=0.6,h=2.0,n=30,start_thres=1.25",hub,0.25,30,25,40,1730,4,1,36,1729,0.1,0.0005780346820809,0.8,0.2,0.1766731644218618
ni_tfnbs,"e=0.6,h=3.0,n=30,start_thres=1.25",hub,0.25,30,25,40,1730,3,1,37,1729,0.075,0.0005780346820809,0.75,0.25,0.1766731644218618
ni_tfnbs,"e=0.6,h=4.0,n=30,start_thres=1.25",hub,0.25,30,25,40,1730,2,1,38,1729,0.05,0.0005780346820809,0.6666666666666666,0.3333333333333333,0.1766731644218618
ni_tfnbs,"e=0.6,h=5.0,n=30,start_thres=1.25",hub,0.25,30,25,40,1730,2,1,38,1729,0.05,0.0005780346820809,0.6666666666666666,0.3333333333333333,0.1766731644218618
ni_tfnbs,"e=0.6,h=6.0,n=30,start_thres=1.25",hub,0.25,30,25,40,1730,1,0,39,1730,0.025,0.0,1.0,0.0,0.1766731644218618
ni_tfnbs,"e=0.6,h=7.0,n=30,start_thres=1.25",hub,0.25,30,25,40,1730,1,0,39,1730,0.025,0.0,1.0,0.0,0.1766731644218618
ni_tfnbs,"e=0.6,h=8.0,n=30,start_thres=1.25",hub,0.25,30,25,40,1730,1,0,39,1730,0.025,0.0,1.0,0.0,0.1766731644218618
ni_tfnbs,"e=0.6,h=9.0,n=30,start_thres=1.25",hub,0.25,30,25,40,1730,1,0,39,1730,0.025,0.0,1.0,0.0,0.1766731644218618
ni_tfnbs,"e=0.6,h=10.0,n=30,start_thres=1.25",hub,0.25,30,25,40,1730,1,0,39,1730,0.025,0.0,1.0,0.0,0.1766731644218618
ni_tfnbs,"e=0.7,h=0.5,n=30,start_thres=1.25",hub,0.25,30,25,40,1730,6,2,34,1728,0.15,0.0011560693641618,0.75,0.25,0.1766731644218618
ni_tfnbs,"e=0.7,h=1.0,n=30,start_thres=1.25",hub,0.25,30,25,40,1730,6,2,34,1728,0.15,0.0011560693641618,0.75,0.25,0.1766731644218618
ni_tfnbs,"e=0.7,h=2.0,n=30,start_thres=1.25",hub,0.25,30,25,40,1730,4,1,36,1729,0.1,0.0005780346820809,0.8,0.2,0.1766731644218618
ni_tfnbs,"e=0.7,h=3.0,n=30,start_thres=1.25",hub,0.25,30,25,40,1730,4,1,36,1729,0.1,0.0005780346820809,0.8,0.2,0.1766731644218618
ni_tfnbs,"e=0.7,h=4.0,n=30,start_thres=1.25",hub,0.25,30,25,40,1730,3,1,37,1729,0.075,0.0005780346820809,0.75,0.25,0.1766731644218618
ni_tfnbs,"e=0.7,h=5.0,n=30,start_thres=1.25",hub,0.25,30,25,40,1730,2,1,38,1729,0.05,0.0005780346820809,0.6666666666666666,0.3333333333333333,0.1766731644218618
ni_tfnbs,"e=0.7,h=6.0,n=30,start_thres=1.25",hub,0.25,30,25,40,1730,2,1,38,1729,0.05,0.0005780346820809,0.6666666666666666,0.3333333333333333,0.1766731644218618
ni_tfnbs,"e=0.7,h=7.0,n=30,start_thres=1.25",hub,0.25,30,25,40,1730,1,0,39,1730,0.025,0.0,1.0,0.0,0.1766731644218618
ni_tfnbs,"e=0.7,h=8.0,n=30,start_thres=1.25",hub,0.25,30,25,40,1730,1,0,39,1730,0.025,0.0,1.0,0.0,0.1766731644218618
ni_tfnbs,"e=0.7,h=9.0,n=30,start_thres=1.25",hub,0.25,30,25,40,1730,1,0,39,1730,0.025,0.0,1.0,0.0,0.1766731644218618
ni_tfnbs,"e=0.7,h=10.0,n=30,start_thres=1.25",hub,0.25,30,25,40,1730,1,0,39,1730,0.025,0.0,1.0,0.0,0.1766731644218618
ni_tfnbs,"e=0.8,h=0.5,n=30,start_thres=1.25",hub,0.25,30,25,40,1730,6,2,34,1728,0.15,0.0011560693641618,0.75,0.25,0.1766731644218618
ni_tfnbs,"e=0.8,h=1.0,n=30,start_thres=1.25",hub,0.25,30,25,40,1730,6,2,34,1728,0.15,0.0011560693641618,0.75,0.25,0.1766731644218618
ni_tfnbs,"e=0.8,h=2.0,n=30,start_thres=1.25",hub,0.25,30,25,40,1730,6,2,34,1728,0.15,0.0011560693641618,0.75,0.25,0.1766731644218618
ni_tfnbs,"e=0.8,h=3.0,n=30,start_thres=1.25",hub,0.25,30,25,40,1730,4,1,36,1729,0.1,0.0005780346820809,0.8,0.2,0.1766731644218618
ni_tfnbs,"e=0.8,h=4.0,n=30,start_thres=1.25",hub,0.25,30,25,40,1730,4,1,36,1729,0.1,0.0005780346820809,0.8,0.2,0.1766731644218618
ni_tfnbs,"e=0.8,h=5.0,n=30,start_thres=1.25",hub,0.25,30,25,40,1730,3,1,37,1729,0.075,0.0005780346820809,0.75,0.25,0.1766731644218618
ni_tfnbs,"e=0.8,h=6.0,n=30,start_thres=1.25",hub,0.25,30,25,40,1730,2,1,38,1729,0.05,0.0005780346820809,0.6666666666666666,0.3333333333333333,0.1766731644218618
ni_tfnbs,"e=0.8,h=7.0,n=30,start_thres=1.25",hub,0.25,30,25,40,1730,2,1,38,1729,0.05,0.0005780346820809,0.6666666666666666,0.3333333333333333,0.1766731644218618
ni_tfnbs,"e=0.8,h=8.0,n=30,start_thres=1.25",hub,0.25,30,25,40,1730,1,0,39,1730,0.025,0.0,1.0,0.0,0.1766731644218618
ni_tfnbs,"e=0.8,h=9.0,n=30,start_thres=1.25",hub,0.25,30,25,40,1730,1,0,39,1730,0.025,0.0,1.0,0.0,0.1766731644218618
ni_tfnbs,"e=0.8,h=10.0,n=30,start_thres=1.25",hub,0.25,30,25,40,1730,1,0,39,1730,0.025,0.0,1.0,0.0,0.1766731644218618
ni_tfnbs,"e=0.9,h=0.5,n=30,start_thres=1.25",hub,0.25,30,25,40,1730,6,2,34,1728,0.15,0.0011560693641618,0.75,0.25,0.1766731644218618
ni_tfnbs,"e=0.9,h=1.0,n=30,start_thres=1.25",hub,0.25,30,25,40,1730,7,2,33,1728,0.175,0.0011560693641618,0.7777777777777778,0.2222222222222222,0.1766731644218618
ni_tfnbs,"e=0.9,h=2.0,n=30,start_thres=1.25",hub,0.25,30,25,40,1730,7,2,33,1728,0.175,0.0011560693641618,0.7777777777777778,0.2222222222222222,0.1766731644218618
ni_tfnbs,"e=0.9,h=3.0,n=30,start_thres=1.25",hub,0.25,30,25,40,1730,6,2,34,1728,0.15,0.0011560693641618,0.75,0.25,0.1766731644218618
ni_tfnbs,"e=0.9,h=4.0,n=30,start_thres=1.25",hub,0.25,30,25,40,1730,4,1,36,1729,0.1,0.0005780346820809,0.8,0.2,0.1766731644218618
ni_tfnbs,"e=0.9,h=5.0,n=30,start_thres=1.25",hub,0.25,30,25,40,1730,3,1,37,1729,0.075,0.0005780346820809,0.75,0.25,0.1766731644218618
ni_tfnbs,"e=0.9,h=6.0,n=30,start_thres=1.25",hub,0.25,30,25,40,1730,3,1,37,1729,0.075,0.0005780346820809,0.75,0.25,0.1766731644218618
ni_tfnbs,"e=0.9,h=7.0,n=30,start_thres=1.25",hub,0.25,30,25,40,1730,2,1,38,1729,0.05,0.0005780346820809,0.6666666666666666,0.3333333333333333,0.1766731644218618
ni_tfnbs,"e=0.9,h=8.0,n=30,start_thres=1.25",hub,0.25,30,25,40,1730,2,1,38,1729,0.05,0.0005780346820809,0.6666666666666666,0.3333333333333333,0.1766731644218618
ni_tfnbs,"e=0.9,h=9.0,n=30,start_thres=1.25",hub,0.25,30,25,40,1730,1,0,39,1730,0.025,0.0,1.0,0.0,0.1766731644218618
ni_tfnbs,"e=0.9,h=10.0,n=30,start_thres=1.25",hub,0.25,30,25,40,1730,1,0,39,1730,0.025,0.0,1.0,0.0,0.1766731644218618
ni_tfnbs,"e=1.0,h=0.5,n=30,start_thres=1.25",hub,0.25,30,25,40,1730,6,2,34,1728,0.15,0.0011560693641618,0.75,0.25,0.1766731644218618
ni_tfnbs,"e=1.0,h=1.0,n=30,start_thres=1.25",hub,0.25,30,25,40,1730,7,2,33,1728,0.175,0.0011560693641618,0.7777777777777778,0.2222222222222222,0.1766731644218618
ni_tfnbs,"e=1.0,h=2.0,n=30,start_thres=1.25",hub,0.25,30,25,40,1730,7,2,33,1728,0.175,0.0011560693641618,0.7777777777777778,0.2222222222222222,0.1766731644218618
ni_tfnbs,"e=1.0,h=3.0,n=30,start_thres=1.25",hub,0.25,30,25,40,1730,7,2,33,1728,0.175,0.0011560693641618,0.7777777777777778,0.2222222222222222,0.1766731644218618
ni_tfnbs,"e=1.0,h=4.0,n=30,start_thres=1.25",hub,0.25,30,25,40,1730,6,2,34,1728,0.15,0.0011560693641618,0.75,0.25,0.1766731644218618
ni_tfnbs,"e=1.0,h=5.0,n=30,start_thres=1.25",hub,0.25,30,25,40,1730,4,1,36,1729,0.1,0.0005780346820809,0.8,0.2,0.1766731644218618
ni_tfnbs,"e=1.0,h=6.0,n=30,start_thres=1.25",hub,0.25,30,25,40,1730,3,1,37,1729,0.075,0.0005780346820809,0.75,0.25,0.1766731644218618
ni_tfnbs,"e=1.0,h=7.0,n=30,start_thres=1.25",hub,0.25,30,25,40,1730,3,1,37,1729,0.075,0.0005780346820809,0.75,0.25,0.1766731644218618
ni_tfnbs,"e=1.0,h=8.0,n=30,start_thres=1.25",hub,0.25,30,25,40,1730,2,1,38,1729,0.05,0.0005780346820809,0.6666666666666666,0.3333333333333333,0.1766731644218618
ni_tfnbs,"e=1.0,h=9.0,n=30,start_thres=1.25",hub,0.25,30,25,40,1730,2,1,38,1729,0.05,0.0005780346820809,0.6666666666666666,0.3333333333333333,0.1766731644218618
ni_tfnbs,"e=1.0,h=10.0,n=30,start_thres=1.25",hub,0.25,30,25,40,1730,1,0,39,1730,0.025,0.0,1.0,0.0,0.1766731644218618
ni_tfnbs,"e=1.1,h=0.5,n=30,start_thres=1.25",hub,0.25,30,25,40,1730,4,2,36,1728,0.1,0.0011560693641618,0.6666666666666666,0.3333333333333333,0.1766731644218618
ni_tfnbs,"e=1.1,h=1.0,n=30,start_thres=1.25",hub,0.25,30,25,40,1730,6,2,34,1728,0.15,0.0011560693641618,0.75,0.25,0.1766731644218618
ni_tfnbs,"e=1.1,h=2.0,n=30,start_thres=1.25",hub,0.25,30,25,40,1730,7,2,33,1728,0.175,0.0011560693641618,0.7777777777777778,0.2222222222222222,0.1766731644218618
ni_tfnbs,"e=1.1,h=3.0,n=30,start_thres=1.25",hub,0.25,30,25,40,1730,7,2,33,1728,0.175,0.0011560693641618,0.7777777777777778,0.2222222222222222,0.1766731644218618
ni_tfnbs,"e=1.1,h=4.0,n=30,start_thres=1.25",hub,0.25,30,25,40,1730,7,2,33,1728,0.175,0.0011560693641618,0.7777777777777778,0.2222222222222222,0.1766731644218618
ni_tfnbs,"e=1.1,h=5.0,n=30,start_thres=1.25",hub,0.25,30,25,40,1730,6,1,34,1729,0.15,0.0005780346820809,0.8571428571428571,0.1428571428571428,0.1766731644218618
ni_tfnbs,"e=1.1,h=6.0,n=30,start_thres=1.25",hub,0.25,30,25,40,1730,4,1,36,1729,0.1,0.0005780346820809,0.8,0.2,0.1766731644218618
ni_tfnbs,"e=1.1,h=7.0,n=30,start_thres=1.25",hub,0.25,30,25,40,1730,3,1,37,1729,0.075,0.0005780346820809,0.75,0.25,0.1766731644218618
ni_tfnbs,"e=1.1,h=8.0,n=30,start_thres=1.25",hub,0.25,30,25,40,1730,3,1,37,1729,0.075,0.0005780346820809,0.75,0.25,0.1766731644218618
ni_tfnbs,"e=1.1,h=9.0,n=30,start_thres=1.25",hub,0.25,30,25,40,1730,2,1,38,1729,0.05,0.0005780346820809,0.6666666666666666,0.3333333333333333,0.1766731644218618
ni_tfnbs,"e=1.1,h=10.0,n=30,start_thres=1.25",hub,0.25,30,25,40,1730,2,1,38,1729,0.05,0.0005780346820809,0.6666666666666666,0.3333333333333333,0.1766731644218618
ni_tfnbs,"e=1.2,h=0.5,n=30,start_thres=1.25",hub,0.25,30,25,40,1730,3,2,37,1728,0.075,0.0011560693641618,0.6,0.4,0.1766731644218618
ni_tfnbs,"e=1.2,h=1.0,n=30,start_thres=1.25",hub,0.25,30,25,40,1730,6,2,34,1728,0.15,0.0011560693641618,0.75,0.25,0.1766731644218618
ni_tfnbs,"e=1.2,h=2.0,n=30,start_thres=1.25",hub,0.25,30,25,40,1730,7,2,33,1728,0.175,0.0011560693641618,0.7777777777777778,0.2222222222222222,0.1766731644218618
ni_tfnbs,"e=1.2,h=3.0,n=30,start_thres=1.25",hub,0.25,30,25,40,1730,8,2,32,1728,0.2,0.0011560693641618,0.8,0.2,0.1766731644218618
ni_tfnbs,"e=1.2,h=4.0,n=30,start_thres=1.25",hub,0.25,30,25,40,1730,7,2,33,1728,0.175,0.0011560693641618,0.7777777777777778,0.2222222222222222,0.1766731644218618
ni_tfnbs,"e=1.2,h=5.0,n=30,start_thres=1.25",hub,0.25,30,25,40,1730,6,2,34,1728,0.15,0.0011560693641618,0.75,0.25,0.1766731644218618
ni_tfnbs,"e=1.2,h=6.0,n=30,start_thres=1.25",hub,0.25,30,25,40,1730,4,1,36,1729,0.1,0.0005780346820809,0.8,0.2,0.1766731644218618
ni_tfnbs,"e=1.2,h=7.0,n=30,start_thres=1.25",hub,0.25,30,25,40,1730,3,1,37,1729,0.075,0.0005780346820809,0.75,0.25,0.1766731644218618
ni_tfnbs,"e=1.2,h=8.0,n=30,start_thres=1.25",hub,0.25,30,25,40,1730,3,1,37,1729,0.075,0.0005780346820809,0.75,0.25,0.1766731644218618
ni_tfnbs,"e=1.2,h=9.0,n=30,start_thres=1.25",hub,0.25,30,25,40,1730,3,1,37,1729,0.075,0.0005780346820809,0.75,0.25,0.1766731644218618
ni_tfnbs,"e=1.2,h=10.0,n=30,start_thres=1.25",hub,0.25,30,25,40,1730,2,1,38,1729,0.05,0.0005780346820809,0.6666666666666666,0.3333333333333333,0.1766731644218618
ni_tfnbs,"e=1.3,h=0.5,n=30,start_thres=1.25",hub,0.25,30,25,40,1730,3,2,37,1728,0.075,0.0011560693641618,0.6,0.4,0.1766731644218618
ni_tfnbs,"e=1.3,h=1.0,n=30,start_thres=1.25",hub,0.25,30,25,40,1730,6,2,34,1728,0.15,0.0011560693641618,0.75,0.25,0.1766731644218618
ni_tfnbs,"e=1.3,h=2.0,n=30,start_thres=1.25",hub,0.25,30,25,40,1730,8,2,32,1728,0.2,0.0011560693641618,0.8,0.2,0.1766731644218618
ni_tfnbs,"e=1.3,h=3.0,n=30,start_thres=1.25",hub,0.25,30,25,40,1730,9,2,31,1728,0.225,0.0011560693641618,0.8181818181818182,0.1818181818181818,0.1766731644218618
ni_tfnbs,"e=1.3,h=4.0,n=30,start_thres=1.25",hub,0.25,30,25,40,1730,8,2,32,1728,0.2,0.0011560693641618,0.8,0.2,0.1766731644218618
ni_tfnbs,"e=1.3,h=5.0,n=30,start_thres=1.25",hub,0.25,30,25,40,1730,7,2,33,1728,0.175,0.0011560693641618,0.7777777777777778,0.2222222222222222,0.1766731644218618
ni_tfnbs,"e=1.3,h=6.0,n=30,start_thres=1.25",hub,0.25,30,25,40,1730,6,2,34,1728,0.15,0.0011560693641618,0.75,0.25,0.1766731644218618
ni_tfnbs,"e=1.3,h=7.0,n=30,start_thres=1.25",hub,0.25,30,25,40,1730,4,1,36,1729,0.1,0.0005780346820809,0.8,0.2,0.1766731644218618
ni_tfnbs,"e=1.3,h=8.0,n=30,start_thres=1.25",hub,0.25,30,25,40,1730,3,1,37,1729,0.075,0.0005780346820809,0.75,0.25,0.1766731644218618
ni_tfnbs,"e=1.3,h=9.0,n=30,start_thres=1.25",hub,0.25,30,25,40,1730,3,1,37,1729,0.075,0.0005780346820809,0.75,0.25,0.1766731644218618
ni_tfnbs,"e=1.3,h=10.0,n=30,start_thres=1.25",hub,0.25,30,25,40,1730,3,1,37,1729,0.075,0.0005780346820809,0.75,0.25,0.1766731644218618
ni_tfnbs,"e=1.4,h=0.5,n=30,start_thres=1.25",hub,0.25,30,25,40,1730,3,1,37,1729,0.075,0.0005780346820809,0.75,0.25,0.1766731644218618
ni_tfnbs,"e=1.4,h=1.0,n=30,start_thres=1.25",hub,0.25,30,25,40,1730,3,2,37,1728,0.075,0.0011560693641618,0.6,0.4,0.1766731644218618
ni_tfnbs,"e=1.4,h=2.0,n=30,start_thres=1.25",hub,0.25,30,25,40,1730,7,2,33,1728,0.175,0.0011560693641618,0.7777777777777778,0.2222222222222222,0.1766731644218618
ni_tfnbs,"e=1.4,h=3.0,n=30,start_thres=1.25",hub,0.25,30,25,40,1730,9,2,31,1728,0.225,0.0011560693641618,0.8181818181818182,0.1818181818181818,0.1766731644218618
ni_tfnbs,"e=1.4,h=4.0,n=30,start_thres=1.25",hub,0.25,30,25,40,1730,9,2,31,1728,0.225,0.0011560693641618,0.8181818181818182,0.1818181818181818,0.1766731644218618
ni_tfnbs,"e=1.4,h=5.0,n=30,start_thres=1.25",hub,0.25,30,25,40,1730,7,2,33,1728,0.175,0.0011560693641618,0.7777777777777778,0.2222222222222222,0.1766731644218618
ni_tfnbs,"e=1.4,h=6.0,n=30,start_thres=1.25",hub,0.25,30,25,40,1730,7,2,33,1728,0.175,0.0011560693641618,0.7777777777777778,0.2222222222222222,0.1766731644218618
ni_tfnbs,"e=1.4,h=7.0,n=30,start_thres=1.25",hub,0.25,30,25,40,1730,6,2,34,1728,0.15,0.0011560693641618,0.75,0.25,0.1766731644218618
ni_tfnbs,"e=1.4,h=8.0,n=30,start_thres=1.25",hub,0.25,30,25,40,1730,4,1,36,1729,0.1,0.0005780346820809,0.8,0.2,0.1766731644218618
ni_tfnbs,"e=1.4,h=9.0,n=30,start_thres=1.25",hub,0.25,30,25,40,1730,3,1,37,1729,0.075,0.0005780346820809,0.75,0.25,0.1766731644218618
ni_tfnbs,"e=1.4,h=10.0,n=30,start_thres=1.25",hub,0.25,30,25,40,1730,3,1,37,1729,0.075,0.0005780346820809,0.75,0.25,0.1766731644218618
ni_tfnbs,"e=1.5,h=0.5,n=30,start_thres=1.25",hub,0.25,30,25,40,1730,3,1,37,1729,0.075,0.0005780346820809,0.75,0.25,0.1766731644218618
ni_tfnbs,"e=1.5,h=1.0,n=30,start_thres=1.25",hub,0.25,30,25,40,1730,3,2,37,1728,0.075,0.0011560693641618,0.6,0.4,0.1766731644218618
ni_tfnbs,"e=1.5,h=2.0,n=30,start_thres=1.25",hub,0.25,30,25,40,1730,7,2,33,1728,0.175,0.0011560693641618,0.7777777777777778,0.2222222222222222,0.1766731644218618
ni_tfnbs,"e=1.5,h=3.0,n=30,start_thres=1.25",hub,0.25,30,25,40,1730,9,2,31,1728,0.225,0.0011560693641618,0.8181818181818182,0.1818181818181818,0.1766731644218618
ni_tfnbs,"e=1.5,h=4.0,n=30,start_thres=1.25",hub,0.25,30,25,40,1730,9,2,31,1728,0.225,0.0011560693641618,0.8181818181818182,0.1818181818181818,0.1766731644218618
ni_tfnbs,"e=1.5,h=5.0,n=30,start_thres=1.25",hub,0.25,30,25,40,1730,9,2,31,1728,0.225,0.0011560693641618,0.8181818181818182,0.1818181818181818,0.1766731644218618
ni_tfnbs,"e=1.5,h=6.0,n=30,start_thres=1.25",hub,0.25,30,25,40,1730,7,2,33,1728,0.175,0.0011560693641618,0.7777777777777778,0.2222222222222222,0.1766731644218618
ni_tfnbs,"e=1.5,h=7.0,n=30,start_thres=1.25",hub,0.25,30,25,40,1730,6,2,34,1728,0.15,0.0011560693641618,0.75,0.25,0.1766731644218618
ni_tfnbs,"e=1.5,h=8.0,n=30,start_thres=1.25",hub,0.25,30,25,40,1730,6,1,34,1729,0.15,0.0005780346820809,0.8571428571428571,0.1428571428571428,0.1766731644218618
ni_tfnbs,"e=1.5,h=9.0,n=30,start_thres=1.25",hub,0.25,30,25,40,1730,3,1,37,1729,0.075,0.0005780346820809,0.75,0.25,0.1766731644218618
ni_tfnbs,"e=1.5,h=10.0,n=30,start_thres=1.25",hub,0.25,30,25,40,1730,3,1,37,1729,0.075,0.0005780346820809,0.75,0.25,0.1766731644218618
ni_tfnbs,"e=0.05,h=0.5,n=30,start_thres=1.25",hub,0.25,30,26,40,1730,8,1,32,1729,0.2,0.0005780346820809,0.8888888888888888,0.1111111111111111,0.1763266541741111
ni_tfnbs,"e=0.05,h=1.0,n=30,start_thres=1.25",hub,0.25,30,26,40,1730,8,1,32,1729,0.2,0.0005780346820809,0.8888888888888888,0.1111111111111111,0.1763266541741111
ni_tfnbs,"e=0.05,h=2.0,n=30,start_thres=1.25",hub,0.25,30,26,40,1730,8,1,32,1729,0.2,0.0005780346820809,0.8888888888888888,0.1111111111111111,0.1763266541741111
ni_tfnbs,"e=0.05,h=3.0,n=30,start_thres=1.25",hub,0.25,30,26,40,1730,8,1,32,1729,0.2,0.0005780346820809,0.8888888888888888,0.1111111111111111,0.1763266541741111
ni_tfnbs,"e=0.05,h=4.0,n=30,start_thres=1.25",hub,0.25,30,26,40,1730,9,1,31,1729,0.225,0.0005780346820809,0.9,0.1,0.1763266541741111
ni_tfnbs,"e=0.05,h=5.0,n=30,start_thres=1.25",hub,0.25,30,26,40,1730,8,1,32,1729,0.2,0.0005780346820809,0.8888888888888888,0.1111111111111111,0.1763266541741111
ni_tfnbs,"e=0.05,h=6.0,n=30,start_thres=1.25",hub,0.25,30,26,40,1730,8,1,32,1729,0.2,0.0005780346820809,0.8888888888888888,0.1111111111111111,0.1763266541741111
ni_tfnbs,"e=0.05,h=7.0,n=30,start_thres=1.25",hub,0.25,30,26,40,1730,8,1,32,1729,0.2,0.0005780346820809,0.8888888888888888,0.1111111111111111,0.1763266541741111
ni_tfnbs,"e=0.05,h=8.0,n=30,start_thres=1.25",hub,0.25,30,26,40,1730,8,1,32,1729,0.2,0.0005780346820809,0.8888888888888888,0.1111111111111111,0.1763266541741111
ni_tfnbs,"e=0.05,h=9.0,n=30,start_thres=1.25",hub,0.25,30,26,40,1730,8,1,32,1729,0.2,0.0005780346820809,0.8888888888888888,0.1111111111111111,0.1763266541741111
ni_tfnbs,"e=0.05,h=10.0,n=30,start_thres=1.25",hub,0.25,30,26,40,1730,8,1,32,1729,0.2,0.0005780346820809,0.8888888888888888,0.1111111111111111,0.1763266541741111
ni_tfnbs,"e=0.1,h=0.5,n=30,start_thres=1.25",hub,0.25,30,26,40,1730,9,1,31,1729,0.225,0.0005780346820809,0.9,0.1,0.1763266541741111
ni_tfnbs,"e=0.1,h=1.0,n=30,start_thres=1.25",hub,0.25,30,26,40,1730,9,1,31,1729,0.225,0.0005780346820809,0.9,0.1,0.1763266541741111
ni_tfnbs,"e=0.1,h=2.0,n=30,start_thres=1.25",hub,0.25,30,26,40,1730,9,1,31,1729,0.225,0.0005780346820809,0.9,0.1,0.1763266541741111
ni_tfnbs,"e=0.1,h=3.0,n=30,start_thres=1.25",hub,0.25,30,26,40,1730,9,1,31,1729,0.225,0.0005780346820809,0.9,0.1,0.1763266541741111
ni_tfnbs,"e=0.1,h=4.0,n=30,start_thres=1.25",hub,0.25,30,26,40,1730,9,1,31,1729,0.225,0.0005780346820809,0.9,0.1,0.1763266541741111
ni_tfnbs,"e=0.1,h=5.0,n=30,start_thres=1.25",hub,0.25,30,26,40,1730,9,1,31,1729,0.225,0.0005780346820809,0.9,0.1,0.1763266541741111
ni_tfnbs,"e=0.1,h=6.0,n=30,start_thres=1.25",hub,0.25,30,26,40,1730,9,1,31,1729,0.225,0.0005780346820809,0.9,0.1,0.1763266541741111
ni_tfnbs,"e=0.1,h=7.0,n=30,start_thres=1.25",hub,0.25,30,26,40,1730,9,1,31,1729,0.225,0.0005780346820809,0.9,0.1,0.1763266541741111
ni_tfnbs,"e=0.1,h=8.0,n=30,start_thres=1.25",hub,0.25,30,26,40,1730,9,1,31,1729,0.225,0.0005780346820809,0.9,0.1,0.1763266541741111
ni_tfnbs,"e=0.1,h=9.0,n=30,start_thres=1.25",hub,0.25,30,26,40,1730,8,1,32,1729,0.2,0.0005780346820809,0.8888888888888888,0.1111111111111111,0.1763266541741111
ni_tfnbs,"e=0.1,h=10.0,n=30,start_thres=1.25",hub,0.25,30,26,40,1730,8,1,32,1729,0.2,0.0005780346820809,0.8888888888888888,0.1111111111111111,0.1763266541741111
ni_tfnbs,"e=0.2,h=0.5,n=30,start_thres=1.25",hub,0.25,30,26,40,1730,10,1,30,1729,0.25,0.0005780346820809,0.9090909090909092,0.0909090909090909,0.1763266541741111
ni_tfnbs,"e=0.2,h=1.0,n=30,start_thres=1.25",hub,0.25,30,26,40,1730,10,1,30,1729,0.25,0.0005780346820809,0.9090909090909092,0.0909090909090909,0.1763266541741111
ni_tfnbs,"e=0.2,h=2.0,n=30,start_thres=1.25",hub,0.25,30,26,40,1730,9,1,31,1729,0.225,0.0005780346820809,0.9,0.1,0.1763266541741111
ni_tfnbs,"e=0.2,h=3.0,n=30,start_thres=1.25",hub,0.25,30,26,40,1730,9,1,31,1729,0.225,0.0005780346820809,0.9,0.1,0.1763266541741111
ni_tfnbs,"e=0.2,h=4.0,n=30,start_thres=1.25",hub,0.25,30,26,40,1730,9,1,31,1729,0.225,0.0005780346820809,0.9,0.1,0.1763266541741111
ni_tfnbs,"e=0.2,h=5.0,n=30,start_thres=1.25",hub,0.25,30,26,40,1730,9,1,31,1729,0.225,0.0005780346820809,0.9,0.1,0.1763266541741111
ni_tfnbs,"e=0.2,h=6.0,n=30,start_thres=1.25",hub,0.25,30,26,40,1730,9,1,31,1729,0.225,0.0005780346820809,0.9,0.1,0.1763266541741111
ni_tfnbs,"e=0.2,h=7.0,n=30,start_thres=1.25",hub,0.25,30,26,40,1730,9,1,31,1729,0.225,0.0005780346820809,0.9,0.1,0.1763266541741111
ni_tfnbs,"e=0.2,h=8.0,n=30,start_thres=1.25",hub,0.25,30,26,40,1730,9,1,31,1729,0.225,0.0005780346820809,0.9,0.1,0.1763266541741111
ni_tfnbs,"e=0.2,h=9.0,n=30,start_thres=1.25",hub,0.25,30,26,40,1730,9,1,31,1729,0.225,0.0005780346820809,0.9,0.1,0.1763266541741111
ni_tfnbs,"e=0.2,h=10.0,n=30,start_thres=1.25",hub,0.25,30,26,40,1730,9,1,31,1729,0.225,0.0005780346820809,0.9,0.1,0.1763266541741111
ni_tfnbs,"e=0.3,h=0.5,n=30,start_thres=1.25",hub,0.25,30,26,40,1730,10,1,30,1729,0.25,0.0005780346820809,0.9090909090909092,0.0909090909090909,0.1763266541741111
ni_tfnbs,"e=0.3,h=1.0,n=30,start_thres=1.25",hub,0.25,30,26,40,1730,10,1,30,1729,0.25,0.0005780346820809,0.9090909090909092,0.0909090909090909,0.1763266541741111
ni_tfnbs,"e=0.3,h=2.0,n=30,start_thres=1.25",hub,0.25,30,26,40,1730,10,1,30,1729,0.25,0.0005780346820809,0.9090909090909092,0.0909090909090909,0.1763266541741111
ni_tfnbs,"e=0.3,h=3.0,n=30,start_thres=1.25",hub,0.25,30,26,40,1730,10,1,30,1729,0.25,0.0005780346820809,0.9090909090909092,0.0909090909090909,0.1763266541741111
ni_tfnbs,"e=0.3,h=4.0,n=30,start_thres=1.25",hub,0.25,30,26,40,1730,10,1,30,1729,0.25,0.0005780346820809,0.9090909090909092,0.0909090909090909,0.1763266541741111
ni_tfnbs,"e=0.3,h=5.0,n=30,start_thres=1.25",hub,0.25,30,26,40,1730,9,1,31,1729,0.225,0.0005780346820809,0.9,0.1,0.1763266541741111
ni_tfnbs,"e=0.3,h=6.0,n=30,start_thres=1.25",hub,0.25,30,26,40,1730,9,1,31,1729,0.225,0.0005780346820809,0.9,0.1,0.1763266541741111
ni_tfnbs,"e=0.3,h=7.0,n=30,start_thres=1.25",hub,0.25,30,26,40,1730,9,1,31,1729,0.225,0.0005780346820809,0.9,0.1,0.1763266541741111
ni_tfnbs,"e=0.3,h=8.0,n=30,start_thres=1.25",hub,0.25,30,26,40,1730,9,1,31,1729,0.225,0.0005780346820809,0.9,0.1,0.1763266541741111
ni_tfnbs,"e=0.3,h=9.0,n=30,start_thres=1.25",hub,0.25,30,26,40,1730,9,1,31,1729,0.225,0.0005780346820809,0.9,0.1,0.1763266541741111
ni_tfnbs,"e=0.3,h=10.0,n=30,start_thres=1.25",hub,0.25,30,26,40,1730,9,1,31,1729,0.225,0.0005780346820809,0.9,0.1,0.1763266541741111
ni_tfnbs,"e=0.4,h=0.5,n=30,start_thres=1.25",hub,0.25,30,26,40,1730,10,4,30,1726,0.25,0.0023121387283236,0.7142857142857143,0.2857142857142857,0.1763266541741111
ni_tfnbs,"e=0.4,h=1.0,n=30,start_thres=1.25",hub,0.25,30,26,40,1730,10,4,30,1726,0.25,0.0023121387283236,0.7142857142857143,0.2857142857142857,0.1763266541741111
ni_tfnbs,"e=0.4,h=2.0,n=30,start_thres=1.25",hub,0.25,30,26,40,1730,10,1,30,1729,0.25,0.0005780346820809,0.9090909090909092,0.0909090909090909,0.1763266541741111
ni_tfnbs,"e=0.4,h=3.0,n=30,start_thres=1.25",hub,0.25,30,26,40,1730,10,1,30,1729,0.25,0.0005780346820809,0.9090909090909092,0.0909090909090909,0.1763266541741111
ni_tfnbs,"e=0.4,h=4.0,n=30,start_thres=1.25",hub,0.25,30,26,40,1730,10,1,30,1729,0.25,0.0005780346820809,0.9090909090909092,0.0909090909090909,0.1763266541741111
ni_tfnbs,"e=0.4,h=5.0,n=30,start_thres=1.25",hub,0.25,30,26,40,1730,10,1,30,1729,0.25,0.0005780346820809,0.9090909090909092,0.0909090909090909,0.1763266541741111
ni_tfnbs,"e=0.4,h=6.0,n=30,start_thres=1.25",hub,0.25,30,26,40,1730,10,1,30,1729,0.25,0.0005780346820809,0.9090909090909092,0.0909090909090909,0.1763266541741111
ni_tfnbs,"e=0.4,h=7.0,n=30,start_thres=1.25",hub,0.25,30,26,40,1730,9,1,31,1729,0.225,0.0005780346820809,0.9,0.1,0.1763266541741111
ni_tfnbs,"e=0.4,h=8.0,n=30,start_thres=1.25",hub,0.25,30,26,40,1730,9,1,31,1729,0.225,0.0005780346820809,0.9,0.1,0.1763266541741111
ni_tfnbs,"e=0.4,h=9.0,n=30,start_thres=1.25",hub,0.25,30,26,40,1730,9,1,31,1729,0.225,0.0005780346820809,0.9,0.1,0.1763266541741111
ni_tfnbs,"e=0.4,h=10.0,n=30,start_thres=1.25",hub,0.25,30,26,40,1730,9,1,31,1729,0.225,0.0005780346820809,0.9,0.1,0.1763266541741111
ni_tfnbs,"e=0.5,h=0.5,n=30,start_thres=1.25",hub,0.25,30,26,40,1730,11,4,29,1726,0.275,0.0023121387283236,0.7333333333333333,0.2666666666666666,0.1763266541741111
ni_tfnbs,"e=0.5,h=1.0,n=30,start_thres=1.25",hub,0.25,30,26,40,1730,11,4,29,1726,0.275,0.0023121387283236,0.7333333333333333,0.2666666666666666,0.1763266541741111
ni_tfnbs,"e=0.5,h=2.0,n=30,start_thres=1.25",hub,0.25,30,26,40,1730,10,4,30,1726,0.25,0.0023121387283236,0.7142857142857143,0.2857142857142857,0.1763266541741111
ni_tfnbs,"e=0.5,h=3.0,n=30,start_thres=1.25",hub,0.25,30,26,40,1730,10,1,30,1729,0.25,0.0005780346820809,0.9090909090909092,0.0909090909090909,0.1763266541741111
ni_tfnbs,"e=0.5,h=4.0,n=30,start_thres=1.25",hub,0.25,30,26,40,1730,10,1,30,1729,0.25,0.0005780346820809,0.9090909090909092,0.0909090909090909,0.1763266541741111
ni_tfnbs,"e=0.5,h=5.0,n=30,start_thres=1.25",hub,0.25,30,26,40,1730,10,1,30,1729,0.25,0.0005780346820809,0.9090909090909092,0.0909090909090909,0.1763266541741111
ni_tfnbs,"e=0.5,h=6.0,n=30,start_thres=1.25",hub,0.25,30,26,40,1730,10,1,30,1729,0.25,0.0005780346820809,0.9090909090909092,0.0909090909090909,0.1763266541741111
ni_tfnbs,"e=0.5,h=7.0,n=30,start_thres=1.25",hub,0.25,30,26,40,1730,10,1,30,1729,0.25,0.0005780346820809,0.9090909090909092,0.0909090909090909,0.1763266541741111
ni_tfnbs,"e=0.5,h=8.0,n=30,start_thres=1.25",hub,0.25,30,26,40,1730,10,1,30,1729,0.25,0.0005780346820809,0.9090909090909092,0.0909090909090909,0.1763266541741111
ni_tfnbs,"e=0.5,h=9.0,n=30,start_thres=1.25",hub,0.25,30,26,40,1730,9,1,31,1729,0.225,0.0005780346820809,0.9,0.1,0.1763266541741111
ni_tfnbs,"e=0.5,h=10.0,n=30,start_thres=1.25",hub,0.25,30,26,40,1730,9,1,31,1729,0.225,0.0005780346820809,0.9,0.1,0.1763266541741111
ni_tfnbs,"e=0.6,h=0.5,n=30,start_thres=1.25",hub,0.25,30,26,40,1730,12,5,28,1725,0.3,0.0028901734104046,0.7058823529411765,0.2941176470588235,0.1763266541741111
ni_tfnbs,"e=0.6,h=1.0,n=30,start_thres=1.25",hub,0.25,30,26,40,1730,12,5,28,1725,0.3,0.0028901734104046,0.7058823529411765,0.2941176470588235,0.1763266541741111
ni_tfnbs,"e=0.6,h=2.0,n=30,start_thres=1.25",hub,0.25,30,26,40,1730,11,4,29,1726,0.275,0.0023121387283236,0.7333333333333333,0.2666666666666666,0.1763266541741111
ni_tfnbs,"e=0.6,h=3.0,n=30,start_thres=1.25",hub,0.25,30,26,40,1730,11,4,29,1726,0.275,0.0023121387283236,0.7333333333333333,0.2666666666666666,0.1763266541741111
ni_tfnbs,"e=0.6,h=4.0,n=30,start_thres=1.25",hub,0.25,30,26,40,1730,10,1,30,1729,0.25,0.0005780346820809,0.9090909090909092,0.0909090909090909,0.1763266541741111
ni_tfnbs,"e=0.6,h=5.0,n=30,start_thres=1.25",hub,0.25,30,26,40,1730,10,1,30,1729,0.25,0.0005780346820809,0.9090909090909092,0.0909090909090909,0.1763266541741111
ni_tfnbs,"e=0.6,h=6.0,n=30,start_thres=1.25",hub,0.25,30,26,40,1730,10,1,30,1729,0.25,0.0005780346820809,0.9090909090909092,0.0909090909090909,0.1763266541741111
ni_tfnbs,"e=0.6,h=7.0,n=30,start_thres=1.25",hub,0.25,30,26,40,1730,10,1,30,1729,0.25,0.0005780346820809,0.9090909090909092,0.0909090909090909,0.1763266541741111
ni_tfnbs,"e=0.6,h=8.0,n=30,start_thres=1.25",hub,0.25,30,26,40,1730,10,1,30,1729,0.25,0.0005780346820809,0.9090909090909092,0.0909090909090909,0.1763266541741111
ni_tfnbs,"e=0.6,h=9.0,n=30,start_thres=1.25",hub,0.25,30,26,40,1730,10,1,30,1729,0.25,0.0005780346820809,0.9090909090909092,0.0909090909090909,0.1763266541741111
ni_tfnbs,"e=0.6,h=10.0,n=30,start_thres=1.25",hub,0.25,30,26,40,1730,10,1,30,1729,0.25,0.0005780346820809,0.9090909090909092,0.0909090909090909,0.1763266541741111
ni_tfnbs,"e=0.7,h=0.5,n=30,start_thres=1.25",hub,0.25,30,26,40,1730,15,7,25,1723,0.375,0.0040462427745664,0.6818181818181818,0.3181818181818182,0.1763266541741111
ni_tfnbs,"e=0.7,h=1.0,n=30,start_thres=1.25",hub,0.25,30,26,40,1730,15,7,25,1723,0.375,0.0040462427745664,0.6818181818181818,0.3181818181818182,0.1763266541741111
ni_tfnbs,"e=0.7,h=2.0,n=30,start_thres=1.25",hub,0.25,30,26,40,1730,12,5,28,1725,0.3,0.0028901734104046,0.7058823529411765,0.2941176470588235,0.1763266541741111
ni_tfnbs,"e=0.7,h=3.0,n=30,start_thres=1.25",hub,0.25,30,26,40,1730,11,4,29,1726,0.275,0.0023121387283236,0.7333333333333333,0.2666666666666666,0.1763266541741111
ni_tfnbs,"e=0.7,h=4.0,n=30,start_thres=1.25",hub,0.25,30,26,40,1730,11,4,29,1726,0.275,0.0023121387283236,0.7333333333333333,0.2666666666666666,0.1763266541741111
ni_tfnbs,"e=0.7,h=5.0,n=30,start_thres=1.25",hub,0.25,30,26,40,1730,10,1,30,1729,0.25,0.0005780346820809,0.9090909090909092,0.0909090909090909,0.1763266541741111
ni_tfnbs,"e=0.7,h=6.0,n=30,start_thres=1.25",hub,0.25,30,26,40,1730,10,1,30,1729,0.25,0.0005780346820809,0.9090909090909092,0.0909090909090909,0.1763266541741111
ni_tfnbs,"e=0.7,h=7.0,n=30,start_thres=1.25",hub,0.25,30,26,40,1730,10,1,30,1729,0.25,0.0005780346820809,0.9090909090909092,0.0909090909090909,0.1763266541741111
ni_tfnbs,"e=0.7,h=8.0,n=30,start_thres=1.25",hub,0.25,30,26,40,1730,10,1,30,1729,0.25,0.0005780346820809,0.9090909090909092,0.0909090909090909,0.1763266541741111
ni_tfnbs,"e=0.7,h=9.0,n=30,start_thres=1.25",hub,0.25,30,26,40,1730,10,1,30,1729,0.25,0.0005780346820809,0.9090909090909092,0.0909090909090909,0.1763266541741111
ni_tfnbs,"e=0.7,h=10.0,n=30,start_thres=1.25",hub,0.25,30,26,40,1730,10,1,30,1729,0.25,0.0005780346820809,0.9090909090909092,0.0909090909090909,0.1763266541741111
ni_tfnbs,"e=0.8,h=0.5,n=30,start_thres=1.25",hub,0.25,30,26,40,1730,14,10,26,1720,0.35,0.0057803468208092,0.5833333333333334,0.4166666666666667,0.1763266541741111
ni_tfnbs,"e=0.8,h=1.0,n=30,start_thres=1.25",hub,0.25,30,26,40,1730,16,11,24,1719,0.4,0.0063583815028901,0.5925925925925926,0.4074074074074074,0.1763266541741111
ni_tfnbs,"e=0.8,h=2.0,n=30,start_thres=1.25",hub,0.25,30,26,40,1730,15,7,25,1723,0.375,0.0040462427745664,0.6818181818181818,0.3181818181818182,0.1763266541741111
ni_tfnbs,"e=0.8,h=3.0,n=30,start_thres=1.25",hub,0.25,30,26,40,1730,12,5,28,1725,0.3,0.0028901734104046,0.7058823529411765,0.2941176470588235,0.1763266541741111
ni_tfnbs,"e=0.8,h=4.0,n=30,start_thres=1.25",hub,0.25,30,26,40,1730,11,4,29,1726,0.275,0.0023121387283236,0.7333333333333333,0.2666666666666666,0.1763266541741111
ni_tfnbs,"e=0.8,h=5.0,n=30,start_thres=1.25",hub,0.25,30,26,40,1730,11,1,29,1729,0.275,0.0005780346820809,0.9166666666666666,0.0833333333333333,0.1763266541741111
ni_tfnbs,"e=0.8,h=6.0,n=30,start_thres=1.25",hub,0.25,30,26,40,1730,10,1,30,1729,0.25,0.0005780346820809,0.9090909090909092,0.0909090909090909,0.1763266541741111
ni_tfnbs,"e=0.8,h=7.0,n=30,start_thres=1.25",hub,0.25,30,26,40,1730,10,1,30,1729,0.25,0.0005780346820809,0.9090909090909092,0.0909090909090909,0.1763266541741111
ni_tfnbs,"e=0.8,h=8.0,n=30,start_thres=1.25",hub,0.25,30,26,40,1730,10,1,30,1729,0.25,0.0005780346820809,0.9090909090909092,0.0909090909090909,0.1763266541741111
ni_tfnbs,"e=0.8,h=9.0,n=30,start_thres=1.25",hub,0.25,30,26,40,1730,10,1,30,1729,0.25,0.0005780346820809,0.9090909090909092,0.0909090909090909,0.1763266541741111
ni_tfnbs,"e=0.8,h=10.0,n=30,start_thres=1.25",hub,0.25,30,26,40,1730,10,1,30,1729,0.25,0.0005780346820809,0.9090909090909092,0.0909090909090909,0.1763266541741111
ni_tfnbs,"e=0.9,h=0.5,n=30,start_thres=1.25",hub,0.25,30,26,40,1730,15,14,25,1716,0.375,0.0080924855491329,0.5172413793103449,0.4827586206896552,0.1763266541741111
ni_tfnbs,"e=0.9,h=1.0,n=30,start_thres=1.25",hub,0.25,30,26,40,1730,15,14,25,1716,0.375,0.0080924855491329,0.5172413793103449,0.4827586206896552,0.1763266541741111
ni_tfnbs,"e=0.9,h=2.0,n=30,start_thres=1.25",hub,0.25,30,26,40,1730,16,11,24,1719,0.4,0.0063583815028901,0.5925925925925926,0.4074074074074074,0.1763266541741111
ni_tfnbs,"e=0.9,h=3.0,n=30,start_thres=1.25",hub,0.25,30,26,40,1730,16,8,24,1722,0.4,0.0046242774566473,0.6666666666666666,0.3333333333333333,0.1763266541741111
ni_tfnbs,"e=0.9,h=4.0,n=30,start_thres=1.25",hub,0.25,30,26,40,1730,12,4,28,1726,0.3,0.0023121387283236,0.75,0.25,0.1763266541741111
ni_tfnbs,"e=0.9,h=5.0,n=30,start_thres=1.25",hub,0.25,30,26,40,1730,11,4,29,1726,0.275,0.0023121387283236,0.7333333333333333,0.2666666666666666,0.1763266541741111
ni_tfnbs,"e=0.9,h=6.0,n=30,start_thres=1.25",hub,0.25,30,26,40,1730,11,1,29,1729,0.275,0.0005780346820809,0.9166666666666666,0.0833333333333333,0.1763266541741111
ni_tfnbs,"e=0.9,h=7.0,n=30,start_thres=1.25",hub,0.25,30,26,40,1730,10,1,30,1729,0.25,0.0005780346820809,0.9090909090909092,0.0909090909090909,0.1763266541741111
ni_tfnbs,"e=0.9,h=8.0,n=30,start_thres=1.25",hub,0.25,30,26,40,1730,10,1,30,1729,0.25,0.0005780346820809,0.9090909090909092,0.0909090909090909,0.1763266541741111
ni_tfnbs,"e=0.9,h=9.0,n=30,start_thres=1.25",hub,0.25,30,26,40,1730,10,1,30,1729,0.25,0.0005780346820809,0.9090909090909092,0.0909090909090909,0.1763266541741111
ni_tfnbs,"e=0.9,h=10.0,n=30,start_thres=1.25",hub,0.25,30,26,40,1730,10,1,30,1729,0.25,0.0005780346820809,0.9090909090909092,0.0909090909090909,0.1763266541741111
ni_tfnbs,"e=1.0,h=0.5,n=30,start_thres=1.25",hub,0.25,30,26,40,1730,15,15,25,1715,0.375,0.0086705202312138,0.5,0.5,0.1763266541741111
ni_tfnbs,"e=1.0,h=1.0,n=30,start_thres=1.25",hub,0.25,30,26,40,1730,16,14,24,1716,0.4,0.0080924855491329,0.5333333333333333,0.4666666666666667,0.1763266541741111
ni_tfnbs,"e=1.0,h=2.0,n=30,start_thres=1.25",hub,0.25,30,26,40,1730,17,14,23,1716,0.425,0.0080924855491329,0.5483870967741935,0.4516129032258064,0.1763266541741111
ni_tfnbs,"e=1.0,h=3.0,n=30,start_thres=1.25",hub,0.25,30,26,40,1730,16,11,24,1719,0.4,0.0063583815028901,0.5925925925925926,0.4074074074074074,0.1763266541741111
ni_tfnbs,"e=1.0,h=4.0,n=30,start_thres=1.25",hub,0.25,30,26,40,1730,16,7,24,1723,0.4,0.0040462427745664,0.6956521739130435,0.3043478260869565,0.1763266541741111
ni_tfnbs,"e=1.0,h=5.0,n=30,start_thres=1.25",hub,0.25,30,26,40,1730,12,4,28,1726,0.3,0.0023121387283236,0.75,0.25,0.1763266541741111
ni_tfnbs,"e=1.0,h=6.0,n=30,start_thres=1.25",hub,0.25,30,26,40,1730,11,4,29,1726,0.275,0.0023121387283236,0.7333333333333333,0.2666666666666666,0.1763266541741111
ni_tfnbs,"e=1.0,h=7.0,n=30,start_thres=1.25",hub,0.25,30,26,40,1730,11,1,29,1729,0.275,0.0005780346820809,0.9166666666666666,0.0833333333333333,0.1763266541741111
ni_tfnbs,"e=1.0,h=8.0,n=30,start_thres=1.25",hub,0.25,30,26,40,1730,10,1,30,1729,0.25,0.0005780346820809,0.9090909090909092,0.0909090909090909,0.1763266541741111
ni_tfnbs,"e=1.0,h=9.0,n=30,start_thres=1.25",hub,0.25,30,26,40,1730,10,1,30,1729,0.25,0.0005780346820809,0.9090909090909092,0.0909090909090909,0.1763266541741111
ni_tfnbs,"e=1.0,h=10.0,n=30,start_thres=1.25",hub,0.25,30,26,40,1730,10,1,30,1729,0.25,0.0005780346820809,0.9090909090909092,0.0909090909090909,0.1763266541741111
ni_tfnbs,"e=1.1,h=0.5,n=30,start_thres=1.25",hub,0.25,30,26,40,1730,15,15,25,1715,0.375,0.0086705202312138,0.5,0.5,0.1763266541741111
ni_tfnbs,"e=1.1,h=1.0,n=30,start_thres=1.25",hub,0.25,30,26,40,1730,15,15,25,1715,0.375,0.0086705202312138,0.5,0.5,0.1763266541741111
ni_tfnbs,"e=1.1,h=2.0,n=30,start_thres=1.25",hub,0.25,30,26,40,1730,17,14,23,1716,0.425,0.0080924855491329,0.5483870967741935,0.4516129032258064,0.1763266541741111
ni_tfnbs,"e=1.1,h=3.0,n=30,start_thres=1.25",hub,0.25,30,26,40,1730,17,11,23,1719,0.425,0.0063583815028901,0.6071428571428571,0.3928571428571428,0.1763266541741111
ni_tfnbs,"e=1.1,h=4.0,n=30,start_thres=1.25",hub,0.25,30,26,40,1730,16,8,24,1722,0.4,0.0046242774566473,0.6666666666666666,0.3333333333333333,0.1763266541741111
ni_tfnbs,"e=1.1,h=5.0,n=30,start_thres=1.25",hub,0.25,30,26,40,1730,16,7,24,1723,0.4,0.0040462427745664,0.6956521739130435,0.3043478260869565,0.1763266541741111
ni_tfnbs,"e=1.1,h=6.0,n=30,start_thres=1.25",hub,0.25,30,26,40,1730,12,4,28,1726,0.3,0.0023121387283236,0.75,0.25,0.1763266541741111
ni_tfnbs,"e=1.1,h=7.0,n=30,start_thres=1.25",hub,0.25,30,26,40,1730,11,1,29,1729,0.275,0.0005780346820809,0.9166666666666666,0.0833333333333333,0.1763266541741111
ni_tfnbs,"e=1.1,h=8.0,n=30,start_thres=1.25",hub,0.25,30,26,40,1730,11,1,29,1729,0.275,0.0005780346820809,0.9166666666666666,0.0833333333333333,0.1763266541741111
ni_tfnbs,"e=1.1,h=9.0,n=30,start_thres=1.25",hub,0.25,30,26,40,1730,10,1,30,1729,0.25,0.0005780346820809,0.9090909090909092,0.0909090909090909,0.1763266541741111
ni_tfnbs,"e=1.1,h=10.0,n=30,start_thres=1.25",hub,0.25,30,26,40,1730,10,1,30,1729,0.25,0.0005780346820809,0.9090909090909092,0.0909090909090909,0.1763266541741111
ni_tfnbs,"e=1.2,h=0.5,n=30,start_thres=1.25",hub,0.25,30,26,40,1730,15,22,25,1708,0.375,0.0127167630057803,0.4054054054054054,0.5945945945945946,0.1763266541741111
ni_tfnbs,"e=1.2,h=1.0,n=30,start_thres=1.25",hub,0.25,30,26,40,1730,15,22,25,1708,0.375,0.0127167630057803,0.4054054054054054,0.5945945945945946,0.1763266541741111
ni_tfnbs,"e=1.2,h=2.0,n=30,start_thres=1.25",hub,0.25,30,26,40,1730,16,15,24,1715,0.4,0.0086705202312138,0.5161290322580645,0.4838709677419355,0.1763266541741111
ni_tfnbs,"e=1.2,h=3.0,n=30,start_thres=1.25",hub,0.25,30,26,40,1730,17,14,23,1716,0.425,0.0080924855491329,0.5483870967741935,0.4516129032258064,0.1763266541741111
ni_tfnbs,"e=1.2,h=4.0,n=30,start_thres=1.25",hub,0.25,30,26,40,1730,17,11,23,1719,0.425,0.0063583815028901,0.6071428571428571,0.3928571428571428,0.1763266541741111
ni_tfnbs,"e=1.2,h=5.0,n=30,start_thres=1.25",hub,0.25,30,26,40,1730,16,8,24,1722,0.4,0.0046242774566473,0.6666666666666666,0.3333333333333333,0.1763266541741111
ni_tfnbs,"e=1.2,h=6.0,n=30,start_thres=1.25",hub,0.25,30,26,40,1730,12,4,28,1726,0.3,0.0023121387283236,0.75,0.25,0.1763266541741111
ni_tfnbs,"e=1.2,h=7.0,n=30,start_thres=1.25",hub,0.25,30,26,40,1730,12,4,28,1726,0.3,0.0023121387283236,0.75,0.25,0.1763266541741111
ni_tfnbs,"e=1.2,h=8.0,n=30,start_thres=1.25",hub,0.25,30,26,40,1730,11,1,29,1729,0.275,0.0005780346820809,0.9166666666666666,0.0833333333333333,0.1763266541741111
ni_tfnbs,"e=1.2,h=9.0,n=30,start_thres=1.25",hub,0.25,30,26,40,1730,11,1,29,1729,0.275,0.0005780346820809,0.9166666666666666,0.0833333333333333,0.1763266541741111
ni_tfnbs,"e=1.2,h=10.0,n=30,start_thres=1.25",hub,0.25,30,26,40,1730,10,1,30,1729,0.25,0.0005780346820809,0.9090909090909092,0.0909090909090909,0.1763266541741111
ni_tfnbs,"e=1.3,h=0.5,n=30,start_thres=1.25",hub,0.25,30,26,40,1730,15,22,25,1708,0.375,0.0127167630057803,0.4054054054054054,0.5945945945945946,0.1763266541741111
ni_tfnbs,"e=1.3,h=1.0,n=30,start_thres=1.25",hub,0.25,30,26,40,1730,15,22,25,1708,0.375,0.0127167630057803,0.4054054054054054,0.5945945945945946,0.1763266541741111
ni_tfnbs,"e=1.3,h=2.0,n=30,start_thres=1.25",hub,0.25,30,26,40,1730,17,22,23,1708,0.425,0.0127167630057803,0.4358974358974359,0.5641025641025641,0.1763266541741111
ni_tfnbs,"e=1.3,h=3.0,n=30,start_thres=1.25",hub,0.25,30,26,40,1730,18,15,22,1715,0.45,0.0086705202312138,0.5454545454545454,0.4545454545454545,0.1763266541741111
ni_tfnbs,"e=1.3,h=4.0,n=30,start_thres=1.25",hub,0.25,30,26,40,1730,18,14,22,1716,0.45,0.0080924855491329,0.5625,0.4375,0.1763266541741111
ni_tfnbs,"e=1.3,h=5.0,n=30,start_thres=1.25",hub,0.25,30,26,40,1730,16,11,24,1719,0.4,0.0063583815028901,0.5925925925925926,0.4074074074074074,0.1763266541741111
ni_tfnbs,"e=1.3,h=6.0,n=30,start_thres=1.25",hub,0.25,30,26,40,1730,16,7,24,1723,0.4,0.0040462427745664,0.6956521739130435,0.3043478260869565,0.1763266541741111
ni_tfnbs,"e=1.3,h=7.0,n=30,start_thres=1.25",hub,0.25,30,26,40,1730,12,4,28,1726,0.3,0.0023121387283236,0.75,0.25,0.1763266541741111
ni_tfnbs,"e=1.3,h=8.0,n=30,start_thres=1.25",hub,0.25,30,26,40,1730,12,4,28,1726,0.3,0.0023121387283236,0.75,0.25,0.1763266541741111
ni_tfnbs,"e=1.3,h=9.0,n=30,start_thres=1.25",hub,0.25,30,26,40,1730,11,1,29,1729,0.275,0.0005780346820809,0.9166666666666666,0.0833333333333333,0.1763266541741111
ni_tfnbs,"e=1.3,h=10.0,n=30,start_thres=1.25",hub,0.25,30,26,40,1730,11,1,29,1729,0.275,0.0005780346820809,0.9166666666666666,0.0833333333333333,0.1763266541741111
ni_tfnbs,"e=1.4,h=0.5,n=30,start_thres=1.25",hub,0.25,30,26,40,1730,15,22,25,1708,0.375,0.0127167630057803,0.4054054054054054,0.5945945945945946,0.1763266541741111
ni_tfnbs,"e=1.4,h=1.0,n=30,start_thres=1.25",hub,0.25,30,26,40,1730,15,22,25,1708,0.375,0.0127167630057803,0.4054054054054054,0.5945945945945946,0.1763266541741111
ni_tfnbs,"e=1.4,h=2.0,n=30,start_thres=1.25",hub,0.25,30,26,40,1730,16,23,24,1707,0.4,0.0132947976878612,0.4102564102564102,0.5897435897435898,0.1763266541741111
ni_tfnbs,"e=1.4,h=3.0,n=30,start_thres=1.25",hub,0.25,30,26,40,1730,18,16,22,1714,0.45,0.0092485549132947,0.5294117647058824,0.4705882352941176,0.1763266541741111
ni_tfnbs,"e=1.4,h=4.0,n=30,start_thres=1.25",hub,0.25,30,26,40,1730,18,14,22,1716,0.45,0.0080924855491329,0.5625,0.4375,0.1763266541741111
ni_tfnbs,"e=1.4,h=5.0,n=30,start_thres=1.25",hub,0.25,30,26,40,1730,18,11,22,1719,0.45,0.0063583815028901,0.6206896551724138,0.3793103448275862,0.1763266541741111
ni_tfnbs,"e=1.4,h=6.0,n=30,start_thres=1.25",hub,0.25,30,26,40,1730,16,8,24,1722,0.4,0.0046242774566473,0.6666666666666666,0.3333333333333333,0.1763266541741111
ni_tfnbs,"e=1.4,h=7.0,n=30,start_thres=1.25",hub,0.25,30,26,40,1730,13,5,27,1725,0.325,0.0028901734104046,0.7222222222222222,0.2777777777777778,0.1763266541741111
ni_tfnbs,"e=1.4,h=8.0,n=30,start_thres=1.25",hub,0.25,30,26,40,1730,12,4,28,1726,0.3,0.0023121387283236,0.75,0.25,0.1763266541741111
ni_tfnbs,"e=1.4,h=9.0,n=30,start_thres=1.25",hub,0.25,30,26,40,1730,12,1,28,1729,0.3,0.0005780346820809,0.9230769230769232,0.0769230769230769,0.1763266541741111
ni_tfnbs,"e=1.4,h=10.0,n=30,start_thres=1.25",hub,0.25,30,26,40,1730,11,1,29,1729,0.275,0.0005780346820809,0.9166666666666666,0.0833333333333333,0.1763266541741111
ni_tfnbs,"e=1.5,h=0.5,n=30,start_thres=1.25",hub,0.25,30,26,40,1730,13,25,27,1705,0.325,0.0144508670520231,0.3421052631578947,0.6578947368421053,0.1763266541741111
ni_tfnbs,"e=1.5,h=1.0,n=30,start_thres=1.25",hub,0.25,30,26,40,1730,15,26,25,1704,0.375,0.015028901734104,0.3658536585365853,0.6341463414634146,0.1763266541741111
ni_tfnbs,"e=1.5,h=2.0,n=30,start_thres=1.25",hub,0.25,30,26,40,1730,16,23,24,1707,0.4,0.0132947976878612,0.4102564102564102,0.5897435897435898,0.1763266541741111
ni_tfnbs,"e=1.5,h=3.0,n=30,start_thres=1.25",hub,0.25,30,26,40,1730,17,23,23,1707,0.425,0.0132947976878612,0.425,0.575,0.1763266541741111
ni_tfnbs,"e=1.5,h=4.0,n=30,start_thres=1.25",hub,0.25,30,26,40,1730,18,16,22,1714,0.45,0.0092485549132947,0.5294117647058824,0.4705882352941176,0.1763266541741111
ni_tfnbs,"e=1.5,h=5.0,n=30,start_thres=1.25",hub,0.25,30,26,40,1730,18,14,22,1716,0.45,0.0080924855491329,0.5625,0.4375,0.1763266541741111
ni_tfnbs,"e=1.5,h=6.0,n=30,start_thres=1.25",hub,0.25,30,26,40,1730,18,11,22,1719,0.45,0.0063583815028901,0.6206896551724138,0.3793103448275862,0.1763266541741111
ni_tfnbs,"e=1.5,h=7.0,n=30,start_thres=1.25",hub,0.25,30,26,40,1730,16,7,24,1723,0.4,0.0040462427745664,0.6956521739130435,0.3043478260869565,0.1763266541741111
ni_tfnbs,"e=1.5,h=8.0,n=30,start_thres=1.25",hub,0.25,30,26,40,1730,13,5,27,1725,0.325,0.0028901734104046,0.7222222222222222,0.2777777777777778,0.1763266541741111
ni_tfnbs,"e=1.5,h=9.0,n=30,start_thres=1.25",hub,0.25,30,26,40,1730,12,4,28,1726,0.3,0.0023121387283236,0.75,0.25,0.1763266541741111
ni_tfnbs,"e=1.5,h=10.0,n=30,start_thres=1.25",hub,0.25,30,26,40,1730,12,1,28,1729,0.3,0.0005780346820809,0.9230769230769232,0.0769230769230769,0.1763266541741111
ni_tfnbs,"e=0.05,h=0.5,n=30,start_thres=1.25",hub,0.25,30,27,40,1730,7,1,33,1729,0.175,0.0005780346820809,0.875,0.125,0.1757877022027969
ni_tfnbs,"e=0.05,h=1.0,n=30,start_thres=1.25",hub,0.25,30,27,40,1730,7,1,33,1729,0.175,0.0005780346820809,0.875,0.125,0.1757877022027969
ni_tfnbs,"e=0.05,h=2.0,n=30,start_thres=1.25",hub,0.25,30,27,40,1730,7,1,33,1729,0.175,0.0005780346820809,0.875,0.125,0.1757877022027969
ni_tfnbs,"e=0.05,h=3.0,n=30,start_thres=1.25",hub,0.25,30,27,40,1730,7,1,33,1729,0.175,0.0005780346820809,0.875,0.125,0.1757877022027969
ni_tfnbs,"e=0.05,h=4.0,n=30,start_thres=1.25",hub,0.25,30,27,40,1730,7,1,33,1729,0.175,0.0005780346820809,0.875,0.125,0.1757877022027969
ni_tfnbs,"e=0.05,h=5.0,n=30,start_thres=1.25",hub,0.25,30,27,40,1730,7,1,33,1729,0.175,0.0005780346820809,0.875,0.125,0.1757877022027969
ni_tfnbs,"e=0.05,h=6.0,n=30,start_thres=1.25",hub,0.25,30,27,40,1730,7,1,33,1729,0.175,0.0005780346820809,0.875,0.125,0.1757877022027969
ni_tfnbs,"e=0.05,h=7.0,n=30,start_thres=1.25",hub,0.25,30,27,40,1730,6,0,34,1730,0.15,0.0,1.0,0.0,0.1757877022027969
ni_tfnbs,"e=0.05,h=8.0,n=30,start_thres=1.25",hub,0.25,30,27,40,1730,6,0,34,1730,0.15,0.0,1.0,0.0,0.1757877022027969
ni_tfnbs,"e=0.05,h=9.0,n=30,start_thres=1.25",hub,0.25,30,27,40,1730,6,0,34,1730,0.15,0.0,1.0,0.0,0.1757877022027969
ni_tfnbs,"e=0.05,h=10.0,n=30,start_thres=1.25",hub,0.25,30,27,40,1730,6,0,34,1730,0.15,0.0,1.0,0.0,0.1757877022027969
ni_tfnbs,"e=0.1,h=0.5,n=30,start_thres=1.25",hub,0.25,30,27,40,1730,8,1,32,1729,0.2,0.0005780346820809,0.8888888888888888,0.1111111111111111,0.1757877022027969
ni_tfnbs,"e=0.1,h=1.0,n=30,start_thres=1.25",hub,0.25,30,27,40,1730,8,1,32,1729,0.2,0.0005780346820809,0.8888888888888888,0.1111111111111111,0.1757877022027969
ni_tfnbs,"e=0.1,h=2.0,n=30,start_thres=1.25",hub,0.25,30,27,40,1730,7,1,33,1729,0.175,0.0005780346820809,0.875,0.125,0.1757877022027969
ni_tfnbs,"e=0.1,h=3.0,n=30,start_thres=1.25",hub,0.25,30,27,40,1730,7,1,33,1729,0.175,0.0005780346820809,0.875,0.125,0.1757877022027969
ni_tfnbs,"e=0.1,h=4.0,n=30,start_thres=1.25",hub,0.25,30,27,40,1730,7,1,33,1729,0.175,0.0005780346820809,0.875,0.125,0.1757877022027969
ni_tfnbs,"e=0.1,h=5.0,n=30,start_thres=1.25",hub,0.25,30,27,40,1730,7,1,33,1729,0.175,0.0005780346820809,0.875,0.125,0.1757877022027969
ni_tfnbs,"e=0.1,h=6.0,n=30,start_thres=1.25",hub,0.25,30,27,40,1730,7,1,33,1729,0.175,0.0005780346820809,0.875,0.125,0.1757877022027969
ni_tfnbs,"e=0.1,h=7.0,n=30,start_thres=1.25",hub,0.25,30,27,40,1730,7,1,33,1729,0.175,0.0005780346820809,0.875,0.125,0.1757877022027969
ni_tfnbs,"e=0.1,h=8.0,n=30,start_thres=1.25",hub,0.25,30,27,40,1730,7,1,33,1729,0.175,0.0005780346820809,0.875,0.125,0.1757877022027969
ni_tfnbs,"e=0.1,h=9.0,n=30,start_thres=1.25",hub,0.25,30,27,40,1730,7,1,33,1729,0.175,0.0005780346820809,0.875,0.125,0.1757877022027969
ni_tfnbs,"e=0.1,h=10.0,n=30,start_thres=1.25",hub,0.25,30,27,40,1730,7,1,33,1729,0.175,0.0005780346820809,0.875,0.125,0.1757877022027969
ni_tfnbs,"e=0.2,h=0.5,n=30,start_thres=1.25",hub,0.25,30,27,40,1730,11,2,29,1728,0.275,0.0011560693641618,0.8461538461538461,0.1538461538461538,0.1757877022027969
ni_tfnbs,"e=0.2,h=1.0,n=30,start_thres=1.25",hub,0.25,30,27,40,1730,11,2,29,1728,0.275,0.0011560693641618,0.8461538461538461,0.1538461538461538,0.1757877022027969
ni_tfnbs,"e=0.2,h=2.0,n=30,start_thres=1.25",hub,0.25,30,27,40,1730,9,2,31,1728,0.225,0.0011560693641618,0.8181818181818182,0.1818181818181818,0.1757877022027969
ni_tfnbs,"e=0.2,h=3.0,n=30,start_thres=1.25",hub,0.25,30,27,40,1730,8,1,32,1729,0.2,0.0005780346820809,0.8888888888888888,0.1111111111111111,0.1757877022027969
ni_tfnbs,"e=0.2,h=4.0,n=30,start_thres=1.25",hub,0.25,30,27,40,1730,8,1,32,1729,0.2,0.0005780346820809,0.8888888888888888,0.1111111111111111,0.1757877022027969
ni_tfnbs,"e=0.2,h=5.0,n=30,start_thres=1.25",hub,0.25,30,27,40,1730,8,1,32,1729,0.2,0.0005780346820809,0.8888888888888888,0.1111111111111111,0.1757877022027969
ni_tfnbs,"e=0.2,h=6.0,n=30,start_thres=1.25",hub,0.25,30,27,40,1730,7,1,33,1729,0.175,0.0005780346820809,0.875,0.125,0.1757877022027969
ni_tfnbs,"e=0.2,h=7.0,n=30,start_thres=1.25",hub,0.25,30,27,40,1730,7,1,33,1729,0.175,0.0005780346820809,0.875,0.125,0.1757877022027969
ni_tfnbs,"e=0.2,h=8.0,n=30,start_thres=1.25",hub,0.25,30,27,40,1730,7,1,33,1729,0.175,0.0005780346820809,0.875,0.125,0.1757877022027969
ni_tfnbs,"e=0.2,h=9.0,n=30,start_thres=1.25",hub,0.25,30,27,40,1730,7,1,33,1729,0.175,0.0005780346820809,0.875,0.125,0.1757877022027969
ni_tfnbs,"e=0.2,h=10.0,n=30,start_thres=1.25",hub,0.25,30,27,40,1730,7,1,33,1729,0.175,0.0005780346820809,0.875,0.125,0.1757877022027969
ni_tfnbs,"e=0.3,h=0.5,n=30,start_thres=1.25",hub,0.25,30,27,40,1730,12,3,28,1727,0.3,0.0017341040462427,0.8,0.2,0.1757877022027969
ni_tfnbs,"e=0.3,h=1.0,n=30,start_thres=1.25",hub,0.25,30,27,40,1730,12,2,28,1728,0.3,0.0011560693641618,0.8571428571428571,0.1428571428571428,0.1757877022027969
ni_tfnbs,"e=0.3,h=2.0,n=30,start_thres=1.25",hub,0.25,30,27,40,1730,12,2,28,1728,0.3,0.0011560693641618,0.8571428571428571,0.1428571428571428,0.1757877022027969
ni_tfnbs,"e=0.3,h=3.0,n=30,start_thres=1.25",hub,0.25,30,27,40,1730,11,2,29,1728,0.275,0.0011560693641618,0.8461538461538461,0.1538461538461538,0.1757877022027969
ni_tfnbs,"e=0.3,h=4.0,n=30,start_thres=1.25",hub,0.25,30,27,40,1730,9,2,31,1728,0.225,0.0011560693641618,0.8181818181818182,0.1818181818181818,0.1757877022027969
ni_tfnbs,"e=0.3,h=5.0,n=30,start_thres=1.25",hub,0.25,30,27,40,1730,8,1,32,1729,0.2,0.0005780346820809,0.8888888888888888,0.1111111111111111,0.1757877022027969
ni_tfnbs,"e=0.3,h=6.0,n=30,start_thres=1.25",hub,0.25,30,27,40,1730,8,1,32,1729,0.2,0.0005780346820809,0.8888888888888888,0.1111111111111111,0.1757877022027969
ni_tfnbs,"e=0.3,h=7.0,n=30,start_thres=1.25",hub,0.25,30,27,40,1730,8,1,32,1729,0.2,0.0005780346820809,0.8888888888888888,0.1111111111111111,0.1757877022027969
ni_tfnbs,"e=0.3,h=8.0,n=30,start_thres=1.25",hub,0.25,30,27,40,1730,8,1,32,1729,0.2,0.0005780346820809,0.8888888888888888,0.1111111111111111,0.1757877022027969
ni_tfnbs,"e=0.3,h=9.0,n=30,start_thres=1.25",hub,0.25,30,27,40,1730,7,1,33,1729,0.175,0.0005780346820809,0.875,0.125,0.1757877022027969
ni_tfnbs,"e=0.3,h=10.0,n=30,start_thres=1.25",hub,0.25,30,27,40,1730,7,1,33,1729,0.175,0.0005780346820809,0.875,0.125,0.1757877022027969
ni_tfnbs,"e=0.4,h=0.5,n=30,start_thres=1.25",hub,0.25,30,27,40,1730,13,3,27,1727,0.325,0.0017341040462427,0.8125,0.1875,0.1757877022027969
ni_tfnbs,"e=0.4,h=1.0,n=30,start_thres=1.25",hub,0.25,30,27,40,1730,13,3,27,1727,0.325,0.0017341040462427,0.8125,0.1875,0.1757877022027969
ni_tfnbs,"e=0.4,h=2.0,n=30,start_thres=1.25",hub,0.25,30,27,40,1730,12,2,28,1728,0.3,0.0011560693641618,0.8571428571428571,0.1428571428571428,0.1757877022027969
ni_tfnbs,"e=0.4,h=3.0,n=30,start_thres=1.25",hub,0.25,30,27,40,1730,12,2,28,1728,0.3,0.0011560693641618,0.8571428571428571,0.1428571428571428,0.1757877022027969
ni_tfnbs,"e=0.4,h=4.0,n=30,start_thres=1.25",hub,0.25,30,27,40,1730,11,2,29,1728,0.275,0.0011560693641618,0.8461538461538461,0.1538461538461538,0.1757877022027969
ni_tfnbs,"e=0.4,h=5.0,n=30,start_thres=1.25",hub,0.25,30,27,40,1730,10,2,30,1728,0.25,0.0011560693641618,0.8333333333333334,0.1666666666666666,0.1757877022027969
ni_tfnbs,"e=0.4,h=6.0,n=30,start_thres=1.25",hub,0.25,30,27,40,1730,8,1,32,1729,0.2,0.0005780346820809,0.8888888888888888,0.1111111111111111,0.1757877022027969
ni_tfnbs,"e=0.4,h=7.0,n=30,start_thres=1.25",hub,0.25,30,27,40,1730,8,1,32,1729,0.2,0.0005780346820809,0.8888888888888888,0.1111111111111111,0.1757877022027969
ni_tfnbs,"e=0.4,h=8.0,n=30,start_thres=1.25",hub,0.25,30,27,40,1730,8,1,32,1729,0.2,0.0005780346820809,0.8888888888888888,0.1111111111111111,0.1757877022027969
ni_tfnbs,"e=0.4,h=9.0,n=30,start_thres=1.25",hub,0.25,30,27,40,1730,8,1,32,1729,0.2,0.0005780346820809,0.8888888888888888,0.1111111111111111,0.1757877022027969
ni_tfnbs,"e=0.4,h=10.0,n=30,start_thres=1.25",hub,0.25,30,27,40,1730,8,1,32,1729,0.2,0.0005780346820809,0.8888888888888888,0.1111111111111111,0.1757877022027969
ni_tfnbs,"e=0.5,h=0.5,n=30,start_thres=1.25",hub,0.25,30,27,40,1730,17,3,23,1727,0.425,0.0017341040462427,0.85,0.15,0.1757877022027969
ni_tfnbs,"e=0.5,h=1.0,n=30,start_thres=1.25",hub,0.25,30,27,40,1730,17,3,23,1727,0.425,0.0017341040462427,0.85,0.15,0.1757877022027969
ni_tfnbs,"e=0.5,h=2.0,n=30,start_thres=1.25",hub,0.25,30,27,40,1730,13,3,27,1727,0.325,0.0017341040462427,0.8125,0.1875,0.1757877022027969
ni_tfnbs,"e=0.5,h=3.0,n=30,start_thres=1.25",hub,0.25,30,27,40,1730,12,3,28,1727,0.3,0.0017341040462427,0.8,0.2,0.1757877022027969
ni_tfnbs,"e=0.5,h=4.0,n=30,start_thres=1.25",hub,0.25,30,27,40,1730,12,2,28,1728,0.3,0.0011560693641618,0.8571428571428571,0.1428571428571428,0.1757877022027969
ni_tfnbs,"e=0.5,h=5.0,n=30,start_thres=1.25",hub,0.25,30,27,40,1730,11,2,29,1728,0.275,0.0011560693641618,0.8461538461538461,0.1538461538461538,0.1757877022027969
ni_tfnbs,"e=0.5,h=6.0,n=30,start_thres=1.25",hub,0.25,30,27,40,1730,11,2,29,1728,0.275,0.0011560693641618,0.8461538461538461,0.1538461538461538,0.1757877022027969
ni_tfnbs,"e=0.5,h=7.0,n=30,start_thres=1.25",hub,0.25,30,27,40,1730,10,2,30,1728,0.25,0.0011560693641618,0.8333333333333334,0.1666666666666666,0.1757877022027969
ni_tfnbs,"e=0.5,h=8.0,n=30,start_thres=1.25",hub,0.25,30,27,40,1730,8,1,32,1729,0.2,0.0005780346820809,0.8888888888888888,0.1111111111111111,0.1757877022027969
ni_tfnbs,"e=0.5,h=9.0,n=30,start_thres=1.25",hub,0.25,30,27,40,1730,8,1,32,1729,0.2,0.0005780346820809,0.8888888888888888,0.1111111111111111,0.1757877022027969
ni_tfnbs,"e=0.5,h=10.0,n=30,start_thres=1.25",hub,0.25,30,27,40,1730,8,1,32,1729,0.2,0.0005780346820809,0.8888888888888888,0.1111111111111111,0.1757877022027969
ni_tfnbs,"e=0.6,h=0.5,n=30,start_thres=1.25",hub,0.25,30,27,40,1730,18,3,22,1727,0.45,0.0017341040462427,0.8571428571428571,0.1428571428571428,0.1757877022027969
ni_tfnbs,"e=0.6,h=1.0,n=30,start_thres=1.25",hub,0.25,30,27,40,1730,17,3,23,1727,0.425,0.0017341040462427,0.85,0.15,0.1757877022027969
ni_tfnbs,"e=0.6,h=2.0,n=30,start_thres=1.25",hub,0.25,30,27,40,1730,17,3,23,1727,0.425,0.0017341040462427,0.85,0.15,0.1757877022027969
ni_tfnbs,"e=0.6,h=3.0,n=30,start_thres=1.25",hub,0.25,30,27,40,1730,13,3,27,1727,0.325,0.0017341040462427,0.8125,0.1875,0.1757877022027969
ni_tfnbs,"e=0.6,h=4.0,n=30,start_thres=1.25",hub,0.25,30,27,40,1730,12,3,28,1727,0.3,0.0017341040462427,0.8,0.2,0.1757877022027969
ni_tfnbs,"e=0.6,h=5.0,n=30,start_thres=1.25",hub,0.25,30,27,40,1730,12,2,28,1728,0.3,0.0011560693641618,0.8571428571428571,0.1428571428571428,0.1757877022027969
ni_tfnbs,"e=0.6,h=6.0,n=30,start_thres=1.25",hub,0.25,30,27,40,1730,11,2,29,1728,0.275,0.0011560693641618,0.8461538461538461,0.1538461538461538,0.1757877022027969
ni_tfnbs,"e=0.6,h=7.0,n=30,start_thres=1.25",hub,0.25,30,27,40,1730,11,2,29,1728,0.275,0.0011560693641618,0.8461538461538461,0.1538461538461538,0.1757877022027969
ni_tfnbs,"e=0.6,h=8.0,n=30,start_thres=1.25",hub,0.25,30,27,40,1730,10,2,30,1728,0.25,0.0011560693641618,0.8333333333333334,0.1666666666666666,0.1757877022027969
ni_tfnbs,"e=0.6,h=9.0,n=30,start_thres=1.25",hub,0.25,30,27,40,1730,9,1,31,1729,0.225,0.0005780346820809,0.9,0.1,0.1757877022027969
ni_tfnbs,"e=0.6,h=10.0,n=30,start_thres=1.25",hub,0.25,30,27,40,1730,8,1,32,1729,0.2,0.0005780346820809,0.8888888888888888,0.1111111111111111,0.1757877022027969
ni_tfnbs,"e=0.7,h=0.5,n=30,start_thres=1.25",hub,0.25,30,27,40,1730,19,3,21,1727,0.475,0.0017341040462427,0.8636363636363636,0.1363636363636363,0.1757877022027969
ni_tfnbs,"e=0.7,h=1.0,n=30,start_thres=1.25",hub,0.25,30,27,40,1730,19,3,21,1727,0.475,0.0017341040462427,0.8636363636363636,0.1363636363636363,0.1757877022027969
ni_tfnbs,"e=0.7,h=2.0,n=30,start_thres=1.25",hub,0.25,30,27,40,1730,17,3,23,1727,0.425,0.0017341040462427,0.85,0.15,0.1757877022027969
ni_tfnbs,"e=0.7,h=3.0,n=30,start_thres=1.25",hub,0.25,30,27,40,1730,17,3,23,1727,0.425,0.0017341040462427,0.85,0.15,0.1757877022027969
ni_tfnbs,"e=0.7,h=4.0,n=30,start_thres=1.25",hub,0.25,30,27,40,1730,13,3,27,1727,0.325,0.0017341040462427,0.8125,0.1875,0.1757877022027969
ni_tfnbs,"e=0.7,h=5.0,n=30,start_thres=1.25",hub,0.25,30,27,40,1730,12,3,28,1727,0.3,0.0017341040462427,0.8,0.2,0.1757877022027969
ni_tfnbs,"e=0.7,h=6.0,n=30,start_thres=1.25",hub,0.25,30,27,40,1730,12,2,28,1728,0.3,0.0011560693641618,0.8571428571428571,0.1428571428571428,0.1757877022027969
ni_tfnbs,"e=0.7,h=7.0,n=30,start_thres=1.25",hub,0.25,30,27,40,1730,11,2,29,1728,0.275,0.0011560693641618,0.8461538461538461,0.1538461538461538,0.1757877022027969
ni_tfnbs,"e=0.7,h=8.0,n=30,start_thres=1.25",hub,0.25,30,27,40,1730,11,2,29,1728,0.275,0.0011560693641618,0.8461538461538461,0.1538461538461538,0.1757877022027969
ni_tfnbs,"e=0.7,h=9.0,n=30,start_thres=1.25",hub,0.25,30,27,40,1730,11,2,29,1728,0.275,0.0011560693641618,0.8461538461538461,0.1538461538461538,0.1757877022027969
ni_tfnbs,"e=0.7,h=10.0,n=30,start_thres=1.25",hub,0.25,30,27,40,1730,9,1,31,1729,0.225,0.0005780346820809,0.9,0.1,0.1757877022027969
ni_tfnbs,"e=0.8,h=0.5,n=30,start_thres=1.25",hub,0.25,30,27,40,1730,20,4,20,1726,0.5,0.0023121387283236,0.8333333333333334,0.1666666666666666,0.1757877022027969
ni_tfnbs,"e=0.8,h=1.0,n=30,start_thres=1.25",hub,0.25,30,27,40,1730,19,4,21,1726,0.475,0.0023121387283236,0.8260869565217391,0.1739130434782608,0.1757877022027969
ni_tfnbs,"e=0.8,h=2.0,n=30,start_thres=1.25",hub,0.25,30,27,40,1730,19,3,21,1727,0.475,0.0017341040462427,0.8636363636363636,0.1363636363636363,0.1757877022027969
ni_tfnbs,"e=0.8,h=3.0,n=30,start_thres=1.25",hub,0.25,30,27,40,1730,17,3,23,1727,0.425,0.0017341040462427,0.85,0.15,0.1757877022027969
ni_tfnbs,"e=0.8,h=4.0,n=30,start_thres=1.25",hub,0.25,30,27,40,1730,17,3,23,1727,0.425,0.0017341040462427,0.85,0.15,0.1757877022027969
ni_tfnbs,"e=0.8,h=5.0,n=30,start_thres=1.25",hub,0.25,30,27,40,1730,13,3,27,1727,0.325,0.0017341040462427,0.8125,0.1875,0.1757877022027969
ni_tfnbs,"e=0.8,h=6.0,n=30,start_thres=1.25",hub,0.25,30,27,40,1730,12,3,28,1727,0.3,0.0017341040462427,0.8,0.2,0.1757877022027969
ni_tfnbs,"e=0.8,h=7.0,n=30,start_thres=1.25",hub,0.25,30,27,40,1730,12,2,28,1728,0.3,0.0011560693641618,0.8571428571428571,0.1428571428571428,0.1757877022027969
ni_tfnbs,"e=0.8,h=8.0,n=30,start_thres=1.25",hub,0.25,30,27,40,1730,11,2,29,1728,0.275,0.0011560693641618,0.8461538461538461,0.1538461538461538,0.1757877022027969
ni_tfnbs,"e=0.8,h=9.0,n=30,start_thres=1.25",hub,0.25,30,27,40,1730,11,2,29,1728,0.275,0.0011560693641618,0.8461538461538461,0.1538461538461538,0.1757877022027969
ni_tfnbs,"e=0.8,h=10.0,n=30,start_thres=1.25",hub,0.25,30,27,40,1730,11,2,29,1728,0.275,0.0011560693641618,0.8461538461538461,0.1538461538461538,0.1757877022027969
ni_tfnbs,"e=0.9,h=0.5,n=30,start_thres=1.25",hub,0.25,30,27,40,1730,20,4,20,1726,0.5,0.0023121387283236,0.8333333333333334,0.1666666666666666,0.1757877022027969
ni_tfnbs,"e=0.9,h=1.0,n=30,start_thres=1.25",hub,0.25,30,27,40,1730,20,4,20,1726,0.5,0.0023121387283236,0.8333333333333334,0.1666666666666666,0.1757877022027969
ni_tfnbs,"e=0.9,h=2.0,n=30,start_thres=1.25",hub,0.25,30,27,40,1730,19,4,21,1726,0.475,0.0023121387283236,0.8260869565217391,0.1739130434782608,0.1757877022027969
ni_tfnbs,"e=0.9,h=3.0,n=30,start_thres=1.25",hub,0.25,30,27,40,1730,19,3,21,1727,0.475,0.0017341040462427,0.8636363636363636,0.1363636363636363,0.1757877022027969
ni_tfnbs,"e=0.9,h=4.0,n=30,start_thres=1.25",hub,0.25,30,27,40,1730,17,3,23,1727,0.425,0.0017341040462427,0.85,0.15,0.1757877022027969
ni_tfnbs,"e=0.9,h=5.0,n=30,start_thres=1.25",hub,0.25,30,27,40,1730,17,3,23,1727,0.425,0.0017341040462427,0.85,0.15,0.1757877022027969
ni_tfnbs,"e=0.9,h=6.0,n=30,start_thres=1.25",hub,0.25,30,27,40,1730,13,3,27,1727,0.325,0.0017341040462427,0.8125,0.1875,0.1757877022027969
ni_tfnbs,"e=0.9,h=7.0,n=30,start_thres=1.25",hub,0.25,30,27,40,1730,12,2,28,1728,0.3,0.0011560693641618,0.8571428571428571,0.1428571428571428,0.1757877022027969
ni_tfnbs,"e=0.9,h=8.0,n=30,start_thres=1.25",hub,0.25,30,27,40,1730,12,2,28,1728,0.3,0.0011560693641618,0.8571428571428571,0.1428571428571428,0.1757877022027969
ni_tfnbs,"e=0.9,h=9.0,n=30,start_thres=1.25",hub,0.25,30,27,40,1730,11,2,29,1728,0.275,0.0011560693641618,0.8461538461538461,0.1538461538461538,0.1757877022027969
ni_tfnbs,"e=0.9,h=10.0,n=30,start_thres=1.25",hub,0.25,30,27,40,1730,11,2,29,1728,0.275,0.0011560693641618,0.8461538461538461,0.1538461538461538,0.1757877022027969
ni_tfnbs,"e=1.0,h=0.5,n=30,start_thres=1.25",hub,0.25,30,27,40,1730,20,6,20,1724,0.5,0.0034682080924855,0.7692307692307693,0.2307692307692307,0.1757877022027969
ni_tfnbs,"e=1.0,h=1.0,n=30,start_thres=1.25",hub,0.25,30,27,40,1730,20,5,20,1725,0.5,0.0028901734104046,0.8,0.2,0.1757877022027969
ni_tfnbs,"e=1.0,h=2.0,n=30,start_thres=1.25",hub,0.25,30,27,40,1730,20,4,20,1726,0.5,0.0023121387283236,0.8333333333333334,0.1666666666666666,0.1757877022027969
ni_tfnbs,"e=1.0,h=3.0,n=30,start_thres=1.25",hub,0.25,30,27,40,1730,19,4,21,1726,0.475,0.0023121387283236,0.8260869565217391,0.1739130434782608,0.1757877022027969
ni_tfnbs,"e=1.0,h=4.0,n=30,start_thres=1.25",hub,0.25,30,27,40,1730,19,3,21,1727,0.475,0.0017341040462427,0.8636363636363636,0.1363636363636363,0.1757877022027969
ni_tfnbs,"e=1.0,h=5.0,n=30,start_thres=1.25",hub,0.25,30,27,40,1730,17,3,23,1727,0.425,0.0017341040462427,0.85,0.15,0.1757877022027969
ni_tfnbs,"e=1.0,h=6.0,n=30,start_thres=1.25",hub,0.25,30,27,40,1730,16,3,24,1727,0.4,0.0017341040462427,0.8421052631578947,0.1578947368421052,0.1757877022027969
ni_tfnbs,"e=1.0,h=7.0,n=30,start_thres=1.25",hub,0.25,30,27,40,1730,12,3,28,1727,0.3,0.0017341040462427,0.8,0.2,0.1757877022027969
ni_tfnbs,"e=1.0,h=8.0,n=30,start_thres=1.25",hub,0.25,30,27,40,1730,12,2,28,1728,0.3,0.0011560693641618,0.8571428571428571,0.1428571428571428,0.1757877022027969
ni_tfnbs,"e=1.0,h=9.0,n=30,start_thres=1.25",hub,0.25,30,27,40,1730,12,2,28,1728,0.3,0.0011560693641618,0.8571428571428571,0.1428571428571428,0.1757877022027969
ni_tfnbs,"e=1.0,h=10.0,n=30,start_thres=1.25",hub,0.25,30,27,40,1730,11,2,29,1728,0.275,0.0011560693641618,0.8461538461538461,0.1538461538461538,0.1757877022027969
ni_tfnbs,"e=1.1,h=0.5,n=30,start_thres=1.25",hub,0.25,30,27,40,1730,20,6,20,1724,0.5,0.0034682080924855,0.7692307692307693,0.2307692307692307,0.1757877022027969
ni_tfnbs,"e=1.1,h=1.0,n=30,start_thres=1.25",hub,0.25,30,27,40,1730,20,6,20,1724,0.5,0.0034682080924855,0.7692307692307693,0.2307692307692307,0.1757877022027969
ni_tfnbs,"e=1.1,h=2.0,n=30,start_thres=1.25",hub,0.25,30,27,40,1730,20,5,20,1725,0.5,0.0028901734104046,0.8,0.2,0.1757877022027969
ni_tfnbs,"e=1.1,h=3.0,n=30,start_thres=1.25",hub,0.25,30,27,40,1730,20,4,20,1726,0.5,0.0023121387283236,0.8333333333333334,0.1666666666666666,0.1757877022027969
ni_tfnbs,"e=1.1,h=4.0,n=30,start_thres=1.25",hub,0.25,30,27,40,1730,19,4,21,1726,0.475,0.0023121387283236,0.8260869565217391,0.1739130434782608,0.1757877022027969
ni_tfnbs,"e=1.1,h=5.0,n=30,start_thres=1.25",hub,0.25,30,27,40,1730,19,3,21,1727,0.475,0.0017341040462427,0.8636363636363636,0.1363636363636363,0.1757877022027969
ni_tfnbs,"e=1.1,h=6.0,n=30,start_thres=1.25",hub,0.25,30,27,40,1730,17,3,23,1727,0.425,0.0017341040462427,0.85,0.15,0.1757877022027969
ni_tfnbs,"e=1.1,h=7.0,n=30,start_thres=1.25",hub,0.25,30,27,40,1730,16,3,24,1727,0.4,0.0017341040462427,0.8421052631578947,0.1578947368421052,0.1757877022027969
ni_tfnbs,"e=1.1,h=8.0,n=30,start_thres=1.25",hub,0.25,30,27,40,1730,12,3,28,1727,0.3,0.0017341040462427,0.8,0.2,0.1757877022027969
ni_tfnbs,"e=1.1,h=9.0,n=30,start_thres=1.25",hub,0.25,30,27,40,1730,12,2,28,1728,0.3,0.0011560693641618,0.8571428571428571,0.1428571428571428,0.1757877022027969
ni_tfnbs,"e=1.1,h=10.0,n=30,start_thres=1.25",hub,0.25,30,27,40,1730,12,2,28,1728,0.3,0.0011560693641618,0.8571428571428571,0.1428571428571428,0.1757877022027969
ni_tfnbs,"e=1.2,h=0.5,n=30,start_thres=1.25",hub,0.25,30,27,40,1730,19,6,21,1724,0.475,0.0034682080924855,0.76,0.24,0.1757877022027969
ni_tfnbs,"e=1.2,h=1.0,n=30,start_thres=1.25",hub,0.25,30,27,40,1730,20,6,20,1724,0.5,0.0034682080924855,0.7692307692307693,0.2307692307692307,0.1757877022027969
ni_tfnbs,"e=1.2,h=2.0,n=30,start_thres=1.25",hub,0.25,30,27,40,1730,20,6,20,1724,0.5,0.0034682080924855,0.7692307692307693,0.2307692307692307,0.1757877022027969
ni_tfnbs,"e=1.2,h=3.0,n=30,start_thres=1.25",hub,0.25,30,27,40,1730,20,5,20,1725,0.5,0.0028901734104046,0.8,0.2,0.1757877022027969
ni_tfnbs,"e=1.2,h=4.0,n=30,start_thres=1.25",hub,0.25,30,27,40,1730,19,4,21,1726,0.475,0.0023121387283236,0.8260869565217391,0.1739130434782608,0.1757877022027969
ni_tfnbs,"e=1.2,h=5.0,n=30,start_thres=1.25",hub,0.25,30,27,40,1730,19,3,21,1727,0.475,0.0017341040462427,0.8636363636363636,0.1363636363636363,0.1757877022027969
ni_tfnbs,"e=1.2,h=6.0,n=30,start_thres=1.25",hub,0.25,30,27,40,1730,17,3,23,1727,0.425,0.0017341040462427,0.85,0.15,0.1757877022027969
ni_tfnbs,"e=1.2,h=7.0,n=30,start_thres=1.25",hub,0.25,30,27,40,1730,17,3,23,1727,0.425,0.0017341040462427,0.85,0.15,0.1757877022027969
ni_tfnbs,"e=1.2,h=8.0,n=30,start_thres=1.25",hub,0.25,30,27,40,1730,13,3,27,1727,0.325,0.0017341040462427,0.8125,0.1875,0.1757877022027969
ni_tfnbs,"e=1.2,h=9.0,n=30,start_thres=1.25",hub,0.25,30,27,40,1730,12,3,28,1727,0.3,0.0017341040462427,0.8,0.2,0.1757877022027969
ni_tfnbs,"e=1.2,h=10.0,n=30,start_thres=1.25",hub,0.25,30,27,40,1730,12,2,28,1728,0.3,0.0011560693641618,0.8571428571428571,0.1428571428571428,0.1757877022027969
ni_tfnbs,"e=1.3,h=0.5,n=30,start_thres=1.25",hub,0.25,30,27,40,1730,19,6,21,1724,0.475,0.0034682080924855,0.76,0.24,0.1757877022027969
ni_tfnbs,"e=1.3,h=1.0,n=30,start_thres=1.25",hub,0.25,30,27,40,1730,20,6,20,1724,0.5,0.0034682080924855,0.7692307692307693,0.2307692307692307,0.1757877022027969
ni_tfnbs,"e=1.3,h=2.0,n=30,start_thres=1.25",hub,0.25,30,27,40,1730,20,6,20,1724,0.5,0.0034682080924855,0.7692307692307693,0.2307692307692307,0.1757877022027969
ni_tfnbs,"e=1.3,h=3.0,n=30,start_thres=1.25",hub,0.25,30,27,40,1730,20,6,20,1724,0.5,0.0034682080924855,0.7692307692307693,0.2307692307692307,0.1757877022027969
ni_tfnbs,"e=1.3,h=4.0,n=30,start_thres=1.25",hub,0.25,30,27,40,1730,20,5,20,1725,0.5,0.0028901734104046,0.8,0.2,0.1757877022027969
ni_tfnbs,"e=1.3,h=5.0,n=30,start_thres=1.25",hub,0.25,30,27,40,1730,19,4,21,1726,0.475,0.0023121387283236,0.8260869565217391,0.1739130434782608,0.1757877022027969
ni_tfnbs,"e=1.3,h=6.0,n=30,start_thres=1.25",hub,0.25,30,27,40,1730,19,3,21,1727,0.475,0.0017341040462427,0.8636363636363636,0.1363636363636363,0.1757877022027969
ni_tfnbs,"e=1.3,h=7.0,n=30,start_thres=1.25",hub,0.25,30,27,40,1730,17,3,23,1727,0.425,0.0017341040462427,0.85,0.15,0.1757877022027969
ni_tfnbs,"e=1.3,h=8.0,n=30,start_thres=1.25",hub,0.25,30,27,40,1730,17,3,23,1727,0.425,0.0017341040462427,0.85,0.15,0.1757877022027969
ni_tfnbs,"e=1.3,h=9.0,n=30,start_thres=1.25",hub,0.25,30,27,40,1730,12,3,28,1727,0.3,0.0017341040462427,0.8,0.2,0.1757877022027969
ni_tfnbs,"e=1.3,h=10.0,n=30,start_thres=1.25",hub,0.25,30,27,40,1730,11,2,29,1728,0.275,0.0011560693641618,0.8461538461538461,0.1538461538461538,0.1757877022027969
ni_tfnbs,"e=1.4,h=0.5,n=30,start_thres=1.25",hub,0.25,30,27,40,1730,19,7,21,1723,0.475,0.0040462427745664,0.7307692307692307,0.2692307692307692,0.1757877022027969
ni_tfnbs,"e=1.4,h=1.0,n=30,start_thres=1.25",hub,0.25,30,27,40,1730,19,7,21,1723,0.475,0.0040462427745664,0.7307692307692307,0.2692307692307692,0.1757877022027969
ni_tfnbs,"e=1.4,h=2.0,n=30,start_thres=1.25",hub,0.25,30,27,40,1730,20,7,20,1723,0.5,0.0040462427745664,0.7407407407407407,0.2592592592592592,0.1757877022027969
ni_tfnbs,"e=1.4,h=3.0,n=30,start_thres=1.25",hub,0.25,30,27,40,1730,20,6,20,1724,0.5,0.0034682080924855,0.7692307692307693,0.2307692307692307,0.1757877022027969
ni_tfnbs,"e=1.4,h=4.0,n=30,start_thres=1.25",hub,0.25,30,27,40,1730,20,6,20,1724,0.5,0.0034682080924855,0.7692307692307693,0.2307692307692307,0.1757877022027969
ni_tfnbs,"e=1.4,h=5.0,n=30,start_thres=1.25",hub,0.25,30,27,40,1730,20,4,20,1726,0.5,0.0023121387283236,0.8333333333333334,0.1666666666666666,0.1757877022027969
ni_tfnbs,"e=1.4,h=6.0,n=30,start_thres=1.25",hub,0.25,30,27,40,1730,19,4,21,1726,0.475,0.0023121387283236,0.8260869565217391,0.1739130434782608,0.1757877022027969
ni_tfnbs,"e=1.4,h=7.0,n=30,start_thres=1.25",hub,0.25,30,27,40,1730,18,3,22,1727,0.45,0.0017341040462427,0.8571428571428571,0.1428571428571428,0.1757877022027969
ni_tfnbs,"e=1.4,h=8.0,n=30,start_thres=1.25",hub,0.25,30,27,40,1730,16,3,24,1727,0.4,0.0017341040462427,0.8421052631578947,0.1578947368421052,0.1757877022027969
ni_tfnbs,"e=1.4,h=9.0,n=30,start_thres=1.25",hub,0.25,30,27,40,1730,15,3,25,1727,0.375,0.0017341040462427,0.8333333333333334,0.1666666666666666,0.1757877022027969
ni_tfnbs,"e=1.4,h=10.0,n=30,start_thres=1.25",hub,0.25,30,27,40,1730,12,3,28,1727,0.3,0.0017341040462427,0.8,0.2,0.1757877022027969
ni_tfnbs,"e=1.5,h=0.5,n=30,start_thres=1.25",hub,0.25,30,27,40,1730,19,7,21,1723,0.475,0.0040462427745664,0.7307692307692307,0.2692307692307692,0.1757877022027969
ni_tfnbs,"e=1.5,h=1.0,n=30,start_thres=1.25",hub,0.25,30,27,40,1730,19,7,21,1723,0.475,0.0040462427745664,0.7307692307692307,0.2692307692307692,0.1757877022027969
ni_tfnbs,"e=1.5,h=2.0,n=30,start_thres=1.25",hub,0.25,30,27,40,1730,20,7,20,1723,0.5,0.0040462427745664,0.7407407407407407,0.2592592592592592,0.1757877022027969
ni_tfnbs,"e=1.5,h=3.0,n=30,start_thres=1.25",hub,0.25,30,27,40,1730,20,7,20,1723,0.5,0.0040462427745664,0.7407407407407407,0.2592592592592592,0.1757877022027969
ni_tfnbs,"e=1.5,h=4.0,n=30,start_thres=1.25",hub,0.25,30,27,40,1730,21,7,19,1723,0.525,0.0040462427745664,0.75,0.25,0.1757877022027969
ni_tfnbs,"e=1.5,h=5.0,n=30,start_thres=1.25",hub,0.25,30,27,40,1730,21,6,19,1724,0.525,0.0034682080924855,0.7777777777777778,0.2222222222222222,0.1757877022027969
ni_tfnbs,"e=1.5,h=6.0,n=30,start_thres=1.25",hub,0.25,30,27,40,1730,20,4,20,1726,0.5,0.0023121387283236,0.8333333333333334,0.1666666666666666,0.1757877022027969
ni_tfnbs,"e=1.5,h=7.0,n=30,start_thres=1.25",hub,0.25,30,27,40,1730,19,3,21,1727,0.475,0.0017341040462427,0.8636363636363636,0.1363636363636363,0.1757877022027969
ni_tfnbs,"e=1.5,h=8.0,n=30,start_thres=1.25",hub,0.25,30,27,40,1730,16,3,24,1727,0.4,0.0017341040462427,0.8421052631578947,0.1578947368421052,0.1757877022027969
ni_tfnbs,"e=1.5,h=9.0,n=30,start_thres=1.25",hub,0.25,30,27,40,1730,16,3,24,1727,0.4,0.0017341040462427,0.8421052631578947,0.1578947368421052,0.1757877022027969
ni_tfnbs,"e=1.5,h=10.0,n=30,start_thres=1.25",hub,0.25,30,27,40,1730,15,3,25,1727,0.375,0.0017341040462427,0.8333333333333334,0.1666666666666666,0.1757877022027969
ni_tfnbs,"e=0.05,h=0.5,n=30,start_thres=1.25",hub,0.25,30,28,40,1730,12,1,28,1729,0.3,0.0005780346820809,0.9230769230769232,0.0769230769230769,0.1762655201283368
ni_tfnbs,"e=0.05,h=1.0,n=30,start_thres=1.25",hub,0.25,30,28,40,1730,12,1,28,1729,0.3,0.0005780346820809,0.9230769230769232,0.0769230769230769,0.1762655201283368
ni_tfnbs,"e=0.05,h=2.0,n=30,start_thres=1.25",hub,0.25,30,28,40,1730,9,1,31,1729,0.225,0.0005780346820809,0.9,0.1,0.1762655201283368
ni_tfnbs,"e=0.05,h=3.0,n=30,start_thres=1.25",hub,0.25,30,28,40,1730,8,1,32,1729,0.2,0.0005780346820809,0.8888888888888888,0.1111111111111111,0.1762655201283368
ni_tfnbs,"e=0.05,h=4.0,n=30,start_thres=1.25",hub,0.25,30,28,40,1730,8,1,32,1729,0.2,0.0005780346820809,0.8888888888888888,0.1111111111111111,0.1762655201283368
ni_tfnbs,"e=0.05,h=5.0,n=30,start_thres=1.25",hub,0.25,30,28,40,1730,8,1,32,1729,0.2,0.0005780346820809,0.8888888888888888,0.1111111111111111,0.1762655201283368
ni_tfnbs,"e=0.05,h=6.0,n=30,start_thres=1.25",hub,0.25,30,28,40,1730,8,1,32,1729,0.2,0.0005780346820809,0.8888888888888888,0.1111111111111111,0.1762655201283368
ni_tfnbs,"e=0.05,h=7.0,n=30,start_thres=1.25",hub,0.25,30,28,40,1730,8,1,32,1729,0.2,0.0005780346820809,0.8888888888888888,0.1111111111111111,0.1762655201283368
ni_tfnbs,"e=0.05,h=8.0,n=30,start_thres=1.25",hub,0.25,30,28,40,1730,8,1,32,1729,0.2,0.0005780346820809,0.8888888888888888,0.1111111111111111,0.1762655201283368
ni_tfnbs,"e=0.05,h=9.0,n=30,start_thres=1.25",hub,0.25,30,28,40,1730,8,1,32,1729,0.2,0.0005780346820809,0.8888888888888888,0.1111111111111111,0.1762655201283368
ni_tfnbs,"e=0.05,h=10.0,n=30,start_thres=1.25",hub,0.25,30,28,40,1730,8,1,32,1729,0.2,0.0005780346820809,0.8888888888888888,0.1111111111111111,0.1762655201283368
ni_tfnbs,"e=0.1,h=0.5,n=30,start_thres=1.25",hub,0.25,30,28,40,1730,12,1,28,1729,0.3,0.0005780346820809,0.9230769230769232,0.0769230769230769,0.1762655201283368
ni_tfnbs,"e=0.1,h=1.0,n=30,start_thres=1.25",hub,0.25,30,28,40,1730,12,1,28,1729,0.3,0.0005780346820809,0.9230769230769232,0.0769230769230769,0.1762655201283368
ni_tfnbs,"e=0.1,h=2.0,n=30,start_thres=1.25",hub,0.25,30,28,40,1730,12,1,28,1729,0.3,0.0005780346820809,0.9230769230769232,0.0769230769230769,0.1762655201283368
ni_tfnbs,"e=0.1,h=3.0,n=30,start_thres=1.25",hub,0.25,30,28,40,1730,12,1,28,1729,0.3,0.0005780346820809,0.9230769230769232,0.0769230769230769,0.1762655201283368
ni_tfnbs,"e=0.1,h=4.0,n=30,start_thres=1.25",hub,0.25,30,28,40,1730,11,1,29,1729,0.275,0.0005780346820809,0.9166666666666666,0.0833333333333333,0.1762655201283368
ni_tfnbs,"e=0.1,h=5.0,n=30,start_thres=1.25",hub,0.25,30,28,40,1730,11,1,29,1729,0.275,0.0005780346820809,0.9166666666666666,0.0833333333333333,0.1762655201283368
ni_tfnbs,"e=0.1,h=6.0,n=30,start_thres=1.25",hub,0.25,30,28,40,1730,8,1,32,1729,0.2,0.0005780346820809,0.8888888888888888,0.1111111111111111,0.1762655201283368
ni_tfnbs,"e=0.1,h=7.0,n=30,start_thres=1.25",hub,0.25,30,28,40,1730,8,1,32,1729,0.2,0.0005780346820809,0.8888888888888888,0.1111111111111111,0.1762655201283368
ni_tfnbs,"e=0.1,h=8.0,n=30,start_thres=1.25",hub,0.25,30,28,40,1730,8,1,32,1729,0.2,0.0005780346820809,0.8888888888888888,0.1111111111111111,0.1762655201283368
ni_tfnbs,"e=0.1,h=9.0,n=30,start_thres=1.25",hub,0.25,30,28,40,1730,8,1,32,1729,0.2,0.0005780346820809,0.8888888888888888,0.1111111111111111,0.1762655201283368
ni_tfnbs,"e=0.1,h=10.0,n=30,start_thres=1.25",hub,0.25,30,28,40,1730,8,1,32,1729,0.2,0.0005780346820809,0.8888888888888888,0.1111111111111111,0.1762655201283368
ni_tfnbs,"e=0.2,h=0.5,n=30,start_thres=1.25",hub,0.25,30,28,40,1730,14,1,26,1729,0.35,0.0005780346820809,0.9333333333333332,0.0666666666666666,0.1762655201283368
ni_tfnbs,"e=0.2,h=1.0,n=30,start_thres=1.25",hub,0.25,30,28,40,1730,13,1,27,1729,0.325,0.0005780346820809,0.9285714285714286,0.0714285714285714,0.1762655201283368
ni_tfnbs,"e=0.2,h=2.0,n=30,start_thres=1.25",hub,0.25,30,28,40,1730,13,1,27,1729,0.325,0.0005780346820809,0.9285714285714286,0.0714285714285714,0.1762655201283368
ni_tfnbs,"e=0.2,h=3.0,n=30,start_thres=1.25",hub,0.25,30,28,40,1730,13,1,27,1729,0.325,0.0005780346820809,0.9285714285714286,0.0714285714285714,0.1762655201283368
ni_tfnbs,"e=0.2,h=4.0,n=30,start_thres=1.25",hub,0.25,30,28,40,1730,12,1,28,1729,0.3,0.0005780346820809,0.9230769230769232,0.0769230769230769,0.1762655201283368
ni_tfnbs,"e=0.2,h=5.0,n=30,start_thres=1.25",hub,0.25,30,28,40,1730,12,1,28,1729,0.3,0.0005780346820809,0.9230769230769232,0.0769230769230769,0.1762655201283368
ni_tfnbs,"e=0.2,h=6.0,n=30,start_thres=1.25",hub,0.25,30,28,40,1730,12,1,28,1729,0.3,0.0005780346820809,0.9230769230769232,0.0769230769230769,0.1762655201283368
ni_tfnbs,"e=0.2,h=7.0,n=30,start_thres=1.25",hub,0.25,30,28,40,1730,11,1,29,1729,0.275,0.0005780346820809,0.9166666666666666,0.0833333333333333,0.1762655201283368
ni_tfnbs,"e=0.2,h=8.0,n=30,start_thres=1.25",hub,0.25,30,28,40,1730,11,1,29,1729,0.275,0.0005780346820809,0.9166666666666666,0.0833333333333333,0.1762655201283368
ni_tfnbs,"e=0.2,h=9.0,n=30,start_thres=1.25",hub,0.25,30,28,40,1730,11,1,29,1729,0.275,0.0005780346820809,0.9166666666666666,0.0833333333333333,0.1762655201283368
ni_tfnbs,"e=0.2,h=10.0,n=30,start_thres=1.25",hub,0.25,30,28,40,1730,11,1,29,1729,0.275,0.0005780346820809,0.9166666666666666,0.0833333333333333,0.1762655201283368
ni_tfnbs,"e=0.3,h=0.5,n=30,start_thres=1.25",hub,0.25,30,28,40,1730,16,1,24,1729,0.4,0.0005780346820809,0.9411764705882352,0.0588235294117647,0.1762655201283368
ni_tfnbs,"e=0.3,h=1.0,n=30,start_thres=1.25",hub,0.25,30,28,40,1730,16,1,24,1729,0.4,0.0005780346820809,0.9411764705882352,0.0588235294117647,0.1762655201283368
ni_tfnbs,"e=0.3,h=2.0,n=30,start_thres=1.25",hub,0.25,30,28,40,1730,14,1,26,1729,0.35,0.0005780346820809,0.9333333333333332,0.0666666666666666,0.1762655201283368
ni_tfnbs,"e=0.3,h=3.0,n=30,start_thres=1.25",hub,0.25,30,28,40,1730,14,1,26,1729,0.35,0.0005780346820809,0.9333333333333332,0.0666666666666666,0.1762655201283368
ni_tfnbs,"e=0.3,h=4.0,n=30,start_thres=1.25",hub,0.25,30,28,40,1730,13,1,27,1729,0.325,0.0005780346820809,0.9285714285714286,0.0714285714285714,0.1762655201283368
ni_tfnbs,"e=0.3,h=5.0,n=30,start_thres=1.25",hub,0.25,30,28,40,1730,13,1,27,1729,0.325,0.0005780346820809,0.9285714285714286,0.0714285714285714,0.1762655201283368
ni_tfnbs,"e=0.3,h=6.0,n=30,start_thres=1.25",hub,0.25,30,28,40,1730,12,1,28,1729,0.3,0.0005780346820809,0.9230769230769232,0.0769230769230769,0.1762655201283368
ni_tfnbs,"e=0.3,h=7.0,n=30,start_thres=1.25",hub,0.25,30,28,40,1730,12,1,28,1729,0.3,0.0005780346820809,0.9230769230769232,0.0769230769230769,0.1762655201283368
ni_tfnbs,"e=0.3,h=8.0,n=30,start_thres=1.25",hub,0.25,30,28,40,1730,12,1,28,1729,0.3,0.0005780346820809,0.9230769230769232,0.0769230769230769,0.1762655201283368
ni_tfnbs,"e=0.3,h=9.0,n=30,start_thres=1.25",hub,0.25,30,28,40,1730,12,1,28,1729,0.3,0.0005780346820809,0.9230769230769232,0.0769230769230769,0.1762655201283368
ni_tfnbs,"e=0.3,h=10.0,n=30,start_thres=1.25",hub,0.25,30,28,40,1730,12,1,28,1729,0.3,0.0005780346820809,0.9230769230769232,0.0769230769230769,0.1762655201283368
ni_tfnbs,"e=0.4,h=0.5,n=30,start_thres=1.25",hub,0.25,30,28,40,1730,18,0,22,1730,0.45,0.0,1.0,0.0,0.1762655201283368
ni_tfnbs,"e=0.4,h=1.0,n=30,start_thres=1.25",hub,0.25,30,28,40,1730,17,1,23,1729,0.425,0.0005780346820809,0.9444444444444444,0.0555555555555555,0.1762655201283368
ni_tfnbs,"e=0.4,h=2.0,n=30,start_thres=1.25",hub,0.25,30,28,40,1730,16,1,24,1729,0.4,0.0005780346820809,0.9411764705882352,0.0588235294117647,0.1762655201283368
ni_tfnbs,"e=0.4,h=3.0,n=30,start_thres=1.25",hub,0.25,30,28,40,1730,14,1,26,1729,0.35,0.0005780346820809,0.9333333333333332,0.0666666666666666,0.1762655201283368
ni_tfnbs,"e=0.4,h=4.0,n=30,start_thres=1.25",hub,0.25,30,28,40,1730,14,1,26,1729,0.35,0.0005780346820809,0.9333333333333332,0.0666666666666666,0.1762655201283368
ni_tfnbs,"e=0.4,h=5.0,n=30,start_thres=1.25",hub,0.25,30,28,40,1730,13,1,27,1729,0.325,0.0005780346820809,0.9285714285714286,0.0714285714285714,0.1762655201283368
ni_tfnbs,"e=0.4,h=6.0,n=30,start_thres=1.25",hub,0.25,30,28,40,1730,13,1,27,1729,0.325,0.0005780346820809,0.9285714285714286,0.0714285714285714,0.1762655201283368
ni_tfnbs,"e=0.4,h=7.0,n=30,start_thres=1.25",hub,0.25,30,28,40,1730,13,1,27,1729,0.325,0.0005780346820809,0.9285714285714286,0.0714285714285714,0.1762655201283368
ni_tfnbs,"e=0.4,h=8.0,n=30,start_thres=1.25",hub,0.25,30,28,40,1730,12,1,28,1729,0.3,0.0005780346820809,0.9230769230769232,0.0769230769230769,0.1762655201283368
ni_tfnbs,"e=0.4,h=9.0,n=30,start_thres=1.25",hub,0.25,30,28,40,1730,12,1,28,1729,0.3,0.0005780346820809,0.9230769230769232,0.0769230769230769,0.1762655201283368
ni_tfnbs,"e=0.4,h=10.0,n=30,start_thres=1.25",hub,0.25,30,28,40,1730,12,1,28,1729,0.3,0.0005780346820809,0.9230769230769232,0.0769230769230769,0.1762655201283368
ni_tfnbs,"e=0.5,h=0.5,n=30,start_thres=1.25",hub,0.25,30,28,40,1730,21,0,19,1730,0.525,0.0,1.0,0.0,0.1762655201283368
ni_tfnbs,"e=0.5,h=1.0,n=30,start_thres=1.25",hub,0.25,30,28,40,1730,19,0,21,1730,0.475,0.0,1.0,0.0,0.1762655201283368
ni_tfnbs,"e=0.5,h=2.0,n=30,start_thres=1.25",hub,0.25,30,28,40,1730,18,1,22,1729,0.45,0.0005780346820809,0.9473684210526316,0.0526315789473684,0.1762655201283368
ni_tfnbs,"e=0.5,h=3.0,n=30,start_thres=1.25",hub,0.25,30,28,40,1730,16,1,24,1729,0.4,0.0005780346820809,0.9411764705882352,0.0588235294117647,0.1762655201283368
ni_tfnbs,"e=0.5,h=4.0,n=30,start_thres=1.25",hub,0.25,30,28,40,1730,15,1,25,1729,0.375,0.0005780346820809,0.9375,0.0625,0.1762655201283368
ni_tfnbs,"e=0.5,h=5.0,n=30,start_thres=1.25",hub,0.25,30,28,40,1730,14,1,26,1729,0.35,0.0005780346820809,0.9333333333333332,0.0666666666666666,0.1762655201283368
ni_tfnbs,"e=0.5,h=6.0,n=30,start_thres=1.25",hub,0.25,30,28,40,1730,14,1,26,1729,0.35,0.0005780346820809,0.9333333333333332,0.0666666666666666,0.1762655201283368
ni_tfnbs,"e=0.5,h=7.0,n=30,start_thres=1.25",hub,0.25,30,28,40,1730,13,1,27,1729,0.325,0.0005780346820809,0.9285714285714286,0.0714285714285714,0.1762655201283368
ni_tfnbs,"e=0.5,h=8.0,n=30,start_thres=1.25",hub,0.25,30,28,40,1730,13,1,27,1729,0.325,0.0005780346820809,0.9285714285714286,0.0714285714285714,0.1762655201283368
ni_tfnbs,"e=0.5,h=9.0,n=30,start_thres=1.25",hub,0.25,30,28,40,1730,12,1,28,1729,0.3,0.0005780346820809,0.9230769230769232,0.0769230769230769,0.1762655201283368
ni_tfnbs,"e=0.5,h=10.0,n=30,start_thres=1.25",hub,0.25,30,28,40,1730,12,1,28,1729,0.3,0.0005780346820809,0.9230769230769232,0.0769230769230769,0.1762655201283368
ni_tfnbs,"e=0.6,h=0.5,n=30,start_thres=1.25",hub,0.25,30,28,40,1730,23,2,17,1728,0.575,0.0011560693641618,0.92,0.08,0.1762655201283368
ni_tfnbs,"e=0.6,h=1.0,n=30,start_thres=1.25",hub,0.25,30,28,40,1730,23,2,17,1728,0.575,0.0011560693641618,0.92,0.08,0.1762655201283368
ni_tfnbs,"e=0.6,h=2.0,n=30,start_thres=1.25",hub,0.25,30,28,40,1730,21,1,19,1729,0.525,0.0005780346820809,0.9545454545454546,0.0454545454545454,0.1762655201283368
ni_tfnbs,"e=0.6,h=3.0,n=30,start_thres=1.25",hub,0.25,30,28,40,1730,18,1,22,1729,0.45,0.0005780346820809,0.9473684210526316,0.0526315789473684,0.1762655201283368
ni_tfnbs,"e=0.6,h=4.0,n=30,start_thres=1.25",hub,0.25,30,28,40,1730,17,1,23,1729,0.425,0.0005780346820809,0.9444444444444444,0.0555555555555555,0.1762655201283368
ni_tfnbs,"e=0.6,h=5.0,n=30,start_thres=1.25",hub,0.25,30,28,40,1730,15,1,25,1729,0.375,0.0005780346820809,0.9375,0.0625,0.1762655201283368
ni_tfnbs,"e=0.6,h=6.0,n=30,start_thres=1.25",hub,0.25,30,28,40,1730,15,1,25,1729,0.375,0.0005780346820809,0.9375,0.0625,0.1762655201283368
ni_tfnbs,"e=0.6,h=7.0,n=30,start_thres=1.25",hub,0.25,30,28,40,1730,14,1,26,1729,0.35,0.0005780346820809,0.9333333333333332,0.0666666666666666,0.1762655201283368
ni_tfnbs,"e=0.6,h=8.0,n=30,start_thres=1.25",hub,0.25,30,28,40,1730,13,1,27,1729,0.325,0.0005780346820809,0.9285714285714286,0.0714285714285714,0.1762655201283368
ni_tfnbs,"e=0.6,h=9.0,n=30,start_thres=1.25",hub,0.25,30,28,40,1730,13,1,27,1729,0.325,0.0005780346820809,0.9285714285714286,0.0714285714285714,0.1762655201283368
ni_tfnbs,"e=0.6,h=10.0,n=30,start_thres=1.25",hub,0.25,30,28,40,1730,13,1,27,1729,0.325,0.0005780346820809,0.9285714285714286,0.0714285714285714,0.1762655201283368
ni_tfnbs,"e=0.7,h=0.5,n=30,start_thres=1.25",hub,0.25,30,28,40,1730,25,2,15,1728,0.625,0.0011560693641618,0.925925925925926,0.074074074074074,0.1762655201283368
ni_tfnbs,"e=0.7,h=1.0,n=30,start_thres=1.25",hub,0.25,30,28,40,1730,24,2,16,1728,0.6,0.0011560693641618,0.9230769230769232,0.0769230769230769,0.1762655201283368
ni_tfnbs,"e=0.7,h=2.0,n=30,start_thres=1.25",hub,0.25,30,28,40,1730,23,2,17,1728,0.575,0.0011560693641618,0.92,0.08,0.1762655201283368
ni_tfnbs,"e=0.7,h=3.0,n=30,start_thres=1.25",hub,0.25,30,28,40,1730,21,1,19,1729,0.525,0.0005780346820809,0.9545454545454546,0.0454545454545454,0.1762655201283368
ni_tfnbs,"e=0.7,h=4.0,n=30,start_thres=1.25",hub,0.25,30,28,40,1730,18,1,22,1729,0.45,0.0005780346820809,0.9473684210526316,0.0526315789473684,0.1762655201283368
ni_tfnbs,"e=0.7,h=5.0,n=30,start_thres=1.25",hub,0.25,30,28,40,1730,17,1,23,1729,0.425,0.0005780346820809,0.9444444444444444,0.0555555555555555,0.1762655201283368
ni_tfnbs,"e=0.7,h=6.0,n=30,start_thres=1.25",hub,0.25,30,28,40,1730,15,1,25,1729,0.375,0.0005780346820809,0.9375,0.0625,0.1762655201283368
ni_tfnbs,"e=0.7,h=7.0,n=30,start_thres=1.25",hub,0.25,30,28,40,1730,15,1,25,1729,0.375,0.0005780346820809,0.9375,0.0625,0.1762655201283368
ni_tfnbs,"e=0.7,h=8.0,n=30,start_thres=1.25",hub,0.25,30,28,40,1730,14,1,26,1729,0.35,0.0005780346820809,0.9333333333333332,0.0666666666666666,0.1762655201283368
ni_tfnbs,"e=0.7,h=9.0,n=30,start_thres=1.25",hub,0.25,30,28,40,1730,14,1,26,1729,0.35,0.0005780346820809,0.9333333333333332,0.0666666666666666,0.1762655201283368
ni_tfnbs,"e=0.7,h=10.0,n=30,start_thres=1.25",hub,0.25,30,28,40,1730,13,1,27,1729,0.325,0.0005780346820809,0.9285714285714286,0.0714285714285714,0.1762655201283368
ni_tfnbs,"e=0.8,h=0.5,n=30,start_thres=1.25",hub,0.25,30,28,40,1730,25,2,15,1728,0.625,0.0011560693641618,0.925925925925926,0.074074074074074,0.1762655201283368
ni_tfnbs,"e=0.8,h=1.0,n=30,start_thres=1.25",hub,0.25,30,28,40,1730,25,2,15,1728,0.625,0.0011560693641618,0.925925925925926,0.074074074074074,0.1762655201283368
ni_tfnbs,"e=0.8,h=2.0,n=30,start_thres=1.25",hub,0.25,30,28,40,1730,24,2,16,1728,0.6,0.0011560693641618,0.9230769230769232,0.0769230769230769,0.1762655201283368
ni_tfnbs,"e=0.8,h=3.0,n=30,start_thres=1.25",hub,0.25,30,28,40,1730,23,3,17,1727,0.575,0.0017341040462427,0.8846153846153846,0.1153846153846153,0.1762655201283368
ni_tfnbs,"e=0.8,h=4.0,n=30,start_thres=1.25",hub,0.25,30,28,40,1730,21,1,19,1729,0.525,0.0005780346820809,0.9545454545454546,0.0454545454545454,0.1762655201283368
ni_tfnbs,"e=0.8,h=5.0,n=30,start_thres=1.25",hub,0.25,30,28,40,1730,18,1,22,1729,0.45,0.0005780346820809,0.9473684210526316,0.0526315789473684,0.1762655201283368
ni_tfnbs,"e=0.8,h=6.0,n=30,start_thres=1.25",hub,0.25,30,28,40,1730,17,1,23,1729,0.425,0.0005780346820809,0.9444444444444444,0.0555555555555555,0.1762655201283368
ni_tfnbs,"e=0.8,h=7.0,n=30,start_thres=1.25",hub,0.25,30,28,40,1730,16,1,24,1729,0.4,0.0005780346820809,0.9411764705882352,0.0588235294117647,0.1762655201283368
ni_tfnbs,"e=0.8,h=8.0,n=30,start_thres=1.25",hub,0.25,30,28,40,1730,15,1,25,1729,0.375,0.0005780346820809,0.9375,0.0625,0.1762655201283368
ni_tfnbs,"e=0.8,h=9.0,n=30,start_thres=1.25",hub,0.25,30,28,40,1730,14,1,26,1729,0.35,0.0005780346820809,0.9333333333333332,0.0666666666666666,0.1762655201283368
ni_tfnbs,"e=0.8,h=10.0,n=30,start_thres=1.25",hub,0.25,30,28,40,1730,14,1,26,1729,0.35,0.0005780346820809,0.9333333333333332,0.0666666666666666,0.1762655201283368
ni_tfnbs,"e=0.9,h=0.5,n=30,start_thres=1.25",hub,0.25,30,28,40,1730,25,2,15,1728,0.625,0.0011560693641618,0.925925925925926,0.074074074074074,0.1762655201283368
ni_tfnbs,"e=0.9,h=1.0,n=30,start_thres=1.25",hub,0.25,30,28,40,1730,25,2,15,1728,0.625,0.0011560693641618,0.925925925925926,0.074074074074074,0.1762655201283368
ni_tfnbs,"e=0.9,h=2.0,n=30,start_thres=1.25",hub,0.25,30,28,40,1730,25,2,15,1728,0.625,0.0011560693641618,0.925925925925926,0.074074074074074,0.1762655201283368
ni_tfnbs,"e=0.9,h=3.0,n=30,start_thres=1.25",hub,0.25,30,28,40,1730,25,3,15,1727,0.625,0.0017341040462427,0.8928571428571429,0.1071428571428571,0.1762655201283368
ni_tfnbs,"e=0.9,h=4.0,n=30,start_thres=1.25",hub,0.25,30,28,40,1730,23,3,17,1727,0.575,0.0017341040462427,0.8846153846153846,0.1153846153846153,0.1762655201283368
ni_tfnbs,"e=0.9,h=5.0,n=30,start_thres=1.25",hub,0.25,30,28,40,1730,21,1,19,1729,0.525,0.0005780346820809,0.9545454545454546,0.0454545454545454,0.1762655201283368
ni_tfnbs,"e=0.9,h=6.0,n=30,start_thres=1.25",hub,0.25,30,28,40,1730,18,1,22,1729,0.45,0.0005780346820809,0.9473684210526316,0.0526315789473684,0.1762655201283368
ni_tfnbs,"e=0.9,h=7.0,n=30,start_thres=1.25",hub,0.25,30,28,40,1730,17,1,23,1729,0.425,0.0005780346820809,0.9444444444444444,0.0555555555555555,0.1762655201283368
ni_tfnbs,"e=0.9,h=8.0,n=30,start_thres=1.25",hub,0.25,30,28,40,1730,16,1,24,1729,0.4,0.0005780346820809,0.9411764705882352,0.0588235294117647,0.1762655201283368
ni_tfnbs,"e=0.9,h=9.0,n=30,start_thres=1.25",hub,0.25,30,28,40,1730,15,1,25,1729,0.375,0.0005780346820809,0.9375,0.0625,0.1762655201283368
ni_tfnbs,"e=0.9,h=10.0,n=30,start_thres=1.25",hub,0.25,30,28,40,1730,14,1,26,1729,0.35,0.0005780346820809,0.9333333333333332,0.0666666666666666,0.1762655201283368
ni_tfnbs,"e=1.0,h=0.5,n=30,start_thres=1.25",hub,0.25,30,28,40,1730,25,2,15,1728,0.625,0.0011560693641618,0.925925925925926,0.074074074074074,0.1762655201283368
ni_tfnbs,"e=1.0,h=1.0,n=30,start_thres=1.25",hub,0.25,30,28,40,1730,25,2,15,1728,0.625,0.0011560693641618,0.925925925925926,0.074074074074074,0.1762655201283368
ni_tfnbs,"e=1.0,h=2.0,n=30,start_thres=1.25",hub,0.25,30,28,40,1730,26,2,14,1728,0.65,0.0011560693641618,0.9285714285714286,0.0714285714285714,0.1762655201283368
ni_tfnbs,"e=1.0,h=3.0,n=30,start_thres=1.25",hub,0.25,30,28,40,1730,25,2,15,1728,0.625,0.0011560693641618,0.925925925925926,0.074074074074074,0.1762655201283368
ni_tfnbs,"e=1.0,h=4.0,n=30,start_thres=1.25",hub,0.25,30,28,40,1730,24,3,16,1727,0.6,0.0017341040462427,0.8888888888888888,0.1111111111111111,0.1762655201283368
ni_tfnbs,"e=1.0,h=5.0,n=30,start_thres=1.25",hub,0.25,30,28,40,1730,22,1,18,1729,0.55,0.0005780346820809,0.9565217391304348,0.0434782608695652,0.1762655201283368
ni_tfnbs,"e=1.0,h=6.0,n=30,start_thres=1.25",hub,0.25,30,28,40,1730,21,1,19,1729,0.525,0.0005780346820809,0.9545454545454546,0.0454545454545454,0.1762655201283368
ni_tfnbs,"e=1.0,h=7.0,n=30,start_thres=1.25",hub,0.25,30,28,40,1730,17,1,23,1729,0.425,0.0005780346820809,0.9444444444444444,0.0555555555555555,0.1762655201283368
ni_tfnbs,"e=1.0,h=8.0,n=30,start_thres=1.25",hub,0.25,30,28,40,1730,17,1,23,1729,0.425,0.0005780346820809,0.9444444444444444,0.0555555555555555,0.1762655201283368
ni_tfnbs,"e=1.0,h=9.0,n=30,start_thres=1.25",hub,0.25,30,28,40,1730,16,1,24,1729,0.4,0.0005780346820809,0.9411764705882352,0.0588235294117647,0.1762655201283368
ni_tfnbs,"e=1.0,h=10.0,n=30,start_thres=1.25",hub,0.25,30,28,40,1730,15,1,25,1729,0.375,0.0005780346820809,0.9375,0.0625,0.1762655201283368
ni_tfnbs,"e=1.1,h=0.5,n=30,start_thres=1.25",hub,0.25,30,28,40,1730,25,2,15,1728,0.625,0.0011560693641618,0.925925925925926,0.074074074074074,0.1762655201283368
ni_tfnbs,"e=1.1,h=1.0,n=30,start_thres=1.25",hub,0.25,30,28,40,1730,25,2,15,1728,0.625,0.0011560693641618,0.925925925925926,0.074074074074074,0.1762655201283368
ni_tfnbs,"e=1.1,h=2.0,n=30,start_thres=1.25",hub,0.25,30,28,40,1730,26,2,14,1728,0.65,0.0011560693641618,0.9285714285714286,0.0714285714285714,0.1762655201283368
ni_tfnbs,"e=1.1,h=3.0,n=30,start_thres=1.25",hub,0.25,30,28,40,1730,26,2,14,1728,0.65,0.0011560693641618,0.9285714285714286,0.0714285714285714,0.1762655201283368
ni_tfnbs,"e=1.1,h=4.0,n=30,start_thres=1.25",hub,0.25,30,28,40,1730,25,3,15,1727,0.625,0.0017341040462427,0.8928571428571429,0.1071428571428571,0.1762655201283368
ni_tfnbs,"e=1.1,h=5.0,n=30,start_thres=1.25",hub,0.25,30,28,40,1730,24,3,16,1727,0.6,0.0017341040462427,0.8888888888888888,0.1111111111111111,0.1762655201283368
ni_tfnbs,"e=1.1,h=6.0,n=30,start_thres=1.25",hub,0.25,30,28,40,1730,21,1,19,1729,0.525,0.0005780346820809,0.9545454545454546,0.0454545454545454,0.1762655201283368
ni_tfnbs,"e=1.1,h=7.0,n=30,start_thres=1.25",hub,0.25,30,28,40,1730,19,1,21,1729,0.475,0.0005780346820809,0.95,0.05,0.1762655201283368
ni_tfnbs,"e=1.1,h=8.0,n=30,start_thres=1.25",hub,0.25,30,28,40,1730,17,1,23,1729,0.425,0.0005780346820809,0.9444444444444444,0.0555555555555555,0.1762655201283368
ni_tfnbs,"e=1.1,h=9.0,n=30,start_thres=1.25",hub,0.25,30,28,40,1730,16,1,24,1729,0.4,0.0005780346820809,0.9411764705882352,0.0588235294117647,0.1762655201283368
ni_tfnbs,"e=1.1,h=10.0,n=30,start_thres=1.25",hub,0.25,30,28,40,1730,15,1,25,1729,0.375,0.0005780346820809,0.9375,0.0625,0.1762655201283368
ni_tfnbs,"e=1.2,h=0.5,n=30,start_thres=1.25",hub,0.25,30,28,40,1730,25,2,15,1728,0.625,0.0011560693641618,0.925925925925926,0.074074074074074,0.1762655201283368
ni_tfnbs,"e=1.2,h=1.0,n=30,start_thres=1.25",hub,0.25,30,28,40,1730,25,2,15,1728,0.625,0.0011560693641618,0.925925925925926,0.074074074074074,0.1762655201283368
ni_tfnbs,"e=1.2,h=2.0,n=30,start_thres=1.25",hub,0.25,30,28,40,1730,26,2,14,1728,0.65,0.0011560693641618,0.9285714285714286,0.0714285714285714,0.1762655201283368
ni_tfnbs,"e=1.2,h=3.0,n=30,start_thres=1.25",hub,0.25,30,28,40,1730,26,2,14,1728,0.65,0.0011560693641618,0.9285714285714286,0.0714285714285714,0.1762655201283368
ni_tfnbs,"e=1.2,h=4.0,n=30,start_thres=1.25",hub,0.25,30,28,40,1730,26,3,14,1727,0.65,0.0017341040462427,0.896551724137931,0.1034482758620689,0.1762655201283368
ni_tfnbs,"e=1.2,h=5.0,n=30,start_thres=1.25",hub,0.25,30,28,40,1730,25,3,15,1727,0.625,0.0017341040462427,0.8928571428571429,0.1071428571428571,0.1762655201283368
ni_tfnbs,"e=1.2,h=6.0,n=30,start_thres=1.25",hub,0.25,30,28,40,1730,23,3,17,1727,0.575,0.0017341040462427,0.8846153846153846,0.1153846153846153,0.1762655201283368
ni_tfnbs,"e=1.2,h=7.0,n=30,start_thres=1.25",hub,0.25,30,28,40,1730,21,1,19,1729,0.525,0.0005780346820809,0.9545454545454546,0.0454545454545454,0.1762655201283368
ni_tfnbs,"e=1.2,h=8.0,n=30,start_thres=1.25",hub,0.25,30,28,40,1730,18,1,22,1729,0.45,0.0005780346820809,0.9473684210526316,0.0526315789473684,0.1762655201283368
ni_tfnbs,"e=1.2,h=9.0,n=30,start_thres=1.25",hub,0.25,30,28,40,1730,17,1,23,1729,0.425,0.0005780346820809,0.9444444444444444,0.0555555555555555,0.1762655201283368
ni_tfnbs,"e=1.2,h=10.0,n=30,start_thres=1.25",hub,0.25,30,28,40,1730,16,1,24,1729,0.4,0.0005780346820809,0.9411764705882352,0.0588235294117647,0.1762655201283368
ni_tfnbs,"e=1.3,h=0.5,n=30,start_thres=1.25",hub,0.25,30,28,40,1730,24,2,16,1728,0.6,0.0011560693641618,0.9230769230769232,0.0769230769230769,0.1762655201283368
ni_tfnbs,"e=1.3,h=1.0,n=30,start_thres=1.25",hub,0.25,30,28,40,1730,25,2,15,1728,0.625,0.0011560693641618,0.925925925925926,0.074074074074074,0.1762655201283368
ni_tfnbs,"e=1.3,h=2.0,n=30,start_thres=1.25",hub,0.25,30,28,40,1730,26,2,14,1728,0.65,0.0011560693641618,0.9285714285714286,0.0714285714285714,0.1762655201283368
ni_tfnbs,"e=1.3,h=3.0,n=30,start_thres=1.25",hub,0.25,30,28,40,1730,26,2,14,1728,0.65,0.0011560693641618,0.9285714285714286,0.0714285714285714,0.1762655201283368
ni_tfnbs,"e=1.3,h=4.0,n=30,start_thres=1.25",hub,0.25,30,28,40,1730,26,2,14,1728,0.65,0.0011560693641618,0.9285714285714286,0.0714285714285714,0.1762655201283368
ni_tfnbs,"e=1.3,h=5.0,n=30,start_thres=1.25",hub,0.25,30,28,40,1730,26,3,14,1727,0.65,0.0017341040462427,0.896551724137931,0.1034482758620689,0.1762655201283368
ni_tfnbs,"e=1.3,h=6.0,n=30,start_thres=1.25",hub,0.25,30,28,40,1730,25,3,15,1727,0.625,0.0017341040462427,0.8928571428571429,0.1071428571428571,0.1762655201283368
ni_tfnbs,"e=1.3,h=7.0,n=30,start_thres=1.25",hub,0.25,30,28,40,1730,23,3,17,1727,0.575,0.0017341040462427,0.8846153846153846,0.1153846153846153,0.1762655201283368
ni_tfnbs,"e=1.3,h=8.0,n=30,start_thres=1.25",hub,0.25,30,28,40,1730,21,1,19,1729,0.525,0.0005780346820809,0.9545454545454546,0.0454545454545454,0.1762655201283368
ni_tfnbs,"e=1.3,h=9.0,n=30,start_thres=1.25",hub,0.25,30,28,40,1730,18,1,22,1729,0.45,0.0005780346820809,0.9473684210526316,0.0526315789473684,0.1762655201283368
ni_tfnbs,"e=1.3,h=10.0,n=30,start_thres=1.25",hub,0.25,30,28,40,1730,17,1,23,1729,0.425,0.0005780346820809,0.9444444444444444,0.0555555555555555,0.1762655201283368
ni_tfnbs,"e=1.4,h=0.5,n=30,start_thres=1.25",hub,0.25,30,28,40,1730,23,2,17,1728,0.575,0.0011560693641618,0.92,0.08,0.1762655201283368
ni_tfnbs,"e=1.4,h=1.0,n=30,start_thres=1.25",hub,0.25,30,28,40,1730,25,2,15,1728,0.625,0.0011560693641618,0.925925925925926,0.074074074074074,0.1762655201283368
ni_tfnbs,"e=1.4,h=2.0,n=30,start_thres=1.25",hub,0.25,30,28,40,1730,26,2,14,1728,0.65,0.0011560693641618,0.9285714285714286,0.0714285714285714,0.1762655201283368
ni_tfnbs,"e=1.4,h=3.0,n=30,start_thres=1.25",hub,0.25,30,28,40,1730,26,2,14,1728,0.65,0.0011560693641618,0.9285714285714286,0.0714285714285714,0.1762655201283368
ni_tfnbs,"e=1.4,h=4.0,n=30,start_thres=1.25",hub,0.25,30,28,40,1730,26,2,14,1728,0.65,0.0011560693641618,0.9285714285714286,0.0714285714285714,0.1762655201283368
ni_tfnbs,"e=1.4,h=5.0,n=30,start_thres=1.25",hub,0.25,30,28,40,1730,26,3,14,1727,0.65,0.0017341040462427,0.896551724137931,0.1034482758620689,0.1762655201283368
ni_tfnbs,"e=1.4,h=6.0,n=30,start_thres=1.25",hub,0.25,30,28,40,1730,25,3,15,1727,0.625,0.0017341040462427,0.8928571428571429,0.1071428571428571,0.1762655201283368
ni_tfnbs,"e=1.4,h=7.0,n=30,start_thres=1.25",hub,0.25,30,28,40,1730,24,3,16,1727,0.6,0.0017341040462427,0.8888888888888888,0.1111111111111111,0.1762655201283368
ni_tfnbs,"e=1.4,h=8.0,n=30,start_thres=1.25",hub,0.25,30,28,40,1730,23,3,17,1727,0.575,0.0017341040462427,0.8846153846153846,0.1153846153846153,0.1762655201283368
ni_tfnbs,"e=1.4,h=9.0,n=30,start_thres=1.25",hub,0.25,30,28,40,1730,21,1,19,1729,0.525,0.0005780346820809,0.9545454545454546,0.0454545454545454,0.1762655201283368
ni_tfnbs,"e=1.4,h=10.0,n=30,start_thres=1.25",hub,0.25,30,28,40,1730,18,1,22,1729,0.45,0.0005780346820809,0.9473684210526316,0.0526315789473684,0.1762655201283368
ni_tfnbs,"e=1.5,h=0.5,n=30,start_thres=1.25",hub,0.25,30,28,40,1730,23,2,17,1728,0.575,0.0011560693641618,0.92,0.08,0.1762655201283368
ni_tfnbs,"e=1.5,h=1.0,n=30,start_thres=1.25",hub,0.25,30,28,40,1730,24,2,16,1728,0.6,0.0011560693641618,0.9230769230769232,0.0769230769230769,0.1762655201283368
ni_tfnbs,"e=1.5,h=2.0,n=30,start_thres=1.25",hub,0.25,30,28,40,1730,26,2,14,1728,0.65,0.0011560693641618,0.9285714285714286,0.0714285714285714,0.1762655201283368
ni_tfnbs,"e=1.5,h=3.0,n=30,start_thres=1.25",hub,0.25,30,28,40,1730,26,2,14,1728,0.65,0.0011560693641618,0.9285714285714286,0.0714285714285714,0.1762655201283368
ni_tfnbs,"e=1.5,h=4.0,n=30,start_thres=1.25",hub,0.25,30,28,40,1730,26,2,14,1728,0.65,0.0011560693641618,0.9285714285714286,0.0714285714285714,0.1762655201283368
ni_tfnbs,"e=1.5,h=5.0,n=30,start_thres=1.25",hub,0.25,30,28,40,1730,26,3,14,1727,0.65,0.0017341040462427,0.896551724137931,0.1034482758620689,0.1762655201283368
ni_tfnbs,"e=1.5,h=6.0,n=30,start_thres=1.25",hub,0.25,30,28,40,1730,26,3,14,1727,0.65,0.0017341040462427,0.896551724137931,0.1034482758620689,0.1762655201283368
ni_tfnbs,"e=1.5,h=7.0,n=30,start_thres=1.25",hub,0.25,30,28,40,1730,25,3,15,1727,0.625,0.0017341040462427,0.8928571428571429,0.1071428571428571,0.1762655201283368
ni_tfnbs,"e=1.5,h=8.0,n=30,start_thres=1.25",hub,0.25,30,28,40,1730,24,3,16,1727,0.6,0.0017341040462427,0.8888888888888888,0.1111111111111111,0.1762655201283368
ni_tfnbs,"e=1.5,h=9.0,n=30,start_thres=1.25",hub,0.25,30,28,40,1730,21,1,19,1729,0.525,0.0005780346820809,0.9545454545454546,0.0454545454545454,0.1762655201283368
ni_tfnbs,"e=1.5,h=10.0,n=30,start_thres=1.25",hub,0.25,30,28,40,1730,19,1,21,1729,0.475,0.0005780346820809,0.95,0.05,0.1762655201283368
ni_tfnbs,"e=0.05,h=0.5,n=30,start_thres=1.25",hub,0.25,30,29,40,1730,5,0,35,1730,0.125,0.0,1.0,0.0,0.1765019189227711
ni_tfnbs,"e=0.05,h=1.0,n=30,start_thres=1.25",hub,0.25,30,29,40,1730,5,0,35,1730,0.125,0.0,1.0,0.0,0.1765019189227711
ni_tfnbs,"e=0.05,h=2.0,n=30,start_thres=1.25",hub,0.25,30,29,40,1730,4,0,36,1730,0.1,0.0,1.0,0.0,0.1765019189227711
ni_tfnbs,"e=0.05,h=3.0,n=30,start_thres=1.25",hub,0.25,30,29,40,1730,4,0,36,1730,0.1,0.0,1.0,0.0,0.1765019189227711
ni_tfnbs,"e=0.05,h=4.0,n=30,start_thres=1.25",hub,0.25,30,29,40,1730,4,0,36,1730,0.1,0.0,1.0,0.0,0.1765019189227711
ni_tfnbs,"e=0.05,h=5.0,n=30,start_thres=1.25",hub,0.25,30,29,40,1730,4,0,36,1730,0.1,0.0,1.0,0.0,0.1765019189227711
ni_tfnbs,"e=0.05,h=6.0,n=30,start_thres=1.25",hub,0.25,30,29,40,1730,4,0,36,1730,0.1,0.0,1.0,0.0,0.1765019189227711
ni_tfnbs,"e=0.05,h=7.0,n=30,start_thres=1.25",hub,0.25,30,29,40,1730,4,0,36,1730,0.1,0.0,1.0,0.0,0.1765019189227711
ni_tfnbs,"e=0.05,h=8.0,n=30,start_thres=1.25",hub,0.25,30,29,40,1730,4,0,36,1730,0.1,0.0,1.0,0.0,0.1765019189227711
ni_tfnbs,"e=0.05,h=9.0,n=30,start_thres=1.25",hub,0.25,30,29,40,1730,4,0,36,1730,0.1,0.0,1.0,0.0,0.1765019189227711
ni_tfnbs,"e=0.05,h=10.0,n=30,start_thres=1.25",hub,0.25,30,29,40,1730,4,0,36,1730,0.1,0.0,1.0,0.0,0.1765019189227711
ni_tfnbs,"e=0.1,h=0.5,n=30,start_thres=1.25",hub,0.25,30,29,40,1730,5,0,35,1730,0.125,0.0,1.0,0.0,0.1765019189227711
ni_tfnbs,"e=0.1,h=1.0,n=30,start_thres=1.25",hub,0.25,30,29,40,1730,5,0,35,1730,0.125,0.0,1.0,0.0,0.1765019189227711
ni_tfnbs,"e=0.1,h=2.0,n=30,start_thres=1.25",hub,0.25,30,29,40,1730,5,0,35,1730,0.125,0.0,1.0,0.0,0.1765019189227711
ni_tfnbs,"e=0.1,h=3.0,n=30,start_thres=1.25",hub,0.25,30,29,40,1730,5,0,35,1730,0.125,0.0,1.0,0.0,0.1765019189227711
ni_tfnbs,"e=0.1,h=4.0,n=30,start_thres=1.25",hub,0.25,30,29,40,1730,5,0,35,1730,0.125,0.0,1.0,0.0,0.1765019189227711
ni_tfnbs,"e=0.1,h=5.0,n=30,start_thres=1.25",hub,0.25,30,29,40,1730,5,0,35,1730,0.125,0.0,1.0,0.0,0.1765019189227711
ni_tfnbs,"e=0.1,h=6.0,n=30,start_thres=1.25",hub,0.25,30,29,40,1730,4,0,36,1730,0.1,0.0,1.0,0.0,0.1765019189227711
ni_tfnbs,"e=0.1,h=7.0,n=30,start_thres=1.25",hub,0.25,30,29,40,1730,4,0,36,1730,0.1,0.0,1.0,0.0,0.1765019189227711
ni_tfnbs,"e=0.1,h=8.0,n=30,start_thres=1.25",hub,0.25,30,29,40,1730,4,0,36,1730,0.1,0.0,1.0,0.0,0.1765019189227711
ni_tfnbs,"e=0.1,h=9.0,n=30,start_thres=1.25",hub,0.25,30,29,40,1730,4,0,36,1730,0.1,0.0,1.0,0.0,0.1765019189227711
ni_tfnbs,"e=0.1,h=10.0,n=30,start_thres=1.25",hub,0.25,30,29,40,1730,4,0,36,1730,0.1,0.0,1.0,0.0,0.1765019189227711
ni_tfnbs,"e=0.2,h=0.5,n=30,start_thres=1.25",hub,0.25,30,29,40,1730,9,0,31,1730,0.225,0.0,1.0,0.0,0.1765019189227711
ni_tfnbs,"e=0.2,h=1.0,n=30,start_thres=1.25",hub,0.25,30,29,40,1730,9,0,31,1730,0.225,0.0,1.0,0.0,0.1765019189227711
ni_tfnbs,"e=0.2,h=2.0,n=30,start_thres=1.25",hub,0.25,30,29,40,1730,7,0,33,1730,0.175,0.0,1.0,0.0,0.1765019189227711
ni_tfnbs,"e=0.2,h=3.0,n=30,start_thres=1.25",hub,0.25,30,29,40,1730,5,0,35,1730,0.125,0.0,1.0,0.0,0.1765019189227711
ni_tfnbs,"e=0.2,h=4.0,n=30,start_thres=1.25",hub,0.25,30,29,40,1730,5,0,35,1730,0.125,0.0,1.0,0.0,0.1765019189227711
ni_tfnbs,"e=0.2,h=5.0,n=30,start_thres=1.25",hub,0.25,30,29,40,1730,5,0,35,1730,0.125,0.0,1.0,0.0,0.1765019189227711
ni_tfnbs,"e=0.2,h=6.0,n=30,start_thres=1.25",hub,0.25,30,29,40,1730,5,0,35,1730,0.125,0.0,1.0,0.0,0.1765019189227711
ni_tfnbs,"e=0.2,h=7.0,n=30,start_thres=1.25",hub,0.25,30,29,40,1730,5,0,35,1730,0.125,0.0,1.0,0.0,0.1765019189227711
ni_tfnbs,"e=0.2,h=8.0,n=30,start_thres=1.25",hub,0.25,30,29,40,1730,5,0,35,1730,0.125,0.0,1.0,0.0,0.1765019189227711
ni_tfnbs,"e=0.2,h=9.0,n=30,start_thres=1.25",hub,0.25,30,29,40,1730,5,0,35,1730,0.125,0.0,1.0,0.0,0.1765019189227711
ni_tfnbs,"e=0.2,h=10.0,n=30,start_thres=1.25",hub,0.25,30,29,40,1730,4,0,36,1730,0.1,0.0,1.0,0.0,0.1765019189227711
ni_tfnbs,"e=0.3,h=0.5,n=30,start_thres=1.25",hub,0.25,30,29,40,1730,11,0,29,1730,0.275,0.0,1.0,0.0,0.1765019189227711
ni_tfnbs,"e=0.3,h=1.0,n=30,start_thres=1.25",hub,0.25,30,29,40,1730,11,0,29,1730,0.275,0.0,1.0,0.0,0.1765019189227711
ni_tfnbs,"e=0.3,h=2.0,n=30,start_thres=1.25",hub,0.25,30,29,40,1730,9,0,31,1730,0.225,0.0,1.0,0.0,0.1765019189227711
ni_tfnbs,"e=0.3,h=3.0,n=30,start_thres=1.25",hub,0.25,30,29,40,1730,7,0,33,1730,0.175,0.0,1.0,0.0,0.1765019189227711
ni_tfnbs,"e=0.3,h=4.0,n=30,start_thres=1.25",hub,0.25,30,29,40,1730,7,0,33,1730,0.175,0.0,1.0,0.0,0.1765019189227711
ni_tfnbs,"e=0.3,h=5.0,n=30,start_thres=1.25",hub,0.25,30,29,40,1730,7,0,33,1730,0.175,0.0,1.0,0.0,0.1765019189227711
ni_tfnbs,"e=0.3,h=6.0,n=30,start_thres=1.25",hub,0.25,30,29,40,1730,5,0,35,1730,0.125,0.0,1.0,0.0,0.1765019189227711
ni_tfnbs,"e=0.3,h=7.0,n=30,start_thres=1.25",hub,0.25,30,29,40,1730,5,0,35,1730,0.125,0.0,1.0,0.0,0.1765019189227711
ni_tfnbs,"e=0.3,h=8.0,n=30,start_thres=1.25",hub,0.25,30,29,40,1730,5,0,35,1730,0.125,0.0,1.0,0.0,0.1765019189227711
ni_tfnbs,"e=0.3,h=9.0,n=30,start_thres=1.25",hub,0.25,30,29,40,1730,5,0,35,1730,0.125,0.0,1.0,0.0,0.1765019189227711
ni_tfnbs,"e=0.3,h=10.0,n=30,start_thres=1.25",hub,0.25,30,29,40,1730,5,0,35,1730,0.125,0.0,1.0,0.0,0.1765019189227711
ni_tfnbs,"e=0.4,h=0.5,n=30,start_thres=1.25",hub,0.25,30,29,40,1730,14,0,26,1730,0.35,0.0,1.0,0.0,0.1765019189227711
ni_tfnbs,"e=0.4,h=1.0,n=30,start_thres=1.25",hub,0.25,30,29,40,1730,13,0,27,1730,0.325,0.0,1.0,0.0,0.1765019189227711
ni_tfnbs,"e=0.4,h=2.0,n=30,start_thres=1.25",hub,0.25,30,29,40,1730,11,0,29,1730,0.275,0.0,1.0,0.0,0.1765019189227711
ni_tfnbs,"e=0.4,h=3.0,n=30,start_thres=1.25",hub,0.25,30,29,40,1730,10,0,30,1730,0.25,0.0,1.0,0.0,0.1765019189227711
ni_tfnbs,"e=0.4,h=4.0,n=30,start_thres=1.25",hub,0.25,30,29,40,1730,9,0,31,1730,0.225,0.0,1.0,0.0,0.1765019189227711
ni_tfnbs,"e=0.4,h=5.0,n=30,start_thres=1.25",hub,0.25,30,29,40,1730,7,0,33,1730,0.175,0.0,1.0,0.0,0.1765019189227711
ni_tfnbs,"e=0.4,h=6.0,n=30,start_thres=1.25",hub,0.25,30,29,40,1730,7,0,33,1730,0.175,0.0,1.0,0.0,0.1765019189227711
ni_tfnbs,"e=0.4,h=7.0,n=30,start_thres=1.25",hub,0.25,30,29,40,1730,7,0,33,1730,0.175,0.0,1.0,0.0,0.1765019189227711
ni_tfnbs,"e=0.4,h=8.0,n=30,start_thres=1.25",hub,0.25,30,29,40,1730,5,0,35,1730,0.125,0.0,1.0,0.0,0.1765019189227711
ni_tfnbs,"e=0.4,h=9.0,n=30,start_thres=1.25",hub,0.25,30,29,40,1730,5,0,35,1730,0.125,0.0,1.0,0.0,0.1765019189227711
ni_tfnbs,"e=0.4,h=10.0,n=30,start_thres=1.25",hub,0.25,30,29,40,1730,5,0,35,1730,0.125,0.0,1.0,0.0,0.1765019189227711
ni_tfnbs,"e=0.5,h=0.5,n=30,start_thres=1.25",hub,0.25,30,29,40,1730,16,0,24,1730,0.4,0.0,1.0,0.0,0.1765019189227711
ni_tfnbs,"e=0.5,h=1.0,n=30,start_thres=1.25",hub,0.25,30,29,40,1730,15,0,25,1730,0.375,0.0,1.0,0.0,0.1765019189227711
ni_tfnbs,"e=0.5,h=2.0,n=30,start_thres=1.25",hub,0.25,30,29,40,1730,14,0,26,1730,0.35,0.0,1.0,0.0,0.1765019189227711
ni_tfnbs,"e=0.5,h=3.0,n=30,start_thres=1.25",hub,0.25,30,29,40,1730,12,0,28,1730,0.3,0.0,1.0,0.0,0.1765019189227711
ni_tfnbs,"e=0.5,h=4.0,n=30,start_thres=1.25",hub,0.25,30,29,40,1730,10,0,30,1730,0.25,0.0,1.0,0.0,0.1765019189227711
ni_tfnbs,"e=0.5,h=5.0,n=30,start_thres=1.25",hub,0.25,30,29,40,1730,9,0,31,1730,0.225,0.0,1.0,0.0,0.1765019189227711
ni_tfnbs,"e=0.5,h=6.0,n=30,start_thres=1.25",hub,0.25,30,29,40,1730,7,0,33,1730,0.175,0.0,1.0,0.0,0.1765019189227711
ni_tfnbs,"e=0.5,h=7.0,n=30,start_thres=1.25",hub,0.25,30,29,40,1730,7,0,33,1730,0.175,0.0,1.0,0.0,0.1765019189227711
ni_tfnbs,"e=0.5,h=8.0,n=30,start_thres=1.25",hub,0.25,30,29,40,1730,7,0,33,1730,0.175,0.0,1.0,0.0,0.1765019189227711
ni_tfnbs,"e=0.5,h=9.0,n=30,start_thres=1.25",hub,0.25,30,29,40,1730,7,0,33,1730,0.175,0.0,1.0,0.0,0.1765019189227711
ni_tfnbs,"e=0.5,h=10.0,n=30,start_thres=1.25",hub,0.25,30,29,40,1730,5,0,35,1730,0.125,0.0,1.0,0.0,0.1765019189227711
ni_tfnbs,"e=0.6,h=0.5,n=30,start_thres=1.25",hub,0.25,30,29,40,1730,16,0,24,1730,0.4,0.0,1.0,0.0,0.1765019189227711
ni_tfnbs,"e=0.6,h=1.0,n=30,start_thres=1.25",hub,0.25,30,29,40,1730,16,0,24,1730,0.4,0.0,1.0,0.0,0.1765019189227711
ni_tfnbs,"e=0.6,h=2.0,n=30,start_thres=1.25",hub,0.25,30,29,40,1730,15,0,25,1730,0.375,0.0,1.0,0.0,0.1765019189227711
ni_tfnbs,"e=0.6,h=3.0,n=30,start_thres=1.25",hub,0.25,30,29,40,1730,14,0,26,1730,0.35,0.0,1.0,0.0,0.1765019189227711
ni_tfnbs,"e=0.6,h=4.0,n=30,start_thres=1.25",hub,0.25,30,29,40,1730,10,0,30,1730,0.25,0.0,1.0,0.0,0.1765019189227711
ni_tfnbs,"e=0.6,h=5.0,n=30,start_thres=1.25",hub,0.25,30,29,40,1730,10,0,30,1730,0.25,0.0,1.0,0.0,0.1765019189227711
ni_tfnbs,"e=0.6,h=6.0,n=30,start_thres=1.25",hub,0.25,30,29,40,1730,9,0,31,1730,0.225,0.0,1.0,0.0,0.1765019189227711
ni_tfnbs,"e=0.6,h=7.0,n=30,start_thres=1.25",hub,0.25,30,29,40,1730,7,0,33,1730,0.175,0.0,1.0,0.0,0.1765019189227711
ni_tfnbs,"e=0.6,h=8.0,n=30,start_thres=1.25",hub,0.25,30,29,40,1730,7,0,33,1730,0.175,0.0,1.0,0.0,0.1765019189227711
ni_tfnbs,"e=0.6,h=9.0,n=30,start_thres=1.25",hub,0.25,30,29,40,1730,7,0,33,1730,0.175,0.0,1.0,0.0,0.1765019189227711
ni_tfnbs,"e=0.6,h=10.0,n=30,start_thres=1.25",hub,0.25,30,29,40,1730,7,0,33,1730,0.175,0.0,1.0,0.0,0.1765019189227711
ni_tfnbs,"e=0.7,h=0.5,n=30,start_thres=1.25",hub,0.25,30,29,40,1730,16,0,24,1730,0.4,0.0,1.0,0.0,0.1765019189227711
ni_tfnbs,"e=0.7,h=1.0,n=30,start_thres=1.25",hub,0.25,30,29,40,1730,17,0,23,1730,0.425,0.0,1.0,0.0,0.1765019189227711
ni_tfnbs,"e=0.7,h=2.0,n=30,start_thres=1.25",hub,0.25,30,29,40,1730,17,0,23,1730,0.425,0.0,1.0,0.0,0.1765019189227711
ni_tfnbs,"e=0.7,h=3.0,n=30,start_thres=1.25",hub,0.25,30,29,40,1730,15,0,25,1730,0.375,0.0,1.0,0.0,0.1765019189227711
ni_tfnbs,"e=0.7,h=4.0,n=30,start_thres=1.25",hub,0.25,30,29,40,1730,14,0,26,1730,0.35,0.0,1.0,0.0,0.1765019189227711
ni_tfnbs,"e=0.7,h=5.0,n=30,start_thres=1.25",hub,0.25,30,29,40,1730,10,0,30,1730,0.25,0.0,1.0,0.0,0.1765019189227711
ni_tfnbs,"e=0.7,h=6.0,n=30,start_thres=1.25",hub,0.25,30,29,40,1730,10,0,30,1730,0.25,0.0,1.0,0.0,0.1765019189227711
ni_tfnbs,"e=0.7,h=7.0,n=30,start_thres=1.25",hub,0.25,30,29,40,1730,10,0,30,1730,0.25,0.0,1.0,0.0,0.1765019189227711
ni_tfnbs,"e=0.7,h=8.0,n=30,start_thres=1.25",hub,0.25,30,29,40,1730,9,0,31,1730,0.225,0.0,1.0,0.0,0.1765019189227711
ni_tfnbs,"e=0.7,h=9.0,n=30,start_thres=1.25",hub,0.25,30,29,40,1730,7,0,33,1730,0.175,0.0,1.0,0.0,0.1765019189227711
ni_tfnbs,"e=0.7,h=10.0,n=30,start_thres=1.25",hub,0.25,30,29,40,1730,7,0,33,1730,0.175,0.0,1.0,0.0,0.1765019189227711
ni_tfnbs,"e=0.8,h=0.5,n=30,start_thres=1.25",hub,0.25,30,29,40,1730,17,0,23,1730,0.425,0.0,1.0,0.0,0.1765019189227711
ni_tfnbs,"e=0.8,h=1.0,n=30,start_thres=1.25",hub,0.25,30,29,40,1730,18,0,22,1730,0.45,0.0,1.0,0.0,0.1765019189227711
ni_tfnbs,"e=0.8,h=2.0,n=30,start_thres=1.25",hub,0.25,30,29,40,1730,17,0,23,1730,0.425,0.0,1.0,0.0,0.1765019189227711
ni_tfnbs,"e=0.8,h=3.0,n=30,start_thres=1.25",hub,0.25,30,29,40,1730,16,0,24,1730,0.4,0.0,1.0,0.0,0.1765019189227711
ni_tfnbs,"e=0.8,h=4.0,n=30,start_thres=1.25",hub,0.25,30,29,40,1730,15,0,25,1730,0.375,0.0,1.0,0.0,0.1765019189227711
ni_tfnbs,"e=0.8,h=5.0,n=30,start_thres=1.25",hub,0.25,30,29,40,1730,13,0,27,1730,0.325,0.0,1.0,0.0,0.1765019189227711
ni_tfnbs,"e=0.8,h=6.0,n=30,start_thres=1.25",hub,0.25,30,29,40,1730,10,0,30,1730,0.25,0.0,1.0,0.0,0.1765019189227711
ni_tfnbs,"e=0.8,h=7.0,n=30,start_thres=1.25",hub,0.25,30,29,40,1730,10,0,30,1730,0.25,0.0,1.0,0.0,0.1765019189227711
ni_tfnbs,"e=0.8,h=8.0,n=30,start_thres=1.25",hub,0.25,30,29,40,1730,10,0,30,1730,0.25,0.0,1.0,0.0,0.1765019189227711
ni_tfnbs,"e=0.8,h=9.0,n=30,start_thres=1.25",hub,0.25,30,29,40,1730,9,0,31,1730,0.225,0.0,1.0,0.0,0.1765019189227711
ni_tfnbs,"e=0.8,h=10.0,n=30,start_thres=1.25",hub,0.25,30,29,40,1730,7,0,33,1730,0.175,0.0,1.0,0.0,0.1765019189227711
ni_tfnbs,"e=0.9,h=0.5,n=30,start_thres=1.25",hub,0.25,30,29,40,1730,16,2,24,1728,0.4,0.0011560693641618,0.8888888888888888,0.1111111111111111,0.1765019189227711
ni_tfnbs,"e=0.9,h=1.0,n=30,start_thres=1.25",hub,0.25,30,29,40,1730,18,2,22,1728,0.45,0.0011560693641618,0.9,0.1,0.1765019189227711
ni_tfnbs,"e=0.9,h=2.0,n=30,start_thres=1.25",hub,0.25,30,29,40,1730,18,0,22,1730,0.45,0.0,1.0,0.0,0.1765019189227711
ni_tfnbs,"e=0.9,h=3.0,n=30,start_thres=1.25",hub,0.25,30,29,40,1730,18,0,22,1730,0.45,0.0,1.0,0.0,0.1765019189227711
ni_tfnbs,"e=0.9,h=4.0,n=30,start_thres=1.25",hub,0.25,30,29,40,1730,16,0,24,1730,0.4,0.0,1.0,0.0,0.1765019189227711
ni_tfnbs,"e=0.9,h=5.0,n=30,start_thres=1.25",hub,0.25,30,29,40,1730,14,0,26,1730,0.35,0.0,1.0,0.0,0.1765019189227711
ni_tfnbs,"e=0.9,h=6.0,n=30,start_thres=1.25",hub,0.25,30,29,40,1730,12,0,28,1730,0.3,0.0,1.0,0.0,0.1765019189227711
ni_tfnbs,"e=0.9,h=7.0,n=30,start_thres=1.25",hub,0.25,30,29,40,1730,10,0,30,1730,0.25,0.0,1.0,0.0,0.1765019189227711
ni_tfnbs,"e=0.9,h=8.0,n=30,start_thres=1.25",hub,0.25,30,29,40,1730,10,0,30,1730,0.25,0.0,1.0,0.0,0.1765019189227711
ni_tfnbs,"e=0.9,h=9.0,n=30,start_thres=1.25",hub,0.25,30,29,40,1730,10,0,30,1730,0.25,0.0,1.0,0.0,0.1765019189227711
ni_tfnbs,"e=0.9,h=10.0,n=30,start_thres=1.25",hub,0.25,30,29,40,1730,9,0,31,1730,0.225,0.0,1.0,0.0,0.1765019189227711
ni_tfnbs,"e=1.0,h=0.5,n=30,start_thres=1.25",hub,0.25,30,29,40,1730,16,4,24,1726,0.4,0.0023121387283236,0.8,0.2,0.1765019189227711
ni_tfnbs,"e=1.0,h=1.0,n=30,start_thres=1.25",hub,0.25,30,29,40,1730,16,2,24,1728,0.4,0.0011560693641618,0.8888888888888888,0.1111111111111111,0.1765019189227711
ni_tfnbs,"e=1.0,h=2.0,n=30,start_thres=1.25",hub,0.25,30,29,40,1730,20,0,20,1730,0.5,0.0,1.0,0.0,0.1765019189227711
ni_tfnbs,"e=1.0,h=3.0,n=30,start_thres=1.25",hub,0.25,30,29,40,1730,18,0,22,1730,0.45,0.0,1.0,0.0,0.1765019189227711
ni_tfnbs,"e=1.0,h=4.0,n=30,start_thres=1.25",hub,0.25,30,29,40,1730,16,0,24,1730,0.4,0.0,1.0,0.0,0.1765019189227711
ni_tfnbs,"e=1.0,h=5.0,n=30,start_thres=1.25",hub,0.25,30,29,40,1730,15,0,25,1730,0.375,0.0,1.0,0.0,0.1765019189227711
ni_tfnbs,"e=1.0,h=6.0,n=30,start_thres=1.25",hub,0.25,30,29,40,1730,14,0,26,1730,0.35,0.0,1.0,0.0,0.1765019189227711
ni_tfnbs,"e=1.0,h=7.0,n=30,start_thres=1.25",hub,0.25,30,29,40,1730,12,0,28,1730,0.3,0.0,1.0,0.0,0.1765019189227711
ni_tfnbs,"e=1.0,h=8.0,n=30,start_thres=1.25",hub,0.25,30,29,40,1730,10,0,30,1730,0.25,0.0,1.0,0.0,0.1765019189227711
ni_tfnbs,"e=1.0,h=9.0,n=30,start_thres=1.25",hub,0.25,30,29,40,1730,10,0,30,1730,0.25,0.0,1.0,0.0,0.1765019189227711
ni_tfnbs,"e=1.0,h=10.0,n=30,start_thres=1.25",hub,0.25,30,29,40,1730,10,0,30,1730,0.25,0.0,1.0,0.0,0.1765019189227711
ni_tfnbs,"e=1.1,h=0.5,n=30,start_thres=1.25",hub,0.25,30,29,40,1730,15,4,25,1726,0.375,0.0023121387283236,0.7894736842105263,0.2105263157894736,0.1765019189227711
ni_tfnbs,"e=1.1,h=1.0,n=30,start_thres=1.25",hub,0.25,30,29,40,1730,18,4,22,1726,0.45,0.0023121387283236,0.8181818181818182,0.1818181818181818,0.1765019189227711
ni_tfnbs,"e=1.1,h=2.0,n=30,start_thres=1.25",hub,0.25,30,29,40,1730,20,2,20,1728,0.5,0.0011560693641618,0.9090909090909092,0.0909090909090909,0.1765019189227711
ni_tfnbs,"e=1.1,h=3.0,n=30,start_thres=1.25",hub,0.25,30,29,40,1730,20,0,20,1730,0.5,0.0,1.0,0.0,0.1765019189227711
ni_tfnbs,"e=1.1,h=4.0,n=30,start_thres=1.25",hub,0.25,30,29,40,1730,18,0,22,1730,0.45,0.0,1.0,0.0,0.1765019189227711
ni_tfnbs,"e=1.1,h=5.0,n=30,start_thres=1.25",hub,0.25,30,29,40,1730,16,0,24,1730,0.4,0.0,1.0,0.0,0.1765019189227711
ni_tfnbs,"e=1.1,h=6.0,n=30,start_thres=1.25",hub,0.25,30,29,40,1730,15,0,25,1730,0.375,0.0,1.0,0.0,0.1765019189227711
ni_tfnbs,"e=1.1,h=7.0,n=30,start_thres=1.25",hub,0.25,30,29,40,1730,13,0,27,1730,0.325,0.0,1.0,0.0,0.1765019189227711
ni_tfnbs,"e=1.1,h=8.0,n=30,start_thres=1.25",hub,0.25,30,29,40,1730,12,0,28,1730,0.3,0.0,1.0,0.0,0.1765019189227711
ni_tfnbs,"e=1.1,h=9.0,n=30,start_thres=1.25",hub,0.25,30,29,40,1730,10,0,30,1730,0.25,0.0,1.0,0.0,0.1765019189227711
ni_tfnbs,"e=1.1,h=10.0,n=30,start_thres=1.25",hub,0.25,30,29,40,1730,10,0,30,1730,0.25,0.0,1.0,0.0,0.1765019189227711
ni_tfnbs,"e=1.2,h=0.5,n=30,start_thres=1.25",hub,0.25,30,29,40,1730,15,8,25,1722,0.375,0.0046242774566473,0.6521739130434783,0.3478260869565217,0.1765019189227711
ni_tfnbs,"e=1.2,h=1.0,n=30,start_thres=1.25",hub,0.25,30,29,40,1730,17,4,23,1726,0.425,0.0023121387283236,0.8095238095238095,0.1904761904761904,0.1765019189227711
ni_tfnbs,"e=1.2,h=2.0,n=30,start_thres=1.25",hub,0.25,30,29,40,1730,19,4,21,1726,0.475,0.0023121387283236,0.8260869565217391,0.1739130434782608,0.1765019189227711
ni_tfnbs,"e=1.2,h=3.0,n=30,start_thres=1.25",hub,0.25,30,29,40,1730,21,2,19,1728,0.525,0.0011560693641618,0.9130434782608696,0.0869565217391304,0.1765019189227711
ni_tfnbs,"e=1.2,h=4.0,n=30,start_thres=1.25",hub,0.25,30,29,40,1730,20,0,20,1730,0.5,0.0,1.0,0.0,0.1765019189227711
ni_tfnbs,"e=1.2,h=5.0,n=30,start_thres=1.25",hub,0.25,30,29,40,1730,17,0,23,1730,0.425,0.0,1.0,0.0,0.1765019189227711
ni_tfnbs,"e=1.2,h=6.0,n=30,start_thres=1.25",hub,0.25,30,29,40,1730,15,0,25,1730,0.375,0.0,1.0,0.0,0.1765019189227711
ni_tfnbs,"e=1.2,h=7.0,n=30,start_thres=1.25",hub,0.25,30,29,40,1730,13,0,27,1730,0.325,0.0,1.0,0.0,0.1765019189227711
ni_tfnbs,"e=1.2,h=8.0,n=30,start_thres=1.25",hub,0.25,30,29,40,1730,12,0,28,1730,0.3,0.0,1.0,0.0,0.1765019189227711
ni_tfnbs,"e=1.2,h=9.0,n=30,start_thres=1.25",hub,0.25,30,29,40,1730,11,0,29,1730,0.275,0.0,1.0,0.0,0.1765019189227711
ni_tfnbs,"e=1.2,h=10.0,n=30,start_thres=1.25",hub,0.25,30,29,40,1730,10,0,30,1730,0.25,0.0,1.0,0.0,0.1765019189227711
ni_tfnbs,"e=1.3,h=0.5,n=30,start_thres=1.25",hub,0.25,30,29,40,1730,15,8,25,1722,0.375,0.0046242774566473,0.6521739130434783,0.3478260869565217,0.1765019189227711
ni_tfnbs,"e=1.3,h=1.0,n=30,start_thres=1.25",hub,0.25,30,29,40,1730,17,8,23,1722,0.425,0.0046242774566473,0.68,0.32,0.1765019189227711
ni_tfnbs,"e=1.3,h=2.0,n=30,start_thres=1.25",hub,0.25,30,29,40,1730,18,4,22,1726,0.45,0.0023121387283236,0.8181818181818182,0.1818181818181818,0.1765019189227711
ni_tfnbs,"e=1.3,h=3.0,n=30,start_thres=1.25",hub,0.25,30,29,40,1730,21,4,19,1726,0.525,0.0023121387283236,0.84,0.16,0.1765019189227711
ni_tfnbs,"e=1.3,h=4.0,n=30,start_thres=1.25",hub,0.25,30,29,40,1730,20,0,20,1730,0.5,0.0,1.0,0.0,0.1765019189227711
ni_tfnbs,"e=1.3,h=5.0,n=30,start_thres=1.25",hub,0.25,30,29,40,1730,20,0,20,1730,0.5,0.0,1.0,0.0,0.1765019189227711
ni_tfnbs,"e=1.3,h=6.0,n=30,start_thres=1.25",hub,0.25,30,29,40,1730,17,0,23,1730,0.425,0.0,1.0,0.0,0.1765019189227711
ni_tfnbs,"e=1.3,h=7.0,n=30,start_thres=1.25",hub,0.25,30,29,40,1730,15,0,25,1730,0.375,0.0,1.0,0.0,0.1765019189227711
ni_tfnbs,"e=1.3,h=8.0,n=30,start_thres=1.25",hub,0.25,30,29,40,1730,13,0,27,1730,0.325,0.0,1.0,0.0,0.1765019189227711
ni_tfnbs,"e=1.3,h=9.0,n=30,start_thres=1.25",hub,0.25,30,29,40,1730,12,0,28,1730,0.3,0.0,1.0,0.0,0.1765019189227711
ni_tfnbs,"e=1.3,h=10.0,n=30,start_thres=1.25",hub,0.25,30,29,40,1730,10,0,30,1730,0.25,0.0,1.0,0.0,0.1765019189227711
ni_tfnbs,"e=1.4,h=0.5,n=30,start_thres=1.25",hub,0.25,30,29,40,1730,15,8,25,1722,0.375,0.0046242774566473,0.6521739130434783,0.3478260869565217,0.1765019189227711
ni_tfnbs,"e=1.4,h=1.0,n=30,start_thres=1.25",hub,0.25,30,29,40,1730,15,8,25,1722,0.375,0.0046242774566473,0.6521739130434783,0.3478260869565217,0.1765019189227711
ni_tfnbs,"e=1.4,h=2.0,n=30,start_thres=1.25",hub,0.25,30,29,40,1730,18,8,22,1722,0.45,0.0046242774566473,0.6923076923076923,0.3076923076923077,0.1765019189227711
ni_tfnbs,"e=1.4,h=3.0,n=30,start_thres=1.25",hub,0.25,30,29,40,1730,19,4,21,1726,0.475,0.0023121387283236,0.8260869565217391,0.1739130434782608,0.1765019189227711
ni_tfnbs,"e=1.4,h=4.0,n=30,start_thres=1.25",hub,0.25,30,29,40,1730,21,2,19,1728,0.525,0.0011560693641618,0.9130434782608696,0.0869565217391304,0.1765019189227711
ni_tfnbs,"e=1.4,h=5.0,n=30,start_thres=1.25",hub,0.25,30,29,40,1730,20,0,20,1730,0.5,0.0,1.0,0.0,0.1765019189227711
ni_tfnbs,"e=1.4,h=6.0,n=30,start_thres=1.25",hub,0.25,30,29,40,1730,17,0,23,1730,0.425,0.0,1.0,0.0,0.1765019189227711
ni_tfnbs,"e=1.4,h=7.0,n=30,start_thres=1.25",hub,0.25,30,29,40,1730,16,0,24,1730,0.4,0.0,1.0,0.0,0.1765019189227711
ni_tfnbs,"e=1.4,h=8.0,n=30,start_thres=1.25",hub,0.25,30,29,40,1730,14,0,26,1730,0.35,0.0,1.0,0.0,0.1765019189227711
ni_tfnbs,"e=1.4,h=9.0,n=30,start_thres=1.25",hub,0.25,30,29,40,1730,13,0,27,1730,0.325,0.0,1.0,0.0,0.1765019189227711
ni_tfnbs,"e=1.4,h=10.0,n=30,start_thres=1.25",hub,0.25,30,29,40,1730,11,0,29,1730,0.275,0.0,1.0,0.0,0.1765019189227711
ni_tfnbs,"e=1.5,h=0.5,n=30,start_thres=1.25",hub,0.25,30,29,40,1730,14,8,26,1722,0.35,0.0046242774566473,0.6363636363636364,0.3636363636363636,0.1765019189227711
ni_tfnbs,"e=1.5,h=1.0,n=30,start_thres=1.25",hub,0.25,30,29,40,1730,15,8,25,1722,0.375,0.0046242774566473,0.6521739130434783,0.3478260869565217,0.1765019189227711
ni_tfnbs,"e=1.5,h=2.0,n=30,start_thres=1.25",hub,0.25,30,29,40,1730,17,8,23,1722,0.425,0.0046242774566473,0.68,0.32,0.1765019189227711
ni_tfnbs,"e=1.5,h=3.0,n=30,start_thres=1.25",hub,0.25,30,29,40,1730,18,8,22,1722,0.45,0.0046242774566473,0.6923076923076923,0.3076923076923077,0.1765019189227711
ni_tfnbs,"e=1.5,h=4.0,n=30,start_thres=1.25",hub,0.25,30,29,40,1730,20,4,20,1726,0.5,0.0023121387283236,0.8333333333333334,0.1666666666666666,0.1765019189227711
ni_tfnbs,"e=1.5,h=5.0,n=30,start_thres=1.25",hub,0.25,30,29,40,1730,21,2,19,1728,0.525,0.0011560693641618,0.9130434782608696,0.0869565217391304,0.1765019189227711
ni_tfnbs,"e=1.5,h=6.0,n=30,start_thres=1.25",hub,0.25,30,29,40,1730,19,0,21,1730,0.475,0.0,1.0,0.0,0.1765019189227711
ni_tfnbs,"e=1.5,h=7.0,n=30,start_thres=1.25",hub,0.25,30,29,40,1730,17,0,23,1730,0.425,0.0,1.0,0.0,0.1765019189227711
ni_tfnbs,"e=1.5,h=8.0,n=30,start_thres=1.25",hub,0.25,30,29,40,1730,14,0,26,1730,0.35,0.0,1.0,0.0,0.1765019189227711
ni_tfnbs,"e=1.5,h=9.0,n=30,start_thres=1.25",hub,0.25,30,29,40,1730,13,0,27,1730,0.325,0.0,1.0,0.0,0.1765019189227711
ni_tfnbs,"e=1.5,h=10.0,n=30,start_thres=1.25",hub,0.25,30,29,40,1730,12,0,28,1730,0.3,0.0,1.0,0.0,0.1765019189227711
fbc_tfnbs,"e=0.05,h=0.5,n=30,start_thres=1.25,min_cluster_size=3",hub,0.25,30,0,40,1730,12,4,28,1726,0.3,0.0023121387283236,0.75,0.25,0.1818659197200428
fbc_tfnbs,"e=0.05,h=1.0,n=30,start_thres=1.25,min_cluster_size=3",hub,0.25,30,0,40,1730,12,4,28,1726,0.3,0.0023121387283236,0.75,0.25,0.1818659197200428
fbc_tfnbs,"e=0.05,h=2.0,n=30,start_thres=1.25,min_cluster_size=3",hub,0.25,30,0,40,1730,12,4,28,1726,0.3,0.0023121387283236,0.75,0.25,0.1818659197200428
fbc_tfnbs,"e=0.05,h=3.0,n=30,start_thres=1.25,min_cluster_size=3",hub,0.25,30,0,40,1730,12,4,28,1726,0.3,0.0023121387283236,0.75,0.25,0.1818659197200428
fbc_tfnbs,"e=0.05,h=4.0,n=30,start_thres=1.25,min_cluster_size=3",hub,0.25,30,0,40,1730,12,4,28,1726,0.3,0.0023121387283236,0.75,0.25,0.1818659197200428
fbc_tfnbs,"e=0.05,h=5.0,n=30,start_thres=1.25,min_cluster_size=3",hub,0.25,30,0,40,1730,12,4,28,1726,0.3,0.0023121387283236,0.75,0.25,0.1818659197200428
fbc_tfnbs,"e=0.05,h=6.0,n=30,start_thres=1.25,min_cluster_size=3",hub,0.25,30,0,40,1730,12,4,28,1726,0.3,0.0023121387283236,0.75,0.25,0.1818659197200428
fbc_tfnbs,"e=0.05,h=7.0,n=30,start_thres=1.25,min_cluster_size=3",hub,0.25,30,0,40,1730,12,4,28,1726,0.3,0.0023121387283236,0.75,0.25,0.1818659197200428
fbc_tfnbs,"e=0.05,h=8.0,n=30,start_thres=1.25,min_cluster_size=3",hub,0.25,30,0,40,1730,12,4,28,1726,0.3,0.0023121387283236,0.75,0.25,0.1818659197200428
fbc_tfnbs,"e=0.05,h=9.0,n=30,start_thres=1.25,min_cluster_size=3",hub,0.25,30,0,40,1730,12,4,28,1726,0.3,0.0023121387283236,0.75,0.25,0.1818659197200428
fbc_tfnbs,"e=0.05,h=10.0,n=30,start_thres=1.25,min_cluster_size=3",hub,0.25,30,0,40,1730,12,4,28,1726,0.3,0.0023121387283236,0.75,0.25,0.1818659197200428
fbc_tfnbs,"e=0.1,h=0.5,n=30,start_thres=1.25,min_cluster_size=3",hub,0.25,30,0,40,1730,12,4,28,1726,0.3,0.0023121387283236,0.75,0.25,0.1818659197200428
fbc_tfnbs,"e=0.1,h=1.0,n=30,start_thres=1.25,min_cluster_size=3",hub,0.25,30,0,40,1730,12,4,28,1726,0.3,0.0023121387283236,0.75,0.25,0.1818659197200428
fbc_tfnbs,"e=0.1,h=2.0,n=30,start_thres=1.25,min_cluster_size=3",hub,0.25,30,0,40,1730,12,4,28,1726,0.3,0.0023121387283236,0.75,0.25,0.1818659197200428
fbc_tfnbs,"e=0.1,h=3.0,n=30,start_thres=1.25,min_cluster_size=3",hub,0.25,30,0,40,1730,12,4,28,1726,0.3,0.0023121387283236,0.75,0.25,0.1818659197200428
fbc_tfnbs,"e=0.1,h=4.0,n=30,start_thres=1.25,min_cluster_size=3",hub,0.25,30,0,40,1730,12,4,28,1726,0.3,0.0023121387283236,0.75,0.25,0.1818659197200428
fbc_tfnbs,"e=0.1,h=5.0,n=30,start_thres=1.25,min_cluster_size=3",hub,0.25,30,0,40,1730,12,4,28,1726,0.3,0.0023121387283236,0.75,0.25,0.1818659197200428
fbc_tfnbs,"e=0.1,h=6.0,n=30,start_thres=1.25,min_cluster_size=3",hub,0.25,30,0,40,1730,12,4,28,1726,0.3,0.0023121387283236,0.75,0.25,0.1818659197200428
fbc_tfnbs,"e=0.1,h=7.0,n=30,start_thres=1.25,min_cluster_size=3",hub,0.25,30,0,40,1730,12,4,28,1726,0.3,0.0023121387283236,0.75,0.25,0.1818659197200428
fbc_tfnbs,"e=0.1,h=8.0,n=30,start_thres=1.25,min_cluster_size=3",hub,0.25,30,0,40,1730,12,4,28,1726,0.3,0.0023121387283236,0.75,0.25,0.1818659197200428
fbc_tfnbs,"e=0.1,h=9.0,n=30,start_thres=1.25,min_cluster_size=3",hub,0.25,30,0,40,1730,12,4,28,1726,0.3,0.0023121387283236,0.75,0.25,0.1818659197200428
fbc_tfnbs,"e=0.1,h=10.0,n=30,start_thres=1.25,min_cluster_size=3",hub,0.25,30,0,40,1730,12,4,28,1726,0.3,0.0023121387283236,0.75,0.25,0.1818659197200428
fbc_tfnbs,"e=0.2,h=0.5,n=30,start_thres=1.25,min_cluster_size=3",hub,0.25,30,0,40,1730,9,3,31,1727,0.225,0.0017341040462427,0.75,0.25,0.1818659197200428
fbc_tfnbs,"e=0.2,h=1.0,n=30,start_thres=1.25,min_cluster_size=3",hub,0.25,30,0,40,1730,12,4,28,1726,0.3,0.0023121387283236,0.75,0.25,0.1818659197200428
fbc_tfnbs,"e=0.2,h=2.0,n=30,start_thres=1.25,min_cluster_size=3",hub,0.25,30,0,40,1730,12,4,28,1726,0.3,0.0023121387283236,0.75,0.25,0.1818659197200428
fbc_tfnbs,"e=0.2,h=3.0,n=30,start_thres=1.25,min_cluster_size=3",hub,0.25,30,0,40,1730,12,4,28,1726,0.3,0.0023121387283236,0.75,0.25,0.1818659197200428
fbc_tfnbs,"e=0.2,h=4.0,n=30,start_thres=1.25,min_cluster_size=3",hub,0.25,30,0,40,1730,12,4,28,1726,0.3,0.0023121387283236,0.75,0.25,0.1818659197200428
fbc_tfnbs,"e=0.2,h=5.0,n=30,start_thres=1.25,min_cluster_size=3",hub,0.25,30,0,40,1730,12,4,28,1726,0.3,0.0023121387283236,0.75,0.25,0.1818659197200428
fbc_tfnbs,"e=0.2,h=6.0,n=30,start_thres=1.25,min_cluster_size=3",hub,0.25,30,0,40,1730,12,4,28,1726,0.3,0.0023121387283236,0.75,0.25,0.1818659197200428
fbc_tfnbs,"e=0.2,h=7.0,n=30,start_thres=1.25,min_cluster_size=3",hub,0.25,30,0,40,1730,12,4,28,1726,0.3,0.0023121387283236,0.75,0.25,0.1818659197200428
fbc_tfnbs,"e=0.2,h=8.0,n=30,start_thres=1.25,min_cluster_size=3",hub,0.25,30,0,40,1730,12,4,28,1726,0.3,0.0023121387283236,0.75,0.25,0.1818659197200428
fbc_tfnbs,"e=0.2,h=9.0,n=30,start_thres=1.25,min_cluster_size=3",hub,0.25,30,0,40,1730,12,4,28,1726,0.3,0.0023121387283236,0.75,0.25,0.1818659197200428
fbc_tfnbs,"e=0.2,h=10.0,n=30,start_thres=1.25,min_cluster_size=3",hub,0.25,30,0,40,1730,12,4,28,1726,0.3,0.0023121387283236,0.75,0.25,0.1818659197200428
fbc_tfnbs,"e=0.3,h=0.5,n=30,start_thres=1.25,min_cluster_size=3",hub,0.25,30,0,40,1730,9,3,31,1727,0.225,0.0017341040462427,0.75,0.25,0.1818659197200428
fbc_tfnbs,"e=0.3,h=1.0,n=30,start_thres=1.25,min_cluster_size=3",hub,0.25,30,0,40,1730,9,3,31,1727,0.225,0.0017341040462427,0.75,0.25,0.1818659197200428
fbc_tfnbs,"e=0.3,h=2.0,n=30,start_thres=1.25,min_cluster_size=3",hub,0.25,30,0,40,1730,12,4,28,1726,0.3,0.0023121387283236,0.75,0.25,0.1818659197200428
fbc_tfnbs,"e=0.3,h=3.0,n=30,start_thres=1.25,min_cluster_size=3",hub,0.25,30,0,40,1730,13,4,27,1726,0.325,0.0023121387283236,0.7647058823529411,0.2352941176470588,0.1818659197200428
fbc_tfnbs,"e=0.3,h=4.0,n=30,start_thres=1.25,min_cluster_size=3",hub,0.25,30,0,40,1730,13,4,27,1726,0.325,0.0023121387283236,0.7647058823529411,0.2352941176470588,0.1818659197200428
fbc_tfnbs,"e=0.3,h=5.0,n=30,start_thres=1.25,min_cluster_size=3",hub,0.25,30,0,40,1730,13,4,27,1726,0.325,0.0023121387283236,0.7647058823529411,0.2352941176470588,0.1818659197200428
fbc_tfnbs,"e=0.3,h=6.0,n=30,start_thres=1.25,min_cluster_size=3",hub,0.25,30,0,40,1730,13,4,27,1726,0.325,0.0023121387283236,0.7647058823529411,0.2352941176470588,0.1818659197200428
fbc_tfnbs,"e=0.3,h=7.0,n=30,start_thres=1.25,min_cluster_size=3",hub,0.25,30,0,40,1730,12,4,28,1726,0.3,0.0023121387283236,0.75,0.25,0.1818659197200428
fbc_tfnbs,"e=0.3,h=8.0,n=30,start_thres=1.25,min_cluster_size=3",hub,0.25,30,0,40,1730,12,4,28,1726,0.3,0.0023121387283236,0.75,0.25,0.1818659197200428
fbc_tfnbs,"e=0.3,h=9.0,n=30,start_thres=1.25,min_cluster_size=3",hub,0.25,30,0,40,1730,12,4,28,1726,0.3,0.0023121387283236,0.75,0.25,0.1818659197200428
fbc_tfnbs,"e=0.3,h=10.0,n=30,start_thres=1.25,min_cluster_size=3",hub,0.25,30,0,40,1730,12,4,28,1726,0.3,0.0023121387283236,0.75,0.25,0.1818659197200428
fbc_tfnbs,"e=0.4,h=0.5,n=30,start_thres=1.25,min_cluster_size=3",hub,0.25,30,0,40,1730,9,3,31,1727,0.225,0.0017341040462427,0.75,0.25,0.1818659197200428
fbc_tfnbs,"e=0.4,h=1.0,n=30,start_thres=1.25,min_cluster_size=3",hub,0.25,30,0,40,1730,9,3,31,1727,0.225,0.0017341040462427,0.75,0.25,0.1818659197200428
fbc_tfnbs,"e=0.4,h=2.0,n=30,start_thres=1.25,min_cluster_size=3",hub,0.25,30,0,40,1730,10,3,30,1727,0.25,0.0017341040462427,0.7692307692307693,0.2307692307692307,0.1818659197200428
fbc_tfnbs,"e=0.4,h=3.0,n=30,start_thres=1.25,min_cluster_size=3",hub,0.25,30,0,40,1730,13,4,27,1726,0.325,0.0023121387283236,0.7647058823529411,0.2352941176470588,0.1818659197200428
fbc_tfnbs,"e=0.4,h=4.0,n=30,start_thres=1.25,min_cluster_size=3",hub,0.25,30,0,40,1730,13,4,27,1726,0.325,0.0023121387283236,0.7647058823529411,0.2352941176470588,0.1818659197200428
fbc_tfnbs,"e=0.4,h=5.0,n=30,start_thres=1.25,min_cluster_size=3",hub,0.25,30,0,40,1730,14,5,26,1725,0.35,0.0028901734104046,0.7368421052631579,0.2631578947368421,0.1818659197200428
fbc_tfnbs,"e=0.4,h=6.0,n=30,start_thres=1.25,min_cluster_size=3",hub,0.25,30,0,40,1730,14,5,26,1725,0.35,0.0028901734104046,0.7368421052631579,0.2631578947368421,0.1818659197200428
fbc_tfnbs,"e=0.4,h=7.0,n=30,start_thres=1.25,min_cluster_size=3",hub,0.25,30,0,40,1730,14,5,26,1725,0.35,0.0028901734104046,0.7368421052631579,0.2631578947368421,0.1818659197200428
fbc_tfnbs,"e=0.4,h=8.0,n=30,start_thres=1.25,min_cluster_size=3",hub,0.25,30,0,40,1730,14,5,26,1725,0.35,0.0028901734104046,0.7368421052631579,0.2631578947368421,0.1818659197200428
fbc_tfnbs,"e=0.4,h=9.0,n=30,start_thres=1.25,min_cluster_size=3",hub,0.25,30,0,40,1730,14,5,26,1725,0.35,0.0028901734104046,0.7368421052631579,0.2631578947368421,0.1818659197200428
fbc_tfnbs,"e=0.4,h=10.0,n=30,start_thres=1.25,min_cluster_size=3",hub,0.25,30,0,40,1730,14,5,26,1725,0.35,0.0028901734104046,0.7368421052631579,0.2631578947368421,0.1818659197200428
fbc_tfnbs,"e=0.5,h=0.5,n=30,start_thres=1.25,min_cluster_size=3",hub,0.25,30,0,40,1730,9,3,31,1727,0.225,0.0017341040462427,0.75,0.25,0.1818659197200428
fbc_tfnbs,"e=0.5,h=1.0,n=30,start_thres=1.25,min_cluster_size=3",hub,0.25,30,0,40,1730,10,3,30,1727,0.25,0.0017341040462427,0.7692307692307693,0.2307692307692307,0.1818659197200428
fbc_tfnbs,"e=0.5,h=2.0,n=30,start_thres=1.25,min_cluster_size=3",hub,0.25,30,0,40,1730,10,3,30,1727,0.25,0.0017341040462427,0.7692307692307693,0.2307692307692307,0.1818659197200428
fbc_tfnbs,"e=0.5,h=3.0,n=30,start_thres=1.25,min_cluster_size=3",hub,0.25,30,0,40,1730,13,4,27,1726,0.325,0.0023121387283236,0.7647058823529411,0.2352941176470588,0.1818659197200428
fbc_tfnbs,"e=0.5,h=4.0,n=30,start_thres=1.25,min_cluster_size=3",hub,0.25,30,0,40,1730,14,5,26,1725,0.35,0.0028901734104046,0.7368421052631579,0.2631578947368421,0.1818659197200428
fbc_tfnbs,"e=0.5,h=5.0,n=30,start_thres=1.25,min_cluster_size=3",hub,0.25,30,0,40,1730,14,5,26,1725,0.35,0.0028901734104046,0.7368421052631579,0.2631578947368421,0.1818659197200428
fbc_tfnbs,"e=0.5,h=6.0,n=30,start_thres=1.25,min_cluster_size=3",hub,0.25,30,0,40,1730,14,5,26,1725,0.35,0.0028901734104046,0.7368421052631579,0.2631578947368421,0.1818659197200428
fbc_tfnbs,"e=0.5,h=7.0,n=30,start_thres=1.25,min_cluster_size=3",hub,0.25,30,0,40,1730,14,5,26,1725,0.35,0.0028901734104046,0.7368421052631579,0.2631578947368421,0.1818659197200428
fbc_tfnbs,"e=0.5,h=8.0,n=30,start_thres=1.25,min_cluster_size=3",hub,0.25,30,0,40,1730,14,5,26,1725,0.35,0.0028901734104046,0.7368421052631579,0.2631578947368421,0.1818659197200428
fbc_tfnbs,"e=0.5,h=9.0,n=30,start_thres=1.25,min_cluster_size=3",hub,0.25,30,0,40,1730,14,5,26,1725,0.35,0.0028901734104046,0.7368421052631579,0.2631578947368421,0.1818659197200428
fbc_tfnbs,"e=0.5,h=10.0,n=30,start_thres=1.25,min_cluster_size=3",hub,0.25,30,0,40,1730,14,5,26,1725,0.35,0.0028901734104046,0.7368421052631579,0.2631578947368421,0.1818659197200428
fbc_tfnbs,"e=0.6,h=0.5,n=30,start_thres=1.25,min_cluster_size=3",hub,0.25,30,0,40,1730,9,3,31,1727,0.225,0.0017341040462427,0.75,0.25,0.1818659197200428
fbc_tfnbs,"e=0.6,h=1.0,n=30,start_thres=1.25,min_cluster_size=3",hub,0.25,30,0,40,1730,9,3,31,1727,0.225,0.0017341040462427,0.75,0.25,0.1818659197200428
fbc_tfnbs,"e=0.6,h=2.0,n=30,start_thres=1.25,min_cluster_size=3",hub,0.25,30,0,40,1730,10,3,30,1727,0.25,0.0017341040462427,0.7692307692307693,0.2307692307692307,0.1818659197200428
fbc_tfnbs,"e=0.6,h=3.0,n=30,start_thres=1.25,min_cluster_size=3",hub,0.25,30,0,40,1730,10,3,30,1727,0.25,0.0017341040462427,0.7692307692307693,0.2307692307692307,0.1818659197200428
fbc_tfnbs,"e=0.6,h=4.0,n=30,start_thres=1.25,min_cluster_size=3",hub,0.25,30,0,40,1730,14,5,26,1725,0.35,0.0028901734104046,0.7368421052631579,0.2631578947368421,0.1818659197200428
fbc_tfnbs,"e=0.6,h=5.0,n=30,start_thres=1.25,min_cluster_size=3",hub,0.25,30,0,40,1730,14,5,26,1725,0.35,0.0028901734104046,0.7368421052631579,0.2631578947368421,0.1818659197200428
fbc_tfnbs,"e=0.6,h=6.0,n=30,start_thres=1.25,min_cluster_size=3",hub,0.25,30,0,40,1730,14,5,26,1725,0.35,0.0028901734104046,0.7368421052631579,0.2631578947368421,0.1818659197200428
fbc_tfnbs,"e=0.6,h=7.0,n=30,start_thres=1.25,min_cluster_size=3",hub,0.25,30,0,40,1730,14,5,26,1725,0.35,0.0028901734104046,0.7368421052631579,0.2631578947368421,0.1818659197200428
fbc_tfnbs,"e=0.6,h=8.0,n=30,start_thres=1.25,min_cluster_size=3",hub,0.25,30,0,40,1730,14,5,26,1725,0.35,0.0028901734104046,0.7368421052631579,0.2631578947368421,0.1818659197200428
fbc_tfnbs,"e=0.6,h=9.0,n=30,start_thres=1.25,min_cluster_size=3",hub,0.25,30,0,40,1730,14,5,26,1725,0.35,0.0028901734104046,0.7368421052631579,0.2631578947368421,0.1818659197200428
fbc_tfnbs,"e=0.6,h=10.0,n=30,start_thres=1.25,min_cluster_size=3",hub,0.25,30,0,40,1730,14,5,26,1725,0.35,0.0028901734104046,0.7368421052631579,0.2631578947368421,0.1818659197200428
fbc_tfnbs,"e=0.7,h=0.5,n=30,start_thres=1.25,min_cluster_size=3",hub,0.25,30,0,40,1730,9,3,31,1727,0.225,0.0017341040462427,0.75,0.25,0.1818659197200428
fbc_tfnbs,"e=0.7,h=1.0,n=30,start_thres=1.25,min_cluster_size=3",hub,0.25,30,0,40,1730,9,3,31,1727,0.225,0.0017341040462427,0.75,0.25,0.1818659197200428
fbc_tfnbs,"e=0.7,h=2.0,n=30,start_thres=1.25,min_cluster_size=3",hub,0.25,30,0,40,1730,10,3,30,1727,0.25,0.0017341040462427,0.7692307692307693,0.2307692307692307,0.1818659197200428
fbc_tfnbs,"e=0.7,h=3.0,n=30,start_thres=1.25,min_cluster_size=3",hub,0.25,30,0,40,1730,10,3,30,1727,0.25,0.0017341040462427,0.7692307692307693,0.2307692307692307,0.1818659197200428
fbc_tfnbs,"e=0.7,h=4.0,n=30,start_thres=1.25,min_cluster_size=3",hub,0.25,30,0,40,1730,14,5,26,1725,0.35,0.0028901734104046,0.7368421052631579,0.2631578947368421,0.1818659197200428
fbc_tfnbs,"e=0.7,h=5.0,n=30,start_thres=1.25,min_cluster_size=3",hub,0.25,30,0,40,1730,14,5,26,1725,0.35,0.0028901734104046,0.7368421052631579,0.2631578947368421,0.1818659197200428
fbc_tfnbs,"e=0.7,h=6.0,n=30,start_thres=1.25,min_cluster_size=3",hub,0.25,30,0,40,1730,14,5,26,1725,0.35,0.0028901734104046,0.7368421052631579,0.2631578947368421,0.1818659197200428
fbc_tfnbs,"e=0.7,h=7.0,n=30,start_thres=1.25,min_cluster_size=3",hub,0.25,30,0,40,1730,14,5,26,1725,0.35,0.0028901734104046,0.7368421052631579,0.2631578947368421,0.1818659197200428
fbc_tfnbs,"e=0.7,h=8.0,n=30,start_thres=1.25,min_cluster_size=3",hub,0.25,30,0,40,1730,14,5,26,1725,0.35,0.0028901734104046,0.7368421052631579,0.2631578947368421,0.1818659197200428
fbc_tfnbs,"e=0.7,h=9.0,n=30,start_thres=1.25,min_cluster_size=3",hub,0.25,30,0,40,1730,14,5,26,1725,0.35,0.0028901734104046,0.7368421052631579,0.2631578947368421,0.1818659197200428
fbc_tfnbs,"e=0.7,h=10.0,n=30,start_thres=1.25,min_cluster_size=3",hub,0.25,30,0,40,1730,14,5,26,1725,0.35,0.0028901734104046,0.7368421052631579,0.2631578947368421,0.1818659197200428
fbc_tfnbs,"e=0.8,h=0.5,n=30,start_thres=1.25,min_cluster_size=3",hub,0.25,30,0,40,1730,3,2,37,1728,0.075,0.0011560693641618,0.6,0.4,0.1818659197200428
fbc_tfnbs,"e=0.8,h=1.0,n=30,start_thres=1.25,min_cluster_size=3",hub,0.25,30,0,40,1730,9,3,31,1727,0.225,0.0017341040462427,0.75,0.25,0.1818659197200428
fbc_tfnbs,"e=0.8,h=2.0,n=30,start_thres=1.25,min_cluster_size=3",hub,0.25,30,0,40,1730,10,3,30,1727,0.25,0.0017341040462427,0.7692307692307693,0.2307692307692307,0.1818659197200428
fbc_tfnbs,"e=0.8,h=3.0,n=30,start_thres=1.25,min_cluster_size=3",hub,0.25,30,0,40,1730,10,3,30,1727,0.25,0.0017341040462427,0.7692307692307693,0.2307692307692307,0.1818659197200428
fbc_tfnbs,"e=0.8,h=4.0,n=30,start_thres=1.25,min_cluster_size=3",hub,0.25,30,0,40,1730,13,4,27,1726,0.325,0.0023121387283236,0.7647058823529411,0.2352941176470588,0.1818659197200428
fbc_tfnbs,"e=0.8,h=5.0,n=30,start_thres=1.25,min_cluster_size=3",hub,0.25,30,0,40,1730,14,5,26,1725,0.35,0.0028901734104046,0.7368421052631579,0.2631578947368421,0.1818659197200428
fbc_tfnbs,"e=0.8,h=6.0,n=30,start_thres=1.25,min_cluster_size=3",hub,0.25,30,0,40,1730,14,5,26,1725,0.35,0.0028901734104046,0.7368421052631579,0.2631578947368421,0.1818659197200428
fbc_tfnbs,"e=0.8,h=7.0,n=30,start_thres=1.25,min_cluster_size=3",hub,0.25,30,0,40,1730,14,5,26,1725,0.35,0.0028901734104046,0.7368421052631579,0.2631578947368421,0.1818659197200428
fbc_tfnbs,"e=0.8,h=8.0,n=30,start_thres=1.25,min_cluster_size=3",hub,0.25,30,0,40,1730,14,5,26,1725,0.35,0.0028901734104046,0.7368421052631579,0.2631578947368421,0.1818659197200428
fbc_tfnbs,"e=0.8,h=9.0,n=30,start_thres=1.25,min_cluster_size=3",hub,0.25,30,0,40,1730,14,5,26,1725,0.35,0.0028901734104046,0.7368421052631579,0.2631578947368421,0.1818659197200428
fbc_tfnbs,"e=0.8,h=10.0,n=30,start_thres=1.25,min_cluster_size=3",hub,0.25,30,0,40,1730,14,5,26,1725,0.35,0.0028901734104046,0.7368421052631579,0.2631578947368421,0.1818659197200428
fbc_tfnbs,"e=0.9,h=0.5,n=30,start_thres=1.25,min_cluster_size=3",hub,0.25,30,0,40,1730,3,2,37,1728,0.075,0.0011560693641618,0.6,0.4,0.1818659197200428
fbc_tfnbs,"e=0.9,h=1.0,n=30,start_thres=1.25,min_cluster_size=3",hub,0.25,30,0,40,1730,3,2,37,1728,0.075,0.0011560693641618,0.6,0.4,0.1818659197200428
fbc_tfnbs,"e=0.9,h=2.0,n=30,start_thres=1.25,min_cluster_size=3",hub,0.25,30,0,40,1730,9,3,31,1727,0.225,0.0017341040462427,0.75,0.25,0.1818659197200428
fbc_tfnbs,"e=0.9,h=3.0,n=30,start_thres=1.25,min_cluster_size=3",hub,0.25,30,0,40,1730,10,3,30,1727,0.25,0.0017341040462427,0.7692307692307693,0.2307692307692307,0.1818659197200428
fbc_tfnbs,"e=0.9,h=4.0,n=30,start_thres=1.25,min_cluster_size=3",hub,0.25,30,0,40,1730,10,3,30,1727,0.25,0.0017341040462427,0.7692307692307693,0.2307692307692307,0.1818659197200428
fbc_tfnbs,"e=0.9,h=5.0,n=30,start_thres=1.25,min_cluster_size=3",hub,0.25,30,0,40,1730,14,5,26,1725,0.35,0.0028901734104046,0.7368421052631579,0.2631578947368421,0.1818659197200428
fbc_tfnbs,"e=0.9,h=6.0,n=30,start_thres=1.25,min_cluster_size=3",hub,0.25,30,0,40,1730,14,5,26,1725,0.35,0.0028901734104046,0.7368421052631579,0.2631578947368421,0.1818659197200428
fbc_tfnbs,"e=0.9,h=7.0,n=30,start_thres=1.25,min_cluster_size=3",hub,0.25,30,0,40,1730,14,5,26,1725,0.35,0.0028901734104046,0.7368421052631579,0.2631578947368421,0.1818659197200428
fbc_tfnbs,"e=0.9,h=8.0,n=30,start_thres=1.25,min_cluster_size=3",hub,0.25,30,0,40,1730,14,5,26,1725,0.35,0.0028901734104046,0.7368421052631579,0.2631578947368421,0.1818659197200428
fbc_tfnbs,"e=0.9,h=9.0,n=30,start_thres=1.25,min_cluster_size=3",hub,0.25,30,0,40,1730,14,5,26,1725,0.35,0.0028901734104046,0.7368421052631579,0.2631578947368421,0.1818659197200428
fbc_tfnbs,"e=0.9,h=10.0,n=30,start_thres=1.25,min_cluster_size=3",hub,0.25,30,0,40,1730,14,5,26,1725,0.35,0.0028901734104046,0.7368421052631579,0.2631578947368421,0.1818659197200428
fbc_tfnbs,"e=1.0,h=0.5,n=30,start_thres=1.25,min_cluster_size=3",hub,0.25,30,0,40,1730,2,2,38,1728,0.05,0.0011560693641618,0.5,0.5,0.1818659197200428
fbc_tfnbs,"e=1.0,h=1.0,n=30,start_thres=1.25,min_cluster_size=3",hub,0.25,30,0,40,1730,3,2,37,1728,0.075,0.0011560693641618,0.6,0.4,0.1818659197200428
fbc_tfnbs,"e=1.0,h=2.0,n=30,start_thres=1.25,min_cluster_size=3",hub,0.25,30,0,40,1730,9,3,31,1727,0.225,0.0017341040462427,0.75,0.25,0.1818659197200428
fbc_tfnbs,"e=1.0,h=3.0,n=30,start_thres=1.25,min_cluster_size=3",hub,0.25,30,0,40,1730,10,3,30,1727,0.25,0.0017341040462427,0.7692307692307693,0.2307692307692307,0.1818659197200428
fbc_tfnbs,"e=1.0,h=4.0,n=30,start_thres=1.25,min_cluster_size=3",hub,0.25,30,0,40,1730,10,3,30,1727,0.25,0.0017341040462427,0.7692307692307693,0.2307692307692307,0.1818659197200428
fbc_tfnbs,"e=1.0,h=5.0,n=30,start_thres=1.25,min_cluster_size=3",hub,0.25,30,0,40,1730,14,5,26,1725,0.35,0.0028901734104046,0.7368421052631579,0.2631578947368421,0.1818659197200428
fbc_tfnbs,"e=1.0,h=6.0,n=30,start_thres=1.25,min_cluster_size=3",hub,0.25,30,0,40,1730,14,5,26,1725,0.35,0.0028901734104046,0.7368421052631579,0.2631578947368421,0.1818659197200428
fbc_tfnbs,"e=1.0,h=7.0,n=30,start_thres=1.25,min_cluster_size=3",hub,0.25,30,0,40,1730,14,5,26,1725,0.35,0.0028901734104046,0.7368421052631579,0.2631578947368421,0.1818659197200428
fbc_tfnbs,"e=1.0,h=8.0,n=30,start_thres=1.25,min_cluster_size=3",hub,0.25,30,0,40,1730,14,5,26,1725,0.35,0.0028901734104046,0.7368421052631579,0.2631578947368421,0.1818659197200428
fbc_tfnbs,"e=1.0,h=9.0,n=30,start_thres=1.25,min_cluster_size=3",hub,0.25,30,0,40,1730,14,5,26,1725,0.35,0.0028901734104046,0.7368421052631579,0.2631578947368421,0.1818659197200428
fbc_tfnbs,"e=1.0,h=10.0,n=30,start_thres=1.25,min_cluster_size=3",hub,0.25,30,0,40,1730,14,5,26,1725,0.35,0.0028901734104046,0.7368421052631579,0.2631578947368421,0.1818659197200428
fbc_tfnbs,"e=1.1,h=0.5,n=30,start_thres=1.25,min_cluster_size=3",hub,0.25,30,0,40,1730,0,0,40,1730,0.0,0.0,0.0,0.0,0.1818659197200428
fbc_tfnbs,"e=1.1,h=1.0,n=30,start_thres=1.25,min_cluster_size=3",hub,0.25,30,0,40,1730,2,2,38,1728,0.05,0.0011560693641618,0.5,0.5,0.1818659197200428
fbc_tfnbs,"e=1.1,h=2.0,n=30,start_thres=1.25,min_cluster_size=3",hub,0.25,30,0,40,1730,9,3,31,1727,0.225,0.0017341040462427,0.75,0.25,0.1818659197200428
fbc_tfnbs,"e=1.1,h=3.0,n=30,start_thres=1.25,min_cluster_size=3",hub,0.25,30,0,40,1730,9,3,31,1727,0.225,0.0017341040462427,0.75,0.25,0.1818659197200428
fbc_tfnbs,"e=1.1,h=4.0,n=30,start_thres=1.25,min_cluster_size=3",hub,0.25,30,0,40,1730,10,3,30,1727,0.25,0.0017341040462427,0.7692307692307693,0.2307692307692307,0.1818659197200428
fbc_tfnbs,"e=1.1,h=5.0,n=30,start_thres=1.25,min_cluster_size=3",hub,0.25,30,0,40,1730,11,4,29,1726,0.275,0.0023121387283236,0.7333333333333333,0.2666666666666666,0.1818659197200428
fbc_tfnbs,"e=1.1,h=6.0,n=30,start_thres=1.25,min_cluster_size=3",hub,0.25,30,0,40,1730,14,5,26,1725,0.35,0.0028901734104046,0.7368421052631579,0.2631578947368421,0.1818659197200428
fbc_tfnbs,"e=1.1,h=7.0,n=30,start_thres=1.25,min_cluster_size=3",hub,0.25,30,0,40,1730,14,5,26,1725,0.35,0.0028901734104046,0.7368421052631579,0.2631578947368421,0.1818659197200428
fbc_tfnbs,"e=1.1,h=8.0,n=30,start_thres=1.25,min_cluster_size=3",hub,0.25,30,0,40,1730,14,5,26,1725,0.35,0.0028901734104046,0.7368421052631579,0.2631578947368421,0.1818659197200428
fbc_tfnbs,"e=1.1,h=9.0,n=30,start_thres=1.25,min_cluster_size=3",hub,0.25,30,0,40,1730,14,5,26,1725,0.35,0.0028901734104046,0.7368421052631579,0.2631578947368421,0.1818659197200428
fbc_tfnbs,"e=1.1,h=10.0,n=30,start_thres=1.25,min_cluster_size=3",hub,0.25,30,0,40,1730,14,5,26,1725,0.35,0.0028901734104046,0.7368421052631579,0.2631578947368421,0.1818659197200428
fbc_tfnbs,"e=1.2,h=0.5,n=30,start_thres=1.25,min_cluster_size=3",hub,0.25,30,0,40,1730,0,0,40,1730,0.0,0.0,0.0,0.0,0.1818659197200428
fbc_tfnbs,"e=1.2,h=1.0,n=30,start_thres=1.25,min_cluster_size=3",hub,0.25,30,0,40,1730,0,0,40,1730,0.0,0.0,0.0,0.0,0.1818659197200428
fbc_tfnbs,"e=1.2,h=2.0,n=30,start_thres=1.25,min_cluster_size=3",hub,0.25,30,0,40,1730,3,2,37,1728,0.075,0.0011560693641618,0.6,0.4,0.1818659197200428
fbc_tfnbs,"e=1.2,h=3.0,n=30,start_thres=1.25,min_cluster_size=3",hub,0.25,30,0,40,1730,9,3,31,1727,0.225,0.0017341040462427,0.75,0.25,0.1818659197200428
fbc_tfnbs,"e=1.2,h=4.0,n=30,start_thres=1.25,min_cluster_size=3",hub,0.25,30,0,40,1730,10,3,30,1727,0.25,0.0017341040462427,0.7692307692307693,0.2307692307692307,0.1818659197200428
fbc_tfnbs,"e=1.2,h=5.0,n=30,start_thres=1.25,min_cluster_size=3",hub,0.25,30,0,40,1730,10,3,30,1727,0.25,0.0017341040462427,0.7692307692307693,0.2307692307692307,0.1818659197200428
fbc_tfnbs,"e=1.2,h=6.0,n=30,start_thres=1.25,min_cluster_size=3",hub,0.25,30,0,40,1730,14,5,26,1725,0.35,0.0028901734104046,0.7368421052631579,0.2631578947368421,0.1818659197200428
fbc_tfnbs,"e=1.2,h=7.0,n=30,start_thres=1.25,min_cluster_size=3",hub,0.25,30,0,40,1730,14,5,26,1725,0.35,0.0028901734104046,0.7368421052631579,0.2631578947368421,0.1818659197200428
fbc_tfnbs,"e=1.2,h=8.0,n=30,start_thres=1.25,min_cluster_size=3",hub,0.25,30,0,40,1730,14,5,26,1725,0.35,0.0028901734104046,0.7368421052631579,0.2631578947368421,0.1818659197200428
fbc_tfnbs,"e=1.2,h=9.0,n=30,start_thres=1.25,min_cluster_size=3",hub,0.25,30,0,40,1730,14,5,26,1725,0.35,0.0028901734104046,0.7368421052631579,0.2631578947368421,0.1818659197200428
fbc_tfnbs,"e=1.2,h=10.0,n=30,start_thres=1.25,min_cluster_size=3",hub,0.25,30,0,40,1730,14,5,26,1725,0.35,0.0028901734104046,0.7368421052631579,0.2631578947368421,0.1818659197200428
fbc_tfnbs,"e=1.3,h=0.5,n=30,start_thres=1.25,min_cluster_size=3",hub,0.25,30,0,40,1730,0,0,40,1730,0.0,0.0,0.0,0.0,0.1818659197200428
fbc_tfnbs,"e=1.3,h=1.0,n=30,start_thres=1.25,min_cluster_size=3",hub,0.25,30,0,40,1730,0,0,40,1730,0.0,0.0,0.0,0.0,0.1818659197200428
fbc_tfnbs,"e=1.3,h=2.0,n=30,start_thres=1.25,min_cluster_size=3",hub,0.25,30,0,40,1730,3,2,37,1728,0.075,0.0011560693641618,0.6,0.4,0.1818659197200428
fbc_tfnbs,"e=1.3,h=3.0,n=30,start_thres=1.25,min_cluster_size=3",hub,0.25,30,0,40,1730,9,3,31,1727,0.225,0.0017341040462427,0.75,0.25,0.1818659197200428
fbc_tfnbs,"e=1.3,h=4.0,n=30,start_thres=1.25,min_cluster_size=3",hub,0.25,30,0,40,1730,10,3,30,1727,0.25,0.0017341040462427,0.7692307692307693,0.2307692307692307,0.1818659197200428
fbc_tfnbs,"e=1.3,h=5.0,n=30,start_thres=1.25,min_cluster_size=3",hub,0.25,30,0,40,1730,10,3,30,1727,0.25,0.0017341040462427,0.7692307692307693,0.2307692307692307,0.1818659197200428
fbc_tfnbs,"e=1.3,h=6.0,n=30,start_thres=1.25,min_cluster_size=3",hub,0.25,30,0,40,1730,11,4,29,1726,0.275,0.0023121387283236,0.7333333333333333,0.2666666666666666,0.1818659197200428
fbc_tfnbs,"e=1.3,h=7.0,n=30,start_thres=1.25,min_cluster_size=3",hub,0.25,30,0,40,1730,14,5,26,1725,0.35,0.0028901734104046,0.7368421052631579,0.2631578947368421,0.1818659197200428
fbc_tfnbs,"e=1.3,h=8.0,n=30,start_thres=1.25,min_cluster_size=3",hub,0.25,30,0,40,1730,14,5,26,1725,0.35,0.0028901734104046,0.7368421052631579,0.2631578947368421,0.1818659197200428
fbc_tfnbs,"e=1.3,h=9.0,n=30,start_thres=1.25,min_cluster_size=3",hub,0.25,30,0,40,1730,14,5,26,1725,0.35,0.0028901734104046,0.7368421052631579,0.2631578947368421,0.1818659197200428
fbc_tfnbs,"e=1.3,h=10.0,n=30,start_thres=1.25,min_cluster_size=3",hub,0.25,30,0,40,1730,14,5,26,1725,0.35,0.0028901734104046,0.7368421052631579,0.2631578947368421,0.1818659197200428
fbc_tfnbs,"e=1.4,h=0.5,n=30,start_thres=1.25,min_cluster_size=3",hub,0.25,30,0,40,1730,0,0,40,1730,0.0,0.0,0.0,0.0,0.1818659197200428
fbc_tfnbs,"e=1.4,h=1.0,n=30,start_thres=1.25,min_cluster_size=3",hub,0.25,30,0,40,1730,0,0,40,1730,0.0,0.0,0.0,0.0,0.1818659197200428
fbc_tfnbs,"e=1.4,h=2.0,n=30,start_thres=1.25,min_cluster_size=3",hub,0.25,30,0,40,1730,2,2,38,1728,0.05,0.0011560693641618,0.5,0.5,0.1818659197200428
fbc_tfnbs,"e=1.4,h=3.0,n=30,start_thres=1.25,min_cluster_size=3",hub,0.25,30,0,40,1730,6,2,34,1728,0.15,0.0011560693641618,0.75,0.25,0.1818659197200428
fbc_tfnbs,"e=1.4,h=4.0,n=30,start_thres=1.25,min_cluster_size=3",hub,0.25,30,0,40,1730,10,3,30,1727,0.25,0.0017341040462427,0.7692307692307693,0.2307692307692307,0.1818659197200428
fbc_tfnbs,"e=1.4,h=5.0,n=30,start_thres=1.25,min_cluster_size=3",hub,0.25,30,0,40,1730,10,3,30,1727,0.25,0.0017341040462427,0.7692307692307693,0.2307692307692307,0.1818659197200428
fbc_tfnbs,"e=1.4,h=6.0,n=30,start_thres=1.25,min_cluster_size=3",hub,0.25,30,0,40,1730,11,4,29,1726,0.275,0.0023121387283236,0.7333333333333333,0.2666666666666666,0.1818659197200428
fbc_tfnbs,"e=1.4,h=7.0,n=30,start_thres=1.25,min_cluster_size=3",hub,0.25,30,0,40,1730,14,5,26,1725,0.35,0.0028901734104046,0.7368421052631579,0.2631578947368421,0.1818659197200428
fbc_tfnbs,"e=1.4,h=8.0,n=30,start_thres=1.25,min_cluster_size=3",hub,0.25,30,0,40,1730,14,5,26,1725,0.35,0.0028901734104046,0.7368421052631579,0.2631578947368421,0.1818659197200428
fbc_tfnbs,"e=1.4,h=9.0,n=30,start_thres=1.25,min_cluster_size=3",hub,0.25,30,0,40,1730,14,5,26,1725,0.35,0.0028901734104046,0.7368421052631579,0.2631578947368421,0.1818659197200428
fbc_tfnbs,"e=1.4,h=10.0,n=30,start_thres=1.25,min_cluster_size=3",hub,0.25,30,0,40,1730,14,5,26,1725,0.35,0.0028901734104046,0.7368421052631579,0.2631578947368421,0.1818659197200428
fbc_tfnbs,"e=1.5,h=0.5,n=30,start_thres=1.25,min_cluster_size=3",hub,0.25,30,0,40,1730,0,0,40,1730,0.0,0.0,0.0,0.0,0.1818659197200428
fbc_tfnbs,"e=1.5,h=1.0,n=30,start_thres=1.25,min_cluster_size=3",hub,0.25,30,0,40,1730,0,0,40,1730,0.0,0.0,0.0,0.0,0.1818659197200428
fbc_tfnbs,"e=1.5,h=2.0,n=30,start_thres=1.25,min_cluster_size=3",hub,0.25,30,0,40,1730,0,0,40,1730,0.0,0.0,0.0,0.0,0.1818659197200428
fbc_tfnbs,"e=1.5,h=3.0,n=30,start_thres=1.25,min_cluster_size=3",hub,0.25,30,0,40,1730,3,2,37,1728,0.075,0.0011560693641618,0.6,0.4,0.1818659197200428
fbc_tfnbs,"e=1.5,h=4.0,n=30,start_thres=1.25,min_cluster_size=3",hub,0.25,30,0,40,1730,9,3,31,1727,0.225,0.0017341040462427,0.75,0.25,0.1818659197200428
fbc_tfnbs,"e=1.5,h=5.0,n=30,start_thres=1.25,min_cluster_size=3",hub,0.25,30,0,40,1730,10,3,30,1727,0.25,0.0017341040462427,0.7692307692307693,0.2307692307692307,0.1818659197200428
fbc_tfnbs,"e=1.5,h=6.0,n=30,start_thres=1.25,min_cluster_size=3",hub,0.25,30,0,40,1730,10,3,30,1727,0.25,0.0017341040462427,0.7692307692307693,0.2307692307692307,0.1818659197200428
fbc_tfnbs,"e=1.5,h=7.0,n=30,start_thres=1.25,min_cluster_size=3",hub,0.25,30,0,40,1730,11,4,29,1726,0.275,0.0023121387283236,0.7333333333333333,0.2666666666666666,0.1818659197200428
fbc_tfnbs,"e=1.5,h=8.0,n=30,start_thres=1.25,min_cluster_size=3",hub,0.25,30,0,40,1730,14,5,26,1725,0.35,0.0028901734104046,0.7368421052631579,0.2631578947368421,0.1818659197200428
fbc_tfnbs,"e=1.5,h=9.0,n=30,start_thres=1.25,min_cluster_size=3",hub,0.25,30,0,40,1730,14,5,26,1725,0.35,0.0028901734104046,0.7368421052631579,0.2631578947368421,0.1818659197200428
fbc_tfnbs,"e=1.5,h=10.0,n=30,start_thres=1.25,min_cluster_size=3",hub,0.25,30,0,40,1730,14,5,26,1725,0.35,0.0028901734104046,0.7368421052631579,0.2631578947368421,0.1818659197200428
fbc_tfnbs,"e=0.05,h=0.5,n=30,start_thres=1.25,min_cluster_size=3",hub,0.25,30,1,40,1730,7,0,33,1730,0.175,0.0,1.0,0.0,0.1770237548784776
fbc_tfnbs,"e=0.05,h=1.0,n=30,start_thres=1.25,min_cluster_size=3",hub,0.25,30,1,40,1730,7,0,33,1730,0.175,0.0,1.0,0.0,0.1770237548784776
fbc_tfnbs,"e=0.05,h=2.0,n=30,start_thres=1.25,min_cluster_size=3",hub,0.25,30,1,40,1730,7,0,33,1730,0.175,0.0,1.0,0.0,0.1770237548784776
fbc_tfnbs,"e=0.05,h=3.0,n=30,start_thres=1.25,min_cluster_size=3",hub,0.25,30,1,40,1730,7,0,33,1730,0.175,0.0,1.0,0.0,0.1770237548784776
fbc_tfnbs,"e=0.05,h=4.0,n=30,start_thres=1.25,min_cluster_size=3",hub,0.25,30,1,40,1730,7,0,33,1730,0.175,0.0,1.0,0.0,0.1770237548784776
fbc_tfnbs,"e=0.05,h=5.0,n=30,start_thres=1.25,min_cluster_size=3",hub,0.25,30,1,40,1730,7,0,33,1730,0.175,0.0,1.0,0.0,0.1770237548784776
fbc_tfnbs,"e=0.05,h=6.0,n=30,start_thres=1.25,min_cluster_size=3",hub,0.25,30,1,40,1730,7,0,33,1730,0.175,0.0,1.0,0.0,0.1770237548784776
fbc_tfnbs,"e=0.05,h=7.0,n=30,start_thres=1.25,min_cluster_size=3",hub,0.25,30,1,40,1730,7,0,33,1730,0.175,0.0,1.0,0.0,0.1770237548784776
fbc_tfnbs,"e=0.05,h=8.0,n=30,start_thres=1.25,min_cluster_size=3",hub,0.25,30,1,40,1730,7,0,33,1730,0.175,0.0,1.0,0.0,0.1770237548784776
fbc_tfnbs,"e=0.05,h=9.0,n=30,start_thres=1.25,min_cluster_size=3",hub,0.25,30,1,40,1730,7,0,33,1730,0.175,0.0,1.0,0.0,0.1770237548784776
fbc_tfnbs,"e=0.05,h=10.0,n=30,start_thres=1.25,min_cluster_size=3",hub,0.25,30,1,40,1730,7,0,33,1730,0.175,0.0,1.0,0.0,0.1770237548784776
fbc_tfnbs,"e=0.1,h=0.5,n=30,start_thres=1.25,min_cluster_size=3",hub,0.25,30,1,40,1730,7,0,33,1730,0.175,0.0,1.0,0.0,0.1770237548784776
fbc_tfnbs,"e=0.1,h=1.0,n=30,start_thres=1.25,min_cluster_size=3",hub,0.25,30,1,40,1730,7,0,33,1730,0.175,0.0,1.0,0.0,0.1770237548784776
fbc_tfnbs,"e=0.1,h=2.0,n=30,start_thres=1.25,min_cluster_size=3",hub,0.25,30,1,40,1730,7,0,33,1730,0.175,0.0,1.0,0.0,0.1770237548784776
fbc_tfnbs,"e=0.1,h=3.0,n=30,start_thres=1.25,min_cluster_size=3",hub,0.25,30,1,40,1730,7,0,33,1730,0.175,0.0,1.0,0.0,0.1770237548784776
fbc_tfnbs,"e=0.1,h=4.0,n=30,start_thres=1.25,min_cluster_size=3",hub,0.25,30,1,40,1730,7,0,33,1730,0.175,0.0,1.0,0.0,0.1770237548784776
fbc_tfnbs,"e=0.1,h=5.0,n=30,start_thres=1.25,min_cluster_size=3",hub,0.25,30,1,40,1730,7,0,33,1730,0.175,0.0,1.0,0.0,0.1770237548784776
fbc_tfnbs,"e=0.1,h=6.0,n=30,start_thres=1.25,min_cluster_size=3",hub,0.25,30,1,40,1730,7,0,33,1730,0.175,0.0,1.0,0.0,0.1770237548784776
fbc_tfnbs,"e=0.1,h=7.0,n=30,start_thres=1.25,min_cluster_size=3",hub,0.25,30,1,40,1730,7,0,33,1730,0.175,0.0,1.0,0.0,0.1770237548784776
fbc_tfnbs,"e=0.1,h=8.0,n=30,start_thres=1.25,min_cluster_size=3",hub,0.25,30,1,40,1730,7,0,33,1730,0.175,0.0,1.0,0.0,0.1770237548784776
fbc_tfnbs,"e=0.1,h=9.0,n=30,start_thres=1.25,min_cluster_size=3",hub,0.25,30,1,40,1730,7,0,33,1730,0.175,0.0,1.0,0.0,0.1770237548784776
fbc_tfnbs,"e=0.1,h=10.0,n=30,start_thres=1.25,min_cluster_size=3",hub,0.25,30,1,40,1730,7,0,33,1730,0.175,0.0,1.0,0.0,0.1770237548784776
fbc_tfnbs,"e=0.2,h=0.5,n=30,start_thres=1.25,min_cluster_size=3",hub,0.25,30,1,40,1730,7,0,33,1730,0.175,0.0,1.0,0.0,0.1770237548784776
fbc_tfnbs,"e=0.2,h=1.0,n=30,start_thres=1.25,min_cluster_size=3",hub,0.25,30,1,40,1730,7,0,33,1730,0.175,0.0,1.0,0.0,0.1770237548784776
fbc_tfnbs,"e=0.2,h=2.0,n=30,start_thres=1.25,min_cluster_size=3",hub,0.25,30,1,40,1730,7,0,33,1730,0.175,0.0,1.0,0.0,0.1770237548784776
fbc_tfnbs,"e=0.2,h=3.0,n=30,start_thres=1.25,min_cluster_size=3",hub,0.25,30,1,40,1730,7,0,33,1730,0.175,0.0,1.0,0.0,0.1770237548784776
fbc_tfnbs,"e=0.2,h=4.0,n=30,start_thres=1.25,min_cluster_size=3",hub,0.25,30,1,40,1730,7,0,33,1730,0.175,0.0,1.0,0.0,0.1770237548784776
fbc_tfnbs,"e=0.2,h=5.0,n=30,start_thres=1.25,min_cluster_size=3",hub,0.25,30,1,40,1730,7,0,33,1730,0.175,0.0,1.0,0.0,0.1770237548784776
fbc_tfnbs,"e=0.2,h=6.0,n=30,start_thres=1.25,min_cluster_size=3",hub,0.25,30,1,40,1730,7,0,33,1730,0.175,0.0,1.0,0.0,0.1770237548784776
fbc_tfnbs,"e=0.2,h=7.0,n=30,start_thres=1.25,min_cluster_size=3",hub,0.25,30,1,40,1730,7,0,33,1730,0.175,0.0,1.0,0.0,0.1770237548784776
fbc_tfnbs,"e=0.2,h=8.0,n=30,start_thres=1.25,min_cluster_size=3",hub,0.25,30,1,40,1730,7,0,33,1730,0.175,0.0,1.0,0.0,0.1770237548784776
fbc_tfnbs,"e=0.2,h=9.0,n=30,start_thres=1.25,min_cluster_size=3",hub,0.25,30,1,40,1730,7,0,33,1730,0.175,0.0,1.0,0.0,0.1770237548784776
fbc_tfnbs,"e=0.2,h=10.0,n=30,start_thres=1.25,min_cluster_size=3",hub,0.25,30,1,40,1730,7,0,33,1730,0.175,0.0,1.0,0.0,0.1770237548784776
fbc_tfnbs,"e=0.3,h=0.5,n=30,start_thres=1.25,min_cluster_size=3",hub,0.25,30,1,40,1730,6,0,34,1730,0.15,0.0,1.0,0.0,0.1770237548784776
fbc_tfnbs,"e=0.3,h=1.0,n=30,start_thres=1.25,min_cluster_size=3",hub,0.25,30,1,40,1730,7,0,33,1730,0.175,0.0,1.0,0.0,0.1770237548784776
fbc_tfnbs,"e=0.3,h=2.0,n=30,start_thres=1.25,min_cluster_size=3",hub,0.25,30,1,40,1730,7,0,33,1730,0.175,0.0,1.0,0.0,0.1770237548784776
fbc_tfnbs,"e=0.3,h=3.0,n=30,start_thres=1.25,min_cluster_size=3",hub,0.25,30,1,40,1730,7,0,33,1730,0.175,0.0,1.0,0.0,0.1770237548784776
fbc_tfnbs,"e=0.3,h=4.0,n=30,start_thres=1.25,min_cluster_size=3",hub,0.25,30,1,40,1730,7,0,33,1730,0.175,0.0,1.0,0.0,0.1770237548784776
fbc_tfnbs,"e=0.3,h=5.0,n=30,start_thres=1.25,min_cluster_size=3",hub,0.25,30,1,40,1730,7,0,33,1730,0.175,0.0,1.0,0.0,0.1770237548784776
fbc_tfnbs,"e=0.3,h=6.0,n=30,start_thres=1.25,min_cluster_size=3",hub,0.25,30,1,40,1730,7,0,33,1730,0.175,0.0,1.0,0.0,0.1770237548784776
fbc_tfnbs,"e=0.3,h=7.0,n=30,start_thres=1.25,min_cluster_size=3",hub,0.25,30,1,40,1730,7,0,33,1730,0.175,0.0,1.0,0.0,0.1770237548784776
fbc_tfnbs,"e=0.3,h=8.0,n=30,start_thres=1.25,min_cluster_size=3",hub,0.25,30,1,40,1730,7,0,33,1730,0.175,0.0,1.0,0.0,0.1770237548784776
fbc_tfnbs,"e=0.3,h=9.0,n=30,start_thres=1.25,min_cluster_size=3",hub,0.25,30,1,40,1730,7,0,33,1730,0.175,0.0,1.0,0.0,0.1770237548784776
fbc_tfnbs,"e=0.3,h=10.0,n=30,start_thres=1.25,min_cluster_size=3",hub,0.25,30,1,40,1730,7,0,33,1730,0.175,0.0,1.0,0.0,0.1770237548784776
fbc_tfnbs,"e=0.4,h=0.5,n=30,start_thres=1.25,min_cluster_size=3",hub,0.25,30,1,40,1730,3,0,37,1730,0.075,0.0,1.0,0.0,0.1770237548784776
fbc_tfnbs,"e=0.4,h=1.0,n=30,start_thres=1.25,min_cluster_size=3",hub,0.25,30,1,40,1730,3,0,37,1730,0.075,0.0,1.0,0.0,0.1770237548784776
fbc_tfnbs,"e=0.4,h=2.0,n=30,start_thres=1.25,min_cluster_size=3",hub,0.25,30,1,40,1730,7,0,33,1730,0.175,0.0,1.0,0.0,0.1770237548784776
fbc_tfnbs,"e=0.4,h=3.0,n=30,start_thres=1.25,min_cluster_size=3",hub,0.25,30,1,40,1730,7,0,33,1730,0.175,0.0,1.0,0.0,0.1770237548784776
fbc_tfnbs,"e=0.4,h=4.0,n=30,start_thres=1.25,min_cluster_size=3",hub,0.25,30,1,40,1730,7,0,33,1730,0.175,0.0,1.0,0.0,0.1770237548784776
fbc_tfnbs,"e=0.4,h=5.0,n=30,start_thres=1.25,min_cluster_size=3",hub,0.25,30,1,40,1730,7,0,33,1730,0.175,0.0,1.0,0.0,0.1770237548784776
fbc_tfnbs,"e=0.4,h=6.0,n=30,start_thres=1.25,min_cluster_size=3",hub,0.25,30,1,40,1730,7,0,33,1730,0.175,0.0,1.0,0.0,0.1770237548784776
fbc_tfnbs,"e=0.4,h=7.0,n=30,start_thres=1.25,min_cluster_size=3",hub,0.25,30,1,40,1730,7,0,33,1730,0.175,0.0,1.0,0.0,0.1770237548784776
fbc_tfnbs,"e=0.4,h=8.0,n=30,start_thres=1.25,min_cluster_size=3",hub,0.25,30,1,40,1730,7,0,33,1730,0.175,0.0,1.0,0.0,0.1770237548784776
fbc_tfnbs,"e=0.4,h=9.0,n=30,start_thres=1.25,min_cluster_size=3",hub,0.25,30,1,40,1730,7,0,33,1730,0.175,0.0,1.0,0.0,0.1770237548784776
fbc_tfnbs,"e=0.4,h=10.0,n=30,start_thres=1.25,min_cluster_size=3",hub,0.25,30,1,40,1730,7,0,33,1730,0.175,0.0,1.0,0.0,0.1770237548784776
fbc_tfnbs,"e=0.5,h=0.5,n=30,start_thres=1.25,min_cluster_size=3",hub,0.25,30,1,40,1730,3,0,37,1730,0.075,0.0,1.0,0.0,0.1770237548784776
fbc_tfnbs,"e=0.5,h=1.0,n=30,start_thres=1.25,min_cluster_size=3",hub,0.25,30,1,40,1730,3,0,37,1730,0.075,0.0,1.0,0.0,0.1770237548784776
fbc_tfnbs,"e=0.5,h=2.0,n=30,start_thres=1.25,min_cluster_size=3",hub,0.25,30,1,40,1730,6,0,34,1730,0.15,0.0,1.0,0.0,0.1770237548784776
fbc_tfnbs,"e=0.5,h=3.0,n=30,start_thres=1.25,min_cluster_size=3",hub,0.25,30,1,40,1730,7,0,33,1730,0.175,0.0,1.0,0.0,0.1770237548784776
fbc_tfnbs,"e=0.5,h=4.0,n=30,start_thres=1.25,min_cluster_size=3",hub,0.25,30,1,40,1730,7,0,33,1730,0.175,0.0,1.0,0.0,0.1770237548784776
fbc_tfnbs,"e=0.5,h=5.0,n=30,start_thres=1.25,min_cluster_size=3",hub,0.25,30,1,40,1730,7,0,33,1730,0.175,0.0,1.0,0.0,0.1770237548784776
fbc_tfnbs,"e=0.5,h=6.0,n=30,start_thres=1.25,min_cluster_size=3",hub,0.25,30,1,40,1730,7,0,33,1730,0.175,0.0,1.0,0.0,0.1770237548784776
fbc_tfnbs,"e=0.5,h=7.0,n=30,start_thres=1.25,min_cluster_size=3",hub,0.25,30,1,40,1730,7,0,33,1730,0.175,0.0,1.0,0.0,0.1770237548784776
fbc_tfnbs,"e=0.5,h=8.0,n=30,start_thres=1.25,min_cluster_size=3",hub,0.25,30,1,40,1730,7,0,33,1730,0.175,0.0,1.0,0.0,0.1770237548784776
fbc_tfnbs,"e=0.5,h=9.0,n=30,start_thres=1.25,min_cluster_size=3",hub,0.25,30,1,40,1730,7,0,33,1730,0.175,0.0,1.0,0.0,0.1770237548784776
fbc_tfnbs,"e=0.5,h=10.0,n=30,start_thres=1.25,min_cluster_size=3",hub,0.25,30,1,40,1730,7,0,33,1730,0.175,0.0,1.0,0.0,0.1770237548784776
fbc_tfnbs,"e=0.6,h=0.5,n=30,start_thres=1.25,min_cluster_size=3",hub,0.25,30,1,40,1730,0,0,40,1730,0.0,0.0,0.0,0.0,0.1770237548784776
fbc_tfnbs,"e=0.6,h=1.0,n=30,start_thres=1.25,min_cluster_size=3",hub,0.25,30,1,40,1730,3,0,37,1730,0.075,0.0,1.0,0.0,0.1770237548784776
fbc_tfnbs,"e=0.6,h=2.0,n=30,start_thres=1.25,min_cluster_size=3",hub,0.25,30,1,40,1730,3,0,37,1730,0.075,0.0,1.0,0.0,0.1770237548784776
fbc_tfnbs,"e=0.6,h=3.0,n=30,start_thres=1.25,min_cluster_size=3",hub,0.25,30,1,40,1730,7,0,33,1730,0.175,0.0,1.0,0.0,0.1770237548784776
fbc_tfnbs,"e=0.6,h=4.0,n=30,start_thres=1.25,min_cluster_size=3",hub,0.25,30,1,40,1730,7,0,33,1730,0.175,0.0,1.0,0.0,0.1770237548784776
fbc_tfnbs,"e=0.6,h=5.0,n=30,start_thres=1.25,min_cluster_size=3",hub,0.25,30,1,40,1730,7,0,33,1730,0.175,0.0,1.0,0.0,0.1770237548784776
fbc_tfnbs,"e=0.6,h=6.0,n=30,start_thres=1.25,min_cluster_size=3",hub,0.25,30,1,40,1730,7,0,33,1730,0.175,0.0,1.0,0.0,0.1770237548784776
fbc_tfnbs,"e=0.6,h=7.0,n=30,start_thres=1.25,min_cluster_size=3",hub,0.25,30,1,40,1730,7,0,33,1730,0.175,0.0,1.0,0.0,0.1770237548784776
fbc_tfnbs,"e=0.6,h=8.0,n=30,start_thres=1.25,min_cluster_size=3",hub,0.25,30,1,40,1730,7,0,33,1730,0.175,0.0,1.0,0.0,0.1770237548784776
fbc_tfnbs,"e=0.6,h=9.0,n=30,start_thres=1.25,min_cluster_size=3",hub,0.25,30,1,40,1730,7,0,33,1730,0.175,0.0,1.0,0.0,0.1770237548784776
fbc_tfnbs,"e=0.6,h=10.0,n=30,start_thres=1.25,min_cluster_size=3",hub,0.25,30,1,40,1730,7,0,33,1730,0.175,0.0,1.0,0.0,0.1770237548784776
fbc_tfnbs,"e=0.7,h=0.5,n=30,start_thres=1.25,min_cluster_size=3",hub,0.25,30,1,40,1730,0,0,40,1730,0.0,0.0,0.0,0.0,0.1770237548784776
fbc_tfnbs,"e=0.7,h=1.0,n=30,start_thres=1.25,min_cluster_size=3",hub,0.25,30,1,40,1730,0,0,40,1730,0.0,0.0,0.0,0.0,0.1770237548784776
fbc_tfnbs,"e=0.7,h=2.0,n=30,start_thres=1.25,min_cluster_size=3",hub,0.25,30,1,40,1730,3,0,37,1730,0.075,0.0,1.0,0.0,0.1770237548784776
fbc_tfnbs,"e=0.7,h=3.0,n=30,start_thres=1.25,min_cluster_size=3",hub,0.25,30,1,40,1730,6,0,34,1730,0.15,0.0,1.0,0.0,0.1770237548784776
fbc_tfnbs,"e=0.7,h=4.0,n=30,start_thres=1.25,min_cluster_size=3",hub,0.25,30,1,40,1730,7,0,33,1730,0.175,0.0,1.0,0.0,0.1770237548784776
fbc_tfnbs,"e=0.7,h=5.0,n=30,start_thres=1.25,min_cluster_size=3",hub,0.25,30,1,40,1730,7,0,33,1730,0.175,0.0,1.0,0.0,0.1770237548784776
fbc_tfnbs,"e=0.7,h=6.0,n=30,start_thres=1.25,min_cluster_size=3",hub,0.25,30,1,40,1730,7,0,33,1730,0.175,0.0,1.0,0.0,0.1770237548784776
fbc_tfnbs,"e=0.7,h=7.0,n=30,start_thres=1.25,min_cluster_size=3",hub,0.25,30,1,40,1730,7,0,33,1730,0.175,0.0,1.0,0.0,0.1770237548784776
fbc_tfnbs,"e=0.7,h=8.0,n=30,start_thres=1.25,min_cluster_size=3",hub,0.25,30,1,40,1730,7,0,33,1730,0.175,0.0,1.0,0.0,0.1770237548784776
fbc_tfnbs,"e=0.7,h=9.0,n=30,start_thres=1.25,min_cluster_size=3",hub,0.25,30,1,40,1730,7,0,33,1730,0.175,0.0,1.0,0.0,0.1770237548784776
fbc_tfnbs,"e=0.7,h=10.0,n=30,start_thres=1.25,min_cluster_size=3",hub,0.25,30,1,40,1730,7,0,33,1730,0.175,0.0,1.0,0.0,0.1770237548784776
fbc_tfnbs,"e=0.8,h=0.5,n=30,start_thres=1.25,min_cluster_size=3",hub,0.25,30,1,40,1730,0,0,40,1730,0.0,0.0,0.0,0.0,0.1770237548784776
fbc_tfnbs,"e=0.8,h=1.0,n=30,start_thres=1.25,min_cluster_size=3",hub,0.25,30,1,40,1730,0,0,40,1730,0.0,0.0,0.0,0.0,0.1770237548784776
fbc_tfnbs,"e=0.8,h=2.0,n=30,start_thres=1.25,min_cluster_size=3",hub,0.25,30,1,40,1730,3,0,37,1730,0.075,0.0,1.0,0.0,0.1770237548784776
fbc_tfnbs,"e=0.8,h=3.0,n=30,start_thres=1.25,min_cluster_size=3",hub,0.25,30,1,40,1730,3,0,37,1730,0.075,0.0,1.0,0.0,0.1770237548784776
fbc_tfnbs,"e=0.8,h=4.0,n=30,start_thres=1.25,min_cluster_size=3",hub,0.25,30,1,40,1730,7,0,33,1730,0.175,0.0,1.0,0.0,0.1770237548784776
fbc_tfnbs,"e=0.8,h=5.0,n=30,start_thres=1.25,min_cluster_size=3",hub,0.25,30,1,40,1730,7,0,33,1730,0.175,0.0,1.0,0.0,0.1770237548784776
fbc_tfnbs,"e=0.8,h=6.0,n=30,start_thres=1.25,min_cluster_size=3",hub,0.25,30,1,40,1730,7,0,33,1730,0.175,0.0,1.0,0.0,0.1770237548784776
fbc_tfnbs,"e=0.8,h=7.0,n=30,start_thres=1.25,min_cluster_size=3",hub,0.25,30,1,40,1730,7,0,33,1730,0.175,0.0,1.0,0.0,0.1770237548784776
fbc_tfnbs,"e=0.8,h=8.0,n=30,start_thres=1.25,min_cluster_size=3",hub,0.25,30,1,40,1730,7,0,33,1730,0.175,0.0,1.0,0.0,0.1770237548784776
fbc_tfnbs,"e=0.8,h=9.0,n=30,start_thres=1.25,min_cluster_size=3",hub,0.25,30,1,40,1730,7,0,33,1730,0.175,0.0,1.0,0.0,0.1770237548784776
fbc_tfnbs,"e=0.8,h=10.0,n=30,start_thres=1.25,min_cluster_size=3",hub,0.25,30,1,40,1730,7,0,33,1730,0.175,0.0,1.0,0.0,0.1770237548784776
fbc_tfnbs,"e=0.9,h=0.5,n=30,start_thres=1.25,min_cluster_size=3",hub,0.25,30,1,40,1730,0,0,40,1730,0.0,0.0,0.0,0.0,0.1770237548784776
fbc_tfnbs,"e=0.9,h=1.0,n=30,start_thres=1.25,min_cluster_size=3",hub,0.25,30,1,40,1730,0,0,40,1730,0.0,0.0,0.0,0.0,0.1770237548784776
fbc_tfnbs,"e=0.9,h=2.0,n=30,start_thres=1.25,min_cluster_size=3",hub,0.25,30,1,40,1730,0,0,40,1730,0.0,0.0,0.0,0.0,0.1770237548784776
fbc_tfnbs,"e=0.9,h=3.0,n=30,start_thres=1.25,min_cluster_size=3",hub,0.25,30,1,40,1730,3,0,37,1730,0.075,0.0,1.0,0.0,0.1770237548784776
fbc_tfnbs,"e=0.9,h=4.0,n=30,start_thres=1.25,min_cluster_size=3",hub,0.25,30,1,40,1730,6,0,34,1730,0.15,0.0,1.0,0.0,0.1770237548784776
fbc_tfnbs,"e=0.9,h=5.0,n=30,start_thres=1.25,min_cluster_size=3",hub,0.25,30,1,40,1730,7,0,33,1730,0.175,0.0,1.0,0.0,0.1770237548784776
fbc_tfnbs,"e=0.9,h=6.0,n=30,start_thres=1.25,min_cluster_size=3",hub,0.25,30,1,40,1730,7,0,33,1730,0.175,0.0,1.0,0.0,0.1770237548784776
fbc_tfnbs,"e=0.9,h=7.0,n=30,start_thres=1.25,min_cluster_size=3",hub,0.25,30,1,40,1730,7,0,33,1730,0.175,0.0,1.0,0.0,0.1770237548784776
fbc_tfnbs,"e=0.9,h=8.0,n=30,start_thres=1.25,min_cluster_size=3",hub,0.25,30,1,40,1730,7,0,33,1730,0.175,0.0,1.0,0.0,0.1770237548784776
fbc_tfnbs,"e=0.9,h=9.0,n=30,start_thres=1.25,min_cluster_size=3",hub,0.25,30,1,40,1730,7,0,33,1730,0.175,0.0,1.0,0.0,0.1770237548784776
fbc_tfnbs,"e=0.9,h=10.0,n=30,start_thres=1.25,min_cluster_size=3",hub,0.25,30,1,40,1730,7,0,33,1730,0.175,0.0,1.0,0.0,0.1770237548784776
fbc_tfnbs,"e=1.0,h=0.5,n=30,start_thres=1.25,min_cluster_size=3",hub,0.25,30,1,40,1730,0,0,40,1730,0.0,0.0,0.0,0.0,0.1770237548784776
fbc_tfnbs,"e=1.0,h=1.0,n=30,start_thres=1.25,min_cluster_size=3",hub,0.25,30,1,40,1730,0,0,40,1730,0.0,0.0,0.0,0.0,0.1770237548784776
fbc_tfnbs,"e=1.0,h=2.0,n=30,start_thres=1.25,min_cluster_size=3",hub,0.25,30,1,40,1730,0,0,40,1730,0.0,0.0,0.0,0.0,0.1770237548784776
fbc_tfnbs,"e=1.0,h=3.0,n=30,start_thres=1.25,min_cluster_size=3",hub,0.25,30,1,40,1730,3,0,37,1730,0.075,0.0,1.0,0.0,0.1770237548784776
fbc_tfnbs,"e=1.0,h=4.0,n=30,start_thres=1.25,min_cluster_size=3",hub,0.25,30,1,40,1730,3,0,37,1730,0.075,0.0,1.0,0.0,0.1770237548784776
fbc_tfnbs,"e=1.0,h=5.0,n=30,start_thres=1.25,min_cluster_size=3",hub,0.25,30,1,40,1730,7,0,33,1730,0.175,0.0,1.0,0.0,0.1770237548784776
fbc_tfnbs,"e=1.0,h=6.0,n=30,start_thres=1.25,min_cluster_size=3",hub,0.25,30,1,40,1730,7,0,33,1730,0.175,0.0,1.0,0.0,0.1770237548784776
fbc_tfnbs,"e=1.0,h=7.0,n=30,start_thres=1.25,min_cluster_size=3",hub,0.25,30,1,40,1730,7,0,33,1730,0.175,0.0,1.0,0.0,0.1770237548784776
fbc_tfnbs,"e=1.0,h=8.0,n=30,start_thres=1.25,min_cluster_size=3",hub,0.25,30,1,40,1730,7,0,33,1730,0.175,0.0,1.0,0.0,0.1770237548784776
fbc_tfnbs,"e=1.0,h=9.0,n=30,start_thres=1.25,min_cluster_size=3",hub,0.25,30,1,40,1730,7,0,33,1730,0.175,0.0,1.0,0.0,0.1770237548784776
fbc_tfnbs,"e=1.0,h=10.0,n=30,start_thres=1.25,min_cluster_size=3",hub,0.25,30,1,40,1730,7,0,33,1730,0.175,0.0,1.0,0.0,0.1770237548784776
fbc_tfnbs,"e=1.1,h=0.5,n=30,start_thres=1.25,min_cluster_size=3",hub,0.25,30,1,40,1730,0,0,40,1730,0.0,0.0,0.0,0.0,0.1770237548784776
fbc_tfnbs,"e=1.1,h=1.0,n=30,start_thres=1.25,min_cluster_size=3",hub,0.25,30,1,40,1730,0,0,40,1730,0.0,0.0,0.0,0.0,0.1770237548784776
fbc_tfnbs,"e=1.1,h=2.0,n=30,start_thres=1.25,min_cluster_size=3",hub,0.25,30,1,40,1730,0,0,40,1730,0.0,0.0,0.0,0.0,0.1770237548784776
fbc_tfnbs,"e=1.1,h=3.0,n=30,start_thres=1.25,min_cluster_size=3",hub,0.25,30,1,40,1730,3,0,37,1730,0.075,0.0,1.0,0.0,0.1770237548784776
fbc_tfnbs,"e=1.1,h=4.0,n=30,start_thres=1.25,min_cluster_size=3",hub,0.25,30,1,40,1730,3,0,37,1730,0.075,0.0,1.0,0.0,0.1770237548784776
fbc_tfnbs,"e=1.1,h=5.0,n=30,start_thres=1.25,min_cluster_size=3",hub,0.25,30,1,40,1730,6,0,34,1730,0.15,0.0,1.0,0.0,0.1770237548784776
fbc_tfnbs,"e=1.1,h=6.0,n=30,start_thres=1.25,min_cluster_size=3",hub,0.25,30,1,40,1730,7,0,33,1730,0.175,0.0,1.0,0.0,0.1770237548784776
fbc_tfnbs,"e=1.1,h=7.0,n=30,start_thres=1.25,min_cluster_size=3",hub,0.25,30,1,40,1730,7,0,33,1730,0.175,0.0,1.0,0.0,0.1770237548784776
fbc_tfnbs,"e=1.1,h=8.0,n=30,start_thres=1.25,min_cluster_size=3",hub,0.25,30,1,40,1730,7,0,33,1730,0.175,0.0,1.0,0.0,0.1770237548784776
fbc_tfnbs,"e=1.1,h=9.0,n=30,start_thres=1.25,min_cluster_size=3",hub,0.25,30,1,40,1730,7,0,33,1730,0.175,0.0,1.0,0.0,0.1770237548784776
fbc_tfnbs,"e=1.1,h=10.0,n=30,start_thres=1.25,min_cluster_size=3",hub,0.25,30,1,40,1730,7,0,33,1730,0.175,0.0,1.0,0.0,0.1770237548784776
fbc_tfnbs,"e=1.2,h=0.5,n=30,start_thres=1.25,min_cluster_size=3",hub,0.25,30,1,40,1730,0,0,40,1730,0.0,0.0,0.0,0.0,0.1770237548784776
fbc_tfnbs,"e=1.2,h=1.0,n=30,start_thres=1.25,min_cluster_size=3",hub,0.25,30,1,40,1730,0,0,40,1730,0.0,0.0,0.0,0.0,0.1770237548784776
fbc_tfnbs,"e=1.2,h=2.0,n=30,start_thres=1.25,min_cluster_size=3",hub,0.25,30,1,40,1730,0,0,40,1730,0.0,0.0,0.0,0.0,0.1770237548784776
fbc_tfnbs,"e=1.2,h=3.0,n=30,start_thres=1.25,min_cluster_size=3",hub,0.25,30,1,40,1730,0,0,40,1730,0.0,0.0,0.0,0.0,0.1770237548784776
fbc_tfnbs,"e=1.2,h=4.0,n=30,start_thres=1.25,min_cluster_size=3",hub,0.25,30,1,40,1730,3,0,37,1730,0.075,0.0,1.0,0.0,0.1770237548784776
fbc_tfnbs,"e=1.2,h=5.0,n=30,start_thres=1.25,min_cluster_size=3",hub,0.25,30,1,40,1730,3,0,37,1730,0.075,0.0,1.0,0.0,0.1770237548784776
fbc_tfnbs,"e=1.2,h=6.0,n=30,start_thres=1.25,min_cluster_size=3",hub,0.25,30,1,40,1730,7,0,33,1730,0.175,0.0,1.0,0.0,0.1770237548784776
fbc_tfnbs,"e=1.2,h=7.0,n=30,start_thres=1.25,min_cluster_size=3",hub,0.25,30,1,40,1730,7,0,33,1730,0.175,0.0,1.0,0.0,0.1770237548784776
fbc_tfnbs,"e=1.2,h=8.0,n=30,start_thres=1.25,min_cluster_size=3",hub,0.25,30,1,40,1730,7,0,33,1730,0.175,0.0,1.0,0.0,0.1770237548784776
fbc_tfnbs,"e=1.2,h=9.0,n=30,start_thres=1.25,min_cluster_size=3",hub,0.25,30,1,40,1730,7,0,33,1730,0.175,0.0,1.0,0.0,0.1770237548784776
fbc_tfnbs,"e=1.2,h=10.0,n=30,start_thres=1.25,min_cluster_size=3",hub,0.25,30,1,40,1730,7,0,33,1730,0.175,0.0,1.0,0.0,0.1770237548784776
fbc_tfnbs,"e=1.3,h=0.5,n=30,start_thres=1.25,min_cluster_size=3",hub,0.25,30,1,40,1730,0,0,40,1730,0.0,0.0,0.0,0.0,0.1770237548784776
fbc_tfnbs,"e=1.3,h=1.0,n=30,start_thres=1.25,min_cluster_size=3",hub,0.25,30,1,40,1730,0,0,40,1730,0.0,0.0,0.0,0.0,0.1770237548784776
fbc_tfnbs,"e=1.3,h=2.0,n=30,start_thres=1.25,min_cluster_size=3",hub,0.25,30,1,40,1730,0,0,40,1730,0.0,0.0,0.0,0.0,0.1770237548784776
fbc_tfnbs,"e=1.3,h=3.0,n=30,start_thres=1.25,min_cluster_size=3",hub,0.25,30,1,40,1730,0,0,40,1730,0.0,0.0,0.0,0.0,0.1770237548784776
fbc_tfnbs,"e=1.3,h=4.0,n=30,start_thres=1.25,min_cluster_size=3",hub,0.25,30,1,40,1730,3,0,37,1730,0.075,0.0,1.0,0.0,0.1770237548784776
fbc_tfnbs,"e=1.3,h=5.0,n=30,start_thres=1.25,min_cluster_size=3",hub,0.25,30,1,40,1730,3,0,37,1730,0.075,0.0,1.0,0.0,0.1770237548784776
fbc_tfnbs,"e=1.3,h=6.0,n=30,start_thres=1.25,min_cluster_size=3",hub,0.25,30,1,40,1730,6,0,34,1730,0.15,0.0,1.0,0.0,0.1770237548784776
fbc_tfnbs,"e=1.3,h=7.0,n=30,start_thres=1.25,min_cluster_size=3",hub,0.25,30,1,40,1730,7,0,33,1730,0.175,0.0,1.0,0.0,0.1770237548784776
fbc_tfnbs,"e=1.3,h=8.0,n=30,start_thres=1.25,min_cluster_size=3",hub,0.25,30,1,40,1730,7,0,33,1730,0.175,0.0,1.0,0.0,0.1770237548784776
fbc_tfnbs,"e=1.3,h=9.0,n=30,start_thres=1.25,min_cluster_size=3",hub,0.25,30,1,40,1730,7,0,33,1730,0.175,0.0,1.0,0.0,0.1770237548784776
fbc_tfnbs,"e=1.3,h=10.0,n=30,start_thres=1.25,min_cluster_size=3",hub,0.25,30,1,40,1730,7,0,33,1730,0.175,0.0,1.0,0.0,0.1770237548784776
fbc_tfnbs,"e=1.4,h=0.5,n=30,start_thres=1.25,min_cluster_size=3",hub,0.25,30,1,40,1730,0,0,40,1730,0.0,0.0,0.0,0.0,0.1770237548784776
fbc_tfnbs,"e=1.4,h=1.0,n=30,start_thres=1.25,min_cluster_size=3",hub,0.25,30,1,40,1730,0,0,40,1730,0.0,0.0,0.0,0.0,0.1770237548784776
fbc_tfnbs,"e=1.4,h=2.0,n=30,start_thres=1.25,min_cluster_size=3",hub,0.25,30,1,40,1730,0,0,40,1730,0.0,0.0,0.0,0.0,0.1770237548784776
fbc_tfnbs,"e=1.4,h=3.0,n=30,start_thres=1.25,min_cluster_size=3",hub,0.25,30,1,40,1730,0,0,40,1730,0.0,0.0,0.0,0.0,0.1770237548784776
fbc_tfnbs,"e=1.4,h=4.0,n=30,start_thres=1.25,min_cluster_size=3",hub,0.25,30,1,40,1730,0,0,40,1730,0.0,0.0,0.0,0.0,0.1770237548784776
fbc_tfnbs,"e=1.4,h=5.0,n=30,start_thres=1.25,min_cluster_size=3",hub,0.25,30,1,40,1730,3,0,37,1730,0.075,0.0,1.0,0.0,0.1770237548784776
fbc_tfnbs,"e=1.4,h=6.0,n=30,start_thres=1.25,min_cluster_size=3",hub,0.25,30,1,40,1730,3,0,37,1730,0.075,0.0,1.0,0.0,0.1770237548784776
fbc_tfnbs,"e=1.4,h=7.0,n=30,start_thres=1.25,min_cluster_size=3",hub,0.25,30,1,40,1730,7,0,33,1730,0.175,0.0,1.0,0.0,0.1770237548784776
fbc_tfnbs,"e=1.4,h=8.0,n=30,start_thres=1.25,min_cluster_size=3",hub,0.25,30,1,40,1730,7,0,33,1730,0.175,0.0,1.0,0.0,0.1770237548784776
fbc_tfnbs,"e=1.4,h=9.0,n=30,start_thres=1.25,min_cluster_size=3",hub,0.25,30,1,40,1730,7,0,33,1730,0.175,0.0,1.0,0.0,0.1770237548784776
fbc_tfnbs,"e=1.4,h=10.0,n=30,start_thres=1.25,min_cluster_size=3",hub,0.25,30,1,40,1730,7,0,33,1730,0.175,0.0,1.0,0.0,0.1770237548784776
fbc_tfnbs,"e=1.5,h=0.5,n=30,start_thres=1.25,min_cluster_size=3",hub,0.25,30,1,40,1730,0,0,40,1730,0.0,0.0,0.0,0.0,0.1770237548784776
fbc_tfnbs,"e=1.5,h=1.0,n=30,start_thres=1.25,min_cluster_size=3",hub,0.25,30,1,40,1730,0,0,40,1730,0.0,0.0,0.0,0.0,0.1770237548784776
fbc_tfnbs,"e=1.5,h=2.0,n=30,start_thres=1.25,min_cluster_size=3",hub,0.25,30,1,40,1730,0,0,40,1730,0.0,0.0,0.0,0.0,0.1770237548784776
fbc_tfnbs,"e=1.5,h=3.0,n=30,start_thres=1.25,min_cluster_size=3",hub,0.25,30,1,40,1730,0,0,40,1730,0.0,0.0,0.0,0.0,0.1770237548784776
fbc_tfnbs,"e=1.5,h=4.0,n=30,start_thres=1.25,min_cluster_size=3",hub,0.25,30,1,40,1730,0,0,40,1730,0.0,0.0,0.0,0.0,0.1770237548784776
fbc_tfnbs,"e=1.5,h=5.0,n=30,start_thres=1.25,min_cluster_size=3",hub,0.25,30,1,40,1730,3,0,37,1730,0.075,0.0,1.0,0.0,0.1770237548784776
fbc_tfnbs,"e=1.5,h=6.0,n=30,start_thres=1.25,min_cluster_size=3",hub,0.25,30,1,40,1730,3,0,37,1730,0.075,0.0,1.0,0.0,0.1770237548784776
fbc_tfnbs,"e=1.5,h=7.0,n=30,start_thres=1.25,min_cluster_size=3",hub,0.25,30,1,40,1730,4,0,36,1730,0.1,0.0,1.0,0.0,0.1770237548784776
fbc_tfnbs,"e=1.5,h=8.0,n=30,start_thres=1.25,min_cluster_size=3",hub,0.25,30,1,40,1730,7,0,33,1730,0.175,0.0,1.0,0.0,0.1770237548784776
fbc_tfnbs,"e=1.5,h=9.0,n=30,start_thres=1.25,min_cluster_size=3",hub,0.25,30,1,40,1730,7,0,33,1730,0.175,0.0,1.0,0.0,0.1770237548784776
fbc_tfnbs,"e=1.5,h=10.0,n=30,start_thres=1.25,min_cluster_size=3",hub,0.25,30,1,40,1730,7,0,33,1730,0.175,0.0,1.0,0.0,0.1770237548784776
fbc_tfnbs,"e=0.05,h=0.5,n=30,start_thres=1.25,min_cluster_size=3",hub,0.25,30,2,40,1730,11,8,29,1722,0.275,0.0046242774566473,0.5789473684210527,0.4210526315789473,0.178795264525847
fbc_tfnbs,"e=0.05,h=1.0,n=30,start_thres=1.25,min_cluster_size=3",hub,0.25,30,2,40,1730,11,8,29,1722,0.275,0.0046242774566473,0.5789473684210527,0.4210526315789473,0.178795264525847
fbc_tfnbs,"e=0.05,h=2.0,n=30,start_thres=1.25,min_cluster_size=3",hub,0.25,30,2,40,1730,11,8,29,1722,0.275,0.0046242774566473,0.5789473684210527,0.4210526315789473,0.178795264525847
fbc_tfnbs,"e=0.05,h=3.0,n=30,start_thres=1.25,min_cluster_size=3",hub,0.25,30,2,40,1730,11,8,29,1722,0.275,0.0046242774566473,0.5789473684210527,0.4210526315789473,0.178795264525847
fbc_tfnbs,"e=0.05,h=4.0,n=30,start_thres=1.25,min_cluster_size=3",hub,0.25,30,2,40,1730,11,8,29,1722,0.275,0.0046242774566473,0.5789473684210527,0.4210526315789473,0.178795264525847
fbc_tfnbs,"e=0.05,h=5.0,n=30,start_thres=1.25,min_cluster_size=3",hub,0.25,30,2,40,1730,11,8,29,1722,0.275,0.0046242774566473,0.5789473684210527,0.4210526315789473,0.178795264525847
fbc_tfnbs,"e=0.05,h=6.0,n=30,start_thres=1.25,min_cluster_size=3",hub,0.25,30,2,40,1730,11,8,29,1722,0.275,0.0046242774566473,0.5789473684210527,0.4210526315789473,0.178795264525847
fbc_tfnbs,"e=0.05,h=7.0,n=30,start_thres=1.25,min_cluster_size=3",hub,0.25,30,2,40,1730,11,8,29,1722,0.275,0.0046242774566473,0.5789473684210527,0.4210526315789473,0.178795264525847
fbc_tfnbs,"e=0.05,h=8.0,n=30,start_thres=1.25,min_cluster_size=3",hub,0.25,30,2,40,1730,11,8,29,1722,0.275,0.0046242774566473,0.5789473684210527,0.4210526315789473,0.178795264525847
fbc_tfnbs,"e=0.05,h=9.0,n=30,start_thres=1.25,min_cluster_size=3",hub,0.25,30,2,40,1730,11,8,29,1722,0.275,0.0046242774566473,0.5789473684210527,0.4210526315789473,0.178795264525847
fbc_tfnbs,"e=0.05,h=10.0,n=30,start_thres=1.25,min_cluster_size=3",hub,0.25,30,2,40,1730,11,8,29,1722,0.275,0.0046242774566473,0.5789473684210527,0.4210526315789473,0.178795264525847
fbc_tfnbs,"e=0.1,h=0.5,n=30,start_thres=1.25,min_cluster_size=3",hub,0.25,30,2,40,1730,11,9,29,1721,0.275,0.0052023121387283,0.55,0.45,0.178795264525847
fbc_tfnbs,"e=0.1,h=1.0,n=30,start_thres=1.25,min_cluster_size=3",hub,0.25,30,2,40,1730,11,9,29,1721,0.275,0.0052023121387283,0.55,0.45,0.178795264525847
fbc_tfnbs,"e=0.1,h=2.0,n=30,start_thres=1.25,min_cluster_size=3",hub,0.25,30,2,40,1730,11,9,29,1721,0.275,0.0052023121387283,0.55,0.45,0.178795264525847
fbc_tfnbs,"e=0.1,h=3.0,n=30,start_thres=1.25,min_cluster_size=3",hub,0.25,30,2,40,1730,11,9,29,1721,0.275,0.0052023121387283,0.55,0.45,0.178795264525847
fbc_tfnbs,"e=0.1,h=4.0,n=30,start_thres=1.25,min_cluster_size=3",hub,0.25,30,2,40,1730,11,9,29,1721,0.275,0.0052023121387283,0.55,0.45,0.178795264525847
fbc_tfnbs,"e=0.1,h=5.0,n=30,start_thres=1.25,min_cluster_size=3",hub,0.25,30,2,40,1730,11,8,29,1722,0.275,0.0046242774566473,0.5789473684210527,0.4210526315789473,0.178795264525847
fbc_tfnbs,"e=0.1,h=6.0,n=30,start_thres=1.25,min_cluster_size=3",hub,0.25,30,2,40,1730,11,8,29,1722,0.275,0.0046242774566473,0.5789473684210527,0.4210526315789473,0.178795264525847
fbc_tfnbs,"e=0.1,h=7.0,n=30,start_thres=1.25,min_cluster_size=3",hub,0.25,30,2,40,1730,11,8,29,1722,0.275,0.0046242774566473,0.5789473684210527,0.4210526315789473,0.178795264525847
fbc_tfnbs,"e=0.1,h=8.0,n=30,start_thres=1.25,min_cluster_size=3",hub,0.25,30,2,40,1730,11,8,29,1722,0.275,0.0046242774566473,0.5789473684210527,0.4210526315789473,0.178795264525847
fbc_tfnbs,"e=0.1,h=9.0,n=30,start_thres=1.25,min_cluster_size=3",hub,0.25,30,2,40,1730,11,8,29,1722,0.275,0.0046242774566473,0.5789473684210527,0.4210526315789473,0.178795264525847
fbc_tfnbs,"e=0.1,h=10.0,n=30,start_thres=1.25,min_cluster_size=3",hub,0.25,30,2,40,1730,11,8,29,1722,0.275,0.0046242774566473,0.5789473684210527,0.4210526315789473,0.178795264525847
fbc_tfnbs,"e=0.2,h=0.5,n=30,start_thres=1.25,min_cluster_size=3",hub,0.25,30,2,40,1730,10,10,30,1720,0.25,0.0057803468208092,0.5,0.5,0.178795264525847
fbc_tfnbs,"e=0.2,h=1.0,n=30,start_thres=1.25,min_cluster_size=3",hub,0.25,30,2,40,1730,11,10,29,1720,0.275,0.0057803468208092,0.5238095238095238,0.4761904761904761,0.178795264525847
fbc_tfnbs,"e=0.2,h=2.0,n=30,start_thres=1.25,min_cluster_size=3",hub,0.25,30,2,40,1730,11,9,29,1721,0.275,0.0052023121387283,0.55,0.45,0.178795264525847
fbc_tfnbs,"e=0.2,h=3.0,n=30,start_thres=1.25,min_cluster_size=3",hub,0.25,30,2,40,1730,11,9,29,1721,0.275,0.0052023121387283,0.55,0.45,0.178795264525847
fbc_tfnbs,"e=0.2,h=4.0,n=30,start_thres=1.25,min_cluster_size=3",hub,0.25,30,2,40,1730,12,9,28,1721,0.3,0.0052023121387283,0.5714285714285714,0.4285714285714285,0.178795264525847
fbc_tfnbs,"e=0.2,h=5.0,n=30,start_thres=1.25,min_cluster_size=3",hub,0.25,30,2,40,1730,12,9,28,1721,0.3,0.0052023121387283,0.5714285714285714,0.4285714285714285,0.178795264525847
fbc_tfnbs,"e=0.2,h=6.0,n=30,start_thres=1.25,min_cluster_size=3",hub,0.25,30,2,40,1730,12,9,28,1721,0.3,0.0052023121387283,0.5714285714285714,0.4285714285714285,0.178795264525847
fbc_tfnbs,"e=0.2,h=7.0,n=30,start_thres=1.25,min_cluster_size=3",hub,0.25,30,2,40,1730,12,9,28,1721,0.3,0.0052023121387283,0.5714285714285714,0.4285714285714285,0.178795264525847
fbc_tfnbs,"e=0.2,h=8.0,n=30,start_thres=1.25,min_cluster_size=3",hub,0.25,30,2,40,1730,11,9,29,1721,0.275,0.0052023121387283,0.55,0.45,0.178795264525847
fbc_tfnbs,"e=0.2,h=9.0,n=30,start_thres=1.25,min_cluster_size=3",hub,0.25,30,2,40,1730,11,9,29,1721,0.275,0.0052023121387283,0.55,0.45,0.178795264525847
fbc_tfnbs,"e=0.2,h=10.0,n=30,start_thres=1.25,min_cluster_size=3",hub,0.25,30,2,40,1730,11,9,29,1721,0.275,0.0052023121387283,0.55,0.45,0.178795264525847
fbc_tfnbs,"e=0.3,h=0.5,n=30,start_thres=1.25,min_cluster_size=3",hub,0.25,30,2,40,1730,10,10,30,1720,0.25,0.0057803468208092,0.5,0.5,0.178795264525847
fbc_tfnbs,"e=0.3,h=1.0,n=30,start_thres=1.25,min_cluster_size=3",hub,0.25,30,2,40,1730,10,10,30,1720,0.25,0.0057803468208092,0.5,0.5,0.178795264525847
fbc_tfnbs,"e=0.3,h=2.0,n=30,start_thres=1.25,min_cluster_size=3",hub,0.25,30,2,40,1730,12,10,28,1720,0.3,0.0057803468208092,0.5454545454545454,0.4545454545454545,0.178795264525847
fbc_tfnbs,"e=0.3,h=3.0,n=30,start_thres=1.25,min_cluster_size=3",hub,0.25,30,2,40,1730,12,10,28,1720,0.3,0.0057803468208092,0.5454545454545454,0.4545454545454545,0.178795264525847
fbc_tfnbs,"e=0.3,h=4.0,n=30,start_thres=1.25,min_cluster_size=3",hub,0.25,30,2,40,1730,12,9,28,1721,0.3,0.0052023121387283,0.5714285714285714,0.4285714285714285,0.178795264525847
fbc_tfnbs,"e=0.3,h=5.0,n=30,start_thres=1.25,min_cluster_size=3",hub,0.25,30,2,40,1730,12,9,28,1721,0.3,0.0052023121387283,0.5714285714285714,0.4285714285714285,0.178795264525847
fbc_tfnbs,"e=0.3,h=6.0,n=30,start_thres=1.25,min_cluster_size=3",hub,0.25,30,2,40,1730,12,9,28,1721,0.3,0.0052023121387283,0.5714285714285714,0.4285714285714285,0.178795264525847
fbc_tfnbs,"e=0.3,h=7.0,n=30,start_thres=1.25,min_cluster_size=3",hub,0.25,30,2,40,1730,12,9,28,1721,0.3,0.0052023121387283,0.5714285714285714,0.4285714285714285,0.178795264525847
fbc_tfnbs,"e=0.3,h=8.0,n=30,start_thres=1.25,min_cluster_size=3",hub,0.25,30,2,40,1730,12,9,28,1721,0.3,0.0052023121387283,0.5714285714285714,0.4285714285714285,0.178795264525847
fbc_tfnbs,"e=0.3,h=9.0,n=30,start_thres=1.25,min_cluster_size=3",hub,0.25,30,2,40,1730,12,9,28,1721,0.3,0.0052023121387283,0.5714285714285714,0.4285714285714285,0.178795264525847
fbc_tfnbs,"e=0.3,h=10.0,n=30,start_thres=1.25,min_cluster_size=3",hub,0.25,30,2,40,1730,12,9,28,1721,0.3,0.0052023121387283,0.5714285714285714,0.4285714285714285,0.178795264525847
fbc_tfnbs,"e=0.4,h=0.5,n=30,start_thres=1.25,min_cluster_size=3",hub,0.25,30,2,40,1730,5,15,35,1715,0.125,0.0086705202312138,0.25,0.75,0.178795264525847
fbc_tfnbs,"e=0.4,h=1.0,n=30,start_thres=1.25,min_cluster_size=3",hub,0.25,30,2,40,1730,10,10,30,1720,0.25,0.0057803468208092,0.5,0.5,0.178795264525847
fbc_tfnbs,"e=0.4,h=2.0,n=30,start_thres=1.25,min_cluster_size=3",hub,0.25,30,2,40,1730,12,10,28,1720,0.3,0.0057803468208092,0.5454545454545454,0.4545454545454545,0.178795264525847
fbc_tfnbs,"e=0.4,h=3.0,n=30,start_thres=1.25,min_cluster_size=3",hub,0.25,30,2,40,1730,12,10,28,1720,0.3,0.0057803468208092,0.5454545454545454,0.4545454545454545,0.178795264525847
fbc_tfnbs,"e=0.4,h=4.0,n=30,start_thres=1.25,min_cluster_size=3",hub,0.25,30,2,40,1730,12,10,28,1720,0.3,0.0057803468208092,0.5454545454545454,0.4545454545454545,0.178795264525847
fbc_tfnbs,"e=0.4,h=5.0,n=30,start_thres=1.25,min_cluster_size=3",hub,0.25,30,2,40,1730,12,10,28,1720,0.3,0.0057803468208092,0.5454545454545454,0.4545454545454545,0.178795264525847
fbc_tfnbs,"e=0.4,h=6.0,n=30,start_thres=1.25,min_cluster_size=3",hub,0.25,30,2,40,1730,12,10,28,1720,0.3,0.0057803468208092,0.5454545454545454,0.4545454545454545,0.178795264525847
fbc_tfnbs,"e=0.4,h=7.0,n=30,start_thres=1.25,min_cluster_size=3",hub,0.25,30,2,40,1730,12,9,28,1721,0.3,0.0052023121387283,0.5714285714285714,0.4285714285714285,0.178795264525847
fbc_tfnbs,"e=0.4,h=8.0,n=30,start_thres=1.25,min_cluster_size=3",hub,0.25,30,2,40,1730,12,9,28,1721,0.3,0.0052023121387283,0.5714285714285714,0.4285714285714285,0.178795264525847
fbc_tfnbs,"e=0.4,h=9.0,n=30,start_thres=1.25,min_cluster_size=3",hub,0.25,30,2,40,1730,12,9,28,1721,0.3,0.0052023121387283,0.5714285714285714,0.4285714285714285,0.178795264525847
fbc_tfnbs,"e=0.4,h=10.0,n=30,start_thres=1.25,min_cluster_size=3",hub,0.25,30,2,40,1730,12,9,28,1721,0.3,0.0052023121387283,0.5714285714285714,0.4285714285714285,0.178795264525847
fbc_tfnbs,"e=0.5,h=0.5,n=30,start_thres=1.25,min_cluster_size=3",hub,0.25,30,2,40,1730,5,16,35,1714,0.125,0.0092485549132947,0.238095238095238,0.7619047619047619,0.178795264525847
fbc_tfnbs,"e=0.5,h=1.0,n=30,start_thres=1.25,min_cluster_size=3",hub,0.25,30,2,40,1730,5,15,35,1715,0.125,0.0086705202312138,0.25,0.75,0.178795264525847
fbc_tfnbs,"e=0.5,h=2.0,n=30,start_thres=1.25,min_cluster_size=3",hub,0.25,30,2,40,1730,11,15,29,1715,0.275,0.0086705202312138,0.4230769230769231,0.5769230769230769,0.178795264525847
fbc_tfnbs,"e=0.5,h=3.0,n=30,start_thres=1.25,min_cluster_size=3",hub,0.25,30,2,40,1730,12,10,28,1720,0.3,0.0057803468208092,0.5454545454545454,0.4545454545454545,0.178795264525847
fbc_tfnbs,"e=0.5,h=4.0,n=30,start_thres=1.25,min_cluster_size=3",hub,0.25,30,2,40,1730,12,10,28,1720,0.3,0.0057803468208092,0.5454545454545454,0.4545454545454545,0.178795264525847
fbc_tfnbs,"e=0.5,h=5.0,n=30,start_thres=1.25,min_cluster_size=3",hub,0.25,30,2,40,1730,12,10,28,1720,0.3,0.0057803468208092,0.5454545454545454,0.4545454545454545,0.178795264525847
fbc_tfnbs,"e=0.5,h=6.0,n=30,start_thres=1.25,min_cluster_size=3",hub,0.25,30,2,40,1730,12,10,28,1720,0.3,0.0057803468208092,0.5454545454545454,0.4545454545454545,0.178795264525847
fbc_tfnbs,"e=0.5,h=7.0,n=30,start_thres=1.25,min_cluster_size=3",hub,0.25,30,2,40,1730,12,10,28,1720,0.3,0.0057803468208092,0.5454545454545454,0.4545454545454545,0.178795264525847
fbc_tfnbs,"e=0.5,h=8.0,n=30,start_thres=1.25,min_cluster_size=3",hub,0.25,30,2,40,1730,12,9,28,1721,0.3,0.0052023121387283,0.5714285714285714,0.4285714285714285,0.178795264525847
fbc_tfnbs,"e=0.5,h=9.0,n=30,start_thres=1.25,min_cluster_size=3",hub,0.25,30,2,40,1730,12,9,28,1721,0.3,0.0052023121387283,0.5714285714285714,0.4285714285714285,0.178795264525847
fbc_tfnbs,"e=0.5,h=10.0,n=30,start_thres=1.25,min_cluster_size=3",hub,0.25,30,2,40,1730,12,9,28,1721,0.3,0.0052023121387283,0.5714285714285714,0.4285714285714285,0.178795264525847
fbc_tfnbs,"e=0.6,h=0.5,n=30,start_thres=1.25,min_cluster_size=3",hub,0.25,30,2,40,1730,5,16,35,1714,0.125,0.0092485549132947,0.238095238095238,0.7619047619047619,0.178795264525847
fbc_tfnbs,"e=0.6,h=1.0,n=30,start_thres=1.25,min_cluster_size=3",hub,0.25,30,2,40,1730,5,16,35,1714,0.125,0.0092485549132947,0.238095238095238,0.7619047619047619,0.178795264525847
fbc_tfnbs,"e=0.6,h=2.0,n=30,start_thres=1.25,min_cluster_size=3",hub,0.25,30,2,40,1730,10,15,30,1715,0.25,0.0086705202312138,0.4,0.6,0.178795264525847
fbc_tfnbs,"e=0.6,h=3.0,n=30,start_thres=1.25,min_cluster_size=3",hub,0.25,30,2,40,1730,12,15,28,1715,0.3,0.0086705202312138,0.4444444444444444,0.5555555555555556,0.178795264525847
fbc_tfnbs,"e=0.6,h=4.0,n=30,start_thres=1.25,min_cluster_size=3",hub,0.25,30,2,40,1730,12,10,28,1720,0.3,0.0057803468208092,0.5454545454545454,0.4545454545454545,0.178795264525847
fbc_tfnbs,"e=0.6,h=5.0,n=30,start_thres=1.25,min_cluster_size=3",hub,0.25,30,2,40,1730,12,10,28,1720,0.3,0.0057803468208092,0.5454545454545454,0.4545454545454545,0.178795264525847
fbc_tfnbs,"e=0.6,h=6.0,n=30,start_thres=1.25,min_cluster_size=3",hub,0.25,30,2,40,1730,12,10,28,1720,0.3,0.0057803468208092,0.5454545454545454,0.4545454545454545,0.178795264525847
fbc_tfnbs,"e=0.6,h=7.0,n=30,start_thres=1.25,min_cluster_size=3",hub,0.25,30,2,40,1730,12,10,28,1720,0.3,0.0057803468208092,0.5454545454545454,0.4545454545454545,0.178795264525847
fbc_tfnbs,"e=0.6,h=8.0,n=30,start_thres=1.25,min_cluster_size=3",hub,0.25,30,2,40,1730,12,10,28,1720,0.3,0.0057803468208092,0.5454545454545454,0.4545454545454545,0.178795264525847
fbc_tfnbs,"e=0.6,h=9.0,n=30,start_thres=1.25,min_cluster_size=3",hub,0.25,30,2,40,1730,12,10,28,1720,0.3,0.0057803468208092,0.5454545454545454,0.4545454545454545,0.178795264525847
fbc_tfnbs,"e=0.6,h=10.0,n=30,start_thres=1.25,min_cluster_size=3",hub,0.25,30,2,40,1730,12,10,28,1720,0.3,0.0057803468208092,0.5454545454545454,0.4545454545454545,0.178795264525847
fbc_tfnbs,"e=0.7,h=0.5,n=30,start_thres=1.25,min_cluster_size=3",hub,0.25,30,2,40,1730,3,17,37,1713,0.075,0.0098265895953757,0.15,0.85,0.178795264525847
fbc_tfnbs,"e=0.7,h=1.0,n=30,start_thres=1.25,min_cluster_size=3",hub,0.25,30,2,40,1730,5,18,35,1712,0.125,0.0104046242774566,0.217391304347826,0.782608695652174,0.178795264525847
fbc_tfnbs,"e=0.7,h=2.0,n=30,start_thres=1.25,min_cluster_size=3",hub,0.25,30,2,40,1730,5,16,35,1714,0.125,0.0092485549132947,0.238095238095238,0.7619047619047619,0.178795264525847
fbc_tfnbs,"e=0.7,h=3.0,n=30,start_thres=1.25,min_cluster_size=3",hub,0.25,30,2,40,1730,11,15,29,1715,0.275,0.0086705202312138,0.4230769230769231,0.5769230769230769,0.178795264525847
fbc_tfnbs,"e=0.7,h=4.0,n=30,start_thres=1.25,min_cluster_size=3",hub,0.25,30,2,40,1730,12,15,28,1715,0.3,0.0086705202312138,0.4444444444444444,0.5555555555555556,0.178795264525847
fbc_tfnbs,"e=0.7,h=5.0,n=30,start_thres=1.25,min_cluster_size=3",hub,0.25,30,2,40,1730,12,10,28,1720,0.3,0.0057803468208092,0.5454545454545454,0.4545454545454545,0.178795264525847
fbc_tfnbs,"e=0.7,h=6.0,n=30,start_thres=1.25,min_cluster_size=3",hub,0.25,30,2,40,1730,12,10,28,1720,0.3,0.0057803468208092,0.5454545454545454,0.4545454545454545,0.178795264525847
fbc_tfnbs,"e=0.7,h=7.0,n=30,start_thres=1.25,min_cluster_size=3",hub,0.25,30,2,40,1730,12,10,28,1720,0.3,0.0057803468208092,0.5454545454545454,0.4545454545454545,0.178795264525847
fbc_tfnbs,"e=0.7,h=8.0,n=30,start_thres=1.25,min_cluster_size=3",hub,0.25,30,2,40,1730,12,10,28,1720,0.3,0.0057803468208092,0.5454545454545454,0.4545454545454545,0.178795264525847
fbc_tfnbs,"e=0.7,h=9.0,n=30,start_thres=1.25,min_cluster_size=3",hub,0.25,30,2,40,1730,12,10,28,1720,0.3,0.0057803468208092,0.5454545454545454,0.4545454545454545,0.178795264525847
fbc_tfnbs,"e=0.7,h=10.0,n=30,start_thres=1.25,min_cluster_size=3",hub,0.25,30,2,40,1730,12,10,28,1720,0.3,0.0057803468208092,0.5454545454545454,0.4545454545454545,0.178795264525847
fbc_tfnbs,"e=0.8,h=0.5,n=30,start_thres=1.25,min_cluster_size=3",hub,0.25,30,2,40,1730,0,20,40,1710,0.0,0.0115606936416184,0.0,1.0,0.178795264525847
fbc_tfnbs,"e=0.8,h=1.0,n=30,start_thres=1.25,min_cluster_size=3",hub,0.25,30,2,40,1730,3,20,37,1710,0.075,0.0115606936416184,0.1304347826086956,0.8695652173913043,0.178795264525847
fbc_tfnbs,"e=0.8,h=2.0,n=30,start_thres=1.25,min_cluster_size=3",hub,0.25,30,2,40,1730,5,18,35,1712,0.125,0.0104046242774566,0.217391304347826,0.782608695652174,0.178795264525847
fbc_tfnbs,"e=0.8,h=3.0,n=30,start_thres=1.25,min_cluster_size=3",hub,0.25,30,2,40,1730,11,16,29,1714,0.275,0.0092485549132947,0.4074074074074074,0.5925925925925926,0.178795264525847
fbc_tfnbs,"e=0.8,h=4.0,n=30,start_thres=1.25,min_cluster_size=3",hub,0.25,30,2,40,1730,12,15,28,1715,0.3,0.0086705202312138,0.4444444444444444,0.5555555555555556,0.178795264525847
fbc_tfnbs,"e=0.8,h=5.0,n=30,start_thres=1.25,min_cluster_size=3",hub,0.25,30,2,40,1730,12,15,28,1715,0.3,0.0086705202312138,0.4444444444444444,0.5555555555555556,0.178795264525847
fbc_tfnbs,"e=0.8,h=6.0,n=30,start_thres=1.25,min_cluster_size=3",hub,0.25,30,2,40,1730,12,10,28,1720,0.3,0.0057803468208092,0.5454545454545454,0.4545454545454545,0.178795264525847
fbc_tfnbs,"e=0.8,h=7.0,n=30,start_thres=1.25,min_cluster_size=3",hub,0.25,30,2,40,1730,12,10,28,1720,0.3,0.0057803468208092,0.5454545454545454,0.4545454545454545,0.178795264525847
fbc_tfnbs,"e=0.8,h=8.0,n=30,start_thres=1.25,min_cluster_size=3",hub,0.25,30,2,40,1730,12,10,28,1720,0.3,0.0057803468208092,0.5454545454545454,0.4545454545454545,0.178795264525847
fbc_tfnbs,"e=0.8,h=9.0,n=30,start_thres=1.25,min_cluster_size=3",hub,0.25,30,2,40,1730,12,10,28,1720,0.3,0.0057803468208092,0.5454545454545454,0.4545454545454545,0.178795264525847
fbc_tfnbs,"e=0.8,h=10.0,n=30,start_thres=1.25,min_cluster_size=3",hub,0.25,30,2,40,1730,12,10,28,1720,0.3,0.0057803468208092,0.5454545454545454,0.4545454545454545,0.178795264525847
fbc_tfnbs,"e=0.9,h=0.5,n=30,start_thres=1.25,min_cluster_size=3",hub,0.25,30,2,40,1730,0,28,40,1702,0.0,0.0161849710982658,0.0,1.0,0.178795264525847
fbc_tfnbs,"e=0.9,h=1.0,n=30,start_thres=1.25,min_cluster_size=3",hub,0.25,30,2,40,1730,3,20,37,1710,0.075,0.0115606936416184,0.1304347826086956,0.8695652173913043,0.178795264525847
fbc_tfnbs,"e=0.9,h=2.0,n=30,start_thres=1.25,min_cluster_size=3",hub,0.25,30,2,40,1730,5,21,35,1709,0.125,0.0121387283236994,0.1923076923076923,0.8076923076923077,0.178795264525847
fbc_tfnbs,"e=0.9,h=3.0,n=30,start_thres=1.25,min_cluster_size=3",hub,0.25,30,2,40,1730,5,18,35,1712,0.125,0.0104046242774566,0.217391304347826,0.782608695652174,0.178795264525847
fbc_tfnbs,"e=0.9,h=4.0,n=30,start_thres=1.25,min_cluster_size=3",hub,0.25,30,2,40,1730,11,16,29,1714,0.275,0.0092485549132947,0.4074074074074074,0.5925925925925926,0.178795264525847
fbc_tfnbs,"e=0.9,h=5.0,n=30,start_thres=1.25,min_cluster_size=3",hub,0.25,30,2,40,1730,12,15,28,1715,0.3,0.0086705202312138,0.4444444444444444,0.5555555555555556,0.178795264525847
fbc_tfnbs,"e=0.9,h=6.0,n=30,start_thres=1.25,min_cluster_size=3",hub,0.25,30,2,40,1730,12,15,28,1715,0.3,0.0086705202312138,0.4444444444444444,0.5555555555555556,0.178795264525847
fbc_tfnbs,"e=0.9,h=7.0,n=30,start_thres=1.25,min_cluster_size=3",hub,0.25,30,2,40,1730,12,10,28,1720,0.3,0.0057803468208092,0.5454545454545454,0.4545454545454545,0.178795264525847
fbc_tfnbs,"e=0.9,h=8.0,n=30,start_thres=1.25,min_cluster_size=3",hub,0.25,30,2,40,1730,12,10,28,1720,0.3,0.0057803468208092,0.5454545454545454,0.4545454545454545,0.178795264525847
fbc_tfnbs,"e=0.9,h=9.0,n=30,start_thres=1.25,min_cluster_size=3",hub,0.25,30,2,40,1730,12,10,28,1720,0.3,0.0057803468208092,0.5454545454545454,0.4545454545454545,0.178795264525847
fbc_tfnbs,"e=0.9,h=10.0,n=30,start_thres=1.25,min_cluster_size=3",hub,0.25,30,2,40,1730,12,10,28,1720,0.3,0.0057803468208092,0.5454545454545454,0.4545454545454545,0.178795264525847
fbc_tfnbs,"e=1.0,h=0.5,n=30,start_thres=1.25,min_cluster_size=3",hub,0.25,30,2,40,1730,0,28,40,1702,0.0,0.0161849710982658,0.0,1.0,0.178795264525847
fbc_tfnbs,"e=1.0,h=1.0,n=30,start_thres=1.25,min_cluster_size=3",hub,0.25,30,2,40,1730,0,28,40,1702,0.0,0.0161849710982658,0.0,1.0,0.178795264525847
fbc_tfnbs,"e=1.0,h=2.0,n=30,start_thres=1.25,min_cluster_size=3",hub,0.25,30,2,40,1730,5,21,35,1709,0.125,0.0121387283236994,0.1923076923076923,0.8076923076923077,0.178795264525847
fbc_tfnbs,"e=1.0,h=3.0,n=30,start_thres=1.25,min_cluster_size=3",hub,0.25,30,2,40,1730,5,18,35,1712,0.125,0.0104046242774566,0.217391304347826,0.782608695652174,0.178795264525847
fbc_tfnbs,"e=1.0,h=4.0,n=30,start_thres=1.25,min_cluster_size=3",hub,0.25,30,2,40,1730,11,18,29,1712,0.275,0.0104046242774566,0.3793103448275862,0.6206896551724138,0.178795264525847
fbc_tfnbs,"e=1.0,h=5.0,n=30,start_thres=1.25,min_cluster_size=3",hub,0.25,30,2,40,1730,12,16,28,1714,0.3,0.0092485549132947,0.4285714285714285,0.5714285714285714,0.178795264525847
fbc_tfnbs,"e=1.0,h=6.0,n=30,start_thres=1.25,min_cluster_size=3",hub,0.25,30,2,40,1730,12,15,28,1715,0.3,0.0086705202312138,0.4444444444444444,0.5555555555555556,0.178795264525847
fbc_tfnbs,"e=1.0,h=7.0,n=30,start_thres=1.25,min_cluster_size=3",hub,0.25,30,2,40,1730,12,15,28,1715,0.3,0.0086705202312138,0.4444444444444444,0.5555555555555556,0.178795264525847
fbc_tfnbs,"e=1.0,h=8.0,n=30,start_thres=1.25,min_cluster_size=3",hub,0.25,30,2,40,1730,12,15,28,1715,0.3,0.0086705202312138,0.4444444444444444,0.5555555555555556,0.178795264525847
fbc_tfnbs,"e=1.0,h=9.0,n=30,start_thres=1.25,min_cluster_size=3",hub,0.25,30,2,40,1730,12,10,28,1720,0.3,0.0057803468208092,0.5454545454545454,0.4545454545454545,0.178795264525847
fbc_tfnbs,"e=1.0,h=10.0,n=30,start_thres=1.25,min_cluster_size=3",hub,0.25,30,2,40,1730,12,10,28,1720,0.3,0.0057803468208092,0.5454545454545454,0.4545454545454545,0.178795264525847
fbc_tfnbs,"e=1.1,h=0.5,n=30,start_thres=1.25,min_cluster_size=3",hub,0.25,30,2,40,1730,0,34,40,1696,0.0,0.0196531791907514,0.0,1.0,0.178795264525847
fbc_tfnbs,"e=1.1,h=1.0,n=30,start_thres=1.25,min_cluster_size=3",hub,0.25,30,2,40,1730,0,28,40,1702,0.0,0.0161849710982658,0.0,1.0,0.178795264525847
fbc_tfnbs,"e=1.1,h=2.0,n=30,start_thres=1.25,min_cluster_size=3",hub,0.25,30,2,40,1730,3,28,37,1702,0.075,0.0161849710982658,0.0967741935483871,0.9032258064516128,0.178795264525847
fbc_tfnbs,"e=1.1,h=3.0,n=30,start_thres=1.25,min_cluster_size=3",hub,0.25,30,2,40,1730,5,21,35,1709,0.125,0.0121387283236994,0.1923076923076923,0.8076923076923077,0.178795264525847
fbc_tfnbs,"e=1.1,h=4.0,n=30,start_thres=1.25,min_cluster_size=3",hub,0.25,30,2,40,1730,11,18,29,1712,0.275,0.0104046242774566,0.3793103448275862,0.6206896551724138,0.178795264525847
fbc_tfnbs,"e=1.1,h=5.0,n=30,start_thres=1.25,min_cluster_size=3",hub,0.25,30,2,40,1730,12,18,28,1712,0.3,0.0104046242774566,0.4,0.6,0.178795264525847
fbc_tfnbs,"e=1.1,h=6.0,n=30,start_thres=1.25,min_cluster_size=3",hub,0.25,30,2,40,1730,12,16,28,1714,0.3,0.0092485549132947,0.4285714285714285,0.5714285714285714,0.178795264525847
fbc_tfnbs,"e=1.1,h=7.0,n=30,start_thres=1.25,min_cluster_size=3",hub,0.25,30,2,40,1730,12,15,28,1715,0.3,0.0086705202312138,0.4444444444444444,0.5555555555555556,0.178795264525847
fbc_tfnbs,"e=1.1,h=8.0,n=30,start_thres=1.25,min_cluster_size=3",hub,0.25,30,2,40,1730,12,15,28,1715,0.3,0.0086705202312138,0.4444444444444444,0.5555555555555556,0.178795264525847
fbc_tfnbs,"e=1.1,h=9.0,n=30,start_thres=1.25,min_cluster_size=3",hub,0.25,30,2,40,1730,12,15,28,1715,0.3,0.0086705202312138,0.4444444444444444,0.5555555555555556,0.178795264525847
fbc_tfnbs,"e=1.1,h=10.0,n=30,start_thres=1.25,min_cluster_size=3",hub,0.25,30,2,40,1730,12,10,28,1720,0.3,0.0057803468208092,0.5454545454545454,0.4545454545454545,0.178795264525847
fbc_tfnbs,"e=1.2,h=0.5,n=30,start_thres=1.25,min_cluster_size=3",hub,0.25,30,2,40,1730,0,34,40,1696,0.0,0.0196531791907514,0.0,1.0,0.178795264525847
fbc_tfnbs,"e=1.2,h=1.0,n=30,start_thres=1.25,min_cluster_size=3",hub,0.25,30,2,40,1730,0,34,40,1696,0.0,0.0196531791907514,0.0,1.0,0.178795264525847
fbc_tfnbs,"e=1.2,h=2.0,n=30,start_thres=1.25,min_cluster_size=3",hub,0.25,30,2,40,1730,0,28,40,1702,0.0,0.0161849710982658,0.0,1.0,0.178795264525847
fbc_tfnbs,"e=1.2,h=3.0,n=30,start_thres=1.25,min_cluster_size=3",hub,0.25,30,2,40,1730,5,29,35,1701,0.125,0.0167630057803468,0.1470588235294117,0.8529411764705882,0.178795264525847
fbc_tfnbs,"e=1.2,h=4.0,n=30,start_thres=1.25,min_cluster_size=3",hub,0.25,30,2,40,1730,6,21,34,1709,0.15,0.0121387283236994,0.2222222222222222,0.7777777777777778,0.178795264525847
fbc_tfnbs,"e=1.2,h=5.0,n=30,start_thres=1.25,min_cluster_size=3",hub,0.25,30,2,40,1730,11,18,29,1712,0.275,0.0104046242774566,0.3793103448275862,0.6206896551724138,0.178795264525847
fbc_tfnbs,"e=1.2,h=6.0,n=30,start_thres=1.25,min_cluster_size=3",hub,0.25,30,2,40,1730,12,16,28,1714,0.3,0.0092485549132947,0.4285714285714285,0.5714285714285714,0.178795264525847
fbc_tfnbs,"e=1.2,h=7.0,n=30,start_thres=1.25,min_cluster_size=3",hub,0.25,30,2,40,1730,12,16,28,1714,0.3,0.0092485549132947,0.4285714285714285,0.5714285714285714,0.178795264525847
fbc_tfnbs,"e=1.2,h=8.0,n=30,start_thres=1.25,min_cluster_size=3",hub,0.25,30,2,40,1730,12,15,28,1715,0.3,0.0086705202312138,0.4444444444444444,0.5555555555555556,0.178795264525847
fbc_tfnbs,"e=1.2,h=9.0,n=30,start_thres=1.25,min_cluster_size=3",hub,0.25,30,2,40,1730,12,15,28,1715,0.3,0.0086705202312138,0.4444444444444444,0.5555555555555556,0.178795264525847
fbc_tfnbs,"e=1.2,h=10.0,n=30,start_thres=1.25,min_cluster_size=3",hub,0.25,30,2,40,1730,12,10,28,1720,0.3,0.0057803468208092,0.5454545454545454,0.4545454545454545,0.178795264525847
fbc_tfnbs,"e=1.3,h=0.5,n=30,start_thres=1.25,min_cluster_size=3",hub,0.25,30,2,40,1730,0,34,40,1696,0.0,0.0196531791907514,0.0,1.0,0.178795264525847
fbc_tfnbs,"e=1.3,h=1.0,n=30,start_thres=1.25,min_cluster_size=3",hub,0.25,30,2,40,1730,0,34,40,1696,0.0,0.0196531791907514,0.0,1.0,0.178795264525847
fbc_tfnbs,"e=1.3,h=2.0,n=30,start_thres=1.25,min_cluster_size=3",hub,0.25,30,2,40,1730,0,34,40,1696,0.0,0.0196531791907514,0.0,1.0,0.178795264525847
fbc_tfnbs,"e=1.3,h=3.0,n=30,start_thres=1.25,min_cluster_size=3",hub,0.25,30,2,40,1730,5,29,35,1701,0.125,0.0167630057803468,0.1470588235294117,0.8529411764705882,0.178795264525847
fbc_tfnbs,"e=1.3,h=4.0,n=30,start_thres=1.25,min_cluster_size=3",hub,0.25,30,2,40,1730,5,29,35,1701,0.125,0.0167630057803468,0.1470588235294117,0.8529411764705882,0.178795264525847
fbc_tfnbs,"e=1.3,h=5.0,n=30,start_thres=1.25,min_cluster_size=3",hub,0.25,30,2,40,1730,11,21,29,1709,0.275,0.0121387283236994,0.34375,0.65625,0.178795264525847
fbc_tfnbs,"e=1.3,h=6.0,n=30,start_thres=1.25,min_cluster_size=3",hub,0.25,30,2,40,1730,12,18,28,1712,0.3,0.0104046242774566,0.4,0.6,0.178795264525847
fbc_tfnbs,"e=1.3,h=7.0,n=30,start_thres=1.25,min_cluster_size=3",hub,0.25,30,2,40,1730,12,16,28,1714,0.3,0.0092485549132947,0.4285714285714285,0.5714285714285714,0.178795264525847
fbc_tfnbs,"e=1.3,h=8.0,n=30,start_thres=1.25,min_cluster_size=3",hub,0.25,30,2,40,1730,12,16,28,1714,0.3,0.0092485549132947,0.4285714285714285,0.5714285714285714,0.178795264525847
fbc_tfnbs,"e=1.3,h=9.0,n=30,start_thres=1.25,min_cluster_size=3",hub,0.25,30,2,40,1730,12,15,28,1715,0.3,0.0086705202312138,0.4444444444444444,0.5555555555555556,0.178795264525847
fbc_tfnbs,"e=1.3,h=10.0,n=30,start_thres=1.25,min_cluster_size=3",hub,0.25,30,2,40,1730,12,15,28,1715,0.3,0.0086705202312138,0.4444444444444444,0.5555555555555556,0.178795264525847
fbc_tfnbs,"e=1.4,h=0.5,n=30,start_thres=1.25,min_cluster_size=3",hub,0.25,30,2,40,1730,0,40,40,1690,0.0,0.0231213872832369,0.0,1.0,0.178795264525847
fbc_tfnbs,"e=1.4,h=1.0,n=30,start_thres=1.25,min_cluster_size=3",hub,0.25,30,2,40,1730,0,34,40,1696,0.0,0.0196531791907514,0.0,1.0,0.178795264525847
fbc_tfnbs,"e=1.4,h=2.0,n=30,start_thres=1.25,min_cluster_size=3",hub,0.25,30,2,40,1730,0,34,40,1696,0.0,0.0196531791907514,0.0,1.0,0.178795264525847
fbc_tfnbs,"e=1.4,h=3.0,n=30,start_thres=1.25,min_cluster_size=3",hub,0.25,30,2,40,1730,3,34,37,1696,0.075,0.0196531791907514,0.081081081081081,0.918918918918919,0.178795264525847
fbc_tfnbs,"e=1.4,h=4.0,n=30,start_thres=1.25,min_cluster_size=3",hub,0.25,30,2,40,1730,5,29,35,1701,0.125,0.0167630057803468,0.1470588235294117,0.8529411764705882,0.178795264525847
fbc_tfnbs,"e=1.4,h=5.0,n=30,start_thres=1.25,min_cluster_size=3",hub,0.25,30,2,40,1730,11,21,29,1709,0.275,0.0121387283236994,0.34375,0.65625,0.178795264525847
fbc_tfnbs,"e=1.4,h=6.0,n=30,start_thres=1.25,min_cluster_size=3",hub,0.25,30,2,40,1730,12,21,28,1709,0.3,0.0121387283236994,0.3636363636363636,0.6363636363636364,0.178795264525847
fbc_tfnbs,"e=1.4,h=7.0,n=30,start_thres=1.25,min_cluster_size=3",hub,0.25,30,2,40,1730,12,18,28,1712,0.3,0.0104046242774566,0.4,0.6,0.178795264525847
fbc_tfnbs,"e=1.4,h=8.0,n=30,start_thres=1.25,min_cluster_size=3",hub,0.25,30,2,40,1730,12,16,28,1714,0.3,0.0092485549132947,0.4285714285714285,0.5714285714285714,0.178795264525847
fbc_tfnbs,"e=1.4,h=9.0,n=30,start_thres=1.25,min_cluster_size=3",hub,0.25,30,2,40,1730,12,16,28,1714,0.3,0.0092485549132947,0.4285714285714285,0.5714285714285714,0.178795264525847
fbc_tfnbs,"e=1.4,h=10.0,n=30,start_thres=1.25,min_cluster_size=3",hub,0.25,30,2,40,1730,12,15,28,1715,0.3,0.0086705202312138,0.4444444444444444,0.5555555555555556,0.178795264525847
fbc_tfnbs,"e=1.5,h=0.5,n=30,start_thres=1.25,min_cluster_size=3",hub,0.25,30,2,40,1730,0,40,40,1690,0.0,0.0231213872832369,0.0,1.0,0.178795264525847
fbc_tfnbs,"e=1.5,h=1.0,n=30,start_thres=1.25,min_cluster_size=3",hub,0.25,30,2,40,1730,0,40,40,1690,0.0,0.0231213872832369,0.0,1.0,0.178795264525847
fbc_tfnbs,"e=1.5,h=2.0,n=30,start_thres=1.25,min_cluster_size=3",hub,0.25,30,2,40,1730,0,34,40,1696,0.0,0.0196531791907514,0.0,1.0,0.178795264525847
fbc_tfnbs,"e=1.5,h=3.0,n=30,start_thres=1.25,min_cluster_size=3",hub,0.25,30,2,40,1730,0,34,40,1696,0.0,0.0196531791907514,0.0,1.0,0.178795264525847
fbc_tfnbs,"e=1.5,h=4.0,n=30,start_thres=1.25,min_cluster_size=3",hub,0.25,30,2,40,1730,5,29,35,1701,0.125,0.0167630057803468,0.1470588235294117,0.8529411764705882,0.178795264525847
fbc_tfnbs,"e=1.5,h=5.0,n=30,start_thres=1.25,min_cluster_size=3",hub,0.25,30,2,40,1730,6,29,34,1701,0.15,0.0167630057803468,0.1714285714285714,0.8285714285714286,0.178795264525847
fbc_tfnbs,"e=1.5,h=6.0,n=30,start_thres=1.25,min_cluster_size=3",hub,0.25,30,2,40,1730,11,21,29,1709,0.275,0.0121387283236994,0.34375,0.65625,0.178795264525847
fbc_tfnbs,"e=1.5,h=7.0,n=30,start_thres=1.25,min_cluster_size=3",hub,0.25,30,2,40,1730,12,18,28,1712,0.3,0.0104046242774566,0.4,0.6,0.178795264525847
fbc_tfnbs,"e=1.5,h=8.0,n=30,start_thres=1.25,min_cluster_size=3",hub,0.25,30,2,40,1730,12,18,28,1712,0.3,0.0104046242774566,0.4,0.6,0.178795264525847
fbc_tfnbs,"e=1.5,h=9.0,n=30,start_thres=1.25,min_cluster_size=3",hub,0.25,30,2,40,1730,12,16,28,1714,0.3,0.0092485549132947,0.4285714285714285,0.5714285714285714,0.178795264525847
fbc_tfnbs,"e=1.5,h=10.0,n=30,start_thres=1.25,min_cluster_size=3",hub,0.25,30,2,40,1730,12,16,28,1714,0.3,0.0092485549132947,0.4285714285714285,0.5714285714285714,0.178795264525847
fbc_tfnbs,"e=0.05,h=0.5,n=30,start_thres=1.25,min_cluster_size=3",hub,0.25,30,3,40,1730,4,0,36,1730,0.1,0.0,1.0,0.0,0.1753800321709026
fbc_tfnbs,"e=0.05,h=1.0,n=30,start_thres=1.25,min_cluster_size=3",hub,0.25,30,3,40,1730,4,0,36,1730,0.1,0.0,1.0,0.0,0.1753800321709026
fbc_tfnbs,"e=0.05,h=2.0,n=30,start_thres=1.25,min_cluster_size=3",hub,0.25,30,3,40,1730,4,0,36,1730,0.1,0.0,1.0,0.0,0.1753800321709026
fbc_tfnbs,"e=0.05,h=3.0,n=30,start_thres=1.25,min_cluster_size=3",hub,0.25,30,3,40,1730,4,0,36,1730,0.1,0.0,1.0,0.0,0.1753800321709026
fbc_tfnbs,"e=0.05,h=4.0,n=30,start_thres=1.25,min_cluster_size=3",hub,0.25,30,3,40,1730,4,0,36,1730,0.1,0.0,1.0,0.0,0.1753800321709026
fbc_tfnbs,"e=0.05,h=5.0,n=30,start_thres=1.25,min_cluster_size=3",hub,0.25,30,3,40,1730,4,0,36,1730,0.1,0.0,1.0,0.0,0.1753800321709026
fbc_tfnbs,"e=0.05,h=6.0,n=30,start_thres=1.25,min_cluster_size=3",hub,0.25,30,3,40,1730,4,0,36,1730,0.1,0.0,1.0,0.0,0.1753800321709026
fbc_tfnbs,"e=0.05,h=7.0,n=30,start_thres=1.25,min_cluster_size=3",hub,0.25,30,3,40,1730,4,0,36,1730,0.1,0.0,1.0,0.0,0.1753800321709026
fbc_tfnbs,"e=0.05,h=8.0,n=30,start_thres=1.25,min_cluster_size=3",hub,0.25,30,3,40,1730,4,0,36,1730,0.1,0.0,1.0,0.0,0.1753800321709026
fbc_tfnbs,"e=0.05,h=9.0,n=30,start_thres=1.25,min_cluster_size=3",hub,0.25,30,3,40,1730,4,0,36,1730,0.1,0.0,1.0,0.0,0.1753800321709026
fbc_tfnbs,"e=0.05,h=10.0,n=30,start_thres=1.25,min_cluster_size=3",hub,0.25,30,3,40,1730,4,0,36,1730,0.1,0.0,1.0,0.0,0.1753800321709026
fbc_tfnbs,"e=0.1,h=0.5,n=30,start_thres=1.25,min_cluster_size=3",hub,0.25,30,3,40,1730,4,0,36,1730,0.1,0.0,1.0,0.0,0.1753800321709026
fbc_tfnbs,"e=0.1,h=1.0,n=30,start_thres=1.25,min_cluster_size=3",hub,0.25,30,3,40,1730,4,0,36,1730,0.1,0.0,1.0,0.0,0.1753800321709026
fbc_tfnbs,"e=0.1,h=2.0,n=30,start_thres=1.25,min_cluster_size=3",hub,0.25,30,3,40,1730,4,0,36,1730,0.1,0.0,1.0,0.0,0.1753800321709026
fbc_tfnbs,"e=0.1,h=3.0,n=30,start_thres=1.25,min_cluster_size=3",hub,0.25,30,3,40,1730,4,0,36,1730,0.1,0.0,1.0,0.0,0.1753800321709026
fbc_tfnbs,"e=0.1,h=4.0,n=30,start_thres=1.25,min_cluster_size=3",hub,0.25,30,3,40,1730,4,0,36,1730,0.1,0.0,1.0,0.0,0.1753800321709026
fbc_tfnbs,"e=0.1,h=5.0,n=30,start_thres=1.25,min_cluster_size=3",hub,0.25,30,3,40,1730,4,0,36,1730,0.1,0.0,1.0,0.0,0.1753800321709026
fbc_tfnbs,"e=0.1,h=6.0,n=30,start_thres=1.25,min_cluster_size=3",hub,0.25,30,3,40,1730,4,0,36,1730,0.1,0.0,1.0,0.0,0.1753800321709026
fbc_tfnbs,"e=0.1,h=7.0,n=30,start_thres=1.25,min_cluster_size=3",hub,0.25,30,3,40,1730,4,0,36,1730,0.1,0.0,1.0,0.0,0.1753800321709026
fbc_tfnbs,"e=0.1,h=8.0,n=30,start_thres=1.25,min_cluster_size=3",hub,0.25,30,3,40,1730,4,0,36,1730,0.1,0.0,1.0,0.0,0.1753800321709026
fbc_tfnbs,"e=0.1,h=9.0,n=30,start_thres=1.25,min_cluster_size=3",hub,0.25,30,3,40,1730,4,0,36,1730,0.1,0.0,1.0,0.0,0.1753800321709026
fbc_tfnbs,"e=0.1,h=10.0,n=30,start_thres=1.25,min_cluster_size=3",hub,0.25,30,3,40,1730,4,0,36,1730,0.1,0.0,1.0,0.0,0.1753800321709026
fbc_tfnbs,"e=0.2,h=0.5,n=30,start_thres=1.25,min_cluster_size=3",hub,0.25,30,3,40,1730,3,0,37,1730,0.075,0.0,1.0,0.0,0.1753800321709026
fbc_tfnbs,"e=0.2,h=1.0,n=30,start_thres=1.25,min_cluster_size=3",hub,0.25,30,3,40,1730,3,0,37,1730,0.075,0.0,1.0,0.0,0.1753800321709026
fbc_tfnbs,"e=0.2,h=2.0,n=30,start_thres=1.25,min_cluster_size=3",hub,0.25,30,3,40,1730,4,0,36,1730,0.1,0.0,1.0,0.0,0.1753800321709026
fbc_tfnbs,"e=0.2,h=3.0,n=30,start_thres=1.25,min_cluster_size=3",hub,0.25,30,3,40,1730,4,0,36,1730,0.1,0.0,1.0,0.0,0.1753800321709026
fbc_tfnbs,"e=0.2,h=4.0,n=30,start_thres=1.25,min_cluster_size=3",hub,0.25,30,3,40,1730,4,0,36,1730,0.1,0.0,1.0,0.0,0.1753800321709026
fbc_tfnbs,"e=0.2,h=5.0,n=30,start_thres=1.25,min_cluster_size=3",hub,0.25,30,3,40,1730,4,0,36,1730,0.1,0.0,1.0,0.0,0.1753800321709026
fbc_tfnbs,"e=0.2,h=6.0,n=30,start_thres=1.25,min_cluster_size=3",hub,0.25,30,3,40,1730,4,0,36,1730,0.1,0.0,1.0,0.0,0.1753800321709026
fbc_tfnbs,"e=0.2,h=7.0,n=30,start_thres=1.25,min_cluster_size=3",hub,0.25,30,3,40,1730,4,0,36,1730,0.1,0.0,1.0,0.0,0.1753800321709026
fbc_tfnbs,"e=0.2,h=8.0,n=30,start_thres=1.25,min_cluster_size=3",hub,0.25,30,3,40,1730,4,0,36,1730,0.1,0.0,1.0,0.0,0.1753800321709026
fbc_tfnbs,"e=0.2,h=9.0,n=30,start_thres=1.25,min_cluster_size=3",hub,0.25,30,3,40,1730,4,0,36,1730,0.1,0.0,1.0,0.0,0.1753800321709026
fbc_tfnbs,"e=0.2,h=10.0,n=30,start_thres=1.25,min_cluster_size=3",hub,0.25,30,3,40,1730,4,0,36,1730,0.1,0.0,1.0,0.0,0.1753800321709026
fbc_tfnbs,"e=0.3,h=0.5,n=30,start_thres=1.25,min_cluster_size=3",hub,0.25,30,3,40,1730,3,0,37,1730,0.075,0.0,1.0,0.0,0.1753800321709026
fbc_tfnbs,"e=0.3,h=1.0,n=30,start_thres=1.25,min_cluster_size=3",hub,0.25,30,3,40,1730,3,0,37,1730,0.075,0.0,1.0,0.0,0.1753800321709026
fbc_tfnbs,"e=0.3,h=2.0,n=30,start_thres=1.25,min_cluster_size=3",hub,0.25,30,3,40,1730,3,0,37,1730,0.075,0.0,1.0,0.0,0.1753800321709026
fbc_tfnbs,"e=0.3,h=3.0,n=30,start_thres=1.25,min_cluster_size=3",hub,0.25,30,3,40,1730,4,0,36,1730,0.1,0.0,1.0,0.0,0.1753800321709026
fbc_tfnbs,"e=0.3,h=4.0,n=30,start_thres=1.25,min_cluster_size=3",hub,0.25,30,3,40,1730,4,0,36,1730,0.1,0.0,1.0,0.0,0.1753800321709026
fbc_tfnbs,"e=0.3,h=5.0,n=30,start_thres=1.25,min_cluster_size=3",hub,0.25,30,3,40,1730,4,0,36,1730,0.1,0.0,1.0,0.0,0.1753800321709026
fbc_tfnbs,"e=0.3,h=6.0,n=30,start_thres=1.25,min_cluster_size=3",hub,0.25,30,3,40,1730,4,0,36,1730,0.1,0.0,1.0,0.0,0.1753800321709026
fbc_tfnbs,"e=0.3,h=7.0,n=30,start_thres=1.25,min_cluster_size=3",hub,0.25,30,3,40,1730,4,0,36,1730,0.1,0.0,1.0,0.0,0.1753800321709026
fbc_tfnbs,"e=0.3,h=8.0,n=30,start_thres=1.25,min_cluster_size=3",hub,0.25,30,3,40,1730,4,0,36,1730,0.1,0.0,1.0,0.0,0.1753800321709026
fbc_tfnbs,"e=0.3,h=9.0,n=30,start_thres=1.25,min_cluster_size=3",hub,0.25,30,3,40,1730,4,0,36,1730,0.1,0.0,1.0,0.0,0.1753800321709026
fbc_tfnbs,"e=0.3,h=10.0,n=30,start_thres=1.25,min_cluster_size=3",hub,0.25,30,3,40,1730,4,0,36,1730,0.1,0.0,1.0,0.0,0.1753800321709026
fbc_tfnbs,"e=0.4,h=0.5,n=30,start_thres=1.25,min_cluster_size=3",hub,0.25,30,3,40,1730,0,0,40,1730,0.0,0.0,0.0,0.0,0.1753800321709026
fbc_tfnbs,"e=0.4,h=1.0,n=30,start_thres=1.25,min_cluster_size=3",hub,0.25,30,3,40,1730,3,0,37,1730,0.075,0.0,1.0,0.0,0.1753800321709026
fbc_tfnbs,"e=0.4,h=2.0,n=30,start_thres=1.25,min_cluster_size=3",hub,0.25,30,3,40,1730,3,0,37,1730,0.075,0.0,1.0,0.0,0.1753800321709026
fbc_tfnbs,"e=0.4,h=3.0,n=30,start_thres=1.25,min_cluster_size=3",hub,0.25,30,3,40,1730,3,0,37,1730,0.075,0.0,1.0,0.0,0.1753800321709026
fbc_tfnbs,"e=0.4,h=4.0,n=30,start_thres=1.25,min_cluster_size=3",hub,0.25,30,3,40,1730,4,0,36,1730,0.1,0.0,1.0,0.0,0.1753800321709026
fbc_tfnbs,"e=0.4,h=5.0,n=30,start_thres=1.25,min_cluster_size=3",hub,0.25,30,3,40,1730,4,0,36,1730,0.1,0.0,1.0,0.0,0.1753800321709026
fbc_tfnbs,"e=0.4,h=6.0,n=30,start_thres=1.25,min_cluster_size=3",hub,0.25,30,3,40,1730,4,0,36,1730,0.1,0.0,1.0,0.0,0.1753800321709026
fbc_tfnbs,"e=0.4,h=7.0,n=30,start_thres=1.25,min_cluster_size=3",hub,0.25,30,3,40,1730,4,0,36,1730,0.1,0.0,1.0,0.0,0.1753800321709026
fbc_tfnbs,"e=0.4,h=8.0,n=30,start_thres=1.25,min_cluster_size=3",hub,0.25,30,3,40,1730,4,0,36,1730,0.1,0.0,1.0,0.0,0.1753800321709026
fbc_tfnbs,"e=0.4,h=9.0,n=30,start_thres=1.25,min_cluster_size=3",hub,0.25,30,3,40,1730,4,0,36,1730,0.1,0.0,1.0,0.0,0.1753800321709026
fbc_tfnbs,"e=0.4,h=10.0,n=30,start_thres=1.25,min_cluster_size=3",hub,0.25,30,3,40,1730,4,0,36,1730,0.1,0.0,1.0,0.0,0.1753800321709026
fbc_tfnbs,"e=0.5,h=0.5,n=30,start_thres=1.25,min_cluster_size=3",hub,0.25,30,3,40,1730,0,0,40,1730,0.0,0.0,0.0,0.0,0.1753800321709026
fbc_tfnbs,"e=0.5,h=1.0,n=30,start_thres=1.25,min_cluster_size=3",hub,0.25,30,3,40,1730,0,0,40,1730,0.0,0.0,0.0,0.0,0.1753800321709026
fbc_tfnbs,"e=0.5,h=2.0,n=30,start_thres=1.25,min_cluster_size=3",hub,0.25,30,3,40,1730,3,0,37,1730,0.075,0.0,1.0,0.0,0.1753800321709026
fbc_tfnbs,"e=0.5,h=3.0,n=30,start_thres=1.25,min_cluster_size=3",hub,0.25,30,3,40,1730,3,0,37,1730,0.075,0.0,1.0,0.0,0.1753800321709026
fbc_tfnbs,"e=0.5,h=4.0,n=30,start_thres=1.25,min_cluster_size=3",hub,0.25,30,3,40,1730,3,0,37,1730,0.075,0.0,1.0,0.0,0.1753800321709026
fbc_tfnbs,"e=0.5,h=5.0,n=30,start_thres=1.25,min_cluster_size=3",hub,0.25,30,3,40,1730,4,0,36,1730,0.1,0.0,1.0,0.0,0.1753800321709026
fbc_tfnbs,"e=0.5,h=6.0,n=30,start_thres=1.25,min_cluster_size=3",hub,0.25,30,3,40,1730,4,0,36,1730,0.1,0.0,1.0,0.0,0.1753800321709026
fbc_tfnbs,"e=0.5,h=7.0,n=30,start_thres=1.25,min_cluster_size=3",hub,0.25,30,3,40,1730,4,0,36,1730,0.1,0.0,1.0,0.0,0.1753800321709026
fbc_tfnbs,"e=0.5,h=8.0,n=30,start_thres=1.25,min_cluster_size=3",hub,0.25,30,3,40,1730,4,0,36,1730,0.1,0.0,1.0,0.0,0.1753800321709026
fbc_tfnbs,"e=0.5,h=9.0,n=30,start_thres=1.25,min_cluster_size=3",hub,0.25,30,3,40,1730,4,0,36,1730,0.1,0.0,1.0,0.0,0.1753800321709026
fbc_tfnbs,"e=0.5,h=10.0,n=30,start_thres=1.25,min_cluster_size=3",hub,0.25,30,3,40,1730,4,0,36,1730,0.1,0.0,1.0,0.0,0.1753800321709026
fbc_tfnbs,"e=0.6,h=0.5,n=30,start_thres=1.25,min_cluster_size=3",hub,0.25,30,3,40,1730,0,0,40,1730,0.0,0.0,0.0,0.0,0.1753800321709026
fbc_tfnbs,"e=0.6,h=1.0,n=30,start_thres=1.25,min_cluster_size=3",hub,0.25,30,3,40,1730,0,0,40,1730,0.0,0.0,0.0,0.0,0.1753800321709026
fbc_tfnbs,"e=0.6,h=2.0,n=30,start_thres=1.25,min_cluster_size=3",hub,0.25,30,3,40,1730,3,0,37,1730,0.075,0.0,1.0,0.0,0.1753800321709026
fbc_tfnbs,"e=0.6,h=3.0,n=30,start_thres=1.25,min_cluster_size=3",hub,0.25,30,3,40,1730,3,0,37,1730,0.075,0.0,1.0,0.0,0.1753800321709026
fbc_tfnbs,"e=0.6,h=4.0,n=30,start_thres=1.25,min_cluster_size=3",hub,0.25,30,3,40,1730,3,0,37,1730,0.075,0.0,1.0,0.0,0.1753800321709026
fbc_tfnbs,"e=0.6,h=5.0,n=30,start_thres=1.25,min_cluster_size=3",hub,0.25,30,3,40,1730,4,0,36,1730,0.1,0.0,1.0,0.0,0.1753800321709026
fbc_tfnbs,"e=0.6,h=6.0,n=30,start_thres=1.25,min_cluster_size=3",hub,0.25,30,3,40,1730,4,0,36,1730,0.1,0.0,1.0,0.0,0.1753800321709026
fbc_tfnbs,"e=0.6,h=7.0,n=30,start_thres=1.25,min_cluster_size=3",hub,0.25,30,3,40,1730,4,0,36,1730,0.1,0.0,1.0,0.0,0.1753800321709026
fbc_tfnbs,"e=0.6,h=8.0,n=30,start_thres=1.25,min_cluster_size=3",hub,0.25,30,3,40,1730,4,0,36,1730,0.1,0.0,1.0,0.0,0.1753800321709026
fbc_tfnbs,"e=0.6,h=9.0,n=30,start_thres=1.25,min_cluster_size=3",hub,0.25,30,3,40,1730,4,0,36,1730,0.1,0.0,1.0,0.0,0.1753800321709026
fbc_tfnbs,"e=0.6,h=10.0,n=30,start_thres=1.25,min_cluster_size=3",hub,0.25,30,3,40,1730,4,0,36,1730,0.1,0.0,1.0,0.0,0.1753800321709026
fbc_tfnbs,"e=0.7,h=0.5,n=30,start_thres=1.25,min_cluster_size=3",hub,0.25,30,3,40,1730,0,0,40,1730,0.0,0.0,0.0,0.0,0.1753800321709026
fbc_tfnbs,"e=0.7,h=1.0,n=30,start_thres=1.25,min_cluster_size=3",hub,0.25,30,3,40,1730,0,0,40,1730,0.0,0.0,0.0,0.0,0.1753800321709026
fbc_tfnbs,"e=0.7,h=2.0,n=30,start_thres=1.25,min_cluster_size=3",hub,0.25,30,3,40,1730,0,0,40,1730,0.0,0.0,0.0,0.0,0.1753800321709026
fbc_tfnbs,"e=0.7,h=3.0,n=30,start_thres=1.25,min_cluster_size=3",hub,0.25,30,3,40,1730,3,0,37,1730,0.075,0.0,1.0,0.0,0.1753800321709026
fbc_tfnbs,"e=0.7,h=4.0,n=30,start_thres=1.25,min_cluster_size=3",hub,0.25,30,3,40,1730,3,0,37,1730,0.075,0.0,1.0,0.0,0.1753800321709026
fbc_tfnbs,"e=0.7,h=5.0,n=30,start_thres=1.25,min_cluster_size=3",hub,0.25,30,3,40,1730,3,0,37,1730,0.075,0.0,1.0,0.0,0.1753800321709026
fbc_tfnbs,"e=0.7,h=6.0,n=30,start_thres=1.25,min_cluster_size=3",hub,0.25,30,3,40,1730,4,0,36,1730,0.1,0.0,1.0,0.0,0.1753800321709026
fbc_tfnbs,"e=0.7,h=7.0,n=30,start_thres=1.25,min_cluster_size=3",hub,0.25,30,3,40,1730,4,0,36,1730,0.1,0.0,1.0,0.0,0.1753800321709026
fbc_tfnbs,"e=0.7,h=8.0,n=30,start_thres=1.25,min_cluster_size=3",hub,0.25,30,3,40,1730,4,0,36,1730,0.1,0.0,1.0,0.0,0.1753800321709026
fbc_tfnbs,"e=0.7,h=9.0,n=30,start_thres=1.25,min_cluster_size=3",hub,0.25,30,3,40,1730,4,0,36,1730,0.1,0.0,1.0,0.0,0.1753800321709026
fbc_tfnbs,"e=0.7,h=10.0,n=30,start_thres=1.25,min_cluster_size=3",hub,0.25,30,3,40,1730,4,0,36,1730,0.1,0.0,1.0,0.0,0.1753800321709026
fbc_tfnbs,"e=0.8,h=0.5,n=30,start_thres=1.25,min_cluster_size=3",hub,0.25,30,3,40,1730,0,0,40,1730,0.0,0.0,0.0,0.0,0.1753800321709026
fbc_tfnbs,"e=0.8,h=1.0,n=30,start_thres=1.25,min_cluster_size=3",hub,0.25,30,3,40,1730,0,0,40,1730,0.0,0.0,0.0,0.0,0.1753800321709026
fbc_tfnbs,"e=0.8,h=2.0,n=30,start_thres=1.25,min_cluster_size=3",hub,0.25,30,3,40,1730,0,0,40,1730,0.0,0.0,0.0,0.0,0.1753800321709026
fbc_tfnbs,"e=0.8,h=3.0,n=30,start_thres=1.25,min_cluster_size=3",hub,0.25,30,3,40,1730,0,0,40,1730,0.0,0.0,0.0,0.0,0.1753800321709026
fbc_tfnbs,"e=0.8,h=4.0,n=30,start_thres=1.25,min_cluster_size=3",hub,0.25,30,3,40,1730,3,0,37,1730,0.075,0.0,1.0,0.0,0.1753800321709026
fbc_tfnbs,"e=0.8,h=5.0,n=30,start_thres=1.25,min_cluster_size=3",hub,0.25,30,3,40,1730,3,0,37,1730,0.075,0.0,1.0,0.0,0.1753800321709026
fbc_tfnbs,"e=0.8,h=6.0,n=30,start_thres=1.25,min_cluster_size=3",hub,0.25,30,3,40,1730,3,0,37,1730,0.075,0.0,1.0,0.0,0.1753800321709026
fbc_tfnbs,"e=0.8,h=7.0,n=30,start_thres=1.25,min_cluster_size=3",hub,0.25,30,3,40,1730,4,0,36,1730,0.1,0.0,1.0,0.0,0.1753800321709026
fbc_tfnbs,"e=0.8,h=8.0,n=30,start_thres=1.25,min_cluster_size=3",hub,0.25,30,3,40,1730,4,0,36,1730,0.1,0.0,1.0,0.0,0.1753800321709026
fbc_tfnbs,"e=0.8,h=9.0,n=30,start_thres=1.25,min_cluster_size=3",hub,0.25,30,3,40,1730,4,0,36,1730,0.1,0.0,1.0,0.0,0.1753800321709026
fbc_tfnbs,"e=0.8,h=10.0,n=30,start_thres=1.25,min_cluster_size=3",hub,0.25,30,3,40,1730,4,0,36,1730,0.1,0.0,1.0,0.0,0.1753800321709026
fbc_tfnbs,"e=0.9,h=0.5,n=30,start_thres=1.25,min_cluster_size=3",hub,0.25,30,3,40,1730,0,0,40,1730,0.0,0.0,0.0,0.0,0.1753800321709026
fbc_tfnbs,"e=0.9,h=1.0,n=30,start_thres=1.25,min_cluster_size=3",hub,0.25,30,3,40,1730,0,0,40,1730,0.0,0.0,0.0,0.0,0.1753800321709026
fbc_tfnbs,"e=0.9,h=2.0,n=30,start_thres=1.25,min_cluster_size=3",hub,0.25,30,3,40,1730,0,0,40,1730,0.0,0.0,0.0,0.0,0.1753800321709026
fbc_tfnbs,"e=0.9,h=3.0,n=30,start_thres=1.25,min_cluster_size=3",hub,0.25,30,3,40,1730,0,0,40,1730,0.0,0.0,0.0,0.0,0.1753800321709026
fbc_tfnbs,"e=0.9,h=4.0,n=30,start_thres=1.25,min_cluster_size=3",hub,0.25,30,3,40,1730,3,0,37,1730,0.075,0.0,1.0,0.0,0.1753800321709026
fbc_tfnbs,"e=0.9,h=5.0,n=30,start_thres=1.25,min_cluster_size=3",hub,0.25,30,3,40,1730,3,0,37,1730,0.075,0.0,1.0,0.0,0.1753800321709026
fbc_tfnbs,"e=0.9,h=6.0,n=30,start_thres=1.25,min_cluster_size=3",hub,0.25,30,3,40,1730,3,0,37,1730,0.075,0.0,1.0,0.0,0.1753800321709026
fbc_tfnbs,"e=0.9,h=7.0,n=30,start_thres=1.25,min_cluster_size=3",hub,0.25,30,3,40,1730,4,0,36,1730,0.1,0.0,1.0,0.0,0.1753800321709026
fbc_tfnbs,"e=0.9,h=8.0,n=30,start_thres=1.25,min_cluster_size=3",hub,0.25,30,3,40,1730,4,0,36,1730,0.1,0.0,1.0,0.0,0.1753800321709026
fbc_tfnbs,"e=0.9,h=9.0,n=30,start_thres=1.25,min_cluster_size=3",hub,0.25,30,3,40,1730,4,0,36,1730,0.1,0.0,1.0,0.0,0.1753800321709026
fbc_tfnbs,"e=0.9,h=10.0,n=30,start_thres=1.25,min_cluster_size=3",hub,0.25,30,3,40,1730,4,0,36,1730,0.1,0.0,1.0,0.0,0.1753800321709026
fbc_tfnbs,"e=1.0,h=0.5,n=30,start_thres=1.25,min_cluster_size=3",hub,0.25,30,3,40,1730,0,0,40,1730,0.0,0.0,0.0,0.0,0.1753800321709026
fbc_tfnbs,"e=1.0,h=1.0,n=30,start_thres=1.25,min_cluster_size=3",hub,0.25,30,3,40,1730,0,0,40,1730,0.0,0.0,0.0,0.0,0.1753800321709026
fbc_tfnbs,"e=1.0,h=2.0,n=30,start_thres=1.25,min_cluster_size=3",hub,0.25,30,3,40,1730,0,0,40,1730,0.0,0.0,0.0,0.0,0.1753800321709026
fbc_tfnbs,"e=1.0,h=3.0,n=30,start_thres=1.25,min_cluster_size=3",hub,0.25,30,3,40,1730,0,0,40,1730,0.0,0.0,0.0,0.0,0.1753800321709026
fbc_tfnbs,"e=1.0,h=4.0,n=30,start_thres=1.25,min_cluster_size=3",hub,0.25,30,3,40,1730,0,0,40,1730,0.0,0.0,0.0,0.0,0.1753800321709026
fbc_tfnbs,"e=1.0,h=5.0,n=30,start_thres=1.25,min_cluster_size=3",hub,0.25,30,3,40,1730,3,0,37,1730,0.075,0.0,1.0,0.0,0.1753800321709026
fbc_tfnbs,"e=1.0,h=6.0,n=30,start_thres=1.25,min_cluster_size=3",hub,0.25,30,3,40,1730,3,0,37,1730,0.075,0.0,1.0,0.0,0.1753800321709026
fbc_tfnbs,"e=1.0,h=7.0,n=30,start_thres=1.25,min_cluster_size=3",hub,0.25,30,3,40,1730,3,0,37,1730,0.075,0.0,1.0,0.0,0.1753800321709026
fbc_tfnbs,"e=1.0,h=8.0,n=30,start_thres=1.25,min_cluster_size=3",hub,0.25,30,3,40,1730,4,0,36,1730,0.1,0.0,1.0,0.0,0.1753800321709026
fbc_tfnbs,"e=1.0,h=9.0,n=30,start_thres=1.25,min_cluster_size=3",hub,0.25,30,3,40,1730,4,0,36,1730,0.1,0.0,1.0,0.0,0.1753800321709026
fbc_tfnbs,"e=1.0,h=10.0,n=30,start_thres=1.25,min_cluster_size=3",hub,0.25,30,3,40,1730,4,0,36,1730,0.1,0.0,1.0,0.0,0.1753800321709026
fbc_tfnbs,"e=1.1,h=0.5,n=30,start_thres=1.25,min_cluster_size=3",hub,0.25,30,3,40,1730,0,0,40,1730,0.0,0.0,0.0,0.0,0.1753800321709026
fbc_tfnbs,"e=1.1,h=1.0,n=30,start_thres=1.25,min_cluster_size=3",hub,0.25,30,3,40,1730,0,0,40,1730,0.0,0.0,0.0,0.0,0.1753800321709026
fbc_tfnbs,"e=1.1,h=2.0,n=30,start_thres=1.25,min_cluster_size=3",hub,0.25,30,3,40,1730,0,0,40,1730,0.0,0.0,0.0,0.0,0.1753800321709026
fbc_tfnbs,"e=1.1,h=3.0,n=30,start_thres=1.25,min_cluster_size=3",hub,0.25,30,3,40,1730,0,0,40,1730,0.0,0.0,0.0,0.0,0.1753800321709026
fbc_tfnbs,"e=1.1,h=4.0,n=30,start_thres=1.25,min_cluster_size=3",hub,0.25,30,3,40,1730,0,0,40,1730,0.0,0.0,0.0,0.0,0.1753800321709026
fbc_tfnbs,"e=1.1,h=5.0,n=30,start_thres=1.25,min_cluster_size=3",hub,0.25,30,3,40,1730,3,0,37,1730,0.075,0.0,1.0,0.0,0.1753800321709026
fbc_tfnbs,"e=1.1,h=6.0,n=30,start_thres=1.25,min_cluster_size=3",hub,0.25,30,3,40,1730,3,0,37,1730,0.075,0.0,1.0,0.0,0.1753800321709026
fbc_tfnbs,"e=1.1,h=7.0,n=30,start_thres=1.25,min_cluster_size=3",hub,0.25,30,3,40,1730,3,0,37,1730,0.075,0.0,1.0,0.0,0.1753800321709026
fbc_tfnbs,"e=1.1,h=8.0,n=30,start_thres=1.25,min_cluster_size=3",hub,0.25,30,3,40,1730,4,0,36,1730,0.1,0.0,1.0,0.0,0.1753800321709026
fbc_tfnbs,"e=1.1,h=9.0,n=30,start_thres=1.25,min_cluster_size=3",hub,0.25,30,3,40,1730,4,0,36,1730,0.1,0.0,1.0,0.0,0.1753800321709026
fbc_tfnbs,"e=1.1,h=10.0,n=30,start_thres=1.25,min_cluster_size=3",hub,0.25,30,3,40,1730,4,0,36,1730,0.1,0.0,1.0,0.0,0.1753800321709026
fbc_tfnbs,"e=1.2,h=0.5,n=30,start_thres=1.25,min_cluster_size=3",hub,0.25,30,3,40,1730,0,0,40,1730,0.0,0.0,0.0,0.0,0.1753800321709026
fbc_tfnbs,"e=1.2,h=1.0,n=30,start_thres=1.25,min_cluster_size=3",hub,0.25,30,3,40,1730,0,0,40,1730,0.0,0.0,0.0,0.0,0.1753800321709026
fbc_tfnbs,"e=1.2,h=2.0,n=30,start_thres=1.25,min_cluster_size=3",hub,0.25,30,3,40,1730,0,0,40,1730,0.0,0.0,0.0,0.0,0.1753800321709026
fbc_tfnbs,"e=1.2,h=3.0,n=30,start_thres=1.25,min_cluster_size=3",hub,0.25,30,3,40,1730,0,0,40,1730,0.0,0.0,0.0,0.0,0.1753800321709026
fbc_tfnbs,"e=1.2,h=4.0,n=30,start_thres=1.25,min_cluster_size=3",hub,0.25,30,3,40,1730,0,0,40,1730,0.0,0.0,0.0,0.0,0.1753800321709026
fbc_tfnbs,"e=1.2,h=5.0,n=30,start_thres=1.25,min_cluster_size=3",hub,0.25,30,3,40,1730,0,0,40,1730,0.0,0.0,0.0,0.0,0.1753800321709026
fbc_tfnbs,"e=1.2,h=6.0,n=30,start_thres=1.25,min_cluster_size=3",hub,0.25,30,3,40,1730,3,0,37,1730,0.075,0.0,1.0,0.0,0.1753800321709026
fbc_tfnbs,"e=1.2,h=7.0,n=30,start_thres=1.25,min_cluster_size=3",hub,0.25,30,3,40,1730,3,0,37,1730,0.075,0.0,1.0,0.0,0.1753800321709026
fbc_tfnbs,"e=1.2,h=8.0,n=30,start_thres=1.25,min_cluster_size=3",hub,0.25,30,3,40,1730,3,0,37,1730,0.075,0.0,1.0,0.0,0.1753800321709026
fbc_tfnbs,"e=1.2,h=9.0,n=30,start_thres=1.25,min_cluster_size=3",hub,0.25,30,3,40,1730,4,0,36,1730,0.1,0.0,1.0,0.0,0.1753800321709026
fbc_tfnbs,"e=1.2,h=10.0,n=30,start_thres=1.25,min_cluster_size=3",hub,0.25,30,3,40,1730,4,0,36,1730,0.1,0.0,1.0,0.0,0.1753800321709026
fbc_tfnbs,"e=1.3,h=0.5,n=30,start_thres=1.25,min_cluster_size=3",hub,0.25,30,3,40,1730,0,0,40,1730,0.0,0.0,0.0,0.0,0.1753800321709026
fbc_tfnbs,"e=1.3,h=1.0,n=30,start_thres=1.25,min_cluster_size=3",hub,0.25,30,3,40,1730,0,0,40,1730,0.0,0.0,0.0,0.0,0.1753800321709026
fbc_tfnbs,"e=1.3,h=2.0,n=30,start_thres=1.25,min_cluster_size=3",hub,0.25,30,3,40,1730,0,0,40,1730,0.0,0.0,0.0,0.0,0.1753800321709026
fbc_tfnbs,"e=1.3,h=3.0,n=30,start_thres=1.25,min_cluster_size=3",hub,0.25,30,3,40,1730,0,0,40,1730,0.0,0.0,0.0,0.0,0.1753800321709026
fbc_tfnbs,"e=1.3,h=4.0,n=30,start_thres=1.25,min_cluster_size=3",hub,0.25,30,3,40,1730,0,0,40,1730,0.0,0.0,0.0,0.0,0.1753800321709026
fbc_tfnbs,"e=1.3,h=5.0,n=30,start_thres=1.25,min_cluster_size=3",hub,0.25,30,3,40,1730,0,0,40,1730,0.0,0.0,0.0,0.0,0.1753800321709026
fbc_tfnbs,"e=1.3,h=6.0,n=30,start_thres=1.25,min_cluster_size=3",hub,0.25,30,3,40,1730,3,0,37,1730,0.075,0.0,1.0,0.0,0.1753800321709026
fbc_tfnbs,"e=1.3,h=7.0,n=30,start_thres=1.25,min_cluster_size=3",hub,0.25,30,3,40,1730,3,0,37,1730,0.075,0.0,1.0,0.0,0.1753800321709026
fbc_tfnbs,"e=1.3,h=8.0,n=30,start_thres=1.25,min_cluster_size=3",hub,0.25,30,3,40,1730,3,0,37,1730,0.075,0.0,1.0,0.0,0.1753800321709026
fbc_tfnbs,"e=1.3,h=9.0,n=30,start_thres=1.25,min_cluster_size=3",hub,0.25,30,3,40,1730,4,0,36,1730,0.1,0.0,1.0,0.0,0.1753800321709026
fbc_tfnbs,"e=1.3,h=10.0,n=30,start_thres=1.25,min_cluster_size=3",hub,0.25,30,3,40,1730,4,0,36,1730,0.1,0.0,1.0,0.0,0.1753800321709026
fbc_tfnbs,"e=1.4,h=0.5,n=30,start_thres=1.25,min_cluster_size=3",hub,0.25,30,3,40,1730,0,0,40,1730,0.0,0.0,0.0,0.0,0.1753800321709026
fbc_tfnbs,"e=1.4,h=1.0,n=30,start_thres=1.25,min_cluster_size=3",hub,0.25,30,3,40,1730,0,0,40,1730,0.0,0.0,0.0,0.0,0.1753800321709026
fbc_tfnbs,"e=1.4,h=2.0,n=30,start_thres=1.25,min_cluster_size=3",hub,0.25,30,3,40,1730,0,0,40,1730,0.0,0.0,0.0,0.0,0.1753800321709026
fbc_tfnbs,"e=1.4,h=3.0,n=30,start_thres=1.25,min_cluster_size=3",hub,0.25,30,3,40,1730,0,0,40,1730,0.0,0.0,0.0,0.0,0.1753800321709026
fbc_tfnbs,"e=1.4,h=4.0,n=30,start_thres=1.25,min_cluster_size=3",hub,0.25,30,3,40,1730,0,0,40,1730,0.0,0.0,0.0,0.0,0.1753800321709026
fbc_tfnbs,"e=1.4,h=5.0,n=30,start_thres=1.25,min_cluster_size=3",hub,0.25,30,3,40,1730,0,0,40,1730,0.0,0.0,0.0,0.0,0.1753800321709026
fbc_tfnbs,"e=1.4,h=6.0,n=30,start_thres=1.25,min_cluster_size=3",hub,0.25,30,3,40,1730,3,0,37,1730,0.075,0.0,1.0,0.0,0.1753800321709026
fbc_tfnbs,"e=1.4,h=7.0,n=30,start_thres=1.25,min_cluster_size=3",hub,0.25,30,3,40,1730,3,0,37,1730,0.075,0.0,1.0,0.0,0.1753800321709026
fbc_tfnbs,"e=1.4,h=8.0,n=30,start_thres=1.25,min_cluster_size=3",hub,0.25,30,3,40,1730,3,0,37,1730,0.075,0.0,1.0,0.0,0.1753800321709026
fbc_tfnbs,"e=1.4,h=9.0,n=30,start_thres=1.25,min_cluster_size=3",hub,0.25,30,3,40,1730,3,0,37,1730,0.075,0.0,1.0,0.0,0.1753800321709026
fbc_tfnbs,"e=1.4,h=10.0,n=30,start_thres=1.25,min_cluster_size=3",hub,0.25,30,3,40,1730,4,0,36,1730,0.1,0.0,1.0,0.0,0.1753800321709026
fbc_tfnbs,"e=1.5,h=0.5,n=30,start_thres=1.25,min_cluster_size=3",hub,0.25,30,3,40,1730,0,0,40,1730,0.0,0.0,0.0,0.0,0.1753800321709026
fbc_tfnbs,"e=1.5,h=1.0,n=30,start_thres=1.25,min_cluster_size=3",hub,0.25,30,3,40,1730,0,0,40,1730,0.0,0.0,0.0,0.0,0.1753800321709026
fbc_tfnbs,"e=1.5,h=2.0,n=30,start_thres=1.25,min_cluster_size=3",hub,0.25,30,3,40,1730,0,0,40,1730,0.0,0.0,0.0,0.0,0.1753800321709026
fbc_tfnbs,"e=1.5,h=3.0,n=30,start_thres=1.25,min_cluster_size=3",hub,0.25,30,3,40,1730,0,0,40,1730,0.0,0.0,0.0,0.0,0.1753800321709026
fbc_tfnbs,"e=1.5,h=4.0,n=30,start_thres=1.25,min_cluster_size=3",hub,0.25,30,3,40,1730,0,0,40,1730,0.0,0.0,0.0,0.0,0.1753800321709026
fbc_tfnbs,"e=1.5,h=5.0,n=30,start_thres=1.25,min_cluster_size=3",hub,0.25,30,3,40,1730,0,0,40,1730,0.0,0.0,0.0,0.0,0.1753800321709026
fbc_tfnbs,"e=1.5,h=6.0,n=30,start_thres=1.25,min_cluster_size=3",hub,0.25,30,3,40,1730,0,0,40,1730,0.0,0.0,0.0,0.0,0.1753800321709026
fbc_tfnbs,"e=1.5,h=7.0,n=30,start_thres=1.25,min_cluster_size=3",hub,0.25,30,3,40,1730,3,0,37,1730,0.075,0.0,1.0,0.0,0.1753800321709026
fbc_tfnbs,"e=1.5,h=8.0,n=30,start_thres=1.25,min_cluster_size=3",hub,0.25,30,3,40,1730,3,0,37,1730,0.075,0.0,1.0,0.0,0.1753800321709026
fbc_tfnbs,"e=1.5,h=9.0,n=30,start_thres=1.25,min_cluster_size=3",hub,0.25,30,3,40,1730,3,0,37,1730,0.075,0.0,1.0,0.0,0.1753800321709026
fbc_tfnbs,"e=1.5,h=10.0,n=30,start_thres=1.25,min_cluster_size=3",hub,0.25,30,3,40,1730,4,0,36,1730,0.1,0.0,1.0,0.0,0.1753800321709026
fbc_tfnbs,"e=0.05,h=0.5,n=30,start_thres=1.25,min_cluster_size=3",hub,0.25,30,4,40,1730,16,2,24,1728,0.4,0.0011560693641618,0.8888888888888888,0.1111111111111111,0.1799478517337278
fbc_tfnbs,"e=0.05,h=1.0,n=30,start_thres=1.25,min_cluster_size=3",hub,0.25,30,4,40,1730,16,2,24,1728,0.4,0.0011560693641618,0.8888888888888888,0.1111111111111111,0.1799478517337278
fbc_tfnbs,"e=0.05,h=2.0,n=30,start_thres=1.25,min_cluster_size=3",hub,0.25,30,4,40,1730,16,2,24,1728,0.4,0.0011560693641618,0.8888888888888888,0.1111111111111111,0.1799478517337278
fbc_tfnbs,"e=0.05,h=3.0,n=30,start_thres=1.25,min_cluster_size=3",hub,0.25,30,4,40,1730,16,5,24,1725,0.4,0.0028901734104046,0.7619047619047619,0.238095238095238,0.1799478517337278
fbc_tfnbs,"e=0.05,h=4.0,n=30,start_thres=1.25,min_cluster_size=3",hub,0.25,30,4,40,1730,16,5,24,1725,0.4,0.0028901734104046,0.7619047619047619,0.238095238095238,0.1799478517337278
fbc_tfnbs,"e=0.05,h=5.0,n=30,start_thres=1.25,min_cluster_size=3",hub,0.25,30,4,40,1730,16,5,24,1725,0.4,0.0028901734104046,0.7619047619047619,0.238095238095238,0.1799478517337278
fbc_tfnbs,"e=0.05,h=6.0,n=30,start_thres=1.25,min_cluster_size=3",hub,0.25,30,4,40,1730,16,5,24,1725,0.4,0.0028901734104046,0.7619047619047619,0.238095238095238,0.1799478517337278
fbc_tfnbs,"e=0.05,h=7.0,n=30,start_thres=1.25,min_cluster_size=3",hub,0.25,30,4,40,1730,16,5,24,1725,0.4,0.0028901734104046,0.7619047619047619,0.238095238095238,0.1799478517337278
fbc_tfnbs,"e=0.05,h=8.0,n=30,start_thres=1.25,min_cluster_size=3",hub,0.25,30,4,40,1730,16,5,24,1725,0.4,0.0028901734104046,0.7619047619047619,0.238095238095238,0.1799478517337278
fbc_tfnbs,"e=0.05,h=9.0,n=30,start_thres=1.25,min_cluster_size=3",hub,0.25,30,4,40,1730,16,5,24,1725,0.4,0.0028901734104046,0.7619047619047619,0.238095238095238,0.1799478517337278
fbc_tfnbs,"e=0.05,h=10.0,n=30,start_thres=1.25,min_cluster_size=3",hub,0.25,30,4,40,1730,16,5,24,1725,0.4,0.0028901734104046,0.7619047619047619,0.238095238095238,0.1799478517337278
fbc_tfnbs,"e=0.1,h=0.5,n=30,start_thres=1.25,min_cluster_size=3",hub,0.25,30,4,40,1730,16,2,24,1728,0.4,0.0011560693641618,0.8888888888888888,0.1111111111111111,0.1799478517337278
fbc_tfnbs,"e=0.1,h=1.0,n=30,start_thres=1.25,min_cluster_size=3",hub,0.25,30,4,40,1730,16,2,24,1728,0.4,0.0011560693641618,0.8888888888888888,0.1111111111111111,0.1799478517337278
fbc_tfnbs,"e=0.1,h=2.0,n=30,start_thres=1.25,min_cluster_size=3",hub,0.25,30,4,40,1730,16,2,24,1728,0.4,0.0011560693641618,0.8888888888888888,0.1111111111111111,0.1799478517337278
fbc_tfnbs,"e=0.1,h=3.0,n=30,start_thres=1.25,min_cluster_size=3",hub,0.25,30,4,40,1730,16,2,24,1728,0.4,0.0011560693641618,0.8888888888888888,0.1111111111111111,0.1799478517337278
fbc_tfnbs,"e=0.1,h=4.0,n=30,start_thres=1.25,min_cluster_size=3",hub,0.25,30,4,40,1730,16,2,24,1728,0.4,0.0011560693641618,0.8888888888888888,0.1111111111111111,0.1799478517337278
fbc_tfnbs,"e=0.1,h=5.0,n=30,start_thres=1.25,min_cluster_size=3",hub,0.25,30,4,40,1730,16,2,24,1728,0.4,0.0011560693641618,0.8888888888888888,0.1111111111111111,0.1799478517337278
fbc_tfnbs,"e=0.1,h=6.0,n=30,start_thres=1.25,min_cluster_size=3",hub,0.25,30,4,40,1730,16,5,24,1725,0.4,0.0028901734104046,0.7619047619047619,0.238095238095238,0.1799478517337278
fbc_tfnbs,"e=0.1,h=7.0,n=30,start_thres=1.25,min_cluster_size=3",hub,0.25,30,4,40,1730,16,5,24,1725,0.4,0.0028901734104046,0.7619047619047619,0.238095238095238,0.1799478517337278
fbc_tfnbs,"e=0.1,h=8.0,n=30,start_thres=1.25,min_cluster_size=3",hub,0.25,30,4,40,1730,16,5,24,1725,0.4,0.0028901734104046,0.7619047619047619,0.238095238095238,0.1799478517337278
fbc_tfnbs,"e=0.1,h=9.0,n=30,start_thres=1.25,min_cluster_size=3",hub,0.25,30,4,40,1730,16,5,24,1725,0.4,0.0028901734104046,0.7619047619047619,0.238095238095238,0.1799478517337278
fbc_tfnbs,"e=0.1,h=10.0,n=30,start_thres=1.25,min_cluster_size=3",hub,0.25,30,4,40,1730,16,5,24,1725,0.4,0.0028901734104046,0.7619047619047619,0.238095238095238,0.1799478517337278
fbc_tfnbs,"e=0.2,h=0.5,n=30,start_thres=1.25,min_cluster_size=3",hub,0.25,30,4,40,1730,18,2,22,1728,0.45,0.0011560693641618,0.9,0.1,0.1799478517337278
fbc_tfnbs,"e=0.2,h=1.0,n=30,start_thres=1.25,min_cluster_size=3",hub,0.25,30,4,40,1730,18,2,22,1728,0.45,0.0011560693641618,0.9,0.1,0.1799478517337278
fbc_tfnbs,"e=0.2,h=2.0,n=30,start_thres=1.25,min_cluster_size=3",hub,0.25,30,4,40,1730,16,2,24,1728,0.4,0.0011560693641618,0.8888888888888888,0.1111111111111111,0.1799478517337278
fbc_tfnbs,"e=0.2,h=3.0,n=30,start_thres=1.25,min_cluster_size=3",hub,0.25,30,4,40,1730,16,2,24,1728,0.4,0.0011560693641618,0.8888888888888888,0.1111111111111111,0.1799478517337278
fbc_tfnbs,"e=0.2,h=4.0,n=30,start_thres=1.25,min_cluster_size=3",hub,0.25,30,4,40,1730,16,2,24,1728,0.4,0.0011560693641618,0.8888888888888888,0.1111111111111111,0.1799478517337278
fbc_tfnbs,"e=0.2,h=5.0,n=30,start_thres=1.25,min_cluster_size=3",hub,0.25,30,4,40,1730,16,2,24,1728,0.4,0.0011560693641618,0.8888888888888888,0.1111111111111111,0.1799478517337278
fbc_tfnbs,"e=0.2,h=6.0,n=30,start_thres=1.25,min_cluster_size=3",hub,0.25,30,4,40,1730,16,2,24,1728,0.4,0.0011560693641618,0.8888888888888888,0.1111111111111111,0.1799478517337278
fbc_tfnbs,"e=0.2,h=7.0,n=30,start_thres=1.25,min_cluster_size=3",hub,0.25,30,4,40,1730,16,2,24,1728,0.4,0.0011560693641618,0.8888888888888888,0.1111111111111111,0.1799478517337278
fbc_tfnbs,"e=0.2,h=8.0,n=30,start_thres=1.25,min_cluster_size=3",hub,0.25,30,4,40,1730,16,2,24,1728,0.4,0.0011560693641618,0.8888888888888888,0.1111111111111111,0.1799478517337278
fbc_tfnbs,"e=0.2,h=9.0,n=30,start_thres=1.25,min_cluster_size=3",hub,0.25,30,4,40,1730,16,2,24,1728,0.4,0.0011560693641618,0.8888888888888888,0.1111111111111111,0.1799478517337278
fbc_tfnbs,"e=0.2,h=10.0,n=30,start_thres=1.25,min_cluster_size=3",hub,0.25,30,4,40,1730,16,2,24,1728,0.4,0.0011560693641618,0.8888888888888888,0.1111111111111111,0.1799478517337278
fbc_tfnbs,"e=0.3,h=0.5,n=30,start_thres=1.25,min_cluster_size=3",hub,0.25,30,4,40,1730,18,2,22,1728,0.45,0.0011560693641618,0.9,0.1,0.1799478517337278
fbc_tfnbs,"e=0.3,h=1.0,n=30,start_thres=1.25,min_cluster_size=3",hub,0.25,30,4,40,1730,18,2,22,1728,0.45,0.0011560693641618,0.9,0.1,0.1799478517337278
fbc_tfnbs,"e=0.3,h=2.0,n=30,start_thres=1.25,min_cluster_size=3",hub,0.25,30,4,40,1730,18,2,22,1728,0.45,0.0011560693641618,0.9,0.1,0.1799478517337278
fbc_tfnbs,"e=0.3,h=3.0,n=30,start_thres=1.25,min_cluster_size=3",hub,0.25,30,4,40,1730,18,2,22,1728,0.45,0.0011560693641618,0.9,0.1,0.1799478517337278
fbc_tfnbs,"e=0.3,h=4.0,n=30,start_thres=1.25,min_cluster_size=3",hub,0.25,30,4,40,1730,18,2,22,1728,0.45,0.0011560693641618,0.9,0.1,0.1799478517337278
fbc_tfnbs,"e=0.3,h=5.0,n=30,start_thres=1.25,min_cluster_size=3",hub,0.25,30,4,40,1730,16,2,24,1728,0.4,0.0011560693641618,0.8888888888888888,0.1111111111111111,0.1799478517337278
fbc_tfnbs,"e=0.3,h=6.0,n=30,start_thres=1.25,min_cluster_size=3",hub,0.25,30,4,40,1730,16,2,24,1728,0.4,0.0011560693641618,0.8888888888888888,0.1111111111111111,0.1799478517337278
fbc_tfnbs,"e=0.3,h=7.0,n=30,start_thres=1.25,min_cluster_size=3",hub,0.25,30,4,40,1730,16,2,24,1728,0.4,0.0011560693641618,0.8888888888888888,0.1111111111111111,0.1799478517337278
fbc_tfnbs,"e=0.3,h=8.0,n=30,start_thres=1.25,min_cluster_size=3",hub,0.25,30,4,40,1730,16,2,24,1728,0.4,0.0011560693641618,0.8888888888888888,0.1111111111111111,0.1799478517337278
fbc_tfnbs,"e=0.3,h=9.0,n=30,start_thres=1.25,min_cluster_size=3",hub,0.25,30,4,40,1730,16,2,24,1728,0.4,0.0011560693641618,0.8888888888888888,0.1111111111111111,0.1799478517337278
fbc_tfnbs,"e=0.3,h=10.0,n=30,start_thres=1.25,min_cluster_size=3",hub,0.25,30,4,40,1730,16,2,24,1728,0.4,0.0011560693641618,0.8888888888888888,0.1111111111111111,0.1799478517337278
fbc_tfnbs,"e=0.4,h=0.5,n=30,start_thres=1.25,min_cluster_size=3",hub,0.25,30,4,40,1730,16,4,24,1726,0.4,0.0023121387283236,0.8,0.2,0.1799478517337278
fbc_tfnbs,"e=0.4,h=1.0,n=30,start_thres=1.25,min_cluster_size=3",hub,0.25,30,4,40,1730,16,4,24,1726,0.4,0.0023121387283236,0.8,0.2,0.1799478517337278
fbc_tfnbs,"e=0.4,h=2.0,n=30,start_thres=1.25,min_cluster_size=3",hub,0.25,30,4,40,1730,19,4,21,1726,0.475,0.0023121387283236,0.8260869565217391,0.1739130434782608,0.1799478517337278
fbc_tfnbs,"e=0.4,h=3.0,n=30,start_thres=1.25,min_cluster_size=3",hub,0.25,30,4,40,1730,18,2,22,1728,0.45,0.0011560693641618,0.9,0.1,0.1799478517337278
fbc_tfnbs,"e=0.4,h=4.0,n=30,start_thres=1.25,min_cluster_size=3",hub,0.25,30,4,40,1730,18,2,22,1728,0.45,0.0011560693641618,0.9,0.1,0.1799478517337278
fbc_tfnbs,"e=0.4,h=5.0,n=30,start_thres=1.25,min_cluster_size=3",hub,0.25,30,4,40,1730,18,2,22,1728,0.45,0.0011560693641618,0.9,0.1,0.1799478517337278
fbc_tfnbs,"e=0.4,h=6.0,n=30,start_thres=1.25,min_cluster_size=3",hub,0.25,30,4,40,1730,18,2,22,1728,0.45,0.0011560693641618,0.9,0.1,0.1799478517337278
fbc_tfnbs,"e=0.4,h=7.0,n=30,start_thres=1.25,min_cluster_size=3",hub,0.25,30,4,40,1730,18,2,22,1728,0.45,0.0011560693641618,0.9,0.1,0.1799478517337278
fbc_tfnbs,"e=0.4,h=8.0,n=30,start_thres=1.25,min_cluster_size=3",hub,0.25,30,4,40,1730,16,2,24,1728,0.4,0.0011560693641618,0.8888888888888888,0.1111111111111111,0.1799478517337278
fbc_tfnbs,"e=0.4,h=9.0,n=30,start_thres=1.25,min_cluster_size=3",hub,0.25,30,4,40,1730,16,2,24,1728,0.4,0.0011560693641618,0.8888888888888888,0.1111111111111111,0.1799478517337278
fbc_tfnbs,"e=0.4,h=10.0,n=30,start_thres=1.25,min_cluster_size=3",hub,0.25,30,4,40,1730,16,2,24,1728,0.4,0.0011560693641618,0.8888888888888888,0.1111111111111111,0.1799478517337278
fbc_tfnbs,"e=0.5,h=0.5,n=30,start_thres=1.25,min_cluster_size=3",hub,0.25,30,4,40,1730,13,4,27,1726,0.325,0.0023121387283236,0.7647058823529411,0.2352941176470588,0.1799478517337278
fbc_tfnbs,"e=0.5,h=1.0,n=30,start_thres=1.25,min_cluster_size=3",hub,0.25,30,4,40,1730,16,4,24,1726,0.4,0.0023121387283236,0.8,0.2,0.1799478517337278
fbc_tfnbs,"e=0.5,h=2.0,n=30,start_thres=1.25,min_cluster_size=3",hub,0.25,30,4,40,1730,19,4,21,1726,0.475,0.0023121387283236,0.8260869565217391,0.1739130434782608,0.1799478517337278
fbc_tfnbs,"e=0.5,h=3.0,n=30,start_thres=1.25,min_cluster_size=3",hub,0.25,30,4,40,1730,19,4,21,1726,0.475,0.0023121387283236,0.8260869565217391,0.1739130434782608,0.1799478517337278
fbc_tfnbs,"e=0.5,h=4.0,n=30,start_thres=1.25,min_cluster_size=3",hub,0.25,30,4,40,1730,19,4,21,1726,0.475,0.0023121387283236,0.8260869565217391,0.1739130434782608,0.1799478517337278
fbc_tfnbs,"e=0.5,h=5.0,n=30,start_thres=1.25,min_cluster_size=3",hub,0.25,30,4,40,1730,18,2,22,1728,0.45,0.0011560693641618,0.9,0.1,0.1799478517337278
fbc_tfnbs,"e=0.5,h=6.0,n=30,start_thres=1.25,min_cluster_size=3",hub,0.25,30,4,40,1730,18,2,22,1728,0.45,0.0011560693641618,0.9,0.1,0.1799478517337278
fbc_tfnbs,"e=0.5,h=7.0,n=30,start_thres=1.25,min_cluster_size=3",hub,0.25,30,4,40,1730,18,2,22,1728,0.45,0.0011560693641618,0.9,0.1,0.1799478517337278
fbc_tfnbs,"e=0.5,h=8.0,n=30,start_thres=1.25,min_cluster_size=3",hub,0.25,30,4,40,1730,18,2,22,1728,0.45,0.0011560693641618,0.9,0.1,0.1799478517337278
fbc_tfnbs,"e=0.5,h=9.0,n=30,start_thres=1.25,min_cluster_size=3",hub,0.25,30,4,40,1730,18,2,22,1728,0.45,0.0011560693641618,0.9,0.1,0.1799478517337278
fbc_tfnbs,"e=0.5,h=10.0,n=30,start_thres=1.25,min_cluster_size=3",hub,0.25,30,4,40,1730,16,2,24,1728,0.4,0.0011560693641618,0.8888888888888888,0.1111111111111111,0.1799478517337278
fbc_tfnbs,"e=0.6,h=0.5,n=30,start_thres=1.25,min_cluster_size=3",hub,0.25,30,4,40,1730,13,4,27,1726,0.325,0.0023121387283236,0.7647058823529411,0.2352941176470588,0.1799478517337278
fbc_tfnbs,"e=0.6,h=1.0,n=30,start_thres=1.25,min_cluster_size=3",hub,0.25,30,4,40,1730,15,6,25,1724,0.375,0.0034682080924855,0.7142857142857143,0.2857142857142857,0.1799478517337278
fbc_tfnbs,"e=0.6,h=2.0,n=30,start_thres=1.25,min_cluster_size=3",hub,0.25,30,4,40,1730,18,6,22,1724,0.45,0.0034682080924855,0.75,0.25,0.1799478517337278
fbc_tfnbs,"e=0.6,h=3.0,n=30,start_thres=1.25,min_cluster_size=3",hub,0.25,30,4,40,1730,19,4,21,1726,0.475,0.0023121387283236,0.8260869565217391,0.1739130434782608,0.1799478517337278
fbc_tfnbs,"e=0.6,h=4.0,n=30,start_thres=1.25,min_cluster_size=3",hub,0.25,30,4,40,1730,19,4,21,1726,0.475,0.0023121387283236,0.8260869565217391,0.1739130434782608,0.1799478517337278
fbc_tfnbs,"e=0.6,h=5.0,n=30,start_thres=1.25,min_cluster_size=3",hub,0.25,30,4,40,1730,19,4,21,1726,0.475,0.0023121387283236,0.8260869565217391,0.1739130434782608,0.1799478517337278
fbc_tfnbs,"e=0.6,h=6.0,n=30,start_thres=1.25,min_cluster_size=3",hub,0.25,30,4,40,1730,19,2,21,1728,0.475,0.0011560693641618,0.9047619047619048,0.0952380952380952,0.1799478517337278
fbc_tfnbs,"e=0.6,h=7.0,n=30,start_thres=1.25,min_cluster_size=3",hub,0.25,30,4,40,1730,18,2,22,1728,0.45,0.0011560693641618,0.9,0.1,0.1799478517337278
fbc_tfnbs,"e=0.6,h=8.0,n=30,start_thres=1.25,min_cluster_size=3",hub,0.25,30,4,40,1730,18,2,22,1728,0.45,0.0011560693641618,0.9,0.1,0.1799478517337278
fbc_tfnbs,"e=0.6,h=9.0,n=30,start_thres=1.25,min_cluster_size=3",hub,0.25,30,4,40,1730,18,2,22,1728,0.45,0.0011560693641618,0.9,0.1,0.1799478517337278
fbc_tfnbs,"e=0.6,h=10.0,n=30,start_thres=1.25,min_cluster_size=3",hub,0.25,30,4,40,1730,18,2,22,1728,0.45,0.0011560693641618,0.9,0.1,0.1799478517337278
fbc_tfnbs,"e=0.7,h=0.5,n=30,start_thres=1.25,min_cluster_size=3",hub,0.25,30,4,40,1730,15,6,25,1724,0.375,0.0034682080924855,0.7142857142857143,0.2857142857142857,0.1799478517337278
fbc_tfnbs,"e=0.7,h=1.0,n=30,start_thres=1.25,min_cluster_size=3",hub,0.25,30,4,40,1730,15,6,25,1724,0.375,0.0034682080924855,0.7142857142857143,0.2857142857142857,0.1799478517337278
fbc_tfnbs,"e=0.7,h=2.0,n=30,start_thres=1.25,min_cluster_size=3",hub,0.25,30,4,40,1730,18,6,22,1724,0.45,0.0034682080924855,0.75,0.25,0.1799478517337278
fbc_tfnbs,"e=0.7,h=3.0,n=30,start_thres=1.25,min_cluster_size=3",hub,0.25,30,4,40,1730,18,6,22,1724,0.45,0.0034682080924855,0.75,0.25,0.1799478517337278
fbc_tfnbs,"e=0.7,h=4.0,n=30,start_thres=1.25,min_cluster_size=3",hub,0.25,30,4,40,1730,21,6,19,1724,0.525,0.0034682080924855,0.7777777777777778,0.2222222222222222,0.1799478517337278
fbc_tfnbs,"e=0.7,h=5.0,n=30,start_thres=1.25,min_cluster_size=3",hub,0.25,30,4,40,1730,19,4,21,1726,0.475,0.0023121387283236,0.8260869565217391,0.1739130434782608,0.1799478517337278
fbc_tfnbs,"e=0.7,h=6.0,n=30,start_thres=1.25,min_cluster_size=3",hub,0.25,30,4,40,1730,19,4,21,1726,0.475,0.0023121387283236,0.8260869565217391,0.1739130434782608,0.1799478517337278
fbc_tfnbs,"e=0.7,h=7.0,n=30,start_thres=1.25,min_cluster_size=3",hub,0.25,30,4,40,1730,19,4,21,1726,0.475,0.0023121387283236,0.8260869565217391,0.1739130434782608,0.1799478517337278
fbc_tfnbs,"e=0.7,h=8.0,n=30,start_thres=1.25,min_cluster_size=3",hub,0.25,30,4,40,1730,19,2,21,1728,0.475,0.0011560693641618,0.9047619047619048,0.0952380952380952,0.1799478517337278
fbc_tfnbs,"e=0.7,h=9.0,n=30,start_thres=1.25,min_cluster_size=3",hub,0.25,30,4,40,1730,18,2,22,1728,0.45,0.0011560693641618,0.9,0.1,0.1799478517337278
fbc_tfnbs,"e=0.7,h=10.0,n=30,start_thres=1.25,min_cluster_size=3",hub,0.25,30,4,40,1730,18,2,22,1728,0.45,0.0011560693641618,0.9,0.1,0.1799478517337278
fbc_tfnbs,"e=0.8,h=0.5,n=30,start_thres=1.25,min_cluster_size=3",hub,0.25,30,4,40,1730,15,6,25,1724,0.375,0.0034682080924855,0.7142857142857143,0.2857142857142857,0.1799478517337278
fbc_tfnbs,"e=0.8,h=1.0,n=30,start_thres=1.25,min_cluster_size=3",hub,0.25,30,4,40,1730,15,6,25,1724,0.375,0.0034682080924855,0.7142857142857143,0.2857142857142857,0.1799478517337278
fbc_tfnbs,"e=0.8,h=2.0,n=30,start_thres=1.25,min_cluster_size=3",hub,0.25,30,4,40,1730,15,6,25,1724,0.375,0.0034682080924855,0.7142857142857143,0.2857142857142857,0.1799478517337278
fbc_tfnbs,"e=0.8,h=3.0,n=30,start_thres=1.25,min_cluster_size=3",hub,0.25,30,4,40,1730,18,6,22,1724,0.45,0.0034682080924855,0.75,0.25,0.1799478517337278
fbc_tfnbs,"e=0.8,h=4.0,n=30,start_thres=1.25,min_cluster_size=3",hub,0.25,30,4,40,1730,18,6,22,1724,0.45,0.0034682080924855,0.75,0.25,0.1799478517337278
fbc_tfnbs,"e=0.8,h=5.0,n=30,start_thres=1.25,min_cluster_size=3",hub,0.25,30,4,40,1730,21,6,19,1724,0.525,0.0034682080924855,0.7777777777777778,0.2222222222222222,0.1799478517337278
fbc_tfnbs,"e=0.8,h=6.0,n=30,start_thres=1.25,min_cluster_size=3",hub,0.25,30,4,40,1730,19,4,21,1726,0.475,0.0023121387283236,0.8260869565217391,0.1739130434782608,0.1799478517337278
fbc_tfnbs,"e=0.8,h=7.0,n=30,start_thres=1.25,min_cluster_size=3",hub,0.25,30,4,40,1730,19,4,21,1726,0.475,0.0023121387283236,0.8260869565217391,0.1739130434782608,0.1799478517337278
fbc_tfnbs,"e=0.8,h=8.0,n=30,start_thres=1.25,min_cluster_size=3",hub,0.25,30,4,40,1730,19,4,21,1726,0.475,0.0023121387283236,0.8260869565217391,0.1739130434782608,0.1799478517337278
fbc_tfnbs,"e=0.8,h=9.0,n=30,start_thres=1.25,min_cluster_size=3",hub,0.25,30,4,40,1730,19,4,21,1726,0.475,0.0023121387283236,0.8260869565217391,0.1739130434782608,0.1799478517337278
fbc_tfnbs,"e=0.8,h=10.0,n=30,start_thres=1.25,min_cluster_size=3",hub,0.25,30,4,40,1730,19,2,21,1728,0.475,0.0011560693641618,0.9047619047619048,0.0952380952380952,0.1799478517337278
fbc_tfnbs,"e=0.9,h=0.5,n=30,start_thres=1.25,min_cluster_size=3",hub,0.25,30,4,40,1730,15,6,25,1724,0.375,0.0034682080924855,0.7142857142857143,0.2857142857142857,0.1799478517337278
fbc_tfnbs,"e=0.9,h=1.0,n=30,start_thres=1.25,min_cluster_size=3",hub,0.25,30,4,40,1730,15,6,25,1724,0.375,0.0034682080924855,0.7142857142857143,0.2857142857142857,0.1799478517337278
fbc_tfnbs,"e=0.9,h=2.0,n=30,start_thres=1.25,min_cluster_size=3",hub,0.25,30,4,40,1730,15,6,25,1724,0.375,0.0034682080924855,0.7142857142857143,0.2857142857142857,0.1799478517337278
fbc_tfnbs,"e=0.9,h=3.0,n=30,start_thres=1.25,min_cluster_size=3",hub,0.25,30,4,40,1730,18,6,22,1724,0.45,0.0034682080924855,0.75,0.25,0.1799478517337278
fbc_tfnbs,"e=0.9,h=4.0,n=30,start_thres=1.25,min_cluster_size=3",hub,0.25,30,4,40,1730,18,6,22,1724,0.45,0.0034682080924855,0.75,0.25,0.1799478517337278
fbc_tfnbs,"e=0.9,h=5.0,n=30,start_thres=1.25,min_cluster_size=3",hub,0.25,30,4,40,1730,21,6,19,1724,0.525,0.0034682080924855,0.7777777777777778,0.2222222222222222,0.1799478517337278
fbc_tfnbs,"e=0.9,h=6.0,n=30,start_thres=1.25,min_cluster_size=3",hub,0.25,30,4,40,1730,21,6,19,1724,0.525,0.0034682080924855,0.7777777777777778,0.2222222222222222,0.1799478517337278
fbc_tfnbs,"e=0.9,h=7.0,n=30,start_thres=1.25,min_cluster_size=3",hub,0.25,30,4,40,1730,19,4,21,1726,0.475,0.0023121387283236,0.8260869565217391,0.1739130434782608,0.1799478517337278
fbc_tfnbs,"e=0.9,h=8.0,n=30,start_thres=1.25,min_cluster_size=3",hub,0.25,30,4,40,1730,19,4,21,1726,0.475,0.0023121387283236,0.8260869565217391,0.1739130434782608,0.1799478517337278
fbc_tfnbs,"e=0.9,h=9.0,n=30,start_thres=1.25,min_cluster_size=3",hub,0.25,30,4,40,1730,19,4,21,1726,0.475,0.0023121387283236,0.8260869565217391,0.1739130434782608,0.1799478517337278
fbc_tfnbs,"e=0.9,h=10.0,n=30,start_thres=1.25,min_cluster_size=3",hub,0.25,30,4,40,1730,19,4,21,1726,0.475,0.0023121387283236,0.8260869565217391,0.1739130434782608,0.1799478517337278
fbc_tfnbs,"e=1.0,h=0.5,n=30,start_thres=1.25,min_cluster_size=3",hub,0.25,30,4,40,1730,15,6,25,1724,0.375,0.0034682080924855,0.7142857142857143,0.2857142857142857,0.1799478517337278
fbc_tfnbs,"e=1.0,h=1.0,n=30,start_thres=1.25,min_cluster_size=3",hub,0.25,30,4,40,1730,15,6,25,1724,0.375,0.0034682080924855,0.7142857142857143,0.2857142857142857,0.1799478517337278
fbc_tfnbs,"e=1.0,h=2.0,n=30,start_thres=1.25,min_cluster_size=3",hub,0.25,30,4,40,1730,15,6,25,1724,0.375,0.0034682080924855,0.7142857142857143,0.2857142857142857,0.1799478517337278
fbc_tfnbs,"e=1.0,h=3.0,n=30,start_thres=1.25,min_cluster_size=3",hub,0.25,30,4,40,1730,15,6,25,1724,0.375,0.0034682080924855,0.7142857142857143,0.2857142857142857,0.1799478517337278
fbc_tfnbs,"e=1.0,h=4.0,n=30,start_thres=1.25,min_cluster_size=3",hub,0.25,30,4,40,1730,18,6,22,1724,0.45,0.0034682080924855,0.75,0.25,0.1799478517337278
fbc_tfnbs,"e=1.0,h=5.0,n=30,start_thres=1.25,min_cluster_size=3",hub,0.25,30,4,40,1730,18,6,22,1724,0.45,0.0034682080924855,0.75,0.25,0.1799478517337278
fbc_tfnbs,"e=1.0,h=6.0,n=30,start_thres=1.25,min_cluster_size=3",hub,0.25,30,4,40,1730,21,6,19,1724,0.525,0.0034682080924855,0.7777777777777778,0.2222222222222222,0.1799478517337278
fbc_tfnbs,"e=1.0,h=7.0,n=30,start_thres=1.25,min_cluster_size=3",hub,0.25,30,4,40,1730,21,6,19,1724,0.525,0.0034682080924855,0.7777777777777778,0.2222222222222222,0.1799478517337278
fbc_tfnbs,"e=1.0,h=8.0,n=30,start_thres=1.25,min_cluster_size=3",hub,0.25,30,4,40,1730,21,6,19,1724,0.525,0.0034682080924855,0.7777777777777778,0.2222222222222222,0.1799478517337278
fbc_tfnbs,"e=1.0,h=9.0,n=30,start_thres=1.25,min_cluster_size=3",hub,0.25,30,4,40,1730,19,4,21,1726,0.475,0.0023121387283236,0.8260869565217391,0.1739130434782608,0.1799478517337278
fbc_tfnbs,"e=1.0,h=10.0,n=30,start_thres=1.25,min_cluster_size=3",hub,0.25,30,4,40,1730,19,4,21,1726,0.475,0.0023121387283236,0.8260869565217391,0.1739130434782608,0.1799478517337278
fbc_tfnbs,"e=1.1,h=0.5,n=30,start_thres=1.25,min_cluster_size=3",hub,0.25,30,4,40,1730,15,6,25,1724,0.375,0.0034682080924855,0.7142857142857143,0.2857142857142857,0.1799478517337278
fbc_tfnbs,"e=1.1,h=1.0,n=30,start_thres=1.25,min_cluster_size=3",hub,0.25,30,4,40,1730,15,6,25,1724,0.375,0.0034682080924855,0.7142857142857143,0.2857142857142857,0.1799478517337278
fbc_tfnbs,"e=1.1,h=2.0,n=30,start_thres=1.25,min_cluster_size=3",hub,0.25,30,4,40,1730,15,8,25,1722,0.375,0.0046242774566473,0.6521739130434783,0.3478260869565217,0.1799478517337278
fbc_tfnbs,"e=1.1,h=3.0,n=30,start_thres=1.25,min_cluster_size=3",hub,0.25,30,4,40,1730,15,8,25,1722,0.375,0.0046242774566473,0.6521739130434783,0.3478260869565217,0.1799478517337278
fbc_tfnbs,"e=1.1,h=4.0,n=30,start_thres=1.25,min_cluster_size=3",hub,0.25,30,4,40,1730,18,6,22,1724,0.45,0.0034682080924855,0.75,0.25,0.1799478517337278
fbc_tfnbs,"e=1.1,h=5.0,n=30,start_thres=1.25,min_cluster_size=3",hub,0.25,30,4,40,1730,18,6,22,1724,0.45,0.0034682080924855,0.75,0.25,0.1799478517337278
fbc_tfnbs,"e=1.1,h=6.0,n=30,start_thres=1.25,min_cluster_size=3",hub,0.25,30,4,40,1730,21,6,19,1724,0.525,0.0034682080924855,0.7777777777777778,0.2222222222222222,0.1799478517337278
fbc_tfnbs,"e=1.1,h=7.0,n=30,start_thres=1.25,min_cluster_size=3",hub,0.25,30,4,40,1730,21,6,19,1724,0.525,0.0034682080924855,0.7777777777777778,0.2222222222222222,0.1799478517337278
fbc_tfnbs,"e=1.1,h=8.0,n=30,start_thres=1.25,min_cluster_size=3",hub,0.25,30,4,40,1730,21,6,19,1724,0.525,0.0034682080924855,0.7777777777777778,0.2222222222222222,0.1799478517337278
fbc_tfnbs,"e=1.1,h=9.0,n=30,start_thres=1.25,min_cluster_size=3",hub,0.25,30,4,40,1730,21,6,19,1724,0.525,0.0034682080924855,0.7777777777777778,0.2222222222222222,0.1799478517337278
fbc_tfnbs,"e=1.1,h=10.0,n=30,start_thres=1.25,min_cluster_size=3",hub,0.25,30,4,40,1730,19,4,21,1726,0.475,0.0023121387283236,0.8260869565217391,0.1739130434782608,0.1799478517337278
fbc_tfnbs,"e=1.2,h=0.5,n=30,start_thres=1.25,min_cluster_size=3",hub,0.25,30,4,40,1730,15,6,25,1724,0.375,0.0034682080924855,0.7142857142857143,0.2857142857142857,0.1799478517337278
fbc_tfnbs,"e=1.2,h=1.0,n=30,start_thres=1.25,min_cluster_size=3",hub,0.25,30,4,40,1730,15,6,25,1724,0.375,0.0034682080924855,0.7142857142857143,0.2857142857142857,0.1799478517337278
fbc_tfnbs,"e=1.2,h=2.0,n=30,start_thres=1.25,min_cluster_size=3",hub,0.25,30,4,40,1730,15,8,25,1722,0.375,0.0046242774566473,0.6521739130434783,0.3478260869565217,0.1799478517337278
fbc_tfnbs,"e=1.2,h=3.0,n=30,start_thres=1.25,min_cluster_size=3",hub,0.25,30,4,40,1730,15,8,25,1722,0.375,0.0046242774566473,0.6521739130434783,0.3478260869565217,0.1799478517337278
fbc_tfnbs,"e=1.2,h=4.0,n=30,start_thres=1.25,min_cluster_size=3",hub,0.25,30,4,40,1730,18,8,22,1722,0.45,0.0046242774566473,0.6923076923076923,0.3076923076923077,0.1799478517337278
fbc_tfnbs,"e=1.2,h=5.0,n=30,start_thres=1.25,min_cluster_size=3",hub,0.25,30,4,40,1730,18,6,22,1724,0.45,0.0034682080924855,0.75,0.25,0.1799478517337278
fbc_tfnbs,"e=1.2,h=6.0,n=30,start_thres=1.25,min_cluster_size=3",hub,0.25,30,4,40,1730,18,6,22,1724,0.45,0.0034682080924855,0.75,0.25,0.1799478517337278
fbc_tfnbs,"e=1.2,h=7.0,n=30,start_thres=1.25,min_cluster_size=3",hub,0.25,30,4,40,1730,21,6,19,1724,0.525,0.0034682080924855,0.7777777777777778,0.2222222222222222,0.1799478517337278
fbc_tfnbs,"e=1.2,h=8.0,n=30,start_thres=1.25,min_cluster_size=3",hub,0.25,30,4,40,1730,21,6,19,1724,0.525,0.0034682080924855,0.7777777777777778,0.2222222222222222,0.1799478517337278
fbc_tfnbs,"e=1.2,h=9.0,n=30,start_thres=1.25,min_cluster_size=3",hub,0.25,30,4,40,1730,21,6,19,1724,0.525,0.0034682080924855,0.7777777777777778,0.2222222222222222,0.1799478517337278
fbc_tfnbs,"e=1.2,h=10.0,n=30,start_thres=1.25,min_cluster_size=3",hub,0.25,30,4,40,1730,21,6,19,1724,0.525,0.0034682080924855,0.7777777777777778,0.2222222222222222,0.1799478517337278
fbc_tfnbs,"e=1.3,h=0.5,n=30,start_thres=1.25,min_cluster_size=3",hub,0.25,30,4,40,1730,15,6,25,1724,0.375,0.0034682080924855,0.7142857142857143,0.2857142857142857,0.1799478517337278
fbc_tfnbs,"e=1.3,h=1.0,n=30,start_thres=1.25,min_cluster_size=3",hub,0.25,30,4,40,1730,15,6,25,1724,0.375,0.0034682080924855,0.7142857142857143,0.2857142857142857,0.1799478517337278
fbc_tfnbs,"e=1.3,h=2.0,n=30,start_thres=1.25,min_cluster_size=3",hub,0.25,30,4,40,1730,15,8,25,1722,0.375,0.0046242774566473,0.6521739130434783,0.3478260869565217,0.1799478517337278
fbc_tfnbs,"e=1.3,h=3.0,n=30,start_thres=1.25,min_cluster_size=3",hub,0.25,30,4,40,1730,15,8,25,1722,0.375,0.0046242774566473,0.6521739130434783,0.3478260869565217,0.1799478517337278
fbc_tfnbs,"e=1.3,h=4.0,n=30,start_thres=1.25,min_cluster_size=3",hub,0.25,30,4,40,1730,15,8,25,1722,0.375,0.0046242774566473,0.6521739130434783,0.3478260869565217,0.1799478517337278
fbc_tfnbs,"e=1.3,h=5.0,n=30,start_thres=1.25,min_cluster_size=3",hub,0.25,30,4,40,1730,18,8,22,1722,0.45,0.0046242774566473,0.6923076923076923,0.3076923076923077,0.1799478517337278
fbc_tfnbs,"e=1.3,h=6.0,n=30,start_thres=1.25,min_cluster_size=3",hub,0.25,30,4,40,1730,18,8,22,1722,0.45,0.0046242774566473,0.6923076923076923,0.3076923076923077,0.1799478517337278
fbc_tfnbs,"e=1.3,h=7.0,n=30,start_thres=1.25,min_cluster_size=3",hub,0.25,30,4,40,1730,18,6,22,1724,0.45,0.0034682080924855,0.75,0.25,0.1799478517337278
fbc_tfnbs,"e=1.3,h=8.0,n=30,start_thres=1.25,min_cluster_size=3",hub,0.25,30,4,40,1730,21,6,19,1724,0.525,0.0034682080924855,0.7777777777777778,0.2222222222222222,0.1799478517337278
fbc_tfnbs,"e=1.3,h=9.0,n=30,start_thres=1.25,min_cluster_size=3",hub,0.25,30,4,40,1730,21,6,19,1724,0.525,0.0034682080924855,0.7777777777777778,0.2222222222222222,0.1799478517337278
fbc_tfnbs,"e=1.3,h=10.0,n=30,start_thres=1.25,min_cluster_size=3",hub,0.25,30,4,40,1730,21,6,19,1724,0.525,0.0034682080924855,0.7777777777777778,0.2222222222222222,0.1799478517337278
fbc_tfnbs,"e=1.4,h=0.5,n=30,start_thres=1.25,min_cluster_size=3",hub,0.25,30,4,40,1730,13,4,27,1726,0.325,0.0023121387283236,0.7647058823529411,0.2352941176470588,0.1799478517337278
fbc_tfnbs,"e=1.4,h=1.0,n=30,start_thres=1.25,min_cluster_size=3",hub,0.25,30,4,40,1730,15,6,25,1724,0.375,0.0034682080924855,0.7142857142857143,0.2857142857142857,0.1799478517337278
fbc_tfnbs,"e=1.4,h=2.0,n=30,start_thres=1.25,min_cluster_size=3",hub,0.25,30,4,40,1730,15,8,25,1722,0.375,0.0046242774566473,0.6521739130434783,0.3478260869565217,0.1799478517337278
fbc_tfnbs,"e=1.4,h=3.0,n=30,start_thres=1.25,min_cluster_size=3",hub,0.25,30,4,40,1730,15,8,25,1722,0.375,0.0046242774566473,0.6521739130434783,0.3478260869565217,0.1799478517337278
fbc_tfnbs,"e=1.4,h=4.0,n=30,start_thres=1.25,min_cluster_size=3",hub,0.25,30,4,40,1730,15,8,25,1722,0.375,0.0046242774566473,0.6521739130434783,0.3478260869565217,0.1799478517337278
fbc_tfnbs,"e=1.4,h=5.0,n=30,start_thres=1.25,min_cluster_size=3",hub,0.25,30,4,40,1730,18,8,22,1722,0.45,0.0046242774566473,0.6923076923076923,0.3076923076923077,0.1799478517337278
fbc_tfnbs,"e=1.4,h=6.0,n=30,start_thres=1.25,min_cluster_size=3",hub,0.25,30,4,40,1730,18,8,22,1722,0.45,0.0046242774566473,0.6923076923076923,0.3076923076923077,0.1799478517337278
fbc_tfnbs,"e=1.4,h=7.0,n=30,start_thres=1.25,min_cluster_size=3",hub,0.25,30,4,40,1730,18,8,22,1722,0.45,0.0046242774566473,0.6923076923076923,0.3076923076923077,0.1799478517337278
fbc_tfnbs,"e=1.4,h=8.0,n=30,start_thres=1.25,min_cluster_size=3",hub,0.25,30,4,40,1730,21,6,19,1724,0.525,0.0034682080924855,0.7777777777777778,0.2222222222222222,0.1799478517337278
fbc_tfnbs,"e=1.4,h=9.0,n=30,start_thres=1.25,min_cluster_size=3",hub,0.25,30,4,40,1730,21,6,19,1724,0.525,0.0034682080924855,0.7777777777777778,0.2222222222222222,0.1799478517337278
fbc_tfnbs,"e=1.4,h=10.0,n=30,start_thres=1.25,min_cluster_size=3",hub,0.25,30,4,40,1730,21,6,19,1724,0.525,0.0034682080924855,0.7777777777777778,0.2222222222222222,0.1799478517337278
fbc_tfnbs,"e=1.5,h=0.5,n=30,start_thres=1.25,min_cluster_size=3",hub,0.25,30,4,40,1730,13,4,27,1726,0.325,0.0023121387283236,0.7647058823529411,0.2352941176470588,0.1799478517337278
fbc_tfnbs,"e=1.5,h=1.0,n=30,start_thres=1.25,min_cluster_size=3",hub,0.25,30,4,40,1730,15,6,25,1724,0.375,0.0034682080924855,0.7142857142857143,0.2857142857142857,0.1799478517337278
fbc_tfnbs,"e=1.5,h=2.0,n=30,start_thres=1.25,min_cluster_size=3",hub,0.25,30,4,40,1730,15,8,25,1722,0.375,0.0046242774566473,0.6521739130434783,0.3478260869565217,0.1799478517337278
fbc_tfnbs,"e=1.5,h=3.0,n=30,start_thres=1.25,min_cluster_size=3",hub,0.25,30,4,40,1730,15,8,25,1722,0.375,0.0046242774566473,0.6521739130434783,0.3478260869565217,0.1799478517337278
fbc_tfnbs,"e=1.5,h=4.0,n=30,start_thres=1.25,min_cluster_size=3",hub,0.25,30,4,40,1730,15,8,25,1722,0.375,0.0046242774566473,0.6521739130434783,0.3478260869565217,0.1799478517337278
fbc_tfnbs,"e=1.5,h=5.0,n=30,start_thres=1.25,min_cluster_size=3",hub,0.25,30,4,40,1730,15,8,25,1722,0.375,0.0046242774566473,0.6521739130434783,0.3478260869565217,0.1799478517337278
fbc_tfnbs,"e=1.5,h=6.0,n=30,start_thres=1.25,min_cluster_size=3",hub,0.25,30,4,40,1730,18,8,22,1722,0.45,0.0046242774566473,0.6923076923076923,0.3076923076923077,0.1799478517337278
fbc_tfnbs,"e=1.5,h=7.0,n=30,start_thres=1.25,min_cluster_size=3",hub,0.25,30,4,40,1730,18,8,22,1722,0.45,0.0046242774566473,0.6923076923076923,0.3076923076923077,0.1799478517337278
fbc_tfnbs,"e=1.5,h=8.0,n=30,start_thres=1.25,min_cluster_size=3",hub,0.25,30,4,40,1730,18,8,22,1722,0.45,0.0046242774566473,0.6923076923076923,0.3076923076923077,0.1799478517337278
fbc_tfnbs,"e=1.5,h=9.0,n=30,start_thres=1.25,min_cluster_size=3",hub,0.25,30,4,40,1730,21,6,19,1724,0.525,0.0034682080924855,0.7777777777777778,0.2222222222222222,0.1799478517337278
fbc_tfnbs,"e=1.5,h=10.0,n=30,start_thres=1.25,min_cluster_size=3",hub,0.25,30,4,40,1730,21,6,19,1724,0.525,0.0034682080924855,0.7777777777777778,0.2222222222222222,0.1799478517337278
fbc_tfnbs,"e=0.05,h=0.5,n=30,start_thres=1.25,min_cluster_size=3",hub,0.25,30,5,40,1730,12,0,28,1730,0.3,0.0,1.0,0.0,0.1757092381065542
fbc_tfnbs,"e=0.05,h=1.0,n=30,start_thres=1.25,min_cluster_size=3",hub,0.25,30,5,40,1730,12,0,28,1730,0.3,0.0,1.0,0.0,0.1757092381065542
fbc_tfnbs,"e=0.05,h=2.0,n=30,start_thres=1.25,min_cluster_size=3",hub,0.25,30,5,40,1730,12,0,28,1730,0.3,0.0,1.0,0.0,0.1757092381065542
fbc_tfnbs,"e=0.05,h=3.0,n=30,start_thres=1.25,min_cluster_size=3",hub,0.25,30,5,40,1730,12,0,28,1730,0.3,0.0,1.0,0.0,0.1757092381065542
fbc_tfnbs,"e=0.05,h=4.0,n=30,start_thres=1.25,min_cluster_size=3",hub,0.25,30,5,40,1730,12,0,28,1730,0.3,0.0,1.0,0.0,0.1757092381065542
fbc_tfnbs,"e=0.05,h=5.0,n=30,start_thres=1.25,min_cluster_size=3",hub,0.25,30,5,40,1730,12,0,28,1730,0.3,0.0,1.0,0.0,0.1757092381065542
fbc_tfnbs,"e=0.05,h=6.0,n=30,start_thres=1.25,min_cluster_size=3",hub,0.25,30,5,40,1730,12,0,28,1730,0.3,0.0,1.0,0.0,0.1757092381065542
fbc_tfnbs,"e=0.05,h=7.0,n=30,start_thres=1.25,min_cluster_size=3",hub,0.25,30,5,40,1730,12,0,28,1730,0.3,0.0,1.0,0.0,0.1757092381065542
fbc_tfnbs,"e=0.05,h=8.0,n=30,start_thres=1.25,min_cluster_size=3",hub,0.25,30,5,40,1730,12,0,28,1730,0.3,0.0,1.0,0.0,0.1757092381065542
fbc_tfnbs,"e=0.05,h=9.0,n=30,start_thres=1.25,min_cluster_size=3",hub,0.25,30,5,40,1730,12,0,28,1730,0.3,0.0,1.0,0.0,0.1757092381065542
fbc_tfnbs,"e=0.05,h=10.0,n=30,start_thres=1.25,min_cluster_size=3",hub,0.25,30,5,40,1730,12,0,28,1730,0.3,0.0,1.0,0.0,0.1757092381065542
fbc_tfnbs,"e=0.1,h=0.5,n=30,start_thres=1.25,min_cluster_size=3",hub,0.25,30,5,40,1730,12,0,28,1730,0.3,0.0,1.0,0.0,0.1757092381065542
fbc_tfnbs,"e=0.1,h=1.0,n=30,start_thres=1.25,min_cluster_size=3",hub,0.25,30,5,40,1730,12,0,28,1730,0.3,0.0,1.0,0.0,0.1757092381065542
fbc_tfnbs,"e=0.1,h=2.0,n=30,start_thres=1.25,min_cluster_size=3",hub,0.25,30,5,40,1730,12,0,28,1730,0.3,0.0,1.0,0.0,0.1757092381065542
fbc_tfnbs,"e=0.1,h=3.0,n=30,start_thres=1.25,min_cluster_size=3",hub,0.25,30,5,40,1730,12,0,28,1730,0.3,0.0,1.0,0.0,0.1757092381065542
fbc_tfnbs,"e=0.1,h=4.0,n=30,start_thres=1.25,min_cluster_size=3",hub,0.25,30,5,40,1730,12,0,28,1730,0.3,0.0,1.0,0.0,0.1757092381065542
fbc_tfnbs,"e=0.1,h=5.0,n=30,start_thres=1.25,min_cluster_size=3",hub,0.25,30,5,40,1730,12,0,28,1730,0.3,0.0,1.0,0.0,0.1757092381065542
fbc_tfnbs,"e=0.1,h=6.0,n=30,start_thres=1.25,min_cluster_size=3",hub,0.25,30,5,40,1730,12,0,28,1730,0.3,0.0,1.0,0.0,0.1757092381065542
fbc_tfnbs,"e=0.1,h=7.0,n=30,start_thres=1.25,min_cluster_size=3",hub,0.25,30,5,40,1730,12,0,28,1730,0.3,0.0,1.0,0.0,0.1757092381065542
fbc_tfnbs,"e=0.1,h=8.0,n=30,start_thres=1.25,min_cluster_size=3",hub,0.25,30,5,40,1730,12,0,28,1730,0.3,0.0,1.0,0.0,0.1757092381065542
fbc_tfnbs,"e=0.1,h=9.0,n=30,start_thres=1.25,min_cluster_size=3",hub,0.25,30,5,40,1730,12,0,28,1730,0.3,0.0,1.0,0.0,0.1757092381065542
fbc_tfnbs,"e=0.1,h=10.0,n=30,start_thres=1.25,min_cluster_size=3",hub,0.25,30,5,40,1730,12,0,28,1730,0.3,0.0,1.0,0.0,0.1757092381065542
fbc_tfnbs,"e=0.2,h=0.5,n=30,start_thres=1.25,min_cluster_size=3",hub,0.25,30,5,40,1730,9,0,31,1730,0.225,0.0,1.0,0.0,0.1757092381065542
fbc_tfnbs,"e=0.2,h=1.0,n=30,start_thres=1.25,min_cluster_size=3",hub,0.25,30,5,40,1730,12,0,28,1730,0.3,0.0,1.0,0.0,0.1757092381065542
fbc_tfnbs,"e=0.2,h=2.0,n=30,start_thres=1.25,min_cluster_size=3",hub,0.25,30,5,40,1730,12,0,28,1730,0.3,0.0,1.0,0.0,0.1757092381065542
fbc_tfnbs,"e=0.2,h=3.0,n=30,start_thres=1.25,min_cluster_size=3",hub,0.25,30,5,40,1730,12,0,28,1730,0.3,0.0,1.0,0.0,0.1757092381065542
fbc_tfnbs,"e=0.2,h=4.0,n=30,start_thres=1.25,min_cluster_size=3",hub,0.25,30,5,40,1730,12,0,28,1730,0.3,0.0,1.0,0.0,0.1757092381065542
fbc_tfnbs,"e=0.2,h=5.0,n=30,start_thres=1.25,min_cluster_size=3",hub,0.25,30,5,40,1730,12,0,28,1730,0.3,0.0,1.0,0.0,0.1757092381065542
fbc_tfnbs,"e=0.2,h=6.0,n=30,start_thres=1.25,min_cluster_size=3",hub,0.25,30,5,40,1730,12,0,28,1730,0.3,0.0,1.0,0.0,0.1757092381065542
fbc_tfnbs,"e=0.2,h=7.0,n=30,start_thres=1.25,min_cluster_size=3",hub,0.25,30,5,40,1730,12,0,28,1730,0.3,0.0,1.0,0.0,0.1757092381065542
fbc_tfnbs,"e=0.2,h=8.0,n=30,start_thres=1.25,min_cluster_size=3",hub,0.25,30,5,40,1730,12,0,28,1730,0.3,0.0,1.0,0.0,0.1757092381065542
fbc_tfnbs,"e=0.2,h=9.0,n=30,start_thres=1.25,min_cluster_size=3",hub,0.25,30,5,40,1730,12,0,28,1730,0.3,0.0,1.0,0.0,0.1757092381065542
fbc_tfnbs,"e=0.2,h=10.0,n=30,start_thres=1.25,min_cluster_size=3",hub,0.25,30,5,40,1730,12,0,28,1730,0.3,0.0,1.0,0.0,0.1757092381065542
fbc_tfnbs,"e=0.3,h=0.5,n=30,start_thres=1.25,min_cluster_size=3",hub,0.25,30,5,40,1730,8,0,32,1730,0.2,0.0,1.0,0.0,0.1757092381065542
fbc_tfnbs,"e=0.3,h=1.0,n=30,start_thres=1.25,min_cluster_size=3",hub,0.25,30,5,40,1730,8,0,32,1730,0.2,0.0,1.0,0.0,0.1757092381065542
fbc_tfnbs,"e=0.3,h=2.0,n=30,start_thres=1.25,min_cluster_size=3",hub,0.25,30,5,40,1730,11,0,29,1730,0.275,0.0,1.0,0.0,0.1757092381065542
fbc_tfnbs,"e=0.3,h=3.0,n=30,start_thres=1.25,min_cluster_size=3",hub,0.25,30,5,40,1730,14,0,26,1730,0.35,0.0,1.0,0.0,0.1757092381065542
fbc_tfnbs,"e=0.3,h=4.0,n=30,start_thres=1.25,min_cluster_size=3",hub,0.25,30,5,40,1730,14,0,26,1730,0.35,0.0,1.0,0.0,0.1757092381065542
fbc_tfnbs,"e=0.3,h=5.0,n=30,start_thres=1.25,min_cluster_size=3",hub,0.25,30,5,40,1730,12,0,28,1730,0.3,0.0,1.0,0.0,0.1757092381065542
fbc_tfnbs,"e=0.3,h=6.0,n=30,start_thres=1.25,min_cluster_size=3",hub,0.25,30,5,40,1730,12,0,28,1730,0.3,0.0,1.0,0.0,0.1757092381065542
fbc_tfnbs,"e=0.3,h=7.0,n=30,start_thres=1.25,min_cluster_size=3",hub,0.25,30,5,40,1730,12,0,28,1730,0.3,0.0,1.0,0.0,0.1757092381065542
fbc_tfnbs,"e=0.3,h=8.0,n=30,start_thres=1.25,min_cluster_size=3",hub,0.25,30,5,40,1730,12,0,28,1730,0.3,0.0,1.0,0.0,0.1757092381065542
fbc_tfnbs,"e=0.3,h=9.0,n=30,start_thres=1.25,min_cluster_size=3",hub,0.25,30,5,40,1730,12,0,28,1730,0.3,0.0,1.0,0.0,0.1757092381065542
fbc_tfnbs,"e=0.3,h=10.0,n=30,start_thres=1.25,min_cluster_size=3",hub,0.25,30,5,40,1730,12,0,28,1730,0.3,0.0,1.0,0.0,0.1757092381065542
fbc_tfnbs,"e=0.4,h=0.5,n=30,start_thres=1.25,min_cluster_size=3",hub,0.25,30,5,40,1730,10,0,30,1730,0.25,0.0,1.0,0.0,0.1757092381065542
fbc_tfnbs,"e=0.4,h=1.0,n=30,start_thres=1.25,min_cluster_size=3",hub,0.25,30,5,40,1730,10,0,30,1730,0.25,0.0,1.0,0.0,0.1757092381065542
fbc_tfnbs,"e=0.4,h=2.0,n=30,start_thres=1.25,min_cluster_size=3",hub,0.25,30,5,40,1730,11,0,29,1730,0.275,0.0,1.0,0.0,0.1757092381065542
fbc_tfnbs,"e=0.4,h=3.0,n=30,start_thres=1.25,min_cluster_size=3",hub,0.25,30,5,40,1730,11,0,29,1730,0.275,0.0,1.0,0.0,0.1757092381065542
fbc_tfnbs,"e=0.4,h=4.0,n=30,start_thres=1.25,min_cluster_size=3",hub,0.25,30,5,40,1730,14,0,26,1730,0.35,0.0,1.0,0.0,0.1757092381065542
fbc_tfnbs,"e=0.4,h=5.0,n=30,start_thres=1.25,min_cluster_size=3",hub,0.25,30,5,40,1730,14,0,26,1730,0.35,0.0,1.0,0.0,0.1757092381065542
fbc_tfnbs,"e=0.4,h=6.0,n=30,start_thres=1.25,min_cluster_size=3",hub,0.25,30,5,40,1730,14,0,26,1730,0.35,0.0,1.0,0.0,0.1757092381065542
fbc_tfnbs,"e=0.4,h=7.0,n=30,start_thres=1.25,min_cluster_size=3",hub,0.25,30,5,40,1730,14,0,26,1730,0.35,0.0,1.0,0.0,0.1757092381065542
fbc_tfnbs,"e=0.4,h=8.0,n=30,start_thres=1.25,min_cluster_size=3",hub,0.25,30,5,40,1730,12,0,28,1730,0.3,0.0,1.0,0.0,0.1757092381065542
fbc_tfnbs,"e=0.4,h=9.0,n=30,start_thres=1.25,min_cluster_size=3",hub,0.25,30,5,40,1730,12,0,28,1730,0.3,0.0,1.0,0.0,0.1757092381065542
fbc_tfnbs,"e=0.4,h=10.0,n=30,start_thres=1.25,min_cluster_size=3",hub,0.25,30,5,40,1730,12,0,28,1730,0.3,0.0,1.0,0.0,0.1757092381065542
fbc_tfnbs,"e=0.5,h=0.5,n=30,start_thres=1.25,min_cluster_size=3",hub,0.25,30,5,40,1730,5,0,35,1730,0.125,0.0,1.0,0.0,0.1757092381065542
fbc_tfnbs,"e=0.5,h=1.0,n=30,start_thres=1.25,min_cluster_size=3",hub,0.25,30,5,40,1730,7,0,33,1730,0.175,0.0,1.0,0.0,0.1757092381065542
fbc_tfnbs,"e=0.5,h=2.0,n=30,start_thres=1.25,min_cluster_size=3",hub,0.25,30,5,40,1730,10,0,30,1730,0.25,0.0,1.0,0.0,0.1757092381065542
fbc_tfnbs,"e=0.5,h=3.0,n=30,start_thres=1.25,min_cluster_size=3",hub,0.25,30,5,40,1730,11,0,29,1730,0.275,0.0,1.0,0.0,0.1757092381065542
fbc_tfnbs,"e=0.5,h=4.0,n=30,start_thres=1.25,min_cluster_size=3",hub,0.25,30,5,40,1730,14,0,26,1730,0.35,0.0,1.0,0.0,0.1757092381065542
fbc_tfnbs,"e=0.5,h=5.0,n=30,start_thres=1.25,min_cluster_size=3",hub,0.25,30,5,40,1730,14,0,26,1730,0.35,0.0,1.0,0.0,0.1757092381065542
fbc_tfnbs,"e=0.5,h=6.0,n=30,start_thres=1.25,min_cluster_size=3",hub,0.25,30,5,40,1730,14,0,26,1730,0.35,0.0,1.0,0.0,0.1757092381065542
fbc_tfnbs,"e=0.5,h=7.0,n=30,start_thres=1.25,min_cluster_size=3",hub,0.25,30,5,40,1730,14,0,26,1730,0.35,0.0,1.0,0.0,0.1757092381065542
fbc_tfnbs,"e=0.5,h=8.0,n=30,start_thres=1.25,min_cluster_size=3",hub,0.25,30,5,40,1730,14,0,26,1730,0.35,0.0,1.0,0.0,0.1757092381065542
fbc_tfnbs,"e=0.5,h=9.0,n=30,start_thres=1.25,min_cluster_size=3",hub,0.25,30,5,40,1730,14,0,26,1730,0.35,0.0,1.0,0.0,0.1757092381065542
fbc_tfnbs,"e=0.5,h=10.0,n=30,start_thres=1.25,min_cluster_size=3",hub,0.25,30,5,40,1730,12,0,28,1730,0.3,0.0,1.0,0.0,0.1757092381065542
fbc_tfnbs,"e=0.6,h=0.5,n=30,start_thres=1.25,min_cluster_size=3",hub,0.25,30,5,40,1730,5,0,35,1730,0.125,0.0,1.0,0.0,0.1757092381065542
fbc_tfnbs,"e=0.6,h=1.0,n=30,start_thres=1.25,min_cluster_size=3",hub,0.25,30,5,40,1730,5,0,35,1730,0.125,0.0,1.0,0.0,0.1757092381065542
fbc_tfnbs,"e=0.6,h=2.0,n=30,start_thres=1.25,min_cluster_size=3",hub,0.25,30,5,40,1730,10,0,30,1730,0.25,0.0,1.0,0.0,0.1757092381065542
fbc_tfnbs,"e=0.6,h=3.0,n=30,start_thres=1.25,min_cluster_size=3",hub,0.25,30,5,40,1730,11,0,29,1730,0.275,0.0,1.0,0.0,0.1757092381065542
fbc_tfnbs,"e=0.6,h=4.0,n=30,start_thres=1.25,min_cluster_size=3",hub,0.25,30,5,40,1730,11,0,29,1730,0.275,0.0,1.0,0.0,0.1757092381065542
fbc_tfnbs,"e=0.6,h=5.0,n=30,start_thres=1.25,min_cluster_size=3",hub,0.25,30,5,40,1730,14,0,26,1730,0.35,0.0,1.0,0.0,0.1757092381065542
fbc_tfnbs,"e=0.6,h=6.0,n=30,start_thres=1.25,min_cluster_size=3",hub,0.25,30,5,40,1730,14,0,26,1730,0.35,0.0,1.0,0.0,0.1757092381065542
fbc_tfnbs,"e=0.6,h=7.0,n=30,start_thres=1.25,min_cluster_size=3",hub,0.25,30,5,40,1730,14,0,26,1730,0.35,0.0,1.0,0.0,0.1757092381065542
fbc_tfnbs,"e=0.6,h=8.0,n=30,start_thres=1.25,min_cluster_size=3",hub,0.25,30,5,40,1730,14,0,26,1730,0.35,0.0,1.0,0.0,0.1757092381065542
fbc_tfnbs,"e=0.6,h=9.0,n=30,start_thres=1.25,min_cluster_size=3",hub,0.25,30,5,40,1730,14,0,26,1730,0.35,0.0,1.0,0.0,0.1757092381065542
fbc_tfnbs,"e=0.6,h=10.0,n=30,start_thres=1.25,min_cluster_size=3",hub,0.25,30,5,40,1730,14,0,26,1730,0.35,0.0,1.0,0.0,0.1757092381065542
fbc_tfnbs,"e=0.7,h=0.5,n=30,start_thres=1.25,min_cluster_size=3",hub,0.25,30,5,40,1730,5,0,35,1730,0.125,0.0,1.0,0.0,0.1757092381065542
fbc_tfnbs,"e=0.7,h=1.0,n=30,start_thres=1.25,min_cluster_size=3",hub,0.25,30,5,40,1730,5,0,35,1730,0.125,0.0,1.0,0.0,0.1757092381065542
fbc_tfnbs,"e=0.7,h=2.0,n=30,start_thres=1.25,min_cluster_size=3",hub,0.25,30,5,40,1730,7,0,33,1730,0.175,0.0,1.0,0.0,0.1757092381065542
fbc_tfnbs,"e=0.7,h=3.0,n=30,start_thres=1.25,min_cluster_size=3",hub,0.25,30,5,40,1730,10,0,30,1730,0.25,0.0,1.0,0.0,0.1757092381065542
fbc_tfnbs,"e=0.7,h=4.0,n=30,start_thres=1.25,min_cluster_size=3",hub,0.25,30,5,40,1730,11,0,29,1730,0.275,0.0,1.0,0.0,0.1757092381065542
fbc_tfnbs,"e=0.7,h=5.0,n=30,start_thres=1.25,min_cluster_size=3",hub,0.25,30,5,40,1730,11,0,29,1730,0.275,0.0,1.0,0.0,0.1757092381065542
fbc_tfnbs,"e=0.7,h=6.0,n=30,start_thres=1.25,min_cluster_size=3",hub,0.25,30,5,40,1730,14,0,26,1730,0.35,0.0,1.0,0.0,0.1757092381065542
fbc_tfnbs,"e=0.7,h=7.0,n=30,start_thres=1.25,min_cluster_size=3",hub,0.25,30,5,40,1730,14,0,26,1730,0.35,0.0,1.0,0.0,0.1757092381065542
fbc_tfnbs,"e=0.7,h=8.0,n=30,start_thres=1.25,min_cluster_size=3",hub,0.25,30,5,40,1730,14,0,26,1730,0.35,0.0,1.0,0.0,0.1757092381065542
fbc_tfnbs,"e=0.7,h=9.0,n=30,start_thres=1.25,min_cluster_size=3",hub,0.25,30,5,40,1730,14,0,26,1730,0.35,0.0,1.0,0.0,0.1757092381065542
fbc_tfnbs,"e=0.7,h=10.0,n=30,start_thres=1.25,min_cluster_size=3",hub,0.25,30,5,40,1730,14,0,26,1730,0.35,0.0,1.0,0.0,0.1757092381065542
fbc_tfnbs,"e=0.8,h=0.5,n=30,start_thres=1.25,min_cluster_size=3",hub,0.25,30,5,40,1730,5,0,35,1730,0.125,0.0,1.0,0.0,0.1757092381065542
fbc_tfnbs,"e=0.8,h=1.0,n=30,start_thres=1.25,min_cluster_size=3",hub,0.25,30,5,40,1730,5,0,35,1730,0.125,0.0,1.0,0.0,0.1757092381065542
fbc_tfnbs,"e=0.8,h=2.0,n=30,start_thres=1.25,min_cluster_size=3",hub,0.25,30,5,40,1730,7,0,33,1730,0.175,0.0,1.0,0.0,0.1757092381065542
fbc_tfnbs,"e=0.8,h=3.0,n=30,start_thres=1.25,min_cluster_size=3",hub,0.25,30,5,40,1730,10,0,30,1730,0.25,0.0,1.0,0.0,0.1757092381065542
fbc_tfnbs,"e=0.8,h=4.0,n=30,start_thres=1.25,min_cluster_size=3",hub,0.25,30,5,40,1730,11,0,29,1730,0.275,0.0,1.0,0.0,0.1757092381065542
fbc_tfnbs,"e=0.8,h=5.0,n=30,start_thres=1.25,min_cluster_size=3",hub,0.25,30,5,40,1730,11,0,29,1730,0.275,0.0,1.0,0.0,0.1757092381065542
fbc_tfnbs,"e=0.8,h=6.0,n=30,start_thres=1.25,min_cluster_size=3",hub,0.25,30,5,40,1730,11,0,29,1730,0.275,0.0,1.0,0.0,0.1757092381065542
fbc_tfnbs,"e=0.8,h=7.0,n=30,start_thres=1.25,min_cluster_size=3",hub,0.25,30,5,40,1730,14,0,26,1730,0.35,0.0,1.0,0.0,0.1757092381065542
fbc_tfnbs,"e=0.8,h=8.0,n=30,start_thres=1.25,min_cluster_size=3",hub,0.25,30,5,40,1730,14,0,26,1730,0.35,0.0,1.0,0.0,0.1757092381065542
fbc_tfnbs,"e=0.8,h=9.0,n=30,start_thres=1.25,min_cluster_size=3",hub,0.25,30,5,40,1730,14,0,26,1730,0.35,0.0,1.0,0.0,0.1757092381065542
fbc_tfnbs,"e=0.8,h=10.0,n=30,start_thres=1.25,min_cluster_size=3",hub,0.25,30,5,40,1730,14,0,26,1730,0.35,0.0,1.0,0.0,0.1757092381065542
fbc_tfnbs,"e=0.9,h=0.5,n=30,start_thres=1.25,min_cluster_size=3",hub,0.25,30,5,40,1730,5,0,35,1730,0.125,0.0,1.0,0.0,0.1757092381065542
fbc_tfnbs,"e=0.9,h=1.0,n=30,start_thres=1.25,min_cluster_size=3",hub,0.25,30,5,40,1730,5,0,35,1730,0.125,0.0,1.0,0.0,0.1757092381065542
fbc_tfnbs,"e=0.9,h=2.0,n=30,start_thres=1.25,min_cluster_size=3",hub,0.25,30,5,40,1730,7,0,33,1730,0.175,0.0,1.0,0.0,0.1757092381065542
fbc_tfnbs,"e=0.9,h=3.0,n=30,start_thres=1.25,min_cluster_size=3",hub,0.25,30,5,40,1730,7,0,33,1730,0.175,0.0,1.0,0.0,0.1757092381065542
fbc_tfnbs,"e=0.9,h=4.0,n=30,start_thres=1.25,min_cluster_size=3",hub,0.25,30,5,40,1730,10,0,30,1730,0.25,0.0,1.0,0.0,0.1757092381065542
fbc_tfnbs,"e=0.9,h=5.0,n=30,start_thres=1.25,min_cluster_size=3",hub,0.25,30,5,40,1730,12,0,28,1730,0.3,0.0,1.0,0.0,0.1757092381065542
fbc_tfnbs,"e=0.9,h=6.0,n=30,start_thres=1.25,min_cluster_size=3",hub,0.25,30,5,40,1730,11,0,29,1730,0.275,0.0,1.0,0.0,0.1757092381065542
fbc_tfnbs,"e=0.9,h=7.0,n=30,start_thres=1.25,min_cluster_size=3",hub,0.25,30,5,40,1730,11,0,29,1730,0.275,0.0,1.0,0.0,0.1757092381065542
fbc_tfnbs,"e=0.9,h=8.0,n=30,start_thres=1.25,min_cluster_size=3",hub,0.25,30,5,40,1730,14,0,26,1730,0.35,0.0,1.0,0.0,0.1757092381065542
fbc_tfnbs,"e=0.9,h=9.0,n=30,start_thres=1.25,min_cluster_size=3",hub,0.25,30,5,40,1730,14,0,26,1730,0.35,0.0,1.0,0.0,0.1757092381065542
fbc_tfnbs,"e=0.9,h=10.0,n=30,start_thres=1.25,min_cluster_size=3",hub,0.25,30,5,40,1730,14,0,26,1730,0.35,0.0,1.0,0.0,0.1757092381065542
fbc_tfnbs,"e=1.0,h=0.5,n=30,start_thres=1.25,min_cluster_size=3",hub,0.25,30,5,40,1730,5,0,35,1730,0.125,0.0,1.0,0.0,0.1757092381065542
fbc_tfnbs,"e=1.0,h=1.0,n=30,start_thres=1.25,min_cluster_size=3",hub,0.25,30,5,40,1730,5,0,35,1730,0.125,0.0,1.0,0.0,0.1757092381065542
fbc_tfnbs,"e=1.0,h=2.0,n=30,start_thres=1.25,min_cluster_size=3",hub,0.25,30,5,40,1730,5,0,35,1730,0.125,0.0,1.0,0.0,0.1757092381065542
fbc_tfnbs,"e=1.0,h=3.0,n=30,start_thres=1.25,min_cluster_size=3",hub,0.25,30,5,40,1730,7,0,33,1730,0.175,0.0,1.0,0.0,0.1757092381065542
fbc_tfnbs,"e=1.0,h=4.0,n=30,start_thres=1.25,min_cluster_size=3",hub,0.25,30,5,40,1730,11,0,29,1730,0.275,0.0,1.0,0.0,0.1757092381065542
fbc_tfnbs,"e=1.0,h=5.0,n=30,start_thres=1.25,min_cluster_size=3",hub,0.25,30,5,40,1730,12,0,28,1730,0.3,0.0,1.0,0.0,0.1757092381065542
fbc_tfnbs,"e=1.0,h=6.0,n=30,start_thres=1.25,min_cluster_size=3",hub,0.25,30,5,40,1730,12,0,28,1730,0.3,0.0,1.0,0.0,0.1757092381065542
fbc_tfnbs,"e=1.0,h=7.0,n=30,start_thres=1.25,min_cluster_size=3",hub,0.25,30,5,40,1730,12,0,28,1730,0.3,0.0,1.0,0.0,0.1757092381065542
fbc_tfnbs,"e=1.0,h=8.0,n=30,start_thres=1.25,min_cluster_size=3",hub,0.25,30,5,40,1730,15,0,25,1730,0.375,0.0,1.0,0.0,0.1757092381065542
fbc_tfnbs,"e=1.0,h=9.0,n=30,start_thres=1.25,min_cluster_size=3",hub,0.25,30,5,40,1730,14,0,26,1730,0.35,0.0,1.0,0.0,0.1757092381065542
fbc_tfnbs,"e=1.0,h=10.0,n=30,start_thres=1.25,min_cluster_size=3",hub,0.25,30,5,40,1730,14,0,26,1730,0.35,0.0,1.0,0.0,0.1757092381065542
fbc_tfnbs,"e=1.1,h=0.5,n=30,start_thres=1.25,min_cluster_size=3",hub,0.25,30,5,40,1730,0,0,40,1730,0.0,0.0,0.0,0.0,0.1757092381065542
fbc_tfnbs,"e=1.1,h=1.0,n=30,start_thres=1.25,min_cluster_size=3",hub,0.25,30,5,40,1730,5,0,35,1730,0.125,0.0,1.0,0.0,0.1757092381065542
fbc_tfnbs,"e=1.1,h=2.0,n=30,start_thres=1.25,min_cluster_size=3",hub,0.25,30,5,40,1730,5,0,35,1730,0.125,0.0,1.0,0.0,0.1757092381065542
fbc_tfnbs,"e=1.1,h=3.0,n=30,start_thres=1.25,min_cluster_size=3",hub,0.25,30,5,40,1730,7,0,33,1730,0.175,0.0,1.0,0.0,0.1757092381065542
fbc_tfnbs,"e=1.1,h=4.0,n=30,start_thres=1.25,min_cluster_size=3",hub,0.25,30,5,40,1730,7,0,33,1730,0.175,0.0,1.0,0.0,0.1757092381065542
fbc_tfnbs,"e=1.1,h=5.0,n=30,start_thres=1.25,min_cluster_size=3",hub,0.25,30,5,40,1730,12,0,28,1730,0.3,0.0,1.0,0.0,0.1757092381065542
fbc_tfnbs,"e=1.1,h=6.0,n=30,start_thres=1.25,min_cluster_size=3",hub,0.25,30,5,40,1730,12,0,28,1730,0.3,0.0,1.0,0.0,0.1757092381065542
fbc_tfnbs,"e=1.1,h=7.0,n=30,start_thres=1.25,min_cluster_size=3",hub,0.25,30,5,40,1730,12,0,28,1730,0.3,0.0,1.0,0.0,0.1757092381065542
fbc_tfnbs,"e=1.1,h=8.0,n=30,start_thres=1.25,min_cluster_size=3",hub,0.25,30,5,40,1730,12,0,28,1730,0.3,0.0,1.0,0.0,0.1757092381065542
fbc_tfnbs,"e=1.1,h=9.0,n=30,start_thres=1.25,min_cluster_size=3",hub,0.25,30,5,40,1730,15,0,25,1730,0.375,0.0,1.0,0.0,0.1757092381065542
fbc_tfnbs,"e=1.1,h=10.0,n=30,start_thres=1.25,min_cluster_size=3",hub,0.25,30,5,40,1730,14,0,26,1730,0.35,0.0,1.0,0.0,0.1757092381065542
fbc_tfnbs,"e=1.2,h=0.5,n=30,start_thres=1.25,min_cluster_size=3",hub,0.25,30,5,40,1730,0,0,40,1730,0.0,0.0,0.0,0.0,0.1757092381065542
fbc_tfnbs,"e=1.2,h=1.0,n=30,start_thres=1.25,min_cluster_size=3",hub,0.25,30,5,40,1730,0,0,40,1730,0.0,0.0,0.0,0.0,0.1757092381065542
fbc_tfnbs,"e=1.2,h=2.0,n=30,start_thres=1.25,min_cluster_size=3",hub,0.25,30,5,40,1730,5,0,35,1730,0.125,0.0,1.0,0.0,0.1757092381065542
fbc_tfnbs,"e=1.2,h=3.0,n=30,start_thres=1.25,min_cluster_size=3",hub,0.25,30,5,40,1730,7,0,33,1730,0.175,0.0,1.0,0.0,0.1757092381065542
fbc_tfnbs,"e=1.2,h=4.0,n=30,start_thres=1.25,min_cluster_size=3",hub,0.25,30,5,40,1730,7,0,33,1730,0.175,0.0,1.0,0.0,0.1757092381065542
fbc_tfnbs,"e=1.2,h=5.0,n=30,start_thres=1.25,min_cluster_size=3",hub,0.25,30,5,40,1730,11,0,29,1730,0.275,0.0,1.0,0.0,0.1757092381065542
fbc_tfnbs,"e=1.2,h=6.0,n=30,start_thres=1.25,min_cluster_size=3",hub,0.25,30,5,40,1730,12,0,28,1730,0.3,0.0,1.0,0.0,0.1757092381065542
fbc_tfnbs,"e=1.2,h=7.0,n=30,start_thres=1.25,min_cluster_size=3",hub,0.25,30,5,40,1730,12,0,28,1730,0.3,0.0,1.0,0.0,0.1757092381065542
fbc_tfnbs,"e=1.2,h=8.0,n=30,start_thres=1.25,min_cluster_size=3",hub,0.25,30,5,40,1730,12,0,28,1730,0.3,0.0,1.0,0.0,0.1757092381065542
fbc_tfnbs,"e=1.2,h=9.0,n=30,start_thres=1.25,min_cluster_size=3",hub,0.25,30,5,40,1730,12,0,28,1730,0.3,0.0,1.0,0.0,0.1757092381065542
fbc_tfnbs,"e=1.2,h=10.0,n=30,start_thres=1.25,min_cluster_size=3",hub,0.25,30,5,40,1730,16,0,24,1730,0.4,0.0,1.0,0.0,0.1757092381065542
fbc_tfnbs,"e=1.3,h=0.5,n=30,start_thres=1.25,min_cluster_size=3",hub,0.25,30,5,40,1730,0,0,40,1730,0.0,0.0,0.0,0.0,0.1757092381065542
fbc_tfnbs,"e=1.3,h=1.0,n=30,start_thres=1.25,min_cluster_size=3",hub,0.25,30,5,40,1730,0,0,40,1730,0.0,0.0,0.0,0.0,0.1757092381065542
fbc_tfnbs,"e=1.3,h=2.0,n=30,start_thres=1.25,min_cluster_size=3",hub,0.25,30,5,40,1730,5,0,35,1730,0.125,0.0,1.0,0.0,0.1757092381065542
fbc_tfnbs,"e=1.3,h=3.0,n=30,start_thres=1.25,min_cluster_size=3",hub,0.25,30,5,40,1730,7,0,33,1730,0.175,0.0,1.0,0.0,0.1757092381065542
fbc_tfnbs,"e=1.3,h=4.0,n=30,start_thres=1.25,min_cluster_size=3",hub,0.25,30,5,40,1730,7,0,33,1730,0.175,0.0,1.0,0.0,0.1757092381065542
fbc_tfnbs,"e=1.3,h=5.0,n=30,start_thres=1.25,min_cluster_size=3",hub,0.25,30,5,40,1730,11,0,29,1730,0.275,0.0,1.0,0.0,0.1757092381065542
fbc_tfnbs,"e=1.3,h=6.0,n=30,start_thres=1.25,min_cluster_size=3",hub,0.25,30,5,40,1730,12,0,28,1730,0.3,0.0,1.0,0.0,0.1757092381065542
fbc_tfnbs,"e=1.3,h=7.0,n=30,start_thres=1.25,min_cluster_size=3",hub,0.25,30,5,40,1730,12,0,28,1730,0.3,0.0,1.0,0.0,0.1757092381065542
fbc_tfnbs,"e=1.3,h=8.0,n=30,start_thres=1.25,min_cluster_size=3",hub,0.25,30,5,40,1730,12,0,28,1730,0.3,0.0,1.0,0.0,0.1757092381065542
fbc_tfnbs,"e=1.3,h=9.0,n=30,start_thres=1.25,min_cluster_size=3",hub,0.25,30,5,40,1730,12,0,28,1730,0.3,0.0,1.0,0.0,0.1757092381065542
fbc_tfnbs,"e=1.3,h=10.0,n=30,start_thres=1.25,min_cluster_size=3",hub,0.25,30,5,40,1730,16,0,24,1730,0.4,0.0,1.0,0.0,0.1757092381065542
fbc_tfnbs,"e=1.4,h=0.5,n=30,start_thres=1.25,min_cluster_size=3",hub,0.25,30,5,40,1730,0,0,40,1730,0.0,0.0,0.0,0.0,0.1757092381065542
fbc_tfnbs,"e=1.4,h=1.0,n=30,start_thres=1.25,min_cluster_size=3",hub,0.25,30,5,40,1730,0,0,40,1730,0.0,0.0,0.0,0.0,0.1757092381065542
fbc_tfnbs,"e=1.4,h=2.0,n=30,start_thres=1.25,min_cluster_size=3",hub,0.25,30,5,40,1730,5,0,35,1730,0.125,0.0,1.0,0.0,0.1757092381065542
fbc_tfnbs,"e=1.4,h=3.0,n=30,start_thres=1.25,min_cluster_size=3",hub,0.25,30,5,40,1730,5,0,35,1730,0.125,0.0,1.0,0.0,0.1757092381065542
fbc_tfnbs,"e=1.4,h=4.0,n=30,start_thres=1.25,min_cluster_size=3",hub,0.25,30,5,40,1730,7,0,33,1730,0.175,0.0,1.0,0.0,0.1757092381065542
fbc_tfnbs,"e=1.4,h=5.0,n=30,start_thres=1.25,min_cluster_size=3",hub,0.25,30,5,40,1730,8,0,32,1730,0.2,0.0,1.0,0.0,0.1757092381065542
fbc_tfnbs,"e=1.4,h=6.0,n=30,start_thres=1.25,min_cluster_size=3",hub,0.25,30,5,40,1730,11,0,29,1730,0.275,0.0,1.0,0.0,0.1757092381065542
fbc_tfnbs,"e=1.4,h=7.0,n=30,start_thres=1.25,min_cluster_size=3",hub,0.25,30,5,40,1730,12,0,28,1730,0.3,0.0,1.0,0.0,0.1757092381065542
fbc_tfnbs,"e=1.4,h=8.0,n=30,start_thres=1.25,min_cluster_size=3",hub,0.25,30,5,40,1730,12,0,28,1730,0.3,0.0,1.0,0.0,0.1757092381065542
fbc_tfnbs,"e=1.4,h=9.0,n=30,start_thres=1.25,min_cluster_size=3",hub,0.25,30,5,40,1730,13,0,27,1730,0.325,0.0,1.0,0.0,0.1757092381065542
fbc_tfnbs,"e=1.4,h=10.0,n=30,start_thres=1.25,min_cluster_size=3",hub,0.25,30,5,40,1730,13,0,27,1730,0.325,0.0,1.0,0.0,0.1757092381065542
fbc_tfnbs,"e=1.5,h=0.5,n=30,start_thres=1.25,min_cluster_size=3",hub,0.25,30,5,40,1730,0,0,40,1730,0.0,0.0,0.0,0.0,0.1757092381065542
fbc_tfnbs,"e=1.5,h=1.0,n=30,start_thres=1.25,min_cluster_size=3",hub,0.25,30,5,40,1730,0,0,40,1730,0.0,0.0,0.0,0.0,0.1757092381065542
fbc_tfnbs,"e=1.5,h=2.0,n=30,start_thres=1.25,min_cluster_size=3",hub,0.25,30,5,40,1730,0,0,40,1730,0.0,0.0,0.0,0.0,0.1757092381065542
fbc_tfnbs,"e=1.5,h=3.0,n=30,start_thres=1.25,min_cluster_size=3",hub,0.25,30,5,40,1730,5,0,35,1730,0.125,0.0,1.0,0.0,0.1757092381065542
fbc_tfnbs,"e=1.5,h=4.0,n=30,start_thres=1.25,min_cluster_size=3",hub,0.25,30,5,40,1730,7,0,33,1730,0.175,0.0,1.0,0.0,0.1757092381065542
fbc_tfnbs,"e=1.5,h=5.0,n=30,start_thres=1.25,min_cluster_size=3",hub,0.25,30,5,40,1730,8,0,32,1730,0.2,0.0,1.0,0.0,0.1757092381065542
fbc_tfnbs,"e=1.5,h=6.0,n=30,start_thres=1.25,min_cluster_size=3",hub,0.25,30,5,40,1730,11,0,29,1730,0.275,0.0,1.0,0.0,0.1757092381065542
fbc_tfnbs,"e=1.5,h=7.0,n=30,start_thres=1.25,min_cluster_size=3",hub,0.25,30,5,40,1730,12,0,28,1730,0.3,0.0,1.0,0.0,0.1757092381065542
fbc_tfnbs,"e=1.5,h=8.0,n=30,start_thres=1.25,min_cluster_size=3",hub,0.25,30,5,40,1730,12,0,28,1730,0.3,0.0,1.0,0.0,0.1757092381065542
fbc_tfnbs,"e=1.5,h=9.0,n=30,start_thres=1.25,min_cluster_size=3",hub,0.25,30,5,40,1730,13,0,27,1730,0.325,0.0,1.0,0.0,0.1757092381065542
fbc_tfnbs,"e=1.5,h=10.0,n=30,start_thres=1.25,min_cluster_size=3",hub,0.25,30,5,40,1730,13,0,27,1730,0.325,0.0,1.0,0.0,0.1757092381065542
fbc_tfnbs,"e=0.05,h=0.5,n=30,start_thres=1.25,min_cluster_size=3",hub,0.25,30,6,40,1730,17,0,23,1730,0.425,0.0,1.0,0.0,0.1795051558451219
fbc_tfnbs,"e=0.05,h=1.0,n=30,start_thres=1.25,min_cluster_size=3",hub,0.25,30,6,40,1730,17,0,23,1730,0.425,0.0,1.0,0.0,0.1795051558451219
fbc_tfnbs,"e=0.05,h=2.0,n=30,start_thres=1.25,min_cluster_size=3",hub,0.25,30,6,40,1730,17,0,23,1730,0.425,0.0,1.0,0.0,0.1795051558451219
fbc_tfnbs,"e=0.05,h=3.0,n=30,start_thres=1.25,min_cluster_size=3",hub,0.25,30,6,40,1730,17,0,23,1730,0.425,0.0,1.0,0.0,0.1795051558451219
fbc_tfnbs,"e=0.05,h=4.0,n=30,start_thres=1.25,min_cluster_size=3",hub,0.25,30,6,40,1730,17,0,23,1730,0.425,0.0,1.0,0.0,0.1795051558451219
fbc_tfnbs,"e=0.05,h=5.0,n=30,start_thres=1.25,min_cluster_size=3",hub,0.25,30,6,40,1730,17,0,23,1730,0.425,0.0,1.0,0.0,0.1795051558451219
fbc_tfnbs,"e=0.05,h=6.0,n=30,start_thres=1.25,min_cluster_size=3",hub,0.25,30,6,40,1730,17,0,23,1730,0.425,0.0,1.0,0.0,0.1795051558451219
fbc_tfnbs,"e=0.05,h=7.0,n=30,start_thres=1.25,min_cluster_size=3",hub,0.25,30,6,40,1730,17,0,23,1730,0.425,0.0,1.0,0.0,0.1795051558451219
fbc_tfnbs,"e=0.05,h=8.0,n=30,start_thres=1.25,min_cluster_size=3",hub,0.25,30,6,40,1730,17,0,23,1730,0.425,0.0,1.0,0.0,0.1795051558451219
fbc_tfnbs,"e=0.05,h=9.0,n=30,start_thres=1.25,min_cluster_size=3",hub,0.25,30,6,40,1730,17,0,23,1730,0.425,0.0,1.0,0.0,0.1795051558451219
fbc_tfnbs,"e=0.05,h=10.0,n=30,start_thres=1.25,min_cluster_size=3",hub,0.25,30,6,40,1730,17,0,23,1730,0.425,0.0,1.0,0.0,0.1795051558451219
fbc_tfnbs,"e=0.1,h=0.5,n=30,start_thres=1.25,min_cluster_size=3",hub,0.25,30,6,40,1730,16,0,24,1730,0.4,0.0,1.0,0.0,0.1795051558451219
fbc_tfnbs,"e=0.1,h=1.0,n=30,start_thres=1.25,min_cluster_size=3",hub,0.25,30,6,40,1730,16,0,24,1730,0.4,0.0,1.0,0.0,0.1795051558451219
fbc_tfnbs,"e=0.1,h=2.0,n=30,start_thres=1.25,min_cluster_size=3",hub,0.25,30,6,40,1730,17,0,23,1730,0.425,0.0,1.0,0.0,0.1795051558451219
fbc_tfnbs,"e=0.1,h=3.0,n=30,start_thres=1.25,min_cluster_size=3",hub,0.25,30,6,40,1730,17,0,23,1730,0.425,0.0,1.0,0.0,0.1795051558451219
fbc_tfnbs,"e=0.1,h=4.0,n=30,start_thres=1.25,min_cluster_size=3",hub,0.25,30,6,40,1730,17,0,23,1730,0.425,0.0,1.0,0.0,0.1795051558451219
fbc_tfnbs,"e=0.1,h=5.0,n=30,start_thres=1.25,min_cluster_size=3",hub,0.25,30,6,40,1730,17,0,23,1730,0.425,0.0,1.0,0.0,0.1795051558451219
fbc_tfnbs,"e=0.1,h=6.0,n=30,start_thres=1.25,min_cluster_size=3",hub,0.25,30,6,40,1730,17,0,23,1730,0.425,0.0,1.0,0.0,0.1795051558451219
fbc_tfnbs,"e=0.1,h=7.0,n=30,start_thres=1.25,min_cluster_size=3",hub,0.25,30,6,40,1730,17,0,23,1730,0.425,0.0,1.0,0.0,0.1795051558451219
fbc_tfnbs,"e=0.1,h=8.0,n=30,start_thres=1.25,min_cluster_size=3",hub,0.25,30,6,40,1730,17,0,23,1730,0.425,0.0,1.0,0.0,0.1795051558451219
fbc_tfnbs,"e=0.1,h=9.0,n=30,start_thres=1.25,min_cluster_size=3",hub,0.25,30,6,40,1730,17,0,23,1730,0.425,0.0,1.0,0.0,0.1795051558451219
fbc_tfnbs,"e=0.1,h=10.0,n=30,start_thres=1.25,min_cluster_size=3",hub,0.25,30,6,40,1730,17,0,23,1730,0.425,0.0,1.0,0.0,0.1795051558451219
fbc_tfnbs,"e=0.2,h=0.5,n=30,start_thres=1.25,min_cluster_size=3",hub,0.25,30,6,40,1730,13,0,27,1730,0.325,0.0,1.0,0.0,0.1795051558451219
fbc_tfnbs,"e=0.2,h=1.0,n=30,start_thres=1.25,min_cluster_size=3",hub,0.25,30,6,40,1730,13,0,27,1730,0.325,0.0,1.0,0.0,0.1795051558451219
fbc_tfnbs,"e=0.2,h=2.0,n=30,start_thres=1.25,min_cluster_size=3",hub,0.25,30,6,40,1730,16,0,24,1730,0.4,0.0,1.0,0.0,0.1795051558451219
fbc_tfnbs,"e=0.2,h=3.0,n=30,start_thres=1.25,min_cluster_size=3",hub,0.25,30,6,40,1730,16,0,24,1730,0.4,0.0,1.0,0.0,0.1795051558451219
fbc_tfnbs,"e=0.2,h=4.0,n=30,start_thres=1.25,min_cluster_size=3",hub,0.25,30,6,40,1730,17,0,23,1730,0.425,0.0,1.0,0.0,0.1795051558451219
fbc_tfnbs,"e=0.2,h=5.0,n=30,start_thres=1.25,min_cluster_size=3",hub,0.25,30,6,40,1730,17,0,23,1730,0.425,0.0,1.0,0.0,0.1795051558451219
fbc_tfnbs,"e=0.2,h=6.0,n=30,start_thres=1.25,min_cluster_size=3",hub,0.25,30,6,40,1730,17,0,23,1730,0.425,0.0,1.0,0.0,0.1795051558451219
fbc_tfnbs,"e=0.2,h=7.0,n=30,start_thres=1.25,min_cluster_size=3",hub,0.25,30,6,40,1730,17,0,23,1730,0.425,0.0,1.0,0.0,0.1795051558451219
fbc_tfnbs,"e=0.2,h=8.0,n=30,start_thres=1.25,min_cluster_size=3",hub,0.25,30,6,40,1730,17,0,23,1730,0.425,0.0,1.0,0.0,0.1795051558451219
fbc_tfnbs,"e=0.2,h=9.0,n=30,start_thres=1.25,min_cluster_size=3",hub,0.25,30,6,40,1730,17,0,23,1730,0.425,0.0,1.0,0.0,0.1795051558451219
fbc_tfnbs,"e=0.2,h=10.0,n=30,start_thres=1.25,min_cluster_size=3",hub,0.25,30,6,40,1730,17,0,23,1730,0.425,0.0,1.0,0.0,0.1795051558451219
fbc_tfnbs,"e=0.3,h=0.5,n=30,start_thres=1.25,min_cluster_size=3",hub,0.25,30,6,40,1730,10,0,30,1730,0.25,0.0,1.0,0.0,0.1795051558451219
fbc_tfnbs,"e=0.3,h=1.0,n=30,start_thres=1.25,min_cluster_size=3",hub,0.25,30,6,40,1730,13,0,27,1730,0.325,0.0,1.0,0.0,0.1795051558451219
fbc_tfnbs,"e=0.3,h=2.0,n=30,start_thres=1.25,min_cluster_size=3",hub,0.25,30,6,40,1730,16,0,24,1730,0.4,0.0,1.0,0.0,0.1795051558451219
fbc_tfnbs,"e=0.3,h=3.0,n=30,start_thres=1.25,min_cluster_size=3",hub,0.25,30,6,40,1730,16,0,24,1730,0.4,0.0,1.0,0.0,0.1795051558451219
fbc_tfnbs,"e=0.3,h=4.0,n=30,start_thres=1.25,min_cluster_size=3",hub,0.25,30,6,40,1730,16,0,24,1730,0.4,0.0,1.0,0.0,0.1795051558451219
fbc_tfnbs,"e=0.3,h=5.0,n=30,start_thres=1.25,min_cluster_size=3",hub,0.25,30,6,40,1730,17,0,23,1730,0.425,0.0,1.0,0.0,0.1795051558451219
fbc_tfnbs,"e=0.3,h=6.0,n=30,start_thres=1.25,min_cluster_size=3",hub,0.25,30,6,40,1730,17,0,23,1730,0.425,0.0,1.0,0.0,0.1795051558451219
fbc_tfnbs,"e=0.3,h=7.0,n=30,start_thres=1.25,min_cluster_size=3",hub,0.25,30,6,40,1730,17,0,23,1730,0.425,0.0,1.0,0.0,0.1795051558451219
fbc_tfnbs,"e=0.3,h=8.0,n=30,start_thres=1.25,min_cluster_size=3",hub,0.25,30,6,40,1730,17,0,23,1730,0.425,0.0,1.0,0.0,0.1795051558451219
fbc_tfnbs,"e=0.3,h=9.0,n=30,start_thres=1.25,min_cluster_size=3",hub,0.25,30,6,40,1730,17,0,23,1730,0.425,0.0,1.0,0.0,0.1795051558451219
fbc_tfnbs,"e=0.3,h=10.0,n=30,start_thres=1.25,min_cluster_size=3",hub,0.25,30,6,40,1730,17,0,23,1730,0.425,0.0,1.0,0.0,0.1795051558451219
fbc_tfnbs,"e=0.4,h=0.5,n=30,start_thres=1.25,min_cluster_size=3",hub,0.25,30,6,40,1730,10,0,30,1730,0.25,0.0,1.0,0.0,0.1795051558451219
fbc_tfnbs,"e=0.4,h=1.0,n=30,start_thres=1.25,min_cluster_size=3",hub,0.25,30,6,40,1730,10,0,30,1730,0.25,0.0,1.0,0.0,0.1795051558451219
fbc_tfnbs,"e=0.4,h=2.0,n=30,start_thres=1.25,min_cluster_size=3",hub,0.25,30,6,40,1730,13,0,27,1730,0.325,0.0,1.0,0.0,0.1795051558451219
fbc_tfnbs,"e=0.4,h=3.0,n=30,start_thres=1.25,min_cluster_size=3",hub,0.25,30,6,40,1730,16,0,24,1730,0.4,0.0,1.0,0.0,0.1795051558451219
fbc_tfnbs,"e=0.4,h=4.0,n=30,start_thres=1.25,min_cluster_size=3",hub,0.25,30,6,40,1730,16,0,24,1730,0.4,0.0,1.0,0.0,0.1795051558451219
fbc_tfnbs,"e=0.4,h=5.0,n=30,start_thres=1.25,min_cluster_size=3",hub,0.25,30,6,40,1730,16,0,24,1730,0.4,0.0,1.0,0.0,0.1795051558451219
fbc_tfnbs,"e=0.4,h=6.0,n=30,start_thres=1.25,min_cluster_size=3",hub,0.25,30,6,40,1730,17,0,23,1730,0.425,0.0,1.0,0.0,0.1795051558451219
fbc_tfnbs,"e=0.4,h=7.0,n=30,start_thres=1.25,min_cluster_size=3",hub,0.25,30,6,40,1730,17,0,23,1730,0.425,0.0,1.0,0.0,0.1795051558451219
fbc_tfnbs,"e=0.4,h=8.0,n=30,start_thres=1.25,min_cluster_size=3",hub,0.25,30,6,40,1730,17,0,23,1730,0.425,0.0,1.0,0.0,0.1795051558451219
fbc_tfnbs,"e=0.4,h=9.0,n=30,start_thres=1.25,min_cluster_size=3",hub,0.25,30,6,40,1730,17,0,23,1730,0.425,0.0,1.0,0.0,0.1795051558451219
fbc_tfnbs,"e=0.4,h=10.0,n=30,start_thres=1.25,min_cluster_size=3",hub,0.25,30,6,40,1730,17,0,23,1730,0.425,0.0,1.0,0.0,0.1795051558451219
fbc_tfnbs,"e=0.5,h=0.5,n=30,start_thres=1.25,min_cluster_size=3",hub,0.25,30,6,40,1730,9,0,31,1730,0.225,0.0,1.0,0.0,0.1795051558451219
fbc_tfnbs,"e=0.5,h=1.0,n=30,start_thres=1.25,min_cluster_size=3",hub,0.25,30,6,40,1730,10,0,30,1730,0.25,0.0,1.0,0.0,0.1795051558451219
fbc_tfnbs,"e=0.5,h=2.0,n=30,start_thres=1.25,min_cluster_size=3",hub,0.25,30,6,40,1730,10,0,30,1730,0.25,0.0,1.0,0.0,0.1795051558451219
fbc_tfnbs,"e=0.5,h=3.0,n=30,start_thres=1.25,min_cluster_size=3",hub,0.25,30,6,40,1730,13,0,27,1730,0.325,0.0,1.0,0.0,0.1795051558451219
fbc_tfnbs,"e=0.5,h=4.0,n=30,start_thres=1.25,min_cluster_size=3",hub,0.25,30,6,40,1730,16,0,24,1730,0.4,0.0,1.0,0.0,0.1795051558451219
fbc_tfnbs,"e=0.5,h=5.0,n=30,start_thres=1.25,min_cluster_size=3",hub,0.25,30,6,40,1730,16,0,24,1730,0.4,0.0,1.0,0.0,0.1795051558451219
fbc_tfnbs,"e=0.5,h=6.0,n=30,start_thres=1.25,min_cluster_size=3",hub,0.25,30,6,40,1730,16,0,24,1730,0.4,0.0,1.0,0.0,0.1795051558451219
fbc_tfnbs,"e=0.5,h=7.0,n=30,start_thres=1.25,min_cluster_size=3",hub,0.25,30,6,40,1730,17,0,23,1730,0.425,0.0,1.0,0.0,0.1795051558451219
fbc_tfnbs,"e=0.5,h=8.0,n=30,start_thres=1.25,min_cluster_size=3",hub,0.25,30,6,40,1730,17,0,23,1730,0.425,0.0,1.0,0.0,0.1795051558451219
fbc_tfnbs,"e=0.5,h=9.0,n=30,start_thres=1.25,min_cluster_size=3",hub,0.25,30,6,40,1730,17,0,23,1730,0.425,0.0,1.0,0.0,0.1795051558451219
fbc_tfnbs,"e=0.5,h=10.0,n=30,start_thres=1.25,min_cluster_size=3",hub,0.25,30,6,40,1730,17,0,23,1730,0.425,0.0,1.0,0.0,0.1795051558451219
fbc_tfnbs,"e=0.6,h=0.5,n=30,start_thres=1.25,min_cluster_size=3",hub,0.25,30,6,40,1730,7,0,33,1730,0.175,0.0,1.0,0.0,0.1795051558451219
fbc_tfnbs,"e=0.6,h=1.0,n=30,start_thres=1.25,min_cluster_size=3",hub,0.25,30,6,40,1730,9,0,31,1730,0.225,0.0,1.0,0.0,0.1795051558451219
fbc_tfnbs,"e=0.6,h=2.0,n=30,start_thres=1.25,min_cluster_size=3",hub,0.25,30,6,40,1730,10,0,30,1730,0.25,0.0,1.0,0.0,0.1795051558451219
fbc_tfnbs,"e=0.6,h=3.0,n=30,start_thres=1.25,min_cluster_size=3",hub,0.25,30,6,40,1730,10,0,30,1730,0.25,0.0,1.0,0.0,0.1795051558451219
fbc_tfnbs,"e=0.6,h=4.0,n=30,start_thres=1.25,min_cluster_size=3",hub,0.25,30,6,40,1730,13,0,27,1730,0.325,0.0,1.0,0.0,0.1795051558451219
fbc_tfnbs,"e=0.6,h=5.0,n=30,start_thres=1.25,min_cluster_size=3",hub,0.25,30,6,40,1730,16,0,24,1730,0.4,0.0,1.0,0.0,0.1795051558451219
fbc_tfnbs,"e=0.6,h=6.0,n=30,start_thres=1.25,min_cluster_size=3",hub,0.25,30,6,40,1730,16,0,24,1730,0.4,0.0,1.0,0.0,0.1795051558451219
fbc_tfnbs,"e=0.6,h=7.0,n=30,start_thres=1.25,min_cluster_size=3",hub,0.25,30,6,40,1730,17,0,23,1730,0.425,0.0,1.0,0.0,0.1795051558451219
fbc_tfnbs,"e=0.6,h=8.0,n=30,start_thres=1.25,min_cluster_size=3",hub,0.25,30,6,40,1730,17,0,23,1730,0.425,0.0,1.0,0.0,0.1795051558451219
fbc_tfnbs,"e=0.6,h=9.0,n=30,start_thres=1.25,min_cluster_size=3",hub,0.25,30,6,40,1730,17,0,23,1730,0.425,0.0,1.0,0.0,0.1795051558451219
fbc_tfnbs,"e=0.6,h=10.0,n=30,start_thres=1.25,min_cluster_size=3",hub,0.25,30,6,40,1730,17,0,23,1730,0.425,0.0,1.0,0.0,0.1795051558451219
fbc_tfnbs,"e=0.7,h=0.5,n=30,start_thres=1.25,min_cluster_size=3",hub,0.25,30,6,40,1730,4,0,36,1730,0.1,0.0,1.0,0.0,0.1795051558451219
fbc_tfnbs,"e=0.7,h=1.0,n=30,start_thres=1.25,min_cluster_size=3",hub,0.25,30,6,40,1730,7,0,33,1730,0.175,0.0,1.0,0.0,0.1795051558451219
fbc_tfnbs,"e=0.7,h=2.0,n=30,start_thres=1.25,min_cluster_size=3",hub,0.25,30,6,40,1730,10,0,30,1730,0.25,0.0,1.0,0.0,0.1795051558451219
fbc_tfnbs,"e=0.7,h=3.0,n=30,start_thres=1.25,min_cluster_size=3",hub,0.25,30,6,40,1730,10,0,30,1730,0.25,0.0,1.0,0.0,0.1795051558451219
fbc_tfnbs,"e=0.7,h=4.0,n=30,start_thres=1.25,min_cluster_size=3",hub,0.25,30,6,40,1730,13,0,27,1730,0.325,0.0,1.0,0.0,0.1795051558451219
fbc_tfnbs,"e=0.7,h=5.0,n=30,start_thres=1.25,min_cluster_size=3",hub,0.25,30,6,40,1730,16,0,24,1730,0.4,0.0,1.0,0.0,0.1795051558451219
fbc_tfnbs,"e=0.7,h=6.0,n=30,start_thres=1.25,min_cluster_size=3",hub,0.25,30,6,40,1730,16,0,24,1730,0.4,0.0,1.0,0.0,0.1795051558451219
fbc_tfnbs,"e=0.7,h=7.0,n=30,start_thres=1.25,min_cluster_size=3",hub,0.25,30,6,40,1730,16,0,24,1730,0.4,0.0,1.0,0.0,0.1795051558451219
fbc_tfnbs,"e=0.7,h=8.0,n=30,start_thres=1.25,min_cluster_size=3",hub,0.25,30,6,40,1730,18,0,22,1730,0.45,0.0,1.0,0.0,0.1795051558451219
fbc_tfnbs,"e=0.7,h=9.0,n=30,start_thres=1.25,min_cluster_size=3",hub,0.25,30,6,40,1730,18,0,22,1730,0.45,0.0,1.0,0.0,0.1795051558451219
fbc_tfnbs,"e=0.7,h=10.0,n=30,start_thres=1.25,min_cluster_size=3",hub,0.25,30,6,40,1730,18,0,22,1730,0.45,0.0,1.0,0.0,0.1795051558451219
fbc_tfnbs,"e=0.8,h=0.5,n=30,start_thres=1.25,min_cluster_size=3",hub,0.25,30,6,40,1730,0,0,40,1730,0.0,0.0,0.0,0.0,0.1795051558451219
fbc_tfnbs,"e=0.8,h=1.0,n=30,start_thres=1.25,min_cluster_size=3",hub,0.25,30,6,40,1730,4,0,36,1730,0.1,0.0,1.0,0.0,0.1795051558451219
fbc_tfnbs,"e=0.8,h=2.0,n=30,start_thres=1.25,min_cluster_size=3",hub,0.25,30,6,40,1730,9,0,31,1730,0.225,0.0,1.0,0.0,0.1795051558451219
fbc_tfnbs,"e=0.8,h=3.0,n=30,start_thres=1.25,min_cluster_size=3",hub,0.25,30,6,40,1730,10,0,30,1730,0.25,0.0,1.0,0.0,0.1795051558451219
fbc_tfnbs,"e=0.8,h=4.0,n=30,start_thres=1.25,min_cluster_size=3",hub,0.25,30,6,40,1730,10,0,30,1730,0.25,0.0,1.0,0.0,0.1795051558451219
fbc_tfnbs,"e=0.8,h=5.0,n=30,start_thres=1.25,min_cluster_size=3",hub,0.25,30,6,40,1730,13,0,27,1730,0.325,0.0,1.0,0.0,0.1795051558451219
fbc_tfnbs,"e=0.8,h=6.0,n=30,start_thres=1.25,min_cluster_size=3",hub,0.25,30,6,40,1730,17,0,23,1730,0.425,0.0,1.0,0.0,0.1795051558451219
fbc_tfnbs,"e=0.8,h=7.0,n=30,start_thres=1.25,min_cluster_size=3",hub,0.25,30,6,40,1730,17,0,23,1730,0.425,0.0,1.0,0.0,0.1795051558451219
fbc_tfnbs,"e=0.8,h=8.0,n=30,start_thres=1.25,min_cluster_size=3",hub,0.25,30,6,40,1730,17,0,23,1730,0.425,0.0,1.0,0.0,0.1795051558451219
fbc_tfnbs,"e=0.8,h=9.0,n=30,start_thres=1.25,min_cluster_size=3",hub,0.25,30,6,40,1730,18,0,22,1730,0.45,0.0,1.0,0.0,0.1795051558451219
fbc_tfnbs,"e=0.8,h=10.0,n=30,start_thres=1.25,min_cluster_size=3",hub,0.25,30,6,40,1730,18,0,22,1730,0.45,0.0,1.0,0.0,0.1795051558451219
fbc_tfnbs,"e=0.9,h=0.5,n=30,start_thres=1.25,min_cluster_size=3",hub,0.25,30,6,40,1730,0,0,40,1730,0.0,0.0,0.0,0.0,0.1795051558451219
fbc_tfnbs,"e=0.9,h=1.0,n=30,start_thres=1.25,min_cluster_size=3",hub,0.25,30,6,40,1730,0,0,40,1730,0.0,0.0,0.0,0.0,0.1795051558451219
fbc_tfnbs,"e=0.9,h=2.0,n=30,start_thres=1.25,min_cluster_size=3",hub,0.25,30,6,40,1730,8,0,32,1730,0.2,0.0,1.0,0.0,0.1795051558451219
fbc_tfnbs,"e=0.9,h=3.0,n=30,start_thres=1.25,min_cluster_size=3",hub,0.25,30,6,40,1730,10,0,30,1730,0.25,0.0,1.0,0.0,0.1795051558451219
fbc_tfnbs,"e=0.9,h=4.0,n=30,start_thres=1.25,min_cluster_size=3",hub,0.25,30,6,40,1730,10,0,30,1730,0.25,0.0,1.0,0.0,0.1795051558451219
fbc_tfnbs,"e=0.9,h=5.0,n=30,start_thres=1.25,min_cluster_size=3",hub,0.25,30,6,40,1730,10,0,30,1730,0.25,0.0,1.0,0.0,0.1795051558451219
fbc_tfnbs,"e=0.9,h=6.0,n=30,start_thres=1.25,min_cluster_size=3",hub,0.25,30,6,40,1730,17,0,23,1730,0.425,0.0,1.0,0.0,0.1795051558451219
fbc_tfnbs,"e=0.9,h=7.0,n=30,start_thres=1.25,min_cluster_size=3",hub,0.25,30,6,40,1730,17,0,23,1730,0.425,0.0,1.0,0.0,0.1795051558451219
fbc_tfnbs,"e=0.9,h=8.0,n=30,start_thres=1.25,min_cluster_size=3",hub,0.25,30,6,40,1730,17,0,23,1730,0.425,0.0,1.0,0.0,0.1795051558451219
fbc_tfnbs,"e=0.9,h=9.0,n=30,start_thres=1.25,min_cluster_size=3",hub,0.25,30,6,40,1730,18,0,22,1730,0.45,0.0,1.0,0.0,0.1795051558451219
fbc_tfnbs,"e=0.9,h=10.0,n=30,start_thres=1.25,min_cluster_size=3",hub,0.25,30,6,40,1730,18,0,22,1730,0.45,0.0,1.0,0.0,0.1795051558451219
fbc_tfnbs,"e=1.0,h=0.5,n=30,start_thres=1.25,min_cluster_size=3",hub,0.25,30,6,40,1730,0,0,40,1730,0.0,0.0,0.0,0.0,0.1795051558451219
fbc_tfnbs,"e=1.0,h=1.0,n=30,start_thres=1.25,min_cluster_size=3",hub,0.25,30,6,40,1730,0,0,40,1730,0.0,0.0,0.0,0.0,0.1795051558451219
fbc_tfnbs,"e=1.0,h=2.0,n=30,start_thres=1.25,min_cluster_size=3",hub,0.25,30,6,40,1730,4,0,36,1730,0.1,0.0,1.0,0.0,0.1795051558451219
fbc_tfnbs,"e=1.0,h=3.0,n=30,start_thres=1.25,min_cluster_size=3",hub,0.25,30,6,40,1730,10,0,30,1730,0.25,0.0,1.0,0.0,0.1795051558451219
fbc_tfnbs,"e=1.0,h=4.0,n=30,start_thres=1.25,min_cluster_size=3",hub,0.25,30,6,40,1730,10,0,30,1730,0.25,0.0,1.0,0.0,0.1795051558451219
fbc_tfnbs,"e=1.0,h=5.0,n=30,start_thres=1.25,min_cluster_size=3",hub,0.25,30,6,40,1730,10,0,30,1730,0.25,0.0,1.0,0.0,0.1795051558451219
fbc_tfnbs,"e=1.0,h=6.0,n=30,start_thres=1.25,min_cluster_size=3",hub,0.25,30,6,40,1730,14,0,26,1730,0.35,0.0,1.0,0.0,0.1795051558451219
fbc_tfnbs,"e=1.0,h=7.0,n=30,start_thres=1.25,min_cluster_size=3",hub,0.25,30,6,40,1730,17,0,23,1730,0.425,0.0,1.0,0.0,0.1795051558451219
fbc_tfnbs,"e=1.0,h=8.0,n=30,start_thres=1.25,min_cluster_size=3",hub,0.25,30,6,40,1730,17,0,23,1730,0.425,0.0,1.0,0.0,0.1795051558451219
fbc_tfnbs,"e=1.0,h=9.0,n=30,start_thres=1.25,min_cluster_size=3",hub,0.25,30,6,40,1730,18,0,22,1730,0.45,0.0,1.0,0.0,0.1795051558451219
fbc_tfnbs,"e=1.0,h=10.0,n=30,start_thres=1.25,min_cluster_size=3",hub,0.25,30,6,40,1730,18,0,22,1730,0.45,0.0,1.0,0.0,0.1795051558451219
fbc_tfnbs,"e=1.1,h=0.5,n=30,start_thres=1.25,min_cluster_size=3",hub,0.25,30,6,40,1730,0,0,40,1730,0.0,0.0,0.0,0.0,0.1795051558451219
fbc_tfnbs,"e=1.1,h=1.0,n=30,start_thres=1.25,min_cluster_size=3",hub,0.25,30,6,40,1730,0,0,40,1730,0.0,0.0,0.0,0.0,0.1795051558451219
fbc_tfnbs,"e=1.1,h=2.0,n=30,start_thres=1.25,min_cluster_size=3",hub,0.25,30,6,40,1730,4,0,36,1730,0.1,0.0,1.0,0.0,0.1795051558451219
fbc_tfnbs,"e=1.1,h=3.0,n=30,start_thres=1.25,min_cluster_size=3",hub,0.25,30,6,40,1730,8,0,32,1730,0.2,0.0,1.0,0.0,0.1795051558451219
fbc_tfnbs,"e=1.1,h=4.0,n=30,start_thres=1.25,min_cluster_size=3",hub,0.25,30,6,40,1730,10,0,30,1730,0.25,0.0,1.0,0.0,0.1795051558451219
fbc_tfnbs,"e=1.1,h=5.0,n=30,start_thres=1.25,min_cluster_size=3",hub,0.25,30,6,40,1730,10,0,30,1730,0.25,0.0,1.0,0.0,0.1795051558451219
fbc_tfnbs,"e=1.1,h=6.0,n=30,start_thres=1.25,min_cluster_size=3",hub,0.25,30,6,40,1730,10,0,30,1730,0.25,0.0,1.0,0.0,0.1795051558451219
fbc_tfnbs,"e=1.1,h=7.0,n=30,start_thres=1.25,min_cluster_size=3",hub,0.25,30,6,40,1730,18,0,22,1730,0.45,0.0,1.0,0.0,0.1795051558451219
fbc_tfnbs,"e=1.1,h=8.0,n=30,start_thres=1.25,min_cluster_size=3",hub,0.25,30,6,40,1730,18,0,22,1730,0.45,0.0,1.0,0.0,0.1795051558451219
fbc_tfnbs,"e=1.1,h=9.0,n=30,start_thres=1.25,min_cluster_size=3",hub,0.25,30,6,40,1730,18,0,22,1730,0.45,0.0,1.0,0.0,0.1795051558451219
fbc_tfnbs,"e=1.1,h=10.0,n=30,start_thres=1.25,min_cluster_size=3",hub,0.25,30,6,40,1730,18,0,22,1730,0.45,0.0,1.0,0.0,0.1795051558451219
fbc_tfnbs,"e=1.2,h=0.5,n=30,start_thres=1.25,min_cluster_size=3",hub,0.25,30,6,40,1730,0,0,40,1730,0.0,0.0,0.0,0.0,0.1795051558451219
fbc_tfnbs,"e=1.2,h=1.0,n=30,start_thres=1.25,min_cluster_size=3",hub,0.25,30,6,40,1730,0,0,40,1730,0.0,0.0,0.0,0.0,0.1795051558451219
fbc_tfnbs,"e=1.2,h=2.0,n=30,start_thres=1.25,min_cluster_size=3",hub,0.25,30,6,40,1730,0,0,40,1730,0.0,0.0,0.0,0.0,0.1795051558451219
fbc_tfnbs,"e=1.2,h=3.0,n=30,start_thres=1.25,min_cluster_size=3",hub,0.25,30,6,40,1730,5,0,35,1730,0.125,0.0,1.0,0.0,0.1795051558451219
fbc_tfnbs,"e=1.2,h=4.0,n=30,start_thres=1.25,min_cluster_size=3",hub,0.25,30,6,40,1730,10,0,30,1730,0.25,0.0,1.0,0.0,0.1795051558451219
fbc_tfnbs,"e=1.2,h=5.0,n=30,start_thres=1.25,min_cluster_size=3",hub,0.25,30,6,40,1730,10,0,30,1730,0.25,0.0,1.0,0.0,0.1795051558451219
fbc_tfnbs,"e=1.2,h=6.0,n=30,start_thres=1.25,min_cluster_size=3",hub,0.25,30,6,40,1730,10,0,30,1730,0.25,0.0,1.0,0.0,0.1795051558451219
fbc_tfnbs,"e=1.2,h=7.0,n=30,start_thres=1.25,min_cluster_size=3",hub,0.25,30,6,40,1730,15,0,25,1730,0.375,0.0,1.0,0.0,0.1795051558451219
fbc_tfnbs,"e=1.2,h=8.0,n=30,start_thres=1.25,min_cluster_size=3",hub,0.25,30,6,40,1730,18,0,22,1730,0.45,0.0,1.0,0.0,0.1795051558451219
fbc_tfnbs,"e=1.2,h=9.0,n=30,start_thres=1.25,min_cluster_size=3",hub,0.25,30,6,40,1730,18,0,22,1730,0.45,0.0,1.0,0.0,0.1795051558451219
fbc_tfnbs,"e=1.2,h=10.0,n=30,start_thres=1.25,min_cluster_size=3",hub,0.25,30,6,40,1730,19,0,21,1730,0.475,0.0,1.0,0.0,0.1795051558451219
fbc_tfnbs,"e=1.3,h=0.5,n=30,start_thres=1.25,min_cluster_size=3",hub,0.25,30,6,40,1730,0,0,40,1730,0.0,0.0,0.0,0.0,0.1795051558451219
fbc_tfnbs,"e=1.3,h=1.0,n=30,start_thres=1.25,min_cluster_size=3",hub,0.25,30,6,40,1730,0,0,40,1730,0.0,0.0,0.0,0.0,0.1795051558451219
fbc_tfnbs,"e=1.3,h=2.0,n=30,start_thres=1.25,min_cluster_size=3",hub,0.25,30,6,40,1730,0,0,40,1730,0.0,0.0,0.0,0.0,0.1795051558451219
fbc_tfnbs,"e=1.3,h=3.0,n=30,start_thres=1.25,min_cluster_size=3",hub,0.25,30,6,40,1730,4,0,36,1730,0.1,0.0,1.0,0.0,0.1795051558451219
fbc_tfnbs,"e=1.3,h=4.0,n=30,start_thres=1.25,min_cluster_size=3",hub,0.25,30,6,40,1730,10,0,30,1730,0.25,0.0,1.0,0.0,0.1795051558451219
fbc_tfnbs,"e=1.3,h=5.0,n=30,start_thres=1.25,min_cluster_size=3",hub,0.25,30,6,40,1730,10,0,30,1730,0.25,0.0,1.0,0.0,0.1795051558451219
fbc_tfnbs,"e=1.3,h=6.0,n=30,start_thres=1.25,min_cluster_size=3",hub,0.25,30,6,40,1730,10,0,30,1730,0.25,0.0,1.0,0.0,0.1795051558451219
fbc_tfnbs,"e=1.3,h=7.0,n=30,start_thres=1.25,min_cluster_size=3",hub,0.25,30,6,40,1730,12,0,28,1730,0.3,0.0,1.0,0.0,0.1795051558451219
fbc_tfnbs,"e=1.3,h=8.0,n=30,start_thres=1.25,min_cluster_size=3",hub,0.25,30,6,40,1730,18,0,22,1730,0.45,0.0,1.0,0.0,0.1795051558451219
fbc_tfnbs,"e=1.3,h=9.0,n=30,start_thres=1.25,min_cluster_size=3",hub,0.25,30,6,40,1730,18,0,22,1730,0.45,0.0,1.0,0.0,0.1795051558451219
fbc_tfnbs,"e=1.3,h=10.0,n=30,start_thres=1.25,min_cluster_size=3",hub,0.25,30,6,40,1730,18,0,22,1730,0.45,0.0,1.0,0.0,0.1795051558451219
fbc_tfnbs,"e=1.4,h=0.5,n=30,start_thres=1.25,min_cluster_size=3",hub,0.25,30,6,40,1730,0,0,40,1730,0.0,0.0,0.0,0.0,0.1795051558451219
fbc_tfnbs,"e=1.4,h=1.0,n=30,start_thres=1.25,min_cluster_size=3",hub,0.25,30,6,40,1730,0,0,40,1730,0.0,0.0,0.0,0.0,0.1795051558451219
fbc_tfnbs,"e=1.4,h=2.0,n=30,start_thres=1.25,min_cluster_size=3",hub,0.25,30,6,40,1730,0,0,40,1730,0.0,0.0,0.0,0.0,0.1795051558451219
fbc_tfnbs,"e=1.4,h=3.0,n=30,start_thres=1.25,min_cluster_size=3",hub,0.25,30,6,40,1730,3,0,37,1730,0.075,0.0,1.0,0.0,0.1795051558451219
fbc_tfnbs,"e=1.4,h=4.0,n=30,start_thres=1.25,min_cluster_size=3",hub,0.25,30,6,40,1730,8,0,32,1730,0.2,0.0,1.0,0.0,0.1795051558451219
fbc_tfnbs,"e=1.4,h=5.0,n=30,start_thres=1.25,min_cluster_size=3",hub,0.25,30,6,40,1730,10,0,30,1730,0.25,0.0,1.0,0.0,0.1795051558451219
fbc_tfnbs,"e=1.4,h=6.0,n=30,start_thres=1.25,min_cluster_size=3",hub,0.25,30,6,40,1730,10,0,30,1730,0.25,0.0,1.0,0.0,0.1795051558451219
fbc_tfnbs,"e=1.4,h=7.0,n=30,start_thres=1.25,min_cluster_size=3",hub,0.25,30,6,40,1730,10,0,30,1730,0.25,0.0,1.0,0.0,0.1795051558451219
fbc_tfnbs,"e=1.4,h=8.0,n=30,start_thres=1.25,min_cluster_size=3",hub,0.25,30,6,40,1730,15,0,25,1730,0.375,0.0,1.0,0.0,0.1795051558451219
fbc_tfnbs,"e=1.4,h=9.0,n=30,start_thres=1.25,min_cluster_size=3",hub,0.25,30,6,40,1730,18,0,22,1730,0.45,0.0,1.0,0.0,0.1795051558451219
fbc_tfnbs,"e=1.4,h=10.0,n=30,start_thres=1.25,min_cluster_size=3",hub,0.25,30,6,40,1730,18,0,22,1730,0.45,0.0,1.0,0.0,0.1795051558451219
fbc_tfnbs,"e=1.5,h=0.5,n=30,start_thres=1.25,min_cluster_size=3",hub,0.25,30,6,40,1730,0,0,40,1730,0.0,0.0,0.0,0.0,0.1795051558451219
fbc_tfnbs,"e=1.5,h=1.0,n=30,start_thres=1.25,min_cluster_size=3",hub,0.25,30,6,40,1730,0,0,40,1730,0.0,0.0,0.0,0.0,0.1795051558451219
fbc_tfnbs,"e=1.5,h=2.0,n=30,start_thres=1.25,min_cluster_size=3",hub,0.25,30,6,40,1730,0,0,40,1730,0.0,0.0,0.0,0.0,0.1795051558451219
fbc_tfnbs,"e=1.5,h=3.0,n=30,start_thres=1.25,min_cluster_size=3",hub,0.25,30,6,40,1730,0,0,40,1730,0.0,0.0,0.0,0.0,0.1795051558451219
fbc_tfnbs,"e=1.5,h=4.0,n=30,start_thres=1.25,min_cluster_size=3",hub,0.25,30,6,40,1730,4,0,36,1730,0.1,0.0,1.0,0.0,0.1795051558451219
fbc_tfnbs,"e=1.5,h=5.0,n=30,start_thres=1.25,min_cluster_size=3",hub,0.25,30,6,40,1730,10,0,30,1730,0.25,0.0,1.0,0.0,0.1795051558451219
fbc_tfnbs,"e=1.5,h=6.0,n=30,start_thres=1.25,min_cluster_size=3",hub,0.25,30,6,40,1730,10,0,30,1730,0.25,0.0,1.0,0.0,0.1795051558451219
fbc_tfnbs,"e=1.5,h=7.0,n=30,start_thres=1.25,min_cluster_size=3",hub,0.25,30,6,40,1730,10,0,30,1730,0.25,0.0,1.0,0.0,0.1795051558451219
fbc_tfnbs,"e=1.5,h=8.0,n=30,start_thres=1.25,min_cluster_size=3",hub,0.25,30,6,40,1730,12,0,28,1730,0.3,0.0,1.0,0.0,0.1795051558451219
fbc_tfnbs,"e=1.5,h=9.0,n=30,start_thres=1.25,min_cluster_size=3",hub,0.25,30,6,40,1730,18,0,22,1730,0.45,0.0,1.0,0.0,0.1795051558451219
fbc_tfnbs,"e=1.5,h=10.0,n=30,start_thres=1.25,min_cluster_size=3",hub,0.25,30,6,40,1730,18,0,22,1730,0.45,0.0,1.0,0.0,0.1795051558451219
fbc_tfnbs,"e=0.05,h=0.5,n=30,start_thres=1.25,min_cluster_size=3",hub,0.25,30,7,40,1730,0,0,40,1730,0.0,0.0,0.0,0.0,0.1765486638654362
fbc_tfnbs,"e=0.05,h=1.0,n=30,start_thres=1.25,min_cluster_size=3",hub,0.25,30,7,40,1730,0,0,40,1730,0.0,0.0,0.0,0.0,0.1765486638654362
fbc_tfnbs,"e=0.05,h=2.0,n=30,start_thres=1.25,min_cluster_size=3",hub,0.25,30,7,40,1730,0,0,40,1730,0.0,0.0,0.0,0.0,0.1765486638654362
fbc_tfnbs,"e=0.05,h=3.0,n=30,start_thres=1.25,min_cluster_size=3",hub,0.25,30,7,40,1730,0,0,40,1730,0.0,0.0,0.0,0.0,0.1765486638654362
fbc_tfnbs,"e=0.05,h=4.0,n=30,start_thres=1.25,min_cluster_size=3",hub,0.25,30,7,40,1730,0,0,40,1730,0.0,0.0,0.0,0.0,0.1765486638654362
fbc_tfnbs,"e=0.05,h=5.0,n=30,start_thres=1.25,min_cluster_size=3",hub,0.25,30,7,40,1730,0,0,40,1730,0.0,0.0,0.0,0.0,0.1765486638654362
fbc_tfnbs,"e=0.05,h=6.0,n=30,start_thres=1.25,min_cluster_size=3",hub,0.25,30,7,40,1730,0,0,40,1730,0.0,0.0,0.0,0.0,0.1765486638654362
fbc_tfnbs,"e=0.05,h=7.0,n=30,start_thres=1.25,min_cluster_size=3",hub,0.25,30,7,40,1730,0,0,40,1730,0.0,0.0,0.0,0.0,0.1765486638654362
fbc_tfnbs,"e=0.05,h=8.0,n=30,start_thres=1.25,min_cluster_size=3",hub,0.25,30,7,40,1730,0,0,40,1730,0.0,0.0,0.0,0.0,0.1765486638654362
fbc_tfnbs,"e=0.05,h=9.0,n=30,start_thres=1.25,min_cluster_size=3",hub,0.25,30,7,40,1730,0,0,40,1730,0.0,0.0,0.0,0.0,0.1765486638654362
fbc_tfnbs,"e=0.05,h=10.0,n=30,start_thres=1.25,min_cluster_size=3",hub,0.25,30,7,40,1730,0,0,40,1730,0.0,0.0,0.0,0.0,0.1765486638654362
fbc_tfnbs,"e=0.1,h=0.5,n=30,start_thres=1.25,min_cluster_size=3",hub,0.25,30,7,40,1730,0,0,40,1730,0.0,0.0,0.0,0.0,0.1765486638654362
fbc_tfnbs,"e=0.1,h=1.0,n=30,start_thres=1.25,min_cluster_size=3",hub,0.25,30,7,40,1730,0,0,40,1730,0.0,0.0,0.0,0.0,0.1765486638654362
fbc_tfnbs,"e=0.1,h=2.0,n=30,start_thres=1.25,min_cluster_size=3",hub,0.25,30,7,40,1730,0,0,40,1730,0.0,0.0,0.0,0.0,0.1765486638654362
fbc_tfnbs,"e=0.1,h=3.0,n=30,start_thres=1.25,min_cluster_size=3",hub,0.25,30,7,40,1730,0,0,40,1730,0.0,0.0,0.0,0.0,0.1765486638654362
fbc_tfnbs,"e=0.1,h=4.0,n=30,start_thres=1.25,min_cluster_size=3",hub,0.25,30,7,40,1730,0,0,40,1730,0.0,0.0,0.0,0.0,0.1765486638654362
fbc_tfnbs,"e=0.1,h=5.0,n=30,start_thres=1.25,min_cluster_size=3",hub,0.25,30,7,40,1730,0,0,40,1730,0.0,0.0,0.0,0.0,0.1765486638654362
fbc_tfnbs,"e=0.1,h=6.0,n=30,start_thres=1.25,min_cluster_size=3",hub,0.25,30,7,40,1730,0,0,40,1730,0.0,0.0,0.0,0.0,0.1765486638654362
fbc_tfnbs,"e=0.1,h=7.0,n=30,start_thres=1.25,min_cluster_size=3",hub,0.25,30,7,40,1730,0,0,40,1730,0.0,0.0,0.0,0.0,0.1765486638654362
fbc_tfnbs,"e=0.1,h=8.0,n=30,start_thres=1.25,min_cluster_size=3",hub,0.25,30,7,40,1730,0,0,40,1730,0.0,0.0,0.0,0.0,0.1765486638654362
fbc_tfnbs,"e=0.1,h=9.0,n=30,start_thres=1.25,min_cluster_size=3",hub,0.25,30,7,40,1730,0,0,40,1730,0.0,0.0,0.0,0.0,0.1765486638654362
fbc_tfnbs,"e=0.1,h=10.0,n=30,start_thres=1.25,min_cluster_size=3",hub,0.25,30,7,40,1730,0,0,40,1730,0.0,0.0,0.0,0.0,0.1765486638654362
fbc_tfnbs,"e=0.2,h=0.5,n=30,start_thres=1.25,min_cluster_size=3",hub,0.25,30,7,40,1730,0,0,40,1730,0.0,0.0,0.0,0.0,0.1765486638654362
fbc_tfnbs,"e=0.2,h=1.0,n=30,start_thres=1.25,min_cluster_size=3",hub,0.25,30,7,40,1730,0,0,40,1730,0.0,0.0,0.0,0.0,0.1765486638654362
fbc_tfnbs,"e=0.2,h=2.0,n=30,start_thres=1.25,min_cluster_size=3",hub,0.25,30,7,40,1730,0,0,40,1730,0.0,0.0,0.0,0.0,0.1765486638654362
fbc_tfnbs,"e=0.2,h=3.0,n=30,start_thres=1.25,min_cluster_size=3",hub,0.25,30,7,40,1730,0,0,40,1730,0.0,0.0,0.0,0.0,0.1765486638654362
fbc_tfnbs,"e=0.2,h=4.0,n=30,start_thres=1.25,min_cluster_size=3",hub,0.25,30,7,40,1730,0,0,40,1730,0.0,0.0,0.0,0.0,0.1765486638654362
fbc_tfnbs,"e=0.2,h=5.0,n=30,start_thres=1.25,min_cluster_size=3",hub,0.25,30,7,40,1730,0,0,40,1730,0.0,0.0,0.0,0.0,0.1765486638654362
fbc_tfnbs,"e=0.2,h=6.0,n=30,start_thres=1.25,min_cluster_size=3",hub,0.25,30,7,40,1730,0,0,40,1730,0.0,0.0,0.0,0.0,0.1765486638654362
fbc_tfnbs,"e=0.2,h=7.0,n=30,start_thres=1.25,min_cluster_size=3",hub,0.25,30,7,40,1730,0,0,40,1730,0.0,0.0,0.0,0.0,0.1765486638654362
fbc_tfnbs,"e=0.2,h=8.0,n=30,start_thres=1.25,min_cluster_size=3",hub,0.25,30,7,40,1730,0,0,40,1730,0.0,0.0,0.0,0.0,0.1765486638654362
fbc_tfnbs,"e=0.2,h=9.0,n=30,start_thres=1.25,min_cluster_size=3",hub,0.25,30,7,40,1730,0,0,40,1730,0.0,0.0,0.0,0.0,0.1765486638654362
fbc_tfnbs,"e=0.2,h=10.0,n=30,start_thres=1.25,min_cluster_size=3",hub,0.25,30,7,40,1730,0,0,40,1730,0.0,0.0,0.0,0.0,0.1765486638654362
fbc_tfnbs,"e=0.3,h=0.5,n=30,start_thres=1.25,min_cluster_size=3",hub,0.25,30,7,40,1730,0,0,40,1730,0.0,0.0,0.0,0.0,0.1765486638654362
fbc_tfnbs,"e=0.3,h=1.0,n=30,start_thres=1.25,min_cluster_size=3",hub,0.25,30,7,40,1730,0,0,40,1730,0.0,0.0,0.0,0.0,0.1765486638654362
fbc_tfnbs,"e=0.3,h=2.0,n=30,start_thres=1.25,min_cluster_size=3",hub,0.25,30,7,40,1730,0,0,40,1730,0.0,0.0,0.0,0.0,0.1765486638654362
fbc_tfnbs,"e=0.3,h=3.0,n=30,start_thres=1.25,min_cluster_size=3",hub,0.25,30,7,40,1730,0,0,40,1730,0.0,0.0,0.0,0.0,0.1765486638654362
fbc_tfnbs,"e=0.3,h=4.0,n=30,start_thres=1.25,min_cluster_size=3",hub,0.25,30,7,40,1730,0,0,40,1730,0.0,0.0,0.0,0.0,0.1765486638654362
fbc_tfnbs,"e=0.3,h=5.0,n=30,start_thres=1.25,min_cluster_size=3",hub,0.25,30,7,40,1730,0,0,40,1730,0.0,0.0,0.0,0.0,0.1765486638654362
fbc_tfnbs,"e=0.3,h=6.0,n=30,start_thres=1.25,min_cluster_size=3",hub,0.25,30,7,40,1730,0,0,40,1730,0.0,0.0,0.0,0.0,0.1765486638654362
fbc_tfnbs,"e=0.3,h=7.0,n=30,start_thres=1.25,min_cluster_size=3",hub,0.25,30,7,40,1730,0,0,40,1730,0.0,0.0,0.0,0.0,0.1765486638654362
fbc_tfnbs,"e=0.3,h=8.0,n=30,start_thres=1.25,min_cluster_size=3",hub,0.25,30,7,40,1730,0,0,40,1730,0.0,0.0,0.0,0.0,0.1765486638654362
fbc_tfnbs,"e=0.3,h=9.0,n=30,start_thres=1.25,min_cluster_size=3",hub,0.25,30,7,40,1730,0,0,40,1730,0.0,0.0,0.0,0.0,0.1765486638654362
fbc_tfnbs,"e=0.3,h=10.0,n=30,start_thres=1.25,min_cluster_size=3",hub,0.25,30,7,40,1730,0,0,40,1730,0.0,0.0,0.0,0.0,0.1765486638654362
fbc_tfnbs,"e=0.4,h=0.5,n=30,start_thres=1.25,min_cluster_size=3",hub,0.25,30,7,40,1730,0,0,40,1730,0.0,0.0,0.0,0.0,0.1765486638654362
fbc_tfnbs,"e=0.4,h=1.0,n=30,start_thres=1.25,min_cluster_size=3",hub,0.25,30,7,40,1730,0,0,40,1730,0.0,0.0,0.0,0.0,0.1765486638654362
fbc_tfnbs,"e=0.4,h=2.0,n=30,start_thres=1.25,min_cluster_size=3",hub,0.25,30,7,40,1730,0,0,40,1730,0.0,0.0,0.0,0.0,0.1765486638654362
fbc_tfnbs,"e=0.4,h=3.0,n=30,start_thres=1.25,min_cluster_size=3",hub,0.25,30,7,40,1730,0,0,40,1730,0.0,0.0,0.0,0.0,0.1765486638654362
fbc_tfnbs,"e=0.4,h=4.0,n=30,start_thres=1.25,min_cluster_size=3",hub,0.25,30,7,40,1730,0,0,40,1730,0.0,0.0,0.0,0.0,0.1765486638654362
fbc_tfnbs,"e=0.4,h=5.0,n=30,start_thres=1.25,min_cluster_size=3",hub,0.25,30,7,40,1730,0,0,40,1730,0.0,0.0,0.0,0.0,0.1765486638654362
fbc_tfnbs,"e=0.4,h=6.0,n=30,start_thres=1.25,min_cluster_size=3",hub,0.25,30,7,40,1730,0,0,40,1730,0.0,0.0,0.0,0.0,0.1765486638654362
fbc_tfnbs,"e=0.4,h=7.0,n=30,start_thres=1.25,min_cluster_size=3",hub,0.25,30,7,40,1730,0,0,40,1730,0.0,0.0,0.0,0.0,0.1765486638654362
fbc_tfnbs,"e=0.4,h=8.0,n=30,start_thres=1.25,min_cluster_size=3",hub,0.25,30,7,40,1730,0,0,40,1730,0.0,0.0,0.0,0.0,0.1765486638654362
fbc_tfnbs,"e=0.4,h=9.0,n=30,start_thres=1.25,min_cluster_size=3",hub,0.25,30,7,40,1730,0,0,40,1730,0.0,0.0,0.0,0.0,0.1765486638654362
fbc_tfnbs,"e=0.4,h=10.0,n=30,start_thres=1.25,min_cluster_size=3",hub,0.25,30,7,40,1730,0,0,40,1730,0.0,0.0,0.0,0.0,0.1765486638654362
fbc_tfnbs,"e=0.5,h=0.5,n=30,start_thres=1.25,min_cluster_size=3",hub,0.25,30,7,40,1730,0,0,40,1730,0.0,0.0,0.0,0.0,0.1765486638654362
fbc_tfnbs,"e=0.5,h=1.0,n=30,start_thres=1.25,min_cluster_size=3",hub,0.25,30,7,40,1730,0,0,40,1730,0.0,0.0,0.0,0.0,0.1765486638654362
fbc_tfnbs,"e=0.5,h=2.0,n=30,start_thres=1.25,min_cluster_size=3",hub,0.25,30,7,40,1730,0,0,40,1730,0.0,0.0,0.0,0.0,0.1765486638654362
fbc_tfnbs,"e=0.5,h=3.0,n=30,start_thres=1.25,min_cluster_size=3",hub,0.25,30,7,40,1730,0,0,40,1730,0.0,0.0,0.0,0.0,0.1765486638654362
fbc_tfnbs,"e=0.5,h=4.0,n=30,start_thres=1.25,min_cluster_size=3",hub,0.25,30,7,40,1730,0,0,40,1730,0.0,0.0,0.0,0.0,0.1765486638654362
fbc_tfnbs,"e=0.5,h=5.0,n=30,start_thres=1.25,min_cluster_size=3",hub,0.25,30,7,40,1730,0,0,40,1730,0.0,0.0,0.0,0.0,0.1765486638654362
fbc_tfnbs,"e=0.5,h=6.0,n=30,start_thres=1.25,min_cluster_size=3",hub,0.25,30,7,40,1730,0,0,40,1730,0.0,0.0,0.0,0.0,0.1765486638654362
fbc_tfnbs,"e=0.5,h=7.0,n=30,start_thres=1.25,min_cluster_size=3",hub,0.25,30,7,40,1730,0,0,40,1730,0.0,0.0,0.0,0.0,0.1765486638654362
fbc_tfnbs,"e=0.5,h=8.0,n=30,start_thres=1.25,min_cluster_size=3",hub,0.25,30,7,40,1730,0,0,40,1730,0.0,0.0,0.0,0.0,0.1765486638654362
fbc_tfnbs,"e=0.5,h=9.0,n=30,start_thres=1.25,min_cluster_size=3",hub,0.25,30,7,40,1730,0,0,40,1730,0.0,0.0,0.0,0.0,0.1765486638654362
fbc_tfnbs,"e=0.5,h=10.0,n=30,start_thres=1.25,min_cluster_size=3",hub,0.25,30,7,40,1730,0,0,40,1730,0.0,0.0,0.0,0.0,0.1765486638654362
fbc_tfnbs,"e=0.6,h=0.5,n=30,start_thres=1.25,min_cluster_size=3",hub,0.25,30,7,40,1730,0,0,40,1730,0.0,0.0,0.0,0.0,0.1765486638654362
fbc_tfnbs,"e=0.6,h=1.0,n=30,start_thres=1.25,min_cluster_size=3",hub,0.25,30,7,40,1730,0,0,40,1730,0.0,0.0,0.0,0.0,0.1765486638654362
fbc_tfnbs,"e=0.6,h=2.0,n=30,start_thres=1.25,min_cluster_size=3",hub,0.25,30,7,40,1730,0,0,40,1730,0.0,0.0,0.0,0.0,0.1765486638654362
fbc_tfnbs,"e=0.6,h=3.0,n=30,start_thres=1.25,min_cluster_size=3",hub,0.25,30,7,40,1730,0,0,40,1730,0.0,0.0,0.0,0.0,0.1765486638654362
fbc_tfnbs,"e=0.6,h=4.0,n=30,start_thres=1.25,min_cluster_size=3",hub,0.25,30,7,40,1730,0,0,40,1730,0.0,0.0,0.0,0.0,0.1765486638654362
fbc_tfnbs,"e=0.6,h=5.0,n=30,start_thres=1.25,min_cluster_size=3",hub,0.25,30,7,40,1730,0,0,40,1730,0.0,0.0,0.0,0.0,0.1765486638654362
fbc_tfnbs,"e=0.6,h=6.0,n=30,start_thres=1.25,min_cluster_size=3",hub,0.25,30,7,40,1730,0,0,40,1730,0.0,0.0,0.0,0.0,0.1765486638654362
fbc_tfnbs,"e=0.6,h=7.0,n=30,start_thres=1.25,min_cluster_size=3",hub,0.25,30,7,40,1730,0,0,40,1730,0.0,0.0,0.0,0.0,0.1765486638654362
fbc_tfnbs,"e=0.6,h=8.0,n=30,start_thres=1.25,min_cluster_size=3",hub,0.25,30,7,40,1730,0,0,40,1730,0.0,0.0,0.0,0.0,0.1765486638654362
fbc_tfnbs,"e=0.6,h=9.0,n=30,start_thres=1.25,min_cluster_size=3",hub,0.25,30,7,40,1730,0,0,40,1730,0.0,0.0,0.0,0.0,0.1765486638654362
fbc_tfnbs,"e=0.6,h=10.0,n=30,start_thres=1.25,min_cluster_size=3",hub,0.25,30,7,40,1730,0,0,40,1730,0.0,0.0,0.0,0.0,0.1765486638654362
fbc_tfnbs,"e=0.7,h=0.5,n=30,start_thres=1.25,min_cluster_size=3",hub,0.25,30,7,40,1730,0,0,40,1730,0.0,0.0,0.0,0.0,0.1765486638654362
fbc_tfnbs,"e=0.7,h=1.0,n=30,start_thres=1.25,min_cluster_size=3",hub,0.25,30,7,40,1730,0,0,40,1730,0.0,0.0,0.0,0.0,0.1765486638654362
fbc_tfnbs,"e=0.7,h=2.0,n=30,start_thres=1.25,min_cluster_size=3",hub,0.25,30,7,40,1730,0,0,40,1730,0.0,0.0,0.0,0.0,0.1765486638654362
fbc_tfnbs,"e=0.7,h=3.0,n=30,start_thres=1.25,min_cluster_size=3",hub,0.25,30,7,40,1730,0,0,40,1730,0.0,0.0,0.0,0.0,0.1765486638654362
fbc_tfnbs,"e=0.7,h=4.0,n=30,start_thres=1.25,min_cluster_size=3",hub,0.25,30,7,40,1730,0,0,40,1730,0.0,0.0,0.0,0.0,0.1765486638654362
fbc_tfnbs,"e=0.7,h=5.0,n=30,start_thres=1.25,min_cluster_size=3",hub,0.25,30,7,40,1730,0,0,40,1730,0.0,0.0,0.0,0.0,0.1765486638654362
fbc_tfnbs,"e=0.7,h=6.0,n=30,start_thres=1.25,min_cluster_size=3",hub,0.25,30,7,40,1730,0,0,40,1730,0.0,0.0,0.0,0.0,0.1765486638654362
fbc_tfnbs,"e=0.7,h=7.0,n=30,start_thres=1.25,min_cluster_size=3",hub,0.25,30,7,40,1730,0,0,40,1730,0.0,0.0,0.0,0.0,0.1765486638654362
fbc_tfnbs,"e=0.7,h=8.0,n=30,start_thres=1.25,min_cluster_size=3",hub,0.25,30,7,40,1730,0,0,40,1730,0.0,0.0,0.0,0.0,0.1765486638654362
fbc_tfnbs,"e=0.7,h=9.0,n=30,start_thres=1.25,min_cluster_size=3",hub,0.25,30,7,40,1730,0,0,40,1730,0.0,0.0,0.0,0.0,0.1765486638654362
fbc_tfnbs,"e=0.7,h=10.0,n=30,start_thres=1.25,min_cluster_size=3",hub,0.25,30,7,40,1730,0,0,40,1730,0.0,0.0,0.0,0.0,0.1765486638654362
fbc_tfnbs,"e=0.8,h=0.5,n=30,start_thres=1.25,min_cluster_size=3",hub,0.25,30,7,40,1730,0,0,40,1730,0.0,0.0,0.0,0.0,0.1765486638654362
fbc_tfnbs,"e=0.8,h=1.0,n=30,start_thres=1.25,min_cluster_size=3",hub,0.25,30,7,40,1730,0,0,40,1730,0.0,0.0,0.0,0.0,0.1765486638654362
fbc_tfnbs,"e=0.8,h=2.0,n=30,start_thres=1.25,min_cluster_size=3",hub,0.25,30,7,40,1730,0,0,40,1730,0.0,0.0,0.0,0.0,0.1765486638654362
fbc_tfnbs,"e=0.8,h=3.0,n=30,start_thres=1.25,min_cluster_size=3",hub,0.25,30,7,40,1730,0,0,40,1730,0.0,0.0,0.0,0.0,0.1765486638654362
fbc_tfnbs,"e=0.8,h=4.0,n=30,start_thres=1.25,min_cluster_size=3",hub,0.25,30,7,40,1730,0,0,40,1730,0.0,0.0,0.0,0.0,0.1765486638654362
fbc_tfnbs,"e=0.8,h=5.0,n=30,start_thres=1.25,min_cluster_size=3",hub,0.25,30,7,40,1730,0,0,40,1730,0.0,0.0,0.0,0.0,0.1765486638654362
fbc_tfnbs,"e=0.8,h=6.0,n=30,start_thres=1.25,min_cluster_size=3",hub,0.25,30,7,40,1730,0,0,40,1730,0.0,0.0,0.0,0.0,0.1765486638654362
fbc_tfnbs,"e=0.8,h=7.0,n=30,start_thres=1.25,min_cluster_size=3",hub,0.25,30,7,40,1730,0,0,40,1730,0.0,0.0,0.0,0.0,0.1765486638654362
fbc_tfnbs,"e=0.8,h=8.0,n=30,start_thres=1.25,min_cluster_size=3",hub,0.25,30,7,40,1730,0,0,40,1730,0.0,0.0,0.0,0.0,0.1765486638654362
fbc_tfnbs,"e=0.8,h=9.0,n=30,start_thres=1.25,min_cluster_size=3",hub,0.25,30,7,40,1730,0,0,40,1730,0.0,0.0,0.0,0.0,0.1765486638654362
fbc_tfnbs,"e=0.8,h=10.0,n=30,start_thres=1.25,min_cluster_size=3",hub,0.25,30,7,40,1730,0,0,40,1730,0.0,0.0,0.0,0.0,0.1765486638654362
fbc_tfnbs,"e=0.9,h=0.5,n=30,start_thres=1.25,min_cluster_size=3",hub,0.25,30,7,40,1730,0,0,40,1730,0.0,0.0,0.0,0.0,0.1765486638654362
fbc_tfnbs,"e=0.9,h=1.0,n=30,start_thres=1.25,min_cluster_size=3",hub,0.25,30,7,40,1730,0,0,40,1730,0.0,0.0,0.0,0.0,0.1765486638654362
fbc_tfnbs,"e=0.9,h=2.0,n=30,start_thres=1.25,min_cluster_size=3",hub,0.25,30,7,40,1730,0,0,40,1730,0.0,0.0,0.0,0.0,0.1765486638654362
fbc_tfnbs,"e=0.9,h=3.0,n=30,start_thres=1.25,min_cluster_size=3",hub,0.25,30,7,40,1730,0,0,40,1730,0.0,0.0,0.0,0.0,0.1765486638654362
fbc_tfnbs,"e=0.9,h=4.0,n=30,start_thres=1.25,min_cluster_size=3",hub,0.25,30,7,40,1730,0,0,40,1730,0.0,0.0,0.0,0.0,0.1765486638654362
fbc_tfnbs,"e=0.9,h=5.0,n=30,start_thres=1.25,min_cluster_size=3",hub,0.25,30,7,40,1730,0,0,40,1730,0.0,0.0,0.0,0.0,0.1765486638654362
fbc_tfnbs,"e=0.9,h=6.0,n=30,start_thres=1.25,min_cluster_size=3",hub,0.25,30,7,40,1730,0,0,40,1730,0.0,0.0,0.0,0.0,0.1765486638654362
fbc_tfnbs,"e=0.9,h=7.0,n=30,start_thres=1.25,min_cluster_size=3",hub,0.25,30,7,40,1730,0,0,40,1730,0.0,0.0,0.0,0.0,0.1765486638654362
fbc_tfnbs,"e=0.9,h=8.0,n=30,start_thres=1.25,min_cluster_size=3",hub,0.25,30,7,40,1730,0,0,40,1730,0.0,0.0,0.0,0.0,0.1765486638654362
fbc_tfnbs,"e=0.9,h=9.0,n=30,start_thres=1.25,min_cluster_size=3",hub,0.25,30,7,40,1730,0,0,40,1730,0.0,0.0,0.0,0.0,0.1765486638654362
fbc_tfnbs,"e=0.9,h=10.0,n=30,start_thres=1.25,min_cluster_size=3",hub,0.25,30,7,40,1730,0,0,40,1730,0.0,0.0,0.0,0.0,0.1765486638654362
fbc_tfnbs,"e=1.0,h=0.5,n=30,start_thres=1.25,min_cluster_size=3",hub,0.25,30,7,40,1730,0,0,40,1730,0.0,0.0,0.0,0.0,0.1765486638654362
fbc_tfnbs,"e=1.0,h=1.0,n=30,start_thres=1.25,min_cluster_size=3",hub,0.25,30,7,40,1730,0,0,40,1730,0.0,0.0,0.0,0.0,0.1765486638654362
fbc_tfnbs,"e=1.0,h=2.0,n=30,start_thres=1.25,min_cluster_size=3",hub,0.25,30,7,40,1730,0,0,40,1730,0.0,0.0,0.0,0.0,0.1765486638654362
fbc_tfnbs,"e=1.0,h=3.0,n=30,start_thres=1.25,min_cluster_size=3",hub,0.25,30,7,40,1730,0,0,40,1730,0.0,0.0,0.0,0.0,0.1765486638654362
fbc_tfnbs,"e=1.0,h=4.0,n=30,start_thres=1.25,min_cluster_size=3",hub,0.25,30,7,40,1730,0,0,40,1730,0.0,0.0,0.0,0.0,0.1765486638654362
fbc_tfnbs,"e=1.0,h=5.0,n=30,start_thres=1.25,min_cluster_size=3",hub,0.25,30,7,40,1730,0,0,40,1730,0.0,0.0,0.0,0.0,0.1765486638654362
fbc_tfnbs,"e=1.0,h=6.0,n=30,start_thres=1.25,min_cluster_size=3",hub,0.25,30,7,40,1730,0,0,40,1730,0.0,0.0,0.0,0.0,0.1765486638654362
fbc_tfnbs,"e=1.0,h=7.0,n=30,start_thres=1.25,min_cluster_size=3",hub,0.25,30,7,40,1730,0,0,40,1730,0.0,0.0,0.0,0.0,0.1765486638654362
fbc_tfnbs,"e=1.0,h=8.0,n=30,start_thres=1.25,min_cluster_size=3",hub,0.25,30,7,40,1730,0,0,40,1730,0.0,0.0,0.0,0.0,0.1765486638654362
fbc_tfnbs,"e=1.0,h=9.0,n=30,start_thres=1.25,min_cluster_size=3",hub,0.25,30,7,40,1730,0,0,40,1730,0.0,0.0,0.0,0.0,0.1765486638654362
fbc_tfnbs,"e=1.0,h=10.0,n=30,start_thres=1.25,min_cluster_size=3",hub,0.25,30,7,40,1730,0,0,40,1730,0.0,0.0,0.0,0.0,0.1765486638654362
fbc_tfnbs,"e=1.1,h=0.5,n=30,start_thres=1.25,min_cluster_size=3",hub,0.25,30,7,40,1730,0,0,40,1730,0.0,0.0,0.0,0.0,0.1765486638654362
fbc_tfnbs,"e=1.1,h=1.0,n=30,start_thres=1.25,min_cluster_size=3",hub,0.25,30,7,40,1730,0,0,40,1730,0.0,0.0,0.0,0.0,0.1765486638654362
fbc_tfnbs,"e=1.1,h=2.0,n=30,start_thres=1.25,min_cluster_size=3",hub,0.25,30,7,40,1730,0,0,40,1730,0.0,0.0,0.0,0.0,0.1765486638654362
fbc_tfnbs,"e=1.1,h=3.0,n=30,start_thres=1.25,min_cluster_size=3",hub,0.25,30,7,40,1730,0,0,40,1730,0.0,0.0,0.0,0.0,0.1765486638654362
fbc_tfnbs,"e=1.1,h=4.0,n=30,start_thres=1.25,min_cluster_size=3",hub,0.25,30,7,40,1730,0,0,40,1730,0.0,0.0,0.0,0.0,0.1765486638654362
fbc_tfnbs,"e=1.1,h=5.0,n=30,start_thres=1.25,min_cluster_size=3",hub,0.25,30,7,40,1730,0,0,40,1730,0.0,0.0,0.0,0.0,0.1765486638654362
fbc_tfnbs,"e=1.1,h=6.0,n=30,start_thres=1.25,min_cluster_size=3",hub,0.25,30,7,40,1730,0,0,40,1730,0.0,0.0,0.0,0.0,0.1765486638654362
fbc_tfnbs,"e=1.1,h=7.0,n=30,start_thres=1.25,min_cluster_size=3",hub,0.25,30,7,40,1730,0,0,40,1730,0.0,0.0,0.0,0.0,0.1765486638654362
fbc_tfnbs,"e=1.1,h=8.0,n=30,start_thres=1.25,min_cluster_size=3",hub,0.25,30,7,40,1730,0,0,40,1730,0.0,0.0,0.0,0.0,0.1765486638654362
fbc_tfnbs,"e=1.1,h=9.0,n=30,start_thres=1.25,min_cluster_size=3",hub,0.25,30,7,40,1730,0,0,40,1730,0.0,0.0,0.0,0.0,0.1765486638654362
fbc_tfnbs,"e=1.1,h=10.0,n=30,start_thres=1.25,min_cluster_size=3",hub,0.25,30,7,40,1730,0,0,40,1730,0.0,0.0,0.0,0.0,0.1765486638654362
fbc_tfnbs,"e=1.2,h=0.5,n=30,start_thres=1.25,min_cluster_size=3",hub,0.25,30,7,40,1730,0,0,40,1730,0.0,0.0,0.0,0.0,0.1765486638654362
fbc_tfnbs,"e=1.2,h=1.0,n=30,start_thres=1.25,min_cluster_size=3",hub,0.25,30,7,40,1730,0,0,40,1730,0.0,0.0,0.0,0.0,0.1765486638654362
fbc_tfnbs,"e=1.2,h=2.0,n=30,start_thres=1.25,min_cluster_size=3",hub,0.25,30,7,40,1730,0,0,40,1730,0.0,0.0,0.0,0.0,0.1765486638654362
fbc_tfnbs,"e=1.2,h=3.0,n=30,start_thres=1.25,min_cluster_size=3",hub,0.25,30,7,40,1730,0,0,40,1730,0.0,0.0,0.0,0.0,0.1765486638654362
fbc_tfnbs,"e=1.2,h=4.0,n=30,start_thres=1.25,min_cluster_size=3",hub,0.25,30,7,40,1730,0,0,40,1730,0.0,0.0,0.0,0.0,0.1765486638654362
fbc_tfnbs,"e=1.2,h=5.0,n=30,start_thres=1.25,min_cluster_size=3",hub,0.25,30,7,40,1730,0,0,40,1730,0.0,0.0,0.0,0.0,0.1765486638654362
fbc_tfnbs,"e=1.2,h=6.0,n=30,start_thres=1.25,min_cluster_size=3",hub,0.25,30,7,40,1730,0,0,40,1730,0.0,0.0,0.0,0.0,0.1765486638654362
fbc_tfnbs,"e=1.2,h=7.0,n=30,start_thres=1.25,min_cluster_size=3",hub,0.25,30,7,40,1730,0,0,40,1730,0.0,0.0,0.0,0.0,0.1765486638654362
fbc_tfnbs,"e=1.2,h=8.0,n=30,start_thres=1.25,min_cluster_size=3",hub,0.25,30,7,40,1730,0,0,40,1730,0.0,0.0,0.0,0.0,0.1765486638654362
fbc_tfnbs,"e=1.2,h=9.0,n=30,start_thres=1.25,min_cluster_size=3",hub,0.25,30,7,40,1730,0,0,40,1730,0.0,0.0,0.0,0.0,0.1765486638654362
fbc_tfnbs,"e=1.2,h=10.0,n=30,start_thres=1.25,min_cluster_size=3",hub,0.25,30,7,40,1730,0,0,40,1730,0.0,0.0,0.0,0.0,0.1765486638654362
fbc_tfnbs,"e=1.3,h=0.5,n=30,start_thres=1.25,min_cluster_size=3",hub,0.25,30,7,40,1730,0,0,40,1730,0.0,0.0,0.0,0.0,0.1765486638654362
fbc_tfnbs,"e=1.3,h=1.0,n=30,start_thres=1.25,min_cluster_size=3",hub,0.25,30,7,40,1730,0,0,40,1730,0.0,0.0,0.0,0.0,0.1765486638654362
fbc_tfnbs,"e=1.3,h=2.0,n=30,start_thres=1.25,min_cluster_size=3",hub,0.25,30,7,40,1730,0,0,40,1730,0.0,0.0,0.0,0.0,0.1765486638654362
fbc_tfnbs,"e=1.3,h=3.0,n=30,start_thres=1.25,min_cluster_size=3",hub,0.25,30,7,40,1730,0,0,40,1730,0.0,0.0,0.0,0.0,0.1765486638654362
fbc_tfnbs,"e=1.3,h=4.0,n=30,start_thres=1.25,min_cluster_size=3",hub,0.25,30,7,40,1730,0,0,40,1730,0.0,0.0,0.0,0.0,0.1765486638654362
fbc_tfnbs,"e=1.3,h=5.0,n=30,start_thres=1.25,min_cluster_size=3",hub,0.25,30,7,40,1730,0,0,40,1730,0.0,0.0,0.0,0.0,0.1765486638654362
fbc_tfnbs,"e=1.3,h=6.0,n=30,start_thres=1.25,min_cluster_size=3",hub,0.25,30,7,40,1730,0,0,40,1730,0.0,0.0,0.0,0.0,0.1765486638654362
fbc_tfnbs,"e=1.3,h=7.0,n=30,start_thres=1.25,min_cluster_size=3",hub,0.25,30,7,40,1730,0,0,40,1730,0.0,0.0,0.0,0.0,0.1765486638654362
fbc_tfnbs,"e=1.3,h=8.0,n=30,start_thres=1.25,min_cluster_size=3",hub,0.25,30,7,40,1730,0,0,40,1730,0.0,0.0,0.0,0.0,0.1765486638654362
fbc_tfnbs,"e=1.3,h=9.0,n=30,start_thres=1.25,min_cluster_size=3",hub,0.25,30,7,40,1730,0,0,40,1730,0.0,0.0,0.0,0.0,0.1765486638654362
fbc_tfnbs,"e=1.3,h=10.0,n=30,start_thres=1.25,min_cluster_size=3",hub,0.25,30,7,40,1730,0,0,40,1730,0.0,0.0,0.0,0.0,0.1765486638654362
fbc_tfnbs,"e=1.4,h=0.5,n=30,start_thres=1.25,min_cluster_size=3",hub,0.25,30,7,40,1730,0,0,40,1730,0.0,0.0,0.0,0.0,0.1765486638654362
fbc_tfnbs,"e=1.4,h=1.0,n=30,start_thres=1.25,min_cluster_size=3",hub,0.25,30,7,40,1730,0,0,40,1730,0.0,0.0,0.0,0.0,0.1765486638654362
fbc_tfnbs,"e=1.4,h=2.0,n=30,start_thres=1.25,min_cluster_size=3",hub,0.25,30,7,40,1730,0,0,40,1730,0.0,0.0,0.0,0.0,0.1765486638654362
fbc_tfnbs,"e=1.4,h=3.0,n=30,start_thres=1.25,min_cluster_size=3",hub,0.25,30,7,40,1730,0,0,40,1730,0.0,0.0,0.0,0.0,0.1765486638654362
fbc_tfnbs,"e=1.4,h=4.0,n=30,start_thres=1.25,min_cluster_size=3",hub,0.25,30,7,40,1730,0,0,40,1730,0.0,0.0,0.0,0.0,0.1765486638654362
fbc_tfnbs,"e=1.4,h=5.0,n=30,start_thres=1.25,min_cluster_size=3",hub,0.25,30,7,40,1730,0,0,40,1730,0.0,0.0,0.0,0.0,0.1765486638654362
fbc_tfnbs,"e=1.4,h=6.0,n=30,start_thres=1.25,min_cluster_size=3",hub,0.25,30,7,40,1730,0,0,40,1730,0.0,0.0,0.0,0.0,0.1765486638654362
fbc_tfnbs,"e=1.4,h=7.0,n=30,start_thres=1.25,min_cluster_size=3",hub,0.25,30,7,40,1730,0,0,40,1730,0.0,0.0,0.0,0.0,0.1765486638654362
fbc_tfnbs,"e=1.4,h=8.0,n=30,start_thres=1.25,min_cluster_size=3",hub,0.25,30,7,40,1730,0,0,40,1730,0.0,0.0,0.0,0.0,0.1765486638654362
fbc_tfnbs,"e=1.4,h=9.0,n=30,start_thres=1.25,min_cluster_size=3",hub,0.25,30,7,40,1730,0,0,40,1730,0.0,0.0,0.0,0.0,0.1765486638654362
fbc_tfnbs,"e=1.4,h=10.0,n=30,start_thres=1.25,min_cluster_size=3",hub,0.25,30,7,40,1730,0,0,40,1730,0.0,0.0,0.0,0.0,0.1765486638654362
fbc_tfnbs,"e=1.5,h=0.5,n=30,start_thres=1.25,min_cluster_size=3",hub,0.25,30,7,40,1730,0,0,40,1730,0.0,0.0,0.0,0.0,0.1765486638654362
fbc_tfnbs,"e=1.5,h=1.0,n=30,start_thres=1.25,min_cluster_size=3",hub,0.25,30,7,40,1730,0,0,40,1730,0.0,0.0,0.0,0.0,0.1765486638654362
fbc_tfnbs,"e=1.5,h=2.0,n=30,start_thres=1.25,min_cluster_size=3",hub,0.25,30,7,40,1730,0,0,40,1730,0.0,0.0,0.0,0.0,0.1765486638654362
fbc_tfnbs,"e=1.5,h=3.0,n=30,start_thres=1.25,min_cluster_size=3",hub,0.25,30,7,40,1730,0,0,40,1730,0.0,0.0,0.0,0.0,0.1765486638654362
fbc_tfnbs,"e=1.5,h=4.0,n=30,start_thres=1.25,min_cluster_size=3",hub,0.25,30,7,40,1730,0,0,40,1730,0.0,0.0,0.0,0.0,0.1765486638654362
fbc_tfnbs,"e=1.5,h=5.0,n=30,start_thres=1.25,min_cluster_size=3",hub,0.25,30,7,40,1730,0,0,40,1730,0.0,0.0,0.0,0.0,0.1765486638654362
fbc_tfnbs,"e=1.5,h=6.0,n=30,start_thres=1.25,min_cluster_size=3",hub,0.25,30,7,40,1730,0,0,40,1730,0.0,0.0,0.0,0.0,0.1765486638654362
fbc_tfnbs,"e=1.5,h=7.0,n=30,start_thres=1.25,min_cluster_size=3",hub,0.25,30,7,40,1730,0,0,40,1730,0.0,0.0,0.0,0.0,0.1765486638654362
fbc_tfnbs,"e=1.5,h=8.0,n=30,start_thres=1.25,min_cluster_size=3",hub,0.25,30,7,40,1730,0,0,40,1730,0.0,0.0,0.0,0.0,0.1765486638654362
fbc_tfnbs,"e=1.5,h=9.0,n=30,start_thres=1.25,min_cluster_size=3",hub,0.25,30,7,40,1730,0,0,40,1730,0.0,0.0,0.0,0.0,0.1765486638654362
fbc_tfnbs,"e=1.5,h=10.0,n=30,start_thres=1.25,min_cluster_size=3",hub,0.25,30,7,40,1730,0,0,40,1730,0.0,0.0,0.0,0.0,0.1765486638654362
fbc_tfnbs,"e=0.05,h=0.5,n=30,start_thres=1.25,min_cluster_size=3",hub,0.25,30,8,40,1730,9,1,31,1729,0.225,0.0005780346820809,0.9,0.1,0.1787361380728808
fbc_tfnbs,"e=0.05,h=1.0,n=30,start_thres=1.25,min_cluster_size=3",hub,0.25,30,8,40,1730,9,1,31,1729,0.225,0.0005780346820809,0.9,0.1,0.1787361380728808
fbc_tfnbs,"e=0.05,h=2.0,n=30,start_thres=1.25,min_cluster_size=3",hub,0.25,30,8,40,1730,9,1,31,1729,0.225,0.0005780346820809,0.9,0.1,0.1787361380728808
fbc_tfnbs,"e=0.05,h=3.0,n=30,start_thres=1.25,min_cluster_size=3",hub,0.25,30,8,40,1730,9,1,31,1729,0.225,0.0005780346820809,0.9,0.1,0.1787361380728808
fbc_tfnbs,"e=0.05,h=4.0,n=30,start_thres=1.25,min_cluster_size=3",hub,0.25,30,8,40,1730,9,1,31,1729,0.225,0.0005780346820809,0.9,0.1,0.1787361380728808
fbc_tfnbs,"e=0.05,h=5.0,n=30,start_thres=1.25,min_cluster_size=3",hub,0.25,30,8,40,1730,9,1,31,1729,0.225,0.0005780346820809,0.9,0.1,0.1787361380728808
fbc_tfnbs,"e=0.05,h=6.0,n=30,start_thres=1.25,min_cluster_size=3",hub,0.25,30,8,40,1730,9,1,31,1729,0.225,0.0005780346820809,0.9,0.1,0.1787361380728808
fbc_tfnbs,"e=0.05,h=7.0,n=30,start_thres=1.25,min_cluster_size=3",hub,0.25,30,8,40,1730,9,1,31,1729,0.225,0.0005780346820809,0.9,0.1,0.1787361380728808
fbc_tfnbs,"e=0.05,h=8.0,n=30,start_thres=1.25,min_cluster_size=3",hub,0.25,30,8,40,1730,9,1,31,1729,0.225,0.0005780346820809,0.9,0.1,0.1787361380728808
fbc_tfnbs,"e=0.05,h=9.0,n=30,start_thres=1.25,min_cluster_size=3",hub,0.25,30,8,40,1730,9,1,31,1729,0.225,0.0005780346820809,0.9,0.1,0.1787361380728808
fbc_tfnbs,"e=0.05,h=10.0,n=30,start_thres=1.25,min_cluster_size=3",hub,0.25,30,8,40,1730,9,1,31,1729,0.225,0.0005780346820809,0.9,0.1,0.1787361380728808
fbc_tfnbs,"e=0.1,h=0.5,n=30,start_thres=1.25,min_cluster_size=3",hub,0.25,30,8,40,1730,9,1,31,1729,0.225,0.0005780346820809,0.9,0.1,0.1787361380728808
fbc_tfnbs,"e=0.1,h=1.0,n=30,start_thres=1.25,min_cluster_size=3",hub,0.25,30,8,40,1730,9,1,31,1729,0.225,0.0005780346820809,0.9,0.1,0.1787361380728808
fbc_tfnbs,"e=0.1,h=2.0,n=30,start_thres=1.25,min_cluster_size=3",hub,0.25,30,8,40,1730,9,1,31,1729,0.225,0.0005780346820809,0.9,0.1,0.1787361380728808
fbc_tfnbs,"e=0.1,h=3.0,n=30,start_thres=1.25,min_cluster_size=3",hub,0.25,30,8,40,1730,9,1,31,1729,0.225,0.0005780346820809,0.9,0.1,0.1787361380728808
fbc_tfnbs,"e=0.1,h=4.0,n=30,start_thres=1.25,min_cluster_size=3",hub,0.25,30,8,40,1730,9,1,31,1729,0.225,0.0005780346820809,0.9,0.1,0.1787361380728808
fbc_tfnbs,"e=0.1,h=5.0,n=30,start_thres=1.25,min_cluster_size=3",hub,0.25,30,8,40,1730,9,1,31,1729,0.225,0.0005780346820809,0.9,0.1,0.1787361380728808
fbc_tfnbs,"e=0.1,h=6.0,n=30,start_thres=1.25,min_cluster_size=3",hub,0.25,30,8,40,1730,9,1,31,1729,0.225,0.0005780346820809,0.9,0.1,0.1787361380728808
fbc_tfnbs,"e=0.1,h=7.0,n=30,start_thres=1.25,min_cluster_size=3",hub,0.25,30,8,40,1730,9,1,31,1729,0.225,0.0005780346820809,0.9,0.1,0.1787361380728808
fbc_tfnbs,"e=0.1,h=8.0,n=30,start_thres=1.25,min_cluster_size=3",hub,0.25,30,8,40,1730,9,1,31,1729,0.225,0.0005780346820809,0.9,0.1,0.1787361380728808
fbc_tfnbs,"e=0.1,h=9.0,n=30,start_thres=1.25,min_cluster_size=3",hub,0.25,30,8,40,1730,9,1,31,1729,0.225,0.0005780346820809,0.9,0.1,0.1787361380728808
fbc_tfnbs,"e=0.1,h=10.0,n=30,start_thres=1.25,min_cluster_size=3",hub,0.25,30,8,40,1730,9,1,31,1729,0.225,0.0005780346820809,0.9,0.1,0.1787361380728808
fbc_tfnbs,"e=0.2,h=0.5,n=30,start_thres=1.25,min_cluster_size=3",hub,0.25,30,8,40,1730,10,1,30,1729,0.25,0.0005780346820809,0.9090909090909092,0.0909090909090909,0.1787361380728808
fbc_tfnbs,"e=0.2,h=1.0,n=30,start_thres=1.25,min_cluster_size=3",hub,0.25,30,8,40,1730,10,1,30,1729,0.25,0.0005780346820809,0.9090909090909092,0.0909090909090909,0.1787361380728808
fbc_tfnbs,"e=0.2,h=2.0,n=30,start_thres=1.25,min_cluster_size=3",hub,0.25,30,8,40,1730,10,1,30,1729,0.25,0.0005780346820809,0.9090909090909092,0.0909090909090909,0.1787361380728808
fbc_tfnbs,"e=0.2,h=3.0,n=30,start_thres=1.25,min_cluster_size=3",hub,0.25,30,8,40,1730,10,1,30,1729,0.25,0.0005780346820809,0.9090909090909092,0.0909090909090909,0.1787361380728808
fbc_tfnbs,"e=0.2,h=4.0,n=30,start_thres=1.25,min_cluster_size=3",hub,0.25,30,8,40,1730,10,1,30,1729,0.25,0.0005780346820809,0.9090909090909092,0.0909090909090909,0.1787361380728808
fbc_tfnbs,"e=0.2,h=5.0,n=30,start_thres=1.25,min_cluster_size=3",hub,0.25,30,8,40,1730,10,1,30,1729,0.25,0.0005780346820809,0.9090909090909092,0.0909090909090909,0.1787361380728808
fbc_tfnbs,"e=0.2,h=6.0,n=30,start_thres=1.25,min_cluster_size=3",hub,0.25,30,8,40,1730,10,1,30,1729,0.25,0.0005780346820809,0.9090909090909092,0.0909090909090909,0.1787361380728808
fbc_tfnbs,"e=0.2,h=7.0,n=30,start_thres=1.25,min_cluster_size=3",hub,0.25,30,8,40,1730,10,1,30,1729,0.25,0.0005780346820809,0.9090909090909092,0.0909090909090909,0.1787361380728808
fbc_tfnbs,"e=0.2,h=8.0,n=30,start_thres=1.25,min_cluster_size=3",hub,0.25,30,8,40,1730,10,1,30,1729,0.25,0.0005780346820809,0.9090909090909092,0.0909090909090909,0.1787361380728808
fbc_tfnbs,"e=0.2,h=9.0,n=30,start_thres=1.25,min_cluster_size=3",hub,0.25,30,8,40,1730,9,1,31,1729,0.225,0.0005780346820809,0.9,0.1,0.1787361380728808
fbc_tfnbs,"e=0.2,h=10.0,n=30,start_thres=1.25,min_cluster_size=3",hub,0.25,30,8,40,1730,9,1,31,1729,0.225,0.0005780346820809,0.9,0.1,0.1787361380728808
fbc_tfnbs,"e=0.3,h=0.5,n=30,start_thres=1.25,min_cluster_size=3",hub,0.25,30,8,40,1730,10,1,30,1729,0.25,0.0005780346820809,0.9090909090909092,0.0909090909090909,0.1787361380728808
fbc_tfnbs,"e=0.3,h=1.0,n=30,start_thres=1.25,min_cluster_size=3",hub,0.25,30,8,40,1730,10,1,30,1729,0.25,0.0005780346820809,0.9090909090909092,0.0909090909090909,0.1787361380728808
fbc_tfnbs,"e=0.3,h=2.0,n=30,start_thres=1.25,min_cluster_size=3",hub,0.25,30,8,40,1730,10,1,30,1729,0.25,0.0005780346820809,0.9090909090909092,0.0909090909090909,0.1787361380728808
fbc_tfnbs,"e=0.3,h=3.0,n=30,start_thres=1.25,min_cluster_size=3",hub,0.25,30,8,40,1730,10,1,30,1729,0.25,0.0005780346820809,0.9090909090909092,0.0909090909090909,0.1787361380728808
fbc_tfnbs,"e=0.3,h=4.0,n=30,start_thres=1.25,min_cluster_size=3",hub,0.25,30,8,40,1730,10,1,30,1729,0.25,0.0005780346820809,0.9090909090909092,0.0909090909090909,0.1787361380728808
fbc_tfnbs,"e=0.3,h=5.0,n=30,start_thres=1.25,min_cluster_size=3",hub,0.25,30,8,40,1730,10,1,30,1729,0.25,0.0005780346820809,0.9090909090909092,0.0909090909090909,0.1787361380728808
fbc_tfnbs,"e=0.3,h=6.0,n=30,start_thres=1.25,min_cluster_size=3",hub,0.25,30,8,40,1730,10,1,30,1729,0.25,0.0005780346820809,0.9090909090909092,0.0909090909090909,0.1787361380728808
fbc_tfnbs,"e=0.3,h=7.0,n=30,start_thres=1.25,min_cluster_size=3",hub,0.25,30,8,40,1730,10,1,30,1729,0.25,0.0005780346820809,0.9090909090909092,0.0909090909090909,0.1787361380728808
fbc_tfnbs,"e=0.3,h=8.0,n=30,start_thres=1.25,min_cluster_size=3",hub,0.25,30,8,40,1730,10,1,30,1729,0.25,0.0005780346820809,0.9090909090909092,0.0909090909090909,0.1787361380728808
fbc_tfnbs,"e=0.3,h=9.0,n=30,start_thres=1.25,min_cluster_size=3",hub,0.25,30,8,40,1730,10,1,30,1729,0.25,0.0005780346820809,0.9090909090909092,0.0909090909090909,0.1787361380728808
fbc_tfnbs,"e=0.3,h=10.0,n=30,start_thres=1.25,min_cluster_size=3",hub,0.25,30,8,40,1730,10,1,30,1729,0.25,0.0005780346820809,0.9090909090909092,0.0909090909090909,0.1787361380728808
fbc_tfnbs,"e=0.4,h=0.5,n=30,start_thres=1.25,min_cluster_size=3",hub,0.25,30,8,40,1730,12,1,28,1729,0.3,0.0005780346820809,0.9230769230769232,0.0769230769230769,0.1787361380728808
fbc_tfnbs,"e=0.4,h=1.0,n=30,start_thres=1.25,min_cluster_size=3",hub,0.25,30,8,40,1730,12,1,28,1729,0.3,0.0005780346820809,0.9230769230769232,0.0769230769230769,0.1787361380728808
fbc_tfnbs,"e=0.4,h=2.0,n=30,start_thres=1.25,min_cluster_size=3",hub,0.25,30,8,40,1730,12,1,28,1729,0.3,0.0005780346820809,0.9230769230769232,0.0769230769230769,0.1787361380728808
fbc_tfnbs,"e=0.4,h=3.0,n=30,start_thres=1.25,min_cluster_size=3",hub,0.25,30,8,40,1730,12,1,28,1729,0.3,0.0005780346820809,0.9230769230769232,0.0769230769230769,0.1787361380728808
fbc_tfnbs,"e=0.4,h=4.0,n=30,start_thres=1.25,min_cluster_size=3",hub,0.25,30,8,40,1730,12,1,28,1729,0.3,0.0005780346820809,0.9230769230769232,0.0769230769230769,0.1787361380728808
fbc_tfnbs,"e=0.4,h=5.0,n=30,start_thres=1.25,min_cluster_size=3",hub,0.25,30,8,40,1730,10,1,30,1729,0.25,0.0005780346820809,0.9090909090909092,0.0909090909090909,0.1787361380728808
fbc_tfnbs,"e=0.4,h=6.0,n=30,start_thres=1.25,min_cluster_size=3",hub,0.25,30,8,40,1730,10,1,30,1729,0.25,0.0005780346820809,0.9090909090909092,0.0909090909090909,0.1787361380728808
fbc_tfnbs,"e=0.4,h=7.0,n=30,start_thres=1.25,min_cluster_size=3",hub,0.25,30,8,40,1730,10,1,30,1729,0.25,0.0005780346820809,0.9090909090909092,0.0909090909090909,0.1787361380728808
fbc_tfnbs,"e=0.4,h=8.0,n=30,start_thres=1.25,min_cluster_size=3",hub,0.25,30,8,40,1730,10,1,30,1729,0.25,0.0005780346820809,0.9090909090909092,0.0909090909090909,0.1787361380728808
fbc_tfnbs,"e=0.4,h=9.0,n=30,start_thres=1.25,min_cluster_size=3",hub,0.25,30,8,40,1730,10,1,30,1729,0.25,0.0005780346820809,0.9090909090909092,0.0909090909090909,0.1787361380728808
fbc_tfnbs,"e=0.4,h=10.0,n=30,start_thres=1.25,min_cluster_size=3",hub,0.25,30,8,40,1730,10,1,30,1729,0.25,0.0005780346820809,0.9090909090909092,0.0909090909090909,0.1787361380728808
fbc_tfnbs,"e=0.5,h=0.5,n=30,start_thres=1.25,min_cluster_size=3",hub,0.25,30,8,40,1730,12,1,28,1729,0.3,0.0005780346820809,0.9230769230769232,0.0769230769230769,0.1787361380728808
fbc_tfnbs,"e=0.5,h=1.0,n=30,start_thres=1.25,min_cluster_size=3",hub,0.25,30,8,40,1730,12,1,28,1729,0.3,0.0005780346820809,0.9230769230769232,0.0769230769230769,0.1787361380728808
fbc_tfnbs,"e=0.5,h=2.0,n=30,start_thres=1.25,min_cluster_size=3",hub,0.25,30,8,40,1730,12,1,28,1729,0.3,0.0005780346820809,0.9230769230769232,0.0769230769230769,0.1787361380728808
fbc_tfnbs,"e=0.5,h=3.0,n=30,start_thres=1.25,min_cluster_size=3",hub,0.25,30,8,40,1730,12,1,28,1729,0.3,0.0005780346820809,0.9230769230769232,0.0769230769230769,0.1787361380728808
fbc_tfnbs,"e=0.5,h=4.0,n=30,start_thres=1.25,min_cluster_size=3",hub,0.25,30,8,40,1730,12,1,28,1729,0.3,0.0005780346820809,0.9230769230769232,0.0769230769230769,0.1787361380728808
fbc_tfnbs,"e=0.5,h=5.0,n=30,start_thres=1.25,min_cluster_size=3",hub,0.25,30,8,40,1730,12,1,28,1729,0.3,0.0005780346820809,0.9230769230769232,0.0769230769230769,0.1787361380728808
fbc_tfnbs,"e=0.5,h=6.0,n=30,start_thres=1.25,min_cluster_size=3",hub,0.25,30,8,40,1730,12,1,28,1729,0.3,0.0005780346820809,0.9230769230769232,0.0769230769230769,0.1787361380728808
fbc_tfnbs,"e=0.5,h=7.0,n=30,start_thres=1.25,min_cluster_size=3",hub,0.25,30,8,40,1730,10,1,30,1729,0.25,0.0005780346820809,0.9090909090909092,0.0909090909090909,0.1787361380728808
fbc_tfnbs,"e=0.5,h=8.0,n=30,start_thres=1.25,min_cluster_size=3",hub,0.25,30,8,40,1730,10,1,30,1729,0.25,0.0005780346820809,0.9090909090909092,0.0909090909090909,0.1787361380728808
fbc_tfnbs,"e=0.5,h=9.0,n=30,start_thres=1.25,min_cluster_size=3",hub,0.25,30,8,40,1730,10,1,30,1729,0.25,0.0005780346820809,0.9090909090909092,0.0909090909090909,0.1787361380728808
fbc_tfnbs,"e=0.5,h=10.0,n=30,start_thres=1.25,min_cluster_size=3",hub,0.25,30,8,40,1730,10,1,30,1729,0.25,0.0005780346820809,0.9090909090909092,0.0909090909090909,0.1787361380728808
fbc_tfnbs,"e=0.6,h=0.5,n=30,start_thres=1.25,min_cluster_size=3",hub,0.25,30,8,40,1730,12,1,28,1729,0.3,0.0005780346820809,0.9230769230769232,0.0769230769230769,0.1787361380728808
fbc_tfnbs,"e=0.6,h=1.0,n=30,start_thres=1.25,min_cluster_size=3",hub,0.25,30,8,40,1730,12,1,28,1729,0.3,0.0005780346820809,0.9230769230769232,0.0769230769230769,0.1787361380728808
fbc_tfnbs,"e=0.6,h=2.0,n=30,start_thres=1.25,min_cluster_size=3",hub,0.25,30,8,40,1730,12,1,28,1729,0.3,0.0005780346820809,0.9230769230769232,0.0769230769230769,0.1787361380728808
fbc_tfnbs,"e=0.6,h=3.0,n=30,start_thres=1.25,min_cluster_size=3",hub,0.25,30,8,40,1730,12,1,28,1729,0.3,0.0005780346820809,0.9230769230769232,0.0769230769230769,0.1787361380728808
fbc_tfnbs,"e=0.6,h=4.0,n=30,start_thres=1.25,min_cluster_size=3",hub,0.25,30,8,40,1730,12,1,28,1729,0.3,0.0005780346820809,0.9230769230769232,0.0769230769230769,0.1787361380728808
fbc_tfnbs,"e=0.6,h=5.0,n=30,start_thres=1.25,min_cluster_size=3",hub,0.25,30,8,40,1730,12,1,28,1729,0.3,0.0005780346820809,0.9230769230769232,0.0769230769230769,0.1787361380728808
fbc_tfnbs,"e=0.6,h=6.0,n=30,start_thres=1.25,min_cluster_size=3",hub,0.25,30,8,40,1730,12,1,28,1729,0.3,0.0005780346820809,0.9230769230769232,0.0769230769230769,0.1787361380728808
fbc_tfnbs,"e=0.6,h=7.0,n=30,start_thres=1.25,min_cluster_size=3",hub,0.25,30,8,40,1730,12,1,28,1729,0.3,0.0005780346820809,0.9230769230769232,0.0769230769230769,0.1787361380728808
fbc_tfnbs,"e=0.6,h=8.0,n=30,start_thres=1.25,min_cluster_size=3",hub,0.25,30,8,40,1730,12,1,28,1729,0.3,0.0005780346820809,0.9230769230769232,0.0769230769230769,0.1787361380728808
fbc_tfnbs,"e=0.6,h=9.0,n=30,start_thres=1.25,min_cluster_size=3",hub,0.25,30,8,40,1730,10,1,30,1729,0.25,0.0005780346820809,0.9090909090909092,0.0909090909090909,0.1787361380728808
fbc_tfnbs,"e=0.6,h=10.0,n=30,start_thres=1.25,min_cluster_size=3",hub,0.25,30,8,40,1730,10,1,30,1729,0.25,0.0005780346820809,0.9090909090909092,0.0909090909090909,0.1787361380728808
fbc_tfnbs,"e=0.7,h=0.5,n=30,start_thres=1.25,min_cluster_size=3",hub,0.25,30,8,40,1730,11,1,29,1729,0.275,0.0005780346820809,0.9166666666666666,0.0833333333333333,0.1787361380728808
fbc_tfnbs,"e=0.7,h=1.0,n=30,start_thres=1.25,min_cluster_size=3",hub,0.25,30,8,40,1730,12,1,28,1729,0.3,0.0005780346820809,0.9230769230769232,0.0769230769230769,0.1787361380728808
fbc_tfnbs,"e=0.7,h=2.0,n=30,start_thres=1.25,min_cluster_size=3",hub,0.25,30,8,40,1730,12,1,28,1729,0.3,0.0005780346820809,0.9230769230769232,0.0769230769230769,0.1787361380728808
fbc_tfnbs,"e=0.7,h=3.0,n=30,start_thres=1.25,min_cluster_size=3",hub,0.25,30,8,40,1730,12,1,28,1729,0.3,0.0005780346820809,0.9230769230769232,0.0769230769230769,0.1787361380728808
fbc_tfnbs,"e=0.7,h=4.0,n=30,start_thres=1.25,min_cluster_size=3",hub,0.25,30,8,40,1730,12,1,28,1729,0.3,0.0005780346820809,0.9230769230769232,0.0769230769230769,0.1787361380728808
fbc_tfnbs,"e=0.7,h=5.0,n=30,start_thres=1.25,min_cluster_size=3",hub,0.25,30,8,40,1730,12,1,28,1729,0.3,0.0005780346820809,0.9230769230769232,0.0769230769230769,0.1787361380728808
fbc_tfnbs,"e=0.7,h=6.0,n=30,start_thres=1.25,min_cluster_size=3",hub,0.25,30,8,40,1730,12,1,28,1729,0.3,0.0005780346820809,0.9230769230769232,0.0769230769230769,0.1787361380728808
fbc_tfnbs,"e=0.7,h=7.0,n=30,start_thres=1.25,min_cluster_size=3",hub,0.25,30,8,40,1730,12,1,28,1729,0.3,0.0005780346820809,0.9230769230769232,0.0769230769230769,0.1787361380728808
fbc_tfnbs,"e=0.7,h=8.0,n=30,start_thres=1.25,min_cluster_size=3",hub,0.25,30,8,40,1730,12,1,28,1729,0.3,0.0005780346820809,0.9230769230769232,0.0769230769230769,0.1787361380728808
fbc_tfnbs,"e=0.7,h=9.0,n=30,start_thres=1.25,min_cluster_size=3",hub,0.25,30,8,40,1730,12,1,28,1729,0.3,0.0005780346820809,0.9230769230769232,0.0769230769230769,0.1787361380728808
fbc_tfnbs,"e=0.7,h=10.0,n=30,start_thres=1.25,min_cluster_size=3",hub,0.25,30,8,40,1730,10,1,30,1729,0.25,0.0005780346820809,0.9090909090909092,0.0909090909090909,0.1787361380728808
fbc_tfnbs,"e=0.8,h=0.5,n=30,start_thres=1.25,min_cluster_size=3",hub,0.25,30,8,40,1730,8,1,32,1729,0.2,0.0005780346820809,0.8888888888888888,0.1111111111111111,0.1787361380728808
fbc_tfnbs,"e=0.8,h=1.0,n=30,start_thres=1.25,min_cluster_size=3",hub,0.25,30,8,40,1730,11,1,29,1729,0.275,0.0005780346820809,0.9166666666666666,0.0833333333333333,0.1787361380728808
fbc_tfnbs,"e=0.8,h=2.0,n=30,start_thres=1.25,min_cluster_size=3",hub,0.25,30,8,40,1730,12,1,28,1729,0.3,0.0005780346820809,0.9230769230769232,0.0769230769230769,0.1787361380728808
fbc_tfnbs,"e=0.8,h=3.0,n=30,start_thres=1.25,min_cluster_size=3",hub,0.25,30,8,40,1730,12,1,28,1729,0.3,0.0005780346820809,0.9230769230769232,0.0769230769230769,0.1787361380728808
fbc_tfnbs,"e=0.8,h=4.0,n=30,start_thres=1.25,min_cluster_size=3",hub,0.25,30,8,40,1730,12,1,28,1729,0.3,0.0005780346820809,0.9230769230769232,0.0769230769230769,0.1787361380728808
fbc_tfnbs,"e=0.8,h=5.0,n=30,start_thres=1.25,min_cluster_size=3",hub,0.25,30,8,40,1730,12,1,28,1729,0.3,0.0005780346820809,0.9230769230769232,0.0769230769230769,0.1787361380728808
fbc_tfnbs,"e=0.8,h=6.0,n=30,start_thres=1.25,min_cluster_size=3",hub,0.25,30,8,40,1730,12,1,28,1729,0.3,0.0005780346820809,0.9230769230769232,0.0769230769230769,0.1787361380728808
fbc_tfnbs,"e=0.8,h=7.0,n=30,start_thres=1.25,min_cluster_size=3",hub,0.25,30,8,40,1730,12,1,28,1729,0.3,0.0005780346820809,0.9230769230769232,0.0769230769230769,0.1787361380728808
fbc_tfnbs,"e=0.8,h=8.0,n=30,start_thres=1.25,min_cluster_size=3",hub,0.25,30,8,40,1730,12,1,28,1729,0.3,0.0005780346820809,0.9230769230769232,0.0769230769230769,0.1787361380728808
fbc_tfnbs,"e=0.8,h=9.0,n=30,start_thres=1.25,min_cluster_size=3",hub,0.25,30,8,40,1730,12,1,28,1729,0.3,0.0005780346820809,0.9230769230769232,0.0769230769230769,0.1787361380728808
fbc_tfnbs,"e=0.8,h=10.0,n=30,start_thres=1.25,min_cluster_size=3",hub,0.25,30,8,40,1730,12,1,28,1729,0.3,0.0005780346820809,0.9230769230769232,0.0769230769230769,0.1787361380728808
fbc_tfnbs,"e=0.9,h=0.5,n=30,start_thres=1.25,min_cluster_size=3",hub,0.25,30,8,40,1730,5,1,35,1729,0.125,0.0005780346820809,0.8333333333333334,0.1666666666666666,0.1787361380728808
fbc_tfnbs,"e=0.9,h=1.0,n=30,start_thres=1.25,min_cluster_size=3",hub,0.25,30,8,40,1730,11,1,29,1729,0.275,0.0005780346820809,0.9166666666666666,0.0833333333333333,0.1787361380728808
fbc_tfnbs,"e=0.9,h=2.0,n=30,start_thres=1.25,min_cluster_size=3",hub,0.25,30,8,40,1730,12,1,28,1729,0.3,0.0005780346820809,0.9230769230769232,0.0769230769230769,0.1787361380728808
fbc_tfnbs,"e=0.9,h=3.0,n=30,start_thres=1.25,min_cluster_size=3",hub,0.25,30,8,40,1730,12,1,28,1729,0.3,0.0005780346820809,0.9230769230769232,0.0769230769230769,0.1787361380728808
fbc_tfnbs,"e=0.9,h=4.0,n=30,start_thres=1.25,min_cluster_size=3",hub,0.25,30,8,40,1730,12,1,28,1729,0.3,0.0005780346820809,0.9230769230769232,0.0769230769230769,0.1787361380728808
fbc_tfnbs,"e=0.9,h=5.0,n=30,start_thres=1.25,min_cluster_size=3",hub,0.25,30,8,40,1730,12,1,28,1729,0.3,0.0005780346820809,0.9230769230769232,0.0769230769230769,0.1787361380728808
fbc_tfnbs,"e=0.9,h=6.0,n=30,start_thres=1.25,min_cluster_size=3",hub,0.25,30,8,40,1730,12,1,28,1729,0.3,0.0005780346820809,0.9230769230769232,0.0769230769230769,0.1787361380728808
fbc_tfnbs,"e=0.9,h=7.0,n=30,start_thres=1.25,min_cluster_size=3",hub,0.25,30,8,40,1730,12,1,28,1729,0.3,0.0005780346820809,0.9230769230769232,0.0769230769230769,0.1787361380728808
fbc_tfnbs,"e=0.9,h=8.0,n=30,start_thres=1.25,min_cluster_size=3",hub,0.25,30,8,40,1730,12,1,28,1729,0.3,0.0005780346820809,0.9230769230769232,0.0769230769230769,0.1787361380728808
fbc_tfnbs,"e=0.9,h=9.0,n=30,start_thres=1.25,min_cluster_size=3",hub,0.25,30,8,40,1730,12,1,28,1729,0.3,0.0005780346820809,0.9230769230769232,0.0769230769230769,0.1787361380728808
fbc_tfnbs,"e=0.9,h=10.0,n=30,start_thres=1.25,min_cluster_size=3",hub,0.25,30,8,40,1730,12,1,28,1729,0.3,0.0005780346820809,0.9230769230769232,0.0769230769230769,0.1787361380728808
fbc_tfnbs,"e=1.0,h=0.5,n=30,start_thres=1.25,min_cluster_size=3",hub,0.25,30,8,40,1730,4,1,36,1729,0.1,0.0005780346820809,0.8,0.2,0.1787361380728808
fbc_tfnbs,"e=1.0,h=1.0,n=30,start_thres=1.25,min_cluster_size=3",hub,0.25,30,8,40,1730,5,1,35,1729,0.125,0.0005780346820809,0.8333333333333334,0.1666666666666666,0.1787361380728808
fbc_tfnbs,"e=1.0,h=2.0,n=30,start_thres=1.25,min_cluster_size=3",hub,0.25,30,8,40,1730,12,1,28,1729,0.3,0.0005780346820809,0.9230769230769232,0.0769230769230769,0.1787361380728808
fbc_tfnbs,"e=1.0,h=3.0,n=30,start_thres=1.25,min_cluster_size=3",hub,0.25,30,8,40,1730,12,1,28,1729,0.3,0.0005780346820809,0.9230769230769232,0.0769230769230769,0.1787361380728808
fbc_tfnbs,"e=1.0,h=4.0,n=30,start_thres=1.25,min_cluster_size=3",hub,0.25,30,8,40,1730,12,1,28,1729,0.3,0.0005780346820809,0.9230769230769232,0.0769230769230769,0.1787361380728808
fbc_tfnbs,"e=1.0,h=5.0,n=30,start_thres=1.25,min_cluster_size=3",hub,0.25,30,8,40,1730,12,1,28,1729,0.3,0.0005780346820809,0.9230769230769232,0.0769230769230769,0.1787361380728808
fbc_tfnbs,"e=1.0,h=6.0,n=30,start_thres=1.25,min_cluster_size=3",hub,0.25,30,8,40,1730,12,1,28,1729,0.3,0.0005780346820809,0.9230769230769232,0.0769230769230769,0.1787361380728808
fbc_tfnbs,"e=1.0,h=7.0,n=30,start_thres=1.25,min_cluster_size=3",hub,0.25,30,8,40,1730,12,1,28,1729,0.3,0.0005780346820809,0.9230769230769232,0.0769230769230769,0.1787361380728808
fbc_tfnbs,"e=1.0,h=8.0,n=30,start_thres=1.25,min_cluster_size=3",hub,0.25,30,8,40,1730,12,1,28,1729,0.3,0.0005780346820809,0.9230769230769232,0.0769230769230769,0.1787361380728808
fbc_tfnbs,"e=1.0,h=9.0,n=30,start_thres=1.25,min_cluster_size=3",hub,0.25,30,8,40,1730,12,1,28,1729,0.3,0.0005780346820809,0.9230769230769232,0.0769230769230769,0.1787361380728808
fbc_tfnbs,"e=1.0,h=10.0,n=30,start_thres=1.25,min_cluster_size=3",hub,0.25,30,8,40,1730,12,1,28,1729,0.3,0.0005780346820809,0.9230769230769232,0.0769230769230769,0.1787361380728808
fbc_tfnbs,"e=1.1,h=0.5,n=30,start_thres=1.25,min_cluster_size=3",hub,0.25,30,8,40,1730,4,1,36,1729,0.1,0.0005780346820809,0.8,0.2,0.1787361380728808
fbc_tfnbs,"e=1.1,h=1.0,n=30,start_thres=1.25,min_cluster_size=3",hub,0.25,30,8,40,1730,5,1,35,1729,0.125,0.0005780346820809,0.8333333333333334,0.1666666666666666,0.1787361380728808
fbc_tfnbs,"e=1.1,h=2.0,n=30,start_thres=1.25,min_cluster_size=3",hub,0.25,30,8,40,1730,11,1,29,1729,0.275,0.0005780346820809,0.9166666666666666,0.0833333333333333,0.1787361380728808
fbc_tfnbs,"e=1.1,h=3.0,n=30,start_thres=1.25,min_cluster_size=3",hub,0.25,30,8,40,1730,12,1,28,1729,0.3,0.0005780346820809,0.9230769230769232,0.0769230769230769,0.1787361380728808
fbc_tfnbs,"e=1.1,h=4.0,n=30,start_thres=1.25,min_cluster_size=3",hub,0.25,30,8,40,1730,12,1,28,1729,0.3,0.0005780346820809,0.9230769230769232,0.0769230769230769,0.1787361380728808
fbc_tfnbs,"e=1.1,h=5.0,n=30,start_thres=1.25,min_cluster_size=3",hub,0.25,30,8,40,1730,12,1,28,1729,0.3,0.0005780346820809,0.9230769230769232,0.0769230769230769,0.1787361380728808
fbc_tfnbs,"e=1.1,h=6.0,n=30,start_thres=1.25,min_cluster_size=3",hub,0.25,30,8,40,1730,12,1,28,1729,0.3,0.0005780346820809,0.9230769230769232,0.0769230769230769,0.1787361380728808
fbc_tfnbs,"e=1.1,h=7.0,n=30,start_thres=1.25,min_cluster_size=3",hub,0.25,30,8,40,1730,12,1,28,1729,0.3,0.0005780346820809,0.9230769230769232,0.0769230769230769,0.1787361380728808
fbc_tfnbs,"e=1.1,h=8.0,n=30,start_thres=1.25,min_cluster_size=3",hub,0.25,30,8,40,1730,12,1,28,1729,0.3,0.0005780346820809,0.9230769230769232,0.0769230769230769,0.1787361380728808
fbc_tfnbs,"e=1.1,h=9.0,n=30,start_thres=1.25,min_cluster_size=3",hub,0.25,30,8,40,1730,12,1,28,1729,0.3,0.0005780346820809,0.9230769230769232,0.0769230769230769,0.1787361380728808
fbc_tfnbs,"e=1.1,h=10.0,n=30,start_thres=1.25,min_cluster_size=3",hub,0.25,30,8,40,1730,12,1,28,1729,0.3,0.0005780346820809,0.9230769230769232,0.0769230769230769,0.1787361380728808
fbc_tfnbs,"e=1.2,h=0.5,n=30,start_thres=1.25,min_cluster_size=3",hub,0.25,30,8,40,1730,4,1,36,1729,0.1,0.0005780346820809,0.8,0.2,0.1787361380728808
fbc_tfnbs,"e=1.2,h=1.0,n=30,start_thres=1.25,min_cluster_size=3",hub,0.25,30,8,40,1730,4,1,36,1729,0.1,0.0005780346820809,0.8,0.2,0.1787361380728808
fbc_tfnbs,"e=1.2,h=2.0,n=30,start_thres=1.25,min_cluster_size=3",hub,0.25,30,8,40,1730,10,1,30,1729,0.25,0.0005780346820809,0.9090909090909092,0.0909090909090909,0.1787361380728808
fbc_tfnbs,"e=1.2,h=3.0,n=30,start_thres=1.25,min_cluster_size=3",hub,0.25,30,8,40,1730,12,1,28,1729,0.3,0.0005780346820809,0.9230769230769232,0.0769230769230769,0.1787361380728808
fbc_tfnbs,"e=1.2,h=4.0,n=30,start_thres=1.25,min_cluster_size=3",hub,0.25,30,8,40,1730,12,1,28,1729,0.3,0.0005780346820809,0.9230769230769232,0.0769230769230769,0.1787361380728808
fbc_tfnbs,"e=1.2,h=5.0,n=30,start_thres=1.25,min_cluster_size=3",hub,0.25,30,8,40,1730,12,1,28,1729,0.3,0.0005780346820809,0.9230769230769232,0.0769230769230769,0.1787361380728808
fbc_tfnbs,"e=1.2,h=6.0,n=30,start_thres=1.25,min_cluster_size=3",hub,0.25,30,8,40,1730,12,1,28,1729,0.3,0.0005780346820809,0.9230769230769232,0.0769230769230769,0.1787361380728808
fbc_tfnbs,"e=1.2,h=7.0,n=30,start_thres=1.25,min_cluster_size=3",hub,0.25,30,8,40,1730,12,1,28,1729,0.3,0.0005780346820809,0.9230769230769232,0.0769230769230769,0.1787361380728808
fbc_tfnbs,"e=1.2,h=8.0,n=30,start_thres=1.25,min_cluster_size=3",hub,0.25,30,8,40,1730,12,1,28,1729,0.3,0.0005780346820809,0.9230769230769232,0.0769230769230769,0.1787361380728808
fbc_tfnbs,"e=1.2,h=9.0,n=30,start_thres=1.25,min_cluster_size=3",hub,0.25,30,8,40,1730,12,1,28,1729,0.3,0.0005780346820809,0.9230769230769232,0.0769230769230769,0.1787361380728808
fbc_tfnbs,"e=1.2,h=10.0,n=30,start_thres=1.25,min_cluster_size=3",hub,0.25,30,8,40,1730,12,1,28,1729,0.3,0.0005780346820809,0.9230769230769232,0.0769230769230769,0.1787361380728808
fbc_tfnbs,"e=1.3,h=0.5,n=30,start_thres=1.25,min_cluster_size=3",hub,0.25,30,8,40,1730,4,1,36,1729,0.1,0.0005780346820809,0.8,0.2,0.1787361380728808
fbc_tfnbs,"e=1.3,h=1.0,n=30,start_thres=1.25,min_cluster_size=3",hub,0.25,30,8,40,1730,4,1,36,1729,0.1,0.0005780346820809,0.8,0.2,0.1787361380728808
fbc_tfnbs,"e=1.3,h=2.0,n=30,start_thres=1.25,min_cluster_size=3",hub,0.25,30,8,40,1730,7,1,33,1729,0.175,0.0005780346820809,0.875,0.125,0.1787361380728808
fbc_tfnbs,"e=1.3,h=3.0,n=30,start_thres=1.25,min_cluster_size=3",hub,0.25,30,8,40,1730,11,1,29,1729,0.275,0.0005780346820809,0.9166666666666666,0.0833333333333333,0.1787361380728808
fbc_tfnbs,"e=1.3,h=4.0,n=30,start_thres=1.25,min_cluster_size=3",hub,0.25,30,8,40,1730,12,1,28,1729,0.3,0.0005780346820809,0.9230769230769232,0.0769230769230769,0.1787361380728808
fbc_tfnbs,"e=1.3,h=5.0,n=30,start_thres=1.25,min_cluster_size=3",hub,0.25,30,8,40,1730,12,1,28,1729,0.3,0.0005780346820809,0.9230769230769232,0.0769230769230769,0.1787361380728808
fbc_tfnbs,"e=1.3,h=6.0,n=30,start_thres=1.25,min_cluster_size=3",hub,0.25,30,8,40,1730,12,3,28,1727,0.3,0.0017341040462427,0.8,0.2,0.1787361380728808
fbc_tfnbs,"e=1.3,h=7.0,n=30,start_thres=1.25,min_cluster_size=3",hub,0.25,30,8,40,1730,12,1,28,1729,0.3,0.0005780346820809,0.9230769230769232,0.0769230769230769,0.1787361380728808
fbc_tfnbs,"e=1.3,h=8.0,n=30,start_thres=1.25,min_cluster_size=3",hub,0.25,30,8,40,1730,12,1,28,1729,0.3,0.0005780346820809,0.9230769230769232,0.0769230769230769,0.1787361380728808
fbc_tfnbs,"e=1.3,h=9.0,n=30,start_thres=1.25,min_cluster_size=3",hub,0.25,30,8,40,1730,12,1,28,1729,0.3,0.0005780346820809,0.9230769230769232,0.0769230769230769,0.1787361380728808
fbc_tfnbs,"e=1.3,h=10.0,n=30,start_thres=1.25,min_cluster_size=3",hub,0.25,30,8,40,1730,12,1,28,1729,0.3,0.0005780346820809,0.9230769230769232,0.0769230769230769,0.1787361380728808
fbc_tfnbs,"e=1.4,h=0.5,n=30,start_thres=1.25,min_cluster_size=3",hub,0.25,30,8,40,1730,2,1,38,1729,0.05,0.0005780346820809,0.6666666666666666,0.3333333333333333,0.1787361380728808
fbc_tfnbs,"e=1.4,h=1.0,n=30,start_thres=1.25,min_cluster_size=3",hub,0.25,30,8,40,1730,4,1,36,1729,0.1,0.0005780346820809,0.8,0.2,0.1787361380728808
fbc_tfnbs,"e=1.4,h=2.0,n=30,start_thres=1.25,min_cluster_size=3",hub,0.25,30,8,40,1730,5,1,35,1729,0.125,0.0005780346820809,0.8333333333333334,0.1666666666666666,0.1787361380728808
fbc_tfnbs,"e=1.4,h=3.0,n=30,start_thres=1.25,min_cluster_size=3",hub,0.25,30,8,40,1730,11,1,29,1729,0.275,0.0005780346820809,0.9166666666666666,0.0833333333333333,0.1787361380728808
fbc_tfnbs,"e=1.4,h=4.0,n=30,start_thres=1.25,min_cluster_size=3",hub,0.25,30,8,40,1730,12,1,28,1729,0.3,0.0005780346820809,0.9230769230769232,0.0769230769230769,0.1787361380728808
fbc_tfnbs,"e=1.4,h=5.0,n=30,start_thres=1.25,min_cluster_size=3",hub,0.25,30,8,40,1730,12,1,28,1729,0.3,0.0005780346820809,0.9230769230769232,0.0769230769230769,0.1787361380728808
fbc_tfnbs,"e=1.4,h=6.0,n=30,start_thres=1.25,min_cluster_size=3",hub,0.25,30,8,40,1730,12,3,28,1727,0.3,0.0017341040462427,0.8,0.2,0.1787361380728808
fbc_tfnbs,"e=1.4,h=7.0,n=30,start_thres=1.25,min_cluster_size=3",hub,0.25,30,8,40,1730,12,3,28,1727,0.3,0.0017341040462427,0.8,0.2,0.1787361380728808
fbc_tfnbs,"e=1.4,h=8.0,n=30,start_thres=1.25,min_cluster_size=3",hub,0.25,30,8,40,1730,12,1,28,1729,0.3,0.0005780346820809,0.9230769230769232,0.0769230769230769,0.1787361380728808
fbc_tfnbs,"e=1.4,h=9.0,n=30,start_thres=1.25,min_cluster_size=3",hub,0.25,30,8,40,1730,12,1,28,1729,0.3,0.0005780346820809,0.9230769230769232,0.0769230769230769,0.1787361380728808
fbc_tfnbs,"e=1.4,h=10.0,n=30,start_thres=1.25,min_cluster_size=3",hub,0.25,30,8,40,1730,12,1,28,1729,0.3,0.0005780346820809,0.9230769230769232,0.0769230769230769,0.1787361380728808
fbc_tfnbs,"e=1.5,h=0.5,n=30,start_thres=1.25,min_cluster_size=3",hub,0.25,30,8,40,1730,0,0,40,1730,0.0,0.0,0.0,0.0,0.1787361380728808
fbc_tfnbs,"e=1.5,h=1.0,n=30,start_thres=1.25,min_cluster_size=3",hub,0.25,30,8,40,1730,3,1,37,1729,0.075,0.0005780346820809,0.75,0.25,0.1787361380728808
fbc_tfnbs,"e=1.5,h=2.0,n=30,start_thres=1.25,min_cluster_size=3",hub,0.25,30,8,40,1730,4,1,36,1729,0.1,0.0005780346820809,0.8,0.2,0.1787361380728808
fbc_tfnbs,"e=1.5,h=3.0,n=30,start_thres=1.25,min_cluster_size=3",hub,0.25,30,8,40,1730,10,1,30,1729,0.25,0.0005780346820809,0.9090909090909092,0.0909090909090909,0.1787361380728808
fbc_tfnbs,"e=1.5,h=4.0,n=30,start_thres=1.25,min_cluster_size=3",hub,0.25,30,8,40,1730,12,1,28,1729,0.3,0.0005780346820809,0.9230769230769232,0.0769230769230769,0.1787361380728808
fbc_tfnbs,"e=1.5,h=5.0,n=30,start_thres=1.25,min_cluster_size=3",hub,0.25,30,8,40,1730,12,1,28,1729,0.3,0.0005780346820809,0.9230769230769232,0.0769230769230769,0.1787361380728808
fbc_tfnbs,"e=1.5,h=6.0,n=30,start_thres=1.25,min_cluster_size=3",hub,0.25,30,8,40,1730,12,3,28,1727,0.3,0.0017341040462427,0.8,0.2,0.1787361380728808
fbc_tfnbs,"e=1.5,h=7.0,n=30,start_thres=1.25,min_cluster_size=3",hub,0.25,30,8,40,1730,12,3,28,1727,0.3,0.0017341040462427,0.8,0.2,0.1787361380728808
fbc_tfnbs,"e=1.5,h=8.0,n=30,start_thres=1.25,min_cluster_size=3",hub,0.25,30,8,40,1730,12,3,28,1727,0.3,0.0017341040462427,0.8,0.2,0.1787361380728808
fbc_tfnbs,"e=1.5,h=9.0,n=30,start_thres=1.25,min_cluster_size=3",hub,0.25,30,8,40,1730,12,1,28,1729,0.3,0.0005780346820809,0.9230769230769232,0.0769230769230769,0.1787361380728808
fbc_tfnbs,"e=1.5,h=10.0,n=30,start_thres=1.25,min_cluster_size=3",hub,0.25,30,8,40,1730,12,1,28,1729,0.3,0.0005780346820809,0.9230769230769232,0.0769230769230769,0.1787361380728808
fbc_tfnbs,"e=0.05,h=0.5,n=30,start_thres=1.25,min_cluster_size=3",hub,0.25,30,9,40,1730,7,0,33,1730,0.175,0.0,1.0,0.0,0.1763465512882579
fbc_tfnbs,"e=0.05,h=1.0,n=30,start_thres=1.25,min_cluster_size=3",hub,0.25,30,9,40,1730,7,0,33,1730,0.175,0.0,1.0,0.0,0.1763465512882579
fbc_tfnbs,"e=0.05,h=2.0,n=30,start_thres=1.25,min_cluster_size=3",hub,0.25,30,9,40,1730,7,0,33,1730,0.175,0.0,1.0,0.0,0.1763465512882579
fbc_tfnbs,"e=0.05,h=3.0,n=30,start_thres=1.25,min_cluster_size=3",hub,0.25,30,9,40,1730,7,0,33,1730,0.175,0.0,1.0,0.0,0.1763465512882579
fbc_tfnbs,"e=0.05,h=4.0,n=30,start_thres=1.25,min_cluster_size=3",hub,0.25,30,9,40,1730,7,0,33,1730,0.175,0.0,1.0,0.0,0.1763465512882579
fbc_tfnbs,"e=0.05,h=5.0,n=30,start_thres=1.25,min_cluster_size=3",hub,0.25,30,9,40,1730,7,0,33,1730,0.175,0.0,1.0,0.0,0.1763465512882579
fbc_tfnbs,"e=0.05,h=6.0,n=30,start_thres=1.25,min_cluster_size=3",hub,0.25,30,9,40,1730,7,0,33,1730,0.175,0.0,1.0,0.0,0.1763465512882579
fbc_tfnbs,"e=0.05,h=7.0,n=30,start_thres=1.25,min_cluster_size=3",hub,0.25,30,9,40,1730,7,0,33,1730,0.175,0.0,1.0,0.0,0.1763465512882579
fbc_tfnbs,"e=0.05,h=8.0,n=30,start_thres=1.25,min_cluster_size=3",hub,0.25,30,9,40,1730,7,0,33,1730,0.175,0.0,1.0,0.0,0.1763465512882579
fbc_tfnbs,"e=0.05,h=9.0,n=30,start_thres=1.25,min_cluster_size=3",hub,0.25,30,9,40,1730,7,0,33,1730,0.175,0.0,1.0,0.0,0.1763465512882579
fbc_tfnbs,"e=0.05,h=10.0,n=30,start_thres=1.25,min_cluster_size=3",hub,0.25,30,9,40,1730,7,0,33,1730,0.175,0.0,1.0,0.0,0.1763465512882579
fbc_tfnbs,"e=0.1,h=0.5,n=30,start_thres=1.25,min_cluster_size=3",hub,0.25,30,9,40,1730,4,0,36,1730,0.1,0.0,1.0,0.0,0.1763465512882579
fbc_tfnbs,"e=0.1,h=1.0,n=30,start_thres=1.25,min_cluster_size=3",hub,0.25,30,9,40,1730,7,0,33,1730,0.175,0.0,1.0,0.0,0.1763465512882579
fbc_tfnbs,"e=0.1,h=2.0,n=30,start_thres=1.25,min_cluster_size=3",hub,0.25,30,9,40,1730,7,0,33,1730,0.175,0.0,1.0,0.0,0.1763465512882579
fbc_tfnbs,"e=0.1,h=3.0,n=30,start_thres=1.25,min_cluster_size=3",hub,0.25,30,9,40,1730,7,0,33,1730,0.175,0.0,1.0,0.0,0.1763465512882579
fbc_tfnbs,"e=0.1,h=4.0,n=30,start_thres=1.25,min_cluster_size=3",hub,0.25,30,9,40,1730,7,0,33,1730,0.175,0.0,1.0,0.0,0.1763465512882579
fbc_tfnbs,"e=0.1,h=5.0,n=30,start_thres=1.25,min_cluster_size=3",hub,0.25,30,9,40,1730,7,0,33,1730,0.175,0.0,1.0,0.0,0.1763465512882579
fbc_tfnbs,"e=0.1,h=6.0,n=30,start_thres=1.25,min_cluster_size=3",hub,0.25,30,9,40,1730,7,0,33,1730,0.175,0.0,1.0,0.0,0.1763465512882579
fbc_tfnbs,"e=0.1,h=7.0,n=30,start_thres=1.25,min_cluster_size=3",hub,0.25,30,9,40,1730,7,0,33,1730,0.175,0.0,1.0,0.0,0.1763465512882579
fbc_tfnbs,"e=0.1,h=8.0,n=30,start_thres=1.25,min_cluster_size=3",hub,0.25,30,9,40,1730,7,0,33,1730,0.175,0.0,1.0,0.0,0.1763465512882579
fbc_tfnbs,"e=0.1,h=9.0,n=30,start_thres=1.25,min_cluster_size=3",hub,0.25,30,9,40,1730,7,0,33,1730,0.175,0.0,1.0,0.0,0.1763465512882579
fbc_tfnbs,"e=0.1,h=10.0,n=30,start_thres=1.25,min_cluster_size=3",hub,0.25,30,9,40,1730,7,0,33,1730,0.175,0.0,1.0,0.0,0.1763465512882579
fbc_tfnbs,"e=0.2,h=0.5,n=30,start_thres=1.25,min_cluster_size=3",hub,0.25,30,9,40,1730,4,0,36,1730,0.1,0.0,1.0,0.0,0.1763465512882579
fbc_tfnbs,"e=0.2,h=1.0,n=30,start_thres=1.25,min_cluster_size=3",hub,0.25,30,9,40,1730,4,0,36,1730,0.1,0.0,1.0,0.0,0.1763465512882579
fbc_tfnbs,"e=0.2,h=2.0,n=30,start_thres=1.25,min_cluster_size=3",hub,0.25,30,9,40,1730,4,0,36,1730,0.1,0.0,1.0,0.0,0.1763465512882579
fbc_tfnbs,"e=0.2,h=3.0,n=30,start_thres=1.25,min_cluster_size=3",hub,0.25,30,9,40,1730,4,0,36,1730,0.1,0.0,1.0,0.0,0.1763465512882579
fbc_tfnbs,"e=0.2,h=4.0,n=30,start_thres=1.25,min_cluster_size=3",hub,0.25,30,9,40,1730,7,0,33,1730,0.175,0.0,1.0,0.0,0.1763465512882579
fbc_tfnbs,"e=0.2,h=5.0,n=30,start_thres=1.25,min_cluster_size=3",hub,0.25,30,9,40,1730,7,0,33,1730,0.175,0.0,1.0,0.0,0.1763465512882579
fbc_tfnbs,"e=0.2,h=6.0,n=30,start_thres=1.25,min_cluster_size=3",hub,0.25,30,9,40,1730,7,0,33,1730,0.175,0.0,1.0,0.0,0.1763465512882579
fbc_tfnbs,"e=0.2,h=7.0,n=30,start_thres=1.25,min_cluster_size=3",hub,0.25,30,9,40,1730,7,0,33,1730,0.175,0.0,1.0,0.0,0.1763465512882579
fbc_tfnbs,"e=0.2,h=8.0,n=30,start_thres=1.25,min_cluster_size=3",hub,0.25,30,9,40,1730,7,0,33,1730,0.175,0.0,1.0,0.0,0.1763465512882579
fbc_tfnbs,"e=0.2,h=9.0,n=30,start_thres=1.25,min_cluster_size=3",hub,0.25,30,9,40,1730,7,0,33,1730,0.175,0.0,1.0,0.0,0.1763465512882579
fbc_tfnbs,"e=0.2,h=10.0,n=30,start_thres=1.25,min_cluster_size=3",hub,0.25,30,9,40,1730,7,0,33,1730,0.175,0.0,1.0,0.0,0.1763465512882579
fbc_tfnbs,"e=0.3,h=0.5,n=30,start_thres=1.25,min_cluster_size=3",hub,0.25,30,9,40,1730,4,0,36,1730,0.1,0.0,1.0,0.0,0.1763465512882579
fbc_tfnbs,"e=0.3,h=1.0,n=30,start_thres=1.25,min_cluster_size=3",hub,0.25,30,9,40,1730,4,0,36,1730,0.1,0.0,1.0,0.0,0.1763465512882579
fbc_tfnbs,"e=0.3,h=2.0,n=30,start_thres=1.25,min_cluster_size=3",hub,0.25,30,9,40,1730,4,0,36,1730,0.1,0.0,1.0,0.0,0.1763465512882579
fbc_tfnbs,"e=0.3,h=3.0,n=30,start_thres=1.25,min_cluster_size=3",hub,0.25,30,9,40,1730,4,0,36,1730,0.1,0.0,1.0,0.0,0.1763465512882579
fbc_tfnbs,"e=0.3,h=4.0,n=30,start_thres=1.25,min_cluster_size=3",hub,0.25,30,9,40,1730,4,0,36,1730,0.1,0.0,1.0,0.0,0.1763465512882579
fbc_tfnbs,"e=0.3,h=5.0,n=30,start_thres=1.25,min_cluster_size=3",hub,0.25,30,9,40,1730,4,0,36,1730,0.1,0.0,1.0,0.0,0.1763465512882579
fbc_tfnbs,"e=0.3,h=6.0,n=30,start_thres=1.25,min_cluster_size=3",hub,0.25,30,9,40,1730,7,0,33,1730,0.175,0.0,1.0,0.0,0.1763465512882579
fbc_tfnbs,"e=0.3,h=7.0,n=30,start_thres=1.25,min_cluster_size=3",hub,0.25,30,9,40,1730,7,0,33,1730,0.175,0.0,1.0,0.0,0.1763465512882579
fbc_tfnbs,"e=0.3,h=8.0,n=30,start_thres=1.25,min_cluster_size=3",hub,0.25,30,9,40,1730,7,0,33,1730,0.175,0.0,1.0,0.0,0.1763465512882579
fbc_tfnbs,"e=0.3,h=9.0,n=30,start_thres=1.25,min_cluster_size=3",hub,0.25,30,9,40,1730,7,0,33,1730,0.175,0.0,1.0,0.0,0.1763465512882579
fbc_tfnbs,"e=0.3,h=10.0,n=30,start_thres=1.25,min_cluster_size=3",hub,0.25,30,9,40,1730,8,0,32,1730,0.2,0.0,1.0,0.0,0.1763465512882579
fbc_tfnbs,"e=0.4,h=0.5,n=30,start_thres=1.25,min_cluster_size=3",hub,0.25,30,9,40,1730,4,0,36,1730,0.1,0.0,1.0,0.0,0.1763465512882579
fbc_tfnbs,"e=0.4,h=1.0,n=30,start_thres=1.25,min_cluster_size=3",hub,0.25,30,9,40,1730,4,0,36,1730,0.1,0.0,1.0,0.0,0.1763465512882579
fbc_tfnbs,"e=0.4,h=2.0,n=30,start_thres=1.25,min_cluster_size=3",hub,0.25,30,9,40,1730,4,0,36,1730,0.1,0.0,1.0,0.0,0.1763465512882579
fbc_tfnbs,"e=0.4,h=3.0,n=30,start_thres=1.25,min_cluster_size=3",hub,0.25,30,9,40,1730,4,0,36,1730,0.1,0.0,1.0,0.0,0.1763465512882579
fbc_tfnbs,"e=0.4,h=4.0,n=30,start_thres=1.25,min_cluster_size=3",hub,0.25,30,9,40,1730,4,0,36,1730,0.1,0.0,1.0,0.0,0.1763465512882579
fbc_tfnbs,"e=0.4,h=5.0,n=30,start_thres=1.25,min_cluster_size=3",hub,0.25,30,9,40,1730,4,0,36,1730,0.1,0.0,1.0,0.0,0.1763465512882579
fbc_tfnbs,"e=0.4,h=6.0,n=30,start_thres=1.25,min_cluster_size=3",hub,0.25,30,9,40,1730,5,0,35,1730,0.125,0.0,1.0,0.0,0.1763465512882579
fbc_tfnbs,"e=0.4,h=7.0,n=30,start_thres=1.25,min_cluster_size=3",hub,0.25,30,9,40,1730,8,0,32,1730,0.2,0.0,1.0,0.0,0.1763465512882579
fbc_tfnbs,"e=0.4,h=8.0,n=30,start_thres=1.25,min_cluster_size=3",hub,0.25,30,9,40,1730,8,0,32,1730,0.2,0.0,1.0,0.0,0.1763465512882579
fbc_tfnbs,"e=0.4,h=9.0,n=30,start_thres=1.25,min_cluster_size=3",hub,0.25,30,9,40,1730,8,0,32,1730,0.2,0.0,1.0,0.0,0.1763465512882579
fbc_tfnbs,"e=0.4,h=10.0,n=30,start_thres=1.25,min_cluster_size=3",hub,0.25,30,9,40,1730,8,0,32,1730,0.2,0.0,1.0,0.0,0.1763465512882579
fbc_tfnbs,"e=0.5,h=0.5,n=30,start_thres=1.25,min_cluster_size=3",hub,0.25,30,9,40,1730,3,0,37,1730,0.075,0.0,1.0,0.0,0.1763465512882579
fbc_tfnbs,"e=0.5,h=1.0,n=30,start_thres=1.25,min_cluster_size=3",hub,0.25,30,9,40,1730,4,0,36,1730,0.1,0.0,1.0,0.0,0.1763465512882579
fbc_tfnbs,"e=0.5,h=2.0,n=30,start_thres=1.25,min_cluster_size=3",hub,0.25,30,9,40,1730,4,0,36,1730,0.1,0.0,1.0,0.0,0.1763465512882579
fbc_tfnbs,"e=0.5,h=3.0,n=30,start_thres=1.25,min_cluster_size=3",hub,0.25,30,9,40,1730,4,0,36,1730,0.1,0.0,1.0,0.0,0.1763465512882579
fbc_tfnbs,"e=0.5,h=4.0,n=30,start_thres=1.25,min_cluster_size=3",hub,0.25,30,9,40,1730,5,0,35,1730,0.125,0.0,1.0,0.0,0.1763465512882579
fbc_tfnbs,"e=0.5,h=5.0,n=30,start_thres=1.25,min_cluster_size=3",hub,0.25,30,9,40,1730,4,0,36,1730,0.1,0.0,1.0,0.0,0.1763465512882579
fbc_tfnbs,"e=0.5,h=6.0,n=30,start_thres=1.25,min_cluster_size=3",hub,0.25,30,9,40,1730,4,0,36,1730,0.1,0.0,1.0,0.0,0.1763465512882579
fbc_tfnbs,"e=0.5,h=7.0,n=30,start_thres=1.25,min_cluster_size=3",hub,0.25,30,9,40,1730,5,0,35,1730,0.125,0.0,1.0,0.0,0.1763465512882579
fbc_tfnbs,"e=0.5,h=8.0,n=30,start_thres=1.25,min_cluster_size=3",hub,0.25,30,9,40,1730,5,0,35,1730,0.125,0.0,1.0,0.0,0.1763465512882579
fbc_tfnbs,"e=0.5,h=9.0,n=30,start_thres=1.25,min_cluster_size=3",hub,0.25,30,9,40,1730,8,0,32,1730,0.2,0.0,1.0,0.0,0.1763465512882579
fbc_tfnbs,"e=0.5,h=10.0,n=30,start_thres=1.25,min_cluster_size=3",hub,0.25,30,9,40,1730,8,0,32,1730,0.2,0.0,1.0,0.0,0.1763465512882579
fbc_tfnbs,"e=0.6,h=0.5,n=30,start_thres=1.25,min_cluster_size=3",hub,0.25,30,9,40,1730,3,0,37,1730,0.075,0.0,1.0,0.0,0.1763465512882579
fbc_tfnbs,"e=0.6,h=1.0,n=30,start_thres=1.25,min_cluster_size=3",hub,0.25,30,9,40,1730,3,0,37,1730,0.075,0.0,1.0,0.0,0.1763465512882579
fbc_tfnbs,"e=0.6,h=2.0,n=30,start_thres=1.25,min_cluster_size=3",hub,0.25,30,9,40,1730,4,0,36,1730,0.1,0.0,1.0,0.0,0.1763465512882579
fbc_tfnbs,"e=0.6,h=3.0,n=30,start_thres=1.25,min_cluster_size=3",hub,0.25,30,9,40,1730,4,0,36,1730,0.1,0.0,1.0,0.0,0.1763465512882579
fbc_tfnbs,"e=0.6,h=4.0,n=30,start_thres=1.25,min_cluster_size=3",hub,0.25,30,9,40,1730,5,0,35,1730,0.125,0.0,1.0,0.0,0.1763465512882579
fbc_tfnbs,"e=0.6,h=5.0,n=30,start_thres=1.25,min_cluster_size=3",hub,0.25,30,9,40,1730,5,0,35,1730,0.125,0.0,1.0,0.0,0.1763465512882579
fbc_tfnbs,"e=0.6,h=6.0,n=30,start_thres=1.25,min_cluster_size=3",hub,0.25,30,9,40,1730,5,0,35,1730,0.125,0.0,1.0,0.0,0.1763465512882579
fbc_tfnbs,"e=0.6,h=7.0,n=30,start_thres=1.25,min_cluster_size=3",hub,0.25,30,9,40,1730,5,0,35,1730,0.125,0.0,1.0,0.0,0.1763465512882579
fbc_tfnbs,"e=0.6,h=8.0,n=30,start_thres=1.25,min_cluster_size=3",hub,0.25,30,9,40,1730,5,0,35,1730,0.125,0.0,1.0,0.0,0.1763465512882579
fbc_tfnbs,"e=0.6,h=9.0,n=30,start_thres=1.25,min_cluster_size=3",hub,0.25,30,9,40,1730,5,0,35,1730,0.125,0.0,1.0,0.0,0.1763465512882579
fbc_tfnbs,"e=0.6,h=10.0,n=30,start_thres=1.25,min_cluster_size=3",hub,0.25,30,9,40,1730,8,0,32,1730,0.2,0.0,1.0,0.0,0.1763465512882579
fbc_tfnbs,"e=0.7,h=0.5,n=30,start_thres=1.25,min_cluster_size=3",hub,0.25,30,9,40,1730,3,0,37,1730,0.075,0.0,1.0,0.0,0.1763465512882579
fbc_tfnbs,"e=0.7,h=1.0,n=30,start_thres=1.25,min_cluster_size=3",hub,0.25,30,9,40,1730,3,0,37,1730,0.075,0.0,1.0,0.0,0.1763465512882579
fbc_tfnbs,"e=0.7,h=2.0,n=30,start_thres=1.25,min_cluster_size=3",hub,0.25,30,9,40,1730,4,0,36,1730,0.1,0.0,1.0,0.0,0.1763465512882579
fbc_tfnbs,"e=0.7,h=3.0,n=30,start_thres=1.25,min_cluster_size=3",hub,0.25,30,9,40,1730,4,0,36,1730,0.1,0.0,1.0,0.0,0.1763465512882579
fbc_tfnbs,"e=0.7,h=4.0,n=30,start_thres=1.25,min_cluster_size=3",hub,0.25,30,9,40,1730,5,0,35,1730,0.125,0.0,1.0,0.0,0.1763465512882579
fbc_tfnbs,"e=0.7,h=5.0,n=30,start_thres=1.25,min_cluster_size=3",hub,0.25,30,9,40,1730,5,0,35,1730,0.125,0.0,1.0,0.0,0.1763465512882579
fbc_tfnbs,"e=0.7,h=6.0,n=30,start_thres=1.25,min_cluster_size=3",hub,0.25,30,9,40,1730,5,0,35,1730,0.125,0.0,1.0,0.0,0.1763465512882579
fbc_tfnbs,"e=0.7,h=7.0,n=30,start_thres=1.25,min_cluster_size=3",hub,0.25,30,9,40,1730,5,0,35,1730,0.125,0.0,1.0,0.0,0.1763465512882579
fbc_tfnbs,"e=0.7,h=8.0,n=30,start_thres=1.25,min_cluster_size=3",hub,0.25,30,9,40,1730,5,0,35,1730,0.125,0.0,1.0,0.0,0.1763465512882579
fbc_tfnbs,"e=0.7,h=9.0,n=30,start_thres=1.25,min_cluster_size=3",hub,0.25,30,9,40,1730,5,0,35,1730,0.125,0.0,1.0,0.0,0.1763465512882579
fbc_tfnbs,"e=0.7,h=10.0,n=30,start_thres=1.25,min_cluster_size=3",hub,0.25,30,9,40,1730,5,0,35,1730,0.125,0.0,1.0,0.0,0.1763465512882579
fbc_tfnbs,"e=0.8,h=0.5,n=30,start_thres=1.25,min_cluster_size=3",hub,0.25,30,9,40,1730,0,0,40,1730,0.0,0.0,0.0,0.0,0.1763465512882579
fbc_tfnbs,"e=0.8,h=1.0,n=30,start_thres=1.25,min_cluster_size=3",hub,0.25,30,9,40,1730,3,0,37,1730,0.075,0.0,1.0,0.0,0.1763465512882579
fbc_tfnbs,"e=0.8,h=2.0,n=30,start_thres=1.25,min_cluster_size=3",hub,0.25,30,9,40,1730,3,0,37,1730,0.075,0.0,1.0,0.0,0.1763465512882579
fbc_tfnbs,"e=0.8,h=3.0,n=30,start_thres=1.25,min_cluster_size=3",hub,0.25,30,9,40,1730,4,0,36,1730,0.1,0.0,1.0,0.0,0.1763465512882579
fbc_tfnbs,"e=0.8,h=4.0,n=30,start_thres=1.25,min_cluster_size=3",hub,0.25,30,9,40,1730,5,0,35,1730,0.125,0.0,1.0,0.0,0.1763465512882579
fbc_tfnbs,"e=0.8,h=5.0,n=30,start_thres=1.25,min_cluster_size=3",hub,0.25,30,9,40,1730,5,0,35,1730,0.125,0.0,1.0,0.0,0.1763465512882579
fbc_tfnbs,"e=0.8,h=6.0,n=30,start_thres=1.25,min_cluster_size=3",hub,0.25,30,9,40,1730,5,0,35,1730,0.125,0.0,1.0,0.0,0.1763465512882579
fbc_tfnbs,"e=0.8,h=7.0,n=30,start_thres=1.25,min_cluster_size=3",hub,0.25,30,9,40,1730,5,0,35,1730,0.125,0.0,1.0,0.0,0.1763465512882579
fbc_tfnbs,"e=0.8,h=8.0,n=30,start_thres=1.25,min_cluster_size=3",hub,0.25,30,9,40,1730,5,0,35,1730,0.125,0.0,1.0,0.0,0.1763465512882579
fbc_tfnbs,"e=0.8,h=9.0,n=30,start_thres=1.25,min_cluster_size=3",hub,0.25,30,9,40,1730,5,0,35,1730,0.125,0.0,1.0,0.0,0.1763465512882579
fbc_tfnbs,"e=0.8,h=10.0,n=30,start_thres=1.25,min_cluster_size=3",hub,0.25,30,9,40,1730,5,0,35,1730,0.125,0.0,1.0,0.0,0.1763465512882579
fbc_tfnbs,"e=0.9,h=0.5,n=30,start_thres=1.25,min_cluster_size=3",hub,0.25,30,9,40,1730,0,0,40,1730,0.0,0.0,0.0,0.0,0.1763465512882579
fbc_tfnbs,"e=0.9,h=1.0,n=30,start_thres=1.25,min_cluster_size=3",hub,0.25,30,9,40,1730,0,0,40,1730,0.0,0.0,0.0,0.0,0.1763465512882579
fbc_tfnbs,"e=0.9,h=2.0,n=30,start_thres=1.25,min_cluster_size=3",hub,0.25,30,9,40,1730,3,0,37,1730,0.075,0.0,1.0,0.0,0.1763465512882579
fbc_tfnbs,"e=0.9,h=3.0,n=30,start_thres=1.25,min_cluster_size=3",hub,0.25,30,9,40,1730,4,0,36,1730,0.1,0.0,1.0,0.0,0.1763465512882579
fbc_tfnbs,"e=0.9,h=4.0,n=30,start_thres=1.25,min_cluster_size=3",hub,0.25,30,9,40,1730,4,0,36,1730,0.1,0.0,1.0,0.0,0.1763465512882579
fbc_tfnbs,"e=0.9,h=5.0,n=30,start_thres=1.25,min_cluster_size=3",hub,0.25,30,9,40,1730,5,0,35,1730,0.125,0.0,1.0,0.0,0.1763465512882579
fbc_tfnbs,"e=0.9,h=6.0,n=30,start_thres=1.25,min_cluster_size=3",hub,0.25,30,9,40,1730,5,0,35,1730,0.125,0.0,1.0,0.0,0.1763465512882579
fbc_tfnbs,"e=0.9,h=7.0,n=30,start_thres=1.25,min_cluster_size=3",hub,0.25,30,9,40,1730,5,0,35,1730,0.125,0.0,1.0,0.0,0.1763465512882579
fbc_tfnbs,"e=0.9,h=8.0,n=30,start_thres=1.25,min_cluster_size=3",hub,0.25,30,9,40,1730,5,0,35,1730,0.125,0.0,1.0,0.0,0.1763465512882579
fbc_tfnbs,"e=0.9,h=9.0,n=30,start_thres=1.25,min_cluster_size=3",hub,0.25,30,9,40,1730,5,0,35,1730,0.125,0.0,1.0,0.0,0.1763465512882579
fbc_tfnbs,"e=0.9,h=10.0,n=30,start_thres=1.25,min_cluster_size=3",hub,0.25,30,9,40,1730,5,0,35,1730,0.125,0.0,1.0,0.0,0.1763465512882579
fbc_tfnbs,"e=1.0,h=0.5,n=30,start_thres=1.25,min_cluster_size=3",hub,0.25,30,9,40,1730,0,0,40,1730,0.0,0.0,0.0,0.0,0.1763465512882579
fbc_tfnbs,"e=1.0,h=1.0,n=30,start_thres=1.25,min_cluster_size=3",hub,0.25,30,9,40,1730,0,0,40,1730,0.0,0.0,0.0,0.0,0.1763465512882579
fbc_tfnbs,"e=1.0,h=2.0,n=30,start_thres=1.25,min_cluster_size=3",hub,0.25,30,9,40,1730,3,0,37,1730,0.075,0.0,1.0,0.0,0.1763465512882579
fbc_tfnbs,"e=1.0,h=3.0,n=30,start_thres=1.25,min_cluster_size=3",hub,0.25,30,9,40,1730,3,0,37,1730,0.075,0.0,1.0,0.0,0.1763465512882579
fbc_tfnbs,"e=1.0,h=4.0,n=30,start_thres=1.25,min_cluster_size=3",hub,0.25,30,9,40,1730,4,0,36,1730,0.1,0.0,1.0,0.0,0.1763465512882579
fbc_tfnbs,"e=1.0,h=5.0,n=30,start_thres=1.25,min_cluster_size=3",hub,0.25,30,9,40,1730,5,0,35,1730,0.125,0.0,1.0,0.0,0.1763465512882579
fbc_tfnbs,"e=1.0,h=6.0,n=30,start_thres=1.25,min_cluster_size=3",hub,0.25,30,9,40,1730,5,0,35,1730,0.125,0.0,1.0,0.0,0.1763465512882579
fbc_tfnbs,"e=1.0,h=7.0,n=30,start_thres=1.25,min_cluster_size=3",hub,0.25,30,9,40,1730,5,0,35,1730,0.125,0.0,1.0,0.0,0.1763465512882579
fbc_tfnbs,"e=1.0,h=8.0,n=30,start_thres=1.25,min_cluster_size=3",hub,0.25,30,9,40,1730,5,0,35,1730,0.125,0.0,1.0,0.0,0.1763465512882579
fbc_tfnbs,"e=1.0,h=9.0,n=30,start_thres=1.25,min_cluster_size=3",hub,0.25,30,9,40,1730,5,0,35,1730,0.125,0.0,1.0,0.0,0.1763465512882579
fbc_tfnbs,"e=1.0,h=10.0,n=30,start_thres=1.25,min_cluster_size=3",hub,0.25,30,9,40,1730,5,0,35,1730,0.125,0.0,1.0,0.0,0.1763465512882579
fbc_tfnbs,"e=1.1,h=0.5,n=30,start_thres=1.25,min_cluster_size=3",hub,0.25,30,9,40,1730,0,0,40,1730,0.0,0.0,0.0,0.0,0.1763465512882579
fbc_tfnbs,"e=1.1,h=1.0,n=30,start_thres=1.25,min_cluster_size=3",hub,0.25,30,9,40,1730,0,0,40,1730,0.0,0.0,0.0,0.0,0.1763465512882579
fbc_tfnbs,"e=1.1,h=2.0,n=30,start_thres=1.25,min_cluster_size=3",hub,0.25,30,9,40,1730,0,0,40,1730,0.0,0.0,0.0,0.0,0.1763465512882579
fbc_tfnbs,"e=1.1,h=3.0,n=30,start_thres=1.25,min_cluster_size=3",hub,0.25,30,9,40,1730,3,0,37,1730,0.075,0.0,1.0,0.0,0.1763465512882579
fbc_tfnbs,"e=1.1,h=4.0,n=30,start_thres=1.25,min_cluster_size=3",hub,0.25,30,9,40,1730,4,0,36,1730,0.1,0.0,1.0,0.0,0.1763465512882579
fbc_tfnbs,"e=1.1,h=5.0,n=30,start_thres=1.25,min_cluster_size=3",hub,0.25,30,9,40,1730,4,0,36,1730,0.1,0.0,1.0,0.0,0.1763465512882579
fbc_tfnbs,"e=1.1,h=6.0,n=30,start_thres=1.25,min_cluster_size=3",hub,0.25,30,9,40,1730,5,0,35,1730,0.125,0.0,1.0,0.0,0.1763465512882579
fbc_tfnbs,"e=1.1,h=7.0,n=30,start_thres=1.25,min_cluster_size=3",hub,0.25,30,9,40,1730,5,0,35,1730,0.125,0.0,1.0,0.0,0.1763465512882579
fbc_tfnbs,"e=1.1,h=8.0,n=30,start_thres=1.25,min_cluster_size=3",hub,0.25,30,9,40,1730,5,0,35,1730,0.125,0.0,1.0,0.0,0.1763465512882579
fbc_tfnbs,"e=1.1,h=9.0,n=30,start_thres=1.25,min_cluster_size=3",hub,0.25,30,9,40,1730,5,0,35,1730,0.125,0.0,1.0,0.0,0.1763465512882579
fbc_tfnbs,"e=1.1,h=10.0,n=30,start_thres=1.25,min_cluster_size=3",hub,0.25,30,9,40,1730,5,0,35,1730,0.125,0.0,1.0,0.0,0.1763465512882579
fbc_tfnbs,"e=1.2,h=0.5,n=30,start_thres=1.25,min_cluster_size=3",hub,0.25,30,9,40,1730,0,0,40,1730,0.0,0.0,0.0,0.0,0.1763465512882579
fbc_tfnbs,"e=1.2,h=1.0,n=30,start_thres=1.25,min_cluster_size=3",hub,0.25,30,9,40,1730,0,0,40,1730,0.0,0.0,0.0,0.0,0.1763465512882579
fbc_tfnbs,"e=1.2,h=2.0,n=30,start_thres=1.25,min_cluster_size=3",hub,0.25,30,9,40,1730,0,0,40,1730,0.0,0.0,0.0,0.0,0.1763465512882579
fbc_tfnbs,"e=1.2,h=3.0,n=30,start_thres=1.25,min_cluster_size=3",hub,0.25,30,9,40,1730,0,0,40,1730,0.0,0.0,0.0,0.0,0.1763465512882579
fbc_tfnbs,"e=1.2,h=4.0,n=30,start_thres=1.25,min_cluster_size=3",hub,0.25,30,9,40,1730,4,0,36,1730,0.1,0.0,1.0,0.0,0.1763465512882579
fbc_tfnbs,"e=1.2,h=5.0,n=30,start_thres=1.25,min_cluster_size=3",hub,0.25,30,9,40,1730,4,0,36,1730,0.1,0.0,1.0,0.0,0.1763465512882579
fbc_tfnbs,"e=1.2,h=6.0,n=30,start_thres=1.25,min_cluster_size=3",hub,0.25,30,9,40,1730,5,0,35,1730,0.125,0.0,1.0,0.0,0.1763465512882579
fbc_tfnbs,"e=1.2,h=7.0,n=30,start_thres=1.25,min_cluster_size=3",hub,0.25,30,9,40,1730,5,0,35,1730,0.125,0.0,1.0,0.0,0.1763465512882579
fbc_tfnbs,"e=1.2,h=8.0,n=30,start_thres=1.25,min_cluster_size=3",hub,0.25,30,9,40,1730,5,0,35,1730,0.125,0.0,1.0,0.0,0.1763465512882579
fbc_tfnbs,"e=1.2,h=9.0,n=30,start_thres=1.25,min_cluster_size=3",hub,0.25,30,9,40,1730,5,0,35,1730,0.125,0.0,1.0,0.0,0.1763465512882579
fbc_tfnbs,"e=1.2,h=10.0,n=30,start_thres=1.25,min_cluster_size=3",hub,0.25,30,9,40,1730,5,0,35,1730,0.125,0.0,1.0,0.0,0.1763465512882579
fbc_tfnbs,"e=1.3,h=0.5,n=30,start_thres=1.25,min_cluster_size=3",hub,0.25,30,9,40,1730,0,0,40,1730,0.0,0.0,0.0,0.0,0.1763465512882579
fbc_tfnbs,"e=1.3,h=1.0,n=30,start_thres=1.25,min_cluster_size=3",hub,0.25,30,9,40,1730,0,0,40,1730,0.0,0.0,0.0,0.0,0.1763465512882579
fbc_tfnbs,"e=1.3,h=2.0,n=30,start_thres=1.25,min_cluster_size=3",hub,0.25,30,9,40,1730,0,0,40,1730,0.0,0.0,0.0,0.0,0.1763465512882579
fbc_tfnbs,"e=1.3,h=3.0,n=30,start_thres=1.25,min_cluster_size=3",hub,0.25,30,9,40,1730,0,0,40,1730,0.0,0.0,0.0,0.0,0.1763465512882579
fbc_tfnbs,"e=1.3,h=4.0,n=30,start_thres=1.25,min_cluster_size=3",hub,0.25,30,9,40,1730,3,0,37,1730,0.075,0.0,1.0,0.0,0.1763465512882579
fbc_tfnbs,"e=1.3,h=5.0,n=30,start_thres=1.25,min_cluster_size=3",hub,0.25,30,9,40,1730,4,0,36,1730,0.1,0.0,1.0,0.0,0.1763465512882579
fbc_tfnbs,"e=1.3,h=6.0,n=30,start_thres=1.25,min_cluster_size=3",hub,0.25,30,9,40,1730,5,0,35,1730,0.125,0.0,1.0,0.0,0.1763465512882579
fbc_tfnbs,"e=1.3,h=7.0,n=30,start_thres=1.25,min_cluster_size=3",hub,0.25,30,9,40,1730,5,0,35,1730,0.125,0.0,1.0,0.0,0.1763465512882579
fbc_tfnbs,"e=1.3,h=8.0,n=30,start_thres=1.25,min_cluster_size=3",hub,0.25,30,9,40,1730,5,0,35,1730,0.125,0.0,1.0,0.0,0.1763465512882579
fbc_tfnbs,"e=1.3,h=9.0,n=30,start_thres=1.25,min_cluster_size=3",hub,0.25,30,9,40,1730,5,0,35,1730,0.125,0.0,1.0,0.0,0.1763465512882579
fbc_tfnbs,"e=1.3,h=10.0,n=30,start_thres=1.25,min_cluster_size=3",hub,0.25,30,9,40,1730,5,0,35,1730,0.125,0.0,1.0,0.0,0.1763465512882579
fbc_tfnbs,"e=1.4,h=0.5,n=30,start_thres=1.25,min_cluster_size=3",hub,0.25,30,9,40,1730,0,0,40,1730,0.0,0.0,0.0,0.0,0.1763465512882579
fbc_tfnbs,"e=1.4,h=1.0,n=30,start_thres=1.25,min_cluster_size=3",hub,0.25,30,9,40,1730,0,0,40,1730,0.0,0.0,0.0,0.0,0.1763465512882579
fbc_tfnbs,"e=1.4,h=2.0,n=30,start_thres=1.25,min_cluster_size=3",hub,0.25,30,9,40,1730,0,0,40,1730,0.0,0.0,0.0,0.0,0.1763465512882579
fbc_tfnbs,"e=1.4,h=3.0,n=30,start_thres=1.25,min_cluster_size=3",hub,0.25,30,9,40,1730,0,0,40,1730,0.0,0.0,0.0,0.0,0.1763465512882579
fbc_tfnbs,"e=1.4,h=4.0,n=30,start_thres=1.25,min_cluster_size=3",hub,0.25,30,9,40,1730,0,0,40,1730,0.0,0.0,0.0,0.0,0.1763465512882579
fbc_tfnbs,"e=1.4,h=5.0,n=30,start_thres=1.25,min_cluster_size=3",hub,0.25,30,9,40,1730,4,0,36,1730,0.1,0.0,1.0,0.0,0.1763465512882579
fbc_tfnbs,"e=1.4,h=6.0,n=30,start_thres=1.25,min_cluster_size=3",hub,0.25,30,9,40,1730,4,0,36,1730,0.1,0.0,1.0,0.0,0.1763465512882579
fbc_tfnbs,"e=1.4,h=7.0,n=30,start_thres=1.25,min_cluster_size=3",hub,0.25,30,9,40,1730,5,0,35,1730,0.125,0.0,1.0,0.0,0.1763465512882579
fbc_tfnbs,"e=1.4,h=8.0,n=30,start_thres=1.25,min_cluster_size=3",hub,0.25,30,9,40,1730,5,0,35,1730,0.125,0.0,1.0,0.0,0.1763465512882579
fbc_tfnbs,"e=1.4,h=9.0,n=30,start_thres=1.25,min_cluster_size=3",hub,0.25,30,9,40,1730,5,0,35,1730,0.125,0.0,1.0,0.0,0.1763465512882579
fbc_tfnbs,"e=1.4,h=10.0,n=30,start_thres=1.25,min_cluster_size=3",hub,0.25,30,9,40,1730,5,0,35,1730,0.125,0.0,1.0,0.0,0.1763465512882579
fbc_tfnbs,"e=1.5,h=0.5,n=30,start_thres=1.25,min_cluster_size=3",hub,0.25,30,9,40,1730,0,0,40,1730,0.0,0.0,0.0,0.0,0.1763465512882579
fbc_tfnbs,"e=1.5,h=1.0,n=30,start_thres=1.25,min_cluster_size=3",hub,0.25,30,9,40,1730,0,0,40,1730,0.0,0.0,0.0,0.0,0.1763465512882579
fbc_tfnbs,"e=1.5,h=2.0,n=30,start_thres=1.25,min_cluster_size=3",hub,0.25,30,9,40,1730,0,0,40,1730,0.0,0.0,0.0,0.0,0.1763465512882579
fbc_tfnbs,"e=1.5,h=3.0,n=30,start_thres=1.25,min_cluster_size=3",hub,0.25,30,9,40,1730,0,0,40,1730,0.0,0.0,0.0,0.0,0.1763465512882579
fbc_tfnbs,"e=1.5,h=4.0,n=30,start_thres=1.25,min_cluster_size=3",hub,0.25,30,9,40,1730,0,0,40,1730,0.0,0.0,0.0,0.0,0.1763465512882579
fbc_tfnbs,"e=1.5,h=5.0,n=30,start_thres=1.25,min_cluster_size=3",hub,0.25,30,9,40,1730,3,0,37,1730,0.075,0.0,1.0,0.0,0.1763465512882579
fbc_tfnbs,"e=1.5,h=6.0,n=30,start_thres=1.25,min_cluster_size=3",hub,0.25,30,9,40,1730,4,0,36,1730,0.1,0.0,1.0,0.0,0.1763465512882579
fbc_tfnbs,"e=1.5,h=7.0,n=30,start_thres=1.25,min_cluster_size=3",hub,0.25,30,9,40,1730,5,0,35,1730,0.125,0.0,1.0,0.0,0.1763465512882579
fbc_tfnbs,"e=1.5,h=8.0,n=30,start_thres=1.25,min_cluster_size=3",hub,0.25,30,9,40,1730,5,0,35,1730,0.125,0.0,1.0,0.0,0.1763465512882579
fbc_tfnbs,"e=1.5,h=9.0,n=30,start_thres=1.25,min_cluster_size=3",hub,0.25,30,9,40,1730,5,0,35,1730,0.125,0.0,1.0,0.0,0.1763465512882579
fbc_tfnbs,"e=1.5,h=10.0,n=30,start_thres=1.25,min_cluster_size=3",hub,0.25,30,9,40,1730,5,0,35,1730,0.125,0.0,1.0,0.0,0.1763465512882579
fbc_tfnbs,"e=0.05,h=0.5,n=30,start_thres=1.25,min_cluster_size=3",hub,0.25,30,10,40,1730,9,1,31,1729,0.225,0.0005780346820809,0.9,0.1,0.1789205724542791
fbc_tfnbs,"e=0.05,h=1.0,n=30,start_thres=1.25,min_cluster_size=3",hub,0.25,30,10,40,1730,9,1,31,1729,0.225,0.0005780346820809,0.9,0.1,0.1789205724542791
fbc_tfnbs,"e=0.05,h=2.0,n=30,start_thres=1.25,min_cluster_size=3",hub,0.25,30,10,40,1730,9,1,31,1729,0.225,0.0005780346820809,0.9,0.1,0.1789205724542791
fbc_tfnbs,"e=0.05,h=3.0,n=30,start_thres=1.25,min_cluster_size=3",hub,0.25,30,10,40,1730,9,1,31,1729,0.225,0.0005780346820809,0.9,0.1,0.1789205724542791
fbc_tfnbs,"e=0.05,h=4.0,n=30,start_thres=1.25,min_cluster_size=3",hub,0.25,30,10,40,1730,9,1,31,1729,0.225,0.0005780346820809,0.9,0.1,0.1789205724542791
fbc_tfnbs,"e=0.05,h=5.0,n=30,start_thres=1.25,min_cluster_size=3",hub,0.25,30,10,40,1730,9,1,31,1729,0.225,0.0005780346820809,0.9,0.1,0.1789205724542791
fbc_tfnbs,"e=0.05,h=6.0,n=30,start_thres=1.25,min_cluster_size=3",hub,0.25,30,10,40,1730,9,1,31,1729,0.225,0.0005780346820809,0.9,0.1,0.1789205724542791
fbc_tfnbs,"e=0.05,h=7.0,n=30,start_thres=1.25,min_cluster_size=3",hub,0.25,30,10,40,1730,9,1,31,1729,0.225,0.0005780346820809,0.9,0.1,0.1789205724542791
fbc_tfnbs,"e=0.05,h=8.0,n=30,start_thres=1.25,min_cluster_size=3",hub,0.25,30,10,40,1730,9,1,31,1729,0.225,0.0005780346820809,0.9,0.1,0.1789205724542791
fbc_tfnbs,"e=0.05,h=9.0,n=30,start_thres=1.25,min_cluster_size=3",hub,0.25,30,10,40,1730,9,1,31,1729,0.225,0.0005780346820809,0.9,0.1,0.1789205724542791
fbc_tfnbs,"e=0.05,h=10.0,n=30,start_thres=1.25,min_cluster_size=3",hub,0.25,30,10,40,1730,9,1,31,1729,0.225,0.0005780346820809,0.9,0.1,0.1789205724542791
fbc_tfnbs,"e=0.1,h=0.5,n=30,start_thres=1.25,min_cluster_size=3",hub,0.25,30,10,40,1730,9,1,31,1729,0.225,0.0005780346820809,0.9,0.1,0.1789205724542791
fbc_tfnbs,"e=0.1,h=1.0,n=30,start_thres=1.25,min_cluster_size=3",hub,0.25,30,10,40,1730,9,1,31,1729,0.225,0.0005780346820809,0.9,0.1,0.1789205724542791
fbc_tfnbs,"e=0.1,h=2.0,n=30,start_thres=1.25,min_cluster_size=3",hub,0.25,30,10,40,1730,9,1,31,1729,0.225,0.0005780346820809,0.9,0.1,0.1789205724542791
fbc_tfnbs,"e=0.1,h=3.0,n=30,start_thres=1.25,min_cluster_size=3",hub,0.25,30,10,40,1730,9,1,31,1729,0.225,0.0005780346820809,0.9,0.1,0.1789205724542791
fbc_tfnbs,"e=0.1,h=4.0,n=30,start_thres=1.25,min_cluster_size=3",hub,0.25,30,10,40,1730,9,1,31,1729,0.225,0.0005780346820809,0.9,0.1,0.1789205724542791
fbc_tfnbs,"e=0.1,h=5.0,n=30,start_thres=1.25,min_cluster_size=3",hub,0.25,30,10,40,1730,9,1,31,1729,0.225,0.0005780346820809,0.9,0.1,0.1789205724542791
fbc_tfnbs,"e=0.1,h=6.0,n=30,start_thres=1.25,min_cluster_size=3",hub,0.25,30,10,40,1730,9,1,31,1729,0.225,0.0005780346820809,0.9,0.1,0.1789205724542791
fbc_tfnbs,"e=0.1,h=7.0,n=30,start_thres=1.25,min_cluster_size=3",hub,0.25,30,10,40,1730,9,1,31,1729,0.225,0.0005780346820809,0.9,0.1,0.1789205724542791
fbc_tfnbs,"e=0.1,h=8.0,n=30,start_thres=1.25,min_cluster_size=3",hub,0.25,30,10,40,1730,9,1,31,1729,0.225,0.0005780346820809,0.9,0.1,0.1789205724542791
fbc_tfnbs,"e=0.1,h=9.0,n=30,start_thres=1.25,min_cluster_size=3",hub,0.25,30,10,40,1730,9,1,31,1729,0.225,0.0005780346820809,0.9,0.1,0.1789205724542791
fbc_tfnbs,"e=0.1,h=10.0,n=30,start_thres=1.25,min_cluster_size=3",hub,0.25,30,10,40,1730,9,1,31,1729,0.225,0.0005780346820809,0.9,0.1,0.1789205724542791
fbc_tfnbs,"e=0.2,h=0.5,n=30,start_thres=1.25,min_cluster_size=3",hub,0.25,30,10,40,1730,9,1,31,1729,0.225,0.0005780346820809,0.9,0.1,0.1789205724542791
fbc_tfnbs,"e=0.2,h=1.0,n=30,start_thres=1.25,min_cluster_size=3",hub,0.25,30,10,40,1730,9,1,31,1729,0.225,0.0005780346820809,0.9,0.1,0.1789205724542791
fbc_tfnbs,"e=0.2,h=2.0,n=30,start_thres=1.25,min_cluster_size=3",hub,0.25,30,10,40,1730,9,1,31,1729,0.225,0.0005780346820809,0.9,0.1,0.1789205724542791
fbc_tfnbs,"e=0.2,h=3.0,n=30,start_thres=1.25,min_cluster_size=3",hub,0.25,30,10,40,1730,9,1,31,1729,0.225,0.0005780346820809,0.9,0.1,0.1789205724542791
fbc_tfnbs,"e=0.2,h=4.0,n=30,start_thres=1.25,min_cluster_size=3",hub,0.25,30,10,40,1730,9,1,31,1729,0.225,0.0005780346820809,0.9,0.1,0.1789205724542791
fbc_tfnbs,"e=0.2,h=5.0,n=30,start_thres=1.25,min_cluster_size=3",hub,0.25,30,10,40,1730,9,1,31,1729,0.225,0.0005780346820809,0.9,0.1,0.1789205724542791
fbc_tfnbs,"e=0.2,h=6.0,n=30,start_thres=1.25,min_cluster_size=3",hub,0.25,30,10,40,1730,9,1,31,1729,0.225,0.0005780346820809,0.9,0.1,0.1789205724542791
fbc_tfnbs,"e=0.2,h=7.0,n=30,start_thres=1.25,min_cluster_size=3",hub,0.25,30,10,40,1730,9,1,31,1729,0.225,0.0005780346820809,0.9,0.1,0.1789205724542791
fbc_tfnbs,"e=0.2,h=8.0,n=30,start_thres=1.25,min_cluster_size=3",hub,0.25,30,10,40,1730,9,1,31,1729,0.225,0.0005780346820809,0.9,0.1,0.1789205724542791
fbc_tfnbs,"e=0.2,h=9.0,n=30,start_thres=1.25,min_cluster_size=3",hub,0.25,30,10,40,1730,9,1,31,1729,0.225,0.0005780346820809,0.9,0.1,0.1789205724542791
fbc_tfnbs,"e=0.2,h=10.0,n=30,start_thres=1.25,min_cluster_size=3",hub,0.25,30,10,40,1730,9,1,31,1729,0.225,0.0005780346820809,0.9,0.1,0.1789205724542791
fbc_tfnbs,"e=0.3,h=0.5,n=30,start_thres=1.25,min_cluster_size=3",hub,0.25,30,10,40,1730,6,1,34,1729,0.15,0.0005780346820809,0.8571428571428571,0.1428571428571428,0.1789205724542791
fbc_tfnbs,"e=0.3,h=1.0,n=30,start_thres=1.25,min_cluster_size=3",hub,0.25,30,10,40,1730,9,1,31,1729,0.225,0.0005780346820809,0.9,0.1,0.1789205724542791
fbc_tfnbs,"e=0.3,h=2.0,n=30,start_thres=1.25,min_cluster_size=3",hub,0.25,30,10,40,1730,9,1,31,1729,0.225,0.0005780346820809,0.9,0.1,0.1789205724542791
fbc_tfnbs,"e=0.3,h=3.0,n=30,start_thres=1.25,min_cluster_size=3",hub,0.25,30,10,40,1730,9,1,31,1729,0.225,0.0005780346820809,0.9,0.1,0.1789205724542791
fbc_tfnbs,"e=0.3,h=4.0,n=30,start_thres=1.25,min_cluster_size=3",hub,0.25,30,10,40,1730,9,1,31,1729,0.225,0.0005780346820809,0.9,0.1,0.1789205724542791
fbc_tfnbs,"e=0.3,h=5.0,n=30,start_thres=1.25,min_cluster_size=3",hub,0.25,30,10,40,1730,9,1,31,1729,0.225,0.0005780346820809,0.9,0.1,0.1789205724542791
fbc_tfnbs,"e=0.3,h=6.0,n=30,start_thres=1.25,min_cluster_size=3",hub,0.25,30,10,40,1730,9,1,31,1729,0.225,0.0005780346820809,0.9,0.1,0.1789205724542791
fbc_tfnbs,"e=0.3,h=7.0,n=30,start_thres=1.25,min_cluster_size=3",hub,0.25,30,10,40,1730,9,1,31,1729,0.225,0.0005780346820809,0.9,0.1,0.1789205724542791
fbc_tfnbs,"e=0.3,h=8.0,n=30,start_thres=1.25,min_cluster_size=3",hub,0.25,30,10,40,1730,9,1,31,1729,0.225,0.0005780346820809,0.9,0.1,0.1789205724542791
fbc_tfnbs,"e=0.3,h=9.0,n=30,start_thres=1.25,min_cluster_size=3",hub,0.25,30,10,40,1730,9,1,31,1729,0.225,0.0005780346820809,0.9,0.1,0.1789205724542791
fbc_tfnbs,"e=0.3,h=10.0,n=30,start_thres=1.25,min_cluster_size=3",hub,0.25,30,10,40,1730,9,1,31,1729,0.225,0.0005780346820809,0.9,0.1,0.1789205724542791
fbc_tfnbs,"e=0.4,h=0.5,n=30,start_thres=1.25,min_cluster_size=3",hub,0.25,30,10,40,1730,6,1,34,1729,0.15,0.0005780346820809,0.8571428571428571,0.1428571428571428,0.1789205724542791
fbc_tfnbs,"e=0.4,h=1.0,n=30,start_thres=1.25,min_cluster_size=3",hub,0.25,30,10,40,1730,6,1,34,1729,0.15,0.0005780346820809,0.8571428571428571,0.1428571428571428,0.1789205724542791
fbc_tfnbs,"e=0.4,h=2.0,n=30,start_thres=1.25,min_cluster_size=3",hub,0.25,30,10,40,1730,9,1,31,1729,0.225,0.0005780346820809,0.9,0.1,0.1789205724542791
fbc_tfnbs,"e=0.4,h=3.0,n=30,start_thres=1.25,min_cluster_size=3",hub,0.25,30,10,40,1730,9,1,31,1729,0.225,0.0005780346820809,0.9,0.1,0.1789205724542791
fbc_tfnbs,"e=0.4,h=4.0,n=30,start_thres=1.25,min_cluster_size=3",hub,0.25,30,10,40,1730,9,1,31,1729,0.225,0.0005780346820809,0.9,0.1,0.1789205724542791
fbc_tfnbs,"e=0.4,h=5.0,n=30,start_thres=1.25,min_cluster_size=3",hub,0.25,30,10,40,1730,9,1,31,1729,0.225,0.0005780346820809,0.9,0.1,0.1789205724542791
fbc_tfnbs,"e=0.4,h=6.0,n=30,start_thres=1.25,min_cluster_size=3",hub,0.25,30,10,40,1730,9,1,31,1729,0.225,0.0005780346820809,0.9,0.1,0.1789205724542791
fbc_tfnbs,"e=0.4,h=7.0,n=30,start_thres=1.25,min_cluster_size=3",hub,0.25,30,10,40,1730,9,1,31,1729,0.225,0.0005780346820809,0.9,0.1,0.1789205724542791
fbc_tfnbs,"e=0.4,h=8.0,n=30,start_thres=1.25,min_cluster_size=3",hub,0.25,30,10,40,1730,9,1,31,1729,0.225,0.0005780346820809,0.9,0.1,0.1789205724542791
fbc_tfnbs,"e=0.4,h=9.0,n=30,start_thres=1.25,min_cluster_size=3",hub,0.25,30,10,40,1730,9,1,31,1729,0.225,0.0005780346820809,0.9,0.1,0.1789205724542791
fbc_tfnbs,"e=0.4,h=10.0,n=30,start_thres=1.25,min_cluster_size=3",hub,0.25,30,10,40,1730,9,1,31,1729,0.225,0.0005780346820809,0.9,0.1,0.1789205724542791
fbc_tfnbs,"e=0.5,h=0.5,n=30,start_thres=1.25,min_cluster_size=3",hub,0.25,30,10,40,1730,6,1,34,1729,0.15,0.0005780346820809,0.8571428571428571,0.1428571428571428,0.1789205724542791
fbc_tfnbs,"e=0.5,h=1.0,n=30,start_thres=1.25,min_cluster_size=3",hub,0.25,30,10,40,1730,6,1,34,1729,0.15,0.0005780346820809,0.8571428571428571,0.1428571428571428,0.1789205724542791
fbc_tfnbs,"e=0.5,h=2.0,n=30,start_thres=1.25,min_cluster_size=3",hub,0.25,30,10,40,1730,6,1,34,1729,0.15,0.0005780346820809,0.8571428571428571,0.1428571428571428,0.1789205724542791
fbc_tfnbs,"e=0.5,h=3.0,n=30,start_thres=1.25,min_cluster_size=3",hub,0.25,30,10,40,1730,9,1,31,1729,0.225,0.0005780346820809,0.9,0.1,0.1789205724542791
fbc_tfnbs,"e=0.5,h=4.0,n=30,start_thres=1.25,min_cluster_size=3",hub,0.25,30,10,40,1730,9,1,31,1729,0.225,0.0005780346820809,0.9,0.1,0.1789205724542791
fbc_tfnbs,"e=0.5,h=5.0,n=30,start_thres=1.25,min_cluster_size=3",hub,0.25,30,10,40,1730,9,1,31,1729,0.225,0.0005780346820809,0.9,0.1,0.1789205724542791
fbc_tfnbs,"e=0.5,h=6.0,n=30,start_thres=1.25,min_cluster_size=3",hub,0.25,30,10,40,1730,9,1,31,1729,0.225,0.0005780346820809,0.9,0.1,0.1789205724542791
fbc_tfnbs,"e=0.5,h=7.0,n=30,start_thres=1.25,min_cluster_size=3",hub,0.25,30,10,40,1730,9,1,31,1729,0.225,0.0005780346820809,0.9,0.1,0.1789205724542791
fbc_tfnbs,"e=0.5,h=8.0,n=30,start_thres=1.25,min_cluster_size=3",hub,0.25,30,10,40,1730,9,1,31,1729,0.225,0.0005780346820809,0.9,0.1,0.1789205724542791
fbc_tfnbs,"e=0.5,h=9.0,n=30,start_thres=1.25,min_cluster_size=3",hub,0.25,30,10,40,1730,9,1,31,1729,0.225,0.0005780346820809,0.9,0.1,0.1789205724542791
fbc_tfnbs,"e=0.5,h=10.0,n=30,start_thres=1.25,min_cluster_size=3",hub,0.25,30,10,40,1730,9,1,31,1729,0.225,0.0005780346820809,0.9,0.1,0.1789205724542791
fbc_tfnbs,"e=0.6,h=0.5,n=30,start_thres=1.25,min_cluster_size=3",hub,0.25,30,10,40,1730,6,1,34,1729,0.15,0.0005780346820809,0.8571428571428571,0.1428571428571428,0.1789205724542791
fbc_tfnbs,"e=0.6,h=1.0,n=30,start_thres=1.25,min_cluster_size=3",hub,0.25,30,10,40,1730,6,1,34,1729,0.15,0.0005780346820809,0.8571428571428571,0.1428571428571428,0.1789205724542791
fbc_tfnbs,"e=0.6,h=2.0,n=30,start_thres=1.25,min_cluster_size=3",hub,0.25,30,10,40,1730,6,1,34,1729,0.15,0.0005780346820809,0.8571428571428571,0.1428571428571428,0.1789205724542791
fbc_tfnbs,"e=0.6,h=3.0,n=30,start_thres=1.25,min_cluster_size=3",hub,0.25,30,10,40,1730,6,1,34,1729,0.15,0.0005780346820809,0.8571428571428571,0.1428571428571428,0.1789205724542791
fbc_tfnbs,"e=0.6,h=4.0,n=30,start_thres=1.25,min_cluster_size=3",hub,0.25,30,10,40,1730,9,1,31,1729,0.225,0.0005780346820809,0.9,0.1,0.1789205724542791
fbc_tfnbs,"e=0.6,h=5.0,n=30,start_thres=1.25,min_cluster_size=3",hub,0.25,30,10,40,1730,9,1,31,1729,0.225,0.0005780346820809,0.9,0.1,0.1789205724542791
fbc_tfnbs,"e=0.6,h=6.0,n=30,start_thres=1.25,min_cluster_size=3",hub,0.25,30,10,40,1730,9,1,31,1729,0.225,0.0005780346820809,0.9,0.1,0.1789205724542791
fbc_tfnbs,"e=0.6,h=7.0,n=30,start_thres=1.25,min_cluster_size=3",hub,0.25,30,10,40,1730,9,1,31,1729,0.225,0.0005780346820809,0.9,0.1,0.1789205724542791
fbc_tfnbs,"e=0.6,h=8.0,n=30,start_thres=1.25,min_cluster_size=3",hub,0.25,30,10,40,1730,9,1,31,1729,0.225,0.0005780346820809,0.9,0.1,0.1789205724542791
fbc_tfnbs,"e=0.6,h=9.0,n=30,start_thres=1.25,min_cluster_size=3",hub,0.25,30,10,40,1730,9,1,31,1729,0.225,0.0005780346820809,0.9,0.1,0.1789205724542791
fbc_tfnbs,"e=0.6,h=10.0,n=30,start_thres=1.25,min_cluster_size=3",hub,0.25,30,10,40,1730,9,1,31,1729,0.225,0.0005780346820809,0.9,0.1,0.1789205724542791
fbc_tfnbs,"e=0.7,h=0.5,n=30,start_thres=1.25,min_cluster_size=3",hub,0.25,30,10,40,1730,6,1,34,1729,0.15,0.0005780346820809,0.8571428571428571,0.1428571428571428,0.1789205724542791
fbc_tfnbs,"e=0.7,h=1.0,n=30,start_thres=1.25,min_cluster_size=3",hub,0.25,30,10,40,1730,6,1,34,1729,0.15,0.0005780346820809,0.8571428571428571,0.1428571428571428,0.1789205724542791
fbc_tfnbs,"e=0.7,h=2.0,n=30,start_thres=1.25,min_cluster_size=3",hub,0.25,30,10,40,1730,6,1,34,1729,0.15,0.0005780346820809,0.8571428571428571,0.1428571428571428,0.1789205724542791
fbc_tfnbs,"e=0.7,h=3.0,n=30,start_thres=1.25,min_cluster_size=3",hub,0.25,30,10,40,1730,6,1,34,1729,0.15,0.0005780346820809,0.8571428571428571,0.1428571428571428,0.1789205724542791
fbc_tfnbs,"e=0.7,h=4.0,n=30,start_thres=1.25,min_cluster_size=3",hub,0.25,30,10,40,1730,9,1,31,1729,0.225,0.0005780346820809,0.9,0.1,0.1789205724542791
fbc_tfnbs,"e=0.7,h=5.0,n=30,start_thres=1.25,min_cluster_size=3",hub,0.25,30,10,40,1730,9,1,31,1729,0.225,0.0005780346820809,0.9,0.1,0.1789205724542791
fbc_tfnbs,"e=0.7,h=6.0,n=30,start_thres=1.25,min_cluster_size=3",hub,0.25,30,10,40,1730,9,1,31,1729,0.225,0.0005780346820809,0.9,0.1,0.1789205724542791
fbc_tfnbs,"e=0.7,h=7.0,n=30,start_thres=1.25,min_cluster_size=3",hub,0.25,30,10,40,1730,9,1,31,1729,0.225,0.0005780346820809,0.9,0.1,0.1789205724542791
fbc_tfnbs,"e=0.7,h=8.0,n=30,start_thres=1.25,min_cluster_size=3",hub,0.25,30,10,40,1730,9,1,31,1729,0.225,0.0005780346820809,0.9,0.1,0.1789205724542791
fbc_tfnbs,"e=0.7,h=9.0,n=30,start_thres=1.25,min_cluster_size=3",hub,0.25,30,10,40,1730,9,1,31,1729,0.225,0.0005780346820809,0.9,0.1,0.1789205724542791
fbc_tfnbs,"e=0.7,h=10.0,n=30,start_thres=1.25,min_cluster_size=3",hub,0.25,30,10,40,1730,9,1,31,1729,0.225,0.0005780346820809,0.9,0.1,0.1789205724542791
fbc_tfnbs,"e=0.8,h=0.5,n=30,start_thres=1.25,min_cluster_size=3",hub,0.25,30,10,40,1730,6,1,34,1729,0.15,0.0005780346820809,0.8571428571428571,0.1428571428571428,0.1789205724542791
fbc_tfnbs,"e=0.8,h=1.0,n=30,start_thres=1.25,min_cluster_size=3",hub,0.25,30,10,40,1730,6,1,34,1729,0.15,0.0005780346820809,0.8571428571428571,0.1428571428571428,0.1789205724542791
fbc_tfnbs,"e=0.8,h=2.0,n=30,start_thres=1.25,min_cluster_size=3",hub,0.25,30,10,40,1730,6,1,34,1729,0.15,0.0005780346820809,0.8571428571428571,0.1428571428571428,0.1789205724542791
fbc_tfnbs,"e=0.8,h=3.0,n=30,start_thres=1.25,min_cluster_size=3",hub,0.25,30,10,40,1730,6,1,34,1729,0.15,0.0005780346820809,0.8571428571428571,0.1428571428571428,0.1789205724542791
fbc_tfnbs,"e=0.8,h=4.0,n=30,start_thres=1.25,min_cluster_size=3",hub,0.25,30,10,40,1730,6,1,34,1729,0.15,0.0005780346820809,0.8571428571428571,0.1428571428571428,0.1789205724542791
fbc_tfnbs,"e=0.8,h=5.0,n=30,start_thres=1.25,min_cluster_size=3",hub,0.25,30,10,40,1730,9,1,31,1729,0.225,0.0005780346820809,0.9,0.1,0.1789205724542791
fbc_tfnbs,"e=0.8,h=6.0,n=30,start_thres=1.25,min_cluster_size=3",hub,0.25,30,10,40,1730,9,1,31,1729,0.225,0.0005780346820809,0.9,0.1,0.1789205724542791
fbc_tfnbs,"e=0.8,h=7.0,n=30,start_thres=1.25,min_cluster_size=3",hub,0.25,30,10,40,1730,9,1,31,1729,0.225,0.0005780346820809,0.9,0.1,0.1789205724542791
fbc_tfnbs,"e=0.8,h=8.0,n=30,start_thres=1.25,min_cluster_size=3",hub,0.25,30,10,40,1730,9,1,31,1729,0.225,0.0005780346820809,0.9,0.1,0.1789205724542791
fbc_tfnbs,"e=0.8,h=9.0,n=30,start_thres=1.25,min_cluster_size=3",hub,0.25,30,10,40,1730,9,1,31,1729,0.225,0.0005780346820809,0.9,0.1,0.1789205724542791
fbc_tfnbs,"e=0.8,h=10.0,n=30,start_thres=1.25,min_cluster_size=3",hub,0.25,30,10,40,1730,9,1,31,1729,0.225,0.0005780346820809,0.9,0.1,0.1789205724542791
fbc_tfnbs,"e=0.9,h=0.5,n=30,start_thres=1.25,min_cluster_size=3",hub,0.25,30,10,40,1730,6,1,34,1729,0.15,0.0005780346820809,0.8571428571428571,0.1428571428571428,0.1789205724542791
fbc_tfnbs,"e=0.9,h=1.0,n=30,start_thres=1.25,min_cluster_size=3",hub,0.25,30,10,40,1730,6,1,34,1729,0.15,0.0005780346820809,0.8571428571428571,0.1428571428571428,0.1789205724542791
fbc_tfnbs,"e=0.9,h=2.0,n=30,start_thres=1.25,min_cluster_size=3",hub,0.25,30,10,40,1730,6,1,34,1729,0.15,0.0005780346820809,0.8571428571428571,0.1428571428571428,0.1789205724542791
fbc_tfnbs,"e=0.9,h=3.0,n=30,start_thres=1.25,min_cluster_size=3",hub,0.25,30,10,40,1730,6,1,34,1729,0.15,0.0005780346820809,0.8571428571428571,0.1428571428571428,0.1789205724542791
fbc_tfnbs,"e=0.9,h=4.0,n=30,start_thres=1.25,min_cluster_size=3",hub,0.25,30,10,40,1730,6,1,34,1729,0.15,0.0005780346820809,0.8571428571428571,0.1428571428571428,0.1789205724542791
fbc_tfnbs,"e=0.9,h=5.0,n=30,start_thres=1.25,min_cluster_size=3",hub,0.25,30,10,40,1730,9,1,31,1729,0.225,0.0005780346820809,0.9,0.1,0.1789205724542791
fbc_tfnbs,"e=0.9,h=6.0,n=30,start_thres=1.25,min_cluster_size=3",hub,0.25,30,10,40,1730,9,1,31,1729,0.225,0.0005780346820809,0.9,0.1,0.1789205724542791
fbc_tfnbs,"e=0.9,h=7.0,n=30,start_thres=1.25,min_cluster_size=3",hub,0.25,30,10,40,1730,9,1,31,1729,0.225,0.0005780346820809,0.9,0.1,0.1789205724542791
fbc_tfnbs,"e=0.9,h=8.0,n=30,start_thres=1.25,min_cluster_size=3",hub,0.25,30,10,40,1730,9,1,31,1729,0.225,0.0005780346820809,0.9,0.1,0.1789205724542791
fbc_tfnbs,"e=0.9,h=9.0,n=30,start_thres=1.25,min_cluster_size=3",hub,0.25,30,10,40,1730,9,1,31,1729,0.225,0.0005780346820809,0.9,0.1,0.1789205724542791
fbc_tfnbs,"e=0.9,h=10.0,n=30,start_thres=1.25,min_cluster_size=3",hub,0.25,30,10,40,1730,9,1,31,1729,0.225,0.0005780346820809,0.9,0.1,0.1789205724542791
fbc_tfnbs,"e=1.0,h=0.5,n=30,start_thres=1.25,min_cluster_size=3",hub,0.25,30,10,40,1730,6,0,34,1730,0.15,0.0,1.0,0.0,0.1789205724542791
fbc_tfnbs,"e=1.0,h=1.0,n=30,start_thres=1.25,min_cluster_size=3",hub,0.25,30,10,40,1730,6,1,34,1729,0.15,0.0005780346820809,0.8571428571428571,0.1428571428571428,0.1789205724542791
fbc_tfnbs,"e=1.0,h=2.0,n=30,start_thres=1.25,min_cluster_size=3",hub,0.25,30,10,40,1730,6,1,34,1729,0.15,0.0005780346820809,0.8571428571428571,0.1428571428571428,0.1789205724542791
fbc_tfnbs,"e=1.0,h=3.0,n=30,start_thres=1.25,min_cluster_size=3",hub,0.25,30,10,40,1730,6,1,34,1729,0.15,0.0005780346820809,0.8571428571428571,0.1428571428571428,0.1789205724542791
fbc_tfnbs,"e=1.0,h=4.0,n=30,start_thres=1.25,min_cluster_size=3",hub,0.25,30,10,40,1730,6,1,34,1729,0.15,0.0005780346820809,0.8571428571428571,0.1428571428571428,0.1789205724542791
fbc_tfnbs,"e=1.0,h=5.0,n=30,start_thres=1.25,min_cluster_size=3",hub,0.25,30,10,40,1730,6,1,34,1729,0.15,0.0005780346820809,0.8571428571428571,0.1428571428571428,0.1789205724542791
fbc_tfnbs,"e=1.0,h=6.0,n=30,start_thres=1.25,min_cluster_size=3",hub,0.25,30,10,40,1730,9,1,31,1729,0.225,0.0005780346820809,0.9,0.1,0.1789205724542791
fbc_tfnbs,"e=1.0,h=7.0,n=30,start_thres=1.25,min_cluster_size=3",hub,0.25,30,10,40,1730,9,1,31,1729,0.225,0.0005780346820809,0.9,0.1,0.1789205724542791
fbc_tfnbs,"e=1.0,h=8.0,n=30,start_thres=1.25,min_cluster_size=3",hub,0.25,30,10,40,1730,9,1,31,1729,0.225,0.0005780346820809,0.9,0.1,0.1789205724542791
fbc_tfnbs,"e=1.0,h=9.0,n=30,start_thres=1.25,min_cluster_size=3",hub,0.25,30,10,40,1730,9,1,31,1729,0.225,0.0005780346820809,0.9,0.1,0.1789205724542791
fbc_tfnbs,"e=1.0,h=10.0,n=30,start_thres=1.25,min_cluster_size=3",hub,0.25,30,10,40,1730,9,1,31,1729,0.225,0.0005780346820809,0.9,0.1,0.1789205724542791
fbc_tfnbs,"e=1.1,h=0.5,n=30,start_thres=1.25,min_cluster_size=3",hub,0.25,30,10,40,1730,6,0,34,1730,0.15,0.0,1.0,0.0,0.1789205724542791
fbc_tfnbs,"e=1.1,h=1.0,n=30,start_thres=1.25,min_cluster_size=3",hub,0.25,30,10,40,1730,6,1,34,1729,0.15,0.0005780346820809,0.8571428571428571,0.1428571428571428,0.1789205724542791
fbc_tfnbs,"e=1.1,h=2.0,n=30,start_thres=1.25,min_cluster_size=3",hub,0.25,30,10,40,1730,6,1,34,1729,0.15,0.0005780346820809,0.8571428571428571,0.1428571428571428,0.1789205724542791
fbc_tfnbs,"e=1.1,h=3.0,n=30,start_thres=1.25,min_cluster_size=3",hub,0.25,30,10,40,1730,6,1,34,1729,0.15,0.0005780346820809,0.8571428571428571,0.1428571428571428,0.1789205724542791
fbc_tfnbs,"e=1.1,h=4.0,n=30,start_thres=1.25,min_cluster_size=3",hub,0.25,30,10,40,1730,6,1,34,1729,0.15,0.0005780346820809,0.8571428571428571,0.1428571428571428,0.1789205724542791
fbc_tfnbs,"e=1.1,h=5.0,n=30,start_thres=1.25,min_cluster_size=3",hub,0.25,30,10,40,1730,6,1,34,1729,0.15,0.0005780346820809,0.8571428571428571,0.1428571428571428,0.1789205724542791
fbc_tfnbs,"e=1.1,h=6.0,n=30,start_thres=1.25,min_cluster_size=3",hub,0.25,30,10,40,1730,6,1,34,1729,0.15,0.0005780346820809,0.8571428571428571,0.1428571428571428,0.1789205724542791
fbc_tfnbs,"e=1.1,h=7.0,n=30,start_thres=1.25,min_cluster_size=3",hub,0.25,30,10,40,1730,9,1,31,1729,0.225,0.0005780346820809,0.9,0.1,0.1789205724542791
fbc_tfnbs,"e=1.1,h=8.0,n=30,start_thres=1.25,min_cluster_size=3",hub,0.25,30,10,40,1730,9,1,31,1729,0.225,0.0005780346820809,0.9,0.1,0.1789205724542791
fbc_tfnbs,"e=1.1,h=9.0,n=30,start_thres=1.25,min_cluster_size=3",hub,0.25,30,10,40,1730,9,1,31,1729,0.225,0.0005780346820809,0.9,0.1,0.1789205724542791
fbc_tfnbs,"e=1.1,h=10.0,n=30,start_thres=1.25,min_cluster_size=3",hub,0.25,30,10,40,1730,9,1,31,1729,0.225,0.0005780346820809,0.9,0.1,0.1789205724542791
fbc_tfnbs,"e=1.2,h=0.5,n=30,start_thres=1.25,min_cluster_size=3",hub,0.25,30,10,40,1730,5,0,35,1730,0.125,0.0,1.0,0.0,0.1789205724542791
fbc_tfnbs,"e=1.2,h=1.0,n=30,start_thres=1.25,min_cluster_size=3",hub,0.25,30,10,40,1730,6,0,34,1730,0.15,0.0,1.0,0.0,0.1789205724542791
fbc_tfnbs,"e=1.2,h=2.0,n=30,start_thres=1.25,min_cluster_size=3",hub,0.25,30,10,40,1730,6,1,34,1729,0.15,0.0005780346820809,0.8571428571428571,0.1428571428571428,0.1789205724542791
fbc_tfnbs,"e=1.2,h=3.0,n=30,start_thres=1.25,min_cluster_size=3",hub,0.25,30,10,40,1730,6,1,34,1729,0.15,0.0005780346820809,0.8571428571428571,0.1428571428571428,0.1789205724542791
fbc_tfnbs,"e=1.2,h=4.0,n=30,start_thres=1.25,min_cluster_size=3",hub,0.25,30,10,40,1730,6,1,34,1729,0.15,0.0005780346820809,0.8571428571428571,0.1428571428571428,0.1789205724542791
fbc_tfnbs,"e=1.2,h=5.0,n=30,start_thres=1.25,min_cluster_size=3",hub,0.25,30,10,40,1730,6,1,34,1729,0.15,0.0005780346820809,0.8571428571428571,0.1428571428571428,0.1789205724542791
fbc_tfnbs,"e=1.2,h=6.0,n=30,start_thres=1.25,min_cluster_size=3",hub,0.25,30,10,40,1730,6,1,34,1729,0.15,0.0005780346820809,0.8571428571428571,0.1428571428571428,0.1789205724542791
fbc_tfnbs,"e=1.2,h=7.0,n=30,start_thres=1.25,min_cluster_size=3",hub,0.25,30,10,40,1730,9,1,31,1729,0.225,0.0005780346820809,0.9,0.1,0.1789205724542791
fbc_tfnbs,"e=1.2,h=8.0,n=30,start_thres=1.25,min_cluster_size=3",hub,0.25,30,10,40,1730,9,1,31,1729,0.225,0.0005780346820809,0.9,0.1,0.1789205724542791
fbc_tfnbs,"e=1.2,h=9.0,n=30,start_thres=1.25,min_cluster_size=3",hub,0.25,30,10,40,1730,9,1,31,1729,0.225,0.0005780346820809,0.9,0.1,0.1789205724542791
fbc_tfnbs,"e=1.2,h=10.0,n=30,start_thres=1.25,min_cluster_size=3",hub,0.25,30,10,40,1730,9,1,31,1729,0.225,0.0005780346820809,0.9,0.1,0.1789205724542791
fbc_tfnbs,"e=1.3,h=0.5,n=30,start_thres=1.25,min_cluster_size=3",hub,0.25,30,10,40,1730,5,0,35,1730,0.125,0.0,1.0,0.0,0.1789205724542791
fbc_tfnbs,"e=1.3,h=1.0,n=30,start_thres=1.25,min_cluster_size=3",hub,0.25,30,10,40,1730,6,0,34,1730,0.15,0.0,1.0,0.0,0.1789205724542791
fbc_tfnbs,"e=1.3,h=2.0,n=30,start_thres=1.25,min_cluster_size=3",hub,0.25,30,10,40,1730,6,1,34,1729,0.15,0.0005780346820809,0.8571428571428571,0.1428571428571428,0.1789205724542791
fbc_tfnbs,"e=1.3,h=3.0,n=30,start_thres=1.25,min_cluster_size=3",hub,0.25,30,10,40,1730,6,1,34,1729,0.15,0.0005780346820809,0.8571428571428571,0.1428571428571428,0.1789205724542791
fbc_tfnbs,"e=1.3,h=4.0,n=30,start_thres=1.25,min_cluster_size=3",hub,0.25,30,10,40,1730,6,1,34,1729,0.15,0.0005780346820809,0.8571428571428571,0.1428571428571428,0.1789205724542791
fbc_tfnbs,"e=1.3,h=5.0,n=30,start_thres=1.25,min_cluster_size=3",hub,0.25,30,10,40,1730,6,1,34,1729,0.15,0.0005780346820809,0.8571428571428571,0.1428571428571428,0.1789205724542791
fbc_tfnbs,"e=1.3,h=6.0,n=30,start_thres=1.25,min_cluster_size=3",hub,0.25,30,10,40,1730,6,1,34,1729,0.15,0.0005780346820809,0.8571428571428571,0.1428571428571428,0.1789205724542791
fbc_tfnbs,"e=1.3,h=7.0,n=30,start_thres=1.25,min_cluster_size=3",hub,0.25,30,10,40,1730,6,1,34,1729,0.15,0.0005780346820809,0.8571428571428571,0.1428571428571428,0.1789205724542791
fbc_tfnbs,"e=1.3,h=8.0,n=30,start_thres=1.25,min_cluster_size=3",hub,0.25,30,10,40,1730,9,1,31,1729,0.225,0.0005780346820809,0.9,0.1,0.1789205724542791
fbc_tfnbs,"e=1.3,h=9.0,n=30,start_thres=1.25,min_cluster_size=3",hub,0.25,30,10,40,1730,9,1,31,1729,0.225,0.0005780346820809,0.9,0.1,0.1789205724542791
fbc_tfnbs,"e=1.3,h=10.0,n=30,start_thres=1.25,min_cluster_size=3",hub,0.25,30,10,40,1730,9,1,31,1729,0.225,0.0005780346820809,0.9,0.1,0.1789205724542791
fbc_tfnbs,"e=1.4,h=0.5,n=30,start_thres=1.25,min_cluster_size=3",hub,0.25,30,10,40,1730,4,0,36,1730,0.1,0.0,1.0,0.0,0.1789205724542791
fbc_tfnbs,"e=1.4,h=1.0,n=30,start_thres=1.25,min_cluster_size=3",hub,0.25,30,10,40,1730,5,0,35,1730,0.125,0.0,1.0,0.0,0.1789205724542791
fbc_tfnbs,"e=1.4,h=2.0,n=30,start_thres=1.25,min_cluster_size=3",hub,0.25,30,10,40,1730,6,1,34,1729,0.15,0.0005780346820809,0.8571428571428571,0.1428571428571428,0.1789205724542791
fbc_tfnbs,"e=1.4,h=3.0,n=30,start_thres=1.25,min_cluster_size=3",hub,0.25,30,10,40,1730,6,1,34,1729,0.15,0.0005780346820809,0.8571428571428571,0.1428571428571428,0.1789205724542791
fbc_tfnbs,"e=1.4,h=4.0,n=30,start_thres=1.25,min_cluster_size=3",hub,0.25,30,10,40,1730,6,1,34,1729,0.15,0.0005780346820809,0.8571428571428571,0.1428571428571428,0.1789205724542791
fbc_tfnbs,"e=1.4,h=5.0,n=30,start_thres=1.25,min_cluster_size=3",hub,0.25,30,10,40,1730,6,1,34,1729,0.15,0.0005780346820809,0.8571428571428571,0.1428571428571428,0.1789205724542791
fbc_tfnbs,"e=1.4,h=6.0,n=30,start_thres=1.25,min_cluster_size=3",hub,0.25,30,10,40,1730,6,1,34,1729,0.15,0.0005780346820809,0.8571428571428571,0.1428571428571428,0.1789205724542791
fbc_tfnbs,"e=1.4,h=7.0,n=30,start_thres=1.25,min_cluster_size=3",hub,0.25,30,10,40,1730,6,1,34,1729,0.15,0.0005780346820809,0.8571428571428571,0.1428571428571428,0.1789205724542791
fbc_tfnbs,"e=1.4,h=8.0,n=30,start_thres=1.25,min_cluster_size=3",hub,0.25,30,10,40,1730,9,1,31,1729,0.225,0.0005780346820809,0.9,0.1,0.1789205724542791
fbc_tfnbs,"e=1.4,h=9.0,n=30,start_thres=1.25,min_cluster_size=3",hub,0.25,30,10,40,1730,9,1,31,1729,0.225,0.0005780346820809,0.9,0.1,0.1789205724542791
fbc_tfnbs,"e=1.4,h=10.0,n=30,start_thres=1.25,min_cluster_size=3",hub,0.25,30,10,40,1730,9,1,31,1729,0.225,0.0005780346820809,0.9,0.1,0.1789205724542791
fbc_tfnbs,"e=1.5,h=0.5,n=30,start_thres=1.25,min_cluster_size=3",hub,0.25,30,10,40,1730,0,0,40,1730,0.0,0.0,0.0,0.0,0.1789205724542791
fbc_tfnbs,"e=1.5,h=1.0,n=30,start_thres=1.25,min_cluster_size=3",hub,0.25,30,10,40,1730,5,0,35,1730,0.125,0.0,1.0,0.0,0.1789205724542791
fbc_tfnbs,"e=1.5,h=2.0,n=30,start_thres=1.25,min_cluster_size=3",hub,0.25,30,10,40,1730,6,0,34,1730,0.15,0.0,1.0,0.0,0.1789205724542791
fbc_tfnbs,"e=1.5,h=3.0,n=30,start_thres=1.25,min_cluster_size=3",hub,0.25,30,10,40,1730,6,1,34,1729,0.15,0.0005780346820809,0.8571428571428571,0.1428571428571428,0.1789205724542791
fbc_tfnbs,"e=1.5,h=4.0,n=30,start_thres=1.25,min_cluster_size=3",hub,0.25,30,10,40,1730,6,1,34,1729,0.15,0.0005780346820809,0.8571428571428571,0.1428571428571428,0.1789205724542791
fbc_tfnbs,"e=1.5,h=5.0,n=30,start_thres=1.25,min_cluster_size=3",hub,0.25,30,10,40,1730,6,1,34,1729,0.15,0.0005780346820809,0.8571428571428571,0.1428571428571428,0.1789205724542791
fbc_tfnbs,"e=1.5,h=6.0,n=30,start_thres=1.25,min_cluster_size=3",hub,0.25,30,10,40,1730,6,1,34,1729,0.15,0.0005780346820809,0.8571428571428571,0.1428571428571428,0.1789205724542791
fbc_tfnbs,"e=1.5,h=7.0,n=30,start_thres=1.25,min_cluster_size=3",hub,0.25,30,10,40,1730,6,1,34,1729,0.15,0.0005780346820809,0.8571428571428571,0.1428571428571428,0.1789205724542791
fbc_tfnbs,"e=1.5,h=8.0,n=30,start_thres=1.25,min_cluster_size=3",hub,0.25,30,10,40,1730,6,1,34,1729,0.15,0.0005780346820809,0.8571428571428571,0.1428571428571428,0.1789205724542791
fbc_tfnbs,"e=1.5,h=9.0,n=30,start_thres=1.25,min_cluster_size=3",hub,0.25,30,10,40,1730,9,1,31,1729,0.225,0.0005780346820809,0.9,0.1,0.1789205724542791
fbc_tfnbs,"e=1.5,h=10.0,n=30,start_thres=1.25,min_cluster_size=3",hub,0.25,30,10,40,1730,9,1,31,1729,0.225,0.0005780346820809,0.9,0.1,0.1789205724542791
fbc_tfnbs,"e=0.05,h=0.5,n=30,start_thres=1.25,min_cluster_size=3",hub,0.25,30,11,40,1730,20,1,20,1729,0.5,0.0005780346820809,0.9523809523809524,0.0476190476190476,0.1812583885409615
fbc_tfnbs,"e=0.05,h=1.0,n=30,start_thres=1.25,min_cluster_size=3",hub,0.25,30,11,40,1730,20,1,20,1729,0.5,0.0005780346820809,0.9523809523809524,0.0476190476190476,0.1812583885409615
fbc_tfnbs,"e=0.05,h=2.0,n=30,start_thres=1.25,min_cluster_size=3",hub,0.25,30,11,40,1730,20,1,20,1729,0.5,0.0005780346820809,0.9523809523809524,0.0476190476190476,0.1812583885409615
fbc_tfnbs,"e=0.05,h=3.0,n=30,start_thres=1.25,min_cluster_size=3",hub,0.25,30,11,40,1730,20,1,20,1729,0.5,0.0005780346820809,0.9523809523809524,0.0476190476190476,0.1812583885409615
fbc_tfnbs,"e=0.05,h=4.0,n=30,start_thres=1.25,min_cluster_size=3",hub,0.25,30,11,40,1730,20,1,20,1729,0.5,0.0005780346820809,0.9523809523809524,0.0476190476190476,0.1812583885409615
fbc_tfnbs,"e=0.05,h=5.0,n=30,start_thres=1.25,min_cluster_size=3",hub,0.25,30,11,40,1730,20,1,20,1729,0.5,0.0005780346820809,0.9523809523809524,0.0476190476190476,0.1812583885409615
fbc_tfnbs,"e=0.05,h=6.0,n=30,start_thres=1.25,min_cluster_size=3",hub,0.25,30,11,40,1730,20,1,20,1729,0.5,0.0005780346820809,0.9523809523809524,0.0476190476190476,0.1812583885409615
fbc_tfnbs,"e=0.05,h=7.0,n=30,start_thres=1.25,min_cluster_size=3",hub,0.25,30,11,40,1730,20,1,20,1729,0.5,0.0005780346820809,0.9523809523809524,0.0476190476190476,0.1812583885409615
fbc_tfnbs,"e=0.05,h=8.0,n=30,start_thres=1.25,min_cluster_size=3",hub,0.25,30,11,40,1730,20,1,20,1729,0.5,0.0005780346820809,0.9523809523809524,0.0476190476190476,0.1812583885409615
fbc_tfnbs,"e=0.05,h=9.0,n=30,start_thres=1.25,min_cluster_size=3",hub,0.25,30,11,40,1730,20,1,20,1729,0.5,0.0005780346820809,0.9523809523809524,0.0476190476190476,0.1812583885409615
fbc_tfnbs,"e=0.05,h=10.0,n=30,start_thres=1.25,min_cluster_size=3",hub,0.25,30,11,40,1730,20,1,20,1729,0.5,0.0005780346820809,0.9523809523809524,0.0476190476190476,0.1812583885409615
fbc_tfnbs,"e=0.1,h=0.5,n=30,start_thres=1.25,min_cluster_size=3",hub,0.25,30,11,40,1730,20,1,20,1729,0.5,0.0005780346820809,0.9523809523809524,0.0476190476190476,0.1812583885409615
fbc_tfnbs,"e=0.1,h=1.0,n=30,start_thres=1.25,min_cluster_size=3",hub,0.25,30,11,40,1730,20,1,20,1729,0.5,0.0005780346820809,0.9523809523809524,0.0476190476190476,0.1812583885409615
fbc_tfnbs,"e=0.1,h=2.0,n=30,start_thres=1.25,min_cluster_size=3",hub,0.25,30,11,40,1730,20,1,20,1729,0.5,0.0005780346820809,0.9523809523809524,0.0476190476190476,0.1812583885409615
fbc_tfnbs,"e=0.1,h=3.0,n=30,start_thres=1.25,min_cluster_size=3",hub,0.25,30,11,40,1730,20,1,20,1729,0.5,0.0005780346820809,0.9523809523809524,0.0476190476190476,0.1812583885409615
fbc_tfnbs,"e=0.1,h=4.0,n=30,start_thres=1.25,min_cluster_size=3",hub,0.25,30,11,40,1730,20,1,20,1729,0.5,0.0005780346820809,0.9523809523809524,0.0476190476190476,0.1812583885409615
fbc_tfnbs,"e=0.1,h=5.0,n=30,start_thres=1.25,min_cluster_size=3",hub,0.25,30,11,40,1730,20,1,20,1729,0.5,0.0005780346820809,0.9523809523809524,0.0476190476190476,0.1812583885409615
fbc_tfnbs,"e=0.1,h=6.0,n=30,start_thres=1.25,min_cluster_size=3",hub,0.25,30,11,40,1730,20,1,20,1729,0.5,0.0005780346820809,0.9523809523809524,0.0476190476190476,0.1812583885409615
fbc_tfnbs,"e=0.1,h=7.0,n=30,start_thres=1.25,min_cluster_size=3",hub,0.25,30,11,40,1730,20,1,20,1729,0.5,0.0005780346820809,0.9523809523809524,0.0476190476190476,0.1812583885409615
fbc_tfnbs,"e=0.1,h=8.0,n=30,start_thres=1.25,min_cluster_size=3",hub,0.25,30,11,40,1730,20,1,20,1729,0.5,0.0005780346820809,0.9523809523809524,0.0476190476190476,0.1812583885409615
fbc_tfnbs,"e=0.1,h=9.0,n=30,start_thres=1.25,min_cluster_size=3",hub,0.25,30,11,40,1730,20,1,20,1729,0.5,0.0005780346820809,0.9523809523809524,0.0476190476190476,0.1812583885409615
fbc_tfnbs,"e=0.1,h=10.0,n=30,start_thres=1.25,min_cluster_size=3",hub,0.25,30,11,40,1730,20,1,20,1729,0.5,0.0005780346820809,0.9523809523809524,0.0476190476190476,0.1812583885409615
fbc_tfnbs,"e=0.2,h=0.5,n=30,start_thres=1.25,min_cluster_size=3",hub,0.25,30,11,40,1730,20,1,20,1729,0.5,0.0005780346820809,0.9523809523809524,0.0476190476190476,0.1812583885409615
fbc_tfnbs,"e=0.2,h=1.0,n=30,start_thres=1.25,min_cluster_size=3",hub,0.25,30,11,40,1730,20,1,20,1729,0.5,0.0005780346820809,0.9523809523809524,0.0476190476190476,0.1812583885409615
fbc_tfnbs,"e=0.2,h=2.0,n=30,start_thres=1.25,min_cluster_size=3",hub,0.25,30,11,40,1730,20,1,20,1729,0.5,0.0005780346820809,0.9523809523809524,0.0476190476190476,0.1812583885409615
fbc_tfnbs,"e=0.2,h=3.0,n=30,start_thres=1.25,min_cluster_size=3",hub,0.25,30,11,40,1730,20,1,20,1729,0.5,0.0005780346820809,0.9523809523809524,0.0476190476190476,0.1812583885409615
fbc_tfnbs,"e=0.2,h=4.0,n=30,start_thres=1.25,min_cluster_size=3",hub,0.25,30,11,40,1730,20,1,20,1729,0.5,0.0005780346820809,0.9523809523809524,0.0476190476190476,0.1812583885409615
fbc_tfnbs,"e=0.2,h=5.0,n=30,start_thres=1.25,min_cluster_size=3",hub,0.25,30,11,40,1730,20,1,20,1729,0.5,0.0005780346820809,0.9523809523809524,0.0476190476190476,0.1812583885409615
fbc_tfnbs,"e=0.2,h=6.0,n=30,start_thres=1.25,min_cluster_size=3",hub,0.25,30,11,40,1730,20,1,20,1729,0.5,0.0005780346820809,0.9523809523809524,0.0476190476190476,0.1812583885409615
fbc_tfnbs,"e=0.2,h=7.0,n=30,start_thres=1.25,min_cluster_size=3",hub,0.25,30,11,40,1730,20,1,20,1729,0.5,0.0005780346820809,0.9523809523809524,0.0476190476190476,0.1812583885409615
fbc_tfnbs,"e=0.2,h=8.0,n=30,start_thres=1.25,min_cluster_size=3",hub,0.25,30,11,40,1730,20,1,20,1729,0.5,0.0005780346820809,0.9523809523809524,0.0476190476190476,0.1812583885409615
fbc_tfnbs,"e=0.2,h=9.0,n=30,start_thres=1.25,min_cluster_size=3",hub,0.25,30,11,40,1730,20,1,20,1729,0.5,0.0005780346820809,0.9523809523809524,0.0476190476190476,0.1812583885409615
fbc_tfnbs,"e=0.2,h=10.0,n=30,start_thres=1.25,min_cluster_size=3",hub,0.25,30,11,40,1730,20,1,20,1729,0.5,0.0005780346820809,0.9523809523809524,0.0476190476190476,0.1812583885409615
fbc_tfnbs,"e=0.3,h=0.5,n=30,start_thres=1.25,min_cluster_size=3",hub,0.25,30,11,40,1730,20,1,20,1729,0.5,0.0005780346820809,0.9523809523809524,0.0476190476190476,0.1812583885409615
fbc_tfnbs,"e=0.3,h=1.0,n=30,start_thres=1.25,min_cluster_size=3",hub,0.25,30,11,40,1730,20,1,20,1729,0.5,0.0005780346820809,0.9523809523809524,0.0476190476190476,0.1812583885409615
fbc_tfnbs,"e=0.3,h=2.0,n=30,start_thres=1.25,min_cluster_size=3",hub,0.25,30,11,40,1730,20,1,20,1729,0.5,0.0005780346820809,0.9523809523809524,0.0476190476190476,0.1812583885409615
fbc_tfnbs,"e=0.3,h=3.0,n=30,start_thres=1.25,min_cluster_size=3",hub,0.25,30,11,40,1730,20,1,20,1729,0.5,0.0005780346820809,0.9523809523809524,0.0476190476190476,0.1812583885409615
fbc_tfnbs,"e=0.3,h=4.0,n=30,start_thres=1.25,min_cluster_size=3",hub,0.25,30,11,40,1730,20,1,20,1729,0.5,0.0005780346820809,0.9523809523809524,0.0476190476190476,0.1812583885409615
fbc_tfnbs,"e=0.3,h=5.0,n=30,start_thres=1.25,min_cluster_size=3",hub,0.25,30,11,40,1730,20,1,20,1729,0.5,0.0005780346820809,0.9523809523809524,0.0476190476190476,0.1812583885409615
fbc_tfnbs,"e=0.3,h=6.0,n=30,start_thres=1.25,min_cluster_size=3",hub,0.25,30,11,40,1730,20,1,20,1729,0.5,0.0005780346820809,0.9523809523809524,0.0476190476190476,0.1812583885409615
fbc_tfnbs,"e=0.3,h=7.0,n=30,start_thres=1.25,min_cluster_size=3",hub,0.25,30,11,40,1730,20,1,20,1729,0.5,0.0005780346820809,0.9523809523809524,0.0476190476190476,0.1812583885409615
fbc_tfnbs,"e=0.3,h=8.0,n=30,start_thres=1.25,min_cluster_size=3",hub,0.25,30,11,40,1730,20,1,20,1729,0.5,0.0005780346820809,0.9523809523809524,0.0476190476190476,0.1812583885409615
fbc_tfnbs,"e=0.3,h=9.0,n=30,start_thres=1.25,min_cluster_size=3",hub,0.25,30,11,40,1730,20,1,20,1729,0.5,0.0005780346820809,0.9523809523809524,0.0476190476190476,0.1812583885409615
fbc_tfnbs,"e=0.3,h=10.0,n=30,start_thres=1.25,min_cluster_size=3",hub,0.25,30,11,40,1730,20,1,20,1729,0.5,0.0005780346820809,0.9523809523809524,0.0476190476190476,0.1812583885409615
fbc_tfnbs,"e=0.4,h=0.5,n=30,start_thres=1.25,min_cluster_size=3",hub,0.25,30,11,40,1730,19,1,21,1729,0.475,0.0005780346820809,0.95,0.05,0.1812583885409615
fbc_tfnbs,"e=0.4,h=1.0,n=30,start_thres=1.25,min_cluster_size=3",hub,0.25,30,11,40,1730,19,1,21,1729,0.475,0.0005780346820809,0.95,0.05,0.1812583885409615
fbc_tfnbs,"e=0.4,h=2.0,n=30,start_thres=1.25,min_cluster_size=3",hub,0.25,30,11,40,1730,20,1,20,1729,0.5,0.0005780346820809,0.9523809523809524,0.0476190476190476,0.1812583885409615
fbc_tfnbs,"e=0.4,h=3.0,n=30,start_thres=1.25,min_cluster_size=3",hub,0.25,30,11,40,1730,20,1,20,1729,0.5,0.0005780346820809,0.9523809523809524,0.0476190476190476,0.1812583885409615
fbc_tfnbs,"e=0.4,h=4.0,n=30,start_thres=1.25,min_cluster_size=3",hub,0.25,30,11,40,1730,20,1,20,1729,0.5,0.0005780346820809,0.9523809523809524,0.0476190476190476,0.1812583885409615
fbc_tfnbs,"e=0.4,h=5.0,n=30,start_thres=1.25,min_cluster_size=3",hub,0.25,30,11,40,1730,20,1,20,1729,0.5,0.0005780346820809,0.9523809523809524,0.0476190476190476,0.1812583885409615
fbc_tfnbs,"e=0.4,h=6.0,n=30,start_thres=1.25,min_cluster_size=3",hub,0.25,30,11,40,1730,20,1,20,1729,0.5,0.0005780346820809,0.9523809523809524,0.0476190476190476,0.1812583885409615
fbc_tfnbs,"e=0.4,h=7.0,n=30,start_thres=1.25,min_cluster_size=3",hub,0.25,30,11,40,1730,20,1,20,1729,0.5,0.0005780346820809,0.9523809523809524,0.0476190476190476,0.1812583885409615
fbc_tfnbs,"e=0.4,h=8.0,n=30,start_thres=1.25,min_cluster_size=3",hub,0.25,30,11,40,1730,20,1,20,1729,0.5,0.0005780346820809,0.9523809523809524,0.0476190476190476,0.1812583885409615
fbc_tfnbs,"e=0.4,h=9.0,n=30,start_thres=1.25,min_cluster_size=3",hub,0.25,30,11,40,1730,20,1,20,1729,0.5,0.0005780346820809,0.9523809523809524,0.0476190476190476,0.1812583885409615
fbc_tfnbs,"e=0.4,h=10.0,n=30,start_thres=1.25,min_cluster_size=3",hub,0.25,30,11,40,1730,20,1,20,1729,0.5,0.0005780346820809,0.9523809523809524,0.0476190476190476,0.1812583885409615
fbc_tfnbs,"e=0.5,h=0.5,n=30,start_thres=1.25,min_cluster_size=3",hub,0.25,30,11,40,1730,19,1,21,1729,0.475,0.0005780346820809,0.95,0.05,0.1812583885409615
fbc_tfnbs,"e=0.5,h=1.0,n=30,start_thres=1.25,min_cluster_size=3",hub,0.25,30,11,40,1730,19,1,21,1729,0.475,0.0005780346820809,0.95,0.05,0.1812583885409615
fbc_tfnbs,"e=0.5,h=2.0,n=30,start_thres=1.25,min_cluster_size=3",hub,0.25,30,11,40,1730,20,1,20,1729,0.5,0.0005780346820809,0.9523809523809524,0.0476190476190476,0.1812583885409615
fbc_tfnbs,"e=0.5,h=3.0,n=30,start_thres=1.25,min_cluster_size=3",hub,0.25,30,11,40,1730,20,1,20,1729,0.5,0.0005780346820809,0.9523809523809524,0.0476190476190476,0.1812583885409615
fbc_tfnbs,"e=0.5,h=4.0,n=30,start_thres=1.25,min_cluster_size=3",hub,0.25,30,11,40,1730,20,1,20,1729,0.5,0.0005780346820809,0.9523809523809524,0.0476190476190476,0.1812583885409615
fbc_tfnbs,"e=0.5,h=5.0,n=30,start_thres=1.25,min_cluster_size=3",hub,0.25,30,11,40,1730,20,1,20,1729,0.5,0.0005780346820809,0.9523809523809524,0.0476190476190476,0.1812583885409615
fbc_tfnbs,"e=0.5,h=6.0,n=30,start_thres=1.25,min_cluster_size=3",hub,0.25,30,11,40,1730,20,1,20,1729,0.5,0.0005780346820809,0.9523809523809524,0.0476190476190476,0.1812583885409615
fbc_tfnbs,"e=0.5,h=7.0,n=30,start_thres=1.25,min_cluster_size=3",hub,0.25,30,11,40,1730,20,1,20,1729,0.5,0.0005780346820809,0.9523809523809524,0.0476190476190476,0.1812583885409615
fbc_tfnbs,"e=0.5,h=8.0,n=30,start_thres=1.25,min_cluster_size=3",hub,0.25,30,11,40,1730,20,1,20,1729,0.5,0.0005780346820809,0.9523809523809524,0.0476190476190476,0.1812583885409615
fbc_tfnbs,"e=0.5,h=9.0,n=30,start_thres=1.25,min_cluster_size=3",hub,0.25,30,11,40,1730,20,1,20,1729,0.5,0.0005780346820809,0.9523809523809524,0.0476190476190476,0.1812583885409615
fbc_tfnbs,"e=0.5,h=10.0,n=30,start_thres=1.25,min_cluster_size=3",hub,0.25,30,11,40,1730,20,1,20,1729,0.5,0.0005780346820809,0.9523809523809524,0.0476190476190476,0.1812583885409615
fbc_tfnbs,"e=0.6,h=0.5,n=30,start_thres=1.25,min_cluster_size=3",hub,0.25,30,11,40,1730,13,1,27,1729,0.325,0.0005780346820809,0.9285714285714286,0.0714285714285714,0.1812583885409615
fbc_tfnbs,"e=0.6,h=1.0,n=30,start_thres=1.25,min_cluster_size=3",hub,0.25,30,11,40,1730,16,1,24,1729,0.4,0.0005780346820809,0.9411764705882352,0.0588235294117647,0.1812583885409615
fbc_tfnbs,"e=0.6,h=2.0,n=30,start_thres=1.25,min_cluster_size=3",hub,0.25,30,11,40,1730,19,1,21,1729,0.475,0.0005780346820809,0.95,0.05,0.1812583885409615
fbc_tfnbs,"e=0.6,h=3.0,n=30,start_thres=1.25,min_cluster_size=3",hub,0.25,30,11,40,1730,20,1,20,1729,0.5,0.0005780346820809,0.9523809523809524,0.0476190476190476,0.1812583885409615
fbc_tfnbs,"e=0.6,h=4.0,n=30,start_thres=1.25,min_cluster_size=3",hub,0.25,30,11,40,1730,20,1,20,1729,0.5,0.0005780346820809,0.9523809523809524,0.0476190476190476,0.1812583885409615
fbc_tfnbs,"e=0.6,h=5.0,n=30,start_thres=1.25,min_cluster_size=3",hub,0.25,30,11,40,1730,20,1,20,1729,0.5,0.0005780346820809,0.9523809523809524,0.0476190476190476,0.1812583885409615
fbc_tfnbs,"e=0.6,h=6.0,n=30,start_thres=1.25,min_cluster_size=3",hub,0.25,30,11,40,1730,20,1,20,1729,0.5,0.0005780346820809,0.9523809523809524,0.0476190476190476,0.1812583885409615
fbc_tfnbs,"e=0.6,h=7.0,n=30,start_thres=1.25,min_cluster_size=3",hub,0.25,30,11,40,1730,20,1,20,1729,0.5,0.0005780346820809,0.9523809523809524,0.0476190476190476,0.1812583885409615
fbc_tfnbs,"e=0.6,h=8.0,n=30,start_thres=1.25,min_cluster_size=3",hub,0.25,30,11,40,1730,20,1,20,1729,0.5,0.0005780346820809,0.9523809523809524,0.0476190476190476,0.1812583885409615
fbc_tfnbs,"e=0.6,h=9.0,n=30,start_thres=1.25,min_cluster_size=3",hub,0.25,30,11,40,1730,20,1,20,1729,0.5,0.0005780346820809,0.9523809523809524,0.0476190476190476,0.1812583885409615
fbc_tfnbs,"e=0.6,h=10.0,n=30,start_thres=1.25,min_cluster_size=3",hub,0.25,30,11,40,1730,20,1,20,1729,0.5,0.0005780346820809,0.9523809523809524,0.0476190476190476,0.1812583885409615
fbc_tfnbs,"e=0.7,h=0.5,n=30,start_thres=1.25,min_cluster_size=3",hub,0.25,30,11,40,1730,13,1,27,1729,0.325,0.0005780346820809,0.9285714285714286,0.0714285714285714,0.1812583885409615
fbc_tfnbs,"e=0.7,h=1.0,n=30,start_thres=1.25,min_cluster_size=3",hub,0.25,30,11,40,1730,13,1,27,1729,0.325,0.0005780346820809,0.9285714285714286,0.0714285714285714,0.1812583885409615
fbc_tfnbs,"e=0.7,h=2.0,n=30,start_thres=1.25,min_cluster_size=3",hub,0.25,30,11,40,1730,19,1,21,1729,0.475,0.0005780346820809,0.95,0.05,0.1812583885409615
fbc_tfnbs,"e=0.7,h=3.0,n=30,start_thres=1.25,min_cluster_size=3",hub,0.25,30,11,40,1730,20,1,20,1729,0.5,0.0005780346820809,0.9523809523809524,0.0476190476190476,0.1812583885409615
fbc_tfnbs,"e=0.7,h=4.0,n=30,start_thres=1.25,min_cluster_size=3",hub,0.25,30,11,40,1730,21,1,19,1729,0.525,0.0005780346820809,0.9545454545454546,0.0454545454545454,0.1812583885409615
fbc_tfnbs,"e=0.7,h=5.0,n=30,start_thres=1.25,min_cluster_size=3",hub,0.25,30,11,40,1730,21,1,19,1729,0.525,0.0005780346820809,0.9545454545454546,0.0454545454545454,0.1812583885409615
fbc_tfnbs,"e=0.7,h=6.0,n=30,start_thres=1.25,min_cluster_size=3",hub,0.25,30,11,40,1730,21,1,19,1729,0.525,0.0005780346820809,0.9545454545454546,0.0454545454545454,0.1812583885409615
fbc_tfnbs,"e=0.7,h=7.0,n=30,start_thres=1.25,min_cluster_size=3",hub,0.25,30,11,40,1730,21,1,19,1729,0.525,0.0005780346820809,0.9545454545454546,0.0454545454545454,0.1812583885409615
fbc_tfnbs,"e=0.7,h=8.0,n=30,start_thres=1.25,min_cluster_size=3",hub,0.25,30,11,40,1730,20,1,20,1729,0.5,0.0005780346820809,0.9523809523809524,0.0476190476190476,0.1812583885409615
fbc_tfnbs,"e=0.7,h=9.0,n=30,start_thres=1.25,min_cluster_size=3",hub,0.25,30,11,40,1730,20,1,20,1729,0.5,0.0005780346820809,0.9523809523809524,0.0476190476190476,0.1812583885409615
fbc_tfnbs,"e=0.7,h=10.0,n=30,start_thres=1.25,min_cluster_size=3",hub,0.25,30,11,40,1730,20,1,20,1729,0.5,0.0005780346820809,0.9523809523809524,0.0476190476190476,0.1812583885409615
fbc_tfnbs,"e=0.8,h=0.5,n=30,start_thres=1.25,min_cluster_size=3",hub,0.25,30,11,40,1730,12,1,28,1729,0.3,0.0005780346820809,0.9230769230769232,0.0769230769230769,0.1812583885409615
fbc_tfnbs,"e=0.8,h=1.0,n=30,start_thres=1.25,min_cluster_size=3",hub,0.25,30,11,40,1730,13,1,27,1729,0.325,0.0005780346820809,0.9285714285714286,0.0714285714285714,0.1812583885409615
fbc_tfnbs,"e=0.8,h=2.0,n=30,start_thres=1.25,min_cluster_size=3",hub,0.25,30,11,40,1730,16,1,24,1729,0.4,0.0005780346820809,0.9411764705882352,0.0588235294117647,0.1812583885409615
fbc_tfnbs,"e=0.8,h=3.0,n=30,start_thres=1.25,min_cluster_size=3",hub,0.25,30,11,40,1730,19,1,21,1729,0.475,0.0005780346820809,0.95,0.05,0.1812583885409615
fbc_tfnbs,"e=0.8,h=4.0,n=30,start_thres=1.25,min_cluster_size=3",hub,0.25,30,11,40,1730,21,1,19,1729,0.525,0.0005780346820809,0.9545454545454546,0.0454545454545454,0.1812583885409615
fbc_tfnbs,"e=0.8,h=5.0,n=30,start_thres=1.25,min_cluster_size=3",hub,0.25,30,11,40,1730,21,1,19,1729,0.525,0.0005780346820809,0.9545454545454546,0.0454545454545454,0.1812583885409615
fbc_tfnbs,"e=0.8,h=6.0,n=30,start_thres=1.25,min_cluster_size=3",hub,0.25,30,11,40,1730,21,1,19,1729,0.525,0.0005780346820809,0.9545454545454546,0.0454545454545454,0.1812583885409615
fbc_tfnbs,"e=0.8,h=7.0,n=30,start_thres=1.25,min_cluster_size=3",hub,0.25,30,11,40,1730,21,1,19,1729,0.525,0.0005780346820809,0.9545454545454546,0.0454545454545454,0.1812583885409615
fbc_tfnbs,"e=0.8,h=8.0,n=30,start_thres=1.25,min_cluster_size=3",hub,0.25,30,11,40,1730,21,1,19,1729,0.525,0.0005780346820809,0.9545454545454546,0.0454545454545454,0.1812583885409615
fbc_tfnbs,"e=0.8,h=9.0,n=30,start_thres=1.25,min_cluster_size=3",hub,0.25,30,11,40,1730,21,1,19,1729,0.525,0.0005780346820809,0.9545454545454546,0.0454545454545454,0.1812583885409615
fbc_tfnbs,"e=0.8,h=10.0,n=30,start_thres=1.25,min_cluster_size=3",hub,0.25,30,11,40,1730,20,1,20,1729,0.5,0.0005780346820809,0.9523809523809524,0.0476190476190476,0.1812583885409615
fbc_tfnbs,"e=0.9,h=0.5,n=30,start_thres=1.25,min_cluster_size=3",hub,0.25,30,11,40,1730,9,1,31,1729,0.225,0.0005780346820809,0.9,0.1,0.1812583885409615
fbc_tfnbs,"e=0.9,h=1.0,n=30,start_thres=1.25,min_cluster_size=3",hub,0.25,30,11,40,1730,12,1,28,1729,0.3,0.0005780346820809,0.9230769230769232,0.0769230769230769,0.1812583885409615
fbc_tfnbs,"e=0.9,h=2.0,n=30,start_thres=1.25,min_cluster_size=3",hub,0.25,30,11,40,1730,13,1,27,1729,0.325,0.0005780346820809,0.9285714285714286,0.0714285714285714,0.1812583885409615
fbc_tfnbs,"e=0.9,h=3.0,n=30,start_thres=1.25,min_cluster_size=3",hub,0.25,30,11,40,1730,19,1,21,1729,0.475,0.0005780346820809,0.95,0.05,0.1812583885409615
fbc_tfnbs,"e=0.9,h=4.0,n=30,start_thres=1.25,min_cluster_size=3",hub,0.25,30,11,40,1730,20,1,20,1729,0.5,0.0005780346820809,0.9523809523809524,0.0476190476190476,0.1812583885409615
fbc_tfnbs,"e=0.9,h=5.0,n=30,start_thres=1.25,min_cluster_size=3",hub,0.25,30,11,40,1730,21,1,19,1729,0.525,0.0005780346820809,0.9545454545454546,0.0454545454545454,0.1812583885409615
fbc_tfnbs,"e=0.9,h=6.0,n=30,start_thres=1.25,min_cluster_size=3",hub,0.25,30,11,40,1730,21,1,19,1729,0.525,0.0005780346820809,0.9545454545454546,0.0454545454545454,0.1812583885409615
fbc_tfnbs,"e=0.9,h=7.0,n=30,start_thres=1.25,min_cluster_size=3",hub,0.25,30,11,40,1730,21,1,19,1729,0.525,0.0005780346820809,0.9545454545454546,0.0454545454545454,0.1812583885409615
fbc_tfnbs,"e=0.9,h=8.0,n=30,start_thres=1.25,min_cluster_size=3",hub,0.25,30,11,40,1730,21,1,19,1729,0.525,0.0005780346820809,0.9545454545454546,0.0454545454545454,0.1812583885409615
fbc_tfnbs,"e=0.9,h=9.0,n=30,start_thres=1.25,min_cluster_size=3",hub,0.25,30,11,40,1730,21,1,19,1729,0.525,0.0005780346820809,0.9545454545454546,0.0454545454545454,0.1812583885409615
fbc_tfnbs,"e=0.9,h=10.0,n=30,start_thres=1.25,min_cluster_size=3",hub,0.25,30,11,40,1730,21,1,19,1729,0.525,0.0005780346820809,0.9545454545454546,0.0454545454545454,0.1812583885409615
fbc_tfnbs,"e=1.0,h=0.5,n=30,start_thres=1.25,min_cluster_size=3",hub,0.25,30,11,40,1730,9,1,31,1729,0.225,0.0005780346820809,0.9,0.1,0.1812583885409615
fbc_tfnbs,"e=1.0,h=1.0,n=30,start_thres=1.25,min_cluster_size=3",hub,0.25,30,11,40,1730,9,1,31,1729,0.225,0.0005780346820809,0.9,0.1,0.1812583885409615
fbc_tfnbs,"e=1.0,h=2.0,n=30,start_thres=1.25,min_cluster_size=3",hub,0.25,30,11,40,1730,13,1,27,1729,0.325,0.0005780346820809,0.9285714285714286,0.0714285714285714,0.1812583885409615
fbc_tfnbs,"e=1.0,h=3.0,n=30,start_thres=1.25,min_cluster_size=3",hub,0.25,30,11,40,1730,13,1,27,1729,0.325,0.0005780346820809,0.9285714285714286,0.0714285714285714,0.1812583885409615
fbc_tfnbs,"e=1.0,h=4.0,n=30,start_thres=1.25,min_cluster_size=3",hub,0.25,30,11,40,1730,20,1,20,1729,0.5,0.0005780346820809,0.9523809523809524,0.0476190476190476,0.1812583885409615
fbc_tfnbs,"e=1.0,h=5.0,n=30,start_thres=1.25,min_cluster_size=3",hub,0.25,30,11,40,1730,22,1,18,1729,0.55,0.0005780346820809,0.9565217391304348,0.0434782608695652,0.1812583885409615
fbc_tfnbs,"e=1.0,h=6.0,n=30,start_thres=1.25,min_cluster_size=3",hub,0.25,30,11,40,1730,22,1,18,1729,0.55,0.0005780346820809,0.9565217391304348,0.0434782608695652,0.1812583885409615
fbc_tfnbs,"e=1.0,h=7.0,n=30,start_thres=1.25,min_cluster_size=3",hub,0.25,30,11,40,1730,21,1,19,1729,0.525,0.0005780346820809,0.9545454545454546,0.0454545454545454,0.1812583885409615
fbc_tfnbs,"e=1.0,h=8.0,n=30,start_thres=1.25,min_cluster_size=3",hub,0.25,30,11,40,1730,21,1,19,1729,0.525,0.0005780346820809,0.9545454545454546,0.0454545454545454,0.1812583885409615
fbc_tfnbs,"e=1.0,h=9.0,n=30,start_thres=1.25,min_cluster_size=3",hub,0.25,30,11,40,1730,21,1,19,1729,0.525,0.0005780346820809,0.9545454545454546,0.0454545454545454,0.1812583885409615
fbc_tfnbs,"e=1.0,h=10.0,n=30,start_thres=1.25,min_cluster_size=3",hub,0.25,30,11,40,1730,21,1,19,1729,0.525,0.0005780346820809,0.9545454545454546,0.0454545454545454,0.1812583885409615
fbc_tfnbs,"e=1.1,h=0.5,n=30,start_thres=1.25,min_cluster_size=3",hub,0.25,30,11,40,1730,9,1,31,1729,0.225,0.0005780346820809,0.9,0.1,0.1812583885409615
fbc_tfnbs,"e=1.1,h=1.0,n=30,start_thres=1.25,min_cluster_size=3",hub,0.25,30,11,40,1730,9,1,31,1729,0.225,0.0005780346820809,0.9,0.1,0.1812583885409615
fbc_tfnbs,"e=1.1,h=2.0,n=30,start_thres=1.25,min_cluster_size=3",hub,0.25,30,11,40,1730,14,1,26,1729,0.35,0.0005780346820809,0.9333333333333332,0.0666666666666666,0.1812583885409615
fbc_tfnbs,"e=1.1,h=3.0,n=30,start_thres=1.25,min_cluster_size=3",hub,0.25,30,11,40,1730,14,1,26,1729,0.35,0.0005780346820809,0.9333333333333332,0.0666666666666666,0.1812583885409615
fbc_tfnbs,"e=1.1,h=4.0,n=30,start_thres=1.25,min_cluster_size=3",hub,0.25,30,11,40,1730,20,1,20,1729,0.5,0.0005780346820809,0.9523809523809524,0.0476190476190476,0.1812583885409615
fbc_tfnbs,"e=1.1,h=5.0,n=30,start_thres=1.25,min_cluster_size=3",hub,0.25,30,11,40,1730,21,1,19,1729,0.525,0.0005780346820809,0.9545454545454546,0.0454545454545454,0.1812583885409615
fbc_tfnbs,"e=1.1,h=6.0,n=30,start_thres=1.25,min_cluster_size=3",hub,0.25,30,11,40,1730,22,1,18,1729,0.55,0.0005780346820809,0.9565217391304348,0.0434782608695652,0.1812583885409615
fbc_tfnbs,"e=1.1,h=7.0,n=30,start_thres=1.25,min_cluster_size=3",hub,0.25,30,11,40,1730,22,1,18,1729,0.55,0.0005780346820809,0.9565217391304348,0.0434782608695652,0.1812583885409615
fbc_tfnbs,"e=1.1,h=8.0,n=30,start_thres=1.25,min_cluster_size=3",hub,0.25,30,11,40,1730,21,1,19,1729,0.525,0.0005780346820809,0.9545454545454546,0.0454545454545454,0.1812583885409615
fbc_tfnbs,"e=1.1,h=9.0,n=30,start_thres=1.25,min_cluster_size=3",hub,0.25,30,11,40,1730,21,1,19,1729,0.525,0.0005780346820809,0.9545454545454546,0.0454545454545454,0.1812583885409615
fbc_tfnbs,"e=1.1,h=10.0,n=30,start_thres=1.25,min_cluster_size=3",hub,0.25,30,11,40,1730,21,1,19,1729,0.525,0.0005780346820809,0.9545454545454546,0.0454545454545454,0.1812583885409615
fbc_tfnbs,"e=1.2,h=0.5,n=30,start_thres=1.25,min_cluster_size=3",hub,0.25,30,11,40,1730,9,1,31,1729,0.225,0.0005780346820809,0.9,0.1,0.1812583885409615
fbc_tfnbs,"e=1.2,h=1.0,n=30,start_thres=1.25,min_cluster_size=3",hub,0.25,30,11,40,1730,9,1,31,1729,0.225,0.0005780346820809,0.9,0.1,0.1812583885409615
fbc_tfnbs,"e=1.2,h=2.0,n=30,start_thres=1.25,min_cluster_size=3",hub,0.25,30,11,40,1730,13,1,27,1729,0.325,0.0005780346820809,0.9285714285714286,0.0714285714285714,0.1812583885409615
fbc_tfnbs,"e=1.2,h=3.0,n=30,start_thres=1.25,min_cluster_size=3",hub,0.25,30,11,40,1730,14,1,26,1729,0.35,0.0005780346820809,0.9333333333333332,0.0666666666666666,0.1812583885409615
fbc_tfnbs,"e=1.2,h=4.0,n=30,start_thres=1.25,min_cluster_size=3",hub,0.25,30,11,40,1730,14,1,26,1729,0.35,0.0005780346820809,0.9333333333333332,0.0666666666666666,0.1812583885409615
fbc_tfnbs,"e=1.2,h=5.0,n=30,start_thres=1.25,min_cluster_size=3",hub,0.25,30,11,40,1730,20,1,20,1729,0.5,0.0005780346820809,0.9523809523809524,0.0476190476190476,0.1812583885409615
fbc_tfnbs,"e=1.2,h=6.0,n=30,start_thres=1.25,min_cluster_size=3",hub,0.25,30,11,40,1730,22,1,18,1729,0.55,0.0005780346820809,0.9565217391304348,0.0434782608695652,0.1812583885409615
fbc_tfnbs,"e=1.2,h=7.0,n=30,start_thres=1.25,min_cluster_size=3",hub,0.25,30,11,40,1730,22,1,18,1729,0.55,0.0005780346820809,0.9565217391304348,0.0434782608695652,0.1812583885409615
fbc_tfnbs,"e=1.2,h=8.0,n=30,start_thres=1.25,min_cluster_size=3",hub,0.25,30,11,40,1730,22,1,18,1729,0.55,0.0005780346820809,0.9565217391304348,0.0434782608695652,0.1812583885409615
fbc_tfnbs,"e=1.2,h=9.0,n=30,start_thres=1.25,min_cluster_size=3",hub,0.25,30,11,40,1730,21,1,19,1729,0.525,0.0005780346820809,0.9545454545454546,0.0454545454545454,0.1812583885409615
fbc_tfnbs,"e=1.2,h=10.0,n=30,start_thres=1.25,min_cluster_size=3",hub,0.25,30,11,40,1730,21,1,19,1729,0.525,0.0005780346820809,0.9545454545454546,0.0454545454545454,0.1812583885409615
fbc_tfnbs,"e=1.3,h=0.5,n=30,start_thres=1.25,min_cluster_size=3",hub,0.25,30,11,40,1730,9,1,31,1729,0.225,0.0005780346820809,0.9,0.1,0.1812583885409615
fbc_tfnbs,"e=1.3,h=1.0,n=30,start_thres=1.25,min_cluster_size=3",hub,0.25,30,11,40,1730,9,1,31,1729,0.225,0.0005780346820809,0.9,0.1,0.1812583885409615
fbc_tfnbs,"e=1.3,h=2.0,n=30,start_thres=1.25,min_cluster_size=3",hub,0.25,30,11,40,1730,10,1,30,1729,0.25,0.0005780346820809,0.9090909090909092,0.0909090909090909,0.1812583885409615
fbc_tfnbs,"e=1.3,h=3.0,n=30,start_thres=1.25,min_cluster_size=3",hub,0.25,30,11,40,1730,14,1,26,1729,0.35,0.0005780346820809,0.9333333333333332,0.0666666666666666,0.1812583885409615
fbc_tfnbs,"e=1.3,h=4.0,n=30,start_thres=1.25,min_cluster_size=3",hub,0.25,30,11,40,1730,14,1,26,1729,0.35,0.0005780346820809,0.9333333333333332,0.0666666666666666,0.1812583885409615
fbc_tfnbs,"e=1.3,h=5.0,n=30,start_thres=1.25,min_cluster_size=3",hub,0.25,30,11,40,1730,20,1,20,1729,0.5,0.0005780346820809,0.9523809523809524,0.0476190476190476,0.1812583885409615
fbc_tfnbs,"e=1.3,h=6.0,n=30,start_thres=1.25,min_cluster_size=3",hub,0.25,30,11,40,1730,21,1,19,1729,0.525,0.0005780346820809,0.9545454545454546,0.0454545454545454,0.1812583885409615
fbc_tfnbs,"e=1.3,h=7.0,n=30,start_thres=1.25,min_cluster_size=3",hub,0.25,30,11,40,1730,22,1,18,1729,0.55,0.0005780346820809,0.9565217391304348,0.0434782608695652,0.1812583885409615
fbc_tfnbs,"e=1.3,h=8.0,n=30,start_thres=1.25,min_cluster_size=3",hub,0.25,30,11,40,1730,22,1,18,1729,0.55,0.0005780346820809,0.9565217391304348,0.0434782608695652,0.1812583885409615
fbc_tfnbs,"e=1.3,h=9.0,n=30,start_thres=1.25,min_cluster_size=3",hub,0.25,30,11,40,1730,22,1,18,1729,0.55,0.0005780346820809,0.9565217391304348,0.0434782608695652,0.1812583885409615
fbc_tfnbs,"e=1.3,h=10.0,n=30,start_thres=1.25,min_cluster_size=3",hub,0.25,30,11,40,1730,21,1,19,1729,0.525,0.0005780346820809,0.9545454545454546,0.0454545454545454,0.1812583885409615
fbc_tfnbs,"e=1.4,h=0.5,n=30,start_thres=1.25,min_cluster_size=3",hub,0.25,30,11,40,1730,9,1,31,1729,0.225,0.0005780346820809,0.9,0.1,0.1812583885409615
fbc_tfnbs,"e=1.4,h=1.0,n=30,start_thres=1.25,min_cluster_size=3",hub,0.25,30,11,40,1730,9,1,31,1729,0.225,0.0005780346820809,0.9,0.1,0.1812583885409615
fbc_tfnbs,"e=1.4,h=2.0,n=30,start_thres=1.25,min_cluster_size=3",hub,0.25,30,11,40,1730,9,1,31,1729,0.225,0.0005780346820809,0.9,0.1,0.1812583885409615
fbc_tfnbs,"e=1.4,h=3.0,n=30,start_thres=1.25,min_cluster_size=3",hub,0.25,30,11,40,1730,13,1,27,1729,0.325,0.0005780346820809,0.9285714285714286,0.0714285714285714,0.1812583885409615
fbc_tfnbs,"e=1.4,h=4.0,n=30,start_thres=1.25,min_cluster_size=3",hub,0.25,30,11,40,1730,14,1,26,1729,0.35,0.0005780346820809,0.9333333333333332,0.0666666666666666,0.1812583885409615
fbc_tfnbs,"e=1.4,h=5.0,n=30,start_thres=1.25,min_cluster_size=3",hub,0.25,30,11,40,1730,14,1,26,1729,0.35,0.0005780346820809,0.9333333333333332,0.0666666666666666,0.1812583885409615
fbc_tfnbs,"e=1.4,h=6.0,n=30,start_thres=1.25,min_cluster_size=3",hub,0.25,30,11,40,1730,21,1,19,1729,0.525,0.0005780346820809,0.9545454545454546,0.0454545454545454,0.1812583885409615
fbc_tfnbs,"e=1.4,h=7.0,n=30,start_thres=1.25,min_cluster_size=3",hub,0.25,30,11,40,1730,22,1,18,1729,0.55,0.0005780346820809,0.9565217391304348,0.0434782608695652,0.1812583885409615
fbc_tfnbs,"e=1.4,h=8.0,n=30,start_thres=1.25,min_cluster_size=3",hub,0.25,30,11,40,1730,22,1,18,1729,0.55,0.0005780346820809,0.9565217391304348,0.0434782608695652,0.1812583885409615
fbc_tfnbs,"e=1.4,h=9.0,n=30,start_thres=1.25,min_cluster_size=3",hub,0.25,30,11,40,1730,22,1,18,1729,0.55,0.0005780346820809,0.9565217391304348,0.0434782608695652,0.1812583885409615
fbc_tfnbs,"e=1.4,h=10.0,n=30,start_thres=1.25,min_cluster_size=3",hub,0.25,30,11,40,1730,22,1,18,1729,0.55,0.0005780346820809,0.9565217391304348,0.0434782608695652,0.1812583885409615
fbc_tfnbs,"e=1.5,h=0.5,n=30,start_thres=1.25,min_cluster_size=3",hub,0.25,30,11,40,1730,9,1,31,1729,0.225,0.0005780346820809,0.9,0.1,0.1812583885409615
fbc_tfnbs,"e=1.5,h=1.0,n=30,start_thres=1.25,min_cluster_size=3",hub,0.25,30,11,40,1730,9,1,31,1729,0.225,0.0005780346820809,0.9,0.1,0.1812583885409615
fbc_tfnbs,"e=1.5,h=2.0,n=30,start_thres=1.25,min_cluster_size=3",hub,0.25,30,11,40,1730,9,1,31,1729,0.225,0.0005780346820809,0.9,0.1,0.1812583885409615
fbc_tfnbs,"e=1.5,h=3.0,n=30,start_thres=1.25,min_cluster_size=3",hub,0.25,30,11,40,1730,10,1,30,1729,0.25,0.0005780346820809,0.9090909090909092,0.0909090909090909,0.1812583885409615
fbc_tfnbs,"e=1.5,h=4.0,n=30,start_thres=1.25,min_cluster_size=3",hub,0.25,30,11,40,1730,14,1,26,1729,0.35,0.0005780346820809,0.9333333333333332,0.0666666666666666,0.1812583885409615
fbc_tfnbs,"e=1.5,h=5.0,n=30,start_thres=1.25,min_cluster_size=3",hub,0.25,30,11,40,1730,14,1,26,1729,0.35,0.0005780346820809,0.9333333333333332,0.0666666666666666,0.1812583885409615
fbc_tfnbs,"e=1.5,h=6.0,n=30,start_thres=1.25,min_cluster_size=3",hub,0.25,30,11,40,1730,20,1,20,1729,0.5,0.0005780346820809,0.9523809523809524,0.0476190476190476,0.1812583885409615
fbc_tfnbs,"e=1.5,h=7.0,n=30,start_thres=1.25,min_cluster_size=3",hub,0.25,30,11,40,1730,21,1,19,1729,0.525,0.0005780346820809,0.9545454545454546,0.0454545454545454,0.1812583885409615
fbc_tfnbs,"e=1.5,h=8.0,n=30,start_thres=1.25,min_cluster_size=3",hub,0.25,30,11,40,1730,22,1,18,1729,0.55,0.0005780346820809,0.9565217391304348,0.0434782608695652,0.1812583885409615
fbc_tfnbs,"e=1.5,h=9.0,n=30,start_thres=1.25,min_cluster_size=3",hub,0.25,30,11,40,1730,22,1,18,1729,0.55,0.0005780346820809,0.9565217391304348,0.0434782608695652,0.1812583885409615
fbc_tfnbs,"e=1.5,h=10.0,n=30,start_thres=1.25,min_cluster_size=3",hub,0.25,30,11,40,1730,22,1,18,1729,0.55,0.0005780346820809,0.9565217391304348,0.0434782608695652,0.1812583885409615
fbc_tfnbs,"e=0.05,h=0.5,n=30,start_thres=1.25,min_cluster_size=3",hub,0.25,30,12,40,1730,13,0,27,1730,0.325,0.0,1.0,0.0,0.1788751415231011
fbc_tfnbs,"e=0.05,h=1.0,n=30,start_thres=1.25,min_cluster_size=3",hub,0.25,30,12,40,1730,13,0,27,1730,0.325,0.0,1.0,0.0,0.1788751415231011
fbc_tfnbs,"e=0.05,h=2.0,n=30,start_thres=1.25,min_cluster_size=3",hub,0.25,30,12,40,1730,13,0,27,1730,0.325,0.0,1.0,0.0,0.1788751415231011
fbc_tfnbs,"e=0.05,h=3.0,n=30,start_thres=1.25,min_cluster_size=3",hub,0.25,30,12,40,1730,13,0,27,1730,0.325,0.0,1.0,0.0,0.1788751415231011
fbc_tfnbs,"e=0.05,h=4.0,n=30,start_thres=1.25,min_cluster_size=3",hub,0.25,30,12,40,1730,13,0,27,1730,0.325,0.0,1.0,0.0,0.1788751415231011
fbc_tfnbs,"e=0.05,h=5.0,n=30,start_thres=1.25,min_cluster_size=3",hub,0.25,30,12,40,1730,13,0,27,1730,0.325,0.0,1.0,0.0,0.1788751415231011
fbc_tfnbs,"e=0.05,h=6.0,n=30,start_thres=1.25,min_cluster_size=3",hub,0.25,30,12,40,1730,13,0,27,1730,0.325,0.0,1.0,0.0,0.1788751415231011
fbc_tfnbs,"e=0.05,h=7.0,n=30,start_thres=1.25,min_cluster_size=3",hub,0.25,30,12,40,1730,13,0,27,1730,0.325,0.0,1.0,0.0,0.1788751415231011
fbc_tfnbs,"e=0.05,h=8.0,n=30,start_thres=1.25,min_cluster_size=3",hub,0.25,30,12,40,1730,13,0,27,1730,0.325,0.0,1.0,0.0,0.1788751415231011
fbc_tfnbs,"e=0.05,h=9.0,n=30,start_thres=1.25,min_cluster_size=3",hub,0.25,30,12,40,1730,13,0,27,1730,0.325,0.0,1.0,0.0,0.1788751415231011
fbc_tfnbs,"e=0.05,h=10.0,n=30,start_thres=1.25,min_cluster_size=3",hub,0.25,30,12,40,1730,13,0,27,1730,0.325,0.0,1.0,0.0,0.1788751415231011
fbc_tfnbs,"e=0.1,h=0.5,n=30,start_thres=1.25,min_cluster_size=3",hub,0.25,30,12,40,1730,13,0,27,1730,0.325,0.0,1.0,0.0,0.1788751415231011
fbc_tfnbs,"e=0.1,h=1.0,n=30,start_thres=1.25,min_cluster_size=3",hub,0.25,30,12,40,1730,13,0,27,1730,0.325,0.0,1.0,0.0,0.1788751415231011
fbc_tfnbs,"e=0.1,h=2.0,n=30,start_thres=1.25,min_cluster_size=3",hub,0.25,30,12,40,1730,13,0,27,1730,0.325,0.0,1.0,0.0,0.1788751415231011
fbc_tfnbs,"e=0.1,h=3.0,n=30,start_thres=1.25,min_cluster_size=3",hub,0.25,30,12,40,1730,13,0,27,1730,0.325,0.0,1.0,0.0,0.1788751415231011
fbc_tfnbs,"e=0.1,h=4.0,n=30,start_thres=1.25,min_cluster_size=3",hub,0.25,30,12,40,1730,13,0,27,1730,0.325,0.0,1.0,0.0,0.1788751415231011
fbc_tfnbs,"e=0.1,h=5.0,n=30,start_thres=1.25,min_cluster_size=3",hub,0.25,30,12,40,1730,13,0,27,1730,0.325,0.0,1.0,0.0,0.1788751415231011
fbc_tfnbs,"e=0.1,h=6.0,n=30,start_thres=1.25,min_cluster_size=3",hub,0.25,30,12,40,1730,13,0,27,1730,0.325,0.0,1.0,0.0,0.1788751415231011
fbc_tfnbs,"e=0.1,h=7.0,n=30,start_thres=1.25,min_cluster_size=3",hub,0.25,30,12,40,1730,13,0,27,1730,0.325,0.0,1.0,0.0,0.1788751415231011
fbc_tfnbs,"e=0.1,h=8.0,n=30,start_thres=1.25,min_cluster_size=3",hub,0.25,30,12,40,1730,13,0,27,1730,0.325,0.0,1.0,0.0,0.1788751415231011
fbc_tfnbs,"e=0.1,h=9.0,n=30,start_thres=1.25,min_cluster_size=3",hub,0.25,30,12,40,1730,13,0,27,1730,0.325,0.0,1.0,0.0,0.1788751415231011
fbc_tfnbs,"e=0.1,h=10.0,n=30,start_thres=1.25,min_cluster_size=3",hub,0.25,30,12,40,1730,13,0,27,1730,0.325,0.0,1.0,0.0,0.1788751415231011
fbc_tfnbs,"e=0.2,h=0.5,n=30,start_thres=1.25,min_cluster_size=3",hub,0.25,30,12,40,1730,13,0,27,1730,0.325,0.0,1.0,0.0,0.1788751415231011
fbc_tfnbs,"e=0.2,h=1.0,n=30,start_thres=1.25,min_cluster_size=3",hub,0.25,30,12,40,1730,13,0,27,1730,0.325,0.0,1.0,0.0,0.1788751415231011
fbc_tfnbs,"e=0.2,h=2.0,n=30,start_thres=1.25,min_cluster_size=3",hub,0.25,30,12,40,1730,13,0,27,1730,0.325,0.0,1.0,0.0,0.1788751415231011
fbc_tfnbs,"e=0.2,h=3.0,n=30,start_thres=1.25,min_cluster_size=3",hub,0.25,30,12,40,1730,13,0,27,1730,0.325,0.0,1.0,0.0,0.1788751415231011
fbc_tfnbs,"e=0.2,h=4.0,n=30,start_thres=1.25,min_cluster_size=3",hub,0.25,30,12,40,1730,13,0,27,1730,0.325,0.0,1.0,0.0,0.1788751415231011
fbc_tfnbs,"e=0.2,h=5.0,n=30,start_thres=1.25,min_cluster_size=3",hub,0.25,30,12,40,1730,13,0,27,1730,0.325,0.0,1.0,0.0,0.1788751415231011
fbc_tfnbs,"e=0.2,h=6.0,n=30,start_thres=1.25,min_cluster_size=3",hub,0.25,30,12,40,1730,13,0,27,1730,0.325,0.0,1.0,0.0,0.1788751415231011
fbc_tfnbs,"e=0.2,h=7.0,n=30,start_thres=1.25,min_cluster_size=3",hub,0.25,30,12,40,1730,13,0,27,1730,0.325,0.0,1.0,0.0,0.1788751415231011
fbc_tfnbs,"e=0.2,h=8.0,n=30,start_thres=1.25,min_cluster_size=3",hub,0.25,30,12,40,1730,13,0,27,1730,0.325,0.0,1.0,0.0,0.1788751415231011
fbc_tfnbs,"e=0.2,h=9.0,n=30,start_thres=1.25,min_cluster_size=3",hub,0.25,30,12,40,1730,13,0,27,1730,0.325,0.0,1.0,0.0,0.1788751415231011
fbc_tfnbs,"e=0.2,h=10.0,n=30,start_thres=1.25,min_cluster_size=3",hub,0.25,30,12,40,1730,13,0,27,1730,0.325,0.0,1.0,0.0,0.1788751415231011
fbc_tfnbs,"e=0.3,h=0.5,n=30,start_thres=1.25,min_cluster_size=3",hub,0.25,30,12,40,1730,15,2,25,1728,0.375,0.0011560693641618,0.8823529411764706,0.1176470588235294,0.1788751415231011
fbc_tfnbs,"e=0.3,h=1.0,n=30,start_thres=1.25,min_cluster_size=3",hub,0.25,30,12,40,1730,15,2,25,1728,0.375,0.0011560693641618,0.8823529411764706,0.1176470588235294,0.1788751415231011
fbc_tfnbs,"e=0.3,h=2.0,n=30,start_thres=1.25,min_cluster_size=3",hub,0.25,30,12,40,1730,15,1,25,1729,0.375,0.0005780346820809,0.9375,0.0625,0.1788751415231011
fbc_tfnbs,"e=0.3,h=3.0,n=30,start_thres=1.25,min_cluster_size=3",hub,0.25,30,12,40,1730,15,1,25,1729,0.375,0.0005780346820809,0.9375,0.0625,0.1788751415231011
fbc_tfnbs,"e=0.3,h=4.0,n=30,start_thres=1.25,min_cluster_size=3",hub,0.25,30,12,40,1730,15,1,25,1729,0.375,0.0005780346820809,0.9375,0.0625,0.1788751415231011
fbc_tfnbs,"e=0.3,h=5.0,n=30,start_thres=1.25,min_cluster_size=3",hub,0.25,30,12,40,1730,15,1,25,1729,0.375,0.0005780346820809,0.9375,0.0625,0.1788751415231011
fbc_tfnbs,"e=0.3,h=6.0,n=30,start_thres=1.25,min_cluster_size=3",hub,0.25,30,12,40,1730,13,0,27,1730,0.325,0.0,1.0,0.0,0.1788751415231011
fbc_tfnbs,"e=0.3,h=7.0,n=30,start_thres=1.25,min_cluster_size=3",hub,0.25,30,12,40,1730,13,0,27,1730,0.325,0.0,1.0,0.0,0.1788751415231011
fbc_tfnbs,"e=0.3,h=8.0,n=30,start_thres=1.25,min_cluster_size=3",hub,0.25,30,12,40,1730,13,0,27,1730,0.325,0.0,1.0,0.0,0.1788751415231011
fbc_tfnbs,"e=0.3,h=9.0,n=30,start_thres=1.25,min_cluster_size=3",hub,0.25,30,12,40,1730,13,0,27,1730,0.325,0.0,1.0,0.0,0.1788751415231011
fbc_tfnbs,"e=0.3,h=10.0,n=30,start_thres=1.25,min_cluster_size=3",hub,0.25,30,12,40,1730,13,0,27,1730,0.325,0.0,1.0,0.0,0.1788751415231011
fbc_tfnbs,"e=0.4,h=0.5,n=30,start_thres=1.25,min_cluster_size=3",hub,0.25,30,12,40,1730,15,2,25,1728,0.375,0.0011560693641618,0.8823529411764706,0.1176470588235294,0.1788751415231011
fbc_tfnbs,"e=0.4,h=1.0,n=30,start_thres=1.25,min_cluster_size=3",hub,0.25,30,12,40,1730,15,2,25,1728,0.375,0.0011560693641618,0.8823529411764706,0.1176470588235294,0.1788751415231011
fbc_tfnbs,"e=0.4,h=2.0,n=30,start_thres=1.25,min_cluster_size=3",hub,0.25,30,12,40,1730,15,2,25,1728,0.375,0.0011560693641618,0.8823529411764706,0.1176470588235294,0.1788751415231011
fbc_tfnbs,"e=0.4,h=3.0,n=30,start_thres=1.25,min_cluster_size=3",hub,0.25,30,12,40,1730,15,2,25,1728,0.375,0.0011560693641618,0.8823529411764706,0.1176470588235294,0.1788751415231011
fbc_tfnbs,"e=0.4,h=4.0,n=30,start_thres=1.25,min_cluster_size=3",hub,0.25,30,12,40,1730,15,1,25,1729,0.375,0.0005780346820809,0.9375,0.0625,0.1788751415231011
fbc_tfnbs,"e=0.4,h=5.0,n=30,start_thres=1.25,min_cluster_size=3",hub,0.25,30,12,40,1730,15,1,25,1729,0.375,0.0005780346820809,0.9375,0.0625,0.1788751415231011
fbc_tfnbs,"e=0.4,h=6.0,n=30,start_thres=1.25,min_cluster_size=3",hub,0.25,30,12,40,1730,15,1,25,1729,0.375,0.0005780346820809,0.9375,0.0625,0.1788751415231011
fbc_tfnbs,"e=0.4,h=7.0,n=30,start_thres=1.25,min_cluster_size=3",hub,0.25,30,12,40,1730,15,1,25,1729,0.375,0.0005780346820809,0.9375,0.0625,0.1788751415231011
fbc_tfnbs,"e=0.4,h=8.0,n=30,start_thres=1.25,min_cluster_size=3",hub,0.25,30,12,40,1730,15,1,25,1729,0.375,0.0005780346820809,0.9375,0.0625,0.1788751415231011
fbc_tfnbs,"e=0.4,h=9.0,n=30,start_thres=1.25,min_cluster_size=3",hub,0.25,30,12,40,1730,13,0,27,1730,0.325,0.0,1.0,0.0,0.1788751415231011
fbc_tfnbs,"e=0.4,h=10.0,n=30,start_thres=1.25,min_cluster_size=3",hub,0.25,30,12,40,1730,13,0,27,1730,0.325,0.0,1.0,0.0,0.1788751415231011
fbc_tfnbs,"e=0.5,h=0.5,n=30,start_thres=1.25,min_cluster_size=3",hub,0.25,30,12,40,1730,15,2,25,1728,0.375,0.0011560693641618,0.8823529411764706,0.1176470588235294,0.1788751415231011
fbc_tfnbs,"e=0.5,h=1.0,n=30,start_thres=1.25,min_cluster_size=3",hub,0.25,30,12,40,1730,15,2,25,1728,0.375,0.0011560693641618,0.8823529411764706,0.1176470588235294,0.1788751415231011
fbc_tfnbs,"e=0.5,h=2.0,n=30,start_thres=1.25,min_cluster_size=3",hub,0.25,30,12,40,1730,15,2,25,1728,0.375,0.0011560693641618,0.8823529411764706,0.1176470588235294,0.1788751415231011
fbc_tfnbs,"e=0.5,h=3.0,n=30,start_thres=1.25,min_cluster_size=3",hub,0.25,30,12,40,1730,15,2,25,1728,0.375,0.0011560693641618,0.8823529411764706,0.1176470588235294,0.1788751415231011
fbc_tfnbs,"e=0.5,h=4.0,n=30,start_thres=1.25,min_cluster_size=3",hub,0.25,30,12,40,1730,15,2,25,1728,0.375,0.0011560693641618,0.8823529411764706,0.1176470588235294,0.1788751415231011
fbc_tfnbs,"e=0.5,h=5.0,n=30,start_thres=1.25,min_cluster_size=3",hub,0.25,30,12,40,1730,15,2,25,1728,0.375,0.0011560693641618,0.8823529411764706,0.1176470588235294,0.1788751415231011
fbc_tfnbs,"e=0.5,h=6.0,n=30,start_thres=1.25,min_cluster_size=3",hub,0.25,30,12,40,1730,15,2,25,1728,0.375,0.0011560693641618,0.8823529411764706,0.1176470588235294,0.1788751415231011
fbc_tfnbs,"e=0.5,h=7.0,n=30,start_thres=1.25,min_cluster_size=3",hub,0.25,30,12,40,1730,15,1,25,1729,0.375,0.0005780346820809,0.9375,0.0625,0.1788751415231011
fbc_tfnbs,"e=0.5,h=8.0,n=30,start_thres=1.25,min_cluster_size=3",hub,0.25,30,12,40,1730,15,1,25,1729,0.375,0.0005780346820809,0.9375,0.0625,0.1788751415231011
fbc_tfnbs,"e=0.5,h=9.0,n=30,start_thres=1.25,min_cluster_size=3",hub,0.25,30,12,40,1730,15,1,25,1729,0.375,0.0005780346820809,0.9375,0.0625,0.1788751415231011
fbc_tfnbs,"e=0.5,h=10.0,n=30,start_thres=1.25,min_cluster_size=3",hub,0.25,30,12,40,1730,15,1,25,1729,0.375,0.0005780346820809,0.9375,0.0625,0.1788751415231011
fbc_tfnbs,"e=0.6,h=0.5,n=30,start_thres=1.25,min_cluster_size=3",hub,0.25,30,12,40,1730,15,2,25,1728,0.375,0.0011560693641618,0.8823529411764706,0.1176470588235294,0.1788751415231011
fbc_tfnbs,"e=0.6,h=1.0,n=30,start_thres=1.25,min_cluster_size=3",hub,0.25,30,12,40,1730,15,2,25,1728,0.375,0.0011560693641618,0.8823529411764706,0.1176470588235294,0.1788751415231011
fbc_tfnbs,"e=0.6,h=2.0,n=30,start_thres=1.25,min_cluster_size=3",hub,0.25,30,12,40,1730,15,2,25,1728,0.375,0.0011560693641618,0.8823529411764706,0.1176470588235294,0.1788751415231011
fbc_tfnbs,"e=0.6,h=3.0,n=30,start_thres=1.25,min_cluster_size=3",hub,0.25,30,12,40,1730,15,2,25,1728,0.375,0.0011560693641618,0.8823529411764706,0.1176470588235294,0.1788751415231011
fbc_tfnbs,"e=0.6,h=4.0,n=30,start_thres=1.25,min_cluster_size=3",hub,0.25,30,12,40,1730,15,2,25,1728,0.375,0.0011560693641618,0.8823529411764706,0.1176470588235294,0.1788751415231011
fbc_tfnbs,"e=0.6,h=5.0,n=30,start_thres=1.25,min_cluster_size=3",hub,0.25,30,12,40,1730,15,2,25,1728,0.375,0.0011560693641618,0.8823529411764706,0.1176470588235294,0.1788751415231011
fbc_tfnbs,"e=0.6,h=6.0,n=30,start_thres=1.25,min_cluster_size=3",hub,0.25,30,12,40,1730,15,2,25,1728,0.375,0.0011560693641618,0.8823529411764706,0.1176470588235294,0.1788751415231011
fbc_tfnbs,"e=0.6,h=7.0,n=30,start_thres=1.25,min_cluster_size=3",hub,0.25,30,12,40,1730,15,2,25,1728,0.375,0.0011560693641618,0.8823529411764706,0.1176470588235294,0.1788751415231011
fbc_tfnbs,"e=0.6,h=8.0,n=30,start_thres=1.25,min_cluster_size=3",hub,0.25,30,12,40,1730,15,2,25,1728,0.375,0.0011560693641618,0.8823529411764706,0.1176470588235294,0.1788751415231011
fbc_tfnbs,"e=0.6,h=9.0,n=30,start_thres=1.25,min_cluster_size=3",hub,0.25,30,12,40,1730,15,1,25,1729,0.375,0.0005780346820809,0.9375,0.0625,0.1788751415231011
fbc_tfnbs,"e=0.6,h=10.0,n=30,start_thres=1.25,min_cluster_size=3",hub,0.25,30,12,40,1730,15,1,25,1729,0.375,0.0005780346820809,0.9375,0.0625,0.1788751415231011
fbc_tfnbs,"e=0.7,h=0.5,n=30,start_thres=1.25,min_cluster_size=3",hub,0.25,30,12,40,1730,15,3,25,1727,0.375,0.0017341040462427,0.8333333333333334,0.1666666666666666,0.1788751415231011
fbc_tfnbs,"e=0.7,h=1.0,n=30,start_thres=1.25,min_cluster_size=3",hub,0.25,30,12,40,1730,15,3,25,1727,0.375,0.0017341040462427,0.8333333333333334,0.1666666666666666,0.1788751415231011
fbc_tfnbs,"e=0.7,h=2.0,n=30,start_thres=1.25,min_cluster_size=3",hub,0.25,30,12,40,1730,15,2,25,1728,0.375,0.0011560693641618,0.8823529411764706,0.1176470588235294,0.1788751415231011
fbc_tfnbs,"e=0.7,h=3.0,n=30,start_thres=1.25,min_cluster_size=3",hub,0.25,30,12,40,1730,15,2,25,1728,0.375,0.0011560693641618,0.8823529411764706,0.1176470588235294,0.1788751415231011
fbc_tfnbs,"e=0.7,h=4.0,n=30,start_thres=1.25,min_cluster_size=3",hub,0.25,30,12,40,1730,15,2,25,1728,0.375,0.0011560693641618,0.8823529411764706,0.1176470588235294,0.1788751415231011
fbc_tfnbs,"e=0.7,h=5.0,n=30,start_thres=1.25,min_cluster_size=3",hub,0.25,30,12,40,1730,15,2,25,1728,0.375,0.0011560693641618,0.8823529411764706,0.1176470588235294,0.1788751415231011
fbc_tfnbs,"e=0.7,h=6.0,n=30,start_thres=1.25,min_cluster_size=3",hub,0.25,30,12,40,1730,15,2,25,1728,0.375,0.0011560693641618,0.8823529411764706,0.1176470588235294,0.1788751415231011
fbc_tfnbs,"e=0.7,h=7.0,n=30,start_thres=1.25,min_cluster_size=3",hub,0.25,30,12,40,1730,15,2,25,1728,0.375,0.0011560693641618,0.8823529411764706,0.1176470588235294,0.1788751415231011
fbc_tfnbs,"e=0.7,h=8.0,n=30,start_thres=1.25,min_cluster_size=3",hub,0.25,30,12,40,1730,15,2,25,1728,0.375,0.0011560693641618,0.8823529411764706,0.1176470588235294,0.1788751415231011
fbc_tfnbs,"e=0.7,h=9.0,n=30,start_thres=1.25,min_cluster_size=3",hub,0.25,30,12,40,1730,15,2,25,1728,0.375,0.0011560693641618,0.8823529411764706,0.1176470588235294,0.1788751415231011
fbc_tfnbs,"e=0.7,h=10.0,n=30,start_thres=1.25,min_cluster_size=3",hub,0.25,30,12,40,1730,15,2,25,1728,0.375,0.0011560693641618,0.8823529411764706,0.1176470588235294,0.1788751415231011
fbc_tfnbs,"e=0.8,h=0.5,n=30,start_thres=1.25,min_cluster_size=3",hub,0.25,30,12,40,1730,13,2,27,1728,0.325,0.0011560693641618,0.8666666666666667,0.1333333333333333,0.1788751415231011
fbc_tfnbs,"e=0.8,h=1.0,n=30,start_thres=1.25,min_cluster_size=3",hub,0.25,30,12,40,1730,15,3,25,1727,0.375,0.0017341040462427,0.8333333333333334,0.1666666666666666,0.1788751415231011
fbc_tfnbs,"e=0.8,h=2.0,n=30,start_thres=1.25,min_cluster_size=3",hub,0.25,30,12,40,1730,15,3,25,1727,0.375,0.0017341040462427,0.8333333333333334,0.1666666666666666,0.1788751415231011
fbc_tfnbs,"e=0.8,h=3.0,n=30,start_thres=1.25,min_cluster_size=3",hub,0.25,30,12,40,1730,16,2,24,1728,0.4,0.0011560693641618,0.8888888888888888,0.1111111111111111,0.1788751415231011
fbc_tfnbs,"e=0.8,h=4.0,n=30,start_thres=1.25,min_cluster_size=3",hub,0.25,30,12,40,1730,16,2,24,1728,0.4,0.0011560693641618,0.8888888888888888,0.1111111111111111,0.1788751415231011
fbc_tfnbs,"e=0.8,h=5.0,n=30,start_thres=1.25,min_cluster_size=3",hub,0.25,30,12,40,1730,16,2,24,1728,0.4,0.0011560693641618,0.8888888888888888,0.1111111111111111,0.1788751415231011
fbc_tfnbs,"e=0.8,h=6.0,n=30,start_thres=1.25,min_cluster_size=3",hub,0.25,30,12,40,1730,16,2,24,1728,0.4,0.0011560693641618,0.8888888888888888,0.1111111111111111,0.1788751415231011
fbc_tfnbs,"e=0.8,h=7.0,n=30,start_thres=1.25,min_cluster_size=3",hub,0.25,30,12,40,1730,15,2,25,1728,0.375,0.0011560693641618,0.8823529411764706,0.1176470588235294,0.1788751415231011
fbc_tfnbs,"e=0.8,h=8.0,n=30,start_thres=1.25,min_cluster_size=3",hub,0.25,30,12,40,1730,15,2,25,1728,0.375,0.0011560693641618,0.8823529411764706,0.1176470588235294,0.1788751415231011
fbc_tfnbs,"e=0.8,h=9.0,n=30,start_thres=1.25,min_cluster_size=3",hub,0.25,30,12,40,1730,15,2,25,1728,0.375,0.0011560693641618,0.8823529411764706,0.1176470588235294,0.1788751415231011
fbc_tfnbs,"e=0.8,h=10.0,n=30,start_thres=1.25,min_cluster_size=3",hub,0.25,30,12,40,1730,15,2,25,1728,0.375,0.0011560693641618,0.8823529411764706,0.1176470588235294,0.1788751415231011
fbc_tfnbs,"e=0.9,h=0.5,n=30,start_thres=1.25,min_cluster_size=3",hub,0.25,30,12,40,1730,10,2,30,1728,0.25,0.0011560693641618,0.8333333333333334,0.1666666666666666,0.1788751415231011
fbc_tfnbs,"e=0.9,h=1.0,n=30,start_thres=1.25,min_cluster_size=3",hub,0.25,30,12,40,1730,15,3,25,1727,0.375,0.0017341040462427,0.8333333333333334,0.1666666666666666,0.1788751415231011
fbc_tfnbs,"e=0.9,h=2.0,n=30,start_thres=1.25,min_cluster_size=3",hub,0.25,30,12,40,1730,15,3,25,1727,0.375,0.0017341040462427,0.8333333333333334,0.1666666666666666,0.1788751415231011
fbc_tfnbs,"e=0.9,h=3.0,n=30,start_thres=1.25,min_cluster_size=3",hub,0.25,30,12,40,1730,16,3,24,1727,0.4,0.0017341040462427,0.8421052631578947,0.1578947368421052,0.1788751415231011
fbc_tfnbs,"e=0.9,h=4.0,n=30,start_thres=1.25,min_cluster_size=3",hub,0.25,30,12,40,1730,16,2,24,1728,0.4,0.0011560693641618,0.8888888888888888,0.1111111111111111,0.1788751415231011
fbc_tfnbs,"e=0.9,h=5.0,n=30,start_thres=1.25,min_cluster_size=3",hub,0.25,30,12,40,1730,16,2,24,1728,0.4,0.0011560693641618,0.8888888888888888,0.1111111111111111,0.1788751415231011
fbc_tfnbs,"e=0.9,h=6.0,n=30,start_thres=1.25,min_cluster_size=3",hub,0.25,30,12,40,1730,16,2,24,1728,0.4,0.0011560693641618,0.8888888888888888,0.1111111111111111,0.1788751415231011
fbc_tfnbs,"e=0.9,h=7.0,n=30,start_thres=1.25,min_cluster_size=3",hub,0.25,30,12,40,1730,16,2,24,1728,0.4,0.0011560693641618,0.8888888888888888,0.1111111111111111,0.1788751415231011
fbc_tfnbs,"e=0.9,h=8.0,n=30,start_thres=1.25,min_cluster_size=3",hub,0.25,30,12,40,1730,15,2,25,1728,0.375,0.0011560693641618,0.8823529411764706,0.1176470588235294,0.1788751415231011
fbc_tfnbs,"e=0.9,h=9.0,n=30,start_thres=1.25,min_cluster_size=3",hub,0.25,30,12,40,1730,15,2,25,1728,0.375,0.0011560693641618,0.8823529411764706,0.1176470588235294,0.1788751415231011
fbc_tfnbs,"e=0.9,h=10.0,n=30,start_thres=1.25,min_cluster_size=3",hub,0.25,30,12,40,1730,15,2,25,1728,0.375,0.0011560693641618,0.8823529411764706,0.1176470588235294,0.1788751415231011
fbc_tfnbs,"e=1.0,h=0.5,n=30,start_thres=1.25,min_cluster_size=3",hub,0.25,30,12,40,1730,11,3,29,1727,0.275,0.0017341040462427,0.7857142857142857,0.2142857142857142,0.1788751415231011
fbc_tfnbs,"e=1.0,h=1.0,n=30,start_thres=1.25,min_cluster_size=3",hub,0.25,30,12,40,1730,14,3,26,1727,0.35,0.0017341040462427,0.8235294117647058,0.1764705882352941,0.1788751415231011
fbc_tfnbs,"e=1.0,h=2.0,n=30,start_thres=1.25,min_cluster_size=3",hub,0.25,30,12,40,1730,15,3,25,1727,0.375,0.0017341040462427,0.8333333333333334,0.1666666666666666,0.1788751415231011
fbc_tfnbs,"e=1.0,h=3.0,n=30,start_thres=1.25,min_cluster_size=3",hub,0.25,30,12,40,1730,16,3,24,1727,0.4,0.0017341040462427,0.8421052631578947,0.1578947368421052,0.1788751415231011
fbc_tfnbs,"e=1.0,h=4.0,n=30,start_thres=1.25,min_cluster_size=3",hub,0.25,30,12,40,1730,16,3,24,1727,0.4,0.0017341040462427,0.8421052631578947,0.1578947368421052,0.1788751415231011
fbc_tfnbs,"e=1.0,h=5.0,n=30,start_thres=1.25,min_cluster_size=3",hub,0.25,30,12,40,1730,16,2,24,1728,0.4,0.0011560693641618,0.8888888888888888,0.1111111111111111,0.1788751415231011
fbc_tfnbs,"e=1.0,h=6.0,n=30,start_thres=1.25,min_cluster_size=3",hub,0.25,30,12,40,1730,16,2,24,1728,0.4,0.0011560693641618,0.8888888888888888,0.1111111111111111,0.1788751415231011
fbc_tfnbs,"e=1.0,h=7.0,n=30,start_thres=1.25,min_cluster_size=3",hub,0.25,30,12,40,1730,16,2,24,1728,0.4,0.0011560693641618,0.8888888888888888,0.1111111111111111,0.1788751415231011
fbc_tfnbs,"e=1.0,h=8.0,n=30,start_thres=1.25,min_cluster_size=3",hub,0.25,30,12,40,1730,16,2,24,1728,0.4,0.0011560693641618,0.8888888888888888,0.1111111111111111,0.1788751415231011
fbc_tfnbs,"e=1.0,h=9.0,n=30,start_thres=1.25,min_cluster_size=3",hub,0.25,30,12,40,1730,16,2,24,1728,0.4,0.0011560693641618,0.8888888888888888,0.1111111111111111,0.1788751415231011
fbc_tfnbs,"e=1.0,h=10.0,n=30,start_thres=1.25,min_cluster_size=3",hub,0.25,30,12,40,1730,15,2,25,1728,0.375,0.0011560693641618,0.8823529411764706,0.1176470588235294,0.1788751415231011
fbc_tfnbs,"e=1.1,h=0.5,n=30,start_thres=1.25,min_cluster_size=3",hub,0.25,30,12,40,1730,11,3,29,1727,0.275,0.0017341040462427,0.7857142857142857,0.2142857142857142,0.1788751415231011
fbc_tfnbs,"e=1.1,h=1.0,n=30,start_thres=1.25,min_cluster_size=3",hub,0.25,30,12,40,1730,11,3,29,1727,0.275,0.0017341040462427,0.7857142857142857,0.2142857142857142,0.1788751415231011
fbc_tfnbs,"e=1.1,h=2.0,n=30,start_thres=1.25,min_cluster_size=3",hub,0.25,30,12,40,1730,16,4,24,1726,0.4,0.0023121387283236,0.8,0.2,0.1788751415231011
fbc_tfnbs,"e=1.1,h=3.0,n=30,start_thres=1.25,min_cluster_size=3",hub,0.25,30,12,40,1730,16,3,24,1727,0.4,0.0017341040462427,0.8421052631578947,0.1578947368421052,0.1788751415231011
fbc_tfnbs,"e=1.1,h=4.0,n=30,start_thres=1.25,min_cluster_size=3",hub,0.25,30,12,40,1730,16,3,24,1727,0.4,0.0017341040462427,0.8421052631578947,0.1578947368421052,0.1788751415231011
fbc_tfnbs,"e=1.1,h=5.0,n=30,start_thres=1.25,min_cluster_size=3",hub,0.25,30,12,40,1730,16,3,24,1727,0.4,0.0017341040462427,0.8421052631578947,0.1578947368421052,0.1788751415231011
fbc_tfnbs,"e=1.1,h=6.0,n=30,start_thres=1.25,min_cluster_size=3",hub,0.25,30,12,40,1730,16,2,24,1728,0.4,0.0011560693641618,0.8888888888888888,0.1111111111111111,0.1788751415231011
fbc_tfnbs,"e=1.1,h=7.0,n=30,start_thres=1.25,min_cluster_size=3",hub,0.25,30,12,40,1730,16,2,24,1728,0.4,0.0011560693641618,0.8888888888888888,0.1111111111111111,0.1788751415231011
fbc_tfnbs,"e=1.1,h=8.0,n=30,start_thres=1.25,min_cluster_size=3",hub,0.25,30,12,40,1730,16,2,24,1728,0.4,0.0011560693641618,0.8888888888888888,0.1111111111111111,0.1788751415231011
fbc_tfnbs,"e=1.1,h=9.0,n=30,start_thres=1.25,min_cluster_size=3",hub,0.25,30,12,40,1730,16,2,24,1728,0.4,0.0011560693641618,0.8888888888888888,0.1111111111111111,0.1788751415231011
fbc_tfnbs,"e=1.1,h=10.0,n=30,start_thres=1.25,min_cluster_size=3",hub,0.25,30,12,40,1730,16,2,24,1728,0.4,0.0011560693641618,0.8888888888888888,0.1111111111111111,0.1788751415231011
fbc_tfnbs,"e=1.2,h=0.5,n=30,start_thres=1.25,min_cluster_size=3",hub,0.25,30,12,40,1730,11,3,29,1727,0.275,0.0017341040462427,0.7857142857142857,0.2142857142857142,0.1788751415231011
fbc_tfnbs,"e=1.2,h=1.0,n=30,start_thres=1.25,min_cluster_size=3",hub,0.25,30,12,40,1730,11,3,29,1727,0.275,0.0017341040462427,0.7857142857142857,0.2142857142857142,0.1788751415231011
fbc_tfnbs,"e=1.2,h=2.0,n=30,start_thres=1.25,min_cluster_size=3",hub,0.25,30,12,40,1730,16,4,24,1726,0.4,0.0023121387283236,0.8,0.2,0.1788751415231011
fbc_tfnbs,"e=1.2,h=3.0,n=30,start_thres=1.25,min_cluster_size=3",hub,0.25,30,12,40,1730,17,4,23,1726,0.425,0.0023121387283236,0.8095238095238095,0.1904761904761904,0.1788751415231011
fbc_tfnbs,"e=1.2,h=4.0,n=30,start_thres=1.25,min_cluster_size=3",hub,0.25,30,12,40,1730,16,3,24,1727,0.4,0.0017341040462427,0.8421052631578947,0.1578947368421052,0.1788751415231011
fbc_tfnbs,"e=1.2,h=5.0,n=30,start_thres=1.25,min_cluster_size=3",hub,0.25,30,12,40,1730,16,3,24,1727,0.4,0.0017341040462427,0.8421052631578947,0.1578947368421052,0.1788751415231011
fbc_tfnbs,"e=1.2,h=6.0,n=30,start_thres=1.25,min_cluster_size=3",hub,0.25,30,12,40,1730,16,3,24,1727,0.4,0.0017341040462427,0.8421052631578947,0.1578947368421052,0.1788751415231011
fbc_tfnbs,"e=1.2,h=7.0,n=30,start_thres=1.25,min_cluster_size=3",hub,0.25,30,12,40,1730,16,2,24,1728,0.4,0.0011560693641618,0.8888888888888888,0.1111111111111111,0.1788751415231011
fbc_tfnbs,"e=1.2,h=8.0,n=30,start_thres=1.25,min_cluster_size=3",hub,0.25,30,12,40,1730,16,2,24,1728,0.4,0.0011560693641618,0.8888888888888888,0.1111111111111111,0.1788751415231011
fbc_tfnbs,"e=1.2,h=9.0,n=30,start_thres=1.25,min_cluster_size=3",hub,0.25,30,12,40,1730,16,2,24,1728,0.4,0.0011560693641618,0.8888888888888888,0.1111111111111111,0.1788751415231011
fbc_tfnbs,"e=1.2,h=10.0,n=30,start_thres=1.25,min_cluster_size=3",hub,0.25,30,12,40,1730,16,2,24,1728,0.4,0.0011560693641618,0.8888888888888888,0.1111111111111111,0.1788751415231011
fbc_tfnbs,"e=1.3,h=0.5,n=30,start_thres=1.25,min_cluster_size=3",hub,0.25,30,12,40,1730,11,3,29,1727,0.275,0.0017341040462427,0.7857142857142857,0.2142857142857142,0.1788751415231011
fbc_tfnbs,"e=1.3,h=1.0,n=30,start_thres=1.25,min_cluster_size=3",hub,0.25,30,12,40,1730,11,3,29,1727,0.275,0.0017341040462427,0.7857142857142857,0.2142857142857142,0.1788751415231011
fbc_tfnbs,"e=1.3,h=2.0,n=30,start_thres=1.25,min_cluster_size=3",hub,0.25,30,12,40,1730,14,3,26,1727,0.35,0.0017341040462427,0.8235294117647058,0.1764705882352941,0.1788751415231011
fbc_tfnbs,"e=1.3,h=3.0,n=30,start_thres=1.25,min_cluster_size=3",hub,0.25,30,12,40,1730,17,4,23,1726,0.425,0.0023121387283236,0.8095238095238095,0.1904761904761904,0.1788751415231011
fbc_tfnbs,"e=1.3,h=4.0,n=30,start_thres=1.25,min_cluster_size=3",hub,0.25,30,12,40,1730,17,4,23,1726,0.425,0.0023121387283236,0.8095238095238095,0.1904761904761904,0.1788751415231011
fbc_tfnbs,"e=1.3,h=5.0,n=30,start_thres=1.25,min_cluster_size=3",hub,0.25,30,12,40,1730,16,3,24,1727,0.4,0.0017341040462427,0.8421052631578947,0.1578947368421052,0.1788751415231011
fbc_tfnbs,"e=1.3,h=6.0,n=30,start_thres=1.25,min_cluster_size=3",hub,0.25,30,12,40,1730,16,3,24,1727,0.4,0.0017341040462427,0.8421052631578947,0.1578947368421052,0.1788751415231011
fbc_tfnbs,"e=1.3,h=7.0,n=30,start_thres=1.25,min_cluster_size=3",hub,0.25,30,12,40,1730,16,3,24,1727,0.4,0.0017341040462427,0.8421052631578947,0.1578947368421052,0.1788751415231011
fbc_tfnbs,"e=1.3,h=8.0,n=30,start_thres=1.25,min_cluster_size=3",hub,0.25,30,12,40,1730,16,2,24,1728,0.4,0.0011560693641618,0.8888888888888888,0.1111111111111111,0.1788751415231011
fbc_tfnbs,"e=1.3,h=9.0,n=30,start_thres=1.25,min_cluster_size=3",hub,0.25,30,12,40,1730,16,2,24,1728,0.4,0.0011560693641618,0.8888888888888888,0.1111111111111111,0.1788751415231011
fbc_tfnbs,"e=1.3,h=10.0,n=30,start_thres=1.25,min_cluster_size=3",hub,0.25,30,12,40,1730,16,2,24,1728,0.4,0.0011560693641618,0.8888888888888888,0.1111111111111111,0.1788751415231011
fbc_tfnbs,"e=1.4,h=0.5,n=30,start_thres=1.25,min_cluster_size=3",hub,0.25,30,12,40,1730,11,3,29,1727,0.275,0.0017341040462427,0.7857142857142857,0.2142857142857142,0.1788751415231011
fbc_tfnbs,"e=1.4,h=1.0,n=30,start_thres=1.25,min_cluster_size=3",hub,0.25,30,12,40,1730,11,3,29,1727,0.275,0.0017341040462427,0.7857142857142857,0.2142857142857142,0.1788751415231011
fbc_tfnbs,"e=1.4,h=2.0,n=30,start_thres=1.25,min_cluster_size=3",hub,0.25,30,12,40,1730,11,3,29,1727,0.275,0.0017341040462427,0.7857142857142857,0.2142857142857142,0.1788751415231011
fbc_tfnbs,"e=1.4,h=3.0,n=30,start_thres=1.25,min_cluster_size=3",hub,0.25,30,12,40,1730,16,4,24,1726,0.4,0.0023121387283236,0.8,0.2,0.1788751415231011
fbc_tfnbs,"e=1.4,h=4.0,n=30,start_thres=1.25,min_cluster_size=3",hub,0.25,30,12,40,1730,17,4,23,1726,0.425,0.0023121387283236,0.8095238095238095,0.1904761904761904,0.1788751415231011
fbc_tfnbs,"e=1.4,h=5.0,n=30,start_thres=1.25,min_cluster_size=3",hub,0.25,30,12,40,1730,17,4,23,1726,0.425,0.0023121387283236,0.8095238095238095,0.1904761904761904,0.1788751415231011
fbc_tfnbs,"e=1.4,h=6.0,n=30,start_thres=1.25,min_cluster_size=3",hub,0.25,30,12,40,1730,16,3,24,1727,0.4,0.0017341040462427,0.8421052631578947,0.1578947368421052,0.1788751415231011
fbc_tfnbs,"e=1.4,h=7.0,n=30,start_thres=1.25,min_cluster_size=3",hub,0.25,30,12,40,1730,16,3,24,1727,0.4,0.0017341040462427,0.8421052631578947,0.1578947368421052,0.1788751415231011
fbc_tfnbs,"e=1.4,h=8.0,n=30,start_thres=1.25,min_cluster_size=3",hub,0.25,30,12,40,1730,16,3,24,1727,0.4,0.0017341040462427,0.8421052631578947,0.1578947368421052,0.1788751415231011
fbc_tfnbs,"e=1.4,h=9.0,n=30,start_thres=1.25,min_cluster_size=3",hub,0.25,30,12,40,1730,16,2,24,1728,0.4,0.0011560693641618,0.8888888888888888,0.1111111111111111,0.1788751415231011
fbc_tfnbs,"e=1.4,h=10.0,n=30,start_thres=1.25,min_cluster_size=3",hub,0.25,30,12,40,1730,16,2,24,1728,0.4,0.0011560693641618,0.8888888888888888,0.1111111111111111,0.1788751415231011
fbc_tfnbs,"e=1.5,h=0.5,n=30,start_thres=1.25,min_cluster_size=3",hub,0.25,30,12,40,1730,11,3,29,1727,0.275,0.0017341040462427,0.7857142857142857,0.2142857142857142,0.1788751415231011
fbc_tfnbs,"e=1.5,h=1.0,n=30,start_thres=1.25,min_cluster_size=3",hub,0.25,30,12,40,1730,11,3,29,1727,0.275,0.0017341040462427,0.7857142857142857,0.2142857142857142,0.1788751415231011
fbc_tfnbs,"e=1.5,h=2.0,n=30,start_thres=1.25,min_cluster_size=3",hub,0.25,30,12,40,1730,11,3,29,1727,0.275,0.0017341040462427,0.7857142857142857,0.2142857142857142,0.1788751415231011
fbc_tfnbs,"e=1.5,h=3.0,n=30,start_thres=1.25,min_cluster_size=3",hub,0.25,30,12,40,1730,16,4,24,1726,0.4,0.0023121387283236,0.8,0.2,0.1788751415231011
fbc_tfnbs,"e=1.5,h=4.0,n=30,start_thres=1.25,min_cluster_size=3",hub,0.25,30,12,40,1730,17,4,23,1726,0.425,0.0023121387283236,0.8095238095238095,0.1904761904761904,0.1788751415231011
fbc_tfnbs,"e=1.5,h=5.0,n=30,start_thres=1.25,min_cluster_size=3",hub,0.25,30,12,40,1730,17,4,23,1726,0.425,0.0023121387283236,0.8095238095238095,0.1904761904761904,0.1788751415231011
fbc_tfnbs,"e=1.5,h=6.0,n=30,start_thres=1.25,min_cluster_size=3",hub,0.25,30,12,40,1730,17,4,23,1726,0.425,0.0023121387283236,0.8095238095238095,0.1904761904761904,0.1788751415231011
fbc_tfnbs,"e=1.5,h=7.0,n=30,start_thres=1.25,min_cluster_size=3",hub,0.25,30,12,40,1730,16,3,24,1727,0.4,0.0017341040462427,0.8421052631578947,0.1578947368421052,0.1788751415231011
fbc_tfnbs,"e=1.5,h=8.0,n=30,start_thres=1.25,min_cluster_size=3",hub,0.25,30,12,40,1730,16,3,24,1727,0.4,0.0017341040462427,0.8421052631578947,0.1578947368421052,0.1788751415231011
fbc_tfnbs,"e=1.5,h=9.0,n=30,start_thres=1.25,min_cluster_size=3",hub,0.25,30,12,40,1730,16,3,24,1727,0.4,0.0017341040462427,0.8421052631578947,0.1578947368421052,0.1788751415231011
fbc_tfnbs,"e=1.5,h=10.0,n=30,start_thres=1.25,min_cluster_size=3",hub,0.25,30,12,40,1730,16,2,24,1728,0.4,0.0011560693641618,0.8888888888888888,0.1111111111111111,0.1788751415231011
fbc_tfnbs,"e=0.05,h=0.5,n=30,start_thres=1.25,min_cluster_size=3",hub,0.25,30,13,40,1730,9,4,31,1726,0.225,0.0023121387283236,0.6923076923076923,0.3076923076923077,0.1746630329977382
fbc_tfnbs,"e=0.05,h=1.0,n=30,start_thres=1.25,min_cluster_size=3",hub,0.25,30,13,40,1730,9,4,31,1726,0.225,0.0023121387283236,0.6923076923076923,0.3076923076923077,0.1746630329977382
fbc_tfnbs,"e=0.05,h=2.0,n=30,start_thres=1.25,min_cluster_size=3",hub,0.25,30,13,40,1730,7,4,33,1726,0.175,0.0023121387283236,0.6363636363636364,0.3636363636363636,0.1746630329977382
fbc_tfnbs,"e=0.05,h=3.0,n=30,start_thres=1.25,min_cluster_size=3",hub,0.25,30,13,40,1730,7,4,33,1726,0.175,0.0023121387283236,0.6363636363636364,0.3636363636363636,0.1746630329977382
fbc_tfnbs,"e=0.05,h=4.0,n=30,start_thres=1.25,min_cluster_size=3",hub,0.25,30,13,40,1730,7,4,33,1726,0.175,0.0023121387283236,0.6363636363636364,0.3636363636363636,0.1746630329977382
fbc_tfnbs,"e=0.05,h=5.0,n=30,start_thres=1.25,min_cluster_size=3",hub,0.25,30,13,40,1730,7,4,33,1726,0.175,0.0023121387283236,0.6363636363636364,0.3636363636363636,0.1746630329977382
fbc_tfnbs,"e=0.05,h=6.0,n=30,start_thres=1.25,min_cluster_size=3",hub,0.25,30,13,40,1730,7,4,33,1726,0.175,0.0023121387283236,0.6363636363636364,0.3636363636363636,0.1746630329977382
fbc_tfnbs,"e=0.05,h=7.0,n=30,start_thres=1.25,min_cluster_size=3",hub,0.25,30,13,40,1730,7,4,33,1726,0.175,0.0023121387283236,0.6363636363636364,0.3636363636363636,0.1746630329977382
fbc_tfnbs,"e=0.05,h=8.0,n=30,start_thres=1.25,min_cluster_size=3",hub,0.25,30,13,40,1730,7,4,33,1726,0.175,0.0023121387283236,0.6363636363636364,0.3636363636363636,0.1746630329977382
fbc_tfnbs,"e=0.05,h=9.0,n=30,start_thres=1.25,min_cluster_size=3",hub,0.25,30,13,40,1730,7,4,33,1726,0.175,0.0023121387283236,0.6363636363636364,0.3636363636363636,0.1746630329977382
fbc_tfnbs,"e=0.05,h=10.0,n=30,start_thres=1.25,min_cluster_size=3",hub,0.25,30,13,40,1730,7,4,33,1726,0.175,0.0023121387283236,0.6363636363636364,0.3636363636363636,0.1746630329977382
fbc_tfnbs,"e=0.1,h=0.5,n=30,start_thres=1.25,min_cluster_size=3",hub,0.25,30,13,40,1730,9,4,31,1726,0.225,0.0023121387283236,0.6923076923076923,0.3076923076923077,0.1746630329977382
fbc_tfnbs,"e=0.1,h=1.0,n=30,start_thres=1.25,min_cluster_size=3",hub,0.25,30,13,40,1730,9,4,31,1726,0.225,0.0023121387283236,0.6923076923076923,0.3076923076923077,0.1746630329977382
fbc_tfnbs,"e=0.1,h=2.0,n=30,start_thres=1.25,min_cluster_size=3",hub,0.25,30,13,40,1730,9,4,31,1726,0.225,0.0023121387283236,0.6923076923076923,0.3076923076923077,0.1746630329977382
fbc_tfnbs,"e=0.1,h=3.0,n=30,start_thres=1.25,min_cluster_size=3",hub,0.25,30,13,40,1730,9,4,31,1726,0.225,0.0023121387283236,0.6923076923076923,0.3076923076923077,0.1746630329977382
fbc_tfnbs,"e=0.1,h=4.0,n=30,start_thres=1.25,min_cluster_size=3",hub,0.25,30,13,40,1730,9,4,31,1726,0.225,0.0023121387283236,0.6923076923076923,0.3076923076923077,0.1746630329977382
fbc_tfnbs,"e=0.1,h=5.0,n=30,start_thres=1.25,min_cluster_size=3",hub,0.25,30,13,40,1730,9,4,31,1726,0.225,0.0023121387283236,0.6923076923076923,0.3076923076923077,0.1746630329977382
fbc_tfnbs,"e=0.1,h=6.0,n=30,start_thres=1.25,min_cluster_size=3",hub,0.25,30,13,40,1730,9,4,31,1726,0.225,0.0023121387283236,0.6923076923076923,0.3076923076923077,0.1746630329977382
fbc_tfnbs,"e=0.1,h=7.0,n=30,start_thres=1.25,min_cluster_size=3",hub,0.25,30,13,40,1730,7,4,33,1726,0.175,0.0023121387283236,0.6363636363636364,0.3636363636363636,0.1746630329977382
fbc_tfnbs,"e=0.1,h=8.0,n=30,start_thres=1.25,min_cluster_size=3",hub,0.25,30,13,40,1730,7,4,33,1726,0.175,0.0023121387283236,0.6363636363636364,0.3636363636363636,0.1746630329977382
fbc_tfnbs,"e=0.1,h=9.0,n=30,start_thres=1.25,min_cluster_size=3",hub,0.25,30,13,40,1730,7,4,33,1726,0.175,0.0023121387283236,0.6363636363636364,0.3636363636363636,0.1746630329977382
fbc_tfnbs,"e=0.1,h=10.0,n=30,start_thres=1.25,min_cluster_size=3",hub,0.25,30,13,40,1730,7,4,33,1726,0.175,0.0023121387283236,0.6363636363636364,0.3636363636363636,0.1746630329977382
fbc_tfnbs,"e=0.2,h=0.5,n=30,start_thres=1.25,min_cluster_size=3",hub,0.25,30,13,40,1730,10,6,30,1724,0.25,0.0034682080924855,0.625,0.375,0.1746630329977382
fbc_tfnbs,"e=0.2,h=1.0,n=30,start_thres=1.25,min_cluster_size=3",hub,0.25,30,13,40,1730,10,6,30,1724,0.25,0.0034682080924855,0.625,0.375,0.1746630329977382
fbc_tfnbs,"e=0.2,h=2.0,n=30,start_thres=1.25,min_cluster_size=3",hub,0.25,30,13,40,1730,10,6,30,1724,0.25,0.0034682080924855,0.625,0.375,0.1746630329977382
fbc_tfnbs,"e=0.2,h=3.0,n=30,start_thres=1.25,min_cluster_size=3",hub,0.25,30,13,40,1730,10,6,30,1724,0.25,0.0034682080924855,0.625,0.375,0.1746630329977382
fbc_tfnbs,"e=0.2,h=4.0,n=30,start_thres=1.25,min_cluster_size=3",hub,0.25,30,13,40,1730,9,4,31,1726,0.225,0.0023121387283236,0.6923076923076923,0.3076923076923077,0.1746630329977382
fbc_tfnbs,"e=0.2,h=5.0,n=30,start_thres=1.25,min_cluster_size=3",hub,0.25,30,13,40,1730,9,4,31,1726,0.225,0.0023121387283236,0.6923076923076923,0.3076923076923077,0.1746630329977382
fbc_tfnbs,"e=0.2,h=6.0,n=30,start_thres=1.25,min_cluster_size=3",hub,0.25,30,13,40,1730,9,4,31,1726,0.225,0.0023121387283236,0.6923076923076923,0.3076923076923077,0.1746630329977382
fbc_tfnbs,"e=0.2,h=7.0,n=30,start_thres=1.25,min_cluster_size=3",hub,0.25,30,13,40,1730,9,4,31,1726,0.225,0.0023121387283236,0.6923076923076923,0.3076923076923077,0.1746630329977382
fbc_tfnbs,"e=0.2,h=8.0,n=30,start_thres=1.25,min_cluster_size=3",hub,0.25,30,13,40,1730,9,4,31,1726,0.225,0.0023121387283236,0.6923076923076923,0.3076923076923077,0.1746630329977382
fbc_tfnbs,"e=0.2,h=9.0,n=30,start_thres=1.25,min_cluster_size=3",hub,0.25,30,13,40,1730,9,4,31,1726,0.225,0.0023121387283236,0.6923076923076923,0.3076923076923077,0.1746630329977382
fbc_tfnbs,"e=0.2,h=10.0,n=30,start_thres=1.25,min_cluster_size=3",hub,0.25,30,13,40,1730,9,4,31,1726,0.225,0.0023121387283236,0.6923076923076923,0.3076923076923077,0.1746630329977382
fbc_tfnbs,"e=0.3,h=0.5,n=30,start_thres=1.25,min_cluster_size=3",hub,0.25,30,13,40,1730,11,8,29,1722,0.275,0.0046242774566473,0.5789473684210527,0.4210526315789473,0.1746630329977382
fbc_tfnbs,"e=0.3,h=1.0,n=30,start_thres=1.25,min_cluster_size=3",hub,0.25,30,13,40,1730,11,8,29,1722,0.275,0.0046242774566473,0.5789473684210527,0.4210526315789473,0.1746630329977382
fbc_tfnbs,"e=0.3,h=2.0,n=30,start_thres=1.25,min_cluster_size=3",hub,0.25,30,13,40,1730,11,8,29,1722,0.275,0.0046242774566473,0.5789473684210527,0.4210526315789473,0.1746630329977382
fbc_tfnbs,"e=0.3,h=3.0,n=30,start_thres=1.25,min_cluster_size=3",hub,0.25,30,13,40,1730,10,6,30,1724,0.25,0.0034682080924855,0.625,0.375,0.1746630329977382
fbc_tfnbs,"e=0.3,h=4.0,n=30,start_thres=1.25,min_cluster_size=3",hub,0.25,30,13,40,1730,10,6,30,1724,0.25,0.0034682080924855,0.625,0.375,0.1746630329977382
fbc_tfnbs,"e=0.3,h=5.0,n=30,start_thres=1.25,min_cluster_size=3",hub,0.25,30,13,40,1730,10,6,30,1724,0.25,0.0034682080924855,0.625,0.375,0.1746630329977382
fbc_tfnbs,"e=0.3,h=6.0,n=30,start_thres=1.25,min_cluster_size=3",hub,0.25,30,13,40,1730,10,6,30,1724,0.25,0.0034682080924855,0.625,0.375,0.1746630329977382
fbc_tfnbs,"e=0.3,h=7.0,n=30,start_thres=1.25,min_cluster_size=3",hub,0.25,30,13,40,1730,9,4,31,1726,0.225,0.0023121387283236,0.6923076923076923,0.3076923076923077,0.1746630329977382
fbc_tfnbs,"e=0.3,h=8.0,n=30,start_thres=1.25,min_cluster_size=3",hub,0.25,30,13,40,1730,9,4,31,1726,0.225,0.0023121387283236,0.6923076923076923,0.3076923076923077,0.1746630329977382
fbc_tfnbs,"e=0.3,h=9.0,n=30,start_thres=1.25,min_cluster_size=3",hub,0.25,30,13,40,1730,9,4,31,1726,0.225,0.0023121387283236,0.6923076923076923,0.3076923076923077,0.1746630329977382
fbc_tfnbs,"e=0.3,h=10.0,n=30,start_thres=1.25,min_cluster_size=3",hub,0.25,30,13,40,1730,9,4,31,1726,0.225,0.0023121387283236,0.6923076923076923,0.3076923076923077,0.1746630329977382
fbc_tfnbs,"e=0.4,h=0.5,n=30,start_thres=1.25,min_cluster_size=3",hub,0.25,30,13,40,1730,11,8,29,1722,0.275,0.0046242774566473,0.5789473684210527,0.4210526315789473,0.1746630329977382
fbc_tfnbs,"e=0.4,h=1.0,n=30,start_thres=1.25,min_cluster_size=3",hub,0.25,30,13,40,1730,11,8,29,1722,0.275,0.0046242774566473,0.5789473684210527,0.4210526315789473,0.1746630329977382
fbc_tfnbs,"e=0.4,h=2.0,n=30,start_thres=1.25,min_cluster_size=3",hub,0.25,30,13,40,1730,11,8,29,1722,0.275,0.0046242774566473,0.5789473684210527,0.4210526315789473,0.1746630329977382
fbc_tfnbs,"e=0.4,h=3.0,n=30,start_thres=1.25,min_cluster_size=3",hub,0.25,30,13,40,1730,11,8,29,1722,0.275,0.0046242774566473,0.5789473684210527,0.4210526315789473,0.1746630329977382
fbc_tfnbs,"e=0.4,h=4.0,n=30,start_thres=1.25,min_cluster_size=3",hub,0.25,30,13,40,1730,11,8,29,1722,0.275,0.0046242774566473,0.5789473684210527,0.4210526315789473,0.1746630329977382
fbc_tfnbs,"e=0.4,h=5.0,n=30,start_thres=1.25,min_cluster_size=3",hub,0.25,30,13,40,1730,10,6,30,1724,0.25,0.0034682080924855,0.625,0.375,0.1746630329977382
fbc_tfnbs,"e=0.4,h=6.0,n=30,start_thres=1.25,min_cluster_size=3",hub,0.25,30,13,40,1730,10,6,30,1724,0.25,0.0034682080924855,0.625,0.375,0.1746630329977382
fbc_tfnbs,"e=0.4,h=7.0,n=30,start_thres=1.25,min_cluster_size=3",hub,0.25,30,13,40,1730,10,6,30,1724,0.25,0.0034682080924855,0.625,0.375,0.1746630329977382
fbc_tfnbs,"e=0.4,h=8.0,n=30,start_thres=1.25,min_cluster_size=3",hub,0.25,30,13,40,1730,10,6,30,1724,0.25,0.0034682080924855,0.625,0.375,0.1746630329977382
fbc_tfnbs,"e=0.4,h=9.0,n=30,start_thres=1.25,min_cluster_size=3",hub,0.25,30,13,40,1730,10,6,30,1724,0.25,0.0034682080924855,0.625,0.375,0.1746630329977382
fbc_tfnbs,"e=0.4,h=10.0,n=30,start_thres=1.25,min_cluster_size=3",hub,0.25,30,13,40,1730,10,6,30,1724,0.25,0.0034682080924855,0.625,0.375,0.1746630329977382
fbc_tfnbs,"e=0.5,h=0.5,n=30,start_thres=1.25,min_cluster_size=3",hub,0.25,30,13,40,1730,11,10,29,1720,0.275,0.0057803468208092,0.5238095238095238,0.4761904761904761,0.1746630329977382
fbc_tfnbs,"e=0.5,h=1.0,n=30,start_thres=1.25,min_cluster_size=3",hub,0.25,30,13,40,1730,11,10,29,1720,0.275,0.0057803468208092,0.5238095238095238,0.4761904761904761,0.1746630329977382
fbc_tfnbs,"e=0.5,h=2.0,n=30,start_thres=1.25,min_cluster_size=3",hub,0.25,30,13,40,1730,11,8,29,1722,0.275,0.0046242774566473,0.5789473684210527,0.4210526315789473,0.1746630329977382
fbc_tfnbs,"e=0.5,h=3.0,n=30,start_thres=1.25,min_cluster_size=3",hub,0.25,30,13,40,1730,11,8,29,1722,0.275,0.0046242774566473,0.5789473684210527,0.4210526315789473,0.1746630329977382
fbc_tfnbs,"e=0.5,h=4.0,n=30,start_thres=1.25,min_cluster_size=3",hub,0.25,30,13,40,1730,11,8,29,1722,0.275,0.0046242774566473,0.5789473684210527,0.4210526315789473,0.1746630329977382
fbc_tfnbs,"e=0.5,h=5.0,n=30,start_thres=1.25,min_cluster_size=3",hub,0.25,30,13,40,1730,11,8,29,1722,0.275,0.0046242774566473,0.5789473684210527,0.4210526315789473,0.1746630329977382
fbc_tfnbs,"e=0.5,h=6.0,n=30,start_thres=1.25,min_cluster_size=3",hub,0.25,30,13,40,1730,11,8,29,1722,0.275,0.0046242774566473,0.5789473684210527,0.4210526315789473,0.1746630329977382
fbc_tfnbs,"e=0.5,h=7.0,n=30,start_thres=1.25,min_cluster_size=3",hub,0.25,30,13,40,1730,11,8,29,1722,0.275,0.0046242774566473,0.5789473684210527,0.4210526315789473,0.1746630329977382
fbc_tfnbs,"e=0.5,h=8.0,n=30,start_thres=1.25,min_cluster_size=3",hub,0.25,30,13,40,1730,10,6,30,1724,0.25,0.0034682080924855,0.625,0.375,0.1746630329977382
fbc_tfnbs,"e=0.5,h=9.0,n=30,start_thres=1.25,min_cluster_size=3",hub,0.25,30,13,40,1730,10,6,30,1724,0.25,0.0034682080924855,0.625,0.375,0.1746630329977382
fbc_tfnbs,"e=0.5,h=10.0,n=30,start_thres=1.25,min_cluster_size=3",hub,0.25,30,13,40,1730,10,6,30,1724,0.25,0.0034682080924855,0.625,0.375,0.1746630329977382
fbc_tfnbs,"e=0.6,h=0.5,n=30,start_thres=1.25,min_cluster_size=3",hub,0.25,30,13,40,1730,11,12,29,1718,0.275,0.006936416184971,0.4782608695652174,0.5217391304347826,0.1746630329977382
fbc_tfnbs,"e=0.6,h=1.0,n=30,start_thres=1.25,min_cluster_size=3",hub,0.25,30,13,40,1730,11,12,29,1718,0.275,0.006936416184971,0.4782608695652174,0.5217391304347826,0.1746630329977382
fbc_tfnbs,"e=0.6,h=2.0,n=30,start_thres=1.25,min_cluster_size=3",hub,0.25,30,13,40,1730,11,10,29,1720,0.275,0.0057803468208092,0.5238095238095238,0.4761904761904761,0.1746630329977382
fbc_tfnbs,"e=0.6,h=3.0,n=30,start_thres=1.25,min_cluster_size=3",hub,0.25,30,13,40,1730,11,8,29,1722,0.275,0.0046242774566473,0.5789473684210527,0.4210526315789473,0.1746630329977382
fbc_tfnbs,"e=0.6,h=4.0,n=30,start_thres=1.25,min_cluster_size=3",hub,0.25,30,13,40,1730,11,8,29,1722,0.275,0.0046242774566473,0.5789473684210527,0.4210526315789473,0.1746630329977382
fbc_tfnbs,"e=0.6,h=5.0,n=30,start_thres=1.25,min_cluster_size=3",hub,0.25,30,13,40,1730,11,8,29,1722,0.275,0.0046242774566473,0.5789473684210527,0.4210526315789473,0.1746630329977382
fbc_tfnbs,"e=0.6,h=6.0,n=30,start_thres=1.25,min_cluster_size=3",hub,0.25,30,13,40,1730,11,8,29,1722,0.275,0.0046242774566473,0.5789473684210527,0.4210526315789473,0.1746630329977382
fbc_tfnbs,"e=0.6,h=7.0,n=30,start_thres=1.25,min_cluster_size=3",hub,0.25,30,13,40,1730,11,8,29,1722,0.275,0.0046242774566473,0.5789473684210527,0.4210526315789473,0.1746630329977382
fbc_tfnbs,"e=0.6,h=8.0,n=30,start_thres=1.25,min_cluster_size=3",hub,0.25,30,13,40,1730,11,8,29,1722,0.275,0.0046242774566473,0.5789473684210527,0.4210526315789473,0.1746630329977382
fbc_tfnbs,"e=0.6,h=9.0,n=30,start_thres=1.25,min_cluster_size=3",hub,0.25,30,13,40,1730,11,8,29,1722,0.275,0.0046242774566473,0.5789473684210527,0.4210526315789473,0.1746630329977382
fbc_tfnbs,"e=0.6,h=10.0,n=30,start_thres=1.25,min_cluster_size=3",hub,0.25,30,13,40,1730,10,6,30,1724,0.25,0.0034682080924855,0.625,0.375,0.1746630329977382
fbc_tfnbs,"e=0.7,h=0.5,n=30,start_thres=1.25,min_cluster_size=3",hub,0.25,30,13,40,1730,11,13,29,1717,0.275,0.007514450867052,0.4583333333333333,0.5416666666666666,0.1746630329977382
fbc_tfnbs,"e=0.7,h=1.0,n=30,start_thres=1.25,min_cluster_size=3",hub,0.25,30,13,40,1730,11,12,29,1718,0.275,0.006936416184971,0.4782608695652174,0.5217391304347826,0.1746630329977382
fbc_tfnbs,"e=0.7,h=2.0,n=30,start_thres=1.25,min_cluster_size=3",hub,0.25,30,13,40,1730,11,12,29,1718,0.275,0.006936416184971,0.4782608695652174,0.5217391304347826,0.1746630329977382
fbc_tfnbs,"e=0.7,h=3.0,n=30,start_thres=1.25,min_cluster_size=3",hub,0.25,30,13,40,1730,11,10,29,1720,0.275,0.0057803468208092,0.5238095238095238,0.4761904761904761,0.1746630329977382
fbc_tfnbs,"e=0.7,h=4.0,n=30,start_thres=1.25,min_cluster_size=3",hub,0.25,30,13,40,1730,11,10,29,1720,0.275,0.0057803468208092,0.5238095238095238,0.4761904761904761,0.1746630329977382
fbc_tfnbs,"e=0.7,h=5.0,n=30,start_thres=1.25,min_cluster_size=3",hub,0.25,30,13,40,1730,11,8,29,1722,0.275,0.0046242774566473,0.5789473684210527,0.4210526315789473,0.1746630329977382
fbc_tfnbs,"e=0.7,h=6.0,n=30,start_thres=1.25,min_cluster_size=3",hub,0.25,30,13,40,1730,11,8,29,1722,0.275,0.0046242774566473,0.5789473684210527,0.4210526315789473,0.1746630329977382
fbc_tfnbs,"e=0.7,h=7.0,n=30,start_thres=1.25,min_cluster_size=3",hub,0.25,30,13,40,1730,11,8,29,1722,0.275,0.0046242774566473,0.5789473684210527,0.4210526315789473,0.1746630329977382
fbc_tfnbs,"e=0.7,h=8.0,n=30,start_thres=1.25,min_cluster_size=3",hub,0.25,30,13,40,1730,11,8,29,1722,0.275,0.0046242774566473,0.5789473684210527,0.4210526315789473,0.1746630329977382
fbc_tfnbs,"e=0.7,h=9.0,n=30,start_thres=1.25,min_cluster_size=3",hub,0.25,30,13,40,1730,11,8,29,1722,0.275,0.0046242774566473,0.5789473684210527,0.4210526315789473,0.1746630329977382
fbc_tfnbs,"e=0.7,h=10.0,n=30,start_thres=1.25,min_cluster_size=3",hub,0.25,30,13,40,1730,11,8,29,1722,0.275,0.0046242774566473,0.5789473684210527,0.4210526315789473,0.1746630329977382
fbc_tfnbs,"e=0.8,h=0.5,n=30,start_thres=1.25,min_cluster_size=3",hub,0.25,30,13,40,1730,11,13,29,1717,0.275,0.007514450867052,0.4583333333333333,0.5416666666666666,0.1746630329977382
fbc_tfnbs,"e=0.8,h=1.0,n=30,start_thres=1.25,min_cluster_size=3",hub,0.25,30,13,40,1730,11,13,29,1717,0.275,0.007514450867052,0.4583333333333333,0.5416666666666666,0.1746630329977382
fbc_tfnbs,"e=0.8,h=2.0,n=30,start_thres=1.25,min_cluster_size=3",hub,0.25,30,13,40,1730,11,12,29,1718,0.275,0.006936416184971,0.4782608695652174,0.5217391304347826,0.1746630329977382
fbc_tfnbs,"e=0.8,h=3.0,n=30,start_thres=1.25,min_cluster_size=3",hub,0.25,30,13,40,1730,11,12,29,1718,0.275,0.006936416184971,0.4782608695652174,0.5217391304347826,0.1746630329977382
fbc_tfnbs,"e=0.8,h=4.0,n=30,start_thres=1.25,min_cluster_size=3",hub,0.25,30,13,40,1730,11,10,29,1720,0.275,0.0057803468208092,0.5238095238095238,0.4761904761904761,0.1746630329977382
fbc_tfnbs,"e=0.8,h=5.0,n=30,start_thres=1.25,min_cluster_size=3",hub,0.25,30,13,40,1730,11,10,29,1720,0.275,0.0057803468208092,0.5238095238095238,0.4761904761904761,0.1746630329977382
fbc_tfnbs,"e=0.8,h=6.0,n=30,start_thres=1.25,min_cluster_size=3",hub,0.25,30,13,40,1730,11,8,29,1722,0.275,0.0046242774566473,0.5789473684210527,0.4210526315789473,0.1746630329977382
fbc_tfnbs,"e=0.8,h=7.0,n=30,start_thres=1.25,min_cluster_size=3",hub,0.25,30,13,40,1730,11,8,29,1722,0.275,0.0046242774566473,0.5789473684210527,0.4210526315789473,0.1746630329977382
fbc_tfnbs,"e=0.8,h=8.0,n=30,start_thres=1.25,min_cluster_size=3",hub,0.25,30,13,40,1730,11,8,29,1722,0.275,0.0046242774566473,0.5789473684210527,0.4210526315789473,0.1746630329977382
fbc_tfnbs,"e=0.8,h=9.0,n=30,start_thres=1.25,min_cluster_size=3",hub,0.25,30,13,40,1730,11,8,29,1722,0.275,0.0046242774566473,0.5789473684210527,0.4210526315789473,0.1746630329977382
fbc_tfnbs,"e=0.8,h=10.0,n=30,start_thres=1.25,min_cluster_size=3",hub,0.25,30,13,40,1730,11,8,29,1722,0.275,0.0046242774566473,0.5789473684210527,0.4210526315789473,0.1746630329977382
fbc_tfnbs,"e=0.9,h=0.5,n=30,start_thres=1.25,min_cluster_size=3",hub,0.25,30,13,40,1730,11,13,29,1717,0.275,0.007514450867052,0.4583333333333333,0.5416666666666666,0.1746630329977382
fbc_tfnbs,"e=0.9,h=1.0,n=30,start_thres=1.25,min_cluster_size=3",hub,0.25,30,13,40,1730,11,13,29,1717,0.275,0.007514450867052,0.4583333333333333,0.5416666666666666,0.1746630329977382
fbc_tfnbs,"e=0.9,h=2.0,n=30,start_thres=1.25,min_cluster_size=3",hub,0.25,30,13,40,1730,11,13,29,1717,0.275,0.007514450867052,0.4583333333333333,0.5416666666666666,0.1746630329977382
fbc_tfnbs,"e=0.9,h=3.0,n=30,start_thres=1.25,min_cluster_size=3",hub,0.25,30,13,40,1730,11,12,29,1718,0.275,0.006936416184971,0.4782608695652174,0.5217391304347826,0.1746630329977382
fbc_tfnbs,"e=0.9,h=4.0,n=30,start_thres=1.25,min_cluster_size=3",hub,0.25,30,13,40,1730,11,12,29,1718,0.275,0.006936416184971,0.4782608695652174,0.5217391304347826,0.1746630329977382
fbc_tfnbs,"e=0.9,h=5.0,n=30,start_thres=1.25,min_cluster_size=3",hub,0.25,30,13,40,1730,11,10,29,1720,0.275,0.0057803468208092,0.5238095238095238,0.4761904761904761,0.1746630329977382
fbc_tfnbs,"e=0.9,h=6.0,n=30,start_thres=1.25,min_cluster_size=3",hub,0.25,30,13,40,1730,11,10,29,1720,0.275,0.0057803468208092,0.5238095238095238,0.4761904761904761,0.1746630329977382
fbc_tfnbs,"e=0.9,h=7.0,n=30,start_thres=1.25,min_cluster_size=3",hub,0.25,30,13,40,1730,11,8,29,1722,0.275,0.0046242774566473,0.5789473684210527,0.4210526315789473,0.1746630329977382
fbc_tfnbs,"e=0.9,h=8.0,n=30,start_thres=1.25,min_cluster_size=3",hub,0.25,30,13,40,1730,11,8,29,1722,0.275,0.0046242774566473,0.5789473684210527,0.4210526315789473,0.1746630329977382
fbc_tfnbs,"e=0.9,h=9.0,n=30,start_thres=1.25,min_cluster_size=3",hub,0.25,30,13,40,1730,11,8,29,1722,0.275,0.0046242774566473,0.5789473684210527,0.4210526315789473,0.1746630329977382
fbc_tfnbs,"e=0.9,h=10.0,n=30,start_thres=1.25,min_cluster_size=3",hub,0.25,30,13,40,1730,11,8,29,1722,0.275,0.0046242774566473,0.5789473684210527,0.4210526315789473,0.1746630329977382
fbc_tfnbs,"e=1.0,h=0.5,n=30,start_thres=1.25,min_cluster_size=3",hub,0.25,30,13,40,1730,11,18,29,1712,0.275,0.0104046242774566,0.3793103448275862,0.6206896551724138,0.1746630329977382
fbc_tfnbs,"e=1.0,h=1.0,n=30,start_thres=1.25,min_cluster_size=3",hub,0.25,30,13,40,1730,11,13,29,1717,0.275,0.007514450867052,0.4583333333333333,0.5416666666666666,0.1746630329977382
fbc_tfnbs,"e=1.0,h=2.0,n=30,start_thres=1.25,min_cluster_size=3",hub,0.25,30,13,40,1730,11,13,29,1717,0.275,0.007514450867052,0.4583333333333333,0.5416666666666666,0.1746630329977382
fbc_tfnbs,"e=1.0,h=3.0,n=30,start_thres=1.25,min_cluster_size=3",hub,0.25,30,13,40,1730,11,13,29,1717,0.275,0.007514450867052,0.4583333333333333,0.5416666666666666,0.1746630329977382
fbc_tfnbs,"e=1.0,h=4.0,n=30,start_thres=1.25,min_cluster_size=3",hub,0.25,30,13,40,1730,11,12,29,1718,0.275,0.006936416184971,0.4782608695652174,0.5217391304347826,0.1746630329977382
fbc_tfnbs,"e=1.0,h=5.0,n=30,start_thres=1.25,min_cluster_size=3",hub,0.25,30,13,40,1730,11,12,29,1718,0.275,0.006936416184971,0.4782608695652174,0.5217391304347826,0.1746630329977382
fbc_tfnbs,"e=1.0,h=6.0,n=30,start_thres=1.25,min_cluster_size=3",hub,0.25,30,13,40,1730,11,10,29,1720,0.275,0.0057803468208092,0.5238095238095238,0.4761904761904761,0.1746630329977382
fbc_tfnbs,"e=1.0,h=7.0,n=30,start_thres=1.25,min_cluster_size=3",hub,0.25,30,13,40,1730,11,10,29,1720,0.275,0.0057803468208092,0.5238095238095238,0.4761904761904761,0.1746630329977382
fbc_tfnbs,"e=1.0,h=8.0,n=30,start_thres=1.25,min_cluster_size=3",hub,0.25,30,13,40,1730,11,10,29,1720,0.275,0.0057803468208092,0.5238095238095238,0.4761904761904761,0.1746630329977382
fbc_tfnbs,"e=1.0,h=9.0,n=30,start_thres=1.25,min_cluster_size=3",hub,0.25,30,13,40,1730,11,8,29,1722,0.275,0.0046242774566473,0.5789473684210527,0.4210526315789473,0.1746630329977382
fbc_tfnbs,"e=1.0,h=10.0,n=30,start_thres=1.25,min_cluster_size=3",hub,0.25,30,13,40,1730,11,8,29,1722,0.275,0.0046242774566473,0.5789473684210527,0.4210526315789473,0.1746630329977382
fbc_tfnbs,"e=1.1,h=0.5,n=30,start_thres=1.25,min_cluster_size=3",hub,0.25,30,13,40,1730,11,18,29,1712,0.275,0.0104046242774566,0.3793103448275862,0.6206896551724138,0.1746630329977382
fbc_tfnbs,"e=1.1,h=1.0,n=30,start_thres=1.25,min_cluster_size=3",hub,0.25,30,13,40,1730,11,18,29,1712,0.275,0.0104046242774566,0.3793103448275862,0.6206896551724138,0.1746630329977382
fbc_tfnbs,"e=1.1,h=2.0,n=30,start_thres=1.25,min_cluster_size=3",hub,0.25,30,13,40,1730,11,13,29,1717,0.275,0.007514450867052,0.4583333333333333,0.5416666666666666,0.1746630329977382
fbc_tfnbs,"e=1.1,h=3.0,n=30,start_thres=1.25,min_cluster_size=3",hub,0.25,30,13,40,1730,11,13,29,1717,0.275,0.007514450867052,0.4583333333333333,0.5416666666666666,0.1746630329977382
fbc_tfnbs,"e=1.1,h=4.0,n=30,start_thres=1.25,min_cluster_size=3",hub,0.25,30,13,40,1730,11,13,29,1717,0.275,0.007514450867052,0.4583333333333333,0.5416666666666666,0.1746630329977382
fbc_tfnbs,"e=1.1,h=5.0,n=30,start_thres=1.25,min_cluster_size=3",hub,0.25,30,13,40,1730,11,12,29,1718,0.275,0.006936416184971,0.4782608695652174,0.5217391304347826,0.1746630329977382
fbc_tfnbs,"e=1.1,h=6.0,n=30,start_thres=1.25,min_cluster_size=3",hub,0.25,30,13,40,1730,11,12,29,1718,0.275,0.006936416184971,0.4782608695652174,0.5217391304347826,0.1746630329977382
fbc_tfnbs,"e=1.1,h=7.0,n=30,start_thres=1.25,min_cluster_size=3",hub,0.25,30,13,40,1730,11,10,29,1720,0.275,0.0057803468208092,0.5238095238095238,0.4761904761904761,0.1746630329977382
fbc_tfnbs,"e=1.1,h=8.0,n=30,start_thres=1.25,min_cluster_size=3",hub,0.25,30,13,40,1730,11,10,29,1720,0.275,0.0057803468208092,0.5238095238095238,0.4761904761904761,0.1746630329977382
fbc_tfnbs,"e=1.1,h=9.0,n=30,start_thres=1.25,min_cluster_size=3",hub,0.25,30,13,40,1730,11,10,29,1720,0.275,0.0057803468208092,0.5238095238095238,0.4761904761904761,0.1746630329977382
fbc_tfnbs,"e=1.1,h=10.0,n=30,start_thres=1.25,min_cluster_size=3",hub,0.25,30,13,40,1730,11,8,29,1722,0.275,0.0046242774566473,0.5789473684210527,0.4210526315789473,0.1746630329977382
fbc_tfnbs,"e=1.2,h=0.5,n=30,start_thres=1.25,min_cluster_size=3",hub,0.25,30,13,40,1730,11,18,29,1712,0.275,0.0104046242774566,0.3793103448275862,0.6206896551724138,0.1746630329977382
fbc_tfnbs,"e=1.2,h=1.0,n=30,start_thres=1.25,min_cluster_size=3",hub,0.25,30,13,40,1730,11,18,29,1712,0.275,0.0104046242774566,0.3793103448275862,0.6206896551724138,0.1746630329977382
fbc_tfnbs,"e=1.2,h=2.0,n=30,start_thres=1.25,min_cluster_size=3",hub,0.25,30,13,40,1730,11,18,29,1712,0.275,0.0104046242774566,0.3793103448275862,0.6206896551724138,0.1746630329977382
fbc_tfnbs,"e=1.2,h=3.0,n=30,start_thres=1.25,min_cluster_size=3",hub,0.25,30,13,40,1730,11,13,29,1717,0.275,0.007514450867052,0.4583333333333333,0.5416666666666666,0.1746630329977382
fbc_tfnbs,"e=1.2,h=4.0,n=30,start_thres=1.25,min_cluster_size=3",hub,0.25,30,13,40,1730,11,13,29,1717,0.275,0.007514450867052,0.4583333333333333,0.5416666666666666,0.1746630329977382
fbc_tfnbs,"e=1.2,h=5.0,n=30,start_thres=1.25,min_cluster_size=3",hub,0.25,30,13,40,1730,11,13,29,1717,0.275,0.007514450867052,0.4583333333333333,0.5416666666666666,0.1746630329977382
fbc_tfnbs,"e=1.2,h=6.0,n=30,start_thres=1.25,min_cluster_size=3",hub,0.25,30,13,40,1730,11,12,29,1718,0.275,0.006936416184971,0.4782608695652174,0.5217391304347826,0.1746630329977382
fbc_tfnbs,"e=1.2,h=7.0,n=30,start_thres=1.25,min_cluster_size=3",hub,0.25,30,13,40,1730,11,12,29,1718,0.275,0.006936416184971,0.4782608695652174,0.5217391304347826,0.1746630329977382
fbc_tfnbs,"e=1.2,h=8.0,n=30,start_thres=1.25,min_cluster_size=3",hub,0.25,30,13,40,1730,11,10,29,1720,0.275,0.0057803468208092,0.5238095238095238,0.4761904761904761,0.1746630329977382
fbc_tfnbs,"e=1.2,h=9.0,n=30,start_thres=1.25,min_cluster_size=3",hub,0.25,30,13,40,1730,11,10,29,1720,0.275,0.0057803468208092,0.5238095238095238,0.4761904761904761,0.1746630329977382
fbc_tfnbs,"e=1.2,h=10.0,n=30,start_thres=1.25,min_cluster_size=3",hub,0.25,30,13,40,1730,11,10,29,1720,0.275,0.0057803468208092,0.5238095238095238,0.4761904761904761,0.1746630329977382
fbc_tfnbs,"e=1.3,h=0.5,n=30,start_thres=1.25,min_cluster_size=3",hub,0.25,30,13,40,1730,11,19,29,1711,0.275,0.0109826589595375,0.3666666666666666,0.6333333333333333,0.1746630329977382
fbc_tfnbs,"e=1.3,h=1.0,n=30,start_thres=1.25,min_cluster_size=3",hub,0.25,30,13,40,1730,11,19,29,1711,0.275,0.0109826589595375,0.3666666666666666,0.6333333333333333,0.1746630329977382
fbc_tfnbs,"e=1.3,h=2.0,n=30,start_thres=1.25,min_cluster_size=3",hub,0.25,30,13,40,1730,11,18,29,1712,0.275,0.0104046242774566,0.3793103448275862,0.6206896551724138,0.1746630329977382
fbc_tfnbs,"e=1.3,h=3.0,n=30,start_thres=1.25,min_cluster_size=3",hub,0.25,30,13,40,1730,11,18,29,1712,0.275,0.0104046242774566,0.3793103448275862,0.6206896551724138,0.1746630329977382
fbc_tfnbs,"e=1.3,h=4.0,n=30,start_thres=1.25,min_cluster_size=3",hub,0.25,30,13,40,1730,11,13,29,1717,0.275,0.007514450867052,0.4583333333333333,0.5416666666666666,0.1746630329977382
fbc_tfnbs,"e=1.3,h=5.0,n=30,start_thres=1.25,min_cluster_size=3",hub,0.25,30,13,40,1730,11,13,29,1717,0.275,0.007514450867052,0.4583333333333333,0.5416666666666666,0.1746630329977382
fbc_tfnbs,"e=1.3,h=6.0,n=30,start_thres=1.25,min_cluster_size=3",hub,0.25,30,13,40,1730,11,13,29,1717,0.275,0.007514450867052,0.4583333333333333,0.5416666666666666,0.1746630329977382
fbc_tfnbs,"e=1.3,h=7.0,n=30,start_thres=1.25,min_cluster_size=3",hub,0.25,30,13,40,1730,11,12,29,1718,0.275,0.006936416184971,0.4782608695652174,0.5217391304347826,0.1746630329977382
fbc_tfnbs,"e=1.3,h=8.0,n=30,start_thres=1.25,min_cluster_size=3",hub,0.25,30,13,40,1730,11,12,29,1718,0.275,0.006936416184971,0.4782608695652174,0.5217391304347826,0.1746630329977382
fbc_tfnbs,"e=1.3,h=9.0,n=30,start_thres=1.25,min_cluster_size=3",hub,0.25,30,13,40,1730,11,10,29,1720,0.275,0.0057803468208092,0.5238095238095238,0.4761904761904761,0.1746630329977382
fbc_tfnbs,"e=1.3,h=10.0,n=30,start_thres=1.25,min_cluster_size=3",hub,0.25,30,13,40,1730,11,10,29,1720,0.275,0.0057803468208092,0.5238095238095238,0.4761904761904761,0.1746630329977382
fbc_tfnbs,"e=1.4,h=0.5,n=30,start_thres=1.25,min_cluster_size=3",hub,0.25,30,13,40,1730,11,19,29,1711,0.275,0.0109826589595375,0.3666666666666666,0.6333333333333333,0.1746630329977382
fbc_tfnbs,"e=1.4,h=1.0,n=30,start_thres=1.25,min_cluster_size=3",hub,0.25,30,13,40,1730,11,19,29,1711,0.275,0.0109826589595375,0.3666666666666666,0.6333333333333333,0.1746630329977382
fbc_tfnbs,"e=1.4,h=2.0,n=30,start_thres=1.25,min_cluster_size=3",hub,0.25,30,13,40,1730,11,19,29,1711,0.275,0.0109826589595375,0.3666666666666666,0.6333333333333333,0.1746630329977382
fbc_tfnbs,"e=1.4,h=3.0,n=30,start_thres=1.25,min_cluster_size=3",hub,0.25,30,13,40,1730,11,18,29,1712,0.275,0.0104046242774566,0.3793103448275862,0.6206896551724138,0.1746630329977382
fbc_tfnbs,"e=1.4,h=4.0,n=30,start_thres=1.25,min_cluster_size=3",hub,0.25,30,13,40,1730,11,13,29,1717,0.275,0.007514450867052,0.4583333333333333,0.5416666666666666,0.1746630329977382
fbc_tfnbs,"e=1.4,h=5.0,n=30,start_thres=1.25,min_cluster_size=3",hub,0.25,30,13,40,1730,11,13,29,1717,0.275,0.007514450867052,0.4583333333333333,0.5416666666666666,0.1746630329977382
fbc_tfnbs,"e=1.4,h=6.0,n=30,start_thres=1.25,min_cluster_size=3",hub,0.25,30,13,40,1730,11,13,29,1717,0.275,0.007514450867052,0.4583333333333333,0.5416666666666666,0.1746630329977382
fbc_tfnbs,"e=1.4,h=7.0,n=30,start_thres=1.25,min_cluster_size=3",hub,0.25,30,13,40,1730,11,12,29,1718,0.275,0.006936416184971,0.4782608695652174,0.5217391304347826,0.1746630329977382
fbc_tfnbs,"e=1.4,h=8.0,n=30,start_thres=1.25,min_cluster_size=3",hub,0.25,30,13,40,1730,11,12,29,1718,0.275,0.006936416184971,0.4782608695652174,0.5217391304347826,0.1746630329977382
fbc_tfnbs,"e=1.4,h=9.0,n=30,start_thres=1.25,min_cluster_size=3",hub,0.25,30,13,40,1730,11,12,29,1718,0.275,0.006936416184971,0.4782608695652174,0.5217391304347826,0.1746630329977382
fbc_tfnbs,"e=1.4,h=10.0,n=30,start_thres=1.25,min_cluster_size=3",hub,0.25,30,13,40,1730,11,10,29,1720,0.275,0.0057803468208092,0.5238095238095238,0.4761904761904761,0.1746630329977382
fbc_tfnbs,"e=1.5,h=0.5,n=30,start_thres=1.25,min_cluster_size=3",hub,0.25,30,13,40,1730,11,30,29,1700,0.275,0.0173410404624277,0.2682926829268293,0.7317073170731707,0.1746630329977382
fbc_tfnbs,"e=1.5,h=1.0,n=30,start_thres=1.25,min_cluster_size=3",hub,0.25,30,13,40,1730,11,19,29,1711,0.275,0.0109826589595375,0.3666666666666666,0.6333333333333333,0.1746630329977382
fbc_tfnbs,"e=1.5,h=2.0,n=30,start_thres=1.25,min_cluster_size=3",hub,0.25,30,13,40,1730,11,19,29,1711,0.275,0.0109826589595375,0.3666666666666666,0.6333333333333333,0.1746630329977382
fbc_tfnbs,"e=1.5,h=3.0,n=30,start_thres=1.25,min_cluster_size=3",hub,0.25,30,13,40,1730,11,18,29,1712,0.275,0.0104046242774566,0.3793103448275862,0.6206896551724138,0.1746630329977382
fbc_tfnbs,"e=1.5,h=4.0,n=30,start_thres=1.25,min_cluster_size=3",hub,0.25,30,13,40,1730,11,18,29,1712,0.275,0.0104046242774566,0.3793103448275862,0.6206896551724138,0.1746630329977382
fbc_tfnbs,"e=1.5,h=5.0,n=30,start_thres=1.25,min_cluster_size=3",hub,0.25,30,13,40,1730,11,13,29,1717,0.275,0.007514450867052,0.4583333333333333,0.5416666666666666,0.1746630329977382
fbc_tfnbs,"e=1.5,h=6.0,n=30,start_thres=1.25,min_cluster_size=3",hub,0.25,30,13,40,1730,11,13,29,1717,0.275,0.007514450867052,0.4583333333333333,0.5416666666666666,0.1746630329977382
fbc_tfnbs,"e=1.5,h=7.0,n=30,start_thres=1.25,min_cluster_size=3",hub,0.25,30,13,40,1730,11,13,29,1717,0.275,0.007514450867052,0.4583333333333333,0.5416666666666666,0.1746630329977382
fbc_tfnbs,"e=1.5,h=8.0,n=30,start_thres=1.25,min_cluster_size=3",hub,0.25,30,13,40,1730,11,12,29,1718,0.275,0.006936416184971,0.4782608695652174,0.5217391304347826,0.1746630329977382
fbc_tfnbs,"e=1.5,h=9.0,n=30,start_thres=1.25,min_cluster_size=3",hub,0.25,30,13,40,1730,11,12,29,1718,0.275,0.006936416184971,0.4782608695652174,0.5217391304347826,0.1746630329977382
fbc_tfnbs,"e=1.5,h=10.0,n=30,start_thres=1.25,min_cluster_size=3",hub,0.25,30,13,40,1730,11,12,29,1718,0.275,0.006936416184971,0.4782608695652174,0.5217391304347826,0.1746630329977382
fbc_tfnbs,"e=0.05,h=0.5,n=30,start_thres=1.25,min_cluster_size=3",hub,0.25,30,14,40,1730,4,0,36,1730,0.1,0.0,1.0,0.0,0.1792610314759341
fbc_tfnbs,"e=0.05,h=1.0,n=30,start_thres=1.25,min_cluster_size=3",hub,0.25,30,14,40,1730,4,0,36,1730,0.1,0.0,1.0,0.0,0.1792610314759341
fbc_tfnbs,"e=0.05,h=2.0,n=30,start_thres=1.25,min_cluster_size=3",hub,0.25,30,14,40,1730,4,0,36,1730,0.1,0.0,1.0,0.0,0.1792610314759341
fbc_tfnbs,"e=0.05,h=3.0,n=30,start_thres=1.25,min_cluster_size=3",hub,0.25,30,14,40,1730,4,0,36,1730,0.1,0.0,1.0,0.0,0.1792610314759341
fbc_tfnbs,"e=0.05,h=4.0,n=30,start_thres=1.25,min_cluster_size=3",hub,0.25,30,14,40,1730,4,0,36,1730,0.1,0.0,1.0,0.0,0.1792610314759341
fbc_tfnbs,"e=0.05,h=5.0,n=30,start_thres=1.25,min_cluster_size=3",hub,0.25,30,14,40,1730,4,0,36,1730,0.1,0.0,1.0,0.0,0.1792610314759341
fbc_tfnbs,"e=0.05,h=6.0,n=30,start_thres=1.25,min_cluster_size=3",hub,0.25,30,14,40,1730,4,0,36,1730,0.1,0.0,1.0,0.0,0.1792610314759341
fbc_tfnbs,"e=0.05,h=7.0,n=30,start_thres=1.25,min_cluster_size=3",hub,0.25,30,14,40,1730,4,0,36,1730,0.1,0.0,1.0,0.0,0.1792610314759341
fbc_tfnbs,"e=0.05,h=8.0,n=30,start_thres=1.25,min_cluster_size=3",hub,0.25,30,14,40,1730,4,0,36,1730,0.1,0.0,1.0,0.0,0.1792610314759341
fbc_tfnbs,"e=0.05,h=9.0,n=30,start_thres=1.25,min_cluster_size=3",hub,0.25,30,14,40,1730,4,0,36,1730,0.1,0.0,1.0,0.0,0.1792610314759341
fbc_tfnbs,"e=0.05,h=10.0,n=30,start_thres=1.25,min_cluster_size=3",hub,0.25,30,14,40,1730,4,0,36,1730,0.1,0.0,1.0,0.0,0.1792610314759341
fbc_tfnbs,"e=0.1,h=0.5,n=30,start_thres=1.25,min_cluster_size=3",hub,0.25,30,14,40,1730,4,0,36,1730,0.1,0.0,1.0,0.0,0.1792610314759341
fbc_tfnbs,"e=0.1,h=1.0,n=30,start_thres=1.25,min_cluster_size=3",hub,0.25,30,14,40,1730,4,0,36,1730,0.1,0.0,1.0,0.0,0.1792610314759341
fbc_tfnbs,"e=0.1,h=2.0,n=30,start_thres=1.25,min_cluster_size=3",hub,0.25,30,14,40,1730,4,0,36,1730,0.1,0.0,1.0,0.0,0.1792610314759341
fbc_tfnbs,"e=0.1,h=3.0,n=30,start_thres=1.25,min_cluster_size=3",hub,0.25,30,14,40,1730,4,0,36,1730,0.1,0.0,1.0,0.0,0.1792610314759341
fbc_tfnbs,"e=0.1,h=4.0,n=30,start_thres=1.25,min_cluster_size=3",hub,0.25,30,14,40,1730,4,0,36,1730,0.1,0.0,1.0,0.0,0.1792610314759341
fbc_tfnbs,"e=0.1,h=5.0,n=30,start_thres=1.25,min_cluster_size=3",hub,0.25,30,14,40,1730,4,0,36,1730,0.1,0.0,1.0,0.0,0.1792610314759341
fbc_tfnbs,"e=0.1,h=6.0,n=30,start_thres=1.25,min_cluster_size=3",hub,0.25,30,14,40,1730,4,0,36,1730,0.1,0.0,1.0,0.0,0.1792610314759341
fbc_tfnbs,"e=0.1,h=7.0,n=30,start_thres=1.25,min_cluster_size=3",hub,0.25,30,14,40,1730,4,0,36,1730,0.1,0.0,1.0,0.0,0.1792610314759341
fbc_tfnbs,"e=0.1,h=8.0,n=30,start_thres=1.25,min_cluster_size=3",hub,0.25,30,14,40,1730,4,0,36,1730,0.1,0.0,1.0,0.0,0.1792610314759341
fbc_tfnbs,"e=0.1,h=9.0,n=30,start_thres=1.25,min_cluster_size=3",hub,0.25,30,14,40,1730,4,0,36,1730,0.1,0.0,1.0,0.0,0.1792610314759341
fbc_tfnbs,"e=0.1,h=10.0,n=30,start_thres=1.25,min_cluster_size=3",hub,0.25,30,14,40,1730,4,0,36,1730,0.1,0.0,1.0,0.0,0.1792610314759341
fbc_tfnbs,"e=0.2,h=0.5,n=30,start_thres=1.25,min_cluster_size=3",hub,0.25,30,14,40,1730,4,0,36,1730,0.1,0.0,1.0,0.0,0.1792610314759341
fbc_tfnbs,"e=0.2,h=1.0,n=30,start_thres=1.25,min_cluster_size=3",hub,0.25,30,14,40,1730,4,0,36,1730,0.1,0.0,1.0,0.0,0.1792610314759341
fbc_tfnbs,"e=0.2,h=2.0,n=30,start_thres=1.25,min_cluster_size=3",hub,0.25,30,14,40,1730,4,0,36,1730,0.1,0.0,1.0,0.0,0.1792610314759341
fbc_tfnbs,"e=0.2,h=3.0,n=30,start_thres=1.25,min_cluster_size=3",hub,0.25,30,14,40,1730,4,0,36,1730,0.1,0.0,1.0,0.0,0.1792610314759341
fbc_tfnbs,"e=0.2,h=4.0,n=30,start_thres=1.25,min_cluster_size=3",hub,0.25,30,14,40,1730,4,0,36,1730,0.1,0.0,1.0,0.0,0.1792610314759341
fbc_tfnbs,"e=0.2,h=5.0,n=30,start_thres=1.25,min_cluster_size=3",hub,0.25,30,14,40,1730,4,0,36,1730,0.1,0.0,1.0,0.0,0.1792610314759341
fbc_tfnbs,"e=0.2,h=6.0,n=30,start_thres=1.25,min_cluster_size=3",hub,0.25,30,14,40,1730,4,0,36,1730,0.1,0.0,1.0,0.0,0.1792610314759341
fbc_tfnbs,"e=0.2,h=7.0,n=30,start_thres=1.25,min_cluster_size=3",hub,0.25,30,14,40,1730,4,0,36,1730,0.1,0.0,1.0,0.0,0.1792610314759341
fbc_tfnbs,"e=0.2,h=8.0,n=30,start_thres=1.25,min_cluster_size=3",hub,0.25,30,14,40,1730,4,0,36,1730,0.1,0.0,1.0,0.0,0.1792610314759341
fbc_tfnbs,"e=0.2,h=9.0,n=30,start_thres=1.25,min_cluster_size=3",hub,0.25,30,14,40,1730,4,0,36,1730,0.1,0.0,1.0,0.0,0.1792610314759341
fbc_tfnbs,"e=0.2,h=10.0,n=30,start_thres=1.25,min_cluster_size=3",hub,0.25,30,14,40,1730,4,0,36,1730,0.1,0.0,1.0,0.0,0.1792610314759341
fbc_tfnbs,"e=0.3,h=0.5,n=30,start_thres=1.25,min_cluster_size=3",hub,0.25,30,14,40,1730,4,0,36,1730,0.1,0.0,1.0,0.0,0.1792610314759341
fbc_tfnbs,"e=0.3,h=1.0,n=30,start_thres=1.25,min_cluster_size=3",hub,0.25,30,14,40,1730,4,0,36,1730,0.1,0.0,1.0,0.0,0.1792610314759341
fbc_tfnbs,"e=0.3,h=2.0,n=30,start_thres=1.25,min_cluster_size=3",hub,0.25,30,14,40,1730,4,0,36,1730,0.1,0.0,1.0,0.0,0.1792610314759341
fbc_tfnbs,"e=0.3,h=3.0,n=30,start_thres=1.25,min_cluster_size=3",hub,0.25,30,14,40,1730,4,0,36,1730,0.1,0.0,1.0,0.0,0.1792610314759341
fbc_tfnbs,"e=0.3,h=4.0,n=30,start_thres=1.25,min_cluster_size=3",hub,0.25,30,14,40,1730,4,0,36,1730,0.1,0.0,1.0,0.0,0.1792610314759341
fbc_tfnbs,"e=0.3,h=5.0,n=30,start_thres=1.25,min_cluster_size=3",hub,0.25,30,14,40,1730,4,0,36,1730,0.1,0.0,1.0,0.0,0.1792610314759341
fbc_tfnbs,"e=0.3,h=6.0,n=30,start_thres=1.25,min_cluster_size=3",hub,0.25,30,14,40,1730,4,0,36,1730,0.1,0.0,1.0,0.0,0.1792610314759341
fbc_tfnbs,"e=0.3,h=7.0,n=30,start_thres=1.25,min_cluster_size=3",hub,0.25,30,14,40,1730,4,0,36,1730,0.1,0.0,1.0,0.0,0.1792610314759341
fbc_tfnbs,"e=0.3,h=8.0,n=30,start_thres=1.25,min_cluster_size=3",hub,0.25,30,14,40,1730,4,0,36,1730,0.1,0.0,1.0,0.0,0.1792610314759341
fbc_tfnbs,"e=0.3,h=9.0,n=30,start_thres=1.25,min_cluster_size=3",hub,0.25,30,14,40,1730,4,0,36,1730,0.1,0.0,1.0,0.0,0.1792610314759341
fbc_tfnbs,"e=0.3,h=10.0,n=30,start_thres=1.25,min_cluster_size=3",hub,0.25,30,14,40,1730,4,0,36,1730,0.1,0.0,1.0,0.0,0.1792610314759341
fbc_tfnbs,"e=0.4,h=0.5,n=30,start_thres=1.25,min_cluster_size=3",hub,0.25,30,14,40,1730,3,0,37,1730,0.075,0.0,1.0,0.0,0.1792610314759341
fbc_tfnbs,"e=0.4,h=1.0,n=30,start_thres=1.25,min_cluster_size=3",hub,0.25,30,14,40,1730,4,0,36,1730,0.1,0.0,1.0,0.0,0.1792610314759341
fbc_tfnbs,"e=0.4,h=2.0,n=30,start_thres=1.25,min_cluster_size=3",hub,0.25,30,14,40,1730,4,0,36,1730,0.1,0.0,1.0,0.0,0.1792610314759341
fbc_tfnbs,"e=0.4,h=3.0,n=30,start_thres=1.25,min_cluster_size=3",hub,0.25,30,14,40,1730,4,0,36,1730,0.1,0.0,1.0,0.0,0.1792610314759341
fbc_tfnbs,"e=0.4,h=4.0,n=30,start_thres=1.25,min_cluster_size=3",hub,0.25,30,14,40,1730,4,0,36,1730,0.1,0.0,1.0,0.0,0.1792610314759341
fbc_tfnbs,"e=0.4,h=5.0,n=30,start_thres=1.25,min_cluster_size=3",hub,0.25,30,14,40,1730,4,0,36,1730,0.1,0.0,1.0,0.0,0.1792610314759341
fbc_tfnbs,"e=0.4,h=6.0,n=30,start_thres=1.25,min_cluster_size=3",hub,0.25,30,14,40,1730,4,0,36,1730,0.1,0.0,1.0,0.0,0.1792610314759341
fbc_tfnbs,"e=0.4,h=7.0,n=30,start_thres=1.25,min_cluster_size=3",hub,0.25,30,14,40,1730,4,0,36,1730,0.1,0.0,1.0,0.0,0.1792610314759341
fbc_tfnbs,"e=0.4,h=8.0,n=30,start_thres=1.25,min_cluster_size=3",hub,0.25,30,14,40,1730,4,0,36,1730,0.1,0.0,1.0,0.0,0.1792610314759341
fbc_tfnbs,"e=0.4,h=9.0,n=30,start_thres=1.25,min_cluster_size=3",hub,0.25,30,14,40,1730,4,0,36,1730,0.1,0.0,1.0,0.0,0.1792610314759341
fbc_tfnbs,"e=0.4,h=10.0,n=30,start_thres=1.25,min_cluster_size=3",hub,0.25,30,14,40,1730,4,0,36,1730,0.1,0.0,1.0,0.0,0.1792610314759341
fbc_tfnbs,"e=0.5,h=0.5,n=30,start_thres=1.25,min_cluster_size=3",hub,0.25,30,14,40,1730,3,0,37,1730,0.075,0.0,1.0,0.0,0.1792610314759341
fbc_tfnbs,"e=0.5,h=1.0,n=30,start_thres=1.25,min_cluster_size=3",hub,0.25,30,14,40,1730,3,0,37,1730,0.075,0.0,1.0,0.0,0.1792610314759341
fbc_tfnbs,"e=0.5,h=2.0,n=30,start_thres=1.25,min_cluster_size=3",hub,0.25,30,14,40,1730,4,0,36,1730,0.1,0.0,1.0,0.0,0.1792610314759341
fbc_tfnbs,"e=0.5,h=3.0,n=30,start_thres=1.25,min_cluster_size=3",hub,0.25,30,14,40,1730,4,0,36,1730,0.1,0.0,1.0,0.0,0.1792610314759341
fbc_tfnbs,"e=0.5,h=4.0,n=30,start_thres=1.25,min_cluster_size=3",hub,0.25,30,14,40,1730,4,0,36,1730,0.1,0.0,1.0,0.0,0.1792610314759341
fbc_tfnbs,"e=0.5,h=5.0,n=30,start_thres=1.25,min_cluster_size=3",hub,0.25,30,14,40,1730,4,0,36,1730,0.1,0.0,1.0,0.0,0.1792610314759341
fbc_tfnbs,"e=0.5,h=6.0,n=30,start_thres=1.25,min_cluster_size=3",hub,0.25,30,14,40,1730,4,0,36,1730,0.1,0.0,1.0,0.0,0.1792610314759341
fbc_tfnbs,"e=0.5,h=7.0,n=30,start_thres=1.25,min_cluster_size=3",hub,0.25,30,14,40,1730,4,0,36,1730,0.1,0.0,1.0,0.0,0.1792610314759341
fbc_tfnbs,"e=0.5,h=8.0,n=30,start_thres=1.25,min_cluster_size=3",hub,0.25,30,14,40,1730,4,0,36,1730,0.1,0.0,1.0,0.0,0.1792610314759341
fbc_tfnbs,"e=0.5,h=9.0,n=30,start_thres=1.25,min_cluster_size=3",hub,0.25,30,14,40,1730,4,0,36,1730,0.1,0.0,1.0,0.0,0.1792610314759341
fbc_tfnbs,"e=0.5,h=10.0,n=30,start_thres=1.25,min_cluster_size=3",hub,0.25,30,14,40,1730,4,0,36,1730,0.1,0.0,1.0,0.0,0.1792610314759341
fbc_tfnbs,"e=0.6,h=0.5,n=30,start_thres=1.25,min_cluster_size=3",hub,0.25,30,14,40,1730,3,0,37,1730,0.075,0.0,1.0,0.0,0.1792610314759341
fbc_tfnbs,"e=0.6,h=1.0,n=30,start_thres=1.25,min_cluster_size=3",hub,0.25,30,14,40,1730,3,0,37,1730,0.075,0.0,1.0,0.0,0.1792610314759341
fbc_tfnbs,"e=0.6,h=2.0,n=30,start_thres=1.25,min_cluster_size=3",hub,0.25,30,14,40,1730,3,0,37,1730,0.075,0.0,1.0,0.0,0.1792610314759341
fbc_tfnbs,"e=0.6,h=3.0,n=30,start_thres=1.25,min_cluster_size=3",hub,0.25,30,14,40,1730,4,0,36,1730,0.1,0.0,1.0,0.0,0.1792610314759341
fbc_tfnbs,"e=0.6,h=4.0,n=30,start_thres=1.25,min_cluster_size=3",hub,0.25,30,14,40,1730,4,0,36,1730,0.1,0.0,1.0,0.0,0.1792610314759341
fbc_tfnbs,"e=0.6,h=5.0,n=30,start_thres=1.25,min_cluster_size=3",hub,0.25,30,14,40,1730,4,0,36,1730,0.1,0.0,1.0,0.0,0.1792610314759341
fbc_tfnbs,"e=0.6,h=6.0,n=30,start_thres=1.25,min_cluster_size=3",hub,0.25,30,14,40,1730,4,0,36,1730,0.1,0.0,1.0,0.0,0.1792610314759341
fbc_tfnbs,"e=0.6,h=7.0,n=30,start_thres=1.25,min_cluster_size=3",hub,0.25,30,14,40,1730,4,0,36,1730,0.1,0.0,1.0,0.0,0.1792610314759341
fbc_tfnbs,"e=0.6,h=8.0,n=30,start_thres=1.25,min_cluster_size=3",hub,0.25,30,14,40,1730,4,0,36,1730,0.1,0.0,1.0,0.0,0.1792610314759341
fbc_tfnbs,"e=0.6,h=9.0,n=30,start_thres=1.25,min_cluster_size=3",hub,0.25,30,14,40,1730,4,0,36,1730,0.1,0.0,1.0,0.0,0.1792610314759341
fbc_tfnbs,"e=0.6,h=10.0,n=30,start_thres=1.25,min_cluster_size=3",hub,0.25,30,14,40,1730,4,0,36,1730,0.1,0.0,1.0,0.0,0.1792610314759341
fbc_tfnbs,"e=0.7,h=0.5,n=30,start_thres=1.25,min_cluster_size=3",hub,0.25,30,14,40,1730,0,0,40,1730,0.0,0.0,0.0,0.0,0.1792610314759341
fbc_tfnbs,"e=0.7,h=1.0,n=30,start_thres=1.25,min_cluster_size=3",hub,0.25,30,14,40,1730,3,0,37,1730,0.075,0.0,1.0,0.0,0.1792610314759341
fbc_tfnbs,"e=0.7,h=2.0,n=30,start_thres=1.25,min_cluster_size=3",hub,0.25,30,14,40,1730,3,0,37,1730,0.075,0.0,1.0,0.0,0.1792610314759341
fbc_tfnbs,"e=0.7,h=3.0,n=30,start_thres=1.25,min_cluster_size=3",hub,0.25,30,14,40,1730,4,0,36,1730,0.1,0.0,1.0,0.0,0.1792610314759341
fbc_tfnbs,"e=0.7,h=4.0,n=30,start_thres=1.25,min_cluster_size=3",hub,0.25,30,14,40,1730,4,0,36,1730,0.1,0.0,1.0,0.0,0.1792610314759341
fbc_tfnbs,"e=0.7,h=5.0,n=30,start_thres=1.25,min_cluster_size=3",hub,0.25,30,14,40,1730,4,0,36,1730,0.1,0.0,1.0,0.0,0.1792610314759341
fbc_tfnbs,"e=0.7,h=6.0,n=30,start_thres=1.25,min_cluster_size=3",hub,0.25,30,14,40,1730,4,0,36,1730,0.1,0.0,1.0,0.0,0.1792610314759341
fbc_tfnbs,"e=0.7,h=7.0,n=30,start_thres=1.25,min_cluster_size=3",hub,0.25,30,14,40,1730,4,0,36,1730,0.1,0.0,1.0,0.0,0.1792610314759341
fbc_tfnbs,"e=0.7,h=8.0,n=30,start_thres=1.25,min_cluster_size=3",hub,0.25,30,14,40,1730,4,0,36,1730,0.1,0.0,1.0,0.0,0.1792610314759341
fbc_tfnbs,"e=0.7,h=9.0,n=30,start_thres=1.25,min_cluster_size=3",hub,0.25,30,14,40,1730,4,0,36,1730,0.1,0.0,1.0,0.0,0.1792610314759341
fbc_tfnbs,"e=0.7,h=10.0,n=30,start_thres=1.25,min_cluster_size=3",hub,0.25,30,14,40,1730,4,0,36,1730,0.1,0.0,1.0,0.0,0.1792610314759341
fbc_tfnbs,"e=0.8,h=0.5,n=30,start_thres=1.25,min_cluster_size=3",hub,0.25,30,14,40,1730,0,0,40,1730,0.0,0.0,0.0,0.0,0.1792610314759341
fbc_tfnbs,"e=0.8,h=1.0,n=30,start_thres=1.25,min_cluster_size=3",hub,0.25,30,14,40,1730,0,0,40,1730,0.0,0.0,0.0,0.0,0.1792610314759341
fbc_tfnbs,"e=0.8,h=2.0,n=30,start_thres=1.25,min_cluster_size=3",hub,0.25,30,14,40,1730,3,0,37,1730,0.075,0.0,1.0,0.0,0.1792610314759341
fbc_tfnbs,"e=0.8,h=3.0,n=30,start_thres=1.25,min_cluster_size=3",hub,0.25,30,14,40,1730,3,0,37,1730,0.075,0.0,1.0,0.0,0.1792610314759341
fbc_tfnbs,"e=0.8,h=4.0,n=30,start_thres=1.25,min_cluster_size=3",hub,0.25,30,14,40,1730,4,0,36,1730,0.1,0.0,1.0,0.0,0.1792610314759341
fbc_tfnbs,"e=0.8,h=5.0,n=30,start_thres=1.25,min_cluster_size=3",hub,0.25,30,14,40,1730,4,0,36,1730,0.1,0.0,1.0,0.0,0.1792610314759341
fbc_tfnbs,"e=0.8,h=6.0,n=30,start_thres=1.25,min_cluster_size=3",hub,0.25,30,14,40,1730,4,0,36,1730,0.1,0.0,1.0,0.0,0.1792610314759341
fbc_tfnbs,"e=0.8,h=7.0,n=30,start_thres=1.25,min_cluster_size=3",hub,0.25,30,14,40,1730,4,0,36,1730,0.1,0.0,1.0,0.0,0.1792610314759341
fbc_tfnbs,"e=0.8,h=8.0,n=30,start_thres=1.25,min_cluster_size=3",hub,0.25,30,14,40,1730,4,0,36,1730,0.1,0.0,1.0,0.0,0.1792610314759341
fbc_tfnbs,"e=0.8,h=9.0,n=30,start_thres=1.25,min_cluster_size=3",hub,0.25,30,14,40,1730,4,0,36,1730,0.1,0.0,1.0,0.0,0.1792610314759341
fbc_tfnbs,"e=0.8,h=10.0,n=30,start_thres=1.25,min_cluster_size=3",hub,0.25,30,14,40,1730,4,0,36,1730,0.1,0.0,1.0,0.0,0.1792610314759341
fbc_tfnbs,"e=0.9,h=0.5,n=30,start_thres=1.25,min_cluster_size=3",hub,0.25,30,14,40,1730,0,0,40,1730,0.0,0.0,0.0,0.0,0.1792610314759341
fbc_tfnbs,"e=0.9,h=1.0,n=30,start_thres=1.25,min_cluster_size=3",hub,0.25,30,14,40,1730,0,0,40,1730,0.0,0.0,0.0,0.0,0.1792610314759341
fbc_tfnbs,"e=0.9,h=2.0,n=30,start_thres=1.25,min_cluster_size=3",hub,0.25,30,14,40,1730,3,0,37,1730,0.075,0.0,1.0,0.0,0.1792610314759341
fbc_tfnbs,"e=0.9,h=3.0,n=30,start_thres=1.25,min_cluster_size=3",hub,0.25,30,14,40,1730,3,0,37,1730,0.075,0.0,1.0,0.0,0.1792610314759341
fbc_tfnbs,"e=0.9,h=4.0,n=30,start_thres=1.25,min_cluster_size=3",hub,0.25,30,14,40,1730,4,0,36,1730,0.1,0.0,1.0,0.0,0.1792610314759341
fbc_tfnbs,"e=0.9,h=5.0,n=30,start_thres=1.25,min_cluster_size=3",hub,0.25,30,14,40,1730,4,0,36,1730,0.1,0.0,1.0,0.0,0.1792610314759341
fbc_tfnbs,"e=0.9,h=6.0,n=30,start_thres=1.25,min_cluster_size=3",hub,0.25,30,14,40,1730,4,0,36,1730,0.1,0.0,1.0,0.0,0.1792610314759341
fbc_tfnbs,"e=0.9,h=7.0,n=30,start_thres=1.25,min_cluster_size=3",hub,0.25,30,14,40,1730,4,0,36,1730,0.1,0.0,1.0,0.0,0.1792610314759341
fbc_tfnbs,"e=0.9,h=8.0,n=30,start_thres=1.25,min_cluster_size=3",hub,0.25,30,14,40,1730,4,0,36,1730,0.1,0.0,1.0,0.0,0.1792610314759341
fbc_tfnbs,"e=0.9,h=9.0,n=30,start_thres=1.25,min_cluster_size=3",hub,0.25,30,14,40,1730,4,0,36,1730,0.1,0.0,1.0,0.0,0.1792610314759341
fbc_tfnbs,"e=0.9,h=10.0,n=30,start_thres=1.25,min_cluster_size=3",hub,0.25,30,14,40,1730,4,0,36,1730,0.1,0.0,1.0,0.0,0.1792610314759341
fbc_tfnbs,"e=1.0,h=0.5,n=30,start_thres=1.25,min_cluster_size=3",hub,0.25,30,14,40,1730,0,0,40,1730,0.0,0.0,0.0,0.0,0.1792610314759341
fbc_tfnbs,"e=1.0,h=1.0,n=30,start_thres=1.25,min_cluster_size=3",hub,0.25,30,14,40,1730,0,0,40,1730,0.0,0.0,0.0,0.0,0.1792610314759341
fbc_tfnbs,"e=1.0,h=2.0,n=30,start_thres=1.25,min_cluster_size=3",hub,0.25,30,14,40,1730,0,0,40,1730,0.0,0.0,0.0,0.0,0.1792610314759341
fbc_tfnbs,"e=1.0,h=3.0,n=30,start_thres=1.25,min_cluster_size=3",hub,0.25,30,14,40,1730,3,0,37,1730,0.075,0.0,1.0,0.0,0.1792610314759341
fbc_tfnbs,"e=1.0,h=4.0,n=30,start_thres=1.25,min_cluster_size=3",hub,0.25,30,14,40,1730,4,0,36,1730,0.1,0.0,1.0,0.0,0.1792610314759341
fbc_tfnbs,"e=1.0,h=5.0,n=30,start_thres=1.25,min_cluster_size=3",hub,0.25,30,14,40,1730,4,0,36,1730,0.1,0.0,1.0,0.0,0.1792610314759341
fbc_tfnbs,"e=1.0,h=6.0,n=30,start_thres=1.25,min_cluster_size=3",hub,0.25,30,14,40,1730,4,0,36,1730,0.1,0.0,1.0,0.0,0.1792610314759341
fbc_tfnbs,"e=1.0,h=7.0,n=30,start_thres=1.25,min_cluster_size=3",hub,0.25,30,14,40,1730,4,0,36,1730,0.1,0.0,1.0,0.0,0.1792610314759341
fbc_tfnbs,"e=1.0,h=8.0,n=30,start_thres=1.25,min_cluster_size=3",hub,0.25,30,14,40,1730,4,0,36,1730,0.1,0.0,1.0,0.0,0.1792610314759341
fbc_tfnbs,"e=1.0,h=9.0,n=30,start_thres=1.25,min_cluster_size=3",hub,0.25,30,14,40,1730,4,0,36,1730,0.1,0.0,1.0,0.0,0.1792610314759341
fbc_tfnbs,"e=1.0,h=10.0,n=30,start_thres=1.25,min_cluster_size=3",hub,0.25,30,14,40,1730,4,0,36,1730,0.1,0.0,1.0,0.0,0.1792610314759341
fbc_tfnbs,"e=1.1,h=0.5,n=30,start_thres=1.25,min_cluster_size=3",hub,0.25,30,14,40,1730,0,0,40,1730,0.0,0.0,0.0,0.0,0.1792610314759341
fbc_tfnbs,"e=1.1,h=1.0,n=30,start_thres=1.25,min_cluster_size=3",hub,0.25,30,14,40,1730,0,0,40,1730,0.0,0.0,0.0,0.0,0.1792610314759341
fbc_tfnbs,"e=1.1,h=2.0,n=30,start_thres=1.25,min_cluster_size=3",hub,0.25,30,14,40,1730,0,0,40,1730,0.0,0.0,0.0,0.0,0.1792610314759341
fbc_tfnbs,"e=1.1,h=3.0,n=30,start_thres=1.25,min_cluster_size=3",hub,0.25,30,14,40,1730,3,0,37,1730,0.075,0.0,1.0,0.0,0.1792610314759341
fbc_tfnbs,"e=1.1,h=4.0,n=30,start_thres=1.25,min_cluster_size=3",hub,0.25,30,14,40,1730,3,0,37,1730,0.075,0.0,1.0,0.0,0.1792610314759341
fbc_tfnbs,"e=1.1,h=5.0,n=30,start_thres=1.25,min_cluster_size=3",hub,0.25,30,14,40,1730,4,0,36,1730,0.1,0.0,1.0,0.0,0.1792610314759341
fbc_tfnbs,"e=1.1,h=6.0,n=30,start_thres=1.25,min_cluster_size=3",hub,0.25,30,14,40,1730,4,0,36,1730,0.1,0.0,1.0,0.0,0.1792610314759341
fbc_tfnbs,"e=1.1,h=7.0,n=30,start_thres=1.25,min_cluster_size=3",hub,0.25,30,14,40,1730,4,0,36,1730,0.1,0.0,1.0,0.0,0.1792610314759341
fbc_tfnbs,"e=1.1,h=8.0,n=30,start_thres=1.25,min_cluster_size=3",hub,0.25,30,14,40,1730,4,0,36,1730,0.1,0.0,1.0,0.0,0.1792610314759341
fbc_tfnbs,"e=1.1,h=9.0,n=30,start_thres=1.25,min_cluster_size=3",hub,0.25,30,14,40,1730,4,0,36,1730,0.1,0.0,1.0,0.0,0.1792610314759341
fbc_tfnbs,"e=1.1,h=10.0,n=30,start_thres=1.25,min_cluster_size=3",hub,0.25,30,14,40,1730,4,0,36,1730,0.1,0.0,1.0,0.0,0.1792610314759341
fbc_tfnbs,"e=1.2,h=0.5,n=30,start_thres=1.25,min_cluster_size=3",hub,0.25,30,14,40,1730,0,0,40,1730,0.0,0.0,0.0,0.0,0.1792610314759341
fbc_tfnbs,"e=1.2,h=1.0,n=30,start_thres=1.25,min_cluster_size=3",hub,0.25,30,14,40,1730,0,0,40,1730,0.0,0.0,0.0,0.0,0.1792610314759341
fbc_tfnbs,"e=1.2,h=2.0,n=30,start_thres=1.25,min_cluster_size=3",hub,0.25,30,14,40,1730,0,0,40,1730,0.0,0.0,0.0,0.0,0.1792610314759341
fbc_tfnbs,"e=1.2,h=3.0,n=30,start_thres=1.25,min_cluster_size=3",hub,0.25,30,14,40,1730,3,0,37,1730,0.075,0.0,1.0,0.0,0.1792610314759341
fbc_tfnbs,"e=1.2,h=4.0,n=30,start_thres=1.25,min_cluster_size=3",hub,0.25,30,14,40,1730,3,0,37,1730,0.075,0.0,1.0,0.0,0.1792610314759341
fbc_tfnbs,"e=1.2,h=5.0,n=30,start_thres=1.25,min_cluster_size=3",hub,0.25,30,14,40,1730,4,0,36,1730,0.1,0.0,1.0,0.0,0.1792610314759341
fbc_tfnbs,"e=1.2,h=6.0,n=30,start_thres=1.25,min_cluster_size=3",hub,0.25,30,14,40,1730,4,0,36,1730,0.1,0.0,1.0,0.0,0.1792610314759341
fbc_tfnbs,"e=1.2,h=7.0,n=30,start_thres=1.25,min_cluster_size=3",hub,0.25,30,14,40,1730,4,0,36,1730,0.1,0.0,1.0,0.0,0.1792610314759341
fbc_tfnbs,"e=1.2,h=8.0,n=30,start_thres=1.25,min_cluster_size=3",hub,0.25,30,14,40,1730,4,0,36,1730,0.1,0.0,1.0,0.0,0.1792610314759341
fbc_tfnbs,"e=1.2,h=9.0,n=30,start_thres=1.25,min_cluster_size=3",hub,0.25,30,14,40,1730,4,0,36,1730,0.1,0.0,1.0,0.0,0.1792610314759341
fbc_tfnbs,"e=1.2,h=10.0,n=30,start_thres=1.25,min_cluster_size=3",hub,0.25,30,14,40,1730,4,0,36,1730,0.1,0.0,1.0,0.0,0.1792610314759341
fbc_tfnbs,"e=1.3,h=0.5,n=30,start_thres=1.25,min_cluster_size=3",hub,0.25,30,14,40,1730,0,0,40,1730,0.0,0.0,0.0,0.0,0.1792610314759341
fbc_tfnbs,"e=1.3,h=1.0,n=30,start_thres=1.25,min_cluster_size=3",hub,0.25,30,14,40,1730,0,0,40,1730,0.0,0.0,0.0,0.0,0.1792610314759341
fbc_tfnbs,"e=1.3,h=2.0,n=30,start_thres=1.25,min_cluster_size=3",hub,0.25,30,14,40,1730,0,0,40,1730,0.0,0.0,0.0,0.0,0.1792610314759341
fbc_tfnbs,"e=1.3,h=3.0,n=30,start_thres=1.25,min_cluster_size=3",hub,0.25,30,14,40,1730,0,0,40,1730,0.0,0.0,0.0,0.0,0.1792610314759341
fbc_tfnbs,"e=1.3,h=4.0,n=30,start_thres=1.25,min_cluster_size=3",hub,0.25,30,14,40,1730,3,0,37,1730,0.075,0.0,1.0,0.0,0.1792610314759341
fbc_tfnbs,"e=1.3,h=5.0,n=30,start_thres=1.25,min_cluster_size=3",hub,0.25,30,14,40,1730,3,0,37,1730,0.075,0.0,1.0,0.0,0.1792610314759341
fbc_tfnbs,"e=1.3,h=6.0,n=30,start_thres=1.25,min_cluster_size=3",hub,0.25,30,14,40,1730,4,0,36,1730,0.1,0.0,1.0,0.0,0.1792610314759341
fbc_tfnbs,"e=1.3,h=7.0,n=30,start_thres=1.25,min_cluster_size=3",hub,0.25,30,14,40,1730,4,0,36,1730,0.1,0.0,1.0,0.0,0.1792610314759341
fbc_tfnbs,"e=1.3,h=8.0,n=30,start_thres=1.25,min_cluster_size=3",hub,0.25,30,14,40,1730,4,0,36,1730,0.1,0.0,1.0,0.0,0.1792610314759341
fbc_tfnbs,"e=1.3,h=9.0,n=30,start_thres=1.25,min_cluster_size=3",hub,0.25,30,14,40,1730,4,0,36,1730,0.1,0.0,1.0,0.0,0.1792610314759341
fbc_tfnbs,"e=1.3,h=10.0,n=30,start_thres=1.25,min_cluster_size=3",hub,0.25,30,14,40,1730,4,0,36,1730,0.1,0.0,1.0,0.0,0.1792610314759341
fbc_tfnbs,"e=1.4,h=0.5,n=30,start_thres=1.25,min_cluster_size=3",hub,0.25,30,14,40,1730,0,0,40,1730,0.0,0.0,0.0,0.0,0.1792610314759341
fbc_tfnbs,"e=1.4,h=1.0,n=30,start_thres=1.25,min_cluster_size=3",hub,0.25,30,14,40,1730,0,0,40,1730,0.0,0.0,0.0,0.0,0.1792610314759341
fbc_tfnbs,"e=1.4,h=2.0,n=30,start_thres=1.25,min_cluster_size=3",hub,0.25,30,14,40,1730,0,0,40,1730,0.0,0.0,0.0,0.0,0.1792610314759341
fbc_tfnbs,"e=1.4,h=3.0,n=30,start_thres=1.25,min_cluster_size=3",hub,0.25,30,14,40,1730,0,0,40,1730,0.0,0.0,0.0,0.0,0.1792610314759341
fbc_tfnbs,"e=1.4,h=4.0,n=30,start_thres=1.25,min_cluster_size=3",hub,0.25,30,14,40,1730,3,0,37,1730,0.075,0.0,1.0,0.0,0.1792610314759341
fbc_tfnbs,"e=1.4,h=5.0,n=30,start_thres=1.25,min_cluster_size=3",hub,0.25,30,14,40,1730,3,0,37,1730,0.075,0.0,1.0,0.0,0.1792610314759341
fbc_tfnbs,"e=1.4,h=6.0,n=30,start_thres=1.25,min_cluster_size=3",hub,0.25,30,14,40,1730,4,0,36,1730,0.1,0.0,1.0,0.0,0.1792610314759341
fbc_tfnbs,"e=1.4,h=7.0,n=30,start_thres=1.25,min_cluster_size=3",hub,0.25,30,14,40,1730,4,0,36,1730,0.1,0.0,1.0,0.0,0.1792610314759341
fbc_tfnbs,"e=1.4,h=8.0,n=30,start_thres=1.25,min_cluster_size=3",hub,0.25,30,14,40,1730,4,0,36,1730,0.1,0.0,1.0,0.0,0.1792610314759341
fbc_tfnbs,"e=1.4,h=9.0,n=30,start_thres=1.25,min_cluster_size=3",hub,0.25,30,14,40,1730,4,0,36,1730,0.1,0.0,1.0,0.0,0.1792610314759341
fbc_tfnbs,"e=1.4,h=10.0,n=30,start_thres=1.25,min_cluster_size=3",hub,0.25,30,14,40,1730,4,0,36,1730,0.1,0.0,1.0,0.0,0.1792610314759341
fbc_tfnbs,"e=1.5,h=0.5,n=30,start_thres=1.25,min_cluster_size=3",hub,0.25,30,14,40,1730,0,0,40,1730,0.0,0.0,0.0,0.0,0.1792610314759341
fbc_tfnbs,"e=1.5,h=1.0,n=30,start_thres=1.25,min_cluster_size=3",hub,0.25,30,14,40,1730,0,0,40,1730,0.0,0.0,0.0,0.0,0.1792610314759341
fbc_tfnbs,"e=1.5,h=2.0,n=30,start_thres=1.25,min_cluster_size=3",hub,0.25,30,14,40,1730,0,0,40,1730,0.0,0.0,0.0,0.0,0.1792610314759341
fbc_tfnbs,"e=1.5,h=3.0,n=30,start_thres=1.25,min_cluster_size=3",hub,0.25,30,14,40,1730,0,0,40,1730,0.0,0.0,0.0,0.0,0.1792610314759341
fbc_tfnbs,"e=1.5,h=4.0,n=30,start_thres=1.25,min_cluster_size=3",hub,0.25,30,14,40,1730,3,0,37,1730,0.075,0.0,1.0,0.0,0.1792610314759341
fbc_tfnbs,"e=1.5,h=5.0,n=30,start_thres=1.25,min_cluster_size=3",hub,0.25,30,14,40,1730,3,0,37,1730,0.075,0.0,1.0,0.0,0.1792610314759341
fbc_tfnbs,"e=1.5,h=6.0,n=30,start_thres=1.25,min_cluster_size=3",hub,0.25,30,14,40,1730,4,0,36,1730,0.1,0.0,1.0,0.0,0.1792610314759341
fbc_tfnbs,"e=1.5,h=7.0,n=30,start_thres=1.25,min_cluster_size=3",hub,0.25,30,14,40,1730,4,0,36,1730,0.1,0.0,1.0,0.0,0.1792610314759341
fbc_tfnbs,"e=1.5,h=8.0,n=30,start_thres=1.25,min_cluster_size=3",hub,0.25,30,14,40,1730,4,0,36,1730,0.1,0.0,1.0,0.0,0.1792610314759341
fbc_tfnbs,"e=1.5,h=9.0,n=30,start_thres=1.25,min_cluster_size=3",hub,0.25,30,14,40,1730,4,0,36,1730,0.1,0.0,1.0,0.0,0.1792610314759341
fbc_tfnbs,"e=1.5,h=10.0,n=30,start_thres=1.25,min_cluster_size=3",hub,0.25,30,14,40,1730,4,0,36,1730,0.1,0.0,1.0,0.0,0.1792610314759341
fbc_tfnbs,"e=0.05,h=0.5,n=30,start_thres=1.25,min_cluster_size=3",hub,0.25,30,15,40,1730,0,0,40,1730,0.0,0.0,0.0,0.0,0.1744439805095846
fbc_tfnbs,"e=0.05,h=1.0,n=30,start_thres=1.25,min_cluster_size=3",hub,0.25,30,15,40,1730,0,0,40,1730,0.0,0.0,0.0,0.0,0.1744439805095846
fbc_tfnbs,"e=0.05,h=2.0,n=30,start_thres=1.25,min_cluster_size=3",hub,0.25,30,15,40,1730,0,0,40,1730,0.0,0.0,0.0,0.0,0.1744439805095846
fbc_tfnbs,"e=0.05,h=3.0,n=30,start_thres=1.25,min_cluster_size=3",hub,0.25,30,15,40,1730,0,0,40,1730,0.0,0.0,0.0,0.0,0.1744439805095846
fbc_tfnbs,"e=0.05,h=4.0,n=30,start_thres=1.25,min_cluster_size=3",hub,0.25,30,15,40,1730,0,0,40,1730,0.0,0.0,0.0,0.0,0.1744439805095846
fbc_tfnbs,"e=0.05,h=5.0,n=30,start_thres=1.25,min_cluster_size=3",hub,0.25,30,15,40,1730,0,0,40,1730,0.0,0.0,0.0,0.0,0.1744439805095846
fbc_tfnbs,"e=0.05,h=6.0,n=30,start_thres=1.25,min_cluster_size=3",hub,0.25,30,15,40,1730,0,0,40,1730,0.0,0.0,0.0,0.0,0.1744439805095846
fbc_tfnbs,"e=0.05,h=7.0,n=30,start_thres=1.25,min_cluster_size=3",hub,0.25,30,15,40,1730,0,0,40,1730,0.0,0.0,0.0,0.0,0.1744439805095846
fbc_tfnbs,"e=0.05,h=8.0,n=30,start_thres=1.25,min_cluster_size=3",hub,0.25,30,15,40,1730,0,0,40,1730,0.0,0.0,0.0,0.0,0.1744439805095846
fbc_tfnbs,"e=0.05,h=9.0,n=30,start_thres=1.25,min_cluster_size=3",hub,0.25,30,15,40,1730,0,0,40,1730,0.0,0.0,0.0,0.0,0.1744439805095846
fbc_tfnbs,"e=0.05,h=10.0,n=30,start_thres=1.25,min_cluster_size=3",hub,0.25,30,15,40,1730,0,0,40,1730,0.0,0.0,0.0,0.0,0.1744439805095846
fbc_tfnbs,"e=0.1,h=0.5,n=30,start_thres=1.25,min_cluster_size=3",hub,0.25,30,15,40,1730,0,0,40,1730,0.0,0.0,0.0,0.0,0.1744439805095846
fbc_tfnbs,"e=0.1,h=1.0,n=30,start_thres=1.25,min_cluster_size=3",hub,0.25,30,15,40,1730,0,0,40,1730,0.0,0.0,0.0,0.0,0.1744439805095846
fbc_tfnbs,"e=0.1,h=2.0,n=30,start_thres=1.25,min_cluster_size=3",hub,0.25,30,15,40,1730,0,0,40,1730,0.0,0.0,0.0,0.0,0.1744439805095846
fbc_tfnbs,"e=0.1,h=3.0,n=30,start_thres=1.25,min_cluster_size=3",hub,0.25,30,15,40,1730,0,0,40,1730,0.0,0.0,0.0,0.0,0.1744439805095846
fbc_tfnbs,"e=0.1,h=4.0,n=30,start_thres=1.25,min_cluster_size=3",hub,0.25,30,15,40,1730,0,0,40,1730,0.0,0.0,0.0,0.0,0.1744439805095846
fbc_tfnbs,"e=0.1,h=5.0,n=30,start_thres=1.25,min_cluster_size=3",hub,0.25,30,15,40,1730,0,0,40,1730,0.0,0.0,0.0,0.0,0.1744439805095846
fbc_tfnbs,"e=0.1,h=6.0,n=30,start_thres=1.25,min_cluster_size=3",hub,0.25,30,15,40,1730,0,0,40,1730,0.0,0.0,0.0,0.0,0.1744439805095846
fbc_tfnbs,"e=0.1,h=7.0,n=30,start_thres=1.25,min_cluster_size=3",hub,0.25,30,15,40,1730,0,0,40,1730,0.0,0.0,0.0,0.0,0.1744439805095846
fbc_tfnbs,"e=0.1,h=8.0,n=30,start_thres=1.25,min_cluster_size=3",hub,0.25,30,15,40,1730,0,0,40,1730,0.0,0.0,0.0,0.0,0.1744439805095846
fbc_tfnbs,"e=0.1,h=9.0,n=30,start_thres=1.25,min_cluster_size=3",hub,0.25,30,15,40,1730,0,0,40,1730,0.0,0.0,0.0,0.0,0.1744439805095846
fbc_tfnbs,"e=0.1,h=10.0,n=30,start_thres=1.25,min_cluster_size=3",hub,0.25,30,15,40,1730,0,0,40,1730,0.0,0.0,0.0,0.0,0.1744439805095846
fbc_tfnbs,"e=0.2,h=0.5,n=30,start_thres=1.25,min_cluster_size=3",hub,0.25,30,15,40,1730,0,0,40,1730,0.0,0.0,0.0,0.0,0.1744439805095846
fbc_tfnbs,"e=0.2,h=1.0,n=30,start_thres=1.25,min_cluster_size=3",hub,0.25,30,15,40,1730,0,0,40,1730,0.0,0.0,0.0,0.0,0.1744439805095846
fbc_tfnbs,"e=0.2,h=2.0,n=30,start_thres=1.25,min_cluster_size=3",hub,0.25,30,15,40,1730,0,0,40,1730,0.0,0.0,0.0,0.0,0.1744439805095846
fbc_tfnbs,"e=0.2,h=3.0,n=30,start_thres=1.25,min_cluster_size=3",hub,0.25,30,15,40,1730,0,0,40,1730,0.0,0.0,0.0,0.0,0.1744439805095846
fbc_tfnbs,"e=0.2,h=4.0,n=30,start_thres=1.25,min_cluster_size=3",hub,0.25,30,15,40,1730,0,0,40,1730,0.0,0.0,0.0,0.0,0.1744439805095846
fbc_tfnbs,"e=0.2,h=5.0,n=30,start_thres=1.25,min_cluster_size=3",hub,0.25,30,15,40,1730,0,0,40,1730,0.0,0.0,0.0,0.0,0.1744439805095846
fbc_tfnbs,"e=0.2,h=6.0,n=30,start_thres=1.25,min_cluster_size=3",hub,0.25,30,15,40,1730,0,0,40,1730,0.0,0.0,0.0,0.0,0.1744439805095846
fbc_tfnbs,"e=0.2,h=7.0,n=30,start_thres=1.25,min_cluster_size=3",hub,0.25,30,15,40,1730,0,0,40,1730,0.0,0.0,0.0,0.0,0.1744439805095846
fbc_tfnbs,"e=0.2,h=8.0,n=30,start_thres=1.25,min_cluster_size=3",hub,0.25,30,15,40,1730,0,0,40,1730,0.0,0.0,0.0,0.0,0.1744439805095846
fbc_tfnbs,"e=0.2,h=9.0,n=30,start_thres=1.25,min_cluster_size=3",hub,0.25,30,15,40,1730,0,0,40,1730,0.0,0.0,0.0,0.0,0.1744439805095846
fbc_tfnbs,"e=0.2,h=10.0,n=30,start_thres=1.25,min_cluster_size=3",hub,0.25,30,15,40,1730,0,0,40,1730,0.0,0.0,0.0,0.0,0.1744439805095846
fbc_tfnbs,"e=0.3,h=0.5,n=30,start_thres=1.25,min_cluster_size=3",hub,0.25,30,15,40,1730,0,0,40,1730,0.0,0.0,0.0,0.0,0.1744439805095846
fbc_tfnbs,"e=0.3,h=1.0,n=30,start_thres=1.25,min_cluster_size=3",hub,0.25,30,15,40,1730,0,0,40,1730,0.0,0.0,0.0,0.0,0.1744439805095846
fbc_tfnbs,"e=0.3,h=2.0,n=30,start_thres=1.25,min_cluster_size=3",hub,0.25,30,15,40,1730,0,0,40,1730,0.0,0.0,0.0,0.0,0.1744439805095846
fbc_tfnbs,"e=0.3,h=3.0,n=30,start_thres=1.25,min_cluster_size=3",hub,0.25,30,15,40,1730,0,0,40,1730,0.0,0.0,0.0,0.0,0.1744439805095846
fbc_tfnbs,"e=0.3,h=4.0,n=30,start_thres=1.25,min_cluster_size=3",hub,0.25,30,15,40,1730,0,0,40,1730,0.0,0.0,0.0,0.0,0.1744439805095846
fbc_tfnbs,"e=0.3,h=5.0,n=30,start_thres=1.25,min_cluster_size=3",hub,0.25,30,15,40,1730,0,0,40,1730,0.0,0.0,0.0,0.0,0.1744439805095846
fbc_tfnbs,"e=0.3,h=6.0,n=30,start_thres=1.25,min_cluster_size=3",hub,0.25,30,15,40,1730,0,0,40,1730,0.0,0.0,0.0,0.0,0.1744439805095846
fbc_tfnbs,"e=0.3,h=7.0,n=30,start_thres=1.25,min_cluster_size=3",hub,0.25,30,15,40,1730,0,0,40,1730,0.0,0.0,0.0,0.0,0.1744439805095846
fbc_tfnbs,"e=0.3,h=8.0,n=30,start_thres=1.25,min_cluster_size=3",hub,0.25,30,15,40,1730,0,0,40,1730,0.0,0.0,0.0,0.0,0.1744439805095846
fbc_tfnbs,"e=0.3,h=9.0,n=30,start_thres=1.25,min_cluster_size=3",hub,0.25,30,15,40,1730,0,0,40,1730,0.0,0.0,0.0,0.0,0.1744439805095846
fbc_tfnbs,"e=0.3,h=10.0,n=30,start_thres=1.25,min_cluster_size=3",hub,0.25,30,15,40,1730,0,0,40,1730,0.0,0.0,0.0,0.0,0.1744439805095846
fbc_tfnbs,"e=0.4,h=0.5,n=30,start_thres=1.25,min_cluster_size=3",hub,0.25,30,15,40,1730,0,0,40,1730,0.0,0.0,0.0,0.0,0.1744439805095846
fbc_tfnbs,"e=0.4,h=1.0,n=30,start_thres=1.25,min_cluster_size=3",hub,0.25,30,15,40,1730,0,0,40,1730,0.0,0.0,0.0,0.0,0.1744439805095846
fbc_tfnbs,"e=0.4,h=2.0,n=30,start_thres=1.25,min_cluster_size=3",hub,0.25,30,15,40,1730,0,0,40,1730,0.0,0.0,0.0,0.0,0.1744439805095846
fbc_tfnbs,"e=0.4,h=3.0,n=30,start_thres=1.25,min_cluster_size=3",hub,0.25,30,15,40,1730,0,0,40,1730,0.0,0.0,0.0,0.0,0.1744439805095846
fbc_tfnbs,"e=0.4,h=4.0,n=30,start_thres=1.25,min_cluster_size=3",hub,0.25,30,15,40,1730,0,0,40,1730,0.0,0.0,0.0,0.0,0.1744439805095846
fbc_tfnbs,"e=0.4,h=5.0,n=30,start_thres=1.25,min_cluster_size=3",hub,0.25,30,15,40,1730,0,0,40,1730,0.0,0.0,0.0,0.0,0.1744439805095846
fbc_tfnbs,"e=0.4,h=6.0,n=30,start_thres=1.25,min_cluster_size=3",hub,0.25,30,15,40,1730,0,0,40,1730,0.0,0.0,0.0,0.0,0.1744439805095846
fbc_tfnbs,"e=0.4,h=7.0,n=30,start_thres=1.25,min_cluster_size=3",hub,0.25,30,15,40,1730,0,0,40,1730,0.0,0.0,0.0,0.0,0.1744439805095846
fbc_tfnbs,"e=0.4,h=8.0,n=30,start_thres=1.25,min_cluster_size=3",hub,0.25,30,15,40,1730,0,0,40,1730,0.0,0.0,0.0,0.0,0.1744439805095846
fbc_tfnbs,"e=0.4,h=9.0,n=30,start_thres=1.25,min_cluster_size=3",hub,0.25,30,15,40,1730,0,0,40,1730,0.0,0.0,0.0,0.0,0.1744439805095846
fbc_tfnbs,"e=0.4,h=10.0,n=30,start_thres=1.25,min_cluster_size=3",hub,0.25,30,15,40,1730,0,0,40,1730,0.0,0.0,0.0,0.0,0.1744439805095846
fbc_tfnbs,"e=0.5,h=0.5,n=30,start_thres=1.25,min_cluster_size=3",hub,0.25,30,15,40,1730,0,0,40,1730,0.0,0.0,0.0,0.0,0.1744439805095846
fbc_tfnbs,"e=0.5,h=1.0,n=30,start_thres=1.25,min_cluster_size=3",hub,0.25,30,15,40,1730,0,0,40,1730,0.0,0.0,0.0,0.0,0.1744439805095846
fbc_tfnbs,"e=0.5,h=2.0,n=30,start_thres=1.25,min_cluster_size=3",hub,0.25,30,15,40,1730,0,0,40,1730,0.0,0.0,0.0,0.0,0.1744439805095846
fbc_tfnbs,"e=0.5,h=3.0,n=30,start_thres=1.25,min_cluster_size=3",hub,0.25,30,15,40,1730,0,0,40,1730,0.0,0.0,0.0,0.0,0.1744439805095846
fbc_tfnbs,"e=0.5,h=4.0,n=30,start_thres=1.25,min_cluster_size=3",hub,0.25,30,15,40,1730,0,0,40,1730,0.0,0.0,0.0,0.0,0.1744439805095846
fbc_tfnbs,"e=0.5,h=5.0,n=30,start_thres=1.25,min_cluster_size=3",hub,0.25,30,15,40,1730,0,0,40,1730,0.0,0.0,0.0,0.0,0.1744439805095846
fbc_tfnbs,"e=0.5,h=6.0,n=30,start_thres=1.25,min_cluster_size=3",hub,0.25,30,15,40,1730,0,0,40,1730,0.0,0.0,0.0,0.0,0.1744439805095846
fbc_tfnbs,"e=0.5,h=7.0,n=30,start_thres=1.25,min_cluster_size=3",hub,0.25,30,15,40,1730,0,0,40,1730,0.0,0.0,0.0,0.0,0.1744439805095846
fbc_tfnbs,"e=0.5,h=8.0,n=30,start_thres=1.25,min_cluster_size=3",hub,0.25,30,15,40,1730,0,0,40,1730,0.0,0.0,0.0,0.0,0.1744439805095846
fbc_tfnbs,"e=0.5,h=9.0,n=30,start_thres=1.25,min_cluster_size=3",hub,0.25,30,15,40,1730,0,0,40,1730,0.0,0.0,0.0,0.0,0.1744439805095846
fbc_tfnbs,"e=0.5,h=10.0,n=30,start_thres=1.25,min_cluster_size=3",hub,0.25,30,15,40,1730,0,0,40,1730,0.0,0.0,0.0,0.0,0.1744439805095846
fbc_tfnbs,"e=0.6,h=0.5,n=30,start_thres=1.25,min_cluster_size=3",hub,0.25,30,15,40,1730,0,0,40,1730,0.0,0.0,0.0,0.0,0.1744439805095846
fbc_tfnbs,"e=0.6,h=1.0,n=30,start_thres=1.25,min_cluster_size=3",hub,0.25,30,15,40,1730,0,0,40,1730,0.0,0.0,0.0,0.0,0.1744439805095846
fbc_tfnbs,"e=0.6,h=2.0,n=30,start_thres=1.25,min_cluster_size=3",hub,0.25,30,15,40,1730,0,0,40,1730,0.0,0.0,0.0,0.0,0.1744439805095846
fbc_tfnbs,"e=0.6,h=3.0,n=30,start_thres=1.25,min_cluster_size=3",hub,0.25,30,15,40,1730,0,0,40,1730,0.0,0.0,0.0,0.0,0.1744439805095846
fbc_tfnbs,"e=0.6,h=4.0,n=30,start_thres=1.25,min_cluster_size=3",hub,0.25,30,15,40,1730,0,0,40,1730,0.0,0.0,0.0,0.0,0.1744439805095846
fbc_tfnbs,"e=0.6,h=5.0,n=30,start_thres=1.25,min_cluster_size=3",hub,0.25,30,15,40,1730,0,0,40,1730,0.0,0.0,0.0,0.0,0.1744439805095846
fbc_tfnbs,"e=0.6,h=6.0,n=30,start_thres=1.25,min_cluster_size=3",hub,0.25,30,15,40,1730,0,0,40,1730,0.0,0.0,0.0,0.0,0.1744439805095846
fbc_tfnbs,"e=0.6,h=7.0,n=30,start_thres=1.25,min_cluster_size=3",hub,0.25,30,15,40,1730,0,0,40,1730,0.0,0.0,0.0,0.0,0.1744439805095846
fbc_tfnbs,"e=0.6,h=8.0,n=30,start_thres=1.25,min_cluster_size=3",hub,0.25,30,15,40,1730,0,0,40,1730,0.0,0.0,0.0,0.0,0.1744439805095846
fbc_tfnbs,"e=0.6,h=9.0,n=30,start_thres=1.25,min_cluster_size=3",hub,0.25,30,15,40,1730,0,0,40,1730,0.0,0.0,0.0,0.0,0.1744439805095846
fbc_tfnbs,"e=0.6,h=10.0,n=30,start_thres=1.25,min_cluster_size=3",hub,0.25,30,15,40,1730,0,0,40,1730,0.0,0.0,0.0,0.0,0.1744439805095846
fbc_tfnbs,"e=0.7,h=0.5,n=30,start_thres=1.25,min_cluster_size=3",hub,0.25,30,15,40,1730,0,0,40,1730,0.0,0.0,0.0,0.0,0.1744439805095846
fbc_tfnbs,"e=0.7,h=1.0,n=30,start_thres=1.25,min_cluster_size=3",hub,0.25,30,15,40,1730,0,0,40,1730,0.0,0.0,0.0,0.0,0.1744439805095846
fbc_tfnbs,"e=0.7,h=2.0,n=30,start_thres=1.25,min_cluster_size=3",hub,0.25,30,15,40,1730,0,0,40,1730,0.0,0.0,0.0,0.0,0.1744439805095846
fbc_tfnbs,"e=0.7,h=3.0,n=30,start_thres=1.25,min_cluster_size=3",hub,0.25,30,15,40,1730,0,0,40,1730,0.0,0.0,0.0,0.0,0.1744439805095846
fbc_tfnbs,"e=0.7,h=4.0,n=30,start_thres=1.25,min_cluster_size=3",hub,0.25,30,15,40,1730,0,0,40,1730,0.0,0.0,0.0,0.0,0.1744439805095846
fbc_tfnbs,"e=0.7,h=5.0,n=30,start_thres=1.25,min_cluster_size=3",hub,0.25,30,15,40,1730,0,0,40,1730,0.0,0.0,0.0,0.0,0.1744439805095846
fbc_tfnbs,"e=0.7,h=6.0,n=30,start_thres=1.25,min_cluster_size=3",hub,0.25,30,15,40,1730,0,0,40,1730,0.0,0.0,0.0,0.0,0.1744439805095846
fbc_tfnbs,"e=0.7,h=7.0,n=30,start_thres=1.25,min_cluster_size=3",hub,0.25,30,15,40,1730,0,0,40,1730,0.0,0.0,0.0,0.0,0.1744439805095846
fbc_tfnbs,"e=0.7,h=8.0,n=30,start_thres=1.25,min_cluster_size=3",hub,0.25,30,15,40,1730,0,0,40,1730,0.0,0.0,0.0,0.0,0.1744439805095846
fbc_tfnbs,"e=0.7,h=9.0,n=30,start_thres=1.25,min_cluster_size=3",hub,0.25,30,15,40,1730,0,0,40,1730,0.0,0.0,0.0,0.0,0.1744439805095846
fbc_tfnbs,"e=0.7,h=10.0,n=30,start_thres=1.25,min_cluster_size=3",hub,0.25,30,15,40,1730,0,0,40,1730,0.0,0.0,0.0,0.0,0.1744439805095846
fbc_tfnbs,"e=0.8,h=0.5,n=30,start_thres=1.25,min_cluster_size=3",hub,0.25,30,15,40,1730,0,0,40,1730,0.0,0.0,0.0,0.0,0.1744439805095846
fbc_tfnbs,"e=0.8,h=1.0,n=30,start_thres=1.25,min_cluster_size=3",hub,0.25,30,15,40,1730,0,0,40,1730,0.0,0.0,0.0,0.0,0.1744439805095846
fbc_tfnbs,"e=0.8,h=2.0,n=30,start_thres=1.25,min_cluster_size=3",hub,0.25,30,15,40,1730,0,0,40,1730,0.0,0.0,0.0,0.0,0.1744439805095846
fbc_tfnbs,"e=0.8,h=3.0,n=30,start_thres=1.25,min_cluster_size=3",hub,0.25,30,15,40,1730,0,0,40,1730,0.0,0.0,0.0,0.0,0.1744439805095846
fbc_tfnbs,"e=0.8,h=4.0,n=30,start_thres=1.25,min_cluster_size=3",hub,0.25,30,15,40,1730,0,0,40,1730,0.0,0.0,0.0,0.0,0.1744439805095846
fbc_tfnbs,"e=0.8,h=5.0,n=30,start_thres=1.25,min_cluster_size=3",hub,0.25,30,15,40,1730,0,0,40,1730,0.0,0.0,0.0,0.0,0.1744439805095846
fbc_tfnbs,"e=0.8,h=6.0,n=30,start_thres=1.25,min_cluster_size=3",hub,0.25,30,15,40,1730,0,0,40,1730,0.0,0.0,0.0,0.0,0.1744439805095846
fbc_tfnbs,"e=0.8,h=7.0,n=30,start_thres=1.25,min_cluster_size=3",hub,0.25,30,15,40,1730,0,0,40,1730,0.0,0.0,0.0,0.0,0.1744439805095846
fbc_tfnbs,"e=0.8,h=8.0,n=30,start_thres=1.25,min_cluster_size=3",hub,0.25,30,15,40,1730,0,0,40,1730,0.0,0.0,0.0,0.0,0.1744439805095846
fbc_tfnbs,"e=0.8,h=9.0,n=30,start_thres=1.25,min_cluster_size=3",hub,0.25,30,15,40,1730,0,0,40,1730,0.0,0.0,0.0,0.0,0.1744439805095846
fbc_tfnbs,"e=0.8,h=10.0,n=30,start_thres=1.25,min_cluster_size=3",hub,0.25,30,15,40,1730,0,0,40,1730,0.0,0.0,0.0,0.0,0.1744439805095846
fbc_tfnbs,"e=0.9,h=0.5,n=30,start_thres=1.25,min_cluster_size=3",hub,0.25,30,15,40,1730,0,0,40,1730,0.0,0.0,0.0,0.0,0.1744439805095846
fbc_tfnbs,"e=0.9,h=1.0,n=30,start_thres=1.25,min_cluster_size=3",hub,0.25,30,15,40,1730,0,0,40,1730,0.0,0.0,0.0,0.0,0.1744439805095846
fbc_tfnbs,"e=0.9,h=2.0,n=30,start_thres=1.25,min_cluster_size=3",hub,0.25,30,15,40,1730,0,0,40,1730,0.0,0.0,0.0,0.0,0.1744439805095846
fbc_tfnbs,"e=0.9,h=3.0,n=30,start_thres=1.25,min_cluster_size=3",hub,0.25,30,15,40,1730,0,0,40,1730,0.0,0.0,0.0,0.0,0.1744439805095846
fbc_tfnbs,"e=0.9,h=4.0,n=30,start_thres=1.25,min_cluster_size=3",hub,0.25,30,15,40,1730,0,0,40,1730,0.0,0.0,0.0,0.0,0.1744439805095846
fbc_tfnbs,"e=0.9,h=5.0,n=30,start_thres=1.25,min_cluster_size=3",hub,0.25,30,15,40,1730,0,0,40,1730,0.0,0.0,0.0,0.0,0.1744439805095846
fbc_tfnbs,"e=0.9,h=6.0,n=30,start_thres=1.25,min_cluster_size=3",hub,0.25,30,15,40,1730,0,0,40,1730,0.0,0.0,0.0,0.0,0.1744439805095846
fbc_tfnbs,"e=0.9,h=7.0,n=30,start_thres=1.25,min_cluster_size=3",hub,0.25,30,15,40,1730,0,0,40,1730,0.0,0.0,0.0,0.0,0.1744439805095846
fbc_tfnbs,"e=0.9,h=8.0,n=30,start_thres=1.25,min_cluster_size=3",hub,0.25,30,15,40,1730,0,0,40,1730,0.0,0.0,0.0,0.0,0.1744439805095846
fbc_tfnbs,"e=0.9,h=9.0,n=30,start_thres=1.25,min_cluster_size=3",hub,0.25,30,15,40,1730,0,0,40,1730,0.0,0.0,0.0,0.0,0.1744439805095846
fbc_tfnbs,"e=0.9,h=10.0,n=30,start_thres=1.25,min_cluster_size=3",hub,0.25,30,15,40,1730,0,0,40,1730,0.0,0.0,0.0,0.0,0.1744439805095846
fbc_tfnbs,"e=1.0,h=0.5,n=30,start_thres=1.25,min_cluster_size=3",hub,0.25,30,15,40,1730,0,0,40,1730,0.0,0.0,0.0,0.0,0.1744439805095846
fbc_tfnbs,"e=1.0,h=1.0,n=30,start_thres=1.25,min_cluster_size=3",hub,0.25,30,15,40,1730,0,0,40,1730,0.0,0.0,0.0,0.0,0.1744439805095846
fbc_tfnbs,"e=1.0,h=2.0,n=30,start_thres=1.25,min_cluster_size=3",hub,0.25,30,15,40,1730,0,0,40,1730,0.0,0.0,0.0,0.0,0.1744439805095846
fbc_tfnbs,"e=1.0,h=3.0,n=30,start_thres=1.25,min_cluster_size=3",hub,0.25,30,15,40,1730,0,0,40,1730,0.0,0.0,0.0,0.0,0.1744439805095846
fbc_tfnbs,"e=1.0,h=4.0,n=30,start_thres=1.25,min_cluster_size=3",hub,0.25,30,15,40,1730,0,0,40,1730,0.0,0.0,0.0,0.0,0.1744439805095846
fbc_tfnbs,"e=1.0,h=5.0,n=30,start_thres=1.25,min_cluster_size=3",hub,0.25,30,15,40,1730,0,0,40,1730,0.0,0.0,0.0,0.0,0.1744439805095846
fbc_tfnbs,"e=1.0,h=6.0,n=30,start_thres=1.25,min_cluster_size=3",hub,0.25,30,15,40,1730,0,0,40,1730,0.0,0.0,0.0,0.0,0.1744439805095846
fbc_tfnbs,"e=1.0,h=7.0,n=30,start_thres=1.25,min_cluster_size=3",hub,0.25,30,15,40,1730,0,0,40,1730,0.0,0.0,0.0,0.0,0.1744439805095846
fbc_tfnbs,"e=1.0,h=8.0,n=30,start_thres=1.25,min_cluster_size=3",hub,0.25,30,15,40,1730,0,0,40,1730,0.0,0.0,0.0,0.0,0.1744439805095846
fbc_tfnbs,"e=1.0,h=9.0,n=30,start_thres=1.25,min_cluster_size=3",hub,0.25,30,15,40,1730,0,0,40,1730,0.0,0.0,0.0,0.0,0.1744439805095846
fbc_tfnbs,"e=1.0,h=10.0,n=30,start_thres=1.25,min_cluster_size=3",hub,0.25,30,15,40,1730,0,0,40,1730,0.0,0.0,0.0,0.0,0.1744439805095846
fbc_tfnbs,"e=1.1,h=0.5,n=30,start_thres=1.25,min_cluster_size=3",hub,0.25,30,15,40,1730,0,0,40,1730,0.0,0.0,0.0,0.0,0.1744439805095846
fbc_tfnbs,"e=1.1,h=1.0,n=30,start_thres=1.25,min_cluster_size=3",hub,0.25,30,15,40,1730,0,0,40,1730,0.0,0.0,0.0,0.0,0.1744439805095846
fbc_tfnbs,"e=1.1,h=2.0,n=30,start_thres=1.25,min_cluster_size=3",hub,0.25,30,15,40,1730,0,0,40,1730,0.0,0.0,0.0,0.0,0.1744439805095846
fbc_tfnbs,"e=1.1,h=3.0,n=30,start_thres=1.25,min_cluster_size=3",hub,0.25,30,15,40,1730,0,0,40,1730,0.0,0.0,0.0,0.0,0.1744439805095846
fbc_tfnbs,"e=1.1,h=4.0,n=30,start_thres=1.25,min_cluster_size=3",hub,0.25,30,15,40,1730,0,0,40,1730,0.0,0.0,0.0,0.0,0.1744439805095846
fbc_tfnbs,"e=1.1,h=5.0,n=30,start_thres=1.25,min_cluster_size=3",hub,0.25,30,15,40,1730,0,0,40,1730,0.0,0.0,0.0,0.0,0.1744439805095846
fbc_tfnbs,"e=1.1,h=6.0,n=30,start_thres=1.25,min_cluster_size=3",hub,0.25,30,15,40,1730,0,0,40,1730,0.0,0.0,0.0,0.0,0.1744439805095846
fbc_tfnbs,"e=1.1,h=7.0,n=30,start_thres=1.25,min_cluster_size=3",hub,0.25,30,15,40,1730,0,0,40,1730,0.0,0.0,0.0,0.0,0.1744439805095846
fbc_tfnbs,"e=1.1,h=8.0,n=30,start_thres=1.25,min_cluster_size=3",hub,0.25,30,15,40,1730,0,0,40,1730,0.0,0.0,0.0,0.0,0.1744439805095846
fbc_tfnbs,"e=1.1,h=9.0,n=30,start_thres=1.25,min_cluster_size=3",hub,0.25,30,15,40,1730,0,0,40,1730,0.0,0.0,0.0,0.0,0.1744439805095846
fbc_tfnbs,"e=1.1,h=10.0,n=30,start_thres=1.25,min_cluster_size=3",hub,0.25,30,15,40,1730,0,0,40,1730,0.0,0.0,0.0,0.0,0.1744439805095846
fbc_tfnbs,"e=1.2,h=0.5,n=30,start_thres=1.25,min_cluster_size=3",hub,0.25,30,15,40,1730,0,0,40,1730,0.0,0.0,0.0,0.0,0.1744439805095846
fbc_tfnbs,"e=1.2,h=1.0,n=30,start_thres=1.25,min_cluster_size=3",hub,0.25,30,15,40,1730,0,0,40,1730,0.0,0.0,0.0,0.0,0.1744439805095846
fbc_tfnbs,"e=1.2,h=2.0,n=30,start_thres=1.25,min_cluster_size=3",hub,0.25,30,15,40,1730,0,0,40,1730,0.0,0.0,0.0,0.0,0.1744439805095846
fbc_tfnbs,"e=1.2,h=3.0,n=30,start_thres=1.25,min_cluster_size=3",hub,0.25,30,15,40,1730,0,0,40,1730,0.0,0.0,0.0,0.0,0.1744439805095846
fbc_tfnbs,"e=1.2,h=4.0,n=30,start_thres=1.25,min_cluster_size=3",hub,0.25,30,15,40,1730,0,0,40,1730,0.0,0.0,0.0,0.0,0.1744439805095846
fbc_tfnbs,"e=1.2,h=5.0,n=30,start_thres=1.25,min_cluster_size=3",hub,0.25,30,15,40,1730,0,0,40,1730,0.0,0.0,0.0,0.0,0.1744439805095846
fbc_tfnbs,"e=1.2,h=6.0,n=30,start_thres=1.25,min_cluster_size=3",hub,0.25,30,15,40,1730,0,0,40,1730,0.0,0.0,0.0,0.0,0.1744439805095846
fbc_tfnbs,"e=1.2,h=7.0,n=30,start_thres=1.25,min_cluster_size=3",hub,0.25,30,15,40,1730,0,0,40,1730,0.0,0.0,0.0,0.0,0.1744439805095846
fbc_tfnbs,"e=1.2,h=8.0,n=30,start_thres=1.25,min_cluster_size=3",hub,0.25,30,15,40,1730,0,0,40,1730,0.0,0.0,0.0,0.0,0.1744439805095846
fbc_tfnbs,"e=1.2,h=9.0,n=30,start_thres=1.25,min_cluster_size=3",hub,0.25,30,15,40,1730,0,0,40,1730,0.0,0.0,0.0,0.0,0.1744439805095846
fbc_tfnbs,"e=1.2,h=10.0,n=30,start_thres=1.25,min_cluster_size=3",hub,0.25,30,15,40,1730,0,0,40,1730,0.0,0.0,0.0,0.0,0.1744439805095846
fbc_tfnbs,"e=1.3,h=0.5,n=30,start_thres=1.25,min_cluster_size=3",hub,0.25,30,15,40,1730,0,0,40,1730,0.0,0.0,0.0,0.0,0.1744439805095846
fbc_tfnbs,"e=1.3,h=1.0,n=30,start_thres=1.25,min_cluster_size=3",hub,0.25,30,15,40,1730,0,0,40,1730,0.0,0.0,0.0,0.0,0.1744439805095846
fbc_tfnbs,"e=1.3,h=2.0,n=30,start_thres=1.25,min_cluster_size=3",hub,0.25,30,15,40,1730,0,0,40,1730,0.0,0.0,0.0,0.0,0.1744439805095846
fbc_tfnbs,"e=1.3,h=3.0,n=30,start_thres=1.25,min_cluster_size=3",hub,0.25,30,15,40,1730,0,0,40,1730,0.0,0.0,0.0,0.0,0.1744439805095846
fbc_tfnbs,"e=1.3,h=4.0,n=30,start_thres=1.25,min_cluster_size=3",hub,0.25,30,15,40,1730,0,0,40,1730,0.0,0.0,0.0,0.0,0.1744439805095846
fbc_tfnbs,"e=1.3,h=5.0,n=30,start_thres=1.25,min_cluster_size=3",hub,0.25,30,15,40,1730,0,0,40,1730,0.0,0.0,0.0,0.0,0.1744439805095846
fbc_tfnbs,"e=1.3,h=6.0,n=30,start_thres=1.25,min_cluster_size=3",hub,0.25,30,15,40,1730,0,0,40,1730,0.0,0.0,0.0,0.0,0.1744439805095846
fbc_tfnbs,"e=1.3,h=7.0,n=30,start_thres=1.25,min_cluster_size=3",hub,0.25,30,15,40,1730,0,0,40,1730,0.0,0.0,0.0,0.0,0.1744439805095846
fbc_tfnbs,"e=1.3,h=8.0,n=30,start_thres=1.25,min_cluster_size=3",hub,0.25,30,15,40,1730,0,0,40,1730,0.0,0.0,0.0,0.0,0.1744439805095846
fbc_tfnbs,"e=1.3,h=9.0,n=30,start_thres=1.25,min_cluster_size=3",hub,0.25,30,15,40,1730,0,0,40,1730,0.0,0.0,0.0,0.0,0.1744439805095846
fbc_tfnbs,"e=1.3,h=10.0,n=30,start_thres=1.25,min_cluster_size=3",hub,0.25,30,15,40,1730,0,0,40,1730,0.0,0.0,0.0,0.0,0.1744439805095846
fbc_tfnbs,"e=1.4,h=0.5,n=30,start_thres=1.25,min_cluster_size=3",hub,0.25,30,15,40,1730,0,0,40,1730,0.0,0.0,0.0,0.0,0.1744439805095846
fbc_tfnbs,"e=1.4,h=1.0,n=30,start_thres=1.25,min_cluster_size=3",hub,0.25,30,15,40,1730,0,0,40,1730,0.0,0.0,0.0,0.0,0.1744439805095846
fbc_tfnbs,"e=1.4,h=2.0,n=30,start_thres=1.25,min_cluster_size=3",hub,0.25,30,15,40,1730,0,0,40,1730,0.0,0.0,0.0,0.0,0.1744439805095846
fbc_tfnbs,"e=1.4,h=3.0,n=30,start_thres=1.25,min_cluster_size=3",hub,0.25,30,15,40,1730,0,0,40,1730,0.0,0.0,0.0,0.0,0.1744439805095846
fbc_tfnbs,"e=1.4,h=4.0,n=30,start_thres=1.25,min_cluster_size=3",hub,0.25,30,15,40,1730,0,0,40,1730,0.0,0.0,0.0,0.0,0.1744439805095846
fbc_tfnbs,"e=1.4,h=5.0,n=30,start_thres=1.25,min_cluster_size=3",hub,0.25,30,15,40,1730,0,0,40,1730,0.0,0.0,0.0,0.0,0.1744439805095846
fbc_tfnbs,"e=1.4,h=6.0,n=30,start_thres=1.25,min_cluster_size=3",hub,0.25,30,15,40,1730,0,0,40,1730,0.0,0.0,0.0,0.0,0.1744439805095846
fbc_tfnbs,"e=1.4,h=7.0,n=30,start_thres=1.25,min_cluster_size=3",hub,0.25,30,15,40,1730,0,0,40,1730,0.0,0.0,0.0,0.0,0.1744439805095846
fbc_tfnbs,"e=1.4,h=8.0,n=30,start_thres=1.25,min_cluster_size=3",hub,0.25,30,15,40,1730,0,0,40,1730,0.0,0.0,0.0,0.0,0.1744439805095846
fbc_tfnbs,"e=1.4,h=9.0,n=30,start_thres=1.25,min_cluster_size=3",hub,0.25,30,15,40,1730,0,0,40,1730,0.0,0.0,0.0,0.0,0.1744439805095846
fbc_tfnbs,"e=1.4,h=10.0,n=30,start_thres=1.25,min_cluster_size=3",hub,0.25,30,15,40,1730,0,0,40,1730,0.0,0.0,0.0,0.0,0.1744439805095846
fbc_tfnbs,"e=1.5,h=0.5,n=30,start_thres=1.25,min_cluster_size=3",hub,0.25,30,15,40,1730,0,0,40,1730,0.0,0.0,0.0,0.0,0.1744439805095846
fbc_tfnbs,"e=1.5,h=1.0,n=30,start_thres=1.25,min_cluster_size=3",hub,0.25,30,15,40,1730,0,0,40,1730,0.0,0.0,0.0,0.0,0.1744439805095846
fbc_tfnbs,"e=1.5,h=2.0,n=30,start_thres=1.25,min_cluster_size=3",hub,0.25,30,15,40,1730,0,0,40,1730,0.0,0.0,0.0,0.0,0.1744439805095846
fbc_tfnbs,"e=1.5,h=3.0,n=30,start_thres=1.25,min_cluster_size=3",hub,0.25,30,15,40,1730,0,0,40,1730,0.0,0.0,0.0,0.0,0.1744439805095846
fbc_tfnbs,"e=1.5,h=4.0,n=30,start_thres=1.25,min_cluster_size=3",hub,0.25,30,15,40,1730,0,0,40,1730,0.0,0.0,0.0,0.0,0.1744439805095846
fbc_tfnbs,"e=1.5,h=5.0,n=30,start_thres=1.25,min_cluster_size=3",hub,0.25,30,15,40,1730,0,0,40,1730,0.0,0.0,0.0,0.0,0.1744439805095846
fbc_tfnbs,"e=1.5,h=6.0,n=30,start_thres=1.25,min_cluster_size=3",hub,0.25,30,15,40,1730,0,0,40,1730,0.0,0.0,0.0,0.0,0.1744439805095846
fbc_tfnbs,"e=1.5,h=7.0,n=30,start_thres=1.25,min_cluster_size=3",hub,0.25,30,15,40,1730,0,0,40,1730,0.0,0.0,0.0,0.0,0.1744439805095846
fbc_tfnbs,"e=1.5,h=8.0,n=30,start_thres=1.25,min_cluster_size=3",hub,0.25,30,15,40,1730,0,0,40,1730,0.0,0.0,0.0,0.0,0.1744439805095846
fbc_tfnbs,"e=1.5,h=9.0,n=30,start_thres=1.25,min_cluster_size=3",hub,0.25,30,15,40,1730,0,0,40,1730,0.0,0.0,0.0,0.0,0.1744439805095846
fbc_tfnbs,"e=1.5,h=10.0,n=30,start_thres=1.25,min_cluster_size=3",hub,0.25,30,15,40,1730,0,0,40,1730,0.0,0.0,0.0,0.0,0.1744439805095846
fbc_tfnbs,"e=0.05,h=0.5,n=30,start_thres=1.25,min_cluster_size=3",hub,0.25,30,17,40,1730,18,4,22,1726,0.45,0.0023121387283236,0.8181818181818182,0.1818181818181818,0.1749591014601967
fbc_tfnbs,"e=0.05,h=1.0,n=30,start_thres=1.25,min_cluster_size=3",hub,0.25,30,17,40,1730,18,4,22,1726,0.45,0.0023121387283236,0.8181818181818182,0.1818181818181818,0.1749591014601967
fbc_tfnbs,"e=0.05,h=2.0,n=30,start_thres=1.25,min_cluster_size=3",hub,0.25,30,17,40,1730,18,4,22,1726,0.45,0.0023121387283236,0.8181818181818182,0.1818181818181818,0.1749591014601967
fbc_tfnbs,"e=0.05,h=3.0,n=30,start_thres=1.25,min_cluster_size=3",hub,0.25,30,17,40,1730,18,4,22,1726,0.45,0.0023121387283236,0.8181818181818182,0.1818181818181818,0.1749591014601967
fbc_tfnbs,"e=0.05,h=4.0,n=30,start_thres=1.25,min_cluster_size=3",hub,0.25,30,17,40,1730,18,4,22,1726,0.45,0.0023121387283236,0.8181818181818182,0.1818181818181818,0.1749591014601967
fbc_tfnbs,"e=0.05,h=5.0,n=30,start_thres=1.25,min_cluster_size=3",hub,0.25,30,17,40,1730,18,4,22,1726,0.45,0.0023121387283236,0.8181818181818182,0.1818181818181818,0.1749591014601967
fbc_tfnbs,"e=0.05,h=6.0,n=30,start_thres=1.25,min_cluster_size=3",hub,0.25,30,17,40,1730,18,4,22,1726,0.45,0.0023121387283236,0.8181818181818182,0.1818181818181818,0.1749591014601967
fbc_tfnbs,"e=0.05,h=7.0,n=30,start_thres=1.25,min_cluster_size=3",hub,0.25,30,17,40,1730,18,4,22,1726,0.45,0.0023121387283236,0.8181818181818182,0.1818181818181818,0.1749591014601967
fbc_tfnbs,"e=0.05,h=8.0,n=30,start_thres=1.25,min_cluster_size=3",hub,0.25,30,17,40,1730,18,4,22,1726,0.45,0.0023121387283236,0.8181818181818182,0.1818181818181818,0.1749591014601967
fbc_tfnbs,"e=0.05,h=9.0,n=30,start_thres=1.25,min_cluster_size=3",hub,0.25,30,17,40,1730,18,4,22,1726,0.45,0.0023121387283236,0.8181818181818182,0.1818181818181818,0.1749591014601967
fbc_tfnbs,"e=0.05,h=10.0,n=30,start_thres=1.25,min_cluster_size=3",hub,0.25,30,17,40,1730,18,4,22,1726,0.45,0.0023121387283236,0.8181818181818182,0.1818181818181818,0.1749591014601967
fbc_tfnbs,"e=0.1,h=0.5,n=30,start_thres=1.25,min_cluster_size=3",hub,0.25,30,17,40,1730,18,4,22,1726,0.45,0.0023121387283236,0.8181818181818182,0.1818181818181818,0.1749591014601967
fbc_tfnbs,"e=0.1,h=1.0,n=30,start_thres=1.25,min_cluster_size=3",hub,0.25,30,17,40,1730,18,4,22,1726,0.45,0.0023121387283236,0.8181818181818182,0.1818181818181818,0.1749591014601967
fbc_tfnbs,"e=0.1,h=2.0,n=30,start_thres=1.25,min_cluster_size=3",hub,0.25,30,17,40,1730,18,4,22,1726,0.45,0.0023121387283236,0.8181818181818182,0.1818181818181818,0.1749591014601967
fbc_tfnbs,"e=0.1,h=3.0,n=30,start_thres=1.25,min_cluster_size=3",hub,0.25,30,17,40,1730,18,4,22,1726,0.45,0.0023121387283236,0.8181818181818182,0.1818181818181818,0.1749591014601967
fbc_tfnbs,"e=0.1,h=4.0,n=30,start_thres=1.25,min_cluster_size=3",hub,0.25,30,17,40,1730,18,4,22,1726,0.45,0.0023121387283236,0.8181818181818182,0.1818181818181818,0.1749591014601967
fbc_tfnbs,"e=0.1,h=5.0,n=30,start_thres=1.25,min_cluster_size=3",hub,0.25,30,17,40,1730,18,4,22,1726,0.45,0.0023121387283236,0.8181818181818182,0.1818181818181818,0.1749591014601967
fbc_tfnbs,"e=0.1,h=6.0,n=30,start_thres=1.25,min_cluster_size=3",hub,0.25,30,17,40,1730,18,4,22,1726,0.45,0.0023121387283236,0.8181818181818182,0.1818181818181818,0.1749591014601967
fbc_tfnbs,"e=0.1,h=7.0,n=30,start_thres=1.25,min_cluster_size=3",hub,0.25,30,17,40,1730,18,4,22,1726,0.45,0.0023121387283236,0.8181818181818182,0.1818181818181818,0.1749591014601967
fbc_tfnbs,"e=0.1,h=8.0,n=30,start_thres=1.25,min_cluster_size=3",hub,0.25,30,17,40,1730,18,4,22,1726,0.45,0.0023121387283236,0.8181818181818182,0.1818181818181818,0.1749591014601967
fbc_tfnbs,"e=0.1,h=9.0,n=30,start_thres=1.25,min_cluster_size=3",hub,0.25,30,17,40,1730,18,4,22,1726,0.45,0.0023121387283236,0.8181818181818182,0.1818181818181818,0.1749591014601967
fbc_tfnbs,"e=0.1,h=10.0,n=30,start_thres=1.25,min_cluster_size=3",hub,0.25,30,17,40,1730,18,4,22,1726,0.45,0.0023121387283236,0.8181818181818182,0.1818181818181818,0.1749591014601967
fbc_tfnbs,"e=0.2,h=0.5,n=30,start_thres=1.25,min_cluster_size=3",hub,0.25,30,17,40,1730,18,4,22,1726,0.45,0.0023121387283236,0.8181818181818182,0.1818181818181818,0.1749591014601967
fbc_tfnbs,"e=0.2,h=1.0,n=30,start_thres=1.25,min_cluster_size=3",hub,0.25,30,17,40,1730,18,4,22,1726,0.45,0.0023121387283236,0.8181818181818182,0.1818181818181818,0.1749591014601967
fbc_tfnbs,"e=0.2,h=2.0,n=30,start_thres=1.25,min_cluster_size=3",hub,0.25,30,17,40,1730,18,4,22,1726,0.45,0.0023121387283236,0.8181818181818182,0.1818181818181818,0.1749591014601967
fbc_tfnbs,"e=0.2,h=3.0,n=30,start_thres=1.25,min_cluster_size=3",hub,0.25,30,17,40,1730,18,4,22,1726,0.45,0.0023121387283236,0.8181818181818182,0.1818181818181818,0.1749591014601967
fbc_tfnbs,"e=0.2,h=4.0,n=30,start_thres=1.25,min_cluster_size=3",hub,0.25,30,17,40,1730,18,4,22,1726,0.45,0.0023121387283236,0.8181818181818182,0.1818181818181818,0.1749591014601967
fbc_tfnbs,"e=0.2,h=5.0,n=30,start_thres=1.25,min_cluster_size=3",hub,0.25,30,17,40,1730,18,4,22,1726,0.45,0.0023121387283236,0.8181818181818182,0.1818181818181818,0.1749591014601967
fbc_tfnbs,"e=0.2,h=6.0,n=30,start_thres=1.25,min_cluster_size=3",hub,0.25,30,17,40,1730,18,4,22,1726,0.45,0.0023121387283236,0.8181818181818182,0.1818181818181818,0.1749591014601967
fbc_tfnbs,"e=0.2,h=7.0,n=30,start_thres=1.25,min_cluster_size=3",hub,0.25,30,17,40,1730,18,4,22,1726,0.45,0.0023121387283236,0.8181818181818182,0.1818181818181818,0.1749591014601967
fbc_tfnbs,"e=0.2,h=8.0,n=30,start_thres=1.25,min_cluster_size=3",hub,0.25,30,17,40,1730,18,4,22,1726,0.45,0.0023121387283236,0.8181818181818182,0.1818181818181818,0.1749591014601967
fbc_tfnbs,"e=0.2,h=9.0,n=30,start_thres=1.25,min_cluster_size=3",hub,0.25,30,17,40,1730,18,4,22,1726,0.45,0.0023121387283236,0.8181818181818182,0.1818181818181818,0.1749591014601967
fbc_tfnbs,"e=0.2,h=10.0,n=30,start_thres=1.25,min_cluster_size=3",hub,0.25,30,17,40,1730,18,4,22,1726,0.45,0.0023121387283236,0.8181818181818182,0.1818181818181818,0.1749591014601967
fbc_tfnbs,"e=0.3,h=0.5,n=30,start_thres=1.25,min_cluster_size=3",hub,0.25,30,17,40,1730,18,4,22,1726,0.45,0.0023121387283236,0.8181818181818182,0.1818181818181818,0.1749591014601967
fbc_tfnbs,"e=0.3,h=1.0,n=30,start_thres=1.25,min_cluster_size=3",hub,0.25,30,17,40,1730,18,4,22,1726,0.45,0.0023121387283236,0.8181818181818182,0.1818181818181818,0.1749591014601967
fbc_tfnbs,"e=0.3,h=2.0,n=30,start_thres=1.25,min_cluster_size=3",hub,0.25,30,17,40,1730,18,4,22,1726,0.45,0.0023121387283236,0.8181818181818182,0.1818181818181818,0.1749591014601967
fbc_tfnbs,"e=0.3,h=3.0,n=30,start_thres=1.25,min_cluster_size=3",hub,0.25,30,17,40,1730,18,4,22,1726,0.45,0.0023121387283236,0.8181818181818182,0.1818181818181818,0.1749591014601967
fbc_tfnbs,"e=0.3,h=4.0,n=30,start_thres=1.25,min_cluster_size=3",hub,0.25,30,17,40,1730,18,4,22,1726,0.45,0.0023121387283236,0.8181818181818182,0.1818181818181818,0.1749591014601967
fbc_tfnbs,"e=0.3,h=5.0,n=30,start_thres=1.25,min_cluster_size=3",hub,0.25,30,17,40,1730,18,4,22,1726,0.45,0.0023121387283236,0.8181818181818182,0.1818181818181818,0.1749591014601967
fbc_tfnbs,"e=0.3,h=6.0,n=30,start_thres=1.25,min_cluster_size=3",hub,0.25,30,17,40,1730,18,4,22,1726,0.45,0.0023121387283236,0.8181818181818182,0.1818181818181818,0.1749591014601967
fbc_tfnbs,"e=0.3,h=7.0,n=30,start_thres=1.25,min_cluster_size=3",hub,0.25,30,17,40,1730,18,4,22,1726,0.45,0.0023121387283236,0.8181818181818182,0.1818181818181818,0.1749591014601967
fbc_tfnbs,"e=0.3,h=8.0,n=30,start_thres=1.25,min_cluster_size=3",hub,0.25,30,17,40,1730,18,4,22,1726,0.45,0.0023121387283236,0.8181818181818182,0.1818181818181818,0.1749591014601967
fbc_tfnbs,"e=0.3,h=9.0,n=30,start_thres=1.25,min_cluster_size=3",hub,0.25,30,17,40,1730,20,4,20,1726,0.5,0.0023121387283236,0.8333333333333334,0.1666666666666666,0.1749591014601967
fbc_tfnbs,"e=0.3,h=10.0,n=30,start_thres=1.25,min_cluster_size=3",hub,0.25,30,17,40,1730,18,4,22,1726,0.45,0.0023121387283236,0.8181818181818182,0.1818181818181818,0.1749591014601967
fbc_tfnbs,"e=0.4,h=0.5,n=30,start_thres=1.25,min_cluster_size=3",hub,0.25,30,17,40,1730,18,4,22,1726,0.45,0.0023121387283236,0.8181818181818182,0.1818181818181818,0.1749591014601967
fbc_tfnbs,"e=0.4,h=1.0,n=30,start_thres=1.25,min_cluster_size=3",hub,0.25,30,17,40,1730,18,4,22,1726,0.45,0.0023121387283236,0.8181818181818182,0.1818181818181818,0.1749591014601967
fbc_tfnbs,"e=0.4,h=2.0,n=30,start_thres=1.25,min_cluster_size=3",hub,0.25,30,17,40,1730,18,4,22,1726,0.45,0.0023121387283236,0.8181818181818182,0.1818181818181818,0.1749591014601967
fbc_tfnbs,"e=0.4,h=3.0,n=30,start_thres=1.25,min_cluster_size=3",hub,0.25,30,17,40,1730,18,4,22,1726,0.45,0.0023121387283236,0.8181818181818182,0.1818181818181818,0.1749591014601967
fbc_tfnbs,"e=0.4,h=4.0,n=30,start_thres=1.25,min_cluster_size=3",hub,0.25,30,17,40,1730,18,4,22,1726,0.45,0.0023121387283236,0.8181818181818182,0.1818181818181818,0.1749591014601967
fbc_tfnbs,"e=0.4,h=5.0,n=30,start_thres=1.25,min_cluster_size=3",hub,0.25,30,17,40,1730,18,4,22,1726,0.45,0.0023121387283236,0.8181818181818182,0.1818181818181818,0.1749591014601967
fbc_tfnbs,"e=0.4,h=6.0,n=30,start_thres=1.25,min_cluster_size=3",hub,0.25,30,17,40,1730,18,4,22,1726,0.45,0.0023121387283236,0.8181818181818182,0.1818181818181818,0.1749591014601967
fbc_tfnbs,"e=0.4,h=7.0,n=30,start_thres=1.25,min_cluster_size=3",hub,0.25,30,17,40,1730,20,4,20,1726,0.5,0.0023121387283236,0.8333333333333334,0.1666666666666666,0.1749591014601967
fbc_tfnbs,"e=0.4,h=8.0,n=30,start_thres=1.25,min_cluster_size=3",hub,0.25,30,17,40,1730,20,4,20,1726,0.5,0.0023121387283236,0.8333333333333334,0.1666666666666666,0.1749591014601967
fbc_tfnbs,"e=0.4,h=9.0,n=30,start_thres=1.25,min_cluster_size=3",hub,0.25,30,17,40,1730,20,4,20,1726,0.5,0.0023121387283236,0.8333333333333334,0.1666666666666666,0.1749591014601967
fbc_tfnbs,"e=0.4,h=10.0,n=30,start_thres=1.25,min_cluster_size=3",hub,0.25,30,17,40,1730,20,4,20,1726,0.5,0.0023121387283236,0.8333333333333334,0.1666666666666666,0.1749591014601967
fbc_tfnbs,"e=0.5,h=0.5,n=30,start_thres=1.25,min_cluster_size=3",hub,0.25,30,17,40,1730,15,4,25,1726,0.375,0.0023121387283236,0.7894736842105263,0.2105263157894736,0.1749591014601967
fbc_tfnbs,"e=0.5,h=1.0,n=30,start_thres=1.25,min_cluster_size=3",hub,0.25,30,17,40,1730,18,4,22,1726,0.45,0.0023121387283236,0.8181818181818182,0.1818181818181818,0.1749591014601967
fbc_tfnbs,"e=0.5,h=2.0,n=30,start_thres=1.25,min_cluster_size=3",hub,0.25,30,17,40,1730,19,4,21,1726,0.475,0.0023121387283236,0.8260869565217391,0.1739130434782608,0.1749591014601967
fbc_tfnbs,"e=0.5,h=3.0,n=30,start_thres=1.25,min_cluster_size=3",hub,0.25,30,17,40,1730,18,4,22,1726,0.45,0.0023121387283236,0.8181818181818182,0.1818181818181818,0.1749591014601967
fbc_tfnbs,"e=0.5,h=4.0,n=30,start_thres=1.25,min_cluster_size=3",hub,0.25,30,17,40,1730,18,4,22,1726,0.45,0.0023121387283236,0.8181818181818182,0.1818181818181818,0.1749591014601967
fbc_tfnbs,"e=0.5,h=5.0,n=30,start_thres=1.25,min_cluster_size=3",hub,0.25,30,17,40,1730,18,4,22,1726,0.45,0.0023121387283236,0.8181818181818182,0.1818181818181818,0.1749591014601967
fbc_tfnbs,"e=0.5,h=6.0,n=30,start_thres=1.25,min_cluster_size=3",hub,0.25,30,17,40,1730,20,4,20,1726,0.5,0.0023121387283236,0.8333333333333334,0.1666666666666666,0.1749591014601967
fbc_tfnbs,"e=0.5,h=7.0,n=30,start_thres=1.25,min_cluster_size=3",hub,0.25,30,17,40,1730,20,4,20,1726,0.5,0.0023121387283236,0.8333333333333334,0.1666666666666666,0.1749591014601967
fbc_tfnbs,"e=0.5,h=8.0,n=30,start_thres=1.25,min_cluster_size=3",hub,0.25,30,17,40,1730,20,4,20,1726,0.5,0.0023121387283236,0.8333333333333334,0.1666666666666666,0.1749591014601967
fbc_tfnbs,"e=0.5,h=9.0,n=30,start_thres=1.25,min_cluster_size=3",hub,0.25,30,17,40,1730,20,4,20,1726,0.5,0.0023121387283236,0.8333333333333334,0.1666666666666666,0.1749591014601967
fbc_tfnbs,"e=0.5,h=10.0,n=30,start_thres=1.25,min_cluster_size=3",hub,0.25,30,17,40,1730,20,4,20,1726,0.5,0.0023121387283236,0.8333333333333334,0.1666666666666666,0.1749591014601967
fbc_tfnbs,"e=0.6,h=0.5,n=30,start_thres=1.25,min_cluster_size=3",hub,0.25,30,17,40,1730,15,4,25,1726,0.375,0.0023121387283236,0.7894736842105263,0.2105263157894736,0.1749591014601967
fbc_tfnbs,"e=0.6,h=1.0,n=30,start_thres=1.25,min_cluster_size=3",hub,0.25,30,17,40,1730,15,4,25,1726,0.375,0.0023121387283236,0.7894736842105263,0.2105263157894736,0.1749591014601967
fbc_tfnbs,"e=0.6,h=2.0,n=30,start_thres=1.25,min_cluster_size=3",hub,0.25,30,17,40,1730,18,4,22,1726,0.45,0.0023121387283236,0.8181818181818182,0.1818181818181818,0.1749591014601967
fbc_tfnbs,"e=0.6,h=3.0,n=30,start_thres=1.25,min_cluster_size=3",hub,0.25,30,17,40,1730,19,4,21,1726,0.475,0.0023121387283236,0.8260869565217391,0.1739130434782608,0.1749591014601967
fbc_tfnbs,"e=0.6,h=4.0,n=30,start_thres=1.25,min_cluster_size=3",hub,0.25,30,17,40,1730,19,4,21,1726,0.475,0.0023121387283236,0.8260869565217391,0.1739130434782608,0.1749591014601967
fbc_tfnbs,"e=0.6,h=5.0,n=30,start_thres=1.25,min_cluster_size=3",hub,0.25,30,17,40,1730,18,4,22,1726,0.45,0.0023121387283236,0.8181818181818182,0.1818181818181818,0.1749591014601967
fbc_tfnbs,"e=0.6,h=6.0,n=30,start_thres=1.25,min_cluster_size=3",hub,0.25,30,17,40,1730,18,4,22,1726,0.45,0.0023121387283236,0.8181818181818182,0.1818181818181818,0.1749591014601967
fbc_tfnbs,"e=0.6,h=7.0,n=30,start_thres=1.25,min_cluster_size=3",hub,0.25,30,17,40,1730,20,4,20,1726,0.5,0.0023121387283236,0.8333333333333334,0.1666666666666666,0.1749591014601967
fbc_tfnbs,"e=0.6,h=8.0,n=30,start_thres=1.25,min_cluster_size=3",hub,0.25,30,17,40,1730,20,4,20,1726,0.5,0.0023121387283236,0.8333333333333334,0.1666666666666666,0.1749591014601967
fbc_tfnbs,"e=0.6,h=9.0,n=30,start_thres=1.25,min_cluster_size=3",hub,0.25,30,17,40,1730,20,4,20,1726,0.5,0.0023121387283236,0.8333333333333334,0.1666666666666666,0.1749591014601967
fbc_tfnbs,"e=0.6,h=10.0,n=30,start_thres=1.25,min_cluster_size=3",hub,0.25,30,17,40,1730,20,4,20,1726,0.5,0.0023121387283236,0.8333333333333334,0.1666666666666666,0.1749591014601967
fbc_tfnbs,"e=0.7,h=0.5,n=30,start_thres=1.25,min_cluster_size=3",hub,0.25,30,17,40,1730,10,4,30,1726,0.25,0.0023121387283236,0.7142857142857143,0.2857142857142857,0.1749591014601967
fbc_tfnbs,"e=0.7,h=1.0,n=30,start_thres=1.25,min_cluster_size=3",hub,0.25,30,17,40,1730,15,4,25,1726,0.375,0.0023121387283236,0.7894736842105263,0.2105263157894736,0.1749591014601967
fbc_tfnbs,"e=0.7,h=2.0,n=30,start_thres=1.25,min_cluster_size=3",hub,0.25,30,17,40,1730,18,4,22,1726,0.45,0.0023121387283236,0.8181818181818182,0.1818181818181818,0.1749591014601967
fbc_tfnbs,"e=0.7,h=3.0,n=30,start_thres=1.25,min_cluster_size=3",hub,0.25,30,17,40,1730,19,4,21,1726,0.475,0.0023121387283236,0.8260869565217391,0.1739130434782608,0.1749591014601967
fbc_tfnbs,"e=0.7,h=4.0,n=30,start_thres=1.25,min_cluster_size=3",hub,0.25,30,17,40,1730,19,4,21,1726,0.475,0.0023121387283236,0.8260869565217391,0.1739130434782608,0.1749591014601967
fbc_tfnbs,"e=0.7,h=5.0,n=30,start_thres=1.25,min_cluster_size=3",hub,0.25,30,17,40,1730,19,4,21,1726,0.475,0.0023121387283236,0.8260869565217391,0.1739130434782608,0.1749591014601967
fbc_tfnbs,"e=0.7,h=6.0,n=30,start_thres=1.25,min_cluster_size=3",hub,0.25,30,17,40,1730,20,4,20,1726,0.5,0.0023121387283236,0.8333333333333334,0.1666666666666666,0.1749591014601967
fbc_tfnbs,"e=0.7,h=7.0,n=30,start_thres=1.25,min_cluster_size=3",hub,0.25,30,17,40,1730,20,4,20,1726,0.5,0.0023121387283236,0.8333333333333334,0.1666666666666666,0.1749591014601967
fbc_tfnbs,"e=0.7,h=8.0,n=30,start_thres=1.25,min_cluster_size=3",hub,0.25,30,17,40,1730,20,4,20,1726,0.5,0.0023121387283236,0.8333333333333334,0.1666666666666666,0.1749591014601967
fbc_tfnbs,"e=0.7,h=9.0,n=30,start_thres=1.25,min_cluster_size=3",hub,0.25,30,17,40,1730,20,4,20,1726,0.5,0.0023121387283236,0.8333333333333334,0.1666666666666666,0.1749591014601967
fbc_tfnbs,"e=0.7,h=10.0,n=30,start_thres=1.25,min_cluster_size=3",hub,0.25,30,17,40,1730,20,4,20,1726,0.5,0.0023121387283236,0.8333333333333334,0.1666666666666666,0.1749591014601967
fbc_tfnbs,"e=0.8,h=0.5,n=30,start_thres=1.25,min_cluster_size=3",hub,0.25,30,17,40,1730,10,5,30,1725,0.25,0.0028901734104046,0.6666666666666666,0.3333333333333333,0.1749591014601967
fbc_tfnbs,"e=0.8,h=1.0,n=30,start_thres=1.25,min_cluster_size=3",hub,0.25,30,17,40,1730,12,5,28,1725,0.3,0.0028901734104046,0.7058823529411765,0.2941176470588235,0.1749591014601967
fbc_tfnbs,"e=0.8,h=2.0,n=30,start_thres=1.25,min_cluster_size=3",hub,0.25,30,17,40,1730,15,4,25,1726,0.375,0.0023121387283236,0.7894736842105263,0.2105263157894736,0.1749591014601967
fbc_tfnbs,"e=0.8,h=3.0,n=30,start_thres=1.25,min_cluster_size=3",hub,0.25,30,17,40,1730,19,4,21,1726,0.475,0.0023121387283236,0.8260869565217391,0.1739130434782608,0.1749591014601967
fbc_tfnbs,"e=0.8,h=4.0,n=30,start_thres=1.25,min_cluster_size=3",hub,0.25,30,17,40,1730,20,4,20,1726,0.5,0.0023121387283236,0.8333333333333334,0.1666666666666666,0.1749591014601967
fbc_tfnbs,"e=0.8,h=5.0,n=30,start_thres=1.25,min_cluster_size=3",hub,0.25,30,17,40,1730,20,4,20,1726,0.5,0.0023121387283236,0.8333333333333334,0.1666666666666666,0.1749591014601967
fbc_tfnbs,"e=0.8,h=6.0,n=30,start_thres=1.25,min_cluster_size=3",hub,0.25,30,17,40,1730,22,4,18,1726,0.55,0.0023121387283236,0.8461538461538461,0.1538461538461538,0.1749591014601967
fbc_tfnbs,"e=0.8,h=7.0,n=30,start_thres=1.25,min_cluster_size=3",hub,0.25,30,17,40,1730,21,4,19,1726,0.525,0.0023121387283236,0.84,0.16,0.1749591014601967
fbc_tfnbs,"e=0.8,h=8.0,n=30,start_thres=1.25,min_cluster_size=3",hub,0.25,30,17,40,1730,20,4,20,1726,0.5,0.0023121387283236,0.8333333333333334,0.1666666666666666,0.1749591014601967
fbc_tfnbs,"e=0.8,h=9.0,n=30,start_thres=1.25,min_cluster_size=3",hub,0.25,30,17,40,1730,20,4,20,1726,0.5,0.0023121387283236,0.8333333333333334,0.1666666666666666,0.1749591014601967
fbc_tfnbs,"e=0.8,h=10.0,n=30,start_thres=1.25,min_cluster_size=3",hub,0.25,30,17,40,1730,20,4,20,1726,0.5,0.0023121387283236,0.8333333333333334,0.1666666666666666,0.1749591014601967
fbc_tfnbs,"e=0.9,h=0.5,n=30,start_thres=1.25,min_cluster_size=3",hub,0.25,30,17,40,1730,10,5,30,1725,0.25,0.0028901734104046,0.6666666666666666,0.3333333333333333,0.1749591014601967
fbc_tfnbs,"e=0.9,h=1.0,n=30,start_thres=1.25,min_cluster_size=3",hub,0.25,30,17,40,1730,10,5,30,1725,0.25,0.0028901734104046,0.6666666666666666,0.3333333333333333,0.1749591014601967
fbc_tfnbs,"e=0.9,h=2.0,n=30,start_thres=1.25,min_cluster_size=3",hub,0.25,30,17,40,1730,15,5,25,1725,0.375,0.0028901734104046,0.75,0.25,0.1749591014601967
fbc_tfnbs,"e=0.9,h=3.0,n=30,start_thres=1.25,min_cluster_size=3",hub,0.25,30,17,40,1730,18,4,22,1726,0.45,0.0023121387283236,0.8181818181818182,0.1818181818181818,0.1749591014601967
fbc_tfnbs,"e=0.9,h=4.0,n=30,start_thres=1.25,min_cluster_size=3",hub,0.25,30,17,40,1730,20,4,20,1726,0.5,0.0023121387283236,0.8333333333333334,0.1666666666666666,0.1749591014601967
fbc_tfnbs,"e=0.9,h=5.0,n=30,start_thres=1.25,min_cluster_size=3",hub,0.25,30,17,40,1730,20,4,20,1726,0.5,0.0023121387283236,0.8333333333333334,0.1666666666666666,0.1749591014601967
fbc_tfnbs,"e=0.9,h=6.0,n=30,start_thres=1.25,min_cluster_size=3",hub,0.25,30,17,40,1730,20,4,20,1726,0.5,0.0023121387283236,0.8333333333333334,0.1666666666666666,0.1749591014601967
fbc_tfnbs,"e=0.9,h=7.0,n=30,start_thres=1.25,min_cluster_size=3",hub,0.25,30,17,40,1730,22,4,18,1726,0.55,0.0023121387283236,0.8461538461538461,0.1538461538461538,0.1749591014601967
fbc_tfnbs,"e=0.9,h=8.0,n=30,start_thres=1.25,min_cluster_size=3",hub,0.25,30,17,40,1730,22,4,18,1726,0.55,0.0023121387283236,0.8461538461538461,0.1538461538461538,0.1749591014601967
fbc_tfnbs,"e=0.9,h=9.0,n=30,start_thres=1.25,min_cluster_size=3",hub,0.25,30,17,40,1730,20,4,20,1726,0.5,0.0023121387283236,0.8333333333333334,0.1666666666666666,0.1749591014601967
fbc_tfnbs,"e=0.9,h=10.0,n=30,start_thres=1.25,min_cluster_size=3",hub,0.25,30,17,40,1730,20,4,20,1726,0.5,0.0023121387283236,0.8333333333333334,0.1666666666666666,0.1749591014601967
fbc_tfnbs,"e=1.0,h=0.5,n=30,start_thres=1.25,min_cluster_size=3",hub,0.25,30,17,40,1730,10,5,30,1725,0.25,0.0028901734104046,0.6666666666666666,0.3333333333333333,0.1749591014601967
fbc_tfnbs,"e=1.0,h=1.0,n=30,start_thres=1.25,min_cluster_size=3",hub,0.25,30,17,40,1730,10,5,30,1725,0.25,0.0028901734104046,0.6666666666666666,0.3333333333333333,0.1749591014601967
fbc_tfnbs,"e=1.0,h=2.0,n=30,start_thres=1.25,min_cluster_size=3",hub,0.25,30,17,40,1730,15,5,25,1725,0.375,0.0028901734104046,0.75,0.25,0.1749591014601967
fbc_tfnbs,"e=1.0,h=3.0,n=30,start_thres=1.25,min_cluster_size=3",hub,0.25,30,17,40,1730,15,4,25,1726,0.375,0.0023121387283236,0.7894736842105263,0.2105263157894736,0.1749591014601967
fbc_tfnbs,"e=1.0,h=4.0,n=30,start_thres=1.25,min_cluster_size=3",hub,0.25,30,17,40,1730,19,4,21,1726,0.475,0.0023121387283236,0.8260869565217391,0.1739130434782608,0.1749591014601967
fbc_tfnbs,"e=1.0,h=5.0,n=30,start_thres=1.25,min_cluster_size=3",hub,0.25,30,17,40,1730,20,4,20,1726,0.5,0.0023121387283236,0.8333333333333334,0.1666666666666666,0.1749591014601967
fbc_tfnbs,"e=1.0,h=6.0,n=30,start_thres=1.25,min_cluster_size=3",hub,0.25,30,17,40,1730,20,4,20,1726,0.5,0.0023121387283236,0.8333333333333334,0.1666666666666666,0.1749591014601967
fbc_tfnbs,"e=1.0,h=7.0,n=30,start_thres=1.25,min_cluster_size=3",hub,0.25,30,17,40,1730,22,4,18,1726,0.55,0.0023121387283236,0.8461538461538461,0.1538461538461538,0.1749591014601967
fbc_tfnbs,"e=1.0,h=8.0,n=30,start_thres=1.25,min_cluster_size=3",hub,0.25,30,17,40,1730,22,4,18,1726,0.55,0.0023121387283236,0.8461538461538461,0.1538461538461538,0.1749591014601967
fbc_tfnbs,"e=1.0,h=9.0,n=30,start_thres=1.25,min_cluster_size=3",hub,0.25,30,17,40,1730,22,4,18,1726,0.55,0.0023121387283236,0.8461538461538461,0.1538461538461538,0.1749591014601967
fbc_tfnbs,"e=1.0,h=10.0,n=30,start_thres=1.25,min_cluster_size=3",hub,0.25,30,17,40,1730,21,4,19,1726,0.525,0.0023121387283236,0.84,0.16,0.1749591014601967
fbc_tfnbs,"e=1.1,h=0.5,n=30,start_thres=1.25,min_cluster_size=3",hub,0.25,30,17,40,1730,7,5,33,1725,0.175,0.0028901734104046,0.5833333333333334,0.4166666666666667,0.1749591014601967
fbc_tfnbs,"e=1.1,h=1.0,n=30,start_thres=1.25,min_cluster_size=3",hub,0.25,30,17,40,1730,10,5,30,1725,0.25,0.0028901734104046,0.6666666666666666,0.3333333333333333,0.1749591014601967
fbc_tfnbs,"e=1.1,h=2.0,n=30,start_thres=1.25,min_cluster_size=3",hub,0.25,30,17,40,1730,10,5,30,1725,0.25,0.0028901734104046,0.6666666666666666,0.3333333333333333,0.1749591014601967
fbc_tfnbs,"e=1.1,h=3.0,n=30,start_thres=1.25,min_cluster_size=3",hub,0.25,30,17,40,1730,15,5,25,1725,0.375,0.0028901734104046,0.75,0.25,0.1749591014601967
fbc_tfnbs,"e=1.1,h=4.0,n=30,start_thres=1.25,min_cluster_size=3",hub,0.25,30,17,40,1730,18,4,22,1726,0.45,0.0023121387283236,0.8181818181818182,0.1818181818181818,0.1749591014601967
fbc_tfnbs,"e=1.1,h=5.0,n=30,start_thres=1.25,min_cluster_size=3",hub,0.25,30,17,40,1730,20,4,20,1726,0.5,0.0023121387283236,0.8333333333333334,0.1666666666666666,0.1749591014601967
fbc_tfnbs,"e=1.1,h=6.0,n=30,start_thres=1.25,min_cluster_size=3",hub,0.25,30,17,40,1730,20,4,20,1726,0.5,0.0023121387283236,0.8333333333333334,0.1666666666666666,0.1749591014601967
fbc_tfnbs,"e=1.1,h=7.0,n=30,start_thres=1.25,min_cluster_size=3",hub,0.25,30,17,40,1730,22,4,18,1726,0.55,0.0023121387283236,0.8461538461538461,0.1538461538461538,0.1749591014601967
fbc_tfnbs,"e=1.1,h=8.0,n=30,start_thres=1.25,min_cluster_size=3",hub,0.25,30,17,40,1730,22,4,18,1726,0.55,0.0023121387283236,0.8461538461538461,0.1538461538461538,0.1749591014601967
fbc_tfnbs,"e=1.1,h=9.0,n=30,start_thres=1.25,min_cluster_size=3",hub,0.25,30,17,40,1730,22,4,18,1726,0.55,0.0023121387283236,0.8461538461538461,0.1538461538461538,0.1749591014601967
fbc_tfnbs,"e=1.1,h=10.0,n=30,start_thres=1.25,min_cluster_size=3",hub,0.25,30,17,40,1730,22,4,18,1726,0.55,0.0023121387283236,0.8461538461538461,0.1538461538461538,0.1749591014601967
fbc_tfnbs,"e=1.2,h=0.5,n=30,start_thres=1.25,min_cluster_size=3",hub,0.25,30,17,40,1730,7,8,33,1722,0.175,0.0046242774566473,0.4666666666666667,0.5333333333333333,0.1749591014601967
fbc_tfnbs,"e=1.2,h=1.0,n=30,start_thres=1.25,min_cluster_size=3",hub,0.25,30,17,40,1730,7,8,33,1722,0.175,0.0046242774566473,0.4666666666666667,0.5333333333333333,0.1749591014601967
fbc_tfnbs,"e=1.2,h=2.0,n=30,start_thres=1.25,min_cluster_size=3",hub,0.25,30,17,40,1730,10,5,30,1725,0.25,0.0028901734104046,0.6666666666666666,0.3333333333333333,0.1749591014601967
fbc_tfnbs,"e=1.2,h=3.0,n=30,start_thres=1.25,min_cluster_size=3",hub,0.25,30,17,40,1730,15,5,25,1725,0.375,0.0028901734104046,0.75,0.25,0.1749591014601967
fbc_tfnbs,"e=1.2,h=4.0,n=30,start_thres=1.25,min_cluster_size=3",hub,0.25,30,17,40,1730,15,5,25,1725,0.375,0.0028901734104046,0.75,0.25,0.1749591014601967
fbc_tfnbs,"e=1.2,h=5.0,n=30,start_thres=1.25,min_cluster_size=3",hub,0.25,30,17,40,1730,19,4,21,1726,0.475,0.0023121387283236,0.8260869565217391,0.1739130434782608,0.1749591014601967
fbc_tfnbs,"e=1.2,h=6.0,n=30,start_thres=1.25,min_cluster_size=3",hub,0.25,30,17,40,1730,20,4,20,1726,0.5,0.0023121387283236,0.8333333333333334,0.1666666666666666,0.1749591014601967
fbc_tfnbs,"e=1.2,h=7.0,n=30,start_thres=1.25,min_cluster_size=3",hub,0.25,30,17,40,1730,22,4,18,1726,0.55,0.0023121387283236,0.8461538461538461,0.1538461538461538,0.1749591014601967
fbc_tfnbs,"e=1.2,h=8.0,n=30,start_thres=1.25,min_cluster_size=3",hub,0.25,30,17,40,1730,22,4,18,1726,0.55,0.0023121387283236,0.8461538461538461,0.1538461538461538,0.1749591014601967
fbc_tfnbs,"e=1.2,h=9.0,n=30,start_thres=1.25,min_cluster_size=3",hub,0.25,30,17,40,1730,22,4,18,1726,0.55,0.0023121387283236,0.8461538461538461,0.1538461538461538,0.1749591014601967
fbc_tfnbs,"e=1.2,h=10.0,n=30,start_thres=1.25,min_cluster_size=3",hub,0.25,30,17,40,1730,22,4,18,1726,0.55,0.0023121387283236,0.8461538461538461,0.1538461538461538,0.1749591014601967
fbc_tfnbs,"e=1.3,h=0.5,n=30,start_thres=1.25,min_cluster_size=3",hub,0.25,30,17,40,1730,7,8,33,1722,0.175,0.0046242774566473,0.4666666666666667,0.5333333333333333,0.1749591014601967
fbc_tfnbs,"e=1.3,h=1.0,n=30,start_thres=1.25,min_cluster_size=3",hub,0.25,30,17,40,1730,7,8,33,1722,0.175,0.0046242774566473,0.4666666666666667,0.5333333333333333,0.1749591014601967
fbc_tfnbs,"e=1.3,h=2.0,n=30,start_thres=1.25,min_cluster_size=3",hub,0.25,30,17,40,1730,10,8,30,1722,0.25,0.0046242774566473,0.5555555555555556,0.4444444444444444,0.1749591014601967
fbc_tfnbs,"e=1.3,h=3.0,n=30,start_thres=1.25,min_cluster_size=3",hub,0.25,30,17,40,1730,12,5,28,1725,0.3,0.0028901734104046,0.7058823529411765,0.2941176470588235,0.1749591014601967
fbc_tfnbs,"e=1.3,h=4.0,n=30,start_thres=1.25,min_cluster_size=3",hub,0.25,30,17,40,1730,15,5,25,1725,0.375,0.0028901734104046,0.75,0.25,0.1749591014601967
fbc_tfnbs,"e=1.3,h=5.0,n=30,start_thres=1.25,min_cluster_size=3",hub,0.25,30,17,40,1730,19,5,21,1725,0.475,0.0028901734104046,0.7916666666666666,0.2083333333333333,0.1749591014601967
fbc_tfnbs,"e=1.3,h=6.0,n=30,start_thres=1.25,min_cluster_size=3",hub,0.25,30,17,40,1730,20,4,20,1726,0.5,0.0023121387283236,0.8333333333333334,0.1666666666666666,0.1749591014601967
fbc_tfnbs,"e=1.3,h=7.0,n=30,start_thres=1.25,min_cluster_size=3",hub,0.25,30,17,40,1730,20,4,20,1726,0.5,0.0023121387283236,0.8333333333333334,0.1666666666666666,0.1749591014601967
fbc_tfnbs,"e=1.3,h=8.0,n=30,start_thres=1.25,min_cluster_size=3",hub,0.25,30,17,40,1730,22,4,18,1726,0.55,0.0023121387283236,0.8461538461538461,0.1538461538461538,0.1749591014601967
fbc_tfnbs,"e=1.3,h=9.0,n=30,start_thres=1.25,min_cluster_size=3",hub,0.25,30,17,40,1730,22,4,18,1726,0.55,0.0023121387283236,0.8461538461538461,0.1538461538461538,0.1749591014601967
fbc_tfnbs,"e=1.3,h=10.0,n=30,start_thres=1.25,min_cluster_size=3",hub,0.25,30,17,40,1730,22,4,18,1726,0.55,0.0023121387283236,0.8461538461538461,0.1538461538461538,0.1749591014601967
fbc_tfnbs,"e=1.4,h=0.5,n=30,start_thres=1.25,min_cluster_size=3",hub,0.25,30,17,40,1730,7,10,33,1720,0.175,0.0057803468208092,0.4117647058823529,0.5882352941176471,0.1749591014601967
fbc_tfnbs,"e=1.4,h=1.0,n=30,start_thres=1.25,min_cluster_size=3",hub,0.25,30,17,40,1730,7,10,33,1720,0.175,0.0057803468208092,0.4117647058823529,0.5882352941176471,0.1749591014601967
fbc_tfnbs,"e=1.4,h=2.0,n=30,start_thres=1.25,min_cluster_size=3",hub,0.25,30,17,40,1730,10,8,30,1722,0.25,0.0046242774566473,0.5555555555555556,0.4444444444444444,0.1749591014601967
fbc_tfnbs,"e=1.4,h=3.0,n=30,start_thres=1.25,min_cluster_size=3",hub,0.25,30,17,40,1730,10,5,30,1725,0.25,0.0028901734104046,0.6666666666666666,0.3333333333333333,0.1749591014601967
fbc_tfnbs,"e=1.4,h=4.0,n=30,start_thres=1.25,min_cluster_size=3",hub,0.25,30,17,40,1730,15,5,25,1725,0.375,0.0028901734104046,0.75,0.25,0.1749591014601967
fbc_tfnbs,"e=1.4,h=5.0,n=30,start_thres=1.25,min_cluster_size=3",hub,0.25,30,17,40,1730,15,5,25,1725,0.375,0.0028901734104046,0.75,0.25,0.1749591014601967
fbc_tfnbs,"e=1.4,h=6.0,n=30,start_thres=1.25,min_cluster_size=3",hub,0.25,30,17,40,1730,19,5,21,1725,0.475,0.0028901734104046,0.7916666666666666,0.2083333333333333,0.1749591014601967
fbc_tfnbs,"e=1.4,h=7.0,n=30,start_thres=1.25,min_cluster_size=3",hub,0.25,30,17,40,1730,20,4,20,1726,0.5,0.0023121387283236,0.8333333333333334,0.1666666666666666,0.1749591014601967
fbc_tfnbs,"e=1.4,h=8.0,n=30,start_thres=1.25,min_cluster_size=3",hub,0.25,30,17,40,1730,22,4,18,1726,0.55,0.0023121387283236,0.8461538461538461,0.1538461538461538,0.1749591014601967
fbc_tfnbs,"e=1.4,h=9.0,n=30,start_thres=1.25,min_cluster_size=3",hub,0.25,30,17,40,1730,22,4,18,1726,0.55,0.0023121387283236,0.8461538461538461,0.1538461538461538,0.1749591014601967
fbc_tfnbs,"e=1.4,h=10.0,n=30,start_thres=1.25,min_cluster_size=3",hub,0.25,30,17,40,1730,22,4,18,1726,0.55,0.0023121387283236,0.8461538461538461,0.1538461538461538,0.1749591014601967
fbc_tfnbs,"e=1.5,h=0.5,n=30,start_thres=1.25,min_cluster_size=3",hub,0.25,30,17,40,1730,7,10,33,1720,0.175,0.0057803468208092,0.4117647058823529,0.5882352941176471,0.1749591014601967
fbc_tfnbs,"e=1.5,h=1.0,n=30,start_thres=1.25,min_cluster_size=3",hub,0.25,30,17,40,1730,7,10,33,1720,0.175,0.0057803468208092,0.4117647058823529,0.5882352941176471,0.1749591014601967
fbc_tfnbs,"e=1.5,h=2.0,n=30,start_thres=1.25,min_cluster_size=3",hub,0.25,30,17,40,1730,7,8,33,1722,0.175,0.0046242774566473,0.4666666666666667,0.5333333333333333,0.1749591014601967
fbc_tfnbs,"e=1.5,h=3.0,n=30,start_thres=1.25,min_cluster_size=3",hub,0.25,30,17,40,1730,10,8,30,1722,0.25,0.0046242774566473,0.5555555555555556,0.4444444444444444,0.1749591014601967
fbc_tfnbs,"e=1.5,h=4.0,n=30,start_thres=1.25,min_cluster_size=3",hub,0.25,30,17,40,1730,12,5,28,1725,0.3,0.0028901734104046,0.7058823529411765,0.2941176470588235,0.1749591014601967
fbc_tfnbs,"e=1.5,h=5.0,n=30,start_thres=1.25,min_cluster_size=3",hub,0.25,30,17,40,1730,16,5,24,1725,0.4,0.0028901734104046,0.7619047619047619,0.238095238095238,0.1749591014601967
fbc_tfnbs,"e=1.5,h=6.0,n=30,start_thres=1.25,min_cluster_size=3",hub,0.25,30,17,40,1730,19,5,21,1725,0.475,0.0028901734104046,0.7916666666666666,0.2083333333333333,0.1749591014601967
fbc_tfnbs,"e=1.5,h=7.0,n=30,start_thres=1.25,min_cluster_size=3",hub,0.25,30,17,40,1730,20,4,20,1726,0.5,0.0023121387283236,0.8333333333333334,0.1666666666666666,0.1749591014601967
fbc_tfnbs,"e=1.5,h=8.0,n=30,start_thres=1.25,min_cluster_size=3",hub,0.25,30,17,40,1730,20,4,20,1726,0.5,0.0023121387283236,0.8333333333333334,0.1666666666666666,0.1749591014601967
fbc_tfnbs,"e=1.5,h=9.0,n=30,start_thres=1.25,min_cluster_size=3",hub,0.25,30,17,40,1730,22,4,18,1726,0.55,0.0023121387283236,0.8461538461538461,0.1538461538461538,0.1749591014601967
fbc_tfnbs,"e=1.5,h=10.0,n=30,start_thres=1.25,min_cluster_size=3",hub,0.25,30,17,40,1730,22,4,18,1726,0.55,0.0023121387283236,0.8461538461538461,0.1538461538461538,0.1749591014601967
fbc_tfnbs,"e=0.05,h=0.5,n=30,start_thres=1.25,min_cluster_size=3",hub,0.25,30,16,40,1730,14,2,26,1728,0.35,0.0011560693641618,0.875,0.125,0.1790937049822374
fbc_tfnbs,"e=0.05,h=1.0,n=30,start_thres=1.25,min_cluster_size=3",hub,0.25,30,16,40,1730,16,2,24,1728,0.4,0.0011560693641618,0.8888888888888888,0.1111111111111111,0.1790937049822374
fbc_tfnbs,"e=0.05,h=2.0,n=30,start_thres=1.25,min_cluster_size=3",hub,0.25,30,16,40,1730,16,2,24,1728,0.4,0.0011560693641618,0.8888888888888888,0.1111111111111111,0.1790937049822374
fbc_tfnbs,"e=0.05,h=3.0,n=30,start_thres=1.25,min_cluster_size=3",hub,0.25,30,16,40,1730,16,2,24,1728,0.4,0.0011560693641618,0.8888888888888888,0.1111111111111111,0.1790937049822374
fbc_tfnbs,"e=0.05,h=4.0,n=30,start_thres=1.25,min_cluster_size=3",hub,0.25,30,16,40,1730,16,2,24,1728,0.4,0.0011560693641618,0.8888888888888888,0.1111111111111111,0.1790937049822374
fbc_tfnbs,"e=0.05,h=5.0,n=30,start_thres=1.25,min_cluster_size=3",hub,0.25,30,16,40,1730,16,2,24,1728,0.4,0.0011560693641618,0.8888888888888888,0.1111111111111111,0.1790937049822374
fbc_tfnbs,"e=0.05,h=6.0,n=30,start_thres=1.25,min_cluster_size=3",hub,0.25,30,16,40,1730,16,2,24,1728,0.4,0.0011560693641618,0.8888888888888888,0.1111111111111111,0.1790937049822374
fbc_tfnbs,"e=0.05,h=7.0,n=30,start_thres=1.25,min_cluster_size=3",hub,0.25,30,16,40,1730,16,2,24,1728,0.4,0.0011560693641618,0.8888888888888888,0.1111111111111111,0.1790937049822374
fbc_tfnbs,"e=0.05,h=8.0,n=30,start_thres=1.25,min_cluster_size=3",hub,0.25,30,16,40,1730,16,2,24,1728,0.4,0.0011560693641618,0.8888888888888888,0.1111111111111111,0.1790937049822374
fbc_tfnbs,"e=0.05,h=9.0,n=30,start_thres=1.25,min_cluster_size=3",hub,0.25,30,16,40,1730,16,2,24,1728,0.4,0.0011560693641618,0.8888888888888888,0.1111111111111111,0.1790937049822374
fbc_tfnbs,"e=0.05,h=10.0,n=30,start_thres=1.25,min_cluster_size=3",hub,0.25,30,16,40,1730,16,2,24,1728,0.4,0.0011560693641618,0.8888888888888888,0.1111111111111111,0.1790937049822374
fbc_tfnbs,"e=0.1,h=0.5,n=30,start_thres=1.25,min_cluster_size=3",hub,0.25,30,16,40,1730,14,2,26,1728,0.35,0.0011560693641618,0.875,0.125,0.1790937049822374
fbc_tfnbs,"e=0.1,h=1.0,n=30,start_thres=1.25,min_cluster_size=3",hub,0.25,30,16,40,1730,16,2,24,1728,0.4,0.0011560693641618,0.8888888888888888,0.1111111111111111,0.1790937049822374
fbc_tfnbs,"e=0.1,h=2.0,n=30,start_thres=1.25,min_cluster_size=3",hub,0.25,30,16,40,1730,16,2,24,1728,0.4,0.0011560693641618,0.8888888888888888,0.1111111111111111,0.1790937049822374
fbc_tfnbs,"e=0.1,h=3.0,n=30,start_thres=1.25,min_cluster_size=3",hub,0.25,30,16,40,1730,16,2,24,1728,0.4,0.0011560693641618,0.8888888888888888,0.1111111111111111,0.1790937049822374
fbc_tfnbs,"e=0.1,h=4.0,n=30,start_thres=1.25,min_cluster_size=3",hub,0.25,30,16,40,1730,16,2,24,1728,0.4,0.0011560693641618,0.8888888888888888,0.1111111111111111,0.1790937049822374
fbc_tfnbs,"e=0.1,h=5.0,n=30,start_thres=1.25,min_cluster_size=3",hub,0.25,30,16,40,1730,16,2,24,1728,0.4,0.0011560693641618,0.8888888888888888,0.1111111111111111,0.1790937049822374
fbc_tfnbs,"e=0.1,h=6.0,n=30,start_thres=1.25,min_cluster_size=3",hub,0.25,30,16,40,1730,16,2,24,1728,0.4,0.0011560693641618,0.8888888888888888,0.1111111111111111,0.1790937049822374
fbc_tfnbs,"e=0.1,h=7.0,n=30,start_thres=1.25,min_cluster_size=3",hub,0.25,30,16,40,1730,16,2,24,1728,0.4,0.0011560693641618,0.8888888888888888,0.1111111111111111,0.1790937049822374
fbc_tfnbs,"e=0.1,h=8.0,n=30,start_thres=1.25,min_cluster_size=3",hub,0.25,30,16,40,1730,16,2,24,1728,0.4,0.0011560693641618,0.8888888888888888,0.1111111111111111,0.1790937049822374
fbc_tfnbs,"e=0.1,h=9.0,n=30,start_thres=1.25,min_cluster_size=3",hub,0.25,30,16,40,1730,16,2,24,1728,0.4,0.0011560693641618,0.8888888888888888,0.1111111111111111,0.1790937049822374
fbc_tfnbs,"e=0.1,h=10.0,n=30,start_thres=1.25,min_cluster_size=3",hub,0.25,30,16,40,1730,16,2,24,1728,0.4,0.0011560693641618,0.8888888888888888,0.1111111111111111,0.1790937049822374
fbc_tfnbs,"e=0.2,h=0.5,n=30,start_thres=1.25,min_cluster_size=3",hub,0.25,30,16,40,1730,14,2,26,1728,0.35,0.0011560693641618,0.875,0.125,0.1790937049822374
fbc_tfnbs,"e=0.2,h=1.0,n=30,start_thres=1.25,min_cluster_size=3",hub,0.25,30,16,40,1730,14,2,26,1728,0.35,0.0011560693641618,0.875,0.125,0.1790937049822374
fbc_tfnbs,"e=0.2,h=2.0,n=30,start_thres=1.25,min_cluster_size=3",hub,0.25,30,16,40,1730,16,2,24,1728,0.4,0.0011560693641618,0.8888888888888888,0.1111111111111111,0.1790937049822374
fbc_tfnbs,"e=0.2,h=3.0,n=30,start_thres=1.25,min_cluster_size=3",hub,0.25,30,16,40,1730,16,2,24,1728,0.4,0.0011560693641618,0.8888888888888888,0.1111111111111111,0.1790937049822374
fbc_tfnbs,"e=0.2,h=4.0,n=30,start_thres=1.25,min_cluster_size=3",hub,0.25,30,16,40,1730,16,2,24,1728,0.4,0.0011560693641618,0.8888888888888888,0.1111111111111111,0.1790937049822374
fbc_tfnbs,"e=0.2,h=5.0,n=30,start_thres=1.25,min_cluster_size=3",hub,0.25,30,16,40,1730,16,2,24,1728,0.4,0.0011560693641618,0.8888888888888888,0.1111111111111111,0.1790937049822374
fbc_tfnbs,"e=0.2,h=6.0,n=30,start_thres=1.25,min_cluster_size=3",hub,0.25,30,16,40,1730,16,2,24,1728,0.4,0.0011560693641618,0.8888888888888888,0.1111111111111111,0.1790937049822374
fbc_tfnbs,"e=0.2,h=7.0,n=30,start_thres=1.25,min_cluster_size=3",hub,0.25,30,16,40,1730,16,2,24,1728,0.4,0.0011560693641618,0.8888888888888888,0.1111111111111111,0.1790937049822374
fbc_tfnbs,"e=0.2,h=8.0,n=30,start_thres=1.25,min_cluster_size=3",hub,0.25,30,16,40,1730,16,2,24,1728,0.4,0.0011560693641618,0.8888888888888888,0.1111111111111111,0.1790937049822374
fbc_tfnbs,"e=0.2,h=9.0,n=30,start_thres=1.25,min_cluster_size=3",hub,0.25,30,16,40,1730,16,2,24,1728,0.4,0.0011560693641618,0.8888888888888888,0.1111111111111111,0.1790937049822374
fbc_tfnbs,"e=0.2,h=10.0,n=30,start_thres=1.25,min_cluster_size=3",hub,0.25,30,16,40,1730,16,2,24,1728,0.4,0.0011560693641618,0.8888888888888888,0.1111111111111111,0.1790937049822374
fbc_tfnbs,"e=0.3,h=0.5,n=30,start_thres=1.25,min_cluster_size=3",hub,0.25,30,16,40,1730,11,2,29,1728,0.275,0.0011560693641618,0.8461538461538461,0.1538461538461538,0.1790937049822374
fbc_tfnbs,"e=0.3,h=1.0,n=30,start_thres=1.25,min_cluster_size=3",hub,0.25,30,16,40,1730,14,2,26,1728,0.35,0.0011560693641618,0.875,0.125,0.1790937049822374
fbc_tfnbs,"e=0.3,h=2.0,n=30,start_thres=1.25,min_cluster_size=3",hub,0.25,30,16,40,1730,14,2,26,1728,0.35,0.0011560693641618,0.875,0.125,0.1790937049822374
fbc_tfnbs,"e=0.3,h=3.0,n=30,start_thres=1.25,min_cluster_size=3",hub,0.25,30,16,40,1730,16,2,24,1728,0.4,0.0011560693641618,0.8888888888888888,0.1111111111111111,0.1790937049822374
fbc_tfnbs,"e=0.3,h=4.0,n=30,start_thres=1.25,min_cluster_size=3",hub,0.25,30,16,40,1730,16,2,24,1728,0.4,0.0011560693641618,0.8888888888888888,0.1111111111111111,0.1790937049822374
fbc_tfnbs,"e=0.3,h=5.0,n=30,start_thres=1.25,min_cluster_size=3",hub,0.25,30,16,40,1730,16,2,24,1728,0.4,0.0011560693641618,0.8888888888888888,0.1111111111111111,0.1790937049822374
fbc_tfnbs,"e=0.3,h=6.0,n=30,start_thres=1.25,min_cluster_size=3",hub,0.25,30,16,40,1730,16,2,24,1728,0.4,0.0011560693641618,0.8888888888888888,0.1111111111111111,0.1790937049822374
fbc_tfnbs,"e=0.3,h=7.0,n=30,start_thres=1.25,min_cluster_size=3",hub,0.25,30,16,40,1730,16,2,24,1728,0.4,0.0011560693641618,0.8888888888888888,0.1111111111111111,0.1790937049822374
fbc_tfnbs,"e=0.3,h=8.0,n=30,start_thres=1.25,min_cluster_size=3",hub,0.25,30,16,40,1730,16,2,24,1728,0.4,0.0011560693641618,0.8888888888888888,0.1111111111111111,0.1790937049822374
fbc_tfnbs,"e=0.3,h=9.0,n=30,start_thres=1.25,min_cluster_size=3",hub,0.25,30,16,40,1730,16,2,24,1728,0.4,0.0011560693641618,0.8888888888888888,0.1111111111111111,0.1790937049822374
fbc_tfnbs,"e=0.3,h=10.0,n=30,start_thres=1.25,min_cluster_size=3",hub,0.25,30,16,40,1730,16,2,24,1728,0.4,0.0011560693641618,0.8888888888888888,0.1111111111111111,0.1790937049822374
fbc_tfnbs,"e=0.4,h=0.5,n=30,start_thres=1.25,min_cluster_size=3",hub,0.25,30,16,40,1730,11,2,29,1728,0.275,0.0011560693641618,0.8461538461538461,0.1538461538461538,0.1790937049822374
fbc_tfnbs,"e=0.4,h=1.0,n=30,start_thres=1.25,min_cluster_size=3",hub,0.25,30,16,40,1730,11,2,29,1728,0.275,0.0011560693641618,0.8461538461538461,0.1538461538461538,0.1790937049822374
fbc_tfnbs,"e=0.4,h=2.0,n=30,start_thres=1.25,min_cluster_size=3",hub,0.25,30,16,40,1730,14,2,26,1728,0.35,0.0011560693641618,0.875,0.125,0.1790937049822374
fbc_tfnbs,"e=0.4,h=3.0,n=30,start_thres=1.25,min_cluster_size=3",hub,0.25,30,16,40,1730,16,2,24,1728,0.4,0.0011560693641618,0.8888888888888888,0.1111111111111111,0.1790937049822374
fbc_tfnbs,"e=0.4,h=4.0,n=30,start_thres=1.25,min_cluster_size=3",hub,0.25,30,16,40,1730,16,2,24,1728,0.4,0.0011560693641618,0.8888888888888888,0.1111111111111111,0.1790937049822374
fbc_tfnbs,"e=0.4,h=5.0,n=30,start_thres=1.25,min_cluster_size=3",hub,0.25,30,16,40,1730,16,2,24,1728,0.4,0.0011560693641618,0.8888888888888888,0.1111111111111111,0.1790937049822374
fbc_tfnbs,"e=0.4,h=6.0,n=30,start_thres=1.25,min_cluster_size=3",hub,0.25,30,16,40,1730,16,2,24,1728,0.4,0.0011560693641618,0.8888888888888888,0.1111111111111111,0.1790937049822374
fbc_tfnbs,"e=0.4,h=7.0,n=30,start_thres=1.25,min_cluster_size=3",hub,0.25,30,16,40,1730,16,2,24,1728,0.4,0.0011560693641618,0.8888888888888888,0.1111111111111111,0.1790937049822374
fbc_tfnbs,"e=0.4,h=8.0,n=30,start_thres=1.25,min_cluster_size=3",hub,0.25,30,16,40,1730,16,2,24,1728,0.4,0.0011560693641618,0.8888888888888888,0.1111111111111111,0.1790937049822374
fbc_tfnbs,"e=0.4,h=9.0,n=30,start_thres=1.25,min_cluster_size=3",hub,0.25,30,16,40,1730,16,2,24,1728,0.4,0.0011560693641618,0.8888888888888888,0.1111111111111111,0.1790937049822374
fbc_tfnbs,"e=0.4,h=10.0,n=30,start_thres=1.25,min_cluster_size=3",hub,0.25,30,16,40,1730,16,2,24,1728,0.4,0.0011560693641618,0.8888888888888888,0.1111111111111111,0.1790937049822374
fbc_tfnbs,"e=0.5,h=0.5,n=30,start_thres=1.25,min_cluster_size=3",hub,0.25,30,16,40,1730,11,4,29,1726,0.275,0.0023121387283236,0.7333333333333333,0.2666666666666666,0.1790937049822374
fbc_tfnbs,"e=0.5,h=1.0,n=30,start_thres=1.25,min_cluster_size=3",hub,0.25,30,16,40,1730,11,4,29,1726,0.275,0.0023121387283236,0.7333333333333333,0.2666666666666666,0.1790937049822374
fbc_tfnbs,"e=0.5,h=2.0,n=30,start_thres=1.25,min_cluster_size=3",hub,0.25,30,16,40,1730,14,4,26,1726,0.35,0.0023121387283236,0.7777777777777778,0.2222222222222222,0.1790937049822374
fbc_tfnbs,"e=0.5,h=3.0,n=30,start_thres=1.25,min_cluster_size=3",hub,0.25,30,16,40,1730,14,2,26,1728,0.35,0.0011560693641618,0.875,0.125,0.1790937049822374
fbc_tfnbs,"e=0.5,h=4.0,n=30,start_thres=1.25,min_cluster_size=3",hub,0.25,30,16,40,1730,16,2,24,1728,0.4,0.0011560693641618,0.8888888888888888,0.1111111111111111,0.1790937049822374
fbc_tfnbs,"e=0.5,h=5.0,n=30,start_thres=1.25,min_cluster_size=3",hub,0.25,30,16,40,1730,16,2,24,1728,0.4,0.0011560693641618,0.8888888888888888,0.1111111111111111,0.1790937049822374
fbc_tfnbs,"e=0.5,h=6.0,n=30,start_thres=1.25,min_cluster_size=3",hub,0.25,30,16,40,1730,16,2,24,1728,0.4,0.0011560693641618,0.8888888888888888,0.1111111111111111,0.1790937049822374
fbc_tfnbs,"e=0.5,h=7.0,n=30,start_thres=1.25,min_cluster_size=3",hub,0.25,30,16,40,1730,16,2,24,1728,0.4,0.0011560693641618,0.8888888888888888,0.1111111111111111,0.1790937049822374
fbc_tfnbs,"e=0.5,h=8.0,n=30,start_thres=1.25,min_cluster_size=3",hub,0.25,30,16,40,1730,16,2,24,1728,0.4,0.0011560693641618,0.8888888888888888,0.1111111111111111,0.1790937049822374
fbc_tfnbs,"e=0.5,h=9.0,n=30,start_thres=1.25,min_cluster_size=3",hub,0.25,30,16,40,1730,16,2,24,1728,0.4,0.0011560693641618,0.8888888888888888,0.1111111111111111,0.1790937049822374
fbc_tfnbs,"e=0.5,h=10.0,n=30,start_thres=1.25,min_cluster_size=3",hub,0.25,30,16,40,1730,16,2,24,1728,0.4,0.0011560693641618,0.8888888888888888,0.1111111111111111,0.1790937049822374
fbc_tfnbs,"e=0.6,h=0.5,n=30,start_thres=1.25,min_cluster_size=3",hub,0.25,30,16,40,1730,7,4,33,1726,0.175,0.0023121387283236,0.6363636363636364,0.3636363636363636,0.1790937049822374
fbc_tfnbs,"e=0.6,h=1.0,n=30,start_thres=1.25,min_cluster_size=3",hub,0.25,30,16,40,1730,11,4,29,1726,0.275,0.0023121387283236,0.7333333333333333,0.2666666666666666,0.1790937049822374
fbc_tfnbs,"e=0.6,h=2.0,n=30,start_thres=1.25,min_cluster_size=3",hub,0.25,30,16,40,1730,11,4,29,1726,0.275,0.0023121387283236,0.7333333333333333,0.2666666666666666,0.1790937049822374
fbc_tfnbs,"e=0.6,h=3.0,n=30,start_thres=1.25,min_cluster_size=3",hub,0.25,30,16,40,1730,14,4,26,1726,0.35,0.0023121387283236,0.7777777777777778,0.2222222222222222,0.1790937049822374
fbc_tfnbs,"e=0.6,h=4.0,n=30,start_thres=1.25,min_cluster_size=3",hub,0.25,30,16,40,1730,16,4,24,1726,0.4,0.0023121387283236,0.8,0.2,0.1790937049822374
fbc_tfnbs,"e=0.6,h=5.0,n=30,start_thres=1.25,min_cluster_size=3",hub,0.25,30,16,40,1730,16,4,24,1726,0.4,0.0023121387283236,0.8,0.2,0.1790937049822374
fbc_tfnbs,"e=0.6,h=6.0,n=30,start_thres=1.25,min_cluster_size=3",hub,0.25,30,16,40,1730,16,2,24,1728,0.4,0.0011560693641618,0.8888888888888888,0.1111111111111111,0.1790937049822374
fbc_tfnbs,"e=0.6,h=7.0,n=30,start_thres=1.25,min_cluster_size=3",hub,0.25,30,16,40,1730,16,2,24,1728,0.4,0.0011560693641618,0.8888888888888888,0.1111111111111111,0.1790937049822374
fbc_tfnbs,"e=0.6,h=8.0,n=30,start_thres=1.25,min_cluster_size=3",hub,0.25,30,16,40,1730,16,2,24,1728,0.4,0.0011560693641618,0.8888888888888888,0.1111111111111111,0.1790937049822374
fbc_tfnbs,"e=0.6,h=9.0,n=30,start_thres=1.25,min_cluster_size=3",hub,0.25,30,16,40,1730,16,2,24,1728,0.4,0.0011560693641618,0.8888888888888888,0.1111111111111111,0.1790937049822374
fbc_tfnbs,"e=0.6,h=10.0,n=30,start_thres=1.25,min_cluster_size=3",hub,0.25,30,16,40,1730,16,2,24,1728,0.4,0.0011560693641618,0.8888888888888888,0.1111111111111111,0.1790937049822374
fbc_tfnbs,"e=0.7,h=0.5,n=30,start_thres=1.25,min_cluster_size=3",hub,0.25,30,16,40,1730,7,4,33,1726,0.175,0.0023121387283236,0.6363636363636364,0.3636363636363636,0.1790937049822374
fbc_tfnbs,"e=0.7,h=1.0,n=30,start_thres=1.25,min_cluster_size=3",hub,0.25,30,16,40,1730,7,4,33,1726,0.175,0.0023121387283236,0.6363636363636364,0.3636363636363636,0.1790937049822374
fbc_tfnbs,"e=0.7,h=2.0,n=30,start_thres=1.25,min_cluster_size=3",hub,0.25,30,16,40,1730,11,4,29,1726,0.275,0.0023121387283236,0.7333333333333333,0.2666666666666666,0.1790937049822374
fbc_tfnbs,"e=0.7,h=3.0,n=30,start_thres=1.25,min_cluster_size=3",hub,0.25,30,16,40,1730,11,4,29,1726,0.275,0.0023121387283236,0.7333333333333333,0.2666666666666666,0.1790937049822374
fbc_tfnbs,"e=0.7,h=4.0,n=30,start_thres=1.25,min_cluster_size=3",hub,0.25,30,16,40,1730,14,4,26,1726,0.35,0.0023121387283236,0.7777777777777778,0.2222222222222222,0.1790937049822374
fbc_tfnbs,"e=0.7,h=5.0,n=30,start_thres=1.25,min_cluster_size=3",hub,0.25,30,16,40,1730,16,4,24,1726,0.4,0.0023121387283236,0.8,0.2,0.1790937049822374
fbc_tfnbs,"e=0.7,h=6.0,n=30,start_thres=1.25,min_cluster_size=3",hub,0.25,30,16,40,1730,16,4,24,1726,0.4,0.0023121387283236,0.8,0.2,0.1790937049822374
fbc_tfnbs,"e=0.7,h=7.0,n=30,start_thres=1.25,min_cluster_size=3",hub,0.25,30,16,40,1730,16,4,24,1726,0.4,0.0023121387283236,0.8,0.2,0.1790937049822374
fbc_tfnbs,"e=0.7,h=8.0,n=30,start_thres=1.25,min_cluster_size=3",hub,0.25,30,16,40,1730,16,2,24,1728,0.4,0.0011560693641618,0.8888888888888888,0.1111111111111111,0.1790937049822374
fbc_tfnbs,"e=0.7,h=9.0,n=30,start_thres=1.25,min_cluster_size=3",hub,0.25,30,16,40,1730,16,2,24,1728,0.4,0.0011560693641618,0.8888888888888888,0.1111111111111111,0.1790937049822374
fbc_tfnbs,"e=0.7,h=10.0,n=30,start_thres=1.25,min_cluster_size=3",hub,0.25,30,16,40,1730,16,2,24,1728,0.4,0.0011560693641618,0.8888888888888888,0.1111111111111111,0.1790937049822374
fbc_tfnbs,"e=0.8,h=0.5,n=30,start_thres=1.25,min_cluster_size=3",hub,0.25,30,16,40,1730,7,4,33,1726,0.175,0.0023121387283236,0.6363636363636364,0.3636363636363636,0.1790937049822374
fbc_tfnbs,"e=0.8,h=1.0,n=30,start_thres=1.25,min_cluster_size=3",hub,0.25,30,16,40,1730,7,4,33,1726,0.175,0.0023121387283236,0.6363636363636364,0.3636363636363636,0.1790937049822374
fbc_tfnbs,"e=0.8,h=2.0,n=30,start_thres=1.25,min_cluster_size=3",hub,0.25,30,16,40,1730,11,4,29,1726,0.275,0.0023121387283236,0.7333333333333333,0.2666666666666666,0.1790937049822374
fbc_tfnbs,"e=0.8,h=3.0,n=30,start_thres=1.25,min_cluster_size=3",hub,0.25,30,16,40,1730,11,4,29,1726,0.275,0.0023121387283236,0.7333333333333333,0.2666666666666666,0.1790937049822374
fbc_tfnbs,"e=0.8,h=4.0,n=30,start_thres=1.25,min_cluster_size=3",hub,0.25,30,16,40,1730,14,4,26,1726,0.35,0.0023121387283236,0.7777777777777778,0.2222222222222222,0.1790937049822374
fbc_tfnbs,"e=0.8,h=5.0,n=30,start_thres=1.25,min_cluster_size=3",hub,0.25,30,16,40,1730,16,4,24,1726,0.4,0.0023121387283236,0.8,0.2,0.1790937049822374
fbc_tfnbs,"e=0.8,h=6.0,n=30,start_thres=1.25,min_cluster_size=3",hub,0.25,30,16,40,1730,16,4,24,1726,0.4,0.0023121387283236,0.8,0.2,0.1790937049822374
fbc_tfnbs,"e=0.8,h=7.0,n=30,start_thres=1.25,min_cluster_size=3",hub,0.25,30,16,40,1730,16,4,24,1726,0.4,0.0023121387283236,0.8,0.2,0.1790937049822374
fbc_tfnbs,"e=0.8,h=8.0,n=30,start_thres=1.25,min_cluster_size=3",hub,0.25,30,16,40,1730,16,4,24,1726,0.4,0.0023121387283236,0.8,0.2,0.1790937049822374
fbc_tfnbs,"e=0.8,h=9.0,n=30,start_thres=1.25,min_cluster_size=3",hub,0.25,30,16,40,1730,16,2,24,1728,0.4,0.0011560693641618,0.8888888888888888,0.1111111111111111,0.1790937049822374
fbc_tfnbs,"e=0.8,h=10.0,n=30,start_thres=1.25,min_cluster_size=3",hub,0.25,30,16,40,1730,16,2,24,1728,0.4,0.0011560693641618,0.8888888888888888,0.1111111111111111,0.1790937049822374
fbc_tfnbs,"e=0.9,h=0.5,n=30,start_thres=1.25,min_cluster_size=3",hub,0.25,30,16,40,1730,7,4,33,1726,0.175,0.0023121387283236,0.6363636363636364,0.3636363636363636,0.1790937049822374
fbc_tfnbs,"e=0.9,h=1.0,n=30,start_thres=1.25,min_cluster_size=3",hub,0.25,30,16,40,1730,7,4,33,1726,0.175,0.0023121387283236,0.6363636363636364,0.3636363636363636,0.1790937049822374
fbc_tfnbs,"e=0.9,h=2.0,n=30,start_thres=1.25,min_cluster_size=3",hub,0.25,30,16,40,1730,7,4,33,1726,0.175,0.0023121387283236,0.6363636363636364,0.3636363636363636,0.1790937049822374
fbc_tfnbs,"e=0.9,h=3.0,n=30,start_thres=1.25,min_cluster_size=3",hub,0.25,30,16,40,1730,11,4,29,1726,0.275,0.0023121387283236,0.7333333333333333,0.2666666666666666,0.1790937049822374
fbc_tfnbs,"e=0.9,h=4.0,n=30,start_thres=1.25,min_cluster_size=3",hub,0.25,30,16,40,1730,11,4,29,1726,0.275,0.0023121387283236,0.7333333333333333,0.2666666666666666,0.1790937049822374
fbc_tfnbs,"e=0.9,h=5.0,n=30,start_thres=1.25,min_cluster_size=3",hub,0.25,30,16,40,1730,14,4,26,1726,0.35,0.0023121387283236,0.7777777777777778,0.2222222222222222,0.1790937049822374
fbc_tfnbs,"e=0.9,h=6.0,n=30,start_thres=1.25,min_cluster_size=3",hub,0.25,30,16,40,1730,16,4,24,1726,0.4,0.0023121387283236,0.8,0.2,0.1790937049822374
fbc_tfnbs,"e=0.9,h=7.0,n=30,start_thres=1.25,min_cluster_size=3",hub,0.25,30,16,40,1730,16,4,24,1726,0.4,0.0023121387283236,0.8,0.2,0.1790937049822374
fbc_tfnbs,"e=0.9,h=8.0,n=30,start_thres=1.25,min_cluster_size=3",hub,0.25,30,16,40,1730,16,4,24,1726,0.4,0.0023121387283236,0.8,0.2,0.1790937049822374
fbc_tfnbs,"e=0.9,h=9.0,n=30,start_thres=1.25,min_cluster_size=3",hub,0.25,30,16,40,1730,16,4,24,1726,0.4,0.0023121387283236,0.8,0.2,0.1790937049822374
fbc_tfnbs,"e=0.9,h=10.0,n=30,start_thres=1.25,min_cluster_size=3",hub,0.25,30,16,40,1730,16,4,24,1726,0.4,0.0023121387283236,0.8,0.2,0.1790937049822374
fbc_tfnbs,"e=1.0,h=0.5,n=30,start_thres=1.25,min_cluster_size=3",hub,0.25,30,16,40,1730,7,4,33,1726,0.175,0.0023121387283236,0.6363636363636364,0.3636363636363636,0.1790937049822374
fbc_tfnbs,"e=1.0,h=1.0,n=30,start_thres=1.25,min_cluster_size=3",hub,0.25,30,16,40,1730,7,4,33,1726,0.175,0.0023121387283236,0.6363636363636364,0.3636363636363636,0.1790937049822374
fbc_tfnbs,"e=1.0,h=2.0,n=30,start_thres=1.25,min_cluster_size=3",hub,0.25,30,16,40,1730,7,4,33,1726,0.175,0.0023121387283236,0.6363636363636364,0.3636363636363636,0.1790937049822374
fbc_tfnbs,"e=1.0,h=3.0,n=30,start_thres=1.25,min_cluster_size=3",hub,0.25,30,16,40,1730,11,4,29,1726,0.275,0.0023121387283236,0.7333333333333333,0.2666666666666666,0.1790937049822374
fbc_tfnbs,"e=1.0,h=4.0,n=30,start_thres=1.25,min_cluster_size=3",hub,0.25,30,16,40,1730,11,4,29,1726,0.275,0.0023121387283236,0.7333333333333333,0.2666666666666666,0.1790937049822374
fbc_tfnbs,"e=1.0,h=5.0,n=30,start_thres=1.25,min_cluster_size=3",hub,0.25,30,16,40,1730,14,4,26,1726,0.35,0.0023121387283236,0.7777777777777778,0.2222222222222222,0.1790937049822374
fbc_tfnbs,"e=1.0,h=6.0,n=30,start_thres=1.25,min_cluster_size=3",hub,0.25,30,16,40,1730,16,4,24,1726,0.4,0.0023121387283236,0.8,0.2,0.1790937049822374
fbc_tfnbs,"e=1.0,h=7.0,n=30,start_thres=1.25,min_cluster_size=3",hub,0.25,30,16,40,1730,16,4,24,1726,0.4,0.0023121387283236,0.8,0.2,0.1790937049822374
fbc_tfnbs,"e=1.0,h=8.0,n=30,start_thres=1.25,min_cluster_size=3",hub,0.25,30,16,40,1730,16,4,24,1726,0.4,0.0023121387283236,0.8,0.2,0.1790937049822374
fbc_tfnbs,"e=1.0,h=9.0,n=30,start_thres=1.25,min_cluster_size=3",hub,0.25,30,16,40,1730,16,4,24,1726,0.4,0.0023121387283236,0.8,0.2,0.1790937049822374
fbc_tfnbs,"e=1.0,h=10.0,n=30,start_thres=1.25,min_cluster_size=3",hub,0.25,30,16,40,1730,16,4,24,1726,0.4,0.0023121387283236,0.8,0.2,0.1790937049822374
fbc_tfnbs,"e=1.1,h=0.5,n=30,start_thres=1.25,min_cluster_size=3",hub,0.25,30,16,40,1730,7,4,33,1726,0.175,0.0023121387283236,0.6363636363636364,0.3636363636363636,0.1790937049822374
fbc_tfnbs,"e=1.1,h=1.0,n=30,start_thres=1.25,min_cluster_size=3",hub,0.25,30,16,40,1730,7,4,33,1726,0.175,0.0023121387283236,0.6363636363636364,0.3636363636363636,0.1790937049822374
fbc_tfnbs,"e=1.1,h=2.0,n=30,start_thres=1.25,min_cluster_size=3",hub,0.25,30,16,40,1730,7,4,33,1726,0.175,0.0023121387283236,0.6363636363636364,0.3636363636363636,0.1790937049822374
fbc_tfnbs,"e=1.1,h=3.0,n=30,start_thres=1.25,min_cluster_size=3",hub,0.25,30,16,40,1730,7,4,33,1726,0.175,0.0023121387283236,0.6363636363636364,0.3636363636363636,0.1790937049822374
fbc_tfnbs,"e=1.1,h=4.0,n=30,start_thres=1.25,min_cluster_size=3",hub,0.25,30,16,40,1730,11,4,29,1726,0.275,0.0023121387283236,0.7333333333333333,0.2666666666666666,0.1790937049822374
fbc_tfnbs,"e=1.1,h=5.0,n=30,start_thres=1.25,min_cluster_size=3",hub,0.25,30,16,40,1730,14,4,26,1726,0.35,0.0023121387283236,0.7777777777777778,0.2222222222222222,0.1790937049822374
fbc_tfnbs,"e=1.1,h=6.0,n=30,start_thres=1.25,min_cluster_size=3",hub,0.25,30,16,40,1730,14,4,26,1726,0.35,0.0023121387283236,0.7777777777777778,0.2222222222222222,0.1790937049822374
fbc_tfnbs,"e=1.1,h=7.0,n=30,start_thres=1.25,min_cluster_size=3",hub,0.25,30,16,40,1730,16,4,24,1726,0.4,0.0023121387283236,0.8,0.2,0.1790937049822374
fbc_tfnbs,"e=1.1,h=8.0,n=30,start_thres=1.25,min_cluster_size=3",hub,0.25,30,16,40,1730,16,4,24,1726,0.4,0.0023121387283236,0.8,0.2,0.1790937049822374
fbc_tfnbs,"e=1.1,h=9.0,n=30,start_thres=1.25,min_cluster_size=3",hub,0.25,30,16,40,1730,16,4,24,1726,0.4,0.0023121387283236,0.8,0.2,0.1790937049822374
fbc_tfnbs,"e=1.1,h=10.0,n=30,start_thres=1.25,min_cluster_size=3",hub,0.25,30,16,40,1730,16,4,24,1726,0.4,0.0023121387283236,0.8,0.2,0.1790937049822374
fbc_tfnbs,"e=1.2,h=0.5,n=30,start_thres=1.25,min_cluster_size=3",hub,0.25,30,16,40,1730,7,4,33,1726,0.175,0.0023121387283236,0.6363636363636364,0.3636363636363636,0.1790937049822374
fbc_tfnbs,"e=1.2,h=1.0,n=30,start_thres=1.25,min_cluster_size=3",hub,0.25,30,16,40,1730,7,4,33,1726,0.175,0.0023121387283236,0.6363636363636364,0.3636363636363636,0.1790937049822374
fbc_tfnbs,"e=1.2,h=2.0,n=30,start_thres=1.25,min_cluster_size=3",hub,0.25,30,16,40,1730,7,4,33,1726,0.175,0.0023121387283236,0.6363636363636364,0.3636363636363636,0.1790937049822374
fbc_tfnbs,"e=1.2,h=3.0,n=30,start_thres=1.25,min_cluster_size=3",hub,0.25,30,16,40,1730,7,4,33,1726,0.175,0.0023121387283236,0.6363636363636364,0.3636363636363636,0.1790937049822374
fbc_tfnbs,"e=1.2,h=4.0,n=30,start_thres=1.25,min_cluster_size=3",hub,0.25,30,16,40,1730,11,4,29,1726,0.275,0.0023121387283236,0.7333333333333333,0.2666666666666666,0.1790937049822374
fbc_tfnbs,"e=1.2,h=5.0,n=30,start_thres=1.25,min_cluster_size=3",hub,0.25,30,16,40,1730,11,4,29,1726,0.275,0.0023121387283236,0.7333333333333333,0.2666666666666666,0.1790937049822374
fbc_tfnbs,"e=1.2,h=6.0,n=30,start_thres=1.25,min_cluster_size=3",hub,0.25,30,16,40,1730,14,4,26,1726,0.35,0.0023121387283236,0.7777777777777778,0.2222222222222222,0.1790937049822374
fbc_tfnbs,"e=1.2,h=7.0,n=30,start_thres=1.25,min_cluster_size=3",hub,0.25,30,16,40,1730,16,4,24,1726,0.4,0.0023121387283236,0.8,0.2,0.1790937049822374
fbc_tfnbs,"e=1.2,h=8.0,n=30,start_thres=1.25,min_cluster_size=3",hub,0.25,30,16,40,1730,16,4,24,1726,0.4,0.0023121387283236,0.8,0.2,0.1790937049822374
fbc_tfnbs,"e=1.2,h=9.0,n=30,start_thres=1.25,min_cluster_size=3",hub,0.25,30,16,40,1730,16,4,24,1726,0.4,0.0023121387283236,0.8,0.2,0.1790937049822374
fbc_tfnbs,"e=1.2,h=10.0,n=30,start_thres=1.25,min_cluster_size=3",hub,0.25,30,16,40,1730,16,4,24,1726,0.4,0.0023121387283236,0.8,0.2,0.1790937049822374
fbc_tfnbs,"e=1.3,h=0.5,n=30,start_thres=1.25,min_cluster_size=3",hub,0.25,30,16,40,1730,7,4,33,1726,0.175,0.0023121387283236,0.6363636363636364,0.3636363636363636,0.1790937049822374
fbc_tfnbs,"e=1.3,h=1.0,n=30,start_thres=1.25,min_cluster_size=3",hub,0.25,30,16,40,1730,7,4,33,1726,0.175,0.0023121387283236,0.6363636363636364,0.3636363636363636,0.1790937049822374
fbc_tfnbs,"e=1.3,h=2.0,n=30,start_thres=1.25,min_cluster_size=3",hub,0.25,30,16,40,1730,7,4,33,1726,0.175,0.0023121387283236,0.6363636363636364,0.3636363636363636,0.1790937049822374
fbc_tfnbs,"e=1.3,h=3.0,n=30,start_thres=1.25,min_cluster_size=3",hub,0.25,30,16,40,1730,7,4,33,1726,0.175,0.0023121387283236,0.6363636363636364,0.3636363636363636,0.1790937049822374
fbc_tfnbs,"e=1.3,h=4.0,n=30,start_thres=1.25,min_cluster_size=3",hub,0.25,30,16,40,1730,11,4,29,1726,0.275,0.0023121387283236,0.7333333333333333,0.2666666666666666,0.1790937049822374
fbc_tfnbs,"e=1.3,h=5.0,n=30,start_thres=1.25,min_cluster_size=3",hub,0.25,30,16,40,1730,11,4,29,1726,0.275,0.0023121387283236,0.7333333333333333,0.2666666666666666,0.1790937049822374
fbc_tfnbs,"e=1.3,h=6.0,n=30,start_thres=1.25,min_cluster_size=3",hub,0.25,30,16,40,1730,14,4,26,1726,0.35,0.0023121387283236,0.7777777777777778,0.2222222222222222,0.1790937049822374
fbc_tfnbs,"e=1.3,h=7.0,n=30,start_thres=1.25,min_cluster_size=3",hub,0.25,30,16,40,1730,16,4,24,1726,0.4,0.0023121387283236,0.8,0.2,0.1790937049822374
fbc_tfnbs,"e=1.3,h=8.0,n=30,start_thres=1.25,min_cluster_size=3",hub,0.25,30,16,40,1730,16,4,24,1726,0.4,0.0023121387283236,0.8,0.2,0.1790937049822374
fbc_tfnbs,"e=1.3,h=9.0,n=30,start_thres=1.25,min_cluster_size=3",hub,0.25,30,16,40,1730,16,4,24,1726,0.4,0.0023121387283236,0.8,0.2,0.1790937049822374
fbc_tfnbs,"e=1.3,h=10.0,n=30,start_thres=1.25,min_cluster_size=3",hub,0.25,30,16,40,1730,16,4,24,1726,0.4,0.0023121387283236,0.8,0.2,0.1790937049822374
fbc_tfnbs,"e=1.4,h=0.5,n=30,start_thres=1.25,min_cluster_size=3",hub,0.25,30,16,40,1730,7,4,33,1726,0.175,0.0023121387283236,0.6363636363636364,0.3636363636363636,0.1790937049822374
fbc_tfnbs,"e=1.4,h=1.0,n=30,start_thres=1.25,min_cluster_size=3",hub,0.25,30,16,40,1730,7,4,33,1726,0.175,0.0023121387283236,0.6363636363636364,0.3636363636363636,0.1790937049822374
fbc_tfnbs,"e=1.4,h=2.0,n=30,start_thres=1.25,min_cluster_size=3",hub,0.25,30,16,40,1730,7,4,33,1726,0.175,0.0023121387283236,0.6363636363636364,0.3636363636363636,0.1790937049822374
fbc_tfnbs,"e=1.4,h=3.0,n=30,start_thres=1.25,min_cluster_size=3",hub,0.25,30,16,40,1730,7,4,33,1726,0.175,0.0023121387283236,0.6363636363636364,0.3636363636363636,0.1790937049822374
fbc_tfnbs,"e=1.4,h=4.0,n=30,start_thres=1.25,min_cluster_size=3",hub,0.25,30,16,40,1730,7,4,33,1726,0.175,0.0023121387283236,0.6363636363636364,0.3636363636363636,0.1790937049822374
fbc_tfnbs,"e=1.4,h=5.0,n=30,start_thres=1.25,min_cluster_size=3",hub,0.25,30,16,40,1730,11,4,29,1726,0.275,0.0023121387283236,0.7333333333333333,0.2666666666666666,0.1790937049822374
fbc_tfnbs,"e=1.4,h=6.0,n=30,start_thres=1.25,min_cluster_size=3",hub,0.25,30,16,40,1730,11,4,29,1726,0.275,0.0023121387283236,0.7333333333333333,0.2666666666666666,0.1790937049822374
fbc_tfnbs,"e=1.4,h=7.0,n=30,start_thres=1.25,min_cluster_size=3",hub,0.25,30,16,40,1730,14,4,26,1726,0.35,0.0023121387283236,0.7777777777777778,0.2222222222222222,0.1790937049822374
fbc_tfnbs,"e=1.4,h=8.0,n=30,start_thres=1.25,min_cluster_size=3",hub,0.25,30,16,40,1730,16,4,24,1726,0.4,0.0023121387283236,0.8,0.2,0.1790937049822374
fbc_tfnbs,"e=1.4,h=9.0,n=30,start_thres=1.25,min_cluster_size=3",hub,0.25,30,16,40,1730,16,4,24,1726,0.4,0.0023121387283236,0.8,0.2,0.1790937049822374
fbc_tfnbs,"e=1.4,h=10.0,n=30,start_thres=1.25,min_cluster_size=3",hub,0.25,30,16,40,1730,16,4,24,1726,0.4,0.0023121387283236,0.8,0.2,0.1790937049822374
fbc_tfnbs,"e=1.5,h=0.5,n=30,start_thres=1.25,min_cluster_size=3",hub,0.25,30,16,40,1730,7,4,33,1726,0.175,0.0023121387283236,0.6363636363636364,0.3636363636363636,0.1790937049822374
fbc_tfnbs,"e=1.5,h=1.0,n=30,start_thres=1.25,min_cluster_size=3",hub,0.25,30,16,40,1730,7,4,33,1726,0.175,0.0023121387283236,0.6363636363636364,0.3636363636363636,0.1790937049822374
fbc_tfnbs,"e=1.5,h=2.0,n=30,start_thres=1.25,min_cluster_size=3",hub,0.25,30,16,40,1730,7,4,33,1726,0.175,0.0023121387283236,0.6363636363636364,0.3636363636363636,0.1790937049822374
fbc_tfnbs,"e=1.5,h=3.0,n=30,start_thres=1.25,min_cluster_size=3",hub,0.25,30,16,40,1730,7,4,33,1726,0.175,0.0023121387283236,0.6363636363636364,0.3636363636363636,0.1790937049822374
fbc_tfnbs,"e=1.5,h=4.0,n=30,start_thres=1.25,min_cluster_size=3",hub,0.25,30,16,40,1730,7,4,33,1726,0.175,0.0023121387283236,0.6363636363636364,0.3636363636363636,0.1790937049822374
fbc_tfnbs,"e=1.5,h=5.0,n=30,start_thres=1.25,min_cluster_size=3",hub,0.25,30,16,40,1730,11,4,29,1726,0.275,0.0023121387283236,0.7333333333333333,0.2666666666666666,0.1790937049822374
fbc_tfnbs,"e=1.5,h=6.0,n=30,start_thres=1.25,min_cluster_size=3",hub,0.25,30,16,40,1730,11,4,29,1726,0.275,0.0023121387283236,0.7333333333333333,0.2666666666666666,0.1790937049822374
fbc_tfnbs,"e=1.5,h=7.0,n=30,start_thres=1.25,min_cluster_size=3",hub,0.25,30,16,40,1730,14,4,26,1726,0.35,0.0023121387283236,0.7777777777777778,0.2222222222222222,0.1790937049822374
fbc_tfnbs,"e=1.5,h=8.0,n=30,start_thres=1.25,min_cluster_size=3",hub,0.25,30,16,40,1730,16,4,24,1726,0.4,0.0023121387283236,0.8,0.2,0.1790937049822374
fbc_tfnbs,"e=1.5,h=9.0,n=30,start_thres=1.25,min_cluster_size=3",hub,0.25,30,16,40,1730,16,4,24,1726,0.4,0.0023121387283236,0.8,0.2,0.1790937049822374
fbc_tfnbs,"e=1.5,h=10.0,n=30,start_thres=1.25,min_cluster_size=3",hub,0.25,30,16,40,1730,16,4,24,1726,0.4,0.0023121387283236,0.8,0.2,0.1790937049822374
fbc_tfnbs,"e=0.05,h=0.5,n=30,start_thres=1.25,min_cluster_size=3",hub,0.25,30,19,40,1730,6,0,34,1730,0.15,0.0,1.0,0.0,0.174704070795666
fbc_tfnbs,"e=0.05,h=1.0,n=30,start_thres=1.25,min_cluster_size=3",hub,0.25,30,19,40,1730,6,0,34,1730,0.15,0.0,1.0,0.0,0.174704070795666
fbc_tfnbs,"e=0.05,h=2.0,n=30,start_thres=1.25,min_cluster_size=3",hub,0.25,30,19,40,1730,6,0,34,1730,0.15,0.0,1.0,0.0,0.174704070795666
fbc_tfnbs,"e=0.05,h=3.0,n=30,start_thres=1.25,min_cluster_size=3",hub,0.25,30,19,40,1730,6,0,34,1730,0.15,0.0,1.0,0.0,0.174704070795666
fbc_tfnbs,"e=0.05,h=4.0,n=30,start_thres=1.25,min_cluster_size=3",hub,0.25,30,19,40,1730,6,0,34,1730,0.15,0.0,1.0,0.0,0.174704070795666
fbc_tfnbs,"e=0.05,h=5.0,n=30,start_thres=1.25,min_cluster_size=3",hub,0.25,30,19,40,1730,6,0,34,1730,0.15,0.0,1.0,0.0,0.174704070795666
fbc_tfnbs,"e=0.05,h=6.0,n=30,start_thres=1.25,min_cluster_size=3",hub,0.25,30,19,40,1730,6,0,34,1730,0.15,0.0,1.0,0.0,0.174704070795666
fbc_tfnbs,"e=0.05,h=7.0,n=30,start_thres=1.25,min_cluster_size=3",hub,0.25,30,19,40,1730,6,0,34,1730,0.15,0.0,1.0,0.0,0.174704070795666
fbc_tfnbs,"e=0.05,h=8.0,n=30,start_thres=1.25,min_cluster_size=3",hub,0.25,30,19,40,1730,6,0,34,1730,0.15,0.0,1.0,0.0,0.174704070795666
fbc_tfnbs,"e=0.05,h=9.0,n=30,start_thres=1.25,min_cluster_size=3",hub,0.25,30,19,40,1730,6,0,34,1730,0.15,0.0,1.0,0.0,0.174704070795666
fbc_tfnbs,"e=0.05,h=10.0,n=30,start_thres=1.25,min_cluster_size=3",hub,0.25,30,19,40,1730,6,0,34,1730,0.15,0.0,1.0,0.0,0.174704070795666
fbc_tfnbs,"e=0.1,h=0.5,n=30,start_thres=1.25,min_cluster_size=3",hub,0.25,30,19,40,1730,6,0,34,1730,0.15,0.0,1.0,0.0,0.174704070795666
fbc_tfnbs,"e=0.1,h=1.0,n=30,start_thres=1.25,min_cluster_size=3",hub,0.25,30,19,40,1730,6,0,34,1730,0.15,0.0,1.0,0.0,0.174704070795666
fbc_tfnbs,"e=0.1,h=2.0,n=30,start_thres=1.25,min_cluster_size=3",hub,0.25,30,19,40,1730,6,0,34,1730,0.15,0.0,1.0,0.0,0.174704070795666
fbc_tfnbs,"e=0.1,h=3.0,n=30,start_thres=1.25,min_cluster_size=3",hub,0.25,30,19,40,1730,6,0,34,1730,0.15,0.0,1.0,0.0,0.174704070795666
fbc_tfnbs,"e=0.1,h=4.0,n=30,start_thres=1.25,min_cluster_size=3",hub,0.25,30,19,40,1730,6,0,34,1730,0.15,0.0,1.0,0.0,0.174704070795666
fbc_tfnbs,"e=0.1,h=5.0,n=30,start_thres=1.25,min_cluster_size=3",hub,0.25,30,19,40,1730,6,0,34,1730,0.15,0.0,1.0,0.0,0.174704070795666
fbc_tfnbs,"e=0.1,h=6.0,n=30,start_thres=1.25,min_cluster_size=3",hub,0.25,30,19,40,1730,6,0,34,1730,0.15,0.0,1.0,0.0,0.174704070795666
fbc_tfnbs,"e=0.1,h=7.0,n=30,start_thres=1.25,min_cluster_size=3",hub,0.25,30,19,40,1730,6,0,34,1730,0.15,0.0,1.0,0.0,0.174704070795666
fbc_tfnbs,"e=0.1,h=8.0,n=30,start_thres=1.25,min_cluster_size=3",hub,0.25,30,19,40,1730,6,0,34,1730,0.15,0.0,1.0,0.0,0.174704070795666
fbc_tfnbs,"e=0.1,h=9.0,n=30,start_thres=1.25,min_cluster_size=3",hub,0.25,30,19,40,1730,6,0,34,1730,0.15,0.0,1.0,0.0,0.174704070795666
fbc_tfnbs,"e=0.1,h=10.0,n=30,start_thres=1.25,min_cluster_size=3",hub,0.25,30,19,40,1730,6,0,34,1730,0.15,0.0,1.0,0.0,0.174704070795666
fbc_tfnbs,"e=0.2,h=0.5,n=30,start_thres=1.25,min_cluster_size=3",hub,0.25,30,19,40,1730,6,0,34,1730,0.15,0.0,1.0,0.0,0.174704070795666
fbc_tfnbs,"e=0.2,h=1.0,n=30,start_thres=1.25,min_cluster_size=3",hub,0.25,30,19,40,1730,6,0,34,1730,0.15,0.0,1.0,0.0,0.174704070795666
fbc_tfnbs,"e=0.2,h=2.0,n=30,start_thres=1.25,min_cluster_size=3",hub,0.25,30,19,40,1730,6,0,34,1730,0.15,0.0,1.0,0.0,0.174704070795666
fbc_tfnbs,"e=0.2,h=3.0,n=30,start_thres=1.25,min_cluster_size=3",hub,0.25,30,19,40,1730,6,0,34,1730,0.15,0.0,1.0,0.0,0.174704070795666
fbc_tfnbs,"e=0.2,h=4.0,n=30,start_thres=1.25,min_cluster_size=3",hub,0.25,30,19,40,1730,6,0,34,1730,0.15,0.0,1.0,0.0,0.174704070795666
fbc_tfnbs,"e=0.2,h=5.0,n=30,start_thres=1.25,min_cluster_size=3",hub,0.25,30,19,40,1730,6,0,34,1730,0.15,0.0,1.0,0.0,0.174704070795666
fbc_tfnbs,"e=0.2,h=6.0,n=30,start_thres=1.25,min_cluster_size=3",hub,0.25,30,19,40,1730,6,0,34,1730,0.15,0.0,1.0,0.0,0.174704070795666
fbc_tfnbs,"e=0.2,h=7.0,n=30,start_thres=1.25,min_cluster_size=3",hub,0.25,30,19,40,1730,6,0,34,1730,0.15,0.0,1.0,0.0,0.174704070795666
fbc_tfnbs,"e=0.2,h=8.0,n=30,start_thres=1.25,min_cluster_size=3",hub,0.25,30,19,40,1730,6,0,34,1730,0.15,0.0,1.0,0.0,0.174704070795666
fbc_tfnbs,"e=0.2,h=9.0,n=30,start_thres=1.25,min_cluster_size=3",hub,0.25,30,19,40,1730,6,0,34,1730,0.15,0.0,1.0,0.0,0.174704070795666
fbc_tfnbs,"e=0.2,h=10.0,n=30,start_thres=1.25,min_cluster_size=3",hub,0.25,30,19,40,1730,6,0,34,1730,0.15,0.0,1.0,0.0,0.174704070795666
fbc_tfnbs,"e=0.3,h=0.5,n=30,start_thres=1.25,min_cluster_size=3",hub,0.25,30,19,40,1730,6,0,34,1730,0.15,0.0,1.0,0.0,0.174704070795666
fbc_tfnbs,"e=0.3,h=1.0,n=30,start_thres=1.25,min_cluster_size=3",hub,0.25,30,19,40,1730,6,0,34,1730,0.15,0.0,1.0,0.0,0.174704070795666
fbc_tfnbs,"e=0.3,h=2.0,n=30,start_thres=1.25,min_cluster_size=3",hub,0.25,30,19,40,1730,6,0,34,1730,0.15,0.0,1.0,0.0,0.174704070795666
fbc_tfnbs,"e=0.3,h=3.0,n=30,start_thres=1.25,min_cluster_size=3",hub,0.25,30,19,40,1730,6,0,34,1730,0.15,0.0,1.0,0.0,0.174704070795666
fbc_tfnbs,"e=0.3,h=4.0,n=30,start_thres=1.25,min_cluster_size=3",hub,0.25,30,19,40,1730,6,0,34,1730,0.15,0.0,1.0,0.0,0.174704070795666
fbc_tfnbs,"e=0.3,h=5.0,n=30,start_thres=1.25,min_cluster_size=3",hub,0.25,30,19,40,1730,6,0,34,1730,0.15,0.0,1.0,0.0,0.174704070795666
fbc_tfnbs,"e=0.3,h=6.0,n=30,start_thres=1.25,min_cluster_size=3",hub,0.25,30,19,40,1730,6,0,34,1730,0.15,0.0,1.0,0.0,0.174704070795666
fbc_tfnbs,"e=0.3,h=7.0,n=30,start_thres=1.25,min_cluster_size=3",hub,0.25,30,19,40,1730,6,0,34,1730,0.15,0.0,1.0,0.0,0.174704070795666
fbc_tfnbs,"e=0.3,h=8.0,n=30,start_thres=1.25,min_cluster_size=3",hub,0.25,30,19,40,1730,6,0,34,1730,0.15,0.0,1.0,0.0,0.174704070795666
fbc_tfnbs,"e=0.3,h=9.0,n=30,start_thres=1.25,min_cluster_size=3",hub,0.25,30,19,40,1730,6,0,34,1730,0.15,0.0,1.0,0.0,0.174704070795666
fbc_tfnbs,"e=0.3,h=10.0,n=30,start_thres=1.25,min_cluster_size=3",hub,0.25,30,19,40,1730,6,0,34,1730,0.15,0.0,1.0,0.0,0.174704070795666
fbc_tfnbs,"e=0.4,h=0.5,n=30,start_thres=1.25,min_cluster_size=3",hub,0.25,30,19,40,1730,6,0,34,1730,0.15,0.0,1.0,0.0,0.174704070795666
fbc_tfnbs,"e=0.4,h=1.0,n=30,start_thres=1.25,min_cluster_size=3",hub,0.25,30,19,40,1730,6,0,34,1730,0.15,0.0,1.0,0.0,0.174704070795666
fbc_tfnbs,"e=0.4,h=2.0,n=30,start_thres=1.25,min_cluster_size=3",hub,0.25,30,19,40,1730,6,0,34,1730,0.15,0.0,1.0,0.0,0.174704070795666
fbc_tfnbs,"e=0.4,h=3.0,n=30,start_thres=1.25,min_cluster_size=3",hub,0.25,30,19,40,1730,6,0,34,1730,0.15,0.0,1.0,0.0,0.174704070795666
fbc_tfnbs,"e=0.4,h=4.0,n=30,start_thres=1.25,min_cluster_size=3",hub,0.25,30,19,40,1730,6,0,34,1730,0.15,0.0,1.0,0.0,0.174704070795666
fbc_tfnbs,"e=0.4,h=5.0,n=30,start_thres=1.25,min_cluster_size=3",hub,0.25,30,19,40,1730,6,0,34,1730,0.15,0.0,1.0,0.0,0.174704070795666
fbc_tfnbs,"e=0.4,h=6.0,n=30,start_thres=1.25,min_cluster_size=3",hub,0.25,30,19,40,1730,6,0,34,1730,0.15,0.0,1.0,0.0,0.174704070795666
fbc_tfnbs,"e=0.4,h=7.0,n=30,start_thres=1.25,min_cluster_size=3",hub,0.25,30,19,40,1730,6,0,34,1730,0.15,0.0,1.0,0.0,0.174704070795666
fbc_tfnbs,"e=0.4,h=8.0,n=30,start_thres=1.25,min_cluster_size=3",hub,0.25,30,19,40,1730,6,0,34,1730,0.15,0.0,1.0,0.0,0.174704070795666
fbc_tfnbs,"e=0.4,h=9.0,n=30,start_thres=1.25,min_cluster_size=3",hub,0.25,30,19,40,1730,6,0,34,1730,0.15,0.0,1.0,0.0,0.174704070795666
fbc_tfnbs,"e=0.4,h=10.0,n=30,start_thres=1.25,min_cluster_size=3",hub,0.25,30,19,40,1730,6,0,34,1730,0.15,0.0,1.0,0.0,0.174704070795666
fbc_tfnbs,"e=0.5,h=0.5,n=30,start_thres=1.25,min_cluster_size=3",hub,0.25,30,19,40,1730,6,0,34,1730,0.15,0.0,1.0,0.0,0.174704070795666
fbc_tfnbs,"e=0.5,h=1.0,n=30,start_thres=1.25,min_cluster_size=3",hub,0.25,30,19,40,1730,6,0,34,1730,0.15,0.0,1.0,0.0,0.174704070795666
fbc_tfnbs,"e=0.5,h=2.0,n=30,start_thres=1.25,min_cluster_size=3",hub,0.25,30,19,40,1730,6,0,34,1730,0.15,0.0,1.0,0.0,0.174704070795666
fbc_tfnbs,"e=0.5,h=3.0,n=30,start_thres=1.25,min_cluster_size=3",hub,0.25,30,19,40,1730,6,0,34,1730,0.15,0.0,1.0,0.0,0.174704070795666
fbc_tfnbs,"e=0.5,h=4.0,n=30,start_thres=1.25,min_cluster_size=3",hub,0.25,30,19,40,1730,6,0,34,1730,0.15,0.0,1.0,0.0,0.174704070795666
fbc_tfnbs,"e=0.5,h=5.0,n=30,start_thres=1.25,min_cluster_size=3",hub,0.25,30,19,40,1730,6,0,34,1730,0.15,0.0,1.0,0.0,0.174704070795666
fbc_tfnbs,"e=0.5,h=6.0,n=30,start_thres=1.25,min_cluster_size=3",hub,0.25,30,19,40,1730,6,0,34,1730,0.15,0.0,1.0,0.0,0.174704070795666
fbc_tfnbs,"e=0.5,h=7.0,n=30,start_thres=1.25,min_cluster_size=3",hub,0.25,30,19,40,1730,6,0,34,1730,0.15,0.0,1.0,0.0,0.174704070795666
fbc_tfnbs,"e=0.5,h=8.0,n=30,start_thres=1.25,min_cluster_size=3",hub,0.25,30,19,40,1730,6,0,34,1730,0.15,0.0,1.0,0.0,0.174704070795666
fbc_tfnbs,"e=0.5,h=9.0,n=30,start_thres=1.25,min_cluster_size=3",hub,0.25,30,19,40,1730,6,0,34,1730,0.15,0.0,1.0,0.0,0.174704070795666
fbc_tfnbs,"e=0.5,h=10.0,n=30,start_thres=1.25,min_cluster_size=3",hub,0.25,30,19,40,1730,6,0,34,1730,0.15,0.0,1.0,0.0,0.174704070795666
fbc_tfnbs,"e=0.6,h=0.5,n=30,start_thres=1.25,min_cluster_size=3",hub,0.25,30,19,40,1730,3,0,37,1730,0.075,0.0,1.0,0.0,0.174704070795666
fbc_tfnbs,"e=0.6,h=1.0,n=30,start_thres=1.25,min_cluster_size=3",hub,0.25,30,19,40,1730,3,0,37,1730,0.075,0.0,1.0,0.0,0.174704070795666
fbc_tfnbs,"e=0.6,h=2.0,n=30,start_thres=1.25,min_cluster_size=3",hub,0.25,30,19,40,1730,6,0,34,1730,0.15,0.0,1.0,0.0,0.174704070795666
fbc_tfnbs,"e=0.6,h=3.0,n=30,start_thres=1.25,min_cluster_size=3",hub,0.25,30,19,40,1730,6,0,34,1730,0.15,0.0,1.0,0.0,0.174704070795666
fbc_tfnbs,"e=0.6,h=4.0,n=30,start_thres=1.25,min_cluster_size=3",hub,0.25,30,19,40,1730,6,0,34,1730,0.15,0.0,1.0,0.0,0.174704070795666
fbc_tfnbs,"e=0.6,h=5.0,n=30,start_thres=1.25,min_cluster_size=3",hub,0.25,30,19,40,1730,6,0,34,1730,0.15,0.0,1.0,0.0,0.174704070795666
fbc_tfnbs,"e=0.6,h=6.0,n=30,start_thres=1.25,min_cluster_size=3",hub,0.25,30,19,40,1730,6,0,34,1730,0.15,0.0,1.0,0.0,0.174704070795666
fbc_tfnbs,"e=0.6,h=7.0,n=30,start_thres=1.25,min_cluster_size=3",hub,0.25,30,19,40,1730,6,0,34,1730,0.15,0.0,1.0,0.0,0.174704070795666
fbc_tfnbs,"e=0.6,h=8.0,n=30,start_thres=1.25,min_cluster_size=3",hub,0.25,30,19,40,1730,6,0,34,1730,0.15,0.0,1.0,0.0,0.174704070795666
fbc_tfnbs,"e=0.6,h=9.0,n=30,start_thres=1.25,min_cluster_size=3",hub,0.25,30,19,40,1730,6,0,34,1730,0.15,0.0,1.0,0.0,0.174704070795666
fbc_tfnbs,"e=0.6,h=10.0,n=30,start_thres=1.25,min_cluster_size=3",hub,0.25,30,19,40,1730,6,0,34,1730,0.15,0.0,1.0,0.0,0.174704070795666
fbc_tfnbs,"e=0.7,h=0.5,n=30,start_thres=1.25,min_cluster_size=3",hub,0.25,30,19,40,1730,0,0,40,1730,0.0,0.0,0.0,0.0,0.174704070795666
fbc_tfnbs,"e=0.7,h=1.0,n=30,start_thres=1.25,min_cluster_size=3",hub,0.25,30,19,40,1730,3,0,37,1730,0.075,0.0,1.0,0.0,0.174704070795666
fbc_tfnbs,"e=0.7,h=2.0,n=30,start_thres=1.25,min_cluster_size=3",hub,0.25,30,19,40,1730,6,0,34,1730,0.15,0.0,1.0,0.0,0.174704070795666
fbc_tfnbs,"e=0.7,h=3.0,n=30,start_thres=1.25,min_cluster_size=3",hub,0.25,30,19,40,1730,6,0,34,1730,0.15,0.0,1.0,0.0,0.174704070795666
fbc_tfnbs,"e=0.7,h=4.0,n=30,start_thres=1.25,min_cluster_size=3",hub,0.25,30,19,40,1730,6,0,34,1730,0.15,0.0,1.0,0.0,0.174704070795666
fbc_tfnbs,"e=0.7,h=5.0,n=30,start_thres=1.25,min_cluster_size=3",hub,0.25,30,19,40,1730,6,0,34,1730,0.15,0.0,1.0,0.0,0.174704070795666
fbc_tfnbs,"e=0.7,h=6.0,n=30,start_thres=1.25,min_cluster_size=3",hub,0.25,30,19,40,1730,6,0,34,1730,0.15,0.0,1.0,0.0,0.174704070795666
fbc_tfnbs,"e=0.7,h=7.0,n=30,start_thres=1.25,min_cluster_size=3",hub,0.25,30,19,40,1730,6,0,34,1730,0.15,0.0,1.0,0.0,0.174704070795666
fbc_tfnbs,"e=0.7,h=8.0,n=30,start_thres=1.25,min_cluster_size=3",hub,0.25,30,19,40,1730,6,0,34,1730,0.15,0.0,1.0,0.0,0.174704070795666
fbc_tfnbs,"e=0.7,h=9.0,n=30,start_thres=1.25,min_cluster_size=3",hub,0.25,30,19,40,1730,6,0,34,1730,0.15,0.0,1.0,0.0,0.174704070795666
fbc_tfnbs,"e=0.7,h=10.0,n=30,start_thres=1.25,min_cluster_size=3",hub,0.25,30,19,40,1730,6,0,34,1730,0.15,0.0,1.0,0.0,0.174704070795666
fbc_tfnbs,"e=0.8,h=0.5,n=30,start_thres=1.25,min_cluster_size=3",hub,0.25,30,19,40,1730,0,0,40,1730,0.0,0.0,0.0,0.0,0.174704070795666
fbc_tfnbs,"e=0.8,h=1.0,n=30,start_thres=1.25,min_cluster_size=3",hub,0.25,30,19,40,1730,0,0,40,1730,0.0,0.0,0.0,0.0,0.174704070795666
fbc_tfnbs,"e=0.8,h=2.0,n=30,start_thres=1.25,min_cluster_size=3",hub,0.25,30,19,40,1730,3,0,37,1730,0.075,0.0,1.0,0.0,0.174704070795666
fbc_tfnbs,"e=0.8,h=3.0,n=30,start_thres=1.25,min_cluster_size=3",hub,0.25,30,19,40,1730,6,0,34,1730,0.15,0.0,1.0,0.0,0.174704070795666
fbc_tfnbs,"e=0.8,h=4.0,n=30,start_thres=1.25,min_cluster_size=3",hub,0.25,30,19,40,1730,6,0,34,1730,0.15,0.0,1.0,0.0,0.174704070795666
fbc_tfnbs,"e=0.8,h=5.0,n=30,start_thres=1.25,min_cluster_size=3",hub,0.25,30,19,40,1730,6,0,34,1730,0.15,0.0,1.0,0.0,0.174704070795666
fbc_tfnbs,"e=0.8,h=6.0,n=30,start_thres=1.25,min_cluster_size=3",hub,0.25,30,19,40,1730,6,0,34,1730,0.15,0.0,1.0,0.0,0.174704070795666
fbc_tfnbs,"e=0.8,h=7.0,n=30,start_thres=1.25,min_cluster_size=3",hub,0.25,30,19,40,1730,6,0,34,1730,0.15,0.0,1.0,0.0,0.174704070795666
fbc_tfnbs,"e=0.8,h=8.0,n=30,start_thres=1.25,min_cluster_size=3",hub,0.25,30,19,40,1730,6,0,34,1730,0.15,0.0,1.0,0.0,0.174704070795666
fbc_tfnbs,"e=0.8,h=9.0,n=30,start_thres=1.25,min_cluster_size=3",hub,0.25,30,19,40,1730,6,0,34,1730,0.15,0.0,1.0,0.0,0.174704070795666
fbc_tfnbs,"e=0.8,h=10.0,n=30,start_thres=1.25,min_cluster_size=3",hub,0.25,30,19,40,1730,6,0,34,1730,0.15,0.0,1.0,0.0,0.174704070795666
fbc_tfnbs,"e=0.9,h=0.5,n=30,start_thres=1.25,min_cluster_size=3",hub,0.25,30,19,40,1730,0,0,40,1730,0.0,0.0,0.0,0.0,0.174704070795666
fbc_tfnbs,"e=0.9,h=1.0,n=30,start_thres=1.25,min_cluster_size=3",hub,0.25,30,19,40,1730,0,0,40,1730,0.0,0.0,0.0,0.0,0.174704070795666
fbc_tfnbs,"e=0.9,h=2.0,n=30,start_thres=1.25,min_cluster_size=3",hub,0.25,30,19,40,1730,3,0,37,1730,0.075,0.0,1.0,0.0,0.174704070795666
fbc_tfnbs,"e=0.9,h=3.0,n=30,start_thres=1.25,min_cluster_size=3",hub,0.25,30,19,40,1730,6,0,34,1730,0.15,0.0,1.0,0.0,0.174704070795666
fbc_tfnbs,"e=0.9,h=4.0,n=30,start_thres=1.25,min_cluster_size=3",hub,0.25,30,19,40,1730,6,0,34,1730,0.15,0.0,1.0,0.0,0.174704070795666
fbc_tfnbs,"e=0.9,h=5.0,n=30,start_thres=1.25,min_cluster_size=3",hub,0.25,30,19,40,1730,6,0,34,1730,0.15,0.0,1.0,0.0,0.174704070795666
fbc_tfnbs,"e=0.9,h=6.0,n=30,start_thres=1.25,min_cluster_size=3",hub,0.25,30,19,40,1730,6,0,34,1730,0.15,0.0,1.0,0.0,0.174704070795666
fbc_tfnbs,"e=0.9,h=7.0,n=30,start_thres=1.25,min_cluster_size=3",hub,0.25,30,19,40,1730,6,0,34,1730,0.15,0.0,1.0,0.0,0.174704070795666
fbc_tfnbs,"e=0.9,h=8.0,n=30,start_thres=1.25,min_cluster_size=3",hub,0.25,30,19,40,1730,6,0,34,1730,0.15,0.0,1.0,0.0,0.174704070795666
fbc_tfnbs,"e=0.9,h=9.0,n=30,start_thres=1.25,min_cluster_size=3",hub,0.25,30,19,40,1730,6,0,34,1730,0.15,0.0,1.0,0.0,0.174704070795666
fbc_tfnbs,"e=0.9,h=10.0,n=30,start_thres=1.25,min_cluster_size=3",hub,0.25,30,19,40,1730,6,0,34,1730,0.15,0.0,1.0,0.0,0.174704070795666
fbc_tfnbs,"e=1.0,h=0.5,n=30,start_thres=1.25,min_cluster_size=3",hub,0.25,30,19,40,1730,0,0,40,1730,0.0,0.0,0.0,0.0,0.174704070795666
fbc_tfnbs,"e=1.0,h=1.0,n=30,start_thres=1.25,min_cluster_size=3",hub,0.25,30,19,40,1730,0,0,40,1730,0.0,0.0,0.0,0.0,0.174704070795666
fbc_tfnbs,"e=1.0,h=2.0,n=30,start_thres=1.25,min_cluster_size=3",hub,0.25,30,19,40,1730,0,0,40,1730,0.0,0.0,0.0,0.0,0.174704070795666
fbc_tfnbs,"e=1.0,h=3.0,n=30,start_thres=1.25,min_cluster_size=3",hub,0.25,30,19,40,1730,3,0,37,1730,0.075,0.0,1.0,0.0,0.174704070795666
fbc_tfnbs,"e=1.0,h=4.0,n=30,start_thres=1.25,min_cluster_size=3",hub,0.25,30,19,40,1730,6,0,34,1730,0.15,0.0,1.0,0.0,0.174704070795666
fbc_tfnbs,"e=1.0,h=5.0,n=30,start_thres=1.25,min_cluster_size=3",hub,0.25,30,19,40,1730,6,0,34,1730,0.15,0.0,1.0,0.0,0.174704070795666
fbc_tfnbs,"e=1.0,h=6.0,n=30,start_thres=1.25,min_cluster_size=3",hub,0.25,30,19,40,1730,6,0,34,1730,0.15,0.0,1.0,0.0,0.174704070795666
fbc_tfnbs,"e=1.0,h=7.0,n=30,start_thres=1.25,min_cluster_size=3",hub,0.25,30,19,40,1730,6,0,34,1730,0.15,0.0,1.0,0.0,0.174704070795666
fbc_tfnbs,"e=1.0,h=8.0,n=30,start_thres=1.25,min_cluster_size=3",hub,0.25,30,19,40,1730,6,0,34,1730,0.15,0.0,1.0,0.0,0.174704070795666
fbc_tfnbs,"e=1.0,h=9.0,n=30,start_thres=1.25,min_cluster_size=3",hub,0.25,30,19,40,1730,6,0,34,1730,0.15,0.0,1.0,0.0,0.174704070795666
fbc_tfnbs,"e=1.0,h=10.0,n=30,start_thres=1.25,min_cluster_size=3",hub,0.25,30,19,40,1730,6,0,34,1730,0.15,0.0,1.0,0.0,0.174704070795666
fbc_tfnbs,"e=1.1,h=0.5,n=30,start_thres=1.25,min_cluster_size=3",hub,0.25,30,19,40,1730,0,0,40,1730,0.0,0.0,0.0,0.0,0.174704070795666
fbc_tfnbs,"e=1.1,h=1.0,n=30,start_thres=1.25,min_cluster_size=3",hub,0.25,30,19,40,1730,0,0,40,1730,0.0,0.0,0.0,0.0,0.174704070795666
fbc_tfnbs,"e=1.1,h=2.0,n=30,start_thres=1.25,min_cluster_size=3",hub,0.25,30,19,40,1730,0,0,40,1730,0.0,0.0,0.0,0.0,0.174704070795666
fbc_tfnbs,"e=1.1,h=3.0,n=30,start_thres=1.25,min_cluster_size=3",hub,0.25,30,19,40,1730,3,0,37,1730,0.075,0.0,1.0,0.0,0.174704070795666
fbc_tfnbs,"e=1.1,h=4.0,n=30,start_thres=1.25,min_cluster_size=3",hub,0.25,30,19,40,1730,3,0,37,1730,0.075,0.0,1.0,0.0,0.174704070795666
fbc_tfnbs,"e=1.1,h=5.0,n=30,start_thres=1.25,min_cluster_size=3",hub,0.25,30,19,40,1730,6,0,34,1730,0.15,0.0,1.0,0.0,0.174704070795666
fbc_tfnbs,"e=1.1,h=6.0,n=30,start_thres=1.25,min_cluster_size=3",hub,0.25,30,19,40,1730,6,0,34,1730,0.15,0.0,1.0,0.0,0.174704070795666
fbc_tfnbs,"e=1.1,h=7.0,n=30,start_thres=1.25,min_cluster_size=3",hub,0.25,30,19,40,1730,6,0,34,1730,0.15,0.0,1.0,0.0,0.174704070795666
fbc_tfnbs,"e=1.1,h=8.0,n=30,start_thres=1.25,min_cluster_size=3",hub,0.25,30,19,40,1730,6,0,34,1730,0.15,0.0,1.0,0.0,0.174704070795666
fbc_tfnbs,"e=1.1,h=9.0,n=30,start_thres=1.25,min_cluster_size=3",hub,0.25,30,19,40,1730,6,0,34,1730,0.15,0.0,1.0,0.0,0.174704070795666
fbc_tfnbs,"e=1.1,h=10.0,n=30,start_thres=1.25,min_cluster_size=3",hub,0.25,30,19,40,1730,6,0,34,1730,0.15,0.0,1.0,0.0,0.174704070795666
fbc_tfnbs,"e=1.2,h=0.5,n=30,start_thres=1.25,min_cluster_size=3",hub,0.25,30,19,40,1730,0,0,40,1730,0.0,0.0,0.0,0.0,0.174704070795666
fbc_tfnbs,"e=1.2,h=1.0,n=30,start_thres=1.25,min_cluster_size=3",hub,0.25,30,19,40,1730,0,0,40,1730,0.0,0.0,0.0,0.0,0.174704070795666
fbc_tfnbs,"e=1.2,h=2.0,n=30,start_thres=1.25,min_cluster_size=3",hub,0.25,30,19,40,1730,0,0,40,1730,0.0,0.0,0.0,0.0,0.174704070795666
fbc_tfnbs,"e=1.2,h=3.0,n=30,start_thres=1.25,min_cluster_size=3",hub,0.25,30,19,40,1730,0,0,40,1730,0.0,0.0,0.0,0.0,0.174704070795666
fbc_tfnbs,"e=1.2,h=4.0,n=30,start_thres=1.25,min_cluster_size=3",hub,0.25,30,19,40,1730,3,0,37,1730,0.075,0.0,1.0,0.0,0.174704070795666
fbc_tfnbs,"e=1.2,h=5.0,n=30,start_thres=1.25,min_cluster_size=3",hub,0.25,30,19,40,1730,6,0,34,1730,0.15,0.0,1.0,0.0,0.174704070795666
fbc_tfnbs,"e=1.2,h=6.0,n=30,start_thres=1.25,min_cluster_size=3",hub,0.25,30,19,40,1730,6,0,34,1730,0.15,0.0,1.0,0.0,0.174704070795666
fbc_tfnbs,"e=1.2,h=7.0,n=30,start_thres=1.25,min_cluster_size=3",hub,0.25,30,19,40,1730,6,0,34,1730,0.15,0.0,1.0,0.0,0.174704070795666
fbc_tfnbs,"e=1.2,h=8.0,n=30,start_thres=1.25,min_cluster_size=3",hub,0.25,30,19,40,1730,6,0,34,1730,0.15,0.0,1.0,0.0,0.174704070795666
fbc_tfnbs,"e=1.2,h=9.0,n=30,start_thres=1.25,min_cluster_size=3",hub,0.25,30,19,40,1730,6,0,34,1730,0.15,0.0,1.0,0.0,0.174704070795666
fbc_tfnbs,"e=1.2,h=10.0,n=30,start_thres=1.25,min_cluster_size=3",hub,0.25,30,19,40,1730,6,0,34,1730,0.15,0.0,1.0,0.0,0.174704070795666
fbc_tfnbs,"e=1.3,h=0.5,n=30,start_thres=1.25,min_cluster_size=3",hub,0.25,30,19,40,1730,0,0,40,1730,0.0,0.0,0.0,0.0,0.174704070795666
fbc_tfnbs,"e=1.3,h=1.0,n=30,start_thres=1.25,min_cluster_size=3",hub,0.25,30,19,40,1730,0,0,40,1730,0.0,0.0,0.0,0.0,0.174704070795666
fbc_tfnbs,"e=1.3,h=2.0,n=30,start_thres=1.25,min_cluster_size=3",hub,0.25,30,19,40,1730,0,0,40,1730,0.0,0.0,0.0,0.0,0.174704070795666
fbc_tfnbs,"e=1.3,h=3.0,n=30,start_thres=1.25,min_cluster_size=3",hub,0.25,30,19,40,1730,0,0,40,1730,0.0,0.0,0.0,0.0,0.174704070795666
fbc_tfnbs,"e=1.3,h=4.0,n=30,start_thres=1.25,min_cluster_size=3",hub,0.25,30,19,40,1730,3,0,37,1730,0.075,0.0,1.0,0.0,0.174704070795666
fbc_tfnbs,"e=1.3,h=5.0,n=30,start_thres=1.25,min_cluster_size=3",hub,0.25,30,19,40,1730,3,0,37,1730,0.075,0.0,1.0,0.0,0.174704070795666
fbc_tfnbs,"e=1.3,h=6.0,n=30,start_thres=1.25,min_cluster_size=3",hub,0.25,30,19,40,1730,6,0,34,1730,0.15,0.0,1.0,0.0,0.174704070795666
fbc_tfnbs,"e=1.3,h=7.0,n=30,start_thres=1.25,min_cluster_size=3",hub,0.25,30,19,40,1730,6,0,34,1730,0.15,0.0,1.0,0.0,0.174704070795666
fbc_tfnbs,"e=1.3,h=8.0,n=30,start_thres=1.25,min_cluster_size=3",hub,0.25,30,19,40,1730,6,0,34,1730,0.15,0.0,1.0,0.0,0.174704070795666
fbc_tfnbs,"e=1.3,h=9.0,n=30,start_thres=1.25,min_cluster_size=3",hub,0.25,30,19,40,1730,6,0,34,1730,0.15,0.0,1.0,0.0,0.174704070795666
fbc_tfnbs,"e=1.3,h=10.0,n=30,start_thres=1.25,min_cluster_size=3",hub,0.25,30,19,40,1730,6,0,34,1730,0.15,0.0,1.0,0.0,0.174704070795666
fbc_tfnbs,"e=1.4,h=0.5,n=30,start_thres=1.25,min_cluster_size=3",hub,0.25,30,19,40,1730,0,0,40,1730,0.0,0.0,0.0,0.0,0.174704070795666
fbc_tfnbs,"e=1.4,h=1.0,n=30,start_thres=1.25,min_cluster_size=3",hub,0.25,30,19,40,1730,0,0,40,1730,0.0,0.0,0.0,0.0,0.174704070795666
fbc_tfnbs,"e=1.4,h=2.0,n=30,start_thres=1.25,min_cluster_size=3",hub,0.25,30,19,40,1730,0,0,40,1730,0.0,0.0,0.0,0.0,0.174704070795666
fbc_tfnbs,"e=1.4,h=3.0,n=30,start_thres=1.25,min_cluster_size=3",hub,0.25,30,19,40,1730,0,0,40,1730,0.0,0.0,0.0,0.0,0.174704070795666
fbc_tfnbs,"e=1.4,h=4.0,n=30,start_thres=1.25,min_cluster_size=3",hub,0.25,30,19,40,1730,0,0,40,1730,0.0,0.0,0.0,0.0,0.174704070795666
fbc_tfnbs,"e=1.4,h=5.0,n=30,start_thres=1.25,min_cluster_size=3",hub,0.25,30,19,40,1730,3,0,37,1730,0.075,0.0,1.0,0.0,0.174704070795666
fbc_tfnbs,"e=1.4,h=6.0,n=30,start_thres=1.25,min_cluster_size=3",hub,0.25,30,19,40,1730,6,0,34,1730,0.15,0.0,1.0,0.0,0.174704070795666
fbc_tfnbs,"e=1.4,h=7.0,n=30,start_thres=1.25,min_cluster_size=3",hub,0.25,30,19,40,1730,6,0,34,1730,0.15,0.0,1.0,0.0,0.174704070795666
fbc_tfnbs,"e=1.4,h=8.0,n=30,start_thres=1.25,min_cluster_size=3",hub,0.25,30,19,40,1730,6,0,34,1730,0.15,0.0,1.0,0.0,0.174704070795666
fbc_tfnbs,"e=1.4,h=9.0,n=30,start_thres=1.25,min_cluster_size=3",hub,0.25,30,19,40,1730,6,0,34,1730,0.15,0.0,1.0,0.0,0.174704070795666
fbc_tfnbs,"e=1.4,h=10.0,n=30,start_thres=1.25,min_cluster_size=3",hub,0.25,30,19,40,1730,6,0,34,1730,0.15,0.0,1.0,0.0,0.174704070795666
fbc_tfnbs,"e=1.5,h=0.5,n=30,start_thres=1.25,min_cluster_size=3",hub,0.25,30,19,40,1730,0,0,40,1730,0.0,0.0,0.0,0.0,0.174704070795666
fbc_tfnbs,"e=1.5,h=1.0,n=30,start_thres=1.25,min_cluster_size=3",hub,0.25,30,19,40,1730,0,0,40,1730,0.0,0.0,0.0,0.0,0.174704070795666
fbc_tfnbs,"e=1.5,h=2.0,n=30,start_thres=1.25,min_cluster_size=3",hub,0.25,30,19,40,1730,0,0,40,1730,0.0,0.0,0.0,0.0,0.174704070795666
fbc_tfnbs,"e=1.5,h=3.0,n=30,start_thres=1.25,min_cluster_size=3",hub,0.25,30,19,40,1730,0,0,40,1730,0.0,0.0,0.0,0.0,0.174704070795666
fbc_tfnbs,"e=1.5,h=4.0,n=30,start_thres=1.25,min_cluster_size=3",hub,0.25,30,19,40,1730,0,0,40,1730,0.0,0.0,0.0,0.0,0.174704070795666
fbc_tfnbs,"e=1.5,h=5.0,n=30,start_thres=1.25,min_cluster_size=3",hub,0.25,30,19,40,1730,3,0,37,1730,0.075,0.0,1.0,0.0,0.174704070795666
fbc_tfnbs,"e=1.5,h=6.0,n=30,start_thres=1.25,min_cluster_size=3",hub,0.25,30,19,40,1730,6,0,34,1730,0.15,0.0,1.0,0.0,0.174704070795666
fbc_tfnbs,"e=1.5,h=7.0,n=30,start_thres=1.25,min_cluster_size=3",hub,0.25,30,19,40,1730,6,0,34,1730,0.15,0.0,1.0,0.0,0.174704070795666
fbc_tfnbs,"e=1.5,h=8.0,n=30,start_thres=1.25,min_cluster_size=3",hub,0.25,30,19,40,1730,6,0,34,1730,0.15,0.0,1.0,0.0,0.174704070795666
fbc_tfnbs,"e=1.5,h=9.0,n=30,start_thres=1.25,min_cluster_size=3",hub,0.25,30,19,40,1730,6,0,34,1730,0.15,0.0,1.0,0.0,0.174704070795666
fbc_tfnbs,"e=1.5,h=10.0,n=30,start_thres=1.25,min_cluster_size=3",hub,0.25,30,19,40,1730,6,0,34,1730,0.15,0.0,1.0,0.0,0.174704070795666
fbc_tfnbs,"e=0.05,h=0.5,n=30,start_thres=1.25,min_cluster_size=3",hub,0.25,30,18,40,1730,6,0,34,1730,0.15,0.0,1.0,0.0,0.1784845468672839
fbc_tfnbs,"e=0.05,h=1.0,n=30,start_thres=1.25,min_cluster_size=3",hub,0.25,30,18,40,1730,6,0,34,1730,0.15,0.0,1.0,0.0,0.1784845468672839
fbc_tfnbs,"e=0.05,h=2.0,n=30,start_thres=1.25,min_cluster_size=3",hub,0.25,30,18,40,1730,6,0,34,1730,0.15,0.0,1.0,0.0,0.1784845468672839
fbc_tfnbs,"e=0.05,h=3.0,n=30,start_thres=1.25,min_cluster_size=3",hub,0.25,30,18,40,1730,6,0,34,1730,0.15,0.0,1.0,0.0,0.1784845468672839
fbc_tfnbs,"e=0.05,h=4.0,n=30,start_thres=1.25,min_cluster_size=3",hub,0.25,30,18,40,1730,6,0,34,1730,0.15,0.0,1.0,0.0,0.1784845468672839
fbc_tfnbs,"e=0.05,h=5.0,n=30,start_thres=1.25,min_cluster_size=3",hub,0.25,30,18,40,1730,6,0,34,1730,0.15,0.0,1.0,0.0,0.1784845468672839
fbc_tfnbs,"e=0.05,h=6.0,n=30,start_thres=1.25,min_cluster_size=3",hub,0.25,30,18,40,1730,6,0,34,1730,0.15,0.0,1.0,0.0,0.1784845468672839
fbc_tfnbs,"e=0.05,h=7.0,n=30,start_thres=1.25,min_cluster_size=3",hub,0.25,30,18,40,1730,6,0,34,1730,0.15,0.0,1.0,0.0,0.1784845468672839
fbc_tfnbs,"e=0.05,h=8.0,n=30,start_thres=1.25,min_cluster_size=3",hub,0.25,30,18,40,1730,6,0,34,1730,0.15,0.0,1.0,0.0,0.1784845468672839
fbc_tfnbs,"e=0.05,h=9.0,n=30,start_thres=1.25,min_cluster_size=3",hub,0.25,30,18,40,1730,6,0,34,1730,0.15,0.0,1.0,0.0,0.1784845468672839
fbc_tfnbs,"e=0.05,h=10.0,n=30,start_thres=1.25,min_cluster_size=3",hub,0.25,30,18,40,1730,6,0,34,1730,0.15,0.0,1.0,0.0,0.1784845468672839
fbc_tfnbs,"e=0.1,h=0.5,n=30,start_thres=1.25,min_cluster_size=3",hub,0.25,30,18,40,1730,6,0,34,1730,0.15,0.0,1.0,0.0,0.1784845468672839
fbc_tfnbs,"e=0.1,h=1.0,n=30,start_thres=1.25,min_cluster_size=3",hub,0.25,30,18,40,1730,6,0,34,1730,0.15,0.0,1.0,0.0,0.1784845468672839
fbc_tfnbs,"e=0.1,h=2.0,n=30,start_thres=1.25,min_cluster_size=3",hub,0.25,30,18,40,1730,6,0,34,1730,0.15,0.0,1.0,0.0,0.1784845468672839
fbc_tfnbs,"e=0.1,h=3.0,n=30,start_thres=1.25,min_cluster_size=3",hub,0.25,30,18,40,1730,6,0,34,1730,0.15,0.0,1.0,0.0,0.1784845468672839
fbc_tfnbs,"e=0.1,h=4.0,n=30,start_thres=1.25,min_cluster_size=3",hub,0.25,30,18,40,1730,6,0,34,1730,0.15,0.0,1.0,0.0,0.1784845468672839
fbc_tfnbs,"e=0.1,h=5.0,n=30,start_thres=1.25,min_cluster_size=3",hub,0.25,30,18,40,1730,6,0,34,1730,0.15,0.0,1.0,0.0,0.1784845468672839
fbc_tfnbs,"e=0.1,h=6.0,n=30,start_thres=1.25,min_cluster_size=3",hub,0.25,30,18,40,1730,6,0,34,1730,0.15,0.0,1.0,0.0,0.1784845468672839
fbc_tfnbs,"e=0.1,h=7.0,n=30,start_thres=1.25,min_cluster_size=3",hub,0.25,30,18,40,1730,6,0,34,1730,0.15,0.0,1.0,0.0,0.1784845468672839
fbc_tfnbs,"e=0.1,h=8.0,n=30,start_thres=1.25,min_cluster_size=3",hub,0.25,30,18,40,1730,6,0,34,1730,0.15,0.0,1.0,0.0,0.1784845468672839
fbc_tfnbs,"e=0.1,h=9.0,n=30,start_thres=1.25,min_cluster_size=3",hub,0.25,30,18,40,1730,6,0,34,1730,0.15,0.0,1.0,0.0,0.1784845468672839
fbc_tfnbs,"e=0.1,h=10.0,n=30,start_thres=1.25,min_cluster_size=3",hub,0.25,30,18,40,1730,6,0,34,1730,0.15,0.0,1.0,0.0,0.1784845468672839
fbc_tfnbs,"e=0.2,h=0.5,n=30,start_thres=1.25,min_cluster_size=3",hub,0.25,30,18,40,1730,6,0,34,1730,0.15,0.0,1.0,0.0,0.1784845468672839
fbc_tfnbs,"e=0.2,h=1.0,n=30,start_thres=1.25,min_cluster_size=3",hub,0.25,30,18,40,1730,6,0,34,1730,0.15,0.0,1.0,0.0,0.1784845468672839
fbc_tfnbs,"e=0.2,h=2.0,n=30,start_thres=1.25,min_cluster_size=3",hub,0.25,30,18,40,1730,6,0,34,1730,0.15,0.0,1.0,0.0,0.1784845468672839
fbc_tfnbs,"e=0.2,h=3.0,n=30,start_thres=1.25,min_cluster_size=3",hub,0.25,30,18,40,1730,6,0,34,1730,0.15,0.0,1.0,0.0,0.1784845468672839
fbc_tfnbs,"e=0.2,h=4.0,n=30,start_thres=1.25,min_cluster_size=3",hub,0.25,30,18,40,1730,6,0,34,1730,0.15,0.0,1.0,0.0,0.1784845468672839
fbc_tfnbs,"e=0.2,h=5.0,n=30,start_thres=1.25,min_cluster_size=3",hub,0.25,30,18,40,1730,6,0,34,1730,0.15,0.0,1.0,0.0,0.1784845468672839
fbc_tfnbs,"e=0.2,h=6.0,n=30,start_thres=1.25,min_cluster_size=3",hub,0.25,30,18,40,1730,6,0,34,1730,0.15,0.0,1.0,0.0,0.1784845468672839
fbc_tfnbs,"e=0.2,h=7.0,n=30,start_thres=1.25,min_cluster_size=3",hub,0.25,30,18,40,1730,6,0,34,1730,0.15,0.0,1.0,0.0,0.1784845468672839
fbc_tfnbs,"e=0.2,h=8.0,n=30,start_thres=1.25,min_cluster_size=3",hub,0.25,30,18,40,1730,6,0,34,1730,0.15,0.0,1.0,0.0,0.1784845468672839
fbc_tfnbs,"e=0.2,h=9.0,n=30,start_thres=1.25,min_cluster_size=3",hub,0.25,30,18,40,1730,6,0,34,1730,0.15,0.0,1.0,0.0,0.1784845468672839
fbc_tfnbs,"e=0.2,h=10.0,n=30,start_thres=1.25,min_cluster_size=3",hub,0.25,30,18,40,1730,6,0,34,1730,0.15,0.0,1.0,0.0,0.1784845468672839
fbc_tfnbs,"e=0.3,h=0.5,n=30,start_thres=1.25,min_cluster_size=3",hub,0.25,30,18,40,1730,6,0,34,1730,0.15,0.0,1.0,0.0,0.1784845468672839
fbc_tfnbs,"e=0.3,h=1.0,n=30,start_thres=1.25,min_cluster_size=3",hub,0.25,30,18,40,1730,6,0,34,1730,0.15,0.0,1.0,0.0,0.1784845468672839
fbc_tfnbs,"e=0.3,h=2.0,n=30,start_thres=1.25,min_cluster_size=3",hub,0.25,30,18,40,1730,6,0,34,1730,0.15,0.0,1.0,0.0,0.1784845468672839
fbc_tfnbs,"e=0.3,h=3.0,n=30,start_thres=1.25,min_cluster_size=3",hub,0.25,30,18,40,1730,6,0,34,1730,0.15,0.0,1.0,0.0,0.1784845468672839
fbc_tfnbs,"e=0.3,h=4.0,n=30,start_thres=1.25,min_cluster_size=3",hub,0.25,30,18,40,1730,6,0,34,1730,0.15,0.0,1.0,0.0,0.1784845468672839
fbc_tfnbs,"e=0.3,h=5.0,n=30,start_thres=1.25,min_cluster_size=3",hub,0.25,30,18,40,1730,6,0,34,1730,0.15,0.0,1.0,0.0,0.1784845468672839
fbc_tfnbs,"e=0.3,h=6.0,n=30,start_thres=1.25,min_cluster_size=3",hub,0.25,30,18,40,1730,6,0,34,1730,0.15,0.0,1.0,0.0,0.1784845468672839
fbc_tfnbs,"e=0.3,h=7.0,n=30,start_thres=1.25,min_cluster_size=3",hub,0.25,30,18,40,1730,6,0,34,1730,0.15,0.0,1.0,0.0,0.1784845468672839
fbc_tfnbs,"e=0.3,h=8.0,n=30,start_thres=1.25,min_cluster_size=3",hub,0.25,30,18,40,1730,6,0,34,1730,0.15,0.0,1.0,0.0,0.1784845468672839
fbc_tfnbs,"e=0.3,h=9.0,n=30,start_thres=1.25,min_cluster_size=3",hub,0.25,30,18,40,1730,6,0,34,1730,0.15,0.0,1.0,0.0,0.1784845468672839
fbc_tfnbs,"e=0.3,h=10.0,n=30,start_thres=1.25,min_cluster_size=3",hub,0.25,30,18,40,1730,6,0,34,1730,0.15,0.0,1.0,0.0,0.1784845468672839
fbc_tfnbs,"e=0.4,h=0.5,n=30,start_thres=1.25,min_cluster_size=3",hub,0.25,30,18,40,1730,6,0,34,1730,0.15,0.0,1.0,0.0,0.1784845468672839
fbc_tfnbs,"e=0.4,h=1.0,n=30,start_thres=1.25,min_cluster_size=3",hub,0.25,30,18,40,1730,6,0,34,1730,0.15,0.0,1.0,0.0,0.1784845468672839
fbc_tfnbs,"e=0.4,h=2.0,n=30,start_thres=1.25,min_cluster_size=3",hub,0.25,30,18,40,1730,6,0,34,1730,0.15,0.0,1.0,0.0,0.1784845468672839
fbc_tfnbs,"e=0.4,h=3.0,n=30,start_thres=1.25,min_cluster_size=3",hub,0.25,30,18,40,1730,6,0,34,1730,0.15,0.0,1.0,0.0,0.1784845468672839
fbc_tfnbs,"e=0.4,h=4.0,n=30,start_thres=1.25,min_cluster_size=3",hub,0.25,30,18,40,1730,6,0,34,1730,0.15,0.0,1.0,0.0,0.1784845468672839
fbc_tfnbs,"e=0.4,h=5.0,n=30,start_thres=1.25,min_cluster_size=3",hub,0.25,30,18,40,1730,6,0,34,1730,0.15,0.0,1.0,0.0,0.1784845468672839
fbc_tfnbs,"e=0.4,h=6.0,n=30,start_thres=1.25,min_cluster_size=3",hub,0.25,30,18,40,1730,6,0,34,1730,0.15,0.0,1.0,0.0,0.1784845468672839
fbc_tfnbs,"e=0.4,h=7.0,n=30,start_thres=1.25,min_cluster_size=3",hub,0.25,30,18,40,1730,6,0,34,1730,0.15,0.0,1.0,0.0,0.1784845468672839
fbc_tfnbs,"e=0.4,h=8.0,n=30,start_thres=1.25,min_cluster_size=3",hub,0.25,30,18,40,1730,6,0,34,1730,0.15,0.0,1.0,0.0,0.1784845468672839
fbc_tfnbs,"e=0.4,h=9.0,n=30,start_thres=1.25,min_cluster_size=3",hub,0.25,30,18,40,1730,6,0,34,1730,0.15,0.0,1.0,0.0,0.1784845468672839
fbc_tfnbs,"e=0.4,h=10.0,n=30,start_thres=1.25,min_cluster_size=3",hub,0.25,30,18,40,1730,6,0,34,1730,0.15,0.0,1.0,0.0,0.1784845468672839
fbc_tfnbs,"e=0.5,h=0.5,n=30,start_thres=1.25,min_cluster_size=3",hub,0.25,30,18,40,1730,6,0,34,1730,0.15,0.0,1.0,0.0,0.1784845468672839
fbc_tfnbs,"e=0.5,h=1.0,n=30,start_thres=1.25,min_cluster_size=3",hub,0.25,30,18,40,1730,6,0,34,1730,0.15,0.0,1.0,0.0,0.1784845468672839
fbc_tfnbs,"e=0.5,h=2.0,n=30,start_thres=1.25,min_cluster_size=3",hub,0.25,30,18,40,1730,6,0,34,1730,0.15,0.0,1.0,0.0,0.1784845468672839
fbc_tfnbs,"e=0.5,h=3.0,n=30,start_thres=1.25,min_cluster_size=3",hub,0.25,30,18,40,1730,6,0,34,1730,0.15,0.0,1.0,0.0,0.1784845468672839
fbc_tfnbs,"e=0.5,h=4.0,n=30,start_thres=1.25,min_cluster_size=3",hub,0.25,30,18,40,1730,6,0,34,1730,0.15,0.0,1.0,0.0,0.1784845468672839
fbc_tfnbs,"e=0.5,h=5.0,n=30,start_thres=1.25,min_cluster_size=3",hub,0.25,30,18,40,1730,6,0,34,1730,0.15,0.0,1.0,0.0,0.1784845468672839
fbc_tfnbs,"e=0.5,h=6.0,n=30,start_thres=1.25,min_cluster_size=3",hub,0.25,30,18,40,1730,6,0,34,1730,0.15,0.0,1.0,0.0,0.1784845468672839
fbc_tfnbs,"e=0.5,h=7.0,n=30,start_thres=1.25,min_cluster_size=3",hub,0.25,30,18,40,1730,6,0,34,1730,0.15,0.0,1.0,0.0,0.1784845468672839
fbc_tfnbs,"e=0.5,h=8.0,n=30,start_thres=1.25,min_cluster_size=3",hub,0.25,30,18,40,1730,6,0,34,1730,0.15,0.0,1.0,0.0,0.1784845468672839
fbc_tfnbs,"e=0.5,h=9.0,n=30,start_thres=1.25,min_cluster_size=3",hub,0.25,30,18,40,1730,6,0,34,1730,0.15,0.0,1.0,0.0,0.1784845468672839
fbc_tfnbs,"e=0.5,h=10.0,n=30,start_thres=1.25,min_cluster_size=3",hub,0.25,30,18,40,1730,6,0,34,1730,0.15,0.0,1.0,0.0,0.1784845468672839
fbc_tfnbs,"e=0.6,h=0.5,n=30,start_thres=1.25,min_cluster_size=3",hub,0.25,30,18,40,1730,5,0,35,1730,0.125,0.0,1.0,0.0,0.1784845468672839
fbc_tfnbs,"e=0.6,h=1.0,n=30,start_thres=1.25,min_cluster_size=3",hub,0.25,30,18,40,1730,6,0,34,1730,0.15,0.0,1.0,0.0,0.1784845468672839
fbc_tfnbs,"e=0.6,h=2.0,n=30,start_thres=1.25,min_cluster_size=3",hub,0.25,30,18,40,1730,6,0,34,1730,0.15,0.0,1.0,0.0,0.1784845468672839
fbc_tfnbs,"e=0.6,h=3.0,n=30,start_thres=1.25,min_cluster_size=3",hub,0.25,30,18,40,1730,6,0,34,1730,0.15,0.0,1.0,0.0,0.1784845468672839
fbc_tfnbs,"e=0.6,h=4.0,n=30,start_thres=1.25,min_cluster_size=3",hub,0.25,30,18,40,1730,6,0,34,1730,0.15,0.0,1.0,0.0,0.1784845468672839
fbc_tfnbs,"e=0.6,h=5.0,n=30,start_thres=1.25,min_cluster_size=3",hub,0.25,30,18,40,1730,6,0,34,1730,0.15,0.0,1.0,0.0,0.1784845468672839
fbc_tfnbs,"e=0.6,h=6.0,n=30,start_thres=1.25,min_cluster_size=3",hub,0.25,30,18,40,1730,6,0,34,1730,0.15,0.0,1.0,0.0,0.1784845468672839
fbc_tfnbs,"e=0.6,h=7.0,n=30,start_thres=1.25,min_cluster_size=3",hub,0.25,30,18,40,1730,6,0,34,1730,0.15,0.0,1.0,0.0,0.1784845468672839
fbc_tfnbs,"e=0.6,h=8.0,n=30,start_thres=1.25,min_cluster_size=3",hub,0.25,30,18,40,1730,6,0,34,1730,0.15,0.0,1.0,0.0,0.1784845468672839
fbc_tfnbs,"e=0.6,h=9.0,n=30,start_thres=1.25,min_cluster_size=3",hub,0.25,30,18,40,1730,6,0,34,1730,0.15,0.0,1.0,0.0,0.1784845468672839
fbc_tfnbs,"e=0.6,h=10.0,n=30,start_thres=1.25,min_cluster_size=3",hub,0.25,30,18,40,1730,6,0,34,1730,0.15,0.0,1.0,0.0,0.1784845468672839
fbc_tfnbs,"e=0.7,h=0.5,n=30,start_thres=1.25,min_cluster_size=3",hub,0.25,30,18,40,1730,4,0,36,1730,0.1,0.0,1.0,0.0,0.1784845468672839
fbc_tfnbs,"e=0.7,h=1.0,n=30,start_thres=1.25,min_cluster_size=3",hub,0.25,30,18,40,1730,5,0,35,1730,0.125,0.0,1.0,0.0,0.1784845468672839
fbc_tfnbs,"e=0.7,h=2.0,n=30,start_thres=1.25,min_cluster_size=3",hub,0.25,30,18,40,1730,6,0,34,1730,0.15,0.0,1.0,0.0,0.1784845468672839
fbc_tfnbs,"e=0.7,h=3.0,n=30,start_thres=1.25,min_cluster_size=3",hub,0.25,30,18,40,1730,6,0,34,1730,0.15,0.0,1.0,0.0,0.1784845468672839
fbc_tfnbs,"e=0.7,h=4.0,n=30,start_thres=1.25,min_cluster_size=3",hub,0.25,30,18,40,1730,6,0,34,1730,0.15,0.0,1.0,0.0,0.1784845468672839
fbc_tfnbs,"e=0.7,h=5.0,n=30,start_thres=1.25,min_cluster_size=3",hub,0.25,30,18,40,1730,6,0,34,1730,0.15,0.0,1.0,0.0,0.1784845468672839
fbc_tfnbs,"e=0.7,h=6.0,n=30,start_thres=1.25,min_cluster_size=3",hub,0.25,30,18,40,1730,6,0,34,1730,0.15,0.0,1.0,0.0,0.1784845468672839
fbc_tfnbs,"e=0.7,h=7.0,n=30,start_thres=1.25,min_cluster_size=3",hub,0.25,30,18,40,1730,6,0,34,1730,0.15,0.0,1.0,0.0,0.1784845468672839
fbc_tfnbs,"e=0.7,h=8.0,n=30,start_thres=1.25,min_cluster_size=3",hub,0.25,30,18,40,1730,6,0,34,1730,0.15,0.0,1.0,0.0,0.1784845468672839
fbc_tfnbs,"e=0.7,h=9.0,n=30,start_thres=1.25,min_cluster_size=3",hub,0.25,30,18,40,1730,6,0,34,1730,0.15,0.0,1.0,0.0,0.1784845468672839
fbc_tfnbs,"e=0.7,h=10.0,n=30,start_thres=1.25,min_cluster_size=3",hub,0.25,30,18,40,1730,6,0,34,1730,0.15,0.0,1.0,0.0,0.1784845468672839
fbc_tfnbs,"e=0.8,h=0.5,n=30,start_thres=1.25,min_cluster_size=3",hub,0.25,30,18,40,1730,0,0,40,1730,0.0,0.0,0.0,0.0,0.1784845468672839
fbc_tfnbs,"e=0.8,h=1.0,n=30,start_thres=1.25,min_cluster_size=3",hub,0.25,30,18,40,1730,4,0,36,1730,0.1,0.0,1.0,0.0,0.1784845468672839
fbc_tfnbs,"e=0.8,h=2.0,n=30,start_thres=1.25,min_cluster_size=3",hub,0.25,30,18,40,1730,6,0,34,1730,0.15,0.0,1.0,0.0,0.1784845468672839
fbc_tfnbs,"e=0.8,h=3.0,n=30,start_thres=1.25,min_cluster_size=3",hub,0.25,30,18,40,1730,6,0,34,1730,0.15,0.0,1.0,0.0,0.1784845468672839
fbc_tfnbs,"e=0.8,h=4.0,n=30,start_thres=1.25,min_cluster_size=3",hub,0.25,30,18,40,1730,6,0,34,1730,0.15,0.0,1.0,0.0,0.1784845468672839
fbc_tfnbs,"e=0.8,h=5.0,n=30,start_thres=1.25,min_cluster_size=3",hub,0.25,30,18,40,1730,6,0,34,1730,0.15,0.0,1.0,0.0,0.1784845468672839
fbc_tfnbs,"e=0.8,h=6.0,n=30,start_thres=1.25,min_cluster_size=3",hub,0.25,30,18,40,1730,6,0,34,1730,0.15,0.0,1.0,0.0,0.1784845468672839
fbc_tfnbs,"e=0.8,h=7.0,n=30,start_thres=1.25,min_cluster_size=3",hub,0.25,30,18,40,1730,6,0,34,1730,0.15,0.0,1.0,0.0,0.1784845468672839
fbc_tfnbs,"e=0.8,h=8.0,n=30,start_thres=1.25,min_cluster_size=3",hub,0.25,30,18,40,1730,6,0,34,1730,0.15,0.0,1.0,0.0,0.1784845468672839
fbc_tfnbs,"e=0.8,h=9.0,n=30,start_thres=1.25,min_cluster_size=3",hub,0.25,30,18,40,1730,6,0,34,1730,0.15,0.0,1.0,0.0,0.1784845468672839
fbc_tfnbs,"e=0.8,h=10.0,n=30,start_thres=1.25,min_cluster_size=3",hub,0.25,30,18,40,1730,6,0,34,1730,0.15,0.0,1.0,0.0,0.1784845468672839
fbc_tfnbs,"e=0.9,h=0.5,n=30,start_thres=1.25,min_cluster_size=3",hub,0.25,30,18,40,1730,0,0,40,1730,0.0,0.0,0.0,0.0,0.1784845468672839
fbc_tfnbs,"e=0.9,h=1.0,n=30,start_thres=1.25,min_cluster_size=3",hub,0.25,30,18,40,1730,0,0,40,1730,0.0,0.0,0.0,0.0,0.1784845468672839
fbc_tfnbs,"e=0.9,h=2.0,n=30,start_thres=1.25,min_cluster_size=3",hub,0.25,30,18,40,1730,6,0,34,1730,0.15,0.0,1.0,0.0,0.1784845468672839
fbc_tfnbs,"e=0.9,h=3.0,n=30,start_thres=1.25,min_cluster_size=3",hub,0.25,30,18,40,1730,6,0,34,1730,0.15,0.0,1.0,0.0,0.1784845468672839
fbc_tfnbs,"e=0.9,h=4.0,n=30,start_thres=1.25,min_cluster_size=3",hub,0.25,30,18,40,1730,6,0,34,1730,0.15,0.0,1.0,0.0,0.1784845468672839
fbc_tfnbs,"e=0.9,h=5.0,n=30,start_thres=1.25,min_cluster_size=3",hub,0.25,30,18,40,1730,6,0,34,1730,0.15,0.0,1.0,0.0,0.1784845468672839
fbc_tfnbs,"e=0.9,h=6.0,n=30,start_thres=1.25,min_cluster_size=3",hub,0.25,30,18,40,1730,6,0,34,1730,0.15,0.0,1.0,0.0,0.1784845468672839
fbc_tfnbs,"e=0.9,h=7.0,n=30,start_thres=1.25,min_cluster_size=3",hub,0.25,30,18,40,1730,6,0,34,1730,0.15,0.0,1.0,0.0,0.1784845468672839
fbc_tfnbs,"e=0.9,h=8.0,n=30,start_thres=1.25,min_cluster_size=3",hub,0.25,30,18,40,1730,6,0,34,1730,0.15,0.0,1.0,0.0,0.1784845468672839
fbc_tfnbs,"e=0.9,h=9.0,n=30,start_thres=1.25,min_cluster_size=3",hub,0.25,30,18,40,1730,6,0,34,1730,0.15,0.0,1.0,0.0,0.1784845468672839
fbc_tfnbs,"e=0.9,h=10.0,n=30,start_thres=1.25,min_cluster_size=3",hub,0.25,30,18,40,1730,6,0,34,1730,0.15,0.0,1.0,0.0,0.1784845468672839
fbc_tfnbs,"e=1.0,h=0.5,n=30,start_thres=1.25,min_cluster_size=3",hub,0.25,30,18,40,1730,0,0,40,1730,0.0,0.0,0.0,0.0,0.1784845468672839
fbc_tfnbs,"e=1.0,h=1.0,n=30,start_thres=1.25,min_cluster_size=3",hub,0.25,30,18,40,1730,0,0,40,1730,0.0,0.0,0.0,0.0,0.1784845468672839
fbc_tfnbs,"e=1.0,h=2.0,n=30,start_thres=1.25,min_cluster_size=3",hub,0.25,30,18,40,1730,5,0,35,1730,0.125,0.0,1.0,0.0,0.1784845468672839
fbc_tfnbs,"e=1.0,h=3.0,n=30,start_thres=1.25,min_cluster_size=3",hub,0.25,30,18,40,1730,6,0,34,1730,0.15,0.0,1.0,0.0,0.1784845468672839
fbc_tfnbs,"e=1.0,h=4.0,n=30,start_thres=1.25,min_cluster_size=3",hub,0.25,30,18,40,1730,6,0,34,1730,0.15,0.0,1.0,0.0,0.1784845468672839
fbc_tfnbs,"e=1.0,h=5.0,n=30,start_thres=1.25,min_cluster_size=3",hub,0.25,30,18,40,1730,6,0,34,1730,0.15,0.0,1.0,0.0,0.1784845468672839
fbc_tfnbs,"e=1.0,h=6.0,n=30,start_thres=1.25,min_cluster_size=3",hub,0.25,30,18,40,1730,6,0,34,1730,0.15,0.0,1.0,0.0,0.1784845468672839
fbc_tfnbs,"e=1.0,h=7.0,n=30,start_thres=1.25,min_cluster_size=3",hub,0.25,30,18,40,1730,6,0,34,1730,0.15,0.0,1.0,0.0,0.1784845468672839
fbc_tfnbs,"e=1.0,h=8.0,n=30,start_thres=1.25,min_cluster_size=3",hub,0.25,30,18,40,1730,6,0,34,1730,0.15,0.0,1.0,0.0,0.1784845468672839
fbc_tfnbs,"e=1.0,h=9.0,n=30,start_thres=1.25,min_cluster_size=3",hub,0.25,30,18,40,1730,6,0,34,1730,0.15,0.0,1.0,0.0,0.1784845468672839
fbc_tfnbs,"e=1.0,h=10.0,n=30,start_thres=1.25,min_cluster_size=3",hub,0.25,30,18,40,1730,6,0,34,1730,0.15,0.0,1.0,0.0,0.1784845468672839
fbc_tfnbs,"e=1.1,h=0.5,n=30,start_thres=1.25,min_cluster_size=3",hub,0.25,30,18,40,1730,0,0,40,1730,0.0,0.0,0.0,0.0,0.1784845468672839
fbc_tfnbs,"e=1.1,h=1.0,n=30,start_thres=1.25,min_cluster_size=3",hub,0.25,30,18,40,1730,0,0,40,1730,0.0,0.0,0.0,0.0,0.1784845468672839
fbc_tfnbs,"e=1.1,h=2.0,n=30,start_thres=1.25,min_cluster_size=3",hub,0.25,30,18,40,1730,4,0,36,1730,0.1,0.0,1.0,0.0,0.1784845468672839
fbc_tfnbs,"e=1.1,h=3.0,n=30,start_thres=1.25,min_cluster_size=3",hub,0.25,30,18,40,1730,6,0,34,1730,0.15,0.0,1.0,0.0,0.1784845468672839
fbc_tfnbs,"e=1.1,h=4.0,n=30,start_thres=1.25,min_cluster_size=3",hub,0.25,30,18,40,1730,6,0,34,1730,0.15,0.0,1.0,0.0,0.1784845468672839
fbc_tfnbs,"e=1.1,h=5.0,n=30,start_thres=1.25,min_cluster_size=3",hub,0.25,30,18,40,1730,6,0,34,1730,0.15,0.0,1.0,0.0,0.1784845468672839
fbc_tfnbs,"e=1.1,h=6.0,n=30,start_thres=1.25,min_cluster_size=3",hub,0.25,30,18,40,1730,6,0,34,1730,0.15,0.0,1.0,0.0,0.1784845468672839
fbc_tfnbs,"e=1.1,h=7.0,n=30,start_thres=1.25,min_cluster_size=3",hub,0.25,30,18,40,1730,6,0,34,1730,0.15,0.0,1.0,0.0,0.1784845468672839
fbc_tfnbs,"e=1.1,h=8.0,n=30,start_thres=1.25,min_cluster_size=3",hub,0.25,30,18,40,1730,6,0,34,1730,0.15,0.0,1.0,0.0,0.1784845468672839
fbc_tfnbs,"e=1.1,h=9.0,n=30,start_thres=1.25,min_cluster_size=3",hub,0.25,30,18,40,1730,6,0,34,1730,0.15,0.0,1.0,0.0,0.1784845468672839
fbc_tfnbs,"e=1.1,h=10.0,n=30,start_thres=1.25,min_cluster_size=3",hub,0.25,30,18,40,1730,6,0,34,1730,0.15,0.0,1.0,0.0,0.1784845468672839
fbc_tfnbs,"e=1.2,h=0.5,n=30,start_thres=1.25,min_cluster_size=3",hub,0.25,30,18,40,1730,0,0,40,1730,0.0,0.0,0.0,0.0,0.1784845468672839
fbc_tfnbs,"e=1.2,h=1.0,n=30,start_thres=1.25,min_cluster_size=3",hub,0.25,30,18,40,1730,0,0,40,1730,0.0,0.0,0.0,0.0,0.1784845468672839
fbc_tfnbs,"e=1.2,h=2.0,n=30,start_thres=1.25,min_cluster_size=3",hub,0.25,30,18,40,1730,0,0,40,1730,0.0,0.0,0.0,0.0,0.1784845468672839
fbc_tfnbs,"e=1.2,h=3.0,n=30,start_thres=1.25,min_cluster_size=3",hub,0.25,30,18,40,1730,6,0,34,1730,0.15,0.0,1.0,0.0,0.1784845468672839
fbc_tfnbs,"e=1.2,h=4.0,n=30,start_thres=1.25,min_cluster_size=3",hub,0.25,30,18,40,1730,6,0,34,1730,0.15,0.0,1.0,0.0,0.1784845468672839
fbc_tfnbs,"e=1.2,h=5.0,n=30,start_thres=1.25,min_cluster_size=3",hub,0.25,30,18,40,1730,6,0,34,1730,0.15,0.0,1.0,0.0,0.1784845468672839
fbc_tfnbs,"e=1.2,h=6.0,n=30,start_thres=1.25,min_cluster_size=3",hub,0.25,30,18,40,1730,6,0,34,1730,0.15,0.0,1.0,0.0,0.1784845468672839
fbc_tfnbs,"e=1.2,h=7.0,n=30,start_thres=1.25,min_cluster_size=3",hub,0.25,30,18,40,1730,6,0,34,1730,0.15,0.0,1.0,0.0,0.1784845468672839
fbc_tfnbs,"e=1.2,h=8.0,n=30,start_thres=1.25,min_cluster_size=3",hub,0.25,30,18,40,1730,7,0,33,1730,0.175,0.0,1.0,0.0,0.1784845468672839
fbc_tfnbs,"e=1.2,h=9.0,n=30,start_thres=1.25,min_cluster_size=3",hub,0.25,30,18,40,1730,6,0,34,1730,0.15,0.0,1.0,0.0,0.1784845468672839
fbc_tfnbs,"e=1.2,h=10.0,n=30,start_thres=1.25,min_cluster_size=3",hub,0.25,30,18,40,1730,6,0,34,1730,0.15,0.0,1.0,0.0,0.1784845468672839
fbc_tfnbs,"e=1.3,h=0.5,n=30,start_thres=1.25,min_cluster_size=3",hub,0.25,30,18,40,1730,0,0,40,1730,0.0,0.0,0.0,0.0,0.1784845468672839
fbc_tfnbs,"e=1.3,h=1.0,n=30,start_thres=1.25,min_cluster_size=3",hub,0.25,30,18,40,1730,0,0,40,1730,0.0,0.0,0.0,0.0,0.1784845468672839
fbc_tfnbs,"e=1.3,h=2.0,n=30,start_thres=1.25,min_cluster_size=3",hub,0.25,30,18,40,1730,0,0,40,1730,0.0,0.0,0.0,0.0,0.1784845468672839
fbc_tfnbs,"e=1.3,h=3.0,n=30,start_thres=1.25,min_cluster_size=3",hub,0.25,30,18,40,1730,5,0,35,1730,0.125,0.0,1.0,0.0,0.1784845468672839
fbc_tfnbs,"e=1.3,h=4.0,n=30,start_thres=1.25,min_cluster_size=3",hub,0.25,30,18,40,1730,6,0,34,1730,0.15,0.0,1.0,0.0,0.1784845468672839
fbc_tfnbs,"e=1.3,h=5.0,n=30,start_thres=1.25,min_cluster_size=3",hub,0.25,30,18,40,1730,6,0,34,1730,0.15,0.0,1.0,0.0,0.1784845468672839
fbc_tfnbs,"e=1.3,h=6.0,n=30,start_thres=1.25,min_cluster_size=3",hub,0.25,30,18,40,1730,6,0,34,1730,0.15,0.0,1.0,0.0,0.1784845468672839
fbc_tfnbs,"e=1.3,h=7.0,n=30,start_thres=1.25,min_cluster_size=3",hub,0.25,30,18,40,1730,7,0,33,1730,0.175,0.0,1.0,0.0,0.1784845468672839
fbc_tfnbs,"e=1.3,h=8.0,n=30,start_thres=1.25,min_cluster_size=3",hub,0.25,30,18,40,1730,7,0,33,1730,0.175,0.0,1.0,0.0,0.1784845468672839
fbc_tfnbs,"e=1.3,h=9.0,n=30,start_thres=1.25,min_cluster_size=3",hub,0.25,30,18,40,1730,7,0,33,1730,0.175,0.0,1.0,0.0,0.1784845468672839
fbc_tfnbs,"e=1.3,h=10.0,n=30,start_thres=1.25,min_cluster_size=3",hub,0.25,30,18,40,1730,7,0,33,1730,0.175,0.0,1.0,0.0,0.1784845468672839
fbc_tfnbs,"e=1.4,h=0.5,n=30,start_thres=1.25,min_cluster_size=3",hub,0.25,30,18,40,1730,0,0,40,1730,0.0,0.0,0.0,0.0,0.1784845468672839
fbc_tfnbs,"e=1.4,h=1.0,n=30,start_thres=1.25,min_cluster_size=3",hub,0.25,30,18,40,1730,0,0,40,1730,0.0,0.0,0.0,0.0,0.1784845468672839
fbc_tfnbs,"e=1.4,h=2.0,n=30,start_thres=1.25,min_cluster_size=3",hub,0.25,30,18,40,1730,0,0,40,1730,0.0,0.0,0.0,0.0,0.1784845468672839
fbc_tfnbs,"e=1.4,h=3.0,n=30,start_thres=1.25,min_cluster_size=3",hub,0.25,30,18,40,1730,0,0,40,1730,0.0,0.0,0.0,0.0,0.1784845468672839
fbc_tfnbs,"e=1.4,h=4.0,n=30,start_thres=1.25,min_cluster_size=3",hub,0.25,30,18,40,1730,6,0,34,1730,0.15,0.0,1.0,0.0,0.1784845468672839
fbc_tfnbs,"e=1.4,h=5.0,n=30,start_thres=1.25,min_cluster_size=3",hub,0.25,30,18,40,1730,6,0,34,1730,0.15,0.0,1.0,0.0,0.1784845468672839
fbc_tfnbs,"e=1.4,h=6.0,n=30,start_thres=1.25,min_cluster_size=3",hub,0.25,30,18,40,1730,6,0,34,1730,0.15,0.0,1.0,0.0,0.1784845468672839
fbc_tfnbs,"e=1.4,h=7.0,n=30,start_thres=1.25,min_cluster_size=3",hub,0.25,30,18,40,1730,7,0,33,1730,0.175,0.0,1.0,0.0,0.1784845468672839
fbc_tfnbs,"e=1.4,h=8.0,n=30,start_thres=1.25,min_cluster_size=3",hub,0.25,30,18,40,1730,7,0,33,1730,0.175,0.0,1.0,0.0,0.1784845468672839
fbc_tfnbs,"e=1.4,h=9.0,n=30,start_thres=1.25,min_cluster_size=3",hub,0.25,30,18,40,1730,7,0,33,1730,0.175,0.0,1.0,0.0,0.1784845468672839
fbc_tfnbs,"e=1.4,h=10.0,n=30,start_thres=1.25,min_cluster_size=3",hub,0.25,30,18,40,1730,7,0,33,1730,0.175,0.0,1.0,0.0,0.1784845468672839
fbc_tfnbs,"e=1.5,h=0.5,n=30,start_thres=1.25,min_cluster_size=3",hub,0.25,30,18,40,1730,0,0,40,1730,0.0,0.0,0.0,0.0,0.1784845468672839
fbc_tfnbs,"e=1.5,h=1.0,n=30,start_thres=1.25,min_cluster_size=3",hub,0.25,30,18,40,1730,0,0,40,1730,0.0,0.0,0.0,0.0,0.1784845468672839
fbc_tfnbs,"e=1.5,h=2.0,n=30,start_thres=1.25,min_cluster_size=3",hub,0.25,30,18,40,1730,0,0,40,1730,0.0,0.0,0.0,0.0,0.1784845468672839
fbc_tfnbs,"e=1.5,h=3.0,n=30,start_thres=1.25,min_cluster_size=3",hub,0.25,30,18,40,1730,0,0,40,1730,0.0,0.0,0.0,0.0,0.1784845468672839
fbc_tfnbs,"e=1.5,h=4.0,n=30,start_thres=1.25,min_cluster_size=3",hub,0.25,30,18,40,1730,5,0,35,1730,0.125,0.0,1.0,0.0,0.1784845468672839
fbc_tfnbs,"e=1.5,h=5.0,n=30,start_thres=1.25,min_cluster_size=3",hub,0.25,30,18,40,1730,6,0,34,1730,0.15,0.0,1.0,0.0,0.1784845468672839
fbc_tfnbs,"e=1.5,h=6.0,n=30,start_thres=1.25,min_cluster_size=3",hub,0.25,30,18,40,1730,6,0,34,1730,0.15,0.0,1.0,0.0,0.1784845468672839
fbc_tfnbs,"e=1.5,h=7.0,n=30,start_thres=1.25,min_cluster_size=3",hub,0.25,30,18,40,1730,7,0,33,1730,0.175,0.0,1.0,0.0,0.1784845468672839
fbc_tfnbs,"e=1.5,h=8.0,n=30,start_thres=1.25,min_cluster_size=3",hub,0.25,30,18,40,1730,7,0,33,1730,0.175,0.0,1.0,0.0,0.1784845468672839
fbc_tfnbs,"e=1.5,h=9.0,n=30,start_thres=1.25,min_cluster_size=3",hub,0.25,30,18,40,1730,7,0,33,1730,0.175,0.0,1.0,0.0,0.1784845468672839
fbc_tfnbs,"e=1.5,h=10.0,n=30,start_thres=1.25,min_cluster_size=3",hub,0.25,30,18,40,1730,7,0,33,1730,0.175,0.0,1.0,0.0,0.1784845468672839
fbc_tfnbs,"e=0.05,h=0.5,n=30,start_thres=1.25,min_cluster_size=3",hub,0.25,30,20,40,1730,0,0,40,1730,0.0,0.0,0.0,0.0,0.1742718084291978
fbc_tfnbs,"e=0.05,h=1.0,n=30,start_thres=1.25,min_cluster_size=3",hub,0.25,30,20,40,1730,0,0,40,1730,0.0,0.0,0.0,0.0,0.1742718084291978
fbc_tfnbs,"e=0.05,h=2.0,n=30,start_thres=1.25,min_cluster_size=3",hub,0.25,30,20,40,1730,0,0,40,1730,0.0,0.0,0.0,0.0,0.1742718084291978
fbc_tfnbs,"e=0.05,h=3.0,n=30,start_thres=1.25,min_cluster_size=3",hub,0.25,30,20,40,1730,0,0,40,1730,0.0,0.0,0.0,0.0,0.1742718084291978
fbc_tfnbs,"e=0.05,h=4.0,n=30,start_thres=1.25,min_cluster_size=3",hub,0.25,30,20,40,1730,0,0,40,1730,0.0,0.0,0.0,0.0,0.1742718084291978
fbc_tfnbs,"e=0.05,h=5.0,n=30,start_thres=1.25,min_cluster_size=3",hub,0.25,30,20,40,1730,0,0,40,1730,0.0,0.0,0.0,0.0,0.1742718084291978
fbc_tfnbs,"e=0.05,h=6.0,n=30,start_thres=1.25,min_cluster_size=3",hub,0.25,30,20,40,1730,0,0,40,1730,0.0,0.0,0.0,0.0,0.1742718084291978
fbc_tfnbs,"e=0.05,h=7.0,n=30,start_thres=1.25,min_cluster_size=3",hub,0.25,30,20,40,1730,0,0,40,1730,0.0,0.0,0.0,0.0,0.1742718084291978
fbc_tfnbs,"e=0.05,h=8.0,n=30,start_thres=1.25,min_cluster_size=3",hub,0.25,30,20,40,1730,0,0,40,1730,0.0,0.0,0.0,0.0,0.1742718084291978
fbc_tfnbs,"e=0.05,h=9.0,n=30,start_thres=1.25,min_cluster_size=3",hub,0.25,30,20,40,1730,0,0,40,1730,0.0,0.0,0.0,0.0,0.1742718084291978
fbc_tfnbs,"e=0.05,h=10.0,n=30,start_thres=1.25,min_cluster_size=3",hub,0.25,30,20,40,1730,0,0,40,1730,0.0,0.0,0.0,0.0,0.1742718084291978
fbc_tfnbs,"e=0.1,h=0.5,n=30,start_thres=1.25,min_cluster_size=3",hub,0.25,30,20,40,1730,0,0,40,1730,0.0,0.0,0.0,0.0,0.1742718084291978
fbc_tfnbs,"e=0.1,h=1.0,n=30,start_thres=1.25,min_cluster_size=3",hub,0.25,30,20,40,1730,0,0,40,1730,0.0,0.0,0.0,0.0,0.1742718084291978
fbc_tfnbs,"e=0.1,h=2.0,n=30,start_thres=1.25,min_cluster_size=3",hub,0.25,30,20,40,1730,0,0,40,1730,0.0,0.0,0.0,0.0,0.1742718084291978
fbc_tfnbs,"e=0.1,h=3.0,n=30,start_thres=1.25,min_cluster_size=3",hub,0.25,30,20,40,1730,0,0,40,1730,0.0,0.0,0.0,0.0,0.1742718084291978
fbc_tfnbs,"e=0.1,h=4.0,n=30,start_thres=1.25,min_cluster_size=3",hub,0.25,30,20,40,1730,0,0,40,1730,0.0,0.0,0.0,0.0,0.1742718084291978
fbc_tfnbs,"e=0.1,h=5.0,n=30,start_thres=1.25,min_cluster_size=3",hub,0.25,30,20,40,1730,0,0,40,1730,0.0,0.0,0.0,0.0,0.1742718084291978
fbc_tfnbs,"e=0.1,h=6.0,n=30,start_thres=1.25,min_cluster_size=3",hub,0.25,30,20,40,1730,0,0,40,1730,0.0,0.0,0.0,0.0,0.1742718084291978
fbc_tfnbs,"e=0.1,h=7.0,n=30,start_thres=1.25,min_cluster_size=3",hub,0.25,30,20,40,1730,0,0,40,1730,0.0,0.0,0.0,0.0,0.1742718084291978
fbc_tfnbs,"e=0.1,h=8.0,n=30,start_thres=1.25,min_cluster_size=3",hub,0.25,30,20,40,1730,0,0,40,1730,0.0,0.0,0.0,0.0,0.1742718084291978
fbc_tfnbs,"e=0.1,h=9.0,n=30,start_thres=1.25,min_cluster_size=3",hub,0.25,30,20,40,1730,0,0,40,1730,0.0,0.0,0.0,0.0,0.1742718084291978
fbc_tfnbs,"e=0.1,h=10.0,n=30,start_thres=1.25,min_cluster_size=3",hub,0.25,30,20,40,1730,0,0,40,1730,0.0,0.0,0.0,0.0,0.1742718084291978
fbc_tfnbs,"e=0.2,h=0.5,n=30,start_thres=1.25,min_cluster_size=3",hub,0.25,30,20,40,1730,0,0,40,1730,0.0,0.0,0.0,0.0,0.1742718084291978
fbc_tfnbs,"e=0.2,h=1.0,n=30,start_thres=1.25,min_cluster_size=3",hub,0.25,30,20,40,1730,0,0,40,1730,0.0,0.0,0.0,0.0,0.1742718084291978
fbc_tfnbs,"e=0.2,h=2.0,n=30,start_thres=1.25,min_cluster_size=3",hub,0.25,30,20,40,1730,0,0,40,1730,0.0,0.0,0.0,0.0,0.1742718084291978
fbc_tfnbs,"e=0.2,h=3.0,n=30,start_thres=1.25,min_cluster_size=3",hub,0.25,30,20,40,1730,0,0,40,1730,0.0,0.0,0.0,0.0,0.1742718084291978
fbc_tfnbs,"e=0.2,h=4.0,n=30,start_thres=1.25,min_cluster_size=3",hub,0.25,30,20,40,1730,0,0,40,1730,0.0,0.0,0.0,0.0,0.1742718084291978
fbc_tfnbs,"e=0.2,h=5.0,n=30,start_thres=1.25,min_cluster_size=3",hub,0.25,30,20,40,1730,0,0,40,1730,0.0,0.0,0.0,0.0,0.1742718084291978
fbc_tfnbs,"e=0.2,h=6.0,n=30,start_thres=1.25,min_cluster_size=3",hub,0.25,30,20,40,1730,0,0,40,1730,0.0,0.0,0.0,0.0,0.1742718084291978
fbc_tfnbs,"e=0.2,h=7.0,n=30,start_thres=1.25,min_cluster_size=3",hub,0.25,30,20,40,1730,0,0,40,1730,0.0,0.0,0.0,0.0,0.1742718084291978
fbc_tfnbs,"e=0.2,h=8.0,n=30,start_thres=1.25,min_cluster_size=3",hub,0.25,30,20,40,1730,0,0,40,1730,0.0,0.0,0.0,0.0,0.1742718084291978
fbc_tfnbs,"e=0.2,h=9.0,n=30,start_thres=1.25,min_cluster_size=3",hub,0.25,30,20,40,1730,0,0,40,1730,0.0,0.0,0.0,0.0,0.1742718084291978
fbc_tfnbs,"e=0.2,h=10.0,n=30,start_thres=1.25,min_cluster_size=3",hub,0.25,30,20,40,1730,0,0,40,1730,0.0,0.0,0.0,0.0,0.1742718084291978
fbc_tfnbs,"e=0.3,h=0.5,n=30,start_thres=1.25,min_cluster_size=3",hub,0.25,30,20,40,1730,0,0,40,1730,0.0,0.0,0.0,0.0,0.1742718084291978
fbc_tfnbs,"e=0.3,h=1.0,n=30,start_thres=1.25,min_cluster_size=3",hub,0.25,30,20,40,1730,0,0,40,1730,0.0,0.0,0.0,0.0,0.1742718084291978
fbc_tfnbs,"e=0.3,h=2.0,n=30,start_thres=1.25,min_cluster_size=3",hub,0.25,30,20,40,1730,0,0,40,1730,0.0,0.0,0.0,0.0,0.1742718084291978
fbc_tfnbs,"e=0.3,h=3.0,n=30,start_thres=1.25,min_cluster_size=3",hub,0.25,30,20,40,1730,0,0,40,1730,0.0,0.0,0.0,0.0,0.1742718084291978
fbc_tfnbs,"e=0.3,h=4.0,n=30,start_thres=1.25,min_cluster_size=3",hub,0.25,30,20,40,1730,0,0,40,1730,0.0,0.0,0.0,0.0,0.1742718084291978
fbc_tfnbs,"e=0.3,h=5.0,n=30,start_thres=1.25,min_cluster_size=3",hub,0.25,30,20,40,1730,0,0,40,1730,0.0,0.0,0.0,0.0,0.1742718084291978
fbc_tfnbs,"e=0.3,h=6.0,n=30,start_thres=1.25,min_cluster_size=3",hub,0.25,30,20,40,1730,0,0,40,1730,0.0,0.0,0.0,0.0,0.1742718084291978
fbc_tfnbs,"e=0.3,h=7.0,n=30,start_thres=1.25,min_cluster_size=3",hub,0.25,30,20,40,1730,0,0,40,1730,0.0,0.0,0.0,0.0,0.1742718084291978
fbc_tfnbs,"e=0.3,h=8.0,n=30,start_thres=1.25,min_cluster_size=3",hub,0.25,30,20,40,1730,0,0,40,1730,0.0,0.0,0.0,0.0,0.1742718084291978
fbc_tfnbs,"e=0.3,h=9.0,n=30,start_thres=1.25,min_cluster_size=3",hub,0.25,30,20,40,1730,0,0,40,1730,0.0,0.0,0.0,0.0,0.1742718084291978
fbc_tfnbs,"e=0.3,h=10.0,n=30,start_thres=1.25,min_cluster_size=3",hub,0.25,30,20,40,1730,0,0,40,1730,0.0,0.0,0.0,0.0,0.1742718084291978
fbc_tfnbs,"e=0.4,h=0.5,n=30,start_thres=1.25,min_cluster_size=3",hub,0.25,30,20,40,1730,0,0,40,1730,0.0,0.0,0.0,0.0,0.1742718084291978
fbc_tfnbs,"e=0.4,h=1.0,n=30,start_thres=1.25,min_cluster_size=3",hub,0.25,30,20,40,1730,0,0,40,1730,0.0,0.0,0.0,0.0,0.1742718084291978
fbc_tfnbs,"e=0.4,h=2.0,n=30,start_thres=1.25,min_cluster_size=3",hub,0.25,30,20,40,1730,0,0,40,1730,0.0,0.0,0.0,0.0,0.1742718084291978
fbc_tfnbs,"e=0.4,h=3.0,n=30,start_thres=1.25,min_cluster_size=3",hub,0.25,30,20,40,1730,0,0,40,1730,0.0,0.0,0.0,0.0,0.1742718084291978
fbc_tfnbs,"e=0.4,h=4.0,n=30,start_thres=1.25,min_cluster_size=3",hub,0.25,30,20,40,1730,0,0,40,1730,0.0,0.0,0.0,0.0,0.1742718084291978
fbc_tfnbs,"e=0.4,h=5.0,n=30,start_thres=1.25,min_cluster_size=3",hub,0.25,30,20,40,1730,0,0,40,1730,0.0,0.0,0.0,0.0,0.1742718084291978
fbc_tfnbs,"e=0.4,h=6.0,n=30,start_thres=1.25,min_cluster_size=3",hub,0.25,30,20,40,1730,0,0,40,1730,0.0,0.0,0.0,0.0,0.1742718084291978
fbc_tfnbs,"e=0.4,h=7.0,n=30,start_thres=1.25,min_cluster_size=3",hub,0.25,30,20,40,1730,0,0,40,1730,0.0,0.0,0.0,0.0,0.1742718084291978
fbc_tfnbs,"e=0.4,h=8.0,n=30,start_thres=1.25,min_cluster_size=3",hub,0.25,30,20,40,1730,0,0,40,1730,0.0,0.0,0.0,0.0,0.1742718084291978
fbc_tfnbs,"e=0.4,h=9.0,n=30,start_thres=1.25,min_cluster_size=3",hub,0.25,30,20,40,1730,0,0,40,1730,0.0,0.0,0.0,0.0,0.1742718084291978
fbc_tfnbs,"e=0.4,h=10.0,n=30,start_thres=1.25,min_cluster_size=3",hub,0.25,30,20,40,1730,0,0,40,1730,0.0,0.0,0.0,0.0,0.1742718084291978
fbc_tfnbs,"e=0.5,h=0.5,n=30,start_thres=1.25,min_cluster_size=3",hub,0.25,30,20,40,1730,0,0,40,1730,0.0,0.0,0.0,0.0,0.1742718084291978
fbc_tfnbs,"e=0.5,h=1.0,n=30,start_thres=1.25,min_cluster_size=3",hub,0.25,30,20,40,1730,0,0,40,1730,0.0,0.0,0.0,0.0,0.1742718084291978
fbc_tfnbs,"e=0.5,h=2.0,n=30,start_thres=1.25,min_cluster_size=3",hub,0.25,30,20,40,1730,0,0,40,1730,0.0,0.0,0.0,0.0,0.1742718084291978
fbc_tfnbs,"e=0.5,h=3.0,n=30,start_thres=1.25,min_cluster_size=3",hub,0.25,30,20,40,1730,0,0,40,1730,0.0,0.0,0.0,0.0,0.1742718084291978
fbc_tfnbs,"e=0.5,h=4.0,n=30,start_thres=1.25,min_cluster_size=3",hub,0.25,30,20,40,1730,0,0,40,1730,0.0,0.0,0.0,0.0,0.1742718084291978
fbc_tfnbs,"e=0.5,h=5.0,n=30,start_thres=1.25,min_cluster_size=3",hub,0.25,30,20,40,1730,0,0,40,1730,0.0,0.0,0.0,0.0,0.1742718084291978
fbc_tfnbs,"e=0.5,h=6.0,n=30,start_thres=1.25,min_cluster_size=3",hub,0.25,30,20,40,1730,0,0,40,1730,0.0,0.0,0.0,0.0,0.1742718084291978
fbc_tfnbs,"e=0.5,h=7.0,n=30,start_thres=1.25,min_cluster_size=3",hub,0.25,30,20,40,1730,0,0,40,1730,0.0,0.0,0.0,0.0,0.1742718084291978
fbc_tfnbs,"e=0.5,h=8.0,n=30,start_thres=1.25,min_cluster_size=3",hub,0.25,30,20,40,1730,0,0,40,1730,0.0,0.0,0.0,0.0,0.1742718084291978
fbc_tfnbs,"e=0.5,h=9.0,n=30,start_thres=1.25,min_cluster_size=3",hub,0.25,30,20,40,1730,0,0,40,1730,0.0,0.0,0.0,0.0,0.1742718084291978
fbc_tfnbs,"e=0.5,h=10.0,n=30,start_thres=1.25,min_cluster_size=3",hub,0.25,30,20,40,1730,0,0,40,1730,0.0,0.0,0.0,0.0,0.1742718084291978
fbc_tfnbs,"e=0.6,h=0.5,n=30,start_thres=1.25,min_cluster_size=3",hub,0.25,30,20,40,1730,0,0,40,1730,0.0,0.0,0.0,0.0,0.1742718084291978
fbc_tfnbs,"e=0.6,h=1.0,n=30,start_thres=1.25,min_cluster_size=3",hub,0.25,30,20,40,1730,0,0,40,1730,0.0,0.0,0.0,0.0,0.1742718084291978
fbc_tfnbs,"e=0.6,h=2.0,n=30,start_thres=1.25,min_cluster_size=3",hub,0.25,30,20,40,1730,0,0,40,1730,0.0,0.0,0.0,0.0,0.1742718084291978
fbc_tfnbs,"e=0.6,h=3.0,n=30,start_thres=1.25,min_cluster_size=3",hub,0.25,30,20,40,1730,0,0,40,1730,0.0,0.0,0.0,0.0,0.1742718084291978
fbc_tfnbs,"e=0.6,h=4.0,n=30,start_thres=1.25,min_cluster_size=3",hub,0.25,30,20,40,1730,0,0,40,1730,0.0,0.0,0.0,0.0,0.1742718084291978
fbc_tfnbs,"e=0.6,h=5.0,n=30,start_thres=1.25,min_cluster_size=3",hub,0.25,30,20,40,1730,0,0,40,1730,0.0,0.0,0.0,0.0,0.1742718084291978
fbc_tfnbs,"e=0.6,h=6.0,n=30,start_thres=1.25,min_cluster_size=3",hub,0.25,30,20,40,1730,0,0,40,1730,0.0,0.0,0.0,0.0,0.1742718084291978
fbc_tfnbs,"e=0.6,h=7.0,n=30,start_thres=1.25,min_cluster_size=3",hub,0.25,30,20,40,1730,0,0,40,1730,0.0,0.0,0.0,0.0,0.1742718084291978
fbc_tfnbs,"e=0.6,h=8.0,n=30,start_thres=1.25,min_cluster_size=3",hub,0.25,30,20,40,1730,0,0,40,1730,0.0,0.0,0.0,0.0,0.1742718084291978
fbc_tfnbs,"e=0.6,h=9.0,n=30,start_thres=1.25,min_cluster_size=3",hub,0.25,30,20,40,1730,0,0,40,1730,0.0,0.0,0.0,0.0,0.1742718084291978
fbc_tfnbs,"e=0.6,h=10.0,n=30,start_thres=1.25,min_cluster_size=3",hub,0.25,30,20,40,1730,0,0,40,1730,0.0,0.0,0.0,0.0,0.1742718084291978
fbc_tfnbs,"e=0.7,h=0.5,n=30,start_thres=1.25,min_cluster_size=3",hub,0.25,30,20,40,1730,0,0,40,1730,0.0,0.0,0.0,0.0,0.1742718084291978
fbc_tfnbs,"e=0.7,h=1.0,n=30,start_thres=1.25,min_cluster_size=3",hub,0.25,30,20,40,1730,0,0,40,1730,0.0,0.0,0.0,0.0,0.1742718084291978
fbc_tfnbs,"e=0.7,h=2.0,n=30,start_thres=1.25,min_cluster_size=3",hub,0.25,30,20,40,1730,0,0,40,1730,0.0,0.0,0.0,0.0,0.1742718084291978
fbc_tfnbs,"e=0.7,h=3.0,n=30,start_thres=1.25,min_cluster_size=3",hub,0.25,30,20,40,1730,0,0,40,1730,0.0,0.0,0.0,0.0,0.1742718084291978
fbc_tfnbs,"e=0.7,h=4.0,n=30,start_thres=1.25,min_cluster_size=3",hub,0.25,30,20,40,1730,0,0,40,1730,0.0,0.0,0.0,0.0,0.1742718084291978
fbc_tfnbs,"e=0.7,h=5.0,n=30,start_thres=1.25,min_cluster_size=3",hub,0.25,30,20,40,1730,0,0,40,1730,0.0,0.0,0.0,0.0,0.1742718084291978
fbc_tfnbs,"e=0.7,h=6.0,n=30,start_thres=1.25,min_cluster_size=3",hub,0.25,30,20,40,1730,0,0,40,1730,0.0,0.0,0.0,0.0,0.1742718084291978
fbc_tfnbs,"e=0.7,h=7.0,n=30,start_thres=1.25,min_cluster_size=3",hub,0.25,30,20,40,1730,0,0,40,1730,0.0,0.0,0.0,0.0,0.1742718084291978
fbc_tfnbs,"e=0.7,h=8.0,n=30,start_thres=1.25,min_cluster_size=3",hub,0.25,30,20,40,1730,0,0,40,1730,0.0,0.0,0.0,0.0,0.1742718084291978
fbc_tfnbs,"e=0.7,h=9.0,n=30,start_thres=1.25,min_cluster_size=3",hub,0.25,30,20,40,1730,0,0,40,1730,0.0,0.0,0.0,0.0,0.1742718084291978
fbc_tfnbs,"e=0.7,h=10.0,n=30,start_thres=1.25,min_cluster_size=3",hub,0.25,30,20,40,1730,0,0,40,1730,0.0,0.0,0.0,0.0,0.1742718084291978
fbc_tfnbs,"e=0.8,h=0.5,n=30,start_thres=1.25,min_cluster_size=3",hub,0.25,30,20,40,1730,0,0,40,1730,0.0,0.0,0.0,0.0,0.1742718084291978
fbc_tfnbs,"e=0.8,h=1.0,n=30,start_thres=1.25,min_cluster_size=3",hub,0.25,30,20,40,1730,0,0,40,1730,0.0,0.0,0.0,0.0,0.1742718084291978
fbc_tfnbs,"e=0.8,h=2.0,n=30,start_thres=1.25,min_cluster_size=3",hub,0.25,30,20,40,1730,0,0,40,1730,0.0,0.0,0.0,0.0,0.1742718084291978
fbc_tfnbs,"e=0.8,h=3.0,n=30,start_thres=1.25,min_cluster_size=3",hub,0.25,30,20,40,1730,0,0,40,1730,0.0,0.0,0.0,0.0,0.1742718084291978
fbc_tfnbs,"e=0.8,h=4.0,n=30,start_thres=1.25,min_cluster_size=3",hub,0.25,30,20,40,1730,0,0,40,1730,0.0,0.0,0.0,0.0,0.1742718084291978
fbc_tfnbs,"e=0.8,h=5.0,n=30,start_thres=1.25,min_cluster_size=3",hub,0.25,30,20,40,1730,0,0,40,1730,0.0,0.0,0.0,0.0,0.1742718084291978
fbc_tfnbs,"e=0.8,h=6.0,n=30,start_thres=1.25,min_cluster_size=3",hub,0.25,30,20,40,1730,0,0,40,1730,0.0,0.0,0.0,0.0,0.1742718084291978
fbc_tfnbs,"e=0.8,h=7.0,n=30,start_thres=1.25,min_cluster_size=3",hub,0.25,30,20,40,1730,0,0,40,1730,0.0,0.0,0.0,0.0,0.1742718084291978
fbc_tfnbs,"e=0.8,h=8.0,n=30,start_thres=1.25,min_cluster_size=3",hub,0.25,30,20,40,1730,0,0,40,1730,0.0,0.0,0.0,0.0,0.1742718084291978
fbc_tfnbs,"e=0.8,h=9.0,n=30,start_thres=1.25,min_cluster_size=3",hub,0.25,30,20,40,1730,0,0,40,1730,0.0,0.0,0.0,0.0,0.1742718084291978
fbc_tfnbs,"e=0.8,h=10.0,n=30,start_thres=1.25,min_cluster_size=3",hub,0.25,30,20,40,1730,0,0,40,1730,0.0,0.0,0.0,0.0,0.1742718084291978
fbc_tfnbs,"e=0.9,h=0.5,n=30,start_thres=1.25,min_cluster_size=3",hub,0.25,30,20,40,1730,0,0,40,1730,0.0,0.0,0.0,0.0,0.1742718084291978
fbc_tfnbs,"e=0.9,h=1.0,n=30,start_thres=1.25,min_cluster_size=3",hub,0.25,30,20,40,1730,0,0,40,1730,0.0,0.0,0.0,0.0,0.1742718084291978
fbc_tfnbs,"e=0.9,h=2.0,n=30,start_thres=1.25,min_cluster_size=3",hub,0.25,30,20,40,1730,0,0,40,1730,0.0,0.0,0.0,0.0,0.1742718084291978
fbc_tfnbs,"e=0.9,h=3.0,n=30,start_thres=1.25,min_cluster_size=3",hub,0.25,30,20,40,1730,0,0,40,1730,0.0,0.0,0.0,0.0,0.1742718084291978
fbc_tfnbs,"e=0.9,h=4.0,n=30,start_thres=1.25,min_cluster_size=3",hub,0.25,30,20,40,1730,0,0,40,1730,0.0,0.0,0.0,0.0,0.1742718084291978
fbc_tfnbs,"e=0.9,h=5.0,n=30,start_thres=1.25,min_cluster_size=3",hub,0.25,30,20,40,1730,0,0,40,1730,0.0,0.0,0.0,0.0,0.1742718084291978
fbc_tfnbs,"e=0.9,h=6.0,n=30,start_thres=1.25,min_cluster_size=3",hub,0.25,30,20,40,1730,0,0,40,1730,0.0,0.0,0.0,0.0,0.1742718084291978
fbc_tfnbs,"e=0.9,h=7.0,n=30,start_thres=1.25,min_cluster_size=3",hub,0.25,30,20,40,1730,0,0,40,1730,0.0,0.0,0.0,0.0,0.1742718084291978
fbc_tfnbs,"e=0.9,h=8.0,n=30,start_thres=1.25,min_cluster_size=3",hub,0.25,30,20,40,1730,0,0,40,1730,0.0,0.0,0.0,0.0,0.1742718084291978
fbc_tfnbs,"e=0.9,h=9.0,n=30,start_thres=1.25,min_cluster_size=3",hub,0.25,30,20,40,1730,0,0,40,1730,0.0,0.0,0.0,0.0,0.1742718084291978
fbc_tfnbs,"e=0.9,h=10.0,n=30,start_thres=1.25,min_cluster_size=3",hub,0.25,30,20,40,1730,0,0,40,1730,0.0,0.0,0.0,0.0,0.1742718084291978
fbc_tfnbs,"e=1.0,h=0.5,n=30,start_thres=1.25,min_cluster_size=3",hub,0.25,30,20,40,1730,0,0,40,1730,0.0,0.0,0.0,0.0,0.1742718084291978
fbc_tfnbs,"e=1.0,h=1.0,n=30,start_thres=1.25,min_cluster_size=3",hub,0.25,30,20,40,1730,0,0,40,1730,0.0,0.0,0.0,0.0,0.1742718084291978
fbc_tfnbs,"e=1.0,h=2.0,n=30,start_thres=1.25,min_cluster_size=3",hub,0.25,30,20,40,1730,0,0,40,1730,0.0,0.0,0.0,0.0,0.1742718084291978
fbc_tfnbs,"e=1.0,h=3.0,n=30,start_thres=1.25,min_cluster_size=3",hub,0.25,30,20,40,1730,0,0,40,1730,0.0,0.0,0.0,0.0,0.1742718084291978
fbc_tfnbs,"e=1.0,h=4.0,n=30,start_thres=1.25,min_cluster_size=3",hub,0.25,30,20,40,1730,0,0,40,1730,0.0,0.0,0.0,0.0,0.1742718084291978
fbc_tfnbs,"e=1.0,h=5.0,n=30,start_thres=1.25,min_cluster_size=3",hub,0.25,30,20,40,1730,0,0,40,1730,0.0,0.0,0.0,0.0,0.1742718084291978
fbc_tfnbs,"e=1.0,h=6.0,n=30,start_thres=1.25,min_cluster_size=3",hub,0.25,30,20,40,1730,0,0,40,1730,0.0,0.0,0.0,0.0,0.1742718084291978
fbc_tfnbs,"e=1.0,h=7.0,n=30,start_thres=1.25,min_cluster_size=3",hub,0.25,30,20,40,1730,0,0,40,1730,0.0,0.0,0.0,0.0,0.1742718084291978
fbc_tfnbs,"e=1.0,h=8.0,n=30,start_thres=1.25,min_cluster_size=3",hub,0.25,30,20,40,1730,0,0,40,1730,0.0,0.0,0.0,0.0,0.1742718084291978
fbc_tfnbs,"e=1.0,h=9.0,n=30,start_thres=1.25,min_cluster_size=3",hub,0.25,30,20,40,1730,0,0,40,1730,0.0,0.0,0.0,0.0,0.1742718084291978
fbc_tfnbs,"e=1.0,h=10.0,n=30,start_thres=1.25,min_cluster_size=3",hub,0.25,30,20,40,1730,0,0,40,1730,0.0,0.0,0.0,0.0,0.1742718084291978
fbc_tfnbs,"e=1.1,h=0.5,n=30,start_thres=1.25,min_cluster_size=3",hub,0.25,30,20,40,1730,0,0,40,1730,0.0,0.0,0.0,0.0,0.1742718084291978
fbc_tfnbs,"e=1.1,h=1.0,n=30,start_thres=1.25,min_cluster_size=3",hub,0.25,30,20,40,1730,0,0,40,1730,0.0,0.0,0.0,0.0,0.1742718084291978
fbc_tfnbs,"e=1.1,h=2.0,n=30,start_thres=1.25,min_cluster_size=3",hub,0.25,30,20,40,1730,0,0,40,1730,0.0,0.0,0.0,0.0,0.1742718084291978
fbc_tfnbs,"e=1.1,h=3.0,n=30,start_thres=1.25,min_cluster_size=3",hub,0.25,30,20,40,1730,0,0,40,1730,0.0,0.0,0.0,0.0,0.1742718084291978
fbc_tfnbs,"e=1.1,h=4.0,n=30,start_thres=1.25,min_cluster_size=3",hub,0.25,30,20,40,1730,0,0,40,1730,0.0,0.0,0.0,0.0,0.1742718084291978
fbc_tfnbs,"e=1.1,h=5.0,n=30,start_thres=1.25,min_cluster_size=3",hub,0.25,30,20,40,1730,0,0,40,1730,0.0,0.0,0.0,0.0,0.1742718084291978
fbc_tfnbs,"e=1.1,h=6.0,n=30,start_thres=1.25,min_cluster_size=3",hub,0.25,30,20,40,1730,0,0,40,1730,0.0,0.0,0.0,0.0,0.1742718084291978
fbc_tfnbs,"e=1.1,h=7.0,n=30,start_thres=1.25,min_cluster_size=3",hub,0.25,30,20,40,1730,0,0,40,1730,0.0,0.0,0.0,0.0,0.1742718084291978
fbc_tfnbs,"e=1.1,h=8.0,n=30,start_thres=1.25,min_cluster_size=3",hub,0.25,30,20,40,1730,0,0,40,1730,0.0,0.0,0.0,0.0,0.1742718084291978
fbc_tfnbs,"e=1.1,h=9.0,n=30,start_thres=1.25,min_cluster_size=3",hub,0.25,30,20,40,1730,0,0,40,1730,0.0,0.0,0.0,0.0,0.1742718084291978
fbc_tfnbs,"e=1.1,h=10.0,n=30,start_thres=1.25,min_cluster_size=3",hub,0.25,30,20,40,1730,0,0,40,1730,0.0,0.0,0.0,0.0,0.1742718084291978
fbc_tfnbs,"e=1.2,h=0.5,n=30,start_thres=1.25,min_cluster_size=3",hub,0.25,30,20,40,1730,0,0,40,1730,0.0,0.0,0.0,0.0,0.1742718084291978
fbc_tfnbs,"e=1.2,h=1.0,n=30,start_thres=1.25,min_cluster_size=3",hub,0.25,30,20,40,1730,0,0,40,1730,0.0,0.0,0.0,0.0,0.1742718084291978
fbc_tfnbs,"e=1.2,h=2.0,n=30,start_thres=1.25,min_cluster_size=3",hub,0.25,30,20,40,1730,0,0,40,1730,0.0,0.0,0.0,0.0,0.1742718084291978
fbc_tfnbs,"e=1.2,h=3.0,n=30,start_thres=1.25,min_cluster_size=3",hub,0.25,30,20,40,1730,0,0,40,1730,0.0,0.0,0.0,0.0,0.1742718084291978
fbc_tfnbs,"e=1.2,h=4.0,n=30,start_thres=1.25,min_cluster_size=3",hub,0.25,30,20,40,1730,0,0,40,1730,0.0,0.0,0.0,0.0,0.1742718084291978
fbc_tfnbs,"e=1.2,h=5.0,n=30,start_thres=1.25,min_cluster_size=3",hub,0.25,30,20,40,1730,0,0,40,1730,0.0,0.0,0.0,0.0,0.1742718084291978
fbc_tfnbs,"e=1.2,h=6.0,n=30,start_thres=1.25,min_cluster_size=3",hub,0.25,30,20,40,1730,0,0,40,1730,0.0,0.0,0.0,0.0,0.1742718084291978
fbc_tfnbs,"e=1.2,h=7.0,n=30,start_thres=1.25,min_cluster_size=3",hub,0.25,30,20,40,1730,0,0,40,1730,0.0,0.0,0.0,0.0,0.1742718084291978
fbc_tfnbs,"e=1.2,h=8.0,n=30,start_thres=1.25,min_cluster_size=3",hub,0.25,30,20,40,1730,0,0,40,1730,0.0,0.0,0.0,0.0,0.1742718084291978
fbc_tfnbs,"e=1.2,h=9.0,n=30,start_thres=1.25,min_cluster_size=3",hub,0.25,30,20,40,1730,0,0,40,1730,0.0,0.0,0.0,0.0,0.1742718084291978
fbc_tfnbs,"e=1.2,h=10.0,n=30,start_thres=1.25,min_cluster_size=3",hub,0.25,30,20,40,1730,0,0,40,1730,0.0,0.0,0.0,0.0,0.1742718084291978
fbc_tfnbs,"e=1.3,h=0.5,n=30,start_thres=1.25,min_cluster_size=3",hub,0.25,30,20,40,1730,0,0,40,1730,0.0,0.0,0.0,0.0,0.1742718084291978
fbc_tfnbs,"e=1.3,h=1.0,n=30,start_thres=1.25,min_cluster_size=3",hub,0.25,30,20,40,1730,0,0,40,1730,0.0,0.0,0.0,0.0,0.1742718084291978
fbc_tfnbs,"e=1.3,h=2.0,n=30,start_thres=1.25,min_cluster_size=3",hub,0.25,30,20,40,1730,0,0,40,1730,0.0,0.0,0.0,0.0,0.1742718084291978
fbc_tfnbs,"e=1.3,h=3.0,n=30,start_thres=1.25,min_cluster_size=3",hub,0.25,30,20,40,1730,0,0,40,1730,0.0,0.0,0.0,0.0,0.1742718084291978
fbc_tfnbs,"e=1.3,h=4.0,n=30,start_thres=1.25,min_cluster_size=3",hub,0.25,30,20,40,1730,0,0,40,1730,0.0,0.0,0.0,0.0,0.1742718084291978
fbc_tfnbs,"e=1.3,h=5.0,n=30,start_thres=1.25,min_cluster_size=3",hub,0.25,30,20,40,1730,0,0,40,1730,0.0,0.0,0.0,0.0,0.1742718084291978
fbc_tfnbs,"e=1.3,h=6.0,n=30,start_thres=1.25,min_cluster_size=3",hub,0.25,30,20,40,1730,0,0,40,1730,0.0,0.0,0.0,0.0,0.1742718084291978
fbc_tfnbs,"e=1.3,h=7.0,n=30,start_thres=1.25,min_cluster_size=3",hub,0.25,30,20,40,1730,0,0,40,1730,0.0,0.0,0.0,0.0,0.1742718084291978
fbc_tfnbs,"e=1.3,h=8.0,n=30,start_thres=1.25,min_cluster_size=3",hub,0.25,30,20,40,1730,0,0,40,1730,0.0,0.0,0.0,0.0,0.1742718084291978
fbc_tfnbs,"e=1.3,h=9.0,n=30,start_thres=1.25,min_cluster_size=3",hub,0.25,30,20,40,1730,0,0,40,1730,0.0,0.0,0.0,0.0,0.1742718084291978
fbc_tfnbs,"e=1.3,h=10.0,n=30,start_thres=1.25,min_cluster_size=3",hub,0.25,30,20,40,1730,0,0,40,1730,0.0,0.0,0.0,0.0,0.1742718084291978
fbc_tfnbs,"e=1.4,h=0.5,n=30,start_thres=1.25,min_cluster_size=3",hub,0.25,30,20,40,1730,0,0,40,1730,0.0,0.0,0.0,0.0,0.1742718084291978
fbc_tfnbs,"e=1.4,h=1.0,n=30,start_thres=1.25,min_cluster_size=3",hub,0.25,30,20,40,1730,0,0,40,1730,0.0,0.0,0.0,0.0,0.1742718084291978
fbc_tfnbs,"e=1.4,h=2.0,n=30,start_thres=1.25,min_cluster_size=3",hub,0.25,30,20,40,1730,0,0,40,1730,0.0,0.0,0.0,0.0,0.1742718084291978
fbc_tfnbs,"e=1.4,h=3.0,n=30,start_thres=1.25,min_cluster_size=3",hub,0.25,30,20,40,1730,0,0,40,1730,0.0,0.0,0.0,0.0,0.1742718084291978
fbc_tfnbs,"e=1.4,h=4.0,n=30,start_thres=1.25,min_cluster_size=3",hub,0.25,30,20,40,1730,0,0,40,1730,0.0,0.0,0.0,0.0,0.1742718084291978
fbc_tfnbs,"e=1.4,h=5.0,n=30,start_thres=1.25,min_cluster_size=3",hub,0.25,30,20,40,1730,0,0,40,1730,0.0,0.0,0.0,0.0,0.1742718084291978
fbc_tfnbs,"e=1.4,h=6.0,n=30,start_thres=1.25,min_cluster_size=3",hub,0.25,30,20,40,1730,0,0,40,1730,0.0,0.0,0.0,0.0,0.1742718084291978
fbc_tfnbs,"e=1.4,h=7.0,n=30,start_thres=1.25,min_cluster_size=3",hub,0.25,30,20,40,1730,0,0,40,1730,0.0,0.0,0.0,0.0,0.1742718084291978
fbc_tfnbs,"e=1.4,h=8.0,n=30,start_thres=1.25,min_cluster_size=3",hub,0.25,30,20,40,1730,0,0,40,1730,0.0,0.0,0.0,0.0,0.1742718084291978
fbc_tfnbs,"e=1.4,h=9.0,n=30,start_thres=1.25,min_cluster_size=3",hub,0.25,30,20,40,1730,0,0,40,1730,0.0,0.0,0.0,0.0,0.1742718084291978
fbc_tfnbs,"e=1.4,h=10.0,n=30,start_thres=1.25,min_cluster_size=3",hub,0.25,30,20,40,1730,0,0,40,1730,0.0,0.0,0.0,0.0,0.1742718084291978
fbc_tfnbs,"e=1.5,h=0.5,n=30,start_thres=1.25,min_cluster_size=3",hub,0.25,30,20,40,1730,0,0,40,1730,0.0,0.0,0.0,0.0,0.1742718084291978
fbc_tfnbs,"e=1.5,h=1.0,n=30,start_thres=1.25,min_cluster_size=3",hub,0.25,30,20,40,1730,0,0,40,1730,0.0,0.0,0.0,0.0,0.1742718084291978
fbc_tfnbs,"e=1.5,h=2.0,n=30,start_thres=1.25,min_cluster_size=3",hub,0.25,30,20,40,1730,0,0,40,1730,0.0,0.0,0.0,0.0,0.1742718084291978
fbc_tfnbs,"e=1.5,h=3.0,n=30,start_thres=1.25,min_cluster_size=3",hub,0.25,30,20,40,1730,0,0,40,1730,0.0,0.0,0.0,0.0,0.1742718084291978
fbc_tfnbs,"e=1.5,h=4.0,n=30,start_thres=1.25,min_cluster_size=3",hub,0.25,30,20,40,1730,0,0,40,1730,0.0,0.0,0.0,0.0,0.1742718084291978
fbc_tfnbs,"e=1.5,h=5.0,n=30,start_thres=1.25,min_cluster_size=3",hub,0.25,30,20,40,1730,0,0,40,1730,0.0,0.0,0.0,0.0,0.1742718084291978
fbc_tfnbs,"e=1.5,h=6.0,n=30,start_thres=1.25,min_cluster_size=3",hub,0.25,30,20,40,1730,0,0,40,1730,0.0,0.0,0.0,0.0,0.1742718084291978
fbc_tfnbs,"e=1.5,h=7.0,n=30,start_thres=1.25,min_cluster_size=3",hub,0.25,30,20,40,1730,0,0,40,1730,0.0,0.0,0.0,0.0,0.1742718084291978
fbc_tfnbs,"e=1.5,h=8.0,n=30,start_thres=1.25,min_cluster_size=3",hub,0.25,30,20,40,1730,0,0,40,1730,0.0,0.0,0.0,0.0,0.1742718084291978
fbc_tfnbs,"e=1.5,h=9.0,n=30,start_thres=1.25,min_cluster_size=3",hub,0.25,30,20,40,1730,0,0,40,1730,0.0,0.0,0.0,0.0,0.1742718084291978
fbc_tfnbs,"e=1.5,h=10.0,n=30,start_thres=1.25,min_cluster_size=3",hub,0.25,30,20,40,1730,0,0,40,1730,0.0,0.0,0.0,0.0,0.1742718084291978
fbc_tfnbs,"e=0.05,h=0.5,n=30,start_thres=1.25,min_cluster_size=3",hub,0.25,30,21,40,1730,6,0,34,1730,0.15,0.0,1.0,0.0,0.1792236566543579
fbc_tfnbs,"e=0.05,h=1.0,n=30,start_thres=1.25,min_cluster_size=3",hub,0.25,30,21,40,1730,6,0,34,1730,0.15,0.0,1.0,0.0,0.1792236566543579
fbc_tfnbs,"e=0.05,h=2.0,n=30,start_thres=1.25,min_cluster_size=3",hub,0.25,30,21,40,1730,6,0,34,1730,0.15,0.0,1.0,0.0,0.1792236566543579
fbc_tfnbs,"e=0.05,h=3.0,n=30,start_thres=1.25,min_cluster_size=3",hub,0.25,30,21,40,1730,6,0,34,1730,0.15,0.0,1.0,0.0,0.1792236566543579
fbc_tfnbs,"e=0.05,h=4.0,n=30,start_thres=1.25,min_cluster_size=3",hub,0.25,30,21,40,1730,6,0,34,1730,0.15,0.0,1.0,0.0,0.1792236566543579
fbc_tfnbs,"e=0.05,h=5.0,n=30,start_thres=1.25,min_cluster_size=3",hub,0.25,30,21,40,1730,6,0,34,1730,0.15,0.0,1.0,0.0,0.1792236566543579
fbc_tfnbs,"e=0.05,h=6.0,n=30,start_thres=1.25,min_cluster_size=3",hub,0.25,30,21,40,1730,6,0,34,1730,0.15,0.0,1.0,0.0,0.1792236566543579
fbc_tfnbs,"e=0.05,h=7.0,n=30,start_thres=1.25,min_cluster_size=3",hub,0.25,30,21,40,1730,6,0,34,1730,0.15,0.0,1.0,0.0,0.1792236566543579
fbc_tfnbs,"e=0.05,h=8.0,n=30,start_thres=1.25,min_cluster_size=3",hub,0.25,30,21,40,1730,6,0,34,1730,0.15,0.0,1.0,0.0,0.1792236566543579
fbc_tfnbs,"e=0.05,h=9.0,n=30,start_thres=1.25,min_cluster_size=3",hub,0.25,30,21,40,1730,6,0,34,1730,0.15,0.0,1.0,0.0,0.1792236566543579
fbc_tfnbs,"e=0.05,h=10.0,n=30,start_thres=1.25,min_cluster_size=3",hub,0.25,30,21,40,1730,6,0,34,1730,0.15,0.0,1.0,0.0,0.1792236566543579
fbc_tfnbs,"e=0.1,h=0.5,n=30,start_thres=1.25,min_cluster_size=3",hub,0.25,30,21,40,1730,6,0,34,1730,0.15,0.0,1.0,0.0,0.1792236566543579
fbc_tfnbs,"e=0.1,h=1.0,n=30,start_thres=1.25,min_cluster_size=3",hub,0.25,30,21,40,1730,6,0,34,1730,0.15,0.0,1.0,0.0,0.1792236566543579
fbc_tfnbs,"e=0.1,h=2.0,n=30,start_thres=1.25,min_cluster_size=3",hub,0.25,30,21,40,1730,6,0,34,1730,0.15,0.0,1.0,0.0,0.1792236566543579
fbc_tfnbs,"e=0.1,h=3.0,n=30,start_thres=1.25,min_cluster_size=3",hub,0.25,30,21,40,1730,6,0,34,1730,0.15,0.0,1.0,0.0,0.1792236566543579
fbc_tfnbs,"e=0.1,h=4.0,n=30,start_thres=1.25,min_cluster_size=3",hub,0.25,30,21,40,1730,6,0,34,1730,0.15,0.0,1.0,0.0,0.1792236566543579
fbc_tfnbs,"e=0.1,h=5.0,n=30,start_thres=1.25,min_cluster_size=3",hub,0.25,30,21,40,1730,6,0,34,1730,0.15,0.0,1.0,0.0,0.1792236566543579
fbc_tfnbs,"e=0.1,h=6.0,n=30,start_thres=1.25,min_cluster_size=3",hub,0.25,30,21,40,1730,6,0,34,1730,0.15,0.0,1.0,0.0,0.1792236566543579
fbc_tfnbs,"e=0.1,h=7.0,n=30,start_thres=1.25,min_cluster_size=3",hub,0.25,30,21,40,1730,6,0,34,1730,0.15,0.0,1.0,0.0,0.1792236566543579
fbc_tfnbs,"e=0.1,h=8.0,n=30,start_thres=1.25,min_cluster_size=3",hub,0.25,30,21,40,1730,6,0,34,1730,0.15,0.0,1.0,0.0,0.1792236566543579
fbc_tfnbs,"e=0.1,h=9.0,n=30,start_thres=1.25,min_cluster_size=3",hub,0.25,30,21,40,1730,6,0,34,1730,0.15,0.0,1.0,0.0,0.1792236566543579
fbc_tfnbs,"e=0.1,h=10.0,n=30,start_thres=1.25,min_cluster_size=3",hub,0.25,30,21,40,1730,6,0,34,1730,0.15,0.0,1.0,0.0,0.1792236566543579
fbc_tfnbs,"e=0.2,h=0.5,n=30,start_thres=1.25,min_cluster_size=3",hub,0.25,30,21,40,1730,6,0,34,1730,0.15,0.0,1.0,0.0,0.1792236566543579
fbc_tfnbs,"e=0.2,h=1.0,n=30,start_thres=1.25,min_cluster_size=3",hub,0.25,30,21,40,1730,6,0,34,1730,0.15,0.0,1.0,0.0,0.1792236566543579
fbc_tfnbs,"e=0.2,h=2.0,n=30,start_thres=1.25,min_cluster_size=3",hub,0.25,30,21,40,1730,6,0,34,1730,0.15,0.0,1.0,0.0,0.1792236566543579
fbc_tfnbs,"e=0.2,h=3.0,n=30,start_thres=1.25,min_cluster_size=3",hub,0.25,30,21,40,1730,6,0,34,1730,0.15,0.0,1.0,0.0,0.1792236566543579
fbc_tfnbs,"e=0.2,h=4.0,n=30,start_thres=1.25,min_cluster_size=3",hub,0.25,30,21,40,1730,6,0,34,1730,0.15,0.0,1.0,0.0,0.1792236566543579
fbc_tfnbs,"e=0.2,h=5.0,n=30,start_thres=1.25,min_cluster_size=3",hub,0.25,30,21,40,1730,6,0,34,1730,0.15,0.0,1.0,0.0,0.1792236566543579
fbc_tfnbs,"e=0.2,h=6.0,n=30,start_thres=1.25,min_cluster_size=3",hub,0.25,30,21,40,1730,6,0,34,1730,0.15,0.0,1.0,0.0,0.1792236566543579
fbc_tfnbs,"e=0.2,h=7.0,n=30,start_thres=1.25,min_cluster_size=3",hub,0.25,30,21,40,1730,6,0,34,1730,0.15,0.0,1.0,0.0,0.1792236566543579
fbc_tfnbs,"e=0.2,h=8.0,n=30,start_thres=1.25,min_cluster_size=3",hub,0.25,30,21,40,1730,6,0,34,1730,0.15,0.0,1.0,0.0,0.1792236566543579
fbc_tfnbs,"e=0.2,h=9.0,n=30,start_thres=1.25,min_cluster_size=3",hub,0.25,30,21,40,1730,6,0,34,1730,0.15,0.0,1.0,0.0,0.1792236566543579
fbc_tfnbs,"e=0.2,h=10.0,n=30,start_thres=1.25,min_cluster_size=3",hub,0.25,30,21,40,1730,6,0,34,1730,0.15,0.0,1.0,0.0,0.1792236566543579
fbc_tfnbs,"e=0.3,h=0.5,n=30,start_thres=1.25,min_cluster_size=3",hub,0.25,30,21,40,1730,3,0,37,1730,0.075,0.0,1.0,0.0,0.1792236566543579
fbc_tfnbs,"e=0.3,h=1.0,n=30,start_thres=1.25,min_cluster_size=3",hub,0.25,30,21,40,1730,6,0,34,1730,0.15,0.0,1.0,0.0,0.1792236566543579
fbc_tfnbs,"e=0.3,h=2.0,n=30,start_thres=1.25,min_cluster_size=3",hub,0.25,30,21,40,1730,6,0,34,1730,0.15,0.0,1.0,0.0,0.1792236566543579
fbc_tfnbs,"e=0.3,h=3.0,n=30,start_thres=1.25,min_cluster_size=3",hub,0.25,30,21,40,1730,6,0,34,1730,0.15,0.0,1.0,0.0,0.1792236566543579
fbc_tfnbs,"e=0.3,h=4.0,n=30,start_thres=1.25,min_cluster_size=3",hub,0.25,30,21,40,1730,6,0,34,1730,0.15,0.0,1.0,0.0,0.1792236566543579
fbc_tfnbs,"e=0.3,h=5.0,n=30,start_thres=1.25,min_cluster_size=3",hub,0.25,30,21,40,1730,6,0,34,1730,0.15,0.0,1.0,0.0,0.1792236566543579
fbc_tfnbs,"e=0.3,h=6.0,n=30,start_thres=1.25,min_cluster_size=3",hub,0.25,30,21,40,1730,6,0,34,1730,0.15,0.0,1.0,0.0,0.1792236566543579
fbc_tfnbs,"e=0.3,h=7.0,n=30,start_thres=1.25,min_cluster_size=3",hub,0.25,30,21,40,1730,6,0,34,1730,0.15,0.0,1.0,0.0,0.1792236566543579
fbc_tfnbs,"e=0.3,h=8.0,n=30,start_thres=1.25,min_cluster_size=3",hub,0.25,30,21,40,1730,6,0,34,1730,0.15,0.0,1.0,0.0,0.1792236566543579
fbc_tfnbs,"e=0.3,h=9.0,n=30,start_thres=1.25,min_cluster_size=3",hub,0.25,30,21,40,1730,6,0,34,1730,0.15,0.0,1.0,0.0,0.1792236566543579
fbc_tfnbs,"e=0.3,h=10.0,n=30,start_thres=1.25,min_cluster_size=3",hub,0.25,30,21,40,1730,6,0,34,1730,0.15,0.0,1.0,0.0,0.1792236566543579
fbc_tfnbs,"e=0.4,h=0.5,n=30,start_thres=1.25,min_cluster_size=3",hub,0.25,30,21,40,1730,0,0,40,1730,0.0,0.0,0.0,0.0,0.1792236566543579
fbc_tfnbs,"e=0.4,h=1.0,n=30,start_thres=1.25,min_cluster_size=3",hub,0.25,30,21,40,1730,3,0,37,1730,0.075,0.0,1.0,0.0,0.1792236566543579
fbc_tfnbs,"e=0.4,h=2.0,n=30,start_thres=1.25,min_cluster_size=3",hub,0.25,30,21,40,1730,6,0,34,1730,0.15,0.0,1.0,0.0,0.1792236566543579
fbc_tfnbs,"e=0.4,h=3.0,n=30,start_thres=1.25,min_cluster_size=3",hub,0.25,30,21,40,1730,6,0,34,1730,0.15,0.0,1.0,0.0,0.1792236566543579
fbc_tfnbs,"e=0.4,h=4.0,n=30,start_thres=1.25,min_cluster_size=3",hub,0.25,30,21,40,1730,6,0,34,1730,0.15,0.0,1.0,0.0,0.1792236566543579
fbc_tfnbs,"e=0.4,h=5.0,n=30,start_thres=1.25,min_cluster_size=3",hub,0.25,30,21,40,1730,6,0,34,1730,0.15,0.0,1.0,0.0,0.1792236566543579
fbc_tfnbs,"e=0.4,h=6.0,n=30,start_thres=1.25,min_cluster_size=3",hub,0.25,30,21,40,1730,6,0,34,1730,0.15,0.0,1.0,0.0,0.1792236566543579
fbc_tfnbs,"e=0.4,h=7.0,n=30,start_thres=1.25,min_cluster_size=3",hub,0.25,30,21,40,1730,6,0,34,1730,0.15,0.0,1.0,0.0,0.1792236566543579
fbc_tfnbs,"e=0.4,h=8.0,n=30,start_thres=1.25,min_cluster_size=3",hub,0.25,30,21,40,1730,6,0,34,1730,0.15,0.0,1.0,0.0,0.1792236566543579
fbc_tfnbs,"e=0.4,h=9.0,n=30,start_thres=1.25,min_cluster_size=3",hub,0.25,30,21,40,1730,6,0,34,1730,0.15,0.0,1.0,0.0,0.1792236566543579
fbc_tfnbs,"e=0.4,h=10.0,n=30,start_thres=1.25,min_cluster_size=3",hub,0.25,30,21,40,1730,6,0,34,1730,0.15,0.0,1.0,0.0,0.1792236566543579
fbc_tfnbs,"e=0.5,h=0.5,n=30,start_thres=1.25,min_cluster_size=3",hub,0.25,30,21,40,1730,0,0,40,1730,0.0,0.0,0.0,0.0,0.1792236566543579
fbc_tfnbs,"e=0.5,h=1.0,n=30,start_thres=1.25,min_cluster_size=3",hub,0.25,30,21,40,1730,0,0,40,1730,0.0,0.0,0.0,0.0,0.1792236566543579
fbc_tfnbs,"e=0.5,h=2.0,n=30,start_thres=1.25,min_cluster_size=3",hub,0.25,30,21,40,1730,3,0,37,1730,0.075,0.0,1.0,0.0,0.1792236566543579
fbc_tfnbs,"e=0.5,h=3.0,n=30,start_thres=1.25,min_cluster_size=3",hub,0.25,30,21,40,1730,6,0,34,1730,0.15,0.0,1.0,0.0,0.1792236566543579
fbc_tfnbs,"e=0.5,h=4.0,n=30,start_thres=1.25,min_cluster_size=3",hub,0.25,30,21,40,1730,6,0,34,1730,0.15,0.0,1.0,0.0,0.1792236566543579
fbc_tfnbs,"e=0.5,h=5.0,n=30,start_thres=1.25,min_cluster_size=3",hub,0.25,30,21,40,1730,6,0,34,1730,0.15,0.0,1.0,0.0,0.1792236566543579
fbc_tfnbs,"e=0.5,h=6.0,n=30,start_thres=1.25,min_cluster_size=3",hub,0.25,30,21,40,1730,6,0,34,1730,0.15,0.0,1.0,0.0,0.1792236566543579
fbc_tfnbs,"e=0.5,h=7.0,n=30,start_thres=1.25,min_cluster_size=3",hub,0.25,30,21,40,1730,6,0,34,1730,0.15,0.0,1.0,0.0,0.1792236566543579
fbc_tfnbs,"e=0.5,h=8.0,n=30,start_thres=1.25,min_cluster_size=3",hub,0.25,30,21,40,1730,6,0,34,1730,0.15,0.0,1.0,0.0,0.1792236566543579
fbc_tfnbs,"e=0.5,h=9.0,n=30,start_thres=1.25,min_cluster_size=3",hub,0.25,30,21,40,1730,6,0,34,1730,0.15,0.0,1.0,0.0,0.1792236566543579
fbc_tfnbs,"e=0.5,h=10.0,n=30,start_thres=1.25,min_cluster_size=3",hub,0.25,30,21,40,1730,6,0,34,1730,0.15,0.0,1.0,0.0,0.1792236566543579
fbc_tfnbs,"e=0.6,h=0.5,n=30,start_thres=1.25,min_cluster_size=3",hub,0.25,30,21,40,1730,0,0,40,1730,0.0,0.0,0.0,0.0,0.1792236566543579
fbc_tfnbs,"e=0.6,h=1.0,n=30,start_thres=1.25,min_cluster_size=3",hub,0.25,30,21,40,1730,0,0,40,1730,0.0,0.0,0.0,0.0,0.1792236566543579
fbc_tfnbs,"e=0.6,h=2.0,n=30,start_thres=1.25,min_cluster_size=3",hub,0.25,30,21,40,1730,3,0,37,1730,0.075,0.0,1.0,0.0,0.1792236566543579
fbc_tfnbs,"e=0.6,h=3.0,n=30,start_thres=1.25,min_cluster_size=3",hub,0.25,30,21,40,1730,6,0,34,1730,0.15,0.0,1.0,0.0,0.1792236566543579
fbc_tfnbs,"e=0.6,h=4.0,n=30,start_thres=1.25,min_cluster_size=3",hub,0.25,30,21,40,1730,6,0,34,1730,0.15,0.0,1.0,0.0,0.1792236566543579
fbc_tfnbs,"e=0.6,h=5.0,n=30,start_thres=1.25,min_cluster_size=3",hub,0.25,30,21,40,1730,6,0,34,1730,0.15,0.0,1.0,0.0,0.1792236566543579
fbc_tfnbs,"e=0.6,h=6.0,n=30,start_thres=1.25,min_cluster_size=3",hub,0.25,30,21,40,1730,6,0,34,1730,0.15,0.0,1.0,0.0,0.1792236566543579
fbc_tfnbs,"e=0.6,h=7.0,n=30,start_thres=1.25,min_cluster_size=3",hub,0.25,30,21,40,1730,6,0,34,1730,0.15,0.0,1.0,0.0,0.1792236566543579
fbc_tfnbs,"e=0.6,h=8.0,n=30,start_thres=1.25,min_cluster_size=3",hub,0.25,30,21,40,1730,6,0,34,1730,0.15,0.0,1.0,0.0,0.1792236566543579
fbc_tfnbs,"e=0.6,h=9.0,n=30,start_thres=1.25,min_cluster_size=3",hub,0.25,30,21,40,1730,6,0,34,1730,0.15,0.0,1.0,0.0,0.1792236566543579
fbc_tfnbs,"e=0.6,h=10.0,n=30,start_thres=1.25,min_cluster_size=3",hub,0.25,30,21,40,1730,6,0,34,1730,0.15,0.0,1.0,0.0,0.1792236566543579
fbc_tfnbs,"e=0.7,h=0.5,n=30,start_thres=1.25,min_cluster_size=3",hub,0.25,30,21,40,1730,0,0,40,1730,0.0,0.0,0.0,0.0,0.1792236566543579
fbc_tfnbs,"e=0.7,h=1.0,n=30,start_thres=1.25,min_cluster_size=3",hub,0.25,30,21,40,1730,0,0,40,1730,0.0,0.0,0.0,0.0,0.1792236566543579
fbc_tfnbs,"e=0.7,h=2.0,n=30,start_thres=1.25,min_cluster_size=3",hub,0.25,30,21,40,1730,0,0,40,1730,0.0,0.0,0.0,0.0,0.1792236566543579
fbc_tfnbs,"e=0.7,h=3.0,n=30,start_thres=1.25,min_cluster_size=3",hub,0.25,30,21,40,1730,3,0,37,1730,0.075,0.0,1.0,0.0,0.1792236566543579
fbc_tfnbs,"e=0.7,h=4.0,n=30,start_thres=1.25,min_cluster_size=3",hub,0.25,30,21,40,1730,6,0,34,1730,0.15,0.0,1.0,0.0,0.1792236566543579
fbc_tfnbs,"e=0.7,h=5.0,n=30,start_thres=1.25,min_cluster_size=3",hub,0.25,30,21,40,1730,6,0,34,1730,0.15,0.0,1.0,0.0,0.1792236566543579
fbc_tfnbs,"e=0.7,h=6.0,n=30,start_thres=1.25,min_cluster_size=3",hub,0.25,30,21,40,1730,6,0,34,1730,0.15,0.0,1.0,0.0,0.1792236566543579
fbc_tfnbs,"e=0.7,h=7.0,n=30,start_thres=1.25,min_cluster_size=3",hub,0.25,30,21,40,1730,6,0,34,1730,0.15,0.0,1.0,0.0,0.1792236566543579
fbc_tfnbs,"e=0.7,h=8.0,n=30,start_thres=1.25,min_cluster_size=3",hub,0.25,30,21,40,1730,6,0,34,1730,0.15,0.0,1.0,0.0,0.1792236566543579
fbc_tfnbs,"e=0.7,h=9.0,n=30,start_thres=1.25,min_cluster_size=3",hub,0.25,30,21,40,1730,6,0,34,1730,0.15,0.0,1.0,0.0,0.1792236566543579
fbc_tfnbs,"e=0.7,h=10.0,n=30,start_thres=1.25,min_cluster_size=3",hub,0.25,30,21,40,1730,6,0,34,1730,0.15,0.0,1.0,0.0,0.1792236566543579
fbc_tfnbs,"e=0.8,h=0.5,n=30,start_thres=1.25,min_cluster_size=3",hub,0.25,30,21,40,1730,0,0,40,1730,0.0,0.0,0.0,0.0,0.1792236566543579
fbc_tfnbs,"e=0.8,h=1.0,n=30,start_thres=1.25,min_cluster_size=3",hub,0.25,30,21,40,1730,0,0,40,1730,0.0,0.0,0.0,0.0,0.1792236566543579
fbc_tfnbs,"e=0.8,h=2.0,n=30,start_thres=1.25,min_cluster_size=3",hub,0.25,30,21,40,1730,0,0,40,1730,0.0,0.0,0.0,0.0,0.1792236566543579
fbc_tfnbs,"e=0.8,h=3.0,n=30,start_thres=1.25,min_cluster_size=3",hub,0.25,30,21,40,1730,0,0,40,1730,0.0,0.0,0.0,0.0,0.1792236566543579
fbc_tfnbs,"e=0.8,h=4.0,n=30,start_thres=1.25,min_cluster_size=3",hub,0.25,30,21,40,1730,6,0,34,1730,0.15,0.0,1.0,0.0,0.1792236566543579
fbc_tfnbs,"e=0.8,h=5.0,n=30,start_thres=1.25,min_cluster_size=3",hub,0.25,30,21,40,1730,6,0,34,1730,0.15,0.0,1.0,0.0,0.1792236566543579
fbc_tfnbs,"e=0.8,h=6.0,n=30,start_thres=1.25,min_cluster_size=3",hub,0.25,30,21,40,1730,6,0,34,1730,0.15,0.0,1.0,0.0,0.1792236566543579
fbc_tfnbs,"e=0.8,h=7.0,n=30,start_thres=1.25,min_cluster_size=3",hub,0.25,30,21,40,1730,6,0,34,1730,0.15,0.0,1.0,0.0,0.1792236566543579
fbc_tfnbs,"e=0.8,h=8.0,n=30,start_thres=1.25,min_cluster_size=3",hub,0.25,30,21,40,1730,6,0,34,1730,0.15,0.0,1.0,0.0,0.1792236566543579
fbc_tfnbs,"e=0.8,h=9.0,n=30,start_thres=1.25,min_cluster_size=3",hub,0.25,30,21,40,1730,6,0,34,1730,0.15,0.0,1.0,0.0,0.1792236566543579
fbc_tfnbs,"e=0.8,h=10.0,n=30,start_thres=1.25,min_cluster_size=3",hub,0.25,30,21,40,1730,6,0,34,1730,0.15,0.0,1.0,0.0,0.1792236566543579
fbc_tfnbs,"e=0.9,h=0.5,n=30,start_thres=1.25,min_cluster_size=3",hub,0.25,30,21,40,1730,0,0,40,1730,0.0,0.0,0.0,0.0,0.1792236566543579
fbc_tfnbs,"e=0.9,h=1.0,n=30,start_thres=1.25,min_cluster_size=3",hub,0.25,30,21,40,1730,0,0,40,1730,0.0,0.0,0.0,0.0,0.1792236566543579
fbc_tfnbs,"e=0.9,h=2.0,n=30,start_thres=1.25,min_cluster_size=3",hub,0.25,30,21,40,1730,0,0,40,1730,0.0,0.0,0.0,0.0,0.1792236566543579
fbc_tfnbs,"e=0.9,h=3.0,n=30,start_thres=1.25,min_cluster_size=3",hub,0.25,30,21,40,1730,0,0,40,1730,0.0,0.0,0.0,0.0,0.1792236566543579
fbc_tfnbs,"e=0.9,h=4.0,n=30,start_thres=1.25,min_cluster_size=3",hub,0.25,30,21,40,1730,3,0,37,1730,0.075,0.0,1.0,0.0,0.1792236566543579
fbc_tfnbs,"e=0.9,h=5.0,n=30,start_thres=1.25,min_cluster_size=3",hub,0.25,30,21,40,1730,6,0,34,1730,0.15,0.0,1.0,0.0,0.1792236566543579
fbc_tfnbs,"e=0.9,h=6.0,n=30,start_thres=1.25,min_cluster_size=3",hub,0.25,30,21,40,1730,6,0,34,1730,0.15,0.0,1.0,0.0,0.1792236566543579
fbc_tfnbs,"e=0.9,h=7.0,n=30,start_thres=1.25,min_cluster_size=3",hub,0.25,30,21,40,1730,6,0,34,1730,0.15,0.0,1.0,0.0,0.1792236566543579
fbc_tfnbs,"e=0.9,h=8.0,n=30,start_thres=1.25,min_cluster_size=3",hub,0.25,30,21,40,1730,6,0,34,1730,0.15,0.0,1.0,0.0,0.1792236566543579
fbc_tfnbs,"e=0.9,h=9.0,n=30,start_thres=1.25,min_cluster_size=3",hub,0.25,30,21,40,1730,6,0,34,1730,0.15,0.0,1.0,0.0,0.1792236566543579
fbc_tfnbs,"e=0.9,h=10.0,n=30,start_thres=1.25,min_cluster_size=3",hub,0.25,30,21,40,1730,6,0,34,1730,0.15,0.0,1.0,0.0,0.1792236566543579
fbc_tfnbs,"e=1.0,h=0.5,n=30,start_thres=1.25,min_cluster_size=3",hub,0.25,30,21,40,1730,0,0,40,1730,0.0,0.0,0.0,0.0,0.1792236566543579
fbc_tfnbs,"e=1.0,h=1.0,n=30,start_thres=1.25,min_cluster_size=3",hub,0.25,30,21,40,1730,0,0,40,1730,0.0,0.0,0.0,0.0,0.1792236566543579
fbc_tfnbs,"e=1.0,h=2.0,n=30,start_thres=1.25,min_cluster_size=3",hub,0.25,30,21,40,1730,0,0,40,1730,0.0,0.0,0.0,0.0,0.1792236566543579
fbc_tfnbs,"e=1.0,h=3.0,n=30,start_thres=1.25,min_cluster_size=3",hub,0.25,30,21,40,1730,0,0,40,1730,0.0,0.0,0.0,0.0,0.1792236566543579
fbc_tfnbs,"e=1.0,h=4.0,n=30,start_thres=1.25,min_cluster_size=3",hub,0.25,30,21,40,1730,0,0,40,1730,0.0,0.0,0.0,0.0,0.1792236566543579
fbc_tfnbs,"e=1.0,h=5.0,n=30,start_thres=1.25,min_cluster_size=3",hub,0.25,30,21,40,1730,6,0,34,1730,0.15,0.0,1.0,0.0,0.1792236566543579
fbc_tfnbs,"e=1.0,h=6.0,n=30,start_thres=1.25,min_cluster_size=3",hub,0.25,30,21,40,1730,6,0,34,1730,0.15,0.0,1.0,0.0,0.1792236566543579
fbc_tfnbs,"e=1.0,h=7.0,n=30,start_thres=1.25,min_cluster_size=3",hub,0.25,30,21,40,1730,6,0,34,1730,0.15,0.0,1.0,0.0,0.1792236566543579
fbc_tfnbs,"e=1.0,h=8.0,n=30,start_thres=1.25,min_cluster_size=3",hub,0.25,30,21,40,1730,6,0,34,1730,0.15,0.0,1.0,0.0,0.1792236566543579
fbc_tfnbs,"e=1.0,h=9.0,n=30,start_thres=1.25,min_cluster_size=3",hub,0.25,30,21,40,1730,6,0,34,1730,0.15,0.0,1.0,0.0,0.1792236566543579
fbc_tfnbs,"e=1.0,h=10.0,n=30,start_thres=1.25,min_cluster_size=3",hub,0.25,30,21,40,1730,6,0,34,1730,0.15,0.0,1.0,0.0,0.1792236566543579
fbc_tfnbs,"e=1.1,h=0.5,n=30,start_thres=1.25,min_cluster_size=3",hub,0.25,30,21,40,1730,0,0,40,1730,0.0,0.0,0.0,0.0,0.1792236566543579
fbc_tfnbs,"e=1.1,h=1.0,n=30,start_thres=1.25,min_cluster_size=3",hub,0.25,30,21,40,1730,0,0,40,1730,0.0,0.0,0.0,0.0,0.1792236566543579
fbc_tfnbs,"e=1.1,h=2.0,n=30,start_thres=1.25,min_cluster_size=3",hub,0.25,30,21,40,1730,0,0,40,1730,0.0,0.0,0.0,0.0,0.1792236566543579
fbc_tfnbs,"e=1.1,h=3.0,n=30,start_thres=1.25,min_cluster_size=3",hub,0.25,30,21,40,1730,0,0,40,1730,0.0,0.0,0.0,0.0,0.1792236566543579
fbc_tfnbs,"e=1.1,h=4.0,n=30,start_thres=1.25,min_cluster_size=3",hub,0.25,30,21,40,1730,0,0,40,1730,0.0,0.0,0.0,0.0,0.1792236566543579
fbc_tfnbs,"e=1.1,h=5.0,n=30,start_thres=1.25,min_cluster_size=3",hub,0.25,30,21,40,1730,3,0,37,1730,0.075,0.0,1.0,0.0,0.1792236566543579
fbc_tfnbs,"e=1.1,h=6.0,n=30,start_thres=1.25,min_cluster_size=3",hub,0.25,30,21,40,1730,6,0,34,1730,0.15,0.0,1.0,0.0,0.1792236566543579
fbc_tfnbs,"e=1.1,h=7.0,n=30,start_thres=1.25,min_cluster_size=3",hub,0.25,30,21,40,1730,6,0,34,1730,0.15,0.0,1.0,0.0,0.1792236566543579
fbc_tfnbs,"e=1.1,h=8.0,n=30,start_thres=1.25,min_cluster_size=3",hub,0.25,30,21,40,1730,6,0,34,1730,0.15,0.0,1.0,0.0,0.1792236566543579
fbc_tfnbs,"e=1.1,h=9.0,n=30,start_thres=1.25,min_cluster_size=3",hub,0.25,30,21,40,1730,6,0,34,1730,0.15,0.0,1.0,0.0,0.1792236566543579
fbc_tfnbs,"e=1.1,h=10.0,n=30,start_thres=1.25,min_cluster_size=3",hub,0.25,30,21,40,1730,6,0,34,1730,0.15,0.0,1.0,0.0,0.1792236566543579
fbc_tfnbs,"e=1.2,h=0.5,n=30,start_thres=1.25,min_cluster_size=3",hub,0.25,30,21,40,1730,0,0,40,1730,0.0,0.0,0.0,0.0,0.1792236566543579
fbc_tfnbs,"e=1.2,h=1.0,n=30,start_thres=1.25,min_cluster_size=3",hub,0.25,30,21,40,1730,0,0,40,1730,0.0,0.0,0.0,0.0,0.1792236566543579
fbc_tfnbs,"e=1.2,h=2.0,n=30,start_thres=1.25,min_cluster_size=3",hub,0.25,30,21,40,1730,0,0,40,1730,0.0,0.0,0.0,0.0,0.1792236566543579
fbc_tfnbs,"e=1.2,h=3.0,n=30,start_thres=1.25,min_cluster_size=3",hub,0.25,30,21,40,1730,0,0,40,1730,0.0,0.0,0.0,0.0,0.1792236566543579
fbc_tfnbs,"e=1.2,h=4.0,n=30,start_thres=1.25,min_cluster_size=3",hub,0.25,30,21,40,1730,0,0,40,1730,0.0,0.0,0.0,0.0,0.1792236566543579
fbc_tfnbs,"e=1.2,h=5.0,n=30,start_thres=1.25,min_cluster_size=3",hub,0.25,30,21,40,1730,0,0,40,1730,0.0,0.0,0.0,0.0,0.1792236566543579
fbc_tfnbs,"e=1.2,h=6.0,n=30,start_thres=1.25,min_cluster_size=3",hub,0.25,30,21,40,1730,3,0,37,1730,0.075,0.0,1.0,0.0,0.1792236566543579
fbc_tfnbs,"e=1.2,h=7.0,n=30,start_thres=1.25,min_cluster_size=3",hub,0.25,30,21,40,1730,6,0,34,1730,0.15,0.0,1.0,0.0,0.1792236566543579
fbc_tfnbs,"e=1.2,h=8.0,n=30,start_thres=1.25,min_cluster_size=3",hub,0.25,30,21,40,1730,6,0,34,1730,0.15,0.0,1.0,0.0,0.1792236566543579
fbc_tfnbs,"e=1.2,h=9.0,n=30,start_thres=1.25,min_cluster_size=3",hub,0.25,30,21,40,1730,6,0,34,1730,0.15,0.0,1.0,0.0,0.1792236566543579
fbc_tfnbs,"e=1.2,h=10.0,n=30,start_thres=1.25,min_cluster_size=3",hub,0.25,30,21,40,1730,6,0,34,1730,0.15,0.0,1.0,0.0,0.1792236566543579
fbc_tfnbs,"e=1.3,h=0.5,n=30,start_thres=1.25,min_cluster_size=3",hub,0.25,30,21,40,1730,0,0,40,1730,0.0,0.0,0.0,0.0,0.1792236566543579
fbc_tfnbs,"e=1.3,h=1.0,n=30,start_thres=1.25,min_cluster_size=3",hub,0.25,30,21,40,1730,0,0,40,1730,0.0,0.0,0.0,0.0,0.1792236566543579
fbc_tfnbs,"e=1.3,h=2.0,n=30,start_thres=1.25,min_cluster_size=3",hub,0.25,30,21,40,1730,0,0,40,1730,0.0,0.0,0.0,0.0,0.1792236566543579
fbc_tfnbs,"e=1.3,h=3.0,n=30,start_thres=1.25,min_cluster_size=3",hub,0.25,30,21,40,1730,0,0,40,1730,0.0,0.0,0.0,0.0,0.1792236566543579
fbc_tfnbs,"e=1.3,h=4.0,n=30,start_thres=1.25,min_cluster_size=3",hub,0.25,30,21,40,1730,0,0,40,1730,0.0,0.0,0.0,0.0,0.1792236566543579
fbc_tfnbs,"e=1.3,h=5.0,n=30,start_thres=1.25,min_cluster_size=3",hub,0.25,30,21,40,1730,0,0,40,1730,0.0,0.0,0.0,0.0,0.1792236566543579
fbc_tfnbs,"e=1.3,h=6.0,n=30,start_thres=1.25,min_cluster_size=3",hub,0.25,30,21,40,1730,3,0,37,1730,0.075,0.0,1.0,0.0,0.1792236566543579
fbc_tfnbs,"e=1.3,h=7.0,n=30,start_thres=1.25,min_cluster_size=3",hub,0.25,30,21,40,1730,6,0,34,1730,0.15,0.0,1.0,0.0,0.1792236566543579
fbc_tfnbs,"e=1.3,h=8.0,n=30,start_thres=1.25,min_cluster_size=3",hub,0.25,30,21,40,1730,6,0,34,1730,0.15,0.0,1.0,0.0,0.1792236566543579
fbc_tfnbs,"e=1.3,h=9.0,n=30,start_thres=1.25,min_cluster_size=3",hub,0.25,30,21,40,1730,6,0,34,1730,0.15,0.0,1.0,0.0,0.1792236566543579
fbc_tfnbs,"e=1.3,h=10.0,n=30,start_thres=1.25,min_cluster_size=3",hub,0.25,30,21,40,1730,6,0,34,1730,0.15,0.0,1.0,0.0,0.1792236566543579
fbc_tfnbs,"e=1.4,h=0.5,n=30,start_thres=1.25,min_cluster_size=3",hub,0.25,30,21,40,1730,0,0,40,1730,0.0,0.0,0.0,0.0,0.1792236566543579
fbc_tfnbs,"e=1.4,h=1.0,n=30,start_thres=1.25,min_cluster_size=3",hub,0.25,30,21,40,1730,0,0,40,1730,0.0,0.0,0.0,0.0,0.1792236566543579
fbc_tfnbs,"e=1.4,h=2.0,n=30,start_thres=1.25,min_cluster_size=3",hub,0.25,30,21,40,1730,0,0,40,1730,0.0,0.0,0.0,0.0,0.1792236566543579
fbc_tfnbs,"e=1.4,h=3.0,n=30,start_thres=1.25,min_cluster_size=3",hub,0.25,30,21,40,1730,0,0,40,1730,0.0,0.0,0.0,0.0,0.1792236566543579
fbc_tfnbs,"e=1.4,h=4.0,n=30,start_thres=1.25,min_cluster_size=3",hub,0.25,30,21,40,1730,0,0,40,1730,0.0,0.0,0.0,0.0,0.1792236566543579
fbc_tfnbs,"e=1.4,h=5.0,n=30,start_thres=1.25,min_cluster_size=3",hub,0.25,30,21,40,1730,0,0,40,1730,0.0,0.0,0.0,0.0,0.1792236566543579
fbc_tfnbs,"e=1.4,h=6.0,n=30,start_thres=1.25,min_cluster_size=3",hub,0.25,30,21,40,1730,0,0,40,1730,0.0,0.0,0.0,0.0,0.1792236566543579
fbc_tfnbs,"e=1.4,h=7.0,n=30,start_thres=1.25,min_cluster_size=3",hub,0.25,30,21,40,1730,3,0,37,1730,0.075,0.0,1.0,0.0,0.1792236566543579
fbc_tfnbs,"e=1.4,h=8.0,n=30,start_thres=1.25,min_cluster_size=3",hub,0.25,30,21,40,1730,6,0,34,1730,0.15,0.0,1.0,0.0,0.1792236566543579
fbc_tfnbs,"e=1.4,h=9.0,n=30,start_thres=1.25,min_cluster_size=3",hub,0.25,30,21,40,1730,6,0,34,1730,0.15,0.0,1.0,0.0,0.1792236566543579
fbc_tfnbs,"e=1.4,h=10.0,n=30,start_thres=1.25,min_cluster_size=3",hub,0.25,30,21,40,1730,6,0,34,1730,0.15,0.0,1.0,0.0,0.1792236566543579
fbc_tfnbs,"e=1.5,h=0.5,n=30,start_thres=1.25,min_cluster_size=3",hub,0.25,30,21,40,1730,0,0,40,1730,0.0,0.0,0.0,0.0,0.1792236566543579
fbc_tfnbs,"e=1.5,h=1.0,n=30,start_thres=1.25,min_cluster_size=3",hub,0.25,30,21,40,1730,0,0,40,1730,0.0,0.0,0.0,0.0,0.1792236566543579
fbc_tfnbs,"e=1.5,h=2.0,n=30,start_thres=1.25,min_cluster_size=3",hub,0.25,30,21,40,1730,0,0,40,1730,0.0,0.0,0.0,0.0,0.1792236566543579
fbc_tfnbs,"e=1.5,h=3.0,n=30,start_thres=1.25,min_cluster_size=3",hub,0.25,30,21,40,1730,0,0,40,1730,0.0,0.0,0.0,0.0,0.1792236566543579
fbc_tfnbs,"e=1.5,h=4.0,n=30,start_thres=1.25,min_cluster_size=3",hub,0.25,30,21,40,1730,0,0,40,1730,0.0,0.0,0.0,0.0,0.1792236566543579
fbc_tfnbs,"e=1.5,h=5.0,n=30,start_thres=1.25,min_cluster_size=3",hub,0.25,30,21,40,1730,0,0,40,1730,0.0,0.0,0.0,0.0,0.1792236566543579
fbc_tfnbs,"e=1.5,h=6.0,n=30,start_thres=1.25,min_cluster_size=3",hub,0.25,30,21,40,1730,0,0,40,1730,0.0,0.0,0.0,0.0,0.1792236566543579
fbc_tfnbs,"e=1.5,h=7.0,n=30,start_thres=1.25,min_cluster_size=3",hub,0.25,30,21,40,1730,3,0,37,1730,0.075,0.0,1.0,0.0,0.1792236566543579
fbc_tfnbs,"e=1.5,h=8.0,n=30,start_thres=1.25,min_cluster_size=3",hub,0.25,30,21,40,1730,6,0,34,1730,0.15,0.0,1.0,0.0,0.1792236566543579
fbc_tfnbs,"e=1.5,h=9.0,n=30,start_thres=1.25,min_cluster_size=3",hub,0.25,30,21,40,1730,6,0,34,1730,0.15,0.0,1.0,0.0,0.1792236566543579
fbc_tfnbs,"e=1.5,h=10.0,n=30,start_thres=1.25,min_cluster_size=3",hub,0.25,30,21,40,1730,6,0,34,1730,0.15,0.0,1.0,0.0,0.1792236566543579
fbc_tfnbs,"e=0.05,h=0.5,n=30,start_thres=1.25,min_cluster_size=3",hub,0.25,30,22,40,1730,0,0,40,1730,0.0,0.0,0.0,0.0,0.1749557934024117
fbc_tfnbs,"e=0.05,h=1.0,n=30,start_thres=1.25,min_cluster_size=3",hub,0.25,30,22,40,1730,0,0,40,1730,0.0,0.0,0.0,0.0,0.1749557934024117
fbc_tfnbs,"e=0.05,h=2.0,n=30,start_thres=1.25,min_cluster_size=3",hub,0.25,30,22,40,1730,0,0,40,1730,0.0,0.0,0.0,0.0,0.1749557934024117
fbc_tfnbs,"e=0.05,h=3.0,n=30,start_thres=1.25,min_cluster_size=3",hub,0.25,30,22,40,1730,0,0,40,1730,0.0,0.0,0.0,0.0,0.1749557934024117
fbc_tfnbs,"e=0.05,h=4.0,n=30,start_thres=1.25,min_cluster_size=3",hub,0.25,30,22,40,1730,3,0,37,1730,0.075,0.0,1.0,0.0,0.1749557934024117
fbc_tfnbs,"e=0.05,h=5.0,n=30,start_thres=1.25,min_cluster_size=3",hub,0.25,30,22,40,1730,3,0,37,1730,0.075,0.0,1.0,0.0,0.1749557934024117
fbc_tfnbs,"e=0.05,h=6.0,n=30,start_thres=1.25,min_cluster_size=3",hub,0.25,30,22,40,1730,3,0,37,1730,0.075,0.0,1.0,0.0,0.1749557934024117
fbc_tfnbs,"e=0.05,h=7.0,n=30,start_thres=1.25,min_cluster_size=3",hub,0.25,30,22,40,1730,3,0,37,1730,0.075,0.0,1.0,0.0,0.1749557934024117
fbc_tfnbs,"e=0.05,h=8.0,n=30,start_thres=1.25,min_cluster_size=3",hub,0.25,30,22,40,1730,3,0,37,1730,0.075,0.0,1.0,0.0,0.1749557934024117
fbc_tfnbs,"e=0.05,h=9.0,n=30,start_thres=1.25,min_cluster_size=3",hub,0.25,30,22,40,1730,3,0,37,1730,0.075,0.0,1.0,0.0,0.1749557934024117
fbc_tfnbs,"e=0.05,h=10.0,n=30,start_thres=1.25,min_cluster_size=3",hub,0.25,30,22,40,1730,3,0,37,1730,0.075,0.0,1.0,0.0,0.1749557934024117
fbc_tfnbs,"e=0.1,h=0.5,n=30,start_thres=1.25,min_cluster_size=3",hub,0.25,30,22,40,1730,0,0,40,1730,0.0,0.0,0.0,0.0,0.1749557934024117
fbc_tfnbs,"e=0.1,h=1.0,n=30,start_thres=1.25,min_cluster_size=3",hub,0.25,30,22,40,1730,0,0,40,1730,0.0,0.0,0.0,0.0,0.1749557934024117
fbc_tfnbs,"e=0.1,h=2.0,n=30,start_thres=1.25,min_cluster_size=3",hub,0.25,30,22,40,1730,0,0,40,1730,0.0,0.0,0.0,0.0,0.1749557934024117
fbc_tfnbs,"e=0.1,h=3.0,n=30,start_thres=1.25,min_cluster_size=3",hub,0.25,30,22,40,1730,0,0,40,1730,0.0,0.0,0.0,0.0,0.1749557934024117
fbc_tfnbs,"e=0.1,h=4.0,n=30,start_thres=1.25,min_cluster_size=3",hub,0.25,30,22,40,1730,0,0,40,1730,0.0,0.0,0.0,0.0,0.1749557934024117
fbc_tfnbs,"e=0.1,h=5.0,n=30,start_thres=1.25,min_cluster_size=3",hub,0.25,30,22,40,1730,0,0,40,1730,0.0,0.0,0.0,0.0,0.1749557934024117
fbc_tfnbs,"e=0.1,h=6.0,n=30,start_thres=1.25,min_cluster_size=3",hub,0.25,30,22,40,1730,3,0,37,1730,0.075,0.0,1.0,0.0,0.1749557934024117
fbc_tfnbs,"e=0.1,h=7.0,n=30,start_thres=1.25,min_cluster_size=3",hub,0.25,30,22,40,1730,3,0,37,1730,0.075,0.0,1.0,0.0,0.1749557934024117
fbc_tfnbs,"e=0.1,h=8.0,n=30,start_thres=1.25,min_cluster_size=3",hub,0.25,30,22,40,1730,3,0,37,1730,0.075,0.0,1.0,0.0,0.1749557934024117
fbc_tfnbs,"e=0.1,h=9.0,n=30,start_thres=1.25,min_cluster_size=3",hub,0.25,30,22,40,1730,3,0,37,1730,0.075,0.0,1.0,0.0,0.1749557934024117
fbc_tfnbs,"e=0.1,h=10.0,n=30,start_thres=1.25,min_cluster_size=3",hub,0.25,30,22,40,1730,3,0,37,1730,0.075,0.0,1.0,0.0,0.1749557934024117
fbc_tfnbs,"e=0.2,h=0.5,n=30,start_thres=1.25,min_cluster_size=3",hub,0.25,30,22,40,1730,0,0,40,1730,0.0,0.0,0.0,0.0,0.1749557934024117
fbc_tfnbs,"e=0.2,h=1.0,n=30,start_thres=1.25,min_cluster_size=3",hub,0.25,30,22,40,1730,0,0,40,1730,0.0,0.0,0.0,0.0,0.1749557934024117
fbc_tfnbs,"e=0.2,h=2.0,n=30,start_thres=1.25,min_cluster_size=3",hub,0.25,30,22,40,1730,0,0,40,1730,0.0,0.0,0.0,0.0,0.1749557934024117
fbc_tfnbs,"e=0.2,h=3.0,n=30,start_thres=1.25,min_cluster_size=3",hub,0.25,30,22,40,1730,0,0,40,1730,0.0,0.0,0.0,0.0,0.1749557934024117
fbc_tfnbs,"e=0.2,h=4.0,n=30,start_thres=1.25,min_cluster_size=3",hub,0.25,30,22,40,1730,0,0,40,1730,0.0,0.0,0.0,0.0,0.1749557934024117
fbc_tfnbs,"e=0.2,h=5.0,n=30,start_thres=1.25,min_cluster_size=3",hub,0.25,30,22,40,1730,0,0,40,1730,0.0,0.0,0.0,0.0,0.1749557934024117
fbc_tfnbs,"e=0.2,h=6.0,n=30,start_thres=1.25,min_cluster_size=3",hub,0.25,30,22,40,1730,0,0,40,1730,0.0,0.0,0.0,0.0,0.1749557934024117
fbc_tfnbs,"e=0.2,h=7.0,n=30,start_thres=1.25,min_cluster_size=3",hub,0.25,30,22,40,1730,0,0,40,1730,0.0,0.0,0.0,0.0,0.1749557934024117
fbc_tfnbs,"e=0.2,h=8.0,n=30,start_thres=1.25,min_cluster_size=3",hub,0.25,30,22,40,1730,3,0,37,1730,0.075,0.0,1.0,0.0,0.1749557934024117
fbc_tfnbs,"e=0.2,h=9.0,n=30,start_thres=1.25,min_cluster_size=3",hub,0.25,30,22,40,1730,3,0,37,1730,0.075,0.0,1.0,0.0,0.1749557934024117
fbc_tfnbs,"e=0.2,h=10.0,n=30,start_thres=1.25,min_cluster_size=3",hub,0.25,30,22,40,1730,3,0,37,1730,0.075,0.0,1.0,0.0,0.1749557934024117
fbc_tfnbs,"e=0.3,h=0.5,n=30,start_thres=1.25,min_cluster_size=3",hub,0.25,30,22,40,1730,0,0,40,1730,0.0,0.0,0.0,0.0,0.1749557934024117
fbc_tfnbs,"e=0.3,h=1.0,n=30,start_thres=1.25,min_cluster_size=3",hub,0.25,30,22,40,1730,0,0,40,1730,0.0,0.0,0.0,0.0,0.1749557934024117
fbc_tfnbs,"e=0.3,h=2.0,n=30,start_thres=1.25,min_cluster_size=3",hub,0.25,30,22,40,1730,0,0,40,1730,0.0,0.0,0.0,0.0,0.1749557934024117
fbc_tfnbs,"e=0.3,h=3.0,n=30,start_thres=1.25,min_cluster_size=3",hub,0.25,30,22,40,1730,0,0,40,1730,0.0,0.0,0.0,0.0,0.1749557934024117
fbc_tfnbs,"e=0.3,h=4.0,n=30,start_thres=1.25,min_cluster_size=3",hub,0.25,30,22,40,1730,0,0,40,1730,0.0,0.0,0.0,0.0,0.1749557934024117
fbc_tfnbs,"e=0.3,h=5.0,n=30,start_thres=1.25,min_cluster_size=3",hub,0.25,30,22,40,1730,0,0,40,1730,0.0,0.0,0.0,0.0,0.1749557934024117
fbc_tfnbs,"e=0.3,h=6.0,n=30,start_thres=1.25,min_cluster_size=3",hub,0.25,30,22,40,1730,0,0,40,1730,0.0,0.0,0.0,0.0,0.1749557934024117
fbc_tfnbs,"e=0.3,h=7.0,n=30,start_thres=1.25,min_cluster_size=3",hub,0.25,30,22,40,1730,0,0,40,1730,0.0,0.0,0.0,0.0,0.1749557934024117
fbc_tfnbs,"e=0.3,h=8.0,n=30,start_thres=1.25,min_cluster_size=3",hub,0.25,30,22,40,1730,0,0,40,1730,0.0,0.0,0.0,0.0,0.1749557934024117
fbc_tfnbs,"e=0.3,h=9.0,n=30,start_thres=1.25,min_cluster_size=3",hub,0.25,30,22,40,1730,0,0,40,1730,0.0,0.0,0.0,0.0,0.1749557934024117
fbc_tfnbs,"e=0.3,h=10.0,n=30,start_thres=1.25,min_cluster_size=3",hub,0.25,30,22,40,1730,3,0,37,1730,0.075,0.0,1.0,0.0,0.1749557934024117
fbc_tfnbs,"e=0.4,h=0.5,n=30,start_thres=1.25,min_cluster_size=3",hub,0.25,30,22,40,1730,0,0,40,1730,0.0,0.0,0.0,0.0,0.1749557934024117
fbc_tfnbs,"e=0.4,h=1.0,n=30,start_thres=1.25,min_cluster_size=3",hub,0.25,30,22,40,1730,0,0,40,1730,0.0,0.0,0.0,0.0,0.1749557934024117
fbc_tfnbs,"e=0.4,h=2.0,n=30,start_thres=1.25,min_cluster_size=3",hub,0.25,30,22,40,1730,0,0,40,1730,0.0,0.0,0.0,0.0,0.1749557934024117
fbc_tfnbs,"e=0.4,h=3.0,n=30,start_thres=1.25,min_cluster_size=3",hub,0.25,30,22,40,1730,0,0,40,1730,0.0,0.0,0.0,0.0,0.1749557934024117
fbc_tfnbs,"e=0.4,h=4.0,n=30,start_thres=1.25,min_cluster_size=3",hub,0.25,30,22,40,1730,0,0,40,1730,0.0,0.0,0.0,0.0,0.1749557934024117
fbc_tfnbs,"e=0.4,h=5.0,n=30,start_thres=1.25,min_cluster_size=3",hub,0.25,30,22,40,1730,0,0,40,1730,0.0,0.0,0.0,0.0,0.1749557934024117
fbc_tfnbs,"e=0.4,h=6.0,n=30,start_thres=1.25,min_cluster_size=3",hub,0.25,30,22,40,1730,0,0,40,1730,0.0,0.0,0.0,0.0,0.1749557934024117
fbc_tfnbs,"e=0.4,h=7.0,n=30,start_thres=1.25,min_cluster_size=3",hub,0.25,30,22,40,1730,0,0,40,1730,0.0,0.0,0.0,0.0,0.1749557934024117
fbc_tfnbs,"e=0.4,h=8.0,n=30,start_thres=1.25,min_cluster_size=3",hub,0.25,30,22,40,1730,0,0,40,1730,0.0,0.0,0.0,0.0,0.1749557934024117
fbc_tfnbs,"e=0.4,h=9.0,n=30,start_thres=1.25,min_cluster_size=3",hub,0.25,30,22,40,1730,0,0,40,1730,0.0,0.0,0.0,0.0,0.1749557934024117
fbc_tfnbs,"e=0.4,h=10.0,n=30,start_thres=1.25,min_cluster_size=3",hub,0.25,30,22,40,1730,3,0,37,1730,0.075,0.0,1.0,0.0,0.1749557934024117
fbc_tfnbs,"e=0.5,h=0.5,n=30,start_thres=1.25,min_cluster_size=3",hub,0.25,30,22,40,1730,0,0,40,1730,0.0,0.0,0.0,0.0,0.1749557934024117
fbc_tfnbs,"e=0.5,h=1.0,n=30,start_thres=1.25,min_cluster_size=3",hub,0.25,30,22,40,1730,0,0,40,1730,0.0,0.0,0.0,0.0,0.1749557934024117
fbc_tfnbs,"e=0.5,h=2.0,n=30,start_thres=1.25,min_cluster_size=3",hub,0.25,30,22,40,1730,0,0,40,1730,0.0,0.0,0.0,0.0,0.1749557934024117
fbc_tfnbs,"e=0.5,h=3.0,n=30,start_thres=1.25,min_cluster_size=3",hub,0.25,30,22,40,1730,0,0,40,1730,0.0,0.0,0.0,0.0,0.1749557934024117
fbc_tfnbs,"e=0.5,h=4.0,n=30,start_thres=1.25,min_cluster_size=3",hub,0.25,30,22,40,1730,0,0,40,1730,0.0,0.0,0.0,0.0,0.1749557934024117
fbc_tfnbs,"e=0.5,h=5.0,n=30,start_thres=1.25,min_cluster_size=3",hub,0.25,30,22,40,1730,0,0,40,1730,0.0,0.0,0.0,0.0,0.1749557934024117
fbc_tfnbs,"e=0.5,h=6.0,n=30,start_thres=1.25,min_cluster_size=3",hub,0.25,30,22,40,1730,0,0,40,1730,0.0,0.0,0.0,0.0,0.1749557934024117
fbc_tfnbs,"e=0.5,h=7.0,n=30,start_thres=1.25,min_cluster_size=3",hub,0.25,30,22,40,1730,0,0,40,1730,0.0,0.0,0.0,0.0,0.1749557934024117
fbc_tfnbs,"e=0.5,h=8.0,n=30,start_thres=1.25,min_cluster_size=3",hub,0.25,30,22,40,1730,0,0,40,1730,0.0,0.0,0.0,0.0,0.1749557934024117
fbc_tfnbs,"e=0.5,h=9.0,n=30,start_thres=1.25,min_cluster_size=3",hub,0.25,30,22,40,1730,0,0,40,1730,0.0,0.0,0.0,0.0,0.1749557934024117
fbc_tfnbs,"e=0.5,h=10.0,n=30,start_thres=1.25,min_cluster_size=3",hub,0.25,30,22,40,1730,0,0,40,1730,0.0,0.0,0.0,0.0,0.1749557934024117
fbc_tfnbs,"e=0.6,h=0.5,n=30,start_thres=1.25,min_cluster_size=3",hub,0.25,30,22,40,1730,0,0,40,1730,0.0,0.0,0.0,0.0,0.1749557934024117
fbc_tfnbs,"e=0.6,h=1.0,n=30,start_thres=1.25,min_cluster_size=3",hub,0.25,30,22,40,1730,0,0,40,1730,0.0,0.0,0.0,0.0,0.1749557934024117
fbc_tfnbs,"e=0.6,h=2.0,n=30,start_thres=1.25,min_cluster_size=3",hub,0.25,30,22,40,1730,0,0,40,1730,0.0,0.0,0.0,0.0,0.1749557934024117
fbc_tfnbs,"e=0.6,h=3.0,n=30,start_thres=1.25,min_cluster_size=3",hub,0.25,30,22,40,1730,0,0,40,1730,0.0,0.0,0.0,0.0,0.1749557934024117
fbc_tfnbs,"e=0.6,h=4.0,n=30,start_thres=1.25,min_cluster_size=3",hub,0.25,30,22,40,1730,0,0,40,1730,0.0,0.0,0.0,0.0,0.1749557934024117
fbc_tfnbs,"e=0.6,h=5.0,n=30,start_thres=1.25,min_cluster_size=3",hub,0.25,30,22,40,1730,0,0,40,1730,0.0,0.0,0.0,0.0,0.1749557934024117
fbc_tfnbs,"e=0.6,h=6.0,n=30,start_thres=1.25,min_cluster_size=3",hub,0.25,30,22,40,1730,0,0,40,1730,0.0,0.0,0.0,0.0,0.1749557934024117
fbc_tfnbs,"e=0.6,h=7.0,n=30,start_thres=1.25,min_cluster_size=3",hub,0.25,30,22,40,1730,0,0,40,1730,0.0,0.0,0.0,0.0,0.1749557934024117
fbc_tfnbs,"e=0.6,h=8.0,n=30,start_thres=1.25,min_cluster_size=3",hub,0.25,30,22,40,1730,0,0,40,1730,0.0,0.0,0.0,0.0,0.1749557934024117
fbc_tfnbs,"e=0.6,h=9.0,n=30,start_thres=1.25,min_cluster_size=3",hub,0.25,30,22,40,1730,0,0,40,1730,0.0,0.0,0.0,0.0,0.1749557934024117
fbc_tfnbs,"e=0.6,h=10.0,n=30,start_thres=1.25,min_cluster_size=3",hub,0.25,30,22,40,1730,0,0,40,1730,0.0,0.0,0.0,0.0,0.1749557934024117
fbc_tfnbs,"e=0.7,h=0.5,n=30,start_thres=1.25,min_cluster_size=3",hub,0.25,30,22,40,1730,0,0,40,1730,0.0,0.0,0.0,0.0,0.1749557934024117
fbc_tfnbs,"e=0.7,h=1.0,n=30,start_thres=1.25,min_cluster_size=3",hub,0.25,30,22,40,1730,0,0,40,1730,0.0,0.0,0.0,0.0,0.1749557934024117
fbc_tfnbs,"e=0.7,h=2.0,n=30,start_thres=1.25,min_cluster_size=3",hub,0.25,30,22,40,1730,0,0,40,1730,0.0,0.0,0.0,0.0,0.1749557934024117
fbc_tfnbs,"e=0.7,h=3.0,n=30,start_thres=1.25,min_cluster_size=3",hub,0.25,30,22,40,1730,0,0,40,1730,0.0,0.0,0.0,0.0,0.1749557934024117
fbc_tfnbs,"e=0.7,h=4.0,n=30,start_thres=1.25,min_cluster_size=3",hub,0.25,30,22,40,1730,0,0,40,1730,0.0,0.0,0.0,0.0,0.1749557934024117
fbc_tfnbs,"e=0.7,h=5.0,n=30,start_thres=1.25,min_cluster_size=3",hub,0.25,30,22,40,1730,0,0,40,1730,0.0,0.0,0.0,0.0,0.1749557934024117
fbc_tfnbs,"e=0.7,h=6.0,n=30,start_thres=1.25,min_cluster_size=3",hub,0.25,30,22,40,1730,0,0,40,1730,0.0,0.0,0.0,0.0,0.1749557934024117
fbc_tfnbs,"e=0.7,h=7.0,n=30,start_thres=1.25,min_cluster_size=3",hub,0.25,30,22,40,1730,0,0,40,1730,0.0,0.0,0.0,0.0,0.1749557934024117
fbc_tfnbs,"e=0.7,h=8.0,n=30,start_thres=1.25,min_cluster_size=3",hub,0.25,30,22,40,1730,0,0,40,1730,0.0,0.0,0.0,0.0,0.1749557934024117
fbc_tfnbs,"e=0.7,h=9.0,n=30,start_thres=1.25,min_cluster_size=3",hub,0.25,30,22,40,1730,0,0,40,1730,0.0,0.0,0.0,0.0,0.1749557934024117
fbc_tfnbs,"e=0.7,h=10.0,n=30,start_thres=1.25,min_cluster_size=3",hub,0.25,30,22,40,1730,0,0,40,1730,0.0,0.0,0.0,0.0,0.1749557934024117
fbc_tfnbs,"e=0.8,h=0.5,n=30,start_thres=1.25,min_cluster_size=3",hub,0.25,30,22,40,1730,0,0,40,1730,0.0,0.0,0.0,0.0,0.1749557934024117
fbc_tfnbs,"e=0.8,h=1.0,n=30,start_thres=1.25,min_cluster_size=3",hub,0.25,30,22,40,1730,0,0,40,1730,0.0,0.0,0.0,0.0,0.1749557934024117
fbc_tfnbs,"e=0.8,h=2.0,n=30,start_thres=1.25,min_cluster_size=3",hub,0.25,30,22,40,1730,0,0,40,1730,0.0,0.0,0.0,0.0,0.1749557934024117
fbc_tfnbs,"e=0.8,h=3.0,n=30,start_thres=1.25,min_cluster_size=3",hub,0.25,30,22,40,1730,0,0,40,1730,0.0,0.0,0.0,0.0,0.1749557934024117
fbc_tfnbs,"e=0.8,h=4.0,n=30,start_thres=1.25,min_cluster_size=3",hub,0.25,30,22,40,1730,0,0,40,1730,0.0,0.0,0.0,0.0,0.1749557934024117
fbc_tfnbs,"e=0.8,h=5.0,n=30,start_thres=1.25,min_cluster_size=3",hub,0.25,30,22,40,1730,0,0,40,1730,0.0,0.0,0.0,0.0,0.1749557934024117
fbc_tfnbs,"e=0.8,h=6.0,n=30,start_thres=1.25,min_cluster_size=3",hub,0.25,30,22,40,1730,0,0,40,1730,0.0,0.0,0.0,0.0,0.1749557934024117
fbc_tfnbs,"e=0.8,h=7.0,n=30,start_thres=1.25,min_cluster_size=3",hub,0.25,30,22,40,1730,0,0,40,1730,0.0,0.0,0.0,0.0,0.1749557934024117
fbc_tfnbs,"e=0.8,h=8.0,n=30,start_thres=1.25,min_cluster_size=3",hub,0.25,30,22,40,1730,0,0,40,1730,0.0,0.0,0.0,0.0,0.1749557934024117
fbc_tfnbs,"e=0.8,h=9.0,n=30,start_thres=1.25,min_cluster_size=3",hub,0.25,30,22,40,1730,0,0,40,1730,0.0,0.0,0.0,0.0,0.1749557934024117
fbc_tfnbs,"e=0.8,h=10.0,n=30,start_thres=1.25,min_cluster_size=3",hub,0.25,30,22,40,1730,0,0,40,1730,0.0,0.0,0.0,0.0,0.1749557934024117
fbc_tfnbs,"e=0.9,h=0.5,n=30,start_thres=1.25,min_cluster_size=3",hub,0.25,30,22,40,1730,0,0,40,1730,0.0,0.0,0.0,0.0,0.1749557934024117
fbc_tfnbs,"e=0.9,h=1.0,n=30,start_thres=1.25,min_cluster_size=3",hub,0.25,30,22,40,1730,0,0,40,1730,0.0,0.0,0.0,0.0,0.1749557934024117
fbc_tfnbs,"e=0.9,h=2.0,n=30,start_thres=1.25,min_cluster_size=3",hub,0.25,30,22,40,1730,0,0,40,1730,0.0,0.0,0.0,0.0,0.1749557934024117
fbc_tfnbs,"e=0.9,h=3.0,n=30,start_thres=1.25,min_cluster_size=3",hub,0.25,30,22,40,1730,0,0,40,1730,0.0,0.0,0.0,0.0,0.1749557934024117
fbc_tfnbs,"e=0.9,h=4.0,n=30,start_thres=1.25,min_cluster_size=3",hub,0.25,30,22,40,1730,0,0,40,1730,0.0,0.0,0.0,0.0,0.1749557934024117
fbc_tfnbs,"e=0.9,h=5.0,n=30,start_thres=1.25,min_cluster_size=3",hub,0.25,30,22,40,1730,0,0,40,1730,0.0,0.0,0.0,0.0,0.1749557934024117
fbc_tfnbs,"e=0.9,h=6.0,n=30,start_thres=1.25,min_cluster_size=3",hub,0.25,30,22,40,1730,0,0,40,1730,0.0,0.0,0.0,0.0,0.1749557934024117
fbc_tfnbs,"e=0.9,h=7.0,n=30,start_thres=1.25,min_cluster_size=3",hub,0.25,30,22,40,1730,0,0,40,1730,0.0,0.0,0.0,0.0,0.1749557934024117
fbc_tfnbs,"e=0.9,h=8.0,n=30,start_thres=1.25,min_cluster_size=3",hub,0.25,30,22,40,1730,0,0,40,1730,0.0,0.0,0.0,0.0,0.1749557934024117
fbc_tfnbs,"e=0.9,h=9.0,n=30,start_thres=1.25,min_cluster_size=3",hub,0.25,30,22,40,1730,0,0,40,1730,0.0,0.0,0.0,0.0,0.1749557934024117
fbc_tfnbs,"e=0.9,h=10.0,n=30,start_thres=1.25,min_cluster_size=3",hub,0.25,30,22,40,1730,0,0,40,1730,0.0,0.0,0.0,0.0,0.1749557934024117
fbc_tfnbs,"e=1.0,h=0.5,n=30,start_thres=1.25,min_cluster_size=3",hub,0.25,30,22,40,1730,0,0,40,1730,0.0,0.0,0.0,0.0,0.1749557934024117
fbc_tfnbs,"e=1.0,h=1.0,n=30,start_thres=1.25,min_cluster_size=3",hub,0.25,30,22,40,1730,0,0,40,1730,0.0,0.0,0.0,0.0,0.1749557934024117
fbc_tfnbs,"e=1.0,h=2.0,n=30,start_thres=1.25,min_cluster_size=3",hub,0.25,30,22,40,1730,0,0,40,1730,0.0,0.0,0.0,0.0,0.1749557934024117
fbc_tfnbs,"e=1.0,h=3.0,n=30,start_thres=1.25,min_cluster_size=3",hub,0.25,30,22,40,1730,0,0,40,1730,0.0,0.0,0.0,0.0,0.1749557934024117
fbc_tfnbs,"e=1.0,h=4.0,n=30,start_thres=1.25,min_cluster_size=3",hub,0.25,30,22,40,1730,0,0,40,1730,0.0,0.0,0.0,0.0,0.1749557934024117
fbc_tfnbs,"e=1.0,h=5.0,n=30,start_thres=1.25,min_cluster_size=3",hub,0.25,30,22,40,1730,0,0,40,1730,0.0,0.0,0.0,0.0,0.1749557934024117
fbc_tfnbs,"e=1.0,h=6.0,n=30,start_thres=1.25,min_cluster_size=3",hub,0.25,30,22,40,1730,0,0,40,1730,0.0,0.0,0.0,0.0,0.1749557934024117
fbc_tfnbs,"e=1.0,h=7.0,n=30,start_thres=1.25,min_cluster_size=3",hub,0.25,30,22,40,1730,0,0,40,1730,0.0,0.0,0.0,0.0,0.1749557934024117
fbc_tfnbs,"e=1.0,h=8.0,n=30,start_thres=1.25,min_cluster_size=3",hub,0.25,30,22,40,1730,0,0,40,1730,0.0,0.0,0.0,0.0,0.1749557934024117
fbc_tfnbs,"e=1.0,h=9.0,n=30,start_thres=1.25,min_cluster_size=3",hub,0.25,30,22,40,1730,0,0,40,1730,0.0,0.0,0.0,0.0,0.1749557934024117
fbc_tfnbs,"e=1.0,h=10.0,n=30,start_thres=1.25,min_cluster_size=3",hub,0.25,30,22,40,1730,0,0,40,1730,0.0,0.0,0.0,0.0,0.1749557934024117
fbc_tfnbs,"e=1.1,h=0.5,n=30,start_thres=1.25,min_cluster_size=3",hub,0.25,30,22,40,1730,0,0,40,1730,0.0,0.0,0.0,0.0,0.1749557934024117
fbc_tfnbs,"e=1.1,h=1.0,n=30,start_thres=1.25,min_cluster_size=3",hub,0.25,30,22,40,1730,0,0,40,1730,0.0,0.0,0.0,0.0,0.1749557934024117
fbc_tfnbs,"e=1.1,h=2.0,n=30,start_thres=1.25,min_cluster_size=3",hub,0.25,30,22,40,1730,0,0,40,1730,0.0,0.0,0.0,0.0,0.1749557934024117
fbc_tfnbs,"e=1.1,h=3.0,n=30,start_thres=1.25,min_cluster_size=3",hub,0.25,30,22,40,1730,0,0,40,1730,0.0,0.0,0.0,0.0,0.1749557934024117
fbc_tfnbs,"e=1.1,h=4.0,n=30,start_thres=1.25,min_cluster_size=3",hub,0.25,30,22,40,1730,0,0,40,1730,0.0,0.0,0.0,0.0,0.1749557934024117
fbc_tfnbs,"e=1.1,h=5.0,n=30,start_thres=1.25,min_cluster_size=3",hub,0.25,30,22,40,1730,0,0,40,1730,0.0,0.0,0.0,0.0,0.1749557934024117
fbc_tfnbs,"e=1.1,h=6.0,n=30,start_thres=1.25,min_cluster_size=3",hub,0.25,30,22,40,1730,0,0,40,1730,0.0,0.0,0.0,0.0,0.1749557934024117
fbc_tfnbs,"e=1.1,h=7.0,n=30,start_thres=1.25,min_cluster_size=3",hub,0.25,30,22,40,1730,0,0,40,1730,0.0,0.0,0.0,0.0,0.1749557934024117
fbc_tfnbs,"e=1.1,h=8.0,n=30,start_thres=1.25,min_cluster_size=3",hub,0.25,30,22,40,1730,0,0,40,1730,0.0,0.0,0.0,0.0,0.1749557934024117
fbc_tfnbs,"e=1.1,h=9.0,n=30,start_thres=1.25,min_cluster_size=3",hub,0.25,30,22,40,1730,0,0,40,1730,0.0,0.0,0.0,0.0,0.1749557934024117
fbc_tfnbs,"e=1.1,h=10.0,n=30,start_thres=1.25,min_cluster_size=3",hub,0.25,30,22,40,1730,0,0,40,1730,0.0,0.0,0.0,0.0,0.1749557934024117
fbc_tfnbs,"e=1.2,h=0.5,n=30,start_thres=1.25,min_cluster_size=3",hub,0.25,30,22,40,1730,0,0,40,1730,0.0,0.0,0.0,0.0,0.1749557934024117
fbc_tfnbs,"e=1.2,h=1.0,n=30,start_thres=1.25,min_cluster_size=3",hub,0.25,30,22,40,1730,0,0,40,1730,0.0,0.0,0.0,0.0,0.1749557934024117
fbc_tfnbs,"e=1.2,h=2.0,n=30,start_thres=1.25,min_cluster_size=3",hub,0.25,30,22,40,1730,0,0,40,1730,0.0,0.0,0.0,0.0,0.1749557934024117
fbc_tfnbs,"e=1.2,h=3.0,n=30,start_thres=1.25,min_cluster_size=3",hub,0.25,30,22,40,1730,0,0,40,1730,0.0,0.0,0.0,0.0,0.1749557934024117
fbc_tfnbs,"e=1.2,h=4.0,n=30,start_thres=1.25,min_cluster_size=3",hub,0.25,30,22,40,1730,0,0,40,1730,0.0,0.0,0.0,0.0,0.1749557934024117
fbc_tfnbs,"e=1.2,h=5.0,n=30,start_thres=1.25,min_cluster_size=3",hub,0.25,30,22,40,1730,0,0,40,1730,0.0,0.0,0.0,0.0,0.1749557934024117
fbc_tfnbs,"e=1.2,h=6.0,n=30,start_thres=1.25,min_cluster_size=3",hub,0.25,30,22,40,1730,0,0,40,1730,0.0,0.0,0.0,0.0,0.1749557934024117
fbc_tfnbs,"e=1.2,h=7.0,n=30,start_thres=1.25,min_cluster_size=3",hub,0.25,30,22,40,1730,0,0,40,1730,0.0,0.0,0.0,0.0,0.1749557934024117
fbc_tfnbs,"e=1.2,h=8.0,n=30,start_thres=1.25,min_cluster_size=3",hub,0.25,30,22,40,1730,0,0,40,1730,0.0,0.0,0.0,0.0,0.1749557934024117
fbc_tfnbs,"e=1.2,h=9.0,n=30,start_thres=1.25,min_cluster_size=3",hub,0.25,30,22,40,1730,0,0,40,1730,0.0,0.0,0.0,0.0,0.1749557934024117
fbc_tfnbs,"e=1.2,h=10.0,n=30,start_thres=1.25,min_cluster_size=3",hub,0.25,30,22,40,1730,0,0,40,1730,0.0,0.0,0.0,0.0,0.1749557934024117
fbc_tfnbs,"e=1.3,h=0.5,n=30,start_thres=1.25,min_cluster_size=3",hub,0.25,30,22,40,1730,0,0,40,1730,0.0,0.0,0.0,0.0,0.1749557934024117
fbc_tfnbs,"e=1.3,h=1.0,n=30,start_thres=1.25,min_cluster_size=3",hub,0.25,30,22,40,1730,0,0,40,1730,0.0,0.0,0.0,0.0,0.1749557934024117
fbc_tfnbs,"e=1.3,h=2.0,n=30,start_thres=1.25,min_cluster_size=3",hub,0.25,30,22,40,1730,0,0,40,1730,0.0,0.0,0.0,0.0,0.1749557934024117
fbc_tfnbs,"e=1.3,h=3.0,n=30,start_thres=1.25,min_cluster_size=3",hub,0.25,30,22,40,1730,0,0,40,1730,0.0,0.0,0.0,0.0,0.1749557934024117
fbc_tfnbs,"e=1.3,h=4.0,n=30,start_thres=1.25,min_cluster_size=3",hub,0.25,30,22,40,1730,0,0,40,1730,0.0,0.0,0.0,0.0,0.1749557934024117
fbc_tfnbs,"e=1.3,h=5.0,n=30,start_thres=1.25,min_cluster_size=3",hub,0.25,30,22,40,1730,0,0,40,1730,0.0,0.0,0.0,0.0,0.1749557934024117
fbc_tfnbs,"e=1.3,h=6.0,n=30,start_thres=1.25,min_cluster_size=3",hub,0.25,30,22,40,1730,0,0,40,1730,0.0,0.0,0.0,0.0,0.1749557934024117
fbc_tfnbs,"e=1.3,h=7.0,n=30,start_thres=1.25,min_cluster_size=3",hub,0.25,30,22,40,1730,0,0,40,1730,0.0,0.0,0.0,0.0,0.1749557934024117
fbc_tfnbs,"e=1.3,h=8.0,n=30,start_thres=1.25,min_cluster_size=3",hub,0.25,30,22,40,1730,0,0,40,1730,0.0,0.0,0.0,0.0,0.1749557934024117
fbc_tfnbs,"e=1.3,h=9.0,n=30,start_thres=1.25,min_cluster_size=3",hub,0.25,30,22,40,1730,0,0,40,1730,0.0,0.0,0.0,0.0,0.1749557934024117
fbc_tfnbs,"e=1.3,h=10.0,n=30,start_thres=1.25,min_cluster_size=3",hub,0.25,30,22,40,1730,0,0,40,1730,0.0,0.0,0.0,0.0,0.1749557934024117
fbc_tfnbs,"e=1.4,h=0.5,n=30,start_thres=1.25,min_cluster_size=3",hub,0.25,30,22,40,1730,0,0,40,1730,0.0,0.0,0.0,0.0,0.1749557934024117
fbc_tfnbs,"e=1.4,h=1.0,n=30,start_thres=1.25,min_cluster_size=3",hub,0.25,30,22,40,1730,0,0,40,1730,0.0,0.0,0.0,0.0,0.1749557934024117
fbc_tfnbs,"e=1.4,h=2.0,n=30,start_thres=1.25,min_cluster_size=3",hub,0.25,30,22,40,1730,0,0,40,1730,0.0,0.0,0.0,0.0,0.1749557934024117
fbc_tfnbs,"e=1.4,h=3.0,n=30,start_thres=1.25,min_cluster_size=3",hub,0.25,30,22,40,1730,0,0,40,1730,0.0,0.0,0.0,0.0,0.1749557934024117
fbc_tfnbs,"e=1.4,h=4.0,n=30,start_thres=1.25,min_cluster_size=3",hub,0.25,30,22,40,1730,0,0,40,1730,0.0,0.0,0.0,0.0,0.1749557934024117
fbc_tfnbs,"e=1.4,h=5.0,n=30,start_thres=1.25,min_cluster_size=3",hub,0.25,30,22,40,1730,0,0,40,1730,0.0,0.0,0.0,0.0,0.1749557934024117
fbc_tfnbs,"e=1.4,h=6.0,n=30,start_thres=1.25,min_cluster_size=3",hub,0.25,30,22,40,1730,0,0,40,1730,0.0,0.0,0.0,0.0,0.1749557934024117
fbc_tfnbs,"e=1.4,h=7.0,n=30,start_thres=1.25,min_cluster_size=3",hub,0.25,30,22,40,1730,0,0,40,1730,0.0,0.0,0.0,0.0,0.1749557934024117
fbc_tfnbs,"e=1.4,h=8.0,n=30,start_thres=1.25,min_cluster_size=3",hub,0.25,30,22,40,1730,0,0,40,1730,0.0,0.0,0.0,0.0,0.1749557934024117
fbc_tfnbs,"e=1.4,h=9.0,n=30,start_thres=1.25,min_cluster_size=3",hub,0.25,30,22,40,1730,0,0,40,1730,0.0,0.0,0.0,0.0,0.1749557934024117
fbc_tfnbs,"e=1.4,h=10.0,n=30,start_thres=1.25,min_cluster_size=3",hub,0.25,30,22,40,1730,0,0,40,1730,0.0,0.0,0.0,0.0,0.1749557934024117
fbc_tfnbs,"e=1.5,h=0.5,n=30,start_thres=1.25,min_cluster_size=3",hub,0.25,30,22,40,1730,0,0,40,1730,0.0,0.0,0.0,0.0,0.1749557934024117
fbc_tfnbs,"e=1.5,h=1.0,n=30,start_thres=1.25,min_cluster_size=3",hub,0.25,30,22,40,1730,0,0,40,1730,0.0,0.0,0.0,0.0,0.1749557934024117
fbc_tfnbs,"e=1.5,h=2.0,n=30,start_thres=1.25,min_cluster_size=3",hub,0.25,30,22,40,1730,0,0,40,1730,0.0,0.0,0.0,0.0,0.1749557934024117
fbc_tfnbs,"e=1.5,h=3.0,n=30,start_thres=1.25,min_cluster_size=3",hub,0.25,30,22,40,1730,0,0,40,1730,0.0,0.0,0.0,0.0,0.1749557934024117
fbc_tfnbs,"e=1.5,h=4.0,n=30,start_thres=1.25,min_cluster_size=3",hub,0.25,30,22,40,1730,0,0,40,1730,0.0,0.0,0.0,0.0,0.1749557934024117
fbc_tfnbs,"e=1.5,h=5.0,n=30,start_thres=1.25,min_cluster_size=3",hub,0.25,30,22,40,1730,0,0,40,1730,0.0,0.0,0.0,0.0,0.1749557934024117
fbc_tfnbs,"e=1.5,h=6.0,n=30,start_thres=1.25,min_cluster_size=3",hub,0.25,30,22,40,1730,0,0,40,1730,0.0,0.0,0.0,0.0,0.1749557934024117
fbc_tfnbs,"e=1.5,h=7.0,n=30,start_thres=1.25,min_cluster_size=3",hub,0.25,30,22,40,1730,0,0,40,1730,0.0,0.0,0.0,0.0,0.1749557934024117
fbc_tfnbs,"e=1.5,h=8.0,n=30,start_thres=1.25,min_cluster_size=3",hub,0.25,30,22,40,1730,0,0,40,1730,0.0,0.0,0.0,0.0,0.1749557934024117
fbc_tfnbs,"e=1.5,h=9.0,n=30,start_thres=1.25,min_cluster_size=3",hub,0.25,30,22,40,1730,0,0,40,1730,0.0,0.0,0.0,0.0,0.1749557934024117
fbc_tfnbs,"e=1.5,h=10.0,n=30,start_thres=1.25,min_cluster_size=3",hub,0.25,30,22,40,1730,0,0,40,1730,0.0,0.0,0.0,0.0,0.1749557934024117
fbc_tfnbs,"e=0.05,h=0.5,n=30,start_thres=1.25,min_cluster_size=3",hub,0.25,30,23,40,1730,8,1,32,1729,0.2,0.0005780346820809,0.8888888888888888,0.1111111111111111,0.1800200288945978
fbc_tfnbs,"e=0.05,h=1.0,n=30,start_thres=1.25,min_cluster_size=3",hub,0.25,30,23,40,1730,8,1,32,1729,0.2,0.0005780346820809,0.8888888888888888,0.1111111111111111,0.1800200288945978
fbc_tfnbs,"e=0.05,h=2.0,n=30,start_thres=1.25,min_cluster_size=3",hub,0.25,30,23,40,1730,8,1,32,1729,0.2,0.0005780346820809,0.8888888888888888,0.1111111111111111,0.1800200288945978
fbc_tfnbs,"e=0.05,h=3.0,n=30,start_thres=1.25,min_cluster_size=3",hub,0.25,30,23,40,1730,8,1,32,1729,0.2,0.0005780346820809,0.8888888888888888,0.1111111111111111,0.1800200288945978
fbc_tfnbs,"e=0.05,h=4.0,n=30,start_thres=1.25,min_cluster_size=3",hub,0.25,30,23,40,1730,8,1,32,1729,0.2,0.0005780346820809,0.8888888888888888,0.1111111111111111,0.1800200288945978
fbc_tfnbs,"e=0.05,h=5.0,n=30,start_thres=1.25,min_cluster_size=3",hub,0.25,30,23,40,1730,8,1,32,1729,0.2,0.0005780346820809,0.8888888888888888,0.1111111111111111,0.1800200288945978
fbc_tfnbs,"e=0.05,h=6.0,n=30,start_thres=1.25,min_cluster_size=3",hub,0.25,30,23,40,1730,8,1,32,1729,0.2,0.0005780346820809,0.8888888888888888,0.1111111111111111,0.1800200288945978
fbc_tfnbs,"e=0.05,h=7.0,n=30,start_thres=1.25,min_cluster_size=3",hub,0.25,30,23,40,1730,8,1,32,1729,0.2,0.0005780346820809,0.8888888888888888,0.1111111111111111,0.1800200288945978
fbc_tfnbs,"e=0.05,h=8.0,n=30,start_thres=1.25,min_cluster_size=3",hub,0.25,30,23,40,1730,8,1,32,1729,0.2,0.0005780346820809,0.8888888888888888,0.1111111111111111,0.1800200288945978
fbc_tfnbs,"e=0.05,h=9.0,n=30,start_thres=1.25,min_cluster_size=3",hub,0.25,30,23,40,1730,8,1,32,1729,0.2,0.0005780346820809,0.8888888888888888,0.1111111111111111,0.1800200288945978
fbc_tfnbs,"e=0.05,h=10.0,n=30,start_thres=1.25,min_cluster_size=3",hub,0.25,30,23,40,1730,8,1,32,1729,0.2,0.0005780346820809,0.8888888888888888,0.1111111111111111,0.1800200288945978
fbc_tfnbs,"e=0.1,h=0.5,n=30,start_thres=1.25,min_cluster_size=3",hub,0.25,30,23,40,1730,8,1,32,1729,0.2,0.0005780346820809,0.8888888888888888,0.1111111111111111,0.1800200288945978
fbc_tfnbs,"e=0.1,h=1.0,n=30,start_thres=1.25,min_cluster_size=3",hub,0.25,30,23,40,1730,8,1,32,1729,0.2,0.0005780346820809,0.8888888888888888,0.1111111111111111,0.1800200288945978
fbc_tfnbs,"e=0.1,h=2.0,n=30,start_thres=1.25,min_cluster_size=3",hub,0.25,30,23,40,1730,8,1,32,1729,0.2,0.0005780346820809,0.8888888888888888,0.1111111111111111,0.1800200288945978
fbc_tfnbs,"e=0.1,h=3.0,n=30,start_thres=1.25,min_cluster_size=3",hub,0.25,30,23,40,1730,8,1,32,1729,0.2,0.0005780346820809,0.8888888888888888,0.1111111111111111,0.1800200288945978
fbc_tfnbs,"e=0.1,h=4.0,n=30,start_thres=1.25,min_cluster_size=3",hub,0.25,30,23,40,1730,8,1,32,1729,0.2,0.0005780346820809,0.8888888888888888,0.1111111111111111,0.1800200288945978
fbc_tfnbs,"e=0.1,h=5.0,n=30,start_thres=1.25,min_cluster_size=3",hub,0.25,30,23,40,1730,8,1,32,1729,0.2,0.0005780346820809,0.8888888888888888,0.1111111111111111,0.1800200288945978
fbc_tfnbs,"e=0.1,h=6.0,n=30,start_thres=1.25,min_cluster_size=3",hub,0.25,30,23,40,1730,8,1,32,1729,0.2,0.0005780346820809,0.8888888888888888,0.1111111111111111,0.1800200288945978
fbc_tfnbs,"e=0.1,h=7.0,n=30,start_thres=1.25,min_cluster_size=3",hub,0.25,30,23,40,1730,8,1,32,1729,0.2,0.0005780346820809,0.8888888888888888,0.1111111111111111,0.1800200288945978
fbc_tfnbs,"e=0.1,h=8.0,n=30,start_thres=1.25,min_cluster_size=3",hub,0.25,30,23,40,1730,8,1,32,1729,0.2,0.0005780346820809,0.8888888888888888,0.1111111111111111,0.1800200288945978
fbc_tfnbs,"e=0.1,h=9.0,n=30,start_thres=1.25,min_cluster_size=3",hub,0.25,30,23,40,1730,8,1,32,1729,0.2,0.0005780346820809,0.8888888888888888,0.1111111111111111,0.1800200288945978
fbc_tfnbs,"e=0.1,h=10.0,n=30,start_thres=1.25,min_cluster_size=3",hub,0.25,30,23,40,1730,8,1,32,1729,0.2,0.0005780346820809,0.8888888888888888,0.1111111111111111,0.1800200288945978
fbc_tfnbs,"e=0.2,h=0.5,n=30,start_thres=1.25,min_cluster_size=3",hub,0.25,30,23,40,1730,9,2,31,1728,0.225,0.0011560693641618,0.8181818181818182,0.1818181818181818,0.1800200288945978
fbc_tfnbs,"e=0.2,h=1.0,n=30,start_thres=1.25,min_cluster_size=3",hub,0.25,30,23,40,1730,9,2,31,1728,0.225,0.0011560693641618,0.8181818181818182,0.1818181818181818,0.1800200288945978
fbc_tfnbs,"e=0.2,h=2.0,n=30,start_thres=1.25,min_cluster_size=3",hub,0.25,30,23,40,1730,9,2,31,1728,0.225,0.0011560693641618,0.8181818181818182,0.1818181818181818,0.1800200288945978
fbc_tfnbs,"e=0.2,h=3.0,n=30,start_thres=1.25,min_cluster_size=3",hub,0.25,30,23,40,1730,9,2,31,1728,0.225,0.0011560693641618,0.8181818181818182,0.1818181818181818,0.1800200288945978
fbc_tfnbs,"e=0.2,h=4.0,n=30,start_thres=1.25,min_cluster_size=3",hub,0.25,30,23,40,1730,9,2,31,1728,0.225,0.0011560693641618,0.8181818181818182,0.1818181818181818,0.1800200288945978
fbc_tfnbs,"e=0.2,h=5.0,n=30,start_thres=1.25,min_cluster_size=3",hub,0.25,30,23,40,1730,8,1,32,1729,0.2,0.0005780346820809,0.8888888888888888,0.1111111111111111,0.1800200288945978
fbc_tfnbs,"e=0.2,h=6.0,n=30,start_thres=1.25,min_cluster_size=3",hub,0.25,30,23,40,1730,8,1,32,1729,0.2,0.0005780346820809,0.8888888888888888,0.1111111111111111,0.1800200288945978
fbc_tfnbs,"e=0.2,h=7.0,n=30,start_thres=1.25,min_cluster_size=3",hub,0.25,30,23,40,1730,8,1,32,1729,0.2,0.0005780346820809,0.8888888888888888,0.1111111111111111,0.1800200288945978
fbc_tfnbs,"e=0.2,h=8.0,n=30,start_thres=1.25,min_cluster_size=3",hub,0.25,30,23,40,1730,8,1,32,1729,0.2,0.0005780346820809,0.8888888888888888,0.1111111111111111,0.1800200288945978
fbc_tfnbs,"e=0.2,h=9.0,n=30,start_thres=1.25,min_cluster_size=3",hub,0.25,30,23,40,1730,8,1,32,1729,0.2,0.0005780346820809,0.8888888888888888,0.1111111111111111,0.1800200288945978
fbc_tfnbs,"e=0.2,h=10.0,n=30,start_thres=1.25,min_cluster_size=3",hub,0.25,30,23,40,1730,8,1,32,1729,0.2,0.0005780346820809,0.8888888888888888,0.1111111111111111,0.1800200288945978
fbc_tfnbs,"e=0.3,h=0.5,n=30,start_thres=1.25,min_cluster_size=3",hub,0.25,30,23,40,1730,9,2,31,1728,0.225,0.0011560693641618,0.8181818181818182,0.1818181818181818,0.1800200288945978
fbc_tfnbs,"e=0.3,h=1.0,n=30,start_thres=1.25,min_cluster_size=3",hub,0.25,30,23,40,1730,9,2,31,1728,0.225,0.0011560693641618,0.8181818181818182,0.1818181818181818,0.1800200288945978
fbc_tfnbs,"e=0.3,h=2.0,n=30,start_thres=1.25,min_cluster_size=3",hub,0.25,30,23,40,1730,9,2,31,1728,0.225,0.0011560693641618,0.8181818181818182,0.1818181818181818,0.1800200288945978
fbc_tfnbs,"e=0.3,h=3.0,n=30,start_thres=1.25,min_cluster_size=3",hub,0.25,30,23,40,1730,9,2,31,1728,0.225,0.0011560693641618,0.8181818181818182,0.1818181818181818,0.1800200288945978
fbc_tfnbs,"e=0.3,h=4.0,n=30,start_thres=1.25,min_cluster_size=3",hub,0.25,30,23,40,1730,9,2,31,1728,0.225,0.0011560693641618,0.8181818181818182,0.1818181818181818,0.1800200288945978
fbc_tfnbs,"e=0.3,h=5.0,n=30,start_thres=1.25,min_cluster_size=3",hub,0.25,30,23,40,1730,9,2,31,1728,0.225,0.0011560693641618,0.8181818181818182,0.1818181818181818,0.1800200288945978
fbc_tfnbs,"e=0.3,h=6.0,n=30,start_thres=1.25,min_cluster_size=3",hub,0.25,30,23,40,1730,9,2,31,1728,0.225,0.0011560693641618,0.8181818181818182,0.1818181818181818,0.1800200288945978
fbc_tfnbs,"e=0.3,h=7.0,n=30,start_thres=1.25,min_cluster_size=3",hub,0.25,30,23,40,1730,9,2,31,1728,0.225,0.0011560693641618,0.8181818181818182,0.1818181818181818,0.1800200288945978
fbc_tfnbs,"e=0.3,h=8.0,n=30,start_thres=1.25,min_cluster_size=3",hub,0.25,30,23,40,1730,9,2,31,1728,0.225,0.0011560693641618,0.8181818181818182,0.1818181818181818,0.1800200288945978
fbc_tfnbs,"e=0.3,h=9.0,n=30,start_thres=1.25,min_cluster_size=3",hub,0.25,30,23,40,1730,9,2,31,1728,0.225,0.0011560693641618,0.8181818181818182,0.1818181818181818,0.1800200288945978
fbc_tfnbs,"e=0.3,h=10.0,n=30,start_thres=1.25,min_cluster_size=3",hub,0.25,30,23,40,1730,8,1,32,1729,0.2,0.0005780346820809,0.8888888888888888,0.1111111111111111,0.1800200288945978
fbc_tfnbs,"e=0.4,h=0.5,n=30,start_thres=1.25,min_cluster_size=3",hub,0.25,30,23,40,1730,9,2,31,1728,0.225,0.0011560693641618,0.8181818181818182,0.1818181818181818,0.1800200288945978
fbc_tfnbs,"e=0.4,h=1.0,n=30,start_thres=1.25,min_cluster_size=3",hub,0.25,30,23,40,1730,9,2,31,1728,0.225,0.0011560693641618,0.8181818181818182,0.1818181818181818,0.1800200288945978
fbc_tfnbs,"e=0.4,h=2.0,n=30,start_thres=1.25,min_cluster_size=3",hub,0.25,30,23,40,1730,9,2,31,1728,0.225,0.0011560693641618,0.8181818181818182,0.1818181818181818,0.1800200288945978
fbc_tfnbs,"e=0.4,h=3.0,n=30,start_thres=1.25,min_cluster_size=3",hub,0.25,30,23,40,1730,9,2,31,1728,0.225,0.0011560693641618,0.8181818181818182,0.1818181818181818,0.1800200288945978
fbc_tfnbs,"e=0.4,h=4.0,n=30,start_thres=1.25,min_cluster_size=3",hub,0.25,30,23,40,1730,9,2,31,1728,0.225,0.0011560693641618,0.8181818181818182,0.1818181818181818,0.1800200288945978
fbc_tfnbs,"e=0.4,h=5.0,n=30,start_thres=1.25,min_cluster_size=3",hub,0.25,30,23,40,1730,9,2,31,1728,0.225,0.0011560693641618,0.8181818181818182,0.1818181818181818,0.1800200288945978
fbc_tfnbs,"e=0.4,h=6.0,n=30,start_thres=1.25,min_cluster_size=3",hub,0.25,30,23,40,1730,9,2,31,1728,0.225,0.0011560693641618,0.8181818181818182,0.1818181818181818,0.1800200288945978
fbc_tfnbs,"e=0.4,h=7.0,n=30,start_thres=1.25,min_cluster_size=3",hub,0.25,30,23,40,1730,9,2,31,1728,0.225,0.0011560693641618,0.8181818181818182,0.1818181818181818,0.1800200288945978
fbc_tfnbs,"e=0.4,h=8.0,n=30,start_thres=1.25,min_cluster_size=3",hub,0.25,30,23,40,1730,9,2,31,1728,0.225,0.0011560693641618,0.8181818181818182,0.1818181818181818,0.1800200288945978
fbc_tfnbs,"e=0.4,h=9.0,n=30,start_thres=1.25,min_cluster_size=3",hub,0.25,30,23,40,1730,9,2,31,1728,0.225,0.0011560693641618,0.8181818181818182,0.1818181818181818,0.1800200288945978
fbc_tfnbs,"e=0.4,h=10.0,n=30,start_thres=1.25,min_cluster_size=3",hub,0.25,30,23,40,1730,9,2,31,1728,0.225,0.0011560693641618,0.8181818181818182,0.1818181818181818,0.1800200288945978
fbc_tfnbs,"e=0.5,h=0.5,n=30,start_thres=1.25,min_cluster_size=3",hub,0.25,30,23,40,1730,9,2,31,1728,0.225,0.0011560693641618,0.8181818181818182,0.1818181818181818,0.1800200288945978
fbc_tfnbs,"e=0.5,h=1.0,n=30,start_thres=1.25,min_cluster_size=3",hub,0.25,30,23,40,1730,9,2,31,1728,0.225,0.0011560693641618,0.8181818181818182,0.1818181818181818,0.1800200288945978
fbc_tfnbs,"e=0.5,h=2.0,n=30,start_thres=1.25,min_cluster_size=3",hub,0.25,30,23,40,1730,9,2,31,1728,0.225,0.0011560693641618,0.8181818181818182,0.1818181818181818,0.1800200288945978
fbc_tfnbs,"e=0.5,h=3.0,n=30,start_thres=1.25,min_cluster_size=3",hub,0.25,30,23,40,1730,9,2,31,1728,0.225,0.0011560693641618,0.8181818181818182,0.1818181818181818,0.1800200288945978
fbc_tfnbs,"e=0.5,h=4.0,n=30,start_thres=1.25,min_cluster_size=3",hub,0.25,30,23,40,1730,9,2,31,1728,0.225,0.0011560693641618,0.8181818181818182,0.1818181818181818,0.1800200288945978
fbc_tfnbs,"e=0.5,h=5.0,n=30,start_thres=1.25,min_cluster_size=3",hub,0.25,30,23,40,1730,10,2,30,1728,0.25,0.0011560693641618,0.8333333333333334,0.1666666666666666,0.1800200288945978
fbc_tfnbs,"e=0.5,h=6.0,n=30,start_thres=1.25,min_cluster_size=3",hub,0.25,30,23,40,1730,10,2,30,1728,0.25,0.0011560693641618,0.8333333333333334,0.1666666666666666,0.1800200288945978
fbc_tfnbs,"e=0.5,h=7.0,n=30,start_thres=1.25,min_cluster_size=3",hub,0.25,30,23,40,1730,10,2,30,1728,0.25,0.0011560693641618,0.8333333333333334,0.1666666666666666,0.1800200288945978
fbc_tfnbs,"e=0.5,h=8.0,n=30,start_thres=1.25,min_cluster_size=3",hub,0.25,30,23,40,1730,9,2,31,1728,0.225,0.0011560693641618,0.8181818181818182,0.1818181818181818,0.1800200288945978
fbc_tfnbs,"e=0.5,h=9.0,n=30,start_thres=1.25,min_cluster_size=3",hub,0.25,30,23,40,1730,9,2,31,1728,0.225,0.0011560693641618,0.8181818181818182,0.1818181818181818,0.1800200288945978
fbc_tfnbs,"e=0.5,h=10.0,n=30,start_thres=1.25,min_cluster_size=3",hub,0.25,30,23,40,1730,9,2,31,1728,0.225,0.0011560693641618,0.8181818181818182,0.1818181818181818,0.1800200288945978
fbc_tfnbs,"e=0.6,h=0.5,n=30,start_thres=1.25,min_cluster_size=3",hub,0.25,30,23,40,1730,9,2,31,1728,0.225,0.0011560693641618,0.8181818181818182,0.1818181818181818,0.1800200288945978
fbc_tfnbs,"e=0.6,h=1.0,n=30,start_thres=1.25,min_cluster_size=3",hub,0.25,30,23,40,1730,9,2,31,1728,0.225,0.0011560693641618,0.8181818181818182,0.1818181818181818,0.1800200288945978
fbc_tfnbs,"e=0.6,h=2.0,n=30,start_thres=1.25,min_cluster_size=3",hub,0.25,30,23,40,1730,9,2,31,1728,0.225,0.0011560693641618,0.8181818181818182,0.1818181818181818,0.1800200288945978
fbc_tfnbs,"e=0.6,h=3.0,n=30,start_thres=1.25,min_cluster_size=3",hub,0.25,30,23,40,1730,9,2,31,1728,0.225,0.0011560693641618,0.8181818181818182,0.1818181818181818,0.1800200288945978
fbc_tfnbs,"e=0.6,h=4.0,n=30,start_thres=1.25,min_cluster_size=3",hub,0.25,30,23,40,1730,9,2,31,1728,0.225,0.0011560693641618,0.8181818181818182,0.1818181818181818,0.1800200288945978
fbc_tfnbs,"e=0.6,h=5.0,n=30,start_thres=1.25,min_cluster_size=3",hub,0.25,30,23,40,1730,10,2,30,1728,0.25,0.0011560693641618,0.8333333333333334,0.1666666666666666,0.1800200288945978
fbc_tfnbs,"e=0.6,h=6.0,n=30,start_thres=1.25,min_cluster_size=3",hub,0.25,30,23,40,1730,10,2,30,1728,0.25,0.0011560693641618,0.8333333333333334,0.1666666666666666,0.1800200288945978
fbc_tfnbs,"e=0.6,h=7.0,n=30,start_thres=1.25,min_cluster_size=3",hub,0.25,30,23,40,1730,10,2,30,1728,0.25,0.0011560693641618,0.8333333333333334,0.1666666666666666,0.1800200288945978
fbc_tfnbs,"e=0.6,h=8.0,n=30,start_thres=1.25,min_cluster_size=3",hub,0.25,30,23,40,1730,10,2,30,1728,0.25,0.0011560693641618,0.8333333333333334,0.1666666666666666,0.1800200288945978
fbc_tfnbs,"e=0.6,h=9.0,n=30,start_thres=1.25,min_cluster_size=3",hub,0.25,30,23,40,1730,10,2,30,1728,0.25,0.0011560693641618,0.8333333333333334,0.1666666666666666,0.1800200288945978
fbc_tfnbs,"e=0.6,h=10.0,n=30,start_thres=1.25,min_cluster_size=3",hub,0.25,30,23,40,1730,10,2,30,1728,0.25,0.0011560693641618,0.8333333333333334,0.1666666666666666,0.1800200288945978
fbc_tfnbs,"e=0.7,h=0.5,n=30,start_thres=1.25,min_cluster_size=3",hub,0.25,30,23,40,1730,9,2,31,1728,0.225,0.0011560693641618,0.8181818181818182,0.1818181818181818,0.1800200288945978
fbc_tfnbs,"e=0.7,h=1.0,n=30,start_thres=1.25,min_cluster_size=3",hub,0.25,30,23,40,1730,9,2,31,1728,0.225,0.0011560693641618,0.8181818181818182,0.1818181818181818,0.1800200288945978
fbc_tfnbs,"e=0.7,h=2.0,n=30,start_thres=1.25,min_cluster_size=3",hub,0.25,30,23,40,1730,9,2,31,1728,0.225,0.0011560693641618,0.8181818181818182,0.1818181818181818,0.1800200288945978
fbc_tfnbs,"e=0.7,h=3.0,n=30,start_thres=1.25,min_cluster_size=3",hub,0.25,30,23,40,1730,9,2,31,1728,0.225,0.0011560693641618,0.8181818181818182,0.1818181818181818,0.1800200288945978
fbc_tfnbs,"e=0.7,h=4.0,n=30,start_thres=1.25,min_cluster_size=3",hub,0.25,30,23,40,1730,9,2,31,1728,0.225,0.0011560693641618,0.8181818181818182,0.1818181818181818,0.1800200288945978
fbc_tfnbs,"e=0.7,h=5.0,n=30,start_thres=1.25,min_cluster_size=3",hub,0.25,30,23,40,1730,10,2,30,1728,0.25,0.0011560693641618,0.8333333333333334,0.1666666666666666,0.1800200288945978
fbc_tfnbs,"e=0.7,h=6.0,n=30,start_thres=1.25,min_cluster_size=3",hub,0.25,30,23,40,1730,10,2,30,1728,0.25,0.0011560693641618,0.8333333333333334,0.1666666666666666,0.1800200288945978
fbc_tfnbs,"e=0.7,h=7.0,n=30,start_thres=1.25,min_cluster_size=3",hub,0.25,30,23,40,1730,10,2,30,1728,0.25,0.0011560693641618,0.8333333333333334,0.1666666666666666,0.1800200288945978
fbc_tfnbs,"e=0.7,h=8.0,n=30,start_thres=1.25,min_cluster_size=3",hub,0.25,30,23,40,1730,10,2,30,1728,0.25,0.0011560693641618,0.8333333333333334,0.1666666666666666,0.1800200288945978
fbc_tfnbs,"e=0.7,h=9.0,n=30,start_thres=1.25,min_cluster_size=3",hub,0.25,30,23,40,1730,10,2,30,1728,0.25,0.0011560693641618,0.8333333333333334,0.1666666666666666,0.1800200288945978
fbc_tfnbs,"e=0.7,h=10.0,n=30,start_thres=1.25,min_cluster_size=3",hub,0.25,30,23,40,1730,10,2,30,1728,0.25,0.0011560693641618,0.8333333333333334,0.1666666666666666,0.1800200288945978
fbc_tfnbs,"e=0.8,h=0.5,n=30,start_thres=1.25,min_cluster_size=3",hub,0.25,30,23,40,1730,9,4,31,1726,0.225,0.0023121387283236,0.6923076923076923,0.3076923076923077,0.1800200288945978
fbc_tfnbs,"e=0.8,h=1.0,n=30,start_thres=1.25,min_cluster_size=3",hub,0.25,30,23,40,1730,9,2,31,1728,0.225,0.0011560693641618,0.8181818181818182,0.1818181818181818,0.1800200288945978
fbc_tfnbs,"e=0.8,h=2.0,n=30,start_thres=1.25,min_cluster_size=3",hub,0.25,30,23,40,1730,9,2,31,1728,0.225,0.0011560693641618,0.8181818181818182,0.1818181818181818,0.1800200288945978
fbc_tfnbs,"e=0.8,h=3.0,n=30,start_thres=1.25,min_cluster_size=3",hub,0.25,30,23,40,1730,9,2,31,1728,0.225,0.0011560693641618,0.8181818181818182,0.1818181818181818,0.1800200288945978
fbc_tfnbs,"e=0.8,h=4.0,n=30,start_thres=1.25,min_cluster_size=3",hub,0.25,30,23,40,1730,9,2,31,1728,0.225,0.0011560693641618,0.8181818181818182,0.1818181818181818,0.1800200288945978
fbc_tfnbs,"e=0.8,h=5.0,n=30,start_thres=1.25,min_cluster_size=3",hub,0.25,30,23,40,1730,10,2,30,1728,0.25,0.0011560693641618,0.8333333333333334,0.1666666666666666,0.1800200288945978
fbc_tfnbs,"e=0.8,h=6.0,n=30,start_thres=1.25,min_cluster_size=3",hub,0.25,30,23,40,1730,10,2,30,1728,0.25,0.0011560693641618,0.8333333333333334,0.1666666666666666,0.1800200288945978
fbc_tfnbs,"e=0.8,h=7.0,n=30,start_thres=1.25,min_cluster_size=3",hub,0.25,30,23,40,1730,10,2,30,1728,0.25,0.0011560693641618,0.8333333333333334,0.1666666666666666,0.1800200288945978
fbc_tfnbs,"e=0.8,h=8.0,n=30,start_thres=1.25,min_cluster_size=3",hub,0.25,30,23,40,1730,10,2,30,1728,0.25,0.0011560693641618,0.8333333333333334,0.1666666666666666,0.1800200288945978
fbc_tfnbs,"e=0.8,h=9.0,n=30,start_thres=1.25,min_cluster_size=3",hub,0.25,30,23,40,1730,10,2,30,1728,0.25,0.0011560693641618,0.8333333333333334,0.1666666666666666,0.1800200288945978
fbc_tfnbs,"e=0.8,h=10.0,n=30,start_thres=1.25,min_cluster_size=3",hub,0.25,30,23,40,1730,10,2,30,1728,0.25,0.0011560693641618,0.8333333333333334,0.1666666666666666,0.1800200288945978
fbc_tfnbs,"e=0.9,h=0.5,n=30,start_thres=1.25,min_cluster_size=3",hub,0.25,30,23,40,1730,6,4,34,1726,0.15,0.0023121387283236,0.6,0.4,0.1800200288945978
fbc_tfnbs,"e=0.9,h=1.0,n=30,start_thres=1.25,min_cluster_size=3",hub,0.25,30,23,40,1730,10,4,30,1726,0.25,0.0023121387283236,0.7142857142857143,0.2857142857142857,0.1800200288945978
fbc_tfnbs,"e=0.9,h=2.0,n=30,start_thres=1.25,min_cluster_size=3",hub,0.25,30,23,40,1730,10,4,30,1726,0.25,0.0023121387283236,0.7142857142857143,0.2857142857142857,0.1800200288945978
fbc_tfnbs,"e=0.9,h=3.0,n=30,start_thres=1.25,min_cluster_size=3",hub,0.25,30,23,40,1730,9,2,31,1728,0.225,0.0011560693641618,0.8181818181818182,0.1818181818181818,0.1800200288945978
fbc_tfnbs,"e=0.9,h=4.0,n=30,start_thres=1.25,min_cluster_size=3",hub,0.25,30,23,40,1730,9,2,31,1728,0.225,0.0011560693641618,0.8181818181818182,0.1818181818181818,0.1800200288945978
fbc_tfnbs,"e=0.9,h=5.0,n=30,start_thres=1.25,min_cluster_size=3",hub,0.25,30,23,40,1730,10,2,30,1728,0.25,0.0011560693641618,0.8333333333333334,0.1666666666666666,0.1800200288945978
fbc_tfnbs,"e=0.9,h=6.0,n=30,start_thres=1.25,min_cluster_size=3",hub,0.25,30,23,40,1730,10,2,30,1728,0.25,0.0011560693641618,0.8333333333333334,0.1666666666666666,0.1800200288945978
fbc_tfnbs,"e=0.9,h=7.0,n=30,start_thres=1.25,min_cluster_size=3",hub,0.25,30,23,40,1730,10,2,30,1728,0.25,0.0011560693641618,0.8333333333333334,0.1666666666666666,0.1800200288945978
fbc_tfnbs,"e=0.9,h=8.0,n=30,start_thres=1.25,min_cluster_size=3",hub,0.25,30,23,40,1730,10,2,30,1728,0.25,0.0011560693641618,0.8333333333333334,0.1666666666666666,0.1800200288945978
fbc_tfnbs,"e=0.9,h=9.0,n=30,start_thres=1.25,min_cluster_size=3",hub,0.25,30,23,40,1730,10,2,30,1728,0.25,0.0011560693641618,0.8333333333333334,0.1666666666666666,0.1800200288945978
fbc_tfnbs,"e=0.9,h=10.0,n=30,start_thres=1.25,min_cluster_size=3",hub,0.25,30,23,40,1730,10,2,30,1728,0.25,0.0011560693641618,0.8333333333333334,0.1666666666666666,0.1800200288945978
fbc_tfnbs,"e=1.0,h=0.5,n=30,start_thres=1.25,min_cluster_size=3",hub,0.25,30,23,40,1730,6,4,34,1726,0.15,0.0023121387283236,0.6,0.4,0.1800200288945978
fbc_tfnbs,"e=1.0,h=1.0,n=30,start_thres=1.25,min_cluster_size=3",hub,0.25,30,23,40,1730,6,4,34,1726,0.15,0.0023121387283236,0.6,0.4,0.1800200288945978
fbc_tfnbs,"e=1.0,h=2.0,n=30,start_thres=1.25,min_cluster_size=3",hub,0.25,30,23,40,1730,10,4,30,1726,0.25,0.0023121387283236,0.7142857142857143,0.2857142857142857,0.1800200288945978
fbc_tfnbs,"e=1.0,h=3.0,n=30,start_thres=1.25,min_cluster_size=3",hub,0.25,30,23,40,1730,10,4,30,1726,0.25,0.0023121387283236,0.7142857142857143,0.2857142857142857,0.1800200288945978
fbc_tfnbs,"e=1.0,h=4.0,n=30,start_thres=1.25,min_cluster_size=3",hub,0.25,30,23,40,1730,9,2,31,1728,0.225,0.0011560693641618,0.8181818181818182,0.1818181818181818,0.1800200288945978
fbc_tfnbs,"e=1.0,h=5.0,n=30,start_thres=1.25,min_cluster_size=3",hub,0.25,30,23,40,1730,9,2,31,1728,0.225,0.0011560693641618,0.8181818181818182,0.1818181818181818,0.1800200288945978
fbc_tfnbs,"e=1.0,h=6.0,n=30,start_thres=1.25,min_cluster_size=3",hub,0.25,30,23,40,1730,10,2,30,1728,0.25,0.0011560693641618,0.8333333333333334,0.1666666666666666,0.1800200288945978
fbc_tfnbs,"e=1.0,h=7.0,n=30,start_thres=1.25,min_cluster_size=3",hub,0.25,30,23,40,1730,10,2,30,1728,0.25,0.0011560693641618,0.8333333333333334,0.1666666666666666,0.1800200288945978
fbc_tfnbs,"e=1.0,h=8.0,n=30,start_thres=1.25,min_cluster_size=3",hub,0.25,30,23,40,1730,10,2,30,1728,0.25,0.0011560693641618,0.8333333333333334,0.1666666666666666,0.1800200288945978
fbc_tfnbs,"e=1.0,h=9.0,n=30,start_thres=1.25,min_cluster_size=3",hub,0.25,30,23,40,1730,10,2,30,1728,0.25,0.0011560693641618,0.8333333333333334,0.1666666666666666,0.1800200288945978
fbc_tfnbs,"e=1.0,h=10.0,n=30,start_thres=1.25,min_cluster_size=3",hub,0.25,30,23,40,1730,10,2,30,1728,0.25,0.0011560693641618,0.8333333333333334,0.1666666666666666,0.1800200288945978
fbc_tfnbs,"e=1.1,h=0.5,n=30,start_thres=1.25,min_cluster_size=3",hub,0.25,30,23,40,1730,7,4,33,1726,0.175,0.0023121387283236,0.6363636363636364,0.3636363636363636,0.1800200288945978
fbc_tfnbs,"e=1.1,h=1.0,n=30,start_thres=1.25,min_cluster_size=3",hub,0.25,30,23,40,1730,7,4,33,1726,0.175,0.0023121387283236,0.6363636363636364,0.3636363636363636,0.1800200288945978
fbc_tfnbs,"e=1.1,h=2.0,n=30,start_thres=1.25,min_cluster_size=3",hub,0.25,30,23,40,1730,10,4,30,1726,0.25,0.0023121387283236,0.7142857142857143,0.2857142857142857,0.1800200288945978
fbc_tfnbs,"e=1.1,h=3.0,n=30,start_thres=1.25,min_cluster_size=3",hub,0.25,30,23,40,1730,10,4,30,1726,0.25,0.0023121387283236,0.7142857142857143,0.2857142857142857,0.1800200288945978
fbc_tfnbs,"e=1.1,h=4.0,n=30,start_thres=1.25,min_cluster_size=3",hub,0.25,30,23,40,1730,10,4,30,1726,0.25,0.0023121387283236,0.7142857142857143,0.2857142857142857,0.1800200288945978
fbc_tfnbs,"e=1.1,h=5.0,n=30,start_thres=1.25,min_cluster_size=3",hub,0.25,30,23,40,1730,9,2,31,1728,0.225,0.0011560693641618,0.8181818181818182,0.1818181818181818,0.1800200288945978
fbc_tfnbs,"e=1.1,h=6.0,n=30,start_thres=1.25,min_cluster_size=3",hub,0.25,30,23,40,1730,10,2,30,1728,0.25,0.0011560693641618,0.8333333333333334,0.1666666666666666,0.1800200288945978
fbc_tfnbs,"e=1.1,h=7.0,n=30,start_thres=1.25,min_cluster_size=3",hub,0.25,30,23,40,1730,10,2,30,1728,0.25,0.0011560693641618,0.8333333333333334,0.1666666666666666,0.1800200288945978
fbc_tfnbs,"e=1.1,h=8.0,n=30,start_thres=1.25,min_cluster_size=3",hub,0.25,30,23,40,1730,10,2,30,1728,0.25,0.0011560693641618,0.8333333333333334,0.1666666666666666,0.1800200288945978
fbc_tfnbs,"e=1.1,h=9.0,n=30,start_thres=1.25,min_cluster_size=3",hub,0.25,30,23,40,1730,10,2,30,1728,0.25,0.0011560693641618,0.8333333333333334,0.1666666666666666,0.1800200288945978
fbc_tfnbs,"e=1.1,h=10.0,n=30,start_thres=1.25,min_cluster_size=3",hub,0.25,30,23,40,1730,10,2,30,1728,0.25,0.0011560693641618,0.8333333333333334,0.1666666666666666,0.1800200288945978
fbc_tfnbs,"e=1.2,h=0.5,n=30,start_thres=1.25,min_cluster_size=3",hub,0.25,30,23,40,1730,7,4,33,1726,0.175,0.0023121387283236,0.6363636363636364,0.3636363636363636,0.1800200288945978
fbc_tfnbs,"e=1.2,h=1.0,n=30,start_thres=1.25,min_cluster_size=3",hub,0.25,30,23,40,1730,7,4,33,1726,0.175,0.0023121387283236,0.6363636363636364,0.3636363636363636,0.1800200288945978
fbc_tfnbs,"e=1.2,h=2.0,n=30,start_thres=1.25,min_cluster_size=3",hub,0.25,30,23,40,1730,10,4,30,1726,0.25,0.0023121387283236,0.7142857142857143,0.2857142857142857,0.1800200288945978
fbc_tfnbs,"e=1.2,h=3.0,n=30,start_thres=1.25,min_cluster_size=3",hub,0.25,30,23,40,1730,10,4,30,1726,0.25,0.0023121387283236,0.7142857142857143,0.2857142857142857,0.1800200288945978
fbc_tfnbs,"e=1.2,h=4.0,n=30,start_thres=1.25,min_cluster_size=3",hub,0.25,30,23,40,1730,10,4,30,1726,0.25,0.0023121387283236,0.7142857142857143,0.2857142857142857,0.1800200288945978
fbc_tfnbs,"e=1.2,h=5.0,n=30,start_thres=1.25,min_cluster_size=3",hub,0.25,30,23,40,1730,10,4,30,1726,0.25,0.0023121387283236,0.7142857142857143,0.2857142857142857,0.1800200288945978
fbc_tfnbs,"e=1.2,h=6.0,n=30,start_thres=1.25,min_cluster_size=3",hub,0.25,30,23,40,1730,10,2,30,1728,0.25,0.0011560693641618,0.8333333333333334,0.1666666666666666,0.1800200288945978
fbc_tfnbs,"e=1.2,h=7.0,n=30,start_thres=1.25,min_cluster_size=3",hub,0.25,30,23,40,1730,10,2,30,1728,0.25,0.0011560693641618,0.8333333333333334,0.1666666666666666,0.1800200288945978
fbc_tfnbs,"e=1.2,h=8.0,n=30,start_thres=1.25,min_cluster_size=3",hub,0.25,30,23,40,1730,10,2,30,1728,0.25,0.0011560693641618,0.8333333333333334,0.1666666666666666,0.1800200288945978
fbc_tfnbs,"e=1.2,h=9.0,n=30,start_thres=1.25,min_cluster_size=3",hub,0.25,30,23,40,1730,10,2,30,1728,0.25,0.0011560693641618,0.8333333333333334,0.1666666666666666,0.1800200288945978
fbc_tfnbs,"e=1.2,h=10.0,n=30,start_thres=1.25,min_cluster_size=3",hub,0.25,30,23,40,1730,10,2,30,1728,0.25,0.0011560693641618,0.8333333333333334,0.1666666666666666,0.1800200288945978
fbc_tfnbs,"e=1.3,h=0.5,n=30,start_thres=1.25,min_cluster_size=3",hub,0.25,30,23,40,1730,7,5,33,1725,0.175,0.0028901734104046,0.5833333333333334,0.4166666666666667,0.1800200288945978
fbc_tfnbs,"e=1.3,h=1.0,n=30,start_thres=1.25,min_cluster_size=3",hub,0.25,30,23,40,1730,7,4,33,1726,0.175,0.0023121387283236,0.6363636363636364,0.3636363636363636,0.1800200288945978
fbc_tfnbs,"e=1.3,h=2.0,n=30,start_thres=1.25,min_cluster_size=3",hub,0.25,30,23,40,1730,7,4,33,1726,0.175,0.0023121387283236,0.6363636363636364,0.3636363636363636,0.1800200288945978
fbc_tfnbs,"e=1.3,h=3.0,n=30,start_thres=1.25,min_cluster_size=3",hub,0.25,30,23,40,1730,11,4,29,1726,0.275,0.0023121387283236,0.7333333333333333,0.2666666666666666,0.1800200288945978
fbc_tfnbs,"e=1.3,h=4.0,n=30,start_thres=1.25,min_cluster_size=3",hub,0.25,30,23,40,1730,11,4,29,1726,0.275,0.0023121387283236,0.7333333333333333,0.2666666666666666,0.1800200288945978
fbc_tfnbs,"e=1.3,h=5.0,n=30,start_thres=1.25,min_cluster_size=3",hub,0.25,30,23,40,1730,10,4,30,1726,0.25,0.0023121387283236,0.7142857142857143,0.2857142857142857,0.1800200288945978
fbc_tfnbs,"e=1.3,h=6.0,n=30,start_thres=1.25,min_cluster_size=3",hub,0.25,30,23,40,1730,10,4,30,1726,0.25,0.0023121387283236,0.7142857142857143,0.2857142857142857,0.1800200288945978
fbc_tfnbs,"e=1.3,h=7.0,n=30,start_thres=1.25,min_cluster_size=3",hub,0.25,30,23,40,1730,10,2,30,1728,0.25,0.0011560693641618,0.8333333333333334,0.1666666666666666,0.1800200288945978
fbc_tfnbs,"e=1.3,h=8.0,n=30,start_thres=1.25,min_cluster_size=3",hub,0.25,30,23,40,1730,10,2,30,1728,0.25,0.0011560693641618,0.8333333333333334,0.1666666666666666,0.1800200288945978
fbc_tfnbs,"e=1.3,h=9.0,n=30,start_thres=1.25,min_cluster_size=3",hub,0.25,30,23,40,1730,10,2,30,1728,0.25,0.0011560693641618,0.8333333333333334,0.1666666666666666,0.1800200288945978
fbc_tfnbs,"e=1.3,h=10.0,n=30,start_thres=1.25,min_cluster_size=3",hub,0.25,30,23,40,1730,10,2,30,1728,0.25,0.0011560693641618,0.8333333333333334,0.1666666666666666,0.1800200288945978
fbc_tfnbs,"e=1.4,h=0.5,n=30,start_thres=1.25,min_cluster_size=3",hub,0.25,30,23,40,1730,7,5,33,1725,0.175,0.0028901734104046,0.5833333333333334,0.4166666666666667,0.1800200288945978
fbc_tfnbs,"e=1.4,h=1.0,n=30,start_thres=1.25,min_cluster_size=3",hub,0.25,30,23,40,1730,7,5,33,1725,0.175,0.0028901734104046,0.5833333333333334,0.4166666666666667,0.1800200288945978
fbc_tfnbs,"e=1.4,h=2.0,n=30,start_thres=1.25,min_cluster_size=3",hub,0.25,30,23,40,1730,7,4,33,1726,0.175,0.0023121387283236,0.6363636363636364,0.3636363636363636,0.1800200288945978
fbc_tfnbs,"e=1.4,h=3.0,n=30,start_thres=1.25,min_cluster_size=3",hub,0.25,30,23,40,1730,10,4,30,1726,0.25,0.0023121387283236,0.7142857142857143,0.2857142857142857,0.1800200288945978
fbc_tfnbs,"e=1.4,h=4.0,n=30,start_thres=1.25,min_cluster_size=3",hub,0.25,30,23,40,1730,11,4,29,1726,0.275,0.0023121387283236,0.7333333333333333,0.2666666666666666,0.1800200288945978
fbc_tfnbs,"e=1.4,h=5.0,n=30,start_thres=1.25,min_cluster_size=3",hub,0.25,30,23,40,1730,11,4,29,1726,0.275,0.0023121387283236,0.7333333333333333,0.2666666666666666,0.1800200288945978
fbc_tfnbs,"e=1.4,h=6.0,n=30,start_thres=1.25,min_cluster_size=3",hub,0.25,30,23,40,1730,10,4,30,1726,0.25,0.0023121387283236,0.7142857142857143,0.2857142857142857,0.1800200288945978
fbc_tfnbs,"e=1.4,h=7.0,n=30,start_thres=1.25,min_cluster_size=3",hub,0.25,30,23,40,1730,11,4,29,1726,0.275,0.0023121387283236,0.7333333333333333,0.2666666666666666,0.1800200288945978
fbc_tfnbs,"e=1.4,h=8.0,n=30,start_thres=1.25,min_cluster_size=3",hub,0.25,30,23,40,1730,10,2,30,1728,0.25,0.0011560693641618,0.8333333333333334,0.1666666666666666,0.1800200288945978
fbc_tfnbs,"e=1.4,h=9.0,n=30,start_thres=1.25,min_cluster_size=3",hub,0.25,30,23,40,1730,10,2,30,1728,0.25,0.0011560693641618,0.8333333333333334,0.1666666666666666,0.1800200288945978
fbc_tfnbs,"e=1.4,h=10.0,n=30,start_thres=1.25,min_cluster_size=3",hub,0.25,30,23,40,1730,10,2,30,1728,0.25,0.0011560693641618,0.8333333333333334,0.1666666666666666,0.1800200288945978
fbc_tfnbs,"e=1.5,h=0.5,n=30,start_thres=1.25,min_cluster_size=3",hub,0.25,30,23,40,1730,7,5,33,1725,0.175,0.0028901734104046,0.5833333333333334,0.4166666666666667,0.1800200288945978
fbc_tfnbs,"e=1.5,h=1.0,n=30,start_thres=1.25,min_cluster_size=3",hub,0.25,30,23,40,1730,7,5,33,1725,0.175,0.0028901734104046,0.5833333333333334,0.4166666666666667,0.1800200288945978
fbc_tfnbs,"e=1.5,h=2.0,n=30,start_thres=1.25,min_cluster_size=3",hub,0.25,30,23,40,1730,7,5,33,1725,0.175,0.0028901734104046,0.5833333333333334,0.4166666666666667,0.1800200288945978
fbc_tfnbs,"e=1.5,h=3.0,n=30,start_thres=1.25,min_cluster_size=3",hub,0.25,30,23,40,1730,7,4,33,1726,0.175,0.0023121387283236,0.6363636363636364,0.3636363636363636,0.1800200288945978
fbc_tfnbs,"e=1.5,h=4.0,n=30,start_thres=1.25,min_cluster_size=3",hub,0.25,30,23,40,1730,11,4,29,1726,0.275,0.0023121387283236,0.7333333333333333,0.2666666666666666,0.1800200288945978
fbc_tfnbs,"e=1.5,h=5.0,n=30,start_thres=1.25,min_cluster_size=3",hub,0.25,30,23,40,1730,11,4,29,1726,0.275,0.0023121387283236,0.7333333333333333,0.2666666666666666,0.1800200288945978
fbc_tfnbs,"e=1.5,h=6.0,n=30,start_thres=1.25,min_cluster_size=3",hub,0.25,30,23,40,1730,10,4,30,1726,0.25,0.0023121387283236,0.7142857142857143,0.2857142857142857,0.1800200288945978
fbc_tfnbs,"e=1.5,h=7.0,n=30,start_thres=1.25,min_cluster_size=3",hub,0.25,30,23,40,1730,11,4,29,1726,0.275,0.0023121387283236,0.7333333333333333,0.2666666666666666,0.1800200288945978
fbc_tfnbs,"e=1.5,h=8.0,n=30,start_thres=1.25,min_cluster_size=3",hub,0.25,30,23,40,1730,11,4,29,1726,0.275,0.0023121387283236,0.7333333333333333,0.2666666666666666,0.1800200288945978
fbc_tfnbs,"e=1.5,h=9.0,n=30,start_thres=1.25,min_cluster_size=3",hub,0.25,30,23,40,1730,10,2,30,1728,0.25,0.0011560693641618,0.8333333333333334,0.1666666666666666,0.1800200288945978
fbc_tfnbs,"e=1.5,h=10.0,n=30,start_thres=1.25,min_cluster_size=3",hub,0.25,30,23,40,1730,10,2,30,1728,0.25,0.0011560693641618,0.8333333333333334,0.1666666666666666,0.1800200288945978
fbc_tfnbs,"e=0.05,h=0.5,n=30,start_thres=1.25,min_cluster_size=3",hub,0.25,30,24,40,1730,4,0,36,1730,0.1,0.0,1.0,0.0,0.1743855774402618
fbc_tfnbs,"e=0.05,h=1.0,n=30,start_thres=1.25,min_cluster_size=3",hub,0.25,30,24,40,1730,4,0,36,1730,0.1,0.0,1.0,0.0,0.1743855774402618
fbc_tfnbs,"e=0.05,h=2.0,n=30,start_thres=1.25,min_cluster_size=3",hub,0.25,30,24,40,1730,4,0,36,1730,0.1,0.0,1.0,0.0,0.1743855774402618
fbc_tfnbs,"e=0.05,h=3.0,n=30,start_thres=1.25,min_cluster_size=3",hub,0.25,30,24,40,1730,4,0,36,1730,0.1,0.0,1.0,0.0,0.1743855774402618
fbc_tfnbs,"e=0.05,h=4.0,n=30,start_thres=1.25,min_cluster_size=3",hub,0.25,30,24,40,1730,4,0,36,1730,0.1,0.0,1.0,0.0,0.1743855774402618
fbc_tfnbs,"e=0.05,h=5.0,n=30,start_thres=1.25,min_cluster_size=3",hub,0.25,30,24,40,1730,4,0,36,1730,0.1,0.0,1.0,0.0,0.1743855774402618
fbc_tfnbs,"e=0.05,h=6.0,n=30,start_thres=1.25,min_cluster_size=3",hub,0.25,30,24,40,1730,4,0,36,1730,0.1,0.0,1.0,0.0,0.1743855774402618
fbc_tfnbs,"e=0.05,h=7.0,n=30,start_thres=1.25,min_cluster_size=3",hub,0.25,30,24,40,1730,4,0,36,1730,0.1,0.0,1.0,0.0,0.1743855774402618
fbc_tfnbs,"e=0.05,h=8.0,n=30,start_thres=1.25,min_cluster_size=3",hub,0.25,30,24,40,1730,4,0,36,1730,0.1,0.0,1.0,0.0,0.1743855774402618
fbc_tfnbs,"e=0.05,h=9.0,n=30,start_thres=1.25,min_cluster_size=3",hub,0.25,30,24,40,1730,4,0,36,1730,0.1,0.0,1.0,0.0,0.1743855774402618
fbc_tfnbs,"e=0.05,h=10.0,n=30,start_thres=1.25,min_cluster_size=3",hub,0.25,30,24,40,1730,4,0,36,1730,0.1,0.0,1.0,0.0,0.1743855774402618
fbc_tfnbs,"e=0.1,h=0.5,n=30,start_thres=1.25,min_cluster_size=3",hub,0.25,30,24,40,1730,4,0,36,1730,0.1,0.0,1.0,0.0,0.1743855774402618
fbc_tfnbs,"e=0.1,h=1.0,n=30,start_thres=1.25,min_cluster_size=3",hub,0.25,30,24,40,1730,4,0,36,1730,0.1,0.0,1.0,0.0,0.1743855774402618
fbc_tfnbs,"e=0.1,h=2.0,n=30,start_thres=1.25,min_cluster_size=3",hub,0.25,30,24,40,1730,4,0,36,1730,0.1,0.0,1.0,0.0,0.1743855774402618
fbc_tfnbs,"e=0.1,h=3.0,n=30,start_thres=1.25,min_cluster_size=3",hub,0.25,30,24,40,1730,4,0,36,1730,0.1,0.0,1.0,0.0,0.1743855774402618
fbc_tfnbs,"e=0.1,h=4.0,n=30,start_thres=1.25,min_cluster_size=3",hub,0.25,30,24,40,1730,4,0,36,1730,0.1,0.0,1.0,0.0,0.1743855774402618
fbc_tfnbs,"e=0.1,h=5.0,n=30,start_thres=1.25,min_cluster_size=3",hub,0.25,30,24,40,1730,4,0,36,1730,0.1,0.0,1.0,0.0,0.1743855774402618
fbc_tfnbs,"e=0.1,h=6.0,n=30,start_thres=1.25,min_cluster_size=3",hub,0.25,30,24,40,1730,4,0,36,1730,0.1,0.0,1.0,0.0,0.1743855774402618
fbc_tfnbs,"e=0.1,h=7.0,n=30,start_thres=1.25,min_cluster_size=3",hub,0.25,30,24,40,1730,4,0,36,1730,0.1,0.0,1.0,0.0,0.1743855774402618
fbc_tfnbs,"e=0.1,h=8.0,n=30,start_thres=1.25,min_cluster_size=3",hub,0.25,30,24,40,1730,4,0,36,1730,0.1,0.0,1.0,0.0,0.1743855774402618
fbc_tfnbs,"e=0.1,h=9.0,n=30,start_thres=1.25,min_cluster_size=3",hub,0.25,30,24,40,1730,4,0,36,1730,0.1,0.0,1.0,0.0,0.1743855774402618
fbc_tfnbs,"e=0.1,h=10.0,n=30,start_thres=1.25,min_cluster_size=3",hub,0.25,30,24,40,1730,4,0,36,1730,0.1,0.0,1.0,0.0,0.1743855774402618
fbc_tfnbs,"e=0.2,h=0.5,n=30,start_thres=1.25,min_cluster_size=3",hub,0.25,30,24,40,1730,4,0,36,1730,0.1,0.0,1.0,0.0,0.1743855774402618
fbc_tfnbs,"e=0.2,h=1.0,n=30,start_thres=1.25,min_cluster_size=3",hub,0.25,30,24,40,1730,4,0,36,1730,0.1,0.0,1.0,0.0,0.1743855774402618
fbc_tfnbs,"e=0.2,h=2.0,n=30,start_thres=1.25,min_cluster_size=3",hub,0.25,30,24,40,1730,4,0,36,1730,0.1,0.0,1.0,0.0,0.1743855774402618
fbc_tfnbs,"e=0.2,h=3.0,n=30,start_thres=1.25,min_cluster_size=3",hub,0.25,30,24,40,1730,4,0,36,1730,0.1,0.0,1.0,0.0,0.1743855774402618
fbc_tfnbs,"e=0.2,h=4.0,n=30,start_thres=1.25,min_cluster_size=3",hub,0.25,30,24,40,1730,4,0,36,1730,0.1,0.0,1.0,0.0,0.1743855774402618
fbc_tfnbs,"e=0.2,h=5.0,n=30,start_thres=1.25,min_cluster_size=3",hub,0.25,30,24,40,1730,4,0,36,1730,0.1,0.0,1.0,0.0,0.1743855774402618
fbc_tfnbs,"e=0.2,h=6.0,n=30,start_thres=1.25,min_cluster_size=3",hub,0.25,30,24,40,1730,4,0,36,1730,0.1,0.0,1.0,0.0,0.1743855774402618
fbc_tfnbs,"e=0.2,h=7.0,n=30,start_thres=1.25,min_cluster_size=3",hub,0.25,30,24,40,1730,4,0,36,1730,0.1,0.0,1.0,0.0,0.1743855774402618
fbc_tfnbs,"e=0.2,h=8.0,n=30,start_thres=1.25,min_cluster_size=3",hub,0.25,30,24,40,1730,4,0,36,1730,0.1,0.0,1.0,0.0,0.1743855774402618
fbc_tfnbs,"e=0.2,h=9.0,n=30,start_thres=1.25,min_cluster_size=3",hub,0.25,30,24,40,1730,4,0,36,1730,0.1,0.0,1.0,0.0,0.1743855774402618
fbc_tfnbs,"e=0.2,h=10.0,n=30,start_thres=1.25,min_cluster_size=3",hub,0.25,30,24,40,1730,4,0,36,1730,0.1,0.0,1.0,0.0,0.1743855774402618
fbc_tfnbs,"e=0.3,h=0.5,n=30,start_thres=1.25,min_cluster_size=3",hub,0.25,30,24,40,1730,4,0,36,1730,0.1,0.0,1.0,0.0,0.1743855774402618
fbc_tfnbs,"e=0.3,h=1.0,n=30,start_thres=1.25,min_cluster_size=3",hub,0.25,30,24,40,1730,4,0,36,1730,0.1,0.0,1.0,0.0,0.1743855774402618
fbc_tfnbs,"e=0.3,h=2.0,n=30,start_thres=1.25,min_cluster_size=3",hub,0.25,30,24,40,1730,4,0,36,1730,0.1,0.0,1.0,0.0,0.1743855774402618
fbc_tfnbs,"e=0.3,h=3.0,n=30,start_thres=1.25,min_cluster_size=3",hub,0.25,30,24,40,1730,4,0,36,1730,0.1,0.0,1.0,0.0,0.1743855774402618
fbc_tfnbs,"e=0.3,h=4.0,n=30,start_thres=1.25,min_cluster_size=3",hub,0.25,30,24,40,1730,4,0,36,1730,0.1,0.0,1.0,0.0,0.1743855774402618
fbc_tfnbs,"e=0.3,h=5.0,n=30,start_thres=1.25,min_cluster_size=3",hub,0.25,30,24,40,1730,4,0,36,1730,0.1,0.0,1.0,0.0,0.1743855774402618
fbc_tfnbs,"e=0.3,h=6.0,n=30,start_thres=1.25,min_cluster_size=3",hub,0.25,30,24,40,1730,4,0,36,1730,0.1,0.0,1.0,0.0,0.1743855774402618
fbc_tfnbs,"e=0.3,h=7.0,n=30,start_thres=1.25,min_cluster_size=3",hub,0.25,30,24,40,1730,4,0,36,1730,0.1,0.0,1.0,0.0,0.1743855774402618
fbc_tfnbs,"e=0.3,h=8.0,n=30,start_thres=1.25,min_cluster_size=3",hub,0.25,30,24,40,1730,4,0,36,1730,0.1,0.0,1.0,0.0,0.1743855774402618
fbc_tfnbs,"e=0.3,h=9.0,n=30,start_thres=1.25,min_cluster_size=3",hub,0.25,30,24,40,1730,4,0,36,1730,0.1,0.0,1.0,0.0,0.1743855774402618
fbc_tfnbs,"e=0.3,h=10.0,n=30,start_thres=1.25,min_cluster_size=3",hub,0.25,30,24,40,1730,4,0,36,1730,0.1,0.0,1.0,0.0,0.1743855774402618
fbc_tfnbs,"e=0.4,h=0.5,n=30,start_thres=1.25,min_cluster_size=3",hub,0.25,30,24,40,1730,3,0,37,1730,0.075,0.0,1.0,0.0,0.1743855774402618
fbc_tfnbs,"e=0.4,h=1.0,n=30,start_thres=1.25,min_cluster_size=3",hub,0.25,30,24,40,1730,4,0,36,1730,0.1,0.0,1.0,0.0,0.1743855774402618
fbc_tfnbs,"e=0.4,h=2.0,n=30,start_thres=1.25,min_cluster_size=3",hub,0.25,30,24,40,1730,4,0,36,1730,0.1,0.0,1.0,0.0,0.1743855774402618
fbc_tfnbs,"e=0.4,h=3.0,n=30,start_thres=1.25,min_cluster_size=3",hub,0.25,30,24,40,1730,4,0,36,1730,0.1,0.0,1.0,0.0,0.1743855774402618
fbc_tfnbs,"e=0.4,h=4.0,n=30,start_thres=1.25,min_cluster_size=3",hub,0.25,30,24,40,1730,4,0,36,1730,0.1,0.0,1.0,0.0,0.1743855774402618
fbc_tfnbs,"e=0.4,h=5.0,n=30,start_thres=1.25,min_cluster_size=3",hub,0.25,30,24,40,1730,4,0,36,1730,0.1,0.0,1.0,0.0,0.1743855774402618
fbc_tfnbs,"e=0.4,h=6.0,n=30,start_thres=1.25,min_cluster_size=3",hub,0.25,30,24,40,1730,4,0,36,1730,0.1,0.0,1.0,0.0,0.1743855774402618
fbc_tfnbs,"e=0.4,h=7.0,n=30,start_thres=1.25,min_cluster_size=3",hub,0.25,30,24,40,1730,4,0,36,1730,0.1,0.0,1.0,0.0,0.1743855774402618
fbc_tfnbs,"e=0.4,h=8.0,n=30,start_thres=1.25,min_cluster_size=3",hub,0.25,30,24,40,1730,4,0,36,1730,0.1,0.0,1.0,0.0,0.1743855774402618
fbc_tfnbs,"e=0.4,h=9.0,n=30,start_thres=1.25,min_cluster_size=3",hub,0.25,30,24,40,1730,4,0,36,1730,0.1,0.0,1.0,0.0,0.1743855774402618
fbc_tfnbs,"e=0.4,h=10.0,n=30,start_thres=1.25,min_cluster_size=3",hub,0.25,30,24,40,1730,4,0,36,1730,0.1,0.0,1.0,0.0,0.1743855774402618
fbc_tfnbs,"e=0.5,h=0.5,n=30,start_thres=1.25,min_cluster_size=3",hub,0.25,30,24,40,1730,3,0,37,1730,0.075,0.0,1.0,0.0,0.1743855774402618
fbc_tfnbs,"e=0.5,h=1.0,n=30,start_thres=1.25,min_cluster_size=3",hub,0.25,30,24,40,1730,3,0,37,1730,0.075,0.0,1.0,0.0,0.1743855774402618
fbc_tfnbs,"e=0.5,h=2.0,n=30,start_thres=1.25,min_cluster_size=3",hub,0.25,30,24,40,1730,4,0,36,1730,0.1,0.0,1.0,0.0,0.1743855774402618
fbc_tfnbs,"e=0.5,h=3.0,n=30,start_thres=1.25,min_cluster_size=3",hub,0.25,30,24,40,1730,4,0,36,1730,0.1,0.0,1.0,0.0,0.1743855774402618
fbc_tfnbs,"e=0.5,h=4.0,n=30,start_thres=1.25,min_cluster_size=3",hub,0.25,30,24,40,1730,4,0,36,1730,0.1,0.0,1.0,0.0,0.1743855774402618
fbc_tfnbs,"e=0.5,h=5.0,n=30,start_thres=1.25,min_cluster_size=3",hub,0.25,30,24,40,1730,4,0,36,1730,0.1,0.0,1.0,0.0,0.1743855774402618
fbc_tfnbs,"e=0.5,h=6.0,n=30,start_thres=1.25,min_cluster_size=3",hub,0.25,30,24,40,1730,4,0,36,1730,0.1,0.0,1.0,0.0,0.1743855774402618
fbc_tfnbs,"e=0.5,h=7.0,n=30,start_thres=1.25,min_cluster_size=3",hub,0.25,30,24,40,1730,4,0,36,1730,0.1,0.0,1.0,0.0,0.1743855774402618
fbc_tfnbs,"e=0.5,h=8.0,n=30,start_thres=1.25,min_cluster_size=3",hub,0.25,30,24,40,1730,4,0,36,1730,0.1,0.0,1.0,0.0,0.1743855774402618
fbc_tfnbs,"e=0.5,h=9.0,n=30,start_thres=1.25,min_cluster_size=3",hub,0.25,30,24,40,1730,4,0,36,1730,0.1,0.0,1.0,0.0,0.1743855774402618
fbc_tfnbs,"e=0.5,h=10.0,n=30,start_thres=1.25,min_cluster_size=3",hub,0.25,30,24,40,1730,4,0,36,1730,0.1,0.0,1.0,0.0,0.1743855774402618
fbc_tfnbs,"e=0.6,h=0.5,n=30,start_thres=1.25,min_cluster_size=3",hub,0.25,30,24,40,1730,3,0,37,1730,0.075,0.0,1.0,0.0,0.1743855774402618
fbc_tfnbs,"e=0.6,h=1.0,n=30,start_thres=1.25,min_cluster_size=3",hub,0.25,30,24,40,1730,3,0,37,1730,0.075,0.0,1.0,0.0,0.1743855774402618
fbc_tfnbs,"e=0.6,h=2.0,n=30,start_thres=1.25,min_cluster_size=3",hub,0.25,30,24,40,1730,4,0,36,1730,0.1,0.0,1.0,0.0,0.1743855774402618
fbc_tfnbs,"e=0.6,h=3.0,n=30,start_thres=1.25,min_cluster_size=3",hub,0.25,30,24,40,1730,4,0,36,1730,0.1,0.0,1.0,0.0,0.1743855774402618
fbc_tfnbs,"e=0.6,h=4.0,n=30,start_thres=1.25,min_cluster_size=3",hub,0.25,30,24,40,1730,4,0,36,1730,0.1,0.0,1.0,0.0,0.1743855774402618
fbc_tfnbs,"e=0.6,h=5.0,n=30,start_thres=1.25,min_cluster_size=3",hub,0.25,30,24,40,1730,4,0,36,1730,0.1,0.0,1.0,0.0,0.1743855774402618
fbc_tfnbs,"e=0.6,h=6.0,n=30,start_thres=1.25,min_cluster_size=3",hub,0.25,30,24,40,1730,4,0,36,1730,0.1,0.0,1.0,0.0,0.1743855774402618
fbc_tfnbs,"e=0.6,h=7.0,n=30,start_thres=1.25,min_cluster_size=3",hub,0.25,30,24,40,1730,4,0,36,1730,0.1,0.0,1.0,0.0,0.1743855774402618
fbc_tfnbs,"e=0.6,h=8.0,n=30,start_thres=1.25,min_cluster_size=3",hub,0.25,30,24,40,1730,4,0,36,1730,0.1,0.0,1.0,0.0,0.1743855774402618
fbc_tfnbs,"e=0.6,h=9.0,n=30,start_thres=1.25,min_cluster_size=3",hub,0.25,30,24,40,1730,4,0,36,1730,0.1,0.0,1.0,0.0,0.1743855774402618
fbc_tfnbs,"e=0.6,h=10.0,n=30,start_thres=1.25,min_cluster_size=3",hub,0.25,30,24,40,1730,4,0,36,1730,0.1,0.0,1.0,0.0,0.1743855774402618
fbc_tfnbs,"e=0.7,h=0.5,n=30,start_thres=1.25,min_cluster_size=3",hub,0.25,30,24,40,1730,0,0,40,1730,0.0,0.0,0.0,0.0,0.1743855774402618
fbc_tfnbs,"e=0.7,h=1.0,n=30,start_thres=1.25,min_cluster_size=3",hub,0.25,30,24,40,1730,3,0,37,1730,0.075,0.0,1.0,0.0,0.1743855774402618
fbc_tfnbs,"e=0.7,h=2.0,n=30,start_thres=1.25,min_cluster_size=3",hub,0.25,30,24,40,1730,3,0,37,1730,0.075,0.0,1.0,0.0,0.1743855774402618
fbc_tfnbs,"e=0.7,h=3.0,n=30,start_thres=1.25,min_cluster_size=3",hub,0.25,30,24,40,1730,4,0,36,1730,0.1,0.0,1.0,0.0,0.1743855774402618
fbc_tfnbs,"e=0.7,h=4.0,n=30,start_thres=1.25,min_cluster_size=3",hub,0.25,30,24,40,1730,4,0,36,1730,0.1,0.0,1.0,0.0,0.1743855774402618
fbc_tfnbs,"e=0.7,h=5.0,n=30,start_thres=1.25,min_cluster_size=3",hub,0.25,30,24,40,1730,4,0,36,1730,0.1,0.0,1.0,0.0,0.1743855774402618
fbc_tfnbs,"e=0.7,h=6.0,n=30,start_thres=1.25,min_cluster_size=3",hub,0.25,30,24,40,1730,4,0,36,1730,0.1,0.0,1.0,0.0,0.1743855774402618
fbc_tfnbs,"e=0.7,h=7.0,n=30,start_thres=1.25,min_cluster_size=3",hub,0.25,30,24,40,1730,4,0,36,1730,0.1,0.0,1.0,0.0,0.1743855774402618
fbc_tfnbs,"e=0.7,h=8.0,n=30,start_thres=1.25,min_cluster_size=3",hub,0.25,30,24,40,1730,4,0,36,1730,0.1,0.0,1.0,0.0,0.1743855774402618
fbc_tfnbs,"e=0.7,h=9.0,n=30,start_thres=1.25,min_cluster_size=3",hub,0.25,30,24,40,1730,4,0,36,1730,0.1,0.0,1.0,0.0,0.1743855774402618
fbc_tfnbs,"e=0.7,h=10.0,n=30,start_thres=1.25,min_cluster_size=3",hub,0.25,30,24,40,1730,4,0,36,1730,0.1,0.0,1.0,0.0,0.1743855774402618
fbc_tfnbs,"e=0.8,h=0.5,n=30,start_thres=1.25,min_cluster_size=3",hub,0.25,30,24,40,1730,0,0,40,1730,0.0,0.0,0.0,0.0,0.1743855774402618
fbc_tfnbs,"e=0.8,h=1.0,n=30,start_thres=1.25,min_cluster_size=3",hub,0.25,30,24,40,1730,0,0,40,1730,0.0,0.0,0.0,0.0,0.1743855774402618
fbc_tfnbs,"e=0.8,h=2.0,n=30,start_thres=1.25,min_cluster_size=3",hub,0.25,30,24,40,1730,3,0,37,1730,0.075,0.0,1.0,0.0,0.1743855774402618
fbc_tfnbs,"e=0.8,h=3.0,n=30,start_thres=1.25,min_cluster_size=3",hub,0.25,30,24,40,1730,4,0,36,1730,0.1,0.0,1.0,0.0,0.1743855774402618
fbc_tfnbs,"e=0.8,h=4.0,n=30,start_thres=1.25,min_cluster_size=3",hub,0.25,30,24,40,1730,4,0,36,1730,0.1,0.0,1.0,0.0,0.1743855774402618
fbc_tfnbs,"e=0.8,h=5.0,n=30,start_thres=1.25,min_cluster_size=3",hub,0.25,30,24,40,1730,4,0,36,1730,0.1,0.0,1.0,0.0,0.1743855774402618
fbc_tfnbs,"e=0.8,h=6.0,n=30,start_thres=1.25,min_cluster_size=3",hub,0.25,30,24,40,1730,4,0,36,1730,0.1,0.0,1.0,0.0,0.1743855774402618
fbc_tfnbs,"e=0.8,h=7.0,n=30,start_thres=1.25,min_cluster_size=3",hub,0.25,30,24,40,1730,4,0,36,1730,0.1,0.0,1.0,0.0,0.1743855774402618
fbc_tfnbs,"e=0.8,h=8.0,n=30,start_thres=1.25,min_cluster_size=3",hub,0.25,30,24,40,1730,4,0,36,1730,0.1,0.0,1.0,0.0,0.1743855774402618
fbc_tfnbs,"e=0.8,h=9.0,n=30,start_thres=1.25,min_cluster_size=3",hub,0.25,30,24,40,1730,4,0,36,1730,0.1,0.0,1.0,0.0,0.1743855774402618
fbc_tfnbs,"e=0.8,h=10.0,n=30,start_thres=1.25,min_cluster_size=3",hub,0.25,30,24,40,1730,4,0,36,1730,0.1,0.0,1.0,0.0,0.1743855774402618
fbc_tfnbs,"e=0.9,h=0.5,n=30,start_thres=1.25,min_cluster_size=3",hub,0.25,30,24,40,1730,0,0,40,1730,0.0,0.0,0.0,0.0,0.1743855774402618
fbc_tfnbs,"e=0.9,h=1.0,n=30,start_thres=1.25,min_cluster_size=3",hub,0.25,30,24,40,1730,0,0,40,1730,0.0,0.0,0.0,0.0,0.1743855774402618
fbc_tfnbs,"e=0.9,h=2.0,n=30,start_thres=1.25,min_cluster_size=3",hub,0.25,30,24,40,1730,3,0,37,1730,0.075,0.0,1.0,0.0,0.1743855774402618
fbc_tfnbs,"e=0.9,h=3.0,n=30,start_thres=1.25,min_cluster_size=3",hub,0.25,30,24,40,1730,3,0,37,1730,0.075,0.0,1.0,0.0,0.1743855774402618
fbc_tfnbs,"e=0.9,h=4.0,n=30,start_thres=1.25,min_cluster_size=3",hub,0.25,30,24,40,1730,4,0,36,1730,0.1,0.0,1.0,0.0,0.1743855774402618
fbc_tfnbs,"e=0.9,h=5.0,n=30,start_thres=1.25,min_cluster_size=3",hub,0.25,30,24,40,1730,4,0,36,1730,0.1,0.0,1.0,0.0,0.1743855774402618
fbc_tfnbs,"e=0.9,h=6.0,n=30,start_thres=1.25,min_cluster_size=3",hub,0.25,30,24,40,1730,4,0,36,1730,0.1,0.0,1.0,0.0,0.1743855774402618
fbc_tfnbs,"e=0.9,h=7.0,n=30,start_thres=1.25,min_cluster_size=3",hub,0.25,30,24,40,1730,4,0,36,1730,0.1,0.0,1.0,0.0,0.1743855774402618
fbc_tfnbs,"e=0.9,h=8.0,n=30,start_thres=1.25,min_cluster_size=3",hub,0.25,30,24,40,1730,4,0,36,1730,0.1,0.0,1.0,0.0,0.1743855774402618
fbc_tfnbs,"e=0.9,h=9.0,n=30,start_thres=1.25,min_cluster_size=3",hub,0.25,30,24,40,1730,4,0,36,1730,0.1,0.0,1.0,0.0,0.1743855774402618
fbc_tfnbs,"e=0.9,h=10.0,n=30,start_thres=1.25,min_cluster_size=3",hub,0.25,30,24,40,1730,4,0,36,1730,0.1,0.0,1.0,0.0,0.1743855774402618
fbc_tfnbs,"e=1.0,h=0.5,n=30,start_thres=1.25,min_cluster_size=3",hub,0.25,30,24,40,1730,0,0,40,1730,0.0,0.0,0.0,0.0,0.1743855774402618
fbc_tfnbs,"e=1.0,h=1.0,n=30,start_thres=1.25,min_cluster_size=3",hub,0.25,30,24,40,1730,0,0,40,1730,0.0,0.0,0.0,0.0,0.1743855774402618
fbc_tfnbs,"e=1.0,h=2.0,n=30,start_thres=1.25,min_cluster_size=3",hub,0.25,30,24,40,1730,0,0,40,1730,0.0,0.0,0.0,0.0,0.1743855774402618
fbc_tfnbs,"e=1.0,h=3.0,n=30,start_thres=1.25,min_cluster_size=3",hub,0.25,30,24,40,1730,3,0,37,1730,0.075,0.0,1.0,0.0,0.1743855774402618
fbc_tfnbs,"e=1.0,h=4.0,n=30,start_thres=1.25,min_cluster_size=3",hub,0.25,30,24,40,1730,4,0,36,1730,0.1,0.0,1.0,0.0,0.1743855774402618
fbc_tfnbs,"e=1.0,h=5.0,n=30,start_thres=1.25,min_cluster_size=3",hub,0.25,30,24,40,1730,4,0,36,1730,0.1,0.0,1.0,0.0,0.1743855774402618
fbc_tfnbs,"e=1.0,h=6.0,n=30,start_thres=1.25,min_cluster_size=3",hub,0.25,30,24,40,1730,4,0,36,1730,0.1,0.0,1.0,0.0,0.1743855774402618
fbc_tfnbs,"e=1.0,h=7.0,n=30,start_thres=1.25,min_cluster_size=3",hub,0.25,30,24,40,1730,4,0,36,1730,0.1,0.0,1.0,0.0,0.1743855774402618
fbc_tfnbs,"e=1.0,h=8.0,n=30,start_thres=1.25,min_cluster_size=3",hub,0.25,30,24,40,1730,4,0,36,1730,0.1,0.0,1.0,0.0,0.1743855774402618
fbc_tfnbs,"e=1.0,h=9.0,n=30,start_thres=1.25,min_cluster_size=3",hub,0.25,30,24,40,1730,4,0,36,1730,0.1,0.0,1.0,0.0,0.1743855774402618
fbc_tfnbs,"e=1.0,h=10.0,n=30,start_thres=1.25,min_cluster_size=3",hub,0.25,30,24,40,1730,4,0,36,1730,0.1,0.0,1.0,0.0,0.1743855774402618
fbc_tfnbs,"e=1.1,h=0.5,n=30,start_thres=1.25,min_cluster_size=3",hub,0.25,30,24,40,1730,0,0,40,1730,0.0,0.0,0.0,0.0,0.1743855774402618
fbc_tfnbs,"e=1.1,h=1.0,n=30,start_thres=1.25,min_cluster_size=3",hub,0.25,30,24,40,1730,0,0,40,1730,0.0,0.0,0.0,0.0,0.1743855774402618
fbc_tfnbs,"e=1.1,h=2.0,n=30,start_thres=1.25,min_cluster_size=3",hub,0.25,30,24,40,1730,0,0,40,1730,0.0,0.0,0.0,0.0,0.1743855774402618
fbc_tfnbs,"e=1.1,h=3.0,n=30,start_thres=1.25,min_cluster_size=3",hub,0.25,30,24,40,1730,3,0,37,1730,0.075,0.0,1.0,0.0,0.1743855774402618
fbc_tfnbs,"e=1.1,h=4.0,n=30,start_thres=1.25,min_cluster_size=3",hub,0.25,30,24,40,1730,3,0,37,1730,0.075,0.0,1.0,0.0,0.1743855774402618
fbc_tfnbs,"e=1.1,h=5.0,n=30,start_thres=1.25,min_cluster_size=3",hub,0.25,30,24,40,1730,4,0,36,1730,0.1,0.0,1.0,0.0,0.1743855774402618
fbc_tfnbs,"e=1.1,h=6.0,n=30,start_thres=1.25,min_cluster_size=3",hub,0.25,30,24,40,1730,4,0,36,1730,0.1,0.0,1.0,0.0,0.1743855774402618
fbc_tfnbs,"e=1.1,h=7.0,n=30,start_thres=1.25,min_cluster_size=3",hub,0.25,30,24,40,1730,4,0,36,1730,0.1,0.0,1.0,0.0,0.1743855774402618
fbc_tfnbs,"e=1.1,h=8.0,n=30,start_thres=1.25,min_cluster_size=3",hub,0.25,30,24,40,1730,4,0,36,1730,0.1,0.0,1.0,0.0,0.1743855774402618
fbc_tfnbs,"e=1.1,h=9.0,n=30,start_thres=1.25,min_cluster_size=3",hub,0.25,30,24,40,1730,4,0,36,1730,0.1,0.0,1.0,0.0,0.1743855774402618
fbc_tfnbs,"e=1.1,h=10.0,n=30,start_thres=1.25,min_cluster_size=3",hub,0.25,30,24,40,1730,4,0,36,1730,0.1,0.0,1.0,0.0,0.1743855774402618
fbc_tfnbs,"e=1.2,h=0.5,n=30,start_thres=1.25,min_cluster_size=3",hub,0.25,30,24,40,1730,0,0,40,1730,0.0,0.0,0.0,0.0,0.1743855774402618
fbc_tfnbs,"e=1.2,h=1.0,n=30,start_thres=1.25,min_cluster_size=3",hub,0.25,30,24,40,1730,0,0,40,1730,0.0,0.0,0.0,0.0,0.1743855774402618
fbc_tfnbs,"e=1.2,h=2.0,n=30,start_thres=1.25,min_cluster_size=3",hub,0.25,30,24,40,1730,0,0,40,1730,0.0,0.0,0.0,0.0,0.1743855774402618
fbc_tfnbs,"e=1.2,h=3.0,n=30,start_thres=1.25,min_cluster_size=3",hub,0.25,30,24,40,1730,0,0,40,1730,0.0,0.0,0.0,0.0,0.1743855774402618
fbc_tfnbs,"e=1.2,h=4.0,n=30,start_thres=1.25,min_cluster_size=3",hub,0.25,30,24,40,1730,3,0,37,1730,0.075,0.0,1.0,0.0,0.1743855774402618
fbc_tfnbs,"e=1.2,h=5.0,n=30,start_thres=1.25,min_cluster_size=3",hub,0.25,30,24,40,1730,4,0,36,1730,0.1,0.0,1.0,0.0,0.1743855774402618
fbc_tfnbs,"e=1.2,h=6.0,n=30,start_thres=1.25,min_cluster_size=3",hub,0.25,30,24,40,1730,4,0,36,1730,0.1,0.0,1.0,0.0,0.1743855774402618
fbc_tfnbs,"e=1.2,h=7.0,n=30,start_thres=1.25,min_cluster_size=3",hub,0.25,30,24,40,1730,4,0,36,1730,0.1,0.0,1.0,0.0,0.1743855774402618
fbc_tfnbs,"e=1.2,h=8.0,n=30,start_thres=1.25,min_cluster_size=3",hub,0.25,30,24,40,1730,4,0,36,1730,0.1,0.0,1.0,0.0,0.1743855774402618
fbc_tfnbs,"e=1.2,h=9.0,n=30,start_thres=1.25,min_cluster_size=3",hub,0.25,30,24,40,1730,4,0,36,1730,0.1,0.0,1.0,0.0,0.1743855774402618
fbc_tfnbs,"e=1.2,h=10.0,n=30,start_thres=1.25,min_cluster_size=3",hub,0.25,30,24,40,1730,4,0,36,1730,0.1,0.0,1.0,0.0,0.1743855774402618
fbc_tfnbs,"e=1.3,h=0.5,n=30,start_thres=1.25,min_cluster_size=3",hub,0.25,30,24,40,1730,0,0,40,1730,0.0,0.0,0.0,0.0,0.1743855774402618
fbc_tfnbs,"e=1.3,h=1.0,n=30,start_thres=1.25,min_cluster_size=3",hub,0.25,30,24,40,1730,0,0,40,1730,0.0,0.0,0.0,0.0,0.1743855774402618
fbc_tfnbs,"e=1.3,h=2.0,n=30,start_thres=1.25,min_cluster_size=3",hub,0.25,30,24,40,1730,0,0,40,1730,0.0,0.0,0.0,0.0,0.1743855774402618
fbc_tfnbs,"e=1.3,h=3.0,n=30,start_thres=1.25,min_cluster_size=3",hub,0.25,30,24,40,1730,0,0,40,1730,0.0,0.0,0.0,0.0,0.1743855774402618
fbc_tfnbs,"e=1.3,h=4.0,n=30,start_thres=1.25,min_cluster_size=3",hub,0.25,30,24,40,1730,3,0,37,1730,0.075,0.0,1.0,0.0,0.1743855774402618
fbc_tfnbs,"e=1.3,h=5.0,n=30,start_thres=1.25,min_cluster_size=3",hub,0.25,30,24,40,1730,3,0,37,1730,0.075,0.0,1.0,0.0,0.1743855774402618
fbc_tfnbs,"e=1.3,h=6.0,n=30,start_thres=1.25,min_cluster_size=3",hub,0.25,30,24,40,1730,4,0,36,1730,0.1,0.0,1.0,0.0,0.1743855774402618
fbc_tfnbs,"e=1.3,h=7.0,n=30,start_thres=1.25,min_cluster_size=3",hub,0.25,30,24,40,1730,4,0,36,1730,0.1,0.0,1.0,0.0,0.1743855774402618
fbc_tfnbs,"e=1.3,h=8.0,n=30,start_thres=1.25,min_cluster_size=3",hub,0.25,30,24,40,1730,4,0,36,1730,0.1,0.0,1.0,0.0,0.1743855774402618
fbc_tfnbs,"e=1.3,h=9.0,n=30,start_thres=1.25,min_cluster_size=3",hub,0.25,30,24,40,1730,4,0,36,1730,0.1,0.0,1.0,0.0,0.1743855774402618
fbc_tfnbs,"e=1.3,h=10.0,n=30,start_thres=1.25,min_cluster_size=3",hub,0.25,30,24,40,1730,4,0,36,1730,0.1,0.0,1.0,0.0,0.1743855774402618
fbc_tfnbs,"e=1.4,h=0.5,n=30,start_thres=1.25,min_cluster_size=3",hub,0.25,30,24,40,1730,0,0,40,1730,0.0,0.0,0.0,0.0,0.1743855774402618
fbc_tfnbs,"e=1.4,h=1.0,n=30,start_thres=1.25,min_cluster_size=3",hub,0.25,30,24,40,1730,0,0,40,1730,0.0,0.0,0.0,0.0,0.1743855774402618
fbc_tfnbs,"e=1.4,h=2.0,n=30,start_thres=1.25,min_cluster_size=3",hub,0.25,30,24,40,1730,0,0,40,1730,0.0,0.0,0.0,0.0,0.1743855774402618
fbc_tfnbs,"e=1.4,h=3.0,n=30,start_thres=1.25,min_cluster_size=3",hub,0.25,30,24,40,1730,0,0,40,1730,0.0,0.0,0.0,0.0,0.1743855774402618
fbc_tfnbs,"e=1.4,h=4.0,n=30,start_thres=1.25,min_cluster_size=3",hub,0.25,30,24,40,1730,0,0,40,1730,0.0,0.0,0.0,0.0,0.1743855774402618
fbc_tfnbs,"e=1.4,h=5.0,n=30,start_thres=1.25,min_cluster_size=3",hub,0.25,30,24,40,1730,3,0,37,1730,0.075,0.0,1.0,0.0,0.1743855774402618
fbc_tfnbs,"e=1.4,h=6.0,n=30,start_thres=1.25,min_cluster_size=3",hub,0.25,30,24,40,1730,4,0,36,1730,0.1,0.0,1.0,0.0,0.1743855774402618
fbc_tfnbs,"e=1.4,h=7.0,n=30,start_thres=1.25,min_cluster_size=3",hub,0.25,30,24,40,1730,4,0,36,1730,0.1,0.0,1.0,0.0,0.1743855774402618
fbc_tfnbs,"e=1.4,h=8.0,n=30,start_thres=1.25,min_cluster_size=3",hub,0.25,30,24,40,1730,4,0,36,1730,0.1,0.0,1.0,0.0,0.1743855774402618
fbc_tfnbs,"e=1.4,h=9.0,n=30,start_thres=1.25,min_cluster_size=3",hub,0.25,30,24,40,1730,4,0,36,1730,0.1,0.0,1.0,0.0,0.1743855774402618
fbc_tfnbs,"e=1.4,h=10.0,n=30,start_thres=1.25,min_cluster_size=3",hub,0.25,30,24,40,1730,4,0,36,1730,0.1,0.0,1.0,0.0,0.1743855774402618
fbc_tfnbs,"e=1.5,h=0.5,n=30,start_thres=1.25,min_cluster_size=3",hub,0.25,30,24,40,1730,0,0,40,1730,0.0,0.0,0.0,0.0,0.1743855774402618
fbc_tfnbs,"e=1.5,h=1.0,n=30,start_thres=1.25,min_cluster_size=3",hub,0.25,30,24,40,1730,0,0,40,1730,0.0,0.0,0.0,0.0,0.1743855774402618
fbc_tfnbs,"e=1.5,h=2.0,n=30,start_thres=1.25,min_cluster_size=3",hub,0.25,30,24,40,1730,0,0,40,1730,0.0,0.0,0.0,0.0,0.1743855774402618
fbc_tfnbs,"e=1.5,h=3.0,n=30,start_thres=1.25,min_cluster_size=3",hub,0.25,30,24,40,1730,0,0,40,1730,0.0,0.0,0.0,0.0,0.1743855774402618
fbc_tfnbs,"e=1.5,h=4.0,n=30,start_thres=1.25,min_cluster_size=3",hub,0.25,30,24,40,1730,0,0,40,1730,0.0,0.0,0.0,0.0,0.1743855774402618
fbc_tfnbs,"e=1.5,h=5.0,n=30,start_thres=1.25,min_cluster_size=3",hub,0.25,30,24,40,1730,3,0,37,1730,0.075,0.0,1.0,0.0,0.1743855774402618
fbc_tfnbs,"e=1.5,h=6.0,n=30,start_thres=1.25,min_cluster_size=3",hub,0.25,30,24,40,1730,4,0,36,1730,0.1,0.0,1.0,0.0,0.1743855774402618
fbc_tfnbs,"e=1.5,h=7.0,n=30,start_thres=1.25,min_cluster_size=3",hub,0.25,30,24,40,1730,4,0,36,1730,0.1,0.0,1.0,0.0,0.1743855774402618
fbc_tfnbs,"e=1.5,h=8.0,n=30,start_thres=1.25,min_cluster_size=3",hub,0.25,30,24,40,1730,4,0,36,1730,0.1,0.0,1.0,0.0,0.1743855774402618
fbc_tfnbs,"e=1.5,h=9.0,n=30,start_thres=1.25,min_cluster_size=3",hub,0.25,30,24,40,1730,4,0,36,1730,0.1,0.0,1.0,0.0,0.1743855774402618
fbc_tfnbs,"e=1.5,h=10.0,n=30,start_thres=1.25,min_cluster_size=3",hub,0.25,30,24,40,1730,4,0,36,1730,0.1,0.0,1.0,0.0,0.1743855774402618
fbc_tfnbs,"e=0.05,h=0.5,n=30,start_thres=1.25,min_cluster_size=3",hub,0.25,30,25,40,1730,7,2,33,1728,0.175,0.0011560693641618,0.7777777777777778,0.2222222222222222,0.1809515140273354
fbc_tfnbs,"e=0.05,h=1.0,n=30,start_thres=1.25,min_cluster_size=3",hub,0.25,30,25,40,1730,7,2,33,1728,0.175,0.0011560693641618,0.7777777777777778,0.2222222222222222,0.1809515140273354
fbc_tfnbs,"e=0.05,h=2.0,n=30,start_thres=1.25,min_cluster_size=3",hub,0.25,30,25,40,1730,7,2,33,1728,0.175,0.0011560693641618,0.7777777777777778,0.2222222222222222,0.1809515140273354
fbc_tfnbs,"e=0.05,h=3.0,n=30,start_thres=1.25,min_cluster_size=3",hub,0.25,30,25,40,1730,7,2,33,1728,0.175,0.0011560693641618,0.7777777777777778,0.2222222222222222,0.1809515140273354
fbc_tfnbs,"e=0.05,h=4.0,n=30,start_thres=1.25,min_cluster_size=3",hub,0.25,30,25,40,1730,7,2,33,1728,0.175,0.0011560693641618,0.7777777777777778,0.2222222222222222,0.1809515140273354
fbc_tfnbs,"e=0.05,h=5.0,n=30,start_thres=1.25,min_cluster_size=3",hub,0.25,30,25,40,1730,7,2,33,1728,0.175,0.0011560693641618,0.7777777777777778,0.2222222222222222,0.1809515140273354
fbc_tfnbs,"e=0.05,h=6.0,n=30,start_thres=1.25,min_cluster_size=3",hub,0.25,30,25,40,1730,7,2,33,1728,0.175,0.0011560693641618,0.7777777777777778,0.2222222222222222,0.1809515140273354
fbc_tfnbs,"e=0.05,h=7.0,n=30,start_thres=1.25,min_cluster_size=3",hub,0.25,30,25,40,1730,7,2,33,1728,0.175,0.0011560693641618,0.7777777777777778,0.2222222222222222,0.1809515140273354
fbc_tfnbs,"e=0.05,h=8.0,n=30,start_thres=1.25,min_cluster_size=3",hub,0.25,30,25,40,1730,7,2,33,1728,0.175,0.0011560693641618,0.7777777777777778,0.2222222222222222,0.1809515140273354
fbc_tfnbs,"e=0.05,h=9.0,n=30,start_thres=1.25,min_cluster_size=3",hub,0.25,30,25,40,1730,7,2,33,1728,0.175,0.0011560693641618,0.7777777777777778,0.2222222222222222,0.1809515140273354
fbc_tfnbs,"e=0.05,h=10.0,n=30,start_thres=1.25,min_cluster_size=3",hub,0.25,30,25,40,1730,7,2,33,1728,0.175,0.0011560693641618,0.7777777777777778,0.2222222222222222,0.1809515140273354
fbc_tfnbs,"e=0.1,h=0.5,n=30,start_thres=1.25,min_cluster_size=3",hub,0.25,30,25,40,1730,7,2,33,1728,0.175,0.0011560693641618,0.7777777777777778,0.2222222222222222,0.1809515140273354
fbc_tfnbs,"e=0.1,h=1.0,n=30,start_thres=1.25,min_cluster_size=3",hub,0.25,30,25,40,1730,7,2,33,1728,0.175,0.0011560693641618,0.7777777777777778,0.2222222222222222,0.1809515140273354
fbc_tfnbs,"e=0.1,h=2.0,n=30,start_thres=1.25,min_cluster_size=3",hub,0.25,30,25,40,1730,7,2,33,1728,0.175,0.0011560693641618,0.7777777777777778,0.2222222222222222,0.1809515140273354
fbc_tfnbs,"e=0.1,h=3.0,n=30,start_thres=1.25,min_cluster_size=3",hub,0.25,30,25,40,1730,7,2,33,1728,0.175,0.0011560693641618,0.7777777777777778,0.2222222222222222,0.1809515140273354
fbc_tfnbs,"e=0.1,h=4.0,n=30,start_thres=1.25,min_cluster_size=3",hub,0.25,30,25,40,1730,7,2,33,1728,0.175,0.0011560693641618,0.7777777777777778,0.2222222222222222,0.1809515140273354
fbc_tfnbs,"e=0.1,h=5.0,n=30,start_thres=1.25,min_cluster_size=3",hub,0.25,30,25,40,1730,7,2,33,1728,0.175,0.0011560693641618,0.7777777777777778,0.2222222222222222,0.1809515140273354
fbc_tfnbs,"e=0.1,h=6.0,n=30,start_thres=1.25,min_cluster_size=3",hub,0.25,30,25,40,1730,7,2,33,1728,0.175,0.0011560693641618,0.7777777777777778,0.2222222222222222,0.1809515140273354
fbc_tfnbs,"e=0.1,h=7.0,n=30,start_thres=1.25,min_cluster_size=3",hub,0.25,30,25,40,1730,7,2,33,1728,0.175,0.0011560693641618,0.7777777777777778,0.2222222222222222,0.1809515140273354
fbc_tfnbs,"e=0.1,h=8.0,n=30,start_thres=1.25,min_cluster_size=3",hub,0.25,30,25,40,1730,7,2,33,1728,0.175,0.0011560693641618,0.7777777777777778,0.2222222222222222,0.1809515140273354
fbc_tfnbs,"e=0.1,h=9.0,n=30,start_thres=1.25,min_cluster_size=3",hub,0.25,30,25,40,1730,7,2,33,1728,0.175,0.0011560693641618,0.7777777777777778,0.2222222222222222,0.1809515140273354
fbc_tfnbs,"e=0.1,h=10.0,n=30,start_thres=1.25,min_cluster_size=3",hub,0.25,30,25,40,1730,7,2,33,1728,0.175,0.0011560693641618,0.7777777777777778,0.2222222222222222,0.1809515140273354
fbc_tfnbs,"e=0.2,h=0.5,n=30,start_thres=1.25,min_cluster_size=3",hub,0.25,30,25,40,1730,7,2,33,1728,0.175,0.0011560693641618,0.7777777777777778,0.2222222222222222,0.1809515140273354
fbc_tfnbs,"e=0.2,h=1.0,n=30,start_thres=1.25,min_cluster_size=3",hub,0.25,30,25,40,1730,7,2,33,1728,0.175,0.0011560693641618,0.7777777777777778,0.2222222222222222,0.1809515140273354
fbc_tfnbs,"e=0.2,h=2.0,n=30,start_thres=1.25,min_cluster_size=3",hub,0.25,30,25,40,1730,8,2,32,1728,0.2,0.0011560693641618,0.8,0.2,0.1809515140273354
fbc_tfnbs,"e=0.2,h=3.0,n=30,start_thres=1.25,min_cluster_size=3",hub,0.25,30,25,40,1730,8,2,32,1728,0.2,0.0011560693641618,0.8,0.2,0.1809515140273354
fbc_tfnbs,"e=0.2,h=4.0,n=30,start_thres=1.25,min_cluster_size=3",hub,0.25,30,25,40,1730,8,2,32,1728,0.2,0.0011560693641618,0.8,0.2,0.1809515140273354
fbc_tfnbs,"e=0.2,h=5.0,n=30,start_thres=1.25,min_cluster_size=3",hub,0.25,30,25,40,1730,8,2,32,1728,0.2,0.0011560693641618,0.8,0.2,0.1809515140273354
fbc_tfnbs,"e=0.2,h=6.0,n=30,start_thres=1.25,min_cluster_size=3",hub,0.25,30,25,40,1730,7,2,33,1728,0.175,0.0011560693641618,0.7777777777777778,0.2222222222222222,0.1809515140273354
fbc_tfnbs,"e=0.2,h=7.0,n=30,start_thres=1.25,min_cluster_size=3",hub,0.25,30,25,40,1730,7,2,33,1728,0.175,0.0011560693641618,0.7777777777777778,0.2222222222222222,0.1809515140273354
fbc_tfnbs,"e=0.2,h=8.0,n=30,start_thres=1.25,min_cluster_size=3",hub,0.25,30,25,40,1730,7,2,33,1728,0.175,0.0011560693641618,0.7777777777777778,0.2222222222222222,0.1809515140273354
fbc_tfnbs,"e=0.2,h=9.0,n=30,start_thres=1.25,min_cluster_size=3",hub,0.25,30,25,40,1730,7,2,33,1728,0.175,0.0011560693641618,0.7777777777777778,0.2222222222222222,0.1809515140273354
fbc_tfnbs,"e=0.2,h=10.0,n=30,start_thres=1.25,min_cluster_size=3",hub,0.25,30,25,40,1730,7,2,33,1728,0.175,0.0011560693641618,0.7777777777777778,0.2222222222222222,0.1809515140273354
fbc_tfnbs,"e=0.3,h=0.5,n=30,start_thres=1.25,min_cluster_size=3",hub,0.25,30,25,40,1730,6,2,34,1728,0.15,0.0011560693641618,0.75,0.25,0.1809515140273354
fbc_tfnbs,"e=0.3,h=1.0,n=30,start_thres=1.25,min_cluster_size=3",hub,0.25,30,25,40,1730,8,2,32,1728,0.2,0.0011560693641618,0.8,0.2,0.1809515140273354
fbc_tfnbs,"e=0.3,h=2.0,n=30,start_thres=1.25,min_cluster_size=3",hub,0.25,30,25,40,1730,8,2,32,1728,0.2,0.0011560693641618,0.8,0.2,0.1809515140273354
fbc_tfnbs,"e=0.3,h=3.0,n=30,start_thres=1.25,min_cluster_size=3",hub,0.25,30,25,40,1730,8,2,32,1728,0.2,0.0011560693641618,0.8,0.2,0.1809515140273354
fbc_tfnbs,"e=0.3,h=4.0,n=30,start_thres=1.25,min_cluster_size=3",hub,0.25,30,25,40,1730,8,2,32,1728,0.2,0.0011560693641618,0.8,0.2,0.1809515140273354
fbc_tfnbs,"e=0.3,h=5.0,n=30,start_thres=1.25,min_cluster_size=3",hub,0.25,30,25,40,1730,8,2,32,1728,0.2,0.0011560693641618,0.8,0.2,0.1809515140273354
fbc_tfnbs,"e=0.3,h=6.0,n=30,start_thres=1.25,min_cluster_size=3",hub,0.25,30,25,40,1730,8,2,32,1728,0.2,0.0011560693641618,0.8,0.2,0.1809515140273354
fbc_tfnbs,"e=0.3,h=7.0,n=30,start_thres=1.25,min_cluster_size=3",hub,0.25,30,25,40,1730,8,2,32,1728,0.2,0.0011560693641618,0.8,0.2,0.1809515140273354
fbc_tfnbs,"e=0.3,h=8.0,n=30,start_thres=1.25,min_cluster_size=3",hub,0.25,30,25,40,1730,8,2,32,1728,0.2,0.0011560693641618,0.8,0.2,0.1809515140273354
fbc_tfnbs,"e=0.3,h=9.0,n=30,start_thres=1.25,min_cluster_size=3",hub,0.25,30,25,40,1730,8,2,32,1728,0.2,0.0011560693641618,0.8,0.2,0.1809515140273354
fbc_tfnbs,"e=0.3,h=10.0,n=30,start_thres=1.25,min_cluster_size=3",hub,0.25,30,25,40,1730,7,2,33,1728,0.175,0.0011560693641618,0.7777777777777778,0.2222222222222222,0.1809515140273354
fbc_tfnbs,"e=0.4,h=0.5,n=30,start_thres=1.25,min_cluster_size=3",hub,0.25,30,25,40,1730,6,2,34,1728,0.15,0.0011560693641618,0.75,0.25,0.1809515140273354
fbc_tfnbs,"e=0.4,h=1.0,n=30,start_thres=1.25,min_cluster_size=3",hub,0.25,30,25,40,1730,7,2,33,1728,0.175,0.0011560693641618,0.7777777777777778,0.2222222222222222,0.1809515140273354
fbc_tfnbs,"e=0.4,h=2.0,n=30,start_thres=1.25,min_cluster_size=3",hub,0.25,30,25,40,1730,8,2,32,1728,0.2,0.0011560693641618,0.8,0.2,0.1809515140273354
fbc_tfnbs,"e=0.4,h=3.0,n=30,start_thres=1.25,min_cluster_size=3",hub,0.25,30,25,40,1730,8,2,32,1728,0.2,0.0011560693641618,0.8,0.2,0.1809515140273354
fbc_tfnbs,"e=0.4,h=4.0,n=30,start_thres=1.25,min_cluster_size=3",hub,0.25,30,25,40,1730,8,2,32,1728,0.2,0.0011560693641618,0.8,0.2,0.1809515140273354
fbc_tfnbs,"e=0.4,h=5.0,n=30,start_thres=1.25,min_cluster_size=3",hub,0.25,30,25,40,1730,8,2,32,1728,0.2,0.0011560693641618,0.8,0.2,0.1809515140273354
fbc_tfnbs,"e=0.4,h=6.0,n=30,start_thres=1.25,min_cluster_size=3",hub,0.25,30,25,40,1730,8,2,32,1728,0.2,0.0011560693641618,0.8,0.2,0.1809515140273354
fbc_tfnbs,"e=0.4,h=7.0,n=30,start_thres=1.25,min_cluster_size=3",hub,0.25,30,25,40,1730,8,2,32,1728,0.2,0.0011560693641618,0.8,0.2,0.1809515140273354
fbc_tfnbs,"e=0.4,h=8.0,n=30,start_thres=1.25,min_cluster_size=3",hub,0.25,30,25,40,1730,8,2,32,1728,0.2,0.0011560693641618,0.8,0.2,0.1809515140273354
fbc_tfnbs,"e=0.4,h=9.0,n=30,start_thres=1.25,min_cluster_size=3",hub,0.25,30,25,40,1730,8,2,32,1728,0.2,0.0011560693641618,0.8,0.2,0.1809515140273354
fbc_tfnbs,"e=0.4,h=10.0,n=30,start_thres=1.25,min_cluster_size=3",hub,0.25,30,25,40,1730,8,2,32,1728,0.2,0.0011560693641618,0.8,0.2,0.1809515140273354
fbc_tfnbs,"e=0.5,h=0.5,n=30,start_thres=1.25,min_cluster_size=3",hub,0.25,30,25,40,1730,3,2,37,1728,0.075,0.0011560693641618,0.6,0.4,0.1809515140273354
fbc_tfnbs,"e=0.5,h=1.0,n=30,start_thres=1.25,min_cluster_size=3",hub,0.25,30,25,40,1730,3,2,37,1728,0.075,0.0011560693641618,0.6,0.4,0.1809515140273354
fbc_tfnbs,"e=0.5,h=2.0,n=30,start_thres=1.25,min_cluster_size=3",hub,0.25,30,25,40,1730,8,2,32,1728,0.2,0.0011560693641618,0.8,0.2,0.1809515140273354
fbc_tfnbs,"e=0.5,h=3.0,n=30,start_thres=1.25,min_cluster_size=3",hub,0.25,30,25,40,1730,8,2,32,1728,0.2,0.0011560693641618,0.8,0.2,0.1809515140273354
fbc_tfnbs,"e=0.5,h=4.0,n=30,start_thres=1.25,min_cluster_size=3",hub,0.25,30,25,40,1730,8,2,32,1728,0.2,0.0011560693641618,0.8,0.2,0.1809515140273354
fbc_tfnbs,"e=0.5,h=5.0,n=30,start_thres=1.25,min_cluster_size=3",hub,0.25,30,25,40,1730,8,2,32,1728,0.2,0.0011560693641618,0.8,0.2,0.1809515140273354
fbc_tfnbs,"e=0.5,h=6.0,n=30,start_thres=1.25,min_cluster_size=3",hub,0.25,30,25,40,1730,8,2,32,1728,0.2,0.0011560693641618,0.8,0.2,0.1809515140273354
fbc_tfnbs,"e=0.5,h=7.0,n=30,start_thres=1.25,min_cluster_size=3",hub,0.25,30,25,40,1730,8,2,32,1728,0.2,0.0011560693641618,0.8,0.2,0.1809515140273354
fbc_tfnbs,"e=0.5,h=8.0,n=30,start_thres=1.25,min_cluster_size=3",hub,0.25,30,25,40,1730,9,2,31,1728,0.225,0.0011560693641618,0.8181818181818182,0.1818181818181818,0.1809515140273354
fbc_tfnbs,"e=0.5,h=9.0,n=30,start_thres=1.25,min_cluster_size=3",hub,0.25,30,25,40,1730,9,2,31,1728,0.225,0.0011560693641618,0.8181818181818182,0.1818181818181818,0.1809515140273354
fbc_tfnbs,"e=0.5,h=10.0,n=30,start_thres=1.25,min_cluster_size=3",hub,0.25,30,25,40,1730,9,2,31,1728,0.225,0.0011560693641618,0.8181818181818182,0.1818181818181818,0.1809515140273354
fbc_tfnbs,"e=0.6,h=0.5,n=30,start_thres=1.25,min_cluster_size=3",hub,0.25,30,25,40,1730,3,2,37,1728,0.075,0.0011560693641618,0.6,0.4,0.1809515140273354
fbc_tfnbs,"e=0.6,h=1.0,n=30,start_thres=1.25,min_cluster_size=3",hub,0.25,30,25,40,1730,3,2,37,1728,0.075,0.0011560693641618,0.6,0.4,0.1809515140273354
fbc_tfnbs,"e=0.6,h=2.0,n=30,start_thres=1.25,min_cluster_size=3",hub,0.25,30,25,40,1730,6,2,34,1728,0.15,0.0011560693641618,0.75,0.25,0.1809515140273354
fbc_tfnbs,"e=0.6,h=3.0,n=30,start_thres=1.25,min_cluster_size=3",hub,0.25,30,25,40,1730,8,2,32,1728,0.2,0.0011560693641618,0.8,0.2,0.1809515140273354
fbc_tfnbs,"e=0.6,h=4.0,n=30,start_thres=1.25,min_cluster_size=3",hub,0.25,30,25,40,1730,8,2,32,1728,0.2,0.0011560693641618,0.8,0.2,0.1809515140273354
fbc_tfnbs,"e=0.6,h=5.0,n=30,start_thres=1.25,min_cluster_size=3",hub,0.25,30,25,40,1730,8,2,32,1728,0.2,0.0011560693641618,0.8,0.2,0.1809515140273354
fbc_tfnbs,"e=0.6,h=6.0,n=30,start_thres=1.25,min_cluster_size=3",hub,0.25,30,25,40,1730,9,2,31,1728,0.225,0.0011560693641618,0.8181818181818182,0.1818181818181818,0.1809515140273354
fbc_tfnbs,"e=0.6,h=7.0,n=30,start_thres=1.25,min_cluster_size=3",hub,0.25,30,25,40,1730,9,2,31,1728,0.225,0.0011560693641618,0.8181818181818182,0.1818181818181818,0.1809515140273354
fbc_tfnbs,"e=0.6,h=8.0,n=30,start_thres=1.25,min_cluster_size=3",hub,0.25,30,25,40,1730,9,2,31,1728,0.225,0.0011560693641618,0.8181818181818182,0.1818181818181818,0.1809515140273354
fbc_tfnbs,"e=0.6,h=9.0,n=30,start_thres=1.25,min_cluster_size=3",hub,0.25,30,25,40,1730,9,2,31,1728,0.225,0.0011560693641618,0.8181818181818182,0.1818181818181818,0.1809515140273354
fbc_tfnbs,"e=0.6,h=10.0,n=30,start_thres=1.25,min_cluster_size=3",hub,0.25,30,25,40,1730,9,2,31,1728,0.225,0.0011560693641618,0.8181818181818182,0.1818181818181818,0.1809515140273354
fbc_tfnbs,"e=0.7,h=0.5,n=30,start_thres=1.25,min_cluster_size=3",hub,0.25,30,25,40,1730,3,2,37,1728,0.075,0.0011560693641618,0.6,0.4,0.1809515140273354
fbc_tfnbs,"e=0.7,h=1.0,n=30,start_thres=1.25,min_cluster_size=3",hub,0.25,30,25,40,1730,3,2,37,1728,0.075,0.0011560693641618,0.6,0.4,0.1809515140273354
fbc_tfnbs,"e=0.7,h=2.0,n=30,start_thres=1.25,min_cluster_size=3",hub,0.25,30,25,40,1730,3,2,37,1728,0.075,0.0011560693641618,0.6,0.4,0.1809515140273354
fbc_tfnbs,"e=0.7,h=3.0,n=30,start_thres=1.25,min_cluster_size=3",hub,0.25,30,25,40,1730,7,2,33,1728,0.175,0.0011560693641618,0.7777777777777778,0.2222222222222222,0.1809515140273354
fbc_tfnbs,"e=0.7,h=4.0,n=30,start_thres=1.25,min_cluster_size=3",hub,0.25,30,25,40,1730,8,2,32,1728,0.2,0.0011560693641618,0.8,0.2,0.1809515140273354
fbc_tfnbs,"e=0.7,h=5.0,n=30,start_thres=1.25,min_cluster_size=3",hub,0.25,30,25,40,1730,8,2,32,1728,0.2,0.0011560693641618,0.8,0.2,0.1809515140273354
fbc_tfnbs,"e=0.7,h=6.0,n=30,start_thres=1.25,min_cluster_size=3",hub,0.25,30,25,40,1730,8,2,32,1728,0.2,0.0011560693641618,0.8,0.2,0.1809515140273354
fbc_tfnbs,"e=0.7,h=7.0,n=30,start_thres=1.25,min_cluster_size=3",hub,0.25,30,25,40,1730,9,2,31,1728,0.225,0.0011560693641618,0.8181818181818182,0.1818181818181818,0.1809515140273354
fbc_tfnbs,"e=0.7,h=8.0,n=30,start_thres=1.25,min_cluster_size=3",hub,0.25,30,25,40,1730,9,2,31,1728,0.225,0.0011560693641618,0.8181818181818182,0.1818181818181818,0.1809515140273354
fbc_tfnbs,"e=0.7,h=9.0,n=30,start_thres=1.25,min_cluster_size=3",hub,0.25,30,25,40,1730,9,2,31,1728,0.225,0.0011560693641618,0.8181818181818182,0.1818181818181818,0.1809515140273354
fbc_tfnbs,"e=0.7,h=10.0,n=30,start_thres=1.25,min_cluster_size=3",hub,0.25,30,25,40,1730,9,2,31,1728,0.225,0.0011560693641618,0.8181818181818182,0.1818181818181818,0.1809515140273354
fbc_tfnbs,"e=0.8,h=0.5,n=30,start_thres=1.25,min_cluster_size=3",hub,0.25,30,25,40,1730,3,1,37,1729,0.075,0.0005780346820809,0.75,0.25,0.1809515140273354
fbc_tfnbs,"e=0.8,h=1.0,n=30,start_thres=1.25,min_cluster_size=3",hub,0.25,30,25,40,1730,3,2,37,1728,0.075,0.0011560693641618,0.6,0.4,0.1809515140273354
fbc_tfnbs,"e=0.8,h=2.0,n=30,start_thres=1.25,min_cluster_size=3",hub,0.25,30,25,40,1730,3,2,37,1728,0.075,0.0011560693641618,0.6,0.4,0.1809515140273354
fbc_tfnbs,"e=0.8,h=3.0,n=30,start_thres=1.25,min_cluster_size=3",hub,0.25,30,25,40,1730,7,2,33,1728,0.175,0.0011560693641618,0.7777777777777778,0.2222222222222222,0.1809515140273354
fbc_tfnbs,"e=0.8,h=4.0,n=30,start_thres=1.25,min_cluster_size=3",hub,0.25,30,25,40,1730,8,2,32,1728,0.2,0.0011560693641618,0.8,0.2,0.1809515140273354
fbc_tfnbs,"e=0.8,h=5.0,n=30,start_thres=1.25,min_cluster_size=3",hub,0.25,30,25,40,1730,8,2,32,1728,0.2,0.0011560693641618,0.8,0.2,0.1809515140273354
fbc_tfnbs,"e=0.8,h=6.0,n=30,start_thres=1.25,min_cluster_size=3",hub,0.25,30,25,40,1730,8,2,32,1728,0.2,0.0011560693641618,0.8,0.2,0.1809515140273354
fbc_tfnbs,"e=0.8,h=7.0,n=30,start_thres=1.25,min_cluster_size=3",hub,0.25,30,25,40,1730,8,2,32,1728,0.2,0.0011560693641618,0.8,0.2,0.1809515140273354
fbc_tfnbs,"e=0.8,h=8.0,n=30,start_thres=1.25,min_cluster_size=3",hub,0.25,30,25,40,1730,9,2,31,1728,0.225,0.0011560693641618,0.8181818181818182,0.1818181818181818,0.1809515140273354
fbc_tfnbs,"e=0.8,h=9.0,n=30,start_thres=1.25,min_cluster_size=3",hub,0.25,30,25,40,1730,9,2,31,1728,0.225,0.0011560693641618,0.8181818181818182,0.1818181818181818,0.1809515140273354
fbc_tfnbs,"e=0.8,h=10.0,n=30,start_thres=1.25,min_cluster_size=3",hub,0.25,30,25,40,1730,9,2,31,1728,0.225,0.0011560693641618,0.8181818181818182,0.1818181818181818,0.1809515140273354
fbc_tfnbs,"e=0.9,h=0.5,n=30,start_thres=1.25,min_cluster_size=3",hub,0.25,30,25,40,1730,3,1,37,1729,0.075,0.0005780346820809,0.75,0.25,0.1809515140273354
fbc_tfnbs,"e=0.9,h=1.0,n=30,start_thres=1.25,min_cluster_size=3",hub,0.25,30,25,40,1730,3,1,37,1729,0.075,0.0005780346820809,0.75,0.25,0.1809515140273354
fbc_tfnbs,"e=0.9,h=2.0,n=30,start_thres=1.25,min_cluster_size=3",hub,0.25,30,25,40,1730,3,2,37,1728,0.075,0.0011560693641618,0.6,0.4,0.1809515140273354
fbc_tfnbs,"e=0.9,h=3.0,n=30,start_thres=1.25,min_cluster_size=3",hub,0.25,30,25,40,1730,3,2,37,1728,0.075,0.0011560693641618,0.6,0.4,0.1809515140273354
fbc_tfnbs,"e=0.9,h=4.0,n=30,start_thres=1.25,min_cluster_size=3",hub,0.25,30,25,40,1730,7,2,33,1728,0.175,0.0011560693641618,0.7777777777777778,0.2222222222222222,0.1809515140273354
fbc_tfnbs,"e=0.9,h=5.0,n=30,start_thres=1.25,min_cluster_size=3",hub,0.25,30,25,40,1730,8,2,32,1728,0.2,0.0011560693641618,0.8,0.2,0.1809515140273354
fbc_tfnbs,"e=0.9,h=6.0,n=30,start_thres=1.25,min_cluster_size=3",hub,0.25,30,25,40,1730,8,2,32,1728,0.2,0.0011560693641618,0.8,0.2,0.1809515140273354
fbc_tfnbs,"e=0.9,h=7.0,n=30,start_thres=1.25,min_cluster_size=3",hub,0.25,30,25,40,1730,8,2,32,1728,0.2,0.0011560693641618,0.8,0.2,0.1809515140273354
fbc_tfnbs,"e=0.9,h=8.0,n=30,start_thres=1.25,min_cluster_size=3",hub,0.25,30,25,40,1730,9,2,31,1728,0.225,0.0011560693641618,0.8181818181818182,0.1818181818181818,0.1809515140273354
fbc_tfnbs,"e=0.9,h=9.0,n=30,start_thres=1.25,min_cluster_size=3",hub,0.25,30,25,40,1730,9,2,31,1728,0.225,0.0011560693641618,0.8181818181818182,0.1818181818181818,0.1809515140273354
fbc_tfnbs,"e=0.9,h=10.0,n=30,start_thres=1.25,min_cluster_size=3",hub,0.25,30,25,40,1730,9,2,31,1728,0.225,0.0011560693641618,0.8181818181818182,0.1818181818181818,0.1809515140273354
fbc_tfnbs,"e=1.0,h=0.5,n=30,start_thres=1.25,min_cluster_size=3",hub,0.25,30,25,40,1730,2,1,38,1729,0.05,0.0005780346820809,0.6666666666666666,0.3333333333333333,0.1809515140273354
fbc_tfnbs,"e=1.0,h=1.0,n=30,start_thres=1.25,min_cluster_size=3",hub,0.25,30,25,40,1730,3,1,37,1729,0.075,0.0005780346820809,0.75,0.25,0.1809515140273354
fbc_tfnbs,"e=1.0,h=2.0,n=30,start_thres=1.25,min_cluster_size=3",hub,0.25,30,25,40,1730,3,2,37,1728,0.075,0.0011560693641618,0.6,0.4,0.1809515140273354
fbc_tfnbs,"e=1.0,h=3.0,n=30,start_thres=1.25,min_cluster_size=3",hub,0.25,30,25,40,1730,3,2,37,1728,0.075,0.0011560693641618,0.6,0.4,0.1809515140273354
fbc_tfnbs,"e=1.0,h=4.0,n=30,start_thres=1.25,min_cluster_size=3",hub,0.25,30,25,40,1730,7,2,33,1728,0.175,0.0011560693641618,0.7777777777777778,0.2222222222222222,0.1809515140273354
fbc_tfnbs,"e=1.0,h=5.0,n=30,start_thres=1.25,min_cluster_size=3",hub,0.25,30,25,40,1730,8,2,32,1728,0.2,0.0011560693641618,0.8,0.2,0.1809515140273354
fbc_tfnbs,"e=1.0,h=6.0,n=30,start_thres=1.25,min_cluster_size=3",hub,0.25,30,25,40,1730,8,2,32,1728,0.2,0.0011560693641618,0.8,0.2,0.1809515140273354
fbc_tfnbs,"e=1.0,h=7.0,n=30,start_thres=1.25,min_cluster_size=3",hub,0.25,30,25,40,1730,8,2,32,1728,0.2,0.0011560693641618,0.8,0.2,0.1809515140273354
fbc_tfnbs,"e=1.0,h=8.0,n=30,start_thres=1.25,min_cluster_size=3",hub,0.25,30,25,40,1730,9,2,31,1728,0.225,0.0011560693641618,0.8181818181818182,0.1818181818181818,0.1809515140273354
fbc_tfnbs,"e=1.0,h=9.0,n=30,start_thres=1.25,min_cluster_size=3",hub,0.25,30,25,40,1730,9,2,31,1728,0.225,0.0011560693641618,0.8181818181818182,0.1818181818181818,0.1809515140273354
fbc_tfnbs,"e=1.0,h=10.0,n=30,start_thres=1.25,min_cluster_size=3",hub,0.25,30,25,40,1730,9,2,31,1728,0.225,0.0011560693641618,0.8181818181818182,0.1818181818181818,0.1809515140273354
fbc_tfnbs,"e=1.1,h=0.5,n=30,start_thres=1.25,min_cluster_size=3",hub,0.25,30,25,40,1730,0,0,40,1730,0.0,0.0,0.0,0.0,0.1809515140273354
fbc_tfnbs,"e=1.1,h=1.0,n=30,start_thres=1.25,min_cluster_size=3",hub,0.25,30,25,40,1730,3,1,37,1729,0.075,0.0005780346820809,0.75,0.25,0.1809515140273354
fbc_tfnbs,"e=1.1,h=2.0,n=30,start_thres=1.25,min_cluster_size=3",hub,0.25,30,25,40,1730,3,2,37,1728,0.075,0.0011560693641618,0.6,0.4,0.1809515140273354
fbc_tfnbs,"e=1.1,h=3.0,n=30,start_thres=1.25,min_cluster_size=3",hub,0.25,30,25,40,1730,3,2,37,1728,0.075,0.0011560693641618,0.6,0.4,0.1809515140273354
fbc_tfnbs,"e=1.1,h=4.0,n=30,start_thres=1.25,min_cluster_size=3",hub,0.25,30,25,40,1730,3,2,37,1728,0.075,0.0011560693641618,0.6,0.4,0.1809515140273354
fbc_tfnbs,"e=1.1,h=5.0,n=30,start_thres=1.25,min_cluster_size=3",hub,0.25,30,25,40,1730,7,2,33,1728,0.175,0.0011560693641618,0.7777777777777778,0.2222222222222222,0.1809515140273354
fbc_tfnbs,"e=1.1,h=6.0,n=30,start_thres=1.25,min_cluster_size=3",hub,0.25,30,25,40,1730,8,2,32,1728,0.2,0.0011560693641618,0.8,0.2,0.1809515140273354
fbc_tfnbs,"e=1.1,h=7.0,n=30,start_thres=1.25,min_cluster_size=3",hub,0.25,30,25,40,1730,8,2,32,1728,0.2,0.0011560693641618,0.8,0.2,0.1809515140273354
fbc_tfnbs,"e=1.1,h=8.0,n=30,start_thres=1.25,min_cluster_size=3",hub,0.25,30,25,40,1730,9,2,31,1728,0.225,0.0011560693641618,0.8181818181818182,0.1818181818181818,0.1809515140273354
fbc_tfnbs,"e=1.1,h=9.0,n=30,start_thres=1.25,min_cluster_size=3",hub,0.25,30,25,40,1730,9,2,31,1728,0.225,0.0011560693641618,0.8181818181818182,0.1818181818181818,0.1809515140273354
fbc_tfnbs,"e=1.1,h=10.0,n=30,start_thres=1.25,min_cluster_size=3",hub,0.25,30,25,40,1730,9,2,31,1728,0.225,0.0011560693641618,0.8181818181818182,0.1818181818181818,0.1809515140273354
fbc_tfnbs,"e=1.2,h=0.5,n=30,start_thres=1.25,min_cluster_size=3",hub,0.25,30,25,40,1730,0,0,40,1730,0.0,0.0,0.0,0.0,0.1809515140273354
fbc_tfnbs,"e=1.2,h=1.0,n=30,start_thres=1.25,min_cluster_size=3",hub,0.25,30,25,40,1730,0,0,40,1730,0.0,0.0,0.0,0.0,0.1809515140273354
fbc_tfnbs,"e=1.2,h=2.0,n=30,start_thres=1.25,min_cluster_size=3",hub,0.25,30,25,40,1730,3,1,37,1729,0.075,0.0005780346820809,0.75,0.25,0.1809515140273354
fbc_tfnbs,"e=1.2,h=3.0,n=30,start_thres=1.25,min_cluster_size=3",hub,0.25,30,25,40,1730,3,2,37,1728,0.075,0.0011560693641618,0.6,0.4,0.1809515140273354
fbc_tfnbs,"e=1.2,h=4.0,n=30,start_thres=1.25,min_cluster_size=3",hub,0.25,30,25,40,1730,3,2,37,1728,0.075,0.0011560693641618,0.6,0.4,0.1809515140273354
fbc_tfnbs,"e=1.2,h=5.0,n=30,start_thres=1.25,min_cluster_size=3",hub,0.25,30,25,40,1730,7,2,33,1728,0.175,0.0011560693641618,0.7777777777777778,0.2222222222222222,0.1809515140273354
fbc_tfnbs,"e=1.2,h=6.0,n=30,start_thres=1.25,min_cluster_size=3",hub,0.25,30,25,40,1730,8,2,32,1728,0.2,0.0011560693641618,0.8,0.2,0.1809515140273354
fbc_tfnbs,"e=1.2,h=7.0,n=30,start_thres=1.25,min_cluster_size=3",hub,0.25,30,25,40,1730,8,2,32,1728,0.2,0.0011560693641618,0.8,0.2,0.1809515140273354
fbc_tfnbs,"e=1.2,h=8.0,n=30,start_thres=1.25,min_cluster_size=3",hub,0.25,30,25,40,1730,8,2,32,1728,0.2,0.0011560693641618,0.8,0.2,0.1809515140273354
fbc_tfnbs,"e=1.2,h=9.0,n=30,start_thres=1.25,min_cluster_size=3",hub,0.25,30,25,40,1730,9,2,31,1728,0.225,0.0011560693641618,0.8181818181818182,0.1818181818181818,0.1809515140273354
fbc_tfnbs,"e=1.2,h=10.0,n=30,start_thres=1.25,min_cluster_size=3",hub,0.25,30,25,40,1730,9,2,31,1728,0.225,0.0011560693641618,0.8181818181818182,0.1818181818181818,0.1809515140273354
fbc_tfnbs,"e=1.3,h=0.5,n=30,start_thres=1.25,min_cluster_size=3",hub,0.25,30,25,40,1730,0,0,40,1730,0.0,0.0,0.0,0.0,0.1809515140273354
fbc_tfnbs,"e=1.3,h=1.0,n=30,start_thres=1.25,min_cluster_size=3",hub,0.25,30,25,40,1730,0,0,40,1730,0.0,0.0,0.0,0.0,0.1809515140273354
fbc_tfnbs,"e=1.3,h=2.0,n=30,start_thres=1.25,min_cluster_size=3",hub,0.25,30,25,40,1730,3,1,37,1729,0.075,0.0005780346820809,0.75,0.25,0.1809515140273354
fbc_tfnbs,"e=1.3,h=3.0,n=30,start_thres=1.25,min_cluster_size=3",hub,0.25,30,25,40,1730,3,2,37,1728,0.075,0.0011560693641618,0.6,0.4,0.1809515140273354
fbc_tfnbs,"e=1.3,h=4.0,n=30,start_thres=1.25,min_cluster_size=3",hub,0.25,30,25,40,1730,3,2,37,1728,0.075,0.0011560693641618,0.6,0.4,0.1809515140273354
fbc_tfnbs,"e=1.3,h=5.0,n=30,start_thres=1.25,min_cluster_size=3",hub,0.25,30,25,40,1730,3,2,37,1728,0.075,0.0011560693641618,0.6,0.4,0.1809515140273354
fbc_tfnbs,"e=1.3,h=6.0,n=30,start_thres=1.25,min_cluster_size=3",hub,0.25,30,25,40,1730,8,2,32,1728,0.2,0.0011560693641618,0.8,0.2,0.1809515140273354
fbc_tfnbs,"e=1.3,h=7.0,n=30,start_thres=1.25,min_cluster_size=3",hub,0.25,30,25,40,1730,8,2,32,1728,0.2,0.0011560693641618,0.8,0.2,0.1809515140273354
fbc_tfnbs,"e=1.3,h=8.0,n=30,start_thres=1.25,min_cluster_size=3",hub,0.25,30,25,40,1730,8,2,32,1728,0.2,0.0011560693641618,0.8,0.2,0.1809515140273354
fbc_tfnbs,"e=1.3,h=9.0,n=30,start_thres=1.25,min_cluster_size=3",hub,0.25,30,25,40,1730,9,2,31,1728,0.225,0.0011560693641618,0.8181818181818182,0.1818181818181818,0.1809515140273354
fbc_tfnbs,"e=1.3,h=10.0,n=30,start_thres=1.25,min_cluster_size=3",hub,0.25,30,25,40,1730,9,2,31,1728,0.225,0.0011560693641618,0.8181818181818182,0.1818181818181818,0.1809515140273354
fbc_tfnbs,"e=1.4,h=0.5,n=30,start_thres=1.25,min_cluster_size=3",hub,0.25,30,25,40,1730,0,0,40,1730,0.0,0.0,0.0,0.0,0.1809515140273354
fbc_tfnbs,"e=1.4,h=1.0,n=30,start_thres=1.25,min_cluster_size=3",hub,0.25,30,25,40,1730,0,0,40,1730,0.0,0.0,0.0,0.0,0.1809515140273354
fbc_tfnbs,"e=1.4,h=2.0,n=30,start_thres=1.25,min_cluster_size=3",hub,0.25,30,25,40,1730,0,0,40,1730,0.0,0.0,0.0,0.0,0.1809515140273354
fbc_tfnbs,"e=1.4,h=3.0,n=30,start_thres=1.25,min_cluster_size=3",hub,0.25,30,25,40,1730,3,1,37,1729,0.075,0.0005780346820809,0.75,0.25,0.1809515140273354
fbc_tfnbs,"e=1.4,h=4.0,n=30,start_thres=1.25,min_cluster_size=3",hub,0.25,30,25,40,1730,3,2,37,1728,0.075,0.0011560693641618,0.6,0.4,0.1809515140273354
fbc_tfnbs,"e=1.4,h=5.0,n=30,start_thres=1.25,min_cluster_size=3",hub,0.25,30,25,40,1730,3,2,37,1728,0.075,0.0011560693641618,0.6,0.4,0.1809515140273354
fbc_tfnbs,"e=1.4,h=6.0,n=30,start_thres=1.25,min_cluster_size=3",hub,0.25,30,25,40,1730,7,2,33,1728,0.175,0.0011560693641618,0.7777777777777778,0.2222222222222222,0.1809515140273354
fbc_tfnbs,"e=1.4,h=7.0,n=30,start_thres=1.25,min_cluster_size=3",hub,0.25,30,25,40,1730,8,2,32,1728,0.2,0.0011560693641618,0.8,0.2,0.1809515140273354
fbc_tfnbs,"e=1.4,h=8.0,n=30,start_thres=1.25,min_cluster_size=3",hub,0.25,30,25,40,1730,8,2,32,1728,0.2,0.0011560693641618,0.8,0.2,0.1809515140273354
fbc_tfnbs,"e=1.4,h=9.0,n=30,start_thres=1.25,min_cluster_size=3",hub,0.25,30,25,40,1730,8,2,32,1728,0.2,0.0011560693641618,0.8,0.2,0.1809515140273354
fbc_tfnbs,"e=1.4,h=10.0,n=30,start_thres=1.25,min_cluster_size=3",hub,0.25,30,25,40,1730,9,2,31,1728,0.225,0.0011560693641618,0.8181818181818182,0.1818181818181818,0.1809515140273354
fbc_tfnbs,"e=1.5,h=0.5,n=30,start_thres=1.25,min_cluster_size=3",hub,0.25,30,25,40,1730,0,0,40,1730,0.0,0.0,0.0,0.0,0.1809515140273354
fbc_tfnbs,"e=1.5,h=1.0,n=30,start_thres=1.25,min_cluster_size=3",hub,0.25,30,25,40,1730,0,0,40,1730,0.0,0.0,0.0,0.0,0.1809515140273354
fbc_tfnbs,"e=1.5,h=2.0,n=30,start_thres=1.25,min_cluster_size=3",hub,0.25,30,25,40,1730,0,0,40,1730,0.0,0.0,0.0,0.0,0.1809515140273354
fbc_tfnbs,"e=1.5,h=3.0,n=30,start_thres=1.25,min_cluster_size=3",hub,0.25,30,25,40,1730,3,1,37,1729,0.075,0.0005780346820809,0.75,0.25,0.1809515140273354
fbc_tfnbs,"e=1.5,h=4.0,n=30,start_thres=1.25,min_cluster_size=3",hub,0.25,30,25,40,1730,3,2,37,1728,0.075,0.0011560693641618,0.6,0.4,0.1809515140273354
fbc_tfnbs,"e=1.5,h=5.0,n=30,start_thres=1.25,min_cluster_size=3",hub,0.25,30,25,40,1730,3,2,37,1728,0.075,0.0011560693641618,0.6,0.4,0.1809515140273354
fbc_tfnbs,"e=1.5,h=6.0,n=30,start_thres=1.25,min_cluster_size=3",hub,0.25,30,25,40,1730,4,2,36,1728,0.1,0.0011560693641618,0.6666666666666666,0.3333333333333333,0.1809515140273354
fbc_tfnbs,"e=1.5,h=7.0,n=30,start_thres=1.25,min_cluster_size=3",hub,0.25,30,25,40,1730,8,2,32,1728,0.2,0.0011560693641618,0.8,0.2,0.1809515140273354
fbc_tfnbs,"e=1.5,h=8.0,n=30,start_thres=1.25,min_cluster_size=3",hub,0.25,30,25,40,1730,8,2,32,1728,0.2,0.0011560693641618,0.8,0.2,0.1809515140273354
fbc_tfnbs,"e=1.5,h=9.0,n=30,start_thres=1.25,min_cluster_size=3",hub,0.25,30,25,40,1730,8,2,32,1728,0.2,0.0011560693641618,0.8,0.2,0.1809515140273354
fbc_tfnbs,"e=1.5,h=10.0,n=30,start_thres=1.25,min_cluster_size=3",hub,0.25,30,25,40,1730,9,2,31,1728,0.225,0.0011560693641618,0.8181818181818182,0.1818181818181818,0.1809515140273354
fbc_tfnbs,"e=0.05,h=0.5,n=30,start_thres=1.25,min_cluster_size=3",hub,0.25,30,26,40,1730,15,6,25,1724,0.375,0.0034682080924855,0.7142857142857143,0.2857142857142857,0.1724480756304481
fbc_tfnbs,"e=0.05,h=1.0,n=30,start_thres=1.25,min_cluster_size=3",hub,0.25,30,26,40,1730,15,6,25,1724,0.375,0.0034682080924855,0.7142857142857143,0.2857142857142857,0.1724480756304481
fbc_tfnbs,"e=0.05,h=2.0,n=30,start_thres=1.25,min_cluster_size=3",hub,0.25,30,26,40,1730,15,6,25,1724,0.375,0.0034682080924855,0.7142857142857143,0.2857142857142857,0.1724480756304481
fbc_tfnbs,"e=0.05,h=3.0,n=30,start_thres=1.25,min_cluster_size=3",hub,0.25,30,26,40,1730,15,6,25,1724,0.375,0.0034682080924855,0.7142857142857143,0.2857142857142857,0.1724480756304481
fbc_tfnbs,"e=0.05,h=4.0,n=30,start_thres=1.25,min_cluster_size=3",hub,0.25,30,26,40,1730,15,6,25,1724,0.375,0.0034682080924855,0.7142857142857143,0.2857142857142857,0.1724480756304481
fbc_tfnbs,"e=0.05,h=5.0,n=30,start_thres=1.25,min_cluster_size=3",hub,0.25,30,26,40,1730,15,6,25,1724,0.375,0.0034682080924855,0.7142857142857143,0.2857142857142857,0.1724480756304481
fbc_tfnbs,"e=0.05,h=6.0,n=30,start_thres=1.25,min_cluster_size=3",hub,0.25,30,26,40,1730,15,6,25,1724,0.375,0.0034682080924855,0.7142857142857143,0.2857142857142857,0.1724480756304481
fbc_tfnbs,"e=0.05,h=7.0,n=30,start_thres=1.25,min_cluster_size=3",hub,0.25,30,26,40,1730,15,6,25,1724,0.375,0.0034682080924855,0.7142857142857143,0.2857142857142857,0.1724480756304481
fbc_tfnbs,"e=0.05,h=8.0,n=30,start_thres=1.25,min_cluster_size=3",hub,0.25,30,26,40,1730,15,6,25,1724,0.375,0.0034682080924855,0.7142857142857143,0.2857142857142857,0.1724480756304481
fbc_tfnbs,"e=0.05,h=9.0,n=30,start_thres=1.25,min_cluster_size=3",hub,0.25,30,26,40,1730,15,6,25,1724,0.375,0.0034682080924855,0.7142857142857143,0.2857142857142857,0.1724480756304481
fbc_tfnbs,"e=0.05,h=10.0,n=30,start_thres=1.25,min_cluster_size=3",hub,0.25,30,26,40,1730,15,6,25,1724,0.375,0.0034682080924855,0.7142857142857143,0.2857142857142857,0.1724480756304481
fbc_tfnbs,"e=0.1,h=0.5,n=30,start_thres=1.25,min_cluster_size=3",hub,0.25,30,26,40,1730,12,6,28,1724,0.3,0.0034682080924855,0.6666666666666666,0.3333333333333333,0.1724480756304481
fbc_tfnbs,"e=0.1,h=1.0,n=30,start_thres=1.25,min_cluster_size=3",hub,0.25,30,26,40,1730,12,6,28,1724,0.3,0.0034682080924855,0.6666666666666666,0.3333333333333333,0.1724480756304481
fbc_tfnbs,"e=0.1,h=2.0,n=30,start_thres=1.25,min_cluster_size=3",hub,0.25,30,26,40,1730,15,6,25,1724,0.375,0.0034682080924855,0.7142857142857143,0.2857142857142857,0.1724480756304481
fbc_tfnbs,"e=0.1,h=3.0,n=30,start_thres=1.25,min_cluster_size=3",hub,0.25,30,26,40,1730,15,6,25,1724,0.375,0.0034682080924855,0.7142857142857143,0.2857142857142857,0.1724480756304481
fbc_tfnbs,"e=0.1,h=4.0,n=30,start_thres=1.25,min_cluster_size=3",hub,0.25,30,26,40,1730,15,6,25,1724,0.375,0.0034682080924855,0.7142857142857143,0.2857142857142857,0.1724480756304481
fbc_tfnbs,"e=0.1,h=5.0,n=30,start_thres=1.25,min_cluster_size=3",hub,0.25,30,26,40,1730,15,6,25,1724,0.375,0.0034682080924855,0.7142857142857143,0.2857142857142857,0.1724480756304481
fbc_tfnbs,"e=0.1,h=6.0,n=30,start_thres=1.25,min_cluster_size=3",hub,0.25,30,26,40,1730,15,6,25,1724,0.375,0.0034682080924855,0.7142857142857143,0.2857142857142857,0.1724480756304481
fbc_tfnbs,"e=0.1,h=7.0,n=30,start_thres=1.25,min_cluster_size=3",hub,0.25,30,26,40,1730,15,6,25,1724,0.375,0.0034682080924855,0.7142857142857143,0.2857142857142857,0.1724480756304481
fbc_tfnbs,"e=0.1,h=8.0,n=30,start_thres=1.25,min_cluster_size=3",hub,0.25,30,26,40,1730,15,6,25,1724,0.375,0.0034682080924855,0.7142857142857143,0.2857142857142857,0.1724480756304481
fbc_tfnbs,"e=0.1,h=9.0,n=30,start_thres=1.25,min_cluster_size=3",hub,0.25,30,26,40,1730,15,6,25,1724,0.375,0.0034682080924855,0.7142857142857143,0.2857142857142857,0.1724480756304481
fbc_tfnbs,"e=0.1,h=10.0,n=30,start_thres=1.25,min_cluster_size=3",hub,0.25,30,26,40,1730,15,6,25,1724,0.375,0.0034682080924855,0.7142857142857143,0.2857142857142857,0.1724480756304481
fbc_tfnbs,"e=0.2,h=0.5,n=30,start_thres=1.25,min_cluster_size=3",hub,0.25,30,26,40,1730,12,7,28,1723,0.3,0.0040462427745664,0.631578947368421,0.3684210526315789,0.1724480756304481
fbc_tfnbs,"e=0.2,h=1.0,n=30,start_thres=1.25,min_cluster_size=3",hub,0.25,30,26,40,1730,12,7,28,1723,0.3,0.0040462427745664,0.631578947368421,0.3684210526315789,0.1724480756304481
fbc_tfnbs,"e=0.2,h=2.0,n=30,start_thres=1.25,min_cluster_size=3",hub,0.25,30,26,40,1730,12,7,28,1723,0.3,0.0040462427745664,0.631578947368421,0.3684210526315789,0.1724480756304481
fbc_tfnbs,"e=0.2,h=3.0,n=30,start_thres=1.25,min_cluster_size=3",hub,0.25,30,26,40,1730,12,6,28,1724,0.3,0.0034682080924855,0.6666666666666666,0.3333333333333333,0.1724480756304481
fbc_tfnbs,"e=0.2,h=4.0,n=30,start_thres=1.25,min_cluster_size=3",hub,0.25,30,26,40,1730,15,6,25,1724,0.375,0.0034682080924855,0.7142857142857143,0.2857142857142857,0.1724480756304481
fbc_tfnbs,"e=0.2,h=5.0,n=30,start_thres=1.25,min_cluster_size=3",hub,0.25,30,26,40,1730,15,6,25,1724,0.375,0.0034682080924855,0.7142857142857143,0.2857142857142857,0.1724480756304481
fbc_tfnbs,"e=0.2,h=6.0,n=30,start_thres=1.25,min_cluster_size=3",hub,0.25,30,26,40,1730,15,6,25,1724,0.375,0.0034682080924855,0.7142857142857143,0.2857142857142857,0.1724480756304481
fbc_tfnbs,"e=0.2,h=7.0,n=30,start_thres=1.25,min_cluster_size=3",hub,0.25,30,26,40,1730,15,6,25,1724,0.375,0.0034682080924855,0.7142857142857143,0.2857142857142857,0.1724480756304481
fbc_tfnbs,"e=0.2,h=8.0,n=30,start_thres=1.25,min_cluster_size=3",hub,0.25,30,26,40,1730,15,6,25,1724,0.375,0.0034682080924855,0.7142857142857143,0.2857142857142857,0.1724480756304481
fbc_tfnbs,"e=0.2,h=9.0,n=30,start_thres=1.25,min_cluster_size=3",hub,0.25,30,26,40,1730,15,6,25,1724,0.375,0.0034682080924855,0.7142857142857143,0.2857142857142857,0.1724480756304481
fbc_tfnbs,"e=0.2,h=10.0,n=30,start_thres=1.25,min_cluster_size=3",hub,0.25,30,26,40,1730,15,6,25,1724,0.375,0.0034682080924855,0.7142857142857143,0.2857142857142857,0.1724480756304481
fbc_tfnbs,"e=0.3,h=0.5,n=30,start_thres=1.25,min_cluster_size=3",hub,0.25,30,26,40,1730,13,7,27,1723,0.325,0.0040462427745664,0.65,0.35,0.1724480756304481
fbc_tfnbs,"e=0.3,h=1.0,n=30,start_thres=1.25,min_cluster_size=3",hub,0.25,30,26,40,1730,13,7,27,1723,0.325,0.0040462427745664,0.65,0.35,0.1724480756304481
fbc_tfnbs,"e=0.3,h=2.0,n=30,start_thres=1.25,min_cluster_size=3",hub,0.25,30,26,40,1730,13,7,27,1723,0.325,0.0040462427745664,0.65,0.35,0.1724480756304481
fbc_tfnbs,"e=0.3,h=3.0,n=30,start_thres=1.25,min_cluster_size=3",hub,0.25,30,26,40,1730,13,7,27,1723,0.325,0.0040462427745664,0.65,0.35,0.1724480756304481
fbc_tfnbs,"e=0.3,h=4.0,n=30,start_thres=1.25,min_cluster_size=3",hub,0.25,30,26,40,1730,12,7,28,1723,0.3,0.0040462427745664,0.631578947368421,0.3684210526315789,0.1724480756304481
fbc_tfnbs,"e=0.3,h=5.0,n=30,start_thres=1.25,min_cluster_size=3",hub,0.25,30,26,40,1730,15,7,25,1723,0.375,0.0040462427745664,0.6818181818181818,0.3181818181818182,0.1724480756304481
fbc_tfnbs,"e=0.3,h=6.0,n=30,start_thres=1.25,min_cluster_size=3",hub,0.25,30,26,40,1730,15,6,25,1724,0.375,0.0034682080924855,0.7142857142857143,0.2857142857142857,0.1724480756304481
fbc_tfnbs,"e=0.3,h=7.0,n=30,start_thres=1.25,min_cluster_size=3",hub,0.25,30,26,40,1730,15,6,25,1724,0.375,0.0034682080924855,0.7142857142857143,0.2857142857142857,0.1724480756304481
fbc_tfnbs,"e=0.3,h=8.0,n=30,start_thres=1.25,min_cluster_size=3",hub,0.25,30,26,40,1730,15,6,25,1724,0.375,0.0034682080924855,0.7142857142857143,0.2857142857142857,0.1724480756304481
fbc_tfnbs,"e=0.3,h=9.0,n=30,start_thres=1.25,min_cluster_size=3",hub,0.25,30,26,40,1730,15,6,25,1724,0.375,0.0034682080924855,0.7142857142857143,0.2857142857142857,0.1724480756304481
fbc_tfnbs,"e=0.3,h=10.0,n=30,start_thres=1.25,min_cluster_size=3",hub,0.25,30,26,40,1730,15,6,25,1724,0.375,0.0034682080924855,0.7142857142857143,0.2857142857142857,0.1724480756304481
fbc_tfnbs,"e=0.4,h=0.5,n=30,start_thres=1.25,min_cluster_size=3",hub,0.25,30,26,40,1730,13,10,27,1720,0.325,0.0057803468208092,0.5652173913043478,0.4347826086956521,0.1724480756304481
fbc_tfnbs,"e=0.4,h=1.0,n=30,start_thres=1.25,min_cluster_size=3",hub,0.25,30,26,40,1730,13,10,27,1720,0.325,0.0057803468208092,0.5652173913043478,0.4347826086956521,0.1724480756304481
fbc_tfnbs,"e=0.4,h=2.0,n=30,start_thres=1.25,min_cluster_size=3",hub,0.25,30,26,40,1730,13,10,27,1720,0.325,0.0057803468208092,0.5652173913043478,0.4347826086956521,0.1724480756304481
fbc_tfnbs,"e=0.4,h=3.0,n=30,start_thres=1.25,min_cluster_size=3",hub,0.25,30,26,40,1730,13,7,27,1723,0.325,0.0040462427745664,0.65,0.35,0.1724480756304481
fbc_tfnbs,"e=0.4,h=4.0,n=30,start_thres=1.25,min_cluster_size=3",hub,0.25,30,26,40,1730,14,7,26,1723,0.35,0.0040462427745664,0.6666666666666666,0.3333333333333333,0.1724480756304481
fbc_tfnbs,"e=0.4,h=5.0,n=30,start_thres=1.25,min_cluster_size=3",hub,0.25,30,26,40,1730,14,7,26,1723,0.35,0.0040462427745664,0.6666666666666666,0.3333333333333333,0.1724480756304481
fbc_tfnbs,"e=0.4,h=6.0,n=30,start_thres=1.25,min_cluster_size=3",hub,0.25,30,26,40,1730,16,7,24,1723,0.4,0.0040462427745664,0.6956521739130435,0.3043478260869565,0.1724480756304481
fbc_tfnbs,"e=0.4,h=7.0,n=30,start_thres=1.25,min_cluster_size=3",hub,0.25,30,26,40,1730,15,7,25,1723,0.375,0.0040462427745664,0.6818181818181818,0.3181818181818182,0.1724480756304481
fbc_tfnbs,"e=0.4,h=8.0,n=30,start_thres=1.25,min_cluster_size=3",hub,0.25,30,26,40,1730,15,6,25,1724,0.375,0.0034682080924855,0.7142857142857143,0.2857142857142857,0.1724480756304481
fbc_tfnbs,"e=0.4,h=9.0,n=30,start_thres=1.25,min_cluster_size=3",hub,0.25,30,26,40,1730,15,6,25,1724,0.375,0.0034682080924855,0.7142857142857143,0.2857142857142857,0.1724480756304481
fbc_tfnbs,"e=0.4,h=10.0,n=30,start_thres=1.25,min_cluster_size=3",hub,0.25,30,26,40,1730,15,6,25,1724,0.375,0.0034682080924855,0.7142857142857143,0.2857142857142857,0.1724480756304481
fbc_tfnbs,"e=0.5,h=0.5,n=30,start_thres=1.25,min_cluster_size=3",hub,0.25,30,26,40,1730,13,13,27,1717,0.325,0.007514450867052,0.5,0.5,0.1724480756304481
fbc_tfnbs,"e=0.5,h=1.0,n=30,start_thres=1.25,min_cluster_size=3",hub,0.25,30,26,40,1730,13,13,27,1717,0.325,0.007514450867052,0.5,0.5,0.1724480756304481
fbc_tfnbs,"e=0.5,h=2.0,n=30,start_thres=1.25,min_cluster_size=3",hub,0.25,30,26,40,1730,13,10,27,1720,0.325,0.0057803468208092,0.5652173913043478,0.4347826086956521,0.1724480756304481
fbc_tfnbs,"e=0.5,h=3.0,n=30,start_thres=1.25,min_cluster_size=3",hub,0.25,30,26,40,1730,14,10,26,1720,0.35,0.0057803468208092,0.5833333333333334,0.4166666666666667,0.1724480756304481
fbc_tfnbs,"e=0.5,h=4.0,n=30,start_thres=1.25,min_cluster_size=3",hub,0.25,30,26,40,1730,14,7,26,1723,0.35,0.0040462427745664,0.6666666666666666,0.3333333333333333,0.1724480756304481
fbc_tfnbs,"e=0.5,h=5.0,n=30,start_thres=1.25,min_cluster_size=3",hub,0.25,30,26,40,1730,14,7,26,1723,0.35,0.0040462427745664,0.6666666666666666,0.3333333333333333,0.1724480756304481
fbc_tfnbs,"e=0.5,h=6.0,n=30,start_thres=1.25,min_cluster_size=3",hub,0.25,30,26,40,1730,14,7,26,1723,0.35,0.0040462427745664,0.6666666666666666,0.3333333333333333,0.1724480756304481
fbc_tfnbs,"e=0.5,h=7.0,n=30,start_thres=1.25,min_cluster_size=3",hub,0.25,30,26,40,1730,17,7,23,1723,0.425,0.0040462427745664,0.7083333333333334,0.2916666666666667,0.1724480756304481
fbc_tfnbs,"e=0.5,h=8.0,n=30,start_thres=1.25,min_cluster_size=3",hub,0.25,30,26,40,1730,17,7,23,1723,0.425,0.0040462427745664,0.7083333333333334,0.2916666666666667,0.1724480756304481
fbc_tfnbs,"e=0.5,h=9.0,n=30,start_thres=1.25,min_cluster_size=3",hub,0.25,30,26,40,1730,17,7,23,1723,0.425,0.0040462427745664,0.7083333333333334,0.2916666666666667,0.1724480756304481
fbc_tfnbs,"e=0.5,h=10.0,n=30,start_thres=1.25,min_cluster_size=3",hub,0.25,30,26,40,1730,16,6,24,1724,0.4,0.0034682080924855,0.7272727272727273,0.2727272727272727,0.1724480756304481
fbc_tfnbs,"e=0.6,h=0.5,n=30,start_thres=1.25,min_cluster_size=3",hub,0.25,30,26,40,1730,12,13,28,1717,0.3,0.007514450867052,0.48,0.52,0.1724480756304481
fbc_tfnbs,"e=0.6,h=1.0,n=30,start_thres=1.25,min_cluster_size=3",hub,0.25,30,26,40,1730,13,14,27,1716,0.325,0.0080924855491329,0.4814814814814814,0.5185185185185185,0.1724480756304481
fbc_tfnbs,"e=0.6,h=2.0,n=30,start_thres=1.25,min_cluster_size=3",hub,0.25,30,26,40,1730,13,13,27,1717,0.325,0.007514450867052,0.5,0.5,0.1724480756304481
fbc_tfnbs,"e=0.6,h=3.0,n=30,start_thres=1.25,min_cluster_size=3",hub,0.25,30,26,40,1730,14,10,26,1720,0.35,0.0057803468208092,0.5833333333333334,0.4166666666666667,0.1724480756304481
fbc_tfnbs,"e=0.6,h=4.0,n=30,start_thres=1.25,min_cluster_size=3",hub,0.25,30,26,40,1730,14,10,26,1720,0.35,0.0057803468208092,0.5833333333333334,0.4166666666666667,0.1724480756304481
fbc_tfnbs,"e=0.6,h=5.0,n=30,start_thres=1.25,min_cluster_size=3",hub,0.25,30,26,40,1730,14,10,26,1720,0.35,0.0057803468208092,0.5833333333333334,0.4166666666666667,0.1724480756304481
fbc_tfnbs,"e=0.6,h=6.0,n=30,start_thres=1.25,min_cluster_size=3",hub,0.25,30,26,40,1730,14,7,26,1723,0.35,0.0040462427745664,0.6666666666666666,0.3333333333333333,0.1724480756304481
fbc_tfnbs,"e=0.6,h=7.0,n=30,start_thres=1.25,min_cluster_size=3",hub,0.25,30,26,40,1730,14,7,26,1723,0.35,0.0040462427745664,0.6666666666666666,0.3333333333333333,0.1724480756304481
fbc_tfnbs,"e=0.6,h=8.0,n=30,start_thres=1.25,min_cluster_size=3",hub,0.25,30,26,40,1730,17,7,23,1723,0.425,0.0040462427745664,0.7083333333333334,0.2916666666666667,0.1724480756304481
fbc_tfnbs,"e=0.6,h=9.0,n=30,start_thres=1.25,min_cluster_size=3",hub,0.25,30,26,40,1730,17,7,23,1723,0.425,0.0040462427745664,0.7083333333333334,0.2916666666666667,0.1724480756304481
fbc_tfnbs,"e=0.6,h=10.0,n=30,start_thres=1.25,min_cluster_size=3",hub,0.25,30,26,40,1730,17,7,23,1723,0.425,0.0040462427745664,0.7083333333333334,0.2916666666666667,0.1724480756304481
fbc_tfnbs,"e=0.7,h=0.5,n=30,start_thres=1.25,min_cluster_size=3",hub,0.25,30,26,40,1730,12,15,28,1715,0.3,0.0086705202312138,0.4444444444444444,0.5555555555555556,0.1724480756304481
fbc_tfnbs,"e=0.7,h=1.0,n=30,start_thres=1.25,min_cluster_size=3",hub,0.25,30,26,40,1730,13,15,27,1715,0.325,0.0086705202312138,0.4642857142857143,0.5357142857142857,0.1724480756304481
fbc_tfnbs,"e=0.7,h=2.0,n=30,start_thres=1.25,min_cluster_size=3",hub,0.25,30,26,40,1730,13,14,27,1716,0.325,0.0080924855491329,0.4814814814814814,0.5185185185185185,0.1724480756304481
fbc_tfnbs,"e=0.7,h=3.0,n=30,start_thres=1.25,min_cluster_size=3",hub,0.25,30,26,40,1730,14,14,26,1716,0.35,0.0080924855491329,0.5,0.5,0.1724480756304481
fbc_tfnbs,"e=0.7,h=4.0,n=30,start_thres=1.25,min_cluster_size=3",hub,0.25,30,26,40,1730,14,10,26,1720,0.35,0.0057803468208092,0.5833333333333334,0.4166666666666667,0.1724480756304481
fbc_tfnbs,"e=0.7,h=5.0,n=30,start_thres=1.25,min_cluster_size=3",hub,0.25,30,26,40,1730,14,10,26,1720,0.35,0.0057803468208092,0.5833333333333334,0.4166666666666667,0.1724480756304481
fbc_tfnbs,"e=0.7,h=6.0,n=30,start_thres=1.25,min_cluster_size=3",hub,0.25,30,26,40,1730,14,10,26,1720,0.35,0.0057803468208092,0.5833333333333334,0.4166666666666667,0.1724480756304481
fbc_tfnbs,"e=0.7,h=7.0,n=30,start_thres=1.25,min_cluster_size=3",hub,0.25,30,26,40,1730,14,7,26,1723,0.35,0.0040462427745664,0.6666666666666666,0.3333333333333333,0.1724480756304481
fbc_tfnbs,"e=0.7,h=8.0,n=30,start_thres=1.25,min_cluster_size=3",hub,0.25,30,26,40,1730,14,7,26,1723,0.35,0.0040462427745664,0.6666666666666666,0.3333333333333333,0.1724480756304481
fbc_tfnbs,"e=0.7,h=9.0,n=30,start_thres=1.25,min_cluster_size=3",hub,0.25,30,26,40,1730,17,7,23,1723,0.425,0.0040462427745664,0.7083333333333334,0.2916666666666667,0.1724480756304481
fbc_tfnbs,"e=0.7,h=10.0,n=30,start_thres=1.25,min_cluster_size=3",hub,0.25,30,26,40,1730,17,7,23,1723,0.425,0.0040462427745664,0.7083333333333334,0.2916666666666667,0.1724480756304481
fbc_tfnbs,"e=0.8,h=0.5,n=30,start_thres=1.25,min_cluster_size=3",hub,0.25,30,26,40,1730,12,15,28,1715,0.3,0.0086705202312138,0.4444444444444444,0.5555555555555556,0.1724480756304481
fbc_tfnbs,"e=0.8,h=1.0,n=30,start_thres=1.25,min_cluster_size=3",hub,0.25,30,26,40,1730,12,15,28,1715,0.3,0.0086705202312138,0.4444444444444444,0.5555555555555556,0.1724480756304481
fbc_tfnbs,"e=0.8,h=2.0,n=30,start_thres=1.25,min_cluster_size=3",hub,0.25,30,26,40,1730,13,15,27,1715,0.325,0.0086705202312138,0.4642857142857143,0.5357142857142857,0.1724480756304481
fbc_tfnbs,"e=0.8,h=3.0,n=30,start_thres=1.25,min_cluster_size=3",hub,0.25,30,26,40,1730,14,14,26,1716,0.35,0.0080924855491329,0.5,0.5,0.1724480756304481
fbc_tfnbs,"e=0.8,h=4.0,n=30,start_thres=1.25,min_cluster_size=3",hub,0.25,30,26,40,1730,14,14,26,1716,0.35,0.0080924855491329,0.5,0.5,0.1724480756304481
fbc_tfnbs,"e=0.8,h=5.0,n=30,start_thres=1.25,min_cluster_size=3",hub,0.25,30,26,40,1730,14,10,26,1720,0.35,0.0057803468208092,0.5833333333333334,0.4166666666666667,0.1724480756304481
fbc_tfnbs,"e=0.8,h=6.0,n=30,start_thres=1.25,min_cluster_size=3",hub,0.25,30,26,40,1730,14,10,26,1720,0.35,0.0057803468208092,0.5833333333333334,0.4166666666666667,0.1724480756304481
fbc_tfnbs,"e=0.8,h=7.0,n=30,start_thres=1.25,min_cluster_size=3",hub,0.25,30,26,40,1730,14,10,26,1720,0.35,0.0057803468208092,0.5833333333333334,0.4166666666666667,0.1724480756304481
fbc_tfnbs,"e=0.8,h=8.0,n=30,start_thres=1.25,min_cluster_size=3",hub,0.25,30,26,40,1730,14,7,26,1723,0.35,0.0040462427745664,0.6666666666666666,0.3333333333333333,0.1724480756304481
fbc_tfnbs,"e=0.8,h=9.0,n=30,start_thres=1.25,min_cluster_size=3",hub,0.25,30,26,40,1730,17,7,23,1723,0.425,0.0040462427745664,0.7083333333333334,0.2916666666666667,0.1724480756304481
fbc_tfnbs,"e=0.8,h=10.0,n=30,start_thres=1.25,min_cluster_size=3",hub,0.25,30,26,40,1730,17,7,23,1723,0.425,0.0040462427745664,0.7083333333333334,0.2916666666666667,0.1724480756304481
fbc_tfnbs,"e=0.9,h=0.5,n=30,start_thres=1.25,min_cluster_size=3",hub,0.25,30,26,40,1730,12,22,28,1708,0.3,0.0127167630057803,0.3529411764705882,0.6470588235294118,0.1724480756304481
fbc_tfnbs,"e=0.9,h=1.0,n=30,start_thres=1.25,min_cluster_size=3",hub,0.25,30,26,40,1730,12,22,28,1708,0.3,0.0127167630057803,0.3529411764705882,0.6470588235294118,0.1724480756304481
fbc_tfnbs,"e=0.9,h=2.0,n=30,start_thres=1.25,min_cluster_size=3",hub,0.25,30,26,40,1730,13,15,27,1715,0.325,0.0086705202312138,0.4642857142857143,0.5357142857142857,0.1724480756304481
fbc_tfnbs,"e=0.9,h=3.0,n=30,start_thres=1.25,min_cluster_size=3",hub,0.25,30,26,40,1730,14,15,26,1715,0.35,0.0086705202312138,0.4827586206896552,0.5172413793103449,0.1724480756304481
fbc_tfnbs,"e=0.9,h=4.0,n=30,start_thres=1.25,min_cluster_size=3",hub,0.25,30,26,40,1730,14,14,26,1716,0.35,0.0080924855491329,0.5,0.5,0.1724480756304481
fbc_tfnbs,"e=0.9,h=5.0,n=30,start_thres=1.25,min_cluster_size=3",hub,0.25,30,26,40,1730,14,14,26,1716,0.35,0.0080924855491329,0.5,0.5,0.1724480756304481
fbc_tfnbs,"e=0.9,h=6.0,n=30,start_thres=1.25,min_cluster_size=3",hub,0.25,30,26,40,1730,14,10,26,1720,0.35,0.0057803468208092,0.5833333333333334,0.4166666666666667,0.1724480756304481
fbc_tfnbs,"e=0.9,h=7.0,n=30,start_thres=1.25,min_cluster_size=3",hub,0.25,30,26,40,1730,14,10,26,1720,0.35,0.0057803468208092,0.5833333333333334,0.4166666666666667,0.1724480756304481
fbc_tfnbs,"e=0.9,h=8.0,n=30,start_thres=1.25,min_cluster_size=3",hub,0.25,30,26,40,1730,14,10,26,1720,0.35,0.0057803468208092,0.5833333333333334,0.4166666666666667,0.1724480756304481
fbc_tfnbs,"e=0.9,h=9.0,n=30,start_thres=1.25,min_cluster_size=3",hub,0.25,30,26,40,1730,14,10,26,1720,0.35,0.0057803468208092,0.5833333333333334,0.4166666666666667,0.1724480756304481
fbc_tfnbs,"e=0.9,h=10.0,n=30,start_thres=1.25,min_cluster_size=3",hub,0.25,30,26,40,1730,17,7,23,1723,0.425,0.0040462427745664,0.7083333333333334,0.2916666666666667,0.1724480756304481
fbc_tfnbs,"e=1.0,h=0.5,n=30,start_thres=1.25,min_cluster_size=3",hub,0.25,30,26,40,1730,11,21,29,1709,0.275,0.0121387283236994,0.34375,0.65625,0.1724480756304481
fbc_tfnbs,"e=1.0,h=1.0,n=30,start_thres=1.25,min_cluster_size=3",hub,0.25,30,26,40,1730,12,22,28,1708,0.3,0.0127167630057803,0.3529411764705882,0.6470588235294118,0.1724480756304481
fbc_tfnbs,"e=1.0,h=2.0,n=30,start_thres=1.25,min_cluster_size=3",hub,0.25,30,26,40,1730,13,22,27,1708,0.325,0.0127167630057803,0.3714285714285714,0.6285714285714286,0.1724480756304481
fbc_tfnbs,"e=1.0,h=3.0,n=30,start_thres=1.25,min_cluster_size=3",hub,0.25,30,26,40,1730,14,15,26,1715,0.35,0.0086705202312138,0.4827586206896552,0.5172413793103449,0.1724480756304481
fbc_tfnbs,"e=1.0,h=4.0,n=30,start_thres=1.25,min_cluster_size=3",hub,0.25,30,26,40,1730,14,15,26,1715,0.35,0.0086705202312138,0.4827586206896552,0.5172413793103449,0.1724480756304481
fbc_tfnbs,"e=1.0,h=5.0,n=30,start_thres=1.25,min_cluster_size=3",hub,0.25,30,26,40,1730,14,14,26,1716,0.35,0.0080924855491329,0.5,0.5,0.1724480756304481
fbc_tfnbs,"e=1.0,h=6.0,n=30,start_thres=1.25,min_cluster_size=3",hub,0.25,30,26,40,1730,14,14,26,1716,0.35,0.0080924855491329,0.5,0.5,0.1724480756304481
fbc_tfnbs,"e=1.0,h=7.0,n=30,start_thres=1.25,min_cluster_size=3",hub,0.25,30,26,40,1730,14,11,26,1719,0.35,0.0063583815028901,0.56,0.44,0.1724480756304481
fbc_tfnbs,"e=1.0,h=8.0,n=30,start_thres=1.25,min_cluster_size=3",hub,0.25,30,26,40,1730,14,10,26,1720,0.35,0.0057803468208092,0.5833333333333334,0.4166666666666667,0.1724480756304481
fbc_tfnbs,"e=1.0,h=9.0,n=30,start_thres=1.25,min_cluster_size=3",hub,0.25,30,26,40,1730,14,10,26,1720,0.35,0.0057803468208092,0.5833333333333334,0.4166666666666667,0.1724480756304481
fbc_tfnbs,"e=1.0,h=10.0,n=30,start_thres=1.25,min_cluster_size=3",hub,0.25,30,26,40,1730,14,10,26,1720,0.35,0.0057803468208092,0.5833333333333334,0.4166666666666667,0.1724480756304481
fbc_tfnbs,"e=1.1,h=0.5,n=30,start_thres=1.25,min_cluster_size=3",hub,0.25,30,26,40,1730,11,25,29,1705,0.275,0.0144508670520231,0.3055555555555556,0.6944444444444444,0.1724480756304481
fbc_tfnbs,"e=1.1,h=1.0,n=30,start_thres=1.25,min_cluster_size=3",hub,0.25,30,26,40,1730,11,22,29,1708,0.275,0.0127167630057803,0.3333333333333333,0.6666666666666666,0.1724480756304481
fbc_tfnbs,"e=1.1,h=2.0,n=30,start_thres=1.25,min_cluster_size=3",hub,0.25,30,26,40,1730,12,22,28,1708,0.3,0.0127167630057803,0.3529411764705882,0.6470588235294118,0.1724480756304481
fbc_tfnbs,"e=1.1,h=3.0,n=30,start_thres=1.25,min_cluster_size=3",hub,0.25,30,26,40,1730,13,22,27,1708,0.325,0.0127167630057803,0.3714285714285714,0.6285714285714286,0.1724480756304481
fbc_tfnbs,"e=1.1,h=4.0,n=30,start_thres=1.25,min_cluster_size=3",hub,0.25,30,26,40,1730,14,15,26,1715,0.35,0.0086705202312138,0.4827586206896552,0.5172413793103449,0.1724480756304481
fbc_tfnbs,"e=1.1,h=5.0,n=30,start_thres=1.25,min_cluster_size=3",hub,0.25,30,26,40,1730,14,15,26,1715,0.35,0.0086705202312138,0.4827586206896552,0.5172413793103449,0.1724480756304481
fbc_tfnbs,"e=1.1,h=6.0,n=30,start_thres=1.25,min_cluster_size=3",hub,0.25,30,26,40,1730,14,14,26,1716,0.35,0.0080924855491329,0.5,0.5,0.1724480756304481
fbc_tfnbs,"e=1.1,h=7.0,n=30,start_thres=1.25,min_cluster_size=3",hub,0.25,30,26,40,1730,14,14,26,1716,0.35,0.0080924855491329,0.5,0.5,0.1724480756304481
fbc_tfnbs,"e=1.1,h=8.0,n=30,start_thres=1.25,min_cluster_size=3",hub,0.25,30,26,40,1730,14,11,26,1719,0.35,0.0063583815028901,0.56,0.44,0.1724480756304481
fbc_tfnbs,"e=1.1,h=9.0,n=30,start_thres=1.25,min_cluster_size=3",hub,0.25,30,26,40,1730,14,10,26,1720,0.35,0.0057803468208092,0.5833333333333334,0.4166666666666667,0.1724480756304481
fbc_tfnbs,"e=1.1,h=10.0,n=30,start_thres=1.25,min_cluster_size=3",hub,0.25,30,26,40,1730,14,10,26,1720,0.35,0.0057803468208092,0.5833333333333334,0.4166666666666667,0.1724480756304481
fbc_tfnbs,"e=1.2,h=0.5,n=30,start_thres=1.25,min_cluster_size=3",hub,0.25,30,26,40,1730,9,25,31,1705,0.225,0.0144508670520231,0.2647058823529412,0.7352941176470589,0.1724480756304481
fbc_tfnbs,"e=1.2,h=1.0,n=30,start_thres=1.25,min_cluster_size=3",hub,0.25,30,26,40,1730,11,26,29,1704,0.275,0.015028901734104,0.2972972972972973,0.7027027027027027,0.1724480756304481
fbc_tfnbs,"e=1.2,h=2.0,n=30,start_thres=1.25,min_cluster_size=3",hub,0.25,30,26,40,1730,12,22,28,1708,0.3,0.0127167630057803,0.3529411764705882,0.6470588235294118,0.1724480756304481
fbc_tfnbs,"e=1.2,h=3.0,n=30,start_thres=1.25,min_cluster_size=3",hub,0.25,30,26,40,1730,13,22,27,1708,0.325,0.0127167630057803,0.3714285714285714,0.6285714285714286,0.1724480756304481
fbc_tfnbs,"e=1.2,h=4.0,n=30,start_thres=1.25,min_cluster_size=3",hub,0.25,30,26,40,1730,14,22,26,1708,0.35,0.0127167630057803,0.3888888888888889,0.6111111111111112,0.1724480756304481
fbc_tfnbs,"e=1.2,h=5.0,n=30,start_thres=1.25,min_cluster_size=3",hub,0.25,30,26,40,1730,14,15,26,1715,0.35,0.0086705202312138,0.4827586206896552,0.5172413793103449,0.1724480756304481
fbc_tfnbs,"e=1.2,h=6.0,n=30,start_thres=1.25,min_cluster_size=3",hub,0.25,30,26,40,1730,15,16,25,1714,0.375,0.0092485549132947,0.4838709677419355,0.5161290322580645,0.1724480756304481
fbc_tfnbs,"e=1.2,h=7.0,n=30,start_thres=1.25,min_cluster_size=3",hub,0.25,30,26,40,1730,15,15,25,1715,0.375,0.0086705202312138,0.5,0.5,0.1724480756304481
fbc_tfnbs,"e=1.2,h=8.0,n=30,start_thres=1.25,min_cluster_size=3",hub,0.25,30,26,40,1730,15,15,25,1715,0.375,0.0086705202312138,0.5,0.5,0.1724480756304481
fbc_tfnbs,"e=1.2,h=9.0,n=30,start_thres=1.25,min_cluster_size=3",hub,0.25,30,26,40,1730,15,12,25,1718,0.375,0.006936416184971,0.5555555555555556,0.4444444444444444,0.1724480756304481
fbc_tfnbs,"e=1.2,h=10.0,n=30,start_thres=1.25,min_cluster_size=3",hub,0.25,30,26,40,1730,15,12,25,1718,0.375,0.006936416184971,0.5555555555555556,0.4444444444444444,0.1724480756304481
fbc_tfnbs,"e=1.3,h=0.5,n=30,start_thres=1.25,min_cluster_size=3",hub,0.25,30,26,40,1730,6,25,34,1705,0.15,0.0144508670520231,0.1935483870967742,0.8064516129032258,0.1724480756304481
fbc_tfnbs,"e=1.3,h=1.0,n=30,start_thres=1.25,min_cluster_size=3",hub,0.25,30,26,40,1730,11,26,29,1704,0.275,0.015028901734104,0.2972972972972973,0.7027027027027027,0.1724480756304481
fbc_tfnbs,"e=1.3,h=2.0,n=30,start_thres=1.25,min_cluster_size=3",hub,0.25,30,26,40,1730,12,26,28,1704,0.3,0.015028901734104,0.3157894736842105,0.6842105263157895,0.1724480756304481
fbc_tfnbs,"e=1.3,h=3.0,n=30,start_thres=1.25,min_cluster_size=3",hub,0.25,30,26,40,1730,13,22,27,1708,0.325,0.0127167630057803,0.3714285714285714,0.6285714285714286,0.1724480756304481
fbc_tfnbs,"e=1.3,h=4.0,n=30,start_thres=1.25,min_cluster_size=3",hub,0.25,30,26,40,1730,15,25,25,1705,0.375,0.0144508670520231,0.375,0.625,0.1724480756304481
fbc_tfnbs,"e=1.3,h=5.0,n=30,start_thres=1.25,min_cluster_size=3",hub,0.25,30,26,40,1730,15,25,25,1705,0.375,0.0144508670520231,0.375,0.625,0.1724480756304481
fbc_tfnbs,"e=1.3,h=6.0,n=30,start_thres=1.25,min_cluster_size=3",hub,0.25,30,26,40,1730,15,16,25,1714,0.375,0.0092485549132947,0.4838709677419355,0.5161290322580645,0.1724480756304481
fbc_tfnbs,"e=1.3,h=7.0,n=30,start_thres=1.25,min_cluster_size=3",hub,0.25,30,26,40,1730,15,15,25,1715,0.375,0.0086705202312138,0.5,0.5,0.1724480756304481
fbc_tfnbs,"e=1.3,h=8.0,n=30,start_thres=1.25,min_cluster_size=3",hub,0.25,30,26,40,1730,15,15,25,1715,0.375,0.0086705202312138,0.5,0.5,0.1724480756304481
fbc_tfnbs,"e=1.3,h=9.0,n=30,start_thres=1.25,min_cluster_size=3",hub,0.25,30,26,40,1730,15,15,25,1715,0.375,0.0086705202312138,0.5,0.5,0.1724480756304481
fbc_tfnbs,"e=1.3,h=10.0,n=30,start_thres=1.25,min_cluster_size=3",hub,0.25,30,26,40,1730,15,12,25,1718,0.375,0.006936416184971,0.5555555555555556,0.4444444444444444,0.1724480756304481
fbc_tfnbs,"e=1.4,h=0.5,n=30,start_thres=1.25,min_cluster_size=3",hub,0.25,30,26,40,1730,6,33,34,1697,0.15,0.0190751445086705,0.1538461538461538,0.8461538461538461,0.1724480756304481
fbc_tfnbs,"e=1.4,h=1.0,n=30,start_thres=1.25,min_cluster_size=3",hub,0.25,30,26,40,1730,9,25,31,1705,0.225,0.0144508670520231,0.2647058823529412,0.7352941176470589,0.1724480756304481
fbc_tfnbs,"e=1.4,h=2.0,n=30,start_thres=1.25,min_cluster_size=3",hub,0.25,30,26,40,1730,12,26,28,1704,0.3,0.015028901734104,0.3157894736842105,0.6842105263157895,0.1724480756304481
fbc_tfnbs,"e=1.4,h=3.0,n=30,start_thres=1.25,min_cluster_size=3",hub,0.25,30,26,40,1730,12,26,28,1704,0.3,0.015028901734104,0.3157894736842105,0.6842105263157895,0.1724480756304481
fbc_tfnbs,"e=1.4,h=4.0,n=30,start_thres=1.25,min_cluster_size=3",hub,0.25,30,26,40,1730,14,25,26,1705,0.35,0.0144508670520231,0.358974358974359,0.6410256410256411,0.1724480756304481
fbc_tfnbs,"e=1.4,h=5.0,n=30,start_thres=1.25,min_cluster_size=3",hub,0.25,30,26,40,1730,15,25,25,1705,0.375,0.0144508670520231,0.375,0.625,0.1724480756304481
fbc_tfnbs,"e=1.4,h=6.0,n=30,start_thres=1.25,min_cluster_size=3",hub,0.25,30,26,40,1730,16,26,24,1704,0.4,0.015028901734104,0.3809523809523809,0.6190476190476191,0.1724480756304481
fbc_tfnbs,"e=1.4,h=7.0,n=30,start_thres=1.25,min_cluster_size=3",hub,0.25,30,26,40,1730,16,19,24,1711,0.4,0.0109826589595375,0.4571428571428571,0.5428571428571428,0.1724480756304481
fbc_tfnbs,"e=1.4,h=8.0,n=30,start_thres=1.25,min_cluster_size=3",hub,0.25,30,26,40,1730,15,15,25,1715,0.375,0.0086705202312138,0.5,0.5,0.1724480756304481
fbc_tfnbs,"e=1.4,h=9.0,n=30,start_thres=1.25,min_cluster_size=3",hub,0.25,30,26,40,1730,15,15,25,1715,0.375,0.0086705202312138,0.5,0.5,0.1724480756304481
fbc_tfnbs,"e=1.4,h=10.0,n=30,start_thres=1.25,min_cluster_size=3",hub,0.25,30,26,40,1730,15,15,25,1715,0.375,0.0086705202312138,0.5,0.5,0.1724480756304481
fbc_tfnbs,"e=1.5,h=0.5,n=30,start_thres=1.25,min_cluster_size=3",hub,0.25,30,26,40,1730,5,33,35,1697,0.125,0.0190751445086705,0.131578947368421,0.868421052631579,0.1724480756304481
fbc_tfnbs,"e=1.5,h=1.0,n=30,start_thres=1.25,min_cluster_size=3",hub,0.25,30,26,40,1730,6,33,34,1697,0.15,0.0190751445086705,0.1538461538461538,0.8461538461538461,0.1724480756304481
fbc_tfnbs,"e=1.5,h=2.0,n=30,start_thres=1.25,min_cluster_size=3",hub,0.25,30,26,40,1730,11,26,29,1704,0.275,0.015028901734104,0.2972972972972973,0.7027027027027027,0.1724480756304481
fbc_tfnbs,"e=1.5,h=3.0,n=30,start_thres=1.25,min_cluster_size=3",hub,0.25,30,26,40,1730,12,26,28,1704,0.3,0.015028901734104,0.3157894736842105,0.6842105263157895,0.1724480756304481
fbc_tfnbs,"e=1.5,h=4.0,n=30,start_thres=1.25,min_cluster_size=3",hub,0.25,30,26,40,1730,14,29,26,1701,0.35,0.0167630057803468,0.3255813953488372,0.6744186046511628,0.1724480756304481
fbc_tfnbs,"e=1.5,h=5.0,n=30,start_thres=1.25,min_cluster_size=3",hub,0.25,30,26,40,1730,15,25,25,1705,0.375,0.0144508670520231,0.375,0.625,0.1724480756304481
fbc_tfnbs,"e=1.5,h=6.0,n=30,start_thres=1.25,min_cluster_size=3",hub,0.25,30,26,40,1730,16,26,24,1704,0.4,0.015028901734104,0.3809523809523809,0.6190476190476191,0.1724480756304481
fbc_tfnbs,"e=1.5,h=7.0,n=30,start_thres=1.25,min_cluster_size=3",hub,0.25,30,26,40,1730,16,19,24,1711,0.4,0.0109826589595375,0.4571428571428571,0.5428571428571428,0.1724480756304481
fbc_tfnbs,"e=1.5,h=8.0,n=30,start_thres=1.25,min_cluster_size=3",hub,0.25,30,26,40,1730,15,16,25,1714,0.375,0.0092485549132947,0.4838709677419355,0.5161290322580645,0.1724480756304481
fbc_tfnbs,"e=1.5,h=9.0,n=30,start_thres=1.25,min_cluster_size=3",hub,0.25,30,26,40,1730,15,15,25,1715,0.375,0.0086705202312138,0.5,0.5,0.1724480756304481
fbc_tfnbs,"e=1.5,h=10.0,n=30,start_thres=1.25,min_cluster_size=3",hub,0.25,30,26,40,1730,15,15,25,1715,0.375,0.0086705202312138,0.5,0.5,0.1724480756304481
fbc_tfnbs,"e=0.05,h=0.5,n=30,start_thres=1.25,min_cluster_size=3",hub,0.25,30,27,40,1730,16,3,24,1727,0.4,0.0017341040462427,0.8421052631578947,0.1578947368421052,0.1727351532741026
fbc_tfnbs,"e=0.05,h=1.0,n=30,start_thres=1.25,min_cluster_size=3",hub,0.25,30,27,40,1730,16,3,24,1727,0.4,0.0017341040462427,0.8421052631578947,0.1578947368421052,0.1727351532741026
fbc_tfnbs,"e=0.05,h=2.0,n=30,start_thres=1.25,min_cluster_size=3",hub,0.25,30,27,40,1730,17,3,23,1727,0.425,0.0017341040462427,0.85,0.15,0.1727351532741026
fbc_tfnbs,"e=0.05,h=3.0,n=30,start_thres=1.25,min_cluster_size=3",hub,0.25,30,27,40,1730,17,3,23,1727,0.425,0.0017341040462427,0.85,0.15,0.1727351532741026
fbc_tfnbs,"e=0.05,h=4.0,n=30,start_thres=1.25,min_cluster_size=3",hub,0.25,30,27,40,1730,17,3,23,1727,0.425,0.0017341040462427,0.85,0.15,0.1727351532741026
fbc_tfnbs,"e=0.05,h=5.0,n=30,start_thres=1.25,min_cluster_size=3",hub,0.25,30,27,40,1730,17,3,23,1727,0.425,0.0017341040462427,0.85,0.15,0.1727351532741026
fbc_tfnbs,"e=0.05,h=6.0,n=30,start_thres=1.25,min_cluster_size=3",hub,0.25,30,27,40,1730,17,3,23,1727,0.425,0.0017341040462427,0.85,0.15,0.1727351532741026
fbc_tfnbs,"e=0.05,h=7.0,n=30,start_thres=1.25,min_cluster_size=3",hub,0.25,30,27,40,1730,17,3,23,1727,0.425,0.0017341040462427,0.85,0.15,0.1727351532741026
fbc_tfnbs,"e=0.05,h=8.0,n=30,start_thres=1.25,min_cluster_size=3",hub,0.25,30,27,40,1730,17,3,23,1727,0.425,0.0017341040462427,0.85,0.15,0.1727351532741026
fbc_tfnbs,"e=0.05,h=9.0,n=30,start_thres=1.25,min_cluster_size=3",hub,0.25,30,27,40,1730,17,3,23,1727,0.425,0.0017341040462427,0.85,0.15,0.1727351532741026
fbc_tfnbs,"e=0.05,h=10.0,n=30,start_thres=1.25,min_cluster_size=3",hub,0.25,30,27,40,1730,17,3,23,1727,0.425,0.0017341040462427,0.85,0.15,0.1727351532741026
fbc_tfnbs,"e=0.1,h=0.5,n=30,start_thres=1.25,min_cluster_size=3",hub,0.25,30,27,40,1730,17,3,23,1727,0.425,0.0017341040462427,0.85,0.15,0.1727351532741026
fbc_tfnbs,"e=0.1,h=1.0,n=30,start_thres=1.25,min_cluster_size=3",hub,0.25,30,27,40,1730,17,3,23,1727,0.425,0.0017341040462427,0.85,0.15,0.1727351532741026
fbc_tfnbs,"e=0.1,h=2.0,n=30,start_thres=1.25,min_cluster_size=3",hub,0.25,30,27,40,1730,17,3,23,1727,0.425,0.0017341040462427,0.85,0.15,0.1727351532741026
fbc_tfnbs,"e=0.1,h=3.0,n=30,start_thres=1.25,min_cluster_size=3",hub,0.25,30,27,40,1730,17,3,23,1727,0.425,0.0017341040462427,0.85,0.15,0.1727351532741026
fbc_tfnbs,"e=0.1,h=4.0,n=30,start_thres=1.25,min_cluster_size=3",hub,0.25,30,27,40,1730,17,3,23,1727,0.425,0.0017341040462427,0.85,0.15,0.1727351532741026
fbc_tfnbs,"e=0.1,h=5.0,n=30,start_thres=1.25,min_cluster_size=3",hub,0.25,30,27,40,1730,17,3,23,1727,0.425,0.0017341040462427,0.85,0.15,0.1727351532741026
fbc_tfnbs,"e=0.1,h=6.0,n=30,start_thres=1.25,min_cluster_size=3",hub,0.25,30,27,40,1730,17,3,23,1727,0.425,0.0017341040462427,0.85,0.15,0.1727351532741026
fbc_tfnbs,"e=0.1,h=7.0,n=30,start_thres=1.25,min_cluster_size=3",hub,0.25,30,27,40,1730,17,3,23,1727,0.425,0.0017341040462427,0.85,0.15,0.1727351532741026
fbc_tfnbs,"e=0.1,h=8.0,n=30,start_thres=1.25,min_cluster_size=3",hub,0.25,30,27,40,1730,17,3,23,1727,0.425,0.0017341040462427,0.85,0.15,0.1727351532741026
fbc_tfnbs,"e=0.1,h=9.0,n=30,start_thres=1.25,min_cluster_size=3",hub,0.25,30,27,40,1730,17,3,23,1727,0.425,0.0017341040462427,0.85,0.15,0.1727351532741026
fbc_tfnbs,"e=0.1,h=10.0,n=30,start_thres=1.25,min_cluster_size=3",hub,0.25,30,27,40,1730,17,3,23,1727,0.425,0.0017341040462427,0.85,0.15,0.1727351532741026
fbc_tfnbs,"e=0.2,h=0.5,n=30,start_thres=1.25,min_cluster_size=3",hub,0.25,30,27,40,1730,17,3,23,1727,0.425,0.0017341040462427,0.85,0.15,0.1727351532741026
fbc_tfnbs,"e=0.2,h=1.0,n=30,start_thres=1.25,min_cluster_size=3",hub,0.25,30,27,40,1730,17,3,23,1727,0.425,0.0017341040462427,0.85,0.15,0.1727351532741026
fbc_tfnbs,"e=0.2,h=2.0,n=30,start_thres=1.25,min_cluster_size=3",hub,0.25,30,27,40,1730,17,3,23,1727,0.425,0.0017341040462427,0.85,0.15,0.1727351532741026
fbc_tfnbs,"e=0.2,h=3.0,n=30,start_thres=1.25,min_cluster_size=3",hub,0.25,30,27,40,1730,17,3,23,1727,0.425,0.0017341040462427,0.85,0.15,0.1727351532741026
fbc_tfnbs,"e=0.2,h=4.0,n=30,start_thres=1.25,min_cluster_size=3",hub,0.25,30,27,40,1730,17,3,23,1727,0.425,0.0017341040462427,0.85,0.15,0.1727351532741026
fbc_tfnbs,"e=0.2,h=5.0,n=30,start_thres=1.25,min_cluster_size=3",hub,0.25,30,27,40,1730,17,3,23,1727,0.425,0.0017341040462427,0.85,0.15,0.1727351532741026
fbc_tfnbs,"e=0.2,h=6.0,n=30,start_thres=1.25,min_cluster_size=3",hub,0.25,30,27,40,1730,17,3,23,1727,0.425,0.0017341040462427,0.85,0.15,0.1727351532741026
fbc_tfnbs,"e=0.2,h=7.0,n=30,start_thres=1.25,min_cluster_size=3",hub,0.25,30,27,40,1730,17,3,23,1727,0.425,0.0017341040462427,0.85,0.15,0.1727351532741026
fbc_tfnbs,"e=0.2,h=8.0,n=30,start_thres=1.25,min_cluster_size=3",hub,0.25,30,27,40,1730,17,3,23,1727,0.425,0.0017341040462427,0.85,0.15,0.1727351532741026
fbc_tfnbs,"e=0.2,h=9.0,n=30,start_thres=1.25,min_cluster_size=3",hub,0.25,30,27,40,1730,17,3,23,1727,0.425,0.0017341040462427,0.85,0.15,0.1727351532741026
fbc_tfnbs,"e=0.2,h=10.0,n=30,start_thres=1.25,min_cluster_size=3",hub,0.25,30,27,40,1730,17,3,23,1727,0.425,0.0017341040462427,0.85,0.15,0.1727351532741026
fbc_tfnbs,"e=0.3,h=0.5,n=30,start_thres=1.25,min_cluster_size=3",hub,0.25,30,27,40,1730,18,3,22,1727,0.45,0.0017341040462427,0.8571428571428571,0.1428571428571428,0.1727351532741026
fbc_tfnbs,"e=0.3,h=1.0,n=30,start_thres=1.25,min_cluster_size=3",hub,0.25,30,27,40,1730,18,3,22,1727,0.45,0.0017341040462427,0.8571428571428571,0.1428571428571428,0.1727351532741026
fbc_tfnbs,"e=0.3,h=2.0,n=30,start_thres=1.25,min_cluster_size=3",hub,0.25,30,27,40,1730,18,3,22,1727,0.45,0.0017341040462427,0.8571428571428571,0.1428571428571428,0.1727351532741026
fbc_tfnbs,"e=0.3,h=3.0,n=30,start_thres=1.25,min_cluster_size=3",hub,0.25,30,27,40,1730,18,3,22,1727,0.45,0.0017341040462427,0.8571428571428571,0.1428571428571428,0.1727351532741026
fbc_tfnbs,"e=0.3,h=4.0,n=30,start_thres=1.25,min_cluster_size=3",hub,0.25,30,27,40,1730,17,3,23,1727,0.425,0.0017341040462427,0.85,0.15,0.1727351532741026
fbc_tfnbs,"e=0.3,h=5.0,n=30,start_thres=1.25,min_cluster_size=3",hub,0.25,30,27,40,1730,17,3,23,1727,0.425,0.0017341040462427,0.85,0.15,0.1727351532741026
fbc_tfnbs,"e=0.3,h=6.0,n=30,start_thres=1.25,min_cluster_size=3",hub,0.25,30,27,40,1730,17,3,23,1727,0.425,0.0017341040462427,0.85,0.15,0.1727351532741026
fbc_tfnbs,"e=0.3,h=7.0,n=30,start_thres=1.25,min_cluster_size=3",hub,0.25,30,27,40,1730,17,3,23,1727,0.425,0.0017341040462427,0.85,0.15,0.1727351532741026
fbc_tfnbs,"e=0.3,h=8.0,n=30,start_thres=1.25,min_cluster_size=3",hub,0.25,30,27,40,1730,17,3,23,1727,0.425,0.0017341040462427,0.85,0.15,0.1727351532741026
fbc_tfnbs,"e=0.3,h=9.0,n=30,start_thres=1.25,min_cluster_size=3",hub,0.25,30,27,40,1730,17,3,23,1727,0.425,0.0017341040462427,0.85,0.15,0.1727351532741026
fbc_tfnbs,"e=0.3,h=10.0,n=30,start_thres=1.25,min_cluster_size=3",hub,0.25,30,27,40,1730,17,3,23,1727,0.425,0.0017341040462427,0.85,0.15,0.1727351532741026
fbc_tfnbs,"e=0.4,h=0.5,n=30,start_thres=1.25,min_cluster_size=3",hub,0.25,30,27,40,1730,18,3,22,1727,0.45,0.0017341040462427,0.8571428571428571,0.1428571428571428,0.1727351532741026
fbc_tfnbs,"e=0.4,h=1.0,n=30,start_thres=1.25,min_cluster_size=3",hub,0.25,30,27,40,1730,18,3,22,1727,0.45,0.0017341040462427,0.8571428571428571,0.1428571428571428,0.1727351532741026
fbc_tfnbs,"e=0.4,h=2.0,n=30,start_thres=1.25,min_cluster_size=3",hub,0.25,30,27,40,1730,18,3,22,1727,0.45,0.0017341040462427,0.8571428571428571,0.1428571428571428,0.1727351532741026
fbc_tfnbs,"e=0.4,h=3.0,n=30,start_thres=1.25,min_cluster_size=3",hub,0.25,30,27,40,1730,18,3,22,1727,0.45,0.0017341040462427,0.8571428571428571,0.1428571428571428,0.1727351532741026
fbc_tfnbs,"e=0.4,h=4.0,n=30,start_thres=1.25,min_cluster_size=3",hub,0.25,30,27,40,1730,18,3,22,1727,0.45,0.0017341040462427,0.8571428571428571,0.1428571428571428,0.1727351532741026
fbc_tfnbs,"e=0.4,h=5.0,n=30,start_thres=1.25,min_cluster_size=3",hub,0.25,30,27,40,1730,18,3,22,1727,0.45,0.0017341040462427,0.8571428571428571,0.1428571428571428,0.1727351532741026
fbc_tfnbs,"e=0.4,h=6.0,n=30,start_thres=1.25,min_cluster_size=3",hub,0.25,30,27,40,1730,18,3,22,1727,0.45,0.0017341040462427,0.8571428571428571,0.1428571428571428,0.1727351532741026
fbc_tfnbs,"e=0.4,h=7.0,n=30,start_thres=1.25,min_cluster_size=3",hub,0.25,30,27,40,1730,17,3,23,1727,0.425,0.0017341040462427,0.85,0.15,0.1727351532741026
fbc_tfnbs,"e=0.4,h=8.0,n=30,start_thres=1.25,min_cluster_size=3",hub,0.25,30,27,40,1730,17,3,23,1727,0.425,0.0017341040462427,0.85,0.15,0.1727351532741026
fbc_tfnbs,"e=0.4,h=9.0,n=30,start_thres=1.25,min_cluster_size=3",hub,0.25,30,27,40,1730,17,3,23,1727,0.425,0.0017341040462427,0.85,0.15,0.1727351532741026
fbc_tfnbs,"e=0.4,h=10.0,n=30,start_thres=1.25,min_cluster_size=3",hub,0.25,30,27,40,1730,17,3,23,1727,0.425,0.0017341040462427,0.85,0.15,0.1727351532741026
fbc_tfnbs,"e=0.5,h=0.5,n=30,start_thres=1.25,min_cluster_size=3",hub,0.25,30,27,40,1730,18,3,22,1727,0.45,0.0017341040462427,0.8571428571428571,0.1428571428571428,0.1727351532741026
fbc_tfnbs,"e=0.5,h=1.0,n=30,start_thres=1.25,min_cluster_size=3",hub,0.25,30,27,40,1730,18,3,22,1727,0.45,0.0017341040462427,0.8571428571428571,0.1428571428571428,0.1727351532741026
fbc_tfnbs,"e=0.5,h=2.0,n=30,start_thres=1.25,min_cluster_size=3",hub,0.25,30,27,40,1730,18,3,22,1727,0.45,0.0017341040462427,0.8571428571428571,0.1428571428571428,0.1727351532741026
fbc_tfnbs,"e=0.5,h=3.0,n=30,start_thres=1.25,min_cluster_size=3",hub,0.25,30,27,40,1730,18,3,22,1727,0.45,0.0017341040462427,0.8571428571428571,0.1428571428571428,0.1727351532741026
fbc_tfnbs,"e=0.5,h=4.0,n=30,start_thres=1.25,min_cluster_size=3",hub,0.25,30,27,40,1730,18,3,22,1727,0.45,0.0017341040462427,0.8571428571428571,0.1428571428571428,0.1727351532741026
fbc_tfnbs,"e=0.5,h=5.0,n=30,start_thres=1.25,min_cluster_size=3",hub,0.25,30,27,40,1730,18,3,22,1727,0.45,0.0017341040462427,0.8571428571428571,0.1428571428571428,0.1727351532741026
fbc_tfnbs,"e=0.5,h=6.0,n=30,start_thres=1.25,min_cluster_size=3",hub,0.25,30,27,40,1730,18,3,22,1727,0.45,0.0017341040462427,0.8571428571428571,0.1428571428571428,0.1727351532741026
fbc_tfnbs,"e=0.5,h=7.0,n=30,start_thres=1.25,min_cluster_size=3",hub,0.25,30,27,40,1730,18,3,22,1727,0.45,0.0017341040462427,0.8571428571428571,0.1428571428571428,0.1727351532741026
fbc_tfnbs,"e=0.5,h=8.0,n=30,start_thres=1.25,min_cluster_size=3",hub,0.25,30,27,40,1730,18,3,22,1727,0.45,0.0017341040462427,0.8571428571428571,0.1428571428571428,0.1727351532741026
fbc_tfnbs,"e=0.5,h=9.0,n=30,start_thres=1.25,min_cluster_size=3",hub,0.25,30,27,40,1730,18,3,22,1727,0.45,0.0017341040462427,0.8571428571428571,0.1428571428571428,0.1727351532741026
fbc_tfnbs,"e=0.5,h=10.0,n=30,start_thres=1.25,min_cluster_size=3",hub,0.25,30,27,40,1730,17,3,23,1727,0.425,0.0017341040462427,0.85,0.15,0.1727351532741026
fbc_tfnbs,"e=0.6,h=0.5,n=30,start_thres=1.25,min_cluster_size=3",hub,0.25,30,27,40,1730,18,3,22,1727,0.45,0.0017341040462427,0.8571428571428571,0.1428571428571428,0.1727351532741026
fbc_tfnbs,"e=0.6,h=1.0,n=30,start_thres=1.25,min_cluster_size=3",hub,0.25,30,27,40,1730,18,3,22,1727,0.45,0.0017341040462427,0.8571428571428571,0.1428571428571428,0.1727351532741026
fbc_tfnbs,"e=0.6,h=2.0,n=30,start_thres=1.25,min_cluster_size=3",hub,0.25,30,27,40,1730,18,4,22,1726,0.45,0.0023121387283236,0.8181818181818182,0.1818181818181818,0.1727351532741026
fbc_tfnbs,"e=0.6,h=3.0,n=30,start_thres=1.25,min_cluster_size=3",hub,0.25,30,27,40,1730,18,4,22,1726,0.45,0.0023121387283236,0.8181818181818182,0.1818181818181818,0.1727351532741026
fbc_tfnbs,"e=0.6,h=4.0,n=30,start_thres=1.25,min_cluster_size=3",hub,0.25,30,27,40,1730,18,4,22,1726,0.45,0.0023121387283236,0.8181818181818182,0.1818181818181818,0.1727351532741026
fbc_tfnbs,"e=0.6,h=5.0,n=30,start_thres=1.25,min_cluster_size=3",hub,0.25,30,27,40,1730,19,5,21,1725,0.475,0.0028901734104046,0.7916666666666666,0.2083333333333333,0.1727351532741026
fbc_tfnbs,"e=0.6,h=6.0,n=30,start_thres=1.25,min_cluster_size=3",hub,0.25,30,27,40,1730,19,5,21,1725,0.475,0.0028901734104046,0.7916666666666666,0.2083333333333333,0.1727351532741026
fbc_tfnbs,"e=0.6,h=7.0,n=30,start_thres=1.25,min_cluster_size=3",hub,0.25,30,27,40,1730,19,5,21,1725,0.475,0.0028901734104046,0.7916666666666666,0.2083333333333333,0.1727351532741026
fbc_tfnbs,"e=0.6,h=8.0,n=30,start_thres=1.25,min_cluster_size=3",hub,0.25,30,27,40,1730,18,3,22,1727,0.45,0.0017341040462427,0.8571428571428571,0.1428571428571428,0.1727351532741026
fbc_tfnbs,"e=0.6,h=9.0,n=30,start_thres=1.25,min_cluster_size=3",hub,0.25,30,27,40,1730,18,3,22,1727,0.45,0.0017341040462427,0.8571428571428571,0.1428571428571428,0.1727351532741026
fbc_tfnbs,"e=0.6,h=10.0,n=30,start_thres=1.25,min_cluster_size=3",hub,0.25,30,27,40,1730,18,3,22,1727,0.45,0.0017341040462427,0.8571428571428571,0.1428571428571428,0.1727351532741026
fbc_tfnbs,"e=0.7,h=0.5,n=30,start_thres=1.25,min_cluster_size=3",hub,0.25,30,27,40,1730,18,3,22,1727,0.45,0.0017341040462427,0.8571428571428571,0.1428571428571428,0.1727351532741026
fbc_tfnbs,"e=0.7,h=1.0,n=30,start_thres=1.25,min_cluster_size=3",hub,0.25,30,27,40,1730,18,3,22,1727,0.45,0.0017341040462427,0.8571428571428571,0.1428571428571428,0.1727351532741026
fbc_tfnbs,"e=0.7,h=2.0,n=30,start_thres=1.25,min_cluster_size=3",hub,0.25,30,27,40,1730,18,4,22,1726,0.45,0.0023121387283236,0.8181818181818182,0.1818181818181818,0.1727351532741026
fbc_tfnbs,"e=0.7,h=3.0,n=30,start_thres=1.25,min_cluster_size=3",hub,0.25,30,27,40,1730,19,5,21,1725,0.475,0.0028901734104046,0.7916666666666666,0.2083333333333333,0.1727351532741026
fbc_tfnbs,"e=0.7,h=4.0,n=30,start_thres=1.25,min_cluster_size=3",hub,0.25,30,27,40,1730,19,5,21,1725,0.475,0.0028901734104046,0.7916666666666666,0.2083333333333333,0.1727351532741026
fbc_tfnbs,"e=0.7,h=5.0,n=30,start_thres=1.25,min_cluster_size=3",hub,0.25,30,27,40,1730,19,5,21,1725,0.475,0.0028901734104046,0.7916666666666666,0.2083333333333333,0.1727351532741026
fbc_tfnbs,"e=0.7,h=6.0,n=30,start_thres=1.25,min_cluster_size=3",hub,0.25,30,27,40,1730,19,5,21,1725,0.475,0.0028901734104046,0.7916666666666666,0.2083333333333333,0.1727351532741026
fbc_tfnbs,"e=0.7,h=7.0,n=30,start_thres=1.25,min_cluster_size=3",hub,0.25,30,27,40,1730,19,5,21,1725,0.475,0.0028901734104046,0.7916666666666666,0.2083333333333333,0.1727351532741026
fbc_tfnbs,"e=0.7,h=8.0,n=30,start_thres=1.25,min_cluster_size=3",hub,0.25,30,27,40,1730,19,5,21,1725,0.475,0.0028901734104046,0.7916666666666666,0.2083333333333333,0.1727351532741026
fbc_tfnbs,"e=0.7,h=9.0,n=30,start_thres=1.25,min_cluster_size=3",hub,0.25,30,27,40,1730,19,5,21,1725,0.475,0.0028901734104046,0.7916666666666666,0.2083333333333333,0.1727351532741026
fbc_tfnbs,"e=0.7,h=10.0,n=30,start_thres=1.25,min_cluster_size=3",hub,0.25,30,27,40,1730,19,5,21,1725,0.475,0.0028901734104046,0.7916666666666666,0.2083333333333333,0.1727351532741026
fbc_tfnbs,"e=0.8,h=0.5,n=30,start_thres=1.25,min_cluster_size=3",hub,0.25,30,27,40,1730,17,3,23,1727,0.425,0.0017341040462427,0.85,0.15,0.1727351532741026
fbc_tfnbs,"e=0.8,h=1.0,n=30,start_thres=1.25,min_cluster_size=3",hub,0.25,30,27,40,1730,18,3,22,1727,0.45,0.0017341040462427,0.8571428571428571,0.1428571428571428,0.1727351532741026
fbc_tfnbs,"e=0.8,h=2.0,n=30,start_thres=1.25,min_cluster_size=3",hub,0.25,30,27,40,1730,18,4,22,1726,0.45,0.0023121387283236,0.8181818181818182,0.1818181818181818,0.1727351532741026
fbc_tfnbs,"e=0.8,h=3.0,n=30,start_thres=1.25,min_cluster_size=3",hub,0.25,30,27,40,1730,19,5,21,1725,0.475,0.0028901734104046,0.7916666666666666,0.2083333333333333,0.1727351532741026
fbc_tfnbs,"e=0.8,h=4.0,n=30,start_thres=1.25,min_cluster_size=3",hub,0.25,30,27,40,1730,19,5,21,1725,0.475,0.0028901734104046,0.7916666666666666,0.2083333333333333,0.1727351532741026
fbc_tfnbs,"e=0.8,h=5.0,n=30,start_thres=1.25,min_cluster_size=3",hub,0.25,30,27,40,1730,19,5,21,1725,0.475,0.0028901734104046,0.7916666666666666,0.2083333333333333,0.1727351532741026
fbc_tfnbs,"e=0.8,h=6.0,n=30,start_thres=1.25,min_cluster_size=3",hub,0.25,30,27,40,1730,19,5,21,1725,0.475,0.0028901734104046,0.7916666666666666,0.2083333333333333,0.1727351532741026
fbc_tfnbs,"e=0.8,h=7.0,n=30,start_thres=1.25,min_cluster_size=3",hub,0.25,30,27,40,1730,19,5,21,1725,0.475,0.0028901734104046,0.7916666666666666,0.2083333333333333,0.1727351532741026
fbc_tfnbs,"e=0.8,h=8.0,n=30,start_thres=1.25,min_cluster_size=3",hub,0.25,30,27,40,1730,19,5,21,1725,0.475,0.0028901734104046,0.7916666666666666,0.2083333333333333,0.1727351532741026
fbc_tfnbs,"e=0.8,h=9.0,n=30,start_thres=1.25,min_cluster_size=3",hub,0.25,30,27,40,1730,19,5,21,1725,0.475,0.0028901734104046,0.7916666666666666,0.2083333333333333,0.1727351532741026
fbc_tfnbs,"e=0.8,h=10.0,n=30,start_thres=1.25,min_cluster_size=3",hub,0.25,30,27,40,1730,19,5,21,1725,0.475,0.0028901734104046,0.7916666666666666,0.2083333333333333,0.1727351532741026
fbc_tfnbs,"e=0.9,h=0.5,n=30,start_thres=1.25,min_cluster_size=3",hub,0.25,30,27,40,1730,17,3,23,1727,0.425,0.0017341040462427,0.85,0.15,0.1727351532741026
fbc_tfnbs,"e=0.9,h=1.0,n=30,start_thres=1.25,min_cluster_size=3",hub,0.25,30,27,40,1730,18,3,22,1727,0.45,0.0017341040462427,0.8571428571428571,0.1428571428571428,0.1727351532741026
fbc_tfnbs,"e=0.9,h=2.0,n=30,start_thres=1.25,min_cluster_size=3",hub,0.25,30,27,40,1730,18,4,22,1726,0.45,0.0023121387283236,0.8181818181818182,0.1818181818181818,0.1727351532741026
fbc_tfnbs,"e=0.9,h=3.0,n=30,start_thres=1.25,min_cluster_size=3",hub,0.25,30,27,40,1730,18,4,22,1726,0.45,0.0023121387283236,0.8181818181818182,0.1818181818181818,0.1727351532741026
fbc_tfnbs,"e=0.9,h=4.0,n=30,start_thres=1.25,min_cluster_size=3",hub,0.25,30,27,40,1730,19,5,21,1725,0.475,0.0028901734104046,0.7916666666666666,0.2083333333333333,0.1727351532741026
fbc_tfnbs,"e=0.9,h=5.0,n=30,start_thres=1.25,min_cluster_size=3",hub,0.25,30,27,40,1730,19,5,21,1725,0.475,0.0028901734104046,0.7916666666666666,0.2083333333333333,0.1727351532741026
fbc_tfnbs,"e=0.9,h=6.0,n=30,start_thres=1.25,min_cluster_size=3",hub,0.25,30,27,40,1730,19,5,21,1725,0.475,0.0028901734104046,0.7916666666666666,0.2083333333333333,0.1727351532741026
fbc_tfnbs,"e=0.9,h=7.0,n=30,start_thres=1.25,min_cluster_size=3",hub,0.25,30,27,40,1730,19,5,21,1725,0.475,0.0028901734104046,0.7916666666666666,0.2083333333333333,0.1727351532741026
fbc_tfnbs,"e=0.9,h=8.0,n=30,start_thres=1.25,min_cluster_size=3",hub,0.25,30,27,40,1730,19,5,21,1725,0.475,0.0028901734104046,0.7916666666666666,0.2083333333333333,0.1727351532741026
fbc_tfnbs,"e=0.9,h=9.0,n=30,start_thres=1.25,min_cluster_size=3",hub,0.25,30,27,40,1730,19,5,21,1725,0.475,0.0028901734104046,0.7916666666666666,0.2083333333333333,0.1727351532741026
fbc_tfnbs,"e=0.9,h=10.0,n=30,start_thres=1.25,min_cluster_size=3",hub,0.25,30,27,40,1730,19,5,21,1725,0.475,0.0028901734104046,0.7916666666666666,0.2083333333333333,0.1727351532741026
fbc_tfnbs,"e=1.0,h=0.5,n=30,start_thres=1.25,min_cluster_size=3",hub,0.25,30,27,40,1730,16,3,24,1727,0.4,0.0017341040462427,0.8421052631578947,0.1578947368421052,0.1727351532741026
fbc_tfnbs,"e=1.0,h=1.0,n=30,start_thres=1.25,min_cluster_size=3",hub,0.25,30,27,40,1730,17,3,23,1727,0.425,0.0017341040462427,0.85,0.15,0.1727351532741026
fbc_tfnbs,"e=1.0,h=2.0,n=30,start_thres=1.25,min_cluster_size=3",hub,0.25,30,27,40,1730,18,3,22,1727,0.45,0.0017341040462427,0.8571428571428571,0.1428571428571428,0.1727351532741026
fbc_tfnbs,"e=1.0,h=3.0,n=30,start_thres=1.25,min_cluster_size=3",hub,0.25,30,27,40,1730,19,4,21,1726,0.475,0.0023121387283236,0.8260869565217391,0.1739130434782608,0.1727351532741026
fbc_tfnbs,"e=1.0,h=4.0,n=30,start_thres=1.25,min_cluster_size=3",hub,0.25,30,27,40,1730,19,5,21,1725,0.475,0.0028901734104046,0.7916666666666666,0.2083333333333333,0.1727351532741026
fbc_tfnbs,"e=1.0,h=5.0,n=30,start_thres=1.25,min_cluster_size=3",hub,0.25,30,27,40,1730,19,5,21,1725,0.475,0.0028901734104046,0.7916666666666666,0.2083333333333333,0.1727351532741026
fbc_tfnbs,"e=1.0,h=6.0,n=30,start_thres=1.25,min_cluster_size=3",hub,0.25,30,27,40,1730,19,5,21,1725,0.475,0.0028901734104046,0.7916666666666666,0.2083333333333333,0.1727351532741026
fbc_tfnbs,"e=1.0,h=7.0,n=30,start_thres=1.25,min_cluster_size=3",hub,0.25,30,27,40,1730,19,5,21,1725,0.475,0.0028901734104046,0.7916666666666666,0.2083333333333333,0.1727351532741026
fbc_tfnbs,"e=1.0,h=8.0,n=30,start_thres=1.25,min_cluster_size=3",hub,0.25,30,27,40,1730,19,5,21,1725,0.475,0.0028901734104046,0.7916666666666666,0.2083333333333333,0.1727351532741026
fbc_tfnbs,"e=1.0,h=9.0,n=30,start_thres=1.25,min_cluster_size=3",hub,0.25,30,27,40,1730,19,5,21,1725,0.475,0.0028901734104046,0.7916666666666666,0.2083333333333333,0.1727351532741026
fbc_tfnbs,"e=1.0,h=10.0,n=30,start_thres=1.25,min_cluster_size=3",hub,0.25,30,27,40,1730,19,5,21,1725,0.475,0.0028901734104046,0.7916666666666666,0.2083333333333333,0.1727351532741026
fbc_tfnbs,"e=1.1,h=0.5,n=30,start_thres=1.25,min_cluster_size=3",hub,0.25,30,27,40,1730,16,3,24,1727,0.4,0.0017341040462427,0.8421052631578947,0.1578947368421052,0.1727351532741026
fbc_tfnbs,"e=1.1,h=1.0,n=30,start_thres=1.25,min_cluster_size=3",hub,0.25,30,27,40,1730,17,3,23,1727,0.425,0.0017341040462427,0.85,0.15,0.1727351532741026
fbc_tfnbs,"e=1.1,h=2.0,n=30,start_thres=1.25,min_cluster_size=3",hub,0.25,30,27,40,1730,18,3,22,1727,0.45,0.0017341040462427,0.8571428571428571,0.1428571428571428,0.1727351532741026
fbc_tfnbs,"e=1.1,h=3.0,n=30,start_thres=1.25,min_cluster_size=3",hub,0.25,30,27,40,1730,19,4,21,1726,0.475,0.0023121387283236,0.8260869565217391,0.1739130434782608,0.1727351532741026
fbc_tfnbs,"e=1.1,h=4.0,n=30,start_thres=1.25,min_cluster_size=3",hub,0.25,30,27,40,1730,20,5,20,1725,0.5,0.0028901734104046,0.8,0.2,0.1727351532741026
fbc_tfnbs,"e=1.1,h=5.0,n=30,start_thres=1.25,min_cluster_size=3",hub,0.25,30,27,40,1730,20,5,20,1725,0.5,0.0028901734104046,0.8,0.2,0.1727351532741026
fbc_tfnbs,"e=1.1,h=6.0,n=30,start_thres=1.25,min_cluster_size=3",hub,0.25,30,27,40,1730,20,5,20,1725,0.5,0.0028901734104046,0.8,0.2,0.1727351532741026
fbc_tfnbs,"e=1.1,h=7.0,n=30,start_thres=1.25,min_cluster_size=3",hub,0.25,30,27,40,1730,19,5,21,1725,0.475,0.0028901734104046,0.7916666666666666,0.2083333333333333,0.1727351532741026
fbc_tfnbs,"e=1.1,h=8.0,n=30,start_thres=1.25,min_cluster_size=3",hub,0.25,30,27,40,1730,19,5,21,1725,0.475,0.0028901734104046,0.7916666666666666,0.2083333333333333,0.1727351532741026
fbc_tfnbs,"e=1.1,h=9.0,n=30,start_thres=1.25,min_cluster_size=3",hub,0.25,30,27,40,1730,19,5,21,1725,0.475,0.0028901734104046,0.7916666666666666,0.2083333333333333,0.1727351532741026
fbc_tfnbs,"e=1.1,h=10.0,n=30,start_thres=1.25,min_cluster_size=3",hub,0.25,30,27,40,1730,19,5,21,1725,0.475,0.0028901734104046,0.7916666666666666,0.2083333333333333,0.1727351532741026
fbc_tfnbs,"e=1.2,h=0.5,n=30,start_thres=1.25,min_cluster_size=3",hub,0.25,30,27,40,1730,14,3,26,1727,0.35,0.0017341040462427,0.8235294117647058,0.1764705882352941,0.1727351532741026
fbc_tfnbs,"e=1.2,h=1.0,n=30,start_thres=1.25,min_cluster_size=3",hub,0.25,30,27,40,1730,16,3,24,1727,0.4,0.0017341040462427,0.8421052631578947,0.1578947368421052,0.1727351532741026
fbc_tfnbs,"e=1.2,h=2.0,n=30,start_thres=1.25,min_cluster_size=3",hub,0.25,30,27,40,1730,17,3,23,1727,0.425,0.0017341040462427,0.85,0.15,0.1727351532741026
fbc_tfnbs,"e=1.2,h=3.0,n=30,start_thres=1.25,min_cluster_size=3",hub,0.25,30,27,40,1730,19,4,21,1726,0.475,0.0023121387283236,0.8260869565217391,0.1739130434782608,0.1727351532741026
fbc_tfnbs,"e=1.2,h=4.0,n=30,start_thres=1.25,min_cluster_size=3",hub,0.25,30,27,40,1730,20,5,20,1725,0.5,0.0028901734104046,0.8,0.2,0.1727351532741026
fbc_tfnbs,"e=1.2,h=5.0,n=30,start_thres=1.25,min_cluster_size=3",hub,0.25,30,27,40,1730,20,5,20,1725,0.5,0.0028901734104046,0.8,0.2,0.1727351532741026
fbc_tfnbs,"e=1.2,h=6.0,n=30,start_thres=1.25,min_cluster_size=3",hub,0.25,30,27,40,1730,20,6,20,1724,0.5,0.0034682080924855,0.7692307692307693,0.2307692307692307,0.1727351532741026
fbc_tfnbs,"e=1.2,h=7.0,n=30,start_thres=1.25,min_cluster_size=3",hub,0.25,30,27,40,1730,20,6,20,1724,0.5,0.0034682080924855,0.7692307692307693,0.2307692307692307,0.1727351532741026
fbc_tfnbs,"e=1.2,h=8.0,n=30,start_thres=1.25,min_cluster_size=3",hub,0.25,30,27,40,1730,19,5,21,1725,0.475,0.0028901734104046,0.7916666666666666,0.2083333333333333,0.1727351532741026
fbc_tfnbs,"e=1.2,h=9.0,n=30,start_thres=1.25,min_cluster_size=3",hub,0.25,30,27,40,1730,19,5,21,1725,0.475,0.0028901734104046,0.7916666666666666,0.2083333333333333,0.1727351532741026
fbc_tfnbs,"e=1.2,h=10.0,n=30,start_thres=1.25,min_cluster_size=3",hub,0.25,30,27,40,1730,19,5,21,1725,0.475,0.0028901734104046,0.7916666666666666,0.2083333333333333,0.1727351532741026
fbc_tfnbs,"e=1.3,h=0.5,n=30,start_thres=1.25,min_cluster_size=3",hub,0.25,30,27,40,1730,10,3,30,1727,0.25,0.0017341040462427,0.7692307692307693,0.2307692307692307,0.1727351532741026
fbc_tfnbs,"e=1.3,h=1.0,n=30,start_thres=1.25,min_cluster_size=3",hub,0.25,30,27,40,1730,16,3,24,1727,0.4,0.0017341040462427,0.8421052631578947,0.1578947368421052,0.1727351532741026
fbc_tfnbs,"e=1.3,h=2.0,n=30,start_thres=1.25,min_cluster_size=3",hub,0.25,30,27,40,1730,17,3,23,1727,0.425,0.0017341040462427,0.85,0.15,0.1727351532741026
fbc_tfnbs,"e=1.3,h=3.0,n=30,start_thres=1.25,min_cluster_size=3",hub,0.25,30,27,40,1730,19,4,21,1726,0.475,0.0023121387283236,0.8260869565217391,0.1739130434782608,0.1727351532741026
fbc_tfnbs,"e=1.3,h=4.0,n=30,start_thres=1.25,min_cluster_size=3",hub,0.25,30,27,40,1730,20,5,20,1725,0.5,0.0028901734104046,0.8,0.2,0.1727351532741026
fbc_tfnbs,"e=1.3,h=5.0,n=30,start_thres=1.25,min_cluster_size=3",hub,0.25,30,27,40,1730,20,5,20,1725,0.5,0.0028901734104046,0.8,0.2,0.1727351532741026
fbc_tfnbs,"e=1.3,h=6.0,n=30,start_thres=1.25,min_cluster_size=3",hub,0.25,30,27,40,1730,20,6,20,1724,0.5,0.0034682080924855,0.7692307692307693,0.2307692307692307,0.1727351532741026
fbc_tfnbs,"e=1.3,h=7.0,n=30,start_thres=1.25,min_cluster_size=3",hub,0.25,30,27,40,1730,20,6,20,1724,0.5,0.0034682080924855,0.7692307692307693,0.2307692307692307,0.1727351532741026
fbc_tfnbs,"e=1.3,h=8.0,n=30,start_thres=1.25,min_cluster_size=3",hub,0.25,30,27,40,1730,20,6,20,1724,0.5,0.0034682080924855,0.7692307692307693,0.2307692307692307,0.1727351532741026
fbc_tfnbs,"e=1.3,h=9.0,n=30,start_thres=1.25,min_cluster_size=3",hub,0.25,30,27,40,1730,19,5,21,1725,0.475,0.0028901734104046,0.7916666666666666,0.2083333333333333,0.1727351532741026
fbc_tfnbs,"e=1.3,h=10.0,n=30,start_thres=1.25,min_cluster_size=3",hub,0.25,30,27,40,1730,19,5,21,1725,0.475,0.0028901734104046,0.7916666666666666,0.2083333333333333,0.1727351532741026
fbc_tfnbs,"e=1.4,h=0.5,n=30,start_thres=1.25,min_cluster_size=3",hub,0.25,30,27,40,1730,6,2,34,1728,0.15,0.0011560693641618,0.75,0.25,0.1727351532741026
fbc_tfnbs,"e=1.4,h=1.0,n=30,start_thres=1.25,min_cluster_size=3",hub,0.25,30,27,40,1730,11,3,29,1727,0.275,0.0017341040462427,0.7857142857142857,0.2142857142857142,0.1727351532741026
fbc_tfnbs,"e=1.4,h=2.0,n=30,start_thres=1.25,min_cluster_size=3",hub,0.25,30,27,40,1730,17,3,23,1727,0.425,0.0017341040462427,0.85,0.15,0.1727351532741026
fbc_tfnbs,"e=1.4,h=3.0,n=30,start_thres=1.25,min_cluster_size=3",hub,0.25,30,27,40,1730,19,3,21,1727,0.475,0.0017341040462427,0.8636363636363636,0.1363636363636363,0.1727351532741026
fbc_tfnbs,"e=1.4,h=4.0,n=30,start_thres=1.25,min_cluster_size=3",hub,0.25,30,27,40,1730,19,4,21,1726,0.475,0.0023121387283236,0.8260869565217391,0.1739130434782608,0.1727351532741026
fbc_tfnbs,"e=1.4,h=5.0,n=30,start_thres=1.25,min_cluster_size=3",hub,0.25,30,27,40,1730,20,5,20,1725,0.5,0.0028901734104046,0.8,0.2,0.1727351532741026
fbc_tfnbs,"e=1.4,h=6.0,n=30,start_thres=1.25,min_cluster_size=3",hub,0.25,30,27,40,1730,20,6,20,1724,0.5,0.0034682080924855,0.7692307692307693,0.2307692307692307,0.1727351532741026
fbc_tfnbs,"e=1.4,h=7.0,n=30,start_thres=1.25,min_cluster_size=3",hub,0.25,30,27,40,1730,20,6,20,1724,0.5,0.0034682080924855,0.7692307692307693,0.2307692307692307,0.1727351532741026
fbc_tfnbs,"e=1.4,h=8.0,n=30,start_thres=1.25,min_cluster_size=3",hub,0.25,30,27,40,1730,20,6,20,1724,0.5,0.0034682080924855,0.7692307692307693,0.2307692307692307,0.1727351532741026
fbc_tfnbs,"e=1.4,h=9.0,n=30,start_thres=1.25,min_cluster_size=3",hub,0.25,30,27,40,1730,20,6,20,1724,0.5,0.0034682080924855,0.7692307692307693,0.2307692307692307,0.1727351532741026
fbc_tfnbs,"e=1.4,h=10.0,n=30,start_thres=1.25,min_cluster_size=3",hub,0.25,30,27,40,1730,19,5,21,1725,0.475,0.0028901734104046,0.7916666666666666,0.2083333333333333,0.1727351532741026
fbc_tfnbs,"e=1.5,h=0.5,n=30,start_thres=1.25,min_cluster_size=3",hub,0.25,30,27,40,1730,6,2,34,1728,0.15,0.0011560693641618,0.75,0.25,0.1727351532741026
fbc_tfnbs,"e=1.5,h=1.0,n=30,start_thres=1.25,min_cluster_size=3",hub,0.25,30,27,40,1730,9,2,31,1728,0.225,0.0011560693641618,0.8181818181818182,0.1818181818181818,0.1727351532741026
fbc_tfnbs,"e=1.5,h=2.0,n=30,start_thres=1.25,min_cluster_size=3",hub,0.25,30,27,40,1730,16,3,24,1727,0.4,0.0017341040462427,0.8421052631578947,0.1578947368421052,0.1727351532741026
fbc_tfnbs,"e=1.5,h=3.0,n=30,start_thres=1.25,min_cluster_size=3",hub,0.25,30,27,40,1730,19,3,21,1727,0.475,0.0017341040462427,0.8636363636363636,0.1363636363636363,0.1727351532741026
fbc_tfnbs,"e=1.5,h=4.0,n=30,start_thres=1.25,min_cluster_size=3",hub,0.25,30,27,40,1730,19,4,21,1726,0.475,0.0023121387283236,0.8260869565217391,0.1739130434782608,0.1727351532741026
fbc_tfnbs,"e=1.5,h=5.0,n=30,start_thres=1.25,min_cluster_size=3",hub,0.25,30,27,40,1730,20,6,20,1724,0.5,0.0034682080924855,0.7692307692307693,0.2307692307692307,0.1727351532741026
fbc_tfnbs,"e=1.5,h=6.0,n=30,start_thres=1.25,min_cluster_size=3",hub,0.25,30,27,40,1730,20,6,20,1724,0.5,0.0034682080924855,0.7692307692307693,0.2307692307692307,0.1727351532741026
fbc_tfnbs,"e=1.5,h=7.0,n=30,start_thres=1.25,min_cluster_size=3",hub,0.25,30,27,40,1730,20,6,20,1724,0.5,0.0034682080924855,0.7692307692307693,0.2307692307692307,0.1727351532741026
fbc_tfnbs,"e=1.5,h=8.0,n=30,start_thres=1.25,min_cluster_size=3",hub,0.25,30,27,40,1730,20,6,20,1724,0.5,0.0034682080924855,0.7692307692307693,0.2307692307692307,0.1727351532741026
fbc_tfnbs,"e=1.5,h=9.0,n=30,start_thres=1.25,min_cluster_size=3",hub,0.25,30,27,40,1730,20,6,20,1724,0.5,0.0034682080924855,0.7692307692307693,0.2307692307692307,0.1727351532741026
fbc_tfnbs,"e=1.5,h=10.0,n=30,start_thres=1.25,min_cluster_size=3",hub,0.25,30,27,40,1730,20,6,20,1724,0.5,0.0034682080924855,0.7692307692307693,0.2307692307692307,0.1727351532741026
fbc_tfnbs,"e=0.05,h=0.5,n=30,start_thres=1.25,min_cluster_size=3",hub,0.25,30,28,40,1730,22,0,18,1730,0.55,0.0,1.0,0.0,0.1714584082365036
fbc_tfnbs,"e=0.05,h=1.0,n=30,start_thres=1.25,min_cluster_size=3",hub,0.25,30,28,40,1730,22,0,18,1730,0.55,0.0,1.0,0.0,0.1714584082365036
fbc_tfnbs,"e=0.05,h=2.0,n=30,start_thres=1.25,min_cluster_size=3",hub,0.25,30,28,40,1730,22,0,18,1730,0.55,0.0,1.0,0.0,0.1714584082365036
fbc_tfnbs,"e=0.05,h=3.0,n=30,start_thres=1.25,min_cluster_size=3",hub,0.25,30,28,40,1730,22,0,18,1730,0.55,0.0,1.0,0.0,0.1714584082365036
fbc_tfnbs,"e=0.05,h=4.0,n=30,start_thres=1.25,min_cluster_size=3",hub,0.25,30,28,40,1730,22,0,18,1730,0.55,0.0,1.0,0.0,0.1714584082365036
fbc_tfnbs,"e=0.05,h=5.0,n=30,start_thres=1.25,min_cluster_size=3",hub,0.25,30,28,40,1730,22,0,18,1730,0.55,0.0,1.0,0.0,0.1714584082365036
fbc_tfnbs,"e=0.05,h=6.0,n=30,start_thres=1.25,min_cluster_size=3",hub,0.25,30,28,40,1730,22,0,18,1730,0.55,0.0,1.0,0.0,0.1714584082365036
fbc_tfnbs,"e=0.05,h=7.0,n=30,start_thres=1.25,min_cluster_size=3",hub,0.25,30,28,40,1730,22,0,18,1730,0.55,0.0,1.0,0.0,0.1714584082365036
fbc_tfnbs,"e=0.05,h=8.0,n=30,start_thres=1.25,min_cluster_size=3",hub,0.25,30,28,40,1730,22,0,18,1730,0.55,0.0,1.0,0.0,0.1714584082365036
fbc_tfnbs,"e=0.05,h=9.0,n=30,start_thres=1.25,min_cluster_size=3",hub,0.25,30,28,40,1730,22,0,18,1730,0.55,0.0,1.0,0.0,0.1714584082365036
fbc_tfnbs,"e=0.05,h=10.0,n=30,start_thres=1.25,min_cluster_size=3",hub,0.25,30,28,40,1730,22,0,18,1730,0.55,0.0,1.0,0.0,0.1714584082365036
fbc_tfnbs,"e=0.1,h=0.5,n=30,start_thres=1.25,min_cluster_size=3",hub,0.25,30,28,40,1730,22,0,18,1730,0.55,0.0,1.0,0.0,0.1714584082365036
fbc_tfnbs,"e=0.1,h=1.0,n=30,start_thres=1.25,min_cluster_size=3",hub,0.25,30,28,40,1730,22,0,18,1730,0.55,0.0,1.0,0.0,0.1714584082365036
fbc_tfnbs,"e=0.1,h=2.0,n=30,start_thres=1.25,min_cluster_size=3",hub,0.25,30,28,40,1730,22,0,18,1730,0.55,0.0,1.0,0.0,0.1714584082365036
fbc_tfnbs,"e=0.1,h=3.0,n=30,start_thres=1.25,min_cluster_size=3",hub,0.25,30,28,40,1730,22,0,18,1730,0.55,0.0,1.0,0.0,0.1714584082365036
fbc_tfnbs,"e=0.1,h=4.0,n=30,start_thres=1.25,min_cluster_size=3",hub,0.25,30,28,40,1730,22,0,18,1730,0.55,0.0,1.0,0.0,0.1714584082365036
fbc_tfnbs,"e=0.1,h=5.0,n=30,start_thres=1.25,min_cluster_size=3",hub,0.25,30,28,40,1730,22,0,18,1730,0.55,0.0,1.0,0.0,0.1714584082365036
fbc_tfnbs,"e=0.1,h=6.0,n=30,start_thres=1.25,min_cluster_size=3",hub,0.25,30,28,40,1730,22,0,18,1730,0.55,0.0,1.0,0.0,0.1714584082365036
fbc_tfnbs,"e=0.1,h=7.0,n=30,start_thres=1.25,min_cluster_size=3",hub,0.25,30,28,40,1730,22,0,18,1730,0.55,0.0,1.0,0.0,0.1714584082365036
fbc_tfnbs,"e=0.1,h=8.0,n=30,start_thres=1.25,min_cluster_size=3",hub,0.25,30,28,40,1730,22,0,18,1730,0.55,0.0,1.0,0.0,0.1714584082365036
fbc_tfnbs,"e=0.1,h=9.0,n=30,start_thres=1.25,min_cluster_size=3",hub,0.25,30,28,40,1730,22,0,18,1730,0.55,0.0,1.0,0.0,0.1714584082365036
fbc_tfnbs,"e=0.1,h=10.0,n=30,start_thres=1.25,min_cluster_size=3",hub,0.25,30,28,40,1730,22,0,18,1730,0.55,0.0,1.0,0.0,0.1714584082365036
fbc_tfnbs,"e=0.2,h=0.5,n=30,start_thres=1.25,min_cluster_size=3",hub,0.25,30,28,40,1730,22,0,18,1730,0.55,0.0,1.0,0.0,0.1714584082365036
fbc_tfnbs,"e=0.2,h=1.0,n=30,start_thres=1.25,min_cluster_size=3",hub,0.25,30,28,40,1730,23,2,17,1728,0.575,0.0011560693641618,0.92,0.08,0.1714584082365036
fbc_tfnbs,"e=0.2,h=2.0,n=30,start_thres=1.25,min_cluster_size=3",hub,0.25,30,28,40,1730,23,2,17,1728,0.575,0.0011560693641618,0.92,0.08,0.1714584082365036
fbc_tfnbs,"e=0.2,h=3.0,n=30,start_thres=1.25,min_cluster_size=3",hub,0.25,30,28,40,1730,23,2,17,1728,0.575,0.0011560693641618,0.92,0.08,0.1714584082365036
fbc_tfnbs,"e=0.2,h=4.0,n=30,start_thres=1.25,min_cluster_size=3",hub,0.25,30,28,40,1730,22,0,18,1730,0.55,0.0,1.0,0.0,0.1714584082365036
fbc_tfnbs,"e=0.2,h=5.0,n=30,start_thres=1.25,min_cluster_size=3",hub,0.25,30,28,40,1730,22,0,18,1730,0.55,0.0,1.0,0.0,0.1714584082365036
fbc_tfnbs,"e=0.2,h=6.0,n=30,start_thres=1.25,min_cluster_size=3",hub,0.25,30,28,40,1730,22,0,18,1730,0.55,0.0,1.0,0.0,0.1714584082365036
fbc_tfnbs,"e=0.2,h=7.0,n=30,start_thres=1.25,min_cluster_size=3",hub,0.25,30,28,40,1730,22,0,18,1730,0.55,0.0,1.0,0.0,0.1714584082365036
fbc_tfnbs,"e=0.2,h=8.0,n=30,start_thres=1.25,min_cluster_size=3",hub,0.25,30,28,40,1730,22,0,18,1730,0.55,0.0,1.0,0.0,0.1714584082365036
fbc_tfnbs,"e=0.2,h=9.0,n=30,start_thres=1.25,min_cluster_size=3",hub,0.25,30,28,40,1730,22,0,18,1730,0.55,0.0,1.0,0.0,0.1714584082365036
fbc_tfnbs,"e=0.2,h=10.0,n=30,start_thres=1.25,min_cluster_size=3",hub,0.25,30,28,40,1730,22,0,18,1730,0.55,0.0,1.0,0.0,0.1714584082365036
fbc_tfnbs,"e=0.3,h=0.5,n=30,start_thres=1.25,min_cluster_size=3",hub,0.25,30,28,40,1730,23,2,17,1728,0.575,0.0011560693641618,0.92,0.08,0.1714584082365036
fbc_tfnbs,"e=0.3,h=1.0,n=30,start_thres=1.25,min_cluster_size=3",hub,0.25,30,28,40,1730,23,2,17,1728,0.575,0.0011560693641618,0.92,0.08,0.1714584082365036
fbc_tfnbs,"e=0.3,h=2.0,n=30,start_thres=1.25,min_cluster_size=3",hub,0.25,30,28,40,1730,23,2,17,1728,0.575,0.0011560693641618,0.92,0.08,0.1714584082365036
fbc_tfnbs,"e=0.3,h=3.0,n=30,start_thres=1.25,min_cluster_size=3",hub,0.25,30,28,40,1730,23,2,17,1728,0.575,0.0011560693641618,0.92,0.08,0.1714584082365036
fbc_tfnbs,"e=0.3,h=4.0,n=30,start_thres=1.25,min_cluster_size=3",hub,0.25,30,28,40,1730,23,2,17,1728,0.575,0.0011560693641618,0.92,0.08,0.1714584082365036
fbc_tfnbs,"e=0.3,h=5.0,n=30,start_thres=1.25,min_cluster_size=3",hub,0.25,30,28,40,1730,23,2,17,1728,0.575,0.0011560693641618,0.92,0.08,0.1714584082365036
fbc_tfnbs,"e=0.3,h=6.0,n=30,start_thres=1.25,min_cluster_size=3",hub,0.25,30,28,40,1730,23,2,17,1728,0.575,0.0011560693641618,0.92,0.08,0.1714584082365036
fbc_tfnbs,"e=0.3,h=7.0,n=30,start_thres=1.25,min_cluster_size=3",hub,0.25,30,28,40,1730,23,2,17,1728,0.575,0.0011560693641618,0.92,0.08,0.1714584082365036
fbc_tfnbs,"e=0.3,h=8.0,n=30,start_thres=1.25,min_cluster_size=3",hub,0.25,30,28,40,1730,22,0,18,1730,0.55,0.0,1.0,0.0,0.1714584082365036
fbc_tfnbs,"e=0.3,h=9.0,n=30,start_thres=1.25,min_cluster_size=3",hub,0.25,30,28,40,1730,22,0,18,1730,0.55,0.0,1.0,0.0,0.1714584082365036
fbc_tfnbs,"e=0.3,h=10.0,n=30,start_thres=1.25,min_cluster_size=3",hub,0.25,30,28,40,1730,22,0,18,1730,0.55,0.0,1.0,0.0,0.1714584082365036
fbc_tfnbs,"e=0.4,h=0.5,n=30,start_thres=1.25,min_cluster_size=3",hub,0.25,30,28,40,1730,23,2,17,1728,0.575,0.0011560693641618,0.92,0.08,0.1714584082365036
fbc_tfnbs,"e=0.4,h=1.0,n=30,start_thres=1.25,min_cluster_size=3",hub,0.25,30,28,40,1730,23,2,17,1728,0.575,0.0011560693641618,0.92,0.08,0.1714584082365036
fbc_tfnbs,"e=0.4,h=2.0,n=30,start_thres=1.25,min_cluster_size=3",hub,0.25,30,28,40,1730,24,2,16,1728,0.6,0.0011560693641618,0.9230769230769232,0.0769230769230769,0.1714584082365036
fbc_tfnbs,"e=0.4,h=3.0,n=30,start_thres=1.25,min_cluster_size=3",hub,0.25,30,28,40,1730,25,2,15,1728,0.625,0.0011560693641618,0.925925925925926,0.074074074074074,0.1714584082365036
fbc_tfnbs,"e=0.4,h=4.0,n=30,start_thres=1.25,min_cluster_size=3",hub,0.25,30,28,40,1730,25,2,15,1728,0.625,0.0011560693641618,0.925925925925926,0.074074074074074,0.1714584082365036
fbc_tfnbs,"e=0.4,h=5.0,n=30,start_thres=1.25,min_cluster_size=3",hub,0.25,30,28,40,1730,25,2,15,1728,0.625,0.0011560693641618,0.925925925925926,0.074074074074074,0.1714584082365036
fbc_tfnbs,"e=0.4,h=6.0,n=30,start_thres=1.25,min_cluster_size=3",hub,0.25,30,28,40,1730,25,2,15,1728,0.625,0.0011560693641618,0.925925925925926,0.074074074074074,0.1714584082365036
fbc_tfnbs,"e=0.4,h=7.0,n=30,start_thres=1.25,min_cluster_size=3",hub,0.25,30,28,40,1730,25,2,15,1728,0.625,0.0011560693641618,0.925925925925926,0.074074074074074,0.1714584082365036
fbc_tfnbs,"e=0.4,h=8.0,n=30,start_thres=1.25,min_cluster_size=3",hub,0.25,30,28,40,1730,24,2,16,1728,0.6,0.0011560693641618,0.9230769230769232,0.0769230769230769,0.1714584082365036
fbc_tfnbs,"e=0.4,h=9.0,n=30,start_thres=1.25,min_cluster_size=3",hub,0.25,30,28,40,1730,23,2,17,1728,0.575,0.0011560693641618,0.92,0.08,0.1714584082365036
fbc_tfnbs,"e=0.4,h=10.0,n=30,start_thres=1.25,min_cluster_size=3",hub,0.25,30,28,40,1730,23,2,17,1728,0.575,0.0011560693641618,0.92,0.08,0.1714584082365036
fbc_tfnbs,"e=0.5,h=0.5,n=30,start_thres=1.25,min_cluster_size=3",hub,0.25,30,28,40,1730,23,2,17,1728,0.575,0.0011560693641618,0.92,0.08,0.1714584082365036
fbc_tfnbs,"e=0.5,h=1.0,n=30,start_thres=1.25,min_cluster_size=3",hub,0.25,30,28,40,1730,23,2,17,1728,0.575,0.0011560693641618,0.92,0.08,0.1714584082365036
fbc_tfnbs,"e=0.5,h=2.0,n=30,start_thres=1.25,min_cluster_size=3",hub,0.25,30,28,40,1730,24,2,16,1728,0.6,0.0011560693641618,0.9230769230769232,0.0769230769230769,0.1714584082365036
fbc_tfnbs,"e=0.5,h=3.0,n=30,start_thres=1.25,min_cluster_size=3",hub,0.25,30,28,40,1730,25,2,15,1728,0.625,0.0011560693641618,0.925925925925926,0.074074074074074,0.1714584082365036
fbc_tfnbs,"e=0.5,h=4.0,n=30,start_thres=1.25,min_cluster_size=3",hub,0.25,30,28,40,1730,25,2,15,1728,0.625,0.0011560693641618,0.925925925925926,0.074074074074074,0.1714584082365036
fbc_tfnbs,"e=0.5,h=5.0,n=30,start_thres=1.25,min_cluster_size=3",hub,0.25,30,28,40,1730,25,2,15,1728,0.625,0.0011560693641618,0.925925925925926,0.074074074074074,0.1714584082365036
fbc_tfnbs,"e=0.5,h=6.0,n=30,start_thres=1.25,min_cluster_size=3",hub,0.25,30,28,40,1730,25,2,15,1728,0.625,0.0011560693641618,0.925925925925926,0.074074074074074,0.1714584082365036
fbc_tfnbs,"e=0.5,h=7.0,n=30,start_thres=1.25,min_cluster_size=3",hub,0.25,30,28,40,1730,25,2,15,1728,0.625,0.0011560693641618,0.925925925925926,0.074074074074074,0.1714584082365036
fbc_tfnbs,"e=0.5,h=8.0,n=30,start_thres=1.25,min_cluster_size=3",hub,0.25,30,28,40,1730,25,2,15,1728,0.625,0.0011560693641618,0.925925925925926,0.074074074074074,0.1714584082365036
fbc_tfnbs,"e=0.5,h=9.0,n=30,start_thres=1.25,min_cluster_size=3",hub,0.25,30,28,40,1730,25,2,15,1728,0.625,0.0011560693641618,0.925925925925926,0.074074074074074,0.1714584082365036
fbc_tfnbs,"e=0.5,h=10.0,n=30,start_thres=1.25,min_cluster_size=3",hub,0.25,30,28,40,1730,25,2,15,1728,0.625,0.0011560693641618,0.925925925925926,0.074074074074074,0.1714584082365036
fbc_tfnbs,"e=0.6,h=0.5,n=30,start_thres=1.25,min_cluster_size=3",hub,0.25,30,28,40,1730,22,2,18,1728,0.55,0.0011560693641618,0.9166666666666666,0.0833333333333333,0.1714584082365036
fbc_tfnbs,"e=0.6,h=1.0,n=30,start_thres=1.25,min_cluster_size=3",hub,0.25,30,28,40,1730,23,2,17,1728,0.575,0.0011560693641618,0.92,0.08,0.1714584082365036
fbc_tfnbs,"e=0.6,h=2.0,n=30,start_thres=1.25,min_cluster_size=3",hub,0.25,30,28,40,1730,23,2,17,1728,0.575,0.0011560693641618,0.92,0.08,0.1714584082365036
fbc_tfnbs,"e=0.6,h=3.0,n=30,start_thres=1.25,min_cluster_size=3",hub,0.25,30,28,40,1730,25,2,15,1728,0.625,0.0011560693641618,0.925925925925926,0.074074074074074,0.1714584082365036
fbc_tfnbs,"e=0.6,h=4.0,n=30,start_thres=1.25,min_cluster_size=3",hub,0.25,30,28,40,1730,25,2,15,1728,0.625,0.0011560693641618,0.925925925925926,0.074074074074074,0.1714584082365036
fbc_tfnbs,"e=0.6,h=5.0,n=30,start_thres=1.25,min_cluster_size=3",hub,0.25,30,28,40,1730,25,2,15,1728,0.625,0.0011560693641618,0.925925925925926,0.074074074074074,0.1714584082365036
fbc_tfnbs,"e=0.6,h=6.0,n=30,start_thres=1.25,min_cluster_size=3",hub,0.25,30,28,40,1730,25,2,15,1728,0.625,0.0011560693641618,0.925925925925926,0.074074074074074,0.1714584082365036
fbc_tfnbs,"e=0.6,h=7.0,n=30,start_thres=1.25,min_cluster_size=3",hub,0.25,30,28,40,1730,25,2,15,1728,0.625,0.0011560693641618,0.925925925925926,0.074074074074074,0.1714584082365036
fbc_tfnbs,"e=0.6,h=8.0,n=30,start_thres=1.25,min_cluster_size=3",hub,0.25,30,28,40,1730,25,2,15,1728,0.625,0.0011560693641618,0.925925925925926,0.074074074074074,0.1714584082365036
fbc_tfnbs,"e=0.6,h=9.0,n=30,start_thres=1.25,min_cluster_size=3",hub,0.25,30,28,40,1730,25,2,15,1728,0.625,0.0011560693641618,0.925925925925926,0.074074074074074,0.1714584082365036
fbc_tfnbs,"e=0.6,h=10.0,n=30,start_thres=1.25,min_cluster_size=3",hub,0.25,30,28,40,1730,25,2,15,1728,0.625,0.0011560693641618,0.925925925925926,0.074074074074074,0.1714584082365036
fbc_tfnbs,"e=0.7,h=0.5,n=30,start_thres=1.25,min_cluster_size=3",hub,0.25,30,28,40,1730,22,2,18,1728,0.55,0.0011560693641618,0.9166666666666666,0.0833333333333333,0.1714584082365036
fbc_tfnbs,"e=0.7,h=1.0,n=30,start_thres=1.25,min_cluster_size=3",hub,0.25,30,28,40,1730,22,2,18,1728,0.55,0.0011560693641618,0.9166666666666666,0.0833333333333333,0.1714584082365036
fbc_tfnbs,"e=0.7,h=2.0,n=30,start_thres=1.25,min_cluster_size=3",hub,0.25,30,28,40,1730,23,2,17,1728,0.575,0.0011560693641618,0.92,0.08,0.1714584082365036
fbc_tfnbs,"e=0.7,h=3.0,n=30,start_thres=1.25,min_cluster_size=3",hub,0.25,30,28,40,1730,24,2,16,1728,0.6,0.0011560693641618,0.9230769230769232,0.0769230769230769,0.1714584082365036
fbc_tfnbs,"e=0.7,h=4.0,n=30,start_thres=1.25,min_cluster_size=3",hub,0.25,30,28,40,1730,25,2,15,1728,0.625,0.0011560693641618,0.925925925925926,0.074074074074074,0.1714584082365036
fbc_tfnbs,"e=0.7,h=5.0,n=30,start_thres=1.25,min_cluster_size=3",hub,0.25,30,28,40,1730,25,2,15,1728,0.625,0.0011560693641618,0.925925925925926,0.074074074074074,0.1714584082365036
fbc_tfnbs,"e=0.7,h=6.0,n=30,start_thres=1.25,min_cluster_size=3",hub,0.25,30,28,40,1730,25,2,15,1728,0.625,0.0011560693641618,0.925925925925926,0.074074074074074,0.1714584082365036
fbc_tfnbs,"e=0.7,h=7.0,n=30,start_thres=1.25,min_cluster_size=3",hub,0.25,30,28,40,1730,25,2,15,1728,0.625,0.0011560693641618,0.925925925925926,0.074074074074074,0.1714584082365036
fbc_tfnbs,"e=0.7,h=8.0,n=30,start_thres=1.25,min_cluster_size=3",hub,0.25,30,28,40,1730,25,2,15,1728,0.625,0.0011560693641618,0.925925925925926,0.074074074074074,0.1714584082365036
fbc_tfnbs,"e=0.7,h=9.0,n=30,start_thres=1.25,min_cluster_size=3",hub,0.25,30,28,40,1730,25,2,15,1728,0.625,0.0011560693641618,0.925925925925926,0.074074074074074,0.1714584082365036
fbc_tfnbs,"e=0.7,h=10.0,n=30,start_thres=1.25,min_cluster_size=3",hub,0.25,30,28,40,1730,25,2,15,1728,0.625,0.0011560693641618,0.925925925925926,0.074074074074074,0.1714584082365036
fbc_tfnbs,"e=0.8,h=0.5,n=30,start_thres=1.25,min_cluster_size=3",hub,0.25,30,28,40,1730,20,0,20,1730,0.5,0.0,1.0,0.0,0.1714584082365036
fbc_tfnbs,"e=0.8,h=1.0,n=30,start_thres=1.25,min_cluster_size=3",hub,0.25,30,28,40,1730,22,2,18,1728,0.55,0.0011560693641618,0.9166666666666666,0.0833333333333333,0.1714584082365036
fbc_tfnbs,"e=0.8,h=2.0,n=30,start_thres=1.25,min_cluster_size=3",hub,0.25,30,28,40,1730,23,2,17,1728,0.575,0.0011560693641618,0.92,0.08,0.1714584082365036
fbc_tfnbs,"e=0.8,h=3.0,n=30,start_thres=1.25,min_cluster_size=3",hub,0.25,30,28,40,1730,24,2,16,1728,0.6,0.0011560693641618,0.9230769230769232,0.0769230769230769,0.1714584082365036
fbc_tfnbs,"e=0.8,h=4.0,n=30,start_thres=1.25,min_cluster_size=3",hub,0.25,30,28,40,1730,25,2,15,1728,0.625,0.0011560693641618,0.925925925925926,0.074074074074074,0.1714584082365036
fbc_tfnbs,"e=0.8,h=5.0,n=30,start_thres=1.25,min_cluster_size=3",hub,0.25,30,28,40,1730,25,2,15,1728,0.625,0.0011560693641618,0.925925925925926,0.074074074074074,0.1714584082365036
fbc_tfnbs,"e=0.8,h=6.0,n=30,start_thres=1.25,min_cluster_size=3",hub,0.25,30,28,40,1730,25,2,15,1728,0.625,0.0011560693641618,0.925925925925926,0.074074074074074,0.1714584082365036
fbc_tfnbs,"e=0.8,h=7.0,n=30,start_thres=1.25,min_cluster_size=3",hub,0.25,30,28,40,1730,25,2,15,1728,0.625,0.0011560693641618,0.925925925925926,0.074074074074074,0.1714584082365036
fbc_tfnbs,"e=0.8,h=8.0,n=30,start_thres=1.25,min_cluster_size=3",hub,0.25,30,28,40,1730,25,2,15,1728,0.625,0.0011560693641618,0.925925925925926,0.074074074074074,0.1714584082365036
fbc_tfnbs,"e=0.8,h=9.0,n=30,start_thres=1.25,min_cluster_size=3",hub,0.25,30,28,40,1730,25,2,15,1728,0.625,0.0011560693641618,0.925925925925926,0.074074074074074,0.1714584082365036
fbc_tfnbs,"e=0.8,h=10.0,n=30,start_thres=1.25,min_cluster_size=3",hub,0.25,30,28,40,1730,25,2,15,1728,0.625,0.0011560693641618,0.925925925925926,0.074074074074074,0.1714584082365036
fbc_tfnbs,"e=0.9,h=0.5,n=30,start_thres=1.25,min_cluster_size=3",hub,0.25,30,28,40,1730,18,0,22,1730,0.45,0.0,1.0,0.0,0.1714584082365036
fbc_tfnbs,"e=0.9,h=1.0,n=30,start_thres=1.25,min_cluster_size=3",hub,0.25,30,28,40,1730,21,2,19,1728,0.525,0.0011560693641618,0.9130434782608696,0.0869565217391304,0.1714584082365036
fbc_tfnbs,"e=0.9,h=2.0,n=30,start_thres=1.25,min_cluster_size=3",hub,0.25,30,28,40,1730,23,2,17,1728,0.575,0.0011560693641618,0.92,0.08,0.1714584082365036
fbc_tfnbs,"e=0.9,h=3.0,n=30,start_thres=1.25,min_cluster_size=3",hub,0.25,30,28,40,1730,23,2,17,1728,0.575,0.0011560693641618,0.92,0.08,0.1714584082365036
fbc_tfnbs,"e=0.9,h=4.0,n=30,start_thres=1.25,min_cluster_size=3",hub,0.25,30,28,40,1730,25,2,15,1728,0.625,0.0011560693641618,0.925925925925926,0.074074074074074,0.1714584082365036
fbc_tfnbs,"e=0.9,h=5.0,n=30,start_thres=1.25,min_cluster_size=3",hub,0.25,30,28,40,1730,25,2,15,1728,0.625,0.0011560693641618,0.925925925925926,0.074074074074074,0.1714584082365036
fbc_tfnbs,"e=0.9,h=6.0,n=30,start_thres=1.25,min_cluster_size=3",hub,0.25,30,28,40,1730,25,2,15,1728,0.625,0.0011560693641618,0.925925925925926,0.074074074074074,0.1714584082365036
fbc_tfnbs,"e=0.9,h=7.0,n=30,start_thres=1.25,min_cluster_size=3",hub,0.25,30,28,40,1730,25,2,15,1728,0.625,0.0011560693641618,0.925925925925926,0.074074074074074,0.1714584082365036
fbc_tfnbs,"e=0.9,h=8.0,n=30,start_thres=1.25,min_cluster_size=3",hub,0.25,30,28,40,1730,25,2,15,1728,0.625,0.0011560693641618,0.925925925925926,0.074074074074074,0.1714584082365036
fbc_tfnbs,"e=0.9,h=9.0,n=30,start_thres=1.25,min_cluster_size=3",hub,0.25,30,28,40,1730,25,2,15,1728,0.625,0.0011560693641618,0.925925925925926,0.074074074074074,0.1714584082365036
fbc_tfnbs,"e=0.9,h=10.0,n=30,start_thres=1.25,min_cluster_size=3",hub,0.25,30,28,40,1730,25,2,15,1728,0.625,0.0011560693641618,0.925925925925926,0.074074074074074,0.1714584082365036
fbc_tfnbs,"e=1.0,h=0.5,n=30,start_thres=1.25,min_cluster_size=3",hub,0.25,30,28,40,1730,18,0,22,1730,0.45,0.0,1.0,0.0,0.1714584082365036
fbc_tfnbs,"e=1.0,h=1.0,n=30,start_thres=1.25,min_cluster_size=3",hub,0.25,30,28,40,1730,19,0,21,1730,0.475,0.0,1.0,0.0,0.1714584082365036
fbc_tfnbs,"e=1.0,h=2.0,n=30,start_thres=1.25,min_cluster_size=3",hub,0.25,30,28,40,1730,22,2,18,1728,0.55,0.0011560693641618,0.9166666666666666,0.0833333333333333,0.1714584082365036
fbc_tfnbs,"e=1.0,h=3.0,n=30,start_thres=1.25,min_cluster_size=3",hub,0.25,30,28,40,1730,23,2,17,1728,0.575,0.0011560693641618,0.92,0.08,0.1714584082365036
fbc_tfnbs,"e=1.0,h=4.0,n=30,start_thres=1.25,min_cluster_size=3",hub,0.25,30,28,40,1730,25,2,15,1728,0.625,0.0011560693641618,0.925925925925926,0.074074074074074,0.1714584082365036
fbc_tfnbs,"e=1.0,h=5.0,n=30,start_thres=1.25,min_cluster_size=3",hub,0.25,30,28,40,1730,25,2,15,1728,0.625,0.0011560693641618,0.925925925925926,0.074074074074074,0.1714584082365036
fbc_tfnbs,"e=1.0,h=6.0,n=30,start_thres=1.25,min_cluster_size=3",hub,0.25,30,28,40,1730,25,2,15,1728,0.625,0.0011560693641618,0.925925925925926,0.074074074074074,0.1714584082365036
fbc_tfnbs,"e=1.0,h=7.0,n=30,start_thres=1.25,min_cluster_size=3",hub,0.25,30,28,40,1730,25,2,15,1728,0.625,0.0011560693641618,0.925925925925926,0.074074074074074,0.1714584082365036
fbc_tfnbs,"e=1.0,h=8.0,n=30,start_thres=1.25,min_cluster_size=3",hub,0.25,30,28,40,1730,25,2,15,1728,0.625,0.0011560693641618,0.925925925925926,0.074074074074074,0.1714584082365036
fbc_tfnbs,"e=1.0,h=9.0,n=30,start_thres=1.25,min_cluster_size=3",hub,0.25,30,28,40,1730,25,2,15,1728,0.625,0.0011560693641618,0.925925925925926,0.074074074074074,0.1714584082365036
fbc_tfnbs,"e=1.0,h=10.0,n=30,start_thres=1.25,min_cluster_size=3",hub,0.25,30,28,40,1730,25,2,15,1728,0.625,0.0011560693641618,0.925925925925926,0.074074074074074,0.1714584082365036
fbc_tfnbs,"e=1.1,h=0.5,n=30,start_thres=1.25,min_cluster_size=3",hub,0.25,30,28,40,1730,15,0,25,1730,0.375,0.0,1.0,0.0,0.1714584082365036
fbc_tfnbs,"e=1.1,h=1.0,n=30,start_thres=1.25,min_cluster_size=3",hub,0.25,30,28,40,1730,18,0,22,1730,0.45,0.0,1.0,0.0,0.1714584082365036
fbc_tfnbs,"e=1.1,h=2.0,n=30,start_thres=1.25,min_cluster_size=3",hub,0.25,30,28,40,1730,22,2,18,1728,0.55,0.0011560693641618,0.9166666666666666,0.0833333333333333,0.1714584082365036
fbc_tfnbs,"e=1.1,h=3.0,n=30,start_thres=1.25,min_cluster_size=3",hub,0.25,30,28,40,1730,23,2,17,1728,0.575,0.0011560693641618,0.92,0.08,0.1714584082365036
fbc_tfnbs,"e=1.1,h=4.0,n=30,start_thres=1.25,min_cluster_size=3",hub,0.25,30,28,40,1730,24,2,16,1728,0.6,0.0011560693641618,0.9230769230769232,0.0769230769230769,0.1714584082365036
fbc_tfnbs,"e=1.1,h=5.0,n=30,start_thres=1.25,min_cluster_size=3",hub,0.25,30,28,40,1730,25,2,15,1728,0.625,0.0011560693641618,0.925925925925926,0.074074074074074,0.1714584082365036
fbc_tfnbs,"e=1.1,h=6.0,n=30,start_thres=1.25,min_cluster_size=3",hub,0.25,30,28,40,1730,25,2,15,1728,0.625,0.0011560693641618,0.925925925925926,0.074074074074074,0.1714584082365036
fbc_tfnbs,"e=1.1,h=7.0,n=30,start_thres=1.25,min_cluster_size=3",hub,0.25,30,28,40,1730,25,2,15,1728,0.625,0.0011560693641618,0.925925925925926,0.074074074074074,0.1714584082365036
fbc_tfnbs,"e=1.1,h=8.0,n=30,start_thres=1.25,min_cluster_size=3",hub,0.25,30,28,40,1730,25,2,15,1728,0.625,0.0011560693641618,0.925925925925926,0.074074074074074,0.1714584082365036
fbc_tfnbs,"e=1.1,h=9.0,n=30,start_thres=1.25,min_cluster_size=3",hub,0.25,30,28,40,1730,25,2,15,1728,0.625,0.0011560693641618,0.925925925925926,0.074074074074074,0.1714584082365036
fbc_tfnbs,"e=1.1,h=10.0,n=30,start_thres=1.25,min_cluster_size=3",hub,0.25,30,28,40,1730,25,2,15,1728,0.625,0.0011560693641618,0.925925925925926,0.074074074074074,0.1714584082365036
fbc_tfnbs,"e=1.2,h=0.5,n=30,start_thres=1.25,min_cluster_size=3",hub,0.25,30,28,40,1730,5,0,35,1730,0.125,0.0,1.0,0.0,0.1714584082365036
fbc_tfnbs,"e=1.2,h=1.0,n=30,start_thres=1.25,min_cluster_size=3",hub,0.25,30,28,40,1730,18,0,22,1730,0.45,0.0,1.0,0.0,0.1714584082365036
fbc_tfnbs,"e=1.2,h=2.0,n=30,start_thres=1.25,min_cluster_size=3",hub,0.25,30,28,40,1730,21,2,19,1728,0.525,0.0011560693641618,0.9130434782608696,0.0869565217391304,0.1714584082365036
fbc_tfnbs,"e=1.2,h=3.0,n=30,start_thres=1.25,min_cluster_size=3",hub,0.25,30,28,40,1730,23,2,17,1728,0.575,0.0011560693641618,0.92,0.08,0.1714584082365036
fbc_tfnbs,"e=1.2,h=4.0,n=30,start_thres=1.25,min_cluster_size=3",hub,0.25,30,28,40,1730,24,2,16,1728,0.6,0.0011560693641618,0.9230769230769232,0.0769230769230769,0.1714584082365036
fbc_tfnbs,"e=1.2,h=5.0,n=30,start_thres=1.25,min_cluster_size=3",hub,0.25,30,28,40,1730,25,2,15,1728,0.625,0.0011560693641618,0.925925925925926,0.074074074074074,0.1714584082365036
fbc_tfnbs,"e=1.2,h=6.0,n=30,start_thres=1.25,min_cluster_size=3",hub,0.25,30,28,40,1730,25,2,15,1728,0.625,0.0011560693641618,0.925925925925926,0.074074074074074,0.1714584082365036
fbc_tfnbs,"e=1.2,h=7.0,n=30,start_thres=1.25,min_cluster_size=3",hub,0.25,30,28,40,1730,25,2,15,1728,0.625,0.0011560693641618,0.925925925925926,0.074074074074074,0.1714584082365036
fbc_tfnbs,"e=1.2,h=8.0,n=30,start_thres=1.25,min_cluster_size=3",hub,0.25,30,28,40,1730,25,2,15,1728,0.625,0.0011560693641618,0.925925925925926,0.074074074074074,0.1714584082365036
fbc_tfnbs,"e=1.2,h=9.0,n=30,start_thres=1.25,min_cluster_size=3",hub,0.25,30,28,40,1730,25,2,15,1728,0.625,0.0011560693641618,0.925925925925926,0.074074074074074,0.1714584082365036
fbc_tfnbs,"e=1.2,h=10.0,n=30,start_thres=1.25,min_cluster_size=3",hub,0.25,30,28,40,1730,25,2,15,1728,0.625,0.0011560693641618,0.925925925925926,0.074074074074074,0.1714584082365036
fbc_tfnbs,"e=1.3,h=0.5,n=30,start_thres=1.25,min_cluster_size=3",hub,0.25,30,28,40,1730,3,0,37,1730,0.075,0.0,1.0,0.0,0.1714584082365036
fbc_tfnbs,"e=1.3,h=1.0,n=30,start_thres=1.25,min_cluster_size=3",hub,0.25,30,28,40,1730,8,0,32,1730,0.2,0.0,1.0,0.0,0.1714584082365036
fbc_tfnbs,"e=1.3,h=2.0,n=30,start_thres=1.25,min_cluster_size=3",hub,0.25,30,28,40,1730,20,2,20,1728,0.5,0.0011560693641618,0.9090909090909092,0.0909090909090909,0.1714584082365036
fbc_tfnbs,"e=1.3,h=3.0,n=30,start_thres=1.25,min_cluster_size=3",hub,0.25,30,28,40,1730,22,2,18,1728,0.55,0.0011560693641618,0.9166666666666666,0.0833333333333333,0.1714584082365036
fbc_tfnbs,"e=1.3,h=4.0,n=30,start_thres=1.25,min_cluster_size=3",hub,0.25,30,28,40,1730,23,2,17,1728,0.575,0.0011560693641618,0.92,0.08,0.1714584082365036
fbc_tfnbs,"e=1.3,h=5.0,n=30,start_thres=1.25,min_cluster_size=3",hub,0.25,30,28,40,1730,25,2,15,1728,0.625,0.0011560693641618,0.925925925925926,0.074074074074074,0.1714584082365036
fbc_tfnbs,"e=1.3,h=6.0,n=30,start_thres=1.25,min_cluster_size=3",hub,0.25,30,28,40,1730,25,2,15,1728,0.625,0.0011560693641618,0.925925925925926,0.074074074074074,0.1714584082365036
fbc_tfnbs,"e=1.3,h=7.0,n=30,start_thres=1.25,min_cluster_size=3",hub,0.25,30,28,40,1730,25,2,15,1728,0.625,0.0011560693641618,0.925925925925926,0.074074074074074,0.1714584082365036
fbc_tfnbs,"e=1.3,h=8.0,n=30,start_thres=1.25,min_cluster_size=3",hub,0.25,30,28,40,1730,26,2,14,1728,0.65,0.0011560693641618,0.9285714285714286,0.0714285714285714,0.1714584082365036
fbc_tfnbs,"e=1.3,h=9.0,n=30,start_thres=1.25,min_cluster_size=3",hub,0.25,30,28,40,1730,26,2,14,1728,0.65,0.0011560693641618,0.9285714285714286,0.0714285714285714,0.1714584082365036
fbc_tfnbs,"e=1.3,h=10.0,n=30,start_thres=1.25,min_cluster_size=3",hub,0.25,30,28,40,1730,26,2,14,1728,0.65,0.0011560693641618,0.9285714285714286,0.0714285714285714,0.1714584082365036
fbc_tfnbs,"e=1.4,h=0.5,n=30,start_thres=1.25,min_cluster_size=3",hub,0.25,30,28,40,1730,0,0,40,1730,0.0,0.0,0.0,0.0,0.1714584082365036
fbc_tfnbs,"e=1.4,h=1.0,n=30,start_thres=1.25,min_cluster_size=3",hub,0.25,30,28,40,1730,3,0,37,1730,0.075,0.0,1.0,0.0,0.1714584082365036
fbc_tfnbs,"e=1.4,h=2.0,n=30,start_thres=1.25,min_cluster_size=3",hub,0.25,30,28,40,1730,18,0,22,1730,0.45,0.0,1.0,0.0,0.1714584082365036
fbc_tfnbs,"e=1.4,h=3.0,n=30,start_thres=1.25,min_cluster_size=3",hub,0.25,30,28,40,1730,21,2,19,1728,0.525,0.0011560693641618,0.9130434782608696,0.0869565217391304,0.1714584082365036
fbc_tfnbs,"e=1.4,h=4.0,n=30,start_thres=1.25,min_cluster_size=3",hub,0.25,30,28,40,1730,23,2,17,1728,0.575,0.0011560693641618,0.92,0.08,0.1714584082365036
fbc_tfnbs,"e=1.4,h=5.0,n=30,start_thres=1.25,min_cluster_size=3",hub,0.25,30,28,40,1730,25,2,15,1728,0.625,0.0011560693641618,0.925925925925926,0.074074074074074,0.1714584082365036
fbc_tfnbs,"e=1.4,h=6.0,n=30,start_thres=1.25,min_cluster_size=3",hub,0.25,30,28,40,1730,25,2,15,1728,0.625,0.0011560693641618,0.925925925925926,0.074074074074074,0.1714584082365036
fbc_tfnbs,"e=1.4,h=7.0,n=30,start_thres=1.25,min_cluster_size=3",hub,0.25,30,28,40,1730,25,2,15,1728,0.625,0.0011560693641618,0.925925925925926,0.074074074074074,0.1714584082365036
fbc_tfnbs,"e=1.4,h=8.0,n=30,start_thres=1.25,min_cluster_size=3",hub,0.25,30,28,40,1730,26,2,14,1728,0.65,0.0011560693641618,0.9285714285714286,0.0714285714285714,0.1714584082365036
fbc_tfnbs,"e=1.4,h=9.0,n=30,start_thres=1.25,min_cluster_size=3",hub,0.25,30,28,40,1730,26,2,14,1728,0.65,0.0011560693641618,0.9285714285714286,0.0714285714285714,0.1714584082365036
fbc_tfnbs,"e=1.4,h=10.0,n=30,start_thres=1.25,min_cluster_size=3",hub,0.25,30,28,40,1730,26,2,14,1728,0.65,0.0011560693641618,0.9285714285714286,0.0714285714285714,0.1714584082365036
fbc_tfnbs,"e=1.5,h=0.5,n=30,start_thres=1.25,min_cluster_size=3",hub,0.25,30,28,40,1730,0,0,40,1730,0.0,0.0,0.0,0.0,0.1714584082365036
fbc_tfnbs,"e=1.5,h=1.0,n=30,start_thres=1.25,min_cluster_size=3",hub,0.25,30,28,40,1730,0,0,40,1730,0.0,0.0,0.0,0.0,0.1714584082365036
fbc_tfnbs,"e=1.5,h=2.0,n=30,start_thres=1.25,min_cluster_size=3",hub,0.25,30,28,40,1730,18,0,22,1730,0.45,0.0,1.0,0.0,0.1714584082365036
fbc_tfnbs,"e=1.5,h=3.0,n=30,start_thres=1.25,min_cluster_size=3",hub,0.25,30,28,40,1730,21,2,19,1728,0.525,0.0011560693641618,0.9130434782608696,0.0869565217391304,0.1714584082365036
fbc_tfnbs,"e=1.5,h=4.0,n=30,start_thres=1.25,min_cluster_size=3",hub,0.25,30,28,40,1730,23,2,17,1728,0.575,0.0011560693641618,0.92,0.08,0.1714584082365036
fbc_tfnbs,"e=1.5,h=5.0,n=30,start_thres=1.25,min_cluster_size=3",hub,0.25,30,28,40,1730,24,2,16,1728,0.6,0.0011560693641618,0.9230769230769232,0.0769230769230769,0.1714584082365036
fbc_tfnbs,"e=1.5,h=6.0,n=30,start_thres=1.25,min_cluster_size=3",hub,0.25,30,28,40,1730,25,2,15,1728,0.625,0.0011560693641618,0.925925925925926,0.074074074074074,0.1714584082365036
fbc_tfnbs,"e=1.5,h=7.0,n=30,start_thres=1.25,min_cluster_size=3",hub,0.25,30,28,40,1730,25,2,15,1728,0.625,0.0011560693641618,0.925925925925926,0.074074074074074,0.1714584082365036
fbc_tfnbs,"e=1.5,h=8.0,n=30,start_thres=1.25,min_cluster_size=3",hub,0.25,30,28,40,1730,26,2,14,1728,0.65,0.0011560693641618,0.9285714285714286,0.0714285714285714,0.1714584082365036
fbc_tfnbs,"e=1.5,h=9.0,n=30,start_thres=1.25,min_cluster_size=3",hub,0.25,30,28,40,1730,26,2,14,1728,0.65,0.0011560693641618,0.9285714285714286,0.0714285714285714,0.1714584082365036
fbc_tfnbs,"e=1.5,h=10.0,n=30,start_thres=1.25,min_cluster_size=3",hub,0.25,30,28,40,1730,26,2,14,1728,0.65,0.0011560693641618,0.9285714285714286,0.0714285714285714,0.1714584082365036
nbs_extent,threshold=1.0,hub,0.25,30,0,40,1730,40,421,0,1309,1.0,0.2433526011560693,0.0867678958785249,0.913232104121475,1.6657586097717283
fbc_tfnbs,"e=0.05,h=0.5,n=30,start_thres=1.25,min_cluster_size=3",hub,0.25,30,29,40,1730,15,1,25,1729,0.375,0.0005780346820809,0.9375,0.0625,0.1714789569377899
fbc_tfnbs,"e=0.05,h=1.0,n=30,start_thres=1.25,min_cluster_size=3",hub,0.25,30,29,40,1730,15,1,25,1729,0.375,0.0005780346820809,0.9375,0.0625,0.1714789569377899
fbc_tfnbs,"e=0.05,h=2.0,n=30,start_thres=1.25,min_cluster_size=3",hub,0.25,30,29,40,1730,15,1,25,1729,0.375,0.0005780346820809,0.9375,0.0625,0.1714789569377899
fbc_tfnbs,"e=0.05,h=3.0,n=30,start_thres=1.25,min_cluster_size=3",hub,0.25,30,29,40,1730,15,1,25,1729,0.375,0.0005780346820809,0.9375,0.0625,0.1714789569377899
fbc_tfnbs,"e=0.05,h=4.0,n=30,start_thres=1.25,min_cluster_size=3",hub,0.25,30,29,40,1730,15,1,25,1729,0.375,0.0005780346820809,0.9375,0.0625,0.1714789569377899
fbc_tfnbs,"e=0.05,h=5.0,n=30,start_thres=1.25,min_cluster_size=3",hub,0.25,30,29,40,1730,15,1,25,1729,0.375,0.0005780346820809,0.9375,0.0625,0.1714789569377899
fbc_tfnbs,"e=0.05,h=6.0,n=30,start_thres=1.25,min_cluster_size=3",hub,0.25,30,29,40,1730,15,1,25,1729,0.375,0.0005780346820809,0.9375,0.0625,0.1714789569377899
fbc_tfnbs,"e=0.05,h=7.0,n=30,start_thres=1.25,min_cluster_size=3",hub,0.25,30,29,40,1730,15,1,25,1729,0.375,0.0005780346820809,0.9375,0.0625,0.1714789569377899
fbc_tfnbs,"e=0.05,h=8.0,n=30,start_thres=1.25,min_cluster_size=3",hub,0.25,30,29,40,1730,15,1,25,1729,0.375,0.0005780346820809,0.9375,0.0625,0.1714789569377899
fbc_tfnbs,"e=0.05,h=9.0,n=30,start_thres=1.25,min_cluster_size=3",hub,0.25,30,29,40,1730,15,1,25,1729,0.375,0.0005780346820809,0.9375,0.0625,0.1714789569377899
fbc_tfnbs,"e=0.05,h=10.0,n=30,start_thres=1.25,min_cluster_size=3",hub,0.25,30,29,40,1730,15,1,25,1729,0.375,0.0005780346820809,0.9375,0.0625,0.1714789569377899
fbc_tfnbs,"e=0.1,h=0.5,n=30,start_thres=1.25,min_cluster_size=3",hub,0.25,30,29,40,1730,15,1,25,1729,0.375,0.0005780346820809,0.9375,0.0625,0.1714789569377899
fbc_tfnbs,"e=0.1,h=1.0,n=30,start_thres=1.25,min_cluster_size=3",hub,0.25,30,29,40,1730,15,1,25,1729,0.375,0.0005780346820809,0.9375,0.0625,0.1714789569377899
fbc_tfnbs,"e=0.1,h=2.0,n=30,start_thres=1.25,min_cluster_size=3",hub,0.25,30,29,40,1730,15,1,25,1729,0.375,0.0005780346820809,0.9375,0.0625,0.1714789569377899
fbc_tfnbs,"e=0.1,h=3.0,n=30,start_thres=1.25,min_cluster_size=3",hub,0.25,30,29,40,1730,15,1,25,1729,0.375,0.0005780346820809,0.9375,0.0625,0.1714789569377899
fbc_tfnbs,"e=0.1,h=4.0,n=30,start_thres=1.25,min_cluster_size=3",hub,0.25,30,29,40,1730,15,1,25,1729,0.375,0.0005780346820809,0.9375,0.0625,0.1714789569377899
fbc_tfnbs,"e=0.1,h=5.0,n=30,start_thres=1.25,min_cluster_size=3",hub,0.25,30,29,40,1730,15,1,25,1729,0.375,0.0005780346820809,0.9375,0.0625,0.1714789569377899
fbc_tfnbs,"e=0.1,h=6.0,n=30,start_thres=1.25,min_cluster_size=3",hub,0.25,30,29,40,1730,15,1,25,1729,0.375,0.0005780346820809,0.9375,0.0625,0.1714789569377899
fbc_tfnbs,"e=0.1,h=7.0,n=30,start_thres=1.25,min_cluster_size=3",hub,0.25,30,29,40,1730,15,1,25,1729,0.375,0.0005780346820809,0.9375,0.0625,0.1714789569377899
fbc_tfnbs,"e=0.1,h=8.0,n=30,start_thres=1.25,min_cluster_size=3",hub,0.25,30,29,40,1730,15,1,25,1729,0.375,0.0005780346820809,0.9375,0.0625,0.1714789569377899
fbc_tfnbs,"e=0.1,h=9.0,n=30,start_thres=1.25,min_cluster_size=3",hub,0.25,30,29,40,1730,15,1,25,1729,0.375,0.0005780346820809,0.9375,0.0625,0.1714789569377899
fbc_tfnbs,"e=0.1,h=10.0,n=30,start_thres=1.25,min_cluster_size=3",hub,0.25,30,29,40,1730,15,1,25,1729,0.375,0.0005780346820809,0.9375,0.0625,0.1714789569377899
fbc_tfnbs,"e=0.2,h=0.5,n=30,start_thres=1.25,min_cluster_size=3",hub,0.25,30,29,40,1730,15,1,25,1729,0.375,0.0005780346820809,0.9375,0.0625,0.1714789569377899
fbc_tfnbs,"e=0.2,h=1.0,n=30,start_thres=1.25,min_cluster_size=3",hub,0.25,30,29,40,1730,15,1,25,1729,0.375,0.0005780346820809,0.9375,0.0625,0.1714789569377899
fbc_tfnbs,"e=0.2,h=2.0,n=30,start_thres=1.25,min_cluster_size=3",hub,0.25,30,29,40,1730,15,1,25,1729,0.375,0.0005780346820809,0.9375,0.0625,0.1714789569377899
fbc_tfnbs,"e=0.2,h=3.0,n=30,start_thres=1.25,min_cluster_size=3",hub,0.25,30,29,40,1730,15,1,25,1729,0.375,0.0005780346820809,0.9375,0.0625,0.1714789569377899
fbc_tfnbs,"e=0.2,h=4.0,n=30,start_thres=1.25,min_cluster_size=3",hub,0.25,30,29,40,1730,15,1,25,1729,0.375,0.0005780346820809,0.9375,0.0625,0.1714789569377899
fbc_tfnbs,"e=0.2,h=5.0,n=30,start_thres=1.25,min_cluster_size=3",hub,0.25,30,29,40,1730,15,1,25,1729,0.375,0.0005780346820809,0.9375,0.0625,0.1714789569377899
fbc_tfnbs,"e=0.2,h=6.0,n=30,start_thres=1.25,min_cluster_size=3",hub,0.25,30,29,40,1730,15,1,25,1729,0.375,0.0005780346820809,0.9375,0.0625,0.1714789569377899
fbc_tfnbs,"e=0.2,h=7.0,n=30,start_thres=1.25,min_cluster_size=3",hub,0.25,30,29,40,1730,15,1,25,1729,0.375,0.0005780346820809,0.9375,0.0625,0.1714789569377899
fbc_tfnbs,"e=0.2,h=8.0,n=30,start_thres=1.25,min_cluster_size=3",hub,0.25,30,29,40,1730,15,1,25,1729,0.375,0.0005780346820809,0.9375,0.0625,0.1714789569377899
fbc_tfnbs,"e=0.2,h=9.0,n=30,start_thres=1.25,min_cluster_size=3",hub,0.25,30,29,40,1730,15,1,25,1729,0.375,0.0005780346820809,0.9375,0.0625,0.1714789569377899
fbc_tfnbs,"e=0.2,h=10.0,n=30,start_thres=1.25,min_cluster_size=3",hub,0.25,30,29,40,1730,15,1,25,1729,0.375,0.0005780346820809,0.9375,0.0625,0.1714789569377899
fbc_tfnbs,"e=0.3,h=0.5,n=30,start_thres=1.25,min_cluster_size=3",hub,0.25,30,29,40,1730,15,1,25,1729,0.375,0.0005780346820809,0.9375,0.0625,0.1714789569377899
fbc_tfnbs,"e=0.3,h=1.0,n=30,start_thres=1.25,min_cluster_size=3",hub,0.25,30,29,40,1730,15,1,25,1729,0.375,0.0005780346820809,0.9375,0.0625,0.1714789569377899
fbc_tfnbs,"e=0.3,h=2.0,n=30,start_thres=1.25,min_cluster_size=3",hub,0.25,30,29,40,1730,15,1,25,1729,0.375,0.0005780346820809,0.9375,0.0625,0.1714789569377899
fbc_tfnbs,"e=0.3,h=3.0,n=30,start_thres=1.25,min_cluster_size=3",hub,0.25,30,29,40,1730,15,1,25,1729,0.375,0.0005780346820809,0.9375,0.0625,0.1714789569377899
fbc_tfnbs,"e=0.3,h=4.0,n=30,start_thres=1.25,min_cluster_size=3",hub,0.25,30,29,40,1730,15,1,25,1729,0.375,0.0005780346820809,0.9375,0.0625,0.1714789569377899
fbc_tfnbs,"e=0.3,h=5.0,n=30,start_thres=1.25,min_cluster_size=3",hub,0.25,30,29,40,1730,15,1,25,1729,0.375,0.0005780346820809,0.9375,0.0625,0.1714789569377899
fbc_tfnbs,"e=0.3,h=6.0,n=30,start_thres=1.25,min_cluster_size=3",hub,0.25,30,29,40,1730,15,1,25,1729,0.375,0.0005780346820809,0.9375,0.0625,0.1714789569377899
fbc_tfnbs,"e=0.3,h=7.0,n=30,start_thres=1.25,min_cluster_size=3",hub,0.25,30,29,40,1730,15,1,25,1729,0.375,0.0005780346820809,0.9375,0.0625,0.1714789569377899
fbc_tfnbs,"e=0.3,h=8.0,n=30,start_thres=1.25,min_cluster_size=3",hub,0.25,30,29,40,1730,15,1,25,1729,0.375,0.0005780346820809,0.9375,0.0625,0.1714789569377899
fbc_tfnbs,"e=0.3,h=9.0,n=30,start_thres=1.25,min_cluster_size=3",hub,0.25,30,29,40,1730,15,1,25,1729,0.375,0.0005780346820809,0.9375,0.0625,0.1714789569377899
fbc_tfnbs,"e=0.3,h=10.0,n=30,start_thres=1.25,min_cluster_size=3",hub,0.25,30,29,40,1730,15,1,25,1729,0.375,0.0005780346820809,0.9375,0.0625,0.1714789569377899
fbc_tfnbs,"e=0.4,h=0.5,n=30,start_thres=1.25,min_cluster_size=3",hub,0.25,30,29,40,1730,15,1,25,1729,0.375,0.0005780346820809,0.9375,0.0625,0.1714789569377899
fbc_tfnbs,"e=0.4,h=1.0,n=30,start_thres=1.25,min_cluster_size=3",hub,0.25,30,29,40,1730,15,1,25,1729,0.375,0.0005780346820809,0.9375,0.0625,0.1714789569377899
fbc_tfnbs,"e=0.4,h=2.0,n=30,start_thres=1.25,min_cluster_size=3",hub,0.25,30,29,40,1730,15,1,25,1729,0.375,0.0005780346820809,0.9375,0.0625,0.1714789569377899
fbc_tfnbs,"e=0.4,h=3.0,n=30,start_thres=1.25,min_cluster_size=3",hub,0.25,30,29,40,1730,15,1,25,1729,0.375,0.0005780346820809,0.9375,0.0625,0.1714789569377899
fbc_tfnbs,"e=0.4,h=4.0,n=30,start_thres=1.25,min_cluster_size=3",hub,0.25,30,29,40,1730,15,1,25,1729,0.375,0.0005780346820809,0.9375,0.0625,0.1714789569377899
fbc_tfnbs,"e=0.4,h=5.0,n=30,start_thres=1.25,min_cluster_size=3",hub,0.25,30,29,40,1730,15,1,25,1729,0.375,0.0005780346820809,0.9375,0.0625,0.1714789569377899
fbc_tfnbs,"e=0.4,h=6.0,n=30,start_thres=1.25,min_cluster_size=3",hub,0.25,30,29,40,1730,15,1,25,1729,0.375,0.0005780346820809,0.9375,0.0625,0.1714789569377899
fbc_tfnbs,"e=0.4,h=7.0,n=30,start_thres=1.25,min_cluster_size=3",hub,0.25,30,29,40,1730,15,1,25,1729,0.375,0.0005780346820809,0.9375,0.0625,0.1714789569377899
fbc_tfnbs,"e=0.4,h=8.0,n=30,start_thres=1.25,min_cluster_size=3",hub,0.25,30,29,40,1730,15,1,25,1729,0.375,0.0005780346820809,0.9375,0.0625,0.1714789569377899
fbc_tfnbs,"e=0.4,h=9.0,n=30,start_thres=1.25,min_cluster_size=3",hub,0.25,30,29,40,1730,15,1,25,1729,0.375,0.0005780346820809,0.9375,0.0625,0.1714789569377899
fbc_tfnbs,"e=0.4,h=10.0,n=30,start_thres=1.25,min_cluster_size=3",hub,0.25,30,29,40,1730,15,1,25,1729,0.375,0.0005780346820809,0.9375,0.0625,0.1714789569377899
fbc_tfnbs,"e=0.5,h=0.5,n=30,start_thres=1.25,min_cluster_size=3",hub,0.25,30,29,40,1730,13,0,27,1730,0.325,0.0,1.0,0.0,0.1714789569377899
fbc_tfnbs,"e=0.5,h=1.0,n=30,start_thres=1.25,min_cluster_size=3",hub,0.25,30,29,40,1730,15,1,25,1729,0.375,0.0005780346820809,0.9375,0.0625,0.1714789569377899
fbc_tfnbs,"e=0.5,h=2.0,n=30,start_thres=1.25,min_cluster_size=3",hub,0.25,30,29,40,1730,15,1,25,1729,0.375,0.0005780346820809,0.9375,0.0625,0.1714789569377899
fbc_tfnbs,"e=0.5,h=3.0,n=30,start_thres=1.25,min_cluster_size=3",hub,0.25,30,29,40,1730,15,1,25,1729,0.375,0.0005780346820809,0.9375,0.0625,0.1714789569377899
fbc_tfnbs,"e=0.5,h=4.0,n=30,start_thres=1.25,min_cluster_size=3",hub,0.25,30,29,40,1730,15,1,25,1729,0.375,0.0005780346820809,0.9375,0.0625,0.1714789569377899
fbc_tfnbs,"e=0.5,h=5.0,n=30,start_thres=1.25,min_cluster_size=3",hub,0.25,30,29,40,1730,15,1,25,1729,0.375,0.0005780346820809,0.9375,0.0625,0.1714789569377899
fbc_tfnbs,"e=0.5,h=6.0,n=30,start_thres=1.25,min_cluster_size=3",hub,0.25,30,29,40,1730,15,1,25,1729,0.375,0.0005780346820809,0.9375,0.0625,0.1714789569377899
fbc_tfnbs,"e=0.5,h=7.0,n=30,start_thres=1.25,min_cluster_size=3",hub,0.25,30,29,40,1730,15,1,25,1729,0.375,0.0005780346820809,0.9375,0.0625,0.1714789569377899
fbc_tfnbs,"e=0.5,h=8.0,n=30,start_thres=1.25,min_cluster_size=3",hub,0.25,30,29,40,1730,15,1,25,1729,0.375,0.0005780346820809,0.9375,0.0625,0.1714789569377899
fbc_tfnbs,"e=0.5,h=9.0,n=30,start_thres=1.25,min_cluster_size=3",hub,0.25,30,29,40,1730,15,1,25,1729,0.375,0.0005780346820809,0.9375,0.0625,0.1714789569377899
fbc_tfnbs,"e=0.5,h=10.0,n=30,start_thres=1.25,min_cluster_size=3",hub,0.25,30,29,40,1730,15,1,25,1729,0.375,0.0005780346820809,0.9375,0.0625,0.1714789569377899
fbc_tfnbs,"e=0.6,h=0.5,n=30,start_thres=1.25,min_cluster_size=3",hub,0.25,30,29,40,1730,13,2,27,1728,0.325,0.0011560693641618,0.8666666666666667,0.1333333333333333,0.1714789569377899
fbc_tfnbs,"e=0.6,h=1.0,n=30,start_thres=1.25,min_cluster_size=3",hub,0.25,30,29,40,1730,13,0,27,1730,0.325,0.0,1.0,0.0,0.1714789569377899
fbc_tfnbs,"e=0.6,h=2.0,n=30,start_thres=1.25,min_cluster_size=3",hub,0.25,30,29,40,1730,15,1,25,1729,0.375,0.0005780346820809,0.9375,0.0625,0.1714789569377899
fbc_tfnbs,"e=0.6,h=3.0,n=30,start_thres=1.25,min_cluster_size=3",hub,0.25,30,29,40,1730,15,1,25,1729,0.375,0.0005780346820809,0.9375,0.0625,0.1714789569377899
fbc_tfnbs,"e=0.6,h=4.0,n=30,start_thres=1.25,min_cluster_size=3",hub,0.25,30,29,40,1730,15,1,25,1729,0.375,0.0005780346820809,0.9375,0.0625,0.1714789569377899
fbc_tfnbs,"e=0.6,h=5.0,n=30,start_thres=1.25,min_cluster_size=3",hub,0.25,30,29,40,1730,15,1,25,1729,0.375,0.0005780346820809,0.9375,0.0625,0.1714789569377899
fbc_tfnbs,"e=0.6,h=6.0,n=30,start_thres=1.25,min_cluster_size=3",hub,0.25,30,29,40,1730,15,1,25,1729,0.375,0.0005780346820809,0.9375,0.0625,0.1714789569377899
fbc_tfnbs,"e=0.6,h=7.0,n=30,start_thres=1.25,min_cluster_size=3",hub,0.25,30,29,40,1730,15,1,25,1729,0.375,0.0005780346820809,0.9375,0.0625,0.1714789569377899
fbc_tfnbs,"e=0.6,h=8.0,n=30,start_thres=1.25,min_cluster_size=3",hub,0.25,30,29,40,1730,15,1,25,1729,0.375,0.0005780346820809,0.9375,0.0625,0.1714789569377899
fbc_tfnbs,"e=0.6,h=9.0,n=30,start_thres=1.25,min_cluster_size=3",hub,0.25,30,29,40,1730,15,1,25,1729,0.375,0.0005780346820809,0.9375,0.0625,0.1714789569377899
fbc_tfnbs,"e=0.6,h=10.0,n=30,start_thres=1.25,min_cluster_size=3",hub,0.25,30,29,40,1730,15,1,25,1729,0.375,0.0005780346820809,0.9375,0.0625,0.1714789569377899
fbc_tfnbs,"e=0.7,h=0.5,n=30,start_thres=1.25,min_cluster_size=3",hub,0.25,30,29,40,1730,13,2,27,1728,0.325,0.0011560693641618,0.8666666666666667,0.1333333333333333,0.1714789569377899
fbc_tfnbs,"e=0.7,h=1.0,n=30,start_thres=1.25,min_cluster_size=3",hub,0.25,30,29,40,1730,13,2,27,1728,0.325,0.0011560693641618,0.8666666666666667,0.1333333333333333,0.1714789569377899
fbc_tfnbs,"e=0.7,h=2.0,n=30,start_thres=1.25,min_cluster_size=3",hub,0.25,30,29,40,1730,16,3,24,1727,0.4,0.0017341040462427,0.8421052631578947,0.1578947368421052,0.1714789569377899
fbc_tfnbs,"e=0.7,h=3.0,n=30,start_thres=1.25,min_cluster_size=3",hub,0.25,30,29,40,1730,15,1,25,1729,0.375,0.0005780346820809,0.9375,0.0625,0.1714789569377899
fbc_tfnbs,"e=0.7,h=4.0,n=30,start_thres=1.25,min_cluster_size=3",hub,0.25,30,29,40,1730,15,1,25,1729,0.375,0.0005780346820809,0.9375,0.0625,0.1714789569377899
fbc_tfnbs,"e=0.7,h=5.0,n=30,start_thres=1.25,min_cluster_size=3",hub,0.25,30,29,40,1730,15,1,25,1729,0.375,0.0005780346820809,0.9375,0.0625,0.1714789569377899
fbc_tfnbs,"e=0.7,h=6.0,n=30,start_thres=1.25,min_cluster_size=3",hub,0.25,30,29,40,1730,16,1,24,1729,0.4,0.0005780346820809,0.9411764705882352,0.0588235294117647,0.1714789569377899
fbc_tfnbs,"e=0.7,h=7.0,n=30,start_thres=1.25,min_cluster_size=3",hub,0.25,30,29,40,1730,16,1,24,1729,0.4,0.0005780346820809,0.9411764705882352,0.0588235294117647,0.1714789569377899
fbc_tfnbs,"e=0.7,h=8.0,n=30,start_thres=1.25,min_cluster_size=3",hub,0.25,30,29,40,1730,16,1,24,1729,0.4,0.0005780346820809,0.9411764705882352,0.0588235294117647,0.1714789569377899
fbc_tfnbs,"e=0.7,h=9.0,n=30,start_thres=1.25,min_cluster_size=3",hub,0.25,30,29,40,1730,16,1,24,1729,0.4,0.0005780346820809,0.9411764705882352,0.0588235294117647,0.1714789569377899
fbc_tfnbs,"e=0.7,h=10.0,n=30,start_thres=1.25,min_cluster_size=3",hub,0.25,30,29,40,1730,15,1,25,1729,0.375,0.0005780346820809,0.9375,0.0625,0.1714789569377899
fbc_tfnbs,"e=0.8,h=0.5,n=30,start_thres=1.25,min_cluster_size=3",hub,0.25,30,29,40,1730,12,4,28,1726,0.3,0.0023121387283236,0.75,0.25,0.1714789569377899
fbc_tfnbs,"e=0.8,h=1.0,n=30,start_thres=1.25,min_cluster_size=3",hub,0.25,30,29,40,1730,13,2,27,1728,0.325,0.0011560693641618,0.8666666666666667,0.1333333333333333,0.1714789569377899
fbc_tfnbs,"e=0.8,h=2.0,n=30,start_thres=1.25,min_cluster_size=3",hub,0.25,30,29,40,1730,14,2,26,1728,0.35,0.0011560693641618,0.875,0.125,0.1714789569377899
fbc_tfnbs,"e=0.8,h=3.0,n=30,start_thres=1.25,min_cluster_size=3",hub,0.25,30,29,40,1730,16,3,24,1727,0.4,0.0017341040462427,0.8421052631578947,0.1578947368421052,0.1714789569377899
fbc_tfnbs,"e=0.8,h=4.0,n=30,start_thres=1.25,min_cluster_size=3",hub,0.25,30,29,40,1730,16,3,24,1727,0.4,0.0017341040462427,0.8421052631578947,0.1578947368421052,0.1714789569377899
fbc_tfnbs,"e=0.8,h=5.0,n=30,start_thres=1.25,min_cluster_size=3",hub,0.25,30,29,40,1730,15,1,25,1729,0.375,0.0005780346820809,0.9375,0.0625,0.1714789569377899
fbc_tfnbs,"e=0.8,h=6.0,n=30,start_thres=1.25,min_cluster_size=3",hub,0.25,30,29,40,1730,15,1,25,1729,0.375,0.0005780346820809,0.9375,0.0625,0.1714789569377899
fbc_tfnbs,"e=0.8,h=7.0,n=30,start_thres=1.25,min_cluster_size=3",hub,0.25,30,29,40,1730,16,1,24,1729,0.4,0.0005780346820809,0.9411764705882352,0.0588235294117647,0.1714789569377899
fbc_tfnbs,"e=0.8,h=8.0,n=30,start_thres=1.25,min_cluster_size=3",hub,0.25,30,29,40,1730,16,1,24,1729,0.4,0.0005780346820809,0.9411764705882352,0.0588235294117647,0.1714789569377899
fbc_tfnbs,"e=0.8,h=9.0,n=30,start_thres=1.25,min_cluster_size=3",hub,0.25,30,29,40,1730,16,1,24,1729,0.4,0.0005780346820809,0.9411764705882352,0.0588235294117647,0.1714789569377899
fbc_tfnbs,"e=0.8,h=10.0,n=30,start_thres=1.25,min_cluster_size=3",hub,0.25,30,29,40,1730,16,1,24,1729,0.4,0.0005780346820809,0.9411764705882352,0.0588235294117647,0.1714789569377899
fbc_tfnbs,"e=0.9,h=0.5,n=30,start_thres=1.25,min_cluster_size=3",hub,0.25,30,29,40,1730,8,4,32,1726,0.2,0.0023121387283236,0.6666666666666666,0.3333333333333333,0.1714789569377899
fbc_tfnbs,"e=0.9,h=1.0,n=30,start_thres=1.25,min_cluster_size=3",hub,0.25,30,29,40,1730,13,4,27,1726,0.325,0.0023121387283236,0.7647058823529411,0.2352941176470588,0.1714789569377899
fbc_tfnbs,"e=0.9,h=2.0,n=30,start_thres=1.25,min_cluster_size=3",hub,0.25,30,29,40,1730,14,2,26,1728,0.35,0.0011560693641618,0.875,0.125,0.1714789569377899
fbc_tfnbs,"e=0.9,h=3.0,n=30,start_thres=1.25,min_cluster_size=3",hub,0.25,30,29,40,1730,14,2,26,1728,0.35,0.0011560693641618,0.875,0.125,0.1714789569377899
fbc_tfnbs,"e=0.9,h=4.0,n=30,start_thres=1.25,min_cluster_size=3",hub,0.25,30,29,40,1730,16,3,24,1727,0.4,0.0017341040462427,0.8421052631578947,0.1578947368421052,0.1714789569377899
fbc_tfnbs,"e=0.9,h=5.0,n=30,start_thres=1.25,min_cluster_size=3",hub,0.25,30,29,40,1730,16,3,24,1727,0.4,0.0017341040462427,0.8421052631578947,0.1578947368421052,0.1714789569377899
fbc_tfnbs,"e=0.9,h=6.0,n=30,start_thres=1.25,min_cluster_size=3",hub,0.25,30,29,40,1730,16,1,24,1729,0.4,0.0005780346820809,0.9411764705882352,0.0588235294117647,0.1714789569377899
fbc_tfnbs,"e=0.9,h=7.0,n=30,start_thres=1.25,min_cluster_size=3",hub,0.25,30,29,40,1730,16,1,24,1729,0.4,0.0005780346820809,0.9411764705882352,0.0588235294117647,0.1714789569377899
fbc_tfnbs,"e=0.9,h=8.0,n=30,start_thres=1.25,min_cluster_size=3",hub,0.25,30,29,40,1730,16,1,24,1729,0.4,0.0005780346820809,0.9411764705882352,0.0588235294117647,0.1714789569377899
fbc_tfnbs,"e=0.9,h=9.0,n=30,start_thres=1.25,min_cluster_size=3",hub,0.25,30,29,40,1730,16,1,24,1729,0.4,0.0005780346820809,0.9411764705882352,0.0588235294117647,0.1714789569377899
fbc_tfnbs,"e=0.9,h=10.0,n=30,start_thres=1.25,min_cluster_size=3",hub,0.25,30,29,40,1730,16,1,24,1729,0.4,0.0005780346820809,0.9411764705882352,0.0588235294117647,0.1714789569377899
fbc_tfnbs,"e=1.0,h=0.5,n=30,start_thres=1.25,min_cluster_size=3",hub,0.25,30,29,40,1730,8,4,32,1726,0.2,0.0023121387283236,0.6666666666666666,0.3333333333333333,0.1714789569377899
fbc_tfnbs,"e=1.0,h=1.0,n=30,start_thres=1.25,min_cluster_size=3",hub,0.25,30,29,40,1730,12,4,28,1726,0.3,0.0023121387283236,0.75,0.25,0.1714789569377899
fbc_tfnbs,"e=1.0,h=2.0,n=30,start_thres=1.25,min_cluster_size=3",hub,0.25,30,29,40,1730,13,4,27,1726,0.325,0.0023121387283236,0.7647058823529411,0.2352941176470588,0.1714789569377899
fbc_tfnbs,"e=1.0,h=3.0,n=30,start_thres=1.25,min_cluster_size=3",hub,0.25,30,29,40,1730,14,4,26,1726,0.35,0.0023121387283236,0.7777777777777778,0.2222222222222222,0.1714789569377899
fbc_tfnbs,"e=1.0,h=4.0,n=30,start_thres=1.25,min_cluster_size=3",hub,0.25,30,29,40,1730,16,3,24,1727,0.4,0.0017341040462427,0.8421052631578947,0.1578947368421052,0.1714789569377899
fbc_tfnbs,"e=1.0,h=5.0,n=30,start_thres=1.25,min_cluster_size=3",hub,0.25,30,29,40,1730,16,3,24,1727,0.4,0.0017341040462427,0.8421052631578947,0.1578947368421052,0.1714789569377899
fbc_tfnbs,"e=1.0,h=6.0,n=30,start_thres=1.25,min_cluster_size=3",hub,0.25,30,29,40,1730,17,3,23,1727,0.425,0.0017341040462427,0.85,0.15,0.1714789569377899
fbc_tfnbs,"e=1.0,h=7.0,n=30,start_thres=1.25,min_cluster_size=3",hub,0.25,30,29,40,1730,16,1,24,1729,0.4,0.0005780346820809,0.9411764705882352,0.0588235294117647,0.1714789569377899
fbc_tfnbs,"e=1.0,h=8.0,n=30,start_thres=1.25,min_cluster_size=3",hub,0.25,30,29,40,1730,16,1,24,1729,0.4,0.0005780346820809,0.9411764705882352,0.0588235294117647,0.1714789569377899
fbc_tfnbs,"e=1.0,h=9.0,n=30,start_thres=1.25,min_cluster_size=3",hub,0.25,30,29,40,1730,16,1,24,1729,0.4,0.0005780346820809,0.9411764705882352,0.0588235294117647,0.1714789569377899
fbc_tfnbs,"e=1.0,h=10.0,n=30,start_thres=1.25,min_cluster_size=3",hub,0.25,30,29,40,1730,16,1,24,1729,0.4,0.0005780346820809,0.9411764705882352,0.0588235294117647,0.1714789569377899
fbc_tfnbs,"e=1.1,h=0.5,n=30,start_thres=1.25,min_cluster_size=3",hub,0.25,30,29,40,1730,8,4,32,1726,0.2,0.0023121387283236,0.6666666666666666,0.3333333333333333,0.1714789569377899
fbc_tfnbs,"e=1.1,h=1.0,n=30,start_thres=1.25,min_cluster_size=3",hub,0.25,30,29,40,1730,8,4,32,1726,0.2,0.0023121387283236,0.6666666666666666,0.3333333333333333,0.1714789569377899
fbc_tfnbs,"e=1.1,h=2.0,n=30,start_thres=1.25,min_cluster_size=3",hub,0.25,30,29,40,1730,13,4,27,1726,0.325,0.0023121387283236,0.7647058823529411,0.2352941176470588,0.1714789569377899
fbc_tfnbs,"e=1.1,h=3.0,n=30,start_thres=1.25,min_cluster_size=3",hub,0.25,30,29,40,1730,14,4,26,1726,0.35,0.0023121387283236,0.7777777777777778,0.2222222222222222,0.1714789569377899
fbc_tfnbs,"e=1.1,h=4.0,n=30,start_thres=1.25,min_cluster_size=3",hub,0.25,30,29,40,1730,14,4,26,1726,0.35,0.0023121387283236,0.7777777777777778,0.2222222222222222,0.1714789569377899
fbc_tfnbs,"e=1.1,h=5.0,n=30,start_thres=1.25,min_cluster_size=3",hub,0.25,30,29,40,1730,16,3,24,1727,0.4,0.0017341040462427,0.8421052631578947,0.1578947368421052,0.1714789569377899
fbc_tfnbs,"e=1.1,h=6.0,n=30,start_thres=1.25,min_cluster_size=3",hub,0.25,30,29,40,1730,17,3,23,1727,0.425,0.0017341040462427,0.85,0.15,0.1714789569377899
fbc_tfnbs,"e=1.1,h=7.0,n=30,start_thres=1.25,min_cluster_size=3",hub,0.25,30,29,40,1730,17,3,23,1727,0.425,0.0017341040462427,0.85,0.15,0.1714789569377899
fbc_tfnbs,"e=1.1,h=8.0,n=30,start_thres=1.25,min_cluster_size=3",hub,0.25,30,29,40,1730,16,1,24,1729,0.4,0.0005780346820809,0.9411764705882352,0.0588235294117647,0.1714789569377899
fbc_tfnbs,"e=1.1,h=9.0,n=30,start_thres=1.25,min_cluster_size=3",hub,0.25,30,29,40,1730,16,1,24,1729,0.4,0.0005780346820809,0.9411764705882352,0.0588235294117647,0.1714789569377899
fbc_tfnbs,"e=1.1,h=10.0,n=30,start_thres=1.25,min_cluster_size=3",hub,0.25,30,29,40,1730,16,1,24,1729,0.4,0.0005780346820809,0.9411764705882352,0.0588235294117647,0.1714789569377899
fbc_tfnbs,"e=1.2,h=0.5,n=30,start_thres=1.25,min_cluster_size=3",hub,0.25,30,29,40,1730,8,8,32,1722,0.2,0.0046242774566473,0.5,0.5,0.1714789569377899
fbc_tfnbs,"e=1.2,h=1.0,n=30,start_thres=1.25,min_cluster_size=3",hub,0.25,30,29,40,1730,8,8,32,1722,0.2,0.0046242774566473,0.5,0.5,0.1714789569377899
fbc_tfnbs,"e=1.2,h=2.0,n=30,start_thres=1.25,min_cluster_size=3",hub,0.25,30,29,40,1730,13,8,27,1722,0.325,0.0046242774566473,0.6190476190476191,0.3809523809523809,0.1714789569377899
fbc_tfnbs,"e=1.2,h=3.0,n=30,start_thres=1.25,min_cluster_size=3",hub,0.25,30,29,40,1730,14,4,26,1726,0.35,0.0023121387283236,0.7777777777777778,0.2222222222222222,0.1714789569377899
fbc_tfnbs,"e=1.2,h=4.0,n=30,start_thres=1.25,min_cluster_size=3",hub,0.25,30,29,40,1730,14,4,26,1726,0.35,0.0023121387283236,0.7777777777777778,0.2222222222222222,0.1714789569377899
fbc_tfnbs,"e=1.2,h=5.0,n=30,start_thres=1.25,min_cluster_size=3",hub,0.25,30,29,40,1730,16,5,24,1725,0.4,0.0028901734104046,0.7619047619047619,0.238095238095238,0.1714789569377899
fbc_tfnbs,"e=1.2,h=6.0,n=30,start_thres=1.25,min_cluster_size=3",hub,0.25,30,29,40,1730,17,3,23,1727,0.425,0.0017341040462427,0.85,0.15,0.1714789569377899
fbc_tfnbs,"e=1.2,h=7.0,n=30,start_thres=1.25,min_cluster_size=3",hub,0.25,30,29,40,1730,17,3,23,1727,0.425,0.0017341040462427,0.85,0.15,0.1714789569377899
fbc_tfnbs,"e=1.2,h=8.0,n=30,start_thres=1.25,min_cluster_size=3",hub,0.25,30,29,40,1730,17,3,23,1727,0.425,0.0017341040462427,0.85,0.15,0.1714789569377899
fbc_tfnbs,"e=1.2,h=9.0,n=30,start_thres=1.25,min_cluster_size=3",hub,0.25,30,29,40,1730,16,1,24,1729,0.4,0.0005780346820809,0.9411764705882352,0.0588235294117647,0.1714789569377899
fbc_tfnbs,"e=1.2,h=10.0,n=30,start_thres=1.25,min_cluster_size=3",hub,0.25,30,29,40,1730,16,1,24,1729,0.4,0.0005780346820809,0.9411764705882352,0.0588235294117647,0.1714789569377899
fbc_tfnbs,"e=1.3,h=0.5,n=30,start_thres=1.25,min_cluster_size=3",hub,0.25,30,29,40,1730,8,8,32,1722,0.2,0.0046242774566473,0.5,0.5,0.1714789569377899
fbc_tfnbs,"e=1.3,h=1.0,n=30,start_thres=1.25,min_cluster_size=3",hub,0.25,30,29,40,1730,8,8,32,1722,0.2,0.0046242774566473,0.5,0.5,0.1714789569377899
fbc_tfnbs,"e=1.3,h=2.0,n=30,start_thres=1.25,min_cluster_size=3",hub,0.25,30,29,40,1730,12,8,28,1722,0.3,0.0046242774566473,0.6,0.4,0.1714789569377899
fbc_tfnbs,"e=1.3,h=3.0,n=30,start_thres=1.25,min_cluster_size=3",hub,0.25,30,29,40,1730,14,8,26,1722,0.35,0.0046242774566473,0.6363636363636364,0.3636363636363636,0.1714789569377899
fbc_tfnbs,"e=1.3,h=4.0,n=30,start_thres=1.25,min_cluster_size=3",hub,0.25,30,29,40,1730,14,4,26,1726,0.35,0.0023121387283236,0.7777777777777778,0.2222222222222222,0.1714789569377899
fbc_tfnbs,"e=1.3,h=5.0,n=30,start_thres=1.25,min_cluster_size=3",hub,0.25,30,29,40,1730,14,4,26,1726,0.35,0.0023121387283236,0.7777777777777778,0.2222222222222222,0.1714789569377899
fbc_tfnbs,"e=1.3,h=6.0,n=30,start_thres=1.25,min_cluster_size=3",hub,0.25,30,29,40,1730,17,5,23,1725,0.425,0.0028901734104046,0.7727272727272727,0.2272727272727272,0.1714789569377899
fbc_tfnbs,"e=1.3,h=7.0,n=30,start_thres=1.25,min_cluster_size=3",hub,0.25,30,29,40,1730,17,3,23,1727,0.425,0.0017341040462427,0.85,0.15,0.1714789569377899
fbc_tfnbs,"e=1.3,h=8.0,n=30,start_thres=1.25,min_cluster_size=3",hub,0.25,30,29,40,1730,17,3,23,1727,0.425,0.0017341040462427,0.85,0.15,0.1714789569377899
fbc_tfnbs,"e=1.3,h=9.0,n=30,start_thres=1.25,min_cluster_size=3",hub,0.25,30,29,40,1730,17,3,23,1727,0.425,0.0017341040462427,0.85,0.15,0.1714789569377899
fbc_tfnbs,"e=1.3,h=10.0,n=30,start_thres=1.25,min_cluster_size=3",hub,0.25,30,29,40,1730,16,1,24,1729,0.4,0.0005780346820809,0.9411764705882352,0.0588235294117647,0.1714789569377899
fbc_tfnbs,"e=1.4,h=0.5,n=30,start_thres=1.25,min_cluster_size=3",hub,0.25,30,29,40,1730,8,8,32,1722,0.2,0.0046242774566473,0.5,0.5,0.1714789569377899
fbc_tfnbs,"e=1.4,h=1.0,n=30,start_thres=1.25,min_cluster_size=3",hub,0.25,30,29,40,1730,8,8,32,1722,0.2,0.0046242774566473,0.5,0.5,0.1714789569377899
fbc_tfnbs,"e=1.4,h=2.0,n=30,start_thres=1.25,min_cluster_size=3",hub,0.25,30,29,40,1730,8,8,32,1722,0.2,0.0046242774566473,0.5,0.5,0.1714789569377899
fbc_tfnbs,"e=1.4,h=3.0,n=30,start_thres=1.25,min_cluster_size=3",hub,0.25,30,29,40,1730,13,8,27,1722,0.325,0.0046242774566473,0.6190476190476191,0.3809523809523809,0.1714789569377899
fbc_tfnbs,"e=1.4,h=4.0,n=30,start_thres=1.25,min_cluster_size=3",hub,0.25,30,29,40,1730,14,8,26,1722,0.35,0.0046242774566473,0.6363636363636364,0.3636363636363636,0.1714789569377899
fbc_tfnbs,"e=1.4,h=5.0,n=30,start_thres=1.25,min_cluster_size=3",hub,0.25,30,29,40,1730,14,4,26,1726,0.35,0.0023121387283236,0.7777777777777778,0.2222222222222222,0.1714789569377899
fbc_tfnbs,"e=1.4,h=6.0,n=30,start_thres=1.25,min_cluster_size=3",hub,0.25,30,29,40,1730,14,4,26,1726,0.35,0.0023121387283236,0.7777777777777778,0.2222222222222222,0.1714789569377899
fbc_tfnbs,"e=1.4,h=7.0,n=30,start_thres=1.25,min_cluster_size=3",hub,0.25,30,29,40,1730,17,5,23,1725,0.425,0.0028901734104046,0.7727272727272727,0.2272727272727272,0.1714789569377899
fbc_tfnbs,"e=1.4,h=8.0,n=30,start_thres=1.25,min_cluster_size=3",hub,0.25,30,29,40,1730,17,3,23,1727,0.425,0.0017341040462427,0.85,0.15,0.1714789569377899
fbc_tfnbs,"e=1.4,h=9.0,n=30,start_thres=1.25,min_cluster_size=3",hub,0.25,30,29,40,1730,17,3,23,1727,0.425,0.0017341040462427,0.85,0.15,0.1714789569377899
fbc_tfnbs,"e=1.4,h=10.0,n=30,start_thres=1.25,min_cluster_size=3",hub,0.25,30,29,40,1730,17,3,23,1727,0.425,0.0017341040462427,0.85,0.15,0.1714789569377899
fbc_tfnbs,"e=1.5,h=0.5,n=30,start_thres=1.25,min_cluster_size=3",hub,0.25,30,29,40,1730,8,8,32,1722,0.2,0.0046242774566473,0.5,0.5,0.1714789569377899
fbc_tfnbs,"e=1.5,h=1.0,n=30,start_thres=1.25,min_cluster_size=3",hub,0.25,30,29,40,1730,8,8,32,1722,0.2,0.0046242774566473,0.5,0.5,0.1714789569377899
fbc_tfnbs,"e=1.5,h=2.0,n=30,start_thres=1.25,min_cluster_size=3",hub,0.25,30,29,40,1730,8,8,32,1722,0.2,0.0046242774566473,0.5,0.5,0.1714789569377899
fbc_tfnbs,"e=1.5,h=3.0,n=30,start_thres=1.25,min_cluster_size=3",hub,0.25,30,29,40,1730,13,8,27,1722,0.325,0.0046242774566473,0.6190476190476191,0.3809523809523809,0.1714789569377899
fbc_tfnbs,"e=1.5,h=4.0,n=30,start_thres=1.25,min_cluster_size=3",hub,0.25,30,29,40,1730,14,8,26,1722,0.35,0.0046242774566473,0.6363636363636364,0.3636363636363636,0.1714789569377899
fbc_tfnbs,"e=1.5,h=5.0,n=30,start_thres=1.25,min_cluster_size=3",hub,0.25,30,29,40,1730,14,8,26,1722,0.35,0.0046242774566473,0.6363636363636364,0.3636363636363636,0.1714789569377899
fbc_tfnbs,"e=1.5,h=6.0,n=30,start_thres=1.25,min_cluster_size=3",hub,0.25,30,29,40,1730,14,4,26,1726,0.35,0.0023121387283236,0.7777777777777778,0.2222222222222222,0.1714789569377899
fbc_tfnbs,"e=1.5,h=7.0,n=30,start_thres=1.25,min_cluster_size=3",hub,0.25,30,29,40,1730,17,5,23,1725,0.425,0.0028901734104046,0.7727272727272727,0.2272727272727272,0.1714789569377899
fbc_tfnbs,"e=1.5,h=8.0,n=30,start_thres=1.25,min_cluster_size=3",hub,0.25,30,29,40,1730,17,5,23,1725,0.425,0.0028901734104046,0.7727272727272727,0.2272727272727272,0.1714789569377899
fbc_tfnbs,"e=1.5,h=9.0,n=30,start_thres=1.25,min_cluster_size=3",hub,0.25,30,29,40,1730,17,3,23,1727,0.425,0.0017341040462427,0.85,0.15,0.1714789569377899
fbc_tfnbs,"e=1.5,h=10.0,n=30,start_thres=1.25,min_cluster_size=3",hub,0.25,30,29,40,1730,17,3,23,1727,0.425,0.0017341040462427,0.85,0.15,0.1714789569377899
nbs_extent,threshold=1.0,hub,0.25,30,1,40,1730,0,0,40,1730,0.0,0.0,0.0,0.0,3.08725380897522
nbs_extent,threshold=1.0,hub,0.25,30,2,40,1730,0,0,40,1730,0.0,0.0,0.0,0.0,1.8919198513031008
nbs_extent,threshold=1.0,hub,0.25,30,3,40,1730,0,0,40,1730,0.0,0.0,0.0,0.0,1.8097257614135744
nbs_extent,threshold=1.0,hub,0.25,30,4,40,1730,40,438,0,1292,1.0,0.253179190751445,0.0836820083682008,0.9163179916317992,1.907047986984253
nbs_extent,threshold=1.0,hub,0.25,30,5,40,1730,0,0,40,1730,0.0,0.0,0.0,0.0,1.7856287956237793
nbs_extent,threshold=1.0,hub,0.25,30,6,40,1730,0,0,40,1730,0.0,0.0,0.0,0.0,1.6633293628692627
nbs_extent,threshold=1.0,hub,0.25,30,7,40,1730,0,0,40,1730,0.0,0.0,0.0,0.0,1.6337165832519531
nbs_extent,threshold=1.0,hub,0.25,30,8,40,1730,0,0,40,1730,0.0,0.0,0.0,0.0,1.667823076248169
nbs_extent,threshold=1.0,hub,0.25,30,9,40,1730,0,0,40,1730,0.0,0.0,0.0,0.0,1.6404476165771484
nbs_extent,threshold=1.0,hub,0.25,30,10,40,1730,39,392,1,1338,0.975,0.2265895953757225,0.0904872389791183,0.9095127610208816,1.674072265625
nbs_extent,threshold=1.0,hub,0.25,30,11,40,1730,40,370,0,1360,1.0,0.2138728323699422,0.0975609756097561,0.902439024390244,1.803755760192871
nbs_extent,threshold=1.0,hub,0.25,30,12,40,1730,0,0,40,1730,0.0,0.0,0.0,0.0,1.6830899715423584
nbs_extent,threshold=1.0,hub,0.25,30,13,40,1730,38,396,2,1334,0.95,0.2289017341040462,0.0875576036866359,0.912442396313364,1.6326229572296145
nbs_extent,threshold=1.0,hub,0.25,30,14,40,1730,0,0,40,1730,0.0,0.0,0.0,0.0,1.6860175132751465
nbs_extent,threshold=1.0,hub,0.25,30,15,40,1730,0,0,40,1730,0.0,0.0,0.0,0.0,1.5189335346221924
nbs_extent,threshold=1.0,hub,0.25,30,16,40,1730,0,0,40,1730,0.0,0.0,0.0,0.0,1.655911207199097
nbs_extent,threshold=1.0,hub,0.25,30,17,40,1730,0,0,40,1730,0.0,0.0,0.0,0.0,1.6285359859466553
nbs_extent,threshold=1.0,hub,0.25,30,18,40,1730,0,0,40,1730,0.0,0.0,0.0,0.0,1.6645114421844482
nbs_extent,threshold=1.0,hub,0.25,30,19,40,1730,0,0,40,1730,0.0,0.0,0.0,0.0,1.6419548988342283
nbs_extent,threshold=1.0,hub,0.25,30,20,40,1730,0,0,40,1730,0.0,0.0,0.0,0.0,1.93318772315979
nbs_extent,threshold=1.0,hub,0.25,30,22,40,1730,0,0,40,1730,0.0,0.0,0.0,0.0,1.6283080577850342
nbs_extent,threshold=1.0,hub,0.25,30,21,40,1730,0,0,40,1730,0.0,0.0,0.0,0.0,2.969686269760132
nbs_extent,threshold=1.0,hub,0.25,30,23,40,1730,0,0,40,1730,0.0,0.0,0.0,0.0,1.612713098526001
nbs_extent,threshold=1.0,hub,0.25,30,25,40,1730,0,0,40,1730,0.0,0.0,0.0,0.0,1.6705269813537598
nbs_extent,threshold=1.0,hub,0.25,30,24,40,1730,0,0,40,1730,0.0,0.0,0.0,0.0,3.130215883255005
nbs_extent,threshold=1.0,hub,0.25,30,26,40,1730,38,381,2,1349,0.95,0.2202312138728323,0.0906921241050119,0.909307875894988,2.005255937576294
nbs_extent,threshold=1.0,hub,0.25,30,27,40,1730,0,0,40,1730,0.0,0.0,0.0,0.0,1.6573762893676758
nbs_extent,threshold=1.0,hub,0.25,30,28,40,1730,0,0,40,1730,0.0,0.0,0.0,0.0,1.6600637435913086
nbs_extent,threshold=1.0,hub,0.25,30,29,40,1730,0,0,40,1730,0.0,0.0,0.0,0.0,1.638930320739746
nbs_extent,threshold=1.5,hub,0.25,30,0,40,1730,34,184,6,1546,0.85,0.1063583815028901,0.1559633027522936,0.8440366972477065,1.5607521533966064
nbs_extent,threshold=1.5,hub,0.25,30,1,40,1730,0,0,40,1730,0.0,0.0,0.0,0.0,1.8696856498718264
nbs_extent,threshold=1.5,hub,0.25,30,2,40,1730,37,175,3,1555,0.925,0.1011560693641618,0.1745283018867924,0.8254716981132075,1.5746142864227295
nbs_extent,threshold=1.5,hub,0.25,30,3,40,1730,0,0,40,1730,0.0,0.0,0.0,0.0,1.59415602684021
nbs_extent,threshold=1.5,hub,0.25,30,4,40,1730,38,190,2,1540,0.95,0.1098265895953757,0.1666666666666666,0.8333333333333334,1.5657727718353271
nbs_extent,threshold=1.5,hub,0.25,30,5,40,1730,0,0,40,1730,0.0,0.0,0.0,0.0,1.6008155345916748
nbs_extent,threshold=1.5,hub,0.25,30,6,40,1730,0,0,40,1730,0.0,0.0,0.0,0.0,1.5654001235961914
nbs_extent,threshold=1.5,hub,0.25,30,7,40,1730,0,0,40,1730,0.0,0.0,0.0,0.0,2.3568811416625977
nbs_extent,threshold=1.5,hub,0.25,30,8,40,1730,0,0,40,1730,0.0,0.0,0.0,0.0,1.513811111450195
nbs_extent,threshold=1.5,hub,0.25,30,9,40,1730,0,0,40,1730,0.0,0.0,0.0,0.0,1.5814785957336426
nbs_extent,threshold=1.5,hub,0.25,30,10,40,1730,33,201,7,1529,0.825,0.1161849710982659,0.141025641025641,0.8589743589743589,1.5443789958953855
nbs_extent,threshold=1.5,hub,0.25,30,12,40,1730,0,0,40,1730,0.0,0.0,0.0,0.0,1.5993785858154297
nbs_extent,threshold=1.5,hub,0.25,30,11,40,1730,38,163,2,1567,0.95,0.0942196531791907,0.1890547263681592,0.8109452736318408,3.311339855194092
nbs_extent,threshold=1.5,hub,0.25,30,13,40,1730,37,195,3,1535,0.925,0.1127167630057803,0.1594827586206896,0.8405172413793104,2.035034656524658
nbs_extent,threshold=1.5,hub,0.25,30,15,40,1730,0,0,40,1730,0.0,0.0,0.0,0.0,2.444139003753662
nbs_extent,threshold=1.5,hub,0.25,30,14,40,1730,0,0,40,1730,0.0,0.0,0.0,0.0,3.496313571929932
nbs_extent,threshold=1.5,hub,0.25,30,16,40,1730,0,0,40,1730,0.0,0.0,0.0,0.0,1.502518892288208
nbs_extent,threshold=1.5,hub,0.25,30,17,40,1730,40,189,0,1541,1.0,0.1092485549132948,0.1746724890829694,0.8253275109170306,1.624234676361084
nbs_extent,threshold=1.5,hub,0.25,30,18,40,1730,0,0,40,1730,0.0,0.0,0.0,0.0,1.5616862773895264
nbs_extent,threshold=1.5,hub,0.25,30,19,40,1730,0,0,40,1730,0.0,0.0,0.0,0.0,1.6189358234405518
nbs_extent,threshold=1.5,hub,0.25,30,20,40,1730,0,0,40,1730,0.0,0.0,0.0,0.0,1.5700640678405762
nbs_extent,threshold=1.5,hub,0.25,30,22,40,1730,0,0,40,1730,0.0,0.0,0.0,0.0,1.6458163261413574
nbs_extent,threshold=1.5,hub,0.25,30,21,40,1730,0,0,40,1730,0.0,0.0,0.0,0.0,2.5610122680664062
nbs_extent,threshold=1.5,hub,0.25,30,23,40,1730,0,0,40,1730,0.0,0.0,0.0,0.0,1.5787944793701172
nbs_extent,threshold=1.5,hub,0.25,30,24,40,1730,0,0,40,1730,0.0,0.0,0.0,0.0,1.6505112648010254
nbs_extent,threshold=1.5,hub,0.25,30,25,40,1730,0,0,40,1730,0.0,0.0,0.0,0.0,1.541513204574585
nbs_extent,threshold=1.5,hub,0.25,30,26,40,1730,36,190,4,1540,0.9,0.1098265895953757,0.1592920353982301,0.8407079646017699,1.654374599456787
nbs_extent,threshold=1.5,hub,0.25,30,27,40,1730,0,0,40,1730,0.0,0.0,0.0,0.0,1.5011534690856934
nbs_extent,threshold=1.5,hub,0.25,30,28,40,1730,0,0,40,1730,0.0,0.0,0.0,0.0,1.6351070404052734
nbs_extent,threshold=1.5,hub,0.25,30,29,40,1730,0,0,40,1730,0.0,0.0,0.0,0.0,1.565037727355957
nbs_extent,threshold=2.0,hub,0.25,30,0,40,1730,33,76,7,1654,0.825,0.0439306358381502,0.3027522935779816,0.6972477064220184,1.6083030700683594
nbs_extent,threshold=2.0,hub,0.25,30,1,40,1730,0,0,40,1730,0.0,0.0,0.0,0.0,1.6180188655853271
nbs_extent,threshold=2.0,hub,0.25,30,2,40,1730,34,69,6,1661,0.85,0.0398843930635838,0.3300970873786408,0.6699029126213593,1.616137981414795
nbs_extent,threshold=2.0,hub,0.25,30,3,40,1730,0,0,40,1730,0.0,0.0,0.0,0.0,1.5686604976654053
nbs_extent,threshold=2.0,hub,0.25,30,5,40,1730,0,0,40,1730,0.0,0.0,0.0,0.0,1.5775184631347656
nbs_extent,threshold=2.0,hub,0.25,30,4,40,1730,31,70,9,1660,0.775,0.0404624277456647,0.3069306930693069,0.693069306930693,2.8380584716796875
nbs_extent,threshold=2.0,hub,0.25,30,6,40,1730,0,0,40,1730,0.0,0.0,0.0,0.0,1.557192087173462
nbs_extent,threshold=2.0,hub,0.25,30,7,40,1730,0,0,40,1730,0.0,0.0,0.0,0.0,1.8118548393249512
nbs_extent,threshold=2.0,hub,0.25,30,8,40,1730,0,0,40,1730,0.0,0.0,0.0,0.0,1.5647218227386477
nbs_extent,threshold=2.0,hub,0.25,30,9,40,1730,0,0,40,1730,0.0,0.0,0.0,0.0,1.621269464492798
nbs_extent,threshold=2.0,hub,0.25,30,10,40,1730,25,75,15,1655,0.625,0.0433526011560693,0.25,0.75,1.616959571838379
nbs_extent,threshold=2.0,hub,0.25,30,11,40,1730,34,61,6,1669,0.85,0.0352601156069364,0.3578947368421052,0.6421052631578947,1.7113304138183594
nbs_extent,threshold=2.0,hub,0.25,30,13,40,1730,36,80,4,1650,0.9,0.0462427745664739,0.3103448275862069,0.6896551724137931,1.612807035446167
nbs_extent,threshold=2.0,hub,0.25,30,12,40,1730,33,55,7,1675,0.825,0.0317919075144508,0.375,0.625,2.4834554195404053
nbs_extent,threshold=2.0,hub,0.25,30,14,40,1730,0,0,40,1730,0.0,0.0,0.0,0.0,1.6166698932647705
nbs_extent,threshold=2.0,hub,0.25,30,15,40,1730,0,0,40,1730,0.0,0.0,0.0,0.0,1.4555654525756836
nbs_extent,threshold=2.0,hub,0.25,30,16,40,1730,33,52,7,1678,0.825,0.030057803468208,0.388235294117647,0.611764705882353,1.6328957080841064
nbs_extent,threshold=2.0,hub,0.25,30,17,40,1730,37,77,3,1653,0.925,0.0445086705202312,0.3245614035087719,0.6754385964912281,1.6746504306793213
nbs_extent,threshold=2.0,hub,0.25,30,18,40,1730,0,0,40,1730,0.0,0.0,0.0,0.0,1.6066837310791016
nbs_extent,threshold=2.0,hub,0.25,30,19,40,1730,0,0,40,1730,0.0,0.0,0.0,0.0,1.5521047115325928
nbs_extent,threshold=2.0,hub,0.25,30,20,40,1730,0,0,40,1730,0.0,0.0,0.0,0.0,1.597637414932251
nbs_extent,threshold=2.0,hub,0.25,30,21,40,1730,0,0,40,1730,0.0,0.0,0.0,0.0,2.616407871246338
nbs_extent,threshold=2.0,hub,0.25,30,22,40,1730,0,0,40,1730,0.0,0.0,0.0,0.0,1.6085481643676758
nbs_extent,threshold=2.0,hub,0.25,30,23,40,1730,0,0,40,1730,0.0,0.0,0.0,0.0,1.4942998886108398
nbs_extent,threshold=2.0,hub,0.25,30,24,40,1730,0,0,40,1730,0.0,0.0,0.0,0.0,1.600070238113403
nbs_extent,threshold=2.0,hub,0.25,30,26,40,1730,30,82,10,1648,0.75,0.0473988439306358,0.2678571428571428,0.7321428571428571,1.5945346355438232
nbs_extent,threshold=2.0,hub,0.25,30,25,40,1730,0,0,40,1730,0.0,0.0,0.0,0.0,2.524129867553711
nbs_extent,threshold=2.0,hub,0.25,30,27,40,1730,33,55,7,1675,0.825,0.0317919075144508,0.375,0.625,2.676994562149048
nbs_extent,threshold=2.0,hub,0.25,30,28,40,1730,37,66,3,1664,0.925,0.038150289017341,0.3592233009708738,0.6407766990291263,2.2230985164642334
nbs_extent,threshold=2.5,hub,0.25,30,0,40,1730,21,15,19,1715,0.525,0.0086705202312138,0.5833333333333334,0.4166666666666667,1.5394761562347412
nbs_extent,threshold=2.0,hub,0.25,30,29,40,1730,35,46,5,1684,0.875,0.0265895953757225,0.4320987654320987,0.5679012345679012,1.570706844329834
nbs_extent,threshold=2.5,hub,0.25,30,2,40,1730,28,27,12,1703,0.7,0.0156069364161849,0.509090909090909,0.4909090909090909,1.5533499717712402
nbs_extent,threshold=2.5,hub,0.25,30,1,40,1730,19,4,21,1726,0.475,0.0023121387283236,0.8260869565217391,0.1739130434782608,1.6435353755950928
nbs_extent,threshold=2.5,hub,0.25,30,3,40,1730,0,0,40,1730,0.0,0.0,0.0,0.0,1.52984881401062
nbs_extent,threshold=2.5,hub,0.25,30,4,40,1730,28,26,12,1704,0.7,0.015028901734104,0.5185185185185185,0.4814814814814814,1.4741325378417969
nbs_extent,threshold=2.5,hub,0.25,30,6,40,1730,27,11,13,1719,0.675,0.0063583815028901,0.7105263157894737,0.2894736842105263,1.4417600631713867
nbs_extent,threshold=2.5,hub,0.25,30,5,40,1730,26,8,14,1722,0.65,0.0046242774566473,0.7647058823529411,0.2352941176470588,1.5444512367248535
nbs_extent,threshold=2.5,hub,0.25,30,7,40,1730,0,0,40,1730,0.0,0.0,0.0,0.0,1.4395995140075684
nbs_extent,threshold=2.5,hub,0.25,30,8,40,1730,25,6,15,1724,0.625,0.0034682080924855,0.8064516129032258,0.1935483870967742,1.5443811416625977
nbs_extent,threshold=2.5,hub,0.25,30,9,40,1730,19,7,21,1723,0.475,0.0040462427745664,0.7307692307692307,0.2692307692307692,1.5417847633361816
nbs_extent,threshold=2.5,hub,0.25,30,10,40,1730,19,15,21,1715,0.475,0.0086705202312138,0.5588235294117647,0.4411764705882353,1.514312982559204
nbs_extent,threshold=2.5,hub,0.25,30,12,40,1730,27,16,13,1714,0.675,0.0092485549132947,0.627906976744186,0.3720930232558139,1.5229740142822266
nbs_extent,threshold=2.5,hub,0.25,30,11,40,1730,29,18,11,1712,0.725,0.0104046242774566,0.6170212765957447,0.3829787234042553,1.95203161239624
nbs_extent,threshold=2.5,hub,0.25,30,13,40,1730,29,21,11,1709,0.725,0.0121387283236994,0.58,0.42,1.5309598445892334
nbs_extent,threshold=2.5,hub,0.25,30,14,40,1730,0,0,40,1730,0.0,0.0,0.0,0.0,1.5448689460754397
nbs_extent,threshold=2.5,hub,0.25,30,15,40,1730,0,0,40,1730,0.0,0.0,0.0,0.0,1.5309391021728516
nbs_extent,threshold=2.5,hub,0.25,30,16,40,1730,30,16,10,1714,0.75,0.0092485549132947,0.6521739130434783,0.3478260869565217,1.5829591751098633
nbs_extent,threshold=2.5,hub,0.25,30,17,40,1730,35,24,5,1706,0.875,0.0138728323699421,0.5932203389830508,0.4067796610169492,1.5273725986480713
nbs_extent,threshold=2.5,hub,0.25,30,18,40,1730,20,13,20,1717,0.5,0.007514450867052,0.6060606060606061,0.3939393939393939,1.5505893230438232
nbs_extent,threshold=2.5,hub,0.25,30,19,40,1730,21,4,19,1726,0.525,0.0023121387283236,0.84,0.16,1.5332109928131104
nbs_extent,threshold=2.5,hub,0.25,30,20,40,1730,0,0,40,1730,0.0,0.0,0.0,0.0,1.5542690753936768
nbs_extent,threshold=2.5,hub,0.25,30,21,40,1730,0,0,40,1730,0.0,0.0,0.0,0.0,1.6998980045318604
nbs_extent,threshold=2.5,hub,0.25,30,22,40,1730,0,0,40,1730,0.0,0.0,0.0,0.0,1.5694053173065186
nbs_extent,threshold=2.5,hub,0.25,30,24,40,1730,21,4,19,1726,0.525,0.0023121387283236,0.84,0.16,1.5708026885986328
nbs_extent,threshold=2.5,hub,0.25,30,23,40,1730,25,12,15,1718,0.625,0.006936416184971,0.6756756756756757,0.3243243243243243,2.4627902507781982
nbs_extent,threshold=2.5,hub,0.25,30,25,40,1730,0,0,40,1730,0.0,0.0,0.0,0.0,1.5673494338989258
nbs_extent,threshold=2.5,hub,0.25,30,26,40,1730,24,38,16,1692,0.6,0.0219653179190751,0.3870967741935484,0.6129032258064516,2.296600818634033
nbs_extent,threshold=2.5,hub,0.25,30,27,40,1730,28,22,12,1708,0.7,0.0127167630057803,0.56,0.44,1.5686805248260498
nbs_extent,threshold=2.5,hub,0.25,30,28,40,1730,31,21,9,1709,0.775,0.0121387283236994,0.5961538461538461,0.4038461538461538,1.559513807296753
nbs_extent,threshold=2.5,hub,0.25,30,29,40,1730,31,13,9,1717,0.775,0.007514450867052,0.7045454545454546,0.2954545454545454,1.566936731338501
nbs_extent,threshold=3.0,hub,0.25,30,0,40,1730,17,9,23,1721,0.425,0.0052023121387283,0.6538461538461539,0.3461538461538461,1.512962818145752
nbs_extent,threshold=3.0,hub,0.25,30,1,40,1730,13,0,27,1730,0.325,0.0,1.0,0.0,2.06964111328125
nbs_extent,threshold=3.0,hub,0.25,30,2,40,1730,20,11,20,1719,0.5,0.0063583815028901,0.6451612903225806,0.3548387096774194,1.5692694187164309
nbs_extent,threshold=3.0,hub,0.25,30,3,40,1730,9,0,31,1730,0.225,0.0,1.0,0.0,1.4436581134796145
nbs_extent,threshold=3.0,hub,0.25,30,4,40,1730,22,9,18,1721,0.55,0.0052023121387283,0.7096774193548387,0.2903225806451613,1.5443201065063477
nbs_extent,threshold=3.0,hub,0.25,30,5,40,1730,18,0,22,1730,0.45,0.0,1.0,0.0,1.4015071392059326
nbs_extent,threshold=3.0,hub,0.25,30,6,40,1730,22,1,18,1729,0.55,0.0005780346820809,0.9565217391304348,0.0434782608695652,1.55745267868042
nbs_extent,threshold=3.0,hub,0.25,30,7,40,1730,8,0,32,1730,0.2,0.0,1.0,0.0,1.4731035232543943
nbs_extent,threshold=3.0,hub,0.25,30,8,40,1730,15,2,25,1728,0.375,0.0011560693641618,0.8823529411764706,0.1176470588235294,1.5318167209625244
nbs_extent,threshold=3.0,hub,0.25,30,9,40,1730,12,3,28,1727,0.3,0.0017341040462427,0.8,0.2,1.5171351432800293
nbs_extent,threshold=3.0,hub,0.25,30,10,40,1730,13,2,27,1728,0.325,0.0011560693641618,0.8666666666666667,0.1333333333333333,1.4949593544006348
nbs_extent,threshold=3.0,hub,0.25,30,11,40,1730,21,2,19,1728,0.525,0.0011560693641618,0.9130434782608696,0.0869565217391304,1.5577619075775146
nbs_extent,threshold=3.0,hub,0.25,30,12,40,1730,19,5,21,1725,0.475,0.0028901734104046,0.7916666666666666,0.2083333333333333,1.4961419105529783
nbs_extent,threshold=3.0,hub,0.25,30,13,40,1730,23,9,17,1721,0.575,0.0052023121387283,0.71875,0.28125,1.4589729309082031
nbs_extent,threshold=3.0,hub,0.25,30,14,40,1730,9,1,31,1729,0.225,0.0005780346820809,0.9,0.1,1.5298328399658203
nbs_extent,threshold=3.0,hub,0.25,30,15,40,1730,9,2,31,1728,0.225,0.0011560693641618,0.8181818181818182,0.1818181818181818,1.8347251415252688
nbs_extent,threshold=3.0,hub,0.25,30,16,40,1730,23,6,17,1724,0.575,0.0034682080924855,0.7931034482758621,0.2068965517241379,1.50518798828125
nbs_extent,threshold=3.0,hub,0.25,30,17,40,1730,27,8,13,1722,0.675,0.0046242774566473,0.7714285714285715,0.2285714285714285,1.4766032695770264
nbs_extent,threshold=3.0,hub,0.25,30,18,40,1730,11,0,29,1730,0.275,0.0,1.0,0.0,1.5024805068969729
nbs_extent,threshold=3.0,hub,0.25,30,19,40,1730,12,1,28,1729,0.3,0.0005780346820809,0.9230769230769232,0.0769230769230769,1.478318691253662
nbs_extent,threshold=3.0,hub,0.25,30,20,40,1730,8,0,32,1730,0.2,0.0,1.0,0.0,1.5121722221374512
nbs_extent,threshold=3.0,hub,0.25,30,22,40,1730,9,0,31,1730,0.225,0.0,1.0,0.0,1.5454659461975098
nbs_extent,threshold=3.0,hub,0.25,30,21,40,1730,12,0,28,1730,0.3,0.0,1.0,0.0,2.570575475692749
nbs_extent,threshold=3.0,hub,0.25,30,23,40,1730,16,2,24,1728,0.4,0.0011560693641618,0.8888888888888888,0.1111111111111111,1.5116662979125977
nbs_extent,threshold=3.0,hub,0.25,30,24,40,1730,11,1,29,1729,0.275,0.0005780346820809,0.9166666666666666,0.0833333333333333,1.3888120651245115
nbs_extent,threshold=3.0,hub,0.25,30,26,40,1730,21,14,19,1716,0.525,0.0080924855491329,0.6,0.4,1.3846714496612549
nbs_extent,threshold=3.0,hub,0.25,30,25,40,1730,12,2,28,1728,0.3,0.0011560693641618,0.8571428571428571,0.1428571428571428,2.3141016960144043
nbs_extent,threshold=3.0,hub,0.25,30,27,40,1730,23,7,17,1723,0.575,0.0040462427745664,0.7666666666666667,0.2333333333333333,1.4355695247650146
nbs_extent,threshold=3.0,hub,0.25,30,28,40,1730,26,4,14,1726,0.65,0.0023121387283236,0.8666666666666667,0.1333333333333333,1.5301997661590576
nbs_extent,threshold=3.0,hub,0.25,30,29,40,1730,22,1,18,1729,0.55,0.0005780346820809,0.9565217391304348,0.0434782608695652,1.5003776550292969
nbs_extent,threshold=3.5,hub,0.25,30,0,40,1730,10,4,30,1726,0.25,0.0023121387283236,0.7142857142857143,0.2857142857142857,1.3517041206359863
nbs_extent,threshold=3.5,hub,0.25,30,1,40,1730,3,0,37,1730,0.075,0.0,1.0,0.0,1.6054298877716064
nbs_extent,threshold=3.5,hub,0.25,30,2,40,1730,13,6,27,1724,0.325,0.0034682080924855,0.6842105263157895,0.3157894736842105,1.690751075744629
nbs_extent,threshold=3.5,hub,0.25,30,3,40,1730,5,0,35,1730,0.125,0.0,1.0,0.0,1.2218523025512695
nbs_extent,threshold=3.5,hub,0.25,30,5,40,1730,10,0,30,1730,0.25,0.0,1.0,0.0,1.2094905376434326
nbs_extent,threshold=3.5,hub,0.25,30,4,40,1730,16,2,24,1728,0.4,0.0011560693641618,0.8888888888888888,0.1111111111111111,1.697150945663452
nbs_extent,threshold=3.5,hub,0.25,30,6,40,1730,14,0,26,1730,0.35,0.0,1.0,0.0,1.2069504261016846
nbs_extent,threshold=3.5,hub,0.25,30,7,40,1730,3,0,37,1730,0.075,0.0,1.0,0.0,1.6677441596984863
nbs_extent,threshold=3.5,hub,0.25,30,8,40,1730,9,0,31,1730,0.225,0.0,1.0,0.0,1.2549002170562744
nbs_extent,threshold=3.5,hub,0.25,30,9,40,1730,7,0,33,1730,0.175,0.0,1.0,0.0,1.2686026096343994
nbs_extent,threshold=3.5,hub,0.25,30,10,40,1730,9,1,31,1729,0.225,0.0005780346820809,0.9,0.1,1.2705590724945068
nbs_extent,threshold=3.5,hub,0.25,30,11,40,1730,15,1,25,1729,0.375,0.0005780346820809,0.9375,0.0625,1.713886260986328
nbs_extent,threshold=3.5,hub,0.25,30,12,40,1730,11,1,29,1729,0.275,0.0005780346820809,0.9166666666666666,0.0833333333333333,1.2972612380981443
nbs_extent,threshold=3.5,hub,0.25,30,13,40,1730,12,3,28,1727,0.3,0.0017341040462427,0.8,0.2,1.221968173980713
nbs_extent,threshold=3.5,hub,0.25,30,14,40,1730,5,0,35,1730,0.125,0.0,1.0,0.0,1.276817798614502
nbs_extent,threshold=3.5,hub,0.25,30,15,40,1730,3,0,37,1730,0.075,0.0,1.0,0.0,1.192829132080078
nbs_extent,threshold=3.5,hub,0.25,30,16,40,1730,16,2,24,1728,0.4,0.0011560693641618,0.8888888888888888,0.1111111111111111,1.279484748840332
nbs_extent,threshold=3.5,hub,0.25,30,17,40,1730,17,4,23,1726,0.425,0.0023121387283236,0.8095238095238095,0.1904761904761904,1.1942951679229736
nbs_extent,threshold=3.5,hub,0.25,30,18,40,1730,7,0,33,1730,0.175,0.0,1.0,0.0,1.2730519771575928
nbs_extent,threshold=3.5,hub,0.25,30,19,40,1730,9,0,31,1730,0.225,0.0,1.0,0.0,1.2100250720977783
nbs_extent,threshold=3.5,hub,0.25,30,20,40,1730,4,0,36,1730,0.1,0.0,1.0,0.0,1.2694694995880127
nbs_extent,threshold=3.5,hub,0.25,30,21,40,1730,5,0,35,1730,0.125,0.0,1.0,0.0,1.225473165512085
nbs_extent,threshold=3.5,hub,0.25,30,22,40,1730,3,0,37,1730,0.075,0.0,1.0,0.0,1.2717092037200928
nbs_extent,threshold=3.5,hub,0.25,30,23,40,1730,9,0,31,1730,0.225,0.0,1.0,0.0,1.2208054065704346
nbs_extent,threshold=3.5,hub,0.25,30,24,40,1730,4,0,36,1730,0.1,0.0,1.0,0.0,1.2748901844024658
nbs_extent,threshold=3.5,hub,0.25,30,25,40,1730,6,2,34,1728,0.15,0.0011560693641618,0.75,0.25,1.1914324760437012
nbs_extent,threshold=3.5,hub,0.25,30,26,40,1730,12,6,28,1724,0.3,0.0034682080924855,0.6666666666666666,0.3333333333333333,1.26670241355896
nbs_extent,threshold=3.5,hub,0.25,30,27,40,1730,13,2,27,1728,0.325,0.0011560693641618,0.8666666666666667,0.1333333333333333,1.1920218467712402
nbs_extent,threshold=3.5,hub,0.25,30,28,40,1730,17,0,23,1730,0.425,0.0,1.0,0.0,1.262085199356079
nbs_extent,threshold=3.5,hub,0.25,30,29,40,1730,16,1,24,1729,0.4,0.0005780346820809,0.9411764705882352,0.0588235294117647,1.2160162925720217
nbs_intensity,threshold=1.0,hub,0.25,30,0,40,1730,40,421,0,1309,1.0,0.2433526011560693,0.0867678958785249,0.913232104121475,1.6424756050109863
nbs_intensity,threshold=1.0,hub,0.25,30,1,40,1730,0,0,40,1730,0.0,0.0,0.0,0.0,2.587881326675415
nbs_intensity,threshold=1.0,hub,0.25,30,2,40,1730,37,326,3,1404,0.925,0.1884393063583815,0.1019283746556473,0.8980716253443526,1.6370596885681152
nbs_intensity,threshold=1.0,hub,0.25,30,3,40,1730,0,0,40,1730,0.0,0.0,0.0,0.0,1.67325758934021
nbs_intensity,threshold=1.0,hub,0.25,30,4,40,1730,40,438,0,1292,1.0,0.253179190751445,0.0836820083682008,0.9163179916317992,1.706923246383667
nbs_intensity,threshold=1.0,hub,0.25,30,5,40,1730,0,0,40,1730,0.0,0.0,0.0,0.0,1.637049436569214
nbs_intensity,threshold=1.0,hub,0.25,30,6,40,1730,0,0,40,1730,0.0,0.0,0.0,0.0,2.5334010124206543
nbs_intensity,threshold=1.0,hub,0.25,30,7,40,1730,0,0,40,1730,0.0,0.0,0.0,0.0,1.645293951034546
nbs_intensity,threshold=1.0,hub,0.25,30,8,40,1730,0,0,40,1730,0.0,0.0,0.0,0.0,1.79593825340271
nbs_intensity,threshold=1.0,hub,0.25,30,9,40,1730,0,0,40,1730,0.0,0.0,0.0,0.0,2.36570405960083
nbs_intensity,threshold=1.0,hub,0.25,30,10,40,1730,39,392,1,1338,0.975,0.2265895953757225,0.0904872389791183,0.9095127610208816,1.7441682815551758
nbs_intensity,threshold=1.0,hub,0.25,30,12,40,1730,0,0,40,1730,0.0,0.0,0.0,0.0,1.6671295166015625
nbs_intensity,threshold=1.0,hub,0.25,30,11,40,1730,40,370,0,1360,1.0,0.2138728323699422,0.0975609756097561,0.902439024390244,2.397810459136963
nbs_intensity,threshold=1.0,hub,0.25,30,13,40,1730,38,396,2,1334,0.95,0.2289017341040462,0.0875576036866359,0.912442396313364,1.7187745571136477
nbs_intensity,threshold=1.0,hub,0.25,30,14,40,1730,0,0,40,1730,0.0,0.0,0.0,0.0,1.9477324485778809
nbs_intensity,threshold=1.0,hub,0.25,30,16,40,1730,0,0,40,1730,0.0,0.0,0.0,0.0,1.6836590766906738
nbs_intensity,threshold=1.0,hub,0.25,30,15,40,1730,0,0,40,1730,0.0,0.0,0.0,0.0,2.79293155670166
nbs_intensity,threshold=1.0,hub,0.25,30,17,40,1730,40,365,0,1365,1.0,0.2109826589595375,0.0987654320987654,0.9012345679012346,1.664179801940918
nbs_intensity,threshold=1.0,hub,0.25,30,18,40,1730,0,0,40,1730,0.0,0.0,0.0,0.0,1.5513622760772705
nbs_intensity,threshold=1.0,hub,0.25,30,19,40,1730,0,0,40,1730,0.0,0.0,0.0,0.0,3.2292935848236084
nbs_intensity,threshold=1.0,hub,0.25,30,20,40,1730,0,0,40,1730,0.0,0.0,0.0,0.0,2.909708976745605
nbs_intensity,threshold=1.0,hub,0.25,30,22,40,1730,0,0,40,1730,0.0,0.0,0.0,0.0,1.6160573959350586
nbs_intensity,threshold=1.0,hub,0.25,30,21,40,1730,0,0,40,1730,0.0,0.0,0.0,0.0,2.944491386413574
nbs_intensity,threshold=1.0,hub,0.25,30,23,40,1730,0,0,40,1730,0.0,0.0,0.0,0.0,1.534369945526123
nbs_intensity,threshold=1.0,hub,0.25,30,25,40,1730,0,0,40,1730,0.0,0.0,0.0,0.0,1.5374360084533691
nbs_intensity,threshold=1.0,hub,0.25,30,24,40,1730,0,0,40,1730,0.0,0.0,0.0,0.0,2.960777997970581
nbs_intensity,threshold=1.0,hub,0.25,30,26,40,1730,38,381,2,1349,0.95,0.2202312138728323,0.0906921241050119,0.909307875894988,1.5892281532287598
nbs_intensity,threshold=1.0,hub,0.25,30,27,40,1730,39,344,1,1386,0.975,0.1988439306358381,0.1018276762402088,0.8981723237597912,1.654619216918945
nbs_intensity,threshold=1.0,hub,0.25,30,28,40,1730,39,351,1,1379,0.975,0.2028901734104046,0.1,0.9,1.679579257965088
nbs_intensity,threshold=1.0,hub,0.25,30,29,40,1730,0,0,40,1730,0.0,0.0,0.0,0.0,2.1125648021698
nbs_intensity,threshold=1.5,hub,0.25,30,0,40,1730,34,184,6,1546,0.85,0.1063583815028901,0.1559633027522936,0.8440366972477065,1.608600616455078
tfnbs,"e=0.05,h=0.5,n=30,start_thres=1.25",hub,0.25,30,1,40,1730,2,0,38,1730,0.05,0.0,1.0,0.0,7.629306133497845
tfnbs,"e=0.05,h=1.0,n=30,start_thres=1.25",hub,0.25,30,1,40,1730,2,0,38,1730,0.05,0.0,1.0,0.0,7.629306133497845
tfnbs,"e=0.05,h=2.0,n=30,start_thres=1.25",hub,0.25,30,1,40,1730,2,0,38,1730,0.05,0.0,1.0,0.0,7.629306133497845
tfnbs,"e=0.05,h=3.0,n=30,start_thres=1.25",hub,0.25,30,1,40,1730,2,0,38,1730,0.05,0.0,1.0,0.0,7.629306133497845
tfnbs,"e=0.05,h=4.0,n=30,start_thres=1.25",hub,0.25,30,1,40,1730,2,0,38,1730,0.05,0.0,1.0,0.0,7.629306133497845
tfnbs,"e=0.05,h=5.0,n=30,start_thres=1.25",hub,0.25,30,1,40,1730,2,0,38,1730,0.05,0.0,1.0,0.0,7.629306133497845
tfnbs,"e=0.05,h=6.0,n=30,start_thres=1.25",hub,0.25,30,1,40,1730,2,0,38,1730,0.05,0.0,1.0,0.0,7.629306133497845
tfnbs,"e=0.05,h=7.0,n=30,start_thres=1.25",hub,0.25,30,1,40,1730,2,0,38,1730,0.05,0.0,1.0,0.0,7.629306133497845
tfnbs,"e=0.05,h=8.0,n=30,start_thres=1.25",hub,0.25,30,1,40,1730,2,0,38,1730,0.05,0.0,1.0,0.0,7.629306133497845
tfnbs,"e=0.05,h=9.0,n=30,start_thres=1.25",hub,0.25,30,1,40,1730,2,0,38,1730,0.05,0.0,1.0,0.0,7.629306133497845
tfnbs,"e=0.05,h=10.0,n=30,start_thres=1.25",hub,0.25,30,1,40,1730,2,0,38,1730,0.05,0.0,1.0,0.0,7.629306133497845
tfnbs,"e=0.1,h=0.5,n=30,start_thres=1.25",hub,0.25,30,1,40,1730,2,0,38,1730,0.05,0.0,1.0,0.0,7.629306133497845
tfnbs,"e=0.1,h=1.0,n=30,start_thres=1.25",hub,0.25,30,1,40,1730,2,0,38,1730,0.05,0.0,1.0,0.0,7.629306133497845
tfnbs,"e=0.1,h=2.0,n=30,start_thres=1.25",hub,0.25,30,1,40,1730,2,0,38,1730,0.05,0.0,1.0,0.0,7.629306133497845
tfnbs,"e=0.1,h=3.0,n=30,start_thres=1.25",hub,0.25,30,1,40,1730,2,0,38,1730,0.05,0.0,1.0,0.0,7.629306133497845
tfnbs,"e=0.1,h=4.0,n=30,start_thres=1.25",hub,0.25,30,1,40,1730,2,0,38,1730,0.05,0.0,1.0,0.0,7.629306133497845
tfnbs,"e=0.1,h=5.0,n=30,start_thres=1.25",hub,0.25,30,1,40,1730,2,0,38,1730,0.05,0.0,1.0,0.0,7.629306133497845
tfnbs,"e=0.1,h=6.0,n=30,start_thres=1.25",hub,0.25,30,1,40,1730,2,0,38,1730,0.05,0.0,1.0,0.0,7.629306133497845
tfnbs,"e=0.1,h=7.0,n=30,start_thres=1.25",hub,0.25,30,1,40,1730,2,0,38,1730,0.05,0.0,1.0,0.0,7.629306133497845
tfnbs,"e=0.1,h=8.0,n=30,start_thres=1.25",hub,0.25,30,1,40,1730,2,0,38,1730,0.05,0.0,1.0,0.0,7.629306133497845
tfnbs,"e=0.1,h=9.0,n=30,start_thres=1.25",hub,0.25,30,1,40,1730,2,0,38,1730,0.05,0.0,1.0,0.0,7.629306133497845
tfnbs,"e=0.1,h=10.0,n=30,start_thres=1.25",hub,0.25,30,1,40,1730,2,0,38,1730,0.05,0.0,1.0,0.0,7.629306133497845
tfnbs,"e=0.2,h=0.5,n=30,start_thres=1.25",hub,0.25,30,1,40,1730,3,0,37,1730,0.075,0.0,1.0,0.0,7.629306133497845
tfnbs,"e=0.2,h=1.0,n=30,start_thres=1.25",hub,0.25,30,1,40,1730,3,0,37,1730,0.075,0.0,1.0,0.0,7.629306133497845
tfnbs,"e=0.2,h=2.0,n=30,start_thres=1.25",hub,0.25,30,1,40,1730,2,0,38,1730,0.05,0.0,1.0,0.0,7.629306133497845
tfnbs,"e=0.2,h=3.0,n=30,start_thres=1.25",hub,0.25,30,1,40,1730,2,0,38,1730,0.05,0.0,1.0,0.0,7.629306133497845
tfnbs,"e=0.2,h=4.0,n=30,start_thres=1.25",hub,0.25,30,1,40,1730,2,0,38,1730,0.05,0.0,1.0,0.0,7.629306133497845
tfnbs,"e=0.2,h=5.0,n=30,start_thres=1.25",hub,0.25,30,1,40,1730,2,0,38,1730,0.05,0.0,1.0,0.0,7.629306133497845
tfnbs,"e=0.2,h=6.0,n=30,start_thres=1.25",hub,0.25,30,1,40,1730,2,0,38,1730,0.05,0.0,1.0,0.0,7.629306133497845
tfnbs,"e=0.2,h=7.0,n=30,start_thres=1.25",hub,0.25,30,1,40,1730,2,0,38,1730,0.05,0.0,1.0,0.0,7.629306133497845
tfnbs,"e=0.2,h=8.0,n=30,start_thres=1.25",hub,0.25,30,1,40,1730,2,0,38,1730,0.05,0.0,1.0,0.0,7.629306133497845
tfnbs,"e=0.2,h=9.0,n=30,start_thres=1.25",hub,0.25,30,1,40,1730,2,0,38,1730,0.05,0.0,1.0,0.0,7.629306133497845
tfnbs,"e=0.2,h=10.0,n=30,start_thres=1.25",hub,0.25,30,1,40,1730,2,0,38,1730,0.05,0.0,1.0,0.0,7.629306133497845
tfnbs,"e=0.3,h=0.5,n=30,start_thres=1.25",hub,0.25,30,1,40,1730,3,0,37,1730,0.075,0.0,1.0,0.0,7.629306133497845
tfnbs,"e=0.3,h=1.0,n=30,start_thres=1.25",hub,0.25,30,1,40,1730,3,0,37,1730,0.075,0.0,1.0,0.0,7.629306133497845
tfnbs,"e=0.3,h=2.0,n=30,start_thres=1.25",hub,0.25,30,1,40,1730,3,0,37,1730,0.075,0.0,1.0,0.0,7.629306133497845
tfnbs,"e=0.3,h=3.0,n=30,start_thres=1.25",hub,0.25,30,1,40,1730,3,0,37,1730,0.075,0.0,1.0,0.0,7.629306133497845
tfnbs,"e=0.3,h=4.0,n=30,start_thres=1.25",hub,0.25,30,1,40,1730,2,0,38,1730,0.05,0.0,1.0,0.0,7.629306133497845
tfnbs,"e=0.3,h=5.0,n=30,start_thres=1.25",hub,0.25,30,1,40,1730,2,0,38,1730,0.05,0.0,1.0,0.0,7.629306133497845
tfnbs,"e=0.3,h=6.0,n=30,start_thres=1.25",hub,0.25,30,1,40,1730,2,0,38,1730,0.05,0.0,1.0,0.0,7.629306133497845
tfnbs,"e=0.3,h=7.0,n=30,start_thres=1.25",hub,0.25,30,1,40,1730,2,0,38,1730,0.05,0.0,1.0,0.0,7.629306133497845
tfnbs,"e=0.3,h=8.0,n=30,start_thres=1.25",hub,0.25,30,1,40,1730,2,0,38,1730,0.05,0.0,1.0,0.0,7.629306133497845
tfnbs,"e=0.3,h=9.0,n=30,start_thres=1.25",hub,0.25,30,1,40,1730,2,0,38,1730,0.05,0.0,1.0,0.0,7.629306133497845
tfnbs,"e=0.3,h=10.0,n=30,start_thres=1.25",hub,0.25,30,1,40,1730,2,0,38,1730,0.05,0.0,1.0,0.0,7.629306133497845
tfnbs,"e=0.4,h=0.5,n=30,start_thres=1.25",hub,0.25,30,1,40,1730,3,0,37,1730,0.075,0.0,1.0,0.0,7.629306133497845
tfnbs,"e=0.4,h=1.0,n=30,start_thres=1.25",hub,0.25,30,1,40,1730,3,0,37,1730,0.075,0.0,1.0,0.0,7.629306133497845
tfnbs,"e=0.4,h=2.0,n=30,start_thres=1.25",hub,0.25,30,1,40,1730,3,0,37,1730,0.075,0.0,1.0,0.0,7.629306133497845
tfnbs,"e=0.4,h=3.0,n=30,start_thres=1.25",hub,0.25,30,1,40,1730,3,0,37,1730,0.075,0.0,1.0,0.0,7.629306133497845
tfnbs,"e=0.4,h=4.0,n=30,start_thres=1.25",hub,0.25,30,1,40,1730,3,0,37,1730,0.075,0.0,1.0,0.0,7.629306133497845
tfnbs,"e=0.4,h=5.0,n=30,start_thres=1.25",hub,0.25,30,1,40,1730,3,0,37,1730,0.075,0.0,1.0,0.0,7.629306133497845
tfnbs,"e=0.4,h=6.0,n=30,start_thres=1.25",hub,0.25,30,1,40,1730,2,0,38,1730,0.05,0.0,1.0,0.0,7.629306133497845
tfnbs,"e=0.4,h=7.0,n=30,start_thres=1.25",hub,0.25,30,1,40,1730,2,0,38,1730,0.05,0.0,1.0,0.0,7.629306133497845
tfnbs,"e=0.4,h=8.0,n=30,start_thres=1.25",hub,0.25,30,1,40,1730,2,0,38,1730,0.05,0.0,1.0,0.0,7.629306133497845
tfnbs,"e=0.4,h=9.0,n=30,start_thres=1.25",hub,0.25,30,1,40,1730,2,0,38,1730,0.05,0.0,1.0,0.0,7.629306133497845
tfnbs,"e=0.4,h=10.0,n=30,start_thres=1.25",hub,0.25,30,1,40,1730,2,0,38,1730,0.05,0.0,1.0,0.0,7.629306133497845
tfnbs,"e=0.5,h=0.5,n=30,start_thres=1.25",hub,0.25,30,1,40,1730,3,0,37,1730,0.075,0.0,1.0,0.0,7.629306133497845
tfnbs,"e=0.5,h=1.0,n=30,start_thres=1.25",hub,0.25,30,1,40,1730,3,0,37,1730,0.075,0.0,1.0,0.0,7.629306133497845
tfnbs,"e=0.5,h=2.0,n=30,start_thres=1.25",hub,0.25,30,1,40,1730,3,0,37,1730,0.075,0.0,1.0,0.0,7.629306133497845
tfnbs,"e=0.5,h=3.0,n=30,start_thres=1.25",hub,0.25,30,1,40,1730,3,0,37,1730,0.075,0.0,1.0,0.0,7.629306133497845
tfnbs,"e=0.5,h=4.0,n=30,start_thres=1.25",hub,0.25,30,1,40,1730,3,0,37,1730,0.075,0.0,1.0,0.0,7.629306133497845
tfnbs,"e=0.5,h=5.0,n=30,start_thres=1.25",hub,0.25,30,1,40,1730,3,0,37,1730,0.075,0.0,1.0,0.0,7.629306133497845
tfnbs,"e=0.5,h=6.0,n=30,start_thres=1.25",hub,0.25,30,1,40,1730,3,0,37,1730,0.075,0.0,1.0,0.0,7.629306133497845
tfnbs,"e=0.5,h=7.0,n=30,start_thres=1.25",hub,0.25,30,1,40,1730,2,0,38,1730,0.05,0.0,1.0,0.0,7.629306133497845
tfnbs,"e=0.5,h=8.0,n=30,start_thres=1.25",hub,0.25,30,1,40,1730,2,0,38,1730,0.05,0.0,1.0,0.0,7.629306133497845
tfnbs,"e=0.5,h=9.0,n=30,start_thres=1.25",hub,0.25,30,1,40,1730,2,0,38,1730,0.05,0.0,1.0,0.0,7.629306133497845
tfnbs,"e=0.5,h=10.0,n=30,start_thres=1.25",hub,0.25,30,1,40,1730,2,0,38,1730,0.05,0.0,1.0,0.0,7.629306133497845
tfnbs,"e=0.6,h=0.5,n=30,start_thres=1.25",hub,0.25,30,1,40,1730,3,0,37,1730,0.075,0.0,1.0,0.0,7.629306133497845
tfnbs,"e=0.6,h=1.0,n=30,start_thres=1.25",hub,0.25,30,1,40,1730,3,0,37,1730,0.075,0.0,1.0,0.0,7.629306133497845
tfnbs,"e=0.6,h=2.0,n=30,start_thres=1.25",hub,0.25,30,1,40,1730,7,0,33,1730,0.175,0.0,1.0,0.0,7.629306133497845
tfnbs,"e=0.6,h=3.0,n=30,start_thres=1.25",hub,0.25,30,1,40,1730,3,0,37,1730,0.075,0.0,1.0,0.0,7.629306133497845
tfnbs,"e=0.6,h=4.0,n=30,start_thres=1.25",hub,0.25,30,1,40,1730,3,0,37,1730,0.075,0.0,1.0,0.0,7.629306133497845
tfnbs,"e=0.6,h=5.0,n=30,start_thres=1.25",hub,0.25,30,1,40,1730,3,0,37,1730,0.075,0.0,1.0,0.0,7.629306133497845
tfnbs,"e=0.6,h=6.0,n=30,start_thres=1.25",hub,0.25,30,1,40,1730,3,0,37,1730,0.075,0.0,1.0,0.0,7.629306133497845
tfnbs,"e=0.6,h=7.0,n=30,start_thres=1.25",hub,0.25,30,1,40,1730,3,0,37,1730,0.075,0.0,1.0,0.0,7.629306133497845
tfnbs,"e=0.6,h=8.0,n=30,start_thres=1.25",hub,0.25,30,1,40,1730,3,0,37,1730,0.075,0.0,1.0,0.0,7.629306133497845
tfnbs,"e=0.6,h=9.0,n=30,start_thres=1.25",hub,0.25,30,1,40,1730,2,0,38,1730,0.05,0.0,1.0,0.0,7.629306133497845
tfnbs,"e=0.6,h=10.0,n=30,start_thres=1.25",hub,0.25,30,1,40,1730,2,0,38,1730,0.05,0.0,1.0,0.0,7.629306133497845
tfnbs,"e=0.7,h=0.5,n=30,start_thres=1.25",hub,0.25,30,1,40,1730,3,0,37,1730,0.075,0.0,1.0,0.0,7.629306133497845
tfnbs,"e=0.7,h=1.0,n=30,start_thres=1.25",hub,0.25,30,1,40,1730,3,0,37,1730,0.075,0.0,1.0,0.0,7.629306133497845
tfnbs,"e=0.7,h=2.0,n=30,start_thres=1.25",hub,0.25,30,1,40,1730,7,0,33,1730,0.175,0.0,1.0,0.0,7.629306133497845
tfnbs,"e=0.7,h=3.0,n=30,start_thres=1.25",hub,0.25,30,1,40,1730,7,0,33,1730,0.175,0.0,1.0,0.0,7.629306133497845
tfnbs,"e=0.7,h=4.0,n=30,start_thres=1.25",hub,0.25,30,1,40,1730,7,0,33,1730,0.175,0.0,1.0,0.0,7.629306133497845
tfnbs,"e=0.7,h=5.0,n=30,start_thres=1.25",hub,0.25,30,1,40,1730,3,0,37,1730,0.075,0.0,1.0,0.0,7.629306133497845
tfnbs,"e=0.7,h=6.0,n=30,start_thres=1.25",hub,0.25,30,1,40,1730,3,0,37,1730,0.075,0.0,1.0,0.0,7.629306133497845
tfnbs,"e=0.7,h=7.0,n=30,start_thres=1.25",hub,0.25,30,1,40,1730,3,0,37,1730,0.075,0.0,1.0,0.0,7.629306133497845
tfnbs,"e=0.7,h=8.0,n=30,start_thres=1.25",hub,0.25,30,1,40,1730,3,0,37,1730,0.075,0.0,1.0,0.0,7.629306133497845
tfnbs,"e=0.7,h=9.0,n=30,start_thres=1.25",hub,0.25,30,1,40,1730,3,0,37,1730,0.075,0.0,1.0,0.0,7.629306133497845
tfnbs,"e=0.7,h=10.0,n=30,start_thres=1.25",hub,0.25,30,1,40,1730,2,0,38,1730,0.05,0.0,1.0,0.0,7.629306133497845
tfnbs,"e=0.8,h=0.5,n=30,start_thres=1.25",hub,0.25,30,1,40,1730,2,0,38,1730,0.05,0.0,1.0,0.0,7.629306133497845
tfnbs,"e=0.8,h=1.0,n=30,start_thres=1.25",hub,0.25,30,1,40,1730,3,0,37,1730,0.075,0.0,1.0,0.0,7.629306133497845
tfnbs,"e=0.8,h=2.0,n=30,start_thres=1.25",hub,0.25,30,1,40,1730,7,0,33,1730,0.175,0.0,1.0,0.0,7.629306133497845
tfnbs,"e=0.8,h=3.0,n=30,start_thres=1.25",hub,0.25,30,1,40,1730,9,0,31,1730,0.225,0.0,1.0,0.0,7.629306133497845
tfnbs,"e=0.8,h=4.0,n=30,start_thres=1.25",hub,0.25,30,1,40,1730,7,0,33,1730,0.175,0.0,1.0,0.0,7.629306133497845
tfnbs,"e=0.8,h=5.0,n=30,start_thres=1.25",hub,0.25,30,1,40,1730,7,0,33,1730,0.175,0.0,1.0,0.0,7.629306133497845
tfnbs,"e=0.8,h=6.0,n=30,start_thres=1.25",hub,0.25,30,1,40,1730,3,0,37,1730,0.075,0.0,1.0,0.0,7.629306133497845
tfnbs,"e=0.8,h=7.0,n=30,start_thres=1.25",hub,0.25,30,1,40,1730,3,0,37,1730,0.075,0.0,1.0,0.0,7.629306133497845
tfnbs,"e=0.8,h=8.0,n=30,start_thres=1.25",hub,0.25,30,1,40,1730,3,0,37,1730,0.075,0.0,1.0,0.0,7.629306133497845
tfnbs,"e=0.8,h=9.0,n=30,start_thres=1.25",hub,0.25,30,1,40,1730,3,0,37,1730,0.075,0.0,1.0,0.0,7.629306133497845
tfnbs,"e=0.8,h=10.0,n=30,start_thres=1.25",hub,0.25,30,1,40,1730,3,0,37,1730,0.075,0.0,1.0,0.0,7.629306133497845
tfnbs,"e=0.9,h=0.5,n=30,start_thres=1.25",hub,0.25,30,1,40,1730,0,0,40,1730,0.0,0.0,0.0,0.0,7.629306133497845
tfnbs,"e=0.9,h=1.0,n=30,start_thres=1.25",hub,0.25,30,1,40,1730,2,0,38,1730,0.05,0.0,1.0,0.0,7.629306133497845
tfnbs,"e=0.9,h=2.0,n=30,start_thres=1.25",hub,0.25,30,1,40,1730,3,0,37,1730,0.075,0.0,1.0,0.0,7.629306133497845
tfnbs,"e=0.9,h=3.0,n=30,start_thres=1.25",hub,0.25,30,1,40,1730,9,0,31,1730,0.225,0.0,1.0,0.0,7.629306133497845
tfnbs,"e=0.9,h=4.0,n=30,start_thres=1.25",hub,0.25,30,1,40,1730,9,0,31,1730,0.225,0.0,1.0,0.0,7.629306133497845
tfnbs,"e=0.9,h=5.0,n=30,start_thres=1.25",hub,0.25,30,1,40,1730,9,0,31,1730,0.225,0.0,1.0,0.0,7.629306133497845
tfnbs,"e=0.9,h=6.0,n=30,start_thres=1.25",hub,0.25,30,1,40,1730,7,0,33,1730,0.175,0.0,1.0,0.0,7.629306133497845
tfnbs,"e=0.9,h=7.0,n=30,start_thres=1.25",hub,0.25,30,1,40,1730,3,0,37,1730,0.075,0.0,1.0,0.0,7.629306133497845
tfnbs,"e=0.9,h=8.0,n=30,start_thres=1.25",hub,0.25,30,1,40,1730,3,0,37,1730,0.075,0.0,1.0,0.0,7.629306133497845
tfnbs,"e=0.9,h=9.0,n=30,start_thres=1.25",hub,0.25,30,1,40,1730,3,0,37,1730,0.075,0.0,1.0,0.0,7.629306133497845
tfnbs,"e=0.9,h=10.0,n=30,start_thres=1.25",hub,0.25,30,1,40,1730,3,0,37,1730,0.075,0.0,1.0,0.0,7.629306133497845
tfnbs,"e=1.0,h=0.5,n=30,start_thres=1.25",hub,0.25,30,1,40,1730,0,0,40,1730,0.0,0.0,0.0,0.0,7.629306133497845
tfnbs,"e=1.0,h=1.0,n=30,start_thres=1.25",hub,0.25,30,1,40,1730,0,0,40,1730,0.0,0.0,0.0,0.0,7.629306133497845
tfnbs,"e=1.0,h=2.0,n=30,start_thres=1.25",hub,0.25,30,1,40,1730,3,0,37,1730,0.075,0.0,1.0,0.0,7.629306133497845
tfnbs,"e=1.0,h=3.0,n=30,start_thres=1.25",hub,0.25,30,1,40,1730,7,0,33,1730,0.175,0.0,1.0,0.0,7.629306133497845
tfnbs,"e=1.0,h=4.0,n=30,start_thres=1.25",hub,0.25,30,1,40,1730,9,0,31,1730,0.225,0.0,1.0,0.0,7.629306133497845
tfnbs,"e=1.0,h=5.0,n=30,start_thres=1.25",hub,0.25,30,1,40,1730,9,0,31,1730,0.225,0.0,1.0,0.0,7.629306133497845
tfnbs,"e=1.0,h=6.0,n=30,start_thres=1.25",hub,0.25,30,1,40,1730,9,0,31,1730,0.225,0.0,1.0,0.0,7.629306133497845
tfnbs,"e=1.0,h=7.0,n=30,start_thres=1.25",hub,0.25,30,1,40,1730,7,0,33,1730,0.175,0.0,1.0,0.0,7.629306133497845
tfnbs,"e=1.0,h=8.0,n=30,start_thres=1.25",hub,0.25,30,1,40,1730,7,0,33,1730,0.175,0.0,1.0,0.0,7.629306133497845
tfnbs,"e=1.0,h=9.0,n=30,start_thres=1.25",hub,0.25,30,1,40,1730,3,0,37,1730,0.075,0.0,1.0,0.0,7.629306133497845
tfnbs,"e=1.0,h=10.0,n=30,start_thres=1.25",hub,0.25,30,1,40,1730,3,0,37,1730,0.075,0.0,1.0,0.0,7.629306133497845
tfnbs,"e=1.1,h=0.5,n=30,start_thres=1.25",hub,0.25,30,1,40,1730,0,0,40,1730,0.0,0.0,0.0,0.0,7.629306133497845
tfnbs,"e=1.1,h=1.0,n=30,start_thres=1.25",hub,0.25,30,1,40,1730,0,0,40,1730,0.0,0.0,0.0,0.0,7.629306133497845
tfnbs,"e=1.1,h=2.0,n=30,start_thres=1.25",hub,0.25,30,1,40,1730,2,0,38,1730,0.05,0.0,1.0,0.0,7.629306133497845
tfnbs,"e=1.1,h=3.0,n=30,start_thres=1.25",hub,0.25,30,1,40,1730,7,0,33,1730,0.175,0.0,1.0,0.0,7.629306133497845
tfnbs,"e=1.1,h=4.0,n=30,start_thres=1.25",hub,0.25,30,1,40,1730,9,0,31,1730,0.225,0.0,1.0,0.0,7.629306133497845
tfnbs,"e=1.1,h=5.0,n=30,start_thres=1.25",hub,0.25,30,1,40,1730,9,0,31,1730,0.225,0.0,1.0,0.0,7.629306133497845
tfnbs,"e=1.1,h=6.0,n=30,start_thres=1.25",hub,0.25,30,1,40,1730,9,0,31,1730,0.225,0.0,1.0,0.0,7.629306133497845
tfnbs,"e=1.1,h=7.0,n=30,start_thres=1.25",hub,0.25,30,1,40,1730,9,0,31,1730,0.225,0.0,1.0,0.0,7.629306133497845
tfnbs,"e=1.1,h=8.0,n=30,start_thres=1.25",hub,0.25,30,1,40,1730,7,0,33,1730,0.175,0.0,1.0,0.0,7.629306133497845
tfnbs,"e=1.1,h=9.0,n=30,start_thres=1.25",hub,0.25,30,1,40,1730,7,0,33,1730,0.175,0.0,1.0,0.0,7.629306133497845
tfnbs,"e=1.1,h=10.0,n=30,start_thres=1.25",hub,0.25,30,1,40,1730,3,0,37,1730,0.075,0.0,1.0,0.0,7.629306133497845
tfnbs,"e=1.2,h=0.5,n=30,start_thres=1.25",hub,0.25,30,1,40,1730,0,0,40,1730,0.0,0.0,0.0,0.0,7.629306133497845
tfnbs,"e=1.2,h=1.0,n=30,start_thres=1.25",hub,0.25,30,1,40,1730,0,0,40,1730,0.0,0.0,0.0,0.0,7.629306133497845
tfnbs,"e=1.2,h=2.0,n=30,start_thres=1.25",hub,0.25,30,1,40,1730,0,0,40,1730,0.0,0.0,0.0,0.0,7.629306133497845
tfnbs,"e=1.2,h=3.0,n=30,start_thres=1.25",hub,0.25,30,1,40,1730,3,0,37,1730,0.075,0.0,1.0,0.0,7.629306133497845
tfnbs,"e=1.2,h=4.0,n=30,start_thres=1.25",hub,0.25,30,1,40,1730,9,0,31,1730,0.225,0.0,1.0,0.0,7.629306133497845
tfnbs,"e=1.2,h=5.0,n=30,start_thres=1.25",hub,0.25,30,1,40,1730,9,0,31,1730,0.225,0.0,1.0,0.0,7.629306133497845
tfnbs,"e=1.2,h=6.0,n=30,start_thres=1.25",hub,0.25,30,1,40,1730,12,0,28,1730,0.3,0.0,1.0,0.0,7.629306133497845
tfnbs,"e=1.2,h=7.0,n=30,start_thres=1.25",hub,0.25,30,1,40,1730,9,0,31,1730,0.225,0.0,1.0,0.0,7.629306133497845
tfnbs,"e=1.2,h=8.0,n=30,start_thres=1.25",hub,0.25,30,1,40,1730,9,0,31,1730,0.225,0.0,1.0,0.0,7.629306133497845
tfnbs,"e=1.2,h=9.0,n=30,start_thres=1.25",hub,0.25,30,1,40,1730,7,0,33,1730,0.175,0.0,1.0,0.0,7.629306133497845
tfnbs,"e=1.2,h=10.0,n=30,start_thres=1.25",hub,0.25,30,1,40,1730,7,0,33,1730,0.175,0.0,1.0,0.0,7.629306133497845
tfnbs,"e=1.3,h=0.5,n=30,start_thres=1.25",hub,0.25,30,1,40,1730,0,0,40,1730,0.0,0.0,0.0,0.0,7.629306133497845
tfnbs,"e=1.3,h=1.0,n=30,start_thres=1.25",hub,0.25,30,1,40,1730,0,0,40,1730,0.0,0.0,0.0,0.0,7.629306133497845
tfnbs,"e=1.3,h=2.0,n=30,start_thres=1.25",hub,0.25,30,1,40,1730,0,0,40,1730,0.0,0.0,0.0,0.0,7.629306133497845
tfnbs,"e=1.3,h=3.0,n=30,start_thres=1.25",hub,0.25,30,1,40,1730,2,0,38,1730,0.05,0.0,1.0,0.0,7.629306133497845
tfnbs,"e=1.3,h=4.0,n=30,start_thres=1.25",hub,0.25,30,1,40,1730,7,0,33,1730,0.175,0.0,1.0,0.0,7.629306133497845
tfnbs,"e=1.3,h=5.0,n=30,start_thres=1.25",hub,0.25,30,1,40,1730,9,0,31,1730,0.225,0.0,1.0,0.0,7.629306133497845
tfnbs,"e=1.3,h=6.0,n=30,start_thres=1.25",hub,0.25,30,1,40,1730,12,0,28,1730,0.3,0.0,1.0,0.0,7.629306133497845
tfnbs,"e=1.3,h=7.0,n=30,start_thres=1.25",hub,0.25,30,1,40,1730,12,0,28,1730,0.3,0.0,1.0,0.0,7.629306133497845
tfnbs,"e=1.3,h=8.0,n=30,start_thres=1.25",hub,0.25,30,1,40,1730,9,0,31,1730,0.225,0.0,1.0,0.0,7.629306133497845
tfnbs,"e=1.3,h=9.0,n=30,start_thres=1.25",hub,0.25,30,1,40,1730,9,0,31,1730,0.225,0.0,1.0,0.0,7.629306133497845
tfnbs,"e=1.3,h=10.0,n=30,start_thres=1.25",hub,0.25,30,1,40,1730,7,0,33,1730,0.175,0.0,1.0,0.0,7.629306133497845
tfnbs,"e=1.4,h=0.5,n=30,start_thres=1.25",hub,0.25,30,1,40,1730,0,0,40,1730,0.0,0.0,0.0,0.0,7.629306133497845
tfnbs,"e=1.4,h=1.0,n=30,start_thres=1.25",hub,0.25,30,1,40,1730,0,0,40,1730,0.0,0.0,0.0,0.0,7.629306133497845
tfnbs,"e=1.4,h=2.0,n=30,start_thres=1.25",hub,0.25,30,1,40,1730,0,0,40,1730,0.0,0.0,0.0,0.0,7.629306133497845
tfnbs,"e=1.4,h=3.0,n=30,start_thres=1.25",hub,0.25,30,1,40,1730,1,0,39,1730,0.025,0.0,1.0,0.0,7.629306133497845
tfnbs,"e=1.4,h=4.0,n=30,start_thres=1.25",hub,0.25,30,1,40,1730,3,0,37,1730,0.075,0.0,1.0,0.0,7.629306133497845
tfnbs,"e=1.4,h=5.0,n=30,start_thres=1.25",hub,0.25,30,1,40,1730,9,0,31,1730,0.225,0.0,1.0,0.0,7.629306133497845
tfnbs,"e=1.4,h=6.0,n=30,start_thres=1.25",hub,0.25,30,1,40,1730,12,0,28,1730,0.3,0.0,1.0,0.0,7.629306133497845
tfnbs,"e=1.4,h=7.0,n=30,start_thres=1.25",hub,0.25,30,1,40,1730,12,0,28,1730,0.3,0.0,1.0,0.0,7.629306133497845
tfnbs,"e=1.4,h=8.0,n=30,start_thres=1.25",hub,0.25,30,1,40,1730,12,0,28,1730,0.3,0.0,1.0,0.0,7.629306133497845
tfnbs,"e=1.4,h=9.0,n=30,start_thres=1.25",hub,0.25,30,1,40,1730,9,0,31,1730,0.225,0.0,1.0,0.0,7.629306133497845
tfnbs,"e=1.4,h=10.0,n=30,start_thres=1.25",hub,0.25,30,1,40,1730,9,0,31,1730,0.225,0.0,1.0,0.0,7.629306133497845
tfnbs,"e=1.5,h=0.5,n=30,start_thres=1.25",hub,0.25,30,1,40,1730,0,0,40,1730,0.0,0.0,0.0,0.0,7.629306133497845
tfnbs,"e=1.5,h=1.0,n=30,start_thres=1.25",hub,0.25,30,1,40,1730,0,0,40,1730,0.0,0.0,0.0,0.0,7.629306133497845
tfnbs,"e=1.5,h=2.0,n=30,start_thres=1.25",hub,0.25,30,1,40,1730,0,0,40,1730,0.0,0.0,0.0,0.0,7.629306133497845
tfnbs,"e=1.5,h=3.0,n=30,start_thres=1.25",hub,0.25,30,1,40,1730,0,0,40,1730,0.0,0.0,0.0,0.0,7.629306133497845
tfnbs,"e=1.5,h=4.0,n=30,start_thres=1.25",hub,0.25,30,1,40,1730,2,0,38,1730,0.05,0.0,1.0,0.0,7.629306133497845
tfnbs,"e=1.5,h=5.0,n=30,start_thres=1.25",hub,0.25,30,1,40,1730,7,0,33,1730,0.175,0.0,1.0,0.0,7.629306133497845
tfnbs,"e=1.5,h=6.0,n=30,start_thres=1.25",hub,0.25,30,1,40,1730,9,0,31,1730,0.225,0.0,1.0,0.0,7.629306133497845
tfnbs,"e=1.5,h=7.0,n=30,start_thres=1.25",hub,0.25,30,1,40,1730,12,0,28,1730,0.3,0.0,1.0,0.0,7.629306133497845
tfnbs,"e=1.5,h=8.0,n=30,start_thres=1.25",hub,0.25,30,1,40,1730,12,0,28,1730,0.3,0.0,1.0,0.0,7.629306133497845
tfnbs,"e=1.5,h=9.0,n=30,start_thres=1.25",hub,0.25,30,1,40,1730,12,0,28,1730,0.3,0.0,1.0,0.0,7.629306133497845
tfnbs,"e=1.5,h=10.0,n=30,start_thres=1.25",hub,0.25,30,1,40,1730,9,0,31,1730,0.225,0.0,1.0,0.0,7.629306133497845
tfnbs,"e=0.05,h=0.5,n=30,start_thres=1.25",hub,0.25,30,0,40,1730,3,1,37,1729,0.075,0.0005780346820809,0.75,0.25,7.638138562440872
tfnbs,"e=0.05,h=1.0,n=30,start_thres=1.25",hub,0.25,30,0,40,1730,3,1,37,1729,0.075,0.0005780346820809,0.75,0.25,7.638138562440872
tfnbs,"e=0.05,h=2.0,n=30,start_thres=1.25",hub,0.25,30,0,40,1730,2,1,38,1729,0.05,0.0005780346820809,0.6666666666666666,0.3333333333333333,7.638138562440872
tfnbs,"e=0.05,h=3.0,n=30,start_thres=1.25",hub,0.25,30,0,40,1730,2,1,38,1729,0.05,0.0005780346820809,0.6666666666666666,0.3333333333333333,7.638138562440872
tfnbs,"e=0.05,h=4.0,n=30,start_thres=1.25",hub,0.25,30,0,40,1730,2,1,38,1729,0.05,0.0005780346820809,0.6666666666666666,0.3333333333333333,7.638138562440872
tfnbs,"e=0.05,h=5.0,n=30,start_thres=1.25",hub,0.25,30,0,40,1730,2,1,38,1729,0.05,0.0005780346820809,0.6666666666666666,0.3333333333333333,7.638138562440872
tfnbs,"e=0.05,h=6.0,n=30,start_thres=1.25",hub,0.25,30,0,40,1730,2,1,38,1729,0.05,0.0005780346820809,0.6666666666666666,0.3333333333333333,7.638138562440872
tfnbs,"e=0.05,h=7.0,n=30,start_thres=1.25",hub,0.25,30,0,40,1730,2,1,38,1729,0.05,0.0005780346820809,0.6666666666666666,0.3333333333333333,7.638138562440872
tfnbs,"e=0.05,h=8.0,n=30,start_thres=1.25",hub,0.25,30,0,40,1730,2,1,38,1729,0.05,0.0005780346820809,0.6666666666666666,0.3333333333333333,7.638138562440872
tfnbs,"e=0.05,h=9.0,n=30,start_thres=1.25",hub,0.25,30,0,40,1730,2,1,38,1729,0.05,0.0005780346820809,0.6666666666666666,0.3333333333333333,7.638138562440872
tfnbs,"e=0.05,h=10.0,n=30,start_thres=1.25",hub,0.25,30,0,40,1730,2,1,38,1729,0.05,0.0005780346820809,0.6666666666666666,0.3333333333333333,7.638138562440872
tfnbs,"e=0.1,h=0.5,n=30,start_thres=1.25",hub,0.25,30,0,40,1730,4,1,36,1729,0.1,0.0005780346820809,0.8,0.2,7.638138562440872
tfnbs,"e=0.1,h=1.0,n=30,start_thres=1.25",hub,0.25,30,0,40,1730,4,1,36,1729,0.1,0.0005780346820809,0.8,0.2,7.638138562440872
tfnbs,"e=0.1,h=2.0,n=30,start_thres=1.25",hub,0.25,30,0,40,1730,3,1,37,1729,0.075,0.0005780346820809,0.75,0.25,7.638138562440872
tfnbs,"e=0.1,h=3.0,n=30,start_thres=1.25",hub,0.25,30,0,40,1730,3,1,37,1729,0.075,0.0005780346820809,0.75,0.25,7.638138562440872
tfnbs,"e=0.1,h=4.0,n=30,start_thres=1.25",hub,0.25,30,0,40,1730,3,1,37,1729,0.075,0.0005780346820809,0.75,0.25,7.638138562440872
tfnbs,"e=0.1,h=5.0,n=30,start_thres=1.25",hub,0.25,30,0,40,1730,3,1,37,1729,0.075,0.0005780346820809,0.75,0.25,7.638138562440872
tfnbs,"e=0.1,h=6.0,n=30,start_thres=1.25",hub,0.25,30,0,40,1730,2,1,38,1729,0.05,0.0005780346820809,0.6666666666666666,0.3333333333333333,7.638138562440872
tfnbs,"e=0.1,h=7.0,n=30,start_thres=1.25",hub,0.25,30,0,40,1730,2,1,38,1729,0.05,0.0005780346820809,0.6666666666666666,0.3333333333333333,7.638138562440872
tfnbs,"e=0.1,h=8.0,n=30,start_thres=1.25",hub,0.25,30,0,40,1730,2,1,38,1729,0.05,0.0005780346820809,0.6666666666666666,0.3333333333333333,7.638138562440872
tfnbs,"e=0.1,h=9.0,n=30,start_thres=1.25",hub,0.25,30,0,40,1730,2,1,38,1729,0.05,0.0005780346820809,0.6666666666666666,0.3333333333333333,7.638138562440872
tfnbs,"e=0.1,h=10.0,n=30,start_thres=1.25",hub,0.25,30,0,40,1730,2,1,38,1729,0.05,0.0005780346820809,0.6666666666666666,0.3333333333333333,7.638138562440872
tfnbs,"e=0.2,h=0.5,n=30,start_thres=1.25",hub,0.25,30,0,40,1730,9,2,31,1728,0.225,0.0011560693641618,0.8181818181818182,0.1818181818181818,7.638138562440872
tfnbs,"e=0.2,h=1.0,n=30,start_thres=1.25",hub,0.25,30,0,40,1730,9,2,31,1728,0.225,0.0011560693641618,0.8181818181818182,0.1818181818181818,7.638138562440872
tfnbs,"e=0.2,h=2.0,n=30,start_thres=1.25",hub,0.25,30,0,40,1730,7,2,33,1728,0.175,0.0011560693641618,0.7777777777777778,0.2222222222222222,7.638138562440872
tfnbs,"e=0.2,h=3.0,n=30,start_thres=1.25",hub,0.25,30,0,40,1730,7,2,33,1728,0.175,0.0011560693641618,0.7777777777777778,0.2222222222222222,7.638138562440872
tfnbs,"e=0.2,h=4.0,n=30,start_thres=1.25",hub,0.25,30,0,40,1730,4,1,36,1729,0.1,0.0005780346820809,0.8,0.2,7.638138562440872
tfnbs,"e=0.2,h=5.0,n=30,start_thres=1.25",hub,0.25,30,0,40,1730,4,1,36,1729,0.1,0.0005780346820809,0.8,0.2,7.638138562440872
tfnbs,"e=0.2,h=6.0,n=30,start_thres=1.25",hub,0.25,30,0,40,1730,3,1,37,1729,0.075,0.0005780346820809,0.75,0.25,7.638138562440872
tfnbs,"e=0.2,h=7.0,n=30,start_thres=1.25",hub,0.25,30,0,40,1730,3,1,37,1729,0.075,0.0005780346820809,0.75,0.25,7.638138562440872
tfnbs,"e=0.2,h=8.0,n=30,start_thres=1.25",hub,0.25,30,0,40,1730,3,1,37,1729,0.075,0.0005780346820809,0.75,0.25,7.638138562440872
tfnbs,"e=0.2,h=9.0,n=30,start_thres=1.25",hub,0.25,30,0,40,1730,3,1,37,1729,0.075,0.0005780346820809,0.75,0.25,7.638138562440872
tfnbs,"e=0.2,h=10.0,n=30,start_thres=1.25",hub,0.25,30,0,40,1730,3,1,37,1729,0.075,0.0005780346820809,0.75,0.25,7.638138562440872
tfnbs,"e=0.3,h=0.5,n=30,start_thres=1.25",hub,0.25,30,0,40,1730,12,4,28,1726,0.3,0.0023121387283236,0.75,0.25,7.638138562440872
tfnbs,"e=0.3,h=1.0,n=30,start_thres=1.25",hub,0.25,30,0,40,1730,12,4,28,1726,0.3,0.0023121387283236,0.75,0.25,7.638138562440872
tfnbs,"e=0.3,h=2.0,n=30,start_thres=1.25",hub,0.25,30,0,40,1730,9,2,31,1728,0.225,0.0011560693641618,0.8181818181818182,0.1818181818181818,7.638138562440872
tfnbs,"e=0.3,h=3.0,n=30,start_thres=1.25",hub,0.25,30,0,40,1730,9,2,31,1728,0.225,0.0011560693641618,0.8181818181818182,0.1818181818181818,7.638138562440872
tfnbs,"e=0.3,h=4.0,n=30,start_thres=1.25",hub,0.25,30,0,40,1730,9,2,31,1728,0.225,0.0011560693641618,0.8181818181818182,0.1818181818181818,7.638138562440872
tfnbs,"e=0.3,h=5.0,n=30,start_thres=1.25",hub,0.25,30,0,40,1730,7,2,33,1728,0.175,0.0011560693641618,0.7777777777777778,0.2222222222222222,7.638138562440872
tfnbs,"e=0.3,h=6.0,n=30,start_thres=1.25",hub,0.25,30,0,40,1730,4,1,36,1729,0.1,0.0005780346820809,0.8,0.2,7.638138562440872
tfnbs,"e=0.3,h=7.0,n=30,start_thres=1.25",hub,0.25,30,0,40,1730,4,1,36,1729,0.1,0.0005780346820809,0.8,0.2,7.638138562440872
tfnbs,"e=0.3,h=8.0,n=30,start_thres=1.25",hub,0.25,30,0,40,1730,4,1,36,1729,0.1,0.0005780346820809,0.8,0.2,7.638138562440872
tfnbs,"e=0.3,h=9.0,n=30,start_thres=1.25",hub,0.25,30,0,40,1730,3,1,37,1729,0.075,0.0005780346820809,0.75,0.25,7.638138562440872
tfnbs,"e=0.3,h=10.0,n=30,start_thres=1.25",hub,0.25,30,0,40,1730,3,1,37,1729,0.075,0.0005780346820809,0.75,0.25,7.638138562440872
tfnbs,"e=0.4,h=0.5,n=30,start_thres=1.25",hub,0.25,30,0,40,1730,17,9,23,1721,0.425,0.0052023121387283,0.6538461538461539,0.3461538461538461,7.638138562440872
tfnbs,"e=0.4,h=1.0,n=30,start_thres=1.25",hub,0.25,30,0,40,1730,15,5,25,1725,0.375,0.0028901734104046,0.75,0.25,7.638138562440872
tfnbs,"e=0.4,h=2.0,n=30,start_thres=1.25",hub,0.25,30,0,40,1730,12,4,28,1726,0.3,0.0023121387283236,0.75,0.25,7.638138562440872
tfnbs,"e=0.4,h=3.0,n=30,start_thres=1.25",hub,0.25,30,0,40,1730,12,4,28,1726,0.3,0.0023121387283236,0.75,0.25,7.638138562440872
tfnbs,"e=0.4,h=4.0,n=30,start_thres=1.25",hub,0.25,30,0,40,1730,9,2,31,1728,0.225,0.0011560693641618,0.8181818181818182,0.1818181818181818,7.638138562440872
tfnbs,"e=0.4,h=5.0,n=30,start_thres=1.25",hub,0.25,30,0,40,1730,9,2,31,1728,0.225,0.0011560693641618,0.8181818181818182,0.1818181818181818,7.638138562440872
tfnbs,"e=0.4,h=6.0,n=30,start_thres=1.25",hub,0.25,30,0,40,1730,7,2,33,1728,0.175,0.0011560693641618,0.7777777777777778,0.2222222222222222,7.638138562440872
tfnbs,"e=0.4,h=7.0,n=30,start_thres=1.25",hub,0.25,30,0,40,1730,7,2,33,1728,0.175,0.0011560693641618,0.7777777777777778,0.2222222222222222,7.638138562440872
tfnbs,"e=0.4,h=8.0,n=30,start_thres=1.25",hub,0.25,30,0,40,1730,7,2,33,1728,0.175,0.0011560693641618,0.7777777777777778,0.2222222222222222,7.638138562440872
tfnbs,"e=0.4,h=9.0,n=30,start_thres=1.25",hub,0.25,30,0,40,1730,4,1,36,1729,0.1,0.0005780346820809,0.8,0.2,7.638138562440872
tfnbs,"e=0.4,h=10.0,n=30,start_thres=1.25",hub,0.25,30,0,40,1730,4,1,36,1729,0.1,0.0005780346820809,0.8,0.2,7.638138562440872
tfnbs,"e=0.5,h=0.5,n=30,start_thres=1.25",hub,0.25,30,0,40,1730,18,11,22,1719,0.45,0.0063583815028901,0.6206896551724138,0.3793103448275862,7.638138562440872
tfnbs,"e=0.5,h=1.0,n=30,start_thres=1.25",hub,0.25,30,0,40,1730,17,9,23,1721,0.425,0.0052023121387283,0.6538461538461539,0.3461538461538461,7.638138562440872
tfnbs,"e=0.5,h=2.0,n=30,start_thres=1.25",hub,0.25,30,0,40,1730,17,9,23,1721,0.425,0.0052023121387283,0.6538461538461539,0.3461538461538461,7.638138562440872
tfnbs,"e=0.5,h=3.0,n=30,start_thres=1.25",hub,0.25,30,0,40,1730,15,5,25,1725,0.375,0.0028901734104046,0.75,0.25,7.638138562440872
tfnbs,"e=0.5,h=4.0,n=30,start_thres=1.25",hub,0.25,30,0,40,1730,12,4,28,1726,0.3,0.0023121387283236,0.75,0.25,7.638138562440872
tfnbs,"e=0.5,h=5.0,n=30,start_thres=1.25",hub,0.25,30,0,40,1730,9,3,31,1727,0.225,0.0017341040462427,0.75,0.25,7.638138562440872
tfnbs,"e=0.5,h=6.0,n=30,start_thres=1.25",hub,0.25,30,0,40,1730,9,2,31,1728,0.225,0.0011560693641618,0.8181818181818182,0.1818181818181818,7.638138562440872
tfnbs,"e=0.5,h=7.0,n=30,start_thres=1.25",hub,0.25,30,0,40,1730,9,2,31,1728,0.225,0.0011560693641618,0.8181818181818182,0.1818181818181818,7.638138562440872
tfnbs,"e=0.5,h=8.0,n=30,start_thres=1.25",hub,0.25,30,0,40,1730,7,2,33,1728,0.175,0.0011560693641618,0.7777777777777778,0.2222222222222222,7.638138562440872
tfnbs,"e=0.5,h=9.0,n=30,start_thres=1.25",hub,0.25,30,0,40,1730,7,2,33,1728,0.175,0.0011560693641618,0.7777777777777778,0.2222222222222222,7.638138562440872
tfnbs,"e=0.5,h=10.0,n=30,start_thres=1.25",hub,0.25,30,0,40,1730,7,2,33,1728,0.175,0.0011560693641618,0.7777777777777778,0.2222222222222222,7.638138562440872
tfnbs,"e=0.6,h=0.5,n=30,start_thres=1.25",hub,0.25,30,0,40,1730,19,11,21,1719,0.475,0.0063583815028901,0.6333333333333333,0.3666666666666666,7.638138562440872
tfnbs,"e=0.6,h=1.0,n=30,start_thres=1.25",hub,0.25,30,0,40,1730,18,11,22,1719,0.45,0.0063583815028901,0.6206896551724138,0.3793103448275862,7.638138562440872
tfnbs,"e=0.6,h=2.0,n=30,start_thres=1.25",hub,0.25,30,0,40,1730,18,11,22,1719,0.45,0.0063583815028901,0.6206896551724138,0.3793103448275862,7.638138562440872
tfnbs,"e=0.6,h=3.0,n=30,start_thres=1.25",hub,0.25,30,0,40,1730,17,9,23,1721,0.425,0.0052023121387283,0.6538461538461539,0.3461538461538461,7.638138562440872
tfnbs,"e=0.6,h=4.0,n=30,start_thres=1.25",hub,0.25,30,0,40,1730,15,5,25,1725,0.375,0.0028901734104046,0.75,0.25,7.638138562440872
tfnbs,"e=0.6,h=5.0,n=30,start_thres=1.25",hub,0.25,30,0,40,1730,12,4,28,1726,0.3,0.0023121387283236,0.75,0.25,7.638138562440872
tfnbs,"e=0.6,h=6.0,n=30,start_thres=1.25",hub,0.25,30,0,40,1730,12,4,28,1726,0.3,0.0023121387283236,0.75,0.25,7.638138562440872
tfnbs,"e=0.6,h=7.0,n=30,start_thres=1.25",hub,0.25,30,0,40,1730,9,2,31,1728,0.225,0.0011560693641618,0.8181818181818182,0.1818181818181818,7.638138562440872
tfnbs,"e=0.6,h=8.0,n=30,start_thres=1.25",hub,0.25,30,0,40,1730,9,2,31,1728,0.225,0.0011560693641618,0.8181818181818182,0.1818181818181818,7.638138562440872
tfnbs,"e=0.6,h=9.0,n=30,start_thres=1.25",hub,0.25,30,0,40,1730,9,2,31,1728,0.225,0.0011560693641618,0.8181818181818182,0.1818181818181818,7.638138562440872
tfnbs,"e=0.6,h=10.0,n=30,start_thres=1.25",hub,0.25,30,0,40,1730,7,2,33,1728,0.175,0.0011560693641618,0.7777777777777778,0.2222222222222222,7.638138562440872
tfnbs,"e=0.7,h=0.5,n=30,start_thres=1.25",hub,0.25,30,0,40,1730,19,11,21,1719,0.475,0.0063583815028901,0.6333333333333333,0.3666666666666666,7.638138562440872
tfnbs,"e=0.7,h=1.0,n=30,start_thres=1.25",hub,0.25,30,0,40,1730,19,11,21,1719,0.475,0.0063583815028901,0.6333333333333333,0.3666666666666666,7.638138562440872
tfnbs,"e=0.7,h=2.0,n=30,start_thres=1.25",hub,0.25,30,0,40,1730,19,11,21,1719,0.475,0.0063583815028901,0.6333333333333333,0.3666666666666666,7.638138562440872
tfnbs,"e=0.7,h=3.0,n=30,start_thres=1.25",hub,0.25,30,0,40,1730,18,11,22,1719,0.45,0.0063583815028901,0.6206896551724138,0.3793103448275862,7.638138562440872
tfnbs,"e=0.7,h=4.0,n=30,start_thres=1.25",hub,0.25,30,0,40,1730,17,9,23,1721,0.425,0.0052023121387283,0.6538461538461539,0.3461538461538461,7.638138562440872
tfnbs,"e=0.7,h=5.0,n=30,start_thres=1.25",hub,0.25,30,0,40,1730,15,5,25,1725,0.375,0.0028901734104046,0.75,0.25,7.638138562440872
tfnbs,"e=0.7,h=6.0,n=30,start_thres=1.25",hub,0.25,30,0,40,1730,15,5,25,1725,0.375,0.0028901734104046,0.75,0.25,7.638138562440872
tfnbs,"e=0.7,h=7.0,n=30,start_thres=1.25",hub,0.25,30,0,40,1730,12,4,28,1726,0.3,0.0023121387283236,0.75,0.25,7.638138562440872
tfnbs,"e=0.7,h=8.0,n=30,start_thres=1.25",hub,0.25,30,0,40,1730,9,2,31,1728,0.225,0.0011560693641618,0.8181818181818182,0.1818181818181818,7.638138562440872
tfnbs,"e=0.7,h=9.0,n=30,start_thres=1.25",hub,0.25,30,0,40,1730,9,2,31,1728,0.225,0.0011560693641618,0.8181818181818182,0.1818181818181818,7.638138562440872
tfnbs,"e=0.7,h=10.0,n=30,start_thres=1.25",hub,0.25,30,0,40,1730,9,2,31,1728,0.225,0.0011560693641618,0.8181818181818182,0.1818181818181818,7.638138562440872
tfnbs,"e=0.8,h=0.5,n=30,start_thres=1.25",hub,0.25,30,0,40,1730,21,11,19,1719,0.525,0.0063583815028901,0.65625,0.34375,7.638138562440872
tfnbs,"e=0.8,h=1.0,n=30,start_thres=1.25",hub,0.25,30,0,40,1730,21,11,19,1719,0.525,0.0063583815028901,0.65625,0.34375,7.638138562440872
tfnbs,"e=0.8,h=2.0,n=30,start_thres=1.25",hub,0.25,30,0,40,1730,19,11,21,1719,0.475,0.0063583815028901,0.6333333333333333,0.3666666666666666,7.638138562440872
tfnbs,"e=0.8,h=3.0,n=30,start_thres=1.25",hub,0.25,30,0,40,1730,19,11,21,1719,0.475,0.0063583815028901,0.6333333333333333,0.3666666666666666,7.638138562440872
tfnbs,"e=0.8,h=4.0,n=30,start_thres=1.25",hub,0.25,30,0,40,1730,18,11,22,1719,0.45,0.0063583815028901,0.6206896551724138,0.3793103448275862,7.638138562440872
tfnbs,"e=0.8,h=5.0,n=30,start_thres=1.25",hub,0.25,30,0,40,1730,17,9,23,1721,0.425,0.0052023121387283,0.6538461538461539,0.3461538461538461,7.638138562440872
tfnbs,"e=0.8,h=6.0,n=30,start_thres=1.25",hub,0.25,30,0,40,1730,15,5,25,1725,0.375,0.0028901734104046,0.75,0.25,7.638138562440872
tfnbs,"e=0.8,h=7.0,n=30,start_thres=1.25",hub,0.25,30,0,40,1730,15,5,25,1725,0.375,0.0028901734104046,0.75,0.25,7.638138562440872
tfnbs,"e=0.8,h=8.0,n=30,start_thres=1.25",hub,0.25,30,0,40,1730,12,4,28,1726,0.3,0.0023121387283236,0.75,0.25,7.638138562440872
tfnbs,"e=0.8,h=9.0,n=30,start_thres=1.25",hub,0.25,30,0,40,1730,9,3,31,1727,0.225,0.0017341040462427,0.75,0.25,7.638138562440872
tfnbs,"e=0.8,h=10.0,n=30,start_thres=1.25",hub,0.25,30,0,40,1730,9,2,31,1728,0.225,0.0011560693641618,0.8181818181818182,0.1818181818181818,7.638138562440872
tfnbs,"e=0.9,h=0.5,n=30,start_thres=1.25",hub,0.25,30,0,40,1730,21,11,19,1719,0.525,0.0063583815028901,0.65625,0.34375,7.638138562440872
tfnbs,"e=0.9,h=1.0,n=30,start_thres=1.25",hub,0.25,30,0,40,1730,21,11,19,1719,0.525,0.0063583815028901,0.65625,0.34375,7.638138562440872
tfnbs,"e=0.9,h=2.0,n=30,start_thres=1.25",hub,0.25,30,0,40,1730,21,11,19,1719,0.525,0.0063583815028901,0.65625,0.34375,7.638138562440872
tfnbs,"e=0.9,h=3.0,n=30,start_thres=1.25",hub,0.25,30,0,40,1730,19,11,21,1719,0.475,0.0063583815028901,0.6333333333333333,0.3666666666666666,7.638138562440872
tfnbs,"e=0.9,h=4.0,n=30,start_thres=1.25",hub,0.25,30,0,40,1730,19,11,21,1719,0.475,0.0063583815028901,0.6333333333333333,0.3666666666666666,7.638138562440872
tfnbs,"e=0.9,h=5.0,n=30,start_thres=1.25",hub,0.25,30,0,40,1730,18,11,22,1719,0.45,0.0063583815028901,0.6206896551724138,0.3793103448275862,7.638138562440872
tfnbs,"e=0.9,h=6.0,n=30,start_thres=1.25",hub,0.25,30,0,40,1730,17,9,23,1721,0.425,0.0052023121387283,0.6538461538461539,0.3461538461538461,7.638138562440872
tfnbs,"e=0.9,h=7.0,n=30,start_thres=1.25",hub,0.25,30,0,40,1730,17,9,23,1721,0.425,0.0052023121387283,0.6538461538461539,0.3461538461538461,7.638138562440872
tfnbs,"e=0.9,h=8.0,n=30,start_thres=1.25",hub,0.25,30,0,40,1730,15,5,25,1725,0.375,0.0028901734104046,0.75,0.25,7.638138562440872
tfnbs,"e=0.9,h=9.0,n=30,start_thres=1.25",hub,0.25,30,0,40,1730,12,4,28,1726,0.3,0.0023121387283236,0.75,0.25,7.638138562440872
tfnbs,"e=0.9,h=10.0,n=30,start_thres=1.25",hub,0.25,30,0,40,1730,12,4,28,1726,0.3,0.0023121387283236,0.75,0.25,7.638138562440872
tfnbs,"e=1.0,h=0.5,n=30,start_thres=1.25",hub,0.25,30,0,40,1730,21,19,19,1711,0.525,0.0109826589595375,0.525,0.475,7.638138562440872
tfnbs,"e=1.0,h=1.0,n=30,start_thres=1.25",hub,0.25,30,0,40,1730,21,19,19,1711,0.525,0.0109826589595375,0.525,0.475,7.638138562440872
tfnbs,"e=1.0,h=2.0,n=30,start_thres=1.25",hub,0.25,30,0,40,1730,21,11,19,1719,0.525,0.0063583815028901,0.65625,0.34375,7.638138562440872
tfnbs,"e=1.0,h=3.0,n=30,start_thres=1.25",hub,0.25,30,0,40,1730,21,11,19,1719,0.525,0.0063583815028901,0.65625,0.34375,7.638138562440872
tfnbs,"e=1.0,h=4.0,n=30,start_thres=1.25",hub,0.25,30,0,40,1730,19,11,21,1719,0.475,0.0063583815028901,0.6333333333333333,0.3666666666666666,7.638138562440872
tfnbs,"e=1.0,h=5.0,n=30,start_thres=1.25",hub,0.25,30,0,40,1730,19,11,21,1719,0.475,0.0063583815028901,0.6333333333333333,0.3666666666666666,7.638138562440872
tfnbs,"e=1.0,h=6.0,n=30,start_thres=1.25",hub,0.25,30,0,40,1730,18,11,22,1719,0.45,0.0063583815028901,0.6206896551724138,0.3793103448275862,7.638138562440872
tfnbs,"e=1.0,h=7.0,n=30,start_thres=1.25",hub,0.25,30,0,40,1730,17,9,23,1721,0.425,0.0052023121387283,0.6538461538461539,0.3461538461538461,7.638138562440872
tfnbs,"e=1.0,h=8.0,n=30,start_thres=1.25",hub,0.25,30,0,40,1730,17,9,23,1721,0.425,0.0052023121387283,0.6538461538461539,0.3461538461538461,7.638138562440872
tfnbs,"e=1.0,h=9.0,n=30,start_thres=1.25",hub,0.25,30,0,40,1730,15,5,25,1725,0.375,0.0028901734104046,0.75,0.25,7.638138562440872
tfnbs,"e=1.0,h=10.0,n=30,start_thres=1.25",hub,0.25,30,0,40,1730,12,4,28,1726,0.3,0.0023121387283236,0.75,0.25,7.638138562440872
tfnbs,"e=1.1,h=0.5,n=30,start_thres=1.25",hub,0.25,30,0,40,1730,21,19,19,1711,0.525,0.0109826589595375,0.525,0.475,7.638138562440872
tfnbs,"e=1.1,h=1.0,n=30,start_thres=1.25",hub,0.25,30,0,40,1730,21,19,19,1711,0.525,0.0109826589595375,0.525,0.475,7.638138562440872
tfnbs,"e=1.1,h=2.0,n=30,start_thres=1.25",hub,0.25,30,0,40,1730,21,19,19,1711,0.525,0.0109826589595375,0.525,0.475,7.638138562440872
tfnbs,"e=1.1,h=3.0,n=30,start_thres=1.25",hub,0.25,30,0,40,1730,21,11,19,1719,0.525,0.0063583815028901,0.65625,0.34375,7.638138562440872
tfnbs,"e=1.1,h=4.0,n=30,start_thres=1.25",hub,0.25,30,0,40,1730,21,11,19,1719,0.525,0.0063583815028901,0.65625,0.34375,7.638138562440872
tfnbs,"e=1.1,h=5.0,n=30,start_thres=1.25",hub,0.25,30,0,40,1730,19,11,21,1719,0.475,0.0063583815028901,0.6333333333333333,0.3666666666666666,7.638138562440872
tfnbs,"e=1.1,h=6.0,n=30,start_thres=1.25",hub,0.25,30,0,40,1730,19,11,21,1719,0.475,0.0063583815028901,0.6333333333333333,0.3666666666666666,7.638138562440872
tfnbs,"e=1.1,h=7.0,n=30,start_thres=1.25",hub,0.25,30,0,40,1730,18,11,22,1719,0.45,0.0063583815028901,0.6206896551724138,0.3793103448275862,7.638138562440872
tfnbs,"e=1.1,h=8.0,n=30,start_thres=1.25",hub,0.25,30,0,40,1730,17,9,23,1721,0.425,0.0052023121387283,0.6538461538461539,0.3461538461538461,7.638138562440872
tfnbs,"e=1.1,h=9.0,n=30,start_thres=1.25",hub,0.25,30,0,40,1730,17,9,23,1721,0.425,0.0052023121387283,0.6538461538461539,0.3461538461538461,7.638138562440872
tfnbs,"e=1.1,h=10.0,n=30,start_thres=1.25",hub,0.25,30,0,40,1730,15,5,25,1725,0.375,0.0028901734104046,0.75,0.25,7.638138562440872
tfnbs,"e=1.2,h=0.5,n=30,start_thres=1.25",hub,0.25,30,0,40,1730,26,36,14,1694,0.65,0.0208092485549132,0.4193548387096774,0.5806451612903226,7.638138562440872
tfnbs,"e=1.2,h=1.0,n=30,start_thres=1.25",hub,0.25,30,0,40,1730,21,20,19,1710,0.525,0.0115606936416184,0.5121951219512195,0.4878048780487805,7.638138562440872
tfnbs,"e=1.2,h=2.0,n=30,start_thres=1.25",hub,0.25,30,0,40,1730,21,19,19,1711,0.525,0.0109826589595375,0.525,0.475,7.638138562440872
tfnbs,"e=1.2,h=3.0,n=30,start_thres=1.25",hub,0.25,30,0,40,1730,21,19,19,1711,0.525,0.0109826589595375,0.525,0.475,7.638138562440872
tfnbs,"e=1.2,h=4.0,n=30,start_thres=1.25",hub,0.25,30,0,40,1730,21,19,19,1711,0.525,0.0109826589595375,0.525,0.475,7.638138562440872
tfnbs,"e=1.2,h=5.0,n=30,start_thres=1.25",hub,0.25,30,0,40,1730,21,11,19,1719,0.525,0.0063583815028901,0.65625,0.34375,7.638138562440872
tfnbs,"e=1.2,h=6.0,n=30,start_thres=1.25",hub,0.25,30,0,40,1730,19,11,21,1719,0.475,0.0063583815028901,0.6333333333333333,0.3666666666666666,7.638138562440872
tfnbs,"e=1.2,h=7.0,n=30,start_thres=1.25",hub,0.25,30,0,40,1730,19,11,21,1719,0.475,0.0063583815028901,0.6333333333333333,0.3666666666666666,7.638138562440872
tfnbs,"e=1.2,h=8.0,n=30,start_thres=1.25",hub,0.25,30,0,40,1730,18,11,22,1719,0.45,0.0063583815028901,0.6206896551724138,0.3793103448275862,7.638138562440872
tfnbs,"e=1.2,h=9.0,n=30,start_thres=1.25",hub,0.25,30,0,40,1730,17,9,23,1721,0.425,0.0052023121387283,0.6538461538461539,0.3461538461538461,7.638138562440872
tfnbs,"e=1.2,h=10.0,n=30,start_thres=1.25",hub,0.25,30,0,40,1730,17,9,23,1721,0.425,0.0052023121387283,0.6538461538461539,0.3461538461538461,7.638138562440872
tfnbs,"e=1.3,h=0.5,n=30,start_thres=1.25",hub,0.25,30,0,40,1730,26,36,14,1694,0.65,0.0208092485549132,0.4193548387096774,0.5806451612903226,7.638138562440872
tfnbs,"e=1.3,h=1.0,n=30,start_thres=1.25",hub,0.25,30,0,40,1730,26,36,14,1694,0.65,0.0208092485549132,0.4193548387096774,0.5806451612903226,7.638138562440872
tfnbs,"e=1.3,h=2.0,n=30,start_thres=1.25",hub,0.25,30,0,40,1730,26,36,14,1694,0.65,0.0208092485549132,0.4193548387096774,0.5806451612903226,7.638138562440872
tfnbs,"e=1.3,h=3.0,n=30,start_thres=1.25",hub,0.25,30,0,40,1730,21,19,19,1711,0.525,0.0109826589595375,0.525,0.475,7.638138562440872
tfnbs,"e=1.3,h=4.0,n=30,start_thres=1.25",hub,0.25,30,0,40,1730,21,19,19,1711,0.525,0.0109826589595375,0.525,0.475,7.638138562440872
tfnbs,"e=1.3,h=5.0,n=30,start_thres=1.25",hub,0.25,30,0,40,1730,21,19,19,1711,0.525,0.0109826589595375,0.525,0.475,7.638138562440872
tfnbs,"e=1.3,h=6.0,n=30,start_thres=1.25",hub,0.25,30,0,40,1730,21,11,19,1719,0.525,0.0063583815028901,0.65625,0.34375,7.638138562440872
tfnbs,"e=1.3,h=7.0,n=30,start_thres=1.25",hub,0.25,30,0,40,1730,19,11,21,1719,0.475,0.0063583815028901,0.6333333333333333,0.3666666666666666,7.638138562440872
tfnbs,"e=1.3,h=8.0,n=30,start_thres=1.25",hub,0.25,30,0,40,1730,19,11,21,1719,0.475,0.0063583815028901,0.6333333333333333,0.3666666666666666,7.638138562440872
tfnbs,"e=1.3,h=9.0,n=30,start_thres=1.25",hub,0.25,30,0,40,1730,18,11,22,1719,0.45,0.0063583815028901,0.6206896551724138,0.3793103448275862,7.638138562440872
tfnbs,"e=1.3,h=10.0,n=30,start_thres=1.25",hub,0.25,30,0,40,1730,17,9,23,1721,0.425,0.0052023121387283,0.6538461538461539,0.3461538461538461,7.638138562440872
tfnbs,"e=1.4,h=0.5,n=30,start_thres=1.25",hub,0.25,30,0,40,1730,26,36,14,1694,0.65,0.0208092485549132,0.4193548387096774,0.5806451612903226,7.638138562440872
tfnbs,"e=1.4,h=1.0,n=30,start_thres=1.25",hub,0.25,30,0,40,1730,26,36,14,1694,0.65,0.0208092485549132,0.4193548387096774,0.5806451612903226,7.638138562440872
tfnbs,"e=1.4,h=2.0,n=30,start_thres=1.25",hub,0.25,30,0,40,1730,26,36,14,1694,0.65,0.0208092485549132,0.4193548387096774,0.5806451612903226,7.638138562440872
tfnbs,"e=1.4,h=3.0,n=30,start_thres=1.25",hub,0.25,30,0,40,1730,26,36,14,1694,0.65,0.0208092485549132,0.4193548387096774,0.5806451612903226,7.638138562440872
tfnbs,"e=1.4,h=4.0,n=30,start_thres=1.25",hub,0.25,30,0,40,1730,21,19,19,1711,0.525,0.0109826589595375,0.525,0.475,7.638138562440872
tfnbs,"e=1.4,h=5.0,n=30,start_thres=1.25",hub,0.25,30,0,40,1730,21,19,19,1711,0.525,0.0109826589595375,0.525,0.475,7.638138562440872
tfnbs,"e=1.4,h=6.0,n=30,start_thres=1.25",hub,0.25,30,0,40,1730,21,19,19,1711,0.525,0.0109826589595375,0.525,0.475,7.638138562440872
tfnbs,"e=1.4,h=7.0,n=30,start_thres=1.25",hub,0.25,30,0,40,1730,21,11,19,1719,0.525,0.0063583815028901,0.65625,0.34375,7.638138562440872
tfnbs,"e=1.4,h=8.0,n=30,start_thres=1.25",hub,0.25,30,0,40,1730,19,11,21,1719,0.475,0.0063583815028901,0.6333333333333333,0.3666666666666666,7.638138562440872
tfnbs,"e=1.4,h=9.0,n=30,start_thres=1.25",hub,0.25,30,0,40,1730,19,11,21,1719,0.475,0.0063583815028901,0.6333333333333333,0.3666666666666666,7.638138562440872
tfnbs,"e=1.4,h=10.0,n=30,start_thres=1.25",hub,0.25,30,0,40,1730,18,11,22,1719,0.45,0.0063583815028901,0.6206896551724138,0.3793103448275862,7.638138562440872
tfnbs,"e=1.5,h=0.5,n=30,start_thres=1.25",hub,0.25,30,0,40,1730,26,36,14,1694,0.65,0.0208092485549132,0.4193548387096774,0.5806451612903226,7.638138562440872
tfnbs,"e=1.5,h=1.0,n=30,start_thres=1.25",hub,0.25,30,0,40,1730,26,36,14,1694,0.65,0.0208092485549132,0.4193548387096774,0.5806451612903226,7.638138562440872
tfnbs,"e=1.5,h=2.0,n=30,start_thres=1.25",hub,0.25,30,0,40,1730,26,36,14,1694,0.65,0.0208092485549132,0.4193548387096774,0.5806451612903226,7.638138562440872
tfnbs,"e=1.5,h=3.0,n=30,start_thres=1.25",hub,0.25,30,0,40,1730,26,36,14,1694,0.65,0.0208092485549132,0.4193548387096774,0.5806451612903226,7.638138562440872
tfnbs,"e=1.5,h=4.0,n=30,start_thres=1.25",hub,0.25,30,0,40,1730,26,36,14,1694,0.65,0.0208092485549132,0.4193548387096774,0.5806451612903226,7.638138562440872
tfnbs,"e=1.5,h=5.0,n=30,start_thres=1.25",hub,0.25,30,0,40,1730,21,19,19,1711,0.525,0.0109826589595375,0.525,0.475,7.638138562440872
tfnbs,"e=1.5,h=6.0,n=30,start_thres=1.25",hub,0.25,30,0,40,1730,21,19,19,1711,0.525,0.0109826589595375,0.525,0.475,7.638138562440872
tfnbs,"e=1.5,h=7.0,n=30,start_thres=1.25",hub,0.25,30,0,40,1730,21,19,19,1711,0.525,0.0109826589595375,0.525,0.475,7.638138562440872
tfnbs,"e=1.5,h=8.0,n=30,start_thres=1.25",hub,0.25,30,0,40,1730,21,11,19,1719,0.525,0.0063583815028901,0.65625,0.34375,7.638138562440872
tfnbs,"e=1.5,h=9.0,n=30,start_thres=1.25",hub,0.25,30,0,40,1730,19,11,21,1719,0.475,0.0063583815028901,0.6333333333333333,0.3666666666666666,7.638138562440872
tfnbs,"e=1.5,h=10.0,n=30,start_thres=1.25",hub,0.25,30,0,40,1730,18,11,22,1719,0.45,0.0063583815028901,0.6206896551724138,0.3793103448275862,7.638138562440872
nbs_intensity,threshold=1.5,hub,0.25,30,3,40,1730,0,0,40,1730,0.0,0.0,0.0,0.0,1.6308159828186035
nbs_intensity,threshold=1.5,hub,0.25,30,2,40,1730,37,175,3,1555,0.925,0.1011560693641618,0.1745283018867924,0.8254716981132075,2.1021227836608887
nbs_intensity,threshold=1.5,hub,0.25,30,1,40,1730,0,0,40,1730,0.0,0.0,0.0,0.0,2.413433074951172
nbs_intensity,threshold=1.5,hub,0.25,30,5,40,1730,0,0,40,1730,0.0,0.0,0.0,0.0,1.6315956115722656
nbs_intensity,threshold=1.5,hub,0.25,30,7,40,1730,0,0,40,1730,0.0,0.0,0.0,0.0,2.2451822757720947
nbs_intensity,threshold=1.5,hub,0.25,30,4,40,1730,38,190,2,1540,0.95,0.1098265895953757,0.1666666666666666,0.8333333333333334,3.0959696769714355
nbs_intensity,threshold=1.5,hub,0.25,30,8,40,1730,0,0,40,1730,0.0,0.0,0.0,0.0,1.5846991539001465
nbs_intensity,threshold=1.5,hub,0.25,30,6,40,1730,0,0,40,1730,0.0,0.0,0.0,0.0,3.970564365386963
nbs_intensity,threshold=1.5,hub,0.25,30,9,40,1730,0,0,40,1730,0.0,0.0,0.0,0.0,1.8385896682739256
nbs_intensity,threshold=1.5,hub,0.25,30,11,40,1730,38,163,2,1567,0.95,0.0942196531791907,0.1890547263681592,0.8109452736318408,1.468829870223999
nbs_intensity,threshold=1.5,hub,0.25,30,10,40,1730,33,201,7,1529,0.825,0.1161849710982659,0.141025641025641,0.8589743589743589,2.818397045135498
nbs_intensity,threshold=1.5,hub,0.25,30,13,40,1730,37,195,3,1535,0.925,0.1127167630057803,0.1594827586206896,0.8405172413793104,1.611701488494873
nbs_intensity,threshold=1.5,hub,0.25,30,14,40,1730,0,0,40,1730,0.0,0.0,0.0,0.0,2.026737689971924
nbs_intensity,threshold=1.5,hub,0.25,30,12,40,1730,39,144,1,1586,0.975,0.0832369942196531,0.2131147540983606,0.7868852459016393,2.9148190021514893
nbs_intensity,threshold=1.5,hub,0.25,30,16,40,1730,38,146,2,1584,0.95,0.084393063583815,0.2065217391304347,0.7934782608695652,1.6459019184112549
nbs_intensity,threshold=1.5,hub,0.25,30,15,40,1730,0,0,40,1730,0.0,0.0,0.0,0.0,2.58855414390564
nbs_intensity,threshold=1.5,hub,0.25,30,19,40,1730,0,0,40,1730,0.0,0.0,0.0,0.0,1.6216235160827637
nbs_intensity,threshold=1.5,hub,0.25,30,18,40,1730,0,0,40,1730,0.0,0.0,0.0,0.0,2.402191638946533
nbs_intensity,threshold=1.5,hub,0.25,30,20,40,1730,0,0,40,1730,0.0,0.0,0.0,0.0,1.580538272857666
nbs_intensity,threshold=1.5,hub,0.25,30,17,40,1730,40,189,0,1541,1.0,0.1092485549132948,0.1746724890829694,0.8253275109170306,3.46335768699646
nbs_intensity,threshold=1.5,hub,0.25,30,21,40,1730,0,0,40,1730,0.0,0.0,0.0,0.0,1.881069898605347
nbs_intensity,threshold=1.5,hub,0.25,30,23,40,1730,0,0,40,1730,0.0,0.0,0.0,0.0,1.6526260375976562
nbs_intensity,threshold=1.5,hub,0.25,30,24,40,1730,0,0,40,1730,0.0,0.0,0.0,0.0,1.9678521156311035
nbs_intensity,threshold=1.5,hub,0.25,30,22,40,1730,0,0,40,1730,0.0,0.0,0.0,0.0,3.014939308166504
nbs_intensity,threshold=1.5,hub,0.25,30,25,40,1730,0,0,40,1730,0.0,0.0,0.0,0.0,1.643134832382202
nbs_intensity,threshold=1.5,hub,0.25,30,26,40,1730,36,190,4,1540,0.9,0.1098265895953757,0.1592920353982301,0.8407079646017699,1.5580577850341797
nbs_intensity,threshold=1.5,hub,0.25,30,27,40,1730,37,160,3,1570,0.925,0.0924855491329479,0.1878172588832487,0.8121827411167513,1.9873936176300049
nbs_intensity,threshold=1.5,hub,0.25,30,28,40,1730,39,161,1,1569,0.975,0.0930635838150289,0.195,0.805,1.616779088973999
nbs_intensity,threshold=2.0,hub,0.25,30,0,40,1730,33,76,7,1654,0.825,0.0439306358381502,0.3027522935779816,0.6972477064220184,1.536471605300903
nbs_intensity,threshold=1.5,hub,0.25,30,29,40,1730,0,0,40,1730,0.0,0.0,0.0,0.0,1.637171506881714
nbs_intensity,threshold=2.0,hub,0.25,30,1,40,1730,0,0,40,1730,0.0,0.0,0.0,0.0,1.5332350730895996
nbs_intensity,threshold=2.0,hub,0.25,30,3,40,1730,0,0,40,1730,0.0,0.0,0.0,0.0,1.5497288703918457
nbs_intensity,threshold=2.0,hub,0.25,30,4,40,1730,31,70,9,1660,0.775,0.0404624277456647,0.3069306930693069,0.693069306930693,1.5948851108551023
nbs_intensity,threshold=2.0,hub,0.25,30,2,40,1730,34,69,6,1661,0.85,0.0398843930635838,0.3300970873786408,0.6699029126213593,1.978673219680786
nbs_intensity,threshold=2.0,hub,0.25,30,6,40,1730,30,35,10,1695,0.75,0.0202312138728323,0.4615384615384615,0.5384615384615384,1.5799643993377686
nbs_intensity,threshold=2.0,hub,0.25,30,8,40,1730,0,0,40,1730,0.0,0.0,0.0,0.0,1.5198407173156738
nbs_intensity,threshold=2.0,hub,0.25,30,7,40,1730,0,0,40,1730,0.0,0.0,0.0,0.0,2.4798684120178223
nbs_intensity,threshold=2.0,hub,0.25,30,5,40,1730,0,0,40,1730,0.0,0.0,0.0,0.0,3.1529881954193115
nbs_intensity,threshold=2.0,hub,0.25,30,9,40,1730,0,0,40,1730,0.0,0.0,0.0,0.0,1.5197491645812988
nbs_intensity,threshold=2.0,hub,0.25,30,10,40,1730,25,75,15,1655,0.625,0.0433526011560693,0.25,0.75,2.2915561199188232
nbs_intensity,threshold=2.0,hub,0.25,30,11,40,1730,34,61,6,1669,0.85,0.0352601156069364,0.3578947368421052,0.6421052631578947,1.5816049575805664
nbs_intensity,threshold=2.0,hub,0.25,30,13,40,1730,36,80,4,1650,0.9,0.0462427745664739,0.3103448275862069,0.6896551724137931,1.5238676071166992
nbs_intensity,threshold=2.0,hub,0.25,30,14,40,1730,0,0,40,1730,0.0,0.0,0.0,0.0,1.5382657051086426
nbs_intensity,threshold=2.0,hub,0.25,30,15,40,1730,0,0,40,1730,0.0,0.0,0.0,0.0,1.9605517387390137
nbs_intensity,threshold=2.0,hub,0.25,30,16,40,1730,33,52,7,1678,0.825,0.030057803468208,0.388235294117647,0.611764705882353,1.513627290725708
nbs_intensity,threshold=2.0,hub,0.25,30,12,40,1730,33,55,7,1675,0.825,0.0317919075144508,0.375,0.625,4.026994705200195
nbs_intensity,threshold=2.0,hub,0.25,30,17,40,1730,37,77,3,1653,0.925,0.0445086705202312,0.3245614035087719,0.6754385964912281,1.538573980331421
nbs_intensity,threshold=2.0,hub,0.25,30,19,40,1730,0,0,40,1730,0.0,0.0,0.0,0.0,1.5231177806854248
nbs_intensity,threshold=2.0,hub,0.25,30,18,40,1730,0,0,40,1730,0.0,0.0,0.0,0.0,1.8842313289642327
nbs_intensity,threshold=2.0,hub,0.25,30,21,40,1730,0,0,40,1730,0.0,0.0,0.0,0.0,1.5510563850402832
nbs_intensity,threshold=2.0,hub,0.25,30,20,40,1730,0,0,40,1730,0.0,0.0,0.0,0.0,2.3518595695495605
nbs_intensity,threshold=2.0,hub,0.25,30,23,40,1730,29,45,11,1685,0.725,0.0260115606936416,0.3918918918918919,0.6081081081081081,1.5570199489593506
nbs_intensity,threshold=2.0,hub,0.25,30,22,40,1730,0,0,40,1730,0.0,0.0,0.0,0.0,2.1675329208374023
nbs_intensity,threshold=2.0,hub,0.25,30,24,40,1730,0,0,40,1730,0.0,0.0,0.0,0.0,2.028766632080078
nbs_intensity,threshold=2.0,hub,0.25,30,25,40,1730,0,0,40,1730,0.0,0.0,0.0,0.0,1.7402408123016355
nbs_intensity,threshold=2.0,hub,0.25,30,26,40,1730,30,82,10,1648,0.75,0.0473988439306358,0.2678571428571428,0.7321428571428571,1.561809778213501
nbs_intensity,threshold=2.5,hub,0.25,30,0,40,1730,21,15,19,1715,0.525,0.0086705202312138,0.5833333333333334,0.4166666666666667,1.537428617477417
nbs_intensity,threshold=2.0,hub,0.25,30,27,40,1730,33,55,7,1675,0.825,0.0317919075144508,0.375,0.625,3.0362744331359863
nbs_intensity,threshold=2.0,hub,0.25,30,29,40,1730,35,46,5,1684,0.875,0.0265895953757225,0.4320987654320987,0.5679012345679012,2.368009090423584
nbs_intensity,threshold=2.0,hub,0.25,30,28,40,1730,37,66,3,1664,0.925,0.038150289017341,0.3592233009708738,0.6407766990291263,3.4732112884521484
nbs_intensity,threshold=2.5,hub,0.25,30,1,40,1730,19,4,21,1726,0.475,0.0023121387283236,0.8260869565217391,0.1739130434782608,1.5372304916381836
nbs_intensity,threshold=2.5,hub,0.25,30,3,40,1730,0,0,40,1730,0.0,0.0,0.0,0.0,1.8685863018035889
nbs_intensity,threshold=2.5,hub,0.25,30,2,40,1730,28,27,12,1703,0.7,0.0156069364161849,0.509090909090909,0.4909090909090909,2.7273457050323486
nbs_intensity,threshold=2.5,hub,0.25,30,5,40,1730,26,8,14,1722,0.65,0.0046242774566473,0.7647058823529411,0.2352941176470588,1.5469496250152588
nbs_intensity,threshold=2.5,hub,0.25,30,6,40,1730,27,11,13,1719,0.675,0.0063583815028901,0.7105263157894737,0.2894736842105263,1.5582404136657717
nbs_intensity,threshold=2.5,hub,0.25,30,8,40,1730,25,6,15,1724,0.625,0.0034682080924855,0.8064516129032258,0.1935483870967742,1.5371570587158203
nbs_intensity,threshold=2.5,hub,0.25,30,4,40,1730,28,26,12,1704,0.7,0.015028901734104,0.5185185185185185,0.4814814814814814,3.224299669265747
nbs_intensity,threshold=2.5,hub,0.25,30,9,40,1730,19,7,21,1723,0.475,0.0040462427745664,0.7307692307692307,0.2692307692307692,1.5253112316131592
nbs_intensity,threshold=2.5,hub,0.25,30,7,40,1730,0,0,40,1730,0.0,0.0,0.0,0.0,2.84915828704834
nbs_intensity,threshold=2.5,hub,0.25,30,10,40,1730,19,15,21,1715,0.475,0.0086705202312138,0.5588235294117647,0.4411764705882353,1.529588222503662
nbs_intensity,threshold=2.5,hub,0.25,30,12,40,1730,27,16,13,1714,0.675,0.0092485549132947,0.627906976744186,0.3720930232558139,1.5253148078918457
nbs_intensity,threshold=2.5,hub,0.25,30,11,40,1730,29,18,11,1712,0.725,0.0104046242774566,0.6170212765957447,0.3829787234042553,2.793691635131836
nbs_intensity,threshold=2.5,hub,0.25,30,14,40,1730,0,0,40,1730,0.0,0.0,0.0,0.0,1.559072971343994
nbs_intensity,threshold=2.5,hub,0.25,30,15,40,1730,0,0,40,1730,0.0,0.0,0.0,0.0,1.533348560333252
nbs_intensity,threshold=2.5,hub,0.25,30,13,40,1730,29,21,11,1709,0.725,0.0121387283236994,0.58,0.42,2.7925353050231934
nbs_intensity,threshold=2.5,hub,0.25,30,17,40,1730,35,24,5,1706,0.875,0.0138728323699421,0.5932203389830508,0.4067796610169492,1.4392061233520508
nbs_intensity,threshold=2.5,hub,0.25,30,16,40,1730,30,16,10,1714,0.75,0.0092485549132947,0.6521739130434783,0.3478260869565217,2.510989189147949
nbs_intensity,threshold=2.5,hub,0.25,30,18,40,1730,20,13,20,1717,0.5,0.007514450867052,0.6060606060606061,0.3939393939393939,1.536813497543335
nbs_intensity,threshold=2.5,hub,0.25,30,20,40,1730,0,0,40,1730,0.0,0.0,0.0,0.0,1.4331331253051758
nbs_intensity,threshold=2.5,hub,0.25,30,19,40,1730,21,4,19,1726,0.525,0.0023121387283236,0.84,0.16,2.461597204208374
nbs_intensity,threshold=2.5,hub,0.25,30,22,40,1730,0,0,40,1730,0.0,0.0,0.0,0.0,1.5311133861541748
nbs_intensity,threshold=2.5,hub,0.25,30,23,40,1730,25,12,15,1718,0.625,0.006936416184971,0.6756756756756757,0.3243243243243243,1.4357082843780518
nbs_intensity,threshold=2.5,hub,0.25,30,21,40,1730,0,0,40,1730,0.0,0.0,0.0,0.0,2.495058059692383
nbs_intensity,threshold=2.5,hub,0.25,30,24,40,1730,21,4,19,1726,0.525,0.0023121387283236,0.84,0.16,1.510645627975464
nbs_intensity,threshold=2.5,hub,0.25,30,25,40,1730,16,6,24,1724,0.4,0.0034682080924855,0.7272727272727273,0.2727272727272727,1.5229427814483645
nbs_intensity,threshold=2.5,hub,0.25,30,26,40,1730,24,38,16,1692,0.6,0.0219653179190751,0.3870967741935484,0.6129032258064516,1.5593035221099854
nbs_intensity,threshold=2.5,hub,0.25,30,27,40,1730,28,22,12,1708,0.7,0.0127167630057803,0.56,0.44,1.5114336013793943
nbs_intensity,threshold=2.5,hub,0.25,30,28,40,1730,31,21,9,1709,0.775,0.0121387283236994,0.5961538461538461,0.4038461538461538,1.4908607006072998
nbs_intensity,threshold=2.5,hub,0.25,30,29,40,1730,31,13,9,1717,0.775,0.007514450867052,0.7045454545454546,0.2954545454545454,1.5349600315093994
nbs_intensity,threshold=3.0,hub,0.25,30,0,40,1730,17,9,23,1721,0.425,0.0052023121387283,0.6538461538461539,0.3461538461538461,1.8393726348876955
nbs_intensity,threshold=3.0,hub,0.25,30,2,40,1730,20,11,20,1719,0.5,0.0063583815028901,0.6451612903225806,0.3548387096774194,1.42541241645813
nbs_intensity,threshold=3.0,hub,0.25,30,1,40,1730,13,0,27,1730,0.325,0.0,1.0,0.0,1.463759183883667
nbs_intensity,threshold=3.0,hub,0.25,30,3,40,1730,9,0,31,1730,0.225,0.0,1.0,0.0,2.000051975250244
nbs_intensity,threshold=3.0,hub,0.25,30,5,40,1730,18,0,22,1730,0.45,0.0,1.0,0.0,1.423600196838379
nbs_intensity,threshold=3.0,hub,0.25,30,4,40,1730,22,9,18,1721,0.55,0.0052023121387283,0.7096774193548387,0.2903225806451613,1.468112230300903
nbs_intensity,threshold=3.0,hub,0.25,30,6,40,1730,22,1,18,1729,0.55,0.0005780346820809,0.9565217391304348,0.0434782608695652,1.472379446029663
nbs_intensity,threshold=3.0,hub,0.25,30,7,40,1730,8,0,32,1730,0.2,0.0,1.0,0.0,1.5256247520446775
nbs_intensity,threshold=3.0,hub,0.25,30,8,40,1730,15,2,25,1728,0.375,0.0011560693641618,0.8823529411764706,0.1176470588235294,1.4212048053741455
nbs_intensity,threshold=3.0,hub,0.25,30,9,40,1730,12,3,28,1727,0.3,0.0017341040462427,0.8,0.2,1.5006272792816162
nbs_intensity,threshold=3.0,hub,0.25,30,10,40,1730,13,2,27,1728,0.325,0.0011560693641618,0.8666666666666667,0.1333333333333333,1.4959022998809814
nbs_intensity,threshold=3.0,hub,0.25,30,11,40,1730,21,2,19,1728,0.525,0.0011560693641618,0.9130434782608696,0.0869565217391304,1.464399337768555
nbs_intensity,threshold=3.0,hub,0.25,30,13,40,1730,23,9,17,1721,0.575,0.0052023121387283,0.71875,0.28125,1.4770612716674805
nbs_intensity,threshold=3.0,hub,0.25,30,12,40,1730,19,5,21,1725,0.475,0.0028901734104046,0.7916666666666666,0.2083333333333333,1.5870234966278076
nbs_intensity,threshold=3.0,hub,0.25,30,14,40,1730,9,1,31,1729,0.225,0.0005780346820809,0.9,0.1,1.4934024810791016
nbs_intensity,threshold=3.0,hub,0.25,30,15,40,1730,9,2,31,1728,0.225,0.0011560693641618,0.8181818181818182,0.1818181818181818,1.5567514896392822
nbs_intensity,threshold=3.0,hub,0.25,30,17,40,1730,27,8,13,1722,0.675,0.0046242774566473,0.7714285714285715,0.2285714285714285,1.425065040588379
nbs_intensity,threshold=3.0,hub,0.25,30,18,40,1730,11,0,29,1730,0.275,0.0,1.0,0.0,2.3663036823272705
nbs_intensity,threshold=3.0,hub,0.25,30,19,40,1730,12,1,28,1729,0.3,0.0005780346820809,0.9230769230769232,0.0769230769230769,1.4548661708831787
nbs_intensity,threshold=3.0,hub,0.25,30,20,40,1730,8,0,32,1730,0.2,0.0,1.0,0.0,1.432823657989502
nbs_intensity,threshold=3.0,hub,0.25,30,16,40,1730,23,6,17,1724,0.575,0.0034682080924855,0.7931034482758621,0.2068965517241379,2.885197877883911
nbs_intensity,threshold=3.0,hub,0.25,30,22,40,1730,9,0,31,1730,0.225,0.0,1.0,0.0,1.4802775382995603
nbs_intensity,threshold=3.0,hub,0.25,30,23,40,1730,16,2,24,1728,0.4,0.0011560693641618,0.8888888888888888,0.1111111111111111,1.4378910064697266
nbs_intensity,threshold=3.0,hub,0.25,30,24,40,1730,11,1,29,1729,0.275,0.0005780346820809,0.9166666666666666,0.0833333333333333,1.8069913387298584
nbs_intensity,threshold=3.0,hub,0.25,30,25,40,1730,12,2,28,1728,0.3,0.0011560693641618,0.8571428571428571,0.1428571428571428,1.456644058227539
nbs_intensity,threshold=3.0,hub,0.25,30,26,40,1730,21,14,19,1716,0.525,0.0080924855491329,0.6,0.4,1.442854642868042
nbs_intensity,threshold=3.0,hub,0.25,30,21,40,1730,12,0,28,1730,0.3,0.0,1.0,0.0,3.781882762908936
nbs_intensity,threshold=3.0,hub,0.25,30,27,40,1730,23,7,17,1723,0.575,0.0040462427745664,0.7666666666666667,0.2333333333333333,1.512315273284912
nbs_intensity,threshold=3.0,hub,0.25,30,28,40,1730,26,4,14,1726,0.65,0.0023121387283236,0.8666666666666667,0.1333333333333333,1.4616687297821045
nbs_intensity,threshold=3.0,hub,0.25,30,29,40,1730,22,1,18,1729,0.55,0.0005780346820809,0.9565217391304348,0.0434782608695652,1.448147535324097
nbs_intensity,threshold=3.5,hub,0.25,30,1,40,1730,3,0,37,1730,0.075,0.0,1.0,0.0,1.277601718902588
nbs_intensity,threshold=3.5,hub,0.25,30,0,40,1730,10,4,30,1726,0.25,0.0023121387283236,0.7142857142857143,0.2857142857142857,1.3091652393341064
nbs_intensity,threshold=3.5,hub,0.25,30,3,40,1730,5,0,35,1730,0.125,0.0,1.0,0.0,1.2541756629943848
nbs_intensity,threshold=3.5,hub,0.25,30,2,40,1730,13,6,27,1724,0.325,0.0034682080924855,0.6842105263157895,0.3157894736842105,1.348881483078003
nbs_intensity,threshold=3.5,hub,0.25,30,5,40,1730,10,0,30,1730,0.25,0.0,1.0,0.0,1.290327548980713
nbs_intensity,threshold=3.5,hub,0.25,30,4,40,1730,16,2,24,1728,0.4,0.0011560693641618,0.8888888888888888,0.1111111111111111,2.0129435062408447
nbs_intensity,threshold=3.5,hub,0.25,30,6,40,1730,14,0,26,1730,0.35,0.0,1.0,0.0,1.2554824352264404
nbs_intensity,threshold=3.5,hub,0.25,30,7,40,1730,3,0,37,1730,0.075,0.0,1.0,0.0,1.2961328029632568
nbs_intensity,threshold=3.5,hub,0.25,30,8,40,1730,9,0,31,1730,0.225,0.0,1.0,0.0,1.2867982387542725
nbs_intensity,threshold=3.5,hub,0.25,30,9,40,1730,7,0,33,1730,0.175,0.0,1.0,0.0,1.27587628364563
nbs_intensity,threshold=3.5,hub,0.25,30,10,40,1730,9,1,31,1729,0.225,0.0005780346820809,0.9,0.1,1.2465605735778809
nbs_intensity,threshold=3.5,hub,0.25,30,11,40,1730,15,1,25,1729,0.375,0.0005780346820809,0.9375,0.0625,1.4578399658203125
nbs_intensity,threshold=3.5,hub,0.25,30,12,40,1730,11,1,29,1729,0.275,0.0005780346820809,0.9166666666666666,0.0833333333333333,1.6090610027313232
nbs_intensity,threshold=3.5,hub,0.25,30,13,40,1730,12,3,28,1727,0.3,0.0017341040462427,0.8,0.2,1.2784647941589355
nbs_intensity,threshold=3.5,hub,0.25,30,14,40,1730,5,0,35,1730,0.125,0.0,1.0,0.0,1.2789597511291504
nbs_intensity,threshold=3.5,hub,0.25,30,15,40,1730,3,0,37,1730,0.075,0.0,1.0,0.0,1.2754743099212646
nbs_intensity,threshold=3.5,hub,0.25,30,16,40,1730,16,2,24,1728,0.4,0.0011560693641618,0.8888888888888888,0.1111111111111111,1.3767480850219729
nbs_intensity,threshold=3.5,hub,0.25,30,18,40,1730,7,0,33,1730,0.175,0.0,1.0,0.0,1.2787437438964844
nbs_intensity,threshold=3.5,hub,0.25,30,17,40,1730,17,4,23,1726,0.425,0.0023121387283236,0.8095238095238095,0.1904761904761904,1.8644206523895264
nbs_intensity,threshold=3.5,hub,0.25,30,20,40,1730,4,0,36,1730,0.1,0.0,1.0,0.0,1.359752178192139
nbs_intensity,threshold=3.5,hub,0.25,30,19,40,1730,9,0,31,1730,0.225,0.0,1.0,0.0,2.112628221511841
nbs_intensity,threshold=3.5,hub,0.25,30,23,40,1730,9,0,31,1730,0.225,0.0,1.0,0.0,1.4680728912353516
nbs_intensity,threshold=3.5,hub,0.25,30,21,40,1730,5,0,35,1730,0.125,0.0,1.0,0.0,2.6680238246917725
nbs_intensity,threshold=3.5,hub,0.25,30,24,40,1730,4,0,36,1730,0.1,0.0,1.0,0.0,1.5939185619354248
nbs_intensity,threshold=3.5,hub,0.25,30,22,40,1730,3,0,37,1730,0.075,0.0,1.0,0.0,2.557368755340576
nbs_intensity,threshold=3.5,hub,0.25,30,25,40,1730,6,2,34,1728,0.15,0.0011560693641618,0.75,0.25,1.4212427139282229
nbs_intensity,threshold=3.5,hub,0.25,30,27,40,1730,13,2,27,1728,0.325,0.0011560693641618,0.8666666666666667,0.1333333333333333,1.2644267082214355
nbs_intensity,threshold=3.5,hub,0.25,30,26,40,1730,12,4,28,1726,0.3,0.0023121387283236,0.75,0.25,2.204875469207764
cnbs,,hub,0.25,30,0,40,1730,0,0,40,1730,0.0,0.0,0.0,0.0,1.1766173839569092
nbs_intensity,threshold=3.5,hub,0.25,30,28,40,1730,17,0,23,1730,0.425,0.0,1.0,0.0,2.4947073459625244
nbs_intensity,threshold=3.5,hub,0.25,30,29,40,1730,16,1,24,1729,0.4,0.0005780346820809,0.9411764705882352,0.0588235294117647,1.7103850841522217
cnbs,,hub,0.25,30,2,40,1730,0,193,40,1537,0.0,0.1115606936416185,0.0,1.0,1.170506238937378
cnbs,,hub,0.25,30,1,40,1730,0,0,40,1730,0.0,0.0,0.0,0.0,1.5550122261047363
cnbs,,hub,0.25,30,3,40,1730,0,0,40,1730,0.0,0.0,0.0,0.0,1.5067181587219238
cnbs,,hub,0.25,30,4,40,1730,12,80,28,1650,0.3,0.0462427745664739,0.1304347826086956,0.8695652173913043,1.550326585769653
cnbs,,hub,0.25,30,5,40,1730,0,0,40,1730,0.0,0.0,0.0,0.0,1.1710524559020996
cnbs,,hub,0.25,30,6,40,1730,0,0,40,1730,0.0,0.0,0.0,0.0,1.1288957595825195
cnbs,,hub,0.25,30,8,40,1730,11,40,29,1690,0.275,0.0231213872832369,0.2156862745098039,0.7843137254901961,1.3433380126953125
cnbs,,hub,0.25,30,7,40,1730,0,0,40,1730,0.0,0.0,0.0,0.0,1.6750035285949707
cnbs,,hub,0.25,30,9,40,1730,0,0,40,1730,0.0,0.0,0.0,0.0,1.1873600482940674
cnbs,,hub,0.25,30,10,40,1730,0,0,40,1730,0.0,0.0,0.0,0.0,1.1585099697113037
cnbs,,hub,0.25,30,11,40,1730,8,59,32,1671,0.2,0.0341040462427745,0.1194029850746268,0.8805970149253731,1.2423467636108398
cnbs,,hub,0.25,30,13,40,1730,11,192,29,1538,0.275,0.1109826589595375,0.0541871921182266,0.9458128078817734,1.1747095584869385
cnbs,,hub,0.25,30,14,40,1730,0,0,40,1730,0.0,0.0,0.0,0.0,1.484872579574585
cnbs,,hub,0.25,30,12,40,1730,13,81,27,1649,0.325,0.0468208092485549,0.1382978723404255,0.8617021276595744,2.206495761871338
cnbs,,hub,0.25,30,16,40,1730,8,142,32,1588,0.2,0.0820809248554913,0.0533333333333333,0.9466666666666668,1.1765789985656738
cnbs,,hub,0.25,30,15,40,1730,0,0,40,1730,0.0,0.0,0.0,0.0,1.6751313209533691
cnbs,,hub,0.25,30,17,40,1730,8,169,32,1561,0.2,0.0976878612716763,0.0451977401129943,0.9548022598870056,1.212886095046997
cnbs,,hub,0.25,30,18,40,1730,0,0,40,1730,0.0,0.0,0.0,0.0,1.1941938400268557
cnbs,,hub,0.25,30,19,40,1730,9,66,31,1664,0.225,0.038150289017341,0.12,0.88,1.1675009727478027
cnbs,,hub,0.25,30,21,40,1730,0,0,40,1730,0.0,0.0,0.0,0.0,1.197685718536377
cnbs,,hub,0.25,30,22,40,1730,0,0,40,1730,0.0,0.0,0.0,0.0,1.158884048461914
cnbs,,hub,0.25,30,20,40,1730,9,61,31,1669,0.225,0.0352601156069364,0.1285714285714285,0.8714285714285714,2.0201003551483154
cnbs,,hub,0.25,30,23,40,1730,0,0,40,1730,0.0,0.0,0.0,0.0,1.167443037033081
cnbs,,hub,0.25,30,24,40,1730,0,0,40,1730,0.0,0.0,0.0,0.0,1.192113161087036
cnbs,,hub,0.25,30,27,40,1730,8,78,32,1652,0.2,0.0450867052023121,0.0930232558139534,0.9069767441860463,1.2955458164215088
cnbs,,hub,0.25,30,26,40,1730,0,174,40,1556,0.0,0.1005780346820809,0.0,1.0,1.374220609664917
cnbs,,hub,0.25,30,25,40,1730,0,0,40,1730,0.0,0.0,0.0,0.0,1.6035475730895996
cnbs,,hub,0.25,30,28,40,1730,10,64,30,1666,0.25,0.0369942196531791,0.1351351351351351,0.8648648648648649,1.6198079586029053
cnbs,,hub,0.25,30,29,40,1730,0,0,40,1730,0.0,0.0,0.0,0.0,1.1838514804840088
tstat,,hub,0.25,50,0,40,1730,9,0,31,1730,0.225,0.0,1.0,0.0,1.405644178390503
tstat,,hub,0.25,50,3,40,1730,4,0,36,1730,0.1,0.0,1.0,0.0,1.3464479446411133
tstat,,hub,0.25,50,1,40,1730,13,0,27,1730,0.325,0.0,1.0,0.0,5.48331093788147
tstat,,hub,0.25,50,2,40,1730,12,0,28,1730,0.3,0.0,1.0,0.0,5.569671630859375
tstat,,hub,0.25,50,4,40,1730,10,0,30,1730,0.25,0.0,1.0,0.0,5.048005819320679
tstat,,hub,0.25,50,5,40,1730,17,0,23,1730,0.425,0.0,1.0,0.0,4.008500814437866
tstat,,hub,0.25,50,6,40,1730,7,0,33,1730,0.175,0.0,1.0,0.0,2.380133390426636
tstat,,hub,0.25,50,10,40,1730,4,0,36,1730,0.1,0.0,1.0,0.0,1.1217772960662842
tstat,,hub,0.25,50,11,40,1730,11,0,29,1730,0.275,0.0,1.0,0.0,1.121480941772461
tstat,,hub,0.25,50,12,40,1730,10,0,30,1730,0.25,0.0,1.0,0.0,1.1354753971099854
tstat,,hub,0.25,50,8,40,1730,7,0,33,1730,0.175,0.0,1.0,0.0,4.87226414680481
tstat,,hub,0.25,50,9,40,1730,6,0,34,1730,0.15,0.0,1.0,0.0,5.146338224411011
tstat,,hub,0.25,50,13,40,1730,17,0,23,1730,0.425,0.0,1.0,0.0,1.1581919193267822
tstat,,hub,0.25,50,15,40,1730,9,1,31,1729,0.225,0.0005780346820809,0.9,0.1,1.114920139312744
tstat,,hub,0.25,50,7,40,1730,7,0,33,1730,0.175,0.0,1.0,0.0,7.223300457000732
tstat,,hub,0.25,50,16,40,1730,22,0,18,1730,0.55,0.0,1.0,0.0,1.1703593730926514
tstat,,hub,0.25,50,17,40,1730,16,0,24,1730,0.4,0.0,1.0,0.0,1.0084941387176514
tstat,,hub,0.25,50,14,40,1730,16,0,24,1730,0.4,0.0,1.0,0.0,3.2736852169036865
tstat,,hub,0.25,50,20,40,1730,7,0,33,1730,0.175,0.0,1.0,0.0,1.04579758644104
tstat,,hub,0.25,50,19,40,1730,10,0,30,1730,0.25,0.0,1.0,0.0,1.346616268157959
tstat,,hub,0.25,50,18,40,1730,11,0,29,1730,0.275,0.0,1.0,0.0,6.216579675674439
tstat,,hub,0.25,50,23,40,1730,18,0,22,1730,0.45,0.0,1.0,0.0,5.466942310333252
tstat,,hub,0.25,50,22,40,1730,5,0,35,1730,0.125,0.0,1.0,0.0,5.67621111869812
tstat,,hub,0.25,50,21,40,1730,7,0,33,1730,0.175,0.0,1.0,0.0,5.98481011390686
tstat,,hub,0.25,50,24,40,1730,12,0,28,1730,0.3,0.0,1.0,0.0,5.977050065994263
tstat,,hub,0.25,50,27,40,1730,16,0,24,1730,0.4,0.0,1.0,0.0,6.018171072006226
tstat,,hub,0.25,50,25,40,1730,9,0,31,1730,0.225,0.0,1.0,0.0,6.141301393508911
tstat,,hub,0.25,50,26,40,1730,14,0,26,1730,0.35,0.0,1.0,0.0,6.137111663818359
tstat,,hub,0.25,50,28,40,1730,11,0,29,1730,0.275,0.0,1.0,0.0,6.149673461914063
tstat,,hub,0.25,50,29,40,1730,13,0,27,1730,0.325,0.0,1.0,0.0,5.603014707565308
tfnbs,"e=0.05,h=0.5,n=30,start_thres=1.25",hub,0.25,30,4,40,1730,9,0,31,1730,0.225,0.0,1.0,0.0,7.404258490963415
tfnbs,"e=0.05,h=1.0,n=30,start_thres=1.25",hub,0.25,30,4,40,1730,9,0,31,1730,0.225,0.0,1.0,0.0,7.404258490963415
tfnbs,"e=0.05,h=2.0,n=30,start_thres=1.25",hub,0.25,30,4,40,1730,9,0,31,1730,0.225,0.0,1.0,0.0,7.404258490963415
tfnbs,"e=0.05,h=3.0,n=30,start_thres=1.25",hub,0.25,30,4,40,1730,9,0,31,1730,0.225,0.0,1.0,0.0,7.404258490963415
tfnbs,"e=0.05,h=4.0,n=30,start_thres=1.25",hub,0.25,30,4,40,1730,9,0,31,1730,0.225,0.0,1.0,0.0,7.404258490963415
tfnbs,"e=0.05,h=5.0,n=30,start_thres=1.25",hub,0.25,30,4,40,1730,8,0,32,1730,0.2,0.0,1.0,0.0,7.404258490963415
tfnbs,"e=0.05,h=6.0,n=30,start_thres=1.25",hub,0.25,30,4,40,1730,8,0,32,1730,0.2,0.0,1.0,0.0,7.404258490963415
tfnbs,"e=0.05,h=7.0,n=30,start_thres=1.25",hub,0.25,30,4,40,1730,8,0,32,1730,0.2,0.0,1.0,0.0,7.404258490963415
tfnbs,"e=0.05,h=8.0,n=30,start_thres=1.25",hub,0.25,30,4,40,1730,8,0,32,1730,0.2,0.0,1.0,0.0,7.404258490963415
tfnbs,"e=0.05,h=9.0,n=30,start_thres=1.25",hub,0.25,30,4,40,1730,8,0,32,1730,0.2,0.0,1.0,0.0,7.404258490963415
tfnbs,"e=0.05,h=10.0,n=30,start_thres=1.25",hub,0.25,30,4,40,1730,8,0,32,1730,0.2,0.0,1.0,0.0,7.404258490963415
tfnbs,"e=0.1,h=0.5,n=30,start_thres=1.25",hub,0.25,30,4,40,1730,12,0,28,1730,0.3,0.0,1.0,0.0,7.404258490963415
tfnbs,"e=0.1,h=1.0,n=30,start_thres=1.25",hub,0.25,30,4,40,1730,12,0,28,1730,0.3,0.0,1.0,0.0,7.404258490963415
tfnbs,"e=0.1,h=2.0,n=30,start_thres=1.25",hub,0.25,30,4,40,1730,11,0,29,1730,0.275,0.0,1.0,0.0,7.404258490963415
tfnbs,"e=0.1,h=3.0,n=30,start_thres=1.25",hub,0.25,30,4,40,1730,11,0,29,1730,0.275,0.0,1.0,0.0,7.404258490963415
tfnbs,"e=0.1,h=4.0,n=30,start_thres=1.25",hub,0.25,30,4,40,1730,9,0,31,1730,0.225,0.0,1.0,0.0,7.404258490963415
tfnbs,"e=0.1,h=5.0,n=30,start_thres=1.25",hub,0.25,30,4,40,1730,9,0,31,1730,0.225,0.0,1.0,0.0,7.404258490963415
tfnbs,"e=0.1,h=6.0,n=30,start_thres=1.25",hub,0.25,30,4,40,1730,9,0,31,1730,0.225,0.0,1.0,0.0,7.404258490963415
tfnbs,"e=0.1,h=7.0,n=30,start_thres=1.25",hub,0.25,30,4,40,1730,9,0,31,1730,0.225,0.0,1.0,0.0,7.404258490963415
tfnbs,"e=0.1,h=8.0,n=30,start_thres=1.25",hub,0.25,30,4,40,1730,9,0,31,1730,0.225,0.0,1.0,0.0,7.404258490963415
tfnbs,"e=0.1,h=9.0,n=30,start_thres=1.25",hub,0.25,30,4,40,1730,9,0,31,1730,0.225,0.0,1.0,0.0,7.404258490963415
tfnbs,"e=0.1,h=10.0,n=30,start_thres=1.25",hub,0.25,30,4,40,1730,9,0,31,1730,0.225,0.0,1.0,0.0,7.404258490963415
tfnbs,"e=0.2,h=0.5,n=30,start_thres=1.25",hub,0.25,30,4,40,1730,16,2,24,1728,0.4,0.0011560693641618,0.8888888888888888,0.1111111111111111,7.404258490963415
tfnbs,"e=0.2,h=1.0,n=30,start_thres=1.25",hub,0.25,30,4,40,1730,14,2,26,1728,0.35,0.0011560693641618,0.875,0.125,7.404258490963415
tfnbs,"e=0.2,h=2.0,n=30,start_thres=1.25",hub,0.25,30,4,40,1730,13,1,27,1729,0.325,0.0005780346820809,0.9285714285714286,0.0714285714285714,7.404258490963415
tfnbs,"e=0.2,h=3.0,n=30,start_thres=1.25",hub,0.25,30,4,40,1730,13,0,27,1730,0.325,0.0,1.0,0.0,7.404258490963415
tfnbs,"e=0.2,h=4.0,n=30,start_thres=1.25",hub,0.25,30,4,40,1730,12,0,28,1730,0.3,0.0,1.0,0.0,7.404258490963415
tfnbs,"e=0.2,h=5.0,n=30,start_thres=1.25",hub,0.25,30,4,40,1730,12,0,28,1730,0.3,0.0,1.0,0.0,7.404258490963415
tfnbs,"e=0.2,h=6.0,n=30,start_thres=1.25",hub,0.25,30,4,40,1730,11,0,29,1730,0.275,0.0,1.0,0.0,7.404258490963415
tfnbs,"e=0.2,h=7.0,n=30,start_thres=1.25",hub,0.25,30,4,40,1730,11,0,29,1730,0.275,0.0,1.0,0.0,7.404258490963415
tfnbs,"e=0.2,h=8.0,n=30,start_thres=1.25",hub,0.25,30,4,40,1730,11,0,29,1730,0.275,0.0,1.0,0.0,7.404258490963415
tfnbs,"e=0.2,h=9.0,n=30,start_thres=1.25",hub,0.25,30,4,40,1730,11,0,29,1730,0.275,0.0,1.0,0.0,7.404258490963415
tfnbs,"e=0.2,h=10.0,n=30,start_thres=1.25",hub,0.25,30,4,40,1730,9,0,31,1730,0.225,0.0,1.0,0.0,7.404258490963415
tfnbs,"e=0.3,h=0.5,n=30,start_thres=1.25",hub,0.25,30,4,40,1730,18,6,22,1724,0.45,0.0034682080924855,0.75,0.25,7.404258490963415
tfnbs,"e=0.3,h=1.0,n=30,start_thres=1.25",hub,0.25,30,4,40,1730,16,4,24,1726,0.4,0.0023121387283236,0.8,0.2,7.404258490963415
tfnbs,"e=0.3,h=2.0,n=30,start_thres=1.25",hub,0.25,30,4,40,1730,16,2,24,1728,0.4,0.0011560693641618,0.8888888888888888,0.1111111111111111,7.404258490963415
tfnbs,"e=0.3,h=3.0,n=30,start_thres=1.25",hub,0.25,30,4,40,1730,14,2,26,1728,0.35,0.0011560693641618,0.875,0.125,7.404258490963415
tfnbs,"e=0.3,h=4.0,n=30,start_thres=1.25",hub,0.25,30,4,40,1730,13,1,27,1729,0.325,0.0005780346820809,0.9285714285714286,0.0714285714285714,7.404258490963415
tfnbs,"e=0.3,h=5.0,n=30,start_thres=1.25",hub,0.25,30,4,40,1730,13,0,27,1730,0.325,0.0,1.0,0.0,7.404258490963415
tfnbs,"e=0.3,h=6.0,n=30,start_thres=1.25",hub,0.25,30,4,40,1730,13,0,27,1730,0.325,0.0,1.0,0.0,7.404258490963415
tfnbs,"e=0.3,h=7.0,n=30,start_thres=1.25",hub,0.25,30,4,40,1730,12,0,28,1730,0.3,0.0,1.0,0.0,7.404258490963415
tfnbs,"e=0.3,h=8.0,n=30,start_thres=1.25",hub,0.25,30,4,40,1730,12,0,28,1730,0.3,0.0,1.0,0.0,7.404258490963415
tfnbs,"e=0.3,h=9.0,n=30,start_thres=1.25",hub,0.25,30,4,40,1730,12,0,28,1730,0.3,0.0,1.0,0.0,7.404258490963415
tfnbs,"e=0.3,h=10.0,n=30,start_thres=1.25",hub,0.25,30,4,40,1730,11,0,29,1730,0.275,0.0,1.0,0.0,7.404258490963415
tfnbs,"e=0.4,h=0.5,n=30,start_thres=1.25",hub,0.25,30,4,40,1730,23,11,17,1719,0.575,0.0063583815028901,0.6764705882352942,0.3235294117647059,7.404258490963415
tfnbs,"e=0.4,h=1.0,n=30,start_thres=1.25",hub,0.25,30,4,40,1730,19,9,21,1721,0.475,0.0052023121387283,0.6785714285714286,0.3214285714285714,7.404258490963415
tfnbs,"e=0.4,h=2.0,n=30,start_thres=1.25",hub,0.25,30,4,40,1730,18,6,22,1724,0.45,0.0034682080924855,0.75,0.25,7.404258490963415
tfnbs,"e=0.4,h=3.0,n=30,start_thres=1.25",hub,0.25,30,4,40,1730,16,2,24,1728,0.4,0.0011560693641618,0.8888888888888888,0.1111111111111111,7.404258490963415
tfnbs,"e=0.4,h=4.0,n=30,start_thres=1.25",hub,0.25,30,4,40,1730,16,2,24,1728,0.4,0.0011560693641618,0.8888888888888888,0.1111111111111111,7.404258490963415
tfnbs,"e=0.4,h=5.0,n=30,start_thres=1.25",hub,0.25,30,4,40,1730,14,2,26,1728,0.35,0.0011560693641618,0.875,0.125,7.404258490963415
tfnbs,"e=0.4,h=6.0,n=30,start_thres=1.25",hub,0.25,30,4,40,1730,13,1,27,1729,0.325,0.0005780346820809,0.9285714285714286,0.0714285714285714,7.404258490963415
tfnbs,"e=0.4,h=7.0,n=30,start_thres=1.25",hub,0.25,30,4,40,1730,13,0,27,1730,0.325,0.0,1.0,0.0,7.404258490963415
tfnbs,"e=0.4,h=8.0,n=30,start_thres=1.25",hub,0.25,30,4,40,1730,13,0,27,1730,0.325,0.0,1.0,0.0,7.404258490963415
tfnbs,"e=0.4,h=9.0,n=30,start_thres=1.25",hub,0.25,30,4,40,1730,12,0,28,1730,0.3,0.0,1.0,0.0,7.404258490963415
tfnbs,"e=0.4,h=10.0,n=30,start_thres=1.25",hub,0.25,30,4,40,1730,12,0,28,1730,0.3,0.0,1.0,0.0,7.404258490963415
tfnbs,"e=0.5,h=0.5,n=30,start_thres=1.25",hub,0.25,30,4,40,1730,25,15,15,1715,0.625,0.0086705202312138,0.625,0.375,7.404258490963415
tfnbs,"e=0.5,h=1.0,n=30,start_thres=1.25",hub,0.25,30,4,40,1730,25,14,15,1716,0.625,0.0080924855491329,0.6410256410256411,0.358974358974359,7.404258490963415
tfnbs,"e=0.5,h=2.0,n=30,start_thres=1.25",hub,0.25,30,4,40,1730,23,11,17,1719,0.575,0.0063583815028901,0.6764705882352942,0.3235294117647059,7.404258490963415
tfnbs,"e=0.5,h=3.0,n=30,start_thres=1.25",hub,0.25,30,4,40,1730,18,6,22,1724,0.45,0.0034682080924855,0.75,0.25,7.404258490963415
tfnbs,"e=0.5,h=4.0,n=30,start_thres=1.25",hub,0.25,30,4,40,1730,16,4,24,1726,0.4,0.0023121387283236,0.8,0.2,7.404258490963415
tfnbs,"e=0.5,h=5.0,n=30,start_thres=1.25",hub,0.25,30,4,40,1730,16,2,24,1728,0.4,0.0011560693641618,0.8888888888888888,0.1111111111111111,7.404258490963415
tfnbs,"e=0.5,h=6.0,n=30,start_thres=1.25",hub,0.25,30,4,40,1730,16,2,24,1728,0.4,0.0011560693641618,0.8888888888888888,0.1111111111111111,7.404258490963415
tfnbs,"e=0.5,h=7.0,n=30,start_thres=1.25",hub,0.25,30,4,40,1730,14,2,26,1728,0.35,0.0011560693641618,0.875,0.125,7.404258490963415
tfnbs,"e=0.5,h=8.0,n=30,start_thres=1.25",hub,0.25,30,4,40,1730,13,1,27,1729,0.325,0.0005780346820809,0.9285714285714286,0.0714285714285714,7.404258490963415
tfnbs,"e=0.5,h=9.0,n=30,start_thres=1.25",hub,0.25,30,4,40,1730,13,0,27,1730,0.325,0.0,1.0,0.0,7.404258490963415
tfnbs,"e=0.5,h=10.0,n=30,start_thres=1.25",hub,0.25,30,4,40,1730,13,0,27,1730,0.325,0.0,1.0,0.0,7.404258490963415
tfnbs,"e=0.6,h=0.5,n=30,start_thres=1.25",hub,0.25,30,4,40,1730,27,17,13,1713,0.675,0.0098265895953757,0.6136363636363636,0.3863636363636363,7.404258490963415
tfnbs,"e=0.6,h=1.0,n=30,start_thres=1.25",hub,0.25,30,4,40,1730,27,17,13,1713,0.675,0.0098265895953757,0.6136363636363636,0.3863636363636363,7.404258490963415
tfnbs,"e=0.6,h=2.0,n=30,start_thres=1.25",hub,0.25,30,4,40,1730,25,15,15,1715,0.625,0.0086705202312138,0.625,0.375,7.404258490963415
tfnbs,"e=0.6,h=3.0,n=30,start_thres=1.25",hub,0.25,30,4,40,1730,23,11,17,1719,0.575,0.0063583815028901,0.6764705882352942,0.3235294117647059,7.404258490963415
tfnbs,"e=0.6,h=4.0,n=30,start_thres=1.25",hub,0.25,30,4,40,1730,19,7,21,1723,0.475,0.0040462427745664,0.7307692307692307,0.2692307692307692,7.404258490963415
tfnbs,"e=0.6,h=5.0,n=30,start_thres=1.25",hub,0.25,30,4,40,1730,16,4,24,1726,0.4,0.0023121387283236,0.8,0.2,7.404258490963415
tfnbs,"e=0.6,h=6.0,n=30,start_thres=1.25",hub,0.25,30,4,40,1730,16,2,24,1728,0.4,0.0011560693641618,0.8888888888888888,0.1111111111111111,7.404258490963415
tfnbs,"e=0.6,h=7.0,n=30,start_thres=1.25",hub,0.25,30,4,40,1730,16,2,24,1728,0.4,0.0011560693641618,0.8888888888888888,0.1111111111111111,7.404258490963415
tfnbs,"e=0.6,h=8.0,n=30,start_thres=1.25",hub,0.25,30,4,40,1730,14,2,26,1728,0.35,0.0011560693641618,0.875,0.125,7.404258490963415
tfnbs,"e=0.6,h=9.0,n=30,start_thres=1.25",hub,0.25,30,4,40,1730,14,2,26,1728,0.35,0.0011560693641618,0.875,0.125,7.404258490963415
tfnbs,"e=0.6,h=10.0,n=30,start_thres=1.25",hub,0.25,30,4,40,1730,13,0,27,1730,0.325,0.0,1.0,0.0,7.404258490963415
tfnbs,"e=0.7,h=0.5,n=30,start_thres=1.25",hub,0.25,30,4,40,1730,28,21,12,1709,0.7,0.0121387283236994,0.5714285714285714,0.4285714285714285,7.404258490963415
tfnbs,"e=0.7,h=1.0,n=30,start_thres=1.25",hub,0.25,30,4,40,1730,28,21,12,1709,0.7,0.0121387283236994,0.5714285714285714,0.4285714285714285,7.404258490963415
tfnbs,"e=0.7,h=2.0,n=30,start_thres=1.25",hub,0.25,30,4,40,1730,27,17,13,1713,0.675,0.0098265895953757,0.6136363636363636,0.3863636363636363,7.404258490963415
tfnbs,"e=0.7,h=3.0,n=30,start_thres=1.25",hub,0.25,30,4,40,1730,27,17,13,1713,0.675,0.0098265895953757,0.6136363636363636,0.3863636363636363,7.404258490963415
tfnbs,"e=0.7,h=4.0,n=30,start_thres=1.25",hub,0.25,30,4,40,1730,23,11,17,1719,0.575,0.0063583815028901,0.6764705882352942,0.3235294117647059,7.404258490963415
tfnbs,"e=0.7,h=5.0,n=30,start_thres=1.25",hub,0.25,30,4,40,1730,19,7,21,1723,0.475,0.0040462427745664,0.7307692307692307,0.2692307692307692,7.404258490963415
tfnbs,"e=0.7,h=6.0,n=30,start_thres=1.25",hub,0.25,30,4,40,1730,18,6,22,1724,0.45,0.0034682080924855,0.75,0.25,7.404258490963415
tfnbs,"e=0.7,h=7.0,n=30,start_thres=1.25",hub,0.25,30,4,40,1730,16,4,24,1726,0.4,0.0023121387283236,0.8,0.2,7.404258490963415
tfnbs,"e=0.7,h=8.0,n=30,start_thres=1.25",hub,0.25,30,4,40,1730,16,2,24,1728,0.4,0.0011560693641618,0.8888888888888888,0.1111111111111111,7.404258490963415
tfnbs,"e=0.7,h=9.0,n=30,start_thres=1.25",hub,0.25,30,4,40,1730,16,2,24,1728,0.4,0.0011560693641618,0.8888888888888888,0.1111111111111111,7.404258490963415
tfnbs,"e=0.7,h=10.0,n=30,start_thres=1.25",hub,0.25,30,4,40,1730,14,2,26,1728,0.35,0.0011560693641618,0.875,0.125,7.404258490963415
tfnbs,"e=0.8,h=0.5,n=30,start_thres=1.25",hub,0.25,30,4,40,1730,28,28,12,1702,0.7,0.0161849710982658,0.5,0.5,7.404258490963415
tfnbs,"e=0.8,h=1.0,n=30,start_thres=1.25",hub,0.25,30,4,40,1730,28,28,12,1702,0.7,0.0161849710982658,0.5,0.5,7.404258490963415
tfnbs,"e=0.8,h=2.0,n=30,start_thres=1.25",hub,0.25,30,4,40,1730,28,21,12,1709,0.7,0.0121387283236994,0.5714285714285714,0.4285714285714285,7.404258490963415
tfnbs,"e=0.8,h=3.0,n=30,start_thres=1.25",hub,0.25,30,4,40,1730,27,17,13,1713,0.675,0.0098265895953757,0.6136363636363636,0.3863636363636363,7.404258490963415
tfnbs,"e=0.8,h=4.0,n=30,start_thres=1.25",hub,0.25,30,4,40,1730,27,17,13,1713,0.675,0.0098265895953757,0.6136363636363636,0.3863636363636363,7.404258490963415
tfnbs,"e=0.8,h=5.0,n=30,start_thres=1.25",hub,0.25,30,4,40,1730,25,14,15,1716,0.625,0.0080924855491329,0.6410256410256411,0.358974358974359,7.404258490963415
tfnbs,"e=0.8,h=6.0,n=30,start_thres=1.25",hub,0.25,30,4,40,1730,19,7,21,1723,0.475,0.0040462427745664,0.7307692307692307,0.2692307692307692,7.404258490963415
tfnbs,"e=0.8,h=7.0,n=30,start_thres=1.25",hub,0.25,30,4,40,1730,18,6,22,1724,0.45,0.0034682080924855,0.75,0.25,7.404258490963415
tfnbs,"e=0.8,h=8.0,n=30,start_thres=1.25",hub,0.25,30,4,40,1730,16,4,24,1726,0.4,0.0023121387283236,0.8,0.2,7.404258490963415
tfnbs,"e=0.8,h=9.0,n=30,start_thres=1.25",hub,0.25,30,4,40,1730,16,2,24,1728,0.4,0.0011560693641618,0.8888888888888888,0.1111111111111111,7.404258490963415
tfnbs,"e=0.8,h=10.0,n=30,start_thres=1.25",hub,0.25,30,4,40,1730,16,2,24,1728,0.4,0.0011560693641618,0.8888888888888888,0.1111111111111111,7.404258490963415
tfnbs,"e=0.9,h=0.5,n=30,start_thres=1.25",hub,0.25,30,4,40,1730,28,28,12,1702,0.7,0.0161849710982658,0.5,0.5,7.404258490963415
tfnbs,"e=0.9,h=1.0,n=30,start_thres=1.25",hub,0.25,30,4,40,1730,28,28,12,1702,0.7,0.0161849710982658,0.5,0.5,7.404258490963415
tfnbs,"e=0.9,h=2.0,n=30,start_thres=1.25",hub,0.25,30,4,40,1730,28,28,12,1702,0.7,0.0161849710982658,0.5,0.5,7.404258490963415
tfnbs,"e=0.9,h=3.0,n=30,start_thres=1.25",hub,0.25,30,4,40,1730,28,21,12,1709,0.7,0.0121387283236994,0.5714285714285714,0.4285714285714285,7.404258490963415
tfnbs,"e=0.9,h=4.0,n=30,start_thres=1.25",hub,0.25,30,4,40,1730,28,21,12,1709,0.7,0.0121387283236994,0.5714285714285714,0.4285714285714285,7.404258490963415
tfnbs,"e=0.9,h=5.0,n=30,start_thres=1.25",hub,0.25,30,4,40,1730,27,17,13,1713,0.675,0.0098265895953757,0.6136363636363636,0.3863636363636363,7.404258490963415
tfnbs,"e=0.9,h=6.0,n=30,start_thres=1.25",hub,0.25,30,4,40,1730,25,14,15,1716,0.625,0.0080924855491329,0.6410256410256411,0.358974358974359,7.404258490963415
tfnbs,"e=0.9,h=7.0,n=30,start_thres=1.25",hub,0.25,30,4,40,1730,19,7,21,1723,0.475,0.0040462427745664,0.7307692307692307,0.2692307692307692,7.404258490963415
tfnbs,"e=0.9,h=8.0,n=30,start_thres=1.25",hub,0.25,30,4,40,1730,18,6,22,1724,0.45,0.0034682080924855,0.75,0.25,7.404258490963415
tfnbs,"e=0.9,h=9.0,n=30,start_thres=1.25",hub,0.25,30,4,40,1730,16,4,24,1726,0.4,0.0023121387283236,0.8,0.2,7.404258490963415
tfnbs,"e=0.9,h=10.0,n=30,start_thres=1.25",hub,0.25,30,4,40,1730,16,2,24,1728,0.4,0.0011560693641618,0.8888888888888888,0.1111111111111111,7.404258490963415
tfnbs,"e=1.0,h=0.5,n=30,start_thres=1.25",hub,0.25,30,4,40,1730,29,33,11,1697,0.725,0.0190751445086705,0.4677419354838709,0.532258064516129,7.404258490963415
tfnbs,"e=1.0,h=1.0,n=30,start_thres=1.25",hub,0.25,30,4,40,1730,29,33,11,1697,0.725,0.0190751445086705,0.4677419354838709,0.532258064516129,7.404258490963415
tfnbs,"e=1.0,h=2.0,n=30,start_thres=1.25",hub,0.25,30,4,40,1730,28,28,12,1702,0.7,0.0161849710982658,0.5,0.5,7.404258490963415
tfnbs,"e=1.0,h=3.0,n=30,start_thres=1.25",hub,0.25,30,4,40,1730,28,28,12,1702,0.7,0.0161849710982658,0.5,0.5,7.404258490963415
tfnbs,"e=1.0,h=4.0,n=30,start_thres=1.25",hub,0.25,30,4,40,1730,28,21,12,1709,0.7,0.0121387283236994,0.5714285714285714,0.4285714285714285,7.404258490963415
tfnbs,"e=1.0,h=5.0,n=30,start_thres=1.25",hub,0.25,30,4,40,1730,28,21,12,1709,0.7,0.0121387283236994,0.5714285714285714,0.4285714285714285,7.404258490963415
tfnbs,"e=1.0,h=6.0,n=30,start_thres=1.25",hub,0.25,30,4,40,1730,27,17,13,1713,0.675,0.0098265895953757,0.6136363636363636,0.3863636363636363,7.404258490963415
tfnbs,"e=1.0,h=7.0,n=30,start_thres=1.25",hub,0.25,30,4,40,1730,25,14,15,1716,0.625,0.0080924855491329,0.6410256410256411,0.358974358974359,7.404258490963415
tfnbs,"e=1.0,h=8.0,n=30,start_thres=1.25",hub,0.25,30,4,40,1730,23,10,17,1720,0.575,0.0057803468208092,0.696969696969697,0.303030303030303,7.404258490963415
tfnbs,"e=1.0,h=9.0,n=30,start_thres=1.25",hub,0.25,30,4,40,1730,18,6,22,1724,0.45,0.0034682080924855,0.75,0.25,7.404258490963415
tfnbs,"e=1.0,h=10.0,n=30,start_thres=1.25",hub,0.25,30,4,40,1730,16,4,24,1726,0.4,0.0023121387283236,0.8,0.2,7.404258490963415
tfnbs,"e=1.1,h=0.5,n=30,start_thres=1.25",hub,0.25,30,4,40,1730,29,33,11,1697,0.725,0.0190751445086705,0.4677419354838709,0.532258064516129,7.404258490963415
tfnbs,"e=1.1,h=1.0,n=30,start_thres=1.25",hub,0.25,30,4,40,1730,29,33,11,1697,0.725,0.0190751445086705,0.4677419354838709,0.532258064516129,7.404258490963415
tfnbs,"e=1.1,h=2.0,n=30,start_thres=1.25",hub,0.25,30,4,40,1730,29,33,11,1697,0.725,0.0190751445086705,0.4677419354838709,0.532258064516129,7.404258490963415
tfnbs,"e=1.1,h=3.0,n=30,start_thres=1.25",hub,0.25,30,4,40,1730,28,28,12,1702,0.7,0.0161849710982658,0.5,0.5,7.404258490963415
tfnbs,"e=1.1,h=4.0,n=30,start_thres=1.25",hub,0.25,30,4,40,1730,28,28,12,1702,0.7,0.0161849710982658,0.5,0.5,7.404258490963415
tfnbs,"e=1.1,h=5.0,n=30,start_thres=1.25",hub,0.25,30,4,40,1730,28,21,12,1709,0.7,0.0121387283236994,0.5714285714285714,0.4285714285714285,7.404258490963415
tfnbs,"e=1.1,h=6.0,n=30,start_thres=1.25",hub,0.25,30,4,40,1730,28,21,12,1709,0.7,0.0121387283236994,0.5714285714285714,0.4285714285714285,7.404258490963415
tfnbs,"e=1.1,h=7.0,n=30,start_thres=1.25",hub,0.25,30,4,40,1730,27,17,13,1713,0.675,0.0098265895953757,0.6136363636363636,0.3863636363636363,7.404258490963415
tfnbs,"e=1.1,h=8.0,n=30,start_thres=1.25",hub,0.25,30,4,40,1730,25,14,15,1716,0.625,0.0080924855491329,0.6410256410256411,0.358974358974359,7.404258490963415
tfnbs,"e=1.1,h=9.0,n=30,start_thres=1.25",hub,0.25,30,4,40,1730,23,10,17,1720,0.575,0.0057803468208092,0.696969696969697,0.303030303030303,7.404258490963415
tfnbs,"e=1.1,h=10.0,n=30,start_thres=1.25",hub,0.25,30,4,40,1730,18,6,22,1724,0.45,0.0034682080924855,0.75,0.25,7.404258490963415
tfnbs,"e=1.2,h=0.5,n=30,start_thres=1.25",hub,0.25,30,4,40,1730,29,44,11,1686,0.725,0.0254335260115606,0.3972602739726027,0.6027397260273972,7.404258490963415
tfnbs,"e=1.2,h=1.0,n=30,start_thres=1.25",hub,0.25,30,4,40,1730,29,44,11,1686,0.725,0.0254335260115606,0.3972602739726027,0.6027397260273972,7.404258490963415
tfnbs,"e=1.2,h=2.0,n=30,start_thres=1.25",hub,0.25,30,4,40,1730,29,33,11,1697,0.725,0.0190751445086705,0.4677419354838709,0.532258064516129,7.404258490963415
tfnbs,"e=1.2,h=3.0,n=30,start_thres=1.25",hub,0.25,30,4,40,1730,29,33,11,1697,0.725,0.0190751445086705,0.4677419354838709,0.532258064516129,7.404258490963415
tfnbs,"e=1.2,h=4.0,n=30,start_thres=1.25",hub,0.25,30,4,40,1730,28,28,12,1702,0.7,0.0161849710982658,0.5,0.5,7.404258490963415
tfnbs,"e=1.2,h=5.0,n=30,start_thres=1.25",hub,0.25,30,4,40,1730,28,28,12,1702,0.7,0.0161849710982658,0.5,0.5,7.404258490963415
tfnbs,"e=1.2,h=6.0,n=30,start_thres=1.25",hub,0.25,30,4,40,1730,28,21,12,1709,0.7,0.0121387283236994,0.5714285714285714,0.4285714285714285,7.404258490963415
tfnbs,"e=1.2,h=7.0,n=30,start_thres=1.25",hub,0.25,30,4,40,1730,27,17,13,1713,0.675,0.0098265895953757,0.6136363636363636,0.3863636363636363,7.404258490963415
tfnbs,"e=1.2,h=8.0,n=30,start_thres=1.25",hub,0.25,30,4,40,1730,27,17,13,1713,0.675,0.0098265895953757,0.6136363636363636,0.3863636363636363,7.404258490963415
tfnbs,"e=1.2,h=9.0,n=30,start_thres=1.25",hub,0.25,30,4,40,1730,25,14,15,1716,0.625,0.0080924855491329,0.6410256410256411,0.358974358974359,7.404258490963415
tfnbs,"e=1.2,h=10.0,n=30,start_thres=1.25",hub,0.25,30,4,40,1730,19,7,21,1723,0.475,0.0040462427745664,0.7307692307692307,0.2692307692307692,7.404258490963415
tfnbs,"e=1.3,h=0.5,n=30,start_thres=1.25",hub,0.25,30,4,40,1730,29,44,11,1686,0.725,0.0254335260115606,0.3972602739726027,0.6027397260273972,7.404258490963415
tfnbs,"e=1.3,h=1.0,n=30,start_thres=1.25",hub,0.25,30,4,40,1730,29,44,11,1686,0.725,0.0254335260115606,0.3972602739726027,0.6027397260273972,7.404258490963415
tfnbs,"e=1.3,h=2.0,n=30,start_thres=1.25",hub,0.25,30,4,40,1730,29,44,11,1686,0.725,0.0254335260115606,0.3972602739726027,0.6027397260273972,7.404258490963415
tfnbs,"e=1.3,h=3.0,n=30,start_thres=1.25",hub,0.25,30,4,40,1730,29,33,11,1697,0.725,0.0190751445086705,0.4677419354838709,0.532258064516129,7.404258490963415
tfnbs,"e=1.3,h=4.0,n=30,start_thres=1.25",hub,0.25,30,4,40,1730,29,33,11,1697,0.725,0.0190751445086705,0.4677419354838709,0.532258064516129,7.404258490963415
tfnbs,"e=1.3,h=5.0,n=30,start_thres=1.25",hub,0.25,30,4,40,1730,28,28,12,1702,0.7,0.0161849710982658,0.5,0.5,7.404258490963415
tfnbs,"e=1.3,h=6.0,n=30,start_thres=1.25",hub,0.25,30,4,40,1730,28,28,12,1702,0.7,0.0161849710982658,0.5,0.5,7.404258490963415
tfnbs,"e=1.3,h=7.0,n=30,start_thres=1.25",hub,0.25,30,4,40,1730,28,21,12,1709,0.7,0.0121387283236994,0.5714285714285714,0.4285714285714285,7.404258490963415
tfnbs,"e=1.3,h=8.0,n=30,start_thres=1.25",hub,0.25,30,4,40,1730,27,17,13,1713,0.675,0.0098265895953757,0.6136363636363636,0.3863636363636363,7.404258490963415
tfnbs,"e=1.3,h=9.0,n=30,start_thres=1.25",hub,0.25,30,4,40,1730,27,17,13,1713,0.675,0.0098265895953757,0.6136363636363636,0.3863636363636363,7.404258490963415
tfnbs,"e=1.3,h=10.0,n=30,start_thres=1.25",hub,0.25,30,4,40,1730,25,14,15,1716,0.625,0.0080924855491329,0.6410256410256411,0.358974358974359,7.404258490963415
tfnbs,"e=1.4,h=0.5,n=30,start_thres=1.25",hub,0.25,30,4,40,1730,29,44,11,1686,0.725,0.0254335260115606,0.3972602739726027,0.6027397260273972,7.404258490963415
tfnbs,"e=1.4,h=1.0,n=30,start_thres=1.25",hub,0.25,30,4,40,1730,29,44,11,1686,0.725,0.0254335260115606,0.3972602739726027,0.6027397260273972,7.404258490963415
tfnbs,"e=1.4,h=2.0,n=30,start_thres=1.25",hub,0.25,30,4,40,1730,29,44,11,1686,0.725,0.0254335260115606,0.3972602739726027,0.6027397260273972,7.404258490963415
tfnbs,"e=1.4,h=3.0,n=30,start_thres=1.25",hub,0.25,30,4,40,1730,29,44,11,1686,0.725,0.0254335260115606,0.3972602739726027,0.6027397260273972,7.404258490963415
tfnbs,"e=1.4,h=4.0,n=30,start_thres=1.25",hub,0.25,30,4,40,1730,29,33,11,1697,0.725,0.0190751445086705,0.4677419354838709,0.532258064516129,7.404258490963415
tfnbs,"e=1.4,h=5.0,n=30,start_thres=1.25",hub,0.25,30,4,40,1730,29,33,11,1697,0.725,0.0190751445086705,0.4677419354838709,0.532258064516129,7.404258490963415
tfnbs,"e=1.4,h=6.0,n=30,start_thres=1.25",hub,0.25,30,4,40,1730,28,28,12,1702,0.7,0.0161849710982658,0.5,0.5,7.404258490963415
tfnbs,"e=1.4,h=7.0,n=30,start_thres=1.25",hub,0.25,30,4,40,1730,28,28,12,1702,0.7,0.0161849710982658,0.5,0.5,7.404258490963415
tfnbs,"e=1.4,h=8.0,n=30,start_thres=1.25",hub,0.25,30,4,40,1730,28,21,12,1709,0.7,0.0121387283236994,0.5714285714285714,0.4285714285714285,7.404258490963415
tfnbs,"e=1.4,h=9.0,n=30,start_thres=1.25",hub,0.25,30,4,40,1730,27,17,13,1713,0.675,0.0098265895953757,0.6136363636363636,0.3863636363636363,7.404258490963415
tfnbs,"e=1.4,h=10.0,n=30,start_thres=1.25",hub,0.25,30,4,40,1730,27,17,13,1713,0.675,0.0098265895953757,0.6136363636363636,0.3863636363636363,7.404258490963415
tfnbs,"e=1.5,h=0.5,n=30,start_thres=1.25",hub,0.25,30,4,40,1730,29,44,11,1686,0.725,0.0254335260115606,0.3972602739726027,0.6027397260273972,7.404258490963415
tfnbs,"e=1.5,h=1.0,n=30,start_thres=1.25",hub,0.25,30,4,40,1730,29,44,11,1686,0.725,0.0254335260115606,0.3972602739726027,0.6027397260273972,7.404258490963415
tfnbs,"e=1.5,h=2.0,n=30,start_thres=1.25",hub,0.25,30,4,40,1730,29,44,11,1686,0.725,0.0254335260115606,0.3972602739726027,0.6027397260273972,7.404258490963415
tfnbs,"e=1.5,h=3.0,n=30,start_thres=1.25",hub,0.25,30,4,40,1730,29,44,11,1686,0.725,0.0254335260115606,0.3972602739726027,0.6027397260273972,7.404258490963415
tfnbs,"e=1.5,h=4.0,n=30,start_thres=1.25",hub,0.25,30,4,40,1730,29,44,11,1686,0.725,0.0254335260115606,0.3972602739726027,0.6027397260273972,7.404258490963415
tfnbs,"e=1.5,h=5.0,n=30,start_thres=1.25",hub,0.25,30,4,40,1730,29,33,11,1697,0.725,0.0190751445086705,0.4677419354838709,0.532258064516129,7.404258490963415
tfnbs,"e=1.5,h=6.0,n=30,start_thres=1.25",hub,0.25,30,4,40,1730,29,33,11,1697,0.725,0.0190751445086705,0.4677419354838709,0.532258064516129,7.404258490963415
tfnbs,"e=1.5,h=7.0,n=30,start_thres=1.25",hub,0.25,30,4,40,1730,28,28,12,1702,0.7,0.0161849710982658,0.5,0.5,7.404258490963415
tfnbs,"e=1.5,h=8.0,n=30,start_thres=1.25",hub,0.25,30,4,40,1730,28,28,12,1702,0.7,0.0161849710982658,0.5,0.5,7.404258490963415
tfnbs,"e=1.5,h=9.0,n=30,start_thres=1.25",hub,0.25,30,4,40,1730,28,21,12,1709,0.7,0.0121387283236994,0.5714285714285714,0.4285714285714285,7.404258490963415
tfnbs,"e=1.5,h=10.0,n=30,start_thres=1.25",hub,0.25,30,4,40,1730,27,17,13,1713,0.675,0.0098265895953757,0.6136363636363636,0.3863636363636363,7.404258490963415
tfnbs,"e=0.05,h=0.5,n=30,start_thres=1.25",hub,0.25,30,3,40,1730,2,0,38,1730,0.05,0.0,1.0,0.0,7.520318807526068
tfnbs,"e=0.05,h=1.0,n=30,start_thres=1.25",hub,0.25,30,3,40,1730,2,0,38,1730,0.05,0.0,1.0,0.0,7.520318807526068
tfnbs,"e=0.05,h=2.0,n=30,start_thres=1.25",hub,0.25,30,3,40,1730,2,0,38,1730,0.05,0.0,1.0,0.0,7.520318807526068
tfnbs,"e=0.05,h=3.0,n=30,start_thres=1.25",hub,0.25,30,3,40,1730,2,0,38,1730,0.05,0.0,1.0,0.0,7.520318807526068
tfnbs,"e=0.05,h=4.0,n=30,start_thres=1.25",hub,0.25,30,3,40,1730,2,0,38,1730,0.05,0.0,1.0,0.0,7.520318807526068
tfnbs,"e=0.05,h=5.0,n=30,start_thres=1.25",hub,0.25,30,3,40,1730,2,0,38,1730,0.05,0.0,1.0,0.0,7.520318807526068
tfnbs,"e=0.05,h=6.0,n=30,start_thres=1.25",hub,0.25,30,3,40,1730,2,0,38,1730,0.05,0.0,1.0,0.0,7.520318807526068
tfnbs,"e=0.05,h=7.0,n=30,start_thres=1.25",hub,0.25,30,3,40,1730,1,0,39,1730,0.025,0.0,1.0,0.0,7.520318807526068
tfnbs,"e=0.05,h=8.0,n=30,start_thres=1.25",hub,0.25,30,3,40,1730,1,0,39,1730,0.025,0.0,1.0,0.0,7.520318807526068
tfnbs,"e=0.05,h=9.0,n=30,start_thres=1.25",hub,0.25,30,3,40,1730,1,0,39,1730,0.025,0.0,1.0,0.0,7.520318807526068
tfnbs,"e=0.05,h=10.0,n=30,start_thres=1.25",hub,0.25,30,3,40,1730,1,0,39,1730,0.025,0.0,1.0,0.0,7.520318807526068
tfnbs,"e=0.1,h=0.5,n=30,start_thres=1.25",hub,0.25,30,3,40,1730,3,0,37,1730,0.075,0.0,1.0,0.0,7.520318807526068
tfnbs,"e=0.1,h=1.0,n=30,start_thres=1.25",hub,0.25,30,3,40,1730,3,0,37,1730,0.075,0.0,1.0,0.0,7.520318807526068
tfnbs,"e=0.1,h=2.0,n=30,start_thres=1.25",hub,0.25,30,3,40,1730,3,0,37,1730,0.075,0.0,1.0,0.0,7.520318807526068
tfnbs,"e=0.1,h=3.0,n=30,start_thres=1.25",hub,0.25,30,3,40,1730,3,0,37,1730,0.075,0.0,1.0,0.0,7.520318807526068
tfnbs,"e=0.1,h=4.0,n=30,start_thres=1.25",hub,0.25,30,3,40,1730,2,0,38,1730,0.05,0.0,1.0,0.0,7.520318807526068
tfnbs,"e=0.1,h=5.0,n=30,start_thres=1.25",hub,0.25,30,3,40,1730,2,0,38,1730,0.05,0.0,1.0,0.0,7.520318807526068
tfnbs,"e=0.1,h=6.0,n=30,start_thres=1.25",hub,0.25,30,3,40,1730,2,0,38,1730,0.05,0.0,1.0,0.0,7.520318807526068
tfnbs,"e=0.1,h=7.0,n=30,start_thres=1.25",hub,0.25,30,3,40,1730,2,0,38,1730,0.05,0.0,1.0,0.0,7.520318807526068
tfnbs,"e=0.1,h=8.0,n=30,start_thres=1.25",hub,0.25,30,3,40,1730,2,0,38,1730,0.05,0.0,1.0,0.0,7.520318807526068
tfnbs,"e=0.1,h=9.0,n=30,start_thres=1.25",hub,0.25,30,3,40,1730,2,0,38,1730,0.05,0.0,1.0,0.0,7.520318807526068
tfnbs,"e=0.1,h=10.0,n=30,start_thres=1.25",hub,0.25,30,3,40,1730,2,0,38,1730,0.05,0.0,1.0,0.0,7.520318807526068
tfnbs,"e=0.2,h=0.5,n=30,start_thres=1.25",hub,0.25,30,3,40,1730,4,0,36,1730,0.1,0.0,1.0,0.0,7.520318807526068
tfnbs,"e=0.2,h=1.0,n=30,start_thres=1.25",hub,0.25,30,3,40,1730,4,0,36,1730,0.1,0.0,1.0,0.0,7.520318807526068
tfnbs,"e=0.2,h=2.0,n=30,start_thres=1.25",hub,0.25,30,3,40,1730,4,0,36,1730,0.1,0.0,1.0,0.0,7.520318807526068
tfnbs,"e=0.2,h=3.0,n=30,start_thres=1.25",hub,0.25,30,3,40,1730,4,0,36,1730,0.1,0.0,1.0,0.0,7.520318807526068
tfnbs,"e=0.2,h=4.0,n=30,start_thres=1.25",hub,0.25,30,3,40,1730,4,0,36,1730,0.1,0.0,1.0,0.0,7.520318807526068
tfnbs,"e=0.2,h=5.0,n=30,start_thres=1.25",hub,0.25,30,3,40,1730,3,0,37,1730,0.075,0.0,1.0,0.0,7.520318807526068
tfnbs,"e=0.2,h=6.0,n=30,start_thres=1.25",hub,0.25,30,3,40,1730,3,0,37,1730,0.075,0.0,1.0,0.0,7.520318807526068
tfnbs,"e=0.2,h=7.0,n=30,start_thres=1.25",hub,0.25,30,3,40,1730,3,0,37,1730,0.075,0.0,1.0,0.0,7.520318807526068
tfnbs,"e=0.2,h=8.0,n=30,start_thres=1.25",hub,0.25,30,3,40,1730,2,0,38,1730,0.05,0.0,1.0,0.0,7.520318807526068
tfnbs,"e=0.2,h=9.0,n=30,start_thres=1.25",hub,0.25,30,3,40,1730,2,0,38,1730,0.05,0.0,1.0,0.0,7.520318807526068
tfnbs,"e=0.2,h=10.0,n=30,start_thres=1.25",hub,0.25,30,3,40,1730,2,0,38,1730,0.05,0.0,1.0,0.0,7.520318807526068
tfnbs,"e=0.3,h=0.5,n=30,start_thres=1.25",hub,0.25,30,3,40,1730,4,0,36,1730,0.1,0.0,1.0,0.0,7.520318807526068
tfnbs,"e=0.3,h=1.0,n=30,start_thres=1.25",hub,0.25,30,3,40,1730,4,0,36,1730,0.1,0.0,1.0,0.0,7.520318807526068
tfnbs,"e=0.3,h=2.0,n=30,start_thres=1.25",hub,0.25,30,3,40,1730,4,0,36,1730,0.1,0.0,1.0,0.0,7.520318807526068
tfnbs,"e=0.3,h=3.0,n=30,start_thres=1.25",hub,0.25,30,3,40,1730,4,0,36,1730,0.1,0.0,1.0,0.0,7.520318807526068
tfnbs,"e=0.3,h=4.0,n=30,start_thres=1.25",hub,0.25,30,3,40,1730,4,0,36,1730,0.1,0.0,1.0,0.0,7.520318807526068
tfnbs,"e=0.3,h=5.0,n=30,start_thres=1.25",hub,0.25,30,3,40,1730,4,0,36,1730,0.1,0.0,1.0,0.0,7.520318807526068
tfnbs,"e=0.3,h=6.0,n=30,start_thres=1.25",hub,0.25,30,3,40,1730,4,0,36,1730,0.1,0.0,1.0,0.0,7.520318807526068
tfnbs,"e=0.3,h=7.0,n=30,start_thres=1.25",hub,0.25,30,3,40,1730,4,0,36,1730,0.1,0.0,1.0,0.0,7.520318807526068
tfnbs,"e=0.3,h=8.0,n=30,start_thres=1.25",hub,0.25,30,3,40,1730,3,0,37,1730,0.075,0.0,1.0,0.0,7.520318807526068
tfnbs,"e=0.3,h=9.0,n=30,start_thres=1.25",hub,0.25,30,3,40,1730,3,0,37,1730,0.075,0.0,1.0,0.0,7.520318807526068
tfnbs,"e=0.3,h=10.0,n=30,start_thres=1.25",hub,0.25,30,3,40,1730,3,0,37,1730,0.075,0.0,1.0,0.0,7.520318807526068
tfnbs,"e=0.4,h=0.5,n=30,start_thres=1.25",hub,0.25,30,3,40,1730,4,0,36,1730,0.1,0.0,1.0,0.0,7.520318807526068
tfnbs,"e=0.4,h=1.0,n=30,start_thres=1.25",hub,0.25,30,3,40,1730,4,0,36,1730,0.1,0.0,1.0,0.0,7.520318807526068
tfnbs,"e=0.4,h=2.0,n=30,start_thres=1.25",hub,0.25,30,3,40,1730,4,0,36,1730,0.1,0.0,1.0,0.0,7.520318807526068
tfnbs,"e=0.4,h=3.0,n=30,start_thres=1.25",hub,0.25,30,3,40,1730,4,0,36,1730,0.1,0.0,1.0,0.0,7.520318807526068
tfnbs,"e=0.4,h=4.0,n=30,start_thres=1.25",hub,0.25,30,3,40,1730,4,0,36,1730,0.1,0.0,1.0,0.0,7.520318807526068
tfnbs,"e=0.4,h=5.0,n=30,start_thres=1.25",hub,0.25,30,3,40,1730,4,0,36,1730,0.1,0.0,1.0,0.0,7.520318807526068
tfnbs,"e=0.4,h=6.0,n=30,start_thres=1.25",hub,0.25,30,3,40,1730,4,0,36,1730,0.1,0.0,1.0,0.0,7.520318807526068
tfnbs,"e=0.4,h=7.0,n=30,start_thres=1.25",hub,0.25,30,3,40,1730,4,0,36,1730,0.1,0.0,1.0,0.0,7.520318807526068
tfnbs,"e=0.4,h=8.0,n=30,start_thres=1.25",hub,0.25,30,3,40,1730,4,0,36,1730,0.1,0.0,1.0,0.0,7.520318807526068
tfnbs,"e=0.4,h=9.0,n=30,start_thres=1.25",hub,0.25,30,3,40,1730,4,0,36,1730,0.1,0.0,1.0,0.0,7.520318807526068
tfnbs,"e=0.4,h=10.0,n=30,start_thres=1.25",hub,0.25,30,3,40,1730,3,0,37,1730,0.075,0.0,1.0,0.0,7.520318807526068
tfnbs,"e=0.5,h=0.5,n=30,start_thres=1.25",hub,0.25,30,3,40,1730,4,0,36,1730,0.1,0.0,1.0,0.0,7.520318807526068
tfnbs,"e=0.5,h=1.0,n=30,start_thres=1.25",hub,0.25,30,3,40,1730,4,0,36,1730,0.1,0.0,1.0,0.0,7.520318807526068
tfnbs,"e=0.5,h=2.0,n=30,start_thres=1.25",hub,0.25,30,3,40,1730,4,0,36,1730,0.1,0.0,1.0,0.0,7.520318807526068
tfnbs,"e=0.5,h=3.0,n=30,start_thres=1.25",hub,0.25,30,3,40,1730,4,0,36,1730,0.1,0.0,1.0,0.0,7.520318807526068
tfnbs,"e=0.5,h=4.0,n=30,start_thres=1.25",hub,0.25,30,3,40,1730,4,0,36,1730,0.1,0.0,1.0,0.0,7.520318807526068
tfnbs,"e=0.5,h=5.0,n=30,start_thres=1.25",hub,0.25,30,3,40,1730,4,0,36,1730,0.1,0.0,1.0,0.0,7.520318807526068
tfnbs,"e=0.5,h=6.0,n=30,start_thres=1.25",hub,0.25,30,3,40,1730,4,0,36,1730,0.1,0.0,1.0,0.0,7.520318807526068
tfnbs,"e=0.5,h=7.0,n=30,start_thres=1.25",hub,0.25,30,3,40,1730,4,0,36,1730,0.1,0.0,1.0,0.0,7.520318807526068
tfnbs,"e=0.5,h=8.0,n=30,start_thres=1.25",hub,0.25,30,3,40,1730,4,0,36,1730,0.1,0.0,1.0,0.0,7.520318807526068
tfnbs,"e=0.5,h=9.0,n=30,start_thres=1.25",hub,0.25,30,3,40,1730,4,0,36,1730,0.1,0.0,1.0,0.0,7.520318807526068
tfnbs,"e=0.5,h=10.0,n=30,start_thres=1.25",hub,0.25,30,3,40,1730,4,0,36,1730,0.1,0.0,1.0,0.0,7.520318807526068
tfnbs,"e=0.6,h=0.5,n=30,start_thres=1.25",hub,0.25,30,3,40,1730,1,0,39,1730,0.025,0.0,1.0,0.0,7.520318807526068
tfnbs,"e=0.6,h=1.0,n=30,start_thres=1.25",hub,0.25,30,3,40,1730,4,0,36,1730,0.1,0.0,1.0,0.0,7.520318807526068
tfnbs,"e=0.6,h=2.0,n=30,start_thres=1.25",hub,0.25,30,3,40,1730,4,0,36,1730,0.1,0.0,1.0,0.0,7.520318807526068
tfnbs,"e=0.6,h=3.0,n=30,start_thres=1.25",hub,0.25,30,3,40,1730,4,0,36,1730,0.1,0.0,1.0,0.0,7.520318807526068
tfnbs,"e=0.6,h=4.0,n=30,start_thres=1.25",hub,0.25,30,3,40,1730,5,0,35,1730,0.125,0.0,1.0,0.0,7.520318807526068
tfnbs,"e=0.6,h=5.0,n=30,start_thres=1.25",hub,0.25,30,3,40,1730,4,0,36,1730,0.1,0.0,1.0,0.0,7.520318807526068
tfnbs,"e=0.6,h=6.0,n=30,start_thres=1.25",hub,0.25,30,3,40,1730,4,0,36,1730,0.1,0.0,1.0,0.0,7.520318807526068
tfnbs,"e=0.6,h=7.0,n=30,start_thres=1.25",hub,0.25,30,3,40,1730,4,0,36,1730,0.1,0.0,1.0,0.0,7.520318807526068
tfnbs,"e=0.6,h=8.0,n=30,start_thres=1.25",hub,0.25,30,3,40,1730,4,0,36,1730,0.1,0.0,1.0,0.0,7.520318807526068
tfnbs,"e=0.6,h=9.0,n=30,start_thres=1.25",hub,0.25,30,3,40,1730,4,0,36,1730,0.1,0.0,1.0,0.0,7.520318807526068
tfnbs,"e=0.6,h=10.0,n=30,start_thres=1.25",hub,0.25,30,3,40,1730,4,0,36,1730,0.1,0.0,1.0,0.0,7.520318807526068
tfnbs,"e=0.7,h=0.5,n=30,start_thres=1.25",hub,0.25,30,3,40,1730,0,0,40,1730,0.0,0.0,0.0,0.0,7.520318807526068
tfnbs,"e=0.7,h=1.0,n=30,start_thres=1.25",hub,0.25,30,3,40,1730,1,0,39,1730,0.025,0.0,1.0,0.0,7.520318807526068
tfnbs,"e=0.7,h=2.0,n=30,start_thres=1.25",hub,0.25,30,3,40,1730,4,0,36,1730,0.1,0.0,1.0,0.0,7.520318807526068
tfnbs,"e=0.7,h=3.0,n=30,start_thres=1.25",hub,0.25,30,3,40,1730,4,0,36,1730,0.1,0.0,1.0,0.0,7.520318807526068
tfnbs,"e=0.7,h=4.0,n=30,start_thres=1.25",hub,0.25,30,3,40,1730,5,0,35,1730,0.125,0.0,1.0,0.0,7.520318807526068
tfnbs,"e=0.7,h=5.0,n=30,start_thres=1.25",hub,0.25,30,3,40,1730,5,0,35,1730,0.125,0.0,1.0,0.0,7.520318807526068
tfnbs,"e=0.7,h=6.0,n=30,start_thres=1.25",hub,0.25,30,3,40,1730,4,0,36,1730,0.1,0.0,1.0,0.0,7.520318807526068
tfnbs,"e=0.7,h=7.0,n=30,start_thres=1.25",hub,0.25,30,3,40,1730,4,0,36,1730,0.1,0.0,1.0,0.0,7.520318807526068
tfnbs,"e=0.7,h=8.0,n=30,start_thres=1.25",hub,0.25,30,3,40,1730,4,0,36,1730,0.1,0.0,1.0,0.0,7.520318807526068
tfnbs,"e=0.7,h=9.0,n=30,start_thres=1.25",hub,0.25,30,3,40,1730,4,0,36,1730,0.1,0.0,1.0,0.0,7.520318807526068
tfnbs,"e=0.7,h=10.0,n=30,start_thres=1.25",hub,0.25,30,3,40,1730,4,0,36,1730,0.1,0.0,1.0,0.0,7.520318807526068
tfnbs,"e=0.8,h=0.5,n=30,start_thres=1.25",hub,0.25,30,3,40,1730,0,0,40,1730,0.0,0.0,0.0,0.0,7.520318807526068
tfnbs,"e=0.8,h=1.0,n=30,start_thres=1.25",hub,0.25,30,3,40,1730,0,0,40,1730,0.0,0.0,0.0,0.0,7.520318807526068
tfnbs,"e=0.8,h=2.0,n=30,start_thres=1.25",hub,0.25,30,3,40,1730,4,0,36,1730,0.1,0.0,1.0,0.0,7.520318807526068
tfnbs,"e=0.8,h=3.0,n=30,start_thres=1.25",hub,0.25,30,3,40,1730,4,0,36,1730,0.1,0.0,1.0,0.0,7.520318807526068
tfnbs,"e=0.8,h=4.0,n=30,start_thres=1.25",hub,0.25,30,3,40,1730,5,0,35,1730,0.125,0.0,1.0,0.0,7.520318807526068
tfnbs,"e=0.8,h=5.0,n=30,start_thres=1.25",hub,0.25,30,3,40,1730,5,0,35,1730,0.125,0.0,1.0,0.0,7.520318807526068
tfnbs,"e=0.8,h=6.0,n=30,start_thres=1.25",hub,0.25,30,3,40,1730,5,0,35,1730,0.125,0.0,1.0,0.0,7.520318807526068
tfnbs,"e=0.8,h=7.0,n=30,start_thres=1.25",hub,0.25,30,3,40,1730,4,0,36,1730,0.1,0.0,1.0,0.0,7.520318807526068
tfnbs,"e=0.8,h=8.0,n=30,start_thres=1.25",hub,0.25,30,3,40,1730,4,0,36,1730,0.1,0.0,1.0,0.0,7.520318807526068
tfnbs,"e=0.8,h=9.0,n=30,start_thres=1.25",hub,0.25,30,3,40,1730,4,0,36,1730,0.1,0.0,1.0,0.0,7.520318807526068
tfnbs,"e=0.8,h=10.0,n=30,start_thres=1.25",hub,0.25,30,3,40,1730,4,0,36,1730,0.1,0.0,1.0,0.0,7.520318807526068
tfnbs,"e=0.9,h=0.5,n=30,start_thres=1.25",hub,0.25,30,3,40,1730,0,0,40,1730,0.0,0.0,0.0,0.0,7.520318807526068
tfnbs,"e=0.9,h=1.0,n=30,start_thres=1.25",hub,0.25,30,3,40,1730,0,0,40,1730,0.0,0.0,0.0,0.0,7.520318807526068
tfnbs,"e=0.9,h=2.0,n=30,start_thres=1.25",hub,0.25,30,3,40,1730,1,0,39,1730,0.025,0.0,1.0,0.0,7.520318807526068
tfnbs,"e=0.9,h=3.0,n=30,start_thres=1.25",hub,0.25,30,3,40,1730,4,0,36,1730,0.1,0.0,1.0,0.0,7.520318807526068
tfnbs,"e=0.9,h=4.0,n=30,start_thres=1.25",hub,0.25,30,3,40,1730,4,0,36,1730,0.1,0.0,1.0,0.0,7.520318807526068
tfnbs,"e=0.9,h=5.0,n=30,start_thres=1.25",hub,0.25,30,3,40,1730,5,0,35,1730,0.125,0.0,1.0,0.0,7.520318807526068
tfnbs,"e=0.9,h=6.0,n=30,start_thres=1.25",hub,0.25,30,3,40,1730,5,0,35,1730,0.125,0.0,1.0,0.0,7.520318807526068
tfnbs,"e=0.9,h=7.0,n=30,start_thres=1.25",hub,0.25,30,3,40,1730,5,0,35,1730,0.125,0.0,1.0,0.0,7.520318807526068
tfnbs,"e=0.9,h=8.0,n=30,start_thres=1.25",hub,0.25,30,3,40,1730,5,0,35,1730,0.125,0.0,1.0,0.0,7.520318807526068
tfnbs,"e=0.9,h=9.0,n=30,start_thres=1.25",hub,0.25,30,3,40,1730,4,0,36,1730,0.1,0.0,1.0,0.0,7.520318807526068
tfnbs,"e=0.9,h=10.0,n=30,start_thres=1.25",hub,0.25,30,3,40,1730,4,0,36,1730,0.1,0.0,1.0,0.0,7.520318807526068
tfnbs,"e=1.0,h=0.5,n=30,start_thres=1.25",hub,0.25,30,3,40,1730,0,0,40,1730,0.0,0.0,0.0,0.0,7.520318807526068
tfnbs,"e=1.0,h=1.0,n=30,start_thres=1.25",hub,0.25,30,3,40,1730,0,0,40,1730,0.0,0.0,0.0,0.0,7.520318807526068
tfnbs,"e=1.0,h=2.0,n=30,start_thres=1.25",hub,0.25,30,3,40,1730,0,0,40,1730,0.0,0.0,0.0,0.0,7.520318807526068
tfnbs,"e=1.0,h=3.0,n=30,start_thres=1.25",hub,0.25,30,3,40,1730,4,0,36,1730,0.1,0.0,1.0,0.0,7.520318807526068
tfnbs,"e=1.0,h=4.0,n=30,start_thres=1.25",hub,0.25,30,3,40,1730,4,0,36,1730,0.1,0.0,1.0,0.0,7.520318807526068
tfnbs,"e=1.0,h=5.0,n=30,start_thres=1.25",hub,0.25,30,3,40,1730,5,0,35,1730,0.125,0.0,1.0,0.0,7.520318807526068
tfnbs,"e=1.0,h=6.0,n=30,start_thres=1.25",hub,0.25,30,3,40,1730,5,0,35,1730,0.125,0.0,1.0,0.0,7.520318807526068
tfnbs,"e=1.0,h=7.0,n=30,start_thres=1.25",hub,0.25,30,3,40,1730,5,0,35,1730,0.125,0.0,1.0,0.0,7.520318807526068
tfnbs,"e=1.0,h=8.0,n=30,start_thres=1.25",hub,0.25,30,3,40,1730,5,0,35,1730,0.125,0.0,1.0,0.0,7.520318807526068
tfnbs,"e=1.0,h=9.0,n=30,start_thres=1.25",hub,0.25,30,3,40,1730,5,0,35,1730,0.125,0.0,1.0,0.0,7.520318807526068
tfnbs,"e=1.0,h=10.0,n=30,start_thres=1.25",hub,0.25,30,3,40,1730,4,0,36,1730,0.1,0.0,1.0,0.0,7.520318807526068
tfnbs,"e=1.1,h=0.5,n=30,start_thres=1.25",hub,0.25,30,3,40,1730,0,0,40,1730,0.0,0.0,0.0,0.0,7.520318807526068
tfnbs,"e=1.1,h=1.0,n=30,start_thres=1.25",hub,0.25,30,3,40,1730,0,0,40,1730,0.0,0.0,0.0,0.0,7.520318807526068
tfnbs,"e=1.1,h=2.0,n=30,start_thres=1.25",hub,0.25,30,3,40,1730,0,0,40,1730,0.0,0.0,0.0,0.0,7.520318807526068
tfnbs,"e=1.1,h=3.0,n=30,start_thres=1.25",hub,0.25,30,3,40,1730,0,0,40,1730,0.0,0.0,0.0,0.0,7.520318807526068
tfnbs,"e=1.1,h=4.0,n=30,start_thres=1.25",hub,0.25,30,3,40,1730,4,0,36,1730,0.1,0.0,1.0,0.0,7.520318807526068
tfnbs,"e=1.1,h=5.0,n=30,start_thres=1.25",hub,0.25,30,3,40,1730,4,0,36,1730,0.1,0.0,1.0,0.0,7.520318807526068
tfnbs,"e=1.1,h=6.0,n=30,start_thres=1.25",hub,0.25,30,3,40,1730,5,0,35,1730,0.125,0.0,1.0,0.0,7.520318807526068
tfnbs,"e=1.1,h=7.0,n=30,start_thres=1.25",hub,0.25,30,3,40,1730,5,0,35,1730,0.125,0.0,1.0,0.0,7.520318807526068
tfnbs,"e=1.1,h=8.0,n=30,start_thres=1.25",hub,0.25,30,3,40,1730,5,0,35,1730,0.125,0.0,1.0,0.0,7.520318807526068
tfnbs,"e=1.1,h=9.0,n=30,start_thres=1.25",hub,0.25,30,3,40,1730,5,0,35,1730,0.125,0.0,1.0,0.0,7.520318807526068
tfnbs,"e=1.1,h=10.0,n=30,start_thres=1.25",hub,0.25,30,3,40,1730,5,0,35,1730,0.125,0.0,1.0,0.0,7.520318807526068
tfnbs,"e=1.2,h=0.5,n=30,start_thres=1.25",hub,0.25,30,3,40,1730,0,0,40,1730,0.0,0.0,0.0,0.0,7.520318807526068
tfnbs,"e=1.2,h=1.0,n=30,start_thres=1.25",hub,0.25,30,3,40,1730,0,0,40,1730,0.0,0.0,0.0,0.0,7.520318807526068
tfnbs,"e=1.2,h=2.0,n=30,start_thres=1.25",hub,0.25,30,3,40,1730,0,0,40,1730,0.0,0.0,0.0,0.0,7.520318807526068
tfnbs,"e=1.2,h=3.0,n=30,start_thres=1.25",hub,0.25,30,3,40,1730,0,0,40,1730,0.0,0.0,0.0,0.0,7.520318807526068
tfnbs,"e=1.2,h=4.0,n=30,start_thres=1.25",hub,0.25,30,3,40,1730,3,0,37,1730,0.075,0.0,1.0,0.0,7.520318807526068
tfnbs,"e=1.2,h=5.0,n=30,start_thres=1.25",hub,0.25,30,3,40,1730,4,0,36,1730,0.1,0.0,1.0,0.0,7.520318807526068
tfnbs,"e=1.2,h=6.0,n=30,start_thres=1.25",hub,0.25,30,3,40,1730,5,0,35,1730,0.125,0.0,1.0,0.0,7.520318807526068
tfnbs,"e=1.2,h=7.0,n=30,start_thres=1.25",hub,0.25,30,3,40,1730,5,0,35,1730,0.125,0.0,1.0,0.0,7.520318807526068
tfnbs,"e=1.2,h=8.0,n=30,start_thres=1.25",hub,0.25,30,3,40,1730,5,0,35,1730,0.125,0.0,1.0,0.0,7.520318807526068
tfnbs,"e=1.2,h=9.0,n=30,start_thres=1.25",hub,0.25,30,3,40,1730,5,0,35,1730,0.125,0.0,1.0,0.0,7.520318807526068
tfnbs,"e=1.2,h=10.0,n=30,start_thres=1.25",hub,0.25,30,3,40,1730,5,0,35,1730,0.125,0.0,1.0,0.0,7.520318807526068
tfnbs,"e=1.3,h=0.5,n=30,start_thres=1.25",hub,0.25,30,3,40,1730,0,0,40,1730,0.0,0.0,0.0,0.0,7.520318807526068
tfnbs,"e=1.3,h=1.0,n=30,start_thres=1.25",hub,0.25,30,3,40,1730,0,0,40,1730,0.0,0.0,0.0,0.0,7.520318807526068
tfnbs,"e=1.3,h=2.0,n=30,start_thres=1.25",hub,0.25,30,3,40,1730,0,0,40,1730,0.0,0.0,0.0,0.0,7.520318807526068
tfnbs,"e=1.3,h=3.0,n=30,start_thres=1.25",hub,0.25,30,3,40,1730,0,0,40,1730,0.0,0.0,0.0,0.0,7.520318807526068
tfnbs,"e=1.3,h=4.0,n=30,start_thres=1.25",hub,0.25,30,3,40,1730,0,0,40,1730,0.0,0.0,0.0,0.0,7.520318807526068
tfnbs,"e=1.3,h=5.0,n=30,start_thres=1.25",hub,0.25,30,3,40,1730,4,0,36,1730,0.1,0.0,1.0,0.0,7.520318807526068
tfnbs,"e=1.3,h=6.0,n=30,start_thres=1.25",hub,0.25,30,3,40,1730,4,0,36,1730,0.1,0.0,1.0,0.0,7.520318807526068
tfnbs,"e=1.3,h=7.0,n=30,start_thres=1.25",hub,0.25,30,3,40,1730,5,0,35,1730,0.125,0.0,1.0,0.0,7.520318807526068
tfnbs,"e=1.3,h=8.0,n=30,start_thres=1.25",hub,0.25,30,3,40,1730,5,0,35,1730,0.125,0.0,1.0,0.0,7.520318807526068
tfnbs,"e=1.3,h=9.0,n=30,start_thres=1.25",hub,0.25,30,3,40,1730,5,0,35,1730,0.125,0.0,1.0,0.0,7.520318807526068
tfnbs,"e=1.3,h=10.0,n=30,start_thres=1.25",hub,0.25,30,3,40,1730,5,0,35,1730,0.125,0.0,1.0,0.0,7.520318807526068
tfnbs,"e=1.4,h=0.5,n=30,start_thres=1.25",hub,0.25,30,3,40,1730,0,0,40,1730,0.0,0.0,0.0,0.0,7.520318807526068
tfnbs,"e=1.4,h=1.0,n=30,start_thres=1.25",hub,0.25,30,3,40,1730,0,0,40,1730,0.0,0.0,0.0,0.0,7.520318807526068
tfnbs,"e=1.4,h=2.0,n=30,start_thres=1.25",hub,0.25,30,3,40,1730,0,0,40,1730,0.0,0.0,0.0,0.0,7.520318807526068
tfnbs,"e=1.4,h=3.0,n=30,start_thres=1.25",hub,0.25,30,3,40,1730,0,0,40,1730,0.0,0.0,0.0,0.0,7.520318807526068
tfnbs,"e=1.4,h=4.0,n=30,start_thres=1.25",hub,0.25,30,3,40,1730,0,0,40,1730,0.0,0.0,0.0,0.0,7.520318807526068
tfnbs,"e=1.4,h=5.0,n=30,start_thres=1.25",hub,0.25,30,3,40,1730,3,0,37,1730,0.075,0.0,1.0,0.0,7.520318807526068
tfnbs,"e=1.4,h=6.0,n=30,start_thres=1.25",hub,0.25,30,3,40,1730,4,0,36,1730,0.1,0.0,1.0,0.0,7.520318807526068
tfnbs,"e=1.4,h=7.0,n=30,start_thres=1.25",hub,0.25,30,3,40,1730,5,0,35,1730,0.125,0.0,1.0,0.0,7.520318807526068
tfnbs,"e=1.4,h=8.0,n=30,start_thres=1.25",hub,0.25,30,3,40,1730,5,0,35,1730,0.125,0.0,1.0,0.0,7.520318807526068
tfnbs,"e=1.4,h=9.0,n=30,start_thres=1.25",hub,0.25,30,3,40,1730,5,0,35,1730,0.125,0.0,1.0,0.0,7.520318807526068
tfnbs,"e=1.4,h=10.0,n=30,start_thres=1.25",hub,0.25,30,3,40,1730,5,0,35,1730,0.125,0.0,1.0,0.0,7.520318807526068
tfnbs,"e=1.5,h=0.5,n=30,start_thres=1.25",hub,0.25,30,3,40,1730,0,0,40,1730,0.0,0.0,0.0,0.0,7.520318807526068
tfnbs,"e=1.5,h=1.0,n=30,start_thres=1.25",hub,0.25,30,3,40,1730,0,0,40,1730,0.0,0.0,0.0,0.0,7.520318807526068
tfnbs,"e=1.5,h=2.0,n=30,start_thres=1.25",hub,0.25,30,3,40,1730,0,0,40,1730,0.0,0.0,0.0,0.0,7.520318807526068
tfnbs,"e=1.5,h=3.0,n=30,start_thres=1.25",hub,0.25,30,3,40,1730,0,0,40,1730,0.0,0.0,0.0,0.0,7.520318807526068
tfnbs,"e=1.5,h=4.0,n=30,start_thres=1.25",hub,0.25,30,3,40,1730,0,0,40,1730,0.0,0.0,0.0,0.0,7.520318807526068
tfnbs,"e=1.5,h=5.0,n=30,start_thres=1.25",hub,0.25,30,3,40,1730,0,0,40,1730,0.0,0.0,0.0,0.0,7.520318807526068
tfnbs,"e=1.5,h=6.0,n=30,start_thres=1.25",hub,0.25,30,3,40,1730,4,0,36,1730,0.1,0.0,1.0,0.0,7.520318807526068
tfnbs,"e=1.5,h=7.0,n=30,start_thres=1.25",hub,0.25,30,3,40,1730,5,0,35,1730,0.125,0.0,1.0,0.0,7.520318807526068
tfnbs,"e=1.5,h=8.0,n=30,start_thres=1.25",hub,0.25,30,3,40,1730,5,0,35,1730,0.125,0.0,1.0,0.0,7.520318807526068
tfnbs,"e=1.5,h=9.0,n=30,start_thres=1.25",hub,0.25,30,3,40,1730,5,0,35,1730,0.125,0.0,1.0,0.0,7.520318807526068
tfnbs,"e=1.5,h=10.0,n=30,start_thres=1.25",hub,0.25,30,3,40,1730,5,0,35,1730,0.125,0.0,1.0,0.0,7.520318807526068
tfnbs,"e=0.05,h=0.5,n=30,start_thres=1.25",hub,0.25,30,2,40,1730,4,2,36,1728,0.1,0.0011560693641618,0.6666666666666666,0.3333333333333333,7.557054946368391
tfnbs,"e=0.05,h=1.0,n=30,start_thres=1.25",hub,0.25,30,2,40,1730,4,2,36,1728,0.1,0.0011560693641618,0.6666666666666666,0.3333333333333333,7.557054946368391
tfnbs,"e=0.05,h=2.0,n=30,start_thres=1.25",hub,0.25,30,2,40,1730,4,2,36,1728,0.1,0.0011560693641618,0.6666666666666666,0.3333333333333333,7.557054946368391
tfnbs,"e=0.05,h=3.0,n=30,start_thres=1.25",hub,0.25,30,2,40,1730,4,2,36,1728,0.1,0.0011560693641618,0.6666666666666666,0.3333333333333333,7.557054946368391
tfnbs,"e=0.05,h=4.0,n=30,start_thres=1.25",hub,0.25,30,2,40,1730,4,2,36,1728,0.1,0.0011560693641618,0.6666666666666666,0.3333333333333333,7.557054946368391
tfnbs,"e=0.05,h=5.0,n=30,start_thres=1.25",hub,0.25,30,2,40,1730,4,1,36,1729,0.1,0.0005780346820809,0.8,0.2,7.557054946368391
tfnbs,"e=0.05,h=6.0,n=30,start_thres=1.25",hub,0.25,30,2,40,1730,4,1,36,1729,0.1,0.0005780346820809,0.8,0.2,7.557054946368391
tfnbs,"e=0.05,h=7.0,n=30,start_thres=1.25",hub,0.25,30,2,40,1730,4,1,36,1729,0.1,0.0005780346820809,0.8,0.2,7.557054946368391
tfnbs,"e=0.05,h=8.0,n=30,start_thres=1.25",hub,0.25,30,2,40,1730,4,1,36,1729,0.1,0.0005780346820809,0.8,0.2,7.557054946368391
tfnbs,"e=0.05,h=9.0,n=30,start_thres=1.25",hub,0.25,30,2,40,1730,4,1,36,1729,0.1,0.0005780346820809,0.8,0.2,7.557054946368391
tfnbs,"e=0.05,h=10.0,n=30,start_thres=1.25",hub,0.25,30,2,40,1730,4,1,36,1729,0.1,0.0005780346820809,0.8,0.2,7.557054946368391
tfnbs,"e=0.1,h=0.5,n=30,start_thres=1.25",hub,0.25,30,2,40,1730,4,2,36,1728,0.1,0.0011560693641618,0.6666666666666666,0.3333333333333333,7.557054946368391
tfnbs,"e=0.1,h=1.0,n=30,start_thres=1.25",hub,0.25,30,2,40,1730,4,2,36,1728,0.1,0.0011560693641618,0.6666666666666666,0.3333333333333333,7.557054946368391
tfnbs,"e=0.1,h=2.0,n=30,start_thres=1.25",hub,0.25,30,2,40,1730,4,2,36,1728,0.1,0.0011560693641618,0.6666666666666666,0.3333333333333333,7.557054946368391
tfnbs,"e=0.1,h=3.0,n=30,start_thres=1.25",hub,0.25,30,2,40,1730,4,2,36,1728,0.1,0.0011560693641618,0.6666666666666666,0.3333333333333333,7.557054946368391
tfnbs,"e=0.1,h=4.0,n=30,start_thres=1.25",hub,0.25,30,2,40,1730,4,2,36,1728,0.1,0.0011560693641618,0.6666666666666666,0.3333333333333333,7.557054946368391
tfnbs,"e=0.1,h=5.0,n=30,start_thres=1.25",hub,0.25,30,2,40,1730,4,2,36,1728,0.1,0.0011560693641618,0.6666666666666666,0.3333333333333333,7.557054946368391
tfnbs,"e=0.1,h=6.0,n=30,start_thres=1.25",hub,0.25,30,2,40,1730,4,2,36,1728,0.1,0.0011560693641618,0.6666666666666666,0.3333333333333333,7.557054946368391
tfnbs,"e=0.1,h=7.0,n=30,start_thres=1.25",hub,0.25,30,2,40,1730,4,2,36,1728,0.1,0.0011560693641618,0.6666666666666666,0.3333333333333333,7.557054946368391
tfnbs,"e=0.1,h=8.0,n=30,start_thres=1.25",hub,0.25,30,2,40,1730,4,1,36,1729,0.1,0.0005780346820809,0.8,0.2,7.557054946368391
tfnbs,"e=0.1,h=9.0,n=30,start_thres=1.25",hub,0.25,30,2,40,1730,4,1,36,1729,0.1,0.0005780346820809,0.8,0.2,7.557054946368391
tfnbs,"e=0.1,h=10.0,n=30,start_thres=1.25",hub,0.25,30,2,40,1730,4,1,36,1729,0.1,0.0005780346820809,0.8,0.2,7.557054946368391
tfnbs,"e=0.2,h=0.5,n=30,start_thres=1.25",hub,0.25,30,2,40,1730,14,7,26,1723,0.35,0.0040462427745664,0.6666666666666666,0.3333333333333333,7.557054946368391
tfnbs,"e=0.2,h=1.0,n=30,start_thres=1.25",hub,0.25,30,2,40,1730,7,4,33,1726,0.175,0.0023121387283236,0.6363636363636364,0.3636363636363636,7.557054946368391
tfnbs,"e=0.2,h=2.0,n=30,start_thres=1.25",hub,0.25,30,2,40,1730,7,4,33,1726,0.175,0.0023121387283236,0.6363636363636364,0.3636363636363636,7.557054946368391
tfnbs,"e=0.2,h=3.0,n=30,start_thres=1.25",hub,0.25,30,2,40,1730,4,3,36,1727,0.1,0.0017341040462427,0.5714285714285714,0.4285714285714285,7.557054946368391
tfnbs,"e=0.2,h=4.0,n=30,start_thres=1.25",hub,0.25,30,2,40,1730,4,2,36,1728,0.1,0.0011560693641618,0.6666666666666666,0.3333333333333333,7.557054946368391
tfnbs,"e=0.2,h=5.0,n=30,start_thres=1.25",hub,0.25,30,2,40,1730,4,2,36,1728,0.1,0.0011560693641618,0.6666666666666666,0.3333333333333333,7.557054946368391
tfnbs,"e=0.2,h=6.0,n=30,start_thres=1.25",hub,0.25,30,2,40,1730,4,2,36,1728,0.1,0.0011560693641618,0.6666666666666666,0.3333333333333333,7.557054946368391
tfnbs,"e=0.2,h=7.0,n=30,start_thres=1.25",hub,0.25,30,2,40,1730,4,2,36,1728,0.1,0.0011560693641618,0.6666666666666666,0.3333333333333333,7.557054946368391
tfnbs,"e=0.2,h=8.0,n=30,start_thres=1.25",hub,0.25,30,2,40,1730,4,2,36,1728,0.1,0.0011560693641618,0.6666666666666666,0.3333333333333333,7.557054946368391
tfnbs,"e=0.2,h=9.0,n=30,start_thres=1.25",hub,0.25,30,2,40,1730,4,2,36,1728,0.1,0.0011560693641618,0.6666666666666666,0.3333333333333333,7.557054946368391
tfnbs,"e=0.2,h=10.0,n=30,start_thres=1.25",hub,0.25,30,2,40,1730,4,2,36,1728,0.1,0.0011560693641618,0.6666666666666666,0.3333333333333333,7.557054946368391
tfnbs,"e=0.3,h=0.5,n=30,start_thres=1.25",hub,0.25,30,2,40,1730,17,10,23,1720,0.425,0.0057803468208092,0.6296296296296297,0.3703703703703703,7.557054946368391
tfnbs,"e=0.3,h=1.0,n=30,start_thres=1.25",hub,0.25,30,2,40,1730,17,10,23,1720,0.425,0.0057803468208092,0.6296296296296297,0.3703703703703703,7.557054946368391
tfnbs,"e=0.3,h=2.0,n=30,start_thres=1.25",hub,0.25,30,2,40,1730,14,7,26,1723,0.35,0.0040462427745664,0.6666666666666666,0.3333333333333333,7.557054946368391
tfnbs,"e=0.3,h=3.0,n=30,start_thres=1.25",hub,0.25,30,2,40,1730,7,4,33,1726,0.175,0.0023121387283236,0.6363636363636364,0.3636363636363636,7.557054946368391
tfnbs,"e=0.3,h=4.0,n=30,start_thres=1.25",hub,0.25,30,2,40,1730,7,4,33,1726,0.175,0.0023121387283236,0.6363636363636364,0.3636363636363636,7.557054946368391
tfnbs,"e=0.3,h=5.0,n=30,start_thres=1.25",hub,0.25,30,2,40,1730,4,3,36,1727,0.1,0.0017341040462427,0.5714285714285714,0.4285714285714285,7.557054946368391
tfnbs,"e=0.3,h=6.0,n=30,start_thres=1.25",hub,0.25,30,2,40,1730,4,3,36,1727,0.1,0.0017341040462427,0.5714285714285714,0.4285714285714285,7.557054946368391
tfnbs,"e=0.3,h=7.0,n=30,start_thres=1.25",hub,0.25,30,2,40,1730,4,2,36,1728,0.1,0.0011560693641618,0.6666666666666666,0.3333333333333333,7.557054946368391
tfnbs,"e=0.3,h=8.0,n=30,start_thres=1.25",hub,0.25,30,2,40,1730,4,2,36,1728,0.1,0.0011560693641618,0.6666666666666666,0.3333333333333333,7.557054946368391
tfnbs,"e=0.3,h=9.0,n=30,start_thres=1.25",hub,0.25,30,2,40,1730,4,2,36,1728,0.1,0.0011560693641618,0.6666666666666666,0.3333333333333333,7.557054946368391
tfnbs,"e=0.3,h=10.0,n=30,start_thres=1.25",hub,0.25,30,2,40,1730,4,2,36,1728,0.1,0.0011560693641618,0.6666666666666666,0.3333333333333333,7.557054946368391
tfnbs,"e=0.4,h=0.5,n=30,start_thres=1.25",hub,0.25,30,2,40,1730,21,12,19,1718,0.525,0.006936416184971,0.6363636363636364,0.3636363636363636,7.557054946368391
tfnbs,"e=0.4,h=1.0,n=30,start_thres=1.25",hub,0.25,30,2,40,1730,19,11,21,1719,0.475,0.0063583815028901,0.6333333333333333,0.3666666666666666,7.557054946368391
tfnbs,"e=0.4,h=2.0,n=30,start_thres=1.25",hub,0.25,30,2,40,1730,19,11,21,1719,0.475,0.0063583815028901,0.6333333333333333,0.3666666666666666,7.557054946368391
tfnbs,"e=0.4,h=3.0,n=30,start_thres=1.25",hub,0.25,30,2,40,1730,15,8,25,1722,0.375,0.0046242774566473,0.6521739130434783,0.3478260869565217,7.557054946368391
tfnbs,"e=0.4,h=4.0,n=30,start_thres=1.25",hub,0.25,30,2,40,1730,14,7,26,1723,0.35,0.0040462427745664,0.6666666666666666,0.3333333333333333,7.557054946368391
tfnbs,"e=0.4,h=5.0,n=30,start_thres=1.25",hub,0.25,30,2,40,1730,7,4,33,1726,0.175,0.0023121387283236,0.6363636363636364,0.3636363636363636,7.557054946368391
tfnbs,"e=0.4,h=6.0,n=30,start_thres=1.25",hub,0.25,30,2,40,1730,7,4,33,1726,0.175,0.0023121387283236,0.6363636363636364,0.3636363636363636,7.557054946368391
tfnbs,"e=0.4,h=7.0,n=30,start_thres=1.25",hub,0.25,30,2,40,1730,4,3,36,1727,0.1,0.0017341040462427,0.5714285714285714,0.4285714285714285,7.557054946368391
tfnbs,"e=0.4,h=8.0,n=30,start_thres=1.25",hub,0.25,30,2,40,1730,4,3,36,1727,0.1,0.0017341040462427,0.5714285714285714,0.4285714285714285,7.557054946368391
tfnbs,"e=0.4,h=9.0,n=30,start_thres=1.25",hub,0.25,30,2,40,1730,4,2,36,1728,0.1,0.0011560693641618,0.6666666666666666,0.3333333333333333,7.557054946368391
tfnbs,"e=0.4,h=10.0,n=30,start_thres=1.25",hub,0.25,30,2,40,1730,4,2,36,1728,0.1,0.0011560693641618,0.6666666666666666,0.3333333333333333,7.557054946368391
tfnbs,"e=0.5,h=0.5,n=30,start_thres=1.25",hub,0.25,30,2,40,1730,24,21,16,1709,0.6,0.0121387283236994,0.5333333333333333,0.4666666666666667,7.557054946368391
tfnbs,"e=0.5,h=1.0,n=30,start_thres=1.25",hub,0.25,30,2,40,1730,22,18,18,1712,0.55,0.0104046242774566,0.55,0.45,7.557054946368391
tfnbs,"e=0.5,h=2.0,n=30,start_thres=1.25",hub,0.25,30,2,40,1730,21,11,19,1719,0.525,0.0063583815028901,0.65625,0.34375,7.557054946368391
tfnbs,"e=0.5,h=3.0,n=30,start_thres=1.25",hub,0.25,30,2,40,1730,19,11,21,1719,0.475,0.0063583815028901,0.6333333333333333,0.3666666666666666,7.557054946368391
tfnbs,"e=0.5,h=4.0,n=30,start_thres=1.25",hub,0.25,30,2,40,1730,17,10,23,1720,0.425,0.0057803468208092,0.6296296296296297,0.3703703703703703,7.557054946368391
tfnbs,"e=0.5,h=5.0,n=30,start_thres=1.25",hub,0.25,30,2,40,1730,15,8,25,1722,0.375,0.0046242774566473,0.6521739130434783,0.3478260869565217,7.557054946368391
tfnbs,"e=0.5,h=6.0,n=30,start_thres=1.25",hub,0.25,30,2,40,1730,14,7,26,1723,0.35,0.0040462427745664,0.6666666666666666,0.3333333333333333,7.557054946368391
tfnbs,"e=0.5,h=7.0,n=30,start_thres=1.25",hub,0.25,30,2,40,1730,7,4,33,1726,0.175,0.0023121387283236,0.6363636363636364,0.3636363636363636,7.557054946368391
tfnbs,"e=0.5,h=8.0,n=30,start_thres=1.25",hub,0.25,30,2,40,1730,7,4,33,1726,0.175,0.0023121387283236,0.6363636363636364,0.3636363636363636,7.557054946368391
tfnbs,"e=0.5,h=9.0,n=30,start_thres=1.25",hub,0.25,30,2,40,1730,4,3,36,1727,0.1,0.0017341040462427,0.5714285714285714,0.4285714285714285,7.557054946368391
tfnbs,"e=0.5,h=10.0,n=30,start_thres=1.25",hub,0.25,30,2,40,1730,4,3,36,1727,0.1,0.0017341040462427,0.5714285714285714,0.4285714285714285,7.557054946368391
tfnbs,"e=0.6,h=0.5,n=30,start_thres=1.25",hub,0.25,30,2,40,1730,27,25,13,1705,0.675,0.0144508670520231,0.5192307692307693,0.4807692307692308,7.557054946368391
tfnbs,"e=0.6,h=1.0,n=30,start_thres=1.25",hub,0.25,30,2,40,1730,24,21,16,1709,0.6,0.0121387283236994,0.5333333333333333,0.4666666666666667,7.557054946368391
tfnbs,"e=0.6,h=2.0,n=30,start_thres=1.25",hub,0.25,30,2,40,1730,22,18,18,1712,0.55,0.0104046242774566,0.55,0.45,7.557054946368391
tfnbs,"e=0.6,h=3.0,n=30,start_thres=1.25",hub,0.25,30,2,40,1730,22,18,18,1712,0.55,0.0104046242774566,0.55,0.45,7.557054946368391
tfnbs,"e=0.6,h=4.0,n=30,start_thres=1.25",hub,0.25,30,2,40,1730,19,11,21,1719,0.475,0.0063583815028901,0.6333333333333333,0.3666666666666666,7.557054946368391
tfnbs,"e=0.6,h=5.0,n=30,start_thres=1.25",hub,0.25,30,2,40,1730,17,10,23,1720,0.425,0.0057803468208092,0.6296296296296297,0.3703703703703703,7.557054946368391
tfnbs,"e=0.6,h=6.0,n=30,start_thres=1.25",hub,0.25,30,2,40,1730,15,8,25,1722,0.375,0.0046242774566473,0.6521739130434783,0.3478260869565217,7.557054946368391
tfnbs,"e=0.6,h=7.0,n=30,start_thres=1.25",hub,0.25,30,2,40,1730,14,7,26,1723,0.35,0.0040462427745664,0.6666666666666666,0.3333333333333333,7.557054946368391
tfnbs,"e=0.6,h=8.0,n=30,start_thres=1.25",hub,0.25,30,2,40,1730,7,4,33,1726,0.175,0.0023121387283236,0.6363636363636364,0.3636363636363636,7.557054946368391
tfnbs,"e=0.6,h=9.0,n=30,start_thres=1.25",hub,0.25,30,2,40,1730,7,4,33,1726,0.175,0.0023121387283236,0.6363636363636364,0.3636363636363636,7.557054946368391
tfnbs,"e=0.6,h=10.0,n=30,start_thres=1.25",hub,0.25,30,2,40,1730,7,4,33,1726,0.175,0.0023121387283236,0.6363636363636364,0.3636363636363636,7.557054946368391
tfnbs,"e=0.7,h=0.5,n=30,start_thres=1.25",hub,0.25,30,2,40,1730,27,25,13,1705,0.675,0.0144508670520231,0.5192307692307693,0.4807692307692308,7.557054946368391
tfnbs,"e=0.7,h=1.0,n=30,start_thres=1.25",hub,0.25,30,2,40,1730,27,25,13,1705,0.675,0.0144508670520231,0.5192307692307693,0.4807692307692308,7.557054946368391
tfnbs,"e=0.7,h=2.0,n=30,start_thres=1.25",hub,0.25,30,2,40,1730,24,22,16,1708,0.6,0.0127167630057803,0.5217391304347826,0.4782608695652174,7.557054946368391
tfnbs,"e=0.7,h=3.0,n=30,start_thres=1.25",hub,0.25,30,2,40,1730,24,21,16,1709,0.6,0.0121387283236994,0.5333333333333333,0.4666666666666667,7.557054946368391
tfnbs,"e=0.7,h=4.0,n=30,start_thres=1.25",hub,0.25,30,2,40,1730,22,18,18,1712,0.55,0.0104046242774566,0.55,0.45,7.557054946368391
tfnbs,"e=0.7,h=5.0,n=30,start_thres=1.25",hub,0.25,30,2,40,1730,21,11,19,1719,0.525,0.0063583815028901,0.65625,0.34375,7.557054946368391
tfnbs,"e=0.7,h=6.0,n=30,start_thres=1.25",hub,0.25,30,2,40,1730,17,10,23,1720,0.425,0.0057803468208092,0.6296296296296297,0.3703703703703703,7.557054946368391
tfnbs,"e=0.7,h=7.0,n=30,start_thres=1.25",hub,0.25,30,2,40,1730,17,10,23,1720,0.425,0.0057803468208092,0.6296296296296297,0.3703703703703703,7.557054946368391
tfnbs,"e=0.7,h=8.0,n=30,start_thres=1.25",hub,0.25,30,2,40,1730,15,8,25,1722,0.375,0.0046242774566473,0.6521739130434783,0.3478260869565217,7.557054946368391
tfnbs,"e=0.7,h=9.0,n=30,start_thres=1.25",hub,0.25,30,2,40,1730,14,7,26,1723,0.35,0.0040462427745664,0.6666666666666666,0.3333333333333333,7.557054946368391
tfnbs,"e=0.7,h=10.0,n=30,start_thres=1.25",hub,0.25,30,2,40,1730,7,4,33,1726,0.175,0.0023121387283236,0.6363636363636364,0.3636363636363636,7.557054946368391
tfnbs,"e=0.8,h=0.5,n=30,start_thres=1.25",hub,0.25,30,2,40,1730,28,30,12,1700,0.7,0.0173410404624277,0.4827586206896552,0.5172413793103449,7.557054946368391
tfnbs,"e=0.8,h=1.0,n=30,start_thres=1.25",hub,0.25,30,2,40,1730,28,30,12,1700,0.7,0.0173410404624277,0.4827586206896552,0.5172413793103449,7.557054946368391
tfnbs,"e=0.8,h=2.0,n=30,start_thres=1.25",hub,0.25,30,2,40,1730,27,25,13,1705,0.675,0.0144508670520231,0.5192307692307693,0.4807692307692308,7.557054946368391
tfnbs,"e=0.8,h=3.0,n=30,start_thres=1.25",hub,0.25,30,2,40,1730,27,25,13,1705,0.675,0.0144508670520231,0.5192307692307693,0.4807692307692308,7.557054946368391
tfnbs,"e=0.8,h=4.0,n=30,start_thres=1.25",hub,0.25,30,2,40,1730,24,21,16,1709,0.6,0.0121387283236994,0.5333333333333333,0.4666666666666667,7.557054946368391
tfnbs,"e=0.8,h=5.0,n=30,start_thres=1.25",hub,0.25,30,2,40,1730,22,18,18,1712,0.55,0.0104046242774566,0.55,0.45,7.557054946368391
tfnbs,"e=0.8,h=6.0,n=30,start_thres=1.25",hub,0.25,30,2,40,1730,21,11,19,1719,0.525,0.0063583815028901,0.65625,0.34375,7.557054946368391
tfnbs,"e=0.8,h=7.0,n=30,start_thres=1.25",hub,0.25,30,2,40,1730,19,11,21,1719,0.475,0.0063583815028901,0.6333333333333333,0.3666666666666666,7.557054946368391
tfnbs,"e=0.8,h=8.0,n=30,start_thres=1.25",hub,0.25,30,2,40,1730,17,10,23,1720,0.425,0.0057803468208092,0.6296296296296297,0.3703703703703703,7.557054946368391
tfnbs,"e=0.8,h=9.0,n=30,start_thres=1.25",hub,0.25,30,2,40,1730,15,8,25,1722,0.375,0.0046242774566473,0.6521739130434783,0.3478260869565217,7.557054946368391
tfnbs,"e=0.8,h=10.0,n=30,start_thres=1.25",hub,0.25,30,2,40,1730,14,7,26,1723,0.35,0.0040462427745664,0.6666666666666666,0.3333333333333333,7.557054946368391
tfnbs,"e=0.9,h=0.5,n=30,start_thres=1.25",hub,0.25,30,2,40,1730,28,30,12,1700,0.7,0.0173410404624277,0.4827586206896552,0.5172413793103449,7.557054946368391
tfnbs,"e=0.9,h=1.0,n=30,start_thres=1.25",hub,0.25,30,2,40,1730,28,30,12,1700,0.7,0.0173410404624277,0.4827586206896552,0.5172413793103449,7.557054946368391
tfnbs,"e=0.9,h=2.0,n=30,start_thres=1.25",hub,0.25,30,2,40,1730,28,30,12,1700,0.7,0.0173410404624277,0.4827586206896552,0.5172413793103449,7.557054946368391
tfnbs,"e=0.9,h=3.0,n=30,start_thres=1.25",hub,0.25,30,2,40,1730,27,25,13,1705,0.675,0.0144508670520231,0.5192307692307693,0.4807692307692308,7.557054946368391
tfnbs,"e=0.9,h=4.0,n=30,start_thres=1.25",hub,0.25,30,2,40,1730,27,25,13,1705,0.675,0.0144508670520231,0.5192307692307693,0.4807692307692308,7.557054946368391
tfnbs,"e=0.9,h=5.0,n=30,start_thres=1.25",hub,0.25,30,2,40,1730,24,21,16,1709,0.6,0.0121387283236994,0.5333333333333333,0.4666666666666667,7.557054946368391
tfnbs,"e=0.9,h=6.0,n=30,start_thres=1.25",hub,0.25,30,2,40,1730,22,18,18,1712,0.55,0.0104046242774566,0.55,0.45,7.557054946368391
tfnbs,"e=0.9,h=7.0,n=30,start_thres=1.25",hub,0.25,30,2,40,1730,21,11,19,1719,0.525,0.0063583815028901,0.65625,0.34375,7.557054946368391
tfnbs,"e=0.9,h=8.0,n=30,start_thres=1.25",hub,0.25,30,2,40,1730,19,11,21,1719,0.475,0.0063583815028901,0.6333333333333333,0.3666666666666666,7.557054946368391
tfnbs,"e=0.9,h=9.0,n=30,start_thres=1.25",hub,0.25,30,2,40,1730,17,10,23,1720,0.425,0.0057803468208092,0.6296296296296297,0.3703703703703703,7.557054946368391
tfnbs,"e=0.9,h=10.0,n=30,start_thres=1.25",hub,0.25,30,2,40,1730,15,8,25,1722,0.375,0.0046242774566473,0.6521739130434783,0.3478260869565217,7.557054946368391
tfnbs,"e=1.0,h=0.5,n=30,start_thres=1.25",hub,0.25,30,2,40,1730,29,42,11,1688,0.725,0.0242774566473988,0.4084507042253521,0.5915492957746479,7.557054946368391
tfnbs,"e=1.0,h=1.0,n=30,start_thres=1.25",hub,0.25,30,2,40,1730,29,42,11,1688,0.725,0.0242774566473988,0.4084507042253521,0.5915492957746479,7.557054946368391
tfnbs,"e=1.0,h=2.0,n=30,start_thres=1.25",hub,0.25,30,2,40,1730,28,30,12,1700,0.7,0.0173410404624277,0.4827586206896552,0.5172413793103449,7.557054946368391
tfnbs,"e=1.0,h=3.0,n=30,start_thres=1.25",hub,0.25,30,2,40,1730,28,30,12,1700,0.7,0.0173410404624277,0.4827586206896552,0.5172413793103449,7.557054946368391
tfnbs,"e=1.0,h=4.0,n=30,start_thres=1.25",hub,0.25,30,2,40,1730,28,30,12,1700,0.7,0.0173410404624277,0.4827586206896552,0.5172413793103449,7.557054946368391
tfnbs,"e=1.0,h=5.0,n=30,start_thres=1.25",hub,0.25,30,2,40,1730,27,25,13,1705,0.675,0.0144508670520231,0.5192307692307693,0.4807692307692308,7.557054946368391
tfnbs,"e=1.0,h=6.0,n=30,start_thres=1.25",hub,0.25,30,2,40,1730,24,21,16,1709,0.6,0.0121387283236994,0.5333333333333333,0.4666666666666667,7.557054946368391
tfnbs,"e=1.0,h=7.0,n=30,start_thres=1.25",hub,0.25,30,2,40,1730,22,18,18,1712,0.55,0.0104046242774566,0.55,0.45,7.557054946368391
tfnbs,"e=1.0,h=8.0,n=30,start_thres=1.25",hub,0.25,30,2,40,1730,21,11,19,1719,0.525,0.0063583815028901,0.65625,0.34375,7.557054946368391
tfnbs,"e=1.0,h=9.0,n=30,start_thres=1.25",hub,0.25,30,2,40,1730,19,11,21,1719,0.475,0.0063583815028901,0.6333333333333333,0.3666666666666666,7.557054946368391
tfnbs,"e=1.0,h=10.0,n=30,start_thres=1.25",hub,0.25,30,2,40,1730,17,10,23,1720,0.425,0.0057803468208092,0.6296296296296297,0.3703703703703703,7.557054946368391
tfnbs,"e=1.1,h=0.5,n=30,start_thres=1.25",hub,0.25,30,2,40,1730,29,42,11,1688,0.725,0.0242774566473988,0.4084507042253521,0.5915492957746479,7.557054946368391
tfnbs,"e=1.1,h=1.0,n=30,start_thres=1.25",hub,0.25,30,2,40,1730,29,42,11,1688,0.725,0.0242774566473988,0.4084507042253521,0.5915492957746479,7.557054946368391
tfnbs,"e=1.1,h=2.0,n=30,start_thres=1.25",hub,0.25,30,2,40,1730,29,42,11,1688,0.725,0.0242774566473988,0.4084507042253521,0.5915492957746479,7.557054946368391
tfnbs,"e=1.1,h=3.0,n=30,start_thres=1.25",hub,0.25,30,2,40,1730,29,42,11,1688,0.725,0.0242774566473988,0.4084507042253521,0.5915492957746479,7.557054946368391
tfnbs,"e=1.1,h=4.0,n=30,start_thres=1.25",hub,0.25,30,2,40,1730,28,30,12,1700,0.7,0.0173410404624277,0.4827586206896552,0.5172413793103449,7.557054946368391
tfnbs,"e=1.1,h=5.0,n=30,start_thres=1.25",hub,0.25,30,2,40,1730,27,25,13,1705,0.675,0.0144508670520231,0.5192307692307693,0.4807692307692308,7.557054946368391
tfnbs,"e=1.1,h=6.0,n=30,start_thres=1.25",hub,0.25,30,2,40,1730,27,25,13,1705,0.675,0.0144508670520231,0.5192307692307693,0.4807692307692308,7.557054946368391
tfnbs,"e=1.1,h=7.0,n=30,start_thres=1.25",hub,0.25,30,2,40,1730,24,21,16,1709,0.6,0.0121387283236994,0.5333333333333333,0.4666666666666667,7.557054946368391
tfnbs,"e=1.1,h=8.0,n=30,start_thres=1.25",hub,0.25,30,2,40,1730,22,18,18,1712,0.55,0.0104046242774566,0.55,0.45,7.557054946368391
tfnbs,"e=1.1,h=9.0,n=30,start_thres=1.25",hub,0.25,30,2,40,1730,21,11,19,1719,0.525,0.0063583815028901,0.65625,0.34375,7.557054946368391
tfnbs,"e=1.1,h=10.0,n=30,start_thres=1.25",hub,0.25,30,2,40,1730,19,11,21,1719,0.475,0.0063583815028901,0.6333333333333333,0.3666666666666666,7.557054946368391
tfnbs,"e=1.2,h=0.5,n=30,start_thres=1.25",hub,0.25,30,2,40,1730,32,52,8,1678,0.8,0.030057803468208,0.3809523809523809,0.6190476190476191,7.557054946368391
tfnbs,"e=1.2,h=1.0,n=30,start_thres=1.25",hub,0.25,30,2,40,1730,29,42,11,1688,0.725,0.0242774566473988,0.4084507042253521,0.5915492957746479,7.557054946368391
tfnbs,"e=1.2,h=2.0,n=30,start_thres=1.25",hub,0.25,30,2,40,1730,29,42,11,1688,0.725,0.0242774566473988,0.4084507042253521,0.5915492957746479,7.557054946368391
tfnbs,"e=1.2,h=3.0,n=30,start_thres=1.25",hub,0.25,30,2,40,1730,29,42,11,1688,0.725,0.0242774566473988,0.4084507042253521,0.5915492957746479,7.557054946368391
tfnbs,"e=1.2,h=4.0,n=30,start_thres=1.25",hub,0.25,30,2,40,1730,29,42,11,1688,0.725,0.0242774566473988,0.4084507042253521,0.5915492957746479,7.557054946368391
tfnbs,"e=1.2,h=5.0,n=30,start_thres=1.25",hub,0.25,30,2,40,1730,28,30,12,1700,0.7,0.0173410404624277,0.4827586206896552,0.5172413793103449,7.557054946368391
tfnbs,"e=1.2,h=6.0,n=30,start_thres=1.25",hub,0.25,30,2,40,1730,28,30,12,1700,0.7,0.0173410404624277,0.4827586206896552,0.5172413793103449,7.557054946368391
tfnbs,"e=1.2,h=7.0,n=30,start_thres=1.25",hub,0.25,30,2,40,1730,27,25,13,1705,0.675,0.0144508670520231,0.5192307692307693,0.4807692307692308,7.557054946368391
tfnbs,"e=1.2,h=8.0,n=30,start_thres=1.25",hub,0.25,30,2,40,1730,24,21,16,1709,0.6,0.0121387283236994,0.5333333333333333,0.4666666666666667,7.557054946368391
tfnbs,"e=1.2,h=9.0,n=30,start_thres=1.25",hub,0.25,30,2,40,1730,22,18,18,1712,0.55,0.0104046242774566,0.55,0.45,7.557054946368391
tfnbs,"e=1.2,h=10.0,n=30,start_thres=1.25",hub,0.25,30,2,40,1730,21,11,19,1719,0.525,0.0063583815028901,0.65625,0.34375,7.557054946368391
tfnbs,"e=1.3,h=0.5,n=30,start_thres=1.25",hub,0.25,30,2,40,1730,32,52,8,1678,0.8,0.030057803468208,0.3809523809523809,0.6190476190476191,7.557054946368391
tfnbs,"e=1.3,h=1.0,n=30,start_thres=1.25",hub,0.25,30,2,40,1730,32,52,8,1678,0.8,0.030057803468208,0.3809523809523809,0.6190476190476191,7.557054946368391
tfnbs,"e=1.3,h=2.0,n=30,start_thres=1.25",hub,0.25,30,2,40,1730,32,52,8,1678,0.8,0.030057803468208,0.3809523809523809,0.6190476190476191,7.557054946368391
tfnbs,"e=1.3,h=3.0,n=30,start_thres=1.25",hub,0.25,30,2,40,1730,29,42,11,1688,0.725,0.0242774566473988,0.4084507042253521,0.5915492957746479,7.557054946368391
tfnbs,"e=1.3,h=4.0,n=30,start_thres=1.25",hub,0.25,30,2,40,1730,29,42,11,1688,0.725,0.0242774566473988,0.4084507042253521,0.5915492957746479,7.557054946368391
tfnbs,"e=1.3,h=5.0,n=30,start_thres=1.25",hub,0.25,30,2,40,1730,29,42,11,1688,0.725,0.0242774566473988,0.4084507042253521,0.5915492957746479,7.557054946368391
tfnbs,"e=1.3,h=6.0,n=30,start_thres=1.25",hub,0.25,30,2,40,1730,28,30,12,1700,0.7,0.0173410404624277,0.4827586206896552,0.5172413793103449,7.557054946368391
tfnbs,"e=1.3,h=7.0,n=30,start_thres=1.25",hub,0.25,30,2,40,1730,27,25,13,1705,0.675,0.0144508670520231,0.5192307692307693,0.4807692307692308,7.557054946368391
tfnbs,"e=1.3,h=8.0,n=30,start_thres=1.25",hub,0.25,30,2,40,1730,27,25,13,1705,0.675,0.0144508670520231,0.5192307692307693,0.4807692307692308,7.557054946368391
tfnbs,"e=1.3,h=9.0,n=30,start_thres=1.25",hub,0.25,30,2,40,1730,24,21,16,1709,0.6,0.0121387283236994,0.5333333333333333,0.4666666666666667,7.557054946368391
tfnbs,"e=1.3,h=10.0,n=30,start_thres=1.25",hub,0.25,30,2,40,1730,22,18,18,1712,0.55,0.0104046242774566,0.55,0.45,7.557054946368391
tfnbs,"e=1.4,h=0.5,n=30,start_thres=1.25",hub,0.25,30,2,40,1730,32,52,8,1678,0.8,0.030057803468208,0.3809523809523809,0.6190476190476191,7.557054946368391
tfnbs,"e=1.4,h=1.0,n=30,start_thres=1.25",hub,0.25,30,2,40,1730,32,52,8,1678,0.8,0.030057803468208,0.3809523809523809,0.6190476190476191,7.557054946368391
tfnbs,"e=1.4,h=2.0,n=30,start_thres=1.25",hub,0.25,30,2,40,1730,32,52,8,1678,0.8,0.030057803468208,0.3809523809523809,0.6190476190476191,7.557054946368391
tfnbs,"e=1.4,h=3.0,n=30,start_thres=1.25",hub,0.25,30,2,40,1730,32,52,8,1678,0.8,0.030057803468208,0.3809523809523809,0.6190476190476191,7.557054946368391
tfnbs,"e=1.4,h=4.0,n=30,start_thres=1.25",hub,0.25,30,2,40,1730,29,42,11,1688,0.725,0.0242774566473988,0.4084507042253521,0.5915492957746479,7.557054946368391
tfnbs,"e=1.4,h=5.0,n=30,start_thres=1.25",hub,0.25,30,2,40,1730,29,42,11,1688,0.725,0.0242774566473988,0.4084507042253521,0.5915492957746479,7.557054946368391
tfnbs,"e=1.4,h=6.0,n=30,start_thres=1.25",hub,0.25,30,2,40,1730,29,42,11,1688,0.725,0.0242774566473988,0.4084507042253521,0.5915492957746479,7.557054946368391
tfnbs,"e=1.4,h=7.0,n=30,start_thres=1.25",hub,0.25,30,2,40,1730,28,30,12,1700,0.7,0.0173410404624277,0.4827586206896552,0.5172413793103449,7.557054946368391
tfnbs,"e=1.4,h=8.0,n=30,start_thres=1.25",hub,0.25,30,2,40,1730,27,25,13,1705,0.675,0.0144508670520231,0.5192307692307693,0.4807692307692308,7.557054946368391
tfnbs,"e=1.4,h=9.0,n=30,start_thres=1.25",hub,0.25,30,2,40,1730,27,25,13,1705,0.675,0.0144508670520231,0.5192307692307693,0.4807692307692308,7.557054946368391
tfnbs,"e=1.4,h=10.0,n=30,start_thres=1.25",hub,0.25,30,2,40,1730,24,21,16,1709,0.6,0.0121387283236994,0.5333333333333333,0.4666666666666667,7.557054946368391
tfnbs,"e=1.5,h=0.5,n=30,start_thres=1.25",hub,0.25,30,2,40,1730,32,52,8,1678,0.8,0.030057803468208,0.3809523809523809,0.6190476190476191,7.557054946368391
tfnbs,"e=1.5,h=1.0,n=30,start_thres=1.25",hub,0.25,30,2,40,1730,32,52,8,1678,0.8,0.030057803468208,0.3809523809523809,0.6190476190476191,7.557054946368391
tfnbs,"e=1.5,h=2.0,n=30,start_thres=1.25",hub,0.25,30,2,40,1730,32,52,8,1678,0.8,0.030057803468208,0.3809523809523809,0.6190476190476191,7.557054946368391
tfnbs,"e=1.5,h=3.0,n=30,start_thres=1.25",hub,0.25,30,2,40,1730,32,52,8,1678,0.8,0.030057803468208,0.3809523809523809,0.6190476190476191,7.557054946368391
tfnbs,"e=1.5,h=4.0,n=30,start_thres=1.25",hub,0.25,30,2,40,1730,32,52,8,1678,0.8,0.030057803468208,0.3809523809523809,0.6190476190476191,7.557054946368391
tfnbs,"e=1.5,h=5.0,n=30,start_thres=1.25",hub,0.25,30,2,40,1730,29,42,11,1688,0.725,0.0242774566473988,0.4084507042253521,0.5915492957746479,7.557054946368391
tfnbs,"e=1.5,h=6.0,n=30,start_thres=1.25",hub,0.25,30,2,40,1730,29,42,11,1688,0.725,0.0242774566473988,0.4084507042253521,0.5915492957746479,7.557054946368391
tfnbs,"e=1.5,h=7.0,n=30,start_thres=1.25",hub,0.25,30,2,40,1730,29,42,11,1688,0.725,0.0242774566473988,0.4084507042253521,0.5915492957746479,7.557054946368391
tfnbs,"e=1.5,h=8.0,n=30,start_thres=1.25",hub,0.25,30,2,40,1730,28,30,12,1700,0.7,0.0173410404624277,0.4827586206896552,0.5172413793103449,7.557054946368391
tfnbs,"e=1.5,h=9.0,n=30,start_thres=1.25",hub,0.25,30,2,40,1730,27,25,13,1705,0.675,0.0144508670520231,0.5192307692307693,0.4807692307692308,7.557054946368391
tfnbs,"e=1.5,h=10.0,n=30,start_thres=1.25",hub,0.25,30,2,40,1730,24,21,16,1709,0.6,0.0121387283236994,0.5333333333333333,0.4666666666666667,7.557054946368391
tfnbs,"e=0.05,h=0.5,n=30,start_thres=1.25",hub,0.25,30,15,40,1730,2,0,38,1730,0.05,0.0,1.0,0.0,7.453019353476438
tfnbs,"e=0.05,h=1.0,n=30,start_thres=1.25",hub,0.25,30,15,40,1730,2,0,38,1730,0.05,0.0,1.0,0.0,7.453019353476438
tfnbs,"e=0.05,h=2.0,n=30,start_thres=1.25",hub,0.25,30,15,40,1730,2,0,38,1730,0.05,0.0,1.0,0.0,7.453019353476438
tfnbs,"e=0.05,h=3.0,n=30,start_thres=1.25",hub,0.25,30,15,40,1730,2,0,38,1730,0.05,0.0,1.0,0.0,7.453019353476438
tfnbs,"e=0.05,h=4.0,n=30,start_thres=1.25",hub,0.25,30,15,40,1730,2,0,38,1730,0.05,0.0,1.0,0.0,7.453019353476438
tfnbs,"e=0.05,h=5.0,n=30,start_thres=1.25",hub,0.25,30,15,40,1730,2,0,38,1730,0.05,0.0,1.0,0.0,7.453019353476438
tfnbs,"e=0.05,h=6.0,n=30,start_thres=1.25",hub,0.25,30,15,40,1730,2,0,38,1730,0.05,0.0,1.0,0.0,7.453019353476438
tfnbs,"e=0.05,h=7.0,n=30,start_thres=1.25",hub,0.25,30,15,40,1730,2,0,38,1730,0.05,0.0,1.0,0.0,7.453019353476438
tfnbs,"e=0.05,h=8.0,n=30,start_thres=1.25",hub,0.25,30,15,40,1730,2,0,38,1730,0.05,0.0,1.0,0.0,7.453019353476438
tfnbs,"e=0.05,h=9.0,n=30,start_thres=1.25",hub,0.25,30,15,40,1730,2,0,38,1730,0.05,0.0,1.0,0.0,7.453019353476438
tfnbs,"e=0.05,h=10.0,n=30,start_thres=1.25",hub,0.25,30,15,40,1730,2,0,38,1730,0.05,0.0,1.0,0.0,7.453019353476438
tfnbs,"e=0.1,h=0.5,n=30,start_thres=1.25",hub,0.25,30,15,40,1730,3,0,37,1730,0.075,0.0,1.0,0.0,7.453019353476438
tfnbs,"e=0.1,h=1.0,n=30,start_thres=1.25",hub,0.25,30,15,40,1730,2,0,38,1730,0.05,0.0,1.0,0.0,7.453019353476438
tfnbs,"e=0.1,h=2.0,n=30,start_thres=1.25",hub,0.25,30,15,40,1730,2,0,38,1730,0.05,0.0,1.0,0.0,7.453019353476438
tfnbs,"e=0.1,h=3.0,n=30,start_thres=1.25",hub,0.25,30,15,40,1730,2,0,38,1730,0.05,0.0,1.0,0.0,7.453019353476438
tfnbs,"e=0.1,h=4.0,n=30,start_thres=1.25",hub,0.25,30,15,40,1730,2,0,38,1730,0.05,0.0,1.0,0.0,7.453019353476438
tfnbs,"e=0.1,h=5.0,n=30,start_thres=1.25",hub,0.25,30,15,40,1730,2,0,38,1730,0.05,0.0,1.0,0.0,7.453019353476438
tfnbs,"e=0.1,h=6.0,n=30,start_thres=1.25",hub,0.25,30,15,40,1730,2,0,38,1730,0.05,0.0,1.0,0.0,7.453019353476438
tfnbs,"e=0.1,h=7.0,n=30,start_thres=1.25",hub,0.25,30,15,40,1730,2,0,38,1730,0.05,0.0,1.0,0.0,7.453019353476438
tfnbs,"e=0.1,h=8.0,n=30,start_thres=1.25",hub,0.25,30,15,40,1730,2,0,38,1730,0.05,0.0,1.0,0.0,7.453019353476438
tfnbs,"e=0.1,h=9.0,n=30,start_thres=1.25",hub,0.25,30,15,40,1730,2,0,38,1730,0.05,0.0,1.0,0.0,7.453019353476438
tfnbs,"e=0.1,h=10.0,n=30,start_thres=1.25",hub,0.25,30,15,40,1730,2,0,38,1730,0.05,0.0,1.0,0.0,7.453019353476438
tfnbs,"e=0.2,h=0.5,n=30,start_thres=1.25",hub,0.25,30,15,40,1730,3,0,37,1730,0.075,0.0,1.0,0.0,7.453019353476438
tfnbs,"e=0.2,h=1.0,n=30,start_thres=1.25",hub,0.25,30,15,40,1730,3,0,37,1730,0.075,0.0,1.0,0.0,7.453019353476438
tfnbs,"e=0.2,h=2.0,n=30,start_thres=1.25",hub,0.25,30,15,40,1730,3,0,37,1730,0.075,0.0,1.0,0.0,7.453019353476438
tfnbs,"e=0.2,h=3.0,n=30,start_thres=1.25",hub,0.25,30,15,40,1730,3,0,37,1730,0.075,0.0,1.0,0.0,7.453019353476438
tfnbs,"e=0.2,h=4.0,n=30,start_thres=1.25",hub,0.25,30,15,40,1730,3,0,37,1730,0.075,0.0,1.0,0.0,7.453019353476438
tfnbs,"e=0.2,h=5.0,n=30,start_thres=1.25",hub,0.25,30,15,40,1730,2,0,38,1730,0.05,0.0,1.0,0.0,7.453019353476438
tfnbs,"e=0.2,h=6.0,n=30,start_thres=1.25",hub,0.25,30,15,40,1730,2,0,38,1730,0.05,0.0,1.0,0.0,7.453019353476438
tfnbs,"e=0.2,h=7.0,n=30,start_thres=1.25",hub,0.25,30,15,40,1730,2,0,38,1730,0.05,0.0,1.0,0.0,7.453019353476438
tfnbs,"e=0.2,h=8.0,n=30,start_thres=1.25",hub,0.25,30,15,40,1730,2,0,38,1730,0.05,0.0,1.0,0.0,7.453019353476438
tfnbs,"e=0.2,h=9.0,n=30,start_thres=1.25",hub,0.25,30,15,40,1730,2,0,38,1730,0.05,0.0,1.0,0.0,7.453019353476438
tfnbs,"e=0.2,h=10.0,n=30,start_thres=1.25",hub,0.25,30,15,40,1730,2,0,38,1730,0.05,0.0,1.0,0.0,7.453019353476438
tfnbs,"e=0.3,h=0.5,n=30,start_thres=1.25",hub,0.25,30,15,40,1730,3,0,37,1730,0.075,0.0,1.0,0.0,7.453019353476438
tfnbs,"e=0.3,h=1.0,n=30,start_thres=1.25",hub,0.25,30,15,40,1730,3,0,37,1730,0.075,0.0,1.0,0.0,7.453019353476438
tfnbs,"e=0.3,h=2.0,n=30,start_thres=1.25",hub,0.25,30,15,40,1730,3,0,37,1730,0.075,0.0,1.0,0.0,7.453019353476438
tfnbs,"e=0.3,h=3.0,n=30,start_thres=1.25",hub,0.25,30,15,40,1730,3,0,37,1730,0.075,0.0,1.0,0.0,7.453019353476438
tfnbs,"e=0.3,h=4.0,n=30,start_thres=1.25",hub,0.25,30,15,40,1730,3,0,37,1730,0.075,0.0,1.0,0.0,7.453019353476438
tfnbs,"e=0.3,h=5.0,n=30,start_thres=1.25",hub,0.25,30,15,40,1730,3,0,37,1730,0.075,0.0,1.0,0.0,7.453019353476438
tfnbs,"e=0.3,h=6.0,n=30,start_thres=1.25",hub,0.25,30,15,40,1730,3,0,37,1730,0.075,0.0,1.0,0.0,7.453019353476438
tfnbs,"e=0.3,h=7.0,n=30,start_thres=1.25",hub,0.25,30,15,40,1730,3,0,37,1730,0.075,0.0,1.0,0.0,7.453019353476438
tfnbs,"e=0.3,h=8.0,n=30,start_thres=1.25",hub,0.25,30,15,40,1730,2,0,38,1730,0.05,0.0,1.0,0.0,7.453019353476438
tfnbs,"e=0.3,h=9.0,n=30,start_thres=1.25",hub,0.25,30,15,40,1730,2,0,38,1730,0.05,0.0,1.0,0.0,7.453019353476438
tfnbs,"e=0.3,h=10.0,n=30,start_thres=1.25",hub,0.25,30,15,40,1730,2,0,38,1730,0.05,0.0,1.0,0.0,7.453019353476438
tfnbs,"e=0.4,h=0.5,n=30,start_thres=1.25",hub,0.25,30,15,40,1730,3,0,37,1730,0.075,0.0,1.0,0.0,7.453019353476438
tfnbs,"e=0.4,h=1.0,n=30,start_thres=1.25",hub,0.25,30,15,40,1730,3,0,37,1730,0.075,0.0,1.0,0.0,7.453019353476438
tfnbs,"e=0.4,h=2.0,n=30,start_thres=1.25",hub,0.25,30,15,40,1730,3,0,37,1730,0.075,0.0,1.0,0.0,7.453019353476438
tfnbs,"e=0.4,h=3.0,n=30,start_thres=1.25",hub,0.25,30,15,40,1730,3,0,37,1730,0.075,0.0,1.0,0.0,7.453019353476438
tfnbs,"e=0.4,h=4.0,n=30,start_thres=1.25",hub,0.25,30,15,40,1730,3,0,37,1730,0.075,0.0,1.0,0.0,7.453019353476438
tfnbs,"e=0.4,h=5.0,n=30,start_thres=1.25",hub,0.25,30,15,40,1730,3,0,37,1730,0.075,0.0,1.0,0.0,7.453019353476438
tfnbs,"e=0.4,h=6.0,n=30,start_thres=1.25",hub,0.25,30,15,40,1730,3,0,37,1730,0.075,0.0,1.0,0.0,7.453019353476438
tfnbs,"e=0.4,h=7.0,n=30,start_thres=1.25",hub,0.25,30,15,40,1730,3,0,37,1730,0.075,0.0,1.0,0.0,7.453019353476438
tfnbs,"e=0.4,h=8.0,n=30,start_thres=1.25",hub,0.25,30,15,40,1730,3,0,37,1730,0.075,0.0,1.0,0.0,7.453019353476438
tfnbs,"e=0.4,h=9.0,n=30,start_thres=1.25",hub,0.25,30,15,40,1730,3,0,37,1730,0.075,0.0,1.0,0.0,7.453019353476438
tfnbs,"e=0.4,h=10.0,n=30,start_thres=1.25",hub,0.25,30,15,40,1730,2,0,38,1730,0.05,0.0,1.0,0.0,7.453019353476438
tfnbs,"e=0.5,h=0.5,n=30,start_thres=1.25",hub,0.25,30,15,40,1730,3,0,37,1730,0.075,0.0,1.0,0.0,7.453019353476438
tfnbs,"e=0.5,h=1.0,n=30,start_thres=1.25",hub,0.25,30,15,40,1730,3,0,37,1730,0.075,0.0,1.0,0.0,7.453019353476438
tfnbs,"e=0.5,h=2.0,n=30,start_thres=1.25",hub,0.25,30,15,40,1730,3,0,37,1730,0.075,0.0,1.0,0.0,7.453019353476438
tfnbs,"e=0.5,h=3.0,n=30,start_thres=1.25",hub,0.25,30,15,40,1730,3,0,37,1730,0.075,0.0,1.0,0.0,7.453019353476438
tfnbs,"e=0.5,h=4.0,n=30,start_thres=1.25",hub,0.25,30,15,40,1730,3,0,37,1730,0.075,0.0,1.0,0.0,7.453019353476438
tfnbs,"e=0.5,h=5.0,n=30,start_thres=1.25",hub,0.25,30,15,40,1730,3,0,37,1730,0.075,0.0,1.0,0.0,7.453019353476438
tfnbs,"e=0.5,h=6.0,n=30,start_thres=1.25",hub,0.25,30,15,40,1730,3,0,37,1730,0.075,0.0,1.0,0.0,7.453019353476438
tfnbs,"e=0.5,h=7.0,n=30,start_thres=1.25",hub,0.25,30,15,40,1730,3,0,37,1730,0.075,0.0,1.0,0.0,7.453019353476438
tfnbs,"e=0.5,h=8.0,n=30,start_thres=1.25",hub,0.25,30,15,40,1730,3,0,37,1730,0.075,0.0,1.0,0.0,7.453019353476438
tfnbs,"e=0.5,h=9.0,n=30,start_thres=1.25",hub,0.25,30,15,40,1730,3,0,37,1730,0.075,0.0,1.0,0.0,7.453019353476438
tfnbs,"e=0.5,h=10.0,n=30,start_thres=1.25",hub,0.25,30,15,40,1730,3,0,37,1730,0.075,0.0,1.0,0.0,7.453019353476438
tfnbs,"e=0.6,h=0.5,n=30,start_thres=1.25",hub,0.25,30,15,40,1730,2,0,38,1730,0.05,0.0,1.0,0.0,7.453019353476438
tfnbs,"e=0.6,h=1.0,n=30,start_thres=1.25",hub,0.25,30,15,40,1730,3,0,37,1730,0.075,0.0,1.0,0.0,7.453019353476438
tfnbs,"e=0.6,h=2.0,n=30,start_thres=1.25",hub,0.25,30,15,40,1730,3,0,37,1730,0.075,0.0,1.0,0.0,7.453019353476438
tfnbs,"e=0.6,h=3.0,n=30,start_thres=1.25",hub,0.25,30,15,40,1730,3,0,37,1730,0.075,0.0,1.0,0.0,7.453019353476438
tfnbs,"e=0.6,h=4.0,n=30,start_thres=1.25",hub,0.25,30,15,40,1730,3,0,37,1730,0.075,0.0,1.0,0.0,7.453019353476438
tfnbs,"e=0.6,h=5.0,n=30,start_thres=1.25",hub,0.25,30,15,40,1730,3,0,37,1730,0.075,0.0,1.0,0.0,7.453019353476438
tfnbs,"e=0.6,h=6.0,n=30,start_thres=1.25",hub,0.25,30,15,40,1730,3,0,37,1730,0.075,0.0,1.0,0.0,7.453019353476438
tfnbs,"e=0.6,h=7.0,n=30,start_thres=1.25",hub,0.25,30,15,40,1730,3,0,37,1730,0.075,0.0,1.0,0.0,7.453019353476438
tfnbs,"e=0.6,h=8.0,n=30,start_thres=1.25",hub,0.25,30,15,40,1730,3,0,37,1730,0.075,0.0,1.0,0.0,7.453019353476438
tfnbs,"e=0.6,h=9.0,n=30,start_thres=1.25",hub,0.25,30,15,40,1730,3,0,37,1730,0.075,0.0,1.0,0.0,7.453019353476438
tfnbs,"e=0.6,h=10.0,n=30,start_thres=1.25",hub,0.25,30,15,40,1730,3,0,37,1730,0.075,0.0,1.0,0.0,7.453019353476438
tfnbs,"e=0.7,h=0.5,n=30,start_thres=1.25",hub,0.25,30,15,40,1730,1,0,39,1730,0.025,0.0,1.0,0.0,7.453019353476438
tfnbs,"e=0.7,h=1.0,n=30,start_thres=1.25",hub,0.25,30,15,40,1730,1,0,39,1730,0.025,0.0,1.0,0.0,7.453019353476438
tfnbs,"e=0.7,h=2.0,n=30,start_thres=1.25",hub,0.25,30,15,40,1730,3,0,37,1730,0.075,0.0,1.0,0.0,7.453019353476438
tfnbs,"e=0.7,h=3.0,n=30,start_thres=1.25",hub,0.25,30,15,40,1730,3,0,37,1730,0.075,0.0,1.0,0.0,7.453019353476438
tfnbs,"e=0.7,h=4.0,n=30,start_thres=1.25",hub,0.25,30,15,40,1730,3,0,37,1730,0.075,0.0,1.0,0.0,7.453019353476438
tfnbs,"e=0.7,h=5.0,n=30,start_thres=1.25",hub,0.25,30,15,40,1730,3,0,37,1730,0.075,0.0,1.0,0.0,7.453019353476438
tfnbs,"e=0.7,h=6.0,n=30,start_thres=1.25",hub,0.25,30,15,40,1730,3,0,37,1730,0.075,0.0,1.0,0.0,7.453019353476438
tfnbs,"e=0.7,h=7.0,n=30,start_thres=1.25",hub,0.25,30,15,40,1730,3,0,37,1730,0.075,0.0,1.0,0.0,7.453019353476438
tfnbs,"e=0.7,h=8.0,n=30,start_thres=1.25",hub,0.25,30,15,40,1730,3,0,37,1730,0.075,0.0,1.0,0.0,7.453019353476438
tfnbs,"e=0.7,h=9.0,n=30,start_thres=1.25",hub,0.25,30,15,40,1730,3,0,37,1730,0.075,0.0,1.0,0.0,7.453019353476438
tfnbs,"e=0.7,h=10.0,n=30,start_thres=1.25",hub,0.25,30,15,40,1730,3,0,37,1730,0.075,0.0,1.0,0.0,7.453019353476438
tfnbs,"e=0.8,h=0.5,n=30,start_thres=1.25",hub,0.25,30,15,40,1730,0,0,40,1730,0.0,0.0,0.0,0.0,7.453019353476438
tfnbs,"e=0.8,h=1.0,n=30,start_thres=1.25",hub,0.25,30,15,40,1730,1,0,39,1730,0.025,0.0,1.0,0.0,7.453019353476438
tfnbs,"e=0.8,h=2.0,n=30,start_thres=1.25",hub,0.25,30,15,40,1730,3,0,37,1730,0.075,0.0,1.0,0.0,7.453019353476438
tfnbs,"e=0.8,h=3.0,n=30,start_thres=1.25",hub,0.25,30,15,40,1730,3,0,37,1730,0.075,0.0,1.0,0.0,7.453019353476438
tfnbs,"e=0.8,h=4.0,n=30,start_thres=1.25",hub,0.25,30,15,40,1730,3,0,37,1730,0.075,0.0,1.0,0.0,7.453019353476438
tfnbs,"e=0.8,h=5.0,n=30,start_thres=1.25",hub,0.25,30,15,40,1730,3,0,37,1730,0.075,0.0,1.0,0.0,7.453019353476438
tfnbs,"e=0.8,h=6.0,n=30,start_thres=1.25",hub,0.25,30,15,40,1730,3,0,37,1730,0.075,0.0,1.0,0.0,7.453019353476438
tfnbs,"e=0.8,h=7.0,n=30,start_thres=1.25",hub,0.25,30,15,40,1730,3,0,37,1730,0.075,0.0,1.0,0.0,7.453019353476438
tfnbs,"e=0.8,h=8.0,n=30,start_thres=1.25",hub,0.25,30,15,40,1730,3,0,37,1730,0.075,0.0,1.0,0.0,7.453019353476438
tfnbs,"e=0.8,h=9.0,n=30,start_thres=1.25",hub,0.25,30,15,40,1730,3,0,37,1730,0.075,0.0,1.0,0.0,7.453019353476438
tfnbs,"e=0.8,h=10.0,n=30,start_thres=1.25",hub,0.25,30,15,40,1730,3,0,37,1730,0.075,0.0,1.0,0.0,7.453019353476438
tfnbs,"e=0.9,h=0.5,n=30,start_thres=1.25",hub,0.25,30,15,40,1730,0,0,40,1730,0.0,0.0,0.0,0.0,7.453019353476438
tfnbs,"e=0.9,h=1.0,n=30,start_thres=1.25",hub,0.25,30,15,40,1730,0,0,40,1730,0.0,0.0,0.0,0.0,7.453019353476438
tfnbs,"e=0.9,h=2.0,n=30,start_thres=1.25",hub,0.25,30,15,40,1730,1,0,39,1730,0.025,0.0,1.0,0.0,7.453019353476438
tfnbs,"e=0.9,h=3.0,n=30,start_thres=1.25",hub,0.25,30,15,40,1730,3,0,37,1730,0.075,0.0,1.0,0.0,7.453019353476438
tfnbs,"e=0.9,h=4.0,n=30,start_thres=1.25",hub,0.25,30,15,40,1730,3,0,37,1730,0.075,0.0,1.0,0.0,7.453019353476438
tfnbs,"e=0.9,h=5.0,n=30,start_thres=1.25",hub,0.25,30,15,40,1730,3,0,37,1730,0.075,0.0,1.0,0.0,7.453019353476438
tfnbs,"e=0.9,h=6.0,n=30,start_thres=1.25",hub,0.25,30,15,40,1730,3,0,37,1730,0.075,0.0,1.0,0.0,7.453019353476438
tfnbs,"e=0.9,h=7.0,n=30,start_thres=1.25",hub,0.25,30,15,40,1730,3,0,37,1730,0.075,0.0,1.0,0.0,7.453019353476438
tfnbs,"e=0.9,h=8.0,n=30,start_thres=1.25",hub,0.25,30,15,40,1730,3,0,37,1730,0.075,0.0,1.0,0.0,7.453019353476438
tfnbs,"e=0.9,h=9.0,n=30,start_thres=1.25",hub,0.25,30,15,40,1730,3,0,37,1730,0.075,0.0,1.0,0.0,7.453019353476438
tfnbs,"e=0.9,h=10.0,n=30,start_thres=1.25",hub,0.25,30,15,40,1730,3,0,37,1730,0.075,0.0,1.0,0.0,7.453019353476438
tfnbs,"e=1.0,h=0.5,n=30,start_thres=1.25",hub,0.25,30,15,40,1730,0,0,40,1730,0.0,0.0,0.0,0.0,7.453019353476438
tfnbs,"e=1.0,h=1.0,n=30,start_thres=1.25",hub,0.25,30,15,40,1730,0,0,40,1730,0.0,0.0,0.0,0.0,7.453019353476438
tfnbs,"e=1.0,h=2.0,n=30,start_thres=1.25",hub,0.25,30,15,40,1730,1,0,39,1730,0.025,0.0,1.0,0.0,7.453019353476438
tfnbs,"e=1.0,h=3.0,n=30,start_thres=1.25",hub,0.25,30,15,40,1730,2,0,38,1730,0.05,0.0,1.0,0.0,7.453019353476438
tfnbs,"e=1.0,h=4.0,n=30,start_thres=1.25",hub,0.25,30,15,40,1730,3,0,37,1730,0.075,0.0,1.0,0.0,7.453019353476438
tfnbs,"e=1.0,h=5.0,n=30,start_thres=1.25",hub,0.25,30,15,40,1730,3,0,37,1730,0.075,0.0,1.0,0.0,7.453019353476438
tfnbs,"e=1.0,h=6.0,n=30,start_thres=1.25",hub,0.25,30,15,40,1730,3,0,37,1730,0.075,0.0,1.0,0.0,7.453019353476438
tfnbs,"e=1.0,h=7.0,n=30,start_thres=1.25",hub,0.25,30,15,40,1730,3,0,37,1730,0.075,0.0,1.0,0.0,7.453019353476438
tfnbs,"e=1.0,h=8.0,n=30,start_thres=1.25",hub,0.25,30,15,40,1730,3,0,37,1730,0.075,0.0,1.0,0.0,7.453019353476438
tfnbs,"e=1.0,h=9.0,n=30,start_thres=1.25",hub,0.25,30,15,40,1730,3,0,37,1730,0.075,0.0,1.0,0.0,7.453019353476438
tfnbs,"e=1.0,h=10.0,n=30,start_thres=1.25",hub,0.25,30,15,40,1730,3,0,37,1730,0.075,0.0,1.0,0.0,7.453019353476438
tfnbs,"e=1.1,h=0.5,n=30,start_thres=1.25",hub,0.25,30,15,40,1730,0,0,40,1730,0.0,0.0,0.0,0.0,7.453019353476438
tfnbs,"e=1.1,h=1.0,n=30,start_thres=1.25",hub,0.25,30,15,40,1730,0,0,40,1730,0.0,0.0,0.0,0.0,7.453019353476438
tfnbs,"e=1.1,h=2.0,n=30,start_thres=1.25",hub,0.25,30,15,40,1730,0,0,40,1730,0.0,0.0,0.0,0.0,7.453019353476438
tfnbs,"e=1.1,h=3.0,n=30,start_thres=1.25",hub,0.25,30,15,40,1730,1,0,39,1730,0.025,0.0,1.0,0.0,7.453019353476438
tfnbs,"e=1.1,h=4.0,n=30,start_thres=1.25",hub,0.25,30,15,40,1730,3,0,37,1730,0.075,0.0,1.0,0.0,7.453019353476438
tfnbs,"e=1.1,h=5.0,n=30,start_thres=1.25",hub,0.25,30,15,40,1730,3,0,37,1730,0.075,0.0,1.0,0.0,7.453019353476438
tfnbs,"e=1.1,h=6.0,n=30,start_thres=1.25",hub,0.25,30,15,40,1730,3,0,37,1730,0.075,0.0,1.0,0.0,7.453019353476438
tfnbs,"e=1.1,h=7.0,n=30,start_thres=1.25",hub,0.25,30,15,40,1730,3,0,37,1730,0.075,0.0,1.0,0.0,7.453019353476438
tfnbs,"e=1.1,h=8.0,n=30,start_thres=1.25",hub,0.25,30,15,40,1730,3,0,37,1730,0.075,0.0,1.0,0.0,7.453019353476438
tfnbs,"e=1.1,h=9.0,n=30,start_thres=1.25",hub,0.25,30,15,40,1730,3,0,37,1730,0.075,0.0,1.0,0.0,7.453019353476438
tfnbs,"e=1.1,h=10.0,n=30,start_thres=1.25",hub,0.25,30,15,40,1730,3,0,37,1730,0.075,0.0,1.0,0.0,7.453019353476438
tfnbs,"e=1.2,h=0.5,n=30,start_thres=1.25",hub,0.25,30,15,40,1730,0,0,40,1730,0.0,0.0,0.0,0.0,7.453019353476438
tfnbs,"e=1.2,h=1.0,n=30,start_thres=1.25",hub,0.25,30,15,40,1730,0,0,40,1730,0.0,0.0,0.0,0.0,7.453019353476438
tfnbs,"e=1.2,h=2.0,n=30,start_thres=1.25",hub,0.25,30,15,40,1730,0,0,40,1730,0.0,0.0,0.0,0.0,7.453019353476438
tfnbs,"e=1.2,h=3.0,n=30,start_thres=1.25",hub,0.25,30,15,40,1730,1,0,39,1730,0.025,0.0,1.0,0.0,7.453019353476438
tfnbs,"e=1.2,h=4.0,n=30,start_thres=1.25",hub,0.25,30,15,40,1730,1,0,39,1730,0.025,0.0,1.0,0.0,7.453019353476438
tfnbs,"e=1.2,h=5.0,n=30,start_thres=1.25",hub,0.25,30,15,40,1730,3,0,37,1730,0.075,0.0,1.0,0.0,7.453019353476438
tfnbs,"e=1.2,h=6.0,n=30,start_thres=1.25",hub,0.25,30,15,40,1730,3,0,37,1730,0.075,0.0,1.0,0.0,7.453019353476438
tfnbs,"e=1.2,h=7.0,n=30,start_thres=1.25",hub,0.25,30,15,40,1730,3,0,37,1730,0.075,0.0,1.0,0.0,7.453019353476438
tfnbs,"e=1.2,h=8.0,n=30,start_thres=1.25",hub,0.25,30,15,40,1730,3,0,37,1730,0.075,0.0,1.0,0.0,7.453019353476438
tfnbs,"e=1.2,h=9.0,n=30,start_thres=1.25",hub,0.25,30,15,40,1730,3,0,37,1730,0.075,0.0,1.0,0.0,7.453019353476438
tfnbs,"e=1.2,h=10.0,n=30,start_thres=1.25",hub,0.25,30,15,40,1730,3,0,37,1730,0.075,0.0,1.0,0.0,7.453019353476438
tfnbs,"e=1.3,h=0.5,n=30,start_thres=1.25",hub,0.25,30,15,40,1730,0,0,40,1730,0.0,0.0,0.0,0.0,7.453019353476438
tfnbs,"e=1.3,h=1.0,n=30,start_thres=1.25",hub,0.25,30,15,40,1730,0,0,40,1730,0.0,0.0,0.0,0.0,7.453019353476438
tfnbs,"e=1.3,h=2.0,n=30,start_thres=1.25",hub,0.25,30,15,40,1730,0,0,40,1730,0.0,0.0,0.0,0.0,7.453019353476438
tfnbs,"e=1.3,h=3.0,n=30,start_thres=1.25",hub,0.25,30,15,40,1730,0,0,40,1730,0.0,0.0,0.0,0.0,7.453019353476438
tfnbs,"e=1.3,h=4.0,n=30,start_thres=1.25",hub,0.25,30,15,40,1730,1,0,39,1730,0.025,0.0,1.0,0.0,7.453019353476438
tfnbs,"e=1.3,h=5.0,n=30,start_thres=1.25",hub,0.25,30,15,40,1730,3,0,37,1730,0.075,0.0,1.0,0.0,7.453019353476438
tfnbs,"e=1.3,h=6.0,n=30,start_thres=1.25",hub,0.25,30,15,40,1730,3,0,37,1730,0.075,0.0,1.0,0.0,7.453019353476438
tfnbs,"e=1.3,h=7.0,n=30,start_thres=1.25",hub,0.25,30,15,40,1730,3,0,37,1730,0.075,0.0,1.0,0.0,7.453019353476438
tfnbs,"e=1.3,h=8.0,n=30,start_thres=1.25",hub,0.25,30,15,40,1730,3,0,37,1730,0.075,0.0,1.0,0.0,7.453019353476438
tfnbs,"e=1.3,h=9.0,n=30,start_thres=1.25",hub,0.25,30,15,40,1730,3,0,37,1730,0.075,0.0,1.0,0.0,7.453019353476438
tfnbs,"e=1.3,h=10.0,n=30,start_thres=1.25",hub,0.25,30,15,40,1730,3,0,37,1730,0.075,0.0,1.0,0.0,7.453019353476438
tfnbs,"e=1.4,h=0.5,n=30,start_thres=1.25",hub,0.25,30,15,40,1730,0,0,40,1730,0.0,0.0,0.0,0.0,7.453019353476438
tfnbs,"e=1.4,h=1.0,n=30,start_thres=1.25",hub,0.25,30,15,40,1730,0,0,40,1730,0.0,0.0,0.0,0.0,7.453019353476438
tfnbs,"e=1.4,h=2.0,n=30,start_thres=1.25",hub,0.25,30,15,40,1730,0,0,40,1730,0.0,0.0,0.0,0.0,7.453019353476438
tfnbs,"e=1.4,h=3.0,n=30,start_thres=1.25",hub,0.25,30,15,40,1730,0,0,40,1730,0.0,0.0,0.0,0.0,7.453019353476438
tfnbs,"e=1.4,h=4.0,n=30,start_thres=1.25",hub,0.25,30,15,40,1730,1,0,39,1730,0.025,0.0,1.0,0.0,7.453019353476438
tfnbs,"e=1.4,h=5.0,n=30,start_thres=1.25",hub,0.25,30,15,40,1730,1,0,39,1730,0.025,0.0,1.0,0.0,7.453019353476438
tfnbs,"e=1.4,h=6.0,n=30,start_thres=1.25",hub,0.25,30,15,40,1730,3,0,37,1730,0.075,0.0,1.0,0.0,7.453019353476438
tfnbs,"e=1.4,h=7.0,n=30,start_thres=1.25",hub,0.25,30,15,40,1730,3,0,37,1730,0.075,0.0,1.0,0.0,7.453019353476438
tfnbs,"e=1.4,h=8.0,n=30,start_thres=1.25",hub,0.25,30,15,40,1730,3,0,37,1730,0.075,0.0,1.0,0.0,7.453019353476438
tfnbs,"e=1.4,h=9.0,n=30,start_thres=1.25",hub,0.25,30,15,40,1730,3,0,37,1730,0.075,0.0,1.0,0.0,7.453019353476438
tfnbs,"e=1.4,h=10.0,n=30,start_thres=1.25",hub,0.25,30,15,40,1730,3,0,37,1730,0.075,0.0,1.0,0.0,7.453019353476438
tfnbs,"e=1.5,h=0.5,n=30,start_thres=1.25",hub,0.25,30,15,40,1730,0,0,40,1730,0.0,0.0,0.0,0.0,7.453019353476438
tfnbs,"e=1.5,h=1.0,n=30,start_thres=1.25",hub,0.25,30,15,40,1730,0,0,40,1730,0.0,0.0,0.0,0.0,7.453019353476438
tfnbs,"e=1.5,h=2.0,n=30,start_thres=1.25",hub,0.25,30,15,40,1730,0,0,40,1730,0.0,0.0,0.0,0.0,7.453019353476438
tfnbs,"e=1.5,h=3.0,n=30,start_thres=1.25",hub,0.25,30,15,40,1730,0,0,40,1730,0.0,0.0,0.0,0.0,7.453019353476438
tfnbs,"e=1.5,h=4.0,n=30,start_thres=1.25",hub,0.25,30,15,40,1730,0,0,40,1730,0.0,0.0,0.0,0.0,7.453019353476438
tfnbs,"e=1.5,h=5.0,n=30,start_thres=1.25",hub,0.25,30,15,40,1730,1,0,39,1730,0.025,0.0,1.0,0.0,7.453019353476438
tfnbs,"e=1.5,h=6.0,n=30,start_thres=1.25",hub,0.25,30,15,40,1730,3,0,37,1730,0.075,0.0,1.0,0.0,7.453019353476438
tfnbs,"e=1.5,h=7.0,n=30,start_thres=1.25",hub,0.25,30,15,40,1730,3,0,37,1730,0.075,0.0,1.0,0.0,7.453019353476438
tfnbs,"e=1.5,h=8.0,n=30,start_thres=1.25",hub,0.25,30,15,40,1730,3,0,37,1730,0.075,0.0,1.0,0.0,7.453019353476438
tfnbs,"e=1.5,h=9.0,n=30,start_thres=1.25",hub,0.25,30,15,40,1730,3,0,37,1730,0.075,0.0,1.0,0.0,7.453019353476438
tfnbs,"e=1.5,h=10.0,n=30,start_thres=1.25",hub,0.25,30,15,40,1730,3,0,37,1730,0.075,0.0,1.0,0.0,7.453019353476438
tfnbs,"e=0.05,h=0.5,n=30,start_thres=1.25",hub,0.25,30,16,40,1730,9,0,31,1730,0.225,0.0,1.0,0.0,7.482159892266447
tfnbs,"e=0.05,h=1.0,n=30,start_thres=1.25",hub,0.25,30,16,40,1730,7,0,33,1730,0.175,0.0,1.0,0.0,7.482159892266447
tfnbs,"e=0.05,h=2.0,n=30,start_thres=1.25",hub,0.25,30,16,40,1730,7,0,33,1730,0.175,0.0,1.0,0.0,7.482159892266447
tfnbs,"e=0.05,h=3.0,n=30,start_thres=1.25",hub,0.25,30,16,40,1730,7,0,33,1730,0.175,0.0,1.0,0.0,7.482159892266447
tfnbs,"e=0.05,h=4.0,n=30,start_thres=1.25",hub,0.25,30,16,40,1730,7,0,33,1730,0.175,0.0,1.0,0.0,7.482159892266447
tfnbs,"e=0.05,h=5.0,n=30,start_thres=1.25",hub,0.25,30,16,40,1730,7,0,33,1730,0.175,0.0,1.0,0.0,7.482159892266447
tfnbs,"e=0.05,h=6.0,n=30,start_thres=1.25",hub,0.25,30,16,40,1730,7,0,33,1730,0.175,0.0,1.0,0.0,7.482159892266447
tfnbs,"e=0.05,h=7.0,n=30,start_thres=1.25",hub,0.25,30,16,40,1730,7,0,33,1730,0.175,0.0,1.0,0.0,7.482159892266447
tfnbs,"e=0.05,h=8.0,n=30,start_thres=1.25",hub,0.25,30,16,40,1730,7,0,33,1730,0.175,0.0,1.0,0.0,7.482159892266447
tfnbs,"e=0.05,h=9.0,n=30,start_thres=1.25",hub,0.25,30,16,40,1730,7,0,33,1730,0.175,0.0,1.0,0.0,7.482159892266447
tfnbs,"e=0.05,h=10.0,n=30,start_thres=1.25",hub,0.25,30,16,40,1730,7,0,33,1730,0.175,0.0,1.0,0.0,7.482159892266447
tfnbs,"e=0.1,h=0.5,n=30,start_thres=1.25",hub,0.25,30,16,40,1730,11,0,29,1730,0.275,0.0,1.0,0.0,7.482159892266447
tfnbs,"e=0.1,h=1.0,n=30,start_thres=1.25",hub,0.25,30,16,40,1730,11,0,29,1730,0.275,0.0,1.0,0.0,7.482159892266447
tfnbs,"e=0.1,h=2.0,n=30,start_thres=1.25",hub,0.25,30,16,40,1730,9,0,31,1730,0.225,0.0,1.0,0.0,7.482159892266447
tfnbs,"e=0.1,h=3.0,n=30,start_thres=1.25",hub,0.25,30,16,40,1730,9,0,31,1730,0.225,0.0,1.0,0.0,7.482159892266447
tfnbs,"e=0.1,h=4.0,n=30,start_thres=1.25",hub,0.25,30,16,40,1730,9,0,31,1730,0.225,0.0,1.0,0.0,7.482159892266447
tfnbs,"e=0.1,h=5.0,n=30,start_thres=1.25",hub,0.25,30,16,40,1730,7,0,33,1730,0.175,0.0,1.0,0.0,7.482159892266447
tfnbs,"e=0.1,h=6.0,n=30,start_thres=1.25",hub,0.25,30,16,40,1730,7,0,33,1730,0.175,0.0,1.0,0.0,7.482159892266447
tfnbs,"e=0.1,h=7.0,n=30,start_thres=1.25",hub,0.25,30,16,40,1730,7,0,33,1730,0.175,0.0,1.0,0.0,7.482159892266447
tfnbs,"e=0.1,h=8.0,n=30,start_thres=1.25",hub,0.25,30,16,40,1730,7,0,33,1730,0.175,0.0,1.0,0.0,7.482159892266447
tfnbs,"e=0.1,h=9.0,n=30,start_thres=1.25",hub,0.25,30,16,40,1730,7,0,33,1730,0.175,0.0,1.0,0.0,7.482159892266447
tfnbs,"e=0.1,h=10.0,n=30,start_thres=1.25",hub,0.25,30,16,40,1730,7,0,33,1730,0.175,0.0,1.0,0.0,7.482159892266447
tfnbs,"e=0.2,h=0.5,n=30,start_thres=1.25",hub,0.25,30,16,40,1730,14,2,26,1728,0.35,0.0011560693641618,0.875,0.125,7.482159892266447
tfnbs,"e=0.2,h=1.0,n=30,start_thres=1.25",hub,0.25,30,16,40,1730,14,2,26,1728,0.35,0.0011560693641618,0.875,0.125,7.482159892266447
tfnbs,"e=0.2,h=2.0,n=30,start_thres=1.25",hub,0.25,30,16,40,1730,12,2,28,1728,0.3,0.0011560693641618,0.8571428571428571,0.1428571428571428,7.482159892266447
tfnbs,"e=0.2,h=3.0,n=30,start_thres=1.25",hub,0.25,30,16,40,1730,11,0,29,1730,0.275,0.0,1.0,0.0,7.482159892266447
tfnbs,"e=0.2,h=4.0,n=30,start_thres=1.25",hub,0.25,30,16,40,1730,11,0,29,1730,0.275,0.0,1.0,0.0,7.482159892266447
tfnbs,"e=0.2,h=5.0,n=30,start_thres=1.25",hub,0.25,30,16,40,1730,11,0,29,1730,0.275,0.0,1.0,0.0,7.482159892266447
tfnbs,"e=0.2,h=6.0,n=30,start_thres=1.25",hub,0.25,30,16,40,1730,9,0,31,1730,0.225,0.0,1.0,0.0,7.482159892266447
tfnbs,"e=0.2,h=7.0,n=30,start_thres=1.25",hub,0.25,30,16,40,1730,9,0,31,1730,0.225,0.0,1.0,0.0,7.482159892266447
tfnbs,"e=0.2,h=8.0,n=30,start_thres=1.25",hub,0.25,30,16,40,1730,9,0,31,1730,0.225,0.0,1.0,0.0,7.482159892266447
tfnbs,"e=0.2,h=9.0,n=30,start_thres=1.25",hub,0.25,30,16,40,1730,9,0,31,1730,0.225,0.0,1.0,0.0,7.482159892266447
tfnbs,"e=0.2,h=10.0,n=30,start_thres=1.25",hub,0.25,30,16,40,1730,7,0,33,1730,0.175,0.0,1.0,0.0,7.482159892266447
tfnbs,"e=0.3,h=0.5,n=30,start_thres=1.25",hub,0.25,30,16,40,1730,18,3,22,1727,0.45,0.0017341040462427,0.8571428571428571,0.1428571428571428,7.482159892266447
tfnbs,"e=0.3,h=1.0,n=30,start_thres=1.25",hub,0.25,30,16,40,1730,18,3,22,1727,0.45,0.0017341040462427,0.8571428571428571,0.1428571428571428,7.482159892266447
tfnbs,"e=0.3,h=2.0,n=30,start_thres=1.25",hub,0.25,30,16,40,1730,16,3,24,1727,0.4,0.0017341040462427,0.8421052631578947,0.1578947368421052,7.482159892266447
tfnbs,"e=0.3,h=3.0,n=30,start_thres=1.25",hub,0.25,30,16,40,1730,14,2,26,1728,0.35,0.0011560693641618,0.875,0.125,7.482159892266447
tfnbs,"e=0.3,h=4.0,n=30,start_thres=1.25",hub,0.25,30,16,40,1730,12,1,28,1729,0.3,0.0005780346820809,0.9230769230769232,0.0769230769230769,7.482159892266447
tfnbs,"e=0.3,h=5.0,n=30,start_thres=1.25",hub,0.25,30,16,40,1730,12,1,28,1729,0.3,0.0005780346820809,0.9230769230769232,0.0769230769230769,7.482159892266447
tfnbs,"e=0.3,h=6.0,n=30,start_thres=1.25",hub,0.25,30,16,40,1730,11,0,29,1730,0.275,0.0,1.0,0.0,7.482159892266447
tfnbs,"e=0.3,h=7.0,n=30,start_thres=1.25",hub,0.25,30,16,40,1730,11,0,29,1730,0.275,0.0,1.0,0.0,7.482159892266447
tfnbs,"e=0.3,h=8.0,n=30,start_thres=1.25",hub,0.25,30,16,40,1730,11,0,29,1730,0.275,0.0,1.0,0.0,7.482159892266447
tfnbs,"e=0.3,h=9.0,n=30,start_thres=1.25",hub,0.25,30,16,40,1730,9,0,31,1730,0.225,0.0,1.0,0.0,7.482159892266447
tfnbs,"e=0.3,h=10.0,n=30,start_thres=1.25",hub,0.25,30,16,40,1730,9,0,31,1730,0.225,0.0,1.0,0.0,7.482159892266447
tfnbs,"e=0.4,h=0.5,n=30,start_thres=1.25",hub,0.25,30,16,40,1730,18,3,22,1727,0.45,0.0017341040462427,0.8571428571428571,0.1428571428571428,7.482159892266447
tfnbs,"e=0.4,h=1.0,n=30,start_thres=1.25",hub,0.25,30,16,40,1730,18,3,22,1727,0.45,0.0017341040462427,0.8571428571428571,0.1428571428571428,7.482159892266447
tfnbs,"e=0.4,h=2.0,n=30,start_thres=1.25",hub,0.25,30,16,40,1730,18,3,22,1727,0.45,0.0017341040462427,0.8571428571428571,0.1428571428571428,7.482159892266447
tfnbs,"e=0.4,h=3.0,n=30,start_thres=1.25",hub,0.25,30,16,40,1730,18,3,22,1727,0.45,0.0017341040462427,0.8571428571428571,0.1428571428571428,7.482159892266447
tfnbs,"e=0.4,h=4.0,n=30,start_thres=1.25",hub,0.25,30,16,40,1730,16,3,24,1727,0.4,0.0017341040462427,0.8421052631578947,0.1578947368421052,7.482159892266447
tfnbs,"e=0.4,h=5.0,n=30,start_thres=1.25",hub,0.25,30,16,40,1730,14,1,26,1729,0.35,0.0005780346820809,0.9333333333333332,0.0666666666666666,7.482159892266447
tfnbs,"e=0.4,h=6.0,n=30,start_thres=1.25",hub,0.25,30,16,40,1730,12,1,28,1729,0.3,0.0005780346820809,0.9230769230769232,0.0769230769230769,7.482159892266447
tfnbs,"e=0.4,h=7.0,n=30,start_thres=1.25",hub,0.25,30,16,40,1730,12,1,28,1729,0.3,0.0005780346820809,0.9230769230769232,0.0769230769230769,7.482159892266447
tfnbs,"e=0.4,h=8.0,n=30,start_thres=1.25",hub,0.25,30,16,40,1730,11,0,29,1730,0.275,0.0,1.0,0.0,7.482159892266447
tfnbs,"e=0.4,h=9.0,n=30,start_thres=1.25",hub,0.25,30,16,40,1730,11,0,29,1730,0.275,0.0,1.0,0.0,7.482159892266447
tfnbs,"e=0.4,h=10.0,n=30,start_thres=1.25",hub,0.25,30,16,40,1730,11,0,29,1730,0.275,0.0,1.0,0.0,7.482159892266447
tfnbs,"e=0.5,h=0.5,n=30,start_thres=1.25",hub,0.25,30,16,40,1730,23,7,17,1723,0.575,0.0040462427745664,0.7666666666666667,0.2333333333333333,7.482159892266447
tfnbs,"e=0.5,h=1.0,n=30,start_thres=1.25",hub,0.25,30,16,40,1730,23,7,17,1723,0.575,0.0040462427745664,0.7666666666666667,0.2333333333333333,7.482159892266447
tfnbs,"e=0.5,h=2.0,n=30,start_thres=1.25",hub,0.25,30,16,40,1730,23,6,17,1724,0.575,0.0034682080924855,0.7931034482758621,0.2068965517241379,7.482159892266447
tfnbs,"e=0.5,h=3.0,n=30,start_thres=1.25",hub,0.25,30,16,40,1730,18,3,22,1727,0.45,0.0017341040462427,0.8571428571428571,0.1428571428571428,7.482159892266447
tfnbs,"e=0.5,h=4.0,n=30,start_thres=1.25",hub,0.25,30,16,40,1730,18,3,22,1727,0.45,0.0017341040462427,0.8571428571428571,0.1428571428571428,7.482159892266447
tfnbs,"e=0.5,h=5.0,n=30,start_thres=1.25",hub,0.25,30,16,40,1730,16,3,24,1727,0.4,0.0017341040462427,0.8421052631578947,0.1578947368421052,7.482159892266447
tfnbs,"e=0.5,h=6.0,n=30,start_thres=1.25",hub,0.25,30,16,40,1730,16,2,24,1728,0.4,0.0011560693641618,0.8888888888888888,0.1111111111111111,7.482159892266447
tfnbs,"e=0.5,h=7.0,n=30,start_thres=1.25",hub,0.25,30,16,40,1730,14,1,26,1729,0.35,0.0005780346820809,0.9333333333333332,0.0666666666666666,7.482159892266447
tfnbs,"e=0.5,h=8.0,n=30,start_thres=1.25",hub,0.25,30,16,40,1730,12,1,28,1729,0.3,0.0005780346820809,0.9230769230769232,0.0769230769230769,7.482159892266447
tfnbs,"e=0.5,h=9.0,n=30,start_thres=1.25",hub,0.25,30,16,40,1730,12,1,28,1729,0.3,0.0005780346820809,0.9230769230769232,0.0769230769230769,7.482159892266447
tfnbs,"e=0.5,h=10.0,n=30,start_thres=1.25",hub,0.25,30,16,40,1730,12,1,28,1729,0.3,0.0005780346820809,0.9230769230769232,0.0769230769230769,7.482159892266447
tfnbs,"e=0.6,h=0.5,n=30,start_thres=1.25",hub,0.25,30,16,40,1730,26,8,14,1722,0.65,0.0046242774566473,0.7647058823529411,0.2352941176470588,7.482159892266447
tfnbs,"e=0.6,h=1.0,n=30,start_thres=1.25",hub,0.25,30,16,40,1730,26,8,14,1722,0.65,0.0046242774566473,0.7647058823529411,0.2352941176470588,7.482159892266447
tfnbs,"e=0.6,h=2.0,n=30,start_thres=1.25",hub,0.25,30,16,40,1730,26,8,14,1722,0.65,0.0046242774566473,0.7647058823529411,0.2352941176470588,7.482159892266447
tfnbs,"e=0.6,h=3.0,n=30,start_thres=1.25",hub,0.25,30,16,40,1730,23,6,17,1724,0.575,0.0034682080924855,0.7931034482758621,0.2068965517241379,7.482159892266447
tfnbs,"e=0.6,h=4.0,n=30,start_thres=1.25",hub,0.25,30,16,40,1730,18,3,22,1727,0.45,0.0017341040462427,0.8571428571428571,0.1428571428571428,7.482159892266447
tfnbs,"e=0.6,h=5.0,n=30,start_thres=1.25",hub,0.25,30,16,40,1730,18,3,22,1727,0.45,0.0017341040462427,0.8571428571428571,0.1428571428571428,7.482159892266447
tfnbs,"e=0.6,h=6.0,n=30,start_thres=1.25",hub,0.25,30,16,40,1730,18,3,22,1727,0.45,0.0017341040462427,0.8571428571428571,0.1428571428571428,7.482159892266447
tfnbs,"e=0.6,h=7.0,n=30,start_thres=1.25",hub,0.25,30,16,40,1730,16,2,24,1728,0.4,0.0011560693641618,0.8888888888888888,0.1111111111111111,7.482159892266447
tfnbs,"e=0.6,h=8.0,n=30,start_thres=1.25",hub,0.25,30,16,40,1730,14,1,26,1729,0.35,0.0005780346820809,0.9333333333333332,0.0666666666666666,7.482159892266447
tfnbs,"e=0.6,h=9.0,n=30,start_thres=1.25",hub,0.25,30,16,40,1730,14,1,26,1729,0.35,0.0005780346820809,0.9333333333333332,0.0666666666666666,7.482159892266447
tfnbs,"e=0.6,h=10.0,n=30,start_thres=1.25",hub,0.25,30,16,40,1730,12,1,28,1729,0.3,0.0005780346820809,0.9230769230769232,0.0769230769230769,7.482159892266447
tfnbs,"e=0.7,h=0.5,n=30,start_thres=1.25",hub,0.25,30,16,40,1730,26,8,14,1722,0.65,0.0046242774566473,0.7647058823529411,0.2352941176470588,7.482159892266447
tfnbs,"e=0.7,h=1.0,n=30,start_thres=1.25",hub,0.25,30,16,40,1730,26,8,14,1722,0.65,0.0046242774566473,0.7647058823529411,0.2352941176470588,7.482159892266447
tfnbs,"e=0.7,h=2.0,n=30,start_thres=1.25",hub,0.25,30,16,40,1730,26,8,14,1722,0.65,0.0046242774566473,0.7647058823529411,0.2352941176470588,7.482159892266447
tfnbs,"e=0.7,h=3.0,n=30,start_thres=1.25",hub,0.25,30,16,40,1730,26,8,14,1722,0.65,0.0046242774566473,0.7647058823529411,0.2352941176470588,7.482159892266447
tfnbs,"e=0.7,h=4.0,n=30,start_thres=1.25",hub,0.25,30,16,40,1730,23,6,17,1724,0.575,0.0034682080924855,0.7931034482758621,0.2068965517241379,7.482159892266447
tfnbs,"e=0.7,h=5.0,n=30,start_thres=1.25",hub,0.25,30,16,40,1730,23,6,17,1724,0.575,0.0034682080924855,0.7931034482758621,0.2068965517241379,7.482159892266447
tfnbs,"e=0.7,h=6.0,n=30,start_thres=1.25",hub,0.25,30,16,40,1730,18,3,22,1727,0.45,0.0017341040462427,0.8571428571428571,0.1428571428571428,7.482159892266447
tfnbs,"e=0.7,h=7.0,n=30,start_thres=1.25",hub,0.25,30,16,40,1730,18,3,22,1727,0.45,0.0017341040462427,0.8571428571428571,0.1428571428571428,7.482159892266447
tfnbs,"e=0.7,h=8.0,n=30,start_thres=1.25",hub,0.25,30,16,40,1730,16,3,24,1727,0.4,0.0017341040462427,0.8421052631578947,0.1578947368421052,7.482159892266447
tfnbs,"e=0.7,h=9.0,n=30,start_thres=1.25",hub,0.25,30,16,40,1730,16,2,24,1728,0.4,0.0011560693641618,0.8888888888888888,0.1111111111111111,7.482159892266447
tfnbs,"e=0.7,h=10.0,n=30,start_thres=1.25",hub,0.25,30,16,40,1730,14,1,26,1729,0.35,0.0005780346820809,0.9333333333333332,0.0666666666666666,7.482159892266447
tfnbs,"e=0.8,h=0.5,n=30,start_thres=1.25",hub,0.25,30,16,40,1730,27,10,13,1720,0.675,0.0057803468208092,0.7297297297297297,0.2702702702702703,7.482159892266447
tfnbs,"e=0.8,h=1.0,n=30,start_thres=1.25",hub,0.25,30,16,40,1730,27,10,13,1720,0.675,0.0057803468208092,0.7297297297297297,0.2702702702702703,7.482159892266447
tfnbs,"e=0.8,h=2.0,n=30,start_thres=1.25",hub,0.25,30,16,40,1730,27,10,13,1720,0.675,0.0057803468208092,0.7297297297297297,0.2702702702702703,7.482159892266447
tfnbs,"e=0.8,h=3.0,n=30,start_thres=1.25",hub,0.25,30,16,40,1730,26,8,14,1722,0.65,0.0046242774566473,0.7647058823529411,0.2352941176470588,7.482159892266447
tfnbs,"e=0.8,h=4.0,n=30,start_thres=1.25",hub,0.25,30,16,40,1730,26,8,14,1722,0.65,0.0046242774566473,0.7647058823529411,0.2352941176470588,7.482159892266447
tfnbs,"e=0.8,h=5.0,n=30,start_thres=1.25",hub,0.25,30,16,40,1730,23,6,17,1724,0.575,0.0034682080924855,0.7931034482758621,0.2068965517241379,7.482159892266447
tfnbs,"e=0.8,h=6.0,n=30,start_thres=1.25",hub,0.25,30,16,40,1730,23,6,17,1724,0.575,0.0034682080924855,0.7931034482758621,0.2068965517241379,7.482159892266447
tfnbs,"e=0.8,h=7.0,n=30,start_thres=1.25",hub,0.25,30,16,40,1730,18,3,22,1727,0.45,0.0017341040462427,0.8571428571428571,0.1428571428571428,7.482159892266447
tfnbs,"e=0.8,h=8.0,n=30,start_thres=1.25",hub,0.25,30,16,40,1730,18,3,22,1727,0.45,0.0017341040462427,0.8571428571428571,0.1428571428571428,7.482159892266447
tfnbs,"e=0.8,h=9.0,n=30,start_thres=1.25",hub,0.25,30,16,40,1730,16,2,24,1728,0.4,0.0011560693641618,0.8888888888888888,0.1111111111111111,7.482159892266447
tfnbs,"e=0.8,h=10.0,n=30,start_thres=1.25",hub,0.25,30,16,40,1730,16,2,24,1728,0.4,0.0011560693641618,0.8888888888888888,0.1111111111111111,7.482159892266447
tfnbs,"e=0.9,h=0.5,n=30,start_thres=1.25",hub,0.25,30,16,40,1730,27,10,13,1720,0.675,0.0057803468208092,0.7297297297297297,0.2702702702702703,7.482159892266447
tfnbs,"e=0.9,h=1.0,n=30,start_thres=1.25",hub,0.25,30,16,40,1730,27,10,13,1720,0.675,0.0057803468208092,0.7297297297297297,0.2702702702702703,7.482159892266447
tfnbs,"e=0.9,h=2.0,n=30,start_thres=1.25",hub,0.25,30,16,40,1730,27,10,13,1720,0.675,0.0057803468208092,0.7297297297297297,0.2702702702702703,7.482159892266447
tfnbs,"e=0.9,h=3.0,n=30,start_thres=1.25",hub,0.25,30,16,40,1730,27,10,13,1720,0.675,0.0057803468208092,0.7297297297297297,0.2702702702702703,7.482159892266447
tfnbs,"e=0.9,h=4.0,n=30,start_thres=1.25",hub,0.25,30,16,40,1730,27,10,13,1720,0.675,0.0057803468208092,0.7297297297297297,0.2702702702702703,7.482159892266447
tfnbs,"e=0.9,h=5.0,n=30,start_thres=1.25",hub,0.25,30,16,40,1730,26,8,14,1722,0.65,0.0046242774566473,0.7647058823529411,0.2352941176470588,7.482159892266447
tfnbs,"e=0.9,h=6.0,n=30,start_thres=1.25",hub,0.25,30,16,40,1730,23,7,17,1723,0.575,0.0040462427745664,0.7666666666666667,0.2333333333333333,7.482159892266447
tfnbs,"e=0.9,h=7.0,n=30,start_thres=1.25",hub,0.25,30,16,40,1730,23,6,17,1724,0.575,0.0034682080924855,0.7931034482758621,0.2068965517241379,7.482159892266447
tfnbs,"e=0.9,h=8.0,n=30,start_thres=1.25",hub,0.25,30,16,40,1730,18,3,22,1727,0.45,0.0017341040462427,0.8571428571428571,0.1428571428571428,7.482159892266447
tfnbs,"e=0.9,h=9.0,n=30,start_thres=1.25",hub,0.25,30,16,40,1730,18,3,22,1727,0.45,0.0017341040462427,0.8571428571428571,0.1428571428571428,7.482159892266447
tfnbs,"e=0.9,h=10.0,n=30,start_thres=1.25",hub,0.25,30,16,40,1730,18,2,22,1728,0.45,0.0011560693641618,0.9,0.1,7.482159892266447
tfnbs,"e=1.0,h=0.5,n=30,start_thres=1.25",hub,0.25,30,16,40,1730,27,10,13,1720,0.675,0.0057803468208092,0.7297297297297297,0.2702702702702703,7.482159892266447
tfnbs,"e=1.0,h=1.0,n=30,start_thres=1.25",hub,0.25,30,16,40,1730,27,10,13,1720,0.675,0.0057803468208092,0.7297297297297297,0.2702702702702703,7.482159892266447
tfnbs,"e=1.0,h=2.0,n=30,start_thres=1.25",hub,0.25,30,16,40,1730,27,10,13,1720,0.675,0.0057803468208092,0.7297297297297297,0.2702702702702703,7.482159892266447
tfnbs,"e=1.0,h=3.0,n=30,start_thres=1.25",hub,0.25,30,16,40,1730,27,10,13,1720,0.675,0.0057803468208092,0.7297297297297297,0.2702702702702703,7.482159892266447
tfnbs,"e=1.0,h=4.0,n=30,start_thres=1.25",hub,0.25,30,16,40,1730,27,10,13,1720,0.675,0.0057803468208092,0.7297297297297297,0.2702702702702703,7.482159892266447
tfnbs,"e=1.0,h=5.0,n=30,start_thres=1.25",hub,0.25,30,16,40,1730,27,10,13,1720,0.675,0.0057803468208092,0.7297297297297297,0.2702702702702703,7.482159892266447
tfnbs,"e=1.0,h=6.0,n=30,start_thres=1.25",hub,0.25,30,16,40,1730,26,8,14,1722,0.65,0.0046242774566473,0.7647058823529411,0.2352941176470588,7.482159892266447
tfnbs,"e=1.0,h=7.0,n=30,start_thres=1.25",hub,0.25,30,16,40,1730,26,8,14,1722,0.65,0.0046242774566473,0.7647058823529411,0.2352941176470588,7.482159892266447
tfnbs,"e=1.0,h=8.0,n=30,start_thres=1.25",hub,0.25,30,16,40,1730,23,6,17,1724,0.575,0.0034682080924855,0.7931034482758621,0.2068965517241379,7.482159892266447
tfnbs,"e=1.0,h=9.0,n=30,start_thres=1.25",hub,0.25,30,16,40,1730,18,3,22,1727,0.45,0.0017341040462427,0.8571428571428571,0.1428571428571428,7.482159892266447
tfnbs,"e=1.0,h=10.0,n=30,start_thres=1.25",hub,0.25,30,16,40,1730,18,3,22,1727,0.45,0.0017341040462427,0.8571428571428571,0.1428571428571428,7.482159892266447
tfnbs,"e=1.1,h=0.5,n=30,start_thres=1.25",hub,0.25,30,16,40,1730,30,13,10,1717,0.75,0.007514450867052,0.6976744186046512,0.3023255813953488,7.482159892266447
tfnbs,"e=1.1,h=1.0,n=30,start_thres=1.25",hub,0.25,30,16,40,1730,30,13,10,1717,0.75,0.007514450867052,0.6976744186046512,0.3023255813953488,7.482159892266447
tfnbs,"e=1.1,h=2.0,n=30,start_thres=1.25",hub,0.25,30,16,40,1730,30,13,10,1717,0.75,0.007514450867052,0.6976744186046512,0.3023255813953488,7.482159892266447
tfnbs,"e=1.1,h=3.0,n=30,start_thres=1.25",hub,0.25,30,16,40,1730,30,13,10,1717,0.75,0.007514450867052,0.6976744186046512,0.3023255813953488,7.482159892266447
tfnbs,"e=1.1,h=4.0,n=30,start_thres=1.25",hub,0.25,30,16,40,1730,27,10,13,1720,0.675,0.0057803468208092,0.7297297297297297,0.2702702702702703,7.482159892266447
tfnbs,"e=1.1,h=5.0,n=30,start_thres=1.25",hub,0.25,30,16,40,1730,27,10,13,1720,0.675,0.0057803468208092,0.7297297297297297,0.2702702702702703,7.482159892266447
tfnbs,"e=1.1,h=6.0,n=30,start_thres=1.25",hub,0.25,30,16,40,1730,27,10,13,1720,0.675,0.0057803468208092,0.7297297297297297,0.2702702702702703,7.482159892266447
tfnbs,"e=1.1,h=7.0,n=30,start_thres=1.25",hub,0.25,30,16,40,1730,26,8,14,1722,0.65,0.0046242774566473,0.7647058823529411,0.2352941176470588,7.482159892266447
tfnbs,"e=1.1,h=8.0,n=30,start_thres=1.25",hub,0.25,30,16,40,1730,26,8,14,1722,0.65,0.0046242774566473,0.7647058823529411,0.2352941176470588,7.482159892266447
tfnbs,"e=1.1,h=9.0,n=30,start_thres=1.25",hub,0.25,30,16,40,1730,23,6,17,1724,0.575,0.0034682080924855,0.7931034482758621,0.2068965517241379,7.482159892266447
tfnbs,"e=1.1,h=10.0,n=30,start_thres=1.25",hub,0.25,30,16,40,1730,18,3,22,1727,0.45,0.0017341040462427,0.8571428571428571,0.1428571428571428,7.482159892266447
tfnbs,"e=1.2,h=0.5,n=30,start_thres=1.25",hub,0.25,30,16,40,1730,30,13,10,1717,0.75,0.007514450867052,0.6976744186046512,0.3023255813953488,7.482159892266447
tfnbs,"e=1.2,h=1.0,n=30,start_thres=1.25",hub,0.25,30,16,40,1730,30,13,10,1717,0.75,0.007514450867052,0.6976744186046512,0.3023255813953488,7.482159892266447
tfnbs,"e=1.2,h=2.0,n=30,start_thres=1.25",hub,0.25,30,16,40,1730,30,13,10,1717,0.75,0.007514450867052,0.6976744186046512,0.3023255813953488,7.482159892266447
tfnbs,"e=1.2,h=3.0,n=30,start_thres=1.25",hub,0.25,30,16,40,1730,30,13,10,1717,0.75,0.007514450867052,0.6976744186046512,0.3023255813953488,7.482159892266447
tfnbs,"e=1.2,h=4.0,n=30,start_thres=1.25",hub,0.25,30,16,40,1730,30,13,10,1717,0.75,0.007514450867052,0.6976744186046512,0.3023255813953488,7.482159892266447
tfnbs,"e=1.2,h=5.0,n=30,start_thres=1.25",hub,0.25,30,16,40,1730,27,10,13,1720,0.675,0.0057803468208092,0.7297297297297297,0.2702702702702703,7.482159892266447
tfnbs,"e=1.2,h=6.0,n=30,start_thres=1.25",hub,0.25,30,16,40,1730,27,10,13,1720,0.675,0.0057803468208092,0.7297297297297297,0.2702702702702703,7.482159892266447
tfnbs,"e=1.2,h=7.0,n=30,start_thres=1.25",hub,0.25,30,16,40,1730,27,10,13,1720,0.675,0.0057803468208092,0.7297297297297297,0.2702702702702703,7.482159892266447
tfnbs,"e=1.2,h=8.0,n=30,start_thres=1.25",hub,0.25,30,16,40,1730,26,8,14,1722,0.65,0.0046242774566473,0.7647058823529411,0.2352941176470588,7.482159892266447
tfnbs,"e=1.2,h=9.0,n=30,start_thres=1.25",hub,0.25,30,16,40,1730,26,8,14,1722,0.65,0.0046242774566473,0.7647058823529411,0.2352941176470588,7.482159892266447
tfnbs,"e=1.2,h=10.0,n=30,start_thres=1.25",hub,0.25,30,16,40,1730,23,6,17,1724,0.575,0.0034682080924855,0.7931034482758621,0.2068965517241379,7.482159892266447
tfnbs,"e=1.3,h=0.5,n=30,start_thres=1.25",hub,0.25,30,16,40,1730,30,13,10,1717,0.75,0.007514450867052,0.6976744186046512,0.3023255813953488,7.482159892266447
tfnbs,"e=1.3,h=1.0,n=30,start_thres=1.25",hub,0.25,30,16,40,1730,30,13,10,1717,0.75,0.007514450867052,0.6976744186046512,0.3023255813953488,7.482159892266447
tfnbs,"e=1.3,h=2.0,n=30,start_thres=1.25",hub,0.25,30,16,40,1730,30,13,10,1717,0.75,0.007514450867052,0.6976744186046512,0.3023255813953488,7.482159892266447
tfnbs,"e=1.3,h=3.0,n=30,start_thres=1.25",hub,0.25,30,16,40,1730,30,13,10,1717,0.75,0.007514450867052,0.6976744186046512,0.3023255813953488,7.482159892266447
tfnbs,"e=1.3,h=4.0,n=30,start_thres=1.25",hub,0.25,30,16,40,1730,30,13,10,1717,0.75,0.007514450867052,0.6976744186046512,0.3023255813953488,7.482159892266447
tfnbs,"e=1.3,h=5.0,n=30,start_thres=1.25",hub,0.25,30,16,40,1730,30,13,10,1717,0.75,0.007514450867052,0.6976744186046512,0.3023255813953488,7.482159892266447
tfnbs,"e=1.3,h=6.0,n=30,start_thres=1.25",hub,0.25,30,16,40,1730,27,10,13,1720,0.675,0.0057803468208092,0.7297297297297297,0.2702702702702703,7.482159892266447
tfnbs,"e=1.3,h=7.0,n=30,start_thres=1.25",hub,0.25,30,16,40,1730,27,10,13,1720,0.675,0.0057803468208092,0.7297297297297297,0.2702702702702703,7.482159892266447
tfnbs,"e=1.3,h=8.0,n=30,start_thres=1.25",hub,0.25,30,16,40,1730,27,10,13,1720,0.675,0.0057803468208092,0.7297297297297297,0.2702702702702703,7.482159892266447
tfnbs,"e=1.3,h=9.0,n=30,start_thres=1.25",hub,0.25,30,16,40,1730,26,8,14,1722,0.65,0.0046242774566473,0.7647058823529411,0.2352941176470588,7.482159892266447
tfnbs,"e=1.3,h=10.0,n=30,start_thres=1.25",hub,0.25,30,16,40,1730,26,8,14,1722,0.65,0.0046242774566473,0.7647058823529411,0.2352941176470588,7.482159892266447
tfnbs,"e=1.4,h=0.5,n=30,start_thres=1.25",hub,0.25,30,16,40,1730,30,13,10,1717,0.75,0.007514450867052,0.6976744186046512,0.3023255813953488,7.482159892266447
tfnbs,"e=1.4,h=1.0,n=30,start_thres=1.25",hub,0.25,30,16,40,1730,30,13,10,1717,0.75,0.007514450867052,0.6976744186046512,0.3023255813953488,7.482159892266447
tfnbs,"e=1.4,h=2.0,n=30,start_thres=1.25",hub,0.25,30,16,40,1730,30,13,10,1717,0.75,0.007514450867052,0.6976744186046512,0.3023255813953488,7.482159892266447
tfnbs,"e=1.4,h=3.0,n=30,start_thres=1.25",hub,0.25,30,16,40,1730,30,13,10,1717,0.75,0.007514450867052,0.6976744186046512,0.3023255813953488,7.482159892266447
tfnbs,"e=1.4,h=4.0,n=30,start_thres=1.25",hub,0.25,30,16,40,1730,30,13,10,1717,0.75,0.007514450867052,0.6976744186046512,0.3023255813953488,7.482159892266447
tfnbs,"e=1.4,h=5.0,n=30,start_thres=1.25",hub,0.25,30,16,40,1730,30,13,10,1717,0.75,0.007514450867052,0.6976744186046512,0.3023255813953488,7.482159892266447
tfnbs,"e=1.4,h=6.0,n=30,start_thres=1.25",hub,0.25,30,16,40,1730,30,13,10,1717,0.75,0.007514450867052,0.6976744186046512,0.3023255813953488,7.482159892266447
tfnbs,"e=1.4,h=7.0,n=30,start_thres=1.25",hub,0.25,30,16,40,1730,30,13,10,1717,0.75,0.007514450867052,0.6976744186046512,0.3023255813953488,7.482159892266447
tfnbs,"e=1.4,h=8.0,n=30,start_thres=1.25",hub,0.25,30,16,40,1730,27,10,13,1720,0.675,0.0057803468208092,0.7297297297297297,0.2702702702702703,7.482159892266447
tfnbs,"e=1.4,h=9.0,n=30,start_thres=1.25",hub,0.25,30,16,40,1730,27,10,13,1720,0.675,0.0057803468208092,0.7297297297297297,0.2702702702702703,7.482159892266447
tfnbs,"e=1.4,h=10.0,n=30,start_thres=1.25",hub,0.25,30,16,40,1730,26,8,14,1722,0.65,0.0046242774566473,0.7647058823529411,0.2352941176470588,7.482159892266447
tfnbs,"e=1.5,h=0.5,n=30,start_thres=1.25",hub,0.25,30,16,40,1730,30,13,10,1717,0.75,0.007514450867052,0.6976744186046512,0.3023255813953488,7.482159892266447
tfnbs,"e=1.5,h=1.0,n=30,start_thres=1.25",hub,0.25,30,16,40,1730,30,13,10,1717,0.75,0.007514450867052,0.6976744186046512,0.3023255813953488,7.482159892266447
tfnbs,"e=1.5,h=2.0,n=30,start_thres=1.25",hub,0.25,30,16,40,1730,30,13,10,1717,0.75,0.007514450867052,0.6976744186046512,0.3023255813953488,7.482159892266447
tfnbs,"e=1.5,h=3.0,n=30,start_thres=1.25",hub,0.25,30,16,40,1730,30,13,10,1717,0.75,0.007514450867052,0.6976744186046512,0.3023255813953488,7.482159892266447
tfnbs,"e=1.5,h=4.0,n=30,start_thres=1.25",hub,0.25,30,16,40,1730,30,13,10,1717,0.75,0.007514450867052,0.6976744186046512,0.3023255813953488,7.482159892266447
tfnbs,"e=1.5,h=5.0,n=30,start_thres=1.25",hub,0.25,30,16,40,1730,30,13,10,1717,0.75,0.007514450867052,0.6976744186046512,0.3023255813953488,7.482159892266447
tfnbs,"e=1.5,h=6.0,n=30,start_thres=1.25",hub,0.25,30,16,40,1730,30,13,10,1717,0.75,0.007514450867052,0.6976744186046512,0.3023255813953488,7.482159892266447
tfnbs,"e=1.5,h=7.0,n=30,start_thres=1.25",hub,0.25,30,16,40,1730,30,13,10,1717,0.75,0.007514450867052,0.6976744186046512,0.3023255813953488,7.482159892266447
tfnbs,"e=1.5,h=8.0,n=30,start_thres=1.25",hub,0.25,30,16,40,1730,30,13,10,1717,0.75,0.007514450867052,0.6976744186046512,0.3023255813953488,7.482159892266447
tfnbs,"e=1.5,h=9.0,n=30,start_thres=1.25",hub,0.25,30,16,40,1730,27,10,13,1720,0.675,0.0057803468208092,0.7297297297297297,0.2702702702702703,7.482159892266447
tfnbs,"e=1.5,h=10.0,n=30,start_thres=1.25",hub,0.25,30,16,40,1730,27,10,13,1720,0.675,0.0057803468208092,0.7297297297297297,0.2702702702702703,7.482159892266447
tfnbs,"e=0.05,h=0.5,n=30,start_thres=1.25",hub,0.25,30,18,40,1730,1,0,39,1730,0.025,0.0,1.0,0.0,7.484889843247154
tfnbs,"e=0.05,h=1.0,n=30,start_thres=1.25",hub,0.25,30,18,40,1730,1,0,39,1730,0.025,0.0,1.0,0.0,7.484889843247154
tfnbs,"e=0.05,h=2.0,n=30,start_thres=1.25",hub,0.25,30,18,40,1730,1,0,39,1730,0.025,0.0,1.0,0.0,7.484889843247154
tfnbs,"e=0.05,h=3.0,n=30,start_thres=1.25",hub,0.25,30,18,40,1730,1,0,39,1730,0.025,0.0,1.0,0.0,7.484889843247154
tfnbs,"e=0.05,h=4.0,n=30,start_thres=1.25",hub,0.25,30,18,40,1730,1,0,39,1730,0.025,0.0,1.0,0.0,7.484889843247154
tfnbs,"e=0.05,h=5.0,n=30,start_thres=1.25",hub,0.25,30,18,40,1730,1,0,39,1730,0.025,0.0,1.0,0.0,7.484889843247154
tfnbs,"e=0.05,h=6.0,n=30,start_thres=1.25",hub,0.25,30,18,40,1730,1,0,39,1730,0.025,0.0,1.0,0.0,7.484889843247154
tfnbs,"e=0.05,h=7.0,n=30,start_thres=1.25",hub,0.25,30,18,40,1730,1,0,39,1730,0.025,0.0,1.0,0.0,7.484889843247154
tfnbs,"e=0.05,h=8.0,n=30,start_thres=1.25",hub,0.25,30,18,40,1730,1,0,39,1730,0.025,0.0,1.0,0.0,7.484889843247154
tfnbs,"e=0.05,h=9.0,n=30,start_thres=1.25",hub,0.25,30,18,40,1730,1,0,39,1730,0.025,0.0,1.0,0.0,7.484889843247154
tfnbs,"e=0.05,h=10.0,n=30,start_thres=1.25",hub,0.25,30,18,40,1730,1,0,39,1730,0.025,0.0,1.0,0.0,7.484889843247154
tfnbs,"e=0.1,h=0.5,n=30,start_thres=1.25",hub,0.25,30,18,40,1730,1,0,39,1730,0.025,0.0,1.0,0.0,7.484889843247154
tfnbs,"e=0.1,h=1.0,n=30,start_thres=1.25",hub,0.25,30,18,40,1730,1,0,39,1730,0.025,0.0,1.0,0.0,7.484889843247154
tfnbs,"e=0.1,h=2.0,n=30,start_thres=1.25",hub,0.25,30,18,40,1730,1,0,39,1730,0.025,0.0,1.0,0.0,7.484889843247154
tfnbs,"e=0.1,h=3.0,n=30,start_thres=1.25",hub,0.25,30,18,40,1730,1,0,39,1730,0.025,0.0,1.0,0.0,7.484889843247154
tfnbs,"e=0.1,h=4.0,n=30,start_thres=1.25",hub,0.25,30,18,40,1730,1,0,39,1730,0.025,0.0,1.0,0.0,7.484889843247154
tfnbs,"e=0.1,h=5.0,n=30,start_thres=1.25",hub,0.25,30,18,40,1730,1,0,39,1730,0.025,0.0,1.0,0.0,7.484889843247154
tfnbs,"e=0.1,h=6.0,n=30,start_thres=1.25",hub,0.25,30,18,40,1730,1,0,39,1730,0.025,0.0,1.0,0.0,7.484889843247154
tfnbs,"e=0.1,h=7.0,n=30,start_thres=1.25",hub,0.25,30,18,40,1730,1,0,39,1730,0.025,0.0,1.0,0.0,7.484889843247154
tfnbs,"e=0.1,h=8.0,n=30,start_thres=1.25",hub,0.25,30,18,40,1730,1,0,39,1730,0.025,0.0,1.0,0.0,7.484889843247154
tfnbs,"e=0.1,h=9.0,n=30,start_thres=1.25",hub,0.25,30,18,40,1730,1,0,39,1730,0.025,0.0,1.0,0.0,7.484889843247154
tfnbs,"e=0.1,h=10.0,n=30,start_thres=1.25",hub,0.25,30,18,40,1730,1,0,39,1730,0.025,0.0,1.0,0.0,7.484889843247154
tfnbs,"e=0.2,h=0.5,n=30,start_thres=1.25",hub,0.25,30,18,40,1730,2,0,38,1730,0.05,0.0,1.0,0.0,7.484889843247154
tfnbs,"e=0.2,h=1.0,n=30,start_thres=1.25",hub,0.25,30,18,40,1730,2,0,38,1730,0.05,0.0,1.0,0.0,7.484889843247154
tfnbs,"e=0.2,h=2.0,n=30,start_thres=1.25",hub,0.25,30,18,40,1730,1,0,39,1730,0.025,0.0,1.0,0.0,7.484889843247154
tfnbs,"e=0.2,h=3.0,n=30,start_thres=1.25",hub,0.25,30,18,40,1730,1,0,39,1730,0.025,0.0,1.0,0.0,7.484889843247154
tfnbs,"e=0.2,h=4.0,n=30,start_thres=1.25",hub,0.25,30,18,40,1730,1,0,39,1730,0.025,0.0,1.0,0.0,7.484889843247154
tfnbs,"e=0.2,h=5.0,n=30,start_thres=1.25",hub,0.25,30,18,40,1730,1,0,39,1730,0.025,0.0,1.0,0.0,7.484889843247154
tfnbs,"e=0.2,h=6.0,n=30,start_thres=1.25",hub,0.25,30,18,40,1730,1,0,39,1730,0.025,0.0,1.0,0.0,7.484889843247154
tfnbs,"e=0.2,h=7.0,n=30,start_thres=1.25",hub,0.25,30,18,40,1730,1,0,39,1730,0.025,0.0,1.0,0.0,7.484889843247154
tfnbs,"e=0.2,h=8.0,n=30,start_thres=1.25",hub,0.25,30,18,40,1730,1,0,39,1730,0.025,0.0,1.0,0.0,7.484889843247154
tfnbs,"e=0.2,h=9.0,n=30,start_thres=1.25",hub,0.25,30,18,40,1730,1,0,39,1730,0.025,0.0,1.0,0.0,7.484889843247154
tfnbs,"e=0.2,h=10.0,n=30,start_thres=1.25",hub,0.25,30,18,40,1730,1,0,39,1730,0.025,0.0,1.0,0.0,7.484889843247154
tfnbs,"e=0.3,h=0.5,n=30,start_thres=1.25",hub,0.25,30,18,40,1730,2,0,38,1730,0.05,0.0,1.0,0.0,7.484889843247154
tfnbs,"e=0.3,h=1.0,n=30,start_thres=1.25",hub,0.25,30,18,40,1730,2,0,38,1730,0.05,0.0,1.0,0.0,7.484889843247154
tfnbs,"e=0.3,h=2.0,n=30,start_thres=1.25",hub,0.25,30,18,40,1730,2,0,38,1730,0.05,0.0,1.0,0.0,7.484889843247154
tfnbs,"e=0.3,h=3.0,n=30,start_thres=1.25",hub,0.25,30,18,40,1730,1,0,39,1730,0.025,0.0,1.0,0.0,7.484889843247154
tfnbs,"e=0.3,h=4.0,n=30,start_thres=1.25",hub,0.25,30,18,40,1730,1,0,39,1730,0.025,0.0,1.0,0.0,7.484889843247154
tfnbs,"e=0.3,h=5.0,n=30,start_thres=1.25",hub,0.25,30,18,40,1730,1,0,39,1730,0.025,0.0,1.0,0.0,7.484889843247154
tfnbs,"e=0.3,h=6.0,n=30,start_thres=1.25",hub,0.25,30,18,40,1730,1,0,39,1730,0.025,0.0,1.0,0.0,7.484889843247154
tfnbs,"e=0.3,h=7.0,n=30,start_thres=1.25",hub,0.25,30,18,40,1730,1,0,39,1730,0.025,0.0,1.0,0.0,7.484889843247154
tfnbs,"e=0.3,h=8.0,n=30,start_thres=1.25",hub,0.25,30,18,40,1730,1,0,39,1730,0.025,0.0,1.0,0.0,7.484889843247154
tfnbs,"e=0.3,h=9.0,n=30,start_thres=1.25",hub,0.25,30,18,40,1730,1,0,39,1730,0.025,0.0,1.0,0.0,7.484889843247154
tfnbs,"e=0.3,h=10.0,n=30,start_thres=1.25",hub,0.25,30,18,40,1730,1,0,39,1730,0.025,0.0,1.0,0.0,7.484889843247154
tfnbs,"e=0.4,h=0.5,n=30,start_thres=1.25",hub,0.25,30,18,40,1730,7,0,33,1730,0.175,0.0,1.0,0.0,7.484889843247154
tfnbs,"e=0.4,h=1.0,n=30,start_thres=1.25",hub,0.25,30,18,40,1730,7,0,33,1730,0.175,0.0,1.0,0.0,7.484889843247154
tfnbs,"e=0.4,h=2.0,n=30,start_thres=1.25",hub,0.25,30,18,40,1730,6,0,34,1730,0.15,0.0,1.0,0.0,7.484889843247154
tfnbs,"e=0.4,h=3.0,n=30,start_thres=1.25",hub,0.25,30,18,40,1730,2,0,38,1730,0.05,0.0,1.0,0.0,7.484889843247154
tfnbs,"e=0.4,h=4.0,n=30,start_thres=1.25",hub,0.25,30,18,40,1730,2,0,38,1730,0.05,0.0,1.0,0.0,7.484889843247154
tfnbs,"e=0.4,h=5.0,n=30,start_thres=1.25",hub,0.25,30,18,40,1730,1,0,39,1730,0.025,0.0,1.0,0.0,7.484889843247154
tfnbs,"e=0.4,h=6.0,n=30,start_thres=1.25",hub,0.25,30,18,40,1730,1,0,39,1730,0.025,0.0,1.0,0.0,7.484889843247154
tfnbs,"e=0.4,h=7.0,n=30,start_thres=1.25",hub,0.25,30,18,40,1730,1,0,39,1730,0.025,0.0,1.0,0.0,7.484889843247154
tfnbs,"e=0.4,h=8.0,n=30,start_thres=1.25",hub,0.25,30,18,40,1730,1,0,39,1730,0.025,0.0,1.0,0.0,7.484889843247154
tfnbs,"e=0.4,h=9.0,n=30,start_thres=1.25",hub,0.25,30,18,40,1730,1,0,39,1730,0.025,0.0,1.0,0.0,7.484889843247154
tfnbs,"e=0.4,h=10.0,n=30,start_thres=1.25",hub,0.25,30,18,40,1730,1,0,39,1730,0.025,0.0,1.0,0.0,7.484889843247154
tfnbs,"e=0.5,h=0.5,n=30,start_thres=1.25",hub,0.25,30,18,40,1730,8,0,32,1730,0.2,0.0,1.0,0.0,7.484889843247154
tfnbs,"e=0.5,h=1.0,n=30,start_thres=1.25",hub,0.25,30,18,40,1730,8,0,32,1730,0.2,0.0,1.0,0.0,7.484889843247154
tfnbs,"e=0.5,h=2.0,n=30,start_thres=1.25",hub,0.25,30,18,40,1730,7,0,33,1730,0.175,0.0,1.0,0.0,7.484889843247154
tfnbs,"e=0.5,h=3.0,n=30,start_thres=1.25",hub,0.25,30,18,40,1730,6,0,34,1730,0.15,0.0,1.0,0.0,7.484889843247154
tfnbs,"e=0.5,h=4.0,n=30,start_thres=1.25",hub,0.25,30,18,40,1730,2,0,38,1730,0.05,0.0,1.0,0.0,7.484889843247154
tfnbs,"e=0.5,h=5.0,n=30,start_thres=1.25",hub,0.25,30,18,40,1730,2,0,38,1730,0.05,0.0,1.0,0.0,7.484889843247154
tfnbs,"e=0.5,h=6.0,n=30,start_thres=1.25",hub,0.25,30,18,40,1730,1,0,39,1730,0.025,0.0,1.0,0.0,7.484889843247154
tfnbs,"e=0.5,h=7.0,n=30,start_thres=1.25",hub,0.25,30,18,40,1730,1,0,39,1730,0.025,0.0,1.0,0.0,7.484889843247154
tfnbs,"e=0.5,h=8.0,n=30,start_thres=1.25",hub,0.25,30,18,40,1730,1,0,39,1730,0.025,0.0,1.0,0.0,7.484889843247154
tfnbs,"e=0.5,h=9.0,n=30,start_thres=1.25",hub,0.25,30,18,40,1730,1,0,39,1730,0.025,0.0,1.0,0.0,7.484889843247154
tfnbs,"e=0.5,h=10.0,n=30,start_thres=1.25",hub,0.25,30,18,40,1730,1,0,39,1730,0.025,0.0,1.0,0.0,7.484889843247154
tfnbs,"e=0.6,h=0.5,n=30,start_thres=1.25",hub,0.25,30,18,40,1730,8,0,32,1730,0.2,0.0,1.0,0.0,7.484889843247154
tfnbs,"e=0.6,h=1.0,n=30,start_thres=1.25",hub,0.25,30,18,40,1730,8,0,32,1730,0.2,0.0,1.0,0.0,7.484889843247154
tfnbs,"e=0.6,h=2.0,n=30,start_thres=1.25",hub,0.25,30,18,40,1730,8,0,32,1730,0.2,0.0,1.0,0.0,7.484889843247154
tfnbs,"e=0.6,h=3.0,n=30,start_thres=1.25",hub,0.25,30,18,40,1730,8,0,32,1730,0.2,0.0,1.0,0.0,7.484889843247154
tfnbs,"e=0.6,h=4.0,n=30,start_thres=1.25",hub,0.25,30,18,40,1730,6,0,34,1730,0.15,0.0,1.0,0.0,7.484889843247154
tfnbs,"e=0.6,h=5.0,n=30,start_thres=1.25",hub,0.25,30,18,40,1730,2,0,38,1730,0.05,0.0,1.0,0.0,7.484889843247154
tfnbs,"e=0.6,h=6.0,n=30,start_thres=1.25",hub,0.25,30,18,40,1730,2,0,38,1730,0.05,0.0,1.0,0.0,7.484889843247154
tfnbs,"e=0.6,h=7.0,n=30,start_thres=1.25",hub,0.25,30,18,40,1730,2,0,38,1730,0.05,0.0,1.0,0.0,7.484889843247154
tfnbs,"e=0.6,h=8.0,n=30,start_thres=1.25",hub,0.25,30,18,40,1730,1,0,39,1730,0.025,0.0,1.0,0.0,7.484889843247154
tfnbs,"e=0.6,h=9.0,n=30,start_thres=1.25",hub,0.25,30,18,40,1730,1,0,39,1730,0.025,0.0,1.0,0.0,7.484889843247154
tfnbs,"e=0.6,h=10.0,n=30,start_thres=1.25",hub,0.25,30,18,40,1730,1,0,39,1730,0.025,0.0,1.0,0.0,7.484889843247154
tfnbs,"e=0.7,h=0.5,n=30,start_thres=1.25",hub,0.25,30,18,40,1730,8,0,32,1730,0.2,0.0,1.0,0.0,7.484889843247154
tfnbs,"e=0.7,h=1.0,n=30,start_thres=1.25",hub,0.25,30,18,40,1730,8,0,32,1730,0.2,0.0,1.0,0.0,7.484889843247154
tfnbs,"e=0.7,h=2.0,n=30,start_thres=1.25",hub,0.25,30,18,40,1730,8,0,32,1730,0.2,0.0,1.0,0.0,7.484889843247154
tfnbs,"e=0.7,h=3.0,n=30,start_thres=1.25",hub,0.25,30,18,40,1730,8,0,32,1730,0.2,0.0,1.0,0.0,7.484889843247154
tfnbs,"e=0.7,h=4.0,n=30,start_thres=1.25",hub,0.25,30,18,40,1730,8,0,32,1730,0.2,0.0,1.0,0.0,7.484889843247154
tfnbs,"e=0.7,h=5.0,n=30,start_thres=1.25",hub,0.25,30,18,40,1730,7,0,33,1730,0.175,0.0,1.0,0.0,7.484889843247154
tfnbs,"e=0.7,h=6.0,n=30,start_thres=1.25",hub,0.25,30,18,40,1730,2,0,38,1730,0.05,0.0,1.0,0.0,7.484889843247154
tfnbs,"e=0.7,h=7.0,n=30,start_thres=1.25",hub,0.25,30,18,40,1730,2,0,38,1730,0.05,0.0,1.0,0.0,7.484889843247154
tfnbs,"e=0.7,h=8.0,n=30,start_thres=1.25",hub,0.25,30,18,40,1730,2,0,38,1730,0.05,0.0,1.0,0.0,7.484889843247154
tfnbs,"e=0.7,h=9.0,n=30,start_thres=1.25",hub,0.25,30,18,40,1730,1,0,39,1730,0.025,0.0,1.0,0.0,7.484889843247154
tfnbs,"e=0.7,h=10.0,n=30,start_thres=1.25",hub,0.25,30,18,40,1730,1,0,39,1730,0.025,0.0,1.0,0.0,7.484889843247154
tfnbs,"e=0.8,h=0.5,n=30,start_thres=1.25",hub,0.25,30,18,40,1730,8,0,32,1730,0.2,0.0,1.0,0.0,7.484889843247154
tfnbs,"e=0.8,h=1.0,n=30,start_thres=1.25",hub,0.25,30,18,40,1730,8,0,32,1730,0.2,0.0,1.0,0.0,7.484889843247154
tfnbs,"e=0.8,h=2.0,n=30,start_thres=1.25",hub,0.25,30,18,40,1730,8,0,32,1730,0.2,0.0,1.0,0.0,7.484889843247154
tfnbs,"e=0.8,h=3.0,n=30,start_thres=1.25",hub,0.25,30,18,40,1730,8,0,32,1730,0.2,0.0,1.0,0.0,7.484889843247154
tfnbs,"e=0.8,h=4.0,n=30,start_thres=1.25",hub,0.25,30,18,40,1730,8,0,32,1730,0.2,0.0,1.0,0.0,7.484889843247154
tfnbs,"e=0.8,h=5.0,n=30,start_thres=1.25",hub,0.25,30,18,40,1730,8,0,32,1730,0.2,0.0,1.0,0.0,7.484889843247154
tfnbs,"e=0.8,h=6.0,n=30,start_thres=1.25",hub,0.25,30,18,40,1730,7,0,33,1730,0.175,0.0,1.0,0.0,7.484889843247154
tfnbs,"e=0.8,h=7.0,n=30,start_thres=1.25",hub,0.25,30,18,40,1730,2,0,38,1730,0.05,0.0,1.0,0.0,7.484889843247154
tfnbs,"e=0.8,h=8.0,n=30,start_thres=1.25",hub,0.25,30,18,40,1730,2,0,38,1730,0.05,0.0,1.0,0.0,7.484889843247154
tfnbs,"e=0.8,h=9.0,n=30,start_thres=1.25",hub,0.25,30,18,40,1730,2,0,38,1730,0.05,0.0,1.0,0.0,7.484889843247154
tfnbs,"e=0.8,h=10.0,n=30,start_thres=1.25",hub,0.25,30,18,40,1730,1,0,39,1730,0.025,0.0,1.0,0.0,7.484889843247154
tfnbs,"e=0.9,h=0.5,n=30,start_thres=1.25",hub,0.25,30,18,40,1730,8,0,32,1730,0.2,0.0,1.0,0.0,7.484889843247154
tfnbs,"e=0.9,h=1.0,n=30,start_thres=1.25",hub,0.25,30,18,40,1730,8,0,32,1730,0.2,0.0,1.0,0.0,7.484889843247154
tfnbs,"e=0.9,h=2.0,n=30,start_thres=1.25",hub,0.25,30,18,40,1730,9,0,31,1730,0.225,0.0,1.0,0.0,7.484889843247154
tfnbs,"e=0.9,h=3.0,n=30,start_thres=1.25",hub,0.25,30,18,40,1730,9,0,31,1730,0.225,0.0,1.0,0.0,7.484889843247154
tfnbs,"e=0.9,h=4.0,n=30,start_thres=1.25",hub,0.25,30,18,40,1730,8,0,32,1730,0.2,0.0,1.0,0.0,7.484889843247154
tfnbs,"e=0.9,h=5.0,n=30,start_thres=1.25",hub,0.25,30,18,40,1730,8,0,32,1730,0.2,0.0,1.0,0.0,7.484889843247154
tfnbs,"e=0.9,h=6.0,n=30,start_thres=1.25",hub,0.25,30,18,40,1730,8,0,32,1730,0.2,0.0,1.0,0.0,7.484889843247154
tfnbs,"e=0.9,h=7.0,n=30,start_thres=1.25",hub,0.25,30,18,40,1730,7,0,33,1730,0.175,0.0,1.0,0.0,7.484889843247154
tfnbs,"e=0.9,h=8.0,n=30,start_thres=1.25",hub,0.25,30,18,40,1730,6,0,34,1730,0.15,0.0,1.0,0.0,7.484889843247154
tfnbs,"e=0.9,h=9.0,n=30,start_thres=1.25",hub,0.25,30,18,40,1730,2,0,38,1730,0.05,0.0,1.0,0.0,7.484889843247154
tfnbs,"e=0.9,h=10.0,n=30,start_thres=1.25",hub,0.25,30,18,40,1730,2,0,38,1730,0.05,0.0,1.0,0.0,7.484889843247154
tfnbs,"e=1.0,h=0.5,n=30,start_thres=1.25",hub,0.25,30,18,40,1730,8,0,32,1730,0.2,0.0,1.0,0.0,7.484889843247154
tfnbs,"e=1.0,h=1.0,n=30,start_thres=1.25",hub,0.25,30,18,40,1730,8,0,32,1730,0.2,0.0,1.0,0.0,7.484889843247154
tfnbs,"e=1.0,h=2.0,n=30,start_thres=1.25",hub,0.25,30,18,40,1730,8,0,32,1730,0.2,0.0,1.0,0.0,7.484889843247154
tfnbs,"e=1.0,h=3.0,n=30,start_thres=1.25",hub,0.25,30,18,40,1730,9,0,31,1730,0.225,0.0,1.0,0.0,7.484889843247154
tfnbs,"e=1.0,h=4.0,n=30,start_thres=1.25",hub,0.25,30,18,40,1730,9,0,31,1730,0.225,0.0,1.0,0.0,7.484889843247154
tfnbs,"e=1.0,h=5.0,n=30,start_thres=1.25",hub,0.25,30,18,40,1730,9,0,31,1730,0.225,0.0,1.0,0.0,7.484889843247154
tfnbs,"e=1.0,h=6.0,n=30,start_thres=1.25",hub,0.25,30,18,40,1730,8,0,32,1730,0.2,0.0,1.0,0.0,7.484889843247154
tfnbs,"e=1.0,h=7.0,n=30,start_thres=1.25",hub,0.25,30,18,40,1730,8,0,32,1730,0.2,0.0,1.0,0.0,7.484889843247154
tfnbs,"e=1.0,h=8.0,n=30,start_thres=1.25",hub,0.25,30,18,40,1730,7,0,33,1730,0.175,0.0,1.0,0.0,7.484889843247154
tfnbs,"e=1.0,h=9.0,n=30,start_thres=1.25",hub,0.25,30,18,40,1730,6,0,34,1730,0.15,0.0,1.0,0.0,7.484889843247154
tfnbs,"e=1.0,h=10.0,n=30,start_thres=1.25",hub,0.25,30,18,40,1730,2,0,38,1730,0.05,0.0,1.0,0.0,7.484889843247154
tfnbs,"e=1.1,h=0.5,n=30,start_thres=1.25",hub,0.25,30,18,40,1730,1,0,39,1730,0.025,0.0,1.0,0.0,7.484889843247154
tfnbs,"e=1.1,h=1.0,n=30,start_thres=1.25",hub,0.25,30,18,40,1730,8,0,32,1730,0.2,0.0,1.0,0.0,7.484889843247154
tfnbs,"e=1.1,h=2.0,n=30,start_thres=1.25",hub,0.25,30,18,40,1730,9,0,31,1730,0.225,0.0,1.0,0.0,7.484889843247154
tfnbs,"e=1.1,h=3.0,n=30,start_thres=1.25",hub,0.25,30,18,40,1730,11,0,29,1730,0.275,0.0,1.0,0.0,7.484889843247154
tfnbs,"e=1.1,h=4.0,n=30,start_thres=1.25",hub,0.25,30,18,40,1730,11,0,29,1730,0.275,0.0,1.0,0.0,7.484889843247154
tfnbs,"e=1.1,h=5.0,n=30,start_thres=1.25",hub,0.25,30,18,40,1730,9,0,31,1730,0.225,0.0,1.0,0.0,7.484889843247154
tfnbs,"e=1.1,h=6.0,n=30,start_thres=1.25",hub,0.25,30,18,40,1730,9,0,31,1730,0.225,0.0,1.0,0.0,7.484889843247154
tfnbs,"e=1.1,h=7.0,n=30,start_thres=1.25",hub,0.25,30,18,40,1730,8,0,32,1730,0.2,0.0,1.0,0.0,7.484889843247154
tfnbs,"e=1.1,h=8.0,n=30,start_thres=1.25",hub,0.25,30,18,40,1730,8,0,32,1730,0.2,0.0,1.0,0.0,7.484889843247154
tfnbs,"e=1.1,h=9.0,n=30,start_thres=1.25",hub,0.25,30,18,40,1730,7,0,33,1730,0.175,0.0,1.0,0.0,7.484889843247154
tfnbs,"e=1.1,h=10.0,n=30,start_thres=1.25",hub,0.25,30,18,40,1730,6,0,34,1730,0.15,0.0,1.0,0.0,7.484889843247154
tfnbs,"e=1.2,h=0.5,n=30,start_thres=1.25",hub,0.25,30,18,40,1730,0,0,40,1730,0.0,0.0,0.0,0.0,7.484889843247154
tfnbs,"e=1.2,h=1.0,n=30,start_thres=1.25",hub,0.25,30,18,40,1730,1,0,39,1730,0.025,0.0,1.0,0.0,7.484889843247154
tfnbs,"e=1.2,h=2.0,n=30,start_thres=1.25",hub,0.25,30,18,40,1730,8,0,32,1730,0.2,0.0,1.0,0.0,7.484889843247154
tfnbs,"e=1.2,h=3.0,n=30,start_thres=1.25",hub,0.25,30,18,40,1730,9,0,31,1730,0.225,0.0,1.0,0.0,7.484889843247154
tfnbs,"e=1.2,h=4.0,n=30,start_thres=1.25",hub,0.25,30,18,40,1730,11,0,29,1730,0.275,0.0,1.0,0.0,7.484889843247154
tfnbs,"e=1.2,h=5.0,n=30,start_thres=1.25",hub,0.25,30,18,40,1730,11,0,29,1730,0.275,0.0,1.0,0.0,7.484889843247154
tfnbs,"e=1.2,h=6.0,n=30,start_thres=1.25",hub,0.25,30,18,40,1730,9,0,31,1730,0.225,0.0,1.0,0.0,7.484889843247154
tfnbs,"e=1.2,h=7.0,n=30,start_thres=1.25",hub,0.25,30,18,40,1730,9,0,31,1730,0.225,0.0,1.0,0.0,7.484889843247154
tfnbs,"e=1.2,h=8.0,n=30,start_thres=1.25",hub,0.25,30,18,40,1730,8,0,32,1730,0.2,0.0,1.0,0.0,7.484889843247154
tfnbs,"e=1.2,h=9.0,n=30,start_thres=1.25",hub,0.25,30,18,40,1730,8,0,32,1730,0.2,0.0,1.0,0.0,7.484889843247154
tfnbs,"e=1.2,h=10.0,n=30,start_thres=1.25",hub,0.25,30,18,40,1730,7,0,33,1730,0.175,0.0,1.0,0.0,7.484889843247154
tfnbs,"e=1.3,h=0.5,n=30,start_thres=1.25",hub,0.25,30,18,40,1730,0,0,40,1730,0.0,0.0,0.0,0.0,7.484889843247154
tfnbs,"e=1.3,h=1.0,n=30,start_thres=1.25",hub,0.25,30,18,40,1730,0,0,40,1730,0.0,0.0,0.0,0.0,7.484889843247154
tfnbs,"e=1.3,h=2.0,n=30,start_thres=1.25",hub,0.25,30,18,40,1730,8,0,32,1730,0.2,0.0,1.0,0.0,7.484889843247154
tfnbs,"e=1.3,h=3.0,n=30,start_thres=1.25",hub,0.25,30,18,40,1730,9,0,31,1730,0.225,0.0,1.0,0.0,7.484889843247154
tfnbs,"e=1.3,h=4.0,n=30,start_thres=1.25",hub,0.25,30,18,40,1730,11,0,29,1730,0.275,0.0,1.0,0.0,7.484889843247154
tfnbs,"e=1.3,h=5.0,n=30,start_thres=1.25",hub,0.25,30,18,40,1730,13,1,27,1729,0.325,0.0005780346820809,0.9285714285714286,0.0714285714285714,7.484889843247154
tfnbs,"e=1.3,h=6.0,n=30,start_thres=1.25",hub,0.25,30,18,40,1730,11,0,29,1730,0.275,0.0,1.0,0.0,7.484889843247154
tfnbs,"e=1.3,h=7.0,n=30,start_thres=1.25",hub,0.25,30,18,40,1730,11,0,29,1730,0.275,0.0,1.0,0.0,7.484889843247154
tfnbs,"e=1.3,h=8.0,n=30,start_thres=1.25",hub,0.25,30,18,40,1730,8,0,32,1730,0.2,0.0,1.0,0.0,7.484889843247154
tfnbs,"e=1.3,h=9.0,n=30,start_thres=1.25",hub,0.25,30,18,40,1730,8,0,32,1730,0.2,0.0,1.0,0.0,7.484889843247154
tfnbs,"e=1.3,h=10.0,n=30,start_thres=1.25",hub,0.25,30,18,40,1730,7,0,33,1730,0.175,0.0,1.0,0.0,7.484889843247154
tfnbs,"e=1.4,h=0.5,n=30,start_thres=1.25",hub,0.25,30,18,40,1730,0,0,40,1730,0.0,0.0,0.0,0.0,7.484889843247154
tfnbs,"e=1.4,h=1.0,n=30,start_thres=1.25",hub,0.25,30,18,40,1730,0,0,40,1730,0.0,0.0,0.0,0.0,7.484889843247154
tfnbs,"e=1.4,h=2.0,n=30,start_thres=1.25",hub,0.25,30,18,40,1730,1,0,39,1730,0.025,0.0,1.0,0.0,7.484889843247154
tfnbs,"e=1.4,h=3.0,n=30,start_thres=1.25",hub,0.25,30,18,40,1730,8,0,32,1730,0.2,0.0,1.0,0.0,7.484889843247154
tfnbs,"e=1.4,h=4.0,n=30,start_thres=1.25",hub,0.25,30,18,40,1730,11,0,29,1730,0.275,0.0,1.0,0.0,7.484889843247154
tfnbs,"e=1.4,h=5.0,n=30,start_thres=1.25",hub,0.25,30,18,40,1730,13,1,27,1729,0.325,0.0005780346820809,0.9285714285714286,0.0714285714285714,7.484889843247154
tfnbs,"e=1.4,h=6.0,n=30,start_thres=1.25",hub,0.25,30,18,40,1730,13,1,27,1729,0.325,0.0005780346820809,0.9285714285714286,0.0714285714285714,7.484889843247154
tfnbs,"e=1.4,h=7.0,n=30,start_thres=1.25",hub,0.25,30,18,40,1730,11,0,29,1730,0.275,0.0,1.0,0.0,7.484889843247154
tfnbs,"e=1.4,h=8.0,n=30,start_thres=1.25",hub,0.25,30,18,40,1730,11,0,29,1730,0.275,0.0,1.0,0.0,7.484889843247154
tfnbs,"e=1.4,h=9.0,n=30,start_thres=1.25",hub,0.25,30,18,40,1730,8,0,32,1730,0.2,0.0,1.0,0.0,7.484889843247154
tfnbs,"e=1.4,h=10.0,n=30,start_thres=1.25",hub,0.25,30,18,40,1730,8,0,32,1730,0.2,0.0,1.0,0.0,7.484889843247154
tfnbs,"e=1.5,h=0.5,n=30,start_thres=1.25",hub,0.25,30,18,40,1730,0,0,40,1730,0.0,0.0,0.0,0.0,7.484889843247154
tfnbs,"e=1.5,h=1.0,n=30,start_thres=1.25",hub,0.25,30,18,40,1730,0,0,40,1730,0.0,0.0,0.0,0.0,7.484889843247154
tfnbs,"e=1.5,h=2.0,n=30,start_thres=1.25",hub,0.25,30,18,40,1730,0,0,40,1730,0.0,0.0,0.0,0.0,7.484889843247154
tfnbs,"e=1.5,h=3.0,n=30,start_thres=1.25",hub,0.25,30,18,40,1730,8,0,32,1730,0.2,0.0,1.0,0.0,7.484889843247154
tfnbs,"e=1.5,h=4.0,n=30,start_thres=1.25",hub,0.25,30,18,40,1730,9,0,31,1730,0.225,0.0,1.0,0.0,7.484889843247154
tfnbs,"e=1.5,h=5.0,n=30,start_thres=1.25",hub,0.25,30,18,40,1730,11,0,29,1730,0.275,0.0,1.0,0.0,7.484889843247154
tfnbs,"e=1.5,h=6.0,n=30,start_thres=1.25",hub,0.25,30,18,40,1730,13,1,27,1729,0.325,0.0005780346820809,0.9285714285714286,0.0714285714285714,7.484889843247154
tfnbs,"e=1.5,h=7.0,n=30,start_thres=1.25",hub,0.25,30,18,40,1730,13,1,27,1729,0.325,0.0005780346820809,0.9285714285714286,0.0714285714285714,7.484889843247154
tfnbs,"e=1.5,h=8.0,n=30,start_thres=1.25",hub,0.25,30,18,40,1730,11,0,29,1730,0.275,0.0,1.0,0.0,7.484889843247154
tfnbs,"e=1.5,h=9.0,n=30,start_thres=1.25",hub,0.25,30,18,40,1730,11,0,29,1730,0.275,0.0,1.0,0.0,7.484889843247154
tfnbs,"e=1.5,h=10.0,n=30,start_thres=1.25",hub,0.25,30,18,40,1730,8,0,32,1730,0.2,0.0,1.0,0.0,7.484889843247154
tfnbs,"e=0.05,h=0.5,n=30,start_thres=1.25",hub,0.25,30,9,40,1730,2,0,38,1730,0.05,0.0,1.0,0.0,7.576576226136901
tfnbs,"e=0.05,h=1.0,n=30,start_thres=1.25",hub,0.25,30,9,40,1730,2,0,38,1730,0.05,0.0,1.0,0.0,7.576576226136901
tfnbs,"e=0.05,h=2.0,n=30,start_thres=1.25",hub,0.25,30,9,40,1730,2,0,38,1730,0.05,0.0,1.0,0.0,7.576576226136901
tfnbs,"e=0.05,h=3.0,n=30,start_thres=1.25",hub,0.25,30,9,40,1730,2,0,38,1730,0.05,0.0,1.0,0.0,7.576576226136901
tfnbs,"e=0.05,h=4.0,n=30,start_thres=1.25",hub,0.25,30,9,40,1730,2,0,38,1730,0.05,0.0,1.0,0.0,7.576576226136901
tfnbs,"e=0.05,h=5.0,n=30,start_thres=1.25",hub,0.25,30,9,40,1730,2,0,38,1730,0.05,0.0,1.0,0.0,7.576576226136901
tfnbs,"e=0.05,h=6.0,n=30,start_thres=1.25",hub,0.25,30,9,40,1730,2,0,38,1730,0.05,0.0,1.0,0.0,7.576576226136901
tfnbs,"e=0.05,h=7.0,n=30,start_thres=1.25",hub,0.25,30,9,40,1730,2,0,38,1730,0.05,0.0,1.0,0.0,7.576576226136901
tfnbs,"e=0.05,h=8.0,n=30,start_thres=1.25",hub,0.25,30,9,40,1730,2,0,38,1730,0.05,0.0,1.0,0.0,7.576576226136901
tfnbs,"e=0.05,h=9.0,n=30,start_thres=1.25",hub,0.25,30,9,40,1730,2,0,38,1730,0.05,0.0,1.0,0.0,7.576576226136901
tfnbs,"e=0.05,h=10.0,n=30,start_thres=1.25",hub,0.25,30,9,40,1730,2,0,38,1730,0.05,0.0,1.0,0.0,7.576576226136901
tfnbs,"e=0.1,h=0.5,n=30,start_thres=1.25",hub,0.25,30,9,40,1730,3,0,37,1730,0.075,0.0,1.0,0.0,7.576576226136901
tfnbs,"e=0.1,h=1.0,n=30,start_thres=1.25",hub,0.25,30,9,40,1730,2,0,38,1730,0.05,0.0,1.0,0.0,7.576576226136901
tfnbs,"e=0.1,h=2.0,n=30,start_thres=1.25",hub,0.25,30,9,40,1730,2,0,38,1730,0.05,0.0,1.0,0.0,7.576576226136901
tfnbs,"e=0.1,h=3.0,n=30,start_thres=1.25",hub,0.25,30,9,40,1730,2,0,38,1730,0.05,0.0,1.0,0.0,7.576576226136901
tfnbs,"e=0.1,h=4.0,n=30,start_thres=1.25",hub,0.25,30,9,40,1730,2,0,38,1730,0.05,0.0,1.0,0.0,7.576576226136901
tfnbs,"e=0.1,h=5.0,n=30,start_thres=1.25",hub,0.25,30,9,40,1730,2,0,38,1730,0.05,0.0,1.0,0.0,7.576576226136901
tfnbs,"e=0.1,h=6.0,n=30,start_thres=1.25",hub,0.25,30,9,40,1730,2,0,38,1730,0.05,0.0,1.0,0.0,7.576576226136901
tfnbs,"e=0.1,h=7.0,n=30,start_thres=1.25",hub,0.25,30,9,40,1730,2,0,38,1730,0.05,0.0,1.0,0.0,7.576576226136901
tfnbs,"e=0.1,h=8.0,n=30,start_thres=1.25",hub,0.25,30,9,40,1730,2,0,38,1730,0.05,0.0,1.0,0.0,7.576576226136901
tfnbs,"e=0.1,h=9.0,n=30,start_thres=1.25",hub,0.25,30,9,40,1730,2,0,38,1730,0.05,0.0,1.0,0.0,7.576576226136901
tfnbs,"e=0.1,h=10.0,n=30,start_thres=1.25",hub,0.25,30,9,40,1730,2,0,38,1730,0.05,0.0,1.0,0.0,7.576576226136901
tfnbs,"e=0.2,h=0.5,n=30,start_thres=1.25",hub,0.25,30,9,40,1730,4,0,36,1730,0.1,0.0,1.0,0.0,7.576576226136901
tfnbs,"e=0.2,h=1.0,n=30,start_thres=1.25",hub,0.25,30,9,40,1730,3,0,37,1730,0.075,0.0,1.0,0.0,7.576576226136901
tfnbs,"e=0.2,h=2.0,n=30,start_thres=1.25",hub,0.25,30,9,40,1730,3,0,37,1730,0.075,0.0,1.0,0.0,7.576576226136901
tfnbs,"e=0.2,h=3.0,n=30,start_thres=1.25",hub,0.25,30,9,40,1730,3,0,37,1730,0.075,0.0,1.0,0.0,7.576576226136901
tfnbs,"e=0.2,h=4.0,n=30,start_thres=1.25",hub,0.25,30,9,40,1730,3,0,37,1730,0.075,0.0,1.0,0.0,7.576576226136901
tfnbs,"e=0.2,h=5.0,n=30,start_thres=1.25",hub,0.25,30,9,40,1730,2,0,38,1730,0.05,0.0,1.0,0.0,7.576576226136901
tfnbs,"e=0.2,h=6.0,n=30,start_thres=1.25",hub,0.25,30,9,40,1730,2,0,38,1730,0.05,0.0,1.0,0.0,7.576576226136901
tfnbs,"e=0.2,h=7.0,n=30,start_thres=1.25",hub,0.25,30,9,40,1730,2,0,38,1730,0.05,0.0,1.0,0.0,7.576576226136901
tfnbs,"e=0.2,h=8.0,n=30,start_thres=1.25",hub,0.25,30,9,40,1730,2,0,38,1730,0.05,0.0,1.0,0.0,7.576576226136901
tfnbs,"e=0.2,h=9.0,n=30,start_thres=1.25",hub,0.25,30,9,40,1730,2,0,38,1730,0.05,0.0,1.0,0.0,7.576576226136901
tfnbs,"e=0.2,h=10.0,n=30,start_thres=1.25",hub,0.25,30,9,40,1730,2,0,38,1730,0.05,0.0,1.0,0.0,7.576576226136901
tfnbs,"e=0.3,h=0.5,n=30,start_thres=1.25",hub,0.25,30,9,40,1730,7,0,33,1730,0.175,0.0,1.0,0.0,7.576576226136901
tfnbs,"e=0.3,h=1.0,n=30,start_thres=1.25",hub,0.25,30,9,40,1730,4,0,36,1730,0.1,0.0,1.0,0.0,7.576576226136901
tfnbs,"e=0.3,h=2.0,n=30,start_thres=1.25",hub,0.25,30,9,40,1730,4,0,36,1730,0.1,0.0,1.0,0.0,7.576576226136901
tfnbs,"e=0.3,h=3.0,n=30,start_thres=1.25",hub,0.25,30,9,40,1730,3,0,37,1730,0.075,0.0,1.0,0.0,7.576576226136901
tfnbs,"e=0.3,h=4.0,n=30,start_thres=1.25",hub,0.25,30,9,40,1730,3,0,37,1730,0.075,0.0,1.0,0.0,7.576576226136901
tfnbs,"e=0.3,h=5.0,n=30,start_thres=1.25",hub,0.25,30,9,40,1730,3,0,37,1730,0.075,0.0,1.0,0.0,7.576576226136901
tfnbs,"e=0.3,h=6.0,n=30,start_thres=1.25",hub,0.25,30,9,40,1730,3,0,37,1730,0.075,0.0,1.0,0.0,7.576576226136901
tfnbs,"e=0.3,h=7.0,n=30,start_thres=1.25",hub,0.25,30,9,40,1730,2,0,38,1730,0.05,0.0,1.0,0.0,7.576576226136901
tfnbs,"e=0.3,h=8.0,n=30,start_thres=1.25",hub,0.25,30,9,40,1730,2,0,38,1730,0.05,0.0,1.0,0.0,7.576576226136901
tfnbs,"e=0.3,h=9.0,n=30,start_thres=1.25",hub,0.25,30,9,40,1730,2,0,38,1730,0.05,0.0,1.0,0.0,7.576576226136901
tfnbs,"e=0.3,h=10.0,n=30,start_thres=1.25",hub,0.25,30,9,40,1730,2,0,38,1730,0.05,0.0,1.0,0.0,7.576576226136901
tfnbs,"e=0.4,h=0.5,n=30,start_thres=1.25",hub,0.25,30,9,40,1730,9,1,31,1729,0.225,0.0005780346820809,0.9,0.1,7.576576226136901
tfnbs,"e=0.4,h=1.0,n=30,start_thres=1.25",hub,0.25,30,9,40,1730,7,0,33,1730,0.175,0.0,1.0,0.0,7.576576226136901
tfnbs,"e=0.4,h=2.0,n=30,start_thres=1.25",hub,0.25,30,9,40,1730,7,0,33,1730,0.175,0.0,1.0,0.0,7.576576226136901
tfnbs,"e=0.4,h=3.0,n=30,start_thres=1.25",hub,0.25,30,9,40,1730,4,0,36,1730,0.1,0.0,1.0,0.0,7.576576226136901
tfnbs,"e=0.4,h=4.0,n=30,start_thres=1.25",hub,0.25,30,9,40,1730,4,0,36,1730,0.1,0.0,1.0,0.0,7.576576226136901
tfnbs,"e=0.4,h=5.0,n=30,start_thres=1.25",hub,0.25,30,9,40,1730,3,0,37,1730,0.075,0.0,1.0,0.0,7.576576226136901
tfnbs,"e=0.4,h=6.0,n=30,start_thres=1.25",hub,0.25,30,9,40,1730,3,0,37,1730,0.075,0.0,1.0,0.0,7.576576226136901
tfnbs,"e=0.4,h=7.0,n=30,start_thres=1.25",hub,0.25,30,9,40,1730,3,0,37,1730,0.075,0.0,1.0,0.0,7.576576226136901
tfnbs,"e=0.4,h=8.0,n=30,start_thres=1.25",hub,0.25,30,9,40,1730,3,0,37,1730,0.075,0.0,1.0,0.0,7.576576226136901
tfnbs,"e=0.4,h=9.0,n=30,start_thres=1.25",hub,0.25,30,9,40,1730,2,0,38,1730,0.05,0.0,1.0,0.0,7.576576226136901
tfnbs,"e=0.4,h=10.0,n=30,start_thres=1.25",hub,0.25,30,9,40,1730,2,0,38,1730,0.05,0.0,1.0,0.0,7.576576226136901
tfnbs,"e=0.5,h=0.5,n=30,start_thres=1.25",hub,0.25,30,9,40,1730,11,2,29,1728,0.275,0.0011560693641618,0.8461538461538461,0.1538461538461538,7.576576226136901
tfnbs,"e=0.5,h=1.0,n=30,start_thres=1.25",hub,0.25,30,9,40,1730,9,1,31,1729,0.225,0.0005780346820809,0.9,0.1,7.576576226136901
tfnbs,"e=0.5,h=2.0,n=30,start_thres=1.25",hub,0.25,30,9,40,1730,9,1,31,1729,0.225,0.0005780346820809,0.9,0.1,7.576576226136901
tfnbs,"e=0.5,h=3.0,n=30,start_thres=1.25",hub,0.25,30,9,40,1730,7,0,33,1730,0.175,0.0,1.0,0.0,7.576576226136901
tfnbs,"e=0.5,h=4.0,n=30,start_thres=1.25",hub,0.25,30,9,40,1730,7,0,33,1730,0.175,0.0,1.0,0.0,7.576576226136901
tfnbs,"e=0.5,h=5.0,n=30,start_thres=1.25",hub,0.25,30,9,40,1730,4,0,36,1730,0.1,0.0,1.0,0.0,7.576576226136901
tfnbs,"e=0.5,h=6.0,n=30,start_thres=1.25",hub,0.25,30,9,40,1730,3,0,37,1730,0.075,0.0,1.0,0.0,7.576576226136901
tfnbs,"e=0.5,h=7.0,n=30,start_thres=1.25",hub,0.25,30,9,40,1730,3,0,37,1730,0.075,0.0,1.0,0.0,7.576576226136901
tfnbs,"e=0.5,h=8.0,n=30,start_thres=1.25",hub,0.25,30,9,40,1730,3,0,37,1730,0.075,0.0,1.0,0.0,7.576576226136901
tfnbs,"e=0.5,h=9.0,n=30,start_thres=1.25",hub,0.25,30,9,40,1730,3,0,37,1730,0.075,0.0,1.0,0.0,7.576576226136901
tfnbs,"e=0.5,h=10.0,n=30,start_thres=1.25",hub,0.25,30,9,40,1730,3,0,37,1730,0.075,0.0,1.0,0.0,7.576576226136901
tfnbs,"e=0.6,h=0.5,n=30,start_thres=1.25",hub,0.25,30,9,40,1730,11,2,29,1728,0.275,0.0011560693641618,0.8461538461538461,0.1538461538461538,7.576576226136901
tfnbs,"e=0.6,h=1.0,n=30,start_thres=1.25",hub,0.25,30,9,40,1730,11,2,29,1728,0.275,0.0011560693641618,0.8461538461538461,0.1538461538461538,7.576576226136901
tfnbs,"e=0.6,h=2.0,n=30,start_thres=1.25",hub,0.25,30,9,40,1730,11,2,29,1728,0.275,0.0011560693641618,0.8461538461538461,0.1538461538461538,7.576576226136901
tfnbs,"e=0.6,h=3.0,n=30,start_thres=1.25",hub,0.25,30,9,40,1730,9,1,31,1729,0.225,0.0005780346820809,0.9,0.1,7.576576226136901
tfnbs,"e=0.6,h=4.0,n=30,start_thres=1.25",hub,0.25,30,9,40,1730,7,0,33,1730,0.175,0.0,1.0,0.0,7.576576226136901
tfnbs,"e=0.6,h=5.0,n=30,start_thres=1.25",hub,0.25,30,9,40,1730,7,0,33,1730,0.175,0.0,1.0,0.0,7.576576226136901
tfnbs,"e=0.6,h=6.0,n=30,start_thres=1.25",hub,0.25,30,9,40,1730,4,0,36,1730,0.1,0.0,1.0,0.0,7.576576226136901
tfnbs,"e=0.6,h=7.0,n=30,start_thres=1.25",hub,0.25,30,9,40,1730,4,0,36,1730,0.1,0.0,1.0,0.0,7.576576226136901
tfnbs,"e=0.6,h=8.0,n=30,start_thres=1.25",hub,0.25,30,9,40,1730,3,0,37,1730,0.075,0.0,1.0,0.0,7.576576226136901
tfnbs,"e=0.6,h=9.0,n=30,start_thres=1.25",hub,0.25,30,9,40,1730,3,0,37,1730,0.075,0.0,1.0,0.0,7.576576226136901
tfnbs,"e=0.6,h=10.0,n=30,start_thres=1.25",hub,0.25,30,9,40,1730,3,0,37,1730,0.075,0.0,1.0,0.0,7.576576226136901
tfnbs,"e=0.7,h=0.5,n=30,start_thres=1.25",hub,0.25,30,9,40,1730,11,2,29,1728,0.275,0.0011560693641618,0.8461538461538461,0.1538461538461538,7.576576226136901
tfnbs,"e=0.7,h=1.0,n=30,start_thres=1.25",hub,0.25,30,9,40,1730,11,2,29,1728,0.275,0.0011560693641618,0.8461538461538461,0.1538461538461538,7.576576226136901
tfnbs,"e=0.7,h=2.0,n=30,start_thres=1.25",hub,0.25,30,9,40,1730,11,2,29,1728,0.275,0.0011560693641618,0.8461538461538461,0.1538461538461538,7.576576226136901
tfnbs,"e=0.7,h=3.0,n=30,start_thres=1.25",hub,0.25,30,9,40,1730,11,2,29,1728,0.275,0.0011560693641618,0.8461538461538461,0.1538461538461538,7.576576226136901
tfnbs,"e=0.7,h=4.0,n=30,start_thres=1.25",hub,0.25,30,9,40,1730,9,1,31,1729,0.225,0.0005780346820809,0.9,0.1,7.576576226136901
tfnbs,"e=0.7,h=5.0,n=30,start_thres=1.25",hub,0.25,30,9,40,1730,9,1,31,1729,0.225,0.0005780346820809,0.9,0.1,7.576576226136901
tfnbs,"e=0.7,h=6.0,n=30,start_thres=1.25",hub,0.25,30,9,40,1730,7,0,33,1730,0.175,0.0,1.0,0.0,7.576576226136901
tfnbs,"e=0.7,h=7.0,n=30,start_thres=1.25",hub,0.25,30,9,40,1730,4,0,36,1730,0.1,0.0,1.0,0.0,7.576576226136901
tfnbs,"e=0.7,h=8.0,n=30,start_thres=1.25",hub,0.25,30,9,40,1730,4,0,36,1730,0.1,0.0,1.0,0.0,7.576576226136901
tfnbs,"e=0.7,h=9.0,n=30,start_thres=1.25",hub,0.25,30,9,40,1730,3,0,37,1730,0.075,0.0,1.0,0.0,7.576576226136901
tfnbs,"e=0.7,h=10.0,n=30,start_thres=1.25",hub,0.25,30,9,40,1730,3,0,37,1730,0.075,0.0,1.0,0.0,7.576576226136901
tfnbs,"e=0.8,h=0.5,n=30,start_thres=1.25",hub,0.25,30,9,40,1730,11,2,29,1728,0.275,0.0011560693641618,0.8461538461538461,0.1538461538461538,7.576576226136901
tfnbs,"e=0.8,h=1.0,n=30,start_thres=1.25",hub,0.25,30,9,40,1730,11,2,29,1728,0.275,0.0011560693641618,0.8461538461538461,0.1538461538461538,7.576576226136901
tfnbs,"e=0.8,h=2.0,n=30,start_thres=1.25",hub,0.25,30,9,40,1730,11,2,29,1728,0.275,0.0011560693641618,0.8461538461538461,0.1538461538461538,7.576576226136901
tfnbs,"e=0.8,h=3.0,n=30,start_thres=1.25",hub,0.25,30,9,40,1730,11,2,29,1728,0.275,0.0011560693641618,0.8461538461538461,0.1538461538461538,7.576576226136901
tfnbs,"e=0.8,h=4.0,n=30,start_thres=1.25",hub,0.25,30,9,40,1730,11,2,29,1728,0.275,0.0011560693641618,0.8461538461538461,0.1538461538461538,7.576576226136901
tfnbs,"e=0.8,h=5.0,n=30,start_thres=1.25",hub,0.25,30,9,40,1730,11,2,29,1728,0.275,0.0011560693641618,0.8461538461538461,0.1538461538461538,7.576576226136901
tfnbs,"e=0.8,h=6.0,n=30,start_thres=1.25",hub,0.25,30,9,40,1730,9,1,31,1729,0.225,0.0005780346820809,0.9,0.1,7.576576226136901
tfnbs,"e=0.8,h=7.0,n=30,start_thres=1.25",hub,0.25,30,9,40,1730,7,0,33,1730,0.175,0.0,1.0,0.0,7.576576226136901
tfnbs,"e=0.8,h=8.0,n=30,start_thres=1.25",hub,0.25,30,9,40,1730,7,0,33,1730,0.175,0.0,1.0,0.0,7.576576226136901
tfnbs,"e=0.8,h=9.0,n=30,start_thres=1.25",hub,0.25,30,9,40,1730,4,0,36,1730,0.1,0.0,1.0,0.0,7.576576226136901
tfnbs,"e=0.8,h=10.0,n=30,start_thres=1.25",hub,0.25,30,9,40,1730,3,0,37,1730,0.075,0.0,1.0,0.0,7.576576226136901
tfnbs,"e=0.9,h=0.5,n=30,start_thres=1.25",hub,0.25,30,9,40,1730,11,2,29,1728,0.275,0.0011560693641618,0.8461538461538461,0.1538461538461538,7.576576226136901
tfnbs,"e=0.9,h=1.0,n=30,start_thres=1.25",hub,0.25,30,9,40,1730,11,2,29,1728,0.275,0.0011560693641618,0.8461538461538461,0.1538461538461538,7.576576226136901
tfnbs,"e=0.9,h=2.0,n=30,start_thres=1.25",hub,0.25,30,9,40,1730,11,2,29,1728,0.275,0.0011560693641618,0.8461538461538461,0.1538461538461538,7.576576226136901
tfnbs,"e=0.9,h=3.0,n=30,start_thres=1.25",hub,0.25,30,9,40,1730,11,2,29,1728,0.275,0.0011560693641618,0.8461538461538461,0.1538461538461538,7.576576226136901
tfnbs,"e=0.9,h=4.0,n=30,start_thres=1.25",hub,0.25,30,9,40,1730,11,2,29,1728,0.275,0.0011560693641618,0.8461538461538461,0.1538461538461538,7.576576226136901
tfnbs,"e=0.9,h=5.0,n=30,start_thres=1.25",hub,0.25,30,9,40,1730,11,2,29,1728,0.275,0.0011560693641618,0.8461538461538461,0.1538461538461538,7.576576226136901
tfnbs,"e=0.9,h=6.0,n=30,start_thres=1.25",hub,0.25,30,9,40,1730,11,2,29,1728,0.275,0.0011560693641618,0.8461538461538461,0.1538461538461538,7.576576226136901
tfnbs,"e=0.9,h=7.0,n=30,start_thres=1.25",hub,0.25,30,9,40,1730,9,1,31,1729,0.225,0.0005780346820809,0.9,0.1,7.576576226136901
tfnbs,"e=0.9,h=8.0,n=30,start_thres=1.25",hub,0.25,30,9,40,1730,7,0,33,1730,0.175,0.0,1.0,0.0,7.576576226136901
tfnbs,"e=0.9,h=9.0,n=30,start_thres=1.25",hub,0.25,30,9,40,1730,7,0,33,1730,0.175,0.0,1.0,0.0,7.576576226136901
tfnbs,"e=0.9,h=10.0,n=30,start_thres=1.25",hub,0.25,30,9,40,1730,4,0,36,1730,0.1,0.0,1.0,0.0,7.576576226136901
tfnbs,"e=1.0,h=0.5,n=30,start_thres=1.25",hub,0.25,30,9,40,1730,9,1,31,1729,0.225,0.0005780346820809,0.9,0.1,7.576576226136901
tfnbs,"e=1.0,h=1.0,n=30,start_thres=1.25",hub,0.25,30,9,40,1730,11,2,29,1728,0.275,0.0011560693641618,0.8461538461538461,0.1538461538461538,7.576576226136901
tfnbs,"e=1.0,h=2.0,n=30,start_thres=1.25",hub,0.25,30,9,40,1730,11,2,29,1728,0.275,0.0011560693641618,0.8461538461538461,0.1538461538461538,7.576576226136901
tfnbs,"e=1.0,h=3.0,n=30,start_thres=1.25",hub,0.25,30,9,40,1730,11,2,29,1728,0.275,0.0011560693641618,0.8461538461538461,0.1538461538461538,7.576576226136901
tfnbs,"e=1.0,h=4.0,n=30,start_thres=1.25",hub,0.25,30,9,40,1730,11,3,29,1727,0.275,0.0017341040462427,0.7857142857142857,0.2142857142857142,7.576576226136901
tfnbs,"e=1.0,h=5.0,n=30,start_thres=1.25",hub,0.25,30,9,40,1730,11,2,29,1728,0.275,0.0011560693641618,0.8461538461538461,0.1538461538461538,7.576576226136901
tfnbs,"e=1.0,h=6.0,n=30,start_thres=1.25",hub,0.25,30,9,40,1730,11,2,29,1728,0.275,0.0011560693641618,0.8461538461538461,0.1538461538461538,7.576576226136901
tfnbs,"e=1.0,h=7.0,n=30,start_thres=1.25",hub,0.25,30,9,40,1730,11,2,29,1728,0.275,0.0011560693641618,0.8461538461538461,0.1538461538461538,7.576576226136901
tfnbs,"e=1.0,h=8.0,n=30,start_thres=1.25",hub,0.25,30,9,40,1730,9,1,31,1729,0.225,0.0005780346820809,0.9,0.1,7.576576226136901
tfnbs,"e=1.0,h=9.0,n=30,start_thres=1.25",hub,0.25,30,9,40,1730,7,0,33,1730,0.175,0.0,1.0,0.0,7.576576226136901
tfnbs,"e=1.0,h=10.0,n=30,start_thres=1.25",hub,0.25,30,9,40,1730,7,0,33,1730,0.175,0.0,1.0,0.0,7.576576226136901
tfnbs,"e=1.1,h=0.5,n=30,start_thres=1.25",hub,0.25,30,9,40,1730,7,0,33,1730,0.175,0.0,1.0,0.0,7.576576226136901
tfnbs,"e=1.1,h=1.0,n=30,start_thres=1.25",hub,0.25,30,9,40,1730,9,1,31,1729,0.225,0.0005780346820809,0.9,0.1,7.576576226136901
tfnbs,"e=1.1,h=2.0,n=30,start_thres=1.25",hub,0.25,30,9,40,1730,11,2,29,1728,0.275,0.0011560693641618,0.8461538461538461,0.1538461538461538,7.576576226136901
tfnbs,"e=1.1,h=3.0,n=30,start_thres=1.25",hub,0.25,30,9,40,1730,11,2,29,1728,0.275,0.0011560693641618,0.8461538461538461,0.1538461538461538,7.576576226136901
tfnbs,"e=1.1,h=4.0,n=30,start_thres=1.25",hub,0.25,30,9,40,1730,11,3,29,1727,0.275,0.0017341040462427,0.7857142857142857,0.2142857142857142,7.576576226136901
tfnbs,"e=1.1,h=5.0,n=30,start_thres=1.25",hub,0.25,30,9,40,1730,11,3,29,1727,0.275,0.0017341040462427,0.7857142857142857,0.2142857142857142,7.576576226136901
tfnbs,"e=1.1,h=6.0,n=30,start_thres=1.25",hub,0.25,30,9,40,1730,11,2,29,1728,0.275,0.0011560693641618,0.8461538461538461,0.1538461538461538,7.576576226136901
tfnbs,"e=1.1,h=7.0,n=30,start_thres=1.25",hub,0.25,30,9,40,1730,11,2,29,1728,0.275,0.0011560693641618,0.8461538461538461,0.1538461538461538,7.576576226136901
tfnbs,"e=1.1,h=8.0,n=30,start_thres=1.25",hub,0.25,30,9,40,1730,11,2,29,1728,0.275,0.0011560693641618,0.8461538461538461,0.1538461538461538,7.576576226136901
tfnbs,"e=1.1,h=9.0,n=30,start_thres=1.25",hub,0.25,30,9,40,1730,9,1,31,1729,0.225,0.0005780346820809,0.9,0.1,7.576576226136901
tfnbs,"e=1.1,h=10.0,n=30,start_thres=1.25",hub,0.25,30,9,40,1730,7,0,33,1730,0.175,0.0,1.0,0.0,7.576576226136901
tfnbs,"e=1.2,h=0.5,n=30,start_thres=1.25",hub,0.25,30,9,40,1730,1,0,39,1730,0.025,0.0,1.0,0.0,7.576576226136901
tfnbs,"e=1.2,h=1.0,n=30,start_thres=1.25",hub,0.25,30,9,40,1730,7,0,33,1730,0.175,0.0,1.0,0.0,7.576576226136901
tfnbs,"e=1.2,h=2.0,n=30,start_thres=1.25",hub,0.25,30,9,40,1730,11,2,29,1728,0.275,0.0011560693641618,0.8461538461538461,0.1538461538461538,7.576576226136901
tfnbs,"e=1.2,h=3.0,n=30,start_thres=1.25",hub,0.25,30,9,40,1730,11,2,29,1728,0.275,0.0011560693641618,0.8461538461538461,0.1538461538461538,7.576576226136901
tfnbs,"e=1.2,h=4.0,n=30,start_thres=1.25",hub,0.25,30,9,40,1730,11,3,29,1727,0.275,0.0017341040462427,0.7857142857142857,0.2142857142857142,7.576576226136901
tfnbs,"e=1.2,h=5.0,n=30,start_thres=1.25",hub,0.25,30,9,40,1730,11,3,29,1727,0.275,0.0017341040462427,0.7857142857142857,0.2142857142857142,7.576576226136901
tfnbs,"e=1.2,h=6.0,n=30,start_thres=1.25",hub,0.25,30,9,40,1730,11,3,29,1727,0.275,0.0017341040462427,0.7857142857142857,0.2142857142857142,7.576576226136901
tfnbs,"e=1.2,h=7.0,n=30,start_thres=1.25",hub,0.25,30,9,40,1730,11,2,29,1728,0.275,0.0011560693641618,0.8461538461538461,0.1538461538461538,7.576576226136901
tfnbs,"e=1.2,h=8.0,n=30,start_thres=1.25",hub,0.25,30,9,40,1730,11,2,29,1728,0.275,0.0011560693641618,0.8461538461538461,0.1538461538461538,7.576576226136901
tfnbs,"e=1.2,h=9.0,n=30,start_thres=1.25",hub,0.25,30,9,40,1730,11,2,29,1728,0.275,0.0011560693641618,0.8461538461538461,0.1538461538461538,7.576576226136901
tfnbs,"e=1.2,h=10.0,n=30,start_thres=1.25",hub,0.25,30,9,40,1730,9,1,31,1729,0.225,0.0005780346820809,0.9,0.1,7.576576226136901
tfnbs,"e=1.3,h=0.5,n=30,start_thres=1.25",hub,0.25,30,9,40,1730,0,0,40,1730,0.0,0.0,0.0,0.0,7.576576226136901
tfnbs,"e=1.3,h=1.0,n=30,start_thres=1.25",hub,0.25,30,9,40,1730,0,0,40,1730,0.0,0.0,0.0,0.0,7.576576226136901
tfnbs,"e=1.3,h=2.0,n=30,start_thres=1.25",hub,0.25,30,9,40,1730,9,1,31,1729,0.225,0.0005780346820809,0.9,0.1,7.576576226136901
tfnbs,"e=1.3,h=3.0,n=30,start_thres=1.25",hub,0.25,30,9,40,1730,11,2,29,1728,0.275,0.0011560693641618,0.8461538461538461,0.1538461538461538,7.576576226136901
tfnbs,"e=1.3,h=4.0,n=30,start_thres=1.25",hub,0.25,30,9,40,1730,11,3,29,1727,0.275,0.0017341040462427,0.7857142857142857,0.2142857142857142,7.576576226136901
tfnbs,"e=1.3,h=5.0,n=30,start_thres=1.25",hub,0.25,30,9,40,1730,11,3,29,1727,0.275,0.0017341040462427,0.7857142857142857,0.2142857142857142,7.576576226136901
tfnbs,"e=1.3,h=6.0,n=30,start_thres=1.25",hub,0.25,30,9,40,1730,11,3,29,1727,0.275,0.0017341040462427,0.7857142857142857,0.2142857142857142,7.576576226136901
tfnbs,"e=1.3,h=7.0,n=30,start_thres=1.25",hub,0.25,30,9,40,1730,11,3,29,1727,0.275,0.0017341040462427,0.7857142857142857,0.2142857142857142,7.576576226136901
tfnbs,"e=1.3,h=8.0,n=30,start_thres=1.25",hub,0.25,30,9,40,1730,11,2,29,1728,0.275,0.0011560693641618,0.8461538461538461,0.1538461538461538,7.576576226136901
tfnbs,"e=1.3,h=9.0,n=30,start_thres=1.25",hub,0.25,30,9,40,1730,11,2,29,1728,0.275,0.0011560693641618,0.8461538461538461,0.1538461538461538,7.576576226136901
tfnbs,"e=1.3,h=10.0,n=30,start_thres=1.25",hub,0.25,30,9,40,1730,11,2,29,1728,0.275,0.0011560693641618,0.8461538461538461,0.1538461538461538,7.576576226136901
tfnbs,"e=1.4,h=0.5,n=30,start_thres=1.25",hub,0.25,30,9,40,1730,0,0,40,1730,0.0,0.0,0.0,0.0,7.576576226136901
tfnbs,"e=1.4,h=1.0,n=30,start_thres=1.25",hub,0.25,30,9,40,1730,0,0,40,1730,0.0,0.0,0.0,0.0,7.576576226136901
tfnbs,"e=1.4,h=2.0,n=30,start_thres=1.25",hub,0.25,30,9,40,1730,7,0,33,1730,0.175,0.0,1.0,0.0,7.576576226136901
tfnbs,"e=1.4,h=3.0,n=30,start_thres=1.25",hub,0.25,30,9,40,1730,11,2,29,1728,0.275,0.0011560693641618,0.8461538461538461,0.1538461538461538,7.576576226136901
tfnbs,"e=1.4,h=4.0,n=30,start_thres=1.25",hub,0.25,30,9,40,1730,11,2,29,1728,0.275,0.0011560693641618,0.8461538461538461,0.1538461538461538,7.576576226136901
tfnbs,"e=1.4,h=5.0,n=30,start_thres=1.25",hub,0.25,30,9,40,1730,11,3,29,1727,0.275,0.0017341040462427,0.7857142857142857,0.2142857142857142,7.576576226136901
tfnbs,"e=1.4,h=6.0,n=30,start_thres=1.25",hub,0.25,30,9,40,1730,11,3,29,1727,0.275,0.0017341040462427,0.7857142857142857,0.2142857142857142,7.576576226136901
tfnbs,"e=1.4,h=7.0,n=30,start_thres=1.25",hub,0.25,30,9,40,1730,11,3,29,1727,0.275,0.0017341040462427,0.7857142857142857,0.2142857142857142,7.576576226136901
tfnbs,"e=1.4,h=8.0,n=30,start_thres=1.25",hub,0.25,30,9,40,1730,11,3,29,1727,0.275,0.0017341040462427,0.7857142857142857,0.2142857142857142,7.576576226136901
tfnbs,"e=1.4,h=9.0,n=30,start_thres=1.25",hub,0.25,30,9,40,1730,11,2,29,1728,0.275,0.0011560693641618,0.8461538461538461,0.1538461538461538,7.576576226136901
tfnbs,"e=1.4,h=10.0,n=30,start_thres=1.25",hub,0.25,30,9,40,1730,11,2,29,1728,0.275,0.0011560693641618,0.8461538461538461,0.1538461538461538,7.576576226136901
tfnbs,"e=1.5,h=0.5,n=30,start_thres=1.25",hub,0.25,30,9,40,1730,0,0,40,1730,0.0,0.0,0.0,0.0,7.576576226136901
tfnbs,"e=1.5,h=1.0,n=30,start_thres=1.25",hub,0.25,30,9,40,1730,0,0,40,1730,0.0,0.0,0.0,0.0,7.576576226136901
tfnbs,"e=1.5,h=2.0,n=30,start_thres=1.25",hub,0.25,30,9,40,1730,0,0,40,1730,0.0,0.0,0.0,0.0,7.576576226136901
tfnbs,"e=1.5,h=3.0,n=30,start_thres=1.25",hub,0.25,30,9,40,1730,9,1,31,1729,0.225,0.0005780346820809,0.9,0.1,7.576576226136901
tfnbs,"e=1.5,h=4.0,n=30,start_thres=1.25",hub,0.25,30,9,40,1730,11,2,29,1728,0.275,0.0011560693641618,0.8461538461538461,0.1538461538461538,7.576576226136901
tfnbs,"e=1.5,h=5.0,n=30,start_thres=1.25",hub,0.25,30,9,40,1730,11,3,29,1727,0.275,0.0017341040462427,0.7857142857142857,0.2142857142857142,7.576576226136901
tfnbs,"e=1.5,h=6.0,n=30,start_thres=1.25",hub,0.25,30,9,40,1730,11,3,29,1727,0.275,0.0017341040462427,0.7857142857142857,0.2142857142857142,7.576576226136901
tfnbs,"e=1.5,h=7.0,n=30,start_thres=1.25",hub,0.25,30,9,40,1730,11,3,29,1727,0.275,0.0017341040462427,0.7857142857142857,0.2142857142857142,7.576576226136901
tfnbs,"e=1.5,h=8.0,n=30,start_thres=1.25",hub,0.25,30,9,40,1730,11,3,29,1727,0.275,0.0017341040462427,0.7857142857142857,0.2142857142857142,7.576576226136901
tfnbs,"e=1.5,h=9.0,n=30,start_thres=1.25",hub,0.25,30,9,40,1730,11,3,29,1727,0.275,0.0017341040462427,0.7857142857142857,0.2142857142857142,7.576576226136901
tfnbs,"e=1.5,h=10.0,n=30,start_thres=1.25",hub,0.25,30,9,40,1730,11,2,29,1728,0.275,0.0011560693641618,0.8461538461538461,0.1538461538461538,7.576576226136901
tfnbs,"e=0.05,h=0.5,n=30,start_thres=1.25",hub,0.25,30,22,40,1730,0,0,40,1730,0.0,0.0,0.0,0.0,7.47314550388943
tfnbs,"e=0.05,h=1.0,n=30,start_thres=1.25",hub,0.25,30,22,40,1730,0,0,40,1730,0.0,0.0,0.0,0.0,7.47314550388943
tfnbs,"e=0.05,h=2.0,n=30,start_thres=1.25",hub,0.25,30,22,40,1730,0,0,40,1730,0.0,0.0,0.0,0.0,7.47314550388943
tfnbs,"e=0.05,h=3.0,n=30,start_thres=1.25",hub,0.25,30,22,40,1730,0,0,40,1730,0.0,0.0,0.0,0.0,7.47314550388943
tfnbs,"e=0.05,h=4.0,n=30,start_thres=1.25",hub,0.25,30,22,40,1730,0,0,40,1730,0.0,0.0,0.0,0.0,7.47314550388943
tfnbs,"e=0.05,h=5.0,n=30,start_thres=1.25",hub,0.25,30,22,40,1730,0,0,40,1730,0.0,0.0,0.0,0.0,7.47314550388943
tfnbs,"e=0.05,h=6.0,n=30,start_thres=1.25",hub,0.25,30,22,40,1730,0,0,40,1730,0.0,0.0,0.0,0.0,7.47314550388943
tfnbs,"e=0.05,h=7.0,n=30,start_thres=1.25",hub,0.25,30,22,40,1730,0,0,40,1730,0.0,0.0,0.0,0.0,7.47314550388943
tfnbs,"e=0.05,h=8.0,n=30,start_thres=1.25",hub,0.25,30,22,40,1730,0,0,40,1730,0.0,0.0,0.0,0.0,7.47314550388943
tfnbs,"e=0.05,h=9.0,n=30,start_thres=1.25",hub,0.25,30,22,40,1730,0,0,40,1730,0.0,0.0,0.0,0.0,7.47314550388943
tfnbs,"e=0.05,h=10.0,n=30,start_thres=1.25",hub,0.25,30,22,40,1730,0,0,40,1730,0.0,0.0,0.0,0.0,7.47314550388943
tfnbs,"e=0.1,h=0.5,n=30,start_thres=1.25",hub,0.25,30,22,40,1730,0,0,40,1730,0.0,0.0,0.0,0.0,7.47314550388943
tfnbs,"e=0.1,h=1.0,n=30,start_thres=1.25",hub,0.25,30,22,40,1730,0,0,40,1730,0.0,0.0,0.0,0.0,7.47314550388943
tfnbs,"e=0.1,h=2.0,n=30,start_thres=1.25",hub,0.25,30,22,40,1730,0,0,40,1730,0.0,0.0,0.0,0.0,7.47314550388943
tfnbs,"e=0.1,h=3.0,n=30,start_thres=1.25",hub,0.25,30,22,40,1730,0,0,40,1730,0.0,0.0,0.0,0.0,7.47314550388943
tfnbs,"e=0.1,h=4.0,n=30,start_thres=1.25",hub,0.25,30,22,40,1730,0,0,40,1730,0.0,0.0,0.0,0.0,7.47314550388943
tfnbs,"e=0.1,h=5.0,n=30,start_thres=1.25",hub,0.25,30,22,40,1730,0,0,40,1730,0.0,0.0,0.0,0.0,7.47314550388943
tfnbs,"e=0.1,h=6.0,n=30,start_thres=1.25",hub,0.25,30,22,40,1730,0,0,40,1730,0.0,0.0,0.0,0.0,7.47314550388943
tfnbs,"e=0.1,h=7.0,n=30,start_thres=1.25",hub,0.25,30,22,40,1730,0,0,40,1730,0.0,0.0,0.0,0.0,7.47314550388943
tfnbs,"e=0.1,h=8.0,n=30,start_thres=1.25",hub,0.25,30,22,40,1730,0,0,40,1730,0.0,0.0,0.0,0.0,7.47314550388943
tfnbs,"e=0.1,h=9.0,n=30,start_thres=1.25",hub,0.25,30,22,40,1730,0,0,40,1730,0.0,0.0,0.0,0.0,7.47314550388943
tfnbs,"e=0.1,h=10.0,n=30,start_thres=1.25",hub,0.25,30,22,40,1730,0,0,40,1730,0.0,0.0,0.0,0.0,7.47314550388943
tfnbs,"e=0.2,h=0.5,n=30,start_thres=1.25",hub,0.25,30,22,40,1730,0,0,40,1730,0.0,0.0,0.0,0.0,7.47314550388943
tfnbs,"e=0.2,h=1.0,n=30,start_thres=1.25",hub,0.25,30,22,40,1730,0,0,40,1730,0.0,0.0,0.0,0.0,7.47314550388943
tfnbs,"e=0.2,h=2.0,n=30,start_thres=1.25",hub,0.25,30,22,40,1730,0,0,40,1730,0.0,0.0,0.0,0.0,7.47314550388943
tfnbs,"e=0.2,h=3.0,n=30,start_thres=1.25",hub,0.25,30,22,40,1730,0,0,40,1730,0.0,0.0,0.0,0.0,7.47314550388943
tfnbs,"e=0.2,h=4.0,n=30,start_thres=1.25",hub,0.25,30,22,40,1730,0,0,40,1730,0.0,0.0,0.0,0.0,7.47314550388943
tfnbs,"e=0.2,h=5.0,n=30,start_thres=1.25",hub,0.25,30,22,40,1730,0,0,40,1730,0.0,0.0,0.0,0.0,7.47314550388943
tfnbs,"e=0.2,h=6.0,n=30,start_thres=1.25",hub,0.25,30,22,40,1730,0,0,40,1730,0.0,0.0,0.0,0.0,7.47314550388943
tfnbs,"e=0.2,h=7.0,n=30,start_thres=1.25",hub,0.25,30,22,40,1730,0,0,40,1730,0.0,0.0,0.0,0.0,7.47314550388943
tfnbs,"e=0.2,h=8.0,n=30,start_thres=1.25",hub,0.25,30,22,40,1730,0,0,40,1730,0.0,0.0,0.0,0.0,7.47314550388943
tfnbs,"e=0.2,h=9.0,n=30,start_thres=1.25",hub,0.25,30,22,40,1730,0,0,40,1730,0.0,0.0,0.0,0.0,7.47314550388943
tfnbs,"e=0.2,h=10.0,n=30,start_thres=1.25",hub,0.25,30,22,40,1730,0,0,40,1730,0.0,0.0,0.0,0.0,7.47314550388943
tfnbs,"e=0.3,h=0.5,n=30,start_thres=1.25",hub,0.25,30,22,40,1730,0,0,40,1730,0.0,0.0,0.0,0.0,7.47314550388943
tfnbs,"e=0.3,h=1.0,n=30,start_thres=1.25",hub,0.25,30,22,40,1730,0,0,40,1730,0.0,0.0,0.0,0.0,7.47314550388943
tfnbs,"e=0.3,h=2.0,n=30,start_thres=1.25",hub,0.25,30,22,40,1730,0,0,40,1730,0.0,0.0,0.0,0.0,7.47314550388943
tfnbs,"e=0.3,h=3.0,n=30,start_thres=1.25",hub,0.25,30,22,40,1730,0,0,40,1730,0.0,0.0,0.0,0.0,7.47314550388943
tfnbs,"e=0.3,h=4.0,n=30,start_thres=1.25",hub,0.25,30,22,40,1730,0,0,40,1730,0.0,0.0,0.0,0.0,7.47314550388943
tfnbs,"e=0.3,h=5.0,n=30,start_thres=1.25",hub,0.25,30,22,40,1730,0,0,40,1730,0.0,0.0,0.0,0.0,7.47314550388943
tfnbs,"e=0.3,h=6.0,n=30,start_thres=1.25",hub,0.25,30,22,40,1730,0,0,40,1730,0.0,0.0,0.0,0.0,7.47314550388943
tfnbs,"e=0.3,h=7.0,n=30,start_thres=1.25",hub,0.25,30,22,40,1730,0,0,40,1730,0.0,0.0,0.0,0.0,7.47314550388943
tfnbs,"e=0.3,h=8.0,n=30,start_thres=1.25",hub,0.25,30,22,40,1730,0,0,40,1730,0.0,0.0,0.0,0.0,7.47314550388943
tfnbs,"e=0.3,h=9.0,n=30,start_thres=1.25",hub,0.25,30,22,40,1730,0,0,40,1730,0.0,0.0,0.0,0.0,7.47314550388943
tfnbs,"e=0.3,h=10.0,n=30,start_thres=1.25",hub,0.25,30,22,40,1730,0,0,40,1730,0.0,0.0,0.0,0.0,7.47314550388943
tfnbs,"e=0.4,h=0.5,n=30,start_thres=1.25",hub,0.25,30,22,40,1730,0,0,40,1730,0.0,0.0,0.0,0.0,7.47314550388943
tfnbs,"e=0.4,h=1.0,n=30,start_thres=1.25",hub,0.25,30,22,40,1730,0,0,40,1730,0.0,0.0,0.0,0.0,7.47314550388943
tfnbs,"e=0.4,h=2.0,n=30,start_thres=1.25",hub,0.25,30,22,40,1730,0,0,40,1730,0.0,0.0,0.0,0.0,7.47314550388943
tfnbs,"e=0.4,h=3.0,n=30,start_thres=1.25",hub,0.25,30,22,40,1730,0,0,40,1730,0.0,0.0,0.0,0.0,7.47314550388943
tfnbs,"e=0.4,h=4.0,n=30,start_thres=1.25",hub,0.25,30,22,40,1730,0,0,40,1730,0.0,0.0,0.0,0.0,7.47314550388943
tfnbs,"e=0.4,h=5.0,n=30,start_thres=1.25",hub,0.25,30,22,40,1730,0,0,40,1730,0.0,0.0,0.0,0.0,7.47314550388943
tfnbs,"e=0.4,h=6.0,n=30,start_thres=1.25",hub,0.25,30,22,40,1730,0,0,40,1730,0.0,0.0,0.0,0.0,7.47314550388943
tfnbs,"e=0.4,h=7.0,n=30,start_thres=1.25",hub,0.25,30,22,40,1730,0,0,40,1730,0.0,0.0,0.0,0.0,7.47314550388943
tfnbs,"e=0.4,h=8.0,n=30,start_thres=1.25",hub,0.25,30,22,40,1730,0,0,40,1730,0.0,0.0,0.0,0.0,7.47314550388943
tfnbs,"e=0.4,h=9.0,n=30,start_thres=1.25",hub,0.25,30,22,40,1730,0,0,40,1730,0.0,0.0,0.0,0.0,7.47314550388943
tfnbs,"e=0.4,h=10.0,n=30,start_thres=1.25",hub,0.25,30,22,40,1730,0,0,40,1730,0.0,0.0,0.0,0.0,7.47314550388943
tfnbs,"e=0.5,h=0.5,n=30,start_thres=1.25",hub,0.25,30,22,40,1730,0,0,40,1730,0.0,0.0,0.0,0.0,7.47314550388943
tfnbs,"e=0.5,h=1.0,n=30,start_thres=1.25",hub,0.25,30,22,40,1730,0,0,40,1730,0.0,0.0,0.0,0.0,7.47314550388943
tfnbs,"e=0.5,h=2.0,n=30,start_thres=1.25",hub,0.25,30,22,40,1730,0,0,40,1730,0.0,0.0,0.0,0.0,7.47314550388943
tfnbs,"e=0.5,h=3.0,n=30,start_thres=1.25",hub,0.25,30,22,40,1730,0,0,40,1730,0.0,0.0,0.0,0.0,7.47314550388943
tfnbs,"e=0.5,h=4.0,n=30,start_thres=1.25",hub,0.25,30,22,40,1730,0,0,40,1730,0.0,0.0,0.0,0.0,7.47314550388943
tfnbs,"e=0.5,h=5.0,n=30,start_thres=1.25",hub,0.25,30,22,40,1730,0,0,40,1730,0.0,0.0,0.0,0.0,7.47314550388943
tfnbs,"e=0.5,h=6.0,n=30,start_thres=1.25",hub,0.25,30,22,40,1730,0,0,40,1730,0.0,0.0,0.0,0.0,7.47314550388943
tfnbs,"e=0.5,h=7.0,n=30,start_thres=1.25",hub,0.25,30,22,40,1730,0,0,40,1730,0.0,0.0,0.0,0.0,7.47314550388943
tfnbs,"e=0.5,h=8.0,n=30,start_thres=1.25",hub,0.25,30,22,40,1730,0,0,40,1730,0.0,0.0,0.0,0.0,7.47314550388943
tfnbs,"e=0.5,h=9.0,n=30,start_thres=1.25",hub,0.25,30,22,40,1730,0,0,40,1730,0.0,0.0,0.0,0.0,7.47314550388943
tfnbs,"e=0.5,h=10.0,n=30,start_thres=1.25",hub,0.25,30,22,40,1730,0,0,40,1730,0.0,0.0,0.0,0.0,7.47314550388943
tfnbs,"e=0.6,h=0.5,n=30,start_thres=1.25",hub,0.25,30,22,40,1730,0,0,40,1730,0.0,0.0,0.0,0.0,7.47314550388943
tfnbs,"e=0.6,h=1.0,n=30,start_thres=1.25",hub,0.25,30,22,40,1730,0,0,40,1730,0.0,0.0,0.0,0.0,7.47314550388943
tfnbs,"e=0.6,h=2.0,n=30,start_thres=1.25",hub,0.25,30,22,40,1730,0,0,40,1730,0.0,0.0,0.0,0.0,7.47314550388943
tfnbs,"e=0.6,h=3.0,n=30,start_thres=1.25",hub,0.25,30,22,40,1730,0,0,40,1730,0.0,0.0,0.0,0.0,7.47314550388943
tfnbs,"e=0.6,h=4.0,n=30,start_thres=1.25",hub,0.25,30,22,40,1730,0,0,40,1730,0.0,0.0,0.0,0.0,7.47314550388943
tfnbs,"e=0.6,h=5.0,n=30,start_thres=1.25",hub,0.25,30,22,40,1730,0,0,40,1730,0.0,0.0,0.0,0.0,7.47314550388943
tfnbs,"e=0.6,h=6.0,n=30,start_thres=1.25",hub,0.25,30,22,40,1730,0,0,40,1730,0.0,0.0,0.0,0.0,7.47314550388943
tfnbs,"e=0.6,h=7.0,n=30,start_thres=1.25",hub,0.25,30,22,40,1730,0,0,40,1730,0.0,0.0,0.0,0.0,7.47314550388943
tfnbs,"e=0.6,h=8.0,n=30,start_thres=1.25",hub,0.25,30,22,40,1730,0,0,40,1730,0.0,0.0,0.0,0.0,7.47314550388943
tfnbs,"e=0.6,h=9.0,n=30,start_thres=1.25",hub,0.25,30,22,40,1730,0,0,40,1730,0.0,0.0,0.0,0.0,7.47314550388943
tfnbs,"e=0.6,h=10.0,n=30,start_thres=1.25",hub,0.25,30,22,40,1730,0,0,40,1730,0.0,0.0,0.0,0.0,7.47314550388943
tfnbs,"e=0.7,h=0.5,n=30,start_thres=1.25",hub,0.25,30,22,40,1730,0,0,40,1730,0.0,0.0,0.0,0.0,7.47314550388943
tfnbs,"e=0.7,h=1.0,n=30,start_thres=1.25",hub,0.25,30,22,40,1730,0,0,40,1730,0.0,0.0,0.0,0.0,7.47314550388943
tfnbs,"e=0.7,h=2.0,n=30,start_thres=1.25",hub,0.25,30,22,40,1730,0,0,40,1730,0.0,0.0,0.0,0.0,7.47314550388943
tfnbs,"e=0.7,h=3.0,n=30,start_thres=1.25",hub,0.25,30,22,40,1730,0,0,40,1730,0.0,0.0,0.0,0.0,7.47314550388943
tfnbs,"e=0.7,h=4.0,n=30,start_thres=1.25",hub,0.25,30,22,40,1730,0,0,40,1730,0.0,0.0,0.0,0.0,7.47314550388943
tfnbs,"e=0.7,h=5.0,n=30,start_thres=1.25",hub,0.25,30,22,40,1730,0,0,40,1730,0.0,0.0,0.0,0.0,7.47314550388943
tfnbs,"e=0.7,h=6.0,n=30,start_thres=1.25",hub,0.25,30,22,40,1730,0,0,40,1730,0.0,0.0,0.0,0.0,7.47314550388943
tfnbs,"e=0.7,h=7.0,n=30,start_thres=1.25",hub,0.25,30,22,40,1730,0,0,40,1730,0.0,0.0,0.0,0.0,7.47314550388943
tfnbs,"e=0.7,h=8.0,n=30,start_thres=1.25",hub,0.25,30,22,40,1730,0,0,40,1730,0.0,0.0,0.0,0.0,7.47314550388943
tfnbs,"e=0.7,h=9.0,n=30,start_thres=1.25",hub,0.25,30,22,40,1730,0,0,40,1730,0.0,0.0,0.0,0.0,7.47314550388943
tfnbs,"e=0.7,h=10.0,n=30,start_thres=1.25",hub,0.25,30,22,40,1730,0,0,40,1730,0.0,0.0,0.0,0.0,7.47314550388943
tfnbs,"e=0.8,h=0.5,n=30,start_thres=1.25",hub,0.25,30,22,40,1730,0,0,40,1730,0.0,0.0,0.0,0.0,7.47314550388943
tfnbs,"e=0.8,h=1.0,n=30,start_thres=1.25",hub,0.25,30,22,40,1730,0,0,40,1730,0.0,0.0,0.0,0.0,7.47314550388943
tfnbs,"e=0.8,h=2.0,n=30,start_thres=1.25",hub,0.25,30,22,40,1730,0,0,40,1730,0.0,0.0,0.0,0.0,7.47314550388943
tfnbs,"e=0.8,h=3.0,n=30,start_thres=1.25",hub,0.25,30,22,40,1730,0,0,40,1730,0.0,0.0,0.0,0.0,7.47314550388943
tfnbs,"e=0.8,h=4.0,n=30,start_thres=1.25",hub,0.25,30,22,40,1730,0,0,40,1730,0.0,0.0,0.0,0.0,7.47314550388943
tfnbs,"e=0.8,h=5.0,n=30,start_thres=1.25",hub,0.25,30,22,40,1730,1,0,39,1730,0.025,0.0,1.0,0.0,7.47314550388943
tfnbs,"e=0.8,h=6.0,n=30,start_thres=1.25",hub,0.25,30,22,40,1730,0,0,40,1730,0.0,0.0,0.0,0.0,7.47314550388943
tfnbs,"e=0.8,h=7.0,n=30,start_thres=1.25",hub,0.25,30,22,40,1730,0,0,40,1730,0.0,0.0,0.0,0.0,7.47314550388943
tfnbs,"e=0.8,h=8.0,n=30,start_thres=1.25",hub,0.25,30,22,40,1730,0,0,40,1730,0.0,0.0,0.0,0.0,7.47314550388943
tfnbs,"e=0.8,h=9.0,n=30,start_thres=1.25",hub,0.25,30,22,40,1730,0,0,40,1730,0.0,0.0,0.0,0.0,7.47314550388943
tfnbs,"e=0.8,h=10.0,n=30,start_thres=1.25",hub,0.25,30,22,40,1730,0,0,40,1730,0.0,0.0,0.0,0.0,7.47314550388943
tfnbs,"e=0.9,h=0.5,n=30,start_thres=1.25",hub,0.25,30,22,40,1730,0,0,40,1730,0.0,0.0,0.0,0.0,7.47314550388943
tfnbs,"e=0.9,h=1.0,n=30,start_thres=1.25",hub,0.25,30,22,40,1730,0,0,40,1730,0.0,0.0,0.0,0.0,7.47314550388943
tfnbs,"e=0.9,h=2.0,n=30,start_thres=1.25",hub,0.25,30,22,40,1730,0,0,40,1730,0.0,0.0,0.0,0.0,7.47314550388943
tfnbs,"e=0.9,h=3.0,n=30,start_thres=1.25",hub,0.25,30,22,40,1730,0,0,40,1730,0.0,0.0,0.0,0.0,7.47314550388943
tfnbs,"e=0.9,h=4.0,n=30,start_thres=1.25",hub,0.25,30,22,40,1730,0,0,40,1730,0.0,0.0,0.0,0.0,7.47314550388943
tfnbs,"e=0.9,h=5.0,n=30,start_thres=1.25",hub,0.25,30,22,40,1730,1,0,39,1730,0.025,0.0,1.0,0.0,7.47314550388943
tfnbs,"e=0.9,h=6.0,n=30,start_thres=1.25",hub,0.25,30,22,40,1730,0,0,40,1730,0.0,0.0,0.0,0.0,7.47314550388943
tfnbs,"e=0.9,h=7.0,n=30,start_thres=1.25",hub,0.25,30,22,40,1730,0,0,40,1730,0.0,0.0,0.0,0.0,7.47314550388943
tfnbs,"e=0.9,h=8.0,n=30,start_thres=1.25",hub,0.25,30,22,40,1730,0,0,40,1730,0.0,0.0,0.0,0.0,7.47314550388943
tfnbs,"e=0.9,h=9.0,n=30,start_thres=1.25",hub,0.25,30,22,40,1730,0,0,40,1730,0.0,0.0,0.0,0.0,7.47314550388943
tfnbs,"e=0.9,h=10.0,n=30,start_thres=1.25",hub,0.25,30,22,40,1730,0,0,40,1730,0.0,0.0,0.0,0.0,7.47314550388943
tfnbs,"e=1.0,h=0.5,n=30,start_thres=1.25",hub,0.25,30,22,40,1730,0,0,40,1730,0.0,0.0,0.0,0.0,7.47314550388943
tfnbs,"e=1.0,h=1.0,n=30,start_thres=1.25",hub,0.25,30,22,40,1730,0,0,40,1730,0.0,0.0,0.0,0.0,7.47314550388943
tfnbs,"e=1.0,h=2.0,n=30,start_thres=1.25",hub,0.25,30,22,40,1730,0,0,40,1730,0.0,0.0,0.0,0.0,7.47314550388943
tfnbs,"e=1.0,h=3.0,n=30,start_thres=1.25",hub,0.25,30,22,40,1730,0,0,40,1730,0.0,0.0,0.0,0.0,7.47314550388943
tfnbs,"e=1.0,h=4.0,n=30,start_thres=1.25",hub,0.25,30,22,40,1730,0,0,40,1730,0.0,0.0,0.0,0.0,7.47314550388943
tfnbs,"e=1.0,h=5.0,n=30,start_thres=1.25",hub,0.25,30,22,40,1730,1,0,39,1730,0.025,0.0,1.0,0.0,7.47314550388943
tfnbs,"e=1.0,h=6.0,n=30,start_thres=1.25",hub,0.25,30,22,40,1730,1,0,39,1730,0.025,0.0,1.0,0.0,7.47314550388943
tfnbs,"e=1.0,h=7.0,n=30,start_thres=1.25",hub,0.25,30,22,40,1730,0,0,40,1730,0.0,0.0,0.0,0.0,7.47314550388943
tfnbs,"e=1.0,h=8.0,n=30,start_thres=1.25",hub,0.25,30,22,40,1730,0,0,40,1730,0.0,0.0,0.0,0.0,7.47314550388943
tfnbs,"e=1.0,h=9.0,n=30,start_thres=1.25",hub,0.25,30,22,40,1730,0,0,40,1730,0.0,0.0,0.0,0.0,7.47314550388943
tfnbs,"e=1.0,h=10.0,n=30,start_thres=1.25",hub,0.25,30,22,40,1730,0,0,40,1730,0.0,0.0,0.0,0.0,7.47314550388943
tfnbs,"e=1.1,h=0.5,n=30,start_thres=1.25",hub,0.25,30,22,40,1730,0,0,40,1730,0.0,0.0,0.0,0.0,7.47314550388943
tfnbs,"e=1.1,h=1.0,n=30,start_thres=1.25",hub,0.25,30,22,40,1730,0,0,40,1730,0.0,0.0,0.0,0.0,7.47314550388943
tfnbs,"e=1.1,h=2.0,n=30,start_thres=1.25",hub,0.25,30,22,40,1730,0,0,40,1730,0.0,0.0,0.0,0.0,7.47314550388943
tfnbs,"e=1.1,h=3.0,n=30,start_thres=1.25",hub,0.25,30,22,40,1730,0,0,40,1730,0.0,0.0,0.0,0.0,7.47314550388943
tfnbs,"e=1.1,h=4.0,n=30,start_thres=1.25",hub,0.25,30,22,40,1730,0,0,40,1730,0.0,0.0,0.0,0.0,7.47314550388943
tfnbs,"e=1.1,h=5.0,n=30,start_thres=1.25",hub,0.25,30,22,40,1730,0,0,40,1730,0.0,0.0,0.0,0.0,7.47314550388943
tfnbs,"e=1.1,h=6.0,n=30,start_thres=1.25",hub,0.25,30,22,40,1730,1,0,39,1730,0.025,0.0,1.0,0.0,7.47314550388943
tfnbs,"e=1.1,h=7.0,n=30,start_thres=1.25",hub,0.25,30,22,40,1730,1,0,39,1730,0.025,0.0,1.0,0.0,7.47314550388943
tfnbs,"e=1.1,h=8.0,n=30,start_thres=1.25",hub,0.25,30,22,40,1730,0,0,40,1730,0.0,0.0,0.0,0.0,7.47314550388943
tfnbs,"e=1.1,h=9.0,n=30,start_thres=1.25",hub,0.25,30,22,40,1730,0,0,40,1730,0.0,0.0,0.0,0.0,7.47314550388943
tfnbs,"e=1.1,h=10.0,n=30,start_thres=1.25",hub,0.25,30,22,40,1730,0,0,40,1730,0.0,0.0,0.0,0.0,7.47314550388943
tfnbs,"e=1.2,h=0.5,n=30,start_thres=1.25",hub,0.25,30,22,40,1730,0,0,40,1730,0.0,0.0,0.0,0.0,7.47314550388943
tfnbs,"e=1.2,h=1.0,n=30,start_thres=1.25",hub,0.25,30,22,40,1730,0,0,40,1730,0.0,0.0,0.0,0.0,7.47314550388943
tfnbs,"e=1.2,h=2.0,n=30,start_thres=1.25",hub,0.25,30,22,40,1730,0,0,40,1730,0.0,0.0,0.0,0.0,7.47314550388943
tfnbs,"e=1.2,h=3.0,n=30,start_thres=1.25",hub,0.25,30,22,40,1730,0,0,40,1730,0.0,0.0,0.0,0.0,7.47314550388943
tfnbs,"e=1.2,h=4.0,n=30,start_thres=1.25",hub,0.25,30,22,40,1730,0,0,40,1730,0.0,0.0,0.0,0.0,7.47314550388943
tfnbs,"e=1.2,h=5.0,n=30,start_thres=1.25",hub,0.25,30,22,40,1730,0,0,40,1730,0.0,0.0,0.0,0.0,7.47314550388943
tfnbs,"e=1.2,h=6.0,n=30,start_thres=1.25",hub,0.25,30,22,40,1730,1,0,39,1730,0.025,0.0,1.0,0.0,7.47314550388943
tfnbs,"e=1.2,h=7.0,n=30,start_thres=1.25",hub,0.25,30,22,40,1730,1,0,39,1730,0.025,0.0,1.0,0.0,7.47314550388943
tfnbs,"e=1.2,h=8.0,n=30,start_thres=1.25",hub,0.25,30,22,40,1730,1,0,39,1730,0.025,0.0,1.0,0.0,7.47314550388943
tfnbs,"e=1.2,h=9.0,n=30,start_thres=1.25",hub,0.25,30,22,40,1730,0,0,40,1730,0.0,0.0,0.0,0.0,7.47314550388943
tfnbs,"e=1.2,h=10.0,n=30,start_thres=1.25",hub,0.25,30,22,40,1730,0,0,40,1730,0.0,0.0,0.0,0.0,7.47314550388943
tfnbs,"e=1.3,h=0.5,n=30,start_thres=1.25",hub,0.25,30,22,40,1730,0,0,40,1730,0.0,0.0,0.0,0.0,7.47314550388943
tfnbs,"e=1.3,h=1.0,n=30,start_thres=1.25",hub,0.25,30,22,40,1730,0,0,40,1730,0.0,0.0,0.0,0.0,7.47314550388943
tfnbs,"e=1.3,h=2.0,n=30,start_thres=1.25",hub,0.25,30,22,40,1730,0,0,40,1730,0.0,0.0,0.0,0.0,7.47314550388943
tfnbs,"e=1.3,h=3.0,n=30,start_thres=1.25",hub,0.25,30,22,40,1730,0,0,40,1730,0.0,0.0,0.0,0.0,7.47314550388943
tfnbs,"e=1.3,h=4.0,n=30,start_thres=1.25",hub,0.25,30,22,40,1730,0,0,40,1730,0.0,0.0,0.0,0.0,7.47314550388943
tfnbs,"e=1.3,h=5.0,n=30,start_thres=1.25",hub,0.25,30,22,40,1730,0,0,40,1730,0.0,0.0,0.0,0.0,7.47314550388943
tfnbs,"e=1.3,h=6.0,n=30,start_thres=1.25",hub,0.25,30,22,40,1730,0,0,40,1730,0.0,0.0,0.0,0.0,7.47314550388943
tfnbs,"e=1.3,h=7.0,n=30,start_thres=1.25",hub,0.25,30,22,40,1730,1,0,39,1730,0.025,0.0,1.0,0.0,7.47314550388943
tfnbs,"e=1.3,h=8.0,n=30,start_thres=1.25",hub,0.25,30,22,40,1730,1,0,39,1730,0.025,0.0,1.0,0.0,7.47314550388943
tfnbs,"e=1.3,h=9.0,n=30,start_thres=1.25",hub,0.25,30,22,40,1730,0,0,40,1730,0.0,0.0,0.0,0.0,7.47314550388943
tfnbs,"e=1.3,h=10.0,n=30,start_thres=1.25",hub,0.25,30,22,40,1730,1,0,39,1730,0.025,0.0,1.0,0.0,7.47314550388943
tfnbs,"e=1.4,h=0.5,n=30,start_thres=1.25",hub,0.25,30,22,40,1730,0,0,40,1730,0.0,0.0,0.0,0.0,7.47314550388943
tfnbs,"e=1.4,h=1.0,n=30,start_thres=1.25",hub,0.25,30,22,40,1730,0,0,40,1730,0.0,0.0,0.0,0.0,7.47314550388943
tfnbs,"e=1.4,h=2.0,n=30,start_thres=1.25",hub,0.25,30,22,40,1730,0,0,40,1730,0.0,0.0,0.0,0.0,7.47314550388943
tfnbs,"e=1.4,h=3.0,n=30,start_thres=1.25",hub,0.25,30,22,40,1730,0,0,40,1730,0.0,0.0,0.0,0.0,7.47314550388943
tfnbs,"e=1.4,h=4.0,n=30,start_thres=1.25",hub,0.25,30,22,40,1730,0,0,40,1730,0.0,0.0,0.0,0.0,7.47314550388943
tfnbs,"e=1.4,h=5.0,n=30,start_thres=1.25",hub,0.25,30,22,40,1730,0,0,40,1730,0.0,0.0,0.0,0.0,7.47314550388943
tfnbs,"e=1.4,h=6.0,n=30,start_thres=1.25",hub,0.25,30,22,40,1730,0,0,40,1730,0.0,0.0,0.0,0.0,7.47314550388943
tfnbs,"e=1.4,h=7.0,n=30,start_thres=1.25",hub,0.25,30,22,40,1730,0,0,40,1730,0.0,0.0,0.0,0.0,7.47314550388943
tfnbs,"e=1.4,h=8.0,n=30,start_thres=1.25",hub,0.25,30,22,40,1730,1,0,39,1730,0.025,0.0,1.0,0.0,7.47314550388943
tfnbs,"e=1.4,h=9.0,n=30,start_thres=1.25",hub,0.25,30,22,40,1730,1,0,39,1730,0.025,0.0,1.0,0.0,7.47314550388943
tfnbs,"e=1.4,h=10.0,n=30,start_thres=1.25",hub,0.25,30,22,40,1730,1,0,39,1730,0.025,0.0,1.0,0.0,7.47314550388943
tfnbs,"e=1.5,h=0.5,n=30,start_thres=1.25",hub,0.25,30,22,40,1730,0,0,40,1730,0.0,0.0,0.0,0.0,7.47314550388943
tfnbs,"e=1.5,h=1.0,n=30,start_thres=1.25",hub,0.25,30,22,40,1730,0,0,40,1730,0.0,0.0,0.0,0.0,7.47314550388943
tfnbs,"e=1.5,h=2.0,n=30,start_thres=1.25",hub,0.25,30,22,40,1730,0,0,40,1730,0.0,0.0,0.0,0.0,7.47314550388943
tfnbs,"e=1.5,h=3.0,n=30,start_thres=1.25",hub,0.25,30,22,40,1730,0,0,40,1730,0.0,0.0,0.0,0.0,7.47314550388943
tfnbs,"e=1.5,h=4.0,n=30,start_thres=1.25",hub,0.25,30,22,40,1730,0,0,40,1730,0.0,0.0,0.0,0.0,7.47314550388943
tfnbs,"e=1.5,h=5.0,n=30,start_thres=1.25",hub,0.25,30,22,40,1730,0,0,40,1730,0.0,0.0,0.0,0.0,7.47314550388943
tfnbs,"e=1.5,h=6.0,n=30,start_thres=1.25",hub,0.25,30,22,40,1730,0,0,40,1730,0.0,0.0,0.0,0.0,7.47314550388943
tfnbs,"e=1.5,h=7.0,n=30,start_thres=1.25",hub,0.25,30,22,40,1730,0,0,40,1730,0.0,0.0,0.0,0.0,7.47314550388943
tfnbs,"e=1.5,h=8.0,n=30,start_thres=1.25",hub,0.25,30,22,40,1730,1,0,39,1730,0.025,0.0,1.0,0.0,7.47314550388943
tfnbs,"e=1.5,h=9.0,n=30,start_thres=1.25",hub,0.25,30,22,40,1730,1,0,39,1730,0.025,0.0,1.0,0.0,7.47314550388943
tfnbs,"e=1.5,h=10.0,n=30,start_thres=1.25",hub,0.25,30,22,40,1730,1,0,39,1730,0.025,0.0,1.0,0.0,7.47314550388943
tfnbs,"e=0.05,h=0.5,n=30,start_thres=1.25",hub,0.25,30,7,40,1730,0,0,40,1730,0.0,0.0,0.0,0.0,7.613199082287875
tfnbs,"e=0.05,h=1.0,n=30,start_thres=1.25",hub,0.25,30,7,40,1730,0,0,40,1730,0.0,0.0,0.0,0.0,7.613199082287875
tfnbs,"e=0.05,h=2.0,n=30,start_thres=1.25",hub,0.25,30,7,40,1730,0,0,40,1730,0.0,0.0,0.0,0.0,7.613199082287875
tfnbs,"e=0.05,h=3.0,n=30,start_thres=1.25",hub,0.25,30,7,40,1730,0,0,40,1730,0.0,0.0,0.0,0.0,7.613199082287875
tfnbs,"e=0.05,h=4.0,n=30,start_thres=1.25",hub,0.25,30,7,40,1730,0,0,40,1730,0.0,0.0,0.0,0.0,7.613199082287875
tfnbs,"e=0.05,h=5.0,n=30,start_thres=1.25",hub,0.25,30,7,40,1730,0,0,40,1730,0.0,0.0,0.0,0.0,7.613199082287875
tfnbs,"e=0.05,h=6.0,n=30,start_thres=1.25",hub,0.25,30,7,40,1730,0,0,40,1730,0.0,0.0,0.0,0.0,7.613199082287875
tfnbs,"e=0.05,h=7.0,n=30,start_thres=1.25",hub,0.25,30,7,40,1730,0,0,40,1730,0.0,0.0,0.0,0.0,7.613199082287875
tfnbs,"e=0.05,h=8.0,n=30,start_thres=1.25",hub,0.25,30,7,40,1730,0,0,40,1730,0.0,0.0,0.0,0.0,7.613199082287875
tfnbs,"e=0.05,h=9.0,n=30,start_thres=1.25",hub,0.25,30,7,40,1730,0,0,40,1730,0.0,0.0,0.0,0.0,7.613199082287875
tfnbs,"e=0.05,h=10.0,n=30,start_thres=1.25",hub,0.25,30,7,40,1730,0,0,40,1730,0.0,0.0,0.0,0.0,7.613199082287875
tfnbs,"e=0.1,h=0.5,n=30,start_thres=1.25",hub,0.25,30,7,40,1730,0,0,40,1730,0.0,0.0,0.0,0.0,7.613199082287875
tfnbs,"e=0.1,h=1.0,n=30,start_thres=1.25",hub,0.25,30,7,40,1730,0,0,40,1730,0.0,0.0,0.0,0.0,7.613199082287875
tfnbs,"e=0.1,h=2.0,n=30,start_thres=1.25",hub,0.25,30,7,40,1730,0,0,40,1730,0.0,0.0,0.0,0.0,7.613199082287875
tfnbs,"e=0.1,h=3.0,n=30,start_thres=1.25",hub,0.25,30,7,40,1730,0,0,40,1730,0.0,0.0,0.0,0.0,7.613199082287875
tfnbs,"e=0.1,h=4.0,n=30,start_thres=1.25",hub,0.25,30,7,40,1730,0,0,40,1730,0.0,0.0,0.0,0.0,7.613199082287875
tfnbs,"e=0.1,h=5.0,n=30,start_thres=1.25",hub,0.25,30,7,40,1730,0,0,40,1730,0.0,0.0,0.0,0.0,7.613199082287875
tfnbs,"e=0.1,h=6.0,n=30,start_thres=1.25",hub,0.25,30,7,40,1730,0,0,40,1730,0.0,0.0,0.0,0.0,7.613199082287875
tfnbs,"e=0.1,h=7.0,n=30,start_thres=1.25",hub,0.25,30,7,40,1730,0,0,40,1730,0.0,0.0,0.0,0.0,7.613199082287875
tfnbs,"e=0.1,h=8.0,n=30,start_thres=1.25",hub,0.25,30,7,40,1730,0,0,40,1730,0.0,0.0,0.0,0.0,7.613199082287875
tfnbs,"e=0.1,h=9.0,n=30,start_thres=1.25",hub,0.25,30,7,40,1730,0,0,40,1730,0.0,0.0,0.0,0.0,7.613199082287875
tfnbs,"e=0.1,h=10.0,n=30,start_thres=1.25",hub,0.25,30,7,40,1730,0,0,40,1730,0.0,0.0,0.0,0.0,7.613199082287875
tfnbs,"e=0.2,h=0.5,n=30,start_thres=1.25",hub,0.25,30,7,40,1730,0,0,40,1730,0.0,0.0,0.0,0.0,7.613199082287875
tfnbs,"e=0.2,h=1.0,n=30,start_thres=1.25",hub,0.25,30,7,40,1730,0,0,40,1730,0.0,0.0,0.0,0.0,7.613199082287875
tfnbs,"e=0.2,h=2.0,n=30,start_thres=1.25",hub,0.25,30,7,40,1730,0,0,40,1730,0.0,0.0,0.0,0.0,7.613199082287875
tfnbs,"e=0.2,h=3.0,n=30,start_thres=1.25",hub,0.25,30,7,40,1730,0,0,40,1730,0.0,0.0,0.0,0.0,7.613199082287875
tfnbs,"e=0.2,h=4.0,n=30,start_thres=1.25",hub,0.25,30,7,40,1730,0,0,40,1730,0.0,0.0,0.0,0.0,7.613199082287875
tfnbs,"e=0.2,h=5.0,n=30,start_thres=1.25",hub,0.25,30,7,40,1730,0,0,40,1730,0.0,0.0,0.0,0.0,7.613199082287875
tfnbs,"e=0.2,h=6.0,n=30,start_thres=1.25",hub,0.25,30,7,40,1730,0,0,40,1730,0.0,0.0,0.0,0.0,7.613199082287875
tfnbs,"e=0.2,h=7.0,n=30,start_thres=1.25",hub,0.25,30,7,40,1730,0,0,40,1730,0.0,0.0,0.0,0.0,7.613199082287875
tfnbs,"e=0.2,h=8.0,n=30,start_thres=1.25",hub,0.25,30,7,40,1730,0,0,40,1730,0.0,0.0,0.0,0.0,7.613199082287875
tfnbs,"e=0.2,h=9.0,n=30,start_thres=1.25",hub,0.25,30,7,40,1730,0,0,40,1730,0.0,0.0,0.0,0.0,7.613199082287875
tfnbs,"e=0.2,h=10.0,n=30,start_thres=1.25",hub,0.25,30,7,40,1730,0,0,40,1730,0.0,0.0,0.0,0.0,7.613199082287875
tfnbs,"e=0.3,h=0.5,n=30,start_thres=1.25",hub,0.25,30,7,40,1730,0,0,40,1730,0.0,0.0,0.0,0.0,7.613199082287875
tfnbs,"e=0.3,h=1.0,n=30,start_thres=1.25",hub,0.25,30,7,40,1730,0,0,40,1730,0.0,0.0,0.0,0.0,7.613199082287875
tfnbs,"e=0.3,h=2.0,n=30,start_thres=1.25",hub,0.25,30,7,40,1730,0,0,40,1730,0.0,0.0,0.0,0.0,7.613199082287875
tfnbs,"e=0.3,h=3.0,n=30,start_thres=1.25",hub,0.25,30,7,40,1730,0,0,40,1730,0.0,0.0,0.0,0.0,7.613199082287875
tfnbs,"e=0.3,h=4.0,n=30,start_thres=1.25",hub,0.25,30,7,40,1730,0,0,40,1730,0.0,0.0,0.0,0.0,7.613199082287875
tfnbs,"e=0.3,h=5.0,n=30,start_thres=1.25",hub,0.25,30,7,40,1730,0,0,40,1730,0.0,0.0,0.0,0.0,7.613199082287875
tfnbs,"e=0.3,h=6.0,n=30,start_thres=1.25",hub,0.25,30,7,40,1730,0,0,40,1730,0.0,0.0,0.0,0.0,7.613199082287875
tfnbs,"e=0.3,h=7.0,n=30,start_thres=1.25",hub,0.25,30,7,40,1730,0,0,40,1730,0.0,0.0,0.0,0.0,7.613199082287875
tfnbs,"e=0.3,h=8.0,n=30,start_thres=1.25",hub,0.25,30,7,40,1730,0,0,40,1730,0.0,0.0,0.0,0.0,7.613199082287875
tfnbs,"e=0.3,h=9.0,n=30,start_thres=1.25",hub,0.25,30,7,40,1730,0,0,40,1730,0.0,0.0,0.0,0.0,7.613199082287875
tfnbs,"e=0.3,h=10.0,n=30,start_thres=1.25",hub,0.25,30,7,40,1730,0,0,40,1730,0.0,0.0,0.0,0.0,7.613199082287875
tfnbs,"e=0.4,h=0.5,n=30,start_thres=1.25",hub,0.25,30,7,40,1730,0,0,40,1730,0.0,0.0,0.0,0.0,7.613199082287875
tfnbs,"e=0.4,h=1.0,n=30,start_thres=1.25",hub,0.25,30,7,40,1730,0,0,40,1730,0.0,0.0,0.0,0.0,7.613199082287875
tfnbs,"e=0.4,h=2.0,n=30,start_thres=1.25",hub,0.25,30,7,40,1730,0,0,40,1730,0.0,0.0,0.0,0.0,7.613199082287875
tfnbs,"e=0.4,h=3.0,n=30,start_thres=1.25",hub,0.25,30,7,40,1730,0,0,40,1730,0.0,0.0,0.0,0.0,7.613199082287875
tfnbs,"e=0.4,h=4.0,n=30,start_thres=1.25",hub,0.25,30,7,40,1730,0,0,40,1730,0.0,0.0,0.0,0.0,7.613199082287875
tfnbs,"e=0.4,h=5.0,n=30,start_thres=1.25",hub,0.25,30,7,40,1730,0,0,40,1730,0.0,0.0,0.0,0.0,7.613199082287875
tfnbs,"e=0.4,h=6.0,n=30,start_thres=1.25",hub,0.25,30,7,40,1730,0,0,40,1730,0.0,0.0,0.0,0.0,7.613199082287875
tfnbs,"e=0.4,h=7.0,n=30,start_thres=1.25",hub,0.25,30,7,40,1730,0,0,40,1730,0.0,0.0,0.0,0.0,7.613199082287875
tfnbs,"e=0.4,h=8.0,n=30,start_thres=1.25",hub,0.25,30,7,40,1730,0,0,40,1730,0.0,0.0,0.0,0.0,7.613199082287875
tfnbs,"e=0.4,h=9.0,n=30,start_thres=1.25",hub,0.25,30,7,40,1730,0,0,40,1730,0.0,0.0,0.0,0.0,7.613199082287875
tfnbs,"e=0.4,h=10.0,n=30,start_thres=1.25",hub,0.25,30,7,40,1730,0,0,40,1730,0.0,0.0,0.0,0.0,7.613199082287875
tfnbs,"e=0.5,h=0.5,n=30,start_thres=1.25",hub,0.25,30,7,40,1730,0,0,40,1730,0.0,0.0,0.0,0.0,7.613199082287875
tfnbs,"e=0.5,h=1.0,n=30,start_thres=1.25",hub,0.25,30,7,40,1730,0,0,40,1730,0.0,0.0,0.0,0.0,7.613199082287875
tfnbs,"e=0.5,h=2.0,n=30,start_thres=1.25",hub,0.25,30,7,40,1730,0,0,40,1730,0.0,0.0,0.0,0.0,7.613199082287875
tfnbs,"e=0.5,h=3.0,n=30,start_thres=1.25",hub,0.25,30,7,40,1730,0,0,40,1730,0.0,0.0,0.0,0.0,7.613199082287875
tfnbs,"e=0.5,h=4.0,n=30,start_thres=1.25",hub,0.25,30,7,40,1730,0,0,40,1730,0.0,0.0,0.0,0.0,7.613199082287875
tfnbs,"e=0.5,h=5.0,n=30,start_thres=1.25",hub,0.25,30,7,40,1730,0,0,40,1730,0.0,0.0,0.0,0.0,7.613199082287875
tfnbs,"e=0.5,h=6.0,n=30,start_thres=1.25",hub,0.25,30,7,40,1730,0,0,40,1730,0.0,0.0,0.0,0.0,7.613199082287875
tfnbs,"e=0.5,h=7.0,n=30,start_thres=1.25",hub,0.25,30,7,40,1730,0,0,40,1730,0.0,0.0,0.0,0.0,7.613199082287875
tfnbs,"e=0.5,h=8.0,n=30,start_thres=1.25",hub,0.25,30,7,40,1730,0,0,40,1730,0.0,0.0,0.0,0.0,7.613199082287875
tfnbs,"e=0.5,h=9.0,n=30,start_thres=1.25",hub,0.25,30,7,40,1730,0,0,40,1730,0.0,0.0,0.0,0.0,7.613199082287875
tfnbs,"e=0.5,h=10.0,n=30,start_thres=1.25",hub,0.25,30,7,40,1730,0,0,40,1730,0.0,0.0,0.0,0.0,7.613199082287875
tfnbs,"e=0.6,h=0.5,n=30,start_thres=1.25",hub,0.25,30,7,40,1730,0,0,40,1730,0.0,0.0,0.0,0.0,7.613199082287875
tfnbs,"e=0.6,h=1.0,n=30,start_thres=1.25",hub,0.25,30,7,40,1730,0,0,40,1730,0.0,0.0,0.0,0.0,7.613199082287875
tfnbs,"e=0.6,h=2.0,n=30,start_thres=1.25",hub,0.25,30,7,40,1730,0,0,40,1730,0.0,0.0,0.0,0.0,7.613199082287875
tfnbs,"e=0.6,h=3.0,n=30,start_thres=1.25",hub,0.25,30,7,40,1730,0,0,40,1730,0.0,0.0,0.0,0.0,7.613199082287875
tfnbs,"e=0.6,h=4.0,n=30,start_thres=1.25",hub,0.25,30,7,40,1730,0,0,40,1730,0.0,0.0,0.0,0.0,7.613199082287875
tfnbs,"e=0.6,h=5.0,n=30,start_thres=1.25",hub,0.25,30,7,40,1730,0,0,40,1730,0.0,0.0,0.0,0.0,7.613199082287875
tfnbs,"e=0.6,h=6.0,n=30,start_thres=1.25",hub,0.25,30,7,40,1730,0,0,40,1730,0.0,0.0,0.0,0.0,7.613199082287875
tfnbs,"e=0.6,h=7.0,n=30,start_thres=1.25",hub,0.25,30,7,40,1730,0,0,40,1730,0.0,0.0,0.0,0.0,7.613199082287875
tfnbs,"e=0.6,h=8.0,n=30,start_thres=1.25",hub,0.25,30,7,40,1730,0,0,40,1730,0.0,0.0,0.0,0.0,7.613199082287875
tfnbs,"e=0.6,h=9.0,n=30,start_thres=1.25",hub,0.25,30,7,40,1730,0,0,40,1730,0.0,0.0,0.0,0.0,7.613199082287875
tfnbs,"e=0.6,h=10.0,n=30,start_thres=1.25",hub,0.25,30,7,40,1730,0,0,40,1730,0.0,0.0,0.0,0.0,7.613199082287875
tfnbs,"e=0.7,h=0.5,n=30,start_thres=1.25",hub,0.25,30,7,40,1730,0,0,40,1730,0.0,0.0,0.0,0.0,7.613199082287875
tfnbs,"e=0.7,h=1.0,n=30,start_thres=1.25",hub,0.25,30,7,40,1730,0,0,40,1730,0.0,0.0,0.0,0.0,7.613199082287875
tfnbs,"e=0.7,h=2.0,n=30,start_thres=1.25",hub,0.25,30,7,40,1730,0,0,40,1730,0.0,0.0,0.0,0.0,7.613199082287875
tfnbs,"e=0.7,h=3.0,n=30,start_thres=1.25",hub,0.25,30,7,40,1730,0,0,40,1730,0.0,0.0,0.0,0.0,7.613199082287875
tfnbs,"e=0.7,h=4.0,n=30,start_thres=1.25",hub,0.25,30,7,40,1730,0,0,40,1730,0.0,0.0,0.0,0.0,7.613199082287875
tfnbs,"e=0.7,h=5.0,n=30,start_thres=1.25",hub,0.25,30,7,40,1730,0,0,40,1730,0.0,0.0,0.0,0.0,7.613199082287875
tfnbs,"e=0.7,h=6.0,n=30,start_thres=1.25",hub,0.25,30,7,40,1730,0,0,40,1730,0.0,0.0,0.0,0.0,7.613199082287875
tfnbs,"e=0.7,h=7.0,n=30,start_thres=1.25",hub,0.25,30,7,40,1730,0,0,40,1730,0.0,0.0,0.0,0.0,7.613199082287875
tfnbs,"e=0.7,h=8.0,n=30,start_thres=1.25",hub,0.25,30,7,40,1730,0,0,40,1730,0.0,0.0,0.0,0.0,7.613199082287875
tfnbs,"e=0.7,h=9.0,n=30,start_thres=1.25",hub,0.25,30,7,40,1730,0,0,40,1730,0.0,0.0,0.0,0.0,7.613199082287875
tfnbs,"e=0.7,h=10.0,n=30,start_thres=1.25",hub,0.25,30,7,40,1730,0,0,40,1730,0.0,0.0,0.0,0.0,7.613199082287875
tfnbs,"e=0.8,h=0.5,n=30,start_thres=1.25",hub,0.25,30,7,40,1730,0,0,40,1730,0.0,0.0,0.0,0.0,7.613199082287875
tfnbs,"e=0.8,h=1.0,n=30,start_thres=1.25",hub,0.25,30,7,40,1730,0,0,40,1730,0.0,0.0,0.0,0.0,7.613199082287875
tfnbs,"e=0.8,h=2.0,n=30,start_thres=1.25",hub,0.25,30,7,40,1730,0,0,40,1730,0.0,0.0,0.0,0.0,7.613199082287875
tfnbs,"e=0.8,h=3.0,n=30,start_thres=1.25",hub,0.25,30,7,40,1730,0,0,40,1730,0.0,0.0,0.0,0.0,7.613199082287875
tfnbs,"e=0.8,h=4.0,n=30,start_thres=1.25",hub,0.25,30,7,40,1730,0,0,40,1730,0.0,0.0,0.0,0.0,7.613199082287875
tfnbs,"e=0.8,h=5.0,n=30,start_thres=1.25",hub,0.25,30,7,40,1730,0,0,40,1730,0.0,0.0,0.0,0.0,7.613199082287875
tfnbs,"e=0.8,h=6.0,n=30,start_thres=1.25",hub,0.25,30,7,40,1730,0,0,40,1730,0.0,0.0,0.0,0.0,7.613199082287875
tfnbs,"e=0.8,h=7.0,n=30,start_thres=1.25",hub,0.25,30,7,40,1730,0,0,40,1730,0.0,0.0,0.0,0.0,7.613199082287875
tfnbs,"e=0.8,h=8.0,n=30,start_thres=1.25",hub,0.25,30,7,40,1730,0,0,40,1730,0.0,0.0,0.0,0.0,7.613199082287875
tfnbs,"e=0.8,h=9.0,n=30,start_thres=1.25",hub,0.25,30,7,40,1730,0,0,40,1730,0.0,0.0,0.0,0.0,7.613199082287875
tfnbs,"e=0.8,h=10.0,n=30,start_thres=1.25",hub,0.25,30,7,40,1730,0,0,40,1730,0.0,0.0,0.0,0.0,7.613199082287875
tfnbs,"e=0.9,h=0.5,n=30,start_thres=1.25",hub,0.25,30,7,40,1730,0,0,40,1730,0.0,0.0,0.0,0.0,7.613199082287875
tfnbs,"e=0.9,h=1.0,n=30,start_thres=1.25",hub,0.25,30,7,40,1730,0,0,40,1730,0.0,0.0,0.0,0.0,7.613199082287875
tfnbs,"e=0.9,h=2.0,n=30,start_thres=1.25",hub,0.25,30,7,40,1730,0,0,40,1730,0.0,0.0,0.0,0.0,7.613199082287875
tfnbs,"e=0.9,h=3.0,n=30,start_thres=1.25",hub,0.25,30,7,40,1730,0,0,40,1730,0.0,0.0,0.0,0.0,7.613199082287875
tfnbs,"e=0.9,h=4.0,n=30,start_thres=1.25",hub,0.25,30,7,40,1730,0,0,40,1730,0.0,0.0,0.0,0.0,7.613199082287875
tfnbs,"e=0.9,h=5.0,n=30,start_thres=1.25",hub,0.25,30,7,40,1730,0,0,40,1730,0.0,0.0,0.0,0.0,7.613199082287875
tfnbs,"e=0.9,h=6.0,n=30,start_thres=1.25",hub,0.25,30,7,40,1730,0,0,40,1730,0.0,0.0,0.0,0.0,7.613199082287875
tfnbs,"e=0.9,h=7.0,n=30,start_thres=1.25",hub,0.25,30,7,40,1730,0,0,40,1730,0.0,0.0,0.0,0.0,7.613199082287875
tfnbs,"e=0.9,h=8.0,n=30,start_thres=1.25",hub,0.25,30,7,40,1730,0,0,40,1730,0.0,0.0,0.0,0.0,7.613199082287875
tfnbs,"e=0.9,h=9.0,n=30,start_thres=1.25",hub,0.25,30,7,40,1730,0,0,40,1730,0.0,0.0,0.0,0.0,7.613199082287875
tfnbs,"e=0.9,h=10.0,n=30,start_thres=1.25",hub,0.25,30,7,40,1730,0,0,40,1730,0.0,0.0,0.0,0.0,7.613199082287875
tfnbs,"e=1.0,h=0.5,n=30,start_thres=1.25",hub,0.25,30,7,40,1730,0,0,40,1730,0.0,0.0,0.0,0.0,7.613199082287875
tfnbs,"e=1.0,h=1.0,n=30,start_thres=1.25",hub,0.25,30,7,40,1730,0,0,40,1730,0.0,0.0,0.0,0.0,7.613199082287875
tfnbs,"e=1.0,h=2.0,n=30,start_thres=1.25",hub,0.25,30,7,40,1730,0,0,40,1730,0.0,0.0,0.0,0.0,7.613199082287875
tfnbs,"e=1.0,h=3.0,n=30,start_thres=1.25",hub,0.25,30,7,40,1730,0,0,40,1730,0.0,0.0,0.0,0.0,7.613199082287875
tfnbs,"e=1.0,h=4.0,n=30,start_thres=1.25",hub,0.25,30,7,40,1730,0,0,40,1730,0.0,0.0,0.0,0.0,7.613199082287875
tfnbs,"e=1.0,h=5.0,n=30,start_thres=1.25",hub,0.25,30,7,40,1730,0,0,40,1730,0.0,0.0,0.0,0.0,7.613199082287875
tfnbs,"e=1.0,h=6.0,n=30,start_thres=1.25",hub,0.25,30,7,40,1730,0,0,40,1730,0.0,0.0,0.0,0.0,7.613199082287875
tfnbs,"e=1.0,h=7.0,n=30,start_thres=1.25",hub,0.25,30,7,40,1730,0,0,40,1730,0.0,0.0,0.0,0.0,7.613199082287875
tfnbs,"e=1.0,h=8.0,n=30,start_thres=1.25",hub,0.25,30,7,40,1730,0,0,40,1730,0.0,0.0,0.0,0.0,7.613199082287875
tfnbs,"e=1.0,h=9.0,n=30,start_thres=1.25",hub,0.25,30,7,40,1730,0,0,40,1730,0.0,0.0,0.0,0.0,7.613199082287875
tfnbs,"e=1.0,h=10.0,n=30,start_thres=1.25",hub,0.25,30,7,40,1730,0,0,40,1730,0.0,0.0,0.0,0.0,7.613199082287875
tfnbs,"e=1.1,h=0.5,n=30,start_thres=1.25",hub,0.25,30,7,40,1730,0,0,40,1730,0.0,0.0,0.0,0.0,7.613199082287875
tfnbs,"e=1.1,h=1.0,n=30,start_thres=1.25",hub,0.25,30,7,40,1730,0,0,40,1730,0.0,0.0,0.0,0.0,7.613199082287875
tfnbs,"e=1.1,h=2.0,n=30,start_thres=1.25",hub,0.25,30,7,40,1730,0,0,40,1730,0.0,0.0,0.0,0.0,7.613199082287875
tfnbs,"e=1.1,h=3.0,n=30,start_thres=1.25",hub,0.25,30,7,40,1730,0,0,40,1730,0.0,0.0,0.0,0.0,7.613199082287875
tfnbs,"e=1.1,h=4.0,n=30,start_thres=1.25",hub,0.25,30,7,40,1730,0,0,40,1730,0.0,0.0,0.0,0.0,7.613199082287875
tfnbs,"e=1.1,h=5.0,n=30,start_thres=1.25",hub,0.25,30,7,40,1730,0,0,40,1730,0.0,0.0,0.0,0.0,7.613199082287875
tfnbs,"e=1.1,h=6.0,n=30,start_thres=1.25",hub,0.25,30,7,40,1730,0,0,40,1730,0.0,0.0,0.0,0.0,7.613199082287875
tfnbs,"e=1.1,h=7.0,n=30,start_thres=1.25",hub,0.25,30,7,40,1730,0,0,40,1730,0.0,0.0,0.0,0.0,7.613199082287875
tfnbs,"e=1.1,h=8.0,n=30,start_thres=1.25",hub,0.25,30,7,40,1730,0,0,40,1730,0.0,0.0,0.0,0.0,7.613199082287875
tfnbs,"e=1.1,h=9.0,n=30,start_thres=1.25",hub,0.25,30,7,40,1730,0,0,40,1730,0.0,0.0,0.0,0.0,7.613199082287875
tfnbs,"e=1.1,h=10.0,n=30,start_thres=1.25",hub,0.25,30,7,40,1730,0,0,40,1730,0.0,0.0,0.0,0.0,7.613199082287875
tfnbs,"e=1.2,h=0.5,n=30,start_thres=1.25",hub,0.25,30,7,40,1730,0,0,40,1730,0.0,0.0,0.0,0.0,7.613199082287875
tfnbs,"e=1.2,h=1.0,n=30,start_thres=1.25",hub,0.25,30,7,40,1730,0,0,40,1730,0.0,0.0,0.0,0.0,7.613199082287875
tfnbs,"e=1.2,h=2.0,n=30,start_thres=1.25",hub,0.25,30,7,40,1730,0,0,40,1730,0.0,0.0,0.0,0.0,7.613199082287875
tfnbs,"e=1.2,h=3.0,n=30,start_thres=1.25",hub,0.25,30,7,40,1730,0,0,40,1730,0.0,0.0,0.0,0.0,7.613199082287875
tfnbs,"e=1.2,h=4.0,n=30,start_thres=1.25",hub,0.25,30,7,40,1730,0,0,40,1730,0.0,0.0,0.0,0.0,7.613199082287875
tfnbs,"e=1.2,h=5.0,n=30,start_thres=1.25",hub,0.25,30,7,40,1730,0,0,40,1730,0.0,0.0,0.0,0.0,7.613199082287875
tfnbs,"e=1.2,h=6.0,n=30,start_thres=1.25",hub,0.25,30,7,40,1730,0,0,40,1730,0.0,0.0,0.0,0.0,7.613199082287875
tfnbs,"e=1.2,h=7.0,n=30,start_thres=1.25",hub,0.25,30,7,40,1730,0,0,40,1730,0.0,0.0,0.0,0.0,7.613199082287875
tfnbs,"e=1.2,h=8.0,n=30,start_thres=1.25",hub,0.25,30,7,40,1730,0,0,40,1730,0.0,0.0,0.0,0.0,7.613199082287875
tfnbs,"e=1.2,h=9.0,n=30,start_thres=1.25",hub,0.25,30,7,40,1730,0,0,40,1730,0.0,0.0,0.0,0.0,7.613199082287875
tfnbs,"e=1.2,h=10.0,n=30,start_thres=1.25",hub,0.25,30,7,40,1730,0,0,40,1730,0.0,0.0,0.0,0.0,7.613199082287875
tfnbs,"e=1.3,h=0.5,n=30,start_thres=1.25",hub,0.25,30,7,40,1730,0,0,40,1730,0.0,0.0,0.0,0.0,7.613199082287875
tfnbs,"e=1.3,h=1.0,n=30,start_thres=1.25",hub,0.25,30,7,40,1730,0,0,40,1730,0.0,0.0,0.0,0.0,7.613199082287875
tfnbs,"e=1.3,h=2.0,n=30,start_thres=1.25",hub,0.25,30,7,40,1730,0,0,40,1730,0.0,0.0,0.0,0.0,7.613199082287875
tfnbs,"e=1.3,h=3.0,n=30,start_thres=1.25",hub,0.25,30,7,40,1730,0,0,40,1730,0.0,0.0,0.0,0.0,7.613199082287875
tfnbs,"e=1.3,h=4.0,n=30,start_thres=1.25",hub,0.25,30,7,40,1730,0,0,40,1730,0.0,0.0,0.0,0.0,7.613199082287875
tfnbs,"e=1.3,h=5.0,n=30,start_thres=1.25",hub,0.25,30,7,40,1730,0,0,40,1730,0.0,0.0,0.0,0.0,7.613199082287875
tfnbs,"e=1.3,h=6.0,n=30,start_thres=1.25",hub,0.25,30,7,40,1730,0,0,40,1730,0.0,0.0,0.0,0.0,7.613199082287875
tfnbs,"e=1.3,h=7.0,n=30,start_thres=1.25",hub,0.25,30,7,40,1730,0,0,40,1730,0.0,0.0,0.0,0.0,7.613199082287875
tfnbs,"e=1.3,h=8.0,n=30,start_thres=1.25",hub,0.25,30,7,40,1730,0,0,40,1730,0.0,0.0,0.0,0.0,7.613199082287875
tfnbs,"e=1.3,h=9.0,n=30,start_thres=1.25",hub,0.25,30,7,40,1730,0,0,40,1730,0.0,0.0,0.0,0.0,7.613199082287875
tfnbs,"e=1.3,h=10.0,n=30,start_thres=1.25",hub,0.25,30,7,40,1730,0,0,40,1730,0.0,0.0,0.0,0.0,7.613199082287875
tfnbs,"e=1.4,h=0.5,n=30,start_thres=1.25",hub,0.25,30,7,40,1730,0,0,40,1730,0.0,0.0,0.0,0.0,7.613199082287875
tfnbs,"e=1.4,h=1.0,n=30,start_thres=1.25",hub,0.25,30,7,40,1730,0,0,40,1730,0.0,0.0,0.0,0.0,7.613199082287875
tfnbs,"e=1.4,h=2.0,n=30,start_thres=1.25",hub,0.25,30,7,40,1730,0,0,40,1730,0.0,0.0,0.0,0.0,7.613199082287875
tfnbs,"e=1.4,h=3.0,n=30,start_thres=1.25",hub,0.25,30,7,40,1730,0,0,40,1730,0.0,0.0,0.0,0.0,7.613199082287875
tfnbs,"e=1.4,h=4.0,n=30,start_thres=1.25",hub,0.25,30,7,40,1730,0,0,40,1730,0.0,0.0,0.0,0.0,7.613199082287875
tfnbs,"e=1.4,h=5.0,n=30,start_thres=1.25",hub,0.25,30,7,40,1730,0,0,40,1730,0.0,0.0,0.0,0.0,7.613199082287875
tfnbs,"e=1.4,h=6.0,n=30,start_thres=1.25",hub,0.25,30,7,40,1730,0,0,40,1730,0.0,0.0,0.0,0.0,7.613199082287875
tfnbs,"e=1.4,h=7.0,n=30,start_thres=1.25",hub,0.25,30,7,40,1730,0,0,40,1730,0.0,0.0,0.0,0.0,7.613199082287875
tfnbs,"e=1.4,h=8.0,n=30,start_thres=1.25",hub,0.25,30,7,40,1730,0,0,40,1730,0.0,0.0,0.0,0.0,7.613199082287875
tfnbs,"e=1.4,h=9.0,n=30,start_thres=1.25",hub,0.25,30,7,40,1730,0,0,40,1730,0.0,0.0,0.0,0.0,7.613199082287875
tfnbs,"e=1.4,h=10.0,n=30,start_thres=1.25",hub,0.25,30,7,40,1730,0,0,40,1730,0.0,0.0,0.0,0.0,7.613199082287875
tfnbs,"e=1.5,h=0.5,n=30,start_thres=1.25",hub,0.25,30,7,40,1730,0,0,40,1730,0.0,0.0,0.0,0.0,7.613199082287875
tfnbs,"e=1.5,h=1.0,n=30,start_thres=1.25",hub,0.25,30,7,40,1730,0,0,40,1730,0.0,0.0,0.0,0.0,7.613199082287875
tfnbs,"e=1.5,h=2.0,n=30,start_thres=1.25",hub,0.25,30,7,40,1730,0,0,40,1730,0.0,0.0,0.0,0.0,7.613199082287875
tfnbs,"e=1.5,h=3.0,n=30,start_thres=1.25",hub,0.25,30,7,40,1730,0,0,40,1730,0.0,0.0,0.0,0.0,7.613199082287875
tfnbs,"e=1.5,h=4.0,n=30,start_thres=1.25",hub,0.25,30,7,40,1730,0,0,40,1730,0.0,0.0,0.0,0.0,7.613199082287875
tfnbs,"e=1.5,h=5.0,n=30,start_thres=1.25",hub,0.25,30,7,40,1730,0,0,40,1730,0.0,0.0,0.0,0.0,7.613199082287875
tfnbs,"e=1.5,h=6.0,n=30,start_thres=1.25",hub,0.25,30,7,40,1730,0,0,40,1730,0.0,0.0,0.0,0.0,7.613199082287875
tfnbs,"e=1.5,h=7.0,n=30,start_thres=1.25",hub,0.25,30,7,40,1730,0,0,40,1730,0.0,0.0,0.0,0.0,7.613199082287875
tfnbs,"e=1.5,h=8.0,n=30,start_thres=1.25",hub,0.25,30,7,40,1730,0,0,40,1730,0.0,0.0,0.0,0.0,7.613199082287875
tfnbs,"e=1.5,h=9.0,n=30,start_thres=1.25",hub,0.25,30,7,40,1730,0,0,40,1730,0.0,0.0,0.0,0.0,7.613199082287875
tfnbs,"e=1.5,h=10.0,n=30,start_thres=1.25",hub,0.25,30,7,40,1730,0,0,40,1730,0.0,0.0,0.0,0.0,7.613199082287875
tfnbs,"e=0.05,h=0.5,n=30,start_thres=1.25",hub,0.25,30,21,40,1730,1,0,39,1730,0.025,0.0,1.0,0.0,7.49910531938076
tfnbs,"e=0.05,h=1.0,n=30,start_thres=1.25",hub,0.25,30,21,40,1730,1,0,39,1730,0.025,0.0,1.0,0.0,7.49910531938076
tfnbs,"e=0.05,h=2.0,n=30,start_thres=1.25",hub,0.25,30,21,40,1730,1,0,39,1730,0.025,0.0,1.0,0.0,7.49910531938076
tfnbs,"e=0.05,h=3.0,n=30,start_thres=1.25",hub,0.25,30,21,40,1730,1,0,39,1730,0.025,0.0,1.0,0.0,7.49910531938076
tfnbs,"e=0.05,h=4.0,n=30,start_thres=1.25",hub,0.25,30,21,40,1730,1,0,39,1730,0.025,0.0,1.0,0.0,7.49910531938076
tfnbs,"e=0.05,h=5.0,n=30,start_thres=1.25",hub,0.25,30,21,40,1730,1,0,39,1730,0.025,0.0,1.0,0.0,7.49910531938076
tfnbs,"e=0.05,h=6.0,n=30,start_thres=1.25",hub,0.25,30,21,40,1730,1,0,39,1730,0.025,0.0,1.0,0.0,7.49910531938076
tfnbs,"e=0.05,h=7.0,n=30,start_thres=1.25",hub,0.25,30,21,40,1730,1,0,39,1730,0.025,0.0,1.0,0.0,7.49910531938076
tfnbs,"e=0.05,h=8.0,n=30,start_thres=1.25",hub,0.25,30,21,40,1730,1,0,39,1730,0.025,0.0,1.0,0.0,7.49910531938076
tfnbs,"e=0.05,h=9.0,n=30,start_thres=1.25",hub,0.25,30,21,40,1730,1,0,39,1730,0.025,0.0,1.0,0.0,7.49910531938076
tfnbs,"e=0.05,h=10.0,n=30,start_thres=1.25",hub,0.25,30,21,40,1730,1,0,39,1730,0.025,0.0,1.0,0.0,7.49910531938076
tfnbs,"e=0.1,h=0.5,n=30,start_thres=1.25",hub,0.25,30,21,40,1730,1,0,39,1730,0.025,0.0,1.0,0.0,7.49910531938076
tfnbs,"e=0.1,h=1.0,n=30,start_thres=1.25",hub,0.25,30,21,40,1730,1,0,39,1730,0.025,0.0,1.0,0.0,7.49910531938076
tfnbs,"e=0.1,h=2.0,n=30,start_thres=1.25",hub,0.25,30,21,40,1730,1,0,39,1730,0.025,0.0,1.0,0.0,7.49910531938076
tfnbs,"e=0.1,h=3.0,n=30,start_thres=1.25",hub,0.25,30,21,40,1730,1,0,39,1730,0.025,0.0,1.0,0.0,7.49910531938076
tfnbs,"e=0.1,h=4.0,n=30,start_thres=1.25",hub,0.25,30,21,40,1730,1,0,39,1730,0.025,0.0,1.0,0.0,7.49910531938076
tfnbs,"e=0.1,h=5.0,n=30,start_thres=1.25",hub,0.25,30,21,40,1730,1,0,39,1730,0.025,0.0,1.0,0.0,7.49910531938076
tfnbs,"e=0.1,h=6.0,n=30,start_thres=1.25",hub,0.25,30,21,40,1730,1,0,39,1730,0.025,0.0,1.0,0.0,7.49910531938076
tfnbs,"e=0.1,h=7.0,n=30,start_thres=1.25",hub,0.25,30,21,40,1730,1,0,39,1730,0.025,0.0,1.0,0.0,7.49910531938076
tfnbs,"e=0.1,h=8.0,n=30,start_thres=1.25",hub,0.25,30,21,40,1730,1,0,39,1730,0.025,0.0,1.0,0.0,7.49910531938076
tfnbs,"e=0.1,h=9.0,n=30,start_thres=1.25",hub,0.25,30,21,40,1730,1,0,39,1730,0.025,0.0,1.0,0.0,7.49910531938076
tfnbs,"e=0.1,h=10.0,n=30,start_thres=1.25",hub,0.25,30,21,40,1730,1,0,39,1730,0.025,0.0,1.0,0.0,7.49910531938076
tfnbs,"e=0.2,h=0.5,n=30,start_thres=1.25",hub,0.25,30,21,40,1730,1,0,39,1730,0.025,0.0,1.0,0.0,7.49910531938076
tfnbs,"e=0.2,h=1.0,n=30,start_thres=1.25",hub,0.25,30,21,40,1730,1,0,39,1730,0.025,0.0,1.0,0.0,7.49910531938076
tfnbs,"e=0.2,h=2.0,n=30,start_thres=1.25",hub,0.25,30,21,40,1730,1,0,39,1730,0.025,0.0,1.0,0.0,7.49910531938076
tfnbs,"e=0.2,h=3.0,n=30,start_thres=1.25",hub,0.25,30,21,40,1730,1,0,39,1730,0.025,0.0,1.0,0.0,7.49910531938076
tfnbs,"e=0.2,h=4.0,n=30,start_thres=1.25",hub,0.25,30,21,40,1730,1,0,39,1730,0.025,0.0,1.0,0.0,7.49910531938076
tfnbs,"e=0.2,h=5.0,n=30,start_thres=1.25",hub,0.25,30,21,40,1730,1,0,39,1730,0.025,0.0,1.0,0.0,7.49910531938076
tfnbs,"e=0.2,h=6.0,n=30,start_thres=1.25",hub,0.25,30,21,40,1730,1,0,39,1730,0.025,0.0,1.0,0.0,7.49910531938076
tfnbs,"e=0.2,h=7.0,n=30,start_thres=1.25",hub,0.25,30,21,40,1730,1,0,39,1730,0.025,0.0,1.0,0.0,7.49910531938076
tfnbs,"e=0.2,h=8.0,n=30,start_thres=1.25",hub,0.25,30,21,40,1730,1,0,39,1730,0.025,0.0,1.0,0.0,7.49910531938076
tfnbs,"e=0.2,h=9.0,n=30,start_thres=1.25",hub,0.25,30,21,40,1730,1,0,39,1730,0.025,0.0,1.0,0.0,7.49910531938076
tfnbs,"e=0.2,h=10.0,n=30,start_thres=1.25",hub,0.25,30,21,40,1730,1,0,39,1730,0.025,0.0,1.0,0.0,7.49910531938076
tfnbs,"e=0.3,h=0.5,n=30,start_thres=1.25",hub,0.25,30,21,40,1730,1,0,39,1730,0.025,0.0,1.0,0.0,7.49910531938076
tfnbs,"e=0.3,h=1.0,n=30,start_thres=1.25",hub,0.25,30,21,40,1730,1,0,39,1730,0.025,0.0,1.0,0.0,7.49910531938076
tfnbs,"e=0.3,h=2.0,n=30,start_thres=1.25",hub,0.25,30,21,40,1730,1,0,39,1730,0.025,0.0,1.0,0.0,7.49910531938076
tfnbs,"e=0.3,h=3.0,n=30,start_thres=1.25",hub,0.25,30,21,40,1730,1,0,39,1730,0.025,0.0,1.0,0.0,7.49910531938076
tfnbs,"e=0.3,h=4.0,n=30,start_thres=1.25",hub,0.25,30,21,40,1730,1,0,39,1730,0.025,0.0,1.0,0.0,7.49910531938076
tfnbs,"e=0.3,h=5.0,n=30,start_thres=1.25",hub,0.25,30,21,40,1730,1,0,39,1730,0.025,0.0,1.0,0.0,7.49910531938076
tfnbs,"e=0.3,h=6.0,n=30,start_thres=1.25",hub,0.25,30,21,40,1730,1,0,39,1730,0.025,0.0,1.0,0.0,7.49910531938076
tfnbs,"e=0.3,h=7.0,n=30,start_thres=1.25",hub,0.25,30,21,40,1730,1,0,39,1730,0.025,0.0,1.0,0.0,7.49910531938076
tfnbs,"e=0.3,h=8.0,n=30,start_thres=1.25",hub,0.25,30,21,40,1730,1,0,39,1730,0.025,0.0,1.0,0.0,7.49910531938076
tfnbs,"e=0.3,h=9.0,n=30,start_thres=1.25",hub,0.25,30,21,40,1730,1,0,39,1730,0.025,0.0,1.0,0.0,7.49910531938076
tfnbs,"e=0.3,h=10.0,n=30,start_thres=1.25",hub,0.25,30,21,40,1730,1,0,39,1730,0.025,0.0,1.0,0.0,7.49910531938076
tfnbs,"e=0.4,h=0.5,n=30,start_thres=1.25",hub,0.25,30,21,40,1730,1,0,39,1730,0.025,0.0,1.0,0.0,7.49910531938076
tfnbs,"e=0.4,h=1.0,n=30,start_thres=1.25",hub,0.25,30,21,40,1730,1,0,39,1730,0.025,0.0,1.0,0.0,7.49910531938076
tfnbs,"e=0.4,h=2.0,n=30,start_thres=1.25",hub,0.25,30,21,40,1730,1,0,39,1730,0.025,0.0,1.0,0.0,7.49910531938076
tfnbs,"e=0.4,h=3.0,n=30,start_thres=1.25",hub,0.25,30,21,40,1730,1,0,39,1730,0.025,0.0,1.0,0.0,7.49910531938076
tfnbs,"e=0.4,h=4.0,n=30,start_thres=1.25",hub,0.25,30,21,40,1730,1,0,39,1730,0.025,0.0,1.0,0.0,7.49910531938076
tfnbs,"e=0.4,h=5.0,n=30,start_thres=1.25",hub,0.25,30,21,40,1730,1,0,39,1730,0.025,0.0,1.0,0.0,7.49910531938076
tfnbs,"e=0.4,h=6.0,n=30,start_thres=1.25",hub,0.25,30,21,40,1730,1,0,39,1730,0.025,0.0,1.0,0.0,7.49910531938076
tfnbs,"e=0.4,h=7.0,n=30,start_thres=1.25",hub,0.25,30,21,40,1730,1,0,39,1730,0.025,0.0,1.0,0.0,7.49910531938076
tfnbs,"e=0.4,h=8.0,n=30,start_thres=1.25",hub,0.25,30,21,40,1730,1,0,39,1730,0.025,0.0,1.0,0.0,7.49910531938076
tfnbs,"e=0.4,h=9.0,n=30,start_thres=1.25",hub,0.25,30,21,40,1730,1,0,39,1730,0.025,0.0,1.0,0.0,7.49910531938076
tfnbs,"e=0.4,h=10.0,n=30,start_thres=1.25",hub,0.25,30,21,40,1730,1,0,39,1730,0.025,0.0,1.0,0.0,7.49910531938076
tfnbs,"e=0.5,h=0.5,n=30,start_thres=1.25",hub,0.25,30,21,40,1730,1,0,39,1730,0.025,0.0,1.0,0.0,7.49910531938076
tfnbs,"e=0.5,h=1.0,n=30,start_thres=1.25",hub,0.25,30,21,40,1730,1,0,39,1730,0.025,0.0,1.0,0.0,7.49910531938076
tfnbs,"e=0.5,h=2.0,n=30,start_thres=1.25",hub,0.25,30,21,40,1730,5,0,35,1730,0.125,0.0,1.0,0.0,7.49910531938076
tfnbs,"e=0.5,h=3.0,n=30,start_thres=1.25",hub,0.25,30,21,40,1730,5,0,35,1730,0.125,0.0,1.0,0.0,7.49910531938076
tfnbs,"e=0.5,h=4.0,n=30,start_thres=1.25",hub,0.25,30,21,40,1730,1,0,39,1730,0.025,0.0,1.0,0.0,7.49910531938076
tfnbs,"e=0.5,h=5.0,n=30,start_thres=1.25",hub,0.25,30,21,40,1730,1,0,39,1730,0.025,0.0,1.0,0.0,7.49910531938076
tfnbs,"e=0.5,h=6.0,n=30,start_thres=1.25",hub,0.25,30,21,40,1730,1,0,39,1730,0.025,0.0,1.0,0.0,7.49910531938076
tfnbs,"e=0.5,h=7.0,n=30,start_thres=1.25",hub,0.25,30,21,40,1730,1,0,39,1730,0.025,0.0,1.0,0.0,7.49910531938076
tfnbs,"e=0.5,h=8.0,n=30,start_thres=1.25",hub,0.25,30,21,40,1730,1,0,39,1730,0.025,0.0,1.0,0.0,7.49910531938076
tfnbs,"e=0.5,h=9.0,n=30,start_thres=1.25",hub,0.25,30,21,40,1730,1,0,39,1730,0.025,0.0,1.0,0.0,7.49910531938076
tfnbs,"e=0.5,h=10.0,n=30,start_thres=1.25",hub,0.25,30,21,40,1730,1,0,39,1730,0.025,0.0,1.0,0.0,7.49910531938076
tfnbs,"e=0.6,h=0.5,n=30,start_thres=1.25",hub,0.25,30,21,40,1730,1,0,39,1730,0.025,0.0,1.0,0.0,7.49910531938076
tfnbs,"e=0.6,h=1.0,n=30,start_thres=1.25",hub,0.25,30,21,40,1730,1,0,39,1730,0.025,0.0,1.0,0.0,7.49910531938076
tfnbs,"e=0.6,h=2.0,n=30,start_thres=1.25",hub,0.25,30,21,40,1730,5,0,35,1730,0.125,0.0,1.0,0.0,7.49910531938076
tfnbs,"e=0.6,h=3.0,n=30,start_thres=1.25",hub,0.25,30,21,40,1730,5,0,35,1730,0.125,0.0,1.0,0.0,7.49910531938076
tfnbs,"e=0.6,h=4.0,n=30,start_thres=1.25",hub,0.25,30,21,40,1730,5,0,35,1730,0.125,0.0,1.0,0.0,7.49910531938076
tfnbs,"e=0.6,h=5.0,n=30,start_thres=1.25",hub,0.25,30,21,40,1730,5,0,35,1730,0.125,0.0,1.0,0.0,7.49910531938076
tfnbs,"e=0.6,h=6.0,n=30,start_thres=1.25",hub,0.25,30,21,40,1730,1,0,39,1730,0.025,0.0,1.0,0.0,7.49910531938076
tfnbs,"e=0.6,h=7.0,n=30,start_thres=1.25",hub,0.25,30,21,40,1730,1,0,39,1730,0.025,0.0,1.0,0.0,7.49910531938076
tfnbs,"e=0.6,h=8.0,n=30,start_thres=1.25",hub,0.25,30,21,40,1730,1,0,39,1730,0.025,0.0,1.0,0.0,7.49910531938076
tfnbs,"e=0.6,h=9.0,n=30,start_thres=1.25",hub,0.25,30,21,40,1730,1,0,39,1730,0.025,0.0,1.0,0.0,7.49910531938076
tfnbs,"e=0.6,h=10.0,n=30,start_thres=1.25",hub,0.25,30,21,40,1730,1,0,39,1730,0.025,0.0,1.0,0.0,7.49910531938076
tfnbs,"e=0.7,h=0.5,n=30,start_thres=1.25",hub,0.25,30,21,40,1730,1,0,39,1730,0.025,0.0,1.0,0.0,7.49910531938076
tfnbs,"e=0.7,h=1.0,n=30,start_thres=1.25",hub,0.25,30,21,40,1730,1,0,39,1730,0.025,0.0,1.0,0.0,7.49910531938076
tfnbs,"e=0.7,h=2.0,n=30,start_thres=1.25",hub,0.25,30,21,40,1730,5,0,35,1730,0.125,0.0,1.0,0.0,7.49910531938076
tfnbs,"e=0.7,h=3.0,n=30,start_thres=1.25",hub,0.25,30,21,40,1730,5,0,35,1730,0.125,0.0,1.0,0.0,7.49910531938076
tfnbs,"e=0.7,h=4.0,n=30,start_thres=1.25",hub,0.25,30,21,40,1730,5,0,35,1730,0.125,0.0,1.0,0.0,7.49910531938076
tfnbs,"e=0.7,h=5.0,n=30,start_thres=1.25",hub,0.25,30,21,40,1730,5,0,35,1730,0.125,0.0,1.0,0.0,7.49910531938076
tfnbs,"e=0.7,h=6.0,n=30,start_thres=1.25",hub,0.25,30,21,40,1730,5,0,35,1730,0.125,0.0,1.0,0.0,7.49910531938076
tfnbs,"e=0.7,h=7.0,n=30,start_thres=1.25",hub,0.25,30,21,40,1730,1,0,39,1730,0.025,0.0,1.0,0.0,7.49910531938076
tfnbs,"e=0.7,h=8.0,n=30,start_thres=1.25",hub,0.25,30,21,40,1730,1,0,39,1730,0.025,0.0,1.0,0.0,7.49910531938076
tfnbs,"e=0.7,h=9.0,n=30,start_thres=1.25",hub,0.25,30,21,40,1730,1,0,39,1730,0.025,0.0,1.0,0.0,7.49910531938076
tfnbs,"e=0.7,h=10.0,n=30,start_thres=1.25",hub,0.25,30,21,40,1730,1,0,39,1730,0.025,0.0,1.0,0.0,7.49910531938076
tfnbs,"e=0.8,h=0.5,n=30,start_thres=1.25",hub,0.25,30,21,40,1730,0,0,40,1730,0.0,0.0,0.0,0.0,7.49910531938076
tfnbs,"e=0.8,h=1.0,n=30,start_thres=1.25",hub,0.25,30,21,40,1730,1,0,39,1730,0.025,0.0,1.0,0.0,7.49910531938076
tfnbs,"e=0.8,h=2.0,n=30,start_thres=1.25",hub,0.25,30,21,40,1730,1,0,39,1730,0.025,0.0,1.0,0.0,7.49910531938076
tfnbs,"e=0.8,h=3.0,n=30,start_thres=1.25",hub,0.25,30,21,40,1730,5,0,35,1730,0.125,0.0,1.0,0.0,7.49910531938076
tfnbs,"e=0.8,h=4.0,n=30,start_thres=1.25",hub,0.25,30,21,40,1730,5,0,35,1730,0.125,0.0,1.0,0.0,7.49910531938076
tfnbs,"e=0.8,h=5.0,n=30,start_thres=1.25",hub,0.25,30,21,40,1730,5,0,35,1730,0.125,0.0,1.0,0.0,7.49910531938076
tfnbs,"e=0.8,h=6.0,n=30,start_thres=1.25",hub,0.25,30,21,40,1730,5,0,35,1730,0.125,0.0,1.0,0.0,7.49910531938076
tfnbs,"e=0.8,h=7.0,n=30,start_thres=1.25",hub,0.25,30,21,40,1730,5,0,35,1730,0.125,0.0,1.0,0.0,7.49910531938076
tfnbs,"e=0.8,h=8.0,n=30,start_thres=1.25",hub,0.25,30,21,40,1730,1,0,39,1730,0.025,0.0,1.0,0.0,7.49910531938076
tfnbs,"e=0.8,h=9.0,n=30,start_thres=1.25",hub,0.25,30,21,40,1730,1,0,39,1730,0.025,0.0,1.0,0.0,7.49910531938076
tfnbs,"e=0.8,h=10.0,n=30,start_thres=1.25",hub,0.25,30,21,40,1730,1,0,39,1730,0.025,0.0,1.0,0.0,7.49910531938076
tfnbs,"e=0.9,h=0.5,n=30,start_thres=1.25",hub,0.25,30,21,40,1730,0,0,40,1730,0.0,0.0,0.0,0.0,7.49910531938076
tfnbs,"e=0.9,h=1.0,n=30,start_thres=1.25",hub,0.25,30,21,40,1730,0,0,40,1730,0.0,0.0,0.0,0.0,7.49910531938076
tfnbs,"e=0.9,h=2.0,n=30,start_thres=1.25",hub,0.25,30,21,40,1730,1,0,39,1730,0.025,0.0,1.0,0.0,7.49910531938076
tfnbs,"e=0.9,h=3.0,n=30,start_thres=1.25",hub,0.25,30,21,40,1730,5,0,35,1730,0.125,0.0,1.0,0.0,7.49910531938076
tfnbs,"e=0.9,h=4.0,n=30,start_thres=1.25",hub,0.25,30,21,40,1730,5,0,35,1730,0.125,0.0,1.0,0.0,7.49910531938076
tfnbs,"e=0.9,h=5.0,n=30,start_thres=1.25",hub,0.25,30,21,40,1730,7,0,33,1730,0.175,0.0,1.0,0.0,7.49910531938076
tfnbs,"e=0.9,h=6.0,n=30,start_thres=1.25",hub,0.25,30,21,40,1730,5,0,35,1730,0.125,0.0,1.0,0.0,7.49910531938076
tfnbs,"e=0.9,h=7.0,n=30,start_thres=1.25",hub,0.25,30,21,40,1730,5,0,35,1730,0.125,0.0,1.0,0.0,7.49910531938076
tfnbs,"e=0.9,h=8.0,n=30,start_thres=1.25",hub,0.25,30,21,40,1730,5,0,35,1730,0.125,0.0,1.0,0.0,7.49910531938076
tfnbs,"e=0.9,h=9.0,n=30,start_thres=1.25",hub,0.25,30,21,40,1730,5,0,35,1730,0.125,0.0,1.0,0.0,7.49910531938076
tfnbs,"e=0.9,h=10.0,n=30,start_thres=1.25",hub,0.25,30,21,40,1730,1,0,39,1730,0.025,0.0,1.0,0.0,7.49910531938076
tfnbs,"e=1.0,h=0.5,n=30,start_thres=1.25",hub,0.25,30,21,40,1730,0,0,40,1730,0.0,0.0,0.0,0.0,7.49910531938076
tfnbs,"e=1.0,h=1.0,n=30,start_thres=1.25",hub,0.25,30,21,40,1730,0,0,40,1730,0.0,0.0,0.0,0.0,7.49910531938076
tfnbs,"e=1.0,h=2.0,n=30,start_thres=1.25",hub,0.25,30,21,40,1730,1,0,39,1730,0.025,0.0,1.0,0.0,7.49910531938076
tfnbs,"e=1.0,h=3.0,n=30,start_thres=1.25",hub,0.25,30,21,40,1730,5,0,35,1730,0.125,0.0,1.0,0.0,7.49910531938076
tfnbs,"e=1.0,h=4.0,n=30,start_thres=1.25",hub,0.25,30,21,40,1730,5,0,35,1730,0.125,0.0,1.0,0.0,7.49910531938076
tfnbs,"e=1.0,h=5.0,n=30,start_thres=1.25",hub,0.25,30,21,40,1730,7,0,33,1730,0.175,0.0,1.0,0.0,7.49910531938076
tfnbs,"e=1.0,h=6.0,n=30,start_thres=1.25",hub,0.25,30,21,40,1730,7,0,33,1730,0.175,0.0,1.0,0.0,7.49910531938076
tfnbs,"e=1.0,h=7.0,n=30,start_thres=1.25",hub,0.25,30,21,40,1730,7,0,33,1730,0.175,0.0,1.0,0.0,7.49910531938076
tfnbs,"e=1.0,h=8.0,n=30,start_thres=1.25",hub,0.25,30,21,40,1730,5,0,35,1730,0.125,0.0,1.0,0.0,7.49910531938076
tfnbs,"e=1.0,h=9.0,n=30,start_thres=1.25",hub,0.25,30,21,40,1730,5,0,35,1730,0.125,0.0,1.0,0.0,7.49910531938076
tfnbs,"e=1.0,h=10.0,n=30,start_thres=1.25",hub,0.25,30,21,40,1730,5,0,35,1730,0.125,0.0,1.0,0.0,7.49910531938076
tfnbs,"e=1.1,h=0.5,n=30,start_thres=1.25",hub,0.25,30,21,40,1730,0,0,40,1730,0.0,0.0,0.0,0.0,7.49910531938076
tfnbs,"e=1.1,h=1.0,n=30,start_thres=1.25",hub,0.25,30,21,40,1730,0,0,40,1730,0.0,0.0,0.0,0.0,7.49910531938076
tfnbs,"e=1.1,h=2.0,n=30,start_thres=1.25",hub,0.25,30,21,40,1730,0,0,40,1730,0.0,0.0,0.0,0.0,7.49910531938076
tfnbs,"e=1.1,h=3.0,n=30,start_thres=1.25",hub,0.25,30,21,40,1730,1,0,39,1730,0.025,0.0,1.0,0.0,7.49910531938076
tfnbs,"e=1.1,h=4.0,n=30,start_thres=1.25",hub,0.25,30,21,40,1730,5,0,35,1730,0.125,0.0,1.0,0.0,7.49910531938076
tfnbs,"e=1.1,h=5.0,n=30,start_thres=1.25",hub,0.25,30,21,40,1730,7,0,33,1730,0.175,0.0,1.0,0.0,7.49910531938076
tfnbs,"e=1.1,h=6.0,n=30,start_thres=1.25",hub,0.25,30,21,40,1730,7,0,33,1730,0.175,0.0,1.0,0.0,7.49910531938076
tfnbs,"e=1.1,h=7.0,n=30,start_thres=1.25",hub,0.25,30,21,40,1730,7,0,33,1730,0.175,0.0,1.0,0.0,7.49910531938076
tfnbs,"e=1.1,h=8.0,n=30,start_thres=1.25",hub,0.25,30,21,40,1730,7,0,33,1730,0.175,0.0,1.0,0.0,7.49910531938076
tfnbs,"e=1.1,h=9.0,n=30,start_thres=1.25",hub,0.25,30,21,40,1730,5,0,35,1730,0.125,0.0,1.0,0.0,7.49910531938076
tfnbs,"e=1.1,h=10.0,n=30,start_thres=1.25",hub,0.25,30,21,40,1730,5,0,35,1730,0.125,0.0,1.0,0.0,7.49910531938076
tfnbs,"e=1.2,h=0.5,n=30,start_thres=1.25",hub,0.25,30,21,40,1730,0,0,40,1730,0.0,0.0,0.0,0.0,7.49910531938076
tfnbs,"e=1.2,h=1.0,n=30,start_thres=1.25",hub,0.25,30,21,40,1730,0,0,40,1730,0.0,0.0,0.0,0.0,7.49910531938076
tfnbs,"e=1.2,h=2.0,n=30,start_thres=1.25",hub,0.25,30,21,40,1730,0,0,40,1730,0.0,0.0,0.0,0.0,7.49910531938076
tfnbs,"e=1.2,h=3.0,n=30,start_thres=1.25",hub,0.25,30,21,40,1730,1,0,39,1730,0.025,0.0,1.0,0.0,7.49910531938076
tfnbs,"e=1.2,h=4.0,n=30,start_thres=1.25",hub,0.25,30,21,40,1730,5,0,35,1730,0.125,0.0,1.0,0.0,7.49910531938076
tfnbs,"e=1.2,h=5.0,n=30,start_thres=1.25",hub,0.25,30,21,40,1730,7,0,33,1730,0.175,0.0,1.0,0.0,7.49910531938076
tfnbs,"e=1.2,h=6.0,n=30,start_thres=1.25",hub,0.25,30,21,40,1730,7,0,33,1730,0.175,0.0,1.0,0.0,7.49910531938076
tfnbs,"e=1.2,h=7.0,n=30,start_thres=1.25",hub,0.25,30,21,40,1730,7,0,33,1730,0.175,0.0,1.0,0.0,7.49910531938076
tfnbs,"e=1.2,h=8.0,n=30,start_thres=1.25",hub,0.25,30,21,40,1730,7,0,33,1730,0.175,0.0,1.0,0.0,7.49910531938076
tfnbs,"e=1.2,h=9.0,n=30,start_thres=1.25",hub,0.25,30,21,40,1730,7,0,33,1730,0.175,0.0,1.0,0.0,7.49910531938076
tfnbs,"e=1.2,h=10.0,n=30,start_thres=1.25",hub,0.25,30,21,40,1730,5,0,35,1730,0.125,0.0,1.0,0.0,7.49910531938076
tfnbs,"e=1.3,h=0.5,n=30,start_thres=1.25",hub,0.25,30,21,40,1730,0,0,40,1730,0.0,0.0,0.0,0.0,7.49910531938076
tfnbs,"e=1.3,h=1.0,n=30,start_thres=1.25",hub,0.25,30,21,40,1730,0,0,40,1730,0.0,0.0,0.0,0.0,7.49910531938076
tfnbs,"e=1.3,h=2.0,n=30,start_thres=1.25",hub,0.25,30,21,40,1730,0,0,40,1730,0.0,0.0,0.0,0.0,7.49910531938076
tfnbs,"e=1.3,h=3.0,n=30,start_thres=1.25",hub,0.25,30,21,40,1730,0,0,40,1730,0.0,0.0,0.0,0.0,7.49910531938076
tfnbs,"e=1.3,h=4.0,n=30,start_thres=1.25",hub,0.25,30,21,40,1730,1,0,39,1730,0.025,0.0,1.0,0.0,7.49910531938076
tfnbs,"e=1.3,h=5.0,n=30,start_thres=1.25",hub,0.25,30,21,40,1730,5,0,35,1730,0.125,0.0,1.0,0.0,7.49910531938076
tfnbs,"e=1.3,h=6.0,n=30,start_thres=1.25",hub,0.25,30,21,40,1730,7,0,33,1730,0.175,0.0,1.0,0.0,7.49910531938076
tfnbs,"e=1.3,h=7.0,n=30,start_thres=1.25",hub,0.25,30,21,40,1730,9,0,31,1730,0.225,0.0,1.0,0.0,7.49910531938076
tfnbs,"e=1.3,h=8.0,n=30,start_thres=1.25",hub,0.25,30,21,40,1730,9,0,31,1730,0.225,0.0,1.0,0.0,7.49910531938076
tfnbs,"e=1.3,h=9.0,n=30,start_thres=1.25",hub,0.25,30,21,40,1730,7,0,33,1730,0.175,0.0,1.0,0.0,7.49910531938076
tfnbs,"e=1.3,h=10.0,n=30,start_thres=1.25",hub,0.25,30,21,40,1730,7,0,33,1730,0.175,0.0,1.0,0.0,7.49910531938076
tfnbs,"e=1.4,h=0.5,n=30,start_thres=1.25",hub,0.25,30,21,40,1730,0,0,40,1730,0.0,0.0,0.0,0.0,7.49910531938076
tfnbs,"e=1.4,h=1.0,n=30,start_thres=1.25",hub,0.25,30,21,40,1730,0,0,40,1730,0.0,0.0,0.0,0.0,7.49910531938076
tfnbs,"e=1.4,h=2.0,n=30,start_thres=1.25",hub,0.25,30,21,40,1730,0,0,40,1730,0.0,0.0,0.0,0.0,7.49910531938076
tfnbs,"e=1.4,h=3.0,n=30,start_thres=1.25",hub,0.25,30,21,40,1730,0,0,40,1730,0.0,0.0,0.0,0.0,7.49910531938076
tfnbs,"e=1.4,h=4.0,n=30,start_thres=1.25",hub,0.25,30,21,40,1730,1,0,39,1730,0.025,0.0,1.0,0.0,7.49910531938076
tfnbs,"e=1.4,h=5.0,n=30,start_thres=1.25",hub,0.25,30,21,40,1730,5,0,35,1730,0.125,0.0,1.0,0.0,7.49910531938076
tfnbs,"e=1.4,h=6.0,n=30,start_thres=1.25",hub,0.25,30,21,40,1730,7,0,33,1730,0.175,0.0,1.0,0.0,7.49910531938076
tfnbs,"e=1.4,h=7.0,n=30,start_thres=1.25",hub,0.25,30,21,40,1730,7,0,33,1730,0.175,0.0,1.0,0.0,7.49910531938076
tfnbs,"e=1.4,h=8.0,n=30,start_thres=1.25",hub,0.25,30,21,40,1730,9,0,31,1730,0.225,0.0,1.0,0.0,7.49910531938076
tfnbs,"e=1.4,h=9.0,n=30,start_thres=1.25",hub,0.25,30,21,40,1730,9,0,31,1730,0.225,0.0,1.0,0.0,7.49910531938076
tfnbs,"e=1.4,h=10.0,n=30,start_thres=1.25",hub,0.25,30,21,40,1730,7,0,33,1730,0.175,0.0,1.0,0.0,7.49910531938076
tfnbs,"e=1.5,h=0.5,n=30,start_thres=1.25",hub,0.25,30,21,40,1730,0,0,40,1730,0.0,0.0,0.0,0.0,7.49910531938076
tfnbs,"e=1.5,h=1.0,n=30,start_thres=1.25",hub,0.25,30,21,40,1730,0,0,40,1730,0.0,0.0,0.0,0.0,7.49910531938076
tfnbs,"e=1.5,h=2.0,n=30,start_thres=1.25",hub,0.25,30,21,40,1730,0,0,40,1730,0.0,0.0,0.0,0.0,7.49910531938076
tfnbs,"e=1.5,h=3.0,n=30,start_thres=1.25",hub,0.25,30,21,40,1730,0,0,40,1730,0.0,0.0,0.0,0.0,7.49910531938076
tfnbs,"e=1.5,h=4.0,n=30,start_thres=1.25",hub,0.25,30,21,40,1730,0,0,40,1730,0.0,0.0,0.0,0.0,7.49910531938076
tfnbs,"e=1.5,h=5.0,n=30,start_thres=1.25",hub,0.25,30,21,40,1730,1,0,39,1730,0.025,0.0,1.0,0.0,7.49910531938076
tfnbs,"e=1.5,h=6.0,n=30,start_thres=1.25",hub,0.25,30,21,40,1730,5,0,35,1730,0.125,0.0,1.0,0.0,7.49910531938076
tfnbs,"e=1.5,h=7.0,n=30,start_thres=1.25",hub,0.25,30,21,40,1730,7,0,33,1730,0.175,0.0,1.0,0.0,7.49910531938076
tfnbs,"e=1.5,h=8.0,n=30,start_thres=1.25",hub,0.25,30,21,40,1730,9,0,31,1730,0.225,0.0,1.0,0.0,7.49910531938076
tfnbs,"e=1.5,h=9.0,n=30,start_thres=1.25",hub,0.25,30,21,40,1730,9,0,31,1730,0.225,0.0,1.0,0.0,7.49910531938076
tfnbs,"e=1.5,h=10.0,n=30,start_thres=1.25",hub,0.25,30,21,40,1730,9,0,31,1730,0.225,0.0,1.0,0.0,7.49910531938076
tfnbs,"e=0.05,h=0.5,n=30,start_thres=1.25",hub,0.25,30,8,40,1730,2,0,38,1730,0.05,0.0,1.0,0.0,7.610131965442137
tfnbs,"e=0.05,h=1.0,n=30,start_thres=1.25",hub,0.25,30,8,40,1730,2,0,38,1730,0.05,0.0,1.0,0.0,7.610131965442137
tfnbs,"e=0.05,h=2.0,n=30,start_thres=1.25",hub,0.25,30,8,40,1730,2,0,38,1730,0.05,0.0,1.0,0.0,7.610131965442137
tfnbs,"e=0.05,h=3.0,n=30,start_thres=1.25",hub,0.25,30,8,40,1730,2,0,38,1730,0.05,0.0,1.0,0.0,7.610131965442137
tfnbs,"e=0.05,h=4.0,n=30,start_thres=1.25",hub,0.25,30,8,40,1730,2,0,38,1730,0.05,0.0,1.0,0.0,7.610131965442137
tfnbs,"e=0.05,h=5.0,n=30,start_thres=1.25",hub,0.25,30,8,40,1730,2,0,38,1730,0.05,0.0,1.0,0.0,7.610131965442137
tfnbs,"e=0.05,h=6.0,n=30,start_thres=1.25",hub,0.25,30,8,40,1730,2,0,38,1730,0.05,0.0,1.0,0.0,7.610131965442137
tfnbs,"e=0.05,h=7.0,n=30,start_thres=1.25",hub,0.25,30,8,40,1730,2,0,38,1730,0.05,0.0,1.0,0.0,7.610131965442137
tfnbs,"e=0.05,h=8.0,n=30,start_thres=1.25",hub,0.25,30,8,40,1730,2,0,38,1730,0.05,0.0,1.0,0.0,7.610131965442137
tfnbs,"e=0.05,h=9.0,n=30,start_thres=1.25",hub,0.25,30,8,40,1730,2,0,38,1730,0.05,0.0,1.0,0.0,7.610131965442137
tfnbs,"e=0.05,h=10.0,n=30,start_thres=1.25",hub,0.25,30,8,40,1730,2,0,38,1730,0.05,0.0,1.0,0.0,7.610131965442137
tfnbs,"e=0.1,h=0.5,n=30,start_thres=1.25",hub,0.25,30,8,40,1730,3,0,37,1730,0.075,0.0,1.0,0.0,7.610131965442137
tfnbs,"e=0.1,h=1.0,n=30,start_thres=1.25",hub,0.25,30,8,40,1730,3,0,37,1730,0.075,0.0,1.0,0.0,7.610131965442137
tfnbs,"e=0.1,h=2.0,n=30,start_thres=1.25",hub,0.25,30,8,40,1730,2,0,38,1730,0.05,0.0,1.0,0.0,7.610131965442137
tfnbs,"e=0.1,h=3.0,n=30,start_thres=1.25",hub,0.25,30,8,40,1730,2,0,38,1730,0.05,0.0,1.0,0.0,7.610131965442137
tfnbs,"e=0.1,h=4.0,n=30,start_thres=1.25",hub,0.25,30,8,40,1730,2,0,38,1730,0.05,0.0,1.0,0.0,7.610131965442137
tfnbs,"e=0.1,h=5.0,n=30,start_thres=1.25",hub,0.25,30,8,40,1730,2,0,38,1730,0.05,0.0,1.0,0.0,7.610131965442137
tfnbs,"e=0.1,h=6.0,n=30,start_thres=1.25",hub,0.25,30,8,40,1730,2,0,38,1730,0.05,0.0,1.0,0.0,7.610131965442137
tfnbs,"e=0.1,h=7.0,n=30,start_thres=1.25",hub,0.25,30,8,40,1730,2,0,38,1730,0.05,0.0,1.0,0.0,7.610131965442137
tfnbs,"e=0.1,h=8.0,n=30,start_thres=1.25",hub,0.25,30,8,40,1730,2,0,38,1730,0.05,0.0,1.0,0.0,7.610131965442137
tfnbs,"e=0.1,h=9.0,n=30,start_thres=1.25",hub,0.25,30,8,40,1730,2,0,38,1730,0.05,0.0,1.0,0.0,7.610131965442137
tfnbs,"e=0.1,h=10.0,n=30,start_thres=1.25",hub,0.25,30,8,40,1730,2,0,38,1730,0.05,0.0,1.0,0.0,7.610131965442137
tfnbs,"e=0.2,h=0.5,n=30,start_thres=1.25",hub,0.25,30,8,40,1730,8,1,32,1729,0.2,0.0005780346820809,0.8888888888888888,0.1111111111111111,7.610131965442137
tfnbs,"e=0.2,h=1.0,n=30,start_thres=1.25",hub,0.25,30,8,40,1730,7,1,33,1729,0.175,0.0005780346820809,0.875,0.125,7.610131965442137
tfnbs,"e=0.2,h=2.0,n=30,start_thres=1.25",hub,0.25,30,8,40,1730,6,0,34,1730,0.15,0.0,1.0,0.0,7.610131965442137
tfnbs,"e=0.2,h=3.0,n=30,start_thres=1.25",hub,0.25,30,8,40,1730,5,0,35,1730,0.125,0.0,1.0,0.0,7.610131965442137
tfnbs,"e=0.2,h=4.0,n=30,start_thres=1.25",hub,0.25,30,8,40,1730,3,0,37,1730,0.075,0.0,1.0,0.0,7.610131965442137
tfnbs,"e=0.2,h=5.0,n=30,start_thres=1.25",hub,0.25,30,8,40,1730,3,0,37,1730,0.075,0.0,1.0,0.0,7.610131965442137
tfnbs,"e=0.2,h=6.0,n=30,start_thres=1.25",hub,0.25,30,8,40,1730,2,0,38,1730,0.05,0.0,1.0,0.0,7.610131965442137
tfnbs,"e=0.2,h=7.0,n=30,start_thres=1.25",hub,0.25,30,8,40,1730,2,0,38,1730,0.05,0.0,1.0,0.0,7.610131965442137
tfnbs,"e=0.2,h=8.0,n=30,start_thres=1.25",hub,0.25,30,8,40,1730,2,0,38,1730,0.05,0.0,1.0,0.0,7.610131965442137
tfnbs,"e=0.2,h=9.0,n=30,start_thres=1.25",hub,0.25,30,8,40,1730,2,0,38,1730,0.05,0.0,1.0,0.0,7.610131965442137
tfnbs,"e=0.2,h=10.0,n=30,start_thres=1.25",hub,0.25,30,8,40,1730,2,0,38,1730,0.05,0.0,1.0,0.0,7.610131965442137
tfnbs,"e=0.3,h=0.5,n=30,start_thres=1.25",hub,0.25,30,8,40,1730,9,1,31,1729,0.225,0.0005780346820809,0.9,0.1,7.610131965442137
tfnbs,"e=0.3,h=1.0,n=30,start_thres=1.25",hub,0.25,30,8,40,1730,9,1,31,1729,0.225,0.0005780346820809,0.9,0.1,7.610131965442137
tfnbs,"e=0.3,h=2.0,n=30,start_thres=1.25",hub,0.25,30,8,40,1730,8,1,32,1729,0.2,0.0005780346820809,0.8888888888888888,0.1111111111111111,7.610131965442137
tfnbs,"e=0.3,h=3.0,n=30,start_thres=1.25",hub,0.25,30,8,40,1730,7,0,33,1730,0.175,0.0,1.0,0.0,7.610131965442137
tfnbs,"e=0.3,h=4.0,n=30,start_thres=1.25",hub,0.25,30,8,40,1730,6,0,34,1730,0.15,0.0,1.0,0.0,7.610131965442137
tfnbs,"e=0.3,h=5.0,n=30,start_thres=1.25",hub,0.25,30,8,40,1730,5,0,35,1730,0.125,0.0,1.0,0.0,7.610131965442137
tfnbs,"e=0.3,h=6.0,n=30,start_thres=1.25",hub,0.25,30,8,40,1730,5,0,35,1730,0.125,0.0,1.0,0.0,7.610131965442137
tfnbs,"e=0.3,h=7.0,n=30,start_thres=1.25",hub,0.25,30,8,40,1730,3,0,37,1730,0.075,0.0,1.0,0.0,7.610131965442137
tfnbs,"e=0.3,h=8.0,n=30,start_thres=1.25",hub,0.25,30,8,40,1730,3,0,37,1730,0.075,0.0,1.0,0.0,7.610131965442137
tfnbs,"e=0.3,h=9.0,n=30,start_thres=1.25",hub,0.25,30,8,40,1730,2,0,38,1730,0.05,0.0,1.0,0.0,7.610131965442137
tfnbs,"e=0.3,h=10.0,n=30,start_thres=1.25",hub,0.25,30,8,40,1730,2,0,38,1730,0.05,0.0,1.0,0.0,7.610131965442137
tfnbs,"e=0.4,h=0.5,n=30,start_thres=1.25",hub,0.25,30,8,40,1730,9,1,31,1729,0.225,0.0005780346820809,0.9,0.1,7.610131965442137
tfnbs,"e=0.4,h=1.0,n=30,start_thres=1.25",hub,0.25,30,8,40,1730,9,1,31,1729,0.225,0.0005780346820809,0.9,0.1,7.610131965442137
tfnbs,"e=0.4,h=2.0,n=30,start_thres=1.25",hub,0.25,30,8,40,1730,9,1,31,1729,0.225,0.0005780346820809,0.9,0.1,7.610131965442137
tfnbs,"e=0.4,h=3.0,n=30,start_thres=1.25",hub,0.25,30,8,40,1730,9,1,31,1729,0.225,0.0005780346820809,0.9,0.1,7.610131965442137
tfnbs,"e=0.4,h=4.0,n=30,start_thres=1.25",hub,0.25,30,8,40,1730,8,0,32,1730,0.2,0.0,1.0,0.0,7.610131965442137
tfnbs,"e=0.4,h=5.0,n=30,start_thres=1.25",hub,0.25,30,8,40,1730,7,0,33,1730,0.175,0.0,1.0,0.0,7.610131965442137
tfnbs,"e=0.4,h=6.0,n=30,start_thres=1.25",hub,0.25,30,8,40,1730,6,0,34,1730,0.15,0.0,1.0,0.0,7.610131965442137
tfnbs,"e=0.4,h=7.0,n=30,start_thres=1.25",hub,0.25,30,8,40,1730,5,0,35,1730,0.125,0.0,1.0,0.0,7.610131965442137
tfnbs,"e=0.4,h=8.0,n=30,start_thres=1.25",hub,0.25,30,8,40,1730,5,0,35,1730,0.125,0.0,1.0,0.0,7.610131965442137
tfnbs,"e=0.4,h=9.0,n=30,start_thres=1.25",hub,0.25,30,8,40,1730,3,0,37,1730,0.075,0.0,1.0,0.0,7.610131965442137
tfnbs,"e=0.4,h=10.0,n=30,start_thres=1.25",hub,0.25,30,8,40,1730,3,0,37,1730,0.075,0.0,1.0,0.0,7.610131965442137
tfnbs,"e=0.5,h=0.5,n=30,start_thres=1.25",hub,0.25,30,8,40,1730,11,1,29,1729,0.275,0.0005780346820809,0.9166666666666666,0.0833333333333333,7.610131965442137
tfnbs,"e=0.5,h=1.0,n=30,start_thres=1.25",hub,0.25,30,8,40,1730,11,1,29,1729,0.275,0.0005780346820809,0.9166666666666666,0.0833333333333333,7.610131965442137
tfnbs,"e=0.5,h=2.0,n=30,start_thres=1.25",hub,0.25,30,8,40,1730,9,1,31,1729,0.225,0.0005780346820809,0.9,0.1,7.610131965442137
tfnbs,"e=0.5,h=3.0,n=30,start_thres=1.25",hub,0.25,30,8,40,1730,9,1,31,1729,0.225,0.0005780346820809,0.9,0.1,7.610131965442137
tfnbs,"e=0.5,h=4.0,n=30,start_thres=1.25",hub,0.25,30,8,40,1730,9,1,31,1729,0.225,0.0005780346820809,0.9,0.1,7.610131965442137
tfnbs,"e=0.5,h=5.0,n=30,start_thres=1.25",hub,0.25,30,8,40,1730,8,0,32,1730,0.2,0.0,1.0,0.0,7.610131965442137
tfnbs,"e=0.5,h=6.0,n=30,start_thres=1.25",hub,0.25,30,8,40,1730,7,0,33,1730,0.175,0.0,1.0,0.0,7.610131965442137
tfnbs,"e=0.5,h=7.0,n=30,start_thres=1.25",hub,0.25,30,8,40,1730,6,0,34,1730,0.15,0.0,1.0,0.0,7.610131965442137
tfnbs,"e=0.5,h=8.0,n=30,start_thres=1.25",hub,0.25,30,8,40,1730,6,0,34,1730,0.15,0.0,1.0,0.0,7.610131965442137
tfnbs,"e=0.5,h=9.0,n=30,start_thres=1.25",hub,0.25,30,8,40,1730,5,0,35,1730,0.125,0.0,1.0,0.0,7.610131965442137
tfnbs,"e=0.5,h=10.0,n=30,start_thres=1.25",hub,0.25,30,8,40,1730,5,0,35,1730,0.125,0.0,1.0,0.0,7.610131965442137
tfnbs,"e=0.6,h=0.5,n=30,start_thres=1.25",hub,0.25,30,8,40,1730,14,1,26,1729,0.35,0.0005780346820809,0.9333333333333332,0.0666666666666666,7.610131965442137
tfnbs,"e=0.6,h=1.0,n=30,start_thres=1.25",hub,0.25,30,8,40,1730,14,1,26,1729,0.35,0.0005780346820809,0.9333333333333332,0.0666666666666666,7.610131965442137
tfnbs,"e=0.6,h=2.0,n=30,start_thres=1.25",hub,0.25,30,8,40,1730,14,1,26,1729,0.35,0.0005780346820809,0.9333333333333332,0.0666666666666666,7.610131965442137
tfnbs,"e=0.6,h=3.0,n=30,start_thres=1.25",hub,0.25,30,8,40,1730,9,1,31,1729,0.225,0.0005780346820809,0.9,0.1,7.610131965442137
tfnbs,"e=0.6,h=4.0,n=30,start_thres=1.25",hub,0.25,30,8,40,1730,9,1,31,1729,0.225,0.0005780346820809,0.9,0.1,7.610131965442137
tfnbs,"e=0.6,h=5.0,n=30,start_thres=1.25",hub,0.25,30,8,40,1730,9,1,31,1729,0.225,0.0005780346820809,0.9,0.1,7.610131965442137
tfnbs,"e=0.6,h=6.0,n=30,start_thres=1.25",hub,0.25,30,8,40,1730,9,0,31,1730,0.225,0.0,1.0,0.0,7.610131965442137
tfnbs,"e=0.6,h=7.0,n=30,start_thres=1.25",hub,0.25,30,8,40,1730,8,0,32,1730,0.2,0.0,1.0,0.0,7.610131965442137
tfnbs,"e=0.6,h=8.0,n=30,start_thres=1.25",hub,0.25,30,8,40,1730,7,0,33,1730,0.175,0.0,1.0,0.0,7.610131965442137
tfnbs,"e=0.6,h=9.0,n=30,start_thres=1.25",hub,0.25,30,8,40,1730,6,0,34,1730,0.15,0.0,1.0,0.0,7.610131965442137
tfnbs,"e=0.6,h=10.0,n=30,start_thres=1.25",hub,0.25,30,8,40,1730,6,0,34,1730,0.15,0.0,1.0,0.0,7.610131965442137
tfnbs,"e=0.7,h=0.5,n=30,start_thres=1.25",hub,0.25,30,8,40,1730,14,1,26,1729,0.35,0.0005780346820809,0.9333333333333332,0.0666666666666666,7.610131965442137
tfnbs,"e=0.7,h=1.0,n=30,start_thres=1.25",hub,0.25,30,8,40,1730,15,2,25,1728,0.375,0.0011560693641618,0.8823529411764706,0.1176470588235294,7.610131965442137
tfnbs,"e=0.7,h=2.0,n=30,start_thres=1.25",hub,0.25,30,8,40,1730,14,1,26,1729,0.35,0.0005780346820809,0.9333333333333332,0.0666666666666666,7.610131965442137
tfnbs,"e=0.7,h=3.0,n=30,start_thres=1.25",hub,0.25,30,8,40,1730,14,1,26,1729,0.35,0.0005780346820809,0.9333333333333332,0.0666666666666666,7.610131965442137
tfnbs,"e=0.7,h=4.0,n=30,start_thres=1.25",hub,0.25,30,8,40,1730,11,1,29,1729,0.275,0.0005780346820809,0.9166666666666666,0.0833333333333333,7.610131965442137
tfnbs,"e=0.7,h=5.0,n=30,start_thres=1.25",hub,0.25,30,8,40,1730,9,1,31,1729,0.225,0.0005780346820809,0.9,0.1,7.610131965442137
tfnbs,"e=0.7,h=6.0,n=30,start_thres=1.25",hub,0.25,30,8,40,1730,9,1,31,1729,0.225,0.0005780346820809,0.9,0.1,7.610131965442137
tfnbs,"e=0.7,h=7.0,n=30,start_thres=1.25",hub,0.25,30,8,40,1730,9,0,31,1730,0.225,0.0,1.0,0.0,7.610131965442137
tfnbs,"e=0.7,h=8.0,n=30,start_thres=1.25",hub,0.25,30,8,40,1730,8,0,32,1730,0.2,0.0,1.0,0.0,7.610131965442137
tfnbs,"e=0.7,h=9.0,n=30,start_thres=1.25",hub,0.25,30,8,40,1730,7,0,33,1730,0.175,0.0,1.0,0.0,7.610131965442137
tfnbs,"e=0.7,h=10.0,n=30,start_thres=1.25",hub,0.25,30,8,40,1730,7,0,33,1730,0.175,0.0,1.0,0.0,7.610131965442137
tfnbs,"e=0.8,h=0.5,n=30,start_thres=1.25",hub,0.25,30,8,40,1730,15,2,25,1728,0.375,0.0011560693641618,0.8823529411764706,0.1176470588235294,7.610131965442137
tfnbs,"e=0.8,h=1.0,n=30,start_thres=1.25",hub,0.25,30,8,40,1730,15,2,25,1728,0.375,0.0011560693641618,0.8823529411764706,0.1176470588235294,7.610131965442137
tfnbs,"e=0.8,h=2.0,n=30,start_thres=1.25",hub,0.25,30,8,40,1730,15,2,25,1728,0.375,0.0011560693641618,0.8823529411764706,0.1176470588235294,7.610131965442137
tfnbs,"e=0.8,h=3.0,n=30,start_thres=1.25",hub,0.25,30,8,40,1730,15,2,25,1728,0.375,0.0011560693641618,0.8823529411764706,0.1176470588235294,7.610131965442137
tfnbs,"e=0.8,h=4.0,n=30,start_thres=1.25",hub,0.25,30,8,40,1730,14,1,26,1729,0.35,0.0005780346820809,0.9333333333333332,0.0666666666666666,7.610131965442137
tfnbs,"e=0.8,h=5.0,n=30,start_thres=1.25",hub,0.25,30,8,40,1730,11,1,29,1729,0.275,0.0005780346820809,0.9166666666666666,0.0833333333333333,7.610131965442137
tfnbs,"e=0.8,h=6.0,n=30,start_thres=1.25",hub,0.25,30,8,40,1730,9,1,31,1729,0.225,0.0005780346820809,0.9,0.1,7.610131965442137
tfnbs,"e=0.8,h=7.0,n=30,start_thres=1.25",hub,0.25,30,8,40,1730,9,1,31,1729,0.225,0.0005780346820809,0.9,0.1,7.610131965442137
tfnbs,"e=0.8,h=8.0,n=30,start_thres=1.25",hub,0.25,30,8,40,1730,9,0,31,1730,0.225,0.0,1.0,0.0,7.610131965442137
tfnbs,"e=0.8,h=9.0,n=30,start_thres=1.25",hub,0.25,30,8,40,1730,8,0,32,1730,0.2,0.0,1.0,0.0,7.610131965442137
tfnbs,"e=0.8,h=10.0,n=30,start_thres=1.25",hub,0.25,30,8,40,1730,7,0,33,1730,0.175,0.0,1.0,0.0,7.610131965442137
tfnbs,"e=0.9,h=0.5,n=30,start_thres=1.25",hub,0.25,30,8,40,1730,14,1,26,1729,0.35,0.0005780346820809,0.9333333333333332,0.0666666666666666,7.610131965442137
tfnbs,"e=0.9,h=1.0,n=30,start_thres=1.25",hub,0.25,30,8,40,1730,15,2,25,1728,0.375,0.0011560693641618,0.8823529411764706,0.1176470588235294,7.610131965442137
tfnbs,"e=0.9,h=2.0,n=30,start_thres=1.25",hub,0.25,30,8,40,1730,15,2,25,1728,0.375,0.0011560693641618,0.8823529411764706,0.1176470588235294,7.610131965442137
tfnbs,"e=0.9,h=3.0,n=30,start_thres=1.25",hub,0.25,30,8,40,1730,15,2,25,1728,0.375,0.0011560693641618,0.8823529411764706,0.1176470588235294,7.610131965442137
tfnbs,"e=0.9,h=4.0,n=30,start_thres=1.25",hub,0.25,30,8,40,1730,15,2,25,1728,0.375,0.0011560693641618,0.8823529411764706,0.1176470588235294,7.610131965442137
tfnbs,"e=0.9,h=5.0,n=30,start_thres=1.25",hub,0.25,30,8,40,1730,14,1,26,1729,0.35,0.0005780346820809,0.9333333333333332,0.0666666666666666,7.610131965442137
tfnbs,"e=0.9,h=6.0,n=30,start_thres=1.25",hub,0.25,30,8,40,1730,11,1,29,1729,0.275,0.0005780346820809,0.9166666666666666,0.0833333333333333,7.610131965442137
tfnbs,"e=0.9,h=7.0,n=30,start_thres=1.25",hub,0.25,30,8,40,1730,9,1,31,1729,0.225,0.0005780346820809,0.9,0.1,7.610131965442137
tfnbs,"e=0.9,h=8.0,n=30,start_thres=1.25",hub,0.25,30,8,40,1730,9,0,31,1730,0.225,0.0,1.0,0.0,7.610131965442137
tfnbs,"e=0.9,h=9.0,n=30,start_thres=1.25",hub,0.25,30,8,40,1730,9,0,31,1730,0.225,0.0,1.0,0.0,7.610131965442137
tfnbs,"e=0.9,h=10.0,n=30,start_thres=1.25",hub,0.25,30,8,40,1730,8,0,32,1730,0.2,0.0,1.0,0.0,7.610131965442137
tfnbs,"e=1.0,h=0.5,n=30,start_thres=1.25",hub,0.25,30,8,40,1730,14,1,26,1729,0.35,0.0005780346820809,0.9333333333333332,0.0666666666666666,7.610131965442137
tfnbs,"e=1.0,h=1.0,n=30,start_thres=1.25",hub,0.25,30,8,40,1730,15,2,25,1728,0.375,0.0011560693641618,0.8823529411764706,0.1176470588235294,7.610131965442137
tfnbs,"e=1.0,h=2.0,n=30,start_thres=1.25",hub,0.25,30,8,40,1730,15,4,25,1726,0.375,0.0023121387283236,0.7894736842105263,0.2105263157894736,7.610131965442137
tfnbs,"e=1.0,h=3.0,n=30,start_thres=1.25",hub,0.25,30,8,40,1730,15,4,25,1726,0.375,0.0023121387283236,0.7894736842105263,0.2105263157894736,7.610131965442137
tfnbs,"e=1.0,h=4.0,n=30,start_thres=1.25",hub,0.25,30,8,40,1730,15,4,25,1726,0.375,0.0023121387283236,0.7894736842105263,0.2105263157894736,7.610131965442137
tfnbs,"e=1.0,h=5.0,n=30,start_thres=1.25",hub,0.25,30,8,40,1730,15,2,25,1728,0.375,0.0011560693641618,0.8823529411764706,0.1176470588235294,7.610131965442137
tfnbs,"e=1.0,h=6.0,n=30,start_thres=1.25",hub,0.25,30,8,40,1730,14,1,26,1729,0.35,0.0005780346820809,0.9333333333333332,0.0666666666666666,7.610131965442137
tfnbs,"e=1.0,h=7.0,n=30,start_thres=1.25",hub,0.25,30,8,40,1730,11,1,29,1729,0.275,0.0005780346820809,0.9166666666666666,0.0833333333333333,7.610131965442137
tfnbs,"e=1.0,h=8.0,n=30,start_thres=1.25",hub,0.25,30,8,40,1730,9,1,31,1729,0.225,0.0005780346820809,0.9,0.1,7.610131965442137
tfnbs,"e=1.0,h=9.0,n=30,start_thres=1.25",hub,0.25,30,8,40,1730,9,0,31,1730,0.225,0.0,1.0,0.0,7.610131965442137
tfnbs,"e=1.0,h=10.0,n=30,start_thres=1.25",hub,0.25,30,8,40,1730,9,0,31,1730,0.225,0.0,1.0,0.0,7.610131965442137
tfnbs,"e=1.1,h=0.5,n=30,start_thres=1.25",hub,0.25,30,8,40,1730,11,1,29,1729,0.275,0.0005780346820809,0.9166666666666666,0.0833333333333333,7.610131965442137
tfnbs,"e=1.1,h=1.0,n=30,start_thres=1.25",hub,0.25,30,8,40,1730,14,1,26,1729,0.35,0.0005780346820809,0.9333333333333332,0.0666666666666666,7.610131965442137
tfnbs,"e=1.1,h=2.0,n=30,start_thres=1.25",hub,0.25,30,8,40,1730,15,4,25,1726,0.375,0.0023121387283236,0.7894736842105263,0.2105263157894736,7.610131965442137
tfnbs,"e=1.1,h=3.0,n=30,start_thres=1.25",hub,0.25,30,8,40,1730,15,4,25,1726,0.375,0.0023121387283236,0.7894736842105263,0.2105263157894736,7.610131965442137
tfnbs,"e=1.1,h=4.0,n=30,start_thres=1.25",hub,0.25,30,8,40,1730,15,4,25,1726,0.375,0.0023121387283236,0.7894736842105263,0.2105263157894736,7.610131965442137
tfnbs,"e=1.1,h=5.0,n=30,start_thres=1.25",hub,0.25,30,8,40,1730,15,4,25,1726,0.375,0.0023121387283236,0.7894736842105263,0.2105263157894736,7.610131965442137
tfnbs,"e=1.1,h=6.0,n=30,start_thres=1.25",hub,0.25,30,8,40,1730,15,2,25,1728,0.375,0.0011560693641618,0.8823529411764706,0.1176470588235294,7.610131965442137
tfnbs,"e=1.1,h=7.0,n=30,start_thres=1.25",hub,0.25,30,8,40,1730,14,1,26,1729,0.35,0.0005780346820809,0.9333333333333332,0.0666666666666666,7.610131965442137
tfnbs,"e=1.1,h=8.0,n=30,start_thres=1.25",hub,0.25,30,8,40,1730,11,1,29,1729,0.275,0.0005780346820809,0.9166666666666666,0.0833333333333333,7.610131965442137
tfnbs,"e=1.1,h=9.0,n=30,start_thres=1.25",hub,0.25,30,8,40,1730,9,1,31,1729,0.225,0.0005780346820809,0.9,0.1,7.610131965442137
tfnbs,"e=1.1,h=10.0,n=30,start_thres=1.25",hub,0.25,30,8,40,1730,9,0,31,1730,0.225,0.0,1.0,0.0,7.610131965442137
tfnbs,"e=1.2,h=0.5,n=30,start_thres=1.25",hub,0.25,30,8,40,1730,9,0,31,1730,0.225,0.0,1.0,0.0,7.610131965442137
tfnbs,"e=1.2,h=1.0,n=30,start_thres=1.25",hub,0.25,30,8,40,1730,11,1,29,1729,0.275,0.0005780346820809,0.9166666666666666,0.0833333333333333,7.610131965442137
tfnbs,"e=1.2,h=2.0,n=30,start_thres=1.25",hub,0.25,30,8,40,1730,15,2,25,1728,0.375,0.0011560693641618,0.8823529411764706,0.1176470588235294,7.610131965442137
tfnbs,"e=1.2,h=3.0,n=30,start_thres=1.25",hub,0.25,30,8,40,1730,15,4,25,1726,0.375,0.0023121387283236,0.7894736842105263,0.2105263157894736,7.610131965442137
tfnbs,"e=1.2,h=4.0,n=30,start_thres=1.25",hub,0.25,30,8,40,1730,15,4,25,1726,0.375,0.0023121387283236,0.7894736842105263,0.2105263157894736,7.610131965442137
tfnbs,"e=1.2,h=5.0,n=30,start_thres=1.25",hub,0.25,30,8,40,1730,15,4,25,1726,0.375,0.0023121387283236,0.7894736842105263,0.2105263157894736,7.610131965442137
tfnbs,"e=1.2,h=6.0,n=30,start_thres=1.25",hub,0.25,30,8,40,1730,15,4,25,1726,0.375,0.0023121387283236,0.7894736842105263,0.2105263157894736,7.610131965442137
tfnbs,"e=1.2,h=7.0,n=30,start_thres=1.25",hub,0.25,30,8,40,1730,15,2,25,1728,0.375,0.0011560693641618,0.8823529411764706,0.1176470588235294,7.610131965442137
tfnbs,"e=1.2,h=8.0,n=30,start_thres=1.25",hub,0.25,30,8,40,1730,14,1,26,1729,0.35,0.0005780346820809,0.9333333333333332,0.0666666666666666,7.610131965442137
tfnbs,"e=1.2,h=9.0,n=30,start_thres=1.25",hub,0.25,30,8,40,1730,11,1,29,1729,0.275,0.0005780346820809,0.9166666666666666,0.0833333333333333,7.610131965442137
tfnbs,"e=1.2,h=10.0,n=30,start_thres=1.25",hub,0.25,30,8,40,1730,9,1,31,1729,0.225,0.0005780346820809,0.9,0.1,7.610131965442137
tfnbs,"e=1.3,h=0.5,n=30,start_thres=1.25",hub,0.25,30,8,40,1730,7,0,33,1730,0.175,0.0,1.0,0.0,7.610131965442137
tfnbs,"e=1.3,h=1.0,n=30,start_thres=1.25",hub,0.25,30,8,40,1730,9,0,31,1730,0.225,0.0,1.0,0.0,7.610131965442137
tfnbs,"e=1.3,h=2.0,n=30,start_thres=1.25",hub,0.25,30,8,40,1730,15,2,25,1728,0.375,0.0011560693641618,0.8823529411764706,0.1176470588235294,7.610131965442137
tfnbs,"e=1.3,h=3.0,n=30,start_thres=1.25",hub,0.25,30,8,40,1730,15,4,25,1726,0.375,0.0023121387283236,0.7894736842105263,0.2105263157894736,7.610131965442137
tfnbs,"e=1.3,h=4.0,n=30,start_thres=1.25",hub,0.25,30,8,40,1730,17,4,23,1726,0.425,0.0023121387283236,0.8095238095238095,0.1904761904761904,7.610131965442137
tfnbs,"e=1.3,h=5.0,n=30,start_thres=1.25",hub,0.25,30,8,40,1730,17,4,23,1726,0.425,0.0023121387283236,0.8095238095238095,0.1904761904761904,7.610131965442137
tfnbs,"e=1.3,h=6.0,n=30,start_thres=1.25",hub,0.25,30,8,40,1730,15,4,25,1726,0.375,0.0023121387283236,0.7894736842105263,0.2105263157894736,7.610131965442137
tfnbs,"e=1.3,h=7.0,n=30,start_thres=1.25",hub,0.25,30,8,40,1730,15,4,25,1726,0.375,0.0023121387283236,0.7894736842105263,0.2105263157894736,7.610131965442137
tfnbs,"e=1.3,h=8.0,n=30,start_thres=1.25",hub,0.25,30,8,40,1730,15,2,25,1728,0.375,0.0011560693641618,0.8823529411764706,0.1176470588235294,7.610131965442137
tfnbs,"e=1.3,h=9.0,n=30,start_thres=1.25",hub,0.25,30,8,40,1730,14,1,26,1729,0.35,0.0005780346820809,0.9333333333333332,0.0666666666666666,7.610131965442137
tfnbs,"e=1.3,h=10.0,n=30,start_thres=1.25",hub,0.25,30,8,40,1730,9,1,31,1729,0.225,0.0005780346820809,0.9,0.1,7.610131965442137
tfnbs,"e=1.4,h=0.5,n=30,start_thres=1.25",hub,0.25,30,8,40,1730,0,0,40,1730,0.0,0.0,0.0,0.0,7.610131965442137
tfnbs,"e=1.4,h=1.0,n=30,start_thres=1.25",hub,0.25,30,8,40,1730,8,0,32,1730,0.2,0.0,1.0,0.0,7.610131965442137
tfnbs,"e=1.4,h=2.0,n=30,start_thres=1.25",hub,0.25,30,8,40,1730,14,1,26,1729,0.35,0.0005780346820809,0.9333333333333332,0.0666666666666666,7.610131965442137
tfnbs,"e=1.4,h=3.0,n=30,start_thres=1.25",hub,0.25,30,8,40,1730,15,4,25,1726,0.375,0.0023121387283236,0.7894736842105263,0.2105263157894736,7.610131965442137
tfnbs,"e=1.4,h=4.0,n=30,start_thres=1.25",hub,0.25,30,8,40,1730,17,4,23,1726,0.425,0.0023121387283236,0.8095238095238095,0.1904761904761904,7.610131965442137
tfnbs,"e=1.4,h=5.0,n=30,start_thres=1.25",hub,0.25,30,8,40,1730,17,4,23,1726,0.425,0.0023121387283236,0.8095238095238095,0.1904761904761904,7.610131965442137
tfnbs,"e=1.4,h=6.0,n=30,start_thres=1.25",hub,0.25,30,8,40,1730,17,4,23,1726,0.425,0.0023121387283236,0.8095238095238095,0.1904761904761904,7.610131965442137
tfnbs,"e=1.4,h=7.0,n=30,start_thres=1.25",hub,0.25,30,8,40,1730,15,4,25,1726,0.375,0.0023121387283236,0.7894736842105263,0.2105263157894736,7.610131965442137
tfnbs,"e=1.4,h=8.0,n=30,start_thres=1.25",hub,0.25,30,8,40,1730,15,4,25,1726,0.375,0.0023121387283236,0.7894736842105263,0.2105263157894736,7.610131965442137
tfnbs,"e=1.4,h=9.0,n=30,start_thres=1.25",hub,0.25,30,8,40,1730,15,2,25,1728,0.375,0.0011560693641618,0.8823529411764706,0.1176470588235294,7.610131965442137
tfnbs,"e=1.4,h=10.0,n=30,start_thres=1.25",hub,0.25,30,8,40,1730,14,1,26,1729,0.35,0.0005780346820809,0.9333333333333332,0.0666666666666666,7.610131965442137
tfnbs,"e=1.5,h=0.5,n=30,start_thres=1.25",hub,0.25,30,8,40,1730,0,0,40,1730,0.0,0.0,0.0,0.0,7.610131965442137
tfnbs,"e=1.5,h=1.0,n=30,start_thres=1.25",hub,0.25,30,8,40,1730,0,0,40,1730,0.0,0.0,0.0,0.0,7.610131965442137
tfnbs,"e=1.5,h=2.0,n=30,start_thres=1.25",hub,0.25,30,8,40,1730,11,0,29,1730,0.275,0.0,1.0,0.0,7.610131965442137
tfnbs,"e=1.5,h=3.0,n=30,start_thres=1.25",hub,0.25,30,8,40,1730,15,2,25,1728,0.375,0.0011560693641618,0.8823529411764706,0.1176470588235294,7.610131965442137
tfnbs,"e=1.5,h=4.0,n=30,start_thres=1.25",hub,0.25,30,8,40,1730,15,4,25,1726,0.375,0.0023121387283236,0.7894736842105263,0.2105263157894736,7.610131965442137
tfnbs,"e=1.5,h=5.0,n=30,start_thres=1.25",hub,0.25,30,8,40,1730,17,4,23,1726,0.425,0.0023121387283236,0.8095238095238095,0.1904761904761904,7.610131965442137
tfnbs,"e=1.5,h=6.0,n=30,start_thres=1.25",hub,0.25,30,8,40,1730,17,4,23,1726,0.425,0.0023121387283236,0.8095238095238095,0.1904761904761904,7.610131965442137
tfnbs,"e=1.5,h=7.0,n=30,start_thres=1.25",hub,0.25,30,8,40,1730,17,4,23,1726,0.425,0.0023121387283236,0.8095238095238095,0.1904761904761904,7.610131965442137
tfnbs,"e=1.5,h=8.0,n=30,start_thres=1.25",hub,0.25,30,8,40,1730,15,4,25,1726,0.375,0.0023121387283236,0.7894736842105263,0.2105263157894736,7.610131965442137
tfnbs,"e=1.5,h=9.0,n=30,start_thres=1.25",hub,0.25,30,8,40,1730,15,2,25,1728,0.375,0.0011560693641618,0.8823529411764706,0.1176470588235294,7.610131965442137
tfnbs,"e=1.5,h=10.0,n=30,start_thres=1.25",hub,0.25,30,8,40,1730,14,1,26,1729,0.35,0.0005780346820809,0.9333333333333332,0.0666666666666666,7.610131965442137
tfnbs,"e=0.05,h=0.5,n=30,start_thres=1.25",hub,0.25,30,6,40,1730,5,0,35,1730,0.125,0.0,1.0,0.0,7.648384168744087
tfnbs,"e=0.05,h=1.0,n=30,start_thres=1.25",hub,0.25,30,6,40,1730,5,0,35,1730,0.125,0.0,1.0,0.0,7.648384168744087
tfnbs,"e=0.05,h=2.0,n=30,start_thres=1.25",hub,0.25,30,6,40,1730,5,0,35,1730,0.125,0.0,1.0,0.0,7.648384168744087
tfnbs,"e=0.05,h=3.0,n=30,start_thres=1.25",hub,0.25,30,6,40,1730,5,0,35,1730,0.125,0.0,1.0,0.0,7.648384168744087
tfnbs,"e=0.05,h=4.0,n=30,start_thres=1.25",hub,0.25,30,6,40,1730,4,0,36,1730,0.1,0.0,1.0,0.0,7.648384168744087
tfnbs,"e=0.05,h=5.0,n=30,start_thres=1.25",hub,0.25,30,6,40,1730,4,0,36,1730,0.1,0.0,1.0,0.0,7.648384168744087
tfnbs,"e=0.05,h=6.0,n=30,start_thres=1.25",hub,0.25,30,6,40,1730,4,0,36,1730,0.1,0.0,1.0,0.0,7.648384168744087
tfnbs,"e=0.05,h=7.0,n=30,start_thres=1.25",hub,0.25,30,6,40,1730,4,0,36,1730,0.1,0.0,1.0,0.0,7.648384168744087
tfnbs,"e=0.05,h=8.0,n=30,start_thres=1.25",hub,0.25,30,6,40,1730,4,0,36,1730,0.1,0.0,1.0,0.0,7.648384168744087
tfnbs,"e=0.05,h=9.0,n=30,start_thres=1.25",hub,0.25,30,6,40,1730,4,0,36,1730,0.1,0.0,1.0,0.0,7.648384168744087
tfnbs,"e=0.05,h=10.0,n=30,start_thres=1.25",hub,0.25,30,6,40,1730,4,0,36,1730,0.1,0.0,1.0,0.0,7.648384168744087
tfnbs,"e=0.1,h=0.5,n=30,start_thres=1.25",hub,0.25,30,6,40,1730,5,0,35,1730,0.125,0.0,1.0,0.0,7.648384168744087
tfnbs,"e=0.1,h=1.0,n=30,start_thres=1.25",hub,0.25,30,6,40,1730,5,0,35,1730,0.125,0.0,1.0,0.0,7.648384168744087
tfnbs,"e=0.1,h=2.0,n=30,start_thres=1.25",hub,0.25,30,6,40,1730,5,0,35,1730,0.125,0.0,1.0,0.0,7.648384168744087
tfnbs,"e=0.1,h=3.0,n=30,start_thres=1.25",hub,0.25,30,6,40,1730,5,0,35,1730,0.125,0.0,1.0,0.0,7.648384168744087
tfnbs,"e=0.1,h=4.0,n=30,start_thres=1.25",hub,0.25,30,6,40,1730,5,0,35,1730,0.125,0.0,1.0,0.0,7.648384168744087
tfnbs,"e=0.1,h=5.0,n=30,start_thres=1.25",hub,0.25,30,6,40,1730,5,0,35,1730,0.125,0.0,1.0,0.0,7.648384168744087
tfnbs,"e=0.1,h=6.0,n=30,start_thres=1.25",hub,0.25,30,6,40,1730,5,0,35,1730,0.125,0.0,1.0,0.0,7.648384168744087
tfnbs,"e=0.1,h=7.0,n=30,start_thres=1.25",hub,0.25,30,6,40,1730,5,0,35,1730,0.125,0.0,1.0,0.0,7.648384168744087
tfnbs,"e=0.1,h=8.0,n=30,start_thres=1.25",hub,0.25,30,6,40,1730,5,0,35,1730,0.125,0.0,1.0,0.0,7.648384168744087
tfnbs,"e=0.1,h=9.0,n=30,start_thres=1.25",hub,0.25,30,6,40,1730,4,0,36,1730,0.1,0.0,1.0,0.0,7.648384168744087
tfnbs,"e=0.1,h=10.0,n=30,start_thres=1.25",hub,0.25,30,6,40,1730,4,0,36,1730,0.1,0.0,1.0,0.0,7.648384168744087
tfnbs,"e=0.2,h=0.5,n=30,start_thres=1.25",hub,0.25,30,6,40,1730,13,0,27,1730,0.325,0.0,1.0,0.0,7.648384168744087
tfnbs,"e=0.2,h=1.0,n=30,start_thres=1.25",hub,0.25,30,6,40,1730,10,0,30,1730,0.25,0.0,1.0,0.0,7.648384168744087
tfnbs,"e=0.2,h=2.0,n=30,start_thres=1.25",hub,0.25,30,6,40,1730,7,0,33,1730,0.175,0.0,1.0,0.0,7.648384168744087
tfnbs,"e=0.2,h=3.0,n=30,start_thres=1.25",hub,0.25,30,6,40,1730,5,0,35,1730,0.125,0.0,1.0,0.0,7.648384168744087
tfnbs,"e=0.2,h=4.0,n=30,start_thres=1.25",hub,0.25,30,6,40,1730,5,0,35,1730,0.125,0.0,1.0,0.0,7.648384168744087
tfnbs,"e=0.2,h=5.0,n=30,start_thres=1.25",hub,0.25,30,6,40,1730,5,0,35,1730,0.125,0.0,1.0,0.0,7.648384168744087
tfnbs,"e=0.2,h=6.0,n=30,start_thres=1.25",hub,0.25,30,6,40,1730,5,0,35,1730,0.125,0.0,1.0,0.0,7.648384168744087
tfnbs,"e=0.2,h=7.0,n=30,start_thres=1.25",hub,0.25,30,6,40,1730,5,0,35,1730,0.125,0.0,1.0,0.0,7.648384168744087
tfnbs,"e=0.2,h=8.0,n=30,start_thres=1.25",hub,0.25,30,6,40,1730,5,0,35,1730,0.125,0.0,1.0,0.0,7.648384168744087
tfnbs,"e=0.2,h=9.0,n=30,start_thres=1.25",hub,0.25,30,6,40,1730,5,0,35,1730,0.125,0.0,1.0,0.0,7.648384168744087
tfnbs,"e=0.2,h=10.0,n=30,start_thres=1.25",hub,0.25,30,6,40,1730,5,0,35,1730,0.125,0.0,1.0,0.0,7.648384168744087
tfnbs,"e=0.3,h=0.5,n=30,start_thres=1.25",hub,0.25,30,6,40,1730,15,0,25,1730,0.375,0.0,1.0,0.0,7.648384168744087
tfnbs,"e=0.3,h=1.0,n=30,start_thres=1.25",hub,0.25,30,6,40,1730,15,0,25,1730,0.375,0.0,1.0,0.0,7.648384168744087
tfnbs,"e=0.3,h=2.0,n=30,start_thres=1.25",hub,0.25,30,6,40,1730,13,0,27,1730,0.325,0.0,1.0,0.0,7.648384168744087
tfnbs,"e=0.3,h=3.0,n=30,start_thres=1.25",hub,0.25,30,6,40,1730,10,0,30,1730,0.25,0.0,1.0,0.0,7.648384168744087
tfnbs,"e=0.3,h=4.0,n=30,start_thres=1.25",hub,0.25,30,6,40,1730,7,0,33,1730,0.175,0.0,1.0,0.0,7.648384168744087
tfnbs,"e=0.3,h=5.0,n=30,start_thres=1.25",hub,0.25,30,6,40,1730,7,0,33,1730,0.175,0.0,1.0,0.0,7.648384168744087
tfnbs,"e=0.3,h=6.0,n=30,start_thres=1.25",hub,0.25,30,6,40,1730,5,0,35,1730,0.125,0.0,1.0,0.0,7.648384168744087
tfnbs,"e=0.3,h=7.0,n=30,start_thres=1.25",hub,0.25,30,6,40,1730,5,0,35,1730,0.125,0.0,1.0,0.0,7.648384168744087
tfnbs,"e=0.3,h=8.0,n=30,start_thres=1.25",hub,0.25,30,6,40,1730,5,0,35,1730,0.125,0.0,1.0,0.0,7.648384168744087
tfnbs,"e=0.3,h=9.0,n=30,start_thres=1.25",hub,0.25,30,6,40,1730,5,0,35,1730,0.125,0.0,1.0,0.0,7.648384168744087
tfnbs,"e=0.3,h=10.0,n=30,start_thres=1.25",hub,0.25,30,6,40,1730,5,0,35,1730,0.125,0.0,1.0,0.0,7.648384168744087
tfnbs,"e=0.4,h=0.5,n=30,start_thres=1.25",hub,0.25,30,6,40,1730,18,0,22,1730,0.45,0.0,1.0,0.0,7.648384168744087
tfnbs,"e=0.4,h=1.0,n=30,start_thres=1.25",hub,0.25,30,6,40,1730,18,0,22,1730,0.45,0.0,1.0,0.0,7.648384168744087
tfnbs,"e=0.4,h=2.0,n=30,start_thres=1.25",hub,0.25,30,6,40,1730,17,0,23,1730,0.425,0.0,1.0,0.0,7.648384168744087
tfnbs,"e=0.4,h=3.0,n=30,start_thres=1.25",hub,0.25,30,6,40,1730,15,0,25,1730,0.375,0.0,1.0,0.0,7.648384168744087
tfnbs,"e=0.4,h=4.0,n=30,start_thres=1.25",hub,0.25,30,6,40,1730,13,0,27,1730,0.325,0.0,1.0,0.0,7.648384168744087
tfnbs,"e=0.4,h=5.0,n=30,start_thres=1.25",hub,0.25,30,6,40,1730,10,0,30,1730,0.25,0.0,1.0,0.0,7.648384168744087
tfnbs,"e=0.4,h=6.0,n=30,start_thres=1.25",hub,0.25,30,6,40,1730,7,0,33,1730,0.175,0.0,1.0,0.0,7.648384168744087
tfnbs,"e=0.4,h=7.0,n=30,start_thres=1.25",hub,0.25,30,6,40,1730,7,0,33,1730,0.175,0.0,1.0,0.0,7.648384168744087
tfnbs,"e=0.4,h=8.0,n=30,start_thres=1.25",hub,0.25,30,6,40,1730,5,0,35,1730,0.125,0.0,1.0,0.0,7.648384168744087
tfnbs,"e=0.4,h=9.0,n=30,start_thres=1.25",hub,0.25,30,6,40,1730,5,0,35,1730,0.125,0.0,1.0,0.0,7.648384168744087
tfnbs,"e=0.4,h=10.0,n=30,start_thres=1.25",hub,0.25,30,6,40,1730,5,0,35,1730,0.125,0.0,1.0,0.0,7.648384168744087
tfnbs,"e=0.5,h=0.5,n=30,start_thres=1.25",hub,0.25,30,6,40,1730,20,1,20,1729,0.5,0.0005780346820809,0.9523809523809524,0.0476190476190476,7.648384168744087
tfnbs,"e=0.5,h=1.0,n=30,start_thres=1.25",hub,0.25,30,6,40,1730,20,1,20,1729,0.5,0.0005780346820809,0.9523809523809524,0.0476190476190476,7.648384168744087
tfnbs,"e=0.5,h=2.0,n=30,start_thres=1.25",hub,0.25,30,6,40,1730,18,0,22,1730,0.45,0.0,1.0,0.0,7.648384168744087
tfnbs,"e=0.5,h=3.0,n=30,start_thres=1.25",hub,0.25,30,6,40,1730,17,0,23,1730,0.425,0.0,1.0,0.0,7.648384168744087
tfnbs,"e=0.5,h=4.0,n=30,start_thres=1.25",hub,0.25,30,6,40,1730,15,0,25,1730,0.375,0.0,1.0,0.0,7.648384168744087
tfnbs,"e=0.5,h=5.0,n=30,start_thres=1.25",hub,0.25,30,6,40,1730,13,0,27,1730,0.325,0.0,1.0,0.0,7.648384168744087
tfnbs,"e=0.5,h=6.0,n=30,start_thres=1.25",hub,0.25,30,6,40,1730,13,0,27,1730,0.325,0.0,1.0,0.0,7.648384168744087
tfnbs,"e=0.5,h=7.0,n=30,start_thres=1.25",hub,0.25,30,6,40,1730,10,0,30,1730,0.25,0.0,1.0,0.0,7.648384168744087
tfnbs,"e=0.5,h=8.0,n=30,start_thres=1.25",hub,0.25,30,6,40,1730,7,0,33,1730,0.175,0.0,1.0,0.0,7.648384168744087
tfnbs,"e=0.5,h=9.0,n=30,start_thres=1.25",hub,0.25,30,6,40,1730,7,0,33,1730,0.175,0.0,1.0,0.0,7.648384168744087
tfnbs,"e=0.5,h=10.0,n=30,start_thres=1.25",hub,0.25,30,6,40,1730,5,0,35,1730,0.125,0.0,1.0,0.0,7.648384168744087
tfnbs,"e=0.6,h=0.5,n=30,start_thres=1.25",hub,0.25,30,6,40,1730,23,1,17,1729,0.575,0.0005780346820809,0.9583333333333334,0.0416666666666666,7.648384168744087
tfnbs,"e=0.6,h=1.0,n=30,start_thres=1.25",hub,0.25,30,6,40,1730,23,1,17,1729,0.575,0.0005780346820809,0.9583333333333334,0.0416666666666666,7.648384168744087
tfnbs,"e=0.6,h=2.0,n=30,start_thres=1.25",hub,0.25,30,6,40,1730,20,1,20,1729,0.5,0.0005780346820809,0.9523809523809524,0.0476190476190476,7.648384168744087
tfnbs,"e=0.6,h=3.0,n=30,start_thres=1.25",hub,0.25,30,6,40,1730,20,1,20,1729,0.5,0.0005780346820809,0.9523809523809524,0.0476190476190476,7.648384168744087
tfnbs,"e=0.6,h=4.0,n=30,start_thres=1.25",hub,0.25,30,6,40,1730,18,0,22,1730,0.45,0.0,1.0,0.0,7.648384168744087
tfnbs,"e=0.6,h=5.0,n=30,start_thres=1.25",hub,0.25,30,6,40,1730,17,0,23,1730,0.425,0.0,1.0,0.0,7.648384168744087
tfnbs,"e=0.6,h=6.0,n=30,start_thres=1.25",hub,0.25,30,6,40,1730,15,0,25,1730,0.375,0.0,1.0,0.0,7.648384168744087
tfnbs,"e=0.6,h=7.0,n=30,start_thres=1.25",hub,0.25,30,6,40,1730,13,0,27,1730,0.325,0.0,1.0,0.0,7.648384168744087
tfnbs,"e=0.6,h=8.0,n=30,start_thres=1.25",hub,0.25,30,6,40,1730,10,0,30,1730,0.25,0.0,1.0,0.0,7.648384168744087
tfnbs,"e=0.6,h=9.0,n=30,start_thres=1.25",hub,0.25,30,6,40,1730,10,0,30,1730,0.25,0.0,1.0,0.0,7.648384168744087
tfnbs,"e=0.6,h=10.0,n=30,start_thres=1.25",hub,0.25,30,6,40,1730,7,0,33,1730,0.175,0.0,1.0,0.0,7.648384168744087
tfnbs,"e=0.7,h=0.5,n=30,start_thres=1.25",hub,0.25,30,6,40,1730,23,1,17,1729,0.575,0.0005780346820809,0.9583333333333334,0.0416666666666666,7.648384168744087
tfnbs,"e=0.7,h=1.0,n=30,start_thres=1.25",hub,0.25,30,6,40,1730,23,1,17,1729,0.575,0.0005780346820809,0.9583333333333334,0.0416666666666666,7.648384168744087
tfnbs,"e=0.7,h=2.0,n=30,start_thres=1.25",hub,0.25,30,6,40,1730,23,1,17,1729,0.575,0.0005780346820809,0.9583333333333334,0.0416666666666666,7.648384168744087
tfnbs,"e=0.7,h=3.0,n=30,start_thres=1.25",hub,0.25,30,6,40,1730,23,1,17,1729,0.575,0.0005780346820809,0.9583333333333334,0.0416666666666666,7.648384168744087
tfnbs,"e=0.7,h=4.0,n=30,start_thres=1.25",hub,0.25,30,6,40,1730,20,1,20,1729,0.5,0.0005780346820809,0.9523809523809524,0.0476190476190476,7.648384168744087
tfnbs,"e=0.7,h=5.0,n=30,start_thres=1.25",hub,0.25,30,6,40,1730,18,0,22,1730,0.45,0.0,1.0,0.0,7.648384168744087
tfnbs,"e=0.7,h=6.0,n=30,start_thres=1.25",hub,0.25,30,6,40,1730,17,0,23,1730,0.425,0.0,1.0,0.0,7.648384168744087
tfnbs,"e=0.7,h=7.0,n=30,start_thres=1.25",hub,0.25,30,6,40,1730,15,0,25,1730,0.375,0.0,1.0,0.0,7.648384168744087
tfnbs,"e=0.7,h=8.0,n=30,start_thres=1.25",hub,0.25,30,6,40,1730,13,0,27,1730,0.325,0.0,1.0,0.0,7.648384168744087
tfnbs,"e=0.7,h=9.0,n=30,start_thres=1.25",hub,0.25,30,6,40,1730,13,0,27,1730,0.325,0.0,1.0,0.0,7.648384168744087
tfnbs,"e=0.7,h=10.0,n=30,start_thres=1.25",hub,0.25,30,6,40,1730,10,0,30,1730,0.25,0.0,1.0,0.0,7.648384168744087
tfnbs,"e=0.8,h=0.5,n=30,start_thres=1.25",hub,0.25,30,6,40,1730,23,1,17,1729,0.575,0.0005780346820809,0.9583333333333334,0.0416666666666666,7.648384168744087
tfnbs,"e=0.8,h=1.0,n=30,start_thres=1.25",hub,0.25,30,6,40,1730,23,1,17,1729,0.575,0.0005780346820809,0.9583333333333334,0.0416666666666666,7.648384168744087
tfnbs,"e=0.8,h=2.0,n=30,start_thres=1.25",hub,0.25,30,6,40,1730,23,4,17,1726,0.575,0.0023121387283236,0.8518518518518519,0.1481481481481481,7.648384168744087
tfnbs,"e=0.8,h=3.0,n=30,start_thres=1.25",hub,0.25,30,6,40,1730,23,1,17,1729,0.575,0.0005780346820809,0.9583333333333334,0.0416666666666666,7.648384168744087
tfnbs,"e=0.8,h=4.0,n=30,start_thres=1.25",hub,0.25,30,6,40,1730,23,1,17,1729,0.575,0.0005780346820809,0.9583333333333334,0.0416666666666666,7.648384168744087
tfnbs,"e=0.8,h=5.0,n=30,start_thres=1.25",hub,0.25,30,6,40,1730,20,1,20,1729,0.5,0.0005780346820809,0.9523809523809524,0.0476190476190476,7.648384168744087
tfnbs,"e=0.8,h=6.0,n=30,start_thres=1.25",hub,0.25,30,6,40,1730,18,0,22,1730,0.45,0.0,1.0,0.0,7.648384168744087
tfnbs,"e=0.8,h=7.0,n=30,start_thres=1.25",hub,0.25,30,6,40,1730,17,0,23,1730,0.425,0.0,1.0,0.0,7.648384168744087
tfnbs,"e=0.8,h=8.0,n=30,start_thres=1.25",hub,0.25,30,6,40,1730,15,0,25,1730,0.375,0.0,1.0,0.0,7.648384168744087
tfnbs,"e=0.8,h=9.0,n=30,start_thres=1.25",hub,0.25,30,6,40,1730,15,0,25,1730,0.375,0.0,1.0,0.0,7.648384168744087
tfnbs,"e=0.8,h=10.0,n=30,start_thres=1.25",hub,0.25,30,6,40,1730,13,0,27,1730,0.325,0.0,1.0,0.0,7.648384168744087
tfnbs,"e=0.9,h=0.5,n=30,start_thres=1.25",hub,0.25,30,6,40,1730,23,4,17,1726,0.575,0.0023121387283236,0.8518518518518519,0.1481481481481481,7.648384168744087
tfnbs,"e=0.9,h=1.0,n=30,start_thres=1.25",hub,0.25,30,6,40,1730,23,4,17,1726,0.575,0.0023121387283236,0.8518518518518519,0.1481481481481481,7.648384168744087
tfnbs,"e=0.9,h=2.0,n=30,start_thres=1.25",hub,0.25,30,6,40,1730,23,4,17,1726,0.575,0.0023121387283236,0.8518518518518519,0.1481481481481481,7.648384168744087
tfnbs,"e=0.9,h=3.0,n=30,start_thres=1.25",hub,0.25,30,6,40,1730,23,4,17,1726,0.575,0.0023121387283236,0.8518518518518519,0.1481481481481481,7.648384168744087
tfnbs,"e=0.9,h=4.0,n=30,start_thres=1.25",hub,0.25,30,6,40,1730,23,1,17,1729,0.575,0.0005780346820809,0.9583333333333334,0.0416666666666666,7.648384168744087
tfnbs,"e=0.9,h=5.0,n=30,start_thres=1.25",hub,0.25,30,6,40,1730,23,1,17,1729,0.575,0.0005780346820809,0.9583333333333334,0.0416666666666666,7.648384168744087
tfnbs,"e=0.9,h=6.0,n=30,start_thres=1.25",hub,0.25,30,6,40,1730,20,1,20,1729,0.5,0.0005780346820809,0.9523809523809524,0.0476190476190476,7.648384168744087
tfnbs,"e=0.9,h=7.0,n=30,start_thres=1.25",hub,0.25,30,6,40,1730,18,0,22,1730,0.45,0.0,1.0,0.0,7.648384168744087
tfnbs,"e=0.9,h=8.0,n=30,start_thres=1.25",hub,0.25,30,6,40,1730,17,0,23,1730,0.425,0.0,1.0,0.0,7.648384168744087
tfnbs,"e=0.9,h=9.0,n=30,start_thres=1.25",hub,0.25,30,6,40,1730,17,0,23,1730,0.425,0.0,1.0,0.0,7.648384168744087
tfnbs,"e=0.9,h=10.0,n=30,start_thres=1.25",hub,0.25,30,6,40,1730,15,0,25,1730,0.375,0.0,1.0,0.0,7.648384168744087
tfnbs,"e=1.0,h=0.5,n=30,start_thres=1.25",hub,0.25,30,6,40,1730,23,1,17,1729,0.575,0.0005780346820809,0.9583333333333334,0.0416666666666666,7.648384168744087
tfnbs,"e=1.0,h=1.0,n=30,start_thres=1.25",hub,0.25,30,6,40,1730,23,4,17,1726,0.575,0.0023121387283236,0.8518518518518519,0.1481481481481481,7.648384168744087
tfnbs,"e=1.0,h=2.0,n=30,start_thres=1.25",hub,0.25,30,6,40,1730,23,4,17,1726,0.575,0.0023121387283236,0.8518518518518519,0.1481481481481481,7.648384168744087
tfnbs,"e=1.0,h=3.0,n=30,start_thres=1.25",hub,0.25,30,6,40,1730,23,4,17,1726,0.575,0.0023121387283236,0.8518518518518519,0.1481481481481481,7.648384168744087
tfnbs,"e=1.0,h=4.0,n=30,start_thres=1.25",hub,0.25,30,6,40,1730,23,4,17,1726,0.575,0.0023121387283236,0.8518518518518519,0.1481481481481481,7.648384168744087
tfnbs,"e=1.0,h=5.0,n=30,start_thres=1.25",hub,0.25,30,6,40,1730,23,4,17,1726,0.575,0.0023121387283236,0.8518518518518519,0.1481481481481481,7.648384168744087
tfnbs,"e=1.0,h=6.0,n=30,start_thres=1.25",hub,0.25,30,6,40,1730,23,1,17,1729,0.575,0.0005780346820809,0.9583333333333334,0.0416666666666666,7.648384168744087
tfnbs,"e=1.0,h=7.0,n=30,start_thres=1.25",hub,0.25,30,6,40,1730,20,1,20,1729,0.5,0.0005780346820809,0.9523809523809524,0.0476190476190476,7.648384168744087
tfnbs,"e=1.0,h=8.0,n=30,start_thres=1.25",hub,0.25,30,6,40,1730,18,0,22,1730,0.45,0.0,1.0,0.0,7.648384168744087
tfnbs,"e=1.0,h=9.0,n=30,start_thres=1.25",hub,0.25,30,6,40,1730,17,0,23,1730,0.425,0.0,1.0,0.0,7.648384168744087
tfnbs,"e=1.0,h=10.0,n=30,start_thres=1.25",hub,0.25,30,6,40,1730,17,0,23,1730,0.425,0.0,1.0,0.0,7.648384168744087
tfnbs,"e=1.1,h=0.5,n=30,start_thres=1.25",hub,0.25,30,6,40,1730,23,1,17,1729,0.575,0.0005780346820809,0.9583333333333334,0.0416666666666666,7.648384168744087
tfnbs,"e=1.1,h=1.0,n=30,start_thres=1.25",hub,0.25,30,6,40,1730,23,4,17,1726,0.575,0.0023121387283236,0.8518518518518519,0.1481481481481481,7.648384168744087
tfnbs,"e=1.1,h=2.0,n=30,start_thres=1.25",hub,0.25,30,6,40,1730,23,4,17,1726,0.575,0.0023121387283236,0.8518518518518519,0.1481481481481481,7.648384168744087
tfnbs,"e=1.1,h=3.0,n=30,start_thres=1.25",hub,0.25,30,6,40,1730,23,4,17,1726,0.575,0.0023121387283236,0.8518518518518519,0.1481481481481481,7.648384168744087
tfnbs,"e=1.1,h=4.0,n=30,start_thres=1.25",hub,0.25,30,6,40,1730,23,4,17,1726,0.575,0.0023121387283236,0.8518518518518519,0.1481481481481481,7.648384168744087
tfnbs,"e=1.1,h=5.0,n=30,start_thres=1.25",hub,0.25,30,6,40,1730,23,4,17,1726,0.575,0.0023121387283236,0.8518518518518519,0.1481481481481481,7.648384168744087
tfnbs,"e=1.1,h=6.0,n=30,start_thres=1.25",hub,0.25,30,6,40,1730,23,4,17,1726,0.575,0.0023121387283236,0.8518518518518519,0.1481481481481481,7.648384168744087
tfnbs,"e=1.1,h=7.0,n=30,start_thres=1.25",hub,0.25,30,6,40,1730,23,1,17,1729,0.575,0.0005780346820809,0.9583333333333334,0.0416666666666666,7.648384168744087
tfnbs,"e=1.1,h=8.0,n=30,start_thres=1.25",hub,0.25,30,6,40,1730,20,1,20,1729,0.5,0.0005780346820809,0.9523809523809524,0.0476190476190476,7.648384168744087
tfnbs,"e=1.1,h=9.0,n=30,start_thres=1.25",hub,0.25,30,6,40,1730,18,0,22,1730,0.45,0.0,1.0,0.0,7.648384168744087
tfnbs,"e=1.1,h=10.0,n=30,start_thres=1.25",hub,0.25,30,6,40,1730,17,0,23,1730,0.425,0.0,1.0,0.0,7.648384168744087
tfnbs,"e=1.2,h=0.5,n=30,start_thres=1.25",hub,0.25,30,6,40,1730,23,1,17,1729,0.575,0.0005780346820809,0.9583333333333334,0.0416666666666666,7.648384168744087
tfnbs,"e=1.2,h=1.0,n=30,start_thres=1.25",hub,0.25,30,6,40,1730,23,1,17,1729,0.575,0.0005780346820809,0.9583333333333334,0.0416666666666666,7.648384168744087
tfnbs,"e=1.2,h=2.0,n=30,start_thres=1.25",hub,0.25,30,6,40,1730,23,4,17,1726,0.575,0.0023121387283236,0.8518518518518519,0.1481481481481481,7.648384168744087
tfnbs,"e=1.2,h=3.0,n=30,start_thres=1.25",hub,0.25,30,6,40,1730,23,4,17,1726,0.575,0.0023121387283236,0.8518518518518519,0.1481481481481481,7.648384168744087
tfnbs,"e=1.2,h=4.0,n=30,start_thres=1.25",hub,0.25,30,6,40,1730,23,4,17,1726,0.575,0.0023121387283236,0.8518518518518519,0.1481481481481481,7.648384168744087
tfnbs,"e=1.2,h=5.0,n=30,start_thres=1.25",hub,0.25,30,6,40,1730,23,4,17,1726,0.575,0.0023121387283236,0.8518518518518519,0.1481481481481481,7.648384168744087
tfnbs,"e=1.2,h=6.0,n=30,start_thres=1.25",hub,0.25,30,6,40,1730,23,4,17,1726,0.575,0.0023121387283236,0.8518518518518519,0.1481481481481481,7.648384168744087
tfnbs,"e=1.2,h=7.0,n=30,start_thres=1.25",hub,0.25,30,6,40,1730,23,4,17,1726,0.575,0.0023121387283236,0.8518518518518519,0.1481481481481481,7.648384168744087
tfnbs,"e=1.2,h=8.0,n=30,start_thres=1.25",hub,0.25,30,6,40,1730,23,1,17,1729,0.575,0.0005780346820809,0.9583333333333334,0.0416666666666666,7.648384168744087
tfnbs,"e=1.2,h=9.0,n=30,start_thres=1.25",hub,0.25,30,6,40,1730,20,1,20,1729,0.5,0.0005780346820809,0.9523809523809524,0.0476190476190476,7.648384168744087
tfnbs,"e=1.2,h=10.0,n=30,start_thres=1.25",hub,0.25,30,6,40,1730,18,0,22,1730,0.45,0.0,1.0,0.0,7.648384168744087
tfnbs,"e=1.3,h=0.5,n=30,start_thres=1.25",hub,0.25,30,6,40,1730,20,1,20,1729,0.5,0.0005780346820809,0.9523809523809524,0.0476190476190476,7.648384168744087
tfnbs,"e=1.3,h=1.0,n=30,start_thres=1.25",hub,0.25,30,6,40,1730,23,1,17,1729,0.575,0.0005780346820809,0.9583333333333334,0.0416666666666666,7.648384168744087
tfnbs,"e=1.3,h=2.0,n=30,start_thres=1.25",hub,0.25,30,6,40,1730,23,4,17,1726,0.575,0.0023121387283236,0.8518518518518519,0.1481481481481481,7.648384168744087
tfnbs,"e=1.3,h=3.0,n=30,start_thres=1.25",hub,0.25,30,6,40,1730,24,5,16,1725,0.6,0.0028901734104046,0.8275862068965517,0.1724137931034483,7.648384168744087
tfnbs,"e=1.3,h=4.0,n=30,start_thres=1.25",hub,0.25,30,6,40,1730,24,5,16,1725,0.6,0.0028901734104046,0.8275862068965517,0.1724137931034483,7.648384168744087
tfnbs,"e=1.3,h=5.0,n=30,start_thres=1.25",hub,0.25,30,6,40,1730,24,5,16,1725,0.6,0.0028901734104046,0.8275862068965517,0.1724137931034483,7.648384168744087
tfnbs,"e=1.3,h=6.0,n=30,start_thres=1.25",hub,0.25,30,6,40,1730,23,4,17,1726,0.575,0.0023121387283236,0.8518518518518519,0.1481481481481481,7.648384168744087
tfnbs,"e=1.3,h=7.0,n=30,start_thres=1.25",hub,0.25,30,6,40,1730,23,4,17,1726,0.575,0.0023121387283236,0.8518518518518519,0.1481481481481481,7.648384168744087
tfnbs,"e=1.3,h=8.0,n=30,start_thres=1.25",hub,0.25,30,6,40,1730,23,1,17,1729,0.575,0.0005780346820809,0.9583333333333334,0.0416666666666666,7.648384168744087
tfnbs,"e=1.3,h=9.0,n=30,start_thres=1.25",hub,0.25,30,6,40,1730,23,1,17,1729,0.575,0.0005780346820809,0.9583333333333334,0.0416666666666666,7.648384168744087
tfnbs,"e=1.3,h=10.0,n=30,start_thres=1.25",hub,0.25,30,6,40,1730,20,1,20,1729,0.5,0.0005780346820809,0.9523809523809524,0.0476190476190476,7.648384168744087
tfnbs,"e=1.4,h=0.5,n=30,start_thres=1.25",hub,0.25,30,6,40,1730,18,0,22,1730,0.45,0.0,1.0,0.0,7.648384168744087
tfnbs,"e=1.4,h=1.0,n=30,start_thres=1.25",hub,0.25,30,6,40,1730,20,1,20,1729,0.5,0.0005780346820809,0.9523809523809524,0.0476190476190476,7.648384168744087
tfnbs,"e=1.4,h=2.0,n=30,start_thres=1.25",hub,0.25,30,6,40,1730,23,4,17,1726,0.575,0.0023121387283236,0.8518518518518519,0.1481481481481481,7.648384168744087
tfnbs,"e=1.4,h=3.0,n=30,start_thres=1.25",hub,0.25,30,6,40,1730,24,5,16,1725,0.6,0.0028901734104046,0.8275862068965517,0.1724137931034483,7.648384168744087
tfnbs,"e=1.4,h=4.0,n=30,start_thres=1.25",hub,0.25,30,6,40,1730,24,5,16,1725,0.6,0.0028901734104046,0.8275862068965517,0.1724137931034483,7.648384168744087
tfnbs,"e=1.4,h=5.0,n=30,start_thres=1.25",hub,0.25,30,6,40,1730,24,5,16,1725,0.6,0.0028901734104046,0.8275862068965517,0.1724137931034483,7.648384168744087
tfnbs,"e=1.4,h=6.0,n=30,start_thres=1.25",hub,0.25,30,6,40,1730,24,5,16,1725,0.6,0.0028901734104046,0.8275862068965517,0.1724137931034483,7.648384168744087
tfnbs,"e=1.4,h=7.0,n=30,start_thres=1.25",hub,0.25,30,6,40,1730,24,5,16,1725,0.6,0.0028901734104046,0.8275862068965517,0.1724137931034483,7.648384168744087
tfnbs,"e=1.4,h=8.0,n=30,start_thres=1.25",hub,0.25,30,6,40,1730,23,4,17,1726,0.575,0.0023121387283236,0.8518518518518519,0.1481481481481481,7.648384168744087
tfnbs,"e=1.4,h=9.0,n=30,start_thres=1.25",hub,0.25,30,6,40,1730,23,1,17,1729,0.575,0.0005780346820809,0.9583333333333334,0.0416666666666666,7.648384168744087
tfnbs,"e=1.4,h=10.0,n=30,start_thres=1.25",hub,0.25,30,6,40,1730,23,1,17,1729,0.575,0.0005780346820809,0.9583333333333334,0.0416666666666666,7.648384168744087
tfnbs,"e=1.5,h=0.5,n=30,start_thres=1.25",hub,0.25,30,6,40,1730,15,0,25,1730,0.375,0.0,1.0,0.0,7.648384168744087
tfnbs,"e=1.5,h=1.0,n=30,start_thres=1.25",hub,0.25,30,6,40,1730,18,0,22,1730,0.45,0.0,1.0,0.0,7.648384168744087
tfnbs,"e=1.5,h=2.0,n=30,start_thres=1.25",hub,0.25,30,6,40,1730,23,1,17,1729,0.575,0.0005780346820809,0.9583333333333334,0.0416666666666666,7.648384168744087
tfnbs,"e=1.5,h=3.0,n=30,start_thres=1.25",hub,0.25,30,6,40,1730,23,4,17,1726,0.575,0.0023121387283236,0.8518518518518519,0.1481481481481481,7.648384168744087
tfnbs,"e=1.5,h=4.0,n=30,start_thres=1.25",hub,0.25,30,6,40,1730,24,5,16,1725,0.6,0.0028901734104046,0.8275862068965517,0.1724137931034483,7.648384168744087
tfnbs,"e=1.5,h=5.0,n=30,start_thres=1.25",hub,0.25,30,6,40,1730,24,5,16,1725,0.6,0.0028901734104046,0.8275862068965517,0.1724137931034483,7.648384168744087
tfnbs,"e=1.5,h=6.0,n=30,start_thres=1.25",hub,0.25,30,6,40,1730,24,5,16,1725,0.6,0.0028901734104046,0.8275862068965517,0.1724137931034483,7.648384168744087
tfnbs,"e=1.5,h=7.0,n=30,start_thres=1.25",hub,0.25,30,6,40,1730,24,5,16,1725,0.6,0.0028901734104046,0.8275862068965517,0.1724137931034483,7.648384168744087
tfnbs,"e=1.5,h=8.0,n=30,start_thres=1.25",hub,0.25,30,6,40,1730,24,5,16,1725,0.6,0.0028901734104046,0.8275862068965517,0.1724137931034483,7.648384168744087
tfnbs,"e=1.5,h=9.0,n=30,start_thres=1.25",hub,0.25,30,6,40,1730,23,4,17,1726,0.575,0.0023121387283236,0.8518518518518519,0.1481481481481481,7.648384168744087
tfnbs,"e=1.5,h=10.0,n=30,start_thres=1.25",hub,0.25,30,6,40,1730,23,1,17,1729,0.575,0.0005780346820809,0.9583333333333334,0.0416666666666666,7.648384168744087
tfnbs,"e=0.05,h=0.5,n=30,start_thres=1.25",hub,0.25,30,13,40,1730,6,0,34,1730,0.15,0.0,1.0,0.0,7.572483232075518
tfnbs,"e=0.05,h=1.0,n=30,start_thres=1.25",hub,0.25,30,13,40,1730,6,0,34,1730,0.15,0.0,1.0,0.0,7.572483232075518
tfnbs,"e=0.05,h=2.0,n=30,start_thres=1.25",hub,0.25,30,13,40,1730,6,0,34,1730,0.15,0.0,1.0,0.0,7.572483232075518
tfnbs,"e=0.05,h=3.0,n=30,start_thres=1.25",hub,0.25,30,13,40,1730,6,0,34,1730,0.15,0.0,1.0,0.0,7.572483232075518
tfnbs,"e=0.05,h=4.0,n=30,start_thres=1.25",hub,0.25,30,13,40,1730,4,0,36,1730,0.1,0.0,1.0,0.0,7.572483232075518
tfnbs,"e=0.05,h=5.0,n=30,start_thres=1.25",hub,0.25,30,13,40,1730,4,0,36,1730,0.1,0.0,1.0,0.0,7.572483232075518
tfnbs,"e=0.05,h=6.0,n=30,start_thres=1.25",hub,0.25,30,13,40,1730,4,0,36,1730,0.1,0.0,1.0,0.0,7.572483232075518
tfnbs,"e=0.05,h=7.0,n=30,start_thres=1.25",hub,0.25,30,13,40,1730,4,0,36,1730,0.1,0.0,1.0,0.0,7.572483232075518
tfnbs,"e=0.05,h=8.0,n=30,start_thres=1.25",hub,0.25,30,13,40,1730,4,0,36,1730,0.1,0.0,1.0,0.0,7.572483232075518
tfnbs,"e=0.05,h=9.0,n=30,start_thres=1.25",hub,0.25,30,13,40,1730,4,0,36,1730,0.1,0.0,1.0,0.0,7.572483232075518
tfnbs,"e=0.05,h=10.0,n=30,start_thres=1.25",hub,0.25,30,13,40,1730,4,0,36,1730,0.1,0.0,1.0,0.0,7.572483232075518
tfnbs,"e=0.1,h=0.5,n=30,start_thres=1.25",hub,0.25,30,13,40,1730,6,0,34,1730,0.15,0.0,1.0,0.0,7.572483232075518
tfnbs,"e=0.1,h=1.0,n=30,start_thres=1.25",hub,0.25,30,13,40,1730,6,0,34,1730,0.15,0.0,1.0,0.0,7.572483232075518
tfnbs,"e=0.1,h=2.0,n=30,start_thres=1.25",hub,0.25,30,13,40,1730,6,0,34,1730,0.15,0.0,1.0,0.0,7.572483232075518
tfnbs,"e=0.1,h=3.0,n=30,start_thres=1.25",hub,0.25,30,13,40,1730,6,0,34,1730,0.15,0.0,1.0,0.0,7.572483232075518
tfnbs,"e=0.1,h=4.0,n=30,start_thres=1.25",hub,0.25,30,13,40,1730,6,0,34,1730,0.15,0.0,1.0,0.0,7.572483232075518
tfnbs,"e=0.1,h=5.0,n=30,start_thres=1.25",hub,0.25,30,13,40,1730,6,0,34,1730,0.15,0.0,1.0,0.0,7.572483232075518
tfnbs,"e=0.1,h=6.0,n=30,start_thres=1.25",hub,0.25,30,13,40,1730,6,0,34,1730,0.15,0.0,1.0,0.0,7.572483232075518
tfnbs,"e=0.1,h=7.0,n=30,start_thres=1.25",hub,0.25,30,13,40,1730,6,0,34,1730,0.15,0.0,1.0,0.0,7.572483232075518
tfnbs,"e=0.1,h=8.0,n=30,start_thres=1.25",hub,0.25,30,13,40,1730,4,0,36,1730,0.1,0.0,1.0,0.0,7.572483232075518
tfnbs,"e=0.1,h=9.0,n=30,start_thres=1.25",hub,0.25,30,13,40,1730,4,0,36,1730,0.1,0.0,1.0,0.0,7.572483232075518
tfnbs,"e=0.1,h=10.0,n=30,start_thres=1.25",hub,0.25,30,13,40,1730,4,0,36,1730,0.1,0.0,1.0,0.0,7.572483232075518
tfnbs,"e=0.2,h=0.5,n=30,start_thres=1.25",hub,0.25,30,13,40,1730,12,4,28,1726,0.3,0.0023121387283236,0.75,0.25,7.572483232075518
tfnbs,"e=0.2,h=1.0,n=30,start_thres=1.25",hub,0.25,30,13,40,1730,10,2,30,1728,0.25,0.0011560693641618,0.8333333333333334,0.1666666666666666,7.572483232075518
tfnbs,"e=0.2,h=2.0,n=30,start_thres=1.25",hub,0.25,30,13,40,1730,9,0,31,1730,0.225,0.0,1.0,0.0,7.572483232075518
tfnbs,"e=0.2,h=3.0,n=30,start_thres=1.25",hub,0.25,30,13,40,1730,6,0,34,1730,0.15,0.0,1.0,0.0,7.572483232075518
tfnbs,"e=0.2,h=4.0,n=30,start_thres=1.25",hub,0.25,30,13,40,1730,6,0,34,1730,0.15,0.0,1.0,0.0,7.572483232075518
tfnbs,"e=0.2,h=5.0,n=30,start_thres=1.25",hub,0.25,30,13,40,1730,6,0,34,1730,0.15,0.0,1.0,0.0,7.572483232075518
tfnbs,"e=0.2,h=6.0,n=30,start_thres=1.25",hub,0.25,30,13,40,1730,6,0,34,1730,0.15,0.0,1.0,0.0,7.572483232075518
tfnbs,"e=0.2,h=7.0,n=30,start_thres=1.25",hub,0.25,30,13,40,1730,6,0,34,1730,0.15,0.0,1.0,0.0,7.572483232075518
tfnbs,"e=0.2,h=8.0,n=30,start_thres=1.25",hub,0.25,30,13,40,1730,6,0,34,1730,0.15,0.0,1.0,0.0,7.572483232075518
tfnbs,"e=0.2,h=9.0,n=30,start_thres=1.25",hub,0.25,30,13,40,1730,6,0,34,1730,0.15,0.0,1.0,0.0,7.572483232075518
tfnbs,"e=0.2,h=10.0,n=30,start_thres=1.25",hub,0.25,30,13,40,1730,6,0,34,1730,0.15,0.0,1.0,0.0,7.572483232075518
tfnbs,"e=0.3,h=0.5,n=30,start_thres=1.25",hub,0.25,30,13,40,1730,18,4,22,1726,0.45,0.0023121387283236,0.8181818181818182,0.1818181818181818,7.572483232075518
tfnbs,"e=0.3,h=1.0,n=30,start_thres=1.25",hub,0.25,30,13,40,1730,18,4,22,1726,0.45,0.0023121387283236,0.8181818181818182,0.1818181818181818,7.572483232075518
tfnbs,"e=0.3,h=2.0,n=30,start_thres=1.25",hub,0.25,30,13,40,1730,12,4,28,1726,0.3,0.0023121387283236,0.75,0.25,7.572483232075518
tfnbs,"e=0.3,h=3.0,n=30,start_thres=1.25",hub,0.25,30,13,40,1730,10,2,30,1728,0.25,0.0011560693641618,0.8333333333333334,0.1666666666666666,7.572483232075518
tfnbs,"e=0.3,h=4.0,n=30,start_thres=1.25",hub,0.25,30,13,40,1730,9,0,31,1730,0.225,0.0,1.0,0.0,7.572483232075518
tfnbs,"e=0.3,h=5.0,n=30,start_thres=1.25",hub,0.25,30,13,40,1730,8,0,32,1730,0.2,0.0,1.0,0.0,7.572483232075518
tfnbs,"e=0.3,h=6.0,n=30,start_thres=1.25",hub,0.25,30,13,40,1730,6,0,34,1730,0.15,0.0,1.0,0.0,7.572483232075518
tfnbs,"e=0.3,h=7.0,n=30,start_thres=1.25",hub,0.25,30,13,40,1730,6,0,34,1730,0.15,0.0,1.0,0.0,7.572483232075518
tfnbs,"e=0.3,h=8.0,n=30,start_thres=1.25",hub,0.25,30,13,40,1730,6,0,34,1730,0.15,0.0,1.0,0.0,7.572483232075518
tfnbs,"e=0.3,h=9.0,n=30,start_thres=1.25",hub,0.25,30,13,40,1730,6,0,34,1730,0.15,0.0,1.0,0.0,7.572483232075518
tfnbs,"e=0.3,h=10.0,n=30,start_thres=1.25",hub,0.25,30,13,40,1730,6,0,34,1730,0.15,0.0,1.0,0.0,7.572483232075518
tfnbs,"e=0.4,h=0.5,n=30,start_thres=1.25",hub,0.25,30,13,40,1730,24,9,16,1721,0.6,0.0052023121387283,0.7272727272727273,0.2727272727272727,7.572483232075518
tfnbs,"e=0.4,h=1.0,n=30,start_thres=1.25",hub,0.25,30,13,40,1730,24,9,16,1721,0.6,0.0052023121387283,0.7272727272727273,0.2727272727272727,7.572483232075518
tfnbs,"e=0.4,h=2.0,n=30,start_thres=1.25",hub,0.25,30,13,40,1730,18,4,22,1726,0.45,0.0023121387283236,0.8181818181818182,0.1818181818181818,7.572483232075518
tfnbs,"e=0.4,h=3.0,n=30,start_thres=1.25",hub,0.25,30,13,40,1730,13,4,27,1726,0.325,0.0023121387283236,0.7647058823529411,0.2352941176470588,7.572483232075518
tfnbs,"e=0.4,h=4.0,n=30,start_thres=1.25",hub,0.25,30,13,40,1730,12,3,28,1727,0.3,0.0017341040462427,0.8,0.2,7.572483232075518
tfnbs,"e=0.4,h=5.0,n=30,start_thres=1.25",hub,0.25,30,13,40,1730,10,2,30,1728,0.25,0.0011560693641618,0.8333333333333334,0.1666666666666666,7.572483232075518
tfnbs,"e=0.4,h=6.0,n=30,start_thres=1.25",hub,0.25,30,13,40,1730,9,0,31,1730,0.225,0.0,1.0,0.0,7.572483232075518
tfnbs,"e=0.4,h=7.0,n=30,start_thres=1.25",hub,0.25,30,13,40,1730,8,0,32,1730,0.2,0.0,1.0,0.0,7.572483232075518
tfnbs,"e=0.4,h=8.0,n=30,start_thres=1.25",hub,0.25,30,13,40,1730,6,0,34,1730,0.15,0.0,1.0,0.0,7.572483232075518
tfnbs,"e=0.4,h=9.0,n=30,start_thres=1.25",hub,0.25,30,13,40,1730,6,0,34,1730,0.15,0.0,1.0,0.0,7.572483232075518
tfnbs,"e=0.4,h=10.0,n=30,start_thres=1.25",hub,0.25,30,13,40,1730,6,0,34,1730,0.15,0.0,1.0,0.0,7.572483232075518
tfnbs,"e=0.5,h=0.5,n=30,start_thres=1.25",hub,0.25,30,13,40,1730,28,11,12,1719,0.7,0.0063583815028901,0.717948717948718,0.282051282051282,7.572483232075518
tfnbs,"e=0.5,h=1.0,n=30,start_thres=1.25",hub,0.25,30,13,40,1730,25,9,15,1721,0.625,0.0052023121387283,0.7352941176470589,0.2647058823529412,7.572483232075518
tfnbs,"e=0.5,h=2.0,n=30,start_thres=1.25",hub,0.25,30,13,40,1730,24,9,16,1721,0.6,0.0052023121387283,0.7272727272727273,0.2727272727272727,7.572483232075518
tfnbs,"e=0.5,h=3.0,n=30,start_thres=1.25",hub,0.25,30,13,40,1730,20,6,20,1724,0.5,0.0034682080924855,0.7692307692307693,0.2307692307692307,7.572483232075518
tfnbs,"e=0.5,h=4.0,n=30,start_thres=1.25",hub,0.25,30,13,40,1730,18,4,22,1726,0.45,0.0023121387283236,0.8181818181818182,0.1818181818181818,7.572483232075518
tfnbs,"e=0.5,h=5.0,n=30,start_thres=1.25",hub,0.25,30,13,40,1730,12,3,28,1727,0.3,0.0017341040462427,0.8,0.2,7.572483232075518
tfnbs,"e=0.5,h=6.0,n=30,start_thres=1.25",hub,0.25,30,13,40,1730,10,2,30,1728,0.25,0.0011560693641618,0.8333333333333334,0.1666666666666666,7.572483232075518
tfnbs,"e=0.5,h=7.0,n=30,start_thres=1.25",hub,0.25,30,13,40,1730,9,0,31,1730,0.225,0.0,1.0,0.0,7.572483232075518
tfnbs,"e=0.5,h=8.0,n=30,start_thres=1.25",hub,0.25,30,13,40,1730,8,0,32,1730,0.2,0.0,1.0,0.0,7.572483232075518
tfnbs,"e=0.5,h=9.0,n=30,start_thres=1.25",hub,0.25,30,13,40,1730,8,0,32,1730,0.2,0.0,1.0,0.0,7.572483232075518
tfnbs,"e=0.5,h=10.0,n=30,start_thres=1.25",hub,0.25,30,13,40,1730,6,0,34,1730,0.15,0.0,1.0,0.0,7.572483232075518
tfnbs,"e=0.6,h=0.5,n=30,start_thres=1.25",hub,0.25,30,13,40,1730,29,16,11,1714,0.725,0.0092485549132947,0.6444444444444445,0.3555555555555555,7.572483232075518
tfnbs,"e=0.6,h=1.0,n=30,start_thres=1.25",hub,0.25,30,13,40,1730,29,16,11,1714,0.725,0.0092485549132947,0.6444444444444445,0.3555555555555555,7.572483232075518
tfnbs,"e=0.6,h=2.0,n=30,start_thres=1.25",hub,0.25,30,13,40,1730,28,11,12,1719,0.7,0.0063583815028901,0.717948717948718,0.282051282051282,7.572483232075518
tfnbs,"e=0.6,h=3.0,n=30,start_thres=1.25",hub,0.25,30,13,40,1730,25,9,15,1721,0.625,0.0052023121387283,0.7352941176470589,0.2647058823529412,7.572483232075518
tfnbs,"e=0.6,h=4.0,n=30,start_thres=1.25",hub,0.25,30,13,40,1730,20,6,20,1724,0.5,0.0034682080924855,0.7692307692307693,0.2307692307692307,7.572483232075518
tfnbs,"e=0.6,h=5.0,n=30,start_thres=1.25",hub,0.25,30,13,40,1730,18,4,22,1726,0.45,0.0023121387283236,0.8181818181818182,0.1818181818181818,7.572483232075518
tfnbs,"e=0.6,h=6.0,n=30,start_thres=1.25",hub,0.25,30,13,40,1730,13,3,27,1727,0.325,0.0017341040462427,0.8125,0.1875,7.572483232075518
tfnbs,"e=0.6,h=7.0,n=30,start_thres=1.25",hub,0.25,30,13,40,1730,12,3,28,1727,0.3,0.0017341040462427,0.8,0.2,7.572483232075518
tfnbs,"e=0.6,h=8.0,n=30,start_thres=1.25",hub,0.25,30,13,40,1730,10,2,30,1728,0.25,0.0011560693641618,0.8333333333333334,0.1666666666666666,7.572483232075518
tfnbs,"e=0.6,h=9.0,n=30,start_thres=1.25",hub,0.25,30,13,40,1730,9,0,31,1730,0.225,0.0,1.0,0.0,7.572483232075518
tfnbs,"e=0.6,h=10.0,n=30,start_thres=1.25",hub,0.25,30,13,40,1730,8,0,32,1730,0.2,0.0,1.0,0.0,7.572483232075518
tfnbs,"e=0.7,h=0.5,n=30,start_thres=1.25",hub,0.25,30,13,40,1730,29,21,11,1709,0.725,0.0121387283236994,0.58,0.42,7.572483232075518
tfnbs,"e=0.7,h=1.0,n=30,start_thres=1.25",hub,0.25,30,13,40,1730,29,21,11,1709,0.725,0.0121387283236994,0.58,0.42,7.572483232075518
tfnbs,"e=0.7,h=2.0,n=30,start_thres=1.25",hub,0.25,30,13,40,1730,29,16,11,1714,0.725,0.0092485549132947,0.6444444444444445,0.3555555555555555,7.572483232075518
tfnbs,"e=0.7,h=3.0,n=30,start_thres=1.25",hub,0.25,30,13,40,1730,28,11,12,1719,0.7,0.0063583815028901,0.717948717948718,0.282051282051282,7.572483232075518
tfnbs,"e=0.7,h=4.0,n=30,start_thres=1.25",hub,0.25,30,13,40,1730,25,9,15,1721,0.625,0.0052023121387283,0.7352941176470589,0.2647058823529412,7.572483232075518
tfnbs,"e=0.7,h=5.0,n=30,start_thres=1.25",hub,0.25,30,13,40,1730,24,9,16,1721,0.6,0.0052023121387283,0.7272727272727273,0.2727272727272727,7.572483232075518
tfnbs,"e=0.7,h=6.0,n=30,start_thres=1.25",hub,0.25,30,13,40,1730,18,4,22,1726,0.45,0.0023121387283236,0.8181818181818182,0.1818181818181818,7.572483232075518
tfnbs,"e=0.7,h=7.0,n=30,start_thres=1.25",hub,0.25,30,13,40,1730,13,4,27,1726,0.325,0.0023121387283236,0.7647058823529411,0.2352941176470588,7.572483232075518
tfnbs,"e=0.7,h=8.0,n=30,start_thres=1.25",hub,0.25,30,13,40,1730,12,3,28,1727,0.3,0.0017341040462427,0.8,0.2,7.572483232075518
tfnbs,"e=0.7,h=9.0,n=30,start_thres=1.25",hub,0.25,30,13,40,1730,10,2,30,1728,0.25,0.0011560693641618,0.8333333333333334,0.1666666666666666,7.572483232075518
tfnbs,"e=0.7,h=10.0,n=30,start_thres=1.25",hub,0.25,30,13,40,1730,9,0,31,1730,0.225,0.0,1.0,0.0,7.572483232075518
tfnbs,"e=0.8,h=0.5,n=30,start_thres=1.25",hub,0.25,30,13,40,1730,31,26,9,1704,0.775,0.015028901734104,0.543859649122807,0.4561403508771929,7.572483232075518
tfnbs,"e=0.8,h=1.0,n=30,start_thres=1.25",hub,0.25,30,13,40,1730,29,21,11,1709,0.725,0.0121387283236994,0.58,0.42,7.572483232075518
tfnbs,"e=0.8,h=2.0,n=30,start_thres=1.25",hub,0.25,30,13,40,1730,29,21,11,1709,0.725,0.0121387283236994,0.58,0.42,7.572483232075518
tfnbs,"e=0.8,h=3.0,n=30,start_thres=1.25",hub,0.25,30,13,40,1730,29,16,11,1714,0.725,0.0092485549132947,0.6444444444444445,0.3555555555555555,7.572483232075518
tfnbs,"e=0.8,h=4.0,n=30,start_thres=1.25",hub,0.25,30,13,40,1730,28,11,12,1719,0.7,0.0063583815028901,0.717948717948718,0.282051282051282,7.572483232075518
tfnbs,"e=0.8,h=5.0,n=30,start_thres=1.25",hub,0.25,30,13,40,1730,25,9,15,1721,0.625,0.0052023121387283,0.7352941176470589,0.2647058823529412,7.572483232075518
tfnbs,"e=0.8,h=6.0,n=30,start_thres=1.25",hub,0.25,30,13,40,1730,24,9,16,1721,0.6,0.0052023121387283,0.7272727272727273,0.2727272727272727,7.572483232075518
tfnbs,"e=0.8,h=7.0,n=30,start_thres=1.25",hub,0.25,30,13,40,1730,18,4,22,1726,0.45,0.0023121387283236,0.8181818181818182,0.1818181818181818,7.572483232075518
tfnbs,"e=0.8,h=8.0,n=30,start_thres=1.25",hub,0.25,30,13,40,1730,13,3,27,1727,0.325,0.0017341040462427,0.8125,0.1875,7.572483232075518
tfnbs,"e=0.8,h=9.0,n=30,start_thres=1.25",hub,0.25,30,13,40,1730,12,3,28,1727,0.3,0.0017341040462427,0.8,0.2,7.572483232075518
tfnbs,"e=0.8,h=10.0,n=30,start_thres=1.25",hub,0.25,30,13,40,1730,10,2,30,1728,0.25,0.0011560693641618,0.8333333333333334,0.1666666666666666,7.572483232075518
tfnbs,"e=0.9,h=0.5,n=30,start_thres=1.25",hub,0.25,30,13,40,1730,31,26,9,1704,0.775,0.015028901734104,0.543859649122807,0.4561403508771929,7.572483232075518
tfnbs,"e=0.9,h=1.0,n=30,start_thres=1.25",hub,0.25,30,13,40,1730,31,26,9,1704,0.775,0.015028901734104,0.543859649122807,0.4561403508771929,7.572483232075518
tfnbs,"e=0.9,h=2.0,n=30,start_thres=1.25",hub,0.25,30,13,40,1730,29,21,11,1709,0.725,0.0121387283236994,0.58,0.42,7.572483232075518
tfnbs,"e=0.9,h=3.0,n=30,start_thres=1.25",hub,0.25,30,13,40,1730,29,21,11,1709,0.725,0.0121387283236994,0.58,0.42,7.572483232075518
tfnbs,"e=0.9,h=4.0,n=30,start_thres=1.25",hub,0.25,30,13,40,1730,29,16,11,1714,0.725,0.0092485549132947,0.6444444444444445,0.3555555555555555,7.572483232075518
tfnbs,"e=0.9,h=5.0,n=30,start_thres=1.25",hub,0.25,30,13,40,1730,28,11,12,1719,0.7,0.0063583815028901,0.717948717948718,0.282051282051282,7.572483232075518
tfnbs,"e=0.9,h=6.0,n=30,start_thres=1.25",hub,0.25,30,13,40,1730,25,9,15,1721,0.625,0.0052023121387283,0.7352941176470589,0.2647058823529412,7.572483232075518
tfnbs,"e=0.9,h=7.0,n=30,start_thres=1.25",hub,0.25,30,13,40,1730,24,9,16,1721,0.6,0.0052023121387283,0.7272727272727273,0.2727272727272727,7.572483232075518
tfnbs,"e=0.9,h=8.0,n=30,start_thres=1.25",hub,0.25,30,13,40,1730,20,6,20,1724,0.5,0.0034682080924855,0.7692307692307693,0.2307692307692307,7.572483232075518
tfnbs,"e=0.9,h=9.0,n=30,start_thres=1.25",hub,0.25,30,13,40,1730,13,3,27,1727,0.325,0.0017341040462427,0.8125,0.1875,7.572483232075518
tfnbs,"e=0.9,h=10.0,n=30,start_thres=1.25",hub,0.25,30,13,40,1730,12,3,28,1727,0.3,0.0017341040462427,0.8,0.2,7.572483232075518
tfnbs,"e=1.0,h=0.5,n=30,start_thres=1.25",hub,0.25,30,13,40,1730,33,41,7,1689,0.825,0.0236994219653179,0.4459459459459459,0.5540540540540541,7.572483232075518
tfnbs,"e=1.0,h=1.0,n=30,start_thres=1.25",hub,0.25,30,13,40,1730,33,41,7,1689,0.825,0.0236994219653179,0.4459459459459459,0.5540540540540541,7.572483232075518
tfnbs,"e=1.0,h=2.0,n=30,start_thres=1.25",hub,0.25,30,13,40,1730,31,26,9,1704,0.775,0.015028901734104,0.543859649122807,0.4561403508771929,7.572483232075518
tfnbs,"e=1.0,h=3.0,n=30,start_thres=1.25",hub,0.25,30,13,40,1730,31,26,9,1704,0.775,0.015028901734104,0.543859649122807,0.4561403508771929,7.572483232075518
tfnbs,"e=1.0,h=4.0,n=30,start_thres=1.25",hub,0.25,30,13,40,1730,29,21,11,1709,0.725,0.0121387283236994,0.58,0.42,7.572483232075518
tfnbs,"e=1.0,h=5.0,n=30,start_thres=1.25",hub,0.25,30,13,40,1730,29,16,11,1714,0.725,0.0092485549132947,0.6444444444444445,0.3555555555555555,7.572483232075518
tfnbs,"e=1.0,h=6.0,n=30,start_thres=1.25",hub,0.25,30,13,40,1730,28,11,12,1719,0.7,0.0063583815028901,0.717948717948718,0.282051282051282,7.572483232075518
tfnbs,"e=1.0,h=7.0,n=30,start_thres=1.25",hub,0.25,30,13,40,1730,25,9,15,1721,0.625,0.0052023121387283,0.7352941176470589,0.2647058823529412,7.572483232075518
tfnbs,"e=1.0,h=8.0,n=30,start_thres=1.25",hub,0.25,30,13,40,1730,24,9,16,1721,0.6,0.0052023121387283,0.7272727272727273,0.2727272727272727,7.572483232075518
tfnbs,"e=1.0,h=9.0,n=30,start_thres=1.25",hub,0.25,30,13,40,1730,20,6,20,1724,0.5,0.0034682080924855,0.7692307692307693,0.2307692307692307,7.572483232075518
tfnbs,"e=1.0,h=10.0,n=30,start_thres=1.25",hub,0.25,30,13,40,1730,18,3,22,1727,0.45,0.0017341040462427,0.8571428571428571,0.1428571428571428,7.572483232075518
tfnbs,"e=1.1,h=0.5,n=30,start_thres=1.25",hub,0.25,30,13,40,1730,33,41,7,1689,0.825,0.0236994219653179,0.4459459459459459,0.5540540540540541,7.572483232075518
tfnbs,"e=1.1,h=1.0,n=30,start_thres=1.25",hub,0.25,30,13,40,1730,33,41,7,1689,0.825,0.0236994219653179,0.4459459459459459,0.5540540540540541,7.572483232075518
tfnbs,"e=1.1,h=2.0,n=30,start_thres=1.25",hub,0.25,30,13,40,1730,33,41,7,1689,0.825,0.0236994219653179,0.4459459459459459,0.5540540540540541,7.572483232075518
tfnbs,"e=1.1,h=3.0,n=30,start_thres=1.25",hub,0.25,30,13,40,1730,31,26,9,1704,0.775,0.015028901734104,0.543859649122807,0.4561403508771929,7.572483232075518
tfnbs,"e=1.1,h=4.0,n=30,start_thres=1.25",hub,0.25,30,13,40,1730,31,26,9,1704,0.775,0.015028901734104,0.543859649122807,0.4561403508771929,7.572483232075518
tfnbs,"e=1.1,h=5.0,n=30,start_thres=1.25",hub,0.25,30,13,40,1730,29,21,11,1709,0.725,0.0121387283236994,0.58,0.42,7.572483232075518
tfnbs,"e=1.1,h=6.0,n=30,start_thres=1.25",hub,0.25,30,13,40,1730,29,16,11,1714,0.725,0.0092485549132947,0.6444444444444445,0.3555555555555555,7.572483232075518
tfnbs,"e=1.1,h=7.0,n=30,start_thres=1.25",hub,0.25,30,13,40,1730,28,11,12,1719,0.7,0.0063583815028901,0.717948717948718,0.282051282051282,7.572483232075518
tfnbs,"e=1.1,h=8.0,n=30,start_thres=1.25",hub,0.25,30,13,40,1730,25,9,15,1721,0.625,0.0052023121387283,0.7352941176470589,0.2647058823529412,7.572483232075518
tfnbs,"e=1.1,h=9.0,n=30,start_thres=1.25",hub,0.25,30,13,40,1730,24,9,16,1721,0.6,0.0052023121387283,0.7272727272727273,0.2727272727272727,7.572483232075518
tfnbs,"e=1.1,h=10.0,n=30,start_thres=1.25",hub,0.25,30,13,40,1730,20,6,20,1724,0.5,0.0034682080924855,0.7692307692307693,0.2307692307692307,7.572483232075518
tfnbs,"e=1.2,h=0.5,n=30,start_thres=1.25",hub,0.25,30,13,40,1730,33,41,7,1689,0.825,0.0236994219653179,0.4459459459459459,0.5540540540540541,7.572483232075518
tfnbs,"e=1.2,h=1.0,n=30,start_thres=1.25",hub,0.25,30,13,40,1730,33,41,7,1689,0.825,0.0236994219653179,0.4459459459459459,0.5540540540540541,7.572483232075518
tfnbs,"e=1.2,h=2.0,n=30,start_thres=1.25",hub,0.25,30,13,40,1730,33,41,7,1689,0.825,0.0236994219653179,0.4459459459459459,0.5540540540540541,7.572483232075518
tfnbs,"e=1.2,h=3.0,n=30,start_thres=1.25",hub,0.25,30,13,40,1730,33,41,7,1689,0.825,0.0236994219653179,0.4459459459459459,0.5540540540540541,7.572483232075518
tfnbs,"e=1.2,h=4.0,n=30,start_thres=1.25",hub,0.25,30,13,40,1730,31,26,9,1704,0.775,0.015028901734104,0.543859649122807,0.4561403508771929,7.572483232075518
tfnbs,"e=1.2,h=5.0,n=30,start_thres=1.25",hub,0.25,30,13,40,1730,31,26,9,1704,0.775,0.015028901734104,0.543859649122807,0.4561403508771929,7.572483232075518
tfnbs,"e=1.2,h=6.0,n=30,start_thres=1.25",hub,0.25,30,13,40,1730,29,21,11,1709,0.725,0.0121387283236994,0.58,0.42,7.572483232075518
tfnbs,"e=1.2,h=7.0,n=30,start_thres=1.25",hub,0.25,30,13,40,1730,29,16,11,1714,0.725,0.0092485549132947,0.6444444444444445,0.3555555555555555,7.572483232075518
tfnbs,"e=1.2,h=8.0,n=30,start_thres=1.25",hub,0.25,30,13,40,1730,28,11,12,1719,0.7,0.0063583815028901,0.717948717948718,0.282051282051282,7.572483232075518
tfnbs,"e=1.2,h=9.0,n=30,start_thres=1.25",hub,0.25,30,13,40,1730,25,9,15,1721,0.625,0.0052023121387283,0.7352941176470589,0.2647058823529412,7.572483232075518
tfnbs,"e=1.2,h=10.0,n=30,start_thres=1.25",hub,0.25,30,13,40,1730,24,9,16,1721,0.6,0.0052023121387283,0.7272727272727273,0.2727272727272727,7.572483232075518
tfnbs,"e=1.3,h=0.5,n=30,start_thres=1.25",hub,0.25,30,13,40,1730,35,53,5,1677,0.875,0.030635838150289,0.3977272727272727,0.6022727272727273,7.572483232075518
tfnbs,"e=1.3,h=1.0,n=30,start_thres=1.25",hub,0.25,30,13,40,1730,35,53,5,1677,0.875,0.030635838150289,0.3977272727272727,0.6022727272727273,7.572483232075518
tfnbs,"e=1.3,h=2.0,n=30,start_thres=1.25",hub,0.25,30,13,40,1730,33,41,7,1689,0.825,0.0236994219653179,0.4459459459459459,0.5540540540540541,7.572483232075518
tfnbs,"e=1.3,h=3.0,n=30,start_thres=1.25",hub,0.25,30,13,40,1730,33,41,7,1689,0.825,0.0236994219653179,0.4459459459459459,0.5540540540540541,7.572483232075518
tfnbs,"e=1.3,h=4.0,n=30,start_thres=1.25",hub,0.25,30,13,40,1730,33,41,7,1689,0.825,0.0236994219653179,0.4459459459459459,0.5540540540540541,7.572483232075518
tfnbs,"e=1.3,h=5.0,n=30,start_thres=1.25",hub,0.25,30,13,40,1730,31,26,9,1704,0.775,0.015028901734104,0.543859649122807,0.4561403508771929,7.572483232075518
tfnbs,"e=1.3,h=6.0,n=30,start_thres=1.25",hub,0.25,30,13,40,1730,29,21,11,1709,0.725,0.0121387283236994,0.58,0.42,7.572483232075518
tfnbs,"e=1.3,h=7.0,n=30,start_thres=1.25",hub,0.25,30,13,40,1730,29,21,11,1709,0.725,0.0121387283236994,0.58,0.42,7.572483232075518
tfnbs,"e=1.3,h=8.0,n=30,start_thres=1.25",hub,0.25,30,13,40,1730,29,16,11,1714,0.725,0.0092485549132947,0.6444444444444445,0.3555555555555555,7.572483232075518
tfnbs,"e=1.3,h=9.0,n=30,start_thres=1.25",hub,0.25,30,13,40,1730,28,11,12,1719,0.7,0.0063583815028901,0.717948717948718,0.282051282051282,7.572483232075518
tfnbs,"e=1.3,h=10.0,n=30,start_thres=1.25",hub,0.25,30,13,40,1730,25,9,15,1721,0.625,0.0052023121387283,0.7352941176470589,0.2647058823529412,7.572483232075518
tfnbs,"e=1.4,h=0.5,n=30,start_thres=1.25",hub,0.25,30,13,40,1730,35,53,5,1677,0.875,0.030635838150289,0.3977272727272727,0.6022727272727273,7.572483232075518
tfnbs,"e=1.4,h=1.0,n=30,start_thres=1.25",hub,0.25,30,13,40,1730,35,53,5,1677,0.875,0.030635838150289,0.3977272727272727,0.6022727272727273,7.572483232075518
tfnbs,"e=1.4,h=2.0,n=30,start_thres=1.25",hub,0.25,30,13,40,1730,35,53,5,1677,0.875,0.030635838150289,0.3977272727272727,0.6022727272727273,7.572483232075518
tfnbs,"e=1.4,h=3.0,n=30,start_thres=1.25",hub,0.25,30,13,40,1730,33,41,7,1689,0.825,0.0236994219653179,0.4459459459459459,0.5540540540540541,7.572483232075518
tfnbs,"e=1.4,h=4.0,n=30,start_thres=1.25",hub,0.25,30,13,40,1730,33,41,7,1689,0.825,0.0236994219653179,0.4459459459459459,0.5540540540540541,7.572483232075518
tfnbs,"e=1.4,h=5.0,n=30,start_thres=1.25",hub,0.25,30,13,40,1730,33,41,7,1689,0.825,0.0236994219653179,0.4459459459459459,0.5540540540540541,7.572483232075518
tfnbs,"e=1.4,h=6.0,n=30,start_thres=1.25",hub,0.25,30,13,40,1730,31,26,9,1704,0.775,0.015028901734104,0.543859649122807,0.4561403508771929,7.572483232075518
tfnbs,"e=1.4,h=7.0,n=30,start_thres=1.25",hub,0.25,30,13,40,1730,29,21,11,1709,0.725,0.0121387283236994,0.58,0.42,7.572483232075518
tfnbs,"e=1.4,h=8.0,n=30,start_thres=1.25",hub,0.25,30,13,40,1730,29,21,11,1709,0.725,0.0121387283236994,0.58,0.42,7.572483232075518
tfnbs,"e=1.4,h=9.0,n=30,start_thres=1.25",hub,0.25,30,13,40,1730,29,16,11,1714,0.725,0.0092485549132947,0.6444444444444445,0.3555555555555555,7.572483232075518
tfnbs,"e=1.4,h=10.0,n=30,start_thres=1.25",hub,0.25,30,13,40,1730,28,11,12,1719,0.7,0.0063583815028901,0.717948717948718,0.282051282051282,7.572483232075518
tfnbs,"e=1.5,h=0.5,n=30,start_thres=1.25",hub,0.25,30,13,40,1730,35,53,5,1677,0.875,0.030635838150289,0.3977272727272727,0.6022727272727273,7.572483232075518
tfnbs,"e=1.5,h=1.0,n=30,start_thres=1.25",hub,0.25,30,13,40,1730,35,53,5,1677,0.875,0.030635838150289,0.3977272727272727,0.6022727272727273,7.572483232075518
tfnbs,"e=1.5,h=2.0,n=30,start_thres=1.25",hub,0.25,30,13,40,1730,35,53,5,1677,0.875,0.030635838150289,0.3977272727272727,0.6022727272727273,7.572483232075518
tfnbs,"e=1.5,h=3.0,n=30,start_thres=1.25",hub,0.25,30,13,40,1730,35,53,5,1677,0.875,0.030635838150289,0.3977272727272727,0.6022727272727273,7.572483232075518
tfnbs,"e=1.5,h=4.0,n=30,start_thres=1.25",hub,0.25,30,13,40,1730,33,41,7,1689,0.825,0.0236994219653179,0.4459459459459459,0.5540540540540541,7.572483232075518
tfnbs,"e=1.5,h=5.0,n=30,start_thres=1.25",hub,0.25,30,13,40,1730,33,41,7,1689,0.825,0.0236994219653179,0.4459459459459459,0.5540540540540541,7.572483232075518
tfnbs,"e=1.5,h=6.0,n=30,start_thres=1.25",hub,0.25,30,13,40,1730,33,41,7,1689,0.825,0.0236994219653179,0.4459459459459459,0.5540540540540541,7.572483232075518
tfnbs,"e=1.5,h=7.0,n=30,start_thres=1.25",hub,0.25,30,13,40,1730,31,26,9,1704,0.775,0.015028901734104,0.543859649122807,0.4561403508771929,7.572483232075518
tfnbs,"e=1.5,h=8.0,n=30,start_thres=1.25",hub,0.25,30,13,40,1730,29,21,11,1709,0.725,0.0121387283236994,0.58,0.42,7.572483232075518
tfnbs,"e=1.5,h=9.0,n=30,start_thres=1.25",hub,0.25,30,13,40,1730,29,16,11,1714,0.725,0.0092485549132947,0.6444444444444445,0.3555555555555555,7.572483232075518
tfnbs,"e=1.5,h=10.0,n=30,start_thres=1.25",hub,0.25,30,13,40,1730,29,16,11,1714,0.725,0.0092485549132947,0.6444444444444445,0.3555555555555555,7.572483232075518
tfnbs,"e=0.05,h=0.5,n=30,start_thres=1.25",hub,0.25,30,28,40,1730,13,1,27,1729,0.325,0.0005780346820809,0.9285714285714286,0.0714285714285714,7.527172772721811
tfnbs,"e=0.05,h=1.0,n=30,start_thres=1.25",hub,0.25,30,28,40,1730,12,1,28,1729,0.3,0.0005780346820809,0.9230769230769232,0.0769230769230769,7.527172772721811
tfnbs,"e=0.05,h=2.0,n=30,start_thres=1.25",hub,0.25,30,28,40,1730,12,1,28,1729,0.3,0.0005780346820809,0.9230769230769232,0.0769230769230769,7.527172772721811
tfnbs,"e=0.05,h=3.0,n=30,start_thres=1.25",hub,0.25,30,28,40,1730,12,1,28,1729,0.3,0.0005780346820809,0.9230769230769232,0.0769230769230769,7.527172772721811
tfnbs,"e=0.05,h=4.0,n=30,start_thres=1.25",hub,0.25,30,28,40,1730,12,1,28,1729,0.3,0.0005780346820809,0.9230769230769232,0.0769230769230769,7.527172772721811
tfnbs,"e=0.05,h=5.0,n=30,start_thres=1.25",hub,0.25,30,28,40,1730,8,1,32,1729,0.2,0.0005780346820809,0.8888888888888888,0.1111111111111111,7.527172772721811
tfnbs,"e=0.05,h=6.0,n=30,start_thres=1.25",hub,0.25,30,28,40,1730,8,1,32,1729,0.2,0.0005780346820809,0.8888888888888888,0.1111111111111111,7.527172772721811
tfnbs,"e=0.05,h=7.0,n=30,start_thres=1.25",hub,0.25,30,28,40,1730,8,1,32,1729,0.2,0.0005780346820809,0.8888888888888888,0.1111111111111111,7.527172772721811
tfnbs,"e=0.05,h=8.0,n=30,start_thres=1.25",hub,0.25,30,28,40,1730,8,1,32,1729,0.2,0.0005780346820809,0.8888888888888888,0.1111111111111111,7.527172772721811
tfnbs,"e=0.05,h=9.0,n=30,start_thres=1.25",hub,0.25,30,28,40,1730,8,1,32,1729,0.2,0.0005780346820809,0.8888888888888888,0.1111111111111111,7.527172772721811
tfnbs,"e=0.05,h=10.0,n=30,start_thres=1.25",hub,0.25,30,28,40,1730,8,1,32,1729,0.2,0.0005780346820809,0.8888888888888888,0.1111111111111111,7.527172772721811
tfnbs,"e=0.1,h=0.5,n=30,start_thres=1.25",hub,0.25,30,28,40,1730,13,1,27,1729,0.325,0.0005780346820809,0.9285714285714286,0.0714285714285714,7.527172772721811
tfnbs,"e=0.1,h=1.0,n=30,start_thres=1.25",hub,0.25,30,28,40,1730,13,1,27,1729,0.325,0.0005780346820809,0.9285714285714286,0.0714285714285714,7.527172772721811
tfnbs,"e=0.1,h=2.0,n=30,start_thres=1.25",hub,0.25,30,28,40,1730,13,1,27,1729,0.325,0.0005780346820809,0.9285714285714286,0.0714285714285714,7.527172772721811
tfnbs,"e=0.1,h=3.0,n=30,start_thres=1.25",hub,0.25,30,28,40,1730,13,1,27,1729,0.325,0.0005780346820809,0.9285714285714286,0.0714285714285714,7.527172772721811
tfnbs,"e=0.1,h=4.0,n=30,start_thres=1.25",hub,0.25,30,28,40,1730,12,1,28,1729,0.3,0.0005780346820809,0.9230769230769232,0.0769230769230769,7.527172772721811
tfnbs,"e=0.1,h=5.0,n=30,start_thres=1.25",hub,0.25,30,28,40,1730,12,1,28,1729,0.3,0.0005780346820809,0.9230769230769232,0.0769230769230769,7.527172772721811
tfnbs,"e=0.1,h=6.0,n=30,start_thres=1.25",hub,0.25,30,28,40,1730,12,1,28,1729,0.3,0.0005780346820809,0.9230769230769232,0.0769230769230769,7.527172772721811
tfnbs,"e=0.1,h=7.0,n=30,start_thres=1.25",hub,0.25,30,28,40,1730,12,1,28,1729,0.3,0.0005780346820809,0.9230769230769232,0.0769230769230769,7.527172772721811
tfnbs,"e=0.1,h=8.0,n=30,start_thres=1.25",hub,0.25,30,28,40,1730,12,1,28,1729,0.3,0.0005780346820809,0.9230769230769232,0.0769230769230769,7.527172772721811
tfnbs,"e=0.1,h=9.0,n=30,start_thres=1.25",hub,0.25,30,28,40,1730,12,1,28,1729,0.3,0.0005780346820809,0.9230769230769232,0.0769230769230769,7.527172772721811
tfnbs,"e=0.1,h=10.0,n=30,start_thres=1.25",hub,0.25,30,28,40,1730,8,1,32,1729,0.2,0.0005780346820809,0.8888888888888888,0.1111111111111111,7.527172772721811
tfnbs,"e=0.2,h=0.5,n=30,start_thres=1.25",hub,0.25,30,28,40,1730,17,1,23,1729,0.425,0.0005780346820809,0.9444444444444444,0.0555555555555555,7.527172772721811
tfnbs,"e=0.2,h=1.0,n=30,start_thres=1.25",hub,0.25,30,28,40,1730,16,1,24,1729,0.4,0.0005780346820809,0.9411764705882352,0.0588235294117647,7.527172772721811
tfnbs,"e=0.2,h=2.0,n=30,start_thres=1.25",hub,0.25,30,28,40,1730,14,1,26,1729,0.35,0.0005780346820809,0.9333333333333332,0.0666666666666666,7.527172772721811
tfnbs,"e=0.2,h=3.0,n=30,start_thres=1.25",hub,0.25,30,28,40,1730,14,1,26,1729,0.35,0.0005780346820809,0.9333333333333332,0.0666666666666666,7.527172772721811
tfnbs,"e=0.2,h=4.0,n=30,start_thres=1.25",hub,0.25,30,28,40,1730,13,1,27,1729,0.325,0.0005780346820809,0.9285714285714286,0.0714285714285714,7.527172772721811
tfnbs,"e=0.2,h=5.0,n=30,start_thres=1.25",hub,0.25,30,28,40,1730,13,1,27,1729,0.325,0.0005780346820809,0.9285714285714286,0.0714285714285714,7.527172772721811
tfnbs,"e=0.2,h=6.0,n=30,start_thres=1.25",hub,0.25,30,28,40,1730,13,1,27,1729,0.325,0.0005780346820809,0.9285714285714286,0.0714285714285714,7.527172772721811
tfnbs,"e=0.2,h=7.0,n=30,start_thres=1.25",hub,0.25,30,28,40,1730,13,1,27,1729,0.325,0.0005780346820809,0.9285714285714286,0.0714285714285714,7.527172772721811
tfnbs,"e=0.2,h=8.0,n=30,start_thres=1.25",hub,0.25,30,28,40,1730,13,1,27,1729,0.325,0.0005780346820809,0.9285714285714286,0.0714285714285714,7.527172772721811
tfnbs,"e=0.2,h=9.0,n=30,start_thres=1.25",hub,0.25,30,28,40,1730,12,1,28,1729,0.3,0.0005780346820809,0.9230769230769232,0.0769230769230769,7.527172772721811
tfnbs,"e=0.2,h=10.0,n=30,start_thres=1.25",hub,0.25,30,28,40,1730,12,1,28,1729,0.3,0.0005780346820809,0.9230769230769232,0.0769230769230769,7.527172772721811
tfnbs,"e=0.3,h=0.5,n=30,start_thres=1.25",hub,0.25,30,28,40,1730,22,2,18,1728,0.55,0.0011560693641618,0.9166666666666666,0.0833333333333333,7.527172772721811
tfnbs,"e=0.3,h=1.0,n=30,start_thres=1.25",hub,0.25,30,28,40,1730,22,2,18,1728,0.55,0.0011560693641618,0.9166666666666666,0.0833333333333333,7.527172772721811
tfnbs,"e=0.3,h=2.0,n=30,start_thres=1.25",hub,0.25,30,28,40,1730,19,1,21,1729,0.475,0.0005780346820809,0.95,0.05,7.527172772721811
tfnbs,"e=0.3,h=3.0,n=30,start_thres=1.25",hub,0.25,30,28,40,1730,16,1,24,1729,0.4,0.0005780346820809,0.9411764705882352,0.0588235294117647,7.527172772721811
tfnbs,"e=0.3,h=4.0,n=30,start_thres=1.25",hub,0.25,30,28,40,1730,16,1,24,1729,0.4,0.0005780346820809,0.9411764705882352,0.0588235294117647,7.527172772721811
tfnbs,"e=0.3,h=5.0,n=30,start_thres=1.25",hub,0.25,30,28,40,1730,14,1,26,1729,0.35,0.0005780346820809,0.9333333333333332,0.0666666666666666,7.527172772721811
tfnbs,"e=0.3,h=6.0,n=30,start_thres=1.25",hub,0.25,30,28,40,1730,13,1,27,1729,0.325,0.0005780346820809,0.9285714285714286,0.0714285714285714,7.527172772721811
tfnbs,"e=0.3,h=7.0,n=30,start_thres=1.25",hub,0.25,30,28,40,1730,13,1,27,1729,0.325,0.0005780346820809,0.9285714285714286,0.0714285714285714,7.527172772721811
tfnbs,"e=0.3,h=8.0,n=30,start_thres=1.25",hub,0.25,30,28,40,1730,13,1,27,1729,0.325,0.0005780346820809,0.9285714285714286,0.0714285714285714,7.527172772721811
tfnbs,"e=0.3,h=9.0,n=30,start_thres=1.25",hub,0.25,30,28,40,1730,13,1,27,1729,0.325,0.0005780346820809,0.9285714285714286,0.0714285714285714,7.527172772721811
tfnbs,"e=0.3,h=10.0,n=30,start_thres=1.25",hub,0.25,30,28,40,1730,13,1,27,1729,0.325,0.0005780346820809,0.9285714285714286,0.0714285714285714,7.527172772721811
tfnbs,"e=0.4,h=0.5,n=30,start_thres=1.25",hub,0.25,30,28,40,1730,26,4,14,1726,0.65,0.0023121387283236,0.8666666666666667,0.1333333333333333,7.527172772721811
tfnbs,"e=0.4,h=1.0,n=30,start_thres=1.25",hub,0.25,30,28,40,1730,25,4,15,1726,0.625,0.0023121387283236,0.8620689655172413,0.1379310344827586,7.527172772721811
tfnbs,"e=0.4,h=2.0,n=30,start_thres=1.25",hub,0.25,30,28,40,1730,22,2,18,1728,0.55,0.0011560693641618,0.9166666666666666,0.0833333333333333,7.527172772721811
tfnbs,"e=0.4,h=3.0,n=30,start_thres=1.25",hub,0.25,30,28,40,1730,19,1,21,1729,0.475,0.0005780346820809,0.95,0.05,7.527172772721811
tfnbs,"e=0.4,h=4.0,n=30,start_thres=1.25",hub,0.25,30,28,40,1730,17,1,23,1729,0.425,0.0005780346820809,0.9444444444444444,0.0555555555555555,7.527172772721811
tfnbs,"e=0.4,h=5.0,n=30,start_thres=1.25",hub,0.25,30,28,40,1730,16,1,24,1729,0.4,0.0005780346820809,0.9411764705882352,0.0588235294117647,7.527172772721811
tfnbs,"e=0.4,h=6.0,n=30,start_thres=1.25",hub,0.25,30,28,40,1730,16,1,24,1729,0.4,0.0005780346820809,0.9411764705882352,0.0588235294117647,7.527172772721811
tfnbs,"e=0.4,h=7.0,n=30,start_thres=1.25",hub,0.25,30,28,40,1730,14,1,26,1729,0.35,0.0005780346820809,0.9333333333333332,0.0666666666666666,7.527172772721811
tfnbs,"e=0.4,h=8.0,n=30,start_thres=1.25",hub,0.25,30,28,40,1730,14,1,26,1729,0.35,0.0005780346820809,0.9333333333333332,0.0666666666666666,7.527172772721811
tfnbs,"e=0.4,h=9.0,n=30,start_thres=1.25",hub,0.25,30,28,40,1730,13,1,27,1729,0.325,0.0005780346820809,0.9285714285714286,0.0714285714285714,7.527172772721811
tfnbs,"e=0.4,h=10.0,n=30,start_thres=1.25",hub,0.25,30,28,40,1730,13,1,27,1729,0.325,0.0005780346820809,0.9285714285714286,0.0714285714285714,7.527172772721811
tfnbs,"e=0.5,h=0.5,n=30,start_thres=1.25",hub,0.25,30,28,40,1730,26,5,14,1725,0.65,0.0028901734104046,0.8387096774193549,0.1612903225806451,7.527172772721811
tfnbs,"e=0.5,h=1.0,n=30,start_thres=1.25",hub,0.25,30,28,40,1730,26,5,14,1725,0.65,0.0028901734104046,0.8387096774193549,0.1612903225806451,7.527172772721811
tfnbs,"e=0.5,h=2.0,n=30,start_thres=1.25",hub,0.25,30,28,40,1730,26,4,14,1726,0.65,0.0023121387283236,0.8666666666666667,0.1333333333333333,7.527172772721811
tfnbs,"e=0.5,h=3.0,n=30,start_thres=1.25",hub,0.25,30,28,40,1730,25,4,15,1726,0.625,0.0023121387283236,0.8620689655172413,0.1379310344827586,7.527172772721811
tfnbs,"e=0.5,h=4.0,n=30,start_thres=1.25",hub,0.25,30,28,40,1730,22,2,18,1728,0.55,0.0011560693641618,0.9166666666666666,0.0833333333333333,7.527172772721811
tfnbs,"e=0.5,h=5.0,n=30,start_thres=1.25",hub,0.25,30,28,40,1730,19,1,21,1729,0.475,0.0005780346820809,0.95,0.05,7.527172772721811
tfnbs,"e=0.5,h=6.0,n=30,start_thres=1.25",hub,0.25,30,28,40,1730,17,1,23,1729,0.425,0.0005780346820809,0.9444444444444444,0.0555555555555555,7.527172772721811
tfnbs,"e=0.5,h=7.0,n=30,start_thres=1.25",hub,0.25,30,28,40,1730,16,1,24,1729,0.4,0.0005780346820809,0.9411764705882352,0.0588235294117647,7.527172772721811
tfnbs,"e=0.5,h=8.0,n=30,start_thres=1.25",hub,0.25,30,28,40,1730,16,1,24,1729,0.4,0.0005780346820809,0.9411764705882352,0.0588235294117647,7.527172772721811
tfnbs,"e=0.5,h=9.0,n=30,start_thres=1.25",hub,0.25,30,28,40,1730,14,1,26,1729,0.35,0.0005780346820809,0.9333333333333332,0.0666666666666666,7.527172772721811
tfnbs,"e=0.5,h=10.0,n=30,start_thres=1.25",hub,0.25,30,28,40,1730,14,1,26,1729,0.35,0.0005780346820809,0.9333333333333332,0.0666666666666666,7.527172772721811
tfnbs,"e=0.6,h=0.5,n=30,start_thres=1.25",hub,0.25,30,28,40,1730,29,9,11,1721,0.725,0.0052023121387283,0.7631578947368421,0.2368421052631578,7.527172772721811
tfnbs,"e=0.6,h=1.0,n=30,start_thres=1.25",hub,0.25,30,28,40,1730,29,8,11,1722,0.725,0.0046242774566473,0.7837837837837838,0.2162162162162162,7.527172772721811
tfnbs,"e=0.6,h=2.0,n=30,start_thres=1.25",hub,0.25,30,28,40,1730,26,5,14,1725,0.65,0.0028901734104046,0.8387096774193549,0.1612903225806451,7.527172772721811
tfnbs,"e=0.6,h=3.0,n=30,start_thres=1.25",hub,0.25,30,28,40,1730,26,4,14,1726,0.65,0.0023121387283236,0.8666666666666667,0.1333333333333333,7.527172772721811
tfnbs,"e=0.6,h=4.0,n=30,start_thres=1.25",hub,0.25,30,28,40,1730,25,4,15,1726,0.625,0.0023121387283236,0.8620689655172413,0.1379310344827586,7.527172772721811
tfnbs,"e=0.6,h=5.0,n=30,start_thres=1.25",hub,0.25,30,28,40,1730,22,2,18,1728,0.55,0.0011560693641618,0.9166666666666666,0.0833333333333333,7.527172772721811
tfnbs,"e=0.6,h=6.0,n=30,start_thres=1.25",hub,0.25,30,28,40,1730,19,1,21,1729,0.475,0.0005780346820809,0.95,0.05,7.527172772721811
tfnbs,"e=0.6,h=7.0,n=30,start_thres=1.25",hub,0.25,30,28,40,1730,17,1,23,1729,0.425,0.0005780346820809,0.9444444444444444,0.0555555555555555,7.527172772721811
tfnbs,"e=0.6,h=8.0,n=30,start_thres=1.25",hub,0.25,30,28,40,1730,17,1,23,1729,0.425,0.0005780346820809,0.9444444444444444,0.0555555555555555,7.527172772721811
tfnbs,"e=0.6,h=9.0,n=30,start_thres=1.25",hub,0.25,30,28,40,1730,16,1,24,1729,0.4,0.0005780346820809,0.9411764705882352,0.0588235294117647,7.527172772721811
tfnbs,"e=0.6,h=10.0,n=30,start_thres=1.25",hub,0.25,30,28,40,1730,14,1,26,1729,0.35,0.0005780346820809,0.9333333333333332,0.0666666666666666,7.527172772721811
tfnbs,"e=0.7,h=0.5,n=30,start_thres=1.25",hub,0.25,30,28,40,1730,31,15,9,1715,0.775,0.0086705202312138,0.6739130434782609,0.3260869565217391,7.527172772721811
tfnbs,"e=0.7,h=1.0,n=30,start_thres=1.25",hub,0.25,30,28,40,1730,31,15,9,1715,0.775,0.0086705202312138,0.6739130434782609,0.3260869565217391,7.527172772721811
tfnbs,"e=0.7,h=2.0,n=30,start_thres=1.25",hub,0.25,30,28,40,1730,29,9,11,1721,0.725,0.0052023121387283,0.7631578947368421,0.2368421052631578,7.527172772721811
tfnbs,"e=0.7,h=3.0,n=30,start_thres=1.25",hub,0.25,30,28,40,1730,26,5,14,1725,0.65,0.0028901734104046,0.8387096774193549,0.1612903225806451,7.527172772721811
tfnbs,"e=0.7,h=4.0,n=30,start_thres=1.25",hub,0.25,30,28,40,1730,26,4,14,1726,0.65,0.0023121387283236,0.8666666666666667,0.1333333333333333,7.527172772721811
tfnbs,"e=0.7,h=5.0,n=30,start_thres=1.25",hub,0.25,30,28,40,1730,25,4,15,1726,0.625,0.0023121387283236,0.8620689655172413,0.1379310344827586,7.527172772721811
tfnbs,"e=0.7,h=6.0,n=30,start_thres=1.25",hub,0.25,30,28,40,1730,22,2,18,1728,0.55,0.0011560693641618,0.9166666666666666,0.0833333333333333,7.527172772721811
tfnbs,"e=0.7,h=7.0,n=30,start_thres=1.25",hub,0.25,30,28,40,1730,22,2,18,1728,0.55,0.0011560693641618,0.9166666666666666,0.0833333333333333,7.527172772721811
tfnbs,"e=0.7,h=8.0,n=30,start_thres=1.25",hub,0.25,30,28,40,1730,19,1,21,1729,0.475,0.0005780346820809,0.95,0.05,7.527172772721811
tfnbs,"e=0.7,h=9.0,n=30,start_thres=1.25",hub,0.25,30,28,40,1730,17,1,23,1729,0.425,0.0005780346820809,0.9444444444444444,0.0555555555555555,7.527172772721811
tfnbs,"e=0.7,h=10.0,n=30,start_thres=1.25",hub,0.25,30,28,40,1730,16,1,24,1729,0.4,0.0005780346820809,0.9411764705882352,0.0588235294117647,7.527172772721811
tfnbs,"e=0.8,h=0.5,n=30,start_thres=1.25",hub,0.25,30,28,40,1730,31,15,9,1715,0.775,0.0086705202312138,0.6739130434782609,0.3260869565217391,7.527172772721811
tfnbs,"e=0.8,h=1.0,n=30,start_thres=1.25",hub,0.25,30,28,40,1730,31,15,9,1715,0.775,0.0086705202312138,0.6739130434782609,0.3260869565217391,7.527172772721811
tfnbs,"e=0.8,h=2.0,n=30,start_thres=1.25",hub,0.25,30,28,40,1730,31,15,9,1715,0.775,0.0086705202312138,0.6739130434782609,0.3260869565217391,7.527172772721811
tfnbs,"e=0.8,h=3.0,n=30,start_thres=1.25",hub,0.25,30,28,40,1730,29,9,11,1721,0.725,0.0052023121387283,0.7631578947368421,0.2368421052631578,7.527172772721811
tfnbs,"e=0.8,h=4.0,n=30,start_thres=1.25",hub,0.25,30,28,40,1730,26,5,14,1725,0.65,0.0028901734104046,0.8387096774193549,0.1612903225806451,7.527172772721811
tfnbs,"e=0.8,h=5.0,n=30,start_thres=1.25",hub,0.25,30,28,40,1730,26,5,14,1725,0.65,0.0028901734104046,0.8387096774193549,0.1612903225806451,7.527172772721811
tfnbs,"e=0.8,h=6.0,n=30,start_thres=1.25",hub,0.25,30,28,40,1730,25,4,15,1726,0.625,0.0023121387283236,0.8620689655172413,0.1379310344827586,7.527172772721811
tfnbs,"e=0.8,h=7.0,n=30,start_thres=1.25",hub,0.25,30,28,40,1730,22,2,18,1728,0.55,0.0011560693641618,0.9166666666666666,0.0833333333333333,7.527172772721811
tfnbs,"e=0.8,h=8.0,n=30,start_thres=1.25",hub,0.25,30,28,40,1730,22,2,18,1728,0.55,0.0011560693641618,0.9166666666666666,0.0833333333333333,7.527172772721811
tfnbs,"e=0.8,h=9.0,n=30,start_thres=1.25",hub,0.25,30,28,40,1730,19,1,21,1729,0.475,0.0005780346820809,0.95,0.05,7.527172772721811
tfnbs,"e=0.8,h=10.0,n=30,start_thres=1.25",hub,0.25,30,28,40,1730,17,1,23,1729,0.425,0.0005780346820809,0.9444444444444444,0.0555555555555555,7.527172772721811
tfnbs,"e=0.9,h=0.5,n=30,start_thres=1.25",hub,0.25,30,28,40,1730,32,22,8,1708,0.8,0.0127167630057803,0.5925925925925926,0.4074074074074074,7.527172772721811
tfnbs,"e=0.9,h=1.0,n=30,start_thres=1.25",hub,0.25,30,28,40,1730,32,22,8,1708,0.8,0.0127167630057803,0.5925925925925926,0.4074074074074074,7.527172772721811
tfnbs,"e=0.9,h=2.0,n=30,start_thres=1.25",hub,0.25,30,28,40,1730,31,15,9,1715,0.775,0.0086705202312138,0.6739130434782609,0.3260869565217391,7.527172772721811
tfnbs,"e=0.9,h=3.0,n=30,start_thres=1.25",hub,0.25,30,28,40,1730,31,15,9,1715,0.775,0.0086705202312138,0.6739130434782609,0.3260869565217391,7.527172772721811
tfnbs,"e=0.9,h=4.0,n=30,start_thres=1.25",hub,0.25,30,28,40,1730,31,15,9,1715,0.775,0.0086705202312138,0.6739130434782609,0.3260869565217391,7.527172772721811
tfnbs,"e=0.9,h=5.0,n=30,start_thres=1.25",hub,0.25,30,28,40,1730,29,7,11,1723,0.725,0.0040462427745664,0.8055555555555556,0.1944444444444444,7.527172772721811
tfnbs,"e=0.9,h=6.0,n=30,start_thres=1.25",hub,0.25,30,28,40,1730,26,5,14,1725,0.65,0.0028901734104046,0.8387096774193549,0.1612903225806451,7.527172772721811
tfnbs,"e=0.9,h=7.0,n=30,start_thres=1.25",hub,0.25,30,28,40,1730,26,4,14,1726,0.65,0.0023121387283236,0.8666666666666667,0.1333333333333333,7.527172772721811
tfnbs,"e=0.9,h=8.0,n=30,start_thres=1.25",hub,0.25,30,28,40,1730,25,4,15,1726,0.625,0.0023121387283236,0.8620689655172413,0.1379310344827586,7.527172772721811
tfnbs,"e=0.9,h=9.0,n=30,start_thres=1.25",hub,0.25,30,28,40,1730,22,2,18,1728,0.55,0.0011560693641618,0.9166666666666666,0.0833333333333333,7.527172772721811
tfnbs,"e=0.9,h=10.0,n=30,start_thres=1.25",hub,0.25,30,28,40,1730,19,1,21,1729,0.475,0.0005780346820809,0.95,0.05,7.527172772721811
tfnbs,"e=1.0,h=0.5,n=30,start_thres=1.25",hub,0.25,30,28,40,1730,32,22,8,1708,0.8,0.0127167630057803,0.5925925925925926,0.4074074074074074,7.527172772721811
tfnbs,"e=1.0,h=1.0,n=30,start_thres=1.25",hub,0.25,30,28,40,1730,32,22,8,1708,0.8,0.0127167630057803,0.5925925925925926,0.4074074074074074,7.527172772721811
tfnbs,"e=1.0,h=2.0,n=30,start_thres=1.25",hub,0.25,30,28,40,1730,32,22,8,1708,0.8,0.0127167630057803,0.5925925925925926,0.4074074074074074,7.527172772721811
tfnbs,"e=1.0,h=3.0,n=30,start_thres=1.25",hub,0.25,30,28,40,1730,31,15,9,1715,0.775,0.0086705202312138,0.6739130434782609,0.3260869565217391,7.527172772721811
tfnbs,"e=1.0,h=4.0,n=30,start_thres=1.25",hub,0.25,30,28,40,1730,31,15,9,1715,0.775,0.0086705202312138,0.6739130434782609,0.3260869565217391,7.527172772721811
tfnbs,"e=1.0,h=5.0,n=30,start_thres=1.25",hub,0.25,30,28,40,1730,29,9,11,1721,0.725,0.0052023121387283,0.7631578947368421,0.2368421052631578,7.527172772721811
tfnbs,"e=1.0,h=6.0,n=30,start_thres=1.25",hub,0.25,30,28,40,1730,29,7,11,1723,0.725,0.0040462427745664,0.8055555555555556,0.1944444444444444,7.527172772721811
tfnbs,"e=1.0,h=7.0,n=30,start_thres=1.25",hub,0.25,30,28,40,1730,26,5,14,1725,0.65,0.0028901734104046,0.8387096774193549,0.1612903225806451,7.527172772721811
tfnbs,"e=1.0,h=8.0,n=30,start_thres=1.25",hub,0.25,30,28,40,1730,25,4,15,1726,0.625,0.0023121387283236,0.8620689655172413,0.1379310344827586,7.527172772721811
tfnbs,"e=1.0,h=9.0,n=30,start_thres=1.25",hub,0.25,30,28,40,1730,25,4,15,1726,0.625,0.0023121387283236,0.8620689655172413,0.1379310344827586,7.527172772721811
tfnbs,"e=1.0,h=10.0,n=30,start_thres=1.25",hub,0.25,30,28,40,1730,22,2,18,1728,0.55,0.0011560693641618,0.9166666666666666,0.0833333333333333,7.527172772721811
tfnbs,"e=1.1,h=0.5,n=30,start_thres=1.25",hub,0.25,30,28,40,1730,35,32,5,1698,0.875,0.0184971098265895,0.5223880597014925,0.4776119402985074,7.527172772721811
tfnbs,"e=1.1,h=1.0,n=30,start_thres=1.25",hub,0.25,30,28,40,1730,35,32,5,1698,0.875,0.0184971098265895,0.5223880597014925,0.4776119402985074,7.527172772721811
tfnbs,"e=1.1,h=2.0,n=30,start_thres=1.25",hub,0.25,30,28,40,1730,32,22,8,1708,0.8,0.0127167630057803,0.5925925925925926,0.4074074074074074,7.527172772721811
tfnbs,"e=1.1,h=3.0,n=30,start_thres=1.25",hub,0.25,30,28,40,1730,32,22,8,1708,0.8,0.0127167630057803,0.5925925925925926,0.4074074074074074,7.527172772721811
tfnbs,"e=1.1,h=4.0,n=30,start_thres=1.25",hub,0.25,30,28,40,1730,32,22,8,1708,0.8,0.0127167630057803,0.5925925925925926,0.4074074074074074,7.527172772721811
tfnbs,"e=1.1,h=5.0,n=30,start_thres=1.25",hub,0.25,30,28,40,1730,31,15,9,1715,0.775,0.0086705202312138,0.6739130434782609,0.3260869565217391,7.527172772721811
tfnbs,"e=1.1,h=6.0,n=30,start_thres=1.25",hub,0.25,30,28,40,1730,29,9,11,1721,0.725,0.0052023121387283,0.7631578947368421,0.2368421052631578,7.527172772721811
tfnbs,"e=1.1,h=7.0,n=30,start_thres=1.25",hub,0.25,30,28,40,1730,29,7,11,1723,0.725,0.0040462427745664,0.8055555555555556,0.1944444444444444,7.527172772721811
tfnbs,"e=1.1,h=8.0,n=30,start_thres=1.25",hub,0.25,30,28,40,1730,26,4,14,1726,0.65,0.0023121387283236,0.8666666666666667,0.1333333333333333,7.527172772721811
tfnbs,"e=1.1,h=9.0,n=30,start_thres=1.25",hub,0.25,30,28,40,1730,25,4,15,1726,0.625,0.0023121387283236,0.8620689655172413,0.1379310344827586,7.527172772721811
tfnbs,"e=1.1,h=10.0,n=30,start_thres=1.25",hub,0.25,30,28,40,1730,25,4,15,1726,0.625,0.0023121387283236,0.8620689655172413,0.1379310344827586,7.527172772721811
tfnbs,"e=1.2,h=0.5,n=30,start_thres=1.25",hub,0.25,30,28,40,1730,35,32,5,1698,0.875,0.0184971098265895,0.5223880597014925,0.4776119402985074,7.527172772721811
tfnbs,"e=1.2,h=1.0,n=30,start_thres=1.25",hub,0.25,30,28,40,1730,35,32,5,1698,0.875,0.0184971098265895,0.5223880597014925,0.4776119402985074,7.527172772721811
tfnbs,"e=1.2,h=2.0,n=30,start_thres=1.25",hub,0.25,30,28,40,1730,35,32,5,1698,0.875,0.0184971098265895,0.5223880597014925,0.4776119402985074,7.527172772721811
tfnbs,"e=1.2,h=3.0,n=30,start_thres=1.25",hub,0.25,30,28,40,1730,32,22,8,1708,0.8,0.0127167630057803,0.5925925925925926,0.4074074074074074,7.527172772721811
tfnbs,"e=1.2,h=4.0,n=30,start_thres=1.25",hub,0.25,30,28,40,1730,32,22,8,1708,0.8,0.0127167630057803,0.5925925925925926,0.4074074074074074,7.527172772721811
tfnbs,"e=1.2,h=5.0,n=30,start_thres=1.25",hub,0.25,30,28,40,1730,32,22,8,1708,0.8,0.0127167630057803,0.5925925925925926,0.4074074074074074,7.527172772721811
tfnbs,"e=1.2,h=6.0,n=30,start_thres=1.25",hub,0.25,30,28,40,1730,31,15,9,1715,0.775,0.0086705202312138,0.6739130434782609,0.3260869565217391,7.527172772721811
tfnbs,"e=1.2,h=7.0,n=30,start_thres=1.25",hub,0.25,30,28,40,1730,29,9,11,1721,0.725,0.0052023121387283,0.7631578947368421,0.2368421052631578,7.527172772721811
tfnbs,"e=1.2,h=8.0,n=30,start_thres=1.25",hub,0.25,30,28,40,1730,26,5,14,1725,0.65,0.0028901734104046,0.8387096774193549,0.1612903225806451,7.527172772721811
tfnbs,"e=1.2,h=9.0,n=30,start_thres=1.25",hub,0.25,30,28,40,1730,26,4,14,1726,0.65,0.0023121387283236,0.8666666666666667,0.1333333333333333,7.527172772721811
tfnbs,"e=1.2,h=10.0,n=30,start_thres=1.25",hub,0.25,30,28,40,1730,26,4,14,1726,0.65,0.0023121387283236,0.8666666666666667,0.1333333333333333,7.527172772721811
tfnbs,"e=1.3,h=0.5,n=30,start_thres=1.25",hub,0.25,30,28,40,1730,35,32,5,1698,0.875,0.0184971098265895,0.5223880597014925,0.4776119402985074,7.527172772721811
tfnbs,"e=1.3,h=1.0,n=30,start_thres=1.25",hub,0.25,30,28,40,1730,35,32,5,1698,0.875,0.0184971098265895,0.5223880597014925,0.4776119402985074,7.527172772721811
tfnbs,"e=1.3,h=2.0,n=30,start_thres=1.25",hub,0.25,30,28,40,1730,35,32,5,1698,0.875,0.0184971098265895,0.5223880597014925,0.4776119402985074,7.527172772721811
tfnbs,"e=1.3,h=3.0,n=30,start_thres=1.25",hub,0.25,30,28,40,1730,35,32,5,1698,0.875,0.0184971098265895,0.5223880597014925,0.4776119402985074,7.527172772721811
tfnbs,"e=1.3,h=4.0,n=30,start_thres=1.25",hub,0.25,30,28,40,1730,32,22,8,1708,0.8,0.0127167630057803,0.5925925925925926,0.4074074074074074,7.527172772721811
tfnbs,"e=1.3,h=5.0,n=30,start_thres=1.25",hub,0.25,30,28,40,1730,32,22,8,1708,0.8,0.0127167630057803,0.5925925925925926,0.4074074074074074,7.527172772721811
tfnbs,"e=1.3,h=6.0,n=30,start_thres=1.25",hub,0.25,30,28,40,1730,32,22,8,1708,0.8,0.0127167630057803,0.5925925925925926,0.4074074074074074,7.527172772721811
tfnbs,"e=1.3,h=7.0,n=30,start_thres=1.25",hub,0.25,30,28,40,1730,31,15,9,1715,0.775,0.0086705202312138,0.6739130434782609,0.3260869565217391,7.527172772721811
tfnbs,"e=1.3,h=8.0,n=30,start_thres=1.25",hub,0.25,30,28,40,1730,29,9,11,1721,0.725,0.0052023121387283,0.7631578947368421,0.2368421052631578,7.527172772721811
tfnbs,"e=1.3,h=9.0,n=30,start_thres=1.25",hub,0.25,30,28,40,1730,26,5,14,1725,0.65,0.0028901734104046,0.8387096774193549,0.1612903225806451,7.527172772721811
tfnbs,"e=1.3,h=10.0,n=30,start_thres=1.25",hub,0.25,30,28,40,1730,26,4,14,1726,0.65,0.0023121387283236,0.8666666666666667,0.1333333333333333,7.527172772721811
tfnbs,"e=1.4,h=0.5,n=30,start_thres=1.25",hub,0.25,30,28,40,1730,35,32,5,1698,0.875,0.0184971098265895,0.5223880597014925,0.4776119402985074,7.527172772721811
tfnbs,"e=1.4,h=1.0,n=30,start_thres=1.25",hub,0.25,30,28,40,1730,35,32,5,1698,0.875,0.0184971098265895,0.5223880597014925,0.4776119402985074,7.527172772721811
tfnbs,"e=1.4,h=2.0,n=30,start_thres=1.25",hub,0.25,30,28,40,1730,35,32,5,1698,0.875,0.0184971098265895,0.5223880597014925,0.4776119402985074,7.527172772721811
tfnbs,"e=1.4,h=3.0,n=30,start_thres=1.25",hub,0.25,30,28,40,1730,35,32,5,1698,0.875,0.0184971098265895,0.5223880597014925,0.4776119402985074,7.527172772721811
tfnbs,"e=1.4,h=4.0,n=30,start_thres=1.25",hub,0.25,30,28,40,1730,35,32,5,1698,0.875,0.0184971098265895,0.5223880597014925,0.4776119402985074,7.527172772721811
tfnbs,"e=1.4,h=5.0,n=30,start_thres=1.25",hub,0.25,30,28,40,1730,32,22,8,1708,0.8,0.0127167630057803,0.5925925925925926,0.4074074074074074,7.527172772721811
tfnbs,"e=1.4,h=6.0,n=30,start_thres=1.25",hub,0.25,30,28,40,1730,32,22,8,1708,0.8,0.0127167630057803,0.5925925925925926,0.4074074074074074,7.527172772721811
tfnbs,"e=1.4,h=7.0,n=30,start_thres=1.25",hub,0.25,30,28,40,1730,32,22,8,1708,0.8,0.0127167630057803,0.5925925925925926,0.4074074074074074,7.527172772721811
tfnbs,"e=1.4,h=8.0,n=30,start_thres=1.25",hub,0.25,30,28,40,1730,31,15,9,1715,0.775,0.0086705202312138,0.6739130434782609,0.3260869565217391,7.527172772721811
tfnbs,"e=1.4,h=9.0,n=30,start_thres=1.25",hub,0.25,30,28,40,1730,29,7,11,1723,0.725,0.0040462427745664,0.8055555555555556,0.1944444444444444,7.527172772721811
tfnbs,"e=1.4,h=10.0,n=30,start_thres=1.25",hub,0.25,30,28,40,1730,26,5,14,1725,0.65,0.0028901734104046,0.8387096774193549,0.1612903225806451,7.527172772721811
tfnbs,"e=1.5,h=0.5,n=30,start_thres=1.25",hub,0.25,30,28,40,1730,36,40,4,1690,0.9,0.0231213872832369,0.4736842105263157,0.5263157894736842,7.527172772721811
tfnbs,"e=1.5,h=1.0,n=30,start_thres=1.25",hub,0.25,30,28,40,1730,36,40,4,1690,0.9,0.0231213872832369,0.4736842105263157,0.5263157894736842,7.527172772721811
tfnbs,"e=1.5,h=2.0,n=30,start_thres=1.25",hub,0.25,30,28,40,1730,35,32,5,1698,0.875,0.0184971098265895,0.5223880597014925,0.4776119402985074,7.527172772721811
tfnbs,"e=1.5,h=3.0,n=30,start_thres=1.25",hub,0.25,30,28,40,1730,35,32,5,1698,0.875,0.0184971098265895,0.5223880597014925,0.4776119402985074,7.527172772721811
tfnbs,"e=1.5,h=4.0,n=30,start_thres=1.25",hub,0.25,30,28,40,1730,35,32,5,1698,0.875,0.0184971098265895,0.5223880597014925,0.4776119402985074,7.527172772721811
tfnbs,"e=1.5,h=5.0,n=30,start_thres=1.25",hub,0.25,30,28,40,1730,35,32,5,1698,0.875,0.0184971098265895,0.5223880597014925,0.4776119402985074,7.527172772721811
tfnbs,"e=1.5,h=6.0,n=30,start_thres=1.25",hub,0.25,30,28,40,1730,32,22,8,1708,0.8,0.0127167630057803,0.5925925925925926,0.4074074074074074,7.527172772721811
tfnbs,"e=1.5,h=7.0,n=30,start_thres=1.25",hub,0.25,30,28,40,1730,32,22,8,1708,0.8,0.0127167630057803,0.5925925925925926,0.4074074074074074,7.527172772721811
tfnbs,"e=1.5,h=8.0,n=30,start_thres=1.25",hub,0.25,30,28,40,1730,32,22,8,1708,0.8,0.0127167630057803,0.5925925925925926,0.4074074074074074,7.527172772721811
tfnbs,"e=1.5,h=9.0,n=30,start_thres=1.25",hub,0.25,30,28,40,1730,31,15,9,1715,0.775,0.0086705202312138,0.6739130434782609,0.3260869565217391,7.527172772721811
tfnbs,"e=1.5,h=10.0,n=30,start_thres=1.25",hub,0.25,30,28,40,1730,29,7,11,1723,0.725,0.0040462427745664,0.8055555555555556,0.1944444444444444,7.527172772721811
tfnbs,"e=0.05,h=0.5,n=30,start_thres=1.25",hub,0.25,30,25,40,1730,1,0,39,1730,0.025,0.0,1.0,0.0,7.540521140802991
tfnbs,"e=0.05,h=1.0,n=30,start_thres=1.25",hub,0.25,30,25,40,1730,1,0,39,1730,0.025,0.0,1.0,0.0,7.540521140802991
tfnbs,"e=0.05,h=2.0,n=30,start_thres=1.25",hub,0.25,30,25,40,1730,1,0,39,1730,0.025,0.0,1.0,0.0,7.540521140802991
tfnbs,"e=0.05,h=3.0,n=30,start_thres=1.25",hub,0.25,30,25,40,1730,1,0,39,1730,0.025,0.0,1.0,0.0,7.540521140802991
tfnbs,"e=0.05,h=4.0,n=30,start_thres=1.25",hub,0.25,30,25,40,1730,1,0,39,1730,0.025,0.0,1.0,0.0,7.540521140802991
tfnbs,"e=0.05,h=5.0,n=30,start_thres=1.25",hub,0.25,30,25,40,1730,1,0,39,1730,0.025,0.0,1.0,0.0,7.540521140802991
tfnbs,"e=0.05,h=6.0,n=30,start_thres=1.25",hub,0.25,30,25,40,1730,1,0,39,1730,0.025,0.0,1.0,0.0,7.540521140802991
tfnbs,"e=0.05,h=7.0,n=30,start_thres=1.25",hub,0.25,30,25,40,1730,1,0,39,1730,0.025,0.0,1.0,0.0,7.540521140802991
tfnbs,"e=0.05,h=8.0,n=30,start_thres=1.25",hub,0.25,30,25,40,1730,1,0,39,1730,0.025,0.0,1.0,0.0,7.540521140802991
tfnbs,"e=0.05,h=9.0,n=30,start_thres=1.25",hub,0.25,30,25,40,1730,1,0,39,1730,0.025,0.0,1.0,0.0,7.540521140802991
tfnbs,"e=0.05,h=10.0,n=30,start_thres=1.25",hub,0.25,30,25,40,1730,1,0,39,1730,0.025,0.0,1.0,0.0,7.540521140802991
tfnbs,"e=0.1,h=0.5,n=30,start_thres=1.25",hub,0.25,30,25,40,1730,1,0,39,1730,0.025,0.0,1.0,0.0,7.540521140802991
tfnbs,"e=0.1,h=1.0,n=30,start_thres=1.25",hub,0.25,30,25,40,1730,1,0,39,1730,0.025,0.0,1.0,0.0,7.540521140802991
tfnbs,"e=0.1,h=2.0,n=30,start_thres=1.25",hub,0.25,30,25,40,1730,1,0,39,1730,0.025,0.0,1.0,0.0,7.540521140802991
tfnbs,"e=0.1,h=3.0,n=30,start_thres=1.25",hub,0.25,30,25,40,1730,1,0,39,1730,0.025,0.0,1.0,0.0,7.540521140802991
tfnbs,"e=0.1,h=4.0,n=30,start_thres=1.25",hub,0.25,30,25,40,1730,1,0,39,1730,0.025,0.0,1.0,0.0,7.540521140802991
tfnbs,"e=0.1,h=5.0,n=30,start_thres=1.25",hub,0.25,30,25,40,1730,1,0,39,1730,0.025,0.0,1.0,0.0,7.540521140802991
tfnbs,"e=0.1,h=6.0,n=30,start_thres=1.25",hub,0.25,30,25,40,1730,1,0,39,1730,0.025,0.0,1.0,0.0,7.540521140802991
tfnbs,"e=0.1,h=7.0,n=30,start_thres=1.25",hub,0.25,30,25,40,1730,1,0,39,1730,0.025,0.0,1.0,0.0,7.540521140802991
tfnbs,"e=0.1,h=8.0,n=30,start_thres=1.25",hub,0.25,30,25,40,1730,1,0,39,1730,0.025,0.0,1.0,0.0,7.540521140802991
tfnbs,"e=0.1,h=9.0,n=30,start_thres=1.25",hub,0.25,30,25,40,1730,1,0,39,1730,0.025,0.0,1.0,0.0,7.540521140802991
tfnbs,"e=0.1,h=10.0,n=30,start_thres=1.25",hub,0.25,30,25,40,1730,1,0,39,1730,0.025,0.0,1.0,0.0,7.540521140802991
tfnbs,"e=0.2,h=0.5,n=30,start_thres=1.25",hub,0.25,30,25,40,1730,2,1,38,1729,0.05,0.0005780346820809,0.6666666666666666,0.3333333333333333,7.540521140802991
tfnbs,"e=0.2,h=1.0,n=30,start_thres=1.25",hub,0.25,30,25,40,1730,2,1,38,1729,0.05,0.0005780346820809,0.6666666666666666,0.3333333333333333,7.540521140802991
tfnbs,"e=0.2,h=2.0,n=30,start_thres=1.25",hub,0.25,30,25,40,1730,1,0,39,1730,0.025,0.0,1.0,0.0,7.540521140802991
tfnbs,"e=0.2,h=3.0,n=30,start_thres=1.25",hub,0.25,30,25,40,1730,1,0,39,1730,0.025,0.0,1.0,0.0,7.540521140802991
tfnbs,"e=0.2,h=4.0,n=30,start_thres=1.25",hub,0.25,30,25,40,1730,1,0,39,1730,0.025,0.0,1.0,0.0,7.540521140802991
tfnbs,"e=0.2,h=5.0,n=30,start_thres=1.25",hub,0.25,30,25,40,1730,1,0,39,1730,0.025,0.0,1.0,0.0,7.540521140802991
tfnbs,"e=0.2,h=6.0,n=30,start_thres=1.25",hub,0.25,30,25,40,1730,1,0,39,1730,0.025,0.0,1.0,0.0,7.540521140802991
tfnbs,"e=0.2,h=7.0,n=30,start_thres=1.25",hub,0.25,30,25,40,1730,1,0,39,1730,0.025,0.0,1.0,0.0,7.540521140802991
tfnbs,"e=0.2,h=8.0,n=30,start_thres=1.25",hub,0.25,30,25,40,1730,1,0,39,1730,0.025,0.0,1.0,0.0,7.540521140802991
tfnbs,"e=0.2,h=9.0,n=30,start_thres=1.25",hub,0.25,30,25,40,1730,1,0,39,1730,0.025,0.0,1.0,0.0,7.540521140802991
tfnbs,"e=0.2,h=10.0,n=30,start_thres=1.25",hub,0.25,30,25,40,1730,1,0,39,1730,0.025,0.0,1.0,0.0,7.540521140802991
tfnbs,"e=0.3,h=0.5,n=30,start_thres=1.25",hub,0.25,30,25,40,1730,4,1,36,1729,0.1,0.0005780346820809,0.8,0.2,7.540521140802991
tfnbs,"e=0.3,h=1.0,n=30,start_thres=1.25",hub,0.25,30,25,40,1730,4,1,36,1729,0.1,0.0005780346820809,0.8,0.2,7.540521140802991
tfnbs,"e=0.3,h=2.0,n=30,start_thres=1.25",hub,0.25,30,25,40,1730,4,1,36,1729,0.1,0.0005780346820809,0.8,0.2,7.540521140802991
tfnbs,"e=0.3,h=3.0,n=30,start_thres=1.25",hub,0.25,30,25,40,1730,2,1,38,1729,0.05,0.0005780346820809,0.6666666666666666,0.3333333333333333,7.540521140802991
tfnbs,"e=0.3,h=4.0,n=30,start_thres=1.25",hub,0.25,30,25,40,1730,2,1,38,1729,0.05,0.0005780346820809,0.6666666666666666,0.3333333333333333,7.540521140802991
tfnbs,"e=0.3,h=5.0,n=30,start_thres=1.25",hub,0.25,30,25,40,1730,1,0,39,1730,0.025,0.0,1.0,0.0,7.540521140802991
tfnbs,"e=0.3,h=6.0,n=30,start_thres=1.25",hub,0.25,30,25,40,1730,1,0,39,1730,0.025,0.0,1.0,0.0,7.540521140802991
tfnbs,"e=0.3,h=7.0,n=30,start_thres=1.25",hub,0.25,30,25,40,1730,1,0,39,1730,0.025,0.0,1.0,0.0,7.540521140802991
tfnbs,"e=0.3,h=8.0,n=30,start_thres=1.25",hub,0.25,30,25,40,1730,1,0,39,1730,0.025,0.0,1.0,0.0,7.540521140802991
tfnbs,"e=0.3,h=9.0,n=30,start_thres=1.25",hub,0.25,30,25,40,1730,1,0,39,1730,0.025,0.0,1.0,0.0,7.540521140802991
tfnbs,"e=0.3,h=10.0,n=30,start_thres=1.25",hub,0.25,30,25,40,1730,1,0,39,1730,0.025,0.0,1.0,0.0,7.540521140802991
tfnbs,"e=0.4,h=0.5,n=30,start_thres=1.25",hub,0.25,30,25,40,1730,4,1,36,1729,0.1,0.0005780346820809,0.8,0.2,7.540521140802991
tfnbs,"e=0.4,h=1.0,n=30,start_thres=1.25",hub,0.25,30,25,40,1730,6,2,34,1728,0.15,0.0011560693641618,0.75,0.25,7.540521140802991
tfnbs,"e=0.4,h=2.0,n=30,start_thres=1.25",hub,0.25,30,25,40,1730,4,1,36,1729,0.1,0.0005780346820809,0.8,0.2,7.540521140802991
tfnbs,"e=0.4,h=3.0,n=30,start_thres=1.25",hub,0.25,30,25,40,1730,4,1,36,1729,0.1,0.0005780346820809,0.8,0.2,7.540521140802991
tfnbs,"e=0.4,h=4.0,n=30,start_thres=1.25",hub,0.25,30,25,40,1730,4,1,36,1729,0.1,0.0005780346820809,0.8,0.2,7.540521140802991
tfnbs,"e=0.4,h=5.0,n=30,start_thres=1.25",hub,0.25,30,25,40,1730,2,1,38,1729,0.05,0.0005780346820809,0.6666666666666666,0.3333333333333333,7.540521140802991
tfnbs,"e=0.4,h=6.0,n=30,start_thres=1.25",hub,0.25,30,25,40,1730,1,0,39,1730,0.025,0.0,1.0,0.0,7.540521140802991
tfnbs,"e=0.4,h=7.0,n=30,start_thres=1.25",hub,0.25,30,25,40,1730,1,0,39,1730,0.025,0.0,1.0,0.0,7.540521140802991
tfnbs,"e=0.4,h=8.0,n=30,start_thres=1.25",hub,0.25,30,25,40,1730,1,0,39,1730,0.025,0.0,1.0,0.0,7.540521140802991
tfnbs,"e=0.4,h=9.0,n=30,start_thres=1.25",hub,0.25,30,25,40,1730,1,0,39,1730,0.025,0.0,1.0,0.0,7.540521140802991
tfnbs,"e=0.4,h=10.0,n=30,start_thres=1.25",hub,0.25,30,25,40,1730,1,0,39,1730,0.025,0.0,1.0,0.0,7.540521140802991
tfnbs,"e=0.5,h=0.5,n=30,start_thres=1.25",hub,0.25,30,25,40,1730,6,2,34,1728,0.15,0.0011560693641618,0.75,0.25,7.540521140802991
tfnbs,"e=0.5,h=1.0,n=30,start_thres=1.25",hub,0.25,30,25,40,1730,6,2,34,1728,0.15,0.0011560693641618,0.75,0.25,7.540521140802991
tfnbs,"e=0.5,h=2.0,n=30,start_thres=1.25",hub,0.25,30,25,40,1730,6,2,34,1728,0.15,0.0011560693641618,0.75,0.25,7.540521140802991
tfnbs,"e=0.5,h=3.0,n=30,start_thres=1.25",hub,0.25,30,25,40,1730,6,2,34,1728,0.15,0.0011560693641618,0.75,0.25,7.540521140802991
tfnbs,"e=0.5,h=4.0,n=30,start_thres=1.25",hub,0.25,30,25,40,1730,4,1,36,1729,0.1,0.0005780346820809,0.8,0.2,7.540521140802991
tfnbs,"e=0.5,h=5.0,n=30,start_thres=1.25",hub,0.25,30,25,40,1730,4,1,36,1729,0.1,0.0005780346820809,0.8,0.2,7.540521140802991
tfnbs,"e=0.5,h=6.0,n=30,start_thres=1.25",hub,0.25,30,25,40,1730,2,1,38,1729,0.05,0.0005780346820809,0.6666666666666666,0.3333333333333333,7.540521140802991
tfnbs,"e=0.5,h=7.0,n=30,start_thres=1.25",hub,0.25,30,25,40,1730,2,1,38,1729,0.05,0.0005780346820809,0.6666666666666666,0.3333333333333333,7.540521140802991
tfnbs,"e=0.5,h=8.0,n=30,start_thres=1.25",hub,0.25,30,25,40,1730,1,0,39,1730,0.025,0.0,1.0,0.0,7.540521140802991
tfnbs,"e=0.5,h=9.0,n=30,start_thres=1.25",hub,0.25,30,25,40,1730,1,0,39,1730,0.025,0.0,1.0,0.0,7.540521140802991
tfnbs,"e=0.5,h=10.0,n=30,start_thres=1.25",hub,0.25,30,25,40,1730,1,0,39,1730,0.025,0.0,1.0,0.0,7.540521140802991
tfnbs,"e=0.6,h=0.5,n=30,start_thres=1.25",hub,0.25,30,25,40,1730,6,2,34,1728,0.15,0.0011560693641618,0.75,0.25,7.540521140802991
tfnbs,"e=0.6,h=1.0,n=30,start_thres=1.25",hub,0.25,30,25,40,1730,9,2,31,1728,0.225,0.0011560693641618,0.8181818181818182,0.1818181818181818,7.540521140802991
tfnbs,"e=0.6,h=2.0,n=30,start_thres=1.25",hub,0.25,30,25,40,1730,9,2,31,1728,0.225,0.0011560693641618,0.8181818181818182,0.1818181818181818,7.540521140802991
tfnbs,"e=0.6,h=3.0,n=30,start_thres=1.25",hub,0.25,30,25,40,1730,9,2,31,1728,0.225,0.0011560693641618,0.8181818181818182,0.1818181818181818,7.540521140802991
tfnbs,"e=0.6,h=4.0,n=30,start_thres=1.25",hub,0.25,30,25,40,1730,6,2,34,1728,0.15,0.0011560693641618,0.75,0.25,7.540521140802991
tfnbs,"e=0.6,h=5.0,n=30,start_thres=1.25",hub,0.25,30,25,40,1730,4,1,36,1729,0.1,0.0005780346820809,0.8,0.2,7.540521140802991
tfnbs,"e=0.6,h=6.0,n=30,start_thres=1.25",hub,0.25,30,25,40,1730,4,1,36,1729,0.1,0.0005780346820809,0.8,0.2,7.540521140802991
tfnbs,"e=0.6,h=7.0,n=30,start_thres=1.25",hub,0.25,30,25,40,1730,4,1,36,1729,0.1,0.0005780346820809,0.8,0.2,7.540521140802991
tfnbs,"e=0.6,h=8.0,n=30,start_thres=1.25",hub,0.25,30,25,40,1730,2,1,38,1729,0.05,0.0005780346820809,0.6666666666666666,0.3333333333333333,7.540521140802991
tfnbs,"e=0.6,h=9.0,n=30,start_thres=1.25",hub,0.25,30,25,40,1730,2,1,38,1729,0.05,0.0005780346820809,0.6666666666666666,0.3333333333333333,7.540521140802991
tfnbs,"e=0.6,h=10.0,n=30,start_thres=1.25",hub,0.25,30,25,40,1730,1,0,39,1730,0.025,0.0,1.0,0.0,7.540521140802991
tfnbs,"e=0.7,h=0.5,n=30,start_thres=1.25",hub,0.25,30,25,40,1730,4,1,36,1729,0.1,0.0005780346820809,0.8,0.2,7.540521140802991
tfnbs,"e=0.7,h=1.0,n=30,start_thres=1.25",hub,0.25,30,25,40,1730,6,2,34,1728,0.15,0.0011560693641618,0.75,0.25,7.540521140802991
tfnbs,"e=0.7,h=2.0,n=30,start_thres=1.25",hub,0.25,30,25,40,1730,9,2,31,1728,0.225,0.0011560693641618,0.8181818181818182,0.1818181818181818,7.540521140802991
tfnbs,"e=0.7,h=3.0,n=30,start_thres=1.25",hub,0.25,30,25,40,1730,9,2,31,1728,0.225,0.0011560693641618,0.8181818181818182,0.1818181818181818,7.540521140802991
tfnbs,"e=0.7,h=4.0,n=30,start_thres=1.25",hub,0.25,30,25,40,1730,9,2,31,1728,0.225,0.0011560693641618,0.8181818181818182,0.1818181818181818,7.540521140802991
tfnbs,"e=0.7,h=5.0,n=30,start_thres=1.25",hub,0.25,30,25,40,1730,6,2,34,1728,0.15,0.0011560693641618,0.75,0.25,7.540521140802991
tfnbs,"e=0.7,h=6.0,n=30,start_thres=1.25",hub,0.25,30,25,40,1730,6,2,34,1728,0.15,0.0011560693641618,0.75,0.25,7.540521140802991
tfnbs,"e=0.7,h=7.0,n=30,start_thres=1.25",hub,0.25,30,25,40,1730,4,1,36,1729,0.1,0.0005780346820809,0.8,0.2,7.540521140802991
tfnbs,"e=0.7,h=8.0,n=30,start_thres=1.25",hub,0.25,30,25,40,1730,4,1,36,1729,0.1,0.0005780346820809,0.8,0.2,7.540521140802991
tfnbs,"e=0.7,h=9.0,n=30,start_thres=1.25",hub,0.25,30,25,40,1730,2,1,38,1729,0.05,0.0005780346820809,0.6666666666666666,0.3333333333333333,7.540521140802991
tfnbs,"e=0.7,h=10.0,n=30,start_thres=1.25",hub,0.25,30,25,40,1730,2,1,38,1729,0.05,0.0005780346820809,0.6666666666666666,0.3333333333333333,7.540521140802991
tfnbs,"e=0.8,h=0.5,n=30,start_thres=1.25",hub,0.25,30,25,40,1730,2,1,38,1729,0.05,0.0005780346820809,0.6666666666666666,0.3333333333333333,7.540521140802991
tfnbs,"e=0.8,h=1.0,n=30,start_thres=1.25",hub,0.25,30,25,40,1730,4,1,36,1729,0.1,0.0005780346820809,0.8,0.2,7.540521140802991
tfnbs,"e=0.8,h=2.0,n=30,start_thres=1.25",hub,0.25,30,25,40,1730,9,2,31,1728,0.225,0.0011560693641618,0.8181818181818182,0.1818181818181818,7.540521140802991
tfnbs,"e=0.8,h=3.0,n=30,start_thres=1.25",hub,0.25,30,25,40,1730,9,2,31,1728,0.225,0.0011560693641618,0.8181818181818182,0.1818181818181818,7.540521140802991
tfnbs,"e=0.8,h=4.0,n=30,start_thres=1.25",hub,0.25,30,25,40,1730,9,2,31,1728,0.225,0.0011560693641618,0.8181818181818182,0.1818181818181818,7.540521140802991
tfnbs,"e=0.8,h=5.0,n=30,start_thres=1.25",hub,0.25,30,25,40,1730,9,2,31,1728,0.225,0.0011560693641618,0.8181818181818182,0.1818181818181818,7.540521140802991
tfnbs,"e=0.8,h=6.0,n=30,start_thres=1.25",hub,0.25,30,25,40,1730,6,2,34,1728,0.15,0.0011560693641618,0.75,0.25,7.540521140802991
tfnbs,"e=0.8,h=7.0,n=30,start_thres=1.25",hub,0.25,30,25,40,1730,6,2,34,1728,0.15,0.0011560693641618,0.75,0.25,7.540521140802991
tfnbs,"e=0.8,h=8.0,n=30,start_thres=1.25",hub,0.25,30,25,40,1730,4,1,36,1729,0.1,0.0005780346820809,0.8,0.2,7.540521140802991
tfnbs,"e=0.8,h=9.0,n=30,start_thres=1.25",hub,0.25,30,25,40,1730,4,1,36,1729,0.1,0.0005780346820809,0.8,0.2,7.540521140802991
tfnbs,"e=0.8,h=10.0,n=30,start_thres=1.25",hub,0.25,30,25,40,1730,4,1,36,1729,0.1,0.0005780346820809,0.8,0.2,7.540521140802991
tfnbs,"e=0.9,h=0.5,n=30,start_thres=1.25",hub,0.25,30,25,40,1730,1,0,39,1730,0.025,0.0,1.0,0.0,7.540521140802991
tfnbs,"e=0.9,h=1.0,n=30,start_thres=1.25",hub,0.25,30,25,40,1730,2,1,38,1729,0.05,0.0005780346820809,0.6666666666666666,0.3333333333333333,7.540521140802991
tfnbs,"e=0.9,h=2.0,n=30,start_thres=1.25",hub,0.25,30,25,40,1730,6,2,34,1728,0.15,0.0011560693641618,0.75,0.25,7.540521140802991
tfnbs,"e=0.9,h=3.0,n=30,start_thres=1.25",hub,0.25,30,25,40,1730,9,2,31,1728,0.225,0.0011560693641618,0.8181818181818182,0.1818181818181818,7.540521140802991
tfnbs,"e=0.9,h=4.0,n=30,start_thres=1.25",hub,0.25,30,25,40,1730,11,2,29,1728,0.275,0.0011560693641618,0.8461538461538461,0.1538461538461538,7.540521140802991
tfnbs,"e=0.9,h=5.0,n=30,start_thres=1.25",hub,0.25,30,25,40,1730,11,2,29,1728,0.275,0.0011560693641618,0.8461538461538461,0.1538461538461538,7.540521140802991
tfnbs,"e=0.9,h=6.0,n=30,start_thres=1.25",hub,0.25,30,25,40,1730,9,2,31,1728,0.225,0.0011560693641618,0.8181818181818182,0.1818181818181818,7.540521140802991
tfnbs,"e=0.9,h=7.0,n=30,start_thres=1.25",hub,0.25,30,25,40,1730,9,2,31,1728,0.225,0.0011560693641618,0.8181818181818182,0.1818181818181818,7.540521140802991
tfnbs,"e=0.9,h=8.0,n=30,start_thres=1.25",hub,0.25,30,25,40,1730,6,2,34,1728,0.15,0.0011560693641618,0.75,0.25,7.540521140802991
tfnbs,"e=0.9,h=9.0,n=30,start_thres=1.25",hub,0.25,30,25,40,1730,4,1,36,1729,0.1,0.0005780346820809,0.8,0.2,7.540521140802991
tfnbs,"e=0.9,h=10.0,n=30,start_thres=1.25",hub,0.25,30,25,40,1730,4,1,36,1729,0.1,0.0005780346820809,0.8,0.2,7.540521140802991
tfnbs,"e=1.0,h=0.5,n=30,start_thres=1.25",hub,0.25,30,25,40,1730,0,0,40,1730,0.0,0.0,0.0,0.0,7.540521140802991
tfnbs,"e=1.0,h=1.0,n=30,start_thres=1.25",hub,0.25,30,25,40,1730,1,0,39,1730,0.025,0.0,1.0,0.0,7.540521140802991
tfnbs,"e=1.0,h=2.0,n=30,start_thres=1.25",hub,0.25,30,25,40,1730,6,2,34,1728,0.15,0.0011560693641618,0.75,0.25,7.540521140802991
tfnbs,"e=1.0,h=3.0,n=30,start_thres=1.25",hub,0.25,30,25,40,1730,9,2,31,1728,0.225,0.0011560693641618,0.8181818181818182,0.1818181818181818,7.540521140802991
tfnbs,"e=1.0,h=4.0,n=30,start_thres=1.25",hub,0.25,30,25,40,1730,11,2,29,1728,0.275,0.0011560693641618,0.8461538461538461,0.1538461538461538,7.540521140802991
tfnbs,"e=1.0,h=5.0,n=30,start_thres=1.25",hub,0.25,30,25,40,1730,11,2,29,1728,0.275,0.0011560693641618,0.8461538461538461,0.1538461538461538,7.540521140802991
tfnbs,"e=1.0,h=6.0,n=30,start_thres=1.25",hub,0.25,30,25,40,1730,11,2,29,1728,0.275,0.0011560693641618,0.8461538461538461,0.1538461538461538,7.540521140802991
tfnbs,"e=1.0,h=7.0,n=30,start_thres=1.25",hub,0.25,30,25,40,1730,9,2,31,1728,0.225,0.0011560693641618,0.8181818181818182,0.1818181818181818,7.540521140802991
tfnbs,"e=1.0,h=8.0,n=30,start_thres=1.25",hub,0.25,30,25,40,1730,9,2,31,1728,0.225,0.0011560693641618,0.8181818181818182,0.1818181818181818,7.540521140802991
tfnbs,"e=1.0,h=9.0,n=30,start_thres=1.25",hub,0.25,30,25,40,1730,6,2,34,1728,0.15,0.0011560693641618,0.75,0.25,7.540521140802991
tfnbs,"e=1.0,h=10.0,n=30,start_thres=1.25",hub,0.25,30,25,40,1730,4,1,36,1729,0.1,0.0005780346820809,0.8,0.2,7.540521140802991
tfnbs,"e=1.1,h=0.5,n=30,start_thres=1.25",hub,0.25,30,25,40,1730,0,0,40,1730,0.0,0.0,0.0,0.0,7.540521140802991
tfnbs,"e=1.1,h=1.0,n=30,start_thres=1.25",hub,0.25,30,25,40,1730,0,0,40,1730,0.0,0.0,0.0,0.0,7.540521140802991
tfnbs,"e=1.1,h=2.0,n=30,start_thres=1.25",hub,0.25,30,25,40,1730,4,1,36,1729,0.1,0.0005780346820809,0.8,0.2,7.540521140802991
tfnbs,"e=1.1,h=3.0,n=30,start_thres=1.25",hub,0.25,30,25,40,1730,9,2,31,1728,0.225,0.0011560693641618,0.8181818181818182,0.1818181818181818,7.540521140802991
tfnbs,"e=1.1,h=4.0,n=30,start_thres=1.25",hub,0.25,30,25,40,1730,11,2,29,1728,0.275,0.0011560693641618,0.8461538461538461,0.1538461538461538,7.540521140802991
tfnbs,"e=1.1,h=5.0,n=30,start_thres=1.25",hub,0.25,30,25,40,1730,11,2,29,1728,0.275,0.0011560693641618,0.8461538461538461,0.1538461538461538,7.540521140802991
tfnbs,"e=1.1,h=6.0,n=30,start_thres=1.25",hub,0.25,30,25,40,1730,11,2,29,1728,0.275,0.0011560693641618,0.8461538461538461,0.1538461538461538,7.540521140802991
tfnbs,"e=1.1,h=7.0,n=30,start_thres=1.25",hub,0.25,30,25,40,1730,11,2,29,1728,0.275,0.0011560693641618,0.8461538461538461,0.1538461538461538,7.540521140802991
tfnbs,"e=1.1,h=8.0,n=30,start_thres=1.25",hub,0.25,30,25,40,1730,9,2,31,1728,0.225,0.0011560693641618,0.8181818181818182,0.1818181818181818,7.540521140802991
tfnbs,"e=1.1,h=9.0,n=30,start_thres=1.25",hub,0.25,30,25,40,1730,9,2,31,1728,0.225,0.0011560693641618,0.8181818181818182,0.1818181818181818,7.540521140802991
tfnbs,"e=1.1,h=10.0,n=30,start_thres=1.25",hub,0.25,30,25,40,1730,6,2,34,1728,0.15,0.0011560693641618,0.75,0.25,7.540521140802991
tfnbs,"e=1.2,h=0.5,n=30,start_thres=1.25",hub,0.25,30,25,40,1730,0,0,40,1730,0.0,0.0,0.0,0.0,7.540521140802991
tfnbs,"e=1.2,h=1.0,n=30,start_thres=1.25",hub,0.25,30,25,40,1730,0,0,40,1730,0.0,0.0,0.0,0.0,7.540521140802991
tfnbs,"e=1.2,h=2.0,n=30,start_thres=1.25",hub,0.25,30,25,40,1730,1,0,39,1730,0.025,0.0,1.0,0.0,7.540521140802991
tfnbs,"e=1.2,h=3.0,n=30,start_thres=1.25",hub,0.25,30,25,40,1730,6,2,34,1728,0.15,0.0011560693641618,0.75,0.25,7.540521140802991
tfnbs,"e=1.2,h=4.0,n=30,start_thres=1.25",hub,0.25,30,25,40,1730,9,2,31,1728,0.225,0.0011560693641618,0.8181818181818182,0.1818181818181818,7.540521140802991
tfnbs,"e=1.2,h=5.0,n=30,start_thres=1.25",hub,0.25,30,25,40,1730,11,2,29,1728,0.275,0.0011560693641618,0.8461538461538461,0.1538461538461538,7.540521140802991
tfnbs,"e=1.2,h=6.0,n=30,start_thres=1.25",hub,0.25,30,25,40,1730,11,2,29,1728,0.275,0.0011560693641618,0.8461538461538461,0.1538461538461538,7.540521140802991
tfnbs,"e=1.2,h=7.0,n=30,start_thres=1.25",hub,0.25,30,25,40,1730,11,2,29,1728,0.275,0.0011560693641618,0.8461538461538461,0.1538461538461538,7.540521140802991
tfnbs,"e=1.2,h=8.0,n=30,start_thres=1.25",hub,0.25,30,25,40,1730,11,2,29,1728,0.275,0.0011560693641618,0.8461538461538461,0.1538461538461538,7.540521140802991
tfnbs,"e=1.2,h=9.0,n=30,start_thres=1.25",hub,0.25,30,25,40,1730,9,2,31,1728,0.225,0.0011560693641618,0.8181818181818182,0.1818181818181818,7.540521140802991
tfnbs,"e=1.2,h=10.0,n=30,start_thres=1.25",hub,0.25,30,25,40,1730,9,2,31,1728,0.225,0.0011560693641618,0.8181818181818182,0.1818181818181818,7.540521140802991
tfnbs,"e=1.3,h=0.5,n=30,start_thres=1.25",hub,0.25,30,25,40,1730,0,0,40,1730,0.0,0.0,0.0,0.0,7.540521140802991
tfnbs,"e=1.3,h=1.0,n=30,start_thres=1.25",hub,0.25,30,25,40,1730,0,0,40,1730,0.0,0.0,0.0,0.0,7.540521140802991
tfnbs,"e=1.3,h=2.0,n=30,start_thres=1.25",hub,0.25,30,25,40,1730,0,0,40,1730,0.0,0.0,0.0,0.0,7.540521140802991
tfnbs,"e=1.3,h=3.0,n=30,start_thres=1.25",hub,0.25,30,25,40,1730,4,1,36,1729,0.1,0.0005780346820809,0.8,0.2,7.540521140802991
tfnbs,"e=1.3,h=4.0,n=30,start_thres=1.25",hub,0.25,30,25,40,1730,9,2,31,1728,0.225,0.0011560693641618,0.8181818181818182,0.1818181818181818,7.540521140802991
tfnbs,"e=1.3,h=5.0,n=30,start_thres=1.25",hub,0.25,30,25,40,1730,11,2,29,1728,0.275,0.0011560693641618,0.8461538461538461,0.1538461538461538,7.540521140802991
tfnbs,"e=1.3,h=6.0,n=30,start_thres=1.25",hub,0.25,30,25,40,1730,11,2,29,1728,0.275,0.0011560693641618,0.8461538461538461,0.1538461538461538,7.540521140802991
tfnbs,"e=1.3,h=7.0,n=30,start_thres=1.25",hub,0.25,30,25,40,1730,11,2,29,1728,0.275,0.0011560693641618,0.8461538461538461,0.1538461538461538,7.540521140802991
tfnbs,"e=1.3,h=8.0,n=30,start_thres=1.25",hub,0.25,30,25,40,1730,11,2,29,1728,0.275,0.0011560693641618,0.8461538461538461,0.1538461538461538,7.540521140802991
tfnbs,"e=1.3,h=9.0,n=30,start_thres=1.25",hub,0.25,30,25,40,1730,11,2,29,1728,0.275,0.0011560693641618,0.8461538461538461,0.1538461538461538,7.540521140802991
tfnbs,"e=1.3,h=10.0,n=30,start_thres=1.25",hub,0.25,30,25,40,1730,9,2,31,1728,0.225,0.0011560693641618,0.8181818181818182,0.1818181818181818,7.540521140802991
tfnbs,"e=1.4,h=0.5,n=30,start_thres=1.25",hub,0.25,30,25,40,1730,0,0,40,1730,0.0,0.0,0.0,0.0,7.540521140802991
tfnbs,"e=1.4,h=1.0,n=30,start_thres=1.25",hub,0.25,30,25,40,1730,0,0,40,1730,0.0,0.0,0.0,0.0,7.540521140802991
tfnbs,"e=1.4,h=2.0,n=30,start_thres=1.25",hub,0.25,30,25,40,1730,0,0,40,1730,0.0,0.0,0.0,0.0,7.540521140802991
tfnbs,"e=1.4,h=3.0,n=30,start_thres=1.25",hub,0.25,30,25,40,1730,1,0,39,1730,0.025,0.0,1.0,0.0,7.540521140802991
tfnbs,"e=1.4,h=4.0,n=30,start_thres=1.25",hub,0.25,30,25,40,1730,6,2,34,1728,0.15,0.0011560693641618,0.75,0.25,7.540521140802991
tfnbs,"e=1.4,h=5.0,n=30,start_thres=1.25",hub,0.25,30,25,40,1730,11,2,29,1728,0.275,0.0011560693641618,0.8461538461538461,0.1538461538461538,7.540521140802991
tfnbs,"e=1.4,h=6.0,n=30,start_thres=1.25",hub,0.25,30,25,40,1730,11,2,29,1728,0.275,0.0011560693641618,0.8461538461538461,0.1538461538461538,7.540521140802991
tfnbs,"e=1.4,h=7.0,n=30,start_thres=1.25",hub,0.25,30,25,40,1730,11,2,29,1728,0.275,0.0011560693641618,0.8461538461538461,0.1538461538461538,7.540521140802991
tfnbs,"e=1.4,h=8.0,n=30,start_thres=1.25",hub,0.25,30,25,40,1730,11,2,29,1728,0.275,0.0011560693641618,0.8461538461538461,0.1538461538461538,7.540521140802991
tfnbs,"e=1.4,h=9.0,n=30,start_thres=1.25",hub,0.25,30,25,40,1730,11,2,29,1728,0.275,0.0011560693641618,0.8461538461538461,0.1538461538461538,7.540521140802991
tfnbs,"e=1.4,h=10.0,n=30,start_thres=1.25",hub,0.25,30,25,40,1730,11,2,29,1728,0.275,0.0011560693641618,0.8461538461538461,0.1538461538461538,7.540521140802991
tfnbs,"e=1.5,h=0.5,n=30,start_thres=1.25",hub,0.25,30,25,40,1730,0,0,40,1730,0.0,0.0,0.0,0.0,7.540521140802991
tfnbs,"e=1.5,h=1.0,n=30,start_thres=1.25",hub,0.25,30,25,40,1730,0,0,40,1730,0.0,0.0,0.0,0.0,7.540521140802991
tfnbs,"e=1.5,h=2.0,n=30,start_thres=1.25",hub,0.25,30,25,40,1730,0,0,40,1730,0.0,0.0,0.0,0.0,7.540521140802991
tfnbs,"e=1.5,h=3.0,n=30,start_thres=1.25",hub,0.25,30,25,40,1730,0,0,40,1730,0.0,0.0,0.0,0.0,7.540521140802991
tfnbs,"e=1.5,h=4.0,n=30,start_thres=1.25",hub,0.25,30,25,40,1730,4,1,36,1729,0.1,0.0005780346820809,0.8,0.2,7.540521140802991
tfnbs,"e=1.5,h=5.0,n=30,start_thres=1.25",hub,0.25,30,25,40,1730,9,2,31,1728,0.225,0.0011560693641618,0.8181818181818182,0.1818181818181818,7.540521140802991
tfnbs,"e=1.5,h=6.0,n=30,start_thres=1.25",hub,0.25,30,25,40,1730,11,2,29,1728,0.275,0.0011560693641618,0.8461538461538461,0.1538461538461538,7.540521140802991
tfnbs,"e=1.5,h=7.0,n=30,start_thres=1.25",hub,0.25,30,25,40,1730,11,2,29,1728,0.275,0.0011560693641618,0.8461538461538461,0.1538461538461538,7.540521140802991
tfnbs,"e=1.5,h=8.0,n=30,start_thres=1.25",hub,0.25,30,25,40,1730,11,2,29,1728,0.275,0.0011560693641618,0.8461538461538461,0.1538461538461538,7.540521140802991
tfnbs,"e=1.5,h=9.0,n=30,start_thres=1.25",hub,0.25,30,25,40,1730,11,2,29,1728,0.275,0.0011560693641618,0.8461538461538461,0.1538461538461538,7.540521140802991
tfnbs,"e=1.5,h=10.0,n=30,start_thres=1.25",hub,0.25,30,25,40,1730,11,2,29,1728,0.275,0.0011560693641618,0.8461538461538461,0.1538461538461538,7.540521140802991
tfnbs,"e=0.05,h=0.5,n=30,start_thres=1.25",hub,0.25,30,27,40,1730,8,1,32,1729,0.2,0.0005780346820809,0.8888888888888888,0.1111111111111111,7.532413745468313
tfnbs,"e=0.05,h=1.0,n=30,start_thres=1.25",hub,0.25,30,27,40,1730,8,1,32,1729,0.2,0.0005780346820809,0.8888888888888888,0.1111111111111111,7.532413745468313
tfnbs,"e=0.05,h=2.0,n=30,start_thres=1.25",hub,0.25,30,27,40,1730,7,1,33,1729,0.175,0.0005780346820809,0.875,0.125,7.532413745468313
tfnbs,"e=0.05,h=3.0,n=30,start_thres=1.25",hub,0.25,30,27,40,1730,7,1,33,1729,0.175,0.0005780346820809,0.875,0.125,7.532413745468313
tfnbs,"e=0.05,h=4.0,n=30,start_thres=1.25",hub,0.25,30,27,40,1730,7,1,33,1729,0.175,0.0005780346820809,0.875,0.125,7.532413745468313
tfnbs,"e=0.05,h=5.0,n=30,start_thres=1.25",hub,0.25,30,27,40,1730,7,1,33,1729,0.175,0.0005780346820809,0.875,0.125,7.532413745468313
tfnbs,"e=0.05,h=6.0,n=30,start_thres=1.25",hub,0.25,30,27,40,1730,7,1,33,1729,0.175,0.0005780346820809,0.875,0.125,7.532413745468313
tfnbs,"e=0.05,h=7.0,n=30,start_thres=1.25",hub,0.25,30,27,40,1730,7,1,33,1729,0.175,0.0005780346820809,0.875,0.125,7.532413745468313
tfnbs,"e=0.05,h=8.0,n=30,start_thres=1.25",hub,0.25,30,27,40,1730,7,1,33,1729,0.175,0.0005780346820809,0.875,0.125,7.532413745468313
tfnbs,"e=0.05,h=9.0,n=30,start_thres=1.25",hub,0.25,30,27,40,1730,7,1,33,1729,0.175,0.0005780346820809,0.875,0.125,7.532413745468313
tfnbs,"e=0.05,h=10.0,n=30,start_thres=1.25",hub,0.25,30,27,40,1730,7,1,33,1729,0.175,0.0005780346820809,0.875,0.125,7.532413745468313
tfnbs,"e=0.1,h=0.5,n=30,start_thres=1.25",hub,0.25,30,27,40,1730,11,2,29,1728,0.275,0.0011560693641618,0.8461538461538461,0.1538461538461538,7.532413745468313
tfnbs,"e=0.1,h=1.0,n=30,start_thres=1.25",hub,0.25,30,27,40,1730,11,2,29,1728,0.275,0.0011560693641618,0.8461538461538461,0.1538461538461538,7.532413745468313
tfnbs,"e=0.1,h=2.0,n=30,start_thres=1.25",hub,0.25,30,27,40,1730,9,2,31,1728,0.225,0.0011560693641618,0.8181818181818182,0.1818181818181818,7.532413745468313
tfnbs,"e=0.1,h=3.0,n=30,start_thres=1.25",hub,0.25,30,27,40,1730,8,1,32,1729,0.2,0.0005780346820809,0.8888888888888888,0.1111111111111111,7.532413745468313
tfnbs,"e=0.1,h=4.0,n=30,start_thres=1.25",hub,0.25,30,27,40,1730,8,1,32,1729,0.2,0.0005780346820809,0.8888888888888888,0.1111111111111111,7.532413745468313
tfnbs,"e=0.1,h=5.0,n=30,start_thres=1.25",hub,0.25,30,27,40,1730,8,1,32,1729,0.2,0.0005780346820809,0.8888888888888888,0.1111111111111111,7.532413745468313
tfnbs,"e=0.1,h=6.0,n=30,start_thres=1.25",hub,0.25,30,27,40,1730,7,1,33,1729,0.175,0.0005780346820809,0.875,0.125,7.532413745468313
tfnbs,"e=0.1,h=7.0,n=30,start_thres=1.25",hub,0.25,30,27,40,1730,7,1,33,1729,0.175,0.0005780346820809,0.875,0.125,7.532413745468313
tfnbs,"e=0.1,h=8.0,n=30,start_thres=1.25",hub,0.25,30,27,40,1730,7,1,33,1729,0.175,0.0005780346820809,0.875,0.125,7.532413745468313
tfnbs,"e=0.1,h=9.0,n=30,start_thres=1.25",hub,0.25,30,27,40,1730,7,1,33,1729,0.175,0.0005780346820809,0.875,0.125,7.532413745468313
tfnbs,"e=0.1,h=10.0,n=30,start_thres=1.25",hub,0.25,30,27,40,1730,7,1,33,1729,0.175,0.0005780346820809,0.875,0.125,7.532413745468313
tfnbs,"e=0.2,h=0.5,n=30,start_thres=1.25",hub,0.25,30,27,40,1730,12,3,28,1727,0.3,0.0017341040462427,0.8,0.2,7.532413745468313
tfnbs,"e=0.2,h=1.0,n=30,start_thres=1.25",hub,0.25,30,27,40,1730,12,2,28,1728,0.3,0.0011560693641618,0.8571428571428571,0.1428571428571428,7.532413745468313
tfnbs,"e=0.2,h=2.0,n=30,start_thres=1.25",hub,0.25,30,27,40,1730,12,2,28,1728,0.3,0.0011560693641618,0.8571428571428571,0.1428571428571428,7.532413745468313
tfnbs,"e=0.2,h=3.0,n=30,start_thres=1.25",hub,0.25,30,27,40,1730,12,2,28,1728,0.3,0.0011560693641618,0.8571428571428571,0.1428571428571428,7.532413745468313
tfnbs,"e=0.2,h=4.0,n=30,start_thres=1.25",hub,0.25,30,27,40,1730,11,2,29,1728,0.275,0.0011560693641618,0.8461538461538461,0.1538461538461538,7.532413745468313
tfnbs,"e=0.2,h=5.0,n=30,start_thres=1.25",hub,0.25,30,27,40,1730,9,2,31,1728,0.225,0.0011560693641618,0.8181818181818182,0.1818181818181818,7.532413745468313
tfnbs,"e=0.2,h=6.0,n=30,start_thres=1.25",hub,0.25,30,27,40,1730,9,2,31,1728,0.225,0.0011560693641618,0.8181818181818182,0.1818181818181818,7.532413745468313
tfnbs,"e=0.2,h=7.0,n=30,start_thres=1.25",hub,0.25,30,27,40,1730,8,1,32,1729,0.2,0.0005780346820809,0.8888888888888888,0.1111111111111111,7.532413745468313
tfnbs,"e=0.2,h=8.0,n=30,start_thres=1.25",hub,0.25,30,27,40,1730,8,1,32,1729,0.2,0.0005780346820809,0.8888888888888888,0.1111111111111111,7.532413745468313
tfnbs,"e=0.2,h=9.0,n=30,start_thres=1.25",hub,0.25,30,27,40,1730,8,1,32,1729,0.2,0.0005780346820809,0.8888888888888888,0.1111111111111111,7.532413745468313
tfnbs,"e=0.2,h=10.0,n=30,start_thres=1.25",hub,0.25,30,27,40,1730,8,1,32,1729,0.2,0.0005780346820809,0.8888888888888888,0.1111111111111111,7.532413745468313
tfnbs,"e=0.3,h=0.5,n=30,start_thres=1.25",hub,0.25,30,27,40,1730,19,3,21,1727,0.475,0.0017341040462427,0.8636363636363636,0.1363636363636363,7.532413745468313
tfnbs,"e=0.3,h=1.0,n=30,start_thres=1.25",hub,0.25,30,27,40,1730,19,3,21,1727,0.475,0.0017341040462427,0.8636363636363636,0.1363636363636363,7.532413745468313
tfnbs,"e=0.3,h=2.0,n=30,start_thres=1.25",hub,0.25,30,27,40,1730,14,3,26,1727,0.35,0.0017341040462427,0.8235294117647058,0.1764705882352941,7.532413745468313
tfnbs,"e=0.3,h=3.0,n=30,start_thres=1.25",hub,0.25,30,27,40,1730,12,3,28,1727,0.3,0.0017341040462427,0.8,0.2,7.532413745468313
tfnbs,"e=0.3,h=4.0,n=30,start_thres=1.25",hub,0.25,30,27,40,1730,12,2,28,1728,0.3,0.0011560693641618,0.8571428571428571,0.1428571428571428,7.532413745468313
tfnbs,"e=0.3,h=5.0,n=30,start_thres=1.25",hub,0.25,30,27,40,1730,12,2,28,1728,0.3,0.0011560693641618,0.8571428571428571,0.1428571428571428,7.532413745468313
tfnbs,"e=0.3,h=6.0,n=30,start_thres=1.25",hub,0.25,30,27,40,1730,11,2,29,1728,0.275,0.0011560693641618,0.8461538461538461,0.1538461538461538,7.532413745468313
tfnbs,"e=0.3,h=7.0,n=30,start_thres=1.25",hub,0.25,30,27,40,1730,11,2,29,1728,0.275,0.0011560693641618,0.8461538461538461,0.1538461538461538,7.532413745468313
tfnbs,"e=0.3,h=8.0,n=30,start_thres=1.25",hub,0.25,30,27,40,1730,9,2,31,1728,0.225,0.0011560693641618,0.8181818181818182,0.1818181818181818,7.532413745468313
tfnbs,"e=0.3,h=9.0,n=30,start_thres=1.25",hub,0.25,30,27,40,1730,9,2,31,1728,0.225,0.0011560693641618,0.8181818181818182,0.1818181818181818,7.532413745468313
tfnbs,"e=0.3,h=10.0,n=30,start_thres=1.25",hub,0.25,30,27,40,1730,9,2,31,1728,0.225,0.0011560693641618,0.8181818181818182,0.1818181818181818,7.532413745468313
tfnbs,"e=0.4,h=0.5,n=30,start_thres=1.25",hub,0.25,30,27,40,1730,22,7,18,1723,0.55,0.0040462427745664,0.7586206896551724,0.2413793103448276,7.532413745468313
tfnbs,"e=0.4,h=1.0,n=30,start_thres=1.25",hub,0.25,30,27,40,1730,22,7,18,1723,0.55,0.0040462427745664,0.7586206896551724,0.2413793103448276,7.532413745468313
tfnbs,"e=0.4,h=2.0,n=30,start_thres=1.25",hub,0.25,30,27,40,1730,19,3,21,1727,0.475,0.0017341040462427,0.8636363636363636,0.1363636363636363,7.532413745468313
tfnbs,"e=0.4,h=3.0,n=30,start_thres=1.25",hub,0.25,30,27,40,1730,18,3,22,1727,0.45,0.0017341040462427,0.8571428571428571,0.1428571428571428,7.532413745468313
tfnbs,"e=0.4,h=4.0,n=30,start_thres=1.25",hub,0.25,30,27,40,1730,14,3,26,1727,0.35,0.0017341040462427,0.8235294117647058,0.1764705882352941,7.532413745468313
tfnbs,"e=0.4,h=5.0,n=30,start_thres=1.25",hub,0.25,30,27,40,1730,12,2,28,1728,0.3,0.0011560693641618,0.8571428571428571,0.1428571428571428,7.532413745468313
tfnbs,"e=0.4,h=6.0,n=30,start_thres=1.25",hub,0.25,30,27,40,1730,12,2,28,1728,0.3,0.0011560693641618,0.8571428571428571,0.1428571428571428,7.532413745468313
tfnbs,"e=0.4,h=7.0,n=30,start_thres=1.25",hub,0.25,30,27,40,1730,12,2,28,1728,0.3,0.0011560693641618,0.8571428571428571,0.1428571428571428,7.532413745468313
tfnbs,"e=0.4,h=8.0,n=30,start_thres=1.25",hub,0.25,30,27,40,1730,11,2,29,1728,0.275,0.0011560693641618,0.8461538461538461,0.1538461538461538,7.532413745468313
tfnbs,"e=0.4,h=9.0,n=30,start_thres=1.25",hub,0.25,30,27,40,1730,11,2,29,1728,0.275,0.0011560693641618,0.8461538461538461,0.1538461538461538,7.532413745468313
tfnbs,"e=0.4,h=10.0,n=30,start_thres=1.25",hub,0.25,30,27,40,1730,11,2,29,1728,0.275,0.0011560693641618,0.8461538461538461,0.1538461538461538,7.532413745468313
tfnbs,"e=0.5,h=0.5,n=30,start_thres=1.25",hub,0.25,30,27,40,1730,24,8,16,1722,0.6,0.0046242774566473,0.75,0.25,7.532413745468313
tfnbs,"e=0.5,h=1.0,n=30,start_thres=1.25",hub,0.25,30,27,40,1730,24,7,16,1723,0.6,0.0040462427745664,0.7741935483870968,0.2258064516129032,7.532413745468313
tfnbs,"e=0.5,h=2.0,n=30,start_thres=1.25",hub,0.25,30,27,40,1730,22,7,18,1723,0.55,0.0040462427745664,0.7586206896551724,0.2413793103448276,7.532413745468313
tfnbs,"e=0.5,h=3.0,n=30,start_thres=1.25",hub,0.25,30,27,40,1730,21,5,19,1725,0.525,0.0028901734104046,0.8076923076923077,0.1923076923076923,7.532413745468313
tfnbs,"e=0.5,h=4.0,n=30,start_thres=1.25",hub,0.25,30,27,40,1730,19,3,21,1727,0.475,0.0017341040462427,0.8636363636363636,0.1363636363636363,7.532413745468313
tfnbs,"e=0.5,h=5.0,n=30,start_thres=1.25",hub,0.25,30,27,40,1730,18,3,22,1727,0.45,0.0017341040462427,0.8571428571428571,0.1428571428571428,7.532413745468313
tfnbs,"e=0.5,h=6.0,n=30,start_thres=1.25",hub,0.25,30,27,40,1730,12,3,28,1727,0.3,0.0017341040462427,0.8,0.2,7.532413745468313
tfnbs,"e=0.5,h=7.0,n=30,start_thres=1.25",hub,0.25,30,27,40,1730,12,2,28,1728,0.3,0.0011560693641618,0.8571428571428571,0.1428571428571428,7.532413745468313
tfnbs,"e=0.5,h=8.0,n=30,start_thres=1.25",hub,0.25,30,27,40,1730,12,2,28,1728,0.3,0.0011560693641618,0.8571428571428571,0.1428571428571428,7.532413745468313
tfnbs,"e=0.5,h=9.0,n=30,start_thres=1.25",hub,0.25,30,27,40,1730,12,2,28,1728,0.3,0.0011560693641618,0.8571428571428571,0.1428571428571428,7.532413745468313
tfnbs,"e=0.5,h=10.0,n=30,start_thres=1.25",hub,0.25,30,27,40,1730,12,2,28,1728,0.3,0.0011560693641618,0.8571428571428571,0.1428571428571428,7.532413745468313
tfnbs,"e=0.6,h=0.5,n=30,start_thres=1.25",hub,0.25,30,27,40,1730,26,13,14,1717,0.65,0.007514450867052,0.6666666666666666,0.3333333333333333,7.532413745468313
tfnbs,"e=0.6,h=1.0,n=30,start_thres=1.25",hub,0.25,30,27,40,1730,25,10,15,1720,0.625,0.0057803468208092,0.7142857142857143,0.2857142857142857,7.532413745468313
tfnbs,"e=0.6,h=2.0,n=30,start_thres=1.25",hub,0.25,30,27,40,1730,24,8,16,1722,0.6,0.0046242774566473,0.75,0.25,7.532413745468313
tfnbs,"e=0.6,h=3.0,n=30,start_thres=1.25",hub,0.25,30,27,40,1730,24,7,16,1723,0.6,0.0040462427745664,0.7741935483870968,0.2258064516129032,7.532413745468313
tfnbs,"e=0.6,h=4.0,n=30,start_thres=1.25",hub,0.25,30,27,40,1730,21,5,19,1725,0.525,0.0028901734104046,0.8076923076923077,0.1923076923076923,7.532413745468313
tfnbs,"e=0.6,h=5.0,n=30,start_thres=1.25",hub,0.25,30,27,40,1730,19,3,21,1727,0.475,0.0017341040462427,0.8636363636363636,0.1363636363636363,7.532413745468313
tfnbs,"e=0.6,h=6.0,n=30,start_thres=1.25",hub,0.25,30,27,40,1730,18,3,22,1727,0.45,0.0017341040462427,0.8571428571428571,0.1428571428571428,7.532413745468313
tfnbs,"e=0.6,h=7.0,n=30,start_thres=1.25",hub,0.25,30,27,40,1730,14,3,26,1727,0.35,0.0017341040462427,0.8235294117647058,0.1764705882352941,7.532413745468313
tfnbs,"e=0.6,h=8.0,n=30,start_thres=1.25",hub,0.25,30,27,40,1730,12,2,28,1728,0.3,0.0011560693641618,0.8571428571428571,0.1428571428571428,7.532413745468313
tfnbs,"e=0.6,h=9.0,n=30,start_thres=1.25",hub,0.25,30,27,40,1730,12,2,28,1728,0.3,0.0011560693641618,0.8571428571428571,0.1428571428571428,7.532413745468313
tfnbs,"e=0.6,h=10.0,n=30,start_thres=1.25",hub,0.25,30,27,40,1730,12,2,28,1728,0.3,0.0011560693641618,0.8571428571428571,0.1428571428571428,7.532413745468313
tfnbs,"e=0.7,h=0.5,n=30,start_thres=1.25",hub,0.25,30,27,40,1730,26,13,14,1717,0.65,0.007514450867052,0.6666666666666666,0.3333333333333333,7.532413745468313
tfnbs,"e=0.7,h=1.0,n=30,start_thres=1.25",hub,0.25,30,27,40,1730,26,13,14,1717,0.65,0.007514450867052,0.6666666666666666,0.3333333333333333,7.532413745468313
tfnbs,"e=0.7,h=2.0,n=30,start_thres=1.25",hub,0.25,30,27,40,1730,26,13,14,1717,0.65,0.007514450867052,0.6666666666666666,0.3333333333333333,7.532413745468313
tfnbs,"e=0.7,h=3.0,n=30,start_thres=1.25",hub,0.25,30,27,40,1730,25,10,15,1720,0.625,0.0057803468208092,0.7142857142857143,0.2857142857142857,7.532413745468313
tfnbs,"e=0.7,h=4.0,n=30,start_thres=1.25",hub,0.25,30,27,40,1730,24,7,16,1723,0.6,0.0040462427745664,0.7741935483870968,0.2258064516129032,7.532413745468313
tfnbs,"e=0.7,h=5.0,n=30,start_thres=1.25",hub,0.25,30,27,40,1730,22,7,18,1723,0.55,0.0040462427745664,0.7586206896551724,0.2413793103448276,7.532413745468313
tfnbs,"e=0.7,h=6.0,n=30,start_thres=1.25",hub,0.25,30,27,40,1730,21,5,19,1725,0.525,0.0028901734104046,0.8076923076923077,0.1923076923076923,7.532413745468313
tfnbs,"e=0.7,h=7.0,n=30,start_thres=1.25",hub,0.25,30,27,40,1730,18,3,22,1727,0.45,0.0017341040462427,0.8571428571428571,0.1428571428571428,7.532413745468313
tfnbs,"e=0.7,h=8.0,n=30,start_thres=1.25",hub,0.25,30,27,40,1730,14,3,26,1727,0.35,0.0017341040462427,0.8235294117647058,0.1764705882352941,7.532413745468313
tfnbs,"e=0.7,h=9.0,n=30,start_thres=1.25",hub,0.25,30,27,40,1730,12,3,28,1727,0.3,0.0017341040462427,0.8,0.2,7.532413745468313
tfnbs,"e=0.7,h=10.0,n=30,start_thres=1.25",hub,0.25,30,27,40,1730,12,2,28,1728,0.3,0.0011560693641618,0.8571428571428571,0.1428571428571428,7.532413745468313
tfnbs,"e=0.8,h=0.5,n=30,start_thres=1.25",hub,0.25,30,27,40,1730,27,15,13,1715,0.675,0.0086705202312138,0.6428571428571429,0.3571428571428571,7.532413745468313
tfnbs,"e=0.8,h=1.0,n=30,start_thres=1.25",hub,0.25,30,27,40,1730,27,15,13,1715,0.675,0.0086705202312138,0.6428571428571429,0.3571428571428571,7.532413745468313
tfnbs,"e=0.8,h=2.0,n=30,start_thres=1.25",hub,0.25,30,27,40,1730,26,13,14,1717,0.65,0.007514450867052,0.6666666666666666,0.3333333333333333,7.532413745468313
tfnbs,"e=0.8,h=3.0,n=30,start_thres=1.25",hub,0.25,30,27,40,1730,26,13,14,1717,0.65,0.007514450867052,0.6666666666666666,0.3333333333333333,7.532413745468313
tfnbs,"e=0.8,h=4.0,n=30,start_thres=1.25",hub,0.25,30,27,40,1730,25,10,15,1720,0.625,0.0057803468208092,0.7142857142857143,0.2857142857142857,7.532413745468313
tfnbs,"e=0.8,h=5.0,n=30,start_thres=1.25",hub,0.25,30,27,40,1730,24,7,16,1723,0.6,0.0040462427745664,0.7741935483870968,0.2258064516129032,7.532413745468313
tfnbs,"e=0.8,h=6.0,n=30,start_thres=1.25",hub,0.25,30,27,40,1730,22,7,18,1723,0.55,0.0040462427745664,0.7586206896551724,0.2413793103448276,7.532413745468313
tfnbs,"e=0.8,h=7.0,n=30,start_thres=1.25",hub,0.25,30,27,40,1730,21,5,19,1725,0.525,0.0028901734104046,0.8076923076923077,0.1923076923076923,7.532413745468313
tfnbs,"e=0.8,h=8.0,n=30,start_thres=1.25",hub,0.25,30,27,40,1730,19,3,21,1727,0.475,0.0017341040462427,0.8636363636363636,0.1363636363636363,7.532413745468313
tfnbs,"e=0.8,h=9.0,n=30,start_thres=1.25",hub,0.25,30,27,40,1730,18,3,22,1727,0.45,0.0017341040462427,0.8571428571428571,0.1428571428571428,7.532413745468313
tfnbs,"e=0.8,h=10.0,n=30,start_thres=1.25",hub,0.25,30,27,40,1730,14,3,26,1727,0.35,0.0017341040462427,0.8235294117647058,0.1764705882352941,7.532413745468313
tfnbs,"e=0.9,h=0.5,n=30,start_thres=1.25",hub,0.25,30,27,40,1730,29,24,11,1706,0.725,0.0138728323699421,0.5471698113207547,0.4528301886792453,7.532413745468313
tfnbs,"e=0.9,h=1.0,n=30,start_thres=1.25",hub,0.25,30,27,40,1730,27,16,13,1714,0.675,0.0092485549132947,0.627906976744186,0.3720930232558139,7.532413745468313
tfnbs,"e=0.9,h=2.0,n=30,start_thres=1.25",hub,0.25,30,27,40,1730,27,15,13,1715,0.675,0.0086705202312138,0.6428571428571429,0.3571428571428571,7.532413745468313
tfnbs,"e=0.9,h=3.0,n=30,start_thres=1.25",hub,0.25,30,27,40,1730,27,15,13,1715,0.675,0.0086705202312138,0.6428571428571429,0.3571428571428571,7.532413745468313
tfnbs,"e=0.9,h=4.0,n=30,start_thres=1.25",hub,0.25,30,27,40,1730,26,13,14,1717,0.65,0.007514450867052,0.6666666666666666,0.3333333333333333,7.532413745468313
tfnbs,"e=0.9,h=5.0,n=30,start_thres=1.25",hub,0.25,30,27,40,1730,25,10,15,1720,0.625,0.0057803468208092,0.7142857142857143,0.2857142857142857,7.532413745468313
tfnbs,"e=0.9,h=6.0,n=30,start_thres=1.25",hub,0.25,30,27,40,1730,24,7,16,1723,0.6,0.0040462427745664,0.7741935483870968,0.2258064516129032,7.532413745468313
tfnbs,"e=0.9,h=7.0,n=30,start_thres=1.25",hub,0.25,30,27,40,1730,22,7,18,1723,0.55,0.0040462427745664,0.7586206896551724,0.2413793103448276,7.532413745468313
tfnbs,"e=0.9,h=8.0,n=30,start_thres=1.25",hub,0.25,30,27,40,1730,21,5,19,1725,0.525,0.0028901734104046,0.8076923076923077,0.1923076923076923,7.532413745468313
tfnbs,"e=0.9,h=9.0,n=30,start_thres=1.25",hub,0.25,30,27,40,1730,19,3,21,1727,0.475,0.0017341040462427,0.8636363636363636,0.1363636363636363,7.532413745468313
tfnbs,"e=0.9,h=10.0,n=30,start_thres=1.25",hub,0.25,30,27,40,1730,18,3,22,1727,0.45,0.0017341040462427,0.8571428571428571,0.1428571428571428,7.532413745468313
tfnbs,"e=1.0,h=0.5,n=30,start_thres=1.25",hub,0.25,30,27,40,1730,29,24,11,1706,0.725,0.0138728323699421,0.5471698113207547,0.4528301886792453,7.532413745468313
tfnbs,"e=1.0,h=1.0,n=30,start_thres=1.25",hub,0.25,30,27,40,1730,29,24,11,1706,0.725,0.0138728323699421,0.5471698113207547,0.4528301886792453,7.532413745468313
tfnbs,"e=1.0,h=2.0,n=30,start_thres=1.25",hub,0.25,30,27,40,1730,29,24,11,1706,0.725,0.0138728323699421,0.5471698113207547,0.4528301886792453,7.532413745468313
tfnbs,"e=1.0,h=3.0,n=30,start_thres=1.25",hub,0.25,30,27,40,1730,27,15,13,1715,0.675,0.0086705202312138,0.6428571428571429,0.3571428571428571,7.532413745468313
tfnbs,"e=1.0,h=4.0,n=30,start_thres=1.25",hub,0.25,30,27,40,1730,27,15,13,1715,0.675,0.0086705202312138,0.6428571428571429,0.3571428571428571,7.532413745468313
tfnbs,"e=1.0,h=5.0,n=30,start_thres=1.25",hub,0.25,30,27,40,1730,26,13,14,1717,0.65,0.007514450867052,0.6666666666666666,0.3333333333333333,7.532413745468313
tfnbs,"e=1.0,h=6.0,n=30,start_thres=1.25",hub,0.25,30,27,40,1730,25,10,15,1720,0.625,0.0057803468208092,0.7142857142857143,0.2857142857142857,7.532413745468313
tfnbs,"e=1.0,h=7.0,n=30,start_thres=1.25",hub,0.25,30,27,40,1730,24,7,16,1723,0.6,0.0040462427745664,0.7741935483870968,0.2258064516129032,7.532413745468313
tfnbs,"e=1.0,h=8.0,n=30,start_thres=1.25",hub,0.25,30,27,40,1730,22,7,18,1723,0.55,0.0040462427745664,0.7586206896551724,0.2413793103448276,7.532413745468313
tfnbs,"e=1.0,h=9.0,n=30,start_thres=1.25",hub,0.25,30,27,40,1730,21,5,19,1725,0.525,0.0028901734104046,0.8076923076923077,0.1923076923076923,7.532413745468313
tfnbs,"e=1.0,h=10.0,n=30,start_thres=1.25",hub,0.25,30,27,40,1730,19,3,21,1727,0.475,0.0017341040462427,0.8636363636363636,0.1363636363636363,7.532413745468313
tfnbs,"e=1.1,h=0.5,n=30,start_thres=1.25",hub,0.25,30,27,40,1730,29,24,11,1706,0.725,0.0138728323699421,0.5471698113207547,0.4528301886792453,7.532413745468313
tfnbs,"e=1.1,h=1.0,n=30,start_thres=1.25",hub,0.25,30,27,40,1730,29,24,11,1706,0.725,0.0138728323699421,0.5471698113207547,0.4528301886792453,7.532413745468313
tfnbs,"e=1.1,h=2.0,n=30,start_thres=1.25",hub,0.25,30,27,40,1730,29,24,11,1706,0.725,0.0138728323699421,0.5471698113207547,0.4528301886792453,7.532413745468313
tfnbs,"e=1.1,h=3.0,n=30,start_thres=1.25",hub,0.25,30,27,40,1730,29,24,11,1706,0.725,0.0138728323699421,0.5471698113207547,0.4528301886792453,7.532413745468313
tfnbs,"e=1.1,h=4.0,n=30,start_thres=1.25",hub,0.25,30,27,40,1730,27,15,13,1715,0.675,0.0086705202312138,0.6428571428571429,0.3571428571428571,7.532413745468313
tfnbs,"e=1.1,h=5.0,n=30,start_thres=1.25",hub,0.25,30,27,40,1730,27,15,13,1715,0.675,0.0086705202312138,0.6428571428571429,0.3571428571428571,7.532413745468313
tfnbs,"e=1.1,h=6.0,n=30,start_thres=1.25",hub,0.25,30,27,40,1730,26,13,14,1717,0.65,0.007514450867052,0.6666666666666666,0.3333333333333333,7.532413745468313
tfnbs,"e=1.1,h=7.0,n=30,start_thres=1.25",hub,0.25,30,27,40,1730,25,10,15,1720,0.625,0.0057803468208092,0.7142857142857143,0.2857142857142857,7.532413745468313
tfnbs,"e=1.1,h=8.0,n=30,start_thres=1.25",hub,0.25,30,27,40,1730,24,7,16,1723,0.6,0.0040462427745664,0.7741935483870968,0.2258064516129032,7.532413745468313
tfnbs,"e=1.1,h=9.0,n=30,start_thres=1.25",hub,0.25,30,27,40,1730,22,7,18,1723,0.55,0.0040462427745664,0.7586206896551724,0.2413793103448276,7.532413745468313
tfnbs,"e=1.1,h=10.0,n=30,start_thres=1.25",hub,0.25,30,27,40,1730,21,5,19,1725,0.525,0.0028901734104046,0.8076923076923077,0.1923076923076923,7.532413745468313
tfnbs,"e=1.2,h=0.5,n=30,start_thres=1.25",hub,0.25,30,27,40,1730,32,30,8,1700,0.8,0.0173410404624277,0.5161290322580645,0.4838709677419355,7.532413745468313
tfnbs,"e=1.2,h=1.0,n=30,start_thres=1.25",hub,0.25,30,27,40,1730,29,24,11,1706,0.725,0.0138728323699421,0.5471698113207547,0.4528301886792453,7.532413745468313
tfnbs,"e=1.2,h=2.0,n=30,start_thres=1.25",hub,0.25,30,27,40,1730,29,24,11,1706,0.725,0.0138728323699421,0.5471698113207547,0.4528301886792453,7.532413745468313
tfnbs,"e=1.2,h=3.0,n=30,start_thres=1.25",hub,0.25,30,27,40,1730,29,24,11,1706,0.725,0.0138728323699421,0.5471698113207547,0.4528301886792453,7.532413745468313
tfnbs,"e=1.2,h=4.0,n=30,start_thres=1.25",hub,0.25,30,27,40,1730,29,24,11,1706,0.725,0.0138728323699421,0.5471698113207547,0.4528301886792453,7.532413745468313
tfnbs,"e=1.2,h=5.0,n=30,start_thres=1.25",hub,0.25,30,27,40,1730,27,15,13,1715,0.675,0.0086705202312138,0.6428571428571429,0.3571428571428571,7.532413745468313
tfnbs,"e=1.2,h=6.0,n=30,start_thres=1.25",hub,0.25,30,27,40,1730,27,15,13,1715,0.675,0.0086705202312138,0.6428571428571429,0.3571428571428571,7.532413745468313
tfnbs,"e=1.2,h=7.0,n=30,start_thres=1.25",hub,0.25,30,27,40,1730,26,13,14,1717,0.65,0.007514450867052,0.6666666666666666,0.3333333333333333,7.532413745468313
tfnbs,"e=1.2,h=8.0,n=30,start_thres=1.25",hub,0.25,30,27,40,1730,25,10,15,1720,0.625,0.0057803468208092,0.7142857142857143,0.2857142857142857,7.532413745468313
tfnbs,"e=1.2,h=9.0,n=30,start_thres=1.25",hub,0.25,30,27,40,1730,24,7,16,1723,0.6,0.0040462427745664,0.7741935483870968,0.2258064516129032,7.532413745468313
tfnbs,"e=1.2,h=10.0,n=30,start_thres=1.25",hub,0.25,30,27,40,1730,22,7,18,1723,0.55,0.0040462427745664,0.7586206896551724,0.2413793103448276,7.532413745468313
tfnbs,"e=1.3,h=0.5,n=30,start_thres=1.25",hub,0.25,30,27,40,1730,32,30,8,1700,0.8,0.0173410404624277,0.5161290322580645,0.4838709677419355,7.532413745468313
tfnbs,"e=1.3,h=1.0,n=30,start_thres=1.25",hub,0.25,30,27,40,1730,32,30,8,1700,0.8,0.0173410404624277,0.5161290322580645,0.4838709677419355,7.532413745468313
tfnbs,"e=1.3,h=2.0,n=30,start_thres=1.25",hub,0.25,30,27,40,1730,32,30,8,1700,0.8,0.0173410404624277,0.5161290322580645,0.4838709677419355,7.532413745468313
tfnbs,"e=1.3,h=3.0,n=30,start_thres=1.25",hub,0.25,30,27,40,1730,32,30,8,1700,0.8,0.0173410404624277,0.5161290322580645,0.4838709677419355,7.532413745468313
tfnbs,"e=1.3,h=4.0,n=30,start_thres=1.25",hub,0.25,30,27,40,1730,29,24,11,1706,0.725,0.0138728323699421,0.5471698113207547,0.4528301886792453,7.532413745468313
tfnbs,"e=1.3,h=5.0,n=30,start_thres=1.25",hub,0.25,30,27,40,1730,29,24,11,1706,0.725,0.0138728323699421,0.5471698113207547,0.4528301886792453,7.532413745468313
tfnbs,"e=1.3,h=6.0,n=30,start_thres=1.25",hub,0.25,30,27,40,1730,27,16,13,1714,0.675,0.0092485549132947,0.627906976744186,0.3720930232558139,7.532413745468313
tfnbs,"e=1.3,h=7.0,n=30,start_thres=1.25",hub,0.25,30,27,40,1730,27,15,13,1715,0.675,0.0086705202312138,0.6428571428571429,0.3571428571428571,7.532413745468313
tfnbs,"e=1.3,h=8.0,n=30,start_thres=1.25",hub,0.25,30,27,40,1730,26,13,14,1717,0.65,0.007514450867052,0.6666666666666666,0.3333333333333333,7.532413745468313
tfnbs,"e=1.3,h=9.0,n=30,start_thres=1.25",hub,0.25,30,27,40,1730,25,10,15,1720,0.625,0.0057803468208092,0.7142857142857143,0.2857142857142857,7.532413745468313
tfnbs,"e=1.3,h=10.0,n=30,start_thres=1.25",hub,0.25,30,27,40,1730,24,7,16,1723,0.6,0.0040462427745664,0.7741935483870968,0.2258064516129032,7.532413745468313
tfnbs,"e=1.4,h=0.5,n=30,start_thres=1.25",hub,0.25,30,27,40,1730,32,30,8,1700,0.8,0.0173410404624277,0.5161290322580645,0.4838709677419355,7.532413745468313
tfnbs,"e=1.4,h=1.0,n=30,start_thres=1.25",hub,0.25,30,27,40,1730,32,30,8,1700,0.8,0.0173410404624277,0.5161290322580645,0.4838709677419355,7.532413745468313
tfnbs,"e=1.4,h=2.0,n=30,start_thres=1.25",hub,0.25,30,27,40,1730,32,30,8,1700,0.8,0.0173410404624277,0.5161290322580645,0.4838709677419355,7.532413745468313
tfnbs,"e=1.4,h=3.0,n=30,start_thres=1.25",hub,0.25,30,27,40,1730,32,30,8,1700,0.8,0.0173410404624277,0.5161290322580645,0.4838709677419355,7.532413745468313
tfnbs,"e=1.4,h=4.0,n=30,start_thres=1.25",hub,0.25,30,27,40,1730,32,30,8,1700,0.8,0.0173410404624277,0.5161290322580645,0.4838709677419355,7.532413745468313
tfnbs,"e=1.4,h=5.0,n=30,start_thres=1.25",hub,0.25,30,27,40,1730,29,24,11,1706,0.725,0.0138728323699421,0.5471698113207547,0.4528301886792453,7.532413745468313
tfnbs,"e=1.4,h=6.0,n=30,start_thres=1.25",hub,0.25,30,27,40,1730,29,24,11,1706,0.725,0.0138728323699421,0.5471698113207547,0.4528301886792453,7.532413745468313
tfnbs,"e=1.4,h=7.0,n=30,start_thres=1.25",hub,0.25,30,27,40,1730,27,15,13,1715,0.675,0.0086705202312138,0.6428571428571429,0.3571428571428571,7.532413745468313
tfnbs,"e=1.4,h=8.0,n=30,start_thres=1.25",hub,0.25,30,27,40,1730,27,15,13,1715,0.675,0.0086705202312138,0.6428571428571429,0.3571428571428571,7.532413745468313
tfnbs,"e=1.4,h=9.0,n=30,start_thres=1.25",hub,0.25,30,27,40,1730,26,13,14,1717,0.65,0.007514450867052,0.6666666666666666,0.3333333333333333,7.532413745468313
tfnbs,"e=1.4,h=10.0,n=30,start_thres=1.25",hub,0.25,30,27,40,1730,25,10,15,1720,0.625,0.0057803468208092,0.7142857142857143,0.2857142857142857,7.532413745468313
tfnbs,"e=1.5,h=0.5,n=30,start_thres=1.25",hub,0.25,30,27,40,1730,32,30,8,1700,0.8,0.0173410404624277,0.5161290322580645,0.4838709677419355,7.532413745468313
tfnbs,"e=1.5,h=1.0,n=30,start_thres=1.25",hub,0.25,30,27,40,1730,32,30,8,1700,0.8,0.0173410404624277,0.5161290322580645,0.4838709677419355,7.532413745468313
tfnbs,"e=1.5,h=2.0,n=30,start_thres=1.25",hub,0.25,30,27,40,1730,32,30,8,1700,0.8,0.0173410404624277,0.5161290322580645,0.4838709677419355,7.532413745468313
tfnbs,"e=1.5,h=3.0,n=30,start_thres=1.25",hub,0.25,30,27,40,1730,32,30,8,1700,0.8,0.0173410404624277,0.5161290322580645,0.4838709677419355,7.532413745468313
tfnbs,"e=1.5,h=4.0,n=30,start_thres=1.25",hub,0.25,30,27,40,1730,32,30,8,1700,0.8,0.0173410404624277,0.5161290322580645,0.4838709677419355,7.532413745468313
tfnbs,"e=1.5,h=5.0,n=30,start_thres=1.25",hub,0.25,30,27,40,1730,32,30,8,1700,0.8,0.0173410404624277,0.5161290322580645,0.4838709677419355,7.532413745468313
tfnbs,"e=1.5,h=6.0,n=30,start_thres=1.25",hub,0.25,30,27,40,1730,29,24,11,1706,0.725,0.0138728323699421,0.5471698113207547,0.4528301886792453,7.532413745468313
tfnbs,"e=1.5,h=7.0,n=30,start_thres=1.25",hub,0.25,30,27,40,1730,29,24,11,1706,0.725,0.0138728323699421,0.5471698113207547,0.4528301886792453,7.532413745468313
tfnbs,"e=1.5,h=8.0,n=30,start_thres=1.25",hub,0.25,30,27,40,1730,27,15,13,1715,0.675,0.0086705202312138,0.6428571428571429,0.3571428571428571,7.532413745468313
tfnbs,"e=1.5,h=9.0,n=30,start_thres=1.25",hub,0.25,30,27,40,1730,27,15,13,1715,0.675,0.0086705202312138,0.6428571428571429,0.3571428571428571,7.532413745468313
tfnbs,"e=1.5,h=10.0,n=30,start_thres=1.25",hub,0.25,30,27,40,1730,26,13,14,1717,0.65,0.007514450867052,0.6666666666666666,0.3333333333333333,7.532413745468313
tfnbs,"e=0.05,h=0.5,n=30,start_thres=1.25",hub,0.25,30,12,40,1730,4,0,36,1730,0.1,0.0,1.0,0.0,7.647221199490807
tfnbs,"e=0.05,h=1.0,n=30,start_thres=1.25",hub,0.25,30,12,40,1730,4,0,36,1730,0.1,0.0,1.0,0.0,7.647221199490807
tfnbs,"e=0.05,h=2.0,n=30,start_thres=1.25",hub,0.25,30,12,40,1730,4,0,36,1730,0.1,0.0,1.0,0.0,7.647221199490807
tfnbs,"e=0.05,h=3.0,n=30,start_thres=1.25",hub,0.25,30,12,40,1730,4,0,36,1730,0.1,0.0,1.0,0.0,7.647221199490807
tfnbs,"e=0.05,h=4.0,n=30,start_thres=1.25",hub,0.25,30,12,40,1730,4,0,36,1730,0.1,0.0,1.0,0.0,7.647221199490807
tfnbs,"e=0.05,h=5.0,n=30,start_thres=1.25",hub,0.25,30,12,40,1730,4,0,36,1730,0.1,0.0,1.0,0.0,7.647221199490807
tfnbs,"e=0.05,h=6.0,n=30,start_thres=1.25",hub,0.25,30,12,40,1730,4,0,36,1730,0.1,0.0,1.0,0.0,7.647221199490807
tfnbs,"e=0.05,h=7.0,n=30,start_thres=1.25",hub,0.25,30,12,40,1730,4,0,36,1730,0.1,0.0,1.0,0.0,7.647221199490807
tfnbs,"e=0.05,h=8.0,n=30,start_thres=1.25",hub,0.25,30,12,40,1730,4,0,36,1730,0.1,0.0,1.0,0.0,7.647221199490807
tfnbs,"e=0.05,h=9.0,n=30,start_thres=1.25",hub,0.25,30,12,40,1730,4,0,36,1730,0.1,0.0,1.0,0.0,7.647221199490807
tfnbs,"e=0.05,h=10.0,n=30,start_thres=1.25",hub,0.25,30,12,40,1730,4,0,36,1730,0.1,0.0,1.0,0.0,7.647221199490807
tfnbs,"e=0.1,h=0.5,n=30,start_thres=1.25",hub,0.25,30,12,40,1730,6,0,34,1730,0.15,0.0,1.0,0.0,7.647221199490807
tfnbs,"e=0.1,h=1.0,n=30,start_thres=1.25",hub,0.25,30,12,40,1730,5,0,35,1730,0.125,0.0,1.0,0.0,7.647221199490807
tfnbs,"e=0.1,h=2.0,n=30,start_thres=1.25",hub,0.25,30,12,40,1730,5,0,35,1730,0.125,0.0,1.0,0.0,7.647221199490807
tfnbs,"e=0.1,h=3.0,n=30,start_thres=1.25",hub,0.25,30,12,40,1730,4,0,36,1730,0.1,0.0,1.0,0.0,7.647221199490807
tfnbs,"e=0.1,h=4.0,n=30,start_thres=1.25",hub,0.25,30,12,40,1730,4,0,36,1730,0.1,0.0,1.0,0.0,7.647221199490807
tfnbs,"e=0.1,h=5.0,n=30,start_thres=1.25",hub,0.25,30,12,40,1730,4,0,36,1730,0.1,0.0,1.0,0.0,7.647221199490807
tfnbs,"e=0.1,h=6.0,n=30,start_thres=1.25",hub,0.25,30,12,40,1730,4,0,36,1730,0.1,0.0,1.0,0.0,7.647221199490807
tfnbs,"e=0.1,h=7.0,n=30,start_thres=1.25",hub,0.25,30,12,40,1730,4,0,36,1730,0.1,0.0,1.0,0.0,7.647221199490807
tfnbs,"e=0.1,h=8.0,n=30,start_thres=1.25",hub,0.25,30,12,40,1730,4,0,36,1730,0.1,0.0,1.0,0.0,7.647221199490807
tfnbs,"e=0.1,h=9.0,n=30,start_thres=1.25",hub,0.25,30,12,40,1730,4,0,36,1730,0.1,0.0,1.0,0.0,7.647221199490807
tfnbs,"e=0.1,h=10.0,n=30,start_thres=1.25",hub,0.25,30,12,40,1730,4,0,36,1730,0.1,0.0,1.0,0.0,7.647221199490807
tfnbs,"e=0.2,h=0.5,n=30,start_thres=1.25",hub,0.25,30,12,40,1730,8,0,32,1730,0.2,0.0,1.0,0.0,7.647221199490807
tfnbs,"e=0.2,h=1.0,n=30,start_thres=1.25",hub,0.25,30,12,40,1730,8,0,32,1730,0.2,0.0,1.0,0.0,7.647221199490807
tfnbs,"e=0.2,h=2.0,n=30,start_thres=1.25",hub,0.25,30,12,40,1730,7,0,33,1730,0.175,0.0,1.0,0.0,7.647221199490807
tfnbs,"e=0.2,h=3.0,n=30,start_thres=1.25",hub,0.25,30,12,40,1730,6,0,34,1730,0.15,0.0,1.0,0.0,7.647221199490807
tfnbs,"e=0.2,h=4.0,n=30,start_thres=1.25",hub,0.25,30,12,40,1730,6,0,34,1730,0.15,0.0,1.0,0.0,7.647221199490807
tfnbs,"e=0.2,h=5.0,n=30,start_thres=1.25",hub,0.25,30,12,40,1730,5,0,35,1730,0.125,0.0,1.0,0.0,7.647221199490807
tfnbs,"e=0.2,h=6.0,n=30,start_thres=1.25",hub,0.25,30,12,40,1730,5,0,35,1730,0.125,0.0,1.0,0.0,7.647221199490807
tfnbs,"e=0.2,h=7.0,n=30,start_thres=1.25",hub,0.25,30,12,40,1730,4,0,36,1730,0.1,0.0,1.0,0.0,7.647221199490807
tfnbs,"e=0.2,h=8.0,n=30,start_thres=1.25",hub,0.25,30,12,40,1730,4,0,36,1730,0.1,0.0,1.0,0.0,7.647221199490807
tfnbs,"e=0.2,h=9.0,n=30,start_thres=1.25",hub,0.25,30,12,40,1730,4,0,36,1730,0.1,0.0,1.0,0.0,7.647221199490807
tfnbs,"e=0.2,h=10.0,n=30,start_thres=1.25",hub,0.25,30,12,40,1730,4,0,36,1730,0.1,0.0,1.0,0.0,7.647221199490807
tfnbs,"e=0.3,h=0.5,n=30,start_thres=1.25",hub,0.25,30,12,40,1730,16,1,24,1729,0.4,0.0005780346820809,0.9411764705882352,0.0588235294117647,7.647221199490807
tfnbs,"e=0.3,h=1.0,n=30,start_thres=1.25",hub,0.25,30,12,40,1730,12,1,28,1729,0.3,0.0005780346820809,0.9230769230769232,0.0769230769230769,7.647221199490807
tfnbs,"e=0.3,h=2.0,n=30,start_thres=1.25",hub,0.25,30,12,40,1730,10,0,30,1730,0.25,0.0,1.0,0.0,7.647221199490807
tfnbs,"e=0.3,h=3.0,n=30,start_thres=1.25",hub,0.25,30,12,40,1730,8,0,32,1730,0.2,0.0,1.0,0.0,7.647221199490807
tfnbs,"e=0.3,h=4.0,n=30,start_thres=1.25",hub,0.25,30,12,40,1730,7,0,33,1730,0.175,0.0,1.0,0.0,7.647221199490807
tfnbs,"e=0.3,h=5.0,n=30,start_thres=1.25",hub,0.25,30,12,40,1730,6,0,34,1730,0.15,0.0,1.0,0.0,7.647221199490807
tfnbs,"e=0.3,h=6.0,n=30,start_thres=1.25",hub,0.25,30,12,40,1730,6,0,34,1730,0.15,0.0,1.0,0.0,7.647221199490807
tfnbs,"e=0.3,h=7.0,n=30,start_thres=1.25",hub,0.25,30,12,40,1730,5,0,35,1730,0.125,0.0,1.0,0.0,7.647221199490807
tfnbs,"e=0.3,h=8.0,n=30,start_thres=1.25",hub,0.25,30,12,40,1730,5,0,35,1730,0.125,0.0,1.0,0.0,7.647221199490807
tfnbs,"e=0.3,h=9.0,n=30,start_thres=1.25",hub,0.25,30,12,40,1730,5,0,35,1730,0.125,0.0,1.0,0.0,7.647221199490807
tfnbs,"e=0.3,h=10.0,n=30,start_thres=1.25",hub,0.25,30,12,40,1730,4,0,36,1730,0.1,0.0,1.0,0.0,7.647221199490807
tfnbs,"e=0.4,h=0.5,n=30,start_thres=1.25",hub,0.25,30,12,40,1730,19,4,21,1726,0.475,0.0023121387283236,0.8260869565217391,0.1739130434782608,7.647221199490807
tfnbs,"e=0.4,h=1.0,n=30,start_thres=1.25",hub,0.25,30,12,40,1730,18,2,22,1728,0.45,0.0011560693641618,0.9,0.1,7.647221199490807
tfnbs,"e=0.4,h=2.0,n=30,start_thres=1.25",hub,0.25,30,12,40,1730,16,1,24,1729,0.4,0.0005780346820809,0.9411764705882352,0.0588235294117647,7.647221199490807
tfnbs,"e=0.4,h=3.0,n=30,start_thres=1.25",hub,0.25,30,12,40,1730,12,1,28,1729,0.3,0.0005780346820809,0.9230769230769232,0.0769230769230769,7.647221199490807
tfnbs,"e=0.4,h=4.0,n=30,start_thres=1.25",hub,0.25,30,12,40,1730,10,0,30,1730,0.25,0.0,1.0,0.0,7.647221199490807
tfnbs,"e=0.4,h=5.0,n=30,start_thres=1.25",hub,0.25,30,12,40,1730,8,0,32,1730,0.2,0.0,1.0,0.0,7.647221199490807
tfnbs,"e=0.4,h=6.0,n=30,start_thres=1.25",hub,0.25,30,12,40,1730,7,0,33,1730,0.175,0.0,1.0,0.0,7.647221199490807
tfnbs,"e=0.4,h=7.0,n=30,start_thres=1.25",hub,0.25,30,12,40,1730,7,0,33,1730,0.175,0.0,1.0,0.0,7.647221199490807
tfnbs,"e=0.4,h=8.0,n=30,start_thres=1.25",hub,0.25,30,12,40,1730,6,0,34,1730,0.15,0.0,1.0,0.0,7.647221199490807
tfnbs,"e=0.4,h=9.0,n=30,start_thres=1.25",hub,0.25,30,12,40,1730,6,0,34,1730,0.15,0.0,1.0,0.0,7.647221199490807
tfnbs,"e=0.4,h=10.0,n=30,start_thres=1.25",hub,0.25,30,12,40,1730,5,0,35,1730,0.125,0.0,1.0,0.0,7.647221199490807
tfnbs,"e=0.5,h=0.5,n=30,start_thres=1.25",hub,0.25,30,12,40,1730,21,6,19,1724,0.525,0.0034682080924855,0.7777777777777778,0.2222222222222222,7.647221199490807
tfnbs,"e=0.5,h=1.0,n=30,start_thres=1.25",hub,0.25,30,12,40,1730,21,6,19,1724,0.525,0.0034682080924855,0.7777777777777778,0.2222222222222222,7.647221199490807
tfnbs,"e=0.5,h=2.0,n=30,start_thres=1.25",hub,0.25,30,12,40,1730,19,4,21,1726,0.475,0.0023121387283236,0.8260869565217391,0.1739130434782608,7.647221199490807
tfnbs,"e=0.5,h=3.0,n=30,start_thres=1.25",hub,0.25,30,12,40,1730,18,2,22,1728,0.45,0.0011560693641618,0.9,0.1,7.647221199490807
tfnbs,"e=0.5,h=4.0,n=30,start_thres=1.25",hub,0.25,30,12,40,1730,16,1,24,1729,0.4,0.0005780346820809,0.9411764705882352,0.0588235294117647,7.647221199490807
tfnbs,"e=0.5,h=5.0,n=30,start_thres=1.25",hub,0.25,30,12,40,1730,10,0,30,1730,0.25,0.0,1.0,0.0,7.647221199490807
tfnbs,"e=0.5,h=6.0,n=30,start_thres=1.25",hub,0.25,30,12,40,1730,8,0,32,1730,0.2,0.0,1.0,0.0,7.647221199490807
tfnbs,"e=0.5,h=7.0,n=30,start_thres=1.25",hub,0.25,30,12,40,1730,8,0,32,1730,0.2,0.0,1.0,0.0,7.647221199490807
tfnbs,"e=0.5,h=8.0,n=30,start_thres=1.25",hub,0.25,30,12,40,1730,7,0,33,1730,0.175,0.0,1.0,0.0,7.647221199490807
tfnbs,"e=0.5,h=9.0,n=30,start_thres=1.25",hub,0.25,30,12,40,1730,6,0,34,1730,0.15,0.0,1.0,0.0,7.647221199490807
tfnbs,"e=0.5,h=10.0,n=30,start_thres=1.25",hub,0.25,30,12,40,1730,6,0,34,1730,0.15,0.0,1.0,0.0,7.647221199490807
tfnbs,"e=0.6,h=0.5,n=30,start_thres=1.25",hub,0.25,30,12,40,1730,22,8,18,1722,0.55,0.0046242774566473,0.7333333333333333,0.2666666666666666,7.647221199490807
tfnbs,"e=0.6,h=1.0,n=30,start_thres=1.25",hub,0.25,30,12,40,1730,22,8,18,1722,0.55,0.0046242774566473,0.7333333333333333,0.2666666666666666,7.647221199490807
tfnbs,"e=0.6,h=2.0,n=30,start_thres=1.25",hub,0.25,30,12,40,1730,21,6,19,1724,0.525,0.0034682080924855,0.7777777777777778,0.2222222222222222,7.647221199490807
tfnbs,"e=0.6,h=3.0,n=30,start_thres=1.25",hub,0.25,30,12,40,1730,19,4,21,1726,0.475,0.0023121387283236,0.8260869565217391,0.1739130434782608,7.647221199490807
tfnbs,"e=0.6,h=4.0,n=30,start_thres=1.25",hub,0.25,30,12,40,1730,18,2,22,1728,0.45,0.0011560693641618,0.9,0.1,7.647221199490807
tfnbs,"e=0.6,h=5.0,n=30,start_thres=1.25",hub,0.25,30,12,40,1730,16,1,24,1729,0.4,0.0005780346820809,0.9411764705882352,0.0588235294117647,7.647221199490807
tfnbs,"e=0.6,h=6.0,n=30,start_thres=1.25",hub,0.25,30,12,40,1730,12,1,28,1729,0.3,0.0005780346820809,0.9230769230769232,0.0769230769230769,7.647221199490807
tfnbs,"e=0.6,h=7.0,n=30,start_thres=1.25",hub,0.25,30,12,40,1730,10,0,30,1730,0.25,0.0,1.0,0.0,7.647221199490807
tfnbs,"e=0.6,h=8.0,n=30,start_thres=1.25",hub,0.25,30,12,40,1730,8,0,32,1730,0.2,0.0,1.0,0.0,7.647221199490807
tfnbs,"e=0.6,h=9.0,n=30,start_thres=1.25",hub,0.25,30,12,40,1730,8,0,32,1730,0.2,0.0,1.0,0.0,7.647221199490807
tfnbs,"e=0.6,h=10.0,n=30,start_thres=1.25",hub,0.25,30,12,40,1730,7,0,33,1730,0.175,0.0,1.0,0.0,7.647221199490807
tfnbs,"e=0.7,h=0.5,n=30,start_thres=1.25",hub,0.25,30,12,40,1730,25,12,15,1718,0.625,0.006936416184971,0.6756756756756757,0.3243243243243243,7.647221199490807
tfnbs,"e=0.7,h=1.0,n=30,start_thres=1.25",hub,0.25,30,12,40,1730,25,12,15,1718,0.625,0.006936416184971,0.6756756756756757,0.3243243243243243,7.647221199490807
tfnbs,"e=0.7,h=2.0,n=30,start_thres=1.25",hub,0.25,30,12,40,1730,22,8,18,1722,0.55,0.0046242774566473,0.7333333333333333,0.2666666666666666,7.647221199490807
tfnbs,"e=0.7,h=3.0,n=30,start_thres=1.25",hub,0.25,30,12,40,1730,21,6,19,1724,0.525,0.0034682080924855,0.7777777777777778,0.2222222222222222,7.647221199490807
tfnbs,"e=0.7,h=4.0,n=30,start_thres=1.25",hub,0.25,30,12,40,1730,19,4,21,1726,0.475,0.0023121387283236,0.8260869565217391,0.1739130434782608,7.647221199490807
tfnbs,"e=0.7,h=5.0,n=30,start_thres=1.25",hub,0.25,30,12,40,1730,18,2,22,1728,0.45,0.0011560693641618,0.9,0.1,7.647221199490807
tfnbs,"e=0.7,h=6.0,n=30,start_thres=1.25",hub,0.25,30,12,40,1730,16,1,24,1729,0.4,0.0005780346820809,0.9411764705882352,0.0588235294117647,7.647221199490807
tfnbs,"e=0.7,h=7.0,n=30,start_thres=1.25",hub,0.25,30,12,40,1730,12,1,28,1729,0.3,0.0005780346820809,0.9230769230769232,0.0769230769230769,7.647221199490807
tfnbs,"e=0.7,h=8.0,n=30,start_thres=1.25",hub,0.25,30,12,40,1730,10,0,30,1730,0.25,0.0,1.0,0.0,7.647221199490807
tfnbs,"e=0.7,h=9.0,n=30,start_thres=1.25",hub,0.25,30,12,40,1730,10,0,30,1730,0.25,0.0,1.0,0.0,7.647221199490807
tfnbs,"e=0.7,h=10.0,n=30,start_thres=1.25",hub,0.25,30,12,40,1730,8,0,32,1730,0.2,0.0,1.0,0.0,7.647221199490807
tfnbs,"e=0.8,h=0.5,n=30,start_thres=1.25",hub,0.25,30,12,40,1730,26,16,14,1714,0.65,0.0092485549132947,0.6190476190476191,0.3809523809523809,7.647221199490807
tfnbs,"e=0.8,h=1.0,n=30,start_thres=1.25",hub,0.25,30,12,40,1730,25,12,15,1718,0.625,0.006936416184971,0.6756756756756757,0.3243243243243243,7.647221199490807
tfnbs,"e=0.8,h=2.0,n=30,start_thres=1.25",hub,0.25,30,12,40,1730,25,12,15,1718,0.625,0.006936416184971,0.6756756756756757,0.3243243243243243,7.647221199490807
tfnbs,"e=0.8,h=3.0,n=30,start_thres=1.25",hub,0.25,30,12,40,1730,22,8,18,1722,0.55,0.0046242774566473,0.7333333333333333,0.2666666666666666,7.647221199490807
tfnbs,"e=0.8,h=4.0,n=30,start_thres=1.25",hub,0.25,30,12,40,1730,22,8,18,1722,0.55,0.0046242774566473,0.7333333333333333,0.2666666666666666,7.647221199490807
tfnbs,"e=0.8,h=5.0,n=30,start_thres=1.25",hub,0.25,30,12,40,1730,21,6,19,1724,0.525,0.0034682080924855,0.7777777777777778,0.2222222222222222,7.647221199490807
tfnbs,"e=0.8,h=6.0,n=30,start_thres=1.25",hub,0.25,30,12,40,1730,19,4,21,1726,0.475,0.0023121387283236,0.8260869565217391,0.1739130434782608,7.647221199490807
tfnbs,"e=0.8,h=7.0,n=30,start_thres=1.25",hub,0.25,30,12,40,1730,16,1,24,1729,0.4,0.0005780346820809,0.9411764705882352,0.0588235294117647,7.647221199490807
tfnbs,"e=0.8,h=8.0,n=30,start_thres=1.25",hub,0.25,30,12,40,1730,12,1,28,1729,0.3,0.0005780346820809,0.9230769230769232,0.0769230769230769,7.647221199490807
tfnbs,"e=0.8,h=9.0,n=30,start_thres=1.25",hub,0.25,30,12,40,1730,12,1,28,1729,0.3,0.0005780346820809,0.9230769230769232,0.0769230769230769,7.647221199490807
tfnbs,"e=0.8,h=10.0,n=30,start_thres=1.25",hub,0.25,30,12,40,1730,10,0,30,1730,0.25,0.0,1.0,0.0,7.647221199490807
tfnbs,"e=0.9,h=0.5,n=30,start_thres=1.25",hub,0.25,30,12,40,1730,26,16,14,1714,0.65,0.0092485549132947,0.6190476190476191,0.3809523809523809,7.647221199490807
tfnbs,"e=0.9,h=1.0,n=30,start_thres=1.25",hub,0.25,30,12,40,1730,26,16,14,1714,0.65,0.0092485549132947,0.6190476190476191,0.3809523809523809,7.647221199490807
tfnbs,"e=0.9,h=2.0,n=30,start_thres=1.25",hub,0.25,30,12,40,1730,26,16,14,1714,0.65,0.0092485549132947,0.6190476190476191,0.3809523809523809,7.647221199490807
tfnbs,"e=0.9,h=3.0,n=30,start_thres=1.25",hub,0.25,30,12,40,1730,25,12,15,1718,0.625,0.006936416184971,0.6756756756756757,0.3243243243243243,7.647221199490807
tfnbs,"e=0.9,h=4.0,n=30,start_thres=1.25",hub,0.25,30,12,40,1730,25,12,15,1718,0.625,0.006936416184971,0.6756756756756757,0.3243243243243243,7.647221199490807
tfnbs,"e=0.9,h=5.0,n=30,start_thres=1.25",hub,0.25,30,12,40,1730,22,8,18,1722,0.55,0.0046242774566473,0.7333333333333333,0.2666666666666666,7.647221199490807
tfnbs,"e=0.9,h=6.0,n=30,start_thres=1.25",hub,0.25,30,12,40,1730,21,6,19,1724,0.525,0.0034682080924855,0.7777777777777778,0.2222222222222222,7.647221199490807
tfnbs,"e=0.9,h=7.0,n=30,start_thres=1.25",hub,0.25,30,12,40,1730,19,4,21,1726,0.475,0.0023121387283236,0.8260869565217391,0.1739130434782608,7.647221199490807
tfnbs,"e=0.9,h=8.0,n=30,start_thres=1.25",hub,0.25,30,12,40,1730,18,2,22,1728,0.45,0.0011560693641618,0.9,0.1,7.647221199490807
tfnbs,"e=0.9,h=9.0,n=30,start_thres=1.25",hub,0.25,30,12,40,1730,16,1,24,1729,0.4,0.0005780346820809,0.9411764705882352,0.0588235294117647,7.647221199490807
tfnbs,"e=0.9,h=10.0,n=30,start_thres=1.25",hub,0.25,30,12,40,1730,12,1,28,1729,0.3,0.0005780346820809,0.9230769230769232,0.0769230769230769,7.647221199490807
tfnbs,"e=1.0,h=0.5,n=30,start_thres=1.25",hub,0.25,30,12,40,1730,26,17,14,1713,0.65,0.0098265895953757,0.6046511627906976,0.3953488372093023,7.647221199490807
tfnbs,"e=1.0,h=1.0,n=30,start_thres=1.25",hub,0.25,30,12,40,1730,26,16,14,1714,0.65,0.0092485549132947,0.6190476190476191,0.3809523809523809,7.647221199490807
tfnbs,"e=1.0,h=2.0,n=30,start_thres=1.25",hub,0.25,30,12,40,1730,26,16,14,1714,0.65,0.0092485549132947,0.6190476190476191,0.3809523809523809,7.647221199490807
tfnbs,"e=1.0,h=3.0,n=30,start_thres=1.25",hub,0.25,30,12,40,1730,26,16,14,1714,0.65,0.0092485549132947,0.6190476190476191,0.3809523809523809,7.647221199490807
tfnbs,"e=1.0,h=4.0,n=30,start_thres=1.25",hub,0.25,30,12,40,1730,25,12,15,1718,0.625,0.006936416184971,0.6756756756756757,0.3243243243243243,7.647221199490807
tfnbs,"e=1.0,h=5.0,n=30,start_thres=1.25",hub,0.25,30,12,40,1730,25,12,15,1718,0.625,0.006936416184971,0.6756756756756757,0.3243243243243243,7.647221199490807
tfnbs,"e=1.0,h=6.0,n=30,start_thres=1.25",hub,0.25,30,12,40,1730,22,8,18,1722,0.55,0.0046242774566473,0.7333333333333333,0.2666666666666666,7.647221199490807
tfnbs,"e=1.0,h=7.0,n=30,start_thres=1.25",hub,0.25,30,12,40,1730,21,6,19,1724,0.525,0.0034682080924855,0.7777777777777778,0.2222222222222222,7.647221199490807
tfnbs,"e=1.0,h=8.0,n=30,start_thres=1.25",hub,0.25,30,12,40,1730,19,4,21,1726,0.475,0.0023121387283236,0.8260869565217391,0.1739130434782608,7.647221199490807
tfnbs,"e=1.0,h=9.0,n=30,start_thres=1.25",hub,0.25,30,12,40,1730,18,2,22,1728,0.45,0.0011560693641618,0.9,0.1,7.647221199490807
tfnbs,"e=1.0,h=10.0,n=30,start_thres=1.25",hub,0.25,30,12,40,1730,16,1,24,1729,0.4,0.0005780346820809,0.9411764705882352,0.0588235294117647,7.647221199490807
tfnbs,"e=1.1,h=0.5,n=30,start_thres=1.25",hub,0.25,30,12,40,1730,28,20,12,1710,0.7,0.0115606936416184,0.5833333333333334,0.4166666666666667,7.647221199490807
tfnbs,"e=1.1,h=1.0,n=30,start_thres=1.25",hub,0.25,30,12,40,1730,28,20,12,1710,0.7,0.0115606936416184,0.5833333333333334,0.4166666666666667,7.647221199490807
tfnbs,"e=1.1,h=2.0,n=30,start_thres=1.25",hub,0.25,30,12,40,1730,28,20,12,1710,0.7,0.0115606936416184,0.5833333333333334,0.4166666666666667,7.647221199490807
tfnbs,"e=1.1,h=3.0,n=30,start_thres=1.25",hub,0.25,30,12,40,1730,26,16,14,1714,0.65,0.0092485549132947,0.6190476190476191,0.3809523809523809,7.647221199490807
tfnbs,"e=1.1,h=4.0,n=30,start_thres=1.25",hub,0.25,30,12,40,1730,26,16,14,1714,0.65,0.0092485549132947,0.6190476190476191,0.3809523809523809,7.647221199490807
tfnbs,"e=1.1,h=5.0,n=30,start_thres=1.25",hub,0.25,30,12,40,1730,25,12,15,1718,0.625,0.006936416184971,0.6756756756756757,0.3243243243243243,7.647221199490807
tfnbs,"e=1.1,h=6.0,n=30,start_thres=1.25",hub,0.25,30,12,40,1730,25,12,15,1718,0.625,0.006936416184971,0.6756756756756757,0.3243243243243243,7.647221199490807
tfnbs,"e=1.1,h=7.0,n=30,start_thres=1.25",hub,0.25,30,12,40,1730,22,8,18,1722,0.55,0.0046242774566473,0.7333333333333333,0.2666666666666666,7.647221199490807
tfnbs,"e=1.1,h=8.0,n=30,start_thres=1.25",hub,0.25,30,12,40,1730,21,6,19,1724,0.525,0.0034682080924855,0.7777777777777778,0.2222222222222222,7.647221199490807
tfnbs,"e=1.1,h=9.0,n=30,start_thres=1.25",hub,0.25,30,12,40,1730,19,4,21,1726,0.475,0.0023121387283236,0.8260869565217391,0.1739130434782608,7.647221199490807
tfnbs,"e=1.1,h=10.0,n=30,start_thres=1.25",hub,0.25,30,12,40,1730,18,2,22,1728,0.45,0.0011560693641618,0.9,0.1,7.647221199490807
tfnbs,"e=1.2,h=0.5,n=30,start_thres=1.25",hub,0.25,30,12,40,1730,28,20,12,1710,0.7,0.0115606936416184,0.5833333333333334,0.4166666666666667,7.647221199490807
tfnbs,"e=1.2,h=1.0,n=30,start_thres=1.25",hub,0.25,30,12,40,1730,28,20,12,1710,0.7,0.0115606936416184,0.5833333333333334,0.4166666666666667,7.647221199490807
tfnbs,"e=1.2,h=2.0,n=30,start_thres=1.25",hub,0.25,30,12,40,1730,28,20,12,1710,0.7,0.0115606936416184,0.5833333333333334,0.4166666666666667,7.647221199490807
tfnbs,"e=1.2,h=3.0,n=30,start_thres=1.25",hub,0.25,30,12,40,1730,28,20,12,1710,0.7,0.0115606936416184,0.5833333333333334,0.4166666666666667,7.647221199490807
tfnbs,"e=1.2,h=4.0,n=30,start_thres=1.25",hub,0.25,30,12,40,1730,26,16,14,1714,0.65,0.0092485549132947,0.6190476190476191,0.3809523809523809,7.647221199490807
tfnbs,"e=1.2,h=5.0,n=30,start_thres=1.25",hub,0.25,30,12,40,1730,26,16,14,1714,0.65,0.0092485549132947,0.6190476190476191,0.3809523809523809,7.647221199490807
tfnbs,"e=1.2,h=6.0,n=30,start_thres=1.25",hub,0.25,30,12,40,1730,25,12,15,1718,0.625,0.006936416184971,0.6756756756756757,0.3243243243243243,7.647221199490807
tfnbs,"e=1.2,h=7.0,n=30,start_thres=1.25",hub,0.25,30,12,40,1730,22,8,18,1722,0.55,0.0046242774566473,0.7333333333333333,0.2666666666666666,7.647221199490807
tfnbs,"e=1.2,h=8.0,n=30,start_thres=1.25",hub,0.25,30,12,40,1730,22,8,18,1722,0.55,0.0046242774566473,0.7333333333333333,0.2666666666666666,7.647221199490807
tfnbs,"e=1.2,h=9.0,n=30,start_thres=1.25",hub,0.25,30,12,40,1730,21,6,19,1724,0.525,0.0034682080924855,0.7777777777777778,0.2222222222222222,7.647221199490807
tfnbs,"e=1.2,h=10.0,n=30,start_thres=1.25",hub,0.25,30,12,40,1730,19,4,21,1726,0.475,0.0023121387283236,0.8260869565217391,0.1739130434782608,7.647221199490807
tfnbs,"e=1.3,h=0.5,n=30,start_thres=1.25",hub,0.25,30,12,40,1730,28,20,12,1710,0.7,0.0115606936416184,0.5833333333333334,0.4166666666666667,7.647221199490807
tfnbs,"e=1.3,h=1.0,n=30,start_thres=1.25",hub,0.25,30,12,40,1730,28,20,12,1710,0.7,0.0115606936416184,0.5833333333333334,0.4166666666666667,7.647221199490807
tfnbs,"e=1.3,h=2.0,n=30,start_thres=1.25",hub,0.25,30,12,40,1730,28,20,12,1710,0.7,0.0115606936416184,0.5833333333333334,0.4166666666666667,7.647221199490807
tfnbs,"e=1.3,h=3.0,n=30,start_thres=1.25",hub,0.25,30,12,40,1730,28,20,12,1710,0.7,0.0115606936416184,0.5833333333333334,0.4166666666666667,7.647221199490807
tfnbs,"e=1.3,h=4.0,n=30,start_thres=1.25",hub,0.25,30,12,40,1730,28,20,12,1710,0.7,0.0115606936416184,0.5833333333333334,0.4166666666666667,7.647221199490807
tfnbs,"e=1.3,h=5.0,n=30,start_thres=1.25",hub,0.25,30,12,40,1730,26,16,14,1714,0.65,0.0092485549132947,0.6190476190476191,0.3809523809523809,7.647221199490807
tfnbs,"e=1.3,h=6.0,n=30,start_thres=1.25",hub,0.25,30,12,40,1730,26,16,14,1714,0.65,0.0092485549132947,0.6190476190476191,0.3809523809523809,7.647221199490807
tfnbs,"e=1.3,h=7.0,n=30,start_thres=1.25",hub,0.25,30,12,40,1730,25,12,15,1718,0.625,0.006936416184971,0.6756756756756757,0.3243243243243243,7.647221199490807
tfnbs,"e=1.3,h=8.0,n=30,start_thres=1.25",hub,0.25,30,12,40,1730,22,8,18,1722,0.55,0.0046242774566473,0.7333333333333333,0.2666666666666666,7.647221199490807
tfnbs,"e=1.3,h=9.0,n=30,start_thres=1.25",hub,0.25,30,12,40,1730,21,6,19,1724,0.525,0.0034682080924855,0.7777777777777778,0.2222222222222222,7.647221199490807
tfnbs,"e=1.3,h=10.0,n=30,start_thres=1.25",hub,0.25,30,12,40,1730,21,6,19,1724,0.525,0.0034682080924855,0.7777777777777778,0.2222222222222222,7.647221199490807
tfnbs,"e=1.4,h=0.5,n=30,start_thres=1.25",hub,0.25,30,12,40,1730,28,20,12,1710,0.7,0.0115606936416184,0.5833333333333334,0.4166666666666667,7.647221199490807
tfnbs,"e=1.4,h=1.0,n=30,start_thres=1.25",hub,0.25,30,12,40,1730,28,20,12,1710,0.7,0.0115606936416184,0.5833333333333334,0.4166666666666667,7.647221199490807
tfnbs,"e=1.4,h=2.0,n=30,start_thres=1.25",hub,0.25,30,12,40,1730,28,20,12,1710,0.7,0.0115606936416184,0.5833333333333334,0.4166666666666667,7.647221199490807
tfnbs,"e=1.4,h=3.0,n=30,start_thres=1.25",hub,0.25,30,12,40,1730,28,20,12,1710,0.7,0.0115606936416184,0.5833333333333334,0.4166666666666667,7.647221199490807
tfnbs,"e=1.4,h=4.0,n=30,start_thres=1.25",hub,0.25,30,12,40,1730,28,20,12,1710,0.7,0.0115606936416184,0.5833333333333334,0.4166666666666667,7.647221199490807
tfnbs,"e=1.4,h=5.0,n=30,start_thres=1.25",hub,0.25,30,12,40,1730,28,20,12,1710,0.7,0.0115606936416184,0.5833333333333334,0.4166666666666667,7.647221199490807
tfnbs,"e=1.4,h=6.0,n=30,start_thres=1.25",hub,0.25,30,12,40,1730,26,16,14,1714,0.65,0.0092485549132947,0.6190476190476191,0.3809523809523809,7.647221199490807
tfnbs,"e=1.4,h=7.0,n=30,start_thres=1.25",hub,0.25,30,12,40,1730,26,16,14,1714,0.65,0.0092485549132947,0.6190476190476191,0.3809523809523809,7.647221199490807
tfnbs,"e=1.4,h=8.0,n=30,start_thres=1.25",hub,0.25,30,12,40,1730,25,12,15,1718,0.625,0.006936416184971,0.6756756756756757,0.3243243243243243,7.647221199490807
tfnbs,"e=1.4,h=9.0,n=30,start_thres=1.25",hub,0.25,30,12,40,1730,22,8,18,1722,0.55,0.0046242774566473,0.7333333333333333,0.2666666666666666,7.647221199490807
tfnbs,"e=1.4,h=10.0,n=30,start_thres=1.25",hub,0.25,30,12,40,1730,21,6,19,1724,0.525,0.0034682080924855,0.7777777777777778,0.2222222222222222,7.647221199490807
tfnbs,"e=1.5,h=0.5,n=30,start_thres=1.25",hub,0.25,30,12,40,1730,30,28,10,1702,0.75,0.0161849710982658,0.5172413793103449,0.4827586206896552,7.647221199490807
tfnbs,"e=1.5,h=1.0,n=30,start_thres=1.25",hub,0.25,30,12,40,1730,30,28,10,1702,0.75,0.0161849710982658,0.5172413793103449,0.4827586206896552,7.647221199490807
tfnbs,"e=1.5,h=2.0,n=30,start_thres=1.25",hub,0.25,30,12,40,1730,30,28,10,1702,0.75,0.0161849710982658,0.5172413793103449,0.4827586206896552,7.647221199490807
tfnbs,"e=1.5,h=3.0,n=30,start_thres=1.25",hub,0.25,30,12,40,1730,30,28,10,1702,0.75,0.0161849710982658,0.5172413793103449,0.4827586206896552,7.647221199490807
tfnbs,"e=1.5,h=4.0,n=30,start_thres=1.25",hub,0.25,30,12,40,1730,28,20,12,1710,0.7,0.0115606936416184,0.5833333333333334,0.4166666666666667,7.647221199490807
tfnbs,"e=1.5,h=5.0,n=30,start_thres=1.25",hub,0.25,30,12,40,1730,28,20,12,1710,0.7,0.0115606936416184,0.5833333333333334,0.4166666666666667,7.647221199490807
tfnbs,"e=1.5,h=6.0,n=30,start_thres=1.25",hub,0.25,30,12,40,1730,28,20,12,1710,0.7,0.0115606936416184,0.5833333333333334,0.4166666666666667,7.647221199490807
tfnbs,"e=1.5,h=7.0,n=30,start_thres=1.25",hub,0.25,30,12,40,1730,26,16,14,1714,0.65,0.0092485549132947,0.6190476190476191,0.3809523809523809,7.647221199490807
tfnbs,"e=1.5,h=8.0,n=30,start_thres=1.25",hub,0.25,30,12,40,1730,26,16,14,1714,0.65,0.0092485549132947,0.6190476190476191,0.3809523809523809,7.647221199490807
tfnbs,"e=1.5,h=9.0,n=30,start_thres=1.25",hub,0.25,30,12,40,1730,25,12,15,1718,0.625,0.006936416184971,0.6756756756756757,0.3243243243243243,7.647221199490807
tfnbs,"e=1.5,h=10.0,n=30,start_thres=1.25",hub,0.25,30,12,40,1730,22,8,18,1722,0.55,0.0046242774566473,0.7333333333333333,0.2666666666666666,7.647221199490807
tfnbs,"e=0.05,h=0.5,n=30,start_thres=1.25",hub,0.25,30,11,40,1730,9,0,31,1730,0.225,0.0,1.0,0.0,7.660889935764399
tfnbs,"e=0.05,h=1.0,n=30,start_thres=1.25",hub,0.25,30,11,40,1730,9,0,31,1730,0.225,0.0,1.0,0.0,7.660889935764399
tfnbs,"e=0.05,h=2.0,n=30,start_thres=1.25",hub,0.25,30,11,40,1730,7,0,33,1730,0.175,0.0,1.0,0.0,7.660889935764399
tfnbs,"e=0.05,h=3.0,n=30,start_thres=1.25",hub,0.25,30,11,40,1730,7,0,33,1730,0.175,0.0,1.0,0.0,7.660889935764399
tfnbs,"e=0.05,h=4.0,n=30,start_thres=1.25",hub,0.25,30,11,40,1730,7,0,33,1730,0.175,0.0,1.0,0.0,7.660889935764399
tfnbs,"e=0.05,h=5.0,n=30,start_thres=1.25",hub,0.25,30,11,40,1730,7,0,33,1730,0.175,0.0,1.0,0.0,7.660889935764399
tfnbs,"e=0.05,h=6.0,n=30,start_thres=1.25",hub,0.25,30,11,40,1730,7,0,33,1730,0.175,0.0,1.0,0.0,7.660889935764399
tfnbs,"e=0.05,h=7.0,n=30,start_thres=1.25",hub,0.25,30,11,40,1730,7,0,33,1730,0.175,0.0,1.0,0.0,7.660889935764399
tfnbs,"e=0.05,h=8.0,n=30,start_thres=1.25",hub,0.25,30,11,40,1730,5,0,35,1730,0.125,0.0,1.0,0.0,7.660889935764399
tfnbs,"e=0.05,h=9.0,n=30,start_thres=1.25",hub,0.25,30,11,40,1730,5,0,35,1730,0.125,0.0,1.0,0.0,7.660889935764399
tfnbs,"e=0.05,h=10.0,n=30,start_thres=1.25",hub,0.25,30,11,40,1730,5,0,35,1730,0.125,0.0,1.0,0.0,7.660889935764399
tfnbs,"e=0.1,h=0.5,n=30,start_thres=1.25",hub,0.25,30,11,40,1730,10,0,30,1730,0.25,0.0,1.0,0.0,7.660889935764399
tfnbs,"e=0.1,h=1.0,n=30,start_thres=1.25",hub,0.25,30,11,40,1730,10,0,30,1730,0.25,0.0,1.0,0.0,7.660889935764399
tfnbs,"e=0.1,h=2.0,n=30,start_thres=1.25",hub,0.25,30,11,40,1730,9,0,31,1730,0.225,0.0,1.0,0.0,7.660889935764399
tfnbs,"e=0.1,h=3.0,n=30,start_thres=1.25",hub,0.25,30,11,40,1730,9,0,31,1730,0.225,0.0,1.0,0.0,7.660889935764399
tfnbs,"e=0.1,h=4.0,n=30,start_thres=1.25",hub,0.25,30,11,40,1730,9,0,31,1730,0.225,0.0,1.0,0.0,7.660889935764399
tfnbs,"e=0.1,h=5.0,n=30,start_thres=1.25",hub,0.25,30,11,40,1730,7,0,33,1730,0.175,0.0,1.0,0.0,7.660889935764399
tfnbs,"e=0.1,h=6.0,n=30,start_thres=1.25",hub,0.25,30,11,40,1730,7,0,33,1730,0.175,0.0,1.0,0.0,7.660889935764399
tfnbs,"e=0.1,h=7.0,n=30,start_thres=1.25",hub,0.25,30,11,40,1730,7,0,33,1730,0.175,0.0,1.0,0.0,7.660889935764399
tfnbs,"e=0.1,h=8.0,n=30,start_thres=1.25",hub,0.25,30,11,40,1730,7,0,33,1730,0.175,0.0,1.0,0.0,7.660889935764399
tfnbs,"e=0.1,h=9.0,n=30,start_thres=1.25",hub,0.25,30,11,40,1730,7,0,33,1730,0.175,0.0,1.0,0.0,7.660889935764399
tfnbs,"e=0.1,h=10.0,n=30,start_thres=1.25",hub,0.25,30,11,40,1730,7,0,33,1730,0.175,0.0,1.0,0.0,7.660889935764399
tfnbs,"e=0.2,h=0.5,n=30,start_thres=1.25",hub,0.25,30,11,40,1730,16,1,24,1729,0.4,0.0005780346820809,0.9411764705882352,0.0588235294117647,7.660889935764399
tfnbs,"e=0.2,h=1.0,n=30,start_thres=1.25",hub,0.25,30,11,40,1730,15,1,25,1729,0.375,0.0005780346820809,0.9375,0.0625,7.660889935764399
tfnbs,"e=0.2,h=2.0,n=30,start_thres=1.25",hub,0.25,30,11,40,1730,12,1,28,1729,0.3,0.0005780346820809,0.9230769230769232,0.0769230769230769,7.660889935764399
tfnbs,"e=0.2,h=3.0,n=30,start_thres=1.25",hub,0.25,30,11,40,1730,10,0,30,1730,0.25,0.0,1.0,0.0,7.660889935764399
tfnbs,"e=0.2,h=4.0,n=30,start_thres=1.25",hub,0.25,30,11,40,1730,10,0,30,1730,0.25,0.0,1.0,0.0,7.660889935764399
tfnbs,"e=0.2,h=5.0,n=30,start_thres=1.25",hub,0.25,30,11,40,1730,10,0,30,1730,0.25,0.0,1.0,0.0,7.660889935764399
tfnbs,"e=0.2,h=6.0,n=30,start_thres=1.25",hub,0.25,30,11,40,1730,9,0,31,1730,0.225,0.0,1.0,0.0,7.660889935764399
tfnbs,"e=0.2,h=7.0,n=30,start_thres=1.25",hub,0.25,30,11,40,1730,9,0,31,1730,0.225,0.0,1.0,0.0,7.660889935764399
tfnbs,"e=0.2,h=8.0,n=30,start_thres=1.25",hub,0.25,30,11,40,1730,9,0,31,1730,0.225,0.0,1.0,0.0,7.660889935764399
tfnbs,"e=0.2,h=9.0,n=30,start_thres=1.25",hub,0.25,30,11,40,1730,9,0,31,1730,0.225,0.0,1.0,0.0,7.660889935764399
tfnbs,"e=0.2,h=10.0,n=30,start_thres=1.25",hub,0.25,30,11,40,1730,9,0,31,1730,0.225,0.0,1.0,0.0,7.660889935764399
tfnbs,"e=0.3,h=0.5,n=30,start_thres=1.25",hub,0.25,30,11,40,1730,20,2,20,1728,0.5,0.0011560693641618,0.9090909090909092,0.0909090909090909,7.660889935764399
tfnbs,"e=0.3,h=1.0,n=30,start_thres=1.25",hub,0.25,30,11,40,1730,20,2,20,1728,0.5,0.0011560693641618,0.9090909090909092,0.0909090909090909,7.660889935764399
tfnbs,"e=0.3,h=2.0,n=30,start_thres=1.25",hub,0.25,30,11,40,1730,16,1,24,1729,0.4,0.0005780346820809,0.9411764705882352,0.0588235294117647,7.660889935764399
tfnbs,"e=0.3,h=3.0,n=30,start_thres=1.25",hub,0.25,30,11,40,1730,15,1,25,1729,0.375,0.0005780346820809,0.9375,0.0625,7.660889935764399
tfnbs,"e=0.3,h=4.0,n=30,start_thres=1.25",hub,0.25,30,11,40,1730,12,1,28,1729,0.3,0.0005780346820809,0.9230769230769232,0.0769230769230769,7.660889935764399
tfnbs,"e=0.3,h=5.0,n=30,start_thres=1.25",hub,0.25,30,11,40,1730,10,0,30,1730,0.25,0.0,1.0,0.0,7.660889935764399
tfnbs,"e=0.3,h=6.0,n=30,start_thres=1.25",hub,0.25,30,11,40,1730,10,0,30,1730,0.25,0.0,1.0,0.0,7.660889935764399
tfnbs,"e=0.3,h=7.0,n=30,start_thres=1.25",hub,0.25,30,11,40,1730,10,0,30,1730,0.25,0.0,1.0,0.0,7.660889935764399
tfnbs,"e=0.3,h=8.0,n=30,start_thres=1.25",hub,0.25,30,11,40,1730,10,0,30,1730,0.25,0.0,1.0,0.0,7.660889935764399
tfnbs,"e=0.3,h=9.0,n=30,start_thres=1.25",hub,0.25,30,11,40,1730,10,0,30,1730,0.25,0.0,1.0,0.0,7.660889935764399
tfnbs,"e=0.3,h=10.0,n=30,start_thres=1.25",hub,0.25,30,11,40,1730,9,0,31,1730,0.225,0.0,1.0,0.0,7.660889935764399
tfnbs,"e=0.4,h=0.5,n=30,start_thres=1.25",hub,0.25,30,11,40,1730,22,4,18,1726,0.55,0.0023121387283236,0.8461538461538461,0.1538461538461538,7.660889935764399
tfnbs,"e=0.4,h=1.0,n=30,start_thres=1.25",hub,0.25,30,11,40,1730,22,3,18,1727,0.55,0.0017341040462427,0.88,0.12,7.660889935764399
tfnbs,"e=0.4,h=2.0,n=30,start_thres=1.25",hub,0.25,30,11,40,1730,20,2,20,1728,0.5,0.0011560693641618,0.9090909090909092,0.0909090909090909,7.660889935764399
tfnbs,"e=0.4,h=3.0,n=30,start_thres=1.25",hub,0.25,30,11,40,1730,19,1,21,1729,0.475,0.0005780346820809,0.95,0.05,7.660889935764399
tfnbs,"e=0.4,h=4.0,n=30,start_thres=1.25",hub,0.25,30,11,40,1730,16,1,24,1729,0.4,0.0005780346820809,0.9411764705882352,0.0588235294117647,7.660889935764399
tfnbs,"e=0.4,h=5.0,n=30,start_thres=1.25",hub,0.25,30,11,40,1730,15,1,25,1729,0.375,0.0005780346820809,0.9375,0.0625,7.660889935764399
tfnbs,"e=0.4,h=6.0,n=30,start_thres=1.25",hub,0.25,30,11,40,1730,12,1,28,1729,0.3,0.0005780346820809,0.9230769230769232,0.0769230769230769,7.660889935764399
tfnbs,"e=0.4,h=7.0,n=30,start_thres=1.25",hub,0.25,30,11,40,1730,12,1,28,1729,0.3,0.0005780346820809,0.9230769230769232,0.0769230769230769,7.660889935764399
tfnbs,"e=0.4,h=8.0,n=30,start_thres=1.25",hub,0.25,30,11,40,1730,10,0,30,1730,0.25,0.0,1.0,0.0,7.660889935764399
tfnbs,"e=0.4,h=9.0,n=30,start_thres=1.25",hub,0.25,30,11,40,1730,10,0,30,1730,0.25,0.0,1.0,0.0,7.660889935764399
tfnbs,"e=0.4,h=10.0,n=30,start_thres=1.25",hub,0.25,30,11,40,1730,10,0,30,1730,0.25,0.0,1.0,0.0,7.660889935764399
tfnbs,"e=0.5,h=0.5,n=30,start_thres=1.25",hub,0.25,30,11,40,1730,28,8,12,1722,0.7,0.0046242774566473,0.7777777777777778,0.2222222222222222,7.660889935764399
tfnbs,"e=0.5,h=1.0,n=30,start_thres=1.25",hub,0.25,30,11,40,1730,26,5,14,1725,0.65,0.0028901734104046,0.8387096774193549,0.1612903225806451,7.660889935764399
tfnbs,"e=0.5,h=2.0,n=30,start_thres=1.25",hub,0.25,30,11,40,1730,22,3,18,1727,0.55,0.0017341040462427,0.88,0.12,7.660889935764399
tfnbs,"e=0.5,h=3.0,n=30,start_thres=1.25",hub,0.25,30,11,40,1730,21,2,19,1728,0.525,0.0011560693641618,0.9130434782608696,0.0869565217391304,7.660889935764399
tfnbs,"e=0.5,h=4.0,n=30,start_thres=1.25",hub,0.25,30,11,40,1730,20,2,20,1728,0.5,0.0011560693641618,0.9090909090909092,0.0909090909090909,7.660889935764399
tfnbs,"e=0.5,h=5.0,n=30,start_thres=1.25",hub,0.25,30,11,40,1730,19,1,21,1729,0.475,0.0005780346820809,0.95,0.05,7.660889935764399
tfnbs,"e=0.5,h=6.0,n=30,start_thres=1.25",hub,0.25,30,11,40,1730,16,1,24,1729,0.4,0.0005780346820809,0.9411764705882352,0.0588235294117647,7.660889935764399
tfnbs,"e=0.5,h=7.0,n=30,start_thres=1.25",hub,0.25,30,11,40,1730,15,1,25,1729,0.375,0.0005780346820809,0.9375,0.0625,7.660889935764399
tfnbs,"e=0.5,h=8.0,n=30,start_thres=1.25",hub,0.25,30,11,40,1730,12,1,28,1729,0.3,0.0005780346820809,0.9230769230769232,0.0769230769230769,7.660889935764399
tfnbs,"e=0.5,h=9.0,n=30,start_thres=1.25",hub,0.25,30,11,40,1730,12,1,28,1729,0.3,0.0005780346820809,0.9230769230769232,0.0769230769230769,7.660889935764399
tfnbs,"e=0.5,h=10.0,n=30,start_thres=1.25",hub,0.25,30,11,40,1730,10,0,30,1730,0.25,0.0,1.0,0.0,7.660889935764399
tfnbs,"e=0.6,h=0.5,n=30,start_thres=1.25",hub,0.25,30,11,40,1730,29,13,11,1717,0.725,0.007514450867052,0.6904761904761905,0.3095238095238095,7.660889935764399
tfnbs,"e=0.6,h=1.0,n=30,start_thres=1.25",hub,0.25,30,11,40,1730,29,13,11,1717,0.725,0.007514450867052,0.6904761904761905,0.3095238095238095,7.660889935764399
tfnbs,"e=0.6,h=2.0,n=30,start_thres=1.25",hub,0.25,30,11,40,1730,28,8,12,1722,0.7,0.0046242774566473,0.7777777777777778,0.2222222222222222,7.660889935764399
tfnbs,"e=0.6,h=3.0,n=30,start_thres=1.25",hub,0.25,30,11,40,1730,26,5,14,1725,0.65,0.0028901734104046,0.8387096774193549,0.1612903225806451,7.660889935764399
tfnbs,"e=0.6,h=4.0,n=30,start_thres=1.25",hub,0.25,30,11,40,1730,21,3,19,1727,0.525,0.0017341040462427,0.875,0.125,7.660889935764399
tfnbs,"e=0.6,h=5.0,n=30,start_thres=1.25",hub,0.25,30,11,40,1730,20,2,20,1728,0.5,0.0011560693641618,0.9090909090909092,0.0909090909090909,7.660889935764399
tfnbs,"e=0.6,h=6.0,n=30,start_thres=1.25",hub,0.25,30,11,40,1730,19,1,21,1729,0.475,0.0005780346820809,0.95,0.05,7.660889935764399
tfnbs,"e=0.6,h=7.0,n=30,start_thres=1.25",hub,0.25,30,11,40,1730,16,1,24,1729,0.4,0.0005780346820809,0.9411764705882352,0.0588235294117647,7.660889935764399
tfnbs,"e=0.6,h=8.0,n=30,start_thres=1.25",hub,0.25,30,11,40,1730,15,1,25,1729,0.375,0.0005780346820809,0.9375,0.0625,7.660889935764399
tfnbs,"e=0.6,h=9.0,n=30,start_thres=1.25",hub,0.25,30,11,40,1730,15,1,25,1729,0.375,0.0005780346820809,0.9375,0.0625,7.660889935764399
tfnbs,"e=0.6,h=10.0,n=30,start_thres=1.25",hub,0.25,30,11,40,1730,12,1,28,1729,0.3,0.0005780346820809,0.9230769230769232,0.0769230769230769,7.660889935764399
tfnbs,"e=0.7,h=0.5,n=30,start_thres=1.25",hub,0.25,30,11,40,1730,29,18,11,1712,0.725,0.0104046242774566,0.6170212765957447,0.3829787234042553,7.660889935764399
tfnbs,"e=0.7,h=1.0,n=30,start_thres=1.25",hub,0.25,30,11,40,1730,29,14,11,1716,0.725,0.0080924855491329,0.6744186046511628,0.3255813953488372,7.660889935764399
tfnbs,"e=0.7,h=2.0,n=30,start_thres=1.25",hub,0.25,30,11,40,1730,29,13,11,1717,0.725,0.007514450867052,0.6904761904761905,0.3095238095238095,7.660889935764399
tfnbs,"e=0.7,h=3.0,n=30,start_thres=1.25",hub,0.25,30,11,40,1730,28,8,12,1722,0.7,0.0046242774566473,0.7777777777777778,0.2222222222222222,7.660889935764399
tfnbs,"e=0.7,h=4.0,n=30,start_thres=1.25",hub,0.25,30,11,40,1730,26,5,14,1725,0.65,0.0028901734104046,0.8387096774193549,0.1612903225806451,7.660889935764399
tfnbs,"e=0.7,h=5.0,n=30,start_thres=1.25",hub,0.25,30,11,40,1730,22,3,18,1727,0.55,0.0017341040462427,0.88,0.12,7.660889935764399
tfnbs,"e=0.7,h=6.0,n=30,start_thres=1.25",hub,0.25,30,11,40,1730,20,2,20,1728,0.5,0.0011560693641618,0.9090909090909092,0.0909090909090909,7.660889935764399
tfnbs,"e=0.7,h=7.0,n=30,start_thres=1.25",hub,0.25,30,11,40,1730,19,1,21,1729,0.475,0.0005780346820809,0.95,0.05,7.660889935764399
tfnbs,"e=0.7,h=8.0,n=30,start_thres=1.25",hub,0.25,30,11,40,1730,16,1,24,1729,0.4,0.0005780346820809,0.9411764705882352,0.0588235294117647,7.660889935764399
tfnbs,"e=0.7,h=9.0,n=30,start_thres=1.25",hub,0.25,30,11,40,1730,16,1,24,1729,0.4,0.0005780346820809,0.9411764705882352,0.0588235294117647,7.660889935764399
tfnbs,"e=0.7,h=10.0,n=30,start_thres=1.25",hub,0.25,30,11,40,1730,15,1,25,1729,0.375,0.0005780346820809,0.9375,0.0625,7.660889935764399
tfnbs,"e=0.8,h=0.5,n=30,start_thres=1.25",hub,0.25,30,11,40,1730,29,18,11,1712,0.725,0.0104046242774566,0.6170212765957447,0.3829787234042553,7.660889935764399
tfnbs,"e=0.8,h=1.0,n=30,start_thres=1.25",hub,0.25,30,11,40,1730,29,18,11,1712,0.725,0.0104046242774566,0.6170212765957447,0.3829787234042553,7.660889935764399
tfnbs,"e=0.8,h=2.0,n=30,start_thres=1.25",hub,0.25,30,11,40,1730,29,18,11,1712,0.725,0.0104046242774566,0.6170212765957447,0.3829787234042553,7.660889935764399
tfnbs,"e=0.8,h=3.0,n=30,start_thres=1.25",hub,0.25,30,11,40,1730,29,13,11,1717,0.725,0.007514450867052,0.6904761904761905,0.3095238095238095,7.660889935764399
tfnbs,"e=0.8,h=4.0,n=30,start_thres=1.25",hub,0.25,30,11,40,1730,28,8,12,1722,0.7,0.0046242774566473,0.7777777777777778,0.2222222222222222,7.660889935764399
tfnbs,"e=0.8,h=5.0,n=30,start_thres=1.25",hub,0.25,30,11,40,1730,26,5,14,1725,0.65,0.0028901734104046,0.8387096774193549,0.1612903225806451,7.660889935764399
tfnbs,"e=0.8,h=6.0,n=30,start_thres=1.25",hub,0.25,30,11,40,1730,22,3,18,1727,0.55,0.0017341040462427,0.88,0.12,7.660889935764399
tfnbs,"e=0.8,h=7.0,n=30,start_thres=1.25",hub,0.25,30,11,40,1730,21,2,19,1728,0.525,0.0011560693641618,0.9130434782608696,0.0869565217391304,7.660889935764399
tfnbs,"e=0.8,h=8.0,n=30,start_thres=1.25",hub,0.25,30,11,40,1730,20,2,20,1728,0.5,0.0011560693641618,0.9090909090909092,0.0909090909090909,7.660889935764399
tfnbs,"e=0.8,h=9.0,n=30,start_thres=1.25",hub,0.25,30,11,40,1730,19,1,21,1729,0.475,0.0005780346820809,0.95,0.05,7.660889935764399
tfnbs,"e=0.8,h=10.0,n=30,start_thres=1.25",hub,0.25,30,11,40,1730,16,1,24,1729,0.4,0.0005780346820809,0.9411764705882352,0.0588235294117647,7.660889935764399
tfnbs,"e=0.9,h=0.5,n=30,start_thres=1.25",hub,0.25,30,11,40,1730,31,29,9,1701,0.775,0.0167630057803468,0.5166666666666667,0.4833333333333333,7.660889935764399
tfnbs,"e=0.9,h=1.0,n=30,start_thres=1.25",hub,0.25,30,11,40,1730,31,29,9,1701,0.775,0.0167630057803468,0.5166666666666667,0.4833333333333333,7.660889935764399
tfnbs,"e=0.9,h=2.0,n=30,start_thres=1.25",hub,0.25,30,11,40,1730,29,18,11,1712,0.725,0.0104046242774566,0.6170212765957447,0.3829787234042553,7.660889935764399
tfnbs,"e=0.9,h=3.0,n=30,start_thres=1.25",hub,0.25,30,11,40,1730,29,18,11,1712,0.725,0.0104046242774566,0.6170212765957447,0.3829787234042553,7.660889935764399
tfnbs,"e=0.9,h=4.0,n=30,start_thres=1.25",hub,0.25,30,11,40,1730,29,13,11,1717,0.725,0.007514450867052,0.6904761904761905,0.3095238095238095,7.660889935764399
tfnbs,"e=0.9,h=5.0,n=30,start_thres=1.25",hub,0.25,30,11,40,1730,28,8,12,1722,0.7,0.0046242774566473,0.7777777777777778,0.2222222222222222,7.660889935764399
tfnbs,"e=0.9,h=6.0,n=30,start_thres=1.25",hub,0.25,30,11,40,1730,26,5,14,1725,0.65,0.0028901734104046,0.8387096774193549,0.1612903225806451,7.660889935764399
tfnbs,"e=0.9,h=7.0,n=30,start_thres=1.25",hub,0.25,30,11,40,1730,22,3,18,1727,0.55,0.0017341040462427,0.88,0.12,7.660889935764399
tfnbs,"e=0.9,h=8.0,n=30,start_thres=1.25",hub,0.25,30,11,40,1730,21,2,19,1728,0.525,0.0011560693641618,0.9130434782608696,0.0869565217391304,7.660889935764399
tfnbs,"e=0.9,h=9.0,n=30,start_thres=1.25",hub,0.25,30,11,40,1730,20,2,20,1728,0.5,0.0011560693641618,0.9090909090909092,0.0909090909090909,7.660889935764399
tfnbs,"e=0.9,h=10.0,n=30,start_thres=1.25",hub,0.25,30,11,40,1730,19,1,21,1729,0.475,0.0005780346820809,0.95,0.05,7.660889935764399
tfnbs,"e=1.0,h=0.5,n=30,start_thres=1.25",hub,0.25,30,11,40,1730,31,29,9,1701,0.775,0.0167630057803468,0.5166666666666667,0.4833333333333333,7.660889935764399
tfnbs,"e=1.0,h=1.0,n=30,start_thres=1.25",hub,0.25,30,11,40,1730,31,29,9,1701,0.775,0.0167630057803468,0.5166666666666667,0.4833333333333333,7.660889935764399
tfnbs,"e=1.0,h=2.0,n=30,start_thres=1.25",hub,0.25,30,11,40,1730,31,29,9,1701,0.775,0.0167630057803468,0.5166666666666667,0.4833333333333333,7.660889935764399
tfnbs,"e=1.0,h=3.0,n=30,start_thres=1.25",hub,0.25,30,11,40,1730,29,18,11,1712,0.725,0.0104046242774566,0.6170212765957447,0.3829787234042553,7.660889935764399
tfnbs,"e=1.0,h=4.0,n=30,start_thres=1.25",hub,0.25,30,11,40,1730,29,18,11,1712,0.725,0.0104046242774566,0.6170212765957447,0.3829787234042553,7.660889935764399
tfnbs,"e=1.0,h=5.0,n=30,start_thres=1.25",hub,0.25,30,11,40,1730,29,13,11,1717,0.725,0.007514450867052,0.6904761904761905,0.3095238095238095,7.660889935764399
tfnbs,"e=1.0,h=6.0,n=30,start_thres=1.25",hub,0.25,30,11,40,1730,28,8,12,1722,0.7,0.0046242774566473,0.7777777777777778,0.2222222222222222,7.660889935764399
tfnbs,"e=1.0,h=7.0,n=30,start_thres=1.25",hub,0.25,30,11,40,1730,26,5,14,1725,0.65,0.0028901734104046,0.8387096774193549,0.1612903225806451,7.660889935764399
tfnbs,"e=1.0,h=8.0,n=30,start_thres=1.25",hub,0.25,30,11,40,1730,22,3,18,1727,0.55,0.0017341040462427,0.88,0.12,7.660889935764399
tfnbs,"e=1.0,h=9.0,n=30,start_thres=1.25",hub,0.25,30,11,40,1730,21,2,19,1728,0.525,0.0011560693641618,0.9130434782608696,0.0869565217391304,7.660889935764399
tfnbs,"e=1.0,h=10.0,n=30,start_thres=1.25",hub,0.25,30,11,40,1730,20,2,20,1728,0.5,0.0011560693641618,0.9090909090909092,0.0909090909090909,7.660889935764399
tfnbs,"e=1.1,h=0.5,n=30,start_thres=1.25",hub,0.25,30,11,40,1730,32,38,8,1692,0.8,0.0219653179190751,0.4571428571428571,0.5428571428571428,7.660889935764399
tfnbs,"e=1.1,h=1.0,n=30,start_thres=1.25",hub,0.25,30,11,40,1730,32,38,8,1692,0.8,0.0219653179190751,0.4571428571428571,0.5428571428571428,7.660889935764399
tfnbs,"e=1.1,h=2.0,n=30,start_thres=1.25",hub,0.25,30,11,40,1730,31,29,9,1701,0.775,0.0167630057803468,0.5166666666666667,0.4833333333333333,7.660889935764399
tfnbs,"e=1.1,h=3.0,n=30,start_thres=1.25",hub,0.25,30,11,40,1730,31,29,9,1701,0.775,0.0167630057803468,0.5166666666666667,0.4833333333333333,7.660889935764399
tfnbs,"e=1.1,h=4.0,n=30,start_thres=1.25",hub,0.25,30,11,40,1730,29,18,11,1712,0.725,0.0104046242774566,0.6170212765957447,0.3829787234042553,7.660889935764399
tfnbs,"e=1.1,h=5.0,n=30,start_thres=1.25",hub,0.25,30,11,40,1730,29,18,11,1712,0.725,0.0104046242774566,0.6170212765957447,0.3829787234042553,7.660889935764399
tfnbs,"e=1.1,h=6.0,n=30,start_thres=1.25",hub,0.25,30,11,40,1730,29,13,11,1717,0.725,0.007514450867052,0.6904761904761905,0.3095238095238095,7.660889935764399
tfnbs,"e=1.1,h=7.0,n=30,start_thres=1.25",hub,0.25,30,11,40,1730,28,8,12,1722,0.7,0.0046242774566473,0.7777777777777778,0.2222222222222222,7.660889935764399
tfnbs,"e=1.1,h=8.0,n=30,start_thres=1.25",hub,0.25,30,11,40,1730,26,5,14,1725,0.65,0.0028901734104046,0.8387096774193549,0.1612903225806451,7.660889935764399
tfnbs,"e=1.1,h=9.0,n=30,start_thres=1.25",hub,0.25,30,11,40,1730,22,3,18,1727,0.55,0.0017341040462427,0.88,0.12,7.660889935764399
tfnbs,"e=1.1,h=10.0,n=30,start_thres=1.25",hub,0.25,30,11,40,1730,21,2,19,1728,0.525,0.0011560693641618,0.9130434782608696,0.0869565217391304,7.660889935764399
tfnbs,"e=1.2,h=0.5,n=30,start_thres=1.25",hub,0.25,30,11,40,1730,32,38,8,1692,0.8,0.0219653179190751,0.4571428571428571,0.5428571428571428,7.660889935764399
tfnbs,"e=1.2,h=1.0,n=30,start_thres=1.25",hub,0.25,30,11,40,1730,32,38,8,1692,0.8,0.0219653179190751,0.4571428571428571,0.5428571428571428,7.660889935764399
tfnbs,"e=1.2,h=2.0,n=30,start_thres=1.25",hub,0.25,30,11,40,1730,32,38,8,1692,0.8,0.0219653179190751,0.4571428571428571,0.5428571428571428,7.660889935764399
tfnbs,"e=1.2,h=3.0,n=30,start_thres=1.25",hub,0.25,30,11,40,1730,31,29,9,1701,0.775,0.0167630057803468,0.5166666666666667,0.4833333333333333,7.660889935764399
tfnbs,"e=1.2,h=4.0,n=30,start_thres=1.25",hub,0.25,30,11,40,1730,31,29,9,1701,0.775,0.0167630057803468,0.5166666666666667,0.4833333333333333,7.660889935764399
tfnbs,"e=1.2,h=5.0,n=30,start_thres=1.25",hub,0.25,30,11,40,1730,29,18,11,1712,0.725,0.0104046242774566,0.6170212765957447,0.3829787234042553,7.660889935764399
tfnbs,"e=1.2,h=6.0,n=30,start_thres=1.25",hub,0.25,30,11,40,1730,29,18,11,1712,0.725,0.0104046242774566,0.6170212765957447,0.3829787234042553,7.660889935764399
tfnbs,"e=1.2,h=7.0,n=30,start_thres=1.25",hub,0.25,30,11,40,1730,29,13,11,1717,0.725,0.007514450867052,0.6904761904761905,0.3095238095238095,7.660889935764399
tfnbs,"e=1.2,h=8.0,n=30,start_thres=1.25",hub,0.25,30,11,40,1730,28,8,12,1722,0.7,0.0046242774566473,0.7777777777777778,0.2222222222222222,7.660889935764399
tfnbs,"e=1.2,h=9.0,n=30,start_thres=1.25",hub,0.25,30,11,40,1730,26,5,14,1725,0.65,0.0028901734104046,0.8387096774193549,0.1612903225806451,7.660889935764399
tfnbs,"e=1.2,h=10.0,n=30,start_thres=1.25",hub,0.25,30,11,40,1730,22,3,18,1727,0.55,0.0017341040462427,0.88,0.12,7.660889935764399
tfnbs,"e=1.3,h=0.5,n=30,start_thres=1.25",hub,0.25,30,11,40,1730,32,38,8,1692,0.8,0.0219653179190751,0.4571428571428571,0.5428571428571428,7.660889935764399
tfnbs,"e=1.3,h=1.0,n=30,start_thres=1.25",hub,0.25,30,11,40,1730,32,38,8,1692,0.8,0.0219653179190751,0.4571428571428571,0.5428571428571428,7.660889935764399
tfnbs,"e=1.3,h=2.0,n=30,start_thres=1.25",hub,0.25,30,11,40,1730,32,38,8,1692,0.8,0.0219653179190751,0.4571428571428571,0.5428571428571428,7.660889935764399
tfnbs,"e=1.3,h=3.0,n=30,start_thres=1.25",hub,0.25,30,11,40,1730,32,38,8,1692,0.8,0.0219653179190751,0.4571428571428571,0.5428571428571428,7.660889935764399
tfnbs,"e=1.3,h=4.0,n=30,start_thres=1.25",hub,0.25,30,11,40,1730,31,29,9,1701,0.775,0.0167630057803468,0.5166666666666667,0.4833333333333333,7.660889935764399
tfnbs,"e=1.3,h=5.0,n=30,start_thres=1.25",hub,0.25,30,11,40,1730,31,29,9,1701,0.775,0.0167630057803468,0.5166666666666667,0.4833333333333333,7.660889935764399
tfnbs,"e=1.3,h=6.0,n=30,start_thres=1.25",hub,0.25,30,11,40,1730,31,29,9,1701,0.775,0.0167630057803468,0.5166666666666667,0.4833333333333333,7.660889935764399
tfnbs,"e=1.3,h=7.0,n=30,start_thres=1.25",hub,0.25,30,11,40,1730,29,18,11,1712,0.725,0.0104046242774566,0.6170212765957447,0.3829787234042553,7.660889935764399
tfnbs,"e=1.3,h=8.0,n=30,start_thres=1.25",hub,0.25,30,11,40,1730,29,13,11,1717,0.725,0.007514450867052,0.6904761904761905,0.3095238095238095,7.660889935764399
tfnbs,"e=1.3,h=9.0,n=30,start_thres=1.25",hub,0.25,30,11,40,1730,28,8,12,1722,0.7,0.0046242774566473,0.7777777777777778,0.2222222222222222,7.660889935764399
tfnbs,"e=1.3,h=10.0,n=30,start_thres=1.25",hub,0.25,30,11,40,1730,26,5,14,1725,0.65,0.0028901734104046,0.8387096774193549,0.1612903225806451,7.660889935764399
tfnbs,"e=1.4,h=0.5,n=30,start_thres=1.25",hub,0.25,30,11,40,1730,34,43,6,1687,0.85,0.0248554913294797,0.4415584415584415,0.5584415584415584,7.660889935764399
tfnbs,"e=1.4,h=1.0,n=30,start_thres=1.25",hub,0.25,30,11,40,1730,34,43,6,1687,0.85,0.0248554913294797,0.4415584415584415,0.5584415584415584,7.660889935764399
tfnbs,"e=1.4,h=2.0,n=30,start_thres=1.25",hub,0.25,30,11,40,1730,32,38,8,1692,0.8,0.0219653179190751,0.4571428571428571,0.5428571428571428,7.660889935764399
tfnbs,"e=1.4,h=3.0,n=30,start_thres=1.25",hub,0.25,30,11,40,1730,32,38,8,1692,0.8,0.0219653179190751,0.4571428571428571,0.5428571428571428,7.660889935764399
tfnbs,"e=1.4,h=4.0,n=30,start_thres=1.25",hub,0.25,30,11,40,1730,32,38,8,1692,0.8,0.0219653179190751,0.4571428571428571,0.5428571428571428,7.660889935764399
tfnbs,"e=1.4,h=5.0,n=30,start_thres=1.25",hub,0.25,30,11,40,1730,31,29,9,1701,0.775,0.0167630057803468,0.5166666666666667,0.4833333333333333,7.660889935764399
tfnbs,"e=1.4,h=6.0,n=30,start_thres=1.25",hub,0.25,30,11,40,1730,31,29,9,1701,0.775,0.0167630057803468,0.5166666666666667,0.4833333333333333,7.660889935764399
tfnbs,"e=1.4,h=7.0,n=30,start_thres=1.25",hub,0.25,30,11,40,1730,31,29,9,1701,0.775,0.0167630057803468,0.5166666666666667,0.4833333333333333,7.660889935764399
tfnbs,"e=1.4,h=8.0,n=30,start_thres=1.25",hub,0.25,30,11,40,1730,29,18,11,1712,0.725,0.0104046242774566,0.6170212765957447,0.3829787234042553,7.660889935764399
tfnbs,"e=1.4,h=9.0,n=30,start_thres=1.25",hub,0.25,30,11,40,1730,29,13,11,1717,0.725,0.007514450867052,0.6904761904761905,0.3095238095238095,7.660889935764399
tfnbs,"e=1.4,h=10.0,n=30,start_thres=1.25",hub,0.25,30,11,40,1730,28,8,12,1722,0.7,0.0046242774566473,0.7777777777777778,0.2222222222222222,7.660889935764399
tfnbs,"e=1.5,h=0.5,n=30,start_thres=1.25",hub,0.25,30,11,40,1730,34,43,6,1687,0.85,0.0248554913294797,0.4415584415584415,0.5584415584415584,7.660889935764399
tfnbs,"e=1.5,h=1.0,n=30,start_thres=1.25",hub,0.25,30,11,40,1730,34,43,6,1687,0.85,0.0248554913294797,0.4415584415584415,0.5584415584415584,7.660889935764399
tfnbs,"e=1.5,h=2.0,n=30,start_thres=1.25",hub,0.25,30,11,40,1730,34,43,6,1687,0.85,0.0248554913294797,0.4415584415584415,0.5584415584415584,7.660889935764399
tfnbs,"e=1.5,h=3.0,n=30,start_thres=1.25",hub,0.25,30,11,40,1730,32,38,8,1692,0.8,0.0219653179190751,0.4571428571428571,0.5428571428571428,7.660889935764399
tfnbs,"e=1.5,h=4.0,n=30,start_thres=1.25",hub,0.25,30,11,40,1730,32,38,8,1692,0.8,0.0219653179190751,0.4571428571428571,0.5428571428571428,7.660889935764399
tfnbs,"e=1.5,h=5.0,n=30,start_thres=1.25",hub,0.25,30,11,40,1730,32,38,8,1692,0.8,0.0219653179190751,0.4571428571428571,0.5428571428571428,7.660889935764399
tfnbs,"e=1.5,h=6.0,n=30,start_thres=1.25",hub,0.25,30,11,40,1730,31,29,9,1701,0.775,0.0167630057803468,0.5166666666666667,0.4833333333333333,7.660889935764399
tfnbs,"e=1.5,h=7.0,n=30,start_thres=1.25",hub,0.25,30,11,40,1730,31,29,9,1701,0.775,0.0167630057803468,0.5166666666666667,0.4833333333333333,7.660889935764399
tfnbs,"e=1.5,h=8.0,n=30,start_thres=1.25",hub,0.25,30,11,40,1730,31,29,9,1701,0.775,0.0167630057803468,0.5166666666666667,0.4833333333333333,7.660889935764399
tfnbs,"e=1.5,h=9.0,n=30,start_thres=1.25",hub,0.25,30,11,40,1730,29,18,11,1712,0.725,0.0104046242774566,0.6170212765957447,0.3829787234042553,7.660889935764399
tfnbs,"e=1.5,h=10.0,n=30,start_thres=1.25",hub,0.25,30,11,40,1730,29,13,11,1717,0.725,0.007514450867052,0.6904761904761905,0.3095238095238095,7.660889935764399
tfnbs,"e=0.05,h=0.5,n=30,start_thres=1.25",hub,0.25,30,26,40,1730,9,1,31,1729,0.225,0.0005780346820809,0.9,0.1,7.564661979675293
tfnbs,"e=0.05,h=1.0,n=30,start_thres=1.25",hub,0.25,30,26,40,1730,9,1,31,1729,0.225,0.0005780346820809,0.9,0.1,7.564661979675293
tfnbs,"e=0.05,h=2.0,n=30,start_thres=1.25",hub,0.25,30,26,40,1730,9,1,31,1729,0.225,0.0005780346820809,0.9,0.1,7.564661979675293
tfnbs,"e=0.05,h=3.0,n=30,start_thres=1.25",hub,0.25,30,26,40,1730,9,1,31,1729,0.225,0.0005780346820809,0.9,0.1,7.564661979675293
tfnbs,"e=0.05,h=4.0,n=30,start_thres=1.25",hub,0.25,30,26,40,1730,9,1,31,1729,0.225,0.0005780346820809,0.9,0.1,7.564661979675293
tfnbs,"e=0.05,h=5.0,n=30,start_thres=1.25",hub,0.25,30,26,40,1730,9,1,31,1729,0.225,0.0005780346820809,0.9,0.1,7.564661979675293
tfnbs,"e=0.05,h=6.0,n=30,start_thres=1.25",hub,0.25,30,26,40,1730,9,1,31,1729,0.225,0.0005780346820809,0.9,0.1,7.564661979675293
tfnbs,"e=0.05,h=7.0,n=30,start_thres=1.25",hub,0.25,30,26,40,1730,9,1,31,1729,0.225,0.0005780346820809,0.9,0.1,7.564661979675293
tfnbs,"e=0.05,h=8.0,n=30,start_thres=1.25",hub,0.25,30,26,40,1730,9,1,31,1729,0.225,0.0005780346820809,0.9,0.1,7.564661979675293
tfnbs,"e=0.05,h=9.0,n=30,start_thres=1.25",hub,0.25,30,26,40,1730,9,1,31,1729,0.225,0.0005780346820809,0.9,0.1,7.564661979675293
tfnbs,"e=0.05,h=10.0,n=30,start_thres=1.25",hub,0.25,30,26,40,1730,9,1,31,1729,0.225,0.0005780346820809,0.9,0.1,7.564661979675293
tfnbs,"e=0.1,h=0.5,n=30,start_thres=1.25",hub,0.25,30,26,40,1730,9,1,31,1729,0.225,0.0005780346820809,0.9,0.1,7.564661979675293
tfnbs,"e=0.1,h=1.0,n=30,start_thres=1.25",hub,0.25,30,26,40,1730,9,1,31,1729,0.225,0.0005780346820809,0.9,0.1,7.564661979675293
tfnbs,"e=0.1,h=2.0,n=30,start_thres=1.25",hub,0.25,30,26,40,1730,9,1,31,1729,0.225,0.0005780346820809,0.9,0.1,7.564661979675293
tfnbs,"e=0.1,h=3.0,n=30,start_thres=1.25",hub,0.25,30,26,40,1730,9,1,31,1729,0.225,0.0005780346820809,0.9,0.1,7.564661979675293
tfnbs,"e=0.1,h=4.0,n=30,start_thres=1.25",hub,0.25,30,26,40,1730,9,1,31,1729,0.225,0.0005780346820809,0.9,0.1,7.564661979675293
tfnbs,"e=0.1,h=5.0,n=30,start_thres=1.25",hub,0.25,30,26,40,1730,9,1,31,1729,0.225,0.0005780346820809,0.9,0.1,7.564661979675293
tfnbs,"e=0.1,h=6.0,n=30,start_thres=1.25",hub,0.25,30,26,40,1730,9,1,31,1729,0.225,0.0005780346820809,0.9,0.1,7.564661979675293
tfnbs,"e=0.1,h=7.0,n=30,start_thres=1.25",hub,0.25,30,26,40,1730,9,1,31,1729,0.225,0.0005780346820809,0.9,0.1,7.564661979675293
tfnbs,"e=0.1,h=8.0,n=30,start_thres=1.25",hub,0.25,30,26,40,1730,9,1,31,1729,0.225,0.0005780346820809,0.9,0.1,7.564661979675293
tfnbs,"e=0.1,h=9.0,n=30,start_thres=1.25",hub,0.25,30,26,40,1730,9,1,31,1729,0.225,0.0005780346820809,0.9,0.1,7.564661979675293
tfnbs,"e=0.1,h=10.0,n=30,start_thres=1.25",hub,0.25,30,26,40,1730,9,1,31,1729,0.225,0.0005780346820809,0.9,0.1,7.564661979675293
tfnbs,"e=0.2,h=0.5,n=30,start_thres=1.25",hub,0.25,30,26,40,1730,10,2,30,1728,0.25,0.0011560693641618,0.8333333333333334,0.1666666666666666,7.564661979675293
tfnbs,"e=0.2,h=1.0,n=30,start_thres=1.25",hub,0.25,30,26,40,1730,10,1,30,1729,0.25,0.0005780346820809,0.9090909090909092,0.0909090909090909,7.564661979675293
tfnbs,"e=0.2,h=2.0,n=30,start_thres=1.25",hub,0.25,30,26,40,1730,10,1,30,1729,0.25,0.0005780346820809,0.9090909090909092,0.0909090909090909,7.564661979675293
tfnbs,"e=0.2,h=3.0,n=30,start_thres=1.25",hub,0.25,30,26,40,1730,10,1,30,1729,0.25,0.0005780346820809,0.9090909090909092,0.0909090909090909,7.564661979675293
tfnbs,"e=0.2,h=4.0,n=30,start_thres=1.25",hub,0.25,30,26,40,1730,9,1,31,1729,0.225,0.0005780346820809,0.9,0.1,7.564661979675293
tfnbs,"e=0.2,h=5.0,n=30,start_thres=1.25",hub,0.25,30,26,40,1730,9,1,31,1729,0.225,0.0005780346820809,0.9,0.1,7.564661979675293
tfnbs,"e=0.2,h=6.0,n=30,start_thres=1.25",hub,0.25,30,26,40,1730,9,1,31,1729,0.225,0.0005780346820809,0.9,0.1,7.564661979675293
tfnbs,"e=0.2,h=7.0,n=30,start_thres=1.25",hub,0.25,30,26,40,1730,9,1,31,1729,0.225,0.0005780346820809,0.9,0.1,7.564661979675293
tfnbs,"e=0.2,h=8.0,n=30,start_thres=1.25",hub,0.25,30,26,40,1730,9,1,31,1729,0.225,0.0005780346820809,0.9,0.1,7.564661979675293
tfnbs,"e=0.2,h=9.0,n=30,start_thres=1.25",hub,0.25,30,26,40,1730,9,1,31,1729,0.225,0.0005780346820809,0.9,0.1,7.564661979675293
tfnbs,"e=0.2,h=10.0,n=30,start_thres=1.25",hub,0.25,30,26,40,1730,9,1,31,1729,0.225,0.0005780346820809,0.9,0.1,7.564661979675293
tfnbs,"e=0.3,h=0.5,n=30,start_thres=1.25",hub,0.25,30,26,40,1730,19,6,21,1724,0.475,0.0034682080924855,0.76,0.24,7.564661979675293
tfnbs,"e=0.3,h=1.0,n=30,start_thres=1.25",hub,0.25,30,26,40,1730,15,6,25,1724,0.375,0.0034682080924855,0.7142857142857143,0.2857142857142857,7.564661979675293
tfnbs,"e=0.3,h=2.0,n=30,start_thres=1.25",hub,0.25,30,26,40,1730,10,4,30,1726,0.25,0.0023121387283236,0.7142857142857143,0.2857142857142857,7.564661979675293
tfnbs,"e=0.3,h=3.0,n=30,start_thres=1.25",hub,0.25,30,26,40,1730,10,1,30,1729,0.25,0.0005780346820809,0.9090909090909092,0.0909090909090909,7.564661979675293
tfnbs,"e=0.3,h=4.0,n=30,start_thres=1.25",hub,0.25,30,26,40,1730,10,1,30,1729,0.25,0.0005780346820809,0.9090909090909092,0.0909090909090909,7.564661979675293
tfnbs,"e=0.3,h=5.0,n=30,start_thres=1.25",hub,0.25,30,26,40,1730,10,1,30,1729,0.25,0.0005780346820809,0.9090909090909092,0.0909090909090909,7.564661979675293
tfnbs,"e=0.3,h=6.0,n=30,start_thres=1.25",hub,0.25,30,26,40,1730,10,1,30,1729,0.25,0.0005780346820809,0.9090909090909092,0.0909090909090909,7.564661979675293
tfnbs,"e=0.3,h=7.0,n=30,start_thres=1.25",hub,0.25,30,26,40,1730,9,1,31,1729,0.225,0.0005780346820809,0.9,0.1,7.564661979675293
tfnbs,"e=0.3,h=8.0,n=30,start_thres=1.25",hub,0.25,30,26,40,1730,9,1,31,1729,0.225,0.0005780346820809,0.9,0.1,7.564661979675293
tfnbs,"e=0.3,h=9.0,n=30,start_thres=1.25",hub,0.25,30,26,40,1730,9,1,31,1729,0.225,0.0005780346820809,0.9,0.1,7.564661979675293
tfnbs,"e=0.3,h=10.0,n=30,start_thres=1.25",hub,0.25,30,26,40,1730,9,1,31,1729,0.225,0.0005780346820809,0.9,0.1,7.564661979675293
tfnbs,"e=0.4,h=0.5,n=30,start_thres=1.25",hub,0.25,30,26,40,1730,20,14,20,1716,0.5,0.0080924855491329,0.5882352941176471,0.4117647058823529,7.564661979675293
tfnbs,"e=0.4,h=1.0,n=30,start_thres=1.25",hub,0.25,30,26,40,1730,20,14,20,1716,0.5,0.0080924855491329,0.5882352941176471,0.4117647058823529,7.564661979675293
tfnbs,"e=0.4,h=2.0,n=30,start_thres=1.25",hub,0.25,30,26,40,1730,19,6,21,1724,0.475,0.0034682080924855,0.76,0.24,7.564661979675293
tfnbs,"e=0.4,h=3.0,n=30,start_thres=1.25",hub,0.25,30,26,40,1730,15,5,25,1725,0.375,0.0028901734104046,0.75,0.25,7.564661979675293
tfnbs,"e=0.4,h=4.0,n=30,start_thres=1.25",hub,0.25,30,26,40,1730,10,1,30,1729,0.25,0.0005780346820809,0.9090909090909092,0.0909090909090909,7.564661979675293
tfnbs,"e=0.4,h=5.0,n=30,start_thres=1.25",hub,0.25,30,26,40,1730,10,1,30,1729,0.25,0.0005780346820809,0.9090909090909092,0.0909090909090909,7.564661979675293
tfnbs,"e=0.4,h=6.0,n=30,start_thres=1.25",hub,0.25,30,26,40,1730,10,1,30,1729,0.25,0.0005780346820809,0.9090909090909092,0.0909090909090909,7.564661979675293
tfnbs,"e=0.4,h=7.0,n=30,start_thres=1.25",hub,0.25,30,26,40,1730,10,1,30,1729,0.25,0.0005780346820809,0.9090909090909092,0.0909090909090909,7.564661979675293
tfnbs,"e=0.4,h=8.0,n=30,start_thres=1.25",hub,0.25,30,26,40,1730,10,1,30,1729,0.25,0.0005780346820809,0.9090909090909092,0.0909090909090909,7.564661979675293
tfnbs,"e=0.4,h=9.0,n=30,start_thres=1.25",hub,0.25,30,26,40,1730,9,1,31,1729,0.225,0.0005780346820809,0.9,0.1,7.564661979675293
tfnbs,"e=0.4,h=10.0,n=30,start_thres=1.25",hub,0.25,30,26,40,1730,9,1,31,1729,0.225,0.0005780346820809,0.9,0.1,7.564661979675293
tfnbs,"e=0.5,h=0.5,n=30,start_thres=1.25",hub,0.25,30,26,40,1730,23,28,17,1702,0.575,0.0161849710982658,0.4509803921568627,0.5490196078431373,7.564661979675293
tfnbs,"e=0.5,h=1.0,n=30,start_thres=1.25",hub,0.25,30,26,40,1730,22,21,18,1709,0.55,0.0121387283236994,0.5116279069767442,0.4883720930232558,7.564661979675293
tfnbs,"e=0.5,h=2.0,n=30,start_thres=1.25",hub,0.25,30,26,40,1730,20,14,20,1716,0.5,0.0080924855491329,0.5882352941176471,0.4117647058823529,7.564661979675293
tfnbs,"e=0.5,h=3.0,n=30,start_thres=1.25",hub,0.25,30,26,40,1730,19,6,21,1724,0.475,0.0034682080924855,0.76,0.24,7.564661979675293
tfnbs,"e=0.5,h=4.0,n=30,start_thres=1.25",hub,0.25,30,26,40,1730,15,6,25,1724,0.375,0.0034682080924855,0.7142857142857143,0.2857142857142857,7.564661979675293
tfnbs,"e=0.5,h=5.0,n=30,start_thres=1.25",hub,0.25,30,26,40,1730,10,2,30,1728,0.25,0.0011560693641618,0.8333333333333334,0.1666666666666666,7.564661979675293
tfnbs,"e=0.5,h=6.0,n=30,start_thres=1.25",hub,0.25,30,26,40,1730,10,1,30,1729,0.25,0.0005780346820809,0.9090909090909092,0.0909090909090909,7.564661979675293
tfnbs,"e=0.5,h=7.0,n=30,start_thres=1.25",hub,0.25,30,26,40,1730,10,1,30,1729,0.25,0.0005780346820809,0.9090909090909092,0.0909090909090909,7.564661979675293
tfnbs,"e=0.5,h=8.0,n=30,start_thres=1.25",hub,0.25,30,26,40,1730,10,1,30,1729,0.25,0.0005780346820809,0.9090909090909092,0.0909090909090909,7.564661979675293
tfnbs,"e=0.5,h=9.0,n=30,start_thres=1.25",hub,0.25,30,26,40,1730,10,1,30,1729,0.25,0.0005780346820809,0.9090909090909092,0.0909090909090909,7.564661979675293
tfnbs,"e=0.5,h=10.0,n=30,start_thres=1.25",hub,0.25,30,26,40,1730,10,1,30,1729,0.25,0.0005780346820809,0.9090909090909092,0.0909090909090909,7.564661979675293
tfnbs,"e=0.6,h=0.5,n=30,start_thres=1.25",hub,0.25,30,26,40,1730,23,28,17,1702,0.575,0.0161849710982658,0.4509803921568627,0.5490196078431373,7.564661979675293
tfnbs,"e=0.6,h=1.0,n=30,start_thres=1.25",hub,0.25,30,26,40,1730,23,28,17,1702,0.575,0.0161849710982658,0.4509803921568627,0.5490196078431373,7.564661979675293
tfnbs,"e=0.6,h=2.0,n=30,start_thres=1.25",hub,0.25,30,26,40,1730,22,22,18,1708,0.55,0.0127167630057803,0.5,0.5,7.564661979675293
tfnbs,"e=0.6,h=3.0,n=30,start_thres=1.25",hub,0.25,30,26,40,1730,22,21,18,1709,0.55,0.0121387283236994,0.5116279069767442,0.4883720930232558,7.564661979675293
tfnbs,"e=0.6,h=4.0,n=30,start_thres=1.25",hub,0.25,30,26,40,1730,20,11,20,1719,0.5,0.0063583815028901,0.6451612903225806,0.3548387096774194,7.564661979675293
tfnbs,"e=0.6,h=5.0,n=30,start_thres=1.25",hub,0.25,30,26,40,1730,19,6,21,1724,0.475,0.0034682080924855,0.76,0.24,7.564661979675293
tfnbs,"e=0.6,h=6.0,n=30,start_thres=1.25",hub,0.25,30,26,40,1730,15,3,25,1727,0.375,0.0017341040462427,0.8333333333333334,0.1666666666666666,7.564661979675293
tfnbs,"e=0.6,h=7.0,n=30,start_thres=1.25",hub,0.25,30,26,40,1730,10,1,30,1729,0.25,0.0005780346820809,0.9090909090909092,0.0909090909090909,7.564661979675293
tfnbs,"e=0.6,h=8.0,n=30,start_thres=1.25",hub,0.25,30,26,40,1730,10,1,30,1729,0.25,0.0005780346820809,0.9090909090909092,0.0909090909090909,7.564661979675293
tfnbs,"e=0.6,h=9.0,n=30,start_thres=1.25",hub,0.25,30,26,40,1730,10,1,30,1729,0.25,0.0005780346820809,0.9090909090909092,0.0909090909090909,7.564661979675293
tfnbs,"e=0.6,h=10.0,n=30,start_thres=1.25",hub,0.25,30,26,40,1730,10,1,30,1729,0.25,0.0005780346820809,0.9090909090909092,0.0909090909090909,7.564661979675293
tfnbs,"e=0.7,h=0.5,n=30,start_thres=1.25",hub,0.25,30,26,40,1730,24,38,16,1692,0.6,0.0219653179190751,0.3870967741935484,0.6129032258064516,7.564661979675293
tfnbs,"e=0.7,h=1.0,n=30,start_thres=1.25",hub,0.25,30,26,40,1730,24,38,16,1692,0.6,0.0219653179190751,0.3870967741935484,0.6129032258064516,7.564661979675293
tfnbs,"e=0.7,h=2.0,n=30,start_thres=1.25",hub,0.25,30,26,40,1730,23,28,17,1702,0.575,0.0161849710982658,0.4509803921568627,0.5490196078431373,7.564661979675293
tfnbs,"e=0.7,h=3.0,n=30,start_thres=1.25",hub,0.25,30,26,40,1730,23,28,17,1702,0.575,0.0161849710982658,0.4509803921568627,0.5490196078431373,7.564661979675293
tfnbs,"e=0.7,h=4.0,n=30,start_thres=1.25",hub,0.25,30,26,40,1730,22,21,18,1709,0.55,0.0121387283236994,0.5116279069767442,0.4883720930232558,7.564661979675293
tfnbs,"e=0.7,h=5.0,n=30,start_thres=1.25",hub,0.25,30,26,40,1730,20,11,20,1719,0.5,0.0063583815028901,0.6451612903225806,0.3548387096774194,7.564661979675293
tfnbs,"e=0.7,h=6.0,n=30,start_thres=1.25",hub,0.25,30,26,40,1730,19,6,21,1724,0.475,0.0034682080924855,0.76,0.24,7.564661979675293
tfnbs,"e=0.7,h=7.0,n=30,start_thres=1.25",hub,0.25,30,26,40,1730,15,5,25,1725,0.375,0.0028901734104046,0.75,0.25,7.564661979675293
tfnbs,"e=0.7,h=8.0,n=30,start_thres=1.25",hub,0.25,30,26,40,1730,10,1,30,1729,0.25,0.0005780346820809,0.9090909090909092,0.0909090909090909,7.564661979675293
tfnbs,"e=0.7,h=9.0,n=30,start_thres=1.25",hub,0.25,30,26,40,1730,10,1,30,1729,0.25,0.0005780346820809,0.9090909090909092,0.0909090909090909,7.564661979675293
tfnbs,"e=0.7,h=10.0,n=30,start_thres=1.25",hub,0.25,30,26,40,1730,10,1,30,1729,0.25,0.0005780346820809,0.9090909090909092,0.0909090909090909,7.564661979675293
tfnbs,"e=0.8,h=0.5,n=30,start_thres=1.25",hub,0.25,30,26,40,1730,24,38,16,1692,0.6,0.0219653179190751,0.3870967741935484,0.6129032258064516,7.564661979675293
tfnbs,"e=0.8,h=1.0,n=30,start_thres=1.25",hub,0.25,30,26,40,1730,24,38,16,1692,0.6,0.0219653179190751,0.3870967741935484,0.6129032258064516,7.564661979675293
tfnbs,"e=0.8,h=2.0,n=30,start_thres=1.25",hub,0.25,30,26,40,1730,24,38,16,1692,0.6,0.0219653179190751,0.3870967741935484,0.6129032258064516,7.564661979675293
tfnbs,"e=0.8,h=3.0,n=30,start_thres=1.25",hub,0.25,30,26,40,1730,23,28,17,1702,0.575,0.0161849710982658,0.4509803921568627,0.5490196078431373,7.564661979675293
tfnbs,"e=0.8,h=4.0,n=30,start_thres=1.25",hub,0.25,30,26,40,1730,23,28,17,1702,0.575,0.0161849710982658,0.4509803921568627,0.5490196078431373,7.564661979675293
tfnbs,"e=0.8,h=5.0,n=30,start_thres=1.25",hub,0.25,30,26,40,1730,22,21,18,1709,0.55,0.0121387283236994,0.5116279069767442,0.4883720930232558,7.564661979675293
tfnbs,"e=0.8,h=6.0,n=30,start_thres=1.25",hub,0.25,30,26,40,1730,20,14,20,1716,0.5,0.0080924855491329,0.5882352941176471,0.4117647058823529,7.564661979675293
tfnbs,"e=0.8,h=7.0,n=30,start_thres=1.25",hub,0.25,30,26,40,1730,19,6,21,1724,0.475,0.0034682080924855,0.76,0.24,7.564661979675293
tfnbs,"e=0.8,h=8.0,n=30,start_thres=1.25",hub,0.25,30,26,40,1730,15,6,25,1724,0.375,0.0034682080924855,0.7142857142857143,0.2857142857142857,7.564661979675293
tfnbs,"e=0.8,h=9.0,n=30,start_thres=1.25",hub,0.25,30,26,40,1730,15,2,25,1728,0.375,0.0011560693641618,0.8823529411764706,0.1176470588235294,7.564661979675293
tfnbs,"e=0.8,h=10.0,n=30,start_thres=1.25",hub,0.25,30,26,40,1730,10,1,30,1729,0.25,0.0005780346820809,0.9090909090909092,0.0909090909090909,7.564661979675293
tfnbs,"e=0.9,h=0.5,n=30,start_thres=1.25",hub,0.25,30,26,40,1730,26,47,14,1683,0.65,0.0271676300578034,0.3561643835616438,0.6438356164383562,7.564661979675293
tfnbs,"e=0.9,h=1.0,n=30,start_thres=1.25",hub,0.25,30,26,40,1730,26,47,14,1683,0.65,0.0271676300578034,0.3561643835616438,0.6438356164383562,7.564661979675293
tfnbs,"e=0.9,h=2.0,n=30,start_thres=1.25",hub,0.25,30,26,40,1730,24,38,16,1692,0.6,0.0219653179190751,0.3870967741935484,0.6129032258064516,7.564661979675293
tfnbs,"e=0.9,h=3.0,n=30,start_thres=1.25",hub,0.25,30,26,40,1730,24,38,16,1692,0.6,0.0219653179190751,0.3870967741935484,0.6129032258064516,7.564661979675293
tfnbs,"e=0.9,h=4.0,n=30,start_thres=1.25",hub,0.25,30,26,40,1730,24,38,16,1692,0.6,0.0219653179190751,0.3870967741935484,0.6129032258064516,7.564661979675293
tfnbs,"e=0.9,h=5.0,n=30,start_thres=1.25",hub,0.25,30,26,40,1730,23,28,17,1702,0.575,0.0161849710982658,0.4509803921568627,0.5490196078431373,7.564661979675293
tfnbs,"e=0.9,h=6.0,n=30,start_thres=1.25",hub,0.25,30,26,40,1730,22,21,18,1709,0.55,0.0121387283236994,0.5116279069767442,0.4883720930232558,7.564661979675293
tfnbs,"e=0.9,h=7.0,n=30,start_thres=1.25",hub,0.25,30,26,40,1730,20,14,20,1716,0.5,0.0080924855491329,0.5882352941176471,0.4117647058823529,7.564661979675293
tfnbs,"e=0.9,h=8.0,n=30,start_thres=1.25",hub,0.25,30,26,40,1730,19,6,21,1724,0.475,0.0034682080924855,0.76,0.24,7.564661979675293
tfnbs,"e=0.9,h=9.0,n=30,start_thres=1.25",hub,0.25,30,26,40,1730,15,6,25,1724,0.375,0.0034682080924855,0.7142857142857143,0.2857142857142857,7.564661979675293
tfnbs,"e=0.9,h=10.0,n=30,start_thres=1.25",hub,0.25,30,26,40,1730,15,2,25,1728,0.375,0.0011560693641618,0.8823529411764706,0.1176470588235294,7.564661979675293
tfnbs,"e=1.0,h=0.5,n=30,start_thres=1.25",hub,0.25,30,26,40,1730,26,47,14,1683,0.65,0.0271676300578034,0.3561643835616438,0.6438356164383562,7.564661979675293
tfnbs,"e=1.0,h=1.0,n=30,start_thres=1.25",hub,0.25,30,26,40,1730,26,47,14,1683,0.65,0.0271676300578034,0.3561643835616438,0.6438356164383562,7.564661979675293
tfnbs,"e=1.0,h=2.0,n=30,start_thres=1.25",hub,0.25,30,26,40,1730,26,47,14,1683,0.65,0.0271676300578034,0.3561643835616438,0.6438356164383562,7.564661979675293
tfnbs,"e=1.0,h=3.0,n=30,start_thres=1.25",hub,0.25,30,26,40,1730,24,38,16,1692,0.6,0.0219653179190751,0.3870967741935484,0.6129032258064516,7.564661979675293
tfnbs,"e=1.0,h=4.0,n=30,start_thres=1.25",hub,0.25,30,26,40,1730,24,38,16,1692,0.6,0.0219653179190751,0.3870967741935484,0.6129032258064516,7.564661979675293
tfnbs,"e=1.0,h=5.0,n=30,start_thres=1.25",hub,0.25,30,26,40,1730,24,38,16,1692,0.6,0.0219653179190751,0.3870967741935484,0.6129032258064516,7.564661979675293
tfnbs,"e=1.0,h=6.0,n=30,start_thres=1.25",hub,0.25,30,26,40,1730,23,28,17,1702,0.575,0.0161849710982658,0.4509803921568627,0.5490196078431373,7.564661979675293
tfnbs,"e=1.0,h=7.0,n=30,start_thres=1.25",hub,0.25,30,26,40,1730,22,21,18,1709,0.55,0.0121387283236994,0.5116279069767442,0.4883720930232558,7.564661979675293
tfnbs,"e=1.0,h=8.0,n=30,start_thres=1.25",hub,0.25,30,26,40,1730,20,14,20,1716,0.5,0.0080924855491329,0.5882352941176471,0.4117647058823529,7.564661979675293
tfnbs,"e=1.0,h=9.0,n=30,start_thres=1.25",hub,0.25,30,26,40,1730,19,6,21,1724,0.475,0.0034682080924855,0.76,0.24,7.564661979675293
tfnbs,"e=1.0,h=10.0,n=30,start_thres=1.25",hub,0.25,30,26,40,1730,19,6,21,1724,0.475,0.0034682080924855,0.76,0.24,7.564661979675293
tfnbs,"e=1.1,h=0.5,n=30,start_thres=1.25",hub,0.25,30,26,40,1730,26,47,14,1683,0.65,0.0271676300578034,0.3561643835616438,0.6438356164383562,7.564661979675293
tfnbs,"e=1.1,h=1.0,n=30,start_thres=1.25",hub,0.25,30,26,40,1730,26,47,14,1683,0.65,0.0271676300578034,0.3561643835616438,0.6438356164383562,7.564661979675293
tfnbs,"e=1.1,h=2.0,n=30,start_thres=1.25",hub,0.25,30,26,40,1730,26,47,14,1683,0.65,0.0271676300578034,0.3561643835616438,0.6438356164383562,7.564661979675293
tfnbs,"e=1.1,h=3.0,n=30,start_thres=1.25",hub,0.25,30,26,40,1730,26,47,14,1683,0.65,0.0271676300578034,0.3561643835616438,0.6438356164383562,7.564661979675293
tfnbs,"e=1.1,h=4.0,n=30,start_thres=1.25",hub,0.25,30,26,40,1730,26,47,14,1683,0.65,0.0271676300578034,0.3561643835616438,0.6438356164383562,7.564661979675293
tfnbs,"e=1.1,h=5.0,n=30,start_thres=1.25",hub,0.25,30,26,40,1730,24,38,16,1692,0.6,0.0219653179190751,0.3870967741935484,0.6129032258064516,7.564661979675293
tfnbs,"e=1.1,h=6.0,n=30,start_thres=1.25",hub,0.25,30,26,40,1730,24,38,16,1692,0.6,0.0219653179190751,0.3870967741935484,0.6129032258064516,7.564661979675293
tfnbs,"e=1.1,h=7.0,n=30,start_thres=1.25",hub,0.25,30,26,40,1730,23,28,17,1702,0.575,0.0161849710982658,0.4509803921568627,0.5490196078431373,7.564661979675293
tfnbs,"e=1.1,h=8.0,n=30,start_thres=1.25",hub,0.25,30,26,40,1730,22,21,18,1709,0.55,0.0121387283236994,0.5116279069767442,0.4883720930232558,7.564661979675293
tfnbs,"e=1.1,h=9.0,n=30,start_thres=1.25",hub,0.25,30,26,40,1730,20,14,20,1716,0.5,0.0080924855491329,0.5882352941176471,0.4117647058823529,7.564661979675293
tfnbs,"e=1.1,h=10.0,n=30,start_thres=1.25",hub,0.25,30,26,40,1730,19,6,21,1724,0.475,0.0034682080924855,0.76,0.24,7.564661979675293
tfnbs,"e=1.2,h=0.5,n=30,start_thres=1.25",hub,0.25,30,26,40,1730,28,67,12,1663,0.7,0.0387283236994219,0.2947368421052631,0.7052631578947368,7.564661979675293
tfnbs,"e=1.2,h=1.0,n=30,start_thres=1.25",hub,0.25,30,26,40,1730,28,67,12,1663,0.7,0.0387283236994219,0.2947368421052631,0.7052631578947368,7.564661979675293
tfnbs,"e=1.2,h=2.0,n=30,start_thres=1.25",hub,0.25,30,26,40,1730,26,47,14,1683,0.65,0.0271676300578034,0.3561643835616438,0.6438356164383562,7.564661979675293
tfnbs,"e=1.2,h=3.0,n=30,start_thres=1.25",hub,0.25,30,26,40,1730,26,47,14,1683,0.65,0.0271676300578034,0.3561643835616438,0.6438356164383562,7.564661979675293
tfnbs,"e=1.2,h=4.0,n=30,start_thres=1.25",hub,0.25,30,26,40,1730,26,47,14,1683,0.65,0.0271676300578034,0.3561643835616438,0.6438356164383562,7.564661979675293
tfnbs,"e=1.2,h=5.0,n=30,start_thres=1.25",hub,0.25,30,26,40,1730,26,47,14,1683,0.65,0.0271676300578034,0.3561643835616438,0.6438356164383562,7.564661979675293
tfnbs,"e=1.2,h=6.0,n=30,start_thres=1.25",hub,0.25,30,26,40,1730,24,38,16,1692,0.6,0.0219653179190751,0.3870967741935484,0.6129032258064516,7.564661979675293
tfnbs,"e=1.2,h=7.0,n=30,start_thres=1.25",hub,0.25,30,26,40,1730,24,38,16,1692,0.6,0.0219653179190751,0.3870967741935484,0.6129032258064516,7.564661979675293
tfnbs,"e=1.2,h=8.0,n=30,start_thres=1.25",hub,0.25,30,26,40,1730,23,28,17,1702,0.575,0.0161849710982658,0.4509803921568627,0.5490196078431373,7.564661979675293
tfnbs,"e=1.2,h=9.0,n=30,start_thres=1.25",hub,0.25,30,26,40,1730,22,21,18,1709,0.55,0.0121387283236994,0.5116279069767442,0.4883720930232558,7.564661979675293
tfnbs,"e=1.2,h=10.0,n=30,start_thres=1.25",hub,0.25,30,26,40,1730,20,14,20,1716,0.5,0.0080924855491329,0.5882352941176471,0.4117647058823529,7.564661979675293
tfnbs,"e=1.3,h=0.5,n=30,start_thres=1.25",hub,0.25,30,26,40,1730,28,67,12,1663,0.7,0.0387283236994219,0.2947368421052631,0.7052631578947368,7.564661979675293
tfnbs,"e=1.3,h=1.0,n=30,start_thres=1.25",hub,0.25,30,26,40,1730,28,67,12,1663,0.7,0.0387283236994219,0.2947368421052631,0.7052631578947368,7.564661979675293
tfnbs,"e=1.3,h=2.0,n=30,start_thres=1.25",hub,0.25,30,26,40,1730,28,67,12,1663,0.7,0.0387283236994219,0.2947368421052631,0.7052631578947368,7.564661979675293
tfnbs,"e=1.3,h=3.0,n=30,start_thres=1.25",hub,0.25,30,26,40,1730,28,67,12,1663,0.7,0.0387283236994219,0.2947368421052631,0.7052631578947368,7.564661979675293
tfnbs,"e=1.3,h=4.0,n=30,start_thres=1.25",hub,0.25,30,26,40,1730,26,47,14,1683,0.65,0.0271676300578034,0.3561643835616438,0.6438356164383562,7.564661979675293
tfnbs,"e=1.3,h=5.0,n=30,start_thres=1.25",hub,0.25,30,26,40,1730,26,47,14,1683,0.65,0.0271676300578034,0.3561643835616438,0.6438356164383562,7.564661979675293
tfnbs,"e=1.3,h=6.0,n=30,start_thres=1.25",hub,0.25,30,26,40,1730,26,47,14,1683,0.65,0.0271676300578034,0.3561643835616438,0.6438356164383562,7.564661979675293
tfnbs,"e=1.3,h=7.0,n=30,start_thres=1.25",hub,0.25,30,26,40,1730,24,38,16,1692,0.6,0.0219653179190751,0.3870967741935484,0.6129032258064516,7.564661979675293
tfnbs,"e=1.3,h=8.0,n=30,start_thres=1.25",hub,0.25,30,26,40,1730,24,38,16,1692,0.6,0.0219653179190751,0.3870967741935484,0.6129032258064516,7.564661979675293
tfnbs,"e=1.3,h=9.0,n=30,start_thres=1.25",hub,0.25,30,26,40,1730,23,28,17,1702,0.575,0.0161849710982658,0.4509803921568627,0.5490196078431373,7.564661979675293
tfnbs,"e=1.3,h=10.0,n=30,start_thres=1.25",hub,0.25,30,26,40,1730,22,21,18,1709,0.55,0.0121387283236994,0.5116279069767442,0.4883720930232558,7.564661979675293
tfnbs,"e=1.4,h=0.5,n=30,start_thres=1.25",hub,0.25,30,26,40,1730,28,67,12,1663,0.7,0.0387283236994219,0.2947368421052631,0.7052631578947368,7.564661979675293
tfnbs,"e=1.4,h=1.0,n=30,start_thres=1.25",hub,0.25,30,26,40,1730,28,67,12,1663,0.7,0.0387283236994219,0.2947368421052631,0.7052631578947368,7.564661979675293
tfnbs,"e=1.4,h=2.0,n=30,start_thres=1.25",hub,0.25,30,26,40,1730,28,67,12,1663,0.7,0.0387283236994219,0.2947368421052631,0.7052631578947368,7.564661979675293
tfnbs,"e=1.4,h=3.0,n=30,start_thres=1.25",hub,0.25,30,26,40,1730,28,67,12,1663,0.7,0.0387283236994219,0.2947368421052631,0.7052631578947368,7.564661979675293
tfnbs,"e=1.4,h=4.0,n=30,start_thres=1.25",hub,0.25,30,26,40,1730,28,67,12,1663,0.7,0.0387283236994219,0.2947368421052631,0.7052631578947368,7.564661979675293
tfnbs,"e=1.4,h=5.0,n=30,start_thres=1.25",hub,0.25,30,26,40,1730,26,47,14,1683,0.65,0.0271676300578034,0.3561643835616438,0.6438356164383562,7.564661979675293
tfnbs,"e=1.4,h=6.0,n=30,start_thres=1.25",hub,0.25,30,26,40,1730,26,47,14,1683,0.65,0.0271676300578034,0.3561643835616438,0.6438356164383562,7.564661979675293
tfnbs,"e=1.4,h=7.0,n=30,start_thres=1.25",hub,0.25,30,26,40,1730,26,47,14,1683,0.65,0.0271676300578034,0.3561643835616438,0.6438356164383562,7.564661979675293
tfnbs,"e=1.4,h=8.0,n=30,start_thres=1.25",hub,0.25,30,26,40,1730,24,38,16,1692,0.6,0.0219653179190751,0.3870967741935484,0.6129032258064516,7.564661979675293
tfnbs,"e=1.4,h=9.0,n=30,start_thres=1.25",hub,0.25,30,26,40,1730,23,28,17,1702,0.575,0.0161849710982658,0.4509803921568627,0.5490196078431373,7.564661979675293
tfnbs,"e=1.4,h=10.0,n=30,start_thres=1.25",hub,0.25,30,26,40,1730,23,28,17,1702,0.575,0.0161849710982658,0.4509803921568627,0.5490196078431373,7.564661979675293
tfnbs,"e=1.5,h=0.5,n=30,start_thres=1.25",hub,0.25,30,26,40,1730,28,67,12,1663,0.7,0.0387283236994219,0.2947368421052631,0.7052631578947368,7.564661979675293
tfnbs,"e=1.5,h=1.0,n=30,start_thres=1.25",hub,0.25,30,26,40,1730,28,67,12,1663,0.7,0.0387283236994219,0.2947368421052631,0.7052631578947368,7.564661979675293
tfnbs,"e=1.5,h=2.0,n=30,start_thres=1.25",hub,0.25,30,26,40,1730,28,67,12,1663,0.7,0.0387283236994219,0.2947368421052631,0.7052631578947368,7.564661979675293
tfnbs,"e=1.5,h=3.0,n=30,start_thres=1.25",hub,0.25,30,26,40,1730,28,67,12,1663,0.7,0.0387283236994219,0.2947368421052631,0.7052631578947368,7.564661979675293
tfnbs,"e=1.5,h=4.0,n=30,start_thres=1.25",hub,0.25,30,26,40,1730,28,67,12,1663,0.7,0.0387283236994219,0.2947368421052631,0.7052631578947368,7.564661979675293
tfnbs,"e=1.5,h=5.0,n=30,start_thres=1.25",hub,0.25,30,26,40,1730,28,67,12,1663,0.7,0.0387283236994219,0.2947368421052631,0.7052631578947368,7.564661979675293
tfnbs,"e=1.5,h=6.0,n=30,start_thres=1.25",hub,0.25,30,26,40,1730,26,47,14,1683,0.65,0.0271676300578034,0.3561643835616438,0.6438356164383562,7.564661979675293
tfnbs,"e=1.5,h=7.0,n=30,start_thres=1.25",hub,0.25,30,26,40,1730,26,47,14,1683,0.65,0.0271676300578034,0.3561643835616438,0.6438356164383562,7.564661979675293
tfnbs,"e=1.5,h=8.0,n=30,start_thres=1.25",hub,0.25,30,26,40,1730,24,38,16,1692,0.6,0.0219653179190751,0.3870967741935484,0.6129032258064516,7.564661979675293
tfnbs,"e=1.5,h=9.0,n=30,start_thres=1.25",hub,0.25,30,26,40,1730,24,38,16,1692,0.6,0.0219653179190751,0.3870967741935484,0.6129032258064516,7.564661979675293
tfnbs,"e=1.5,h=10.0,n=30,start_thres=1.25",hub,0.25,30,26,40,1730,23,28,17,1702,0.575,0.0161849710982658,0.4509803921568627,0.5490196078431373,7.564661979675293
tfnbs,"e=0.05,h=0.5,n=30,start_thres=1.25",hub,0.25,30,10,40,1730,5,1,35,1729,0.125,0.0005780346820809,0.8333333333333334,0.1666666666666666,7.6951214684681455
tfnbs,"e=0.05,h=1.0,n=30,start_thres=1.25",hub,0.25,30,10,40,1730,5,1,35,1729,0.125,0.0005780346820809,0.8333333333333334,0.1666666666666666,7.6951214684681455
tfnbs,"e=0.05,h=2.0,n=30,start_thres=1.25",hub,0.25,30,10,40,1730,5,1,35,1729,0.125,0.0005780346820809,0.8333333333333334,0.1666666666666666,7.6951214684681455
tfnbs,"e=0.05,h=3.0,n=30,start_thres=1.25",hub,0.25,30,10,40,1730,4,1,36,1729,0.1,0.0005780346820809,0.8,0.2,7.6951214684681455
tfnbs,"e=0.05,h=4.0,n=30,start_thres=1.25",hub,0.25,30,10,40,1730,4,1,36,1729,0.1,0.0005780346820809,0.8,0.2,7.6951214684681455
tfnbs,"e=0.05,h=5.0,n=30,start_thres=1.25",hub,0.25,30,10,40,1730,4,1,36,1729,0.1,0.0005780346820809,0.8,0.2,7.6951214684681455
tfnbs,"e=0.05,h=6.0,n=30,start_thres=1.25",hub,0.25,30,10,40,1730,4,1,36,1729,0.1,0.0005780346820809,0.8,0.2,7.6951214684681455
tfnbs,"e=0.05,h=7.0,n=30,start_thres=1.25",hub,0.25,30,10,40,1730,4,1,36,1729,0.1,0.0005780346820809,0.8,0.2,7.6951214684681455
tfnbs,"e=0.05,h=8.0,n=30,start_thres=1.25",hub,0.25,30,10,40,1730,4,1,36,1729,0.1,0.0005780346820809,0.8,0.2,7.6951214684681455
tfnbs,"e=0.05,h=9.0,n=30,start_thres=1.25",hub,0.25,30,10,40,1730,4,0,36,1730,0.1,0.0,1.0,0.0,7.6951214684681455
tfnbs,"e=0.05,h=10.0,n=30,start_thres=1.25",hub,0.25,30,10,40,1730,4,0,36,1730,0.1,0.0,1.0,0.0,7.6951214684681455
tfnbs,"e=0.1,h=0.5,n=30,start_thres=1.25",hub,0.25,30,10,40,1730,5,1,35,1729,0.125,0.0005780346820809,0.8333333333333334,0.1666666666666666,7.6951214684681455
tfnbs,"e=0.1,h=1.0,n=30,start_thres=1.25",hub,0.25,30,10,40,1730,5,1,35,1729,0.125,0.0005780346820809,0.8333333333333334,0.1666666666666666,7.6951214684681455
tfnbs,"e=0.1,h=2.0,n=30,start_thres=1.25",hub,0.25,30,10,40,1730,5,1,35,1729,0.125,0.0005780346820809,0.8333333333333334,0.1666666666666666,7.6951214684681455
tfnbs,"e=0.1,h=3.0,n=30,start_thres=1.25",hub,0.25,30,10,40,1730,5,1,35,1729,0.125,0.0005780346820809,0.8333333333333334,0.1666666666666666,7.6951214684681455
tfnbs,"e=0.1,h=4.0,n=30,start_thres=1.25",hub,0.25,30,10,40,1730,5,1,35,1729,0.125,0.0005780346820809,0.8333333333333334,0.1666666666666666,7.6951214684681455
tfnbs,"e=0.1,h=5.0,n=30,start_thres=1.25",hub,0.25,30,10,40,1730,5,1,35,1729,0.125,0.0005780346820809,0.8333333333333334,0.1666666666666666,7.6951214684681455
tfnbs,"e=0.1,h=6.0,n=30,start_thres=1.25",hub,0.25,30,10,40,1730,4,1,36,1729,0.1,0.0005780346820809,0.8,0.2,7.6951214684681455
tfnbs,"e=0.1,h=7.0,n=30,start_thres=1.25",hub,0.25,30,10,40,1730,4,1,36,1729,0.1,0.0005780346820809,0.8,0.2,7.6951214684681455
tfnbs,"e=0.1,h=8.0,n=30,start_thres=1.25",hub,0.25,30,10,40,1730,4,1,36,1729,0.1,0.0005780346820809,0.8,0.2,7.6951214684681455
tfnbs,"e=0.1,h=9.0,n=30,start_thres=1.25",hub,0.25,30,10,40,1730,4,1,36,1729,0.1,0.0005780346820809,0.8,0.2,7.6951214684681455
tfnbs,"e=0.1,h=10.0,n=30,start_thres=1.25",hub,0.25,30,10,40,1730,4,0,36,1730,0.1,0.0,1.0,0.0,7.6951214684681455
tfnbs,"e=0.2,h=0.5,n=30,start_thres=1.25",hub,0.25,30,10,40,1730,9,2,31,1728,0.225,0.0011560693641618,0.8181818181818182,0.1818181818181818,7.6951214684681455
tfnbs,"e=0.2,h=1.0,n=30,start_thres=1.25",hub,0.25,30,10,40,1730,8,1,32,1729,0.2,0.0005780346820809,0.8888888888888888,0.1111111111111111,7.6951214684681455
tfnbs,"e=0.2,h=2.0,n=30,start_thres=1.25",hub,0.25,30,10,40,1730,8,1,32,1729,0.2,0.0005780346820809,0.8888888888888888,0.1111111111111111,7.6951214684681455
tfnbs,"e=0.2,h=3.0,n=30,start_thres=1.25",hub,0.25,30,10,40,1730,7,1,33,1729,0.175,0.0005780346820809,0.875,0.125,7.6951214684681455
tfnbs,"e=0.2,h=4.0,n=30,start_thres=1.25",hub,0.25,30,10,40,1730,5,1,35,1729,0.125,0.0005780346820809,0.8333333333333334,0.1666666666666666,7.6951214684681455
tfnbs,"e=0.2,h=5.0,n=30,start_thres=1.25",hub,0.25,30,10,40,1730,5,1,35,1729,0.125,0.0005780346820809,0.8333333333333334,0.1666666666666666,7.6951214684681455
tfnbs,"e=0.2,h=6.0,n=30,start_thres=1.25",hub,0.25,30,10,40,1730,5,1,35,1729,0.125,0.0005780346820809,0.8333333333333334,0.1666666666666666,7.6951214684681455
tfnbs,"e=0.2,h=7.0,n=30,start_thres=1.25",hub,0.25,30,10,40,1730,5,1,35,1729,0.125,0.0005780346820809,0.8333333333333334,0.1666666666666666,7.6951214684681455
tfnbs,"e=0.2,h=8.0,n=30,start_thres=1.25",hub,0.25,30,10,40,1730,5,1,35,1729,0.125,0.0005780346820809,0.8333333333333334,0.1666666666666666,7.6951214684681455
tfnbs,"e=0.2,h=9.0,n=30,start_thres=1.25",hub,0.25,30,10,40,1730,5,1,35,1729,0.125,0.0005780346820809,0.8333333333333334,0.1666666666666666,7.6951214684681455
tfnbs,"e=0.2,h=10.0,n=30,start_thres=1.25",hub,0.25,30,10,40,1730,5,1,35,1729,0.125,0.0005780346820809,0.8333333333333334,0.1666666666666666,7.6951214684681455
tfnbs,"e=0.3,h=0.5,n=30,start_thres=1.25",hub,0.25,30,10,40,1730,10,2,30,1728,0.25,0.0011560693641618,0.8333333333333334,0.1666666666666666,7.6951214684681455
tfnbs,"e=0.3,h=1.0,n=30,start_thres=1.25",hub,0.25,30,10,40,1730,10,2,30,1728,0.25,0.0011560693641618,0.8333333333333334,0.1666666666666666,7.6951214684681455
tfnbs,"e=0.3,h=2.0,n=30,start_thres=1.25",hub,0.25,30,10,40,1730,9,2,31,1728,0.225,0.0011560693641618,0.8181818181818182,0.1818181818181818,7.6951214684681455
tfnbs,"e=0.3,h=3.0,n=30,start_thres=1.25",hub,0.25,30,10,40,1730,9,2,31,1728,0.225,0.0011560693641618,0.8181818181818182,0.1818181818181818,7.6951214684681455
tfnbs,"e=0.3,h=4.0,n=30,start_thres=1.25",hub,0.25,30,10,40,1730,8,1,32,1729,0.2,0.0005780346820809,0.8888888888888888,0.1111111111111111,7.6951214684681455
tfnbs,"e=0.3,h=5.0,n=30,start_thres=1.25",hub,0.25,30,10,40,1730,7,1,33,1729,0.175,0.0005780346820809,0.875,0.125,7.6951214684681455
tfnbs,"e=0.3,h=6.0,n=30,start_thres=1.25",hub,0.25,30,10,40,1730,7,1,33,1729,0.175,0.0005780346820809,0.875,0.125,7.6951214684681455
tfnbs,"e=0.3,h=7.0,n=30,start_thres=1.25",hub,0.25,30,10,40,1730,5,1,35,1729,0.125,0.0005780346820809,0.8333333333333334,0.1666666666666666,7.6951214684681455
tfnbs,"e=0.3,h=8.0,n=30,start_thres=1.25",hub,0.25,30,10,40,1730,5,1,35,1729,0.125,0.0005780346820809,0.8333333333333334,0.1666666666666666,7.6951214684681455
tfnbs,"e=0.3,h=9.0,n=30,start_thres=1.25",hub,0.25,30,10,40,1730,5,1,35,1729,0.125,0.0005780346820809,0.8333333333333334,0.1666666666666666,7.6951214684681455
tfnbs,"e=0.3,h=10.0,n=30,start_thres=1.25",hub,0.25,30,10,40,1730,5,1,35,1729,0.125,0.0005780346820809,0.8333333333333334,0.1666666666666666,7.6951214684681455
tfnbs,"e=0.4,h=0.5,n=30,start_thres=1.25",hub,0.25,30,10,40,1730,11,2,29,1728,0.275,0.0011560693641618,0.8461538461538461,0.1538461538461538,7.6951214684681455
tfnbs,"e=0.4,h=1.0,n=30,start_thres=1.25",hub,0.25,30,10,40,1730,11,2,29,1728,0.275,0.0011560693641618,0.8461538461538461,0.1538461538461538,7.6951214684681455
tfnbs,"e=0.4,h=2.0,n=30,start_thres=1.25",hub,0.25,30,10,40,1730,10,2,30,1728,0.25,0.0011560693641618,0.8333333333333334,0.1666666666666666,7.6951214684681455
tfnbs,"e=0.4,h=3.0,n=30,start_thres=1.25",hub,0.25,30,10,40,1730,9,2,31,1728,0.225,0.0011560693641618,0.8181818181818182,0.1818181818181818,7.6951214684681455
tfnbs,"e=0.4,h=4.0,n=30,start_thres=1.25",hub,0.25,30,10,40,1730,9,2,31,1728,0.225,0.0011560693641618,0.8181818181818182,0.1818181818181818,7.6951214684681455
tfnbs,"e=0.4,h=5.0,n=30,start_thres=1.25",hub,0.25,30,10,40,1730,8,1,32,1729,0.2,0.0005780346820809,0.8888888888888888,0.1111111111111111,7.6951214684681455
tfnbs,"e=0.4,h=6.0,n=30,start_thres=1.25",hub,0.25,30,10,40,1730,8,1,32,1729,0.2,0.0005780346820809,0.8888888888888888,0.1111111111111111,7.6951214684681455
tfnbs,"e=0.4,h=7.0,n=30,start_thres=1.25",hub,0.25,30,10,40,1730,7,1,33,1729,0.175,0.0005780346820809,0.875,0.125,7.6951214684681455
tfnbs,"e=0.4,h=8.0,n=30,start_thres=1.25",hub,0.25,30,10,40,1730,7,1,33,1729,0.175,0.0005780346820809,0.875,0.125,7.6951214684681455
tfnbs,"e=0.4,h=9.0,n=30,start_thres=1.25",hub,0.25,30,10,40,1730,5,1,35,1729,0.125,0.0005780346820809,0.8333333333333334,0.1666666666666666,7.6951214684681455
tfnbs,"e=0.4,h=10.0,n=30,start_thres=1.25",hub,0.25,30,10,40,1730,5,1,35,1729,0.125,0.0005780346820809,0.8333333333333334,0.1666666666666666,7.6951214684681455
tfnbs,"e=0.5,h=0.5,n=30,start_thres=1.25",hub,0.25,30,10,40,1730,14,3,26,1727,0.35,0.0017341040462427,0.8235294117647058,0.1764705882352941,7.6951214684681455
tfnbs,"e=0.5,h=1.0,n=30,start_thres=1.25",hub,0.25,30,10,40,1730,13,2,27,1728,0.325,0.0011560693641618,0.8666666666666667,0.1333333333333333,7.6951214684681455
tfnbs,"e=0.5,h=2.0,n=30,start_thres=1.25",hub,0.25,30,10,40,1730,11,2,29,1728,0.275,0.0011560693641618,0.8461538461538461,0.1538461538461538,7.6951214684681455
tfnbs,"e=0.5,h=3.0,n=30,start_thres=1.25",hub,0.25,30,10,40,1730,10,2,30,1728,0.25,0.0011560693641618,0.8333333333333334,0.1666666666666666,7.6951214684681455
tfnbs,"e=0.5,h=4.0,n=30,start_thres=1.25",hub,0.25,30,10,40,1730,10,2,30,1728,0.25,0.0011560693641618,0.8333333333333334,0.1666666666666666,7.6951214684681455
tfnbs,"e=0.5,h=5.0,n=30,start_thres=1.25",hub,0.25,30,10,40,1730,9,2,31,1728,0.225,0.0011560693641618,0.8181818181818182,0.1818181818181818,7.6951214684681455
tfnbs,"e=0.5,h=6.0,n=30,start_thres=1.25",hub,0.25,30,10,40,1730,9,2,31,1728,0.225,0.0011560693641618,0.8181818181818182,0.1818181818181818,7.6951214684681455
tfnbs,"e=0.5,h=7.0,n=30,start_thres=1.25",hub,0.25,30,10,40,1730,8,1,32,1729,0.2,0.0005780346820809,0.8888888888888888,0.1111111111111111,7.6951214684681455
tfnbs,"e=0.5,h=8.0,n=30,start_thres=1.25",hub,0.25,30,10,40,1730,8,1,32,1729,0.2,0.0005780346820809,0.8888888888888888,0.1111111111111111,7.6951214684681455
tfnbs,"e=0.5,h=9.0,n=30,start_thres=1.25",hub,0.25,30,10,40,1730,7,1,33,1729,0.175,0.0005780346820809,0.875,0.125,7.6951214684681455
tfnbs,"e=0.5,h=10.0,n=30,start_thres=1.25",hub,0.25,30,10,40,1730,7,1,33,1729,0.175,0.0005780346820809,0.875,0.125,7.6951214684681455
tfnbs,"e=0.6,h=0.5,n=30,start_thres=1.25",hub,0.25,30,10,40,1730,15,3,25,1727,0.375,0.0017341040462427,0.8333333333333334,0.1666666666666666,7.6951214684681455
tfnbs,"e=0.6,h=1.0,n=30,start_thres=1.25",hub,0.25,30,10,40,1730,15,3,25,1727,0.375,0.0017341040462427,0.8333333333333334,0.1666666666666666,7.6951214684681455
tfnbs,"e=0.6,h=2.0,n=30,start_thres=1.25",hub,0.25,30,10,40,1730,14,3,26,1727,0.35,0.0017341040462427,0.8235294117647058,0.1764705882352941,7.6951214684681455
tfnbs,"e=0.6,h=3.0,n=30,start_thres=1.25",hub,0.25,30,10,40,1730,11,2,29,1728,0.275,0.0011560693641618,0.8461538461538461,0.1538461538461538,7.6951214684681455
tfnbs,"e=0.6,h=4.0,n=30,start_thres=1.25",hub,0.25,30,10,40,1730,10,2,30,1728,0.25,0.0011560693641618,0.8333333333333334,0.1666666666666666,7.6951214684681455
tfnbs,"e=0.6,h=5.0,n=30,start_thres=1.25",hub,0.25,30,10,40,1730,10,2,30,1728,0.25,0.0011560693641618,0.8333333333333334,0.1666666666666666,7.6951214684681455
tfnbs,"e=0.6,h=6.0,n=30,start_thres=1.25",hub,0.25,30,10,40,1730,9,2,31,1728,0.225,0.0011560693641618,0.8181818181818182,0.1818181818181818,7.6951214684681455
tfnbs,"e=0.6,h=7.0,n=30,start_thres=1.25",hub,0.25,30,10,40,1730,9,2,31,1728,0.225,0.0011560693641618,0.8181818181818182,0.1818181818181818,7.6951214684681455
tfnbs,"e=0.6,h=8.0,n=30,start_thres=1.25",hub,0.25,30,10,40,1730,9,2,31,1728,0.225,0.0011560693641618,0.8181818181818182,0.1818181818181818,7.6951214684681455
tfnbs,"e=0.6,h=9.0,n=30,start_thres=1.25",hub,0.25,30,10,40,1730,8,1,32,1729,0.2,0.0005780346820809,0.8888888888888888,0.1111111111111111,7.6951214684681455
tfnbs,"e=0.6,h=10.0,n=30,start_thres=1.25",hub,0.25,30,10,40,1730,8,1,32,1729,0.2,0.0005780346820809,0.8888888888888888,0.1111111111111111,7.6951214684681455
tfnbs,"e=0.7,h=0.5,n=30,start_thres=1.25",hub,0.25,30,10,40,1730,17,10,23,1720,0.425,0.0057803468208092,0.6296296296296297,0.3703703703703703,7.6951214684681455
tfnbs,"e=0.7,h=1.0,n=30,start_thres=1.25",hub,0.25,30,10,40,1730,17,9,23,1721,0.425,0.0052023121387283,0.6538461538461539,0.3461538461538461,7.6951214684681455
tfnbs,"e=0.7,h=2.0,n=30,start_thres=1.25",hub,0.25,30,10,40,1730,15,3,25,1727,0.375,0.0017341040462427,0.8333333333333334,0.1666666666666666,7.6951214684681455
tfnbs,"e=0.7,h=3.0,n=30,start_thres=1.25",hub,0.25,30,10,40,1730,14,3,26,1727,0.35,0.0017341040462427,0.8235294117647058,0.1764705882352941,7.6951214684681455
tfnbs,"e=0.7,h=4.0,n=30,start_thres=1.25",hub,0.25,30,10,40,1730,11,2,29,1728,0.275,0.0011560693641618,0.8461538461538461,0.1538461538461538,7.6951214684681455
tfnbs,"e=0.7,h=5.0,n=30,start_thres=1.25",hub,0.25,30,10,40,1730,10,2,30,1728,0.25,0.0011560693641618,0.8333333333333334,0.1666666666666666,7.6951214684681455
tfnbs,"e=0.7,h=6.0,n=30,start_thres=1.25",hub,0.25,30,10,40,1730,10,2,30,1728,0.25,0.0011560693641618,0.8333333333333334,0.1666666666666666,7.6951214684681455
tfnbs,"e=0.7,h=7.0,n=30,start_thres=1.25",hub,0.25,30,10,40,1730,9,2,31,1728,0.225,0.0011560693641618,0.8181818181818182,0.1818181818181818,7.6951214684681455
tfnbs,"e=0.7,h=8.0,n=30,start_thres=1.25",hub,0.25,30,10,40,1730,9,2,31,1728,0.225,0.0011560693641618,0.8181818181818182,0.1818181818181818,7.6951214684681455
tfnbs,"e=0.7,h=9.0,n=30,start_thres=1.25",hub,0.25,30,10,40,1730,9,2,31,1728,0.225,0.0011560693641618,0.8181818181818182,0.1818181818181818,7.6951214684681455
tfnbs,"e=0.7,h=10.0,n=30,start_thres=1.25",hub,0.25,30,10,40,1730,8,1,32,1729,0.2,0.0005780346820809,0.8888888888888888,0.1111111111111111,7.6951214684681455
tfnbs,"e=0.8,h=0.5,n=30,start_thres=1.25",hub,0.25,30,10,40,1730,18,14,22,1716,0.45,0.0080924855491329,0.5625,0.4375,7.6951214684681455
tfnbs,"e=0.8,h=1.0,n=30,start_thres=1.25",hub,0.25,30,10,40,1730,18,14,22,1716,0.45,0.0080924855491329,0.5625,0.4375,7.6951214684681455
tfnbs,"e=0.8,h=2.0,n=30,start_thres=1.25",hub,0.25,30,10,40,1730,17,9,23,1721,0.425,0.0052023121387283,0.6538461538461539,0.3461538461538461,7.6951214684681455
tfnbs,"e=0.8,h=3.0,n=30,start_thres=1.25",hub,0.25,30,10,40,1730,15,3,25,1727,0.375,0.0017341040462427,0.8333333333333334,0.1666666666666666,7.6951214684681455
tfnbs,"e=0.8,h=4.0,n=30,start_thres=1.25",hub,0.25,30,10,40,1730,14,3,26,1727,0.35,0.0017341040462427,0.8235294117647058,0.1764705882352941,7.6951214684681455
tfnbs,"e=0.8,h=5.0,n=30,start_thres=1.25",hub,0.25,30,10,40,1730,13,2,27,1728,0.325,0.0011560693641618,0.8666666666666667,0.1333333333333333,7.6951214684681455
tfnbs,"e=0.8,h=6.0,n=30,start_thres=1.25",hub,0.25,30,10,40,1730,10,2,30,1728,0.25,0.0011560693641618,0.8333333333333334,0.1666666666666666,7.6951214684681455
tfnbs,"e=0.8,h=7.0,n=30,start_thres=1.25",hub,0.25,30,10,40,1730,10,2,30,1728,0.25,0.0011560693641618,0.8333333333333334,0.1666666666666666,7.6951214684681455
tfnbs,"e=0.8,h=8.0,n=30,start_thres=1.25",hub,0.25,30,10,40,1730,9,2,31,1728,0.225,0.0011560693641618,0.8181818181818182,0.1818181818181818,7.6951214684681455
tfnbs,"e=0.8,h=9.0,n=30,start_thres=1.25",hub,0.25,30,10,40,1730,9,2,31,1728,0.225,0.0011560693641618,0.8181818181818182,0.1818181818181818,7.6951214684681455
tfnbs,"e=0.8,h=10.0,n=30,start_thres=1.25",hub,0.25,30,10,40,1730,9,2,31,1728,0.225,0.0011560693641618,0.8181818181818182,0.1818181818181818,7.6951214684681455
tfnbs,"e=0.9,h=0.5,n=30,start_thres=1.25",hub,0.25,30,10,40,1730,21,26,19,1704,0.525,0.015028901734104,0.4468085106382978,0.5531914893617021,7.6951214684681455
tfnbs,"e=0.9,h=1.0,n=30,start_thres=1.25",hub,0.25,30,10,40,1730,21,26,19,1704,0.525,0.015028901734104,0.4468085106382978,0.5531914893617021,7.6951214684681455
tfnbs,"e=0.9,h=2.0,n=30,start_thres=1.25",hub,0.25,30,10,40,1730,18,14,22,1716,0.45,0.0080924855491329,0.5625,0.4375,7.6951214684681455
tfnbs,"e=0.9,h=3.0,n=30,start_thres=1.25",hub,0.25,30,10,40,1730,17,9,23,1721,0.425,0.0052023121387283,0.6538461538461539,0.3461538461538461,7.6951214684681455
tfnbs,"e=0.9,h=4.0,n=30,start_thres=1.25",hub,0.25,30,10,40,1730,15,3,25,1727,0.375,0.0017341040462427,0.8333333333333334,0.1666666666666666,7.6951214684681455
tfnbs,"e=0.9,h=5.0,n=30,start_thres=1.25",hub,0.25,30,10,40,1730,14,3,26,1727,0.35,0.0017341040462427,0.8235294117647058,0.1764705882352941,7.6951214684681455
tfnbs,"e=0.9,h=6.0,n=30,start_thres=1.25",hub,0.25,30,10,40,1730,13,2,27,1728,0.325,0.0011560693641618,0.8666666666666667,0.1333333333333333,7.6951214684681455
tfnbs,"e=0.9,h=7.0,n=30,start_thres=1.25",hub,0.25,30,10,40,1730,10,2,30,1728,0.25,0.0011560693641618,0.8333333333333334,0.1666666666666666,7.6951214684681455
tfnbs,"e=0.9,h=8.0,n=30,start_thres=1.25",hub,0.25,30,10,40,1730,10,2,30,1728,0.25,0.0011560693641618,0.8333333333333334,0.1666666666666666,7.6951214684681455
tfnbs,"e=0.9,h=9.0,n=30,start_thres=1.25",hub,0.25,30,10,40,1730,9,2,31,1728,0.225,0.0011560693641618,0.8181818181818182,0.1818181818181818,7.6951214684681455
tfnbs,"e=0.9,h=10.0,n=30,start_thres=1.25",hub,0.25,30,10,40,1730,9,2,31,1728,0.225,0.0011560693641618,0.8181818181818182,0.1818181818181818,7.6951214684681455
tfnbs,"e=1.0,h=0.5,n=30,start_thres=1.25",hub,0.25,30,10,40,1730,21,26,19,1704,0.525,0.015028901734104,0.4468085106382978,0.5531914893617021,7.6951214684681455
tfnbs,"e=1.0,h=1.0,n=30,start_thres=1.25",hub,0.25,30,10,40,1730,21,26,19,1704,0.525,0.015028901734104,0.4468085106382978,0.5531914893617021,7.6951214684681455
tfnbs,"e=1.0,h=2.0,n=30,start_thres=1.25",hub,0.25,30,10,40,1730,21,26,19,1704,0.525,0.015028901734104,0.4468085106382978,0.5531914893617021,7.6951214684681455
tfnbs,"e=1.0,h=3.0,n=30,start_thres=1.25",hub,0.25,30,10,40,1730,18,14,22,1716,0.45,0.0080924855491329,0.5625,0.4375,7.6951214684681455
tfnbs,"e=1.0,h=4.0,n=30,start_thres=1.25",hub,0.25,30,10,40,1730,17,9,23,1721,0.425,0.0052023121387283,0.6538461538461539,0.3461538461538461,7.6951214684681455
tfnbs,"e=1.0,h=5.0,n=30,start_thres=1.25",hub,0.25,30,10,40,1730,15,3,25,1727,0.375,0.0017341040462427,0.8333333333333334,0.1666666666666666,7.6951214684681455
tfnbs,"e=1.0,h=6.0,n=30,start_thres=1.25",hub,0.25,30,10,40,1730,14,3,26,1727,0.35,0.0017341040462427,0.8235294117647058,0.1764705882352941,7.6951214684681455
tfnbs,"e=1.0,h=7.0,n=30,start_thres=1.25",hub,0.25,30,10,40,1730,13,2,27,1728,0.325,0.0011560693641618,0.8666666666666667,0.1333333333333333,7.6951214684681455
tfnbs,"e=1.0,h=8.0,n=30,start_thres=1.25",hub,0.25,30,10,40,1730,10,2,30,1728,0.25,0.0011560693641618,0.8333333333333334,0.1666666666666666,7.6951214684681455
tfnbs,"e=1.0,h=9.0,n=30,start_thres=1.25",hub,0.25,30,10,40,1730,10,2,30,1728,0.25,0.0011560693641618,0.8333333333333334,0.1666666666666666,7.6951214684681455
tfnbs,"e=1.0,h=10.0,n=30,start_thres=1.25",hub,0.25,30,10,40,1730,9,2,31,1728,0.225,0.0011560693641618,0.8181818181818182,0.1818181818181818,7.6951214684681455
tfnbs,"e=1.1,h=0.5,n=30,start_thres=1.25",hub,0.25,30,10,40,1730,23,38,17,1692,0.575,0.0219653179190751,0.3770491803278688,0.6229508196721312,7.6951214684681455
tfnbs,"e=1.1,h=1.0,n=30,start_thres=1.25",hub,0.25,30,10,40,1730,23,38,17,1692,0.575,0.0219653179190751,0.3770491803278688,0.6229508196721312,7.6951214684681455
tfnbs,"e=1.1,h=2.0,n=30,start_thres=1.25",hub,0.25,30,10,40,1730,21,26,19,1704,0.525,0.015028901734104,0.4468085106382978,0.5531914893617021,7.6951214684681455
tfnbs,"e=1.1,h=3.0,n=30,start_thres=1.25",hub,0.25,30,10,40,1730,21,26,19,1704,0.525,0.015028901734104,0.4468085106382978,0.5531914893617021,7.6951214684681455
tfnbs,"e=1.1,h=4.0,n=30,start_thres=1.25",hub,0.25,30,10,40,1730,18,14,22,1716,0.45,0.0080924855491329,0.5625,0.4375,7.6951214684681455
tfnbs,"e=1.1,h=5.0,n=30,start_thres=1.25",hub,0.25,30,10,40,1730,17,9,23,1721,0.425,0.0052023121387283,0.6538461538461539,0.3461538461538461,7.6951214684681455
tfnbs,"e=1.1,h=6.0,n=30,start_thres=1.25",hub,0.25,30,10,40,1730,15,3,25,1727,0.375,0.0017341040462427,0.8333333333333334,0.1666666666666666,7.6951214684681455
tfnbs,"e=1.1,h=7.0,n=30,start_thres=1.25",hub,0.25,30,10,40,1730,14,3,26,1727,0.35,0.0017341040462427,0.8235294117647058,0.1764705882352941,7.6951214684681455
tfnbs,"e=1.1,h=8.0,n=30,start_thres=1.25",hub,0.25,30,10,40,1730,11,2,29,1728,0.275,0.0011560693641618,0.8461538461538461,0.1538461538461538,7.6951214684681455
tfnbs,"e=1.1,h=9.0,n=30,start_thres=1.25",hub,0.25,30,10,40,1730,10,2,30,1728,0.25,0.0011560693641618,0.8333333333333334,0.1666666666666666,7.6951214684681455
tfnbs,"e=1.1,h=10.0,n=30,start_thres=1.25",hub,0.25,30,10,40,1730,10,2,30,1728,0.25,0.0011560693641618,0.8333333333333334,0.1666666666666666,7.6951214684681455
tfnbs,"e=1.2,h=0.5,n=30,start_thres=1.25",hub,0.25,30,10,40,1730,23,38,17,1692,0.575,0.0219653179190751,0.3770491803278688,0.6229508196721312,7.6951214684681455
tfnbs,"e=1.2,h=1.0,n=30,start_thres=1.25",hub,0.25,30,10,40,1730,23,38,17,1692,0.575,0.0219653179190751,0.3770491803278688,0.6229508196721312,7.6951214684681455
tfnbs,"e=1.2,h=2.0,n=30,start_thres=1.25",hub,0.25,30,10,40,1730,23,38,17,1692,0.575,0.0219653179190751,0.3770491803278688,0.6229508196721312,7.6951214684681455
tfnbs,"e=1.2,h=3.0,n=30,start_thres=1.25",hub,0.25,30,10,40,1730,21,26,19,1704,0.525,0.015028901734104,0.4468085106382978,0.5531914893617021,7.6951214684681455
tfnbs,"e=1.2,h=4.0,n=30,start_thres=1.25",hub,0.25,30,10,40,1730,21,26,19,1704,0.525,0.015028901734104,0.4468085106382978,0.5531914893617021,7.6951214684681455
tfnbs,"e=1.2,h=5.0,n=30,start_thres=1.25",hub,0.25,30,10,40,1730,18,14,22,1716,0.45,0.0080924855491329,0.5625,0.4375,7.6951214684681455
tfnbs,"e=1.2,h=6.0,n=30,start_thres=1.25",hub,0.25,30,10,40,1730,17,8,23,1722,0.425,0.0046242774566473,0.68,0.32,7.6951214684681455
tfnbs,"e=1.2,h=7.0,n=30,start_thres=1.25",hub,0.25,30,10,40,1730,15,3,25,1727,0.375,0.0017341040462427,0.8333333333333334,0.1666666666666666,7.6951214684681455
tfnbs,"e=1.2,h=8.0,n=30,start_thres=1.25",hub,0.25,30,10,40,1730,13,2,27,1728,0.325,0.0011560693641618,0.8666666666666667,0.1333333333333333,7.6951214684681455
tfnbs,"e=1.2,h=9.0,n=30,start_thres=1.25",hub,0.25,30,10,40,1730,11,2,29,1728,0.275,0.0011560693641618,0.8461538461538461,0.1538461538461538,7.6951214684681455
tfnbs,"e=1.2,h=10.0,n=30,start_thres=1.25",hub,0.25,30,10,40,1730,10,2,30,1728,0.25,0.0011560693641618,0.8333333333333334,0.1666666666666666,7.6951214684681455
tfnbs,"e=1.3,h=0.5,n=30,start_thres=1.25",hub,0.25,30,10,40,1730,23,38,17,1692,0.575,0.0219653179190751,0.3770491803278688,0.6229508196721312,7.6951214684681455
tfnbs,"e=1.3,h=1.0,n=30,start_thres=1.25",hub,0.25,30,10,40,1730,23,38,17,1692,0.575,0.0219653179190751,0.3770491803278688,0.6229508196721312,7.6951214684681455
tfnbs,"e=1.3,h=2.0,n=30,start_thres=1.25",hub,0.25,30,10,40,1730,23,38,17,1692,0.575,0.0219653179190751,0.3770491803278688,0.6229508196721312,7.6951214684681455
tfnbs,"e=1.3,h=3.0,n=30,start_thres=1.25",hub,0.25,30,10,40,1730,23,38,17,1692,0.575,0.0219653179190751,0.3770491803278688,0.6229508196721312,7.6951214684681455
tfnbs,"e=1.3,h=4.0,n=30,start_thres=1.25",hub,0.25,30,10,40,1730,21,26,19,1704,0.525,0.015028901734104,0.4468085106382978,0.5531914893617021,7.6951214684681455
tfnbs,"e=1.3,h=5.0,n=30,start_thres=1.25",hub,0.25,30,10,40,1730,21,26,19,1704,0.525,0.015028901734104,0.4468085106382978,0.5531914893617021,7.6951214684681455
tfnbs,"e=1.3,h=6.0,n=30,start_thres=1.25",hub,0.25,30,10,40,1730,18,14,22,1716,0.45,0.0080924855491329,0.5625,0.4375,7.6951214684681455
tfnbs,"e=1.3,h=7.0,n=30,start_thres=1.25",hub,0.25,30,10,40,1730,17,8,23,1722,0.425,0.0046242774566473,0.68,0.32,7.6951214684681455
tfnbs,"e=1.3,h=8.0,n=30,start_thres=1.25",hub,0.25,30,10,40,1730,15,3,25,1727,0.375,0.0017341040462427,0.8333333333333334,0.1666666666666666,7.6951214684681455
tfnbs,"e=1.3,h=9.0,n=30,start_thres=1.25",hub,0.25,30,10,40,1730,13,2,27,1728,0.325,0.0011560693641618,0.8666666666666667,0.1333333333333333,7.6951214684681455
tfnbs,"e=1.3,h=10.0,n=30,start_thres=1.25",hub,0.25,30,10,40,1730,11,2,29,1728,0.275,0.0011560693641618,0.8461538461538461,0.1538461538461538,7.6951214684681455
tfnbs,"e=1.4,h=0.5,n=30,start_thres=1.25",hub,0.25,30,10,40,1730,24,50,16,1680,0.6,0.0289017341040462,0.3243243243243243,0.6756756756756757,7.6951214684681455
tfnbs,"e=1.4,h=1.0,n=30,start_thres=1.25",hub,0.25,30,10,40,1730,24,50,16,1680,0.6,0.0289017341040462,0.3243243243243243,0.6756756756756757,7.6951214684681455
tfnbs,"e=1.4,h=2.0,n=30,start_thres=1.25",hub,0.25,30,10,40,1730,23,38,17,1692,0.575,0.0219653179190751,0.3770491803278688,0.6229508196721312,7.6951214684681455
tfnbs,"e=1.4,h=3.0,n=30,start_thres=1.25",hub,0.25,30,10,40,1730,23,38,17,1692,0.575,0.0219653179190751,0.3770491803278688,0.6229508196721312,7.6951214684681455
tfnbs,"e=1.4,h=4.0,n=30,start_thres=1.25",hub,0.25,30,10,40,1730,23,38,17,1692,0.575,0.0219653179190751,0.3770491803278688,0.6229508196721312,7.6951214684681455
tfnbs,"e=1.4,h=5.0,n=30,start_thres=1.25",hub,0.25,30,10,40,1730,21,26,19,1704,0.525,0.015028901734104,0.4468085106382978,0.5531914893617021,7.6951214684681455
tfnbs,"e=1.4,h=6.0,n=30,start_thres=1.25",hub,0.25,30,10,40,1730,21,26,19,1704,0.525,0.015028901734104,0.4468085106382978,0.5531914893617021,7.6951214684681455
tfnbs,"e=1.4,h=7.0,n=30,start_thres=1.25",hub,0.25,30,10,40,1730,18,14,22,1716,0.45,0.0080924855491329,0.5625,0.4375,7.6951214684681455
tfnbs,"e=1.4,h=8.0,n=30,start_thres=1.25",hub,0.25,30,10,40,1730,17,8,23,1722,0.425,0.0046242774566473,0.68,0.32,7.6951214684681455
tfnbs,"e=1.4,h=9.0,n=30,start_thres=1.25",hub,0.25,30,10,40,1730,14,3,26,1727,0.35,0.0017341040462427,0.8235294117647058,0.1764705882352941,7.6951214684681455
tfnbs,"e=1.4,h=10.0,n=30,start_thres=1.25",hub,0.25,30,10,40,1730,13,2,27,1728,0.325,0.0011560693641618,0.8666666666666667,0.1333333333333333,7.6951214684681455
tfnbs,"e=1.5,h=0.5,n=30,start_thres=1.25",hub,0.25,30,10,40,1730,24,50,16,1680,0.6,0.0289017341040462,0.3243243243243243,0.6756756756756757,7.6951214684681455
tfnbs,"e=1.5,h=1.0,n=30,start_thres=1.25",hub,0.25,30,10,40,1730,24,50,16,1680,0.6,0.0289017341040462,0.3243243243243243,0.6756756756756757,7.6951214684681455
tfnbs,"e=1.5,h=2.0,n=30,start_thres=1.25",hub,0.25,30,10,40,1730,24,50,16,1680,0.6,0.0289017341040462,0.3243243243243243,0.6756756756756757,7.6951214684681455
tfnbs,"e=1.5,h=3.0,n=30,start_thres=1.25",hub,0.25,30,10,40,1730,23,38,17,1692,0.575,0.0219653179190751,0.3770491803278688,0.6229508196721312,7.6951214684681455
tfnbs,"e=1.5,h=4.0,n=30,start_thres=1.25",hub,0.25,30,10,40,1730,23,38,17,1692,0.575,0.0219653179190751,0.3770491803278688,0.6229508196721312,7.6951214684681455
tfnbs,"e=1.5,h=5.0,n=30,start_thres=1.25",hub,0.25,30,10,40,1730,23,38,17,1692,0.575,0.0219653179190751,0.3770491803278688,0.6229508196721312,7.6951214684681455
tfnbs,"e=1.5,h=6.0,n=30,start_thres=1.25",hub,0.25,30,10,40,1730,21,26,19,1704,0.525,0.015028901734104,0.4468085106382978,0.5531914893617021,7.6951214684681455
tfnbs,"e=1.5,h=7.0,n=30,start_thres=1.25",hub,0.25,30,10,40,1730,21,26,19,1704,0.525,0.015028901734104,0.4468085106382978,0.5531914893617021,7.6951214684681455
tfnbs,"e=1.5,h=8.0,n=30,start_thres=1.25",hub,0.25,30,10,40,1730,18,14,22,1716,0.45,0.0080924855491329,0.5625,0.4375,7.6951214684681455
tfnbs,"e=1.5,h=9.0,n=30,start_thres=1.25",hub,0.25,30,10,40,1730,17,8,23,1722,0.425,0.0046242774566473,0.68,0.32,7.6951214684681455
tfnbs,"e=1.5,h=10.0,n=30,start_thres=1.25",hub,0.25,30,10,40,1730,14,3,26,1727,0.35,0.0017341040462427,0.8235294117647058,0.1764705882352941,7.6951214684681455
tfnbs,"e=0.05,h=0.5,n=30,start_thres=1.25",hub,0.25,30,24,40,1730,2,0,38,1730,0.05,0.0,1.0,0.0,7.619356924837286
tfnbs,"e=0.05,h=1.0,n=30,start_thres=1.25",hub,0.25,30,24,40,1730,2,0,38,1730,0.05,0.0,1.0,0.0,7.619356924837286
tfnbs,"e=0.05,h=2.0,n=30,start_thres=1.25",hub,0.25,30,24,40,1730,2,0,38,1730,0.05,0.0,1.0,0.0,7.619356924837286
tfnbs,"e=0.05,h=3.0,n=30,start_thres=1.25",hub,0.25,30,24,40,1730,2,0,38,1730,0.05,0.0,1.0,0.0,7.619356924837286
tfnbs,"e=0.05,h=4.0,n=30,start_thres=1.25",hub,0.25,30,24,40,1730,2,0,38,1730,0.05,0.0,1.0,0.0,7.619356924837286
tfnbs,"e=0.05,h=5.0,n=30,start_thres=1.25",hub,0.25,30,24,40,1730,2,0,38,1730,0.05,0.0,1.0,0.0,7.619356924837286
tfnbs,"e=0.05,h=6.0,n=30,start_thres=1.25",hub,0.25,30,24,40,1730,2,0,38,1730,0.05,0.0,1.0,0.0,7.619356924837286
tfnbs,"e=0.05,h=7.0,n=30,start_thres=1.25",hub,0.25,30,24,40,1730,2,0,38,1730,0.05,0.0,1.0,0.0,7.619356924837286
tfnbs,"e=0.05,h=8.0,n=30,start_thres=1.25",hub,0.25,30,24,40,1730,2,0,38,1730,0.05,0.0,1.0,0.0,7.619356924837286
tfnbs,"e=0.05,h=9.0,n=30,start_thres=1.25",hub,0.25,30,24,40,1730,2,0,38,1730,0.05,0.0,1.0,0.0,7.619356924837286
tfnbs,"e=0.05,h=10.0,n=30,start_thres=1.25",hub,0.25,30,24,40,1730,2,0,38,1730,0.05,0.0,1.0,0.0,7.619356924837286
tfnbs,"e=0.1,h=0.5,n=30,start_thres=1.25",hub,0.25,30,24,40,1730,2,0,38,1730,0.05,0.0,1.0,0.0,7.619356924837286
tfnbs,"e=0.1,h=1.0,n=30,start_thres=1.25",hub,0.25,30,24,40,1730,2,0,38,1730,0.05,0.0,1.0,0.0,7.619356924837286
tfnbs,"e=0.1,h=2.0,n=30,start_thres=1.25",hub,0.25,30,24,40,1730,2,0,38,1730,0.05,0.0,1.0,0.0,7.619356924837286
tfnbs,"e=0.1,h=3.0,n=30,start_thres=1.25",hub,0.25,30,24,40,1730,2,0,38,1730,0.05,0.0,1.0,0.0,7.619356924837286
tfnbs,"e=0.1,h=4.0,n=30,start_thres=1.25",hub,0.25,30,24,40,1730,2,0,38,1730,0.05,0.0,1.0,0.0,7.619356924837286
tfnbs,"e=0.1,h=5.0,n=30,start_thres=1.25",hub,0.25,30,24,40,1730,2,0,38,1730,0.05,0.0,1.0,0.0,7.619356924837286
tfnbs,"e=0.1,h=6.0,n=30,start_thres=1.25",hub,0.25,30,24,40,1730,2,0,38,1730,0.05,0.0,1.0,0.0,7.619356924837286
tfnbs,"e=0.1,h=7.0,n=30,start_thres=1.25",hub,0.25,30,24,40,1730,2,0,38,1730,0.05,0.0,1.0,0.0,7.619356924837286
tfnbs,"e=0.1,h=8.0,n=30,start_thres=1.25",hub,0.25,30,24,40,1730,2,0,38,1730,0.05,0.0,1.0,0.0,7.619356924837286
tfnbs,"e=0.1,h=9.0,n=30,start_thres=1.25",hub,0.25,30,24,40,1730,2,0,38,1730,0.05,0.0,1.0,0.0,7.619356924837286
tfnbs,"e=0.1,h=10.0,n=30,start_thres=1.25",hub,0.25,30,24,40,1730,2,0,38,1730,0.05,0.0,1.0,0.0,7.619356924837286
tfnbs,"e=0.2,h=0.5,n=30,start_thres=1.25",hub,0.25,30,24,40,1730,2,0,38,1730,0.05,0.0,1.0,0.0,7.619356924837286
tfnbs,"e=0.2,h=1.0,n=30,start_thres=1.25",hub,0.25,30,24,40,1730,2,0,38,1730,0.05,0.0,1.0,0.0,7.619356924837286
tfnbs,"e=0.2,h=2.0,n=30,start_thres=1.25",hub,0.25,30,24,40,1730,2,0,38,1730,0.05,0.0,1.0,0.0,7.619356924837286
tfnbs,"e=0.2,h=3.0,n=30,start_thres=1.25",hub,0.25,30,24,40,1730,2,0,38,1730,0.05,0.0,1.0,0.0,7.619356924837286
tfnbs,"e=0.2,h=4.0,n=30,start_thres=1.25",hub,0.25,30,24,40,1730,2,0,38,1730,0.05,0.0,1.0,0.0,7.619356924837286
tfnbs,"e=0.2,h=5.0,n=30,start_thres=1.25",hub,0.25,30,24,40,1730,2,0,38,1730,0.05,0.0,1.0,0.0,7.619356924837286
tfnbs,"e=0.2,h=6.0,n=30,start_thres=1.25",hub,0.25,30,24,40,1730,2,0,38,1730,0.05,0.0,1.0,0.0,7.619356924837286
tfnbs,"e=0.2,h=7.0,n=30,start_thres=1.25",hub,0.25,30,24,40,1730,2,0,38,1730,0.05,0.0,1.0,0.0,7.619356924837286
tfnbs,"e=0.2,h=8.0,n=30,start_thres=1.25",hub,0.25,30,24,40,1730,2,0,38,1730,0.05,0.0,1.0,0.0,7.619356924837286
tfnbs,"e=0.2,h=9.0,n=30,start_thres=1.25",hub,0.25,30,24,40,1730,2,0,38,1730,0.05,0.0,1.0,0.0,7.619356924837286
tfnbs,"e=0.2,h=10.0,n=30,start_thres=1.25",hub,0.25,30,24,40,1730,2,0,38,1730,0.05,0.0,1.0,0.0,7.619356924837286
tfnbs,"e=0.3,h=0.5,n=30,start_thres=1.25",hub,0.25,30,24,40,1730,2,0,38,1730,0.05,0.0,1.0,0.0,7.619356924837286
tfnbs,"e=0.3,h=1.0,n=30,start_thres=1.25",hub,0.25,30,24,40,1730,2,0,38,1730,0.05,0.0,1.0,0.0,7.619356924837286
tfnbs,"e=0.3,h=2.0,n=30,start_thres=1.25",hub,0.25,30,24,40,1730,2,0,38,1730,0.05,0.0,1.0,0.0,7.619356924837286
tfnbs,"e=0.3,h=3.0,n=30,start_thres=1.25",hub,0.25,30,24,40,1730,2,0,38,1730,0.05,0.0,1.0,0.0,7.619356924837286
tfnbs,"e=0.3,h=4.0,n=30,start_thres=1.25",hub,0.25,30,24,40,1730,2,0,38,1730,0.05,0.0,1.0,0.0,7.619356924837286
tfnbs,"e=0.3,h=5.0,n=30,start_thres=1.25",hub,0.25,30,24,40,1730,2,0,38,1730,0.05,0.0,1.0,0.0,7.619356924837286
tfnbs,"e=0.3,h=6.0,n=30,start_thres=1.25",hub,0.25,30,24,40,1730,2,0,38,1730,0.05,0.0,1.0,0.0,7.619356924837286
tfnbs,"e=0.3,h=7.0,n=30,start_thres=1.25",hub,0.25,30,24,40,1730,2,0,38,1730,0.05,0.0,1.0,0.0,7.619356924837286
tfnbs,"e=0.3,h=8.0,n=30,start_thres=1.25",hub,0.25,30,24,40,1730,2,0,38,1730,0.05,0.0,1.0,0.0,7.619356924837286
tfnbs,"e=0.3,h=9.0,n=30,start_thres=1.25",hub,0.25,30,24,40,1730,2,0,38,1730,0.05,0.0,1.0,0.0,7.619356924837286
tfnbs,"e=0.3,h=10.0,n=30,start_thres=1.25",hub,0.25,30,24,40,1730,2,0,38,1730,0.05,0.0,1.0,0.0,7.619356924837286
tfnbs,"e=0.4,h=0.5,n=30,start_thres=1.25",hub,0.25,30,24,40,1730,3,0,37,1730,0.075,0.0,1.0,0.0,7.619356924837286
tfnbs,"e=0.4,h=1.0,n=30,start_thres=1.25",hub,0.25,30,24,40,1730,3,0,37,1730,0.075,0.0,1.0,0.0,7.619356924837286
tfnbs,"e=0.4,h=2.0,n=30,start_thres=1.25",hub,0.25,30,24,40,1730,3,0,37,1730,0.075,0.0,1.0,0.0,7.619356924837286
tfnbs,"e=0.4,h=3.0,n=30,start_thres=1.25",hub,0.25,30,24,40,1730,2,0,38,1730,0.05,0.0,1.0,0.0,7.619356924837286
tfnbs,"e=0.4,h=4.0,n=30,start_thres=1.25",hub,0.25,30,24,40,1730,2,0,38,1730,0.05,0.0,1.0,0.0,7.619356924837286
tfnbs,"e=0.4,h=5.0,n=30,start_thres=1.25",hub,0.25,30,24,40,1730,2,0,38,1730,0.05,0.0,1.0,0.0,7.619356924837286
tfnbs,"e=0.4,h=6.0,n=30,start_thres=1.25",hub,0.25,30,24,40,1730,2,0,38,1730,0.05,0.0,1.0,0.0,7.619356924837286
tfnbs,"e=0.4,h=7.0,n=30,start_thres=1.25",hub,0.25,30,24,40,1730,2,0,38,1730,0.05,0.0,1.0,0.0,7.619356924837286
tfnbs,"e=0.4,h=8.0,n=30,start_thres=1.25",hub,0.25,30,24,40,1730,2,0,38,1730,0.05,0.0,1.0,0.0,7.619356924837286
tfnbs,"e=0.4,h=9.0,n=30,start_thres=1.25",hub,0.25,30,24,40,1730,2,0,38,1730,0.05,0.0,1.0,0.0,7.619356924837286
tfnbs,"e=0.4,h=10.0,n=30,start_thres=1.25",hub,0.25,30,24,40,1730,2,0,38,1730,0.05,0.0,1.0,0.0,7.619356924837286
tfnbs,"e=0.5,h=0.5,n=30,start_thres=1.25",hub,0.25,30,24,40,1730,3,0,37,1730,0.075,0.0,1.0,0.0,7.619356924837286
tfnbs,"e=0.5,h=1.0,n=30,start_thres=1.25",hub,0.25,30,24,40,1730,3,0,37,1730,0.075,0.0,1.0,0.0,7.619356924837286
tfnbs,"e=0.5,h=2.0,n=30,start_thres=1.25",hub,0.25,30,24,40,1730,3,0,37,1730,0.075,0.0,1.0,0.0,7.619356924837286
tfnbs,"e=0.5,h=3.0,n=30,start_thres=1.25",hub,0.25,30,24,40,1730,3,0,37,1730,0.075,0.0,1.0,0.0,7.619356924837286
tfnbs,"e=0.5,h=4.0,n=30,start_thres=1.25",hub,0.25,30,24,40,1730,2,0,38,1730,0.05,0.0,1.0,0.0,7.619356924837286
tfnbs,"e=0.5,h=5.0,n=30,start_thres=1.25",hub,0.25,30,24,40,1730,2,0,38,1730,0.05,0.0,1.0,0.0,7.619356924837286
tfnbs,"e=0.5,h=6.0,n=30,start_thres=1.25",hub,0.25,30,24,40,1730,2,0,38,1730,0.05,0.0,1.0,0.0,7.619356924837286
tfnbs,"e=0.5,h=7.0,n=30,start_thres=1.25",hub,0.25,30,24,40,1730,2,0,38,1730,0.05,0.0,1.0,0.0,7.619356924837286
tfnbs,"e=0.5,h=8.0,n=30,start_thres=1.25",hub,0.25,30,24,40,1730,2,0,38,1730,0.05,0.0,1.0,0.0,7.619356924837286
tfnbs,"e=0.5,h=9.0,n=30,start_thres=1.25",hub,0.25,30,24,40,1730,2,0,38,1730,0.05,0.0,1.0,0.0,7.619356924837286
tfnbs,"e=0.5,h=10.0,n=30,start_thres=1.25",hub,0.25,30,24,40,1730,2,0,38,1730,0.05,0.0,1.0,0.0,7.619356924837286
tfnbs,"e=0.6,h=0.5,n=30,start_thres=1.25",hub,0.25,30,24,40,1730,3,0,37,1730,0.075,0.0,1.0,0.0,7.619356924837286
tfnbs,"e=0.6,h=1.0,n=30,start_thres=1.25",hub,0.25,30,24,40,1730,3,0,37,1730,0.075,0.0,1.0,0.0,7.619356924837286
tfnbs,"e=0.6,h=2.0,n=30,start_thres=1.25",hub,0.25,30,24,40,1730,4,0,36,1730,0.1,0.0,1.0,0.0,7.619356924837286
tfnbs,"e=0.6,h=3.0,n=30,start_thres=1.25",hub,0.25,30,24,40,1730,3,0,37,1730,0.075,0.0,1.0,0.0,7.619356924837286
tfnbs,"e=0.6,h=4.0,n=30,start_thres=1.25",hub,0.25,30,24,40,1730,3,0,37,1730,0.075,0.0,1.0,0.0,7.619356924837286
tfnbs,"e=0.6,h=5.0,n=30,start_thres=1.25",hub,0.25,30,24,40,1730,2,0,38,1730,0.05,0.0,1.0,0.0,7.619356924837286
tfnbs,"e=0.6,h=6.0,n=30,start_thres=1.25",hub,0.25,30,24,40,1730,2,0,38,1730,0.05,0.0,1.0,0.0,7.619356924837286
tfnbs,"e=0.6,h=7.0,n=30,start_thres=1.25",hub,0.25,30,24,40,1730,2,0,38,1730,0.05,0.0,1.0,0.0,7.619356924837286
tfnbs,"e=0.6,h=8.0,n=30,start_thres=1.25",hub,0.25,30,24,40,1730,2,0,38,1730,0.05,0.0,1.0,0.0,7.619356924837286
tfnbs,"e=0.6,h=9.0,n=30,start_thres=1.25",hub,0.25,30,24,40,1730,2,0,38,1730,0.05,0.0,1.0,0.0,7.619356924837286
tfnbs,"e=0.6,h=10.0,n=30,start_thres=1.25",hub,0.25,30,24,40,1730,2,0,38,1730,0.05,0.0,1.0,0.0,7.619356924837286
tfnbs,"e=0.7,h=0.5,n=30,start_thres=1.25",hub,0.25,30,24,40,1730,2,0,38,1730,0.05,0.0,1.0,0.0,7.619356924837286
tfnbs,"e=0.7,h=1.0,n=30,start_thres=1.25",hub,0.25,30,24,40,1730,3,0,37,1730,0.075,0.0,1.0,0.0,7.619356924837286
tfnbs,"e=0.7,h=2.0,n=30,start_thres=1.25",hub,0.25,30,24,40,1730,4,0,36,1730,0.1,0.0,1.0,0.0,7.619356924837286
tfnbs,"e=0.7,h=3.0,n=30,start_thres=1.25",hub,0.25,30,24,40,1730,4,0,36,1730,0.1,0.0,1.0,0.0,7.619356924837286
tfnbs,"e=0.7,h=4.0,n=30,start_thres=1.25",hub,0.25,30,24,40,1730,4,0,36,1730,0.1,0.0,1.0,0.0,7.619356924837286
tfnbs,"e=0.7,h=5.0,n=30,start_thres=1.25",hub,0.25,30,24,40,1730,3,0,37,1730,0.075,0.0,1.0,0.0,7.619356924837286
tfnbs,"e=0.7,h=6.0,n=30,start_thres=1.25",hub,0.25,30,24,40,1730,3,0,37,1730,0.075,0.0,1.0,0.0,7.619356924837286
tfnbs,"e=0.7,h=7.0,n=30,start_thres=1.25",hub,0.25,30,24,40,1730,2,0,38,1730,0.05,0.0,1.0,0.0,7.619356924837286
tfnbs,"e=0.7,h=8.0,n=30,start_thres=1.25",hub,0.25,30,24,40,1730,2,0,38,1730,0.05,0.0,1.0,0.0,7.619356924837286
tfnbs,"e=0.7,h=9.0,n=30,start_thres=1.25",hub,0.25,30,24,40,1730,2,0,38,1730,0.05,0.0,1.0,0.0,7.619356924837286
tfnbs,"e=0.7,h=10.0,n=30,start_thres=1.25",hub,0.25,30,24,40,1730,2,0,38,1730,0.05,0.0,1.0,0.0,7.619356924837286
tfnbs,"e=0.8,h=0.5,n=30,start_thres=1.25",hub,0.25,30,24,40,1730,0,0,40,1730,0.0,0.0,0.0,0.0,7.619356924837286
tfnbs,"e=0.8,h=1.0,n=30,start_thres=1.25",hub,0.25,30,24,40,1730,2,0,38,1730,0.05,0.0,1.0,0.0,7.619356924837286
tfnbs,"e=0.8,h=2.0,n=30,start_thres=1.25",hub,0.25,30,24,40,1730,4,0,36,1730,0.1,0.0,1.0,0.0,7.619356924837286
tfnbs,"e=0.8,h=3.0,n=30,start_thres=1.25",hub,0.25,30,24,40,1730,5,0,35,1730,0.125,0.0,1.0,0.0,7.619356924837286
tfnbs,"e=0.8,h=4.0,n=30,start_thres=1.25",hub,0.25,30,24,40,1730,4,0,36,1730,0.1,0.0,1.0,0.0,7.619356924837286
tfnbs,"e=0.8,h=5.0,n=30,start_thres=1.25",hub,0.25,30,24,40,1730,4,0,36,1730,0.1,0.0,1.0,0.0,7.619356924837286
tfnbs,"e=0.8,h=6.0,n=30,start_thres=1.25",hub,0.25,30,24,40,1730,3,0,37,1730,0.075,0.0,1.0,0.0,7.619356924837286
tfnbs,"e=0.8,h=7.0,n=30,start_thres=1.25",hub,0.25,30,24,40,1730,3,0,37,1730,0.075,0.0,1.0,0.0,7.619356924837286
tfnbs,"e=0.8,h=8.0,n=30,start_thres=1.25",hub,0.25,30,24,40,1730,2,0,38,1730,0.05,0.0,1.0,0.0,7.619356924837286
tfnbs,"e=0.8,h=9.0,n=30,start_thres=1.25",hub,0.25,30,24,40,1730,2,0,38,1730,0.05,0.0,1.0,0.0,7.619356924837286
tfnbs,"e=0.8,h=10.0,n=30,start_thres=1.25",hub,0.25,30,24,40,1730,2,0,38,1730,0.05,0.0,1.0,0.0,7.619356924837286
tfnbs,"e=0.9,h=0.5,n=30,start_thres=1.25",hub,0.25,30,24,40,1730,0,0,40,1730,0.0,0.0,0.0,0.0,7.619356924837286
tfnbs,"e=0.9,h=1.0,n=30,start_thres=1.25",hub,0.25,30,24,40,1730,0,0,40,1730,0.0,0.0,0.0,0.0,7.619356924837286
tfnbs,"e=0.9,h=2.0,n=30,start_thres=1.25",hub,0.25,30,24,40,1730,3,0,37,1730,0.075,0.0,1.0,0.0,7.619356924837286
tfnbs,"e=0.9,h=3.0,n=30,start_thres=1.25",hub,0.25,30,24,40,1730,5,0,35,1730,0.125,0.0,1.0,0.0,7.619356924837286
tfnbs,"e=0.9,h=4.0,n=30,start_thres=1.25",hub,0.25,30,24,40,1730,5,0,35,1730,0.125,0.0,1.0,0.0,7.619356924837286
tfnbs,"e=0.9,h=5.0,n=30,start_thres=1.25",hub,0.25,30,24,40,1730,5,0,35,1730,0.125,0.0,1.0,0.0,7.619356924837286
tfnbs,"e=0.9,h=6.0,n=30,start_thres=1.25",hub,0.25,30,24,40,1730,4,0,36,1730,0.1,0.0,1.0,0.0,7.619356924837286
tfnbs,"e=0.9,h=7.0,n=30,start_thres=1.25",hub,0.25,30,24,40,1730,3,0,37,1730,0.075,0.0,1.0,0.0,7.619356924837286
tfnbs,"e=0.9,h=8.0,n=30,start_thres=1.25",hub,0.25,30,24,40,1730,3,0,37,1730,0.075,0.0,1.0,0.0,7.619356924837286
tfnbs,"e=0.9,h=9.0,n=30,start_thres=1.25",hub,0.25,30,24,40,1730,2,0,38,1730,0.05,0.0,1.0,0.0,7.619356924837286
tfnbs,"e=0.9,h=10.0,n=30,start_thres=1.25",hub,0.25,30,24,40,1730,2,0,38,1730,0.05,0.0,1.0,0.0,7.619356924837286
tfnbs,"e=1.0,h=0.5,n=30,start_thres=1.25",hub,0.25,30,24,40,1730,0,0,40,1730,0.0,0.0,0.0,0.0,7.619356924837286
tfnbs,"e=1.0,h=1.0,n=30,start_thres=1.25",hub,0.25,30,24,40,1730,0,0,40,1730,0.0,0.0,0.0,0.0,7.619356924837286
tfnbs,"e=1.0,h=2.0,n=30,start_thres=1.25",hub,0.25,30,24,40,1730,2,0,38,1730,0.05,0.0,1.0,0.0,7.619356924837286
tfnbs,"e=1.0,h=3.0,n=30,start_thres=1.25",hub,0.25,30,24,40,1730,4,0,36,1730,0.1,0.0,1.0,0.0,7.619356924837286
tfnbs,"e=1.0,h=4.0,n=30,start_thres=1.25",hub,0.25,30,24,40,1730,5,0,35,1730,0.125,0.0,1.0,0.0,7.619356924837286
tfnbs,"e=1.0,h=5.0,n=30,start_thres=1.25",hub,0.25,30,24,40,1730,5,0,35,1730,0.125,0.0,1.0,0.0,7.619356924837286
tfnbs,"e=1.0,h=6.0,n=30,start_thres=1.25",hub,0.25,30,24,40,1730,5,0,35,1730,0.125,0.0,1.0,0.0,7.619356924837286
tfnbs,"e=1.0,h=7.0,n=30,start_thres=1.25",hub,0.25,30,24,40,1730,4,0,36,1730,0.1,0.0,1.0,0.0,7.619356924837286
tfnbs,"e=1.0,h=8.0,n=30,start_thres=1.25",hub,0.25,30,24,40,1730,3,0,37,1730,0.075,0.0,1.0,0.0,7.619356924837286
tfnbs,"e=1.0,h=9.0,n=30,start_thres=1.25",hub,0.25,30,24,40,1730,3,0,37,1730,0.075,0.0,1.0,0.0,7.619356924837286
tfnbs,"e=1.0,h=10.0,n=30,start_thres=1.25",hub,0.25,30,24,40,1730,2,0,38,1730,0.05,0.0,1.0,0.0,7.619356924837286
tfnbs,"e=1.1,h=0.5,n=30,start_thres=1.25",hub,0.25,30,24,40,1730,0,0,40,1730,0.0,0.0,0.0,0.0,7.619356924837286
tfnbs,"e=1.1,h=1.0,n=30,start_thres=1.25",hub,0.25,30,24,40,1730,0,0,40,1730,0.0,0.0,0.0,0.0,7.619356924837286
tfnbs,"e=1.1,h=2.0,n=30,start_thres=1.25",hub,0.25,30,24,40,1730,0,0,40,1730,0.0,0.0,0.0,0.0,7.619356924837286
tfnbs,"e=1.1,h=3.0,n=30,start_thres=1.25",hub,0.25,30,24,40,1730,2,0,38,1730,0.05,0.0,1.0,0.0,7.619356924837286
tfnbs,"e=1.1,h=4.0,n=30,start_thres=1.25",hub,0.25,30,24,40,1730,5,0,35,1730,0.125,0.0,1.0,0.0,7.619356924837286
tfnbs,"e=1.1,h=5.0,n=30,start_thres=1.25",hub,0.25,30,24,40,1730,5,0,35,1730,0.125,0.0,1.0,0.0,7.619356924837286
tfnbs,"e=1.1,h=6.0,n=30,start_thres=1.25",hub,0.25,30,24,40,1730,5,0,35,1730,0.125,0.0,1.0,0.0,7.619356924837286
tfnbs,"e=1.1,h=7.0,n=30,start_thres=1.25",hub,0.25,30,24,40,1730,5,0,35,1730,0.125,0.0,1.0,0.0,7.619356924837286
tfnbs,"e=1.1,h=8.0,n=30,start_thres=1.25",hub,0.25,30,24,40,1730,4,0,36,1730,0.1,0.0,1.0,0.0,7.619356924837286
tfnbs,"e=1.1,h=9.0,n=30,start_thres=1.25",hub,0.25,30,24,40,1730,3,0,37,1730,0.075,0.0,1.0,0.0,7.619356924837286
tfnbs,"e=1.1,h=10.0,n=30,start_thres=1.25",hub,0.25,30,24,40,1730,3,0,37,1730,0.075,0.0,1.0,0.0,7.619356924837286
tfnbs,"e=1.2,h=0.5,n=30,start_thres=1.25",hub,0.25,30,24,40,1730,0,0,40,1730,0.0,0.0,0.0,0.0,7.619356924837286
tfnbs,"e=1.2,h=1.0,n=30,start_thres=1.25",hub,0.25,30,24,40,1730,0,0,40,1730,0.0,0.0,0.0,0.0,7.619356924837286
tfnbs,"e=1.2,h=2.0,n=30,start_thres=1.25",hub,0.25,30,24,40,1730,0,0,40,1730,0.0,0.0,0.0,0.0,7.619356924837286
tfnbs,"e=1.2,h=3.0,n=30,start_thres=1.25",hub,0.25,30,24,40,1730,1,0,39,1730,0.025,0.0,1.0,0.0,7.619356924837286
tfnbs,"e=1.2,h=4.0,n=30,start_thres=1.25",hub,0.25,30,24,40,1730,3,0,37,1730,0.075,0.0,1.0,0.0,7.619356924837286
tfnbs,"e=1.2,h=5.0,n=30,start_thres=1.25",hub,0.25,30,24,40,1730,5,0,35,1730,0.125,0.0,1.0,0.0,7.619356924837286
tfnbs,"e=1.2,h=6.0,n=30,start_thres=1.25",hub,0.25,30,24,40,1730,5,0,35,1730,0.125,0.0,1.0,0.0,7.619356924837286
tfnbs,"e=1.2,h=7.0,n=30,start_thres=1.25",hub,0.25,30,24,40,1730,5,0,35,1730,0.125,0.0,1.0,0.0,7.619356924837286
tfnbs,"e=1.2,h=8.0,n=30,start_thres=1.25",hub,0.25,30,24,40,1730,5,0,35,1730,0.125,0.0,1.0,0.0,7.619356924837286
tfnbs,"e=1.2,h=9.0,n=30,start_thres=1.25",hub,0.25,30,24,40,1730,4,0,36,1730,0.1,0.0,1.0,0.0,7.619356924837286
tfnbs,"e=1.2,h=10.0,n=30,start_thres=1.25",hub,0.25,30,24,40,1730,3,0,37,1730,0.075,0.0,1.0,0.0,7.619356924837286
tfnbs,"e=1.3,h=0.5,n=30,start_thres=1.25",hub,0.25,30,24,40,1730,0,0,40,1730,0.0,0.0,0.0,0.0,7.619356924837286
tfnbs,"e=1.3,h=1.0,n=30,start_thres=1.25",hub,0.25,30,24,40,1730,0,0,40,1730,0.0,0.0,0.0,0.0,7.619356924837286
tfnbs,"e=1.3,h=2.0,n=30,start_thres=1.25",hub,0.25,30,24,40,1730,0,0,40,1730,0.0,0.0,0.0,0.0,7.619356924837286
tfnbs,"e=1.3,h=3.0,n=30,start_thres=1.25",hub,0.25,30,24,40,1730,0,0,40,1730,0.0,0.0,0.0,0.0,7.619356924837286
tfnbs,"e=1.3,h=4.0,n=30,start_thres=1.25",hub,0.25,30,24,40,1730,2,0,38,1730,0.05,0.0,1.0,0.0,7.619356924837286
tfnbs,"e=1.3,h=5.0,n=30,start_thres=1.25",hub,0.25,30,24,40,1730,5,0,35,1730,0.125,0.0,1.0,0.0,7.619356924837286
tfnbs,"e=1.3,h=6.0,n=30,start_thres=1.25",hub,0.25,30,24,40,1730,5,0,35,1730,0.125,0.0,1.0,0.0,7.619356924837286
tfnbs,"e=1.3,h=7.0,n=30,start_thres=1.25",hub,0.25,30,24,40,1730,5,0,35,1730,0.125,0.0,1.0,0.0,7.619356924837286
tfnbs,"e=1.3,h=8.0,n=30,start_thres=1.25",hub,0.25,30,24,40,1730,5,0,35,1730,0.125,0.0,1.0,0.0,7.619356924837286
tfnbs,"e=1.3,h=9.0,n=30,start_thres=1.25",hub,0.25,30,24,40,1730,5,0,35,1730,0.125,0.0,1.0,0.0,7.619356924837286
tfnbs,"e=1.3,h=10.0,n=30,start_thres=1.25",hub,0.25,30,24,40,1730,4,0,36,1730,0.1,0.0,1.0,0.0,7.619356924837286
tfnbs,"e=1.4,h=0.5,n=30,start_thres=1.25",hub,0.25,30,24,40,1730,0,0,40,1730,0.0,0.0,0.0,0.0,7.619356924837286
tfnbs,"e=1.4,h=1.0,n=30,start_thres=1.25",hub,0.25,30,24,40,1730,0,0,40,1730,0.0,0.0,0.0,0.0,7.619356924837286
tfnbs,"e=1.4,h=2.0,n=30,start_thres=1.25",hub,0.25,30,24,40,1730,0,0,40,1730,0.0,0.0,0.0,0.0,7.619356924837286
tfnbs,"e=1.4,h=3.0,n=30,start_thres=1.25",hub,0.25,30,24,40,1730,0,0,40,1730,0.0,0.0,0.0,0.0,7.619356924837286
tfnbs,"e=1.4,h=4.0,n=30,start_thres=1.25",hub,0.25,30,24,40,1730,1,0,39,1730,0.025,0.0,1.0,0.0,7.619356924837286
tfnbs,"e=1.4,h=5.0,n=30,start_thres=1.25",hub,0.25,30,24,40,1730,3,0,37,1730,0.075,0.0,1.0,0.0,7.619356924837286
tfnbs,"e=1.4,h=6.0,n=30,start_thres=1.25",hub,0.25,30,24,40,1730,5,0,35,1730,0.125,0.0,1.0,0.0,7.619356924837286
tfnbs,"e=1.4,h=7.0,n=30,start_thres=1.25",hub,0.25,30,24,40,1730,5,0,35,1730,0.125,0.0,1.0,0.0,7.619356924837286
tfnbs,"e=1.4,h=8.0,n=30,start_thres=1.25",hub,0.25,30,24,40,1730,5,0,35,1730,0.125,0.0,1.0,0.0,7.619356924837286
tfnbs,"e=1.4,h=9.0,n=30,start_thres=1.25",hub,0.25,30,24,40,1730,5,0,35,1730,0.125,0.0,1.0,0.0,7.619356924837286
tfnbs,"e=1.4,h=10.0,n=30,start_thres=1.25",hub,0.25,30,24,40,1730,5,0,35,1730,0.125,0.0,1.0,0.0,7.619356924837286
tfnbs,"e=1.5,h=0.5,n=30,start_thres=1.25",hub,0.25,30,24,40,1730,0,0,40,1730,0.0,0.0,0.0,0.0,7.619356924837286
tfnbs,"e=1.5,h=1.0,n=30,start_thres=1.25",hub,0.25,30,24,40,1730,0,0,40,1730,0.0,0.0,0.0,0.0,7.619356924837286
tfnbs,"e=1.5,h=2.0,n=30,start_thres=1.25",hub,0.25,30,24,40,1730,0,0,40,1730,0.0,0.0,0.0,0.0,7.619356924837286
tfnbs,"e=1.5,h=3.0,n=30,start_thres=1.25",hub,0.25,30,24,40,1730,0,0,40,1730,0.0,0.0,0.0,0.0,7.619356924837286
tfnbs,"e=1.5,h=4.0,n=30,start_thres=1.25",hub,0.25,30,24,40,1730,0,0,40,1730,0.0,0.0,0.0,0.0,7.619356924837286
tfnbs,"e=1.5,h=5.0,n=30,start_thres=1.25",hub,0.25,30,24,40,1730,2,0,38,1730,0.05,0.0,1.0,0.0,7.619356924837286
tfnbs,"e=1.5,h=6.0,n=30,start_thres=1.25",hub,0.25,30,24,40,1730,5,0,35,1730,0.125,0.0,1.0,0.0,7.619356924837286
tfnbs,"e=1.5,h=7.0,n=30,start_thres=1.25",hub,0.25,30,24,40,1730,5,0,35,1730,0.125,0.0,1.0,0.0,7.619356924837286
tfnbs,"e=1.5,h=8.0,n=30,start_thres=1.25",hub,0.25,30,24,40,1730,5,0,35,1730,0.125,0.0,1.0,0.0,7.619356924837286
tfnbs,"e=1.5,h=9.0,n=30,start_thres=1.25",hub,0.25,30,24,40,1730,5,0,35,1730,0.125,0.0,1.0,0.0,7.619356924837286
tfnbs,"e=1.5,h=10.0,n=30,start_thres=1.25",hub,0.25,30,24,40,1730,5,0,35,1730,0.125,0.0,1.0,0.0,7.619356924837286
tfnbs,"e=0.05,h=0.5,n=30,start_thres=1.25",hub,0.25,30,14,40,1730,2,0,38,1730,0.05,0.0,1.0,0.0,7.680267148397186
tfnbs,"e=0.05,h=1.0,n=30,start_thres=1.25",hub,0.25,30,14,40,1730,2,0,38,1730,0.05,0.0,1.0,0.0,7.680267148397186
tfnbs,"e=0.05,h=2.0,n=30,start_thres=1.25",hub,0.25,30,14,40,1730,2,0,38,1730,0.05,0.0,1.0,0.0,7.680267148397186
tfnbs,"e=0.05,h=3.0,n=30,start_thres=1.25",hub,0.25,30,14,40,1730,2,0,38,1730,0.05,0.0,1.0,0.0,7.680267148397186
tfnbs,"e=0.05,h=4.0,n=30,start_thres=1.25",hub,0.25,30,14,40,1730,2,0,38,1730,0.05,0.0,1.0,0.0,7.680267148397186
tfnbs,"e=0.05,h=5.0,n=30,start_thres=1.25",hub,0.25,30,14,40,1730,2,0,38,1730,0.05,0.0,1.0,0.0,7.680267148397186
tfnbs,"e=0.05,h=6.0,n=30,start_thres=1.25",hub,0.25,30,14,40,1730,2,0,38,1730,0.05,0.0,1.0,0.0,7.680267148397186
tfnbs,"e=0.05,h=7.0,n=30,start_thres=1.25",hub,0.25,30,14,40,1730,2,0,38,1730,0.05,0.0,1.0,0.0,7.680267148397186
tfnbs,"e=0.05,h=8.0,n=30,start_thres=1.25",hub,0.25,30,14,40,1730,2,0,38,1730,0.05,0.0,1.0,0.0,7.680267148397186
tfnbs,"e=0.05,h=9.0,n=30,start_thres=1.25",hub,0.25,30,14,40,1730,2,0,38,1730,0.05,0.0,1.0,0.0,7.680267148397186
tfnbs,"e=0.05,h=10.0,n=30,start_thres=1.25",hub,0.25,30,14,40,1730,2,0,38,1730,0.05,0.0,1.0,0.0,7.680267148397186
tfnbs,"e=0.1,h=0.5,n=30,start_thres=1.25",hub,0.25,30,14,40,1730,3,0,37,1730,0.075,0.0,1.0,0.0,7.680267148397186
tfnbs,"e=0.1,h=1.0,n=30,start_thres=1.25",hub,0.25,30,14,40,1730,3,0,37,1730,0.075,0.0,1.0,0.0,7.680267148397186
tfnbs,"e=0.1,h=2.0,n=30,start_thres=1.25",hub,0.25,30,14,40,1730,2,0,38,1730,0.05,0.0,1.0,0.0,7.680267148397186
tfnbs,"e=0.1,h=3.0,n=30,start_thres=1.25",hub,0.25,30,14,40,1730,2,0,38,1730,0.05,0.0,1.0,0.0,7.680267148397186
tfnbs,"e=0.1,h=4.0,n=30,start_thres=1.25",hub,0.25,30,14,40,1730,2,0,38,1730,0.05,0.0,1.0,0.0,7.680267148397186
tfnbs,"e=0.1,h=5.0,n=30,start_thres=1.25",hub,0.25,30,14,40,1730,2,0,38,1730,0.05,0.0,1.0,0.0,7.680267148397186
tfnbs,"e=0.1,h=6.0,n=30,start_thres=1.25",hub,0.25,30,14,40,1730,2,0,38,1730,0.05,0.0,1.0,0.0,7.680267148397186
tfnbs,"e=0.1,h=7.0,n=30,start_thres=1.25",hub,0.25,30,14,40,1730,2,0,38,1730,0.05,0.0,1.0,0.0,7.680267148397186
tfnbs,"e=0.1,h=8.0,n=30,start_thres=1.25",hub,0.25,30,14,40,1730,2,0,38,1730,0.05,0.0,1.0,0.0,7.680267148397186
tfnbs,"e=0.1,h=9.0,n=30,start_thres=1.25",hub,0.25,30,14,40,1730,2,0,38,1730,0.05,0.0,1.0,0.0,7.680267148397186
tfnbs,"e=0.1,h=10.0,n=30,start_thres=1.25",hub,0.25,30,14,40,1730,2,0,38,1730,0.05,0.0,1.0,0.0,7.680267148397186
tfnbs,"e=0.2,h=0.5,n=30,start_thres=1.25",hub,0.25,30,14,40,1730,3,0,37,1730,0.075,0.0,1.0,0.0,7.680267148397186
tfnbs,"e=0.2,h=1.0,n=30,start_thres=1.25",hub,0.25,30,14,40,1730,3,0,37,1730,0.075,0.0,1.0,0.0,7.680267148397186
tfnbs,"e=0.2,h=2.0,n=30,start_thres=1.25",hub,0.25,30,14,40,1730,3,0,37,1730,0.075,0.0,1.0,0.0,7.680267148397186
tfnbs,"e=0.2,h=3.0,n=30,start_thres=1.25",hub,0.25,30,14,40,1730,3,0,37,1730,0.075,0.0,1.0,0.0,7.680267148397186
tfnbs,"e=0.2,h=4.0,n=30,start_thres=1.25",hub,0.25,30,14,40,1730,3,0,37,1730,0.075,0.0,1.0,0.0,7.680267148397186
tfnbs,"e=0.2,h=5.0,n=30,start_thres=1.25",hub,0.25,30,14,40,1730,2,0,38,1730,0.05,0.0,1.0,0.0,7.680267148397186
tfnbs,"e=0.2,h=6.0,n=30,start_thres=1.25",hub,0.25,30,14,40,1730,2,0,38,1730,0.05,0.0,1.0,0.0,7.680267148397186
tfnbs,"e=0.2,h=7.0,n=30,start_thres=1.25",hub,0.25,30,14,40,1730,2,0,38,1730,0.05,0.0,1.0,0.0,7.680267148397186
tfnbs,"e=0.2,h=8.0,n=30,start_thres=1.25",hub,0.25,30,14,40,1730,2,0,38,1730,0.05,0.0,1.0,0.0,7.680267148397186
tfnbs,"e=0.2,h=9.0,n=30,start_thres=1.25",hub,0.25,30,14,40,1730,2,0,38,1730,0.05,0.0,1.0,0.0,7.680267148397186
tfnbs,"e=0.2,h=10.0,n=30,start_thres=1.25",hub,0.25,30,14,40,1730,2,0,38,1730,0.05,0.0,1.0,0.0,7.680267148397186
tfnbs,"e=0.3,h=0.5,n=30,start_thres=1.25",hub,0.25,30,14,40,1730,3,0,37,1730,0.075,0.0,1.0,0.0,7.680267148397186
tfnbs,"e=0.3,h=1.0,n=30,start_thres=1.25",hub,0.25,30,14,40,1730,3,0,37,1730,0.075,0.0,1.0,0.0,7.680267148397186
tfnbs,"e=0.3,h=2.0,n=30,start_thres=1.25",hub,0.25,30,14,40,1730,3,0,37,1730,0.075,0.0,1.0,0.0,7.680267148397186
tfnbs,"e=0.3,h=3.0,n=30,start_thres=1.25",hub,0.25,30,14,40,1730,3,0,37,1730,0.075,0.0,1.0,0.0,7.680267148397186
tfnbs,"e=0.3,h=4.0,n=30,start_thres=1.25",hub,0.25,30,14,40,1730,3,0,37,1730,0.075,0.0,1.0,0.0,7.680267148397186
tfnbs,"e=0.3,h=5.0,n=30,start_thres=1.25",hub,0.25,30,14,40,1730,3,0,37,1730,0.075,0.0,1.0,0.0,7.680267148397186
tfnbs,"e=0.3,h=6.0,n=30,start_thres=1.25",hub,0.25,30,14,40,1730,3,0,37,1730,0.075,0.0,1.0,0.0,7.680267148397186
tfnbs,"e=0.3,h=7.0,n=30,start_thres=1.25",hub,0.25,30,14,40,1730,3,0,37,1730,0.075,0.0,1.0,0.0,7.680267148397186
tfnbs,"e=0.3,h=8.0,n=30,start_thres=1.25",hub,0.25,30,14,40,1730,2,0,38,1730,0.05,0.0,1.0,0.0,7.680267148397186
tfnbs,"e=0.3,h=9.0,n=30,start_thres=1.25",hub,0.25,30,14,40,1730,2,0,38,1730,0.05,0.0,1.0,0.0,7.680267148397186
tfnbs,"e=0.3,h=10.0,n=30,start_thres=1.25",hub,0.25,30,14,40,1730,2,0,38,1730,0.05,0.0,1.0,0.0,7.680267148397186
tfnbs,"e=0.4,h=0.5,n=30,start_thres=1.25",hub,0.25,30,14,40,1730,3,0,37,1730,0.075,0.0,1.0,0.0,7.680267148397186
tfnbs,"e=0.4,h=1.0,n=30,start_thres=1.25",hub,0.25,30,14,40,1730,3,0,37,1730,0.075,0.0,1.0,0.0,7.680267148397186
tfnbs,"e=0.4,h=2.0,n=30,start_thres=1.25",hub,0.25,30,14,40,1730,3,0,37,1730,0.075,0.0,1.0,0.0,7.680267148397186
tfnbs,"e=0.4,h=3.0,n=30,start_thres=1.25",hub,0.25,30,14,40,1730,3,0,37,1730,0.075,0.0,1.0,0.0,7.680267148397186
tfnbs,"e=0.4,h=4.0,n=30,start_thres=1.25",hub,0.25,30,14,40,1730,3,0,37,1730,0.075,0.0,1.0,0.0,7.680267148397186
tfnbs,"e=0.4,h=5.0,n=30,start_thres=1.25",hub,0.25,30,14,40,1730,3,0,37,1730,0.075,0.0,1.0,0.0,7.680267148397186
tfnbs,"e=0.4,h=6.0,n=30,start_thres=1.25",hub,0.25,30,14,40,1730,3,0,37,1730,0.075,0.0,1.0,0.0,7.680267148397186
tfnbs,"e=0.4,h=7.0,n=30,start_thres=1.25",hub,0.25,30,14,40,1730,3,0,37,1730,0.075,0.0,1.0,0.0,7.680267148397186
tfnbs,"e=0.4,h=8.0,n=30,start_thres=1.25",hub,0.25,30,14,40,1730,3,0,37,1730,0.075,0.0,1.0,0.0,7.680267148397186
tfnbs,"e=0.4,h=9.0,n=30,start_thres=1.25",hub,0.25,30,14,40,1730,3,0,37,1730,0.075,0.0,1.0,0.0,7.680267148397186
tfnbs,"e=0.4,h=10.0,n=30,start_thres=1.25",hub,0.25,30,14,40,1730,2,0,38,1730,0.05,0.0,1.0,0.0,7.680267148397186
tfnbs,"e=0.5,h=0.5,n=30,start_thres=1.25",hub,0.25,30,14,40,1730,3,0,37,1730,0.075,0.0,1.0,0.0,7.680267148397186
tfnbs,"e=0.5,h=1.0,n=30,start_thres=1.25",hub,0.25,30,14,40,1730,3,0,37,1730,0.075,0.0,1.0,0.0,7.680267148397186
tfnbs,"e=0.5,h=2.0,n=30,start_thres=1.25",hub,0.25,30,14,40,1730,3,0,37,1730,0.075,0.0,1.0,0.0,7.680267148397186
tfnbs,"e=0.5,h=3.0,n=30,start_thres=1.25",hub,0.25,30,14,40,1730,3,0,37,1730,0.075,0.0,1.0,0.0,7.680267148397186
tfnbs,"e=0.5,h=4.0,n=30,start_thres=1.25",hub,0.25,30,14,40,1730,3,0,37,1730,0.075,0.0,1.0,0.0,7.680267148397186
tfnbs,"e=0.5,h=5.0,n=30,start_thres=1.25",hub,0.25,30,14,40,1730,3,0,37,1730,0.075,0.0,1.0,0.0,7.680267148397186
tfnbs,"e=0.5,h=6.0,n=30,start_thres=1.25",hub,0.25,30,14,40,1730,3,0,37,1730,0.075,0.0,1.0,0.0,7.680267148397186
tfnbs,"e=0.5,h=7.0,n=30,start_thres=1.25",hub,0.25,30,14,40,1730,3,0,37,1730,0.075,0.0,1.0,0.0,7.680267148397186
tfnbs,"e=0.5,h=8.0,n=30,start_thres=1.25",hub,0.25,30,14,40,1730,3,0,37,1730,0.075,0.0,1.0,0.0,7.680267148397186
tfnbs,"e=0.5,h=9.0,n=30,start_thres=1.25",hub,0.25,30,14,40,1730,3,0,37,1730,0.075,0.0,1.0,0.0,7.680267148397186
tfnbs,"e=0.5,h=10.0,n=30,start_thres=1.25",hub,0.25,30,14,40,1730,3,0,37,1730,0.075,0.0,1.0,0.0,7.680267148397186
tfnbs,"e=0.6,h=0.5,n=30,start_thres=1.25",hub,0.25,30,14,40,1730,3,0,37,1730,0.075,0.0,1.0,0.0,7.680267148397186
tfnbs,"e=0.6,h=1.0,n=30,start_thres=1.25",hub,0.25,30,14,40,1730,3,0,37,1730,0.075,0.0,1.0,0.0,7.680267148397186
tfnbs,"e=0.6,h=2.0,n=30,start_thres=1.25",hub,0.25,30,14,40,1730,3,0,37,1730,0.075,0.0,1.0,0.0,7.680267148397186
tfnbs,"e=0.6,h=3.0,n=30,start_thres=1.25",hub,0.25,30,14,40,1730,3,0,37,1730,0.075,0.0,1.0,0.0,7.680267148397186
tfnbs,"e=0.6,h=4.0,n=30,start_thres=1.25",hub,0.25,30,14,40,1730,3,0,37,1730,0.075,0.0,1.0,0.0,7.680267148397186
tfnbs,"e=0.6,h=5.0,n=30,start_thres=1.25",hub,0.25,30,14,40,1730,3,0,37,1730,0.075,0.0,1.0,0.0,7.680267148397186
tfnbs,"e=0.6,h=6.0,n=30,start_thres=1.25",hub,0.25,30,14,40,1730,3,0,37,1730,0.075,0.0,1.0,0.0,7.680267148397186
tfnbs,"e=0.6,h=7.0,n=30,start_thres=1.25",hub,0.25,30,14,40,1730,3,0,37,1730,0.075,0.0,1.0,0.0,7.680267148397186
tfnbs,"e=0.6,h=8.0,n=30,start_thres=1.25",hub,0.25,30,14,40,1730,3,0,37,1730,0.075,0.0,1.0,0.0,7.680267148397186
tfnbs,"e=0.6,h=9.0,n=30,start_thres=1.25",hub,0.25,30,14,40,1730,3,0,37,1730,0.075,0.0,1.0,0.0,7.680267148397186
tfnbs,"e=0.6,h=10.0,n=30,start_thres=1.25",hub,0.25,30,14,40,1730,3,0,37,1730,0.075,0.0,1.0,0.0,7.680267148397186
tfnbs,"e=0.7,h=0.5,n=30,start_thres=1.25",hub,0.25,30,14,40,1730,3,0,37,1730,0.075,0.0,1.0,0.0,7.680267148397186
tfnbs,"e=0.7,h=1.0,n=30,start_thres=1.25",hub,0.25,30,14,40,1730,3,0,37,1730,0.075,0.0,1.0,0.0,7.680267148397186
tfnbs,"e=0.7,h=2.0,n=30,start_thres=1.25",hub,0.25,30,14,40,1730,3,0,37,1730,0.075,0.0,1.0,0.0,7.680267148397186
tfnbs,"e=0.7,h=3.0,n=30,start_thres=1.25",hub,0.25,30,14,40,1730,5,0,35,1730,0.125,0.0,1.0,0.0,7.680267148397186
tfnbs,"e=0.7,h=4.0,n=30,start_thres=1.25",hub,0.25,30,14,40,1730,5,0,35,1730,0.125,0.0,1.0,0.0,7.680267148397186
tfnbs,"e=0.7,h=5.0,n=30,start_thres=1.25",hub,0.25,30,14,40,1730,3,0,37,1730,0.075,0.0,1.0,0.0,7.680267148397186
tfnbs,"e=0.7,h=6.0,n=30,start_thres=1.25",hub,0.25,30,14,40,1730,3,0,37,1730,0.075,0.0,1.0,0.0,7.680267148397186
tfnbs,"e=0.7,h=7.0,n=30,start_thres=1.25",hub,0.25,30,14,40,1730,3,0,37,1730,0.075,0.0,1.0,0.0,7.680267148397186
tfnbs,"e=0.7,h=8.0,n=30,start_thres=1.25",hub,0.25,30,14,40,1730,3,0,37,1730,0.075,0.0,1.0,0.0,7.680267148397186
tfnbs,"e=0.7,h=9.0,n=30,start_thres=1.25",hub,0.25,30,14,40,1730,3,0,37,1730,0.075,0.0,1.0,0.0,7.680267148397186
tfnbs,"e=0.7,h=10.0,n=30,start_thres=1.25",hub,0.25,30,14,40,1730,3,0,37,1730,0.075,0.0,1.0,0.0,7.680267148397186
tfnbs,"e=0.8,h=0.5,n=30,start_thres=1.25",hub,0.25,30,14,40,1730,2,0,38,1730,0.05,0.0,1.0,0.0,7.680267148397186
tfnbs,"e=0.8,h=1.0,n=30,start_thres=1.25",hub,0.25,30,14,40,1730,3,0,37,1730,0.075,0.0,1.0,0.0,7.680267148397186
tfnbs,"e=0.8,h=2.0,n=30,start_thres=1.25",hub,0.25,30,14,40,1730,5,0,35,1730,0.125,0.0,1.0,0.0,7.680267148397186
tfnbs,"e=0.8,h=3.0,n=30,start_thres=1.25",hub,0.25,30,14,40,1730,5,0,35,1730,0.125,0.0,1.0,0.0,7.680267148397186
tfnbs,"e=0.8,h=4.0,n=30,start_thres=1.25",hub,0.25,30,14,40,1730,5,0,35,1730,0.125,0.0,1.0,0.0,7.680267148397186
tfnbs,"e=0.8,h=5.0,n=30,start_thres=1.25",hub,0.25,30,14,40,1730,5,0,35,1730,0.125,0.0,1.0,0.0,7.680267148397186
tfnbs,"e=0.8,h=6.0,n=30,start_thres=1.25",hub,0.25,30,14,40,1730,3,0,37,1730,0.075,0.0,1.0,0.0,7.680267148397186
tfnbs,"e=0.8,h=7.0,n=30,start_thres=1.25",hub,0.25,30,14,40,1730,3,0,37,1730,0.075,0.0,1.0,0.0,7.680267148397186
tfnbs,"e=0.8,h=8.0,n=30,start_thres=1.25",hub,0.25,30,14,40,1730,3,0,37,1730,0.075,0.0,1.0,0.0,7.680267148397186
tfnbs,"e=0.8,h=9.0,n=30,start_thres=1.25",hub,0.25,30,14,40,1730,3,0,37,1730,0.075,0.0,1.0,0.0,7.680267148397186
tfnbs,"e=0.8,h=10.0,n=30,start_thres=1.25",hub,0.25,30,14,40,1730,3,0,37,1730,0.075,0.0,1.0,0.0,7.680267148397186
tfnbs,"e=0.9,h=0.5,n=30,start_thres=1.25",hub,0.25,30,14,40,1730,0,0,40,1730,0.0,0.0,0.0,0.0,7.680267148397186
tfnbs,"e=0.9,h=1.0,n=30,start_thres=1.25",hub,0.25,30,14,40,1730,1,0,39,1730,0.025,0.0,1.0,0.0,7.680267148397186
tfnbs,"e=0.9,h=2.0,n=30,start_thres=1.25",hub,0.25,30,14,40,1730,3,0,37,1730,0.075,0.0,1.0,0.0,7.680267148397186
tfnbs,"e=0.9,h=3.0,n=30,start_thres=1.25",hub,0.25,30,14,40,1730,5,0,35,1730,0.125,0.0,1.0,0.0,7.680267148397186
tfnbs,"e=0.9,h=4.0,n=30,start_thres=1.25",hub,0.25,30,14,40,1730,5,0,35,1730,0.125,0.0,1.0,0.0,7.680267148397186
tfnbs,"e=0.9,h=5.0,n=30,start_thres=1.25",hub,0.25,30,14,40,1730,5,0,35,1730,0.125,0.0,1.0,0.0,7.680267148397186
tfnbs,"e=0.9,h=6.0,n=30,start_thres=1.25",hub,0.25,30,14,40,1730,5,0,35,1730,0.125,0.0,1.0,0.0,7.680267148397186
tfnbs,"e=0.9,h=7.0,n=30,start_thres=1.25",hub,0.25,30,14,40,1730,3,0,37,1730,0.075,0.0,1.0,0.0,7.680267148397186
tfnbs,"e=0.9,h=8.0,n=30,start_thres=1.25",hub,0.25,30,14,40,1730,3,0,37,1730,0.075,0.0,1.0,0.0,7.680267148397186
tfnbs,"e=0.9,h=9.0,n=30,start_thres=1.25",hub,0.25,30,14,40,1730,3,0,37,1730,0.075,0.0,1.0,0.0,7.680267148397186
tfnbs,"e=0.9,h=10.0,n=30,start_thres=1.25",hub,0.25,30,14,40,1730,3,0,37,1730,0.075,0.0,1.0,0.0,7.680267148397186
tfnbs,"e=1.0,h=0.5,n=30,start_thres=1.25",hub,0.25,30,14,40,1730,0,0,40,1730,0.0,0.0,0.0,0.0,7.680267148397186
tfnbs,"e=1.0,h=1.0,n=30,start_thres=1.25",hub,0.25,30,14,40,1730,0,0,40,1730,0.0,0.0,0.0,0.0,7.680267148397186
tfnbs,"e=1.0,h=2.0,n=30,start_thres=1.25",hub,0.25,30,14,40,1730,3,0,37,1730,0.075,0.0,1.0,0.0,7.680267148397186
tfnbs,"e=1.0,h=3.0,n=30,start_thres=1.25",hub,0.25,30,14,40,1730,3,0,37,1730,0.075,0.0,1.0,0.0,7.680267148397186
tfnbs,"e=1.0,h=4.0,n=30,start_thres=1.25",hub,0.25,30,14,40,1730,5,0,35,1730,0.125,0.0,1.0,0.0,7.680267148397186
tfnbs,"e=1.0,h=5.0,n=30,start_thres=1.25",hub,0.25,30,14,40,1730,5,0,35,1730,0.125,0.0,1.0,0.0,7.680267148397186
tfnbs,"e=1.0,h=6.0,n=30,start_thres=1.25",hub,0.25,30,14,40,1730,5,0,35,1730,0.125,0.0,1.0,0.0,7.680267148397186
tfnbs,"e=1.0,h=7.0,n=30,start_thres=1.25",hub,0.25,30,14,40,1730,5,0,35,1730,0.125,0.0,1.0,0.0,7.680267148397186
tfnbs,"e=1.0,h=8.0,n=30,start_thres=1.25",hub,0.25,30,14,40,1730,3,0,37,1730,0.075,0.0,1.0,0.0,7.680267148397186
tfnbs,"e=1.0,h=9.0,n=30,start_thres=1.25",hub,0.25,30,14,40,1730,3,0,37,1730,0.075,0.0,1.0,0.0,7.680267148397186
tfnbs,"e=1.0,h=10.0,n=30,start_thres=1.25",hub,0.25,30,14,40,1730,3,0,37,1730,0.075,0.0,1.0,0.0,7.680267148397186
tfnbs,"e=1.1,h=0.5,n=30,start_thres=1.25",hub,0.25,30,14,40,1730,0,0,40,1730,0.0,0.0,0.0,0.0,7.680267148397186
tfnbs,"e=1.1,h=1.0,n=30,start_thres=1.25",hub,0.25,30,14,40,1730,0,0,40,1730,0.0,0.0,0.0,0.0,7.680267148397186
tfnbs,"e=1.1,h=2.0,n=30,start_thres=1.25",hub,0.25,30,14,40,1730,1,0,39,1730,0.025,0.0,1.0,0.0,7.680267148397186
tfnbs,"e=1.1,h=3.0,n=30,start_thres=1.25",hub,0.25,30,14,40,1730,3,0,37,1730,0.075,0.0,1.0,0.0,7.680267148397186
tfnbs,"e=1.1,h=4.0,n=30,start_thres=1.25",hub,0.25,30,14,40,1730,5,0,35,1730,0.125,0.0,1.0,0.0,7.680267148397186
tfnbs,"e=1.1,h=5.0,n=30,start_thres=1.25",hub,0.25,30,14,40,1730,5,0,35,1730,0.125,0.0,1.0,0.0,7.680267148397186
tfnbs,"e=1.1,h=6.0,n=30,start_thres=1.25",hub,0.25,30,14,40,1730,6,0,34,1730,0.15,0.0,1.0,0.0,7.680267148397186
tfnbs,"e=1.1,h=7.0,n=30,start_thres=1.25",hub,0.25,30,14,40,1730,5,0,35,1730,0.125,0.0,1.0,0.0,7.680267148397186
tfnbs,"e=1.1,h=8.0,n=30,start_thres=1.25",hub,0.25,30,14,40,1730,5,0,35,1730,0.125,0.0,1.0,0.0,7.680267148397186
tfnbs,"e=1.1,h=9.0,n=30,start_thres=1.25",hub,0.25,30,14,40,1730,3,0,37,1730,0.075,0.0,1.0,0.0,7.680267148397186
tfnbs,"e=1.1,h=10.0,n=30,start_thres=1.25",hub,0.25,30,14,40,1730,3,0,37,1730,0.075,0.0,1.0,0.0,7.680267148397186
tfnbs,"e=1.2,h=0.5,n=30,start_thres=1.25",hub,0.25,30,14,40,1730,0,0,40,1730,0.0,0.0,0.0,0.0,7.680267148397186
tfnbs,"e=1.2,h=1.0,n=30,start_thres=1.25",hub,0.25,30,14,40,1730,0,0,40,1730,0.0,0.0,0.0,0.0,7.680267148397186
tfnbs,"e=1.2,h=2.0,n=30,start_thres=1.25",hub,0.25,30,14,40,1730,0,0,40,1730,0.0,0.0,0.0,0.0,7.680267148397186
tfnbs,"e=1.2,h=3.0,n=30,start_thres=1.25",hub,0.25,30,14,40,1730,3,0,37,1730,0.075,0.0,1.0,0.0,7.680267148397186
tfnbs,"e=1.2,h=4.0,n=30,start_thres=1.25",hub,0.25,30,14,40,1730,3,0,37,1730,0.075,0.0,1.0,0.0,7.680267148397186
tfnbs,"e=1.2,h=5.0,n=30,start_thres=1.25",hub,0.25,30,14,40,1730,6,0,34,1730,0.15,0.0,1.0,0.0,7.680267148397186
tfnbs,"e=1.2,h=6.0,n=30,start_thres=1.25",hub,0.25,30,14,40,1730,6,0,34,1730,0.15,0.0,1.0,0.0,7.680267148397186
tfnbs,"e=1.2,h=7.0,n=30,start_thres=1.25",hub,0.25,30,14,40,1730,6,0,34,1730,0.15,0.0,1.0,0.0,7.680267148397186
tfnbs,"e=1.2,h=8.0,n=30,start_thres=1.25",hub,0.25,30,14,40,1730,5,0,35,1730,0.125,0.0,1.0,0.0,7.680267148397186
tfnbs,"e=1.2,h=9.0,n=30,start_thres=1.25",hub,0.25,30,14,40,1730,5,0,35,1730,0.125,0.0,1.0,0.0,7.680267148397186
tfnbs,"e=1.2,h=10.0,n=30,start_thres=1.25",hub,0.25,30,14,40,1730,3,0,37,1730,0.075,0.0,1.0,0.0,7.680267148397186
tfnbs,"e=1.3,h=0.5,n=30,start_thres=1.25",hub,0.25,30,14,40,1730,0,0,40,1730,0.0,0.0,0.0,0.0,7.680267148397186
tfnbs,"e=1.3,h=1.0,n=30,start_thres=1.25",hub,0.25,30,14,40,1730,0,0,40,1730,0.0,0.0,0.0,0.0,7.680267148397186
tfnbs,"e=1.3,h=2.0,n=30,start_thres=1.25",hub,0.25,30,14,40,1730,0,0,40,1730,0.0,0.0,0.0,0.0,7.680267148397186
tfnbs,"e=1.3,h=3.0,n=30,start_thres=1.25",hub,0.25,30,14,40,1730,1,0,39,1730,0.025,0.0,1.0,0.0,7.680267148397186
tfnbs,"e=1.3,h=4.0,n=30,start_thres=1.25",hub,0.25,30,14,40,1730,3,0,37,1730,0.075,0.0,1.0,0.0,7.680267148397186
tfnbs,"e=1.3,h=5.0,n=30,start_thres=1.25",hub,0.25,30,14,40,1730,5,0,35,1730,0.125,0.0,1.0,0.0,7.680267148397186
tfnbs,"e=1.3,h=6.0,n=30,start_thres=1.25",hub,0.25,30,14,40,1730,6,0,34,1730,0.15,0.0,1.0,0.0,7.680267148397186
tfnbs,"e=1.3,h=7.0,n=30,start_thres=1.25",hub,0.25,30,14,40,1730,6,0,34,1730,0.15,0.0,1.0,0.0,7.680267148397186
tfnbs,"e=1.3,h=8.0,n=30,start_thres=1.25",hub,0.25,30,14,40,1730,6,0,34,1730,0.15,0.0,1.0,0.0,7.680267148397186
tfnbs,"e=1.3,h=9.0,n=30,start_thres=1.25",hub,0.25,30,14,40,1730,5,0,35,1730,0.125,0.0,1.0,0.0,7.680267148397186
tfnbs,"e=1.3,h=10.0,n=30,start_thres=1.25",hub,0.25,30,14,40,1730,5,0,35,1730,0.125,0.0,1.0,0.0,7.680267148397186
tfnbs,"e=1.4,h=0.5,n=30,start_thres=1.25",hub,0.25,30,14,40,1730,0,0,40,1730,0.0,0.0,0.0,0.0,7.680267148397186
tfnbs,"e=1.4,h=1.0,n=30,start_thres=1.25",hub,0.25,30,14,40,1730,0,0,40,1730,0.0,0.0,0.0,0.0,7.680267148397186
tfnbs,"e=1.4,h=2.0,n=30,start_thres=1.25",hub,0.25,30,14,40,1730,0,0,40,1730,0.0,0.0,0.0,0.0,7.680267148397186
tfnbs,"e=1.4,h=3.0,n=30,start_thres=1.25",hub,0.25,30,14,40,1730,0,0,40,1730,0.0,0.0,0.0,0.0,7.680267148397186
tfnbs,"e=1.4,h=4.0,n=30,start_thres=1.25",hub,0.25,30,14,40,1730,3,0,37,1730,0.075,0.0,1.0,0.0,7.680267148397186
tfnbs,"e=1.4,h=5.0,n=30,start_thres=1.25",hub,0.25,30,14,40,1730,5,0,35,1730,0.125,0.0,1.0,0.0,7.680267148397186
tfnbs,"e=1.4,h=6.0,n=30,start_thres=1.25",hub,0.25,30,14,40,1730,6,0,34,1730,0.15,0.0,1.0,0.0,7.680267148397186
tfnbs,"e=1.4,h=7.0,n=30,start_thres=1.25",hub,0.25,30,14,40,1730,6,0,34,1730,0.15,0.0,1.0,0.0,7.680267148397186
tfnbs,"e=1.4,h=8.0,n=30,start_thres=1.25",hub,0.25,30,14,40,1730,6,0,34,1730,0.15,0.0,1.0,0.0,7.680267148397186
tfnbs,"e=1.4,h=9.0,n=30,start_thres=1.25",hub,0.25,30,14,40,1730,6,0,34,1730,0.15,0.0,1.0,0.0,7.680267148397186
tfnbs,"e=1.4,h=10.0,n=30,start_thres=1.25",hub,0.25,30,14,40,1730,5,0,35,1730,0.125,0.0,1.0,0.0,7.680267148397186
tfnbs,"e=1.5,h=0.5,n=30,start_thres=1.25",hub,0.25,30,14,40,1730,0,0,40,1730,0.0,0.0,0.0,0.0,7.680267148397186
tfnbs,"e=1.5,h=1.0,n=30,start_thres=1.25",hub,0.25,30,14,40,1730,0,0,40,1730,0.0,0.0,0.0,0.0,7.680267148397186
tfnbs,"e=1.5,h=2.0,n=30,start_thres=1.25",hub,0.25,30,14,40,1730,0,0,40,1730,0.0,0.0,0.0,0.0,7.680267148397186
tfnbs,"e=1.5,h=3.0,n=30,start_thres=1.25",hub,0.25,30,14,40,1730,0,0,40,1730,0.0,0.0,0.0,0.0,7.680267148397186
tfnbs,"e=1.5,h=4.0,n=30,start_thres=1.25",hub,0.25,30,14,40,1730,1,0,39,1730,0.025,0.0,1.0,0.0,7.680267148397186
tfnbs,"e=1.5,h=5.0,n=30,start_thres=1.25",hub,0.25,30,14,40,1730,3,0,37,1730,0.075,0.0,1.0,0.0,7.680267148397186
tfnbs,"e=1.5,h=6.0,n=30,start_thres=1.25",hub,0.25,30,14,40,1730,5,0,35,1730,0.125,0.0,1.0,0.0,7.680267148397186
tfnbs,"e=1.5,h=7.0,n=30,start_thres=1.25",hub,0.25,30,14,40,1730,6,0,34,1730,0.15,0.0,1.0,0.0,7.680267148397186
tfnbs,"e=1.5,h=8.0,n=30,start_thres=1.25",hub,0.25,30,14,40,1730,6,0,34,1730,0.15,0.0,1.0,0.0,7.680267148397186
tfnbs,"e=1.5,h=9.0,n=30,start_thres=1.25",hub,0.25,30,14,40,1730,6,0,34,1730,0.15,0.0,1.0,0.0,7.680267148397186
tfnbs,"e=1.5,h=10.0,n=30,start_thres=1.25",hub,0.25,30,14,40,1730,6,0,34,1730,0.15,0.0,1.0,0.0,7.680267148397186
tfnbs,"e=0.05,h=0.5,n=30,start_thres=1.25",hub,0.25,30,20,40,1730,1,0,39,1730,0.025,0.0,1.0,0.0,7.645918377421119
tfnbs,"e=0.05,h=1.0,n=30,start_thres=1.25",hub,0.25,30,20,40,1730,1,0,39,1730,0.025,0.0,1.0,0.0,7.645918377421119
tfnbs,"e=0.05,h=2.0,n=30,start_thres=1.25",hub,0.25,30,20,40,1730,1,0,39,1730,0.025,0.0,1.0,0.0,7.645918377421119
tfnbs,"e=0.05,h=3.0,n=30,start_thres=1.25",hub,0.25,30,20,40,1730,1,0,39,1730,0.025,0.0,1.0,0.0,7.645918377421119
tfnbs,"e=0.05,h=4.0,n=30,start_thres=1.25",hub,0.25,30,20,40,1730,1,0,39,1730,0.025,0.0,1.0,0.0,7.645918377421119
tfnbs,"e=0.05,h=5.0,n=30,start_thres=1.25",hub,0.25,30,20,40,1730,1,0,39,1730,0.025,0.0,1.0,0.0,7.645918377421119
tfnbs,"e=0.05,h=6.0,n=30,start_thres=1.25",hub,0.25,30,20,40,1730,1,0,39,1730,0.025,0.0,1.0,0.0,7.645918377421119
tfnbs,"e=0.05,h=7.0,n=30,start_thres=1.25",hub,0.25,30,20,40,1730,1,0,39,1730,0.025,0.0,1.0,0.0,7.645918377421119
tfnbs,"e=0.05,h=8.0,n=30,start_thres=1.25",hub,0.25,30,20,40,1730,1,0,39,1730,0.025,0.0,1.0,0.0,7.645918377421119
tfnbs,"e=0.05,h=9.0,n=30,start_thres=1.25",hub,0.25,30,20,40,1730,1,0,39,1730,0.025,0.0,1.0,0.0,7.645918377421119
tfnbs,"e=0.05,h=10.0,n=30,start_thres=1.25",hub,0.25,30,20,40,1730,1,0,39,1730,0.025,0.0,1.0,0.0,7.645918377421119
tfnbs,"e=0.1,h=0.5,n=30,start_thres=1.25",hub,0.25,30,20,40,1730,1,0,39,1730,0.025,0.0,1.0,0.0,7.645918377421119
tfnbs,"e=0.1,h=1.0,n=30,start_thres=1.25",hub,0.25,30,20,40,1730,1,0,39,1730,0.025,0.0,1.0,0.0,7.645918377421119
tfnbs,"e=0.1,h=2.0,n=30,start_thres=1.25",hub,0.25,30,20,40,1730,1,0,39,1730,0.025,0.0,1.0,0.0,7.645918377421119
tfnbs,"e=0.1,h=3.0,n=30,start_thres=1.25",hub,0.25,30,20,40,1730,1,0,39,1730,0.025,0.0,1.0,0.0,7.645918377421119
tfnbs,"e=0.1,h=4.0,n=30,start_thres=1.25",hub,0.25,30,20,40,1730,1,0,39,1730,0.025,0.0,1.0,0.0,7.645918377421119
tfnbs,"e=0.1,h=5.0,n=30,start_thres=1.25",hub,0.25,30,20,40,1730,1,0,39,1730,0.025,0.0,1.0,0.0,7.645918377421119
tfnbs,"e=0.1,h=6.0,n=30,start_thres=1.25",hub,0.25,30,20,40,1730,1,0,39,1730,0.025,0.0,1.0,0.0,7.645918377421119
tfnbs,"e=0.1,h=7.0,n=30,start_thres=1.25",hub,0.25,30,20,40,1730,1,0,39,1730,0.025,0.0,1.0,0.0,7.645918377421119
tfnbs,"e=0.1,h=8.0,n=30,start_thres=1.25",hub,0.25,30,20,40,1730,1,0,39,1730,0.025,0.0,1.0,0.0,7.645918377421119
tfnbs,"e=0.1,h=9.0,n=30,start_thres=1.25",hub,0.25,30,20,40,1730,1,0,39,1730,0.025,0.0,1.0,0.0,7.645918377421119
tfnbs,"e=0.1,h=10.0,n=30,start_thres=1.25",hub,0.25,30,20,40,1730,1,0,39,1730,0.025,0.0,1.0,0.0,7.645918377421119
tfnbs,"e=0.2,h=0.5,n=30,start_thres=1.25",hub,0.25,30,20,40,1730,1,0,39,1730,0.025,0.0,1.0,0.0,7.645918377421119
tfnbs,"e=0.2,h=1.0,n=30,start_thres=1.25",hub,0.25,30,20,40,1730,1,0,39,1730,0.025,0.0,1.0,0.0,7.645918377421119
tfnbs,"e=0.2,h=2.0,n=30,start_thres=1.25",hub,0.25,30,20,40,1730,1,0,39,1730,0.025,0.0,1.0,0.0,7.645918377421119
tfnbs,"e=0.2,h=3.0,n=30,start_thres=1.25",hub,0.25,30,20,40,1730,1,0,39,1730,0.025,0.0,1.0,0.0,7.645918377421119
tfnbs,"e=0.2,h=4.0,n=30,start_thres=1.25",hub,0.25,30,20,40,1730,1,0,39,1730,0.025,0.0,1.0,0.0,7.645918377421119
tfnbs,"e=0.2,h=5.0,n=30,start_thres=1.25",hub,0.25,30,20,40,1730,1,0,39,1730,0.025,0.0,1.0,0.0,7.645918377421119
tfnbs,"e=0.2,h=6.0,n=30,start_thres=1.25",hub,0.25,30,20,40,1730,1,0,39,1730,0.025,0.0,1.0,0.0,7.645918377421119
tfnbs,"e=0.2,h=7.0,n=30,start_thres=1.25",hub,0.25,30,20,40,1730,1,0,39,1730,0.025,0.0,1.0,0.0,7.645918377421119
tfnbs,"e=0.2,h=8.0,n=30,start_thres=1.25",hub,0.25,30,20,40,1730,1,0,39,1730,0.025,0.0,1.0,0.0,7.645918377421119
tfnbs,"e=0.2,h=9.0,n=30,start_thres=1.25",hub,0.25,30,20,40,1730,1,0,39,1730,0.025,0.0,1.0,0.0,7.645918377421119
tfnbs,"e=0.2,h=10.0,n=30,start_thres=1.25",hub,0.25,30,20,40,1730,1,0,39,1730,0.025,0.0,1.0,0.0,7.645918377421119
tfnbs,"e=0.3,h=0.5,n=30,start_thres=1.25",hub,0.25,30,20,40,1730,1,0,39,1730,0.025,0.0,1.0,0.0,7.645918377421119
tfnbs,"e=0.3,h=1.0,n=30,start_thres=1.25",hub,0.25,30,20,40,1730,1,0,39,1730,0.025,0.0,1.0,0.0,7.645918377421119
tfnbs,"e=0.3,h=2.0,n=30,start_thres=1.25",hub,0.25,30,20,40,1730,1,0,39,1730,0.025,0.0,1.0,0.0,7.645918377421119
tfnbs,"e=0.3,h=3.0,n=30,start_thres=1.25",hub,0.25,30,20,40,1730,1,0,39,1730,0.025,0.0,1.0,0.0,7.645918377421119
tfnbs,"e=0.3,h=4.0,n=30,start_thres=1.25",hub,0.25,30,20,40,1730,1,0,39,1730,0.025,0.0,1.0,0.0,7.645918377421119
tfnbs,"e=0.3,h=5.0,n=30,start_thres=1.25",hub,0.25,30,20,40,1730,1,0,39,1730,0.025,0.0,1.0,0.0,7.645918377421119
tfnbs,"e=0.3,h=6.0,n=30,start_thres=1.25",hub,0.25,30,20,40,1730,1,0,39,1730,0.025,0.0,1.0,0.0,7.645918377421119
tfnbs,"e=0.3,h=7.0,n=30,start_thres=1.25",hub,0.25,30,20,40,1730,1,0,39,1730,0.025,0.0,1.0,0.0,7.645918377421119
tfnbs,"e=0.3,h=8.0,n=30,start_thres=1.25",hub,0.25,30,20,40,1730,1,0,39,1730,0.025,0.0,1.0,0.0,7.645918377421119
tfnbs,"e=0.3,h=9.0,n=30,start_thres=1.25",hub,0.25,30,20,40,1730,1,0,39,1730,0.025,0.0,1.0,0.0,7.645918377421119
tfnbs,"e=0.3,h=10.0,n=30,start_thres=1.25",hub,0.25,30,20,40,1730,1,0,39,1730,0.025,0.0,1.0,0.0,7.645918377421119
tfnbs,"e=0.4,h=0.5,n=30,start_thres=1.25",hub,0.25,30,20,40,1730,1,0,39,1730,0.025,0.0,1.0,0.0,7.645918377421119
tfnbs,"e=0.4,h=1.0,n=30,start_thres=1.25",hub,0.25,30,20,40,1730,1,0,39,1730,0.025,0.0,1.0,0.0,7.645918377421119
tfnbs,"e=0.4,h=2.0,n=30,start_thres=1.25",hub,0.25,30,20,40,1730,1,0,39,1730,0.025,0.0,1.0,0.0,7.645918377421119
tfnbs,"e=0.4,h=3.0,n=30,start_thres=1.25",hub,0.25,30,20,40,1730,1,0,39,1730,0.025,0.0,1.0,0.0,7.645918377421119
tfnbs,"e=0.4,h=4.0,n=30,start_thres=1.25",hub,0.25,30,20,40,1730,1,0,39,1730,0.025,0.0,1.0,0.0,7.645918377421119
tfnbs,"e=0.4,h=5.0,n=30,start_thres=1.25",hub,0.25,30,20,40,1730,1,0,39,1730,0.025,0.0,1.0,0.0,7.645918377421119
tfnbs,"e=0.4,h=6.0,n=30,start_thres=1.25",hub,0.25,30,20,40,1730,1,0,39,1730,0.025,0.0,1.0,0.0,7.645918377421119
tfnbs,"e=0.4,h=7.0,n=30,start_thres=1.25",hub,0.25,30,20,40,1730,1,0,39,1730,0.025,0.0,1.0,0.0,7.645918377421119
tfnbs,"e=0.4,h=8.0,n=30,start_thres=1.25",hub,0.25,30,20,40,1730,1,0,39,1730,0.025,0.0,1.0,0.0,7.645918377421119
tfnbs,"e=0.4,h=9.0,n=30,start_thres=1.25",hub,0.25,30,20,40,1730,1,0,39,1730,0.025,0.0,1.0,0.0,7.645918377421119
tfnbs,"e=0.4,h=10.0,n=30,start_thres=1.25",hub,0.25,30,20,40,1730,1,0,39,1730,0.025,0.0,1.0,0.0,7.645918377421119
tfnbs,"e=0.5,h=0.5,n=30,start_thres=1.25",hub,0.25,30,20,40,1730,1,0,39,1730,0.025,0.0,1.0,0.0,7.645918377421119
tfnbs,"e=0.5,h=1.0,n=30,start_thres=1.25",hub,0.25,30,20,40,1730,1,0,39,1730,0.025,0.0,1.0,0.0,7.645918377421119
tfnbs,"e=0.5,h=2.0,n=30,start_thres=1.25",hub,0.25,30,20,40,1730,1,0,39,1730,0.025,0.0,1.0,0.0,7.645918377421119
tfnbs,"e=0.5,h=3.0,n=30,start_thres=1.25",hub,0.25,30,20,40,1730,1,0,39,1730,0.025,0.0,1.0,0.0,7.645918377421119
tfnbs,"e=0.5,h=4.0,n=30,start_thres=1.25",hub,0.25,30,20,40,1730,1,0,39,1730,0.025,0.0,1.0,0.0,7.645918377421119
tfnbs,"e=0.5,h=5.0,n=30,start_thres=1.25",hub,0.25,30,20,40,1730,1,0,39,1730,0.025,0.0,1.0,0.0,7.645918377421119
tfnbs,"e=0.5,h=6.0,n=30,start_thres=1.25",hub,0.25,30,20,40,1730,1,0,39,1730,0.025,0.0,1.0,0.0,7.645918377421119
tfnbs,"e=0.5,h=7.0,n=30,start_thres=1.25",hub,0.25,30,20,40,1730,1,0,39,1730,0.025,0.0,1.0,0.0,7.645918377421119
tfnbs,"e=0.5,h=8.0,n=30,start_thres=1.25",hub,0.25,30,20,40,1730,1,0,39,1730,0.025,0.0,1.0,0.0,7.645918377421119
tfnbs,"e=0.5,h=9.0,n=30,start_thres=1.25",hub,0.25,30,20,40,1730,1,0,39,1730,0.025,0.0,1.0,0.0,7.645918377421119
tfnbs,"e=0.5,h=10.0,n=30,start_thres=1.25",hub,0.25,30,20,40,1730,1,0,39,1730,0.025,0.0,1.0,0.0,7.645918377421119
tfnbs,"e=0.6,h=0.5,n=30,start_thres=1.25",hub,0.25,30,20,40,1730,1,0,39,1730,0.025,0.0,1.0,0.0,7.645918377421119
tfnbs,"e=0.6,h=1.0,n=30,start_thres=1.25",hub,0.25,30,20,40,1730,1,0,39,1730,0.025,0.0,1.0,0.0,7.645918377421119
tfnbs,"e=0.6,h=2.0,n=30,start_thres=1.25",hub,0.25,30,20,40,1730,1,0,39,1730,0.025,0.0,1.0,0.0,7.645918377421119
tfnbs,"e=0.6,h=3.0,n=30,start_thres=1.25",hub,0.25,30,20,40,1730,1,0,39,1730,0.025,0.0,1.0,0.0,7.645918377421119
tfnbs,"e=0.6,h=4.0,n=30,start_thres=1.25",hub,0.25,30,20,40,1730,1,0,39,1730,0.025,0.0,1.0,0.0,7.645918377421119
tfnbs,"e=0.6,h=5.0,n=30,start_thres=1.25",hub,0.25,30,20,40,1730,1,0,39,1730,0.025,0.0,1.0,0.0,7.645918377421119
tfnbs,"e=0.6,h=6.0,n=30,start_thres=1.25",hub,0.25,30,20,40,1730,1,0,39,1730,0.025,0.0,1.0,0.0,7.645918377421119
tfnbs,"e=0.6,h=7.0,n=30,start_thres=1.25",hub,0.25,30,20,40,1730,1,0,39,1730,0.025,0.0,1.0,0.0,7.645918377421119
tfnbs,"e=0.6,h=8.0,n=30,start_thres=1.25",hub,0.25,30,20,40,1730,1,0,39,1730,0.025,0.0,1.0,0.0,7.645918377421119
tfnbs,"e=0.6,h=9.0,n=30,start_thres=1.25",hub,0.25,30,20,40,1730,1,0,39,1730,0.025,0.0,1.0,0.0,7.645918377421119
tfnbs,"e=0.6,h=10.0,n=30,start_thres=1.25",hub,0.25,30,20,40,1730,1,0,39,1730,0.025,0.0,1.0,0.0,7.645918377421119
tfnbs,"e=0.7,h=0.5,n=30,start_thres=1.25",hub,0.25,30,20,40,1730,1,0,39,1730,0.025,0.0,1.0,0.0,7.645918377421119
tfnbs,"e=0.7,h=1.0,n=30,start_thres=1.25",hub,0.25,30,20,40,1730,1,0,39,1730,0.025,0.0,1.0,0.0,7.645918377421119
tfnbs,"e=0.7,h=2.0,n=30,start_thres=1.25",hub,0.25,30,20,40,1730,1,0,39,1730,0.025,0.0,1.0,0.0,7.645918377421119
tfnbs,"e=0.7,h=3.0,n=30,start_thres=1.25",hub,0.25,30,20,40,1730,1,0,39,1730,0.025,0.0,1.0,0.0,7.645918377421119
tfnbs,"e=0.7,h=4.0,n=30,start_thres=1.25",hub,0.25,30,20,40,1730,1,0,39,1730,0.025,0.0,1.0,0.0,7.645918377421119
tfnbs,"e=0.7,h=5.0,n=30,start_thres=1.25",hub,0.25,30,20,40,1730,1,0,39,1730,0.025,0.0,1.0,0.0,7.645918377421119
tfnbs,"e=0.7,h=6.0,n=30,start_thres=1.25",hub,0.25,30,20,40,1730,1,0,39,1730,0.025,0.0,1.0,0.0,7.645918377421119
tfnbs,"e=0.7,h=7.0,n=30,start_thres=1.25",hub,0.25,30,20,40,1730,1,0,39,1730,0.025,0.0,1.0,0.0,7.645918377421119
tfnbs,"e=0.7,h=8.0,n=30,start_thres=1.25",hub,0.25,30,20,40,1730,1,0,39,1730,0.025,0.0,1.0,0.0,7.645918377421119
tfnbs,"e=0.7,h=9.0,n=30,start_thres=1.25",hub,0.25,30,20,40,1730,1,0,39,1730,0.025,0.0,1.0,0.0,7.645918377421119
tfnbs,"e=0.7,h=10.0,n=30,start_thres=1.25",hub,0.25,30,20,40,1730,1,0,39,1730,0.025,0.0,1.0,0.0,7.645918377421119
tfnbs,"e=0.8,h=0.5,n=30,start_thres=1.25",hub,0.25,30,20,40,1730,0,0,40,1730,0.0,0.0,0.0,0.0,7.645918377421119
tfnbs,"e=0.8,h=1.0,n=30,start_thres=1.25",hub,0.25,30,20,40,1730,1,0,39,1730,0.025,0.0,1.0,0.0,7.645918377421119
tfnbs,"e=0.8,h=2.0,n=30,start_thres=1.25",hub,0.25,30,20,40,1730,1,0,39,1730,0.025,0.0,1.0,0.0,7.645918377421119
tfnbs,"e=0.8,h=3.0,n=30,start_thres=1.25",hub,0.25,30,20,40,1730,1,0,39,1730,0.025,0.0,1.0,0.0,7.645918377421119
tfnbs,"e=0.8,h=4.0,n=30,start_thres=1.25",hub,0.25,30,20,40,1730,1,0,39,1730,0.025,0.0,1.0,0.0,7.645918377421119
tfnbs,"e=0.8,h=5.0,n=30,start_thres=1.25",hub,0.25,30,20,40,1730,1,0,39,1730,0.025,0.0,1.0,0.0,7.645918377421119
tfnbs,"e=0.8,h=6.0,n=30,start_thres=1.25",hub,0.25,30,20,40,1730,1,0,39,1730,0.025,0.0,1.0,0.0,7.645918377421119
tfnbs,"e=0.8,h=7.0,n=30,start_thres=1.25",hub,0.25,30,20,40,1730,1,0,39,1730,0.025,0.0,1.0,0.0,7.645918377421119
tfnbs,"e=0.8,h=8.0,n=30,start_thres=1.25",hub,0.25,30,20,40,1730,1,0,39,1730,0.025,0.0,1.0,0.0,7.645918377421119
tfnbs,"e=0.8,h=9.0,n=30,start_thres=1.25",hub,0.25,30,20,40,1730,1,0,39,1730,0.025,0.0,1.0,0.0,7.645918377421119
tfnbs,"e=0.8,h=10.0,n=30,start_thres=1.25",hub,0.25,30,20,40,1730,1,0,39,1730,0.025,0.0,1.0,0.0,7.645918377421119
tfnbs,"e=0.9,h=0.5,n=30,start_thres=1.25",hub,0.25,30,20,40,1730,0,0,40,1730,0.0,0.0,0.0,0.0,7.645918377421119
tfnbs,"e=0.9,h=1.0,n=30,start_thres=1.25",hub,0.25,30,20,40,1730,0,0,40,1730,0.0,0.0,0.0,0.0,7.645918377421119
tfnbs,"e=0.9,h=2.0,n=30,start_thres=1.25",hub,0.25,30,20,40,1730,1,0,39,1730,0.025,0.0,1.0,0.0,7.645918377421119
tfnbs,"e=0.9,h=3.0,n=30,start_thres=1.25",hub,0.25,30,20,40,1730,1,0,39,1730,0.025,0.0,1.0,0.0,7.645918377421119
tfnbs,"e=0.9,h=4.0,n=30,start_thres=1.25",hub,0.25,30,20,40,1730,2,0,38,1730,0.05,0.0,1.0,0.0,7.645918377421119
tfnbs,"e=0.9,h=5.0,n=30,start_thres=1.25",hub,0.25,30,20,40,1730,1,0,39,1730,0.025,0.0,1.0,0.0,7.645918377421119
tfnbs,"e=0.9,h=6.0,n=30,start_thres=1.25",hub,0.25,30,20,40,1730,1,0,39,1730,0.025,0.0,1.0,0.0,7.645918377421119
tfnbs,"e=0.9,h=7.0,n=30,start_thres=1.25",hub,0.25,30,20,40,1730,1,0,39,1730,0.025,0.0,1.0,0.0,7.645918377421119
tfnbs,"e=0.9,h=8.0,n=30,start_thres=1.25",hub,0.25,30,20,40,1730,1,0,39,1730,0.025,0.0,1.0,0.0,7.645918377421119
tfnbs,"e=0.9,h=9.0,n=30,start_thres=1.25",hub,0.25,30,20,40,1730,1,0,39,1730,0.025,0.0,1.0,0.0,7.645918377421119
tfnbs,"e=0.9,h=10.0,n=30,start_thres=1.25",hub,0.25,30,20,40,1730,1,0,39,1730,0.025,0.0,1.0,0.0,7.645918377421119
tfnbs,"e=1.0,h=0.5,n=30,start_thres=1.25",hub,0.25,30,20,40,1730,0,0,40,1730,0.0,0.0,0.0,0.0,7.645918377421119
tfnbs,"e=1.0,h=1.0,n=30,start_thres=1.25",hub,0.25,30,20,40,1730,0,0,40,1730,0.0,0.0,0.0,0.0,7.645918377421119
tfnbs,"e=1.0,h=2.0,n=30,start_thres=1.25",hub,0.25,30,20,40,1730,1,0,39,1730,0.025,0.0,1.0,0.0,7.645918377421119
tfnbs,"e=1.0,h=3.0,n=30,start_thres=1.25",hub,0.25,30,20,40,1730,1,0,39,1730,0.025,0.0,1.0,0.0,7.645918377421119
tfnbs,"e=1.0,h=4.0,n=30,start_thres=1.25",hub,0.25,30,20,40,1730,1,0,39,1730,0.025,0.0,1.0,0.0,7.645918377421119
tfnbs,"e=1.0,h=5.0,n=30,start_thres=1.25",hub,0.25,30,20,40,1730,1,0,39,1730,0.025,0.0,1.0,0.0,7.645918377421119
tfnbs,"e=1.0,h=6.0,n=30,start_thres=1.25",hub,0.25,30,20,40,1730,1,0,39,1730,0.025,0.0,1.0,0.0,7.645918377421119
tfnbs,"e=1.0,h=7.0,n=30,start_thres=1.25",hub,0.25,30,20,40,1730,1,0,39,1730,0.025,0.0,1.0,0.0,7.645918377421119
tfnbs,"e=1.0,h=8.0,n=30,start_thres=1.25",hub,0.25,30,20,40,1730,1,0,39,1730,0.025,0.0,1.0,0.0,7.645918377421119
tfnbs,"e=1.0,h=9.0,n=30,start_thres=1.25",hub,0.25,30,20,40,1730,1,0,39,1730,0.025,0.0,1.0,0.0,7.645918377421119
tfnbs,"e=1.0,h=10.0,n=30,start_thres=1.25",hub,0.25,30,20,40,1730,1,0,39,1730,0.025,0.0,1.0,0.0,7.645918377421119
tfnbs,"e=1.1,h=0.5,n=30,start_thres=1.25",hub,0.25,30,20,40,1730,0,0,40,1730,0.0,0.0,0.0,0.0,7.645918377421119
tfnbs,"e=1.1,h=1.0,n=30,start_thres=1.25",hub,0.25,30,20,40,1730,0,0,40,1730,0.0,0.0,0.0,0.0,7.645918377421119
tfnbs,"e=1.1,h=2.0,n=30,start_thres=1.25",hub,0.25,30,20,40,1730,0,0,40,1730,0.0,0.0,0.0,0.0,7.645918377421119
tfnbs,"e=1.1,h=3.0,n=30,start_thres=1.25",hub,0.25,30,20,40,1730,1,0,39,1730,0.025,0.0,1.0,0.0,7.645918377421119
tfnbs,"e=1.1,h=4.0,n=30,start_thres=1.25",hub,0.25,30,20,40,1730,1,0,39,1730,0.025,0.0,1.0,0.0,7.645918377421119
tfnbs,"e=1.1,h=5.0,n=30,start_thres=1.25",hub,0.25,30,20,40,1730,1,0,39,1730,0.025,0.0,1.0,0.0,7.645918377421119
tfnbs,"e=1.1,h=6.0,n=30,start_thres=1.25",hub,0.25,30,20,40,1730,2,0,38,1730,0.05,0.0,1.0,0.0,7.645918377421119
tfnbs,"e=1.1,h=7.0,n=30,start_thres=1.25",hub,0.25,30,20,40,1730,1,0,39,1730,0.025,0.0,1.0,0.0,7.645918377421119
tfnbs,"e=1.1,h=8.0,n=30,start_thres=1.25",hub,0.25,30,20,40,1730,1,0,39,1730,0.025,0.0,1.0,0.0,7.645918377421119
tfnbs,"e=1.1,h=9.0,n=30,start_thres=1.25",hub,0.25,30,20,40,1730,1,0,39,1730,0.025,0.0,1.0,0.0,7.645918377421119
tfnbs,"e=1.1,h=10.0,n=30,start_thres=1.25",hub,0.25,30,20,40,1730,1,0,39,1730,0.025,0.0,1.0,0.0,7.645918377421119
tfnbs,"e=1.2,h=0.5,n=30,start_thres=1.25",hub,0.25,30,20,40,1730,0,0,40,1730,0.0,0.0,0.0,0.0,7.645918377421119
tfnbs,"e=1.2,h=1.0,n=30,start_thres=1.25",hub,0.25,30,20,40,1730,0,0,40,1730,0.0,0.0,0.0,0.0,7.645918377421119
tfnbs,"e=1.2,h=2.0,n=30,start_thres=1.25",hub,0.25,30,20,40,1730,0,0,40,1730,0.0,0.0,0.0,0.0,7.645918377421119
tfnbs,"e=1.2,h=3.0,n=30,start_thres=1.25",hub,0.25,30,20,40,1730,0,0,40,1730,0.0,0.0,0.0,0.0,7.645918377421119
tfnbs,"e=1.2,h=4.0,n=30,start_thres=1.25",hub,0.25,30,20,40,1730,1,0,39,1730,0.025,0.0,1.0,0.0,7.645918377421119
tfnbs,"e=1.2,h=5.0,n=30,start_thres=1.25",hub,0.25,30,20,40,1730,1,0,39,1730,0.025,0.0,1.0,0.0,7.645918377421119
tfnbs,"e=1.2,h=6.0,n=30,start_thres=1.25",hub,0.25,30,20,40,1730,1,0,39,1730,0.025,0.0,1.0,0.0,7.645918377421119
tfnbs,"e=1.2,h=7.0,n=30,start_thres=1.25",hub,0.25,30,20,40,1730,2,0,38,1730,0.05,0.0,1.0,0.0,7.645918377421119
tfnbs,"e=1.2,h=8.0,n=30,start_thres=1.25",hub,0.25,30,20,40,1730,1,0,39,1730,0.025,0.0,1.0,0.0,7.645918377421119
tfnbs,"e=1.2,h=9.0,n=30,start_thres=1.25",hub,0.25,30,20,40,1730,1,0,39,1730,0.025,0.0,1.0,0.0,7.645918377421119
tfnbs,"e=1.2,h=10.0,n=30,start_thres=1.25",hub,0.25,30,20,40,1730,1,0,39,1730,0.025,0.0,1.0,0.0,7.645918377421119
tfnbs,"e=1.3,h=0.5,n=30,start_thres=1.25",hub,0.25,30,20,40,1730,0,0,40,1730,0.0,0.0,0.0,0.0,7.645918377421119
tfnbs,"e=1.3,h=1.0,n=30,start_thres=1.25",hub,0.25,30,20,40,1730,0,0,40,1730,0.0,0.0,0.0,0.0,7.645918377421119
tfnbs,"e=1.3,h=2.0,n=30,start_thres=1.25",hub,0.25,30,20,40,1730,0,0,40,1730,0.0,0.0,0.0,0.0,7.645918377421119
tfnbs,"e=1.3,h=3.0,n=30,start_thres=1.25",hub,0.25,30,20,40,1730,0,0,40,1730,0.0,0.0,0.0,0.0,7.645918377421119
tfnbs,"e=1.3,h=4.0,n=30,start_thres=1.25",hub,0.25,30,20,40,1730,1,0,39,1730,0.025,0.0,1.0,0.0,7.645918377421119
tfnbs,"e=1.3,h=5.0,n=30,start_thres=1.25",hub,0.25,30,20,40,1730,1,0,39,1730,0.025,0.0,1.0,0.0,7.645918377421119
tfnbs,"e=1.3,h=6.0,n=30,start_thres=1.25",hub,0.25,30,20,40,1730,1,0,39,1730,0.025,0.0,1.0,0.0,7.645918377421119
tfnbs,"e=1.3,h=7.0,n=30,start_thres=1.25",hub,0.25,30,20,40,1730,2,0,38,1730,0.05,0.0,1.0,0.0,7.645918377421119
tfnbs,"e=1.3,h=8.0,n=30,start_thres=1.25",hub,0.25,30,20,40,1730,2,0,38,1730,0.05,0.0,1.0,0.0,7.645918377421119
tfnbs,"e=1.3,h=9.0,n=30,start_thres=1.25",hub,0.25,30,20,40,1730,1,0,39,1730,0.025,0.0,1.0,0.0,7.645918377421119
tfnbs,"e=1.3,h=10.0,n=30,start_thres=1.25",hub,0.25,30,20,40,1730,1,0,39,1730,0.025,0.0,1.0,0.0,7.645918377421119
tfnbs,"e=1.4,h=0.5,n=30,start_thres=1.25",hub,0.25,30,20,40,1730,0,0,40,1730,0.0,0.0,0.0,0.0,7.645918377421119
tfnbs,"e=1.4,h=1.0,n=30,start_thres=1.25",hub,0.25,30,20,40,1730,0,0,40,1730,0.0,0.0,0.0,0.0,7.645918377421119
tfnbs,"e=1.4,h=2.0,n=30,start_thres=1.25",hub,0.25,30,20,40,1730,0,0,40,1730,0.0,0.0,0.0,0.0,7.645918377421119
tfnbs,"e=1.4,h=3.0,n=30,start_thres=1.25",hub,0.25,30,20,40,1730,0,0,40,1730,0.0,0.0,0.0,0.0,7.645918377421119
tfnbs,"e=1.4,h=4.0,n=30,start_thres=1.25",hub,0.25,30,20,40,1730,0,0,40,1730,0.0,0.0,0.0,0.0,7.645918377421119
tfnbs,"e=1.4,h=5.0,n=30,start_thres=1.25",hub,0.25,30,20,40,1730,1,0,39,1730,0.025,0.0,1.0,0.0,7.645918377421119
tfnbs,"e=1.4,h=6.0,n=30,start_thres=1.25",hub,0.25,30,20,40,1730,1,0,39,1730,0.025,0.0,1.0,0.0,7.645918377421119
tfnbs,"e=1.4,h=7.0,n=30,start_thres=1.25",hub,0.25,30,20,40,1730,1,0,39,1730,0.025,0.0,1.0,0.0,7.645918377421119
tfnbs,"e=1.4,h=8.0,n=30,start_thres=1.25",hub,0.25,30,20,40,1730,2,0,38,1730,0.05,0.0,1.0,0.0,7.645918377421119
tfnbs,"e=1.4,h=9.0,n=30,start_thres=1.25",hub,0.25,30,20,40,1730,1,0,39,1730,0.025,0.0,1.0,0.0,7.645918377421119
tfnbs,"e=1.4,h=10.0,n=30,start_thres=1.25",hub,0.25,30,20,40,1730,1,0,39,1730,0.025,0.0,1.0,0.0,7.645918377421119
tfnbs,"e=1.5,h=0.5,n=30,start_thres=1.25",hub,0.25,30,20,40,1730,0,0,40,1730,0.0,0.0,0.0,0.0,7.645918377421119
tfnbs,"e=1.5,h=1.0,n=30,start_thres=1.25",hub,0.25,30,20,40,1730,0,0,40,1730,0.0,0.0,0.0,0.0,7.645918377421119
tfnbs,"e=1.5,h=2.0,n=30,start_thres=1.25",hub,0.25,30,20,40,1730,0,0,40,1730,0.0,0.0,0.0,0.0,7.645918377421119
tfnbs,"e=1.5,h=3.0,n=30,start_thres=1.25",hub,0.25,30,20,40,1730,0,0,40,1730,0.0,0.0,0.0,0.0,7.645918377421119
tfnbs,"e=1.5,h=4.0,n=30,start_thres=1.25",hub,0.25,30,20,40,1730,0,0,40,1730,0.0,0.0,0.0,0.0,7.645918377421119
tfnbs,"e=1.5,h=5.0,n=30,start_thres=1.25",hub,0.25,30,20,40,1730,1,0,39,1730,0.025,0.0,1.0,0.0,7.645918377421119
tfnbs,"e=1.5,h=6.0,n=30,start_thres=1.25",hub,0.25,30,20,40,1730,1,0,39,1730,0.025,0.0,1.0,0.0,7.645918377421119
tfnbs,"e=1.5,h=7.0,n=30,start_thres=1.25",hub,0.25,30,20,40,1730,1,0,39,1730,0.025,0.0,1.0,0.0,7.645918377421119
tfnbs,"e=1.5,h=8.0,n=30,start_thres=1.25",hub,0.25,30,20,40,1730,2,0,38,1730,0.05,0.0,1.0,0.0,7.645918377421119
tfnbs,"e=1.5,h=9.0,n=30,start_thres=1.25",hub,0.25,30,20,40,1730,2,0,38,1730,0.05,0.0,1.0,0.0,7.645918377421119
tfnbs,"e=1.5,h=10.0,n=30,start_thres=1.25",hub,0.25,30,20,40,1730,1,0,39,1730,0.025,0.0,1.0,0.0,7.645918377421119
tfnbs,"e=0.05,h=0.5,n=30,start_thres=1.25",hub,0.25,30,5,40,1730,2,0,38,1730,0.05,0.0,1.0,0.0,7.769026230682027
tfnbs,"e=0.05,h=1.0,n=30,start_thres=1.25",hub,0.25,30,5,40,1730,2,0,38,1730,0.05,0.0,1.0,0.0,7.769026230682027
tfnbs,"e=0.05,h=2.0,n=30,start_thres=1.25",hub,0.25,30,5,40,1730,2,0,38,1730,0.05,0.0,1.0,0.0,7.769026230682027
tfnbs,"e=0.05,h=3.0,n=30,start_thres=1.25",hub,0.25,30,5,40,1730,1,0,39,1730,0.025,0.0,1.0,0.0,7.769026230682027
tfnbs,"e=0.05,h=4.0,n=30,start_thres=1.25",hub,0.25,30,5,40,1730,1,0,39,1730,0.025,0.0,1.0,0.0,7.769026230682027
tfnbs,"e=0.05,h=5.0,n=30,start_thres=1.25",hub,0.25,30,5,40,1730,1,0,39,1730,0.025,0.0,1.0,0.0,7.769026230682027
tfnbs,"e=0.05,h=6.0,n=30,start_thres=1.25",hub,0.25,30,5,40,1730,1,0,39,1730,0.025,0.0,1.0,0.0,7.769026230682027
tfnbs,"e=0.05,h=7.0,n=30,start_thres=1.25",hub,0.25,30,5,40,1730,1,0,39,1730,0.025,0.0,1.0,0.0,7.769026230682027
tfnbs,"e=0.05,h=8.0,n=30,start_thres=1.25",hub,0.25,30,5,40,1730,1,0,39,1730,0.025,0.0,1.0,0.0,7.769026230682027
tfnbs,"e=0.05,h=9.0,n=30,start_thres=1.25",hub,0.25,30,5,40,1730,1,0,39,1730,0.025,0.0,1.0,0.0,7.769026230682027
tfnbs,"e=0.05,h=10.0,n=30,start_thres=1.25",hub,0.25,30,5,40,1730,1,0,39,1730,0.025,0.0,1.0,0.0,7.769026230682027
tfnbs,"e=0.1,h=0.5,n=30,start_thres=1.25",hub,0.25,30,5,40,1730,2,0,38,1730,0.05,0.0,1.0,0.0,7.769026230682027
tfnbs,"e=0.1,h=1.0,n=30,start_thres=1.25",hub,0.25,30,5,40,1730,2,0,38,1730,0.05,0.0,1.0,0.0,7.769026230682027
tfnbs,"e=0.1,h=2.0,n=30,start_thres=1.25",hub,0.25,30,5,40,1730,2,0,38,1730,0.05,0.0,1.0,0.0,7.769026230682027
tfnbs,"e=0.1,h=3.0,n=30,start_thres=1.25",hub,0.25,30,5,40,1730,2,0,38,1730,0.05,0.0,1.0,0.0,7.769026230682027
tfnbs,"e=0.1,h=4.0,n=30,start_thres=1.25",hub,0.25,30,5,40,1730,2,0,38,1730,0.05,0.0,1.0,0.0,7.769026230682027
tfnbs,"e=0.1,h=5.0,n=30,start_thres=1.25",hub,0.25,30,5,40,1730,2,0,38,1730,0.05,0.0,1.0,0.0,7.769026230682027
tfnbs,"e=0.1,h=6.0,n=30,start_thres=1.25",hub,0.25,30,5,40,1730,2,0,38,1730,0.05,0.0,1.0,0.0,7.769026230682027
tfnbs,"e=0.1,h=7.0,n=30,start_thres=1.25",hub,0.25,30,5,40,1730,1,0,39,1730,0.025,0.0,1.0,0.0,7.769026230682027
tfnbs,"e=0.1,h=8.0,n=30,start_thres=1.25",hub,0.25,30,5,40,1730,1,0,39,1730,0.025,0.0,1.0,0.0,7.769026230682027
tfnbs,"e=0.1,h=9.0,n=30,start_thres=1.25",hub,0.25,30,5,40,1730,1,0,39,1730,0.025,0.0,1.0,0.0,7.769026230682027
tfnbs,"e=0.1,h=10.0,n=30,start_thres=1.25",hub,0.25,30,5,40,1730,1,0,39,1730,0.025,0.0,1.0,0.0,7.769026230682027
tfnbs,"e=0.2,h=0.5,n=30,start_thres=1.25",hub,0.25,30,5,40,1730,6,0,34,1730,0.15,0.0,1.0,0.0,7.769026230682027
tfnbs,"e=0.2,h=1.0,n=30,start_thres=1.25",hub,0.25,30,5,40,1730,5,0,35,1730,0.125,0.0,1.0,0.0,7.769026230682027
tfnbs,"e=0.2,h=2.0,n=30,start_thres=1.25",hub,0.25,30,5,40,1730,5,0,35,1730,0.125,0.0,1.0,0.0,7.769026230682027
tfnbs,"e=0.2,h=3.0,n=30,start_thres=1.25",hub,0.25,30,5,40,1730,2,0,38,1730,0.05,0.0,1.0,0.0,7.769026230682027
tfnbs,"e=0.2,h=4.0,n=30,start_thres=1.25",hub,0.25,30,5,40,1730,2,0,38,1730,0.05,0.0,1.0,0.0,7.769026230682027
tfnbs,"e=0.2,h=5.0,n=30,start_thres=1.25",hub,0.25,30,5,40,1730,2,0,38,1730,0.05,0.0,1.0,0.0,7.769026230682027
tfnbs,"e=0.2,h=6.0,n=30,start_thres=1.25",hub,0.25,30,5,40,1730,2,0,38,1730,0.05,0.0,1.0,0.0,7.769026230682027
tfnbs,"e=0.2,h=7.0,n=30,start_thres=1.25",hub,0.25,30,5,40,1730,2,0,38,1730,0.05,0.0,1.0,0.0,7.769026230682027
tfnbs,"e=0.2,h=8.0,n=30,start_thres=1.25",hub,0.25,30,5,40,1730,2,0,38,1730,0.05,0.0,1.0,0.0,7.769026230682027
tfnbs,"e=0.2,h=9.0,n=30,start_thres=1.25",hub,0.25,30,5,40,1730,2,0,38,1730,0.05,0.0,1.0,0.0,7.769026230682027
tfnbs,"e=0.2,h=10.0,n=30,start_thres=1.25",hub,0.25,30,5,40,1730,2,0,38,1730,0.05,0.0,1.0,0.0,7.769026230682027
tfnbs,"e=0.3,h=0.5,n=30,start_thres=1.25",hub,0.25,30,5,40,1730,10,0,30,1730,0.25,0.0,1.0,0.0,7.769026230682027
tfnbs,"e=0.3,h=1.0,n=30,start_thres=1.25",hub,0.25,30,5,40,1730,10,0,30,1730,0.25,0.0,1.0,0.0,7.769026230682027
tfnbs,"e=0.3,h=2.0,n=30,start_thres=1.25",hub,0.25,30,5,40,1730,10,0,30,1730,0.25,0.0,1.0,0.0,7.769026230682027
tfnbs,"e=0.3,h=3.0,n=30,start_thres=1.25",hub,0.25,30,5,40,1730,6,0,34,1730,0.15,0.0,1.0,0.0,7.769026230682027
tfnbs,"e=0.3,h=4.0,n=30,start_thres=1.25",hub,0.25,30,5,40,1730,5,0,35,1730,0.125,0.0,1.0,0.0,7.769026230682027
tfnbs,"e=0.3,h=5.0,n=30,start_thres=1.25",hub,0.25,30,5,40,1730,2,0,38,1730,0.05,0.0,1.0,0.0,7.769026230682027
tfnbs,"e=0.3,h=6.0,n=30,start_thres=1.25",hub,0.25,30,5,40,1730,2,0,38,1730,0.05,0.0,1.0,0.0,7.769026230682027
tfnbs,"e=0.3,h=7.0,n=30,start_thres=1.25",hub,0.25,30,5,40,1730,2,0,38,1730,0.05,0.0,1.0,0.0,7.769026230682027
tfnbs,"e=0.3,h=8.0,n=30,start_thres=1.25",hub,0.25,30,5,40,1730,2,0,38,1730,0.05,0.0,1.0,0.0,7.769026230682027
tfnbs,"e=0.3,h=9.0,n=30,start_thres=1.25",hub,0.25,30,5,40,1730,2,0,38,1730,0.05,0.0,1.0,0.0,7.769026230682027
tfnbs,"e=0.3,h=10.0,n=30,start_thres=1.25",hub,0.25,30,5,40,1730,2,0,38,1730,0.05,0.0,1.0,0.0,7.769026230682027
tfnbs,"e=0.4,h=0.5,n=30,start_thres=1.25",hub,0.25,30,5,40,1730,12,0,28,1730,0.3,0.0,1.0,0.0,7.769026230682027
tfnbs,"e=0.4,h=1.0,n=30,start_thres=1.25",hub,0.25,30,5,40,1730,12,0,28,1730,0.3,0.0,1.0,0.0,7.769026230682027
tfnbs,"e=0.4,h=2.0,n=30,start_thres=1.25",hub,0.25,30,5,40,1730,12,0,28,1730,0.3,0.0,1.0,0.0,7.769026230682027
tfnbs,"e=0.4,h=3.0,n=30,start_thres=1.25",hub,0.25,30,5,40,1730,10,0,30,1730,0.25,0.0,1.0,0.0,7.769026230682027
tfnbs,"e=0.4,h=4.0,n=30,start_thres=1.25",hub,0.25,30,5,40,1730,6,0,34,1730,0.15,0.0,1.0,0.0,7.769026230682027
tfnbs,"e=0.4,h=5.0,n=30,start_thres=1.25",hub,0.25,30,5,40,1730,6,0,34,1730,0.15,0.0,1.0,0.0,7.769026230682027
tfnbs,"e=0.4,h=6.0,n=30,start_thres=1.25",hub,0.25,30,5,40,1730,5,0,35,1730,0.125,0.0,1.0,0.0,7.769026230682027
tfnbs,"e=0.4,h=7.0,n=30,start_thres=1.25",hub,0.25,30,5,40,1730,2,0,38,1730,0.05,0.0,1.0,0.0,7.769026230682027
tfnbs,"e=0.4,h=8.0,n=30,start_thres=1.25",hub,0.25,30,5,40,1730,2,0,38,1730,0.05,0.0,1.0,0.0,7.769026230682027
tfnbs,"e=0.4,h=9.0,n=30,start_thres=1.25",hub,0.25,30,5,40,1730,2,0,38,1730,0.05,0.0,1.0,0.0,7.769026230682027
tfnbs,"e=0.4,h=10.0,n=30,start_thres=1.25",hub,0.25,30,5,40,1730,2,0,38,1730,0.05,0.0,1.0,0.0,7.769026230682027
tfnbs,"e=0.5,h=0.5,n=30,start_thres=1.25",hub,0.25,30,5,40,1730,13,0,27,1730,0.325,0.0,1.0,0.0,7.769026230682027
tfnbs,"e=0.5,h=1.0,n=30,start_thres=1.25",hub,0.25,30,5,40,1730,13,0,27,1730,0.325,0.0,1.0,0.0,7.769026230682027
tfnbs,"e=0.5,h=2.0,n=30,start_thres=1.25",hub,0.25,30,5,40,1730,13,0,27,1730,0.325,0.0,1.0,0.0,7.769026230682027
tfnbs,"e=0.5,h=3.0,n=30,start_thres=1.25",hub,0.25,30,5,40,1730,13,0,27,1730,0.325,0.0,1.0,0.0,7.769026230682027
tfnbs,"e=0.5,h=4.0,n=30,start_thres=1.25",hub,0.25,30,5,40,1730,12,0,28,1730,0.3,0.0,1.0,0.0,7.769026230682027
tfnbs,"e=0.5,h=5.0,n=30,start_thres=1.25",hub,0.25,30,5,40,1730,10,0,30,1730,0.25,0.0,1.0,0.0,7.769026230682027
tfnbs,"e=0.5,h=6.0,n=30,start_thres=1.25",hub,0.25,30,5,40,1730,6,0,34,1730,0.15,0.0,1.0,0.0,7.769026230682027
tfnbs,"e=0.5,h=7.0,n=30,start_thres=1.25",hub,0.25,30,5,40,1730,5,0,35,1730,0.125,0.0,1.0,0.0,7.769026230682027
tfnbs,"e=0.5,h=8.0,n=30,start_thres=1.25",hub,0.25,30,5,40,1730,5,0,35,1730,0.125,0.0,1.0,0.0,7.769026230682027
tfnbs,"e=0.5,h=9.0,n=30,start_thres=1.25",hub,0.25,30,5,40,1730,2,0,38,1730,0.05,0.0,1.0,0.0,7.769026230682027
tfnbs,"e=0.5,h=10.0,n=30,start_thres=1.25",hub,0.25,30,5,40,1730,2,0,38,1730,0.05,0.0,1.0,0.0,7.769026230682027
tfnbs,"e=0.6,h=0.5,n=30,start_thres=1.25",hub,0.25,30,5,40,1730,13,0,27,1730,0.325,0.0,1.0,0.0,7.769026230682027
tfnbs,"e=0.6,h=1.0,n=30,start_thres=1.25",hub,0.25,30,5,40,1730,16,0,24,1730,0.4,0.0,1.0,0.0,7.769026230682027
tfnbs,"e=0.6,h=2.0,n=30,start_thres=1.25",hub,0.25,30,5,40,1730,16,0,24,1730,0.4,0.0,1.0,0.0,7.769026230682027
tfnbs,"e=0.6,h=3.0,n=30,start_thres=1.25",hub,0.25,30,5,40,1730,13,0,27,1730,0.325,0.0,1.0,0.0,7.769026230682027
tfnbs,"e=0.6,h=4.0,n=30,start_thres=1.25",hub,0.25,30,5,40,1730,13,0,27,1730,0.325,0.0,1.0,0.0,7.769026230682027
tfnbs,"e=0.6,h=5.0,n=30,start_thres=1.25",hub,0.25,30,5,40,1730,12,0,28,1730,0.3,0.0,1.0,0.0,7.769026230682027
tfnbs,"e=0.6,h=6.0,n=30,start_thres=1.25",hub,0.25,30,5,40,1730,10,0,30,1730,0.25,0.0,1.0,0.0,7.769026230682027
tfnbs,"e=0.6,h=7.0,n=30,start_thres=1.25",hub,0.25,30,5,40,1730,10,0,30,1730,0.25,0.0,1.0,0.0,7.769026230682027
tfnbs,"e=0.6,h=8.0,n=30,start_thres=1.25",hub,0.25,30,5,40,1730,6,0,34,1730,0.15,0.0,1.0,0.0,7.769026230682027
tfnbs,"e=0.6,h=9.0,n=30,start_thres=1.25",hub,0.25,30,5,40,1730,5,0,35,1730,0.125,0.0,1.0,0.0,7.769026230682027
tfnbs,"e=0.6,h=10.0,n=30,start_thres=1.25",hub,0.25,30,5,40,1730,5,0,35,1730,0.125,0.0,1.0,0.0,7.769026230682027
tfnbs,"e=0.7,h=0.5,n=30,start_thres=1.25",hub,0.25,30,5,40,1730,13,0,27,1730,0.325,0.0,1.0,0.0,7.769026230682027
tfnbs,"e=0.7,h=1.0,n=30,start_thres=1.25",hub,0.25,30,5,40,1730,16,0,24,1730,0.4,0.0,1.0,0.0,7.769026230682027
tfnbs,"e=0.7,h=2.0,n=30,start_thres=1.25",hub,0.25,30,5,40,1730,16,0,24,1730,0.4,0.0,1.0,0.0,7.769026230682027
tfnbs,"e=0.7,h=3.0,n=30,start_thres=1.25",hub,0.25,30,5,40,1730,16,0,24,1730,0.4,0.0,1.0,0.0,7.769026230682027
tfnbs,"e=0.7,h=4.0,n=30,start_thres=1.25",hub,0.25,30,5,40,1730,16,0,24,1730,0.4,0.0,1.0,0.0,7.769026230682027
tfnbs,"e=0.7,h=5.0,n=30,start_thres=1.25",hub,0.25,30,5,40,1730,13,0,27,1730,0.325,0.0,1.0,0.0,7.769026230682027
tfnbs,"e=0.7,h=6.0,n=30,start_thres=1.25",hub,0.25,30,5,40,1730,12,0,28,1730,0.3,0.0,1.0,0.0,7.769026230682027
tfnbs,"e=0.7,h=7.0,n=30,start_thres=1.25",hub,0.25,30,5,40,1730,12,0,28,1730,0.3,0.0,1.0,0.0,7.769026230682027
tfnbs,"e=0.7,h=8.0,n=30,start_thres=1.25",hub,0.25,30,5,40,1730,10,0,30,1730,0.25,0.0,1.0,0.0,7.769026230682027
tfnbs,"e=0.7,h=9.0,n=30,start_thres=1.25",hub,0.25,30,5,40,1730,6,0,34,1730,0.15,0.0,1.0,0.0,7.769026230682027
tfnbs,"e=0.7,h=10.0,n=30,start_thres=1.25",hub,0.25,30,5,40,1730,5,0,35,1730,0.125,0.0,1.0,0.0,7.769026230682027
tfnbs,"e=0.8,h=0.5,n=30,start_thres=1.25",hub,0.25,30,5,40,1730,13,0,27,1730,0.325,0.0,1.0,0.0,7.769026230682027
tfnbs,"e=0.8,h=1.0,n=30,start_thres=1.25",hub,0.25,30,5,40,1730,16,0,24,1730,0.4,0.0,1.0,0.0,7.769026230682027
tfnbs,"e=0.8,h=2.0,n=30,start_thres=1.25",hub,0.25,30,5,40,1730,16,0,24,1730,0.4,0.0,1.0,0.0,7.769026230682027
tfnbs,"e=0.8,h=3.0,n=30,start_thres=1.25",hub,0.25,30,5,40,1730,18,0,22,1730,0.45,0.0,1.0,0.0,7.769026230682027
tfnbs,"e=0.8,h=4.0,n=30,start_thres=1.25",hub,0.25,30,5,40,1730,16,0,24,1730,0.4,0.0,1.0,0.0,7.769026230682027
tfnbs,"e=0.8,h=5.0,n=30,start_thres=1.25",hub,0.25,30,5,40,1730,16,0,24,1730,0.4,0.0,1.0,0.0,7.769026230682027
tfnbs,"e=0.8,h=6.0,n=30,start_thres=1.25",hub,0.25,30,5,40,1730,13,0,27,1730,0.325,0.0,1.0,0.0,7.769026230682027
tfnbs,"e=0.8,h=7.0,n=30,start_thres=1.25",hub,0.25,30,5,40,1730,13,0,27,1730,0.325,0.0,1.0,0.0,7.769026230682027
tfnbs,"e=0.8,h=8.0,n=30,start_thres=1.25",hub,0.25,30,5,40,1730,12,0,28,1730,0.3,0.0,1.0,0.0,7.769026230682027
tfnbs,"e=0.8,h=9.0,n=30,start_thres=1.25",hub,0.25,30,5,40,1730,10,0,30,1730,0.25,0.0,1.0,0.0,7.769026230682027
tfnbs,"e=0.8,h=10.0,n=30,start_thres=1.25",hub,0.25,30,5,40,1730,6,0,34,1730,0.15,0.0,1.0,0.0,7.769026230682027
tfnbs,"e=0.9,h=0.5,n=30,start_thres=1.25",hub,0.25,30,5,40,1730,12,0,28,1730,0.3,0.0,1.0,0.0,7.769026230682027
tfnbs,"e=0.9,h=1.0,n=30,start_thres=1.25",hub,0.25,30,5,40,1730,13,0,27,1730,0.325,0.0,1.0,0.0,7.769026230682027
tfnbs,"e=0.9,h=2.0,n=30,start_thres=1.25",hub,0.25,30,5,40,1730,16,0,24,1730,0.4,0.0,1.0,0.0,7.769026230682027
tfnbs,"e=0.9,h=3.0,n=30,start_thres=1.25",hub,0.25,30,5,40,1730,18,0,22,1730,0.45,0.0,1.0,0.0,7.769026230682027
tfnbs,"e=0.9,h=4.0,n=30,start_thres=1.25",hub,0.25,30,5,40,1730,18,0,22,1730,0.45,0.0,1.0,0.0,7.769026230682027
tfnbs,"e=0.9,h=5.0,n=30,start_thres=1.25",hub,0.25,30,5,40,1730,18,0,22,1730,0.45,0.0,1.0,0.0,7.769026230682027
tfnbs,"e=0.9,h=6.0,n=30,start_thres=1.25",hub,0.25,30,5,40,1730,16,0,24,1730,0.4,0.0,1.0,0.0,7.769026230682027
tfnbs,"e=0.9,h=7.0,n=30,start_thres=1.25",hub,0.25,30,5,40,1730,16,0,24,1730,0.4,0.0,1.0,0.0,7.769026230682027
tfnbs,"e=0.9,h=8.0,n=30,start_thres=1.25",hub,0.25,30,5,40,1730,13,0,27,1730,0.325,0.0,1.0,0.0,7.769026230682027
tfnbs,"e=0.9,h=9.0,n=30,start_thres=1.25",hub,0.25,30,5,40,1730,12,0,28,1730,0.3,0.0,1.0,0.0,7.769026230682027
tfnbs,"e=0.9,h=10.0,n=30,start_thres=1.25",hub,0.25,30,5,40,1730,10,0,30,1730,0.25,0.0,1.0,0.0,7.769026230682027
tfnbs,"e=1.0,h=0.5,n=30,start_thres=1.25",hub,0.25,30,5,40,1730,6,0,34,1730,0.15,0.0,1.0,0.0,7.769026230682027
tfnbs,"e=1.0,h=1.0,n=30,start_thres=1.25",hub,0.25,30,5,40,1730,12,0,28,1730,0.3,0.0,1.0,0.0,7.769026230682027
tfnbs,"e=1.0,h=2.0,n=30,start_thres=1.25",hub,0.25,30,5,40,1730,16,0,24,1730,0.4,0.0,1.0,0.0,7.769026230682027
tfnbs,"e=1.0,h=3.0,n=30,start_thres=1.25",hub,0.25,30,5,40,1730,18,0,22,1730,0.45,0.0,1.0,0.0,7.769026230682027
tfnbs,"e=1.0,h=4.0,n=30,start_thres=1.25",hub,0.25,30,5,40,1730,18,0,22,1730,0.45,0.0,1.0,0.0,7.769026230682027
tfnbs,"e=1.0,h=5.0,n=30,start_thres=1.25",hub,0.25,30,5,40,1730,18,0,22,1730,0.45,0.0,1.0,0.0,7.769026230682027
tfnbs,"e=1.0,h=6.0,n=30,start_thres=1.25",hub,0.25,30,5,40,1730,18,0,22,1730,0.45,0.0,1.0,0.0,7.769026230682027
tfnbs,"e=1.0,h=7.0,n=30,start_thres=1.25",hub,0.25,30,5,40,1730,16,0,24,1730,0.4,0.0,1.0,0.0,7.769026230682027
tfnbs,"e=1.0,h=8.0,n=30,start_thres=1.25",hub,0.25,30,5,40,1730,16,0,24,1730,0.4,0.0,1.0,0.0,7.769026230682027
tfnbs,"e=1.0,h=9.0,n=30,start_thres=1.25",hub,0.25,30,5,40,1730,13,0,27,1730,0.325,0.0,1.0,0.0,7.769026230682027
tfnbs,"e=1.0,h=10.0,n=30,start_thres=1.25",hub,0.25,30,5,40,1730,12,0,28,1730,0.3,0.0,1.0,0.0,7.769026230682027
tfnbs,"e=1.1,h=0.5,n=30,start_thres=1.25",hub,0.25,30,5,40,1730,0,0,40,1730,0.0,0.0,0.0,0.0,7.769026230682027
tfnbs,"e=1.1,h=1.0,n=30,start_thres=1.25",hub,0.25,30,5,40,1730,10,0,30,1730,0.25,0.0,1.0,0.0,7.769026230682027
tfnbs,"e=1.1,h=2.0,n=30,start_thres=1.25",hub,0.25,30,5,40,1730,16,0,24,1730,0.4,0.0,1.0,0.0,7.769026230682027
tfnbs,"e=1.1,h=3.0,n=30,start_thres=1.25",hub,0.25,30,5,40,1730,18,0,22,1730,0.45,0.0,1.0,0.0,7.769026230682027
tfnbs,"e=1.1,h=4.0,n=30,start_thres=1.25",hub,0.25,30,5,40,1730,18,0,22,1730,0.45,0.0,1.0,0.0,7.769026230682027
tfnbs,"e=1.1,h=5.0,n=30,start_thres=1.25",hub,0.25,30,5,40,1730,18,0,22,1730,0.45,0.0,1.0,0.0,7.769026230682027
tfnbs,"e=1.1,h=6.0,n=30,start_thres=1.25",hub,0.25,30,5,40,1730,18,0,22,1730,0.45,0.0,1.0,0.0,7.769026230682027
tfnbs,"e=1.1,h=7.0,n=30,start_thres=1.25",hub,0.25,30,5,40,1730,18,0,22,1730,0.45,0.0,1.0,0.0,7.769026230682027
tfnbs,"e=1.1,h=8.0,n=30,start_thres=1.25",hub,0.25,30,5,40,1730,16,0,24,1730,0.4,0.0,1.0,0.0,7.769026230682027
tfnbs,"e=1.1,h=9.0,n=30,start_thres=1.25",hub,0.25,30,5,40,1730,16,0,24,1730,0.4,0.0,1.0,0.0,7.769026230682027
tfnbs,"e=1.1,h=10.0,n=30,start_thres=1.25",hub,0.25,30,5,40,1730,13,0,27,1730,0.325,0.0,1.0,0.0,7.769026230682027
tfnbs,"e=1.2,h=0.5,n=30,start_thres=1.25",hub,0.25,30,5,40,1730,0,0,40,1730,0.0,0.0,0.0,0.0,7.769026230682027
tfnbs,"e=1.2,h=1.0,n=30,start_thres=1.25",hub,0.25,30,5,40,1730,0,0,40,1730,0.0,0.0,0.0,0.0,7.769026230682027
tfnbs,"e=1.2,h=2.0,n=30,start_thres=1.25",hub,0.25,30,5,40,1730,13,0,27,1730,0.325,0.0,1.0,0.0,7.769026230682027
tfnbs,"e=1.2,h=3.0,n=30,start_thres=1.25",hub,0.25,30,5,40,1730,16,0,24,1730,0.4,0.0,1.0,0.0,7.769026230682027
tfnbs,"e=1.2,h=4.0,n=30,start_thres=1.25",hub,0.25,30,5,40,1730,18,0,22,1730,0.45,0.0,1.0,0.0,7.769026230682027
tfnbs,"e=1.2,h=5.0,n=30,start_thres=1.25",hub,0.25,30,5,40,1730,19,0,21,1730,0.475,0.0,1.0,0.0,7.769026230682027
tfnbs,"e=1.2,h=6.0,n=30,start_thres=1.25",hub,0.25,30,5,40,1730,19,0,21,1730,0.475,0.0,1.0,0.0,7.769026230682027
tfnbs,"e=1.2,h=7.0,n=30,start_thres=1.25",hub,0.25,30,5,40,1730,18,0,22,1730,0.45,0.0,1.0,0.0,7.769026230682027
tfnbs,"e=1.2,h=8.0,n=30,start_thres=1.25",hub,0.25,30,5,40,1730,18,0,22,1730,0.45,0.0,1.0,0.0,7.769026230682027
tfnbs,"e=1.2,h=9.0,n=30,start_thres=1.25",hub,0.25,30,5,40,1730,16,0,24,1730,0.4,0.0,1.0,0.0,7.769026230682027
tfnbs,"e=1.2,h=10.0,n=30,start_thres=1.25",hub,0.25,30,5,40,1730,16,0,24,1730,0.4,0.0,1.0,0.0,7.769026230682027
tfnbs,"e=1.3,h=0.5,n=30,start_thres=1.25",hub,0.25,30,5,40,1730,0,0,40,1730,0.0,0.0,0.0,0.0,7.769026230682027
tfnbs,"e=1.3,h=1.0,n=30,start_thres=1.25",hub,0.25,30,5,40,1730,0,0,40,1730,0.0,0.0,0.0,0.0,7.769026230682027
tfnbs,"e=1.3,h=2.0,n=30,start_thres=1.25",hub,0.25,30,5,40,1730,10,0,30,1730,0.25,0.0,1.0,0.0,7.769026230682027
tfnbs,"e=1.3,h=3.0,n=30,start_thres=1.25",hub,0.25,30,5,40,1730,16,0,24,1730,0.4,0.0,1.0,0.0,7.769026230682027
tfnbs,"e=1.3,h=4.0,n=30,start_thres=1.25",hub,0.25,30,5,40,1730,18,0,22,1730,0.45,0.0,1.0,0.0,7.769026230682027
tfnbs,"e=1.3,h=5.0,n=30,start_thres=1.25",hub,0.25,30,5,40,1730,19,0,21,1730,0.475,0.0,1.0,0.0,7.769026230682027
tfnbs,"e=1.3,h=6.0,n=30,start_thres=1.25",hub,0.25,30,5,40,1730,19,0,21,1730,0.475,0.0,1.0,0.0,7.769026230682027
tfnbs,"e=1.3,h=7.0,n=30,start_thres=1.25",hub,0.25,30,5,40,1730,19,0,21,1730,0.475,0.0,1.0,0.0,7.769026230682027
tfnbs,"e=1.3,h=8.0,n=30,start_thres=1.25",hub,0.25,30,5,40,1730,18,0,22,1730,0.45,0.0,1.0,0.0,7.769026230682027
tfnbs,"e=1.3,h=9.0,n=30,start_thres=1.25",hub,0.25,30,5,40,1730,18,0,22,1730,0.45,0.0,1.0,0.0,7.769026230682027
tfnbs,"e=1.3,h=10.0,n=30,start_thres=1.25",hub,0.25,30,5,40,1730,16,0,24,1730,0.4,0.0,1.0,0.0,7.769026230682027
tfnbs,"e=1.4,h=0.5,n=30,start_thres=1.25",hub,0.25,30,5,40,1730,0,0,40,1730,0.0,0.0,0.0,0.0,7.769026230682027
tfnbs,"e=1.4,h=1.0,n=30,start_thres=1.25",hub,0.25,30,5,40,1730,0,0,40,1730,0.0,0.0,0.0,0.0,7.769026230682027
tfnbs,"e=1.4,h=2.0,n=30,start_thres=1.25",hub,0.25,30,5,40,1730,1,0,39,1730,0.025,0.0,1.0,0.0,7.769026230682027
tfnbs,"e=1.4,h=3.0,n=30,start_thres=1.25",hub,0.25,30,5,40,1730,13,0,27,1730,0.325,0.0,1.0,0.0,7.769026230682027
tfnbs,"e=1.4,h=4.0,n=30,start_thres=1.25",hub,0.25,30,5,40,1730,18,0,22,1730,0.45,0.0,1.0,0.0,7.769026230682027
tfnbs,"e=1.4,h=5.0,n=30,start_thres=1.25",hub,0.25,30,5,40,1730,19,0,21,1730,0.475,0.0,1.0,0.0,7.769026230682027
tfnbs,"e=1.4,h=6.0,n=30,start_thres=1.25",hub,0.25,30,5,40,1730,19,0,21,1730,0.475,0.0,1.0,0.0,7.769026230682027
tfnbs,"e=1.4,h=7.0,n=30,start_thres=1.25",hub,0.25,30,5,40,1730,19,0,21,1730,0.475,0.0,1.0,0.0,7.769026230682027
tfnbs,"e=1.4,h=8.0,n=30,start_thres=1.25",hub,0.25,30,5,40,1730,19,0,21,1730,0.475,0.0,1.0,0.0,7.769026230682027
tfnbs,"e=1.4,h=9.0,n=30,start_thres=1.25",hub,0.25,30,5,40,1730,18,0,22,1730,0.45,0.0,1.0,0.0,7.769026230682027
tfnbs,"e=1.4,h=10.0,n=30,start_thres=1.25",hub,0.25,30,5,40,1730,18,0,22,1730,0.45,0.0,1.0,0.0,7.769026230682027
tfnbs,"e=1.5,h=0.5,n=30,start_thres=1.25",hub,0.25,30,5,40,1730,0,0,40,1730,0.0,0.0,0.0,0.0,7.769026230682027
tfnbs,"e=1.5,h=1.0,n=30,start_thres=1.25",hub,0.25,30,5,40,1730,0,0,40,1730,0.0,0.0,0.0,0.0,7.769026230682027
tfnbs,"e=1.5,h=2.0,n=30,start_thres=1.25",hub,0.25,30,5,40,1730,0,0,40,1730,0.0,0.0,0.0,0.0,7.769026230682027
tfnbs,"e=1.5,h=3.0,n=30,start_thres=1.25",hub,0.25,30,5,40,1730,12,0,28,1730,0.3,0.0,1.0,0.0,7.769026230682027
tfnbs,"e=1.5,h=4.0,n=30,start_thres=1.25",hub,0.25,30,5,40,1730,16,0,24,1730,0.4,0.0,1.0,0.0,7.769026230682027
tfnbs,"e=1.5,h=5.0,n=30,start_thres=1.25",hub,0.25,30,5,40,1730,18,0,22,1730,0.45,0.0,1.0,0.0,7.769026230682027
tfnbs,"e=1.5,h=6.0,n=30,start_thres=1.25",hub,0.25,30,5,40,1730,19,0,21,1730,0.475,0.0,1.0,0.0,7.769026230682027
tfnbs,"e=1.5,h=7.0,n=30,start_thres=1.25",hub,0.25,30,5,40,1730,19,0,21,1730,0.475,0.0,1.0,0.0,7.769026230682027
tfnbs,"e=1.5,h=8.0,n=30,start_thres=1.25",hub,0.25,30,5,40,1730,19,0,21,1730,0.475,0.0,1.0,0.0,7.769026230682027
tfnbs,"e=1.5,h=9.0,n=30,start_thres=1.25",hub,0.25,30,5,40,1730,19,0,21,1730,0.475,0.0,1.0,0.0,7.769026230682027
tfnbs,"e=1.5,h=10.0,n=30,start_thres=1.25",hub,0.25,30,5,40,1730,19,0,21,1730,0.475,0.0,1.0,0.0,7.769026230682027
tfnbs,"e=0.05,h=0.5,n=30,start_thres=1.25",hub,0.25,30,17,40,1730,10,0,30,1730,0.25,0.0,1.0,0.0,7.672632672569969
tfnbs,"e=0.05,h=1.0,n=30,start_thres=1.25",hub,0.25,30,17,40,1730,10,0,30,1730,0.25,0.0,1.0,0.0,7.672632672569969
tfnbs,"e=0.05,h=2.0,n=30,start_thres=1.25",hub,0.25,30,17,40,1730,10,0,30,1730,0.25,0.0,1.0,0.0,7.672632672569969
tfnbs,"e=0.05,h=3.0,n=30,start_thres=1.25",hub,0.25,30,17,40,1730,10,0,30,1730,0.25,0.0,1.0,0.0,7.672632672569969
tfnbs,"e=0.05,h=4.0,n=30,start_thres=1.25",hub,0.25,30,17,40,1730,10,0,30,1730,0.25,0.0,1.0,0.0,7.672632672569969
tfnbs,"e=0.05,h=5.0,n=30,start_thres=1.25",hub,0.25,30,17,40,1730,10,0,30,1730,0.25,0.0,1.0,0.0,7.672632672569969
tfnbs,"e=0.05,h=6.0,n=30,start_thres=1.25",hub,0.25,30,17,40,1730,10,0,30,1730,0.25,0.0,1.0,0.0,7.672632672569969
tfnbs,"e=0.05,h=7.0,n=30,start_thres=1.25",hub,0.25,30,17,40,1730,10,0,30,1730,0.25,0.0,1.0,0.0,7.672632672569969
tfnbs,"e=0.05,h=8.0,n=30,start_thres=1.25",hub,0.25,30,17,40,1730,10,0,30,1730,0.25,0.0,1.0,0.0,7.672632672569969
tfnbs,"e=0.05,h=9.0,n=30,start_thres=1.25",hub,0.25,30,17,40,1730,10,0,30,1730,0.25,0.0,1.0,0.0,7.672632672569969
tfnbs,"e=0.05,h=10.0,n=30,start_thres=1.25",hub,0.25,30,17,40,1730,7,0,33,1730,0.175,0.0,1.0,0.0,7.672632672569969
tfnbs,"e=0.1,h=0.5,n=30,start_thres=1.25",hub,0.25,30,17,40,1730,13,0,27,1730,0.325,0.0,1.0,0.0,7.672632672569969
tfnbs,"e=0.1,h=1.0,n=30,start_thres=1.25",hub,0.25,30,17,40,1730,13,0,27,1730,0.325,0.0,1.0,0.0,7.672632672569969
tfnbs,"e=0.1,h=2.0,n=30,start_thres=1.25",hub,0.25,30,17,40,1730,13,0,27,1730,0.325,0.0,1.0,0.0,7.672632672569969
tfnbs,"e=0.1,h=3.0,n=30,start_thres=1.25",hub,0.25,30,17,40,1730,10,0,30,1730,0.25,0.0,1.0,0.0,7.672632672569969
tfnbs,"e=0.1,h=4.0,n=30,start_thres=1.25",hub,0.25,30,17,40,1730,10,0,30,1730,0.25,0.0,1.0,0.0,7.672632672569969
tfnbs,"e=0.1,h=5.0,n=30,start_thres=1.25",hub,0.25,30,17,40,1730,10,0,30,1730,0.25,0.0,1.0,0.0,7.672632672569969
tfnbs,"e=0.1,h=6.0,n=30,start_thres=1.25",hub,0.25,30,17,40,1730,10,0,30,1730,0.25,0.0,1.0,0.0,7.672632672569969
tfnbs,"e=0.1,h=7.0,n=30,start_thres=1.25",hub,0.25,30,17,40,1730,10,0,30,1730,0.25,0.0,1.0,0.0,7.672632672569969
tfnbs,"e=0.1,h=8.0,n=30,start_thres=1.25",hub,0.25,30,17,40,1730,10,0,30,1730,0.25,0.0,1.0,0.0,7.672632672569969
tfnbs,"e=0.1,h=9.0,n=30,start_thres=1.25",hub,0.25,30,17,40,1730,10,0,30,1730,0.25,0.0,1.0,0.0,7.672632672569969
tfnbs,"e=0.1,h=10.0,n=30,start_thres=1.25",hub,0.25,30,17,40,1730,10,0,30,1730,0.25,0.0,1.0,0.0,7.672632672569969
tfnbs,"e=0.2,h=0.5,n=30,start_thres=1.25",hub,0.25,30,17,40,1730,16,3,24,1727,0.4,0.0017341040462427,0.8421052631578947,0.1578947368421052,7.672632672569969
tfnbs,"e=0.2,h=1.0,n=30,start_thres=1.25",hub,0.25,30,17,40,1730,16,3,24,1727,0.4,0.0017341040462427,0.8421052631578947,0.1578947368421052,7.672632672569969
tfnbs,"e=0.2,h=2.0,n=30,start_thres=1.25",hub,0.25,30,17,40,1730,14,0,26,1730,0.35,0.0,1.0,0.0,7.672632672569969
tfnbs,"e=0.2,h=3.0,n=30,start_thres=1.25",hub,0.25,30,17,40,1730,14,0,26,1730,0.35,0.0,1.0,0.0,7.672632672569969
tfnbs,"e=0.2,h=4.0,n=30,start_thres=1.25",hub,0.25,30,17,40,1730,13,0,27,1730,0.325,0.0,1.0,0.0,7.672632672569969
tfnbs,"e=0.2,h=5.0,n=30,start_thres=1.25",hub,0.25,30,17,40,1730,13,0,27,1730,0.325,0.0,1.0,0.0,7.672632672569969
tfnbs,"e=0.2,h=6.0,n=30,start_thres=1.25",hub,0.25,30,17,40,1730,13,0,27,1730,0.325,0.0,1.0,0.0,7.672632672569969
tfnbs,"e=0.2,h=7.0,n=30,start_thres=1.25",hub,0.25,30,17,40,1730,10,0,30,1730,0.25,0.0,1.0,0.0,7.672632672569969
tfnbs,"e=0.2,h=8.0,n=30,start_thres=1.25",hub,0.25,30,17,40,1730,10,0,30,1730,0.25,0.0,1.0,0.0,7.672632672569969
tfnbs,"e=0.2,h=9.0,n=30,start_thres=1.25",hub,0.25,30,17,40,1730,10,0,30,1730,0.25,0.0,1.0,0.0,7.672632672569969
tfnbs,"e=0.2,h=10.0,n=30,start_thres=1.25",hub,0.25,30,17,40,1730,10,0,30,1730,0.25,0.0,1.0,0.0,7.672632672569969
tfnbs,"e=0.3,h=0.5,n=30,start_thres=1.25",hub,0.25,30,17,40,1730,21,7,19,1723,0.525,0.0040462427745664,0.75,0.25,7.672632672569969
tfnbs,"e=0.3,h=1.0,n=30,start_thres=1.25",hub,0.25,30,17,40,1730,20,5,20,1725,0.5,0.0028901734104046,0.8,0.2,7.672632672569969
tfnbs,"e=0.3,h=2.0,n=30,start_thres=1.25",hub,0.25,30,17,40,1730,18,5,22,1725,0.45,0.0028901734104046,0.782608695652174,0.217391304347826,7.672632672569969
tfnbs,"e=0.3,h=3.0,n=30,start_thres=1.25",hub,0.25,30,17,40,1730,16,3,24,1727,0.4,0.0017341040462427,0.8421052631578947,0.1578947368421052,7.672632672569969
tfnbs,"e=0.3,h=4.0,n=30,start_thres=1.25",hub,0.25,30,17,40,1730,15,1,25,1729,0.375,0.0005780346820809,0.9375,0.0625,7.672632672569969
tfnbs,"e=0.3,h=5.0,n=30,start_thres=1.25",hub,0.25,30,17,40,1730,14,0,26,1730,0.35,0.0,1.0,0.0,7.672632672569969
tfnbs,"e=0.3,h=6.0,n=30,start_thres=1.25",hub,0.25,30,17,40,1730,13,0,27,1730,0.325,0.0,1.0,0.0,7.672632672569969
tfnbs,"e=0.3,h=7.0,n=30,start_thres=1.25",hub,0.25,30,17,40,1730,13,0,27,1730,0.325,0.0,1.0,0.0,7.672632672569969
tfnbs,"e=0.3,h=8.0,n=30,start_thres=1.25",hub,0.25,30,17,40,1730,13,0,27,1730,0.325,0.0,1.0,0.0,7.672632672569969
tfnbs,"e=0.3,h=9.0,n=30,start_thres=1.25",hub,0.25,30,17,40,1730,13,0,27,1730,0.325,0.0,1.0,0.0,7.672632672569969
tfnbs,"e=0.3,h=10.0,n=30,start_thres=1.25",hub,0.25,30,17,40,1730,13,0,27,1730,0.325,0.0,1.0,0.0,7.672632672569969
tfnbs,"e=0.4,h=0.5,n=30,start_thres=1.25",hub,0.25,30,17,40,1730,28,9,12,1721,0.7,0.0052023121387283,0.7567567567567568,0.2432432432432432,7.672632672569969
tfnbs,"e=0.4,h=1.0,n=30,start_thres=1.25",hub,0.25,30,17,40,1730,26,8,14,1722,0.65,0.0046242774566473,0.7647058823529411,0.2352941176470588,7.672632672569969
tfnbs,"e=0.4,h=2.0,n=30,start_thres=1.25",hub,0.25,30,17,40,1730,21,7,19,1723,0.525,0.0040462427745664,0.75,0.25,7.672632672569969
tfnbs,"e=0.4,h=3.0,n=30,start_thres=1.25",hub,0.25,30,17,40,1730,20,5,20,1725,0.5,0.0028901734104046,0.8,0.2,7.672632672569969
tfnbs,"e=0.4,h=4.0,n=30,start_thres=1.25",hub,0.25,30,17,40,1730,18,5,22,1725,0.45,0.0028901734104046,0.782608695652174,0.217391304347826,7.672632672569969
tfnbs,"e=0.4,h=5.0,n=30,start_thres=1.25",hub,0.25,30,17,40,1730,16,3,24,1727,0.4,0.0017341040462427,0.8421052631578947,0.1578947368421052,7.672632672569969
tfnbs,"e=0.4,h=6.0,n=30,start_thres=1.25",hub,0.25,30,17,40,1730,15,1,25,1729,0.375,0.0005780346820809,0.9375,0.0625,7.672632672569969
tfnbs,"e=0.4,h=7.0,n=30,start_thres=1.25",hub,0.25,30,17,40,1730,14,0,26,1730,0.35,0.0,1.0,0.0,7.672632672569969
tfnbs,"e=0.4,h=8.0,n=30,start_thres=1.25",hub,0.25,30,17,40,1730,13,0,27,1730,0.325,0.0,1.0,0.0,7.672632672569969
tfnbs,"e=0.4,h=9.0,n=30,start_thres=1.25",hub,0.25,30,17,40,1730,13,0,27,1730,0.325,0.0,1.0,0.0,7.672632672569969
tfnbs,"e=0.4,h=10.0,n=30,start_thres=1.25",hub,0.25,30,17,40,1730,13,0,27,1730,0.325,0.0,1.0,0.0,7.672632672569969
tfnbs,"e=0.5,h=0.5,n=30,start_thres=1.25",hub,0.25,30,17,40,1730,29,11,11,1719,0.725,0.0063583815028901,0.725,0.275,7.672632672569969
tfnbs,"e=0.5,h=1.0,n=30,start_thres=1.25",hub,0.25,30,17,40,1730,29,11,11,1719,0.725,0.0063583815028901,0.725,0.275,7.672632672569969
tfnbs,"e=0.5,h=2.0,n=30,start_thres=1.25",hub,0.25,30,17,40,1730,28,9,12,1721,0.7,0.0052023121387283,0.7567567567567568,0.2432432432432432,7.672632672569969
tfnbs,"e=0.5,h=3.0,n=30,start_thres=1.25",hub,0.25,30,17,40,1730,21,7,19,1723,0.525,0.0040462427745664,0.75,0.25,7.672632672569969
tfnbs,"e=0.5,h=4.0,n=30,start_thres=1.25",hub,0.25,30,17,40,1730,20,5,20,1725,0.5,0.0028901734104046,0.8,0.2,7.672632672569969
tfnbs,"e=0.5,h=5.0,n=30,start_thres=1.25",hub,0.25,30,17,40,1730,18,5,22,1725,0.45,0.0028901734104046,0.782608695652174,0.217391304347826,7.672632672569969
tfnbs,"e=0.5,h=6.0,n=30,start_thres=1.25",hub,0.25,30,17,40,1730,16,3,24,1727,0.4,0.0017341040462427,0.8421052631578947,0.1578947368421052,7.672632672569969
tfnbs,"e=0.5,h=7.0,n=30,start_thres=1.25",hub,0.25,30,17,40,1730,15,1,25,1729,0.375,0.0005780346820809,0.9375,0.0625,7.672632672569969
tfnbs,"e=0.5,h=8.0,n=30,start_thres=1.25",hub,0.25,30,17,40,1730,15,1,25,1729,0.375,0.0005780346820809,0.9375,0.0625,7.672632672569969
tfnbs,"e=0.5,h=9.0,n=30,start_thres=1.25",hub,0.25,30,17,40,1730,14,0,26,1730,0.35,0.0,1.0,0.0,7.672632672569969
tfnbs,"e=0.5,h=10.0,n=30,start_thres=1.25",hub,0.25,30,17,40,1730,13,0,27,1730,0.325,0.0,1.0,0.0,7.672632672569969
tfnbs,"e=0.6,h=0.5,n=30,start_thres=1.25",hub,0.25,30,17,40,1730,31,17,9,1713,0.775,0.0098265895953757,0.6458333333333334,0.3541666666666667,7.672632672569969
tfnbs,"e=0.6,h=1.0,n=30,start_thres=1.25",hub,0.25,30,17,40,1730,31,17,9,1713,0.775,0.0098265895953757,0.6458333333333334,0.3541666666666667,7.672632672569969
tfnbs,"e=0.6,h=2.0,n=30,start_thres=1.25",hub,0.25,30,17,40,1730,29,11,11,1719,0.725,0.0063583815028901,0.725,0.275,7.672632672569969
tfnbs,"e=0.6,h=3.0,n=30,start_thres=1.25",hub,0.25,30,17,40,1730,28,9,12,1721,0.7,0.0052023121387283,0.7567567567567568,0.2432432432432432,7.672632672569969
tfnbs,"e=0.6,h=4.0,n=30,start_thres=1.25",hub,0.25,30,17,40,1730,26,8,14,1722,0.65,0.0046242774566473,0.7647058823529411,0.2352941176470588,7.672632672569969
tfnbs,"e=0.6,h=5.0,n=30,start_thres=1.25",hub,0.25,30,17,40,1730,21,7,19,1723,0.525,0.0040462427745664,0.75,0.25,7.672632672569969
tfnbs,"e=0.6,h=6.0,n=30,start_thres=1.25",hub,0.25,30,17,40,1730,20,5,20,1725,0.5,0.0028901734104046,0.8,0.2,7.672632672569969
tfnbs,"e=0.6,h=7.0,n=30,start_thres=1.25",hub,0.25,30,17,40,1730,18,5,22,1725,0.45,0.0028901734104046,0.782608695652174,0.217391304347826,7.672632672569969
tfnbs,"e=0.6,h=8.0,n=30,start_thres=1.25",hub,0.25,30,17,40,1730,16,3,24,1727,0.4,0.0017341040462427,0.8421052631578947,0.1578947368421052,7.672632672569969
tfnbs,"e=0.6,h=9.0,n=30,start_thres=1.25",hub,0.25,30,17,40,1730,15,1,25,1729,0.375,0.0005780346820809,0.9375,0.0625,7.672632672569969
tfnbs,"e=0.6,h=10.0,n=30,start_thres=1.25",hub,0.25,30,17,40,1730,14,0,26,1730,0.35,0.0,1.0,0.0,7.672632672569969
tfnbs,"e=0.7,h=0.5,n=30,start_thres=1.25",hub,0.25,30,17,40,1730,35,24,5,1706,0.875,0.0138728323699421,0.5932203389830508,0.4067796610169492,7.672632672569969
tfnbs,"e=0.7,h=1.0,n=30,start_thres=1.25",hub,0.25,30,17,40,1730,35,24,5,1706,0.875,0.0138728323699421,0.5932203389830508,0.4067796610169492,7.672632672569969
tfnbs,"e=0.7,h=2.0,n=30,start_thres=1.25",hub,0.25,30,17,40,1730,31,17,9,1713,0.775,0.0098265895953757,0.6458333333333334,0.3541666666666667,7.672632672569969
tfnbs,"e=0.7,h=3.0,n=30,start_thres=1.25",hub,0.25,30,17,40,1730,29,11,11,1719,0.725,0.0063583815028901,0.725,0.275,7.672632672569969
tfnbs,"e=0.7,h=4.0,n=30,start_thres=1.25",hub,0.25,30,17,40,1730,28,9,12,1721,0.7,0.0052023121387283,0.7567567567567568,0.2432432432432432,7.672632672569969
tfnbs,"e=0.7,h=5.0,n=30,start_thres=1.25",hub,0.25,30,17,40,1730,26,8,14,1722,0.65,0.0046242774566473,0.7647058823529411,0.2352941176470588,7.672632672569969
tfnbs,"e=0.7,h=6.0,n=30,start_thres=1.25",hub,0.25,30,17,40,1730,21,7,19,1723,0.525,0.0040462427745664,0.75,0.25,7.672632672569969
tfnbs,"e=0.7,h=7.0,n=30,start_thres=1.25",hub,0.25,30,17,40,1730,20,5,20,1725,0.5,0.0028901734104046,0.8,0.2,7.672632672569969
tfnbs,"e=0.7,h=8.0,n=30,start_thres=1.25",hub,0.25,30,17,40,1730,18,5,22,1725,0.45,0.0028901734104046,0.782608695652174,0.217391304347826,7.672632672569969
tfnbs,"e=0.7,h=9.0,n=30,start_thres=1.25",hub,0.25,30,17,40,1730,16,3,24,1727,0.4,0.0017341040462427,0.8421052631578947,0.1578947368421052,7.672632672569969
tfnbs,"e=0.7,h=10.0,n=30,start_thres=1.25",hub,0.25,30,17,40,1730,15,1,25,1729,0.375,0.0005780346820809,0.9375,0.0625,7.672632672569969
tfnbs,"e=0.8,h=0.5,n=30,start_thres=1.25",hub,0.25,30,17,40,1730,35,33,5,1697,0.875,0.0190751445086705,0.5147058823529411,0.4852941176470588,7.672632672569969
tfnbs,"e=0.8,h=1.0,n=30,start_thres=1.25",hub,0.25,30,17,40,1730,35,33,5,1697,0.875,0.0190751445086705,0.5147058823529411,0.4852941176470588,7.672632672569969
tfnbs,"e=0.8,h=2.0,n=30,start_thres=1.25",hub,0.25,30,17,40,1730,35,24,5,1706,0.875,0.0138728323699421,0.5932203389830508,0.4067796610169492,7.672632672569969
tfnbs,"e=0.8,h=3.0,n=30,start_thres=1.25",hub,0.25,30,17,40,1730,31,17,9,1713,0.775,0.0098265895953757,0.6458333333333334,0.3541666666666667,7.672632672569969
tfnbs,"e=0.8,h=4.0,n=30,start_thres=1.25",hub,0.25,30,17,40,1730,29,11,11,1719,0.725,0.0063583815028901,0.725,0.275,7.672632672569969
tfnbs,"e=0.8,h=5.0,n=30,start_thres=1.25",hub,0.25,30,17,40,1730,28,9,12,1721,0.7,0.0052023121387283,0.7567567567567568,0.2432432432432432,7.672632672569969
tfnbs,"e=0.8,h=6.0,n=30,start_thres=1.25",hub,0.25,30,17,40,1730,26,8,14,1722,0.65,0.0046242774566473,0.7647058823529411,0.2352941176470588,7.672632672569969
tfnbs,"e=0.8,h=7.0,n=30,start_thres=1.25",hub,0.25,30,17,40,1730,21,7,19,1723,0.525,0.0040462427745664,0.75,0.25,7.672632672569969
tfnbs,"e=0.8,h=8.0,n=30,start_thres=1.25",hub,0.25,30,17,40,1730,20,5,20,1725,0.5,0.0028901734104046,0.8,0.2,7.672632672569969
tfnbs,"e=0.8,h=9.0,n=30,start_thres=1.25",hub,0.25,30,17,40,1730,18,5,22,1725,0.45,0.0028901734104046,0.782608695652174,0.217391304347826,7.672632672569969
tfnbs,"e=0.8,h=10.0,n=30,start_thres=1.25",hub,0.25,30,17,40,1730,18,5,22,1725,0.45,0.0028901734104046,0.782608695652174,0.217391304347826,7.672632672569969
tfnbs,"e=0.9,h=0.5,n=30,start_thres=1.25",hub,0.25,30,17,40,1730,35,33,5,1697,0.875,0.0190751445086705,0.5147058823529411,0.4852941176470588,7.672632672569969
tfnbs,"e=0.9,h=1.0,n=30,start_thres=1.25",hub,0.25,30,17,40,1730,35,33,5,1697,0.875,0.0190751445086705,0.5147058823529411,0.4852941176470588,7.672632672569969
tfnbs,"e=0.9,h=2.0,n=30,start_thres=1.25",hub,0.25,30,17,40,1730,35,33,5,1697,0.875,0.0190751445086705,0.5147058823529411,0.4852941176470588,7.672632672569969
tfnbs,"e=0.9,h=3.0,n=30,start_thres=1.25",hub,0.25,30,17,40,1730,35,24,5,1706,0.875,0.0138728323699421,0.5932203389830508,0.4067796610169492,7.672632672569969
tfnbs,"e=0.9,h=4.0,n=30,start_thres=1.25",hub,0.25,30,17,40,1730,31,17,9,1713,0.775,0.0098265895953757,0.6458333333333334,0.3541666666666667,7.672632672569969
tfnbs,"e=0.9,h=5.0,n=30,start_thres=1.25",hub,0.25,30,17,40,1730,29,11,11,1719,0.725,0.0063583815028901,0.725,0.275,7.672632672569969
tfnbs,"e=0.9,h=6.0,n=30,start_thres=1.25",hub,0.25,30,17,40,1730,28,9,12,1721,0.7,0.0052023121387283,0.7567567567567568,0.2432432432432432,7.672632672569969
tfnbs,"e=0.9,h=7.0,n=30,start_thres=1.25",hub,0.25,30,17,40,1730,26,8,14,1722,0.65,0.0046242774566473,0.7647058823529411,0.2352941176470588,7.672632672569969
tfnbs,"e=0.9,h=8.0,n=30,start_thres=1.25",hub,0.25,30,17,40,1730,21,7,19,1723,0.525,0.0040462427745664,0.75,0.25,7.672632672569969
tfnbs,"e=0.9,h=9.0,n=30,start_thres=1.25",hub,0.25,30,17,40,1730,20,5,20,1725,0.5,0.0028901734104046,0.8,0.2,7.672632672569969
tfnbs,"e=0.9,h=10.0,n=30,start_thres=1.25",hub,0.25,30,17,40,1730,20,5,20,1725,0.5,0.0028901734104046,0.8,0.2,7.672632672569969
tfnbs,"e=1.0,h=0.5,n=30,start_thres=1.25",hub,0.25,30,17,40,1730,36,47,4,1683,0.9,0.0271676300578034,0.4337349397590361,0.5662650602409639,7.672632672569969
tfnbs,"e=1.0,h=1.0,n=30,start_thres=1.25",hub,0.25,30,17,40,1730,36,47,4,1683,0.9,0.0271676300578034,0.4337349397590361,0.5662650602409639,7.672632672569969
tfnbs,"e=1.0,h=2.0,n=30,start_thres=1.25",hub,0.25,30,17,40,1730,35,33,5,1697,0.875,0.0190751445086705,0.5147058823529411,0.4852941176470588,7.672632672569969
tfnbs,"e=1.0,h=3.0,n=30,start_thres=1.25",hub,0.25,30,17,40,1730,35,33,5,1697,0.875,0.0190751445086705,0.5147058823529411,0.4852941176470588,7.672632672569969
tfnbs,"e=1.0,h=4.0,n=30,start_thres=1.25",hub,0.25,30,17,40,1730,35,24,5,1706,0.875,0.0138728323699421,0.5932203389830508,0.4067796610169492,7.672632672569969
tfnbs,"e=1.0,h=5.0,n=30,start_thres=1.25",hub,0.25,30,17,40,1730,31,17,9,1713,0.775,0.0098265895953757,0.6458333333333334,0.3541666666666667,7.672632672569969
tfnbs,"e=1.0,h=6.0,n=30,start_thres=1.25",hub,0.25,30,17,40,1730,29,11,11,1719,0.725,0.0063583815028901,0.725,0.275,7.672632672569969
tfnbs,"e=1.0,h=7.0,n=30,start_thres=1.25",hub,0.25,30,17,40,1730,28,9,12,1721,0.7,0.0052023121387283,0.7567567567567568,0.2432432432432432,7.672632672569969
tfnbs,"e=1.0,h=8.0,n=30,start_thres=1.25",hub,0.25,30,17,40,1730,26,8,14,1722,0.65,0.0046242774566473,0.7647058823529411,0.2352941176470588,7.672632672569969
tfnbs,"e=1.0,h=9.0,n=30,start_thres=1.25",hub,0.25,30,17,40,1730,21,7,19,1723,0.525,0.0040462427745664,0.75,0.25,7.672632672569969
tfnbs,"e=1.0,h=10.0,n=30,start_thres=1.25",hub,0.25,30,17,40,1730,20,5,20,1725,0.5,0.0028901734104046,0.8,0.2,7.672632672569969
tfnbs,"e=1.1,h=0.5,n=30,start_thres=1.25",hub,0.25,30,17,40,1730,36,47,4,1683,0.9,0.0271676300578034,0.4337349397590361,0.5662650602409639,7.672632672569969
tfnbs,"e=1.1,h=1.0,n=30,start_thres=1.25",hub,0.25,30,17,40,1730,36,47,4,1683,0.9,0.0271676300578034,0.4337349397590361,0.5662650602409639,7.672632672569969
tfnbs,"e=1.1,h=2.0,n=30,start_thres=1.25",hub,0.25,30,17,40,1730,36,47,4,1683,0.9,0.0271676300578034,0.4337349397590361,0.5662650602409639,7.672632672569969
tfnbs,"e=1.1,h=3.0,n=30,start_thres=1.25",hub,0.25,30,17,40,1730,35,33,5,1697,0.875,0.0190751445086705,0.5147058823529411,0.4852941176470588,7.672632672569969
tfnbs,"e=1.1,h=4.0,n=30,start_thres=1.25",hub,0.25,30,17,40,1730,35,33,5,1697,0.875,0.0190751445086705,0.5147058823529411,0.4852941176470588,7.672632672569969
tfnbs,"e=1.1,h=5.0,n=30,start_thres=1.25",hub,0.25,30,17,40,1730,35,24,5,1706,0.875,0.0138728323699421,0.5932203389830508,0.4067796610169492,7.672632672569969
tfnbs,"e=1.1,h=6.0,n=30,start_thres=1.25",hub,0.25,30,17,40,1730,31,17,9,1713,0.775,0.0098265895953757,0.6458333333333334,0.3541666666666667,7.672632672569969
tfnbs,"e=1.1,h=7.0,n=30,start_thres=1.25",hub,0.25,30,17,40,1730,29,11,11,1719,0.725,0.0063583815028901,0.725,0.275,7.672632672569969
tfnbs,"e=1.1,h=8.0,n=30,start_thres=1.25",hub,0.25,30,17,40,1730,28,9,12,1721,0.7,0.0052023121387283,0.7567567567567568,0.2432432432432432,7.672632672569969
tfnbs,"e=1.1,h=9.0,n=30,start_thres=1.25",hub,0.25,30,17,40,1730,26,8,14,1722,0.65,0.0046242774566473,0.7647058823529411,0.2352941176470588,7.672632672569969
tfnbs,"e=1.1,h=10.0,n=30,start_thres=1.25",hub,0.25,30,17,40,1730,21,7,19,1723,0.525,0.0040462427745664,0.75,0.25,7.672632672569969
tfnbs,"e=1.2,h=0.5,n=30,start_thres=1.25",hub,0.25,30,17,40,1730,36,59,4,1671,0.9,0.0341040462427745,0.3789473684210526,0.6210526315789474,7.672632672569969
tfnbs,"e=1.2,h=1.0,n=30,start_thres=1.25",hub,0.25,30,17,40,1730,36,47,4,1683,0.9,0.0271676300578034,0.4337349397590361,0.5662650602409639,7.672632672569969
tfnbs,"e=1.2,h=2.0,n=30,start_thres=1.25",hub,0.25,30,17,40,1730,36,47,4,1683,0.9,0.0271676300578034,0.4337349397590361,0.5662650602409639,7.672632672569969
tfnbs,"e=1.2,h=3.0,n=30,start_thres=1.25",hub,0.25,30,17,40,1730,36,47,4,1683,0.9,0.0271676300578034,0.4337349397590361,0.5662650602409639,7.672632672569969
tfnbs,"e=1.2,h=4.0,n=30,start_thres=1.25",hub,0.25,30,17,40,1730,35,33,5,1697,0.875,0.0190751445086705,0.5147058823529411,0.4852941176470588,7.672632672569969
tfnbs,"e=1.2,h=5.0,n=30,start_thres=1.25",hub,0.25,30,17,40,1730,35,33,5,1697,0.875,0.0190751445086705,0.5147058823529411,0.4852941176470588,7.672632672569969
tfnbs,"e=1.2,h=6.0,n=30,start_thres=1.25",hub,0.25,30,17,40,1730,35,24,5,1706,0.875,0.0138728323699421,0.5932203389830508,0.4067796610169492,7.672632672569969
tfnbs,"e=1.2,h=7.0,n=30,start_thres=1.25",hub,0.25,30,17,40,1730,31,17,9,1713,0.775,0.0098265895953757,0.6458333333333334,0.3541666666666667,7.672632672569969
tfnbs,"e=1.2,h=8.0,n=30,start_thres=1.25",hub,0.25,30,17,40,1730,29,11,11,1719,0.725,0.0063583815028901,0.725,0.275,7.672632672569969
tfnbs,"e=1.2,h=9.0,n=30,start_thres=1.25",hub,0.25,30,17,40,1730,28,9,12,1721,0.7,0.0052023121387283,0.7567567567567568,0.2432432432432432,7.672632672569969
tfnbs,"e=1.2,h=10.0,n=30,start_thres=1.25",hub,0.25,30,17,40,1730,26,8,14,1722,0.65,0.0046242774566473,0.7647058823529411,0.2352941176470588,7.672632672569969
tfnbs,"e=1.3,h=0.5,n=30,start_thres=1.25",hub,0.25,30,17,40,1730,36,59,4,1671,0.9,0.0341040462427745,0.3789473684210526,0.6210526315789474,7.672632672569969
tfnbs,"e=1.3,h=1.0,n=30,start_thres=1.25",hub,0.25,30,17,40,1730,36,59,4,1671,0.9,0.0341040462427745,0.3789473684210526,0.6210526315789474,7.672632672569969
tfnbs,"e=1.3,h=2.0,n=30,start_thres=1.25",hub,0.25,30,17,40,1730,36,47,4,1683,0.9,0.0271676300578034,0.4337349397590361,0.5662650602409639,7.672632672569969
tfnbs,"e=1.3,h=3.0,n=30,start_thres=1.25",hub,0.25,30,17,40,1730,36,47,4,1683,0.9,0.0271676300578034,0.4337349397590361,0.5662650602409639,7.672632672569969
tfnbs,"e=1.3,h=4.0,n=30,start_thres=1.25",hub,0.25,30,17,40,1730,36,47,4,1683,0.9,0.0271676300578034,0.4337349397590361,0.5662650602409639,7.672632672569969
tfnbs,"e=1.3,h=5.0,n=30,start_thres=1.25",hub,0.25,30,17,40,1730,35,33,5,1697,0.875,0.0190751445086705,0.5147058823529411,0.4852941176470588,7.672632672569969
tfnbs,"e=1.3,h=6.0,n=30,start_thres=1.25",hub,0.25,30,17,40,1730,35,33,5,1697,0.875,0.0190751445086705,0.5147058823529411,0.4852941176470588,7.672632672569969
tfnbs,"e=1.3,h=7.0,n=30,start_thres=1.25",hub,0.25,30,17,40,1730,35,24,5,1706,0.875,0.0138728323699421,0.5932203389830508,0.4067796610169492,7.672632672569969
tfnbs,"e=1.3,h=8.0,n=30,start_thres=1.25",hub,0.25,30,17,40,1730,31,17,9,1713,0.775,0.0098265895953757,0.6458333333333334,0.3541666666666667,7.672632672569969
tfnbs,"e=1.3,h=9.0,n=30,start_thres=1.25",hub,0.25,30,17,40,1730,29,11,11,1719,0.725,0.0063583815028901,0.725,0.275,7.672632672569969
tfnbs,"e=1.3,h=10.0,n=30,start_thres=1.25",hub,0.25,30,17,40,1730,28,9,12,1721,0.7,0.0052023121387283,0.7567567567567568,0.2432432432432432,7.672632672569969
tfnbs,"e=1.4,h=0.5,n=30,start_thres=1.25",hub,0.25,30,17,40,1730,36,59,4,1671,0.9,0.0341040462427745,0.3789473684210526,0.6210526315789474,7.672632672569969
tfnbs,"e=1.4,h=1.0,n=30,start_thres=1.25",hub,0.25,30,17,40,1730,36,59,4,1671,0.9,0.0341040462427745,0.3789473684210526,0.6210526315789474,7.672632672569969
tfnbs,"e=1.4,h=2.0,n=30,start_thres=1.25",hub,0.25,30,17,40,1730,36,59,4,1671,0.9,0.0341040462427745,0.3789473684210526,0.6210526315789474,7.672632672569969
tfnbs,"e=1.4,h=3.0,n=30,start_thres=1.25",hub,0.25,30,17,40,1730,36,59,4,1671,0.9,0.0341040462427745,0.3789473684210526,0.6210526315789474,7.672632672569969
tfnbs,"e=1.4,h=4.0,n=30,start_thres=1.25",hub,0.25,30,17,40,1730,36,47,4,1683,0.9,0.0271676300578034,0.4337349397590361,0.5662650602409639,7.672632672569969
tfnbs,"e=1.4,h=5.0,n=30,start_thres=1.25",hub,0.25,30,17,40,1730,36,47,4,1683,0.9,0.0271676300578034,0.4337349397590361,0.5662650602409639,7.672632672569969
tfnbs,"e=1.4,h=6.0,n=30,start_thres=1.25",hub,0.25,30,17,40,1730,35,33,5,1697,0.875,0.0190751445086705,0.5147058823529411,0.4852941176470588,7.672632672569969
tfnbs,"e=1.4,h=7.0,n=30,start_thres=1.25",hub,0.25,30,17,40,1730,35,33,5,1697,0.875,0.0190751445086705,0.5147058823529411,0.4852941176470588,7.672632672569969
tfnbs,"e=1.4,h=8.0,n=30,start_thres=1.25",hub,0.25,30,17,40,1730,35,24,5,1706,0.875,0.0138728323699421,0.5932203389830508,0.4067796610169492,7.672632672569969
tfnbs,"e=1.4,h=9.0,n=30,start_thres=1.25",hub,0.25,30,17,40,1730,31,17,9,1713,0.775,0.0098265895953757,0.6458333333333334,0.3541666666666667,7.672632672569969
tfnbs,"e=1.4,h=10.0,n=30,start_thres=1.25",hub,0.25,30,17,40,1730,29,11,11,1719,0.725,0.0063583815028901,0.725,0.275,7.672632672569969
tfnbs,"e=1.5,h=0.5,n=30,start_thres=1.25",hub,0.25,30,17,40,1730,36,59,4,1671,0.9,0.0341040462427745,0.3789473684210526,0.6210526315789474,7.672632672569969
tfnbs,"e=1.5,h=1.0,n=30,start_thres=1.25",hub,0.25,30,17,40,1730,36,59,4,1671,0.9,0.0341040462427745,0.3789473684210526,0.6210526315789474,7.672632672569969
tfnbs,"e=1.5,h=2.0,n=30,start_thres=1.25",hub,0.25,30,17,40,1730,36,59,4,1671,0.9,0.0341040462427745,0.3789473684210526,0.6210526315789474,7.672632672569969
tfnbs,"e=1.5,h=3.0,n=30,start_thres=1.25",hub,0.25,30,17,40,1730,36,59,4,1671,0.9,0.0341040462427745,0.3789473684210526,0.6210526315789474,7.672632672569969
tfnbs,"e=1.5,h=4.0,n=30,start_thres=1.25",hub,0.25,30,17,40,1730,36,47,4,1683,0.9,0.0271676300578034,0.4337349397590361,0.5662650602409639,7.672632672569969
tfnbs,"e=1.5,h=5.0,n=30,start_thres=1.25",hub,0.25,30,17,40,1730,36,47,4,1683,0.9,0.0271676300578034,0.4337349397590361,0.5662650602409639,7.672632672569969
tfnbs,"e=1.5,h=6.0,n=30,start_thres=1.25",hub,0.25,30,17,40,1730,36,47,4,1683,0.9,0.0271676300578034,0.4337349397590361,0.5662650602409639,7.672632672569969
tfnbs,"e=1.5,h=7.0,n=30,start_thres=1.25",hub,0.25,30,17,40,1730,35,33,5,1697,0.875,0.0190751445086705,0.5147058823529411,0.4852941176470588,7.672632672569969
tfnbs,"e=1.5,h=8.0,n=30,start_thres=1.25",hub,0.25,30,17,40,1730,35,33,5,1697,0.875,0.0190751445086705,0.5147058823529411,0.4852941176470588,7.672632672569969
tfnbs,"e=1.5,h=9.0,n=30,start_thres=1.25",hub,0.25,30,17,40,1730,35,24,5,1706,0.875,0.0138728323699421,0.5932203389830508,0.4067796610169492,7.672632672569969
tfnbs,"e=1.5,h=10.0,n=30,start_thres=1.25",hub,0.25,30,17,40,1730,31,17,9,1713,0.775,0.0098265895953757,0.6458333333333334,0.3541666666666667,7.672632672569969
tfnbs,"e=0.05,h=0.5,n=30,start_thres=1.25",hub,0.25,30,29,40,1730,5,0,35,1730,0.125,0.0,1.0,0.0,7.618124578486789
tfnbs,"e=0.05,h=1.0,n=30,start_thres=1.25",hub,0.25,30,29,40,1730,5,0,35,1730,0.125,0.0,1.0,0.0,7.618124578486789
tfnbs,"e=0.05,h=2.0,n=30,start_thres=1.25",hub,0.25,30,29,40,1730,5,0,35,1730,0.125,0.0,1.0,0.0,7.618124578486789
tfnbs,"e=0.05,h=3.0,n=30,start_thres=1.25",hub,0.25,30,29,40,1730,5,0,35,1730,0.125,0.0,1.0,0.0,7.618124578486789
tfnbs,"e=0.05,h=4.0,n=30,start_thres=1.25",hub,0.25,30,29,40,1730,5,0,35,1730,0.125,0.0,1.0,0.0,7.618124578486789
tfnbs,"e=0.05,h=5.0,n=30,start_thres=1.25",hub,0.25,30,29,40,1730,5,0,35,1730,0.125,0.0,1.0,0.0,7.618124578486789
tfnbs,"e=0.05,h=6.0,n=30,start_thres=1.25",hub,0.25,30,29,40,1730,5,0,35,1730,0.125,0.0,1.0,0.0,7.618124578486789
tfnbs,"e=0.05,h=7.0,n=30,start_thres=1.25",hub,0.25,30,29,40,1730,4,0,36,1730,0.1,0.0,1.0,0.0,7.618124578486789
tfnbs,"e=0.05,h=8.0,n=30,start_thres=1.25",hub,0.25,30,29,40,1730,4,0,36,1730,0.1,0.0,1.0,0.0,7.618124578486789
tfnbs,"e=0.05,h=9.0,n=30,start_thres=1.25",hub,0.25,30,29,40,1730,4,0,36,1730,0.1,0.0,1.0,0.0,7.618124578486789
tfnbs,"e=0.05,h=10.0,n=30,start_thres=1.25",hub,0.25,30,29,40,1730,4,0,36,1730,0.1,0.0,1.0,0.0,7.618124578486789
tfnbs,"e=0.1,h=0.5,n=30,start_thres=1.25",hub,0.25,30,29,40,1730,11,0,29,1730,0.275,0.0,1.0,0.0,7.618124578486789
tfnbs,"e=0.1,h=1.0,n=30,start_thres=1.25",hub,0.25,30,29,40,1730,11,0,29,1730,0.275,0.0,1.0,0.0,7.618124578486789
tfnbs,"e=0.1,h=2.0,n=30,start_thres=1.25",hub,0.25,30,29,40,1730,6,0,34,1730,0.15,0.0,1.0,0.0,7.618124578486789
tfnbs,"e=0.1,h=3.0,n=30,start_thres=1.25",hub,0.25,30,29,40,1730,6,0,34,1730,0.15,0.0,1.0,0.0,7.618124578486789
tfnbs,"e=0.1,h=4.0,n=30,start_thres=1.25",hub,0.25,30,29,40,1730,6,0,34,1730,0.15,0.0,1.0,0.0,7.618124578486789
tfnbs,"e=0.1,h=5.0,n=30,start_thres=1.25",hub,0.25,30,29,40,1730,5,0,35,1730,0.125,0.0,1.0,0.0,7.618124578486789
tfnbs,"e=0.1,h=6.0,n=30,start_thres=1.25",hub,0.25,30,29,40,1730,5,0,35,1730,0.125,0.0,1.0,0.0,7.618124578486789
tfnbs,"e=0.1,h=7.0,n=30,start_thres=1.25",hub,0.25,30,29,40,1730,5,0,35,1730,0.125,0.0,1.0,0.0,7.618124578486789
tfnbs,"e=0.1,h=8.0,n=30,start_thres=1.25",hub,0.25,30,29,40,1730,5,0,35,1730,0.125,0.0,1.0,0.0,7.618124578486789
tfnbs,"e=0.1,h=9.0,n=30,start_thres=1.25",hub,0.25,30,29,40,1730,5,0,35,1730,0.125,0.0,1.0,0.0,7.618124578486789
tfnbs,"e=0.1,h=10.0,n=30,start_thres=1.25",hub,0.25,30,29,40,1730,5,0,35,1730,0.125,0.0,1.0,0.0,7.618124578486789
tfnbs,"e=0.2,h=0.5,n=30,start_thres=1.25",hub,0.25,30,29,40,1730,14,0,26,1730,0.35,0.0,1.0,0.0,7.618124578486789
tfnbs,"e=0.2,h=1.0,n=30,start_thres=1.25",hub,0.25,30,29,40,1730,13,0,27,1730,0.325,0.0,1.0,0.0,7.618124578486789
tfnbs,"e=0.2,h=2.0,n=30,start_thres=1.25",hub,0.25,30,29,40,1730,12,0,28,1730,0.3,0.0,1.0,0.0,7.618124578486789
tfnbs,"e=0.2,h=3.0,n=30,start_thres=1.25",hub,0.25,30,29,40,1730,12,0,28,1730,0.3,0.0,1.0,0.0,7.618124578486789
tfnbs,"e=0.2,h=4.0,n=30,start_thres=1.25",hub,0.25,30,29,40,1730,11,0,29,1730,0.275,0.0,1.0,0.0,7.618124578486789
tfnbs,"e=0.2,h=5.0,n=30,start_thres=1.25",hub,0.25,30,29,40,1730,11,0,29,1730,0.275,0.0,1.0,0.0,7.618124578486789
tfnbs,"e=0.2,h=6.0,n=30,start_thres=1.25",hub,0.25,30,29,40,1730,6,0,34,1730,0.15,0.0,1.0,0.0,7.618124578486789
tfnbs,"e=0.2,h=7.0,n=30,start_thres=1.25",hub,0.25,30,29,40,1730,6,0,34,1730,0.15,0.0,1.0,0.0,7.618124578486789
tfnbs,"e=0.2,h=8.0,n=30,start_thres=1.25",hub,0.25,30,29,40,1730,6,0,34,1730,0.15,0.0,1.0,0.0,7.618124578486789
tfnbs,"e=0.2,h=9.0,n=30,start_thres=1.25",hub,0.25,30,29,40,1730,6,0,34,1730,0.15,0.0,1.0,0.0,7.618124578486789
tfnbs,"e=0.2,h=10.0,n=30,start_thres=1.25",hub,0.25,30,29,40,1730,5,0,35,1730,0.125,0.0,1.0,0.0,7.618124578486789
tfnbs,"e=0.3,h=0.5,n=30,start_thres=1.25",hub,0.25,30,29,40,1730,17,1,23,1729,0.425,0.0005780346820809,0.9444444444444444,0.0555555555555555,7.618124578486789
tfnbs,"e=0.3,h=1.0,n=30,start_thres=1.25",hub,0.25,30,29,40,1730,17,1,23,1729,0.425,0.0005780346820809,0.9444444444444444,0.0555555555555555,7.618124578486789
tfnbs,"e=0.3,h=2.0,n=30,start_thres=1.25",hub,0.25,30,29,40,1730,16,1,24,1729,0.4,0.0005780346820809,0.9411764705882352,0.0588235294117647,7.618124578486789
tfnbs,"e=0.3,h=3.0,n=30,start_thres=1.25",hub,0.25,30,29,40,1730,14,0,26,1730,0.35,0.0,1.0,0.0,7.618124578486789
tfnbs,"e=0.3,h=4.0,n=30,start_thres=1.25",hub,0.25,30,29,40,1730,13,0,27,1730,0.325,0.0,1.0,0.0,7.618124578486789
tfnbs,"e=0.3,h=5.0,n=30,start_thres=1.25",hub,0.25,30,29,40,1730,12,0,28,1730,0.3,0.0,1.0,0.0,7.618124578486789
tfnbs,"e=0.3,h=6.0,n=30,start_thres=1.25",hub,0.25,30,29,40,1730,12,0,28,1730,0.3,0.0,1.0,0.0,7.618124578486789
tfnbs,"e=0.3,h=7.0,n=30,start_thres=1.25",hub,0.25,30,29,40,1730,11,0,29,1730,0.275,0.0,1.0,0.0,7.618124578486789
tfnbs,"e=0.3,h=8.0,n=30,start_thres=1.25",hub,0.25,30,29,40,1730,11,0,29,1730,0.275,0.0,1.0,0.0,7.618124578486789
tfnbs,"e=0.3,h=9.0,n=30,start_thres=1.25",hub,0.25,30,29,40,1730,6,0,34,1730,0.15,0.0,1.0,0.0,7.618124578486789
tfnbs,"e=0.3,h=10.0,n=30,start_thres=1.25",hub,0.25,30,29,40,1730,6,0,34,1730,0.15,0.0,1.0,0.0,7.618124578486789
tfnbs,"e=0.4,h=0.5,n=30,start_thres=1.25",hub,0.25,30,29,40,1730,19,1,21,1729,0.475,0.0005780346820809,0.95,0.05,7.618124578486789
tfnbs,"e=0.4,h=1.0,n=30,start_thres=1.25",hub,0.25,30,29,40,1730,17,1,23,1729,0.425,0.0005780346820809,0.9444444444444444,0.0555555555555555,7.618124578486789
tfnbs,"e=0.4,h=2.0,n=30,start_thres=1.25",hub,0.25,30,29,40,1730,17,1,23,1729,0.425,0.0005780346820809,0.9444444444444444,0.0555555555555555,7.618124578486789
tfnbs,"e=0.4,h=3.0,n=30,start_thres=1.25",hub,0.25,30,29,40,1730,16,1,24,1729,0.4,0.0005780346820809,0.9411764705882352,0.0588235294117647,7.618124578486789
tfnbs,"e=0.4,h=4.0,n=30,start_thres=1.25",hub,0.25,30,29,40,1730,14,0,26,1730,0.35,0.0,1.0,0.0,7.618124578486789
tfnbs,"e=0.4,h=5.0,n=30,start_thres=1.25",hub,0.25,30,29,40,1730,13,0,27,1730,0.325,0.0,1.0,0.0,7.618124578486789
tfnbs,"e=0.4,h=6.0,n=30,start_thres=1.25",hub,0.25,30,29,40,1730,13,0,27,1730,0.325,0.0,1.0,0.0,7.618124578486789
tfnbs,"e=0.4,h=7.0,n=30,start_thres=1.25",hub,0.25,30,29,40,1730,12,0,28,1730,0.3,0.0,1.0,0.0,7.618124578486789
tfnbs,"e=0.4,h=8.0,n=30,start_thres=1.25",hub,0.25,30,29,40,1730,12,0,28,1730,0.3,0.0,1.0,0.0,7.618124578486789
tfnbs,"e=0.4,h=9.0,n=30,start_thres=1.25",hub,0.25,30,29,40,1730,11,0,29,1730,0.275,0.0,1.0,0.0,7.618124578486789
tfnbs,"e=0.4,h=10.0,n=30,start_thres=1.25",hub,0.25,30,29,40,1730,11,0,29,1730,0.275,0.0,1.0,0.0,7.618124578486789
tfnbs,"e=0.5,h=0.5,n=30,start_thres=1.25",hub,0.25,30,29,40,1730,23,1,17,1729,0.575,0.0005780346820809,0.9583333333333334,0.0416666666666666,7.618124578486789
tfnbs,"e=0.5,h=1.0,n=30,start_thres=1.25",hub,0.25,30,29,40,1730,23,1,17,1729,0.575,0.0005780346820809,0.9583333333333334,0.0416666666666666,7.618124578486789
tfnbs,"e=0.5,h=2.0,n=30,start_thres=1.25",hub,0.25,30,29,40,1730,19,1,21,1729,0.475,0.0005780346820809,0.95,0.05,7.618124578486789
tfnbs,"e=0.5,h=3.0,n=30,start_thres=1.25",hub,0.25,30,29,40,1730,17,1,23,1729,0.425,0.0005780346820809,0.9444444444444444,0.0555555555555555,7.618124578486789
tfnbs,"e=0.5,h=4.0,n=30,start_thres=1.25",hub,0.25,30,29,40,1730,17,1,23,1729,0.425,0.0005780346820809,0.9444444444444444,0.0555555555555555,7.618124578486789
tfnbs,"e=0.5,h=5.0,n=30,start_thres=1.25",hub,0.25,30,29,40,1730,16,1,24,1729,0.4,0.0005780346820809,0.9411764705882352,0.0588235294117647,7.618124578486789
tfnbs,"e=0.5,h=6.0,n=30,start_thres=1.25",hub,0.25,30,29,40,1730,14,0,26,1730,0.35,0.0,1.0,0.0,7.618124578486789
tfnbs,"e=0.5,h=7.0,n=30,start_thres=1.25",hub,0.25,30,29,40,1730,13,0,27,1730,0.325,0.0,1.0,0.0,7.618124578486789
tfnbs,"e=0.5,h=8.0,n=30,start_thres=1.25",hub,0.25,30,29,40,1730,13,0,27,1730,0.325,0.0,1.0,0.0,7.618124578486789
tfnbs,"e=0.5,h=9.0,n=30,start_thres=1.25",hub,0.25,30,29,40,1730,12,0,28,1730,0.3,0.0,1.0,0.0,7.618124578486789
tfnbs,"e=0.5,h=10.0,n=30,start_thres=1.25",hub,0.25,30,29,40,1730,12,0,28,1730,0.3,0.0,1.0,0.0,7.618124578486789
tfnbs,"e=0.6,h=0.5,n=30,start_thres=1.25",hub,0.25,30,29,40,1730,26,3,14,1727,0.65,0.0017341040462427,0.896551724137931,0.1034482758620689,7.618124578486789
tfnbs,"e=0.6,h=1.0,n=30,start_thres=1.25",hub,0.25,30,29,40,1730,26,3,14,1727,0.65,0.0017341040462427,0.896551724137931,0.1034482758620689,7.618124578486789
tfnbs,"e=0.6,h=2.0,n=30,start_thres=1.25",hub,0.25,30,29,40,1730,23,1,17,1729,0.575,0.0005780346820809,0.9583333333333334,0.0416666666666666,7.618124578486789
tfnbs,"e=0.6,h=3.0,n=30,start_thres=1.25",hub,0.25,30,29,40,1730,19,1,21,1729,0.475,0.0005780346820809,0.95,0.05,7.618124578486789
tfnbs,"e=0.6,h=4.0,n=30,start_thres=1.25",hub,0.25,30,29,40,1730,17,1,23,1729,0.425,0.0005780346820809,0.9444444444444444,0.0555555555555555,7.618124578486789
tfnbs,"e=0.6,h=5.0,n=30,start_thres=1.25",hub,0.25,30,29,40,1730,17,1,23,1729,0.425,0.0005780346820809,0.9444444444444444,0.0555555555555555,7.618124578486789
tfnbs,"e=0.6,h=6.0,n=30,start_thres=1.25",hub,0.25,30,29,40,1730,16,1,24,1729,0.4,0.0005780346820809,0.9411764705882352,0.0588235294117647,7.618124578486789
tfnbs,"e=0.6,h=7.0,n=30,start_thres=1.25",hub,0.25,30,29,40,1730,14,0,26,1730,0.35,0.0,1.0,0.0,7.618124578486789
tfnbs,"e=0.6,h=8.0,n=30,start_thres=1.25",hub,0.25,30,29,40,1730,14,0,26,1730,0.35,0.0,1.0,0.0,7.618124578486789
tfnbs,"e=0.6,h=9.0,n=30,start_thres=1.25",hub,0.25,30,29,40,1730,13,0,27,1730,0.325,0.0,1.0,0.0,7.618124578486789
tfnbs,"e=0.6,h=10.0,n=30,start_thres=1.25",hub,0.25,30,29,40,1730,13,0,27,1730,0.325,0.0,1.0,0.0,7.618124578486789
tfnbs,"e=0.7,h=0.5,n=30,start_thres=1.25",hub,0.25,30,29,40,1730,26,3,14,1727,0.65,0.0017341040462427,0.896551724137931,0.1034482758620689,7.618124578486789
tfnbs,"e=0.7,h=1.0,n=30,start_thres=1.25",hub,0.25,30,29,40,1730,26,3,14,1727,0.65,0.0017341040462427,0.896551724137931,0.1034482758620689,7.618124578486789
tfnbs,"e=0.7,h=2.0,n=30,start_thres=1.25",hub,0.25,30,29,40,1730,26,3,14,1727,0.65,0.0017341040462427,0.896551724137931,0.1034482758620689,7.618124578486789
tfnbs,"e=0.7,h=3.0,n=30,start_thres=1.25",hub,0.25,30,29,40,1730,23,1,17,1729,0.575,0.0005780346820809,0.9583333333333334,0.0416666666666666,7.618124578486789
tfnbs,"e=0.7,h=4.0,n=30,start_thres=1.25",hub,0.25,30,29,40,1730,19,1,21,1729,0.475,0.0005780346820809,0.95,0.05,7.618124578486789
tfnbs,"e=0.7,h=5.0,n=30,start_thres=1.25",hub,0.25,30,29,40,1730,19,1,21,1729,0.475,0.0005780346820809,0.95,0.05,7.618124578486789
tfnbs,"e=0.7,h=6.0,n=30,start_thres=1.25",hub,0.25,30,29,40,1730,17,1,23,1729,0.425,0.0005780346820809,0.9444444444444444,0.0555555555555555,7.618124578486789
tfnbs,"e=0.7,h=7.0,n=30,start_thres=1.25",hub,0.25,30,29,40,1730,17,1,23,1729,0.425,0.0005780346820809,0.9444444444444444,0.0555555555555555,7.618124578486789
tfnbs,"e=0.7,h=8.0,n=30,start_thres=1.25",hub,0.25,30,29,40,1730,16,1,24,1729,0.4,0.0005780346820809,0.9411764705882352,0.0588235294117647,7.618124578486789
tfnbs,"e=0.7,h=9.0,n=30,start_thres=1.25",hub,0.25,30,29,40,1730,14,0,26,1730,0.35,0.0,1.0,0.0,7.618124578486789
tfnbs,"e=0.7,h=10.0,n=30,start_thres=1.25",hub,0.25,30,29,40,1730,13,0,27,1730,0.325,0.0,1.0,0.0,7.618124578486789
tfnbs,"e=0.8,h=0.5,n=30,start_thres=1.25",hub,0.25,30,29,40,1730,28,7,12,1723,0.7,0.0040462427745664,0.8,0.2,7.618124578486789
tfnbs,"e=0.8,h=1.0,n=30,start_thres=1.25",hub,0.25,30,29,40,1730,28,7,12,1723,0.7,0.0040462427745664,0.8,0.2,7.618124578486789
tfnbs,"e=0.8,h=2.0,n=30,start_thres=1.25",hub,0.25,30,29,40,1730,28,7,12,1723,0.7,0.0040462427745664,0.8,0.2,7.618124578486789
tfnbs,"e=0.8,h=3.0,n=30,start_thres=1.25",hub,0.25,30,29,40,1730,26,3,14,1727,0.65,0.0017341040462427,0.896551724137931,0.1034482758620689,7.618124578486789
tfnbs,"e=0.8,h=4.0,n=30,start_thres=1.25",hub,0.25,30,29,40,1730,23,1,17,1729,0.575,0.0005780346820809,0.9583333333333334,0.0416666666666666,7.618124578486789
tfnbs,"e=0.8,h=5.0,n=30,start_thres=1.25",hub,0.25,30,29,40,1730,23,1,17,1729,0.575,0.0005780346820809,0.9583333333333334,0.0416666666666666,7.618124578486789
tfnbs,"e=0.8,h=6.0,n=30,start_thres=1.25",hub,0.25,30,29,40,1730,19,1,21,1729,0.475,0.0005780346820809,0.95,0.05,7.618124578486789
tfnbs,"e=0.8,h=7.0,n=30,start_thres=1.25",hub,0.25,30,29,40,1730,17,1,23,1729,0.425,0.0005780346820809,0.9444444444444444,0.0555555555555555,7.618124578486789
tfnbs,"e=0.8,h=8.0,n=30,start_thres=1.25",hub,0.25,30,29,40,1730,17,1,23,1729,0.425,0.0005780346820809,0.9444444444444444,0.0555555555555555,7.618124578486789
tfnbs,"e=0.8,h=9.0,n=30,start_thres=1.25",hub,0.25,30,29,40,1730,16,1,24,1729,0.4,0.0005780346820809,0.9411764705882352,0.0588235294117647,7.618124578486789
tfnbs,"e=0.8,h=10.0,n=30,start_thres=1.25",hub,0.25,30,29,40,1730,14,0,26,1730,0.35,0.0,1.0,0.0,7.618124578486789
tfnbs,"e=0.9,h=0.5,n=30,start_thres=1.25",hub,0.25,30,29,40,1730,28,7,12,1723,0.7,0.0040462427745664,0.8,0.2,7.618124578486789
tfnbs,"e=0.9,h=1.0,n=30,start_thres=1.25",hub,0.25,30,29,40,1730,28,7,12,1723,0.7,0.0040462427745664,0.8,0.2,7.618124578486789
tfnbs,"e=0.9,h=2.0,n=30,start_thres=1.25",hub,0.25,30,29,40,1730,28,7,12,1723,0.7,0.0040462427745664,0.8,0.2,7.618124578486789
tfnbs,"e=0.9,h=3.0,n=30,start_thres=1.25",hub,0.25,30,29,40,1730,28,7,12,1723,0.7,0.0040462427745664,0.8,0.2,7.618124578486789
tfnbs,"e=0.9,h=4.0,n=30,start_thres=1.25",hub,0.25,30,29,40,1730,28,7,12,1723,0.7,0.0040462427745664,0.8,0.2,7.618124578486789
tfnbs,"e=0.9,h=5.0,n=30,start_thres=1.25",hub,0.25,30,29,40,1730,26,3,14,1727,0.65,0.0017341040462427,0.896551724137931,0.1034482758620689,7.618124578486789
tfnbs,"e=0.9,h=6.0,n=30,start_thres=1.25",hub,0.25,30,29,40,1730,23,1,17,1729,0.575,0.0005780346820809,0.9583333333333334,0.0416666666666666,7.618124578486789
tfnbs,"e=0.9,h=7.0,n=30,start_thres=1.25",hub,0.25,30,29,40,1730,19,1,21,1729,0.475,0.0005780346820809,0.95,0.05,7.618124578486789
tfnbs,"e=0.9,h=8.0,n=30,start_thres=1.25",hub,0.25,30,29,40,1730,17,1,23,1729,0.425,0.0005780346820809,0.9444444444444444,0.0555555555555555,7.618124578486789
tfnbs,"e=0.9,h=9.0,n=30,start_thres=1.25",hub,0.25,30,29,40,1730,17,1,23,1729,0.425,0.0005780346820809,0.9444444444444444,0.0555555555555555,7.618124578486789
tfnbs,"e=0.9,h=10.0,n=30,start_thres=1.25",hub,0.25,30,29,40,1730,16,1,24,1729,0.4,0.0005780346820809,0.9411764705882352,0.0588235294117647,7.618124578486789
tfnbs,"e=1.0,h=0.5,n=30,start_thres=1.25",hub,0.25,30,29,40,1730,30,11,10,1719,0.75,0.0063583815028901,0.7317073170731707,0.2682926829268293,7.618124578486789
tfnbs,"e=1.0,h=1.0,n=30,start_thres=1.25",hub,0.25,30,29,40,1730,30,11,10,1719,0.75,0.0063583815028901,0.7317073170731707,0.2682926829268293,7.618124578486789
tfnbs,"e=1.0,h=2.0,n=30,start_thres=1.25",hub,0.25,30,29,40,1730,28,7,12,1723,0.7,0.0040462427745664,0.8,0.2,7.618124578486789
tfnbs,"e=1.0,h=3.0,n=30,start_thres=1.25",hub,0.25,30,29,40,1730,28,7,12,1723,0.7,0.0040462427745664,0.8,0.2,7.618124578486789
tfnbs,"e=1.0,h=4.0,n=30,start_thres=1.25",hub,0.25,30,29,40,1730,28,7,12,1723,0.7,0.0040462427745664,0.8,0.2,7.618124578486789
tfnbs,"e=1.0,h=5.0,n=30,start_thres=1.25",hub,0.25,30,29,40,1730,26,3,14,1727,0.65,0.0017341040462427,0.896551724137931,0.1034482758620689,7.618124578486789
tfnbs,"e=1.0,h=6.0,n=30,start_thres=1.25",hub,0.25,30,29,40,1730,26,3,14,1727,0.65,0.0017341040462427,0.896551724137931,0.1034482758620689,7.618124578486789
tfnbs,"e=1.0,h=7.0,n=30,start_thres=1.25",hub,0.25,30,29,40,1730,23,1,17,1729,0.575,0.0005780346820809,0.9583333333333334,0.0416666666666666,7.618124578486789
tfnbs,"e=1.0,h=8.0,n=30,start_thres=1.25",hub,0.25,30,29,40,1730,19,1,21,1729,0.475,0.0005780346820809,0.95,0.05,7.618124578486789
tfnbs,"e=1.0,h=9.0,n=30,start_thres=1.25",hub,0.25,30,29,40,1730,17,1,23,1729,0.425,0.0005780346820809,0.9444444444444444,0.0555555555555555,7.618124578486789
tfnbs,"e=1.0,h=10.0,n=30,start_thres=1.25",hub,0.25,30,29,40,1730,17,1,23,1729,0.425,0.0005780346820809,0.9444444444444444,0.0555555555555555,7.618124578486789
tfnbs,"e=1.1,h=0.5,n=30,start_thres=1.25",hub,0.25,30,29,40,1730,30,11,10,1719,0.75,0.0063583815028901,0.7317073170731707,0.2682926829268293,7.618124578486789
tfnbs,"e=1.1,h=1.0,n=30,start_thres=1.25",hub,0.25,30,29,40,1730,30,11,10,1719,0.75,0.0063583815028901,0.7317073170731707,0.2682926829268293,7.618124578486789
tfnbs,"e=1.1,h=2.0,n=30,start_thres=1.25",hub,0.25,30,29,40,1730,30,11,10,1719,0.75,0.0063583815028901,0.7317073170731707,0.2682926829268293,7.618124578486789
tfnbs,"e=1.1,h=3.0,n=30,start_thres=1.25",hub,0.25,30,29,40,1730,30,11,10,1719,0.75,0.0063583815028901,0.7317073170731707,0.2682926829268293,7.618124578486789
tfnbs,"e=1.1,h=4.0,n=30,start_thres=1.25",hub,0.25,30,29,40,1730,30,11,10,1719,0.75,0.0063583815028901,0.7317073170731707,0.2682926829268293,7.618124578486789
tfnbs,"e=1.1,h=5.0,n=30,start_thres=1.25",hub,0.25,30,29,40,1730,28,7,12,1723,0.7,0.0040462427745664,0.8,0.2,7.618124578486789
tfnbs,"e=1.1,h=6.0,n=30,start_thres=1.25",hub,0.25,30,29,40,1730,26,3,14,1727,0.65,0.0017341040462427,0.896551724137931,0.1034482758620689,7.618124578486789
tfnbs,"e=1.1,h=7.0,n=30,start_thres=1.25",hub,0.25,30,29,40,1730,26,3,14,1727,0.65,0.0017341040462427,0.896551724137931,0.1034482758620689,7.618124578486789
tfnbs,"e=1.1,h=8.0,n=30,start_thres=1.25",hub,0.25,30,29,40,1730,23,1,17,1729,0.575,0.0005780346820809,0.9583333333333334,0.0416666666666666,7.618124578486789
tfnbs,"e=1.1,h=9.0,n=30,start_thres=1.25",hub,0.25,30,29,40,1730,19,1,21,1729,0.475,0.0005780346820809,0.95,0.05,7.618124578486789
tfnbs,"e=1.1,h=10.0,n=30,start_thres=1.25",hub,0.25,30,29,40,1730,17,1,23,1729,0.425,0.0005780346820809,0.9444444444444444,0.0555555555555555,7.618124578486789
tfnbs,"e=1.2,h=0.5,n=30,start_thres=1.25",hub,0.25,30,29,40,1730,30,11,10,1719,0.75,0.0063583815028901,0.7317073170731707,0.2682926829268293,7.618124578486789
tfnbs,"e=1.2,h=1.0,n=30,start_thres=1.25",hub,0.25,30,29,40,1730,30,11,10,1719,0.75,0.0063583815028901,0.7317073170731707,0.2682926829268293,7.618124578486789
tfnbs,"e=1.2,h=2.0,n=30,start_thres=1.25",hub,0.25,30,29,40,1730,30,11,10,1719,0.75,0.0063583815028901,0.7317073170731707,0.2682926829268293,7.618124578486789
tfnbs,"e=1.2,h=3.0,n=30,start_thres=1.25",hub,0.25,30,29,40,1730,30,11,10,1719,0.75,0.0063583815028901,0.7317073170731707,0.2682926829268293,7.618124578486789
tfnbs,"e=1.2,h=4.0,n=30,start_thres=1.25",hub,0.25,30,29,40,1730,30,11,10,1719,0.75,0.0063583815028901,0.7317073170731707,0.2682926829268293,7.618124578486789
tfnbs,"e=1.2,h=5.0,n=30,start_thres=1.25",hub,0.25,30,29,40,1730,30,11,10,1719,0.75,0.0063583815028901,0.7317073170731707,0.2682926829268293,7.618124578486789
tfnbs,"e=1.2,h=6.0,n=30,start_thres=1.25",hub,0.25,30,29,40,1730,28,7,12,1723,0.7,0.0040462427745664,0.8,0.2,7.618124578486789
tfnbs,"e=1.2,h=7.0,n=30,start_thres=1.25",hub,0.25,30,29,40,1730,26,3,14,1727,0.65,0.0017341040462427,0.896551724137931,0.1034482758620689,7.618124578486789
tfnbs,"e=1.2,h=8.0,n=30,start_thres=1.25",hub,0.25,30,29,40,1730,26,3,14,1727,0.65,0.0017341040462427,0.896551724137931,0.1034482758620689,7.618124578486789
tfnbs,"e=1.2,h=9.0,n=30,start_thres=1.25",hub,0.25,30,29,40,1730,23,1,17,1729,0.575,0.0005780346820809,0.9583333333333334,0.0416666666666666,7.618124578486789
tfnbs,"e=1.2,h=10.0,n=30,start_thres=1.25",hub,0.25,30,29,40,1730,19,1,21,1729,0.475,0.0005780346820809,0.95,0.05,7.618124578486789
tfnbs,"e=1.3,h=0.5,n=30,start_thres=1.25",hub,0.25,30,29,40,1730,30,11,10,1719,0.75,0.0063583815028901,0.7317073170731707,0.2682926829268293,7.618124578486789
tfnbs,"e=1.3,h=1.0,n=30,start_thres=1.25",hub,0.25,30,29,40,1730,30,11,10,1719,0.75,0.0063583815028901,0.7317073170731707,0.2682926829268293,7.618124578486789
tfnbs,"e=1.3,h=2.0,n=30,start_thres=1.25",hub,0.25,30,29,40,1730,30,11,10,1719,0.75,0.0063583815028901,0.7317073170731707,0.2682926829268293,7.618124578486789
tfnbs,"e=1.3,h=3.0,n=30,start_thres=1.25",hub,0.25,30,29,40,1730,30,11,10,1719,0.75,0.0063583815028901,0.7317073170731707,0.2682926829268293,7.618124578486789
tfnbs,"e=1.3,h=4.0,n=30,start_thres=1.25",hub,0.25,30,29,40,1730,30,11,10,1719,0.75,0.0063583815028901,0.7317073170731707,0.2682926829268293,7.618124578486789
tfnbs,"e=1.3,h=5.0,n=30,start_thres=1.25",hub,0.25,30,29,40,1730,30,11,10,1719,0.75,0.0063583815028901,0.7317073170731707,0.2682926829268293,7.618124578486789
tfnbs,"e=1.3,h=6.0,n=30,start_thres=1.25",hub,0.25,30,29,40,1730,30,11,10,1719,0.75,0.0063583815028901,0.7317073170731707,0.2682926829268293,7.618124578486789
tfnbs,"e=1.3,h=7.0,n=30,start_thres=1.25",hub,0.25,30,29,40,1730,28,7,12,1723,0.7,0.0040462427745664,0.8,0.2,7.618124578486789
tfnbs,"e=1.3,h=8.0,n=30,start_thres=1.25",hub,0.25,30,29,40,1730,26,3,14,1727,0.65,0.0017341040462427,0.896551724137931,0.1034482758620689,7.618124578486789
tfnbs,"e=1.3,h=9.0,n=30,start_thres=1.25",hub,0.25,30,29,40,1730,26,3,14,1727,0.65,0.0017341040462427,0.896551724137931,0.1034482758620689,7.618124578486789
tfnbs,"e=1.3,h=10.0,n=30,start_thres=1.25",hub,0.25,30,29,40,1730,23,1,17,1729,0.575,0.0005780346820809,0.9583333333333334,0.0416666666666666,7.618124578486789
tfnbs,"e=1.4,h=0.5,n=30,start_thres=1.25",hub,0.25,30,29,40,1730,30,11,10,1719,0.75,0.0063583815028901,0.7317073170731707,0.2682926829268293,7.618124578486789
tfnbs,"e=1.4,h=1.0,n=30,start_thres=1.25",hub,0.25,30,29,40,1730,30,11,10,1719,0.75,0.0063583815028901,0.7317073170731707,0.2682926829268293,7.618124578486789
tfnbs,"e=1.4,h=2.0,n=30,start_thres=1.25",hub,0.25,30,29,40,1730,32,16,8,1714,0.8,0.0092485549132947,0.6666666666666666,0.3333333333333333,7.618124578486789
tfnbs,"e=1.4,h=3.0,n=30,start_thres=1.25",hub,0.25,30,29,40,1730,30,11,10,1719,0.75,0.0063583815028901,0.7317073170731707,0.2682926829268293,7.618124578486789
tfnbs,"e=1.4,h=4.0,n=30,start_thres=1.25",hub,0.25,30,29,40,1730,30,11,10,1719,0.75,0.0063583815028901,0.7317073170731707,0.2682926829268293,7.618124578486789
tfnbs,"e=1.4,h=5.0,n=30,start_thres=1.25",hub,0.25,30,29,40,1730,30,11,10,1719,0.75,0.0063583815028901,0.7317073170731707,0.2682926829268293,7.618124578486789
tfnbs,"e=1.4,h=6.0,n=30,start_thres=1.25",hub,0.25,30,29,40,1730,30,11,10,1719,0.75,0.0063583815028901,0.7317073170731707,0.2682926829268293,7.618124578486789
tfnbs,"e=1.4,h=7.0,n=30,start_thres=1.25",hub,0.25,30,29,40,1730,30,11,10,1719,0.75,0.0063583815028901,0.7317073170731707,0.2682926829268293,7.618124578486789
tfnbs,"e=1.4,h=8.0,n=30,start_thres=1.25",hub,0.25,30,29,40,1730,28,7,12,1723,0.7,0.0040462427745664,0.8,0.2,7.618124578486789
tfnbs,"e=1.4,h=9.0,n=30,start_thres=1.25",hub,0.25,30,29,40,1730,26,3,14,1727,0.65,0.0017341040462427,0.896551724137931,0.1034482758620689,7.618124578486789
tfnbs,"e=1.4,h=10.0,n=30,start_thres=1.25",hub,0.25,30,29,40,1730,26,3,14,1727,0.65,0.0017341040462427,0.896551724137931,0.1034482758620689,7.618124578486789
tfnbs,"e=1.5,h=0.5,n=30,start_thres=1.25",hub,0.25,30,29,40,1730,30,11,10,1719,0.75,0.0063583815028901,0.7317073170731707,0.2682926829268293,7.618124578486789
tfnbs,"e=1.5,h=1.0,n=30,start_thres=1.25",hub,0.25,30,29,40,1730,30,11,10,1719,0.75,0.0063583815028901,0.7317073170731707,0.2682926829268293,7.618124578486789
tfnbs,"e=1.5,h=2.0,n=30,start_thres=1.25",hub,0.25,30,29,40,1730,32,16,8,1714,0.8,0.0092485549132947,0.6666666666666666,0.3333333333333333,7.618124578486789
tfnbs,"e=1.5,h=3.0,n=30,start_thres=1.25",hub,0.25,30,29,40,1730,32,16,8,1714,0.8,0.0092485549132947,0.6666666666666666,0.3333333333333333,7.618124578486789
tfnbs,"e=1.5,h=4.0,n=30,start_thres=1.25",hub,0.25,30,29,40,1730,32,16,8,1714,0.8,0.0092485549132947,0.6666666666666666,0.3333333333333333,7.618124578486789
tfnbs,"e=1.5,h=5.0,n=30,start_thres=1.25",hub,0.25,30,29,40,1730,30,11,10,1719,0.75,0.0063583815028901,0.7317073170731707,0.2682926829268293,7.618124578486789
tfnbs,"e=1.5,h=6.0,n=30,start_thres=1.25",hub,0.25,30,29,40,1730,30,11,10,1719,0.75,0.0063583815028901,0.7317073170731707,0.2682926829268293,7.618124578486789
tfnbs,"e=1.5,h=7.0,n=30,start_thres=1.25",hub,0.25,30,29,40,1730,30,11,10,1719,0.75,0.0063583815028901,0.7317073170731707,0.2682926829268293,7.618124578486789
tfnbs,"e=1.5,h=8.0,n=30,start_thres=1.25",hub,0.25,30,29,40,1730,28,7,12,1723,0.7,0.0040462427745664,0.8,0.2,7.618124578486789
tfnbs,"e=1.5,h=9.0,n=30,start_thres=1.25",hub,0.25,30,29,40,1730,28,7,12,1723,0.7,0.0040462427745664,0.8,0.2,7.618124578486789
tfnbs,"e=1.5,h=10.0,n=30,start_thres=1.25",hub,0.25,30,29,40,1730,26,3,14,1727,0.65,0.0017341040462427,0.896551724137931,0.1034482758620689,7.618124578486789
tfnbs,"e=0.05,h=0.5,n=30,start_thres=1.25",hub,0.25,30,19,40,1730,3,0,37,1730,0.075,0.0,1.0,0.0,7.759517748247493
tfnbs,"e=0.05,h=1.0,n=30,start_thres=1.25",hub,0.25,30,19,40,1730,3,0,37,1730,0.075,0.0,1.0,0.0,7.759517748247493
tfnbs,"e=0.05,h=2.0,n=30,start_thres=1.25",hub,0.25,30,19,40,1730,3,0,37,1730,0.075,0.0,1.0,0.0,7.759517748247493
tfnbs,"e=0.05,h=3.0,n=30,start_thres=1.25",hub,0.25,30,19,40,1730,3,0,37,1730,0.075,0.0,1.0,0.0,7.759517748247493
tfnbs,"e=0.05,h=4.0,n=30,start_thres=1.25",hub,0.25,30,19,40,1730,3,0,37,1730,0.075,0.0,1.0,0.0,7.759517748247493
tfnbs,"e=0.05,h=5.0,n=30,start_thres=1.25",hub,0.25,30,19,40,1730,3,0,37,1730,0.075,0.0,1.0,0.0,7.759517748247493
tfnbs,"e=0.05,h=6.0,n=30,start_thres=1.25",hub,0.25,30,19,40,1730,3,0,37,1730,0.075,0.0,1.0,0.0,7.759517748247493
tfnbs,"e=0.05,h=7.0,n=30,start_thres=1.25",hub,0.25,30,19,40,1730,3,0,37,1730,0.075,0.0,1.0,0.0,7.759517748247493
tfnbs,"e=0.05,h=8.0,n=30,start_thres=1.25",hub,0.25,30,19,40,1730,3,0,37,1730,0.075,0.0,1.0,0.0,7.759517748247493
tfnbs,"e=0.05,h=9.0,n=30,start_thres=1.25",hub,0.25,30,19,40,1730,3,0,37,1730,0.075,0.0,1.0,0.0,7.759517748247493
tfnbs,"e=0.05,h=10.0,n=30,start_thres=1.25",hub,0.25,30,19,40,1730,3,0,37,1730,0.075,0.0,1.0,0.0,7.759517748247493
tfnbs,"e=0.1,h=0.5,n=30,start_thres=1.25",hub,0.25,30,19,40,1730,5,0,35,1730,0.125,0.0,1.0,0.0,7.759517748247493
tfnbs,"e=0.1,h=1.0,n=30,start_thres=1.25",hub,0.25,30,19,40,1730,5,0,35,1730,0.125,0.0,1.0,0.0,7.759517748247493
tfnbs,"e=0.1,h=2.0,n=30,start_thres=1.25",hub,0.25,30,19,40,1730,5,0,35,1730,0.125,0.0,1.0,0.0,7.759517748247493
tfnbs,"e=0.1,h=3.0,n=30,start_thres=1.25",hub,0.25,30,19,40,1730,5,0,35,1730,0.125,0.0,1.0,0.0,7.759517748247493
tfnbs,"e=0.1,h=4.0,n=30,start_thres=1.25",hub,0.25,30,19,40,1730,3,0,37,1730,0.075,0.0,1.0,0.0,7.759517748247493
tfnbs,"e=0.1,h=5.0,n=30,start_thres=1.25",hub,0.25,30,19,40,1730,3,0,37,1730,0.075,0.0,1.0,0.0,7.759517748247493
tfnbs,"e=0.1,h=6.0,n=30,start_thres=1.25",hub,0.25,30,19,40,1730,3,0,37,1730,0.075,0.0,1.0,0.0,7.759517748247493
tfnbs,"e=0.1,h=7.0,n=30,start_thres=1.25",hub,0.25,30,19,40,1730,3,0,37,1730,0.075,0.0,1.0,0.0,7.759517748247493
tfnbs,"e=0.1,h=8.0,n=30,start_thres=1.25",hub,0.25,30,19,40,1730,3,0,37,1730,0.075,0.0,1.0,0.0,7.759517748247493
tfnbs,"e=0.1,h=9.0,n=30,start_thres=1.25",hub,0.25,30,19,40,1730,3,0,37,1730,0.075,0.0,1.0,0.0,7.759517748247493
tfnbs,"e=0.1,h=10.0,n=30,start_thres=1.25",hub,0.25,30,19,40,1730,3,0,37,1730,0.075,0.0,1.0,0.0,7.759517748247493
tfnbs,"e=0.2,h=0.5,n=30,start_thres=1.25",hub,0.25,30,19,40,1730,6,0,34,1730,0.15,0.0,1.0,0.0,7.759517748247493
tfnbs,"e=0.2,h=1.0,n=30,start_thres=1.25",hub,0.25,30,19,40,1730,6,0,34,1730,0.15,0.0,1.0,0.0,7.759517748247493
tfnbs,"e=0.2,h=2.0,n=30,start_thres=1.25",hub,0.25,30,19,40,1730,5,0,35,1730,0.125,0.0,1.0,0.0,7.759517748247493
tfnbs,"e=0.2,h=3.0,n=30,start_thres=1.25",hub,0.25,30,19,40,1730,5,0,35,1730,0.125,0.0,1.0,0.0,7.759517748247493
tfnbs,"e=0.2,h=4.0,n=30,start_thres=1.25",hub,0.25,30,19,40,1730,5,0,35,1730,0.125,0.0,1.0,0.0,7.759517748247493
tfnbs,"e=0.2,h=5.0,n=30,start_thres=1.25",hub,0.25,30,19,40,1730,5,0,35,1730,0.125,0.0,1.0,0.0,7.759517748247493
tfnbs,"e=0.2,h=6.0,n=30,start_thres=1.25",hub,0.25,30,19,40,1730,5,0,35,1730,0.125,0.0,1.0,0.0,7.759517748247493
tfnbs,"e=0.2,h=7.0,n=30,start_thres=1.25",hub,0.25,30,19,40,1730,5,0,35,1730,0.125,0.0,1.0,0.0,7.759517748247493
tfnbs,"e=0.2,h=8.0,n=30,start_thres=1.25",hub,0.25,30,19,40,1730,3,0,37,1730,0.075,0.0,1.0,0.0,7.759517748247493
tfnbs,"e=0.2,h=9.0,n=30,start_thres=1.25",hub,0.25,30,19,40,1730,3,0,37,1730,0.075,0.0,1.0,0.0,7.759517748247493
tfnbs,"e=0.2,h=10.0,n=30,start_thres=1.25",hub,0.25,30,19,40,1730,3,0,37,1730,0.075,0.0,1.0,0.0,7.759517748247493
tfnbs,"e=0.3,h=0.5,n=30,start_thres=1.25",hub,0.25,30,19,40,1730,7,0,33,1730,0.175,0.0,1.0,0.0,7.759517748247493
tfnbs,"e=0.3,h=1.0,n=30,start_thres=1.25",hub,0.25,30,19,40,1730,7,0,33,1730,0.175,0.0,1.0,0.0,7.759517748247493
tfnbs,"e=0.3,h=2.0,n=30,start_thres=1.25",hub,0.25,30,19,40,1730,6,0,34,1730,0.15,0.0,1.0,0.0,7.759517748247493
tfnbs,"e=0.3,h=3.0,n=30,start_thres=1.25",hub,0.25,30,19,40,1730,6,0,34,1730,0.15,0.0,1.0,0.0,7.759517748247493
tfnbs,"e=0.3,h=4.0,n=30,start_thres=1.25",hub,0.25,30,19,40,1730,5,0,35,1730,0.125,0.0,1.0,0.0,7.759517748247493
tfnbs,"e=0.3,h=5.0,n=30,start_thres=1.25",hub,0.25,30,19,40,1730,5,0,35,1730,0.125,0.0,1.0,0.0,7.759517748247493
tfnbs,"e=0.3,h=6.0,n=30,start_thres=1.25",hub,0.25,30,19,40,1730,5,0,35,1730,0.125,0.0,1.0,0.0,7.759517748247493
tfnbs,"e=0.3,h=7.0,n=30,start_thres=1.25",hub,0.25,30,19,40,1730,5,0,35,1730,0.125,0.0,1.0,0.0,7.759517748247493
tfnbs,"e=0.3,h=8.0,n=30,start_thres=1.25",hub,0.25,30,19,40,1730,5,0,35,1730,0.125,0.0,1.0,0.0,7.759517748247493
tfnbs,"e=0.3,h=9.0,n=30,start_thres=1.25",hub,0.25,30,19,40,1730,5,0,35,1730,0.125,0.0,1.0,0.0,7.759517748247493
tfnbs,"e=0.3,h=10.0,n=30,start_thres=1.25",hub,0.25,30,19,40,1730,5,0,35,1730,0.125,0.0,1.0,0.0,7.759517748247493
tfnbs,"e=0.4,h=0.5,n=30,start_thres=1.25",hub,0.25,30,19,40,1730,9,0,31,1730,0.225,0.0,1.0,0.0,7.759517748247493
tfnbs,"e=0.4,h=1.0,n=30,start_thres=1.25",hub,0.25,30,19,40,1730,9,0,31,1730,0.225,0.0,1.0,0.0,7.759517748247493
tfnbs,"e=0.4,h=2.0,n=30,start_thres=1.25",hub,0.25,30,19,40,1730,9,0,31,1730,0.225,0.0,1.0,0.0,7.759517748247493
tfnbs,"e=0.4,h=3.0,n=30,start_thres=1.25",hub,0.25,30,19,40,1730,7,0,33,1730,0.175,0.0,1.0,0.0,7.759517748247493
tfnbs,"e=0.4,h=4.0,n=30,start_thres=1.25",hub,0.25,30,19,40,1730,6,0,34,1730,0.15,0.0,1.0,0.0,7.759517748247493
tfnbs,"e=0.4,h=5.0,n=30,start_thres=1.25",hub,0.25,30,19,40,1730,6,0,34,1730,0.15,0.0,1.0,0.0,7.759517748247493
tfnbs,"e=0.4,h=6.0,n=30,start_thres=1.25",hub,0.25,30,19,40,1730,5,0,35,1730,0.125,0.0,1.0,0.0,7.759517748247493
tfnbs,"e=0.4,h=7.0,n=30,start_thres=1.25",hub,0.25,30,19,40,1730,5,0,35,1730,0.125,0.0,1.0,0.0,7.759517748247493
tfnbs,"e=0.4,h=8.0,n=30,start_thres=1.25",hub,0.25,30,19,40,1730,5,0,35,1730,0.125,0.0,1.0,0.0,7.759517748247493
tfnbs,"e=0.4,h=9.0,n=30,start_thres=1.25",hub,0.25,30,19,40,1730,5,0,35,1730,0.125,0.0,1.0,0.0,7.759517748247493
tfnbs,"e=0.4,h=10.0,n=30,start_thres=1.25",hub,0.25,30,19,40,1730,5,0,35,1730,0.125,0.0,1.0,0.0,7.759517748247493
tfnbs,"e=0.5,h=0.5,n=30,start_thres=1.25",hub,0.25,30,19,40,1730,9,0,31,1730,0.225,0.0,1.0,0.0,7.759517748247493
tfnbs,"e=0.5,h=1.0,n=30,start_thres=1.25",hub,0.25,30,19,40,1730,9,0,31,1730,0.225,0.0,1.0,0.0,7.759517748247493
tfnbs,"e=0.5,h=2.0,n=30,start_thres=1.25",hub,0.25,30,19,40,1730,9,0,31,1730,0.225,0.0,1.0,0.0,7.759517748247493
tfnbs,"e=0.5,h=3.0,n=30,start_thres=1.25",hub,0.25,30,19,40,1730,9,0,31,1730,0.225,0.0,1.0,0.0,7.759517748247493
tfnbs,"e=0.5,h=4.0,n=30,start_thres=1.25",hub,0.25,30,19,40,1730,7,0,33,1730,0.175,0.0,1.0,0.0,7.759517748247493
tfnbs,"e=0.5,h=5.0,n=30,start_thres=1.25",hub,0.25,30,19,40,1730,7,0,33,1730,0.175,0.0,1.0,0.0,7.759517748247493
tfnbs,"e=0.5,h=6.0,n=30,start_thres=1.25",hub,0.25,30,19,40,1730,6,0,34,1730,0.15,0.0,1.0,0.0,7.759517748247493
tfnbs,"e=0.5,h=7.0,n=30,start_thres=1.25",hub,0.25,30,19,40,1730,6,0,34,1730,0.15,0.0,1.0,0.0,7.759517748247493
tfnbs,"e=0.5,h=8.0,n=30,start_thres=1.25",hub,0.25,30,19,40,1730,5,0,35,1730,0.125,0.0,1.0,0.0,7.759517748247493
tfnbs,"e=0.5,h=9.0,n=30,start_thres=1.25",hub,0.25,30,19,40,1730,5,0,35,1730,0.125,0.0,1.0,0.0,7.759517748247493
tfnbs,"e=0.5,h=10.0,n=30,start_thres=1.25",hub,0.25,30,19,40,1730,5,0,35,1730,0.125,0.0,1.0,0.0,7.759517748247493
tfnbs,"e=0.6,h=0.5,n=30,start_thres=1.25",hub,0.25,30,19,40,1730,10,0,30,1730,0.25,0.0,1.0,0.0,7.759517748247493
tfnbs,"e=0.6,h=1.0,n=30,start_thres=1.25",hub,0.25,30,19,40,1730,10,0,30,1730,0.25,0.0,1.0,0.0,7.759517748247493
tfnbs,"e=0.6,h=2.0,n=30,start_thres=1.25",hub,0.25,30,19,40,1730,9,0,31,1730,0.225,0.0,1.0,0.0,7.759517748247493
tfnbs,"e=0.6,h=3.0,n=30,start_thres=1.25",hub,0.25,30,19,40,1730,9,0,31,1730,0.225,0.0,1.0,0.0,7.759517748247493
tfnbs,"e=0.6,h=4.0,n=30,start_thres=1.25",hub,0.25,30,19,40,1730,9,0,31,1730,0.225,0.0,1.0,0.0,7.759517748247493
tfnbs,"e=0.6,h=5.0,n=30,start_thres=1.25",hub,0.25,30,19,40,1730,9,0,31,1730,0.225,0.0,1.0,0.0,7.759517748247493
tfnbs,"e=0.6,h=6.0,n=30,start_thres=1.25",hub,0.25,30,19,40,1730,7,0,33,1730,0.175,0.0,1.0,0.0,7.759517748247493
tfnbs,"e=0.6,h=7.0,n=30,start_thres=1.25",hub,0.25,30,19,40,1730,6,0,34,1730,0.15,0.0,1.0,0.0,7.759517748247493
tfnbs,"e=0.6,h=8.0,n=30,start_thres=1.25",hub,0.25,30,19,40,1730,6,0,34,1730,0.15,0.0,1.0,0.0,7.759517748247493
tfnbs,"e=0.6,h=9.0,n=30,start_thres=1.25",hub,0.25,30,19,40,1730,6,0,34,1730,0.15,0.0,1.0,0.0,7.759517748247493
tfnbs,"e=0.6,h=10.0,n=30,start_thres=1.25",hub,0.25,30,19,40,1730,5,0,35,1730,0.125,0.0,1.0,0.0,7.759517748247493
tfnbs,"e=0.7,h=0.5,n=30,start_thres=1.25",hub,0.25,30,19,40,1730,10,0,30,1730,0.25,0.0,1.0,0.0,7.759517748247493
tfnbs,"e=0.7,h=1.0,n=30,start_thres=1.25",hub,0.25,30,19,40,1730,10,0,30,1730,0.25,0.0,1.0,0.0,7.759517748247493
tfnbs,"e=0.7,h=2.0,n=30,start_thres=1.25",hub,0.25,30,19,40,1730,10,0,30,1730,0.25,0.0,1.0,0.0,7.759517748247493
tfnbs,"e=0.7,h=3.0,n=30,start_thres=1.25",hub,0.25,30,19,40,1730,10,0,30,1730,0.25,0.0,1.0,0.0,7.759517748247493
tfnbs,"e=0.7,h=4.0,n=30,start_thres=1.25",hub,0.25,30,19,40,1730,9,0,31,1730,0.225,0.0,1.0,0.0,7.759517748247493
tfnbs,"e=0.7,h=5.0,n=30,start_thres=1.25",hub,0.25,30,19,40,1730,9,0,31,1730,0.225,0.0,1.0,0.0,7.759517748247493
tfnbs,"e=0.7,h=6.0,n=30,start_thres=1.25",hub,0.25,30,19,40,1730,9,0,31,1730,0.225,0.0,1.0,0.0,7.759517748247493
tfnbs,"e=0.7,h=7.0,n=30,start_thres=1.25",hub,0.25,30,19,40,1730,7,0,33,1730,0.175,0.0,1.0,0.0,7.759517748247493
tfnbs,"e=0.7,h=8.0,n=30,start_thres=1.25",hub,0.25,30,19,40,1730,7,0,33,1730,0.175,0.0,1.0,0.0,7.759517748247493
tfnbs,"e=0.7,h=9.0,n=30,start_thres=1.25",hub,0.25,30,19,40,1730,6,0,34,1730,0.15,0.0,1.0,0.0,7.759517748247493
tfnbs,"e=0.7,h=10.0,n=30,start_thres=1.25",hub,0.25,30,19,40,1730,6,0,34,1730,0.15,0.0,1.0,0.0,7.759517748247493
tfnbs,"e=0.8,h=0.5,n=30,start_thres=1.25",hub,0.25,30,19,40,1730,10,0,30,1730,0.25,0.0,1.0,0.0,7.759517748247493
tfnbs,"e=0.8,h=1.0,n=30,start_thres=1.25",hub,0.25,30,19,40,1730,10,0,30,1730,0.25,0.0,1.0,0.0,7.759517748247493
tfnbs,"e=0.8,h=2.0,n=30,start_thres=1.25",hub,0.25,30,19,40,1730,12,0,28,1730,0.3,0.0,1.0,0.0,7.759517748247493
tfnbs,"e=0.8,h=3.0,n=30,start_thres=1.25",hub,0.25,30,19,40,1730,10,0,30,1730,0.25,0.0,1.0,0.0,7.759517748247493
tfnbs,"e=0.8,h=4.0,n=30,start_thres=1.25",hub,0.25,30,19,40,1730,10,0,30,1730,0.25,0.0,1.0,0.0,7.759517748247493
tfnbs,"e=0.8,h=5.0,n=30,start_thres=1.25",hub,0.25,30,19,40,1730,9,0,31,1730,0.225,0.0,1.0,0.0,7.759517748247493
tfnbs,"e=0.8,h=6.0,n=30,start_thres=1.25",hub,0.25,30,19,40,1730,9,0,31,1730,0.225,0.0,1.0,0.0,7.759517748247493
tfnbs,"e=0.8,h=7.0,n=30,start_thres=1.25",hub,0.25,30,19,40,1730,9,0,31,1730,0.225,0.0,1.0,0.0,7.759517748247493
tfnbs,"e=0.8,h=8.0,n=30,start_thres=1.25",hub,0.25,30,19,40,1730,7,0,33,1730,0.175,0.0,1.0,0.0,7.759517748247493
tfnbs,"e=0.8,h=9.0,n=30,start_thres=1.25",hub,0.25,30,19,40,1730,7,0,33,1730,0.175,0.0,1.0,0.0,7.759517748247493
tfnbs,"e=0.8,h=10.0,n=30,start_thres=1.25",hub,0.25,30,19,40,1730,6,0,34,1730,0.15,0.0,1.0,0.0,7.759517748247493
tfnbs,"e=0.9,h=0.5,n=30,start_thres=1.25",hub,0.25,30,19,40,1730,10,0,30,1730,0.25,0.0,1.0,0.0,7.759517748247493
tfnbs,"e=0.9,h=1.0,n=30,start_thres=1.25",hub,0.25,30,19,40,1730,10,0,30,1730,0.25,0.0,1.0,0.0,7.759517748247493
tfnbs,"e=0.9,h=2.0,n=30,start_thres=1.25",hub,0.25,30,19,40,1730,12,0,28,1730,0.3,0.0,1.0,0.0,7.759517748247493
tfnbs,"e=0.9,h=3.0,n=30,start_thres=1.25",hub,0.25,30,19,40,1730,12,0,28,1730,0.3,0.0,1.0,0.0,7.759517748247493
tfnbs,"e=0.9,h=4.0,n=30,start_thres=1.25",hub,0.25,30,19,40,1730,10,0,30,1730,0.25,0.0,1.0,0.0,7.759517748247493
tfnbs,"e=0.9,h=5.0,n=30,start_thres=1.25",hub,0.25,30,19,40,1730,10,0,30,1730,0.25,0.0,1.0,0.0,7.759517748247493
tfnbs,"e=0.9,h=6.0,n=30,start_thres=1.25",hub,0.25,30,19,40,1730,9,0,31,1730,0.225,0.0,1.0,0.0,7.759517748247493
tfnbs,"e=0.9,h=7.0,n=30,start_thres=1.25",hub,0.25,30,19,40,1730,9,0,31,1730,0.225,0.0,1.0,0.0,7.759517748247493
tfnbs,"e=0.9,h=8.0,n=30,start_thres=1.25",hub,0.25,30,19,40,1730,9,0,31,1730,0.225,0.0,1.0,0.0,7.759517748247493
tfnbs,"e=0.9,h=9.0,n=30,start_thres=1.25",hub,0.25,30,19,40,1730,7,0,33,1730,0.175,0.0,1.0,0.0,7.759517748247493
tfnbs,"e=0.9,h=10.0,n=30,start_thres=1.25",hub,0.25,30,19,40,1730,7,0,33,1730,0.175,0.0,1.0,0.0,7.759517748247493
tfnbs,"e=1.0,h=0.5,n=30,start_thres=1.25",hub,0.25,30,19,40,1730,10,0,30,1730,0.25,0.0,1.0,0.0,7.759517748247493
tfnbs,"e=1.0,h=1.0,n=30,start_thres=1.25",hub,0.25,30,19,40,1730,12,0,28,1730,0.3,0.0,1.0,0.0,7.759517748247493
tfnbs,"e=1.0,h=2.0,n=30,start_thres=1.25",hub,0.25,30,19,40,1730,12,0,28,1730,0.3,0.0,1.0,0.0,7.759517748247493
tfnbs,"e=1.0,h=3.0,n=30,start_thres=1.25",hub,0.25,30,19,40,1730,12,0,28,1730,0.3,0.0,1.0,0.0,7.759517748247493
tfnbs,"e=1.0,h=4.0,n=30,start_thres=1.25",hub,0.25,30,19,40,1730,12,0,28,1730,0.3,0.0,1.0,0.0,7.759517748247493
tfnbs,"e=1.0,h=5.0,n=30,start_thres=1.25",hub,0.25,30,19,40,1730,12,0,28,1730,0.3,0.0,1.0,0.0,7.759517748247493
tfnbs,"e=1.0,h=6.0,n=30,start_thres=1.25",hub,0.25,30,19,40,1730,10,0,30,1730,0.25,0.0,1.0,0.0,7.759517748247493
tfnbs,"e=1.0,h=7.0,n=30,start_thres=1.25",hub,0.25,30,19,40,1730,9,0,31,1730,0.225,0.0,1.0,0.0,7.759517748247493
tfnbs,"e=1.0,h=8.0,n=30,start_thres=1.25",hub,0.25,30,19,40,1730,9,0,31,1730,0.225,0.0,1.0,0.0,7.759517748247493
tfnbs,"e=1.0,h=9.0,n=30,start_thres=1.25",hub,0.25,30,19,40,1730,9,0,31,1730,0.225,0.0,1.0,0.0,7.759517748247493
tfnbs,"e=1.0,h=10.0,n=30,start_thres=1.25",hub,0.25,30,19,40,1730,9,0,31,1730,0.225,0.0,1.0,0.0,7.759517748247493
tfnbs,"e=1.1,h=0.5,n=30,start_thres=1.25",hub,0.25,30,19,40,1730,9,0,31,1730,0.225,0.0,1.0,0.0,7.759517748247493
tfnbs,"e=1.1,h=1.0,n=30,start_thres=1.25",hub,0.25,30,19,40,1730,10,0,30,1730,0.25,0.0,1.0,0.0,7.759517748247493
tfnbs,"e=1.1,h=2.0,n=30,start_thres=1.25",hub,0.25,30,19,40,1730,12,0,28,1730,0.3,0.0,1.0,0.0,7.759517748247493
tfnbs,"e=1.1,h=3.0,n=30,start_thres=1.25",hub,0.25,30,19,40,1730,12,0,28,1730,0.3,0.0,1.0,0.0,7.759517748247493
tfnbs,"e=1.1,h=4.0,n=30,start_thres=1.25",hub,0.25,30,19,40,1730,12,0,28,1730,0.3,0.0,1.0,0.0,7.759517748247493
tfnbs,"e=1.1,h=5.0,n=30,start_thres=1.25",hub,0.25,30,19,40,1730,12,0,28,1730,0.3,0.0,1.0,0.0,7.759517748247493
tfnbs,"e=1.1,h=6.0,n=30,start_thres=1.25",hub,0.25,30,19,40,1730,10,0,30,1730,0.25,0.0,1.0,0.0,7.759517748247493
tfnbs,"e=1.1,h=7.0,n=30,start_thres=1.25",hub,0.25,30,19,40,1730,10,0,30,1730,0.25,0.0,1.0,0.0,7.759517748247493
tfnbs,"e=1.1,h=8.0,n=30,start_thres=1.25",hub,0.25,30,19,40,1730,9,0,31,1730,0.225,0.0,1.0,0.0,7.759517748247493
tfnbs,"e=1.1,h=9.0,n=30,start_thres=1.25",hub,0.25,30,19,40,1730,9,0,31,1730,0.225,0.0,1.0,0.0,7.759517748247493
tfnbs,"e=1.1,h=10.0,n=30,start_thres=1.25",hub,0.25,30,19,40,1730,9,0,31,1730,0.225,0.0,1.0,0.0,7.759517748247493
tfnbs,"e=1.2,h=0.5,n=30,start_thres=1.25",hub,0.25,30,19,40,1730,7,0,33,1730,0.175,0.0,1.0,0.0,7.759517748247493
tfnbs,"e=1.2,h=1.0,n=30,start_thres=1.25",hub,0.25,30,19,40,1730,9,0,31,1730,0.225,0.0,1.0,0.0,7.759517748247493
tfnbs,"e=1.2,h=2.0,n=30,start_thres=1.25",hub,0.25,30,19,40,1730,12,0,28,1730,0.3,0.0,1.0,0.0,7.759517748247493
tfnbs,"e=1.2,h=3.0,n=30,start_thres=1.25",hub,0.25,30,19,40,1730,12,0,28,1730,0.3,0.0,1.0,0.0,7.759517748247493
tfnbs,"e=1.2,h=4.0,n=30,start_thres=1.25",hub,0.25,30,19,40,1730,12,0,28,1730,0.3,0.0,1.0,0.0,7.759517748247493
tfnbs,"e=1.2,h=5.0,n=30,start_thres=1.25",hub,0.25,30,19,40,1730,12,0,28,1730,0.3,0.0,1.0,0.0,7.759517748247493
tfnbs,"e=1.2,h=6.0,n=30,start_thres=1.25",hub,0.25,30,19,40,1730,12,0,28,1730,0.3,0.0,1.0,0.0,7.759517748247493
tfnbs,"e=1.2,h=7.0,n=30,start_thres=1.25",hub,0.25,30,19,40,1730,12,0,28,1730,0.3,0.0,1.0,0.0,7.759517748247493
tfnbs,"e=1.2,h=8.0,n=30,start_thres=1.25",hub,0.25,30,19,40,1730,10,0,30,1730,0.25,0.0,1.0,0.0,7.759517748247493
tfnbs,"e=1.2,h=9.0,n=30,start_thres=1.25",hub,0.25,30,19,40,1730,9,0,31,1730,0.225,0.0,1.0,0.0,7.759517748247493
tfnbs,"e=1.2,h=10.0,n=30,start_thres=1.25",hub,0.25,30,19,40,1730,9,0,31,1730,0.225,0.0,1.0,0.0,7.759517748247493
tfnbs,"e=1.3,h=0.5,n=30,start_thres=1.25",hub,0.25,30,19,40,1730,5,0,35,1730,0.125,0.0,1.0,0.0,7.759517748247493
tfnbs,"e=1.3,h=1.0,n=30,start_thres=1.25",hub,0.25,30,19,40,1730,7,0,33,1730,0.175,0.0,1.0,0.0,7.759517748247493
tfnbs,"e=1.3,h=2.0,n=30,start_thres=1.25",hub,0.25,30,19,40,1730,10,0,30,1730,0.25,0.0,1.0,0.0,7.759517748247493
tfnbs,"e=1.3,h=3.0,n=30,start_thres=1.25",hub,0.25,30,19,40,1730,12,0,28,1730,0.3,0.0,1.0,0.0,7.759517748247493
tfnbs,"e=1.3,h=4.0,n=30,start_thres=1.25",hub,0.25,30,19,40,1730,12,0,28,1730,0.3,0.0,1.0,0.0,7.759517748247493
tfnbs,"e=1.3,h=5.0,n=30,start_thres=1.25",hub,0.25,30,19,40,1730,12,1,28,1729,0.3,0.0005780346820809,0.9230769230769232,0.0769230769230769,7.759517748247493
tfnbs,"e=1.3,h=6.0,n=30,start_thres=1.25",hub,0.25,30,19,40,1730,12,1,28,1729,0.3,0.0005780346820809,0.9230769230769232,0.0769230769230769,7.759517748247493
tfnbs,"e=1.3,h=7.0,n=30,start_thres=1.25",hub,0.25,30,19,40,1730,12,0,28,1730,0.3,0.0,1.0,0.0,7.759517748247493
tfnbs,"e=1.3,h=8.0,n=30,start_thres=1.25",hub,0.25,30,19,40,1730,10,0,30,1730,0.25,0.0,1.0,0.0,7.759517748247493
tfnbs,"e=1.3,h=9.0,n=30,start_thres=1.25",hub,0.25,30,19,40,1730,10,0,30,1730,0.25,0.0,1.0,0.0,7.759517748247493
tfnbs,"e=1.3,h=10.0,n=30,start_thres=1.25",hub,0.25,30,19,40,1730,9,0,31,1730,0.225,0.0,1.0,0.0,7.759517748247493
tfnbs,"e=1.4,h=0.5,n=30,start_thres=1.25",hub,0.25,30,19,40,1730,0,0,40,1730,0.0,0.0,0.0,0.0,7.759517748247493
tfnbs,"e=1.4,h=1.0,n=30,start_thres=1.25",hub,0.25,30,19,40,1730,5,0,35,1730,0.125,0.0,1.0,0.0,7.759517748247493
tfnbs,"e=1.4,h=2.0,n=30,start_thres=1.25",hub,0.25,30,19,40,1730,9,0,31,1730,0.225,0.0,1.0,0.0,7.759517748247493
tfnbs,"e=1.4,h=3.0,n=30,start_thres=1.25",hub,0.25,30,19,40,1730,12,0,28,1730,0.3,0.0,1.0,0.0,7.759517748247493
tfnbs,"e=1.4,h=4.0,n=30,start_thres=1.25",hub,0.25,30,19,40,1730,12,0,28,1730,0.3,0.0,1.0,0.0,7.759517748247493
tfnbs,"e=1.4,h=5.0,n=30,start_thres=1.25",hub,0.25,30,19,40,1730,12,1,28,1729,0.3,0.0005780346820809,0.9230769230769232,0.0769230769230769,7.759517748247493
tfnbs,"e=1.4,h=6.0,n=30,start_thres=1.25",hub,0.25,30,19,40,1730,12,1,28,1729,0.3,0.0005780346820809,0.9230769230769232,0.0769230769230769,7.759517748247493
tfnbs,"e=1.4,h=7.0,n=30,start_thres=1.25",hub,0.25,30,19,40,1730,12,0,28,1730,0.3,0.0,1.0,0.0,7.759517748247493
tfnbs,"e=1.4,h=8.0,n=30,start_thres=1.25",hub,0.25,30,19,40,1730,12,0,28,1730,0.3,0.0,1.0,0.0,7.759517748247493
tfnbs,"e=1.4,h=9.0,n=30,start_thres=1.25",hub,0.25,30,19,40,1730,10,0,30,1730,0.25,0.0,1.0,0.0,7.759517748247493
tfnbs,"e=1.4,h=10.0,n=30,start_thres=1.25",hub,0.25,30,19,40,1730,10,0,30,1730,0.25,0.0,1.0,0.0,7.759517748247493
tfnbs,"e=1.5,h=0.5,n=30,start_thres=1.25",hub,0.25,30,19,40,1730,0,0,40,1730,0.0,0.0,0.0,0.0,7.759517748247493
tfnbs,"e=1.5,h=1.0,n=30,start_thres=1.25",hub,0.25,30,19,40,1730,0,0,40,1730,0.0,0.0,0.0,0.0,7.759517748247493
tfnbs,"e=1.5,h=2.0,n=30,start_thres=1.25",hub,0.25,30,19,40,1730,9,0,31,1730,0.225,0.0,1.0,0.0,7.759517748247493
tfnbs,"e=1.5,h=3.0,n=30,start_thres=1.25",hub,0.25,30,19,40,1730,10,0,30,1730,0.25,0.0,1.0,0.0,7.759517748247493
tfnbs,"e=1.5,h=4.0,n=30,start_thres=1.25",hub,0.25,30,19,40,1730,12,0,28,1730,0.3,0.0,1.0,0.0,7.759517748247493
tfnbs,"e=1.5,h=5.0,n=30,start_thres=1.25",hub,0.25,30,19,40,1730,12,1,28,1729,0.3,0.0005780346820809,0.9230769230769232,0.0769230769230769,7.759517748247493
tfnbs,"e=1.5,h=6.0,n=30,start_thres=1.25",hub,0.25,30,19,40,1730,12,1,28,1729,0.3,0.0005780346820809,0.9230769230769232,0.0769230769230769,7.759517748247493
tfnbs,"e=1.5,h=7.0,n=30,start_thres=1.25",hub,0.25,30,19,40,1730,12,1,28,1729,0.3,0.0005780346820809,0.9230769230769232,0.0769230769230769,7.759517748247493
tfnbs,"e=1.5,h=8.0,n=30,start_thres=1.25",hub,0.25,30,19,40,1730,12,0,28,1730,0.3,0.0,1.0,0.0,7.759517748247493
tfnbs,"e=1.5,h=9.0,n=30,start_thres=1.25",hub,0.25,30,19,40,1730,12,0,28,1730,0.3,0.0,1.0,0.0,7.759517748247493
tfnbs,"e=1.5,h=10.0,n=30,start_thres=1.25",hub,0.25,30,19,40,1730,10,0,30,1730,0.25,0.0,1.0,0.0,7.759517748247493
tfnbs,"e=0.05,h=0.5,n=30,start_thres=1.25",hub,0.25,30,23,40,1730,2,0,38,1730,0.05,0.0,1.0,0.0,7.77779481221329
tfnbs,"e=0.05,h=1.0,n=30,start_thres=1.25",hub,0.25,30,23,40,1730,2,0,38,1730,0.05,0.0,1.0,0.0,7.77779481221329
tfnbs,"e=0.05,h=2.0,n=30,start_thres=1.25",hub,0.25,30,23,40,1730,2,0,38,1730,0.05,0.0,1.0,0.0,7.77779481221329
tfnbs,"e=0.05,h=3.0,n=30,start_thres=1.25",hub,0.25,30,23,40,1730,2,0,38,1730,0.05,0.0,1.0,0.0,7.77779481221329
tfnbs,"e=0.05,h=4.0,n=30,start_thres=1.25",hub,0.25,30,23,40,1730,2,0,38,1730,0.05,0.0,1.0,0.0,7.77779481221329
tfnbs,"e=0.05,h=5.0,n=30,start_thres=1.25",hub,0.25,30,23,40,1730,2,0,38,1730,0.05,0.0,1.0,0.0,7.77779481221329
tfnbs,"e=0.05,h=6.0,n=30,start_thres=1.25",hub,0.25,30,23,40,1730,2,0,38,1730,0.05,0.0,1.0,0.0,7.77779481221329
tfnbs,"e=0.05,h=7.0,n=30,start_thres=1.25",hub,0.25,30,23,40,1730,2,0,38,1730,0.05,0.0,1.0,0.0,7.77779481221329
tfnbs,"e=0.05,h=8.0,n=30,start_thres=1.25",hub,0.25,30,23,40,1730,2,0,38,1730,0.05,0.0,1.0,0.0,7.77779481221329
tfnbs,"e=0.05,h=9.0,n=30,start_thres=1.25",hub,0.25,30,23,40,1730,2,0,38,1730,0.05,0.0,1.0,0.0,7.77779481221329
tfnbs,"e=0.05,h=10.0,n=30,start_thres=1.25",hub,0.25,30,23,40,1730,2,0,38,1730,0.05,0.0,1.0,0.0,7.77779481221329
tfnbs,"e=0.1,h=0.5,n=30,start_thres=1.25",hub,0.25,30,23,40,1730,4,0,36,1730,0.1,0.0,1.0,0.0,7.77779481221329
tfnbs,"e=0.1,h=1.0,n=30,start_thres=1.25",hub,0.25,30,23,40,1730,4,0,36,1730,0.1,0.0,1.0,0.0,7.77779481221329
tfnbs,"e=0.1,h=2.0,n=30,start_thres=1.25",hub,0.25,30,23,40,1730,2,0,38,1730,0.05,0.0,1.0,0.0,7.77779481221329
tfnbs,"e=0.1,h=3.0,n=30,start_thres=1.25",hub,0.25,30,23,40,1730,2,0,38,1730,0.05,0.0,1.0,0.0,7.77779481221329
tfnbs,"e=0.1,h=4.0,n=30,start_thres=1.25",hub,0.25,30,23,40,1730,2,0,38,1730,0.05,0.0,1.0,0.0,7.77779481221329
tfnbs,"e=0.1,h=5.0,n=30,start_thres=1.25",hub,0.25,30,23,40,1730,2,0,38,1730,0.05,0.0,1.0,0.0,7.77779481221329
tfnbs,"e=0.1,h=6.0,n=30,start_thres=1.25",hub,0.25,30,23,40,1730,2,0,38,1730,0.05,0.0,1.0,0.0,7.77779481221329
tfnbs,"e=0.1,h=7.0,n=30,start_thres=1.25",hub,0.25,30,23,40,1730,2,0,38,1730,0.05,0.0,1.0,0.0,7.77779481221329
tfnbs,"e=0.1,h=8.0,n=30,start_thres=1.25",hub,0.25,30,23,40,1730,2,0,38,1730,0.05,0.0,1.0,0.0,7.77779481221329
tfnbs,"e=0.1,h=9.0,n=30,start_thres=1.25",hub,0.25,30,23,40,1730,2,0,38,1730,0.05,0.0,1.0,0.0,7.77779481221329
tfnbs,"e=0.1,h=10.0,n=30,start_thres=1.25",hub,0.25,30,23,40,1730,2,0,38,1730,0.05,0.0,1.0,0.0,7.77779481221329
tfnbs,"e=0.2,h=0.5,n=30,start_thres=1.25",hub,0.25,30,23,40,1730,8,0,32,1730,0.2,0.0,1.0,0.0,7.77779481221329
tfnbs,"e=0.2,h=1.0,n=30,start_thres=1.25",hub,0.25,30,23,40,1730,8,0,32,1730,0.2,0.0,1.0,0.0,7.77779481221329
tfnbs,"e=0.2,h=2.0,n=30,start_thres=1.25",hub,0.25,30,23,40,1730,7,0,33,1730,0.175,0.0,1.0,0.0,7.77779481221329
tfnbs,"e=0.2,h=3.0,n=30,start_thres=1.25",hub,0.25,30,23,40,1730,7,0,33,1730,0.175,0.0,1.0,0.0,7.77779481221329
tfnbs,"e=0.2,h=4.0,n=30,start_thres=1.25",hub,0.25,30,23,40,1730,4,0,36,1730,0.1,0.0,1.0,0.0,7.77779481221329
tfnbs,"e=0.2,h=5.0,n=30,start_thres=1.25",hub,0.25,30,23,40,1730,2,0,38,1730,0.05,0.0,1.0,0.0,7.77779481221329
tfnbs,"e=0.2,h=6.0,n=30,start_thres=1.25",hub,0.25,30,23,40,1730,2,0,38,1730,0.05,0.0,1.0,0.0,7.77779481221329
tfnbs,"e=0.2,h=7.0,n=30,start_thres=1.25",hub,0.25,30,23,40,1730,2,0,38,1730,0.05,0.0,1.0,0.0,7.77779481221329
tfnbs,"e=0.2,h=8.0,n=30,start_thres=1.25",hub,0.25,30,23,40,1730,2,0,38,1730,0.05,0.0,1.0,0.0,7.77779481221329
tfnbs,"e=0.2,h=9.0,n=30,start_thres=1.25",hub,0.25,30,23,40,1730,2,0,38,1730,0.05,0.0,1.0,0.0,7.77779481221329
tfnbs,"e=0.2,h=10.0,n=30,start_thres=1.25",hub,0.25,30,23,40,1730,2,0,38,1730,0.05,0.0,1.0,0.0,7.77779481221329
tfnbs,"e=0.3,h=0.5,n=30,start_thres=1.25",hub,0.25,30,23,40,1730,9,1,31,1729,0.225,0.0005780346820809,0.9,0.1,7.77779481221329
tfnbs,"e=0.3,h=1.0,n=30,start_thres=1.25",hub,0.25,30,23,40,1730,9,1,31,1729,0.225,0.0005780346820809,0.9,0.1,7.77779481221329
tfnbs,"e=0.3,h=2.0,n=30,start_thres=1.25",hub,0.25,30,23,40,1730,8,0,32,1730,0.2,0.0,1.0,0.0,7.77779481221329
tfnbs,"e=0.3,h=3.0,n=30,start_thres=1.25",hub,0.25,30,23,40,1730,8,0,32,1730,0.2,0.0,1.0,0.0,7.77779481221329
tfnbs,"e=0.3,h=4.0,n=30,start_thres=1.25",hub,0.25,30,23,40,1730,7,0,33,1730,0.175,0.0,1.0,0.0,7.77779481221329
tfnbs,"e=0.3,h=5.0,n=30,start_thres=1.25",hub,0.25,30,23,40,1730,7,0,33,1730,0.175,0.0,1.0,0.0,7.77779481221329
tfnbs,"e=0.3,h=6.0,n=30,start_thres=1.25",hub,0.25,30,23,40,1730,4,0,36,1730,0.1,0.0,1.0,0.0,7.77779481221329
tfnbs,"e=0.3,h=7.0,n=30,start_thres=1.25",hub,0.25,30,23,40,1730,4,0,36,1730,0.1,0.0,1.0,0.0,7.77779481221329
tfnbs,"e=0.3,h=8.0,n=30,start_thres=1.25",hub,0.25,30,23,40,1730,2,0,38,1730,0.05,0.0,1.0,0.0,7.77779481221329
tfnbs,"e=0.3,h=9.0,n=30,start_thres=1.25",hub,0.25,30,23,40,1730,2,0,38,1730,0.05,0.0,1.0,0.0,7.77779481221329
tfnbs,"e=0.3,h=10.0,n=30,start_thres=1.25",hub,0.25,30,23,40,1730,2,0,38,1730,0.05,0.0,1.0,0.0,7.77779481221329
tfnbs,"e=0.4,h=0.5,n=30,start_thres=1.25",hub,0.25,30,23,40,1730,13,2,27,1728,0.325,0.0011560693641618,0.8666666666666667,0.1333333333333333,7.77779481221329
tfnbs,"e=0.4,h=1.0,n=30,start_thres=1.25",hub,0.25,30,23,40,1730,13,2,27,1728,0.325,0.0011560693641618,0.8666666666666667,0.1333333333333333,7.77779481221329
tfnbs,"e=0.4,h=2.0,n=30,start_thres=1.25",hub,0.25,30,23,40,1730,9,1,31,1729,0.225,0.0005780346820809,0.9,0.1,7.77779481221329
tfnbs,"e=0.4,h=3.0,n=30,start_thres=1.25",hub,0.25,30,23,40,1730,9,0,31,1730,0.225,0.0,1.0,0.0,7.77779481221329
tfnbs,"e=0.4,h=4.0,n=30,start_thres=1.25",hub,0.25,30,23,40,1730,8,0,32,1730,0.2,0.0,1.0,0.0,7.77779481221329
tfnbs,"e=0.4,h=5.0,n=30,start_thres=1.25",hub,0.25,30,23,40,1730,8,0,32,1730,0.2,0.0,1.0,0.0,7.77779481221329
tfnbs,"e=0.4,h=6.0,n=30,start_thres=1.25",hub,0.25,30,23,40,1730,7,0,33,1730,0.175,0.0,1.0,0.0,7.77779481221329
tfnbs,"e=0.4,h=7.0,n=30,start_thres=1.25",hub,0.25,30,23,40,1730,7,0,33,1730,0.175,0.0,1.0,0.0,7.77779481221329
tfnbs,"e=0.4,h=8.0,n=30,start_thres=1.25",hub,0.25,30,23,40,1730,4,0,36,1730,0.1,0.0,1.0,0.0,7.77779481221329
tfnbs,"e=0.4,h=9.0,n=30,start_thres=1.25",hub,0.25,30,23,40,1730,4,0,36,1730,0.1,0.0,1.0,0.0,7.77779481221329
tfnbs,"e=0.4,h=10.0,n=30,start_thres=1.25",hub,0.25,30,23,40,1730,4,0,36,1730,0.1,0.0,1.0,0.0,7.77779481221329
tfnbs,"e=0.5,h=0.5,n=30,start_thres=1.25",hub,0.25,30,23,40,1730,16,2,24,1728,0.4,0.0011560693641618,0.8888888888888888,0.1111111111111111,7.77779481221329
tfnbs,"e=0.5,h=1.0,n=30,start_thres=1.25",hub,0.25,30,23,40,1730,16,2,24,1728,0.4,0.0011560693641618,0.8888888888888888,0.1111111111111111,7.77779481221329
tfnbs,"e=0.5,h=2.0,n=30,start_thres=1.25",hub,0.25,30,23,40,1730,13,2,27,1728,0.325,0.0011560693641618,0.8666666666666667,0.1333333333333333,7.77779481221329
tfnbs,"e=0.5,h=3.0,n=30,start_thres=1.25",hub,0.25,30,23,40,1730,9,1,31,1729,0.225,0.0005780346820809,0.9,0.1,7.77779481221329
tfnbs,"e=0.5,h=4.0,n=30,start_thres=1.25",hub,0.25,30,23,40,1730,9,1,31,1729,0.225,0.0005780346820809,0.9,0.1,7.77779481221329
tfnbs,"e=0.5,h=5.0,n=30,start_thres=1.25",hub,0.25,30,23,40,1730,9,0,31,1730,0.225,0.0,1.0,0.0,7.77779481221329
tfnbs,"e=0.5,h=6.0,n=30,start_thres=1.25",hub,0.25,30,23,40,1730,8,0,32,1730,0.2,0.0,1.0,0.0,7.77779481221329
tfnbs,"e=0.5,h=7.0,n=30,start_thres=1.25",hub,0.25,30,23,40,1730,7,0,33,1730,0.175,0.0,1.0,0.0,7.77779481221329
tfnbs,"e=0.5,h=8.0,n=30,start_thres=1.25",hub,0.25,30,23,40,1730,7,0,33,1730,0.175,0.0,1.0,0.0,7.77779481221329
tfnbs,"e=0.5,h=9.0,n=30,start_thres=1.25",hub,0.25,30,23,40,1730,7,0,33,1730,0.175,0.0,1.0,0.0,7.77779481221329
tfnbs,"e=0.5,h=10.0,n=30,start_thres=1.25",hub,0.25,30,23,40,1730,7,0,33,1730,0.175,0.0,1.0,0.0,7.77779481221329
tfnbs,"e=0.6,h=0.5,n=30,start_thres=1.25",hub,0.25,30,23,40,1730,20,2,20,1728,0.5,0.0011560693641618,0.9090909090909092,0.0909090909090909,7.77779481221329
tfnbs,"e=0.6,h=1.0,n=30,start_thres=1.25",hub,0.25,30,23,40,1730,20,2,20,1728,0.5,0.0011560693641618,0.9090909090909092,0.0909090909090909,7.77779481221329
tfnbs,"e=0.6,h=2.0,n=30,start_thres=1.25",hub,0.25,30,23,40,1730,16,2,24,1728,0.4,0.0011560693641618,0.8888888888888888,0.1111111111111111,7.77779481221329
tfnbs,"e=0.6,h=3.0,n=30,start_thres=1.25",hub,0.25,30,23,40,1730,15,2,25,1728,0.375,0.0011560693641618,0.8823529411764706,0.1176470588235294,7.77779481221329
tfnbs,"e=0.6,h=4.0,n=30,start_thres=1.25",hub,0.25,30,23,40,1730,9,1,31,1729,0.225,0.0005780346820809,0.9,0.1,7.77779481221329
tfnbs,"e=0.6,h=5.0,n=30,start_thres=1.25",hub,0.25,30,23,40,1730,9,1,31,1729,0.225,0.0005780346820809,0.9,0.1,7.77779481221329
tfnbs,"e=0.6,h=6.0,n=30,start_thres=1.25",hub,0.25,30,23,40,1730,9,0,31,1730,0.225,0.0,1.0,0.0,7.77779481221329
tfnbs,"e=0.6,h=7.0,n=30,start_thres=1.25",hub,0.25,30,23,40,1730,8,0,32,1730,0.2,0.0,1.0,0.0,7.77779481221329
tfnbs,"e=0.6,h=8.0,n=30,start_thres=1.25",hub,0.25,30,23,40,1730,8,0,32,1730,0.2,0.0,1.0,0.0,7.77779481221329
tfnbs,"e=0.6,h=9.0,n=30,start_thres=1.25",hub,0.25,30,23,40,1730,7,0,33,1730,0.175,0.0,1.0,0.0,7.77779481221329
tfnbs,"e=0.6,h=10.0,n=30,start_thres=1.25",hub,0.25,30,23,40,1730,7,0,33,1730,0.175,0.0,1.0,0.0,7.77779481221329
tfnbs,"e=0.7,h=0.5,n=30,start_thres=1.25",hub,0.25,30,23,40,1730,21,5,19,1725,0.525,0.0028901734104046,0.8076923076923077,0.1923076923076923,7.77779481221329
tfnbs,"e=0.7,h=1.0,n=30,start_thres=1.25",hub,0.25,30,23,40,1730,21,5,19,1725,0.525,0.0028901734104046,0.8076923076923077,0.1923076923076923,7.77779481221329
tfnbs,"e=0.7,h=2.0,n=30,start_thres=1.25",hub,0.25,30,23,40,1730,20,2,20,1728,0.5,0.0011560693641618,0.9090909090909092,0.0909090909090909,7.77779481221329
tfnbs,"e=0.7,h=3.0,n=30,start_thres=1.25",hub,0.25,30,23,40,1730,16,2,24,1728,0.4,0.0011560693641618,0.8888888888888888,0.1111111111111111,7.77779481221329
tfnbs,"e=0.7,h=4.0,n=30,start_thres=1.25",hub,0.25,30,23,40,1730,15,2,25,1728,0.375,0.0011560693641618,0.8823529411764706,0.1176470588235294,7.77779481221329
tfnbs,"e=0.7,h=5.0,n=30,start_thres=1.25",hub,0.25,30,23,40,1730,13,2,27,1728,0.325,0.0011560693641618,0.8666666666666667,0.1333333333333333,7.77779481221329
tfnbs,"e=0.7,h=6.0,n=30,start_thres=1.25",hub,0.25,30,23,40,1730,9,1,31,1729,0.225,0.0005780346820809,0.9,0.1,7.77779481221329
tfnbs,"e=0.7,h=7.0,n=30,start_thres=1.25",hub,0.25,30,23,40,1730,9,0,31,1730,0.225,0.0,1.0,0.0,7.77779481221329
tfnbs,"e=0.7,h=8.0,n=30,start_thres=1.25",hub,0.25,30,23,40,1730,8,0,32,1730,0.2,0.0,1.0,0.0,7.77779481221329
tfnbs,"e=0.7,h=9.0,n=30,start_thres=1.25",hub,0.25,30,23,40,1730,8,0,32,1730,0.2,0.0,1.0,0.0,7.77779481221329
tfnbs,"e=0.7,h=10.0,n=30,start_thres=1.25",hub,0.25,30,23,40,1730,7,0,33,1730,0.175,0.0,1.0,0.0,7.77779481221329
tfnbs,"e=0.8,h=0.5,n=30,start_thres=1.25",hub,0.25,30,23,40,1730,23,6,17,1724,0.575,0.0034682080924855,0.7931034482758621,0.2068965517241379,7.77779481221329
tfnbs,"e=0.8,h=1.0,n=30,start_thres=1.25",hub,0.25,30,23,40,1730,23,6,17,1724,0.575,0.0034682080924855,0.7931034482758621,0.2068965517241379,7.77779481221329
tfnbs,"e=0.8,h=2.0,n=30,start_thres=1.25",hub,0.25,30,23,40,1730,21,5,19,1725,0.525,0.0028901734104046,0.8076923076923077,0.1923076923076923,7.77779481221329
tfnbs,"e=0.8,h=3.0,n=30,start_thres=1.25",hub,0.25,30,23,40,1730,21,4,19,1726,0.525,0.0023121387283236,0.84,0.16,7.77779481221329
tfnbs,"e=0.8,h=4.0,n=30,start_thres=1.25",hub,0.25,30,23,40,1730,20,2,20,1728,0.5,0.0011560693641618,0.9090909090909092,0.0909090909090909,7.77779481221329
tfnbs,"e=0.8,h=5.0,n=30,start_thres=1.25",hub,0.25,30,23,40,1730,15,2,25,1728,0.375,0.0011560693641618,0.8823529411764706,0.1176470588235294,7.77779481221329
tfnbs,"e=0.8,h=6.0,n=30,start_thres=1.25",hub,0.25,30,23,40,1730,13,2,27,1728,0.325,0.0011560693641618,0.8666666666666667,0.1333333333333333,7.77779481221329
tfnbs,"e=0.8,h=7.0,n=30,start_thres=1.25",hub,0.25,30,23,40,1730,9,1,31,1729,0.225,0.0005780346820809,0.9,0.1,7.77779481221329
tfnbs,"e=0.8,h=8.0,n=30,start_thres=1.25",hub,0.25,30,23,40,1730,9,1,31,1729,0.225,0.0005780346820809,0.9,0.1,7.77779481221329
tfnbs,"e=0.8,h=9.0,n=30,start_thres=1.25",hub,0.25,30,23,40,1730,8,0,32,1730,0.2,0.0,1.0,0.0,7.77779481221329
tfnbs,"e=0.8,h=10.0,n=30,start_thres=1.25",hub,0.25,30,23,40,1730,8,0,32,1730,0.2,0.0,1.0,0.0,7.77779481221329
tfnbs,"e=0.9,h=0.5,n=30,start_thres=1.25",hub,0.25,30,23,40,1730,23,6,17,1724,0.575,0.0034682080924855,0.7931034482758621,0.2068965517241379,7.77779481221329
tfnbs,"e=0.9,h=1.0,n=30,start_thres=1.25",hub,0.25,30,23,40,1730,23,6,17,1724,0.575,0.0034682080924855,0.7931034482758621,0.2068965517241379,7.77779481221329
tfnbs,"e=0.9,h=2.0,n=30,start_thres=1.25",hub,0.25,30,23,40,1730,23,6,17,1724,0.575,0.0034682080924855,0.7931034482758621,0.2068965517241379,7.77779481221329
tfnbs,"e=0.9,h=3.0,n=30,start_thres=1.25",hub,0.25,30,23,40,1730,21,5,19,1725,0.525,0.0028901734104046,0.8076923076923077,0.1923076923076923,7.77779481221329
tfnbs,"e=0.9,h=4.0,n=30,start_thres=1.25",hub,0.25,30,23,40,1730,21,4,19,1726,0.525,0.0023121387283236,0.84,0.16,7.77779481221329
tfnbs,"e=0.9,h=5.0,n=30,start_thres=1.25",hub,0.25,30,23,40,1730,20,2,20,1728,0.5,0.0011560693641618,0.9090909090909092,0.0909090909090909,7.77779481221329
tfnbs,"e=0.9,h=6.0,n=30,start_thres=1.25",hub,0.25,30,23,40,1730,15,2,25,1728,0.375,0.0011560693641618,0.8823529411764706,0.1176470588235294,7.77779481221329
tfnbs,"e=0.9,h=7.0,n=30,start_thres=1.25",hub,0.25,30,23,40,1730,13,2,27,1728,0.325,0.0011560693641618,0.8666666666666667,0.1333333333333333,7.77779481221329
tfnbs,"e=0.9,h=8.0,n=30,start_thres=1.25",hub,0.25,30,23,40,1730,9,1,31,1729,0.225,0.0005780346820809,0.9,0.1,7.77779481221329
tfnbs,"e=0.9,h=9.0,n=30,start_thres=1.25",hub,0.25,30,23,40,1730,9,1,31,1729,0.225,0.0005780346820809,0.9,0.1,7.77779481221329
tfnbs,"e=0.9,h=10.0,n=30,start_thres=1.25",hub,0.25,30,23,40,1730,9,0,31,1730,0.225,0.0,1.0,0.0,7.77779481221329
tfnbs,"e=1.0,h=0.5,n=30,start_thres=1.25",hub,0.25,30,23,40,1730,25,8,15,1722,0.625,0.0046242774566473,0.7575757575757576,0.2424242424242424,7.77779481221329
tfnbs,"e=1.0,h=1.0,n=30,start_thres=1.25",hub,0.25,30,23,40,1730,25,8,15,1722,0.625,0.0046242774566473,0.7575757575757576,0.2424242424242424,7.77779481221329
tfnbs,"e=1.0,h=2.0,n=30,start_thres=1.25",hub,0.25,30,23,40,1730,25,8,15,1722,0.625,0.0046242774566473,0.7575757575757576,0.2424242424242424,7.77779481221329
tfnbs,"e=1.0,h=3.0,n=30,start_thres=1.25",hub,0.25,30,23,40,1730,23,6,17,1724,0.575,0.0034682080924855,0.7931034482758621,0.2068965517241379,7.77779481221329
tfnbs,"e=1.0,h=4.0,n=30,start_thres=1.25",hub,0.25,30,23,40,1730,23,6,17,1724,0.575,0.0034682080924855,0.7931034482758621,0.2068965517241379,7.77779481221329
tfnbs,"e=1.0,h=5.0,n=30,start_thres=1.25",hub,0.25,30,23,40,1730,21,4,19,1726,0.525,0.0023121387283236,0.84,0.16,7.77779481221329
tfnbs,"e=1.0,h=6.0,n=30,start_thres=1.25",hub,0.25,30,23,40,1730,20,2,20,1728,0.5,0.0011560693641618,0.9090909090909092,0.0909090909090909,7.77779481221329
tfnbs,"e=1.0,h=7.0,n=30,start_thres=1.25",hub,0.25,30,23,40,1730,15,2,25,1728,0.375,0.0011560693641618,0.8823529411764706,0.1176470588235294,7.77779481221329
tfnbs,"e=1.0,h=8.0,n=30,start_thres=1.25",hub,0.25,30,23,40,1730,13,2,27,1728,0.325,0.0011560693641618,0.8666666666666667,0.1333333333333333,7.77779481221329
tfnbs,"e=1.0,h=9.0,n=30,start_thres=1.25",hub,0.25,30,23,40,1730,9,1,31,1729,0.225,0.0005780346820809,0.9,0.1,7.77779481221329
tfnbs,"e=1.0,h=10.0,n=30,start_thres=1.25",hub,0.25,30,23,40,1730,9,1,31,1729,0.225,0.0005780346820809,0.9,0.1,7.77779481221329
tfnbs,"e=1.1,h=0.5,n=30,start_thres=1.25",hub,0.25,30,23,40,1730,25,8,15,1722,0.625,0.0046242774566473,0.7575757575757576,0.2424242424242424,7.77779481221329
tfnbs,"e=1.1,h=1.0,n=30,start_thres=1.25",hub,0.25,30,23,40,1730,25,8,15,1722,0.625,0.0046242774566473,0.7575757575757576,0.2424242424242424,7.77779481221329
tfnbs,"e=1.1,h=2.0,n=30,start_thres=1.25",hub,0.25,30,23,40,1730,25,8,15,1722,0.625,0.0046242774566473,0.7575757575757576,0.2424242424242424,7.77779481221329
tfnbs,"e=1.1,h=3.0,n=30,start_thres=1.25",hub,0.25,30,23,40,1730,25,8,15,1722,0.625,0.0046242774566473,0.7575757575757576,0.2424242424242424,7.77779481221329
tfnbs,"e=1.1,h=4.0,n=30,start_thres=1.25",hub,0.25,30,23,40,1730,23,6,17,1724,0.575,0.0034682080924855,0.7931034482758621,0.2068965517241379,7.77779481221329
tfnbs,"e=1.1,h=5.0,n=30,start_thres=1.25",hub,0.25,30,23,40,1730,23,6,17,1724,0.575,0.0034682080924855,0.7931034482758621,0.2068965517241379,7.77779481221329
tfnbs,"e=1.1,h=6.0,n=30,start_thres=1.25",hub,0.25,30,23,40,1730,21,4,19,1726,0.525,0.0023121387283236,0.84,0.16,7.77779481221329
tfnbs,"e=1.1,h=7.0,n=30,start_thres=1.25",hub,0.25,30,23,40,1730,20,2,20,1728,0.5,0.0011560693641618,0.9090909090909092,0.0909090909090909,7.77779481221329
tfnbs,"e=1.1,h=8.0,n=30,start_thres=1.25",hub,0.25,30,23,40,1730,15,2,25,1728,0.375,0.0011560693641618,0.8823529411764706,0.1176470588235294,7.77779481221329
tfnbs,"e=1.1,h=9.0,n=30,start_thres=1.25",hub,0.25,30,23,40,1730,13,2,27,1728,0.325,0.0011560693641618,0.8666666666666667,0.1333333333333333,7.77779481221329
tfnbs,"e=1.1,h=10.0,n=30,start_thres=1.25",hub,0.25,30,23,40,1730,9,1,31,1729,0.225,0.0005780346820809,0.9,0.1,7.77779481221329
tfnbs,"e=1.2,h=0.5,n=30,start_thres=1.25",hub,0.25,30,23,40,1730,25,8,15,1722,0.625,0.0046242774566473,0.7575757575757576,0.2424242424242424,7.77779481221329
tfnbs,"e=1.2,h=1.0,n=30,start_thres=1.25",hub,0.25,30,23,40,1730,25,8,15,1722,0.625,0.0046242774566473,0.7575757575757576,0.2424242424242424,7.77779481221329
tfnbs,"e=1.2,h=2.0,n=30,start_thres=1.25",hub,0.25,30,23,40,1730,25,8,15,1722,0.625,0.0046242774566473,0.7575757575757576,0.2424242424242424,7.77779481221329
tfnbs,"e=1.2,h=3.0,n=30,start_thres=1.25",hub,0.25,30,23,40,1730,25,8,15,1722,0.625,0.0046242774566473,0.7575757575757576,0.2424242424242424,7.77779481221329
tfnbs,"e=1.2,h=4.0,n=30,start_thres=1.25",hub,0.25,30,23,40,1730,25,8,15,1722,0.625,0.0046242774566473,0.7575757575757576,0.2424242424242424,7.77779481221329
tfnbs,"e=1.2,h=5.0,n=30,start_thres=1.25",hub,0.25,30,23,40,1730,23,6,17,1724,0.575,0.0034682080924855,0.7931034482758621,0.2068965517241379,7.77779481221329
tfnbs,"e=1.2,h=6.0,n=30,start_thres=1.25",hub,0.25,30,23,40,1730,23,6,17,1724,0.575,0.0034682080924855,0.7931034482758621,0.2068965517241379,7.77779481221329
tfnbs,"e=1.2,h=7.0,n=30,start_thres=1.25",hub,0.25,30,23,40,1730,21,4,19,1726,0.525,0.0023121387283236,0.84,0.16,7.77779481221329
tfnbs,"e=1.2,h=8.0,n=30,start_thres=1.25",hub,0.25,30,23,40,1730,20,2,20,1728,0.5,0.0011560693641618,0.9090909090909092,0.0909090909090909,7.77779481221329
tfnbs,"e=1.2,h=9.0,n=30,start_thres=1.25",hub,0.25,30,23,40,1730,15,2,25,1728,0.375,0.0011560693641618,0.8823529411764706,0.1176470588235294,7.77779481221329
tfnbs,"e=1.2,h=10.0,n=30,start_thres=1.25",hub,0.25,30,23,40,1730,13,2,27,1728,0.325,0.0011560693641618,0.8666666666666667,0.1333333333333333,7.77779481221329
tfnbs,"e=1.3,h=0.5,n=30,start_thres=1.25",hub,0.25,30,23,40,1730,25,8,15,1722,0.625,0.0046242774566473,0.7575757575757576,0.2424242424242424,7.77779481221329
tfnbs,"e=1.3,h=1.0,n=30,start_thres=1.25",hub,0.25,30,23,40,1730,25,8,15,1722,0.625,0.0046242774566473,0.7575757575757576,0.2424242424242424,7.77779481221329
tfnbs,"e=1.3,h=2.0,n=30,start_thres=1.25",hub,0.25,30,23,40,1730,25,12,15,1718,0.625,0.006936416184971,0.6756756756756757,0.3243243243243243,7.77779481221329
tfnbs,"e=1.3,h=3.0,n=30,start_thres=1.25",hub,0.25,30,23,40,1730,25,12,15,1718,0.625,0.006936416184971,0.6756756756756757,0.3243243243243243,7.77779481221329
tfnbs,"e=1.3,h=4.0,n=30,start_thres=1.25",hub,0.25,30,23,40,1730,25,8,15,1722,0.625,0.0046242774566473,0.7575757575757576,0.2424242424242424,7.77779481221329
tfnbs,"e=1.3,h=5.0,n=30,start_thres=1.25",hub,0.25,30,23,40,1730,25,8,15,1722,0.625,0.0046242774566473,0.7575757575757576,0.2424242424242424,7.77779481221329
tfnbs,"e=1.3,h=6.0,n=30,start_thres=1.25",hub,0.25,30,23,40,1730,23,6,17,1724,0.575,0.0034682080924855,0.7931034482758621,0.2068965517241379,7.77779481221329
tfnbs,"e=1.3,h=7.0,n=30,start_thres=1.25",hub,0.25,30,23,40,1730,23,6,17,1724,0.575,0.0034682080924855,0.7931034482758621,0.2068965517241379,7.77779481221329
tfnbs,"e=1.3,h=8.0,n=30,start_thres=1.25",hub,0.25,30,23,40,1730,21,4,19,1726,0.525,0.0023121387283236,0.84,0.16,7.77779481221329
tfnbs,"e=1.3,h=9.0,n=30,start_thres=1.25",hub,0.25,30,23,40,1730,20,2,20,1728,0.5,0.0011560693641618,0.9090909090909092,0.0909090909090909,7.77779481221329
tfnbs,"e=1.3,h=10.0,n=30,start_thres=1.25",hub,0.25,30,23,40,1730,15,2,25,1728,0.375,0.0011560693641618,0.8823529411764706,0.1176470588235294,7.77779481221329
tfnbs,"e=1.4,h=0.5,n=30,start_thres=1.25",hub,0.25,30,23,40,1730,25,8,15,1722,0.625,0.0046242774566473,0.7575757575757576,0.2424242424242424,7.77779481221329
tfnbs,"e=1.4,h=1.0,n=30,start_thres=1.25",hub,0.25,30,23,40,1730,25,8,15,1722,0.625,0.0046242774566473,0.7575757575757576,0.2424242424242424,7.77779481221329
tfnbs,"e=1.4,h=2.0,n=30,start_thres=1.25",hub,0.25,30,23,40,1730,25,12,15,1718,0.625,0.006936416184971,0.6756756756756757,0.3243243243243243,7.77779481221329
tfnbs,"e=1.4,h=3.0,n=30,start_thres=1.25",hub,0.25,30,23,40,1730,25,12,15,1718,0.625,0.006936416184971,0.6756756756756757,0.3243243243243243,7.77779481221329
tfnbs,"e=1.4,h=4.0,n=30,start_thres=1.25",hub,0.25,30,23,40,1730,25,12,15,1718,0.625,0.006936416184971,0.6756756756756757,0.3243243243243243,7.77779481221329
tfnbs,"e=1.4,h=5.0,n=30,start_thres=1.25",hub,0.25,30,23,40,1730,25,8,15,1722,0.625,0.0046242774566473,0.7575757575757576,0.2424242424242424,7.77779481221329
tfnbs,"e=1.4,h=6.0,n=30,start_thres=1.25",hub,0.25,30,23,40,1730,25,8,15,1722,0.625,0.0046242774566473,0.7575757575757576,0.2424242424242424,7.77779481221329
tfnbs,"e=1.4,h=7.0,n=30,start_thres=1.25",hub,0.25,30,23,40,1730,23,6,17,1724,0.575,0.0034682080924855,0.7931034482758621,0.2068965517241379,7.77779481221329
tfnbs,"e=1.4,h=8.0,n=30,start_thres=1.25",hub,0.25,30,23,40,1730,23,6,17,1724,0.575,0.0034682080924855,0.7931034482758621,0.2068965517241379,7.77779481221329
tfnbs,"e=1.4,h=9.0,n=30,start_thres=1.25",hub,0.25,30,23,40,1730,21,4,19,1726,0.525,0.0023121387283236,0.84,0.16,7.77779481221329
tfnbs,"e=1.4,h=10.0,n=30,start_thres=1.25",hub,0.25,30,23,40,1730,20,2,20,1728,0.5,0.0011560693641618,0.9090909090909092,0.0909090909090909,7.77779481221329
tfnbs,"e=1.5,h=0.5,n=30,start_thres=1.25",hub,0.25,30,23,40,1730,25,8,15,1722,0.625,0.0046242774566473,0.7575757575757576,0.2424242424242424,7.77779481221329
tfnbs,"e=1.5,h=1.0,n=30,start_thres=1.25",hub,0.25,30,23,40,1730,25,8,15,1722,0.625,0.0046242774566473,0.7575757575757576,0.2424242424242424,7.77779481221329
tfnbs,"e=1.5,h=2.0,n=30,start_thres=1.25",hub,0.25,30,23,40,1730,25,12,15,1718,0.625,0.006936416184971,0.6756756756756757,0.3243243243243243,7.77779481221329
tfnbs,"e=1.5,h=3.0,n=30,start_thres=1.25",hub,0.25,30,23,40,1730,25,12,15,1718,0.625,0.006936416184971,0.6756756756756757,0.3243243243243243,7.77779481221329
tfnbs,"e=1.5,h=4.0,n=30,start_thres=1.25",hub,0.25,30,23,40,1730,25,12,15,1718,0.625,0.006936416184971,0.6756756756756757,0.3243243243243243,7.77779481221329
tfnbs,"e=1.5,h=5.0,n=30,start_thres=1.25",hub,0.25,30,23,40,1730,25,12,15,1718,0.625,0.006936416184971,0.6756756756756757,0.3243243243243243,7.77779481221329
tfnbs,"e=1.5,h=6.0,n=30,start_thres=1.25",hub,0.25,30,23,40,1730,25,12,15,1718,0.625,0.006936416184971,0.6756756756756757,0.3243243243243243,7.77779481221329
tfnbs,"e=1.5,h=7.0,n=30,start_thres=1.25",hub,0.25,30,23,40,1730,25,8,15,1722,0.625,0.0046242774566473,0.7575757575757576,0.2424242424242424,7.77779481221329
tfnbs,"e=1.5,h=8.0,n=30,start_thres=1.25",hub,0.25,30,23,40,1730,23,6,17,1724,0.575,0.0034682080924855,0.7931034482758621,0.2068965517241379,7.77779481221329
tfnbs,"e=1.5,h=9.0,n=30,start_thres=1.25",hub,0.25,30,23,40,1730,23,6,17,1724,0.575,0.0034682080924855,0.7931034482758621,0.2068965517241379,7.77779481221329
tfnbs,"e=1.5,h=10.0,n=30,start_thres=1.25",hub,0.25,30,23,40,1730,21,4,19,1726,0.525,0.0023121387283236,0.84,0.16,7.77779481221329
ni_tfnbs,"e=0.05,h=0.5,n=30,start_thres=1.25",hub,0.25,50,0,40,1730,10,0,30,1730,0.25,0.0,1.0,0.0,0.147410820830952
ni_tfnbs,"e=0.05,h=1.0,n=30,start_thres=1.25",hub,0.25,50,0,40,1730,10,0,30,1730,0.25,0.0,1.0,0.0,0.147410820830952
ni_tfnbs,"e=0.05,h=2.0,n=30,start_thres=1.25",hub,0.25,50,0,40,1730,8,0,32,1730,0.2,0.0,1.0,0.0,0.147410820830952
ni_tfnbs,"e=0.05,h=3.0,n=30,start_thres=1.25",hub,0.25,50,0,40,1730,8,0,32,1730,0.2,0.0,1.0,0.0,0.147410820830952
ni_tfnbs,"e=0.05,h=4.0,n=30,start_thres=1.25",hub,0.25,50,0,40,1730,8,0,32,1730,0.2,0.0,1.0,0.0,0.147410820830952
ni_tfnbs,"e=0.05,h=5.0,n=30,start_thres=1.25",hub,0.25,50,0,40,1730,8,0,32,1730,0.2,0.0,1.0,0.0,0.147410820830952
ni_tfnbs,"e=0.05,h=6.0,n=30,start_thres=1.25",hub,0.25,50,0,40,1730,8,0,32,1730,0.2,0.0,1.0,0.0,0.147410820830952
ni_tfnbs,"e=0.05,h=7.0,n=30,start_thres=1.25",hub,0.25,50,0,40,1730,8,0,32,1730,0.2,0.0,1.0,0.0,0.147410820830952
ni_tfnbs,"e=0.05,h=8.0,n=30,start_thres=1.25",hub,0.25,50,0,40,1730,8,0,32,1730,0.2,0.0,1.0,0.0,0.147410820830952
ni_tfnbs,"e=0.05,h=9.0,n=30,start_thres=1.25",hub,0.25,50,0,40,1730,8,0,32,1730,0.2,0.0,1.0,0.0,0.147410820830952
ni_tfnbs,"e=0.05,h=10.0,n=30,start_thres=1.25",hub,0.25,50,0,40,1730,8,0,32,1730,0.2,0.0,1.0,0.0,0.147410820830952
ni_tfnbs,"e=0.1,h=0.5,n=30,start_thres=1.25",hub,0.25,50,0,40,1730,11,0,29,1730,0.275,0.0,1.0,0.0,0.147410820830952
ni_tfnbs,"e=0.1,h=1.0,n=30,start_thres=1.25",hub,0.25,50,0,40,1730,11,0,29,1730,0.275,0.0,1.0,0.0,0.147410820830952
ni_tfnbs,"e=0.1,h=2.0,n=30,start_thres=1.25",hub,0.25,50,0,40,1730,10,0,30,1730,0.25,0.0,1.0,0.0,0.147410820830952
ni_tfnbs,"e=0.1,h=3.0,n=30,start_thres=1.25",hub,0.25,50,0,40,1730,10,0,30,1730,0.25,0.0,1.0,0.0,0.147410820830952
ni_tfnbs,"e=0.1,h=4.0,n=30,start_thres=1.25",hub,0.25,50,0,40,1730,10,0,30,1730,0.25,0.0,1.0,0.0,0.147410820830952
ni_tfnbs,"e=0.1,h=5.0,n=30,start_thres=1.25",hub,0.25,50,0,40,1730,10,0,30,1730,0.25,0.0,1.0,0.0,0.147410820830952
ni_tfnbs,"e=0.1,h=6.0,n=30,start_thres=1.25",hub,0.25,50,0,40,1730,10,0,30,1730,0.25,0.0,1.0,0.0,0.147410820830952
ni_tfnbs,"e=0.1,h=7.0,n=30,start_thres=1.25",hub,0.25,50,0,40,1730,9,0,31,1730,0.225,0.0,1.0,0.0,0.147410820830952
ni_tfnbs,"e=0.1,h=8.0,n=30,start_thres=1.25",hub,0.25,50,0,40,1730,8,0,32,1730,0.2,0.0,1.0,0.0,0.147410820830952
ni_tfnbs,"e=0.1,h=9.0,n=30,start_thres=1.25",hub,0.25,50,0,40,1730,8,0,32,1730,0.2,0.0,1.0,0.0,0.147410820830952
ni_tfnbs,"e=0.1,h=10.0,n=30,start_thres=1.25",hub,0.25,50,0,40,1730,8,0,32,1730,0.2,0.0,1.0,0.0,0.147410820830952
ni_tfnbs,"e=0.2,h=0.5,n=30,start_thres=1.25",hub,0.25,50,0,40,1730,14,0,26,1730,0.35,0.0,1.0,0.0,0.147410820830952
ni_tfnbs,"e=0.2,h=1.0,n=30,start_thres=1.25",hub,0.25,50,0,40,1730,12,0,28,1730,0.3,0.0,1.0,0.0,0.147410820830952
ni_tfnbs,"e=0.2,h=2.0,n=30,start_thres=1.25",hub,0.25,50,0,40,1730,12,0,28,1730,0.3,0.0,1.0,0.0,0.147410820830952
ni_tfnbs,"e=0.2,h=3.0,n=30,start_thres=1.25",hub,0.25,50,0,40,1730,11,0,29,1730,0.275,0.0,1.0,0.0,0.147410820830952
ni_tfnbs,"e=0.2,h=4.0,n=30,start_thres=1.25",hub,0.25,50,0,40,1730,11,0,29,1730,0.275,0.0,1.0,0.0,0.147410820830952
ni_tfnbs,"e=0.2,h=5.0,n=30,start_thres=1.25",hub,0.25,50,0,40,1730,11,0,29,1730,0.275,0.0,1.0,0.0,0.147410820830952
ni_tfnbs,"e=0.2,h=6.0,n=30,start_thres=1.25",hub,0.25,50,0,40,1730,10,0,30,1730,0.25,0.0,1.0,0.0,0.147410820830952
ni_tfnbs,"e=0.2,h=7.0,n=30,start_thres=1.25",hub,0.25,50,0,40,1730,10,0,30,1730,0.25,0.0,1.0,0.0,0.147410820830952
ni_tfnbs,"e=0.2,h=8.0,n=30,start_thres=1.25",hub,0.25,50,0,40,1730,10,0,30,1730,0.25,0.0,1.0,0.0,0.147410820830952
ni_tfnbs,"e=0.2,h=9.0,n=30,start_thres=1.25",hub,0.25,50,0,40,1730,10,0,30,1730,0.25,0.0,1.0,0.0,0.147410820830952
ni_tfnbs,"e=0.2,h=10.0,n=30,start_thres=1.25",hub,0.25,50,0,40,1730,10,0,30,1730,0.25,0.0,1.0,0.0,0.147410820830952
ni_tfnbs,"e=0.3,h=0.5,n=30,start_thres=1.25",hub,0.25,50,0,40,1730,14,1,26,1729,0.35,0.0005780346820809,0.9333333333333332,0.0666666666666666,0.147410820830952
ni_tfnbs,"e=0.3,h=1.0,n=30,start_thres=1.25",hub,0.25,50,0,40,1730,14,0,26,1730,0.35,0.0,1.0,0.0,0.147410820830952
ni_tfnbs,"e=0.3,h=2.0,n=30,start_thres=1.25",hub,0.25,50,0,40,1730,14,0,26,1730,0.35,0.0,1.0,0.0,0.147410820830952
ni_tfnbs,"e=0.3,h=3.0,n=30,start_thres=1.25",hub,0.25,50,0,40,1730,12,0,28,1730,0.3,0.0,1.0,0.0,0.147410820830952
ni_tfnbs,"e=0.3,h=4.0,n=30,start_thres=1.25",hub,0.25,50,0,40,1730,12,0,28,1730,0.3,0.0,1.0,0.0,0.147410820830952
ni_tfnbs,"e=0.3,h=5.0,n=30,start_thres=1.25",hub,0.25,50,0,40,1730,11,0,29,1730,0.275,0.0,1.0,0.0,0.147410820830952
ni_tfnbs,"e=0.3,h=6.0,n=30,start_thres=1.25",hub,0.25,50,0,40,1730,11,0,29,1730,0.275,0.0,1.0,0.0,0.147410820830952
ni_tfnbs,"e=0.3,h=7.0,n=30,start_thres=1.25",hub,0.25,50,0,40,1730,11,0,29,1730,0.275,0.0,1.0,0.0,0.147410820830952
ni_tfnbs,"e=0.3,h=8.0,n=30,start_thres=1.25",hub,0.25,50,0,40,1730,11,0,29,1730,0.275,0.0,1.0,0.0,0.147410820830952
ni_tfnbs,"e=0.3,h=9.0,n=30,start_thres=1.25",hub,0.25,50,0,40,1730,10,0,30,1730,0.25,0.0,1.0,0.0,0.147410820830952
ni_tfnbs,"e=0.3,h=10.0,n=30,start_thres=1.25",hub,0.25,50,0,40,1730,10,0,30,1730,0.25,0.0,1.0,0.0,0.147410820830952
ni_tfnbs,"e=0.4,h=0.5,n=30,start_thres=1.25",hub,0.25,50,0,40,1730,16,1,24,1729,0.4,0.0005780346820809,0.9411764705882352,0.0588235294117647,0.147410820830952
ni_tfnbs,"e=0.4,h=1.0,n=30,start_thres=1.25",hub,0.25,50,0,40,1730,16,1,24,1729,0.4,0.0005780346820809,0.9411764705882352,0.0588235294117647,0.147410820830952
ni_tfnbs,"e=0.4,h=2.0,n=30,start_thres=1.25",hub,0.25,50,0,40,1730,14,0,26,1730,0.35,0.0,1.0,0.0,0.147410820830952
ni_tfnbs,"e=0.4,h=3.0,n=30,start_thres=1.25",hub,0.25,50,0,40,1730,14,0,26,1730,0.35,0.0,1.0,0.0,0.147410820830952
ni_tfnbs,"e=0.4,h=4.0,n=30,start_thres=1.25",hub,0.25,50,0,40,1730,12,0,28,1730,0.3,0.0,1.0,0.0,0.147410820830952
ni_tfnbs,"e=0.4,h=5.0,n=30,start_thres=1.25",hub,0.25,50,0,40,1730,12,0,28,1730,0.3,0.0,1.0,0.0,0.147410820830952
ni_tfnbs,"e=0.4,h=6.0,n=30,start_thres=1.25",hub,0.25,50,0,40,1730,12,0,28,1730,0.3,0.0,1.0,0.0,0.147410820830952
ni_tfnbs,"e=0.4,h=7.0,n=30,start_thres=1.25",hub,0.25,50,0,40,1730,12,0,28,1730,0.3,0.0,1.0,0.0,0.147410820830952
ni_tfnbs,"e=0.4,h=8.0,n=30,start_thres=1.25",hub,0.25,50,0,40,1730,11,0,29,1730,0.275,0.0,1.0,0.0,0.147410820830952
ni_tfnbs,"e=0.4,h=9.0,n=30,start_thres=1.25",hub,0.25,50,0,40,1730,11,0,29,1730,0.275,0.0,1.0,0.0,0.147410820830952
ni_tfnbs,"e=0.4,h=10.0,n=30,start_thres=1.25",hub,0.25,50,0,40,1730,11,0,29,1730,0.275,0.0,1.0,0.0,0.147410820830952
ni_tfnbs,"e=0.5,h=0.5,n=30,start_thres=1.25",hub,0.25,50,0,40,1730,17,3,23,1727,0.425,0.0017341040462427,0.85,0.15,0.147410820830952
ni_tfnbs,"e=0.5,h=1.0,n=30,start_thres=1.25",hub,0.25,50,0,40,1730,17,2,23,1728,0.425,0.0011560693641618,0.8947368421052632,0.1052631578947368,0.147410820830952
ni_tfnbs,"e=0.5,h=2.0,n=30,start_thres=1.25",hub,0.25,50,0,40,1730,15,1,25,1729,0.375,0.0005780346820809,0.9375,0.0625,0.147410820830952
ni_tfnbs,"e=0.5,h=3.0,n=30,start_thres=1.25",hub,0.25,50,0,40,1730,14,1,26,1729,0.35,0.0005780346820809,0.9333333333333332,0.0666666666666666,0.147410820830952
ni_tfnbs,"e=0.5,h=4.0,n=30,start_thres=1.25",hub,0.25,50,0,40,1730,14,0,26,1730,0.35,0.0,1.0,0.0,0.147410820830952
ni_tfnbs,"e=0.5,h=5.0,n=30,start_thres=1.25",hub,0.25,50,0,40,1730,12,0,28,1730,0.3,0.0,1.0,0.0,0.147410820830952
ni_tfnbs,"e=0.5,h=6.0,n=30,start_thres=1.25",hub,0.25,50,0,40,1730,12,0,28,1730,0.3,0.0,1.0,0.0,0.147410820830952
ni_tfnbs,"e=0.5,h=7.0,n=30,start_thres=1.25",hub,0.25,50,0,40,1730,12,0,28,1730,0.3,0.0,1.0,0.0,0.147410820830952
ni_tfnbs,"e=0.5,h=8.0,n=30,start_thres=1.25",hub,0.25,50,0,40,1730,12,0,28,1730,0.3,0.0,1.0,0.0,0.147410820830952
ni_tfnbs,"e=0.5,h=9.0,n=30,start_thres=1.25",hub,0.25,50,0,40,1730,12,0,28,1730,0.3,0.0,1.0,0.0,0.147410820830952
ni_tfnbs,"e=0.5,h=10.0,n=30,start_thres=1.25",hub,0.25,50,0,40,1730,11,0,29,1730,0.275,0.0,1.0,0.0,0.147410820830952
ni_tfnbs,"e=0.6,h=0.5,n=30,start_thres=1.25",hub,0.25,50,0,40,1730,19,4,21,1726,0.475,0.0023121387283236,0.8260869565217391,0.1739130434782608,0.147410820830952
ni_tfnbs,"e=0.6,h=1.0,n=30,start_thres=1.25",hub,0.25,50,0,40,1730,19,4,21,1726,0.475,0.0023121387283236,0.8260869565217391,0.1739130434782608,0.147410820830952
ni_tfnbs,"e=0.6,h=2.0,n=30,start_thres=1.25",hub,0.25,50,0,40,1730,17,2,23,1728,0.425,0.0011560693641618,0.8947368421052632,0.1052631578947368,0.147410820830952
ni_tfnbs,"e=0.6,h=3.0,n=30,start_thres=1.25",hub,0.25,50,0,40,1730,15,1,25,1729,0.375,0.0005780346820809,0.9375,0.0625,0.147410820830952
ni_tfnbs,"e=0.6,h=4.0,n=30,start_thres=1.25",hub,0.25,50,0,40,1730,14,1,26,1729,0.35,0.0005780346820809,0.9333333333333332,0.0666666666666666,0.147410820830952
ni_tfnbs,"e=0.6,h=5.0,n=30,start_thres=1.25",hub,0.25,50,0,40,1730,14,0,26,1730,0.35,0.0,1.0,0.0,0.147410820830952
ni_tfnbs,"e=0.6,h=6.0,n=30,start_thres=1.25",hub,0.25,50,0,40,1730,12,0,28,1730,0.3,0.0,1.0,0.0,0.147410820830952
ni_tfnbs,"e=0.6,h=7.0,n=30,start_thres=1.25",hub,0.25,50,0,40,1730,12,0,28,1730,0.3,0.0,1.0,0.0,0.147410820830952
ni_tfnbs,"e=0.6,h=8.0,n=30,start_thres=1.25",hub,0.25,50,0,40,1730,12,0,28,1730,0.3,0.0,1.0,0.0,0.147410820830952
ni_tfnbs,"e=0.6,h=9.0,n=30,start_thres=1.25",hub,0.25,50,0,40,1730,12,0,28,1730,0.3,0.0,1.0,0.0,0.147410820830952
ni_tfnbs,"e=0.6,h=10.0,n=30,start_thres=1.25",hub,0.25,50,0,40,1730,12,0,28,1730,0.3,0.0,1.0,0.0,0.147410820830952
ni_tfnbs,"e=0.7,h=0.5,n=30,start_thres=1.25",hub,0.25,50,0,40,1730,20,5,20,1725,0.5,0.0028901734104046,0.8,0.2,0.147410820830952
ni_tfnbs,"e=0.7,h=1.0,n=30,start_thres=1.25",hub,0.25,50,0,40,1730,20,5,20,1725,0.5,0.0028901734104046,0.8,0.2,0.147410820830952
ni_tfnbs,"e=0.7,h=2.0,n=30,start_thres=1.25",hub,0.25,50,0,40,1730,19,4,21,1726,0.475,0.0023121387283236,0.8260869565217391,0.1739130434782608,0.147410820830952
ni_tfnbs,"e=0.7,h=3.0,n=30,start_thres=1.25",hub,0.25,50,0,40,1730,18,2,22,1728,0.45,0.0011560693641618,0.9,0.1,0.147410820830952
ni_tfnbs,"e=0.7,h=4.0,n=30,start_thres=1.25",hub,0.25,50,0,40,1730,15,1,25,1729,0.375,0.0005780346820809,0.9375,0.0625,0.147410820830952
ni_tfnbs,"e=0.7,h=5.0,n=30,start_thres=1.25",hub,0.25,50,0,40,1730,14,0,26,1730,0.35,0.0,1.0,0.0,0.147410820830952
ni_tfnbs,"e=0.7,h=6.0,n=30,start_thres=1.25",hub,0.25,50,0,40,1730,14,0,26,1730,0.35,0.0,1.0,0.0,0.147410820830952
ni_tfnbs,"e=0.7,h=7.0,n=30,start_thres=1.25",hub,0.25,50,0,40,1730,12,0,28,1730,0.3,0.0,1.0,0.0,0.147410820830952
ni_tfnbs,"e=0.7,h=8.0,n=30,start_thres=1.25",hub,0.25,50,0,40,1730,12,0,28,1730,0.3,0.0,1.0,0.0,0.147410820830952
ni_tfnbs,"e=0.7,h=9.0,n=30,start_thres=1.25",hub,0.25,50,0,40,1730,12,0,28,1730,0.3,0.0,1.0,0.0,0.147410820830952
ni_tfnbs,"e=0.7,h=10.0,n=30,start_thres=1.25",hub,0.25,50,0,40,1730,12,0,28,1730,0.3,0.0,1.0,0.0,0.147410820830952
ni_tfnbs,"e=0.8,h=0.5,n=30,start_thres=1.25",hub,0.25,50,0,40,1730,21,8,19,1722,0.525,0.0046242774566473,0.7241379310344828,0.2758620689655172,0.147410820830952
ni_tfnbs,"e=0.8,h=1.0,n=30,start_thres=1.25",hub,0.25,50,0,40,1730,20,6,20,1724,0.5,0.0034682080924855,0.7692307692307693,0.2307692307692307,0.147410820830952
ni_tfnbs,"e=0.8,h=2.0,n=30,start_thres=1.25",hub,0.25,50,0,40,1730,20,5,20,1725,0.5,0.0028901734104046,0.8,0.2,0.147410820830952
ni_tfnbs,"e=0.8,h=3.0,n=30,start_thres=1.25",hub,0.25,50,0,40,1730,18,3,22,1727,0.45,0.0017341040462427,0.8571428571428571,0.1428571428571428,0.147410820830952
ni_tfnbs,"e=0.8,h=4.0,n=30,start_thres=1.25",hub,0.25,50,0,40,1730,17,2,23,1728,0.425,0.0011560693641618,0.8947368421052632,0.1052631578947368,0.147410820830952
ni_tfnbs,"e=0.8,h=5.0,n=30,start_thres=1.25",hub,0.25,50,0,40,1730,15,1,25,1729,0.375,0.0005780346820809,0.9375,0.0625,0.147410820830952
ni_tfnbs,"e=0.8,h=6.0,n=30,start_thres=1.25",hub,0.25,50,0,40,1730,14,0,26,1730,0.35,0.0,1.0,0.0,0.147410820830952
ni_tfnbs,"e=0.8,h=7.0,n=30,start_thres=1.25",hub,0.25,50,0,40,1730,14,0,26,1730,0.35,0.0,1.0,0.0,0.147410820830952
ni_tfnbs,"e=0.8,h=8.0,n=30,start_thres=1.25",hub,0.25,50,0,40,1730,12,0,28,1730,0.3,0.0,1.0,0.0,0.147410820830952
ni_tfnbs,"e=0.8,h=9.0,n=30,start_thres=1.25",hub,0.25,50,0,40,1730,12,0,28,1730,0.3,0.0,1.0,0.0,0.147410820830952
ni_tfnbs,"e=0.8,h=10.0,n=30,start_thres=1.25",hub,0.25,50,0,40,1730,12,0,28,1730,0.3,0.0,1.0,0.0,0.147410820830952
ni_tfnbs,"e=0.9,h=0.5,n=30,start_thres=1.25",hub,0.25,50,0,40,1730,20,8,20,1722,0.5,0.0046242774566473,0.7142857142857143,0.2857142857142857,0.147410820830952
ni_tfnbs,"e=0.9,h=1.0,n=30,start_thres=1.25",hub,0.25,50,0,40,1730,21,8,19,1722,0.525,0.0046242774566473,0.7241379310344828,0.2758620689655172,0.147410820830952
ni_tfnbs,"e=0.9,h=2.0,n=30,start_thres=1.25",hub,0.25,50,0,40,1730,20,6,20,1724,0.5,0.0034682080924855,0.7692307692307693,0.2307692307692307,0.147410820830952
ni_tfnbs,"e=0.9,h=3.0,n=30,start_thres=1.25",hub,0.25,50,0,40,1730,20,5,20,1725,0.5,0.0028901734104046,0.8,0.2,0.147410820830952
ni_tfnbs,"e=0.9,h=4.0,n=30,start_thres=1.25",hub,0.25,50,0,40,1730,17,3,23,1727,0.425,0.0017341040462427,0.85,0.15,0.147410820830952
ni_tfnbs,"e=0.9,h=5.0,n=30,start_thres=1.25",hub,0.25,50,0,40,1730,17,2,23,1728,0.425,0.0011560693641618,0.8947368421052632,0.1052631578947368,0.147410820830952
ni_tfnbs,"e=0.9,h=6.0,n=30,start_thres=1.25",hub,0.25,50,0,40,1730,14,1,26,1729,0.35,0.0005780346820809,0.9333333333333332,0.0666666666666666,0.147410820830952
ni_tfnbs,"e=0.9,h=7.0,n=30,start_thres=1.25",hub,0.25,50,0,40,1730,14,0,26,1730,0.35,0.0,1.0,0.0,0.147410820830952
ni_tfnbs,"e=0.9,h=8.0,n=30,start_thres=1.25",hub,0.25,50,0,40,1730,14,0,26,1730,0.35,0.0,1.0,0.0,0.147410820830952
ni_tfnbs,"e=0.9,h=9.0,n=30,start_thres=1.25",hub,0.25,50,0,40,1730,12,0,28,1730,0.3,0.0,1.0,0.0,0.147410820830952
ni_tfnbs,"e=0.9,h=10.0,n=30,start_thres=1.25",hub,0.25,50,0,40,1730,12,0,28,1730,0.3,0.0,1.0,0.0,0.147410820830952
ni_tfnbs,"e=1.0,h=0.5,n=30,start_thres=1.25",hub,0.25,50,0,40,1730,22,9,18,1721,0.55,0.0052023121387283,0.7096774193548387,0.2903225806451613,0.147410820830952
ni_tfnbs,"e=1.0,h=1.0,n=30,start_thres=1.25",hub,0.25,50,0,40,1730,22,9,18,1721,0.55,0.0052023121387283,0.7096774193548387,0.2903225806451613,0.147410820830952
ni_tfnbs,"e=1.0,h=2.0,n=30,start_thres=1.25",hub,0.25,50,0,40,1730,22,8,18,1722,0.55,0.0046242774566473,0.7333333333333333,0.2666666666666666,0.147410820830952
ni_tfnbs,"e=1.0,h=3.0,n=30,start_thres=1.25",hub,0.25,50,0,40,1730,21,6,19,1724,0.525,0.0034682080924855,0.7777777777777778,0.2222222222222222,0.147410820830952
ni_tfnbs,"e=1.0,h=4.0,n=30,start_thres=1.25",hub,0.25,50,0,40,1730,19,4,21,1726,0.475,0.0023121387283236,0.8260869565217391,0.1739130434782608,0.147410820830952
ni_tfnbs,"e=1.0,h=5.0,n=30,start_thres=1.25",hub,0.25,50,0,40,1730,17,3,23,1727,0.425,0.0017341040462427,0.85,0.15,0.147410820830952
ni_tfnbs,"e=1.0,h=6.0,n=30,start_thres=1.25",hub,0.25,50,0,40,1730,15,1,25,1729,0.375,0.0005780346820809,0.9375,0.0625,0.147410820830952
ni_tfnbs,"e=1.0,h=7.0,n=30,start_thres=1.25",hub,0.25,50,0,40,1730,14,1,26,1729,0.35,0.0005780346820809,0.9333333333333332,0.0666666666666666,0.147410820830952
ni_tfnbs,"e=1.0,h=8.0,n=30,start_thres=1.25",hub,0.25,50,0,40,1730,14,0,26,1730,0.35,0.0,1.0,0.0,0.147410820830952
ni_tfnbs,"e=1.0,h=9.0,n=30,start_thres=1.25",hub,0.25,50,0,40,1730,14,0,26,1730,0.35,0.0,1.0,0.0,0.147410820830952
ni_tfnbs,"e=1.0,h=10.0,n=30,start_thres=1.25",hub,0.25,50,0,40,1730,12,0,28,1730,0.3,0.0,1.0,0.0,0.147410820830952
ni_tfnbs,"e=1.1,h=0.5,n=30,start_thres=1.25",hub,0.25,50,0,40,1730,22,9,18,1721,0.55,0.0052023121387283,0.7096774193548387,0.2903225806451613,0.147410820830952
ni_tfnbs,"e=1.1,h=1.0,n=30,start_thres=1.25",hub,0.25,50,0,40,1730,22,9,18,1721,0.55,0.0052023121387283,0.7096774193548387,0.2903225806451613,0.147410820830952
ni_tfnbs,"e=1.1,h=2.0,n=30,start_thres=1.25",hub,0.25,50,0,40,1730,24,9,16,1721,0.6,0.0052023121387283,0.7272727272727273,0.2727272727272727,0.147410820830952
ni_tfnbs,"e=1.1,h=3.0,n=30,start_thres=1.25",hub,0.25,50,0,40,1730,22,8,18,1722,0.55,0.0046242774566473,0.7333333333333333,0.2666666666666666,0.147410820830952
ni_tfnbs,"e=1.1,h=4.0,n=30,start_thres=1.25",hub,0.25,50,0,40,1730,20,6,20,1724,0.5,0.0034682080924855,0.7692307692307693,0.2307692307692307,0.147410820830952
ni_tfnbs,"e=1.1,h=5.0,n=30,start_thres=1.25",hub,0.25,50,0,40,1730,18,4,22,1726,0.45,0.0023121387283236,0.8181818181818182,0.1818181818181818,0.147410820830952
ni_tfnbs,"e=1.1,h=6.0,n=30,start_thres=1.25",hub,0.25,50,0,40,1730,17,2,23,1728,0.425,0.0011560693641618,0.8947368421052632,0.1052631578947368,0.147410820830952
ni_tfnbs,"e=1.1,h=7.0,n=30,start_thres=1.25",hub,0.25,50,0,40,1730,15,1,25,1729,0.375,0.0005780346820809,0.9375,0.0625,0.147410820830952
ni_tfnbs,"e=1.1,h=8.0,n=30,start_thres=1.25",hub,0.25,50,0,40,1730,14,1,26,1729,0.35,0.0005780346820809,0.9333333333333332,0.0666666666666666,0.147410820830952
ni_tfnbs,"e=1.1,h=9.0,n=30,start_thres=1.25",hub,0.25,50,0,40,1730,14,0,26,1730,0.35,0.0,1.0,0.0,0.147410820830952
ni_tfnbs,"e=1.1,h=10.0,n=30,start_thres=1.25",hub,0.25,50,0,40,1730,12,0,28,1730,0.3,0.0,1.0,0.0,0.147410820830952
ni_tfnbs,"e=1.2,h=0.5,n=30,start_thres=1.25",hub,0.25,50,0,40,1730,22,9,18,1721,0.55,0.0052023121387283,0.7096774193548387,0.2903225806451613,0.147410820830952
ni_tfnbs,"e=1.2,h=1.0,n=30,start_thres=1.25",hub,0.25,50,0,40,1730,22,9,18,1721,0.55,0.0052023121387283,0.7096774193548387,0.2903225806451613,0.147410820830952
ni_tfnbs,"e=1.2,h=2.0,n=30,start_thres=1.25",hub,0.25,50,0,40,1730,24,9,16,1721,0.6,0.0052023121387283,0.7272727272727273,0.2727272727272727,0.147410820830952
ni_tfnbs,"e=1.2,h=3.0,n=30,start_thres=1.25",hub,0.25,50,0,40,1730,22,8,18,1722,0.55,0.0046242774566473,0.7333333333333333,0.2666666666666666,0.147410820830952
ni_tfnbs,"e=1.2,h=4.0,n=30,start_thres=1.25",hub,0.25,50,0,40,1730,22,8,18,1722,0.55,0.0046242774566473,0.7333333333333333,0.2666666666666666,0.147410820830952
ni_tfnbs,"e=1.2,h=5.0,n=30,start_thres=1.25",hub,0.25,50,0,40,1730,20,5,20,1725,0.5,0.0028901734104046,0.8,0.2,0.147410820830952
ni_tfnbs,"e=1.2,h=6.0,n=30,start_thres=1.25",hub,0.25,50,0,40,1730,18,4,22,1726,0.45,0.0023121387283236,0.8181818181818182,0.1818181818181818,0.147410820830952
ni_tfnbs,"e=1.2,h=7.0,n=30,start_thres=1.25",hub,0.25,50,0,40,1730,17,2,23,1728,0.425,0.0011560693641618,0.8947368421052632,0.1052631578947368,0.147410820830952
ni_tfnbs,"e=1.2,h=8.0,n=30,start_thres=1.25",hub,0.25,50,0,40,1730,15,1,25,1729,0.375,0.0005780346820809,0.9375,0.0625,0.147410820830952
ni_tfnbs,"e=1.2,h=9.0,n=30,start_thres=1.25",hub,0.25,50,0,40,1730,14,0,26,1730,0.35,0.0,1.0,0.0,0.147410820830952
ni_tfnbs,"e=1.2,h=10.0,n=30,start_thres=1.25",hub,0.25,50,0,40,1730,14,0,26,1730,0.35,0.0,1.0,0.0,0.147410820830952
ni_tfnbs,"e=1.3,h=0.5,n=30,start_thres=1.25",hub,0.25,50,0,40,1730,22,9,18,1721,0.55,0.0052023121387283,0.7096774193548387,0.2903225806451613,0.147410820830952
ni_tfnbs,"e=1.3,h=1.0,n=30,start_thres=1.25",hub,0.25,50,0,40,1730,22,9,18,1721,0.55,0.0052023121387283,0.7096774193548387,0.2903225806451613,0.147410820830952
ni_tfnbs,"e=1.3,h=2.0,n=30,start_thres=1.25",hub,0.25,50,0,40,1730,23,9,17,1721,0.575,0.0052023121387283,0.71875,0.28125,0.147410820830952
ni_tfnbs,"e=1.3,h=3.0,n=30,start_thres=1.25",hub,0.25,50,0,40,1730,24,9,16,1721,0.6,0.0052023121387283,0.7272727272727273,0.2727272727272727,0.147410820830952
ni_tfnbs,"e=1.3,h=4.0,n=30,start_thres=1.25",hub,0.25,50,0,40,1730,22,8,18,1722,0.55,0.0046242774566473,0.7333333333333333,0.2666666666666666,0.147410820830952
ni_tfnbs,"e=1.3,h=5.0,n=30,start_thres=1.25",hub,0.25,50,0,40,1730,21,6,19,1724,0.525,0.0034682080924855,0.7777777777777778,0.2222222222222222,0.147410820830952
ni_tfnbs,"e=1.3,h=6.0,n=30,start_thres=1.25",hub,0.25,50,0,40,1730,18,4,22,1726,0.45,0.0023121387283236,0.8181818181818182,0.1818181818181818,0.147410820830952
ni_tfnbs,"e=1.3,h=7.0,n=30,start_thres=1.25",hub,0.25,50,0,40,1730,17,3,23,1727,0.425,0.0017341040462427,0.85,0.15,0.147410820830952
ni_tfnbs,"e=1.3,h=8.0,n=30,start_thres=1.25",hub,0.25,50,0,40,1730,17,2,23,1728,0.425,0.0011560693641618,0.8947368421052632,0.1052631578947368,0.147410820830952
ni_tfnbs,"e=1.3,h=9.0,n=30,start_thres=1.25",hub,0.25,50,0,40,1730,14,1,26,1729,0.35,0.0005780346820809,0.9333333333333332,0.0666666666666666,0.147410820830952
ni_tfnbs,"e=1.3,h=10.0,n=30,start_thres=1.25",hub,0.25,50,0,40,1730,14,0,26,1730,0.35,0.0,1.0,0.0,0.147410820830952
ni_tfnbs,"e=1.4,h=0.5,n=30,start_thres=1.25",hub,0.25,50,0,40,1730,22,11,18,1719,0.55,0.0063583815028901,0.6666666666666666,0.3333333333333333,0.147410820830952
ni_tfnbs,"e=1.4,h=1.0,n=30,start_thres=1.25",hub,0.25,50,0,40,1730,23,11,17,1719,0.575,0.0063583815028901,0.6764705882352942,0.3235294117647059,0.147410820830952
ni_tfnbs,"e=1.4,h=2.0,n=30,start_thres=1.25",hub,0.25,50,0,40,1730,24,11,16,1719,0.6,0.0063583815028901,0.6857142857142857,0.3142857142857143,0.147410820830952
ni_tfnbs,"e=1.4,h=3.0,n=30,start_thres=1.25",hub,0.25,50,0,40,1730,24,9,16,1721,0.6,0.0052023121387283,0.7272727272727273,0.2727272727272727,0.147410820830952
ni_tfnbs,"e=1.4,h=4.0,n=30,start_thres=1.25",hub,0.25,50,0,40,1730,25,9,15,1721,0.625,0.0052023121387283,0.7352941176470589,0.2647058823529412,0.147410820830952
ni_tfnbs,"e=1.4,h=5.0,n=30,start_thres=1.25",hub,0.25,50,0,40,1730,22,8,18,1722,0.55,0.0046242774566473,0.7333333333333333,0.2666666666666666,0.147410820830952
ni_tfnbs,"e=1.4,h=6.0,n=30,start_thres=1.25",hub,0.25,50,0,40,1730,21,6,19,1724,0.525,0.0034682080924855,0.7777777777777778,0.2222222222222222,0.147410820830952
ni_tfnbs,"e=1.4,h=7.0,n=30,start_thres=1.25",hub,0.25,50,0,40,1730,18,4,22,1726,0.45,0.0023121387283236,0.8181818181818182,0.1818181818181818,0.147410820830952
ni_tfnbs,"e=1.4,h=8.0,n=30,start_thres=1.25",hub,0.25,50,0,40,1730,17,3,23,1727,0.425,0.0017341040462427,0.85,0.15,0.147410820830952
ni_tfnbs,"e=1.4,h=9.0,n=30,start_thres=1.25",hub,0.25,50,0,40,1730,17,2,23,1728,0.425,0.0011560693641618,0.8947368421052632,0.1052631578947368,0.147410820830952
ni_tfnbs,"e=1.4,h=10.0,n=30,start_thres=1.25",hub,0.25,50,0,40,1730,14,1,26,1729,0.35,0.0005780346820809,0.9333333333333332,0.0666666666666666,0.147410820830952
ni_tfnbs,"e=1.5,h=0.5,n=30,start_thres=1.25",hub,0.25,50,0,40,1730,22,11,18,1719,0.55,0.0063583815028901,0.6666666666666666,0.3333333333333333,0.147410820830952
ni_tfnbs,"e=1.5,h=1.0,n=30,start_thres=1.25",hub,0.25,50,0,40,1730,23,11,17,1719,0.575,0.0063583815028901,0.6764705882352942,0.3235294117647059,0.147410820830952
ni_tfnbs,"e=1.5,h=2.0,n=30,start_thres=1.25",hub,0.25,50,0,40,1730,24,11,16,1719,0.6,0.0063583815028901,0.6857142857142857,0.3142857142857143,0.147410820830952
ni_tfnbs,"e=1.5,h=3.0,n=30,start_thres=1.25",hub,0.25,50,0,40,1730,24,11,16,1719,0.6,0.0063583815028901,0.6857142857142857,0.3142857142857143,0.147410820830952
ni_tfnbs,"e=1.5,h=4.0,n=30,start_thres=1.25",hub,0.25,50,0,40,1730,25,9,15,1721,0.625,0.0052023121387283,0.7352941176470589,0.2647058823529412,0.147410820830952
ni_tfnbs,"e=1.5,h=5.0,n=30,start_thres=1.25",hub,0.25,50,0,40,1730,25,9,15,1721,0.625,0.0052023121387283,0.7352941176470589,0.2647058823529412,0.147410820830952
ni_tfnbs,"e=1.5,h=6.0,n=30,start_thres=1.25",hub,0.25,50,0,40,1730,22,8,18,1722,0.55,0.0046242774566473,0.7333333333333333,0.2666666666666666,0.147410820830952
ni_tfnbs,"e=1.5,h=7.0,n=30,start_thres=1.25",hub,0.25,50,0,40,1730,20,5,20,1725,0.5,0.0028901734104046,0.8,0.2,0.147410820830952
ni_tfnbs,"e=1.5,h=8.0,n=30,start_thres=1.25",hub,0.25,50,0,40,1730,18,4,22,1726,0.45,0.0023121387283236,0.8181818181818182,0.1818181818181818,0.147410820830952
ni_tfnbs,"e=1.5,h=9.0,n=30,start_thres=1.25",hub,0.25,50,0,40,1730,17,2,23,1728,0.425,0.0011560693641618,0.8947368421052632,0.1052631578947368,0.147410820830952
ni_tfnbs,"e=1.5,h=10.0,n=30,start_thres=1.25",hub,0.25,50,0,40,1730,16,1,24,1729,0.4,0.0005780346820809,0.9411764705882352,0.0588235294117647,0.147410820830952
ni_tfnbs,"e=0.05,h=0.5,n=30,start_thres=1.25",hub,0.25,50,1,40,1730,13,0,27,1730,0.325,0.0,1.0,0.0,0.1488284956325184
ni_tfnbs,"e=0.05,h=1.0,n=30,start_thres=1.25",hub,0.25,50,1,40,1730,13,0,27,1730,0.325,0.0,1.0,0.0,0.1488284956325184
ni_tfnbs,"e=0.05,h=2.0,n=30,start_thres=1.25",hub,0.25,50,1,40,1730,13,0,27,1730,0.325,0.0,1.0,0.0,0.1488284956325184
ni_tfnbs,"e=0.05,h=3.0,n=30,start_thres=1.25",hub,0.25,50,1,40,1730,13,0,27,1730,0.325,0.0,1.0,0.0,0.1488284956325184
ni_tfnbs,"e=0.05,h=4.0,n=30,start_thres=1.25",hub,0.25,50,1,40,1730,13,0,27,1730,0.325,0.0,1.0,0.0,0.1488284956325184
ni_tfnbs,"e=0.05,h=5.0,n=30,start_thres=1.25",hub,0.25,50,1,40,1730,13,0,27,1730,0.325,0.0,1.0,0.0,0.1488284956325184
ni_tfnbs,"e=0.05,h=6.0,n=30,start_thres=1.25",hub,0.25,50,1,40,1730,13,0,27,1730,0.325,0.0,1.0,0.0,0.1488284956325184
ni_tfnbs,"e=0.05,h=7.0,n=30,start_thres=1.25",hub,0.25,50,1,40,1730,13,0,27,1730,0.325,0.0,1.0,0.0,0.1488284956325184
ni_tfnbs,"e=0.05,h=8.0,n=30,start_thres=1.25",hub,0.25,50,1,40,1730,13,0,27,1730,0.325,0.0,1.0,0.0,0.1488284956325184
ni_tfnbs,"e=0.05,h=9.0,n=30,start_thres=1.25",hub,0.25,50,1,40,1730,13,0,27,1730,0.325,0.0,1.0,0.0,0.1488284956325184
ni_tfnbs,"e=0.05,h=10.0,n=30,start_thres=1.25",hub,0.25,50,1,40,1730,13,0,27,1730,0.325,0.0,1.0,0.0,0.1488284956325184
ni_tfnbs,"e=0.1,h=0.5,n=30,start_thres=1.25",hub,0.25,50,1,40,1730,15,0,25,1730,0.375,0.0,1.0,0.0,0.1488284956325184
ni_tfnbs,"e=0.1,h=1.0,n=30,start_thres=1.25",hub,0.25,50,1,40,1730,13,0,27,1730,0.325,0.0,1.0,0.0,0.1488284956325184
ni_tfnbs,"e=0.1,h=2.0,n=30,start_thres=1.25",hub,0.25,50,1,40,1730,13,0,27,1730,0.325,0.0,1.0,0.0,0.1488284956325184
ni_tfnbs,"e=0.1,h=3.0,n=30,start_thres=1.25",hub,0.25,50,1,40,1730,13,0,27,1730,0.325,0.0,1.0,0.0,0.1488284956325184
ni_tfnbs,"e=0.1,h=4.0,n=30,start_thres=1.25",hub,0.25,50,1,40,1730,13,0,27,1730,0.325,0.0,1.0,0.0,0.1488284956325184
ni_tfnbs,"e=0.1,h=5.0,n=30,start_thres=1.25",hub,0.25,50,1,40,1730,13,0,27,1730,0.325,0.0,1.0,0.0,0.1488284956325184
ni_tfnbs,"e=0.1,h=6.0,n=30,start_thres=1.25",hub,0.25,50,1,40,1730,13,0,27,1730,0.325,0.0,1.0,0.0,0.1488284956325184
ni_tfnbs,"e=0.1,h=7.0,n=30,start_thres=1.25",hub,0.25,50,1,40,1730,13,0,27,1730,0.325,0.0,1.0,0.0,0.1488284956325184
ni_tfnbs,"e=0.1,h=8.0,n=30,start_thres=1.25",hub,0.25,50,1,40,1730,13,0,27,1730,0.325,0.0,1.0,0.0,0.1488284956325184
ni_tfnbs,"e=0.1,h=9.0,n=30,start_thres=1.25",hub,0.25,50,1,40,1730,13,0,27,1730,0.325,0.0,1.0,0.0,0.1488284956325184
ni_tfnbs,"e=0.1,h=10.0,n=30,start_thres=1.25",hub,0.25,50,1,40,1730,13,0,27,1730,0.325,0.0,1.0,0.0,0.1488284956325184
ni_tfnbs,"e=0.2,h=0.5,n=30,start_thres=1.25",hub,0.25,50,1,40,1730,17,0,23,1730,0.425,0.0,1.0,0.0,0.1488284956325184
ni_tfnbs,"e=0.2,h=1.0,n=30,start_thres=1.25",hub,0.25,50,1,40,1730,15,0,25,1730,0.375,0.0,1.0,0.0,0.1488284956325184
ni_tfnbs,"e=0.2,h=2.0,n=30,start_thres=1.25",hub,0.25,50,1,40,1730,15,0,25,1730,0.375,0.0,1.0,0.0,0.1488284956325184
ni_tfnbs,"e=0.2,h=3.0,n=30,start_thres=1.25",hub,0.25,50,1,40,1730,15,0,25,1730,0.375,0.0,1.0,0.0,0.1488284956325184
ni_tfnbs,"e=0.2,h=4.0,n=30,start_thres=1.25",hub,0.25,50,1,40,1730,15,0,25,1730,0.375,0.0,1.0,0.0,0.1488284956325184
ni_tfnbs,"e=0.2,h=5.0,n=30,start_thres=1.25",hub,0.25,50,1,40,1730,14,0,26,1730,0.35,0.0,1.0,0.0,0.1488284956325184
ni_tfnbs,"e=0.2,h=6.0,n=30,start_thres=1.25",hub,0.25,50,1,40,1730,13,0,27,1730,0.325,0.0,1.0,0.0,0.1488284956325184
ni_tfnbs,"e=0.2,h=7.0,n=30,start_thres=1.25",hub,0.25,50,1,40,1730,13,0,27,1730,0.325,0.0,1.0,0.0,0.1488284956325184
ni_tfnbs,"e=0.2,h=8.0,n=30,start_thres=1.25",hub,0.25,50,1,40,1730,13,0,27,1730,0.325,0.0,1.0,0.0,0.1488284956325184
ni_tfnbs,"e=0.2,h=9.0,n=30,start_thres=1.25",hub,0.25,50,1,40,1730,13,0,27,1730,0.325,0.0,1.0,0.0,0.1488284956325184
ni_tfnbs,"e=0.2,h=10.0,n=30,start_thres=1.25",hub,0.25,50,1,40,1730,13,0,27,1730,0.325,0.0,1.0,0.0,0.1488284956325184
ni_tfnbs,"e=0.3,h=0.5,n=30,start_thres=1.25",hub,0.25,50,1,40,1730,21,0,19,1730,0.525,0.0,1.0,0.0,0.1488284956325184
ni_tfnbs,"e=0.3,h=1.0,n=30,start_thres=1.25",hub,0.25,50,1,40,1730,21,0,19,1730,0.525,0.0,1.0,0.0,0.1488284956325184
ni_tfnbs,"e=0.3,h=2.0,n=30,start_thres=1.25",hub,0.25,50,1,40,1730,17,0,23,1730,0.425,0.0,1.0,0.0,0.1488284956325184
ni_tfnbs,"e=0.3,h=3.0,n=30,start_thres=1.25",hub,0.25,50,1,40,1730,15,0,25,1730,0.375,0.0,1.0,0.0,0.1488284956325184
ni_tfnbs,"e=0.3,h=4.0,n=30,start_thres=1.25",hub,0.25,50,1,40,1730,15,0,25,1730,0.375,0.0,1.0,0.0,0.1488284956325184
ni_tfnbs,"e=0.3,h=5.0,n=30,start_thres=1.25",hub,0.25,50,1,40,1730,15,0,25,1730,0.375,0.0,1.0,0.0,0.1488284956325184
ni_tfnbs,"e=0.3,h=6.0,n=30,start_thres=1.25",hub,0.25,50,1,40,1730,15,0,25,1730,0.375,0.0,1.0,0.0,0.1488284956325184
ni_tfnbs,"e=0.3,h=7.0,n=30,start_thres=1.25",hub,0.25,50,1,40,1730,14,0,26,1730,0.35,0.0,1.0,0.0,0.1488284956325184
ni_tfnbs,"e=0.3,h=8.0,n=30,start_thres=1.25",hub,0.25,50,1,40,1730,14,0,26,1730,0.35,0.0,1.0,0.0,0.1488284956325184
ni_tfnbs,"e=0.3,h=9.0,n=30,start_thres=1.25",hub,0.25,50,1,40,1730,14,0,26,1730,0.35,0.0,1.0,0.0,0.1488284956325184
ni_tfnbs,"e=0.3,h=10.0,n=30,start_thres=1.25",hub,0.25,50,1,40,1730,13,0,27,1730,0.325,0.0,1.0,0.0,0.1488284956325184
ni_tfnbs,"e=0.4,h=0.5,n=30,start_thres=1.25",hub,0.25,50,1,40,1730,24,1,16,1729,0.6,0.0005780346820809,0.96,0.04,0.1488284956325184
ni_tfnbs,"e=0.4,h=1.0,n=30,start_thres=1.25",hub,0.25,50,1,40,1730,24,1,16,1729,0.6,0.0005780346820809,0.96,0.04,0.1488284956325184
ni_tfnbs,"e=0.4,h=2.0,n=30,start_thres=1.25",hub,0.25,50,1,40,1730,21,0,19,1730,0.525,0.0,1.0,0.0,0.1488284956325184
ni_tfnbs,"e=0.4,h=3.0,n=30,start_thres=1.25",hub,0.25,50,1,40,1730,17,0,23,1730,0.425,0.0,1.0,0.0,0.1488284956325184
ni_tfnbs,"e=0.4,h=4.0,n=30,start_thres=1.25",hub,0.25,50,1,40,1730,17,0,23,1730,0.425,0.0,1.0,0.0,0.1488284956325184
ni_tfnbs,"e=0.4,h=5.0,n=30,start_thres=1.25",hub,0.25,50,1,40,1730,15,0,25,1730,0.375,0.0,1.0,0.0,0.1488284956325184
ni_tfnbs,"e=0.4,h=6.0,n=30,start_thres=1.25",hub,0.25,50,1,40,1730,15,0,25,1730,0.375,0.0,1.0,0.0,0.1488284956325184
ni_tfnbs,"e=0.4,h=7.0,n=30,start_thres=1.25",hub,0.25,50,1,40,1730,15,0,25,1730,0.375,0.0,1.0,0.0,0.1488284956325184
ni_tfnbs,"e=0.4,h=8.0,n=30,start_thres=1.25",hub,0.25,50,1,40,1730,15,0,25,1730,0.375,0.0,1.0,0.0,0.1488284956325184
ni_tfnbs,"e=0.4,h=9.0,n=30,start_thres=1.25",hub,0.25,50,1,40,1730,15,0,25,1730,0.375,0.0,1.0,0.0,0.1488284956325184
ni_tfnbs,"e=0.4,h=10.0,n=30,start_thres=1.25",hub,0.25,50,1,40,1730,14,0,26,1730,0.35,0.0,1.0,0.0,0.1488284956325184
ni_tfnbs,"e=0.5,h=0.5,n=30,start_thres=1.25",hub,0.25,50,1,40,1730,27,4,13,1726,0.675,0.0023121387283236,0.8709677419354839,0.1290322580645161,0.1488284956325184
ni_tfnbs,"e=0.5,h=1.0,n=30,start_thres=1.25",hub,0.25,50,1,40,1730,26,2,14,1728,0.65,0.0011560693641618,0.9285714285714286,0.0714285714285714,0.1488284956325184
ni_tfnbs,"e=0.5,h=2.0,n=30,start_thres=1.25",hub,0.25,50,1,40,1730,25,1,15,1729,0.625,0.0005780346820809,0.9615384615384616,0.0384615384615384,0.1488284956325184
ni_tfnbs,"e=0.5,h=3.0,n=30,start_thres=1.25",hub,0.25,50,1,40,1730,23,1,17,1729,0.575,0.0005780346820809,0.9583333333333334,0.0416666666666666,0.1488284956325184
ni_tfnbs,"e=0.5,h=4.0,n=30,start_thres=1.25",hub,0.25,50,1,40,1730,20,0,20,1730,0.5,0.0,1.0,0.0,0.1488284956325184
ni_tfnbs,"e=0.5,h=5.0,n=30,start_thres=1.25",hub,0.25,50,1,40,1730,17,0,23,1730,0.425,0.0,1.0,0.0,0.1488284956325184
ni_tfnbs,"e=0.5,h=6.0,n=30,start_thres=1.25",hub,0.25,50,1,40,1730,15,0,25,1730,0.375,0.0,1.0,0.0,0.1488284956325184
ni_tfnbs,"e=0.5,h=7.0,n=30,start_thres=1.25",hub,0.25,50,1,40,1730,15,0,25,1730,0.375,0.0,1.0,0.0,0.1488284956325184
ni_tfnbs,"e=0.5,h=8.0,n=30,start_thres=1.25",hub,0.25,50,1,40,1730,15,0,25,1730,0.375,0.0,1.0,0.0,0.1488284956325184
ni_tfnbs,"e=0.5,h=9.0,n=30,start_thres=1.25",hub,0.25,50,1,40,1730,15,0,25,1730,0.375,0.0,1.0,0.0,0.1488284956325184
ni_tfnbs,"e=0.5,h=10.0,n=30,start_thres=1.25",hub,0.25,50,1,40,1730,15,0,25,1730,0.375,0.0,1.0,0.0,0.1488284956325184
ni_tfnbs,"e=0.6,h=0.5,n=30,start_thres=1.25",hub,0.25,50,1,40,1730,27,5,13,1725,0.675,0.0028901734104046,0.84375,0.15625,0.1488284956325184
ni_tfnbs,"e=0.6,h=1.0,n=30,start_thres=1.25",hub,0.25,50,1,40,1730,27,4,13,1726,0.675,0.0023121387283236,0.8709677419354839,0.1290322580645161,0.1488284956325184
ni_tfnbs,"e=0.6,h=2.0,n=30,start_thres=1.25",hub,0.25,50,1,40,1730,27,4,13,1726,0.675,0.0023121387283236,0.8709677419354839,0.1290322580645161,0.1488284956325184
ni_tfnbs,"e=0.6,h=3.0,n=30,start_thres=1.25",hub,0.25,50,1,40,1730,25,1,15,1729,0.625,0.0005780346820809,0.9615384615384616,0.0384615384615384,0.1488284956325184
ni_tfnbs,"e=0.6,h=4.0,n=30,start_thres=1.25",hub,0.25,50,1,40,1730,23,1,17,1729,0.575,0.0005780346820809,0.9583333333333334,0.0416666666666666,0.1488284956325184
ni_tfnbs,"e=0.6,h=5.0,n=30,start_thres=1.25",hub,0.25,50,1,40,1730,21,0,19,1730,0.525,0.0,1.0,0.0,0.1488284956325184
ni_tfnbs,"e=0.6,h=6.0,n=30,start_thres=1.25",hub,0.25,50,1,40,1730,17,0,23,1730,0.425,0.0,1.0,0.0,0.1488284956325184
ni_tfnbs,"e=0.6,h=7.0,n=30,start_thres=1.25",hub,0.25,50,1,40,1730,17,0,23,1730,0.425,0.0,1.0,0.0,0.1488284956325184
ni_tfnbs,"e=0.6,h=8.0,n=30,start_thres=1.25",hub,0.25,50,1,40,1730,15,0,25,1730,0.375,0.0,1.0,0.0,0.1488284956325184
ni_tfnbs,"e=0.6,h=9.0,n=30,start_thres=1.25",hub,0.25,50,1,40,1730,15,0,25,1730,0.375,0.0,1.0,0.0,0.1488284956325184
ni_tfnbs,"e=0.6,h=10.0,n=30,start_thres=1.25",hub,0.25,50,1,40,1730,15,0,25,1730,0.375,0.0,1.0,0.0,0.1488284956325184
ni_tfnbs,"e=0.7,h=0.5,n=30,start_thres=1.25",hub,0.25,50,1,40,1730,27,5,13,1725,0.675,0.0028901734104046,0.84375,0.15625,0.1488284956325184
ni_tfnbs,"e=0.7,h=1.0,n=30,start_thres=1.25",hub,0.25,50,1,40,1730,27,5,13,1725,0.675,0.0028901734104046,0.84375,0.15625,0.1488284956325184
ni_tfnbs,"e=0.7,h=2.0,n=30,start_thres=1.25",hub,0.25,50,1,40,1730,27,4,13,1726,0.675,0.0023121387283236,0.8709677419354839,0.1290322580645161,0.1488284956325184
ni_tfnbs,"e=0.7,h=3.0,n=30,start_thres=1.25",hub,0.25,50,1,40,1730,27,4,13,1726,0.675,0.0023121387283236,0.8709677419354839,0.1290322580645161,0.1488284956325184
ni_tfnbs,"e=0.7,h=4.0,n=30,start_thres=1.25",hub,0.25,50,1,40,1730,25,1,15,1729,0.625,0.0005780346820809,0.9615384615384616,0.0384615384615384,0.1488284956325184
ni_tfnbs,"e=0.7,h=5.0,n=30,start_thres=1.25",hub,0.25,50,1,40,1730,23,1,17,1729,0.575,0.0005780346820809,0.9583333333333334,0.0416666666666666,0.1488284956325184
ni_tfnbs,"e=0.7,h=6.0,n=30,start_thres=1.25",hub,0.25,50,1,40,1730,21,0,19,1730,0.525,0.0,1.0,0.0,0.1488284956325184
ni_tfnbs,"e=0.7,h=7.0,n=30,start_thres=1.25",hub,0.25,50,1,40,1730,17,0,23,1730,0.425,0.0,1.0,0.0,0.1488284956325184
ni_tfnbs,"e=0.7,h=8.0,n=30,start_thres=1.25",hub,0.25,50,1,40,1730,17,0,23,1730,0.425,0.0,1.0,0.0,0.1488284956325184
ni_tfnbs,"e=0.7,h=9.0,n=30,start_thres=1.25",hub,0.25,50,1,40,1730,15,0,25,1730,0.375,0.0,1.0,0.0,0.1488284956325184
ni_tfnbs,"e=0.7,h=10.0,n=30,start_thres=1.25",hub,0.25,50,1,40,1730,15,0,25,1730,0.375,0.0,1.0,0.0,0.1488284956325184
ni_tfnbs,"e=0.8,h=0.5,n=30,start_thres=1.25",hub,0.25,50,1,40,1730,27,5,13,1725,0.675,0.0028901734104046,0.84375,0.15625,0.1488284956325184
ni_tfnbs,"e=0.8,h=1.0,n=30,start_thres=1.25",hub,0.25,50,1,40,1730,27,5,13,1725,0.675,0.0028901734104046,0.84375,0.15625,0.1488284956325184
ni_tfnbs,"e=0.8,h=2.0,n=30,start_thres=1.25",hub,0.25,50,1,40,1730,28,5,12,1725,0.7,0.0028901734104046,0.8484848484848485,0.1515151515151515,0.1488284956325184
ni_tfnbs,"e=0.8,h=3.0,n=30,start_thres=1.25",hub,0.25,50,1,40,1730,27,4,13,1726,0.675,0.0023121387283236,0.8709677419354839,0.1290322580645161,0.1488284956325184
ni_tfnbs,"e=0.8,h=4.0,n=30,start_thres=1.25",hub,0.25,50,1,40,1730,27,4,13,1726,0.675,0.0023121387283236,0.8709677419354839,0.1290322580645161,0.1488284956325184
ni_tfnbs,"e=0.8,h=5.0,n=30,start_thres=1.25",hub,0.25,50,1,40,1730,25,1,15,1729,0.625,0.0005780346820809,0.9615384615384616,0.0384615384615384,0.1488284956325184
ni_tfnbs,"e=0.8,h=6.0,n=30,start_thres=1.25",hub,0.25,50,1,40,1730,23,1,17,1729,0.575,0.0005780346820809,0.9583333333333334,0.0416666666666666,0.1488284956325184
ni_tfnbs,"e=0.8,h=7.0,n=30,start_thres=1.25",hub,0.25,50,1,40,1730,21,0,19,1730,0.525,0.0,1.0,0.0,0.1488284956325184
ni_tfnbs,"e=0.8,h=8.0,n=30,start_thres=1.25",hub,0.25,50,1,40,1730,20,0,20,1730,0.5,0.0,1.0,0.0,0.1488284956325184
ni_tfnbs,"e=0.8,h=9.0,n=30,start_thres=1.25",hub,0.25,50,1,40,1730,17,0,23,1730,0.425,0.0,1.0,0.0,0.1488284956325184
ni_tfnbs,"e=0.8,h=10.0,n=30,start_thres=1.25",hub,0.25,50,1,40,1730,15,0,25,1730,0.375,0.0,1.0,0.0,0.1488284956325184
ni_tfnbs,"e=0.9,h=0.5,n=30,start_thres=1.25",hub,0.25,50,1,40,1730,27,5,13,1725,0.675,0.0028901734104046,0.84375,0.15625,0.1488284956325184
ni_tfnbs,"e=0.9,h=1.0,n=30,start_thres=1.25",hub,0.25,50,1,40,1730,27,5,13,1725,0.675,0.0028901734104046,0.84375,0.15625,0.1488284956325184
ni_tfnbs,"e=0.9,h=2.0,n=30,start_thres=1.25",hub,0.25,50,1,40,1730,27,5,13,1725,0.675,0.0028901734104046,0.84375,0.15625,0.1488284956325184
ni_tfnbs,"e=0.9,h=3.0,n=30,start_thres=1.25",hub,0.25,50,1,40,1730,28,5,12,1725,0.7,0.0028901734104046,0.8484848484848485,0.1515151515151515,0.1488284956325184
ni_tfnbs,"e=0.9,h=4.0,n=30,start_thres=1.25",hub,0.25,50,1,40,1730,27,4,13,1726,0.675,0.0023121387283236,0.8709677419354839,0.1290322580645161,0.1488284956325184
ni_tfnbs,"e=0.9,h=5.0,n=30,start_thres=1.25",hub,0.25,50,1,40,1730,27,4,13,1726,0.675,0.0023121387283236,0.8709677419354839,0.1290322580645161,0.1488284956325184
ni_tfnbs,"e=0.9,h=6.0,n=30,start_thres=1.25",hub,0.25,50,1,40,1730,25,1,15,1729,0.625,0.0005780346820809,0.9615384615384616,0.0384615384615384,0.1488284956325184
ni_tfnbs,"e=0.9,h=7.0,n=30,start_thres=1.25",hub,0.25,50,1,40,1730,24,1,16,1729,0.6,0.0005780346820809,0.96,0.04,0.1488284956325184
ni_tfnbs,"e=0.9,h=8.0,n=30,start_thres=1.25",hub,0.25,50,1,40,1730,21,0,19,1730,0.525,0.0,1.0,0.0,0.1488284956325184
ni_tfnbs,"e=0.9,h=9.0,n=30,start_thres=1.25",hub,0.25,50,1,40,1730,20,0,20,1730,0.5,0.0,1.0,0.0,0.1488284956325184
ni_tfnbs,"e=0.9,h=10.0,n=30,start_thres=1.25",hub,0.25,50,1,40,1730,17,0,23,1730,0.425,0.0,1.0,0.0,0.1488284956325184
ni_tfnbs,"e=1.0,h=0.5,n=30,start_thres=1.25",hub,0.25,50,1,40,1730,27,5,13,1725,0.675,0.0028901734104046,0.84375,0.15625,0.1488284956325184
ni_tfnbs,"e=1.0,h=1.0,n=30,start_thres=1.25",hub,0.25,50,1,40,1730,27,5,13,1725,0.675,0.0028901734104046,0.84375,0.15625,0.1488284956325184
ni_tfnbs,"e=1.0,h=2.0,n=30,start_thres=1.25",hub,0.25,50,1,40,1730,27,5,13,1725,0.675,0.0028901734104046,0.84375,0.15625,0.1488284956325184
ni_tfnbs,"e=1.0,h=3.0,n=30,start_thres=1.25",hub,0.25,50,1,40,1730,28,5,12,1725,0.7,0.0028901734104046,0.8484848484848485,0.1515151515151515,0.1488284956325184
ni_tfnbs,"e=1.0,h=4.0,n=30,start_thres=1.25",hub,0.25,50,1,40,1730,28,5,12,1725,0.7,0.0028901734104046,0.8484848484848485,0.1515151515151515,0.1488284956325184
ni_tfnbs,"e=1.0,h=5.0,n=30,start_thres=1.25",hub,0.25,50,1,40,1730,27,4,13,1726,0.675,0.0023121387283236,0.8709677419354839,0.1290322580645161,0.1488284956325184
ni_tfnbs,"e=1.0,h=6.0,n=30,start_thres=1.25",hub,0.25,50,1,40,1730,26,2,14,1728,0.65,0.0011560693641618,0.9285714285714286,0.0714285714285714,0.1488284956325184
ni_tfnbs,"e=1.0,h=7.0,n=30,start_thres=1.25",hub,0.25,50,1,40,1730,25,1,15,1729,0.625,0.0005780346820809,0.9615384615384616,0.0384615384615384,0.1488284956325184
ni_tfnbs,"e=1.0,h=8.0,n=30,start_thres=1.25",hub,0.25,50,1,40,1730,24,1,16,1729,0.6,0.0005780346820809,0.96,0.04,0.1488284956325184
ni_tfnbs,"e=1.0,h=9.0,n=30,start_thres=1.25",hub,0.25,50,1,40,1730,21,0,19,1730,0.525,0.0,1.0,0.0,0.1488284956325184
ni_tfnbs,"e=1.0,h=10.0,n=30,start_thres=1.25",hub,0.25,50,1,40,1730,20,0,20,1730,0.5,0.0,1.0,0.0,0.1488284956325184
ni_tfnbs,"e=1.1,h=0.5,n=30,start_thres=1.25",hub,0.25,50,1,40,1730,27,5,13,1725,0.675,0.0028901734104046,0.84375,0.15625,0.1488284956325184
ni_tfnbs,"e=1.1,h=1.0,n=30,start_thres=1.25",hub,0.25,50,1,40,1730,27,5,13,1725,0.675,0.0028901734104046,0.84375,0.15625,0.1488284956325184
ni_tfnbs,"e=1.1,h=2.0,n=30,start_thres=1.25",hub,0.25,50,1,40,1730,27,5,13,1725,0.675,0.0028901734104046,0.84375,0.15625,0.1488284956325184
ni_tfnbs,"e=1.1,h=3.0,n=30,start_thres=1.25",hub,0.25,50,1,40,1730,27,5,13,1725,0.675,0.0028901734104046,0.84375,0.15625,0.1488284956325184
ni_tfnbs,"e=1.1,h=4.0,n=30,start_thres=1.25",hub,0.25,50,1,40,1730,28,5,12,1725,0.7,0.0028901734104046,0.8484848484848485,0.1515151515151515,0.1488284956325184
ni_tfnbs,"e=1.1,h=5.0,n=30,start_thres=1.25",hub,0.25,50,1,40,1730,28,5,12,1725,0.7,0.0028901734104046,0.8484848484848485,0.1515151515151515,0.1488284956325184
ni_tfnbs,"e=1.1,h=6.0,n=30,start_thres=1.25",hub,0.25,50,1,40,1730,27,4,13,1726,0.675,0.0023121387283236,0.8709677419354839,0.1290322580645161,0.1488284956325184
ni_tfnbs,"e=1.1,h=7.0,n=30,start_thres=1.25",hub,0.25,50,1,40,1730,25,1,15,1729,0.625,0.0005780346820809,0.9615384615384616,0.0384615384615384,0.1488284956325184
ni_tfnbs,"e=1.1,h=8.0,n=30,start_thres=1.25",hub,0.25,50,1,40,1730,25,1,15,1729,0.625,0.0005780346820809,0.9615384615384616,0.0384615384615384,0.1488284956325184
ni_tfnbs,"e=1.1,h=9.0,n=30,start_thres=1.25",hub,0.25,50,1,40,1730,24,1,16,1729,0.6,0.0005780346820809,0.96,0.04,0.1488284956325184
ni_tfnbs,"e=1.1,h=10.0,n=30,start_thres=1.25",hub,0.25,50,1,40,1730,21,0,19,1730,0.525,0.0,1.0,0.0,0.1488284956325184
ni_tfnbs,"e=1.2,h=0.5,n=30,start_thres=1.25",hub,0.25,50,1,40,1730,28,10,12,1720,0.7,0.0057803468208092,0.7368421052631579,0.2631578947368421,0.1488284956325184
ni_tfnbs,"e=1.2,h=1.0,n=30,start_thres=1.25",hub,0.25,50,1,40,1730,27,5,13,1725,0.675,0.0028901734104046,0.84375,0.15625,0.1488284956325184
ni_tfnbs,"e=1.2,h=2.0,n=30,start_thres=1.25",hub,0.25,50,1,40,1730,27,5,13,1725,0.675,0.0028901734104046,0.84375,0.15625,0.1488284956325184
ni_tfnbs,"e=1.2,h=3.0,n=30,start_thres=1.25",hub,0.25,50,1,40,1730,27,5,13,1725,0.675,0.0028901734104046,0.84375,0.15625,0.1488284956325184
ni_tfnbs,"e=1.2,h=4.0,n=30,start_thres=1.25",hub,0.25,50,1,40,1730,28,5,12,1725,0.7,0.0028901734104046,0.8484848484848485,0.1515151515151515,0.1488284956325184
ni_tfnbs,"e=1.2,h=5.0,n=30,start_thres=1.25",hub,0.25,50,1,40,1730,28,5,12,1725,0.7,0.0028901734104046,0.8484848484848485,0.1515151515151515,0.1488284956325184
ni_tfnbs,"e=1.2,h=6.0,n=30,start_thres=1.25",hub,0.25,50,1,40,1730,28,5,12,1725,0.7,0.0028901734104046,0.8484848484848485,0.1515151515151515,0.1488284956325184
ni_tfnbs,"e=1.2,h=7.0,n=30,start_thres=1.25",hub,0.25,50,1,40,1730,27,4,13,1726,0.675,0.0023121387283236,0.8709677419354839,0.1290322580645161,0.1488284956325184
ni_tfnbs,"e=1.2,h=8.0,n=30,start_thres=1.25",hub,0.25,50,1,40,1730,25,1,15,1729,0.625,0.0005780346820809,0.9615384615384616,0.0384615384615384,0.1488284956325184
ni_tfnbs,"e=1.2,h=9.0,n=30,start_thres=1.25",hub,0.25,50,1,40,1730,25,1,15,1729,0.625,0.0005780346820809,0.9615384615384616,0.0384615384615384,0.1488284956325184
ni_tfnbs,"e=1.2,h=10.0,n=30,start_thres=1.25",hub,0.25,50,1,40,1730,24,1,16,1729,0.6,0.0005780346820809,0.96,0.04,0.1488284956325184
ni_tfnbs,"e=1.3,h=0.5,n=30,start_thres=1.25",hub,0.25,50,1,40,1730,29,10,11,1720,0.725,0.0057803468208092,0.7435897435897436,0.2564102564102564,0.1488284956325184
ni_tfnbs,"e=1.3,h=1.0,n=30,start_thres=1.25",hub,0.25,50,1,40,1730,28,10,12,1720,0.7,0.0057803468208092,0.7368421052631579,0.2631578947368421,0.1488284956325184
ni_tfnbs,"e=1.3,h=2.0,n=30,start_thres=1.25",hub,0.25,50,1,40,1730,28,10,12,1720,0.7,0.0057803468208092,0.7368421052631579,0.2631578947368421,0.1488284956325184
ni_tfnbs,"e=1.3,h=3.0,n=30,start_thres=1.25",hub,0.25,50,1,40,1730,27,5,13,1725,0.675,0.0028901734104046,0.84375,0.15625,0.1488284956325184
ni_tfnbs,"e=1.3,h=4.0,n=30,start_thres=1.25",hub,0.25,50,1,40,1730,27,5,13,1725,0.675,0.0028901734104046,0.84375,0.15625,0.1488284956325184
ni_tfnbs,"e=1.3,h=5.0,n=30,start_thres=1.25",hub,0.25,50,1,40,1730,28,5,12,1725,0.7,0.0028901734104046,0.8484848484848485,0.1515151515151515,0.1488284956325184
ni_tfnbs,"e=1.3,h=6.0,n=30,start_thres=1.25",hub,0.25,50,1,40,1730,28,5,12,1725,0.7,0.0028901734104046,0.8484848484848485,0.1515151515151515,0.1488284956325184
ni_tfnbs,"e=1.3,h=7.0,n=30,start_thres=1.25",hub,0.25,50,1,40,1730,28,5,12,1725,0.7,0.0028901734104046,0.8484848484848485,0.1515151515151515,0.1488284956325184
ni_tfnbs,"e=1.3,h=8.0,n=30,start_thres=1.25",hub,0.25,50,1,40,1730,27,4,13,1726,0.675,0.0023121387283236,0.8709677419354839,0.1290322580645161,0.1488284956325184
ni_tfnbs,"e=1.3,h=9.0,n=30,start_thres=1.25",hub,0.25,50,1,40,1730,25,1,15,1729,0.625,0.0005780346820809,0.9615384615384616,0.0384615384615384,0.1488284956325184
ni_tfnbs,"e=1.3,h=10.0,n=30,start_thres=1.25",hub,0.25,50,1,40,1730,25,1,15,1729,0.625,0.0005780346820809,0.9615384615384616,0.0384615384615384,0.1488284956325184
ni_tfnbs,"e=1.4,h=0.5,n=30,start_thres=1.25",hub,0.25,50,1,40,1730,29,10,11,1720,0.725,0.0057803468208092,0.7435897435897436,0.2564102564102564,0.1488284956325184
ni_tfnbs,"e=1.4,h=1.0,n=30,start_thres=1.25",hub,0.25,50,1,40,1730,29,10,11,1720,0.725,0.0057803468208092,0.7435897435897436,0.2564102564102564,0.1488284956325184
ni_tfnbs,"e=1.4,h=2.0,n=30,start_thres=1.25",hub,0.25,50,1,40,1730,28,10,12,1720,0.7,0.0057803468208092,0.7368421052631579,0.2631578947368421,0.1488284956325184
ni_tfnbs,"e=1.4,h=3.0,n=30,start_thres=1.25",hub,0.25,50,1,40,1730,27,5,13,1725,0.675,0.0028901734104046,0.84375,0.15625,0.1488284956325184
ni_tfnbs,"e=1.4,h=4.0,n=30,start_thres=1.25",hub,0.25,50,1,40,1730,27,5,13,1725,0.675,0.0028901734104046,0.84375,0.15625,0.1488284956325184
ni_tfnbs,"e=1.4,h=5.0,n=30,start_thres=1.25",hub,0.25,50,1,40,1730,28,5,12,1725,0.7,0.0028901734104046,0.8484848484848485,0.1515151515151515,0.1488284956325184
ni_tfnbs,"e=1.4,h=6.0,n=30,start_thres=1.25",hub,0.25,50,1,40,1730,28,5,12,1725,0.7,0.0028901734104046,0.8484848484848485,0.1515151515151515,0.1488284956325184
ni_tfnbs,"e=1.4,h=7.0,n=30,start_thres=1.25",hub,0.25,50,1,40,1730,28,5,12,1725,0.7,0.0028901734104046,0.8484848484848485,0.1515151515151515,0.1488284956325184
ni_tfnbs,"e=1.4,h=8.0,n=30,start_thres=1.25",hub,0.25,50,1,40,1730,27,4,13,1726,0.675,0.0023121387283236,0.8709677419354839,0.1290322580645161,0.1488284956325184
ni_tfnbs,"e=1.4,h=9.0,n=30,start_thres=1.25",hub,0.25,50,1,40,1730,27,4,13,1726,0.675,0.0023121387283236,0.8709677419354839,0.1290322580645161,0.1488284956325184
ni_tfnbs,"e=1.4,h=10.0,n=30,start_thres=1.25",hub,0.25,50,1,40,1730,25,1,15,1729,0.625,0.0005780346820809,0.9615384615384616,0.0384615384615384,0.1488284956325184
ni_tfnbs,"e=1.5,h=0.5,n=30,start_thres=1.25",hub,0.25,50,1,40,1730,29,10,11,1720,0.725,0.0057803468208092,0.7435897435897436,0.2564102564102564,0.1488284956325184
ni_tfnbs,"e=1.5,h=1.0,n=30,start_thres=1.25",hub,0.25,50,1,40,1730,29,10,11,1720,0.725,0.0057803468208092,0.7435897435897436,0.2564102564102564,0.1488284956325184
ni_tfnbs,"e=1.5,h=2.0,n=30,start_thres=1.25",hub,0.25,50,1,40,1730,29,10,11,1720,0.725,0.0057803468208092,0.7435897435897436,0.2564102564102564,0.1488284956325184
ni_tfnbs,"e=1.5,h=3.0,n=30,start_thres=1.25",hub,0.25,50,1,40,1730,28,10,12,1720,0.7,0.0057803468208092,0.7368421052631579,0.2631578947368421,0.1488284956325184
ni_tfnbs,"e=1.5,h=4.0,n=30,start_thres=1.25",hub,0.25,50,1,40,1730,27,5,13,1725,0.675,0.0028901734104046,0.84375,0.15625,0.1488284956325184
ni_tfnbs,"e=1.5,h=5.0,n=30,start_thres=1.25",hub,0.25,50,1,40,1730,27,5,13,1725,0.675,0.0028901734104046,0.84375,0.15625,0.1488284956325184
ni_tfnbs,"e=1.5,h=6.0,n=30,start_thres=1.25",hub,0.25,50,1,40,1730,28,5,12,1725,0.7,0.0028901734104046,0.8484848484848485,0.1515151515151515,0.1488284956325184
ni_tfnbs,"e=1.5,h=7.0,n=30,start_thres=1.25",hub,0.25,50,1,40,1730,28,5,12,1725,0.7,0.0028901734104046,0.8484848484848485,0.1515151515151515,0.1488284956325184
ni_tfnbs,"e=1.5,h=8.0,n=30,start_thres=1.25",hub,0.25,50,1,40,1730,28,5,12,1725,0.7,0.0028901734104046,0.8484848484848485,0.1515151515151515,0.1488284956325184
ni_tfnbs,"e=1.5,h=9.0,n=30,start_thres=1.25",hub,0.25,50,1,40,1730,27,4,13,1726,0.675,0.0023121387283236,0.8709677419354839,0.1290322580645161,0.1488284956325184
ni_tfnbs,"e=1.5,h=10.0,n=30,start_thres=1.25",hub,0.25,50,1,40,1730,27,4,13,1726,0.675,0.0023121387283236,0.8709677419354839,0.1290322580645161,0.1488284956325184
ni_tfnbs,"e=0.05,h=0.5,n=30,start_thres=1.25",hub,0.25,50,2,40,1730,14,0,26,1730,0.35,0.0,1.0,0.0,0.1452784443443471
ni_tfnbs,"e=0.05,h=1.0,n=30,start_thres=1.25",hub,0.25,50,2,40,1730,14,0,26,1730,0.35,0.0,1.0,0.0,0.1452784443443471
ni_tfnbs,"e=0.05,h=2.0,n=30,start_thres=1.25",hub,0.25,50,2,40,1730,14,0,26,1730,0.35,0.0,1.0,0.0,0.1452784443443471
ni_tfnbs,"e=0.05,h=3.0,n=30,start_thres=1.25",hub,0.25,50,2,40,1730,14,0,26,1730,0.35,0.0,1.0,0.0,0.1452784443443471
ni_tfnbs,"e=0.05,h=4.0,n=30,start_thres=1.25",hub,0.25,50,2,40,1730,14,0,26,1730,0.35,0.0,1.0,0.0,0.1452784443443471
ni_tfnbs,"e=0.05,h=5.0,n=30,start_thres=1.25",hub,0.25,50,2,40,1730,12,0,28,1730,0.3,0.0,1.0,0.0,0.1452784443443471
ni_tfnbs,"e=0.05,h=6.0,n=30,start_thres=1.25",hub,0.25,50,2,40,1730,12,0,28,1730,0.3,0.0,1.0,0.0,0.1452784443443471
ni_tfnbs,"e=0.05,h=7.0,n=30,start_thres=1.25",hub,0.25,50,2,40,1730,12,0,28,1730,0.3,0.0,1.0,0.0,0.1452784443443471
ni_tfnbs,"e=0.05,h=8.0,n=30,start_thres=1.25",hub,0.25,50,2,40,1730,12,0,28,1730,0.3,0.0,1.0,0.0,0.1452784443443471
ni_tfnbs,"e=0.05,h=9.0,n=30,start_thres=1.25",hub,0.25,50,2,40,1730,12,0,28,1730,0.3,0.0,1.0,0.0,0.1452784443443471
ni_tfnbs,"e=0.05,h=10.0,n=30,start_thres=1.25",hub,0.25,50,2,40,1730,12,0,28,1730,0.3,0.0,1.0,0.0,0.1452784443443471
ni_tfnbs,"e=0.1,h=0.5,n=30,start_thres=1.25",hub,0.25,50,2,40,1730,14,0,26,1730,0.35,0.0,1.0,0.0,0.1452784443443471
ni_tfnbs,"e=0.1,h=1.0,n=30,start_thres=1.25",hub,0.25,50,2,40,1730,14,0,26,1730,0.35,0.0,1.0,0.0,0.1452784443443471
ni_tfnbs,"e=0.1,h=2.0,n=30,start_thres=1.25",hub,0.25,50,2,40,1730,14,0,26,1730,0.35,0.0,1.0,0.0,0.1452784443443471
ni_tfnbs,"e=0.1,h=3.0,n=30,start_thres=1.25",hub,0.25,50,2,40,1730,14,0,26,1730,0.35,0.0,1.0,0.0,0.1452784443443471
ni_tfnbs,"e=0.1,h=4.0,n=30,start_thres=1.25",hub,0.25,50,2,40,1730,14,0,26,1730,0.35,0.0,1.0,0.0,0.1452784443443471
ni_tfnbs,"e=0.1,h=5.0,n=30,start_thres=1.25",hub,0.25,50,2,40,1730,14,0,26,1730,0.35,0.0,1.0,0.0,0.1452784443443471
ni_tfnbs,"e=0.1,h=6.0,n=30,start_thres=1.25",hub,0.25,50,2,40,1730,14,0,26,1730,0.35,0.0,1.0,0.0,0.1452784443443471
ni_tfnbs,"e=0.1,h=7.0,n=30,start_thres=1.25",hub,0.25,50,2,40,1730,14,0,26,1730,0.35,0.0,1.0,0.0,0.1452784443443471
ni_tfnbs,"e=0.1,h=8.0,n=30,start_thres=1.25",hub,0.25,50,2,40,1730,14,0,26,1730,0.35,0.0,1.0,0.0,0.1452784443443471
ni_tfnbs,"e=0.1,h=9.0,n=30,start_thres=1.25",hub,0.25,50,2,40,1730,14,0,26,1730,0.35,0.0,1.0,0.0,0.1452784443443471
ni_tfnbs,"e=0.1,h=10.0,n=30,start_thres=1.25",hub,0.25,50,2,40,1730,14,0,26,1730,0.35,0.0,1.0,0.0,0.1452784443443471
ni_tfnbs,"e=0.2,h=0.5,n=30,start_thres=1.25",hub,0.25,50,2,40,1730,15,0,25,1730,0.375,0.0,1.0,0.0,0.1452784443443471
ni_tfnbs,"e=0.2,h=1.0,n=30,start_thres=1.25",hub,0.25,50,2,40,1730,15,0,25,1730,0.375,0.0,1.0,0.0,0.1452784443443471
ni_tfnbs,"e=0.2,h=2.0,n=30,start_thres=1.25",hub,0.25,50,2,40,1730,15,0,25,1730,0.375,0.0,1.0,0.0,0.1452784443443471
ni_tfnbs,"e=0.2,h=3.0,n=30,start_thres=1.25",hub,0.25,50,2,40,1730,14,0,26,1730,0.35,0.0,1.0,0.0,0.1452784443443471
ni_tfnbs,"e=0.2,h=4.0,n=30,start_thres=1.25",hub,0.25,50,2,40,1730,14,0,26,1730,0.35,0.0,1.0,0.0,0.1452784443443471
ni_tfnbs,"e=0.2,h=5.0,n=30,start_thres=1.25",hub,0.25,50,2,40,1730,14,0,26,1730,0.35,0.0,1.0,0.0,0.1452784443443471
ni_tfnbs,"e=0.2,h=6.0,n=30,start_thres=1.25",hub,0.25,50,2,40,1730,14,0,26,1730,0.35,0.0,1.0,0.0,0.1452784443443471
ni_tfnbs,"e=0.2,h=7.0,n=30,start_thres=1.25",hub,0.25,50,2,40,1730,14,0,26,1730,0.35,0.0,1.0,0.0,0.1452784443443471
ni_tfnbs,"e=0.2,h=8.0,n=30,start_thres=1.25",hub,0.25,50,2,40,1730,14,0,26,1730,0.35,0.0,1.0,0.0,0.1452784443443471
ni_tfnbs,"e=0.2,h=9.0,n=30,start_thres=1.25",hub,0.25,50,2,40,1730,14,0,26,1730,0.35,0.0,1.0,0.0,0.1452784443443471
ni_tfnbs,"e=0.2,h=10.0,n=30,start_thres=1.25",hub,0.25,50,2,40,1730,14,0,26,1730,0.35,0.0,1.0,0.0,0.1452784443443471
ni_tfnbs,"e=0.3,h=0.5,n=30,start_thres=1.25",hub,0.25,50,2,40,1730,18,0,22,1730,0.45,0.0,1.0,0.0,0.1452784443443471
ni_tfnbs,"e=0.3,h=1.0,n=30,start_thres=1.25",hub,0.25,50,2,40,1730,17,0,23,1730,0.425,0.0,1.0,0.0,0.1452784443443471
ni_tfnbs,"e=0.3,h=2.0,n=30,start_thres=1.25",hub,0.25,50,2,40,1730,17,0,23,1730,0.425,0.0,1.0,0.0,0.1452784443443471
ni_tfnbs,"e=0.3,h=3.0,n=30,start_thres=1.25",hub,0.25,50,2,40,1730,15,0,25,1730,0.375,0.0,1.0,0.0,0.1452784443443471
ni_tfnbs,"e=0.3,h=4.0,n=30,start_thres=1.25",hub,0.25,50,2,40,1730,15,0,25,1730,0.375,0.0,1.0,0.0,0.1452784443443471
ni_tfnbs,"e=0.3,h=5.0,n=30,start_thres=1.25",hub,0.25,50,2,40,1730,15,0,25,1730,0.375,0.0,1.0,0.0,0.1452784443443471
ni_tfnbs,"e=0.3,h=6.0,n=30,start_thres=1.25",hub,0.25,50,2,40,1730,14,0,26,1730,0.35,0.0,1.0,0.0,0.1452784443443471
ni_tfnbs,"e=0.3,h=7.0,n=30,start_thres=1.25",hub,0.25,50,2,40,1730,14,0,26,1730,0.35,0.0,1.0,0.0,0.1452784443443471
ni_tfnbs,"e=0.3,h=8.0,n=30,start_thres=1.25",hub,0.25,50,2,40,1730,14,0,26,1730,0.35,0.0,1.0,0.0,0.1452784443443471
ni_tfnbs,"e=0.3,h=9.0,n=30,start_thres=1.25",hub,0.25,50,2,40,1730,14,0,26,1730,0.35,0.0,1.0,0.0,0.1452784443443471
ni_tfnbs,"e=0.3,h=10.0,n=30,start_thres=1.25",hub,0.25,50,2,40,1730,14,0,26,1730,0.35,0.0,1.0,0.0,0.1452784443443471
ni_tfnbs,"e=0.4,h=0.5,n=30,start_thres=1.25",hub,0.25,50,2,40,1730,22,0,18,1730,0.55,0.0,1.0,0.0,0.1452784443443471
ni_tfnbs,"e=0.4,h=1.0,n=30,start_thres=1.25",hub,0.25,50,2,40,1730,21,0,19,1730,0.525,0.0,1.0,0.0,0.1452784443443471
ni_tfnbs,"e=0.4,h=2.0,n=30,start_thres=1.25",hub,0.25,50,2,40,1730,21,0,19,1730,0.525,0.0,1.0,0.0,0.1452784443443471
ni_tfnbs,"e=0.4,h=3.0,n=30,start_thres=1.25",hub,0.25,50,2,40,1730,17,0,23,1730,0.425,0.0,1.0,0.0,0.1452784443443471
ni_tfnbs,"e=0.4,h=4.0,n=30,start_thres=1.25",hub,0.25,50,2,40,1730,17,0,23,1730,0.425,0.0,1.0,0.0,0.1452784443443471
ni_tfnbs,"e=0.4,h=5.0,n=30,start_thres=1.25",hub,0.25,50,2,40,1730,15,0,25,1730,0.375,0.0,1.0,0.0,0.1452784443443471
ni_tfnbs,"e=0.4,h=6.0,n=30,start_thres=1.25",hub,0.25,50,2,40,1730,15,0,25,1730,0.375,0.0,1.0,0.0,0.1452784443443471
ni_tfnbs,"e=0.4,h=7.0,n=30,start_thres=1.25",hub,0.25,50,2,40,1730,15,0,25,1730,0.375,0.0,1.0,0.0,0.1452784443443471
ni_tfnbs,"e=0.4,h=8.0,n=30,start_thres=1.25",hub,0.25,50,2,40,1730,15,0,25,1730,0.375,0.0,1.0,0.0,0.1452784443443471
ni_tfnbs,"e=0.4,h=9.0,n=30,start_thres=1.25",hub,0.25,50,2,40,1730,14,0,26,1730,0.35,0.0,1.0,0.0,0.1452784443443471
ni_tfnbs,"e=0.4,h=10.0,n=30,start_thres=1.25",hub,0.25,50,2,40,1730,14,0,26,1730,0.35,0.0,1.0,0.0,0.1452784443443471
ni_tfnbs,"e=0.5,h=0.5,n=30,start_thres=1.25",hub,0.25,50,2,40,1730,24,0,16,1730,0.6,0.0,1.0,0.0,0.1452784443443471
ni_tfnbs,"e=0.5,h=1.0,n=30,start_thres=1.25",hub,0.25,50,2,40,1730,23,0,17,1730,0.575,0.0,1.0,0.0,0.1452784443443471
ni_tfnbs,"e=0.5,h=2.0,n=30,start_thres=1.25",hub,0.25,50,2,40,1730,23,0,17,1730,0.575,0.0,1.0,0.0,0.1452784443443471
ni_tfnbs,"e=0.5,h=3.0,n=30,start_thres=1.25",hub,0.25,50,2,40,1730,21,0,19,1730,0.525,0.0,1.0,0.0,0.1452784443443471
ni_tfnbs,"e=0.5,h=4.0,n=30,start_thres=1.25",hub,0.25,50,2,40,1730,21,0,19,1730,0.525,0.0,1.0,0.0,0.1452784443443471
ni_tfnbs,"e=0.5,h=5.0,n=30,start_thres=1.25",hub,0.25,50,2,40,1730,17,0,23,1730,0.425,0.0,1.0,0.0,0.1452784443443471
ni_tfnbs,"e=0.5,h=6.0,n=30,start_thres=1.25",hub,0.25,50,2,40,1730,17,0,23,1730,0.425,0.0,1.0,0.0,0.1452784443443471
ni_tfnbs,"e=0.5,h=7.0,n=30,start_thres=1.25",hub,0.25,50,2,40,1730,15,0,25,1730,0.375,0.0,1.0,0.0,0.1452784443443471
ni_tfnbs,"e=0.5,h=8.0,n=30,start_thres=1.25",hub,0.25,50,2,40,1730,15,0,25,1730,0.375,0.0,1.0,0.0,0.1452784443443471
ni_tfnbs,"e=0.5,h=9.0,n=30,start_thres=1.25",hub,0.25,50,2,40,1730,15,0,25,1730,0.375,0.0,1.0,0.0,0.1452784443443471
ni_tfnbs,"e=0.5,h=10.0,n=30,start_thres=1.25",hub,0.25,50,2,40,1730,15,0,25,1730,0.375,0.0,1.0,0.0,0.1452784443443471
ni_tfnbs,"e=0.6,h=0.5,n=30,start_thres=1.25",hub,0.25,50,2,40,1730,25,0,15,1730,0.625,0.0,1.0,0.0,0.1452784443443471
ni_tfnbs,"e=0.6,h=1.0,n=30,start_thres=1.25",hub,0.25,50,2,40,1730,25,0,15,1730,0.625,0.0,1.0,0.0,0.1452784443443471
ni_tfnbs,"e=0.6,h=2.0,n=30,start_thres=1.25",hub,0.25,50,2,40,1730,25,0,15,1730,0.625,0.0,1.0,0.0,0.1452784443443471
ni_tfnbs,"e=0.6,h=3.0,n=30,start_thres=1.25",hub,0.25,50,2,40,1730,23,0,17,1730,0.575,0.0,1.0,0.0,0.1452784443443471
ni_tfnbs,"e=0.6,h=4.0,n=30,start_thres=1.25",hub,0.25,50,2,40,1730,21,0,19,1730,0.525,0.0,1.0,0.0,0.1452784443443471
ni_tfnbs,"e=0.6,h=5.0,n=30,start_thres=1.25",hub,0.25,50,2,40,1730,21,0,19,1730,0.525,0.0,1.0,0.0,0.1452784443443471
ni_tfnbs,"e=0.6,h=6.0,n=30,start_thres=1.25",hub,0.25,50,2,40,1730,17,0,23,1730,0.425,0.0,1.0,0.0,0.1452784443443471
ni_tfnbs,"e=0.6,h=7.0,n=30,start_thres=1.25",hub,0.25,50,2,40,1730,17,0,23,1730,0.425,0.0,1.0,0.0,0.1452784443443471
ni_tfnbs,"e=0.6,h=8.0,n=30,start_thres=1.25",hub,0.25,50,2,40,1730,17,0,23,1730,0.425,0.0,1.0,0.0,0.1452784443443471
ni_tfnbs,"e=0.6,h=9.0,n=30,start_thres=1.25",hub,0.25,50,2,40,1730,15,0,25,1730,0.375,0.0,1.0,0.0,0.1452784443443471
ni_tfnbs,"e=0.6,h=10.0,n=30,start_thres=1.25",hub,0.25,50,2,40,1730,15,0,25,1730,0.375,0.0,1.0,0.0,0.1452784443443471
ni_tfnbs,"e=0.7,h=0.5,n=30,start_thres=1.25",hub,0.25,50,2,40,1730,25,0,15,1730,0.625,0.0,1.0,0.0,0.1452784443443471
ni_tfnbs,"e=0.7,h=1.0,n=30,start_thres=1.25",hub,0.25,50,2,40,1730,25,0,15,1730,0.625,0.0,1.0,0.0,0.1452784443443471
ni_tfnbs,"e=0.7,h=2.0,n=30,start_thres=1.25",hub,0.25,50,2,40,1730,26,0,14,1730,0.65,0.0,1.0,0.0,0.1452784443443471
ni_tfnbs,"e=0.7,h=3.0,n=30,start_thres=1.25",hub,0.25,50,2,40,1730,25,0,15,1730,0.625,0.0,1.0,0.0,0.1452784443443471
ni_tfnbs,"e=0.7,h=4.0,n=30,start_thres=1.25",hub,0.25,50,2,40,1730,23,0,17,1730,0.575,0.0,1.0,0.0,0.1452784443443471
ni_tfnbs,"e=0.7,h=5.0,n=30,start_thres=1.25",hub,0.25,50,2,40,1730,23,0,17,1730,0.575,0.0,1.0,0.0,0.1452784443443471
ni_tfnbs,"e=0.7,h=6.0,n=30,start_thres=1.25",hub,0.25,50,2,40,1730,21,0,19,1730,0.525,0.0,1.0,0.0,0.1452784443443471
ni_tfnbs,"e=0.7,h=7.0,n=30,start_thres=1.25",hub,0.25,50,2,40,1730,20,0,20,1730,0.5,0.0,1.0,0.0,0.1452784443443471
ni_tfnbs,"e=0.7,h=8.0,n=30,start_thres=1.25",hub,0.25,50,2,40,1730,17,0,23,1730,0.425,0.0,1.0,0.0,0.1452784443443471
ni_tfnbs,"e=0.7,h=9.0,n=30,start_thres=1.25",hub,0.25,50,2,40,1730,17,0,23,1730,0.425,0.0,1.0,0.0,0.1452784443443471
ni_tfnbs,"e=0.7,h=10.0,n=30,start_thres=1.25",hub,0.25,50,2,40,1730,16,0,24,1730,0.4,0.0,1.0,0.0,0.1452784443443471
ni_tfnbs,"e=0.8,h=0.5,n=30,start_thres=1.25",hub,0.25,50,2,40,1730,25,0,15,1730,0.625,0.0,1.0,0.0,0.1452784443443471
ni_tfnbs,"e=0.8,h=1.0,n=30,start_thres=1.25",hub,0.25,50,2,40,1730,25,0,15,1730,0.625,0.0,1.0,0.0,0.1452784443443471
ni_tfnbs,"e=0.8,h=2.0,n=30,start_thres=1.25",hub,0.25,50,2,40,1730,26,0,14,1730,0.65,0.0,1.0,0.0,0.1452784443443471
ni_tfnbs,"e=0.8,h=3.0,n=30,start_thres=1.25",hub,0.25,50,2,40,1730,26,0,14,1730,0.65,0.0,1.0,0.0,0.1452784443443471
ni_tfnbs,"e=0.8,h=4.0,n=30,start_thres=1.25",hub,0.25,50,2,40,1730,26,0,14,1730,0.65,0.0,1.0,0.0,0.1452784443443471
ni_tfnbs,"e=0.8,h=5.0,n=30,start_thres=1.25",hub,0.25,50,2,40,1730,23,0,17,1730,0.575,0.0,1.0,0.0,0.1452784443443471
ni_tfnbs,"e=0.8,h=6.0,n=30,start_thres=1.25",hub,0.25,50,2,40,1730,23,0,17,1730,0.575,0.0,1.0,0.0,0.1452784443443471
ni_tfnbs,"e=0.8,h=7.0,n=30,start_thres=1.25",hub,0.25,50,2,40,1730,21,0,19,1730,0.525,0.0,1.0,0.0,0.1452784443443471
ni_tfnbs,"e=0.8,h=8.0,n=30,start_thres=1.25",hub,0.25,50,2,40,1730,21,0,19,1730,0.525,0.0,1.0,0.0,0.1452784443443471
ni_tfnbs,"e=0.8,h=9.0,n=30,start_thres=1.25",hub,0.25,50,2,40,1730,17,0,23,1730,0.425,0.0,1.0,0.0,0.1452784443443471
ni_tfnbs,"e=0.8,h=10.0,n=30,start_thres=1.25",hub,0.25,50,2,40,1730,17,0,23,1730,0.425,0.0,1.0,0.0,0.1452784443443471
ni_tfnbs,"e=0.9,h=0.5,n=30,start_thres=1.25",hub,0.25,50,2,40,1730,25,0,15,1730,0.625,0.0,1.0,0.0,0.1452784443443471
ni_tfnbs,"e=0.9,h=1.0,n=30,start_thres=1.25",hub,0.25,50,2,40,1730,25,0,15,1730,0.625,0.0,1.0,0.0,0.1452784443443471
ni_tfnbs,"e=0.9,h=2.0,n=30,start_thres=1.25",hub,0.25,50,2,40,1730,25,0,15,1730,0.625,0.0,1.0,0.0,0.1452784443443471
ni_tfnbs,"e=0.9,h=3.0,n=30,start_thres=1.25",hub,0.25,50,2,40,1730,26,0,14,1730,0.65,0.0,1.0,0.0,0.1452784443443471
ni_tfnbs,"e=0.9,h=4.0,n=30,start_thres=1.25",hub,0.25,50,2,40,1730,26,0,14,1730,0.65,0.0,1.0,0.0,0.1452784443443471
ni_tfnbs,"e=0.9,h=5.0,n=30,start_thres=1.25",hub,0.25,50,2,40,1730,26,0,14,1730,0.65,0.0,1.0,0.0,0.1452784443443471
ni_tfnbs,"e=0.9,h=6.0,n=30,start_thres=1.25",hub,0.25,50,2,40,1730,23,0,17,1730,0.575,0.0,1.0,0.0,0.1452784443443471
ni_tfnbs,"e=0.9,h=7.0,n=30,start_thres=1.25",hub,0.25,50,2,40,1730,23,0,17,1730,0.575,0.0,1.0,0.0,0.1452784443443471
ni_tfnbs,"e=0.9,h=8.0,n=30,start_thres=1.25",hub,0.25,50,2,40,1730,21,0,19,1730,0.525,0.0,1.0,0.0,0.1452784443443471
ni_tfnbs,"e=0.9,h=9.0,n=30,start_thres=1.25",hub,0.25,50,2,40,1730,21,0,19,1730,0.525,0.0,1.0,0.0,0.1452784443443471
ni_tfnbs,"e=0.9,h=10.0,n=30,start_thres=1.25",hub,0.25,50,2,40,1730,17,0,23,1730,0.425,0.0,1.0,0.0,0.1452784443443471
ni_tfnbs,"e=1.0,h=0.5,n=30,start_thres=1.25",hub,0.25,50,2,40,1730,25,0,15,1730,0.625,0.0,1.0,0.0,0.1452784443443471
ni_tfnbs,"e=1.0,h=1.0,n=30,start_thres=1.25",hub,0.25,50,2,40,1730,25,0,15,1730,0.625,0.0,1.0,0.0,0.1452784443443471
ni_tfnbs,"e=1.0,h=2.0,n=30,start_thres=1.25",hub,0.25,50,2,40,1730,25,0,15,1730,0.625,0.0,1.0,0.0,0.1452784443443471
ni_tfnbs,"e=1.0,h=3.0,n=30,start_thres=1.25",hub,0.25,50,2,40,1730,26,0,14,1730,0.65,0.0,1.0,0.0,0.1452784443443471
ni_tfnbs,"e=1.0,h=4.0,n=30,start_thres=1.25",hub,0.25,50,2,40,1730,26,0,14,1730,0.65,0.0,1.0,0.0,0.1452784443443471
ni_tfnbs,"e=1.0,h=5.0,n=30,start_thres=1.25",hub,0.25,50,2,40,1730,26,0,14,1730,0.65,0.0,1.0,0.0,0.1452784443443471
ni_tfnbs,"e=1.0,h=6.0,n=30,start_thres=1.25",hub,0.25,50,2,40,1730,27,0,13,1730,0.675,0.0,1.0,0.0,0.1452784443443471
ni_tfnbs,"e=1.0,h=7.0,n=30,start_thres=1.25",hub,0.25,50,2,40,1730,24,0,16,1730,0.6,0.0,1.0,0.0,0.1452784443443471
ni_tfnbs,"e=1.0,h=8.0,n=30,start_thres=1.25",hub,0.25,50,2,40,1730,23,0,17,1730,0.575,0.0,1.0,0.0,0.1452784443443471
ni_tfnbs,"e=1.0,h=9.0,n=30,start_thres=1.25",hub,0.25,50,2,40,1730,21,0,19,1730,0.525,0.0,1.0,0.0,0.1452784443443471
ni_tfnbs,"e=1.0,h=10.0,n=30,start_thres=1.25",hub,0.25,50,2,40,1730,21,0,19,1730,0.525,0.0,1.0,0.0,0.1452784443443471
ni_tfnbs,"e=1.1,h=0.5,n=30,start_thres=1.25",hub,0.25,50,2,40,1730,25,0,15,1730,0.625,0.0,1.0,0.0,0.1452784443443471
ni_tfnbs,"e=1.1,h=1.0,n=30,start_thres=1.25",hub,0.25,50,2,40,1730,25,0,15,1730,0.625,0.0,1.0,0.0,0.1452784443443471
ni_tfnbs,"e=1.1,h=2.0,n=30,start_thres=1.25",hub,0.25,50,2,40,1730,25,0,15,1730,0.625,0.0,1.0,0.0,0.1452784443443471
ni_tfnbs,"e=1.1,h=3.0,n=30,start_thres=1.25",hub,0.25,50,2,40,1730,26,0,14,1730,0.65,0.0,1.0,0.0,0.1452784443443471
ni_tfnbs,"e=1.1,h=4.0,n=30,start_thres=1.25",hub,0.25,50,2,40,1730,26,0,14,1730,0.65,0.0,1.0,0.0,0.1452784443443471
ni_tfnbs,"e=1.1,h=5.0,n=30,start_thres=1.25",hub,0.25,50,2,40,1730,26,0,14,1730,0.65,0.0,1.0,0.0,0.1452784443443471
ni_tfnbs,"e=1.1,h=6.0,n=30,start_thres=1.25",hub,0.25,50,2,40,1730,27,0,13,1730,0.675,0.0,1.0,0.0,0.1452784443443471
ni_tfnbs,"e=1.1,h=7.0,n=30,start_thres=1.25",hub,0.25,50,2,40,1730,27,0,13,1730,0.675,0.0,1.0,0.0,0.1452784443443471
ni_tfnbs,"e=1.1,h=8.0,n=30,start_thres=1.25",hub,0.25,50,2,40,1730,24,0,16,1730,0.6,0.0,1.0,0.0,0.1452784443443471
ni_tfnbs,"e=1.1,h=9.0,n=30,start_thres=1.25",hub,0.25,50,2,40,1730,24,0,16,1730,0.6,0.0,1.0,0.0,0.1452784443443471
ni_tfnbs,"e=1.1,h=10.0,n=30,start_thres=1.25",hub,0.25,50,2,40,1730,21,0,19,1730,0.525,0.0,1.0,0.0,0.1452784443443471
ni_tfnbs,"e=1.2,h=0.5,n=30,start_thres=1.25",hub,0.25,50,2,40,1730,25,0,15,1730,0.625,0.0,1.0,0.0,0.1452784443443471
ni_tfnbs,"e=1.2,h=1.0,n=30,start_thres=1.25",hub,0.25,50,2,40,1730,25,0,15,1730,0.625,0.0,1.0,0.0,0.1452784443443471
ni_tfnbs,"e=1.2,h=2.0,n=30,start_thres=1.25",hub,0.25,50,2,40,1730,25,0,15,1730,0.625,0.0,1.0,0.0,0.1452784443443471
ni_tfnbs,"e=1.2,h=3.0,n=30,start_thres=1.25",hub,0.25,50,2,40,1730,25,0,15,1730,0.625,0.0,1.0,0.0,0.1452784443443471
ni_tfnbs,"e=1.2,h=4.0,n=30,start_thres=1.25",hub,0.25,50,2,40,1730,26,0,14,1730,0.65,0.0,1.0,0.0,0.1452784443443471
ni_tfnbs,"e=1.2,h=5.0,n=30,start_thres=1.25",hub,0.25,50,2,40,1730,26,0,14,1730,0.65,0.0,1.0,0.0,0.1452784443443471
ni_tfnbs,"e=1.2,h=6.0,n=30,start_thres=1.25",hub,0.25,50,2,40,1730,27,0,13,1730,0.675,0.0,1.0,0.0,0.1452784443443471
ni_tfnbs,"e=1.2,h=7.0,n=30,start_thres=1.25",hub,0.25,50,2,40,1730,27,0,13,1730,0.675,0.0,1.0,0.0,0.1452784443443471
ni_tfnbs,"e=1.2,h=8.0,n=30,start_thres=1.25",hub,0.25,50,2,40,1730,27,0,13,1730,0.675,0.0,1.0,0.0,0.1452784443443471
ni_tfnbs,"e=1.2,h=9.0,n=30,start_thres=1.25",hub,0.25,50,2,40,1730,24,0,16,1730,0.6,0.0,1.0,0.0,0.1452784443443471
ni_tfnbs,"e=1.2,h=10.0,n=30,start_thres=1.25",hub,0.25,50,2,40,1730,24,0,16,1730,0.6,0.0,1.0,0.0,0.1452784443443471
ni_tfnbs,"e=1.3,h=0.5,n=30,start_thres=1.25",hub,0.25,50,2,40,1730,24,0,16,1730,0.6,0.0,1.0,0.0,0.1452784443443471
ni_tfnbs,"e=1.3,h=1.0,n=30,start_thres=1.25",hub,0.25,50,2,40,1730,25,0,15,1730,0.625,0.0,1.0,0.0,0.1452784443443471
ni_tfnbs,"e=1.3,h=2.0,n=30,start_thres=1.25",hub,0.25,50,2,40,1730,26,0,14,1730,0.65,0.0,1.0,0.0,0.1452784443443471
ni_tfnbs,"e=1.3,h=3.0,n=30,start_thres=1.25",hub,0.25,50,2,40,1730,26,0,14,1730,0.65,0.0,1.0,0.0,0.1452784443443471
ni_tfnbs,"e=1.3,h=4.0,n=30,start_thres=1.25",hub,0.25,50,2,40,1730,27,0,13,1730,0.675,0.0,1.0,0.0,0.1452784443443471
ni_tfnbs,"e=1.3,h=5.0,n=30,start_thres=1.25",hub,0.25,50,2,40,1730,26,0,14,1730,0.65,0.0,1.0,0.0,0.1452784443443471
ni_tfnbs,"e=1.3,h=6.0,n=30,start_thres=1.25",hub,0.25,50,2,40,1730,27,0,13,1730,0.675,0.0,1.0,0.0,0.1452784443443471
ni_tfnbs,"e=1.3,h=7.0,n=30,start_thres=1.25",hub,0.25,50,2,40,1730,27,0,13,1730,0.675,0.0,1.0,0.0,0.1452784443443471
ni_tfnbs,"e=1.3,h=8.0,n=30,start_thres=1.25",hub,0.25,50,2,40,1730,27,0,13,1730,0.675,0.0,1.0,0.0,0.1452784443443471
ni_tfnbs,"e=1.3,h=9.0,n=30,start_thres=1.25",hub,0.25,50,2,40,1730,27,0,13,1730,0.675,0.0,1.0,0.0,0.1452784443443471
ni_tfnbs,"e=1.3,h=10.0,n=30,start_thres=1.25",hub,0.25,50,2,40,1730,24,0,16,1730,0.6,0.0,1.0,0.0,0.1452784443443471
ni_tfnbs,"e=1.4,h=0.5,n=30,start_thres=1.25",hub,0.25,50,2,40,1730,24,0,16,1730,0.6,0.0,1.0,0.0,0.1452784443443471
ni_tfnbs,"e=1.4,h=1.0,n=30,start_thres=1.25",hub,0.25,50,2,40,1730,25,0,15,1730,0.625,0.0,1.0,0.0,0.1452784443443471
ni_tfnbs,"e=1.4,h=2.0,n=30,start_thres=1.25",hub,0.25,50,2,40,1730,26,0,14,1730,0.65,0.0,1.0,0.0,0.1452784443443471
ni_tfnbs,"e=1.4,h=3.0,n=30,start_thres=1.25",hub,0.25,50,2,40,1730,26,0,14,1730,0.65,0.0,1.0,0.0,0.1452784443443471
ni_tfnbs,"e=1.4,h=4.0,n=30,start_thres=1.25",hub,0.25,50,2,40,1730,27,0,13,1730,0.675,0.0,1.0,0.0,0.1452784443443471
ni_tfnbs,"e=1.4,h=5.0,n=30,start_thres=1.25",hub,0.25,50,2,40,1730,27,0,13,1730,0.675,0.0,1.0,0.0,0.1452784443443471
ni_tfnbs,"e=1.4,h=6.0,n=30,start_thres=1.25",hub,0.25,50,2,40,1730,27,0,13,1730,0.675,0.0,1.0,0.0,0.1452784443443471
ni_tfnbs,"e=1.4,h=7.0,n=30,start_thres=1.25",hub,0.25,50,2,40,1730,27,0,13,1730,0.675,0.0,1.0,0.0,0.1452784443443471
ni_tfnbs,"e=1.4,h=8.0,n=30,start_thres=1.25",hub,0.25,50,2,40,1730,27,0,13,1730,0.675,0.0,1.0,0.0,0.1452784443443471
ni_tfnbs,"e=1.4,h=9.0,n=30,start_thres=1.25",hub,0.25,50,2,40,1730,27,0,13,1730,0.675,0.0,1.0,0.0,0.1452784443443471
ni_tfnbs,"e=1.4,h=10.0,n=30,start_thres=1.25",hub,0.25,50,2,40,1730,27,0,13,1730,0.675,0.0,1.0,0.0,0.1452784443443471
ni_tfnbs,"e=1.5,h=0.5,n=30,start_thres=1.25",hub,0.25,50,2,40,1730,23,0,17,1730,0.575,0.0,1.0,0.0,0.1452784443443471
ni_tfnbs,"e=1.5,h=1.0,n=30,start_thres=1.25",hub,0.25,50,2,40,1730,25,0,15,1730,0.625,0.0,1.0,0.0,0.1452784443443471
ni_tfnbs,"e=1.5,h=2.0,n=30,start_thres=1.25",hub,0.25,50,2,40,1730,26,0,14,1730,0.65,0.0,1.0,0.0,0.1452784443443471
ni_tfnbs,"e=1.5,h=3.0,n=30,start_thres=1.25",hub,0.25,50,2,40,1730,26,0,14,1730,0.65,0.0,1.0,0.0,0.1452784443443471
ni_tfnbs,"e=1.5,h=4.0,n=30,start_thres=1.25",hub,0.25,50,2,40,1730,26,0,14,1730,0.65,0.0,1.0,0.0,0.1452784443443471
ni_tfnbs,"e=1.5,h=5.0,n=30,start_thres=1.25",hub,0.25,50,2,40,1730,27,0,13,1730,0.675,0.0,1.0,0.0,0.1452784443443471
ni_tfnbs,"e=1.5,h=6.0,n=30,start_thres=1.25",hub,0.25,50,2,40,1730,27,0,13,1730,0.675,0.0,1.0,0.0,0.1452784443443471
ni_tfnbs,"e=1.5,h=7.0,n=30,start_thres=1.25",hub,0.25,50,2,40,1730,27,0,13,1730,0.675,0.0,1.0,0.0,0.1452784443443471
ni_tfnbs,"e=1.5,h=8.0,n=30,start_thres=1.25",hub,0.25,50,2,40,1730,27,0,13,1730,0.675,0.0,1.0,0.0,0.1452784443443471
ni_tfnbs,"e=1.5,h=9.0,n=30,start_thres=1.25",hub,0.25,50,2,40,1730,27,0,13,1730,0.675,0.0,1.0,0.0,0.1452784443443471
ni_tfnbs,"e=1.5,h=10.0,n=30,start_thres=1.25",hub,0.25,50,2,40,1730,27,0,13,1730,0.675,0.0,1.0,0.0,0.1452784443443471
ni_tfnbs,"e=0.05,h=0.5,n=30,start_thres=1.25",hub,0.25,50,3,40,1730,4,0,36,1730,0.1,0.0,1.0,0.0,0.1467311382293701
ni_tfnbs,"e=0.05,h=1.0,n=30,start_thres=1.25",hub,0.25,50,3,40,1730,4,0,36,1730,0.1,0.0,1.0,0.0,0.1467311382293701
ni_tfnbs,"e=0.05,h=2.0,n=30,start_thres=1.25",hub,0.25,50,3,40,1730,4,0,36,1730,0.1,0.0,1.0,0.0,0.1467311382293701
ni_tfnbs,"e=0.05,h=3.0,n=30,start_thres=1.25",hub,0.25,50,3,40,1730,4,0,36,1730,0.1,0.0,1.0,0.0,0.1467311382293701
ni_tfnbs,"e=0.05,h=4.0,n=30,start_thres=1.25",hub,0.25,50,3,40,1730,4,0,36,1730,0.1,0.0,1.0,0.0,0.1467311382293701
ni_tfnbs,"e=0.05,h=5.0,n=30,start_thres=1.25",hub,0.25,50,3,40,1730,4,0,36,1730,0.1,0.0,1.0,0.0,0.1467311382293701
ni_tfnbs,"e=0.05,h=6.0,n=30,start_thres=1.25",hub,0.25,50,3,40,1730,4,0,36,1730,0.1,0.0,1.0,0.0,0.1467311382293701
ni_tfnbs,"e=0.05,h=7.0,n=30,start_thres=1.25",hub,0.25,50,3,40,1730,4,0,36,1730,0.1,0.0,1.0,0.0,0.1467311382293701
ni_tfnbs,"e=0.05,h=8.0,n=30,start_thres=1.25",hub,0.25,50,3,40,1730,4,0,36,1730,0.1,0.0,1.0,0.0,0.1467311382293701
ni_tfnbs,"e=0.05,h=9.0,n=30,start_thres=1.25",hub,0.25,50,3,40,1730,4,0,36,1730,0.1,0.0,1.0,0.0,0.1467311382293701
ni_tfnbs,"e=0.05,h=10.0,n=30,start_thres=1.25",hub,0.25,50,3,40,1730,4,0,36,1730,0.1,0.0,1.0,0.0,0.1467311382293701
ni_tfnbs,"e=0.1,h=0.5,n=30,start_thres=1.25",hub,0.25,50,3,40,1730,5,0,35,1730,0.125,0.0,1.0,0.0,0.1467311382293701
ni_tfnbs,"e=0.1,h=1.0,n=30,start_thres=1.25",hub,0.25,50,3,40,1730,4,0,36,1730,0.1,0.0,1.0,0.0,0.1467311382293701
ni_tfnbs,"e=0.1,h=2.0,n=30,start_thres=1.25",hub,0.25,50,3,40,1730,4,0,36,1730,0.1,0.0,1.0,0.0,0.1467311382293701
ni_tfnbs,"e=0.1,h=3.0,n=30,start_thres=1.25",hub,0.25,50,3,40,1730,4,0,36,1730,0.1,0.0,1.0,0.0,0.1467311382293701
ni_tfnbs,"e=0.1,h=4.0,n=30,start_thres=1.25",hub,0.25,50,3,40,1730,4,0,36,1730,0.1,0.0,1.0,0.0,0.1467311382293701
ni_tfnbs,"e=0.1,h=5.0,n=30,start_thres=1.25",hub,0.25,50,3,40,1730,4,0,36,1730,0.1,0.0,1.0,0.0,0.1467311382293701
ni_tfnbs,"e=0.1,h=6.0,n=30,start_thres=1.25",hub,0.25,50,3,40,1730,4,0,36,1730,0.1,0.0,1.0,0.0,0.1467311382293701
ni_tfnbs,"e=0.1,h=7.0,n=30,start_thres=1.25",hub,0.25,50,3,40,1730,4,0,36,1730,0.1,0.0,1.0,0.0,0.1467311382293701
ni_tfnbs,"e=0.1,h=8.0,n=30,start_thres=1.25",hub,0.25,50,3,40,1730,4,0,36,1730,0.1,0.0,1.0,0.0,0.1467311382293701
ni_tfnbs,"e=0.1,h=9.0,n=30,start_thres=1.25",hub,0.25,50,3,40,1730,4,0,36,1730,0.1,0.0,1.0,0.0,0.1467311382293701
ni_tfnbs,"e=0.1,h=10.0,n=30,start_thres=1.25",hub,0.25,50,3,40,1730,4,0,36,1730,0.1,0.0,1.0,0.0,0.1467311382293701
ni_tfnbs,"e=0.2,h=0.5,n=30,start_thres=1.25",hub,0.25,50,3,40,1730,6,0,34,1730,0.15,0.0,1.0,0.0,0.1467311382293701
ni_tfnbs,"e=0.2,h=1.0,n=30,start_thres=1.25",hub,0.25,50,3,40,1730,6,0,34,1730,0.15,0.0,1.0,0.0,0.1467311382293701
ni_tfnbs,"e=0.2,h=2.0,n=30,start_thres=1.25",hub,0.25,50,3,40,1730,5,0,35,1730,0.125,0.0,1.0,0.0,0.1467311382293701
ni_tfnbs,"e=0.2,h=3.0,n=30,start_thres=1.25",hub,0.25,50,3,40,1730,5,0,35,1730,0.125,0.0,1.0,0.0,0.1467311382293701
ni_tfnbs,"e=0.2,h=4.0,n=30,start_thres=1.25",hub,0.25,50,3,40,1730,5,0,35,1730,0.125,0.0,1.0,0.0,0.1467311382293701
ni_tfnbs,"e=0.2,h=5.0,n=30,start_thres=1.25",hub,0.25,50,3,40,1730,4,0,36,1730,0.1,0.0,1.0,0.0,0.1467311382293701
ni_tfnbs,"e=0.2,h=6.0,n=30,start_thres=1.25",hub,0.25,50,3,40,1730,4,0,36,1730,0.1,0.0,1.0,0.0,0.1467311382293701
ni_tfnbs,"e=0.2,h=7.0,n=30,start_thres=1.25",hub,0.25,50,3,40,1730,4,0,36,1730,0.1,0.0,1.0,0.0,0.1467311382293701
ni_tfnbs,"e=0.2,h=8.0,n=30,start_thres=1.25",hub,0.25,50,3,40,1730,4,0,36,1730,0.1,0.0,1.0,0.0,0.1467311382293701
ni_tfnbs,"e=0.2,h=9.0,n=30,start_thres=1.25",hub,0.25,50,3,40,1730,4,0,36,1730,0.1,0.0,1.0,0.0,0.1467311382293701
ni_tfnbs,"e=0.2,h=10.0,n=30,start_thres=1.25",hub,0.25,50,3,40,1730,4,0,36,1730,0.1,0.0,1.0,0.0,0.1467311382293701
ni_tfnbs,"e=0.3,h=0.5,n=30,start_thres=1.25",hub,0.25,50,3,40,1730,8,0,32,1730,0.2,0.0,1.0,0.0,0.1467311382293701
ni_tfnbs,"e=0.3,h=1.0,n=30,start_thres=1.25",hub,0.25,50,3,40,1730,8,0,32,1730,0.2,0.0,1.0,0.0,0.1467311382293701
ni_tfnbs,"e=0.3,h=2.0,n=30,start_thres=1.25",hub,0.25,50,3,40,1730,6,0,34,1730,0.15,0.0,1.0,0.0,0.1467311382293701
ni_tfnbs,"e=0.3,h=3.0,n=30,start_thres=1.25",hub,0.25,50,3,40,1730,6,0,34,1730,0.15,0.0,1.0,0.0,0.1467311382293701
ni_tfnbs,"e=0.3,h=4.0,n=30,start_thres=1.25",hub,0.25,50,3,40,1730,6,0,34,1730,0.15,0.0,1.0,0.0,0.1467311382293701
ni_tfnbs,"e=0.3,h=5.0,n=30,start_thres=1.25",hub,0.25,50,3,40,1730,5,0,35,1730,0.125,0.0,1.0,0.0,0.1467311382293701
ni_tfnbs,"e=0.3,h=6.0,n=30,start_thres=1.25",hub,0.25,50,3,40,1730,5,0,35,1730,0.125,0.0,1.0,0.0,0.1467311382293701
ni_tfnbs,"e=0.3,h=7.0,n=30,start_thres=1.25",hub,0.25,50,3,40,1730,5,0,35,1730,0.125,0.0,1.0,0.0,0.1467311382293701
ni_tfnbs,"e=0.3,h=8.0,n=30,start_thres=1.25",hub,0.25,50,3,40,1730,4,0,36,1730,0.1,0.0,1.0,0.0,0.1467311382293701
ni_tfnbs,"e=0.3,h=9.0,n=30,start_thres=1.25",hub,0.25,50,3,40,1730,4,0,36,1730,0.1,0.0,1.0,0.0,0.1467311382293701
ni_tfnbs,"e=0.3,h=10.0,n=30,start_thres=1.25",hub,0.25,50,3,40,1730,4,0,36,1730,0.1,0.0,1.0,0.0,0.1467311382293701
ni_tfnbs,"e=0.4,h=0.5,n=30,start_thres=1.25",hub,0.25,50,3,40,1730,8,0,32,1730,0.2,0.0,1.0,0.0,0.1467311382293701
ni_tfnbs,"e=0.4,h=1.0,n=30,start_thres=1.25",hub,0.25,50,3,40,1730,8,0,32,1730,0.2,0.0,1.0,0.0,0.1467311382293701
ni_tfnbs,"e=0.4,h=2.0,n=30,start_thres=1.25",hub,0.25,50,3,40,1730,8,0,32,1730,0.2,0.0,1.0,0.0,0.1467311382293701
ni_tfnbs,"e=0.4,h=3.0,n=30,start_thres=1.25",hub,0.25,50,3,40,1730,8,0,32,1730,0.2,0.0,1.0,0.0,0.1467311382293701
ni_tfnbs,"e=0.4,h=4.0,n=30,start_thres=1.25",hub,0.25,50,3,40,1730,6,0,34,1730,0.15,0.0,1.0,0.0,0.1467311382293701
ni_tfnbs,"e=0.4,h=5.0,n=30,start_thres=1.25",hub,0.25,50,3,40,1730,6,0,34,1730,0.15,0.0,1.0,0.0,0.1467311382293701
ni_tfnbs,"e=0.4,h=6.0,n=30,start_thres=1.25",hub,0.25,50,3,40,1730,6,0,34,1730,0.15,0.0,1.0,0.0,0.1467311382293701
ni_tfnbs,"e=0.4,h=7.0,n=30,start_thres=1.25",hub,0.25,50,3,40,1730,5,0,35,1730,0.125,0.0,1.0,0.0,0.1467311382293701
ni_tfnbs,"e=0.4,h=8.0,n=30,start_thres=1.25",hub,0.25,50,3,40,1730,5,0,35,1730,0.125,0.0,1.0,0.0,0.1467311382293701
ni_tfnbs,"e=0.4,h=9.0,n=30,start_thres=1.25",hub,0.25,50,3,40,1730,5,0,35,1730,0.125,0.0,1.0,0.0,0.1467311382293701
ni_tfnbs,"e=0.4,h=10.0,n=30,start_thres=1.25",hub,0.25,50,3,40,1730,5,0,35,1730,0.125,0.0,1.0,0.0,0.1467311382293701
ni_tfnbs,"e=0.5,h=0.5,n=30,start_thres=1.25",hub,0.25,50,3,40,1730,8,0,32,1730,0.2,0.0,1.0,0.0,0.1467311382293701
ni_tfnbs,"e=0.5,h=1.0,n=30,start_thres=1.25",hub,0.25,50,3,40,1730,8,0,32,1730,0.2,0.0,1.0,0.0,0.1467311382293701
ni_tfnbs,"e=0.5,h=2.0,n=30,start_thres=1.25",hub,0.25,50,3,40,1730,8,0,32,1730,0.2,0.0,1.0,0.0,0.1467311382293701
ni_tfnbs,"e=0.5,h=3.0,n=30,start_thres=1.25",hub,0.25,50,3,40,1730,8,0,32,1730,0.2,0.0,1.0,0.0,0.1467311382293701
ni_tfnbs,"e=0.5,h=4.0,n=30,start_thres=1.25",hub,0.25,50,3,40,1730,8,0,32,1730,0.2,0.0,1.0,0.0,0.1467311382293701
ni_tfnbs,"e=0.5,h=5.0,n=30,start_thres=1.25",hub,0.25,50,3,40,1730,8,0,32,1730,0.2,0.0,1.0,0.0,0.1467311382293701
ni_tfnbs,"e=0.5,h=6.0,n=30,start_thres=1.25",hub,0.25,50,3,40,1730,6,0,34,1730,0.15,0.0,1.0,0.0,0.1467311382293701
ni_tfnbs,"e=0.5,h=7.0,n=30,start_thres=1.25",hub,0.25,50,3,40,1730,6,0,34,1730,0.15,0.0,1.0,0.0,0.1467311382293701
ni_tfnbs,"e=0.5,h=8.0,n=30,start_thres=1.25",hub,0.25,50,3,40,1730,6,0,34,1730,0.15,0.0,1.0,0.0,0.1467311382293701
ni_tfnbs,"e=0.5,h=9.0,n=30,start_thres=1.25",hub,0.25,50,3,40,1730,5,0,35,1730,0.125,0.0,1.0,0.0,0.1467311382293701
ni_tfnbs,"e=0.5,h=10.0,n=30,start_thres=1.25",hub,0.25,50,3,40,1730,5,0,35,1730,0.125,0.0,1.0,0.0,0.1467311382293701
ni_tfnbs,"e=0.6,h=0.5,n=30,start_thres=1.25",hub,0.25,50,3,40,1730,9,0,31,1730,0.225,0.0,1.0,0.0,0.1467311382293701
ni_tfnbs,"e=0.6,h=1.0,n=30,start_thres=1.25",hub,0.25,50,3,40,1730,9,0,31,1730,0.225,0.0,1.0,0.0,0.1467311382293701
ni_tfnbs,"e=0.6,h=2.0,n=30,start_thres=1.25",hub,0.25,50,3,40,1730,9,0,31,1730,0.225,0.0,1.0,0.0,0.1467311382293701
ni_tfnbs,"e=0.6,h=3.0,n=30,start_thres=1.25",hub,0.25,50,3,40,1730,8,0,32,1730,0.2,0.0,1.0,0.0,0.1467311382293701
ni_tfnbs,"e=0.6,h=4.0,n=30,start_thres=1.25",hub,0.25,50,3,40,1730,8,0,32,1730,0.2,0.0,1.0,0.0,0.1467311382293701
ni_tfnbs,"e=0.6,h=5.0,n=30,start_thres=1.25",hub,0.25,50,3,40,1730,8,0,32,1730,0.2,0.0,1.0,0.0,0.1467311382293701
ni_tfnbs,"e=0.6,h=6.0,n=30,start_thres=1.25",hub,0.25,50,3,40,1730,8,0,32,1730,0.2,0.0,1.0,0.0,0.1467311382293701
ni_tfnbs,"e=0.6,h=7.0,n=30,start_thres=1.25",hub,0.25,50,3,40,1730,6,0,34,1730,0.15,0.0,1.0,0.0,0.1467311382293701
ni_tfnbs,"e=0.6,h=8.0,n=30,start_thres=1.25",hub,0.25,50,3,40,1730,6,0,34,1730,0.15,0.0,1.0,0.0,0.1467311382293701
ni_tfnbs,"e=0.6,h=9.0,n=30,start_thres=1.25",hub,0.25,50,3,40,1730,6,0,34,1730,0.15,0.0,1.0,0.0,0.1467311382293701
ni_tfnbs,"e=0.6,h=10.0,n=30,start_thres=1.25",hub,0.25,50,3,40,1730,6,0,34,1730,0.15,0.0,1.0,0.0,0.1467311382293701
ni_tfnbs,"e=0.7,h=0.5,n=30,start_thres=1.25",hub,0.25,50,3,40,1730,10,0,30,1730,0.25,0.0,1.0,0.0,0.1467311382293701
ni_tfnbs,"e=0.7,h=1.0,n=30,start_thres=1.25",hub,0.25,50,3,40,1730,10,0,30,1730,0.25,0.0,1.0,0.0,0.1467311382293701
ni_tfnbs,"e=0.7,h=2.0,n=30,start_thres=1.25",hub,0.25,50,3,40,1730,10,0,30,1730,0.25,0.0,1.0,0.0,0.1467311382293701
ni_tfnbs,"e=0.7,h=3.0,n=30,start_thres=1.25",hub,0.25,50,3,40,1730,8,0,32,1730,0.2,0.0,1.0,0.0,0.1467311382293701
ni_tfnbs,"e=0.7,h=4.0,n=30,start_thres=1.25",hub,0.25,50,3,40,1730,8,0,32,1730,0.2,0.0,1.0,0.0,0.1467311382293701
ni_tfnbs,"e=0.7,h=5.0,n=30,start_thres=1.25",hub,0.25,50,3,40,1730,8,0,32,1730,0.2,0.0,1.0,0.0,0.1467311382293701
ni_tfnbs,"e=0.7,h=6.0,n=30,start_thres=1.25",hub,0.25,50,3,40,1730,8,0,32,1730,0.2,0.0,1.0,0.0,0.1467311382293701
ni_tfnbs,"e=0.7,h=7.0,n=30,start_thres=1.25",hub,0.25,50,3,40,1730,8,0,32,1730,0.2,0.0,1.0,0.0,0.1467311382293701
ni_tfnbs,"e=0.7,h=8.0,n=30,start_thres=1.25",hub,0.25,50,3,40,1730,8,0,32,1730,0.2,0.0,1.0,0.0,0.1467311382293701
ni_tfnbs,"e=0.7,h=9.0,n=30,start_thres=1.25",hub,0.25,50,3,40,1730,6,0,34,1730,0.15,0.0,1.0,0.0,0.1467311382293701
ni_tfnbs,"e=0.7,h=10.0,n=30,start_thres=1.25",hub,0.25,50,3,40,1730,6,0,34,1730,0.15,0.0,1.0,0.0,0.1467311382293701
ni_tfnbs,"e=0.8,h=0.5,n=30,start_thres=1.25",hub,0.25,50,3,40,1730,13,1,27,1729,0.325,0.0005780346820809,0.9285714285714286,0.0714285714285714,0.1467311382293701
ni_tfnbs,"e=0.8,h=1.0,n=30,start_thres=1.25",hub,0.25,50,3,40,1730,13,1,27,1729,0.325,0.0005780346820809,0.9285714285714286,0.0714285714285714,0.1467311382293701
ni_tfnbs,"e=0.8,h=2.0,n=30,start_thres=1.25",hub,0.25,50,3,40,1730,15,1,25,1729,0.375,0.0005780346820809,0.9375,0.0625,0.1467311382293701
ni_tfnbs,"e=0.8,h=3.0,n=30,start_thres=1.25",hub,0.25,50,3,40,1730,10,0,30,1730,0.25,0.0,1.0,0.0,0.1467311382293701
ni_tfnbs,"e=0.8,h=4.0,n=30,start_thres=1.25",hub,0.25,50,3,40,1730,8,0,32,1730,0.2,0.0,1.0,0.0,0.1467311382293701
ni_tfnbs,"e=0.8,h=5.0,n=30,start_thres=1.25",hub,0.25,50,3,40,1730,8,0,32,1730,0.2,0.0,1.0,0.0,0.1467311382293701
ni_tfnbs,"e=0.8,h=6.0,n=30,start_thres=1.25",hub,0.25,50,3,40,1730,8,0,32,1730,0.2,0.0,1.0,0.0,0.1467311382293701
ni_tfnbs,"e=0.8,h=7.0,n=30,start_thres=1.25",hub,0.25,50,3,40,1730,8,0,32,1730,0.2,0.0,1.0,0.0,0.1467311382293701
ni_tfnbs,"e=0.8,h=8.0,n=30,start_thres=1.25",hub,0.25,50,3,40,1730,8,0,32,1730,0.2,0.0,1.0,0.0,0.1467311382293701
ni_tfnbs,"e=0.8,h=9.0,n=30,start_thres=1.25",hub,0.25,50,3,40,1730,8,0,32,1730,0.2,0.0,1.0,0.0,0.1467311382293701
ni_tfnbs,"e=0.8,h=10.0,n=30,start_thres=1.25",hub,0.25,50,3,40,1730,8,0,32,1730,0.2,0.0,1.0,0.0,0.1467311382293701
ni_tfnbs,"e=0.9,h=0.5,n=30,start_thres=1.25",hub,0.25,50,3,40,1730,12,1,28,1729,0.3,0.0005780346820809,0.9230769230769232,0.0769230769230769,0.1467311382293701
ni_tfnbs,"e=0.9,h=1.0,n=30,start_thres=1.25",hub,0.25,50,3,40,1730,14,1,26,1729,0.35,0.0005780346820809,0.9333333333333332,0.0666666666666666,0.1467311382293701
ni_tfnbs,"e=0.9,h=2.0,n=30,start_thres=1.25",hub,0.25,50,3,40,1730,15,1,25,1729,0.375,0.0005780346820809,0.9375,0.0625,0.1467311382293701
ni_tfnbs,"e=0.9,h=3.0,n=30,start_thres=1.25",hub,0.25,50,3,40,1730,11,0,29,1730,0.275,0.0,1.0,0.0,0.1467311382293701
ni_tfnbs,"e=0.9,h=4.0,n=30,start_thres=1.25",hub,0.25,50,3,40,1730,10,0,30,1730,0.25,0.0,1.0,0.0,0.1467311382293701
ni_tfnbs,"e=0.9,h=5.0,n=30,start_thres=1.25",hub,0.25,50,3,40,1730,8,0,32,1730,0.2,0.0,1.0,0.0,0.1467311382293701
ni_tfnbs,"e=0.9,h=6.0,n=30,start_thres=1.25",hub,0.25,50,3,40,1730,8,0,32,1730,0.2,0.0,1.0,0.0,0.1467311382293701
ni_tfnbs,"e=0.9,h=7.0,n=30,start_thres=1.25",hub,0.25,50,3,40,1730,8,0,32,1730,0.2,0.0,1.0,0.0,0.1467311382293701
ni_tfnbs,"e=0.9,h=8.0,n=30,start_thres=1.25",hub,0.25,50,3,40,1730,8,0,32,1730,0.2,0.0,1.0,0.0,0.1467311382293701
ni_tfnbs,"e=0.9,h=9.0,n=30,start_thres=1.25",hub,0.25,50,3,40,1730,8,0,32,1730,0.2,0.0,1.0,0.0,0.1467311382293701
ni_tfnbs,"e=0.9,h=10.0,n=30,start_thres=1.25",hub,0.25,50,3,40,1730,8,0,32,1730,0.2,0.0,1.0,0.0,0.1467311382293701
ni_tfnbs,"e=1.0,h=0.5,n=30,start_thres=1.25",hub,0.25,50,3,40,1730,11,1,29,1729,0.275,0.0005780346820809,0.9166666666666666,0.0833333333333333,0.1467311382293701
ni_tfnbs,"e=1.0,h=1.0,n=30,start_thres=1.25",hub,0.25,50,3,40,1730,13,1,27,1729,0.325,0.0005780346820809,0.9285714285714286,0.0714285714285714,0.1467311382293701
ni_tfnbs,"e=1.0,h=2.0,n=30,start_thres=1.25",hub,0.25,50,3,40,1730,14,1,26,1729,0.35,0.0005780346820809,0.9333333333333332,0.0666666666666666,0.1467311382293701
ni_tfnbs,"e=1.0,h=3.0,n=30,start_thres=1.25",hub,0.25,50,3,40,1730,15,1,25,1729,0.375,0.0005780346820809,0.9375,0.0625,0.1467311382293701
ni_tfnbs,"e=1.0,h=4.0,n=30,start_thres=1.25",hub,0.25,50,3,40,1730,11,0,29,1730,0.275,0.0,1.0,0.0,0.1467311382293701
ni_tfnbs,"e=1.0,h=5.0,n=30,start_thres=1.25",hub,0.25,50,3,40,1730,9,0,31,1730,0.225,0.0,1.0,0.0,0.1467311382293701
ni_tfnbs,"e=1.0,h=6.0,n=30,start_thres=1.25",hub,0.25,50,3,40,1730,9,0,31,1730,0.225,0.0,1.0,0.0,0.1467311382293701
ni_tfnbs,"e=1.0,h=7.0,n=30,start_thres=1.25",hub,0.25,50,3,40,1730,8,0,32,1730,0.2,0.0,1.0,0.0,0.1467311382293701
ni_tfnbs,"e=1.0,h=8.0,n=30,start_thres=1.25",hub,0.25,50,3,40,1730,8,0,32,1730,0.2,0.0,1.0,0.0,0.1467311382293701
ni_tfnbs,"e=1.0,h=9.0,n=30,start_thres=1.25",hub,0.25,50,3,40,1730,8,0,32,1730,0.2,0.0,1.0,0.0,0.1467311382293701
ni_tfnbs,"e=1.0,h=10.0,n=30,start_thres=1.25",hub,0.25,50,3,40,1730,8,0,32,1730,0.2,0.0,1.0,0.0,0.1467311382293701
ni_tfnbs,"e=1.1,h=0.5,n=30,start_thres=1.25",hub,0.25,50,3,40,1730,11,1,29,1729,0.275,0.0005780346820809,0.9166666666666666,0.0833333333333333,0.1467311382293701
ni_tfnbs,"e=1.1,h=1.0,n=30,start_thres=1.25",hub,0.25,50,3,40,1730,11,1,29,1729,0.275,0.0005780346820809,0.9166666666666666,0.0833333333333333,0.1467311382293701
ni_tfnbs,"e=1.1,h=2.0,n=30,start_thres=1.25",hub,0.25,50,3,40,1730,15,2,25,1728,0.375,0.0011560693641618,0.8823529411764706,0.1176470588235294,0.1467311382293701
ni_tfnbs,"e=1.1,h=3.0,n=30,start_thres=1.25",hub,0.25,50,3,40,1730,15,2,25,1728,0.375,0.0011560693641618,0.8823529411764706,0.1176470588235294,0.1467311382293701
ni_tfnbs,"e=1.1,h=4.0,n=30,start_thres=1.25",hub,0.25,50,3,40,1730,15,1,25,1729,0.375,0.0005780346820809,0.9375,0.0625,0.1467311382293701
ni_tfnbs,"e=1.1,h=5.0,n=30,start_thres=1.25",hub,0.25,50,3,40,1730,10,0,30,1730,0.25,0.0,1.0,0.0,0.1467311382293701
ni_tfnbs,"e=1.1,h=6.0,n=30,start_thres=1.25",hub,0.25,50,3,40,1730,9,0,31,1730,0.225,0.0,1.0,0.0,0.1467311382293701
ni_tfnbs,"e=1.1,h=7.0,n=30,start_thres=1.25",hub,0.25,50,3,40,1730,8,0,32,1730,0.2,0.0,1.0,0.0,0.1467311382293701
ni_tfnbs,"e=1.1,h=8.0,n=30,start_thres=1.25",hub,0.25,50,3,40,1730,8,0,32,1730,0.2,0.0,1.0,0.0,0.1467311382293701
ni_tfnbs,"e=1.1,h=9.0,n=30,start_thres=1.25",hub,0.25,50,3,40,1730,8,0,32,1730,0.2,0.0,1.0,0.0,0.1467311382293701
ni_tfnbs,"e=1.1,h=10.0,n=30,start_thres=1.25",hub,0.25,50,3,40,1730,8,0,32,1730,0.2,0.0,1.0,0.0,0.1467311382293701
ni_tfnbs,"e=1.2,h=0.5,n=30,start_thres=1.25",hub,0.25,50,3,40,1730,11,1,29,1729,0.275,0.0005780346820809,0.9166666666666666,0.0833333333333333,0.1467311382293701
ni_tfnbs,"e=1.2,h=1.0,n=30,start_thres=1.25",hub,0.25,50,3,40,1730,11,1,29,1729,0.275,0.0005780346820809,0.9166666666666666,0.0833333333333333,0.1467311382293701
ni_tfnbs,"e=1.2,h=2.0,n=30,start_thres=1.25",hub,0.25,50,3,40,1730,15,2,25,1728,0.375,0.0011560693641618,0.8823529411764706,0.1176470588235294,0.1467311382293701
ni_tfnbs,"e=1.2,h=3.0,n=30,start_thres=1.25",hub,0.25,50,3,40,1730,15,2,25,1728,0.375,0.0011560693641618,0.8823529411764706,0.1176470588235294,0.1467311382293701
ni_tfnbs,"e=1.2,h=4.0,n=30,start_thres=1.25",hub,0.25,50,3,40,1730,15,2,25,1728,0.375,0.0011560693641618,0.8823529411764706,0.1176470588235294,0.1467311382293701
ni_tfnbs,"e=1.2,h=5.0,n=30,start_thres=1.25",hub,0.25,50,3,40,1730,15,1,25,1729,0.375,0.0005780346820809,0.9375,0.0625,0.1467311382293701
ni_tfnbs,"e=1.2,h=6.0,n=30,start_thres=1.25",hub,0.25,50,3,40,1730,9,0,31,1730,0.225,0.0,1.0,0.0,0.1467311382293701
ni_tfnbs,"e=1.2,h=7.0,n=30,start_thres=1.25",hub,0.25,50,3,40,1730,9,0,31,1730,0.225,0.0,1.0,0.0,0.1467311382293701
ni_tfnbs,"e=1.2,h=8.0,n=30,start_thres=1.25",hub,0.25,50,3,40,1730,8,0,32,1730,0.2,0.0,1.0,0.0,0.1467311382293701
ni_tfnbs,"e=1.2,h=9.0,n=30,start_thres=1.25",hub,0.25,50,3,40,1730,8,0,32,1730,0.2,0.0,1.0,0.0,0.1467311382293701
ni_tfnbs,"e=1.2,h=10.0,n=30,start_thres=1.25",hub,0.25,50,3,40,1730,8,0,32,1730,0.2,0.0,1.0,0.0,0.1467311382293701
ni_tfnbs,"e=1.3,h=0.5,n=30,start_thres=1.25",hub,0.25,50,3,40,1730,11,1,29,1729,0.275,0.0005780346820809,0.9166666666666666,0.0833333333333333,0.1467311382293701
ni_tfnbs,"e=1.3,h=1.0,n=30,start_thres=1.25",hub,0.25,50,3,40,1730,11,1,29,1729,0.275,0.0005780346820809,0.9166666666666666,0.0833333333333333,0.1467311382293701
ni_tfnbs,"e=1.3,h=2.0,n=30,start_thres=1.25",hub,0.25,50,3,40,1730,15,2,25,1728,0.375,0.0011560693641618,0.8823529411764706,0.1176470588235294,0.1467311382293701
ni_tfnbs,"e=1.3,h=3.0,n=30,start_thres=1.25",hub,0.25,50,3,40,1730,15,2,25,1728,0.375,0.0011560693641618,0.8823529411764706,0.1176470588235294,0.1467311382293701
ni_tfnbs,"e=1.3,h=4.0,n=30,start_thres=1.25",hub,0.25,50,3,40,1730,16,2,24,1728,0.4,0.0011560693641618,0.8888888888888888,0.1111111111111111,0.1467311382293701
ni_tfnbs,"e=1.3,h=5.0,n=30,start_thres=1.25",hub,0.25,50,3,40,1730,15,2,25,1728,0.375,0.0011560693641618,0.8823529411764706,0.1176470588235294,0.1467311382293701
ni_tfnbs,"e=1.3,h=6.0,n=30,start_thres=1.25",hub,0.25,50,3,40,1730,14,1,26,1729,0.35,0.0005780346820809,0.9333333333333332,0.0666666666666666,0.1467311382293701
ni_tfnbs,"e=1.3,h=7.0,n=30,start_thres=1.25",hub,0.25,50,3,40,1730,9,0,31,1730,0.225,0.0,1.0,0.0,0.1467311382293701
ni_tfnbs,"e=1.3,h=8.0,n=30,start_thres=1.25",hub,0.25,50,3,40,1730,9,0,31,1730,0.225,0.0,1.0,0.0,0.1467311382293701
ni_tfnbs,"e=1.3,h=9.0,n=30,start_thres=1.25",hub,0.25,50,3,40,1730,8,0,32,1730,0.2,0.0,1.0,0.0,0.1467311382293701
ni_tfnbs,"e=1.3,h=10.0,n=30,start_thres=1.25",hub,0.25,50,3,40,1730,8,0,32,1730,0.2,0.0,1.0,0.0,0.1467311382293701
ni_tfnbs,"e=1.4,h=0.5,n=30,start_thres=1.25",hub,0.25,50,3,40,1730,8,0,32,1730,0.2,0.0,1.0,0.0,0.1467311382293701
ni_tfnbs,"e=1.4,h=1.0,n=30,start_thres=1.25",hub,0.25,50,3,40,1730,11,1,29,1729,0.275,0.0005780346820809,0.9166666666666666,0.0833333333333333,0.1467311382293701
ni_tfnbs,"e=1.4,h=2.0,n=30,start_thres=1.25",hub,0.25,50,3,40,1730,13,2,27,1728,0.325,0.0011560693641618,0.8666666666666667,0.1333333333333333,0.1467311382293701
ni_tfnbs,"e=1.4,h=3.0,n=30,start_thres=1.25",hub,0.25,50,3,40,1730,15,2,25,1728,0.375,0.0011560693641618,0.8823529411764706,0.1176470588235294,0.1467311382293701
ni_tfnbs,"e=1.4,h=4.0,n=30,start_thres=1.25",hub,0.25,50,3,40,1730,18,2,22,1728,0.45,0.0011560693641618,0.9,0.1,0.1467311382293701
ni_tfnbs,"e=1.4,h=5.0,n=30,start_thres=1.25",hub,0.25,50,3,40,1730,16,2,24,1728,0.4,0.0011560693641618,0.8888888888888888,0.1111111111111111,0.1467311382293701
ni_tfnbs,"e=1.4,h=6.0,n=30,start_thres=1.25",hub,0.25,50,3,40,1730,15,2,25,1728,0.375,0.0011560693641618,0.8823529411764706,0.1176470588235294,0.1467311382293701
ni_tfnbs,"e=1.4,h=7.0,n=30,start_thres=1.25",hub,0.25,50,3,40,1730,10,0,30,1730,0.25,0.0,1.0,0.0,0.1467311382293701
ni_tfnbs,"e=1.4,h=8.0,n=30,start_thres=1.25",hub,0.25,50,3,40,1730,9,0,31,1730,0.225,0.0,1.0,0.0,0.1467311382293701
ni_tfnbs,"e=1.4,h=9.0,n=30,start_thres=1.25",hub,0.25,50,3,40,1730,8,0,32,1730,0.2,0.0,1.0,0.0,0.1467311382293701
ni_tfnbs,"e=1.4,h=10.0,n=30,start_thres=1.25",hub,0.25,50,3,40,1730,8,0,32,1730,0.2,0.0,1.0,0.0,0.1467311382293701
ni_tfnbs,"e=1.5,h=0.5,n=30,start_thres=1.25",hub,0.25,50,3,40,1730,7,0,33,1730,0.175,0.0,1.0,0.0,0.1467311382293701
ni_tfnbs,"e=1.5,h=1.0,n=30,start_thres=1.25",hub,0.25,50,3,40,1730,11,1,29,1729,0.275,0.0005780346820809,0.9166666666666666,0.0833333333333333,0.1467311382293701
ni_tfnbs,"e=1.5,h=2.0,n=30,start_thres=1.25",hub,0.25,50,3,40,1730,12,2,28,1728,0.3,0.0011560693641618,0.8571428571428571,0.1428571428571428,0.1467311382293701
ni_tfnbs,"e=1.5,h=3.0,n=30,start_thres=1.25",hub,0.25,50,3,40,1730,15,2,25,1728,0.375,0.0011560693641618,0.8823529411764706,0.1176470588235294,0.1467311382293701
ni_tfnbs,"e=1.5,h=4.0,n=30,start_thres=1.25",hub,0.25,50,3,40,1730,18,2,22,1728,0.45,0.0011560693641618,0.9,0.1,0.1467311382293701
ni_tfnbs,"e=1.5,h=5.0,n=30,start_thres=1.25",hub,0.25,50,3,40,1730,16,2,24,1728,0.4,0.0011560693641618,0.8888888888888888,0.1111111111111111,0.1467311382293701
ni_tfnbs,"e=1.5,h=6.0,n=30,start_thres=1.25",hub,0.25,50,3,40,1730,15,2,25,1728,0.375,0.0011560693641618,0.8823529411764706,0.1176470588235294,0.1467311382293701
ni_tfnbs,"e=1.5,h=7.0,n=30,start_thres=1.25",hub,0.25,50,3,40,1730,15,2,25,1728,0.375,0.0011560693641618,0.8823529411764706,0.1176470588235294,0.1467311382293701
ni_tfnbs,"e=1.5,h=8.0,n=30,start_thres=1.25",hub,0.25,50,3,40,1730,9,0,31,1730,0.225,0.0,1.0,0.0,0.1467311382293701
ni_tfnbs,"e=1.5,h=9.0,n=30,start_thres=1.25",hub,0.25,50,3,40,1730,9,0,31,1730,0.225,0.0,1.0,0.0,0.1467311382293701
ni_tfnbs,"e=1.5,h=10.0,n=30,start_thres=1.25",hub,0.25,50,3,40,1730,8,0,32,1730,0.2,0.0,1.0,0.0,0.1467311382293701
ni_tfnbs,"e=0.05,h=0.5,n=30,start_thres=1.25",hub,0.25,50,4,40,1730,13,0,27,1730,0.325,0.0,1.0,0.0,0.1458180275830355
ni_tfnbs,"e=0.05,h=1.0,n=30,start_thres=1.25",hub,0.25,50,4,40,1730,13,0,27,1730,0.325,0.0,1.0,0.0,0.1458180275830355
ni_tfnbs,"e=0.05,h=2.0,n=30,start_thres=1.25",hub,0.25,50,4,40,1730,12,0,28,1730,0.3,0.0,1.0,0.0,0.1458180275830355
ni_tfnbs,"e=0.05,h=3.0,n=30,start_thres=1.25",hub,0.25,50,4,40,1730,11,0,29,1730,0.275,0.0,1.0,0.0,0.1458180275830355
ni_tfnbs,"e=0.05,h=4.0,n=30,start_thres=1.25",hub,0.25,50,4,40,1730,11,0,29,1730,0.275,0.0,1.0,0.0,0.1458180275830355
ni_tfnbs,"e=0.05,h=5.0,n=30,start_thres=1.25",hub,0.25,50,4,40,1730,11,0,29,1730,0.275,0.0,1.0,0.0,0.1458180275830355
ni_tfnbs,"e=0.05,h=6.0,n=30,start_thres=1.25",hub,0.25,50,4,40,1730,11,0,29,1730,0.275,0.0,1.0,0.0,0.1458180275830355
ni_tfnbs,"e=0.05,h=7.0,n=30,start_thres=1.25",hub,0.25,50,4,40,1730,10,0,30,1730,0.25,0.0,1.0,0.0,0.1458180275830355
ni_tfnbs,"e=0.05,h=8.0,n=30,start_thres=1.25",hub,0.25,50,4,40,1730,10,0,30,1730,0.25,0.0,1.0,0.0,0.1458180275830355
ni_tfnbs,"e=0.05,h=9.0,n=30,start_thres=1.25",hub,0.25,50,4,40,1730,10,0,30,1730,0.25,0.0,1.0,0.0,0.1458180275830355
ni_tfnbs,"e=0.05,h=10.0,n=30,start_thres=1.25",hub,0.25,50,4,40,1730,10,0,30,1730,0.25,0.0,1.0,0.0,0.1458180275830355
ni_tfnbs,"e=0.1,h=0.5,n=30,start_thres=1.25",hub,0.25,50,4,40,1730,13,0,27,1730,0.325,0.0,1.0,0.0,0.1458180275830355
ni_tfnbs,"e=0.1,h=1.0,n=30,start_thres=1.25",hub,0.25,50,4,40,1730,13,0,27,1730,0.325,0.0,1.0,0.0,0.1458180275830355
ni_tfnbs,"e=0.1,h=2.0,n=30,start_thres=1.25",hub,0.25,50,4,40,1730,13,0,27,1730,0.325,0.0,1.0,0.0,0.1458180275830355
ni_tfnbs,"e=0.1,h=3.0,n=30,start_thres=1.25",hub,0.25,50,4,40,1730,13,0,27,1730,0.325,0.0,1.0,0.0,0.1458180275830355
ni_tfnbs,"e=0.1,h=4.0,n=30,start_thres=1.25",hub,0.25,50,4,40,1730,13,0,27,1730,0.325,0.0,1.0,0.0,0.1458180275830355
ni_tfnbs,"e=0.1,h=5.0,n=30,start_thres=1.25",hub,0.25,50,4,40,1730,13,0,27,1730,0.325,0.0,1.0,0.0,0.1458180275830355
ni_tfnbs,"e=0.1,h=6.0,n=30,start_thres=1.25",hub,0.25,50,4,40,1730,13,0,27,1730,0.325,0.0,1.0,0.0,0.1458180275830355
ni_tfnbs,"e=0.1,h=7.0,n=30,start_thres=1.25",hub,0.25,50,4,40,1730,13,0,27,1730,0.325,0.0,1.0,0.0,0.1458180275830355
ni_tfnbs,"e=0.1,h=8.0,n=30,start_thres=1.25",hub,0.25,50,4,40,1730,12,0,28,1730,0.3,0.0,1.0,0.0,0.1458180275830355
ni_tfnbs,"e=0.1,h=9.0,n=30,start_thres=1.25",hub,0.25,50,4,40,1730,12,0,28,1730,0.3,0.0,1.0,0.0,0.1458180275830355
ni_tfnbs,"e=0.1,h=10.0,n=30,start_thres=1.25",hub,0.25,50,4,40,1730,11,0,29,1730,0.275,0.0,1.0,0.0,0.1458180275830355
ni_tfnbs,"e=0.2,h=0.5,n=30,start_thres=1.25",hub,0.25,50,4,40,1730,16,0,24,1730,0.4,0.0,1.0,0.0,0.1458180275830355
ni_tfnbs,"e=0.2,h=1.0,n=30,start_thres=1.25",hub,0.25,50,4,40,1730,16,0,24,1730,0.4,0.0,1.0,0.0,0.1458180275830355
ni_tfnbs,"e=0.2,h=2.0,n=30,start_thres=1.25",hub,0.25,50,4,40,1730,14,0,26,1730,0.35,0.0,1.0,0.0,0.1458180275830355
ni_tfnbs,"e=0.2,h=3.0,n=30,start_thres=1.25",hub,0.25,50,4,40,1730,14,0,26,1730,0.35,0.0,1.0,0.0,0.1458180275830355
ni_tfnbs,"e=0.2,h=4.0,n=30,start_thres=1.25",hub,0.25,50,4,40,1730,14,0,26,1730,0.35,0.0,1.0,0.0,0.1458180275830355
ni_tfnbs,"e=0.2,h=5.0,n=30,start_thres=1.25",hub,0.25,50,4,40,1730,13,0,27,1730,0.325,0.0,1.0,0.0,0.1458180275830355
ni_tfnbs,"e=0.2,h=6.0,n=30,start_thres=1.25",hub,0.25,50,4,40,1730,13,0,27,1730,0.325,0.0,1.0,0.0,0.1458180275830355
ni_tfnbs,"e=0.2,h=7.0,n=30,start_thres=1.25",hub,0.25,50,4,40,1730,13,0,27,1730,0.325,0.0,1.0,0.0,0.1458180275830355
ni_tfnbs,"e=0.2,h=8.0,n=30,start_thres=1.25",hub,0.25,50,4,40,1730,13,0,27,1730,0.325,0.0,1.0,0.0,0.1458180275830355
ni_tfnbs,"e=0.2,h=9.0,n=30,start_thres=1.25",hub,0.25,50,4,40,1730,13,0,27,1730,0.325,0.0,1.0,0.0,0.1458180275830355
ni_tfnbs,"e=0.2,h=10.0,n=30,start_thres=1.25",hub,0.25,50,4,40,1730,13,0,27,1730,0.325,0.0,1.0,0.0,0.1458180275830355
ni_tfnbs,"e=0.3,h=0.5,n=30,start_thres=1.25",hub,0.25,50,4,40,1730,18,0,22,1730,0.45,0.0,1.0,0.0,0.1458180275830355
ni_tfnbs,"e=0.3,h=1.0,n=30,start_thres=1.25",hub,0.25,50,4,40,1730,18,0,22,1730,0.45,0.0,1.0,0.0,0.1458180275830355
ni_tfnbs,"e=0.3,h=2.0,n=30,start_thres=1.25",hub,0.25,50,4,40,1730,18,0,22,1730,0.45,0.0,1.0,0.0,0.1458180275830355
ni_tfnbs,"e=0.3,h=3.0,n=30,start_thres=1.25",hub,0.25,50,4,40,1730,16,0,24,1730,0.4,0.0,1.0,0.0,0.1458180275830355
ni_tfnbs,"e=0.3,h=4.0,n=30,start_thres=1.25",hub,0.25,50,4,40,1730,16,0,24,1730,0.4,0.0,1.0,0.0,0.1458180275830355
ni_tfnbs,"e=0.3,h=5.0,n=30,start_thres=1.25",hub,0.25,50,4,40,1730,14,0,26,1730,0.35,0.0,1.0,0.0,0.1458180275830355
ni_tfnbs,"e=0.3,h=6.0,n=30,start_thres=1.25",hub,0.25,50,4,40,1730,14,0,26,1730,0.35,0.0,1.0,0.0,0.1458180275830355
ni_tfnbs,"e=0.3,h=7.0,n=30,start_thres=1.25",hub,0.25,50,4,40,1730,14,0,26,1730,0.35,0.0,1.0,0.0,0.1458180275830355
ni_tfnbs,"e=0.3,h=8.0,n=30,start_thres=1.25",hub,0.25,50,4,40,1730,13,0,27,1730,0.325,0.0,1.0,0.0,0.1458180275830355
ni_tfnbs,"e=0.3,h=9.0,n=30,start_thres=1.25",hub,0.25,50,4,40,1730,13,0,27,1730,0.325,0.0,1.0,0.0,0.1458180275830355
ni_tfnbs,"e=0.3,h=10.0,n=30,start_thres=1.25",hub,0.25,50,4,40,1730,13,0,27,1730,0.325,0.0,1.0,0.0,0.1458180275830355
ni_tfnbs,"e=0.4,h=0.5,n=30,start_thres=1.25",hub,0.25,50,4,40,1730,19,0,21,1730,0.475,0.0,1.0,0.0,0.1458180275830355
ni_tfnbs,"e=0.4,h=1.0,n=30,start_thres=1.25",hub,0.25,50,4,40,1730,19,0,21,1730,0.475,0.0,1.0,0.0,0.1458180275830355
ni_tfnbs,"e=0.4,h=2.0,n=30,start_thres=1.25",hub,0.25,50,4,40,1730,18,0,22,1730,0.45,0.0,1.0,0.0,0.1458180275830355
ni_tfnbs,"e=0.4,h=3.0,n=30,start_thres=1.25",hub,0.25,50,4,40,1730,18,0,22,1730,0.45,0.0,1.0,0.0,0.1458180275830355
ni_tfnbs,"e=0.4,h=4.0,n=30,start_thres=1.25",hub,0.25,50,4,40,1730,18,0,22,1730,0.45,0.0,1.0,0.0,0.1458180275830355
ni_tfnbs,"e=0.4,h=5.0,n=30,start_thres=1.25",hub,0.25,50,4,40,1730,16,0,24,1730,0.4,0.0,1.0,0.0,0.1458180275830355
ni_tfnbs,"e=0.4,h=6.0,n=30,start_thres=1.25",hub,0.25,50,4,40,1730,16,0,24,1730,0.4,0.0,1.0,0.0,0.1458180275830355
ni_tfnbs,"e=0.4,h=7.0,n=30,start_thres=1.25",hub,0.25,50,4,40,1730,16,0,24,1730,0.4,0.0,1.0,0.0,0.1458180275830355
ni_tfnbs,"e=0.4,h=8.0,n=30,start_thres=1.25",hub,0.25,50,4,40,1730,14,0,26,1730,0.35,0.0,1.0,0.0,0.1458180275830355
ni_tfnbs,"e=0.4,h=9.0,n=30,start_thres=1.25",hub,0.25,50,4,40,1730,14,0,26,1730,0.35,0.0,1.0,0.0,0.1458180275830355
ni_tfnbs,"e=0.4,h=10.0,n=30,start_thres=1.25",hub,0.25,50,4,40,1730,14,0,26,1730,0.35,0.0,1.0,0.0,0.1458180275830355
ni_tfnbs,"e=0.5,h=0.5,n=30,start_thres=1.25",hub,0.25,50,4,40,1730,19,0,21,1730,0.475,0.0,1.0,0.0,0.1458180275830355
ni_tfnbs,"e=0.5,h=1.0,n=30,start_thres=1.25",hub,0.25,50,4,40,1730,19,0,21,1730,0.475,0.0,1.0,0.0,0.1458180275830355
ni_tfnbs,"e=0.5,h=2.0,n=30,start_thres=1.25",hub,0.25,50,4,40,1730,19,0,21,1730,0.475,0.0,1.0,0.0,0.1458180275830355
ni_tfnbs,"e=0.5,h=3.0,n=30,start_thres=1.25",hub,0.25,50,4,40,1730,19,0,21,1730,0.475,0.0,1.0,0.0,0.1458180275830355
ni_tfnbs,"e=0.5,h=4.0,n=30,start_thres=1.25",hub,0.25,50,4,40,1730,18,0,22,1730,0.45,0.0,1.0,0.0,0.1458180275830355
ni_tfnbs,"e=0.5,h=5.0,n=30,start_thres=1.25",hub,0.25,50,4,40,1730,18,0,22,1730,0.45,0.0,1.0,0.0,0.1458180275830355
ni_tfnbs,"e=0.5,h=6.0,n=30,start_thres=1.25",hub,0.25,50,4,40,1730,18,0,22,1730,0.45,0.0,1.0,0.0,0.1458180275830355
ni_tfnbs,"e=0.5,h=7.0,n=30,start_thres=1.25",hub,0.25,50,4,40,1730,16,0,24,1730,0.4,0.0,1.0,0.0,0.1458180275830355
ni_tfnbs,"e=0.5,h=8.0,n=30,start_thres=1.25",hub,0.25,50,4,40,1730,16,0,24,1730,0.4,0.0,1.0,0.0,0.1458180275830355
ni_tfnbs,"e=0.5,h=9.0,n=30,start_thres=1.25",hub,0.25,50,4,40,1730,16,0,24,1730,0.4,0.0,1.0,0.0,0.1458180275830355
ni_tfnbs,"e=0.5,h=10.0,n=30,start_thres=1.25",hub,0.25,50,4,40,1730,14,0,26,1730,0.35,0.0,1.0,0.0,0.1458180275830355
ni_tfnbs,"e=0.6,h=0.5,n=30,start_thres=1.25",hub,0.25,50,4,40,1730,19,0,21,1730,0.475,0.0,1.0,0.0,0.1458180275830355
ni_tfnbs,"e=0.6,h=1.0,n=30,start_thres=1.25",hub,0.25,50,4,40,1730,20,0,20,1730,0.5,0.0,1.0,0.0,0.1458180275830355
ni_tfnbs,"e=0.6,h=2.0,n=30,start_thres=1.25",hub,0.25,50,4,40,1730,19,0,21,1730,0.475,0.0,1.0,0.0,0.1458180275830355
ni_tfnbs,"e=0.6,h=3.0,n=30,start_thres=1.25",hub,0.25,50,4,40,1730,19,0,21,1730,0.475,0.0,1.0,0.0,0.1458180275830355
ni_tfnbs,"e=0.6,h=4.0,n=30,start_thres=1.25",hub,0.25,50,4,40,1730,19,0,21,1730,0.475,0.0,1.0,0.0,0.1458180275830355
ni_tfnbs,"e=0.6,h=5.0,n=30,start_thres=1.25",hub,0.25,50,4,40,1730,18,0,22,1730,0.45,0.0,1.0,0.0,0.1458180275830355
ni_tfnbs,"e=0.6,h=6.0,n=30,start_thres=1.25",hub,0.25,50,4,40,1730,18,0,22,1730,0.45,0.0,1.0,0.0,0.1458180275830355
ni_tfnbs,"e=0.6,h=7.0,n=30,start_thres=1.25",hub,0.25,50,4,40,1730,18,0,22,1730,0.45,0.0,1.0,0.0,0.1458180275830355
ni_tfnbs,"e=0.6,h=8.0,n=30,start_thres=1.25",hub,0.25,50,4,40,1730,18,0,22,1730,0.45,0.0,1.0,0.0,0.1458180275830355
ni_tfnbs,"e=0.6,h=9.0,n=30,start_thres=1.25",hub,0.25,50,4,40,1730,16,0,24,1730,0.4,0.0,1.0,0.0,0.1458180275830355
ni_tfnbs,"e=0.6,h=10.0,n=30,start_thres=1.25",hub,0.25,50,4,40,1730,16,0,24,1730,0.4,0.0,1.0,0.0,0.1458180275830355
ni_tfnbs,"e=0.7,h=0.5,n=30,start_thres=1.25",hub,0.25,50,4,40,1730,20,0,20,1730,0.5,0.0,1.0,0.0,0.1458180275830355
ni_tfnbs,"e=0.7,h=1.0,n=30,start_thres=1.25",hub,0.25,50,4,40,1730,20,0,20,1730,0.5,0.0,1.0,0.0,0.1458180275830355
ni_tfnbs,"e=0.7,h=2.0,n=30,start_thres=1.25",hub,0.25,50,4,40,1730,20,0,20,1730,0.5,0.0,1.0,0.0,0.1458180275830355
ni_tfnbs,"e=0.7,h=3.0,n=30,start_thres=1.25",hub,0.25,50,4,40,1730,19,0,21,1730,0.475,0.0,1.0,0.0,0.1458180275830355
ni_tfnbs,"e=0.7,h=4.0,n=30,start_thres=1.25",hub,0.25,50,4,40,1730,19,0,21,1730,0.475,0.0,1.0,0.0,0.1458180275830355
ni_tfnbs,"e=0.7,h=5.0,n=30,start_thres=1.25",hub,0.25,50,4,40,1730,19,0,21,1730,0.475,0.0,1.0,0.0,0.1458180275830355
ni_tfnbs,"e=0.7,h=6.0,n=30,start_thres=1.25",hub,0.25,50,4,40,1730,19,0,21,1730,0.475,0.0,1.0,0.0,0.1458180275830355
ni_tfnbs,"e=0.7,h=7.0,n=30,start_thres=1.25",hub,0.25,50,4,40,1730,18,0,22,1730,0.45,0.0,1.0,0.0,0.1458180275830355
ni_tfnbs,"e=0.7,h=8.0,n=30,start_thres=1.25",hub,0.25,50,4,40,1730,18,0,22,1730,0.45,0.0,1.0,0.0,0.1458180275830355
ni_tfnbs,"e=0.7,h=9.0,n=30,start_thres=1.25",hub,0.25,50,4,40,1730,18,0,22,1730,0.45,0.0,1.0,0.0,0.1458180275830355
ni_tfnbs,"e=0.7,h=10.0,n=30,start_thres=1.25",hub,0.25,50,4,40,1730,18,0,22,1730,0.45,0.0,1.0,0.0,0.1458180275830355
ni_tfnbs,"e=0.8,h=0.5,n=30,start_thres=1.25",hub,0.25,50,4,40,1730,20,0,20,1730,0.5,0.0,1.0,0.0,0.1458180275830355
ni_tfnbs,"e=0.8,h=1.0,n=30,start_thres=1.25",hub,0.25,50,4,40,1730,20,0,20,1730,0.5,0.0,1.0,0.0,0.1458180275830355
ni_tfnbs,"e=0.8,h=2.0,n=30,start_thres=1.25",hub,0.25,50,4,40,1730,20,0,20,1730,0.5,0.0,1.0,0.0,0.1458180275830355
ni_tfnbs,"e=0.8,h=3.0,n=30,start_thres=1.25",hub,0.25,50,4,40,1730,20,0,20,1730,0.5,0.0,1.0,0.0,0.1458180275830355
ni_tfnbs,"e=0.8,h=4.0,n=30,start_thres=1.25",hub,0.25,50,4,40,1730,20,0,20,1730,0.5,0.0,1.0,0.0,0.1458180275830355
ni_tfnbs,"e=0.8,h=5.0,n=30,start_thres=1.25",hub,0.25,50,4,40,1730,19,0,21,1730,0.475,0.0,1.0,0.0,0.1458180275830355
ni_tfnbs,"e=0.8,h=6.0,n=30,start_thres=1.25",hub,0.25,50,4,40,1730,19,0,21,1730,0.475,0.0,1.0,0.0,0.1458180275830355
ni_tfnbs,"e=0.8,h=7.0,n=30,start_thres=1.25",hub,0.25,50,4,40,1730,19,0,21,1730,0.475,0.0,1.0,0.0,0.1458180275830355
ni_tfnbs,"e=0.8,h=8.0,n=30,start_thres=1.25",hub,0.25,50,4,40,1730,18,0,22,1730,0.45,0.0,1.0,0.0,0.1458180275830355
ni_tfnbs,"e=0.8,h=9.0,n=30,start_thres=1.25",hub,0.25,50,4,40,1730,18,0,22,1730,0.45,0.0,1.0,0.0,0.1458180275830355
ni_tfnbs,"e=0.8,h=10.0,n=30,start_thres=1.25",hub,0.25,50,4,40,1730,18,0,22,1730,0.45,0.0,1.0,0.0,0.1458180275830355
ni_tfnbs,"e=0.9,h=0.5,n=30,start_thres=1.25",hub,0.25,50,4,40,1730,19,0,21,1730,0.475,0.0,1.0,0.0,0.1458180275830355
ni_tfnbs,"e=0.9,h=1.0,n=30,start_thres=1.25",hub,0.25,50,4,40,1730,20,0,20,1730,0.5,0.0,1.0,0.0,0.1458180275830355
ni_tfnbs,"e=0.9,h=2.0,n=30,start_thres=1.25",hub,0.25,50,4,40,1730,20,0,20,1730,0.5,0.0,1.0,0.0,0.1458180275830355
ni_tfnbs,"e=0.9,h=3.0,n=30,start_thres=1.25",hub,0.25,50,4,40,1730,20,0,20,1730,0.5,0.0,1.0,0.0,0.1458180275830355
ni_tfnbs,"e=0.9,h=4.0,n=30,start_thres=1.25",hub,0.25,50,4,40,1730,20,0,20,1730,0.5,0.0,1.0,0.0,0.1458180275830355
ni_tfnbs,"e=0.9,h=5.0,n=30,start_thres=1.25",hub,0.25,50,4,40,1730,20,0,20,1730,0.5,0.0,1.0,0.0,0.1458180275830355
ni_tfnbs,"e=0.9,h=6.0,n=30,start_thres=1.25",hub,0.25,50,4,40,1730,19,0,21,1730,0.475,0.0,1.0,0.0,0.1458180275830355
ni_tfnbs,"e=0.9,h=7.0,n=30,start_thres=1.25",hub,0.25,50,4,40,1730,19,0,21,1730,0.475,0.0,1.0,0.0,0.1458180275830355
ni_tfnbs,"e=0.9,h=8.0,n=30,start_thres=1.25",hub,0.25,50,4,40,1730,19,0,21,1730,0.475,0.0,1.0,0.0,0.1458180275830355
ni_tfnbs,"e=0.9,h=9.0,n=30,start_thres=1.25",hub,0.25,50,4,40,1730,19,0,21,1730,0.475,0.0,1.0,0.0,0.1458180275830355
ni_tfnbs,"e=0.9,h=10.0,n=30,start_thres=1.25",hub,0.25,50,4,40,1730,18,0,22,1730,0.45,0.0,1.0,0.0,0.1458180275830355
ni_tfnbs,"e=1.0,h=0.5,n=30,start_thres=1.25",hub,0.25,50,4,40,1730,19,0,21,1730,0.475,0.0,1.0,0.0,0.1458180275830355
ni_tfnbs,"e=1.0,h=1.0,n=30,start_thres=1.25",hub,0.25,50,4,40,1730,20,0,20,1730,0.5,0.0,1.0,0.0,0.1458180275830355
ni_tfnbs,"e=1.0,h=2.0,n=30,start_thres=1.25",hub,0.25,50,4,40,1730,20,0,20,1730,0.5,0.0,1.0,0.0,0.1458180275830355
ni_tfnbs,"e=1.0,h=3.0,n=30,start_thres=1.25",hub,0.25,50,4,40,1730,20,0,20,1730,0.5,0.0,1.0,0.0,0.1458180275830355
ni_tfnbs,"e=1.0,h=4.0,n=30,start_thres=1.25",hub,0.25,50,4,40,1730,20,0,20,1730,0.5,0.0,1.0,0.0,0.1458180275830355
ni_tfnbs,"e=1.0,h=5.0,n=30,start_thres=1.25",hub,0.25,50,4,40,1730,20,0,20,1730,0.5,0.0,1.0,0.0,0.1458180275830355
ni_tfnbs,"e=1.0,h=6.0,n=30,start_thres=1.25",hub,0.25,50,4,40,1730,20,0,20,1730,0.5,0.0,1.0,0.0,0.1458180275830355
ni_tfnbs,"e=1.0,h=7.0,n=30,start_thres=1.25",hub,0.25,50,4,40,1730,19,0,21,1730,0.475,0.0,1.0,0.0,0.1458180275830355
ni_tfnbs,"e=1.0,h=8.0,n=30,start_thres=1.25",hub,0.25,50,4,40,1730,19,0,21,1730,0.475,0.0,1.0,0.0,0.1458180275830355
ni_tfnbs,"e=1.0,h=9.0,n=30,start_thres=1.25",hub,0.25,50,4,40,1730,19,0,21,1730,0.475,0.0,1.0,0.0,0.1458180275830355
ni_tfnbs,"e=1.0,h=10.0,n=30,start_thres=1.25",hub,0.25,50,4,40,1730,19,0,21,1730,0.475,0.0,1.0,0.0,0.1458180275830355
ni_tfnbs,"e=1.1,h=0.5,n=30,start_thres=1.25",hub,0.25,50,4,40,1730,18,0,22,1730,0.45,0.0,1.0,0.0,0.1458180275830355
ni_tfnbs,"e=1.1,h=1.0,n=30,start_thres=1.25",hub,0.25,50,4,40,1730,19,0,21,1730,0.475,0.0,1.0,0.0,0.1458180275830355
ni_tfnbs,"e=1.1,h=2.0,n=30,start_thres=1.25",hub,0.25,50,4,40,1730,20,0,20,1730,0.5,0.0,1.0,0.0,0.1458180275830355
ni_tfnbs,"e=1.1,h=3.0,n=30,start_thres=1.25",hub,0.25,50,4,40,1730,20,0,20,1730,0.5,0.0,1.0,0.0,0.1458180275830355
ni_tfnbs,"e=1.1,h=4.0,n=30,start_thres=1.25",hub,0.25,50,4,40,1730,20,0,20,1730,0.5,0.0,1.0,0.0,0.1458180275830355
ni_tfnbs,"e=1.1,h=5.0,n=30,start_thres=1.25",hub,0.25,50,4,40,1730,20,0,20,1730,0.5,0.0,1.0,0.0,0.1458180275830355
ni_tfnbs,"e=1.1,h=6.0,n=30,start_thres=1.25",hub,0.25,50,4,40,1730,20,0,20,1730,0.5,0.0,1.0,0.0,0.1458180275830355
ni_tfnbs,"e=1.1,h=7.0,n=30,start_thres=1.25",hub,0.25,50,4,40,1730,20,0,20,1730,0.5,0.0,1.0,0.0,0.1458180275830355
ni_tfnbs,"e=1.1,h=8.0,n=30,start_thres=1.25",hub,0.25,50,4,40,1730,19,0,21,1730,0.475,0.0,1.0,0.0,0.1458180275830355
ni_tfnbs,"e=1.1,h=9.0,n=30,start_thres=1.25",hub,0.25,50,4,40,1730,19,0,21,1730,0.475,0.0,1.0,0.0,0.1458180275830355
ni_tfnbs,"e=1.1,h=10.0,n=30,start_thres=1.25",hub,0.25,50,4,40,1730,19,0,21,1730,0.475,0.0,1.0,0.0,0.1458180275830355
ni_tfnbs,"e=1.2,h=0.5,n=30,start_thres=1.25",hub,0.25,50,4,40,1730,18,0,22,1730,0.45,0.0,1.0,0.0,0.1458180275830355
ni_tfnbs,"e=1.2,h=1.0,n=30,start_thres=1.25",hub,0.25,50,4,40,1730,19,0,21,1730,0.475,0.0,1.0,0.0,0.1458180275830355
ni_tfnbs,"e=1.2,h=2.0,n=30,start_thres=1.25",hub,0.25,50,4,40,1730,20,0,20,1730,0.5,0.0,1.0,0.0,0.1458180275830355
ni_tfnbs,"e=1.2,h=3.0,n=30,start_thres=1.25",hub,0.25,50,4,40,1730,20,0,20,1730,0.5,0.0,1.0,0.0,0.1458180275830355
ni_tfnbs,"e=1.2,h=4.0,n=30,start_thres=1.25",hub,0.25,50,4,40,1730,20,0,20,1730,0.5,0.0,1.0,0.0,0.1458180275830355
ni_tfnbs,"e=1.2,h=5.0,n=30,start_thres=1.25",hub,0.25,50,4,40,1730,20,0,20,1730,0.5,0.0,1.0,0.0,0.1458180275830355
ni_tfnbs,"e=1.2,h=6.0,n=30,start_thres=1.25",hub,0.25,50,4,40,1730,20,0,20,1730,0.5,0.0,1.0,0.0,0.1458180275830355
ni_tfnbs,"e=1.2,h=7.0,n=30,start_thres=1.25",hub,0.25,50,4,40,1730,20,0,20,1730,0.5,0.0,1.0,0.0,0.1458180275830355
ni_tfnbs,"e=1.2,h=8.0,n=30,start_thres=1.25",hub,0.25,50,4,40,1730,20,0,20,1730,0.5,0.0,1.0,0.0,0.1458180275830355
ni_tfnbs,"e=1.2,h=9.0,n=30,start_thres=1.25",hub,0.25,50,4,40,1730,19,0,21,1730,0.475,0.0,1.0,0.0,0.1458180275830355
ni_tfnbs,"e=1.2,h=10.0,n=30,start_thres=1.25",hub,0.25,50,4,40,1730,19,0,21,1730,0.475,0.0,1.0,0.0,0.1458180275830355
ni_tfnbs,"e=1.3,h=0.5,n=30,start_thres=1.25",hub,0.25,50,4,40,1730,10,0,30,1730,0.25,0.0,1.0,0.0,0.1458180275830355
ni_tfnbs,"e=1.3,h=1.0,n=30,start_thres=1.25",hub,0.25,50,4,40,1730,18,0,22,1730,0.45,0.0,1.0,0.0,0.1458180275830355
ni_tfnbs,"e=1.3,h=2.0,n=30,start_thres=1.25",hub,0.25,50,4,40,1730,20,0,20,1730,0.5,0.0,1.0,0.0,0.1458180275830355
ni_tfnbs,"e=1.3,h=3.0,n=30,start_thres=1.25",hub,0.25,50,4,40,1730,20,0,20,1730,0.5,0.0,1.0,0.0,0.1458180275830355
ni_tfnbs,"e=1.3,h=4.0,n=30,start_thres=1.25",hub,0.25,50,4,40,1730,20,0,20,1730,0.5,0.0,1.0,0.0,0.1458180275830355
ni_tfnbs,"e=1.3,h=5.0,n=30,start_thres=1.25",hub,0.25,50,4,40,1730,20,0,20,1730,0.5,0.0,1.0,0.0,0.1458180275830355
ni_tfnbs,"e=1.3,h=6.0,n=30,start_thres=1.25",hub,0.25,50,4,40,1730,20,0,20,1730,0.5,0.0,1.0,0.0,0.1458180275830355
ni_tfnbs,"e=1.3,h=7.0,n=30,start_thres=1.25",hub,0.25,50,4,40,1730,20,0,20,1730,0.5,0.0,1.0,0.0,0.1458180275830355
ni_tfnbs,"e=1.3,h=8.0,n=30,start_thres=1.25",hub,0.25,50,4,40,1730,20,0,20,1730,0.5,0.0,1.0,0.0,0.1458180275830355
ni_tfnbs,"e=1.3,h=9.0,n=30,start_thres=1.25",hub,0.25,50,4,40,1730,20,0,20,1730,0.5,0.0,1.0,0.0,0.1458180275830355
ni_tfnbs,"e=1.3,h=10.0,n=30,start_thres=1.25",hub,0.25,50,4,40,1730,19,0,21,1730,0.475,0.0,1.0,0.0,0.1458180275830355
ni_tfnbs,"e=1.4,h=0.5,n=30,start_thres=1.25",hub,0.25,50,4,40,1730,8,0,32,1730,0.2,0.0,1.0,0.0,0.1458180275830355
ni_tfnbs,"e=1.4,h=1.0,n=30,start_thres=1.25",hub,0.25,50,4,40,1730,15,0,25,1730,0.375,0.0,1.0,0.0,0.1458180275830355
ni_tfnbs,"e=1.4,h=2.0,n=30,start_thres=1.25",hub,0.25,50,4,40,1730,19,0,21,1730,0.475,0.0,1.0,0.0,0.1458180275830355
ni_tfnbs,"e=1.4,h=3.0,n=30,start_thres=1.25",hub,0.25,50,4,40,1730,20,0,20,1730,0.5,0.0,1.0,0.0,0.1458180275830355
ni_tfnbs,"e=1.4,h=4.0,n=30,start_thres=1.25",hub,0.25,50,4,40,1730,21,0,19,1730,0.525,0.0,1.0,0.0,0.1458180275830355
ni_tfnbs,"e=1.4,h=5.0,n=30,start_thres=1.25",hub,0.25,50,4,40,1730,21,0,19,1730,0.525,0.0,1.0,0.0,0.1458180275830355
ni_tfnbs,"e=1.4,h=6.0,n=30,start_thres=1.25",hub,0.25,50,4,40,1730,20,0,20,1730,0.5,0.0,1.0,0.0,0.1458180275830355
ni_tfnbs,"e=1.4,h=7.0,n=30,start_thres=1.25",hub,0.25,50,4,40,1730,20,0,20,1730,0.5,0.0,1.0,0.0,0.1458180275830355
ni_tfnbs,"e=1.4,h=8.0,n=30,start_thres=1.25",hub,0.25,50,4,40,1730,20,0,20,1730,0.5,0.0,1.0,0.0,0.1458180275830355
ni_tfnbs,"e=1.4,h=9.0,n=30,start_thres=1.25",hub,0.25,50,4,40,1730,20,0,20,1730,0.5,0.0,1.0,0.0,0.1458180275830355
ni_tfnbs,"e=1.4,h=10.0,n=30,start_thres=1.25",hub,0.25,50,4,40,1730,20,0,20,1730,0.5,0.0,1.0,0.0,0.1458180275830355
ni_tfnbs,"e=1.5,h=0.5,n=30,start_thres=1.25",hub,0.25,50,4,40,1730,8,0,32,1730,0.2,0.0,1.0,0.0,0.1458180275830355
ni_tfnbs,"e=1.5,h=1.0,n=30,start_thres=1.25",hub,0.25,50,4,40,1730,9,0,31,1730,0.225,0.0,1.0,0.0,0.1458180275830355
ni_tfnbs,"e=1.5,h=2.0,n=30,start_thres=1.25",hub,0.25,50,4,40,1730,19,0,21,1730,0.475,0.0,1.0,0.0,0.1458180275830355
ni_tfnbs,"e=1.5,h=3.0,n=30,start_thres=1.25",hub,0.25,50,4,40,1730,20,0,20,1730,0.5,0.0,1.0,0.0,0.1458180275830355
ni_tfnbs,"e=1.5,h=4.0,n=30,start_thres=1.25",hub,0.25,50,4,40,1730,21,0,19,1730,0.525,0.0,1.0,0.0,0.1458180275830355
ni_tfnbs,"e=1.5,h=5.0,n=30,start_thres=1.25",hub,0.25,50,4,40,1730,21,0,19,1730,0.525,0.0,1.0,0.0,0.1458180275830355
ni_tfnbs,"e=1.5,h=6.0,n=30,start_thres=1.25",hub,0.25,50,4,40,1730,21,0,19,1730,0.525,0.0,1.0,0.0,0.1458180275830355
ni_tfnbs,"e=1.5,h=7.0,n=30,start_thres=1.25",hub,0.25,50,4,40,1730,20,0,20,1730,0.5,0.0,1.0,0.0,0.1458180275830355
ni_tfnbs,"e=1.5,h=8.0,n=30,start_thres=1.25",hub,0.25,50,4,40,1730,20,0,20,1730,0.5,0.0,1.0,0.0,0.1458180275830355
ni_tfnbs,"e=1.5,h=9.0,n=30,start_thres=1.25",hub,0.25,50,4,40,1730,20,0,20,1730,0.5,0.0,1.0,0.0,0.1458180275830355
ni_tfnbs,"e=1.5,h=10.0,n=30,start_thres=1.25",hub,0.25,50,4,40,1730,20,0,20,1730,0.5,0.0,1.0,0.0,0.1458180275830355
ni_tfnbs,"e=0.05,h=0.5,n=30,start_thres=1.25",hub,0.25,50,5,40,1730,20,0,20,1730,0.5,0.0,1.0,0.0,0.1445255807854912
ni_tfnbs,"e=0.05,h=1.0,n=30,start_thres=1.25",hub,0.25,50,5,40,1730,20,0,20,1730,0.5,0.0,1.0,0.0,0.1445255807854912
ni_tfnbs,"e=0.05,h=2.0,n=30,start_thres=1.25",hub,0.25,50,5,40,1730,19,0,21,1730,0.475,0.0,1.0,0.0,0.1445255807854912
ni_tfnbs,"e=0.05,h=3.0,n=30,start_thres=1.25",hub,0.25,50,5,40,1730,18,0,22,1730,0.45,0.0,1.0,0.0,0.1445255807854912
ni_tfnbs,"e=0.05,h=4.0,n=30,start_thres=1.25",hub,0.25,50,5,40,1730,16,0,24,1730,0.4,0.0,1.0,0.0,0.1445255807854912
ni_tfnbs,"e=0.05,h=5.0,n=30,start_thres=1.25",hub,0.25,50,5,40,1730,16,0,24,1730,0.4,0.0,1.0,0.0,0.1445255807854912
ni_tfnbs,"e=0.05,h=6.0,n=30,start_thres=1.25",hub,0.25,50,5,40,1730,16,0,24,1730,0.4,0.0,1.0,0.0,0.1445255807854912
ni_tfnbs,"e=0.05,h=7.0,n=30,start_thres=1.25",hub,0.25,50,5,40,1730,16,0,24,1730,0.4,0.0,1.0,0.0,0.1445255807854912
ni_tfnbs,"e=0.05,h=8.0,n=30,start_thres=1.25",hub,0.25,50,5,40,1730,16,0,24,1730,0.4,0.0,1.0,0.0,0.1445255807854912
ni_tfnbs,"e=0.05,h=9.0,n=30,start_thres=1.25",hub,0.25,50,5,40,1730,16,0,24,1730,0.4,0.0,1.0,0.0,0.1445255807854912
ni_tfnbs,"e=0.05,h=10.0,n=30,start_thres=1.25",hub,0.25,50,5,40,1730,16,0,24,1730,0.4,0.0,1.0,0.0,0.1445255807854912
ni_tfnbs,"e=0.1,h=0.5,n=30,start_thres=1.25",hub,0.25,50,5,40,1730,20,0,20,1730,0.5,0.0,1.0,0.0,0.1445255807854912
ni_tfnbs,"e=0.1,h=1.0,n=30,start_thres=1.25",hub,0.25,50,5,40,1730,20,0,20,1730,0.5,0.0,1.0,0.0,0.1445255807854912
ni_tfnbs,"e=0.1,h=2.0,n=30,start_thres=1.25",hub,0.25,50,5,40,1730,20,0,20,1730,0.5,0.0,1.0,0.0,0.1445255807854912
ni_tfnbs,"e=0.1,h=3.0,n=30,start_thres=1.25",hub,0.25,50,5,40,1730,20,0,20,1730,0.5,0.0,1.0,0.0,0.1445255807854912
ni_tfnbs,"e=0.1,h=4.0,n=30,start_thres=1.25",hub,0.25,50,5,40,1730,20,0,20,1730,0.5,0.0,1.0,0.0,0.1445255807854912
ni_tfnbs,"e=0.1,h=5.0,n=30,start_thres=1.25",hub,0.25,50,5,40,1730,20,0,20,1730,0.5,0.0,1.0,0.0,0.1445255807854912
ni_tfnbs,"e=0.1,h=6.0,n=30,start_thres=1.25",hub,0.25,50,5,40,1730,20,0,20,1730,0.5,0.0,1.0,0.0,0.1445255807854912
ni_tfnbs,"e=0.1,h=7.0,n=30,start_thres=1.25",hub,0.25,50,5,40,1730,19,0,21,1730,0.475,0.0,1.0,0.0,0.1445255807854912
ni_tfnbs,"e=0.1,h=8.0,n=30,start_thres=1.25",hub,0.25,50,5,40,1730,18,0,22,1730,0.45,0.0,1.0,0.0,0.1445255807854912
ni_tfnbs,"e=0.1,h=9.0,n=30,start_thres=1.25",hub,0.25,50,5,40,1730,18,0,22,1730,0.45,0.0,1.0,0.0,0.1445255807854912
ni_tfnbs,"e=0.1,h=10.0,n=30,start_thres=1.25",hub,0.25,50,5,40,1730,16,0,24,1730,0.4,0.0,1.0,0.0,0.1445255807854912
ni_tfnbs,"e=0.2,h=0.5,n=30,start_thres=1.25",hub,0.25,50,5,40,1730,24,1,16,1729,0.6,0.0005780346820809,0.96,0.04,0.1445255807854912
ni_tfnbs,"e=0.2,h=1.0,n=30,start_thres=1.25",hub,0.25,50,5,40,1730,22,1,18,1729,0.55,0.0005780346820809,0.9565217391304348,0.0434782608695652,0.1445255807854912
ni_tfnbs,"e=0.2,h=2.0,n=30,start_thres=1.25",hub,0.25,50,5,40,1730,22,0,18,1730,0.55,0.0,1.0,0.0,0.1445255807854912
ni_tfnbs,"e=0.2,h=3.0,n=30,start_thres=1.25",hub,0.25,50,5,40,1730,22,0,18,1730,0.55,0.0,1.0,0.0,0.1445255807854912
ni_tfnbs,"e=0.2,h=4.0,n=30,start_thres=1.25",hub,0.25,50,5,40,1730,20,0,20,1730,0.5,0.0,1.0,0.0,0.1445255807854912
ni_tfnbs,"e=0.2,h=5.0,n=30,start_thres=1.25",hub,0.25,50,5,40,1730,20,0,20,1730,0.5,0.0,1.0,0.0,0.1445255807854912
ni_tfnbs,"e=0.2,h=6.0,n=30,start_thres=1.25",hub,0.25,50,5,40,1730,20,0,20,1730,0.5,0.0,1.0,0.0,0.1445255807854912
ni_tfnbs,"e=0.2,h=7.0,n=30,start_thres=1.25",hub,0.25,50,5,40,1730,20,0,20,1730,0.5,0.0,1.0,0.0,0.1445255807854912
ni_tfnbs,"e=0.2,h=8.0,n=30,start_thres=1.25",hub,0.25,50,5,40,1730,20,0,20,1730,0.5,0.0,1.0,0.0,0.1445255807854912
ni_tfnbs,"e=0.2,h=9.0,n=30,start_thres=1.25",hub,0.25,50,5,40,1730,20,0,20,1730,0.5,0.0,1.0,0.0,0.1445255807854912
ni_tfnbs,"e=0.2,h=10.0,n=30,start_thres=1.25",hub,0.25,50,5,40,1730,20,0,20,1730,0.5,0.0,1.0,0.0,0.1445255807854912
ni_tfnbs,"e=0.3,h=0.5,n=30,start_thres=1.25",hub,0.25,50,5,40,1730,27,1,13,1729,0.675,0.0005780346820809,0.9642857142857144,0.0357142857142857,0.1445255807854912
ni_tfnbs,"e=0.3,h=1.0,n=30,start_thres=1.25",hub,0.25,50,5,40,1730,27,1,13,1729,0.675,0.0005780346820809,0.9642857142857144,0.0357142857142857,0.1445255807854912
ni_tfnbs,"e=0.3,h=2.0,n=30,start_thres=1.25",hub,0.25,50,5,40,1730,26,1,14,1729,0.65,0.0005780346820809,0.9629629629629628,0.037037037037037,0.1445255807854912
ni_tfnbs,"e=0.3,h=3.0,n=30,start_thres=1.25",hub,0.25,50,5,40,1730,24,1,16,1729,0.6,0.0005780346820809,0.96,0.04,0.1445255807854912
ni_tfnbs,"e=0.3,h=4.0,n=30,start_thres=1.25",hub,0.25,50,5,40,1730,22,1,18,1729,0.55,0.0005780346820809,0.9565217391304348,0.0434782608695652,0.1445255807854912
ni_tfnbs,"e=0.3,h=5.0,n=30,start_thres=1.25",hub,0.25,50,5,40,1730,22,0,18,1730,0.55,0.0,1.0,0.0,0.1445255807854912
ni_tfnbs,"e=0.3,h=6.0,n=30,start_thres=1.25",hub,0.25,50,5,40,1730,22,0,18,1730,0.55,0.0,1.0,0.0,0.1445255807854912
ni_tfnbs,"e=0.3,h=7.0,n=30,start_thres=1.25",hub,0.25,50,5,40,1730,20,0,20,1730,0.5,0.0,1.0,0.0,0.1445255807854912
ni_tfnbs,"e=0.3,h=8.0,n=30,start_thres=1.25",hub,0.25,50,5,40,1730,20,0,20,1730,0.5,0.0,1.0,0.0,0.1445255807854912
ni_tfnbs,"e=0.3,h=9.0,n=30,start_thres=1.25",hub,0.25,50,5,40,1730,20,0,20,1730,0.5,0.0,1.0,0.0,0.1445255807854912
ni_tfnbs,"e=0.3,h=10.0,n=30,start_thres=1.25",hub,0.25,50,5,40,1730,20,0,20,1730,0.5,0.0,1.0,0.0,0.1445255807854912
ni_tfnbs,"e=0.4,h=0.5,n=30,start_thres=1.25",hub,0.25,50,5,40,1730,28,2,12,1728,0.7,0.0011560693641618,0.9333333333333332,0.0666666666666666,0.1445255807854912
ni_tfnbs,"e=0.4,h=1.0,n=30,start_thres=1.25",hub,0.25,50,5,40,1730,28,2,12,1728,0.7,0.0011560693641618,0.9333333333333332,0.0666666666666666,0.1445255807854912
ni_tfnbs,"e=0.4,h=2.0,n=30,start_thres=1.25",hub,0.25,50,5,40,1730,28,1,12,1729,0.7,0.0005780346820809,0.9655172413793104,0.0344827586206896,0.1445255807854912
ni_tfnbs,"e=0.4,h=3.0,n=30,start_thres=1.25",hub,0.25,50,5,40,1730,27,1,13,1729,0.675,0.0005780346820809,0.9642857142857144,0.0357142857142857,0.1445255807854912
ni_tfnbs,"e=0.4,h=4.0,n=30,start_thres=1.25",hub,0.25,50,5,40,1730,24,1,16,1729,0.6,0.0005780346820809,0.96,0.04,0.1445255807854912
ni_tfnbs,"e=0.4,h=5.0,n=30,start_thres=1.25",hub,0.25,50,5,40,1730,22,1,18,1729,0.55,0.0005780346820809,0.9565217391304348,0.0434782608695652,0.1445255807854912
ni_tfnbs,"e=0.4,h=6.0,n=30,start_thres=1.25",hub,0.25,50,5,40,1730,22,1,18,1729,0.55,0.0005780346820809,0.9565217391304348,0.0434782608695652,0.1445255807854912
ni_tfnbs,"e=0.4,h=7.0,n=30,start_thres=1.25",hub,0.25,50,5,40,1730,22,0,18,1730,0.55,0.0,1.0,0.0,0.1445255807854912
ni_tfnbs,"e=0.4,h=8.0,n=30,start_thres=1.25",hub,0.25,50,5,40,1730,22,0,18,1730,0.55,0.0,1.0,0.0,0.1445255807854912
ni_tfnbs,"e=0.4,h=9.0,n=30,start_thres=1.25",hub,0.25,50,5,40,1730,21,0,19,1730,0.525,0.0,1.0,0.0,0.1445255807854912
ni_tfnbs,"e=0.4,h=10.0,n=30,start_thres=1.25",hub,0.25,50,5,40,1730,20,0,20,1730,0.5,0.0,1.0,0.0,0.1445255807854912
ni_tfnbs,"e=0.5,h=0.5,n=30,start_thres=1.25",hub,0.25,50,5,40,1730,33,4,7,1726,0.825,0.0023121387283236,0.8918918918918919,0.1081081081081081,0.1445255807854912
ni_tfnbs,"e=0.5,h=1.0,n=30,start_thres=1.25",hub,0.25,50,5,40,1730,32,3,8,1727,0.8,0.0017341040462427,0.9142857142857144,0.0857142857142857,0.1445255807854912
ni_tfnbs,"e=0.5,h=2.0,n=30,start_thres=1.25",hub,0.25,50,5,40,1730,28,2,12,1728,0.7,0.0011560693641618,0.9333333333333332,0.0666666666666666,0.1445255807854912
ni_tfnbs,"e=0.5,h=3.0,n=30,start_thres=1.25",hub,0.25,50,5,40,1730,28,1,12,1729,0.7,0.0005780346820809,0.9655172413793104,0.0344827586206896,0.1445255807854912
ni_tfnbs,"e=0.5,h=4.0,n=30,start_thres=1.25",hub,0.25,50,5,40,1730,28,1,12,1729,0.7,0.0005780346820809,0.9655172413793104,0.0344827586206896,0.1445255807854912
ni_tfnbs,"e=0.5,h=5.0,n=30,start_thres=1.25",hub,0.25,50,5,40,1730,26,1,14,1729,0.65,0.0005780346820809,0.9629629629629628,0.037037037037037,0.1445255807854912
ni_tfnbs,"e=0.5,h=6.0,n=30,start_thres=1.25",hub,0.25,50,5,40,1730,24,1,16,1729,0.6,0.0005780346820809,0.96,0.04,0.1445255807854912
ni_tfnbs,"e=0.5,h=7.0,n=30,start_thres=1.25",hub,0.25,50,5,40,1730,22,1,18,1729,0.55,0.0005780346820809,0.9565217391304348,0.0434782608695652,0.1445255807854912
ni_tfnbs,"e=0.5,h=8.0,n=30,start_thres=1.25",hub,0.25,50,5,40,1730,22,1,18,1729,0.55,0.0005780346820809,0.9565217391304348,0.0434782608695652,0.1445255807854912
ni_tfnbs,"e=0.5,h=9.0,n=30,start_thres=1.25",hub,0.25,50,5,40,1730,22,0,18,1730,0.55,0.0,1.0,0.0,0.1445255807854912
ni_tfnbs,"e=0.5,h=10.0,n=30,start_thres=1.25",hub,0.25,50,5,40,1730,22,0,18,1730,0.55,0.0,1.0,0.0,0.1445255807854912
ni_tfnbs,"e=0.6,h=0.5,n=30,start_thres=1.25",hub,0.25,50,5,40,1730,33,4,7,1726,0.825,0.0023121387283236,0.8918918918918919,0.1081081081081081,0.1445255807854912
ni_tfnbs,"e=0.6,h=1.0,n=30,start_thres=1.25",hub,0.25,50,5,40,1730,33,4,7,1726,0.825,0.0023121387283236,0.8918918918918919,0.1081081081081081,0.1445255807854912
ni_tfnbs,"e=0.6,h=2.0,n=30,start_thres=1.25",hub,0.25,50,5,40,1730,33,4,7,1726,0.825,0.0023121387283236,0.8918918918918919,0.1081081081081081,0.1445255807854912
ni_tfnbs,"e=0.6,h=3.0,n=30,start_thres=1.25",hub,0.25,50,5,40,1730,29,2,11,1728,0.725,0.0011560693641618,0.935483870967742,0.064516129032258,0.1445255807854912
ni_tfnbs,"e=0.6,h=4.0,n=30,start_thres=1.25",hub,0.25,50,5,40,1730,28,1,12,1729,0.7,0.0005780346820809,0.9655172413793104,0.0344827586206896,0.1445255807854912
ni_tfnbs,"e=0.6,h=5.0,n=30,start_thres=1.25",hub,0.25,50,5,40,1730,28,1,12,1729,0.7,0.0005780346820809,0.9655172413793104,0.0344827586206896,0.1445255807854912
ni_tfnbs,"e=0.6,h=6.0,n=30,start_thres=1.25",hub,0.25,50,5,40,1730,26,1,14,1729,0.65,0.0005780346820809,0.9629629629629628,0.037037037037037,0.1445255807854912
ni_tfnbs,"e=0.6,h=7.0,n=30,start_thres=1.25",hub,0.25,50,5,40,1730,24,1,16,1729,0.6,0.0005780346820809,0.96,0.04,0.1445255807854912
ni_tfnbs,"e=0.6,h=8.0,n=30,start_thres=1.25",hub,0.25,50,5,40,1730,24,1,16,1729,0.6,0.0005780346820809,0.96,0.04,0.1445255807854912
ni_tfnbs,"e=0.6,h=9.0,n=30,start_thres=1.25",hub,0.25,50,5,40,1730,22,1,18,1729,0.55,0.0005780346820809,0.9565217391304348,0.0434782608695652,0.1445255807854912
ni_tfnbs,"e=0.6,h=10.0,n=30,start_thres=1.25",hub,0.25,50,5,40,1730,22,1,18,1729,0.55,0.0005780346820809,0.9565217391304348,0.0434782608695652,0.1445255807854912
ni_tfnbs,"e=0.7,h=0.5,n=30,start_thres=1.25",hub,0.25,50,5,40,1730,33,5,7,1725,0.825,0.0028901734104046,0.868421052631579,0.131578947368421,0.1445255807854912
ni_tfnbs,"e=0.7,h=1.0,n=30,start_thres=1.25",hub,0.25,50,5,40,1730,33,5,7,1725,0.825,0.0028901734104046,0.868421052631579,0.131578947368421,0.1445255807854912
ni_tfnbs,"e=0.7,h=2.0,n=30,start_thres=1.25",hub,0.25,50,5,40,1730,33,4,7,1726,0.825,0.0023121387283236,0.8918918918918919,0.1081081081081081,0.1445255807854912
ni_tfnbs,"e=0.7,h=3.0,n=30,start_thres=1.25",hub,0.25,50,5,40,1730,33,4,7,1726,0.825,0.0023121387283236,0.8918918918918919,0.1081081081081081,0.1445255807854912
ni_tfnbs,"e=0.7,h=4.0,n=30,start_thres=1.25",hub,0.25,50,5,40,1730,30,3,10,1727,0.75,0.0017341040462427,0.9090909090909092,0.0909090909090909,0.1445255807854912
ni_tfnbs,"e=0.7,h=5.0,n=30,start_thres=1.25",hub,0.25,50,5,40,1730,28,2,12,1728,0.7,0.0011560693641618,0.9333333333333332,0.0666666666666666,0.1445255807854912
ni_tfnbs,"e=0.7,h=6.0,n=30,start_thres=1.25",hub,0.25,50,5,40,1730,28,1,12,1729,0.7,0.0005780346820809,0.9655172413793104,0.0344827586206896,0.1445255807854912
ni_tfnbs,"e=0.7,h=7.0,n=30,start_thres=1.25",hub,0.25,50,5,40,1730,27,1,13,1729,0.675,0.0005780346820809,0.9642857142857144,0.0357142857142857,0.1445255807854912
ni_tfnbs,"e=0.7,h=8.0,n=30,start_thres=1.25",hub,0.25,50,5,40,1730,26,1,14,1729,0.65,0.0005780346820809,0.9629629629629628,0.037037037037037,0.1445255807854912
ni_tfnbs,"e=0.7,h=9.0,n=30,start_thres=1.25",hub,0.25,50,5,40,1730,24,1,16,1729,0.6,0.0005780346820809,0.96,0.04,0.1445255807854912
ni_tfnbs,"e=0.7,h=10.0,n=30,start_thres=1.25",hub,0.25,50,5,40,1730,22,1,18,1729,0.55,0.0005780346820809,0.9565217391304348,0.0434782608695652,0.1445255807854912
ni_tfnbs,"e=0.8,h=0.5,n=30,start_thres=1.25",hub,0.25,50,5,40,1730,33,6,7,1724,0.825,0.0034682080924855,0.8461538461538461,0.1538461538461538,0.1445255807854912
ni_tfnbs,"e=0.8,h=1.0,n=30,start_thres=1.25",hub,0.25,50,5,40,1730,33,6,7,1724,0.825,0.0034682080924855,0.8461538461538461,0.1538461538461538,0.1445255807854912
ni_tfnbs,"e=0.8,h=2.0,n=30,start_thres=1.25",hub,0.25,50,5,40,1730,33,5,7,1725,0.825,0.0028901734104046,0.868421052631579,0.131578947368421,0.1445255807854912
ni_tfnbs,"e=0.8,h=3.0,n=30,start_thres=1.25",hub,0.25,50,5,40,1730,33,4,7,1726,0.825,0.0023121387283236,0.8918918918918919,0.1081081081081081,0.1445255807854912
ni_tfnbs,"e=0.8,h=4.0,n=30,start_thres=1.25",hub,0.25,50,5,40,1730,32,3,8,1727,0.8,0.0017341040462427,0.9142857142857144,0.0857142857142857,0.1445255807854912
ni_tfnbs,"e=0.8,h=5.0,n=30,start_thres=1.25",hub,0.25,50,5,40,1730,30,3,10,1727,0.75,0.0017341040462427,0.9090909090909092,0.0909090909090909,0.1445255807854912
ni_tfnbs,"e=0.8,h=6.0,n=30,start_thres=1.25",hub,0.25,50,5,40,1730,28,2,12,1728,0.7,0.0011560693641618,0.9333333333333332,0.0666666666666666,0.1445255807854912
ni_tfnbs,"e=0.8,h=7.0,n=30,start_thres=1.25",hub,0.25,50,5,40,1730,28,1,12,1729,0.7,0.0005780346820809,0.9655172413793104,0.0344827586206896,0.1445255807854912
ni_tfnbs,"e=0.8,h=8.0,n=30,start_thres=1.25",hub,0.25,50,5,40,1730,28,1,12,1729,0.7,0.0005780346820809,0.9655172413793104,0.0344827586206896,0.1445255807854912
ni_tfnbs,"e=0.8,h=9.0,n=30,start_thres=1.25",hub,0.25,50,5,40,1730,26,1,14,1729,0.65,0.0005780346820809,0.9629629629629628,0.037037037037037,0.1445255807854912
ni_tfnbs,"e=0.8,h=10.0,n=30,start_thres=1.25",hub,0.25,50,5,40,1730,24,1,16,1729,0.6,0.0005780346820809,0.96,0.04,0.1445255807854912
ni_tfnbs,"e=0.9,h=0.5,n=30,start_thres=1.25",hub,0.25,50,5,40,1730,33,6,7,1724,0.825,0.0034682080924855,0.8461538461538461,0.1538461538461538,0.1445255807854912
ni_tfnbs,"e=0.9,h=1.0,n=30,start_thres=1.25",hub,0.25,50,5,40,1730,35,6,5,1724,0.875,0.0034682080924855,0.8536585365853658,0.1463414634146341,0.1445255807854912
ni_tfnbs,"e=0.9,h=2.0,n=30,start_thres=1.25",hub,0.25,50,5,40,1730,35,6,5,1724,0.875,0.0034682080924855,0.8536585365853658,0.1463414634146341,0.1445255807854912
ni_tfnbs,"e=0.9,h=3.0,n=30,start_thres=1.25",hub,0.25,50,5,40,1730,33,5,7,1725,0.825,0.0028901734104046,0.868421052631579,0.131578947368421,0.1445255807854912
ni_tfnbs,"e=0.9,h=4.0,n=30,start_thres=1.25",hub,0.25,50,5,40,1730,33,4,7,1726,0.825,0.0023121387283236,0.8918918918918919,0.1081081081081081,0.1445255807854912
ni_tfnbs,"e=0.9,h=5.0,n=30,start_thres=1.25",hub,0.25,50,5,40,1730,32,3,8,1727,0.8,0.0017341040462427,0.9142857142857144,0.0857142857142857,0.1445255807854912
ni_tfnbs,"e=0.9,h=6.0,n=30,start_thres=1.25",hub,0.25,50,5,40,1730,30,3,10,1727,0.75,0.0017341040462427,0.9090909090909092,0.0909090909090909,0.1445255807854912
ni_tfnbs,"e=0.9,h=7.0,n=30,start_thres=1.25",hub,0.25,50,5,40,1730,28,2,12,1728,0.7,0.0011560693641618,0.9333333333333332,0.0666666666666666,0.1445255807854912
ni_tfnbs,"e=0.9,h=8.0,n=30,start_thres=1.25",hub,0.25,50,5,40,1730,28,1,12,1729,0.7,0.0005780346820809,0.9655172413793104,0.0344827586206896,0.1445255807854912
ni_tfnbs,"e=0.9,h=9.0,n=30,start_thres=1.25",hub,0.25,50,5,40,1730,28,1,12,1729,0.7,0.0005780346820809,0.9655172413793104,0.0344827586206896,0.1445255807854912
ni_tfnbs,"e=0.9,h=10.0,n=30,start_thres=1.25",hub,0.25,50,5,40,1730,26,1,14,1729,0.65,0.0005780346820809,0.9629629629629628,0.037037037037037,0.1445255807854912
ni_tfnbs,"e=1.0,h=0.5,n=30,start_thres=1.25",hub,0.25,50,5,40,1730,33,7,7,1723,0.825,0.0040462427745664,0.825,0.175,0.1445255807854912
ni_tfnbs,"e=1.0,h=1.0,n=30,start_thres=1.25",hub,0.25,50,5,40,1730,36,6,4,1724,0.9,0.0034682080924855,0.8571428571428571,0.1428571428571428,0.1445255807854912
ni_tfnbs,"e=1.0,h=2.0,n=30,start_thres=1.25",hub,0.25,50,5,40,1730,35,6,5,1724,0.875,0.0034682080924855,0.8536585365853658,0.1463414634146341,0.1445255807854912
ni_tfnbs,"e=1.0,h=3.0,n=30,start_thres=1.25",hub,0.25,50,5,40,1730,35,6,5,1724,0.875,0.0034682080924855,0.8536585365853658,0.1463414634146341,0.1445255807854912
ni_tfnbs,"e=1.0,h=4.0,n=30,start_thres=1.25",hub,0.25,50,5,40,1730,33,5,7,1725,0.825,0.0028901734104046,0.868421052631579,0.131578947368421,0.1445255807854912
ni_tfnbs,"e=1.0,h=5.0,n=30,start_thres=1.25",hub,0.25,50,5,40,1730,33,4,7,1726,0.825,0.0023121387283236,0.8918918918918919,0.1081081081081081,0.1445255807854912
ni_tfnbs,"e=1.0,h=6.0,n=30,start_thres=1.25",hub,0.25,50,5,40,1730,32,3,8,1727,0.8,0.0017341040462427,0.9142857142857144,0.0857142857142857,0.1445255807854912
ni_tfnbs,"e=1.0,h=7.0,n=30,start_thres=1.25",hub,0.25,50,5,40,1730,30,3,10,1727,0.75,0.0017341040462427,0.9090909090909092,0.0909090909090909,0.1445255807854912
ni_tfnbs,"e=1.0,h=8.0,n=30,start_thres=1.25",hub,0.25,50,5,40,1730,28,2,12,1728,0.7,0.0011560693641618,0.9333333333333332,0.0666666666666666,0.1445255807854912
ni_tfnbs,"e=1.0,h=9.0,n=30,start_thres=1.25",hub,0.25,50,5,40,1730,28,1,12,1729,0.7,0.0005780346820809,0.9655172413793104,0.0344827586206896,0.1445255807854912
ni_tfnbs,"e=1.0,h=10.0,n=30,start_thres=1.25",hub,0.25,50,5,40,1730,28,1,12,1729,0.7,0.0005780346820809,0.9655172413793104,0.0344827586206896,0.1445255807854912
ni_tfnbs,"e=1.1,h=0.5,n=30,start_thres=1.25",hub,0.25,50,5,40,1730,34,7,6,1723,0.85,0.0040462427745664,0.8292682926829268,0.1707317073170731,0.1445255807854912
ni_tfnbs,"e=1.1,h=1.0,n=30,start_thres=1.25",hub,0.25,50,5,40,1730,37,8,3,1722,0.925,0.0046242774566473,0.8222222222222222,0.1777777777777777,0.1445255807854912
ni_tfnbs,"e=1.1,h=2.0,n=30,start_thres=1.25",hub,0.25,50,5,40,1730,36,7,4,1723,0.9,0.0040462427745664,0.8372093023255814,0.1627906976744186,0.1445255807854912
ni_tfnbs,"e=1.1,h=3.0,n=30,start_thres=1.25",hub,0.25,50,5,40,1730,36,6,4,1724,0.9,0.0034682080924855,0.8571428571428571,0.1428571428571428,0.1445255807854912
ni_tfnbs,"e=1.1,h=4.0,n=30,start_thres=1.25",hub,0.25,50,5,40,1730,35,5,5,1725,0.875,0.0028901734104046,0.875,0.125,0.1445255807854912
ni_tfnbs,"e=1.1,h=5.0,n=30,start_thres=1.25",hub,0.25,50,5,40,1730,33,4,7,1726,0.825,0.0023121387283236,0.8918918918918919,0.1081081081081081,0.1445255807854912
ni_tfnbs,"e=1.1,h=6.0,n=30,start_thres=1.25",hub,0.25,50,5,40,1730,33,4,7,1726,0.825,0.0023121387283236,0.8918918918918919,0.1081081081081081,0.1445255807854912
ni_tfnbs,"e=1.1,h=7.0,n=30,start_thres=1.25",hub,0.25,50,5,40,1730,33,4,7,1726,0.825,0.0023121387283236,0.8918918918918919,0.1081081081081081,0.1445255807854912
ni_tfnbs,"e=1.1,h=8.0,n=30,start_thres=1.25",hub,0.25,50,5,40,1730,30,3,10,1727,0.75,0.0017341040462427,0.9090909090909092,0.0909090909090909,0.1445255807854912
ni_tfnbs,"e=1.1,h=9.0,n=30,start_thres=1.25",hub,0.25,50,5,40,1730,28,2,12,1728,0.7,0.0011560693641618,0.9333333333333332,0.0666666666666666,0.1445255807854912
ni_tfnbs,"e=1.1,h=10.0,n=30,start_thres=1.25",hub,0.25,50,5,40,1730,28,1,12,1729,0.7,0.0005780346820809,0.9655172413793104,0.0344827586206896,0.1445255807854912
ni_tfnbs,"e=1.2,h=0.5,n=30,start_thres=1.25",hub,0.25,50,5,40,1730,35,8,5,1722,0.875,0.0046242774566473,0.813953488372093,0.1860465116279069,0.1445255807854912
ni_tfnbs,"e=1.2,h=1.0,n=30,start_thres=1.25",hub,0.25,50,5,40,1730,37,8,3,1722,0.925,0.0046242774566473,0.8222222222222222,0.1777777777777777,0.1445255807854912
ni_tfnbs,"e=1.2,h=2.0,n=30,start_thres=1.25",hub,0.25,50,5,40,1730,37,8,3,1722,0.925,0.0046242774566473,0.8222222222222222,0.1777777777777777,0.1445255807854912
ni_tfnbs,"e=1.2,h=3.0,n=30,start_thres=1.25",hub,0.25,50,5,40,1730,36,7,4,1723,0.9,0.0040462427745664,0.8372093023255814,0.1627906976744186,0.1445255807854912
ni_tfnbs,"e=1.2,h=4.0,n=30,start_thres=1.25",hub,0.25,50,5,40,1730,36,6,4,1724,0.9,0.0034682080924855,0.8571428571428571,0.1428571428571428,0.1445255807854912
ni_tfnbs,"e=1.2,h=5.0,n=30,start_thres=1.25",hub,0.25,50,5,40,1730,35,5,5,1725,0.875,0.0028901734104046,0.875,0.125,0.1445255807854912
ni_tfnbs,"e=1.2,h=6.0,n=30,start_thres=1.25",hub,0.25,50,5,40,1730,33,4,7,1726,0.825,0.0023121387283236,0.8918918918918919,0.1081081081081081,0.1445255807854912
ni_tfnbs,"e=1.2,h=7.0,n=30,start_thres=1.25",hub,0.25,50,5,40,1730,33,4,7,1726,0.825,0.0023121387283236,0.8918918918918919,0.1081081081081081,0.1445255807854912
ni_tfnbs,"e=1.2,h=8.0,n=30,start_thres=1.25",hub,0.25,50,5,40,1730,32,3,8,1727,0.8,0.0017341040462427,0.9142857142857144,0.0857142857142857,0.1445255807854912
ni_tfnbs,"e=1.2,h=9.0,n=30,start_thres=1.25",hub,0.25,50,5,40,1730,30,3,10,1727,0.75,0.0017341040462427,0.9090909090909092,0.0909090909090909,0.1445255807854912
ni_tfnbs,"e=1.2,h=10.0,n=30,start_thres=1.25",hub,0.25,50,5,40,1730,28,2,12,1728,0.7,0.0011560693641618,0.9333333333333332,0.0666666666666666,0.1445255807854912
ni_tfnbs,"e=1.3,h=0.5,n=30,start_thres=1.25",hub,0.25,50,5,40,1730,35,8,5,1722,0.875,0.0046242774566473,0.813953488372093,0.1860465116279069,0.1445255807854912
ni_tfnbs,"e=1.3,h=1.0,n=30,start_thres=1.25",hub,0.25,50,5,40,1730,37,8,3,1722,0.925,0.0046242774566473,0.8222222222222222,0.1777777777777777,0.1445255807854912
ni_tfnbs,"e=1.3,h=2.0,n=30,start_thres=1.25",hub,0.25,50,5,40,1730,37,8,3,1722,0.925,0.0046242774566473,0.8222222222222222,0.1777777777777777,0.1445255807854912
ni_tfnbs,"e=1.3,h=3.0,n=30,start_thres=1.25",hub,0.25,50,5,40,1730,37,8,3,1722,0.925,0.0046242774566473,0.8222222222222222,0.1777777777777777,0.1445255807854912
ni_tfnbs,"e=1.3,h=4.0,n=30,start_thres=1.25",hub,0.25,50,5,40,1730,36,6,4,1724,0.9,0.0034682080924855,0.8571428571428571,0.1428571428571428,0.1445255807854912
ni_tfnbs,"e=1.3,h=5.0,n=30,start_thres=1.25",hub,0.25,50,5,40,1730,35,6,5,1724,0.875,0.0034682080924855,0.8536585365853658,0.1463414634146341,0.1445255807854912
ni_tfnbs,"e=1.3,h=6.0,n=30,start_thres=1.25",hub,0.25,50,5,40,1730,35,5,5,1725,0.875,0.0028901734104046,0.875,0.125,0.1445255807854912
ni_tfnbs,"e=1.3,h=7.0,n=30,start_thres=1.25",hub,0.25,50,5,40,1730,33,4,7,1726,0.825,0.0023121387283236,0.8918918918918919,0.1081081081081081,0.1445255807854912
ni_tfnbs,"e=1.3,h=8.0,n=30,start_thres=1.25",hub,0.25,50,5,40,1730,33,4,7,1726,0.825,0.0023121387283236,0.8918918918918919,0.1081081081081081,0.1445255807854912
ni_tfnbs,"e=1.3,h=9.0,n=30,start_thres=1.25",hub,0.25,50,5,40,1730,32,3,8,1727,0.8,0.0017341040462427,0.9142857142857144,0.0857142857142857,0.1445255807854912
ni_tfnbs,"e=1.3,h=10.0,n=30,start_thres=1.25",hub,0.25,50,5,40,1730,30,3,10,1727,0.75,0.0017341040462427,0.9090909090909092,0.0909090909090909,0.1445255807854912
ni_tfnbs,"e=1.4,h=0.5,n=30,start_thres=1.25",hub,0.25,50,5,40,1730,35,8,5,1722,0.875,0.0046242774566473,0.813953488372093,0.1860465116279069,0.1445255807854912
ni_tfnbs,"e=1.4,h=1.0,n=30,start_thres=1.25",hub,0.25,50,5,40,1730,35,8,5,1722,0.875,0.0046242774566473,0.813953488372093,0.1860465116279069,0.1445255807854912
ni_tfnbs,"e=1.4,h=2.0,n=30,start_thres=1.25",hub,0.25,50,5,40,1730,37,8,3,1722,0.925,0.0046242774566473,0.8222222222222222,0.1777777777777777,0.1445255807854912
ni_tfnbs,"e=1.4,h=3.0,n=30,start_thres=1.25",hub,0.25,50,5,40,1730,37,8,3,1722,0.925,0.0046242774566473,0.8222222222222222,0.1777777777777777,0.1445255807854912
ni_tfnbs,"e=1.4,h=4.0,n=30,start_thres=1.25",hub,0.25,50,5,40,1730,37,8,3,1722,0.925,0.0046242774566473,0.8222222222222222,0.1777777777777777,0.1445255807854912
ni_tfnbs,"e=1.4,h=5.0,n=30,start_thres=1.25",hub,0.25,50,5,40,1730,36,6,4,1724,0.9,0.0034682080924855,0.8571428571428571,0.1428571428571428,0.1445255807854912
ni_tfnbs,"e=1.4,h=6.0,n=30,start_thres=1.25",hub,0.25,50,5,40,1730,35,5,5,1725,0.875,0.0028901734104046,0.875,0.125,0.1445255807854912
ni_tfnbs,"e=1.4,h=7.0,n=30,start_thres=1.25",hub,0.25,50,5,40,1730,35,5,5,1725,0.875,0.0028901734104046,0.875,0.125,0.1445255807854912
ni_tfnbs,"e=1.4,h=8.0,n=30,start_thres=1.25",hub,0.25,50,5,40,1730,33,4,7,1726,0.825,0.0023121387283236,0.8918918918918919,0.1081081081081081,0.1445255807854912
ni_tfnbs,"e=1.4,h=9.0,n=30,start_thres=1.25",hub,0.25,50,5,40,1730,33,4,7,1726,0.825,0.0023121387283236,0.8918918918918919,0.1081081081081081,0.1445255807854912
ni_tfnbs,"e=1.4,h=10.0,n=30,start_thres=1.25",hub,0.25,50,5,40,1730,30,3,10,1727,0.75,0.0017341040462427,0.9090909090909092,0.0909090909090909,0.1445255807854912
ni_tfnbs,"e=1.5,h=0.5,n=30,start_thres=1.25",hub,0.25,50,5,40,1730,35,8,5,1722,0.875,0.0046242774566473,0.813953488372093,0.1860465116279069,0.1445255807854912
ni_tfnbs,"e=1.5,h=1.0,n=30,start_thres=1.25",hub,0.25,50,5,40,1730,35,8,5,1722,0.875,0.0046242774566473,0.813953488372093,0.1860465116279069,0.1445255807854912
ni_tfnbs,"e=1.5,h=2.0,n=30,start_thres=1.25",hub,0.25,50,5,40,1730,37,8,3,1722,0.925,0.0046242774566473,0.8222222222222222,0.1777777777777777,0.1445255807854912
ni_tfnbs,"e=1.5,h=3.0,n=30,start_thres=1.25",hub,0.25,50,5,40,1730,37,8,3,1722,0.925,0.0046242774566473,0.8222222222222222,0.1777777777777777,0.1445255807854912
ni_tfnbs,"e=1.5,h=4.0,n=30,start_thres=1.25",hub,0.25,50,5,40,1730,37,8,3,1722,0.925,0.0046242774566473,0.8222222222222222,0.1777777777777777,0.1445255807854912
ni_tfnbs,"e=1.5,h=5.0,n=30,start_thres=1.25",hub,0.25,50,5,40,1730,37,8,3,1722,0.925,0.0046242774566473,0.8222222222222222,0.1777777777777777,0.1445255807854912
ni_tfnbs,"e=1.5,h=6.0,n=30,start_thres=1.25",hub,0.25,50,5,40,1730,36,6,4,1724,0.9,0.0034682080924855,0.8571428571428571,0.1428571428571428,0.1445255807854912
ni_tfnbs,"e=1.5,h=7.0,n=30,start_thres=1.25",hub,0.25,50,5,40,1730,35,5,5,1725,0.875,0.0028901734104046,0.875,0.125,0.1445255807854912
ni_tfnbs,"e=1.5,h=8.0,n=30,start_thres=1.25",hub,0.25,50,5,40,1730,33,5,7,1725,0.825,0.0028901734104046,0.868421052631579,0.131578947368421,0.1445255807854912
ni_tfnbs,"e=1.5,h=9.0,n=30,start_thres=1.25",hub,0.25,50,5,40,1730,33,4,7,1726,0.825,0.0023121387283236,0.8918918918918919,0.1081081081081081,0.1445255807854912
ni_tfnbs,"e=1.5,h=10.0,n=30,start_thres=1.25",hub,0.25,50,5,40,1730,33,4,7,1726,0.825,0.0023121387283236,0.8918918918918919,0.1081081081081081,0.1445255807854912
ni_tfnbs,"e=0.05,h=0.5,n=30,start_thres=1.25",hub,0.25,50,6,40,1730,7,0,33,1730,0.175,0.0,1.0,0.0,0.1454705135388807
ni_tfnbs,"e=0.05,h=1.0,n=30,start_thres=1.25",hub,0.25,50,6,40,1730,7,0,33,1730,0.175,0.0,1.0,0.0,0.1454705135388807
ni_tfnbs,"e=0.05,h=2.0,n=30,start_thres=1.25",hub,0.25,50,6,40,1730,7,0,33,1730,0.175,0.0,1.0,0.0,0.1454705135388807
ni_tfnbs,"e=0.05,h=3.0,n=30,start_thres=1.25",hub,0.25,50,6,40,1730,7,0,33,1730,0.175,0.0,1.0,0.0,0.1454705135388807
ni_tfnbs,"e=0.05,h=4.0,n=30,start_thres=1.25",hub,0.25,50,6,40,1730,7,0,33,1730,0.175,0.0,1.0,0.0,0.1454705135388807
ni_tfnbs,"e=0.05,h=5.0,n=30,start_thres=1.25",hub,0.25,50,6,40,1730,7,0,33,1730,0.175,0.0,1.0,0.0,0.1454705135388807
ni_tfnbs,"e=0.05,h=6.0,n=30,start_thres=1.25",hub,0.25,50,6,40,1730,7,0,33,1730,0.175,0.0,1.0,0.0,0.1454705135388807
ni_tfnbs,"e=0.05,h=7.0,n=30,start_thres=1.25",hub,0.25,50,6,40,1730,7,0,33,1730,0.175,0.0,1.0,0.0,0.1454705135388807
ni_tfnbs,"e=0.05,h=8.0,n=30,start_thres=1.25",hub,0.25,50,6,40,1730,7,0,33,1730,0.175,0.0,1.0,0.0,0.1454705135388807
ni_tfnbs,"e=0.05,h=9.0,n=30,start_thres=1.25",hub,0.25,50,6,40,1730,7,0,33,1730,0.175,0.0,1.0,0.0,0.1454705135388807
ni_tfnbs,"e=0.05,h=10.0,n=30,start_thres=1.25",hub,0.25,50,6,40,1730,7,0,33,1730,0.175,0.0,1.0,0.0,0.1454705135388807
ni_tfnbs,"e=0.1,h=0.5,n=30,start_thres=1.25",hub,0.25,50,6,40,1730,8,0,32,1730,0.2,0.0,1.0,0.0,0.1454705135388807
ni_tfnbs,"e=0.1,h=1.0,n=30,start_thres=1.25",hub,0.25,50,6,40,1730,8,0,32,1730,0.2,0.0,1.0,0.0,0.1454705135388807
ni_tfnbs,"e=0.1,h=2.0,n=30,start_thres=1.25",hub,0.25,50,6,40,1730,8,0,32,1730,0.2,0.0,1.0,0.0,0.1454705135388807
ni_tfnbs,"e=0.1,h=3.0,n=30,start_thres=1.25",hub,0.25,50,6,40,1730,7,0,33,1730,0.175,0.0,1.0,0.0,0.1454705135388807
ni_tfnbs,"e=0.1,h=4.0,n=30,start_thres=1.25",hub,0.25,50,6,40,1730,7,0,33,1730,0.175,0.0,1.0,0.0,0.1454705135388807
ni_tfnbs,"e=0.1,h=5.0,n=30,start_thres=1.25",hub,0.25,50,6,40,1730,7,0,33,1730,0.175,0.0,1.0,0.0,0.1454705135388807
ni_tfnbs,"e=0.1,h=6.0,n=30,start_thres=1.25",hub,0.25,50,6,40,1730,7,0,33,1730,0.175,0.0,1.0,0.0,0.1454705135388807
ni_tfnbs,"e=0.1,h=7.0,n=30,start_thres=1.25",hub,0.25,50,6,40,1730,7,0,33,1730,0.175,0.0,1.0,0.0,0.1454705135388807
ni_tfnbs,"e=0.1,h=8.0,n=30,start_thres=1.25",hub,0.25,50,6,40,1730,7,0,33,1730,0.175,0.0,1.0,0.0,0.1454705135388807
ni_tfnbs,"e=0.1,h=9.0,n=30,start_thres=1.25",hub,0.25,50,6,40,1730,7,0,33,1730,0.175,0.0,1.0,0.0,0.1454705135388807
ni_tfnbs,"e=0.1,h=10.0,n=30,start_thres=1.25",hub,0.25,50,6,40,1730,7,0,33,1730,0.175,0.0,1.0,0.0,0.1454705135388807
ni_tfnbs,"e=0.2,h=0.5,n=30,start_thres=1.25",hub,0.25,50,6,40,1730,10,0,30,1730,0.25,0.0,1.0,0.0,0.1454705135388807
ni_tfnbs,"e=0.2,h=1.0,n=30,start_thres=1.25",hub,0.25,50,6,40,1730,9,0,31,1730,0.225,0.0,1.0,0.0,0.1454705135388807
ni_tfnbs,"e=0.2,h=2.0,n=30,start_thres=1.25",hub,0.25,50,6,40,1730,9,0,31,1730,0.225,0.0,1.0,0.0,0.1454705135388807
ni_tfnbs,"e=0.2,h=3.0,n=30,start_thres=1.25",hub,0.25,50,6,40,1730,8,0,32,1730,0.2,0.0,1.0,0.0,0.1454705135388807
ni_tfnbs,"e=0.2,h=4.0,n=30,start_thres=1.25",hub,0.25,50,6,40,1730,8,0,32,1730,0.2,0.0,1.0,0.0,0.1454705135388807
ni_tfnbs,"e=0.2,h=5.0,n=30,start_thres=1.25",hub,0.25,50,6,40,1730,8,0,32,1730,0.2,0.0,1.0,0.0,0.1454705135388807
ni_tfnbs,"e=0.2,h=6.0,n=30,start_thres=1.25",hub,0.25,50,6,40,1730,8,0,32,1730,0.2,0.0,1.0,0.0,0.1454705135388807
ni_tfnbs,"e=0.2,h=7.0,n=30,start_thres=1.25",hub,0.25,50,6,40,1730,8,0,32,1730,0.2,0.0,1.0,0.0,0.1454705135388807
ni_tfnbs,"e=0.2,h=8.0,n=30,start_thres=1.25",hub,0.25,50,6,40,1730,7,0,33,1730,0.175,0.0,1.0,0.0,0.1454705135388807
ni_tfnbs,"e=0.2,h=9.0,n=30,start_thres=1.25",hub,0.25,50,6,40,1730,7,0,33,1730,0.175,0.0,1.0,0.0,0.1454705135388807
ni_tfnbs,"e=0.2,h=10.0,n=30,start_thres=1.25",hub,0.25,50,6,40,1730,7,0,33,1730,0.175,0.0,1.0,0.0,0.1454705135388807
ni_tfnbs,"e=0.3,h=0.5,n=30,start_thres=1.25",hub,0.25,50,6,40,1730,15,0,25,1730,0.375,0.0,1.0,0.0,0.1454705135388807
ni_tfnbs,"e=0.3,h=1.0,n=30,start_thres=1.25",hub,0.25,50,6,40,1730,14,0,26,1730,0.35,0.0,1.0,0.0,0.1454705135388807
ni_tfnbs,"e=0.3,h=2.0,n=30,start_thres=1.25",hub,0.25,50,6,40,1730,10,0,30,1730,0.25,0.0,1.0,0.0,0.1454705135388807
ni_tfnbs,"e=0.3,h=3.0,n=30,start_thres=1.25",hub,0.25,50,6,40,1730,10,0,30,1730,0.25,0.0,1.0,0.0,0.1454705135388807
ni_tfnbs,"e=0.3,h=4.0,n=30,start_thres=1.25",hub,0.25,50,6,40,1730,9,0,31,1730,0.225,0.0,1.0,0.0,0.1454705135388807
ni_tfnbs,"e=0.3,h=5.0,n=30,start_thres=1.25",hub,0.25,50,6,40,1730,8,0,32,1730,0.2,0.0,1.0,0.0,0.1454705135388807
ni_tfnbs,"e=0.3,h=6.0,n=30,start_thres=1.25",hub,0.25,50,6,40,1730,8,0,32,1730,0.2,0.0,1.0,0.0,0.1454705135388807
ni_tfnbs,"e=0.3,h=7.0,n=30,start_thres=1.25",hub,0.25,50,6,40,1730,8,0,32,1730,0.2,0.0,1.0,0.0,0.1454705135388807
ni_tfnbs,"e=0.3,h=8.0,n=30,start_thres=1.25",hub,0.25,50,6,40,1730,8,0,32,1730,0.2,0.0,1.0,0.0,0.1454705135388807
ni_tfnbs,"e=0.3,h=9.0,n=30,start_thres=1.25",hub,0.25,50,6,40,1730,8,0,32,1730,0.2,0.0,1.0,0.0,0.1454705135388807
ni_tfnbs,"e=0.3,h=10.0,n=30,start_thres=1.25",hub,0.25,50,6,40,1730,8,0,32,1730,0.2,0.0,1.0,0.0,0.1454705135388807
ni_tfnbs,"e=0.4,h=0.5,n=30,start_thres=1.25",hub,0.25,50,6,40,1730,16,0,24,1730,0.4,0.0,1.0,0.0,0.1454705135388807
ni_tfnbs,"e=0.4,h=1.0,n=30,start_thres=1.25",hub,0.25,50,6,40,1730,16,0,24,1730,0.4,0.0,1.0,0.0,0.1454705135388807
ni_tfnbs,"e=0.4,h=2.0,n=30,start_thres=1.25",hub,0.25,50,6,40,1730,15,0,25,1730,0.375,0.0,1.0,0.0,0.1454705135388807
ni_tfnbs,"e=0.4,h=3.0,n=30,start_thres=1.25",hub,0.25,50,6,40,1730,14,0,26,1730,0.35,0.0,1.0,0.0,0.1454705135388807
ni_tfnbs,"e=0.4,h=4.0,n=30,start_thres=1.25",hub,0.25,50,6,40,1730,10,0,30,1730,0.25,0.0,1.0,0.0,0.1454705135388807
ni_tfnbs,"e=0.4,h=5.0,n=30,start_thres=1.25",hub,0.25,50,6,40,1730,10,0,30,1730,0.25,0.0,1.0,0.0,0.1454705135388807
ni_tfnbs,"e=0.4,h=6.0,n=30,start_thres=1.25",hub,0.25,50,6,40,1730,9,0,31,1730,0.225,0.0,1.0,0.0,0.1454705135388807
ni_tfnbs,"e=0.4,h=7.0,n=30,start_thres=1.25",hub,0.25,50,6,40,1730,9,0,31,1730,0.225,0.0,1.0,0.0,0.1454705135388807
ni_tfnbs,"e=0.4,h=8.0,n=30,start_thres=1.25",hub,0.25,50,6,40,1730,8,0,32,1730,0.2,0.0,1.0,0.0,0.1454705135388807
ni_tfnbs,"e=0.4,h=9.0,n=30,start_thres=1.25",hub,0.25,50,6,40,1730,8,0,32,1730,0.2,0.0,1.0,0.0,0.1454705135388807
ni_tfnbs,"e=0.4,h=10.0,n=30,start_thres=1.25",hub,0.25,50,6,40,1730,8,0,32,1730,0.2,0.0,1.0,0.0,0.1454705135388807
ni_tfnbs,"e=0.5,h=0.5,n=30,start_thres=1.25",hub,0.25,50,6,40,1730,20,0,20,1730,0.5,0.0,1.0,0.0,0.1454705135388807
ni_tfnbs,"e=0.5,h=1.0,n=30,start_thres=1.25",hub,0.25,50,6,40,1730,19,0,21,1730,0.475,0.0,1.0,0.0,0.1454705135388807
ni_tfnbs,"e=0.5,h=2.0,n=30,start_thres=1.25",hub,0.25,50,6,40,1730,16,0,24,1730,0.4,0.0,1.0,0.0,0.1454705135388807
ni_tfnbs,"e=0.5,h=3.0,n=30,start_thres=1.25",hub,0.25,50,6,40,1730,15,0,25,1730,0.375,0.0,1.0,0.0,0.1454705135388807
ni_tfnbs,"e=0.5,h=4.0,n=30,start_thres=1.25",hub,0.25,50,6,40,1730,14,0,26,1730,0.35,0.0,1.0,0.0,0.1454705135388807
ni_tfnbs,"e=0.5,h=5.0,n=30,start_thres=1.25",hub,0.25,50,6,40,1730,12,0,28,1730,0.3,0.0,1.0,0.0,0.1454705135388807
ni_tfnbs,"e=0.5,h=6.0,n=30,start_thres=1.25",hub,0.25,50,6,40,1730,10,0,30,1730,0.25,0.0,1.0,0.0,0.1454705135388807
ni_tfnbs,"e=0.5,h=7.0,n=30,start_thres=1.25",hub,0.25,50,6,40,1730,9,0,31,1730,0.225,0.0,1.0,0.0,0.1454705135388807
ni_tfnbs,"e=0.5,h=8.0,n=30,start_thres=1.25",hub,0.25,50,6,40,1730,9,0,31,1730,0.225,0.0,1.0,0.0,0.1454705135388807
ni_tfnbs,"e=0.5,h=9.0,n=30,start_thres=1.25",hub,0.25,50,6,40,1730,8,0,32,1730,0.2,0.0,1.0,0.0,0.1454705135388807
ni_tfnbs,"e=0.5,h=10.0,n=30,start_thres=1.25",hub,0.25,50,6,40,1730,8,0,32,1730,0.2,0.0,1.0,0.0,0.1454705135388807
ni_tfnbs,"e=0.6,h=0.5,n=30,start_thres=1.25",hub,0.25,50,6,40,1730,22,0,18,1730,0.55,0.0,1.0,0.0,0.1454705135388807
ni_tfnbs,"e=0.6,h=1.0,n=30,start_thres=1.25",hub,0.25,50,6,40,1730,21,0,19,1730,0.525,0.0,1.0,0.0,0.1454705135388807
ni_tfnbs,"e=0.6,h=2.0,n=30,start_thres=1.25",hub,0.25,50,6,40,1730,20,0,20,1730,0.5,0.0,1.0,0.0,0.1454705135388807
ni_tfnbs,"e=0.6,h=3.0,n=30,start_thres=1.25",hub,0.25,50,6,40,1730,17,0,23,1730,0.425,0.0,1.0,0.0,0.1454705135388807
ni_tfnbs,"e=0.6,h=4.0,n=30,start_thres=1.25",hub,0.25,50,6,40,1730,15,0,25,1730,0.375,0.0,1.0,0.0,0.1454705135388807
ni_tfnbs,"e=0.6,h=5.0,n=30,start_thres=1.25",hub,0.25,50,6,40,1730,15,0,25,1730,0.375,0.0,1.0,0.0,0.1454705135388807
ni_tfnbs,"e=0.6,h=6.0,n=30,start_thres=1.25",hub,0.25,50,6,40,1730,12,0,28,1730,0.3,0.0,1.0,0.0,0.1454705135388807
ni_tfnbs,"e=0.6,h=7.0,n=30,start_thres=1.25",hub,0.25,50,6,40,1730,10,0,30,1730,0.25,0.0,1.0,0.0,0.1454705135388807
ni_tfnbs,"e=0.6,h=8.0,n=30,start_thres=1.25",hub,0.25,50,6,40,1730,10,0,30,1730,0.25,0.0,1.0,0.0,0.1454705135388807
ni_tfnbs,"e=0.6,h=9.0,n=30,start_thres=1.25",hub,0.25,50,6,40,1730,9,0,31,1730,0.225,0.0,1.0,0.0,0.1454705135388807
ni_tfnbs,"e=0.6,h=10.0,n=30,start_thres=1.25",hub,0.25,50,6,40,1730,9,0,31,1730,0.225,0.0,1.0,0.0,0.1454705135388807
ni_tfnbs,"e=0.7,h=0.5,n=30,start_thres=1.25",hub,0.25,50,6,40,1730,22,0,18,1730,0.55,0.0,1.0,0.0,0.1454705135388807
ni_tfnbs,"e=0.7,h=1.0,n=30,start_thres=1.25",hub,0.25,50,6,40,1730,22,0,18,1730,0.55,0.0,1.0,0.0,0.1454705135388807
ni_tfnbs,"e=0.7,h=2.0,n=30,start_thres=1.25",hub,0.25,50,6,40,1730,22,0,18,1730,0.55,0.0,1.0,0.0,0.1454705135388807
ni_tfnbs,"e=0.7,h=3.0,n=30,start_thres=1.25",hub,0.25,50,6,40,1730,20,0,20,1730,0.5,0.0,1.0,0.0,0.1454705135388807
ni_tfnbs,"e=0.7,h=4.0,n=30,start_thres=1.25",hub,0.25,50,6,40,1730,17,0,23,1730,0.425,0.0,1.0,0.0,0.1454705135388807
ni_tfnbs,"e=0.7,h=5.0,n=30,start_thres=1.25",hub,0.25,50,6,40,1730,16,0,24,1730,0.4,0.0,1.0,0.0,0.1454705135388807
ni_tfnbs,"e=0.7,h=6.0,n=30,start_thres=1.25",hub,0.25,50,6,40,1730,15,0,25,1730,0.375,0.0,1.0,0.0,0.1454705135388807
ni_tfnbs,"e=0.7,h=7.0,n=30,start_thres=1.25",hub,0.25,50,6,40,1730,14,0,26,1730,0.35,0.0,1.0,0.0,0.1454705135388807
ni_tfnbs,"e=0.7,h=8.0,n=30,start_thres=1.25",hub,0.25,50,6,40,1730,10,0,30,1730,0.25,0.0,1.0,0.0,0.1454705135388807
ni_tfnbs,"e=0.7,h=9.0,n=30,start_thres=1.25",hub,0.25,50,6,40,1730,10,0,30,1730,0.25,0.0,1.0,0.0,0.1454705135388807
ni_tfnbs,"e=0.7,h=10.0,n=30,start_thres=1.25",hub,0.25,50,6,40,1730,9,0,31,1730,0.225,0.0,1.0,0.0,0.1454705135388807
ni_tfnbs,"e=0.8,h=0.5,n=30,start_thres=1.25",hub,0.25,50,6,40,1730,22,1,18,1729,0.55,0.0005780346820809,0.9565217391304348,0.0434782608695652,0.1454705135388807
ni_tfnbs,"e=0.8,h=1.0,n=30,start_thres=1.25",hub,0.25,50,6,40,1730,24,1,16,1729,0.6,0.0005780346820809,0.96,0.04,0.1454705135388807
ni_tfnbs,"e=0.8,h=2.0,n=30,start_thres=1.25",hub,0.25,50,6,40,1730,22,0,18,1730,0.55,0.0,1.0,0.0,0.1454705135388807
ni_tfnbs,"e=0.8,h=3.0,n=30,start_thres=1.25",hub,0.25,50,6,40,1730,23,0,17,1730,0.575,0.0,1.0,0.0,0.1454705135388807
ni_tfnbs,"e=0.8,h=4.0,n=30,start_thres=1.25",hub,0.25,50,6,40,1730,22,0,18,1730,0.55,0.0,1.0,0.0,0.1454705135388807
ni_tfnbs,"e=0.8,h=5.0,n=30,start_thres=1.25",hub,0.25,50,6,40,1730,19,0,21,1730,0.475,0.0,1.0,0.0,0.1454705135388807
ni_tfnbs,"e=0.8,h=6.0,n=30,start_thres=1.25",hub,0.25,50,6,40,1730,16,0,24,1730,0.4,0.0,1.0,0.0,0.1454705135388807
ni_tfnbs,"e=0.8,h=7.0,n=30,start_thres=1.25",hub,0.25,50,6,40,1730,15,0,25,1730,0.375,0.0,1.0,0.0,0.1454705135388807
ni_tfnbs,"e=0.8,h=8.0,n=30,start_thres=1.25",hub,0.25,50,6,40,1730,14,0,26,1730,0.35,0.0,1.0,0.0,0.1454705135388807
ni_tfnbs,"e=0.8,h=9.0,n=30,start_thres=1.25",hub,0.25,50,6,40,1730,10,0,30,1730,0.25,0.0,1.0,0.0,0.1454705135388807
ni_tfnbs,"e=0.8,h=10.0,n=30,start_thres=1.25",hub,0.25,50,6,40,1730,10,0,30,1730,0.25,0.0,1.0,0.0,0.1454705135388807
ni_tfnbs,"e=0.9,h=0.5,n=30,start_thres=1.25",hub,0.25,50,6,40,1730,22,1,18,1729,0.55,0.0005780346820809,0.9565217391304348,0.0434782608695652,0.1454705135388807
ni_tfnbs,"e=0.9,h=1.0,n=30,start_thres=1.25",hub,0.25,50,6,40,1730,25,1,15,1729,0.625,0.0005780346820809,0.9615384615384616,0.0384615384615384,0.1454705135388807
ni_tfnbs,"e=0.9,h=2.0,n=30,start_thres=1.25",hub,0.25,50,6,40,1730,26,1,14,1729,0.65,0.0005780346820809,0.9629629629629628,0.037037037037037,0.1454705135388807
ni_tfnbs,"e=0.9,h=3.0,n=30,start_thres=1.25",hub,0.25,50,6,40,1730,24,0,16,1730,0.6,0.0,1.0,0.0,0.1454705135388807
ni_tfnbs,"e=0.9,h=4.0,n=30,start_thres=1.25",hub,0.25,50,6,40,1730,23,0,17,1730,0.575,0.0,1.0,0.0,0.1454705135388807
ni_tfnbs,"e=0.9,h=5.0,n=30,start_thres=1.25",hub,0.25,50,6,40,1730,21,0,19,1730,0.525,0.0,1.0,0.0,0.1454705135388807
ni_tfnbs,"e=0.9,h=6.0,n=30,start_thres=1.25",hub,0.25,50,6,40,1730,19,0,21,1730,0.475,0.0,1.0,0.0,0.1454705135388807
ni_tfnbs,"e=0.9,h=7.0,n=30,start_thres=1.25",hub,0.25,50,6,40,1730,16,0,24,1730,0.4,0.0,1.0,0.0,0.1454705135388807
ni_tfnbs,"e=0.9,h=8.0,n=30,start_thres=1.25",hub,0.25,50,6,40,1730,15,0,25,1730,0.375,0.0,1.0,0.0,0.1454705135388807
ni_tfnbs,"e=0.9,h=9.0,n=30,start_thres=1.25",hub,0.25,50,6,40,1730,14,0,26,1730,0.35,0.0,1.0,0.0,0.1454705135388807
ni_tfnbs,"e=0.9,h=10.0,n=30,start_thres=1.25",hub,0.25,50,6,40,1730,11,0,29,1730,0.275,0.0,1.0,0.0,0.1454705135388807
ni_tfnbs,"e=1.0,h=0.5,n=30,start_thres=1.25",hub,0.25,50,6,40,1730,22,1,18,1729,0.55,0.0005780346820809,0.9565217391304348,0.0434782608695652,0.1454705135388807
ni_tfnbs,"e=1.0,h=1.0,n=30,start_thres=1.25",hub,0.25,50,6,40,1730,24,1,16,1729,0.6,0.0005780346820809,0.96,0.04,0.1454705135388807
ni_tfnbs,"e=1.0,h=2.0,n=30,start_thres=1.25",hub,0.25,50,6,40,1730,25,1,15,1729,0.625,0.0005780346820809,0.9615384615384616,0.0384615384615384,0.1454705135388807
ni_tfnbs,"e=1.0,h=3.0,n=30,start_thres=1.25",hub,0.25,50,6,40,1730,26,1,14,1729,0.65,0.0005780346820809,0.9629629629629628,0.037037037037037,0.1454705135388807
ni_tfnbs,"e=1.0,h=4.0,n=30,start_thres=1.25",hub,0.25,50,6,40,1730,24,0,16,1730,0.6,0.0,1.0,0.0,0.1454705135388807
ni_tfnbs,"e=1.0,h=5.0,n=30,start_thres=1.25",hub,0.25,50,6,40,1730,23,0,17,1730,0.575,0.0,1.0,0.0,0.1454705135388807
ni_tfnbs,"e=1.0,h=6.0,n=30,start_thres=1.25",hub,0.25,50,6,40,1730,21,0,19,1730,0.525,0.0,1.0,0.0,0.1454705135388807
ni_tfnbs,"e=1.0,h=7.0,n=30,start_thres=1.25",hub,0.25,50,6,40,1730,19,0,21,1730,0.475,0.0,1.0,0.0,0.1454705135388807
ni_tfnbs,"e=1.0,h=8.0,n=30,start_thres=1.25",hub,0.25,50,6,40,1730,16,0,24,1730,0.4,0.0,1.0,0.0,0.1454705135388807
ni_tfnbs,"e=1.0,h=9.0,n=30,start_thres=1.25",hub,0.25,50,6,40,1730,15,0,25,1730,0.375,0.0,1.0,0.0,0.1454705135388807
ni_tfnbs,"e=1.0,h=10.0,n=30,start_thres=1.25",hub,0.25,50,6,40,1730,14,0,26,1730,0.35,0.0,1.0,0.0,0.1454705135388807
ni_tfnbs,"e=1.1,h=0.5,n=30,start_thres=1.25",hub,0.25,50,6,40,1730,22,1,18,1729,0.55,0.0005780346820809,0.9565217391304348,0.0434782608695652,0.1454705135388807
ni_tfnbs,"e=1.1,h=1.0,n=30,start_thres=1.25",hub,0.25,50,6,40,1730,24,1,16,1729,0.6,0.0005780346820809,0.96,0.04,0.1454705135388807
ni_tfnbs,"e=1.1,h=2.0,n=30,start_thres=1.25",hub,0.25,50,6,40,1730,26,1,14,1729,0.65,0.0005780346820809,0.9629629629629628,0.037037037037037,0.1454705135388807
ni_tfnbs,"e=1.1,h=3.0,n=30,start_thres=1.25",hub,0.25,50,6,40,1730,26,1,14,1729,0.65,0.0005780346820809,0.9629629629629628,0.037037037037037,0.1454705135388807
ni_tfnbs,"e=1.1,h=4.0,n=30,start_thres=1.25",hub,0.25,50,6,40,1730,26,1,14,1729,0.65,0.0005780346820809,0.9629629629629628,0.037037037037037,0.1454705135388807
ni_tfnbs,"e=1.1,h=5.0,n=30,start_thres=1.25",hub,0.25,50,6,40,1730,24,0,16,1730,0.6,0.0,1.0,0.0,0.1454705135388807
ni_tfnbs,"e=1.1,h=6.0,n=30,start_thres=1.25",hub,0.25,50,6,40,1730,23,0,17,1730,0.575,0.0,1.0,0.0,0.1454705135388807
ni_tfnbs,"e=1.1,h=7.0,n=30,start_thres=1.25",hub,0.25,50,6,40,1730,21,0,19,1730,0.525,0.0,1.0,0.0,0.1454705135388807
ni_tfnbs,"e=1.1,h=8.0,n=30,start_thres=1.25",hub,0.25,50,6,40,1730,19,0,21,1730,0.475,0.0,1.0,0.0,0.1454705135388807
ni_tfnbs,"e=1.1,h=9.0,n=30,start_thres=1.25",hub,0.25,50,6,40,1730,16,0,24,1730,0.4,0.0,1.0,0.0,0.1454705135388807
ni_tfnbs,"e=1.1,h=10.0,n=30,start_thres=1.25",hub,0.25,50,6,40,1730,15,0,25,1730,0.375,0.0,1.0,0.0,0.1454705135388807
ni_tfnbs,"e=1.2,h=0.5,n=30,start_thres=1.25",hub,0.25,50,6,40,1730,21,1,19,1729,0.525,0.0005780346820809,0.9545454545454546,0.0454545454545454,0.1454705135388807
ni_tfnbs,"e=1.2,h=1.0,n=30,start_thres=1.25",hub,0.25,50,6,40,1730,24,1,16,1729,0.6,0.0005780346820809,0.96,0.04,0.1454705135388807
ni_tfnbs,"e=1.2,h=2.0,n=30,start_thres=1.25",hub,0.25,50,6,40,1730,26,1,14,1729,0.65,0.0005780346820809,0.9629629629629628,0.037037037037037,0.1454705135388807
ni_tfnbs,"e=1.2,h=3.0,n=30,start_thres=1.25",hub,0.25,50,6,40,1730,27,1,13,1729,0.675,0.0005780346820809,0.9642857142857144,0.0357142857142857,0.1454705135388807
ni_tfnbs,"e=1.2,h=4.0,n=30,start_thres=1.25",hub,0.25,50,6,40,1730,26,1,14,1729,0.65,0.0005780346820809,0.9629629629629628,0.037037037037037,0.1454705135388807
ni_tfnbs,"e=1.2,h=5.0,n=30,start_thres=1.25",hub,0.25,50,6,40,1730,26,1,14,1729,0.65,0.0005780346820809,0.9629629629629628,0.037037037037037,0.1454705135388807
ni_tfnbs,"e=1.2,h=6.0,n=30,start_thres=1.25",hub,0.25,50,6,40,1730,24,0,16,1730,0.6,0.0,1.0,0.0,0.1454705135388807
ni_tfnbs,"e=1.2,h=7.0,n=30,start_thres=1.25",hub,0.25,50,6,40,1730,23,0,17,1730,0.575,0.0,1.0,0.0,0.1454705135388807
ni_tfnbs,"e=1.2,h=8.0,n=30,start_thres=1.25",hub,0.25,50,6,40,1730,21,0,19,1730,0.525,0.0,1.0,0.0,0.1454705135388807
ni_tfnbs,"e=1.2,h=9.0,n=30,start_thres=1.25",hub,0.25,50,6,40,1730,19,0,21,1730,0.475,0.0,1.0,0.0,0.1454705135388807
ni_tfnbs,"e=1.2,h=10.0,n=30,start_thres=1.25",hub,0.25,50,6,40,1730,15,0,25,1730,0.375,0.0,1.0,0.0,0.1454705135388807
ni_tfnbs,"e=1.3,h=0.5,n=30,start_thres=1.25",hub,0.25,50,6,40,1730,21,1,19,1729,0.525,0.0005780346820809,0.9545454545454546,0.0454545454545454,0.1454705135388807
ni_tfnbs,"e=1.3,h=1.0,n=30,start_thres=1.25",hub,0.25,50,6,40,1730,24,1,16,1729,0.6,0.0005780346820809,0.96,0.04,0.1454705135388807
ni_tfnbs,"e=1.3,h=2.0,n=30,start_thres=1.25",hub,0.25,50,6,40,1730,24,1,16,1729,0.6,0.0005780346820809,0.96,0.04,0.1454705135388807
ni_tfnbs,"e=1.3,h=3.0,n=30,start_thres=1.25",hub,0.25,50,6,40,1730,26,1,14,1729,0.65,0.0005780346820809,0.9629629629629628,0.037037037037037,0.1454705135388807
ni_tfnbs,"e=1.3,h=4.0,n=30,start_thres=1.25",hub,0.25,50,6,40,1730,27,1,13,1729,0.675,0.0005780346820809,0.9642857142857144,0.0357142857142857,0.1454705135388807
ni_tfnbs,"e=1.3,h=5.0,n=30,start_thres=1.25",hub,0.25,50,6,40,1730,26,1,14,1729,0.65,0.0005780346820809,0.9629629629629628,0.037037037037037,0.1454705135388807
ni_tfnbs,"e=1.3,h=6.0,n=30,start_thres=1.25",hub,0.25,50,6,40,1730,26,1,14,1729,0.65,0.0005780346820809,0.9629629629629628,0.037037037037037,0.1454705135388807
ni_tfnbs,"e=1.3,h=7.0,n=30,start_thres=1.25",hub,0.25,50,6,40,1730,24,0,16,1730,0.6,0.0,1.0,0.0,0.1454705135388807
ni_tfnbs,"e=1.3,h=8.0,n=30,start_thres=1.25",hub,0.25,50,6,40,1730,23,0,17,1730,0.575,0.0,1.0,0.0,0.1454705135388807
ni_tfnbs,"e=1.3,h=9.0,n=30,start_thres=1.25",hub,0.25,50,6,40,1730,22,0,18,1730,0.55,0.0,1.0,0.0,0.1454705135388807
ni_tfnbs,"e=1.3,h=10.0,n=30,start_thres=1.25",hub,0.25,50,6,40,1730,19,0,21,1730,0.475,0.0,1.0,0.0,0.1454705135388807
ni_tfnbs,"e=1.4,h=0.5,n=30,start_thres=1.25",hub,0.25,50,6,40,1730,22,1,18,1729,0.55,0.0005780346820809,0.9565217391304348,0.0434782608695652,0.1454705135388807
ni_tfnbs,"e=1.4,h=1.0,n=30,start_thres=1.25",hub,0.25,50,6,40,1730,23,1,17,1729,0.575,0.0005780346820809,0.9583333333333334,0.0416666666666666,0.1454705135388807
ni_tfnbs,"e=1.4,h=2.0,n=30,start_thres=1.25",hub,0.25,50,6,40,1730,24,1,16,1729,0.6,0.0005780346820809,0.96,0.04,0.1454705135388807
ni_tfnbs,"e=1.4,h=3.0,n=30,start_thres=1.25",hub,0.25,50,6,40,1730,26,1,14,1729,0.65,0.0005780346820809,0.9629629629629628,0.037037037037037,0.1454705135388807
ni_tfnbs,"e=1.4,h=4.0,n=30,start_thres=1.25",hub,0.25,50,6,40,1730,27,1,13,1729,0.675,0.0005780346820809,0.9642857142857144,0.0357142857142857,0.1454705135388807
ni_tfnbs,"e=1.4,h=5.0,n=30,start_thres=1.25",hub,0.25,50,6,40,1730,27,1,13,1729,0.675,0.0005780346820809,0.9642857142857144,0.0357142857142857,0.1454705135388807
ni_tfnbs,"e=1.4,h=6.0,n=30,start_thres=1.25",hub,0.25,50,6,40,1730,26,1,14,1729,0.65,0.0005780346820809,0.9629629629629628,0.037037037037037,0.1454705135388807
ni_tfnbs,"e=1.4,h=7.0,n=30,start_thres=1.25",hub,0.25,50,6,40,1730,25,1,15,1729,0.625,0.0005780346820809,0.9615384615384616,0.0384615384615384,0.1454705135388807
ni_tfnbs,"e=1.4,h=8.0,n=30,start_thres=1.25",hub,0.25,50,6,40,1730,24,0,16,1730,0.6,0.0,1.0,0.0,0.1454705135388807
ni_tfnbs,"e=1.4,h=9.0,n=30,start_thres=1.25",hub,0.25,50,6,40,1730,23,0,17,1730,0.575,0.0,1.0,0.0,0.1454705135388807
ni_tfnbs,"e=1.4,h=10.0,n=30,start_thres=1.25",hub,0.25,50,6,40,1730,21,0,19,1730,0.525,0.0,1.0,0.0,0.1454705135388807
ni_tfnbs,"e=1.5,h=0.5,n=30,start_thres=1.25",hub,0.25,50,6,40,1730,22,1,18,1729,0.55,0.0005780346820809,0.9565217391304348,0.0434782608695652,0.1454705135388807
ni_tfnbs,"e=1.5,h=1.0,n=30,start_thres=1.25",hub,0.25,50,6,40,1730,23,1,17,1729,0.575,0.0005780346820809,0.9583333333333334,0.0416666666666666,0.1454705135388807
ni_tfnbs,"e=1.5,h=2.0,n=30,start_thres=1.25",hub,0.25,50,6,40,1730,24,1,16,1729,0.6,0.0005780346820809,0.96,0.04,0.1454705135388807
ni_tfnbs,"e=1.5,h=3.0,n=30,start_thres=1.25",hub,0.25,50,6,40,1730,26,1,14,1729,0.65,0.0005780346820809,0.9629629629629628,0.037037037037037,0.1454705135388807
ni_tfnbs,"e=1.5,h=4.0,n=30,start_thres=1.25",hub,0.25,50,6,40,1730,27,1,13,1729,0.675,0.0005780346820809,0.9642857142857144,0.0357142857142857,0.1454705135388807
ni_tfnbs,"e=1.5,h=5.0,n=30,start_thres=1.25",hub,0.25,50,6,40,1730,27,1,13,1729,0.675,0.0005780346820809,0.9642857142857144,0.0357142857142857,0.1454705135388807
ni_tfnbs,"e=1.5,h=6.0,n=30,start_thres=1.25",hub,0.25,50,6,40,1730,27,1,13,1729,0.675,0.0005780346820809,0.9642857142857144,0.0357142857142857,0.1454705135388807
ni_tfnbs,"e=1.5,h=7.0,n=30,start_thres=1.25",hub,0.25,50,6,40,1730,26,1,14,1729,0.65,0.0005780346820809,0.9629629629629628,0.037037037037037,0.1454705135388807
ni_tfnbs,"e=1.5,h=8.0,n=30,start_thres=1.25",hub,0.25,50,6,40,1730,26,1,14,1729,0.65,0.0005780346820809,0.9629629629629628,0.037037037037037,0.1454705135388807
ni_tfnbs,"e=1.5,h=9.0,n=30,start_thres=1.25",hub,0.25,50,6,40,1730,24,0,16,1730,0.6,0.0,1.0,0.0,0.1454705135388807
ni_tfnbs,"e=1.5,h=10.0,n=30,start_thres=1.25",hub,0.25,50,6,40,1730,22,0,18,1730,0.55,0.0,1.0,0.0,0.1454705135388807
ni_tfnbs,"e=0.05,h=0.5,n=30,start_thres=1.25",hub,0.25,50,7,40,1730,8,0,32,1730,0.2,0.0,1.0,0.0,0.1446489569815722
ni_tfnbs,"e=0.05,h=1.0,n=30,start_thres=1.25",hub,0.25,50,7,40,1730,8,0,32,1730,0.2,0.0,1.0,0.0,0.1446489569815722
ni_tfnbs,"e=0.05,h=2.0,n=30,start_thres=1.25",hub,0.25,50,7,40,1730,8,0,32,1730,0.2,0.0,1.0,0.0,0.1446489569815722
ni_tfnbs,"e=0.05,h=3.0,n=30,start_thres=1.25",hub,0.25,50,7,40,1730,8,0,32,1730,0.2,0.0,1.0,0.0,0.1446489569815722
ni_tfnbs,"e=0.05,h=4.0,n=30,start_thres=1.25",hub,0.25,50,7,40,1730,8,0,32,1730,0.2,0.0,1.0,0.0,0.1446489569815722
ni_tfnbs,"e=0.05,h=5.0,n=30,start_thres=1.25",hub,0.25,50,7,40,1730,7,0,33,1730,0.175,0.0,1.0,0.0,0.1446489569815722
ni_tfnbs,"e=0.05,h=6.0,n=30,start_thres=1.25",hub,0.25,50,7,40,1730,7,0,33,1730,0.175,0.0,1.0,0.0,0.1446489569815722
ni_tfnbs,"e=0.05,h=7.0,n=30,start_thres=1.25",hub,0.25,50,7,40,1730,7,0,33,1730,0.175,0.0,1.0,0.0,0.1446489569815722
ni_tfnbs,"e=0.05,h=8.0,n=30,start_thres=1.25",hub,0.25,50,7,40,1730,7,0,33,1730,0.175,0.0,1.0,0.0,0.1446489569815722
ni_tfnbs,"e=0.05,h=9.0,n=30,start_thres=1.25",hub,0.25,50,7,40,1730,7,0,33,1730,0.175,0.0,1.0,0.0,0.1446489569815722
ni_tfnbs,"e=0.05,h=10.0,n=30,start_thres=1.25",hub,0.25,50,7,40,1730,7,0,33,1730,0.175,0.0,1.0,0.0,0.1446489569815722
ni_tfnbs,"e=0.1,h=0.5,n=30,start_thres=1.25",hub,0.25,50,7,40,1730,10,0,30,1730,0.25,0.0,1.0,0.0,0.1446489569815722
ni_tfnbs,"e=0.1,h=1.0,n=30,start_thres=1.25",hub,0.25,50,7,40,1730,10,0,30,1730,0.25,0.0,1.0,0.0,0.1446489569815722
ni_tfnbs,"e=0.1,h=2.0,n=30,start_thres=1.25",hub,0.25,50,7,40,1730,10,0,30,1730,0.25,0.0,1.0,0.0,0.1446489569815722
ni_tfnbs,"e=0.1,h=3.0,n=30,start_thres=1.25",hub,0.25,50,7,40,1730,8,0,32,1730,0.2,0.0,1.0,0.0,0.1446489569815722
ni_tfnbs,"e=0.1,h=4.0,n=30,start_thres=1.25",hub,0.25,50,7,40,1730,8,0,32,1730,0.2,0.0,1.0,0.0,0.1446489569815722
ni_tfnbs,"e=0.1,h=5.0,n=30,start_thres=1.25",hub,0.25,50,7,40,1730,8,0,32,1730,0.2,0.0,1.0,0.0,0.1446489569815722
ni_tfnbs,"e=0.1,h=6.0,n=30,start_thres=1.25",hub,0.25,50,7,40,1730,8,0,32,1730,0.2,0.0,1.0,0.0,0.1446489569815722
ni_tfnbs,"e=0.1,h=7.0,n=30,start_thres=1.25",hub,0.25,50,7,40,1730,8,0,32,1730,0.2,0.0,1.0,0.0,0.1446489569815722
ni_tfnbs,"e=0.1,h=8.0,n=30,start_thres=1.25",hub,0.25,50,7,40,1730,8,0,32,1730,0.2,0.0,1.0,0.0,0.1446489569815722
ni_tfnbs,"e=0.1,h=9.0,n=30,start_thres=1.25",hub,0.25,50,7,40,1730,8,0,32,1730,0.2,0.0,1.0,0.0,0.1446489569815722
ni_tfnbs,"e=0.1,h=10.0,n=30,start_thres=1.25",hub,0.25,50,7,40,1730,8,0,32,1730,0.2,0.0,1.0,0.0,0.1446489569815722
ni_tfnbs,"e=0.2,h=0.5,n=30,start_thres=1.25",hub,0.25,50,7,40,1730,12,0,28,1730,0.3,0.0,1.0,0.0,0.1446489569815722
ni_tfnbs,"e=0.2,h=1.0,n=30,start_thres=1.25",hub,0.25,50,7,40,1730,12,0,28,1730,0.3,0.0,1.0,0.0,0.1446489569815722
ni_tfnbs,"e=0.2,h=2.0,n=30,start_thres=1.25",hub,0.25,50,7,40,1730,11,0,29,1730,0.275,0.0,1.0,0.0,0.1446489569815722
ni_tfnbs,"e=0.2,h=3.0,n=30,start_thres=1.25",hub,0.25,50,7,40,1730,11,0,29,1730,0.275,0.0,1.0,0.0,0.1446489569815722
ni_tfnbs,"e=0.2,h=4.0,n=30,start_thres=1.25",hub,0.25,50,7,40,1730,11,0,29,1730,0.275,0.0,1.0,0.0,0.1446489569815722
ni_tfnbs,"e=0.2,h=5.0,n=30,start_thres=1.25",hub,0.25,50,7,40,1730,10,0,30,1730,0.25,0.0,1.0,0.0,0.1446489569815722
ni_tfnbs,"e=0.2,h=6.0,n=30,start_thres=1.25",hub,0.25,50,7,40,1730,10,0,30,1730,0.25,0.0,1.0,0.0,0.1446489569815722
ni_tfnbs,"e=0.2,h=7.0,n=30,start_thres=1.25",hub,0.25,50,7,40,1730,10,0,30,1730,0.25,0.0,1.0,0.0,0.1446489569815722
ni_tfnbs,"e=0.2,h=8.0,n=30,start_thres=1.25",hub,0.25,50,7,40,1730,9,0,31,1730,0.225,0.0,1.0,0.0,0.1446489569815722
ni_tfnbs,"e=0.2,h=9.0,n=30,start_thres=1.25",hub,0.25,50,7,40,1730,8,0,32,1730,0.2,0.0,1.0,0.0,0.1446489569815722
ni_tfnbs,"e=0.2,h=10.0,n=30,start_thres=1.25",hub,0.25,50,7,40,1730,8,0,32,1730,0.2,0.0,1.0,0.0,0.1446489569815722
ni_tfnbs,"e=0.3,h=0.5,n=30,start_thres=1.25",hub,0.25,50,7,40,1730,15,0,25,1730,0.375,0.0,1.0,0.0,0.1446489569815722
ni_tfnbs,"e=0.3,h=1.0,n=30,start_thres=1.25",hub,0.25,50,7,40,1730,14,0,26,1730,0.35,0.0,1.0,0.0,0.1446489569815722
ni_tfnbs,"e=0.3,h=2.0,n=30,start_thres=1.25",hub,0.25,50,7,40,1730,12,0,28,1730,0.3,0.0,1.0,0.0,0.1446489569815722
ni_tfnbs,"e=0.3,h=3.0,n=30,start_thres=1.25",hub,0.25,50,7,40,1730,12,0,28,1730,0.3,0.0,1.0,0.0,0.1446489569815722
ni_tfnbs,"e=0.3,h=4.0,n=30,start_thres=1.25",hub,0.25,50,7,40,1730,11,0,29,1730,0.275,0.0,1.0,0.0,0.1446489569815722
ni_tfnbs,"e=0.3,h=5.0,n=30,start_thres=1.25",hub,0.25,50,7,40,1730,11,0,29,1730,0.275,0.0,1.0,0.0,0.1446489569815722
ni_tfnbs,"e=0.3,h=6.0,n=30,start_thres=1.25",hub,0.25,50,7,40,1730,11,0,29,1730,0.275,0.0,1.0,0.0,0.1446489569815722
ni_tfnbs,"e=0.3,h=7.0,n=30,start_thres=1.25",hub,0.25,50,7,40,1730,11,0,29,1730,0.275,0.0,1.0,0.0,0.1446489569815722
ni_tfnbs,"e=0.3,h=8.0,n=30,start_thres=1.25",hub,0.25,50,7,40,1730,10,0,30,1730,0.25,0.0,1.0,0.0,0.1446489569815722
ni_tfnbs,"e=0.3,h=9.0,n=30,start_thres=1.25",hub,0.25,50,7,40,1730,10,0,30,1730,0.25,0.0,1.0,0.0,0.1446489569815722
ni_tfnbs,"e=0.3,h=10.0,n=30,start_thres=1.25",hub,0.25,50,7,40,1730,10,0,30,1730,0.25,0.0,1.0,0.0,0.1446489569815722
ni_tfnbs,"e=0.4,h=0.5,n=30,start_thres=1.25",hub,0.25,50,7,40,1730,19,0,21,1730,0.475,0.0,1.0,0.0,0.1446489569815722
ni_tfnbs,"e=0.4,h=1.0,n=30,start_thres=1.25",hub,0.25,50,7,40,1730,18,0,22,1730,0.45,0.0,1.0,0.0,0.1446489569815722
ni_tfnbs,"e=0.4,h=2.0,n=30,start_thres=1.25",hub,0.25,50,7,40,1730,15,0,25,1730,0.375,0.0,1.0,0.0,0.1446489569815722
ni_tfnbs,"e=0.4,h=3.0,n=30,start_thres=1.25",hub,0.25,50,7,40,1730,14,0,26,1730,0.35,0.0,1.0,0.0,0.1446489569815722
ni_tfnbs,"e=0.4,h=4.0,n=30,start_thres=1.25",hub,0.25,50,7,40,1730,12,0,28,1730,0.3,0.0,1.0,0.0,0.1446489569815722
ni_tfnbs,"e=0.4,h=5.0,n=30,start_thres=1.25",hub,0.25,50,7,40,1730,12,0,28,1730,0.3,0.0,1.0,0.0,0.1446489569815722
ni_tfnbs,"e=0.4,h=6.0,n=30,start_thres=1.25",hub,0.25,50,7,40,1730,11,0,29,1730,0.275,0.0,1.0,0.0,0.1446489569815722
ni_tfnbs,"e=0.4,h=7.0,n=30,start_thres=1.25",hub,0.25,50,7,40,1730,11,0,29,1730,0.275,0.0,1.0,0.0,0.1446489569815722
ni_tfnbs,"e=0.4,h=8.0,n=30,start_thres=1.25",hub,0.25,50,7,40,1730,11,0,29,1730,0.275,0.0,1.0,0.0,0.1446489569815722
ni_tfnbs,"e=0.4,h=9.0,n=30,start_thres=1.25",hub,0.25,50,7,40,1730,11,0,29,1730,0.275,0.0,1.0,0.0,0.1446489569815722
ni_tfnbs,"e=0.4,h=10.0,n=30,start_thres=1.25",hub,0.25,50,7,40,1730,11,0,29,1730,0.275,0.0,1.0,0.0,0.1446489569815722
ni_tfnbs,"e=0.5,h=0.5,n=30,start_thres=1.25",hub,0.25,50,7,40,1730,20,0,20,1730,0.5,0.0,1.0,0.0,0.1446489569815722
ni_tfnbs,"e=0.5,h=1.0,n=30,start_thres=1.25",hub,0.25,50,7,40,1730,20,0,20,1730,0.5,0.0,1.0,0.0,0.1446489569815722
ni_tfnbs,"e=0.5,h=2.0,n=30,start_thres=1.25",hub,0.25,50,7,40,1730,19,0,21,1730,0.475,0.0,1.0,0.0,0.1446489569815722
ni_tfnbs,"e=0.5,h=3.0,n=30,start_thres=1.25",hub,0.25,50,7,40,1730,15,0,25,1730,0.375,0.0,1.0,0.0,0.1446489569815722
ni_tfnbs,"e=0.5,h=4.0,n=30,start_thres=1.25",hub,0.25,50,7,40,1730,14,0,26,1730,0.35,0.0,1.0,0.0,0.1446489569815722
ni_tfnbs,"e=0.5,h=5.0,n=30,start_thres=1.25",hub,0.25,50,7,40,1730,12,0,28,1730,0.3,0.0,1.0,0.0,0.1446489569815722
ni_tfnbs,"e=0.5,h=6.0,n=30,start_thres=1.25",hub,0.25,50,7,40,1730,12,0,28,1730,0.3,0.0,1.0,0.0,0.1446489569815722
ni_tfnbs,"e=0.5,h=7.0,n=30,start_thres=1.25",hub,0.25,50,7,40,1730,11,0,29,1730,0.275,0.0,1.0,0.0,0.1446489569815722
ni_tfnbs,"e=0.5,h=8.0,n=30,start_thres=1.25",hub,0.25,50,7,40,1730,11,0,29,1730,0.275,0.0,1.0,0.0,0.1446489569815722
ni_tfnbs,"e=0.5,h=9.0,n=30,start_thres=1.25",hub,0.25,50,7,40,1730,11,0,29,1730,0.275,0.0,1.0,0.0,0.1446489569815722
ni_tfnbs,"e=0.5,h=10.0,n=30,start_thres=1.25",hub,0.25,50,7,40,1730,11,0,29,1730,0.275,0.0,1.0,0.0,0.1446489569815722
ni_tfnbs,"e=0.6,h=0.5,n=30,start_thres=1.25",hub,0.25,50,7,40,1730,24,0,16,1730,0.6,0.0,1.0,0.0,0.1446489569815722
ni_tfnbs,"e=0.6,h=1.0,n=30,start_thres=1.25",hub,0.25,50,7,40,1730,22,0,18,1730,0.55,0.0,1.0,0.0,0.1446489569815722
ni_tfnbs,"e=0.6,h=2.0,n=30,start_thres=1.25",hub,0.25,50,7,40,1730,20,0,20,1730,0.5,0.0,1.0,0.0,0.1446489569815722
ni_tfnbs,"e=0.6,h=3.0,n=30,start_thres=1.25",hub,0.25,50,7,40,1730,19,0,21,1730,0.475,0.0,1.0,0.0,0.1446489569815722
ni_tfnbs,"e=0.6,h=4.0,n=30,start_thres=1.25",hub,0.25,50,7,40,1730,15,0,25,1730,0.375,0.0,1.0,0.0,0.1446489569815722
ni_tfnbs,"e=0.6,h=5.0,n=30,start_thres=1.25",hub,0.25,50,7,40,1730,14,0,26,1730,0.35,0.0,1.0,0.0,0.1446489569815722
ni_tfnbs,"e=0.6,h=6.0,n=30,start_thres=1.25",hub,0.25,50,7,40,1730,12,0,28,1730,0.3,0.0,1.0,0.0,0.1446489569815722
ni_tfnbs,"e=0.6,h=7.0,n=30,start_thres=1.25",hub,0.25,50,7,40,1730,12,0,28,1730,0.3,0.0,1.0,0.0,0.1446489569815722
ni_tfnbs,"e=0.6,h=8.0,n=30,start_thres=1.25",hub,0.25,50,7,40,1730,12,0,28,1730,0.3,0.0,1.0,0.0,0.1446489569815722
ni_tfnbs,"e=0.6,h=9.0,n=30,start_thres=1.25",hub,0.25,50,7,40,1730,11,0,29,1730,0.275,0.0,1.0,0.0,0.1446489569815722
ni_tfnbs,"e=0.6,h=10.0,n=30,start_thres=1.25",hub,0.25,50,7,40,1730,11,0,29,1730,0.275,0.0,1.0,0.0,0.1446489569815722
ni_tfnbs,"e=0.7,h=0.5,n=30,start_thres=1.25",hub,0.25,50,7,40,1730,25,0,15,1730,0.625,0.0,1.0,0.0,0.1446489569815722
ni_tfnbs,"e=0.7,h=1.0,n=30,start_thres=1.25",hub,0.25,50,7,40,1730,25,0,15,1730,0.625,0.0,1.0,0.0,0.1446489569815722
ni_tfnbs,"e=0.7,h=2.0,n=30,start_thres=1.25",hub,0.25,50,7,40,1730,23,0,17,1730,0.575,0.0,1.0,0.0,0.1446489569815722
ni_tfnbs,"e=0.7,h=3.0,n=30,start_thres=1.25",hub,0.25,50,7,40,1730,20,0,20,1730,0.5,0.0,1.0,0.0,0.1446489569815722
ni_tfnbs,"e=0.7,h=4.0,n=30,start_thres=1.25",hub,0.25,50,7,40,1730,19,0,21,1730,0.475,0.0,1.0,0.0,0.1446489569815722
ni_tfnbs,"e=0.7,h=5.0,n=30,start_thres=1.25",hub,0.25,50,7,40,1730,17,0,23,1730,0.425,0.0,1.0,0.0,0.1446489569815722
ni_tfnbs,"e=0.7,h=6.0,n=30,start_thres=1.25",hub,0.25,50,7,40,1730,15,0,25,1730,0.375,0.0,1.0,0.0,0.1446489569815722
ni_tfnbs,"e=0.7,h=7.0,n=30,start_thres=1.25",hub,0.25,50,7,40,1730,14,0,26,1730,0.35,0.0,1.0,0.0,0.1446489569815722
ni_tfnbs,"e=0.7,h=8.0,n=30,start_thres=1.25",hub,0.25,50,7,40,1730,12,0,28,1730,0.3,0.0,1.0,0.0,0.1446489569815722
ni_tfnbs,"e=0.7,h=9.0,n=30,start_thres=1.25",hub,0.25,50,7,40,1730,12,0,28,1730,0.3,0.0,1.0,0.0,0.1446489569815722
ni_tfnbs,"e=0.7,h=10.0,n=30,start_thres=1.25",hub,0.25,50,7,40,1730,12,0,28,1730,0.3,0.0,1.0,0.0,0.1446489569815722
ni_tfnbs,"e=0.8,h=0.5,n=30,start_thres=1.25",hub,0.25,50,7,40,1730,25,0,15,1730,0.625,0.0,1.0,0.0,0.1446489569815722
ni_tfnbs,"e=0.8,h=1.0,n=30,start_thres=1.25",hub,0.25,50,7,40,1730,25,0,15,1730,0.625,0.0,1.0,0.0,0.1446489569815722
ni_tfnbs,"e=0.8,h=2.0,n=30,start_thres=1.25",hub,0.25,50,7,40,1730,25,0,15,1730,0.625,0.0,1.0,0.0,0.1446489569815722
ni_tfnbs,"e=0.8,h=3.0,n=30,start_thres=1.25",hub,0.25,50,7,40,1730,23,0,17,1730,0.575,0.0,1.0,0.0,0.1446489569815722
ni_tfnbs,"e=0.8,h=4.0,n=30,start_thres=1.25",hub,0.25,50,7,40,1730,20,0,20,1730,0.5,0.0,1.0,0.0,0.1446489569815722
ni_tfnbs,"e=0.8,h=5.0,n=30,start_thres=1.25",hub,0.25,50,7,40,1730,19,0,21,1730,0.475,0.0,1.0,0.0,0.1446489569815722
ni_tfnbs,"e=0.8,h=6.0,n=30,start_thres=1.25",hub,0.25,50,7,40,1730,17,0,23,1730,0.425,0.0,1.0,0.0,0.1446489569815722
ni_tfnbs,"e=0.8,h=7.0,n=30,start_thres=1.25",hub,0.25,50,7,40,1730,15,0,25,1730,0.375,0.0,1.0,0.0,0.1446489569815722
ni_tfnbs,"e=0.8,h=8.0,n=30,start_thres=1.25",hub,0.25,50,7,40,1730,14,0,26,1730,0.35,0.0,1.0,0.0,0.1446489569815722
ni_tfnbs,"e=0.8,h=9.0,n=30,start_thres=1.25",hub,0.25,50,7,40,1730,12,0,28,1730,0.3,0.0,1.0,0.0,0.1446489569815722
ni_tfnbs,"e=0.8,h=10.0,n=30,start_thres=1.25",hub,0.25,50,7,40,1730,12,0,28,1730,0.3,0.0,1.0,0.0,0.1446489569815722
ni_tfnbs,"e=0.9,h=0.5,n=30,start_thres=1.25",hub,0.25,50,7,40,1730,27,0,13,1730,0.675,0.0,1.0,0.0,0.1446489569815722
ni_tfnbs,"e=0.9,h=1.0,n=30,start_thres=1.25",hub,0.25,50,7,40,1730,27,0,13,1730,0.675,0.0,1.0,0.0,0.1446489569815722
ni_tfnbs,"e=0.9,h=2.0,n=30,start_thres=1.25",hub,0.25,50,7,40,1730,27,0,13,1730,0.675,0.0,1.0,0.0,0.1446489569815722
ni_tfnbs,"e=0.9,h=3.0,n=30,start_thres=1.25",hub,0.25,50,7,40,1730,25,0,15,1730,0.625,0.0,1.0,0.0,0.1446489569815722
ni_tfnbs,"e=0.9,h=4.0,n=30,start_thres=1.25",hub,0.25,50,7,40,1730,23,0,17,1730,0.575,0.0,1.0,0.0,0.1446489569815722
ni_tfnbs,"e=0.9,h=5.0,n=30,start_thres=1.25",hub,0.25,50,7,40,1730,20,0,20,1730,0.5,0.0,1.0,0.0,0.1446489569815722
ni_tfnbs,"e=0.9,h=6.0,n=30,start_thres=1.25",hub,0.25,50,7,40,1730,20,0,20,1730,0.5,0.0,1.0,0.0,0.1446489569815722
ni_tfnbs,"e=0.9,h=7.0,n=30,start_thres=1.25",hub,0.25,50,7,40,1730,17,0,23,1730,0.425,0.0,1.0,0.0,0.1446489569815722
ni_tfnbs,"e=0.9,h=8.0,n=30,start_thres=1.25",hub,0.25,50,7,40,1730,15,0,25,1730,0.375,0.0,1.0,0.0,0.1446489569815722
ni_tfnbs,"e=0.9,h=9.0,n=30,start_thres=1.25",hub,0.25,50,7,40,1730,14,0,26,1730,0.35,0.0,1.0,0.0,0.1446489569815722
ni_tfnbs,"e=0.9,h=10.0,n=30,start_thres=1.25",hub,0.25,50,7,40,1730,12,0,28,1730,0.3,0.0,1.0,0.0,0.1446489569815722
ni_tfnbs,"e=1.0,h=0.5,n=30,start_thres=1.25",hub,0.25,50,7,40,1730,27,0,13,1730,0.675,0.0,1.0,0.0,0.1446489569815722
ni_tfnbs,"e=1.0,h=1.0,n=30,start_thres=1.25",hub,0.25,50,7,40,1730,27,0,13,1730,0.675,0.0,1.0,0.0,0.1446489569815722
ni_tfnbs,"e=1.0,h=2.0,n=30,start_thres=1.25",hub,0.25,50,7,40,1730,27,0,13,1730,0.675,0.0,1.0,0.0,0.1446489569815722
ni_tfnbs,"e=1.0,h=3.0,n=30,start_thres=1.25",hub,0.25,50,7,40,1730,27,0,13,1730,0.675,0.0,1.0,0.0,0.1446489569815722
ni_tfnbs,"e=1.0,h=4.0,n=30,start_thres=1.25",hub,0.25,50,7,40,1730,25,0,15,1730,0.625,0.0,1.0,0.0,0.1446489569815722
ni_tfnbs,"e=1.0,h=5.0,n=30,start_thres=1.25",hub,0.25,50,7,40,1730,23,0,17,1730,0.575,0.0,1.0,0.0,0.1446489569815722
ni_tfnbs,"e=1.0,h=6.0,n=30,start_thres=1.25",hub,0.25,50,7,40,1730,20,0,20,1730,0.5,0.0,1.0,0.0,0.1446489569815722
ni_tfnbs,"e=1.0,h=7.0,n=30,start_thres=1.25",hub,0.25,50,7,40,1730,19,0,21,1730,0.475,0.0,1.0,0.0,0.1446489569815722
ni_tfnbs,"e=1.0,h=8.0,n=30,start_thres=1.25",hub,0.25,50,7,40,1730,18,0,22,1730,0.45,0.0,1.0,0.0,0.1446489569815722
ni_tfnbs,"e=1.0,h=9.0,n=30,start_thres=1.25",hub,0.25,50,7,40,1730,15,0,25,1730,0.375,0.0,1.0,0.0,0.1446489569815722
ni_tfnbs,"e=1.0,h=10.0,n=30,start_thres=1.25",hub,0.25,50,7,40,1730,12,0,28,1730,0.3,0.0,1.0,0.0,0.1446489569815722
ni_tfnbs,"e=1.1,h=0.5,n=30,start_thres=1.25",hub,0.25,50,7,40,1730,27,0,13,1730,0.675,0.0,1.0,0.0,0.1446489569815722
ni_tfnbs,"e=1.1,h=1.0,n=30,start_thres=1.25",hub,0.25,50,7,40,1730,27,0,13,1730,0.675,0.0,1.0,0.0,0.1446489569815722
ni_tfnbs,"e=1.1,h=2.0,n=30,start_thres=1.25",hub,0.25,50,7,40,1730,27,0,13,1730,0.675,0.0,1.0,0.0,0.1446489569815722
ni_tfnbs,"e=1.1,h=3.0,n=30,start_thres=1.25",hub,0.25,50,7,40,1730,27,0,13,1730,0.675,0.0,1.0,0.0,0.1446489569815722
ni_tfnbs,"e=1.1,h=4.0,n=30,start_thres=1.25",hub,0.25,50,7,40,1730,27,0,13,1730,0.675,0.0,1.0,0.0,0.1446489569815722
ni_tfnbs,"e=1.1,h=5.0,n=30,start_thres=1.25",hub,0.25,50,7,40,1730,24,0,16,1730,0.6,0.0,1.0,0.0,0.1446489569815722
ni_tfnbs,"e=1.1,h=6.0,n=30,start_thres=1.25",hub,0.25,50,7,40,1730,23,0,17,1730,0.575,0.0,1.0,0.0,0.1446489569815722
ni_tfnbs,"e=1.1,h=7.0,n=30,start_thres=1.25",hub,0.25,50,7,40,1730,20,0,20,1730,0.5,0.0,1.0,0.0,0.1446489569815722
ni_tfnbs,"e=1.1,h=8.0,n=30,start_thres=1.25",hub,0.25,50,7,40,1730,19,0,21,1730,0.475,0.0,1.0,0.0,0.1446489569815722
ni_tfnbs,"e=1.1,h=9.0,n=30,start_thres=1.25",hub,0.25,50,7,40,1730,18,0,22,1730,0.45,0.0,1.0,0.0,0.1446489569815722
ni_tfnbs,"e=1.1,h=10.0,n=30,start_thres=1.25",hub,0.25,50,7,40,1730,15,0,25,1730,0.375,0.0,1.0,0.0,0.1446489569815722
ni_tfnbs,"e=1.2,h=0.5,n=30,start_thres=1.25",hub,0.25,50,7,40,1730,27,0,13,1730,0.675,0.0,1.0,0.0,0.1446489569815722
ni_tfnbs,"e=1.2,h=1.0,n=30,start_thres=1.25",hub,0.25,50,7,40,1730,28,0,12,1730,0.7,0.0,1.0,0.0,0.1446489569815722
ni_tfnbs,"e=1.2,h=2.0,n=30,start_thres=1.25",hub,0.25,50,7,40,1730,28,0,12,1730,0.7,0.0,1.0,0.0,0.1446489569815722
ni_tfnbs,"e=1.2,h=3.0,n=30,start_thres=1.25",hub,0.25,50,7,40,1730,28,0,12,1730,0.7,0.0,1.0,0.0,0.1446489569815722
ni_tfnbs,"e=1.2,h=4.0,n=30,start_thres=1.25",hub,0.25,50,7,40,1730,27,0,13,1730,0.675,0.0,1.0,0.0,0.1446489569815722
ni_tfnbs,"e=1.2,h=5.0,n=30,start_thres=1.25",hub,0.25,50,7,40,1730,27,0,13,1730,0.675,0.0,1.0,0.0,0.1446489569815722
ni_tfnbs,"e=1.2,h=6.0,n=30,start_thres=1.25",hub,0.25,50,7,40,1730,24,0,16,1730,0.6,0.0,1.0,0.0,0.1446489569815722
ni_tfnbs,"e=1.2,h=7.0,n=30,start_thres=1.25",hub,0.25,50,7,40,1730,23,0,17,1730,0.575,0.0,1.0,0.0,0.1446489569815722
ni_tfnbs,"e=1.2,h=8.0,n=30,start_thres=1.25",hub,0.25,50,7,40,1730,20,0,20,1730,0.5,0.0,1.0,0.0,0.1446489569815722
ni_tfnbs,"e=1.2,h=9.0,n=30,start_thres=1.25",hub,0.25,50,7,40,1730,19,0,21,1730,0.475,0.0,1.0,0.0,0.1446489569815722
ni_tfnbs,"e=1.2,h=10.0,n=30,start_thres=1.25",hub,0.25,50,7,40,1730,18,0,22,1730,0.45,0.0,1.0,0.0,0.1446489569815722
ni_tfnbs,"e=1.3,h=0.5,n=30,start_thres=1.25",hub,0.25,50,7,40,1730,25,0,15,1730,0.625,0.0,1.0,0.0,0.1446489569815722
ni_tfnbs,"e=1.3,h=1.0,n=30,start_thres=1.25",hub,0.25,50,7,40,1730,27,0,13,1730,0.675,0.0,1.0,0.0,0.1446489569815722
ni_tfnbs,"e=1.3,h=2.0,n=30,start_thres=1.25",hub,0.25,50,7,40,1730,28,0,12,1730,0.7,0.0,1.0,0.0,0.1446489569815722
ni_tfnbs,"e=1.3,h=3.0,n=30,start_thres=1.25",hub,0.25,50,7,40,1730,28,0,12,1730,0.7,0.0,1.0,0.0,0.1446489569815722
ni_tfnbs,"e=1.3,h=4.0,n=30,start_thres=1.25",hub,0.25,50,7,40,1730,27,0,13,1730,0.675,0.0,1.0,0.0,0.1446489569815722
ni_tfnbs,"e=1.3,h=5.0,n=30,start_thres=1.25",hub,0.25,50,7,40,1730,27,0,13,1730,0.675,0.0,1.0,0.0,0.1446489569815722
ni_tfnbs,"e=1.3,h=6.0,n=30,start_thres=1.25",hub,0.25,50,7,40,1730,27,0,13,1730,0.675,0.0,1.0,0.0,0.1446489569815722
ni_tfnbs,"e=1.3,h=7.0,n=30,start_thres=1.25",hub,0.25,50,7,40,1730,24,0,16,1730,0.6,0.0,1.0,0.0,0.1446489569815722
ni_tfnbs,"e=1.3,h=8.0,n=30,start_thres=1.25",hub,0.25,50,7,40,1730,22,0,18,1730,0.55,0.0,1.0,0.0,0.1446489569815722
ni_tfnbs,"e=1.3,h=9.0,n=30,start_thres=1.25",hub,0.25,50,7,40,1730,20,0,20,1730,0.5,0.0,1.0,0.0,0.1446489569815722
ni_tfnbs,"e=1.3,h=10.0,n=30,start_thres=1.25",hub,0.25,50,7,40,1730,19,0,21,1730,0.475,0.0,1.0,0.0,0.1446489569815722
ni_tfnbs,"e=1.4,h=0.5,n=30,start_thres=1.25",hub,0.25,50,7,40,1730,25,0,15,1730,0.625,0.0,1.0,0.0,0.1446489569815722
ni_tfnbs,"e=1.4,h=1.0,n=30,start_thres=1.25",hub,0.25,50,7,40,1730,27,0,13,1730,0.675,0.0,1.0,0.0,0.1446489569815722
ni_tfnbs,"e=1.4,h=2.0,n=30,start_thres=1.25",hub,0.25,50,7,40,1730,28,0,12,1730,0.7,0.0,1.0,0.0,0.1446489569815722
ni_tfnbs,"e=1.4,h=3.0,n=30,start_thres=1.25",hub,0.25,50,7,40,1730,28,0,12,1730,0.7,0.0,1.0,0.0,0.1446489569815722
ni_tfnbs,"e=1.4,h=4.0,n=30,start_thres=1.25",hub,0.25,50,7,40,1730,28,0,12,1730,0.7,0.0,1.0,0.0,0.1446489569815722
ni_tfnbs,"e=1.4,h=5.0,n=30,start_thres=1.25",hub,0.25,50,7,40,1730,27,0,13,1730,0.675,0.0,1.0,0.0,0.1446489569815722
ni_tfnbs,"e=1.4,h=6.0,n=30,start_thres=1.25",hub,0.25,50,7,40,1730,27,0,13,1730,0.675,0.0,1.0,0.0,0.1446489569815722
ni_tfnbs,"e=1.4,h=7.0,n=30,start_thres=1.25",hub,0.25,50,7,40,1730,24,0,16,1730,0.6,0.0,1.0,0.0,0.1446489569815722
ni_tfnbs,"e=1.4,h=8.0,n=30,start_thres=1.25",hub,0.25,50,7,40,1730,23,0,17,1730,0.575,0.0,1.0,0.0,0.1446489569815722
ni_tfnbs,"e=1.4,h=9.0,n=30,start_thres=1.25",hub,0.25,50,7,40,1730,22,0,18,1730,0.55,0.0,1.0,0.0,0.1446489569815722
ni_tfnbs,"e=1.4,h=10.0,n=30,start_thres=1.25",hub,0.25,50,7,40,1730,20,0,20,1730,0.5,0.0,1.0,0.0,0.1446489569815722
ni_tfnbs,"e=1.5,h=0.5,n=30,start_thres=1.25",hub,0.25,50,7,40,1730,25,0,15,1730,0.625,0.0,1.0,0.0,0.1446489569815722
ni_tfnbs,"e=1.5,h=1.0,n=30,start_thres=1.25",hub,0.25,50,7,40,1730,27,0,13,1730,0.675,0.0,1.0,0.0,0.1446489569815722
ni_tfnbs,"e=1.5,h=2.0,n=30,start_thres=1.25",hub,0.25,50,7,40,1730,28,0,12,1730,0.7,0.0,1.0,0.0,0.1446489569815722
ni_tfnbs,"e=1.5,h=3.0,n=30,start_thres=1.25",hub,0.25,50,7,40,1730,28,0,12,1730,0.7,0.0,1.0,0.0,0.1446489569815722
ni_tfnbs,"e=1.5,h=4.0,n=30,start_thres=1.25",hub,0.25,50,7,40,1730,28,0,12,1730,0.7,0.0,1.0,0.0,0.1446489569815722
ni_tfnbs,"e=1.5,h=5.0,n=30,start_thres=1.25",hub,0.25,50,7,40,1730,27,0,13,1730,0.675,0.0,1.0,0.0,0.1446489569815722
ni_tfnbs,"e=1.5,h=6.0,n=30,start_thres=1.25",hub,0.25,50,7,40,1730,27,0,13,1730,0.675,0.0,1.0,0.0,0.1446489569815722
ni_tfnbs,"e=1.5,h=7.0,n=30,start_thres=1.25",hub,0.25,50,7,40,1730,27,0,13,1730,0.675,0.0,1.0,0.0,0.1446489569815722
ni_tfnbs,"e=1.5,h=8.0,n=30,start_thres=1.25",hub,0.25,50,7,40,1730,24,0,16,1730,0.6,0.0,1.0,0.0,0.1446489569815722
ni_tfnbs,"e=1.5,h=9.0,n=30,start_thres=1.25",hub,0.25,50,7,40,1730,23,0,17,1730,0.575,0.0,1.0,0.0,0.1446489569815722
ni_tfnbs,"e=1.5,h=10.0,n=30,start_thres=1.25",hub,0.25,50,7,40,1730,20,0,20,1730,0.5,0.0,1.0,0.0,0.1446489569815722
ni_tfnbs,"e=0.05,h=0.5,n=30,start_thres=1.25",hub,0.25,50,8,40,1730,8,0,32,1730,0.2,0.0,1.0,0.0,0.1452226692979986
ni_tfnbs,"e=0.05,h=1.0,n=30,start_thres=1.25",hub,0.25,50,8,40,1730,8,0,32,1730,0.2,0.0,1.0,0.0,0.1452226692979986
ni_tfnbs,"e=0.05,h=2.0,n=30,start_thres=1.25",hub,0.25,50,8,40,1730,8,0,32,1730,0.2,0.0,1.0,0.0,0.1452226692979986
ni_tfnbs,"e=0.05,h=3.0,n=30,start_thres=1.25",hub,0.25,50,8,40,1730,8,0,32,1730,0.2,0.0,1.0,0.0,0.1452226692979986
ni_tfnbs,"e=0.05,h=4.0,n=30,start_thres=1.25",hub,0.25,50,8,40,1730,8,0,32,1730,0.2,0.0,1.0,0.0,0.1452226692979986
ni_tfnbs,"e=0.05,h=5.0,n=30,start_thres=1.25",hub,0.25,50,8,40,1730,8,0,32,1730,0.2,0.0,1.0,0.0,0.1452226692979986
ni_tfnbs,"e=0.05,h=6.0,n=30,start_thres=1.25",hub,0.25,50,8,40,1730,8,0,32,1730,0.2,0.0,1.0,0.0,0.1452226692979986
ni_tfnbs,"e=0.05,h=7.0,n=30,start_thres=1.25",hub,0.25,50,8,40,1730,8,0,32,1730,0.2,0.0,1.0,0.0,0.1452226692979986
ni_tfnbs,"e=0.05,h=8.0,n=30,start_thres=1.25",hub,0.25,50,8,40,1730,8,0,32,1730,0.2,0.0,1.0,0.0,0.1452226692979986
ni_tfnbs,"e=0.05,h=9.0,n=30,start_thres=1.25",hub,0.25,50,8,40,1730,8,0,32,1730,0.2,0.0,1.0,0.0,0.1452226692979986
ni_tfnbs,"e=0.05,h=10.0,n=30,start_thres=1.25",hub,0.25,50,8,40,1730,8,0,32,1730,0.2,0.0,1.0,0.0,0.1452226692979986
ni_tfnbs,"e=0.1,h=0.5,n=30,start_thres=1.25",hub,0.25,50,8,40,1730,9,0,31,1730,0.225,0.0,1.0,0.0,0.1452226692979986
ni_tfnbs,"e=0.1,h=1.0,n=30,start_thres=1.25",hub,0.25,50,8,40,1730,9,0,31,1730,0.225,0.0,1.0,0.0,0.1452226692979986
ni_tfnbs,"e=0.1,h=2.0,n=30,start_thres=1.25",hub,0.25,50,8,40,1730,9,0,31,1730,0.225,0.0,1.0,0.0,0.1452226692979986
ni_tfnbs,"e=0.1,h=3.0,n=30,start_thres=1.25",hub,0.25,50,8,40,1730,8,0,32,1730,0.2,0.0,1.0,0.0,0.1452226692979986
ni_tfnbs,"e=0.1,h=4.0,n=30,start_thres=1.25",hub,0.25,50,8,40,1730,8,0,32,1730,0.2,0.0,1.0,0.0,0.1452226692979986
ni_tfnbs,"e=0.1,h=5.0,n=30,start_thres=1.25",hub,0.25,50,8,40,1730,8,0,32,1730,0.2,0.0,1.0,0.0,0.1452226692979986
ni_tfnbs,"e=0.1,h=6.0,n=30,start_thres=1.25",hub,0.25,50,8,40,1730,8,0,32,1730,0.2,0.0,1.0,0.0,0.1452226692979986
ni_tfnbs,"e=0.1,h=7.0,n=30,start_thres=1.25",hub,0.25,50,8,40,1730,8,0,32,1730,0.2,0.0,1.0,0.0,0.1452226692979986
ni_tfnbs,"e=0.1,h=8.0,n=30,start_thres=1.25",hub,0.25,50,8,40,1730,8,0,32,1730,0.2,0.0,1.0,0.0,0.1452226692979986
ni_tfnbs,"e=0.1,h=9.0,n=30,start_thres=1.25",hub,0.25,50,8,40,1730,8,0,32,1730,0.2,0.0,1.0,0.0,0.1452226692979986
ni_tfnbs,"e=0.1,h=10.0,n=30,start_thres=1.25",hub,0.25,50,8,40,1730,8,0,32,1730,0.2,0.0,1.0,0.0,0.1452226692979986
ni_tfnbs,"e=0.2,h=0.5,n=30,start_thres=1.25",hub,0.25,50,8,40,1730,11,0,29,1730,0.275,0.0,1.0,0.0,0.1452226692979986
ni_tfnbs,"e=0.2,h=1.0,n=30,start_thres=1.25",hub,0.25,50,8,40,1730,11,0,29,1730,0.275,0.0,1.0,0.0,0.1452226692979986
ni_tfnbs,"e=0.2,h=2.0,n=30,start_thres=1.25",hub,0.25,50,8,40,1730,11,0,29,1730,0.275,0.0,1.0,0.0,0.1452226692979986
ni_tfnbs,"e=0.2,h=3.0,n=30,start_thres=1.25",hub,0.25,50,8,40,1730,10,0,30,1730,0.25,0.0,1.0,0.0,0.1452226692979986
ni_tfnbs,"e=0.2,h=4.0,n=30,start_thres=1.25",hub,0.25,50,8,40,1730,9,0,31,1730,0.225,0.0,1.0,0.0,0.1452226692979986
ni_tfnbs,"e=0.2,h=5.0,n=30,start_thres=1.25",hub,0.25,50,8,40,1730,9,0,31,1730,0.225,0.0,1.0,0.0,0.1452226692979986
ni_tfnbs,"e=0.2,h=6.0,n=30,start_thres=1.25",hub,0.25,50,8,40,1730,9,0,31,1730,0.225,0.0,1.0,0.0,0.1452226692979986
ni_tfnbs,"e=0.2,h=7.0,n=30,start_thres=1.25",hub,0.25,50,8,40,1730,9,0,31,1730,0.225,0.0,1.0,0.0,0.1452226692979986
ni_tfnbs,"e=0.2,h=8.0,n=30,start_thres=1.25",hub,0.25,50,8,40,1730,8,0,32,1730,0.2,0.0,1.0,0.0,0.1452226692979986
ni_tfnbs,"e=0.2,h=9.0,n=30,start_thres=1.25",hub,0.25,50,8,40,1730,8,0,32,1730,0.2,0.0,1.0,0.0,0.1452226692979986
ni_tfnbs,"e=0.2,h=10.0,n=30,start_thres=1.25",hub,0.25,50,8,40,1730,8,0,32,1730,0.2,0.0,1.0,0.0,0.1452226692979986
ni_tfnbs,"e=0.3,h=0.5,n=30,start_thres=1.25",hub,0.25,50,8,40,1730,13,0,27,1730,0.325,0.0,1.0,0.0,0.1452226692979986
ni_tfnbs,"e=0.3,h=1.0,n=30,start_thres=1.25",hub,0.25,50,8,40,1730,13,0,27,1730,0.325,0.0,1.0,0.0,0.1452226692979986
ni_tfnbs,"e=0.3,h=2.0,n=30,start_thres=1.25",hub,0.25,50,8,40,1730,11,0,29,1730,0.275,0.0,1.0,0.0,0.1452226692979986
ni_tfnbs,"e=0.3,h=3.0,n=30,start_thres=1.25",hub,0.25,50,8,40,1730,11,0,29,1730,0.275,0.0,1.0,0.0,0.1452226692979986
ni_tfnbs,"e=0.3,h=4.0,n=30,start_thres=1.25",hub,0.25,50,8,40,1730,11,0,29,1730,0.275,0.0,1.0,0.0,0.1452226692979986
ni_tfnbs,"e=0.3,h=5.0,n=30,start_thres=1.25",hub,0.25,50,8,40,1730,11,0,29,1730,0.275,0.0,1.0,0.0,0.1452226692979986
ni_tfnbs,"e=0.3,h=6.0,n=30,start_thres=1.25",hub,0.25,50,8,40,1730,10,0,30,1730,0.25,0.0,1.0,0.0,0.1452226692979986
ni_tfnbs,"e=0.3,h=7.0,n=30,start_thres=1.25",hub,0.25,50,8,40,1730,9,0,31,1730,0.225,0.0,1.0,0.0,0.1452226692979986
ni_tfnbs,"e=0.3,h=8.0,n=30,start_thres=1.25",hub,0.25,50,8,40,1730,9,0,31,1730,0.225,0.0,1.0,0.0,0.1452226692979986
ni_tfnbs,"e=0.3,h=9.0,n=30,start_thres=1.25",hub,0.25,50,8,40,1730,9,0,31,1730,0.225,0.0,1.0,0.0,0.1452226692979986
ni_tfnbs,"e=0.3,h=10.0,n=30,start_thres=1.25",hub,0.25,50,8,40,1730,9,0,31,1730,0.225,0.0,1.0,0.0,0.1452226692979986
ni_tfnbs,"e=0.4,h=0.5,n=30,start_thres=1.25",hub,0.25,50,8,40,1730,15,0,25,1730,0.375,0.0,1.0,0.0,0.1452226692979986
ni_tfnbs,"e=0.4,h=1.0,n=30,start_thres=1.25",hub,0.25,50,8,40,1730,14,0,26,1730,0.35,0.0,1.0,0.0,0.1452226692979986
ni_tfnbs,"e=0.4,h=2.0,n=30,start_thres=1.25",hub,0.25,50,8,40,1730,13,0,27,1730,0.325,0.0,1.0,0.0,0.1452226692979986
ni_tfnbs,"e=0.4,h=3.0,n=30,start_thres=1.25",hub,0.25,50,8,40,1730,11,0,29,1730,0.275,0.0,1.0,0.0,0.1452226692979986
ni_tfnbs,"e=0.4,h=4.0,n=30,start_thres=1.25",hub,0.25,50,8,40,1730,11,0,29,1730,0.275,0.0,1.0,0.0,0.1452226692979986
ni_tfnbs,"e=0.4,h=5.0,n=30,start_thres=1.25",hub,0.25,50,8,40,1730,11,0,29,1730,0.275,0.0,1.0,0.0,0.1452226692979986
ni_tfnbs,"e=0.4,h=6.0,n=30,start_thres=1.25",hub,0.25,50,8,40,1730,11,0,29,1730,0.275,0.0,1.0,0.0,0.1452226692979986
ni_tfnbs,"e=0.4,h=7.0,n=30,start_thres=1.25",hub,0.25,50,8,40,1730,11,0,29,1730,0.275,0.0,1.0,0.0,0.1452226692979986
ni_tfnbs,"e=0.4,h=8.0,n=30,start_thres=1.25",hub,0.25,50,8,40,1730,10,0,30,1730,0.25,0.0,1.0,0.0,0.1452226692979986
ni_tfnbs,"e=0.4,h=9.0,n=30,start_thres=1.25",hub,0.25,50,8,40,1730,10,0,30,1730,0.25,0.0,1.0,0.0,0.1452226692979986
ni_tfnbs,"e=0.4,h=10.0,n=30,start_thres=1.25",hub,0.25,50,8,40,1730,9,0,31,1730,0.225,0.0,1.0,0.0,0.1452226692979986
ni_tfnbs,"e=0.5,h=0.5,n=30,start_thres=1.25",hub,0.25,50,8,40,1730,17,0,23,1730,0.425,0.0,1.0,0.0,0.1452226692979986
ni_tfnbs,"e=0.5,h=1.0,n=30,start_thres=1.25",hub,0.25,50,8,40,1730,17,0,23,1730,0.425,0.0,1.0,0.0,0.1452226692979986
ni_tfnbs,"e=0.5,h=2.0,n=30,start_thres=1.25",hub,0.25,50,8,40,1730,15,0,25,1730,0.375,0.0,1.0,0.0,0.1452226692979986
ni_tfnbs,"e=0.5,h=3.0,n=30,start_thres=1.25",hub,0.25,50,8,40,1730,14,0,26,1730,0.35,0.0,1.0,0.0,0.1452226692979986
ni_tfnbs,"e=0.5,h=4.0,n=30,start_thres=1.25",hub,0.25,50,8,40,1730,13,0,27,1730,0.325,0.0,1.0,0.0,0.1452226692979986
ni_tfnbs,"e=0.5,h=5.0,n=30,start_thres=1.25",hub,0.25,50,8,40,1730,11,0,29,1730,0.275,0.0,1.0,0.0,0.1452226692979986
ni_tfnbs,"e=0.5,h=6.0,n=30,start_thres=1.25",hub,0.25,50,8,40,1730,11,0,29,1730,0.275,0.0,1.0,0.0,0.1452226692979986
ni_tfnbs,"e=0.5,h=7.0,n=30,start_thres=1.25",hub,0.25,50,8,40,1730,11,0,29,1730,0.275,0.0,1.0,0.0,0.1452226692979986
ni_tfnbs,"e=0.5,h=8.0,n=30,start_thres=1.25",hub,0.25,50,8,40,1730,11,0,29,1730,0.275,0.0,1.0,0.0,0.1452226692979986
ni_tfnbs,"e=0.5,h=9.0,n=30,start_thres=1.25",hub,0.25,50,8,40,1730,11,0,29,1730,0.275,0.0,1.0,0.0,0.1452226692979986
ni_tfnbs,"e=0.5,h=10.0,n=30,start_thres=1.25",hub,0.25,50,8,40,1730,11,0,29,1730,0.275,0.0,1.0,0.0,0.1452226692979986
ni_tfnbs,"e=0.6,h=0.5,n=30,start_thres=1.25",hub,0.25,50,8,40,1730,17,0,23,1730,0.425,0.0,1.0,0.0,0.1452226692979986
ni_tfnbs,"e=0.6,h=1.0,n=30,start_thres=1.25",hub,0.25,50,8,40,1730,18,0,22,1730,0.45,0.0,1.0,0.0,0.1452226692979986
ni_tfnbs,"e=0.6,h=2.0,n=30,start_thres=1.25",hub,0.25,50,8,40,1730,17,0,23,1730,0.425,0.0,1.0,0.0,0.1452226692979986
ni_tfnbs,"e=0.6,h=3.0,n=30,start_thres=1.25",hub,0.25,50,8,40,1730,16,0,24,1730,0.4,0.0,1.0,0.0,0.1452226692979986
ni_tfnbs,"e=0.6,h=4.0,n=30,start_thres=1.25",hub,0.25,50,8,40,1730,15,0,25,1730,0.375,0.0,1.0,0.0,0.1452226692979986
ni_tfnbs,"e=0.6,h=5.0,n=30,start_thres=1.25",hub,0.25,50,8,40,1730,13,0,27,1730,0.325,0.0,1.0,0.0,0.1452226692979986
ni_tfnbs,"e=0.6,h=6.0,n=30,start_thres=1.25",hub,0.25,50,8,40,1730,11,0,29,1730,0.275,0.0,1.0,0.0,0.1452226692979986
ni_tfnbs,"e=0.6,h=7.0,n=30,start_thres=1.25",hub,0.25,50,8,40,1730,11,0,29,1730,0.275,0.0,1.0,0.0,0.1452226692979986
ni_tfnbs,"e=0.6,h=8.0,n=30,start_thres=1.25",hub,0.25,50,8,40,1730,11,0,29,1730,0.275,0.0,1.0,0.0,0.1452226692979986
ni_tfnbs,"e=0.6,h=9.0,n=30,start_thres=1.25",hub,0.25,50,8,40,1730,11,0,29,1730,0.275,0.0,1.0,0.0,0.1452226692979986
ni_tfnbs,"e=0.6,h=10.0,n=30,start_thres=1.25",hub,0.25,50,8,40,1730,11,0,29,1730,0.275,0.0,1.0,0.0,0.1452226692979986
ni_tfnbs,"e=0.7,h=0.5,n=30,start_thres=1.25",hub,0.25,50,8,40,1730,17,0,23,1730,0.425,0.0,1.0,0.0,0.1452226692979986
ni_tfnbs,"e=0.7,h=1.0,n=30,start_thres=1.25",hub,0.25,50,8,40,1730,19,0,21,1730,0.475,0.0,1.0,0.0,0.1452226692979986
ni_tfnbs,"e=0.7,h=2.0,n=30,start_thres=1.25",hub,0.25,50,8,40,1730,18,0,22,1730,0.45,0.0,1.0,0.0,0.1452226692979986
ni_tfnbs,"e=0.7,h=3.0,n=30,start_thres=1.25",hub,0.25,50,8,40,1730,17,0,23,1730,0.425,0.0,1.0,0.0,0.1452226692979986
ni_tfnbs,"e=0.7,h=4.0,n=30,start_thres=1.25",hub,0.25,50,8,40,1730,16,0,24,1730,0.4,0.0,1.0,0.0,0.1452226692979986
ni_tfnbs,"e=0.7,h=5.0,n=30,start_thres=1.25",hub,0.25,50,8,40,1730,15,0,25,1730,0.375,0.0,1.0,0.0,0.1452226692979986
ni_tfnbs,"e=0.7,h=6.0,n=30,start_thres=1.25",hub,0.25,50,8,40,1730,13,0,27,1730,0.325,0.0,1.0,0.0,0.1452226692979986
ni_tfnbs,"e=0.7,h=7.0,n=30,start_thres=1.25",hub,0.25,50,8,40,1730,11,0,29,1730,0.275,0.0,1.0,0.0,0.1452226692979986
ni_tfnbs,"e=0.7,h=8.0,n=30,start_thres=1.25",hub,0.25,50,8,40,1730,11,0,29,1730,0.275,0.0,1.0,0.0,0.1452226692979986
ni_tfnbs,"e=0.7,h=9.0,n=30,start_thres=1.25",hub,0.25,50,8,40,1730,11,0,29,1730,0.275,0.0,1.0,0.0,0.1452226692979986
ni_tfnbs,"e=0.7,h=10.0,n=30,start_thres=1.25",hub,0.25,50,8,40,1730,11,0,29,1730,0.275,0.0,1.0,0.0,0.1452226692979986
ni_tfnbs,"e=0.8,h=0.5,n=30,start_thres=1.25",hub,0.25,50,8,40,1730,19,0,21,1730,0.475,0.0,1.0,0.0,0.1452226692979986
ni_tfnbs,"e=0.8,h=1.0,n=30,start_thres=1.25",hub,0.25,50,8,40,1730,19,0,21,1730,0.475,0.0,1.0,0.0,0.1452226692979986
ni_tfnbs,"e=0.8,h=2.0,n=30,start_thres=1.25",hub,0.25,50,8,40,1730,20,0,20,1730,0.5,0.0,1.0,0.0,0.1452226692979986
ni_tfnbs,"e=0.8,h=3.0,n=30,start_thres=1.25",hub,0.25,50,8,40,1730,18,0,22,1730,0.45,0.0,1.0,0.0,0.1452226692979986
ni_tfnbs,"e=0.8,h=4.0,n=30,start_thres=1.25",hub,0.25,50,8,40,1730,17,0,23,1730,0.425,0.0,1.0,0.0,0.1452226692979986
ni_tfnbs,"e=0.8,h=5.0,n=30,start_thres=1.25",hub,0.25,50,8,40,1730,16,0,24,1730,0.4,0.0,1.0,0.0,0.1452226692979986
ni_tfnbs,"e=0.8,h=6.0,n=30,start_thres=1.25",hub,0.25,50,8,40,1730,15,0,25,1730,0.375,0.0,1.0,0.0,0.1452226692979986
ni_tfnbs,"e=0.8,h=7.0,n=30,start_thres=1.25",hub,0.25,50,8,40,1730,14,0,26,1730,0.35,0.0,1.0,0.0,0.1452226692979986
ni_tfnbs,"e=0.8,h=8.0,n=30,start_thres=1.25",hub,0.25,50,8,40,1730,11,0,29,1730,0.275,0.0,1.0,0.0,0.1452226692979986
ni_tfnbs,"e=0.8,h=9.0,n=30,start_thres=1.25",hub,0.25,50,8,40,1730,11,0,29,1730,0.275,0.0,1.0,0.0,0.1452226692979986
ni_tfnbs,"e=0.8,h=10.0,n=30,start_thres=1.25",hub,0.25,50,8,40,1730,11,0,29,1730,0.275,0.0,1.0,0.0,0.1452226692979986
ni_tfnbs,"e=0.9,h=0.5,n=30,start_thres=1.25",hub,0.25,50,8,40,1730,19,0,21,1730,0.475,0.0,1.0,0.0,0.1452226692979986
ni_tfnbs,"e=0.9,h=1.0,n=30,start_thres=1.25",hub,0.25,50,8,40,1730,19,0,21,1730,0.475,0.0,1.0,0.0,0.1452226692979986
ni_tfnbs,"e=0.9,h=2.0,n=30,start_thres=1.25",hub,0.25,50,8,40,1730,20,0,20,1730,0.5,0.0,1.0,0.0,0.1452226692979986
ni_tfnbs,"e=0.9,h=3.0,n=30,start_thres=1.25",hub,0.25,50,8,40,1730,20,0,20,1730,0.5,0.0,1.0,0.0,0.1452226692979986
ni_tfnbs,"e=0.9,h=4.0,n=30,start_thres=1.25",hub,0.25,50,8,40,1730,18,0,22,1730,0.45,0.0,1.0,0.0,0.1452226692979986
ni_tfnbs,"e=0.9,h=5.0,n=30,start_thres=1.25",hub,0.25,50,8,40,1730,17,0,23,1730,0.425,0.0,1.0,0.0,0.1452226692979986
ni_tfnbs,"e=0.9,h=6.0,n=30,start_thres=1.25",hub,0.25,50,8,40,1730,16,0,24,1730,0.4,0.0,1.0,0.0,0.1452226692979986
ni_tfnbs,"e=0.9,h=7.0,n=30,start_thres=1.25",hub,0.25,50,8,40,1730,14,0,26,1730,0.35,0.0,1.0,0.0,0.1452226692979986
ni_tfnbs,"e=0.9,h=8.0,n=30,start_thres=1.25",hub,0.25,50,8,40,1730,14,0,26,1730,0.35,0.0,1.0,0.0,0.1452226692979986
ni_tfnbs,"e=0.9,h=9.0,n=30,start_thres=1.25",hub,0.25,50,8,40,1730,11,0,29,1730,0.275,0.0,1.0,0.0,0.1452226692979986
ni_tfnbs,"e=0.9,h=10.0,n=30,start_thres=1.25",hub,0.25,50,8,40,1730,11,0,29,1730,0.275,0.0,1.0,0.0,0.1452226692979986
ni_tfnbs,"e=1.0,h=0.5,n=30,start_thres=1.25",hub,0.25,50,8,40,1730,19,0,21,1730,0.475,0.0,1.0,0.0,0.1452226692979986
ni_tfnbs,"e=1.0,h=1.0,n=30,start_thres=1.25",hub,0.25,50,8,40,1730,19,0,21,1730,0.475,0.0,1.0,0.0,0.1452226692979986
ni_tfnbs,"e=1.0,h=2.0,n=30,start_thres=1.25",hub,0.25,50,8,40,1730,23,0,17,1730,0.575,0.0,1.0,0.0,0.1452226692979986
ni_tfnbs,"e=1.0,h=3.0,n=30,start_thres=1.25",hub,0.25,50,8,40,1730,20,0,20,1730,0.5,0.0,1.0,0.0,0.1452226692979986
ni_tfnbs,"e=1.0,h=4.0,n=30,start_thres=1.25",hub,0.25,50,8,40,1730,20,0,20,1730,0.5,0.0,1.0,0.0,0.1452226692979986
ni_tfnbs,"e=1.0,h=5.0,n=30,start_thres=1.25",hub,0.25,50,8,40,1730,18,0,22,1730,0.45,0.0,1.0,0.0,0.1452226692979986
ni_tfnbs,"e=1.0,h=6.0,n=30,start_thres=1.25",hub,0.25,50,8,40,1730,17,0,23,1730,0.425,0.0,1.0,0.0,0.1452226692979986
ni_tfnbs,"e=1.0,h=7.0,n=30,start_thres=1.25",hub,0.25,50,8,40,1730,16,0,24,1730,0.4,0.0,1.0,0.0,0.1452226692979986
ni_tfnbs,"e=1.0,h=8.0,n=30,start_thres=1.25",hub,0.25,50,8,40,1730,14,0,26,1730,0.35,0.0,1.0,0.0,0.1452226692979986
ni_tfnbs,"e=1.0,h=9.0,n=30,start_thres=1.25",hub,0.25,50,8,40,1730,14,0,26,1730,0.35,0.0,1.0,0.0,0.1452226692979986
ni_tfnbs,"e=1.0,h=10.0,n=30,start_thres=1.25",hub,0.25,50,8,40,1730,11,0,29,1730,0.275,0.0,1.0,0.0,0.1452226692979986
ni_tfnbs,"e=1.1,h=0.5,n=30,start_thres=1.25",hub,0.25,50,8,40,1730,19,0,21,1730,0.475,0.0,1.0,0.0,0.1452226692979986
ni_tfnbs,"e=1.1,h=1.0,n=30,start_thres=1.25",hub,0.25,50,8,40,1730,22,0,18,1730,0.55,0.0,1.0,0.0,0.1452226692979986
ni_tfnbs,"e=1.1,h=2.0,n=30,start_thres=1.25",hub,0.25,50,8,40,1730,22,0,18,1730,0.55,0.0,1.0,0.0,0.1452226692979986
ni_tfnbs,"e=1.1,h=3.0,n=30,start_thres=1.25",hub,0.25,50,8,40,1730,23,0,17,1730,0.575,0.0,1.0,0.0,0.1452226692979986
ni_tfnbs,"e=1.1,h=4.0,n=30,start_thres=1.25",hub,0.25,50,8,40,1730,21,0,19,1730,0.525,0.0,1.0,0.0,0.1452226692979986
ni_tfnbs,"e=1.1,h=5.0,n=30,start_thres=1.25",hub,0.25,50,8,40,1730,20,0,20,1730,0.5,0.0,1.0,0.0,0.1452226692979986
ni_tfnbs,"e=1.1,h=6.0,n=30,start_thres=1.25",hub,0.25,50,8,40,1730,18,0,22,1730,0.45,0.0,1.0,0.0,0.1452226692979986
ni_tfnbs,"e=1.1,h=7.0,n=30,start_thres=1.25",hub,0.25,50,8,40,1730,17,0,23,1730,0.425,0.0,1.0,0.0,0.1452226692979986
ni_tfnbs,"e=1.1,h=8.0,n=30,start_thres=1.25",hub,0.25,50,8,40,1730,16,0,24,1730,0.4,0.0,1.0,0.0,0.1452226692979986
ni_tfnbs,"e=1.1,h=9.0,n=30,start_thres=1.25",hub,0.25,50,8,40,1730,14,0,26,1730,0.35,0.0,1.0,0.0,0.1452226692979986
ni_tfnbs,"e=1.1,h=10.0,n=30,start_thres=1.25",hub,0.25,50,8,40,1730,14,0,26,1730,0.35,0.0,1.0,0.0,0.1452226692979986
ni_tfnbs,"e=1.2,h=0.5,n=30,start_thres=1.25",hub,0.25,50,8,40,1730,18,0,22,1730,0.45,0.0,1.0,0.0,0.1452226692979986
ni_tfnbs,"e=1.2,h=1.0,n=30,start_thres=1.25",hub,0.25,50,8,40,1730,22,0,18,1730,0.55,0.0,1.0,0.0,0.1452226692979986
ni_tfnbs,"e=1.2,h=2.0,n=30,start_thres=1.25",hub,0.25,50,8,40,1730,22,0,18,1730,0.55,0.0,1.0,0.0,0.1452226692979986
ni_tfnbs,"e=1.2,h=3.0,n=30,start_thres=1.25",hub,0.25,50,8,40,1730,25,0,15,1730,0.625,0.0,1.0,0.0,0.1452226692979986
ni_tfnbs,"e=1.2,h=4.0,n=30,start_thres=1.25",hub,0.25,50,8,40,1730,24,0,16,1730,0.6,0.0,1.0,0.0,0.1452226692979986
ni_tfnbs,"e=1.2,h=5.0,n=30,start_thres=1.25",hub,0.25,50,8,40,1730,21,0,19,1730,0.525,0.0,1.0,0.0,0.1452226692979986
ni_tfnbs,"e=1.2,h=6.0,n=30,start_thres=1.25",hub,0.25,50,8,40,1730,20,0,20,1730,0.5,0.0,1.0,0.0,0.1452226692979986
ni_tfnbs,"e=1.2,h=7.0,n=30,start_thres=1.25",hub,0.25,50,8,40,1730,18,0,22,1730,0.45,0.0,1.0,0.0,0.1452226692979986
ni_tfnbs,"e=1.2,h=8.0,n=30,start_thres=1.25",hub,0.25,50,8,40,1730,17,0,23,1730,0.425,0.0,1.0,0.0,0.1452226692979986
ni_tfnbs,"e=1.2,h=9.0,n=30,start_thres=1.25",hub,0.25,50,8,40,1730,16,0,24,1730,0.4,0.0,1.0,0.0,0.1452226692979986
ni_tfnbs,"e=1.2,h=10.0,n=30,start_thres=1.25",hub,0.25,50,8,40,1730,14,0,26,1730,0.35,0.0,1.0,0.0,0.1452226692979986
ni_tfnbs,"e=1.3,h=0.5,n=30,start_thres=1.25",hub,0.25,50,8,40,1730,18,0,22,1730,0.45,0.0,1.0,0.0,0.1452226692979986
ni_tfnbs,"e=1.3,h=1.0,n=30,start_thres=1.25",hub,0.25,50,8,40,1730,20,0,20,1730,0.5,0.0,1.0,0.0,0.1452226692979986
ni_tfnbs,"e=1.3,h=2.0,n=30,start_thres=1.25",hub,0.25,50,8,40,1730,22,0,18,1730,0.55,0.0,1.0,0.0,0.1452226692979986
ni_tfnbs,"e=1.3,h=3.0,n=30,start_thres=1.25",hub,0.25,50,8,40,1730,25,0,15,1730,0.625,0.0,1.0,0.0,0.1452226692979986
ni_tfnbs,"e=1.3,h=4.0,n=30,start_thres=1.25",hub,0.25,50,8,40,1730,26,0,14,1730,0.65,0.0,1.0,0.0,0.1452226692979986
ni_tfnbs,"e=1.3,h=5.0,n=30,start_thres=1.25",hub,0.25,50,8,40,1730,24,0,16,1730,0.6,0.0,1.0,0.0,0.1452226692979986
ni_tfnbs,"e=1.3,h=6.0,n=30,start_thres=1.25",hub,0.25,50,8,40,1730,21,0,19,1730,0.525,0.0,1.0,0.0,0.1452226692979986
ni_tfnbs,"e=1.3,h=7.0,n=30,start_thres=1.25",hub,0.25,50,8,40,1730,18,0,22,1730,0.45,0.0,1.0,0.0,0.1452226692979986
ni_tfnbs,"e=1.3,h=8.0,n=30,start_thres=1.25",hub,0.25,50,8,40,1730,18,0,22,1730,0.45,0.0,1.0,0.0,0.1452226692979986
ni_tfnbs,"e=1.3,h=9.0,n=30,start_thres=1.25",hub,0.25,50,8,40,1730,17,0,23,1730,0.425,0.0,1.0,0.0,0.1452226692979986
ni_tfnbs,"e=1.3,h=10.0,n=30,start_thres=1.25",hub,0.25,50,8,40,1730,16,0,24,1730,0.4,0.0,1.0,0.0,0.1452226692979986
ni_tfnbs,"e=1.4,h=0.5,n=30,start_thres=1.25",hub,0.25,50,8,40,1730,16,0,24,1730,0.4,0.0,1.0,0.0,0.1452226692979986
ni_tfnbs,"e=1.4,h=1.0,n=30,start_thres=1.25",hub,0.25,50,8,40,1730,18,0,22,1730,0.45,0.0,1.0,0.0,0.1452226692979986
ni_tfnbs,"e=1.4,h=2.0,n=30,start_thres=1.25",hub,0.25,50,8,40,1730,22,0,18,1730,0.55,0.0,1.0,0.0,0.1452226692979986
ni_tfnbs,"e=1.4,h=3.0,n=30,start_thres=1.25",hub,0.25,50,8,40,1730,24,0,16,1730,0.6,0.0,1.0,0.0,0.1452226692979986
ni_tfnbs,"e=1.4,h=4.0,n=30,start_thres=1.25",hub,0.25,50,8,40,1730,26,0,14,1730,0.65,0.0,1.0,0.0,0.1452226692979986
ni_tfnbs,"e=1.4,h=5.0,n=30,start_thres=1.25",hub,0.25,50,8,40,1730,27,0,13,1730,0.675,0.0,1.0,0.0,0.1452226692979986
ni_tfnbs,"e=1.4,h=6.0,n=30,start_thres=1.25",hub,0.25,50,8,40,1730,23,0,17,1730,0.575,0.0,1.0,0.0,0.1452226692979986
ni_tfnbs,"e=1.4,h=7.0,n=30,start_thres=1.25",hub,0.25,50,8,40,1730,21,0,19,1730,0.525,0.0,1.0,0.0,0.1452226692979986
ni_tfnbs,"e=1.4,h=8.0,n=30,start_thres=1.25",hub,0.25,50,8,40,1730,18,0,22,1730,0.45,0.0,1.0,0.0,0.1452226692979986
ni_tfnbs,"e=1.4,h=9.0,n=30,start_thres=1.25",hub,0.25,50,8,40,1730,18,0,22,1730,0.45,0.0,1.0,0.0,0.1452226692979986
ni_tfnbs,"e=1.4,h=10.0,n=30,start_thres=1.25",hub,0.25,50,8,40,1730,17,0,23,1730,0.425,0.0,1.0,0.0,0.1452226692979986
ni_tfnbs,"e=1.5,h=0.5,n=30,start_thres=1.25",hub,0.25,50,8,40,1730,14,0,26,1730,0.35,0.0,1.0,0.0,0.1452226692979986
ni_tfnbs,"e=1.5,h=1.0,n=30,start_thres=1.25",hub,0.25,50,8,40,1730,18,0,22,1730,0.45,0.0,1.0,0.0,0.1452226692979986
ni_tfnbs,"e=1.5,h=2.0,n=30,start_thres=1.25",hub,0.25,50,8,40,1730,22,0,18,1730,0.55,0.0,1.0,0.0,0.1452226692979986
ni_tfnbs,"e=1.5,h=3.0,n=30,start_thres=1.25",hub,0.25,50,8,40,1730,24,0,16,1730,0.6,0.0,1.0,0.0,0.1452226692979986
ni_tfnbs,"e=1.5,h=4.0,n=30,start_thres=1.25",hub,0.25,50,8,40,1730,26,0,14,1730,0.65,0.0,1.0,0.0,0.1452226692979986
ni_tfnbs,"e=1.5,h=5.0,n=30,start_thres=1.25",hub,0.25,50,8,40,1730,27,0,13,1730,0.675,0.0,1.0,0.0,0.1452226692979986
ni_tfnbs,"e=1.5,h=6.0,n=30,start_thres=1.25",hub,0.25,50,8,40,1730,27,0,13,1730,0.675,0.0,1.0,0.0,0.1452226692979986
ni_tfnbs,"e=1.5,h=7.0,n=30,start_thres=1.25",hub,0.25,50,8,40,1730,23,0,17,1730,0.575,0.0,1.0,0.0,0.1452226692979986
ni_tfnbs,"e=1.5,h=8.0,n=30,start_thres=1.25",hub,0.25,50,8,40,1730,20,0,20,1730,0.5,0.0,1.0,0.0,0.1452226692979986
ni_tfnbs,"e=1.5,h=9.0,n=30,start_thres=1.25",hub,0.25,50,8,40,1730,18,0,22,1730,0.45,0.0,1.0,0.0,0.1452226692979986
ni_tfnbs,"e=1.5,h=10.0,n=30,start_thres=1.25",hub,0.25,50,8,40,1730,17,0,23,1730,0.425,0.0,1.0,0.0,0.1452226692979986
ni_tfnbs,"e=0.05,h=0.5,n=30,start_thres=1.25",hub,0.25,50,9,40,1730,7,0,33,1730,0.175,0.0,1.0,0.0,0.1444801159880378
ni_tfnbs,"e=0.05,h=1.0,n=30,start_thres=1.25",hub,0.25,50,9,40,1730,7,0,33,1730,0.175,0.0,1.0,0.0,0.1444801159880378
ni_tfnbs,"e=0.05,h=2.0,n=30,start_thres=1.25",hub,0.25,50,9,40,1730,7,0,33,1730,0.175,0.0,1.0,0.0,0.1444801159880378
ni_tfnbs,"e=0.05,h=3.0,n=30,start_thres=1.25",hub,0.25,50,9,40,1730,7,0,33,1730,0.175,0.0,1.0,0.0,0.1444801159880378
ni_tfnbs,"e=0.05,h=4.0,n=30,start_thres=1.25",hub,0.25,50,9,40,1730,7,0,33,1730,0.175,0.0,1.0,0.0,0.1444801159880378
ni_tfnbs,"e=0.05,h=5.0,n=30,start_thres=1.25",hub,0.25,50,9,40,1730,7,0,33,1730,0.175,0.0,1.0,0.0,0.1444801159880378
ni_tfnbs,"e=0.05,h=6.0,n=30,start_thres=1.25",hub,0.25,50,9,40,1730,7,0,33,1730,0.175,0.0,1.0,0.0,0.1444801159880378
ni_tfnbs,"e=0.05,h=7.0,n=30,start_thres=1.25",hub,0.25,50,9,40,1730,7,0,33,1730,0.175,0.0,1.0,0.0,0.1444801159880378
ni_tfnbs,"e=0.05,h=8.0,n=30,start_thres=1.25",hub,0.25,50,9,40,1730,7,0,33,1730,0.175,0.0,1.0,0.0,0.1444801159880378
ni_tfnbs,"e=0.05,h=9.0,n=30,start_thres=1.25",hub,0.25,50,9,40,1730,7,0,33,1730,0.175,0.0,1.0,0.0,0.1444801159880378
ni_tfnbs,"e=0.05,h=10.0,n=30,start_thres=1.25",hub,0.25,50,9,40,1730,7,0,33,1730,0.175,0.0,1.0,0.0,0.1444801159880378
ni_tfnbs,"e=0.1,h=0.5,n=30,start_thres=1.25",hub,0.25,50,9,40,1730,7,0,33,1730,0.175,0.0,1.0,0.0,0.1444801159880378
ni_tfnbs,"e=0.1,h=1.0,n=30,start_thres=1.25",hub,0.25,50,9,40,1730,7,0,33,1730,0.175,0.0,1.0,0.0,0.1444801159880378
ni_tfnbs,"e=0.1,h=2.0,n=30,start_thres=1.25",hub,0.25,50,9,40,1730,7,0,33,1730,0.175,0.0,1.0,0.0,0.1444801159880378
ni_tfnbs,"e=0.1,h=3.0,n=30,start_thres=1.25",hub,0.25,50,9,40,1730,7,0,33,1730,0.175,0.0,1.0,0.0,0.1444801159880378
ni_tfnbs,"e=0.1,h=4.0,n=30,start_thres=1.25",hub,0.25,50,9,40,1730,7,0,33,1730,0.175,0.0,1.0,0.0,0.1444801159880378
ni_tfnbs,"e=0.1,h=5.0,n=30,start_thres=1.25",hub,0.25,50,9,40,1730,7,0,33,1730,0.175,0.0,1.0,0.0,0.1444801159880378
ni_tfnbs,"e=0.1,h=6.0,n=30,start_thres=1.25",hub,0.25,50,9,40,1730,7,0,33,1730,0.175,0.0,1.0,0.0,0.1444801159880378
ni_tfnbs,"e=0.1,h=7.0,n=30,start_thres=1.25",hub,0.25,50,9,40,1730,7,0,33,1730,0.175,0.0,1.0,0.0,0.1444801159880378
ni_tfnbs,"e=0.1,h=8.0,n=30,start_thres=1.25",hub,0.25,50,9,40,1730,7,0,33,1730,0.175,0.0,1.0,0.0,0.1444801159880378
ni_tfnbs,"e=0.1,h=9.0,n=30,start_thres=1.25",hub,0.25,50,9,40,1730,7,0,33,1730,0.175,0.0,1.0,0.0,0.1444801159880378
ni_tfnbs,"e=0.1,h=10.0,n=30,start_thres=1.25",hub,0.25,50,9,40,1730,7,0,33,1730,0.175,0.0,1.0,0.0,0.1444801159880378
ni_tfnbs,"e=0.2,h=0.5,n=30,start_thres=1.25",hub,0.25,50,9,40,1730,9,0,31,1730,0.225,0.0,1.0,0.0,0.1444801159880378
ni_tfnbs,"e=0.2,h=1.0,n=30,start_thres=1.25",hub,0.25,50,9,40,1730,9,0,31,1730,0.225,0.0,1.0,0.0,0.1444801159880378
ni_tfnbs,"e=0.2,h=2.0,n=30,start_thres=1.25",hub,0.25,50,9,40,1730,7,0,33,1730,0.175,0.0,1.0,0.0,0.1444801159880378
ni_tfnbs,"e=0.2,h=3.0,n=30,start_thres=1.25",hub,0.25,50,9,40,1730,7,0,33,1730,0.175,0.0,1.0,0.0,0.1444801159880378
ni_tfnbs,"e=0.2,h=4.0,n=30,start_thres=1.25",hub,0.25,50,9,40,1730,7,0,33,1730,0.175,0.0,1.0,0.0,0.1444801159880378
ni_tfnbs,"e=0.2,h=5.0,n=30,start_thres=1.25",hub,0.25,50,9,40,1730,7,0,33,1730,0.175,0.0,1.0,0.0,0.1444801159880378
ni_tfnbs,"e=0.2,h=6.0,n=30,start_thres=1.25",hub,0.25,50,9,40,1730,7,0,33,1730,0.175,0.0,1.0,0.0,0.1444801159880378
ni_tfnbs,"e=0.2,h=7.0,n=30,start_thres=1.25",hub,0.25,50,9,40,1730,7,0,33,1730,0.175,0.0,1.0,0.0,0.1444801159880378
ni_tfnbs,"e=0.2,h=8.0,n=30,start_thres=1.25",hub,0.25,50,9,40,1730,7,0,33,1730,0.175,0.0,1.0,0.0,0.1444801159880378
ni_tfnbs,"e=0.2,h=9.0,n=30,start_thres=1.25",hub,0.25,50,9,40,1730,7,0,33,1730,0.175,0.0,1.0,0.0,0.1444801159880378
ni_tfnbs,"e=0.2,h=10.0,n=30,start_thres=1.25",hub,0.25,50,9,40,1730,7,0,33,1730,0.175,0.0,1.0,0.0,0.1444801159880378
ni_tfnbs,"e=0.3,h=0.5,n=30,start_thres=1.25",hub,0.25,50,9,40,1730,11,0,29,1730,0.275,0.0,1.0,0.0,0.1444801159880378
ni_tfnbs,"e=0.3,h=1.0,n=30,start_thres=1.25",hub,0.25,50,9,40,1730,11,0,29,1730,0.275,0.0,1.0,0.0,0.1444801159880378
ni_tfnbs,"e=0.3,h=2.0,n=30,start_thres=1.25",hub,0.25,50,9,40,1730,11,0,29,1730,0.275,0.0,1.0,0.0,0.1444801159880378
ni_tfnbs,"e=0.3,h=3.0,n=30,start_thres=1.25",hub,0.25,50,9,40,1730,9,0,31,1730,0.225,0.0,1.0,0.0,0.1444801159880378
ni_tfnbs,"e=0.3,h=4.0,n=30,start_thres=1.25",hub,0.25,50,9,40,1730,8,0,32,1730,0.2,0.0,1.0,0.0,0.1444801159880378
ni_tfnbs,"e=0.3,h=5.0,n=30,start_thres=1.25",hub,0.25,50,9,40,1730,7,0,33,1730,0.175,0.0,1.0,0.0,0.1444801159880378
ni_tfnbs,"e=0.3,h=6.0,n=30,start_thres=1.25",hub,0.25,50,9,40,1730,7,0,33,1730,0.175,0.0,1.0,0.0,0.1444801159880378
ni_tfnbs,"e=0.3,h=7.0,n=30,start_thres=1.25",hub,0.25,50,9,40,1730,7,0,33,1730,0.175,0.0,1.0,0.0,0.1444801159880378
ni_tfnbs,"e=0.3,h=8.0,n=30,start_thres=1.25",hub,0.25,50,9,40,1730,7,0,33,1730,0.175,0.0,1.0,0.0,0.1444801159880378
ni_tfnbs,"e=0.3,h=9.0,n=30,start_thres=1.25",hub,0.25,50,9,40,1730,7,0,33,1730,0.175,0.0,1.0,0.0,0.1444801159880378
ni_tfnbs,"e=0.3,h=10.0,n=30,start_thres=1.25",hub,0.25,50,9,40,1730,7,0,33,1730,0.175,0.0,1.0,0.0,0.1444801159880378
ni_tfnbs,"e=0.4,h=0.5,n=30,start_thres=1.25",hub,0.25,50,9,40,1730,15,0,25,1730,0.375,0.0,1.0,0.0,0.1444801159880378
ni_tfnbs,"e=0.4,h=1.0,n=30,start_thres=1.25",hub,0.25,50,9,40,1730,15,0,25,1730,0.375,0.0,1.0,0.0,0.1444801159880378
ni_tfnbs,"e=0.4,h=2.0,n=30,start_thres=1.25",hub,0.25,50,9,40,1730,12,0,28,1730,0.3,0.0,1.0,0.0,0.1444801159880378
ni_tfnbs,"e=0.4,h=3.0,n=30,start_thres=1.25",hub,0.25,50,9,40,1730,11,0,29,1730,0.275,0.0,1.0,0.0,0.1444801159880378
ni_tfnbs,"e=0.4,h=4.0,n=30,start_thres=1.25",hub,0.25,50,9,40,1730,9,0,31,1730,0.225,0.0,1.0,0.0,0.1444801159880378
ni_tfnbs,"e=0.4,h=5.0,n=30,start_thres=1.25",hub,0.25,50,9,40,1730,9,0,31,1730,0.225,0.0,1.0,0.0,0.1444801159880378
ni_tfnbs,"e=0.4,h=6.0,n=30,start_thres=1.25",hub,0.25,50,9,40,1730,9,0,31,1730,0.225,0.0,1.0,0.0,0.1444801159880378
ni_tfnbs,"e=0.4,h=7.0,n=30,start_thres=1.25",hub,0.25,50,9,40,1730,7,0,33,1730,0.175,0.0,1.0,0.0,0.1444801159880378
ni_tfnbs,"e=0.4,h=8.0,n=30,start_thres=1.25",hub,0.25,50,9,40,1730,7,0,33,1730,0.175,0.0,1.0,0.0,0.1444801159880378
ni_tfnbs,"e=0.4,h=9.0,n=30,start_thres=1.25",hub,0.25,50,9,40,1730,7,0,33,1730,0.175,0.0,1.0,0.0,0.1444801159880378
ni_tfnbs,"e=0.4,h=10.0,n=30,start_thres=1.25",hub,0.25,50,9,40,1730,7,0,33,1730,0.175,0.0,1.0,0.0,0.1444801159880378
ni_tfnbs,"e=0.5,h=0.5,n=30,start_thres=1.25",hub,0.25,50,9,40,1730,16,0,24,1730,0.4,0.0,1.0,0.0,0.1444801159880378
ni_tfnbs,"e=0.5,h=1.0,n=30,start_thres=1.25",hub,0.25,50,9,40,1730,16,0,24,1730,0.4,0.0,1.0,0.0,0.1444801159880378
ni_tfnbs,"e=0.5,h=2.0,n=30,start_thres=1.25",hub,0.25,50,9,40,1730,15,0,25,1730,0.375,0.0,1.0,0.0,0.1444801159880378
ni_tfnbs,"e=0.5,h=3.0,n=30,start_thres=1.25",hub,0.25,50,9,40,1730,14,0,26,1730,0.35,0.0,1.0,0.0,0.1444801159880378
ni_tfnbs,"e=0.5,h=4.0,n=30,start_thres=1.25",hub,0.25,50,9,40,1730,11,0,29,1730,0.275,0.0,1.0,0.0,0.1444801159880378
ni_tfnbs,"e=0.5,h=5.0,n=30,start_thres=1.25",hub,0.25,50,9,40,1730,11,0,29,1730,0.275,0.0,1.0,0.0,0.1444801159880378
ni_tfnbs,"e=0.5,h=6.0,n=30,start_thres=1.25",hub,0.25,50,9,40,1730,9,0,31,1730,0.225,0.0,1.0,0.0,0.1444801159880378
ni_tfnbs,"e=0.5,h=7.0,n=30,start_thres=1.25",hub,0.25,50,9,40,1730,9,0,31,1730,0.225,0.0,1.0,0.0,0.1444801159880378
ni_tfnbs,"e=0.5,h=8.0,n=30,start_thres=1.25",hub,0.25,50,9,40,1730,7,0,33,1730,0.175,0.0,1.0,0.0,0.1444801159880378
ni_tfnbs,"e=0.5,h=9.0,n=30,start_thres=1.25",hub,0.25,50,9,40,1730,7,0,33,1730,0.175,0.0,1.0,0.0,0.1444801159880378
ni_tfnbs,"e=0.5,h=10.0,n=30,start_thres=1.25",hub,0.25,50,9,40,1730,7,0,33,1730,0.175,0.0,1.0,0.0,0.1444801159880378
ni_tfnbs,"e=0.6,h=0.5,n=30,start_thres=1.25",hub,0.25,50,9,40,1730,16,0,24,1730,0.4,0.0,1.0,0.0,0.1444801159880378
ni_tfnbs,"e=0.6,h=1.0,n=30,start_thres=1.25",hub,0.25,50,9,40,1730,16,0,24,1730,0.4,0.0,1.0,0.0,0.1444801159880378
ni_tfnbs,"e=0.6,h=2.0,n=30,start_thres=1.25",hub,0.25,50,9,40,1730,16,0,24,1730,0.4,0.0,1.0,0.0,0.1444801159880378
ni_tfnbs,"e=0.6,h=3.0,n=30,start_thres=1.25",hub,0.25,50,9,40,1730,15,0,25,1730,0.375,0.0,1.0,0.0,0.1444801159880378
ni_tfnbs,"e=0.6,h=4.0,n=30,start_thres=1.25",hub,0.25,50,9,40,1730,14,0,26,1730,0.35,0.0,1.0,0.0,0.1444801159880378
ni_tfnbs,"e=0.6,h=5.0,n=30,start_thres=1.25",hub,0.25,50,9,40,1730,11,0,29,1730,0.275,0.0,1.0,0.0,0.1444801159880378
ni_tfnbs,"e=0.6,h=6.0,n=30,start_thres=1.25",hub,0.25,50,9,40,1730,11,0,29,1730,0.275,0.0,1.0,0.0,0.1444801159880378
ni_tfnbs,"e=0.6,h=7.0,n=30,start_thres=1.25",hub,0.25,50,9,40,1730,11,0,29,1730,0.275,0.0,1.0,0.0,0.1444801159880378
ni_tfnbs,"e=0.6,h=8.0,n=30,start_thres=1.25",hub,0.25,50,9,40,1730,9,0,31,1730,0.225,0.0,1.0,0.0,0.1444801159880378
ni_tfnbs,"e=0.6,h=9.0,n=30,start_thres=1.25",hub,0.25,50,9,40,1730,9,0,31,1730,0.225,0.0,1.0,0.0,0.1444801159880378
ni_tfnbs,"e=0.6,h=10.0,n=30,start_thres=1.25",hub,0.25,50,9,40,1730,7,0,33,1730,0.175,0.0,1.0,0.0,0.1444801159880378
ni_tfnbs,"e=0.7,h=0.5,n=30,start_thres=1.25",hub,0.25,50,9,40,1730,17,0,23,1730,0.425,0.0,1.0,0.0,0.1444801159880378
ni_tfnbs,"e=0.7,h=1.0,n=30,start_thres=1.25",hub,0.25,50,9,40,1730,17,0,23,1730,0.425,0.0,1.0,0.0,0.1444801159880378
ni_tfnbs,"e=0.7,h=2.0,n=30,start_thres=1.25",hub,0.25,50,9,40,1730,17,0,23,1730,0.425,0.0,1.0,0.0,0.1444801159880378
ni_tfnbs,"e=0.7,h=3.0,n=30,start_thres=1.25",hub,0.25,50,9,40,1730,17,0,23,1730,0.425,0.0,1.0,0.0,0.1444801159880378
ni_tfnbs,"e=0.7,h=4.0,n=30,start_thres=1.25",hub,0.25,50,9,40,1730,16,0,24,1730,0.4,0.0,1.0,0.0,0.1444801159880378
ni_tfnbs,"e=0.7,h=5.0,n=30,start_thres=1.25",hub,0.25,50,9,40,1730,15,0,25,1730,0.375,0.0,1.0,0.0,0.1444801159880378
ni_tfnbs,"e=0.7,h=6.0,n=30,start_thres=1.25",hub,0.25,50,9,40,1730,12,0,28,1730,0.3,0.0,1.0,0.0,0.1444801159880378
ni_tfnbs,"e=0.7,h=7.0,n=30,start_thres=1.25",hub,0.25,50,9,40,1730,11,0,29,1730,0.275,0.0,1.0,0.0,0.1444801159880378
ni_tfnbs,"e=0.7,h=8.0,n=30,start_thres=1.25",hub,0.25,50,9,40,1730,11,0,29,1730,0.275,0.0,1.0,0.0,0.1444801159880378
ni_tfnbs,"e=0.7,h=9.0,n=30,start_thres=1.25",hub,0.25,50,9,40,1730,9,0,31,1730,0.225,0.0,1.0,0.0,0.1444801159880378
ni_tfnbs,"e=0.7,h=10.0,n=30,start_thres=1.25",hub,0.25,50,9,40,1730,9,0,31,1730,0.225,0.0,1.0,0.0,0.1444801159880378
ni_tfnbs,"e=0.8,h=0.5,n=30,start_thres=1.25",hub,0.25,50,9,40,1730,20,0,20,1730,0.5,0.0,1.0,0.0,0.1444801159880378
ni_tfnbs,"e=0.8,h=1.0,n=30,start_thres=1.25",hub,0.25,50,9,40,1730,20,0,20,1730,0.5,0.0,1.0,0.0,0.1444801159880378
ni_tfnbs,"e=0.8,h=2.0,n=30,start_thres=1.25",hub,0.25,50,9,40,1730,20,0,20,1730,0.5,0.0,1.0,0.0,0.1444801159880378
ni_tfnbs,"e=0.8,h=3.0,n=30,start_thres=1.25",hub,0.25,50,9,40,1730,18,0,22,1730,0.45,0.0,1.0,0.0,0.1444801159880378
ni_tfnbs,"e=0.8,h=4.0,n=30,start_thres=1.25",hub,0.25,50,9,40,1730,17,0,23,1730,0.425,0.0,1.0,0.0,0.1444801159880378
ni_tfnbs,"e=0.8,h=5.0,n=30,start_thres=1.25",hub,0.25,50,9,40,1730,16,0,24,1730,0.4,0.0,1.0,0.0,0.1444801159880378
ni_tfnbs,"e=0.8,h=6.0,n=30,start_thres=1.25",hub,0.25,50,9,40,1730,16,0,24,1730,0.4,0.0,1.0,0.0,0.1444801159880378
ni_tfnbs,"e=0.8,h=7.0,n=30,start_thres=1.25",hub,0.25,50,9,40,1730,14,0,26,1730,0.35,0.0,1.0,0.0,0.1444801159880378
ni_tfnbs,"e=0.8,h=8.0,n=30,start_thres=1.25",hub,0.25,50,9,40,1730,11,0,29,1730,0.275,0.0,1.0,0.0,0.1444801159880378
ni_tfnbs,"e=0.8,h=9.0,n=30,start_thres=1.25",hub,0.25,50,9,40,1730,11,0,29,1730,0.275,0.0,1.0,0.0,0.1444801159880378
ni_tfnbs,"e=0.8,h=10.0,n=30,start_thres=1.25",hub,0.25,50,9,40,1730,9,0,31,1730,0.225,0.0,1.0,0.0,0.1444801159880378
ni_tfnbs,"e=0.9,h=0.5,n=30,start_thres=1.25",hub,0.25,50,9,40,1730,20,0,20,1730,0.5,0.0,1.0,0.0,0.1444801159880378
ni_tfnbs,"e=0.9,h=1.0,n=30,start_thres=1.25",hub,0.25,50,9,40,1730,20,0,20,1730,0.5,0.0,1.0,0.0,0.1444801159880378
ni_tfnbs,"e=0.9,h=2.0,n=30,start_thres=1.25",hub,0.25,50,9,40,1730,20,0,20,1730,0.5,0.0,1.0,0.0,0.1444801159880378
ni_tfnbs,"e=0.9,h=3.0,n=30,start_thres=1.25",hub,0.25,50,9,40,1730,21,0,19,1730,0.525,0.0,1.0,0.0,0.1444801159880378
ni_tfnbs,"e=0.9,h=4.0,n=30,start_thres=1.25",hub,0.25,50,9,40,1730,18,0,22,1730,0.45,0.0,1.0,0.0,0.1444801159880378
ni_tfnbs,"e=0.9,h=5.0,n=30,start_thres=1.25",hub,0.25,50,9,40,1730,17,0,23,1730,0.425,0.0,1.0,0.0,0.1444801159880378
ni_tfnbs,"e=0.9,h=6.0,n=30,start_thres=1.25",hub,0.25,50,9,40,1730,16,0,24,1730,0.4,0.0,1.0,0.0,0.1444801159880378
ni_tfnbs,"e=0.9,h=7.0,n=30,start_thres=1.25",hub,0.25,50,9,40,1730,16,0,24,1730,0.4,0.0,1.0,0.0,0.1444801159880378
ni_tfnbs,"e=0.9,h=8.0,n=30,start_thres=1.25",hub,0.25,50,9,40,1730,14,0,26,1730,0.35,0.0,1.0,0.0,0.1444801159880378
ni_tfnbs,"e=0.9,h=9.0,n=30,start_thres=1.25",hub,0.25,50,9,40,1730,11,0,29,1730,0.275,0.0,1.0,0.0,0.1444801159880378
ni_tfnbs,"e=0.9,h=10.0,n=30,start_thres=1.25",hub,0.25,50,9,40,1730,11,0,29,1730,0.275,0.0,1.0,0.0,0.1444801159880378
ni_tfnbs,"e=1.0,h=0.5,n=30,start_thres=1.25",hub,0.25,50,9,40,1730,19,0,21,1730,0.475,0.0,1.0,0.0,0.1444801159880378
ni_tfnbs,"e=1.0,h=1.0,n=30,start_thres=1.25",hub,0.25,50,9,40,1730,20,0,20,1730,0.5,0.0,1.0,0.0,0.1444801159880378
ni_tfnbs,"e=1.0,h=2.0,n=30,start_thres=1.25",hub,0.25,50,9,40,1730,20,0,20,1730,0.5,0.0,1.0,0.0,0.1444801159880378
ni_tfnbs,"e=1.0,h=3.0,n=30,start_thres=1.25",hub,0.25,50,9,40,1730,20,0,20,1730,0.5,0.0,1.0,0.0,0.1444801159880378
ni_tfnbs,"e=1.0,h=4.0,n=30,start_thres=1.25",hub,0.25,50,9,40,1730,21,0,19,1730,0.525,0.0,1.0,0.0,0.1444801159880378
ni_tfnbs,"e=1.0,h=5.0,n=30,start_thres=1.25",hub,0.25,50,9,40,1730,19,0,21,1730,0.475,0.0,1.0,0.0,0.1444801159880378
ni_tfnbs,"e=1.0,h=6.0,n=30,start_thres=1.25",hub,0.25,50,9,40,1730,17,0,23,1730,0.425,0.0,1.0,0.0,0.1444801159880378
ni_tfnbs,"e=1.0,h=7.0,n=30,start_thres=1.25",hub,0.25,50,9,40,1730,16,0,24,1730,0.4,0.0,1.0,0.0,0.1444801159880378
ni_tfnbs,"e=1.0,h=8.0,n=30,start_thres=1.25",hub,0.25,50,9,40,1730,16,0,24,1730,0.4,0.0,1.0,0.0,0.1444801159880378
ni_tfnbs,"e=1.0,h=9.0,n=30,start_thres=1.25",hub,0.25,50,9,40,1730,15,0,25,1730,0.375,0.0,1.0,0.0,0.1444801159880378
ni_tfnbs,"e=1.0,h=10.0,n=30,start_thres=1.25",hub,0.25,50,9,40,1730,11,0,29,1730,0.275,0.0,1.0,0.0,0.1444801159880378
ni_tfnbs,"e=1.1,h=0.5,n=30,start_thres=1.25",hub,0.25,50,9,40,1730,18,0,22,1730,0.45,0.0,1.0,0.0,0.1444801159880378
ni_tfnbs,"e=1.1,h=1.0,n=30,start_thres=1.25",hub,0.25,50,9,40,1730,19,0,21,1730,0.475,0.0,1.0,0.0,0.1444801159880378
ni_tfnbs,"e=1.1,h=2.0,n=30,start_thres=1.25",hub,0.25,50,9,40,1730,20,0,20,1730,0.5,0.0,1.0,0.0,0.1444801159880378
ni_tfnbs,"e=1.1,h=3.0,n=30,start_thres=1.25",hub,0.25,50,9,40,1730,20,0,20,1730,0.5,0.0,1.0,0.0,0.1444801159880378
ni_tfnbs,"e=1.1,h=4.0,n=30,start_thres=1.25",hub,0.25,50,9,40,1730,21,0,19,1730,0.525,0.0,1.0,0.0,0.1444801159880378
ni_tfnbs,"e=1.1,h=5.0,n=30,start_thres=1.25",hub,0.25,50,9,40,1730,22,0,18,1730,0.55,0.0,1.0,0.0,0.1444801159880378
ni_tfnbs,"e=1.1,h=6.0,n=30,start_thres=1.25",hub,0.25,50,9,40,1730,18,0,22,1730,0.45,0.0,1.0,0.0,0.1444801159880378
ni_tfnbs,"e=1.1,h=7.0,n=30,start_thres=1.25",hub,0.25,50,9,40,1730,17,0,23,1730,0.425,0.0,1.0,0.0,0.1444801159880378
ni_tfnbs,"e=1.1,h=8.0,n=30,start_thres=1.25",hub,0.25,50,9,40,1730,16,0,24,1730,0.4,0.0,1.0,0.0,0.1444801159880378
ni_tfnbs,"e=1.1,h=9.0,n=30,start_thres=1.25",hub,0.25,50,9,40,1730,16,0,24,1730,0.4,0.0,1.0,0.0,0.1444801159880378
ni_tfnbs,"e=1.1,h=10.0,n=30,start_thres=1.25",hub,0.25,50,9,40,1730,15,0,25,1730,0.375,0.0,1.0,0.0,0.1444801159880378
ni_tfnbs,"e=1.2,h=0.5,n=30,start_thres=1.25",hub,0.25,50,9,40,1730,18,0,22,1730,0.45,0.0,1.0,0.0,0.1444801159880378
ni_tfnbs,"e=1.2,h=1.0,n=30,start_thres=1.25",hub,0.25,50,9,40,1730,19,0,21,1730,0.475,0.0,1.0,0.0,0.1444801159880378
ni_tfnbs,"e=1.2,h=2.0,n=30,start_thres=1.25",hub,0.25,50,9,40,1730,20,1,20,1729,0.5,0.0005780346820809,0.9523809523809524,0.0476190476190476,0.1444801159880378
ni_tfnbs,"e=1.2,h=3.0,n=30,start_thres=1.25",hub,0.25,50,9,40,1730,20,1,20,1729,0.5,0.0005780346820809,0.9523809523809524,0.0476190476190476,0.1444801159880378
ni_tfnbs,"e=1.2,h=4.0,n=30,start_thres=1.25",hub,0.25,50,9,40,1730,21,1,19,1729,0.525,0.0005780346820809,0.9545454545454546,0.0454545454545454,0.1444801159880378
ni_tfnbs,"e=1.2,h=5.0,n=30,start_thres=1.25",hub,0.25,50,9,40,1730,22,0,18,1730,0.55,0.0,1.0,0.0,0.1444801159880378
ni_tfnbs,"e=1.2,h=6.0,n=30,start_thres=1.25",hub,0.25,50,9,40,1730,22,0,18,1730,0.55,0.0,1.0,0.0,0.1444801159880378
ni_tfnbs,"e=1.2,h=7.0,n=30,start_thres=1.25",hub,0.25,50,9,40,1730,18,0,22,1730,0.45,0.0,1.0,0.0,0.1444801159880378
ni_tfnbs,"e=1.2,h=8.0,n=30,start_thres=1.25",hub,0.25,50,9,40,1730,18,0,22,1730,0.45,0.0,1.0,0.0,0.1444801159880378
ni_tfnbs,"e=1.2,h=9.0,n=30,start_thres=1.25",hub,0.25,50,9,40,1730,16,0,24,1730,0.4,0.0,1.0,0.0,0.1444801159880378
ni_tfnbs,"e=1.2,h=10.0,n=30,start_thres=1.25",hub,0.25,50,9,40,1730,16,0,24,1730,0.4,0.0,1.0,0.0,0.1444801159880378
ni_tfnbs,"e=1.3,h=0.5,n=30,start_thres=1.25",hub,0.25,50,9,40,1730,17,0,23,1730,0.425,0.0,1.0,0.0,0.1444801159880378
ni_tfnbs,"e=1.3,h=1.0,n=30,start_thres=1.25",hub,0.25,50,9,40,1730,18,0,22,1730,0.45,0.0,1.0,0.0,0.1444801159880378
ni_tfnbs,"e=1.3,h=2.0,n=30,start_thres=1.25",hub,0.25,50,9,40,1730,20,1,20,1729,0.5,0.0005780346820809,0.9523809523809524,0.0476190476190476,0.1444801159880378
ni_tfnbs,"e=1.3,h=3.0,n=30,start_thres=1.25",hub,0.25,50,9,40,1730,20,1,20,1729,0.5,0.0005780346820809,0.9523809523809524,0.0476190476190476,0.1444801159880378
ni_tfnbs,"e=1.3,h=4.0,n=30,start_thres=1.25",hub,0.25,50,9,40,1730,20,1,20,1729,0.5,0.0005780346820809,0.9523809523809524,0.0476190476190476,0.1444801159880378
ni_tfnbs,"e=1.3,h=5.0,n=30,start_thres=1.25",hub,0.25,50,9,40,1730,22,1,18,1729,0.55,0.0005780346820809,0.9565217391304348,0.0434782608695652,0.1444801159880378
ni_tfnbs,"e=1.3,h=6.0,n=30,start_thres=1.25",hub,0.25,50,9,40,1730,22,0,18,1730,0.55,0.0,1.0,0.0,0.1444801159880378
ni_tfnbs,"e=1.3,h=7.0,n=30,start_thres=1.25",hub,0.25,50,9,40,1730,22,0,18,1730,0.55,0.0,1.0,0.0,0.1444801159880378
ni_tfnbs,"e=1.3,h=8.0,n=30,start_thres=1.25",hub,0.25,50,9,40,1730,18,0,22,1730,0.45,0.0,1.0,0.0,0.1444801159880378
ni_tfnbs,"e=1.3,h=9.0,n=30,start_thres=1.25",hub,0.25,50,9,40,1730,17,0,23,1730,0.425,0.0,1.0,0.0,0.1444801159880378
ni_tfnbs,"e=1.3,h=10.0,n=30,start_thres=1.25",hub,0.25,50,9,40,1730,16,0,24,1730,0.4,0.0,1.0,0.0,0.1444801159880378
ni_tfnbs,"e=1.4,h=0.5,n=30,start_thres=1.25",hub,0.25,50,9,40,1730,15,0,25,1730,0.375,0.0,1.0,0.0,0.1444801159880378
ni_tfnbs,"e=1.4,h=1.0,n=30,start_thres=1.25",hub,0.25,50,9,40,1730,18,0,22,1730,0.45,0.0,1.0,0.0,0.1444801159880378
ni_tfnbs,"e=1.4,h=2.0,n=30,start_thres=1.25",hub,0.25,50,9,40,1730,20,1,20,1729,0.5,0.0005780346820809,0.9523809523809524,0.0476190476190476,0.1444801159880378
ni_tfnbs,"e=1.4,h=3.0,n=30,start_thres=1.25",hub,0.25,50,9,40,1730,20,1,20,1729,0.5,0.0005780346820809,0.9523809523809524,0.0476190476190476,0.1444801159880378
ni_tfnbs,"e=1.4,h=4.0,n=30,start_thres=1.25",hub,0.25,50,9,40,1730,20,1,20,1729,0.5,0.0005780346820809,0.9523809523809524,0.0476190476190476,0.1444801159880378
ni_tfnbs,"e=1.4,h=5.0,n=30,start_thres=1.25",hub,0.25,50,9,40,1730,22,1,18,1729,0.55,0.0005780346820809,0.9565217391304348,0.0434782608695652,0.1444801159880378
ni_tfnbs,"e=1.4,h=6.0,n=30,start_thres=1.25",hub,0.25,50,9,40,1730,22,1,18,1729,0.55,0.0005780346820809,0.9565217391304348,0.0434782608695652,0.1444801159880378
ni_tfnbs,"e=1.4,h=7.0,n=30,start_thres=1.25",hub,0.25,50,9,40,1730,22,0,18,1730,0.55,0.0,1.0,0.0,0.1444801159880378
ni_tfnbs,"e=1.4,h=8.0,n=30,start_thres=1.25",hub,0.25,50,9,40,1730,19,0,21,1730,0.475,0.0,1.0,0.0,0.1444801159880378
ni_tfnbs,"e=1.4,h=9.0,n=30,start_thres=1.25",hub,0.25,50,9,40,1730,18,0,22,1730,0.45,0.0,1.0,0.0,0.1444801159880378
ni_tfnbs,"e=1.4,h=10.0,n=30,start_thres=1.25",hub,0.25,50,9,40,1730,17,0,23,1730,0.425,0.0,1.0,0.0,0.1444801159880378
ni_tfnbs,"e=1.5,h=0.5,n=30,start_thres=1.25",hub,0.25,50,9,40,1730,12,0,28,1730,0.3,0.0,1.0,0.0,0.1444801159880378
ni_tfnbs,"e=1.5,h=1.0,n=30,start_thres=1.25",hub,0.25,50,9,40,1730,16,0,24,1730,0.4,0.0,1.0,0.0,0.1444801159880378
ni_tfnbs,"e=1.5,h=2.0,n=30,start_thres=1.25",hub,0.25,50,9,40,1730,19,1,21,1729,0.475,0.0005780346820809,0.95,0.05,0.1444801159880378
ni_tfnbs,"e=1.5,h=3.0,n=30,start_thres=1.25",hub,0.25,50,9,40,1730,20,1,20,1729,0.5,0.0005780346820809,0.9523809523809524,0.0476190476190476,0.1444801159880378
ni_tfnbs,"e=1.5,h=4.0,n=30,start_thres=1.25",hub,0.25,50,9,40,1730,20,1,20,1729,0.5,0.0005780346820809,0.9523809523809524,0.0476190476190476,0.1444801159880378
ni_tfnbs,"e=1.5,h=5.0,n=30,start_thres=1.25",hub,0.25,50,9,40,1730,21,1,19,1729,0.525,0.0005780346820809,0.9545454545454546,0.0454545454545454,0.1444801159880378
ni_tfnbs,"e=1.5,h=6.0,n=30,start_thres=1.25",hub,0.25,50,9,40,1730,22,1,18,1729,0.55,0.0005780346820809,0.9565217391304348,0.0434782608695652,0.1444801159880378
ni_tfnbs,"e=1.5,h=7.0,n=30,start_thres=1.25",hub,0.25,50,9,40,1730,22,0,18,1730,0.55,0.0,1.0,0.0,0.1444801159880378
ni_tfnbs,"e=1.5,h=8.0,n=30,start_thres=1.25",hub,0.25,50,9,40,1730,22,0,18,1730,0.55,0.0,1.0,0.0,0.1444801159880378
ni_tfnbs,"e=1.5,h=9.0,n=30,start_thres=1.25",hub,0.25,50,9,40,1730,18,0,22,1730,0.45,0.0,1.0,0.0,0.1444801159880378
ni_tfnbs,"e=1.5,h=10.0,n=30,start_thres=1.25",hub,0.25,50,9,40,1730,18,0,22,1730,0.45,0.0,1.0,0.0,0.1444801159880378
ni_tfnbs,"e=0.05,h=0.5,n=30,start_thres=1.25",hub,0.25,50,10,40,1730,4,0,36,1730,0.1,0.0,1.0,0.0,0.1444733576341108
ni_tfnbs,"e=0.05,h=1.0,n=30,start_thres=1.25",hub,0.25,50,10,40,1730,4,0,36,1730,0.1,0.0,1.0,0.0,0.1444733576341108
ni_tfnbs,"e=0.05,h=2.0,n=30,start_thres=1.25",hub,0.25,50,10,40,1730,3,0,37,1730,0.075,0.0,1.0,0.0,0.1444733576341108
ni_tfnbs,"e=0.05,h=3.0,n=30,start_thres=1.25",hub,0.25,50,10,40,1730,3,0,37,1730,0.075,0.0,1.0,0.0,0.1444733576341108
ni_tfnbs,"e=0.05,h=4.0,n=30,start_thres=1.25",hub,0.25,50,10,40,1730,3,0,37,1730,0.075,0.0,1.0,0.0,0.1444733576341108
ni_tfnbs,"e=0.05,h=5.0,n=30,start_thres=1.25",hub,0.25,50,10,40,1730,3,0,37,1730,0.075,0.0,1.0,0.0,0.1444733576341108
ni_tfnbs,"e=0.05,h=6.0,n=30,start_thres=1.25",hub,0.25,50,10,40,1730,3,0,37,1730,0.075,0.0,1.0,0.0,0.1444733576341108
ni_tfnbs,"e=0.05,h=7.0,n=30,start_thres=1.25",hub,0.25,50,10,40,1730,3,0,37,1730,0.075,0.0,1.0,0.0,0.1444733576341108
ni_tfnbs,"e=0.05,h=8.0,n=30,start_thres=1.25",hub,0.25,50,10,40,1730,3,0,37,1730,0.075,0.0,1.0,0.0,0.1444733576341108
ni_tfnbs,"e=0.05,h=9.0,n=30,start_thres=1.25",hub,0.25,50,10,40,1730,3,0,37,1730,0.075,0.0,1.0,0.0,0.1444733576341108
ni_tfnbs,"e=0.05,h=10.0,n=30,start_thres=1.25",hub,0.25,50,10,40,1730,3,0,37,1730,0.075,0.0,1.0,0.0,0.1444733576341108
ni_tfnbs,"e=0.1,h=0.5,n=30,start_thres=1.25",hub,0.25,50,10,40,1730,4,0,36,1730,0.1,0.0,1.0,0.0,0.1444733576341108
ni_tfnbs,"e=0.1,h=1.0,n=30,start_thres=1.25",hub,0.25,50,10,40,1730,4,0,36,1730,0.1,0.0,1.0,0.0,0.1444733576341108
ni_tfnbs,"e=0.1,h=2.0,n=30,start_thres=1.25",hub,0.25,50,10,40,1730,4,0,36,1730,0.1,0.0,1.0,0.0,0.1444733576341108
ni_tfnbs,"e=0.1,h=3.0,n=30,start_thres=1.25",hub,0.25,50,10,40,1730,4,0,36,1730,0.1,0.0,1.0,0.0,0.1444733576341108
ni_tfnbs,"e=0.1,h=4.0,n=30,start_thres=1.25",hub,0.25,50,10,40,1730,4,0,36,1730,0.1,0.0,1.0,0.0,0.1444733576341108
ni_tfnbs,"e=0.1,h=5.0,n=30,start_thres=1.25",hub,0.25,50,10,40,1730,3,0,37,1730,0.075,0.0,1.0,0.0,0.1444733576341108
ni_tfnbs,"e=0.1,h=6.0,n=30,start_thres=1.25",hub,0.25,50,10,40,1730,3,0,37,1730,0.075,0.0,1.0,0.0,0.1444733576341108
ni_tfnbs,"e=0.1,h=7.0,n=30,start_thres=1.25",hub,0.25,50,10,40,1730,3,0,37,1730,0.075,0.0,1.0,0.0,0.1444733576341108
ni_tfnbs,"e=0.1,h=8.0,n=30,start_thres=1.25",hub,0.25,50,10,40,1730,3,0,37,1730,0.075,0.0,1.0,0.0,0.1444733576341108
ni_tfnbs,"e=0.1,h=9.0,n=30,start_thres=1.25",hub,0.25,50,10,40,1730,3,0,37,1730,0.075,0.0,1.0,0.0,0.1444733576341108
ni_tfnbs,"e=0.1,h=10.0,n=30,start_thres=1.25",hub,0.25,50,10,40,1730,3,0,37,1730,0.075,0.0,1.0,0.0,0.1444733576341108
ni_tfnbs,"e=0.2,h=0.5,n=30,start_thres=1.25",hub,0.25,50,10,40,1730,8,0,32,1730,0.2,0.0,1.0,0.0,0.1444733576341108
ni_tfnbs,"e=0.2,h=1.0,n=30,start_thres=1.25",hub,0.25,50,10,40,1730,8,0,32,1730,0.2,0.0,1.0,0.0,0.1444733576341108
ni_tfnbs,"e=0.2,h=2.0,n=30,start_thres=1.25",hub,0.25,50,10,40,1730,5,0,35,1730,0.125,0.0,1.0,0.0,0.1444733576341108
ni_tfnbs,"e=0.2,h=3.0,n=30,start_thres=1.25",hub,0.25,50,10,40,1730,5,0,35,1730,0.125,0.0,1.0,0.0,0.1444733576341108
ni_tfnbs,"e=0.2,h=4.0,n=30,start_thres=1.25",hub,0.25,50,10,40,1730,4,0,36,1730,0.1,0.0,1.0,0.0,0.1444733576341108
ni_tfnbs,"e=0.2,h=5.0,n=30,start_thres=1.25",hub,0.25,50,10,40,1730,4,0,36,1730,0.1,0.0,1.0,0.0,0.1444733576341108
ni_tfnbs,"e=0.2,h=6.0,n=30,start_thres=1.25",hub,0.25,50,10,40,1730,4,0,36,1730,0.1,0.0,1.0,0.0,0.1444733576341108
ni_tfnbs,"e=0.2,h=7.0,n=30,start_thres=1.25",hub,0.25,50,10,40,1730,4,0,36,1730,0.1,0.0,1.0,0.0,0.1444733576341108
ni_tfnbs,"e=0.2,h=8.0,n=30,start_thres=1.25",hub,0.25,50,10,40,1730,4,0,36,1730,0.1,0.0,1.0,0.0,0.1444733576341108
ni_tfnbs,"e=0.2,h=9.0,n=30,start_thres=1.25",hub,0.25,50,10,40,1730,3,0,37,1730,0.075,0.0,1.0,0.0,0.1444733576341108
ni_tfnbs,"e=0.2,h=10.0,n=30,start_thres=1.25",hub,0.25,50,10,40,1730,3,0,37,1730,0.075,0.0,1.0,0.0,0.1444733576341108
ni_tfnbs,"e=0.3,h=0.5,n=30,start_thres=1.25",hub,0.25,50,10,40,1730,9,0,31,1730,0.225,0.0,1.0,0.0,0.1444733576341108
ni_tfnbs,"e=0.3,h=1.0,n=30,start_thres=1.25",hub,0.25,50,10,40,1730,8,0,32,1730,0.2,0.0,1.0,0.0,0.1444733576341108
ni_tfnbs,"e=0.3,h=2.0,n=30,start_thres=1.25",hub,0.25,50,10,40,1730,8,0,32,1730,0.2,0.0,1.0,0.0,0.1444733576341108
ni_tfnbs,"e=0.3,h=3.0,n=30,start_thres=1.25",hub,0.25,50,10,40,1730,8,0,32,1730,0.2,0.0,1.0,0.0,0.1444733576341108
ni_tfnbs,"e=0.3,h=4.0,n=30,start_thres=1.25",hub,0.25,50,10,40,1730,5,0,35,1730,0.125,0.0,1.0,0.0,0.1444733576341108
ni_tfnbs,"e=0.3,h=5.0,n=30,start_thres=1.25",hub,0.25,50,10,40,1730,5,0,35,1730,0.125,0.0,1.0,0.0,0.1444733576341108
ni_tfnbs,"e=0.3,h=6.0,n=30,start_thres=1.25",hub,0.25,50,10,40,1730,5,0,35,1730,0.125,0.0,1.0,0.0,0.1444733576341108
ni_tfnbs,"e=0.3,h=7.0,n=30,start_thres=1.25",hub,0.25,50,10,40,1730,5,0,35,1730,0.125,0.0,1.0,0.0,0.1444733576341108
ni_tfnbs,"e=0.3,h=8.0,n=30,start_thres=1.25",hub,0.25,50,10,40,1730,4,0,36,1730,0.1,0.0,1.0,0.0,0.1444733576341108
ni_tfnbs,"e=0.3,h=9.0,n=30,start_thres=1.25",hub,0.25,50,10,40,1730,4,0,36,1730,0.1,0.0,1.0,0.0,0.1444733576341108
ni_tfnbs,"e=0.3,h=10.0,n=30,start_thres=1.25",hub,0.25,50,10,40,1730,3,0,37,1730,0.075,0.0,1.0,0.0,0.1444733576341108
ni_tfnbs,"e=0.4,h=0.5,n=30,start_thres=1.25",hub,0.25,50,10,40,1730,11,0,29,1730,0.275,0.0,1.0,0.0,0.1444733576341108
ni_tfnbs,"e=0.4,h=1.0,n=30,start_thres=1.25",hub,0.25,50,10,40,1730,11,0,29,1730,0.275,0.0,1.0,0.0,0.1444733576341108
ni_tfnbs,"e=0.4,h=2.0,n=30,start_thres=1.25",hub,0.25,50,10,40,1730,9,0,31,1730,0.225,0.0,1.0,0.0,0.1444733576341108
ni_tfnbs,"e=0.4,h=3.0,n=30,start_thres=1.25",hub,0.25,50,10,40,1730,8,0,32,1730,0.2,0.0,1.0,0.0,0.1444733576341108
ni_tfnbs,"e=0.4,h=4.0,n=30,start_thres=1.25",hub,0.25,50,10,40,1730,8,0,32,1730,0.2,0.0,1.0,0.0,0.1444733576341108
ni_tfnbs,"e=0.4,h=5.0,n=30,start_thres=1.25",hub,0.25,50,10,40,1730,8,0,32,1730,0.2,0.0,1.0,0.0,0.1444733576341108
ni_tfnbs,"e=0.4,h=6.0,n=30,start_thres=1.25",hub,0.25,50,10,40,1730,5,0,35,1730,0.125,0.0,1.0,0.0,0.1444733576341108
ni_tfnbs,"e=0.4,h=7.0,n=30,start_thres=1.25",hub,0.25,50,10,40,1730,5,0,35,1730,0.125,0.0,1.0,0.0,0.1444733576341108
ni_tfnbs,"e=0.4,h=8.0,n=30,start_thres=1.25",hub,0.25,50,10,40,1730,5,0,35,1730,0.125,0.0,1.0,0.0,0.1444733576341108
ni_tfnbs,"e=0.4,h=9.0,n=30,start_thres=1.25",hub,0.25,50,10,40,1730,5,0,35,1730,0.125,0.0,1.0,0.0,0.1444733576341108
ni_tfnbs,"e=0.4,h=10.0,n=30,start_thres=1.25",hub,0.25,50,10,40,1730,4,0,36,1730,0.1,0.0,1.0,0.0,0.1444733576341108
ni_tfnbs,"e=0.5,h=0.5,n=30,start_thres=1.25",hub,0.25,50,10,40,1730,13,1,27,1729,0.325,0.0005780346820809,0.9285714285714286,0.0714285714285714,0.1444733576341108
ni_tfnbs,"e=0.5,h=1.0,n=30,start_thres=1.25",hub,0.25,50,10,40,1730,13,1,27,1729,0.325,0.0005780346820809,0.9285714285714286,0.0714285714285714,0.1444733576341108
ni_tfnbs,"e=0.5,h=2.0,n=30,start_thres=1.25",hub,0.25,50,10,40,1730,11,0,29,1730,0.275,0.0,1.0,0.0,0.1444733576341108
ni_tfnbs,"e=0.5,h=3.0,n=30,start_thres=1.25",hub,0.25,50,10,40,1730,9,0,31,1730,0.225,0.0,1.0,0.0,0.1444733576341108
ni_tfnbs,"e=0.5,h=4.0,n=30,start_thres=1.25",hub,0.25,50,10,40,1730,8,0,32,1730,0.2,0.0,1.0,0.0,0.1444733576341108
ni_tfnbs,"e=0.5,h=5.0,n=30,start_thres=1.25",hub,0.25,50,10,40,1730,8,0,32,1730,0.2,0.0,1.0,0.0,0.1444733576341108
ni_tfnbs,"e=0.5,h=6.0,n=30,start_thres=1.25",hub,0.25,50,10,40,1730,8,0,32,1730,0.2,0.0,1.0,0.0,0.1444733576341108
ni_tfnbs,"e=0.5,h=7.0,n=30,start_thres=1.25",hub,0.25,50,10,40,1730,8,0,32,1730,0.2,0.0,1.0,0.0,0.1444733576341108
ni_tfnbs,"e=0.5,h=8.0,n=30,start_thres=1.25",hub,0.25,50,10,40,1730,5,0,35,1730,0.125,0.0,1.0,0.0,0.1444733576341108
ni_tfnbs,"e=0.5,h=9.0,n=30,start_thres=1.25",hub,0.25,50,10,40,1730,5,0,35,1730,0.125,0.0,1.0,0.0,0.1444733576341108
ni_tfnbs,"e=0.5,h=10.0,n=30,start_thres=1.25",hub,0.25,50,10,40,1730,5,0,35,1730,0.125,0.0,1.0,0.0,0.1444733576341108
ni_tfnbs,"e=0.6,h=0.5,n=30,start_thres=1.25",hub,0.25,50,10,40,1730,16,1,24,1729,0.4,0.0005780346820809,0.9411764705882352,0.0588235294117647,0.1444733576341108
ni_tfnbs,"e=0.6,h=1.0,n=30,start_thres=1.25",hub,0.25,50,10,40,1730,16,1,24,1729,0.4,0.0005780346820809,0.9411764705882352,0.0588235294117647,0.1444733576341108
ni_tfnbs,"e=0.6,h=2.0,n=30,start_thres=1.25",hub,0.25,50,10,40,1730,13,1,27,1729,0.325,0.0005780346820809,0.9285714285714286,0.0714285714285714,0.1444733576341108
ni_tfnbs,"e=0.6,h=3.0,n=30,start_thres=1.25",hub,0.25,50,10,40,1730,12,1,28,1729,0.3,0.0005780346820809,0.9230769230769232,0.0769230769230769,0.1444733576341108
ni_tfnbs,"e=0.6,h=4.0,n=30,start_thres=1.25",hub,0.25,50,10,40,1730,9,0,31,1730,0.225,0.0,1.0,0.0,0.1444733576341108
ni_tfnbs,"e=0.6,h=5.0,n=30,start_thres=1.25",hub,0.25,50,10,40,1730,8,0,32,1730,0.2,0.0,1.0,0.0,0.1444733576341108
ni_tfnbs,"e=0.6,h=6.0,n=30,start_thres=1.25",hub,0.25,50,10,40,1730,8,0,32,1730,0.2,0.0,1.0,0.0,0.1444733576341108
ni_tfnbs,"e=0.6,h=7.0,n=30,start_thres=1.25",hub,0.25,50,10,40,1730,8,0,32,1730,0.2,0.0,1.0,0.0,0.1444733576341108
ni_tfnbs,"e=0.6,h=8.0,n=30,start_thres=1.25",hub,0.25,50,10,40,1730,8,0,32,1730,0.2,0.0,1.0,0.0,0.1444733576341108
ni_tfnbs,"e=0.6,h=9.0,n=30,start_thres=1.25",hub,0.25,50,10,40,1730,8,0,32,1730,0.2,0.0,1.0,0.0,0.1444733576341108
ni_tfnbs,"e=0.6,h=10.0,n=30,start_thres=1.25",hub,0.25,50,10,40,1730,5,0,35,1730,0.125,0.0,1.0,0.0,0.1444733576341108
ni_tfnbs,"e=0.7,h=0.5,n=30,start_thres=1.25",hub,0.25,50,10,40,1730,16,1,24,1729,0.4,0.0005780346820809,0.9411764705882352,0.0588235294117647,0.1444733576341108
ni_tfnbs,"e=0.7,h=1.0,n=30,start_thres=1.25",hub,0.25,50,10,40,1730,16,1,24,1729,0.4,0.0005780346820809,0.9411764705882352,0.0588235294117647,0.1444733576341108
ni_tfnbs,"e=0.7,h=2.0,n=30,start_thres=1.25",hub,0.25,50,10,40,1730,16,1,24,1729,0.4,0.0005780346820809,0.9411764705882352,0.0588235294117647,0.1444733576341108
ni_tfnbs,"e=0.7,h=3.0,n=30,start_thres=1.25",hub,0.25,50,10,40,1730,14,1,26,1729,0.35,0.0005780346820809,0.9333333333333332,0.0666666666666666,0.1444733576341108
ni_tfnbs,"e=0.7,h=4.0,n=30,start_thres=1.25",hub,0.25,50,10,40,1730,12,1,28,1729,0.3,0.0005780346820809,0.9230769230769232,0.0769230769230769,0.1444733576341108
ni_tfnbs,"e=0.7,h=5.0,n=30,start_thres=1.25",hub,0.25,50,10,40,1730,10,0,30,1730,0.25,0.0,1.0,0.0,0.1444733576341108
ni_tfnbs,"e=0.7,h=6.0,n=30,start_thres=1.25",hub,0.25,50,10,40,1730,8,0,32,1730,0.2,0.0,1.0,0.0,0.1444733576341108
ni_tfnbs,"e=0.7,h=7.0,n=30,start_thres=1.25",hub,0.25,50,10,40,1730,8,0,32,1730,0.2,0.0,1.0,0.0,0.1444733576341108
ni_tfnbs,"e=0.7,h=8.0,n=30,start_thres=1.25",hub,0.25,50,10,40,1730,8,0,32,1730,0.2,0.0,1.0,0.0,0.1444733576341108
ni_tfnbs,"e=0.7,h=9.0,n=30,start_thres=1.25",hub,0.25,50,10,40,1730,8,0,32,1730,0.2,0.0,1.0,0.0,0.1444733576341108
ni_tfnbs,"e=0.7,h=10.0,n=30,start_thres=1.25",hub,0.25,50,10,40,1730,8,0,32,1730,0.2,0.0,1.0,0.0,0.1444733576341108
ni_tfnbs,"e=0.8,h=0.5,n=30,start_thres=1.25",hub,0.25,50,10,40,1730,16,1,24,1729,0.4,0.0005780346820809,0.9411764705882352,0.0588235294117647,0.1444733576341108
ni_tfnbs,"e=0.8,h=1.0,n=30,start_thres=1.25",hub,0.25,50,10,40,1730,16,1,24,1729,0.4,0.0005780346820809,0.9411764705882352,0.0588235294117647,0.1444733576341108
ni_tfnbs,"e=0.8,h=2.0,n=30,start_thres=1.25",hub,0.25,50,10,40,1730,16,1,24,1729,0.4,0.0005780346820809,0.9411764705882352,0.0588235294117647,0.1444733576341108
ni_tfnbs,"e=0.8,h=3.0,n=30,start_thres=1.25",hub,0.25,50,10,40,1730,16,1,24,1729,0.4,0.0005780346820809,0.9411764705882352,0.0588235294117647,0.1444733576341108
ni_tfnbs,"e=0.8,h=4.0,n=30,start_thres=1.25",hub,0.25,50,10,40,1730,14,1,26,1729,0.35,0.0005780346820809,0.9333333333333332,0.0666666666666666,0.1444733576341108
ni_tfnbs,"e=0.8,h=5.0,n=30,start_thres=1.25",hub,0.25,50,10,40,1730,11,0,29,1730,0.275,0.0,1.0,0.0,0.1444733576341108
ni_tfnbs,"e=0.8,h=6.0,n=30,start_thres=1.25",hub,0.25,50,10,40,1730,10,0,30,1730,0.25,0.0,1.0,0.0,0.1444733576341108
ni_tfnbs,"e=0.8,h=7.0,n=30,start_thres=1.25",hub,0.25,50,10,40,1730,8,0,32,1730,0.2,0.0,1.0,0.0,0.1444733576341108
ni_tfnbs,"e=0.8,h=8.0,n=30,start_thres=1.25",hub,0.25,50,10,40,1730,8,0,32,1730,0.2,0.0,1.0,0.0,0.1444733576341108
ni_tfnbs,"e=0.8,h=9.0,n=30,start_thres=1.25",hub,0.25,50,10,40,1730,8,0,32,1730,0.2,0.0,1.0,0.0,0.1444733576341108
ni_tfnbs,"e=0.8,h=10.0,n=30,start_thres=1.25",hub,0.25,50,10,40,1730,8,0,32,1730,0.2,0.0,1.0,0.0,0.1444733576341108
ni_tfnbs,"e=0.9,h=0.5,n=30,start_thres=1.25",hub,0.25,50,10,40,1730,17,1,23,1729,0.425,0.0005780346820809,0.9444444444444444,0.0555555555555555,0.1444733576341108
ni_tfnbs,"e=0.9,h=1.0,n=30,start_thres=1.25",hub,0.25,50,10,40,1730,17,1,23,1729,0.425,0.0005780346820809,0.9444444444444444,0.0555555555555555,0.1444733576341108
ni_tfnbs,"e=0.9,h=2.0,n=30,start_thres=1.25",hub,0.25,50,10,40,1730,16,1,24,1729,0.4,0.0005780346820809,0.9411764705882352,0.0588235294117647,0.1444733576341108
ni_tfnbs,"e=0.9,h=3.0,n=30,start_thres=1.25",hub,0.25,50,10,40,1730,16,1,24,1729,0.4,0.0005780346820809,0.9411764705882352,0.0588235294117647,0.1444733576341108
ni_tfnbs,"e=0.9,h=4.0,n=30,start_thres=1.25",hub,0.25,50,10,40,1730,16,1,24,1729,0.4,0.0005780346820809,0.9411764705882352,0.0588235294117647,0.1444733576341108
ni_tfnbs,"e=0.9,h=5.0,n=30,start_thres=1.25",hub,0.25,50,10,40,1730,13,1,27,1729,0.325,0.0005780346820809,0.9285714285714286,0.0714285714285714,0.1444733576341108
ni_tfnbs,"e=0.9,h=6.0,n=30,start_thres=1.25",hub,0.25,50,10,40,1730,12,1,28,1729,0.3,0.0005780346820809,0.9230769230769232,0.0769230769230769,0.1444733576341108
ni_tfnbs,"e=0.9,h=7.0,n=30,start_thres=1.25",hub,0.25,50,10,40,1730,9,0,31,1730,0.225,0.0,1.0,0.0,0.1444733576341108
ni_tfnbs,"e=0.9,h=8.0,n=30,start_thres=1.25",hub,0.25,50,10,40,1730,8,0,32,1730,0.2,0.0,1.0,0.0,0.1444733576341108
ni_tfnbs,"e=0.9,h=9.0,n=30,start_thres=1.25",hub,0.25,50,10,40,1730,8,0,32,1730,0.2,0.0,1.0,0.0,0.1444733576341108
ni_tfnbs,"e=0.9,h=10.0,n=30,start_thres=1.25",hub,0.25,50,10,40,1730,8,0,32,1730,0.2,0.0,1.0,0.0,0.1444733576341108
ni_tfnbs,"e=1.0,h=0.5,n=30,start_thres=1.25",hub,0.25,50,10,40,1730,15,1,25,1729,0.375,0.0005780346820809,0.9375,0.0625,0.1444733576341108
ni_tfnbs,"e=1.0,h=1.0,n=30,start_thres=1.25",hub,0.25,50,10,40,1730,17,1,23,1729,0.425,0.0005780346820809,0.9444444444444444,0.0555555555555555,0.1444733576341108
ni_tfnbs,"e=1.0,h=2.0,n=30,start_thres=1.25",hub,0.25,50,10,40,1730,17,1,23,1729,0.425,0.0005780346820809,0.9444444444444444,0.0555555555555555,0.1444733576341108
ni_tfnbs,"e=1.0,h=3.0,n=30,start_thres=1.25",hub,0.25,50,10,40,1730,16,1,24,1729,0.4,0.0005780346820809,0.9411764705882352,0.0588235294117647,0.1444733576341108
ni_tfnbs,"e=1.0,h=4.0,n=30,start_thres=1.25",hub,0.25,50,10,40,1730,16,1,24,1729,0.4,0.0005780346820809,0.9411764705882352,0.0588235294117647,0.1444733576341108
ni_tfnbs,"e=1.0,h=5.0,n=30,start_thres=1.25",hub,0.25,50,10,40,1730,16,1,24,1729,0.4,0.0005780346820809,0.9411764705882352,0.0588235294117647,0.1444733576341108
ni_tfnbs,"e=1.0,h=6.0,n=30,start_thres=1.25",hub,0.25,50,10,40,1730,13,1,27,1729,0.325,0.0005780346820809,0.9285714285714286,0.0714285714285714,0.1444733576341108
ni_tfnbs,"e=1.0,h=7.0,n=30,start_thres=1.25",hub,0.25,50,10,40,1730,11,0,29,1730,0.275,0.0,1.0,0.0,0.1444733576341108
ni_tfnbs,"e=1.0,h=8.0,n=30,start_thres=1.25",hub,0.25,50,10,40,1730,9,0,31,1730,0.225,0.0,1.0,0.0,0.1444733576341108
ni_tfnbs,"e=1.0,h=9.0,n=30,start_thres=1.25",hub,0.25,50,10,40,1730,8,0,32,1730,0.2,0.0,1.0,0.0,0.1444733576341108
ni_tfnbs,"e=1.0,h=10.0,n=30,start_thres=1.25",hub,0.25,50,10,40,1730,8,0,32,1730,0.2,0.0,1.0,0.0,0.1444733576341108
ni_tfnbs,"e=1.1,h=0.5,n=30,start_thres=1.25",hub,0.25,50,10,40,1730,15,1,25,1729,0.375,0.0005780346820809,0.9375,0.0625,0.1444733576341108
ni_tfnbs,"e=1.1,h=1.0,n=30,start_thres=1.25",hub,0.25,50,10,40,1730,16,1,24,1729,0.4,0.0005780346820809,0.9411764705882352,0.0588235294117647,0.1444733576341108
ni_tfnbs,"e=1.1,h=2.0,n=30,start_thres=1.25",hub,0.25,50,10,40,1730,17,1,23,1729,0.425,0.0005780346820809,0.9444444444444444,0.0555555555555555,0.1444733576341108
ni_tfnbs,"e=1.1,h=3.0,n=30,start_thres=1.25",hub,0.25,50,10,40,1730,18,1,22,1729,0.45,0.0005780346820809,0.9473684210526316,0.0526315789473684,0.1444733576341108
ni_tfnbs,"e=1.1,h=4.0,n=30,start_thres=1.25",hub,0.25,50,10,40,1730,16,1,24,1729,0.4,0.0005780346820809,0.9411764705882352,0.0588235294117647,0.1444733576341108
ni_tfnbs,"e=1.1,h=5.0,n=30,start_thres=1.25",hub,0.25,50,10,40,1730,16,1,24,1729,0.4,0.0005780346820809,0.9411764705882352,0.0588235294117647,0.1444733576341108
ni_tfnbs,"e=1.1,h=6.0,n=30,start_thres=1.25",hub,0.25,50,10,40,1730,16,1,24,1729,0.4,0.0005780346820809,0.9411764705882352,0.0588235294117647,0.1444733576341108
ni_tfnbs,"e=1.1,h=7.0,n=30,start_thres=1.25",hub,0.25,50,10,40,1730,13,1,27,1729,0.325,0.0005780346820809,0.9285714285714286,0.0714285714285714,0.1444733576341108
ni_tfnbs,"e=1.1,h=8.0,n=30,start_thres=1.25",hub,0.25,50,10,40,1730,11,0,29,1730,0.275,0.0,1.0,0.0,0.1444733576341108
ni_tfnbs,"e=1.1,h=9.0,n=30,start_thres=1.25",hub,0.25,50,10,40,1730,10,0,30,1730,0.25,0.0,1.0,0.0,0.1444733576341108
ni_tfnbs,"e=1.1,h=10.0,n=30,start_thres=1.25",hub,0.25,50,10,40,1730,8,0,32,1730,0.2,0.0,1.0,0.0,0.1444733576341108
ni_tfnbs,"e=1.2,h=0.5,n=30,start_thres=1.25",hub,0.25,50,10,40,1730,15,1,25,1729,0.375,0.0005780346820809,0.9375,0.0625,0.1444733576341108
ni_tfnbs,"e=1.2,h=1.0,n=30,start_thres=1.25",hub,0.25,50,10,40,1730,16,1,24,1729,0.4,0.0005780346820809,0.9411764705882352,0.0588235294117647,0.1444733576341108
ni_tfnbs,"e=1.2,h=2.0,n=30,start_thres=1.25",hub,0.25,50,10,40,1730,18,1,22,1729,0.45,0.0005780346820809,0.9473684210526316,0.0526315789473684,0.1444733576341108
ni_tfnbs,"e=1.2,h=3.0,n=30,start_thres=1.25",hub,0.25,50,10,40,1730,19,1,21,1729,0.475,0.0005780346820809,0.95,0.05,0.1444733576341108
ni_tfnbs,"e=1.2,h=4.0,n=30,start_thres=1.25",hub,0.25,50,10,40,1730,18,1,22,1729,0.45,0.0005780346820809,0.9473684210526316,0.0526315789473684,0.1444733576341108
ni_tfnbs,"e=1.2,h=5.0,n=30,start_thres=1.25",hub,0.25,50,10,40,1730,16,1,24,1729,0.4,0.0005780346820809,0.9411764705882352,0.0588235294117647,0.1444733576341108
ni_tfnbs,"e=1.2,h=6.0,n=30,start_thres=1.25",hub,0.25,50,10,40,1730,16,1,24,1729,0.4,0.0005780346820809,0.9411764705882352,0.0588235294117647,0.1444733576341108
ni_tfnbs,"e=1.2,h=7.0,n=30,start_thres=1.25",hub,0.25,50,10,40,1730,15,1,25,1729,0.375,0.0005780346820809,0.9375,0.0625,0.1444733576341108
ni_tfnbs,"e=1.2,h=8.0,n=30,start_thres=1.25",hub,0.25,50,10,40,1730,12,1,28,1729,0.3,0.0005780346820809,0.9230769230769232,0.0769230769230769,0.1444733576341108
ni_tfnbs,"e=1.2,h=9.0,n=30,start_thres=1.25",hub,0.25,50,10,40,1730,11,0,29,1730,0.275,0.0,1.0,0.0,0.1444733576341108
ni_tfnbs,"e=1.2,h=10.0,n=30,start_thres=1.25",hub,0.25,50,10,40,1730,10,0,30,1730,0.25,0.0,1.0,0.0,0.1444733576341108
ni_tfnbs,"e=1.3,h=0.5,n=30,start_thres=1.25",hub,0.25,50,10,40,1730,14,1,26,1729,0.35,0.0005780346820809,0.9333333333333332,0.0666666666666666,0.1444733576341108
ni_tfnbs,"e=1.3,h=1.0,n=30,start_thres=1.25",hub,0.25,50,10,40,1730,16,1,24,1729,0.4,0.0005780346820809,0.9411764705882352,0.0588235294117647,0.1444733576341108
ni_tfnbs,"e=1.3,h=2.0,n=30,start_thres=1.25",hub,0.25,50,10,40,1730,18,1,22,1729,0.45,0.0005780346820809,0.9473684210526316,0.0526315789473684,0.1444733576341108
ni_tfnbs,"e=1.3,h=3.0,n=30,start_thres=1.25",hub,0.25,50,10,40,1730,20,1,20,1729,0.5,0.0005780346820809,0.9523809523809524,0.0476190476190476,0.1444733576341108
ni_tfnbs,"e=1.3,h=4.0,n=30,start_thres=1.25",hub,0.25,50,10,40,1730,18,1,22,1729,0.45,0.0005780346820809,0.9473684210526316,0.0526315789473684,0.1444733576341108
ni_tfnbs,"e=1.3,h=5.0,n=30,start_thres=1.25",hub,0.25,50,10,40,1730,18,1,22,1729,0.45,0.0005780346820809,0.9473684210526316,0.0526315789473684,0.1444733576341108
ni_tfnbs,"e=1.3,h=6.0,n=30,start_thres=1.25",hub,0.25,50,10,40,1730,17,1,23,1729,0.425,0.0005780346820809,0.9444444444444444,0.0555555555555555,0.1444733576341108
ni_tfnbs,"e=1.3,h=7.0,n=30,start_thres=1.25",hub,0.25,50,10,40,1730,16,1,24,1729,0.4,0.0005780346820809,0.9411764705882352,0.0588235294117647,0.1444733576341108
ni_tfnbs,"e=1.3,h=8.0,n=30,start_thres=1.25",hub,0.25,50,10,40,1730,15,1,25,1729,0.375,0.0005780346820809,0.9375,0.0625,0.1444733576341108
ni_tfnbs,"e=1.3,h=9.0,n=30,start_thres=1.25",hub,0.25,50,10,40,1730,12,1,28,1729,0.3,0.0005780346820809,0.9230769230769232,0.0769230769230769,0.1444733576341108
ni_tfnbs,"e=1.3,h=10.0,n=30,start_thres=1.25",hub,0.25,50,10,40,1730,11,0,29,1730,0.275,0.0,1.0,0.0,0.1444733576341108
ni_tfnbs,"e=1.4,h=0.5,n=30,start_thres=1.25",hub,0.25,50,10,40,1730,12,1,28,1729,0.3,0.0005780346820809,0.9230769230769232,0.0769230769230769,0.1444733576341108
ni_tfnbs,"e=1.4,h=1.0,n=30,start_thres=1.25",hub,0.25,50,10,40,1730,15,1,25,1729,0.375,0.0005780346820809,0.9375,0.0625,0.1444733576341108
ni_tfnbs,"e=1.4,h=2.0,n=30,start_thres=1.25",hub,0.25,50,10,40,1730,17,1,23,1729,0.425,0.0005780346820809,0.9444444444444444,0.0555555555555555,0.1444733576341108
ni_tfnbs,"e=1.4,h=3.0,n=30,start_thres=1.25",hub,0.25,50,10,40,1730,20,1,20,1729,0.5,0.0005780346820809,0.9523809523809524,0.0476190476190476,0.1444733576341108
ni_tfnbs,"e=1.4,h=4.0,n=30,start_thres=1.25",hub,0.25,50,10,40,1730,20,1,20,1729,0.5,0.0005780346820809,0.9523809523809524,0.0476190476190476,0.1444733576341108
ni_tfnbs,"e=1.4,h=5.0,n=30,start_thres=1.25",hub,0.25,50,10,40,1730,19,1,21,1729,0.475,0.0005780346820809,0.95,0.05,0.1444733576341108
ni_tfnbs,"e=1.4,h=6.0,n=30,start_thres=1.25",hub,0.25,50,10,40,1730,18,1,22,1729,0.45,0.0005780346820809,0.9473684210526316,0.0526315789473684,0.1444733576341108
ni_tfnbs,"e=1.4,h=7.0,n=30,start_thres=1.25",hub,0.25,50,10,40,1730,17,1,23,1729,0.425,0.0005780346820809,0.9444444444444444,0.0555555555555555,0.1444733576341108
ni_tfnbs,"e=1.4,h=8.0,n=30,start_thres=1.25",hub,0.25,50,10,40,1730,16,1,24,1729,0.4,0.0005780346820809,0.9411764705882352,0.0588235294117647,0.1444733576341108
ni_tfnbs,"e=1.4,h=9.0,n=30,start_thres=1.25",hub,0.25,50,10,40,1730,14,1,26,1729,0.35,0.0005780346820809,0.9333333333333332,0.0666666666666666,0.1444733576341108
ni_tfnbs,"e=1.4,h=10.0,n=30,start_thres=1.25",hub,0.25,50,10,40,1730,12,1,28,1729,0.3,0.0005780346820809,0.9230769230769232,0.0769230769230769,0.1444733576341108
ni_tfnbs,"e=1.5,h=0.5,n=30,start_thres=1.25",hub,0.25,50,10,40,1730,11,1,29,1729,0.275,0.0005780346820809,0.9166666666666666,0.0833333333333333,0.1444733576341108
ni_tfnbs,"e=1.5,h=1.0,n=30,start_thres=1.25",hub,0.25,50,10,40,1730,14,1,26,1729,0.35,0.0005780346820809,0.9333333333333332,0.0666666666666666,0.1444733576341108
ni_tfnbs,"e=1.5,h=2.0,n=30,start_thres=1.25",hub,0.25,50,10,40,1730,18,1,22,1729,0.45,0.0005780346820809,0.9473684210526316,0.0526315789473684,0.1444733576341108
ni_tfnbs,"e=1.5,h=3.0,n=30,start_thres=1.25",hub,0.25,50,10,40,1730,19,1,21,1729,0.475,0.0005780346820809,0.95,0.05,0.1444733576341108
ni_tfnbs,"e=1.5,h=4.0,n=30,start_thres=1.25",hub,0.25,50,10,40,1730,20,1,20,1729,0.5,0.0005780346820809,0.9523809523809524,0.0476190476190476,0.1444733576341108
ni_tfnbs,"e=1.5,h=5.0,n=30,start_thres=1.25",hub,0.25,50,10,40,1730,20,1,20,1729,0.5,0.0005780346820809,0.9523809523809524,0.0476190476190476,0.1444733576341108
ni_tfnbs,"e=1.5,h=6.0,n=30,start_thres=1.25",hub,0.25,50,10,40,1730,19,1,21,1729,0.475,0.0005780346820809,0.95,0.05,0.1444733576341108
ni_tfnbs,"e=1.5,h=7.0,n=30,start_thres=1.25",hub,0.25,50,10,40,1730,17,1,23,1729,0.425,0.0005780346820809,0.9444444444444444,0.0555555555555555,0.1444733576341108
ni_tfnbs,"e=1.5,h=8.0,n=30,start_thres=1.25",hub,0.25,50,10,40,1730,17,1,23,1729,0.425,0.0005780346820809,0.9444444444444444,0.0555555555555555,0.1444733576341108
ni_tfnbs,"e=1.5,h=9.0,n=30,start_thres=1.25",hub,0.25,50,10,40,1730,16,1,24,1729,0.4,0.0005780346820809,0.9411764705882352,0.0588235294117647,0.1444733576341108
ni_tfnbs,"e=1.5,h=10.0,n=30,start_thres=1.25",hub,0.25,50,10,40,1730,14,1,26,1729,0.35,0.0005780346820809,0.9333333333333332,0.0666666666666666,0.1444733576341108
ni_tfnbs,"e=0.05,h=0.5,n=30,start_thres=1.25",hub,0.25,50,11,40,1730,11,0,29,1730,0.275,0.0,1.0,0.0,0.1497838388789784
ni_tfnbs,"e=0.05,h=1.0,n=30,start_thres=1.25",hub,0.25,50,11,40,1730,11,0,29,1730,0.275,0.0,1.0,0.0,0.1497838388789784
ni_tfnbs,"e=0.05,h=2.0,n=30,start_thres=1.25",hub,0.25,50,11,40,1730,10,0,30,1730,0.25,0.0,1.0,0.0,0.1497838388789784
ni_tfnbs,"e=0.05,h=3.0,n=30,start_thres=1.25",hub,0.25,50,11,40,1730,10,0,30,1730,0.25,0.0,1.0,0.0,0.1497838388789784
ni_tfnbs,"e=0.05,h=4.0,n=30,start_thres=1.25",hub,0.25,50,11,40,1730,10,0,30,1730,0.25,0.0,1.0,0.0,0.1497838388789784
ni_tfnbs,"e=0.05,h=5.0,n=30,start_thres=1.25",hub,0.25,50,11,40,1730,10,0,30,1730,0.25,0.0,1.0,0.0,0.1497838388789784
ni_tfnbs,"e=0.05,h=6.0,n=30,start_thres=1.25",hub,0.25,50,11,40,1730,10,0,30,1730,0.25,0.0,1.0,0.0,0.1497838388789784
ni_tfnbs,"e=0.05,h=7.0,n=30,start_thres=1.25",hub,0.25,50,11,40,1730,10,0,30,1730,0.25,0.0,1.0,0.0,0.1497838388789784
ni_tfnbs,"e=0.05,h=8.0,n=30,start_thres=1.25",hub,0.25,50,11,40,1730,10,0,30,1730,0.25,0.0,1.0,0.0,0.1497838388789784
ni_tfnbs,"e=0.05,h=9.0,n=30,start_thres=1.25",hub,0.25,50,11,40,1730,10,0,30,1730,0.25,0.0,1.0,0.0,0.1497838388789784
ni_tfnbs,"e=0.05,h=10.0,n=30,start_thres=1.25",hub,0.25,50,11,40,1730,10,0,30,1730,0.25,0.0,1.0,0.0,0.1497838388789784
ni_tfnbs,"e=0.1,h=0.5,n=30,start_thres=1.25",hub,0.25,50,11,40,1730,11,0,29,1730,0.275,0.0,1.0,0.0,0.1497838388789784
ni_tfnbs,"e=0.1,h=1.0,n=30,start_thres=1.25",hub,0.25,50,11,40,1730,11,0,29,1730,0.275,0.0,1.0,0.0,0.1497838388789784
ni_tfnbs,"e=0.1,h=2.0,n=30,start_thres=1.25",hub,0.25,50,11,40,1730,11,0,29,1730,0.275,0.0,1.0,0.0,0.1497838388789784
ni_tfnbs,"e=0.1,h=3.0,n=30,start_thres=1.25",hub,0.25,50,11,40,1730,11,0,29,1730,0.275,0.0,1.0,0.0,0.1497838388789784
ni_tfnbs,"e=0.1,h=4.0,n=30,start_thres=1.25",hub,0.25,50,11,40,1730,11,0,29,1730,0.275,0.0,1.0,0.0,0.1497838388789784
ni_tfnbs,"e=0.1,h=5.0,n=30,start_thres=1.25",hub,0.25,50,11,40,1730,11,0,29,1730,0.275,0.0,1.0,0.0,0.1497838388789784
ni_tfnbs,"e=0.1,h=6.0,n=30,start_thres=1.25",hub,0.25,50,11,40,1730,10,0,30,1730,0.25,0.0,1.0,0.0,0.1497838388789784
ni_tfnbs,"e=0.1,h=7.0,n=30,start_thres=1.25",hub,0.25,50,11,40,1730,10,0,30,1730,0.25,0.0,1.0,0.0,0.1497838388789784
ni_tfnbs,"e=0.1,h=8.0,n=30,start_thres=1.25",hub,0.25,50,11,40,1730,10,0,30,1730,0.25,0.0,1.0,0.0,0.1497838388789784
ni_tfnbs,"e=0.1,h=9.0,n=30,start_thres=1.25",hub,0.25,50,11,40,1730,10,0,30,1730,0.25,0.0,1.0,0.0,0.1497838388789784
ni_tfnbs,"e=0.1,h=10.0,n=30,start_thres=1.25",hub,0.25,50,11,40,1730,10,0,30,1730,0.25,0.0,1.0,0.0,0.1497838388789784
ni_tfnbs,"e=0.2,h=0.5,n=30,start_thres=1.25",hub,0.25,50,11,40,1730,12,0,28,1730,0.3,0.0,1.0,0.0,0.1497838388789784
ni_tfnbs,"e=0.2,h=1.0,n=30,start_thres=1.25",hub,0.25,50,11,40,1730,12,0,28,1730,0.3,0.0,1.0,0.0,0.1497838388789784
ni_tfnbs,"e=0.2,h=2.0,n=30,start_thres=1.25",hub,0.25,50,11,40,1730,11,0,29,1730,0.275,0.0,1.0,0.0,0.1497838388789784
ni_tfnbs,"e=0.2,h=3.0,n=30,start_thres=1.25",hub,0.25,50,11,40,1730,11,0,29,1730,0.275,0.0,1.0,0.0,0.1497838388789784
ni_tfnbs,"e=0.2,h=4.0,n=30,start_thres=1.25",hub,0.25,50,11,40,1730,11,0,29,1730,0.275,0.0,1.0,0.0,0.1497838388789784
ni_tfnbs,"e=0.2,h=5.0,n=30,start_thres=1.25",hub,0.25,50,11,40,1730,11,0,29,1730,0.275,0.0,1.0,0.0,0.1497838388789784
ni_tfnbs,"e=0.2,h=6.0,n=30,start_thres=1.25",hub,0.25,50,11,40,1730,11,0,29,1730,0.275,0.0,1.0,0.0,0.1497838388789784
ni_tfnbs,"e=0.2,h=7.0,n=30,start_thres=1.25",hub,0.25,50,11,40,1730,11,0,29,1730,0.275,0.0,1.0,0.0,0.1497838388789784
ni_tfnbs,"e=0.2,h=8.0,n=30,start_thres=1.25",hub,0.25,50,11,40,1730,11,0,29,1730,0.275,0.0,1.0,0.0,0.1497838388789784
ni_tfnbs,"e=0.2,h=9.0,n=30,start_thres=1.25",hub,0.25,50,11,40,1730,11,0,29,1730,0.275,0.0,1.0,0.0,0.1497838388789784
ni_tfnbs,"e=0.2,h=10.0,n=30,start_thres=1.25",hub,0.25,50,11,40,1730,11,0,29,1730,0.275,0.0,1.0,0.0,0.1497838388789784
ni_tfnbs,"e=0.3,h=0.5,n=30,start_thres=1.25",hub,0.25,50,11,40,1730,15,0,25,1730,0.375,0.0,1.0,0.0,0.1497838388789784
ni_tfnbs,"e=0.3,h=1.0,n=30,start_thres=1.25",hub,0.25,50,11,40,1730,15,0,25,1730,0.375,0.0,1.0,0.0,0.1497838388789784
ni_tfnbs,"e=0.3,h=2.0,n=30,start_thres=1.25",hub,0.25,50,11,40,1730,14,0,26,1730,0.35,0.0,1.0,0.0,0.1497838388789784
ni_tfnbs,"e=0.3,h=3.0,n=30,start_thres=1.25",hub,0.25,50,11,40,1730,13,0,27,1730,0.325,0.0,1.0,0.0,0.1497838388789784
ni_tfnbs,"e=0.3,h=4.0,n=30,start_thres=1.25",hub,0.25,50,11,40,1730,11,0,29,1730,0.275,0.0,1.0,0.0,0.1497838388789784
ni_tfnbs,"e=0.3,h=5.0,n=30,start_thres=1.25",hub,0.25,50,11,40,1730,11,0,29,1730,0.275,0.0,1.0,0.0,0.1497838388789784
ni_tfnbs,"e=0.3,h=6.0,n=30,start_thres=1.25",hub,0.25,50,11,40,1730,11,0,29,1730,0.275,0.0,1.0,0.0,0.1497838388789784
ni_tfnbs,"e=0.3,h=7.0,n=30,start_thres=1.25",hub,0.25,50,11,40,1730,11,0,29,1730,0.275,0.0,1.0,0.0,0.1497838388789784
ni_tfnbs,"e=0.3,h=8.0,n=30,start_thres=1.25",hub,0.25,50,11,40,1730,11,0,29,1730,0.275,0.0,1.0,0.0,0.1497838388789784
ni_tfnbs,"e=0.3,h=9.0,n=30,start_thres=1.25",hub,0.25,50,11,40,1730,11,0,29,1730,0.275,0.0,1.0,0.0,0.1497838388789784
ni_tfnbs,"e=0.3,h=10.0,n=30,start_thres=1.25",hub,0.25,50,11,40,1730,11,0,29,1730,0.275,0.0,1.0,0.0,0.1497838388789784
ni_tfnbs,"e=0.4,h=0.5,n=30,start_thres=1.25",hub,0.25,50,11,40,1730,18,0,22,1730,0.45,0.0,1.0,0.0,0.1497838388789784
ni_tfnbs,"e=0.4,h=1.0,n=30,start_thres=1.25",hub,0.25,50,11,40,1730,18,0,22,1730,0.45,0.0,1.0,0.0,0.1497838388789784
ni_tfnbs,"e=0.4,h=2.0,n=30,start_thres=1.25",hub,0.25,50,11,40,1730,15,0,25,1730,0.375,0.0,1.0,0.0,0.1497838388789784
ni_tfnbs,"e=0.4,h=3.0,n=30,start_thres=1.25",hub,0.25,50,11,40,1730,15,0,25,1730,0.375,0.0,1.0,0.0,0.1497838388789784
ni_tfnbs,"e=0.4,h=4.0,n=30,start_thres=1.25",hub,0.25,50,11,40,1730,13,0,27,1730,0.325,0.0,1.0,0.0,0.1497838388789784
ni_tfnbs,"e=0.4,h=5.0,n=30,start_thres=1.25",hub,0.25,50,11,40,1730,13,0,27,1730,0.325,0.0,1.0,0.0,0.1497838388789784
ni_tfnbs,"e=0.4,h=6.0,n=30,start_thres=1.25",hub,0.25,50,11,40,1730,11,0,29,1730,0.275,0.0,1.0,0.0,0.1497838388789784
ni_tfnbs,"e=0.4,h=7.0,n=30,start_thres=1.25",hub,0.25,50,11,40,1730,11,0,29,1730,0.275,0.0,1.0,0.0,0.1497838388789784
ni_tfnbs,"e=0.4,h=8.0,n=30,start_thres=1.25",hub,0.25,50,11,40,1730,11,0,29,1730,0.275,0.0,1.0,0.0,0.1497838388789784
ni_tfnbs,"e=0.4,h=9.0,n=30,start_thres=1.25",hub,0.25,50,11,40,1730,11,0,29,1730,0.275,0.0,1.0,0.0,0.1497838388789784
ni_tfnbs,"e=0.4,h=10.0,n=30,start_thres=1.25",hub,0.25,50,11,40,1730,11,0,29,1730,0.275,0.0,1.0,0.0,0.1497838388789784
ni_tfnbs,"e=0.5,h=0.5,n=30,start_thres=1.25",hub,0.25,50,11,40,1730,21,2,19,1728,0.525,0.0011560693641618,0.9130434782608696,0.0869565217391304,0.1497838388789784
ni_tfnbs,"e=0.5,h=1.0,n=30,start_thres=1.25",hub,0.25,50,11,40,1730,21,2,19,1728,0.525,0.0011560693641618,0.9130434782608696,0.0869565217391304,0.1497838388789784
ni_tfnbs,"e=0.5,h=2.0,n=30,start_thres=1.25",hub,0.25,50,11,40,1730,18,0,22,1730,0.45,0.0,1.0,0.0,0.1497838388789784
ni_tfnbs,"e=0.5,h=3.0,n=30,start_thres=1.25",hub,0.25,50,11,40,1730,18,0,22,1730,0.45,0.0,1.0,0.0,0.1497838388789784
ni_tfnbs,"e=0.5,h=4.0,n=30,start_thres=1.25",hub,0.25,50,11,40,1730,15,0,25,1730,0.375,0.0,1.0,0.0,0.1497838388789784
ni_tfnbs,"e=0.5,h=5.0,n=30,start_thres=1.25",hub,0.25,50,11,40,1730,14,0,26,1730,0.35,0.0,1.0,0.0,0.1497838388789784
ni_tfnbs,"e=0.5,h=6.0,n=30,start_thres=1.25",hub,0.25,50,11,40,1730,13,0,27,1730,0.325,0.0,1.0,0.0,0.1497838388789784
ni_tfnbs,"e=0.5,h=7.0,n=30,start_thres=1.25",hub,0.25,50,11,40,1730,12,0,28,1730,0.3,0.0,1.0,0.0,0.1497838388789784
ni_tfnbs,"e=0.5,h=8.0,n=30,start_thres=1.25",hub,0.25,50,11,40,1730,11,0,29,1730,0.275,0.0,1.0,0.0,0.1497838388789784
ni_tfnbs,"e=0.5,h=9.0,n=30,start_thres=1.25",hub,0.25,50,11,40,1730,11,0,29,1730,0.275,0.0,1.0,0.0,0.1497838388789784
ni_tfnbs,"e=0.5,h=10.0,n=30,start_thres=1.25",hub,0.25,50,11,40,1730,11,0,29,1730,0.275,0.0,1.0,0.0,0.1497838388789784
ni_tfnbs,"e=0.6,h=0.5,n=30,start_thres=1.25",hub,0.25,50,11,40,1730,23,4,17,1726,0.575,0.0023121387283236,0.8518518518518519,0.1481481481481481,0.1497838388789784
ni_tfnbs,"e=0.6,h=1.0,n=30,start_thres=1.25",hub,0.25,50,11,40,1730,23,2,17,1728,0.575,0.0011560693641618,0.92,0.08,0.1497838388789784
ni_tfnbs,"e=0.6,h=2.0,n=30,start_thres=1.25",hub,0.25,50,11,40,1730,23,2,17,1728,0.575,0.0011560693641618,0.92,0.08,0.1497838388789784
ni_tfnbs,"e=0.6,h=3.0,n=30,start_thres=1.25",hub,0.25,50,11,40,1730,19,0,21,1730,0.475,0.0,1.0,0.0,0.1497838388789784
ni_tfnbs,"e=0.6,h=4.0,n=30,start_thres=1.25",hub,0.25,50,11,40,1730,18,0,22,1730,0.45,0.0,1.0,0.0,0.1497838388789784
ni_tfnbs,"e=0.6,h=5.0,n=30,start_thres=1.25",hub,0.25,50,11,40,1730,15,0,25,1730,0.375,0.0,1.0,0.0,0.1497838388789784
ni_tfnbs,"e=0.6,h=6.0,n=30,start_thres=1.25",hub,0.25,50,11,40,1730,14,0,26,1730,0.35,0.0,1.0,0.0,0.1497838388789784
ni_tfnbs,"e=0.6,h=7.0,n=30,start_thres=1.25",hub,0.25,50,11,40,1730,13,0,27,1730,0.325,0.0,1.0,0.0,0.1497838388789784
ni_tfnbs,"e=0.6,h=8.0,n=30,start_thres=1.25",hub,0.25,50,11,40,1730,12,0,28,1730,0.3,0.0,1.0,0.0,0.1497838388789784
ni_tfnbs,"e=0.6,h=9.0,n=30,start_thres=1.25",hub,0.25,50,11,40,1730,11,0,29,1730,0.275,0.0,1.0,0.0,0.1497838388789784
ni_tfnbs,"e=0.6,h=10.0,n=30,start_thres=1.25",hub,0.25,50,11,40,1730,11,0,29,1730,0.275,0.0,1.0,0.0,0.1497838388789784
ni_tfnbs,"e=0.7,h=0.5,n=30,start_thres=1.25",hub,0.25,50,11,40,1730,23,4,17,1726,0.575,0.0023121387283236,0.8518518518518519,0.1481481481481481,0.1497838388789784
ni_tfnbs,"e=0.7,h=1.0,n=30,start_thres=1.25",hub,0.25,50,11,40,1730,23,4,17,1726,0.575,0.0023121387283236,0.8518518518518519,0.1481481481481481,0.1497838388789784
ni_tfnbs,"e=0.7,h=2.0,n=30,start_thres=1.25",hub,0.25,50,11,40,1730,23,4,17,1726,0.575,0.0023121387283236,0.8518518518518519,0.1481481481481481,0.1497838388789784
ni_tfnbs,"e=0.7,h=3.0,n=30,start_thres=1.25",hub,0.25,50,11,40,1730,23,2,17,1728,0.575,0.0011560693641618,0.92,0.08,0.1497838388789784
ni_tfnbs,"e=0.7,h=4.0,n=30,start_thres=1.25",hub,0.25,50,11,40,1730,20,1,20,1729,0.5,0.0005780346820809,0.9523809523809524,0.0476190476190476,0.1497838388789784
ni_tfnbs,"e=0.7,h=5.0,n=30,start_thres=1.25",hub,0.25,50,11,40,1730,18,0,22,1730,0.45,0.0,1.0,0.0,0.1497838388789784
ni_tfnbs,"e=0.7,h=6.0,n=30,start_thres=1.25",hub,0.25,50,11,40,1730,15,0,25,1730,0.375,0.0,1.0,0.0,0.1497838388789784
ni_tfnbs,"e=0.7,h=7.0,n=30,start_thres=1.25",hub,0.25,50,11,40,1730,15,0,25,1730,0.375,0.0,1.0,0.0,0.1497838388789784
ni_tfnbs,"e=0.7,h=8.0,n=30,start_thres=1.25",hub,0.25,50,11,40,1730,13,0,27,1730,0.325,0.0,1.0,0.0,0.1497838388789784
ni_tfnbs,"e=0.7,h=9.0,n=30,start_thres=1.25",hub,0.25,50,11,40,1730,12,0,28,1730,0.3,0.0,1.0,0.0,0.1497838388789784
ni_tfnbs,"e=0.7,h=10.0,n=30,start_thres=1.25",hub,0.25,50,11,40,1730,12,0,28,1730,0.3,0.0,1.0,0.0,0.1497838388789784
ni_tfnbs,"e=0.8,h=0.5,n=30,start_thres=1.25",hub,0.25,50,11,40,1730,23,5,17,1725,0.575,0.0028901734104046,0.8214285714285714,0.1785714285714285,0.1497838388789784
ni_tfnbs,"e=0.8,h=1.0,n=30,start_thres=1.25",hub,0.25,50,11,40,1730,23,4,17,1726,0.575,0.0023121387283236,0.8518518518518519,0.1481481481481481,0.1497838388789784
ni_tfnbs,"e=0.8,h=2.0,n=30,start_thres=1.25",hub,0.25,50,11,40,1730,23,4,17,1726,0.575,0.0023121387283236,0.8518518518518519,0.1481481481481481,0.1497838388789784
ni_tfnbs,"e=0.8,h=3.0,n=30,start_thres=1.25",hub,0.25,50,11,40,1730,23,4,17,1726,0.575,0.0023121387283236,0.8518518518518519,0.1481481481481481,0.1497838388789784
ni_tfnbs,"e=0.8,h=4.0,n=30,start_thres=1.25",hub,0.25,50,11,40,1730,23,2,17,1728,0.575,0.0011560693641618,0.92,0.08,0.1497838388789784
ni_tfnbs,"e=0.8,h=5.0,n=30,start_thres=1.25",hub,0.25,50,11,40,1730,22,1,18,1729,0.55,0.0005780346820809,0.9565217391304348,0.0434782608695652,0.1497838388789784
ni_tfnbs,"e=0.8,h=6.0,n=30,start_thres=1.25",hub,0.25,50,11,40,1730,18,0,22,1730,0.45,0.0,1.0,0.0,0.1497838388789784
ni_tfnbs,"e=0.8,h=7.0,n=30,start_thres=1.25",hub,0.25,50,11,40,1730,18,0,22,1730,0.45,0.0,1.0,0.0,0.1497838388789784
ni_tfnbs,"e=0.8,h=8.0,n=30,start_thres=1.25",hub,0.25,50,11,40,1730,15,0,25,1730,0.375,0.0,1.0,0.0,0.1497838388789784
ni_tfnbs,"e=0.8,h=9.0,n=30,start_thres=1.25",hub,0.25,50,11,40,1730,13,0,27,1730,0.325,0.0,1.0,0.0,0.1497838388789784
ni_tfnbs,"e=0.8,h=10.0,n=30,start_thres=1.25",hub,0.25,50,11,40,1730,12,0,28,1730,0.3,0.0,1.0,0.0,0.1497838388789784
ni_tfnbs,"e=0.9,h=0.5,n=30,start_thres=1.25",hub,0.25,50,11,40,1730,21,5,19,1725,0.525,0.0028901734104046,0.8076923076923077,0.1923076923076923,0.1497838388789784
ni_tfnbs,"e=0.9,h=1.0,n=30,start_thres=1.25",hub,0.25,50,11,40,1730,23,5,17,1725,0.575,0.0028901734104046,0.8214285714285714,0.1785714285714285,0.1497838388789784
ni_tfnbs,"e=0.9,h=2.0,n=30,start_thres=1.25",hub,0.25,50,11,40,1730,25,5,15,1725,0.625,0.0028901734104046,0.8333333333333334,0.1666666666666666,0.1497838388789784
ni_tfnbs,"e=0.9,h=3.0,n=30,start_thres=1.25",hub,0.25,50,11,40,1730,24,4,16,1726,0.6,0.0023121387283236,0.8571428571428571,0.1428571428571428,0.1497838388789784
ni_tfnbs,"e=0.9,h=4.0,n=30,start_thres=1.25",hub,0.25,50,11,40,1730,23,4,17,1726,0.575,0.0023121387283236,0.8518518518518519,0.1481481481481481,0.1497838388789784
ni_tfnbs,"e=0.9,h=5.0,n=30,start_thres=1.25",hub,0.25,50,11,40,1730,23,2,17,1728,0.575,0.0011560693641618,0.92,0.08,0.1497838388789784
ni_tfnbs,"e=0.9,h=6.0,n=30,start_thres=1.25",hub,0.25,50,11,40,1730,22,1,18,1729,0.55,0.0005780346820809,0.9565217391304348,0.0434782608695652,0.1497838388789784
ni_tfnbs,"e=0.9,h=7.0,n=30,start_thres=1.25",hub,0.25,50,11,40,1730,18,0,22,1730,0.45,0.0,1.0,0.0,0.1497838388789784
ni_tfnbs,"e=0.9,h=8.0,n=30,start_thres=1.25",hub,0.25,50,11,40,1730,18,0,22,1730,0.45,0.0,1.0,0.0,0.1497838388789784
ni_tfnbs,"e=0.9,h=9.0,n=30,start_thres=1.25",hub,0.25,50,11,40,1730,15,0,25,1730,0.375,0.0,1.0,0.0,0.1497838388789784
ni_tfnbs,"e=0.9,h=10.0,n=30,start_thres=1.25",hub,0.25,50,11,40,1730,13,0,27,1730,0.325,0.0,1.0,0.0,0.1497838388789784
ni_tfnbs,"e=1.0,h=0.5,n=30,start_thres=1.25",hub,0.25,50,11,40,1730,21,5,19,1725,0.525,0.0028901734104046,0.8076923076923077,0.1923076923076923,0.1497838388789784
ni_tfnbs,"e=1.0,h=1.0,n=30,start_thres=1.25",hub,0.25,50,11,40,1730,21,5,19,1725,0.525,0.0028901734104046,0.8076923076923077,0.1923076923076923,0.1497838388789784
ni_tfnbs,"e=1.0,h=2.0,n=30,start_thres=1.25",hub,0.25,50,11,40,1730,24,5,16,1725,0.6,0.0028901734104046,0.8275862068965517,0.1724137931034483,0.1497838388789784
ni_tfnbs,"e=1.0,h=3.0,n=30,start_thres=1.25",hub,0.25,50,11,40,1730,25,5,15,1725,0.625,0.0028901734104046,0.8333333333333334,0.1666666666666666,0.1497838388789784
ni_tfnbs,"e=1.0,h=4.0,n=30,start_thres=1.25",hub,0.25,50,11,40,1730,24,4,16,1726,0.6,0.0023121387283236,0.8571428571428571,0.1428571428571428,0.1497838388789784
ni_tfnbs,"e=1.0,h=5.0,n=30,start_thres=1.25",hub,0.25,50,11,40,1730,23,4,17,1726,0.575,0.0023121387283236,0.8518518518518519,0.1481481481481481,0.1497838388789784
ni_tfnbs,"e=1.0,h=6.0,n=30,start_thres=1.25",hub,0.25,50,11,40,1730,23,2,17,1728,0.575,0.0011560693641618,0.92,0.08,0.1497838388789784
ni_tfnbs,"e=1.0,h=7.0,n=30,start_thres=1.25",hub,0.25,50,11,40,1730,22,1,18,1729,0.55,0.0005780346820809,0.9565217391304348,0.0434782608695652,0.1497838388789784
ni_tfnbs,"e=1.0,h=8.0,n=30,start_thres=1.25",hub,0.25,50,11,40,1730,18,0,22,1730,0.45,0.0,1.0,0.0,0.1497838388789784
ni_tfnbs,"e=1.0,h=9.0,n=30,start_thres=1.25",hub,0.25,50,11,40,1730,18,0,22,1730,0.45,0.0,1.0,0.0,0.1497838388789784
ni_tfnbs,"e=1.0,h=10.0,n=30,start_thres=1.25",hub,0.25,50,11,40,1730,15,0,25,1730,0.375,0.0,1.0,0.0,0.1497838388789784
ni_tfnbs,"e=1.1,h=0.5,n=30,start_thres=1.25",hub,0.25,50,11,40,1730,20,5,20,1725,0.5,0.0028901734104046,0.8,0.2,0.1497838388789784
ni_tfnbs,"e=1.1,h=1.0,n=30,start_thres=1.25",hub,0.25,50,11,40,1730,21,5,19,1725,0.525,0.0028901734104046,0.8076923076923077,0.1923076923076923,0.1497838388789784
ni_tfnbs,"e=1.1,h=2.0,n=30,start_thres=1.25",hub,0.25,50,11,40,1730,25,5,15,1725,0.625,0.0028901734104046,0.8333333333333334,0.1666666666666666,0.1497838388789784
ni_tfnbs,"e=1.1,h=3.0,n=30,start_thres=1.25",hub,0.25,50,11,40,1730,26,5,14,1725,0.65,0.0028901734104046,0.8387096774193549,0.1612903225806451,0.1497838388789784
ni_tfnbs,"e=1.1,h=4.0,n=30,start_thres=1.25",hub,0.25,50,11,40,1730,25,5,15,1725,0.625,0.0028901734104046,0.8333333333333334,0.1666666666666666,0.1497838388789784
ni_tfnbs,"e=1.1,h=5.0,n=30,start_thres=1.25",hub,0.25,50,11,40,1730,24,4,16,1726,0.6,0.0023121387283236,0.8571428571428571,0.1428571428571428,0.1497838388789784
ni_tfnbs,"e=1.1,h=6.0,n=30,start_thres=1.25",hub,0.25,50,11,40,1730,23,4,17,1726,0.575,0.0023121387283236,0.8518518518518519,0.1481481481481481,0.1497838388789784
ni_tfnbs,"e=1.1,h=7.0,n=30,start_thres=1.25",hub,0.25,50,11,40,1730,23,2,17,1728,0.575,0.0011560693641618,0.92,0.08,0.1497838388789784
ni_tfnbs,"e=1.1,h=8.0,n=30,start_thres=1.25",hub,0.25,50,11,40,1730,21,1,19,1729,0.525,0.0005780346820809,0.9545454545454546,0.0454545454545454,0.1497838388789784
ni_tfnbs,"e=1.1,h=9.0,n=30,start_thres=1.25",hub,0.25,50,11,40,1730,18,0,22,1730,0.45,0.0,1.0,0.0,0.1497838388789784
ni_tfnbs,"e=1.1,h=10.0,n=30,start_thres=1.25",hub,0.25,50,11,40,1730,18,0,22,1730,0.45,0.0,1.0,0.0,0.1497838388789784
ni_tfnbs,"e=1.2,h=0.5,n=30,start_thres=1.25",hub,0.25,50,11,40,1730,19,5,21,1725,0.475,0.0028901734104046,0.7916666666666666,0.2083333333333333,0.1497838388789784
ni_tfnbs,"e=1.2,h=1.0,n=30,start_thres=1.25",hub,0.25,50,11,40,1730,20,6,20,1724,0.5,0.0034682080924855,0.7692307692307693,0.2307692307692307,0.1497838388789784
ni_tfnbs,"e=1.2,h=2.0,n=30,start_thres=1.25",hub,0.25,50,11,40,1730,25,5,15,1725,0.625,0.0028901734104046,0.8333333333333334,0.1666666666666666,0.1497838388789784
ni_tfnbs,"e=1.2,h=3.0,n=30,start_thres=1.25",hub,0.25,50,11,40,1730,26,5,14,1725,0.65,0.0028901734104046,0.8387096774193549,0.1612903225806451,0.1497838388789784
ni_tfnbs,"e=1.2,h=4.0,n=30,start_thres=1.25",hub,0.25,50,11,40,1730,26,5,14,1725,0.65,0.0028901734104046,0.8387096774193549,0.1612903225806451,0.1497838388789784
ni_tfnbs,"e=1.2,h=5.0,n=30,start_thres=1.25",hub,0.25,50,11,40,1730,25,4,15,1726,0.625,0.0023121387283236,0.8620689655172413,0.1379310344827586,0.1497838388789784
ni_tfnbs,"e=1.2,h=6.0,n=30,start_thres=1.25",hub,0.25,50,11,40,1730,24,4,16,1726,0.6,0.0023121387283236,0.8571428571428571,0.1428571428571428,0.1497838388789784
ni_tfnbs,"e=1.2,h=7.0,n=30,start_thres=1.25",hub,0.25,50,11,40,1730,23,2,17,1728,0.575,0.0011560693641618,0.92,0.08,0.1497838388789784
ni_tfnbs,"e=1.2,h=8.0,n=30,start_thres=1.25",hub,0.25,50,11,40,1730,23,2,17,1728,0.575,0.0011560693641618,0.92,0.08,0.1497838388789784
ni_tfnbs,"e=1.2,h=9.0,n=30,start_thres=1.25",hub,0.25,50,11,40,1730,18,0,22,1730,0.45,0.0,1.0,0.0,0.1497838388789784
ni_tfnbs,"e=1.2,h=10.0,n=30,start_thres=1.25",hub,0.25,50,11,40,1730,18,0,22,1730,0.45,0.0,1.0,0.0,0.1497838388789784
ni_tfnbs,"e=1.3,h=0.5,n=30,start_thres=1.25",hub,0.25,50,11,40,1730,18,6,22,1724,0.45,0.0034682080924855,0.75,0.25,0.1497838388789784
ni_tfnbs,"e=1.3,h=1.0,n=30,start_thres=1.25",hub,0.25,50,11,40,1730,20,6,20,1724,0.5,0.0034682080924855,0.7692307692307693,0.2307692307692307,0.1497838388789784
ni_tfnbs,"e=1.3,h=2.0,n=30,start_thres=1.25",hub,0.25,50,11,40,1730,25,6,15,1724,0.625,0.0034682080924855,0.8064516129032258,0.1935483870967742,0.1497838388789784
ni_tfnbs,"e=1.3,h=3.0,n=30,start_thres=1.25",hub,0.25,50,11,40,1730,26,6,14,1724,0.65,0.0034682080924855,0.8125,0.1875,0.1497838388789784
ni_tfnbs,"e=1.3,h=4.0,n=30,start_thres=1.25",hub,0.25,50,11,40,1730,26,5,14,1725,0.65,0.0028901734104046,0.8387096774193549,0.1612903225806451,0.1497838388789784
ni_tfnbs,"e=1.3,h=5.0,n=30,start_thres=1.25",hub,0.25,50,11,40,1730,26,5,14,1725,0.65,0.0028901734104046,0.8387096774193549,0.1612903225806451,0.1497838388789784
ni_tfnbs,"e=1.3,h=6.0,n=30,start_thres=1.25",hub,0.25,50,11,40,1730,25,4,15,1726,0.625,0.0023121387283236,0.8620689655172413,0.1379310344827586,0.1497838388789784
ni_tfnbs,"e=1.3,h=7.0,n=30,start_thres=1.25",hub,0.25,50,11,40,1730,24,4,16,1726,0.6,0.0023121387283236,0.8571428571428571,0.1428571428571428,0.1497838388789784
ni_tfnbs,"e=1.3,h=8.0,n=30,start_thres=1.25",hub,0.25,50,11,40,1730,23,2,17,1728,0.575,0.0011560693641618,0.92,0.08,0.1497838388789784
ni_tfnbs,"e=1.3,h=9.0,n=30,start_thres=1.25",hub,0.25,50,11,40,1730,23,2,17,1728,0.575,0.0011560693641618,0.92,0.08,0.1497838388789784
ni_tfnbs,"e=1.3,h=10.0,n=30,start_thres=1.25",hub,0.25,50,11,40,1730,18,0,22,1730,0.45,0.0,1.0,0.0,0.1497838388789784
ni_tfnbs,"e=1.4,h=0.5,n=30,start_thres=1.25",hub,0.25,50,11,40,1730,17,6,23,1724,0.425,0.0034682080924855,0.7391304347826086,0.2608695652173913,0.1497838388789784
ni_tfnbs,"e=1.4,h=1.0,n=30,start_thres=1.25",hub,0.25,50,11,40,1730,19,6,21,1724,0.475,0.0034682080924855,0.76,0.24,0.1497838388789784
ni_tfnbs,"e=1.4,h=2.0,n=30,start_thres=1.25",hub,0.25,50,11,40,1730,23,6,17,1724,0.575,0.0034682080924855,0.7931034482758621,0.2068965517241379,0.1497838388789784
ni_tfnbs,"e=1.4,h=3.0,n=30,start_thres=1.25",hub,0.25,50,11,40,1730,26,6,14,1724,0.65,0.0034682080924855,0.8125,0.1875,0.1497838388789784
ni_tfnbs,"e=1.4,h=4.0,n=30,start_thres=1.25",hub,0.25,50,11,40,1730,26,6,14,1724,0.65,0.0034682080924855,0.8125,0.1875,0.1497838388789784
ni_tfnbs,"e=1.4,h=5.0,n=30,start_thres=1.25",hub,0.25,50,11,40,1730,26,5,14,1725,0.65,0.0028901734104046,0.8387096774193549,0.1612903225806451,0.1497838388789784
ni_tfnbs,"e=1.4,h=6.0,n=30,start_thres=1.25",hub,0.25,50,11,40,1730,26,5,14,1725,0.65,0.0028901734104046,0.8387096774193549,0.1612903225806451,0.1497838388789784
ni_tfnbs,"e=1.4,h=7.0,n=30,start_thres=1.25",hub,0.25,50,11,40,1730,24,4,16,1726,0.6,0.0023121387283236,0.8571428571428571,0.1428571428571428,0.1497838388789784
ni_tfnbs,"e=1.4,h=8.0,n=30,start_thres=1.25",hub,0.25,50,11,40,1730,24,4,16,1726,0.6,0.0023121387283236,0.8571428571428571,0.1428571428571428,0.1497838388789784
ni_tfnbs,"e=1.4,h=9.0,n=30,start_thres=1.25",hub,0.25,50,11,40,1730,23,2,17,1728,0.575,0.0011560693641618,0.92,0.08,0.1497838388789784
ni_tfnbs,"e=1.4,h=10.0,n=30,start_thres=1.25",hub,0.25,50,11,40,1730,23,2,17,1728,0.575,0.0011560693641618,0.92,0.08,0.1497838388789784
ni_tfnbs,"e=1.5,h=0.5,n=30,start_thres=1.25",hub,0.25,50,11,40,1730,17,6,23,1724,0.425,0.0034682080924855,0.7391304347826086,0.2608695652173913,0.1497838388789784
ni_tfnbs,"e=1.5,h=1.0,n=30,start_thres=1.25",hub,0.25,50,11,40,1730,18,6,22,1724,0.45,0.0034682080924855,0.75,0.25,0.1497838388789784
ni_tfnbs,"e=1.5,h=2.0,n=30,start_thres=1.25",hub,0.25,50,11,40,1730,21,6,19,1724,0.525,0.0034682080924855,0.7777777777777778,0.2222222222222222,0.1497838388789784
ni_tfnbs,"e=1.5,h=3.0,n=30,start_thres=1.25",hub,0.25,50,11,40,1730,25,6,15,1724,0.625,0.0034682080924855,0.8064516129032258,0.1935483870967742,0.1497838388789784
ni_tfnbs,"e=1.5,h=4.0,n=30,start_thres=1.25",hub,0.25,50,11,40,1730,26,6,14,1724,0.65,0.0034682080924855,0.8125,0.1875,0.1497838388789784
ni_tfnbs,"e=1.5,h=5.0,n=30,start_thres=1.25",hub,0.25,50,11,40,1730,26,6,14,1724,0.65,0.0034682080924855,0.8125,0.1875,0.1497838388789784
ni_tfnbs,"e=1.5,h=6.0,n=30,start_thres=1.25",hub,0.25,50,11,40,1730,26,5,14,1725,0.65,0.0028901734104046,0.8387096774193549,0.1612903225806451,0.1497838388789784
ni_tfnbs,"e=1.5,h=7.0,n=30,start_thres=1.25",hub,0.25,50,11,40,1730,26,5,14,1725,0.65,0.0028901734104046,0.8387096774193549,0.1612903225806451,0.1497838388789784
ni_tfnbs,"e=1.5,h=8.0,n=30,start_thres=1.25",hub,0.25,50,11,40,1730,24,4,16,1726,0.6,0.0023121387283236,0.8571428571428571,0.1428571428571428,0.1497838388789784
ni_tfnbs,"e=1.5,h=9.0,n=30,start_thres=1.25",hub,0.25,50,11,40,1730,24,4,16,1726,0.6,0.0023121387283236,0.8571428571428571,0.1428571428571428,0.1497838388789784
ni_tfnbs,"e=1.5,h=10.0,n=30,start_thres=1.25",hub,0.25,50,11,40,1730,23,2,17,1728,0.575,0.0011560693641618,0.92,0.08,0.1497838388789784
ni_tfnbs,"e=0.05,h=0.5,n=30,start_thres=1.25",hub,0.25,50,12,40,1730,10,0,30,1730,0.25,0.0,1.0,0.0,0.1448982398618351
ni_tfnbs,"e=0.05,h=1.0,n=30,start_thres=1.25",hub,0.25,50,12,40,1730,10,0,30,1730,0.25,0.0,1.0,0.0,0.1448982398618351
ni_tfnbs,"e=0.05,h=2.0,n=30,start_thres=1.25",hub,0.25,50,12,40,1730,9,0,31,1730,0.225,0.0,1.0,0.0,0.1448982398618351
ni_tfnbs,"e=0.05,h=3.0,n=30,start_thres=1.25",hub,0.25,50,12,40,1730,9,0,31,1730,0.225,0.0,1.0,0.0,0.1448982398618351
ni_tfnbs,"e=0.05,h=4.0,n=30,start_thres=1.25",hub,0.25,50,12,40,1730,9,0,31,1730,0.225,0.0,1.0,0.0,0.1448982398618351
ni_tfnbs,"e=0.05,h=5.0,n=30,start_thres=1.25",hub,0.25,50,12,40,1730,9,0,31,1730,0.225,0.0,1.0,0.0,0.1448982398618351
ni_tfnbs,"e=0.05,h=6.0,n=30,start_thres=1.25",hub,0.25,50,12,40,1730,9,0,31,1730,0.225,0.0,1.0,0.0,0.1448982398618351
ni_tfnbs,"e=0.05,h=7.0,n=30,start_thres=1.25",hub,0.25,50,12,40,1730,9,0,31,1730,0.225,0.0,1.0,0.0,0.1448982398618351
ni_tfnbs,"e=0.05,h=8.0,n=30,start_thres=1.25",hub,0.25,50,12,40,1730,9,0,31,1730,0.225,0.0,1.0,0.0,0.1448982398618351
ni_tfnbs,"e=0.05,h=9.0,n=30,start_thres=1.25",hub,0.25,50,12,40,1730,9,0,31,1730,0.225,0.0,1.0,0.0,0.1448982398618351
ni_tfnbs,"e=0.05,h=10.0,n=30,start_thres=1.25",hub,0.25,50,12,40,1730,9,0,31,1730,0.225,0.0,1.0,0.0,0.1448982398618351
ni_tfnbs,"e=0.1,h=0.5,n=30,start_thres=1.25",hub,0.25,50,12,40,1730,12,0,28,1730,0.3,0.0,1.0,0.0,0.1448982398618351
ni_tfnbs,"e=0.1,h=1.0,n=30,start_thres=1.25",hub,0.25,50,12,40,1730,11,0,29,1730,0.275,0.0,1.0,0.0,0.1448982398618351
ni_tfnbs,"e=0.1,h=2.0,n=30,start_thres=1.25",hub,0.25,50,12,40,1730,11,0,29,1730,0.275,0.0,1.0,0.0,0.1448982398618351
ni_tfnbs,"e=0.1,h=3.0,n=30,start_thres=1.25",hub,0.25,50,12,40,1730,10,0,30,1730,0.25,0.0,1.0,0.0,0.1448982398618351
ni_tfnbs,"e=0.1,h=4.0,n=30,start_thres=1.25",hub,0.25,50,12,40,1730,10,0,30,1730,0.25,0.0,1.0,0.0,0.1448982398618351
ni_tfnbs,"e=0.1,h=5.0,n=30,start_thres=1.25",hub,0.25,50,12,40,1730,10,0,30,1730,0.25,0.0,1.0,0.0,0.1448982398618351
ni_tfnbs,"e=0.1,h=6.0,n=30,start_thres=1.25",hub,0.25,50,12,40,1730,10,0,30,1730,0.25,0.0,1.0,0.0,0.1448982398618351
ni_tfnbs,"e=0.1,h=7.0,n=30,start_thres=1.25",hub,0.25,50,12,40,1730,9,0,31,1730,0.225,0.0,1.0,0.0,0.1448982398618351
ni_tfnbs,"e=0.1,h=8.0,n=30,start_thres=1.25",hub,0.25,50,12,40,1730,9,0,31,1730,0.225,0.0,1.0,0.0,0.1448982398618351
ni_tfnbs,"e=0.1,h=9.0,n=30,start_thres=1.25",hub,0.25,50,12,40,1730,9,0,31,1730,0.225,0.0,1.0,0.0,0.1448982398618351
ni_tfnbs,"e=0.1,h=10.0,n=30,start_thres=1.25",hub,0.25,50,12,40,1730,9,0,31,1730,0.225,0.0,1.0,0.0,0.1448982398618351
ni_tfnbs,"e=0.2,h=0.5,n=30,start_thres=1.25",hub,0.25,50,12,40,1730,12,0,28,1730,0.3,0.0,1.0,0.0,0.1448982398618351
ni_tfnbs,"e=0.2,h=1.0,n=30,start_thres=1.25",hub,0.25,50,12,40,1730,12,0,28,1730,0.3,0.0,1.0,0.0,0.1448982398618351
ni_tfnbs,"e=0.2,h=2.0,n=30,start_thres=1.25",hub,0.25,50,12,40,1730,12,0,28,1730,0.3,0.0,1.0,0.0,0.1448982398618351
ni_tfnbs,"e=0.2,h=3.0,n=30,start_thres=1.25",hub,0.25,50,12,40,1730,12,0,28,1730,0.3,0.0,1.0,0.0,0.1448982398618351
ni_tfnbs,"e=0.2,h=4.0,n=30,start_thres=1.25",hub,0.25,50,12,40,1730,12,0,28,1730,0.3,0.0,1.0,0.0,0.1448982398618351
ni_tfnbs,"e=0.2,h=5.0,n=30,start_thres=1.25",hub,0.25,50,12,40,1730,11,0,29,1730,0.275,0.0,1.0,0.0,0.1448982398618351
ni_tfnbs,"e=0.2,h=6.0,n=30,start_thres=1.25",hub,0.25,50,12,40,1730,11,0,29,1730,0.275,0.0,1.0,0.0,0.1448982398618351
ni_tfnbs,"e=0.2,h=7.0,n=30,start_thres=1.25",hub,0.25,50,12,40,1730,10,0,30,1730,0.25,0.0,1.0,0.0,0.1448982398618351
ni_tfnbs,"e=0.2,h=8.0,n=30,start_thres=1.25",hub,0.25,50,12,40,1730,10,0,30,1730,0.25,0.0,1.0,0.0,0.1448982398618351
ni_tfnbs,"e=0.2,h=9.0,n=30,start_thres=1.25",hub,0.25,50,12,40,1730,10,0,30,1730,0.25,0.0,1.0,0.0,0.1448982398618351
ni_tfnbs,"e=0.2,h=10.0,n=30,start_thres=1.25",hub,0.25,50,12,40,1730,10,0,30,1730,0.25,0.0,1.0,0.0,0.1448982398618351
ni_tfnbs,"e=0.3,h=0.5,n=30,start_thres=1.25",hub,0.25,50,12,40,1730,13,0,27,1730,0.325,0.0,1.0,0.0,0.1448982398618351
ni_tfnbs,"e=0.3,h=1.0,n=30,start_thres=1.25",hub,0.25,50,12,40,1730,13,0,27,1730,0.325,0.0,1.0,0.0,0.1448982398618351
ni_tfnbs,"e=0.3,h=2.0,n=30,start_thres=1.25",hub,0.25,50,12,40,1730,12,0,28,1730,0.3,0.0,1.0,0.0,0.1448982398618351
ni_tfnbs,"e=0.3,h=3.0,n=30,start_thres=1.25",hub,0.25,50,12,40,1730,12,0,28,1730,0.3,0.0,1.0,0.0,0.1448982398618351
ni_tfnbs,"e=0.3,h=4.0,n=30,start_thres=1.25",hub,0.25,50,12,40,1730,12,0,28,1730,0.3,0.0,1.0,0.0,0.1448982398618351
ni_tfnbs,"e=0.3,h=5.0,n=30,start_thres=1.25",hub,0.25,50,12,40,1730,12,0,28,1730,0.3,0.0,1.0,0.0,0.1448982398618351
ni_tfnbs,"e=0.3,h=6.0,n=30,start_thres=1.25",hub,0.25,50,12,40,1730,12,0,28,1730,0.3,0.0,1.0,0.0,0.1448982398618351
ni_tfnbs,"e=0.3,h=7.0,n=30,start_thres=1.25",hub,0.25,50,12,40,1730,12,0,28,1730,0.3,0.0,1.0,0.0,0.1448982398618351
ni_tfnbs,"e=0.3,h=8.0,n=30,start_thres=1.25",hub,0.25,50,12,40,1730,12,0,28,1730,0.3,0.0,1.0,0.0,0.1448982398618351
ni_tfnbs,"e=0.3,h=9.0,n=30,start_thres=1.25",hub,0.25,50,12,40,1730,11,0,29,1730,0.275,0.0,1.0,0.0,0.1448982398618351
ni_tfnbs,"e=0.3,h=10.0,n=30,start_thres=1.25",hub,0.25,50,12,40,1730,11,0,29,1730,0.275,0.0,1.0,0.0,0.1448982398618351
ni_tfnbs,"e=0.4,h=0.5,n=30,start_thres=1.25",hub,0.25,50,12,40,1730,13,0,27,1730,0.325,0.0,1.0,0.0,0.1448982398618351
ni_tfnbs,"e=0.4,h=1.0,n=30,start_thres=1.25",hub,0.25,50,12,40,1730,13,0,27,1730,0.325,0.0,1.0,0.0,0.1448982398618351
ni_tfnbs,"e=0.4,h=2.0,n=30,start_thres=1.25",hub,0.25,50,12,40,1730,13,0,27,1730,0.325,0.0,1.0,0.0,0.1448982398618351
ni_tfnbs,"e=0.4,h=3.0,n=30,start_thres=1.25",hub,0.25,50,12,40,1730,13,0,27,1730,0.325,0.0,1.0,0.0,0.1448982398618351
ni_tfnbs,"e=0.4,h=4.0,n=30,start_thres=1.25",hub,0.25,50,12,40,1730,12,0,28,1730,0.3,0.0,1.0,0.0,0.1448982398618351
ni_tfnbs,"e=0.4,h=5.0,n=30,start_thres=1.25",hub,0.25,50,12,40,1730,12,0,28,1730,0.3,0.0,1.0,0.0,0.1448982398618351
ni_tfnbs,"e=0.4,h=6.0,n=30,start_thres=1.25",hub,0.25,50,12,40,1730,12,0,28,1730,0.3,0.0,1.0,0.0,0.1448982398618351
ni_tfnbs,"e=0.4,h=7.0,n=30,start_thres=1.25",hub,0.25,50,12,40,1730,12,0,28,1730,0.3,0.0,1.0,0.0,0.1448982398618351
ni_tfnbs,"e=0.4,h=8.0,n=30,start_thres=1.25",hub,0.25,50,12,40,1730,12,0,28,1730,0.3,0.0,1.0,0.0,0.1448982398618351
ni_tfnbs,"e=0.4,h=9.0,n=30,start_thres=1.25",hub,0.25,50,12,40,1730,12,0,28,1730,0.3,0.0,1.0,0.0,0.1448982398618351
ni_tfnbs,"e=0.4,h=10.0,n=30,start_thres=1.25",hub,0.25,50,12,40,1730,12,0,28,1730,0.3,0.0,1.0,0.0,0.1448982398618351
ni_tfnbs,"e=0.5,h=0.5,n=30,start_thres=1.25",hub,0.25,50,12,40,1730,14,0,26,1730,0.35,0.0,1.0,0.0,0.1448982398618351
ni_tfnbs,"e=0.5,h=1.0,n=30,start_thres=1.25",hub,0.25,50,12,40,1730,14,0,26,1730,0.35,0.0,1.0,0.0,0.1448982398618351
ni_tfnbs,"e=0.5,h=2.0,n=30,start_thres=1.25",hub,0.25,50,12,40,1730,13,0,27,1730,0.325,0.0,1.0,0.0,0.1448982398618351
ni_tfnbs,"e=0.5,h=3.0,n=30,start_thres=1.25",hub,0.25,50,12,40,1730,13,0,27,1730,0.325,0.0,1.0,0.0,0.1448982398618351
ni_tfnbs,"e=0.5,h=4.0,n=30,start_thres=1.25",hub,0.25,50,12,40,1730,13,0,27,1730,0.325,0.0,1.0,0.0,0.1448982398618351
ni_tfnbs,"e=0.5,h=5.0,n=30,start_thres=1.25",hub,0.25,50,12,40,1730,13,0,27,1730,0.325,0.0,1.0,0.0,0.1448982398618351
ni_tfnbs,"e=0.5,h=6.0,n=30,start_thres=1.25",hub,0.25,50,12,40,1730,12,0,28,1730,0.3,0.0,1.0,0.0,0.1448982398618351
ni_tfnbs,"e=0.5,h=7.0,n=30,start_thres=1.25",hub,0.25,50,12,40,1730,12,0,28,1730,0.3,0.0,1.0,0.0,0.1448982398618351
ni_tfnbs,"e=0.5,h=8.0,n=30,start_thres=1.25",hub,0.25,50,12,40,1730,12,0,28,1730,0.3,0.0,1.0,0.0,0.1448982398618351
ni_tfnbs,"e=0.5,h=9.0,n=30,start_thres=1.25",hub,0.25,50,12,40,1730,12,0,28,1730,0.3,0.0,1.0,0.0,0.1448982398618351
ni_tfnbs,"e=0.5,h=10.0,n=30,start_thres=1.25",hub,0.25,50,12,40,1730,12,0,28,1730,0.3,0.0,1.0,0.0,0.1448982398618351
ni_tfnbs,"e=0.6,h=0.5,n=30,start_thres=1.25",hub,0.25,50,12,40,1730,15,0,25,1730,0.375,0.0,1.0,0.0,0.1448982398618351
ni_tfnbs,"e=0.6,h=1.0,n=30,start_thres=1.25",hub,0.25,50,12,40,1730,15,0,25,1730,0.375,0.0,1.0,0.0,0.1448982398618351
ni_tfnbs,"e=0.6,h=2.0,n=30,start_thres=1.25",hub,0.25,50,12,40,1730,14,0,26,1730,0.35,0.0,1.0,0.0,0.1448982398618351
ni_tfnbs,"e=0.6,h=3.0,n=30,start_thres=1.25",hub,0.25,50,12,40,1730,14,0,26,1730,0.35,0.0,1.0,0.0,0.1448982398618351
ni_tfnbs,"e=0.6,h=4.0,n=30,start_thres=1.25",hub,0.25,50,12,40,1730,13,0,27,1730,0.325,0.0,1.0,0.0,0.1448982398618351
ni_tfnbs,"e=0.6,h=5.0,n=30,start_thres=1.25",hub,0.25,50,12,40,1730,13,0,27,1730,0.325,0.0,1.0,0.0,0.1448982398618351
ni_tfnbs,"e=0.6,h=6.0,n=30,start_thres=1.25",hub,0.25,50,12,40,1730,13,0,27,1730,0.325,0.0,1.0,0.0,0.1448982398618351
ni_tfnbs,"e=0.6,h=7.0,n=30,start_thres=1.25",hub,0.25,50,12,40,1730,12,0,28,1730,0.3,0.0,1.0,0.0,0.1448982398618351
ni_tfnbs,"e=0.6,h=8.0,n=30,start_thres=1.25",hub,0.25,50,12,40,1730,12,0,28,1730,0.3,0.0,1.0,0.0,0.1448982398618351
ni_tfnbs,"e=0.6,h=9.0,n=30,start_thres=1.25",hub,0.25,50,12,40,1730,12,0,28,1730,0.3,0.0,1.0,0.0,0.1448982398618351
ni_tfnbs,"e=0.6,h=10.0,n=30,start_thres=1.25",hub,0.25,50,12,40,1730,12,0,28,1730,0.3,0.0,1.0,0.0,0.1448982398618351
ni_tfnbs,"e=0.7,h=0.5,n=30,start_thres=1.25",hub,0.25,50,12,40,1730,15,0,25,1730,0.375,0.0,1.0,0.0,0.1448982398618351
ni_tfnbs,"e=0.7,h=1.0,n=30,start_thres=1.25",hub,0.25,50,12,40,1730,15,0,25,1730,0.375,0.0,1.0,0.0,0.1448982398618351
ni_tfnbs,"e=0.7,h=2.0,n=30,start_thres=1.25",hub,0.25,50,12,40,1730,16,0,24,1730,0.4,0.0,1.0,0.0,0.1448982398618351
ni_tfnbs,"e=0.7,h=3.0,n=30,start_thres=1.25",hub,0.25,50,12,40,1730,14,0,26,1730,0.35,0.0,1.0,0.0,0.1448982398618351
ni_tfnbs,"e=0.7,h=4.0,n=30,start_thres=1.25",hub,0.25,50,12,40,1730,14,0,26,1730,0.35,0.0,1.0,0.0,0.1448982398618351
ni_tfnbs,"e=0.7,h=5.0,n=30,start_thres=1.25",hub,0.25,50,12,40,1730,13,0,27,1730,0.325,0.0,1.0,0.0,0.1448982398618351
ni_tfnbs,"e=0.7,h=6.0,n=30,start_thres=1.25",hub,0.25,50,12,40,1730,13,0,27,1730,0.325,0.0,1.0,0.0,0.1448982398618351
ni_tfnbs,"e=0.7,h=7.0,n=30,start_thres=1.25",hub,0.25,50,12,40,1730,13,0,27,1730,0.325,0.0,1.0,0.0,0.1448982398618351
ni_tfnbs,"e=0.7,h=8.0,n=30,start_thres=1.25",hub,0.25,50,12,40,1730,13,0,27,1730,0.325,0.0,1.0,0.0,0.1448982398618351
ni_tfnbs,"e=0.7,h=9.0,n=30,start_thres=1.25",hub,0.25,50,12,40,1730,12,0,28,1730,0.3,0.0,1.0,0.0,0.1448982398618351
ni_tfnbs,"e=0.7,h=10.0,n=30,start_thres=1.25",hub,0.25,50,12,40,1730,12,0,28,1730,0.3,0.0,1.0,0.0,0.1448982398618351
ni_tfnbs,"e=0.8,h=0.5,n=30,start_thres=1.25",hub,0.25,50,12,40,1730,16,0,24,1730,0.4,0.0,1.0,0.0,0.1448982398618351
ni_tfnbs,"e=0.8,h=1.0,n=30,start_thres=1.25",hub,0.25,50,12,40,1730,17,0,23,1730,0.425,0.0,1.0,0.0,0.1448982398618351
ni_tfnbs,"e=0.8,h=2.0,n=30,start_thres=1.25",hub,0.25,50,12,40,1730,16,0,24,1730,0.4,0.0,1.0,0.0,0.1448982398618351
ni_tfnbs,"e=0.8,h=3.0,n=30,start_thres=1.25",hub,0.25,50,12,40,1730,16,0,24,1730,0.4,0.0,1.0,0.0,0.1448982398618351
ni_tfnbs,"e=0.8,h=4.0,n=30,start_thres=1.25",hub,0.25,50,12,40,1730,15,0,25,1730,0.375,0.0,1.0,0.0,0.1448982398618351
ni_tfnbs,"e=0.8,h=5.0,n=30,start_thres=1.25",hub,0.25,50,12,40,1730,14,0,26,1730,0.35,0.0,1.0,0.0,0.1448982398618351
ni_tfnbs,"e=0.8,h=6.0,n=30,start_thres=1.25",hub,0.25,50,12,40,1730,13,0,27,1730,0.325,0.0,1.0,0.0,0.1448982398618351
ni_tfnbs,"e=0.8,h=7.0,n=30,start_thres=1.25",hub,0.25,50,12,40,1730,13,0,27,1730,0.325,0.0,1.0,0.0,0.1448982398618351
ni_tfnbs,"e=0.8,h=8.0,n=30,start_thres=1.25",hub,0.25,50,12,40,1730,13,0,27,1730,0.325,0.0,1.0,0.0,0.1448982398618351
ni_tfnbs,"e=0.8,h=9.0,n=30,start_thres=1.25",hub,0.25,50,12,40,1730,13,0,27,1730,0.325,0.0,1.0,0.0,0.1448982398618351
ni_tfnbs,"e=0.8,h=10.0,n=30,start_thres=1.25",hub,0.25,50,12,40,1730,12,0,28,1730,0.3,0.0,1.0,0.0,0.1448982398618351
ni_tfnbs,"e=0.9,h=0.5,n=30,start_thres=1.25",hub,0.25,50,12,40,1730,16,0,24,1730,0.4,0.0,1.0,0.0,0.1448982398618351
ni_tfnbs,"e=0.9,h=1.0,n=30,start_thres=1.25",hub,0.25,50,12,40,1730,17,0,23,1730,0.425,0.0,1.0,0.0,0.1448982398618351
ni_tfnbs,"e=0.9,h=2.0,n=30,start_thres=1.25",hub,0.25,50,12,40,1730,17,0,23,1730,0.425,0.0,1.0,0.0,0.1448982398618351
ni_tfnbs,"e=0.9,h=3.0,n=30,start_thres=1.25",hub,0.25,50,12,40,1730,16,0,24,1730,0.4,0.0,1.0,0.0,0.1448982398618351
ni_tfnbs,"e=0.9,h=4.0,n=30,start_thres=1.25",hub,0.25,50,12,40,1730,16,0,24,1730,0.4,0.0,1.0,0.0,0.1448982398618351
ni_tfnbs,"e=0.9,h=5.0,n=30,start_thres=1.25",hub,0.25,50,12,40,1730,15,0,25,1730,0.375,0.0,1.0,0.0,0.1448982398618351
ni_tfnbs,"e=0.9,h=6.0,n=30,start_thres=1.25",hub,0.25,50,12,40,1730,14,0,26,1730,0.35,0.0,1.0,0.0,0.1448982398618351
ni_tfnbs,"e=0.9,h=7.0,n=30,start_thres=1.25",hub,0.25,50,12,40,1730,13,0,27,1730,0.325,0.0,1.0,0.0,0.1448982398618351
ni_tfnbs,"e=0.9,h=8.0,n=30,start_thres=1.25",hub,0.25,50,12,40,1730,13,0,27,1730,0.325,0.0,1.0,0.0,0.1448982398618351
ni_tfnbs,"e=0.9,h=9.0,n=30,start_thres=1.25",hub,0.25,50,12,40,1730,13,0,27,1730,0.325,0.0,1.0,0.0,0.1448982398618351
ni_tfnbs,"e=0.9,h=10.0,n=30,start_thres=1.25",hub,0.25,50,12,40,1730,13,0,27,1730,0.325,0.0,1.0,0.0,0.1448982398618351
ni_tfnbs,"e=1.0,h=0.5,n=30,start_thres=1.25",hub,0.25,50,12,40,1730,16,0,24,1730,0.4,0.0,1.0,0.0,0.1448982398618351
ni_tfnbs,"e=1.0,h=1.0,n=30,start_thres=1.25",hub,0.25,50,12,40,1730,16,0,24,1730,0.4,0.0,1.0,0.0,0.1448982398618351
ni_tfnbs,"e=1.0,h=2.0,n=30,start_thres=1.25",hub,0.25,50,12,40,1730,17,0,23,1730,0.425,0.0,1.0,0.0,0.1448982398618351
ni_tfnbs,"e=1.0,h=3.0,n=30,start_thres=1.25",hub,0.25,50,12,40,1730,17,0,23,1730,0.425,0.0,1.0,0.0,0.1448982398618351
ni_tfnbs,"e=1.0,h=4.0,n=30,start_thres=1.25",hub,0.25,50,12,40,1730,16,0,24,1730,0.4,0.0,1.0,0.0,0.1448982398618351
ni_tfnbs,"e=1.0,h=5.0,n=30,start_thres=1.25",hub,0.25,50,12,40,1730,16,0,24,1730,0.4,0.0,1.0,0.0,0.1448982398618351
ni_tfnbs,"e=1.0,h=6.0,n=30,start_thres=1.25",hub,0.25,50,12,40,1730,14,0,26,1730,0.35,0.0,1.0,0.0,0.1448982398618351
ni_tfnbs,"e=1.0,h=7.0,n=30,start_thres=1.25",hub,0.25,50,12,40,1730,14,0,26,1730,0.35,0.0,1.0,0.0,0.1448982398618351
ni_tfnbs,"e=1.0,h=8.0,n=30,start_thres=1.25",hub,0.25,50,12,40,1730,13,0,27,1730,0.325,0.0,1.0,0.0,0.1448982398618351
ni_tfnbs,"e=1.0,h=9.0,n=30,start_thres=1.25",hub,0.25,50,12,40,1730,13,0,27,1730,0.325,0.0,1.0,0.0,0.1448982398618351
ni_tfnbs,"e=1.0,h=10.0,n=30,start_thres=1.25",hub,0.25,50,12,40,1730,13,0,27,1730,0.325,0.0,1.0,0.0,0.1448982398618351
ni_tfnbs,"e=1.1,h=0.5,n=30,start_thres=1.25",hub,0.25,50,12,40,1730,16,1,24,1729,0.4,0.0005780346820809,0.9411764705882352,0.0588235294117647,0.1448982398618351
ni_tfnbs,"e=1.1,h=1.0,n=30,start_thres=1.25",hub,0.25,50,12,40,1730,16,1,24,1729,0.4,0.0005780346820809,0.9411764705882352,0.0588235294117647,0.1448982398618351
ni_tfnbs,"e=1.1,h=2.0,n=30,start_thres=1.25",hub,0.25,50,12,40,1730,17,1,23,1729,0.425,0.0005780346820809,0.9444444444444444,0.0555555555555555,0.1448982398618351
ni_tfnbs,"e=1.1,h=3.0,n=30,start_thres=1.25",hub,0.25,50,12,40,1730,17,0,23,1730,0.425,0.0,1.0,0.0,0.1448982398618351
ni_tfnbs,"e=1.1,h=4.0,n=30,start_thres=1.25",hub,0.25,50,12,40,1730,17,0,23,1730,0.425,0.0,1.0,0.0,0.1448982398618351
ni_tfnbs,"e=1.1,h=5.0,n=30,start_thres=1.25",hub,0.25,50,12,40,1730,16,0,24,1730,0.4,0.0,1.0,0.0,0.1448982398618351
ni_tfnbs,"e=1.1,h=6.0,n=30,start_thres=1.25",hub,0.25,50,12,40,1730,16,0,24,1730,0.4,0.0,1.0,0.0,0.1448982398618351
ni_tfnbs,"e=1.1,h=7.0,n=30,start_thres=1.25",hub,0.25,50,12,40,1730,14,0,26,1730,0.35,0.0,1.0,0.0,0.1448982398618351
ni_tfnbs,"e=1.1,h=8.0,n=30,start_thres=1.25",hub,0.25,50,12,40,1730,14,0,26,1730,0.35,0.0,1.0,0.0,0.1448982398618351
ni_tfnbs,"e=1.1,h=9.0,n=30,start_thres=1.25",hub,0.25,50,12,40,1730,13,0,27,1730,0.325,0.0,1.0,0.0,0.1448982398618351
ni_tfnbs,"e=1.1,h=10.0,n=30,start_thres=1.25",hub,0.25,50,12,40,1730,13,0,27,1730,0.325,0.0,1.0,0.0,0.1448982398618351
ni_tfnbs,"e=1.2,h=0.5,n=30,start_thres=1.25",hub,0.25,50,12,40,1730,15,1,25,1729,0.375,0.0005780346820809,0.9375,0.0625,0.1448982398618351
ni_tfnbs,"e=1.2,h=1.0,n=30,start_thres=1.25",hub,0.25,50,12,40,1730,16,1,24,1729,0.4,0.0005780346820809,0.9411764705882352,0.0588235294117647,0.1448982398618351
ni_tfnbs,"e=1.2,h=2.0,n=30,start_thres=1.25",hub,0.25,50,12,40,1730,17,1,23,1729,0.425,0.0005780346820809,0.9444444444444444,0.0555555555555555,0.1448982398618351
ni_tfnbs,"e=1.2,h=3.0,n=30,start_thres=1.25",hub,0.25,50,12,40,1730,17,1,23,1729,0.425,0.0005780346820809,0.9444444444444444,0.0555555555555555,0.1448982398618351
ni_tfnbs,"e=1.2,h=4.0,n=30,start_thres=1.25",hub,0.25,50,12,40,1730,17,0,23,1730,0.425,0.0,1.0,0.0,0.1448982398618351
ni_tfnbs,"e=1.2,h=5.0,n=30,start_thres=1.25",hub,0.25,50,12,40,1730,17,0,23,1730,0.425,0.0,1.0,0.0,0.1448982398618351
ni_tfnbs,"e=1.2,h=6.0,n=30,start_thres=1.25",hub,0.25,50,12,40,1730,16,0,24,1730,0.4,0.0,1.0,0.0,0.1448982398618351
ni_tfnbs,"e=1.2,h=7.0,n=30,start_thres=1.25",hub,0.25,50,12,40,1730,16,0,24,1730,0.4,0.0,1.0,0.0,0.1448982398618351
ni_tfnbs,"e=1.2,h=8.0,n=30,start_thres=1.25",hub,0.25,50,12,40,1730,14,0,26,1730,0.35,0.0,1.0,0.0,0.1448982398618351
ni_tfnbs,"e=1.2,h=9.0,n=30,start_thres=1.25",hub,0.25,50,12,40,1730,14,0,26,1730,0.35,0.0,1.0,0.0,0.1448982398618351
ni_tfnbs,"e=1.2,h=10.0,n=30,start_thres=1.25",hub,0.25,50,12,40,1730,13,0,27,1730,0.325,0.0,1.0,0.0,0.1448982398618351
ni_tfnbs,"e=1.3,h=0.5,n=30,start_thres=1.25",hub,0.25,50,12,40,1730,13,1,27,1729,0.325,0.0005780346820809,0.9285714285714286,0.0714285714285714,0.1448982398618351
ni_tfnbs,"e=1.3,h=1.0,n=30,start_thres=1.25",hub,0.25,50,12,40,1730,15,1,25,1729,0.375,0.0005780346820809,0.9375,0.0625,0.1448982398618351
ni_tfnbs,"e=1.3,h=2.0,n=30,start_thres=1.25",hub,0.25,50,12,40,1730,16,1,24,1729,0.4,0.0005780346820809,0.9411764705882352,0.0588235294117647,0.1448982398618351
ni_tfnbs,"e=1.3,h=3.0,n=30,start_thres=1.25",hub,0.25,50,12,40,1730,17,1,23,1729,0.425,0.0005780346820809,0.9444444444444444,0.0555555555555555,0.1448982398618351
ni_tfnbs,"e=1.3,h=4.0,n=30,start_thres=1.25",hub,0.25,50,12,40,1730,17,0,23,1730,0.425,0.0,1.0,0.0,0.1448982398618351
ni_tfnbs,"e=1.3,h=5.0,n=30,start_thres=1.25",hub,0.25,50,12,40,1730,17,0,23,1730,0.425,0.0,1.0,0.0,0.1448982398618351
ni_tfnbs,"e=1.3,h=6.0,n=30,start_thres=1.25",hub,0.25,50,12,40,1730,17,0,23,1730,0.425,0.0,1.0,0.0,0.1448982398618351
ni_tfnbs,"e=1.3,h=7.0,n=30,start_thres=1.25",hub,0.25,50,12,40,1730,16,0,24,1730,0.4,0.0,1.0,0.0,0.1448982398618351
ni_tfnbs,"e=1.3,h=8.0,n=30,start_thres=1.25",hub,0.25,50,12,40,1730,16,0,24,1730,0.4,0.0,1.0,0.0,0.1448982398618351
ni_tfnbs,"e=1.3,h=9.0,n=30,start_thres=1.25",hub,0.25,50,12,40,1730,14,0,26,1730,0.35,0.0,1.0,0.0,0.1448982398618351
ni_tfnbs,"e=1.3,h=10.0,n=30,start_thres=1.25",hub,0.25,50,12,40,1730,14,0,26,1730,0.35,0.0,1.0,0.0,0.1448982398618351
ni_tfnbs,"e=1.4,h=0.5,n=30,start_thres=1.25",hub,0.25,50,12,40,1730,13,1,27,1729,0.325,0.0005780346820809,0.9285714285714286,0.0714285714285714,0.1448982398618351
ni_tfnbs,"e=1.4,h=1.0,n=30,start_thres=1.25",hub,0.25,50,12,40,1730,14,1,26,1729,0.35,0.0005780346820809,0.9333333333333332,0.0666666666666666,0.1448982398618351
ni_tfnbs,"e=1.4,h=2.0,n=30,start_thres=1.25",hub,0.25,50,12,40,1730,16,1,24,1729,0.4,0.0005780346820809,0.9411764705882352,0.0588235294117647,0.1448982398618351
ni_tfnbs,"e=1.4,h=3.0,n=30,start_thres=1.25",hub,0.25,50,12,40,1730,17,1,23,1729,0.425,0.0005780346820809,0.9444444444444444,0.0555555555555555,0.1448982398618351
ni_tfnbs,"e=1.4,h=4.0,n=30,start_thres=1.25",hub,0.25,50,12,40,1730,17,1,23,1729,0.425,0.0005780346820809,0.9444444444444444,0.0555555555555555,0.1448982398618351
ni_tfnbs,"e=1.4,h=5.0,n=30,start_thres=1.25",hub,0.25,50,12,40,1730,17,0,23,1730,0.425,0.0,1.0,0.0,0.1448982398618351
ni_tfnbs,"e=1.4,h=6.0,n=30,start_thres=1.25",hub,0.25,50,12,40,1730,17,0,23,1730,0.425,0.0,1.0,0.0,0.1448982398618351
ni_tfnbs,"e=1.4,h=7.0,n=30,start_thres=1.25",hub,0.25,50,12,40,1730,16,0,24,1730,0.4,0.0,1.0,0.0,0.1448982398618351
ni_tfnbs,"e=1.4,h=8.0,n=30,start_thres=1.25",hub,0.25,50,12,40,1730,16,0,24,1730,0.4,0.0,1.0,0.0,0.1448982398618351
ni_tfnbs,"e=1.4,h=9.0,n=30,start_thres=1.25",hub,0.25,50,12,40,1730,15,0,25,1730,0.375,0.0,1.0,0.0,0.1448982398618351
ni_tfnbs,"e=1.4,h=10.0,n=30,start_thres=1.25",hub,0.25,50,12,40,1730,14,0,26,1730,0.35,0.0,1.0,0.0,0.1448982398618351
ni_tfnbs,"e=1.5,h=0.5,n=30,start_thres=1.25",hub,0.25,50,12,40,1730,13,1,27,1729,0.325,0.0005780346820809,0.9285714285714286,0.0714285714285714,0.1448982398618351
ni_tfnbs,"e=1.5,h=1.0,n=30,start_thres=1.25",hub,0.25,50,12,40,1730,13,1,27,1729,0.325,0.0005780346820809,0.9285714285714286,0.0714285714285714,0.1448982398618351
ni_tfnbs,"e=1.5,h=2.0,n=30,start_thres=1.25",hub,0.25,50,12,40,1730,16,1,24,1729,0.4,0.0005780346820809,0.9411764705882352,0.0588235294117647,0.1448982398618351
ni_tfnbs,"e=1.5,h=3.0,n=30,start_thres=1.25",hub,0.25,50,12,40,1730,17,1,23,1729,0.425,0.0005780346820809,0.9444444444444444,0.0555555555555555,0.1448982398618351
ni_tfnbs,"e=1.5,h=4.0,n=30,start_thres=1.25",hub,0.25,50,12,40,1730,17,1,23,1729,0.425,0.0005780346820809,0.9444444444444444,0.0555555555555555,0.1448982398618351
ni_tfnbs,"e=1.5,h=5.0,n=30,start_thres=1.25",hub,0.25,50,12,40,1730,17,1,23,1729,0.425,0.0005780346820809,0.9444444444444444,0.0555555555555555,0.1448982398618351
ni_tfnbs,"e=1.5,h=6.0,n=30,start_thres=1.25",hub,0.25,50,12,40,1730,17,0,23,1730,0.425,0.0,1.0,0.0,0.1448982398618351
ni_tfnbs,"e=1.5,h=7.0,n=30,start_thres=1.25",hub,0.25,50,12,40,1730,17,0,23,1730,0.425,0.0,1.0,0.0,0.1448982398618351
ni_tfnbs,"e=1.5,h=8.0,n=30,start_thres=1.25",hub,0.25,50,12,40,1730,16,0,24,1730,0.4,0.0,1.0,0.0,0.1448982398618351
ni_tfnbs,"e=1.5,h=9.0,n=30,start_thres=1.25",hub,0.25,50,12,40,1730,16,0,24,1730,0.4,0.0,1.0,0.0,0.1448982398618351
ni_tfnbs,"e=1.5,h=10.0,n=30,start_thres=1.25",hub,0.25,50,12,40,1730,15,0,25,1730,0.375,0.0,1.0,0.0,0.1448982398618351
ni_tfnbs,"e=0.05,h=0.5,n=30,start_thres=1.25",hub,0.25,50,13,40,1730,18,0,22,1730,0.45,0.0,1.0,0.0,0.1450853185220198
ni_tfnbs,"e=0.05,h=1.0,n=30,start_thres=1.25",hub,0.25,50,13,40,1730,18,0,22,1730,0.45,0.0,1.0,0.0,0.1450853185220198
ni_tfnbs,"e=0.05,h=2.0,n=30,start_thres=1.25",hub,0.25,50,13,40,1730,18,0,22,1730,0.45,0.0,1.0,0.0,0.1450853185220198
ni_tfnbs,"e=0.05,h=3.0,n=30,start_thres=1.25",hub,0.25,50,13,40,1730,18,0,22,1730,0.45,0.0,1.0,0.0,0.1450853185220198
ni_tfnbs,"e=0.05,h=4.0,n=30,start_thres=1.25",hub,0.25,50,13,40,1730,18,0,22,1730,0.45,0.0,1.0,0.0,0.1450853185220198
ni_tfnbs,"e=0.05,h=5.0,n=30,start_thres=1.25",hub,0.25,50,13,40,1730,18,0,22,1730,0.45,0.0,1.0,0.0,0.1450853185220198
ni_tfnbs,"e=0.05,h=6.0,n=30,start_thres=1.25",hub,0.25,50,13,40,1730,18,0,22,1730,0.45,0.0,1.0,0.0,0.1450853185220198
ni_tfnbs,"e=0.05,h=7.0,n=30,start_thres=1.25",hub,0.25,50,13,40,1730,18,0,22,1730,0.45,0.0,1.0,0.0,0.1450853185220198
ni_tfnbs,"e=0.05,h=8.0,n=30,start_thres=1.25",hub,0.25,50,13,40,1730,18,0,22,1730,0.45,0.0,1.0,0.0,0.1450853185220198
ni_tfnbs,"e=0.05,h=9.0,n=30,start_thres=1.25",hub,0.25,50,13,40,1730,18,0,22,1730,0.45,0.0,1.0,0.0,0.1450853185220198
ni_tfnbs,"e=0.05,h=10.0,n=30,start_thres=1.25",hub,0.25,50,13,40,1730,18,0,22,1730,0.45,0.0,1.0,0.0,0.1450853185220198
ni_tfnbs,"e=0.1,h=0.5,n=30,start_thres=1.25",hub,0.25,50,13,40,1730,19,0,21,1730,0.475,0.0,1.0,0.0,0.1450853185220198
ni_tfnbs,"e=0.1,h=1.0,n=30,start_thres=1.25",hub,0.25,50,13,40,1730,19,0,21,1730,0.475,0.0,1.0,0.0,0.1450853185220198
ni_tfnbs,"e=0.1,h=2.0,n=30,start_thres=1.25",hub,0.25,50,13,40,1730,18,0,22,1730,0.45,0.0,1.0,0.0,0.1450853185220198
ni_tfnbs,"e=0.1,h=3.0,n=30,start_thres=1.25",hub,0.25,50,13,40,1730,18,0,22,1730,0.45,0.0,1.0,0.0,0.1450853185220198
ni_tfnbs,"e=0.1,h=4.0,n=30,start_thres=1.25",hub,0.25,50,13,40,1730,18,0,22,1730,0.45,0.0,1.0,0.0,0.1450853185220198
ni_tfnbs,"e=0.1,h=5.0,n=30,start_thres=1.25",hub,0.25,50,13,40,1730,18,0,22,1730,0.45,0.0,1.0,0.0,0.1450853185220198
ni_tfnbs,"e=0.1,h=6.0,n=30,start_thres=1.25",hub,0.25,50,13,40,1730,18,0,22,1730,0.45,0.0,1.0,0.0,0.1450853185220198
ni_tfnbs,"e=0.1,h=7.0,n=30,start_thres=1.25",hub,0.25,50,13,40,1730,18,0,22,1730,0.45,0.0,1.0,0.0,0.1450853185220198
ni_tfnbs,"e=0.1,h=8.0,n=30,start_thres=1.25",hub,0.25,50,13,40,1730,18,0,22,1730,0.45,0.0,1.0,0.0,0.1450853185220198
ni_tfnbs,"e=0.1,h=9.0,n=30,start_thres=1.25",hub,0.25,50,13,40,1730,18,0,22,1730,0.45,0.0,1.0,0.0,0.1450853185220198
ni_tfnbs,"e=0.1,h=10.0,n=30,start_thres=1.25",hub,0.25,50,13,40,1730,18,0,22,1730,0.45,0.0,1.0,0.0,0.1450853185220198
ni_tfnbs,"e=0.2,h=0.5,n=30,start_thres=1.25",hub,0.25,50,13,40,1730,20,0,20,1730,0.5,0.0,1.0,0.0,0.1450853185220198
ni_tfnbs,"e=0.2,h=1.0,n=30,start_thres=1.25",hub,0.25,50,13,40,1730,20,0,20,1730,0.5,0.0,1.0,0.0,0.1450853185220198
ni_tfnbs,"e=0.2,h=2.0,n=30,start_thres=1.25",hub,0.25,50,13,40,1730,20,0,20,1730,0.5,0.0,1.0,0.0,0.1450853185220198
ni_tfnbs,"e=0.2,h=3.0,n=30,start_thres=1.25",hub,0.25,50,13,40,1730,19,0,21,1730,0.475,0.0,1.0,0.0,0.1450853185220198
ni_tfnbs,"e=0.2,h=4.0,n=30,start_thres=1.25",hub,0.25,50,13,40,1730,19,0,21,1730,0.475,0.0,1.0,0.0,0.1450853185220198
ni_tfnbs,"e=0.2,h=5.0,n=30,start_thres=1.25",hub,0.25,50,13,40,1730,19,0,21,1730,0.475,0.0,1.0,0.0,0.1450853185220198
ni_tfnbs,"e=0.2,h=6.0,n=30,start_thres=1.25",hub,0.25,50,13,40,1730,18,0,22,1730,0.45,0.0,1.0,0.0,0.1450853185220198
ni_tfnbs,"e=0.2,h=7.0,n=30,start_thres=1.25",hub,0.25,50,13,40,1730,18,0,22,1730,0.45,0.0,1.0,0.0,0.1450853185220198
ni_tfnbs,"e=0.2,h=8.0,n=30,start_thres=1.25",hub,0.25,50,13,40,1730,18,0,22,1730,0.45,0.0,1.0,0.0,0.1450853185220198
ni_tfnbs,"e=0.2,h=9.0,n=30,start_thres=1.25",hub,0.25,50,13,40,1730,18,0,22,1730,0.45,0.0,1.0,0.0,0.1450853185220198
ni_tfnbs,"e=0.2,h=10.0,n=30,start_thres=1.25",hub,0.25,50,13,40,1730,18,0,22,1730,0.45,0.0,1.0,0.0,0.1450853185220198
ni_tfnbs,"e=0.3,h=0.5,n=30,start_thres=1.25",hub,0.25,50,13,40,1730,21,0,19,1730,0.525,0.0,1.0,0.0,0.1450853185220198
ni_tfnbs,"e=0.3,h=1.0,n=30,start_thres=1.25",hub,0.25,50,13,40,1730,21,0,19,1730,0.525,0.0,1.0,0.0,0.1450853185220198
ni_tfnbs,"e=0.3,h=2.0,n=30,start_thres=1.25",hub,0.25,50,13,40,1730,20,0,20,1730,0.5,0.0,1.0,0.0,0.1450853185220198
ni_tfnbs,"e=0.3,h=3.0,n=30,start_thres=1.25",hub,0.25,50,13,40,1730,20,0,20,1730,0.5,0.0,1.0,0.0,0.1450853185220198
ni_tfnbs,"e=0.3,h=4.0,n=30,start_thres=1.25",hub,0.25,50,13,40,1730,20,0,20,1730,0.5,0.0,1.0,0.0,0.1450853185220198
ni_tfnbs,"e=0.3,h=5.0,n=30,start_thres=1.25",hub,0.25,50,13,40,1730,20,0,20,1730,0.5,0.0,1.0,0.0,0.1450853185220198
ni_tfnbs,"e=0.3,h=6.0,n=30,start_thres=1.25",hub,0.25,50,13,40,1730,20,0,20,1730,0.5,0.0,1.0,0.0,0.1450853185220198
ni_tfnbs,"e=0.3,h=7.0,n=30,start_thres=1.25",hub,0.25,50,13,40,1730,19,0,21,1730,0.475,0.0,1.0,0.0,0.1450853185220198
ni_tfnbs,"e=0.3,h=8.0,n=30,start_thres=1.25",hub,0.25,50,13,40,1730,19,0,21,1730,0.475,0.0,1.0,0.0,0.1450853185220198
ni_tfnbs,"e=0.3,h=9.0,n=30,start_thres=1.25",hub,0.25,50,13,40,1730,18,0,22,1730,0.45,0.0,1.0,0.0,0.1450853185220198
ni_tfnbs,"e=0.3,h=10.0,n=30,start_thres=1.25",hub,0.25,50,13,40,1730,18,0,22,1730,0.45,0.0,1.0,0.0,0.1450853185220198
ni_tfnbs,"e=0.4,h=0.5,n=30,start_thres=1.25",hub,0.25,50,13,40,1730,25,0,15,1730,0.625,0.0,1.0,0.0,0.1450853185220198
ni_tfnbs,"e=0.4,h=1.0,n=30,start_thres=1.25",hub,0.25,50,13,40,1730,25,0,15,1730,0.625,0.0,1.0,0.0,0.1450853185220198
ni_tfnbs,"e=0.4,h=2.0,n=30,start_thres=1.25",hub,0.25,50,13,40,1730,22,0,18,1730,0.55,0.0,1.0,0.0,0.1450853185220198
ni_tfnbs,"e=0.4,h=3.0,n=30,start_thres=1.25",hub,0.25,50,13,40,1730,21,0,19,1730,0.525,0.0,1.0,0.0,0.1450853185220198
ni_tfnbs,"e=0.4,h=4.0,n=30,start_thres=1.25",hub,0.25,50,13,40,1730,20,0,20,1730,0.5,0.0,1.0,0.0,0.1450853185220198
ni_tfnbs,"e=0.4,h=5.0,n=30,start_thres=1.25",hub,0.25,50,13,40,1730,20,0,20,1730,0.5,0.0,1.0,0.0,0.1450853185220198
ni_tfnbs,"e=0.4,h=6.0,n=30,start_thres=1.25",hub,0.25,50,13,40,1730,20,0,20,1730,0.5,0.0,1.0,0.0,0.1450853185220198
ni_tfnbs,"e=0.4,h=7.0,n=30,start_thres=1.25",hub,0.25,50,13,40,1730,20,0,20,1730,0.5,0.0,1.0,0.0,0.1450853185220198
ni_tfnbs,"e=0.4,h=8.0,n=30,start_thres=1.25",hub,0.25,50,13,40,1730,20,0,20,1730,0.5,0.0,1.0,0.0,0.1450853185220198
ni_tfnbs,"e=0.4,h=9.0,n=30,start_thres=1.25",hub,0.25,50,13,40,1730,20,0,20,1730,0.5,0.0,1.0,0.0,0.1450853185220198
ni_tfnbs,"e=0.4,h=10.0,n=30,start_thres=1.25",hub,0.25,50,13,40,1730,19,0,21,1730,0.475,0.0,1.0,0.0,0.1450853185220198
ni_tfnbs,"e=0.5,h=0.5,n=30,start_thres=1.25",hub,0.25,50,13,40,1730,29,0,11,1730,0.725,0.0,1.0,0.0,0.1450853185220198
ni_tfnbs,"e=0.5,h=1.0,n=30,start_thres=1.25",hub,0.25,50,13,40,1730,29,0,11,1730,0.725,0.0,1.0,0.0,0.1450853185220198
ni_tfnbs,"e=0.5,h=2.0,n=30,start_thres=1.25",hub,0.25,50,13,40,1730,25,0,15,1730,0.625,0.0,1.0,0.0,0.1450853185220198
ni_tfnbs,"e=0.5,h=3.0,n=30,start_thres=1.25",hub,0.25,50,13,40,1730,25,0,15,1730,0.625,0.0,1.0,0.0,0.1450853185220198
ni_tfnbs,"e=0.5,h=4.0,n=30,start_thres=1.25",hub,0.25,50,13,40,1730,21,0,19,1730,0.525,0.0,1.0,0.0,0.1450853185220198
ni_tfnbs,"e=0.5,h=5.0,n=30,start_thres=1.25",hub,0.25,50,13,40,1730,21,0,19,1730,0.525,0.0,1.0,0.0,0.1450853185220198
ni_tfnbs,"e=0.5,h=6.0,n=30,start_thres=1.25",hub,0.25,50,13,40,1730,20,0,20,1730,0.5,0.0,1.0,0.0,0.1450853185220198
ni_tfnbs,"e=0.5,h=7.0,n=30,start_thres=1.25",hub,0.25,50,13,40,1730,20,0,20,1730,0.5,0.0,1.0,0.0,0.1450853185220198
ni_tfnbs,"e=0.5,h=8.0,n=30,start_thres=1.25",hub,0.25,50,13,40,1730,20,0,20,1730,0.5,0.0,1.0,0.0,0.1450853185220198
ni_tfnbs,"e=0.5,h=9.0,n=30,start_thres=1.25",hub,0.25,50,13,40,1730,20,0,20,1730,0.5,0.0,1.0,0.0,0.1450853185220198
ni_tfnbs,"e=0.5,h=10.0,n=30,start_thres=1.25",hub,0.25,50,13,40,1730,20,0,20,1730,0.5,0.0,1.0,0.0,0.1450853185220198
ni_tfnbs,"e=0.6,h=0.5,n=30,start_thres=1.25",hub,0.25,50,13,40,1730,30,0,10,1730,0.75,0.0,1.0,0.0,0.1450853185220198
ni_tfnbs,"e=0.6,h=1.0,n=30,start_thres=1.25",hub,0.25,50,13,40,1730,30,0,10,1730,0.75,0.0,1.0,0.0,0.1450853185220198
ni_tfnbs,"e=0.6,h=2.0,n=30,start_thres=1.25",hub,0.25,50,13,40,1730,29,0,11,1730,0.725,0.0,1.0,0.0,0.1450853185220198
ni_tfnbs,"e=0.6,h=3.0,n=30,start_thres=1.25",hub,0.25,50,13,40,1730,28,0,12,1730,0.7,0.0,1.0,0.0,0.1450853185220198
ni_tfnbs,"e=0.6,h=4.0,n=30,start_thres=1.25",hub,0.25,50,13,40,1730,25,0,15,1730,0.625,0.0,1.0,0.0,0.1450853185220198
ni_tfnbs,"e=0.6,h=5.0,n=30,start_thres=1.25",hub,0.25,50,13,40,1730,21,0,19,1730,0.525,0.0,1.0,0.0,0.1450853185220198
ni_tfnbs,"e=0.6,h=6.0,n=30,start_thres=1.25",hub,0.25,50,13,40,1730,21,0,19,1730,0.525,0.0,1.0,0.0,0.1450853185220198
ni_tfnbs,"e=0.6,h=7.0,n=30,start_thres=1.25",hub,0.25,50,13,40,1730,20,0,20,1730,0.5,0.0,1.0,0.0,0.1450853185220198
ni_tfnbs,"e=0.6,h=8.0,n=30,start_thres=1.25",hub,0.25,50,13,40,1730,20,0,20,1730,0.5,0.0,1.0,0.0,0.1450853185220198
ni_tfnbs,"e=0.6,h=9.0,n=30,start_thres=1.25",hub,0.25,50,13,40,1730,20,0,20,1730,0.5,0.0,1.0,0.0,0.1450853185220198
ni_tfnbs,"e=0.6,h=10.0,n=30,start_thres=1.25",hub,0.25,50,13,40,1730,20,0,20,1730,0.5,0.0,1.0,0.0,0.1450853185220198
ni_tfnbs,"e=0.7,h=0.5,n=30,start_thres=1.25",hub,0.25,50,13,40,1730,30,0,10,1730,0.75,0.0,1.0,0.0,0.1450853185220198
ni_tfnbs,"e=0.7,h=1.0,n=30,start_thres=1.25",hub,0.25,50,13,40,1730,30,0,10,1730,0.75,0.0,1.0,0.0,0.1450853185220198
ni_tfnbs,"e=0.7,h=2.0,n=30,start_thres=1.25",hub,0.25,50,13,40,1730,30,0,10,1730,0.75,0.0,1.0,0.0,0.1450853185220198
ni_tfnbs,"e=0.7,h=3.0,n=30,start_thres=1.25",hub,0.25,50,13,40,1730,29,0,11,1730,0.725,0.0,1.0,0.0,0.1450853185220198
ni_tfnbs,"e=0.7,h=4.0,n=30,start_thres=1.25",hub,0.25,50,13,40,1730,28,0,12,1730,0.7,0.0,1.0,0.0,0.1450853185220198
ni_tfnbs,"e=0.7,h=5.0,n=30,start_thres=1.25",hub,0.25,50,13,40,1730,25,0,15,1730,0.625,0.0,1.0,0.0,0.1450853185220198
ni_tfnbs,"e=0.7,h=6.0,n=30,start_thres=1.25",hub,0.25,50,13,40,1730,22,0,18,1730,0.55,0.0,1.0,0.0,0.1450853185220198
ni_tfnbs,"e=0.7,h=7.0,n=30,start_thres=1.25",hub,0.25,50,13,40,1730,21,0,19,1730,0.525,0.0,1.0,0.0,0.1450853185220198
ni_tfnbs,"e=0.7,h=8.0,n=30,start_thres=1.25",hub,0.25,50,13,40,1730,21,0,19,1730,0.525,0.0,1.0,0.0,0.1450853185220198
ni_tfnbs,"e=0.7,h=9.0,n=30,start_thres=1.25",hub,0.25,50,13,40,1730,20,0,20,1730,0.5,0.0,1.0,0.0,0.1450853185220198
ni_tfnbs,"e=0.7,h=10.0,n=30,start_thres=1.25",hub,0.25,50,13,40,1730,20,0,20,1730,0.5,0.0,1.0,0.0,0.1450853185220198
ni_tfnbs,"e=0.8,h=0.5,n=30,start_thres=1.25",hub,0.25,50,13,40,1730,30,0,10,1730,0.75,0.0,1.0,0.0,0.1450853185220198
ni_tfnbs,"e=0.8,h=1.0,n=30,start_thres=1.25",hub,0.25,50,13,40,1730,30,0,10,1730,0.75,0.0,1.0,0.0,0.1450853185220198
ni_tfnbs,"e=0.8,h=2.0,n=30,start_thres=1.25",hub,0.25,50,13,40,1730,31,0,9,1730,0.775,0.0,1.0,0.0,0.1450853185220198
ni_tfnbs,"e=0.8,h=3.0,n=30,start_thres=1.25",hub,0.25,50,13,40,1730,30,0,10,1730,0.75,0.0,1.0,0.0,0.1450853185220198
ni_tfnbs,"e=0.8,h=4.0,n=30,start_thres=1.25",hub,0.25,50,13,40,1730,29,0,11,1730,0.725,0.0,1.0,0.0,0.1450853185220198
ni_tfnbs,"e=0.8,h=5.0,n=30,start_thres=1.25",hub,0.25,50,13,40,1730,28,0,12,1730,0.7,0.0,1.0,0.0,0.1450853185220198
ni_tfnbs,"e=0.8,h=6.0,n=30,start_thres=1.25",hub,0.25,50,13,40,1730,25,0,15,1730,0.625,0.0,1.0,0.0,0.1450853185220198
ni_tfnbs,"e=0.8,h=7.0,n=30,start_thres=1.25",hub,0.25,50,13,40,1730,22,0,18,1730,0.55,0.0,1.0,0.0,0.1450853185220198
ni_tfnbs,"e=0.8,h=8.0,n=30,start_thres=1.25",hub,0.25,50,13,40,1730,21,0,19,1730,0.525,0.0,1.0,0.0,0.1450853185220198
ni_tfnbs,"e=0.8,h=9.0,n=30,start_thres=1.25",hub,0.25,50,13,40,1730,21,0,19,1730,0.525,0.0,1.0,0.0,0.1450853185220198
ni_tfnbs,"e=0.8,h=10.0,n=30,start_thres=1.25",hub,0.25,50,13,40,1730,20,0,20,1730,0.5,0.0,1.0,0.0,0.1450853185220198
ni_tfnbs,"e=0.9,h=0.5,n=30,start_thres=1.25",hub,0.25,50,13,40,1730,30,1,10,1729,0.75,0.0005780346820809,0.967741935483871,0.032258064516129,0.1450853185220198
ni_tfnbs,"e=0.9,h=1.0,n=30,start_thres=1.25",hub,0.25,50,13,40,1730,30,1,10,1729,0.75,0.0005780346820809,0.967741935483871,0.032258064516129,0.1450853185220198
ni_tfnbs,"e=0.9,h=2.0,n=30,start_thres=1.25",hub,0.25,50,13,40,1730,31,1,9,1729,0.775,0.0005780346820809,0.96875,0.03125,0.1450853185220198
ni_tfnbs,"e=0.9,h=3.0,n=30,start_thres=1.25",hub,0.25,50,13,40,1730,31,0,9,1730,0.775,0.0,1.0,0.0,0.1450853185220198
ni_tfnbs,"e=0.9,h=4.0,n=30,start_thres=1.25",hub,0.25,50,13,40,1730,30,0,10,1730,0.75,0.0,1.0,0.0,0.1450853185220198
ni_tfnbs,"e=0.9,h=5.0,n=30,start_thres=1.25",hub,0.25,50,13,40,1730,29,0,11,1730,0.725,0.0,1.0,0.0,0.1450853185220198
ni_tfnbs,"e=0.9,h=6.0,n=30,start_thres=1.25",hub,0.25,50,13,40,1730,28,0,12,1730,0.7,0.0,1.0,0.0,0.1450853185220198
ni_tfnbs,"e=0.9,h=7.0,n=30,start_thres=1.25",hub,0.25,50,13,40,1730,25,0,15,1730,0.625,0.0,1.0,0.0,0.1450853185220198
ni_tfnbs,"e=0.9,h=8.0,n=30,start_thres=1.25",hub,0.25,50,13,40,1730,22,0,18,1730,0.55,0.0,1.0,0.0,0.1450853185220198
ni_tfnbs,"e=0.9,h=9.0,n=30,start_thres=1.25",hub,0.25,50,13,40,1730,21,0,19,1730,0.525,0.0,1.0,0.0,0.1450853185220198
ni_tfnbs,"e=0.9,h=10.0,n=30,start_thres=1.25",hub,0.25,50,13,40,1730,21,0,19,1730,0.525,0.0,1.0,0.0,0.1450853185220198
ni_tfnbs,"e=1.0,h=0.5,n=30,start_thres=1.25",hub,0.25,50,13,40,1730,30,1,10,1729,0.75,0.0005780346820809,0.967741935483871,0.032258064516129,0.1450853185220198
ni_tfnbs,"e=1.0,h=1.0,n=30,start_thres=1.25",hub,0.25,50,13,40,1730,30,1,10,1729,0.75,0.0005780346820809,0.967741935483871,0.032258064516129,0.1450853185220198
ni_tfnbs,"e=1.0,h=2.0,n=30,start_thres=1.25",hub,0.25,50,13,40,1730,31,1,9,1729,0.775,0.0005780346820809,0.96875,0.03125,0.1450853185220198
ni_tfnbs,"e=1.0,h=3.0,n=30,start_thres=1.25",hub,0.25,50,13,40,1730,31,1,9,1729,0.775,0.0005780346820809,0.96875,0.03125,0.1450853185220198
ni_tfnbs,"e=1.0,h=4.0,n=30,start_thres=1.25",hub,0.25,50,13,40,1730,31,0,9,1730,0.775,0.0,1.0,0.0,0.1450853185220198
ni_tfnbs,"e=1.0,h=5.0,n=30,start_thres=1.25",hub,0.25,50,13,40,1730,30,0,10,1730,0.75,0.0,1.0,0.0,0.1450853185220198
ni_tfnbs,"e=1.0,h=6.0,n=30,start_thres=1.25",hub,0.25,50,13,40,1730,29,0,11,1730,0.725,0.0,1.0,0.0,0.1450853185220198
ni_tfnbs,"e=1.0,h=7.0,n=30,start_thres=1.25",hub,0.25,50,13,40,1730,28,0,12,1730,0.7,0.0,1.0,0.0,0.1450853185220198
ni_tfnbs,"e=1.0,h=8.0,n=30,start_thres=1.25",hub,0.25,50,13,40,1730,25,0,15,1730,0.625,0.0,1.0,0.0,0.1450853185220198
ni_tfnbs,"e=1.0,h=9.0,n=30,start_thres=1.25",hub,0.25,50,13,40,1730,25,0,15,1730,0.625,0.0,1.0,0.0,0.1450853185220198
ni_tfnbs,"e=1.0,h=10.0,n=30,start_thres=1.25",hub,0.25,50,13,40,1730,21,0,19,1730,0.525,0.0,1.0,0.0,0.1450853185220198
ni_tfnbs,"e=1.1,h=0.5,n=30,start_thres=1.25",hub,0.25,50,13,40,1730,30,1,10,1729,0.75,0.0005780346820809,0.967741935483871,0.032258064516129,0.1450853185220198
ni_tfnbs,"e=1.1,h=1.0,n=30,start_thres=1.25",hub,0.25,50,13,40,1730,30,1,10,1729,0.75,0.0005780346820809,0.967741935483871,0.032258064516129,0.1450853185220198
ni_tfnbs,"e=1.1,h=2.0,n=30,start_thres=1.25",hub,0.25,50,13,40,1730,31,1,9,1729,0.775,0.0005780346820809,0.96875,0.03125,0.1450853185220198
ni_tfnbs,"e=1.1,h=3.0,n=30,start_thres=1.25",hub,0.25,50,13,40,1730,31,1,9,1729,0.775,0.0005780346820809,0.96875,0.03125,0.1450853185220198
ni_tfnbs,"e=1.1,h=4.0,n=30,start_thres=1.25",hub,0.25,50,13,40,1730,31,0,9,1730,0.775,0.0,1.0,0.0,0.1450853185220198
ni_tfnbs,"e=1.1,h=5.0,n=30,start_thres=1.25",hub,0.25,50,13,40,1730,30,0,10,1730,0.75,0.0,1.0,0.0,0.1450853185220198
ni_tfnbs,"e=1.1,h=6.0,n=30,start_thres=1.25",hub,0.25,50,13,40,1730,30,0,10,1730,0.75,0.0,1.0,0.0,0.1450853185220198
ni_tfnbs,"e=1.1,h=7.0,n=30,start_thres=1.25",hub,0.25,50,13,40,1730,29,0,11,1730,0.725,0.0,1.0,0.0,0.1450853185220198
ni_tfnbs,"e=1.1,h=8.0,n=30,start_thres=1.25",hub,0.25,50,13,40,1730,28,0,12,1730,0.7,0.0,1.0,0.0,0.1450853185220198
ni_tfnbs,"e=1.1,h=9.0,n=30,start_thres=1.25",hub,0.25,50,13,40,1730,25,0,15,1730,0.625,0.0,1.0,0.0,0.1450853185220198
ni_tfnbs,"e=1.1,h=10.0,n=30,start_thres=1.25",hub,0.25,50,13,40,1730,25,0,15,1730,0.625,0.0,1.0,0.0,0.1450853185220198
ni_tfnbs,"e=1.2,h=0.5,n=30,start_thres=1.25",hub,0.25,50,13,40,1730,30,1,10,1729,0.75,0.0005780346820809,0.967741935483871,0.032258064516129,0.1450853185220198
ni_tfnbs,"e=1.2,h=1.0,n=30,start_thres=1.25",hub,0.25,50,13,40,1730,30,1,10,1729,0.75,0.0005780346820809,0.967741935483871,0.032258064516129,0.1450853185220198
ni_tfnbs,"e=1.2,h=2.0,n=30,start_thres=1.25",hub,0.25,50,13,40,1730,31,1,9,1729,0.775,0.0005780346820809,0.96875,0.03125,0.1450853185220198
ni_tfnbs,"e=1.2,h=3.0,n=30,start_thres=1.25",hub,0.25,50,13,40,1730,32,1,8,1729,0.8,0.0005780346820809,0.9696969696969696,0.0303030303030303,0.1450853185220198
ni_tfnbs,"e=1.2,h=4.0,n=30,start_thres=1.25",hub,0.25,50,13,40,1730,31,1,9,1729,0.775,0.0005780346820809,0.96875,0.03125,0.1450853185220198
ni_tfnbs,"e=1.2,h=5.0,n=30,start_thres=1.25",hub,0.25,50,13,40,1730,31,0,9,1730,0.775,0.0,1.0,0.0,0.1450853185220198
ni_tfnbs,"e=1.2,h=6.0,n=30,start_thres=1.25",hub,0.25,50,13,40,1730,30,0,10,1730,0.75,0.0,1.0,0.0,0.1450853185220198
ni_tfnbs,"e=1.2,h=7.0,n=30,start_thres=1.25",hub,0.25,50,13,40,1730,30,0,10,1730,0.75,0.0,1.0,0.0,0.1450853185220198
ni_tfnbs,"e=1.2,h=8.0,n=30,start_thres=1.25",hub,0.25,50,13,40,1730,29,0,11,1730,0.725,0.0,1.0,0.0,0.1450853185220198
ni_tfnbs,"e=1.2,h=9.0,n=30,start_thres=1.25",hub,0.25,50,13,40,1730,28,0,12,1730,0.7,0.0,1.0,0.0,0.1450853185220198
ni_tfnbs,"e=1.2,h=10.0,n=30,start_thres=1.25",hub,0.25,50,13,40,1730,25,0,15,1730,0.625,0.0,1.0,0.0,0.1450853185220198
ni_tfnbs,"e=1.3,h=0.5,n=30,start_thres=1.25",hub,0.25,50,13,40,1730,30,1,10,1729,0.75,0.0005780346820809,0.967741935483871,0.032258064516129,0.1450853185220198
ni_tfnbs,"e=1.3,h=1.0,n=30,start_thres=1.25",hub,0.25,50,13,40,1730,30,1,10,1729,0.75,0.0005780346820809,0.967741935483871,0.032258064516129,0.1450853185220198
ni_tfnbs,"e=1.3,h=2.0,n=30,start_thres=1.25",hub,0.25,50,13,40,1730,31,1,9,1729,0.775,0.0005780346820809,0.96875,0.03125,0.1450853185220198
ni_tfnbs,"e=1.3,h=3.0,n=30,start_thres=1.25",hub,0.25,50,13,40,1730,31,1,9,1729,0.775,0.0005780346820809,0.96875,0.03125,0.1450853185220198
ni_tfnbs,"e=1.3,h=4.0,n=30,start_thres=1.25",hub,0.25,50,13,40,1730,32,1,8,1729,0.8,0.0005780346820809,0.9696969696969696,0.0303030303030303,0.1450853185220198
ni_tfnbs,"e=1.3,h=5.0,n=30,start_thres=1.25",hub,0.25,50,13,40,1730,31,1,9,1729,0.775,0.0005780346820809,0.96875,0.03125,0.1450853185220198
ni_tfnbs,"e=1.3,h=6.0,n=30,start_thres=1.25",hub,0.25,50,13,40,1730,31,0,9,1730,0.775,0.0,1.0,0.0,0.1450853185220198
ni_tfnbs,"e=1.3,h=7.0,n=30,start_thres=1.25",hub,0.25,50,13,40,1730,30,0,10,1730,0.75,0.0,1.0,0.0,0.1450853185220198
ni_tfnbs,"e=1.3,h=8.0,n=30,start_thres=1.25",hub,0.25,50,13,40,1730,30,0,10,1730,0.75,0.0,1.0,0.0,0.1450853185220198
ni_tfnbs,"e=1.3,h=9.0,n=30,start_thres=1.25",hub,0.25,50,13,40,1730,29,0,11,1730,0.725,0.0,1.0,0.0,0.1450853185220198
ni_tfnbs,"e=1.3,h=10.0,n=30,start_thres=1.25",hub,0.25,50,13,40,1730,28,0,12,1730,0.7,0.0,1.0,0.0,0.1450853185220198
ni_tfnbs,"e=1.4,h=0.5,n=30,start_thres=1.25",hub,0.25,50,13,40,1730,29,1,11,1729,0.725,0.0005780346820809,0.9666666666666668,0.0333333333333333,0.1450853185220198
ni_tfnbs,"e=1.4,h=1.0,n=30,start_thres=1.25",hub,0.25,50,13,40,1730,30,1,10,1729,0.75,0.0005780346820809,0.967741935483871,0.032258064516129,0.1450853185220198
ni_tfnbs,"e=1.4,h=2.0,n=30,start_thres=1.25",hub,0.25,50,13,40,1730,30,1,10,1729,0.75,0.0005780346820809,0.967741935483871,0.032258064516129,0.1450853185220198
ni_tfnbs,"e=1.4,h=3.0,n=30,start_thres=1.25",hub,0.25,50,13,40,1730,31,1,9,1729,0.775,0.0005780346820809,0.96875,0.03125,0.1450853185220198
ni_tfnbs,"e=1.4,h=4.0,n=30,start_thres=1.25",hub,0.25,50,13,40,1730,32,1,8,1729,0.8,0.0005780346820809,0.9696969696969696,0.0303030303030303,0.1450853185220198
ni_tfnbs,"e=1.4,h=5.0,n=30,start_thres=1.25",hub,0.25,50,13,40,1730,32,1,8,1729,0.8,0.0005780346820809,0.9696969696969696,0.0303030303030303,0.1450853185220198
ni_tfnbs,"e=1.4,h=6.0,n=30,start_thres=1.25",hub,0.25,50,13,40,1730,31,1,9,1729,0.775,0.0005780346820809,0.96875,0.03125,0.1450853185220198
ni_tfnbs,"e=1.4,h=7.0,n=30,start_thres=1.25",hub,0.25,50,13,40,1730,31,0,9,1730,0.775,0.0,1.0,0.0,0.1450853185220198
ni_tfnbs,"e=1.4,h=8.0,n=30,start_thres=1.25",hub,0.25,50,13,40,1730,30,0,10,1730,0.75,0.0,1.0,0.0,0.1450853185220198
ni_tfnbs,"e=1.4,h=9.0,n=30,start_thres=1.25",hub,0.25,50,13,40,1730,29,0,11,1730,0.725,0.0,1.0,0.0,0.1450853185220198
ni_tfnbs,"e=1.4,h=10.0,n=30,start_thres=1.25",hub,0.25,50,13,40,1730,29,0,11,1730,0.725,0.0,1.0,0.0,0.1450853185220198
ni_tfnbs,"e=1.5,h=0.5,n=30,start_thres=1.25",hub,0.25,50,13,40,1730,26,1,14,1729,0.65,0.0005780346820809,0.9629629629629628,0.037037037037037,0.1450853185220198
ni_tfnbs,"e=1.5,h=1.0,n=30,start_thres=1.25",hub,0.25,50,13,40,1730,30,1,10,1729,0.75,0.0005780346820809,0.967741935483871,0.032258064516129,0.1450853185220198
ni_tfnbs,"e=1.5,h=2.0,n=30,start_thres=1.25",hub,0.25,50,13,40,1730,30,1,10,1729,0.75,0.0005780346820809,0.967741935483871,0.032258064516129,0.1450853185220198
ni_tfnbs,"e=1.5,h=3.0,n=30,start_thres=1.25",hub,0.25,50,13,40,1730,31,1,9,1729,0.775,0.0005780346820809,0.96875,0.03125,0.1450853185220198
ni_tfnbs,"e=1.5,h=4.0,n=30,start_thres=1.25",hub,0.25,50,13,40,1730,32,1,8,1729,0.8,0.0005780346820809,0.9696969696969696,0.0303030303030303,0.1450853185220198
ni_tfnbs,"e=1.5,h=5.0,n=30,start_thres=1.25",hub,0.25,50,13,40,1730,32,1,8,1729,0.8,0.0005780346820809,0.9696969696969696,0.0303030303030303,0.1450853185220198
ni_tfnbs,"e=1.5,h=6.0,n=30,start_thres=1.25",hub,0.25,50,13,40,1730,32,1,8,1729,0.8,0.0005780346820809,0.9696969696969696,0.0303030303030303,0.1450853185220198
ni_tfnbs,"e=1.5,h=7.0,n=30,start_thres=1.25",hub,0.25,50,13,40,1730,31,0,9,1730,0.775,0.0,1.0,0.0,0.1450853185220198
ni_tfnbs,"e=1.5,h=8.0,n=30,start_thres=1.25",hub,0.25,50,13,40,1730,31,0,9,1730,0.775,0.0,1.0,0.0,0.1450853185220198
ni_tfnbs,"e=1.5,h=9.0,n=30,start_thres=1.25",hub,0.25,50,13,40,1730,30,0,10,1730,0.75,0.0,1.0,0.0,0.1450853185220198
ni_tfnbs,"e=1.5,h=10.0,n=30,start_thres=1.25",hub,0.25,50,13,40,1730,29,0,11,1730,0.725,0.0,1.0,0.0,0.1450853185220198
ni_tfnbs,"e=0.05,h=0.5,n=30,start_thres=1.25",hub,0.25,50,14,40,1730,16,0,24,1730,0.4,0.0,1.0,0.0,0.1480761820619756
ni_tfnbs,"e=0.05,h=1.0,n=30,start_thres=1.25",hub,0.25,50,14,40,1730,16,0,24,1730,0.4,0.0,1.0,0.0,0.1480761820619756
ni_tfnbs,"e=0.05,h=2.0,n=30,start_thres=1.25",hub,0.25,50,14,40,1730,16,0,24,1730,0.4,0.0,1.0,0.0,0.1480761820619756
ni_tfnbs,"e=0.05,h=3.0,n=30,start_thres=1.25",hub,0.25,50,14,40,1730,16,0,24,1730,0.4,0.0,1.0,0.0,0.1480761820619756
ni_tfnbs,"e=0.05,h=4.0,n=30,start_thres=1.25",hub,0.25,50,14,40,1730,16,0,24,1730,0.4,0.0,1.0,0.0,0.1480761820619756
ni_tfnbs,"e=0.05,h=5.0,n=30,start_thres=1.25",hub,0.25,50,14,40,1730,16,0,24,1730,0.4,0.0,1.0,0.0,0.1480761820619756
ni_tfnbs,"e=0.05,h=6.0,n=30,start_thres=1.25",hub,0.25,50,14,40,1730,16,0,24,1730,0.4,0.0,1.0,0.0,0.1480761820619756
ni_tfnbs,"e=0.05,h=7.0,n=30,start_thres=1.25",hub,0.25,50,14,40,1730,16,0,24,1730,0.4,0.0,1.0,0.0,0.1480761820619756
ni_tfnbs,"e=0.05,h=8.0,n=30,start_thres=1.25",hub,0.25,50,14,40,1730,16,0,24,1730,0.4,0.0,1.0,0.0,0.1480761820619756
ni_tfnbs,"e=0.05,h=9.0,n=30,start_thres=1.25",hub,0.25,50,14,40,1730,16,0,24,1730,0.4,0.0,1.0,0.0,0.1480761820619756
ni_tfnbs,"e=0.05,h=10.0,n=30,start_thres=1.25",hub,0.25,50,14,40,1730,16,0,24,1730,0.4,0.0,1.0,0.0,0.1480761820619756
ni_tfnbs,"e=0.1,h=0.5,n=30,start_thres=1.25",hub,0.25,50,14,40,1730,18,0,22,1730,0.45,0.0,1.0,0.0,0.1480761820619756
ni_tfnbs,"e=0.1,h=1.0,n=30,start_thres=1.25",hub,0.25,50,14,40,1730,16,0,24,1730,0.4,0.0,1.0,0.0,0.1480761820619756
ni_tfnbs,"e=0.1,h=2.0,n=30,start_thres=1.25",hub,0.25,50,14,40,1730,16,0,24,1730,0.4,0.0,1.0,0.0,0.1480761820619756
ni_tfnbs,"e=0.1,h=3.0,n=30,start_thres=1.25",hub,0.25,50,14,40,1730,16,0,24,1730,0.4,0.0,1.0,0.0,0.1480761820619756
ni_tfnbs,"e=0.1,h=4.0,n=30,start_thres=1.25",hub,0.25,50,14,40,1730,16,0,24,1730,0.4,0.0,1.0,0.0,0.1480761820619756
ni_tfnbs,"e=0.1,h=5.0,n=30,start_thres=1.25",hub,0.25,50,14,40,1730,16,0,24,1730,0.4,0.0,1.0,0.0,0.1480761820619756
ni_tfnbs,"e=0.1,h=6.0,n=30,start_thres=1.25",hub,0.25,50,14,40,1730,16,0,24,1730,0.4,0.0,1.0,0.0,0.1480761820619756
ni_tfnbs,"e=0.1,h=7.0,n=30,start_thres=1.25",hub,0.25,50,14,40,1730,16,0,24,1730,0.4,0.0,1.0,0.0,0.1480761820619756
ni_tfnbs,"e=0.1,h=8.0,n=30,start_thres=1.25",hub,0.25,50,14,40,1730,16,0,24,1730,0.4,0.0,1.0,0.0,0.1480761820619756
ni_tfnbs,"e=0.1,h=9.0,n=30,start_thres=1.25",hub,0.25,50,14,40,1730,16,0,24,1730,0.4,0.0,1.0,0.0,0.1480761820619756
ni_tfnbs,"e=0.1,h=10.0,n=30,start_thres=1.25",hub,0.25,50,14,40,1730,16,0,24,1730,0.4,0.0,1.0,0.0,0.1480761820619756
ni_tfnbs,"e=0.2,h=0.5,n=30,start_thres=1.25",hub,0.25,50,14,40,1730,19,0,21,1730,0.475,0.0,1.0,0.0,0.1480761820619756
ni_tfnbs,"e=0.2,h=1.0,n=30,start_thres=1.25",hub,0.25,50,14,40,1730,19,0,21,1730,0.475,0.0,1.0,0.0,0.1480761820619756
ni_tfnbs,"e=0.2,h=2.0,n=30,start_thres=1.25",hub,0.25,50,14,40,1730,19,0,21,1730,0.475,0.0,1.0,0.0,0.1480761820619756
ni_tfnbs,"e=0.2,h=3.0,n=30,start_thres=1.25",hub,0.25,50,14,40,1730,19,0,21,1730,0.475,0.0,1.0,0.0,0.1480761820619756
ni_tfnbs,"e=0.2,h=4.0,n=30,start_thres=1.25",hub,0.25,50,14,40,1730,19,0,21,1730,0.475,0.0,1.0,0.0,0.1480761820619756
ni_tfnbs,"e=0.2,h=5.0,n=30,start_thres=1.25",hub,0.25,50,14,40,1730,16,0,24,1730,0.4,0.0,1.0,0.0,0.1480761820619756
ni_tfnbs,"e=0.2,h=6.0,n=30,start_thres=1.25",hub,0.25,50,14,40,1730,16,0,24,1730,0.4,0.0,1.0,0.0,0.1480761820619756
ni_tfnbs,"e=0.2,h=7.0,n=30,start_thres=1.25",hub,0.25,50,14,40,1730,16,0,24,1730,0.4,0.0,1.0,0.0,0.1480761820619756
ni_tfnbs,"e=0.2,h=8.0,n=30,start_thres=1.25",hub,0.25,50,14,40,1730,16,0,24,1730,0.4,0.0,1.0,0.0,0.1480761820619756
ni_tfnbs,"e=0.2,h=9.0,n=30,start_thres=1.25",hub,0.25,50,14,40,1730,16,0,24,1730,0.4,0.0,1.0,0.0,0.1480761820619756
ni_tfnbs,"e=0.2,h=10.0,n=30,start_thres=1.25",hub,0.25,50,14,40,1730,16,0,24,1730,0.4,0.0,1.0,0.0,0.1480761820619756
ni_tfnbs,"e=0.3,h=0.5,n=30,start_thres=1.25",hub,0.25,50,14,40,1730,20,0,20,1730,0.5,0.0,1.0,0.0,0.1480761820619756
ni_tfnbs,"e=0.3,h=1.0,n=30,start_thres=1.25",hub,0.25,50,14,40,1730,20,0,20,1730,0.5,0.0,1.0,0.0,0.1480761820619756
ni_tfnbs,"e=0.3,h=2.0,n=30,start_thres=1.25",hub,0.25,50,14,40,1730,19,0,21,1730,0.475,0.0,1.0,0.0,0.1480761820619756
ni_tfnbs,"e=0.3,h=3.0,n=30,start_thres=1.25",hub,0.25,50,14,40,1730,19,0,21,1730,0.475,0.0,1.0,0.0,0.1480761820619756
ni_tfnbs,"e=0.3,h=4.0,n=30,start_thres=1.25",hub,0.25,50,14,40,1730,19,0,21,1730,0.475,0.0,1.0,0.0,0.1480761820619756
ni_tfnbs,"e=0.3,h=5.0,n=30,start_thres=1.25",hub,0.25,50,14,40,1730,19,0,21,1730,0.475,0.0,1.0,0.0,0.1480761820619756
ni_tfnbs,"e=0.3,h=6.0,n=30,start_thres=1.25",hub,0.25,50,14,40,1730,19,0,21,1730,0.475,0.0,1.0,0.0,0.1480761820619756
ni_tfnbs,"e=0.3,h=7.0,n=30,start_thres=1.25",hub,0.25,50,14,40,1730,19,0,21,1730,0.475,0.0,1.0,0.0,0.1480761820619756
ni_tfnbs,"e=0.3,h=8.0,n=30,start_thres=1.25",hub,0.25,50,14,40,1730,18,0,22,1730,0.45,0.0,1.0,0.0,0.1480761820619756
ni_tfnbs,"e=0.3,h=9.0,n=30,start_thres=1.25",hub,0.25,50,14,40,1730,16,0,24,1730,0.4,0.0,1.0,0.0,0.1480761820619756
ni_tfnbs,"e=0.3,h=10.0,n=30,start_thres=1.25",hub,0.25,50,14,40,1730,16,0,24,1730,0.4,0.0,1.0,0.0,0.1480761820619756
ni_tfnbs,"e=0.4,h=0.5,n=30,start_thres=1.25",hub,0.25,50,14,40,1730,21,0,19,1730,0.525,0.0,1.0,0.0,0.1480761820619756
ni_tfnbs,"e=0.4,h=1.0,n=30,start_thres=1.25",hub,0.25,50,14,40,1730,21,0,19,1730,0.525,0.0,1.0,0.0,0.1480761820619756
ni_tfnbs,"e=0.4,h=2.0,n=30,start_thres=1.25",hub,0.25,50,14,40,1730,20,0,20,1730,0.5,0.0,1.0,0.0,0.1480761820619756
ni_tfnbs,"e=0.4,h=3.0,n=30,start_thres=1.25",hub,0.25,50,14,40,1730,20,0,20,1730,0.5,0.0,1.0,0.0,0.1480761820619756
ni_tfnbs,"e=0.4,h=4.0,n=30,start_thres=1.25",hub,0.25,50,14,40,1730,19,0,21,1730,0.475,0.0,1.0,0.0,0.1480761820619756
ni_tfnbs,"e=0.4,h=5.0,n=30,start_thres=1.25",hub,0.25,50,14,40,1730,19,0,21,1730,0.475,0.0,1.0,0.0,0.1480761820619756
ni_tfnbs,"e=0.4,h=6.0,n=30,start_thres=1.25",hub,0.25,50,14,40,1730,19,0,21,1730,0.475,0.0,1.0,0.0,0.1480761820619756
ni_tfnbs,"e=0.4,h=7.0,n=30,start_thres=1.25",hub,0.25,50,14,40,1730,19,0,21,1730,0.475,0.0,1.0,0.0,0.1480761820619756
ni_tfnbs,"e=0.4,h=8.0,n=30,start_thres=1.25",hub,0.25,50,14,40,1730,19,0,21,1730,0.475,0.0,1.0,0.0,0.1480761820619756
ni_tfnbs,"e=0.4,h=9.0,n=30,start_thres=1.25",hub,0.25,50,14,40,1730,19,0,21,1730,0.475,0.0,1.0,0.0,0.1480761820619756
ni_tfnbs,"e=0.4,h=10.0,n=30,start_thres=1.25",hub,0.25,50,14,40,1730,19,0,21,1730,0.475,0.0,1.0,0.0,0.1480761820619756
ni_tfnbs,"e=0.5,h=0.5,n=30,start_thres=1.25",hub,0.25,50,14,40,1730,22,0,18,1730,0.55,0.0,1.0,0.0,0.1480761820619756
ni_tfnbs,"e=0.5,h=1.0,n=30,start_thres=1.25",hub,0.25,50,14,40,1730,22,0,18,1730,0.55,0.0,1.0,0.0,0.1480761820619756
ni_tfnbs,"e=0.5,h=2.0,n=30,start_thres=1.25",hub,0.25,50,14,40,1730,21,0,19,1730,0.525,0.0,1.0,0.0,0.1480761820619756
ni_tfnbs,"e=0.5,h=3.0,n=30,start_thres=1.25",hub,0.25,50,14,40,1730,20,0,20,1730,0.5,0.0,1.0,0.0,0.1480761820619756
ni_tfnbs,"e=0.5,h=4.0,n=30,start_thres=1.25",hub,0.25,50,14,40,1730,20,0,20,1730,0.5,0.0,1.0,0.0,0.1480761820619756
ni_tfnbs,"e=0.5,h=5.0,n=30,start_thres=1.25",hub,0.25,50,14,40,1730,20,0,20,1730,0.5,0.0,1.0,0.0,0.1480761820619756
ni_tfnbs,"e=0.5,h=6.0,n=30,start_thres=1.25",hub,0.25,50,14,40,1730,19,0,21,1730,0.475,0.0,1.0,0.0,0.1480761820619756
ni_tfnbs,"e=0.5,h=7.0,n=30,start_thres=1.25",hub,0.25,50,14,40,1730,19,0,21,1730,0.475,0.0,1.0,0.0,0.1480761820619756
ni_tfnbs,"e=0.5,h=8.0,n=30,start_thres=1.25",hub,0.25,50,14,40,1730,19,0,21,1730,0.475,0.0,1.0,0.0,0.1480761820619756
ni_tfnbs,"e=0.5,h=9.0,n=30,start_thres=1.25",hub,0.25,50,14,40,1730,19,0,21,1730,0.475,0.0,1.0,0.0,0.1480761820619756
ni_tfnbs,"e=0.5,h=10.0,n=30,start_thres=1.25",hub,0.25,50,14,40,1730,19,0,21,1730,0.475,0.0,1.0,0.0,0.1480761820619756
ni_tfnbs,"e=0.6,h=0.5,n=30,start_thres=1.25",hub,0.25,50,14,40,1730,22,0,18,1730,0.55,0.0,1.0,0.0,0.1480761820619756
ni_tfnbs,"e=0.6,h=1.0,n=30,start_thres=1.25",hub,0.25,50,14,40,1730,22,0,18,1730,0.55,0.0,1.0,0.0,0.1480761820619756
ni_tfnbs,"e=0.6,h=2.0,n=30,start_thres=1.25",hub,0.25,50,14,40,1730,22,0,18,1730,0.55,0.0,1.0,0.0,0.1480761820619756
ni_tfnbs,"e=0.6,h=3.0,n=30,start_thres=1.25",hub,0.25,50,14,40,1730,22,0,18,1730,0.55,0.0,1.0,0.0,0.1480761820619756
ni_tfnbs,"e=0.6,h=4.0,n=30,start_thres=1.25",hub,0.25,50,14,40,1730,20,0,20,1730,0.5,0.0,1.0,0.0,0.1480761820619756
ni_tfnbs,"e=0.6,h=5.0,n=30,start_thres=1.25",hub,0.25,50,14,40,1730,20,0,20,1730,0.5,0.0,1.0,0.0,0.1480761820619756
ni_tfnbs,"e=0.6,h=6.0,n=30,start_thres=1.25",hub,0.25,50,14,40,1730,20,0,20,1730,0.5,0.0,1.0,0.0,0.1480761820619756
ni_tfnbs,"e=0.6,h=7.0,n=30,start_thres=1.25",hub,0.25,50,14,40,1730,19,0,21,1730,0.475,0.0,1.0,0.0,0.1480761820619756
ni_tfnbs,"e=0.6,h=8.0,n=30,start_thres=1.25",hub,0.25,50,14,40,1730,19,0,21,1730,0.475,0.0,1.0,0.0,0.1480761820619756
ni_tfnbs,"e=0.6,h=9.0,n=30,start_thres=1.25",hub,0.25,50,14,40,1730,19,0,21,1730,0.475,0.0,1.0,0.0,0.1480761820619756
ni_tfnbs,"e=0.6,h=10.0,n=30,start_thres=1.25",hub,0.25,50,14,40,1730,19,0,21,1730,0.475,0.0,1.0,0.0,0.1480761820619756
ni_tfnbs,"e=0.7,h=0.5,n=30,start_thres=1.25",hub,0.25,50,14,40,1730,22,0,18,1730,0.55,0.0,1.0,0.0,0.1480761820619756
ni_tfnbs,"e=0.7,h=1.0,n=30,start_thres=1.25",hub,0.25,50,14,40,1730,22,0,18,1730,0.55,0.0,1.0,0.0,0.1480761820619756
ni_tfnbs,"e=0.7,h=2.0,n=30,start_thres=1.25",hub,0.25,50,14,40,1730,22,0,18,1730,0.55,0.0,1.0,0.0,0.1480761820619756
ni_tfnbs,"e=0.7,h=3.0,n=30,start_thres=1.25",hub,0.25,50,14,40,1730,22,0,18,1730,0.55,0.0,1.0,0.0,0.1480761820619756
ni_tfnbs,"e=0.7,h=4.0,n=30,start_thres=1.25",hub,0.25,50,14,40,1730,22,0,18,1730,0.55,0.0,1.0,0.0,0.1480761820619756
ni_tfnbs,"e=0.7,h=5.0,n=30,start_thres=1.25",hub,0.25,50,14,40,1730,20,0,20,1730,0.5,0.0,1.0,0.0,0.1480761820619756
ni_tfnbs,"e=0.7,h=6.0,n=30,start_thres=1.25",hub,0.25,50,14,40,1730,20,0,20,1730,0.5,0.0,1.0,0.0,0.1480761820619756
ni_tfnbs,"e=0.7,h=7.0,n=30,start_thres=1.25",hub,0.25,50,14,40,1730,20,0,20,1730,0.5,0.0,1.0,0.0,0.1480761820619756
ni_tfnbs,"e=0.7,h=8.0,n=30,start_thres=1.25",hub,0.25,50,14,40,1730,20,0,20,1730,0.5,0.0,1.0,0.0,0.1480761820619756
ni_tfnbs,"e=0.7,h=9.0,n=30,start_thres=1.25",hub,0.25,50,14,40,1730,19,0,21,1730,0.475,0.0,1.0,0.0,0.1480761820619756
ni_tfnbs,"e=0.7,h=10.0,n=30,start_thres=1.25",hub,0.25,50,14,40,1730,19,0,21,1730,0.475,0.0,1.0,0.0,0.1480761820619756
ni_tfnbs,"e=0.8,h=0.5,n=30,start_thres=1.25",hub,0.25,50,14,40,1730,21,0,19,1730,0.525,0.0,1.0,0.0,0.1480761820619756
ni_tfnbs,"e=0.8,h=1.0,n=30,start_thres=1.25",hub,0.25,50,14,40,1730,22,0,18,1730,0.55,0.0,1.0,0.0,0.1480761820619756
ni_tfnbs,"e=0.8,h=2.0,n=30,start_thres=1.25",hub,0.25,50,14,40,1730,22,0,18,1730,0.55,0.0,1.0,0.0,0.1480761820619756
ni_tfnbs,"e=0.8,h=3.0,n=30,start_thres=1.25",hub,0.25,50,14,40,1730,22,0,18,1730,0.55,0.0,1.0,0.0,0.1480761820619756
ni_tfnbs,"e=0.8,h=4.0,n=30,start_thres=1.25",hub,0.25,50,14,40,1730,22,0,18,1730,0.55,0.0,1.0,0.0,0.1480761820619756
ni_tfnbs,"e=0.8,h=5.0,n=30,start_thres=1.25",hub,0.25,50,14,40,1730,22,0,18,1730,0.55,0.0,1.0,0.0,0.1480761820619756
ni_tfnbs,"e=0.8,h=6.0,n=30,start_thres=1.25",hub,0.25,50,14,40,1730,20,0,20,1730,0.5,0.0,1.0,0.0,0.1480761820619756
ni_tfnbs,"e=0.8,h=7.0,n=30,start_thres=1.25",hub,0.25,50,14,40,1730,20,0,20,1730,0.5,0.0,1.0,0.0,0.1480761820619756
ni_tfnbs,"e=0.8,h=8.0,n=30,start_thres=1.25",hub,0.25,50,14,40,1730,20,0,20,1730,0.5,0.0,1.0,0.0,0.1480761820619756
ni_tfnbs,"e=0.8,h=9.0,n=30,start_thres=1.25",hub,0.25,50,14,40,1730,20,0,20,1730,0.5,0.0,1.0,0.0,0.1480761820619756
ni_tfnbs,"e=0.8,h=10.0,n=30,start_thres=1.25",hub,0.25,50,14,40,1730,19,0,21,1730,0.475,0.0,1.0,0.0,0.1480761820619756
ni_tfnbs,"e=0.9,h=0.5,n=30,start_thres=1.25",hub,0.25,50,14,40,1730,21,0,19,1730,0.525,0.0,1.0,0.0,0.1480761820619756
ni_tfnbs,"e=0.9,h=1.0,n=30,start_thres=1.25",hub,0.25,50,14,40,1730,24,0,16,1730,0.6,0.0,1.0,0.0,0.1480761820619756
ni_tfnbs,"e=0.9,h=2.0,n=30,start_thres=1.25",hub,0.25,50,14,40,1730,25,0,15,1730,0.625,0.0,1.0,0.0,0.1480761820619756
ni_tfnbs,"e=0.9,h=3.0,n=30,start_thres=1.25",hub,0.25,50,14,40,1730,22,0,18,1730,0.55,0.0,1.0,0.0,0.1480761820619756
ni_tfnbs,"e=0.9,h=4.0,n=30,start_thres=1.25",hub,0.25,50,14,40,1730,22,0,18,1730,0.55,0.0,1.0,0.0,0.1480761820619756
ni_tfnbs,"e=0.9,h=5.0,n=30,start_thres=1.25",hub,0.25,50,14,40,1730,22,0,18,1730,0.55,0.0,1.0,0.0,0.1480761820619756
ni_tfnbs,"e=0.9,h=6.0,n=30,start_thres=1.25",hub,0.25,50,14,40,1730,22,0,18,1730,0.55,0.0,1.0,0.0,0.1480761820619756
ni_tfnbs,"e=0.9,h=7.0,n=30,start_thres=1.25",hub,0.25,50,14,40,1730,20,0,20,1730,0.5,0.0,1.0,0.0,0.1480761820619756
ni_tfnbs,"e=0.9,h=8.0,n=30,start_thres=1.25",hub,0.25,50,14,40,1730,20,0,20,1730,0.5,0.0,1.0,0.0,0.1480761820619756
ni_tfnbs,"e=0.9,h=9.0,n=30,start_thres=1.25",hub,0.25,50,14,40,1730,20,0,20,1730,0.5,0.0,1.0,0.0,0.1480761820619756
ni_tfnbs,"e=0.9,h=10.0,n=30,start_thres=1.25",hub,0.25,50,14,40,1730,20,0,20,1730,0.5,0.0,1.0,0.0,0.1480761820619756
ni_tfnbs,"e=1.0,h=0.5,n=30,start_thres=1.25",hub,0.25,50,14,40,1730,24,0,16,1730,0.6,0.0,1.0,0.0,0.1480761820619756
ni_tfnbs,"e=1.0,h=1.0,n=30,start_thres=1.25",hub,0.25,50,14,40,1730,24,0,16,1730,0.6,0.0,1.0,0.0,0.1480761820619756
ni_tfnbs,"e=1.0,h=2.0,n=30,start_thres=1.25",hub,0.25,50,14,40,1730,25,0,15,1730,0.625,0.0,1.0,0.0,0.1480761820619756
ni_tfnbs,"e=1.0,h=3.0,n=30,start_thres=1.25",hub,0.25,50,14,40,1730,25,0,15,1730,0.625,0.0,1.0,0.0,0.1480761820619756
ni_tfnbs,"e=1.0,h=4.0,n=30,start_thres=1.25",hub,0.25,50,14,40,1730,22,0,18,1730,0.55,0.0,1.0,0.0,0.1480761820619756
ni_tfnbs,"e=1.0,h=5.0,n=30,start_thres=1.25",hub,0.25,50,14,40,1730,22,0,18,1730,0.55,0.0,1.0,0.0,0.1480761820619756
ni_tfnbs,"e=1.0,h=6.0,n=30,start_thres=1.25",hub,0.25,50,14,40,1730,22,0,18,1730,0.55,0.0,1.0,0.0,0.1480761820619756
ni_tfnbs,"e=1.0,h=7.0,n=30,start_thres=1.25",hub,0.25,50,14,40,1730,22,0,18,1730,0.55,0.0,1.0,0.0,0.1480761820619756
ni_tfnbs,"e=1.0,h=8.0,n=30,start_thres=1.25",hub,0.25,50,14,40,1730,20,0,20,1730,0.5,0.0,1.0,0.0,0.1480761820619756
ni_tfnbs,"e=1.0,h=9.0,n=30,start_thres=1.25",hub,0.25,50,14,40,1730,20,0,20,1730,0.5,0.0,1.0,0.0,0.1480761820619756
ni_tfnbs,"e=1.0,h=10.0,n=30,start_thres=1.25",hub,0.25,50,14,40,1730,20,0,20,1730,0.5,0.0,1.0,0.0,0.1480761820619756
ni_tfnbs,"e=1.1,h=0.5,n=30,start_thres=1.25",hub,0.25,50,14,40,1730,24,0,16,1730,0.6,0.0,1.0,0.0,0.1480761820619756
ni_tfnbs,"e=1.1,h=1.0,n=30,start_thres=1.25",hub,0.25,50,14,40,1730,24,0,16,1730,0.6,0.0,1.0,0.0,0.1480761820619756
ni_tfnbs,"e=1.1,h=2.0,n=30,start_thres=1.25",hub,0.25,50,14,40,1730,24,0,16,1730,0.6,0.0,1.0,0.0,0.1480761820619756
ni_tfnbs,"e=1.1,h=3.0,n=30,start_thres=1.25",hub,0.25,50,14,40,1730,25,0,15,1730,0.625,0.0,1.0,0.0,0.1480761820619756
ni_tfnbs,"e=1.1,h=4.0,n=30,start_thres=1.25",hub,0.25,50,14,40,1730,22,0,18,1730,0.55,0.0,1.0,0.0,0.1480761820619756
ni_tfnbs,"e=1.1,h=5.0,n=30,start_thres=1.25",hub,0.25,50,14,40,1730,22,0,18,1730,0.55,0.0,1.0,0.0,0.1480761820619756
ni_tfnbs,"e=1.1,h=6.0,n=30,start_thres=1.25",hub,0.25,50,14,40,1730,22,0,18,1730,0.55,0.0,1.0,0.0,0.1480761820619756
ni_tfnbs,"e=1.1,h=7.0,n=30,start_thres=1.25",hub,0.25,50,14,40,1730,22,0,18,1730,0.55,0.0,1.0,0.0,0.1480761820619756
ni_tfnbs,"e=1.1,h=8.0,n=30,start_thres=1.25",hub,0.25,50,14,40,1730,22,0,18,1730,0.55,0.0,1.0,0.0,0.1480761820619756
ni_tfnbs,"e=1.1,h=9.0,n=30,start_thres=1.25",hub,0.25,50,14,40,1730,20,0,20,1730,0.5,0.0,1.0,0.0,0.1480761820619756
ni_tfnbs,"e=1.1,h=10.0,n=30,start_thres=1.25",hub,0.25,50,14,40,1730,20,0,20,1730,0.5,0.0,1.0,0.0,0.1480761820619756
ni_tfnbs,"e=1.2,h=0.5,n=30,start_thres=1.25",hub,0.25,50,14,40,1730,24,0,16,1730,0.6,0.0,1.0,0.0,0.1480761820619756
ni_tfnbs,"e=1.2,h=1.0,n=30,start_thres=1.25",hub,0.25,50,14,40,1730,24,0,16,1730,0.6,0.0,1.0,0.0,0.1480761820619756
ni_tfnbs,"e=1.2,h=2.0,n=30,start_thres=1.25",hub,0.25,50,14,40,1730,24,0,16,1730,0.6,0.0,1.0,0.0,0.1480761820619756
ni_tfnbs,"e=1.2,h=3.0,n=30,start_thres=1.25",hub,0.25,50,14,40,1730,25,0,15,1730,0.625,0.0,1.0,0.0,0.1480761820619756
ni_tfnbs,"e=1.2,h=4.0,n=30,start_thres=1.25",hub,0.25,50,14,40,1730,25,0,15,1730,0.625,0.0,1.0,0.0,0.1480761820619756
ni_tfnbs,"e=1.2,h=5.0,n=30,start_thres=1.25",hub,0.25,50,14,40,1730,22,0,18,1730,0.55,0.0,1.0,0.0,0.1480761820619756
ni_tfnbs,"e=1.2,h=6.0,n=30,start_thres=1.25",hub,0.25,50,14,40,1730,22,0,18,1730,0.55,0.0,1.0,0.0,0.1480761820619756
ni_tfnbs,"e=1.2,h=7.0,n=30,start_thres=1.25",hub,0.25,50,14,40,1730,22,0,18,1730,0.55,0.0,1.0,0.0,0.1480761820619756
ni_tfnbs,"e=1.2,h=8.0,n=30,start_thres=1.25",hub,0.25,50,14,40,1730,22,0,18,1730,0.55,0.0,1.0,0.0,0.1480761820619756
ni_tfnbs,"e=1.2,h=9.0,n=30,start_thres=1.25",hub,0.25,50,14,40,1730,22,0,18,1730,0.55,0.0,1.0,0.0,0.1480761820619756
ni_tfnbs,"e=1.2,h=10.0,n=30,start_thres=1.25",hub,0.25,50,14,40,1730,20,0,20,1730,0.5,0.0,1.0,0.0,0.1480761820619756
ni_tfnbs,"e=1.3,h=0.5,n=30,start_thres=1.25",hub,0.25,50,14,40,1730,25,0,15,1730,0.625,0.0,1.0,0.0,0.1480761820619756
ni_tfnbs,"e=1.3,h=1.0,n=30,start_thres=1.25",hub,0.25,50,14,40,1730,24,0,16,1730,0.6,0.0,1.0,0.0,0.1480761820619756
ni_tfnbs,"e=1.3,h=2.0,n=30,start_thres=1.25",hub,0.25,50,14,40,1730,24,0,16,1730,0.6,0.0,1.0,0.0,0.1480761820619756
ni_tfnbs,"e=1.3,h=3.0,n=30,start_thres=1.25",hub,0.25,50,14,40,1730,24,0,16,1730,0.6,0.0,1.0,0.0,0.1480761820619756
ni_tfnbs,"e=1.3,h=4.0,n=30,start_thres=1.25",hub,0.25,50,14,40,1730,25,0,15,1730,0.625,0.0,1.0,0.0,0.1480761820619756
ni_tfnbs,"e=1.3,h=5.0,n=30,start_thres=1.25",hub,0.25,50,14,40,1730,25,0,15,1730,0.625,0.0,1.0,0.0,0.1480761820619756
ni_tfnbs,"e=1.3,h=6.0,n=30,start_thres=1.25",hub,0.25,50,14,40,1730,22,0,18,1730,0.55,0.0,1.0,0.0,0.1480761820619756
ni_tfnbs,"e=1.3,h=7.0,n=30,start_thres=1.25",hub,0.25,50,14,40,1730,22,0,18,1730,0.55,0.0,1.0,0.0,0.1480761820619756
ni_tfnbs,"e=1.3,h=8.0,n=30,start_thres=1.25",hub,0.25,50,14,40,1730,22,0,18,1730,0.55,0.0,1.0,0.0,0.1480761820619756
ni_tfnbs,"e=1.3,h=9.0,n=30,start_thres=1.25",hub,0.25,50,14,40,1730,22,0,18,1730,0.55,0.0,1.0,0.0,0.1480761820619756
ni_tfnbs,"e=1.3,h=10.0,n=30,start_thres=1.25",hub,0.25,50,14,40,1730,22,0,18,1730,0.55,0.0,1.0,0.0,0.1480761820619756
ni_tfnbs,"e=1.4,h=0.5,n=30,start_thres=1.25",hub,0.25,50,14,40,1730,26,1,14,1729,0.65,0.0005780346820809,0.9629629629629628,0.037037037037037,0.1480761820619756
ni_tfnbs,"e=1.4,h=1.0,n=30,start_thres=1.25",hub,0.25,50,14,40,1730,25,0,15,1730,0.625,0.0,1.0,0.0,0.1480761820619756
ni_tfnbs,"e=1.4,h=2.0,n=30,start_thres=1.25",hub,0.25,50,14,40,1730,24,0,16,1730,0.6,0.0,1.0,0.0,0.1480761820619756
ni_tfnbs,"e=1.4,h=3.0,n=30,start_thres=1.25",hub,0.25,50,14,40,1730,24,0,16,1730,0.6,0.0,1.0,0.0,0.1480761820619756
ni_tfnbs,"e=1.4,h=4.0,n=30,start_thres=1.25",hub,0.25,50,14,40,1730,25,0,15,1730,0.625,0.0,1.0,0.0,0.1480761820619756
ni_tfnbs,"e=1.4,h=5.0,n=30,start_thres=1.25",hub,0.25,50,14,40,1730,25,0,15,1730,0.625,0.0,1.0,0.0,0.1480761820619756
ni_tfnbs,"e=1.4,h=6.0,n=30,start_thres=1.25",hub,0.25,50,14,40,1730,25,0,15,1730,0.625,0.0,1.0,0.0,0.1480761820619756
ni_tfnbs,"e=1.4,h=7.0,n=30,start_thres=1.25",hub,0.25,50,14,40,1730,22,0,18,1730,0.55,0.0,1.0,0.0,0.1480761820619756
ni_tfnbs,"e=1.4,h=8.0,n=30,start_thres=1.25",hub,0.25,50,14,40,1730,22,0,18,1730,0.55,0.0,1.0,0.0,0.1480761820619756
ni_tfnbs,"e=1.4,h=9.0,n=30,start_thres=1.25",hub,0.25,50,14,40,1730,22,0,18,1730,0.55,0.0,1.0,0.0,0.1480761820619756
ni_tfnbs,"e=1.4,h=10.0,n=30,start_thres=1.25",hub,0.25,50,14,40,1730,22,0,18,1730,0.55,0.0,1.0,0.0,0.1480761820619756
ni_tfnbs,"e=1.5,h=0.5,n=30,start_thres=1.25",hub,0.25,50,14,40,1730,26,1,14,1729,0.65,0.0005780346820809,0.9629629629629628,0.037037037037037,0.1480761820619756
ni_tfnbs,"e=1.5,h=1.0,n=30,start_thres=1.25",hub,0.25,50,14,40,1730,26,1,14,1729,0.65,0.0005780346820809,0.9629629629629628,0.037037037037037,0.1480761820619756
ni_tfnbs,"e=1.5,h=2.0,n=30,start_thres=1.25",hub,0.25,50,14,40,1730,25,0,15,1730,0.625,0.0,1.0,0.0,0.1480761820619756
ni_tfnbs,"e=1.5,h=3.0,n=30,start_thres=1.25",hub,0.25,50,14,40,1730,24,0,16,1730,0.6,0.0,1.0,0.0,0.1480761820619756
ni_tfnbs,"e=1.5,h=4.0,n=30,start_thres=1.25",hub,0.25,50,14,40,1730,24,0,16,1730,0.6,0.0,1.0,0.0,0.1480761820619756
ni_tfnbs,"e=1.5,h=5.0,n=30,start_thres=1.25",hub,0.25,50,14,40,1730,25,0,15,1730,0.625,0.0,1.0,0.0,0.1480761820619756
ni_tfnbs,"e=1.5,h=6.0,n=30,start_thres=1.25",hub,0.25,50,14,40,1730,25,0,15,1730,0.625,0.0,1.0,0.0,0.1480761820619756
ni_tfnbs,"e=1.5,h=7.0,n=30,start_thres=1.25",hub,0.25,50,14,40,1730,25,0,15,1730,0.625,0.0,1.0,0.0,0.1480761820619756
ni_tfnbs,"e=1.5,h=8.0,n=30,start_thres=1.25",hub,0.25,50,14,40,1730,22,0,18,1730,0.55,0.0,1.0,0.0,0.1480761820619756
ni_tfnbs,"e=1.5,h=9.0,n=30,start_thres=1.25",hub,0.25,50,14,40,1730,22,0,18,1730,0.55,0.0,1.0,0.0,0.1480761820619756
ni_tfnbs,"e=1.5,h=10.0,n=30,start_thres=1.25",hub,0.25,50,14,40,1730,22,0,18,1730,0.55,0.0,1.0,0.0,0.1480761820619756
ni_tfnbs,"e=0.05,h=0.5,n=30,start_thres=1.25",hub,0.25,50,15,40,1730,8,1,32,1729,0.2,0.0005780346820809,0.8888888888888888,0.1111111111111111,0.1442816054279154
ni_tfnbs,"e=0.05,h=1.0,n=30,start_thres=1.25",hub,0.25,50,15,40,1730,8,1,32,1729,0.2,0.0005780346820809,0.8888888888888888,0.1111111111111111,0.1442816054279154
ni_tfnbs,"e=0.05,h=2.0,n=30,start_thres=1.25",hub,0.25,50,15,40,1730,8,1,32,1729,0.2,0.0005780346820809,0.8888888888888888,0.1111111111111111,0.1442816054279154
ni_tfnbs,"e=0.05,h=3.0,n=30,start_thres=1.25",hub,0.25,50,15,40,1730,8,1,32,1729,0.2,0.0005780346820809,0.8888888888888888,0.1111111111111111,0.1442816054279154
ni_tfnbs,"e=0.05,h=4.0,n=30,start_thres=1.25",hub,0.25,50,15,40,1730,8,1,32,1729,0.2,0.0005780346820809,0.8888888888888888,0.1111111111111111,0.1442816054279154
ni_tfnbs,"e=0.05,h=5.0,n=30,start_thres=1.25",hub,0.25,50,15,40,1730,8,1,32,1729,0.2,0.0005780346820809,0.8888888888888888,0.1111111111111111,0.1442816054279154
ni_tfnbs,"e=0.05,h=6.0,n=30,start_thres=1.25",hub,0.25,50,15,40,1730,8,1,32,1729,0.2,0.0005780346820809,0.8888888888888888,0.1111111111111111,0.1442816054279154
ni_tfnbs,"e=0.05,h=7.0,n=30,start_thres=1.25",hub,0.25,50,15,40,1730,8,1,32,1729,0.2,0.0005780346820809,0.8888888888888888,0.1111111111111111,0.1442816054279154
ni_tfnbs,"e=0.05,h=8.0,n=30,start_thres=1.25",hub,0.25,50,15,40,1730,8,0,32,1730,0.2,0.0,1.0,0.0,0.1442816054279154
ni_tfnbs,"e=0.05,h=9.0,n=30,start_thres=1.25",hub,0.25,50,15,40,1730,8,0,32,1730,0.2,0.0,1.0,0.0,0.1442816054279154
ni_tfnbs,"e=0.05,h=10.0,n=30,start_thres=1.25",hub,0.25,50,15,40,1730,8,0,32,1730,0.2,0.0,1.0,0.0,0.1442816054279154
ni_tfnbs,"e=0.1,h=0.5,n=30,start_thres=1.25",hub,0.25,50,15,40,1730,9,1,31,1729,0.225,0.0005780346820809,0.9,0.1,0.1442816054279154
ni_tfnbs,"e=0.1,h=1.0,n=30,start_thres=1.25",hub,0.25,50,15,40,1730,9,1,31,1729,0.225,0.0005780346820809,0.9,0.1,0.1442816054279154
ni_tfnbs,"e=0.1,h=2.0,n=30,start_thres=1.25",hub,0.25,50,15,40,1730,9,1,31,1729,0.225,0.0005780346820809,0.9,0.1,0.1442816054279154
ni_tfnbs,"e=0.1,h=3.0,n=30,start_thres=1.25",hub,0.25,50,15,40,1730,9,1,31,1729,0.225,0.0005780346820809,0.9,0.1,0.1442816054279154
ni_tfnbs,"e=0.1,h=4.0,n=30,start_thres=1.25",hub,0.25,50,15,40,1730,8,1,32,1729,0.2,0.0005780346820809,0.8888888888888888,0.1111111111111111,0.1442816054279154
ni_tfnbs,"e=0.1,h=5.0,n=30,start_thres=1.25",hub,0.25,50,15,40,1730,8,1,32,1729,0.2,0.0005780346820809,0.8888888888888888,0.1111111111111111,0.1442816054279154
ni_tfnbs,"e=0.1,h=6.0,n=30,start_thres=1.25",hub,0.25,50,15,40,1730,8,1,32,1729,0.2,0.0005780346820809,0.8888888888888888,0.1111111111111111,0.1442816054279154
ni_tfnbs,"e=0.1,h=7.0,n=30,start_thres=1.25",hub,0.25,50,15,40,1730,8,1,32,1729,0.2,0.0005780346820809,0.8888888888888888,0.1111111111111111,0.1442816054279154
ni_tfnbs,"e=0.1,h=8.0,n=30,start_thres=1.25",hub,0.25,50,15,40,1730,8,1,32,1729,0.2,0.0005780346820809,0.8888888888888888,0.1111111111111111,0.1442816054279154
ni_tfnbs,"e=0.1,h=9.0,n=30,start_thres=1.25",hub,0.25,50,15,40,1730,8,1,32,1729,0.2,0.0005780346820809,0.8888888888888888,0.1111111111111111,0.1442816054279154
ni_tfnbs,"e=0.1,h=10.0,n=30,start_thres=1.25",hub,0.25,50,15,40,1730,8,1,32,1729,0.2,0.0005780346820809,0.8888888888888888,0.1111111111111111,0.1442816054279154
ni_tfnbs,"e=0.2,h=0.5,n=30,start_thres=1.25",hub,0.25,50,15,40,1730,12,1,28,1729,0.3,0.0005780346820809,0.9230769230769232,0.0769230769230769,0.1442816054279154
ni_tfnbs,"e=0.2,h=1.0,n=30,start_thres=1.25",hub,0.25,50,15,40,1730,12,1,28,1729,0.3,0.0005780346820809,0.9230769230769232,0.0769230769230769,0.1442816054279154
ni_tfnbs,"e=0.2,h=2.0,n=30,start_thres=1.25",hub,0.25,50,15,40,1730,11,1,29,1729,0.275,0.0005780346820809,0.9166666666666666,0.0833333333333333,0.1442816054279154
ni_tfnbs,"e=0.2,h=3.0,n=30,start_thres=1.25",hub,0.25,50,15,40,1730,11,1,29,1729,0.275,0.0005780346820809,0.9166666666666666,0.0833333333333333,0.1442816054279154
ni_tfnbs,"e=0.2,h=4.0,n=30,start_thres=1.25",hub,0.25,50,15,40,1730,8,1,32,1729,0.2,0.0005780346820809,0.8888888888888888,0.1111111111111111,0.1442816054279154
ni_tfnbs,"e=0.2,h=5.0,n=30,start_thres=1.25",hub,0.25,50,15,40,1730,8,1,32,1729,0.2,0.0005780346820809,0.8888888888888888,0.1111111111111111,0.1442816054279154
ni_tfnbs,"e=0.2,h=6.0,n=30,start_thres=1.25",hub,0.25,50,15,40,1730,8,1,32,1729,0.2,0.0005780346820809,0.8888888888888888,0.1111111111111111,0.1442816054279154
ni_tfnbs,"e=0.2,h=7.0,n=30,start_thres=1.25",hub,0.25,50,15,40,1730,8,1,32,1729,0.2,0.0005780346820809,0.8888888888888888,0.1111111111111111,0.1442816054279154
ni_tfnbs,"e=0.2,h=8.0,n=30,start_thres=1.25",hub,0.25,50,15,40,1730,8,1,32,1729,0.2,0.0005780346820809,0.8888888888888888,0.1111111111111111,0.1442816054279154
ni_tfnbs,"e=0.2,h=9.0,n=30,start_thres=1.25",hub,0.25,50,15,40,1730,8,1,32,1729,0.2,0.0005780346820809,0.8888888888888888,0.1111111111111111,0.1442816054279154
ni_tfnbs,"e=0.2,h=10.0,n=30,start_thres=1.25",hub,0.25,50,15,40,1730,8,1,32,1729,0.2,0.0005780346820809,0.8888888888888888,0.1111111111111111,0.1442816054279154
ni_tfnbs,"e=0.3,h=0.5,n=30,start_thres=1.25",hub,0.25,50,15,40,1730,14,2,26,1728,0.35,0.0011560693641618,0.875,0.125,0.1442816054279154
ni_tfnbs,"e=0.3,h=1.0,n=30,start_thres=1.25",hub,0.25,50,15,40,1730,14,2,26,1728,0.35,0.0011560693641618,0.875,0.125,0.1442816054279154
ni_tfnbs,"e=0.3,h=2.0,n=30,start_thres=1.25",hub,0.25,50,15,40,1730,14,2,26,1728,0.35,0.0011560693641618,0.875,0.125,0.1442816054279154
ni_tfnbs,"e=0.3,h=3.0,n=30,start_thres=1.25",hub,0.25,50,15,40,1730,12,1,28,1729,0.3,0.0005780346820809,0.9230769230769232,0.0769230769230769,0.1442816054279154
ni_tfnbs,"e=0.3,h=4.0,n=30,start_thres=1.25",hub,0.25,50,15,40,1730,11,1,29,1729,0.275,0.0005780346820809,0.9166666666666666,0.0833333333333333,0.1442816054279154
ni_tfnbs,"e=0.3,h=5.0,n=30,start_thres=1.25",hub,0.25,50,15,40,1730,11,1,29,1729,0.275,0.0005780346820809,0.9166666666666666,0.0833333333333333,0.1442816054279154
ni_tfnbs,"e=0.3,h=6.0,n=30,start_thres=1.25",hub,0.25,50,15,40,1730,8,1,32,1729,0.2,0.0005780346820809,0.8888888888888888,0.1111111111111111,0.1442816054279154
ni_tfnbs,"e=0.3,h=7.0,n=30,start_thres=1.25",hub,0.25,50,15,40,1730,8,1,32,1729,0.2,0.0005780346820809,0.8888888888888888,0.1111111111111111,0.1442816054279154
ni_tfnbs,"e=0.3,h=8.0,n=30,start_thres=1.25",hub,0.25,50,15,40,1730,8,1,32,1729,0.2,0.0005780346820809,0.8888888888888888,0.1111111111111111,0.1442816054279154
ni_tfnbs,"e=0.3,h=9.0,n=30,start_thres=1.25",hub,0.25,50,15,40,1730,8,1,32,1729,0.2,0.0005780346820809,0.8888888888888888,0.1111111111111111,0.1442816054279154
ni_tfnbs,"e=0.3,h=10.0,n=30,start_thres=1.25",hub,0.25,50,15,40,1730,8,1,32,1729,0.2,0.0005780346820809,0.8888888888888888,0.1111111111111111,0.1442816054279154
ni_tfnbs,"e=0.4,h=0.5,n=30,start_thres=1.25",hub,0.25,50,15,40,1730,17,3,23,1727,0.425,0.0017341040462427,0.85,0.15,0.1442816054279154
ni_tfnbs,"e=0.4,h=1.0,n=30,start_thres=1.25",hub,0.25,50,15,40,1730,17,3,23,1727,0.425,0.0017341040462427,0.85,0.15,0.1442816054279154
ni_tfnbs,"e=0.4,h=2.0,n=30,start_thres=1.25",hub,0.25,50,15,40,1730,16,2,24,1728,0.4,0.0011560693641618,0.8888888888888888,0.1111111111111111,0.1442816054279154
ni_tfnbs,"e=0.4,h=3.0,n=30,start_thres=1.25",hub,0.25,50,15,40,1730,14,2,26,1728,0.35,0.0011560693641618,0.875,0.125,0.1442816054279154
ni_tfnbs,"e=0.4,h=4.0,n=30,start_thres=1.25",hub,0.25,50,15,40,1730,12,1,28,1729,0.3,0.0005780346820809,0.9230769230769232,0.0769230769230769,0.1442816054279154
ni_tfnbs,"e=0.4,h=5.0,n=30,start_thres=1.25",hub,0.25,50,15,40,1730,12,1,28,1729,0.3,0.0005780346820809,0.9230769230769232,0.0769230769230769,0.1442816054279154
ni_tfnbs,"e=0.4,h=6.0,n=30,start_thres=1.25",hub,0.25,50,15,40,1730,10,1,30,1729,0.25,0.0005780346820809,0.9090909090909092,0.0909090909090909,0.1442816054279154
ni_tfnbs,"e=0.4,h=7.0,n=30,start_thres=1.25",hub,0.25,50,15,40,1730,10,1,30,1729,0.25,0.0005780346820809,0.9090909090909092,0.0909090909090909,0.1442816054279154
ni_tfnbs,"e=0.4,h=8.0,n=30,start_thres=1.25",hub,0.25,50,15,40,1730,8,1,32,1729,0.2,0.0005780346820809,0.8888888888888888,0.1111111111111111,0.1442816054279154
ni_tfnbs,"e=0.4,h=9.0,n=30,start_thres=1.25",hub,0.25,50,15,40,1730,8,1,32,1729,0.2,0.0005780346820809,0.8888888888888888,0.1111111111111111,0.1442816054279154
ni_tfnbs,"e=0.4,h=10.0,n=30,start_thres=1.25",hub,0.25,50,15,40,1730,8,1,32,1729,0.2,0.0005780346820809,0.8888888888888888,0.1111111111111111,0.1442816054279154
ni_tfnbs,"e=0.5,h=0.5,n=30,start_thres=1.25",hub,0.25,50,15,40,1730,18,4,22,1726,0.45,0.0023121387283236,0.8181818181818182,0.1818181818181818,0.1442816054279154
ni_tfnbs,"e=0.5,h=1.0,n=30,start_thres=1.25",hub,0.25,50,15,40,1730,18,3,22,1727,0.45,0.0017341040462427,0.8571428571428571,0.1428571428571428,0.1442816054279154
ni_tfnbs,"e=0.5,h=2.0,n=30,start_thres=1.25",hub,0.25,50,15,40,1730,17,3,23,1727,0.425,0.0017341040462427,0.85,0.15,0.1442816054279154
ni_tfnbs,"e=0.5,h=3.0,n=30,start_thres=1.25",hub,0.25,50,15,40,1730,16,2,24,1728,0.4,0.0011560693641618,0.8888888888888888,0.1111111111111111,0.1442816054279154
ni_tfnbs,"e=0.5,h=4.0,n=30,start_thres=1.25",hub,0.25,50,15,40,1730,14,2,26,1728,0.35,0.0011560693641618,0.875,0.125,0.1442816054279154
ni_tfnbs,"e=0.5,h=5.0,n=30,start_thres=1.25",hub,0.25,50,15,40,1730,13,1,27,1729,0.325,0.0005780346820809,0.9285714285714286,0.0714285714285714,0.1442816054279154
ni_tfnbs,"e=0.5,h=6.0,n=30,start_thres=1.25",hub,0.25,50,15,40,1730,12,1,28,1729,0.3,0.0005780346820809,0.9230769230769232,0.0769230769230769,0.1442816054279154
ni_tfnbs,"e=0.5,h=7.0,n=30,start_thres=1.25",hub,0.25,50,15,40,1730,10,1,30,1729,0.25,0.0005780346820809,0.9090909090909092,0.0909090909090909,0.1442816054279154
ni_tfnbs,"e=0.5,h=8.0,n=30,start_thres=1.25",hub,0.25,50,15,40,1730,10,1,30,1729,0.25,0.0005780346820809,0.9090909090909092,0.0909090909090909,0.1442816054279154
ni_tfnbs,"e=0.5,h=9.0,n=30,start_thres=1.25",hub,0.25,50,15,40,1730,10,1,30,1729,0.25,0.0005780346820809,0.9090909090909092,0.0909090909090909,0.1442816054279154
ni_tfnbs,"e=0.5,h=10.0,n=30,start_thres=1.25",hub,0.25,50,15,40,1730,8,1,32,1729,0.2,0.0005780346820809,0.8888888888888888,0.1111111111111111,0.1442816054279154
ni_tfnbs,"e=0.6,h=0.5,n=30,start_thres=1.25",hub,0.25,50,15,40,1730,20,5,20,1725,0.5,0.0028901734104046,0.8,0.2,0.1442816054279154
ni_tfnbs,"e=0.6,h=1.0,n=30,start_thres=1.25",hub,0.25,50,15,40,1730,20,5,20,1725,0.5,0.0028901734104046,0.8,0.2,0.1442816054279154
ni_tfnbs,"e=0.6,h=2.0,n=30,start_thres=1.25",hub,0.25,50,15,40,1730,18,3,22,1727,0.45,0.0017341040462427,0.8571428571428571,0.1428571428571428,0.1442816054279154
ni_tfnbs,"e=0.6,h=3.0,n=30,start_thres=1.25",hub,0.25,50,15,40,1730,17,3,23,1727,0.425,0.0017341040462427,0.85,0.15,0.1442816054279154
ni_tfnbs,"e=0.6,h=4.0,n=30,start_thres=1.25",hub,0.25,50,15,40,1730,16,2,24,1728,0.4,0.0011560693641618,0.8888888888888888,0.1111111111111111,0.1442816054279154
ni_tfnbs,"e=0.6,h=5.0,n=30,start_thres=1.25",hub,0.25,50,15,40,1730,14,2,26,1728,0.35,0.0011560693641618,0.875,0.125,0.1442816054279154
ni_tfnbs,"e=0.6,h=6.0,n=30,start_thres=1.25",hub,0.25,50,15,40,1730,13,1,27,1729,0.325,0.0005780346820809,0.9285714285714286,0.0714285714285714,0.1442816054279154
ni_tfnbs,"e=0.6,h=7.0,n=30,start_thres=1.25",hub,0.25,50,15,40,1730,12,1,28,1729,0.3,0.0005780346820809,0.9230769230769232,0.0769230769230769,0.1442816054279154
ni_tfnbs,"e=0.6,h=8.0,n=30,start_thres=1.25",hub,0.25,50,15,40,1730,11,1,29,1729,0.275,0.0005780346820809,0.9166666666666666,0.0833333333333333,0.1442816054279154
ni_tfnbs,"e=0.6,h=9.0,n=30,start_thres=1.25",hub,0.25,50,15,40,1730,10,1,30,1729,0.25,0.0005780346820809,0.9090909090909092,0.0909090909090909,0.1442816054279154
ni_tfnbs,"e=0.6,h=10.0,n=30,start_thres=1.25",hub,0.25,50,15,40,1730,10,1,30,1729,0.25,0.0005780346820809,0.9090909090909092,0.0909090909090909,0.1442816054279154
ni_tfnbs,"e=0.7,h=0.5,n=30,start_thres=1.25",hub,0.25,50,15,40,1730,21,7,19,1723,0.525,0.0040462427745664,0.75,0.25,0.1442816054279154
ni_tfnbs,"e=0.7,h=1.0,n=30,start_thres=1.25",hub,0.25,50,15,40,1730,21,7,19,1723,0.525,0.0040462427745664,0.75,0.25,0.1442816054279154
ni_tfnbs,"e=0.7,h=2.0,n=30,start_thres=1.25",hub,0.25,50,15,40,1730,20,5,20,1725,0.5,0.0028901734104046,0.8,0.2,0.1442816054279154
ni_tfnbs,"e=0.7,h=3.0,n=30,start_thres=1.25",hub,0.25,50,15,40,1730,18,3,22,1727,0.45,0.0017341040462427,0.8571428571428571,0.1428571428571428,0.1442816054279154
ni_tfnbs,"e=0.7,h=4.0,n=30,start_thres=1.25",hub,0.25,50,15,40,1730,17,3,23,1727,0.425,0.0017341040462427,0.85,0.15,0.1442816054279154
ni_tfnbs,"e=0.7,h=5.0,n=30,start_thres=1.25",hub,0.25,50,15,40,1730,16,2,24,1728,0.4,0.0011560693641618,0.8888888888888888,0.1111111111111111,0.1442816054279154
ni_tfnbs,"e=0.7,h=6.0,n=30,start_thres=1.25",hub,0.25,50,15,40,1730,14,2,26,1728,0.35,0.0011560693641618,0.875,0.125,0.1442816054279154
ni_tfnbs,"e=0.7,h=7.0,n=30,start_thres=1.25",hub,0.25,50,15,40,1730,13,2,27,1728,0.325,0.0011560693641618,0.8666666666666667,0.1333333333333333,0.1442816054279154
ni_tfnbs,"e=0.7,h=8.0,n=30,start_thres=1.25",hub,0.25,50,15,40,1730,12,1,28,1729,0.3,0.0005780346820809,0.9230769230769232,0.0769230769230769,0.1442816054279154
ni_tfnbs,"e=0.7,h=9.0,n=30,start_thres=1.25",hub,0.25,50,15,40,1730,11,1,29,1729,0.275,0.0005780346820809,0.9166666666666666,0.0833333333333333,0.1442816054279154
ni_tfnbs,"e=0.7,h=10.0,n=30,start_thres=1.25",hub,0.25,50,15,40,1730,10,1,30,1729,0.25,0.0005780346820809,0.9090909090909092,0.0909090909090909,0.1442816054279154
ni_tfnbs,"e=0.8,h=0.5,n=30,start_thres=1.25",hub,0.25,50,15,40,1730,22,8,18,1722,0.55,0.0046242774566473,0.7333333333333333,0.2666666666666666,0.1442816054279154
ni_tfnbs,"e=0.8,h=1.0,n=30,start_thres=1.25",hub,0.25,50,15,40,1730,21,7,19,1723,0.525,0.0040462427745664,0.75,0.25,0.1442816054279154
ni_tfnbs,"e=0.8,h=2.0,n=30,start_thres=1.25",hub,0.25,50,15,40,1730,21,7,19,1723,0.525,0.0040462427745664,0.75,0.25,0.1442816054279154
ni_tfnbs,"e=0.8,h=3.0,n=30,start_thres=1.25",hub,0.25,50,15,40,1730,20,5,20,1725,0.5,0.0028901734104046,0.8,0.2,0.1442816054279154
ni_tfnbs,"e=0.8,h=4.0,n=30,start_thres=1.25",hub,0.25,50,15,40,1730,18,3,22,1727,0.45,0.0017341040462427,0.8571428571428571,0.1428571428571428,0.1442816054279154
ni_tfnbs,"e=0.8,h=5.0,n=30,start_thres=1.25",hub,0.25,50,15,40,1730,17,3,23,1727,0.425,0.0017341040462427,0.85,0.15,0.1442816054279154
ni_tfnbs,"e=0.8,h=6.0,n=30,start_thres=1.25",hub,0.25,50,15,40,1730,16,2,24,1728,0.4,0.0011560693641618,0.8888888888888888,0.1111111111111111,0.1442816054279154
ni_tfnbs,"e=0.8,h=7.0,n=30,start_thres=1.25",hub,0.25,50,15,40,1730,14,2,26,1728,0.35,0.0011560693641618,0.875,0.125,0.1442816054279154
ni_tfnbs,"e=0.8,h=8.0,n=30,start_thres=1.25",hub,0.25,50,15,40,1730,13,2,27,1728,0.325,0.0011560693641618,0.8666666666666667,0.1333333333333333,0.1442816054279154
ni_tfnbs,"e=0.8,h=9.0,n=30,start_thres=1.25",hub,0.25,50,15,40,1730,12,1,28,1729,0.3,0.0005780346820809,0.9230769230769232,0.0769230769230769,0.1442816054279154
ni_tfnbs,"e=0.8,h=10.0,n=30,start_thres=1.25",hub,0.25,50,15,40,1730,11,1,29,1729,0.275,0.0005780346820809,0.9166666666666666,0.0833333333333333,0.1442816054279154
ni_tfnbs,"e=0.9,h=0.5,n=30,start_thres=1.25",hub,0.25,50,15,40,1730,22,8,18,1722,0.55,0.0046242774566473,0.7333333333333333,0.2666666666666666,0.1442816054279154
ni_tfnbs,"e=0.9,h=1.0,n=30,start_thres=1.25",hub,0.25,50,15,40,1730,22,8,18,1722,0.55,0.0046242774566473,0.7333333333333333,0.2666666666666666,0.1442816054279154
ni_tfnbs,"e=0.9,h=2.0,n=30,start_thres=1.25",hub,0.25,50,15,40,1730,21,7,19,1723,0.525,0.0040462427745664,0.75,0.25,0.1442816054279154
ni_tfnbs,"e=0.9,h=3.0,n=30,start_thres=1.25",hub,0.25,50,15,40,1730,20,7,20,1723,0.5,0.0040462427745664,0.7407407407407407,0.2592592592592592,0.1442816054279154
ni_tfnbs,"e=0.9,h=4.0,n=30,start_thres=1.25",hub,0.25,50,15,40,1730,20,5,20,1725,0.5,0.0028901734104046,0.8,0.2,0.1442816054279154
ni_tfnbs,"e=0.9,h=5.0,n=30,start_thres=1.25",hub,0.25,50,15,40,1730,18,3,22,1727,0.45,0.0017341040462427,0.8571428571428571,0.1428571428571428,0.1442816054279154
ni_tfnbs,"e=0.9,h=6.0,n=30,start_thres=1.25",hub,0.25,50,15,40,1730,17,3,23,1727,0.425,0.0017341040462427,0.85,0.15,0.1442816054279154
ni_tfnbs,"e=0.9,h=7.0,n=30,start_thres=1.25",hub,0.25,50,15,40,1730,16,2,24,1728,0.4,0.0011560693641618,0.8888888888888888,0.1111111111111111,0.1442816054279154
ni_tfnbs,"e=0.9,h=8.0,n=30,start_thres=1.25",hub,0.25,50,15,40,1730,13,2,27,1728,0.325,0.0011560693641618,0.8666666666666667,0.1333333333333333,0.1442816054279154
ni_tfnbs,"e=0.9,h=9.0,n=30,start_thres=1.25",hub,0.25,50,15,40,1730,13,2,27,1728,0.325,0.0011560693641618,0.8666666666666667,0.1333333333333333,0.1442816054279154
ni_tfnbs,"e=0.9,h=10.0,n=30,start_thres=1.25",hub,0.25,50,15,40,1730,12,1,28,1729,0.3,0.0005780346820809,0.9230769230769232,0.0769230769230769,0.1442816054279154
ni_tfnbs,"e=1.0,h=0.5,n=30,start_thres=1.25",hub,0.25,50,15,40,1730,22,13,18,1717,0.55,0.007514450867052,0.6285714285714286,0.3714285714285714,0.1442816054279154
ni_tfnbs,"e=1.0,h=1.0,n=30,start_thres=1.25",hub,0.25,50,15,40,1730,23,13,17,1717,0.575,0.007514450867052,0.6388888888888888,0.3611111111111111,0.1442816054279154
ni_tfnbs,"e=1.0,h=2.0,n=30,start_thres=1.25",hub,0.25,50,15,40,1730,22,8,18,1722,0.55,0.0046242774566473,0.7333333333333333,0.2666666666666666,0.1442816054279154
ni_tfnbs,"e=1.0,h=3.0,n=30,start_thres=1.25",hub,0.25,50,15,40,1730,22,7,18,1723,0.55,0.0040462427745664,0.7586206896551724,0.2413793103448276,0.1442816054279154
ni_tfnbs,"e=1.0,h=4.0,n=30,start_thres=1.25",hub,0.25,50,15,40,1730,20,7,20,1723,0.5,0.0040462427745664,0.7407407407407407,0.2592592592592592,0.1442816054279154
ni_tfnbs,"e=1.0,h=5.0,n=30,start_thres=1.25",hub,0.25,50,15,40,1730,18,4,22,1726,0.45,0.0023121387283236,0.8181818181818182,0.1818181818181818,0.1442816054279154
ni_tfnbs,"e=1.0,h=6.0,n=30,start_thres=1.25",hub,0.25,50,15,40,1730,17,3,23,1727,0.425,0.0017341040462427,0.85,0.15,0.1442816054279154
ni_tfnbs,"e=1.0,h=7.0,n=30,start_thres=1.25",hub,0.25,50,15,40,1730,17,3,23,1727,0.425,0.0017341040462427,0.85,0.15,0.1442816054279154
ni_tfnbs,"e=1.0,h=8.0,n=30,start_thres=1.25",hub,0.25,50,15,40,1730,16,2,24,1728,0.4,0.0011560693641618,0.8888888888888888,0.1111111111111111,0.1442816054279154
ni_tfnbs,"e=1.0,h=9.0,n=30,start_thres=1.25",hub,0.25,50,15,40,1730,15,2,25,1728,0.375,0.0011560693641618,0.8823529411764706,0.1176470588235294,0.1442816054279154
ni_tfnbs,"e=1.0,h=10.0,n=30,start_thres=1.25",hub,0.25,50,15,40,1730,13,2,27,1728,0.325,0.0011560693641618,0.8666666666666667,0.1333333333333333,0.1442816054279154
ni_tfnbs,"e=1.1,h=0.5,n=30,start_thres=1.25",hub,0.25,50,15,40,1730,22,14,18,1716,0.55,0.0080924855491329,0.6111111111111112,0.3888888888888889,0.1442816054279154
ni_tfnbs,"e=1.1,h=1.0,n=30,start_thres=1.25",hub,0.25,50,15,40,1730,22,14,18,1716,0.55,0.0080924855491329,0.6111111111111112,0.3888888888888889,0.1442816054279154
ni_tfnbs,"e=1.1,h=2.0,n=30,start_thres=1.25",hub,0.25,50,15,40,1730,23,13,17,1717,0.575,0.007514450867052,0.6388888888888888,0.3611111111111111,0.1442816054279154
ni_tfnbs,"e=1.1,h=3.0,n=30,start_thres=1.25",hub,0.25,50,15,40,1730,23,8,17,1722,0.575,0.0046242774566473,0.7419354838709677,0.2580645161290322,0.1442816054279154
ni_tfnbs,"e=1.1,h=4.0,n=30,start_thres=1.25",hub,0.25,50,15,40,1730,21,7,19,1723,0.525,0.0040462427745664,0.75,0.25,0.1442816054279154
ni_tfnbs,"e=1.1,h=5.0,n=30,start_thres=1.25",hub,0.25,50,15,40,1730,20,7,20,1723,0.5,0.0040462427745664,0.7407407407407407,0.2592592592592592,0.1442816054279154
ni_tfnbs,"e=1.1,h=6.0,n=30,start_thres=1.25",hub,0.25,50,15,40,1730,18,4,22,1726,0.45,0.0023121387283236,0.8181818181818182,0.1818181818181818,0.1442816054279154
ni_tfnbs,"e=1.1,h=7.0,n=30,start_thres=1.25",hub,0.25,50,15,40,1730,17,3,23,1727,0.425,0.0017341040462427,0.85,0.15,0.1442816054279154
ni_tfnbs,"e=1.1,h=8.0,n=30,start_thres=1.25",hub,0.25,50,15,40,1730,16,2,24,1728,0.4,0.0011560693641618,0.8888888888888888,0.1111111111111111,0.1442816054279154
ni_tfnbs,"e=1.1,h=9.0,n=30,start_thres=1.25",hub,0.25,50,15,40,1730,15,2,25,1728,0.375,0.0011560693641618,0.8823529411764706,0.1176470588235294,0.1442816054279154
ni_tfnbs,"e=1.1,h=10.0,n=30,start_thres=1.25",hub,0.25,50,15,40,1730,15,2,25,1728,0.375,0.0011560693641618,0.8823529411764706,0.1176470588235294,0.1442816054279154
ni_tfnbs,"e=1.2,h=0.5,n=30,start_thres=1.25",hub,0.25,50,15,40,1730,22,14,18,1716,0.55,0.0080924855491329,0.6111111111111112,0.3888888888888889,0.1442816054279154
ni_tfnbs,"e=1.2,h=1.0,n=30,start_thres=1.25",hub,0.25,50,15,40,1730,22,14,18,1716,0.55,0.0080924855491329,0.6111111111111112,0.3888888888888889,0.1442816054279154
ni_tfnbs,"e=1.2,h=2.0,n=30,start_thres=1.25",hub,0.25,50,15,40,1730,23,14,17,1716,0.575,0.0080924855491329,0.6216216216216216,0.3783783783783784,0.1442816054279154
ni_tfnbs,"e=1.2,h=3.0,n=30,start_thres=1.25",hub,0.25,50,15,40,1730,24,13,16,1717,0.6,0.007514450867052,0.6486486486486487,0.3513513513513513,0.1442816054279154
ni_tfnbs,"e=1.2,h=4.0,n=30,start_thres=1.25",hub,0.25,50,15,40,1730,23,8,17,1722,0.575,0.0046242774566473,0.7419354838709677,0.2580645161290322,0.1442816054279154
ni_tfnbs,"e=1.2,h=5.0,n=30,start_thres=1.25",hub,0.25,50,15,40,1730,21,7,19,1723,0.525,0.0040462427745664,0.75,0.25,0.1442816054279154
ni_tfnbs,"e=1.2,h=6.0,n=30,start_thres=1.25",hub,0.25,50,15,40,1730,20,5,20,1725,0.5,0.0028901734104046,0.8,0.2,0.1442816054279154
ni_tfnbs,"e=1.2,h=7.0,n=30,start_thres=1.25",hub,0.25,50,15,40,1730,18,4,22,1726,0.45,0.0023121387283236,0.8181818181818182,0.1818181818181818,0.1442816054279154
ni_tfnbs,"e=1.2,h=8.0,n=30,start_thres=1.25",hub,0.25,50,15,40,1730,17,3,23,1727,0.425,0.0017341040462427,0.85,0.15,0.1442816054279154
ni_tfnbs,"e=1.2,h=9.0,n=30,start_thres=1.25",hub,0.25,50,15,40,1730,15,2,25,1728,0.375,0.0011560693641618,0.8823529411764706,0.1176470588235294,0.1442816054279154
ni_tfnbs,"e=1.2,h=10.0,n=30,start_thres=1.25",hub,0.25,50,15,40,1730,15,2,25,1728,0.375,0.0011560693641618,0.8823529411764706,0.1176470588235294,0.1442816054279154
ni_tfnbs,"e=1.3,h=0.5,n=30,start_thres=1.25",hub,0.25,50,15,40,1730,21,17,19,1713,0.525,0.0098265895953757,0.5526315789473685,0.4473684210526316,0.1442816054279154
ni_tfnbs,"e=1.3,h=1.0,n=30,start_thres=1.25",hub,0.25,50,15,40,1730,22,17,18,1713,0.55,0.0098265895953757,0.5641025641025641,0.4358974358974359,0.1442816054279154
ni_tfnbs,"e=1.3,h=2.0,n=30,start_thres=1.25",hub,0.25,50,15,40,1730,23,14,17,1716,0.575,0.0080924855491329,0.6216216216216216,0.3783783783783784,0.1442816054279154
ni_tfnbs,"e=1.3,h=3.0,n=30,start_thres=1.25",hub,0.25,50,15,40,1730,23,14,17,1716,0.575,0.0080924855491329,0.6216216216216216,0.3783783783783784,0.1442816054279154
ni_tfnbs,"e=1.3,h=4.0,n=30,start_thres=1.25",hub,0.25,50,15,40,1730,23,8,17,1722,0.575,0.0046242774566473,0.7419354838709677,0.2580645161290322,0.1442816054279154
ni_tfnbs,"e=1.3,h=5.0,n=30,start_thres=1.25",hub,0.25,50,15,40,1730,22,7,18,1723,0.55,0.0040462427745664,0.7586206896551724,0.2413793103448276,0.1442816054279154
ni_tfnbs,"e=1.3,h=6.0,n=30,start_thres=1.25",hub,0.25,50,15,40,1730,20,7,20,1723,0.5,0.0040462427745664,0.7407407407407407,0.2592592592592592,0.1442816054279154
ni_tfnbs,"e=1.3,h=7.0,n=30,start_thres=1.25",hub,0.25,50,15,40,1730,20,5,20,1725,0.5,0.0028901734104046,0.8,0.2,0.1442816054279154
ni_tfnbs,"e=1.3,h=8.0,n=30,start_thres=1.25",hub,0.25,50,15,40,1730,18,4,22,1726,0.45,0.0023121387283236,0.8181818181818182,0.1818181818181818,0.1442816054279154
ni_tfnbs,"e=1.3,h=9.0,n=30,start_thres=1.25",hub,0.25,50,15,40,1730,17,3,23,1727,0.425,0.0017341040462427,0.85,0.15,0.1442816054279154
ni_tfnbs,"e=1.3,h=10.0,n=30,start_thres=1.25",hub,0.25,50,15,40,1730,15,2,25,1728,0.375,0.0011560693641618,0.8823529411764706,0.1176470588235294,0.1442816054279154
ni_tfnbs,"e=1.4,h=0.5,n=30,start_thres=1.25",hub,0.25,50,15,40,1730,18,17,22,1713,0.45,0.0098265895953757,0.5142857142857142,0.4857142857142857,0.1442816054279154
ni_tfnbs,"e=1.4,h=1.0,n=30,start_thres=1.25",hub,0.25,50,15,40,1730,22,17,18,1713,0.55,0.0098265895953757,0.5641025641025641,0.4358974358974359,0.1442816054279154
ni_tfnbs,"e=1.4,h=2.0,n=30,start_thres=1.25",hub,0.25,50,15,40,1730,22,17,18,1713,0.55,0.0098265895953757,0.5641025641025641,0.4358974358974359,0.1442816054279154
ni_tfnbs,"e=1.4,h=3.0,n=30,start_thres=1.25",hub,0.25,50,15,40,1730,25,14,15,1716,0.625,0.0080924855491329,0.6410256410256411,0.358974358974359,0.1442816054279154
ni_tfnbs,"e=1.4,h=4.0,n=30,start_thres=1.25",hub,0.25,50,15,40,1730,26,14,14,1716,0.65,0.0080924855491329,0.65,0.35,0.1442816054279154
ni_tfnbs,"e=1.4,h=5.0,n=30,start_thres=1.25",hub,0.25,50,15,40,1730,23,8,17,1722,0.575,0.0046242774566473,0.7419354838709677,0.2580645161290322,0.1442816054279154
ni_tfnbs,"e=1.4,h=6.0,n=30,start_thres=1.25",hub,0.25,50,15,40,1730,21,7,19,1723,0.525,0.0040462427745664,0.75,0.25,0.1442816054279154
ni_tfnbs,"e=1.4,h=7.0,n=30,start_thres=1.25",hub,0.25,50,15,40,1730,20,7,20,1723,0.5,0.0040462427745664,0.7407407407407407,0.2592592592592592,0.1442816054279154
ni_tfnbs,"e=1.4,h=8.0,n=30,start_thres=1.25",hub,0.25,50,15,40,1730,18,4,22,1726,0.45,0.0023121387283236,0.8181818181818182,0.1818181818181818,0.1442816054279154
ni_tfnbs,"e=1.4,h=9.0,n=30,start_thres=1.25",hub,0.25,50,15,40,1730,17,3,23,1727,0.425,0.0017341040462427,0.85,0.15,0.1442816054279154
ni_tfnbs,"e=1.4,h=10.0,n=30,start_thres=1.25",hub,0.25,50,15,40,1730,16,3,24,1727,0.4,0.0017341040462427,0.8421052631578947,0.1578947368421052,0.1442816054279154
ni_tfnbs,"e=1.5,h=0.5,n=30,start_thres=1.25",hub,0.25,50,15,40,1730,18,17,22,1713,0.45,0.0098265895953757,0.5142857142857142,0.4857142857142857,0.1442816054279154
ni_tfnbs,"e=1.5,h=1.0,n=30,start_thres=1.25",hub,0.25,50,15,40,1730,21,17,19,1713,0.525,0.0098265895953757,0.5526315789473685,0.4473684210526316,0.1442816054279154
ni_tfnbs,"e=1.5,h=2.0,n=30,start_thres=1.25",hub,0.25,50,15,40,1730,23,19,17,1711,0.575,0.0109826589595375,0.5476190476190477,0.4523809523809524,0.1442816054279154
ni_tfnbs,"e=1.5,h=3.0,n=30,start_thres=1.25",hub,0.25,50,15,40,1730,25,17,15,1713,0.625,0.0098265895953757,0.5952380952380952,0.4047619047619047,0.1442816054279154
ni_tfnbs,"e=1.5,h=4.0,n=30,start_thres=1.25",hub,0.25,50,15,40,1730,26,14,14,1716,0.65,0.0080924855491329,0.65,0.35,0.1442816054279154
ni_tfnbs,"e=1.5,h=5.0,n=30,start_thres=1.25",hub,0.25,50,15,40,1730,26,14,14,1716,0.65,0.0080924855491329,0.65,0.35,0.1442816054279154
ni_tfnbs,"e=1.5,h=6.0,n=30,start_thres=1.25",hub,0.25,50,15,40,1730,22,8,18,1722,0.55,0.0046242774566473,0.7333333333333333,0.2666666666666666,0.1442816054279154
ni_tfnbs,"e=1.5,h=7.0,n=30,start_thres=1.25",hub,0.25,50,15,40,1730,21,7,19,1723,0.525,0.0040462427745664,0.75,0.25,0.1442816054279154
ni_tfnbs,"e=1.5,h=8.0,n=30,start_thres=1.25",hub,0.25,50,15,40,1730,20,7,20,1723,0.5,0.0040462427745664,0.7407407407407407,0.2592592592592592,0.1442816054279154
ni_tfnbs,"e=1.5,h=9.0,n=30,start_thres=1.25",hub,0.25,50,15,40,1730,18,4,22,1726,0.45,0.0023121387283236,0.8181818181818182,0.1818181818181818,0.1442816054279154
ni_tfnbs,"e=1.5,h=10.0,n=30,start_thres=1.25",hub,0.25,50,15,40,1730,17,3,23,1727,0.425,0.0017341040462427,0.85,0.15,0.1442816054279154
ni_tfnbs,"e=0.05,h=0.5,n=30,start_thres=1.25",hub,0.25,50,16,40,1730,23,0,17,1730,0.575,0.0,1.0,0.0,0.148509067567912
ni_tfnbs,"e=0.05,h=1.0,n=30,start_thres=1.25",hub,0.25,50,16,40,1730,23,0,17,1730,0.575,0.0,1.0,0.0,0.148509067567912
ni_tfnbs,"e=0.05,h=2.0,n=30,start_thres=1.25",hub,0.25,50,16,40,1730,23,0,17,1730,0.575,0.0,1.0,0.0,0.148509067567912
ni_tfnbs,"e=0.05,h=3.0,n=30,start_thres=1.25",hub,0.25,50,16,40,1730,23,0,17,1730,0.575,0.0,1.0,0.0,0.148509067567912
ni_tfnbs,"e=0.05,h=4.0,n=30,start_thres=1.25",hub,0.25,50,16,40,1730,23,0,17,1730,0.575,0.0,1.0,0.0,0.148509067567912
ni_tfnbs,"e=0.05,h=5.0,n=30,start_thres=1.25",hub,0.25,50,16,40,1730,23,0,17,1730,0.575,0.0,1.0,0.0,0.148509067567912
ni_tfnbs,"e=0.05,h=6.0,n=30,start_thres=1.25",hub,0.25,50,16,40,1730,23,0,17,1730,0.575,0.0,1.0,0.0,0.148509067567912
ni_tfnbs,"e=0.05,h=7.0,n=30,start_thres=1.25",hub,0.25,50,16,40,1730,23,0,17,1730,0.575,0.0,1.0,0.0,0.148509067567912
ni_tfnbs,"e=0.05,h=8.0,n=30,start_thres=1.25",hub,0.25,50,16,40,1730,23,0,17,1730,0.575,0.0,1.0,0.0,0.148509067567912
ni_tfnbs,"e=0.05,h=9.0,n=30,start_thres=1.25",hub,0.25,50,16,40,1730,23,0,17,1730,0.575,0.0,1.0,0.0,0.148509067567912
ni_tfnbs,"e=0.05,h=10.0,n=30,start_thres=1.25",hub,0.25,50,16,40,1730,23,0,17,1730,0.575,0.0,1.0,0.0,0.148509067567912
ni_tfnbs,"e=0.1,h=0.5,n=30,start_thres=1.25",hub,0.25,50,16,40,1730,28,0,12,1730,0.7,0.0,1.0,0.0,0.148509067567912
ni_tfnbs,"e=0.1,h=1.0,n=30,start_thres=1.25",hub,0.25,50,16,40,1730,28,0,12,1730,0.7,0.0,1.0,0.0,0.148509067567912
ni_tfnbs,"e=0.1,h=2.0,n=30,start_thres=1.25",hub,0.25,50,16,40,1730,28,0,12,1730,0.7,0.0,1.0,0.0,0.148509067567912
ni_tfnbs,"e=0.1,h=3.0,n=30,start_thres=1.25",hub,0.25,50,16,40,1730,24,0,16,1730,0.6,0.0,1.0,0.0,0.148509067567912
ni_tfnbs,"e=0.1,h=4.0,n=30,start_thres=1.25",hub,0.25,50,16,40,1730,23,0,17,1730,0.575,0.0,1.0,0.0,0.148509067567912
ni_tfnbs,"e=0.1,h=5.0,n=30,start_thres=1.25",hub,0.25,50,16,40,1730,23,0,17,1730,0.575,0.0,1.0,0.0,0.148509067567912
ni_tfnbs,"e=0.1,h=6.0,n=30,start_thres=1.25",hub,0.25,50,16,40,1730,23,0,17,1730,0.575,0.0,1.0,0.0,0.148509067567912
ni_tfnbs,"e=0.1,h=7.0,n=30,start_thres=1.25",hub,0.25,50,16,40,1730,23,0,17,1730,0.575,0.0,1.0,0.0,0.148509067567912
ni_tfnbs,"e=0.1,h=8.0,n=30,start_thres=1.25",hub,0.25,50,16,40,1730,23,0,17,1730,0.575,0.0,1.0,0.0,0.148509067567912
ni_tfnbs,"e=0.1,h=9.0,n=30,start_thres=1.25",hub,0.25,50,16,40,1730,23,0,17,1730,0.575,0.0,1.0,0.0,0.148509067567912
ni_tfnbs,"e=0.1,h=10.0,n=30,start_thres=1.25",hub,0.25,50,16,40,1730,23,0,17,1730,0.575,0.0,1.0,0.0,0.148509067567912
ni_tfnbs,"e=0.2,h=0.5,n=30,start_thres=1.25",hub,0.25,50,16,40,1730,32,0,8,1730,0.8,0.0,1.0,0.0,0.148509067567912
ni_tfnbs,"e=0.2,h=1.0,n=30,start_thres=1.25",hub,0.25,50,16,40,1730,30,0,10,1730,0.75,0.0,1.0,0.0,0.148509067567912
ni_tfnbs,"e=0.2,h=2.0,n=30,start_thres=1.25",hub,0.25,50,16,40,1730,29,0,11,1730,0.725,0.0,1.0,0.0,0.148509067567912
ni_tfnbs,"e=0.2,h=3.0,n=30,start_thres=1.25",hub,0.25,50,16,40,1730,28,0,12,1730,0.7,0.0,1.0,0.0,0.148509067567912
ni_tfnbs,"e=0.2,h=4.0,n=30,start_thres=1.25",hub,0.25,50,16,40,1730,28,0,12,1730,0.7,0.0,1.0,0.0,0.148509067567912
ni_tfnbs,"e=0.2,h=5.0,n=30,start_thres=1.25",hub,0.25,50,16,40,1730,28,0,12,1730,0.7,0.0,1.0,0.0,0.148509067567912
ni_tfnbs,"e=0.2,h=6.0,n=30,start_thres=1.25",hub,0.25,50,16,40,1730,28,0,12,1730,0.7,0.0,1.0,0.0,0.148509067567912
ni_tfnbs,"e=0.2,h=7.0,n=30,start_thres=1.25",hub,0.25,50,16,40,1730,25,0,15,1730,0.625,0.0,1.0,0.0,0.148509067567912
ni_tfnbs,"e=0.2,h=8.0,n=30,start_thres=1.25",hub,0.25,50,16,40,1730,24,0,16,1730,0.6,0.0,1.0,0.0,0.148509067567912
ni_tfnbs,"e=0.2,h=9.0,n=30,start_thres=1.25",hub,0.25,50,16,40,1730,23,0,17,1730,0.575,0.0,1.0,0.0,0.148509067567912
ni_tfnbs,"e=0.2,h=10.0,n=30,start_thres=1.25",hub,0.25,50,16,40,1730,23,0,17,1730,0.575,0.0,1.0,0.0,0.148509067567912
ni_tfnbs,"e=0.3,h=0.5,n=30,start_thres=1.25",hub,0.25,50,16,40,1730,34,1,6,1729,0.85,0.0005780346820809,0.9714285714285714,0.0285714285714285,0.148509067567912
ni_tfnbs,"e=0.3,h=1.0,n=30,start_thres=1.25",hub,0.25,50,16,40,1730,33,1,7,1729,0.825,0.0005780346820809,0.9705882352941176,0.0294117647058823,0.148509067567912
ni_tfnbs,"e=0.3,h=2.0,n=30,start_thres=1.25",hub,0.25,50,16,40,1730,32,1,8,1729,0.8,0.0005780346820809,0.9696969696969696,0.0303030303030303,0.148509067567912
ni_tfnbs,"e=0.3,h=3.0,n=30,start_thres=1.25",hub,0.25,50,16,40,1730,32,0,8,1730,0.8,0.0,1.0,0.0,0.148509067567912
ni_tfnbs,"e=0.3,h=4.0,n=30,start_thres=1.25",hub,0.25,50,16,40,1730,30,0,10,1730,0.75,0.0,1.0,0.0,0.148509067567912
ni_tfnbs,"e=0.3,h=5.0,n=30,start_thres=1.25",hub,0.25,50,16,40,1730,29,0,11,1730,0.725,0.0,1.0,0.0,0.148509067567912
ni_tfnbs,"e=0.3,h=6.0,n=30,start_thres=1.25",hub,0.25,50,16,40,1730,28,0,12,1730,0.7,0.0,1.0,0.0,0.148509067567912
ni_tfnbs,"e=0.3,h=7.0,n=30,start_thres=1.25",hub,0.25,50,16,40,1730,28,0,12,1730,0.7,0.0,1.0,0.0,0.148509067567912
ni_tfnbs,"e=0.3,h=8.0,n=30,start_thres=1.25",hub,0.25,50,16,40,1730,28,0,12,1730,0.7,0.0,1.0,0.0,0.148509067567912
ni_tfnbs,"e=0.3,h=9.0,n=30,start_thres=1.25",hub,0.25,50,16,40,1730,28,0,12,1730,0.7,0.0,1.0,0.0,0.148509067567912
ni_tfnbs,"e=0.3,h=10.0,n=30,start_thres=1.25",hub,0.25,50,16,40,1730,28,0,12,1730,0.7,0.0,1.0,0.0,0.148509067567912
ni_tfnbs,"e=0.4,h=0.5,n=30,start_thres=1.25",hub,0.25,50,16,40,1730,36,2,4,1728,0.9,0.0011560693641618,0.9473684210526316,0.0526315789473684,0.148509067567912
ni_tfnbs,"e=0.4,h=1.0,n=30,start_thres=1.25",hub,0.25,50,16,40,1730,36,1,4,1729,0.9,0.0005780346820809,0.972972972972973,0.027027027027027,0.148509067567912
ni_tfnbs,"e=0.4,h=2.0,n=30,start_thres=1.25",hub,0.25,50,16,40,1730,34,1,6,1729,0.85,0.0005780346820809,0.9714285714285714,0.0285714285714285,0.148509067567912
ni_tfnbs,"e=0.4,h=3.0,n=30,start_thres=1.25",hub,0.25,50,16,40,1730,33,1,7,1729,0.825,0.0005780346820809,0.9705882352941176,0.0294117647058823,0.148509067567912
ni_tfnbs,"e=0.4,h=4.0,n=30,start_thres=1.25",hub,0.25,50,16,40,1730,32,1,8,1729,0.8,0.0005780346820809,0.9696969696969696,0.0303030303030303,0.148509067567912
ni_tfnbs,"e=0.4,h=5.0,n=30,start_thres=1.25",hub,0.25,50,16,40,1730,32,0,8,1730,0.8,0.0,1.0,0.0,0.148509067567912
ni_tfnbs,"e=0.4,h=6.0,n=30,start_thres=1.25",hub,0.25,50,16,40,1730,30,0,10,1730,0.75,0.0,1.0,0.0,0.148509067567912
ni_tfnbs,"e=0.4,h=7.0,n=30,start_thres=1.25",hub,0.25,50,16,40,1730,30,0,10,1730,0.75,0.0,1.0,0.0,0.148509067567912
ni_tfnbs,"e=0.4,h=8.0,n=30,start_thres=1.25",hub,0.25,50,16,40,1730,28,0,12,1730,0.7,0.0,1.0,0.0,0.148509067567912
ni_tfnbs,"e=0.4,h=9.0,n=30,start_thres=1.25",hub,0.25,50,16,40,1730,28,0,12,1730,0.7,0.0,1.0,0.0,0.148509067567912
ni_tfnbs,"e=0.4,h=10.0,n=30,start_thres=1.25",hub,0.25,50,16,40,1730,28,0,12,1730,0.7,0.0,1.0,0.0,0.148509067567912
ni_tfnbs,"e=0.5,h=0.5,n=30,start_thres=1.25",hub,0.25,50,16,40,1730,36,3,4,1727,0.9,0.0017341040462427,0.9230769230769232,0.0769230769230769,0.148509067567912
ni_tfnbs,"e=0.5,h=1.0,n=30,start_thres=1.25",hub,0.25,50,16,40,1730,36,3,4,1727,0.9,0.0017341040462427,0.9230769230769232,0.0769230769230769,0.148509067567912
ni_tfnbs,"e=0.5,h=2.0,n=30,start_thres=1.25",hub,0.25,50,16,40,1730,36,2,4,1728,0.9,0.0011560693641618,0.9473684210526316,0.0526315789473684,0.148509067567912
ni_tfnbs,"e=0.5,h=3.0,n=30,start_thres=1.25",hub,0.25,50,16,40,1730,34,1,6,1729,0.85,0.0005780346820809,0.9714285714285714,0.0285714285714285,0.148509067567912
ni_tfnbs,"e=0.5,h=4.0,n=30,start_thres=1.25",hub,0.25,50,16,40,1730,33,1,7,1729,0.825,0.0005780346820809,0.9705882352941176,0.0294117647058823,0.148509067567912
ni_tfnbs,"e=0.5,h=5.0,n=30,start_thres=1.25",hub,0.25,50,16,40,1730,32,1,8,1729,0.8,0.0005780346820809,0.9696969696969696,0.0303030303030303,0.148509067567912
ni_tfnbs,"e=0.5,h=6.0,n=30,start_thres=1.25",hub,0.25,50,16,40,1730,32,0,8,1730,0.8,0.0,1.0,0.0,0.148509067567912
ni_tfnbs,"e=0.5,h=7.0,n=30,start_thres=1.25",hub,0.25,50,16,40,1730,32,0,8,1730,0.8,0.0,1.0,0.0,0.148509067567912
ni_tfnbs,"e=0.5,h=8.0,n=30,start_thres=1.25",hub,0.25,50,16,40,1730,30,0,10,1730,0.75,0.0,1.0,0.0,0.148509067567912
ni_tfnbs,"e=0.5,h=9.0,n=30,start_thres=1.25",hub,0.25,50,16,40,1730,30,0,10,1730,0.75,0.0,1.0,0.0,0.148509067567912
ni_tfnbs,"e=0.5,h=10.0,n=30,start_thres=1.25",hub,0.25,50,16,40,1730,28,0,12,1730,0.7,0.0,1.0,0.0,0.148509067567912
ni_tfnbs,"e=0.6,h=0.5,n=30,start_thres=1.25",hub,0.25,50,16,40,1730,36,4,4,1726,0.9,0.0023121387283236,0.9,0.1,0.148509067567912
ni_tfnbs,"e=0.6,h=1.0,n=30,start_thres=1.25",hub,0.25,50,16,40,1730,36,4,4,1726,0.9,0.0023121387283236,0.9,0.1,0.148509067567912
ni_tfnbs,"e=0.6,h=2.0,n=30,start_thres=1.25",hub,0.25,50,16,40,1730,36,3,4,1727,0.9,0.0017341040462427,0.9230769230769232,0.0769230769230769,0.148509067567912
ni_tfnbs,"e=0.6,h=3.0,n=30,start_thres=1.25",hub,0.25,50,16,40,1730,36,2,4,1728,0.9,0.0011560693641618,0.9473684210526316,0.0526315789473684,0.148509067567912
ni_tfnbs,"e=0.6,h=4.0,n=30,start_thres=1.25",hub,0.25,50,16,40,1730,36,1,4,1729,0.9,0.0005780346820809,0.972972972972973,0.027027027027027,0.148509067567912
ni_tfnbs,"e=0.6,h=5.0,n=30,start_thres=1.25",hub,0.25,50,16,40,1730,33,1,7,1729,0.825,0.0005780346820809,0.9705882352941176,0.0294117647058823,0.148509067567912
ni_tfnbs,"e=0.6,h=6.0,n=30,start_thres=1.25",hub,0.25,50,16,40,1730,33,1,7,1729,0.825,0.0005780346820809,0.9705882352941176,0.0294117647058823,0.148509067567912
ni_tfnbs,"e=0.6,h=7.0,n=30,start_thres=1.25",hub,0.25,50,16,40,1730,32,1,8,1729,0.8,0.0005780346820809,0.9696969696969696,0.0303030303030303,0.148509067567912
ni_tfnbs,"e=0.6,h=8.0,n=30,start_thres=1.25",hub,0.25,50,16,40,1730,32,0,8,1730,0.8,0.0,1.0,0.0,0.148509067567912
ni_tfnbs,"e=0.6,h=9.0,n=30,start_thres=1.25",hub,0.25,50,16,40,1730,32,0,8,1730,0.8,0.0,1.0,0.0,0.148509067567912
ni_tfnbs,"e=0.6,h=10.0,n=30,start_thres=1.25",hub,0.25,50,16,40,1730,30,0,10,1730,0.75,0.0,1.0,0.0,0.148509067567912
ni_tfnbs,"e=0.7,h=0.5,n=30,start_thres=1.25",hub,0.25,50,16,40,1730,36,5,4,1725,0.9,0.0028901734104046,0.8780487804878049,0.1219512195121951,0.148509067567912
ni_tfnbs,"e=0.7,h=1.0,n=30,start_thres=1.25",hub,0.25,50,16,40,1730,36,5,4,1725,0.9,0.0028901734104046,0.8780487804878049,0.1219512195121951,0.148509067567912
ni_tfnbs,"e=0.7,h=2.0,n=30,start_thres=1.25",hub,0.25,50,16,40,1730,36,4,4,1726,0.9,0.0023121387283236,0.9,0.1,0.148509067567912
ni_tfnbs,"e=0.7,h=3.0,n=30,start_thres=1.25",hub,0.25,50,16,40,1730,36,3,4,1727,0.9,0.0017341040462427,0.9230769230769232,0.0769230769230769,0.148509067567912
ni_tfnbs,"e=0.7,h=4.0,n=30,start_thres=1.25",hub,0.25,50,16,40,1730,36,2,4,1728,0.9,0.0011560693641618,0.9473684210526316,0.0526315789473684,0.148509067567912
ni_tfnbs,"e=0.7,h=5.0,n=30,start_thres=1.25",hub,0.25,50,16,40,1730,36,1,4,1729,0.9,0.0005780346820809,0.972972972972973,0.027027027027027,0.148509067567912
ni_tfnbs,"e=0.7,h=6.0,n=30,start_thres=1.25",hub,0.25,50,16,40,1730,34,1,6,1729,0.85,0.0005780346820809,0.9714285714285714,0.0285714285714285,0.148509067567912
ni_tfnbs,"e=0.7,h=7.0,n=30,start_thres=1.25",hub,0.25,50,16,40,1730,33,1,7,1729,0.825,0.0005780346820809,0.9705882352941176,0.0294117647058823,0.148509067567912
ni_tfnbs,"e=0.7,h=8.0,n=30,start_thres=1.25",hub,0.25,50,16,40,1730,32,1,8,1729,0.8,0.0005780346820809,0.9696969696969696,0.0303030303030303,0.148509067567912
ni_tfnbs,"e=0.7,h=9.0,n=30,start_thres=1.25",hub,0.25,50,16,40,1730,32,1,8,1729,0.8,0.0005780346820809,0.9696969696969696,0.0303030303030303,0.148509067567912
ni_tfnbs,"e=0.7,h=10.0,n=30,start_thres=1.25",hub,0.25,50,16,40,1730,32,0,8,1730,0.8,0.0,1.0,0.0,0.148509067567912
ni_tfnbs,"e=0.8,h=0.5,n=30,start_thres=1.25",hub,0.25,50,16,40,1730,37,6,3,1724,0.925,0.0034682080924855,0.8604651162790697,0.1395348837209302,0.148509067567912
ni_tfnbs,"e=0.8,h=1.0,n=30,start_thres=1.25",hub,0.25,50,16,40,1730,37,6,3,1724,0.925,0.0034682080924855,0.8604651162790697,0.1395348837209302,0.148509067567912
ni_tfnbs,"e=0.8,h=2.0,n=30,start_thres=1.25",hub,0.25,50,16,40,1730,37,5,3,1725,0.925,0.0028901734104046,0.8809523809523809,0.119047619047619,0.148509067567912
ni_tfnbs,"e=0.8,h=3.0,n=30,start_thres=1.25",hub,0.25,50,16,40,1730,36,3,4,1727,0.9,0.0017341040462427,0.9230769230769232,0.0769230769230769,0.148509067567912
ni_tfnbs,"e=0.8,h=4.0,n=30,start_thres=1.25",hub,0.25,50,16,40,1730,36,3,4,1727,0.9,0.0017341040462427,0.9230769230769232,0.0769230769230769,0.148509067567912
ni_tfnbs,"e=0.8,h=5.0,n=30,start_thres=1.25",hub,0.25,50,16,40,1730,36,2,4,1728,0.9,0.0011560693641618,0.9473684210526316,0.0526315789473684,0.148509067567912
ni_tfnbs,"e=0.8,h=6.0,n=30,start_thres=1.25",hub,0.25,50,16,40,1730,36,1,4,1729,0.9,0.0005780346820809,0.972972972972973,0.027027027027027,0.148509067567912
ni_tfnbs,"e=0.8,h=7.0,n=30,start_thres=1.25",hub,0.25,50,16,40,1730,34,1,6,1729,0.85,0.0005780346820809,0.9714285714285714,0.0285714285714285,0.148509067567912
ni_tfnbs,"e=0.8,h=8.0,n=30,start_thres=1.25",hub,0.25,50,16,40,1730,33,1,7,1729,0.825,0.0005780346820809,0.9705882352941176,0.0294117647058823,0.148509067567912
ni_tfnbs,"e=0.8,h=9.0,n=30,start_thres=1.25",hub,0.25,50,16,40,1730,33,1,7,1729,0.825,0.0005780346820809,0.9705882352941176,0.0294117647058823,0.148509067567912
ni_tfnbs,"e=0.8,h=10.0,n=30,start_thres=1.25",hub,0.25,50,16,40,1730,32,1,8,1729,0.8,0.0005780346820809,0.9696969696969696,0.0303030303030303,0.148509067567912
ni_tfnbs,"e=0.9,h=0.5,n=30,start_thres=1.25",hub,0.25,50,16,40,1730,37,7,3,1723,0.925,0.0040462427745664,0.8409090909090909,0.1590909090909091,0.148509067567912
ni_tfnbs,"e=0.9,h=1.0,n=30,start_thres=1.25",hub,0.25,50,16,40,1730,37,7,3,1723,0.925,0.0040462427745664,0.8409090909090909,0.1590909090909091,0.148509067567912
ni_tfnbs,"e=0.9,h=2.0,n=30,start_thres=1.25",hub,0.25,50,16,40,1730,37,6,3,1724,0.925,0.0034682080924855,0.8604651162790697,0.1395348837209302,0.148509067567912
ni_tfnbs,"e=0.9,h=3.0,n=30,start_thres=1.25",hub,0.25,50,16,40,1730,37,5,3,1725,0.925,0.0028901734104046,0.8809523809523809,0.119047619047619,0.148509067567912
ni_tfnbs,"e=0.9,h=4.0,n=30,start_thres=1.25",hub,0.25,50,16,40,1730,36,3,4,1727,0.9,0.0017341040462427,0.9230769230769232,0.0769230769230769,0.148509067567912
ni_tfnbs,"e=0.9,h=5.0,n=30,start_thres=1.25",hub,0.25,50,16,40,1730,36,3,4,1727,0.9,0.0017341040462427,0.9230769230769232,0.0769230769230769,0.148509067567912
ni_tfnbs,"e=0.9,h=6.0,n=30,start_thres=1.25",hub,0.25,50,16,40,1730,36,2,4,1728,0.9,0.0011560693641618,0.9473684210526316,0.0526315789473684,0.148509067567912
ni_tfnbs,"e=0.9,h=7.0,n=30,start_thres=1.25",hub,0.25,50,16,40,1730,36,1,4,1729,0.9,0.0005780346820809,0.972972972972973,0.027027027027027,0.148509067567912
ni_tfnbs,"e=0.9,h=8.0,n=30,start_thres=1.25",hub,0.25,50,16,40,1730,34,1,6,1729,0.85,0.0005780346820809,0.9714285714285714,0.0285714285714285,0.148509067567912
ni_tfnbs,"e=0.9,h=9.0,n=30,start_thres=1.25",hub,0.25,50,16,40,1730,33,1,7,1729,0.825,0.0005780346820809,0.9705882352941176,0.0294117647058823,0.148509067567912
ni_tfnbs,"e=0.9,h=10.0,n=30,start_thres=1.25",hub,0.25,50,16,40,1730,33,1,7,1729,0.825,0.0005780346820809,0.9705882352941176,0.0294117647058823,0.148509067567912
ni_tfnbs,"e=1.0,h=0.5,n=30,start_thres=1.25",hub,0.25,50,16,40,1730,37,7,3,1723,0.925,0.0040462427745664,0.8409090909090909,0.1590909090909091,0.148509067567912
ni_tfnbs,"e=1.0,h=1.0,n=30,start_thres=1.25",hub,0.25,50,16,40,1730,37,7,3,1723,0.925,0.0040462427745664,0.8409090909090909,0.1590909090909091,0.148509067567912
ni_tfnbs,"e=1.0,h=2.0,n=30,start_thres=1.25",hub,0.25,50,16,40,1730,37,7,3,1723,0.925,0.0040462427745664,0.8409090909090909,0.1590909090909091,0.148509067567912
ni_tfnbs,"e=1.0,h=3.0,n=30,start_thres=1.25",hub,0.25,50,16,40,1730,37,6,3,1724,0.925,0.0034682080924855,0.8604651162790697,0.1395348837209302,0.148509067567912
ni_tfnbs,"e=1.0,h=4.0,n=30,start_thres=1.25",hub,0.25,50,16,40,1730,37,5,3,1725,0.925,0.0028901734104046,0.8809523809523809,0.119047619047619,0.148509067567912
ni_tfnbs,"e=1.0,h=5.0,n=30,start_thres=1.25",hub,0.25,50,16,40,1730,36,3,4,1727,0.9,0.0017341040462427,0.9230769230769232,0.0769230769230769,0.148509067567912
ni_tfnbs,"e=1.0,h=6.0,n=30,start_thres=1.25",hub,0.25,50,16,40,1730,36,3,4,1727,0.9,0.0017341040462427,0.9230769230769232,0.0769230769230769,0.148509067567912
ni_tfnbs,"e=1.0,h=7.0,n=30,start_thres=1.25",hub,0.25,50,16,40,1730,36,2,4,1728,0.9,0.0011560693641618,0.9473684210526316,0.0526315789473684,0.148509067567912
ni_tfnbs,"e=1.0,h=8.0,n=30,start_thres=1.25",hub,0.25,50,16,40,1730,36,1,4,1729,0.9,0.0005780346820809,0.972972972972973,0.027027027027027,0.148509067567912
ni_tfnbs,"e=1.0,h=9.0,n=30,start_thres=1.25",hub,0.25,50,16,40,1730,34,1,6,1729,0.85,0.0005780346820809,0.9714285714285714,0.0285714285714285,0.148509067567912
ni_tfnbs,"e=1.0,h=10.0,n=30,start_thres=1.25",hub,0.25,50,16,40,1730,33,1,7,1729,0.825,0.0005780346820809,0.9705882352941176,0.0294117647058823,0.148509067567912
ni_tfnbs,"e=1.1,h=0.5,n=30,start_thres=1.25",hub,0.25,50,16,40,1730,37,7,3,1723,0.925,0.0040462427745664,0.8409090909090909,0.1590909090909091,0.148509067567912
ni_tfnbs,"e=1.1,h=1.0,n=30,start_thres=1.25",hub,0.25,50,16,40,1730,37,7,3,1723,0.925,0.0040462427745664,0.8409090909090909,0.1590909090909091,0.148509067567912
ni_tfnbs,"e=1.1,h=2.0,n=30,start_thres=1.25",hub,0.25,50,16,40,1730,37,7,3,1723,0.925,0.0040462427745664,0.8409090909090909,0.1590909090909091,0.148509067567912
ni_tfnbs,"e=1.1,h=3.0,n=30,start_thres=1.25",hub,0.25,50,16,40,1730,37,7,3,1723,0.925,0.0040462427745664,0.8409090909090909,0.1590909090909091,0.148509067567912
ni_tfnbs,"e=1.1,h=4.0,n=30,start_thres=1.25",hub,0.25,50,16,40,1730,37,6,3,1724,0.925,0.0034682080924855,0.8604651162790697,0.1395348837209302,0.148509067567912
ni_tfnbs,"e=1.1,h=5.0,n=30,start_thres=1.25",hub,0.25,50,16,40,1730,37,4,3,1726,0.925,0.0023121387283236,0.902439024390244,0.0975609756097561,0.148509067567912
ni_tfnbs,"e=1.1,h=6.0,n=30,start_thres=1.25",hub,0.25,50,16,40,1730,36,3,4,1727,0.9,0.0017341040462427,0.9230769230769232,0.0769230769230769,0.148509067567912
ni_tfnbs,"e=1.1,h=7.0,n=30,start_thres=1.25",hub,0.25,50,16,40,1730,36,3,4,1727,0.9,0.0017341040462427,0.9230769230769232,0.0769230769230769,0.148509067567912
ni_tfnbs,"e=1.1,h=8.0,n=30,start_thres=1.25",hub,0.25,50,16,40,1730,36,2,4,1728,0.9,0.0011560693641618,0.9473684210526316,0.0526315789473684,0.148509067567912
ni_tfnbs,"e=1.1,h=9.0,n=30,start_thres=1.25",hub,0.25,50,16,40,1730,36,1,4,1729,0.9,0.0005780346820809,0.972972972972973,0.027027027027027,0.148509067567912
ni_tfnbs,"e=1.1,h=10.0,n=30,start_thres=1.25",hub,0.25,50,16,40,1730,34,1,6,1729,0.85,0.0005780346820809,0.9714285714285714,0.0285714285714285,0.148509067567912
ni_tfnbs,"e=1.2,h=0.5,n=30,start_thres=1.25",hub,0.25,50,16,40,1730,36,8,4,1722,0.9,0.0046242774566473,0.8181818181818182,0.1818181818181818,0.148509067567912
ni_tfnbs,"e=1.2,h=1.0,n=30,start_thres=1.25",hub,0.25,50,16,40,1730,37,8,3,1722,0.925,0.0046242774566473,0.8222222222222222,0.1777777777777777,0.148509067567912
ni_tfnbs,"e=1.2,h=2.0,n=30,start_thres=1.25",hub,0.25,50,16,40,1730,37,7,3,1723,0.925,0.0040462427745664,0.8409090909090909,0.1590909090909091,0.148509067567912
ni_tfnbs,"e=1.2,h=3.0,n=30,start_thres=1.25",hub,0.25,50,16,40,1730,38,7,2,1723,0.95,0.0040462427745664,0.8444444444444444,0.1555555555555555,0.148509067567912
ni_tfnbs,"e=1.2,h=4.0,n=30,start_thres=1.25",hub,0.25,50,16,40,1730,37,7,3,1723,0.925,0.0040462427745664,0.8409090909090909,0.1590909090909091,0.148509067567912
ni_tfnbs,"e=1.2,h=5.0,n=30,start_thres=1.25",hub,0.25,50,16,40,1730,37,5,3,1725,0.925,0.0028901734104046,0.8809523809523809,0.119047619047619,0.148509067567912
ni_tfnbs,"e=1.2,h=6.0,n=30,start_thres=1.25",hub,0.25,50,16,40,1730,37,4,3,1726,0.925,0.0023121387283236,0.902439024390244,0.0975609756097561,0.148509067567912
ni_tfnbs,"e=1.2,h=7.0,n=30,start_thres=1.25",hub,0.25,50,16,40,1730,36,3,4,1727,0.9,0.0017341040462427,0.9230769230769232,0.0769230769230769,0.148509067567912
ni_tfnbs,"e=1.2,h=8.0,n=30,start_thres=1.25",hub,0.25,50,16,40,1730,36,2,4,1728,0.9,0.0011560693641618,0.9473684210526316,0.0526315789473684,0.148509067567912
ni_tfnbs,"e=1.2,h=9.0,n=30,start_thres=1.25",hub,0.25,50,16,40,1730,36,2,4,1728,0.9,0.0011560693641618,0.9473684210526316,0.0526315789473684,0.148509067567912
ni_tfnbs,"e=1.2,h=10.0,n=30,start_thres=1.25",hub,0.25,50,16,40,1730,36,1,4,1729,0.9,0.0005780346820809,0.972972972972973,0.027027027027027,0.148509067567912
ni_tfnbs,"e=1.3,h=0.5,n=30,start_thres=1.25",hub,0.25,50,16,40,1730,36,8,4,1722,0.9,0.0046242774566473,0.8181818181818182,0.1818181818181818,0.148509067567912
ni_tfnbs,"e=1.3,h=1.0,n=30,start_thres=1.25",hub,0.25,50,16,40,1730,37,8,3,1722,0.925,0.0046242774566473,0.8222222222222222,0.1777777777777777,0.148509067567912
ni_tfnbs,"e=1.3,h=2.0,n=30,start_thres=1.25",hub,0.25,50,16,40,1730,37,8,3,1722,0.925,0.0046242774566473,0.8222222222222222,0.1777777777777777,0.148509067567912
ni_tfnbs,"e=1.3,h=3.0,n=30,start_thres=1.25",hub,0.25,50,16,40,1730,38,8,2,1722,0.95,0.0046242774566473,0.8260869565217391,0.1739130434782608,0.148509067567912
ni_tfnbs,"e=1.3,h=4.0,n=30,start_thres=1.25",hub,0.25,50,16,40,1730,38,7,2,1723,0.95,0.0040462427745664,0.8444444444444444,0.1555555555555555,0.148509067567912
ni_tfnbs,"e=1.3,h=5.0,n=30,start_thres=1.25",hub,0.25,50,16,40,1730,37,6,3,1724,0.925,0.0034682080924855,0.8604651162790697,0.1395348837209302,0.148509067567912
ni_tfnbs,"e=1.3,h=6.0,n=30,start_thres=1.25",hub,0.25,50,16,40,1730,37,5,3,1725,0.925,0.0028901734104046,0.8809523809523809,0.119047619047619,0.148509067567912
ni_tfnbs,"e=1.3,h=7.0,n=30,start_thres=1.25",hub,0.25,50,16,40,1730,36,3,4,1727,0.9,0.0017341040462427,0.9230769230769232,0.0769230769230769,0.148509067567912
ni_tfnbs,"e=1.3,h=8.0,n=30,start_thres=1.25",hub,0.25,50,16,40,1730,36,3,4,1727,0.9,0.0017341040462427,0.9230769230769232,0.0769230769230769,0.148509067567912
ni_tfnbs,"e=1.3,h=9.0,n=30,start_thres=1.25",hub,0.25,50,16,40,1730,36,2,4,1728,0.9,0.0011560693641618,0.9473684210526316,0.0526315789473684,0.148509067567912
ni_tfnbs,"e=1.3,h=10.0,n=30,start_thres=1.25",hub,0.25,50,16,40,1730,36,2,4,1728,0.9,0.0011560693641618,0.9473684210526316,0.0526315789473684,0.148509067567912
ni_tfnbs,"e=1.4,h=0.5,n=30,start_thres=1.25",hub,0.25,50,16,40,1730,36,9,4,1721,0.9,0.0052023121387283,0.8,0.2,0.148509067567912
ni_tfnbs,"e=1.4,h=1.0,n=30,start_thres=1.25",hub,0.25,50,16,40,1730,37,9,3,1721,0.925,0.0052023121387283,0.8043478260869565,0.1956521739130435,0.148509067567912
ni_tfnbs,"e=1.4,h=2.0,n=30,start_thres=1.25",hub,0.25,50,16,40,1730,37,9,3,1721,0.925,0.0052023121387283,0.8043478260869565,0.1956521739130435,0.148509067567912
ni_tfnbs,"e=1.4,h=3.0,n=30,start_thres=1.25",hub,0.25,50,16,40,1730,38,8,2,1722,0.95,0.0046242774566473,0.8260869565217391,0.1739130434782608,0.148509067567912
ni_tfnbs,"e=1.4,h=4.0,n=30,start_thres=1.25",hub,0.25,50,16,40,1730,38,7,2,1723,0.95,0.0040462427745664,0.8444444444444444,0.1555555555555555,0.148509067567912
ni_tfnbs,"e=1.4,h=5.0,n=30,start_thres=1.25",hub,0.25,50,16,40,1730,38,7,2,1723,0.95,0.0040462427745664,0.8444444444444444,0.1555555555555555,0.148509067567912
ni_tfnbs,"e=1.4,h=6.0,n=30,start_thres=1.25",hub,0.25,50,16,40,1730,37,6,3,1724,0.925,0.0034682080924855,0.8604651162790697,0.1395348837209302,0.148509067567912
ni_tfnbs,"e=1.4,h=7.0,n=30,start_thres=1.25",hub,0.25,50,16,40,1730,37,4,3,1726,0.925,0.0023121387283236,0.902439024390244,0.0975609756097561,0.148509067567912
ni_tfnbs,"e=1.4,h=8.0,n=30,start_thres=1.25",hub,0.25,50,16,40,1730,36,3,4,1727,0.9,0.0017341040462427,0.9230769230769232,0.0769230769230769,0.148509067567912
ni_tfnbs,"e=1.4,h=9.0,n=30,start_thres=1.25",hub,0.25,50,16,40,1730,36,3,4,1727,0.9,0.0017341040462427,0.9230769230769232,0.0769230769230769,0.148509067567912
ni_tfnbs,"e=1.4,h=10.0,n=30,start_thres=1.25",hub,0.25,50,16,40,1730,36,2,4,1728,0.9,0.0011560693641618,0.9473684210526316,0.0526315789473684,0.148509067567912
ni_tfnbs,"e=1.5,h=0.5,n=30,start_thres=1.25",hub,0.25,50,16,40,1730,36,9,4,1721,0.9,0.0052023121387283,0.8,0.2,0.148509067567912
ni_tfnbs,"e=1.5,h=1.0,n=30,start_thres=1.25",hub,0.25,50,16,40,1730,36,9,4,1721,0.9,0.0052023121387283,0.8,0.2,0.148509067567912
ni_tfnbs,"e=1.5,h=2.0,n=30,start_thres=1.25",hub,0.25,50,16,40,1730,37,9,3,1721,0.925,0.0052023121387283,0.8043478260869565,0.1956521739130435,0.148509067567912
ni_tfnbs,"e=1.5,h=3.0,n=30,start_thres=1.25",hub,0.25,50,16,40,1730,38,9,2,1721,0.95,0.0052023121387283,0.8085106382978723,0.1914893617021276,0.148509067567912
ni_tfnbs,"e=1.5,h=4.0,n=30,start_thres=1.25",hub,0.25,50,16,40,1730,38,8,2,1722,0.95,0.0046242774566473,0.8260869565217391,0.1739130434782608,0.148509067567912
ni_tfnbs,"e=1.5,h=5.0,n=30,start_thres=1.25",hub,0.25,50,16,40,1730,38,7,2,1723,0.95,0.0040462427745664,0.8444444444444444,0.1555555555555555,0.148509067567912
ni_tfnbs,"e=1.5,h=6.0,n=30,start_thres=1.25",hub,0.25,50,16,40,1730,38,7,2,1723,0.95,0.0040462427745664,0.8444444444444444,0.1555555555555555,0.148509067567912
ni_tfnbs,"e=1.5,h=7.0,n=30,start_thres=1.25",hub,0.25,50,16,40,1730,37,5,3,1725,0.925,0.0028901734104046,0.8809523809523809,0.119047619047619,0.148509067567912
ni_tfnbs,"e=1.5,h=8.0,n=30,start_thres=1.25",hub,0.25,50,16,40,1730,37,4,3,1726,0.925,0.0023121387283236,0.902439024390244,0.0975609756097561,0.148509067567912
ni_tfnbs,"e=1.5,h=9.0,n=30,start_thres=1.25",hub,0.25,50,16,40,1730,36,3,4,1727,0.9,0.0017341040462427,0.9230769230769232,0.0769230769230769,0.148509067567912
ni_tfnbs,"e=1.5,h=10.0,n=30,start_thres=1.25",hub,0.25,50,16,40,1730,36,3,4,1727,0.9,0.0017341040462427,0.9230769230769232,0.0769230769230769,0.148509067567912
ni_tfnbs,"e=0.05,h=0.5,n=30,start_thres=1.25",hub,0.25,50,17,40,1730,15,0,25,1730,0.375,0.0,1.0,0.0,0.1452201591296629
ni_tfnbs,"e=0.05,h=1.0,n=30,start_thres=1.25",hub,0.25,50,17,40,1730,15,0,25,1730,0.375,0.0,1.0,0.0,0.1452201591296629
ni_tfnbs,"e=0.05,h=2.0,n=30,start_thres=1.25",hub,0.25,50,17,40,1730,15,0,25,1730,0.375,0.0,1.0,0.0,0.1452201591296629
ni_tfnbs,"e=0.05,h=3.0,n=30,start_thres=1.25",hub,0.25,50,17,40,1730,15,0,25,1730,0.375,0.0,1.0,0.0,0.1452201591296629
ni_tfnbs,"e=0.05,h=4.0,n=30,start_thres=1.25",hub,0.25,50,17,40,1730,15,0,25,1730,0.375,0.0,1.0,0.0,0.1452201591296629
ni_tfnbs,"e=0.05,h=5.0,n=30,start_thres=1.25",hub,0.25,50,17,40,1730,15,0,25,1730,0.375,0.0,1.0,0.0,0.1452201591296629
ni_tfnbs,"e=0.05,h=6.0,n=30,start_thres=1.25",hub,0.25,50,17,40,1730,15,0,25,1730,0.375,0.0,1.0,0.0,0.1452201591296629
ni_tfnbs,"e=0.05,h=7.0,n=30,start_thres=1.25",hub,0.25,50,17,40,1730,15,0,25,1730,0.375,0.0,1.0,0.0,0.1452201591296629
ni_tfnbs,"e=0.05,h=8.0,n=30,start_thres=1.25",hub,0.25,50,17,40,1730,15,0,25,1730,0.375,0.0,1.0,0.0,0.1452201591296629
ni_tfnbs,"e=0.05,h=9.0,n=30,start_thres=1.25",hub,0.25,50,17,40,1730,15,0,25,1730,0.375,0.0,1.0,0.0,0.1452201591296629
ni_tfnbs,"e=0.05,h=10.0,n=30,start_thres=1.25",hub,0.25,50,17,40,1730,15,0,25,1730,0.375,0.0,1.0,0.0,0.1452201591296629
ni_tfnbs,"e=0.1,h=0.5,n=30,start_thres=1.25",hub,0.25,50,17,40,1730,17,0,23,1730,0.425,0.0,1.0,0.0,0.1452201591296629
ni_tfnbs,"e=0.1,h=1.0,n=30,start_thres=1.25",hub,0.25,50,17,40,1730,17,0,23,1730,0.425,0.0,1.0,0.0,0.1452201591296629
ni_tfnbs,"e=0.1,h=2.0,n=30,start_thres=1.25",hub,0.25,50,17,40,1730,17,0,23,1730,0.425,0.0,1.0,0.0,0.1452201591296629
ni_tfnbs,"e=0.1,h=3.0,n=30,start_thres=1.25",hub,0.25,50,17,40,1730,17,0,23,1730,0.425,0.0,1.0,0.0,0.1452201591296629
ni_tfnbs,"e=0.1,h=4.0,n=30,start_thres=1.25",hub,0.25,50,17,40,1730,17,0,23,1730,0.425,0.0,1.0,0.0,0.1452201591296629
ni_tfnbs,"e=0.1,h=5.0,n=30,start_thres=1.25",hub,0.25,50,17,40,1730,16,0,24,1730,0.4,0.0,1.0,0.0,0.1452201591296629
ni_tfnbs,"e=0.1,h=6.0,n=30,start_thres=1.25",hub,0.25,50,17,40,1730,16,0,24,1730,0.4,0.0,1.0,0.0,0.1452201591296629
ni_tfnbs,"e=0.1,h=7.0,n=30,start_thres=1.25",hub,0.25,50,17,40,1730,15,0,25,1730,0.375,0.0,1.0,0.0,0.1452201591296629
ni_tfnbs,"e=0.1,h=8.0,n=30,start_thres=1.25",hub,0.25,50,17,40,1730,15,0,25,1730,0.375,0.0,1.0,0.0,0.1452201591296629
ni_tfnbs,"e=0.1,h=9.0,n=30,start_thres=1.25",hub,0.25,50,17,40,1730,15,0,25,1730,0.375,0.0,1.0,0.0,0.1452201591296629
ni_tfnbs,"e=0.1,h=10.0,n=30,start_thres=1.25",hub,0.25,50,17,40,1730,15,0,25,1730,0.375,0.0,1.0,0.0,0.1452201591296629
ni_tfnbs,"e=0.2,h=0.5,n=30,start_thres=1.25",hub,0.25,50,17,40,1730,18,0,22,1730,0.45,0.0,1.0,0.0,0.1452201591296629
ni_tfnbs,"e=0.2,h=1.0,n=30,start_thres=1.25",hub,0.25,50,17,40,1730,18,0,22,1730,0.45,0.0,1.0,0.0,0.1452201591296629
ni_tfnbs,"e=0.2,h=2.0,n=30,start_thres=1.25",hub,0.25,50,17,40,1730,18,0,22,1730,0.45,0.0,1.0,0.0,0.1452201591296629
ni_tfnbs,"e=0.2,h=3.0,n=30,start_thres=1.25",hub,0.25,50,17,40,1730,17,0,23,1730,0.425,0.0,1.0,0.0,0.1452201591296629
ni_tfnbs,"e=0.2,h=4.0,n=30,start_thres=1.25",hub,0.25,50,17,40,1730,17,0,23,1730,0.425,0.0,1.0,0.0,0.1452201591296629
ni_tfnbs,"e=0.2,h=5.0,n=30,start_thres=1.25",hub,0.25,50,17,40,1730,17,0,23,1730,0.425,0.0,1.0,0.0,0.1452201591296629
ni_tfnbs,"e=0.2,h=6.0,n=30,start_thres=1.25",hub,0.25,50,17,40,1730,17,0,23,1730,0.425,0.0,1.0,0.0,0.1452201591296629
ni_tfnbs,"e=0.2,h=7.0,n=30,start_thres=1.25",hub,0.25,50,17,40,1730,17,0,23,1730,0.425,0.0,1.0,0.0,0.1452201591296629
ni_tfnbs,"e=0.2,h=8.0,n=30,start_thres=1.25",hub,0.25,50,17,40,1730,17,0,23,1730,0.425,0.0,1.0,0.0,0.1452201591296629
ni_tfnbs,"e=0.2,h=9.0,n=30,start_thres=1.25",hub,0.25,50,17,40,1730,17,0,23,1730,0.425,0.0,1.0,0.0,0.1452201591296629
ni_tfnbs,"e=0.2,h=10.0,n=30,start_thres=1.25",hub,0.25,50,17,40,1730,16,0,24,1730,0.4,0.0,1.0,0.0,0.1452201591296629
ni_tfnbs,"e=0.3,h=0.5,n=30,start_thres=1.25",hub,0.25,50,17,40,1730,22,0,18,1730,0.55,0.0,1.0,0.0,0.1452201591296629
ni_tfnbs,"e=0.3,h=1.0,n=30,start_thres=1.25",hub,0.25,50,17,40,1730,20,0,20,1730,0.5,0.0,1.0,0.0,0.1452201591296629
ni_tfnbs,"e=0.3,h=2.0,n=30,start_thres=1.25",hub,0.25,50,17,40,1730,19,0,21,1730,0.475,0.0,1.0,0.0,0.1452201591296629
ni_tfnbs,"e=0.3,h=3.0,n=30,start_thres=1.25",hub,0.25,50,17,40,1730,18,0,22,1730,0.45,0.0,1.0,0.0,0.1452201591296629
ni_tfnbs,"e=0.3,h=4.0,n=30,start_thres=1.25",hub,0.25,50,17,40,1730,18,0,22,1730,0.45,0.0,1.0,0.0,0.1452201591296629
ni_tfnbs,"e=0.3,h=5.0,n=30,start_thres=1.25",hub,0.25,50,17,40,1730,18,0,22,1730,0.45,0.0,1.0,0.0,0.1452201591296629
ni_tfnbs,"e=0.3,h=6.0,n=30,start_thres=1.25",hub,0.25,50,17,40,1730,17,0,23,1730,0.425,0.0,1.0,0.0,0.1452201591296629
ni_tfnbs,"e=0.3,h=7.0,n=30,start_thres=1.25",hub,0.25,50,17,40,1730,17,0,23,1730,0.425,0.0,1.0,0.0,0.1452201591296629
ni_tfnbs,"e=0.3,h=8.0,n=30,start_thres=1.25",hub,0.25,50,17,40,1730,17,0,23,1730,0.425,0.0,1.0,0.0,0.1452201591296629
ni_tfnbs,"e=0.3,h=9.0,n=30,start_thres=1.25",hub,0.25,50,17,40,1730,17,0,23,1730,0.425,0.0,1.0,0.0,0.1452201591296629
ni_tfnbs,"e=0.3,h=10.0,n=30,start_thres=1.25",hub,0.25,50,17,40,1730,17,0,23,1730,0.425,0.0,1.0,0.0,0.1452201591296629
ni_tfnbs,"e=0.4,h=0.5,n=30,start_thres=1.25",hub,0.25,50,17,40,1730,24,0,16,1730,0.6,0.0,1.0,0.0,0.1452201591296629
ni_tfnbs,"e=0.4,h=1.0,n=30,start_thres=1.25",hub,0.25,50,17,40,1730,24,0,16,1730,0.6,0.0,1.0,0.0,0.1452201591296629
ni_tfnbs,"e=0.4,h=2.0,n=30,start_thres=1.25",hub,0.25,50,17,40,1730,23,0,17,1730,0.575,0.0,1.0,0.0,0.1452201591296629
ni_tfnbs,"e=0.4,h=3.0,n=30,start_thres=1.25",hub,0.25,50,17,40,1730,22,0,18,1730,0.55,0.0,1.0,0.0,0.1452201591296629
ni_tfnbs,"e=0.4,h=4.0,n=30,start_thres=1.25",hub,0.25,50,17,40,1730,19,0,21,1730,0.475,0.0,1.0,0.0,0.1452201591296629
ni_tfnbs,"e=0.4,h=5.0,n=30,start_thres=1.25",hub,0.25,50,17,40,1730,18,0,22,1730,0.45,0.0,1.0,0.0,0.1452201591296629
ni_tfnbs,"e=0.4,h=6.0,n=30,start_thres=1.25",hub,0.25,50,17,40,1730,18,0,22,1730,0.45,0.0,1.0,0.0,0.1452201591296629
ni_tfnbs,"e=0.4,h=7.0,n=30,start_thres=1.25",hub,0.25,50,17,40,1730,18,0,22,1730,0.45,0.0,1.0,0.0,0.1452201591296629
ni_tfnbs,"e=0.4,h=8.0,n=30,start_thres=1.25",hub,0.25,50,17,40,1730,17,0,23,1730,0.425,0.0,1.0,0.0,0.1452201591296629
ni_tfnbs,"e=0.4,h=9.0,n=30,start_thres=1.25",hub,0.25,50,17,40,1730,17,0,23,1730,0.425,0.0,1.0,0.0,0.1452201591296629
ni_tfnbs,"e=0.4,h=10.0,n=30,start_thres=1.25",hub,0.25,50,17,40,1730,17,0,23,1730,0.425,0.0,1.0,0.0,0.1452201591296629
ni_tfnbs,"e=0.5,h=0.5,n=30,start_thres=1.25",hub,0.25,50,17,40,1730,29,0,11,1730,0.725,0.0,1.0,0.0,0.1452201591296629
ni_tfnbs,"e=0.5,h=1.0,n=30,start_thres=1.25",hub,0.25,50,17,40,1730,26,0,14,1730,0.65,0.0,1.0,0.0,0.1452201591296629
ni_tfnbs,"e=0.5,h=2.0,n=30,start_thres=1.25",hub,0.25,50,17,40,1730,24,0,16,1730,0.6,0.0,1.0,0.0,0.1452201591296629
ni_tfnbs,"e=0.5,h=3.0,n=30,start_thres=1.25",hub,0.25,50,17,40,1730,23,0,17,1730,0.575,0.0,1.0,0.0,0.1452201591296629
ni_tfnbs,"e=0.5,h=4.0,n=30,start_thres=1.25",hub,0.25,50,17,40,1730,22,0,18,1730,0.55,0.0,1.0,0.0,0.1452201591296629
ni_tfnbs,"e=0.5,h=5.0,n=30,start_thres=1.25",hub,0.25,50,17,40,1730,19,0,21,1730,0.475,0.0,1.0,0.0,0.1452201591296629
ni_tfnbs,"e=0.5,h=6.0,n=30,start_thres=1.25",hub,0.25,50,17,40,1730,18,0,22,1730,0.45,0.0,1.0,0.0,0.1452201591296629
ni_tfnbs,"e=0.5,h=7.0,n=30,start_thres=1.25",hub,0.25,50,17,40,1730,18,0,22,1730,0.45,0.0,1.0,0.0,0.1452201591296629
ni_tfnbs,"e=0.5,h=8.0,n=30,start_thres=1.25",hub,0.25,50,17,40,1730,18,0,22,1730,0.45,0.0,1.0,0.0,0.1452201591296629
ni_tfnbs,"e=0.5,h=9.0,n=30,start_thres=1.25",hub,0.25,50,17,40,1730,18,0,22,1730,0.45,0.0,1.0,0.0,0.1452201591296629
ni_tfnbs,"e=0.5,h=10.0,n=30,start_thres=1.25",hub,0.25,50,17,40,1730,17,0,23,1730,0.425,0.0,1.0,0.0,0.1452201591296629
ni_tfnbs,"e=0.6,h=0.5,n=30,start_thres=1.25",hub,0.25,50,17,40,1730,29,0,11,1730,0.725,0.0,1.0,0.0,0.1452201591296629
ni_tfnbs,"e=0.6,h=1.0,n=30,start_thres=1.25",hub,0.25,50,17,40,1730,29,0,11,1730,0.725,0.0,1.0,0.0,0.1452201591296629
ni_tfnbs,"e=0.6,h=2.0,n=30,start_thres=1.25",hub,0.25,50,17,40,1730,29,0,11,1730,0.725,0.0,1.0,0.0,0.1452201591296629
ni_tfnbs,"e=0.6,h=3.0,n=30,start_thres=1.25",hub,0.25,50,17,40,1730,26,0,14,1730,0.65,0.0,1.0,0.0,0.1452201591296629
ni_tfnbs,"e=0.6,h=4.0,n=30,start_thres=1.25",hub,0.25,50,17,40,1730,23,0,17,1730,0.575,0.0,1.0,0.0,0.1452201591296629
ni_tfnbs,"e=0.6,h=5.0,n=30,start_thres=1.25",hub,0.25,50,17,40,1730,22,0,18,1730,0.55,0.0,1.0,0.0,0.1452201591296629
ni_tfnbs,"e=0.6,h=6.0,n=30,start_thres=1.25",hub,0.25,50,17,40,1730,21,0,19,1730,0.525,0.0,1.0,0.0,0.1452201591296629
ni_tfnbs,"e=0.6,h=7.0,n=30,start_thres=1.25",hub,0.25,50,17,40,1730,19,0,21,1730,0.475,0.0,1.0,0.0,0.1452201591296629
ni_tfnbs,"e=0.6,h=8.0,n=30,start_thres=1.25",hub,0.25,50,17,40,1730,18,0,22,1730,0.45,0.0,1.0,0.0,0.1452201591296629
ni_tfnbs,"e=0.6,h=9.0,n=30,start_thres=1.25",hub,0.25,50,17,40,1730,18,0,22,1730,0.45,0.0,1.0,0.0,0.1452201591296629
ni_tfnbs,"e=0.6,h=10.0,n=30,start_thres=1.25",hub,0.25,50,17,40,1730,18,0,22,1730,0.45,0.0,1.0,0.0,0.1452201591296629
ni_tfnbs,"e=0.7,h=0.5,n=30,start_thres=1.25",hub,0.25,50,17,40,1730,32,0,8,1730,0.8,0.0,1.0,0.0,0.1452201591296629
ni_tfnbs,"e=0.7,h=1.0,n=30,start_thres=1.25",hub,0.25,50,17,40,1730,32,0,8,1730,0.8,0.0,1.0,0.0,0.1452201591296629
ni_tfnbs,"e=0.7,h=2.0,n=30,start_thres=1.25",hub,0.25,50,17,40,1730,30,0,10,1730,0.75,0.0,1.0,0.0,0.1452201591296629
ni_tfnbs,"e=0.7,h=3.0,n=30,start_thres=1.25",hub,0.25,50,17,40,1730,29,0,11,1730,0.725,0.0,1.0,0.0,0.1452201591296629
ni_tfnbs,"e=0.7,h=4.0,n=30,start_thres=1.25",hub,0.25,50,17,40,1730,26,0,14,1730,0.65,0.0,1.0,0.0,0.1452201591296629
ni_tfnbs,"e=0.7,h=5.0,n=30,start_thres=1.25",hub,0.25,50,17,40,1730,24,0,16,1730,0.6,0.0,1.0,0.0,0.1452201591296629
ni_tfnbs,"e=0.7,h=6.0,n=30,start_thres=1.25",hub,0.25,50,17,40,1730,23,0,17,1730,0.575,0.0,1.0,0.0,0.1452201591296629
ni_tfnbs,"e=0.7,h=7.0,n=30,start_thres=1.25",hub,0.25,50,17,40,1730,21,0,19,1730,0.525,0.0,1.0,0.0,0.1452201591296629
ni_tfnbs,"e=0.7,h=8.0,n=30,start_thres=1.25",hub,0.25,50,17,40,1730,19,0,21,1730,0.475,0.0,1.0,0.0,0.1452201591296629
ni_tfnbs,"e=0.7,h=9.0,n=30,start_thres=1.25",hub,0.25,50,17,40,1730,18,0,22,1730,0.45,0.0,1.0,0.0,0.1452201591296629
ni_tfnbs,"e=0.7,h=10.0,n=30,start_thres=1.25",hub,0.25,50,17,40,1730,18,0,22,1730,0.45,0.0,1.0,0.0,0.1452201591296629
ni_tfnbs,"e=0.8,h=0.5,n=30,start_thres=1.25",hub,0.25,50,17,40,1730,32,0,8,1730,0.8,0.0,1.0,0.0,0.1452201591296629
ni_tfnbs,"e=0.8,h=1.0,n=30,start_thres=1.25",hub,0.25,50,17,40,1730,32,0,8,1730,0.8,0.0,1.0,0.0,0.1452201591296629
ni_tfnbs,"e=0.8,h=2.0,n=30,start_thres=1.25",hub,0.25,50,17,40,1730,32,0,8,1730,0.8,0.0,1.0,0.0,0.1452201591296629
ni_tfnbs,"e=0.8,h=3.0,n=30,start_thres=1.25",hub,0.25,50,17,40,1730,30,0,10,1730,0.75,0.0,1.0,0.0,0.1452201591296629
ni_tfnbs,"e=0.8,h=4.0,n=30,start_thres=1.25",hub,0.25,50,17,40,1730,29,0,11,1730,0.725,0.0,1.0,0.0,0.1452201591296629
ni_tfnbs,"e=0.8,h=5.0,n=30,start_thres=1.25",hub,0.25,50,17,40,1730,26,0,14,1730,0.65,0.0,1.0,0.0,0.1452201591296629
ni_tfnbs,"e=0.8,h=6.0,n=30,start_thres=1.25",hub,0.25,50,17,40,1730,24,0,16,1730,0.6,0.0,1.0,0.0,0.1452201591296629
ni_tfnbs,"e=0.8,h=7.0,n=30,start_thres=1.25",hub,0.25,50,17,40,1730,23,0,17,1730,0.575,0.0,1.0,0.0,0.1452201591296629
ni_tfnbs,"e=0.8,h=8.0,n=30,start_thres=1.25",hub,0.25,50,17,40,1730,21,0,19,1730,0.525,0.0,1.0,0.0,0.1452201591296629
ni_tfnbs,"e=0.8,h=9.0,n=30,start_thres=1.25",hub,0.25,50,17,40,1730,19,0,21,1730,0.475,0.0,1.0,0.0,0.1452201591296629
ni_tfnbs,"e=0.8,h=10.0,n=30,start_thres=1.25",hub,0.25,50,17,40,1730,18,0,22,1730,0.45,0.0,1.0,0.0,0.1452201591296629
ni_tfnbs,"e=0.9,h=0.5,n=30,start_thres=1.25",hub,0.25,50,17,40,1730,32,0,8,1730,0.8,0.0,1.0,0.0,0.1452201591296629
ni_tfnbs,"e=0.9,h=1.0,n=30,start_thres=1.25",hub,0.25,50,17,40,1730,32,2,8,1728,0.8,0.0011560693641618,0.9411764705882352,0.0588235294117647,0.1452201591296629
ni_tfnbs,"e=0.9,h=2.0,n=30,start_thres=1.25",hub,0.25,50,17,40,1730,32,0,8,1730,0.8,0.0,1.0,0.0,0.1452201591296629
ni_tfnbs,"e=0.9,h=3.0,n=30,start_thres=1.25",hub,0.25,50,17,40,1730,32,0,8,1730,0.8,0.0,1.0,0.0,0.1452201591296629
ni_tfnbs,"e=0.9,h=4.0,n=30,start_thres=1.25",hub,0.25,50,17,40,1730,30,0,10,1730,0.75,0.0,1.0,0.0,0.1452201591296629
ni_tfnbs,"e=0.9,h=5.0,n=30,start_thres=1.25",hub,0.25,50,17,40,1730,29,0,11,1730,0.725,0.0,1.0,0.0,0.1452201591296629
ni_tfnbs,"e=0.9,h=6.0,n=30,start_thres=1.25",hub,0.25,50,17,40,1730,26,0,14,1730,0.65,0.0,1.0,0.0,0.1452201591296629
ni_tfnbs,"e=0.9,h=7.0,n=30,start_thres=1.25",hub,0.25,50,17,40,1730,23,0,17,1730,0.575,0.0,1.0,0.0,0.1452201591296629
ni_tfnbs,"e=0.9,h=8.0,n=30,start_thres=1.25",hub,0.25,50,17,40,1730,23,0,17,1730,0.575,0.0,1.0,0.0,0.1452201591296629
ni_tfnbs,"e=0.9,h=9.0,n=30,start_thres=1.25",hub,0.25,50,17,40,1730,21,0,19,1730,0.525,0.0,1.0,0.0,0.1452201591296629
ni_tfnbs,"e=0.9,h=10.0,n=30,start_thres=1.25",hub,0.25,50,17,40,1730,21,0,19,1730,0.525,0.0,1.0,0.0,0.1452201591296629
ni_tfnbs,"e=1.0,h=0.5,n=30,start_thres=1.25",hub,0.25,50,17,40,1730,33,2,7,1728,0.825,0.0011560693641618,0.9428571428571428,0.0571428571428571,0.1452201591296629
ni_tfnbs,"e=1.0,h=1.0,n=30,start_thres=1.25",hub,0.25,50,17,40,1730,33,2,7,1728,0.825,0.0011560693641618,0.9428571428571428,0.0571428571428571,0.1452201591296629
ni_tfnbs,"e=1.0,h=2.0,n=30,start_thres=1.25",hub,0.25,50,17,40,1730,32,2,8,1728,0.8,0.0011560693641618,0.9411764705882352,0.0588235294117647,0.1452201591296629
ni_tfnbs,"e=1.0,h=3.0,n=30,start_thres=1.25",hub,0.25,50,17,40,1730,32,2,8,1728,0.8,0.0011560693641618,0.9411764705882352,0.0588235294117647,0.1452201591296629
ni_tfnbs,"e=1.0,h=4.0,n=30,start_thres=1.25",hub,0.25,50,17,40,1730,32,0,8,1730,0.8,0.0,1.0,0.0,0.1452201591296629
ni_tfnbs,"e=1.0,h=5.0,n=30,start_thres=1.25",hub,0.25,50,17,40,1730,30,0,10,1730,0.75,0.0,1.0,0.0,0.1452201591296629
ni_tfnbs,"e=1.0,h=6.0,n=30,start_thres=1.25",hub,0.25,50,17,40,1730,29,0,11,1730,0.725,0.0,1.0,0.0,0.1452201591296629
ni_tfnbs,"e=1.0,h=7.0,n=30,start_thres=1.25",hub,0.25,50,17,40,1730,26,0,14,1730,0.65,0.0,1.0,0.0,0.1452201591296629
ni_tfnbs,"e=1.0,h=8.0,n=30,start_thres=1.25",hub,0.25,50,17,40,1730,23,0,17,1730,0.575,0.0,1.0,0.0,0.1452201591296629
ni_tfnbs,"e=1.0,h=9.0,n=30,start_thres=1.25",hub,0.25,50,17,40,1730,23,0,17,1730,0.575,0.0,1.0,0.0,0.1452201591296629
ni_tfnbs,"e=1.0,h=10.0,n=30,start_thres=1.25",hub,0.25,50,17,40,1730,21,0,19,1730,0.525,0.0,1.0,0.0,0.1452201591296629
ni_tfnbs,"e=1.1,h=0.5,n=30,start_thres=1.25",hub,0.25,50,17,40,1730,33,2,7,1728,0.825,0.0011560693641618,0.9428571428571428,0.0571428571428571,0.1452201591296629
ni_tfnbs,"e=1.1,h=1.0,n=30,start_thres=1.25",hub,0.25,50,17,40,1730,33,2,7,1728,0.825,0.0011560693641618,0.9428571428571428,0.0571428571428571,0.1452201591296629
ni_tfnbs,"e=1.1,h=2.0,n=30,start_thres=1.25",hub,0.25,50,17,40,1730,33,2,7,1728,0.825,0.0011560693641618,0.9428571428571428,0.0571428571428571,0.1452201591296629
ni_tfnbs,"e=1.1,h=3.0,n=30,start_thres=1.25",hub,0.25,50,17,40,1730,33,2,7,1728,0.825,0.0011560693641618,0.9428571428571428,0.0571428571428571,0.1452201591296629
ni_tfnbs,"e=1.1,h=4.0,n=30,start_thres=1.25",hub,0.25,50,17,40,1730,32,2,8,1728,0.8,0.0011560693641618,0.9411764705882352,0.0588235294117647,0.1452201591296629
ni_tfnbs,"e=1.1,h=5.0,n=30,start_thres=1.25",hub,0.25,50,17,40,1730,32,0,8,1730,0.8,0.0,1.0,0.0,0.1452201591296629
ni_tfnbs,"e=1.1,h=6.0,n=30,start_thres=1.25",hub,0.25,50,17,40,1730,30,0,10,1730,0.75,0.0,1.0,0.0,0.1452201591296629
ni_tfnbs,"e=1.1,h=7.0,n=30,start_thres=1.25",hub,0.25,50,17,40,1730,29,0,11,1730,0.725,0.0,1.0,0.0,0.1452201591296629
ni_tfnbs,"e=1.1,h=8.0,n=30,start_thres=1.25",hub,0.25,50,17,40,1730,24,0,16,1730,0.6,0.0,1.0,0.0,0.1452201591296629
ni_tfnbs,"e=1.1,h=9.0,n=30,start_thres=1.25",hub,0.25,50,17,40,1730,23,0,17,1730,0.575,0.0,1.0,0.0,0.1452201591296629
ni_tfnbs,"e=1.1,h=10.0,n=30,start_thres=1.25",hub,0.25,50,17,40,1730,23,0,17,1730,0.575,0.0,1.0,0.0,0.1452201591296629
ni_tfnbs,"e=1.2,h=0.5,n=30,start_thres=1.25",hub,0.25,50,17,40,1730,33,2,7,1728,0.825,0.0011560693641618,0.9428571428571428,0.0571428571428571,0.1452201591296629
ni_tfnbs,"e=1.2,h=1.0,n=30,start_thres=1.25",hub,0.25,50,17,40,1730,33,2,7,1728,0.825,0.0011560693641618,0.9428571428571428,0.0571428571428571,0.1452201591296629
ni_tfnbs,"e=1.2,h=2.0,n=30,start_thres=1.25",hub,0.25,50,17,40,1730,34,2,6,1728,0.85,0.0011560693641618,0.9444444444444444,0.0555555555555555,0.1452201591296629
ni_tfnbs,"e=1.2,h=3.0,n=30,start_thres=1.25",hub,0.25,50,17,40,1730,34,2,6,1728,0.85,0.0011560693641618,0.9444444444444444,0.0555555555555555,0.1452201591296629
ni_tfnbs,"e=1.2,h=4.0,n=30,start_thres=1.25",hub,0.25,50,17,40,1730,32,2,8,1728,0.8,0.0011560693641618,0.9411764705882352,0.0588235294117647,0.1452201591296629
ni_tfnbs,"e=1.2,h=5.0,n=30,start_thres=1.25",hub,0.25,50,17,40,1730,32,2,8,1728,0.8,0.0011560693641618,0.9411764705882352,0.0588235294117647,0.1452201591296629
ni_tfnbs,"e=1.2,h=6.0,n=30,start_thres=1.25",hub,0.25,50,17,40,1730,32,0,8,1730,0.8,0.0,1.0,0.0,0.1452201591296629
ni_tfnbs,"e=1.2,h=7.0,n=30,start_thres=1.25",hub,0.25,50,17,40,1730,29,0,11,1730,0.725,0.0,1.0,0.0,0.1452201591296629
ni_tfnbs,"e=1.2,h=8.0,n=30,start_thres=1.25",hub,0.25,50,17,40,1730,26,0,14,1730,0.65,0.0,1.0,0.0,0.1452201591296629
ni_tfnbs,"e=1.2,h=9.0,n=30,start_thres=1.25",hub,0.25,50,17,40,1730,24,0,16,1730,0.6,0.0,1.0,0.0,0.1452201591296629
ni_tfnbs,"e=1.2,h=10.0,n=30,start_thres=1.25",hub,0.25,50,17,40,1730,23,0,17,1730,0.575,0.0,1.0,0.0,0.1452201591296629
ni_tfnbs,"e=1.3,h=0.5,n=30,start_thres=1.25",hub,0.25,50,17,40,1730,33,2,7,1728,0.825,0.0011560693641618,0.9428571428571428,0.0571428571428571,0.1452201591296629
ni_tfnbs,"e=1.3,h=1.0,n=30,start_thres=1.25",hub,0.25,50,17,40,1730,33,2,7,1728,0.825,0.0011560693641618,0.9428571428571428,0.0571428571428571,0.1452201591296629
ni_tfnbs,"e=1.3,h=2.0,n=30,start_thres=1.25",hub,0.25,50,17,40,1730,34,2,6,1728,0.85,0.0011560693641618,0.9444444444444444,0.0555555555555555,0.1452201591296629
ni_tfnbs,"e=1.3,h=3.0,n=30,start_thres=1.25",hub,0.25,50,17,40,1730,34,2,6,1728,0.85,0.0011560693641618,0.9444444444444444,0.0555555555555555,0.1452201591296629
ni_tfnbs,"e=1.3,h=4.0,n=30,start_thres=1.25",hub,0.25,50,17,40,1730,34,2,6,1728,0.85,0.0011560693641618,0.9444444444444444,0.0555555555555555,0.1452201591296629
ni_tfnbs,"e=1.3,h=5.0,n=30,start_thres=1.25",hub,0.25,50,17,40,1730,34,2,6,1728,0.85,0.0011560693641618,0.9444444444444444,0.0555555555555555,0.1452201591296629
ni_tfnbs,"e=1.3,h=6.0,n=30,start_thres=1.25",hub,0.25,50,17,40,1730,32,2,8,1728,0.8,0.0011560693641618,0.9411764705882352,0.0588235294117647,0.1452201591296629
ni_tfnbs,"e=1.3,h=7.0,n=30,start_thres=1.25",hub,0.25,50,17,40,1730,32,0,8,1730,0.8,0.0,1.0,0.0,0.1452201591296629
ni_tfnbs,"e=1.3,h=8.0,n=30,start_thres=1.25",hub,0.25,50,17,40,1730,29,0,11,1730,0.725,0.0,1.0,0.0,0.1452201591296629
ni_tfnbs,"e=1.3,h=9.0,n=30,start_thres=1.25",hub,0.25,50,17,40,1730,26,0,14,1730,0.65,0.0,1.0,0.0,0.1452201591296629
ni_tfnbs,"e=1.3,h=10.0,n=30,start_thres=1.25",hub,0.25,50,17,40,1730,24,0,16,1730,0.6,0.0,1.0,0.0,0.1452201591296629
ni_tfnbs,"e=1.4,h=0.5,n=30,start_thres=1.25",hub,0.25,50,17,40,1730,31,2,9,1728,0.775,0.0011560693641618,0.9393939393939394,0.0606060606060606,0.1452201591296629
ni_tfnbs,"e=1.4,h=1.0,n=30,start_thres=1.25",hub,0.25,50,17,40,1730,33,2,7,1728,0.825,0.0011560693641618,0.9428571428571428,0.0571428571428571,0.1452201591296629
ni_tfnbs,"e=1.4,h=2.0,n=30,start_thres=1.25",hub,0.25,50,17,40,1730,34,2,6,1728,0.85,0.0011560693641618,0.9444444444444444,0.0555555555555555,0.1452201591296629
ni_tfnbs,"e=1.4,h=3.0,n=30,start_thres=1.25",hub,0.25,50,17,40,1730,34,2,6,1728,0.85,0.0011560693641618,0.9444444444444444,0.0555555555555555,0.1452201591296629
ni_tfnbs,"e=1.4,h=4.0,n=30,start_thres=1.25",hub,0.25,50,17,40,1730,34,2,6,1728,0.85,0.0011560693641618,0.9444444444444444,0.0555555555555555,0.1452201591296629
ni_tfnbs,"e=1.4,h=5.0,n=30,start_thres=1.25",hub,0.25,50,17,40,1730,34,2,6,1728,0.85,0.0011560693641618,0.9444444444444444,0.0555555555555555,0.1452201591296629
ni_tfnbs,"e=1.4,h=6.0,n=30,start_thres=1.25",hub,0.25,50,17,40,1730,32,2,8,1728,0.8,0.0011560693641618,0.9411764705882352,0.0588235294117647,0.1452201591296629
ni_tfnbs,"e=1.4,h=7.0,n=30,start_thres=1.25",hub,0.25,50,17,40,1730,32,0,8,1730,0.8,0.0,1.0,0.0,0.1452201591296629
ni_tfnbs,"e=1.4,h=8.0,n=30,start_thres=1.25",hub,0.25,50,17,40,1730,30,0,10,1730,0.75,0.0,1.0,0.0,0.1452201591296629
ni_tfnbs,"e=1.4,h=9.0,n=30,start_thres=1.25",hub,0.25,50,17,40,1730,29,0,11,1730,0.725,0.0,1.0,0.0,0.1452201591296629
ni_tfnbs,"e=1.4,h=10.0,n=30,start_thres=1.25",hub,0.25,50,17,40,1730,26,0,14,1730,0.65,0.0,1.0,0.0,0.1452201591296629
ni_tfnbs,"e=1.5,h=0.5,n=30,start_thres=1.25",hub,0.25,50,17,40,1730,31,2,9,1728,0.775,0.0011560693641618,0.9393939393939394,0.0606060606060606,0.1452201591296629
ni_tfnbs,"e=1.5,h=1.0,n=30,start_thres=1.25",hub,0.25,50,17,40,1730,33,2,7,1728,0.825,0.0011560693641618,0.9428571428571428,0.0571428571428571,0.1452201591296629
ni_tfnbs,"e=1.5,h=2.0,n=30,start_thres=1.25",hub,0.25,50,17,40,1730,34,2,6,1728,0.85,0.0011560693641618,0.9444444444444444,0.0555555555555555,0.1452201591296629
ni_tfnbs,"e=1.5,h=3.0,n=30,start_thres=1.25",hub,0.25,50,17,40,1730,34,3,6,1727,0.85,0.0017341040462427,0.918918918918919,0.081081081081081,0.1452201591296629
ni_tfnbs,"e=1.5,h=4.0,n=30,start_thres=1.25",hub,0.25,50,17,40,1730,34,3,6,1727,0.85,0.0017341040462427,0.918918918918919,0.081081081081081,0.1452201591296629
ni_tfnbs,"e=1.5,h=5.0,n=30,start_thres=1.25",hub,0.25,50,17,40,1730,34,2,6,1728,0.85,0.0011560693641618,0.9444444444444444,0.0555555555555555,0.1452201591296629
ni_tfnbs,"e=1.5,h=6.0,n=30,start_thres=1.25",hub,0.25,50,17,40,1730,34,2,6,1728,0.85,0.0011560693641618,0.9444444444444444,0.0555555555555555,0.1452201591296629
ni_tfnbs,"e=1.5,h=7.0,n=30,start_thres=1.25",hub,0.25,50,17,40,1730,32,2,8,1728,0.8,0.0011560693641618,0.9411764705882352,0.0588235294117647,0.1452201591296629
ni_tfnbs,"e=1.5,h=8.0,n=30,start_thres=1.25",hub,0.25,50,17,40,1730,32,0,8,1730,0.8,0.0,1.0,0.0,0.1452201591296629
ni_tfnbs,"e=1.5,h=9.0,n=30,start_thres=1.25",hub,0.25,50,17,40,1730,30,0,10,1730,0.75,0.0,1.0,0.0,0.1452201591296629
ni_tfnbs,"e=1.5,h=10.0,n=30,start_thres=1.25",hub,0.25,50,17,40,1730,29,0,11,1730,0.725,0.0,1.0,0.0,0.1452201591296629
ni_tfnbs,"e=0.05,h=0.5,n=30,start_thres=1.25",hub,0.25,50,18,40,1730,12,0,28,1730,0.3,0.0,1.0,0.0,0.1473162323236465
ni_tfnbs,"e=0.05,h=1.0,n=30,start_thres=1.25",hub,0.25,50,18,40,1730,12,0,28,1730,0.3,0.0,1.0,0.0,0.1473162323236465
ni_tfnbs,"e=0.05,h=2.0,n=30,start_thres=1.25",hub,0.25,50,18,40,1730,12,0,28,1730,0.3,0.0,1.0,0.0,0.1473162323236465
ni_tfnbs,"e=0.05,h=3.0,n=30,start_thres=1.25",hub,0.25,50,18,40,1730,11,0,29,1730,0.275,0.0,1.0,0.0,0.1473162323236465
ni_tfnbs,"e=0.05,h=4.0,n=30,start_thres=1.25",hub,0.25,50,18,40,1730,11,0,29,1730,0.275,0.0,1.0,0.0,0.1473162323236465
ni_tfnbs,"e=0.05,h=5.0,n=30,start_thres=1.25",hub,0.25,50,18,40,1730,11,0,29,1730,0.275,0.0,1.0,0.0,0.1473162323236465
ni_tfnbs,"e=0.05,h=6.0,n=30,start_thres=1.25",hub,0.25,50,18,40,1730,11,0,29,1730,0.275,0.0,1.0,0.0,0.1473162323236465
ni_tfnbs,"e=0.05,h=7.0,n=30,start_thres=1.25",hub,0.25,50,18,40,1730,11,0,29,1730,0.275,0.0,1.0,0.0,0.1473162323236465
ni_tfnbs,"e=0.05,h=8.0,n=30,start_thres=1.25",hub,0.25,50,18,40,1730,11,0,29,1730,0.275,0.0,1.0,0.0,0.1473162323236465
ni_tfnbs,"e=0.05,h=9.0,n=30,start_thres=1.25",hub,0.25,50,18,40,1730,11,0,29,1730,0.275,0.0,1.0,0.0,0.1473162323236465
ni_tfnbs,"e=0.05,h=10.0,n=30,start_thres=1.25",hub,0.25,50,18,40,1730,11,0,29,1730,0.275,0.0,1.0,0.0,0.1473162323236465
ni_tfnbs,"e=0.1,h=0.5,n=30,start_thres=1.25",hub,0.25,50,18,40,1730,15,0,25,1730,0.375,0.0,1.0,0.0,0.1473162323236465
ni_tfnbs,"e=0.1,h=1.0,n=30,start_thres=1.25",hub,0.25,50,18,40,1730,12,0,28,1730,0.3,0.0,1.0,0.0,0.1473162323236465
ni_tfnbs,"e=0.1,h=2.0,n=30,start_thres=1.25",hub,0.25,50,18,40,1730,12,0,28,1730,0.3,0.0,1.0,0.0,0.1473162323236465
ni_tfnbs,"e=0.1,h=3.0,n=30,start_thres=1.25",hub,0.25,50,18,40,1730,12,0,28,1730,0.3,0.0,1.0,0.0,0.1473162323236465
ni_tfnbs,"e=0.1,h=4.0,n=30,start_thres=1.25",hub,0.25,50,18,40,1730,12,0,28,1730,0.3,0.0,1.0,0.0,0.1473162323236465
ni_tfnbs,"e=0.1,h=5.0,n=30,start_thres=1.25",hub,0.25,50,18,40,1730,12,0,28,1730,0.3,0.0,1.0,0.0,0.1473162323236465
ni_tfnbs,"e=0.1,h=6.0,n=30,start_thres=1.25",hub,0.25,50,18,40,1730,12,0,28,1730,0.3,0.0,1.0,0.0,0.1473162323236465
ni_tfnbs,"e=0.1,h=7.0,n=30,start_thres=1.25",hub,0.25,50,18,40,1730,12,0,28,1730,0.3,0.0,1.0,0.0,0.1473162323236465
ni_tfnbs,"e=0.1,h=8.0,n=30,start_thres=1.25",hub,0.25,50,18,40,1730,11,0,29,1730,0.275,0.0,1.0,0.0,0.1473162323236465
ni_tfnbs,"e=0.1,h=9.0,n=30,start_thres=1.25",hub,0.25,50,18,40,1730,11,0,29,1730,0.275,0.0,1.0,0.0,0.1473162323236465
ni_tfnbs,"e=0.1,h=10.0,n=30,start_thres=1.25",hub,0.25,50,18,40,1730,11,0,29,1730,0.275,0.0,1.0,0.0,0.1473162323236465
ni_tfnbs,"e=0.2,h=0.5,n=30,start_thres=1.25",hub,0.25,50,18,40,1730,17,0,23,1730,0.425,0.0,1.0,0.0,0.1473162323236465
ni_tfnbs,"e=0.2,h=1.0,n=30,start_thres=1.25",hub,0.25,50,18,40,1730,16,0,24,1730,0.4,0.0,1.0,0.0,0.1473162323236465
ni_tfnbs,"e=0.2,h=2.0,n=30,start_thres=1.25",hub,0.25,50,18,40,1730,16,0,24,1730,0.4,0.0,1.0,0.0,0.1473162323236465
ni_tfnbs,"e=0.2,h=3.0,n=30,start_thres=1.25",hub,0.25,50,18,40,1730,16,0,24,1730,0.4,0.0,1.0,0.0,0.1473162323236465
ni_tfnbs,"e=0.2,h=4.0,n=30,start_thres=1.25",hub,0.25,50,18,40,1730,15,0,25,1730,0.375,0.0,1.0,0.0,0.1473162323236465
ni_tfnbs,"e=0.2,h=5.0,n=30,start_thres=1.25",hub,0.25,50,18,40,1730,12,0,28,1730,0.3,0.0,1.0,0.0,0.1473162323236465
ni_tfnbs,"e=0.2,h=6.0,n=30,start_thres=1.25",hub,0.25,50,18,40,1730,12,0,28,1730,0.3,0.0,1.0,0.0,0.1473162323236465
ni_tfnbs,"e=0.2,h=7.0,n=30,start_thres=1.25",hub,0.25,50,18,40,1730,12,0,28,1730,0.3,0.0,1.0,0.0,0.1473162323236465
ni_tfnbs,"e=0.2,h=8.0,n=30,start_thres=1.25",hub,0.25,50,18,40,1730,12,0,28,1730,0.3,0.0,1.0,0.0,0.1473162323236465
ni_tfnbs,"e=0.2,h=9.0,n=30,start_thres=1.25",hub,0.25,50,18,40,1730,12,0,28,1730,0.3,0.0,1.0,0.0,0.1473162323236465
ni_tfnbs,"e=0.2,h=10.0,n=30,start_thres=1.25",hub,0.25,50,18,40,1730,12,0,28,1730,0.3,0.0,1.0,0.0,0.1473162323236465
ni_tfnbs,"e=0.3,h=0.5,n=30,start_thres=1.25",hub,0.25,50,18,40,1730,18,1,22,1729,0.45,0.0005780346820809,0.9473684210526316,0.0526315789473684,0.1473162323236465
ni_tfnbs,"e=0.3,h=1.0,n=30,start_thres=1.25",hub,0.25,50,18,40,1730,18,0,22,1730,0.45,0.0,1.0,0.0,0.1473162323236465
ni_tfnbs,"e=0.3,h=2.0,n=30,start_thres=1.25",hub,0.25,50,18,40,1730,17,0,23,1730,0.425,0.0,1.0,0.0,0.1473162323236465
ni_tfnbs,"e=0.3,h=3.0,n=30,start_thres=1.25",hub,0.25,50,18,40,1730,16,0,24,1730,0.4,0.0,1.0,0.0,0.1473162323236465
ni_tfnbs,"e=0.3,h=4.0,n=30,start_thres=1.25",hub,0.25,50,18,40,1730,16,0,24,1730,0.4,0.0,1.0,0.0,0.1473162323236465
ni_tfnbs,"e=0.3,h=5.0,n=30,start_thres=1.25",hub,0.25,50,18,40,1730,16,0,24,1730,0.4,0.0,1.0,0.0,0.1473162323236465
ni_tfnbs,"e=0.3,h=6.0,n=30,start_thres=1.25",hub,0.25,50,18,40,1730,16,0,24,1730,0.4,0.0,1.0,0.0,0.1473162323236465
ni_tfnbs,"e=0.3,h=7.0,n=30,start_thres=1.25",hub,0.25,50,18,40,1730,15,0,25,1730,0.375,0.0,1.0,0.0,0.1473162323236465
ni_tfnbs,"e=0.3,h=8.0,n=30,start_thres=1.25",hub,0.25,50,18,40,1730,15,0,25,1730,0.375,0.0,1.0,0.0,0.1473162323236465
ni_tfnbs,"e=0.3,h=9.0,n=30,start_thres=1.25",hub,0.25,50,18,40,1730,12,0,28,1730,0.3,0.0,1.0,0.0,0.1473162323236465
ni_tfnbs,"e=0.3,h=10.0,n=30,start_thres=1.25",hub,0.25,50,18,40,1730,12,0,28,1730,0.3,0.0,1.0,0.0,0.1473162323236465
ni_tfnbs,"e=0.4,h=0.5,n=30,start_thres=1.25",hub,0.25,50,18,40,1730,20,1,20,1729,0.5,0.0005780346820809,0.9523809523809524,0.0476190476190476,0.1473162323236465
ni_tfnbs,"e=0.4,h=1.0,n=30,start_thres=1.25",hub,0.25,50,18,40,1730,20,1,20,1729,0.5,0.0005780346820809,0.9523809523809524,0.0476190476190476,0.1473162323236465
ni_tfnbs,"e=0.4,h=2.0,n=30,start_thres=1.25",hub,0.25,50,18,40,1730,18,1,22,1729,0.45,0.0005780346820809,0.9473684210526316,0.0526315789473684,0.1473162323236465
ni_tfnbs,"e=0.4,h=3.0,n=30,start_thres=1.25",hub,0.25,50,18,40,1730,18,0,22,1730,0.45,0.0,1.0,0.0,0.1473162323236465
ni_tfnbs,"e=0.4,h=4.0,n=30,start_thres=1.25",hub,0.25,50,18,40,1730,17,0,23,1730,0.425,0.0,1.0,0.0,0.1473162323236465
ni_tfnbs,"e=0.4,h=5.0,n=30,start_thres=1.25",hub,0.25,50,18,40,1730,16,0,24,1730,0.4,0.0,1.0,0.0,0.1473162323236465
ni_tfnbs,"e=0.4,h=6.0,n=30,start_thres=1.25",hub,0.25,50,18,40,1730,16,0,24,1730,0.4,0.0,1.0,0.0,0.1473162323236465
ni_tfnbs,"e=0.4,h=7.0,n=30,start_thres=1.25",hub,0.25,50,18,40,1730,16,0,24,1730,0.4,0.0,1.0,0.0,0.1473162323236465
ni_tfnbs,"e=0.4,h=8.0,n=30,start_thres=1.25",hub,0.25,50,18,40,1730,16,0,24,1730,0.4,0.0,1.0,0.0,0.1473162323236465
ni_tfnbs,"e=0.4,h=9.0,n=30,start_thres=1.25",hub,0.25,50,18,40,1730,16,0,24,1730,0.4,0.0,1.0,0.0,0.1473162323236465
ni_tfnbs,"e=0.4,h=10.0,n=30,start_thres=1.25",hub,0.25,50,18,40,1730,15,0,25,1730,0.375,0.0,1.0,0.0,0.1473162323236465
ni_tfnbs,"e=0.5,h=0.5,n=30,start_thres=1.25",hub,0.25,50,18,40,1730,22,2,18,1728,0.55,0.0011560693641618,0.9166666666666666,0.0833333333333333,0.1473162323236465
ni_tfnbs,"e=0.5,h=1.0,n=30,start_thres=1.25",hub,0.25,50,18,40,1730,22,2,18,1728,0.55,0.0011560693641618,0.9166666666666666,0.0833333333333333,0.1473162323236465
ni_tfnbs,"e=0.5,h=2.0,n=30,start_thres=1.25",hub,0.25,50,18,40,1730,20,1,20,1729,0.5,0.0005780346820809,0.9523809523809524,0.0476190476190476,0.1473162323236465
ni_tfnbs,"e=0.5,h=3.0,n=30,start_thres=1.25",hub,0.25,50,18,40,1730,18,1,22,1729,0.45,0.0005780346820809,0.9473684210526316,0.0526315789473684,0.1473162323236465
ni_tfnbs,"e=0.5,h=4.0,n=30,start_thres=1.25",hub,0.25,50,18,40,1730,18,1,22,1729,0.45,0.0005780346820809,0.9473684210526316,0.0526315789473684,0.1473162323236465
ni_tfnbs,"e=0.5,h=5.0,n=30,start_thres=1.25",hub,0.25,50,18,40,1730,17,0,23,1730,0.425,0.0,1.0,0.0,0.1473162323236465
ni_tfnbs,"e=0.5,h=6.0,n=30,start_thres=1.25",hub,0.25,50,18,40,1730,16,0,24,1730,0.4,0.0,1.0,0.0,0.1473162323236465
ni_tfnbs,"e=0.5,h=7.0,n=30,start_thres=1.25",hub,0.25,50,18,40,1730,16,0,24,1730,0.4,0.0,1.0,0.0,0.1473162323236465
ni_tfnbs,"e=0.5,h=8.0,n=30,start_thres=1.25",hub,0.25,50,18,40,1730,16,0,24,1730,0.4,0.0,1.0,0.0,0.1473162323236465
ni_tfnbs,"e=0.5,h=9.0,n=30,start_thres=1.25",hub,0.25,50,18,40,1730,16,0,24,1730,0.4,0.0,1.0,0.0,0.1473162323236465
ni_tfnbs,"e=0.5,h=10.0,n=30,start_thres=1.25",hub,0.25,50,18,40,1730,16,0,24,1730,0.4,0.0,1.0,0.0,0.1473162323236465
ni_tfnbs,"e=0.6,h=0.5,n=30,start_thres=1.25",hub,0.25,50,18,40,1730,22,2,18,1728,0.55,0.0011560693641618,0.9166666666666666,0.0833333333333333,0.1473162323236465
ni_tfnbs,"e=0.6,h=1.0,n=30,start_thres=1.25",hub,0.25,50,18,40,1730,22,2,18,1728,0.55,0.0011560693641618,0.9166666666666666,0.0833333333333333,0.1473162323236465
ni_tfnbs,"e=0.6,h=2.0,n=30,start_thres=1.25",hub,0.25,50,18,40,1730,22,2,18,1728,0.55,0.0011560693641618,0.9166666666666666,0.0833333333333333,0.1473162323236465
ni_tfnbs,"e=0.6,h=3.0,n=30,start_thres=1.25",hub,0.25,50,18,40,1730,20,1,20,1729,0.5,0.0005780346820809,0.9523809523809524,0.0476190476190476,0.1473162323236465
ni_tfnbs,"e=0.6,h=4.0,n=30,start_thres=1.25",hub,0.25,50,18,40,1730,20,1,20,1729,0.5,0.0005780346820809,0.9523809523809524,0.0476190476190476,0.1473162323236465
ni_tfnbs,"e=0.6,h=5.0,n=30,start_thres=1.25",hub,0.25,50,18,40,1730,18,1,22,1729,0.45,0.0005780346820809,0.9473684210526316,0.0526315789473684,0.1473162323236465
ni_tfnbs,"e=0.6,h=6.0,n=30,start_thres=1.25",hub,0.25,50,18,40,1730,18,0,22,1730,0.45,0.0,1.0,0.0,0.1473162323236465
ni_tfnbs,"e=0.6,h=7.0,n=30,start_thres=1.25",hub,0.25,50,18,40,1730,17,0,23,1730,0.425,0.0,1.0,0.0,0.1473162323236465
ni_tfnbs,"e=0.6,h=8.0,n=30,start_thres=1.25",hub,0.25,50,18,40,1730,16,0,24,1730,0.4,0.0,1.0,0.0,0.1473162323236465
ni_tfnbs,"e=0.6,h=9.0,n=30,start_thres=1.25",hub,0.25,50,18,40,1730,16,0,24,1730,0.4,0.0,1.0,0.0,0.1473162323236465
ni_tfnbs,"e=0.6,h=10.0,n=30,start_thres=1.25",hub,0.25,50,18,40,1730,16,0,24,1730,0.4,0.0,1.0,0.0,0.1473162323236465
ni_tfnbs,"e=0.7,h=0.5,n=30,start_thres=1.25",hub,0.25,50,18,40,1730,24,2,16,1728,0.6,0.0011560693641618,0.9230769230769232,0.0769230769230769,0.1473162323236465
ni_tfnbs,"e=0.7,h=1.0,n=30,start_thres=1.25",hub,0.25,50,18,40,1730,24,2,16,1728,0.6,0.0011560693641618,0.9230769230769232,0.0769230769230769,0.1473162323236465
ni_tfnbs,"e=0.7,h=2.0,n=30,start_thres=1.25",hub,0.25,50,18,40,1730,23,2,17,1728,0.575,0.0011560693641618,0.92,0.08,0.1473162323236465
ni_tfnbs,"e=0.7,h=3.0,n=30,start_thres=1.25",hub,0.25,50,18,40,1730,22,2,18,1728,0.55,0.0011560693641618,0.9166666666666666,0.0833333333333333,0.1473162323236465
ni_tfnbs,"e=0.7,h=4.0,n=30,start_thres=1.25",hub,0.25,50,18,40,1730,20,1,20,1729,0.5,0.0005780346820809,0.9523809523809524,0.0476190476190476,0.1473162323236465
ni_tfnbs,"e=0.7,h=5.0,n=30,start_thres=1.25",hub,0.25,50,18,40,1730,20,1,20,1729,0.5,0.0005780346820809,0.9523809523809524,0.0476190476190476,0.1473162323236465
ni_tfnbs,"e=0.7,h=6.0,n=30,start_thres=1.25",hub,0.25,50,18,40,1730,18,1,22,1729,0.45,0.0005780346820809,0.9473684210526316,0.0526315789473684,0.1473162323236465
ni_tfnbs,"e=0.7,h=7.0,n=30,start_thres=1.25",hub,0.25,50,18,40,1730,18,0,22,1730,0.45,0.0,1.0,0.0,0.1473162323236465
ni_tfnbs,"e=0.7,h=8.0,n=30,start_thres=1.25",hub,0.25,50,18,40,1730,17,0,23,1730,0.425,0.0,1.0,0.0,0.1473162323236465
ni_tfnbs,"e=0.7,h=9.0,n=30,start_thres=1.25",hub,0.25,50,18,40,1730,16,0,24,1730,0.4,0.0,1.0,0.0,0.1473162323236465
ni_tfnbs,"e=0.7,h=10.0,n=30,start_thres=1.25",hub,0.25,50,18,40,1730,16,0,24,1730,0.4,0.0,1.0,0.0,0.1473162323236465
ni_tfnbs,"e=0.8,h=0.5,n=30,start_thres=1.25",hub,0.25,50,18,40,1730,24,2,16,1728,0.6,0.0011560693641618,0.9230769230769232,0.0769230769230769,0.1473162323236465
ni_tfnbs,"e=0.8,h=1.0,n=30,start_thres=1.25",hub,0.25,50,18,40,1730,24,2,16,1728,0.6,0.0011560693641618,0.9230769230769232,0.0769230769230769,0.1473162323236465
ni_tfnbs,"e=0.8,h=2.0,n=30,start_thres=1.25",hub,0.25,50,18,40,1730,24,2,16,1728,0.6,0.0011560693641618,0.9230769230769232,0.0769230769230769,0.1473162323236465
ni_tfnbs,"e=0.8,h=3.0,n=30,start_thres=1.25",hub,0.25,50,18,40,1730,23,2,17,1728,0.575,0.0011560693641618,0.92,0.08,0.1473162323236465
ni_tfnbs,"e=0.8,h=4.0,n=30,start_thres=1.25",hub,0.25,50,18,40,1730,22,2,18,1728,0.55,0.0011560693641618,0.9166666666666666,0.0833333333333333,0.1473162323236465
ni_tfnbs,"e=0.8,h=5.0,n=30,start_thres=1.25",hub,0.25,50,18,40,1730,20,1,20,1729,0.5,0.0005780346820809,0.9523809523809524,0.0476190476190476,0.1473162323236465
ni_tfnbs,"e=0.8,h=6.0,n=30,start_thres=1.25",hub,0.25,50,18,40,1730,20,1,20,1729,0.5,0.0005780346820809,0.9523809523809524,0.0476190476190476,0.1473162323236465
ni_tfnbs,"e=0.8,h=7.0,n=30,start_thres=1.25",hub,0.25,50,18,40,1730,18,1,22,1729,0.45,0.0005780346820809,0.9473684210526316,0.0526315789473684,0.1473162323236465
ni_tfnbs,"e=0.8,h=8.0,n=30,start_thres=1.25",hub,0.25,50,18,40,1730,18,0,22,1730,0.45,0.0,1.0,0.0,0.1473162323236465
ni_tfnbs,"e=0.8,h=9.0,n=30,start_thres=1.25",hub,0.25,50,18,40,1730,17,0,23,1730,0.425,0.0,1.0,0.0,0.1473162323236465
ni_tfnbs,"e=0.8,h=10.0,n=30,start_thres=1.25",hub,0.25,50,18,40,1730,16,0,24,1730,0.4,0.0,1.0,0.0,0.1473162323236465
ni_tfnbs,"e=0.9,h=0.5,n=30,start_thres=1.25",hub,0.25,50,18,40,1730,26,3,14,1727,0.65,0.0017341040462427,0.896551724137931,0.1034482758620689,0.1473162323236465
ni_tfnbs,"e=0.9,h=1.0,n=30,start_thres=1.25",hub,0.25,50,18,40,1730,26,3,14,1727,0.65,0.0017341040462427,0.896551724137931,0.1034482758620689,0.1473162323236465
ni_tfnbs,"e=0.9,h=2.0,n=30,start_thres=1.25",hub,0.25,50,18,40,1730,25,3,15,1727,0.625,0.0017341040462427,0.8928571428571429,0.1071428571428571,0.1473162323236465
ni_tfnbs,"e=0.9,h=3.0,n=30,start_thres=1.25",hub,0.25,50,18,40,1730,23,2,17,1728,0.575,0.0011560693641618,0.92,0.08,0.1473162323236465
ni_tfnbs,"e=0.9,h=4.0,n=30,start_thres=1.25",hub,0.25,50,18,40,1730,23,2,17,1728,0.575,0.0011560693641618,0.92,0.08,0.1473162323236465
ni_tfnbs,"e=0.9,h=5.0,n=30,start_thres=1.25",hub,0.25,50,18,40,1730,22,2,18,1728,0.55,0.0011560693641618,0.9166666666666666,0.0833333333333333,0.1473162323236465
ni_tfnbs,"e=0.9,h=6.0,n=30,start_thres=1.25",hub,0.25,50,18,40,1730,20,1,20,1729,0.5,0.0005780346820809,0.9523809523809524,0.0476190476190476,0.1473162323236465
ni_tfnbs,"e=0.9,h=7.0,n=30,start_thres=1.25",hub,0.25,50,18,40,1730,20,1,20,1729,0.5,0.0005780346820809,0.9523809523809524,0.0476190476190476,0.1473162323236465
ni_tfnbs,"e=0.9,h=8.0,n=30,start_thres=1.25",hub,0.25,50,18,40,1730,18,1,22,1729,0.45,0.0005780346820809,0.9473684210526316,0.0526315789473684,0.1473162323236465
ni_tfnbs,"e=0.9,h=9.0,n=30,start_thres=1.25",hub,0.25,50,18,40,1730,18,0,22,1730,0.45,0.0,1.0,0.0,0.1473162323236465
ni_tfnbs,"e=0.9,h=10.0,n=30,start_thres=1.25",hub,0.25,50,18,40,1730,18,0,22,1730,0.45,0.0,1.0,0.0,0.1473162323236465
ni_tfnbs,"e=1.0,h=0.5,n=30,start_thres=1.25",hub,0.25,50,18,40,1730,26,3,14,1727,0.65,0.0017341040462427,0.896551724137931,0.1034482758620689,0.1473162323236465
ni_tfnbs,"e=1.0,h=1.0,n=30,start_thres=1.25",hub,0.25,50,18,40,1730,26,3,14,1727,0.65,0.0017341040462427,0.896551724137931,0.1034482758620689,0.1473162323236465
ni_tfnbs,"e=1.0,h=2.0,n=30,start_thres=1.25",hub,0.25,50,18,40,1730,26,4,14,1726,0.65,0.0023121387283236,0.8666666666666667,0.1333333333333333,0.1473162323236465
ni_tfnbs,"e=1.0,h=3.0,n=30,start_thres=1.25",hub,0.25,50,18,40,1730,25,3,15,1727,0.625,0.0017341040462427,0.8928571428571429,0.1071428571428571,0.1473162323236465
ni_tfnbs,"e=1.0,h=4.0,n=30,start_thres=1.25",hub,0.25,50,18,40,1730,23,2,17,1728,0.575,0.0011560693641618,0.92,0.08,0.1473162323236465
ni_tfnbs,"e=1.0,h=5.0,n=30,start_thres=1.25",hub,0.25,50,18,40,1730,23,2,17,1728,0.575,0.0011560693641618,0.92,0.08,0.1473162323236465
ni_tfnbs,"e=1.0,h=6.0,n=30,start_thres=1.25",hub,0.25,50,18,40,1730,22,2,18,1728,0.55,0.0011560693641618,0.9166666666666666,0.0833333333333333,0.1473162323236465
ni_tfnbs,"e=1.0,h=7.0,n=30,start_thres=1.25",hub,0.25,50,18,40,1730,20,1,20,1729,0.5,0.0005780346820809,0.9523809523809524,0.0476190476190476,0.1473162323236465
ni_tfnbs,"e=1.0,h=8.0,n=30,start_thres=1.25",hub,0.25,50,18,40,1730,20,1,20,1729,0.5,0.0005780346820809,0.9523809523809524,0.0476190476190476,0.1473162323236465
ni_tfnbs,"e=1.0,h=9.0,n=30,start_thres=1.25",hub,0.25,50,18,40,1730,18,1,22,1729,0.45,0.0005780346820809,0.9473684210526316,0.0526315789473684,0.1473162323236465
ni_tfnbs,"e=1.0,h=10.0,n=30,start_thres=1.25",hub,0.25,50,18,40,1730,18,0,22,1730,0.45,0.0,1.0,0.0,0.1473162323236465
ni_tfnbs,"e=1.1,h=0.5,n=30,start_thres=1.25",hub,0.25,50,18,40,1730,26,5,14,1725,0.65,0.0028901734104046,0.8387096774193549,0.1612903225806451,0.1473162323236465
ni_tfnbs,"e=1.1,h=1.0,n=30,start_thres=1.25",hub,0.25,50,18,40,1730,26,3,14,1727,0.65,0.0017341040462427,0.896551724137931,0.1034482758620689,0.1473162323236465
ni_tfnbs,"e=1.1,h=2.0,n=30,start_thres=1.25",hub,0.25,50,18,40,1730,26,4,14,1726,0.65,0.0023121387283236,0.8666666666666667,0.1333333333333333,0.1473162323236465
ni_tfnbs,"e=1.1,h=3.0,n=30,start_thres=1.25",hub,0.25,50,18,40,1730,26,4,14,1726,0.65,0.0023121387283236,0.8666666666666667,0.1333333333333333,0.1473162323236465
ni_tfnbs,"e=1.1,h=4.0,n=30,start_thres=1.25",hub,0.25,50,18,40,1730,25,3,15,1727,0.625,0.0017341040462427,0.8928571428571429,0.1071428571428571,0.1473162323236465
ni_tfnbs,"e=1.1,h=5.0,n=30,start_thres=1.25",hub,0.25,50,18,40,1730,23,2,17,1728,0.575,0.0011560693641618,0.92,0.08,0.1473162323236465
ni_tfnbs,"e=1.1,h=6.0,n=30,start_thres=1.25",hub,0.25,50,18,40,1730,23,2,17,1728,0.575,0.0011560693641618,0.92,0.08,0.1473162323236465
ni_tfnbs,"e=1.1,h=7.0,n=30,start_thres=1.25",hub,0.25,50,18,40,1730,22,2,18,1728,0.55,0.0011560693641618,0.9166666666666666,0.0833333333333333,0.1473162323236465
ni_tfnbs,"e=1.1,h=8.0,n=30,start_thres=1.25",hub,0.25,50,18,40,1730,20,1,20,1729,0.5,0.0005780346820809,0.9523809523809524,0.0476190476190476,0.1473162323236465
ni_tfnbs,"e=1.1,h=9.0,n=30,start_thres=1.25",hub,0.25,50,18,40,1730,20,1,20,1729,0.5,0.0005780346820809,0.9523809523809524,0.0476190476190476,0.1473162323236465
ni_tfnbs,"e=1.1,h=10.0,n=30,start_thres=1.25",hub,0.25,50,18,40,1730,18,1,22,1729,0.45,0.0005780346820809,0.9473684210526316,0.0526315789473684,0.1473162323236465
ni_tfnbs,"e=1.2,h=0.5,n=30,start_thres=1.25",hub,0.25,50,18,40,1730,23,5,17,1725,0.575,0.0028901734104046,0.8214285714285714,0.1785714285714285,0.1473162323236465
ni_tfnbs,"e=1.2,h=1.0,n=30,start_thres=1.25",hub,0.25,50,18,40,1730,26,5,14,1725,0.65,0.0028901734104046,0.8387096774193549,0.1612903225806451,0.1473162323236465
ni_tfnbs,"e=1.2,h=2.0,n=30,start_thres=1.25",hub,0.25,50,18,40,1730,26,6,14,1724,0.65,0.0034682080924855,0.8125,0.1875,0.1473162323236465
ni_tfnbs,"e=1.2,h=3.0,n=30,start_thres=1.25",hub,0.25,50,18,40,1730,26,4,14,1726,0.65,0.0023121387283236,0.8666666666666667,0.1333333333333333,0.1473162323236465
ni_tfnbs,"e=1.2,h=4.0,n=30,start_thres=1.25",hub,0.25,50,18,40,1730,26,4,14,1726,0.65,0.0023121387283236,0.8666666666666667,0.1333333333333333,0.1473162323236465
ni_tfnbs,"e=1.2,h=5.0,n=30,start_thres=1.25",hub,0.25,50,18,40,1730,24,3,16,1727,0.6,0.0017341040462427,0.8888888888888888,0.1111111111111111,0.1473162323236465
ni_tfnbs,"e=1.2,h=6.0,n=30,start_thres=1.25",hub,0.25,50,18,40,1730,23,2,17,1728,0.575,0.0011560693641618,0.92,0.08,0.1473162323236465
ni_tfnbs,"e=1.2,h=7.0,n=30,start_thres=1.25",hub,0.25,50,18,40,1730,23,2,17,1728,0.575,0.0011560693641618,0.92,0.08,0.1473162323236465
ni_tfnbs,"e=1.2,h=8.0,n=30,start_thres=1.25",hub,0.25,50,18,40,1730,22,2,18,1728,0.55,0.0011560693641618,0.9166666666666666,0.0833333333333333,0.1473162323236465
ni_tfnbs,"e=1.2,h=9.0,n=30,start_thres=1.25",hub,0.25,50,18,40,1730,20,1,20,1729,0.5,0.0005780346820809,0.9523809523809524,0.0476190476190476,0.1473162323236465
ni_tfnbs,"e=1.2,h=10.0,n=30,start_thres=1.25",hub,0.25,50,18,40,1730,20,1,20,1729,0.5,0.0005780346820809,0.9523809523809524,0.0476190476190476,0.1473162323236465
ni_tfnbs,"e=1.3,h=0.5,n=30,start_thres=1.25",hub,0.25,50,18,40,1730,22,5,18,1725,0.55,0.0028901734104046,0.8148148148148148,0.1851851851851851,0.1473162323236465
ni_tfnbs,"e=1.3,h=1.0,n=30,start_thres=1.25",hub,0.25,50,18,40,1730,25,5,15,1725,0.625,0.0028901734104046,0.8333333333333334,0.1666666666666666,0.1473162323236465
ni_tfnbs,"e=1.3,h=2.0,n=30,start_thres=1.25",hub,0.25,50,18,40,1730,26,6,14,1724,0.65,0.0034682080924855,0.8125,0.1875,0.1473162323236465
ni_tfnbs,"e=1.3,h=3.0,n=30,start_thres=1.25",hub,0.25,50,18,40,1730,27,7,13,1723,0.675,0.0040462427745664,0.7941176470588235,0.2058823529411764,0.1473162323236465
ni_tfnbs,"e=1.3,h=4.0,n=30,start_thres=1.25",hub,0.25,50,18,40,1730,26,4,14,1726,0.65,0.0023121387283236,0.8666666666666667,0.1333333333333333,0.1473162323236465
ni_tfnbs,"e=1.3,h=5.0,n=30,start_thres=1.25",hub,0.25,50,18,40,1730,25,3,15,1727,0.625,0.0017341040462427,0.8928571428571429,0.1071428571428571,0.1473162323236465
ni_tfnbs,"e=1.3,h=6.0,n=30,start_thres=1.25",hub,0.25,50,18,40,1730,23,3,17,1727,0.575,0.0017341040462427,0.8846153846153846,0.1153846153846153,0.1473162323236465
ni_tfnbs,"e=1.3,h=7.0,n=30,start_thres=1.25",hub,0.25,50,18,40,1730,23,2,17,1728,0.575,0.0011560693641618,0.92,0.08,0.1473162323236465
ni_tfnbs,"e=1.3,h=8.0,n=30,start_thres=1.25",hub,0.25,50,18,40,1730,23,2,17,1728,0.575,0.0011560693641618,0.92,0.08,0.1473162323236465
ni_tfnbs,"e=1.3,h=9.0,n=30,start_thres=1.25",hub,0.25,50,18,40,1730,21,1,19,1729,0.525,0.0005780346820809,0.9545454545454546,0.0454545454545454,0.1473162323236465
ni_tfnbs,"e=1.3,h=10.0,n=30,start_thres=1.25",hub,0.25,50,18,40,1730,20,1,20,1729,0.5,0.0005780346820809,0.9523809523809524,0.0476190476190476,0.1473162323236465
ni_tfnbs,"e=1.4,h=0.5,n=30,start_thres=1.25",hub,0.25,50,18,40,1730,22,5,18,1725,0.55,0.0028901734104046,0.8148148148148148,0.1851851851851851,0.1473162323236465
ni_tfnbs,"e=1.4,h=1.0,n=30,start_thres=1.25",hub,0.25,50,18,40,1730,24,5,16,1725,0.6,0.0028901734104046,0.8275862068965517,0.1724137931034483,0.1473162323236465
ni_tfnbs,"e=1.4,h=2.0,n=30,start_thres=1.25",hub,0.25,50,18,40,1730,26,6,14,1724,0.65,0.0034682080924855,0.8125,0.1875,0.1473162323236465
ni_tfnbs,"e=1.4,h=3.0,n=30,start_thres=1.25",hub,0.25,50,18,40,1730,27,7,13,1723,0.675,0.0040462427745664,0.7941176470588235,0.2058823529411764,0.1473162323236465
ni_tfnbs,"e=1.4,h=4.0,n=30,start_thres=1.25",hub,0.25,50,18,40,1730,28,7,12,1723,0.7,0.0040462427745664,0.8,0.2,0.1473162323236465
ni_tfnbs,"e=1.4,h=5.0,n=30,start_thres=1.25",hub,0.25,50,18,40,1730,27,4,13,1726,0.675,0.0023121387283236,0.8709677419354839,0.1290322580645161,0.1473162323236465
ni_tfnbs,"e=1.4,h=6.0,n=30,start_thres=1.25",hub,0.25,50,18,40,1730,25,3,15,1727,0.625,0.0017341040462427,0.8928571428571429,0.1071428571428571,0.1473162323236465
ni_tfnbs,"e=1.4,h=7.0,n=30,start_thres=1.25",hub,0.25,50,18,40,1730,23,3,17,1727,0.575,0.0017341040462427,0.8846153846153846,0.1153846153846153,0.1473162323236465
ni_tfnbs,"e=1.4,h=8.0,n=30,start_thres=1.25",hub,0.25,50,18,40,1730,23,2,17,1728,0.575,0.0011560693641618,0.92,0.08,0.1473162323236465
ni_tfnbs,"e=1.4,h=9.0,n=30,start_thres=1.25",hub,0.25,50,18,40,1730,23,2,17,1728,0.575,0.0011560693641618,0.92,0.08,0.1473162323236465
ni_tfnbs,"e=1.4,h=10.0,n=30,start_thres=1.25",hub,0.25,50,18,40,1730,20,1,20,1729,0.5,0.0005780346820809,0.9523809523809524,0.0476190476190476,0.1473162323236465
ni_tfnbs,"e=1.5,h=0.5,n=30,start_thres=1.25",hub,0.25,50,18,40,1730,22,7,18,1723,0.55,0.0040462427745664,0.7586206896551724,0.2413793103448276,0.1473162323236465
ni_tfnbs,"e=1.5,h=1.0,n=30,start_thres=1.25",hub,0.25,50,18,40,1730,23,5,17,1725,0.575,0.0028901734104046,0.8214285714285714,0.1785714285714285,0.1473162323236465
ni_tfnbs,"e=1.5,h=2.0,n=30,start_thres=1.25",hub,0.25,50,18,40,1730,26,6,14,1724,0.65,0.0034682080924855,0.8125,0.1875,0.1473162323236465
ni_tfnbs,"e=1.5,h=3.0,n=30,start_thres=1.25",hub,0.25,50,18,40,1730,27,7,13,1723,0.675,0.0040462427745664,0.7941176470588235,0.2058823529411764,0.1473162323236465
ni_tfnbs,"e=1.5,h=4.0,n=30,start_thres=1.25",hub,0.25,50,18,40,1730,28,7,12,1723,0.7,0.0040462427745664,0.8,0.2,0.1473162323236465
ni_tfnbs,"e=1.5,h=5.0,n=30,start_thres=1.25",hub,0.25,50,18,40,1730,28,5,12,1725,0.7,0.0028901734104046,0.8484848484848485,0.1515151515151515,0.1473162323236465
ni_tfnbs,"e=1.5,h=6.0,n=30,start_thres=1.25",hub,0.25,50,18,40,1730,26,4,14,1726,0.65,0.0023121387283236,0.8666666666666667,0.1333333333333333,0.1473162323236465
ni_tfnbs,"e=1.5,h=7.0,n=30,start_thres=1.25",hub,0.25,50,18,40,1730,25,3,15,1727,0.625,0.0017341040462427,0.8928571428571429,0.1071428571428571,0.1473162323236465
ni_tfnbs,"e=1.5,h=8.0,n=30,start_thres=1.25",hub,0.25,50,18,40,1730,23,3,17,1727,0.575,0.0017341040462427,0.8846153846153846,0.1153846153846153,0.1473162323236465
ni_tfnbs,"e=1.5,h=9.0,n=30,start_thres=1.25",hub,0.25,50,18,40,1730,23,2,17,1728,0.575,0.0011560693641618,0.92,0.08,0.1473162323236465
ni_tfnbs,"e=1.5,h=10.0,n=30,start_thres=1.25",hub,0.25,50,18,40,1730,22,2,18,1728,0.55,0.0011560693641618,0.9166666666666666,0.0833333333333333,0.1473162323236465
ni_tfnbs,"e=0.05,h=0.5,n=30,start_thres=1.25",hub,0.25,50,19,40,1730,10,0,30,1730,0.25,0.0,1.0,0.0,0.1449925086715004
ni_tfnbs,"e=0.05,h=1.0,n=30,start_thres=1.25",hub,0.25,50,19,40,1730,10,0,30,1730,0.25,0.0,1.0,0.0,0.1449925086715004
ni_tfnbs,"e=0.05,h=2.0,n=30,start_thres=1.25",hub,0.25,50,19,40,1730,10,0,30,1730,0.25,0.0,1.0,0.0,0.1449925086715004
ni_tfnbs,"e=0.05,h=3.0,n=30,start_thres=1.25",hub,0.25,50,19,40,1730,10,0,30,1730,0.25,0.0,1.0,0.0,0.1449925086715004
ni_tfnbs,"e=0.05,h=4.0,n=30,start_thres=1.25",hub,0.25,50,19,40,1730,10,0,30,1730,0.25,0.0,1.0,0.0,0.1449925086715004
ni_tfnbs,"e=0.05,h=5.0,n=30,start_thres=1.25",hub,0.25,50,19,40,1730,10,0,30,1730,0.25,0.0,1.0,0.0,0.1449925086715004
ni_tfnbs,"e=0.05,h=6.0,n=30,start_thres=1.25",hub,0.25,50,19,40,1730,10,0,30,1730,0.25,0.0,1.0,0.0,0.1449925086715004
ni_tfnbs,"e=0.05,h=7.0,n=30,start_thres=1.25",hub,0.25,50,19,40,1730,10,0,30,1730,0.25,0.0,1.0,0.0,0.1449925086715004
ni_tfnbs,"e=0.05,h=8.0,n=30,start_thres=1.25",hub,0.25,50,19,40,1730,10,0,30,1730,0.25,0.0,1.0,0.0,0.1449925086715004
ni_tfnbs,"e=0.05,h=9.0,n=30,start_thres=1.25",hub,0.25,50,19,40,1730,10,0,30,1730,0.25,0.0,1.0,0.0,0.1449925086715004
ni_tfnbs,"e=0.05,h=10.0,n=30,start_thres=1.25",hub,0.25,50,19,40,1730,10,0,30,1730,0.25,0.0,1.0,0.0,0.1449925086715004
ni_tfnbs,"e=0.1,h=0.5,n=30,start_thres=1.25",hub,0.25,50,19,40,1730,11,0,29,1730,0.275,0.0,1.0,0.0,0.1449925086715004
ni_tfnbs,"e=0.1,h=1.0,n=30,start_thres=1.25",hub,0.25,50,19,40,1730,10,0,30,1730,0.25,0.0,1.0,0.0,0.1449925086715004
ni_tfnbs,"e=0.1,h=2.0,n=30,start_thres=1.25",hub,0.25,50,19,40,1730,10,0,30,1730,0.25,0.0,1.0,0.0,0.1449925086715004
ni_tfnbs,"e=0.1,h=3.0,n=30,start_thres=1.25",hub,0.25,50,19,40,1730,10,0,30,1730,0.25,0.0,1.0,0.0,0.1449925086715004
ni_tfnbs,"e=0.1,h=4.0,n=30,start_thres=1.25",hub,0.25,50,19,40,1730,10,0,30,1730,0.25,0.0,1.0,0.0,0.1449925086715004
ni_tfnbs,"e=0.1,h=5.0,n=30,start_thres=1.25",hub,0.25,50,19,40,1730,10,0,30,1730,0.25,0.0,1.0,0.0,0.1449925086715004
ni_tfnbs,"e=0.1,h=6.0,n=30,start_thres=1.25",hub,0.25,50,19,40,1730,10,0,30,1730,0.25,0.0,1.0,0.0,0.1449925086715004
ni_tfnbs,"e=0.1,h=7.0,n=30,start_thres=1.25",hub,0.25,50,19,40,1730,10,0,30,1730,0.25,0.0,1.0,0.0,0.1449925086715004
ni_tfnbs,"e=0.1,h=8.0,n=30,start_thres=1.25",hub,0.25,50,19,40,1730,10,0,30,1730,0.25,0.0,1.0,0.0,0.1449925086715004
ni_tfnbs,"e=0.1,h=9.0,n=30,start_thres=1.25",hub,0.25,50,19,40,1730,10,0,30,1730,0.25,0.0,1.0,0.0,0.1449925086715004
ni_tfnbs,"e=0.1,h=10.0,n=30,start_thres=1.25",hub,0.25,50,19,40,1730,10,0,30,1730,0.25,0.0,1.0,0.0,0.1449925086715004
ni_tfnbs,"e=0.2,h=0.5,n=30,start_thres=1.25",hub,0.25,50,19,40,1730,12,0,28,1730,0.3,0.0,1.0,0.0,0.1449925086715004
ni_tfnbs,"e=0.2,h=1.0,n=30,start_thres=1.25",hub,0.25,50,19,40,1730,11,0,29,1730,0.275,0.0,1.0,0.0,0.1449925086715004
ni_tfnbs,"e=0.2,h=2.0,n=30,start_thres=1.25",hub,0.25,50,19,40,1730,11,0,29,1730,0.275,0.0,1.0,0.0,0.1449925086715004
ni_tfnbs,"e=0.2,h=3.0,n=30,start_thres=1.25",hub,0.25,50,19,40,1730,11,0,29,1730,0.275,0.0,1.0,0.0,0.1449925086715004
ni_tfnbs,"e=0.2,h=4.0,n=30,start_thres=1.25",hub,0.25,50,19,40,1730,11,0,29,1730,0.275,0.0,1.0,0.0,0.1449925086715004
ni_tfnbs,"e=0.2,h=5.0,n=30,start_thres=1.25",hub,0.25,50,19,40,1730,10,0,30,1730,0.25,0.0,1.0,0.0,0.1449925086715004
ni_tfnbs,"e=0.2,h=6.0,n=30,start_thres=1.25",hub,0.25,50,19,40,1730,10,0,30,1730,0.25,0.0,1.0,0.0,0.1449925086715004
ni_tfnbs,"e=0.2,h=7.0,n=30,start_thres=1.25",hub,0.25,50,19,40,1730,10,0,30,1730,0.25,0.0,1.0,0.0,0.1449925086715004
ni_tfnbs,"e=0.2,h=8.0,n=30,start_thres=1.25",hub,0.25,50,19,40,1730,10,0,30,1730,0.25,0.0,1.0,0.0,0.1449925086715004
ni_tfnbs,"e=0.2,h=9.0,n=30,start_thres=1.25",hub,0.25,50,19,40,1730,10,0,30,1730,0.25,0.0,1.0,0.0,0.1449925086715004
ni_tfnbs,"e=0.2,h=10.0,n=30,start_thres=1.25",hub,0.25,50,19,40,1730,10,0,30,1730,0.25,0.0,1.0,0.0,0.1449925086715004
ni_tfnbs,"e=0.3,h=0.5,n=30,start_thres=1.25",hub,0.25,50,19,40,1730,13,0,27,1730,0.325,0.0,1.0,0.0,0.1449925086715004
ni_tfnbs,"e=0.3,h=1.0,n=30,start_thres=1.25",hub,0.25,50,19,40,1730,13,0,27,1730,0.325,0.0,1.0,0.0,0.1449925086715004
ni_tfnbs,"e=0.3,h=2.0,n=30,start_thres=1.25",hub,0.25,50,19,40,1730,12,0,28,1730,0.3,0.0,1.0,0.0,0.1449925086715004
ni_tfnbs,"e=0.3,h=3.0,n=30,start_thres=1.25",hub,0.25,50,19,40,1730,12,0,28,1730,0.3,0.0,1.0,0.0,0.1449925086715004
ni_tfnbs,"e=0.3,h=4.0,n=30,start_thres=1.25",hub,0.25,50,19,40,1730,11,0,29,1730,0.275,0.0,1.0,0.0,0.1449925086715004
ni_tfnbs,"e=0.3,h=5.0,n=30,start_thres=1.25",hub,0.25,50,19,40,1730,11,0,29,1730,0.275,0.0,1.0,0.0,0.1449925086715004
ni_tfnbs,"e=0.3,h=6.0,n=30,start_thres=1.25",hub,0.25,50,19,40,1730,11,0,29,1730,0.275,0.0,1.0,0.0,0.1449925086715004
ni_tfnbs,"e=0.3,h=7.0,n=30,start_thres=1.25",hub,0.25,50,19,40,1730,11,0,29,1730,0.275,0.0,1.0,0.0,0.1449925086715004
ni_tfnbs,"e=0.3,h=8.0,n=30,start_thres=1.25",hub,0.25,50,19,40,1730,10,0,30,1730,0.25,0.0,1.0,0.0,0.1449925086715004
ni_tfnbs,"e=0.3,h=9.0,n=30,start_thres=1.25",hub,0.25,50,19,40,1730,10,0,30,1730,0.25,0.0,1.0,0.0,0.1449925086715004
ni_tfnbs,"e=0.3,h=10.0,n=30,start_thres=1.25",hub,0.25,50,19,40,1730,10,0,30,1730,0.25,0.0,1.0,0.0,0.1449925086715004
ni_tfnbs,"e=0.4,h=0.5,n=30,start_thres=1.25",hub,0.25,50,19,40,1730,13,1,27,1729,0.325,0.0005780346820809,0.9285714285714286,0.0714285714285714,0.1449925086715004
ni_tfnbs,"e=0.4,h=1.0,n=30,start_thres=1.25",hub,0.25,50,19,40,1730,13,0,27,1730,0.325,0.0,1.0,0.0,0.1449925086715004
ni_tfnbs,"e=0.4,h=2.0,n=30,start_thres=1.25",hub,0.25,50,19,40,1730,13,0,27,1730,0.325,0.0,1.0,0.0,0.1449925086715004
ni_tfnbs,"e=0.4,h=3.0,n=30,start_thres=1.25",hub,0.25,50,19,40,1730,13,0,27,1730,0.325,0.0,1.0,0.0,0.1449925086715004
ni_tfnbs,"e=0.4,h=4.0,n=30,start_thres=1.25",hub,0.25,50,19,40,1730,12,0,28,1730,0.3,0.0,1.0,0.0,0.1449925086715004
ni_tfnbs,"e=0.4,h=5.0,n=30,start_thres=1.25",hub,0.25,50,19,40,1730,12,0,28,1730,0.3,0.0,1.0,0.0,0.1449925086715004
ni_tfnbs,"e=0.4,h=6.0,n=30,start_thres=1.25",hub,0.25,50,19,40,1730,11,0,29,1730,0.275,0.0,1.0,0.0,0.1449925086715004
ni_tfnbs,"e=0.4,h=7.0,n=30,start_thres=1.25",hub,0.25,50,19,40,1730,11,0,29,1730,0.275,0.0,1.0,0.0,0.1449925086715004
ni_tfnbs,"e=0.4,h=8.0,n=30,start_thres=1.25",hub,0.25,50,19,40,1730,11,0,29,1730,0.275,0.0,1.0,0.0,0.1449925086715004
ni_tfnbs,"e=0.4,h=9.0,n=30,start_thres=1.25",hub,0.25,50,19,40,1730,11,0,29,1730,0.275,0.0,1.0,0.0,0.1449925086715004
ni_tfnbs,"e=0.4,h=10.0,n=30,start_thres=1.25",hub,0.25,50,19,40,1730,11,0,29,1730,0.275,0.0,1.0,0.0,0.1449925086715004
ni_tfnbs,"e=0.5,h=0.5,n=30,start_thres=1.25",hub,0.25,50,19,40,1730,14,1,26,1729,0.35,0.0005780346820809,0.9333333333333332,0.0666666666666666,0.1449925086715004
ni_tfnbs,"e=0.5,h=1.0,n=30,start_thres=1.25",hub,0.25,50,19,40,1730,14,1,26,1729,0.35,0.0005780346820809,0.9333333333333332,0.0666666666666666,0.1449925086715004
ni_tfnbs,"e=0.5,h=2.0,n=30,start_thres=1.25",hub,0.25,50,19,40,1730,14,0,26,1730,0.35,0.0,1.0,0.0,0.1449925086715004
ni_tfnbs,"e=0.5,h=3.0,n=30,start_thres=1.25",hub,0.25,50,19,40,1730,13,0,27,1730,0.325,0.0,1.0,0.0,0.1449925086715004
ni_tfnbs,"e=0.5,h=4.0,n=30,start_thres=1.25",hub,0.25,50,19,40,1730,13,0,27,1730,0.325,0.0,1.0,0.0,0.1449925086715004
ni_tfnbs,"e=0.5,h=5.0,n=30,start_thres=1.25",hub,0.25,50,19,40,1730,12,0,28,1730,0.3,0.0,1.0,0.0,0.1449925086715004
ni_tfnbs,"e=0.5,h=6.0,n=30,start_thres=1.25",hub,0.25,50,19,40,1730,12,0,28,1730,0.3,0.0,1.0,0.0,0.1449925086715004
ni_tfnbs,"e=0.5,h=7.0,n=30,start_thres=1.25",hub,0.25,50,19,40,1730,12,0,28,1730,0.3,0.0,1.0,0.0,0.1449925086715004
ni_tfnbs,"e=0.5,h=8.0,n=30,start_thres=1.25",hub,0.25,50,19,40,1730,11,0,29,1730,0.275,0.0,1.0,0.0,0.1449925086715004
ni_tfnbs,"e=0.5,h=9.0,n=30,start_thres=1.25",hub,0.25,50,19,40,1730,11,0,29,1730,0.275,0.0,1.0,0.0,0.1449925086715004
ni_tfnbs,"e=0.5,h=10.0,n=30,start_thres=1.25",hub,0.25,50,19,40,1730,11,0,29,1730,0.275,0.0,1.0,0.0,0.1449925086715004
ni_tfnbs,"e=0.6,h=0.5,n=30,start_thres=1.25",hub,0.25,50,19,40,1730,14,1,26,1729,0.35,0.0005780346820809,0.9333333333333332,0.0666666666666666,0.1449925086715004
ni_tfnbs,"e=0.6,h=1.0,n=30,start_thres=1.25",hub,0.25,50,19,40,1730,14,1,26,1729,0.35,0.0005780346820809,0.9333333333333332,0.0666666666666666,0.1449925086715004
ni_tfnbs,"e=0.6,h=2.0,n=30,start_thres=1.25",hub,0.25,50,19,40,1730,14,1,26,1729,0.35,0.0005780346820809,0.9333333333333332,0.0666666666666666,0.1449925086715004
ni_tfnbs,"e=0.6,h=3.0,n=30,start_thres=1.25",hub,0.25,50,19,40,1730,14,0,26,1730,0.35,0.0,1.0,0.0,0.1449925086715004
ni_tfnbs,"e=0.6,h=4.0,n=30,start_thres=1.25",hub,0.25,50,19,40,1730,13,0,27,1730,0.325,0.0,1.0,0.0,0.1449925086715004
ni_tfnbs,"e=0.6,h=5.0,n=30,start_thres=1.25",hub,0.25,50,19,40,1730,13,0,27,1730,0.325,0.0,1.0,0.0,0.1449925086715004
ni_tfnbs,"e=0.6,h=6.0,n=30,start_thres=1.25",hub,0.25,50,19,40,1730,13,0,27,1730,0.325,0.0,1.0,0.0,0.1449925086715004
ni_tfnbs,"e=0.6,h=7.0,n=30,start_thres=1.25",hub,0.25,50,19,40,1730,12,0,28,1730,0.3,0.0,1.0,0.0,0.1449925086715004
ni_tfnbs,"e=0.6,h=8.0,n=30,start_thres=1.25",hub,0.25,50,19,40,1730,12,0,28,1730,0.3,0.0,1.0,0.0,0.1449925086715004
ni_tfnbs,"e=0.6,h=9.0,n=30,start_thres=1.25",hub,0.25,50,19,40,1730,12,0,28,1730,0.3,0.0,1.0,0.0,0.1449925086715004
ni_tfnbs,"e=0.6,h=10.0,n=30,start_thres=1.25",hub,0.25,50,19,40,1730,11,0,29,1730,0.275,0.0,1.0,0.0,0.1449925086715004
ni_tfnbs,"e=0.7,h=0.5,n=30,start_thres=1.25",hub,0.25,50,19,40,1730,14,5,26,1725,0.35,0.0028901734104046,0.7368421052631579,0.2631578947368421,0.1449925086715004
ni_tfnbs,"e=0.7,h=1.0,n=30,start_thres=1.25",hub,0.25,50,19,40,1730,14,5,26,1725,0.35,0.0028901734104046,0.7368421052631579,0.2631578947368421,0.1449925086715004
ni_tfnbs,"e=0.7,h=2.0,n=30,start_thres=1.25",hub,0.25,50,19,40,1730,14,1,26,1729,0.35,0.0005780346820809,0.9333333333333332,0.0666666666666666,0.1449925086715004
ni_tfnbs,"e=0.7,h=3.0,n=30,start_thres=1.25",hub,0.25,50,19,40,1730,14,1,26,1729,0.35,0.0005780346820809,0.9333333333333332,0.0666666666666666,0.1449925086715004
ni_tfnbs,"e=0.7,h=4.0,n=30,start_thres=1.25",hub,0.25,50,19,40,1730,14,0,26,1730,0.35,0.0,1.0,0.0,0.1449925086715004
ni_tfnbs,"e=0.7,h=5.0,n=30,start_thres=1.25",hub,0.25,50,19,40,1730,13,0,27,1730,0.325,0.0,1.0,0.0,0.1449925086715004
ni_tfnbs,"e=0.7,h=6.0,n=30,start_thres=1.25",hub,0.25,50,19,40,1730,13,0,27,1730,0.325,0.0,1.0,0.0,0.1449925086715004
ni_tfnbs,"e=0.7,h=7.0,n=30,start_thres=1.25",hub,0.25,50,19,40,1730,13,0,27,1730,0.325,0.0,1.0,0.0,0.1449925086715004
ni_tfnbs,"e=0.7,h=8.0,n=30,start_thres=1.25",hub,0.25,50,19,40,1730,12,0,28,1730,0.3,0.0,1.0,0.0,0.1449925086715004
ni_tfnbs,"e=0.7,h=9.0,n=30,start_thres=1.25",hub,0.25,50,19,40,1730,12,0,28,1730,0.3,0.0,1.0,0.0,0.1449925086715004
ni_tfnbs,"e=0.7,h=10.0,n=30,start_thres=1.25",hub,0.25,50,19,40,1730,12,0,28,1730,0.3,0.0,1.0,0.0,0.1449925086715004
ni_tfnbs,"e=0.8,h=0.5,n=30,start_thres=1.25",hub,0.25,50,19,40,1730,14,7,26,1723,0.35,0.0040462427745664,0.6666666666666666,0.3333333333333333,0.1449925086715004
ni_tfnbs,"e=0.8,h=1.0,n=30,start_thres=1.25",hub,0.25,50,19,40,1730,14,5,26,1725,0.35,0.0028901734104046,0.7368421052631579,0.2631578947368421,0.1449925086715004
ni_tfnbs,"e=0.8,h=2.0,n=30,start_thres=1.25",hub,0.25,50,19,40,1730,15,5,25,1725,0.375,0.0028901734104046,0.75,0.25,0.1449925086715004
ni_tfnbs,"e=0.8,h=3.0,n=30,start_thres=1.25",hub,0.25,50,19,40,1730,15,1,25,1729,0.375,0.0005780346820809,0.9375,0.0625,0.1449925086715004
ni_tfnbs,"e=0.8,h=4.0,n=30,start_thres=1.25",hub,0.25,50,19,40,1730,14,1,26,1729,0.35,0.0005780346820809,0.9333333333333332,0.0666666666666666,0.1449925086715004
ni_tfnbs,"e=0.8,h=5.0,n=30,start_thres=1.25",hub,0.25,50,19,40,1730,14,0,26,1730,0.35,0.0,1.0,0.0,0.1449925086715004
ni_tfnbs,"e=0.8,h=6.0,n=30,start_thres=1.25",hub,0.25,50,19,40,1730,14,0,26,1730,0.35,0.0,1.0,0.0,0.1449925086715004
ni_tfnbs,"e=0.8,h=7.0,n=30,start_thres=1.25",hub,0.25,50,19,40,1730,13,0,27,1730,0.325,0.0,1.0,0.0,0.1449925086715004
ni_tfnbs,"e=0.8,h=8.0,n=30,start_thres=1.25",hub,0.25,50,19,40,1730,13,0,27,1730,0.325,0.0,1.0,0.0,0.1449925086715004
ni_tfnbs,"e=0.8,h=9.0,n=30,start_thres=1.25",hub,0.25,50,19,40,1730,12,0,28,1730,0.3,0.0,1.0,0.0,0.1449925086715004
ni_tfnbs,"e=0.8,h=10.0,n=30,start_thres=1.25",hub,0.25,50,19,40,1730,12,0,28,1730,0.3,0.0,1.0,0.0,0.1449925086715004
ni_tfnbs,"e=0.9,h=0.5,n=30,start_thres=1.25",hub,0.25,50,19,40,1730,14,7,26,1723,0.35,0.0040462427745664,0.6666666666666666,0.3333333333333333,0.1449925086715004
ni_tfnbs,"e=0.9,h=1.0,n=30,start_thres=1.25",hub,0.25,50,19,40,1730,14,7,26,1723,0.35,0.0040462427745664,0.6666666666666666,0.3333333333333333,0.1449925086715004
ni_tfnbs,"e=0.9,h=2.0,n=30,start_thres=1.25",hub,0.25,50,19,40,1730,15,5,25,1725,0.375,0.0028901734104046,0.75,0.25,0.1449925086715004
ni_tfnbs,"e=0.9,h=3.0,n=30,start_thres=1.25",hub,0.25,50,19,40,1730,15,5,25,1725,0.375,0.0028901734104046,0.75,0.25,0.1449925086715004
ni_tfnbs,"e=0.9,h=4.0,n=30,start_thres=1.25",hub,0.25,50,19,40,1730,15,1,25,1729,0.375,0.0005780346820809,0.9375,0.0625,0.1449925086715004
ni_tfnbs,"e=0.9,h=5.0,n=30,start_thres=1.25",hub,0.25,50,19,40,1730,14,1,26,1729,0.35,0.0005780346820809,0.9333333333333332,0.0666666666666666,0.1449925086715004
ni_tfnbs,"e=0.9,h=6.0,n=30,start_thres=1.25",hub,0.25,50,19,40,1730,14,0,26,1730,0.35,0.0,1.0,0.0,0.1449925086715004
ni_tfnbs,"e=0.9,h=7.0,n=30,start_thres=1.25",hub,0.25,50,19,40,1730,14,0,26,1730,0.35,0.0,1.0,0.0,0.1449925086715004
ni_tfnbs,"e=0.9,h=8.0,n=30,start_thres=1.25",hub,0.25,50,19,40,1730,13,0,27,1730,0.325,0.0,1.0,0.0,0.1449925086715004
ni_tfnbs,"e=0.9,h=9.0,n=30,start_thres=1.25",hub,0.25,50,19,40,1730,13,0,27,1730,0.325,0.0,1.0,0.0,0.1449925086715004
ni_tfnbs,"e=0.9,h=10.0,n=30,start_thres=1.25",hub,0.25,50,19,40,1730,13,0,27,1730,0.325,0.0,1.0,0.0,0.1449925086715004
ni_tfnbs,"e=1.0,h=0.5,n=30,start_thres=1.25",hub,0.25,50,19,40,1730,14,7,26,1723,0.35,0.0040462427745664,0.6666666666666666,0.3333333333333333,0.1449925086715004
ni_tfnbs,"e=1.0,h=1.0,n=30,start_thres=1.25",hub,0.25,50,19,40,1730,14,7,26,1723,0.35,0.0040462427745664,0.6666666666666666,0.3333333333333333,0.1449925086715004
ni_tfnbs,"e=1.0,h=2.0,n=30,start_thres=1.25",hub,0.25,50,19,40,1730,15,7,25,1723,0.375,0.0040462427745664,0.6818181818181818,0.3181818181818182,0.1449925086715004
ni_tfnbs,"e=1.0,h=3.0,n=30,start_thres=1.25",hub,0.25,50,19,40,1730,15,5,25,1725,0.375,0.0028901734104046,0.75,0.25,0.1449925086715004
ni_tfnbs,"e=1.0,h=4.0,n=30,start_thres=1.25",hub,0.25,50,19,40,1730,15,5,25,1725,0.375,0.0028901734104046,0.75,0.25,0.1449925086715004
ni_tfnbs,"e=1.0,h=5.0,n=30,start_thres=1.25",hub,0.25,50,19,40,1730,14,1,26,1729,0.35,0.0005780346820809,0.9333333333333332,0.0666666666666666,0.1449925086715004
ni_tfnbs,"e=1.0,h=6.0,n=30,start_thres=1.25",hub,0.25,50,19,40,1730,14,1,26,1729,0.35,0.0005780346820809,0.9333333333333332,0.0666666666666666,0.1449925086715004
ni_tfnbs,"e=1.0,h=7.0,n=30,start_thres=1.25",hub,0.25,50,19,40,1730,14,0,26,1730,0.35,0.0,1.0,0.0,0.1449925086715004
ni_tfnbs,"e=1.0,h=8.0,n=30,start_thres=1.25",hub,0.25,50,19,40,1730,14,0,26,1730,0.35,0.0,1.0,0.0,0.1449925086715004
ni_tfnbs,"e=1.0,h=9.0,n=30,start_thres=1.25",hub,0.25,50,19,40,1730,13,0,27,1730,0.325,0.0,1.0,0.0,0.1449925086715004
ni_tfnbs,"e=1.0,h=10.0,n=30,start_thres=1.25",hub,0.25,50,19,40,1730,13,0,27,1730,0.325,0.0,1.0,0.0,0.1449925086715004
ni_tfnbs,"e=1.1,h=0.5,n=30,start_thres=1.25",hub,0.25,50,19,40,1730,14,9,26,1721,0.35,0.0052023121387283,0.6086956521739131,0.391304347826087,0.1449925086715004
ni_tfnbs,"e=1.1,h=1.0,n=30,start_thres=1.25",hub,0.25,50,19,40,1730,14,9,26,1721,0.35,0.0052023121387283,0.6086956521739131,0.391304347826087,0.1449925086715004
ni_tfnbs,"e=1.1,h=2.0,n=30,start_thres=1.25",hub,0.25,50,19,40,1730,14,7,26,1723,0.35,0.0040462427745664,0.6666666666666666,0.3333333333333333,0.1449925086715004
ni_tfnbs,"e=1.1,h=3.0,n=30,start_thres=1.25",hub,0.25,50,19,40,1730,15,7,25,1723,0.375,0.0040462427745664,0.6818181818181818,0.3181818181818182,0.1449925086715004
ni_tfnbs,"e=1.1,h=4.0,n=30,start_thres=1.25",hub,0.25,50,19,40,1730,16,5,24,1725,0.4,0.0028901734104046,0.7619047619047619,0.238095238095238,0.1449925086715004
ni_tfnbs,"e=1.1,h=5.0,n=30,start_thres=1.25",hub,0.25,50,19,40,1730,15,1,25,1729,0.375,0.0005780346820809,0.9375,0.0625,0.1449925086715004
ni_tfnbs,"e=1.1,h=6.0,n=30,start_thres=1.25",hub,0.25,50,19,40,1730,14,1,26,1729,0.35,0.0005780346820809,0.9333333333333332,0.0666666666666666,0.1449925086715004
ni_tfnbs,"e=1.1,h=7.0,n=30,start_thres=1.25",hub,0.25,50,19,40,1730,14,1,26,1729,0.35,0.0005780346820809,0.9333333333333332,0.0666666666666666,0.1449925086715004
ni_tfnbs,"e=1.1,h=8.0,n=30,start_thres=1.25",hub,0.25,50,19,40,1730,14,0,26,1730,0.35,0.0,1.0,0.0,0.1449925086715004
ni_tfnbs,"e=1.1,h=9.0,n=30,start_thres=1.25",hub,0.25,50,19,40,1730,14,0,26,1730,0.35,0.0,1.0,0.0,0.1449925086715004
ni_tfnbs,"e=1.1,h=10.0,n=30,start_thres=1.25",hub,0.25,50,19,40,1730,13,0,27,1730,0.325,0.0,1.0,0.0,0.1449925086715004
ni_tfnbs,"e=1.2,h=0.5,n=30,start_thres=1.25",hub,0.25,50,19,40,1730,14,9,26,1721,0.35,0.0052023121387283,0.6086956521739131,0.391304347826087,0.1449925086715004
ni_tfnbs,"e=1.2,h=1.0,n=30,start_thres=1.25",hub,0.25,50,19,40,1730,14,9,26,1721,0.35,0.0052023121387283,0.6086956521739131,0.391304347826087,0.1449925086715004
ni_tfnbs,"e=1.2,h=2.0,n=30,start_thres=1.25",hub,0.25,50,19,40,1730,14,9,26,1721,0.35,0.0052023121387283,0.6086956521739131,0.391304347826087,0.1449925086715004
ni_tfnbs,"e=1.2,h=3.0,n=30,start_thres=1.25",hub,0.25,50,19,40,1730,15,7,25,1723,0.375,0.0040462427745664,0.6818181818181818,0.3181818181818182,0.1449925086715004
ni_tfnbs,"e=1.2,h=4.0,n=30,start_thres=1.25",hub,0.25,50,19,40,1730,16,7,24,1723,0.4,0.0040462427745664,0.6956521739130435,0.3043478260869565,0.1449925086715004
ni_tfnbs,"e=1.2,h=5.0,n=30,start_thres=1.25",hub,0.25,50,19,40,1730,15,5,25,1725,0.375,0.0028901734104046,0.75,0.25,0.1449925086715004
ni_tfnbs,"e=1.2,h=6.0,n=30,start_thres=1.25",hub,0.25,50,19,40,1730,14,1,26,1729,0.35,0.0005780346820809,0.9333333333333332,0.0666666666666666,0.1449925086715004
ni_tfnbs,"e=1.2,h=7.0,n=30,start_thres=1.25",hub,0.25,50,19,40,1730,14,1,26,1729,0.35,0.0005780346820809,0.9333333333333332,0.0666666666666666,0.1449925086715004
ni_tfnbs,"e=1.2,h=8.0,n=30,start_thres=1.25",hub,0.25,50,19,40,1730,14,1,26,1729,0.35,0.0005780346820809,0.9333333333333332,0.0666666666666666,0.1449925086715004
ni_tfnbs,"e=1.2,h=9.0,n=30,start_thres=1.25",hub,0.25,50,19,40,1730,14,0,26,1730,0.35,0.0,1.0,0.0,0.1449925086715004
ni_tfnbs,"e=1.2,h=10.0,n=30,start_thres=1.25",hub,0.25,50,19,40,1730,14,0,26,1730,0.35,0.0,1.0,0.0,0.1449925086715004
ni_tfnbs,"e=1.3,h=0.5,n=30,start_thres=1.25",hub,0.25,50,19,40,1730,14,9,26,1721,0.35,0.0052023121387283,0.6086956521739131,0.391304347826087,0.1449925086715004
ni_tfnbs,"e=1.3,h=1.0,n=30,start_thres=1.25",hub,0.25,50,19,40,1730,14,9,26,1721,0.35,0.0052023121387283,0.6086956521739131,0.391304347826087,0.1449925086715004
ni_tfnbs,"e=1.3,h=2.0,n=30,start_thres=1.25",hub,0.25,50,19,40,1730,14,9,26,1721,0.35,0.0052023121387283,0.6086956521739131,0.391304347826087,0.1449925086715004
ni_tfnbs,"e=1.3,h=3.0,n=30,start_thres=1.25",hub,0.25,50,19,40,1730,15,9,25,1721,0.375,0.0052023121387283,0.625,0.375,0.1449925086715004
ni_tfnbs,"e=1.3,h=4.0,n=30,start_thres=1.25",hub,0.25,50,19,40,1730,16,7,24,1723,0.4,0.0040462427745664,0.6956521739130435,0.3043478260869565,0.1449925086715004
ni_tfnbs,"e=1.3,h=5.0,n=30,start_thres=1.25",hub,0.25,50,19,40,1730,16,7,24,1723,0.4,0.0040462427745664,0.6956521739130435,0.3043478260869565,0.1449925086715004
ni_tfnbs,"e=1.3,h=6.0,n=30,start_thres=1.25",hub,0.25,50,19,40,1730,15,5,25,1725,0.375,0.0028901734104046,0.75,0.25,0.1449925086715004
ni_tfnbs,"e=1.3,h=7.0,n=30,start_thres=1.25",hub,0.25,50,19,40,1730,14,1,26,1729,0.35,0.0005780346820809,0.9333333333333332,0.0666666666666666,0.1449925086715004
ni_tfnbs,"e=1.3,h=8.0,n=30,start_thres=1.25",hub,0.25,50,19,40,1730,14,1,26,1729,0.35,0.0005780346820809,0.9333333333333332,0.0666666666666666,0.1449925086715004
ni_tfnbs,"e=1.3,h=9.0,n=30,start_thres=1.25",hub,0.25,50,19,40,1730,14,1,26,1729,0.35,0.0005780346820809,0.9333333333333332,0.0666666666666666,0.1449925086715004
ni_tfnbs,"e=1.3,h=10.0,n=30,start_thres=1.25",hub,0.25,50,19,40,1730,14,0,26,1730,0.35,0.0,1.0,0.0,0.1449925086715004
ni_tfnbs,"e=1.4,h=0.5,n=30,start_thres=1.25",hub,0.25,50,19,40,1730,13,9,27,1721,0.325,0.0052023121387283,0.5909090909090909,0.4090909090909091,0.1449925086715004
ni_tfnbs,"e=1.4,h=1.0,n=30,start_thres=1.25",hub,0.25,50,19,40,1730,14,9,26,1721,0.35,0.0052023121387283,0.6086956521739131,0.391304347826087,0.1449925086715004
ni_tfnbs,"e=1.4,h=2.0,n=30,start_thres=1.25",hub,0.25,50,19,40,1730,14,9,26,1721,0.35,0.0052023121387283,0.6086956521739131,0.391304347826087,0.1449925086715004
ni_tfnbs,"e=1.4,h=3.0,n=30,start_thres=1.25",hub,0.25,50,19,40,1730,15,9,25,1721,0.375,0.0052023121387283,0.625,0.375,0.1449925086715004
ni_tfnbs,"e=1.4,h=4.0,n=30,start_thres=1.25",hub,0.25,50,19,40,1730,16,7,24,1723,0.4,0.0040462427745664,0.6956521739130435,0.3043478260869565,0.1449925086715004
ni_tfnbs,"e=1.4,h=5.0,n=30,start_thres=1.25",hub,0.25,50,19,40,1730,16,7,24,1723,0.4,0.0040462427745664,0.6956521739130435,0.3043478260869565,0.1449925086715004
ni_tfnbs,"e=1.4,h=6.0,n=30,start_thres=1.25",hub,0.25,50,19,40,1730,15,5,25,1725,0.375,0.0028901734104046,0.75,0.25,0.1449925086715004
ni_tfnbs,"e=1.4,h=7.0,n=30,start_thres=1.25",hub,0.25,50,19,40,1730,14,1,26,1729,0.35,0.0005780346820809,0.9333333333333332,0.0666666666666666,0.1449925086715004
ni_tfnbs,"e=1.4,h=8.0,n=30,start_thres=1.25",hub,0.25,50,19,40,1730,14,1,26,1729,0.35,0.0005780346820809,0.9333333333333332,0.0666666666666666,0.1449925086715004
ni_tfnbs,"e=1.4,h=9.0,n=30,start_thres=1.25",hub,0.25,50,19,40,1730,14,1,26,1729,0.35,0.0005780346820809,0.9333333333333332,0.0666666666666666,0.1449925086715004
ni_tfnbs,"e=1.4,h=10.0,n=30,start_thres=1.25",hub,0.25,50,19,40,1730,14,0,26,1730,0.35,0.0,1.0,0.0,0.1449925086715004
ni_tfnbs,"e=1.5,h=0.5,n=30,start_thres=1.25",hub,0.25,50,19,40,1730,13,9,27,1721,0.325,0.0052023121387283,0.5909090909090909,0.4090909090909091,0.1449925086715004
ni_tfnbs,"e=1.5,h=1.0,n=30,start_thres=1.25",hub,0.25,50,19,40,1730,14,9,26,1721,0.35,0.0052023121387283,0.6086956521739131,0.391304347826087,0.1449925086715004
ni_tfnbs,"e=1.5,h=2.0,n=30,start_thres=1.25",hub,0.25,50,19,40,1730,14,9,26,1721,0.35,0.0052023121387283,0.6086956521739131,0.391304347826087,0.1449925086715004
ni_tfnbs,"e=1.5,h=3.0,n=30,start_thres=1.25",hub,0.25,50,19,40,1730,14,9,26,1721,0.35,0.0052023121387283,0.6086956521739131,0.391304347826087,0.1449925086715004
ni_tfnbs,"e=1.5,h=4.0,n=30,start_thres=1.25",hub,0.25,50,19,40,1730,16,9,24,1721,0.4,0.0052023121387283,0.64,0.36,0.1449925086715004
ni_tfnbs,"e=1.5,h=5.0,n=30,start_thres=1.25",hub,0.25,50,19,40,1730,16,7,24,1723,0.4,0.0040462427745664,0.6956521739130435,0.3043478260869565,0.1449925086715004
ni_tfnbs,"e=1.5,h=6.0,n=30,start_thres=1.25",hub,0.25,50,19,40,1730,16,7,24,1723,0.4,0.0040462427745664,0.6956521739130435,0.3043478260869565,0.1449925086715004
ni_tfnbs,"e=1.5,h=7.0,n=30,start_thres=1.25",hub,0.25,50,19,40,1730,15,5,25,1725,0.375,0.0028901734104046,0.75,0.25,0.1449925086715004
ni_tfnbs,"e=1.5,h=8.0,n=30,start_thres=1.25",hub,0.25,50,19,40,1730,14,1,26,1729,0.35,0.0005780346820809,0.9333333333333332,0.0666666666666666,0.1449925086715004
ni_tfnbs,"e=1.5,h=9.0,n=30,start_thres=1.25",hub,0.25,50,19,40,1730,14,1,26,1729,0.35,0.0005780346820809,0.9333333333333332,0.0666666666666666,0.1449925086715004
ni_tfnbs,"e=1.5,h=10.0,n=30,start_thres=1.25",hub,0.25,50,19,40,1730,14,1,26,1729,0.35,0.0005780346820809,0.9333333333333332,0.0666666666666666,0.1449925086715004
ni_tfnbs,"e=0.05,h=0.5,n=30,start_thres=1.25",hub,0.25,50,20,40,1730,9,0,31,1730,0.225,0.0,1.0,0.0,0.1445899524471976
ni_tfnbs,"e=0.05,h=1.0,n=30,start_thres=1.25",hub,0.25,50,20,40,1730,9,0,31,1730,0.225,0.0,1.0,0.0,0.1445899524471976
ni_tfnbs,"e=0.05,h=2.0,n=30,start_thres=1.25",hub,0.25,50,20,40,1730,9,0,31,1730,0.225,0.0,1.0,0.0,0.1445899524471976
ni_tfnbs,"e=0.05,h=3.0,n=30,start_thres=1.25",hub,0.25,50,20,40,1730,8,0,32,1730,0.2,0.0,1.0,0.0,0.1445899524471976
ni_tfnbs,"e=0.05,h=4.0,n=30,start_thres=1.25",hub,0.25,50,20,40,1730,8,0,32,1730,0.2,0.0,1.0,0.0,0.1445899524471976
ni_tfnbs,"e=0.05,h=5.0,n=30,start_thres=1.25",hub,0.25,50,20,40,1730,7,0,33,1730,0.175,0.0,1.0,0.0,0.1445899524471976
ni_tfnbs,"e=0.05,h=6.0,n=30,start_thres=1.25",hub,0.25,50,20,40,1730,7,0,33,1730,0.175,0.0,1.0,0.0,0.1445899524471976
ni_tfnbs,"e=0.05,h=7.0,n=30,start_thres=1.25",hub,0.25,50,20,40,1730,7,0,33,1730,0.175,0.0,1.0,0.0,0.1445899524471976
ni_tfnbs,"e=0.05,h=8.0,n=30,start_thres=1.25",hub,0.25,50,20,40,1730,7,0,33,1730,0.175,0.0,1.0,0.0,0.1445899524471976
ni_tfnbs,"e=0.05,h=9.0,n=30,start_thres=1.25",hub,0.25,50,20,40,1730,7,0,33,1730,0.175,0.0,1.0,0.0,0.1445899524471976
ni_tfnbs,"e=0.05,h=10.0,n=30,start_thres=1.25",hub,0.25,50,20,40,1730,7,0,33,1730,0.175,0.0,1.0,0.0,0.1445899524471976
ni_tfnbs,"e=0.1,h=0.5,n=30,start_thres=1.25",hub,0.25,50,20,40,1730,10,0,30,1730,0.25,0.0,1.0,0.0,0.1445899524471976
ni_tfnbs,"e=0.1,h=1.0,n=30,start_thres=1.25",hub,0.25,50,20,40,1730,10,0,30,1730,0.25,0.0,1.0,0.0,0.1445899524471976
ni_tfnbs,"e=0.1,h=2.0,n=30,start_thres=1.25",hub,0.25,50,20,40,1730,10,0,30,1730,0.25,0.0,1.0,0.0,0.1445899524471976
ni_tfnbs,"e=0.1,h=3.0,n=30,start_thres=1.25",hub,0.25,50,20,40,1730,9,0,31,1730,0.225,0.0,1.0,0.0,0.1445899524471976
ni_tfnbs,"e=0.1,h=4.0,n=30,start_thres=1.25",hub,0.25,50,20,40,1730,9,0,31,1730,0.225,0.0,1.0,0.0,0.1445899524471976
ni_tfnbs,"e=0.1,h=5.0,n=30,start_thres=1.25",hub,0.25,50,20,40,1730,9,0,31,1730,0.225,0.0,1.0,0.0,0.1445899524471976
ni_tfnbs,"e=0.1,h=6.0,n=30,start_thres=1.25",hub,0.25,50,20,40,1730,9,0,31,1730,0.225,0.0,1.0,0.0,0.1445899524471976
ni_tfnbs,"e=0.1,h=7.0,n=30,start_thres=1.25",hub,0.25,50,20,40,1730,9,0,31,1730,0.225,0.0,1.0,0.0,0.1445899524471976
ni_tfnbs,"e=0.1,h=8.0,n=30,start_thres=1.25",hub,0.25,50,20,40,1730,8,0,32,1730,0.2,0.0,1.0,0.0,0.1445899524471976
ni_tfnbs,"e=0.1,h=9.0,n=30,start_thres=1.25",hub,0.25,50,20,40,1730,8,0,32,1730,0.2,0.0,1.0,0.0,0.1445899524471976
ni_tfnbs,"e=0.1,h=10.0,n=30,start_thres=1.25",hub,0.25,50,20,40,1730,7,0,33,1730,0.175,0.0,1.0,0.0,0.1445899524471976
ni_tfnbs,"e=0.2,h=0.5,n=30,start_thres=1.25",hub,0.25,50,20,40,1730,13,0,27,1730,0.325,0.0,1.0,0.0,0.1445899524471976
ni_tfnbs,"e=0.2,h=1.0,n=30,start_thres=1.25",hub,0.25,50,20,40,1730,13,0,27,1730,0.325,0.0,1.0,0.0,0.1445899524471976
ni_tfnbs,"e=0.2,h=2.0,n=30,start_thres=1.25",hub,0.25,50,20,40,1730,12,0,28,1730,0.3,0.0,1.0,0.0,0.1445899524471976
ni_tfnbs,"e=0.2,h=3.0,n=30,start_thres=1.25",hub,0.25,50,20,40,1730,10,0,30,1730,0.25,0.0,1.0,0.0,0.1445899524471976
ni_tfnbs,"e=0.2,h=4.0,n=30,start_thres=1.25",hub,0.25,50,20,40,1730,10,0,30,1730,0.25,0.0,1.0,0.0,0.1445899524471976
ni_tfnbs,"e=0.2,h=5.0,n=30,start_thres=1.25",hub,0.25,50,20,40,1730,10,0,30,1730,0.25,0.0,1.0,0.0,0.1445899524471976
ni_tfnbs,"e=0.2,h=6.0,n=30,start_thres=1.25",hub,0.25,50,20,40,1730,10,0,30,1730,0.25,0.0,1.0,0.0,0.1445899524471976
ni_tfnbs,"e=0.2,h=7.0,n=30,start_thres=1.25",hub,0.25,50,20,40,1730,9,0,31,1730,0.225,0.0,1.0,0.0,0.1445899524471976
ni_tfnbs,"e=0.2,h=8.0,n=30,start_thres=1.25",hub,0.25,50,20,40,1730,9,0,31,1730,0.225,0.0,1.0,0.0,0.1445899524471976
ni_tfnbs,"e=0.2,h=9.0,n=30,start_thres=1.25",hub,0.25,50,20,40,1730,9,0,31,1730,0.225,0.0,1.0,0.0,0.1445899524471976
ni_tfnbs,"e=0.2,h=10.0,n=30,start_thres=1.25",hub,0.25,50,20,40,1730,9,0,31,1730,0.225,0.0,1.0,0.0,0.1445899524471976
ni_tfnbs,"e=0.3,h=0.5,n=30,start_thres=1.25",hub,0.25,50,20,40,1730,14,0,26,1730,0.35,0.0,1.0,0.0,0.1445899524471976
ni_tfnbs,"e=0.3,h=1.0,n=30,start_thres=1.25",hub,0.25,50,20,40,1730,14,0,26,1730,0.35,0.0,1.0,0.0,0.1445899524471976
ni_tfnbs,"e=0.3,h=2.0,n=30,start_thres=1.25",hub,0.25,50,20,40,1730,13,0,27,1730,0.325,0.0,1.0,0.0,0.1445899524471976
ni_tfnbs,"e=0.3,h=3.0,n=30,start_thres=1.25",hub,0.25,50,20,40,1730,13,0,27,1730,0.325,0.0,1.0,0.0,0.1445899524471976
ni_tfnbs,"e=0.3,h=4.0,n=30,start_thres=1.25",hub,0.25,50,20,40,1730,12,0,28,1730,0.3,0.0,1.0,0.0,0.1445899524471976
ni_tfnbs,"e=0.3,h=5.0,n=30,start_thres=1.25",hub,0.25,50,20,40,1730,10,0,30,1730,0.25,0.0,1.0,0.0,0.1445899524471976
ni_tfnbs,"e=0.3,h=6.0,n=30,start_thres=1.25",hub,0.25,50,20,40,1730,10,0,30,1730,0.25,0.0,1.0,0.0,0.1445899524471976
ni_tfnbs,"e=0.3,h=7.0,n=30,start_thres=1.25",hub,0.25,50,20,40,1730,10,0,30,1730,0.25,0.0,1.0,0.0,0.1445899524471976
ni_tfnbs,"e=0.3,h=8.0,n=30,start_thres=1.25",hub,0.25,50,20,40,1730,10,0,30,1730,0.25,0.0,1.0,0.0,0.1445899524471976
ni_tfnbs,"e=0.3,h=9.0,n=30,start_thres=1.25",hub,0.25,50,20,40,1730,10,0,30,1730,0.25,0.0,1.0,0.0,0.1445899524471976
ni_tfnbs,"e=0.3,h=10.0,n=30,start_thres=1.25",hub,0.25,50,20,40,1730,10,0,30,1730,0.25,0.0,1.0,0.0,0.1445899524471976
ni_tfnbs,"e=0.4,h=0.5,n=30,start_thres=1.25",hub,0.25,50,20,40,1730,15,0,25,1730,0.375,0.0,1.0,0.0,0.1445899524471976
ni_tfnbs,"e=0.4,h=1.0,n=30,start_thres=1.25",hub,0.25,50,20,40,1730,15,0,25,1730,0.375,0.0,1.0,0.0,0.1445899524471976
ni_tfnbs,"e=0.4,h=2.0,n=30,start_thres=1.25",hub,0.25,50,20,40,1730,14,0,26,1730,0.35,0.0,1.0,0.0,0.1445899524471976
ni_tfnbs,"e=0.4,h=3.0,n=30,start_thres=1.25",hub,0.25,50,20,40,1730,13,0,27,1730,0.325,0.0,1.0,0.0,0.1445899524471976
ni_tfnbs,"e=0.4,h=4.0,n=30,start_thres=1.25",hub,0.25,50,20,40,1730,13,0,27,1730,0.325,0.0,1.0,0.0,0.1445899524471976
ni_tfnbs,"e=0.4,h=5.0,n=30,start_thres=1.25",hub,0.25,50,20,40,1730,13,0,27,1730,0.325,0.0,1.0,0.0,0.1445899524471976
ni_tfnbs,"e=0.4,h=6.0,n=30,start_thres=1.25",hub,0.25,50,20,40,1730,12,0,28,1730,0.3,0.0,1.0,0.0,0.1445899524471976
ni_tfnbs,"e=0.4,h=7.0,n=30,start_thres=1.25",hub,0.25,50,20,40,1730,12,0,28,1730,0.3,0.0,1.0,0.0,0.1445899524471976
ni_tfnbs,"e=0.4,h=8.0,n=30,start_thres=1.25",hub,0.25,50,20,40,1730,10,0,30,1730,0.25,0.0,1.0,0.0,0.1445899524471976
ni_tfnbs,"e=0.4,h=9.0,n=30,start_thres=1.25",hub,0.25,50,20,40,1730,10,0,30,1730,0.25,0.0,1.0,0.0,0.1445899524471976
ni_tfnbs,"e=0.4,h=10.0,n=30,start_thres=1.25",hub,0.25,50,20,40,1730,10,0,30,1730,0.25,0.0,1.0,0.0,0.1445899524471976
ni_tfnbs,"e=0.5,h=0.5,n=30,start_thres=1.25",hub,0.25,50,20,40,1730,15,0,25,1730,0.375,0.0,1.0,0.0,0.1445899524471976
ni_tfnbs,"e=0.5,h=1.0,n=30,start_thres=1.25",hub,0.25,50,20,40,1730,15,0,25,1730,0.375,0.0,1.0,0.0,0.1445899524471976
ni_tfnbs,"e=0.5,h=2.0,n=30,start_thres=1.25",hub,0.25,50,20,40,1730,15,0,25,1730,0.375,0.0,1.0,0.0,0.1445899524471976
ni_tfnbs,"e=0.5,h=3.0,n=30,start_thres=1.25",hub,0.25,50,20,40,1730,15,0,25,1730,0.375,0.0,1.0,0.0,0.1445899524471976
ni_tfnbs,"e=0.5,h=4.0,n=30,start_thres=1.25",hub,0.25,50,20,40,1730,14,0,26,1730,0.35,0.0,1.0,0.0,0.1445899524471976
ni_tfnbs,"e=0.5,h=5.0,n=30,start_thres=1.25",hub,0.25,50,20,40,1730,13,0,27,1730,0.325,0.0,1.0,0.0,0.1445899524471976
ni_tfnbs,"e=0.5,h=6.0,n=30,start_thres=1.25",hub,0.25,50,20,40,1730,13,0,27,1730,0.325,0.0,1.0,0.0,0.1445899524471976
ni_tfnbs,"e=0.5,h=7.0,n=30,start_thres=1.25",hub,0.25,50,20,40,1730,13,0,27,1730,0.325,0.0,1.0,0.0,0.1445899524471976
ni_tfnbs,"e=0.5,h=8.0,n=30,start_thres=1.25",hub,0.25,50,20,40,1730,12,0,28,1730,0.3,0.0,1.0,0.0,0.1445899524471976
ni_tfnbs,"e=0.5,h=9.0,n=30,start_thres=1.25",hub,0.25,50,20,40,1730,10,0,30,1730,0.25,0.0,1.0,0.0,0.1445899524471976
ni_tfnbs,"e=0.5,h=10.0,n=30,start_thres=1.25",hub,0.25,50,20,40,1730,10,0,30,1730,0.25,0.0,1.0,0.0,0.1445899524471976
ni_tfnbs,"e=0.6,h=0.5,n=30,start_thres=1.25",hub,0.25,50,20,40,1730,18,0,22,1730,0.45,0.0,1.0,0.0,0.1445899524471976
ni_tfnbs,"e=0.6,h=1.0,n=30,start_thres=1.25",hub,0.25,50,20,40,1730,18,0,22,1730,0.45,0.0,1.0,0.0,0.1445899524471976
ni_tfnbs,"e=0.6,h=2.0,n=30,start_thres=1.25",hub,0.25,50,20,40,1730,15,0,25,1730,0.375,0.0,1.0,0.0,0.1445899524471976
ni_tfnbs,"e=0.6,h=3.0,n=30,start_thres=1.25",hub,0.25,50,20,40,1730,15,0,25,1730,0.375,0.0,1.0,0.0,0.1445899524471976
ni_tfnbs,"e=0.6,h=4.0,n=30,start_thres=1.25",hub,0.25,50,20,40,1730,15,0,25,1730,0.375,0.0,1.0,0.0,0.1445899524471976
ni_tfnbs,"e=0.6,h=5.0,n=30,start_thres=1.25",hub,0.25,50,20,40,1730,14,0,26,1730,0.35,0.0,1.0,0.0,0.1445899524471976
ni_tfnbs,"e=0.6,h=6.0,n=30,start_thres=1.25",hub,0.25,50,20,40,1730,13,0,27,1730,0.325,0.0,1.0,0.0,0.1445899524471976
ni_tfnbs,"e=0.6,h=7.0,n=30,start_thres=1.25",hub,0.25,50,20,40,1730,13,0,27,1730,0.325,0.0,1.0,0.0,0.1445899524471976
ni_tfnbs,"e=0.6,h=8.0,n=30,start_thres=1.25",hub,0.25,50,20,40,1730,13,0,27,1730,0.325,0.0,1.0,0.0,0.1445899524471976
ni_tfnbs,"e=0.6,h=9.0,n=30,start_thres=1.25",hub,0.25,50,20,40,1730,13,0,27,1730,0.325,0.0,1.0,0.0,0.1445899524471976
ni_tfnbs,"e=0.6,h=10.0,n=30,start_thres=1.25",hub,0.25,50,20,40,1730,12,0,28,1730,0.3,0.0,1.0,0.0,0.1445899524471976
ni_tfnbs,"e=0.7,h=0.5,n=30,start_thres=1.25",hub,0.25,50,20,40,1730,19,0,21,1730,0.475,0.0,1.0,0.0,0.1445899524471976
ni_tfnbs,"e=0.7,h=1.0,n=30,start_thres=1.25",hub,0.25,50,20,40,1730,19,0,21,1730,0.475,0.0,1.0,0.0,0.1445899524471976
ni_tfnbs,"e=0.7,h=2.0,n=30,start_thres=1.25",hub,0.25,50,20,40,1730,18,0,22,1730,0.45,0.0,1.0,0.0,0.1445899524471976
ni_tfnbs,"e=0.7,h=3.0,n=30,start_thres=1.25",hub,0.25,50,20,40,1730,15,0,25,1730,0.375,0.0,1.0,0.0,0.1445899524471976
ni_tfnbs,"e=0.7,h=4.0,n=30,start_thres=1.25",hub,0.25,50,20,40,1730,15,0,25,1730,0.375,0.0,1.0,0.0,0.1445899524471976
ni_tfnbs,"e=0.7,h=5.0,n=30,start_thres=1.25",hub,0.25,50,20,40,1730,15,0,25,1730,0.375,0.0,1.0,0.0,0.1445899524471976
ni_tfnbs,"e=0.7,h=6.0,n=30,start_thres=1.25",hub,0.25,50,20,40,1730,14,0,26,1730,0.35,0.0,1.0,0.0,0.1445899524471976
ni_tfnbs,"e=0.7,h=7.0,n=30,start_thres=1.25",hub,0.25,50,20,40,1730,14,0,26,1730,0.35,0.0,1.0,0.0,0.1445899524471976
ni_tfnbs,"e=0.7,h=8.0,n=30,start_thres=1.25",hub,0.25,50,20,40,1730,13,0,27,1730,0.325,0.0,1.0,0.0,0.1445899524471976
ni_tfnbs,"e=0.7,h=9.0,n=30,start_thres=1.25",hub,0.25,50,20,40,1730,13,0,27,1730,0.325,0.0,1.0,0.0,0.1445899524471976
ni_tfnbs,"e=0.7,h=10.0,n=30,start_thres=1.25",hub,0.25,50,20,40,1730,13,0,27,1730,0.325,0.0,1.0,0.0,0.1445899524471976
ni_tfnbs,"e=0.8,h=0.5,n=30,start_thres=1.25",hub,0.25,50,20,40,1730,19,0,21,1730,0.475,0.0,1.0,0.0,0.1445899524471976
ni_tfnbs,"e=0.8,h=1.0,n=30,start_thres=1.25",hub,0.25,50,20,40,1730,19,0,21,1730,0.475,0.0,1.0,0.0,0.1445899524471976
ni_tfnbs,"e=0.8,h=2.0,n=30,start_thres=1.25",hub,0.25,50,20,40,1730,19,0,21,1730,0.475,0.0,1.0,0.0,0.1445899524471976
ni_tfnbs,"e=0.8,h=3.0,n=30,start_thres=1.25",hub,0.25,50,20,40,1730,18,0,22,1730,0.45,0.0,1.0,0.0,0.1445899524471976
ni_tfnbs,"e=0.8,h=4.0,n=30,start_thres=1.25",hub,0.25,50,20,40,1730,15,0,25,1730,0.375,0.0,1.0,0.0,0.1445899524471976
ni_tfnbs,"e=0.8,h=5.0,n=30,start_thres=1.25",hub,0.25,50,20,40,1730,15,0,25,1730,0.375,0.0,1.0,0.0,0.1445899524471976
ni_tfnbs,"e=0.8,h=6.0,n=30,start_thres=1.25",hub,0.25,50,20,40,1730,15,0,25,1730,0.375,0.0,1.0,0.0,0.1445899524471976
ni_tfnbs,"e=0.8,h=7.0,n=30,start_thres=1.25",hub,0.25,50,20,40,1730,14,0,26,1730,0.35,0.0,1.0,0.0,0.1445899524471976
ni_tfnbs,"e=0.8,h=8.0,n=30,start_thres=1.25",hub,0.25,50,20,40,1730,14,0,26,1730,0.35,0.0,1.0,0.0,0.1445899524471976
ni_tfnbs,"e=0.8,h=9.0,n=30,start_thres=1.25",hub,0.25,50,20,40,1730,13,0,27,1730,0.325,0.0,1.0,0.0,0.1445899524471976
ni_tfnbs,"e=0.8,h=10.0,n=30,start_thres=1.25",hub,0.25,50,20,40,1730,13,0,27,1730,0.325,0.0,1.0,0.0,0.1445899524471976
ni_tfnbs,"e=0.9,h=0.5,n=30,start_thres=1.25",hub,0.25,50,20,40,1730,19,0,21,1730,0.475,0.0,1.0,0.0,0.1445899524471976
ni_tfnbs,"e=0.9,h=1.0,n=30,start_thres=1.25",hub,0.25,50,20,40,1730,19,0,21,1730,0.475,0.0,1.0,0.0,0.1445899524471976
ni_tfnbs,"e=0.9,h=2.0,n=30,start_thres=1.25",hub,0.25,50,20,40,1730,19,0,21,1730,0.475,0.0,1.0,0.0,0.1445899524471976
ni_tfnbs,"e=0.9,h=3.0,n=30,start_thres=1.25",hub,0.25,50,20,40,1730,19,0,21,1730,0.475,0.0,1.0,0.0,0.1445899524471976
ni_tfnbs,"e=0.9,h=4.0,n=30,start_thres=1.25",hub,0.25,50,20,40,1730,18,0,22,1730,0.45,0.0,1.0,0.0,0.1445899524471976
ni_tfnbs,"e=0.9,h=5.0,n=30,start_thres=1.25",hub,0.25,50,20,40,1730,15,0,25,1730,0.375,0.0,1.0,0.0,0.1445899524471976
ni_tfnbs,"e=0.9,h=6.0,n=30,start_thres=1.25",hub,0.25,50,20,40,1730,15,0,25,1730,0.375,0.0,1.0,0.0,0.1445899524471976
ni_tfnbs,"e=0.9,h=7.0,n=30,start_thres=1.25",hub,0.25,50,20,40,1730,15,0,25,1730,0.375,0.0,1.0,0.0,0.1445899524471976
ni_tfnbs,"e=0.9,h=8.0,n=30,start_thres=1.25",hub,0.25,50,20,40,1730,15,0,25,1730,0.375,0.0,1.0,0.0,0.1445899524471976
ni_tfnbs,"e=0.9,h=9.0,n=30,start_thres=1.25",hub,0.25,50,20,40,1730,14,0,26,1730,0.35,0.0,1.0,0.0,0.1445899524471976
ni_tfnbs,"e=0.9,h=10.0,n=30,start_thres=1.25",hub,0.25,50,20,40,1730,13,0,27,1730,0.325,0.0,1.0,0.0,0.1445899524471976
ni_tfnbs,"e=1.0,h=0.5,n=30,start_thres=1.25",hub,0.25,50,20,40,1730,19,0,21,1730,0.475,0.0,1.0,0.0,0.1445899524471976
ni_tfnbs,"e=1.0,h=1.0,n=30,start_thres=1.25",hub,0.25,50,20,40,1730,19,1,21,1729,0.475,0.0005780346820809,0.95,0.05,0.1445899524471976
ni_tfnbs,"e=1.0,h=2.0,n=30,start_thres=1.25",hub,0.25,50,20,40,1730,21,1,19,1729,0.525,0.0005780346820809,0.9545454545454546,0.0454545454545454,0.1445899524471976
ni_tfnbs,"e=1.0,h=3.0,n=30,start_thres=1.25",hub,0.25,50,20,40,1730,19,0,21,1730,0.475,0.0,1.0,0.0,0.1445899524471976
ni_tfnbs,"e=1.0,h=4.0,n=30,start_thres=1.25",hub,0.25,50,20,40,1730,19,0,21,1730,0.475,0.0,1.0,0.0,0.1445899524471976
ni_tfnbs,"e=1.0,h=5.0,n=30,start_thres=1.25",hub,0.25,50,20,40,1730,18,0,22,1730,0.45,0.0,1.0,0.0,0.1445899524471976
ni_tfnbs,"e=1.0,h=6.0,n=30,start_thres=1.25",hub,0.25,50,20,40,1730,18,0,22,1730,0.45,0.0,1.0,0.0,0.1445899524471976
ni_tfnbs,"e=1.0,h=7.0,n=30,start_thres=1.25",hub,0.25,50,20,40,1730,15,0,25,1730,0.375,0.0,1.0,0.0,0.1445899524471976
ni_tfnbs,"e=1.0,h=8.0,n=30,start_thres=1.25",hub,0.25,50,20,40,1730,15,0,25,1730,0.375,0.0,1.0,0.0,0.1445899524471976
ni_tfnbs,"e=1.0,h=9.0,n=30,start_thres=1.25",hub,0.25,50,20,40,1730,15,0,25,1730,0.375,0.0,1.0,0.0,0.1445899524471976
ni_tfnbs,"e=1.0,h=10.0,n=30,start_thres=1.25",hub,0.25,50,20,40,1730,14,0,26,1730,0.35,0.0,1.0,0.0,0.1445899524471976
ni_tfnbs,"e=1.1,h=0.5,n=30,start_thres=1.25",hub,0.25,50,20,40,1730,19,0,21,1730,0.475,0.0,1.0,0.0,0.1445899524471976
ni_tfnbs,"e=1.1,h=1.0,n=30,start_thres=1.25",hub,0.25,50,20,40,1730,19,1,21,1729,0.475,0.0005780346820809,0.95,0.05,0.1445899524471976
ni_tfnbs,"e=1.1,h=2.0,n=30,start_thres=1.25",hub,0.25,50,20,40,1730,21,1,19,1729,0.525,0.0005780346820809,0.9545454545454546,0.0454545454545454,0.1445899524471976
ni_tfnbs,"e=1.1,h=3.0,n=30,start_thres=1.25",hub,0.25,50,20,40,1730,21,1,19,1729,0.525,0.0005780346820809,0.9545454545454546,0.0454545454545454,0.1445899524471976
ni_tfnbs,"e=1.1,h=4.0,n=30,start_thres=1.25",hub,0.25,50,20,40,1730,21,0,19,1730,0.525,0.0,1.0,0.0,0.1445899524471976
ni_tfnbs,"e=1.1,h=5.0,n=30,start_thres=1.25",hub,0.25,50,20,40,1730,19,0,21,1730,0.475,0.0,1.0,0.0,0.1445899524471976
ni_tfnbs,"e=1.1,h=6.0,n=30,start_thres=1.25",hub,0.25,50,20,40,1730,18,0,22,1730,0.45,0.0,1.0,0.0,0.1445899524471976
ni_tfnbs,"e=1.1,h=7.0,n=30,start_thres=1.25",hub,0.25,50,20,40,1730,15,0,25,1730,0.375,0.0,1.0,0.0,0.1445899524471976
ni_tfnbs,"e=1.1,h=8.0,n=30,start_thres=1.25",hub,0.25,50,20,40,1730,15,0,25,1730,0.375,0.0,1.0,0.0,0.1445899524471976
ni_tfnbs,"e=1.1,h=9.0,n=30,start_thres=1.25",hub,0.25,50,20,40,1730,15,0,25,1730,0.375,0.0,1.0,0.0,0.1445899524471976
ni_tfnbs,"e=1.1,h=10.0,n=30,start_thres=1.25",hub,0.25,50,20,40,1730,15,0,25,1730,0.375,0.0,1.0,0.0,0.1445899524471976
ni_tfnbs,"e=1.2,h=0.5,n=30,start_thres=1.25",hub,0.25,50,20,40,1730,19,0,21,1730,0.475,0.0,1.0,0.0,0.1445899524471976
ni_tfnbs,"e=1.2,h=1.0,n=30,start_thres=1.25",hub,0.25,50,20,40,1730,19,0,21,1730,0.475,0.0,1.0,0.0,0.1445899524471976
ni_tfnbs,"e=1.2,h=2.0,n=30,start_thres=1.25",hub,0.25,50,20,40,1730,21,1,19,1729,0.525,0.0005780346820809,0.9545454545454546,0.0454545454545454,0.1445899524471976
ni_tfnbs,"e=1.2,h=3.0,n=30,start_thres=1.25",hub,0.25,50,20,40,1730,21,1,19,1729,0.525,0.0005780346820809,0.9545454545454546,0.0454545454545454,0.1445899524471976
ni_tfnbs,"e=1.2,h=4.0,n=30,start_thres=1.25",hub,0.25,50,20,40,1730,21,1,19,1729,0.525,0.0005780346820809,0.9545454545454546,0.0454545454545454,0.1445899524471976
ni_tfnbs,"e=1.2,h=5.0,n=30,start_thres=1.25",hub,0.25,50,20,40,1730,21,0,19,1730,0.525,0.0,1.0,0.0,0.1445899524471976
ni_tfnbs,"e=1.2,h=6.0,n=30,start_thres=1.25",hub,0.25,50,20,40,1730,19,0,21,1730,0.475,0.0,1.0,0.0,0.1445899524471976
ni_tfnbs,"e=1.2,h=7.0,n=30,start_thres=1.25",hub,0.25,50,20,40,1730,18,0,22,1730,0.45,0.0,1.0,0.0,0.1445899524471976
ni_tfnbs,"e=1.2,h=8.0,n=30,start_thres=1.25",hub,0.25,50,20,40,1730,15,0,25,1730,0.375,0.0,1.0,0.0,0.1445899524471976
ni_tfnbs,"e=1.2,h=9.0,n=30,start_thres=1.25",hub,0.25,50,20,40,1730,15,0,25,1730,0.375,0.0,1.0,0.0,0.1445899524471976
ni_tfnbs,"e=1.2,h=10.0,n=30,start_thres=1.25",hub,0.25,50,20,40,1730,15,0,25,1730,0.375,0.0,1.0,0.0,0.1445899524471976
ni_tfnbs,"e=1.3,h=0.5,n=30,start_thres=1.25",hub,0.25,50,20,40,1730,18,0,22,1730,0.45,0.0,1.0,0.0,0.1445899524471976
ni_tfnbs,"e=1.3,h=1.0,n=30,start_thres=1.25",hub,0.25,50,20,40,1730,19,0,21,1730,0.475,0.0,1.0,0.0,0.1445899524471976
ni_tfnbs,"e=1.3,h=2.0,n=30,start_thres=1.25",hub,0.25,50,20,40,1730,21,2,19,1728,0.525,0.0011560693641618,0.9130434782608696,0.0869565217391304,0.1445899524471976
ni_tfnbs,"e=1.3,h=3.0,n=30,start_thres=1.25",hub,0.25,50,20,40,1730,23,2,17,1728,0.575,0.0011560693641618,0.92,0.08,0.1445899524471976
ni_tfnbs,"e=1.3,h=4.0,n=30,start_thres=1.25",hub,0.25,50,20,40,1730,22,1,18,1729,0.55,0.0005780346820809,0.9565217391304348,0.0434782608695652,0.1445899524471976
ni_tfnbs,"e=1.3,h=5.0,n=30,start_thres=1.25",hub,0.25,50,20,40,1730,21,1,19,1729,0.525,0.0005780346820809,0.9545454545454546,0.0454545454545454,0.1445899524471976
ni_tfnbs,"e=1.3,h=6.0,n=30,start_thres=1.25",hub,0.25,50,20,40,1730,21,0,19,1730,0.525,0.0,1.0,0.0,0.1445899524471976
ni_tfnbs,"e=1.3,h=7.0,n=30,start_thres=1.25",hub,0.25,50,20,40,1730,19,0,21,1730,0.475,0.0,1.0,0.0,0.1445899524471976
ni_tfnbs,"e=1.3,h=8.0,n=30,start_thres=1.25",hub,0.25,50,20,40,1730,18,0,22,1730,0.45,0.0,1.0,0.0,0.1445899524471976
ni_tfnbs,"e=1.3,h=9.0,n=30,start_thres=1.25",hub,0.25,50,20,40,1730,15,0,25,1730,0.375,0.0,1.0,0.0,0.1445899524471976
ni_tfnbs,"e=1.3,h=10.0,n=30,start_thres=1.25",hub,0.25,50,20,40,1730,15,0,25,1730,0.375,0.0,1.0,0.0,0.1445899524471976
ni_tfnbs,"e=1.4,h=0.5,n=30,start_thres=1.25",hub,0.25,50,20,40,1730,18,0,22,1730,0.45,0.0,1.0,0.0,0.1445899524471976
ni_tfnbs,"e=1.4,h=1.0,n=30,start_thres=1.25",hub,0.25,50,20,40,1730,19,0,21,1730,0.475,0.0,1.0,0.0,0.1445899524471976
ni_tfnbs,"e=1.4,h=2.0,n=30,start_thres=1.25",hub,0.25,50,20,40,1730,21,2,19,1728,0.525,0.0011560693641618,0.9130434782608696,0.0869565217391304,0.1445899524471976
ni_tfnbs,"e=1.4,h=3.0,n=30,start_thres=1.25",hub,0.25,50,20,40,1730,23,2,17,1728,0.575,0.0011560693641618,0.92,0.08,0.1445899524471976
ni_tfnbs,"e=1.4,h=4.0,n=30,start_thres=1.25",hub,0.25,50,20,40,1730,23,2,17,1728,0.575,0.0011560693641618,0.92,0.08,0.1445899524471976
ni_tfnbs,"e=1.4,h=5.0,n=30,start_thres=1.25",hub,0.25,50,20,40,1730,22,1,18,1729,0.55,0.0005780346820809,0.9565217391304348,0.0434782608695652,0.1445899524471976
ni_tfnbs,"e=1.4,h=6.0,n=30,start_thres=1.25",hub,0.25,50,20,40,1730,21,1,19,1729,0.525,0.0005780346820809,0.9545454545454546,0.0454545454545454,0.1445899524471976
ni_tfnbs,"e=1.4,h=7.0,n=30,start_thres=1.25",hub,0.25,50,20,40,1730,19,0,21,1730,0.475,0.0,1.0,0.0,0.1445899524471976
ni_tfnbs,"e=1.4,h=8.0,n=30,start_thres=1.25",hub,0.25,50,20,40,1730,19,0,21,1730,0.475,0.0,1.0,0.0,0.1445899524471976
ni_tfnbs,"e=1.4,h=9.0,n=30,start_thres=1.25",hub,0.25,50,20,40,1730,18,0,22,1730,0.45,0.0,1.0,0.0,0.1445899524471976
ni_tfnbs,"e=1.4,h=10.0,n=30,start_thres=1.25",hub,0.25,50,20,40,1730,15,0,25,1730,0.375,0.0,1.0,0.0,0.1445899524471976
ni_tfnbs,"e=1.5,h=0.5,n=30,start_thres=1.25",hub,0.25,50,20,40,1730,18,0,22,1730,0.45,0.0,1.0,0.0,0.1445899524471976
ni_tfnbs,"e=1.5,h=1.0,n=30,start_thres=1.25",hub,0.25,50,20,40,1730,19,0,21,1730,0.475,0.0,1.0,0.0,0.1445899524471976
ni_tfnbs,"e=1.5,h=2.0,n=30,start_thres=1.25",hub,0.25,50,20,40,1730,21,2,19,1728,0.525,0.0011560693641618,0.9130434782608696,0.0869565217391304,0.1445899524471976
ni_tfnbs,"e=1.5,h=3.0,n=30,start_thres=1.25",hub,0.25,50,20,40,1730,23,2,17,1728,0.575,0.0011560693641618,0.92,0.08,0.1445899524471976
ni_tfnbs,"e=1.5,h=4.0,n=30,start_thres=1.25",hub,0.25,50,20,40,1730,23,2,17,1728,0.575,0.0011560693641618,0.92,0.08,0.1445899524471976
ni_tfnbs,"e=1.5,h=5.0,n=30,start_thres=1.25",hub,0.25,50,20,40,1730,23,2,17,1728,0.575,0.0011560693641618,0.92,0.08,0.1445899524471976
ni_tfnbs,"e=1.5,h=6.0,n=30,start_thres=1.25",hub,0.25,50,20,40,1730,22,1,18,1729,0.55,0.0005780346820809,0.9565217391304348,0.0434782608695652,0.1445899524471976
ni_tfnbs,"e=1.5,h=7.0,n=30,start_thres=1.25",hub,0.25,50,20,40,1730,21,1,19,1729,0.525,0.0005780346820809,0.9545454545454546,0.0454545454545454,0.1445899524471976
ni_tfnbs,"e=1.5,h=8.0,n=30,start_thres=1.25",hub,0.25,50,20,40,1730,21,0,19,1730,0.525,0.0,1.0,0.0,0.1445899524471976
ni_tfnbs,"e=1.5,h=9.0,n=30,start_thres=1.25",hub,0.25,50,20,40,1730,18,0,22,1730,0.45,0.0,1.0,0.0,0.1445899524471976
ni_tfnbs,"e=1.5,h=10.0,n=30,start_thres=1.25",hub,0.25,50,20,40,1730,18,0,22,1730,0.45,0.0,1.0,0.0,0.1445899524471976
ni_tfnbs,"e=0.05,h=0.5,n=30,start_thres=1.25",hub,0.25,50,21,40,1730,8,0,32,1730,0.2,0.0,1.0,0.0,0.145189800045707
ni_tfnbs,"e=0.05,h=1.0,n=30,start_thres=1.25",hub,0.25,50,21,40,1730,8,0,32,1730,0.2,0.0,1.0,0.0,0.145189800045707
ni_tfnbs,"e=0.05,h=2.0,n=30,start_thres=1.25",hub,0.25,50,21,40,1730,8,0,32,1730,0.2,0.0,1.0,0.0,0.145189800045707
ni_tfnbs,"e=0.05,h=3.0,n=30,start_thres=1.25",hub,0.25,50,21,40,1730,8,0,32,1730,0.2,0.0,1.0,0.0,0.145189800045707
ni_tfnbs,"e=0.05,h=4.0,n=30,start_thres=1.25",hub,0.25,50,21,40,1730,8,0,32,1730,0.2,0.0,1.0,0.0,0.145189800045707
ni_tfnbs,"e=0.05,h=5.0,n=30,start_thres=1.25",hub,0.25,50,21,40,1730,8,0,32,1730,0.2,0.0,1.0,0.0,0.145189800045707
ni_tfnbs,"e=0.05,h=6.0,n=30,start_thres=1.25",hub,0.25,50,21,40,1730,8,0,32,1730,0.2,0.0,1.0,0.0,0.145189800045707
ni_tfnbs,"e=0.05,h=7.0,n=30,start_thres=1.25",hub,0.25,50,21,40,1730,7,0,33,1730,0.175,0.0,1.0,0.0,0.145189800045707
ni_tfnbs,"e=0.05,h=8.0,n=30,start_thres=1.25",hub,0.25,50,21,40,1730,7,0,33,1730,0.175,0.0,1.0,0.0,0.145189800045707
ni_tfnbs,"e=0.05,h=9.0,n=30,start_thres=1.25",hub,0.25,50,21,40,1730,7,0,33,1730,0.175,0.0,1.0,0.0,0.145189800045707
ni_tfnbs,"e=0.05,h=10.0,n=30,start_thres=1.25",hub,0.25,50,21,40,1730,7,0,33,1730,0.175,0.0,1.0,0.0,0.145189800045707
ni_tfnbs,"e=0.1,h=0.5,n=30,start_thres=1.25",hub,0.25,50,21,40,1730,8,0,32,1730,0.2,0.0,1.0,0.0,0.145189800045707
ni_tfnbs,"e=0.1,h=1.0,n=30,start_thres=1.25",hub,0.25,50,21,40,1730,8,0,32,1730,0.2,0.0,1.0,0.0,0.145189800045707
ni_tfnbs,"e=0.1,h=2.0,n=30,start_thres=1.25",hub,0.25,50,21,40,1730,8,0,32,1730,0.2,0.0,1.0,0.0,0.145189800045707
ni_tfnbs,"e=0.1,h=3.0,n=30,start_thres=1.25",hub,0.25,50,21,40,1730,8,0,32,1730,0.2,0.0,1.0,0.0,0.145189800045707
ni_tfnbs,"e=0.1,h=4.0,n=30,start_thres=1.25",hub,0.25,50,21,40,1730,8,0,32,1730,0.2,0.0,1.0,0.0,0.145189800045707
ni_tfnbs,"e=0.1,h=5.0,n=30,start_thres=1.25",hub,0.25,50,21,40,1730,8,0,32,1730,0.2,0.0,1.0,0.0,0.145189800045707
ni_tfnbs,"e=0.1,h=6.0,n=30,start_thres=1.25",hub,0.25,50,21,40,1730,8,0,32,1730,0.2,0.0,1.0,0.0,0.145189800045707
ni_tfnbs,"e=0.1,h=7.0,n=30,start_thres=1.25",hub,0.25,50,21,40,1730,8,0,32,1730,0.2,0.0,1.0,0.0,0.145189800045707
ni_tfnbs,"e=0.1,h=8.0,n=30,start_thres=1.25",hub,0.25,50,21,40,1730,8,0,32,1730,0.2,0.0,1.0,0.0,0.145189800045707
ni_tfnbs,"e=0.1,h=9.0,n=30,start_thres=1.25",hub,0.25,50,21,40,1730,8,0,32,1730,0.2,0.0,1.0,0.0,0.145189800045707
ni_tfnbs,"e=0.1,h=10.0,n=30,start_thres=1.25",hub,0.25,50,21,40,1730,8,0,32,1730,0.2,0.0,1.0,0.0,0.145189800045707
ni_tfnbs,"e=0.2,h=0.5,n=30,start_thres=1.25",hub,0.25,50,21,40,1730,14,0,26,1730,0.35,0.0,1.0,0.0,0.145189800045707
ni_tfnbs,"e=0.2,h=1.0,n=30,start_thres=1.25",hub,0.25,50,21,40,1730,14,0,26,1730,0.35,0.0,1.0,0.0,0.145189800045707
ni_tfnbs,"e=0.2,h=2.0,n=30,start_thres=1.25",hub,0.25,50,21,40,1730,11,0,29,1730,0.275,0.0,1.0,0.0,0.145189800045707
ni_tfnbs,"e=0.2,h=3.0,n=30,start_thres=1.25",hub,0.25,50,21,40,1730,11,0,29,1730,0.275,0.0,1.0,0.0,0.145189800045707
ni_tfnbs,"e=0.2,h=4.0,n=30,start_thres=1.25",hub,0.25,50,21,40,1730,10,0,30,1730,0.25,0.0,1.0,0.0,0.145189800045707
ni_tfnbs,"e=0.2,h=5.0,n=30,start_thres=1.25",hub,0.25,50,21,40,1730,8,0,32,1730,0.2,0.0,1.0,0.0,0.145189800045707
ni_tfnbs,"e=0.2,h=6.0,n=30,start_thres=1.25",hub,0.25,50,21,40,1730,8,0,32,1730,0.2,0.0,1.0,0.0,0.145189800045707
ni_tfnbs,"e=0.2,h=7.0,n=30,start_thres=1.25",hub,0.25,50,21,40,1730,8,0,32,1730,0.2,0.0,1.0,0.0,0.145189800045707
ni_tfnbs,"e=0.2,h=8.0,n=30,start_thres=1.25",hub,0.25,50,21,40,1730,8,0,32,1730,0.2,0.0,1.0,0.0,0.145189800045707
ni_tfnbs,"e=0.2,h=9.0,n=30,start_thres=1.25",hub,0.25,50,21,40,1730,8,0,32,1730,0.2,0.0,1.0,0.0,0.145189800045707
ni_tfnbs,"e=0.2,h=10.0,n=30,start_thres=1.25",hub,0.25,50,21,40,1730,8,0,32,1730,0.2,0.0,1.0,0.0,0.145189800045707
ni_tfnbs,"e=0.3,h=0.5,n=30,start_thres=1.25",hub,0.25,50,21,40,1730,15,0,25,1730,0.375,0.0,1.0,0.0,0.145189800045707
ni_tfnbs,"e=0.3,h=1.0,n=30,start_thres=1.25",hub,0.25,50,21,40,1730,15,0,25,1730,0.375,0.0,1.0,0.0,0.145189800045707
ni_tfnbs,"e=0.3,h=2.0,n=30,start_thres=1.25",hub,0.25,50,21,40,1730,14,0,26,1730,0.35,0.0,1.0,0.0,0.145189800045707
ni_tfnbs,"e=0.3,h=3.0,n=30,start_thres=1.25",hub,0.25,50,21,40,1730,14,0,26,1730,0.35,0.0,1.0,0.0,0.145189800045707
ni_tfnbs,"e=0.3,h=4.0,n=30,start_thres=1.25",hub,0.25,50,21,40,1730,11,0,29,1730,0.275,0.0,1.0,0.0,0.145189800045707
ni_tfnbs,"e=0.3,h=5.0,n=30,start_thres=1.25",hub,0.25,50,21,40,1730,11,0,29,1730,0.275,0.0,1.0,0.0,0.145189800045707
ni_tfnbs,"e=0.3,h=6.0,n=30,start_thres=1.25",hub,0.25,50,21,40,1730,10,0,30,1730,0.25,0.0,1.0,0.0,0.145189800045707
ni_tfnbs,"e=0.3,h=7.0,n=30,start_thres=1.25",hub,0.25,50,21,40,1730,10,0,30,1730,0.25,0.0,1.0,0.0,0.145189800045707
ni_tfnbs,"e=0.3,h=8.0,n=30,start_thres=1.25",hub,0.25,50,21,40,1730,8,0,32,1730,0.2,0.0,1.0,0.0,0.145189800045707
ni_tfnbs,"e=0.3,h=9.0,n=30,start_thres=1.25",hub,0.25,50,21,40,1730,8,0,32,1730,0.2,0.0,1.0,0.0,0.145189800045707
ni_tfnbs,"e=0.3,h=10.0,n=30,start_thres=1.25",hub,0.25,50,21,40,1730,8,0,32,1730,0.2,0.0,1.0,0.0,0.145189800045707
ni_tfnbs,"e=0.4,h=0.5,n=30,start_thres=1.25",hub,0.25,50,21,40,1730,17,0,23,1730,0.425,0.0,1.0,0.0,0.145189800045707
ni_tfnbs,"e=0.4,h=1.0,n=30,start_thres=1.25",hub,0.25,50,21,40,1730,17,0,23,1730,0.425,0.0,1.0,0.0,0.145189800045707
ni_tfnbs,"e=0.4,h=2.0,n=30,start_thres=1.25",hub,0.25,50,21,40,1730,15,0,25,1730,0.375,0.0,1.0,0.0,0.145189800045707
ni_tfnbs,"e=0.4,h=3.0,n=30,start_thres=1.25",hub,0.25,50,21,40,1730,15,0,25,1730,0.375,0.0,1.0,0.0,0.145189800045707
ni_tfnbs,"e=0.4,h=4.0,n=30,start_thres=1.25",hub,0.25,50,21,40,1730,14,0,26,1730,0.35,0.0,1.0,0.0,0.145189800045707
ni_tfnbs,"e=0.4,h=5.0,n=30,start_thres=1.25",hub,0.25,50,21,40,1730,14,0,26,1730,0.35,0.0,1.0,0.0,0.145189800045707
ni_tfnbs,"e=0.4,h=6.0,n=30,start_thres=1.25",hub,0.25,50,21,40,1730,11,0,29,1730,0.275,0.0,1.0,0.0,0.145189800045707
ni_tfnbs,"e=0.4,h=7.0,n=30,start_thres=1.25",hub,0.25,50,21,40,1730,11,0,29,1730,0.275,0.0,1.0,0.0,0.145189800045707
ni_tfnbs,"e=0.4,h=8.0,n=30,start_thres=1.25",hub,0.25,50,21,40,1730,10,0,30,1730,0.25,0.0,1.0,0.0,0.145189800045707
ni_tfnbs,"e=0.4,h=9.0,n=30,start_thres=1.25",hub,0.25,50,21,40,1730,10,0,30,1730,0.25,0.0,1.0,0.0,0.145189800045707
ni_tfnbs,"e=0.4,h=10.0,n=30,start_thres=1.25",hub,0.25,50,21,40,1730,10,0,30,1730,0.25,0.0,1.0,0.0,0.145189800045707
ni_tfnbs,"e=0.5,h=0.5,n=30,start_thres=1.25",hub,0.25,50,21,40,1730,21,0,19,1730,0.525,0.0,1.0,0.0,0.145189800045707
ni_tfnbs,"e=0.5,h=1.0,n=30,start_thres=1.25",hub,0.25,50,21,40,1730,21,0,19,1730,0.525,0.0,1.0,0.0,0.145189800045707
ni_tfnbs,"e=0.5,h=2.0,n=30,start_thres=1.25",hub,0.25,50,21,40,1730,17,0,23,1730,0.425,0.0,1.0,0.0,0.145189800045707
ni_tfnbs,"e=0.5,h=3.0,n=30,start_thres=1.25",hub,0.25,50,21,40,1730,16,0,24,1730,0.4,0.0,1.0,0.0,0.145189800045707
ni_tfnbs,"e=0.5,h=4.0,n=30,start_thres=1.25",hub,0.25,50,21,40,1730,15,0,25,1730,0.375,0.0,1.0,0.0,0.145189800045707
ni_tfnbs,"e=0.5,h=5.0,n=30,start_thres=1.25",hub,0.25,50,21,40,1730,14,0,26,1730,0.35,0.0,1.0,0.0,0.145189800045707
ni_tfnbs,"e=0.5,h=6.0,n=30,start_thres=1.25",hub,0.25,50,21,40,1730,14,0,26,1730,0.35,0.0,1.0,0.0,0.145189800045707
ni_tfnbs,"e=0.5,h=7.0,n=30,start_thres=1.25",hub,0.25,50,21,40,1730,13,0,27,1730,0.325,0.0,1.0,0.0,0.145189800045707
ni_tfnbs,"e=0.5,h=8.0,n=30,start_thres=1.25",hub,0.25,50,21,40,1730,11,0,29,1730,0.275,0.0,1.0,0.0,0.145189800045707
ni_tfnbs,"e=0.5,h=9.0,n=30,start_thres=1.25",hub,0.25,50,21,40,1730,11,0,29,1730,0.275,0.0,1.0,0.0,0.145189800045707
ni_tfnbs,"e=0.5,h=10.0,n=30,start_thres=1.25",hub,0.25,50,21,40,1730,10,0,30,1730,0.25,0.0,1.0,0.0,0.145189800045707
ni_tfnbs,"e=0.6,h=0.5,n=30,start_thres=1.25",hub,0.25,50,21,40,1730,21,0,19,1730,0.525,0.0,1.0,0.0,0.145189800045707
ni_tfnbs,"e=0.6,h=1.0,n=30,start_thres=1.25",hub,0.25,50,21,40,1730,21,0,19,1730,0.525,0.0,1.0,0.0,0.145189800045707
ni_tfnbs,"e=0.6,h=2.0,n=30,start_thres=1.25",hub,0.25,50,21,40,1730,21,0,19,1730,0.525,0.0,1.0,0.0,0.145189800045707
ni_tfnbs,"e=0.6,h=3.0,n=30,start_thres=1.25",hub,0.25,50,21,40,1730,17,0,23,1730,0.425,0.0,1.0,0.0,0.145189800045707
ni_tfnbs,"e=0.6,h=4.0,n=30,start_thres=1.25",hub,0.25,50,21,40,1730,16,0,24,1730,0.4,0.0,1.0,0.0,0.145189800045707
ni_tfnbs,"e=0.6,h=5.0,n=30,start_thres=1.25",hub,0.25,50,21,40,1730,15,0,25,1730,0.375,0.0,1.0,0.0,0.145189800045707
ni_tfnbs,"e=0.6,h=6.0,n=30,start_thres=1.25",hub,0.25,50,21,40,1730,14,0,26,1730,0.35,0.0,1.0,0.0,0.145189800045707
ni_tfnbs,"e=0.6,h=7.0,n=30,start_thres=1.25",hub,0.25,50,21,40,1730,14,0,26,1730,0.35,0.0,1.0,0.0,0.145189800045707
ni_tfnbs,"e=0.6,h=8.0,n=30,start_thres=1.25",hub,0.25,50,21,40,1730,14,0,26,1730,0.35,0.0,1.0,0.0,0.145189800045707
ni_tfnbs,"e=0.6,h=9.0,n=30,start_thres=1.25",hub,0.25,50,21,40,1730,11,0,29,1730,0.275,0.0,1.0,0.0,0.145189800045707
ni_tfnbs,"e=0.6,h=10.0,n=30,start_thres=1.25",hub,0.25,50,21,40,1730,11,0,29,1730,0.275,0.0,1.0,0.0,0.145189800045707
ni_tfnbs,"e=0.7,h=0.5,n=30,start_thres=1.25",hub,0.25,50,21,40,1730,25,0,15,1730,0.625,0.0,1.0,0.0,0.145189800045707
ni_tfnbs,"e=0.7,h=1.0,n=30,start_thres=1.25",hub,0.25,50,21,40,1730,25,0,15,1730,0.625,0.0,1.0,0.0,0.145189800045707
ni_tfnbs,"e=0.7,h=2.0,n=30,start_thres=1.25",hub,0.25,50,21,40,1730,23,0,17,1730,0.575,0.0,1.0,0.0,0.145189800045707
ni_tfnbs,"e=0.7,h=3.0,n=30,start_thres=1.25",hub,0.25,50,21,40,1730,21,0,19,1730,0.525,0.0,1.0,0.0,0.145189800045707
ni_tfnbs,"e=0.7,h=4.0,n=30,start_thres=1.25",hub,0.25,50,21,40,1730,17,0,23,1730,0.425,0.0,1.0,0.0,0.145189800045707
ni_tfnbs,"e=0.7,h=5.0,n=30,start_thres=1.25",hub,0.25,50,21,40,1730,17,0,23,1730,0.425,0.0,1.0,0.0,0.145189800045707
ni_tfnbs,"e=0.7,h=6.0,n=30,start_thres=1.25",hub,0.25,50,21,40,1730,15,0,25,1730,0.375,0.0,1.0,0.0,0.145189800045707
ni_tfnbs,"e=0.7,h=7.0,n=30,start_thres=1.25",hub,0.25,50,21,40,1730,14,0,26,1730,0.35,0.0,1.0,0.0,0.145189800045707
ni_tfnbs,"e=0.7,h=8.0,n=30,start_thres=1.25",hub,0.25,50,21,40,1730,14,0,26,1730,0.35,0.0,1.0,0.0,0.145189800045707
ni_tfnbs,"e=0.7,h=9.0,n=30,start_thres=1.25",hub,0.25,50,21,40,1730,14,0,26,1730,0.35,0.0,1.0,0.0,0.145189800045707
ni_tfnbs,"e=0.7,h=10.0,n=30,start_thres=1.25",hub,0.25,50,21,40,1730,13,0,27,1730,0.325,0.0,1.0,0.0,0.145189800045707
ni_tfnbs,"e=0.8,h=0.5,n=30,start_thres=1.25",hub,0.25,50,21,40,1730,25,0,15,1730,0.625,0.0,1.0,0.0,0.145189800045707
ni_tfnbs,"e=0.8,h=1.0,n=30,start_thres=1.25",hub,0.25,50,21,40,1730,25,0,15,1730,0.625,0.0,1.0,0.0,0.145189800045707
ni_tfnbs,"e=0.8,h=2.0,n=30,start_thres=1.25",hub,0.25,50,21,40,1730,25,0,15,1730,0.625,0.0,1.0,0.0,0.145189800045707
ni_tfnbs,"e=0.8,h=3.0,n=30,start_thres=1.25",hub,0.25,50,21,40,1730,23,0,17,1730,0.575,0.0,1.0,0.0,0.145189800045707
ni_tfnbs,"e=0.8,h=4.0,n=30,start_thres=1.25",hub,0.25,50,21,40,1730,21,0,19,1730,0.525,0.0,1.0,0.0,0.145189800045707
ni_tfnbs,"e=0.8,h=5.0,n=30,start_thres=1.25",hub,0.25,50,21,40,1730,17,0,23,1730,0.425,0.0,1.0,0.0,0.145189800045707
ni_tfnbs,"e=0.8,h=6.0,n=30,start_thres=1.25",hub,0.25,50,21,40,1730,17,0,23,1730,0.425,0.0,1.0,0.0,0.145189800045707
ni_tfnbs,"e=0.8,h=7.0,n=30,start_thres=1.25",hub,0.25,50,21,40,1730,15,0,25,1730,0.375,0.0,1.0,0.0,0.145189800045707
ni_tfnbs,"e=0.8,h=8.0,n=30,start_thres=1.25",hub,0.25,50,21,40,1730,15,0,25,1730,0.375,0.0,1.0,0.0,0.145189800045707
ni_tfnbs,"e=0.8,h=9.0,n=30,start_thres=1.25",hub,0.25,50,21,40,1730,14,0,26,1730,0.35,0.0,1.0,0.0,0.145189800045707
ni_tfnbs,"e=0.8,h=10.0,n=30,start_thres=1.25",hub,0.25,50,21,40,1730,14,0,26,1730,0.35,0.0,1.0,0.0,0.145189800045707
ni_tfnbs,"e=0.9,h=0.5,n=30,start_thres=1.25",hub,0.25,50,21,40,1730,25,0,15,1730,0.625,0.0,1.0,0.0,0.145189800045707
ni_tfnbs,"e=0.9,h=1.0,n=30,start_thres=1.25",hub,0.25,50,21,40,1730,25,0,15,1730,0.625,0.0,1.0,0.0,0.145189800045707
ni_tfnbs,"e=0.9,h=2.0,n=30,start_thres=1.25",hub,0.25,50,21,40,1730,25,0,15,1730,0.625,0.0,1.0,0.0,0.145189800045707
ni_tfnbs,"e=0.9,h=3.0,n=30,start_thres=1.25",hub,0.25,50,21,40,1730,25,0,15,1730,0.625,0.0,1.0,0.0,0.145189800045707
ni_tfnbs,"e=0.9,h=4.0,n=30,start_thres=1.25",hub,0.25,50,21,40,1730,23,0,17,1730,0.575,0.0,1.0,0.0,0.145189800045707
ni_tfnbs,"e=0.9,h=5.0,n=30,start_thres=1.25",hub,0.25,50,21,40,1730,19,0,21,1730,0.475,0.0,1.0,0.0,0.145189800045707
ni_tfnbs,"e=0.9,h=6.0,n=30,start_thres=1.25",hub,0.25,50,21,40,1730,18,0,22,1730,0.45,0.0,1.0,0.0,0.145189800045707
ni_tfnbs,"e=0.9,h=7.0,n=30,start_thres=1.25",hub,0.25,50,21,40,1730,17,0,23,1730,0.425,0.0,1.0,0.0,0.145189800045707
ni_tfnbs,"e=0.9,h=8.0,n=30,start_thres=1.25",hub,0.25,50,21,40,1730,15,0,25,1730,0.375,0.0,1.0,0.0,0.145189800045707
ni_tfnbs,"e=0.9,h=9.0,n=30,start_thres=1.25",hub,0.25,50,21,40,1730,15,0,25,1730,0.375,0.0,1.0,0.0,0.145189800045707
ni_tfnbs,"e=0.9,h=10.0,n=30,start_thres=1.25",hub,0.25,50,21,40,1730,14,0,26,1730,0.35,0.0,1.0,0.0,0.145189800045707
ni_tfnbs,"e=1.0,h=0.5,n=30,start_thres=1.25",hub,0.25,50,21,40,1730,25,0,15,1730,0.625,0.0,1.0,0.0,0.145189800045707
ni_tfnbs,"e=1.0,h=1.0,n=30,start_thres=1.25",hub,0.25,50,21,40,1730,25,0,15,1730,0.625,0.0,1.0,0.0,0.145189800045707
ni_tfnbs,"e=1.0,h=2.0,n=30,start_thres=1.25",hub,0.25,50,21,40,1730,25,0,15,1730,0.625,0.0,1.0,0.0,0.145189800045707
ni_tfnbs,"e=1.0,h=3.0,n=30,start_thres=1.25",hub,0.25,50,21,40,1730,25,0,15,1730,0.625,0.0,1.0,0.0,0.145189800045707
ni_tfnbs,"e=1.0,h=4.0,n=30,start_thres=1.25",hub,0.25,50,21,40,1730,25,0,15,1730,0.625,0.0,1.0,0.0,0.145189800045707
ni_tfnbs,"e=1.0,h=5.0,n=30,start_thres=1.25",hub,0.25,50,21,40,1730,23,0,17,1730,0.575,0.0,1.0,0.0,0.145189800045707
ni_tfnbs,"e=1.0,h=6.0,n=30,start_thres=1.25",hub,0.25,50,21,40,1730,19,0,21,1730,0.475,0.0,1.0,0.0,0.145189800045707
ni_tfnbs,"e=1.0,h=7.0,n=30,start_thres=1.25",hub,0.25,50,21,40,1730,18,0,22,1730,0.45,0.0,1.0,0.0,0.145189800045707
ni_tfnbs,"e=1.0,h=8.0,n=30,start_thres=1.25",hub,0.25,50,21,40,1730,17,0,23,1730,0.425,0.0,1.0,0.0,0.145189800045707
ni_tfnbs,"e=1.0,h=9.0,n=30,start_thres=1.25",hub,0.25,50,21,40,1730,16,0,24,1730,0.4,0.0,1.0,0.0,0.145189800045707
ni_tfnbs,"e=1.0,h=10.0,n=30,start_thres=1.25",hub,0.25,50,21,40,1730,15,0,25,1730,0.375,0.0,1.0,0.0,0.145189800045707
ni_tfnbs,"e=1.1,h=0.5,n=30,start_thres=1.25",hub,0.25,50,21,40,1730,23,0,17,1730,0.575,0.0,1.0,0.0,0.145189800045707
ni_tfnbs,"e=1.1,h=1.0,n=30,start_thres=1.25",hub,0.25,50,21,40,1730,25,0,15,1730,0.625,0.0,1.0,0.0,0.145189800045707
ni_tfnbs,"e=1.1,h=2.0,n=30,start_thres=1.25",hub,0.25,50,21,40,1730,26,0,14,1730,0.65,0.0,1.0,0.0,0.145189800045707
ni_tfnbs,"e=1.1,h=3.0,n=30,start_thres=1.25",hub,0.25,50,21,40,1730,26,0,14,1730,0.65,0.0,1.0,0.0,0.145189800045707
ni_tfnbs,"e=1.1,h=4.0,n=30,start_thres=1.25",hub,0.25,50,21,40,1730,25,0,15,1730,0.625,0.0,1.0,0.0,0.145189800045707
ni_tfnbs,"e=1.1,h=5.0,n=30,start_thres=1.25",hub,0.25,50,21,40,1730,25,0,15,1730,0.625,0.0,1.0,0.0,0.145189800045707
ni_tfnbs,"e=1.1,h=6.0,n=30,start_thres=1.25",hub,0.25,50,21,40,1730,23,0,17,1730,0.575,0.0,1.0,0.0,0.145189800045707
ni_tfnbs,"e=1.1,h=7.0,n=30,start_thres=1.25",hub,0.25,50,21,40,1730,18,0,22,1730,0.45,0.0,1.0,0.0,0.145189800045707
ni_tfnbs,"e=1.1,h=8.0,n=30,start_thres=1.25",hub,0.25,50,21,40,1730,18,0,22,1730,0.45,0.0,1.0,0.0,0.145189800045707
ni_tfnbs,"e=1.1,h=9.0,n=30,start_thres=1.25",hub,0.25,50,21,40,1730,17,0,23,1730,0.425,0.0,1.0,0.0,0.145189800045707
ni_tfnbs,"e=1.1,h=10.0,n=30,start_thres=1.25",hub,0.25,50,21,40,1730,16,0,24,1730,0.4,0.0,1.0,0.0,0.145189800045707
ni_tfnbs,"e=1.2,h=0.5,n=30,start_thres=1.25",hub,0.25,50,21,40,1730,21,0,19,1730,0.525,0.0,1.0,0.0,0.145189800045707
ni_tfnbs,"e=1.2,h=1.0,n=30,start_thres=1.25",hub,0.25,50,21,40,1730,25,0,15,1730,0.625,0.0,1.0,0.0,0.145189800045707
ni_tfnbs,"e=1.2,h=2.0,n=30,start_thres=1.25",hub,0.25,50,21,40,1730,26,0,14,1730,0.65,0.0,1.0,0.0,0.145189800045707
ni_tfnbs,"e=1.2,h=3.0,n=30,start_thres=1.25",hub,0.25,50,21,40,1730,28,0,12,1730,0.7,0.0,1.0,0.0,0.145189800045707
ni_tfnbs,"e=1.2,h=4.0,n=30,start_thres=1.25",hub,0.25,50,21,40,1730,28,0,12,1730,0.7,0.0,1.0,0.0,0.145189800045707
ni_tfnbs,"e=1.2,h=5.0,n=30,start_thres=1.25",hub,0.25,50,21,40,1730,25,0,15,1730,0.625,0.0,1.0,0.0,0.145189800045707
ni_tfnbs,"e=1.2,h=6.0,n=30,start_thres=1.25",hub,0.25,50,21,40,1730,25,0,15,1730,0.625,0.0,1.0,0.0,0.145189800045707
ni_tfnbs,"e=1.2,h=7.0,n=30,start_thres=1.25",hub,0.25,50,21,40,1730,23,0,17,1730,0.575,0.0,1.0,0.0,0.145189800045707
ni_tfnbs,"e=1.2,h=8.0,n=30,start_thres=1.25",hub,0.25,50,21,40,1730,18,0,22,1730,0.45,0.0,1.0,0.0,0.145189800045707
ni_tfnbs,"e=1.2,h=9.0,n=30,start_thres=1.25",hub,0.25,50,21,40,1730,17,0,23,1730,0.425,0.0,1.0,0.0,0.145189800045707
ni_tfnbs,"e=1.2,h=10.0,n=30,start_thres=1.25",hub,0.25,50,21,40,1730,17,0,23,1730,0.425,0.0,1.0,0.0,0.145189800045707
ni_tfnbs,"e=1.3,h=0.5,n=30,start_thres=1.25",hub,0.25,50,21,40,1730,19,0,21,1730,0.475,0.0,1.0,0.0,0.145189800045707
ni_tfnbs,"e=1.3,h=1.0,n=30,start_thres=1.25",hub,0.25,50,21,40,1730,25,0,15,1730,0.625,0.0,1.0,0.0,0.145189800045707
ni_tfnbs,"e=1.3,h=2.0,n=30,start_thres=1.25",hub,0.25,50,21,40,1730,26,0,14,1730,0.65,0.0,1.0,0.0,0.145189800045707
ni_tfnbs,"e=1.3,h=3.0,n=30,start_thres=1.25",hub,0.25,50,21,40,1730,28,0,12,1730,0.7,0.0,1.0,0.0,0.145189800045707
ni_tfnbs,"e=1.3,h=4.0,n=30,start_thres=1.25",hub,0.25,50,21,40,1730,28,0,12,1730,0.7,0.0,1.0,0.0,0.145189800045707
ni_tfnbs,"e=1.3,h=5.0,n=30,start_thres=1.25",hub,0.25,50,21,40,1730,28,0,12,1730,0.7,0.0,1.0,0.0,0.145189800045707
ni_tfnbs,"e=1.3,h=6.0,n=30,start_thres=1.25",hub,0.25,50,21,40,1730,25,0,15,1730,0.625,0.0,1.0,0.0,0.145189800045707
ni_tfnbs,"e=1.3,h=7.0,n=30,start_thres=1.25",hub,0.25,50,21,40,1730,24,0,16,1730,0.6,0.0,1.0,0.0,0.145189800045707
ni_tfnbs,"e=1.3,h=8.0,n=30,start_thres=1.25",hub,0.25,50,21,40,1730,21,0,19,1730,0.525,0.0,1.0,0.0,0.145189800045707
ni_tfnbs,"e=1.3,h=9.0,n=30,start_thres=1.25",hub,0.25,50,21,40,1730,18,0,22,1730,0.45,0.0,1.0,0.0,0.145189800045707
ni_tfnbs,"e=1.3,h=10.0,n=30,start_thres=1.25",hub,0.25,50,21,40,1730,17,0,23,1730,0.425,0.0,1.0,0.0,0.145189800045707
ni_tfnbs,"e=1.4,h=0.5,n=30,start_thres=1.25",hub,0.25,50,21,40,1730,18,0,22,1730,0.45,0.0,1.0,0.0,0.145189800045707
ni_tfnbs,"e=1.4,h=1.0,n=30,start_thres=1.25",hub,0.25,50,21,40,1730,21,0,19,1730,0.525,0.0,1.0,0.0,0.145189800045707
ni_tfnbs,"e=1.4,h=2.0,n=30,start_thres=1.25",hub,0.25,50,21,40,1730,26,0,14,1730,0.65,0.0,1.0,0.0,0.145189800045707
ni_tfnbs,"e=1.4,h=3.0,n=30,start_thres=1.25",hub,0.25,50,21,40,1730,28,0,12,1730,0.7,0.0,1.0,0.0,0.145189800045707
ni_tfnbs,"e=1.4,h=4.0,n=30,start_thres=1.25",hub,0.25,50,21,40,1730,29,0,11,1730,0.725,0.0,1.0,0.0,0.145189800045707
ni_tfnbs,"e=1.4,h=5.0,n=30,start_thres=1.25",hub,0.25,50,21,40,1730,28,0,12,1730,0.7,0.0,1.0,0.0,0.145189800045707
ni_tfnbs,"e=1.4,h=6.0,n=30,start_thres=1.25",hub,0.25,50,21,40,1730,28,0,12,1730,0.7,0.0,1.0,0.0,0.145189800045707
ni_tfnbs,"e=1.4,h=7.0,n=30,start_thres=1.25",hub,0.25,50,21,40,1730,25,0,15,1730,0.625,0.0,1.0,0.0,0.145189800045707
ni_tfnbs,"e=1.4,h=8.0,n=30,start_thres=1.25",hub,0.25,50,21,40,1730,24,0,16,1730,0.6,0.0,1.0,0.0,0.145189800045707
ni_tfnbs,"e=1.4,h=9.0,n=30,start_thres=1.25",hub,0.25,50,21,40,1730,21,0,19,1730,0.525,0.0,1.0,0.0,0.145189800045707
ni_tfnbs,"e=1.4,h=10.0,n=30,start_thres=1.25",hub,0.25,50,21,40,1730,18,0,22,1730,0.45,0.0,1.0,0.0,0.145189800045707
ni_tfnbs,"e=1.5,h=0.5,n=30,start_thres=1.25",hub,0.25,50,21,40,1730,15,0,25,1730,0.375,0.0,1.0,0.0,0.145189800045707
ni_tfnbs,"e=1.5,h=1.0,n=30,start_thres=1.25",hub,0.25,50,21,40,1730,18,0,22,1730,0.45,0.0,1.0,0.0,0.145189800045707
ni_tfnbs,"e=1.5,h=2.0,n=30,start_thres=1.25",hub,0.25,50,21,40,1730,26,0,14,1730,0.65,0.0,1.0,0.0,0.145189800045707
ni_tfnbs,"e=1.5,h=3.0,n=30,start_thres=1.25",hub,0.25,50,21,40,1730,28,0,12,1730,0.7,0.0,1.0,0.0,0.145189800045707
ni_tfnbs,"e=1.5,h=4.0,n=30,start_thres=1.25",hub,0.25,50,21,40,1730,29,0,11,1730,0.725,0.0,1.0,0.0,0.145189800045707
ni_tfnbs,"e=1.5,h=5.0,n=30,start_thres=1.25",hub,0.25,50,21,40,1730,29,0,11,1730,0.725,0.0,1.0,0.0,0.145189800045707
ni_tfnbs,"e=1.5,h=6.0,n=30,start_thres=1.25",hub,0.25,50,21,40,1730,28,0,12,1730,0.7,0.0,1.0,0.0,0.145189800045707
ni_tfnbs,"e=1.5,h=7.0,n=30,start_thres=1.25",hub,0.25,50,21,40,1730,26,0,14,1730,0.65,0.0,1.0,0.0,0.145189800045707
ni_tfnbs,"e=1.5,h=8.0,n=30,start_thres=1.25",hub,0.25,50,21,40,1730,25,0,15,1730,0.625,0.0,1.0,0.0,0.145189800045707
ni_tfnbs,"e=1.5,h=9.0,n=30,start_thres=1.25",hub,0.25,50,21,40,1730,23,0,17,1730,0.575,0.0,1.0,0.0,0.145189800045707
ni_tfnbs,"e=1.5,h=10.0,n=30,start_thres=1.25",hub,0.25,50,21,40,1730,18,0,22,1730,0.45,0.0,1.0,0.0,0.145189800045707
ni_tfnbs,"e=0.05,h=0.5,n=30,start_thres=1.25",hub,0.25,50,22,40,1730,5,0,35,1730,0.125,0.0,1.0,0.0,0.1451325565576553
ni_tfnbs,"e=0.05,h=1.0,n=30,start_thres=1.25",hub,0.25,50,22,40,1730,5,0,35,1730,0.125,0.0,1.0,0.0,0.1451325565576553
ni_tfnbs,"e=0.05,h=2.0,n=30,start_thres=1.25",hub,0.25,50,22,40,1730,5,0,35,1730,0.125,0.0,1.0,0.0,0.1451325565576553
ni_tfnbs,"e=0.05,h=3.0,n=30,start_thres=1.25",hub,0.25,50,22,40,1730,5,0,35,1730,0.125,0.0,1.0,0.0,0.1451325565576553
ni_tfnbs,"e=0.05,h=4.0,n=30,start_thres=1.25",hub,0.25,50,22,40,1730,5,0,35,1730,0.125,0.0,1.0,0.0,0.1451325565576553
ni_tfnbs,"e=0.05,h=5.0,n=30,start_thres=1.25",hub,0.25,50,22,40,1730,5,0,35,1730,0.125,0.0,1.0,0.0,0.1451325565576553
ni_tfnbs,"e=0.05,h=6.0,n=30,start_thres=1.25",hub,0.25,50,22,40,1730,5,0,35,1730,0.125,0.0,1.0,0.0,0.1451325565576553
ni_tfnbs,"e=0.05,h=7.0,n=30,start_thres=1.25",hub,0.25,50,22,40,1730,5,0,35,1730,0.125,0.0,1.0,0.0,0.1451325565576553
ni_tfnbs,"e=0.05,h=8.0,n=30,start_thres=1.25",hub,0.25,50,22,40,1730,4,0,36,1730,0.1,0.0,1.0,0.0,0.1451325565576553
ni_tfnbs,"e=0.05,h=9.0,n=30,start_thres=1.25",hub,0.25,50,22,40,1730,4,0,36,1730,0.1,0.0,1.0,0.0,0.1451325565576553
ni_tfnbs,"e=0.05,h=10.0,n=30,start_thres=1.25",hub,0.25,50,22,40,1730,4,0,36,1730,0.1,0.0,1.0,0.0,0.1451325565576553
ni_tfnbs,"e=0.1,h=0.5,n=30,start_thres=1.25",hub,0.25,50,22,40,1730,6,0,34,1730,0.15,0.0,1.0,0.0,0.1451325565576553
ni_tfnbs,"e=0.1,h=1.0,n=30,start_thres=1.25",hub,0.25,50,22,40,1730,6,0,34,1730,0.15,0.0,1.0,0.0,0.1451325565576553
ni_tfnbs,"e=0.1,h=2.0,n=30,start_thres=1.25",hub,0.25,50,22,40,1730,5,0,35,1730,0.125,0.0,1.0,0.0,0.1451325565576553
ni_tfnbs,"e=0.1,h=3.0,n=30,start_thres=1.25",hub,0.25,50,22,40,1730,5,0,35,1730,0.125,0.0,1.0,0.0,0.1451325565576553
ni_tfnbs,"e=0.1,h=4.0,n=30,start_thres=1.25",hub,0.25,50,22,40,1730,5,0,35,1730,0.125,0.0,1.0,0.0,0.1451325565576553
ni_tfnbs,"e=0.1,h=5.0,n=30,start_thres=1.25",hub,0.25,50,22,40,1730,5,0,35,1730,0.125,0.0,1.0,0.0,0.1451325565576553
ni_tfnbs,"e=0.1,h=6.0,n=30,start_thres=1.25",hub,0.25,50,22,40,1730,5,0,35,1730,0.125,0.0,1.0,0.0,0.1451325565576553
ni_tfnbs,"e=0.1,h=7.0,n=30,start_thres=1.25",hub,0.25,50,22,40,1730,5,0,35,1730,0.125,0.0,1.0,0.0,0.1451325565576553
ni_tfnbs,"e=0.1,h=8.0,n=30,start_thres=1.25",hub,0.25,50,22,40,1730,5,0,35,1730,0.125,0.0,1.0,0.0,0.1451325565576553
ni_tfnbs,"e=0.1,h=9.0,n=30,start_thres=1.25",hub,0.25,50,22,40,1730,5,0,35,1730,0.125,0.0,1.0,0.0,0.1451325565576553
ni_tfnbs,"e=0.1,h=10.0,n=30,start_thres=1.25",hub,0.25,50,22,40,1730,5,0,35,1730,0.125,0.0,1.0,0.0,0.1451325565576553
ni_tfnbs,"e=0.2,h=0.5,n=30,start_thres=1.25",hub,0.25,50,22,40,1730,6,0,34,1730,0.15,0.0,1.0,0.0,0.1451325565576553
ni_tfnbs,"e=0.2,h=1.0,n=30,start_thres=1.25",hub,0.25,50,22,40,1730,6,0,34,1730,0.15,0.0,1.0,0.0,0.1451325565576553
ni_tfnbs,"e=0.2,h=2.0,n=30,start_thres=1.25",hub,0.25,50,22,40,1730,6,0,34,1730,0.15,0.0,1.0,0.0,0.1451325565576553
ni_tfnbs,"e=0.2,h=3.0,n=30,start_thres=1.25",hub,0.25,50,22,40,1730,6,0,34,1730,0.15,0.0,1.0,0.0,0.1451325565576553
ni_tfnbs,"e=0.2,h=4.0,n=30,start_thres=1.25",hub,0.25,50,22,40,1730,6,0,34,1730,0.15,0.0,1.0,0.0,0.1451325565576553
ni_tfnbs,"e=0.2,h=5.0,n=30,start_thres=1.25",hub,0.25,50,22,40,1730,6,0,34,1730,0.15,0.0,1.0,0.0,0.1451325565576553
ni_tfnbs,"e=0.2,h=6.0,n=30,start_thres=1.25",hub,0.25,50,22,40,1730,6,0,34,1730,0.15,0.0,1.0,0.0,0.1451325565576553
ni_tfnbs,"e=0.2,h=7.0,n=30,start_thres=1.25",hub,0.25,50,22,40,1730,5,0,35,1730,0.125,0.0,1.0,0.0,0.1451325565576553
ni_tfnbs,"e=0.2,h=8.0,n=30,start_thres=1.25",hub,0.25,50,22,40,1730,5,0,35,1730,0.125,0.0,1.0,0.0,0.1451325565576553
ni_tfnbs,"e=0.2,h=9.0,n=30,start_thres=1.25",hub,0.25,50,22,40,1730,5,0,35,1730,0.125,0.0,1.0,0.0,0.1451325565576553
ni_tfnbs,"e=0.2,h=10.0,n=30,start_thres=1.25",hub,0.25,50,22,40,1730,5,0,35,1730,0.125,0.0,1.0,0.0,0.1451325565576553
ni_tfnbs,"e=0.3,h=0.5,n=30,start_thres=1.25",hub,0.25,50,22,40,1730,7,0,33,1730,0.175,0.0,1.0,0.0,0.1451325565576553
ni_tfnbs,"e=0.3,h=1.0,n=30,start_thres=1.25",hub,0.25,50,22,40,1730,7,0,33,1730,0.175,0.0,1.0,0.0,0.1451325565576553
ni_tfnbs,"e=0.3,h=2.0,n=30,start_thres=1.25",hub,0.25,50,22,40,1730,7,0,33,1730,0.175,0.0,1.0,0.0,0.1451325565576553
ni_tfnbs,"e=0.3,h=3.0,n=30,start_thres=1.25",hub,0.25,50,22,40,1730,6,0,34,1730,0.15,0.0,1.0,0.0,0.1451325565576553
ni_tfnbs,"e=0.3,h=4.0,n=30,start_thres=1.25",hub,0.25,50,22,40,1730,6,0,34,1730,0.15,0.0,1.0,0.0,0.1451325565576553
ni_tfnbs,"e=0.3,h=5.0,n=30,start_thres=1.25",hub,0.25,50,22,40,1730,6,0,34,1730,0.15,0.0,1.0,0.0,0.1451325565576553
ni_tfnbs,"e=0.3,h=6.0,n=30,start_thres=1.25",hub,0.25,50,22,40,1730,6,0,34,1730,0.15,0.0,1.0,0.0,0.1451325565576553
ni_tfnbs,"e=0.3,h=7.0,n=30,start_thres=1.25",hub,0.25,50,22,40,1730,6,0,34,1730,0.15,0.0,1.0,0.0,0.1451325565576553
ni_tfnbs,"e=0.3,h=8.0,n=30,start_thres=1.25",hub,0.25,50,22,40,1730,6,0,34,1730,0.15,0.0,1.0,0.0,0.1451325565576553
ni_tfnbs,"e=0.3,h=9.0,n=30,start_thres=1.25",hub,0.25,50,22,40,1730,6,0,34,1730,0.15,0.0,1.0,0.0,0.1451325565576553
ni_tfnbs,"e=0.3,h=10.0,n=30,start_thres=1.25",hub,0.25,50,22,40,1730,6,0,34,1730,0.15,0.0,1.0,0.0,0.1451325565576553
ni_tfnbs,"e=0.4,h=0.5,n=30,start_thres=1.25",hub,0.25,50,22,40,1730,8,0,32,1730,0.2,0.0,1.0,0.0,0.1451325565576553
ni_tfnbs,"e=0.4,h=1.0,n=30,start_thres=1.25",hub,0.25,50,22,40,1730,8,0,32,1730,0.2,0.0,1.0,0.0,0.1451325565576553
ni_tfnbs,"e=0.4,h=2.0,n=30,start_thres=1.25",hub,0.25,50,22,40,1730,7,0,33,1730,0.175,0.0,1.0,0.0,0.1451325565576553
ni_tfnbs,"e=0.4,h=3.0,n=30,start_thres=1.25",hub,0.25,50,22,40,1730,7,0,33,1730,0.175,0.0,1.0,0.0,0.1451325565576553
ni_tfnbs,"e=0.4,h=4.0,n=30,start_thres=1.25",hub,0.25,50,22,40,1730,6,0,34,1730,0.15,0.0,1.0,0.0,0.1451325565576553
ni_tfnbs,"e=0.4,h=5.0,n=30,start_thres=1.25",hub,0.25,50,22,40,1730,6,0,34,1730,0.15,0.0,1.0,0.0,0.1451325565576553
ni_tfnbs,"e=0.4,h=6.0,n=30,start_thres=1.25",hub,0.25,50,22,40,1730,6,0,34,1730,0.15,0.0,1.0,0.0,0.1451325565576553
ni_tfnbs,"e=0.4,h=7.0,n=30,start_thres=1.25",hub,0.25,50,22,40,1730,6,0,34,1730,0.15,0.0,1.0,0.0,0.1451325565576553
ni_tfnbs,"e=0.4,h=8.0,n=30,start_thres=1.25",hub,0.25,50,22,40,1730,6,0,34,1730,0.15,0.0,1.0,0.0,0.1451325565576553
ni_tfnbs,"e=0.4,h=9.0,n=30,start_thres=1.25",hub,0.25,50,22,40,1730,6,0,34,1730,0.15,0.0,1.0,0.0,0.1451325565576553
ni_tfnbs,"e=0.4,h=10.0,n=30,start_thres=1.25",hub,0.25,50,22,40,1730,6,0,34,1730,0.15,0.0,1.0,0.0,0.1451325565576553
ni_tfnbs,"e=0.5,h=0.5,n=30,start_thres=1.25",hub,0.25,50,22,40,1730,8,0,32,1730,0.2,0.0,1.0,0.0,0.1451325565576553
ni_tfnbs,"e=0.5,h=1.0,n=30,start_thres=1.25",hub,0.25,50,22,40,1730,8,0,32,1730,0.2,0.0,1.0,0.0,0.1451325565576553
ni_tfnbs,"e=0.5,h=2.0,n=30,start_thres=1.25",hub,0.25,50,22,40,1730,8,0,32,1730,0.2,0.0,1.0,0.0,0.1451325565576553
ni_tfnbs,"e=0.5,h=3.0,n=30,start_thres=1.25",hub,0.25,50,22,40,1730,7,0,33,1730,0.175,0.0,1.0,0.0,0.1451325565576553
ni_tfnbs,"e=0.5,h=4.0,n=30,start_thres=1.25",hub,0.25,50,22,40,1730,7,0,33,1730,0.175,0.0,1.0,0.0,0.1451325565576553
ni_tfnbs,"e=0.5,h=5.0,n=30,start_thres=1.25",hub,0.25,50,22,40,1730,7,0,33,1730,0.175,0.0,1.0,0.0,0.1451325565576553
ni_tfnbs,"e=0.5,h=6.0,n=30,start_thres=1.25",hub,0.25,50,22,40,1730,6,0,34,1730,0.15,0.0,1.0,0.0,0.1451325565576553
ni_tfnbs,"e=0.5,h=7.0,n=30,start_thres=1.25",hub,0.25,50,22,40,1730,6,0,34,1730,0.15,0.0,1.0,0.0,0.1451325565576553
ni_tfnbs,"e=0.5,h=8.0,n=30,start_thres=1.25",hub,0.25,50,22,40,1730,6,0,34,1730,0.15,0.0,1.0,0.0,0.1451325565576553
ni_tfnbs,"e=0.5,h=9.0,n=30,start_thres=1.25",hub,0.25,50,22,40,1730,6,0,34,1730,0.15,0.0,1.0,0.0,0.1451325565576553
ni_tfnbs,"e=0.5,h=10.0,n=30,start_thres=1.25",hub,0.25,50,22,40,1730,6,0,34,1730,0.15,0.0,1.0,0.0,0.1451325565576553
ni_tfnbs,"e=0.6,h=0.5,n=30,start_thres=1.25",hub,0.25,50,22,40,1730,8,0,32,1730,0.2,0.0,1.0,0.0,0.1451325565576553
ni_tfnbs,"e=0.6,h=1.0,n=30,start_thres=1.25",hub,0.25,50,22,40,1730,8,0,32,1730,0.2,0.0,1.0,0.0,0.1451325565576553
ni_tfnbs,"e=0.6,h=2.0,n=30,start_thres=1.25",hub,0.25,50,22,40,1730,8,0,32,1730,0.2,0.0,1.0,0.0,0.1451325565576553
ni_tfnbs,"e=0.6,h=3.0,n=30,start_thres=1.25",hub,0.25,50,22,40,1730,8,0,32,1730,0.2,0.0,1.0,0.0,0.1451325565576553
ni_tfnbs,"e=0.6,h=4.0,n=30,start_thres=1.25",hub,0.25,50,22,40,1730,7,0,33,1730,0.175,0.0,1.0,0.0,0.1451325565576553
ni_tfnbs,"e=0.6,h=5.0,n=30,start_thres=1.25",hub,0.25,50,22,40,1730,7,0,33,1730,0.175,0.0,1.0,0.0,0.1451325565576553
ni_tfnbs,"e=0.6,h=6.0,n=30,start_thres=1.25",hub,0.25,50,22,40,1730,7,0,33,1730,0.175,0.0,1.0,0.0,0.1451325565576553
ni_tfnbs,"e=0.6,h=7.0,n=30,start_thres=1.25",hub,0.25,50,22,40,1730,6,0,34,1730,0.15,0.0,1.0,0.0,0.1451325565576553
ni_tfnbs,"e=0.6,h=8.0,n=30,start_thres=1.25",hub,0.25,50,22,40,1730,6,0,34,1730,0.15,0.0,1.0,0.0,0.1451325565576553
ni_tfnbs,"e=0.6,h=9.0,n=30,start_thres=1.25",hub,0.25,50,22,40,1730,6,0,34,1730,0.15,0.0,1.0,0.0,0.1451325565576553
ni_tfnbs,"e=0.6,h=10.0,n=30,start_thres=1.25",hub,0.25,50,22,40,1730,6,0,34,1730,0.15,0.0,1.0,0.0,0.1451325565576553
ni_tfnbs,"e=0.7,h=0.5,n=30,start_thres=1.25",hub,0.25,50,22,40,1730,6,0,34,1730,0.15,0.0,1.0,0.0,0.1451325565576553
ni_tfnbs,"e=0.7,h=1.0,n=30,start_thres=1.25",hub,0.25,50,22,40,1730,8,0,32,1730,0.2,0.0,1.0,0.0,0.1451325565576553
ni_tfnbs,"e=0.7,h=2.0,n=30,start_thres=1.25",hub,0.25,50,22,40,1730,8,0,32,1730,0.2,0.0,1.0,0.0,0.1451325565576553
ni_tfnbs,"e=0.7,h=3.0,n=30,start_thres=1.25",hub,0.25,50,22,40,1730,8,0,32,1730,0.2,0.0,1.0,0.0,0.1451325565576553
ni_tfnbs,"e=0.7,h=4.0,n=30,start_thres=1.25",hub,0.25,50,22,40,1730,8,0,32,1730,0.2,0.0,1.0,0.0,0.1451325565576553
ni_tfnbs,"e=0.7,h=5.0,n=30,start_thres=1.25",hub,0.25,50,22,40,1730,7,0,33,1730,0.175,0.0,1.0,0.0,0.1451325565576553
ni_tfnbs,"e=0.7,h=6.0,n=30,start_thres=1.25",hub,0.25,50,22,40,1730,7,0,33,1730,0.175,0.0,1.0,0.0,0.1451325565576553
ni_tfnbs,"e=0.7,h=7.0,n=30,start_thres=1.25",hub,0.25,50,22,40,1730,7,0,33,1730,0.175,0.0,1.0,0.0,0.1451325565576553
ni_tfnbs,"e=0.7,h=8.0,n=30,start_thres=1.25",hub,0.25,50,22,40,1730,6,0,34,1730,0.15,0.0,1.0,0.0,0.1451325565576553
ni_tfnbs,"e=0.7,h=9.0,n=30,start_thres=1.25",hub,0.25,50,22,40,1730,6,0,34,1730,0.15,0.0,1.0,0.0,0.1451325565576553
ni_tfnbs,"e=0.7,h=10.0,n=30,start_thres=1.25",hub,0.25,50,22,40,1730,6,0,34,1730,0.15,0.0,1.0,0.0,0.1451325565576553
ni_tfnbs,"e=0.8,h=0.5,n=30,start_thres=1.25",hub,0.25,50,22,40,1730,6,0,34,1730,0.15,0.0,1.0,0.0,0.1451325565576553
ni_tfnbs,"e=0.8,h=1.0,n=30,start_thres=1.25",hub,0.25,50,22,40,1730,6,0,34,1730,0.15,0.0,1.0,0.0,0.1451325565576553
ni_tfnbs,"e=0.8,h=2.0,n=30,start_thres=1.25",hub,0.25,50,22,40,1730,8,0,32,1730,0.2,0.0,1.0,0.0,0.1451325565576553
ni_tfnbs,"e=0.8,h=3.0,n=30,start_thres=1.25",hub,0.25,50,22,40,1730,8,0,32,1730,0.2,0.0,1.0,0.0,0.1451325565576553
ni_tfnbs,"e=0.8,h=4.0,n=30,start_thres=1.25",hub,0.25,50,22,40,1730,8,0,32,1730,0.2,0.0,1.0,0.0,0.1451325565576553
ni_tfnbs,"e=0.8,h=5.0,n=30,start_thres=1.25",hub,0.25,50,22,40,1730,7,0,33,1730,0.175,0.0,1.0,0.0,0.1451325565576553
ni_tfnbs,"e=0.8,h=6.0,n=30,start_thres=1.25",hub,0.25,50,22,40,1730,7,0,33,1730,0.175,0.0,1.0,0.0,0.1451325565576553
ni_tfnbs,"e=0.8,h=7.0,n=30,start_thres=1.25",hub,0.25,50,22,40,1730,7,0,33,1730,0.175,0.0,1.0,0.0,0.1451325565576553
ni_tfnbs,"e=0.8,h=8.0,n=30,start_thres=1.25",hub,0.25,50,22,40,1730,7,0,33,1730,0.175,0.0,1.0,0.0,0.1451325565576553
ni_tfnbs,"e=0.8,h=9.0,n=30,start_thres=1.25",hub,0.25,50,22,40,1730,6,0,34,1730,0.15,0.0,1.0,0.0,0.1451325565576553
ni_tfnbs,"e=0.8,h=10.0,n=30,start_thres=1.25",hub,0.25,50,22,40,1730,6,0,34,1730,0.15,0.0,1.0,0.0,0.1451325565576553
ni_tfnbs,"e=0.9,h=0.5,n=30,start_thres=1.25",hub,0.25,50,22,40,1730,6,0,34,1730,0.15,0.0,1.0,0.0,0.1451325565576553
ni_tfnbs,"e=0.9,h=1.0,n=30,start_thres=1.25",hub,0.25,50,22,40,1730,6,0,34,1730,0.15,0.0,1.0,0.0,0.1451325565576553
ni_tfnbs,"e=0.9,h=2.0,n=30,start_thres=1.25",hub,0.25,50,22,40,1730,8,0,32,1730,0.2,0.0,1.0,0.0,0.1451325565576553
ni_tfnbs,"e=0.9,h=3.0,n=30,start_thres=1.25",hub,0.25,50,22,40,1730,8,0,32,1730,0.2,0.0,1.0,0.0,0.1451325565576553
ni_tfnbs,"e=0.9,h=4.0,n=30,start_thres=1.25",hub,0.25,50,22,40,1730,8,0,32,1730,0.2,0.0,1.0,0.0,0.1451325565576553
ni_tfnbs,"e=0.9,h=5.0,n=30,start_thres=1.25",hub,0.25,50,22,40,1730,8,0,32,1730,0.2,0.0,1.0,0.0,0.1451325565576553
ni_tfnbs,"e=0.9,h=6.0,n=30,start_thres=1.25",hub,0.25,50,22,40,1730,7,0,33,1730,0.175,0.0,1.0,0.0,0.1451325565576553
ni_tfnbs,"e=0.9,h=7.0,n=30,start_thres=1.25",hub,0.25,50,22,40,1730,7,0,33,1730,0.175,0.0,1.0,0.0,0.1451325565576553
ni_tfnbs,"e=0.9,h=8.0,n=30,start_thres=1.25",hub,0.25,50,22,40,1730,7,0,33,1730,0.175,0.0,1.0,0.0,0.1451325565576553
ni_tfnbs,"e=0.9,h=9.0,n=30,start_thres=1.25",hub,0.25,50,22,40,1730,7,0,33,1730,0.175,0.0,1.0,0.0,0.1451325565576553
ni_tfnbs,"e=0.9,h=10.0,n=30,start_thres=1.25",hub,0.25,50,22,40,1730,6,0,34,1730,0.15,0.0,1.0,0.0,0.1451325565576553
ni_tfnbs,"e=1.0,h=0.5,n=30,start_thres=1.25",hub,0.25,50,22,40,1730,3,0,37,1730,0.075,0.0,1.0,0.0,0.1451325565576553
ni_tfnbs,"e=1.0,h=1.0,n=30,start_thres=1.25",hub,0.25,50,22,40,1730,6,0,34,1730,0.15,0.0,1.0,0.0,0.1451325565576553
ni_tfnbs,"e=1.0,h=2.0,n=30,start_thres=1.25",hub,0.25,50,22,40,1730,8,0,32,1730,0.2,0.0,1.0,0.0,0.1451325565576553
ni_tfnbs,"e=1.0,h=3.0,n=30,start_thres=1.25",hub,0.25,50,22,40,1730,8,0,32,1730,0.2,0.0,1.0,0.0,0.1451325565576553
ni_tfnbs,"e=1.0,h=4.0,n=30,start_thres=1.25",hub,0.25,50,22,40,1730,8,0,32,1730,0.2,0.0,1.0,0.0,0.1451325565576553
ni_tfnbs,"e=1.0,h=5.0,n=30,start_thres=1.25",hub,0.25,50,22,40,1730,8,0,32,1730,0.2,0.0,1.0,0.0,0.1451325565576553
ni_tfnbs,"e=1.0,h=6.0,n=30,start_thres=1.25",hub,0.25,50,22,40,1730,7,0,33,1730,0.175,0.0,1.0,0.0,0.1451325565576553
ni_tfnbs,"e=1.0,h=7.0,n=30,start_thres=1.25",hub,0.25,50,22,40,1730,7,0,33,1730,0.175,0.0,1.0,0.0,0.1451325565576553
ni_tfnbs,"e=1.0,h=8.0,n=30,start_thres=1.25",hub,0.25,50,22,40,1730,7,0,33,1730,0.175,0.0,1.0,0.0,0.1451325565576553
ni_tfnbs,"e=1.0,h=9.0,n=30,start_thres=1.25",hub,0.25,50,22,40,1730,7,0,33,1730,0.175,0.0,1.0,0.0,0.1451325565576553
ni_tfnbs,"e=1.0,h=10.0,n=30,start_thres=1.25",hub,0.25,50,22,40,1730,7,0,33,1730,0.175,0.0,1.0,0.0,0.1451325565576553
ni_tfnbs,"e=1.1,h=0.5,n=30,start_thres=1.25",hub,0.25,50,22,40,1730,2,0,38,1730,0.05,0.0,1.0,0.0,0.1451325565576553
ni_tfnbs,"e=1.1,h=1.0,n=30,start_thres=1.25",hub,0.25,50,22,40,1730,3,0,37,1730,0.075,0.0,1.0,0.0,0.1451325565576553
ni_tfnbs,"e=1.1,h=2.0,n=30,start_thres=1.25",hub,0.25,50,22,40,1730,6,0,34,1730,0.15,0.0,1.0,0.0,0.1451325565576553
ni_tfnbs,"e=1.1,h=3.0,n=30,start_thres=1.25",hub,0.25,50,22,40,1730,8,0,32,1730,0.2,0.0,1.0,0.0,0.1451325565576553
ni_tfnbs,"e=1.1,h=4.0,n=30,start_thres=1.25",hub,0.25,50,22,40,1730,8,0,32,1730,0.2,0.0,1.0,0.0,0.1451325565576553
ni_tfnbs,"e=1.1,h=5.0,n=30,start_thres=1.25",hub,0.25,50,22,40,1730,8,0,32,1730,0.2,0.0,1.0,0.0,0.1451325565576553
ni_tfnbs,"e=1.1,h=6.0,n=30,start_thres=1.25",hub,0.25,50,22,40,1730,8,0,32,1730,0.2,0.0,1.0,0.0,0.1451325565576553
ni_tfnbs,"e=1.1,h=7.0,n=30,start_thres=1.25",hub,0.25,50,22,40,1730,7,0,33,1730,0.175,0.0,1.0,0.0,0.1451325565576553
ni_tfnbs,"e=1.1,h=8.0,n=30,start_thres=1.25",hub,0.25,50,22,40,1730,7,0,33,1730,0.175,0.0,1.0,0.0,0.1451325565576553
ni_tfnbs,"e=1.1,h=9.0,n=30,start_thres=1.25",hub,0.25,50,22,40,1730,7,0,33,1730,0.175,0.0,1.0,0.0,0.1451325565576553
ni_tfnbs,"e=1.1,h=10.0,n=30,start_thres=1.25",hub,0.25,50,22,40,1730,7,0,33,1730,0.175,0.0,1.0,0.0,0.1451325565576553
ni_tfnbs,"e=1.2,h=0.5,n=30,start_thres=1.25",hub,0.25,50,22,40,1730,0,0,40,1730,0.0,0.0,0.0,0.0,0.1451325565576553
ni_tfnbs,"e=1.2,h=1.0,n=30,start_thres=1.25",hub,0.25,50,22,40,1730,3,0,37,1730,0.075,0.0,1.0,0.0,0.1451325565576553
ni_tfnbs,"e=1.2,h=2.0,n=30,start_thres=1.25",hub,0.25,50,22,40,1730,6,0,34,1730,0.15,0.0,1.0,0.0,0.1451325565576553
ni_tfnbs,"e=1.2,h=3.0,n=30,start_thres=1.25",hub,0.25,50,22,40,1730,8,0,32,1730,0.2,0.0,1.0,0.0,0.1451325565576553
ni_tfnbs,"e=1.2,h=4.0,n=30,start_thres=1.25",hub,0.25,50,22,40,1730,9,0,31,1730,0.225,0.0,1.0,0.0,0.1451325565576553
ni_tfnbs,"e=1.2,h=5.0,n=30,start_thres=1.25",hub,0.25,50,22,40,1730,8,0,32,1730,0.2,0.0,1.0,0.0,0.1451325565576553
ni_tfnbs,"e=1.2,h=6.0,n=30,start_thres=1.25",hub,0.25,50,22,40,1730,8,0,32,1730,0.2,0.0,1.0,0.0,0.1451325565576553
ni_tfnbs,"e=1.2,h=7.0,n=30,start_thres=1.25",hub,0.25,50,22,40,1730,7,0,33,1730,0.175,0.0,1.0,0.0,0.1451325565576553
ni_tfnbs,"e=1.2,h=8.0,n=30,start_thres=1.25",hub,0.25,50,22,40,1730,7,0,33,1730,0.175,0.0,1.0,0.0,0.1451325565576553
ni_tfnbs,"e=1.2,h=9.0,n=30,start_thres=1.25",hub,0.25,50,22,40,1730,7,0,33,1730,0.175,0.0,1.0,0.0,0.1451325565576553
ni_tfnbs,"e=1.2,h=10.0,n=30,start_thres=1.25",hub,0.25,50,22,40,1730,7,0,33,1730,0.175,0.0,1.0,0.0,0.1451325565576553
ni_tfnbs,"e=1.3,h=0.5,n=30,start_thres=1.25",hub,0.25,50,22,40,1730,0,0,40,1730,0.0,0.0,0.0,0.0,0.1451325565576553
ni_tfnbs,"e=1.3,h=1.0,n=30,start_thres=1.25",hub,0.25,50,22,40,1730,0,0,40,1730,0.0,0.0,0.0,0.0,0.1451325565576553
ni_tfnbs,"e=1.3,h=2.0,n=30,start_thres=1.25",hub,0.25,50,22,40,1730,6,0,34,1730,0.15,0.0,1.0,0.0,0.1451325565576553
ni_tfnbs,"e=1.3,h=3.0,n=30,start_thres=1.25",hub,0.25,50,22,40,1730,7,0,33,1730,0.175,0.0,1.0,0.0,0.1451325565576553
ni_tfnbs,"e=1.3,h=4.0,n=30,start_thres=1.25",hub,0.25,50,22,40,1730,8,0,32,1730,0.2,0.0,1.0,0.0,0.1451325565576553
ni_tfnbs,"e=1.3,h=5.0,n=30,start_thres=1.25",hub,0.25,50,22,40,1730,8,0,32,1730,0.2,0.0,1.0,0.0,0.1451325565576553
ni_tfnbs,"e=1.3,h=6.0,n=30,start_thres=1.25",hub,0.25,50,22,40,1730,8,0,32,1730,0.2,0.0,1.0,0.0,0.1451325565576553
ni_tfnbs,"e=1.3,h=7.0,n=30,start_thres=1.25",hub,0.25,50,22,40,1730,8,0,32,1730,0.2,0.0,1.0,0.0,0.1451325565576553
ni_tfnbs,"e=1.3,h=8.0,n=30,start_thres=1.25",hub,0.25,50,22,40,1730,7,0,33,1730,0.175,0.0,1.0,0.0,0.1451325565576553
ni_tfnbs,"e=1.3,h=9.0,n=30,start_thres=1.25",hub,0.25,50,22,40,1730,7,0,33,1730,0.175,0.0,1.0,0.0,0.1451325565576553
ni_tfnbs,"e=1.3,h=10.0,n=30,start_thres=1.25",hub,0.25,50,22,40,1730,7,0,33,1730,0.175,0.0,1.0,0.0,0.1451325565576553
ni_tfnbs,"e=1.4,h=0.5,n=30,start_thres=1.25",hub,0.25,50,22,40,1730,0,0,40,1730,0.0,0.0,0.0,0.0,0.1451325565576553
ni_tfnbs,"e=1.4,h=1.0,n=30,start_thres=1.25",hub,0.25,50,22,40,1730,0,0,40,1730,0.0,0.0,0.0,0.0,0.1451325565576553
ni_tfnbs,"e=1.4,h=2.0,n=30,start_thres=1.25",hub,0.25,50,22,40,1730,4,0,36,1730,0.1,0.0,1.0,0.0,0.1451325565576553
ni_tfnbs,"e=1.4,h=3.0,n=30,start_thres=1.25",hub,0.25,50,22,40,1730,6,0,34,1730,0.15,0.0,1.0,0.0,0.1451325565576553
ni_tfnbs,"e=1.4,h=4.0,n=30,start_thres=1.25",hub,0.25,50,22,40,1730,8,0,32,1730,0.2,0.0,1.0,0.0,0.1451325565576553
ni_tfnbs,"e=1.4,h=5.0,n=30,start_thres=1.25",hub,0.25,50,22,40,1730,9,0,31,1730,0.225,0.0,1.0,0.0,0.1451325565576553
ni_tfnbs,"e=1.4,h=6.0,n=30,start_thres=1.25",hub,0.25,50,22,40,1730,8,0,32,1730,0.2,0.0,1.0,0.0,0.1451325565576553
ni_tfnbs,"e=1.4,h=7.0,n=30,start_thres=1.25",hub,0.25,50,22,40,1730,8,0,32,1730,0.2,0.0,1.0,0.0,0.1451325565576553
ni_tfnbs,"e=1.4,h=8.0,n=30,start_thres=1.25",hub,0.25,50,22,40,1730,7,0,33,1730,0.175,0.0,1.0,0.0,0.1451325565576553
ni_tfnbs,"e=1.4,h=9.0,n=30,start_thres=1.25",hub,0.25,50,22,40,1730,7,0,33,1730,0.175,0.0,1.0,0.0,0.1451325565576553
ni_tfnbs,"e=1.4,h=10.0,n=30,start_thres=1.25",hub,0.25,50,22,40,1730,7,0,33,1730,0.175,0.0,1.0,0.0,0.1451325565576553
ni_tfnbs,"e=1.5,h=0.5,n=30,start_thres=1.25",hub,0.25,50,22,40,1730,0,0,40,1730,0.0,0.0,0.0,0.0,0.1451325565576553
ni_tfnbs,"e=1.5,h=1.0,n=30,start_thres=1.25",hub,0.25,50,22,40,1730,0,0,40,1730,0.0,0.0,0.0,0.0,0.1451325565576553
ni_tfnbs,"e=1.5,h=2.0,n=30,start_thres=1.25",hub,0.25,50,22,40,1730,3,0,37,1730,0.075,0.0,1.0,0.0,0.1451325565576553
ni_tfnbs,"e=1.5,h=3.0,n=30,start_thres=1.25",hub,0.25,50,22,40,1730,6,0,34,1730,0.15,0.0,1.0,0.0,0.1451325565576553
ni_tfnbs,"e=1.5,h=4.0,n=30,start_thres=1.25",hub,0.25,50,22,40,1730,8,0,32,1730,0.2,0.0,1.0,0.0,0.1451325565576553
ni_tfnbs,"e=1.5,h=5.0,n=30,start_thres=1.25",hub,0.25,50,22,40,1730,9,0,31,1730,0.225,0.0,1.0,0.0,0.1451325565576553
ni_tfnbs,"e=1.5,h=6.0,n=30,start_thres=1.25",hub,0.25,50,22,40,1730,8,0,32,1730,0.2,0.0,1.0,0.0,0.1451325565576553
ni_tfnbs,"e=1.5,h=7.0,n=30,start_thres=1.25",hub,0.25,50,22,40,1730,8,0,32,1730,0.2,0.0,1.0,0.0,0.1451325565576553
ni_tfnbs,"e=1.5,h=8.0,n=30,start_thres=1.25",hub,0.25,50,22,40,1730,8,0,32,1730,0.2,0.0,1.0,0.0,0.1451325565576553
ni_tfnbs,"e=1.5,h=9.0,n=30,start_thres=1.25",hub,0.25,50,22,40,1730,7,0,33,1730,0.175,0.0,1.0,0.0,0.1451325565576553
ni_tfnbs,"e=1.5,h=10.0,n=30,start_thres=1.25",hub,0.25,50,22,40,1730,7,0,33,1730,0.175,0.0,1.0,0.0,0.1451325565576553
ni_tfnbs,"e=0.05,h=0.5,n=30,start_thres=1.25",hub,0.25,50,23,40,1730,18,0,22,1730,0.45,0.0,1.0,0.0,0.1457331180572509
ni_tfnbs,"e=0.05,h=1.0,n=30,start_thres=1.25",hub,0.25,50,23,40,1730,18,0,22,1730,0.45,0.0,1.0,0.0,0.1457331180572509
ni_tfnbs,"e=0.05,h=2.0,n=30,start_thres=1.25",hub,0.25,50,23,40,1730,18,0,22,1730,0.45,0.0,1.0,0.0,0.1457331180572509
ni_tfnbs,"e=0.05,h=3.0,n=30,start_thres=1.25",hub,0.25,50,23,40,1730,18,0,22,1730,0.45,0.0,1.0,0.0,0.1457331180572509
ni_tfnbs,"e=0.05,h=4.0,n=30,start_thres=1.25",hub,0.25,50,23,40,1730,18,0,22,1730,0.45,0.0,1.0,0.0,0.1457331180572509
ni_tfnbs,"e=0.05,h=5.0,n=30,start_thres=1.25",hub,0.25,50,23,40,1730,18,0,22,1730,0.45,0.0,1.0,0.0,0.1457331180572509
ni_tfnbs,"e=0.05,h=6.0,n=30,start_thres=1.25",hub,0.25,50,23,40,1730,18,0,22,1730,0.45,0.0,1.0,0.0,0.1457331180572509
ni_tfnbs,"e=0.05,h=7.0,n=30,start_thres=1.25",hub,0.25,50,23,40,1730,18,0,22,1730,0.45,0.0,1.0,0.0,0.1457331180572509
ni_tfnbs,"e=0.05,h=8.0,n=30,start_thres=1.25",hub,0.25,50,23,40,1730,18,0,22,1730,0.45,0.0,1.0,0.0,0.1457331180572509
ni_tfnbs,"e=0.05,h=9.0,n=30,start_thres=1.25",hub,0.25,50,23,40,1730,18,0,22,1730,0.45,0.0,1.0,0.0,0.1457331180572509
ni_tfnbs,"e=0.05,h=10.0,n=30,start_thres=1.25",hub,0.25,50,23,40,1730,18,0,22,1730,0.45,0.0,1.0,0.0,0.1457331180572509
ni_tfnbs,"e=0.1,h=0.5,n=30,start_thres=1.25",hub,0.25,50,23,40,1730,19,0,21,1730,0.475,0.0,1.0,0.0,0.1457331180572509
ni_tfnbs,"e=0.1,h=1.0,n=30,start_thres=1.25",hub,0.25,50,23,40,1730,19,0,21,1730,0.475,0.0,1.0,0.0,0.1457331180572509
ni_tfnbs,"e=0.1,h=2.0,n=30,start_thres=1.25",hub,0.25,50,23,40,1730,19,0,21,1730,0.475,0.0,1.0,0.0,0.1457331180572509
ni_tfnbs,"e=0.1,h=3.0,n=30,start_thres=1.25",hub,0.25,50,23,40,1730,18,0,22,1730,0.45,0.0,1.0,0.0,0.1457331180572509
ni_tfnbs,"e=0.1,h=4.0,n=30,start_thres=1.25",hub,0.25,50,23,40,1730,18,0,22,1730,0.45,0.0,1.0,0.0,0.1457331180572509
ni_tfnbs,"e=0.1,h=5.0,n=30,start_thres=1.25",hub,0.25,50,23,40,1730,18,0,22,1730,0.45,0.0,1.0,0.0,0.1457331180572509
ni_tfnbs,"e=0.1,h=6.0,n=30,start_thres=1.25",hub,0.25,50,23,40,1730,18,0,22,1730,0.45,0.0,1.0,0.0,0.1457331180572509
ni_tfnbs,"e=0.1,h=7.0,n=30,start_thres=1.25",hub,0.25,50,23,40,1730,18,0,22,1730,0.45,0.0,1.0,0.0,0.1457331180572509
ni_tfnbs,"e=0.1,h=8.0,n=30,start_thres=1.25",hub,0.25,50,23,40,1730,18,0,22,1730,0.45,0.0,1.0,0.0,0.1457331180572509
ni_tfnbs,"e=0.1,h=9.0,n=30,start_thres=1.25",hub,0.25,50,23,40,1730,18,0,22,1730,0.45,0.0,1.0,0.0,0.1457331180572509
ni_tfnbs,"e=0.1,h=10.0,n=30,start_thres=1.25",hub,0.25,50,23,40,1730,18,0,22,1730,0.45,0.0,1.0,0.0,0.1457331180572509
ni_tfnbs,"e=0.2,h=0.5,n=30,start_thres=1.25",hub,0.25,50,23,40,1730,20,0,20,1730,0.5,0.0,1.0,0.0,0.1457331180572509
ni_tfnbs,"e=0.2,h=1.0,n=30,start_thres=1.25",hub,0.25,50,23,40,1730,20,0,20,1730,0.5,0.0,1.0,0.0,0.1457331180572509
ni_tfnbs,"e=0.2,h=2.0,n=30,start_thres=1.25",hub,0.25,50,23,40,1730,19,0,21,1730,0.475,0.0,1.0,0.0,0.1457331180572509
ni_tfnbs,"e=0.2,h=3.0,n=30,start_thres=1.25",hub,0.25,50,23,40,1730,19,0,21,1730,0.475,0.0,1.0,0.0,0.1457331180572509
ni_tfnbs,"e=0.2,h=4.0,n=30,start_thres=1.25",hub,0.25,50,23,40,1730,19,0,21,1730,0.475,0.0,1.0,0.0,0.1457331180572509
ni_tfnbs,"e=0.2,h=5.0,n=30,start_thres=1.25",hub,0.25,50,23,40,1730,19,0,21,1730,0.475,0.0,1.0,0.0,0.1457331180572509
ni_tfnbs,"e=0.2,h=6.0,n=30,start_thres=1.25",hub,0.25,50,23,40,1730,19,0,21,1730,0.475,0.0,1.0,0.0,0.1457331180572509
ni_tfnbs,"e=0.2,h=7.0,n=30,start_thres=1.25",hub,0.25,50,23,40,1730,18,0,22,1730,0.45,0.0,1.0,0.0,0.1457331180572509
ni_tfnbs,"e=0.2,h=8.0,n=30,start_thres=1.25",hub,0.25,50,23,40,1730,18,0,22,1730,0.45,0.0,1.0,0.0,0.1457331180572509
ni_tfnbs,"e=0.2,h=9.0,n=30,start_thres=1.25",hub,0.25,50,23,40,1730,18,0,22,1730,0.45,0.0,1.0,0.0,0.1457331180572509
ni_tfnbs,"e=0.2,h=10.0,n=30,start_thres=1.25",hub,0.25,50,23,40,1730,18,0,22,1730,0.45,0.0,1.0,0.0,0.1457331180572509
ni_tfnbs,"e=0.3,h=0.5,n=30,start_thres=1.25",hub,0.25,50,23,40,1730,20,0,20,1730,0.5,0.0,1.0,0.0,0.1457331180572509
ni_tfnbs,"e=0.3,h=1.0,n=30,start_thres=1.25",hub,0.25,50,23,40,1730,20,0,20,1730,0.5,0.0,1.0,0.0,0.1457331180572509
ni_tfnbs,"e=0.3,h=2.0,n=30,start_thres=1.25",hub,0.25,50,23,40,1730,20,0,20,1730,0.5,0.0,1.0,0.0,0.1457331180572509
ni_tfnbs,"e=0.3,h=3.0,n=30,start_thres=1.25",hub,0.25,50,23,40,1730,20,0,20,1730,0.5,0.0,1.0,0.0,0.1457331180572509
ni_tfnbs,"e=0.3,h=4.0,n=30,start_thres=1.25",hub,0.25,50,23,40,1730,19,0,21,1730,0.475,0.0,1.0,0.0,0.1457331180572509
ni_tfnbs,"e=0.3,h=5.0,n=30,start_thres=1.25",hub,0.25,50,23,40,1730,19,0,21,1730,0.475,0.0,1.0,0.0,0.1457331180572509
ni_tfnbs,"e=0.3,h=6.0,n=30,start_thres=1.25",hub,0.25,50,23,40,1730,19,0,21,1730,0.475,0.0,1.0,0.0,0.1457331180572509
ni_tfnbs,"e=0.3,h=7.0,n=30,start_thres=1.25",hub,0.25,50,23,40,1730,19,0,21,1730,0.475,0.0,1.0,0.0,0.1457331180572509
ni_tfnbs,"e=0.3,h=8.0,n=30,start_thres=1.25",hub,0.25,50,23,40,1730,19,0,21,1730,0.475,0.0,1.0,0.0,0.1457331180572509
ni_tfnbs,"e=0.3,h=9.0,n=30,start_thres=1.25",hub,0.25,50,23,40,1730,19,0,21,1730,0.475,0.0,1.0,0.0,0.1457331180572509
ni_tfnbs,"e=0.3,h=10.0,n=30,start_thres=1.25",hub,0.25,50,23,40,1730,19,0,21,1730,0.475,0.0,1.0,0.0,0.1457331180572509
ni_tfnbs,"e=0.4,h=0.5,n=30,start_thres=1.25",hub,0.25,50,23,40,1730,23,0,17,1730,0.575,0.0,1.0,0.0,0.1457331180572509
ni_tfnbs,"e=0.4,h=1.0,n=30,start_thres=1.25",hub,0.25,50,23,40,1730,23,0,17,1730,0.575,0.0,1.0,0.0,0.1457331180572509
ni_tfnbs,"e=0.4,h=2.0,n=30,start_thres=1.25",hub,0.25,50,23,40,1730,20,0,20,1730,0.5,0.0,1.0,0.0,0.1457331180572509
ni_tfnbs,"e=0.4,h=3.0,n=30,start_thres=1.25",hub,0.25,50,23,40,1730,20,0,20,1730,0.5,0.0,1.0,0.0,0.1457331180572509
ni_tfnbs,"e=0.4,h=4.0,n=30,start_thres=1.25",hub,0.25,50,23,40,1730,20,0,20,1730,0.5,0.0,1.0,0.0,0.1457331180572509
ni_tfnbs,"e=0.4,h=5.0,n=30,start_thres=1.25",hub,0.25,50,23,40,1730,19,0,21,1730,0.475,0.0,1.0,0.0,0.1457331180572509
ni_tfnbs,"e=0.4,h=6.0,n=30,start_thres=1.25",hub,0.25,50,23,40,1730,19,0,21,1730,0.475,0.0,1.0,0.0,0.1457331180572509
ni_tfnbs,"e=0.4,h=7.0,n=30,start_thres=1.25",hub,0.25,50,23,40,1730,19,0,21,1730,0.475,0.0,1.0,0.0,0.1457331180572509
ni_tfnbs,"e=0.4,h=8.0,n=30,start_thres=1.25",hub,0.25,50,23,40,1730,19,0,21,1730,0.475,0.0,1.0,0.0,0.1457331180572509
ni_tfnbs,"e=0.4,h=9.0,n=30,start_thres=1.25",hub,0.25,50,23,40,1730,19,0,21,1730,0.475,0.0,1.0,0.0,0.1457331180572509
ni_tfnbs,"e=0.4,h=10.0,n=30,start_thres=1.25",hub,0.25,50,23,40,1730,19,0,21,1730,0.475,0.0,1.0,0.0,0.1457331180572509
ni_tfnbs,"e=0.5,h=0.5,n=30,start_thres=1.25",hub,0.25,50,23,40,1730,24,0,16,1730,0.6,0.0,1.0,0.0,0.1457331180572509
ni_tfnbs,"e=0.5,h=1.0,n=30,start_thres=1.25",hub,0.25,50,23,40,1730,24,0,16,1730,0.6,0.0,1.0,0.0,0.1457331180572509
ni_tfnbs,"e=0.5,h=2.0,n=30,start_thres=1.25",hub,0.25,50,23,40,1730,23,0,17,1730,0.575,0.0,1.0,0.0,0.1457331180572509
ni_tfnbs,"e=0.5,h=3.0,n=30,start_thres=1.25",hub,0.25,50,23,40,1730,21,0,19,1730,0.525,0.0,1.0,0.0,0.1457331180572509
ni_tfnbs,"e=0.5,h=4.0,n=30,start_thres=1.25",hub,0.25,50,23,40,1730,20,0,20,1730,0.5,0.0,1.0,0.0,0.1457331180572509
ni_tfnbs,"e=0.5,h=5.0,n=30,start_thres=1.25",hub,0.25,50,23,40,1730,20,0,20,1730,0.5,0.0,1.0,0.0,0.1457331180572509
ni_tfnbs,"e=0.5,h=6.0,n=30,start_thres=1.25",hub,0.25,50,23,40,1730,20,0,20,1730,0.5,0.0,1.0,0.0,0.1457331180572509
ni_tfnbs,"e=0.5,h=7.0,n=30,start_thres=1.25",hub,0.25,50,23,40,1730,19,0,21,1730,0.475,0.0,1.0,0.0,0.1457331180572509
ni_tfnbs,"e=0.5,h=8.0,n=30,start_thres=1.25",hub,0.25,50,23,40,1730,19,0,21,1730,0.475,0.0,1.0,0.0,0.1457331180572509
ni_tfnbs,"e=0.5,h=9.0,n=30,start_thres=1.25",hub,0.25,50,23,40,1730,19,0,21,1730,0.475,0.0,1.0,0.0,0.1457331180572509
ni_tfnbs,"e=0.5,h=10.0,n=30,start_thres=1.25",hub,0.25,50,23,40,1730,19,0,21,1730,0.475,0.0,1.0,0.0,0.1457331180572509
ni_tfnbs,"e=0.6,h=0.5,n=30,start_thres=1.25",hub,0.25,50,23,40,1730,28,1,12,1729,0.7,0.0005780346820809,0.9655172413793104,0.0344827586206896,0.1457331180572509
ni_tfnbs,"e=0.6,h=1.0,n=30,start_thres=1.25",hub,0.25,50,23,40,1730,27,0,13,1730,0.675,0.0,1.0,0.0,0.1457331180572509
ni_tfnbs,"e=0.6,h=2.0,n=30,start_thres=1.25",hub,0.25,50,23,40,1730,24,0,16,1730,0.6,0.0,1.0,0.0,0.1457331180572509
ni_tfnbs,"e=0.6,h=3.0,n=30,start_thres=1.25",hub,0.25,50,23,40,1730,23,0,17,1730,0.575,0.0,1.0,0.0,0.1457331180572509
ni_tfnbs,"e=0.6,h=4.0,n=30,start_thres=1.25",hub,0.25,50,23,40,1730,23,0,17,1730,0.575,0.0,1.0,0.0,0.1457331180572509
ni_tfnbs,"e=0.6,h=5.0,n=30,start_thres=1.25",hub,0.25,50,23,40,1730,20,0,20,1730,0.5,0.0,1.0,0.0,0.1457331180572509
ni_tfnbs,"e=0.6,h=6.0,n=30,start_thres=1.25",hub,0.25,50,23,40,1730,20,0,20,1730,0.5,0.0,1.0,0.0,0.1457331180572509
ni_tfnbs,"e=0.6,h=7.0,n=30,start_thres=1.25",hub,0.25,50,23,40,1730,20,0,20,1730,0.5,0.0,1.0,0.0,0.1457331180572509
ni_tfnbs,"e=0.6,h=8.0,n=30,start_thres=1.25",hub,0.25,50,23,40,1730,19,0,21,1730,0.475,0.0,1.0,0.0,0.1457331180572509
ni_tfnbs,"e=0.6,h=9.0,n=30,start_thres=1.25",hub,0.25,50,23,40,1730,19,0,21,1730,0.475,0.0,1.0,0.0,0.1457331180572509
ni_tfnbs,"e=0.6,h=10.0,n=30,start_thres=1.25",hub,0.25,50,23,40,1730,19,0,21,1730,0.475,0.0,1.0,0.0,0.1457331180572509
ni_tfnbs,"e=0.7,h=0.5,n=30,start_thres=1.25",hub,0.25,50,23,40,1730,28,3,12,1727,0.7,0.0017341040462427,0.9032258064516128,0.0967741935483871,0.1457331180572509
ni_tfnbs,"e=0.7,h=1.0,n=30,start_thres=1.25",hub,0.25,50,23,40,1730,28,2,12,1728,0.7,0.0011560693641618,0.9333333333333332,0.0666666666666666,0.1457331180572509
ni_tfnbs,"e=0.7,h=2.0,n=30,start_thres=1.25",hub,0.25,50,23,40,1730,27,0,13,1730,0.675,0.0,1.0,0.0,0.1457331180572509
ni_tfnbs,"e=0.7,h=3.0,n=30,start_thres=1.25",hub,0.25,50,23,40,1730,24,0,16,1730,0.6,0.0,1.0,0.0,0.1457331180572509
ni_tfnbs,"e=0.7,h=4.0,n=30,start_thres=1.25",hub,0.25,50,23,40,1730,24,0,16,1730,0.6,0.0,1.0,0.0,0.1457331180572509
ni_tfnbs,"e=0.7,h=5.0,n=30,start_thres=1.25",hub,0.25,50,23,40,1730,21,0,19,1730,0.525,0.0,1.0,0.0,0.1457331180572509
ni_tfnbs,"e=0.7,h=6.0,n=30,start_thres=1.25",hub,0.25,50,23,40,1730,20,0,20,1730,0.5,0.0,1.0,0.0,0.1457331180572509
ni_tfnbs,"e=0.7,h=7.0,n=30,start_thres=1.25",hub,0.25,50,23,40,1730,20,0,20,1730,0.5,0.0,1.0,0.0,0.1457331180572509
ni_tfnbs,"e=0.7,h=8.0,n=30,start_thres=1.25",hub,0.25,50,23,40,1730,20,0,20,1730,0.5,0.0,1.0,0.0,0.1457331180572509
ni_tfnbs,"e=0.7,h=9.0,n=30,start_thres=1.25",hub,0.25,50,23,40,1730,20,0,20,1730,0.5,0.0,1.0,0.0,0.1457331180572509
ni_tfnbs,"e=0.7,h=10.0,n=30,start_thres=1.25",hub,0.25,50,23,40,1730,19,0,21,1730,0.475,0.0,1.0,0.0,0.1457331180572509
ni_tfnbs,"e=0.8,h=0.5,n=30,start_thres=1.25",hub,0.25,50,23,40,1730,30,6,10,1724,0.75,0.0034682080924855,0.8333333333333334,0.1666666666666666,0.1457331180572509
ni_tfnbs,"e=0.8,h=1.0,n=30,start_thres=1.25",hub,0.25,50,23,40,1730,28,3,12,1727,0.7,0.0017341040462427,0.9032258064516128,0.0967741935483871,0.1457331180572509
ni_tfnbs,"e=0.8,h=2.0,n=30,start_thres=1.25",hub,0.25,50,23,40,1730,28,2,12,1728,0.7,0.0011560693641618,0.9333333333333332,0.0666666666666666,0.1457331180572509
ni_tfnbs,"e=0.8,h=3.0,n=30,start_thres=1.25",hub,0.25,50,23,40,1730,27,0,13,1730,0.675,0.0,1.0,0.0,0.1457331180572509
ni_tfnbs,"e=0.8,h=4.0,n=30,start_thres=1.25",hub,0.25,50,23,40,1730,24,0,16,1730,0.6,0.0,1.0,0.0,0.1457331180572509
ni_tfnbs,"e=0.8,h=5.0,n=30,start_thres=1.25",hub,0.25,50,23,40,1730,24,0,16,1730,0.6,0.0,1.0,0.0,0.1457331180572509
ni_tfnbs,"e=0.8,h=6.0,n=30,start_thres=1.25",hub,0.25,50,23,40,1730,21,0,19,1730,0.525,0.0,1.0,0.0,0.1457331180572509
ni_tfnbs,"e=0.8,h=7.0,n=30,start_thres=1.25",hub,0.25,50,23,40,1730,20,0,20,1730,0.5,0.0,1.0,0.0,0.1457331180572509
ni_tfnbs,"e=0.8,h=8.0,n=30,start_thres=1.25",hub,0.25,50,23,40,1730,20,0,20,1730,0.5,0.0,1.0,0.0,0.1457331180572509
ni_tfnbs,"e=0.8,h=9.0,n=30,start_thres=1.25",hub,0.25,50,23,40,1730,20,0,20,1730,0.5,0.0,1.0,0.0,0.1457331180572509
ni_tfnbs,"e=0.8,h=10.0,n=30,start_thres=1.25",hub,0.25,50,23,40,1730,20,0,20,1730,0.5,0.0,1.0,0.0,0.1457331180572509
ni_tfnbs,"e=0.9,h=0.5,n=30,start_thres=1.25",hub,0.25,50,23,40,1730,30,6,10,1724,0.75,0.0034682080924855,0.8333333333333334,0.1666666666666666,0.1457331180572509
ni_tfnbs,"e=0.9,h=1.0,n=30,start_thres=1.25",hub,0.25,50,23,40,1730,30,6,10,1724,0.75,0.0034682080924855,0.8333333333333334,0.1666666666666666,0.1457331180572509
ni_tfnbs,"e=0.9,h=2.0,n=30,start_thres=1.25",hub,0.25,50,23,40,1730,28,3,12,1727,0.7,0.0017341040462427,0.9032258064516128,0.0967741935483871,0.1457331180572509
ni_tfnbs,"e=0.9,h=3.0,n=30,start_thres=1.25",hub,0.25,50,23,40,1730,28,2,12,1728,0.7,0.0011560693641618,0.9333333333333332,0.0666666666666666,0.1457331180572509
ni_tfnbs,"e=0.9,h=4.0,n=30,start_thres=1.25",hub,0.25,50,23,40,1730,27,0,13,1730,0.675,0.0,1.0,0.0,0.1457331180572509
ni_tfnbs,"e=0.9,h=5.0,n=30,start_thres=1.25",hub,0.25,50,23,40,1730,24,0,16,1730,0.6,0.0,1.0,0.0,0.1457331180572509
ni_tfnbs,"e=0.9,h=6.0,n=30,start_thres=1.25",hub,0.25,50,23,40,1730,24,0,16,1730,0.6,0.0,1.0,0.0,0.1457331180572509
ni_tfnbs,"e=0.9,h=7.0,n=30,start_thres=1.25",hub,0.25,50,23,40,1730,21,0,19,1730,0.525,0.0,1.0,0.0,0.1457331180572509
ni_tfnbs,"e=0.9,h=8.0,n=30,start_thres=1.25",hub,0.25,50,23,40,1730,20,0,20,1730,0.5,0.0,1.0,0.0,0.1457331180572509
ni_tfnbs,"e=0.9,h=9.0,n=30,start_thres=1.25",hub,0.25,50,23,40,1730,20,0,20,1730,0.5,0.0,1.0,0.0,0.1457331180572509
ni_tfnbs,"e=0.9,h=10.0,n=30,start_thres=1.25",hub,0.25,50,23,40,1730,20,0,20,1730,0.5,0.0,1.0,0.0,0.1457331180572509
ni_tfnbs,"e=1.0,h=0.5,n=30,start_thres=1.25",hub,0.25,50,23,40,1730,33,7,7,1723,0.825,0.0040462427745664,0.825,0.175,0.1457331180572509
ni_tfnbs,"e=1.0,h=1.0,n=30,start_thres=1.25",hub,0.25,50,23,40,1730,33,6,7,1724,0.825,0.0034682080924855,0.8461538461538461,0.1538461538461538,0.1457331180572509
ni_tfnbs,"e=1.0,h=2.0,n=30,start_thres=1.25",hub,0.25,50,23,40,1730,30,6,10,1724,0.75,0.0034682080924855,0.8333333333333334,0.1666666666666666,0.1457331180572509
ni_tfnbs,"e=1.0,h=3.0,n=30,start_thres=1.25",hub,0.25,50,23,40,1730,28,3,12,1727,0.7,0.0017341040462427,0.9032258064516128,0.0967741935483871,0.1457331180572509
ni_tfnbs,"e=1.0,h=4.0,n=30,start_thres=1.25",hub,0.25,50,23,40,1730,27,1,13,1729,0.675,0.0005780346820809,0.9642857142857144,0.0357142857142857,0.1457331180572509
ni_tfnbs,"e=1.0,h=5.0,n=30,start_thres=1.25",hub,0.25,50,23,40,1730,27,0,13,1730,0.675,0.0,1.0,0.0,0.1457331180572509
ni_tfnbs,"e=1.0,h=6.0,n=30,start_thres=1.25",hub,0.25,50,23,40,1730,24,0,16,1730,0.6,0.0,1.0,0.0,0.1457331180572509
ni_tfnbs,"e=1.0,h=7.0,n=30,start_thres=1.25",hub,0.25,50,23,40,1730,24,0,16,1730,0.6,0.0,1.0,0.0,0.1457331180572509
ni_tfnbs,"e=1.0,h=8.0,n=30,start_thres=1.25",hub,0.25,50,23,40,1730,21,0,19,1730,0.525,0.0,1.0,0.0,0.1457331180572509
ni_tfnbs,"e=1.0,h=9.0,n=30,start_thres=1.25",hub,0.25,50,23,40,1730,20,0,20,1730,0.5,0.0,1.0,0.0,0.1457331180572509
ni_tfnbs,"e=1.0,h=10.0,n=30,start_thres=1.25",hub,0.25,50,23,40,1730,20,0,20,1730,0.5,0.0,1.0,0.0,0.1457331180572509
ni_tfnbs,"e=1.1,h=0.5,n=30,start_thres=1.25",hub,0.25,50,23,40,1730,33,7,7,1723,0.825,0.0040462427745664,0.825,0.175,0.1457331180572509
ni_tfnbs,"e=1.1,h=1.0,n=30,start_thres=1.25",hub,0.25,50,23,40,1730,33,7,7,1723,0.825,0.0040462427745664,0.825,0.175,0.1457331180572509
ni_tfnbs,"e=1.1,h=2.0,n=30,start_thres=1.25",hub,0.25,50,23,40,1730,33,6,7,1724,0.825,0.0034682080924855,0.8461538461538461,0.1538461538461538,0.1457331180572509
ni_tfnbs,"e=1.1,h=3.0,n=30,start_thres=1.25",hub,0.25,50,23,40,1730,30,3,10,1727,0.75,0.0017341040462427,0.9090909090909092,0.0909090909090909,0.1457331180572509
ni_tfnbs,"e=1.1,h=4.0,n=30,start_thres=1.25",hub,0.25,50,23,40,1730,28,2,12,1728,0.7,0.0011560693641618,0.9333333333333332,0.0666666666666666,0.1457331180572509
ni_tfnbs,"e=1.1,h=5.0,n=30,start_thres=1.25",hub,0.25,50,23,40,1730,27,1,13,1729,0.675,0.0005780346820809,0.9642857142857144,0.0357142857142857,0.1457331180572509
ni_tfnbs,"e=1.1,h=6.0,n=30,start_thres=1.25",hub,0.25,50,23,40,1730,27,0,13,1730,0.675,0.0,1.0,0.0,0.1457331180572509
ni_tfnbs,"e=1.1,h=7.0,n=30,start_thres=1.25",hub,0.25,50,23,40,1730,24,0,16,1730,0.6,0.0,1.0,0.0,0.1457331180572509
ni_tfnbs,"e=1.1,h=8.0,n=30,start_thres=1.25",hub,0.25,50,23,40,1730,24,0,16,1730,0.6,0.0,1.0,0.0,0.1457331180572509
ni_tfnbs,"e=1.1,h=9.0,n=30,start_thres=1.25",hub,0.25,50,23,40,1730,21,0,19,1730,0.525,0.0,1.0,0.0,0.1457331180572509
ni_tfnbs,"e=1.1,h=10.0,n=30,start_thres=1.25",hub,0.25,50,23,40,1730,21,0,19,1730,0.525,0.0,1.0,0.0,0.1457331180572509
ni_tfnbs,"e=1.2,h=0.5,n=30,start_thres=1.25",hub,0.25,50,23,40,1730,33,9,7,1721,0.825,0.0052023121387283,0.7857142857142857,0.2142857142857142,0.1457331180572509
ni_tfnbs,"e=1.2,h=1.0,n=30,start_thres=1.25",hub,0.25,50,23,40,1730,33,7,7,1723,0.825,0.0040462427745664,0.825,0.175,0.1457331180572509
ni_tfnbs,"e=1.2,h=2.0,n=30,start_thres=1.25",hub,0.25,50,23,40,1730,33,7,7,1723,0.825,0.0040462427745664,0.825,0.175,0.1457331180572509
ni_tfnbs,"e=1.2,h=3.0,n=30,start_thres=1.25",hub,0.25,50,23,40,1730,30,6,10,1724,0.75,0.0034682080924855,0.8333333333333334,0.1666666666666666,0.1457331180572509
ni_tfnbs,"e=1.2,h=4.0,n=30,start_thres=1.25",hub,0.25,50,23,40,1730,30,3,10,1727,0.75,0.0017341040462427,0.9090909090909092,0.0909090909090909,0.1457331180572509
ni_tfnbs,"e=1.2,h=5.0,n=30,start_thres=1.25",hub,0.25,50,23,40,1730,28,2,12,1728,0.7,0.0011560693641618,0.9333333333333332,0.0666666666666666,0.1457331180572509
ni_tfnbs,"e=1.2,h=6.0,n=30,start_thres=1.25",hub,0.25,50,23,40,1730,27,0,13,1730,0.675,0.0,1.0,0.0,0.1457331180572509
ni_tfnbs,"e=1.2,h=7.0,n=30,start_thres=1.25",hub,0.25,50,23,40,1730,27,0,13,1730,0.675,0.0,1.0,0.0,0.1457331180572509
ni_tfnbs,"e=1.2,h=8.0,n=30,start_thres=1.25",hub,0.25,50,23,40,1730,24,0,16,1730,0.6,0.0,1.0,0.0,0.1457331180572509
ni_tfnbs,"e=1.2,h=9.0,n=30,start_thres=1.25",hub,0.25,50,23,40,1730,24,0,16,1730,0.6,0.0,1.0,0.0,0.1457331180572509
ni_tfnbs,"e=1.2,h=10.0,n=30,start_thres=1.25",hub,0.25,50,23,40,1730,21,0,19,1730,0.525,0.0,1.0,0.0,0.1457331180572509
ni_tfnbs,"e=1.3,h=0.5,n=30,start_thres=1.25",hub,0.25,50,23,40,1730,33,9,7,1721,0.825,0.0052023121387283,0.7857142857142857,0.2142857142857142,0.1457331180572509
ni_tfnbs,"e=1.3,h=1.0,n=30,start_thres=1.25",hub,0.25,50,23,40,1730,33,9,7,1721,0.825,0.0052023121387283,0.7857142857142857,0.2142857142857142,0.1457331180572509
ni_tfnbs,"e=1.3,h=2.0,n=30,start_thres=1.25",hub,0.25,50,23,40,1730,33,7,7,1723,0.825,0.0040462427745664,0.825,0.175,0.1457331180572509
ni_tfnbs,"e=1.3,h=3.0,n=30,start_thres=1.25",hub,0.25,50,23,40,1730,33,7,7,1723,0.825,0.0040462427745664,0.825,0.175,0.1457331180572509
ni_tfnbs,"e=1.3,h=4.0,n=30,start_thres=1.25",hub,0.25,50,23,40,1730,30,6,10,1724,0.75,0.0034682080924855,0.8333333333333334,0.1666666666666666,0.1457331180572509
ni_tfnbs,"e=1.3,h=5.0,n=30,start_thres=1.25",hub,0.25,50,23,40,1730,30,3,10,1727,0.75,0.0017341040462427,0.9090909090909092,0.0909090909090909,0.1457331180572509
ni_tfnbs,"e=1.3,h=6.0,n=30,start_thres=1.25",hub,0.25,50,23,40,1730,28,2,12,1728,0.7,0.0011560693641618,0.9333333333333332,0.0666666666666666,0.1457331180572509
ni_tfnbs,"e=1.3,h=7.0,n=30,start_thres=1.25",hub,0.25,50,23,40,1730,27,0,13,1730,0.675,0.0,1.0,0.0,0.1457331180572509
ni_tfnbs,"e=1.3,h=8.0,n=30,start_thres=1.25",hub,0.25,50,23,40,1730,27,0,13,1730,0.675,0.0,1.0,0.0,0.1457331180572509
ni_tfnbs,"e=1.3,h=9.0,n=30,start_thres=1.25",hub,0.25,50,23,40,1730,24,0,16,1730,0.6,0.0,1.0,0.0,0.1457331180572509
ni_tfnbs,"e=1.3,h=10.0,n=30,start_thres=1.25",hub,0.25,50,23,40,1730,24,0,16,1730,0.6,0.0,1.0,0.0,0.1457331180572509
ni_tfnbs,"e=1.4,h=0.5,n=30,start_thres=1.25",hub,0.25,50,23,40,1730,33,9,7,1721,0.825,0.0052023121387283,0.7857142857142857,0.2142857142857142,0.1457331180572509
ni_tfnbs,"e=1.4,h=1.0,n=30,start_thres=1.25",hub,0.25,50,23,40,1730,33,9,7,1721,0.825,0.0052023121387283,0.7857142857142857,0.2142857142857142,0.1457331180572509
ni_tfnbs,"e=1.4,h=2.0,n=30,start_thres=1.25",hub,0.25,50,23,40,1730,33,9,7,1721,0.825,0.0052023121387283,0.7857142857142857,0.2142857142857142,0.1457331180572509
ni_tfnbs,"e=1.4,h=3.0,n=30,start_thres=1.25",hub,0.25,50,23,40,1730,33,7,7,1723,0.825,0.0040462427745664,0.825,0.175,0.1457331180572509
ni_tfnbs,"e=1.4,h=4.0,n=30,start_thres=1.25",hub,0.25,50,23,40,1730,33,6,7,1724,0.825,0.0034682080924855,0.8461538461538461,0.1538461538461538,0.1457331180572509
ni_tfnbs,"e=1.4,h=5.0,n=30,start_thres=1.25",hub,0.25,50,23,40,1730,30,3,10,1727,0.75,0.0017341040462427,0.9090909090909092,0.0909090909090909,0.1457331180572509
ni_tfnbs,"e=1.4,h=6.0,n=30,start_thres=1.25",hub,0.25,50,23,40,1730,30,2,10,1728,0.75,0.0011560693641618,0.9375,0.0625,0.1457331180572509
ni_tfnbs,"e=1.4,h=7.0,n=30,start_thres=1.25",hub,0.25,50,23,40,1730,27,1,13,1729,0.675,0.0005780346820809,0.9642857142857144,0.0357142857142857,0.1457331180572509
ni_tfnbs,"e=1.4,h=8.0,n=30,start_thres=1.25",hub,0.25,50,23,40,1730,27,0,13,1730,0.675,0.0,1.0,0.0,0.1457331180572509
ni_tfnbs,"e=1.4,h=9.0,n=30,start_thres=1.25",hub,0.25,50,23,40,1730,25,0,15,1730,0.625,0.0,1.0,0.0,0.1457331180572509
ni_tfnbs,"e=1.4,h=10.0,n=30,start_thres=1.25",hub,0.25,50,23,40,1730,24,0,16,1730,0.6,0.0,1.0,0.0,0.1457331180572509
ni_tfnbs,"e=1.5,h=0.5,n=30,start_thres=1.25",hub,0.25,50,23,40,1730,33,14,7,1716,0.825,0.0080924855491329,0.7021276595744681,0.2978723404255319,0.1457331180572509
ni_tfnbs,"e=1.5,h=1.0,n=30,start_thres=1.25",hub,0.25,50,23,40,1730,33,9,7,1721,0.825,0.0052023121387283,0.7857142857142857,0.2142857142857142,0.1457331180572509
ni_tfnbs,"e=1.5,h=2.0,n=30,start_thres=1.25",hub,0.25,50,23,40,1730,33,9,7,1721,0.825,0.0052023121387283,0.7857142857142857,0.2142857142857142,0.1457331180572509
ni_tfnbs,"e=1.5,h=3.0,n=30,start_thres=1.25",hub,0.25,50,23,40,1730,33,9,7,1721,0.825,0.0052023121387283,0.7857142857142857,0.2142857142857142,0.1457331180572509
ni_tfnbs,"e=1.5,h=4.0,n=30,start_thres=1.25",hub,0.25,50,23,40,1730,33,7,7,1723,0.825,0.0040462427745664,0.825,0.175,0.1457331180572509
ni_tfnbs,"e=1.5,h=5.0,n=30,start_thres=1.25",hub,0.25,50,23,40,1730,33,6,7,1724,0.825,0.0034682080924855,0.8461538461538461,0.1538461538461538,0.1457331180572509
ni_tfnbs,"e=1.5,h=6.0,n=30,start_thres=1.25",hub,0.25,50,23,40,1730,30,3,10,1727,0.75,0.0017341040462427,0.9090909090909092,0.0909090909090909,0.1457331180572509
ni_tfnbs,"e=1.5,h=7.0,n=30,start_thres=1.25",hub,0.25,50,23,40,1730,28,2,12,1728,0.7,0.0011560693641618,0.9333333333333332,0.0666666666666666,0.1457331180572509
ni_tfnbs,"e=1.5,h=8.0,n=30,start_thres=1.25",hub,0.25,50,23,40,1730,27,1,13,1729,0.675,0.0005780346820809,0.9642857142857144,0.0357142857142857,0.1457331180572509
ni_tfnbs,"e=1.5,h=9.0,n=30,start_thres=1.25",hub,0.25,50,23,40,1730,27,0,13,1730,0.675,0.0,1.0,0.0,0.1457331180572509
ni_tfnbs,"e=1.5,h=10.0,n=30,start_thres=1.25",hub,0.25,50,23,40,1730,24,0,16,1730,0.6,0.0,1.0,0.0,0.1457331180572509
ni_tfnbs,"e=0.05,h=0.5,n=30,start_thres=1.25",hub,0.25,50,24,40,1730,12,0,28,1730,0.3,0.0,1.0,0.0,0.1445067850026217
ni_tfnbs,"e=0.05,h=1.0,n=30,start_thres=1.25",hub,0.25,50,24,40,1730,12,0,28,1730,0.3,0.0,1.0,0.0,0.1445067850026217
ni_tfnbs,"e=0.05,h=2.0,n=30,start_thres=1.25",hub,0.25,50,24,40,1730,12,0,28,1730,0.3,0.0,1.0,0.0,0.1445067850026217
ni_tfnbs,"e=0.05,h=3.0,n=30,start_thres=1.25",hub,0.25,50,24,40,1730,12,0,28,1730,0.3,0.0,1.0,0.0,0.1445067850026217
ni_tfnbs,"e=0.05,h=4.0,n=30,start_thres=1.25",hub,0.25,50,24,40,1730,12,0,28,1730,0.3,0.0,1.0,0.0,0.1445067850026217
ni_tfnbs,"e=0.05,h=5.0,n=30,start_thres=1.25",hub,0.25,50,24,40,1730,12,0,28,1730,0.3,0.0,1.0,0.0,0.1445067850026217
ni_tfnbs,"e=0.05,h=6.0,n=30,start_thres=1.25",hub,0.25,50,24,40,1730,12,0,28,1730,0.3,0.0,1.0,0.0,0.1445067850026217
ni_tfnbs,"e=0.05,h=7.0,n=30,start_thres=1.25",hub,0.25,50,24,40,1730,12,0,28,1730,0.3,0.0,1.0,0.0,0.1445067850026217
ni_tfnbs,"e=0.05,h=8.0,n=30,start_thres=1.25",hub,0.25,50,24,40,1730,12,0,28,1730,0.3,0.0,1.0,0.0,0.1445067850026217
ni_tfnbs,"e=0.05,h=9.0,n=30,start_thres=1.25",hub,0.25,50,24,40,1730,12,0,28,1730,0.3,0.0,1.0,0.0,0.1445067850026217
ni_tfnbs,"e=0.05,h=10.0,n=30,start_thres=1.25",hub,0.25,50,24,40,1730,12,0,28,1730,0.3,0.0,1.0,0.0,0.1445067850026217
ni_tfnbs,"e=0.1,h=0.5,n=30,start_thres=1.25",hub,0.25,50,24,40,1730,13,0,27,1730,0.325,0.0,1.0,0.0,0.1445067850026217
ni_tfnbs,"e=0.1,h=1.0,n=30,start_thres=1.25",hub,0.25,50,24,40,1730,13,0,27,1730,0.325,0.0,1.0,0.0,0.1445067850026217
ni_tfnbs,"e=0.1,h=2.0,n=30,start_thres=1.25",hub,0.25,50,24,40,1730,13,0,27,1730,0.325,0.0,1.0,0.0,0.1445067850026217
ni_tfnbs,"e=0.1,h=3.0,n=30,start_thres=1.25",hub,0.25,50,24,40,1730,13,0,27,1730,0.325,0.0,1.0,0.0,0.1445067850026217
ni_tfnbs,"e=0.1,h=4.0,n=30,start_thres=1.25",hub,0.25,50,24,40,1730,13,0,27,1730,0.325,0.0,1.0,0.0,0.1445067850026217
ni_tfnbs,"e=0.1,h=5.0,n=30,start_thres=1.25",hub,0.25,50,24,40,1730,12,0,28,1730,0.3,0.0,1.0,0.0,0.1445067850026217
ni_tfnbs,"e=0.1,h=6.0,n=30,start_thres=1.25",hub,0.25,50,24,40,1730,12,0,28,1730,0.3,0.0,1.0,0.0,0.1445067850026217
ni_tfnbs,"e=0.1,h=7.0,n=30,start_thres=1.25",hub,0.25,50,24,40,1730,12,0,28,1730,0.3,0.0,1.0,0.0,0.1445067850026217
ni_tfnbs,"e=0.1,h=8.0,n=30,start_thres=1.25",hub,0.25,50,24,40,1730,12,0,28,1730,0.3,0.0,1.0,0.0,0.1445067850026217
ni_tfnbs,"e=0.1,h=9.0,n=30,start_thres=1.25",hub,0.25,50,24,40,1730,12,0,28,1730,0.3,0.0,1.0,0.0,0.1445067850026217
ni_tfnbs,"e=0.1,h=10.0,n=30,start_thres=1.25",hub,0.25,50,24,40,1730,12,0,28,1730,0.3,0.0,1.0,0.0,0.1445067850026217
ni_tfnbs,"e=0.2,h=0.5,n=30,start_thres=1.25",hub,0.25,50,24,40,1730,17,0,23,1730,0.425,0.0,1.0,0.0,0.1445067850026217
ni_tfnbs,"e=0.2,h=1.0,n=30,start_thres=1.25",hub,0.25,50,24,40,1730,16,0,24,1730,0.4,0.0,1.0,0.0,0.1445067850026217
ni_tfnbs,"e=0.2,h=2.0,n=30,start_thres=1.25",hub,0.25,50,24,40,1730,15,0,25,1730,0.375,0.0,1.0,0.0,0.1445067850026217
ni_tfnbs,"e=0.2,h=3.0,n=30,start_thres=1.25",hub,0.25,50,24,40,1730,15,0,25,1730,0.375,0.0,1.0,0.0,0.1445067850026217
ni_tfnbs,"e=0.2,h=4.0,n=30,start_thres=1.25",hub,0.25,50,24,40,1730,14,0,26,1730,0.35,0.0,1.0,0.0,0.1445067850026217
ni_tfnbs,"e=0.2,h=5.0,n=30,start_thres=1.25",hub,0.25,50,24,40,1730,13,0,27,1730,0.325,0.0,1.0,0.0,0.1445067850026217
ni_tfnbs,"e=0.2,h=6.0,n=30,start_thres=1.25",hub,0.25,50,24,40,1730,13,0,27,1730,0.325,0.0,1.0,0.0,0.1445067850026217
ni_tfnbs,"e=0.2,h=7.0,n=30,start_thres=1.25",hub,0.25,50,24,40,1730,13,0,27,1730,0.325,0.0,1.0,0.0,0.1445067850026217
ni_tfnbs,"e=0.2,h=8.0,n=30,start_thres=1.25",hub,0.25,50,24,40,1730,13,0,27,1730,0.325,0.0,1.0,0.0,0.1445067850026217
ni_tfnbs,"e=0.2,h=9.0,n=30,start_thres=1.25",hub,0.25,50,24,40,1730,13,0,27,1730,0.325,0.0,1.0,0.0,0.1445067850026217
ni_tfnbs,"e=0.2,h=10.0,n=30,start_thres=1.25",hub,0.25,50,24,40,1730,13,0,27,1730,0.325,0.0,1.0,0.0,0.1445067850026217
ni_tfnbs,"e=0.3,h=0.5,n=30,start_thres=1.25",hub,0.25,50,24,40,1730,22,0,18,1730,0.55,0.0,1.0,0.0,0.1445067850026217
ni_tfnbs,"e=0.3,h=1.0,n=30,start_thres=1.25",hub,0.25,50,24,40,1730,21,0,19,1730,0.525,0.0,1.0,0.0,0.1445067850026217
ni_tfnbs,"e=0.3,h=2.0,n=30,start_thres=1.25",hub,0.25,50,24,40,1730,20,0,20,1730,0.5,0.0,1.0,0.0,0.1445067850026217
ni_tfnbs,"e=0.3,h=3.0,n=30,start_thres=1.25",hub,0.25,50,24,40,1730,17,0,23,1730,0.425,0.0,1.0,0.0,0.1445067850026217
ni_tfnbs,"e=0.3,h=4.0,n=30,start_thres=1.25",hub,0.25,50,24,40,1730,16,0,24,1730,0.4,0.0,1.0,0.0,0.1445067850026217
ni_tfnbs,"e=0.3,h=5.0,n=30,start_thres=1.25",hub,0.25,50,24,40,1730,15,0,25,1730,0.375,0.0,1.0,0.0,0.1445067850026217
ni_tfnbs,"e=0.3,h=6.0,n=30,start_thres=1.25",hub,0.25,50,24,40,1730,15,0,25,1730,0.375,0.0,1.0,0.0,0.1445067850026217
ni_tfnbs,"e=0.3,h=7.0,n=30,start_thres=1.25",hub,0.25,50,24,40,1730,14,0,26,1730,0.35,0.0,1.0,0.0,0.1445067850026217
ni_tfnbs,"e=0.3,h=8.0,n=30,start_thres=1.25",hub,0.25,50,24,40,1730,13,0,27,1730,0.325,0.0,1.0,0.0,0.1445067850026217
ni_tfnbs,"e=0.3,h=9.0,n=30,start_thres=1.25",hub,0.25,50,24,40,1730,13,0,27,1730,0.325,0.0,1.0,0.0,0.1445067850026217
ni_tfnbs,"e=0.3,h=10.0,n=30,start_thres=1.25",hub,0.25,50,24,40,1730,13,0,27,1730,0.325,0.0,1.0,0.0,0.1445067850026217
ni_tfnbs,"e=0.4,h=0.5,n=30,start_thres=1.25",hub,0.25,50,24,40,1730,24,0,16,1730,0.6,0.0,1.0,0.0,0.1445067850026217
ni_tfnbs,"e=0.4,h=1.0,n=30,start_thres=1.25",hub,0.25,50,24,40,1730,23,0,17,1730,0.575,0.0,1.0,0.0,0.1445067850026217
ni_tfnbs,"e=0.4,h=2.0,n=30,start_thres=1.25",hub,0.25,50,24,40,1730,23,0,17,1730,0.575,0.0,1.0,0.0,0.1445067850026217
ni_tfnbs,"e=0.4,h=3.0,n=30,start_thres=1.25",hub,0.25,50,24,40,1730,21,0,19,1730,0.525,0.0,1.0,0.0,0.1445067850026217
ni_tfnbs,"e=0.4,h=4.0,n=30,start_thres=1.25",hub,0.25,50,24,40,1730,20,0,20,1730,0.5,0.0,1.0,0.0,0.1445067850026217
ni_tfnbs,"e=0.4,h=5.0,n=30,start_thres=1.25",hub,0.25,50,24,40,1730,17,0,23,1730,0.425,0.0,1.0,0.0,0.1445067850026217
ni_tfnbs,"e=0.4,h=6.0,n=30,start_thres=1.25",hub,0.25,50,24,40,1730,16,0,24,1730,0.4,0.0,1.0,0.0,0.1445067850026217
ni_tfnbs,"e=0.4,h=7.0,n=30,start_thres=1.25",hub,0.25,50,24,40,1730,15,0,25,1730,0.375,0.0,1.0,0.0,0.1445067850026217
ni_tfnbs,"e=0.4,h=8.0,n=30,start_thres=1.25",hub,0.25,50,24,40,1730,15,0,25,1730,0.375,0.0,1.0,0.0,0.1445067850026217
ni_tfnbs,"e=0.4,h=9.0,n=30,start_thres=1.25",hub,0.25,50,24,40,1730,15,0,25,1730,0.375,0.0,1.0,0.0,0.1445067850026217
ni_tfnbs,"e=0.4,h=10.0,n=30,start_thres=1.25",hub,0.25,50,24,40,1730,14,0,26,1730,0.35,0.0,1.0,0.0,0.1445067850026217
ni_tfnbs,"e=0.5,h=0.5,n=30,start_thres=1.25",hub,0.25,50,24,40,1730,27,0,13,1730,0.675,0.0,1.0,0.0,0.1445067850026217
ni_tfnbs,"e=0.5,h=1.0,n=30,start_thres=1.25",hub,0.25,50,24,40,1730,26,0,14,1730,0.65,0.0,1.0,0.0,0.1445067850026217
ni_tfnbs,"e=0.5,h=2.0,n=30,start_thres=1.25",hub,0.25,50,24,40,1730,24,0,16,1730,0.6,0.0,1.0,0.0,0.1445067850026217
ni_tfnbs,"e=0.5,h=3.0,n=30,start_thres=1.25",hub,0.25,50,24,40,1730,23,0,17,1730,0.575,0.0,1.0,0.0,0.1445067850026217
ni_tfnbs,"e=0.5,h=4.0,n=30,start_thres=1.25",hub,0.25,50,24,40,1730,22,0,18,1730,0.55,0.0,1.0,0.0,0.1445067850026217
ni_tfnbs,"e=0.5,h=5.0,n=30,start_thres=1.25",hub,0.25,50,24,40,1730,20,0,20,1730,0.5,0.0,1.0,0.0,0.1445067850026217
ni_tfnbs,"e=0.5,h=6.0,n=30,start_thres=1.25",hub,0.25,50,24,40,1730,20,0,20,1730,0.5,0.0,1.0,0.0,0.1445067850026217
ni_tfnbs,"e=0.5,h=7.0,n=30,start_thres=1.25",hub,0.25,50,24,40,1730,17,0,23,1730,0.425,0.0,1.0,0.0,0.1445067850026217
ni_tfnbs,"e=0.5,h=8.0,n=30,start_thres=1.25",hub,0.25,50,24,40,1730,16,0,24,1730,0.4,0.0,1.0,0.0,0.1445067850026217
ni_tfnbs,"e=0.5,h=9.0,n=30,start_thres=1.25",hub,0.25,50,24,40,1730,15,0,25,1730,0.375,0.0,1.0,0.0,0.1445067850026217
ni_tfnbs,"e=0.5,h=10.0,n=30,start_thres=1.25",hub,0.25,50,24,40,1730,15,0,25,1730,0.375,0.0,1.0,0.0,0.1445067850026217
ni_tfnbs,"e=0.6,h=0.5,n=30,start_thres=1.25",hub,0.25,50,24,40,1730,27,0,13,1730,0.675,0.0,1.0,0.0,0.1445067850026217
ni_tfnbs,"e=0.6,h=1.0,n=30,start_thres=1.25",hub,0.25,50,24,40,1730,27,0,13,1730,0.675,0.0,1.0,0.0,0.1445067850026217
ni_tfnbs,"e=0.6,h=2.0,n=30,start_thres=1.25",hub,0.25,50,24,40,1730,27,0,13,1730,0.675,0.0,1.0,0.0,0.1445067850026217
ni_tfnbs,"e=0.6,h=3.0,n=30,start_thres=1.25",hub,0.25,50,24,40,1730,25,0,15,1730,0.625,0.0,1.0,0.0,0.1445067850026217
ni_tfnbs,"e=0.6,h=4.0,n=30,start_thres=1.25",hub,0.25,50,24,40,1730,23,0,17,1730,0.575,0.0,1.0,0.0,0.1445067850026217
ni_tfnbs,"e=0.6,h=5.0,n=30,start_thres=1.25",hub,0.25,50,24,40,1730,23,0,17,1730,0.575,0.0,1.0,0.0,0.1445067850026217
ni_tfnbs,"e=0.6,h=6.0,n=30,start_thres=1.25",hub,0.25,50,24,40,1730,21,0,19,1730,0.525,0.0,1.0,0.0,0.1445067850026217
ni_tfnbs,"e=0.6,h=7.0,n=30,start_thres=1.25",hub,0.25,50,24,40,1730,20,0,20,1730,0.5,0.0,1.0,0.0,0.1445067850026217
ni_tfnbs,"e=0.6,h=8.0,n=30,start_thres=1.25",hub,0.25,50,24,40,1730,17,0,23,1730,0.425,0.0,1.0,0.0,0.1445067850026217
ni_tfnbs,"e=0.6,h=9.0,n=30,start_thres=1.25",hub,0.25,50,24,40,1730,17,0,23,1730,0.425,0.0,1.0,0.0,0.1445067850026217
ni_tfnbs,"e=0.6,h=10.0,n=30,start_thres=1.25",hub,0.25,50,24,40,1730,16,0,24,1730,0.4,0.0,1.0,0.0,0.1445067850026217
ni_tfnbs,"e=0.7,h=0.5,n=30,start_thres=1.25",hub,0.25,50,24,40,1730,30,0,10,1730,0.75,0.0,1.0,0.0,0.1445067850026217
ni_tfnbs,"e=0.7,h=1.0,n=30,start_thres=1.25",hub,0.25,50,24,40,1730,30,0,10,1730,0.75,0.0,1.0,0.0,0.1445067850026217
ni_tfnbs,"e=0.7,h=2.0,n=30,start_thres=1.25",hub,0.25,50,24,40,1730,28,0,12,1730,0.7,0.0,1.0,0.0,0.1445067850026217
ni_tfnbs,"e=0.7,h=3.0,n=30,start_thres=1.25",hub,0.25,50,24,40,1730,27,0,13,1730,0.675,0.0,1.0,0.0,0.1445067850026217
ni_tfnbs,"e=0.7,h=4.0,n=30,start_thres=1.25",hub,0.25,50,24,40,1730,25,0,15,1730,0.625,0.0,1.0,0.0,0.1445067850026217
ni_tfnbs,"e=0.7,h=5.0,n=30,start_thres=1.25",hub,0.25,50,24,40,1730,24,0,16,1730,0.6,0.0,1.0,0.0,0.1445067850026217
ni_tfnbs,"e=0.7,h=6.0,n=30,start_thres=1.25",hub,0.25,50,24,40,1730,23,0,17,1730,0.575,0.0,1.0,0.0,0.1445067850026217
ni_tfnbs,"e=0.7,h=7.0,n=30,start_thres=1.25",hub,0.25,50,24,40,1730,22,0,18,1730,0.55,0.0,1.0,0.0,0.1445067850026217
ni_tfnbs,"e=0.7,h=8.0,n=30,start_thres=1.25",hub,0.25,50,24,40,1730,21,0,19,1730,0.525,0.0,1.0,0.0,0.1445067850026217
ni_tfnbs,"e=0.7,h=9.0,n=30,start_thres=1.25",hub,0.25,50,24,40,1730,20,0,20,1730,0.5,0.0,1.0,0.0,0.1445067850026217
ni_tfnbs,"e=0.7,h=10.0,n=30,start_thres=1.25",hub,0.25,50,24,40,1730,17,0,23,1730,0.425,0.0,1.0,0.0,0.1445067850026217
ni_tfnbs,"e=0.8,h=0.5,n=30,start_thres=1.25",hub,0.25,50,24,40,1730,30,0,10,1730,0.75,0.0,1.0,0.0,0.1445067850026217
ni_tfnbs,"e=0.8,h=1.0,n=30,start_thres=1.25",hub,0.25,50,24,40,1730,30,0,10,1730,0.75,0.0,1.0,0.0,0.1445067850026217
ni_tfnbs,"e=0.8,h=2.0,n=30,start_thres=1.25",hub,0.25,50,24,40,1730,30,0,10,1730,0.75,0.0,1.0,0.0,0.1445067850026217
ni_tfnbs,"e=0.8,h=3.0,n=30,start_thres=1.25",hub,0.25,50,24,40,1730,28,0,12,1730,0.7,0.0,1.0,0.0,0.1445067850026217
ni_tfnbs,"e=0.8,h=4.0,n=30,start_thres=1.25",hub,0.25,50,24,40,1730,27,0,13,1730,0.675,0.0,1.0,0.0,0.1445067850026217
ni_tfnbs,"e=0.8,h=5.0,n=30,start_thres=1.25",hub,0.25,50,24,40,1730,26,0,14,1730,0.65,0.0,1.0,0.0,0.1445067850026217
ni_tfnbs,"e=0.8,h=6.0,n=30,start_thres=1.25",hub,0.25,50,24,40,1730,24,0,16,1730,0.6,0.0,1.0,0.0,0.1445067850026217
ni_tfnbs,"e=0.8,h=7.0,n=30,start_thres=1.25",hub,0.25,50,24,40,1730,23,0,17,1730,0.575,0.0,1.0,0.0,0.1445067850026217
ni_tfnbs,"e=0.8,h=8.0,n=30,start_thres=1.25",hub,0.25,50,24,40,1730,23,0,17,1730,0.575,0.0,1.0,0.0,0.1445067850026217
ni_tfnbs,"e=0.8,h=9.0,n=30,start_thres=1.25",hub,0.25,50,24,40,1730,21,0,19,1730,0.525,0.0,1.0,0.0,0.1445067850026217
ni_tfnbs,"e=0.8,h=10.0,n=30,start_thres=1.25",hub,0.25,50,24,40,1730,20,0,20,1730,0.5,0.0,1.0,0.0,0.1445067850026217
ni_tfnbs,"e=0.9,h=0.5,n=30,start_thres=1.25",hub,0.25,50,24,40,1730,30,0,10,1730,0.75,0.0,1.0,0.0,0.1445067850026217
ni_tfnbs,"e=0.9,h=1.0,n=30,start_thres=1.25",hub,0.25,50,24,40,1730,30,0,10,1730,0.75,0.0,1.0,0.0,0.1445067850026217
ni_tfnbs,"e=0.9,h=2.0,n=30,start_thres=1.25",hub,0.25,50,24,40,1730,30,0,10,1730,0.75,0.0,1.0,0.0,0.1445067850026217
ni_tfnbs,"e=0.9,h=3.0,n=30,start_thres=1.25",hub,0.25,50,24,40,1730,30,0,10,1730,0.75,0.0,1.0,0.0,0.1445067850026217
ni_tfnbs,"e=0.9,h=4.0,n=30,start_thres=1.25",hub,0.25,50,24,40,1730,28,0,12,1730,0.7,0.0,1.0,0.0,0.1445067850026217
ni_tfnbs,"e=0.9,h=5.0,n=30,start_thres=1.25",hub,0.25,50,24,40,1730,27,0,13,1730,0.675,0.0,1.0,0.0,0.1445067850026217
ni_tfnbs,"e=0.9,h=6.0,n=30,start_thres=1.25",hub,0.25,50,24,40,1730,26,0,14,1730,0.65,0.0,1.0,0.0,0.1445067850026217
ni_tfnbs,"e=0.9,h=7.0,n=30,start_thres=1.25",hub,0.25,50,24,40,1730,24,0,16,1730,0.6,0.0,1.0,0.0,0.1445067850026217
ni_tfnbs,"e=0.9,h=8.0,n=30,start_thres=1.25",hub,0.25,50,24,40,1730,23,0,17,1730,0.575,0.0,1.0,0.0,0.1445067850026217
ni_tfnbs,"e=0.9,h=9.0,n=30,start_thres=1.25",hub,0.25,50,24,40,1730,23,0,17,1730,0.575,0.0,1.0,0.0,0.1445067850026217
ni_tfnbs,"e=0.9,h=10.0,n=30,start_thres=1.25",hub,0.25,50,24,40,1730,21,0,19,1730,0.525,0.0,1.0,0.0,0.1445067850026217
ni_tfnbs,"e=1.0,h=0.5,n=30,start_thres=1.25",hub,0.25,50,24,40,1730,30,0,10,1730,0.75,0.0,1.0,0.0,0.1445067850026217
ni_tfnbs,"e=1.0,h=1.0,n=30,start_thres=1.25",hub,0.25,50,24,40,1730,30,0,10,1730,0.75,0.0,1.0,0.0,0.1445067850026217
ni_tfnbs,"e=1.0,h=2.0,n=30,start_thres=1.25",hub,0.25,50,24,40,1730,31,0,9,1730,0.775,0.0,1.0,0.0,0.1445067850026217
ni_tfnbs,"e=1.0,h=3.0,n=30,start_thres=1.25",hub,0.25,50,24,40,1730,31,0,9,1730,0.775,0.0,1.0,0.0,0.1445067850026217
ni_tfnbs,"e=1.0,h=4.0,n=30,start_thres=1.25",hub,0.25,50,24,40,1730,30,0,10,1730,0.75,0.0,1.0,0.0,0.1445067850026217
ni_tfnbs,"e=1.0,h=5.0,n=30,start_thres=1.25",hub,0.25,50,24,40,1730,28,0,12,1730,0.7,0.0,1.0,0.0,0.1445067850026217
ni_tfnbs,"e=1.0,h=6.0,n=30,start_thres=1.25",hub,0.25,50,24,40,1730,27,0,13,1730,0.675,0.0,1.0,0.0,0.1445067850026217
ni_tfnbs,"e=1.0,h=7.0,n=30,start_thres=1.25",hub,0.25,50,24,40,1730,27,0,13,1730,0.675,0.0,1.0,0.0,0.1445067850026217
ni_tfnbs,"e=1.0,h=8.0,n=30,start_thres=1.25",hub,0.25,50,24,40,1730,24,0,16,1730,0.6,0.0,1.0,0.0,0.1445067850026217
ni_tfnbs,"e=1.0,h=9.0,n=30,start_thres=1.25",hub,0.25,50,24,40,1730,23,0,17,1730,0.575,0.0,1.0,0.0,0.1445067850026217
ni_tfnbs,"e=1.0,h=10.0,n=30,start_thres=1.25",hub,0.25,50,24,40,1730,23,0,17,1730,0.575,0.0,1.0,0.0,0.1445067850026217
ni_tfnbs,"e=1.1,h=0.5,n=30,start_thres=1.25",hub,0.25,50,24,40,1730,30,0,10,1730,0.75,0.0,1.0,0.0,0.1445067850026217
ni_tfnbs,"e=1.1,h=1.0,n=30,start_thres=1.25",hub,0.25,50,24,40,1730,31,0,9,1730,0.775,0.0,1.0,0.0,0.1445067850026217
ni_tfnbs,"e=1.1,h=2.0,n=30,start_thres=1.25",hub,0.25,50,24,40,1730,31,0,9,1730,0.775,0.0,1.0,0.0,0.1445067850026217
ni_tfnbs,"e=1.1,h=3.0,n=30,start_thres=1.25",hub,0.25,50,24,40,1730,31,0,9,1730,0.775,0.0,1.0,0.0,0.1445067850026217
ni_tfnbs,"e=1.1,h=4.0,n=30,start_thres=1.25",hub,0.25,50,24,40,1730,30,0,10,1730,0.75,0.0,1.0,0.0,0.1445067850026217
ni_tfnbs,"e=1.1,h=5.0,n=30,start_thres=1.25",hub,0.25,50,24,40,1730,30,0,10,1730,0.75,0.0,1.0,0.0,0.1445067850026217
ni_tfnbs,"e=1.1,h=6.0,n=30,start_thres=1.25",hub,0.25,50,24,40,1730,28,0,12,1730,0.7,0.0,1.0,0.0,0.1445067850026217
ni_tfnbs,"e=1.1,h=7.0,n=30,start_thres=1.25",hub,0.25,50,24,40,1730,27,0,13,1730,0.675,0.0,1.0,0.0,0.1445067850026217
ni_tfnbs,"e=1.1,h=8.0,n=30,start_thres=1.25",hub,0.25,50,24,40,1730,27,0,13,1730,0.675,0.0,1.0,0.0,0.1445067850026217
ni_tfnbs,"e=1.1,h=9.0,n=30,start_thres=1.25",hub,0.25,50,24,40,1730,24,0,16,1730,0.6,0.0,1.0,0.0,0.1445067850026217
ni_tfnbs,"e=1.1,h=10.0,n=30,start_thres=1.25",hub,0.25,50,24,40,1730,23,0,17,1730,0.575,0.0,1.0,0.0,0.1445067850026217
ni_tfnbs,"e=1.2,h=0.5,n=30,start_thres=1.25",hub,0.25,50,24,40,1730,30,0,10,1730,0.75,0.0,1.0,0.0,0.1445067850026217
ni_tfnbs,"e=1.2,h=1.0,n=30,start_thres=1.25",hub,0.25,50,24,40,1730,30,0,10,1730,0.75,0.0,1.0,0.0,0.1445067850026217
ni_tfnbs,"e=1.2,h=2.0,n=30,start_thres=1.25",hub,0.25,50,24,40,1730,33,0,7,1730,0.825,0.0,1.0,0.0,0.1445067850026217
ni_tfnbs,"e=1.2,h=3.0,n=30,start_thres=1.25",hub,0.25,50,24,40,1730,33,0,7,1730,0.825,0.0,1.0,0.0,0.1445067850026217
ni_tfnbs,"e=1.2,h=4.0,n=30,start_thres=1.25",hub,0.25,50,24,40,1730,31,0,9,1730,0.775,0.0,1.0,0.0,0.1445067850026217
ni_tfnbs,"e=1.2,h=5.0,n=30,start_thres=1.25",hub,0.25,50,24,40,1730,30,0,10,1730,0.75,0.0,1.0,0.0,0.1445067850026217
ni_tfnbs,"e=1.2,h=6.0,n=30,start_thres=1.25",hub,0.25,50,24,40,1730,30,0,10,1730,0.75,0.0,1.0,0.0,0.1445067850026217
ni_tfnbs,"e=1.2,h=7.0,n=30,start_thres=1.25",hub,0.25,50,24,40,1730,28,0,12,1730,0.7,0.0,1.0,0.0,0.1445067850026217
ni_tfnbs,"e=1.2,h=8.0,n=30,start_thres=1.25",hub,0.25,50,24,40,1730,27,0,13,1730,0.675,0.0,1.0,0.0,0.1445067850026217
ni_tfnbs,"e=1.2,h=9.0,n=30,start_thres=1.25",hub,0.25,50,24,40,1730,27,0,13,1730,0.675,0.0,1.0,0.0,0.1445067850026217
ni_tfnbs,"e=1.2,h=10.0,n=30,start_thres=1.25",hub,0.25,50,24,40,1730,24,0,16,1730,0.6,0.0,1.0,0.0,0.1445067850026217
ni_tfnbs,"e=1.3,h=0.5,n=30,start_thres=1.25",hub,0.25,50,24,40,1730,29,0,11,1730,0.725,0.0,1.0,0.0,0.1445067850026217
ni_tfnbs,"e=1.3,h=1.0,n=30,start_thres=1.25",hub,0.25,50,24,40,1730,30,0,10,1730,0.75,0.0,1.0,0.0,0.1445067850026217
ni_tfnbs,"e=1.3,h=2.0,n=30,start_thres=1.25",hub,0.25,50,24,40,1730,33,0,7,1730,0.825,0.0,1.0,0.0,0.1445067850026217
ni_tfnbs,"e=1.3,h=3.0,n=30,start_thres=1.25",hub,0.25,50,24,40,1730,33,0,7,1730,0.825,0.0,1.0,0.0,0.1445067850026217
ni_tfnbs,"e=1.3,h=4.0,n=30,start_thres=1.25",hub,0.25,50,24,40,1730,33,0,7,1730,0.825,0.0,1.0,0.0,0.1445067850026217
ni_tfnbs,"e=1.3,h=5.0,n=30,start_thres=1.25",hub,0.25,50,24,40,1730,31,0,9,1730,0.775,0.0,1.0,0.0,0.1445067850026217
ni_tfnbs,"e=1.3,h=6.0,n=30,start_thres=1.25",hub,0.25,50,24,40,1730,30,0,10,1730,0.75,0.0,1.0,0.0,0.1445067850026217
ni_tfnbs,"e=1.3,h=7.0,n=30,start_thres=1.25",hub,0.25,50,24,40,1730,30,0,10,1730,0.75,0.0,1.0,0.0,0.1445067850026217
ni_tfnbs,"e=1.3,h=8.0,n=30,start_thres=1.25",hub,0.25,50,24,40,1730,28,0,12,1730,0.7,0.0,1.0,0.0,0.1445067850026217
ni_tfnbs,"e=1.3,h=9.0,n=30,start_thres=1.25",hub,0.25,50,24,40,1730,27,0,13,1730,0.675,0.0,1.0,0.0,0.1445067850026217
ni_tfnbs,"e=1.3,h=10.0,n=30,start_thres=1.25",hub,0.25,50,24,40,1730,26,0,14,1730,0.65,0.0,1.0,0.0,0.1445067850026217
ni_tfnbs,"e=1.4,h=0.5,n=30,start_thres=1.25",hub,0.25,50,24,40,1730,28,0,12,1730,0.7,0.0,1.0,0.0,0.1445067850026217
ni_tfnbs,"e=1.4,h=1.0,n=30,start_thres=1.25",hub,0.25,50,24,40,1730,30,0,10,1730,0.75,0.0,1.0,0.0,0.1445067850026217
ni_tfnbs,"e=1.4,h=2.0,n=30,start_thres=1.25",hub,0.25,50,24,40,1730,33,0,7,1730,0.825,0.0,1.0,0.0,0.1445067850026217
ni_tfnbs,"e=1.4,h=3.0,n=30,start_thres=1.25",hub,0.25,50,24,40,1730,33,0,7,1730,0.825,0.0,1.0,0.0,0.1445067850026217
ni_tfnbs,"e=1.4,h=4.0,n=30,start_thres=1.25",hub,0.25,50,24,40,1730,33,0,7,1730,0.825,0.0,1.0,0.0,0.1445067850026217
ni_tfnbs,"e=1.4,h=5.0,n=30,start_thres=1.25",hub,0.25,50,24,40,1730,33,0,7,1730,0.825,0.0,1.0,0.0,0.1445067850026217
ni_tfnbs,"e=1.4,h=6.0,n=30,start_thres=1.25",hub,0.25,50,24,40,1730,31,0,9,1730,0.775,0.0,1.0,0.0,0.1445067850026217
ni_tfnbs,"e=1.4,h=7.0,n=30,start_thres=1.25",hub,0.25,50,24,40,1730,30,0,10,1730,0.75,0.0,1.0,0.0,0.1445067850026217
ni_tfnbs,"e=1.4,h=8.0,n=30,start_thres=1.25",hub,0.25,50,24,40,1730,30,0,10,1730,0.75,0.0,1.0,0.0,0.1445067850026217
ni_tfnbs,"e=1.4,h=9.0,n=30,start_thres=1.25",hub,0.25,50,24,40,1730,28,0,12,1730,0.7,0.0,1.0,0.0,0.1445067850026217
ni_tfnbs,"e=1.4,h=10.0,n=30,start_thres=1.25",hub,0.25,50,24,40,1730,27,0,13,1730,0.675,0.0,1.0,0.0,0.1445067850026217
ni_tfnbs,"e=1.5,h=0.5,n=30,start_thres=1.25",hub,0.25,50,24,40,1730,28,0,12,1730,0.7,0.0,1.0,0.0,0.1445067850026217
ni_tfnbs,"e=1.5,h=1.0,n=30,start_thres=1.25",hub,0.25,50,24,40,1730,29,0,11,1730,0.725,0.0,1.0,0.0,0.1445067850026217
ni_tfnbs,"e=1.5,h=2.0,n=30,start_thres=1.25",hub,0.25,50,24,40,1730,33,0,7,1730,0.825,0.0,1.0,0.0,0.1445067850026217
ni_tfnbs,"e=1.5,h=3.0,n=30,start_thres=1.25",hub,0.25,50,24,40,1730,33,0,7,1730,0.825,0.0,1.0,0.0,0.1445067850026217
ni_tfnbs,"e=1.5,h=4.0,n=30,start_thres=1.25",hub,0.25,50,24,40,1730,33,0,7,1730,0.825,0.0,1.0,0.0,0.1445067850026217
ni_tfnbs,"e=1.5,h=5.0,n=30,start_thres=1.25",hub,0.25,50,24,40,1730,33,0,7,1730,0.825,0.0,1.0,0.0,0.1445067850026217
ni_tfnbs,"e=1.5,h=6.0,n=30,start_thres=1.25",hub,0.25,50,24,40,1730,31,0,9,1730,0.775,0.0,1.0,0.0,0.1445067850026217
ni_tfnbs,"e=1.5,h=7.0,n=30,start_thres=1.25",hub,0.25,50,24,40,1730,31,0,9,1730,0.775,0.0,1.0,0.0,0.1445067850026217
ni_tfnbs,"e=1.5,h=8.0,n=30,start_thres=1.25",hub,0.25,50,24,40,1730,30,0,10,1730,0.75,0.0,1.0,0.0,0.1445067850026217
ni_tfnbs,"e=1.5,h=9.0,n=30,start_thres=1.25",hub,0.25,50,24,40,1730,30,0,10,1730,0.75,0.0,1.0,0.0,0.1445067850026217
ni_tfnbs,"e=1.5,h=10.0,n=30,start_thres=1.25",hub,0.25,50,24,40,1730,27,0,13,1730,0.675,0.0,1.0,0.0,0.1445067850026217
ni_tfnbs,"e=0.05,h=0.5,n=30,start_thres=1.25",hub,0.25,50,25,40,1730,10,0,30,1730,0.25,0.0,1.0,0.0,0.1454455879601565
ni_tfnbs,"e=0.05,h=1.0,n=30,start_thres=1.25",hub,0.25,50,25,40,1730,10,0,30,1730,0.25,0.0,1.0,0.0,0.1454455879601565
ni_tfnbs,"e=0.05,h=2.0,n=30,start_thres=1.25",hub,0.25,50,25,40,1730,9,0,31,1730,0.225,0.0,1.0,0.0,0.1454455879601565
ni_tfnbs,"e=0.05,h=3.0,n=30,start_thres=1.25",hub,0.25,50,25,40,1730,9,0,31,1730,0.225,0.0,1.0,0.0,0.1454455879601565
ni_tfnbs,"e=0.05,h=4.0,n=30,start_thres=1.25",hub,0.25,50,25,40,1730,9,0,31,1730,0.225,0.0,1.0,0.0,0.1454455879601565
ni_tfnbs,"e=0.05,h=5.0,n=30,start_thres=1.25",hub,0.25,50,25,40,1730,9,0,31,1730,0.225,0.0,1.0,0.0,0.1454455879601565
ni_tfnbs,"e=0.05,h=6.0,n=30,start_thres=1.25",hub,0.25,50,25,40,1730,9,0,31,1730,0.225,0.0,1.0,0.0,0.1454455879601565
ni_tfnbs,"e=0.05,h=7.0,n=30,start_thres=1.25",hub,0.25,50,25,40,1730,9,0,31,1730,0.225,0.0,1.0,0.0,0.1454455879601565
ni_tfnbs,"e=0.05,h=8.0,n=30,start_thres=1.25",hub,0.25,50,25,40,1730,9,0,31,1730,0.225,0.0,1.0,0.0,0.1454455879601565
ni_tfnbs,"e=0.05,h=9.0,n=30,start_thres=1.25",hub,0.25,50,25,40,1730,9,0,31,1730,0.225,0.0,1.0,0.0,0.1454455879601565
ni_tfnbs,"e=0.05,h=10.0,n=30,start_thres=1.25",hub,0.25,50,25,40,1730,9,0,31,1730,0.225,0.0,1.0,0.0,0.1454455879601565
ni_tfnbs,"e=0.1,h=0.5,n=30,start_thres=1.25",hub,0.25,50,25,40,1730,10,0,30,1730,0.25,0.0,1.0,0.0,0.1454455879601565
ni_tfnbs,"e=0.1,h=1.0,n=30,start_thres=1.25",hub,0.25,50,25,40,1730,10,0,30,1730,0.25,0.0,1.0,0.0,0.1454455879601565
ni_tfnbs,"e=0.1,h=2.0,n=30,start_thres=1.25",hub,0.25,50,25,40,1730,10,0,30,1730,0.25,0.0,1.0,0.0,0.1454455879601565
ni_tfnbs,"e=0.1,h=3.0,n=30,start_thres=1.25",hub,0.25,50,25,40,1730,10,0,30,1730,0.25,0.0,1.0,0.0,0.1454455879601565
ni_tfnbs,"e=0.1,h=4.0,n=30,start_thres=1.25",hub,0.25,50,25,40,1730,10,0,30,1730,0.25,0.0,1.0,0.0,0.1454455879601565
ni_tfnbs,"e=0.1,h=5.0,n=30,start_thres=1.25",hub,0.25,50,25,40,1730,10,0,30,1730,0.25,0.0,1.0,0.0,0.1454455879601565
ni_tfnbs,"e=0.1,h=6.0,n=30,start_thres=1.25",hub,0.25,50,25,40,1730,9,0,31,1730,0.225,0.0,1.0,0.0,0.1454455879601565
ni_tfnbs,"e=0.1,h=7.0,n=30,start_thres=1.25",hub,0.25,50,25,40,1730,9,0,31,1730,0.225,0.0,1.0,0.0,0.1454455879601565
ni_tfnbs,"e=0.1,h=8.0,n=30,start_thres=1.25",hub,0.25,50,25,40,1730,9,0,31,1730,0.225,0.0,1.0,0.0,0.1454455879601565
ni_tfnbs,"e=0.1,h=9.0,n=30,start_thres=1.25",hub,0.25,50,25,40,1730,9,0,31,1730,0.225,0.0,1.0,0.0,0.1454455879601565
ni_tfnbs,"e=0.1,h=10.0,n=30,start_thres=1.25",hub,0.25,50,25,40,1730,9,0,31,1730,0.225,0.0,1.0,0.0,0.1454455879601565
ni_tfnbs,"e=0.2,h=0.5,n=30,start_thres=1.25",hub,0.25,50,25,40,1730,12,0,28,1730,0.3,0.0,1.0,0.0,0.1454455879601565
ni_tfnbs,"e=0.2,h=1.0,n=30,start_thres=1.25",hub,0.25,50,25,40,1730,11,0,29,1730,0.275,0.0,1.0,0.0,0.1454455879601565
ni_tfnbs,"e=0.2,h=2.0,n=30,start_thres=1.25",hub,0.25,50,25,40,1730,10,0,30,1730,0.25,0.0,1.0,0.0,0.1454455879601565
ni_tfnbs,"e=0.2,h=3.0,n=30,start_thres=1.25",hub,0.25,50,25,40,1730,10,0,30,1730,0.25,0.0,1.0,0.0,0.1454455879601565
ni_tfnbs,"e=0.2,h=4.0,n=30,start_thres=1.25",hub,0.25,50,25,40,1730,10,0,30,1730,0.25,0.0,1.0,0.0,0.1454455879601565
ni_tfnbs,"e=0.2,h=5.0,n=30,start_thres=1.25",hub,0.25,50,25,40,1730,10,0,30,1730,0.25,0.0,1.0,0.0,0.1454455879601565
ni_tfnbs,"e=0.2,h=6.0,n=30,start_thres=1.25",hub,0.25,50,25,40,1730,10,0,30,1730,0.25,0.0,1.0,0.0,0.1454455879601565
ni_tfnbs,"e=0.2,h=7.0,n=30,start_thres=1.25",hub,0.25,50,25,40,1730,10,0,30,1730,0.25,0.0,1.0,0.0,0.1454455879601565
ni_tfnbs,"e=0.2,h=8.0,n=30,start_thres=1.25",hub,0.25,50,25,40,1730,10,0,30,1730,0.25,0.0,1.0,0.0,0.1454455879601565
ni_tfnbs,"e=0.2,h=9.0,n=30,start_thres=1.25",hub,0.25,50,25,40,1730,10,0,30,1730,0.25,0.0,1.0,0.0,0.1454455879601565
ni_tfnbs,"e=0.2,h=10.0,n=30,start_thres=1.25",hub,0.25,50,25,40,1730,10,0,30,1730,0.25,0.0,1.0,0.0,0.1454455879601565
ni_tfnbs,"e=0.3,h=0.5,n=30,start_thres=1.25",hub,0.25,50,25,40,1730,14,0,26,1730,0.35,0.0,1.0,0.0,0.1454455879601565
ni_tfnbs,"e=0.3,h=1.0,n=30,start_thres=1.25",hub,0.25,50,25,40,1730,14,0,26,1730,0.35,0.0,1.0,0.0,0.1454455879601565
ni_tfnbs,"e=0.3,h=2.0,n=30,start_thres=1.25",hub,0.25,50,25,40,1730,14,0,26,1730,0.35,0.0,1.0,0.0,0.1454455879601565
ni_tfnbs,"e=0.3,h=3.0,n=30,start_thres=1.25",hub,0.25,50,25,40,1730,12,0,28,1730,0.3,0.0,1.0,0.0,0.1454455879601565
ni_tfnbs,"e=0.3,h=4.0,n=30,start_thres=1.25",hub,0.25,50,25,40,1730,11,0,29,1730,0.275,0.0,1.0,0.0,0.1454455879601565
ni_tfnbs,"e=0.3,h=5.0,n=30,start_thres=1.25",hub,0.25,50,25,40,1730,10,0,30,1730,0.25,0.0,1.0,0.0,0.1454455879601565
ni_tfnbs,"e=0.3,h=6.0,n=30,start_thres=1.25",hub,0.25,50,25,40,1730,10,0,30,1730,0.25,0.0,1.0,0.0,0.1454455879601565
ni_tfnbs,"e=0.3,h=7.0,n=30,start_thres=1.25",hub,0.25,50,25,40,1730,10,0,30,1730,0.25,0.0,1.0,0.0,0.1454455879601565
ni_tfnbs,"e=0.3,h=8.0,n=30,start_thres=1.25",hub,0.25,50,25,40,1730,10,0,30,1730,0.25,0.0,1.0,0.0,0.1454455879601565
ni_tfnbs,"e=0.3,h=9.0,n=30,start_thres=1.25",hub,0.25,50,25,40,1730,10,0,30,1730,0.25,0.0,1.0,0.0,0.1454455879601565
ni_tfnbs,"e=0.3,h=10.0,n=30,start_thres=1.25",hub,0.25,50,25,40,1730,10,0,30,1730,0.25,0.0,1.0,0.0,0.1454455879601565
ni_tfnbs,"e=0.4,h=0.5,n=30,start_thres=1.25",hub,0.25,50,25,40,1730,14,0,26,1730,0.35,0.0,1.0,0.0,0.1454455879601565
ni_tfnbs,"e=0.4,h=1.0,n=30,start_thres=1.25",hub,0.25,50,25,40,1730,14,0,26,1730,0.35,0.0,1.0,0.0,0.1454455879601565
ni_tfnbs,"e=0.4,h=2.0,n=30,start_thres=1.25",hub,0.25,50,25,40,1730,14,0,26,1730,0.35,0.0,1.0,0.0,0.1454455879601565
ni_tfnbs,"e=0.4,h=3.0,n=30,start_thres=1.25",hub,0.25,50,25,40,1730,14,0,26,1730,0.35,0.0,1.0,0.0,0.1454455879601565
ni_tfnbs,"e=0.4,h=4.0,n=30,start_thres=1.25",hub,0.25,50,25,40,1730,13,0,27,1730,0.325,0.0,1.0,0.0,0.1454455879601565
ni_tfnbs,"e=0.4,h=5.0,n=30,start_thres=1.25",hub,0.25,50,25,40,1730,12,0,28,1730,0.3,0.0,1.0,0.0,0.1454455879601565
ni_tfnbs,"e=0.4,h=6.0,n=30,start_thres=1.25",hub,0.25,50,25,40,1730,11,0,29,1730,0.275,0.0,1.0,0.0,0.1454455879601565
ni_tfnbs,"e=0.4,h=7.0,n=30,start_thres=1.25",hub,0.25,50,25,40,1730,10,0,30,1730,0.25,0.0,1.0,0.0,0.1454455879601565
ni_tfnbs,"e=0.4,h=8.0,n=30,start_thres=1.25",hub,0.25,50,25,40,1730,10,0,30,1730,0.25,0.0,1.0,0.0,0.1454455879601565
ni_tfnbs,"e=0.4,h=9.0,n=30,start_thres=1.25",hub,0.25,50,25,40,1730,10,0,30,1730,0.25,0.0,1.0,0.0,0.1454455879601565
ni_tfnbs,"e=0.4,h=10.0,n=30,start_thres=1.25",hub,0.25,50,25,40,1730,10,0,30,1730,0.25,0.0,1.0,0.0,0.1454455879601565
ni_tfnbs,"e=0.5,h=0.5,n=30,start_thres=1.25",hub,0.25,50,25,40,1730,16,1,24,1729,0.4,0.0005780346820809,0.9411764705882352,0.0588235294117647,0.1454455879601565
ni_tfnbs,"e=0.5,h=1.0,n=30,start_thres=1.25",hub,0.25,50,25,40,1730,15,0,25,1730,0.375,0.0,1.0,0.0,0.1454455879601565
ni_tfnbs,"e=0.5,h=2.0,n=30,start_thres=1.25",hub,0.25,50,25,40,1730,14,0,26,1730,0.35,0.0,1.0,0.0,0.1454455879601565
ni_tfnbs,"e=0.5,h=3.0,n=30,start_thres=1.25",hub,0.25,50,25,40,1730,14,0,26,1730,0.35,0.0,1.0,0.0,0.1454455879601565
ni_tfnbs,"e=0.5,h=4.0,n=30,start_thres=1.25",hub,0.25,50,25,40,1730,14,0,26,1730,0.35,0.0,1.0,0.0,0.1454455879601565
ni_tfnbs,"e=0.5,h=5.0,n=30,start_thres=1.25",hub,0.25,50,25,40,1730,14,0,26,1730,0.35,0.0,1.0,0.0,0.1454455879601565
ni_tfnbs,"e=0.5,h=6.0,n=30,start_thres=1.25",hub,0.25,50,25,40,1730,12,0,28,1730,0.3,0.0,1.0,0.0,0.1454455879601565
ni_tfnbs,"e=0.5,h=7.0,n=30,start_thres=1.25",hub,0.25,50,25,40,1730,12,0,28,1730,0.3,0.0,1.0,0.0,0.1454455879601565
ni_tfnbs,"e=0.5,h=8.0,n=30,start_thres=1.25",hub,0.25,50,25,40,1730,11,0,29,1730,0.275,0.0,1.0,0.0,0.1454455879601565
ni_tfnbs,"e=0.5,h=9.0,n=30,start_thres=1.25",hub,0.25,50,25,40,1730,10,0,30,1730,0.25,0.0,1.0,0.0,0.1454455879601565
ni_tfnbs,"e=0.5,h=10.0,n=30,start_thres=1.25",hub,0.25,50,25,40,1730,10,0,30,1730,0.25,0.0,1.0,0.0,0.1454455879601565
ni_tfnbs,"e=0.6,h=0.5,n=30,start_thres=1.25",hub,0.25,50,25,40,1730,16,1,24,1729,0.4,0.0005780346820809,0.9411764705882352,0.0588235294117647,0.1454455879601565
ni_tfnbs,"e=0.6,h=1.0,n=30,start_thres=1.25",hub,0.25,50,25,40,1730,18,1,22,1729,0.45,0.0005780346820809,0.9473684210526316,0.0526315789473684,0.1454455879601565
ni_tfnbs,"e=0.6,h=2.0,n=30,start_thres=1.25",hub,0.25,50,25,40,1730,16,0,24,1730,0.4,0.0,1.0,0.0,0.1454455879601565
ni_tfnbs,"e=0.6,h=3.0,n=30,start_thres=1.25",hub,0.25,50,25,40,1730,15,0,25,1730,0.375,0.0,1.0,0.0,0.1454455879601565
ni_tfnbs,"e=0.6,h=4.0,n=30,start_thres=1.25",hub,0.25,50,25,40,1730,14,0,26,1730,0.35,0.0,1.0,0.0,0.1454455879601565
ni_tfnbs,"e=0.6,h=5.0,n=30,start_thres=1.25",hub,0.25,50,25,40,1730,14,0,26,1730,0.35,0.0,1.0,0.0,0.1454455879601565
ni_tfnbs,"e=0.6,h=6.0,n=30,start_thres=1.25",hub,0.25,50,25,40,1730,14,0,26,1730,0.35,0.0,1.0,0.0,0.1454455879601565
ni_tfnbs,"e=0.6,h=7.0,n=30,start_thres=1.25",hub,0.25,50,25,40,1730,14,0,26,1730,0.35,0.0,1.0,0.0,0.1454455879601565
ni_tfnbs,"e=0.6,h=8.0,n=30,start_thres=1.25",hub,0.25,50,25,40,1730,12,0,28,1730,0.3,0.0,1.0,0.0,0.1454455879601565
ni_tfnbs,"e=0.6,h=9.0,n=30,start_thres=1.25",hub,0.25,50,25,40,1730,11,0,29,1730,0.275,0.0,1.0,0.0,0.1454455879601565
ni_tfnbs,"e=0.6,h=10.0,n=30,start_thres=1.25",hub,0.25,50,25,40,1730,11,0,29,1730,0.275,0.0,1.0,0.0,0.1454455879601565
ni_tfnbs,"e=0.7,h=0.5,n=30,start_thres=1.25",hub,0.25,50,25,40,1730,17,1,23,1729,0.425,0.0005780346820809,0.9444444444444444,0.0555555555555555,0.1454455879601565
ni_tfnbs,"e=0.7,h=1.0,n=30,start_thres=1.25",hub,0.25,50,25,40,1730,18,1,22,1729,0.45,0.0005780346820809,0.9473684210526316,0.0526315789473684,0.1454455879601565
ni_tfnbs,"e=0.7,h=2.0,n=30,start_thres=1.25",hub,0.25,50,25,40,1730,19,1,21,1729,0.475,0.0005780346820809,0.95,0.05,0.1454455879601565
ni_tfnbs,"e=0.7,h=3.0,n=30,start_thres=1.25",hub,0.25,50,25,40,1730,17,0,23,1730,0.425,0.0,1.0,0.0,0.1454455879601565
ni_tfnbs,"e=0.7,h=4.0,n=30,start_thres=1.25",hub,0.25,50,25,40,1730,15,0,25,1730,0.375,0.0,1.0,0.0,0.1454455879601565
ni_tfnbs,"e=0.7,h=5.0,n=30,start_thres=1.25",hub,0.25,50,25,40,1730,14,0,26,1730,0.35,0.0,1.0,0.0,0.1454455879601565
ni_tfnbs,"e=0.7,h=6.0,n=30,start_thres=1.25",hub,0.25,50,25,40,1730,14,0,26,1730,0.35,0.0,1.0,0.0,0.1454455879601565
ni_tfnbs,"e=0.7,h=7.0,n=30,start_thres=1.25",hub,0.25,50,25,40,1730,14,0,26,1730,0.35,0.0,1.0,0.0,0.1454455879601565
ni_tfnbs,"e=0.7,h=8.0,n=30,start_thres=1.25",hub,0.25,50,25,40,1730,14,0,26,1730,0.35,0.0,1.0,0.0,0.1454455879601565
ni_tfnbs,"e=0.7,h=9.0,n=30,start_thres=1.25",hub,0.25,50,25,40,1730,12,0,28,1730,0.3,0.0,1.0,0.0,0.1454455879601565
ni_tfnbs,"e=0.7,h=10.0,n=30,start_thres=1.25",hub,0.25,50,25,40,1730,12,0,28,1730,0.3,0.0,1.0,0.0,0.1454455879601565
ni_tfnbs,"e=0.8,h=0.5,n=30,start_thres=1.25",hub,0.25,50,25,40,1730,16,1,24,1729,0.4,0.0005780346820809,0.9411764705882352,0.0588235294117647,0.1454455879601565
ni_tfnbs,"e=0.8,h=1.0,n=30,start_thres=1.25",hub,0.25,50,25,40,1730,18,1,22,1729,0.45,0.0005780346820809,0.9473684210526316,0.0526315789473684,0.1454455879601565
ni_tfnbs,"e=0.8,h=2.0,n=30,start_thres=1.25",hub,0.25,50,25,40,1730,20,1,20,1729,0.5,0.0005780346820809,0.9523809523809524,0.0476190476190476,0.1454455879601565
ni_tfnbs,"e=0.8,h=3.0,n=30,start_thres=1.25",hub,0.25,50,25,40,1730,20,1,20,1729,0.5,0.0005780346820809,0.9523809523809524,0.0476190476190476,0.1454455879601565
ni_tfnbs,"e=0.8,h=4.0,n=30,start_thres=1.25",hub,0.25,50,25,40,1730,17,0,23,1730,0.425,0.0,1.0,0.0,0.1454455879601565
ni_tfnbs,"e=0.8,h=5.0,n=30,start_thres=1.25",hub,0.25,50,25,40,1730,15,0,25,1730,0.375,0.0,1.0,0.0,0.1454455879601565
ni_tfnbs,"e=0.8,h=6.0,n=30,start_thres=1.25",hub,0.25,50,25,40,1730,14,0,26,1730,0.35,0.0,1.0,0.0,0.1454455879601565
ni_tfnbs,"e=0.8,h=7.0,n=30,start_thres=1.25",hub,0.25,50,25,40,1730,14,0,26,1730,0.35,0.0,1.0,0.0,0.1454455879601565
ni_tfnbs,"e=0.8,h=8.0,n=30,start_thres=1.25",hub,0.25,50,25,40,1730,14,0,26,1730,0.35,0.0,1.0,0.0,0.1454455879601565
ni_tfnbs,"e=0.8,h=9.0,n=30,start_thres=1.25",hub,0.25,50,25,40,1730,14,0,26,1730,0.35,0.0,1.0,0.0,0.1454455879601565
ni_tfnbs,"e=0.8,h=10.0,n=30,start_thres=1.25",hub,0.25,50,25,40,1730,14,0,26,1730,0.35,0.0,1.0,0.0,0.1454455879601565
ni_tfnbs,"e=0.9,h=0.5,n=30,start_thres=1.25",hub,0.25,50,25,40,1730,15,1,25,1729,0.375,0.0005780346820809,0.9375,0.0625,0.1454455879601565
ni_tfnbs,"e=0.9,h=1.0,n=30,start_thres=1.25",hub,0.25,50,25,40,1730,17,1,23,1729,0.425,0.0005780346820809,0.9444444444444444,0.0555555555555555,0.1454455879601565
ni_tfnbs,"e=0.9,h=2.0,n=30,start_thres=1.25",hub,0.25,50,25,40,1730,20,1,20,1729,0.5,0.0005780346820809,0.9523809523809524,0.0476190476190476,0.1454455879601565
ni_tfnbs,"e=0.9,h=3.0,n=30,start_thres=1.25",hub,0.25,50,25,40,1730,20,1,20,1729,0.5,0.0005780346820809,0.9523809523809524,0.0476190476190476,0.1454455879601565
ni_tfnbs,"e=0.9,h=4.0,n=30,start_thres=1.25",hub,0.25,50,25,40,1730,20,1,20,1729,0.5,0.0005780346820809,0.9523809523809524,0.0476190476190476,0.1454455879601565
ni_tfnbs,"e=0.9,h=5.0,n=30,start_thres=1.25",hub,0.25,50,25,40,1730,16,0,24,1730,0.4,0.0,1.0,0.0,0.1454455879601565
ni_tfnbs,"e=0.9,h=6.0,n=30,start_thres=1.25",hub,0.25,50,25,40,1730,15,0,25,1730,0.375,0.0,1.0,0.0,0.1454455879601565
ni_tfnbs,"e=0.9,h=7.0,n=30,start_thres=1.25",hub,0.25,50,25,40,1730,15,0,25,1730,0.375,0.0,1.0,0.0,0.1454455879601565
ni_tfnbs,"e=0.9,h=8.0,n=30,start_thres=1.25",hub,0.25,50,25,40,1730,14,0,26,1730,0.35,0.0,1.0,0.0,0.1454455879601565
ni_tfnbs,"e=0.9,h=9.0,n=30,start_thres=1.25",hub,0.25,50,25,40,1730,14,0,26,1730,0.35,0.0,1.0,0.0,0.1454455879601565
ni_tfnbs,"e=0.9,h=10.0,n=30,start_thres=1.25",hub,0.25,50,25,40,1730,14,0,26,1730,0.35,0.0,1.0,0.0,0.1454455879601565
ni_tfnbs,"e=1.0,h=0.5,n=30,start_thres=1.25",hub,0.25,50,25,40,1730,16,3,24,1727,0.4,0.0017341040462427,0.8421052631578947,0.1578947368421052,0.1454455879601565
ni_tfnbs,"e=1.0,h=1.0,n=30,start_thres=1.25",hub,0.25,50,25,40,1730,16,3,24,1727,0.4,0.0017341040462427,0.8421052631578947,0.1578947368421052,0.1454455879601565
ni_tfnbs,"e=1.0,h=2.0,n=30,start_thres=1.25",hub,0.25,50,25,40,1730,19,1,21,1729,0.475,0.0005780346820809,0.95,0.05,0.1454455879601565
ni_tfnbs,"e=1.0,h=3.0,n=30,start_thres=1.25",hub,0.25,50,25,40,1730,21,1,19,1729,0.525,0.0005780346820809,0.9545454545454546,0.0454545454545454,0.1454455879601565
ni_tfnbs,"e=1.0,h=4.0,n=30,start_thres=1.25",hub,0.25,50,25,40,1730,20,1,20,1729,0.5,0.0005780346820809,0.9523809523809524,0.0476190476190476,0.1454455879601565
ni_tfnbs,"e=1.0,h=5.0,n=30,start_thres=1.25",hub,0.25,50,25,40,1730,19,1,21,1729,0.475,0.0005780346820809,0.95,0.05,0.1454455879601565
ni_tfnbs,"e=1.0,h=6.0,n=30,start_thres=1.25",hub,0.25,50,25,40,1730,16,0,24,1730,0.4,0.0,1.0,0.0,0.1454455879601565
ni_tfnbs,"e=1.0,h=7.0,n=30,start_thres=1.25",hub,0.25,50,25,40,1730,15,0,25,1730,0.375,0.0,1.0,0.0,0.1454455879601565
ni_tfnbs,"e=1.0,h=8.0,n=30,start_thres=1.25",hub,0.25,50,25,40,1730,15,0,25,1730,0.375,0.0,1.0,0.0,0.1454455879601565
ni_tfnbs,"e=1.0,h=9.0,n=30,start_thres=1.25",hub,0.25,50,25,40,1730,14,0,26,1730,0.35,0.0,1.0,0.0,0.1454455879601565
ni_tfnbs,"e=1.0,h=10.0,n=30,start_thres=1.25",hub,0.25,50,25,40,1730,14,0,26,1730,0.35,0.0,1.0,0.0,0.1454455879601565
ni_tfnbs,"e=1.1,h=0.5,n=30,start_thres=1.25",hub,0.25,50,25,40,1730,15,3,25,1727,0.375,0.0017341040462427,0.8333333333333334,0.1666666666666666,0.1454455879601565
ni_tfnbs,"e=1.1,h=1.0,n=30,start_thres=1.25",hub,0.25,50,25,40,1730,16,3,24,1727,0.4,0.0017341040462427,0.8421052631578947,0.1578947368421052,0.1454455879601565
ni_tfnbs,"e=1.1,h=2.0,n=30,start_thres=1.25",hub,0.25,50,25,40,1730,20,3,20,1727,0.5,0.0017341040462427,0.8695652173913043,0.1304347826086956,0.1454455879601565
ni_tfnbs,"e=1.1,h=3.0,n=30,start_thres=1.25",hub,0.25,50,25,40,1730,21,1,19,1729,0.525,0.0005780346820809,0.9545454545454546,0.0454545454545454,0.1454455879601565
ni_tfnbs,"e=1.1,h=4.0,n=30,start_thres=1.25",hub,0.25,50,25,40,1730,21,1,19,1729,0.525,0.0005780346820809,0.9545454545454546,0.0454545454545454,0.1454455879601565
ni_tfnbs,"e=1.1,h=5.0,n=30,start_thres=1.25",hub,0.25,50,25,40,1730,20,1,20,1729,0.5,0.0005780346820809,0.9523809523809524,0.0476190476190476,0.1454455879601565
ni_tfnbs,"e=1.1,h=6.0,n=30,start_thres=1.25",hub,0.25,50,25,40,1730,19,1,21,1729,0.475,0.0005780346820809,0.95,0.05,0.1454455879601565
ni_tfnbs,"e=1.1,h=7.0,n=30,start_thres=1.25",hub,0.25,50,25,40,1730,16,0,24,1730,0.4,0.0,1.0,0.0,0.1454455879601565
ni_tfnbs,"e=1.1,h=8.0,n=30,start_thres=1.25",hub,0.25,50,25,40,1730,15,0,25,1730,0.375,0.0,1.0,0.0,0.1454455879601565
ni_tfnbs,"e=1.1,h=9.0,n=30,start_thres=1.25",hub,0.25,50,25,40,1730,15,0,25,1730,0.375,0.0,1.0,0.0,0.1454455879601565
ni_tfnbs,"e=1.1,h=10.0,n=30,start_thres=1.25",hub,0.25,50,25,40,1730,14,0,26,1730,0.35,0.0,1.0,0.0,0.1454455879601565
ni_tfnbs,"e=1.2,h=0.5,n=30,start_thres=1.25",hub,0.25,50,25,40,1730,15,3,25,1727,0.375,0.0017341040462427,0.8333333333333334,0.1666666666666666,0.1454455879601565
ni_tfnbs,"e=1.2,h=1.0,n=30,start_thres=1.25",hub,0.25,50,25,40,1730,15,3,25,1727,0.375,0.0017341040462427,0.8333333333333334,0.1666666666666666,0.1454455879601565
ni_tfnbs,"e=1.2,h=2.0,n=30,start_thres=1.25",hub,0.25,50,25,40,1730,19,3,21,1727,0.475,0.0017341040462427,0.8636363636363636,0.1363636363636363,0.1454455879601565
ni_tfnbs,"e=1.2,h=3.0,n=30,start_thres=1.25",hub,0.25,50,25,40,1730,22,3,18,1727,0.55,0.0017341040462427,0.88,0.12,0.1454455879601565
ni_tfnbs,"e=1.2,h=4.0,n=30,start_thres=1.25",hub,0.25,50,25,40,1730,21,1,19,1729,0.525,0.0005780346820809,0.9545454545454546,0.0454545454545454,0.1454455879601565
ni_tfnbs,"e=1.2,h=5.0,n=30,start_thres=1.25",hub,0.25,50,25,40,1730,21,1,19,1729,0.525,0.0005780346820809,0.9545454545454546,0.0454545454545454,0.1454455879601565
ni_tfnbs,"e=1.2,h=6.0,n=30,start_thres=1.25",hub,0.25,50,25,40,1730,20,1,20,1729,0.5,0.0005780346820809,0.9523809523809524,0.0476190476190476,0.1454455879601565
ni_tfnbs,"e=1.2,h=7.0,n=30,start_thres=1.25",hub,0.25,50,25,40,1730,18,0,22,1730,0.45,0.0,1.0,0.0,0.1454455879601565
ni_tfnbs,"e=1.2,h=8.0,n=30,start_thres=1.25",hub,0.25,50,25,40,1730,15,0,25,1730,0.375,0.0,1.0,0.0,0.1454455879601565
ni_tfnbs,"e=1.2,h=9.0,n=30,start_thres=1.25",hub,0.25,50,25,40,1730,15,0,25,1730,0.375,0.0,1.0,0.0,0.1454455879601565
ni_tfnbs,"e=1.2,h=10.0,n=30,start_thres=1.25",hub,0.25,50,25,40,1730,15,0,25,1730,0.375,0.0,1.0,0.0,0.1454455879601565
ni_tfnbs,"e=1.3,h=0.5,n=30,start_thres=1.25",hub,0.25,50,25,40,1730,15,3,25,1727,0.375,0.0017341040462427,0.8333333333333334,0.1666666666666666,0.1454455879601565
ni_tfnbs,"e=1.3,h=1.0,n=30,start_thres=1.25",hub,0.25,50,25,40,1730,15,3,25,1727,0.375,0.0017341040462427,0.8333333333333334,0.1666666666666666,0.1454455879601565
ni_tfnbs,"e=1.3,h=2.0,n=30,start_thres=1.25",hub,0.25,50,25,40,1730,18,3,22,1727,0.45,0.0017341040462427,0.8571428571428571,0.1428571428571428,0.1454455879601565
ni_tfnbs,"e=1.3,h=3.0,n=30,start_thres=1.25",hub,0.25,50,25,40,1730,23,3,17,1727,0.575,0.0017341040462427,0.8846153846153846,0.1153846153846153,0.1454455879601565
ni_tfnbs,"e=1.3,h=4.0,n=30,start_thres=1.25",hub,0.25,50,25,40,1730,23,3,17,1727,0.575,0.0017341040462427,0.8846153846153846,0.1153846153846153,0.1454455879601565
ni_tfnbs,"e=1.3,h=5.0,n=30,start_thres=1.25",hub,0.25,50,25,40,1730,21,1,19,1729,0.525,0.0005780346820809,0.9545454545454546,0.0454545454545454,0.1454455879601565
ni_tfnbs,"e=1.3,h=6.0,n=30,start_thres=1.25",hub,0.25,50,25,40,1730,21,1,19,1729,0.525,0.0005780346820809,0.9545454545454546,0.0454545454545454,0.1454455879601565
ni_tfnbs,"e=1.3,h=7.0,n=30,start_thres=1.25",hub,0.25,50,25,40,1730,20,1,20,1729,0.5,0.0005780346820809,0.9523809523809524,0.0476190476190476,0.1454455879601565
ni_tfnbs,"e=1.3,h=8.0,n=30,start_thres=1.25",hub,0.25,50,25,40,1730,18,0,22,1730,0.45,0.0,1.0,0.0,0.1454455879601565
ni_tfnbs,"e=1.3,h=9.0,n=30,start_thres=1.25",hub,0.25,50,25,40,1730,15,0,25,1730,0.375,0.0,1.0,0.0,0.1454455879601565
ni_tfnbs,"e=1.3,h=10.0,n=30,start_thres=1.25",hub,0.25,50,25,40,1730,15,0,25,1730,0.375,0.0,1.0,0.0,0.1454455879601565
ni_tfnbs,"e=1.4,h=0.5,n=30,start_thres=1.25",hub,0.25,50,25,40,1730,15,3,25,1727,0.375,0.0017341040462427,0.8333333333333334,0.1666666666666666,0.1454455879601565
ni_tfnbs,"e=1.4,h=1.0,n=30,start_thres=1.25",hub,0.25,50,25,40,1730,17,4,23,1726,0.425,0.0023121387283236,0.8095238095238095,0.1904761904761904,0.1454455879601565
ni_tfnbs,"e=1.4,h=2.0,n=30,start_thres=1.25",hub,0.25,50,25,40,1730,18,4,22,1726,0.45,0.0023121387283236,0.8181818181818182,0.1818181818181818,0.1454455879601565
ni_tfnbs,"e=1.4,h=3.0,n=30,start_thres=1.25",hub,0.25,50,25,40,1730,22,3,18,1727,0.55,0.0017341040462427,0.88,0.12,0.1454455879601565
ni_tfnbs,"e=1.4,h=4.0,n=30,start_thres=1.25",hub,0.25,50,25,40,1730,23,3,17,1727,0.575,0.0017341040462427,0.8846153846153846,0.1153846153846153,0.1454455879601565
ni_tfnbs,"e=1.4,h=5.0,n=30,start_thres=1.25",hub,0.25,50,25,40,1730,23,3,17,1727,0.575,0.0017341040462427,0.8846153846153846,0.1153846153846153,0.1454455879601565
ni_tfnbs,"e=1.4,h=6.0,n=30,start_thres=1.25",hub,0.25,50,25,40,1730,21,1,19,1729,0.525,0.0005780346820809,0.9545454545454546,0.0454545454545454,0.1454455879601565
ni_tfnbs,"e=1.4,h=7.0,n=30,start_thres=1.25",hub,0.25,50,25,40,1730,20,1,20,1729,0.5,0.0005780346820809,0.9523809523809524,0.0476190476190476,0.1454455879601565
ni_tfnbs,"e=1.4,h=8.0,n=30,start_thres=1.25",hub,0.25,50,25,40,1730,20,1,20,1729,0.5,0.0005780346820809,0.9523809523809524,0.0476190476190476,0.1454455879601565
ni_tfnbs,"e=1.4,h=9.0,n=30,start_thres=1.25",hub,0.25,50,25,40,1730,17,0,23,1730,0.425,0.0,1.0,0.0,0.1454455879601565
ni_tfnbs,"e=1.4,h=10.0,n=30,start_thres=1.25",hub,0.25,50,25,40,1730,15,0,25,1730,0.375,0.0,1.0,0.0,0.1454455879601565
ni_tfnbs,"e=1.5,h=0.5,n=30,start_thres=1.25",hub,0.25,50,25,40,1730,17,4,23,1726,0.425,0.0023121387283236,0.8095238095238095,0.1904761904761904,0.1454455879601565
ni_tfnbs,"e=1.5,h=1.0,n=30,start_thres=1.25",hub,0.25,50,25,40,1730,17,4,23,1726,0.425,0.0023121387283236,0.8095238095238095,0.1904761904761904,0.1454455879601565
ni_tfnbs,"e=1.5,h=2.0,n=30,start_thres=1.25",hub,0.25,50,25,40,1730,17,4,23,1726,0.425,0.0023121387283236,0.8095238095238095,0.1904761904761904,0.1454455879601565
ni_tfnbs,"e=1.5,h=3.0,n=30,start_thres=1.25",hub,0.25,50,25,40,1730,23,4,17,1726,0.575,0.0023121387283236,0.8518518518518519,0.1481481481481481,0.1454455879601565
ni_tfnbs,"e=1.5,h=4.0,n=30,start_thres=1.25",hub,0.25,50,25,40,1730,25,4,15,1726,0.625,0.0023121387283236,0.8620689655172413,0.1379310344827586,0.1454455879601565
ni_tfnbs,"e=1.5,h=5.0,n=30,start_thres=1.25",hub,0.25,50,25,40,1730,23,3,17,1727,0.575,0.0017341040462427,0.8846153846153846,0.1153846153846153,0.1454455879601565
ni_tfnbs,"e=1.5,h=6.0,n=30,start_thres=1.25",hub,0.25,50,25,40,1730,21,1,19,1729,0.525,0.0005780346820809,0.9545454545454546,0.0454545454545454,0.1454455879601565
ni_tfnbs,"e=1.5,h=7.0,n=30,start_thres=1.25",hub,0.25,50,25,40,1730,21,1,19,1729,0.525,0.0005780346820809,0.9545454545454546,0.0454545454545454,0.1454455879601565
ni_tfnbs,"e=1.5,h=8.0,n=30,start_thres=1.25",hub,0.25,50,25,40,1730,20,1,20,1729,0.5,0.0005780346820809,0.9523809523809524,0.0476190476190476,0.1454455879601565
ni_tfnbs,"e=1.5,h=9.0,n=30,start_thres=1.25",hub,0.25,50,25,40,1730,19,1,21,1729,0.475,0.0005780346820809,0.95,0.05,0.1454455879601565
ni_tfnbs,"e=1.5,h=10.0,n=30,start_thres=1.25",hub,0.25,50,25,40,1730,17,0,23,1730,0.425,0.0,1.0,0.0,0.1454455879601565
ni_tfnbs,"e=0.05,h=0.5,n=30,start_thres=1.25",hub,0.25,50,26,40,1730,15,0,25,1730,0.375,0.0,1.0,0.0,0.1449290310794657
ni_tfnbs,"e=0.05,h=1.0,n=30,start_thres=1.25",hub,0.25,50,26,40,1730,15,0,25,1730,0.375,0.0,1.0,0.0,0.1449290310794657
ni_tfnbs,"e=0.05,h=2.0,n=30,start_thres=1.25",hub,0.25,50,26,40,1730,15,0,25,1730,0.375,0.0,1.0,0.0,0.1449290310794657
ni_tfnbs,"e=0.05,h=3.0,n=30,start_thres=1.25",hub,0.25,50,26,40,1730,15,0,25,1730,0.375,0.0,1.0,0.0,0.1449290310794657
ni_tfnbs,"e=0.05,h=4.0,n=30,start_thres=1.25",hub,0.25,50,26,40,1730,15,0,25,1730,0.375,0.0,1.0,0.0,0.1449290310794657
ni_tfnbs,"e=0.05,h=5.0,n=30,start_thres=1.25",hub,0.25,50,26,40,1730,15,0,25,1730,0.375,0.0,1.0,0.0,0.1449290310794657
ni_tfnbs,"e=0.05,h=6.0,n=30,start_thres=1.25",hub,0.25,50,26,40,1730,15,0,25,1730,0.375,0.0,1.0,0.0,0.1449290310794657
ni_tfnbs,"e=0.05,h=7.0,n=30,start_thres=1.25",hub,0.25,50,26,40,1730,15,0,25,1730,0.375,0.0,1.0,0.0,0.1449290310794657
ni_tfnbs,"e=0.05,h=8.0,n=30,start_thres=1.25",hub,0.25,50,26,40,1730,15,0,25,1730,0.375,0.0,1.0,0.0,0.1449290310794657
ni_tfnbs,"e=0.05,h=9.0,n=30,start_thres=1.25",hub,0.25,50,26,40,1730,15,0,25,1730,0.375,0.0,1.0,0.0,0.1449290310794657
ni_tfnbs,"e=0.05,h=10.0,n=30,start_thres=1.25",hub,0.25,50,26,40,1730,15,0,25,1730,0.375,0.0,1.0,0.0,0.1449290310794657
ni_tfnbs,"e=0.1,h=0.5,n=30,start_thres=1.25",hub,0.25,50,26,40,1730,16,0,24,1730,0.4,0.0,1.0,0.0,0.1449290310794657
ni_tfnbs,"e=0.1,h=1.0,n=30,start_thres=1.25",hub,0.25,50,26,40,1730,16,0,24,1730,0.4,0.0,1.0,0.0,0.1449290310794657
ni_tfnbs,"e=0.1,h=2.0,n=30,start_thres=1.25",hub,0.25,50,26,40,1730,16,0,24,1730,0.4,0.0,1.0,0.0,0.1449290310794657
ni_tfnbs,"e=0.1,h=3.0,n=30,start_thres=1.25",hub,0.25,50,26,40,1730,16,0,24,1730,0.4,0.0,1.0,0.0,0.1449290310794657
ni_tfnbs,"e=0.1,h=4.0,n=30,start_thres=1.25",hub,0.25,50,26,40,1730,16,0,24,1730,0.4,0.0,1.0,0.0,0.1449290310794657
ni_tfnbs,"e=0.1,h=5.0,n=30,start_thres=1.25",hub,0.25,50,26,40,1730,15,0,25,1730,0.375,0.0,1.0,0.0,0.1449290310794657
ni_tfnbs,"e=0.1,h=6.0,n=30,start_thres=1.25",hub,0.25,50,26,40,1730,15,0,25,1730,0.375,0.0,1.0,0.0,0.1449290310794657
ni_tfnbs,"e=0.1,h=7.0,n=30,start_thres=1.25",hub,0.25,50,26,40,1730,15,0,25,1730,0.375,0.0,1.0,0.0,0.1449290310794657
ni_tfnbs,"e=0.1,h=8.0,n=30,start_thres=1.25",hub,0.25,50,26,40,1730,15,0,25,1730,0.375,0.0,1.0,0.0,0.1449290310794657
ni_tfnbs,"e=0.1,h=9.0,n=30,start_thres=1.25",hub,0.25,50,26,40,1730,15,0,25,1730,0.375,0.0,1.0,0.0,0.1449290310794657
ni_tfnbs,"e=0.1,h=10.0,n=30,start_thres=1.25",hub,0.25,50,26,40,1730,15,0,25,1730,0.375,0.0,1.0,0.0,0.1449290310794657
ni_tfnbs,"e=0.2,h=0.5,n=30,start_thres=1.25",hub,0.25,50,26,40,1730,19,0,21,1730,0.475,0.0,1.0,0.0,0.1449290310794657
ni_tfnbs,"e=0.2,h=1.0,n=30,start_thres=1.25",hub,0.25,50,26,40,1730,19,0,21,1730,0.475,0.0,1.0,0.0,0.1449290310794657
ni_tfnbs,"e=0.2,h=2.0,n=30,start_thres=1.25",hub,0.25,50,26,40,1730,18,0,22,1730,0.45,0.0,1.0,0.0,0.1449290310794657
ni_tfnbs,"e=0.2,h=3.0,n=30,start_thres=1.25",hub,0.25,50,26,40,1730,18,0,22,1730,0.45,0.0,1.0,0.0,0.1449290310794657
ni_tfnbs,"e=0.2,h=4.0,n=30,start_thres=1.25",hub,0.25,50,26,40,1730,16,0,24,1730,0.4,0.0,1.0,0.0,0.1449290310794657
ni_tfnbs,"e=0.2,h=5.0,n=30,start_thres=1.25",hub,0.25,50,26,40,1730,16,0,24,1730,0.4,0.0,1.0,0.0,0.1449290310794657
ni_tfnbs,"e=0.2,h=6.0,n=30,start_thres=1.25",hub,0.25,50,26,40,1730,16,0,24,1730,0.4,0.0,1.0,0.0,0.1449290310794657
ni_tfnbs,"e=0.2,h=7.0,n=30,start_thres=1.25",hub,0.25,50,26,40,1730,16,0,24,1730,0.4,0.0,1.0,0.0,0.1449290310794657
ni_tfnbs,"e=0.2,h=8.0,n=30,start_thres=1.25",hub,0.25,50,26,40,1730,16,0,24,1730,0.4,0.0,1.0,0.0,0.1449290310794657
ni_tfnbs,"e=0.2,h=9.0,n=30,start_thres=1.25",hub,0.25,50,26,40,1730,16,0,24,1730,0.4,0.0,1.0,0.0,0.1449290310794657
ni_tfnbs,"e=0.2,h=10.0,n=30,start_thres=1.25",hub,0.25,50,26,40,1730,16,0,24,1730,0.4,0.0,1.0,0.0,0.1449290310794657
ni_tfnbs,"e=0.3,h=0.5,n=30,start_thres=1.25",hub,0.25,50,26,40,1730,21,0,19,1730,0.525,0.0,1.0,0.0,0.1449290310794657
ni_tfnbs,"e=0.3,h=1.0,n=30,start_thres=1.25",hub,0.25,50,26,40,1730,20,0,20,1730,0.5,0.0,1.0,0.0,0.1449290310794657
ni_tfnbs,"e=0.3,h=2.0,n=30,start_thres=1.25",hub,0.25,50,26,40,1730,19,0,21,1730,0.475,0.0,1.0,0.0,0.1449290310794657
ni_tfnbs,"e=0.3,h=3.0,n=30,start_thres=1.25",hub,0.25,50,26,40,1730,19,0,21,1730,0.475,0.0,1.0,0.0,0.1449290310794657
ni_tfnbs,"e=0.3,h=4.0,n=30,start_thres=1.25",hub,0.25,50,26,40,1730,19,0,21,1730,0.475,0.0,1.0,0.0,0.1449290310794657
ni_tfnbs,"e=0.3,h=5.0,n=30,start_thres=1.25",hub,0.25,50,26,40,1730,18,0,22,1730,0.45,0.0,1.0,0.0,0.1449290310794657
ni_tfnbs,"e=0.3,h=6.0,n=30,start_thres=1.25",hub,0.25,50,26,40,1730,18,0,22,1730,0.45,0.0,1.0,0.0,0.1449290310794657
ni_tfnbs,"e=0.3,h=7.0,n=30,start_thres=1.25",hub,0.25,50,26,40,1730,16,0,24,1730,0.4,0.0,1.0,0.0,0.1449290310794657
ni_tfnbs,"e=0.3,h=8.0,n=30,start_thres=1.25",hub,0.25,50,26,40,1730,16,0,24,1730,0.4,0.0,1.0,0.0,0.1449290310794657
ni_tfnbs,"e=0.3,h=9.0,n=30,start_thres=1.25",hub,0.25,50,26,40,1730,16,0,24,1730,0.4,0.0,1.0,0.0,0.1449290310794657
ni_tfnbs,"e=0.3,h=10.0,n=30,start_thres=1.25",hub,0.25,50,26,40,1730,16,0,24,1730,0.4,0.0,1.0,0.0,0.1449290310794657
ni_tfnbs,"e=0.4,h=0.5,n=30,start_thres=1.25",hub,0.25,50,26,40,1730,21,0,19,1730,0.525,0.0,1.0,0.0,0.1449290310794657
ni_tfnbs,"e=0.4,h=1.0,n=30,start_thres=1.25",hub,0.25,50,26,40,1730,21,0,19,1730,0.525,0.0,1.0,0.0,0.1449290310794657
ni_tfnbs,"e=0.4,h=2.0,n=30,start_thres=1.25",hub,0.25,50,26,40,1730,21,0,19,1730,0.525,0.0,1.0,0.0,0.1449290310794657
ni_tfnbs,"e=0.4,h=3.0,n=30,start_thres=1.25",hub,0.25,50,26,40,1730,20,0,20,1730,0.5,0.0,1.0,0.0,0.1449290310794657
ni_tfnbs,"e=0.4,h=4.0,n=30,start_thres=1.25",hub,0.25,50,26,40,1730,19,0,21,1730,0.475,0.0,1.0,0.0,0.1449290310794657
ni_tfnbs,"e=0.4,h=5.0,n=30,start_thres=1.25",hub,0.25,50,26,40,1730,19,0,21,1730,0.475,0.0,1.0,0.0,0.1449290310794657
ni_tfnbs,"e=0.4,h=6.0,n=30,start_thres=1.25",hub,0.25,50,26,40,1730,19,0,21,1730,0.475,0.0,1.0,0.0,0.1449290310794657
ni_tfnbs,"e=0.4,h=7.0,n=30,start_thres=1.25",hub,0.25,50,26,40,1730,18,0,22,1730,0.45,0.0,1.0,0.0,0.1449290310794657
ni_tfnbs,"e=0.4,h=8.0,n=30,start_thres=1.25",hub,0.25,50,26,40,1730,18,0,22,1730,0.45,0.0,1.0,0.0,0.1449290310794657
ni_tfnbs,"e=0.4,h=9.0,n=30,start_thres=1.25",hub,0.25,50,26,40,1730,18,0,22,1730,0.45,0.0,1.0,0.0,0.1449290310794657
ni_tfnbs,"e=0.4,h=10.0,n=30,start_thres=1.25",hub,0.25,50,26,40,1730,16,0,24,1730,0.4,0.0,1.0,0.0,0.1449290310794657
ni_tfnbs,"e=0.5,h=0.5,n=30,start_thres=1.25",hub,0.25,50,26,40,1730,22,0,18,1730,0.55,0.0,1.0,0.0,0.1449290310794657
ni_tfnbs,"e=0.5,h=1.0,n=30,start_thres=1.25",hub,0.25,50,26,40,1730,21,0,19,1730,0.525,0.0,1.0,0.0,0.1449290310794657
ni_tfnbs,"e=0.5,h=2.0,n=30,start_thres=1.25",hub,0.25,50,26,40,1730,21,0,19,1730,0.525,0.0,1.0,0.0,0.1449290310794657
ni_tfnbs,"e=0.5,h=3.0,n=30,start_thres=1.25",hub,0.25,50,26,40,1730,21,0,19,1730,0.525,0.0,1.0,0.0,0.1449290310794657
ni_tfnbs,"e=0.5,h=4.0,n=30,start_thres=1.25",hub,0.25,50,26,40,1730,21,0,19,1730,0.525,0.0,1.0,0.0,0.1449290310794657
ni_tfnbs,"e=0.5,h=5.0,n=30,start_thres=1.25",hub,0.25,50,26,40,1730,20,0,20,1730,0.5,0.0,1.0,0.0,0.1449290310794657
ni_tfnbs,"e=0.5,h=6.0,n=30,start_thres=1.25",hub,0.25,50,26,40,1730,19,0,21,1730,0.475,0.0,1.0,0.0,0.1449290310794657
ni_tfnbs,"e=0.5,h=7.0,n=30,start_thres=1.25",hub,0.25,50,26,40,1730,19,0,21,1730,0.475,0.0,1.0,0.0,0.1449290310794657
ni_tfnbs,"e=0.5,h=8.0,n=30,start_thres=1.25",hub,0.25,50,26,40,1730,19,0,21,1730,0.475,0.0,1.0,0.0,0.1449290310794657
ni_tfnbs,"e=0.5,h=9.0,n=30,start_thres=1.25",hub,0.25,50,26,40,1730,19,0,21,1730,0.475,0.0,1.0,0.0,0.1449290310794657
ni_tfnbs,"e=0.5,h=10.0,n=30,start_thres=1.25",hub,0.25,50,26,40,1730,18,0,22,1730,0.45,0.0,1.0,0.0,0.1449290310794657
ni_tfnbs,"e=0.6,h=0.5,n=30,start_thres=1.25",hub,0.25,50,26,40,1730,22,0,18,1730,0.55,0.0,1.0,0.0,0.1449290310794657
ni_tfnbs,"e=0.6,h=1.0,n=30,start_thres=1.25",hub,0.25,50,26,40,1730,22,0,18,1730,0.55,0.0,1.0,0.0,0.1449290310794657
ni_tfnbs,"e=0.6,h=2.0,n=30,start_thres=1.25",hub,0.25,50,26,40,1730,22,0,18,1730,0.55,0.0,1.0,0.0,0.1449290310794657
ni_tfnbs,"e=0.6,h=3.0,n=30,start_thres=1.25",hub,0.25,50,26,40,1730,21,0,19,1730,0.525,0.0,1.0,0.0,0.1449290310794657
ni_tfnbs,"e=0.6,h=4.0,n=30,start_thres=1.25",hub,0.25,50,26,40,1730,21,0,19,1730,0.525,0.0,1.0,0.0,0.1449290310794657
ni_tfnbs,"e=0.6,h=5.0,n=30,start_thres=1.25",hub,0.25,50,26,40,1730,21,0,19,1730,0.525,0.0,1.0,0.0,0.1449290310794657
ni_tfnbs,"e=0.6,h=6.0,n=30,start_thres=1.25",hub,0.25,50,26,40,1730,20,0,20,1730,0.5,0.0,1.0,0.0,0.1449290310794657
ni_tfnbs,"e=0.6,h=7.0,n=30,start_thres=1.25",hub,0.25,50,26,40,1730,19,0,21,1730,0.475,0.0,1.0,0.0,0.1449290310794657
ni_tfnbs,"e=0.6,h=8.0,n=30,start_thres=1.25",hub,0.25,50,26,40,1730,19,0,21,1730,0.475,0.0,1.0,0.0,0.1449290310794657
ni_tfnbs,"e=0.6,h=9.0,n=30,start_thres=1.25",hub,0.25,50,26,40,1730,19,0,21,1730,0.475,0.0,1.0,0.0,0.1449290310794657
ni_tfnbs,"e=0.6,h=10.0,n=30,start_thres=1.25",hub,0.25,50,26,40,1730,19,0,21,1730,0.475,0.0,1.0,0.0,0.1449290310794657
ni_tfnbs,"e=0.7,h=0.5,n=30,start_thres=1.25",hub,0.25,50,26,40,1730,22,0,18,1730,0.55,0.0,1.0,0.0,0.1449290310794657
ni_tfnbs,"e=0.7,h=1.0,n=30,start_thres=1.25",hub,0.25,50,26,40,1730,22,0,18,1730,0.55,0.0,1.0,0.0,0.1449290310794657
ni_tfnbs,"e=0.7,h=2.0,n=30,start_thres=1.25",hub,0.25,50,26,40,1730,22,0,18,1730,0.55,0.0,1.0,0.0,0.1449290310794657
ni_tfnbs,"e=0.7,h=3.0,n=30,start_thres=1.25",hub,0.25,50,26,40,1730,22,0,18,1730,0.55,0.0,1.0,0.0,0.1449290310794657
ni_tfnbs,"e=0.7,h=4.0,n=30,start_thres=1.25",hub,0.25,50,26,40,1730,22,0,18,1730,0.55,0.0,1.0,0.0,0.1449290310794657
ni_tfnbs,"e=0.7,h=5.0,n=30,start_thres=1.25",hub,0.25,50,26,40,1730,21,0,19,1730,0.525,0.0,1.0,0.0,0.1449290310794657
ni_tfnbs,"e=0.7,h=6.0,n=30,start_thres=1.25",hub,0.25,50,26,40,1730,21,0,19,1730,0.525,0.0,1.0,0.0,0.1449290310794657
ni_tfnbs,"e=0.7,h=7.0,n=30,start_thres=1.25",hub,0.25,50,26,40,1730,21,0,19,1730,0.525,0.0,1.0,0.0,0.1449290310794657
ni_tfnbs,"e=0.7,h=8.0,n=30,start_thres=1.25",hub,0.25,50,26,40,1730,20,0,20,1730,0.5,0.0,1.0,0.0,0.1449290310794657
ni_tfnbs,"e=0.7,h=9.0,n=30,start_thres=1.25",hub,0.25,50,26,40,1730,19,0,21,1730,0.475,0.0,1.0,0.0,0.1449290310794657
ni_tfnbs,"e=0.7,h=10.0,n=30,start_thres=1.25",hub,0.25,50,26,40,1730,19,0,21,1730,0.475,0.0,1.0,0.0,0.1449290310794657
ni_tfnbs,"e=0.8,h=0.5,n=30,start_thres=1.25",hub,0.25,50,26,40,1730,22,0,18,1730,0.55,0.0,1.0,0.0,0.1449290310794657
ni_tfnbs,"e=0.8,h=1.0,n=30,start_thres=1.25",hub,0.25,50,26,40,1730,22,0,18,1730,0.55,0.0,1.0,0.0,0.1449290310794657
ni_tfnbs,"e=0.8,h=2.0,n=30,start_thres=1.25",hub,0.25,50,26,40,1730,22,0,18,1730,0.55,0.0,1.0,0.0,0.1449290310794657
ni_tfnbs,"e=0.8,h=3.0,n=30,start_thres=1.25",hub,0.25,50,26,40,1730,22,0,18,1730,0.55,0.0,1.0,0.0,0.1449290310794657
ni_tfnbs,"e=0.8,h=4.0,n=30,start_thres=1.25",hub,0.25,50,26,40,1730,22,0,18,1730,0.55,0.0,1.0,0.0,0.1449290310794657
ni_tfnbs,"e=0.8,h=5.0,n=30,start_thres=1.25",hub,0.25,50,26,40,1730,22,0,18,1730,0.55,0.0,1.0,0.0,0.1449290310794657
ni_tfnbs,"e=0.8,h=6.0,n=30,start_thres=1.25",hub,0.25,50,26,40,1730,21,0,19,1730,0.525,0.0,1.0,0.0,0.1449290310794657
ni_tfnbs,"e=0.8,h=7.0,n=30,start_thres=1.25",hub,0.25,50,26,40,1730,21,0,19,1730,0.525,0.0,1.0,0.0,0.1449290310794657
ni_tfnbs,"e=0.8,h=8.0,n=30,start_thres=1.25",hub,0.25,50,26,40,1730,21,0,19,1730,0.525,0.0,1.0,0.0,0.1449290310794657
ni_tfnbs,"e=0.8,h=9.0,n=30,start_thres=1.25",hub,0.25,50,26,40,1730,20,0,20,1730,0.5,0.0,1.0,0.0,0.1449290310794657
ni_tfnbs,"e=0.8,h=10.0,n=30,start_thres=1.25",hub,0.25,50,26,40,1730,19,0,21,1730,0.475,0.0,1.0,0.0,0.1449290310794657
ni_tfnbs,"e=0.9,h=0.5,n=30,start_thres=1.25",hub,0.25,50,26,40,1730,22,0,18,1730,0.55,0.0,1.0,0.0,0.1449290310794657
ni_tfnbs,"e=0.9,h=1.0,n=30,start_thres=1.25",hub,0.25,50,26,40,1730,22,0,18,1730,0.55,0.0,1.0,0.0,0.1449290310794657
ni_tfnbs,"e=0.9,h=2.0,n=30,start_thres=1.25",hub,0.25,50,26,40,1730,22,0,18,1730,0.55,0.0,1.0,0.0,0.1449290310794657
ni_tfnbs,"e=0.9,h=3.0,n=30,start_thres=1.25",hub,0.25,50,26,40,1730,22,0,18,1730,0.55,0.0,1.0,0.0,0.1449290310794657
ni_tfnbs,"e=0.9,h=4.0,n=30,start_thres=1.25",hub,0.25,50,26,40,1730,22,0,18,1730,0.55,0.0,1.0,0.0,0.1449290310794657
ni_tfnbs,"e=0.9,h=5.0,n=30,start_thres=1.25",hub,0.25,50,26,40,1730,22,0,18,1730,0.55,0.0,1.0,0.0,0.1449290310794657
ni_tfnbs,"e=0.9,h=6.0,n=30,start_thres=1.25",hub,0.25,50,26,40,1730,22,0,18,1730,0.55,0.0,1.0,0.0,0.1449290310794657
ni_tfnbs,"e=0.9,h=7.0,n=30,start_thres=1.25",hub,0.25,50,26,40,1730,21,0,19,1730,0.525,0.0,1.0,0.0,0.1449290310794657
ni_tfnbs,"e=0.9,h=8.0,n=30,start_thres=1.25",hub,0.25,50,26,40,1730,21,0,19,1730,0.525,0.0,1.0,0.0,0.1449290310794657
ni_tfnbs,"e=0.9,h=9.0,n=30,start_thres=1.25",hub,0.25,50,26,40,1730,21,0,19,1730,0.525,0.0,1.0,0.0,0.1449290310794657
ni_tfnbs,"e=0.9,h=10.0,n=30,start_thres=1.25",hub,0.25,50,26,40,1730,21,0,19,1730,0.525,0.0,1.0,0.0,0.1449290310794657
ni_tfnbs,"e=1.0,h=0.5,n=30,start_thres=1.25",hub,0.25,50,26,40,1730,22,0,18,1730,0.55,0.0,1.0,0.0,0.1449290310794657
ni_tfnbs,"e=1.0,h=1.0,n=30,start_thres=1.25",hub,0.25,50,26,40,1730,22,0,18,1730,0.55,0.0,1.0,0.0,0.1449290310794657
ni_tfnbs,"e=1.0,h=2.0,n=30,start_thres=1.25",hub,0.25,50,26,40,1730,22,0,18,1730,0.55,0.0,1.0,0.0,0.1449290310794657
ni_tfnbs,"e=1.0,h=3.0,n=30,start_thres=1.25",hub,0.25,50,26,40,1730,22,0,18,1730,0.55,0.0,1.0,0.0,0.1449290310794657
ni_tfnbs,"e=1.0,h=4.0,n=30,start_thres=1.25",hub,0.25,50,26,40,1730,22,0,18,1730,0.55,0.0,1.0,0.0,0.1449290310794657
ni_tfnbs,"e=1.0,h=5.0,n=30,start_thres=1.25",hub,0.25,50,26,40,1730,22,0,18,1730,0.55,0.0,1.0,0.0,0.1449290310794657
ni_tfnbs,"e=1.0,h=6.0,n=30,start_thres=1.25",hub,0.25,50,26,40,1730,22,0,18,1730,0.55,0.0,1.0,0.0,0.1449290310794657
ni_tfnbs,"e=1.0,h=7.0,n=30,start_thres=1.25",hub,0.25,50,26,40,1730,22,0,18,1730,0.55,0.0,1.0,0.0,0.1449290310794657
ni_tfnbs,"e=1.0,h=8.0,n=30,start_thres=1.25",hub,0.25,50,26,40,1730,21,0,19,1730,0.525,0.0,1.0,0.0,0.1449290310794657
ni_tfnbs,"e=1.0,h=9.0,n=30,start_thres=1.25",hub,0.25,50,26,40,1730,21,0,19,1730,0.525,0.0,1.0,0.0,0.1449290310794657
ni_tfnbs,"e=1.0,h=10.0,n=30,start_thres=1.25",hub,0.25,50,26,40,1730,21,0,19,1730,0.525,0.0,1.0,0.0,0.1449290310794657
ni_tfnbs,"e=1.1,h=0.5,n=30,start_thres=1.25",hub,0.25,50,26,40,1730,21,0,19,1730,0.525,0.0,1.0,0.0,0.1449290310794657
ni_tfnbs,"e=1.1,h=1.0,n=30,start_thres=1.25",hub,0.25,50,26,40,1730,22,0,18,1730,0.55,0.0,1.0,0.0,0.1449290310794657
ni_tfnbs,"e=1.1,h=2.0,n=30,start_thres=1.25",hub,0.25,50,26,40,1730,22,0,18,1730,0.55,0.0,1.0,0.0,0.1449290310794657
ni_tfnbs,"e=1.1,h=3.0,n=30,start_thres=1.25",hub,0.25,50,26,40,1730,22,0,18,1730,0.55,0.0,1.0,0.0,0.1449290310794657
ni_tfnbs,"e=1.1,h=4.0,n=30,start_thres=1.25",hub,0.25,50,26,40,1730,22,0,18,1730,0.55,0.0,1.0,0.0,0.1449290310794657
ni_tfnbs,"e=1.1,h=5.0,n=30,start_thres=1.25",hub,0.25,50,26,40,1730,22,0,18,1730,0.55,0.0,1.0,0.0,0.1449290310794657
ni_tfnbs,"e=1.1,h=6.0,n=30,start_thres=1.25",hub,0.25,50,26,40,1730,22,0,18,1730,0.55,0.0,1.0,0.0,0.1449290310794657
ni_tfnbs,"e=1.1,h=7.0,n=30,start_thres=1.25",hub,0.25,50,26,40,1730,22,0,18,1730,0.55,0.0,1.0,0.0,0.1449290310794657
ni_tfnbs,"e=1.1,h=8.0,n=30,start_thres=1.25",hub,0.25,50,26,40,1730,22,0,18,1730,0.55,0.0,1.0,0.0,0.1449290310794657
ni_tfnbs,"e=1.1,h=9.0,n=30,start_thres=1.25",hub,0.25,50,26,40,1730,21,0,19,1730,0.525,0.0,1.0,0.0,0.1449290310794657
ni_tfnbs,"e=1.1,h=10.0,n=30,start_thres=1.25",hub,0.25,50,26,40,1730,21,0,19,1730,0.525,0.0,1.0,0.0,0.1449290310794657
ni_tfnbs,"e=1.2,h=0.5,n=30,start_thres=1.25",hub,0.25,50,26,40,1730,21,0,19,1730,0.525,0.0,1.0,0.0,0.1449290310794657
ni_tfnbs,"e=1.2,h=1.0,n=30,start_thres=1.25",hub,0.25,50,26,40,1730,22,0,18,1730,0.55,0.0,1.0,0.0,0.1449290310794657
ni_tfnbs,"e=1.2,h=2.0,n=30,start_thres=1.25",hub,0.25,50,26,40,1730,22,0,18,1730,0.55,0.0,1.0,0.0,0.1449290310794657
ni_tfnbs,"e=1.2,h=3.0,n=30,start_thres=1.25",hub,0.25,50,26,40,1730,22,0,18,1730,0.55,0.0,1.0,0.0,0.1449290310794657
ni_tfnbs,"e=1.2,h=4.0,n=30,start_thres=1.25",hub,0.25,50,26,40,1730,23,0,17,1730,0.575,0.0,1.0,0.0,0.1449290310794657
ni_tfnbs,"e=1.2,h=5.0,n=30,start_thres=1.25",hub,0.25,50,26,40,1730,22,0,18,1730,0.55,0.0,1.0,0.0,0.1449290310794657
ni_tfnbs,"e=1.2,h=6.0,n=30,start_thres=1.25",hub,0.25,50,26,40,1730,22,0,18,1730,0.55,0.0,1.0,0.0,0.1449290310794657
ni_tfnbs,"e=1.2,h=7.0,n=30,start_thres=1.25",hub,0.25,50,26,40,1730,22,0,18,1730,0.55,0.0,1.0,0.0,0.1449290310794657
ni_tfnbs,"e=1.2,h=8.0,n=30,start_thres=1.25",hub,0.25,50,26,40,1730,22,0,18,1730,0.55,0.0,1.0,0.0,0.1449290310794657
ni_tfnbs,"e=1.2,h=9.0,n=30,start_thres=1.25",hub,0.25,50,26,40,1730,21,0,19,1730,0.525,0.0,1.0,0.0,0.1449290310794657
ni_tfnbs,"e=1.2,h=10.0,n=30,start_thres=1.25",hub,0.25,50,26,40,1730,21,0,19,1730,0.525,0.0,1.0,0.0,0.1449290310794657
ni_tfnbs,"e=1.3,h=0.5,n=30,start_thres=1.25",hub,0.25,50,26,40,1730,21,0,19,1730,0.525,0.0,1.0,0.0,0.1449290310794657
ni_tfnbs,"e=1.3,h=1.0,n=30,start_thres=1.25",hub,0.25,50,26,40,1730,21,0,19,1730,0.525,0.0,1.0,0.0,0.1449290310794657
ni_tfnbs,"e=1.3,h=2.0,n=30,start_thres=1.25",hub,0.25,50,26,40,1730,22,0,18,1730,0.55,0.0,1.0,0.0,0.1449290310794657
ni_tfnbs,"e=1.3,h=3.0,n=30,start_thres=1.25",hub,0.25,50,26,40,1730,23,0,17,1730,0.575,0.0,1.0,0.0,0.1449290310794657
ni_tfnbs,"e=1.3,h=4.0,n=30,start_thres=1.25",hub,0.25,50,26,40,1730,23,0,17,1730,0.575,0.0,1.0,0.0,0.1449290310794657
ni_tfnbs,"e=1.3,h=5.0,n=30,start_thres=1.25",hub,0.25,50,26,40,1730,22,0,18,1730,0.55,0.0,1.0,0.0,0.1449290310794657
ni_tfnbs,"e=1.3,h=6.0,n=30,start_thres=1.25",hub,0.25,50,26,40,1730,22,0,18,1730,0.55,0.0,1.0,0.0,0.1449290310794657
ni_tfnbs,"e=1.3,h=7.0,n=30,start_thres=1.25",hub,0.25,50,26,40,1730,22,0,18,1730,0.55,0.0,1.0,0.0,0.1449290310794657
ni_tfnbs,"e=1.3,h=8.0,n=30,start_thres=1.25",hub,0.25,50,26,40,1730,22,0,18,1730,0.55,0.0,1.0,0.0,0.1449290310794657
ni_tfnbs,"e=1.3,h=9.0,n=30,start_thres=1.25",hub,0.25,50,26,40,1730,22,0,18,1730,0.55,0.0,1.0,0.0,0.1449290310794657
ni_tfnbs,"e=1.3,h=10.0,n=30,start_thres=1.25",hub,0.25,50,26,40,1730,21,0,19,1730,0.525,0.0,1.0,0.0,0.1449290310794657
ni_tfnbs,"e=1.4,h=0.5,n=30,start_thres=1.25",hub,0.25,50,26,40,1730,21,0,19,1730,0.525,0.0,1.0,0.0,0.1449290310794657
ni_tfnbs,"e=1.4,h=1.0,n=30,start_thres=1.25",hub,0.25,50,26,40,1730,21,0,19,1730,0.525,0.0,1.0,0.0,0.1449290310794657
ni_tfnbs,"e=1.4,h=2.0,n=30,start_thres=1.25",hub,0.25,50,26,40,1730,22,0,18,1730,0.55,0.0,1.0,0.0,0.1449290310794657
ni_tfnbs,"e=1.4,h=3.0,n=30,start_thres=1.25",hub,0.25,50,26,40,1730,23,0,17,1730,0.575,0.0,1.0,0.0,0.1449290310794657
ni_tfnbs,"e=1.4,h=4.0,n=30,start_thres=1.25",hub,0.25,50,26,40,1730,23,0,17,1730,0.575,0.0,1.0,0.0,0.1449290310794657
ni_tfnbs,"e=1.4,h=5.0,n=30,start_thres=1.25",hub,0.25,50,26,40,1730,23,0,17,1730,0.575,0.0,1.0,0.0,0.1449290310794657
ni_tfnbs,"e=1.4,h=6.0,n=30,start_thres=1.25",hub,0.25,50,26,40,1730,22,0,18,1730,0.55,0.0,1.0,0.0,0.1449290310794657
ni_tfnbs,"e=1.4,h=7.0,n=30,start_thres=1.25",hub,0.25,50,26,40,1730,22,0,18,1730,0.55,0.0,1.0,0.0,0.1449290310794657
ni_tfnbs,"e=1.4,h=8.0,n=30,start_thres=1.25",hub,0.25,50,26,40,1730,22,0,18,1730,0.55,0.0,1.0,0.0,0.1449290310794657
ni_tfnbs,"e=1.4,h=9.0,n=30,start_thres=1.25",hub,0.25,50,26,40,1730,22,0,18,1730,0.55,0.0,1.0,0.0,0.1449290310794657
ni_tfnbs,"e=1.4,h=10.0,n=30,start_thres=1.25",hub,0.25,50,26,40,1730,22,0,18,1730,0.55,0.0,1.0,0.0,0.1449290310794657
ni_tfnbs,"e=1.5,h=0.5,n=30,start_thres=1.25",hub,0.25,50,26,40,1730,21,0,19,1730,0.525,0.0,1.0,0.0,0.1449290310794657
ni_tfnbs,"e=1.5,h=1.0,n=30,start_thres=1.25",hub,0.25,50,26,40,1730,21,0,19,1730,0.525,0.0,1.0,0.0,0.1449290310794657
ni_tfnbs,"e=1.5,h=2.0,n=30,start_thres=1.25",hub,0.25,50,26,40,1730,22,0,18,1730,0.55,0.0,1.0,0.0,0.1449290310794657
ni_tfnbs,"e=1.5,h=3.0,n=30,start_thres=1.25",hub,0.25,50,26,40,1730,22,0,18,1730,0.55,0.0,1.0,0.0,0.1449290310794657
ni_tfnbs,"e=1.5,h=4.0,n=30,start_thres=1.25",hub,0.25,50,26,40,1730,24,0,16,1730,0.6,0.0,1.0,0.0,0.1449290310794657
ni_tfnbs,"e=1.5,h=5.0,n=30,start_thres=1.25",hub,0.25,50,26,40,1730,23,0,17,1730,0.575,0.0,1.0,0.0,0.1449290310794657
ni_tfnbs,"e=1.5,h=6.0,n=30,start_thres=1.25",hub,0.25,50,26,40,1730,23,0,17,1730,0.575,0.0,1.0,0.0,0.1449290310794657
ni_tfnbs,"e=1.5,h=7.0,n=30,start_thres=1.25",hub,0.25,50,26,40,1730,22,0,18,1730,0.55,0.0,1.0,0.0,0.1449290310794657
ni_tfnbs,"e=1.5,h=8.0,n=30,start_thres=1.25",hub,0.25,50,26,40,1730,22,0,18,1730,0.55,0.0,1.0,0.0,0.1449290310794657
ni_tfnbs,"e=1.5,h=9.0,n=30,start_thres=1.25",hub,0.25,50,26,40,1730,22,0,18,1730,0.55,0.0,1.0,0.0,0.1449290310794657
ni_tfnbs,"e=1.5,h=10.0,n=30,start_thres=1.25",hub,0.25,50,26,40,1730,22,0,18,1730,0.55,0.0,1.0,0.0,0.1449290310794657
ni_tfnbs,"e=0.05,h=0.5,n=30,start_thres=1.25",hub,0.25,50,27,40,1730,18,0,22,1730,0.45,0.0,1.0,0.0,0.1445140499960292
ni_tfnbs,"e=0.05,h=1.0,n=30,start_thres=1.25",hub,0.25,50,27,40,1730,18,0,22,1730,0.45,0.0,1.0,0.0,0.1445140499960292
ni_tfnbs,"e=0.05,h=2.0,n=30,start_thres=1.25",hub,0.25,50,27,40,1730,18,0,22,1730,0.45,0.0,1.0,0.0,0.1445140499960292
ni_tfnbs,"e=0.05,h=3.0,n=30,start_thres=1.25",hub,0.25,50,27,40,1730,16,0,24,1730,0.4,0.0,1.0,0.0,0.1445140499960292
ni_tfnbs,"e=0.05,h=4.0,n=30,start_thres=1.25",hub,0.25,50,27,40,1730,16,0,24,1730,0.4,0.0,1.0,0.0,0.1445140499960292
ni_tfnbs,"e=0.05,h=5.0,n=30,start_thres=1.25",hub,0.25,50,27,40,1730,16,0,24,1730,0.4,0.0,1.0,0.0,0.1445140499960292
ni_tfnbs,"e=0.05,h=6.0,n=30,start_thres=1.25",hub,0.25,50,27,40,1730,16,0,24,1730,0.4,0.0,1.0,0.0,0.1445140499960292
ni_tfnbs,"e=0.05,h=7.0,n=30,start_thres=1.25",hub,0.25,50,27,40,1730,16,0,24,1730,0.4,0.0,1.0,0.0,0.1445140499960292
ni_tfnbs,"e=0.05,h=8.0,n=30,start_thres=1.25",hub,0.25,50,27,40,1730,16,0,24,1730,0.4,0.0,1.0,0.0,0.1445140499960292
ni_tfnbs,"e=0.05,h=9.0,n=30,start_thres=1.25",hub,0.25,50,27,40,1730,16,0,24,1730,0.4,0.0,1.0,0.0,0.1445140499960292
ni_tfnbs,"e=0.05,h=10.0,n=30,start_thres=1.25",hub,0.25,50,27,40,1730,16,0,24,1730,0.4,0.0,1.0,0.0,0.1445140499960292
ni_tfnbs,"e=0.1,h=0.5,n=30,start_thres=1.25",hub,0.25,50,27,40,1730,21,0,19,1730,0.525,0.0,1.0,0.0,0.1445140499960292
ni_tfnbs,"e=0.1,h=1.0,n=30,start_thres=1.25",hub,0.25,50,27,40,1730,21,0,19,1730,0.525,0.0,1.0,0.0,0.1445140499960292
ni_tfnbs,"e=0.1,h=2.0,n=30,start_thres=1.25",hub,0.25,50,27,40,1730,19,0,21,1730,0.475,0.0,1.0,0.0,0.1445140499960292
ni_tfnbs,"e=0.1,h=3.0,n=30,start_thres=1.25",hub,0.25,50,27,40,1730,19,0,21,1730,0.475,0.0,1.0,0.0,0.1445140499960292
ni_tfnbs,"e=0.1,h=4.0,n=30,start_thres=1.25",hub,0.25,50,27,40,1730,19,0,21,1730,0.475,0.0,1.0,0.0,0.1445140499960292
ni_tfnbs,"e=0.1,h=5.0,n=30,start_thres=1.25",hub,0.25,50,27,40,1730,18,0,22,1730,0.45,0.0,1.0,0.0,0.1445140499960292
ni_tfnbs,"e=0.1,h=6.0,n=30,start_thres=1.25",hub,0.25,50,27,40,1730,18,0,22,1730,0.45,0.0,1.0,0.0,0.1445140499960292
ni_tfnbs,"e=0.1,h=7.0,n=30,start_thres=1.25",hub,0.25,50,27,40,1730,18,0,22,1730,0.45,0.0,1.0,0.0,0.1445140499960292
ni_tfnbs,"e=0.1,h=8.0,n=30,start_thres=1.25",hub,0.25,50,27,40,1730,16,0,24,1730,0.4,0.0,1.0,0.0,0.1445140499960292
ni_tfnbs,"e=0.1,h=9.0,n=30,start_thres=1.25",hub,0.25,50,27,40,1730,16,0,24,1730,0.4,0.0,1.0,0.0,0.1445140499960292
ni_tfnbs,"e=0.1,h=10.0,n=30,start_thres=1.25",hub,0.25,50,27,40,1730,16,0,24,1730,0.4,0.0,1.0,0.0,0.1445140499960292
ni_tfnbs,"e=0.2,h=0.5,n=30,start_thres=1.25",hub,0.25,50,27,40,1730,23,0,17,1730,0.575,0.0,1.0,0.0,0.1445140499960292
ni_tfnbs,"e=0.2,h=1.0,n=30,start_thres=1.25",hub,0.25,50,27,40,1730,23,0,17,1730,0.575,0.0,1.0,0.0,0.1445140499960292
ni_tfnbs,"e=0.2,h=2.0,n=30,start_thres=1.25",hub,0.25,50,27,40,1730,23,0,17,1730,0.575,0.0,1.0,0.0,0.1445140499960292
ni_tfnbs,"e=0.2,h=3.0,n=30,start_thres=1.25",hub,0.25,50,27,40,1730,21,0,19,1730,0.525,0.0,1.0,0.0,0.1445140499960292
ni_tfnbs,"e=0.2,h=4.0,n=30,start_thres=1.25",hub,0.25,50,27,40,1730,21,0,19,1730,0.525,0.0,1.0,0.0,0.1445140499960292
ni_tfnbs,"e=0.2,h=5.0,n=30,start_thres=1.25",hub,0.25,50,27,40,1730,21,0,19,1730,0.525,0.0,1.0,0.0,0.1445140499960292
ni_tfnbs,"e=0.2,h=6.0,n=30,start_thres=1.25",hub,0.25,50,27,40,1730,19,0,21,1730,0.475,0.0,1.0,0.0,0.1445140499960292
ni_tfnbs,"e=0.2,h=7.0,n=30,start_thres=1.25",hub,0.25,50,27,40,1730,19,0,21,1730,0.475,0.0,1.0,0.0,0.1445140499960292
ni_tfnbs,"e=0.2,h=8.0,n=30,start_thres=1.25",hub,0.25,50,27,40,1730,19,0,21,1730,0.475,0.0,1.0,0.0,0.1445140499960292
ni_tfnbs,"e=0.2,h=9.0,n=30,start_thres=1.25",hub,0.25,50,27,40,1730,19,0,21,1730,0.475,0.0,1.0,0.0,0.1445140499960292
ni_tfnbs,"e=0.2,h=10.0,n=30,start_thres=1.25",hub,0.25,50,27,40,1730,19,0,21,1730,0.475,0.0,1.0,0.0,0.1445140499960292
ni_tfnbs,"e=0.3,h=0.5,n=30,start_thres=1.25",hub,0.25,50,27,40,1730,25,0,15,1730,0.625,0.0,1.0,0.0,0.1445140499960292
ni_tfnbs,"e=0.3,h=1.0,n=30,start_thres=1.25",hub,0.25,50,27,40,1730,25,0,15,1730,0.625,0.0,1.0,0.0,0.1445140499960292
ni_tfnbs,"e=0.3,h=2.0,n=30,start_thres=1.25",hub,0.25,50,27,40,1730,23,0,17,1730,0.575,0.0,1.0,0.0,0.1445140499960292
ni_tfnbs,"e=0.3,h=3.0,n=30,start_thres=1.25",hub,0.25,50,27,40,1730,23,0,17,1730,0.575,0.0,1.0,0.0,0.1445140499960292
ni_tfnbs,"e=0.3,h=4.0,n=30,start_thres=1.25",hub,0.25,50,27,40,1730,23,0,17,1730,0.575,0.0,1.0,0.0,0.1445140499960292
ni_tfnbs,"e=0.3,h=5.0,n=30,start_thres=1.25",hub,0.25,50,27,40,1730,22,0,18,1730,0.55,0.0,1.0,0.0,0.1445140499960292
ni_tfnbs,"e=0.3,h=6.0,n=30,start_thres=1.25",hub,0.25,50,27,40,1730,21,0,19,1730,0.525,0.0,1.0,0.0,0.1445140499960292
ni_tfnbs,"e=0.3,h=7.0,n=30,start_thres=1.25",hub,0.25,50,27,40,1730,21,0,19,1730,0.525,0.0,1.0,0.0,0.1445140499960292
ni_tfnbs,"e=0.3,h=8.0,n=30,start_thres=1.25",hub,0.25,50,27,40,1730,21,0,19,1730,0.525,0.0,1.0,0.0,0.1445140499960292
ni_tfnbs,"e=0.3,h=9.0,n=30,start_thres=1.25",hub,0.25,50,27,40,1730,21,0,19,1730,0.525,0.0,1.0,0.0,0.1445140499960292
ni_tfnbs,"e=0.3,h=10.0,n=30,start_thres=1.25",hub,0.25,50,27,40,1730,19,0,21,1730,0.475,0.0,1.0,0.0,0.1445140499960292
ni_tfnbs,"e=0.4,h=0.5,n=30,start_thres=1.25",hub,0.25,50,27,40,1730,28,1,12,1729,0.7,0.0005780346820809,0.9655172413793104,0.0344827586206896,0.1445140499960292
ni_tfnbs,"e=0.4,h=1.0,n=30,start_thres=1.25",hub,0.25,50,27,40,1730,26,0,14,1730,0.65,0.0,1.0,0.0,0.1445140499960292
ni_tfnbs,"e=0.4,h=2.0,n=30,start_thres=1.25",hub,0.25,50,27,40,1730,25,0,15,1730,0.625,0.0,1.0,0.0,0.1445140499960292
ni_tfnbs,"e=0.4,h=3.0,n=30,start_thres=1.25",hub,0.25,50,27,40,1730,25,0,15,1730,0.625,0.0,1.0,0.0,0.1445140499960292
ni_tfnbs,"e=0.4,h=4.0,n=30,start_thres=1.25",hub,0.25,50,27,40,1730,23,0,17,1730,0.575,0.0,1.0,0.0,0.1445140499960292
ni_tfnbs,"e=0.4,h=5.0,n=30,start_thres=1.25",hub,0.25,50,27,40,1730,23,0,17,1730,0.575,0.0,1.0,0.0,0.1445140499960292
ni_tfnbs,"e=0.4,h=6.0,n=30,start_thres=1.25",hub,0.25,50,27,40,1730,23,0,17,1730,0.575,0.0,1.0,0.0,0.1445140499960292
ni_tfnbs,"e=0.4,h=7.0,n=30,start_thres=1.25",hub,0.25,50,27,40,1730,23,0,17,1730,0.575,0.0,1.0,0.0,0.1445140499960292
ni_tfnbs,"e=0.4,h=8.0,n=30,start_thres=1.25",hub,0.25,50,27,40,1730,21,0,19,1730,0.525,0.0,1.0,0.0,0.1445140499960292
ni_tfnbs,"e=0.4,h=9.0,n=30,start_thres=1.25",hub,0.25,50,27,40,1730,21,0,19,1730,0.525,0.0,1.0,0.0,0.1445140499960292
ni_tfnbs,"e=0.4,h=10.0,n=30,start_thres=1.25",hub,0.25,50,27,40,1730,21,0,19,1730,0.525,0.0,1.0,0.0,0.1445140499960292
ni_tfnbs,"e=0.5,h=0.5,n=30,start_thres=1.25",hub,0.25,50,27,40,1730,28,2,12,1728,0.7,0.0011560693641618,0.9333333333333332,0.0666666666666666,0.1445140499960292
ni_tfnbs,"e=0.5,h=1.0,n=30,start_thres=1.25",hub,0.25,50,27,40,1730,28,2,12,1728,0.7,0.0011560693641618,0.9333333333333332,0.0666666666666666,0.1445140499960292
ni_tfnbs,"e=0.5,h=2.0,n=30,start_thres=1.25",hub,0.25,50,27,40,1730,28,1,12,1729,0.7,0.0005780346820809,0.9655172413793104,0.0344827586206896,0.1445140499960292
ni_tfnbs,"e=0.5,h=3.0,n=30,start_thres=1.25",hub,0.25,50,27,40,1730,25,0,15,1730,0.625,0.0,1.0,0.0,0.1445140499960292
ni_tfnbs,"e=0.5,h=4.0,n=30,start_thres=1.25",hub,0.25,50,27,40,1730,25,0,15,1730,0.625,0.0,1.0,0.0,0.1445140499960292
ni_tfnbs,"e=0.5,h=5.0,n=30,start_thres=1.25",hub,0.25,50,27,40,1730,23,0,17,1730,0.575,0.0,1.0,0.0,0.1445140499960292
ni_tfnbs,"e=0.5,h=6.0,n=30,start_thres=1.25",hub,0.25,50,27,40,1730,23,0,17,1730,0.575,0.0,1.0,0.0,0.1445140499960292
ni_tfnbs,"e=0.5,h=7.0,n=30,start_thres=1.25",hub,0.25,50,27,40,1730,23,0,17,1730,0.575,0.0,1.0,0.0,0.1445140499960292
ni_tfnbs,"e=0.5,h=8.0,n=30,start_thres=1.25",hub,0.25,50,27,40,1730,23,0,17,1730,0.575,0.0,1.0,0.0,0.1445140499960292
ni_tfnbs,"e=0.5,h=9.0,n=30,start_thres=1.25",hub,0.25,50,27,40,1730,22,0,18,1730,0.55,0.0,1.0,0.0,0.1445140499960292
ni_tfnbs,"e=0.5,h=10.0,n=30,start_thres=1.25",hub,0.25,50,27,40,1730,21,0,19,1730,0.525,0.0,1.0,0.0,0.1445140499960292
ni_tfnbs,"e=0.6,h=0.5,n=30,start_thres=1.25",hub,0.25,50,27,40,1730,30,2,10,1728,0.75,0.0011560693641618,0.9375,0.0625,0.1445140499960292
ni_tfnbs,"e=0.6,h=1.0,n=30,start_thres=1.25",hub,0.25,50,27,40,1730,30,2,10,1728,0.75,0.0011560693641618,0.9375,0.0625,0.1445140499960292
ni_tfnbs,"e=0.6,h=2.0,n=30,start_thres=1.25",hub,0.25,50,27,40,1730,29,2,11,1728,0.725,0.0011560693641618,0.935483870967742,0.064516129032258,0.1445140499960292
ni_tfnbs,"e=0.6,h=3.0,n=30,start_thres=1.25",hub,0.25,50,27,40,1730,28,1,12,1729,0.7,0.0005780346820809,0.9655172413793104,0.0344827586206896,0.1445140499960292
ni_tfnbs,"e=0.6,h=4.0,n=30,start_thres=1.25",hub,0.25,50,27,40,1730,25,0,15,1730,0.625,0.0,1.0,0.0,0.1445140499960292
ni_tfnbs,"e=0.6,h=5.0,n=30,start_thres=1.25",hub,0.25,50,27,40,1730,25,0,15,1730,0.625,0.0,1.0,0.0,0.1445140499960292
ni_tfnbs,"e=0.6,h=6.0,n=30,start_thres=1.25",hub,0.25,50,27,40,1730,25,0,15,1730,0.625,0.0,1.0,0.0,0.1445140499960292
ni_tfnbs,"e=0.6,h=7.0,n=30,start_thres=1.25",hub,0.25,50,27,40,1730,23,0,17,1730,0.575,0.0,1.0,0.0,0.1445140499960292
ni_tfnbs,"e=0.6,h=8.0,n=30,start_thres=1.25",hub,0.25,50,27,40,1730,23,0,17,1730,0.575,0.0,1.0,0.0,0.1445140499960292
ni_tfnbs,"e=0.6,h=9.0,n=30,start_thres=1.25",hub,0.25,50,27,40,1730,23,0,17,1730,0.575,0.0,1.0,0.0,0.1445140499960292
ni_tfnbs,"e=0.6,h=10.0,n=30,start_thres=1.25",hub,0.25,50,27,40,1730,23,0,17,1730,0.575,0.0,1.0,0.0,0.1445140499960292
ni_tfnbs,"e=0.7,h=0.5,n=30,start_thres=1.25",hub,0.25,50,27,40,1730,30,2,10,1728,0.75,0.0011560693641618,0.9375,0.0625,0.1445140499960292
ni_tfnbs,"e=0.7,h=1.0,n=30,start_thres=1.25",hub,0.25,50,27,40,1730,30,2,10,1728,0.75,0.0011560693641618,0.9375,0.0625,0.1445140499960292
ni_tfnbs,"e=0.7,h=2.0,n=30,start_thres=1.25",hub,0.25,50,27,40,1730,30,2,10,1728,0.75,0.0011560693641618,0.9375,0.0625,0.1445140499960292
ni_tfnbs,"e=0.7,h=3.0,n=30,start_thres=1.25",hub,0.25,50,27,40,1730,29,2,11,1728,0.725,0.0011560693641618,0.935483870967742,0.064516129032258,0.1445140499960292
ni_tfnbs,"e=0.7,h=4.0,n=30,start_thres=1.25",hub,0.25,50,27,40,1730,28,1,12,1729,0.7,0.0005780346820809,0.9655172413793104,0.0344827586206896,0.1445140499960292
ni_tfnbs,"e=0.7,h=5.0,n=30,start_thres=1.25",hub,0.25,50,27,40,1730,25,0,15,1730,0.625,0.0,1.0,0.0,0.1445140499960292
ni_tfnbs,"e=0.7,h=6.0,n=30,start_thres=1.25",hub,0.25,50,27,40,1730,25,0,15,1730,0.625,0.0,1.0,0.0,0.1445140499960292
ni_tfnbs,"e=0.7,h=7.0,n=30,start_thres=1.25",hub,0.25,50,27,40,1730,25,0,15,1730,0.625,0.0,1.0,0.0,0.1445140499960292
ni_tfnbs,"e=0.7,h=8.0,n=30,start_thres=1.25",hub,0.25,50,27,40,1730,23,0,17,1730,0.575,0.0,1.0,0.0,0.1445140499960292
ni_tfnbs,"e=0.7,h=9.0,n=30,start_thres=1.25",hub,0.25,50,27,40,1730,23,0,17,1730,0.575,0.0,1.0,0.0,0.1445140499960292
ni_tfnbs,"e=0.7,h=10.0,n=30,start_thres=1.25",hub,0.25,50,27,40,1730,23,0,17,1730,0.575,0.0,1.0,0.0,0.1445140499960292
ni_tfnbs,"e=0.8,h=0.5,n=30,start_thres=1.25",hub,0.25,50,27,40,1730,30,2,10,1728,0.75,0.0011560693641618,0.9375,0.0625,0.1445140499960292
ni_tfnbs,"e=0.8,h=1.0,n=30,start_thres=1.25",hub,0.25,50,27,40,1730,30,2,10,1728,0.75,0.0011560693641618,0.9375,0.0625,0.1445140499960292
ni_tfnbs,"e=0.8,h=2.0,n=30,start_thres=1.25",hub,0.25,50,27,40,1730,30,2,10,1728,0.75,0.0011560693641618,0.9375,0.0625,0.1445140499960292
ni_tfnbs,"e=0.8,h=3.0,n=30,start_thres=1.25",hub,0.25,50,27,40,1730,29,2,11,1728,0.725,0.0011560693641618,0.935483870967742,0.064516129032258,0.1445140499960292
ni_tfnbs,"e=0.8,h=4.0,n=30,start_thres=1.25",hub,0.25,50,27,40,1730,29,2,11,1728,0.725,0.0011560693641618,0.935483870967742,0.064516129032258,0.1445140499960292
ni_tfnbs,"e=0.8,h=5.0,n=30,start_thres=1.25",hub,0.25,50,27,40,1730,28,1,12,1729,0.7,0.0005780346820809,0.9655172413793104,0.0344827586206896,0.1445140499960292
ni_tfnbs,"e=0.8,h=6.0,n=30,start_thres=1.25",hub,0.25,50,27,40,1730,25,0,15,1730,0.625,0.0,1.0,0.0,0.1445140499960292
ni_tfnbs,"e=0.8,h=7.0,n=30,start_thres=1.25",hub,0.25,50,27,40,1730,25,0,15,1730,0.625,0.0,1.0,0.0,0.1445140499960292
ni_tfnbs,"e=0.8,h=8.0,n=30,start_thres=1.25",hub,0.25,50,27,40,1730,25,0,15,1730,0.625,0.0,1.0,0.0,0.1445140499960292
ni_tfnbs,"e=0.8,h=9.0,n=30,start_thres=1.25",hub,0.25,50,27,40,1730,23,0,17,1730,0.575,0.0,1.0,0.0,0.1445140499960292
ni_tfnbs,"e=0.8,h=10.0,n=30,start_thres=1.25",hub,0.25,50,27,40,1730,23,0,17,1730,0.575,0.0,1.0,0.0,0.1445140499960292
ni_tfnbs,"e=0.9,h=0.5,n=30,start_thres=1.25",hub,0.25,50,27,40,1730,30,2,10,1728,0.75,0.0011560693641618,0.9375,0.0625,0.1445140499960292
ni_tfnbs,"e=0.9,h=1.0,n=30,start_thres=1.25",hub,0.25,50,27,40,1730,30,2,10,1728,0.75,0.0011560693641618,0.9375,0.0625,0.1445140499960292
ni_tfnbs,"e=0.9,h=2.0,n=30,start_thres=1.25",hub,0.25,50,27,40,1730,31,2,9,1728,0.775,0.0011560693641618,0.9393939393939394,0.0606060606060606,0.1445140499960292
ni_tfnbs,"e=0.9,h=3.0,n=30,start_thres=1.25",hub,0.25,50,27,40,1730,31,2,9,1728,0.775,0.0011560693641618,0.9393939393939394,0.0606060606060606,0.1445140499960292
ni_tfnbs,"e=0.9,h=4.0,n=30,start_thres=1.25",hub,0.25,50,27,40,1730,29,2,11,1728,0.725,0.0011560693641618,0.935483870967742,0.064516129032258,0.1445140499960292
ni_tfnbs,"e=0.9,h=5.0,n=30,start_thres=1.25",hub,0.25,50,27,40,1730,29,2,11,1728,0.725,0.0011560693641618,0.935483870967742,0.064516129032258,0.1445140499960292
ni_tfnbs,"e=0.9,h=6.0,n=30,start_thres=1.25",hub,0.25,50,27,40,1730,28,1,12,1729,0.7,0.0005780346820809,0.9655172413793104,0.0344827586206896,0.1445140499960292
ni_tfnbs,"e=0.9,h=7.0,n=30,start_thres=1.25",hub,0.25,50,27,40,1730,26,0,14,1730,0.65,0.0,1.0,0.0,0.1445140499960292
ni_tfnbs,"e=0.9,h=8.0,n=30,start_thres=1.25",hub,0.25,50,27,40,1730,25,0,15,1730,0.625,0.0,1.0,0.0,0.1445140499960292
ni_tfnbs,"e=0.9,h=9.0,n=30,start_thres=1.25",hub,0.25,50,27,40,1730,25,0,15,1730,0.625,0.0,1.0,0.0,0.1445140499960292
ni_tfnbs,"e=0.9,h=10.0,n=30,start_thres=1.25",hub,0.25,50,27,40,1730,25,0,15,1730,0.625,0.0,1.0,0.0,0.1445140499960292
ni_tfnbs,"e=1.0,h=0.5,n=30,start_thres=1.25",hub,0.25,50,27,40,1730,29,2,11,1728,0.725,0.0011560693641618,0.935483870967742,0.064516129032258,0.1445140499960292
ni_tfnbs,"e=1.0,h=1.0,n=30,start_thres=1.25",hub,0.25,50,27,40,1730,30,2,10,1728,0.75,0.0011560693641618,0.9375,0.0625,0.1445140499960292
ni_tfnbs,"e=1.0,h=2.0,n=30,start_thres=1.25",hub,0.25,50,27,40,1730,32,2,8,1728,0.8,0.0011560693641618,0.9411764705882352,0.0588235294117647,0.1445140499960292
ni_tfnbs,"e=1.0,h=3.0,n=30,start_thres=1.25",hub,0.25,50,27,40,1730,31,2,9,1728,0.775,0.0011560693641618,0.9393939393939394,0.0606060606060606,0.1445140499960292
ni_tfnbs,"e=1.0,h=4.0,n=30,start_thres=1.25",hub,0.25,50,27,40,1730,31,2,9,1728,0.775,0.0011560693641618,0.9393939393939394,0.0606060606060606,0.1445140499960292
ni_tfnbs,"e=1.0,h=5.0,n=30,start_thres=1.25",hub,0.25,50,27,40,1730,29,2,11,1728,0.725,0.0011560693641618,0.935483870967742,0.064516129032258,0.1445140499960292
ni_tfnbs,"e=1.0,h=6.0,n=30,start_thres=1.25",hub,0.25,50,27,40,1730,29,2,11,1728,0.725,0.0011560693641618,0.935483870967742,0.064516129032258,0.1445140499960292
ni_tfnbs,"e=1.0,h=7.0,n=30,start_thres=1.25",hub,0.25,50,27,40,1730,28,1,12,1729,0.7,0.0005780346820809,0.9655172413793104,0.0344827586206896,0.1445140499960292
ni_tfnbs,"e=1.0,h=8.0,n=30,start_thres=1.25",hub,0.25,50,27,40,1730,26,0,14,1730,0.65,0.0,1.0,0.0,0.1445140499960292
ni_tfnbs,"e=1.0,h=9.0,n=30,start_thres=1.25",hub,0.25,50,27,40,1730,25,0,15,1730,0.625,0.0,1.0,0.0,0.1445140499960292
ni_tfnbs,"e=1.0,h=10.0,n=30,start_thres=1.25",hub,0.25,50,27,40,1730,25,0,15,1730,0.625,0.0,1.0,0.0,0.1445140499960292
ni_tfnbs,"e=1.1,h=0.5,n=30,start_thres=1.25",hub,0.25,50,27,40,1730,29,2,11,1728,0.725,0.0011560693641618,0.935483870967742,0.064516129032258,0.1445140499960292
ni_tfnbs,"e=1.1,h=1.0,n=30,start_thres=1.25",hub,0.25,50,27,40,1730,30,2,10,1728,0.75,0.0011560693641618,0.9375,0.0625,0.1445140499960292
ni_tfnbs,"e=1.1,h=2.0,n=30,start_thres=1.25",hub,0.25,50,27,40,1730,32,2,8,1728,0.8,0.0011560693641618,0.9411764705882352,0.0588235294117647,0.1445140499960292
ni_tfnbs,"e=1.1,h=3.0,n=30,start_thres=1.25",hub,0.25,50,27,40,1730,32,2,8,1728,0.8,0.0011560693641618,0.9411764705882352,0.0588235294117647,0.1445140499960292
ni_tfnbs,"e=1.1,h=4.0,n=30,start_thres=1.25",hub,0.25,50,27,40,1730,31,2,9,1728,0.775,0.0011560693641618,0.9393939393939394,0.0606060606060606,0.1445140499960292
ni_tfnbs,"e=1.1,h=5.0,n=30,start_thres=1.25",hub,0.25,50,27,40,1730,31,2,9,1728,0.775,0.0011560693641618,0.9393939393939394,0.0606060606060606,0.1445140499960292
ni_tfnbs,"e=1.1,h=6.0,n=30,start_thres=1.25",hub,0.25,50,27,40,1730,29,2,11,1728,0.725,0.0011560693641618,0.935483870967742,0.064516129032258,0.1445140499960292
ni_tfnbs,"e=1.1,h=7.0,n=30,start_thres=1.25",hub,0.25,50,27,40,1730,29,2,11,1728,0.725,0.0011560693641618,0.935483870967742,0.064516129032258,0.1445140499960292
ni_tfnbs,"e=1.1,h=8.0,n=30,start_thres=1.25",hub,0.25,50,27,40,1730,29,1,11,1729,0.725,0.0005780346820809,0.9666666666666668,0.0333333333333333,0.1445140499960292
ni_tfnbs,"e=1.1,h=9.0,n=30,start_thres=1.25",hub,0.25,50,27,40,1730,26,0,14,1730,0.65,0.0,1.0,0.0,0.1445140499960292
ni_tfnbs,"e=1.1,h=10.0,n=30,start_thres=1.25",hub,0.25,50,27,40,1730,25,0,15,1730,0.625,0.0,1.0,0.0,0.1445140499960292
ni_tfnbs,"e=1.2,h=0.5,n=30,start_thres=1.25",hub,0.25,50,27,40,1730,29,2,11,1728,0.725,0.0011560693641618,0.935483870967742,0.064516129032258,0.1445140499960292
ni_tfnbs,"e=1.2,h=1.0,n=30,start_thres=1.25",hub,0.25,50,27,40,1730,30,2,10,1728,0.75,0.0011560693641618,0.9375,0.0625,0.1445140499960292
ni_tfnbs,"e=1.2,h=2.0,n=30,start_thres=1.25",hub,0.25,50,27,40,1730,31,2,9,1728,0.775,0.0011560693641618,0.9393939393939394,0.0606060606060606,0.1445140499960292
ni_tfnbs,"e=1.2,h=3.0,n=30,start_thres=1.25",hub,0.25,50,27,40,1730,32,2,8,1728,0.8,0.0011560693641618,0.9411764705882352,0.0588235294117647,0.1445140499960292
ni_tfnbs,"e=1.2,h=4.0,n=30,start_thres=1.25",hub,0.25,50,27,40,1730,32,2,8,1728,0.8,0.0011560693641618,0.9411764705882352,0.0588235294117647,0.1445140499960292
ni_tfnbs,"e=1.2,h=5.0,n=30,start_thres=1.25",hub,0.25,50,27,40,1730,31,2,9,1728,0.775,0.0011560693641618,0.9393939393939394,0.0606060606060606,0.1445140499960292
ni_tfnbs,"e=1.2,h=6.0,n=30,start_thres=1.25",hub,0.25,50,27,40,1730,31,2,9,1728,0.775,0.0011560693641618,0.9393939393939394,0.0606060606060606,0.1445140499960292
ni_tfnbs,"e=1.2,h=7.0,n=30,start_thres=1.25",hub,0.25,50,27,40,1730,29,2,11,1728,0.725,0.0011560693641618,0.935483870967742,0.064516129032258,0.1445140499960292
ni_tfnbs,"e=1.2,h=8.0,n=30,start_thres=1.25",hub,0.25,50,27,40,1730,29,2,11,1728,0.725,0.0011560693641618,0.935483870967742,0.064516129032258,0.1445140499960292
ni_tfnbs,"e=1.2,h=9.0,n=30,start_thres=1.25",hub,0.25,50,27,40,1730,29,1,11,1729,0.725,0.0005780346820809,0.9666666666666668,0.0333333333333333,0.1445140499960292
ni_tfnbs,"e=1.2,h=10.0,n=30,start_thres=1.25",hub,0.25,50,27,40,1730,26,0,14,1730,0.65,0.0,1.0,0.0,0.1445140499960292
ni_tfnbs,"e=1.3,h=0.5,n=30,start_thres=1.25",hub,0.25,50,27,40,1730,28,3,12,1727,0.7,0.0017341040462427,0.9032258064516128,0.0967741935483871,0.1445140499960292
ni_tfnbs,"e=1.3,h=1.0,n=30,start_thres=1.25",hub,0.25,50,27,40,1730,29,3,11,1727,0.725,0.0017341040462427,0.90625,0.09375,0.1445140499960292
ni_tfnbs,"e=1.3,h=2.0,n=30,start_thres=1.25",hub,0.25,50,27,40,1730,31,3,9,1727,0.775,0.0017341040462427,0.9117647058823528,0.088235294117647,0.1445140499960292
ni_tfnbs,"e=1.3,h=3.0,n=30,start_thres=1.25",hub,0.25,50,27,40,1730,32,2,8,1728,0.8,0.0011560693641618,0.9411764705882352,0.0588235294117647,0.1445140499960292
ni_tfnbs,"e=1.3,h=4.0,n=30,start_thres=1.25",hub,0.25,50,27,40,1730,32,2,8,1728,0.8,0.0011560693641618,0.9411764705882352,0.0588235294117647,0.1445140499960292
ni_tfnbs,"e=1.3,h=5.0,n=30,start_thres=1.25",hub,0.25,50,27,40,1730,32,2,8,1728,0.8,0.0011560693641618,0.9411764705882352,0.0588235294117647,0.1445140499960292
ni_tfnbs,"e=1.3,h=6.0,n=30,start_thres=1.25",hub,0.25,50,27,40,1730,31,2,9,1728,0.775,0.0011560693641618,0.9393939393939394,0.0606060606060606,0.1445140499960292
ni_tfnbs,"e=1.3,h=7.0,n=30,start_thres=1.25",hub,0.25,50,27,40,1730,31,2,9,1728,0.775,0.0011560693641618,0.9393939393939394,0.0606060606060606,0.1445140499960292
ni_tfnbs,"e=1.3,h=8.0,n=30,start_thres=1.25",hub,0.25,50,27,40,1730,29,2,11,1728,0.725,0.0011560693641618,0.935483870967742,0.064516129032258,0.1445140499960292
ni_tfnbs,"e=1.3,h=9.0,n=30,start_thres=1.25",hub,0.25,50,27,40,1730,29,2,11,1728,0.725,0.0011560693641618,0.935483870967742,0.064516129032258,0.1445140499960292
ni_tfnbs,"e=1.3,h=10.0,n=30,start_thres=1.25",hub,0.25,50,27,40,1730,29,1,11,1729,0.725,0.0005780346820809,0.9666666666666668,0.0333333333333333,0.1445140499960292
ni_tfnbs,"e=1.4,h=0.5,n=30,start_thres=1.25",hub,0.25,50,27,40,1730,25,3,15,1727,0.625,0.0017341040462427,0.8928571428571429,0.1071428571428571,0.1445140499960292
ni_tfnbs,"e=1.4,h=1.0,n=30,start_thres=1.25",hub,0.25,50,27,40,1730,29,3,11,1727,0.725,0.0017341040462427,0.90625,0.09375,0.1445140499960292
ni_tfnbs,"e=1.4,h=2.0,n=30,start_thres=1.25",hub,0.25,50,27,40,1730,30,3,10,1727,0.75,0.0017341040462427,0.9090909090909092,0.0909090909090909,0.1445140499960292
ni_tfnbs,"e=1.4,h=3.0,n=30,start_thres=1.25",hub,0.25,50,27,40,1730,32,2,8,1728,0.8,0.0011560693641618,0.9411764705882352,0.0588235294117647,0.1445140499960292
ni_tfnbs,"e=1.4,h=4.0,n=30,start_thres=1.25",hub,0.25,50,27,40,1730,32,2,8,1728,0.8,0.0011560693641618,0.9411764705882352,0.0588235294117647,0.1445140499960292
ni_tfnbs,"e=1.4,h=5.0,n=30,start_thres=1.25",hub,0.25,50,27,40,1730,32,2,8,1728,0.8,0.0011560693641618,0.9411764705882352,0.0588235294117647,0.1445140499960292
ni_tfnbs,"e=1.4,h=6.0,n=30,start_thres=1.25",hub,0.25,50,27,40,1730,32,2,8,1728,0.8,0.0011560693641618,0.9411764705882352,0.0588235294117647,0.1445140499960292
ni_tfnbs,"e=1.4,h=7.0,n=30,start_thres=1.25",hub,0.25,50,27,40,1730,31,2,9,1728,0.775,0.0011560693641618,0.9393939393939394,0.0606060606060606,0.1445140499960292
ni_tfnbs,"e=1.4,h=8.0,n=30,start_thres=1.25",hub,0.25,50,27,40,1730,31,2,9,1728,0.775,0.0011560693641618,0.9393939393939394,0.0606060606060606,0.1445140499960292
ni_tfnbs,"e=1.4,h=9.0,n=30,start_thres=1.25",hub,0.25,50,27,40,1730,29,2,11,1728,0.725,0.0011560693641618,0.935483870967742,0.064516129032258,0.1445140499960292
ni_tfnbs,"e=1.4,h=10.0,n=30,start_thres=1.25",hub,0.25,50,27,40,1730,29,2,11,1728,0.725,0.0011560693641618,0.935483870967742,0.064516129032258,0.1445140499960292
ni_tfnbs,"e=1.5,h=0.5,n=30,start_thres=1.25",hub,0.25,50,27,40,1730,25,3,15,1727,0.625,0.0017341040462427,0.8928571428571429,0.1071428571428571,0.1445140499960292
ni_tfnbs,"e=1.5,h=1.0,n=30,start_thres=1.25",hub,0.25,50,27,40,1730,27,3,13,1727,0.675,0.0017341040462427,0.9,0.1,0.1445140499960292
ni_tfnbs,"e=1.5,h=2.0,n=30,start_thres=1.25",hub,0.25,50,27,40,1730,30,3,10,1727,0.75,0.0017341040462427,0.9090909090909092,0.0909090909090909,0.1445140499960292
ni_tfnbs,"e=1.5,h=3.0,n=30,start_thres=1.25",hub,0.25,50,27,40,1730,32,3,8,1727,0.8,0.0017341040462427,0.9142857142857144,0.0857142857142857,0.1445140499960292
ni_tfnbs,"e=1.5,h=4.0,n=30,start_thres=1.25",hub,0.25,50,27,40,1730,32,3,8,1727,0.8,0.0017341040462427,0.9142857142857144,0.0857142857142857,0.1445140499960292
ni_tfnbs,"e=1.5,h=5.0,n=30,start_thres=1.25",hub,0.25,50,27,40,1730,32,2,8,1728,0.8,0.0011560693641618,0.9411764705882352,0.0588235294117647,0.1445140499960292
ni_tfnbs,"e=1.5,h=6.0,n=30,start_thres=1.25",hub,0.25,50,27,40,1730,32,2,8,1728,0.8,0.0011560693641618,0.9411764705882352,0.0588235294117647,0.1445140499960292
ni_tfnbs,"e=1.5,h=7.0,n=30,start_thres=1.25",hub,0.25,50,27,40,1730,31,2,9,1728,0.775,0.0011560693641618,0.9393939393939394,0.0606060606060606,0.1445140499960292
ni_tfnbs,"e=1.5,h=8.0,n=30,start_thres=1.25",hub,0.25,50,27,40,1730,31,2,9,1728,0.775,0.0011560693641618,0.9393939393939394,0.0606060606060606,0.1445140499960292
ni_tfnbs,"e=1.5,h=9.0,n=30,start_thres=1.25",hub,0.25,50,27,40,1730,31,2,9,1728,0.775,0.0011560693641618,0.9393939393939394,0.0606060606060606,0.1445140499960292
ni_tfnbs,"e=1.5,h=10.0,n=30,start_thres=1.25",hub,0.25,50,27,40,1730,29,2,11,1728,0.725,0.0011560693641618,0.935483870967742,0.064516129032258,0.1445140499960292
ni_tfnbs,"e=0.05,h=0.5,n=30,start_thres=1.25",hub,0.25,50,28,40,1730,13,0,27,1730,0.325,0.0,1.0,0.0,0.1451661004261537
ni_tfnbs,"e=0.05,h=1.0,n=30,start_thres=1.25",hub,0.25,50,28,40,1730,13,0,27,1730,0.325,0.0,1.0,0.0,0.1451661004261537
ni_tfnbs,"e=0.05,h=2.0,n=30,start_thres=1.25",hub,0.25,50,28,40,1730,11,0,29,1730,0.275,0.0,1.0,0.0,0.1451661004261537
ni_tfnbs,"e=0.05,h=3.0,n=30,start_thres=1.25",hub,0.25,50,28,40,1730,11,0,29,1730,0.275,0.0,1.0,0.0,0.1451661004261537
ni_tfnbs,"e=0.05,h=4.0,n=30,start_thres=1.25",hub,0.25,50,28,40,1730,11,0,29,1730,0.275,0.0,1.0,0.0,0.1451661004261537
ni_tfnbs,"e=0.05,h=5.0,n=30,start_thres=1.25",hub,0.25,50,28,40,1730,11,0,29,1730,0.275,0.0,1.0,0.0,0.1451661004261537
ni_tfnbs,"e=0.05,h=6.0,n=30,start_thres=1.25",hub,0.25,50,28,40,1730,11,0,29,1730,0.275,0.0,1.0,0.0,0.1451661004261537
ni_tfnbs,"e=0.05,h=7.0,n=30,start_thres=1.25",hub,0.25,50,28,40,1730,11,0,29,1730,0.275,0.0,1.0,0.0,0.1451661004261537
ni_tfnbs,"e=0.05,h=8.0,n=30,start_thres=1.25",hub,0.25,50,28,40,1730,11,0,29,1730,0.275,0.0,1.0,0.0,0.1451661004261537
ni_tfnbs,"e=0.05,h=9.0,n=30,start_thres=1.25",hub,0.25,50,28,40,1730,11,0,29,1730,0.275,0.0,1.0,0.0,0.1451661004261537
ni_tfnbs,"e=0.05,h=10.0,n=30,start_thres=1.25",hub,0.25,50,28,40,1730,11,0,29,1730,0.275,0.0,1.0,0.0,0.1451661004261537
ni_tfnbs,"e=0.1,h=0.5,n=30,start_thres=1.25",hub,0.25,50,28,40,1730,15,0,25,1730,0.375,0.0,1.0,0.0,0.1451661004261537
ni_tfnbs,"e=0.1,h=1.0,n=30,start_thres=1.25",hub,0.25,50,28,40,1730,13,0,27,1730,0.325,0.0,1.0,0.0,0.1451661004261537
ni_tfnbs,"e=0.1,h=2.0,n=30,start_thres=1.25",hub,0.25,50,28,40,1730,13,0,27,1730,0.325,0.0,1.0,0.0,0.1451661004261537
ni_tfnbs,"e=0.1,h=3.0,n=30,start_thres=1.25",hub,0.25,50,28,40,1730,13,0,27,1730,0.325,0.0,1.0,0.0,0.1451661004261537
ni_tfnbs,"e=0.1,h=4.0,n=30,start_thres=1.25",hub,0.25,50,28,40,1730,13,0,27,1730,0.325,0.0,1.0,0.0,0.1451661004261537
ni_tfnbs,"e=0.1,h=5.0,n=30,start_thres=1.25",hub,0.25,50,28,40,1730,13,0,27,1730,0.325,0.0,1.0,0.0,0.1451661004261537
ni_tfnbs,"e=0.1,h=6.0,n=30,start_thres=1.25",hub,0.25,50,28,40,1730,11,0,29,1730,0.275,0.0,1.0,0.0,0.1451661004261537
ni_tfnbs,"e=0.1,h=7.0,n=30,start_thres=1.25",hub,0.25,50,28,40,1730,11,0,29,1730,0.275,0.0,1.0,0.0,0.1451661004261537
ni_tfnbs,"e=0.1,h=8.0,n=30,start_thres=1.25",hub,0.25,50,28,40,1730,11,0,29,1730,0.275,0.0,1.0,0.0,0.1451661004261537
ni_tfnbs,"e=0.1,h=9.0,n=30,start_thres=1.25",hub,0.25,50,28,40,1730,11,0,29,1730,0.275,0.0,1.0,0.0,0.1451661004261537
ni_tfnbs,"e=0.1,h=10.0,n=30,start_thres=1.25",hub,0.25,50,28,40,1730,11,0,29,1730,0.275,0.0,1.0,0.0,0.1451661004261537
ni_tfnbs,"e=0.2,h=0.5,n=30,start_thres=1.25",hub,0.25,50,28,40,1730,15,0,25,1730,0.375,0.0,1.0,0.0,0.1451661004261537
ni_tfnbs,"e=0.2,h=1.0,n=30,start_thres=1.25",hub,0.25,50,28,40,1730,15,0,25,1730,0.375,0.0,1.0,0.0,0.1451661004261537
ni_tfnbs,"e=0.2,h=2.0,n=30,start_thres=1.25",hub,0.25,50,28,40,1730,15,0,25,1730,0.375,0.0,1.0,0.0,0.1451661004261537
ni_tfnbs,"e=0.2,h=3.0,n=30,start_thres=1.25",hub,0.25,50,28,40,1730,15,0,25,1730,0.375,0.0,1.0,0.0,0.1451661004261537
ni_tfnbs,"e=0.2,h=4.0,n=30,start_thres=1.25",hub,0.25,50,28,40,1730,15,0,25,1730,0.375,0.0,1.0,0.0,0.1451661004261537
ni_tfnbs,"e=0.2,h=5.0,n=30,start_thres=1.25",hub,0.25,50,28,40,1730,13,0,27,1730,0.325,0.0,1.0,0.0,0.1451661004261537
ni_tfnbs,"e=0.2,h=6.0,n=30,start_thres=1.25",hub,0.25,50,28,40,1730,13,0,27,1730,0.325,0.0,1.0,0.0,0.1451661004261537
ni_tfnbs,"e=0.2,h=7.0,n=30,start_thres=1.25",hub,0.25,50,28,40,1730,13,0,27,1730,0.325,0.0,1.0,0.0,0.1451661004261537
ni_tfnbs,"e=0.2,h=8.0,n=30,start_thres=1.25",hub,0.25,50,28,40,1730,13,0,27,1730,0.325,0.0,1.0,0.0,0.1451661004261537
ni_tfnbs,"e=0.2,h=9.0,n=30,start_thres=1.25",hub,0.25,50,28,40,1730,13,0,27,1730,0.325,0.0,1.0,0.0,0.1451661004261537
ni_tfnbs,"e=0.2,h=10.0,n=30,start_thres=1.25",hub,0.25,50,28,40,1730,13,0,27,1730,0.325,0.0,1.0,0.0,0.1451661004261537
ni_tfnbs,"e=0.3,h=0.5,n=30,start_thres=1.25",hub,0.25,50,28,40,1730,22,0,18,1730,0.55,0.0,1.0,0.0,0.1451661004261537
ni_tfnbs,"e=0.3,h=1.0,n=30,start_thres=1.25",hub,0.25,50,28,40,1730,21,0,19,1730,0.525,0.0,1.0,0.0,0.1451661004261537
ni_tfnbs,"e=0.3,h=2.0,n=30,start_thres=1.25",hub,0.25,50,28,40,1730,17,0,23,1730,0.425,0.0,1.0,0.0,0.1451661004261537
ni_tfnbs,"e=0.3,h=3.0,n=30,start_thres=1.25",hub,0.25,50,28,40,1730,15,0,25,1730,0.375,0.0,1.0,0.0,0.1451661004261537
ni_tfnbs,"e=0.3,h=4.0,n=30,start_thres=1.25",hub,0.25,50,28,40,1730,15,0,25,1730,0.375,0.0,1.0,0.0,0.1451661004261537
ni_tfnbs,"e=0.3,h=5.0,n=30,start_thres=1.25",hub,0.25,50,28,40,1730,15,0,25,1730,0.375,0.0,1.0,0.0,0.1451661004261537
ni_tfnbs,"e=0.3,h=6.0,n=30,start_thres=1.25",hub,0.25,50,28,40,1730,15,0,25,1730,0.375,0.0,1.0,0.0,0.1451661004261537
ni_tfnbs,"e=0.3,h=7.0,n=30,start_thres=1.25",hub,0.25,50,28,40,1730,15,0,25,1730,0.375,0.0,1.0,0.0,0.1451661004261537
ni_tfnbs,"e=0.3,h=8.0,n=30,start_thres=1.25",hub,0.25,50,28,40,1730,14,0,26,1730,0.35,0.0,1.0,0.0,0.1451661004261537
ni_tfnbs,"e=0.3,h=9.0,n=30,start_thres=1.25",hub,0.25,50,28,40,1730,13,0,27,1730,0.325,0.0,1.0,0.0,0.1451661004261537
ni_tfnbs,"e=0.3,h=10.0,n=30,start_thres=1.25",hub,0.25,50,28,40,1730,13,0,27,1730,0.325,0.0,1.0,0.0,0.1451661004261537
ni_tfnbs,"e=0.4,h=0.5,n=30,start_thres=1.25",hub,0.25,50,28,40,1730,25,0,15,1730,0.625,0.0,1.0,0.0,0.1451661004261537
ni_tfnbs,"e=0.4,h=1.0,n=30,start_thres=1.25",hub,0.25,50,28,40,1730,24,0,16,1730,0.6,0.0,1.0,0.0,0.1451661004261537
ni_tfnbs,"e=0.4,h=2.0,n=30,start_thres=1.25",hub,0.25,50,28,40,1730,24,0,16,1730,0.6,0.0,1.0,0.0,0.1451661004261537
ni_tfnbs,"e=0.4,h=3.0,n=30,start_thres=1.25",hub,0.25,50,28,40,1730,17,0,23,1730,0.425,0.0,1.0,0.0,0.1451661004261537
ni_tfnbs,"e=0.4,h=4.0,n=30,start_thres=1.25",hub,0.25,50,28,40,1730,16,0,24,1730,0.4,0.0,1.0,0.0,0.1451661004261537
ni_tfnbs,"e=0.4,h=5.0,n=30,start_thres=1.25",hub,0.25,50,28,40,1730,15,0,25,1730,0.375,0.0,1.0,0.0,0.1451661004261537
ni_tfnbs,"e=0.4,h=6.0,n=30,start_thres=1.25",hub,0.25,50,28,40,1730,15,0,25,1730,0.375,0.0,1.0,0.0,0.1451661004261537
ni_tfnbs,"e=0.4,h=7.0,n=30,start_thres=1.25",hub,0.25,50,28,40,1730,15,0,25,1730,0.375,0.0,1.0,0.0,0.1451661004261537
ni_tfnbs,"e=0.4,h=8.0,n=30,start_thres=1.25",hub,0.25,50,28,40,1730,15,0,25,1730,0.375,0.0,1.0,0.0,0.1451661004261537
ni_tfnbs,"e=0.4,h=9.0,n=30,start_thres=1.25",hub,0.25,50,28,40,1730,15,0,25,1730,0.375,0.0,1.0,0.0,0.1451661004261537
ni_tfnbs,"e=0.4,h=10.0,n=30,start_thres=1.25",hub,0.25,50,28,40,1730,15,0,25,1730,0.375,0.0,1.0,0.0,0.1451661004261537
ni_tfnbs,"e=0.5,h=0.5,n=30,start_thres=1.25",hub,0.25,50,28,40,1730,27,0,13,1730,0.675,0.0,1.0,0.0,0.1451661004261537
ni_tfnbs,"e=0.5,h=1.0,n=30,start_thres=1.25",hub,0.25,50,28,40,1730,27,0,13,1730,0.675,0.0,1.0,0.0,0.1451661004261537
ni_tfnbs,"e=0.5,h=2.0,n=30,start_thres=1.25",hub,0.25,50,28,40,1730,25,0,15,1730,0.625,0.0,1.0,0.0,0.1451661004261537
ni_tfnbs,"e=0.5,h=3.0,n=30,start_thres=1.25",hub,0.25,50,28,40,1730,24,0,16,1730,0.6,0.0,1.0,0.0,0.1451661004261537
ni_tfnbs,"e=0.5,h=4.0,n=30,start_thres=1.25",hub,0.25,50,28,40,1730,22,0,18,1730,0.55,0.0,1.0,0.0,0.1451661004261537
ni_tfnbs,"e=0.5,h=5.0,n=30,start_thres=1.25",hub,0.25,50,28,40,1730,17,0,23,1730,0.425,0.0,1.0,0.0,0.1451661004261537
ni_tfnbs,"e=0.5,h=6.0,n=30,start_thres=1.25",hub,0.25,50,28,40,1730,16,0,24,1730,0.4,0.0,1.0,0.0,0.1451661004261537
ni_tfnbs,"e=0.5,h=7.0,n=30,start_thres=1.25",hub,0.25,50,28,40,1730,15,0,25,1730,0.375,0.0,1.0,0.0,0.1451661004261537
ni_tfnbs,"e=0.5,h=8.0,n=30,start_thres=1.25",hub,0.25,50,28,40,1730,15,0,25,1730,0.375,0.0,1.0,0.0,0.1451661004261537
ni_tfnbs,"e=0.5,h=9.0,n=30,start_thres=1.25",hub,0.25,50,28,40,1730,15,0,25,1730,0.375,0.0,1.0,0.0,0.1451661004261537
ni_tfnbs,"e=0.5,h=10.0,n=30,start_thres=1.25",hub,0.25,50,28,40,1730,15,0,25,1730,0.375,0.0,1.0,0.0,0.1451661004261537
ni_tfnbs,"e=0.6,h=0.5,n=30,start_thres=1.25",hub,0.25,50,28,40,1730,27,0,13,1730,0.675,0.0,1.0,0.0,0.1451661004261537
ni_tfnbs,"e=0.6,h=1.0,n=30,start_thres=1.25",hub,0.25,50,28,40,1730,27,0,13,1730,0.675,0.0,1.0,0.0,0.1451661004261537
ni_tfnbs,"e=0.6,h=2.0,n=30,start_thres=1.25",hub,0.25,50,28,40,1730,27,0,13,1730,0.675,0.0,1.0,0.0,0.1451661004261537
ni_tfnbs,"e=0.6,h=3.0,n=30,start_thres=1.25",hub,0.25,50,28,40,1730,25,0,15,1730,0.625,0.0,1.0,0.0,0.1451661004261537
ni_tfnbs,"e=0.6,h=4.0,n=30,start_thres=1.25",hub,0.25,50,28,40,1730,24,0,16,1730,0.6,0.0,1.0,0.0,0.1451661004261537
ni_tfnbs,"e=0.6,h=5.0,n=30,start_thres=1.25",hub,0.25,50,28,40,1730,22,0,18,1730,0.55,0.0,1.0,0.0,0.1451661004261537
ni_tfnbs,"e=0.6,h=6.0,n=30,start_thres=1.25",hub,0.25,50,28,40,1730,17,0,23,1730,0.425,0.0,1.0,0.0,0.1451661004261537
ni_tfnbs,"e=0.6,h=7.0,n=30,start_thres=1.25",hub,0.25,50,28,40,1730,16,0,24,1730,0.4,0.0,1.0,0.0,0.1451661004261537
ni_tfnbs,"e=0.6,h=8.0,n=30,start_thres=1.25",hub,0.25,50,28,40,1730,15,0,25,1730,0.375,0.0,1.0,0.0,0.1451661004261537
ni_tfnbs,"e=0.6,h=9.0,n=30,start_thres=1.25",hub,0.25,50,28,40,1730,15,0,25,1730,0.375,0.0,1.0,0.0,0.1451661004261537
ni_tfnbs,"e=0.6,h=10.0,n=30,start_thres=1.25",hub,0.25,50,28,40,1730,15,0,25,1730,0.375,0.0,1.0,0.0,0.1451661004261537
ni_tfnbs,"e=0.7,h=0.5,n=30,start_thres=1.25",hub,0.25,50,28,40,1730,28,0,12,1730,0.7,0.0,1.0,0.0,0.1451661004261537
ni_tfnbs,"e=0.7,h=1.0,n=30,start_thres=1.25",hub,0.25,50,28,40,1730,28,0,12,1730,0.7,0.0,1.0,0.0,0.1451661004261537
ni_tfnbs,"e=0.7,h=2.0,n=30,start_thres=1.25",hub,0.25,50,28,40,1730,27,0,13,1730,0.675,0.0,1.0,0.0,0.1451661004261537
ni_tfnbs,"e=0.7,h=3.0,n=30,start_thres=1.25",hub,0.25,50,28,40,1730,27,0,13,1730,0.675,0.0,1.0,0.0,0.1451661004261537
ni_tfnbs,"e=0.7,h=4.0,n=30,start_thres=1.25",hub,0.25,50,28,40,1730,25,0,15,1730,0.625,0.0,1.0,0.0,0.1451661004261537
ni_tfnbs,"e=0.7,h=5.0,n=30,start_thres=1.25",hub,0.25,50,28,40,1730,24,0,16,1730,0.6,0.0,1.0,0.0,0.1451661004261537
ni_tfnbs,"e=0.7,h=6.0,n=30,start_thres=1.25",hub,0.25,50,28,40,1730,24,0,16,1730,0.6,0.0,1.0,0.0,0.1451661004261537
ni_tfnbs,"e=0.7,h=7.0,n=30,start_thres=1.25",hub,0.25,50,28,40,1730,19,0,21,1730,0.475,0.0,1.0,0.0,0.1451661004261537
ni_tfnbs,"e=0.7,h=8.0,n=30,start_thres=1.25",hub,0.25,50,28,40,1730,16,0,24,1730,0.4,0.0,1.0,0.0,0.1451661004261537
ni_tfnbs,"e=0.7,h=9.0,n=30,start_thres=1.25",hub,0.25,50,28,40,1730,16,0,24,1730,0.4,0.0,1.0,0.0,0.1451661004261537
ni_tfnbs,"e=0.7,h=10.0,n=30,start_thres=1.25",hub,0.25,50,28,40,1730,15,0,25,1730,0.375,0.0,1.0,0.0,0.1451661004261537
ni_tfnbs,"e=0.8,h=0.5,n=30,start_thres=1.25",hub,0.25,50,28,40,1730,28,0,12,1730,0.7,0.0,1.0,0.0,0.1451661004261537
ni_tfnbs,"e=0.8,h=1.0,n=30,start_thres=1.25",hub,0.25,50,28,40,1730,28,0,12,1730,0.7,0.0,1.0,0.0,0.1451661004261537
ni_tfnbs,"e=0.8,h=2.0,n=30,start_thres=1.25",hub,0.25,50,28,40,1730,28,0,12,1730,0.7,0.0,1.0,0.0,0.1451661004261537
ni_tfnbs,"e=0.8,h=3.0,n=30,start_thres=1.25",hub,0.25,50,28,40,1730,27,0,13,1730,0.675,0.0,1.0,0.0,0.1451661004261537
ni_tfnbs,"e=0.8,h=4.0,n=30,start_thres=1.25",hub,0.25,50,28,40,1730,27,0,13,1730,0.675,0.0,1.0,0.0,0.1451661004261537
ni_tfnbs,"e=0.8,h=5.0,n=30,start_thres=1.25",hub,0.25,50,28,40,1730,25,0,15,1730,0.625,0.0,1.0,0.0,0.1451661004261537
ni_tfnbs,"e=0.8,h=6.0,n=30,start_thres=1.25",hub,0.25,50,28,40,1730,25,0,15,1730,0.625,0.0,1.0,0.0,0.1451661004261537
ni_tfnbs,"e=0.8,h=7.0,n=30,start_thres=1.25",hub,0.25,50,28,40,1730,24,0,16,1730,0.6,0.0,1.0,0.0,0.1451661004261537
ni_tfnbs,"e=0.8,h=8.0,n=30,start_thres=1.25",hub,0.25,50,28,40,1730,19,0,21,1730,0.475,0.0,1.0,0.0,0.1451661004261537
ni_tfnbs,"e=0.8,h=9.0,n=30,start_thres=1.25",hub,0.25,50,28,40,1730,17,0,23,1730,0.425,0.0,1.0,0.0,0.1451661004261537
ni_tfnbs,"e=0.8,h=10.0,n=30,start_thres=1.25",hub,0.25,50,28,40,1730,16,0,24,1730,0.4,0.0,1.0,0.0,0.1451661004261537
ni_tfnbs,"e=0.9,h=0.5,n=30,start_thres=1.25",hub,0.25,50,28,40,1730,30,0,10,1730,0.75,0.0,1.0,0.0,0.1451661004261537
ni_tfnbs,"e=0.9,h=1.0,n=30,start_thres=1.25",hub,0.25,50,28,40,1730,30,0,10,1730,0.75,0.0,1.0,0.0,0.1451661004261537
ni_tfnbs,"e=0.9,h=2.0,n=30,start_thres=1.25",hub,0.25,50,28,40,1730,30,0,10,1730,0.75,0.0,1.0,0.0,0.1451661004261537
ni_tfnbs,"e=0.9,h=3.0,n=30,start_thres=1.25",hub,0.25,50,28,40,1730,28,0,12,1730,0.7,0.0,1.0,0.0,0.1451661004261537
ni_tfnbs,"e=0.9,h=4.0,n=30,start_thres=1.25",hub,0.25,50,28,40,1730,27,0,13,1730,0.675,0.0,1.0,0.0,0.1451661004261537
ni_tfnbs,"e=0.9,h=5.0,n=30,start_thres=1.25",hub,0.25,50,28,40,1730,27,0,13,1730,0.675,0.0,1.0,0.0,0.1451661004261537
ni_tfnbs,"e=0.9,h=6.0,n=30,start_thres=1.25",hub,0.25,50,28,40,1730,25,0,15,1730,0.625,0.0,1.0,0.0,0.1451661004261537
ni_tfnbs,"e=0.9,h=7.0,n=30,start_thres=1.25",hub,0.25,50,28,40,1730,25,0,15,1730,0.625,0.0,1.0,0.0,0.1451661004261537
ni_tfnbs,"e=0.9,h=8.0,n=30,start_thres=1.25",hub,0.25,50,28,40,1730,24,0,16,1730,0.6,0.0,1.0,0.0,0.1451661004261537
ni_tfnbs,"e=0.9,h=9.0,n=30,start_thres=1.25",hub,0.25,50,28,40,1730,19,0,21,1730,0.475,0.0,1.0,0.0,0.1451661004261537
ni_tfnbs,"e=0.9,h=10.0,n=30,start_thres=1.25",hub,0.25,50,28,40,1730,17,0,23,1730,0.425,0.0,1.0,0.0,0.1451661004261537
ni_tfnbs,"e=1.0,h=0.5,n=30,start_thres=1.25",hub,0.25,50,28,40,1730,30,1,10,1729,0.75,0.0005780346820809,0.967741935483871,0.032258064516129,0.1451661004261537
ni_tfnbs,"e=1.0,h=1.0,n=30,start_thres=1.25",hub,0.25,50,28,40,1730,30,1,10,1729,0.75,0.0005780346820809,0.967741935483871,0.032258064516129,0.1451661004261537
ni_tfnbs,"e=1.0,h=2.0,n=30,start_thres=1.25",hub,0.25,50,28,40,1730,30,1,10,1729,0.75,0.0005780346820809,0.967741935483871,0.032258064516129,0.1451661004261537
ni_tfnbs,"e=1.0,h=3.0,n=30,start_thres=1.25",hub,0.25,50,28,40,1730,30,0,10,1730,0.75,0.0,1.0,0.0,0.1451661004261537
ni_tfnbs,"e=1.0,h=4.0,n=30,start_thres=1.25",hub,0.25,50,28,40,1730,28,0,12,1730,0.7,0.0,1.0,0.0,0.1451661004261537
ni_tfnbs,"e=1.0,h=5.0,n=30,start_thres=1.25",hub,0.25,50,28,40,1730,27,0,13,1730,0.675,0.0,1.0,0.0,0.1451661004261537
ni_tfnbs,"e=1.0,h=6.0,n=30,start_thres=1.25",hub,0.25,50,28,40,1730,27,0,13,1730,0.675,0.0,1.0,0.0,0.1451661004261537
ni_tfnbs,"e=1.0,h=7.0,n=30,start_thres=1.25",hub,0.25,50,28,40,1730,25,0,15,1730,0.625,0.0,1.0,0.0,0.1451661004261537
ni_tfnbs,"e=1.0,h=8.0,n=30,start_thres=1.25",hub,0.25,50,28,40,1730,25,0,15,1730,0.625,0.0,1.0,0.0,0.1451661004261537
ni_tfnbs,"e=1.0,h=9.0,n=30,start_thres=1.25",hub,0.25,50,28,40,1730,24,0,16,1730,0.6,0.0,1.0,0.0,0.1451661004261537
ni_tfnbs,"e=1.0,h=10.0,n=30,start_thres=1.25",hub,0.25,50,28,40,1730,22,0,18,1730,0.55,0.0,1.0,0.0,0.1451661004261537
ni_tfnbs,"e=1.1,h=0.5,n=30,start_thres=1.25",hub,0.25,50,28,40,1730,30,1,10,1729,0.75,0.0005780346820809,0.967741935483871,0.032258064516129,0.1451661004261537
ni_tfnbs,"e=1.1,h=1.0,n=30,start_thres=1.25",hub,0.25,50,28,40,1730,30,1,10,1729,0.75,0.0005780346820809,0.967741935483871,0.032258064516129,0.1451661004261537
ni_tfnbs,"e=1.1,h=2.0,n=30,start_thres=1.25",hub,0.25,50,28,40,1730,30,1,10,1729,0.75,0.0005780346820809,0.967741935483871,0.032258064516129,0.1451661004261537
ni_tfnbs,"e=1.1,h=3.0,n=30,start_thres=1.25",hub,0.25,50,28,40,1730,30,1,10,1729,0.75,0.0005780346820809,0.967741935483871,0.032258064516129,0.1451661004261537
ni_tfnbs,"e=1.1,h=4.0,n=30,start_thres=1.25",hub,0.25,50,28,40,1730,30,0,10,1730,0.75,0.0,1.0,0.0,0.1451661004261537
ni_tfnbs,"e=1.1,h=5.0,n=30,start_thres=1.25",hub,0.25,50,28,40,1730,28,0,12,1730,0.7,0.0,1.0,0.0,0.1451661004261537
ni_tfnbs,"e=1.1,h=6.0,n=30,start_thres=1.25",hub,0.25,50,28,40,1730,27,0,13,1730,0.675,0.0,1.0,0.0,0.1451661004261537
ni_tfnbs,"e=1.1,h=7.0,n=30,start_thres=1.25",hub,0.25,50,28,40,1730,27,0,13,1730,0.675,0.0,1.0,0.0,0.1451661004261537
ni_tfnbs,"e=1.1,h=8.0,n=30,start_thres=1.25",hub,0.25,50,28,40,1730,25,0,15,1730,0.625,0.0,1.0,0.0,0.1451661004261537
ni_tfnbs,"e=1.1,h=9.0,n=30,start_thres=1.25",hub,0.25,50,28,40,1730,25,0,15,1730,0.625,0.0,1.0,0.0,0.1451661004261537
ni_tfnbs,"e=1.1,h=10.0,n=30,start_thres=1.25",hub,0.25,50,28,40,1730,24,0,16,1730,0.6,0.0,1.0,0.0,0.1451661004261537
ni_tfnbs,"e=1.2,h=0.5,n=30,start_thres=1.25",hub,0.25,50,28,40,1730,30,1,10,1729,0.75,0.0005780346820809,0.967741935483871,0.032258064516129,0.1451661004261537
ni_tfnbs,"e=1.2,h=1.0,n=30,start_thres=1.25",hub,0.25,50,28,40,1730,30,1,10,1729,0.75,0.0005780346820809,0.967741935483871,0.032258064516129,0.1451661004261537
ni_tfnbs,"e=1.2,h=2.0,n=30,start_thres=1.25",hub,0.25,50,28,40,1730,30,1,10,1729,0.75,0.0005780346820809,0.967741935483871,0.032258064516129,0.1451661004261537
ni_tfnbs,"e=1.2,h=3.0,n=30,start_thres=1.25",hub,0.25,50,28,40,1730,31,1,9,1729,0.775,0.0005780346820809,0.96875,0.03125,0.1451661004261537
ni_tfnbs,"e=1.2,h=4.0,n=30,start_thres=1.25",hub,0.25,50,28,40,1730,31,1,9,1729,0.775,0.0005780346820809,0.96875,0.03125,0.1451661004261537
ni_tfnbs,"e=1.2,h=5.0,n=30,start_thres=1.25",hub,0.25,50,28,40,1730,30,0,10,1730,0.75,0.0,1.0,0.0,0.1451661004261537
ni_tfnbs,"e=1.2,h=6.0,n=30,start_thres=1.25",hub,0.25,50,28,40,1730,28,0,12,1730,0.7,0.0,1.0,0.0,0.1451661004261537
ni_tfnbs,"e=1.2,h=7.0,n=30,start_thres=1.25",hub,0.25,50,28,40,1730,27,0,13,1730,0.675,0.0,1.0,0.0,0.1451661004261537
ni_tfnbs,"e=1.2,h=8.0,n=30,start_thres=1.25",hub,0.25,50,28,40,1730,27,0,13,1730,0.675,0.0,1.0,0.0,0.1451661004261537
ni_tfnbs,"e=1.2,h=9.0,n=30,start_thres=1.25",hub,0.25,50,28,40,1730,25,0,15,1730,0.625,0.0,1.0,0.0,0.1451661004261537
ni_tfnbs,"e=1.2,h=10.0,n=30,start_thres=1.25",hub,0.25,50,28,40,1730,24,0,16,1730,0.6,0.0,1.0,0.0,0.1451661004261537
ni_tfnbs,"e=1.3,h=0.5,n=30,start_thres=1.25",hub,0.25,50,28,40,1730,24,0,16,1730,0.6,0.0,1.0,0.0,0.1451661004261537
ni_tfnbs,"e=1.3,h=1.0,n=30,start_thres=1.25",hub,0.25,50,28,40,1730,30,1,10,1729,0.75,0.0005780346820809,0.967741935483871,0.032258064516129,0.1451661004261537
ni_tfnbs,"e=1.3,h=2.0,n=30,start_thres=1.25",hub,0.25,50,28,40,1730,30,1,10,1729,0.75,0.0005780346820809,0.967741935483871,0.032258064516129,0.1451661004261537
ni_tfnbs,"e=1.3,h=3.0,n=30,start_thres=1.25",hub,0.25,50,28,40,1730,31,1,9,1729,0.775,0.0005780346820809,0.96875,0.03125,0.1451661004261537
ni_tfnbs,"e=1.3,h=4.0,n=30,start_thres=1.25",hub,0.25,50,28,40,1730,31,1,9,1729,0.775,0.0005780346820809,0.96875,0.03125,0.1451661004261537
ni_tfnbs,"e=1.3,h=5.0,n=30,start_thres=1.25",hub,0.25,50,28,40,1730,30,1,10,1729,0.75,0.0005780346820809,0.967741935483871,0.032258064516129,0.1451661004261537
ni_tfnbs,"e=1.3,h=6.0,n=30,start_thres=1.25",hub,0.25,50,28,40,1730,30,0,10,1730,0.75,0.0,1.0,0.0,0.1451661004261537
ni_tfnbs,"e=1.3,h=7.0,n=30,start_thres=1.25",hub,0.25,50,28,40,1730,28,0,12,1730,0.7,0.0,1.0,0.0,0.1451661004261537
ni_tfnbs,"e=1.3,h=8.0,n=30,start_thres=1.25",hub,0.25,50,28,40,1730,27,0,13,1730,0.675,0.0,1.0,0.0,0.1451661004261537
ni_tfnbs,"e=1.3,h=9.0,n=30,start_thres=1.25",hub,0.25,50,28,40,1730,27,0,13,1730,0.675,0.0,1.0,0.0,0.1451661004261537
ni_tfnbs,"e=1.3,h=10.0,n=30,start_thres=1.25",hub,0.25,50,28,40,1730,25,0,15,1730,0.625,0.0,1.0,0.0,0.1451661004261537
ni_tfnbs,"e=1.4,h=0.5,n=30,start_thres=1.25",hub,0.25,50,28,40,1730,24,0,16,1730,0.6,0.0,1.0,0.0,0.1451661004261537
ni_tfnbs,"e=1.4,h=1.0,n=30,start_thres=1.25",hub,0.25,50,28,40,1730,28,1,12,1729,0.7,0.0005780346820809,0.9655172413793104,0.0344827586206896,0.1451661004261537
ni_tfnbs,"e=1.4,h=2.0,n=30,start_thres=1.25",hub,0.25,50,28,40,1730,30,1,10,1729,0.75,0.0005780346820809,0.967741935483871,0.032258064516129,0.1451661004261537
ni_tfnbs,"e=1.4,h=3.0,n=30,start_thres=1.25",hub,0.25,50,28,40,1730,31,1,9,1729,0.775,0.0005780346820809,0.96875,0.03125,0.1451661004261537
ni_tfnbs,"e=1.4,h=4.0,n=30,start_thres=1.25",hub,0.25,50,28,40,1730,31,1,9,1729,0.775,0.0005780346820809,0.96875,0.03125,0.1451661004261537
ni_tfnbs,"e=1.4,h=5.0,n=30,start_thres=1.25",hub,0.25,50,28,40,1730,31,1,9,1729,0.775,0.0005780346820809,0.96875,0.03125,0.1451661004261537
ni_tfnbs,"e=1.4,h=6.0,n=30,start_thres=1.25",hub,0.25,50,28,40,1730,30,0,10,1730,0.75,0.0,1.0,0.0,0.1451661004261537
ni_tfnbs,"e=1.4,h=7.0,n=30,start_thres=1.25",hub,0.25,50,28,40,1730,28,0,12,1730,0.7,0.0,1.0,0.0,0.1451661004261537
ni_tfnbs,"e=1.4,h=8.0,n=30,start_thres=1.25",hub,0.25,50,28,40,1730,28,0,12,1730,0.7,0.0,1.0,0.0,0.1451661004261537
ni_tfnbs,"e=1.4,h=9.0,n=30,start_thres=1.25",hub,0.25,50,28,40,1730,27,0,13,1730,0.675,0.0,1.0,0.0,0.1451661004261537
ni_tfnbs,"e=1.4,h=10.0,n=30,start_thres=1.25",hub,0.25,50,28,40,1730,27,0,13,1730,0.675,0.0,1.0,0.0,0.1451661004261537
ni_tfnbs,"e=1.5,h=0.5,n=30,start_thres=1.25",hub,0.25,50,28,40,1730,24,0,16,1730,0.6,0.0,1.0,0.0,0.1451661004261537
ni_tfnbs,"e=1.5,h=1.0,n=30,start_thres=1.25",hub,0.25,50,28,40,1730,26,1,14,1729,0.65,0.0005780346820809,0.9629629629629628,0.037037037037037,0.1451661004261537
ni_tfnbs,"e=1.5,h=2.0,n=30,start_thres=1.25",hub,0.25,50,28,40,1730,30,1,10,1729,0.75,0.0005780346820809,0.967741935483871,0.032258064516129,0.1451661004261537
ni_tfnbs,"e=1.5,h=3.0,n=30,start_thres=1.25",hub,0.25,50,28,40,1730,31,1,9,1729,0.775,0.0005780346820809,0.96875,0.03125,0.1451661004261537
ni_tfnbs,"e=1.5,h=4.0,n=30,start_thres=1.25",hub,0.25,50,28,40,1730,31,1,9,1729,0.775,0.0005780346820809,0.96875,0.03125,0.1451661004261537
ni_tfnbs,"e=1.5,h=5.0,n=30,start_thres=1.25",hub,0.25,50,28,40,1730,31,1,9,1729,0.775,0.0005780346820809,0.96875,0.03125,0.1451661004261537
ni_tfnbs,"e=1.5,h=6.0,n=30,start_thres=1.25",hub,0.25,50,28,40,1730,31,1,9,1729,0.775,0.0005780346820809,0.96875,0.03125,0.1451661004261537
ni_tfnbs,"e=1.5,h=7.0,n=30,start_thres=1.25",hub,0.25,50,28,40,1730,30,0,10,1730,0.75,0.0,1.0,0.0,0.1451661004261537
ni_tfnbs,"e=1.5,h=8.0,n=30,start_thres=1.25",hub,0.25,50,28,40,1730,28,0,12,1730,0.7,0.0,1.0,0.0,0.1451661004261537
ni_tfnbs,"e=1.5,h=9.0,n=30,start_thres=1.25",hub,0.25,50,28,40,1730,27,0,13,1730,0.675,0.0,1.0,0.0,0.1451661004261537
ni_tfnbs,"e=1.5,h=10.0,n=30,start_thres=1.25",hub,0.25,50,28,40,1730,27,0,13,1730,0.675,0.0,1.0,0.0,0.1451661004261537
ni_tfnbs,"e=0.05,h=0.5,n=30,start_thres=1.25",hub,0.25,50,29,40,1730,12,0,28,1730,0.3,0.0,1.0,0.0,0.1453293480656363
ni_tfnbs,"e=0.05,h=1.0,n=30,start_thres=1.25",hub,0.25,50,29,40,1730,12,0,28,1730,0.3,0.0,1.0,0.0,0.1453293480656363
ni_tfnbs,"e=0.05,h=2.0,n=30,start_thres=1.25",hub,0.25,50,29,40,1730,12,0,28,1730,0.3,0.0,1.0,0.0,0.1453293480656363
ni_tfnbs,"e=0.05,h=3.0,n=30,start_thres=1.25",hub,0.25,50,29,40,1730,12,0,28,1730,0.3,0.0,1.0,0.0,0.1453293480656363
ni_tfnbs,"e=0.05,h=4.0,n=30,start_thres=1.25",hub,0.25,50,29,40,1730,12,0,28,1730,0.3,0.0,1.0,0.0,0.1453293480656363
ni_tfnbs,"e=0.05,h=5.0,n=30,start_thres=1.25",hub,0.25,50,29,40,1730,12,0,28,1730,0.3,0.0,1.0,0.0,0.1453293480656363
ni_tfnbs,"e=0.05,h=6.0,n=30,start_thres=1.25",hub,0.25,50,29,40,1730,12,0,28,1730,0.3,0.0,1.0,0.0,0.1453293480656363
ni_tfnbs,"e=0.05,h=7.0,n=30,start_thres=1.25",hub,0.25,50,29,40,1730,12,0,28,1730,0.3,0.0,1.0,0.0,0.1453293480656363
ni_tfnbs,"e=0.05,h=8.0,n=30,start_thres=1.25",hub,0.25,50,29,40,1730,12,0,28,1730,0.3,0.0,1.0,0.0,0.1453293480656363
ni_tfnbs,"e=0.05,h=9.0,n=30,start_thres=1.25",hub,0.25,50,29,40,1730,12,0,28,1730,0.3,0.0,1.0,0.0,0.1453293480656363
ni_tfnbs,"e=0.05,h=10.0,n=30,start_thres=1.25",hub,0.25,50,29,40,1730,12,0,28,1730,0.3,0.0,1.0,0.0,0.1453293480656363
ni_tfnbs,"e=0.1,h=0.5,n=30,start_thres=1.25",hub,0.25,50,29,40,1730,13,0,27,1730,0.325,0.0,1.0,0.0,0.1453293480656363
ni_tfnbs,"e=0.1,h=1.0,n=30,start_thres=1.25",hub,0.25,50,29,40,1730,13,0,27,1730,0.325,0.0,1.0,0.0,0.1453293480656363
ni_tfnbs,"e=0.1,h=2.0,n=30,start_thres=1.25",hub,0.25,50,29,40,1730,13,0,27,1730,0.325,0.0,1.0,0.0,0.1453293480656363
ni_tfnbs,"e=0.1,h=3.0,n=30,start_thres=1.25",hub,0.25,50,29,40,1730,13,0,27,1730,0.325,0.0,1.0,0.0,0.1453293480656363
ni_tfnbs,"e=0.1,h=4.0,n=30,start_thres=1.25",hub,0.25,50,29,40,1730,13,0,27,1730,0.325,0.0,1.0,0.0,0.1453293480656363
ni_tfnbs,"e=0.1,h=5.0,n=30,start_thres=1.25",hub,0.25,50,29,40,1730,12,0,28,1730,0.3,0.0,1.0,0.0,0.1453293480656363
ni_tfnbs,"e=0.1,h=6.0,n=30,start_thres=1.25",hub,0.25,50,29,40,1730,12,0,28,1730,0.3,0.0,1.0,0.0,0.1453293480656363
ni_tfnbs,"e=0.1,h=7.0,n=30,start_thres=1.25",hub,0.25,50,29,40,1730,12,0,28,1730,0.3,0.0,1.0,0.0,0.1453293480656363
ni_tfnbs,"e=0.1,h=8.0,n=30,start_thres=1.25",hub,0.25,50,29,40,1730,12,0,28,1730,0.3,0.0,1.0,0.0,0.1453293480656363
ni_tfnbs,"e=0.1,h=9.0,n=30,start_thres=1.25",hub,0.25,50,29,40,1730,12,0,28,1730,0.3,0.0,1.0,0.0,0.1453293480656363
ni_tfnbs,"e=0.1,h=10.0,n=30,start_thres=1.25",hub,0.25,50,29,40,1730,12,0,28,1730,0.3,0.0,1.0,0.0,0.1453293480656363
ni_tfnbs,"e=0.2,h=0.5,n=30,start_thres=1.25",hub,0.25,50,29,40,1730,20,0,20,1730,0.5,0.0,1.0,0.0,0.1453293480656363
ni_tfnbs,"e=0.2,h=1.0,n=30,start_thres=1.25",hub,0.25,50,29,40,1730,18,0,22,1730,0.45,0.0,1.0,0.0,0.1453293480656363
ni_tfnbs,"e=0.2,h=2.0,n=30,start_thres=1.25",hub,0.25,50,29,40,1730,17,0,23,1730,0.425,0.0,1.0,0.0,0.1453293480656363
ni_tfnbs,"e=0.2,h=3.0,n=30,start_thres=1.25",hub,0.25,50,29,40,1730,16,0,24,1730,0.4,0.0,1.0,0.0,0.1453293480656363
ni_tfnbs,"e=0.2,h=4.0,n=30,start_thres=1.25",hub,0.25,50,29,40,1730,15,0,25,1730,0.375,0.0,1.0,0.0,0.1453293480656363
ni_tfnbs,"e=0.2,h=5.0,n=30,start_thres=1.25",hub,0.25,50,29,40,1730,13,0,27,1730,0.325,0.0,1.0,0.0,0.1453293480656363
ni_tfnbs,"e=0.2,h=6.0,n=30,start_thres=1.25",hub,0.25,50,29,40,1730,13,0,27,1730,0.325,0.0,1.0,0.0,0.1453293480656363
ni_tfnbs,"e=0.2,h=7.0,n=30,start_thres=1.25",hub,0.25,50,29,40,1730,13,0,27,1730,0.325,0.0,1.0,0.0,0.1453293480656363
ni_tfnbs,"e=0.2,h=8.0,n=30,start_thres=1.25",hub,0.25,50,29,40,1730,13,0,27,1730,0.325,0.0,1.0,0.0,0.1453293480656363
ni_tfnbs,"e=0.2,h=9.0,n=30,start_thres=1.25",hub,0.25,50,29,40,1730,13,0,27,1730,0.325,0.0,1.0,0.0,0.1453293480656363
ni_tfnbs,"e=0.2,h=10.0,n=30,start_thres=1.25",hub,0.25,50,29,40,1730,13,0,27,1730,0.325,0.0,1.0,0.0,0.1453293480656363
ni_tfnbs,"e=0.3,h=0.5,n=30,start_thres=1.25",hub,0.25,50,29,40,1730,22,0,18,1730,0.55,0.0,1.0,0.0,0.1453293480656363
ni_tfnbs,"e=0.3,h=1.0,n=30,start_thres=1.25",hub,0.25,50,29,40,1730,22,0,18,1730,0.55,0.0,1.0,0.0,0.1453293480656363
ni_tfnbs,"e=0.3,h=2.0,n=30,start_thres=1.25",hub,0.25,50,29,40,1730,21,0,19,1730,0.525,0.0,1.0,0.0,0.1453293480656363
ni_tfnbs,"e=0.3,h=3.0,n=30,start_thres=1.25",hub,0.25,50,29,40,1730,20,0,20,1730,0.5,0.0,1.0,0.0,0.1453293480656363
ni_tfnbs,"e=0.3,h=4.0,n=30,start_thres=1.25",hub,0.25,50,29,40,1730,17,0,23,1730,0.425,0.0,1.0,0.0,0.1453293480656363
ni_tfnbs,"e=0.3,h=5.0,n=30,start_thres=1.25",hub,0.25,50,29,40,1730,17,0,23,1730,0.425,0.0,1.0,0.0,0.1453293480656363
ni_tfnbs,"e=0.3,h=6.0,n=30,start_thres=1.25",hub,0.25,50,29,40,1730,16,0,24,1730,0.4,0.0,1.0,0.0,0.1453293480656363
ni_tfnbs,"e=0.3,h=7.0,n=30,start_thres=1.25",hub,0.25,50,29,40,1730,15,0,25,1730,0.375,0.0,1.0,0.0,0.1453293480656363
ni_tfnbs,"e=0.3,h=8.0,n=30,start_thres=1.25",hub,0.25,50,29,40,1730,13,0,27,1730,0.325,0.0,1.0,0.0,0.1453293480656363
ni_tfnbs,"e=0.3,h=9.0,n=30,start_thres=1.25",hub,0.25,50,29,40,1730,13,0,27,1730,0.325,0.0,1.0,0.0,0.1453293480656363
ni_tfnbs,"e=0.3,h=10.0,n=30,start_thres=1.25",hub,0.25,50,29,40,1730,13,0,27,1730,0.325,0.0,1.0,0.0,0.1453293480656363
ni_tfnbs,"e=0.4,h=0.5,n=30,start_thres=1.25",hub,0.25,50,29,40,1730,23,0,17,1730,0.575,0.0,1.0,0.0,0.1453293480656363
ni_tfnbs,"e=0.4,h=1.0,n=30,start_thres=1.25",hub,0.25,50,29,40,1730,23,0,17,1730,0.575,0.0,1.0,0.0,0.1453293480656363
ni_tfnbs,"e=0.4,h=2.0,n=30,start_thres=1.25",hub,0.25,50,29,40,1730,23,0,17,1730,0.575,0.0,1.0,0.0,0.1453293480656363
ni_tfnbs,"e=0.4,h=3.0,n=30,start_thres=1.25",hub,0.25,50,29,40,1730,22,0,18,1730,0.55,0.0,1.0,0.0,0.1453293480656363
ni_tfnbs,"e=0.4,h=4.0,n=30,start_thres=1.25",hub,0.25,50,29,40,1730,21,0,19,1730,0.525,0.0,1.0,0.0,0.1453293480656363
ni_tfnbs,"e=0.4,h=5.0,n=30,start_thres=1.25",hub,0.25,50,29,40,1730,20,0,20,1730,0.5,0.0,1.0,0.0,0.1453293480656363
ni_tfnbs,"e=0.4,h=6.0,n=30,start_thres=1.25",hub,0.25,50,29,40,1730,17,0,23,1730,0.425,0.0,1.0,0.0,0.1453293480656363
ni_tfnbs,"e=0.4,h=7.0,n=30,start_thres=1.25",hub,0.25,50,29,40,1730,17,0,23,1730,0.425,0.0,1.0,0.0,0.1453293480656363
ni_tfnbs,"e=0.4,h=8.0,n=30,start_thres=1.25",hub,0.25,50,29,40,1730,17,0,23,1730,0.425,0.0,1.0,0.0,0.1453293480656363
ni_tfnbs,"e=0.4,h=9.0,n=30,start_thres=1.25",hub,0.25,50,29,40,1730,16,0,24,1730,0.4,0.0,1.0,0.0,0.1453293480656363
ni_tfnbs,"e=0.4,h=10.0,n=30,start_thres=1.25",hub,0.25,50,29,40,1730,15,0,25,1730,0.375,0.0,1.0,0.0,0.1453293480656363
ni_tfnbs,"e=0.5,h=0.5,n=30,start_thres=1.25",hub,0.25,50,29,40,1730,24,0,16,1730,0.6,0.0,1.0,0.0,0.1453293480656363
ni_tfnbs,"e=0.5,h=1.0,n=30,start_thres=1.25",hub,0.25,50,29,40,1730,25,0,15,1730,0.625,0.0,1.0,0.0,0.1453293480656363
ni_tfnbs,"e=0.5,h=2.0,n=30,start_thres=1.25",hub,0.25,50,29,40,1730,24,0,16,1730,0.6,0.0,1.0,0.0,0.1453293480656363
ni_tfnbs,"e=0.5,h=3.0,n=30,start_thres=1.25",hub,0.25,50,29,40,1730,23,0,17,1730,0.575,0.0,1.0,0.0,0.1453293480656363
ni_tfnbs,"e=0.5,h=4.0,n=30,start_thres=1.25",hub,0.25,50,29,40,1730,22,0,18,1730,0.55,0.0,1.0,0.0,0.1453293480656363
ni_tfnbs,"e=0.5,h=5.0,n=30,start_thres=1.25",hub,0.25,50,29,40,1730,22,0,18,1730,0.55,0.0,1.0,0.0,0.1453293480656363
ni_tfnbs,"e=0.5,h=6.0,n=30,start_thres=1.25",hub,0.25,50,29,40,1730,21,0,19,1730,0.525,0.0,1.0,0.0,0.1453293480656363
ni_tfnbs,"e=0.5,h=7.0,n=30,start_thres=1.25",hub,0.25,50,29,40,1730,20,0,20,1730,0.5,0.0,1.0,0.0,0.1453293480656363
ni_tfnbs,"e=0.5,h=8.0,n=30,start_thres=1.25",hub,0.25,50,29,40,1730,17,0,23,1730,0.425,0.0,1.0,0.0,0.1453293480656363
ni_tfnbs,"e=0.5,h=9.0,n=30,start_thres=1.25",hub,0.25,50,29,40,1730,17,0,23,1730,0.425,0.0,1.0,0.0,0.1453293480656363
ni_tfnbs,"e=0.5,h=10.0,n=30,start_thres=1.25",hub,0.25,50,29,40,1730,17,0,23,1730,0.425,0.0,1.0,0.0,0.1453293480656363
ni_tfnbs,"e=0.6,h=0.5,n=30,start_thres=1.25",hub,0.25,50,29,40,1730,25,1,15,1729,0.625,0.0005780346820809,0.9615384615384616,0.0384615384615384,0.1453293480656363
ni_tfnbs,"e=0.6,h=1.0,n=30,start_thres=1.25",hub,0.25,50,29,40,1730,25,1,15,1729,0.625,0.0005780346820809,0.9615384615384616,0.0384615384615384,0.1453293480656363
ni_tfnbs,"e=0.6,h=2.0,n=30,start_thres=1.25",hub,0.25,50,29,40,1730,25,0,15,1730,0.625,0.0,1.0,0.0,0.1453293480656363
ni_tfnbs,"e=0.6,h=3.0,n=30,start_thres=1.25",hub,0.25,50,29,40,1730,25,0,15,1730,0.625,0.0,1.0,0.0,0.1453293480656363
ni_tfnbs,"e=0.6,h=4.0,n=30,start_thres=1.25",hub,0.25,50,29,40,1730,23,0,17,1730,0.575,0.0,1.0,0.0,0.1453293480656363
ni_tfnbs,"e=0.6,h=5.0,n=30,start_thres=1.25",hub,0.25,50,29,40,1730,23,0,17,1730,0.575,0.0,1.0,0.0,0.1453293480656363
ni_tfnbs,"e=0.6,h=6.0,n=30,start_thres=1.25",hub,0.25,50,29,40,1730,22,0,18,1730,0.55,0.0,1.0,0.0,0.1453293480656363
ni_tfnbs,"e=0.6,h=7.0,n=30,start_thres=1.25",hub,0.25,50,29,40,1730,21,0,19,1730,0.525,0.0,1.0,0.0,0.1453293480656363
ni_tfnbs,"e=0.6,h=8.0,n=30,start_thres=1.25",hub,0.25,50,29,40,1730,20,0,20,1730,0.5,0.0,1.0,0.0,0.1453293480656363
ni_tfnbs,"e=0.6,h=9.0,n=30,start_thres=1.25",hub,0.25,50,29,40,1730,20,0,20,1730,0.5,0.0,1.0,0.0,0.1453293480656363
ni_tfnbs,"e=0.6,h=10.0,n=30,start_thres=1.25",hub,0.25,50,29,40,1730,17,0,23,1730,0.425,0.0,1.0,0.0,0.1453293480656363
ni_tfnbs,"e=0.7,h=0.5,n=30,start_thres=1.25",hub,0.25,50,29,40,1730,27,1,13,1729,0.675,0.0005780346820809,0.9642857142857144,0.0357142857142857,0.1453293480656363
ni_tfnbs,"e=0.7,h=1.0,n=30,start_thres=1.25",hub,0.25,50,29,40,1730,27,1,13,1729,0.675,0.0005780346820809,0.9642857142857144,0.0357142857142857,0.1453293480656363
ni_tfnbs,"e=0.7,h=2.0,n=30,start_thres=1.25",hub,0.25,50,29,40,1730,27,1,13,1729,0.675,0.0005780346820809,0.9642857142857144,0.0357142857142857,0.1453293480656363
ni_tfnbs,"e=0.7,h=3.0,n=30,start_thres=1.25",hub,0.25,50,29,40,1730,25,1,15,1729,0.625,0.0005780346820809,0.9615384615384616,0.0384615384615384,0.1453293480656363
ni_tfnbs,"e=0.7,h=4.0,n=30,start_thres=1.25",hub,0.25,50,29,40,1730,25,0,15,1730,0.625,0.0,1.0,0.0,0.1453293480656363
ni_tfnbs,"e=0.7,h=5.0,n=30,start_thres=1.25",hub,0.25,50,29,40,1730,23,0,17,1730,0.575,0.0,1.0,0.0,0.1453293480656363
ni_tfnbs,"e=0.7,h=6.0,n=30,start_thres=1.25",hub,0.25,50,29,40,1730,23,0,17,1730,0.575,0.0,1.0,0.0,0.1453293480656363
ni_tfnbs,"e=0.7,h=7.0,n=30,start_thres=1.25",hub,0.25,50,29,40,1730,22,0,18,1730,0.55,0.0,1.0,0.0,0.1453293480656363
ni_tfnbs,"e=0.7,h=8.0,n=30,start_thres=1.25",hub,0.25,50,29,40,1730,21,0,19,1730,0.525,0.0,1.0,0.0,0.1453293480656363
ni_tfnbs,"e=0.7,h=9.0,n=30,start_thres=1.25",hub,0.25,50,29,40,1730,20,0,20,1730,0.5,0.0,1.0,0.0,0.1453293480656363
ni_tfnbs,"e=0.7,h=10.0,n=30,start_thres=1.25",hub,0.25,50,29,40,1730,20,0,20,1730,0.5,0.0,1.0,0.0,0.1453293480656363
ni_tfnbs,"e=0.8,h=0.5,n=30,start_thres=1.25",hub,0.25,50,29,40,1730,27,1,13,1729,0.675,0.0005780346820809,0.9642857142857144,0.0357142857142857,0.1453293480656363
ni_tfnbs,"e=0.8,h=1.0,n=30,start_thres=1.25",hub,0.25,50,29,40,1730,27,1,13,1729,0.675,0.0005780346820809,0.9642857142857144,0.0357142857142857,0.1453293480656363
ni_tfnbs,"e=0.8,h=2.0,n=30,start_thres=1.25",hub,0.25,50,29,40,1730,29,1,11,1729,0.725,0.0005780346820809,0.9666666666666668,0.0333333333333333,0.1453293480656363
ni_tfnbs,"e=0.8,h=3.0,n=30,start_thres=1.25",hub,0.25,50,29,40,1730,29,1,11,1729,0.725,0.0005780346820809,0.9666666666666668,0.0333333333333333,0.1453293480656363
ni_tfnbs,"e=0.8,h=4.0,n=30,start_thres=1.25",hub,0.25,50,29,40,1730,25,1,15,1729,0.625,0.0005780346820809,0.9615384615384616,0.0384615384615384,0.1453293480656363
ni_tfnbs,"e=0.8,h=5.0,n=30,start_thres=1.25",hub,0.25,50,29,40,1730,25,0,15,1730,0.625,0.0,1.0,0.0,0.1453293480656363
ni_tfnbs,"e=0.8,h=6.0,n=30,start_thres=1.25",hub,0.25,50,29,40,1730,24,0,16,1730,0.6,0.0,1.0,0.0,0.1453293480656363
ni_tfnbs,"e=0.8,h=7.0,n=30,start_thres=1.25",hub,0.25,50,29,40,1730,23,0,17,1730,0.575,0.0,1.0,0.0,0.1453293480656363
ni_tfnbs,"e=0.8,h=8.0,n=30,start_thres=1.25",hub,0.25,50,29,40,1730,22,0,18,1730,0.55,0.0,1.0,0.0,0.1453293480656363
ni_tfnbs,"e=0.8,h=9.0,n=30,start_thres=1.25",hub,0.25,50,29,40,1730,22,0,18,1730,0.55,0.0,1.0,0.0,0.1453293480656363
ni_tfnbs,"e=0.8,h=10.0,n=30,start_thres=1.25",hub,0.25,50,29,40,1730,20,0,20,1730,0.5,0.0,1.0,0.0,0.1453293480656363
ni_tfnbs,"e=0.9,h=0.5,n=30,start_thres=1.25",hub,0.25,50,29,40,1730,26,2,14,1728,0.65,0.0011560693641618,0.9285714285714286,0.0714285714285714,0.1453293480656363
ni_tfnbs,"e=0.9,h=1.0,n=30,start_thres=1.25",hub,0.25,50,29,40,1730,27,2,13,1728,0.675,0.0011560693641618,0.9310344827586208,0.0689655172413793,0.1453293480656363
ni_tfnbs,"e=0.9,h=2.0,n=30,start_thres=1.25",hub,0.25,50,29,40,1730,29,1,11,1729,0.725,0.0005780346820809,0.9666666666666668,0.0333333333333333,0.1453293480656363
ni_tfnbs,"e=0.9,h=3.0,n=30,start_thres=1.25",hub,0.25,50,29,40,1730,29,1,11,1729,0.725,0.0005780346820809,0.9666666666666668,0.0333333333333333,0.1453293480656363
ni_tfnbs,"e=0.9,h=4.0,n=30,start_thres=1.25",hub,0.25,50,29,40,1730,29,1,11,1729,0.725,0.0005780346820809,0.9666666666666668,0.0333333333333333,0.1453293480656363
ni_tfnbs,"e=0.9,h=5.0,n=30,start_thres=1.25",hub,0.25,50,29,40,1730,25,1,15,1729,0.625,0.0005780346820809,0.9615384615384616,0.0384615384615384,0.1453293480656363
ni_tfnbs,"e=0.9,h=6.0,n=30,start_thres=1.25",hub,0.25,50,29,40,1730,25,0,15,1730,0.625,0.0,1.0,0.0,0.1453293480656363
ni_tfnbs,"e=0.9,h=7.0,n=30,start_thres=1.25",hub,0.25,50,29,40,1730,24,0,16,1730,0.6,0.0,1.0,0.0,0.1453293480656363
ni_tfnbs,"e=0.9,h=8.0,n=30,start_thres=1.25",hub,0.25,50,29,40,1730,23,0,17,1730,0.575,0.0,1.0,0.0,0.1453293480656363
ni_tfnbs,"e=0.9,h=9.0,n=30,start_thres=1.25",hub,0.25,50,29,40,1730,22,0,18,1730,0.55,0.0,1.0,0.0,0.1453293480656363
ni_tfnbs,"e=0.9,h=10.0,n=30,start_thres=1.25",hub,0.25,50,29,40,1730,22,0,18,1730,0.55,0.0,1.0,0.0,0.1453293480656363
ni_tfnbs,"e=1.0,h=0.5,n=30,start_thres=1.25",hub,0.25,50,29,40,1730,26,2,14,1728,0.65,0.0011560693641618,0.9285714285714286,0.0714285714285714,0.1453293480656363
ni_tfnbs,"e=1.0,h=1.0,n=30,start_thres=1.25",hub,0.25,50,29,40,1730,27,2,13,1728,0.675,0.0011560693641618,0.9310344827586208,0.0689655172413793,0.1453293480656363
ni_tfnbs,"e=1.0,h=2.0,n=30,start_thres=1.25",hub,0.25,50,29,40,1730,30,2,10,1728,0.75,0.0011560693641618,0.9375,0.0625,0.1453293480656363
ni_tfnbs,"e=1.0,h=3.0,n=30,start_thres=1.25",hub,0.25,50,29,40,1730,30,1,10,1729,0.75,0.0005780346820809,0.967741935483871,0.032258064516129,0.1453293480656363
ni_tfnbs,"e=1.0,h=4.0,n=30,start_thres=1.25",hub,0.25,50,29,40,1730,29,1,11,1729,0.725,0.0005780346820809,0.9666666666666668,0.0333333333333333,0.1453293480656363
ni_tfnbs,"e=1.0,h=5.0,n=30,start_thres=1.25",hub,0.25,50,29,40,1730,29,1,11,1729,0.725,0.0005780346820809,0.9666666666666668,0.0333333333333333,0.1453293480656363
ni_tfnbs,"e=1.0,h=6.0,n=30,start_thres=1.25",hub,0.25,50,29,40,1730,25,1,15,1729,0.625,0.0005780346820809,0.9615384615384616,0.0384615384615384,0.1453293480656363
ni_tfnbs,"e=1.0,h=7.0,n=30,start_thres=1.25",hub,0.25,50,29,40,1730,25,0,15,1730,0.625,0.0,1.0,0.0,0.1453293480656363
ni_tfnbs,"e=1.0,h=8.0,n=30,start_thres=1.25",hub,0.25,50,29,40,1730,24,0,16,1730,0.6,0.0,1.0,0.0,0.1453293480656363
ni_tfnbs,"e=1.0,h=9.0,n=30,start_thres=1.25",hub,0.25,50,29,40,1730,23,0,17,1730,0.575,0.0,1.0,0.0,0.1453293480656363
ni_tfnbs,"e=1.0,h=10.0,n=30,start_thres=1.25",hub,0.25,50,29,40,1730,22,0,18,1730,0.55,0.0,1.0,0.0,0.1453293480656363
ni_tfnbs,"e=1.1,h=0.5,n=30,start_thres=1.25",hub,0.25,50,29,40,1730,24,2,16,1728,0.6,0.0011560693641618,0.9230769230769232,0.0769230769230769,0.1453293480656363
ni_tfnbs,"e=1.1,h=1.0,n=30,start_thres=1.25",hub,0.25,50,29,40,1730,26,2,14,1728,0.65,0.0011560693641618,0.9285714285714286,0.0714285714285714,0.1453293480656363
ni_tfnbs,"e=1.1,h=2.0,n=30,start_thres=1.25",hub,0.25,50,29,40,1730,30,2,10,1728,0.75,0.0011560693641618,0.9375,0.0625,0.1453293480656363
ni_tfnbs,"e=1.1,h=3.0,n=30,start_thres=1.25",hub,0.25,50,29,40,1730,30,2,10,1728,0.75,0.0011560693641618,0.9375,0.0625,0.1453293480656363
ni_tfnbs,"e=1.1,h=4.0,n=30,start_thres=1.25",hub,0.25,50,29,40,1730,30,2,10,1728,0.75,0.0011560693641618,0.9375,0.0625,0.1453293480656363
ni_tfnbs,"e=1.1,h=5.0,n=30,start_thres=1.25",hub,0.25,50,29,40,1730,30,1,10,1729,0.75,0.0005780346820809,0.967741935483871,0.032258064516129,0.1453293480656363
ni_tfnbs,"e=1.1,h=6.0,n=30,start_thres=1.25",hub,0.25,50,29,40,1730,29,1,11,1729,0.725,0.0005780346820809,0.9666666666666668,0.0333333333333333,0.1453293480656363
ni_tfnbs,"e=1.1,h=7.0,n=30,start_thres=1.25",hub,0.25,50,29,40,1730,25,1,15,1729,0.625,0.0005780346820809,0.9615384615384616,0.0384615384615384,0.1453293480656363
ni_tfnbs,"e=1.1,h=8.0,n=30,start_thres=1.25",hub,0.25,50,29,40,1730,25,0,15,1730,0.625,0.0,1.0,0.0,0.1453293480656363
ni_tfnbs,"e=1.1,h=9.0,n=30,start_thres=1.25",hub,0.25,50,29,40,1730,24,0,16,1730,0.6,0.0,1.0,0.0,0.1453293480656363
ni_tfnbs,"e=1.1,h=10.0,n=30,start_thres=1.25",hub,0.25,50,29,40,1730,23,0,17,1730,0.575,0.0,1.0,0.0,0.1453293480656363
ni_tfnbs,"e=1.2,h=0.5,n=30,start_thres=1.25",hub,0.25,50,29,40,1730,24,1,16,1729,0.6,0.0005780346820809,0.96,0.04,0.1453293480656363
ni_tfnbs,"e=1.2,h=1.0,n=30,start_thres=1.25",hub,0.25,50,29,40,1730,25,2,15,1728,0.625,0.0011560693641618,0.925925925925926,0.074074074074074,0.1453293480656363
ni_tfnbs,"e=1.2,h=2.0,n=30,start_thres=1.25",hub,0.25,50,29,40,1730,30,2,10,1728,0.75,0.0011560693641618,0.9375,0.0625,0.1453293480656363
ni_tfnbs,"e=1.2,h=3.0,n=30,start_thres=1.25",hub,0.25,50,29,40,1730,30,2,10,1728,0.75,0.0011560693641618,0.9375,0.0625,0.1453293480656363
ni_tfnbs,"e=1.2,h=4.0,n=30,start_thres=1.25",hub,0.25,50,29,40,1730,30,2,10,1728,0.75,0.0011560693641618,0.9375,0.0625,0.1453293480656363
ni_tfnbs,"e=1.2,h=5.0,n=30,start_thres=1.25",hub,0.25,50,29,40,1730,30,1,10,1729,0.75,0.0005780346820809,0.967741935483871,0.032258064516129,0.1453293480656363
ni_tfnbs,"e=1.2,h=6.0,n=30,start_thres=1.25",hub,0.25,50,29,40,1730,30,1,10,1729,0.75,0.0005780346820809,0.967741935483871,0.032258064516129,0.1453293480656363
ni_tfnbs,"e=1.2,h=7.0,n=30,start_thres=1.25",hub,0.25,50,29,40,1730,27,1,13,1729,0.675,0.0005780346820809,0.9642857142857144,0.0357142857142857,0.1453293480656363
ni_tfnbs,"e=1.2,h=8.0,n=30,start_thres=1.25",hub,0.25,50,29,40,1730,25,1,15,1729,0.625,0.0005780346820809,0.9615384615384616,0.0384615384615384,0.1453293480656363
ni_tfnbs,"e=1.2,h=9.0,n=30,start_thres=1.25",hub,0.25,50,29,40,1730,25,0,15,1730,0.625,0.0,1.0,0.0,0.1453293480656363
ni_tfnbs,"e=1.2,h=10.0,n=30,start_thres=1.25",hub,0.25,50,29,40,1730,24,0,16,1730,0.6,0.0,1.0,0.0,0.1453293480656363
ni_tfnbs,"e=1.3,h=0.5,n=30,start_thres=1.25",hub,0.25,50,29,40,1730,24,1,16,1729,0.6,0.0005780346820809,0.96,0.04,0.1453293480656363
ni_tfnbs,"e=1.3,h=1.0,n=30,start_thres=1.25",hub,0.25,50,29,40,1730,24,2,16,1728,0.6,0.0011560693641618,0.9230769230769232,0.0769230769230769,0.1453293480656363
ni_tfnbs,"e=1.3,h=2.0,n=30,start_thres=1.25",hub,0.25,50,29,40,1730,30,2,10,1728,0.75,0.0011560693641618,0.9375,0.0625,0.1453293480656363
ni_tfnbs,"e=1.3,h=3.0,n=30,start_thres=1.25",hub,0.25,50,29,40,1730,30,2,10,1728,0.75,0.0011560693641618,0.9375,0.0625,0.1453293480656363
ni_tfnbs,"e=1.3,h=4.0,n=30,start_thres=1.25",hub,0.25,50,29,40,1730,30,2,10,1728,0.75,0.0011560693641618,0.9375,0.0625,0.1453293480656363
ni_tfnbs,"e=1.3,h=5.0,n=30,start_thres=1.25",hub,0.25,50,29,40,1730,30,2,10,1728,0.75,0.0011560693641618,0.9375,0.0625,0.1453293480656363
ni_tfnbs,"e=1.3,h=6.0,n=30,start_thres=1.25",hub,0.25,50,29,40,1730,30,1,10,1729,0.75,0.0005780346820809,0.967741935483871,0.032258064516129,0.1453293480656363
ni_tfnbs,"e=1.3,h=7.0,n=30,start_thres=1.25",hub,0.25,50,29,40,1730,29,1,11,1729,0.725,0.0005780346820809,0.9666666666666668,0.0333333333333333,0.1453293480656363
ni_tfnbs,"e=1.3,h=8.0,n=30,start_thres=1.25",hub,0.25,50,29,40,1730,27,1,13,1729,0.675,0.0005780346820809,0.9642857142857144,0.0357142857142857,0.1453293480656363
ni_tfnbs,"e=1.3,h=9.0,n=30,start_thres=1.25",hub,0.25,50,29,40,1730,25,0,15,1730,0.625,0.0,1.0,0.0,0.1453293480656363
ni_tfnbs,"e=1.3,h=10.0,n=30,start_thres=1.25",hub,0.25,50,29,40,1730,25,0,15,1730,0.625,0.0,1.0,0.0,0.1453293480656363
ni_tfnbs,"e=1.4,h=0.5,n=30,start_thres=1.25",hub,0.25,50,29,40,1730,24,1,16,1729,0.6,0.0005780346820809,0.96,0.04,0.1453293480656363
ni_tfnbs,"e=1.4,h=1.0,n=30,start_thres=1.25",hub,0.25,50,29,40,1730,24,1,16,1729,0.6,0.0005780346820809,0.96,0.04,0.1453293480656363
ni_tfnbs,"e=1.4,h=2.0,n=30,start_thres=1.25",hub,0.25,50,29,40,1730,28,3,12,1727,0.7,0.0017341040462427,0.9032258064516128,0.0967741935483871,0.1453293480656363
ni_tfnbs,"e=1.4,h=3.0,n=30,start_thres=1.25",hub,0.25,50,29,40,1730,30,2,10,1728,0.75,0.0011560693641618,0.9375,0.0625,0.1453293480656363
ni_tfnbs,"e=1.4,h=4.0,n=30,start_thres=1.25",hub,0.25,50,29,40,1730,30,2,10,1728,0.75,0.0011560693641618,0.9375,0.0625,0.1453293480656363
ni_tfnbs,"e=1.4,h=5.0,n=30,start_thres=1.25",hub,0.25,50,29,40,1730,30,2,10,1728,0.75,0.0011560693641618,0.9375,0.0625,0.1453293480656363
ni_tfnbs,"e=1.4,h=6.0,n=30,start_thres=1.25",hub,0.25,50,29,40,1730,30,2,10,1728,0.75,0.0011560693641618,0.9375,0.0625,0.1453293480656363
ni_tfnbs,"e=1.4,h=7.0,n=30,start_thres=1.25",hub,0.25,50,29,40,1730,30,1,10,1729,0.75,0.0005780346820809,0.967741935483871,0.032258064516129,0.1453293480656363
ni_tfnbs,"e=1.4,h=8.0,n=30,start_thres=1.25",hub,0.25,50,29,40,1730,29,1,11,1729,0.725,0.0005780346820809,0.9666666666666668,0.0333333333333333,0.1453293480656363
ni_tfnbs,"e=1.4,h=9.0,n=30,start_thres=1.25",hub,0.25,50,29,40,1730,25,1,15,1729,0.625,0.0005780346820809,0.9615384615384616,0.0384615384615384,0.1453293480656363
ni_tfnbs,"e=1.4,h=10.0,n=30,start_thres=1.25",hub,0.25,50,29,40,1730,25,0,15,1730,0.625,0.0,1.0,0.0,0.1453293480656363
ni_tfnbs,"e=1.5,h=0.5,n=30,start_thres=1.25",hub,0.25,50,29,40,1730,24,1,16,1729,0.6,0.0005780346820809,0.96,0.04,0.1453293480656363
ni_tfnbs,"e=1.5,h=1.0,n=30,start_thres=1.25",hub,0.25,50,29,40,1730,24,1,16,1729,0.6,0.0005780346820809,0.96,0.04,0.1453293480656363
ni_tfnbs,"e=1.5,h=2.0,n=30,start_thres=1.25",hub,0.25,50,29,40,1730,26,3,14,1727,0.65,0.0017341040462427,0.896551724137931,0.1034482758620689,0.1453293480656363
ni_tfnbs,"e=1.5,h=3.0,n=30,start_thres=1.25",hub,0.25,50,29,40,1730,30,3,10,1727,0.75,0.0017341040462427,0.9090909090909092,0.0909090909090909,0.1453293480656363
ni_tfnbs,"e=1.5,h=4.0,n=30,start_thres=1.25",hub,0.25,50,29,40,1730,30,3,10,1727,0.75,0.0017341040462427,0.9090909090909092,0.0909090909090909,0.1453293480656363
ni_tfnbs,"e=1.5,h=5.0,n=30,start_thres=1.25",hub,0.25,50,29,40,1730,30,2,10,1728,0.75,0.0011560693641618,0.9375,0.0625,0.1453293480656363
ni_tfnbs,"e=1.5,h=6.0,n=30,start_thres=1.25",hub,0.25,50,29,40,1730,30,2,10,1728,0.75,0.0011560693641618,0.9375,0.0625,0.1453293480656363
ni_tfnbs,"e=1.5,h=7.0,n=30,start_thres=1.25",hub,0.25,50,29,40,1730,30,2,10,1728,0.75,0.0011560693641618,0.9375,0.0625,0.1453293480656363
ni_tfnbs,"e=1.5,h=8.0,n=30,start_thres=1.25",hub,0.25,50,29,40,1730,30,1,10,1729,0.75,0.0005780346820809,0.967741935483871,0.032258064516129,0.1453293480656363
ni_tfnbs,"e=1.5,h=9.0,n=30,start_thres=1.25",hub,0.25,50,29,40,1730,29,1,11,1729,0.725,0.0005780346820809,0.9666666666666668,0.0333333333333333,0.1453293480656363
ni_tfnbs,"e=1.5,h=10.0,n=30,start_thres=1.25",hub,0.25,50,29,40,1730,25,1,15,1729,0.625,0.0005780346820809,0.9615384615384616,0.0384615384615384,0.1453293480656363
fbc_tfnbs,"e=0.05,h=0.5,n=30,start_thres=1.25,min_cluster_size=3",hub,0.25,50,0,40,1730,17,2,23,1728,0.425,0.0011560693641618,0.8947368421052632,0.1052631578947368,0.145540794188326
fbc_tfnbs,"e=0.05,h=1.0,n=30,start_thres=1.25,min_cluster_size=3",hub,0.25,50,0,40,1730,17,3,23,1727,0.425,0.0017341040462427,0.85,0.15,0.145540794188326
fbc_tfnbs,"e=0.05,h=2.0,n=30,start_thres=1.25,min_cluster_size=3",hub,0.25,50,0,40,1730,17,3,23,1727,0.425,0.0017341040462427,0.85,0.15,0.145540794188326
fbc_tfnbs,"e=0.05,h=3.0,n=30,start_thres=1.25,min_cluster_size=3",hub,0.25,50,0,40,1730,17,3,23,1727,0.425,0.0017341040462427,0.85,0.15,0.145540794188326
fbc_tfnbs,"e=0.05,h=4.0,n=30,start_thres=1.25,min_cluster_size=3",hub,0.25,50,0,40,1730,17,3,23,1727,0.425,0.0017341040462427,0.85,0.15,0.145540794188326
fbc_tfnbs,"e=0.05,h=5.0,n=30,start_thres=1.25,min_cluster_size=3",hub,0.25,50,0,40,1730,17,2,23,1728,0.425,0.0011560693641618,0.8947368421052632,0.1052631578947368,0.145540794188326
fbc_tfnbs,"e=0.05,h=6.0,n=30,start_thres=1.25,min_cluster_size=3",hub,0.25,50,0,40,1730,17,2,23,1728,0.425,0.0011560693641618,0.8947368421052632,0.1052631578947368,0.145540794188326
fbc_tfnbs,"e=0.05,h=7.0,n=30,start_thres=1.25,min_cluster_size=3",hub,0.25,50,0,40,1730,17,2,23,1728,0.425,0.0011560693641618,0.8947368421052632,0.1052631578947368,0.145540794188326
fbc_tfnbs,"e=0.05,h=8.0,n=30,start_thres=1.25,min_cluster_size=3",hub,0.25,50,0,40,1730,17,2,23,1728,0.425,0.0011560693641618,0.8947368421052632,0.1052631578947368,0.145540794188326
fbc_tfnbs,"e=0.05,h=9.0,n=30,start_thres=1.25,min_cluster_size=3",hub,0.25,50,0,40,1730,17,2,23,1728,0.425,0.0011560693641618,0.8947368421052632,0.1052631578947368,0.145540794188326
fbc_tfnbs,"e=0.05,h=10.0,n=30,start_thres=1.25,min_cluster_size=3",hub,0.25,50,0,40,1730,17,2,23,1728,0.425,0.0011560693641618,0.8947368421052632,0.1052631578947368,0.145540794188326
fbc_tfnbs,"e=0.1,h=0.5,n=30,start_thres=1.25,min_cluster_size=3",hub,0.25,50,0,40,1730,17,3,23,1727,0.425,0.0017341040462427,0.85,0.15,0.145540794188326
fbc_tfnbs,"e=0.1,h=1.0,n=30,start_thres=1.25,min_cluster_size=3",hub,0.25,50,0,40,1730,17,3,23,1727,0.425,0.0017341040462427,0.85,0.15,0.145540794188326
fbc_tfnbs,"e=0.1,h=2.0,n=30,start_thres=1.25,min_cluster_size=3",hub,0.25,50,0,40,1730,17,3,23,1727,0.425,0.0017341040462427,0.85,0.15,0.145540794188326
fbc_tfnbs,"e=0.1,h=3.0,n=30,start_thres=1.25,min_cluster_size=3",hub,0.25,50,0,40,1730,17,3,23,1727,0.425,0.0017341040462427,0.85,0.15,0.145540794188326
fbc_tfnbs,"e=0.1,h=4.0,n=30,start_thres=1.25,min_cluster_size=3",hub,0.25,50,0,40,1730,17,3,23,1727,0.425,0.0017341040462427,0.85,0.15,0.145540794188326
fbc_tfnbs,"e=0.1,h=5.0,n=30,start_thres=1.25,min_cluster_size=3",hub,0.25,50,0,40,1730,17,3,23,1727,0.425,0.0017341040462427,0.85,0.15,0.145540794188326
fbc_tfnbs,"e=0.1,h=6.0,n=30,start_thres=1.25,min_cluster_size=3",hub,0.25,50,0,40,1730,17,3,23,1727,0.425,0.0017341040462427,0.85,0.15,0.145540794188326
fbc_tfnbs,"e=0.1,h=7.0,n=30,start_thres=1.25,min_cluster_size=3",hub,0.25,50,0,40,1730,17,3,23,1727,0.425,0.0017341040462427,0.85,0.15,0.145540794188326
fbc_tfnbs,"e=0.1,h=8.0,n=30,start_thres=1.25,min_cluster_size=3",hub,0.25,50,0,40,1730,17,3,23,1727,0.425,0.0017341040462427,0.85,0.15,0.145540794188326
fbc_tfnbs,"e=0.1,h=9.0,n=30,start_thres=1.25,min_cluster_size=3",hub,0.25,50,0,40,1730,17,3,23,1727,0.425,0.0017341040462427,0.85,0.15,0.145540794188326
fbc_tfnbs,"e=0.1,h=10.0,n=30,start_thres=1.25,min_cluster_size=3",hub,0.25,50,0,40,1730,17,3,23,1727,0.425,0.0017341040462427,0.85,0.15,0.145540794188326
fbc_tfnbs,"e=0.2,h=0.5,n=30,start_thres=1.25,min_cluster_size=3",hub,0.25,50,0,40,1730,16,3,24,1727,0.4,0.0017341040462427,0.8421052631578947,0.1578947368421052,0.145540794188326
fbc_tfnbs,"e=0.2,h=1.0,n=30,start_thres=1.25,min_cluster_size=3",hub,0.25,50,0,40,1730,17,3,23,1727,0.425,0.0017341040462427,0.85,0.15,0.145540794188326
fbc_tfnbs,"e=0.2,h=2.0,n=30,start_thres=1.25,min_cluster_size=3",hub,0.25,50,0,40,1730,17,3,23,1727,0.425,0.0017341040462427,0.85,0.15,0.145540794188326
fbc_tfnbs,"e=0.2,h=3.0,n=30,start_thres=1.25,min_cluster_size=3",hub,0.25,50,0,40,1730,17,3,23,1727,0.425,0.0017341040462427,0.85,0.15,0.145540794188326
fbc_tfnbs,"e=0.2,h=4.0,n=30,start_thres=1.25,min_cluster_size=3",hub,0.25,50,0,40,1730,17,3,23,1727,0.425,0.0017341040462427,0.85,0.15,0.145540794188326
fbc_tfnbs,"e=0.2,h=5.0,n=30,start_thres=1.25,min_cluster_size=3",hub,0.25,50,0,40,1730,17,3,23,1727,0.425,0.0017341040462427,0.85,0.15,0.145540794188326
fbc_tfnbs,"e=0.2,h=6.0,n=30,start_thres=1.25,min_cluster_size=3",hub,0.25,50,0,40,1730,17,3,23,1727,0.425,0.0017341040462427,0.85,0.15,0.145540794188326
fbc_tfnbs,"e=0.2,h=7.0,n=30,start_thres=1.25,min_cluster_size=3",hub,0.25,50,0,40,1730,17,3,23,1727,0.425,0.0017341040462427,0.85,0.15,0.145540794188326
fbc_tfnbs,"e=0.2,h=8.0,n=30,start_thres=1.25,min_cluster_size=3",hub,0.25,50,0,40,1730,17,3,23,1727,0.425,0.0017341040462427,0.85,0.15,0.145540794188326
fbc_tfnbs,"e=0.2,h=9.0,n=30,start_thres=1.25,min_cluster_size=3",hub,0.25,50,0,40,1730,17,3,23,1727,0.425,0.0017341040462427,0.85,0.15,0.145540794188326
fbc_tfnbs,"e=0.2,h=10.0,n=30,start_thres=1.25,min_cluster_size=3",hub,0.25,50,0,40,1730,17,3,23,1727,0.425,0.0017341040462427,0.85,0.15,0.145540794188326
fbc_tfnbs,"e=0.3,h=0.5,n=30,start_thres=1.25,min_cluster_size=3",hub,0.25,50,0,40,1730,17,5,23,1725,0.425,0.0028901734104046,0.7727272727272727,0.2272727272727272,0.145540794188326
fbc_tfnbs,"e=0.3,h=1.0,n=30,start_thres=1.25,min_cluster_size=3",hub,0.25,50,0,40,1730,17,5,23,1725,0.425,0.0028901734104046,0.7727272727272727,0.2272727272727272,0.145540794188326
fbc_tfnbs,"e=0.3,h=2.0,n=30,start_thres=1.25,min_cluster_size=3",hub,0.25,50,0,40,1730,18,4,22,1726,0.45,0.0023121387283236,0.8181818181818182,0.1818181818181818,0.145540794188326
fbc_tfnbs,"e=0.3,h=3.0,n=30,start_thres=1.25,min_cluster_size=3",hub,0.25,50,0,40,1730,18,4,22,1726,0.45,0.0023121387283236,0.8181818181818182,0.1818181818181818,0.145540794188326
fbc_tfnbs,"e=0.3,h=4.0,n=30,start_thres=1.25,min_cluster_size=3",hub,0.25,50,0,40,1730,17,3,23,1727,0.425,0.0017341040462427,0.85,0.15,0.145540794188326
fbc_tfnbs,"e=0.3,h=5.0,n=30,start_thres=1.25,min_cluster_size=3",hub,0.25,50,0,40,1730,17,3,23,1727,0.425,0.0017341040462427,0.85,0.15,0.145540794188326
fbc_tfnbs,"e=0.3,h=6.0,n=30,start_thres=1.25,min_cluster_size=3",hub,0.25,50,0,40,1730,17,3,23,1727,0.425,0.0017341040462427,0.85,0.15,0.145540794188326
fbc_tfnbs,"e=0.3,h=7.0,n=30,start_thres=1.25,min_cluster_size=3",hub,0.25,50,0,40,1730,17,3,23,1727,0.425,0.0017341040462427,0.85,0.15,0.145540794188326
fbc_tfnbs,"e=0.3,h=8.0,n=30,start_thres=1.25,min_cluster_size=3",hub,0.25,50,0,40,1730,17,3,23,1727,0.425,0.0017341040462427,0.85,0.15,0.145540794188326
fbc_tfnbs,"e=0.3,h=9.0,n=30,start_thres=1.25,min_cluster_size=3",hub,0.25,50,0,40,1730,17,3,23,1727,0.425,0.0017341040462427,0.85,0.15,0.145540794188326
fbc_tfnbs,"e=0.3,h=10.0,n=30,start_thres=1.25,min_cluster_size=3",hub,0.25,50,0,40,1730,17,3,23,1727,0.425,0.0017341040462427,0.85,0.15,0.145540794188326
fbc_tfnbs,"e=0.4,h=0.5,n=30,start_thres=1.25,min_cluster_size=3",hub,0.25,50,0,40,1730,17,5,23,1725,0.425,0.0028901734104046,0.7727272727272727,0.2272727272727272,0.145540794188326
fbc_tfnbs,"e=0.4,h=1.0,n=30,start_thres=1.25,min_cluster_size=3",hub,0.25,50,0,40,1730,17,5,23,1725,0.425,0.0028901734104046,0.7727272727272727,0.2272727272727272,0.145540794188326
fbc_tfnbs,"e=0.4,h=2.0,n=30,start_thres=1.25,min_cluster_size=3",hub,0.25,50,0,40,1730,17,5,23,1725,0.425,0.0028901734104046,0.7727272727272727,0.2272727272727272,0.145540794188326
fbc_tfnbs,"e=0.4,h=3.0,n=30,start_thres=1.25,min_cluster_size=3",hub,0.25,50,0,40,1730,18,5,22,1725,0.45,0.0028901734104046,0.782608695652174,0.217391304347826,0.145540794188326
fbc_tfnbs,"e=0.4,h=4.0,n=30,start_thres=1.25,min_cluster_size=3",hub,0.25,50,0,40,1730,18,5,22,1725,0.45,0.0028901734104046,0.782608695652174,0.217391304347826,0.145540794188326
fbc_tfnbs,"e=0.4,h=5.0,n=30,start_thres=1.25,min_cluster_size=3",hub,0.25,50,0,40,1730,18,5,22,1725,0.45,0.0028901734104046,0.782608695652174,0.217391304347826,0.145540794188326
fbc_tfnbs,"e=0.4,h=6.0,n=30,start_thres=1.25,min_cluster_size=3",hub,0.25,50,0,40,1730,18,4,22,1726,0.45,0.0023121387283236,0.8181818181818182,0.1818181818181818,0.145540794188326
fbc_tfnbs,"e=0.4,h=7.0,n=30,start_thres=1.25,min_cluster_size=3",hub,0.25,50,0,40,1730,17,3,23,1727,0.425,0.0017341040462427,0.85,0.15,0.145540794188326
fbc_tfnbs,"e=0.4,h=8.0,n=30,start_thres=1.25,min_cluster_size=3",hub,0.25,50,0,40,1730,17,3,23,1727,0.425,0.0017341040462427,0.85,0.15,0.145540794188326
fbc_tfnbs,"e=0.4,h=9.0,n=30,start_thres=1.25,min_cluster_size=3",hub,0.25,50,0,40,1730,17,3,23,1727,0.425,0.0017341040462427,0.85,0.15,0.145540794188326
fbc_tfnbs,"e=0.4,h=10.0,n=30,start_thres=1.25,min_cluster_size=3",hub,0.25,50,0,40,1730,17,3,23,1727,0.425,0.0017341040462427,0.85,0.15,0.145540794188326
fbc_tfnbs,"e=0.5,h=0.5,n=30,start_thres=1.25,min_cluster_size=3",hub,0.25,50,0,40,1730,18,6,22,1724,0.45,0.0034682080924855,0.75,0.25,0.145540794188326
fbc_tfnbs,"e=0.5,h=1.0,n=30,start_thres=1.25,min_cluster_size=3",hub,0.25,50,0,40,1730,18,6,22,1724,0.45,0.0034682080924855,0.75,0.25,0.145540794188326
fbc_tfnbs,"e=0.5,h=2.0,n=30,start_thres=1.25,min_cluster_size=3",hub,0.25,50,0,40,1730,18,6,22,1724,0.45,0.0034682080924855,0.75,0.25,0.145540794188326
fbc_tfnbs,"e=0.5,h=3.0,n=30,start_thres=1.25,min_cluster_size=3",hub,0.25,50,0,40,1730,19,6,21,1724,0.475,0.0034682080924855,0.76,0.24,0.145540794188326
fbc_tfnbs,"e=0.5,h=4.0,n=30,start_thres=1.25,min_cluster_size=3",hub,0.25,50,0,40,1730,18,5,22,1725,0.45,0.0028901734104046,0.782608695652174,0.217391304347826,0.145540794188326
fbc_tfnbs,"e=0.5,h=5.0,n=30,start_thres=1.25,min_cluster_size=3",hub,0.25,50,0,40,1730,18,5,22,1725,0.45,0.0028901734104046,0.782608695652174,0.217391304347826,0.145540794188326
fbc_tfnbs,"e=0.5,h=6.0,n=30,start_thres=1.25,min_cluster_size=3",hub,0.25,50,0,40,1730,18,5,22,1725,0.45,0.0028901734104046,0.782608695652174,0.217391304347826,0.145540794188326
fbc_tfnbs,"e=0.5,h=7.0,n=30,start_thres=1.25,min_cluster_size=3",hub,0.25,50,0,40,1730,18,5,22,1725,0.45,0.0028901734104046,0.782608695652174,0.217391304347826,0.145540794188326
fbc_tfnbs,"e=0.5,h=8.0,n=30,start_thres=1.25,min_cluster_size=3",hub,0.25,50,0,40,1730,18,4,22,1726,0.45,0.0023121387283236,0.8181818181818182,0.1818181818181818,0.145540794188326
fbc_tfnbs,"e=0.5,h=9.0,n=30,start_thres=1.25,min_cluster_size=3",hub,0.25,50,0,40,1730,17,3,23,1727,0.425,0.0017341040462427,0.85,0.15,0.145540794188326
fbc_tfnbs,"e=0.5,h=10.0,n=30,start_thres=1.25,min_cluster_size=3",hub,0.25,50,0,40,1730,17,3,23,1727,0.425,0.0017341040462427,0.85,0.15,0.145540794188326
fbc_tfnbs,"e=0.6,h=0.5,n=30,start_thres=1.25,min_cluster_size=3",hub,0.25,50,0,40,1730,18,6,22,1724,0.45,0.0034682080924855,0.75,0.25,0.145540794188326
fbc_tfnbs,"e=0.6,h=1.0,n=30,start_thres=1.25,min_cluster_size=3",hub,0.25,50,0,40,1730,18,6,22,1724,0.45,0.0034682080924855,0.75,0.25,0.145540794188326
fbc_tfnbs,"e=0.6,h=2.0,n=30,start_thres=1.25,min_cluster_size=3",hub,0.25,50,0,40,1730,18,6,22,1724,0.45,0.0034682080924855,0.75,0.25,0.145540794188326
fbc_tfnbs,"e=0.6,h=3.0,n=30,start_thres=1.25,min_cluster_size=3",hub,0.25,50,0,40,1730,18,6,22,1724,0.45,0.0034682080924855,0.75,0.25,0.145540794188326
fbc_tfnbs,"e=0.6,h=4.0,n=30,start_thres=1.25,min_cluster_size=3",hub,0.25,50,0,40,1730,19,6,21,1724,0.475,0.0034682080924855,0.76,0.24,0.145540794188326
fbc_tfnbs,"e=0.6,h=5.0,n=30,start_thres=1.25,min_cluster_size=3",hub,0.25,50,0,40,1730,18,5,22,1725,0.45,0.0028901734104046,0.782608695652174,0.217391304347826,0.145540794188326
fbc_tfnbs,"e=0.6,h=6.0,n=30,start_thres=1.25,min_cluster_size=3",hub,0.25,50,0,40,1730,18,5,22,1725,0.45,0.0028901734104046,0.782608695652174,0.217391304347826,0.145540794188326
fbc_tfnbs,"e=0.6,h=7.0,n=30,start_thres=1.25,min_cluster_size=3",hub,0.25,50,0,40,1730,18,5,22,1725,0.45,0.0028901734104046,0.782608695652174,0.217391304347826,0.145540794188326
fbc_tfnbs,"e=0.6,h=8.0,n=30,start_thres=1.25,min_cluster_size=3",hub,0.25,50,0,40,1730,18,5,22,1725,0.45,0.0028901734104046,0.782608695652174,0.217391304347826,0.145540794188326
fbc_tfnbs,"e=0.6,h=9.0,n=30,start_thres=1.25,min_cluster_size=3",hub,0.25,50,0,40,1730,18,5,22,1725,0.45,0.0028901734104046,0.782608695652174,0.217391304347826,0.145540794188326
fbc_tfnbs,"e=0.6,h=10.0,n=30,start_thres=1.25,min_cluster_size=3",hub,0.25,50,0,40,1730,18,4,22,1726,0.45,0.0023121387283236,0.8181818181818182,0.1818181818181818,0.145540794188326
fbc_tfnbs,"e=0.7,h=0.5,n=30,start_thres=1.25,min_cluster_size=3",hub,0.25,50,0,40,1730,15,6,25,1724,0.375,0.0034682080924855,0.7142857142857143,0.2857142857142857,0.145540794188326
fbc_tfnbs,"e=0.7,h=1.0,n=30,start_thres=1.25,min_cluster_size=3",hub,0.25,50,0,40,1730,18,6,22,1724,0.45,0.0034682080924855,0.75,0.25,0.145540794188326
fbc_tfnbs,"e=0.7,h=2.0,n=30,start_thres=1.25,min_cluster_size=3",hub,0.25,50,0,40,1730,18,6,22,1724,0.45,0.0034682080924855,0.75,0.25,0.145540794188326
fbc_tfnbs,"e=0.7,h=3.0,n=30,start_thres=1.25,min_cluster_size=3",hub,0.25,50,0,40,1730,18,6,22,1724,0.45,0.0034682080924855,0.75,0.25,0.145540794188326
fbc_tfnbs,"e=0.7,h=4.0,n=30,start_thres=1.25,min_cluster_size=3",hub,0.25,50,0,40,1730,18,6,22,1724,0.45,0.0034682080924855,0.75,0.25,0.145540794188326
fbc_tfnbs,"e=0.7,h=5.0,n=30,start_thres=1.25,min_cluster_size=3",hub,0.25,50,0,40,1730,19,6,21,1724,0.475,0.0034682080924855,0.76,0.24,0.145540794188326
fbc_tfnbs,"e=0.7,h=6.0,n=30,start_thres=1.25,min_cluster_size=3",hub,0.25,50,0,40,1730,19,6,21,1724,0.475,0.0034682080924855,0.76,0.24,0.145540794188326
fbc_tfnbs,"e=0.7,h=7.0,n=30,start_thres=1.25,min_cluster_size=3",hub,0.25,50,0,40,1730,18,5,22,1725,0.45,0.0028901734104046,0.782608695652174,0.217391304347826,0.145540794188326
fbc_tfnbs,"e=0.7,h=8.0,n=30,start_thres=1.25,min_cluster_size=3",hub,0.25,50,0,40,1730,18,5,22,1725,0.45,0.0028901734104046,0.782608695652174,0.217391304347826,0.145540794188326
fbc_tfnbs,"e=0.7,h=9.0,n=30,start_thres=1.25,min_cluster_size=3",hub,0.25,50,0,40,1730,18,5,22,1725,0.45,0.0028901734104046,0.782608695652174,0.217391304347826,0.145540794188326
fbc_tfnbs,"e=0.7,h=10.0,n=30,start_thres=1.25,min_cluster_size=3",hub,0.25,50,0,40,1730,18,5,22,1725,0.45,0.0028901734104046,0.782608695652174,0.217391304347826,0.145540794188326
fbc_tfnbs,"e=0.8,h=0.5,n=30,start_thres=1.25,min_cluster_size=3",hub,0.25,50,0,40,1730,16,8,24,1722,0.4,0.0046242774566473,0.6666666666666666,0.3333333333333333,0.145540794188326
fbc_tfnbs,"e=0.8,h=1.0,n=30,start_thres=1.25,min_cluster_size=3",hub,0.25,50,0,40,1730,16,8,24,1722,0.4,0.0046242774566473,0.6666666666666666,0.3333333333333333,0.145540794188326
fbc_tfnbs,"e=0.8,h=2.0,n=30,start_thres=1.25,min_cluster_size=3",hub,0.25,50,0,40,1730,19,8,21,1722,0.475,0.0046242774566473,0.7037037037037037,0.2962962962962963,0.145540794188326
fbc_tfnbs,"e=0.8,h=3.0,n=30,start_thres=1.25,min_cluster_size=3",hub,0.25,50,0,40,1730,18,6,22,1724,0.45,0.0034682080924855,0.75,0.25,0.145540794188326
fbc_tfnbs,"e=0.8,h=4.0,n=30,start_thres=1.25,min_cluster_size=3",hub,0.25,50,0,40,1730,18,6,22,1724,0.45,0.0034682080924855,0.75,0.25,0.145540794188326
fbc_tfnbs,"e=0.8,h=5.0,n=30,start_thres=1.25,min_cluster_size=3",hub,0.25,50,0,40,1730,19,6,21,1724,0.475,0.0034682080924855,0.76,0.24,0.145540794188326
fbc_tfnbs,"e=0.8,h=6.0,n=30,start_thres=1.25,min_cluster_size=3",hub,0.25,50,0,40,1730,19,6,21,1724,0.475,0.0034682080924855,0.76,0.24,0.145540794188326
fbc_tfnbs,"e=0.8,h=7.0,n=30,start_thres=1.25,min_cluster_size=3",hub,0.25,50,0,40,1730,19,6,21,1724,0.475,0.0034682080924855,0.76,0.24,0.145540794188326
fbc_tfnbs,"e=0.8,h=8.0,n=30,start_thres=1.25,min_cluster_size=3",hub,0.25,50,0,40,1730,18,5,22,1725,0.45,0.0028901734104046,0.782608695652174,0.217391304347826,0.145540794188326
fbc_tfnbs,"e=0.8,h=9.0,n=30,start_thres=1.25,min_cluster_size=3",hub,0.25,50,0,40,1730,18,5,22,1725,0.45,0.0028901734104046,0.782608695652174,0.217391304347826,0.145540794188326
fbc_tfnbs,"e=0.8,h=10.0,n=30,start_thres=1.25,min_cluster_size=3",hub,0.25,50,0,40,1730,18,5,22,1725,0.45,0.0028901734104046,0.782608695652174,0.217391304347826,0.145540794188326
fbc_tfnbs,"e=0.9,h=0.5,n=30,start_thres=1.25,min_cluster_size=3",hub,0.25,50,0,40,1730,16,8,24,1722,0.4,0.0046242774566473,0.6666666666666666,0.3333333333333333,0.145540794188326
fbc_tfnbs,"e=0.9,h=1.0,n=30,start_thres=1.25,min_cluster_size=3",hub,0.25,50,0,40,1730,16,8,24,1722,0.4,0.0046242774566473,0.6666666666666666,0.3333333333333333,0.145540794188326
fbc_tfnbs,"e=0.9,h=2.0,n=30,start_thres=1.25,min_cluster_size=3",hub,0.25,50,0,40,1730,19,8,21,1722,0.475,0.0046242774566473,0.7037037037037037,0.2962962962962963,0.145540794188326
fbc_tfnbs,"e=0.9,h=3.0,n=30,start_thres=1.25,min_cluster_size=3",hub,0.25,50,0,40,1730,19,8,21,1722,0.475,0.0046242774566473,0.7037037037037037,0.2962962962962963,0.145540794188326
fbc_tfnbs,"e=0.9,h=4.0,n=30,start_thres=1.25,min_cluster_size=3",hub,0.25,50,0,40,1730,19,8,21,1722,0.475,0.0046242774566473,0.7037037037037037,0.2962962962962963,0.145540794188326
fbc_tfnbs,"e=0.9,h=5.0,n=30,start_thres=1.25,min_cluster_size=3",hub,0.25,50,0,40,1730,18,6,22,1724,0.45,0.0034682080924855,0.75,0.25,0.145540794188326
fbc_tfnbs,"e=0.9,h=6.0,n=30,start_thres=1.25,min_cluster_size=3",hub,0.25,50,0,40,1730,19,6,21,1724,0.475,0.0034682080924855,0.76,0.24,0.145540794188326
fbc_tfnbs,"e=0.9,h=7.0,n=30,start_thres=1.25,min_cluster_size=3",hub,0.25,50,0,40,1730,19,6,21,1724,0.475,0.0034682080924855,0.76,0.24,0.145540794188326
fbc_tfnbs,"e=0.9,h=8.0,n=30,start_thres=1.25,min_cluster_size=3",hub,0.25,50,0,40,1730,19,6,21,1724,0.475,0.0034682080924855,0.76,0.24,0.145540794188326
fbc_tfnbs,"e=0.9,h=9.0,n=30,start_thres=1.25,min_cluster_size=3",hub,0.25,50,0,40,1730,19,6,21,1724,0.475,0.0034682080924855,0.76,0.24,0.145540794188326
fbc_tfnbs,"e=0.9,h=10.0,n=30,start_thres=1.25,min_cluster_size=3",hub,0.25,50,0,40,1730,18,5,22,1725,0.45,0.0028901734104046,0.782608695652174,0.217391304347826,0.145540794188326
fbc_tfnbs,"e=1.0,h=0.5,n=30,start_thres=1.25,min_cluster_size=3",hub,0.25,50,0,40,1730,16,8,24,1722,0.4,0.0046242774566473,0.6666666666666666,0.3333333333333333,0.145540794188326
fbc_tfnbs,"e=1.0,h=1.0,n=30,start_thres=1.25,min_cluster_size=3",hub,0.25,50,0,40,1730,16,8,24,1722,0.4,0.0046242774566473,0.6666666666666666,0.3333333333333333,0.145540794188326
fbc_tfnbs,"e=1.0,h=2.0,n=30,start_thres=1.25,min_cluster_size=3",hub,0.25,50,0,40,1730,16,8,24,1722,0.4,0.0046242774566473,0.6666666666666666,0.3333333333333333,0.145540794188326
fbc_tfnbs,"e=1.0,h=3.0,n=30,start_thres=1.25,min_cluster_size=3",hub,0.25,50,0,40,1730,19,8,21,1722,0.475,0.0046242774566473,0.7037037037037037,0.2962962962962963,0.145540794188326
fbc_tfnbs,"e=1.0,h=4.0,n=30,start_thres=1.25,min_cluster_size=3",hub,0.25,50,0,40,1730,19,8,21,1722,0.475,0.0046242774566473,0.7037037037037037,0.2962962962962963,0.145540794188326
fbc_tfnbs,"e=1.0,h=5.0,n=30,start_thres=1.25,min_cluster_size=3",hub,0.25,50,0,40,1730,19,8,21,1722,0.475,0.0046242774566473,0.7037037037037037,0.2962962962962963,0.145540794188326
fbc_tfnbs,"e=1.0,h=6.0,n=30,start_thres=1.25,min_cluster_size=3",hub,0.25,50,0,40,1730,19,6,21,1724,0.475,0.0034682080924855,0.76,0.24,0.145540794188326
fbc_tfnbs,"e=1.0,h=7.0,n=30,start_thres=1.25,min_cluster_size=3",hub,0.25,50,0,40,1730,19,6,21,1724,0.475,0.0034682080924855,0.76,0.24,0.145540794188326
fbc_tfnbs,"e=1.0,h=8.0,n=30,start_thres=1.25,min_cluster_size=3",hub,0.25,50,0,40,1730,19,6,21,1724,0.475,0.0034682080924855,0.76,0.24,0.145540794188326
fbc_tfnbs,"e=1.0,h=9.0,n=30,start_thres=1.25,min_cluster_size=3",hub,0.25,50,0,40,1730,19,6,21,1724,0.475,0.0034682080924855,0.76,0.24,0.145540794188326
fbc_tfnbs,"e=1.0,h=10.0,n=30,start_thres=1.25,min_cluster_size=3",hub,0.25,50,0,40,1730,19,6,21,1724,0.475,0.0034682080924855,0.76,0.24,0.145540794188326
fbc_tfnbs,"e=1.1,h=0.5,n=30,start_thres=1.25,min_cluster_size=3",hub,0.25,50,0,40,1730,18,9,22,1721,0.45,0.0052023121387283,0.6666666666666666,0.3333333333333333,0.145540794188326
fbc_tfnbs,"e=1.1,h=1.0,n=30,start_thres=1.25,min_cluster_size=3",hub,0.25,50,0,40,1730,18,9,22,1721,0.45,0.0052023121387283,0.6666666666666666,0.3333333333333333,0.145540794188326
fbc_tfnbs,"e=1.1,h=2.0,n=30,start_thres=1.25,min_cluster_size=3",hub,0.25,50,0,40,1730,18,9,22,1721,0.45,0.0052023121387283,0.6666666666666666,0.3333333333333333,0.145540794188326
fbc_tfnbs,"e=1.1,h=3.0,n=30,start_thres=1.25,min_cluster_size=3",hub,0.25,50,0,40,1730,19,8,21,1722,0.475,0.0046242774566473,0.7037037037037037,0.2962962962962963,0.145540794188326
fbc_tfnbs,"e=1.1,h=4.0,n=30,start_thres=1.25,min_cluster_size=3",hub,0.25,50,0,40,1730,19,8,21,1722,0.475,0.0046242774566473,0.7037037037037037,0.2962962962962963,0.145540794188326
fbc_tfnbs,"e=1.1,h=5.0,n=30,start_thres=1.25,min_cluster_size=3",hub,0.25,50,0,40,1730,19,8,21,1722,0.475,0.0046242774566473,0.7037037037037037,0.2962962962962963,0.145540794188326
fbc_tfnbs,"e=1.1,h=6.0,n=30,start_thres=1.25,min_cluster_size=3",hub,0.25,50,0,40,1730,19,8,21,1722,0.475,0.0046242774566473,0.7037037037037037,0.2962962962962963,0.145540794188326
fbc_tfnbs,"e=1.1,h=7.0,n=30,start_thres=1.25,min_cluster_size=3",hub,0.25,50,0,40,1730,20,8,20,1722,0.5,0.0046242774566473,0.7142857142857143,0.2857142857142857,0.145540794188326
fbc_tfnbs,"e=1.1,h=8.0,n=30,start_thres=1.25,min_cluster_size=3",hub,0.25,50,0,40,1730,19,6,21,1724,0.475,0.0034682080924855,0.76,0.24,0.145540794188326
fbc_tfnbs,"e=1.1,h=9.0,n=30,start_thres=1.25,min_cluster_size=3",hub,0.25,50,0,40,1730,19,6,21,1724,0.475,0.0034682080924855,0.76,0.24,0.145540794188326
fbc_tfnbs,"e=1.1,h=10.0,n=30,start_thres=1.25,min_cluster_size=3",hub,0.25,50,0,40,1730,19,6,21,1724,0.475,0.0034682080924855,0.76,0.24,0.145540794188326
fbc_tfnbs,"e=1.2,h=0.5,n=30,start_thres=1.25,min_cluster_size=3",hub,0.25,50,0,40,1730,18,9,22,1721,0.45,0.0052023121387283,0.6666666666666666,0.3333333333333333,0.145540794188326
fbc_tfnbs,"e=1.2,h=1.0,n=30,start_thres=1.25,min_cluster_size=3",hub,0.25,50,0,40,1730,18,9,22,1721,0.45,0.0052023121387283,0.6666666666666666,0.3333333333333333,0.145540794188326
fbc_tfnbs,"e=1.2,h=2.0,n=30,start_thres=1.25,min_cluster_size=3",hub,0.25,50,0,40,1730,18,9,22,1721,0.45,0.0052023121387283,0.6666666666666666,0.3333333333333333,0.145540794188326
fbc_tfnbs,"e=1.2,h=3.0,n=30,start_thres=1.25,min_cluster_size=3",hub,0.25,50,0,40,1730,18,9,22,1721,0.45,0.0052023121387283,0.6666666666666666,0.3333333333333333,0.145540794188326
fbc_tfnbs,"e=1.2,h=4.0,n=30,start_thres=1.25,min_cluster_size=3",hub,0.25,50,0,40,1730,19,8,21,1722,0.475,0.0046242774566473,0.7037037037037037,0.2962962962962963,0.145540794188326
fbc_tfnbs,"e=1.2,h=5.0,n=30,start_thres=1.25,min_cluster_size=3",hub,0.25,50,0,40,1730,19,8,21,1722,0.475,0.0046242774566473,0.7037037037037037,0.2962962962962963,0.145540794188326
fbc_tfnbs,"e=1.2,h=6.0,n=30,start_thres=1.25,min_cluster_size=3",hub,0.25,50,0,40,1730,19,8,21,1722,0.475,0.0046242774566473,0.7037037037037037,0.2962962962962963,0.145540794188326
fbc_tfnbs,"e=1.2,h=7.0,n=30,start_thres=1.25,min_cluster_size=3",hub,0.25,50,0,40,1730,20,8,20,1722,0.5,0.0046242774566473,0.7142857142857143,0.2857142857142857,0.145540794188326
fbc_tfnbs,"e=1.2,h=8.0,n=30,start_thres=1.25,min_cluster_size=3",hub,0.25,50,0,40,1730,20,8,20,1722,0.5,0.0046242774566473,0.7142857142857143,0.2857142857142857,0.145540794188326
fbc_tfnbs,"e=1.2,h=9.0,n=30,start_thres=1.25,min_cluster_size=3",hub,0.25,50,0,40,1730,19,6,21,1724,0.475,0.0034682080924855,0.76,0.24,0.145540794188326
fbc_tfnbs,"e=1.2,h=10.0,n=30,start_thres=1.25,min_cluster_size=3",hub,0.25,50,0,40,1730,19,6,21,1724,0.475,0.0034682080924855,0.76,0.24,0.145540794188326
fbc_tfnbs,"e=1.3,h=0.5,n=30,start_thres=1.25,min_cluster_size=3",hub,0.25,50,0,40,1730,18,9,22,1721,0.45,0.0052023121387283,0.6666666666666666,0.3333333333333333,0.145540794188326
fbc_tfnbs,"e=1.3,h=1.0,n=30,start_thres=1.25,min_cluster_size=3",hub,0.25,50,0,40,1730,18,9,22,1721,0.45,0.0052023121387283,0.6666666666666666,0.3333333333333333,0.145540794188326
fbc_tfnbs,"e=1.3,h=2.0,n=30,start_thres=1.25,min_cluster_size=3",hub,0.25,50,0,40,1730,18,9,22,1721,0.45,0.0052023121387283,0.6666666666666666,0.3333333333333333,0.145540794188326
fbc_tfnbs,"e=1.3,h=3.0,n=30,start_thres=1.25,min_cluster_size=3",hub,0.25,50,0,40,1730,19,11,21,1719,0.475,0.0063583815028901,0.6333333333333333,0.3666666666666666,0.145540794188326
fbc_tfnbs,"e=1.3,h=4.0,n=30,start_thres=1.25,min_cluster_size=3",hub,0.25,50,0,40,1730,22,11,18,1719,0.55,0.0063583815028901,0.6666666666666666,0.3333333333333333,0.145540794188326
fbc_tfnbs,"e=1.3,h=5.0,n=30,start_thres=1.25,min_cluster_size=3",hub,0.25,50,0,40,1730,19,8,21,1722,0.475,0.0046242774566473,0.7037037037037037,0.2962962962962963,0.145540794188326
fbc_tfnbs,"e=1.3,h=6.0,n=30,start_thres=1.25,min_cluster_size=3",hub,0.25,50,0,40,1730,19,8,21,1722,0.475,0.0046242774566473,0.7037037037037037,0.2962962962962963,0.145540794188326
fbc_tfnbs,"e=1.3,h=7.0,n=30,start_thres=1.25,min_cluster_size=3",hub,0.25,50,0,40,1730,19,8,21,1722,0.475,0.0046242774566473,0.7037037037037037,0.2962962962962963,0.145540794188326
fbc_tfnbs,"e=1.3,h=8.0,n=30,start_thres=1.25,min_cluster_size=3",hub,0.25,50,0,40,1730,20,8,20,1722,0.5,0.0046242774566473,0.7142857142857143,0.2857142857142857,0.145540794188326
fbc_tfnbs,"e=1.3,h=9.0,n=30,start_thres=1.25,min_cluster_size=3",hub,0.25,50,0,40,1730,20,8,20,1722,0.5,0.0046242774566473,0.7142857142857143,0.2857142857142857,0.145540794188326
fbc_tfnbs,"e=1.3,h=10.0,n=30,start_thres=1.25,min_cluster_size=3",hub,0.25,50,0,40,1730,19,6,21,1724,0.475,0.0034682080924855,0.76,0.24,0.145540794188326
fbc_tfnbs,"e=1.4,h=0.5,n=30,start_thres=1.25,min_cluster_size=3",hub,0.25,50,0,40,1730,18,9,22,1721,0.45,0.0052023121387283,0.6666666666666666,0.3333333333333333,0.145540794188326
fbc_tfnbs,"e=1.4,h=1.0,n=30,start_thres=1.25,min_cluster_size=3",hub,0.25,50,0,40,1730,18,9,22,1721,0.45,0.0052023121387283,0.6666666666666666,0.3333333333333333,0.145540794188326
fbc_tfnbs,"e=1.4,h=2.0,n=30,start_thres=1.25,min_cluster_size=3",hub,0.25,50,0,40,1730,19,11,21,1719,0.475,0.0063583815028901,0.6333333333333333,0.3666666666666666,0.145540794188326
fbc_tfnbs,"e=1.4,h=3.0,n=30,start_thres=1.25,min_cluster_size=3",hub,0.25,50,0,40,1730,19,11,21,1719,0.475,0.0063583815028901,0.6333333333333333,0.3666666666666666,0.145540794188326
fbc_tfnbs,"e=1.4,h=4.0,n=30,start_thres=1.25,min_cluster_size=3",hub,0.25,50,0,40,1730,22,11,18,1719,0.55,0.0063583815028901,0.6666666666666666,0.3333333333333333,0.145540794188326
fbc_tfnbs,"e=1.4,h=5.0,n=30,start_thres=1.25,min_cluster_size=3",hub,0.25,50,0,40,1730,22,11,18,1719,0.55,0.0063583815028901,0.6666666666666666,0.3333333333333333,0.145540794188326
fbc_tfnbs,"e=1.4,h=6.0,n=30,start_thres=1.25,min_cluster_size=3",hub,0.25,50,0,40,1730,20,10,20,1720,0.5,0.0057803468208092,0.6666666666666666,0.3333333333333333,0.145540794188326
fbc_tfnbs,"e=1.4,h=7.0,n=30,start_thres=1.25,min_cluster_size=3",hub,0.25,50,0,40,1730,20,10,20,1720,0.5,0.0057803468208092,0.6666666666666666,0.3333333333333333,0.145540794188326
fbc_tfnbs,"e=1.4,h=8.0,n=30,start_thres=1.25,min_cluster_size=3",hub,0.25,50,0,40,1730,20,8,20,1722,0.5,0.0046242774566473,0.7142857142857143,0.2857142857142857,0.145540794188326
fbc_tfnbs,"e=1.4,h=9.0,n=30,start_thres=1.25,min_cluster_size=3",hub,0.25,50,0,40,1730,20,8,20,1722,0.5,0.0046242774566473,0.7142857142857143,0.2857142857142857,0.145540794188326
fbc_tfnbs,"e=1.4,h=10.0,n=30,start_thres=1.25,min_cluster_size=3",hub,0.25,50,0,40,1730,20,8,20,1722,0.5,0.0046242774566473,0.7142857142857143,0.2857142857142857,0.145540794188326
fbc_tfnbs,"e=1.5,h=0.5,n=30,start_thres=1.25,min_cluster_size=3",hub,0.25,50,0,40,1730,18,9,22,1721,0.45,0.0052023121387283,0.6666666666666666,0.3333333333333333,0.145540794188326
fbc_tfnbs,"e=1.5,h=1.0,n=30,start_thres=1.25,min_cluster_size=3",hub,0.25,50,0,40,1730,18,9,22,1721,0.45,0.0052023121387283,0.6666666666666666,0.3333333333333333,0.145540794188326
fbc_tfnbs,"e=1.5,h=2.0,n=30,start_thres=1.25,min_cluster_size=3",hub,0.25,50,0,40,1730,19,11,21,1719,0.475,0.0063583815028901,0.6333333333333333,0.3666666666666666,0.145540794188326
fbc_tfnbs,"e=1.5,h=3.0,n=30,start_thres=1.25,min_cluster_size=3",hub,0.25,50,0,40,1730,19,11,21,1719,0.475,0.0063583815028901,0.6333333333333333,0.3666666666666666,0.145540794188326
fbc_tfnbs,"e=1.5,h=4.0,n=30,start_thres=1.25,min_cluster_size=3",hub,0.25,50,0,40,1730,19,11,21,1719,0.475,0.0063583815028901,0.6333333333333333,0.3666666666666666,0.145540794188326
fbc_tfnbs,"e=1.5,h=5.0,n=30,start_thres=1.25,min_cluster_size=3",hub,0.25,50,0,40,1730,22,11,18,1719,0.55,0.0063583815028901,0.6666666666666666,0.3333333333333333,0.145540794188326
fbc_tfnbs,"e=1.5,h=6.0,n=30,start_thres=1.25,min_cluster_size=3",hub,0.25,50,0,40,1730,22,11,18,1719,0.55,0.0063583815028901,0.6666666666666666,0.3333333333333333,0.145540794188326
fbc_tfnbs,"e=1.5,h=7.0,n=30,start_thres=1.25,min_cluster_size=3",hub,0.25,50,0,40,1730,20,10,20,1720,0.5,0.0057803468208092,0.6666666666666666,0.3333333333333333,0.145540794188326
fbc_tfnbs,"e=1.5,h=8.0,n=30,start_thres=1.25,min_cluster_size=3",hub,0.25,50,0,40,1730,20,10,20,1720,0.5,0.0057803468208092,0.6666666666666666,0.3333333333333333,0.145540794188326
fbc_tfnbs,"e=1.5,h=9.0,n=30,start_thres=1.25,min_cluster_size=3",hub,0.25,50,0,40,1730,20,8,20,1722,0.5,0.0046242774566473,0.7142857142857143,0.2857142857142857,0.145540794188326
fbc_tfnbs,"e=1.5,h=10.0,n=30,start_thres=1.25,min_cluster_size=3",hub,0.25,50,0,40,1730,20,8,20,1722,0.5,0.0046242774566473,0.7142857142857143,0.2857142857142857,0.145540794188326
fbc_tfnbs,"e=0.05,h=0.5,n=30,start_thres=1.25,min_cluster_size=3",hub,0.25,50,1,40,1730,25,2,15,1728,0.625,0.0011560693641618,0.925925925925926,0.074074074074074,0.1519179249351674
fbc_tfnbs,"e=0.05,h=1.0,n=30,start_thres=1.25,min_cluster_size=3",hub,0.25,50,1,40,1730,25,2,15,1728,0.625,0.0011560693641618,0.925925925925926,0.074074074074074,0.1519179249351674
fbc_tfnbs,"e=0.05,h=2.0,n=30,start_thres=1.25,min_cluster_size=3",hub,0.25,50,1,40,1730,25,2,15,1728,0.625,0.0011560693641618,0.925925925925926,0.074074074074074,0.1519179249351674
fbc_tfnbs,"e=0.05,h=3.0,n=30,start_thres=1.25,min_cluster_size=3",hub,0.25,50,1,40,1730,25,2,15,1728,0.625,0.0011560693641618,0.925925925925926,0.074074074074074,0.1519179249351674
fbc_tfnbs,"e=0.05,h=4.0,n=30,start_thres=1.25,min_cluster_size=3",hub,0.25,50,1,40,1730,25,2,15,1728,0.625,0.0011560693641618,0.925925925925926,0.074074074074074,0.1519179249351674
fbc_tfnbs,"e=0.05,h=5.0,n=30,start_thres=1.25,min_cluster_size=3",hub,0.25,50,1,40,1730,25,2,15,1728,0.625,0.0011560693641618,0.925925925925926,0.074074074074074,0.1519179249351674
fbc_tfnbs,"e=0.05,h=6.0,n=30,start_thres=1.25,min_cluster_size=3",hub,0.25,50,1,40,1730,25,2,15,1728,0.625,0.0011560693641618,0.925925925925926,0.074074074074074,0.1519179249351674
fbc_tfnbs,"e=0.05,h=7.0,n=30,start_thres=1.25,min_cluster_size=3",hub,0.25,50,1,40,1730,25,2,15,1728,0.625,0.0011560693641618,0.925925925925926,0.074074074074074,0.1519179249351674
fbc_tfnbs,"e=0.05,h=8.0,n=30,start_thres=1.25,min_cluster_size=3",hub,0.25,50,1,40,1730,25,2,15,1728,0.625,0.0011560693641618,0.925925925925926,0.074074074074074,0.1519179249351674
fbc_tfnbs,"e=0.05,h=9.0,n=30,start_thres=1.25,min_cluster_size=3",hub,0.25,50,1,40,1730,25,2,15,1728,0.625,0.0011560693641618,0.925925925925926,0.074074074074074,0.1519179249351674
fbc_tfnbs,"e=0.05,h=10.0,n=30,start_thres=1.25,min_cluster_size=3",hub,0.25,50,1,40,1730,25,2,15,1728,0.625,0.0011560693641618,0.925925925925926,0.074074074074074,0.1519179249351674
fbc_tfnbs,"e=0.1,h=0.5,n=30,start_thres=1.25,min_cluster_size=3",hub,0.25,50,1,40,1730,25,2,15,1728,0.625,0.0011560693641618,0.925925925925926,0.074074074074074,0.1519179249351674
fbc_tfnbs,"e=0.1,h=1.0,n=30,start_thres=1.25,min_cluster_size=3",hub,0.25,50,1,40,1730,25,2,15,1728,0.625,0.0011560693641618,0.925925925925926,0.074074074074074,0.1519179249351674
fbc_tfnbs,"e=0.1,h=2.0,n=30,start_thres=1.25,min_cluster_size=3",hub,0.25,50,1,40,1730,25,2,15,1728,0.625,0.0011560693641618,0.925925925925926,0.074074074074074,0.1519179249351674
fbc_tfnbs,"e=0.1,h=3.0,n=30,start_thres=1.25,min_cluster_size=3",hub,0.25,50,1,40,1730,25,2,15,1728,0.625,0.0011560693641618,0.925925925925926,0.074074074074074,0.1519179249351674
fbc_tfnbs,"e=0.1,h=4.0,n=30,start_thres=1.25,min_cluster_size=3",hub,0.25,50,1,40,1730,25,2,15,1728,0.625,0.0011560693641618,0.925925925925926,0.074074074074074,0.1519179249351674
fbc_tfnbs,"e=0.1,h=5.0,n=30,start_thres=1.25,min_cluster_size=3",hub,0.25,50,1,40,1730,25,2,15,1728,0.625,0.0011560693641618,0.925925925925926,0.074074074074074,0.1519179249351674
fbc_tfnbs,"e=0.1,h=6.0,n=30,start_thres=1.25,min_cluster_size=3",hub,0.25,50,1,40,1730,25,2,15,1728,0.625,0.0011560693641618,0.925925925925926,0.074074074074074,0.1519179249351674
fbc_tfnbs,"e=0.1,h=7.0,n=30,start_thres=1.25,min_cluster_size=3",hub,0.25,50,1,40,1730,25,2,15,1728,0.625,0.0011560693641618,0.925925925925926,0.074074074074074,0.1519179249351674
fbc_tfnbs,"e=0.1,h=8.0,n=30,start_thres=1.25,min_cluster_size=3",hub,0.25,50,1,40,1730,25,2,15,1728,0.625,0.0011560693641618,0.925925925925926,0.074074074074074,0.1519179249351674
fbc_tfnbs,"e=0.1,h=9.0,n=30,start_thres=1.25,min_cluster_size=3",hub,0.25,50,1,40,1730,25,2,15,1728,0.625,0.0011560693641618,0.925925925925926,0.074074074074074,0.1519179249351674
fbc_tfnbs,"e=0.1,h=10.0,n=30,start_thres=1.25,min_cluster_size=3",hub,0.25,50,1,40,1730,25,2,15,1728,0.625,0.0011560693641618,0.925925925925926,0.074074074074074,0.1519179249351674
fbc_tfnbs,"e=0.2,h=0.5,n=30,start_thres=1.25,min_cluster_size=3",hub,0.25,50,1,40,1730,26,4,14,1726,0.65,0.0023121387283236,0.8666666666666667,0.1333333333333333,0.1519179249351674
fbc_tfnbs,"e=0.2,h=1.0,n=30,start_thres=1.25,min_cluster_size=3",hub,0.25,50,1,40,1730,26,4,14,1726,0.65,0.0023121387283236,0.8666666666666667,0.1333333333333333,0.1519179249351674
fbc_tfnbs,"e=0.2,h=2.0,n=30,start_thres=1.25,min_cluster_size=3",hub,0.25,50,1,40,1730,26,4,14,1726,0.65,0.0023121387283236,0.8666666666666667,0.1333333333333333,0.1519179249351674
fbc_tfnbs,"e=0.2,h=3.0,n=30,start_thres=1.25,min_cluster_size=3",hub,0.25,50,1,40,1730,26,4,14,1726,0.65,0.0023121387283236,0.8666666666666667,0.1333333333333333,0.1519179249351674
fbc_tfnbs,"e=0.2,h=4.0,n=30,start_thres=1.25,min_cluster_size=3",hub,0.25,50,1,40,1730,25,2,15,1728,0.625,0.0011560693641618,0.925925925925926,0.074074074074074,0.1519179249351674
fbc_tfnbs,"e=0.2,h=5.0,n=30,start_thres=1.25,min_cluster_size=3",hub,0.25,50,1,40,1730,25,2,15,1728,0.625,0.0011560693641618,0.925925925925926,0.074074074074074,0.1519179249351674
fbc_tfnbs,"e=0.2,h=6.0,n=30,start_thres=1.25,min_cluster_size=3",hub,0.25,50,1,40,1730,25,2,15,1728,0.625,0.0011560693641618,0.925925925925926,0.074074074074074,0.1519179249351674
fbc_tfnbs,"e=0.2,h=7.0,n=30,start_thres=1.25,min_cluster_size=3",hub,0.25,50,1,40,1730,25,2,15,1728,0.625,0.0011560693641618,0.925925925925926,0.074074074074074,0.1519179249351674
fbc_tfnbs,"e=0.2,h=8.0,n=30,start_thres=1.25,min_cluster_size=3",hub,0.25,50,1,40,1730,25,2,15,1728,0.625,0.0011560693641618,0.925925925925926,0.074074074074074,0.1519179249351674
fbc_tfnbs,"e=0.2,h=9.0,n=30,start_thres=1.25,min_cluster_size=3",hub,0.25,50,1,40,1730,25,2,15,1728,0.625,0.0011560693641618,0.925925925925926,0.074074074074074,0.1519179249351674
fbc_tfnbs,"e=0.2,h=10.0,n=30,start_thres=1.25,min_cluster_size=3",hub,0.25,50,1,40,1730,25,2,15,1728,0.625,0.0011560693641618,0.925925925925926,0.074074074074074,0.1519179249351674
fbc_tfnbs,"e=0.3,h=0.5,n=30,start_thres=1.25,min_cluster_size=3",hub,0.25,50,1,40,1730,26,4,14,1726,0.65,0.0023121387283236,0.8666666666666667,0.1333333333333333,0.1519179249351674
fbc_tfnbs,"e=0.3,h=1.0,n=30,start_thres=1.25,min_cluster_size=3",hub,0.25,50,1,40,1730,26,4,14,1726,0.65,0.0023121387283236,0.8666666666666667,0.1333333333333333,0.1519179249351674
fbc_tfnbs,"e=0.3,h=2.0,n=30,start_thres=1.25,min_cluster_size=3",hub,0.25,50,1,40,1730,26,4,14,1726,0.65,0.0023121387283236,0.8666666666666667,0.1333333333333333,0.1519179249351674
fbc_tfnbs,"e=0.3,h=3.0,n=30,start_thres=1.25,min_cluster_size=3",hub,0.25,50,1,40,1730,26,4,14,1726,0.65,0.0023121387283236,0.8666666666666667,0.1333333333333333,0.1519179249351674
fbc_tfnbs,"e=0.3,h=4.0,n=30,start_thres=1.25,min_cluster_size=3",hub,0.25,50,1,40,1730,26,4,14,1726,0.65,0.0023121387283236,0.8666666666666667,0.1333333333333333,0.1519179249351674
fbc_tfnbs,"e=0.3,h=5.0,n=30,start_thres=1.25,min_cluster_size=3",hub,0.25,50,1,40,1730,26,4,14,1726,0.65,0.0023121387283236,0.8666666666666667,0.1333333333333333,0.1519179249351674
fbc_tfnbs,"e=0.3,h=6.0,n=30,start_thres=1.25,min_cluster_size=3",hub,0.25,50,1,40,1730,26,4,14,1726,0.65,0.0023121387283236,0.8666666666666667,0.1333333333333333,0.1519179249351674
fbc_tfnbs,"e=0.3,h=7.0,n=30,start_thres=1.25,min_cluster_size=3",hub,0.25,50,1,40,1730,26,4,14,1726,0.65,0.0023121387283236,0.8666666666666667,0.1333333333333333,0.1519179249351674
fbc_tfnbs,"e=0.3,h=8.0,n=30,start_thres=1.25,min_cluster_size=3",hub,0.25,50,1,40,1730,25,2,15,1728,0.625,0.0011560693641618,0.925925925925926,0.074074074074074,0.1519179249351674
fbc_tfnbs,"e=0.3,h=9.0,n=30,start_thres=1.25,min_cluster_size=3",hub,0.25,50,1,40,1730,25,2,15,1728,0.625,0.0011560693641618,0.925925925925926,0.074074074074074,0.1519179249351674
fbc_tfnbs,"e=0.3,h=10.0,n=30,start_thres=1.25,min_cluster_size=3",hub,0.25,50,1,40,1730,25,2,15,1728,0.625,0.0011560693641618,0.925925925925926,0.074074074074074,0.1519179249351674
fbc_tfnbs,"e=0.4,h=0.5,n=30,start_thres=1.25,min_cluster_size=3",hub,0.25,50,1,40,1730,25,4,15,1726,0.625,0.0023121387283236,0.8620689655172413,0.1379310344827586,0.1519179249351674
fbc_tfnbs,"e=0.4,h=1.0,n=30,start_thres=1.25,min_cluster_size=3",hub,0.25,50,1,40,1730,26,4,14,1726,0.65,0.0023121387283236,0.8666666666666667,0.1333333333333333,0.1519179249351674
fbc_tfnbs,"e=0.4,h=2.0,n=30,start_thres=1.25,min_cluster_size=3",hub,0.25,50,1,40,1730,26,4,14,1726,0.65,0.0023121387283236,0.8666666666666667,0.1333333333333333,0.1519179249351674
fbc_tfnbs,"e=0.4,h=3.0,n=30,start_thres=1.25,min_cluster_size=3",hub,0.25,50,1,40,1730,26,4,14,1726,0.65,0.0023121387283236,0.8666666666666667,0.1333333333333333,0.1519179249351674
fbc_tfnbs,"e=0.4,h=4.0,n=30,start_thres=1.25,min_cluster_size=3",hub,0.25,50,1,40,1730,26,4,14,1726,0.65,0.0023121387283236,0.8666666666666667,0.1333333333333333,0.1519179249351674
fbc_tfnbs,"e=0.4,h=5.0,n=30,start_thres=1.25,min_cluster_size=3",hub,0.25,50,1,40,1730,26,4,14,1726,0.65,0.0023121387283236,0.8666666666666667,0.1333333333333333,0.1519179249351674
fbc_tfnbs,"e=0.4,h=6.0,n=30,start_thres=1.25,min_cluster_size=3",hub,0.25,50,1,40,1730,26,4,14,1726,0.65,0.0023121387283236,0.8666666666666667,0.1333333333333333,0.1519179249351674
fbc_tfnbs,"e=0.4,h=7.0,n=30,start_thres=1.25,min_cluster_size=3",hub,0.25,50,1,40,1730,26,4,14,1726,0.65,0.0023121387283236,0.8666666666666667,0.1333333333333333,0.1519179249351674
fbc_tfnbs,"e=0.4,h=8.0,n=30,start_thres=1.25,min_cluster_size=3",hub,0.25,50,1,40,1730,26,4,14,1726,0.65,0.0023121387283236,0.8666666666666667,0.1333333333333333,0.1519179249351674
fbc_tfnbs,"e=0.4,h=9.0,n=30,start_thres=1.25,min_cluster_size=3",hub,0.25,50,1,40,1730,26,4,14,1726,0.65,0.0023121387283236,0.8666666666666667,0.1333333333333333,0.1519179249351674
fbc_tfnbs,"e=0.4,h=10.0,n=30,start_thres=1.25,min_cluster_size=3",hub,0.25,50,1,40,1730,26,4,14,1726,0.65,0.0023121387283236,0.8666666666666667,0.1333333333333333,0.1519179249351674
fbc_tfnbs,"e=0.5,h=0.5,n=30,start_thres=1.25,min_cluster_size=3",hub,0.25,50,1,40,1730,26,5,14,1725,0.65,0.0028901734104046,0.8387096774193549,0.1612903225806451,0.1519179249351674
fbc_tfnbs,"e=0.5,h=1.0,n=30,start_thres=1.25,min_cluster_size=3",hub,0.25,50,1,40,1730,26,5,14,1725,0.65,0.0028901734104046,0.8387096774193549,0.1612903225806451,0.1519179249351674
fbc_tfnbs,"e=0.5,h=2.0,n=30,start_thres=1.25,min_cluster_size=3",hub,0.25,50,1,40,1730,27,5,13,1725,0.675,0.0028901734104046,0.84375,0.15625,0.1519179249351674
fbc_tfnbs,"e=0.5,h=3.0,n=30,start_thres=1.25,min_cluster_size=3",hub,0.25,50,1,40,1730,27,5,13,1725,0.675,0.0028901734104046,0.84375,0.15625,0.1519179249351674
fbc_tfnbs,"e=0.5,h=4.0,n=30,start_thres=1.25,min_cluster_size=3",hub,0.25,50,1,40,1730,27,5,13,1725,0.675,0.0028901734104046,0.84375,0.15625,0.1519179249351674
fbc_tfnbs,"e=0.5,h=5.0,n=30,start_thres=1.25,min_cluster_size=3",hub,0.25,50,1,40,1730,26,4,14,1726,0.65,0.0023121387283236,0.8666666666666667,0.1333333333333333,0.1519179249351674
fbc_tfnbs,"e=0.5,h=6.0,n=30,start_thres=1.25,min_cluster_size=3",hub,0.25,50,1,40,1730,26,4,14,1726,0.65,0.0023121387283236,0.8666666666666667,0.1333333333333333,0.1519179249351674
fbc_tfnbs,"e=0.5,h=7.0,n=30,start_thres=1.25,min_cluster_size=3",hub,0.25,50,1,40,1730,26,4,14,1726,0.65,0.0023121387283236,0.8666666666666667,0.1333333333333333,0.1519179249351674
fbc_tfnbs,"e=0.5,h=8.0,n=30,start_thres=1.25,min_cluster_size=3",hub,0.25,50,1,40,1730,26,4,14,1726,0.65,0.0023121387283236,0.8666666666666667,0.1333333333333333,0.1519179249351674
fbc_tfnbs,"e=0.5,h=9.0,n=30,start_thres=1.25,min_cluster_size=3",hub,0.25,50,1,40,1730,26,4,14,1726,0.65,0.0023121387283236,0.8666666666666667,0.1333333333333333,0.1519179249351674
fbc_tfnbs,"e=0.5,h=10.0,n=30,start_thres=1.25,min_cluster_size=3",hub,0.25,50,1,40,1730,26,4,14,1726,0.65,0.0023121387283236,0.8666666666666667,0.1333333333333333,0.1519179249351674
fbc_tfnbs,"e=0.6,h=0.5,n=30,start_thres=1.25,min_cluster_size=3",hub,0.25,50,1,40,1730,26,5,14,1725,0.65,0.0028901734104046,0.8387096774193549,0.1612903225806451,0.1519179249351674
fbc_tfnbs,"e=0.6,h=1.0,n=30,start_thres=1.25,min_cluster_size=3",hub,0.25,50,1,40,1730,26,5,14,1725,0.65,0.0028901734104046,0.8387096774193549,0.1612903225806451,0.1519179249351674
fbc_tfnbs,"e=0.6,h=2.0,n=30,start_thres=1.25,min_cluster_size=3",hub,0.25,50,1,40,1730,27,5,13,1725,0.675,0.0028901734104046,0.84375,0.15625,0.1519179249351674
fbc_tfnbs,"e=0.6,h=3.0,n=30,start_thres=1.25,min_cluster_size=3",hub,0.25,50,1,40,1730,27,5,13,1725,0.675,0.0028901734104046,0.84375,0.15625,0.1519179249351674
fbc_tfnbs,"e=0.6,h=4.0,n=30,start_thres=1.25,min_cluster_size=3",hub,0.25,50,1,40,1730,27,5,13,1725,0.675,0.0028901734104046,0.84375,0.15625,0.1519179249351674
fbc_tfnbs,"e=0.6,h=5.0,n=30,start_thres=1.25,min_cluster_size=3",hub,0.25,50,1,40,1730,27,5,13,1725,0.675,0.0028901734104046,0.84375,0.15625,0.1519179249351674
fbc_tfnbs,"e=0.6,h=6.0,n=30,start_thres=1.25,min_cluster_size=3",hub,0.25,50,1,40,1730,27,5,13,1725,0.675,0.0028901734104046,0.84375,0.15625,0.1519179249351674
fbc_tfnbs,"e=0.6,h=7.0,n=30,start_thres=1.25,min_cluster_size=3",hub,0.25,50,1,40,1730,26,4,14,1726,0.65,0.0023121387283236,0.8666666666666667,0.1333333333333333,0.1519179249351674
fbc_tfnbs,"e=0.6,h=8.0,n=30,start_thres=1.25,min_cluster_size=3",hub,0.25,50,1,40,1730,26,4,14,1726,0.65,0.0023121387283236,0.8666666666666667,0.1333333333333333,0.1519179249351674
fbc_tfnbs,"e=0.6,h=9.0,n=30,start_thres=1.25,min_cluster_size=3",hub,0.25,50,1,40,1730,26,4,14,1726,0.65,0.0023121387283236,0.8666666666666667,0.1333333333333333,0.1519179249351674
fbc_tfnbs,"e=0.6,h=10.0,n=30,start_thres=1.25,min_cluster_size=3",hub,0.25,50,1,40,1730,26,4,14,1726,0.65,0.0023121387283236,0.8666666666666667,0.1333333333333333,0.1519179249351674
fbc_tfnbs,"e=0.7,h=0.5,n=30,start_thres=1.25,min_cluster_size=3",hub,0.25,50,1,40,1730,26,5,14,1725,0.65,0.0028901734104046,0.8387096774193549,0.1612903225806451,0.1519179249351674
fbc_tfnbs,"e=0.7,h=1.0,n=30,start_thres=1.25,min_cluster_size=3",hub,0.25,50,1,40,1730,26,5,14,1725,0.65,0.0028901734104046,0.8387096774193549,0.1612903225806451,0.1519179249351674
fbc_tfnbs,"e=0.7,h=2.0,n=30,start_thres=1.25,min_cluster_size=3",hub,0.25,50,1,40,1730,26,5,14,1725,0.65,0.0028901734104046,0.8387096774193549,0.1612903225806451,0.1519179249351674
fbc_tfnbs,"e=0.7,h=3.0,n=30,start_thres=1.25,min_cluster_size=3",hub,0.25,50,1,40,1730,27,5,13,1725,0.675,0.0028901734104046,0.84375,0.15625,0.1519179249351674
fbc_tfnbs,"e=0.7,h=4.0,n=30,start_thres=1.25,min_cluster_size=3",hub,0.25,50,1,40,1730,27,5,13,1725,0.675,0.0028901734104046,0.84375,0.15625,0.1519179249351674
fbc_tfnbs,"e=0.7,h=5.0,n=30,start_thres=1.25,min_cluster_size=3",hub,0.25,50,1,40,1730,27,5,13,1725,0.675,0.0028901734104046,0.84375,0.15625,0.1519179249351674
fbc_tfnbs,"e=0.7,h=6.0,n=30,start_thres=1.25,min_cluster_size=3",hub,0.25,50,1,40,1730,27,5,13,1725,0.675,0.0028901734104046,0.84375,0.15625,0.1519179249351674
fbc_tfnbs,"e=0.7,h=7.0,n=30,start_thres=1.25,min_cluster_size=3",hub,0.25,50,1,40,1730,27,5,13,1725,0.675,0.0028901734104046,0.84375,0.15625,0.1519179249351674
fbc_tfnbs,"e=0.7,h=8.0,n=30,start_thres=1.25,min_cluster_size=3",hub,0.25,50,1,40,1730,27,5,13,1725,0.675,0.0028901734104046,0.84375,0.15625,0.1519179249351674
fbc_tfnbs,"e=0.7,h=9.0,n=30,start_thres=1.25,min_cluster_size=3",hub,0.25,50,1,40,1730,26,4,14,1726,0.65,0.0023121387283236,0.8666666666666667,0.1333333333333333,0.1519179249351674
fbc_tfnbs,"e=0.7,h=10.0,n=30,start_thres=1.25,min_cluster_size=3",hub,0.25,50,1,40,1730,26,4,14,1726,0.65,0.0023121387283236,0.8666666666666667,0.1333333333333333,0.1519179249351674
fbc_tfnbs,"e=0.8,h=0.5,n=30,start_thres=1.25,min_cluster_size=3",hub,0.25,50,1,40,1730,25,5,15,1725,0.625,0.0028901734104046,0.8333333333333334,0.1666666666666666,0.1519179249351674
fbc_tfnbs,"e=0.8,h=1.0,n=30,start_thres=1.25,min_cluster_size=3",hub,0.25,50,1,40,1730,26,5,14,1725,0.65,0.0028901734104046,0.8387096774193549,0.1612903225806451,0.1519179249351674
fbc_tfnbs,"e=0.8,h=2.0,n=30,start_thres=1.25,min_cluster_size=3",hub,0.25,50,1,40,1730,26,5,14,1725,0.65,0.0028901734104046,0.8387096774193549,0.1612903225806451,0.1519179249351674
fbc_tfnbs,"e=0.8,h=3.0,n=30,start_thres=1.25,min_cluster_size=3",hub,0.25,50,1,40,1730,27,5,13,1725,0.675,0.0028901734104046,0.84375,0.15625,0.1519179249351674
fbc_tfnbs,"e=0.8,h=4.0,n=30,start_thres=1.25,min_cluster_size=3",hub,0.25,50,1,40,1730,27,5,13,1725,0.675,0.0028901734104046,0.84375,0.15625,0.1519179249351674
fbc_tfnbs,"e=0.8,h=5.0,n=30,start_thres=1.25,min_cluster_size=3",hub,0.25,50,1,40,1730,27,5,13,1725,0.675,0.0028901734104046,0.84375,0.15625,0.1519179249351674
fbc_tfnbs,"e=0.8,h=6.0,n=30,start_thres=1.25,min_cluster_size=3",hub,0.25,50,1,40,1730,27,5,13,1725,0.675,0.0028901734104046,0.84375,0.15625,0.1519179249351674
fbc_tfnbs,"e=0.8,h=7.0,n=30,start_thres=1.25,min_cluster_size=3",hub,0.25,50,1,40,1730,27,5,13,1725,0.675,0.0028901734104046,0.84375,0.15625,0.1519179249351674
fbc_tfnbs,"e=0.8,h=8.0,n=30,start_thres=1.25,min_cluster_size=3",hub,0.25,50,1,40,1730,27,5,13,1725,0.675,0.0028901734104046,0.84375,0.15625,0.1519179249351674
fbc_tfnbs,"e=0.8,h=9.0,n=30,start_thres=1.25,min_cluster_size=3",hub,0.25,50,1,40,1730,27,5,13,1725,0.675,0.0028901734104046,0.84375,0.15625,0.1519179249351674
fbc_tfnbs,"e=0.8,h=10.0,n=30,start_thres=1.25,min_cluster_size=3",hub,0.25,50,1,40,1730,27,5,13,1725,0.675,0.0028901734104046,0.84375,0.15625,0.1519179249351674
fbc_tfnbs,"e=0.9,h=0.5,n=30,start_thres=1.25,min_cluster_size=3",hub,0.25,50,1,40,1730,26,10,14,1720,0.65,0.0057803468208092,0.7222222222222222,0.2777777777777778,0.1519179249351674
fbc_tfnbs,"e=0.9,h=1.0,n=30,start_thres=1.25,min_cluster_size=3",hub,0.25,50,1,40,1730,27,10,13,1720,0.675,0.0057803468208092,0.7297297297297297,0.2702702702702703,0.1519179249351674
fbc_tfnbs,"e=0.9,h=2.0,n=30,start_thres=1.25,min_cluster_size=3",hub,0.25,50,1,40,1730,26,5,14,1725,0.65,0.0028901734104046,0.8387096774193549,0.1612903225806451,0.1519179249351674
fbc_tfnbs,"e=0.9,h=3.0,n=30,start_thres=1.25,min_cluster_size=3",hub,0.25,50,1,40,1730,26,5,14,1725,0.65,0.0028901734104046,0.8387096774193549,0.1612903225806451,0.1519179249351674
fbc_tfnbs,"e=0.9,h=4.0,n=30,start_thres=1.25,min_cluster_size=3",hub,0.25,50,1,40,1730,27,5,13,1725,0.675,0.0028901734104046,0.84375,0.15625,0.1519179249351674
fbc_tfnbs,"e=0.9,h=5.0,n=30,start_thres=1.25,min_cluster_size=3",hub,0.25,50,1,40,1730,27,5,13,1725,0.675,0.0028901734104046,0.84375,0.15625,0.1519179249351674
fbc_tfnbs,"e=0.9,h=6.0,n=30,start_thres=1.25,min_cluster_size=3",hub,0.25,50,1,40,1730,27,5,13,1725,0.675,0.0028901734104046,0.84375,0.15625,0.1519179249351674
fbc_tfnbs,"e=0.9,h=7.0,n=30,start_thres=1.25,min_cluster_size=3",hub,0.25,50,1,40,1730,27,5,13,1725,0.675,0.0028901734104046,0.84375,0.15625,0.1519179249351674
fbc_tfnbs,"e=0.9,h=8.0,n=30,start_thres=1.25,min_cluster_size=3",hub,0.25,50,1,40,1730,27,5,13,1725,0.675,0.0028901734104046,0.84375,0.15625,0.1519179249351674
fbc_tfnbs,"e=0.9,h=9.0,n=30,start_thres=1.25,min_cluster_size=3",hub,0.25,50,1,40,1730,27,5,13,1725,0.675,0.0028901734104046,0.84375,0.15625,0.1519179249351674
fbc_tfnbs,"e=0.9,h=10.0,n=30,start_thres=1.25,min_cluster_size=3",hub,0.25,50,1,40,1730,27,5,13,1725,0.675,0.0028901734104046,0.84375,0.15625,0.1519179249351674
fbc_tfnbs,"e=1.0,h=0.5,n=30,start_thres=1.25,min_cluster_size=3",hub,0.25,50,1,40,1730,25,10,15,1720,0.625,0.0057803468208092,0.7142857142857143,0.2857142857142857,0.1519179249351674
fbc_tfnbs,"e=1.0,h=1.0,n=30,start_thres=1.25,min_cluster_size=3",hub,0.25,50,1,40,1730,26,10,14,1720,0.65,0.0057803468208092,0.7222222222222222,0.2777777777777778,0.1519179249351674
fbc_tfnbs,"e=1.0,h=2.0,n=30,start_thres=1.25,min_cluster_size=3",hub,0.25,50,1,40,1730,27,10,13,1720,0.675,0.0057803468208092,0.7297297297297297,0.2702702702702703,0.1519179249351674
fbc_tfnbs,"e=1.0,h=3.0,n=30,start_thres=1.25,min_cluster_size=3",hub,0.25,50,1,40,1730,26,5,14,1725,0.65,0.0028901734104046,0.8387096774193549,0.1612903225806451,0.1519179249351674
fbc_tfnbs,"e=1.0,h=4.0,n=30,start_thres=1.25,min_cluster_size=3",hub,0.25,50,1,40,1730,27,5,13,1725,0.675,0.0028901734104046,0.84375,0.15625,0.1519179249351674
fbc_tfnbs,"e=1.0,h=5.0,n=30,start_thres=1.25,min_cluster_size=3",hub,0.25,50,1,40,1730,27,5,13,1725,0.675,0.0028901734104046,0.84375,0.15625,0.1519179249351674
fbc_tfnbs,"e=1.0,h=6.0,n=30,start_thres=1.25,min_cluster_size=3",hub,0.25,50,1,40,1730,27,5,13,1725,0.675,0.0028901734104046,0.84375,0.15625,0.1519179249351674
fbc_tfnbs,"e=1.0,h=7.0,n=30,start_thres=1.25,min_cluster_size=3",hub,0.25,50,1,40,1730,27,5,13,1725,0.675,0.0028901734104046,0.84375,0.15625,0.1519179249351674
fbc_tfnbs,"e=1.0,h=8.0,n=30,start_thres=1.25,min_cluster_size=3",hub,0.25,50,1,40,1730,27,5,13,1725,0.675,0.0028901734104046,0.84375,0.15625,0.1519179249351674
fbc_tfnbs,"e=1.0,h=9.0,n=30,start_thres=1.25,min_cluster_size=3",hub,0.25,50,1,40,1730,27,5,13,1725,0.675,0.0028901734104046,0.84375,0.15625,0.1519179249351674
fbc_tfnbs,"e=1.0,h=10.0,n=30,start_thres=1.25,min_cluster_size=3",hub,0.25,50,1,40,1730,27,5,13,1725,0.675,0.0028901734104046,0.84375,0.15625,0.1519179249351674
fbc_tfnbs,"e=1.1,h=0.5,n=30,start_thres=1.25,min_cluster_size=3",hub,0.25,50,1,40,1730,24,10,16,1720,0.6,0.0057803468208092,0.7058823529411765,0.2941176470588235,0.1519179249351674
fbc_tfnbs,"e=1.1,h=1.0,n=30,start_thres=1.25,min_cluster_size=3",hub,0.25,50,1,40,1730,25,10,15,1720,0.625,0.0057803468208092,0.7142857142857143,0.2857142857142857,0.1519179249351674
fbc_tfnbs,"e=1.1,h=2.0,n=30,start_thres=1.25,min_cluster_size=3",hub,0.25,50,1,40,1730,27,10,13,1720,0.675,0.0057803468208092,0.7297297297297297,0.2702702702702703,0.1519179249351674
fbc_tfnbs,"e=1.1,h=3.0,n=30,start_thres=1.25,min_cluster_size=3",hub,0.25,50,1,40,1730,27,10,13,1720,0.675,0.0057803468208092,0.7297297297297297,0.2702702702702703,0.1519179249351674
fbc_tfnbs,"e=1.1,h=4.0,n=30,start_thres=1.25,min_cluster_size=3",hub,0.25,50,1,40,1730,27,5,13,1725,0.675,0.0028901734104046,0.84375,0.15625,0.1519179249351674
fbc_tfnbs,"e=1.1,h=5.0,n=30,start_thres=1.25,min_cluster_size=3",hub,0.25,50,1,40,1730,27,5,13,1725,0.675,0.0028901734104046,0.84375,0.15625,0.1519179249351674
fbc_tfnbs,"e=1.1,h=6.0,n=30,start_thres=1.25,min_cluster_size=3",hub,0.25,50,1,40,1730,27,5,13,1725,0.675,0.0028901734104046,0.84375,0.15625,0.1519179249351674
fbc_tfnbs,"e=1.1,h=7.0,n=30,start_thres=1.25,min_cluster_size=3",hub,0.25,50,1,40,1730,27,5,13,1725,0.675,0.0028901734104046,0.84375,0.15625,0.1519179249351674
fbc_tfnbs,"e=1.1,h=8.0,n=30,start_thres=1.25,min_cluster_size=3",hub,0.25,50,1,40,1730,27,5,13,1725,0.675,0.0028901734104046,0.84375,0.15625,0.1519179249351674
fbc_tfnbs,"e=1.1,h=9.0,n=30,start_thres=1.25,min_cluster_size=3",hub,0.25,50,1,40,1730,27,5,13,1725,0.675,0.0028901734104046,0.84375,0.15625,0.1519179249351674
fbc_tfnbs,"e=1.1,h=10.0,n=30,start_thres=1.25,min_cluster_size=3",hub,0.25,50,1,40,1730,27,5,13,1725,0.675,0.0028901734104046,0.84375,0.15625,0.1519179249351674
fbc_tfnbs,"e=1.2,h=0.5,n=30,start_thres=1.25,min_cluster_size=3",hub,0.25,50,1,40,1730,21,11,19,1719,0.525,0.0063583815028901,0.65625,0.34375,0.1519179249351674
fbc_tfnbs,"e=1.2,h=1.0,n=30,start_thres=1.25,min_cluster_size=3",hub,0.25,50,1,40,1730,25,11,15,1719,0.625,0.0063583815028901,0.6944444444444444,0.3055555555555556,0.1519179249351674
fbc_tfnbs,"e=1.2,h=2.0,n=30,start_thres=1.25,min_cluster_size=3",hub,0.25,50,1,40,1730,27,10,13,1720,0.675,0.0057803468208092,0.7297297297297297,0.2702702702702703,0.1519179249351674
fbc_tfnbs,"e=1.2,h=3.0,n=30,start_thres=1.25,min_cluster_size=3",hub,0.25,50,1,40,1730,27,10,13,1720,0.675,0.0057803468208092,0.7297297297297297,0.2702702702702703,0.1519179249351674
fbc_tfnbs,"e=1.2,h=4.0,n=30,start_thres=1.25,min_cluster_size=3",hub,0.25,50,1,40,1730,28,10,12,1720,0.7,0.0057803468208092,0.7368421052631579,0.2631578947368421,0.1519179249351674
fbc_tfnbs,"e=1.2,h=5.0,n=30,start_thres=1.25,min_cluster_size=3",hub,0.25,50,1,40,1730,27,5,13,1725,0.675,0.0028901734104046,0.84375,0.15625,0.1519179249351674
fbc_tfnbs,"e=1.2,h=6.0,n=30,start_thres=1.25,min_cluster_size=3",hub,0.25,50,1,40,1730,27,5,13,1725,0.675,0.0028901734104046,0.84375,0.15625,0.1519179249351674
fbc_tfnbs,"e=1.2,h=7.0,n=30,start_thres=1.25,min_cluster_size=3",hub,0.25,50,1,40,1730,27,5,13,1725,0.675,0.0028901734104046,0.84375,0.15625,0.1519179249351674
fbc_tfnbs,"e=1.2,h=8.0,n=30,start_thres=1.25,min_cluster_size=3",hub,0.25,50,1,40,1730,27,5,13,1725,0.675,0.0028901734104046,0.84375,0.15625,0.1519179249351674
fbc_tfnbs,"e=1.2,h=9.0,n=30,start_thres=1.25,min_cluster_size=3",hub,0.25,50,1,40,1730,27,5,13,1725,0.675,0.0028901734104046,0.84375,0.15625,0.1519179249351674
fbc_tfnbs,"e=1.2,h=10.0,n=30,start_thres=1.25,min_cluster_size=3",hub,0.25,50,1,40,1730,27,5,13,1725,0.675,0.0028901734104046,0.84375,0.15625,0.1519179249351674
fbc_tfnbs,"e=1.3,h=0.5,n=30,start_thres=1.25,min_cluster_size=3",hub,0.25,50,1,40,1730,21,11,19,1719,0.525,0.0063583815028901,0.65625,0.34375,0.1519179249351674
fbc_tfnbs,"e=1.3,h=1.0,n=30,start_thres=1.25,min_cluster_size=3",hub,0.25,50,1,40,1730,21,11,19,1719,0.525,0.0063583815028901,0.65625,0.34375,0.1519179249351674
fbc_tfnbs,"e=1.3,h=2.0,n=30,start_thres=1.25,min_cluster_size=3",hub,0.25,50,1,40,1730,26,10,14,1720,0.65,0.0057803468208092,0.7222222222222222,0.2777777777777778,0.1519179249351674
fbc_tfnbs,"e=1.3,h=3.0,n=30,start_thres=1.25,min_cluster_size=3",hub,0.25,50,1,40,1730,27,10,13,1720,0.675,0.0057803468208092,0.7297297297297297,0.2702702702702703,0.1519179249351674
fbc_tfnbs,"e=1.3,h=4.0,n=30,start_thres=1.25,min_cluster_size=3",hub,0.25,50,1,40,1730,27,10,13,1720,0.675,0.0057803468208092,0.7297297297297297,0.2702702702702703,0.1519179249351674
fbc_tfnbs,"e=1.3,h=5.0,n=30,start_thres=1.25,min_cluster_size=3",hub,0.25,50,1,40,1730,28,10,12,1720,0.7,0.0057803468208092,0.7368421052631579,0.2631578947368421,0.1519179249351674
fbc_tfnbs,"e=1.3,h=6.0,n=30,start_thres=1.25,min_cluster_size=3",hub,0.25,50,1,40,1730,27,5,13,1725,0.675,0.0028901734104046,0.84375,0.15625,0.1519179249351674
fbc_tfnbs,"e=1.3,h=7.0,n=30,start_thres=1.25,min_cluster_size=3",hub,0.25,50,1,40,1730,27,5,13,1725,0.675,0.0028901734104046,0.84375,0.15625,0.1519179249351674
fbc_tfnbs,"e=1.3,h=8.0,n=30,start_thres=1.25,min_cluster_size=3",hub,0.25,50,1,40,1730,27,5,13,1725,0.675,0.0028901734104046,0.84375,0.15625,0.1519179249351674
fbc_tfnbs,"e=1.3,h=9.0,n=30,start_thres=1.25,min_cluster_size=3",hub,0.25,50,1,40,1730,27,5,13,1725,0.675,0.0028901734104046,0.84375,0.15625,0.1519179249351674
fbc_tfnbs,"e=1.3,h=10.0,n=30,start_thres=1.25,min_cluster_size=3",hub,0.25,50,1,40,1730,27,5,13,1725,0.675,0.0028901734104046,0.84375,0.15625,0.1519179249351674
fbc_tfnbs,"e=1.4,h=0.5,n=30,start_thres=1.25,min_cluster_size=3",hub,0.25,50,1,40,1730,21,11,19,1719,0.525,0.0063583815028901,0.65625,0.34375,0.1519179249351674
fbc_tfnbs,"e=1.4,h=1.0,n=30,start_thres=1.25,min_cluster_size=3",hub,0.25,50,1,40,1730,21,11,19,1719,0.525,0.0063583815028901,0.65625,0.34375,0.1519179249351674
fbc_tfnbs,"e=1.4,h=2.0,n=30,start_thres=1.25,min_cluster_size=3",hub,0.25,50,1,40,1730,26,11,14,1719,0.65,0.0063583815028901,0.7027027027027027,0.2972972972972973,0.1519179249351674
fbc_tfnbs,"e=1.4,h=3.0,n=30,start_thres=1.25,min_cluster_size=3",hub,0.25,50,1,40,1730,27,11,13,1719,0.675,0.0063583815028901,0.7105263157894737,0.2894736842105263,0.1519179249351674
fbc_tfnbs,"e=1.4,h=4.0,n=30,start_thres=1.25,min_cluster_size=3",hub,0.25,50,1,40,1730,27,10,13,1720,0.675,0.0057803468208092,0.7297297297297297,0.2702702702702703,0.1519179249351674
fbc_tfnbs,"e=1.4,h=5.0,n=30,start_thres=1.25,min_cluster_size=3",hub,0.25,50,1,40,1730,28,10,12,1720,0.7,0.0057803468208092,0.7368421052631579,0.2631578947368421,0.1519179249351674
fbc_tfnbs,"e=1.4,h=6.0,n=30,start_thres=1.25,min_cluster_size=3",hub,0.25,50,1,40,1730,28,10,12,1720,0.7,0.0057803468208092,0.7368421052631579,0.2631578947368421,0.1519179249351674
fbc_tfnbs,"e=1.4,h=7.0,n=30,start_thres=1.25,min_cluster_size=3",hub,0.25,50,1,40,1730,27,5,13,1725,0.675,0.0028901734104046,0.84375,0.15625,0.1519179249351674
fbc_tfnbs,"e=1.4,h=8.0,n=30,start_thres=1.25,min_cluster_size=3",hub,0.25,50,1,40,1730,27,5,13,1725,0.675,0.0028901734104046,0.84375,0.15625,0.1519179249351674
fbc_tfnbs,"e=1.4,h=9.0,n=30,start_thres=1.25,min_cluster_size=3",hub,0.25,50,1,40,1730,27,5,13,1725,0.675,0.0028901734104046,0.84375,0.15625,0.1519179249351674
fbc_tfnbs,"e=1.4,h=10.0,n=30,start_thres=1.25,min_cluster_size=3",hub,0.25,50,1,40,1730,27,5,13,1725,0.675,0.0028901734104046,0.84375,0.15625,0.1519179249351674
fbc_tfnbs,"e=1.5,h=0.5,n=30,start_thres=1.25,min_cluster_size=3",hub,0.25,50,1,40,1730,21,11,19,1719,0.525,0.0063583815028901,0.65625,0.34375,0.1519179249351674
fbc_tfnbs,"e=1.5,h=1.0,n=30,start_thres=1.25,min_cluster_size=3",hub,0.25,50,1,40,1730,21,11,19,1719,0.525,0.0063583815028901,0.65625,0.34375,0.1519179249351674
fbc_tfnbs,"e=1.5,h=2.0,n=30,start_thres=1.25,min_cluster_size=3",hub,0.25,50,1,40,1730,25,11,15,1719,0.625,0.0063583815028901,0.6944444444444444,0.3055555555555556,0.1519179249351674
fbc_tfnbs,"e=1.5,h=3.0,n=30,start_thres=1.25,min_cluster_size=3",hub,0.25,50,1,40,1730,27,11,13,1719,0.675,0.0063583815028901,0.7105263157894737,0.2894736842105263,0.1519179249351674
fbc_tfnbs,"e=1.5,h=4.0,n=30,start_thres=1.25,min_cluster_size=3",hub,0.25,50,1,40,1730,27,11,13,1719,0.675,0.0063583815028901,0.7105263157894737,0.2894736842105263,0.1519179249351674
fbc_tfnbs,"e=1.5,h=5.0,n=30,start_thres=1.25,min_cluster_size=3",hub,0.25,50,1,40,1730,28,10,12,1720,0.7,0.0057803468208092,0.7368421052631579,0.2631578947368421,0.1519179249351674
fbc_tfnbs,"e=1.5,h=6.0,n=30,start_thres=1.25,min_cluster_size=3",hub,0.25,50,1,40,1730,28,10,12,1720,0.7,0.0057803468208092,0.7368421052631579,0.2631578947368421,0.1519179249351674
fbc_tfnbs,"e=1.5,h=7.0,n=30,start_thres=1.25,min_cluster_size=3",hub,0.25,50,1,40,1730,28,10,12,1720,0.7,0.0057803468208092,0.7368421052631579,0.2631578947368421,0.1519179249351674
fbc_tfnbs,"e=1.5,h=8.0,n=30,start_thres=1.25,min_cluster_size=3",hub,0.25,50,1,40,1730,27,5,13,1725,0.675,0.0028901734104046,0.84375,0.15625,0.1519179249351674
fbc_tfnbs,"e=1.5,h=9.0,n=30,start_thres=1.25,min_cluster_size=3",hub,0.25,50,1,40,1730,27,5,13,1725,0.675,0.0028901734104046,0.84375,0.15625,0.1519179249351674
fbc_tfnbs,"e=1.5,h=10.0,n=30,start_thres=1.25,min_cluster_size=3",hub,0.25,50,1,40,1730,27,5,13,1725,0.675,0.0028901734104046,0.84375,0.15625,0.1519179249351674
fbc_tfnbs,"e=0.05,h=0.5,n=30,start_thres=1.25,min_cluster_size=3",hub,0.25,50,2,40,1730,23,0,17,1730,0.575,0.0,1.0,0.0,0.1364620978182012
fbc_tfnbs,"e=0.05,h=1.0,n=30,start_thres=1.25,min_cluster_size=3",hub,0.25,50,2,40,1730,23,0,17,1730,0.575,0.0,1.0,0.0,0.1364620978182012
fbc_tfnbs,"e=0.05,h=2.0,n=30,start_thres=1.25,min_cluster_size=3",hub,0.25,50,2,40,1730,23,0,17,1730,0.575,0.0,1.0,0.0,0.1364620978182012
fbc_tfnbs,"e=0.05,h=3.0,n=30,start_thres=1.25,min_cluster_size=3",hub,0.25,50,2,40,1730,23,0,17,1730,0.575,0.0,1.0,0.0,0.1364620978182012
fbc_tfnbs,"e=0.05,h=4.0,n=30,start_thres=1.25,min_cluster_size=3",hub,0.25,50,2,40,1730,23,0,17,1730,0.575,0.0,1.0,0.0,0.1364620978182012
fbc_tfnbs,"e=0.05,h=5.0,n=30,start_thres=1.25,min_cluster_size=3",hub,0.25,50,2,40,1730,23,0,17,1730,0.575,0.0,1.0,0.0,0.1364620978182012
fbc_tfnbs,"e=0.05,h=6.0,n=30,start_thres=1.25,min_cluster_size=3",hub,0.25,50,2,40,1730,23,0,17,1730,0.575,0.0,1.0,0.0,0.1364620978182012
fbc_tfnbs,"e=0.05,h=7.0,n=30,start_thres=1.25,min_cluster_size=3",hub,0.25,50,2,40,1730,23,0,17,1730,0.575,0.0,1.0,0.0,0.1364620978182012
fbc_tfnbs,"e=0.05,h=8.0,n=30,start_thres=1.25,min_cluster_size=3",hub,0.25,50,2,40,1730,23,0,17,1730,0.575,0.0,1.0,0.0,0.1364620978182012
fbc_tfnbs,"e=0.05,h=9.0,n=30,start_thres=1.25,min_cluster_size=3",hub,0.25,50,2,40,1730,23,0,17,1730,0.575,0.0,1.0,0.0,0.1364620978182012
fbc_tfnbs,"e=0.05,h=10.0,n=30,start_thres=1.25,min_cluster_size=3",hub,0.25,50,2,40,1730,23,0,17,1730,0.575,0.0,1.0,0.0,0.1364620978182012
fbc_tfnbs,"e=0.1,h=0.5,n=30,start_thres=1.25,min_cluster_size=3",hub,0.25,50,2,40,1730,23,0,17,1730,0.575,0.0,1.0,0.0,0.1364620978182012
fbc_tfnbs,"e=0.1,h=1.0,n=30,start_thres=1.25,min_cluster_size=3",hub,0.25,50,2,40,1730,23,0,17,1730,0.575,0.0,1.0,0.0,0.1364620978182012
fbc_tfnbs,"e=0.1,h=2.0,n=30,start_thres=1.25,min_cluster_size=3",hub,0.25,50,2,40,1730,23,0,17,1730,0.575,0.0,1.0,0.0,0.1364620978182012
fbc_tfnbs,"e=0.1,h=3.0,n=30,start_thres=1.25,min_cluster_size=3",hub,0.25,50,2,40,1730,23,0,17,1730,0.575,0.0,1.0,0.0,0.1364620978182012
fbc_tfnbs,"e=0.1,h=4.0,n=30,start_thres=1.25,min_cluster_size=3",hub,0.25,50,2,40,1730,23,0,17,1730,0.575,0.0,1.0,0.0,0.1364620978182012
fbc_tfnbs,"e=0.1,h=5.0,n=30,start_thres=1.25,min_cluster_size=3",hub,0.25,50,2,40,1730,23,0,17,1730,0.575,0.0,1.0,0.0,0.1364620978182012
fbc_tfnbs,"e=0.1,h=6.0,n=30,start_thres=1.25,min_cluster_size=3",hub,0.25,50,2,40,1730,23,0,17,1730,0.575,0.0,1.0,0.0,0.1364620978182012
fbc_tfnbs,"e=0.1,h=7.0,n=30,start_thres=1.25,min_cluster_size=3",hub,0.25,50,2,40,1730,23,0,17,1730,0.575,0.0,1.0,0.0,0.1364620978182012
fbc_tfnbs,"e=0.1,h=8.0,n=30,start_thres=1.25,min_cluster_size=3",hub,0.25,50,2,40,1730,23,0,17,1730,0.575,0.0,1.0,0.0,0.1364620978182012
fbc_tfnbs,"e=0.1,h=9.0,n=30,start_thres=1.25,min_cluster_size=3",hub,0.25,50,2,40,1730,23,0,17,1730,0.575,0.0,1.0,0.0,0.1364620978182012
fbc_tfnbs,"e=0.1,h=10.0,n=30,start_thres=1.25,min_cluster_size=3",hub,0.25,50,2,40,1730,23,0,17,1730,0.575,0.0,1.0,0.0,0.1364620978182012
fbc_tfnbs,"e=0.2,h=0.5,n=30,start_thres=1.25,min_cluster_size=3",hub,0.25,50,2,40,1730,23,0,17,1730,0.575,0.0,1.0,0.0,0.1364620978182012
fbc_tfnbs,"e=0.2,h=1.0,n=30,start_thres=1.25,min_cluster_size=3",hub,0.25,50,2,40,1730,23,0,17,1730,0.575,0.0,1.0,0.0,0.1364620978182012
fbc_tfnbs,"e=0.2,h=2.0,n=30,start_thres=1.25,min_cluster_size=3",hub,0.25,50,2,40,1730,23,0,17,1730,0.575,0.0,1.0,0.0,0.1364620978182012
fbc_tfnbs,"e=0.2,h=3.0,n=30,start_thres=1.25,min_cluster_size=3",hub,0.25,50,2,40,1730,25,0,15,1730,0.625,0.0,1.0,0.0,0.1364620978182012
fbc_tfnbs,"e=0.2,h=4.0,n=30,start_thres=1.25,min_cluster_size=3",hub,0.25,50,2,40,1730,25,0,15,1730,0.625,0.0,1.0,0.0,0.1364620978182012
fbc_tfnbs,"e=0.2,h=5.0,n=30,start_thres=1.25,min_cluster_size=3",hub,0.25,50,2,40,1730,25,0,15,1730,0.625,0.0,1.0,0.0,0.1364620978182012
fbc_tfnbs,"e=0.2,h=6.0,n=30,start_thres=1.25,min_cluster_size=3",hub,0.25,50,2,40,1730,23,0,17,1730,0.575,0.0,1.0,0.0,0.1364620978182012
fbc_tfnbs,"e=0.2,h=7.0,n=30,start_thres=1.25,min_cluster_size=3",hub,0.25,50,2,40,1730,23,0,17,1730,0.575,0.0,1.0,0.0,0.1364620978182012
fbc_tfnbs,"e=0.2,h=8.0,n=30,start_thres=1.25,min_cluster_size=3",hub,0.25,50,2,40,1730,23,0,17,1730,0.575,0.0,1.0,0.0,0.1364620978182012
fbc_tfnbs,"e=0.2,h=9.0,n=30,start_thres=1.25,min_cluster_size=3",hub,0.25,50,2,40,1730,23,0,17,1730,0.575,0.0,1.0,0.0,0.1364620978182012
fbc_tfnbs,"e=0.2,h=10.0,n=30,start_thres=1.25,min_cluster_size=3",hub,0.25,50,2,40,1730,23,0,17,1730,0.575,0.0,1.0,0.0,0.1364620978182012
fbc_tfnbs,"e=0.3,h=0.5,n=30,start_thres=1.25,min_cluster_size=3",hub,0.25,50,2,40,1730,23,0,17,1730,0.575,0.0,1.0,0.0,0.1364620978182012
fbc_tfnbs,"e=0.3,h=1.0,n=30,start_thres=1.25,min_cluster_size=3",hub,0.25,50,2,40,1730,23,0,17,1730,0.575,0.0,1.0,0.0,0.1364620978182012
fbc_tfnbs,"e=0.3,h=2.0,n=30,start_thres=1.25,min_cluster_size=3",hub,0.25,50,2,40,1730,25,0,15,1730,0.625,0.0,1.0,0.0,0.1364620978182012
fbc_tfnbs,"e=0.3,h=3.0,n=30,start_thres=1.25,min_cluster_size=3",hub,0.25,50,2,40,1730,25,0,15,1730,0.625,0.0,1.0,0.0,0.1364620978182012
fbc_tfnbs,"e=0.3,h=4.0,n=30,start_thres=1.25,min_cluster_size=3",hub,0.25,50,2,40,1730,25,0,15,1730,0.625,0.0,1.0,0.0,0.1364620978182012
fbc_tfnbs,"e=0.3,h=5.0,n=30,start_thres=1.25,min_cluster_size=3",hub,0.25,50,2,40,1730,25,0,15,1730,0.625,0.0,1.0,0.0,0.1364620978182012
fbc_tfnbs,"e=0.3,h=6.0,n=30,start_thres=1.25,min_cluster_size=3",hub,0.25,50,2,40,1730,25,0,15,1730,0.625,0.0,1.0,0.0,0.1364620978182012
fbc_tfnbs,"e=0.3,h=7.0,n=30,start_thres=1.25,min_cluster_size=3",hub,0.25,50,2,40,1730,25,0,15,1730,0.625,0.0,1.0,0.0,0.1364620978182012
fbc_tfnbs,"e=0.3,h=8.0,n=30,start_thres=1.25,min_cluster_size=3",hub,0.25,50,2,40,1730,25,0,15,1730,0.625,0.0,1.0,0.0,0.1364620978182012
fbc_tfnbs,"e=0.3,h=9.0,n=30,start_thres=1.25,min_cluster_size=3",hub,0.25,50,2,40,1730,25,0,15,1730,0.625,0.0,1.0,0.0,0.1364620978182012
fbc_tfnbs,"e=0.3,h=10.0,n=30,start_thres=1.25,min_cluster_size=3",hub,0.25,50,2,40,1730,25,0,15,1730,0.625,0.0,1.0,0.0,0.1364620978182012
fbc_tfnbs,"e=0.4,h=0.5,n=30,start_thres=1.25,min_cluster_size=3",hub,0.25,50,2,40,1730,22,0,18,1730,0.55,0.0,1.0,0.0,0.1364620978182012
fbc_tfnbs,"e=0.4,h=1.0,n=30,start_thres=1.25,min_cluster_size=3",hub,0.25,50,2,40,1730,25,0,15,1730,0.625,0.0,1.0,0.0,0.1364620978182012
fbc_tfnbs,"e=0.4,h=2.0,n=30,start_thres=1.25,min_cluster_size=3",hub,0.25,50,2,40,1730,25,0,15,1730,0.625,0.0,1.0,0.0,0.1364620978182012
fbc_tfnbs,"e=0.4,h=3.0,n=30,start_thres=1.25,min_cluster_size=3",hub,0.25,50,2,40,1730,25,0,15,1730,0.625,0.0,1.0,0.0,0.1364620978182012
fbc_tfnbs,"e=0.4,h=4.0,n=30,start_thres=1.25,min_cluster_size=3",hub,0.25,50,2,40,1730,25,0,15,1730,0.625,0.0,1.0,0.0,0.1364620978182012
fbc_tfnbs,"e=0.4,h=5.0,n=30,start_thres=1.25,min_cluster_size=3",hub,0.25,50,2,40,1730,25,0,15,1730,0.625,0.0,1.0,0.0,0.1364620978182012
fbc_tfnbs,"e=0.4,h=6.0,n=30,start_thres=1.25,min_cluster_size=3",hub,0.25,50,2,40,1730,25,0,15,1730,0.625,0.0,1.0,0.0,0.1364620978182012
fbc_tfnbs,"e=0.4,h=7.0,n=30,start_thres=1.25,min_cluster_size=3",hub,0.25,50,2,40,1730,25,0,15,1730,0.625,0.0,1.0,0.0,0.1364620978182012
fbc_tfnbs,"e=0.4,h=8.0,n=30,start_thres=1.25,min_cluster_size=3",hub,0.25,50,2,40,1730,25,0,15,1730,0.625,0.0,1.0,0.0,0.1364620978182012
fbc_tfnbs,"e=0.4,h=9.0,n=30,start_thres=1.25,min_cluster_size=3",hub,0.25,50,2,40,1730,25,0,15,1730,0.625,0.0,1.0,0.0,0.1364620978182012
fbc_tfnbs,"e=0.4,h=10.0,n=30,start_thres=1.25,min_cluster_size=3",hub,0.25,50,2,40,1730,25,0,15,1730,0.625,0.0,1.0,0.0,0.1364620978182012
fbc_tfnbs,"e=0.5,h=0.5,n=30,start_thres=1.25,min_cluster_size=3",hub,0.25,50,2,40,1730,22,0,18,1730,0.55,0.0,1.0,0.0,0.1364620978182012
fbc_tfnbs,"e=0.5,h=1.0,n=30,start_thres=1.25,min_cluster_size=3",hub,0.25,50,2,40,1730,24,0,16,1730,0.6,0.0,1.0,0.0,0.1364620978182012
fbc_tfnbs,"e=0.5,h=2.0,n=30,start_thres=1.25,min_cluster_size=3",hub,0.25,50,2,40,1730,25,0,15,1730,0.625,0.0,1.0,0.0,0.1364620978182012
fbc_tfnbs,"e=0.5,h=3.0,n=30,start_thres=1.25,min_cluster_size=3",hub,0.25,50,2,40,1730,25,0,15,1730,0.625,0.0,1.0,0.0,0.1364620978182012
fbc_tfnbs,"e=0.5,h=4.0,n=30,start_thres=1.25,min_cluster_size=3",hub,0.25,50,2,40,1730,25,0,15,1730,0.625,0.0,1.0,0.0,0.1364620978182012
fbc_tfnbs,"e=0.5,h=5.0,n=30,start_thres=1.25,min_cluster_size=3",hub,0.25,50,2,40,1730,25,0,15,1730,0.625,0.0,1.0,0.0,0.1364620978182012
fbc_tfnbs,"e=0.5,h=6.0,n=30,start_thres=1.25,min_cluster_size=3",hub,0.25,50,2,40,1730,25,0,15,1730,0.625,0.0,1.0,0.0,0.1364620978182012
fbc_tfnbs,"e=0.5,h=7.0,n=30,start_thres=1.25,min_cluster_size=3",hub,0.25,50,2,40,1730,25,0,15,1730,0.625,0.0,1.0,0.0,0.1364620978182012
fbc_tfnbs,"e=0.5,h=8.0,n=30,start_thres=1.25,min_cluster_size=3",hub,0.25,50,2,40,1730,25,0,15,1730,0.625,0.0,1.0,0.0,0.1364620978182012
fbc_tfnbs,"e=0.5,h=9.0,n=30,start_thres=1.25,min_cluster_size=3",hub,0.25,50,2,40,1730,25,0,15,1730,0.625,0.0,1.0,0.0,0.1364620978182012
fbc_tfnbs,"e=0.5,h=10.0,n=30,start_thres=1.25,min_cluster_size=3",hub,0.25,50,2,40,1730,25,0,15,1730,0.625,0.0,1.0,0.0,0.1364620978182012
fbc_tfnbs,"e=0.6,h=0.5,n=30,start_thres=1.25,min_cluster_size=3",hub,0.25,50,2,40,1730,21,0,19,1730,0.525,0.0,1.0,0.0,0.1364620978182012
fbc_tfnbs,"e=0.6,h=1.0,n=30,start_thres=1.25,min_cluster_size=3",hub,0.25,50,2,40,1730,22,0,18,1730,0.55,0.0,1.0,0.0,0.1364620978182012
fbc_tfnbs,"e=0.6,h=2.0,n=30,start_thres=1.25,min_cluster_size=3",hub,0.25,50,2,40,1730,25,0,15,1730,0.625,0.0,1.0,0.0,0.1364620978182012
fbc_tfnbs,"e=0.6,h=3.0,n=30,start_thres=1.25,min_cluster_size=3",hub,0.25,50,2,40,1730,25,0,15,1730,0.625,0.0,1.0,0.0,0.1364620978182012
fbc_tfnbs,"e=0.6,h=4.0,n=30,start_thres=1.25,min_cluster_size=3",hub,0.25,50,2,40,1730,25,0,15,1730,0.625,0.0,1.0,0.0,0.1364620978182012
fbc_tfnbs,"e=0.6,h=5.0,n=30,start_thres=1.25,min_cluster_size=3",hub,0.25,50,2,40,1730,25,0,15,1730,0.625,0.0,1.0,0.0,0.1364620978182012
fbc_tfnbs,"e=0.6,h=6.0,n=30,start_thres=1.25,min_cluster_size=3",hub,0.25,50,2,40,1730,25,0,15,1730,0.625,0.0,1.0,0.0,0.1364620978182012
fbc_tfnbs,"e=0.6,h=7.0,n=30,start_thres=1.25,min_cluster_size=3",hub,0.25,50,2,40,1730,25,0,15,1730,0.625,0.0,1.0,0.0,0.1364620978182012
fbc_tfnbs,"e=0.6,h=8.0,n=30,start_thres=1.25,min_cluster_size=3",hub,0.25,50,2,40,1730,25,0,15,1730,0.625,0.0,1.0,0.0,0.1364620978182012
fbc_tfnbs,"e=0.6,h=9.0,n=30,start_thres=1.25,min_cluster_size=3",hub,0.25,50,2,40,1730,25,0,15,1730,0.625,0.0,1.0,0.0,0.1364620978182012
fbc_tfnbs,"e=0.6,h=10.0,n=30,start_thres=1.25,min_cluster_size=3",hub,0.25,50,2,40,1730,25,0,15,1730,0.625,0.0,1.0,0.0,0.1364620978182012
fbc_tfnbs,"e=0.7,h=0.5,n=30,start_thres=1.25,min_cluster_size=3",hub,0.25,50,2,40,1730,21,0,19,1730,0.525,0.0,1.0,0.0,0.1364620978182012
fbc_tfnbs,"e=0.7,h=1.0,n=30,start_thres=1.25,min_cluster_size=3",hub,0.25,50,2,40,1730,22,0,18,1730,0.55,0.0,1.0,0.0,0.1364620978182012
fbc_tfnbs,"e=0.7,h=2.0,n=30,start_thres=1.25,min_cluster_size=3",hub,0.25,50,2,40,1730,24,0,16,1730,0.6,0.0,1.0,0.0,0.1364620978182012
fbc_tfnbs,"e=0.7,h=3.0,n=30,start_thres=1.25,min_cluster_size=3",hub,0.25,50,2,40,1730,25,0,15,1730,0.625,0.0,1.0,0.0,0.1364620978182012
fbc_tfnbs,"e=0.7,h=4.0,n=30,start_thres=1.25,min_cluster_size=3",hub,0.25,50,2,40,1730,25,0,15,1730,0.625,0.0,1.0,0.0,0.1364620978182012
fbc_tfnbs,"e=0.7,h=5.0,n=30,start_thres=1.25,min_cluster_size=3",hub,0.25,50,2,40,1730,25,0,15,1730,0.625,0.0,1.0,0.0,0.1364620978182012
fbc_tfnbs,"e=0.7,h=6.0,n=30,start_thres=1.25,min_cluster_size=3",hub,0.25,50,2,40,1730,25,0,15,1730,0.625,0.0,1.0,0.0,0.1364620978182012
fbc_tfnbs,"e=0.7,h=7.0,n=30,start_thres=1.25,min_cluster_size=3",hub,0.25,50,2,40,1730,25,0,15,1730,0.625,0.0,1.0,0.0,0.1364620978182012
fbc_tfnbs,"e=0.7,h=8.0,n=30,start_thres=1.25,min_cluster_size=3",hub,0.25,50,2,40,1730,25,0,15,1730,0.625,0.0,1.0,0.0,0.1364620978182012
fbc_tfnbs,"e=0.7,h=9.0,n=30,start_thres=1.25,min_cluster_size=3",hub,0.25,50,2,40,1730,25,0,15,1730,0.625,0.0,1.0,0.0,0.1364620978182012
fbc_tfnbs,"e=0.7,h=10.0,n=30,start_thres=1.25,min_cluster_size=3",hub,0.25,50,2,40,1730,25,0,15,1730,0.625,0.0,1.0,0.0,0.1364620978182012
fbc_tfnbs,"e=0.8,h=0.5,n=30,start_thres=1.25,min_cluster_size=3",hub,0.25,50,2,40,1730,15,0,25,1730,0.375,0.0,1.0,0.0,0.1364620978182012
fbc_tfnbs,"e=0.8,h=1.0,n=30,start_thres=1.25,min_cluster_size=3",hub,0.25,50,2,40,1730,21,0,19,1730,0.525,0.0,1.0,0.0,0.1364620978182012
fbc_tfnbs,"e=0.8,h=2.0,n=30,start_thres=1.25,min_cluster_size=3",hub,0.25,50,2,40,1730,24,0,16,1730,0.6,0.0,1.0,0.0,0.1364620978182012
fbc_tfnbs,"e=0.8,h=3.0,n=30,start_thres=1.25,min_cluster_size=3",hub,0.25,50,2,40,1730,25,0,15,1730,0.625,0.0,1.0,0.0,0.1364620978182012
fbc_tfnbs,"e=0.8,h=4.0,n=30,start_thres=1.25,min_cluster_size=3",hub,0.25,50,2,40,1730,25,0,15,1730,0.625,0.0,1.0,0.0,0.1364620978182012
fbc_tfnbs,"e=0.8,h=5.0,n=30,start_thres=1.25,min_cluster_size=3",hub,0.25,50,2,40,1730,25,0,15,1730,0.625,0.0,1.0,0.0,0.1364620978182012
fbc_tfnbs,"e=0.8,h=6.0,n=30,start_thres=1.25,min_cluster_size=3",hub,0.25,50,2,40,1730,25,0,15,1730,0.625,0.0,1.0,0.0,0.1364620978182012
fbc_tfnbs,"e=0.8,h=7.0,n=30,start_thres=1.25,min_cluster_size=3",hub,0.25,50,2,40,1730,25,0,15,1730,0.625,0.0,1.0,0.0,0.1364620978182012
fbc_tfnbs,"e=0.8,h=8.0,n=30,start_thres=1.25,min_cluster_size=3",hub,0.25,50,2,40,1730,25,0,15,1730,0.625,0.0,1.0,0.0,0.1364620978182012
fbc_tfnbs,"e=0.8,h=9.0,n=30,start_thres=1.25,min_cluster_size=3",hub,0.25,50,2,40,1730,25,0,15,1730,0.625,0.0,1.0,0.0,0.1364620978182012
fbc_tfnbs,"e=0.8,h=10.0,n=30,start_thres=1.25,min_cluster_size=3",hub,0.25,50,2,40,1730,25,0,15,1730,0.625,0.0,1.0,0.0,0.1364620978182012
fbc_tfnbs,"e=0.9,h=0.5,n=30,start_thres=1.25,min_cluster_size=3",hub,0.25,50,2,40,1730,13,0,27,1730,0.325,0.0,1.0,0.0,0.1364620978182012
fbc_tfnbs,"e=0.9,h=1.0,n=30,start_thres=1.25,min_cluster_size=3",hub,0.25,50,2,40,1730,20,0,20,1730,0.5,0.0,1.0,0.0,0.1364620978182012
fbc_tfnbs,"e=0.9,h=2.0,n=30,start_thres=1.25,min_cluster_size=3",hub,0.25,50,2,40,1730,24,0,16,1730,0.6,0.0,1.0,0.0,0.1364620978182012
fbc_tfnbs,"e=0.9,h=3.0,n=30,start_thres=1.25,min_cluster_size=3",hub,0.25,50,2,40,1730,25,0,15,1730,0.625,0.0,1.0,0.0,0.1364620978182012
fbc_tfnbs,"e=0.9,h=4.0,n=30,start_thres=1.25,min_cluster_size=3",hub,0.25,50,2,40,1730,25,0,15,1730,0.625,0.0,1.0,0.0,0.1364620978182012
fbc_tfnbs,"e=0.9,h=5.0,n=30,start_thres=1.25,min_cluster_size=3",hub,0.25,50,2,40,1730,25,0,15,1730,0.625,0.0,1.0,0.0,0.1364620978182012
fbc_tfnbs,"e=0.9,h=6.0,n=30,start_thres=1.25,min_cluster_size=3",hub,0.25,50,2,40,1730,25,0,15,1730,0.625,0.0,1.0,0.0,0.1364620978182012
fbc_tfnbs,"e=0.9,h=7.0,n=30,start_thres=1.25,min_cluster_size=3",hub,0.25,50,2,40,1730,25,0,15,1730,0.625,0.0,1.0,0.0,0.1364620978182012
fbc_tfnbs,"e=0.9,h=8.0,n=30,start_thres=1.25,min_cluster_size=3",hub,0.25,50,2,40,1730,25,0,15,1730,0.625,0.0,1.0,0.0,0.1364620978182012
fbc_tfnbs,"e=0.9,h=9.0,n=30,start_thres=1.25,min_cluster_size=3",hub,0.25,50,2,40,1730,25,0,15,1730,0.625,0.0,1.0,0.0,0.1364620978182012
fbc_tfnbs,"e=0.9,h=10.0,n=30,start_thres=1.25,min_cluster_size=3",hub,0.25,50,2,40,1730,25,0,15,1730,0.625,0.0,1.0,0.0,0.1364620978182012
fbc_tfnbs,"e=1.0,h=0.5,n=30,start_thres=1.25,min_cluster_size=3",hub,0.25,50,2,40,1730,13,0,27,1730,0.325,0.0,1.0,0.0,0.1364620978182012
fbc_tfnbs,"e=1.0,h=1.0,n=30,start_thres=1.25,min_cluster_size=3",hub,0.25,50,2,40,1730,14,0,26,1730,0.35,0.0,1.0,0.0,0.1364620978182012
fbc_tfnbs,"e=1.0,h=2.0,n=30,start_thres=1.25,min_cluster_size=3",hub,0.25,50,2,40,1730,24,0,16,1730,0.6,0.0,1.0,0.0,0.1364620978182012
fbc_tfnbs,"e=1.0,h=3.0,n=30,start_thres=1.25,min_cluster_size=3",hub,0.25,50,2,40,1730,25,0,15,1730,0.625,0.0,1.0,0.0,0.1364620978182012
fbc_tfnbs,"e=1.0,h=4.0,n=30,start_thres=1.25,min_cluster_size=3",hub,0.25,50,2,40,1730,25,0,15,1730,0.625,0.0,1.0,0.0,0.1364620978182012
fbc_tfnbs,"e=1.0,h=5.0,n=30,start_thres=1.25,min_cluster_size=3",hub,0.25,50,2,40,1730,25,0,15,1730,0.625,0.0,1.0,0.0,0.1364620978182012
fbc_tfnbs,"e=1.0,h=6.0,n=30,start_thres=1.25,min_cluster_size=3",hub,0.25,50,2,40,1730,25,0,15,1730,0.625,0.0,1.0,0.0,0.1364620978182012
fbc_tfnbs,"e=1.0,h=7.0,n=30,start_thres=1.25,min_cluster_size=3",hub,0.25,50,2,40,1730,25,0,15,1730,0.625,0.0,1.0,0.0,0.1364620978182012
fbc_tfnbs,"e=1.0,h=8.0,n=30,start_thres=1.25,min_cluster_size=3",hub,0.25,50,2,40,1730,25,0,15,1730,0.625,0.0,1.0,0.0,0.1364620978182012
fbc_tfnbs,"e=1.0,h=9.0,n=30,start_thres=1.25,min_cluster_size=3",hub,0.25,50,2,40,1730,25,0,15,1730,0.625,0.0,1.0,0.0,0.1364620978182012
fbc_tfnbs,"e=1.0,h=10.0,n=30,start_thres=1.25,min_cluster_size=3",hub,0.25,50,2,40,1730,25,0,15,1730,0.625,0.0,1.0,0.0,0.1364620978182012
fbc_tfnbs,"e=1.1,h=0.5,n=30,start_thres=1.25,min_cluster_size=3",hub,0.25,50,2,40,1730,10,0,30,1730,0.25,0.0,1.0,0.0,0.1364620978182012
fbc_tfnbs,"e=1.1,h=1.0,n=30,start_thres=1.25,min_cluster_size=3",hub,0.25,50,2,40,1730,13,0,27,1730,0.325,0.0,1.0,0.0,0.1364620978182012
fbc_tfnbs,"e=1.1,h=2.0,n=30,start_thres=1.25,min_cluster_size=3",hub,0.25,50,2,40,1730,23,0,17,1730,0.575,0.0,1.0,0.0,0.1364620978182012
fbc_tfnbs,"e=1.1,h=3.0,n=30,start_thres=1.25,min_cluster_size=3",hub,0.25,50,2,40,1730,24,0,16,1730,0.6,0.0,1.0,0.0,0.1364620978182012
fbc_tfnbs,"e=1.1,h=4.0,n=30,start_thres=1.25,min_cluster_size=3",hub,0.25,50,2,40,1730,25,0,15,1730,0.625,0.0,1.0,0.0,0.1364620978182012
fbc_tfnbs,"e=1.1,h=5.0,n=30,start_thres=1.25,min_cluster_size=3",hub,0.25,50,2,40,1730,25,0,15,1730,0.625,0.0,1.0,0.0,0.1364620978182012
fbc_tfnbs,"e=1.1,h=6.0,n=30,start_thres=1.25,min_cluster_size=3",hub,0.25,50,2,40,1730,25,0,15,1730,0.625,0.0,1.0,0.0,0.1364620978182012
fbc_tfnbs,"e=1.1,h=7.0,n=30,start_thres=1.25,min_cluster_size=3",hub,0.25,50,2,40,1730,25,0,15,1730,0.625,0.0,1.0,0.0,0.1364620978182012
fbc_tfnbs,"e=1.1,h=8.0,n=30,start_thres=1.25,min_cluster_size=3",hub,0.25,50,2,40,1730,25,0,15,1730,0.625,0.0,1.0,0.0,0.1364620978182012
fbc_tfnbs,"e=1.1,h=9.0,n=30,start_thres=1.25,min_cluster_size=3",hub,0.25,50,2,40,1730,25,0,15,1730,0.625,0.0,1.0,0.0,0.1364620978182012
fbc_tfnbs,"e=1.1,h=10.0,n=30,start_thres=1.25,min_cluster_size=3",hub,0.25,50,2,40,1730,25,0,15,1730,0.625,0.0,1.0,0.0,0.1364620978182012
fbc_tfnbs,"e=1.2,h=0.5,n=30,start_thres=1.25,min_cluster_size=3",hub,0.25,50,2,40,1730,6,0,34,1730,0.15,0.0,1.0,0.0,0.1364620978182012
fbc_tfnbs,"e=1.2,h=1.0,n=30,start_thres=1.25,min_cluster_size=3",hub,0.25,50,2,40,1730,10,0,30,1730,0.25,0.0,1.0,0.0,0.1364620978182012
fbc_tfnbs,"e=1.2,h=2.0,n=30,start_thres=1.25,min_cluster_size=3",hub,0.25,50,2,40,1730,15,0,25,1730,0.375,0.0,1.0,0.0,0.1364620978182012
fbc_tfnbs,"e=1.2,h=3.0,n=30,start_thres=1.25,min_cluster_size=3",hub,0.25,50,2,40,1730,24,0,16,1730,0.6,0.0,1.0,0.0,0.1364620978182012
fbc_tfnbs,"e=1.2,h=4.0,n=30,start_thres=1.25,min_cluster_size=3",hub,0.25,50,2,40,1730,25,0,15,1730,0.625,0.0,1.0,0.0,0.1364620978182012
fbc_tfnbs,"e=1.2,h=5.0,n=30,start_thres=1.25,min_cluster_size=3",hub,0.25,50,2,40,1730,25,0,15,1730,0.625,0.0,1.0,0.0,0.1364620978182012
fbc_tfnbs,"e=1.2,h=6.0,n=30,start_thres=1.25,min_cluster_size=3",hub,0.25,50,2,40,1730,25,0,15,1730,0.625,0.0,1.0,0.0,0.1364620978182012
fbc_tfnbs,"e=1.2,h=7.0,n=30,start_thres=1.25,min_cluster_size=3",hub,0.25,50,2,40,1730,25,0,15,1730,0.625,0.0,1.0,0.0,0.1364620978182012
fbc_tfnbs,"e=1.2,h=8.0,n=30,start_thres=1.25,min_cluster_size=3",hub,0.25,50,2,40,1730,25,0,15,1730,0.625,0.0,1.0,0.0,0.1364620978182012
fbc_tfnbs,"e=1.2,h=9.0,n=30,start_thres=1.25,min_cluster_size=3",hub,0.25,50,2,40,1730,25,0,15,1730,0.625,0.0,1.0,0.0,0.1364620978182012
fbc_tfnbs,"e=1.2,h=10.0,n=30,start_thres=1.25,min_cluster_size=3",hub,0.25,50,2,40,1730,25,0,15,1730,0.625,0.0,1.0,0.0,0.1364620978182012
fbc_tfnbs,"e=1.3,h=0.5,n=30,start_thres=1.25,min_cluster_size=3",hub,0.25,50,2,40,1730,5,0,35,1730,0.125,0.0,1.0,0.0,0.1364620978182012
fbc_tfnbs,"e=1.3,h=1.0,n=30,start_thres=1.25,min_cluster_size=3",hub,0.25,50,2,40,1730,6,0,34,1730,0.15,0.0,1.0,0.0,0.1364620978182012
fbc_tfnbs,"e=1.3,h=2.0,n=30,start_thres=1.25,min_cluster_size=3",hub,0.25,50,2,40,1730,14,0,26,1730,0.35,0.0,1.0,0.0,0.1364620978182012
fbc_tfnbs,"e=1.3,h=3.0,n=30,start_thres=1.25,min_cluster_size=3",hub,0.25,50,2,40,1730,24,0,16,1730,0.6,0.0,1.0,0.0,0.1364620978182012
fbc_tfnbs,"e=1.3,h=4.0,n=30,start_thres=1.25,min_cluster_size=3",hub,0.25,50,2,40,1730,25,0,15,1730,0.625,0.0,1.0,0.0,0.1364620978182012
fbc_tfnbs,"e=1.3,h=5.0,n=30,start_thres=1.25,min_cluster_size=3",hub,0.25,50,2,40,1730,25,0,15,1730,0.625,0.0,1.0,0.0,0.1364620978182012
fbc_tfnbs,"e=1.3,h=6.0,n=30,start_thres=1.25,min_cluster_size=3",hub,0.25,50,2,40,1730,25,0,15,1730,0.625,0.0,1.0,0.0,0.1364620978182012
fbc_tfnbs,"e=1.3,h=7.0,n=30,start_thres=1.25,min_cluster_size=3",hub,0.25,50,2,40,1730,25,0,15,1730,0.625,0.0,1.0,0.0,0.1364620978182012
fbc_tfnbs,"e=1.3,h=8.0,n=30,start_thres=1.25,min_cluster_size=3",hub,0.25,50,2,40,1730,25,0,15,1730,0.625,0.0,1.0,0.0,0.1364620978182012
fbc_tfnbs,"e=1.3,h=9.0,n=30,start_thres=1.25,min_cluster_size=3",hub,0.25,50,2,40,1730,25,0,15,1730,0.625,0.0,1.0,0.0,0.1364620978182012
fbc_tfnbs,"e=1.3,h=10.0,n=30,start_thres=1.25,min_cluster_size=3",hub,0.25,50,2,40,1730,25,0,15,1730,0.625,0.0,1.0,0.0,0.1364620978182012
fbc_tfnbs,"e=1.4,h=0.5,n=30,start_thres=1.25,min_cluster_size=3",hub,0.25,50,2,40,1730,4,0,36,1730,0.1,0.0,1.0,0.0,0.1364620978182012
fbc_tfnbs,"e=1.4,h=1.0,n=30,start_thres=1.25,min_cluster_size=3",hub,0.25,50,2,40,1730,6,0,34,1730,0.15,0.0,1.0,0.0,0.1364620978182012
fbc_tfnbs,"e=1.4,h=2.0,n=30,start_thres=1.25,min_cluster_size=3",hub,0.25,50,2,40,1730,14,0,26,1730,0.35,0.0,1.0,0.0,0.1364620978182012
fbc_tfnbs,"e=1.4,h=3.0,n=30,start_thres=1.25,min_cluster_size=3",hub,0.25,50,2,40,1730,23,0,17,1730,0.575,0.0,1.0,0.0,0.1364620978182012
fbc_tfnbs,"e=1.4,h=4.0,n=30,start_thres=1.25,min_cluster_size=3",hub,0.25,50,2,40,1730,25,0,15,1730,0.625,0.0,1.0,0.0,0.1364620978182012
fbc_tfnbs,"e=1.4,h=5.0,n=30,start_thres=1.25,min_cluster_size=3",hub,0.25,50,2,40,1730,25,0,15,1730,0.625,0.0,1.0,0.0,0.1364620978182012
fbc_tfnbs,"e=1.4,h=6.0,n=30,start_thres=1.25,min_cluster_size=3",hub,0.25,50,2,40,1730,25,0,15,1730,0.625,0.0,1.0,0.0,0.1364620978182012
fbc_tfnbs,"e=1.4,h=7.0,n=30,start_thres=1.25,min_cluster_size=3",hub,0.25,50,2,40,1730,25,0,15,1730,0.625,0.0,1.0,0.0,0.1364620978182012
fbc_tfnbs,"e=1.4,h=8.0,n=30,start_thres=1.25,min_cluster_size=3",hub,0.25,50,2,40,1730,25,0,15,1730,0.625,0.0,1.0,0.0,0.1364620978182012
fbc_tfnbs,"e=1.4,h=9.0,n=30,start_thres=1.25,min_cluster_size=3",hub,0.25,50,2,40,1730,25,0,15,1730,0.625,0.0,1.0,0.0,0.1364620978182012
fbc_tfnbs,"e=1.4,h=10.0,n=30,start_thres=1.25,min_cluster_size=3",hub,0.25,50,2,40,1730,25,0,15,1730,0.625,0.0,1.0,0.0,0.1364620978182012
fbc_tfnbs,"e=1.5,h=0.5,n=30,start_thres=1.25,min_cluster_size=3",hub,0.25,50,2,40,1730,3,0,37,1730,0.075,0.0,1.0,0.0,0.1364620978182012
fbc_tfnbs,"e=1.5,h=1.0,n=30,start_thres=1.25,min_cluster_size=3",hub,0.25,50,2,40,1730,5,0,35,1730,0.125,0.0,1.0,0.0,0.1364620978182012
fbc_tfnbs,"e=1.5,h=2.0,n=30,start_thres=1.25,min_cluster_size=3",hub,0.25,50,2,40,1730,13,0,27,1730,0.325,0.0,1.0,0.0,0.1364620978182012
fbc_tfnbs,"e=1.5,h=3.0,n=30,start_thres=1.25,min_cluster_size=3",hub,0.25,50,2,40,1730,18,0,22,1730,0.45,0.0,1.0,0.0,0.1364620978182012
fbc_tfnbs,"e=1.5,h=4.0,n=30,start_thres=1.25,min_cluster_size=3",hub,0.25,50,2,40,1730,24,0,16,1730,0.6,0.0,1.0,0.0,0.1364620978182012
fbc_tfnbs,"e=1.5,h=5.0,n=30,start_thres=1.25,min_cluster_size=3",hub,0.25,50,2,40,1730,25,0,15,1730,0.625,0.0,1.0,0.0,0.1364620978182012
fbc_tfnbs,"e=1.5,h=6.0,n=30,start_thres=1.25,min_cluster_size=3",hub,0.25,50,2,40,1730,25,0,15,1730,0.625,0.0,1.0,0.0,0.1364620978182012
fbc_tfnbs,"e=1.5,h=7.0,n=30,start_thres=1.25,min_cluster_size=3",hub,0.25,50,2,40,1730,25,0,15,1730,0.625,0.0,1.0,0.0,0.1364620978182012
fbc_tfnbs,"e=1.5,h=8.0,n=30,start_thres=1.25,min_cluster_size=3",hub,0.25,50,2,40,1730,25,0,15,1730,0.625,0.0,1.0,0.0,0.1364620978182012
fbc_tfnbs,"e=1.5,h=9.0,n=30,start_thres=1.25,min_cluster_size=3",hub,0.25,50,2,40,1730,25,0,15,1730,0.625,0.0,1.0,0.0,0.1364620978182012
fbc_tfnbs,"e=1.5,h=10.0,n=30,start_thres=1.25,min_cluster_size=3",hub,0.25,50,2,40,1730,25,0,15,1730,0.625,0.0,1.0,0.0,0.1364620978182012
fbc_tfnbs,"e=0.05,h=0.5,n=30,start_thres=1.25,min_cluster_size=3",hub,0.25,50,3,40,1730,7,0,33,1730,0.175,0.0,1.0,0.0,0.1339402808384462
fbc_tfnbs,"e=0.05,h=1.0,n=30,start_thres=1.25,min_cluster_size=3",hub,0.25,50,3,40,1730,7,0,33,1730,0.175,0.0,1.0,0.0,0.1339402808384462
fbc_tfnbs,"e=0.05,h=2.0,n=30,start_thres=1.25,min_cluster_size=3",hub,0.25,50,3,40,1730,7,0,33,1730,0.175,0.0,1.0,0.0,0.1339402808384462
fbc_tfnbs,"e=0.05,h=3.0,n=30,start_thres=1.25,min_cluster_size=3",hub,0.25,50,3,40,1730,7,0,33,1730,0.175,0.0,1.0,0.0,0.1339402808384462
fbc_tfnbs,"e=0.05,h=4.0,n=30,start_thres=1.25,min_cluster_size=3",hub,0.25,50,3,40,1730,7,0,33,1730,0.175,0.0,1.0,0.0,0.1339402808384462
fbc_tfnbs,"e=0.05,h=5.0,n=30,start_thres=1.25,min_cluster_size=3",hub,0.25,50,3,40,1730,7,0,33,1730,0.175,0.0,1.0,0.0,0.1339402808384462
fbc_tfnbs,"e=0.05,h=6.0,n=30,start_thres=1.25,min_cluster_size=3",hub,0.25,50,3,40,1730,7,0,33,1730,0.175,0.0,1.0,0.0,0.1339402808384462
fbc_tfnbs,"e=0.05,h=7.0,n=30,start_thres=1.25,min_cluster_size=3",hub,0.25,50,3,40,1730,7,0,33,1730,0.175,0.0,1.0,0.0,0.1339402808384462
fbc_tfnbs,"e=0.05,h=8.0,n=30,start_thres=1.25,min_cluster_size=3",hub,0.25,50,3,40,1730,7,0,33,1730,0.175,0.0,1.0,0.0,0.1339402808384462
fbc_tfnbs,"e=0.05,h=9.0,n=30,start_thres=1.25,min_cluster_size=3",hub,0.25,50,3,40,1730,7,0,33,1730,0.175,0.0,1.0,0.0,0.1339402808384462
fbc_tfnbs,"e=0.05,h=10.0,n=30,start_thres=1.25,min_cluster_size=3",hub,0.25,50,3,40,1730,7,0,33,1730,0.175,0.0,1.0,0.0,0.1339402808384462
fbc_tfnbs,"e=0.1,h=0.5,n=30,start_thres=1.25,min_cluster_size=3",hub,0.25,50,3,40,1730,7,0,33,1730,0.175,0.0,1.0,0.0,0.1339402808384462
fbc_tfnbs,"e=0.1,h=1.0,n=30,start_thres=1.25,min_cluster_size=3",hub,0.25,50,3,40,1730,7,0,33,1730,0.175,0.0,1.0,0.0,0.1339402808384462
fbc_tfnbs,"e=0.1,h=2.0,n=30,start_thres=1.25,min_cluster_size=3",hub,0.25,50,3,40,1730,7,0,33,1730,0.175,0.0,1.0,0.0,0.1339402808384462
fbc_tfnbs,"e=0.1,h=3.0,n=30,start_thres=1.25,min_cluster_size=3",hub,0.25,50,3,40,1730,7,0,33,1730,0.175,0.0,1.0,0.0,0.1339402808384462
fbc_tfnbs,"e=0.1,h=4.0,n=30,start_thres=1.25,min_cluster_size=3",hub,0.25,50,3,40,1730,7,0,33,1730,0.175,0.0,1.0,0.0,0.1339402808384462
fbc_tfnbs,"e=0.1,h=5.0,n=30,start_thres=1.25,min_cluster_size=3",hub,0.25,50,3,40,1730,7,0,33,1730,0.175,0.0,1.0,0.0,0.1339402808384462
fbc_tfnbs,"e=0.1,h=6.0,n=30,start_thres=1.25,min_cluster_size=3",hub,0.25,50,3,40,1730,7,0,33,1730,0.175,0.0,1.0,0.0,0.1339402808384462
fbc_tfnbs,"e=0.1,h=7.0,n=30,start_thres=1.25,min_cluster_size=3",hub,0.25,50,3,40,1730,7,0,33,1730,0.175,0.0,1.0,0.0,0.1339402808384462
fbc_tfnbs,"e=0.1,h=8.0,n=30,start_thres=1.25,min_cluster_size=3",hub,0.25,50,3,40,1730,7,0,33,1730,0.175,0.0,1.0,0.0,0.1339402808384462
fbc_tfnbs,"e=0.1,h=9.0,n=30,start_thres=1.25,min_cluster_size=3",hub,0.25,50,3,40,1730,7,0,33,1730,0.175,0.0,1.0,0.0,0.1339402808384462
fbc_tfnbs,"e=0.1,h=10.0,n=30,start_thres=1.25,min_cluster_size=3",hub,0.25,50,3,40,1730,7,0,33,1730,0.175,0.0,1.0,0.0,0.1339402808384462
fbc_tfnbs,"e=0.2,h=0.5,n=30,start_thres=1.25,min_cluster_size=3",hub,0.25,50,3,40,1730,7,0,33,1730,0.175,0.0,1.0,0.0,0.1339402808384462
fbc_tfnbs,"e=0.2,h=1.0,n=30,start_thres=1.25,min_cluster_size=3",hub,0.25,50,3,40,1730,7,0,33,1730,0.175,0.0,1.0,0.0,0.1339402808384462
fbc_tfnbs,"e=0.2,h=2.0,n=30,start_thres=1.25,min_cluster_size=3",hub,0.25,50,3,40,1730,7,0,33,1730,0.175,0.0,1.0,0.0,0.1339402808384462
fbc_tfnbs,"e=0.2,h=3.0,n=30,start_thres=1.25,min_cluster_size=3",hub,0.25,50,3,40,1730,7,0,33,1730,0.175,0.0,1.0,0.0,0.1339402808384462
fbc_tfnbs,"e=0.2,h=4.0,n=30,start_thres=1.25,min_cluster_size=3",hub,0.25,50,3,40,1730,7,0,33,1730,0.175,0.0,1.0,0.0,0.1339402808384462
fbc_tfnbs,"e=0.2,h=5.0,n=30,start_thres=1.25,min_cluster_size=3",hub,0.25,50,3,40,1730,7,0,33,1730,0.175,0.0,1.0,0.0,0.1339402808384462
fbc_tfnbs,"e=0.2,h=6.0,n=30,start_thres=1.25,min_cluster_size=3",hub,0.25,50,3,40,1730,7,0,33,1730,0.175,0.0,1.0,0.0,0.1339402808384462
fbc_tfnbs,"e=0.2,h=7.0,n=30,start_thres=1.25,min_cluster_size=3",hub,0.25,50,3,40,1730,7,0,33,1730,0.175,0.0,1.0,0.0,0.1339402808384462
fbc_tfnbs,"e=0.2,h=8.0,n=30,start_thres=1.25,min_cluster_size=3",hub,0.25,50,3,40,1730,7,0,33,1730,0.175,0.0,1.0,0.0,0.1339402808384462
fbc_tfnbs,"e=0.2,h=9.0,n=30,start_thres=1.25,min_cluster_size=3",hub,0.25,50,3,40,1730,7,0,33,1730,0.175,0.0,1.0,0.0,0.1339402808384462
fbc_tfnbs,"e=0.2,h=10.0,n=30,start_thres=1.25,min_cluster_size=3",hub,0.25,50,3,40,1730,7,0,33,1730,0.175,0.0,1.0,0.0,0.1339402808384462
fbc_tfnbs,"e=0.3,h=0.5,n=30,start_thres=1.25,min_cluster_size=3",hub,0.25,50,3,40,1730,7,0,33,1730,0.175,0.0,1.0,0.0,0.1339402808384462
fbc_tfnbs,"e=0.3,h=1.0,n=30,start_thres=1.25,min_cluster_size=3",hub,0.25,50,3,40,1730,7,0,33,1730,0.175,0.0,1.0,0.0,0.1339402808384462
fbc_tfnbs,"e=0.3,h=2.0,n=30,start_thres=1.25,min_cluster_size=3",hub,0.25,50,3,40,1730,7,0,33,1730,0.175,0.0,1.0,0.0,0.1339402808384462
fbc_tfnbs,"e=0.3,h=3.0,n=30,start_thres=1.25,min_cluster_size=3",hub,0.25,50,3,40,1730,7,0,33,1730,0.175,0.0,1.0,0.0,0.1339402808384462
fbc_tfnbs,"e=0.3,h=4.0,n=30,start_thres=1.25,min_cluster_size=3",hub,0.25,50,3,40,1730,7,0,33,1730,0.175,0.0,1.0,0.0,0.1339402808384462
fbc_tfnbs,"e=0.3,h=5.0,n=30,start_thres=1.25,min_cluster_size=3",hub,0.25,50,3,40,1730,7,0,33,1730,0.175,0.0,1.0,0.0,0.1339402808384462
fbc_tfnbs,"e=0.3,h=6.0,n=30,start_thres=1.25,min_cluster_size=3",hub,0.25,50,3,40,1730,7,0,33,1730,0.175,0.0,1.0,0.0,0.1339402808384462
fbc_tfnbs,"e=0.3,h=7.0,n=30,start_thres=1.25,min_cluster_size=3",hub,0.25,50,3,40,1730,7,0,33,1730,0.175,0.0,1.0,0.0,0.1339402808384462
fbc_tfnbs,"e=0.3,h=8.0,n=30,start_thres=1.25,min_cluster_size=3",hub,0.25,50,3,40,1730,7,0,33,1730,0.175,0.0,1.0,0.0,0.1339402808384462
fbc_tfnbs,"e=0.3,h=9.0,n=30,start_thres=1.25,min_cluster_size=3",hub,0.25,50,3,40,1730,7,0,33,1730,0.175,0.0,1.0,0.0,0.1339402808384462
fbc_tfnbs,"e=0.3,h=10.0,n=30,start_thres=1.25,min_cluster_size=3",hub,0.25,50,3,40,1730,7,0,33,1730,0.175,0.0,1.0,0.0,0.1339402808384462
fbc_tfnbs,"e=0.4,h=0.5,n=30,start_thres=1.25,min_cluster_size=3",hub,0.25,50,3,40,1730,7,0,33,1730,0.175,0.0,1.0,0.0,0.1339402808384462
fbc_tfnbs,"e=0.4,h=1.0,n=30,start_thres=1.25,min_cluster_size=3",hub,0.25,50,3,40,1730,7,0,33,1730,0.175,0.0,1.0,0.0,0.1339402808384462
fbc_tfnbs,"e=0.4,h=2.0,n=30,start_thres=1.25,min_cluster_size=3",hub,0.25,50,3,40,1730,7,0,33,1730,0.175,0.0,1.0,0.0,0.1339402808384462
fbc_tfnbs,"e=0.4,h=3.0,n=30,start_thres=1.25,min_cluster_size=3",hub,0.25,50,3,40,1730,7,0,33,1730,0.175,0.0,1.0,0.0,0.1339402808384462
fbc_tfnbs,"e=0.4,h=4.0,n=30,start_thres=1.25,min_cluster_size=3",hub,0.25,50,3,40,1730,11,1,29,1729,0.275,0.0005780346820809,0.9166666666666666,0.0833333333333333,0.1339402808384462
fbc_tfnbs,"e=0.4,h=5.0,n=30,start_thres=1.25,min_cluster_size=3",hub,0.25,50,3,40,1730,11,1,29,1729,0.275,0.0005780346820809,0.9166666666666666,0.0833333333333333,0.1339402808384462
fbc_tfnbs,"e=0.4,h=6.0,n=30,start_thres=1.25,min_cluster_size=3",hub,0.25,50,3,40,1730,11,1,29,1729,0.275,0.0005780346820809,0.9166666666666666,0.0833333333333333,0.1339402808384462
fbc_tfnbs,"e=0.4,h=7.0,n=30,start_thres=1.25,min_cluster_size=3",hub,0.25,50,3,40,1730,11,1,29,1729,0.275,0.0005780346820809,0.9166666666666666,0.0833333333333333,0.1339402808384462
fbc_tfnbs,"e=0.4,h=8.0,n=30,start_thres=1.25,min_cluster_size=3",hub,0.25,50,3,40,1730,11,1,29,1729,0.275,0.0005780346820809,0.9166666666666666,0.0833333333333333,0.1339402808384462
fbc_tfnbs,"e=0.4,h=9.0,n=30,start_thres=1.25,min_cluster_size=3",hub,0.25,50,3,40,1730,7,0,33,1730,0.175,0.0,1.0,0.0,0.1339402808384462
fbc_tfnbs,"e=0.4,h=10.0,n=30,start_thres=1.25,min_cluster_size=3",hub,0.25,50,3,40,1730,7,0,33,1730,0.175,0.0,1.0,0.0,0.1339402808384462
fbc_tfnbs,"e=0.5,h=0.5,n=30,start_thres=1.25,min_cluster_size=3",hub,0.25,50,3,40,1730,7,0,33,1730,0.175,0.0,1.0,0.0,0.1339402808384462
fbc_tfnbs,"e=0.5,h=1.0,n=30,start_thres=1.25,min_cluster_size=3",hub,0.25,50,3,40,1730,7,0,33,1730,0.175,0.0,1.0,0.0,0.1339402808384462
fbc_tfnbs,"e=0.5,h=2.0,n=30,start_thres=1.25,min_cluster_size=3",hub,0.25,50,3,40,1730,7,0,33,1730,0.175,0.0,1.0,0.0,0.1339402808384462
fbc_tfnbs,"e=0.5,h=3.0,n=30,start_thres=1.25,min_cluster_size=3",hub,0.25,50,3,40,1730,7,0,33,1730,0.175,0.0,1.0,0.0,0.1339402808384462
fbc_tfnbs,"e=0.5,h=4.0,n=30,start_thres=1.25,min_cluster_size=3",hub,0.25,50,3,40,1730,11,1,29,1729,0.275,0.0005780346820809,0.9166666666666666,0.0833333333333333,0.1339402808384462
fbc_tfnbs,"e=0.5,h=5.0,n=30,start_thres=1.25,min_cluster_size=3",hub,0.25,50,3,40,1730,11,1,29,1729,0.275,0.0005780346820809,0.9166666666666666,0.0833333333333333,0.1339402808384462
fbc_tfnbs,"e=0.5,h=6.0,n=30,start_thres=1.25,min_cluster_size=3",hub,0.25,50,3,40,1730,11,1,29,1729,0.275,0.0005780346820809,0.9166666666666666,0.0833333333333333,0.1339402808384462
fbc_tfnbs,"e=0.5,h=7.0,n=30,start_thres=1.25,min_cluster_size=3",hub,0.25,50,3,40,1730,11,1,29,1729,0.275,0.0005780346820809,0.9166666666666666,0.0833333333333333,0.1339402808384462
fbc_tfnbs,"e=0.5,h=8.0,n=30,start_thres=1.25,min_cluster_size=3",hub,0.25,50,3,40,1730,11,1,29,1729,0.275,0.0005780346820809,0.9166666666666666,0.0833333333333333,0.1339402808384462
fbc_tfnbs,"e=0.5,h=9.0,n=30,start_thres=1.25,min_cluster_size=3",hub,0.25,50,3,40,1730,11,1,29,1729,0.275,0.0005780346820809,0.9166666666666666,0.0833333333333333,0.1339402808384462
fbc_tfnbs,"e=0.5,h=10.0,n=30,start_thres=1.25,min_cluster_size=3",hub,0.25,50,3,40,1730,11,1,29,1729,0.275,0.0005780346820809,0.9166666666666666,0.0833333333333333,0.1339402808384462
fbc_tfnbs,"e=0.6,h=0.5,n=30,start_thres=1.25,min_cluster_size=3",hub,0.25,50,3,40,1730,7,0,33,1730,0.175,0.0,1.0,0.0,0.1339402808384462
fbc_tfnbs,"e=0.6,h=1.0,n=30,start_thres=1.25,min_cluster_size=3",hub,0.25,50,3,40,1730,7,0,33,1730,0.175,0.0,1.0,0.0,0.1339402808384462
fbc_tfnbs,"e=0.6,h=2.0,n=30,start_thres=1.25,min_cluster_size=3",hub,0.25,50,3,40,1730,7,0,33,1730,0.175,0.0,1.0,0.0,0.1339402808384462
fbc_tfnbs,"e=0.6,h=3.0,n=30,start_thres=1.25,min_cluster_size=3",hub,0.25,50,3,40,1730,7,0,33,1730,0.175,0.0,1.0,0.0,0.1339402808384462
fbc_tfnbs,"e=0.6,h=4.0,n=30,start_thres=1.25,min_cluster_size=3",hub,0.25,50,3,40,1730,11,1,29,1729,0.275,0.0005780346820809,0.9166666666666666,0.0833333333333333,0.1339402808384462
fbc_tfnbs,"e=0.6,h=5.0,n=30,start_thres=1.25,min_cluster_size=3",hub,0.25,50,3,40,1730,11,1,29,1729,0.275,0.0005780346820809,0.9166666666666666,0.0833333333333333,0.1339402808384462
fbc_tfnbs,"e=0.6,h=6.0,n=30,start_thres=1.25,min_cluster_size=3",hub,0.25,50,3,40,1730,11,1,29,1729,0.275,0.0005780346820809,0.9166666666666666,0.0833333333333333,0.1339402808384462
fbc_tfnbs,"e=0.6,h=7.0,n=30,start_thres=1.25,min_cluster_size=3",hub,0.25,50,3,40,1730,11,1,29,1729,0.275,0.0005780346820809,0.9166666666666666,0.0833333333333333,0.1339402808384462
fbc_tfnbs,"e=0.6,h=8.0,n=30,start_thres=1.25,min_cluster_size=3",hub,0.25,50,3,40,1730,11,1,29,1729,0.275,0.0005780346820809,0.9166666666666666,0.0833333333333333,0.1339402808384462
fbc_tfnbs,"e=0.6,h=9.0,n=30,start_thres=1.25,min_cluster_size=3",hub,0.25,50,3,40,1730,11,1,29,1729,0.275,0.0005780346820809,0.9166666666666666,0.0833333333333333,0.1339402808384462
fbc_tfnbs,"e=0.6,h=10.0,n=30,start_thres=1.25,min_cluster_size=3",hub,0.25,50,3,40,1730,11,1,29,1729,0.275,0.0005780346820809,0.9166666666666666,0.0833333333333333,0.1339402808384462
fbc_tfnbs,"e=0.7,h=0.5,n=30,start_thres=1.25,min_cluster_size=3",hub,0.25,50,3,40,1730,7,0,33,1730,0.175,0.0,1.0,0.0,0.1339402808384462
fbc_tfnbs,"e=0.7,h=1.0,n=30,start_thres=1.25,min_cluster_size=3",hub,0.25,50,3,40,1730,7,0,33,1730,0.175,0.0,1.0,0.0,0.1339402808384462
fbc_tfnbs,"e=0.7,h=2.0,n=30,start_thres=1.25,min_cluster_size=3",hub,0.25,50,3,40,1730,7,0,33,1730,0.175,0.0,1.0,0.0,0.1339402808384462
fbc_tfnbs,"e=0.7,h=3.0,n=30,start_thres=1.25,min_cluster_size=3",hub,0.25,50,3,40,1730,7,0,33,1730,0.175,0.0,1.0,0.0,0.1339402808384462
fbc_tfnbs,"e=0.7,h=4.0,n=30,start_thres=1.25,min_cluster_size=3",hub,0.25,50,3,40,1730,7,0,33,1730,0.175,0.0,1.0,0.0,0.1339402808384462
fbc_tfnbs,"e=0.7,h=5.0,n=30,start_thres=1.25,min_cluster_size=3",hub,0.25,50,3,40,1730,11,1,29,1729,0.275,0.0005780346820809,0.9166666666666666,0.0833333333333333,0.1339402808384462
fbc_tfnbs,"e=0.7,h=6.0,n=30,start_thres=1.25,min_cluster_size=3",hub,0.25,50,3,40,1730,11,1,29,1729,0.275,0.0005780346820809,0.9166666666666666,0.0833333333333333,0.1339402808384462
fbc_tfnbs,"e=0.7,h=7.0,n=30,start_thres=1.25,min_cluster_size=3",hub,0.25,50,3,40,1730,11,1,29,1729,0.275,0.0005780346820809,0.9166666666666666,0.0833333333333333,0.1339402808384462
fbc_tfnbs,"e=0.7,h=8.0,n=30,start_thres=1.25,min_cluster_size=3",hub,0.25,50,3,40,1730,11,1,29,1729,0.275,0.0005780346820809,0.9166666666666666,0.0833333333333333,0.1339402808384462
fbc_tfnbs,"e=0.7,h=9.0,n=30,start_thres=1.25,min_cluster_size=3",hub,0.25,50,3,40,1730,11,1,29,1729,0.275,0.0005780346820809,0.9166666666666666,0.0833333333333333,0.1339402808384462
fbc_tfnbs,"e=0.7,h=10.0,n=30,start_thres=1.25,min_cluster_size=3",hub,0.25,50,3,40,1730,11,1,29,1729,0.275,0.0005780346820809,0.9166666666666666,0.0833333333333333,0.1339402808384462
fbc_tfnbs,"e=0.8,h=0.5,n=30,start_thres=1.25,min_cluster_size=3",hub,0.25,50,3,40,1730,7,0,33,1730,0.175,0.0,1.0,0.0,0.1339402808384462
fbc_tfnbs,"e=0.8,h=1.0,n=30,start_thres=1.25,min_cluster_size=3",hub,0.25,50,3,40,1730,7,0,33,1730,0.175,0.0,1.0,0.0,0.1339402808384462
fbc_tfnbs,"e=0.8,h=2.0,n=30,start_thres=1.25,min_cluster_size=3",hub,0.25,50,3,40,1730,7,0,33,1730,0.175,0.0,1.0,0.0,0.1339402808384462
fbc_tfnbs,"e=0.8,h=3.0,n=30,start_thres=1.25,min_cluster_size=3",hub,0.25,50,3,40,1730,7,0,33,1730,0.175,0.0,1.0,0.0,0.1339402808384462
fbc_tfnbs,"e=0.8,h=4.0,n=30,start_thres=1.25,min_cluster_size=3",hub,0.25,50,3,40,1730,7,0,33,1730,0.175,0.0,1.0,0.0,0.1339402808384462
fbc_tfnbs,"e=0.8,h=5.0,n=30,start_thres=1.25,min_cluster_size=3",hub,0.25,50,3,40,1730,11,1,29,1729,0.275,0.0005780346820809,0.9166666666666666,0.0833333333333333,0.1339402808384462
fbc_tfnbs,"e=0.8,h=6.0,n=30,start_thres=1.25,min_cluster_size=3",hub,0.25,50,3,40,1730,11,1,29,1729,0.275,0.0005780346820809,0.9166666666666666,0.0833333333333333,0.1339402808384462
fbc_tfnbs,"e=0.8,h=7.0,n=30,start_thres=1.25,min_cluster_size=3",hub,0.25,50,3,40,1730,11,1,29,1729,0.275,0.0005780346820809,0.9166666666666666,0.0833333333333333,0.1339402808384462
fbc_tfnbs,"e=0.8,h=8.0,n=30,start_thres=1.25,min_cluster_size=3",hub,0.25,50,3,40,1730,11,1,29,1729,0.275,0.0005780346820809,0.9166666666666666,0.0833333333333333,0.1339402808384462
fbc_tfnbs,"e=0.8,h=9.0,n=30,start_thres=1.25,min_cluster_size=3",hub,0.25,50,3,40,1730,11,1,29,1729,0.275,0.0005780346820809,0.9166666666666666,0.0833333333333333,0.1339402808384462
fbc_tfnbs,"e=0.8,h=10.0,n=30,start_thres=1.25,min_cluster_size=3",hub,0.25,50,3,40,1730,11,1,29,1729,0.275,0.0005780346820809,0.9166666666666666,0.0833333333333333,0.1339402808384462
fbc_tfnbs,"e=0.9,h=0.5,n=30,start_thres=1.25,min_cluster_size=3",hub,0.25,50,3,40,1730,5,0,35,1730,0.125,0.0,1.0,0.0,0.1339402808384462
fbc_tfnbs,"e=0.9,h=1.0,n=30,start_thres=1.25,min_cluster_size=3",hub,0.25,50,3,40,1730,7,0,33,1730,0.175,0.0,1.0,0.0,0.1339402808384462
fbc_tfnbs,"e=0.9,h=2.0,n=30,start_thres=1.25,min_cluster_size=3",hub,0.25,50,3,40,1730,7,0,33,1730,0.175,0.0,1.0,0.0,0.1339402808384462
fbc_tfnbs,"e=0.9,h=3.0,n=30,start_thres=1.25,min_cluster_size=3",hub,0.25,50,3,40,1730,7,0,33,1730,0.175,0.0,1.0,0.0,0.1339402808384462
fbc_tfnbs,"e=0.9,h=4.0,n=30,start_thres=1.25,min_cluster_size=3",hub,0.25,50,3,40,1730,7,0,33,1730,0.175,0.0,1.0,0.0,0.1339402808384462
fbc_tfnbs,"e=0.9,h=5.0,n=30,start_thres=1.25,min_cluster_size=3",hub,0.25,50,3,40,1730,7,0,33,1730,0.175,0.0,1.0,0.0,0.1339402808384462
fbc_tfnbs,"e=0.9,h=6.0,n=30,start_thres=1.25,min_cluster_size=3",hub,0.25,50,3,40,1730,11,1,29,1729,0.275,0.0005780346820809,0.9166666666666666,0.0833333333333333,0.1339402808384462
fbc_tfnbs,"e=0.9,h=7.0,n=30,start_thres=1.25,min_cluster_size=3",hub,0.25,50,3,40,1730,11,1,29,1729,0.275,0.0005780346820809,0.9166666666666666,0.0833333333333333,0.1339402808384462
fbc_tfnbs,"e=0.9,h=8.0,n=30,start_thres=1.25,min_cluster_size=3",hub,0.25,50,3,40,1730,11,1,29,1729,0.275,0.0005780346820809,0.9166666666666666,0.0833333333333333,0.1339402808384462
fbc_tfnbs,"e=0.9,h=9.0,n=30,start_thres=1.25,min_cluster_size=3",hub,0.25,50,3,40,1730,11,1,29,1729,0.275,0.0005780346820809,0.9166666666666666,0.0833333333333333,0.1339402808384462
fbc_tfnbs,"e=0.9,h=10.0,n=30,start_thres=1.25,min_cluster_size=3",hub,0.25,50,3,40,1730,11,1,29,1729,0.275,0.0005780346820809,0.9166666666666666,0.0833333333333333,0.1339402808384462
fbc_tfnbs,"e=1.0,h=0.5,n=30,start_thres=1.25,min_cluster_size=3",hub,0.25,50,3,40,1730,3,0,37,1730,0.075,0.0,1.0,0.0,0.1339402808384462
fbc_tfnbs,"e=1.0,h=1.0,n=30,start_thres=1.25,min_cluster_size=3",hub,0.25,50,3,40,1730,5,0,35,1730,0.125,0.0,1.0,0.0,0.1339402808384462
fbc_tfnbs,"e=1.0,h=2.0,n=30,start_thres=1.25,min_cluster_size=3",hub,0.25,50,3,40,1730,7,0,33,1730,0.175,0.0,1.0,0.0,0.1339402808384462
fbc_tfnbs,"e=1.0,h=3.0,n=30,start_thres=1.25,min_cluster_size=3",hub,0.25,50,3,40,1730,7,0,33,1730,0.175,0.0,1.0,0.0,0.1339402808384462
fbc_tfnbs,"e=1.0,h=4.0,n=30,start_thres=1.25,min_cluster_size=3",hub,0.25,50,3,40,1730,7,0,33,1730,0.175,0.0,1.0,0.0,0.1339402808384462
fbc_tfnbs,"e=1.0,h=5.0,n=30,start_thres=1.25,min_cluster_size=3",hub,0.25,50,3,40,1730,7,0,33,1730,0.175,0.0,1.0,0.0,0.1339402808384462
fbc_tfnbs,"e=1.0,h=6.0,n=30,start_thres=1.25,min_cluster_size=3",hub,0.25,50,3,40,1730,11,1,29,1729,0.275,0.0005780346820809,0.9166666666666666,0.0833333333333333,0.1339402808384462
fbc_tfnbs,"e=1.0,h=7.0,n=30,start_thres=1.25,min_cluster_size=3",hub,0.25,50,3,40,1730,11,1,29,1729,0.275,0.0005780346820809,0.9166666666666666,0.0833333333333333,0.1339402808384462
fbc_tfnbs,"e=1.0,h=8.0,n=30,start_thres=1.25,min_cluster_size=3",hub,0.25,50,3,40,1730,11,1,29,1729,0.275,0.0005780346820809,0.9166666666666666,0.0833333333333333,0.1339402808384462
fbc_tfnbs,"e=1.0,h=9.0,n=30,start_thres=1.25,min_cluster_size=3",hub,0.25,50,3,40,1730,11,1,29,1729,0.275,0.0005780346820809,0.9166666666666666,0.0833333333333333,0.1339402808384462
fbc_tfnbs,"e=1.0,h=10.0,n=30,start_thres=1.25,min_cluster_size=3",hub,0.25,50,3,40,1730,11,1,29,1729,0.275,0.0005780346820809,0.9166666666666666,0.0833333333333333,0.1339402808384462
fbc_tfnbs,"e=1.1,h=0.5,n=30,start_thres=1.25,min_cluster_size=3",hub,0.25,50,3,40,1730,3,0,37,1730,0.075,0.0,1.0,0.0,0.1339402808384462
fbc_tfnbs,"e=1.1,h=1.0,n=30,start_thres=1.25,min_cluster_size=3",hub,0.25,50,3,40,1730,4,0,36,1730,0.1,0.0,1.0,0.0,0.1339402808384462
fbc_tfnbs,"e=1.1,h=2.0,n=30,start_thres=1.25,min_cluster_size=3",hub,0.25,50,3,40,1730,7,0,33,1730,0.175,0.0,1.0,0.0,0.1339402808384462
fbc_tfnbs,"e=1.1,h=3.0,n=30,start_thres=1.25,min_cluster_size=3",hub,0.25,50,3,40,1730,7,0,33,1730,0.175,0.0,1.0,0.0,0.1339402808384462
fbc_tfnbs,"e=1.1,h=4.0,n=30,start_thres=1.25,min_cluster_size=3",hub,0.25,50,3,40,1730,7,0,33,1730,0.175,0.0,1.0,0.0,0.1339402808384462
fbc_tfnbs,"e=1.1,h=5.0,n=30,start_thres=1.25,min_cluster_size=3",hub,0.25,50,3,40,1730,7,0,33,1730,0.175,0.0,1.0,0.0,0.1339402808384462
fbc_tfnbs,"e=1.1,h=6.0,n=30,start_thres=1.25,min_cluster_size=3",hub,0.25,50,3,40,1730,11,1,29,1729,0.275,0.0005780346820809,0.9166666666666666,0.0833333333333333,0.1339402808384462
fbc_tfnbs,"e=1.1,h=7.0,n=30,start_thres=1.25,min_cluster_size=3",hub,0.25,50,3,40,1730,11,1,29,1729,0.275,0.0005780346820809,0.9166666666666666,0.0833333333333333,0.1339402808384462
fbc_tfnbs,"e=1.1,h=8.0,n=30,start_thres=1.25,min_cluster_size=3",hub,0.25,50,3,40,1730,11,1,29,1729,0.275,0.0005780346820809,0.9166666666666666,0.0833333333333333,0.1339402808384462
fbc_tfnbs,"e=1.1,h=9.0,n=30,start_thres=1.25,min_cluster_size=3",hub,0.25,50,3,40,1730,11,1,29,1729,0.275,0.0005780346820809,0.9166666666666666,0.0833333333333333,0.1339402808384462
fbc_tfnbs,"e=1.1,h=10.0,n=30,start_thres=1.25,min_cluster_size=3",hub,0.25,50,3,40,1730,11,1,29,1729,0.275,0.0005780346820809,0.9166666666666666,0.0833333333333333,0.1339402808384462
fbc_tfnbs,"e=1.2,h=0.5,n=30,start_thres=1.25,min_cluster_size=3",hub,0.25,50,3,40,1730,0,0,40,1730,0.0,0.0,0.0,0.0,0.1339402808384462
fbc_tfnbs,"e=1.2,h=1.0,n=30,start_thres=1.25,min_cluster_size=3",hub,0.25,50,3,40,1730,3,0,37,1730,0.075,0.0,1.0,0.0,0.1339402808384462
fbc_tfnbs,"e=1.2,h=2.0,n=30,start_thres=1.25,min_cluster_size=3",hub,0.25,50,3,40,1730,7,0,33,1730,0.175,0.0,1.0,0.0,0.1339402808384462
fbc_tfnbs,"e=1.2,h=3.0,n=30,start_thres=1.25,min_cluster_size=3",hub,0.25,50,3,40,1730,7,0,33,1730,0.175,0.0,1.0,0.0,0.1339402808384462
fbc_tfnbs,"e=1.2,h=4.0,n=30,start_thres=1.25,min_cluster_size=3",hub,0.25,50,3,40,1730,7,0,33,1730,0.175,0.0,1.0,0.0,0.1339402808384462
fbc_tfnbs,"e=1.2,h=5.0,n=30,start_thres=1.25,min_cluster_size=3",hub,0.25,50,3,40,1730,7,0,33,1730,0.175,0.0,1.0,0.0,0.1339402808384462
fbc_tfnbs,"e=1.2,h=6.0,n=30,start_thres=1.25,min_cluster_size=3",hub,0.25,50,3,40,1730,11,1,29,1729,0.275,0.0005780346820809,0.9166666666666666,0.0833333333333333,0.1339402808384462
fbc_tfnbs,"e=1.2,h=7.0,n=30,start_thres=1.25,min_cluster_size=3",hub,0.25,50,3,40,1730,11,1,29,1729,0.275,0.0005780346820809,0.9166666666666666,0.0833333333333333,0.1339402808384462
fbc_tfnbs,"e=1.2,h=8.0,n=30,start_thres=1.25,min_cluster_size=3",hub,0.25,50,3,40,1730,11,1,29,1729,0.275,0.0005780346820809,0.9166666666666666,0.0833333333333333,0.1339402808384462
fbc_tfnbs,"e=1.2,h=9.0,n=30,start_thres=1.25,min_cluster_size=3",hub,0.25,50,3,40,1730,11,1,29,1729,0.275,0.0005780346820809,0.9166666666666666,0.0833333333333333,0.1339402808384462
fbc_tfnbs,"e=1.2,h=10.0,n=30,start_thres=1.25,min_cluster_size=3",hub,0.25,50,3,40,1730,11,1,29,1729,0.275,0.0005780346820809,0.9166666666666666,0.0833333333333333,0.1339402808384462
fbc_tfnbs,"e=1.3,h=0.5,n=30,start_thres=1.25,min_cluster_size=3",hub,0.25,50,3,40,1730,0,0,40,1730,0.0,0.0,0.0,0.0,0.1339402808384462
fbc_tfnbs,"e=1.3,h=1.0,n=30,start_thres=1.25,min_cluster_size=3",hub,0.25,50,3,40,1730,3,0,37,1730,0.075,0.0,1.0,0.0,0.1339402808384462
fbc_tfnbs,"e=1.3,h=2.0,n=30,start_thres=1.25,min_cluster_size=3",hub,0.25,50,3,40,1730,5,0,35,1730,0.125,0.0,1.0,0.0,0.1339402808384462
fbc_tfnbs,"e=1.3,h=3.0,n=30,start_thres=1.25,min_cluster_size=3",hub,0.25,50,3,40,1730,7,0,33,1730,0.175,0.0,1.0,0.0,0.1339402808384462
fbc_tfnbs,"e=1.3,h=4.0,n=30,start_thres=1.25,min_cluster_size=3",hub,0.25,50,3,40,1730,7,0,33,1730,0.175,0.0,1.0,0.0,0.1339402808384462
fbc_tfnbs,"e=1.3,h=5.0,n=30,start_thres=1.25,min_cluster_size=3",hub,0.25,50,3,40,1730,7,0,33,1730,0.175,0.0,1.0,0.0,0.1339402808384462
fbc_tfnbs,"e=1.3,h=6.0,n=30,start_thres=1.25,min_cluster_size=3",hub,0.25,50,3,40,1730,11,1,29,1729,0.275,0.0005780346820809,0.9166666666666666,0.0833333333333333,0.1339402808384462
fbc_tfnbs,"e=1.3,h=7.0,n=30,start_thres=1.25,min_cluster_size=3",hub,0.25,50,3,40,1730,11,1,29,1729,0.275,0.0005780346820809,0.9166666666666666,0.0833333333333333,0.1339402808384462
fbc_tfnbs,"e=1.3,h=8.0,n=30,start_thres=1.25,min_cluster_size=3",hub,0.25,50,3,40,1730,11,1,29,1729,0.275,0.0005780346820809,0.9166666666666666,0.0833333333333333,0.1339402808384462
fbc_tfnbs,"e=1.3,h=9.0,n=30,start_thres=1.25,min_cluster_size=3",hub,0.25,50,3,40,1730,11,2,29,1728,0.275,0.0011560693641618,0.8461538461538461,0.1538461538461538,0.1339402808384462
fbc_tfnbs,"e=1.3,h=10.0,n=30,start_thres=1.25,min_cluster_size=3",hub,0.25,50,3,40,1730,11,2,29,1728,0.275,0.0011560693641618,0.8461538461538461,0.1538461538461538,0.1339402808384462
fbc_tfnbs,"e=1.4,h=0.5,n=30,start_thres=1.25,min_cluster_size=3",hub,0.25,50,3,40,1730,0,0,40,1730,0.0,0.0,0.0,0.0,0.1339402808384462
fbc_tfnbs,"e=1.4,h=1.0,n=30,start_thres=1.25,min_cluster_size=3",hub,0.25,50,3,40,1730,0,0,40,1730,0.0,0.0,0.0,0.0,0.1339402808384462
fbc_tfnbs,"e=1.4,h=2.0,n=30,start_thres=1.25,min_cluster_size=3",hub,0.25,50,3,40,1730,4,0,36,1730,0.1,0.0,1.0,0.0,0.1339402808384462
fbc_tfnbs,"e=1.4,h=3.0,n=30,start_thres=1.25,min_cluster_size=3",hub,0.25,50,3,40,1730,7,0,33,1730,0.175,0.0,1.0,0.0,0.1339402808384462
fbc_tfnbs,"e=1.4,h=4.0,n=30,start_thres=1.25,min_cluster_size=3",hub,0.25,50,3,40,1730,7,0,33,1730,0.175,0.0,1.0,0.0,0.1339402808384462
fbc_tfnbs,"e=1.4,h=5.0,n=30,start_thres=1.25,min_cluster_size=3",hub,0.25,50,3,40,1730,7,0,33,1730,0.175,0.0,1.0,0.0,0.1339402808384462
fbc_tfnbs,"e=1.4,h=6.0,n=30,start_thres=1.25,min_cluster_size=3",hub,0.25,50,3,40,1730,11,1,29,1729,0.275,0.0005780346820809,0.9166666666666666,0.0833333333333333,0.1339402808384462
fbc_tfnbs,"e=1.4,h=7.0,n=30,start_thres=1.25,min_cluster_size=3",hub,0.25,50,3,40,1730,11,1,29,1729,0.275,0.0005780346820809,0.9166666666666666,0.0833333333333333,0.1339402808384462
fbc_tfnbs,"e=1.4,h=8.0,n=30,start_thres=1.25,min_cluster_size=3",hub,0.25,50,3,40,1730,11,1,29,1729,0.275,0.0005780346820809,0.9166666666666666,0.0833333333333333,0.1339402808384462
fbc_tfnbs,"e=1.4,h=9.0,n=30,start_thres=1.25,min_cluster_size=3",hub,0.25,50,3,40,1730,11,1,29,1729,0.275,0.0005780346820809,0.9166666666666666,0.0833333333333333,0.1339402808384462
fbc_tfnbs,"e=1.4,h=10.0,n=30,start_thres=1.25,min_cluster_size=3",hub,0.25,50,3,40,1730,11,2,29,1728,0.275,0.0011560693641618,0.8461538461538461,0.1538461538461538,0.1339402808384462
fbc_tfnbs,"e=1.5,h=0.5,n=30,start_thres=1.25,min_cluster_size=3",hub,0.25,50,3,40,1730,0,0,40,1730,0.0,0.0,0.0,0.0,0.1339402808384462
fbc_tfnbs,"e=1.5,h=1.0,n=30,start_thres=1.25,min_cluster_size=3",hub,0.25,50,3,40,1730,0,0,40,1730,0.0,0.0,0.0,0.0,0.1339402808384462
fbc_tfnbs,"e=1.5,h=2.0,n=30,start_thres=1.25,min_cluster_size=3",hub,0.25,50,3,40,1730,3,0,37,1730,0.075,0.0,1.0,0.0,0.1339402808384462
fbc_tfnbs,"e=1.5,h=3.0,n=30,start_thres=1.25,min_cluster_size=3",hub,0.25,50,3,40,1730,7,0,33,1730,0.175,0.0,1.0,0.0,0.1339402808384462
fbc_tfnbs,"e=1.5,h=4.0,n=30,start_thres=1.25,min_cluster_size=3",hub,0.25,50,3,40,1730,7,0,33,1730,0.175,0.0,1.0,0.0,0.1339402808384462
fbc_tfnbs,"e=1.5,h=5.0,n=30,start_thres=1.25,min_cluster_size=3",hub,0.25,50,3,40,1730,7,0,33,1730,0.175,0.0,1.0,0.0,0.1339402808384462
fbc_tfnbs,"e=1.5,h=6.0,n=30,start_thres=1.25,min_cluster_size=3",hub,0.25,50,3,40,1730,7,0,33,1730,0.175,0.0,1.0,0.0,0.1339402808384462
fbc_tfnbs,"e=1.5,h=7.0,n=30,start_thres=1.25,min_cluster_size=3",hub,0.25,50,3,40,1730,11,1,29,1729,0.275,0.0005780346820809,0.9166666666666666,0.0833333333333333,0.1339402808384462
fbc_tfnbs,"e=1.5,h=8.0,n=30,start_thres=1.25,min_cluster_size=3",hub,0.25,50,3,40,1730,11,1,29,1729,0.275,0.0005780346820809,0.9166666666666666,0.0833333333333333,0.1339402808384462
fbc_tfnbs,"e=1.5,h=9.0,n=30,start_thres=1.25,min_cluster_size=3",hub,0.25,50,3,40,1730,11,1,29,1729,0.275,0.0005780346820809,0.9166666666666666,0.0833333333333333,0.1339402808384462
fbc_tfnbs,"e=1.5,h=10.0,n=30,start_thres=1.25,min_cluster_size=3",hub,0.25,50,3,40,1730,11,2,29,1728,0.275,0.0011560693641618,0.8461538461538461,0.1538461538461538,0.1339402808384462
fbc_tfnbs,"e=0.05,h=0.5,n=30,start_thres=1.25,min_cluster_size=3",hub,0.25,50,4,40,1730,20,0,20,1730,0.5,0.0,1.0,0.0,0.1370391385121779
fbc_tfnbs,"e=0.05,h=1.0,n=30,start_thres=1.25,min_cluster_size=3",hub,0.25,50,4,40,1730,20,0,20,1730,0.5,0.0,1.0,0.0,0.1370391385121779
fbc_tfnbs,"e=0.05,h=2.0,n=30,start_thres=1.25,min_cluster_size=3",hub,0.25,50,4,40,1730,20,0,20,1730,0.5,0.0,1.0,0.0,0.1370391385121779
fbc_tfnbs,"e=0.05,h=3.0,n=30,start_thres=1.25,min_cluster_size=3",hub,0.25,50,4,40,1730,20,0,20,1730,0.5,0.0,1.0,0.0,0.1370391385121779
fbc_tfnbs,"e=0.05,h=4.0,n=30,start_thres=1.25,min_cluster_size=3",hub,0.25,50,4,40,1730,20,0,20,1730,0.5,0.0,1.0,0.0,0.1370391385121779
fbc_tfnbs,"e=0.05,h=5.0,n=30,start_thres=1.25,min_cluster_size=3",hub,0.25,50,4,40,1730,20,0,20,1730,0.5,0.0,1.0,0.0,0.1370391385121779
fbc_tfnbs,"e=0.05,h=6.0,n=30,start_thres=1.25,min_cluster_size=3",hub,0.25,50,4,40,1730,20,0,20,1730,0.5,0.0,1.0,0.0,0.1370391385121779
fbc_tfnbs,"e=0.05,h=7.0,n=30,start_thres=1.25,min_cluster_size=3",hub,0.25,50,4,40,1730,20,0,20,1730,0.5,0.0,1.0,0.0,0.1370391385121779
fbc_tfnbs,"e=0.05,h=8.0,n=30,start_thres=1.25,min_cluster_size=3",hub,0.25,50,4,40,1730,20,0,20,1730,0.5,0.0,1.0,0.0,0.1370391385121779
fbc_tfnbs,"e=0.05,h=9.0,n=30,start_thres=1.25,min_cluster_size=3",hub,0.25,50,4,40,1730,20,0,20,1730,0.5,0.0,1.0,0.0,0.1370391385121779
fbc_tfnbs,"e=0.05,h=10.0,n=30,start_thres=1.25,min_cluster_size=3",hub,0.25,50,4,40,1730,20,0,20,1730,0.5,0.0,1.0,0.0,0.1370391385121779
fbc_tfnbs,"e=0.1,h=0.5,n=30,start_thres=1.25,min_cluster_size=3",hub,0.25,50,4,40,1730,20,0,20,1730,0.5,0.0,1.0,0.0,0.1370391385121779
fbc_tfnbs,"e=0.1,h=1.0,n=30,start_thres=1.25,min_cluster_size=3",hub,0.25,50,4,40,1730,20,0,20,1730,0.5,0.0,1.0,0.0,0.1370391385121779
fbc_tfnbs,"e=0.1,h=2.0,n=30,start_thres=1.25,min_cluster_size=3",hub,0.25,50,4,40,1730,20,0,20,1730,0.5,0.0,1.0,0.0,0.1370391385121779
fbc_tfnbs,"e=0.1,h=3.0,n=30,start_thres=1.25,min_cluster_size=3",hub,0.25,50,4,40,1730,20,0,20,1730,0.5,0.0,1.0,0.0,0.1370391385121779
fbc_tfnbs,"e=0.1,h=4.0,n=30,start_thres=1.25,min_cluster_size=3",hub,0.25,50,4,40,1730,20,0,20,1730,0.5,0.0,1.0,0.0,0.1370391385121779
fbc_tfnbs,"e=0.1,h=5.0,n=30,start_thres=1.25,min_cluster_size=3",hub,0.25,50,4,40,1730,20,0,20,1730,0.5,0.0,1.0,0.0,0.1370391385121779
fbc_tfnbs,"e=0.1,h=6.0,n=30,start_thres=1.25,min_cluster_size=3",hub,0.25,50,4,40,1730,20,0,20,1730,0.5,0.0,1.0,0.0,0.1370391385121779
fbc_tfnbs,"e=0.1,h=7.0,n=30,start_thres=1.25,min_cluster_size=3",hub,0.25,50,4,40,1730,20,0,20,1730,0.5,0.0,1.0,0.0,0.1370391385121779
fbc_tfnbs,"e=0.1,h=8.0,n=30,start_thres=1.25,min_cluster_size=3",hub,0.25,50,4,40,1730,20,0,20,1730,0.5,0.0,1.0,0.0,0.1370391385121779
fbc_tfnbs,"e=0.1,h=9.0,n=30,start_thres=1.25,min_cluster_size=3",hub,0.25,50,4,40,1730,20,0,20,1730,0.5,0.0,1.0,0.0,0.1370391385121779
fbc_tfnbs,"e=0.1,h=10.0,n=30,start_thres=1.25,min_cluster_size=3",hub,0.25,50,4,40,1730,20,0,20,1730,0.5,0.0,1.0,0.0,0.1370391385121779
fbc_tfnbs,"e=0.2,h=0.5,n=30,start_thres=1.25,min_cluster_size=3",hub,0.25,50,4,40,1730,20,0,20,1730,0.5,0.0,1.0,0.0,0.1370391385121779
fbc_tfnbs,"e=0.2,h=1.0,n=30,start_thres=1.25,min_cluster_size=3",hub,0.25,50,4,40,1730,20,0,20,1730,0.5,0.0,1.0,0.0,0.1370391385121779
fbc_tfnbs,"e=0.2,h=2.0,n=30,start_thres=1.25,min_cluster_size=3",hub,0.25,50,4,40,1730,20,0,20,1730,0.5,0.0,1.0,0.0,0.1370391385121779
fbc_tfnbs,"e=0.2,h=3.0,n=30,start_thres=1.25,min_cluster_size=3",hub,0.25,50,4,40,1730,20,0,20,1730,0.5,0.0,1.0,0.0,0.1370391385121779
fbc_tfnbs,"e=0.2,h=4.0,n=30,start_thres=1.25,min_cluster_size=3",hub,0.25,50,4,40,1730,20,0,20,1730,0.5,0.0,1.0,0.0,0.1370391385121779
fbc_tfnbs,"e=0.2,h=5.0,n=30,start_thres=1.25,min_cluster_size=3",hub,0.25,50,4,40,1730,20,0,20,1730,0.5,0.0,1.0,0.0,0.1370391385121779
fbc_tfnbs,"e=0.2,h=6.0,n=30,start_thres=1.25,min_cluster_size=3",hub,0.25,50,4,40,1730,20,0,20,1730,0.5,0.0,1.0,0.0,0.1370391385121779
fbc_tfnbs,"e=0.2,h=7.0,n=30,start_thres=1.25,min_cluster_size=3",hub,0.25,50,4,40,1730,20,0,20,1730,0.5,0.0,1.0,0.0,0.1370391385121779
fbc_tfnbs,"e=0.2,h=8.0,n=30,start_thres=1.25,min_cluster_size=3",hub,0.25,50,4,40,1730,20,0,20,1730,0.5,0.0,1.0,0.0,0.1370391385121779
fbc_tfnbs,"e=0.2,h=9.0,n=30,start_thres=1.25,min_cluster_size=3",hub,0.25,50,4,40,1730,20,0,20,1730,0.5,0.0,1.0,0.0,0.1370391385121779
fbc_tfnbs,"e=0.2,h=10.0,n=30,start_thres=1.25,min_cluster_size=3",hub,0.25,50,4,40,1730,20,0,20,1730,0.5,0.0,1.0,0.0,0.1370391385121779
fbc_tfnbs,"e=0.3,h=0.5,n=30,start_thres=1.25,min_cluster_size=3",hub,0.25,50,4,40,1730,20,0,20,1730,0.5,0.0,1.0,0.0,0.1370391385121779
fbc_tfnbs,"e=0.3,h=1.0,n=30,start_thres=1.25,min_cluster_size=3",hub,0.25,50,4,40,1730,20,0,20,1730,0.5,0.0,1.0,0.0,0.1370391385121779
fbc_tfnbs,"e=0.3,h=2.0,n=30,start_thres=1.25,min_cluster_size=3",hub,0.25,50,4,40,1730,20,0,20,1730,0.5,0.0,1.0,0.0,0.1370391385121779
fbc_tfnbs,"e=0.3,h=3.0,n=30,start_thres=1.25,min_cluster_size=3",hub,0.25,50,4,40,1730,20,0,20,1730,0.5,0.0,1.0,0.0,0.1370391385121779
fbc_tfnbs,"e=0.3,h=4.0,n=30,start_thres=1.25,min_cluster_size=3",hub,0.25,50,4,40,1730,20,0,20,1730,0.5,0.0,1.0,0.0,0.1370391385121779
fbc_tfnbs,"e=0.3,h=5.0,n=30,start_thres=1.25,min_cluster_size=3",hub,0.25,50,4,40,1730,20,0,20,1730,0.5,0.0,1.0,0.0,0.1370391385121779
fbc_tfnbs,"e=0.3,h=6.0,n=30,start_thres=1.25,min_cluster_size=3",hub,0.25,50,4,40,1730,20,0,20,1730,0.5,0.0,1.0,0.0,0.1370391385121779
fbc_tfnbs,"e=0.3,h=7.0,n=30,start_thres=1.25,min_cluster_size=3",hub,0.25,50,4,40,1730,20,0,20,1730,0.5,0.0,1.0,0.0,0.1370391385121779
fbc_tfnbs,"e=0.3,h=8.0,n=30,start_thres=1.25,min_cluster_size=3",hub,0.25,50,4,40,1730,20,0,20,1730,0.5,0.0,1.0,0.0,0.1370391385121779
fbc_tfnbs,"e=0.3,h=9.0,n=30,start_thres=1.25,min_cluster_size=3",hub,0.25,50,4,40,1730,20,0,20,1730,0.5,0.0,1.0,0.0,0.1370391385121779
fbc_tfnbs,"e=0.3,h=10.0,n=30,start_thres=1.25,min_cluster_size=3",hub,0.25,50,4,40,1730,20,0,20,1730,0.5,0.0,1.0,0.0,0.1370391385121779
fbc_tfnbs,"e=0.4,h=0.5,n=30,start_thres=1.25,min_cluster_size=3",hub,0.25,50,4,40,1730,16,0,24,1730,0.4,0.0,1.0,0.0,0.1370391385121779
fbc_tfnbs,"e=0.4,h=1.0,n=30,start_thres=1.25,min_cluster_size=3",hub,0.25,50,4,40,1730,20,0,20,1730,0.5,0.0,1.0,0.0,0.1370391385121779
fbc_tfnbs,"e=0.4,h=2.0,n=30,start_thres=1.25,min_cluster_size=3",hub,0.25,50,4,40,1730,20,0,20,1730,0.5,0.0,1.0,0.0,0.1370391385121779
fbc_tfnbs,"e=0.4,h=3.0,n=30,start_thres=1.25,min_cluster_size=3",hub,0.25,50,4,40,1730,20,0,20,1730,0.5,0.0,1.0,0.0,0.1370391385121779
fbc_tfnbs,"e=0.4,h=4.0,n=30,start_thres=1.25,min_cluster_size=3",hub,0.25,50,4,40,1730,20,0,20,1730,0.5,0.0,1.0,0.0,0.1370391385121779
fbc_tfnbs,"e=0.4,h=5.0,n=30,start_thres=1.25,min_cluster_size=3",hub,0.25,50,4,40,1730,20,0,20,1730,0.5,0.0,1.0,0.0,0.1370391385121779
fbc_tfnbs,"e=0.4,h=6.0,n=30,start_thres=1.25,min_cluster_size=3",hub,0.25,50,4,40,1730,20,0,20,1730,0.5,0.0,1.0,0.0,0.1370391385121779
fbc_tfnbs,"e=0.4,h=7.0,n=30,start_thres=1.25,min_cluster_size=3",hub,0.25,50,4,40,1730,20,0,20,1730,0.5,0.0,1.0,0.0,0.1370391385121779
fbc_tfnbs,"e=0.4,h=8.0,n=30,start_thres=1.25,min_cluster_size=3",hub,0.25,50,4,40,1730,20,0,20,1730,0.5,0.0,1.0,0.0,0.1370391385121779
fbc_tfnbs,"e=0.4,h=9.0,n=30,start_thres=1.25,min_cluster_size=3",hub,0.25,50,4,40,1730,20,0,20,1730,0.5,0.0,1.0,0.0,0.1370391385121779
fbc_tfnbs,"e=0.4,h=10.0,n=30,start_thres=1.25,min_cluster_size=3",hub,0.25,50,4,40,1730,20,0,20,1730,0.5,0.0,1.0,0.0,0.1370391385121779
fbc_tfnbs,"e=0.5,h=0.5,n=30,start_thres=1.25,min_cluster_size=3",hub,0.25,50,4,40,1730,16,0,24,1730,0.4,0.0,1.0,0.0,0.1370391385121779
fbc_tfnbs,"e=0.5,h=1.0,n=30,start_thres=1.25,min_cluster_size=3",hub,0.25,50,4,40,1730,16,0,24,1730,0.4,0.0,1.0,0.0,0.1370391385121779
fbc_tfnbs,"e=0.5,h=2.0,n=30,start_thres=1.25,min_cluster_size=3",hub,0.25,50,4,40,1730,20,0,20,1730,0.5,0.0,1.0,0.0,0.1370391385121779
fbc_tfnbs,"e=0.5,h=3.0,n=30,start_thres=1.25,min_cluster_size=3",hub,0.25,50,4,40,1730,20,0,20,1730,0.5,0.0,1.0,0.0,0.1370391385121779
fbc_tfnbs,"e=0.5,h=4.0,n=30,start_thres=1.25,min_cluster_size=3",hub,0.25,50,4,40,1730,20,0,20,1730,0.5,0.0,1.0,0.0,0.1370391385121779
fbc_tfnbs,"e=0.5,h=5.0,n=30,start_thres=1.25,min_cluster_size=3",hub,0.25,50,4,40,1730,20,0,20,1730,0.5,0.0,1.0,0.0,0.1370391385121779
fbc_tfnbs,"e=0.5,h=6.0,n=30,start_thres=1.25,min_cluster_size=3",hub,0.25,50,4,40,1730,20,0,20,1730,0.5,0.0,1.0,0.0,0.1370391385121779
fbc_tfnbs,"e=0.5,h=7.0,n=30,start_thres=1.25,min_cluster_size=3",hub,0.25,50,4,40,1730,20,0,20,1730,0.5,0.0,1.0,0.0,0.1370391385121779
fbc_tfnbs,"e=0.5,h=8.0,n=30,start_thres=1.25,min_cluster_size=3",hub,0.25,50,4,40,1730,20,0,20,1730,0.5,0.0,1.0,0.0,0.1370391385121779
fbc_tfnbs,"e=0.5,h=9.0,n=30,start_thres=1.25,min_cluster_size=3",hub,0.25,50,4,40,1730,20,0,20,1730,0.5,0.0,1.0,0.0,0.1370391385121779
fbc_tfnbs,"e=0.5,h=10.0,n=30,start_thres=1.25,min_cluster_size=3",hub,0.25,50,4,40,1730,20,0,20,1730,0.5,0.0,1.0,0.0,0.1370391385121779
fbc_tfnbs,"e=0.6,h=0.5,n=30,start_thres=1.25,min_cluster_size=3",hub,0.25,50,4,40,1730,14,0,26,1730,0.35,0.0,1.0,0.0,0.1370391385121779
fbc_tfnbs,"e=0.6,h=1.0,n=30,start_thres=1.25,min_cluster_size=3",hub,0.25,50,4,40,1730,16,0,24,1730,0.4,0.0,1.0,0.0,0.1370391385121779
fbc_tfnbs,"e=0.6,h=2.0,n=30,start_thres=1.25,min_cluster_size=3",hub,0.25,50,4,40,1730,17,0,23,1730,0.425,0.0,1.0,0.0,0.1370391385121779
fbc_tfnbs,"e=0.6,h=3.0,n=30,start_thres=1.25,min_cluster_size=3",hub,0.25,50,4,40,1730,20,0,20,1730,0.5,0.0,1.0,0.0,0.1370391385121779
fbc_tfnbs,"e=0.6,h=4.0,n=30,start_thres=1.25,min_cluster_size=3",hub,0.25,50,4,40,1730,20,0,20,1730,0.5,0.0,1.0,0.0,0.1370391385121779
fbc_tfnbs,"e=0.6,h=5.0,n=30,start_thres=1.25,min_cluster_size=3",hub,0.25,50,4,40,1730,20,0,20,1730,0.5,0.0,1.0,0.0,0.1370391385121779
fbc_tfnbs,"e=0.6,h=6.0,n=30,start_thres=1.25,min_cluster_size=3",hub,0.25,50,4,40,1730,20,0,20,1730,0.5,0.0,1.0,0.0,0.1370391385121779
fbc_tfnbs,"e=0.6,h=7.0,n=30,start_thres=1.25,min_cluster_size=3",hub,0.25,50,4,40,1730,20,0,20,1730,0.5,0.0,1.0,0.0,0.1370391385121779
fbc_tfnbs,"e=0.6,h=8.0,n=30,start_thres=1.25,min_cluster_size=3",hub,0.25,50,4,40,1730,20,0,20,1730,0.5,0.0,1.0,0.0,0.1370391385121779
fbc_tfnbs,"e=0.6,h=9.0,n=30,start_thres=1.25,min_cluster_size=3",hub,0.25,50,4,40,1730,20,0,20,1730,0.5,0.0,1.0,0.0,0.1370391385121779
fbc_tfnbs,"e=0.6,h=10.0,n=30,start_thres=1.25,min_cluster_size=3",hub,0.25,50,4,40,1730,20,0,20,1730,0.5,0.0,1.0,0.0,0.1370391385121779
fbc_tfnbs,"e=0.7,h=0.5,n=30,start_thres=1.25,min_cluster_size=3",hub,0.25,50,4,40,1730,8,0,32,1730,0.2,0.0,1.0,0.0,0.1370391385121779
fbc_tfnbs,"e=0.7,h=1.0,n=30,start_thres=1.25,min_cluster_size=3",hub,0.25,50,4,40,1730,14,0,26,1730,0.35,0.0,1.0,0.0,0.1370391385121779
fbc_tfnbs,"e=0.7,h=2.0,n=30,start_thres=1.25,min_cluster_size=3",hub,0.25,50,4,40,1730,16,0,24,1730,0.4,0.0,1.0,0.0,0.1370391385121779
fbc_tfnbs,"e=0.7,h=3.0,n=30,start_thres=1.25,min_cluster_size=3",hub,0.25,50,4,40,1730,20,0,20,1730,0.5,0.0,1.0,0.0,0.1370391385121779
fbc_tfnbs,"e=0.7,h=4.0,n=30,start_thres=1.25,min_cluster_size=3",hub,0.25,50,4,40,1730,20,0,20,1730,0.5,0.0,1.0,0.0,0.1370391385121779
fbc_tfnbs,"e=0.7,h=5.0,n=30,start_thres=1.25,min_cluster_size=3",hub,0.25,50,4,40,1730,20,0,20,1730,0.5,0.0,1.0,0.0,0.1370391385121779
fbc_tfnbs,"e=0.7,h=6.0,n=30,start_thres=1.25,min_cluster_size=3",hub,0.25,50,4,40,1730,20,0,20,1730,0.5,0.0,1.0,0.0,0.1370391385121779
fbc_tfnbs,"e=0.7,h=7.0,n=30,start_thres=1.25,min_cluster_size=3",hub,0.25,50,4,40,1730,20,0,20,1730,0.5,0.0,1.0,0.0,0.1370391385121779
fbc_tfnbs,"e=0.7,h=8.0,n=30,start_thres=1.25,min_cluster_size=3",hub,0.25,50,4,40,1730,20,0,20,1730,0.5,0.0,1.0,0.0,0.1370391385121779
fbc_tfnbs,"e=0.7,h=9.0,n=30,start_thres=1.25,min_cluster_size=3",hub,0.25,50,4,40,1730,20,0,20,1730,0.5,0.0,1.0,0.0,0.1370391385121779
fbc_tfnbs,"e=0.7,h=10.0,n=30,start_thres=1.25,min_cluster_size=3",hub,0.25,50,4,40,1730,20,0,20,1730,0.5,0.0,1.0,0.0,0.1370391385121779
fbc_tfnbs,"e=0.8,h=0.5,n=30,start_thres=1.25,min_cluster_size=3",hub,0.25,50,4,40,1730,8,0,32,1730,0.2,0.0,1.0,0.0,0.1370391385121779
fbc_tfnbs,"e=0.8,h=1.0,n=30,start_thres=1.25,min_cluster_size=3",hub,0.25,50,4,40,1730,8,0,32,1730,0.2,0.0,1.0,0.0,0.1370391385121779
fbc_tfnbs,"e=0.8,h=2.0,n=30,start_thres=1.25,min_cluster_size=3",hub,0.25,50,4,40,1730,16,0,24,1730,0.4,0.0,1.0,0.0,0.1370391385121779
fbc_tfnbs,"e=0.8,h=3.0,n=30,start_thres=1.25,min_cluster_size=3",hub,0.25,50,4,40,1730,17,0,23,1730,0.425,0.0,1.0,0.0,0.1370391385121779
fbc_tfnbs,"e=0.8,h=4.0,n=30,start_thres=1.25,min_cluster_size=3",hub,0.25,50,4,40,1730,20,0,20,1730,0.5,0.0,1.0,0.0,0.1370391385121779
fbc_tfnbs,"e=0.8,h=5.0,n=30,start_thres=1.25,min_cluster_size=3",hub,0.25,50,4,40,1730,20,0,20,1730,0.5,0.0,1.0,0.0,0.1370391385121779
fbc_tfnbs,"e=0.8,h=6.0,n=30,start_thres=1.25,min_cluster_size=3",hub,0.25,50,4,40,1730,20,0,20,1730,0.5,0.0,1.0,0.0,0.1370391385121779
fbc_tfnbs,"e=0.8,h=7.0,n=30,start_thres=1.25,min_cluster_size=3",hub,0.25,50,4,40,1730,20,0,20,1730,0.5,0.0,1.0,0.0,0.1370391385121779
fbc_tfnbs,"e=0.8,h=8.0,n=30,start_thres=1.25,min_cluster_size=3",hub,0.25,50,4,40,1730,20,0,20,1730,0.5,0.0,1.0,0.0,0.1370391385121779
fbc_tfnbs,"e=0.8,h=9.0,n=30,start_thres=1.25,min_cluster_size=3",hub,0.25,50,4,40,1730,20,0,20,1730,0.5,0.0,1.0,0.0,0.1370391385121779
fbc_tfnbs,"e=0.8,h=10.0,n=30,start_thres=1.25,min_cluster_size=3",hub,0.25,50,4,40,1730,20,0,20,1730,0.5,0.0,1.0,0.0,0.1370391385121779
fbc_tfnbs,"e=0.9,h=0.5,n=30,start_thres=1.25,min_cluster_size=3",hub,0.25,50,4,40,1730,8,0,32,1730,0.2,0.0,1.0,0.0,0.1370391385121779
fbc_tfnbs,"e=0.9,h=1.0,n=30,start_thres=1.25,min_cluster_size=3",hub,0.25,50,4,40,1730,8,0,32,1730,0.2,0.0,1.0,0.0,0.1370391385121779
fbc_tfnbs,"e=0.9,h=2.0,n=30,start_thres=1.25,min_cluster_size=3",hub,0.25,50,4,40,1730,16,0,24,1730,0.4,0.0,1.0,0.0,0.1370391385121779
fbc_tfnbs,"e=0.9,h=3.0,n=30,start_thres=1.25,min_cluster_size=3",hub,0.25,50,4,40,1730,16,0,24,1730,0.4,0.0,1.0,0.0,0.1370391385121779
fbc_tfnbs,"e=0.9,h=4.0,n=30,start_thres=1.25,min_cluster_size=3",hub,0.25,50,4,40,1730,20,0,20,1730,0.5,0.0,1.0,0.0,0.1370391385121779
fbc_tfnbs,"e=0.9,h=5.0,n=30,start_thres=1.25,min_cluster_size=3",hub,0.25,50,4,40,1730,20,0,20,1730,0.5,0.0,1.0,0.0,0.1370391385121779
fbc_tfnbs,"e=0.9,h=6.0,n=30,start_thres=1.25,min_cluster_size=3",hub,0.25,50,4,40,1730,20,0,20,1730,0.5,0.0,1.0,0.0,0.1370391385121779
fbc_tfnbs,"e=0.9,h=7.0,n=30,start_thres=1.25,min_cluster_size=3",hub,0.25,50,4,40,1730,20,0,20,1730,0.5,0.0,1.0,0.0,0.1370391385121779
fbc_tfnbs,"e=0.9,h=8.0,n=30,start_thres=1.25,min_cluster_size=3",hub,0.25,50,4,40,1730,20,0,20,1730,0.5,0.0,1.0,0.0,0.1370391385121779
fbc_tfnbs,"e=0.9,h=9.0,n=30,start_thres=1.25,min_cluster_size=3",hub,0.25,50,4,40,1730,20,0,20,1730,0.5,0.0,1.0,0.0,0.1370391385121779
fbc_tfnbs,"e=0.9,h=10.0,n=30,start_thres=1.25,min_cluster_size=3",hub,0.25,50,4,40,1730,20,0,20,1730,0.5,0.0,1.0,0.0,0.1370391385121779
fbc_tfnbs,"e=1.0,h=0.5,n=30,start_thres=1.25,min_cluster_size=3",hub,0.25,50,4,40,1730,8,0,32,1730,0.2,0.0,1.0,0.0,0.1370391385121779
fbc_tfnbs,"e=1.0,h=1.0,n=30,start_thres=1.25,min_cluster_size=3",hub,0.25,50,4,40,1730,8,0,32,1730,0.2,0.0,1.0,0.0,0.1370391385121779
fbc_tfnbs,"e=1.0,h=2.0,n=30,start_thres=1.25,min_cluster_size=3",hub,0.25,50,4,40,1730,8,0,32,1730,0.2,0.0,1.0,0.0,0.1370391385121779
fbc_tfnbs,"e=1.0,h=3.0,n=30,start_thres=1.25,min_cluster_size=3",hub,0.25,50,4,40,1730,16,0,24,1730,0.4,0.0,1.0,0.0,0.1370391385121779
fbc_tfnbs,"e=1.0,h=4.0,n=30,start_thres=1.25,min_cluster_size=3",hub,0.25,50,4,40,1730,17,0,23,1730,0.425,0.0,1.0,0.0,0.1370391385121779
fbc_tfnbs,"e=1.0,h=5.0,n=30,start_thres=1.25,min_cluster_size=3",hub,0.25,50,4,40,1730,20,0,20,1730,0.5,0.0,1.0,0.0,0.1370391385121779
fbc_tfnbs,"e=1.0,h=6.0,n=30,start_thres=1.25,min_cluster_size=3",hub,0.25,50,4,40,1730,20,0,20,1730,0.5,0.0,1.0,0.0,0.1370391385121779
fbc_tfnbs,"e=1.0,h=7.0,n=30,start_thres=1.25,min_cluster_size=3",hub,0.25,50,4,40,1730,20,0,20,1730,0.5,0.0,1.0,0.0,0.1370391385121779
fbc_tfnbs,"e=1.0,h=8.0,n=30,start_thres=1.25,min_cluster_size=3",hub,0.25,50,4,40,1730,20,0,20,1730,0.5,0.0,1.0,0.0,0.1370391385121779
fbc_tfnbs,"e=1.0,h=9.0,n=30,start_thres=1.25,min_cluster_size=3",hub,0.25,50,4,40,1730,20,0,20,1730,0.5,0.0,1.0,0.0,0.1370391385121779
fbc_tfnbs,"e=1.0,h=10.0,n=30,start_thres=1.25,min_cluster_size=3",hub,0.25,50,4,40,1730,20,0,20,1730,0.5,0.0,1.0,0.0,0.1370391385121779
fbc_tfnbs,"e=1.1,h=0.5,n=30,start_thres=1.25,min_cluster_size=3",hub,0.25,50,4,40,1730,8,0,32,1730,0.2,0.0,1.0,0.0,0.1370391385121779
fbc_tfnbs,"e=1.1,h=1.0,n=30,start_thres=1.25,min_cluster_size=3",hub,0.25,50,4,40,1730,8,0,32,1730,0.2,0.0,1.0,0.0,0.1370391385121779
fbc_tfnbs,"e=1.1,h=2.0,n=30,start_thres=1.25,min_cluster_size=3",hub,0.25,50,4,40,1730,8,0,32,1730,0.2,0.0,1.0,0.0,0.1370391385121779
fbc_tfnbs,"e=1.1,h=3.0,n=30,start_thres=1.25,min_cluster_size=3",hub,0.25,50,4,40,1730,16,0,24,1730,0.4,0.0,1.0,0.0,0.1370391385121779
fbc_tfnbs,"e=1.1,h=4.0,n=30,start_thres=1.25,min_cluster_size=3",hub,0.25,50,4,40,1730,16,0,24,1730,0.4,0.0,1.0,0.0,0.1370391385121779
fbc_tfnbs,"e=1.1,h=5.0,n=30,start_thres=1.25,min_cluster_size=3",hub,0.25,50,4,40,1730,20,0,20,1730,0.5,0.0,1.0,0.0,0.1370391385121779
fbc_tfnbs,"e=1.1,h=6.0,n=30,start_thres=1.25,min_cluster_size=3",hub,0.25,50,4,40,1730,20,0,20,1730,0.5,0.0,1.0,0.0,0.1370391385121779
fbc_tfnbs,"e=1.1,h=7.0,n=30,start_thres=1.25,min_cluster_size=3",hub,0.25,50,4,40,1730,20,0,20,1730,0.5,0.0,1.0,0.0,0.1370391385121779
fbc_tfnbs,"e=1.1,h=8.0,n=30,start_thres=1.25,min_cluster_size=3",hub,0.25,50,4,40,1730,20,0,20,1730,0.5,0.0,1.0,0.0,0.1370391385121779
fbc_tfnbs,"e=1.1,h=9.0,n=30,start_thres=1.25,min_cluster_size=3",hub,0.25,50,4,40,1730,20,0,20,1730,0.5,0.0,1.0,0.0,0.1370391385121779
fbc_tfnbs,"e=1.1,h=10.0,n=30,start_thres=1.25,min_cluster_size=3",hub,0.25,50,4,40,1730,20,0,20,1730,0.5,0.0,1.0,0.0,0.1370391385121779
fbc_tfnbs,"e=1.2,h=0.5,n=30,start_thres=1.25,min_cluster_size=3",hub,0.25,50,4,40,1730,7,0,33,1730,0.175,0.0,1.0,0.0,0.1370391385121779
fbc_tfnbs,"e=1.2,h=1.0,n=30,start_thres=1.25,min_cluster_size=3",hub,0.25,50,4,40,1730,8,0,32,1730,0.2,0.0,1.0,0.0,0.1370391385121779
fbc_tfnbs,"e=1.2,h=2.0,n=30,start_thres=1.25,min_cluster_size=3",hub,0.25,50,4,40,1730,8,0,32,1730,0.2,0.0,1.0,0.0,0.1370391385121779
fbc_tfnbs,"e=1.2,h=3.0,n=30,start_thres=1.25,min_cluster_size=3",hub,0.25,50,4,40,1730,11,0,29,1730,0.275,0.0,1.0,0.0,0.1370391385121779
fbc_tfnbs,"e=1.2,h=4.0,n=30,start_thres=1.25,min_cluster_size=3",hub,0.25,50,4,40,1730,16,0,24,1730,0.4,0.0,1.0,0.0,0.1370391385121779
fbc_tfnbs,"e=1.2,h=5.0,n=30,start_thres=1.25,min_cluster_size=3",hub,0.25,50,4,40,1730,17,0,23,1730,0.425,0.0,1.0,0.0,0.1370391385121779
fbc_tfnbs,"e=1.2,h=6.0,n=30,start_thres=1.25,min_cluster_size=3",hub,0.25,50,4,40,1730,20,0,20,1730,0.5,0.0,1.0,0.0,0.1370391385121779
fbc_tfnbs,"e=1.2,h=7.0,n=30,start_thres=1.25,min_cluster_size=3",hub,0.25,50,4,40,1730,20,0,20,1730,0.5,0.0,1.0,0.0,0.1370391385121779
fbc_tfnbs,"e=1.2,h=8.0,n=30,start_thres=1.25,min_cluster_size=3",hub,0.25,50,4,40,1730,20,0,20,1730,0.5,0.0,1.0,0.0,0.1370391385121779
fbc_tfnbs,"e=1.2,h=9.0,n=30,start_thres=1.25,min_cluster_size=3",hub,0.25,50,4,40,1730,20,0,20,1730,0.5,0.0,1.0,0.0,0.1370391385121779
fbc_tfnbs,"e=1.2,h=10.0,n=30,start_thres=1.25,min_cluster_size=3",hub,0.25,50,4,40,1730,20,0,20,1730,0.5,0.0,1.0,0.0,0.1370391385121779
fbc_tfnbs,"e=1.3,h=0.5,n=30,start_thres=1.25,min_cluster_size=3",hub,0.25,50,4,40,1730,0,0,40,1730,0.0,0.0,0.0,0.0,0.1370391385121779
fbc_tfnbs,"e=1.3,h=1.0,n=30,start_thres=1.25,min_cluster_size=3",hub,0.25,50,4,40,1730,8,0,32,1730,0.2,0.0,1.0,0.0,0.1370391385121779
fbc_tfnbs,"e=1.3,h=2.0,n=30,start_thres=1.25,min_cluster_size=3",hub,0.25,50,4,40,1730,8,0,32,1730,0.2,0.0,1.0,0.0,0.1370391385121779
fbc_tfnbs,"e=1.3,h=3.0,n=30,start_thres=1.25,min_cluster_size=3",hub,0.25,50,4,40,1730,8,0,32,1730,0.2,0.0,1.0,0.0,0.1370391385121779
fbc_tfnbs,"e=1.3,h=4.0,n=30,start_thres=1.25,min_cluster_size=3",hub,0.25,50,4,40,1730,16,0,24,1730,0.4,0.0,1.0,0.0,0.1370391385121779
fbc_tfnbs,"e=1.3,h=5.0,n=30,start_thres=1.25,min_cluster_size=3",hub,0.25,50,4,40,1730,16,0,24,1730,0.4,0.0,1.0,0.0,0.1370391385121779
fbc_tfnbs,"e=1.3,h=6.0,n=30,start_thres=1.25,min_cluster_size=3",hub,0.25,50,4,40,1730,20,0,20,1730,0.5,0.0,1.0,0.0,0.1370391385121779
fbc_tfnbs,"e=1.3,h=7.0,n=30,start_thres=1.25,min_cluster_size=3",hub,0.25,50,4,40,1730,20,0,20,1730,0.5,0.0,1.0,0.0,0.1370391385121779
fbc_tfnbs,"e=1.3,h=8.0,n=30,start_thres=1.25,min_cluster_size=3",hub,0.25,50,4,40,1730,20,0,20,1730,0.5,0.0,1.0,0.0,0.1370391385121779
fbc_tfnbs,"e=1.3,h=9.0,n=30,start_thres=1.25,min_cluster_size=3",hub,0.25,50,4,40,1730,20,0,20,1730,0.5,0.0,1.0,0.0,0.1370391385121779
fbc_tfnbs,"e=1.3,h=10.0,n=30,start_thres=1.25,min_cluster_size=3",hub,0.25,50,4,40,1730,20,0,20,1730,0.5,0.0,1.0,0.0,0.1370391385121779
fbc_tfnbs,"e=1.4,h=0.5,n=30,start_thres=1.25,min_cluster_size=3",hub,0.25,50,4,40,1730,0,0,40,1730,0.0,0.0,0.0,0.0,0.1370391385121779
fbc_tfnbs,"e=1.4,h=1.0,n=30,start_thres=1.25,min_cluster_size=3",hub,0.25,50,4,40,1730,4,0,36,1730,0.1,0.0,1.0,0.0,0.1370391385121779
fbc_tfnbs,"e=1.4,h=2.0,n=30,start_thres=1.25,min_cluster_size=3",hub,0.25,50,4,40,1730,8,0,32,1730,0.2,0.0,1.0,0.0,0.1370391385121779
fbc_tfnbs,"e=1.4,h=3.0,n=30,start_thres=1.25,min_cluster_size=3",hub,0.25,50,4,40,1730,8,0,32,1730,0.2,0.0,1.0,0.0,0.1370391385121779
fbc_tfnbs,"e=1.4,h=4.0,n=30,start_thres=1.25,min_cluster_size=3",hub,0.25,50,4,40,1730,16,0,24,1730,0.4,0.0,1.0,0.0,0.1370391385121779
fbc_tfnbs,"e=1.4,h=5.0,n=30,start_thres=1.25,min_cluster_size=3",hub,0.25,50,4,40,1730,16,0,24,1730,0.4,0.0,1.0,0.0,0.1370391385121779
fbc_tfnbs,"e=1.4,h=6.0,n=30,start_thres=1.25,min_cluster_size=3",hub,0.25,50,4,40,1730,17,0,23,1730,0.425,0.0,1.0,0.0,0.1370391385121779
fbc_tfnbs,"e=1.4,h=7.0,n=30,start_thres=1.25,min_cluster_size=3",hub,0.25,50,4,40,1730,20,0,20,1730,0.5,0.0,1.0,0.0,0.1370391385121779
fbc_tfnbs,"e=1.4,h=8.0,n=30,start_thres=1.25,min_cluster_size=3",hub,0.25,50,4,40,1730,20,0,20,1730,0.5,0.0,1.0,0.0,0.1370391385121779
fbc_tfnbs,"e=1.4,h=9.0,n=30,start_thres=1.25,min_cluster_size=3",hub,0.25,50,4,40,1730,20,0,20,1730,0.5,0.0,1.0,0.0,0.1370391385121779
fbc_tfnbs,"e=1.4,h=10.0,n=30,start_thres=1.25,min_cluster_size=3",hub,0.25,50,4,40,1730,20,0,20,1730,0.5,0.0,1.0,0.0,0.1370391385121779
fbc_tfnbs,"e=1.5,h=0.5,n=30,start_thres=1.25,min_cluster_size=3",hub,0.25,50,4,40,1730,0,0,40,1730,0.0,0.0,0.0,0.0,0.1370391385121779
fbc_tfnbs,"e=1.5,h=1.0,n=30,start_thres=1.25,min_cluster_size=3",hub,0.25,50,4,40,1730,0,0,40,1730,0.0,0.0,0.0,0.0,0.1370391385121779
fbc_tfnbs,"e=1.5,h=2.0,n=30,start_thres=1.25,min_cluster_size=3",hub,0.25,50,4,40,1730,8,0,32,1730,0.2,0.0,1.0,0.0,0.1370391385121779
fbc_tfnbs,"e=1.5,h=3.0,n=30,start_thres=1.25,min_cluster_size=3",hub,0.25,50,4,40,1730,8,0,32,1730,0.2,0.0,1.0,0.0,0.1370391385121779
fbc_tfnbs,"e=1.5,h=4.0,n=30,start_thres=1.25,min_cluster_size=3",hub,0.25,50,4,40,1730,11,0,29,1730,0.275,0.0,1.0,0.0,0.1370391385121779
fbc_tfnbs,"e=1.5,h=5.0,n=30,start_thres=1.25,min_cluster_size=3",hub,0.25,50,4,40,1730,16,0,24,1730,0.4,0.0,1.0,0.0,0.1370391385121779
fbc_tfnbs,"e=1.5,h=6.0,n=30,start_thres=1.25,min_cluster_size=3",hub,0.25,50,4,40,1730,16,0,24,1730,0.4,0.0,1.0,0.0,0.1370391385121779
fbc_tfnbs,"e=1.5,h=7.0,n=30,start_thres=1.25,min_cluster_size=3",hub,0.25,50,4,40,1730,20,0,20,1730,0.5,0.0,1.0,0.0,0.1370391385121779
fbc_tfnbs,"e=1.5,h=8.0,n=30,start_thres=1.25,min_cluster_size=3",hub,0.25,50,4,40,1730,20,0,20,1730,0.5,0.0,1.0,0.0,0.1370391385121779
fbc_tfnbs,"e=1.5,h=9.0,n=30,start_thres=1.25,min_cluster_size=3",hub,0.25,50,4,40,1730,20,0,20,1730,0.5,0.0,1.0,0.0,0.1370391385121779
fbc_tfnbs,"e=1.5,h=10.0,n=30,start_thres=1.25,min_cluster_size=3",hub,0.25,50,4,40,1730,20,0,20,1730,0.5,0.0,1.0,0.0,0.1370391385121779
fbc_tfnbs,"e=0.05,h=0.5,n=30,start_thres=1.25,min_cluster_size=3",hub,0.25,50,5,40,1730,33,4,7,1726,0.825,0.0023121387283236,0.8918918918918919,0.1081081081081081,0.1346370645544745
fbc_tfnbs,"e=0.05,h=1.0,n=30,start_thres=1.25,min_cluster_size=3",hub,0.25,50,5,40,1730,33,4,7,1726,0.825,0.0023121387283236,0.8918918918918919,0.1081081081081081,0.1346370645544745
fbc_tfnbs,"e=0.05,h=2.0,n=30,start_thres=1.25,min_cluster_size=3",hub,0.25,50,5,40,1730,33,4,7,1726,0.825,0.0023121387283236,0.8918918918918919,0.1081081081081081,0.1346370645544745
fbc_tfnbs,"e=0.05,h=3.0,n=30,start_thres=1.25,min_cluster_size=3",hub,0.25,50,5,40,1730,33,4,7,1726,0.825,0.0023121387283236,0.8918918918918919,0.1081081081081081,0.1346370645544745
fbc_tfnbs,"e=0.05,h=4.0,n=30,start_thres=1.25,min_cluster_size=3",hub,0.25,50,5,40,1730,33,4,7,1726,0.825,0.0023121387283236,0.8918918918918919,0.1081081081081081,0.1346370645544745
fbc_tfnbs,"e=0.05,h=5.0,n=30,start_thres=1.25,min_cluster_size=3",hub,0.25,50,5,40,1730,33,4,7,1726,0.825,0.0023121387283236,0.8918918918918919,0.1081081081081081,0.1346370645544745
fbc_tfnbs,"e=0.05,h=6.0,n=30,start_thres=1.25,min_cluster_size=3",hub,0.25,50,5,40,1730,33,4,7,1726,0.825,0.0023121387283236,0.8918918918918919,0.1081081081081081,0.1346370645544745
fbc_tfnbs,"e=0.05,h=7.0,n=30,start_thres=1.25,min_cluster_size=3",hub,0.25,50,5,40,1730,33,4,7,1726,0.825,0.0023121387283236,0.8918918918918919,0.1081081081081081,0.1346370645544745
fbc_tfnbs,"e=0.05,h=8.0,n=30,start_thres=1.25,min_cluster_size=3",hub,0.25,50,5,40,1730,33,4,7,1726,0.825,0.0023121387283236,0.8918918918918919,0.1081081081081081,0.1346370645544745
fbc_tfnbs,"e=0.05,h=9.0,n=30,start_thres=1.25,min_cluster_size=3",hub,0.25,50,5,40,1730,33,4,7,1726,0.825,0.0023121387283236,0.8918918918918919,0.1081081081081081,0.1346370645544745
fbc_tfnbs,"e=0.05,h=10.0,n=30,start_thres=1.25,min_cluster_size=3",hub,0.25,50,5,40,1730,33,4,7,1726,0.825,0.0023121387283236,0.8918918918918919,0.1081081081081081,0.1346370645544745
fbc_tfnbs,"e=0.1,h=0.5,n=30,start_thres=1.25,min_cluster_size=3",hub,0.25,50,5,40,1730,33,4,7,1726,0.825,0.0023121387283236,0.8918918918918919,0.1081081081081081,0.1346370645544745
fbc_tfnbs,"e=0.1,h=1.0,n=30,start_thres=1.25,min_cluster_size=3",hub,0.25,50,5,40,1730,33,4,7,1726,0.825,0.0023121387283236,0.8918918918918919,0.1081081081081081,0.1346370645544745
fbc_tfnbs,"e=0.1,h=2.0,n=30,start_thres=1.25,min_cluster_size=3",hub,0.25,50,5,40,1730,33,4,7,1726,0.825,0.0023121387283236,0.8918918918918919,0.1081081081081081,0.1346370645544745
fbc_tfnbs,"e=0.1,h=3.0,n=30,start_thres=1.25,min_cluster_size=3",hub,0.25,50,5,40,1730,33,4,7,1726,0.825,0.0023121387283236,0.8918918918918919,0.1081081081081081,0.1346370645544745
fbc_tfnbs,"e=0.1,h=4.0,n=30,start_thres=1.25,min_cluster_size=3",hub,0.25,50,5,40,1730,33,4,7,1726,0.825,0.0023121387283236,0.8918918918918919,0.1081081081081081,0.1346370645544745
fbc_tfnbs,"e=0.1,h=5.0,n=30,start_thres=1.25,min_cluster_size=3",hub,0.25,50,5,40,1730,33,4,7,1726,0.825,0.0023121387283236,0.8918918918918919,0.1081081081081081,0.1346370645544745
fbc_tfnbs,"e=0.1,h=6.0,n=30,start_thres=1.25,min_cluster_size=3",hub,0.25,50,5,40,1730,33,4,7,1726,0.825,0.0023121387283236,0.8918918918918919,0.1081081081081081,0.1346370645544745
fbc_tfnbs,"e=0.1,h=7.0,n=30,start_thres=1.25,min_cluster_size=3",hub,0.25,50,5,40,1730,33,4,7,1726,0.825,0.0023121387283236,0.8918918918918919,0.1081081081081081,0.1346370645544745
fbc_tfnbs,"e=0.1,h=8.0,n=30,start_thres=1.25,min_cluster_size=3",hub,0.25,50,5,40,1730,33,4,7,1726,0.825,0.0023121387283236,0.8918918918918919,0.1081081081081081,0.1346370645544745
fbc_tfnbs,"e=0.1,h=9.0,n=30,start_thres=1.25,min_cluster_size=3",hub,0.25,50,5,40,1730,33,4,7,1726,0.825,0.0023121387283236,0.8918918918918919,0.1081081081081081,0.1346370645544745
fbc_tfnbs,"e=0.1,h=10.0,n=30,start_thres=1.25,min_cluster_size=3",hub,0.25,50,5,40,1730,33,4,7,1726,0.825,0.0023121387283236,0.8918918918918919,0.1081081081081081,0.1346370645544745
fbc_tfnbs,"e=0.2,h=0.5,n=30,start_thres=1.25,min_cluster_size=3",hub,0.25,50,5,40,1730,33,4,7,1726,0.825,0.0023121387283236,0.8918918918918919,0.1081081081081081,0.1346370645544745
fbc_tfnbs,"e=0.2,h=1.0,n=30,start_thres=1.25,min_cluster_size=3",hub,0.25,50,5,40,1730,33,4,7,1726,0.825,0.0023121387283236,0.8918918918918919,0.1081081081081081,0.1346370645544745
fbc_tfnbs,"e=0.2,h=2.0,n=30,start_thres=1.25,min_cluster_size=3",hub,0.25,50,5,40,1730,33,4,7,1726,0.825,0.0023121387283236,0.8918918918918919,0.1081081081081081,0.1346370645544745
fbc_tfnbs,"e=0.2,h=3.0,n=30,start_thres=1.25,min_cluster_size=3",hub,0.25,50,5,40,1730,33,4,7,1726,0.825,0.0023121387283236,0.8918918918918919,0.1081081081081081,0.1346370645544745
fbc_tfnbs,"e=0.2,h=4.0,n=30,start_thres=1.25,min_cluster_size=3",hub,0.25,50,5,40,1730,33,4,7,1726,0.825,0.0023121387283236,0.8918918918918919,0.1081081081081081,0.1346370645544745
fbc_tfnbs,"e=0.2,h=5.0,n=30,start_thres=1.25,min_cluster_size=3",hub,0.25,50,5,40,1730,33,4,7,1726,0.825,0.0023121387283236,0.8918918918918919,0.1081081081081081,0.1346370645544745
fbc_tfnbs,"e=0.2,h=6.0,n=30,start_thres=1.25,min_cluster_size=3",hub,0.25,50,5,40,1730,33,4,7,1726,0.825,0.0023121387283236,0.8918918918918919,0.1081081081081081,0.1346370645544745
fbc_tfnbs,"e=0.2,h=7.0,n=30,start_thres=1.25,min_cluster_size=3",hub,0.25,50,5,40,1730,33,4,7,1726,0.825,0.0023121387283236,0.8918918918918919,0.1081081081081081,0.1346370645544745
fbc_tfnbs,"e=0.2,h=8.0,n=30,start_thres=1.25,min_cluster_size=3",hub,0.25,50,5,40,1730,33,4,7,1726,0.825,0.0023121387283236,0.8918918918918919,0.1081081081081081,0.1346370645544745
fbc_tfnbs,"e=0.2,h=9.0,n=30,start_thres=1.25,min_cluster_size=3",hub,0.25,50,5,40,1730,33,4,7,1726,0.825,0.0023121387283236,0.8918918918918919,0.1081081081081081,0.1346370645544745
fbc_tfnbs,"e=0.2,h=10.0,n=30,start_thres=1.25,min_cluster_size=3",hub,0.25,50,5,40,1730,33,4,7,1726,0.825,0.0023121387283236,0.8918918918918919,0.1081081081081081,0.1346370645544745
fbc_tfnbs,"e=0.3,h=0.5,n=30,start_thres=1.25,min_cluster_size=3",hub,0.25,50,5,40,1730,33,4,7,1726,0.825,0.0023121387283236,0.8918918918918919,0.1081081081081081,0.1346370645544745
fbc_tfnbs,"e=0.3,h=1.0,n=30,start_thres=1.25,min_cluster_size=3",hub,0.25,50,5,40,1730,33,4,7,1726,0.825,0.0023121387283236,0.8918918918918919,0.1081081081081081,0.1346370645544745
fbc_tfnbs,"e=0.3,h=2.0,n=30,start_thres=1.25,min_cluster_size=3",hub,0.25,50,5,40,1730,33,4,7,1726,0.825,0.0023121387283236,0.8918918918918919,0.1081081081081081,0.1346370645544745
fbc_tfnbs,"e=0.3,h=3.0,n=30,start_thres=1.25,min_cluster_size=3",hub,0.25,50,5,40,1730,33,5,7,1725,0.825,0.0028901734104046,0.868421052631579,0.131578947368421,0.1346370645544745
fbc_tfnbs,"e=0.3,h=4.0,n=30,start_thres=1.25,min_cluster_size=3",hub,0.25,50,5,40,1730,33,4,7,1726,0.825,0.0023121387283236,0.8918918918918919,0.1081081081081081,0.1346370645544745
fbc_tfnbs,"e=0.3,h=5.0,n=30,start_thres=1.25,min_cluster_size=3",hub,0.25,50,5,40,1730,33,4,7,1726,0.825,0.0023121387283236,0.8918918918918919,0.1081081081081081,0.1346370645544745
fbc_tfnbs,"e=0.3,h=6.0,n=30,start_thres=1.25,min_cluster_size=3",hub,0.25,50,5,40,1730,33,4,7,1726,0.825,0.0023121387283236,0.8918918918918919,0.1081081081081081,0.1346370645544745
fbc_tfnbs,"e=0.3,h=7.0,n=30,start_thres=1.25,min_cluster_size=3",hub,0.25,50,5,40,1730,33,4,7,1726,0.825,0.0023121387283236,0.8918918918918919,0.1081081081081081,0.1346370645544745
fbc_tfnbs,"e=0.3,h=8.0,n=30,start_thres=1.25,min_cluster_size=3",hub,0.25,50,5,40,1730,33,4,7,1726,0.825,0.0023121387283236,0.8918918918918919,0.1081081081081081,0.1346370645544745
fbc_tfnbs,"e=0.3,h=9.0,n=30,start_thres=1.25,min_cluster_size=3",hub,0.25,50,5,40,1730,33,4,7,1726,0.825,0.0023121387283236,0.8918918918918919,0.1081081081081081,0.1346370645544745
fbc_tfnbs,"e=0.3,h=10.0,n=30,start_thres=1.25,min_cluster_size=3",hub,0.25,50,5,40,1730,33,4,7,1726,0.825,0.0023121387283236,0.8918918918918919,0.1081081081081081,0.1346370645544745
fbc_tfnbs,"e=0.4,h=0.5,n=30,start_thres=1.25,min_cluster_size=3",hub,0.25,50,5,40,1730,33,4,7,1726,0.825,0.0023121387283236,0.8918918918918919,0.1081081081081081,0.1346370645544745
fbc_tfnbs,"e=0.4,h=1.0,n=30,start_thres=1.25,min_cluster_size=3",hub,0.25,50,5,40,1730,33,5,7,1725,0.825,0.0028901734104046,0.868421052631579,0.131578947368421,0.1346370645544745
fbc_tfnbs,"e=0.4,h=2.0,n=30,start_thres=1.25,min_cluster_size=3",hub,0.25,50,5,40,1730,33,5,7,1725,0.825,0.0028901734104046,0.868421052631579,0.131578947368421,0.1346370645544745
fbc_tfnbs,"e=0.4,h=3.0,n=30,start_thres=1.25,min_cluster_size=3",hub,0.25,50,5,40,1730,33,5,7,1725,0.825,0.0028901734104046,0.868421052631579,0.131578947368421,0.1346370645544745
fbc_tfnbs,"e=0.4,h=4.0,n=30,start_thres=1.25,min_cluster_size=3",hub,0.25,50,5,40,1730,33,5,7,1725,0.825,0.0028901734104046,0.868421052631579,0.131578947368421,0.1346370645544745
fbc_tfnbs,"e=0.4,h=5.0,n=30,start_thres=1.25,min_cluster_size=3",hub,0.25,50,5,40,1730,33,5,7,1725,0.825,0.0028901734104046,0.868421052631579,0.131578947368421,0.1346370645544745
fbc_tfnbs,"e=0.4,h=6.0,n=30,start_thres=1.25,min_cluster_size=3",hub,0.25,50,5,40,1730,33,5,7,1725,0.825,0.0028901734104046,0.868421052631579,0.131578947368421,0.1346370645544745
fbc_tfnbs,"e=0.4,h=7.0,n=30,start_thres=1.25,min_cluster_size=3",hub,0.25,50,5,40,1730,33,4,7,1726,0.825,0.0023121387283236,0.8918918918918919,0.1081081081081081,0.1346370645544745
fbc_tfnbs,"e=0.4,h=8.0,n=30,start_thres=1.25,min_cluster_size=3",hub,0.25,50,5,40,1730,33,4,7,1726,0.825,0.0023121387283236,0.8918918918918919,0.1081081081081081,0.1346370645544745
fbc_tfnbs,"e=0.4,h=9.0,n=30,start_thres=1.25,min_cluster_size=3",hub,0.25,50,5,40,1730,33,4,7,1726,0.825,0.0023121387283236,0.8918918918918919,0.1081081081081081,0.1346370645544745
fbc_tfnbs,"e=0.4,h=10.0,n=30,start_thres=1.25,min_cluster_size=3",hub,0.25,50,5,40,1730,33,4,7,1726,0.825,0.0023121387283236,0.8918918918918919,0.1081081081081081,0.1346370645544745
fbc_tfnbs,"e=0.5,h=0.5,n=30,start_thres=1.25,min_cluster_size=3",hub,0.25,50,5,40,1730,33,4,7,1726,0.825,0.0023121387283236,0.8918918918918919,0.1081081081081081,0.1346370645544745
fbc_tfnbs,"e=0.5,h=1.0,n=30,start_thres=1.25,min_cluster_size=3",hub,0.25,50,5,40,1730,33,5,7,1725,0.825,0.0028901734104046,0.868421052631579,0.131578947368421,0.1346370645544745
fbc_tfnbs,"e=0.5,h=2.0,n=30,start_thres=1.25,min_cluster_size=3",hub,0.25,50,5,40,1730,33,5,7,1725,0.825,0.0028901734104046,0.868421052631579,0.131578947368421,0.1346370645544745
fbc_tfnbs,"e=0.5,h=3.0,n=30,start_thres=1.25,min_cluster_size=3",hub,0.25,50,5,40,1730,33,5,7,1725,0.825,0.0028901734104046,0.868421052631579,0.131578947368421,0.1346370645544745
fbc_tfnbs,"e=0.5,h=4.0,n=30,start_thres=1.25,min_cluster_size=3",hub,0.25,50,5,40,1730,33,5,7,1725,0.825,0.0028901734104046,0.868421052631579,0.131578947368421,0.1346370645544745
fbc_tfnbs,"e=0.5,h=5.0,n=30,start_thres=1.25,min_cluster_size=3",hub,0.25,50,5,40,1730,33,5,7,1725,0.825,0.0028901734104046,0.868421052631579,0.131578947368421,0.1346370645544745
fbc_tfnbs,"e=0.5,h=6.0,n=30,start_thres=1.25,min_cluster_size=3",hub,0.25,50,5,40,1730,33,5,7,1725,0.825,0.0028901734104046,0.868421052631579,0.131578947368421,0.1346370645544745
fbc_tfnbs,"e=0.5,h=7.0,n=30,start_thres=1.25,min_cluster_size=3",hub,0.25,50,5,40,1730,33,5,7,1725,0.825,0.0028901734104046,0.868421052631579,0.131578947368421,0.1346370645544745
fbc_tfnbs,"e=0.5,h=8.0,n=30,start_thres=1.25,min_cluster_size=3",hub,0.25,50,5,40,1730,33,5,7,1725,0.825,0.0028901734104046,0.868421052631579,0.131578947368421,0.1346370645544745
fbc_tfnbs,"e=0.5,h=9.0,n=30,start_thres=1.25,min_cluster_size=3",hub,0.25,50,5,40,1730,33,5,7,1725,0.825,0.0028901734104046,0.868421052631579,0.131578947368421,0.1346370645544745
fbc_tfnbs,"e=0.5,h=10.0,n=30,start_thres=1.25,min_cluster_size=3",hub,0.25,50,5,40,1730,33,4,7,1726,0.825,0.0023121387283236,0.8918918918918919,0.1081081081081081,0.1346370645544745
fbc_tfnbs,"e=0.6,h=0.5,n=30,start_thres=1.25,min_cluster_size=3",hub,0.25,50,5,40,1730,32,4,8,1726,0.8,0.0023121387283236,0.8888888888888888,0.1111111111111111,0.1346370645544745
fbc_tfnbs,"e=0.6,h=1.0,n=30,start_thres=1.25,min_cluster_size=3",hub,0.25,50,5,40,1730,33,5,7,1725,0.825,0.0028901734104046,0.868421052631579,0.131578947368421,0.1346370645544745
fbc_tfnbs,"e=0.6,h=2.0,n=30,start_thres=1.25,min_cluster_size=3",hub,0.25,50,5,40,1730,33,5,7,1725,0.825,0.0028901734104046,0.868421052631579,0.131578947368421,0.1346370645544745
fbc_tfnbs,"e=0.6,h=3.0,n=30,start_thres=1.25,min_cluster_size=3",hub,0.25,50,5,40,1730,33,5,7,1725,0.825,0.0028901734104046,0.868421052631579,0.131578947368421,0.1346370645544745
fbc_tfnbs,"e=0.6,h=4.0,n=30,start_thres=1.25,min_cluster_size=3",hub,0.25,50,5,40,1730,33,5,7,1725,0.825,0.0028901734104046,0.868421052631579,0.131578947368421,0.1346370645544745
fbc_tfnbs,"e=0.6,h=5.0,n=30,start_thres=1.25,min_cluster_size=3",hub,0.25,50,5,40,1730,33,5,7,1725,0.825,0.0028901734104046,0.868421052631579,0.131578947368421,0.1346370645544745
fbc_tfnbs,"e=0.6,h=6.0,n=30,start_thres=1.25,min_cluster_size=3",hub,0.25,50,5,40,1730,33,5,7,1725,0.825,0.0028901734104046,0.868421052631579,0.131578947368421,0.1346370645544745
fbc_tfnbs,"e=0.6,h=7.0,n=30,start_thres=1.25,min_cluster_size=3",hub,0.25,50,5,40,1730,33,5,7,1725,0.825,0.0028901734104046,0.868421052631579,0.131578947368421,0.1346370645544745
fbc_tfnbs,"e=0.6,h=8.0,n=30,start_thres=1.25,min_cluster_size=3",hub,0.25,50,5,40,1730,33,5,7,1725,0.825,0.0028901734104046,0.868421052631579,0.131578947368421,0.1346370645544745
fbc_tfnbs,"e=0.6,h=9.0,n=30,start_thres=1.25,min_cluster_size=3",hub,0.25,50,5,40,1730,33,5,7,1725,0.825,0.0028901734104046,0.868421052631579,0.131578947368421,0.1346370645544745
fbc_tfnbs,"e=0.6,h=10.0,n=30,start_thres=1.25,min_cluster_size=3",hub,0.25,50,5,40,1730,33,5,7,1725,0.825,0.0028901734104046,0.868421052631579,0.131578947368421,0.1346370645544745
fbc_tfnbs,"e=0.7,h=0.5,n=30,start_thres=1.25,min_cluster_size=3",hub,0.25,50,5,40,1730,32,5,8,1725,0.8,0.0028901734104046,0.8648648648648649,0.1351351351351351,0.1346370645544745
fbc_tfnbs,"e=0.7,h=1.0,n=30,start_thres=1.25,min_cluster_size=3",hub,0.25,50,5,40,1730,33,5,7,1725,0.825,0.0028901734104046,0.868421052631579,0.131578947368421,0.1346370645544745
fbc_tfnbs,"e=0.7,h=2.0,n=30,start_thres=1.25,min_cluster_size=3",hub,0.25,50,5,40,1730,33,6,7,1724,0.825,0.0034682080924855,0.8461538461538461,0.1538461538461538,0.1346370645544745
fbc_tfnbs,"e=0.7,h=3.0,n=30,start_thres=1.25,min_cluster_size=3",hub,0.25,50,5,40,1730,33,6,7,1724,0.825,0.0034682080924855,0.8461538461538461,0.1538461538461538,0.1346370645544745
fbc_tfnbs,"e=0.7,h=4.0,n=30,start_thres=1.25,min_cluster_size=3",hub,0.25,50,5,40,1730,33,6,7,1724,0.825,0.0034682080924855,0.8461538461538461,0.1538461538461538,0.1346370645544745
fbc_tfnbs,"e=0.7,h=5.0,n=30,start_thres=1.25,min_cluster_size=3",hub,0.25,50,5,40,1730,33,5,7,1725,0.825,0.0028901734104046,0.868421052631579,0.131578947368421,0.1346370645544745
fbc_tfnbs,"e=0.7,h=6.0,n=30,start_thres=1.25,min_cluster_size=3",hub,0.25,50,5,40,1730,35,5,5,1725,0.875,0.0028901734104046,0.875,0.125,0.1346370645544745
fbc_tfnbs,"e=0.7,h=7.0,n=30,start_thres=1.25,min_cluster_size=3",hub,0.25,50,5,40,1730,35,5,5,1725,0.875,0.0028901734104046,0.875,0.125,0.1346370645544745
fbc_tfnbs,"e=0.7,h=8.0,n=30,start_thres=1.25,min_cluster_size=3",hub,0.25,50,5,40,1730,35,5,5,1725,0.875,0.0028901734104046,0.875,0.125,0.1346370645544745
fbc_tfnbs,"e=0.7,h=9.0,n=30,start_thres=1.25,min_cluster_size=3",hub,0.25,50,5,40,1730,35,5,5,1725,0.875,0.0028901734104046,0.875,0.125,0.1346370645544745
fbc_tfnbs,"e=0.7,h=10.0,n=30,start_thres=1.25,min_cluster_size=3",hub,0.25,50,5,40,1730,33,5,7,1725,0.825,0.0028901734104046,0.868421052631579,0.131578947368421,0.1346370645544745
fbc_tfnbs,"e=0.8,h=0.5,n=30,start_thres=1.25,min_cluster_size=3",hub,0.25,50,5,40,1730,31,5,9,1725,0.775,0.0028901734104046,0.8611111111111112,0.1388888888888889,0.1346370645544745
fbc_tfnbs,"e=0.8,h=1.0,n=30,start_thres=1.25,min_cluster_size=3",hub,0.25,50,5,40,1730,32,6,8,1724,0.8,0.0034682080924855,0.8421052631578947,0.1578947368421052,0.1346370645544745
fbc_tfnbs,"e=0.8,h=2.0,n=30,start_thres=1.25,min_cluster_size=3",hub,0.25,50,5,40,1730,33,6,7,1724,0.825,0.0034682080924855,0.8461538461538461,0.1538461538461538,0.1346370645544745
fbc_tfnbs,"e=0.8,h=3.0,n=30,start_thres=1.25,min_cluster_size=3",hub,0.25,50,5,40,1730,33,6,7,1724,0.825,0.0034682080924855,0.8461538461538461,0.1538461538461538,0.1346370645544745
fbc_tfnbs,"e=0.8,h=4.0,n=30,start_thres=1.25,min_cluster_size=3",hub,0.25,50,5,40,1730,33,6,7,1724,0.825,0.0034682080924855,0.8461538461538461,0.1538461538461538,0.1346370645544745
fbc_tfnbs,"e=0.8,h=5.0,n=30,start_thres=1.25,min_cluster_size=3",hub,0.25,50,5,40,1730,35,6,5,1724,0.875,0.0034682080924855,0.8536585365853658,0.1463414634146341,0.1346370645544745
fbc_tfnbs,"e=0.8,h=6.0,n=30,start_thres=1.25,min_cluster_size=3",hub,0.25,50,5,40,1730,35,6,5,1724,0.875,0.0034682080924855,0.8536585365853658,0.1463414634146341,0.1346370645544745
fbc_tfnbs,"e=0.8,h=7.0,n=30,start_thres=1.25,min_cluster_size=3",hub,0.25,50,5,40,1730,35,5,5,1725,0.875,0.0028901734104046,0.875,0.125,0.1346370645544745
fbc_tfnbs,"e=0.8,h=8.0,n=30,start_thres=1.25,min_cluster_size=3",hub,0.25,50,5,40,1730,35,5,5,1725,0.875,0.0028901734104046,0.875,0.125,0.1346370645544745
fbc_tfnbs,"e=0.8,h=9.0,n=30,start_thres=1.25,min_cluster_size=3",hub,0.25,50,5,40,1730,35,5,5,1725,0.875,0.0028901734104046,0.875,0.125,0.1346370645544745
fbc_tfnbs,"e=0.8,h=10.0,n=30,start_thres=1.25,min_cluster_size=3",hub,0.25,50,5,40,1730,35,5,5,1725,0.875,0.0028901734104046,0.875,0.125,0.1346370645544745
fbc_tfnbs,"e=0.9,h=0.5,n=30,start_thres=1.25,min_cluster_size=3",hub,0.25,50,5,40,1730,31,5,9,1725,0.775,0.0028901734104046,0.8611111111111112,0.1388888888888889,0.1346370645544745
fbc_tfnbs,"e=0.9,h=1.0,n=30,start_thres=1.25,min_cluster_size=3",hub,0.25,50,5,40,1730,32,5,8,1725,0.8,0.0028901734104046,0.8648648648648649,0.1351351351351351,0.1346370645544745
fbc_tfnbs,"e=0.9,h=2.0,n=30,start_thres=1.25,min_cluster_size=3",hub,0.25,50,5,40,1730,33,6,7,1724,0.825,0.0034682080924855,0.8461538461538461,0.1538461538461538,0.1346370645544745
fbc_tfnbs,"e=0.9,h=3.0,n=30,start_thres=1.25,min_cluster_size=3",hub,0.25,50,5,40,1730,33,6,7,1724,0.825,0.0034682080924855,0.8461538461538461,0.1538461538461538,0.1346370645544745
fbc_tfnbs,"e=0.9,h=4.0,n=30,start_thres=1.25,min_cluster_size=3",hub,0.25,50,5,40,1730,33,6,7,1724,0.825,0.0034682080924855,0.8461538461538461,0.1538461538461538,0.1346370645544745
fbc_tfnbs,"e=0.9,h=5.0,n=30,start_thres=1.25,min_cluster_size=3",hub,0.25,50,5,40,1730,35,6,5,1724,0.875,0.0034682080924855,0.8536585365853658,0.1463414634146341,0.1346370645544745
fbc_tfnbs,"e=0.9,h=6.0,n=30,start_thres=1.25,min_cluster_size=3",hub,0.25,50,5,40,1730,35,6,5,1724,0.875,0.0034682080924855,0.8536585365853658,0.1463414634146341,0.1346370645544745
fbc_tfnbs,"e=0.9,h=7.0,n=30,start_thres=1.25,min_cluster_size=3",hub,0.25,50,5,40,1730,35,6,5,1724,0.875,0.0034682080924855,0.8536585365853658,0.1463414634146341,0.1346370645544745
fbc_tfnbs,"e=0.9,h=8.0,n=30,start_thres=1.25,min_cluster_size=3",hub,0.25,50,5,40,1730,35,6,5,1724,0.875,0.0034682080924855,0.8536585365853658,0.1463414634146341,0.1346370645544745
fbc_tfnbs,"e=0.9,h=9.0,n=30,start_thres=1.25,min_cluster_size=3",hub,0.25,50,5,40,1730,35,5,5,1725,0.875,0.0028901734104046,0.875,0.125,0.1346370645544745
fbc_tfnbs,"e=0.9,h=10.0,n=30,start_thres=1.25,min_cluster_size=3",hub,0.25,50,5,40,1730,35,5,5,1725,0.875,0.0028901734104046,0.875,0.125,0.1346370645544745
fbc_tfnbs,"e=1.0,h=0.5,n=30,start_thres=1.25,min_cluster_size=3",hub,0.25,50,5,40,1730,26,4,14,1726,0.65,0.0023121387283236,0.8666666666666667,0.1333333333333333,0.1346370645544745
fbc_tfnbs,"e=1.0,h=1.0,n=30,start_thres=1.25,min_cluster_size=3",hub,0.25,50,5,40,1730,31,5,9,1725,0.775,0.0028901734104046,0.8611111111111112,0.1388888888888889,0.1346370645544745
fbc_tfnbs,"e=1.0,h=2.0,n=30,start_thres=1.25,min_cluster_size=3",hub,0.25,50,5,40,1730,33,7,7,1723,0.825,0.0040462427745664,0.825,0.175,0.1346370645544745
fbc_tfnbs,"e=1.0,h=3.0,n=30,start_thres=1.25,min_cluster_size=3",hub,0.25,50,5,40,1730,33,6,7,1724,0.825,0.0034682080924855,0.8461538461538461,0.1538461538461538,0.1346370645544745
fbc_tfnbs,"e=1.0,h=4.0,n=30,start_thres=1.25,min_cluster_size=3",hub,0.25,50,5,40,1730,33,6,7,1724,0.825,0.0034682080924855,0.8461538461538461,0.1538461538461538,0.1346370645544745
fbc_tfnbs,"e=1.0,h=5.0,n=30,start_thres=1.25,min_cluster_size=3",hub,0.25,50,5,40,1730,33,6,7,1724,0.825,0.0034682080924855,0.8461538461538461,0.1538461538461538,0.1346370645544745
fbc_tfnbs,"e=1.0,h=6.0,n=30,start_thres=1.25,min_cluster_size=3",hub,0.25,50,5,40,1730,35,6,5,1724,0.875,0.0034682080924855,0.8536585365853658,0.1463414634146341,0.1346370645544745
fbc_tfnbs,"e=1.0,h=7.0,n=30,start_thres=1.25,min_cluster_size=3",hub,0.25,50,5,40,1730,35,6,5,1724,0.875,0.0034682080924855,0.8536585365853658,0.1463414634146341,0.1346370645544745
fbc_tfnbs,"e=1.0,h=8.0,n=30,start_thres=1.25,min_cluster_size=3",hub,0.25,50,5,40,1730,35,6,5,1724,0.875,0.0034682080924855,0.8536585365853658,0.1463414634146341,0.1346370645544745
fbc_tfnbs,"e=1.0,h=9.0,n=30,start_thres=1.25,min_cluster_size=3",hub,0.25,50,5,40,1730,35,6,5,1724,0.875,0.0034682080924855,0.8536585365853658,0.1463414634146341,0.1346370645544745
fbc_tfnbs,"e=1.0,h=10.0,n=30,start_thres=1.25,min_cluster_size=3",hub,0.25,50,5,40,1730,35,5,5,1725,0.875,0.0028901734104046,0.875,0.125,0.1346370645544745
fbc_tfnbs,"e=1.1,h=0.5,n=30,start_thres=1.25,min_cluster_size=3",hub,0.25,50,5,40,1730,26,3,14,1727,0.65,0.0017341040462427,0.896551724137931,0.1034482758620689,0.1346370645544745
fbc_tfnbs,"e=1.1,h=1.0,n=30,start_thres=1.25,min_cluster_size=3",hub,0.25,50,5,40,1730,30,5,10,1725,0.75,0.0028901734104046,0.8571428571428571,0.1428571428571428,0.1346370645544745
fbc_tfnbs,"e=1.1,h=2.0,n=30,start_thres=1.25,min_cluster_size=3",hub,0.25,50,5,40,1730,32,7,8,1723,0.8,0.0040462427745664,0.8205128205128205,0.1794871794871795,0.1346370645544745
fbc_tfnbs,"e=1.1,h=3.0,n=30,start_thres=1.25,min_cluster_size=3",hub,0.25,50,5,40,1730,33,7,7,1723,0.825,0.0040462427745664,0.825,0.175,0.1346370645544745
fbc_tfnbs,"e=1.1,h=4.0,n=30,start_thres=1.25,min_cluster_size=3",hub,0.25,50,5,40,1730,33,7,7,1723,0.825,0.0040462427745664,0.825,0.175,0.1346370645544745
fbc_tfnbs,"e=1.1,h=5.0,n=30,start_thres=1.25,min_cluster_size=3",hub,0.25,50,5,40,1730,34,6,6,1724,0.85,0.0034682080924855,0.85,0.15,0.1346370645544745
fbc_tfnbs,"e=1.1,h=6.0,n=30,start_thres=1.25,min_cluster_size=3",hub,0.25,50,5,40,1730,36,6,4,1724,0.9,0.0034682080924855,0.8571428571428571,0.1428571428571428,0.1346370645544745
fbc_tfnbs,"e=1.1,h=7.0,n=30,start_thres=1.25,min_cluster_size=3",hub,0.25,50,5,40,1730,36,6,4,1724,0.9,0.0034682080924855,0.8571428571428571,0.1428571428571428,0.1346370645544745
fbc_tfnbs,"e=1.1,h=8.0,n=30,start_thres=1.25,min_cluster_size=3",hub,0.25,50,5,40,1730,35,6,5,1724,0.875,0.0034682080924855,0.8536585365853658,0.1463414634146341,0.1346370645544745
fbc_tfnbs,"e=1.1,h=9.0,n=30,start_thres=1.25,min_cluster_size=3",hub,0.25,50,5,40,1730,35,6,5,1724,0.875,0.0034682080924855,0.8536585365853658,0.1463414634146341,0.1346370645544745
fbc_tfnbs,"e=1.1,h=10.0,n=30,start_thres=1.25,min_cluster_size=3",hub,0.25,50,5,40,1730,35,6,5,1724,0.875,0.0034682080924855,0.8536585365853658,0.1463414634146341,0.1346370645544745
fbc_tfnbs,"e=1.2,h=0.5,n=30,start_thres=1.25,min_cluster_size=3",hub,0.25,50,5,40,1730,26,3,14,1727,0.65,0.0017341040462427,0.896551724137931,0.1034482758620689,0.1346370645544745
fbc_tfnbs,"e=1.2,h=1.0,n=30,start_thres=1.25,min_cluster_size=3",hub,0.25,50,5,40,1730,26,4,14,1726,0.65,0.0023121387283236,0.8666666666666667,0.1333333333333333,0.1346370645544745
fbc_tfnbs,"e=1.2,h=2.0,n=30,start_thres=1.25,min_cluster_size=3",hub,0.25,50,5,40,1730,31,7,9,1723,0.775,0.0040462427745664,0.8157894736842105,0.1842105263157894,0.1346370645544745
fbc_tfnbs,"e=1.2,h=3.0,n=30,start_thres=1.25,min_cluster_size=3",hub,0.25,50,5,40,1730,33,7,7,1723,0.825,0.0040462427745664,0.825,0.175,0.1346370645544745
fbc_tfnbs,"e=1.2,h=4.0,n=30,start_thres=1.25,min_cluster_size=3",hub,0.25,50,5,40,1730,33,7,7,1723,0.825,0.0040462427745664,0.825,0.175,0.1346370645544745
fbc_tfnbs,"e=1.2,h=5.0,n=30,start_thres=1.25,min_cluster_size=3",hub,0.25,50,5,40,1730,34,7,6,1723,0.85,0.0040462427745664,0.8292682926829268,0.1707317073170731,0.1346370645544745
fbc_tfnbs,"e=1.2,h=6.0,n=30,start_thres=1.25,min_cluster_size=3",hub,0.25,50,5,40,1730,36,7,4,1723,0.9,0.0040462427745664,0.8372093023255814,0.1627906976744186,0.1346370645544745
fbc_tfnbs,"e=1.2,h=7.0,n=30,start_thres=1.25,min_cluster_size=3",hub,0.25,50,5,40,1730,36,6,4,1724,0.9,0.0034682080924855,0.8571428571428571,0.1428571428571428,0.1346370645544745
fbc_tfnbs,"e=1.2,h=8.0,n=30,start_thres=1.25,min_cluster_size=3",hub,0.25,50,5,40,1730,36,6,4,1724,0.9,0.0034682080924855,0.8571428571428571,0.1428571428571428,0.1346370645544745
fbc_tfnbs,"e=1.2,h=9.0,n=30,start_thres=1.25,min_cluster_size=3",hub,0.25,50,5,40,1730,36,6,4,1724,0.9,0.0034682080924855,0.8571428571428571,0.1428571428571428,0.1346370645544745
fbc_tfnbs,"e=1.2,h=10.0,n=30,start_thres=1.25,min_cluster_size=3",hub,0.25,50,5,40,1730,35,6,5,1724,0.875,0.0034682080924855,0.8536585365853658,0.1463414634146341,0.1346370645544745
fbc_tfnbs,"e=1.3,h=0.5,n=30,start_thres=1.25,min_cluster_size=3",hub,0.25,50,5,40,1730,24,3,16,1727,0.6,0.0017341040462427,0.8888888888888888,0.1111111111111111,0.1346370645544745
fbc_tfnbs,"e=1.3,h=1.0,n=30,start_thres=1.25,min_cluster_size=3",hub,0.25,50,5,40,1730,26,3,14,1727,0.65,0.0017341040462427,0.896551724137931,0.1034482758620689,0.1346370645544745
fbc_tfnbs,"e=1.3,h=2.0,n=30,start_thres=1.25,min_cluster_size=3",hub,0.25,50,5,40,1730,31,6,9,1724,0.775,0.0034682080924855,0.8378378378378378,0.1621621621621621,0.1346370645544745
fbc_tfnbs,"e=1.3,h=3.0,n=30,start_thres=1.25,min_cluster_size=3",hub,0.25,50,5,40,1730,33,7,7,1723,0.825,0.0040462427745664,0.825,0.175,0.1346370645544745
fbc_tfnbs,"e=1.3,h=4.0,n=30,start_thres=1.25,min_cluster_size=3",hub,0.25,50,5,40,1730,35,8,5,1722,0.875,0.0046242774566473,0.813953488372093,0.1860465116279069,0.1346370645544745
fbc_tfnbs,"e=1.3,h=5.0,n=30,start_thres=1.25,min_cluster_size=3",hub,0.25,50,5,40,1730,34,7,6,1723,0.85,0.0040462427745664,0.8292682926829268,0.1707317073170731,0.1346370645544745
fbc_tfnbs,"e=1.3,h=6.0,n=30,start_thres=1.25,min_cluster_size=3",hub,0.25,50,5,40,1730,36,7,4,1723,0.9,0.0040462427745664,0.8372093023255814,0.1627906976744186,0.1346370645544745
fbc_tfnbs,"e=1.3,h=7.0,n=30,start_thres=1.25,min_cluster_size=3",hub,0.25,50,5,40,1730,36,7,4,1723,0.9,0.0040462427745664,0.8372093023255814,0.1627906976744186,0.1346370645544745
fbc_tfnbs,"e=1.3,h=8.0,n=30,start_thres=1.25,min_cluster_size=3",hub,0.25,50,5,40,1730,36,6,4,1724,0.9,0.0034682080924855,0.8571428571428571,0.1428571428571428,0.1346370645544745
fbc_tfnbs,"e=1.3,h=9.0,n=30,start_thres=1.25,min_cluster_size=3",hub,0.25,50,5,40,1730,36,6,4,1724,0.9,0.0034682080924855,0.8571428571428571,0.1428571428571428,0.1346370645544745
fbc_tfnbs,"e=1.3,h=10.0,n=30,start_thres=1.25,min_cluster_size=3",hub,0.25,50,5,40,1730,36,6,4,1724,0.9,0.0034682080924855,0.8571428571428571,0.1428571428571428,0.1346370645544745
fbc_tfnbs,"e=1.4,h=0.5,n=30,start_thres=1.25,min_cluster_size=3",hub,0.25,50,5,40,1730,24,3,16,1727,0.6,0.0017341040462427,0.8888888888888888,0.1111111111111111,0.1346370645544745
fbc_tfnbs,"e=1.4,h=1.0,n=30,start_thres=1.25,min_cluster_size=3",hub,0.25,50,5,40,1730,26,3,14,1727,0.65,0.0017341040462427,0.896551724137931,0.1034482758620689,0.1346370645544745
fbc_tfnbs,"e=1.4,h=2.0,n=30,start_thres=1.25,min_cluster_size=3",hub,0.25,50,5,40,1730,27,6,13,1724,0.675,0.0034682080924855,0.8181818181818182,0.1818181818181818,0.1346370645544745
fbc_tfnbs,"e=1.4,h=3.0,n=30,start_thres=1.25,min_cluster_size=3",hub,0.25,50,5,40,1730,32,7,8,1723,0.8,0.0040462427745664,0.8205128205128205,0.1794871794871795,0.1346370645544745
fbc_tfnbs,"e=1.4,h=4.0,n=30,start_thres=1.25,min_cluster_size=3",hub,0.25,50,5,40,1730,34,8,6,1722,0.85,0.0046242774566473,0.8095238095238095,0.1904761904761904,0.1346370645544745
fbc_tfnbs,"e=1.4,h=5.0,n=30,start_thres=1.25,min_cluster_size=3",hub,0.25,50,5,40,1730,35,8,5,1722,0.875,0.0046242774566473,0.813953488372093,0.1860465116279069,0.1346370645544745
fbc_tfnbs,"e=1.4,h=6.0,n=30,start_thres=1.25,min_cluster_size=3",hub,0.25,50,5,40,1730,34,7,6,1723,0.85,0.0040462427745664,0.8292682926829268,0.1707317073170731,0.1346370645544745
fbc_tfnbs,"e=1.4,h=7.0,n=30,start_thres=1.25,min_cluster_size=3",hub,0.25,50,5,40,1730,36,7,4,1723,0.9,0.0040462427745664,0.8372093023255814,0.1627906976744186,0.1346370645544745
fbc_tfnbs,"e=1.4,h=8.0,n=30,start_thres=1.25,min_cluster_size=3",hub,0.25,50,5,40,1730,36,7,4,1723,0.9,0.0040462427745664,0.8372093023255814,0.1627906976744186,0.1346370645544745
fbc_tfnbs,"e=1.4,h=9.0,n=30,start_thres=1.25,min_cluster_size=3",hub,0.25,50,5,40,1730,36,6,4,1724,0.9,0.0034682080924855,0.8571428571428571,0.1428571428571428,0.1346370645544745
fbc_tfnbs,"e=1.4,h=10.0,n=30,start_thres=1.25,min_cluster_size=3",hub,0.25,50,5,40,1730,36,6,4,1724,0.9,0.0034682080924855,0.8571428571428571,0.1428571428571428,0.1346370645544745
fbc_tfnbs,"e=1.5,h=0.5,n=30,start_thres=1.25,min_cluster_size=3",hub,0.25,50,5,40,1730,23,3,17,1727,0.575,0.0017341040462427,0.8846153846153846,0.1153846153846153,0.1346370645544745
fbc_tfnbs,"e=1.5,h=1.0,n=30,start_thres=1.25,min_cluster_size=3",hub,0.25,50,5,40,1730,24,3,16,1727,0.6,0.0017341040462427,0.8888888888888888,0.1111111111111111,0.1346370645544745
fbc_tfnbs,"e=1.5,h=2.0,n=30,start_thres=1.25,min_cluster_size=3",hub,0.25,50,5,40,1730,26,5,14,1725,0.65,0.0028901734104046,0.8387096774193549,0.1612903225806451,0.1346370645544745
fbc_tfnbs,"e=1.5,h=3.0,n=30,start_thres=1.25,min_cluster_size=3",hub,0.25,50,5,40,1730,31,7,9,1723,0.775,0.0040462427745664,0.8157894736842105,0.1842105263157894,0.1346370645544745
fbc_tfnbs,"e=1.5,h=4.0,n=30,start_thres=1.25,min_cluster_size=3",hub,0.25,50,5,40,1730,34,8,6,1722,0.85,0.0046242774566473,0.8095238095238095,0.1904761904761904,0.1346370645544745
fbc_tfnbs,"e=1.5,h=5.0,n=30,start_thres=1.25,min_cluster_size=3",hub,0.25,50,5,40,1730,35,8,5,1722,0.875,0.0046242774566473,0.813953488372093,0.1860465116279069,0.1346370645544745
fbc_tfnbs,"e=1.5,h=6.0,n=30,start_thres=1.25,min_cluster_size=3",hub,0.25,50,5,40,1730,35,8,5,1722,0.875,0.0046242774566473,0.813953488372093,0.1860465116279069,0.1346370645544745
fbc_tfnbs,"e=1.5,h=7.0,n=30,start_thres=1.25,min_cluster_size=3",hub,0.25,50,5,40,1730,37,8,3,1722,0.925,0.0046242774566473,0.8222222222222222,0.1777777777777777,0.1346370645544745
fbc_tfnbs,"e=1.5,h=8.0,n=30,start_thres=1.25,min_cluster_size=3",hub,0.25,50,5,40,1730,37,8,3,1722,0.925,0.0046242774566473,0.8222222222222222,0.1777777777777777,0.1346370645544745
fbc_tfnbs,"e=1.5,h=9.0,n=30,start_thres=1.25,min_cluster_size=3",hub,0.25,50,5,40,1730,36,7,4,1723,0.9,0.0040462427745664,0.8372093023255814,0.1627906976744186,0.1346370645544745
fbc_tfnbs,"e=1.5,h=10.0,n=30,start_thres=1.25,min_cluster_size=3",hub,0.25,50,5,40,1730,36,6,4,1724,0.9,0.0034682080924855,0.8571428571428571,0.1428571428571428,0.1346370645544745
fbc_tfnbs,"e=0.05,h=0.5,n=30,start_thres=1.25,min_cluster_size=3",hub,0.25,50,6,40,1730,21,0,19,1730,0.525,0.0,1.0,0.0,0.1364526897668838
fbc_tfnbs,"e=0.05,h=1.0,n=30,start_thres=1.25,min_cluster_size=3",hub,0.25,50,6,40,1730,21,0,19,1730,0.525,0.0,1.0,0.0,0.1364526897668838
fbc_tfnbs,"e=0.05,h=2.0,n=30,start_thres=1.25,min_cluster_size=3",hub,0.25,50,6,40,1730,21,0,19,1730,0.525,0.0,1.0,0.0,0.1364526897668838
fbc_tfnbs,"e=0.05,h=3.0,n=30,start_thres=1.25,min_cluster_size=3",hub,0.25,50,6,40,1730,21,0,19,1730,0.525,0.0,1.0,0.0,0.1364526897668838
fbc_tfnbs,"e=0.05,h=4.0,n=30,start_thres=1.25,min_cluster_size=3",hub,0.25,50,6,40,1730,21,0,19,1730,0.525,0.0,1.0,0.0,0.1364526897668838
fbc_tfnbs,"e=0.05,h=5.0,n=30,start_thres=1.25,min_cluster_size=3",hub,0.25,50,6,40,1730,22,0,18,1730,0.55,0.0,1.0,0.0,0.1364526897668838
fbc_tfnbs,"e=0.05,h=6.0,n=30,start_thres=1.25,min_cluster_size=3",hub,0.25,50,6,40,1730,21,0,19,1730,0.525,0.0,1.0,0.0,0.1364526897668838
fbc_tfnbs,"e=0.05,h=7.0,n=30,start_thres=1.25,min_cluster_size=3",hub,0.25,50,6,40,1730,21,0,19,1730,0.525,0.0,1.0,0.0,0.1364526897668838
fbc_tfnbs,"e=0.05,h=8.0,n=30,start_thres=1.25,min_cluster_size=3",hub,0.25,50,6,40,1730,21,0,19,1730,0.525,0.0,1.0,0.0,0.1364526897668838
fbc_tfnbs,"e=0.05,h=9.0,n=30,start_thres=1.25,min_cluster_size=3",hub,0.25,50,6,40,1730,21,0,19,1730,0.525,0.0,1.0,0.0,0.1364526897668838
fbc_tfnbs,"e=0.05,h=10.0,n=30,start_thres=1.25,min_cluster_size=3",hub,0.25,50,6,40,1730,21,0,19,1730,0.525,0.0,1.0,0.0,0.1364526897668838
fbc_tfnbs,"e=0.1,h=0.5,n=30,start_thres=1.25,min_cluster_size=3",hub,0.25,50,6,40,1730,21,0,19,1730,0.525,0.0,1.0,0.0,0.1364526897668838
fbc_tfnbs,"e=0.1,h=1.0,n=30,start_thres=1.25,min_cluster_size=3",hub,0.25,50,6,40,1730,21,0,19,1730,0.525,0.0,1.0,0.0,0.1364526897668838
fbc_tfnbs,"e=0.1,h=2.0,n=30,start_thres=1.25,min_cluster_size=3",hub,0.25,50,6,40,1730,22,0,18,1730,0.55,0.0,1.0,0.0,0.1364526897668838
fbc_tfnbs,"e=0.1,h=3.0,n=30,start_thres=1.25,min_cluster_size=3",hub,0.25,50,6,40,1730,22,0,18,1730,0.55,0.0,1.0,0.0,0.1364526897668838
fbc_tfnbs,"e=0.1,h=4.0,n=30,start_thres=1.25,min_cluster_size=3",hub,0.25,50,6,40,1730,22,0,18,1730,0.55,0.0,1.0,0.0,0.1364526897668838
fbc_tfnbs,"e=0.1,h=5.0,n=30,start_thres=1.25,min_cluster_size=3",hub,0.25,50,6,40,1730,22,0,18,1730,0.55,0.0,1.0,0.0,0.1364526897668838
fbc_tfnbs,"e=0.1,h=6.0,n=30,start_thres=1.25,min_cluster_size=3",hub,0.25,50,6,40,1730,22,0,18,1730,0.55,0.0,1.0,0.0,0.1364526897668838
fbc_tfnbs,"e=0.1,h=7.0,n=30,start_thres=1.25,min_cluster_size=3",hub,0.25,50,6,40,1730,22,0,18,1730,0.55,0.0,1.0,0.0,0.1364526897668838
fbc_tfnbs,"e=0.1,h=8.0,n=30,start_thres=1.25,min_cluster_size=3",hub,0.25,50,6,40,1730,22,0,18,1730,0.55,0.0,1.0,0.0,0.1364526897668838
fbc_tfnbs,"e=0.1,h=9.0,n=30,start_thres=1.25,min_cluster_size=3",hub,0.25,50,6,40,1730,22,0,18,1730,0.55,0.0,1.0,0.0,0.1364526897668838
fbc_tfnbs,"e=0.1,h=10.0,n=30,start_thres=1.25,min_cluster_size=3",hub,0.25,50,6,40,1730,22,0,18,1730,0.55,0.0,1.0,0.0,0.1364526897668838
fbc_tfnbs,"e=0.2,h=0.5,n=30,start_thres=1.25,min_cluster_size=3",hub,0.25,50,6,40,1730,22,0,18,1730,0.55,0.0,1.0,0.0,0.1364526897668838
fbc_tfnbs,"e=0.2,h=1.0,n=30,start_thres=1.25,min_cluster_size=3",hub,0.25,50,6,40,1730,22,0,18,1730,0.55,0.0,1.0,0.0,0.1364526897668838
fbc_tfnbs,"e=0.2,h=2.0,n=30,start_thres=1.25,min_cluster_size=3",hub,0.25,50,6,40,1730,22,0,18,1730,0.55,0.0,1.0,0.0,0.1364526897668838
fbc_tfnbs,"e=0.2,h=3.0,n=30,start_thres=1.25,min_cluster_size=3",hub,0.25,50,6,40,1730,22,0,18,1730,0.55,0.0,1.0,0.0,0.1364526897668838
fbc_tfnbs,"e=0.2,h=4.0,n=30,start_thres=1.25,min_cluster_size=3",hub,0.25,50,6,40,1730,22,0,18,1730,0.55,0.0,1.0,0.0,0.1364526897668838
fbc_tfnbs,"e=0.2,h=5.0,n=30,start_thres=1.25,min_cluster_size=3",hub,0.25,50,6,40,1730,22,0,18,1730,0.55,0.0,1.0,0.0,0.1364526897668838
fbc_tfnbs,"e=0.2,h=6.0,n=30,start_thres=1.25,min_cluster_size=3",hub,0.25,50,6,40,1730,22,0,18,1730,0.55,0.0,1.0,0.0,0.1364526897668838
fbc_tfnbs,"e=0.2,h=7.0,n=30,start_thres=1.25,min_cluster_size=3",hub,0.25,50,6,40,1730,22,0,18,1730,0.55,0.0,1.0,0.0,0.1364526897668838
fbc_tfnbs,"e=0.2,h=8.0,n=30,start_thres=1.25,min_cluster_size=3",hub,0.25,50,6,40,1730,23,0,17,1730,0.575,0.0,1.0,0.0,0.1364526897668838
fbc_tfnbs,"e=0.2,h=9.0,n=30,start_thres=1.25,min_cluster_size=3",hub,0.25,50,6,40,1730,23,0,17,1730,0.575,0.0,1.0,0.0,0.1364526897668838
fbc_tfnbs,"e=0.2,h=10.0,n=30,start_thres=1.25,min_cluster_size=3",hub,0.25,50,6,40,1730,23,0,17,1730,0.575,0.0,1.0,0.0,0.1364526897668838
fbc_tfnbs,"e=0.3,h=0.5,n=30,start_thres=1.25,min_cluster_size=3",hub,0.25,50,6,40,1730,20,0,20,1730,0.5,0.0,1.0,0.0,0.1364526897668838
fbc_tfnbs,"e=0.3,h=1.0,n=30,start_thres=1.25,min_cluster_size=3",hub,0.25,50,6,40,1730,21,0,19,1730,0.525,0.0,1.0,0.0,0.1364526897668838
fbc_tfnbs,"e=0.3,h=2.0,n=30,start_thres=1.25,min_cluster_size=3",hub,0.25,50,6,40,1730,22,0,18,1730,0.55,0.0,1.0,0.0,0.1364526897668838
fbc_tfnbs,"e=0.3,h=3.0,n=30,start_thres=1.25,min_cluster_size=3",hub,0.25,50,6,40,1730,22,0,18,1730,0.55,0.0,1.0,0.0,0.1364526897668838
fbc_tfnbs,"e=0.3,h=4.0,n=30,start_thres=1.25,min_cluster_size=3",hub,0.25,50,6,40,1730,22,0,18,1730,0.55,0.0,1.0,0.0,0.1364526897668838
fbc_tfnbs,"e=0.3,h=5.0,n=30,start_thres=1.25,min_cluster_size=3",hub,0.25,50,6,40,1730,22,0,18,1730,0.55,0.0,1.0,0.0,0.1364526897668838
fbc_tfnbs,"e=0.3,h=6.0,n=30,start_thres=1.25,min_cluster_size=3",hub,0.25,50,6,40,1730,23,0,17,1730,0.575,0.0,1.0,0.0,0.1364526897668838
fbc_tfnbs,"e=0.3,h=7.0,n=30,start_thres=1.25,min_cluster_size=3",hub,0.25,50,6,40,1730,23,0,17,1730,0.575,0.0,1.0,0.0,0.1364526897668838
fbc_tfnbs,"e=0.3,h=8.0,n=30,start_thres=1.25,min_cluster_size=3",hub,0.25,50,6,40,1730,23,0,17,1730,0.575,0.0,1.0,0.0,0.1364526897668838
fbc_tfnbs,"e=0.3,h=9.0,n=30,start_thres=1.25,min_cluster_size=3",hub,0.25,50,6,40,1730,23,0,17,1730,0.575,0.0,1.0,0.0,0.1364526897668838
fbc_tfnbs,"e=0.3,h=10.0,n=30,start_thres=1.25,min_cluster_size=3",hub,0.25,50,6,40,1730,23,0,17,1730,0.575,0.0,1.0,0.0,0.1364526897668838
fbc_tfnbs,"e=0.4,h=0.5,n=30,start_thres=1.25,min_cluster_size=3",hub,0.25,50,6,40,1730,20,0,20,1730,0.5,0.0,1.0,0.0,0.1364526897668838
fbc_tfnbs,"e=0.4,h=1.0,n=30,start_thres=1.25,min_cluster_size=3",hub,0.25,50,6,40,1730,20,0,20,1730,0.5,0.0,1.0,0.0,0.1364526897668838
fbc_tfnbs,"e=0.4,h=2.0,n=30,start_thres=1.25,min_cluster_size=3",hub,0.25,50,6,40,1730,22,0,18,1730,0.55,0.0,1.0,0.0,0.1364526897668838
fbc_tfnbs,"e=0.4,h=3.0,n=30,start_thres=1.25,min_cluster_size=3",hub,0.25,50,6,40,1730,22,0,18,1730,0.55,0.0,1.0,0.0,0.1364526897668838
fbc_tfnbs,"e=0.4,h=4.0,n=30,start_thres=1.25,min_cluster_size=3",hub,0.25,50,6,40,1730,22,0,18,1730,0.55,0.0,1.0,0.0,0.1364526897668838
fbc_tfnbs,"e=0.4,h=5.0,n=30,start_thres=1.25,min_cluster_size=3",hub,0.25,50,6,40,1730,23,0,17,1730,0.575,0.0,1.0,0.0,0.1364526897668838
fbc_tfnbs,"e=0.4,h=6.0,n=30,start_thres=1.25,min_cluster_size=3",hub,0.25,50,6,40,1730,23,0,17,1730,0.575,0.0,1.0,0.0,0.1364526897668838
fbc_tfnbs,"e=0.4,h=7.0,n=30,start_thres=1.25,min_cluster_size=3",hub,0.25,50,6,40,1730,23,0,17,1730,0.575,0.0,1.0,0.0,0.1364526897668838
fbc_tfnbs,"e=0.4,h=8.0,n=30,start_thres=1.25,min_cluster_size=3",hub,0.25,50,6,40,1730,23,0,17,1730,0.575,0.0,1.0,0.0,0.1364526897668838
fbc_tfnbs,"e=0.4,h=9.0,n=30,start_thres=1.25,min_cluster_size=3",hub,0.25,50,6,40,1730,23,0,17,1730,0.575,0.0,1.0,0.0,0.1364526897668838
fbc_tfnbs,"e=0.4,h=10.0,n=30,start_thres=1.25,min_cluster_size=3",hub,0.25,50,6,40,1730,23,0,17,1730,0.575,0.0,1.0,0.0,0.1364526897668838
fbc_tfnbs,"e=0.5,h=0.5,n=30,start_thres=1.25,min_cluster_size=3",hub,0.25,50,6,40,1730,19,0,21,1730,0.475,0.0,1.0,0.0,0.1364526897668838
fbc_tfnbs,"e=0.5,h=1.0,n=30,start_thres=1.25,min_cluster_size=3",hub,0.25,50,6,40,1730,20,0,20,1730,0.5,0.0,1.0,0.0,0.1364526897668838
fbc_tfnbs,"e=0.5,h=2.0,n=30,start_thres=1.25,min_cluster_size=3",hub,0.25,50,6,40,1730,21,0,19,1730,0.525,0.0,1.0,0.0,0.1364526897668838
fbc_tfnbs,"e=0.5,h=3.0,n=30,start_thres=1.25,min_cluster_size=3",hub,0.25,50,6,40,1730,22,0,18,1730,0.55,0.0,1.0,0.0,0.1364526897668838
fbc_tfnbs,"e=0.5,h=4.0,n=30,start_thres=1.25,min_cluster_size=3",hub,0.25,50,6,40,1730,22,0,18,1730,0.55,0.0,1.0,0.0,0.1364526897668838
fbc_tfnbs,"e=0.5,h=5.0,n=30,start_thres=1.25,min_cluster_size=3",hub,0.25,50,6,40,1730,23,0,17,1730,0.575,0.0,1.0,0.0,0.1364526897668838
fbc_tfnbs,"e=0.5,h=6.0,n=30,start_thres=1.25,min_cluster_size=3",hub,0.25,50,6,40,1730,23,0,17,1730,0.575,0.0,1.0,0.0,0.1364526897668838
fbc_tfnbs,"e=0.5,h=7.0,n=30,start_thres=1.25,min_cluster_size=3",hub,0.25,50,6,40,1730,23,0,17,1730,0.575,0.0,1.0,0.0,0.1364526897668838
fbc_tfnbs,"e=0.5,h=8.0,n=30,start_thres=1.25,min_cluster_size=3",hub,0.25,50,6,40,1730,23,0,17,1730,0.575,0.0,1.0,0.0,0.1364526897668838
fbc_tfnbs,"e=0.5,h=9.0,n=30,start_thres=1.25,min_cluster_size=3",hub,0.25,50,6,40,1730,23,0,17,1730,0.575,0.0,1.0,0.0,0.1364526897668838
fbc_tfnbs,"e=0.5,h=10.0,n=30,start_thres=1.25,min_cluster_size=3",hub,0.25,50,6,40,1730,23,0,17,1730,0.575,0.0,1.0,0.0,0.1364526897668838
fbc_tfnbs,"e=0.6,h=0.5,n=30,start_thres=1.25,min_cluster_size=3",hub,0.25,50,6,40,1730,13,0,27,1730,0.325,0.0,1.0,0.0,0.1364526897668838
fbc_tfnbs,"e=0.6,h=1.0,n=30,start_thres=1.25,min_cluster_size=3",hub,0.25,50,6,40,1730,17,0,23,1730,0.425,0.0,1.0,0.0,0.1364526897668838
fbc_tfnbs,"e=0.6,h=2.0,n=30,start_thres=1.25,min_cluster_size=3",hub,0.25,50,6,40,1730,20,0,20,1730,0.5,0.0,1.0,0.0,0.1364526897668838
fbc_tfnbs,"e=0.6,h=3.0,n=30,start_thres=1.25,min_cluster_size=3",hub,0.25,50,6,40,1730,23,0,17,1730,0.575,0.0,1.0,0.0,0.1364526897668838
fbc_tfnbs,"e=0.6,h=4.0,n=30,start_thres=1.25,min_cluster_size=3",hub,0.25,50,6,40,1730,23,0,17,1730,0.575,0.0,1.0,0.0,0.1364526897668838
fbc_tfnbs,"e=0.6,h=5.0,n=30,start_thres=1.25,min_cluster_size=3",hub,0.25,50,6,40,1730,24,0,16,1730,0.6,0.0,1.0,0.0,0.1364526897668838
fbc_tfnbs,"e=0.6,h=6.0,n=30,start_thres=1.25,min_cluster_size=3",hub,0.25,50,6,40,1730,24,0,16,1730,0.6,0.0,1.0,0.0,0.1364526897668838
fbc_tfnbs,"e=0.6,h=7.0,n=30,start_thres=1.25,min_cluster_size=3",hub,0.25,50,6,40,1730,24,0,16,1730,0.6,0.0,1.0,0.0,0.1364526897668838
fbc_tfnbs,"e=0.6,h=8.0,n=30,start_thres=1.25,min_cluster_size=3",hub,0.25,50,6,40,1730,23,0,17,1730,0.575,0.0,1.0,0.0,0.1364526897668838
fbc_tfnbs,"e=0.6,h=9.0,n=30,start_thres=1.25,min_cluster_size=3",hub,0.25,50,6,40,1730,23,0,17,1730,0.575,0.0,1.0,0.0,0.1364526897668838
fbc_tfnbs,"e=0.6,h=10.0,n=30,start_thres=1.25,min_cluster_size=3",hub,0.25,50,6,40,1730,23,0,17,1730,0.575,0.0,1.0,0.0,0.1364526897668838
fbc_tfnbs,"e=0.7,h=0.5,n=30,start_thres=1.25,min_cluster_size=3",hub,0.25,50,6,40,1730,10,0,30,1730,0.25,0.0,1.0,0.0,0.1364526897668838
fbc_tfnbs,"e=0.7,h=1.0,n=30,start_thres=1.25,min_cluster_size=3",hub,0.25,50,6,40,1730,13,0,27,1730,0.325,0.0,1.0,0.0,0.1364526897668838
fbc_tfnbs,"e=0.7,h=2.0,n=30,start_thres=1.25,min_cluster_size=3",hub,0.25,50,6,40,1730,20,0,20,1730,0.5,0.0,1.0,0.0,0.1364526897668838
fbc_tfnbs,"e=0.7,h=3.0,n=30,start_thres=1.25,min_cluster_size=3",hub,0.25,50,6,40,1730,21,0,19,1730,0.525,0.0,1.0,0.0,0.1364526897668838
fbc_tfnbs,"e=0.7,h=4.0,n=30,start_thres=1.25,min_cluster_size=3",hub,0.25,50,6,40,1730,23,0,17,1730,0.575,0.0,1.0,0.0,0.1364526897668838
fbc_tfnbs,"e=0.7,h=5.0,n=30,start_thres=1.25,min_cluster_size=3",hub,0.25,50,6,40,1730,24,0,16,1730,0.6,0.0,1.0,0.0,0.1364526897668838
fbc_tfnbs,"e=0.7,h=6.0,n=30,start_thres=1.25,min_cluster_size=3",hub,0.25,50,6,40,1730,25,0,15,1730,0.625,0.0,1.0,0.0,0.1364526897668838
fbc_tfnbs,"e=0.7,h=7.0,n=30,start_thres=1.25,min_cluster_size=3",hub,0.25,50,6,40,1730,25,0,15,1730,0.625,0.0,1.0,0.0,0.1364526897668838
fbc_tfnbs,"e=0.7,h=8.0,n=30,start_thres=1.25,min_cluster_size=3",hub,0.25,50,6,40,1730,24,0,16,1730,0.6,0.0,1.0,0.0,0.1364526897668838
fbc_tfnbs,"e=0.7,h=9.0,n=30,start_thres=1.25,min_cluster_size=3",hub,0.25,50,6,40,1730,24,0,16,1730,0.6,0.0,1.0,0.0,0.1364526897668838
fbc_tfnbs,"e=0.7,h=10.0,n=30,start_thres=1.25,min_cluster_size=3",hub,0.25,50,6,40,1730,24,0,16,1730,0.6,0.0,1.0,0.0,0.1364526897668838
fbc_tfnbs,"e=0.8,h=0.5,n=30,start_thres=1.25,min_cluster_size=3",hub,0.25,50,6,40,1730,9,0,31,1730,0.225,0.0,1.0,0.0,0.1364526897668838
fbc_tfnbs,"e=0.8,h=1.0,n=30,start_thres=1.25,min_cluster_size=3",hub,0.25,50,6,40,1730,10,0,30,1730,0.25,0.0,1.0,0.0,0.1364526897668838
fbc_tfnbs,"e=0.8,h=2.0,n=30,start_thres=1.25,min_cluster_size=3",hub,0.25,50,6,40,1730,17,0,23,1730,0.425,0.0,1.0,0.0,0.1364526897668838
fbc_tfnbs,"e=0.8,h=3.0,n=30,start_thres=1.25,min_cluster_size=3",hub,0.25,50,6,40,1730,21,0,19,1730,0.525,0.0,1.0,0.0,0.1364526897668838
fbc_tfnbs,"e=0.8,h=4.0,n=30,start_thres=1.25,min_cluster_size=3",hub,0.25,50,6,40,1730,23,0,17,1730,0.575,0.0,1.0,0.0,0.1364526897668838
fbc_tfnbs,"e=0.8,h=5.0,n=30,start_thres=1.25,min_cluster_size=3",hub,0.25,50,6,40,1730,24,0,16,1730,0.6,0.0,1.0,0.0,0.1364526897668838
fbc_tfnbs,"e=0.8,h=6.0,n=30,start_thres=1.25,min_cluster_size=3",hub,0.25,50,6,40,1730,25,0,15,1730,0.625,0.0,1.0,0.0,0.1364526897668838
fbc_tfnbs,"e=0.8,h=7.0,n=30,start_thres=1.25,min_cluster_size=3",hub,0.25,50,6,40,1730,25,0,15,1730,0.625,0.0,1.0,0.0,0.1364526897668838
fbc_tfnbs,"e=0.8,h=8.0,n=30,start_thres=1.25,min_cluster_size=3",hub,0.25,50,6,40,1730,25,0,15,1730,0.625,0.0,1.0,0.0,0.1364526897668838
fbc_tfnbs,"e=0.8,h=9.0,n=30,start_thres=1.25,min_cluster_size=3",hub,0.25,50,6,40,1730,25,0,15,1730,0.625,0.0,1.0,0.0,0.1364526897668838
fbc_tfnbs,"e=0.8,h=10.0,n=30,start_thres=1.25,min_cluster_size=3",hub,0.25,50,6,40,1730,24,0,16,1730,0.6,0.0,1.0,0.0,0.1364526897668838
fbc_tfnbs,"e=0.9,h=0.5,n=30,start_thres=1.25,min_cluster_size=3",hub,0.25,50,6,40,1730,6,0,34,1730,0.15,0.0,1.0,0.0,0.1364526897668838
fbc_tfnbs,"e=0.9,h=1.0,n=30,start_thres=1.25,min_cluster_size=3",hub,0.25,50,6,40,1730,10,0,30,1730,0.25,0.0,1.0,0.0,0.1364526897668838
fbc_tfnbs,"e=0.9,h=2.0,n=30,start_thres=1.25,min_cluster_size=3",hub,0.25,50,6,40,1730,14,0,26,1730,0.35,0.0,1.0,0.0,0.1364526897668838
fbc_tfnbs,"e=0.9,h=3.0,n=30,start_thres=1.25,min_cluster_size=3",hub,0.25,50,6,40,1730,21,0,19,1730,0.525,0.0,1.0,0.0,0.1364526897668838
fbc_tfnbs,"e=0.9,h=4.0,n=30,start_thres=1.25,min_cluster_size=3",hub,0.25,50,6,40,1730,22,0,18,1730,0.55,0.0,1.0,0.0,0.1364526897668838
fbc_tfnbs,"e=0.9,h=5.0,n=30,start_thres=1.25,min_cluster_size=3",hub,0.25,50,6,40,1730,24,0,16,1730,0.6,0.0,1.0,0.0,0.1364526897668838
fbc_tfnbs,"e=0.9,h=6.0,n=30,start_thres=1.25,min_cluster_size=3",hub,0.25,50,6,40,1730,25,0,15,1730,0.625,0.0,1.0,0.0,0.1364526897668838
fbc_tfnbs,"e=0.9,h=7.0,n=30,start_thres=1.25,min_cluster_size=3",hub,0.25,50,6,40,1730,25,0,15,1730,0.625,0.0,1.0,0.0,0.1364526897668838
fbc_tfnbs,"e=0.9,h=8.0,n=30,start_thres=1.25,min_cluster_size=3",hub,0.25,50,6,40,1730,25,0,15,1730,0.625,0.0,1.0,0.0,0.1364526897668838
fbc_tfnbs,"e=0.9,h=9.0,n=30,start_thres=1.25,min_cluster_size=3",hub,0.25,50,6,40,1730,25,0,15,1730,0.625,0.0,1.0,0.0,0.1364526897668838
fbc_tfnbs,"e=0.9,h=10.0,n=30,start_thres=1.25,min_cluster_size=3",hub,0.25,50,6,40,1730,25,0,15,1730,0.625,0.0,1.0,0.0,0.1364526897668838
fbc_tfnbs,"e=1.0,h=0.5,n=30,start_thres=1.25,min_cluster_size=3",hub,0.25,50,6,40,1730,3,0,37,1730,0.075,0.0,1.0,0.0,0.1364526897668838
fbc_tfnbs,"e=1.0,h=1.0,n=30,start_thres=1.25,min_cluster_size=3",hub,0.25,50,6,40,1730,7,0,33,1730,0.175,0.0,1.0,0.0,0.1364526897668838
fbc_tfnbs,"e=1.0,h=2.0,n=30,start_thres=1.25,min_cluster_size=3",hub,0.25,50,6,40,1730,13,0,27,1730,0.325,0.0,1.0,0.0,0.1364526897668838
fbc_tfnbs,"e=1.0,h=3.0,n=30,start_thres=1.25,min_cluster_size=3",hub,0.25,50,6,40,1730,17,0,23,1730,0.425,0.0,1.0,0.0,0.1364526897668838
fbc_tfnbs,"e=1.0,h=4.0,n=30,start_thres=1.25,min_cluster_size=3",hub,0.25,50,6,40,1730,21,0,19,1730,0.525,0.0,1.0,0.0,0.1364526897668838
fbc_tfnbs,"e=1.0,h=5.0,n=30,start_thres=1.25,min_cluster_size=3",hub,0.25,50,6,40,1730,24,0,16,1730,0.6,0.0,1.0,0.0,0.1364526897668838
fbc_tfnbs,"e=1.0,h=6.0,n=30,start_thres=1.25,min_cluster_size=3",hub,0.25,50,6,40,1730,24,0,16,1730,0.6,0.0,1.0,0.0,0.1364526897668838
fbc_tfnbs,"e=1.0,h=7.0,n=30,start_thres=1.25,min_cluster_size=3",hub,0.25,50,6,40,1730,25,0,15,1730,0.625,0.0,1.0,0.0,0.1364526897668838
fbc_tfnbs,"e=1.0,h=8.0,n=30,start_thres=1.25,min_cluster_size=3",hub,0.25,50,6,40,1730,25,0,15,1730,0.625,0.0,1.0,0.0,0.1364526897668838
fbc_tfnbs,"e=1.0,h=9.0,n=30,start_thres=1.25,min_cluster_size=3",hub,0.25,50,6,40,1730,25,0,15,1730,0.625,0.0,1.0,0.0,0.1364526897668838
fbc_tfnbs,"e=1.0,h=10.0,n=30,start_thres=1.25,min_cluster_size=3",hub,0.25,50,6,40,1730,25,0,15,1730,0.625,0.0,1.0,0.0,0.1364526897668838
fbc_tfnbs,"e=1.1,h=0.5,n=30,start_thres=1.25,min_cluster_size=3",hub,0.25,50,6,40,1730,0,0,40,1730,0.0,0.0,0.0,0.0,0.1364526897668838
fbc_tfnbs,"e=1.1,h=1.0,n=30,start_thres=1.25,min_cluster_size=3",hub,0.25,50,6,40,1730,3,0,37,1730,0.075,0.0,1.0,0.0,0.1364526897668838
fbc_tfnbs,"e=1.1,h=2.0,n=30,start_thres=1.25,min_cluster_size=3",hub,0.25,50,6,40,1730,11,0,29,1730,0.275,0.0,1.0,0.0,0.1364526897668838
fbc_tfnbs,"e=1.1,h=3.0,n=30,start_thres=1.25,min_cluster_size=3",hub,0.25,50,6,40,1730,14,0,26,1730,0.35,0.0,1.0,0.0,0.1364526897668838
fbc_tfnbs,"e=1.1,h=4.0,n=30,start_thres=1.25,min_cluster_size=3",hub,0.25,50,6,40,1730,21,0,19,1730,0.525,0.0,1.0,0.0,0.1364526897668838
fbc_tfnbs,"e=1.1,h=5.0,n=30,start_thres=1.25,min_cluster_size=3",hub,0.25,50,6,40,1730,23,0,17,1730,0.575,0.0,1.0,0.0,0.1364526897668838
fbc_tfnbs,"e=1.1,h=6.0,n=30,start_thres=1.25,min_cluster_size=3",hub,0.25,50,6,40,1730,24,0,16,1730,0.6,0.0,1.0,0.0,0.1364526897668838
fbc_tfnbs,"e=1.1,h=7.0,n=30,start_thres=1.25,min_cluster_size=3",hub,0.25,50,6,40,1730,25,0,15,1730,0.625,0.0,1.0,0.0,0.1364526897668838
fbc_tfnbs,"e=1.1,h=8.0,n=30,start_thres=1.25,min_cluster_size=3",hub,0.25,50,6,40,1730,25,0,15,1730,0.625,0.0,1.0,0.0,0.1364526897668838
fbc_tfnbs,"e=1.1,h=9.0,n=30,start_thres=1.25,min_cluster_size=3",hub,0.25,50,6,40,1730,25,0,15,1730,0.625,0.0,1.0,0.0,0.1364526897668838
fbc_tfnbs,"e=1.1,h=10.0,n=30,start_thres=1.25,min_cluster_size=3",hub,0.25,50,6,40,1730,25,0,15,1730,0.625,0.0,1.0,0.0,0.1364526897668838
fbc_tfnbs,"e=1.2,h=0.5,n=30,start_thres=1.25,min_cluster_size=3",hub,0.25,50,6,40,1730,0,0,40,1730,0.0,0.0,0.0,0.0,0.1364526897668838
fbc_tfnbs,"e=1.2,h=1.0,n=30,start_thres=1.25,min_cluster_size=3",hub,0.25,50,6,40,1730,0,0,40,1730,0.0,0.0,0.0,0.0,0.1364526897668838
fbc_tfnbs,"e=1.2,h=2.0,n=30,start_thres=1.25,min_cluster_size=3",hub,0.25,50,6,40,1730,10,0,30,1730,0.25,0.0,1.0,0.0,0.1364526897668838
fbc_tfnbs,"e=1.2,h=3.0,n=30,start_thres=1.25,min_cluster_size=3",hub,0.25,50,6,40,1730,14,0,26,1730,0.35,0.0,1.0,0.0,0.1364526897668838
fbc_tfnbs,"e=1.2,h=4.0,n=30,start_thres=1.25,min_cluster_size=3",hub,0.25,50,6,40,1730,18,0,22,1730,0.45,0.0,1.0,0.0,0.1364526897668838
fbc_tfnbs,"e=1.2,h=5.0,n=30,start_thres=1.25,min_cluster_size=3",hub,0.25,50,6,40,1730,22,0,18,1730,0.55,0.0,1.0,0.0,0.1364526897668838
fbc_tfnbs,"e=1.2,h=6.0,n=30,start_thres=1.25,min_cluster_size=3",hub,0.25,50,6,40,1730,24,0,16,1730,0.6,0.0,1.0,0.0,0.1364526897668838
fbc_tfnbs,"e=1.2,h=7.0,n=30,start_thres=1.25,min_cluster_size=3",hub,0.25,50,6,40,1730,26,1,14,1729,0.65,0.0005780346820809,0.9629629629629628,0.037037037037037,0.1364526897668838
fbc_tfnbs,"e=1.2,h=8.0,n=30,start_thres=1.25,min_cluster_size=3",hub,0.25,50,6,40,1730,26,1,14,1729,0.65,0.0005780346820809,0.9629629629629628,0.037037037037037,0.1364526897668838
fbc_tfnbs,"e=1.2,h=9.0,n=30,start_thres=1.25,min_cluster_size=3",hub,0.25,50,6,40,1730,25,0,15,1730,0.625,0.0,1.0,0.0,0.1364526897668838
fbc_tfnbs,"e=1.2,h=10.0,n=30,start_thres=1.25,min_cluster_size=3",hub,0.25,50,6,40,1730,25,0,15,1730,0.625,0.0,1.0,0.0,0.1364526897668838
fbc_tfnbs,"e=1.3,h=0.5,n=30,start_thres=1.25,min_cluster_size=3",hub,0.25,50,6,40,1730,0,0,40,1730,0.0,0.0,0.0,0.0,0.1364526897668838
fbc_tfnbs,"e=1.3,h=1.0,n=30,start_thres=1.25,min_cluster_size=3",hub,0.25,50,6,40,1730,0,0,40,1730,0.0,0.0,0.0,0.0,0.1364526897668838
fbc_tfnbs,"e=1.3,h=2.0,n=30,start_thres=1.25,min_cluster_size=3",hub,0.25,50,6,40,1730,9,0,31,1730,0.225,0.0,1.0,0.0,0.1364526897668838
fbc_tfnbs,"e=1.3,h=3.0,n=30,start_thres=1.25,min_cluster_size=3",hub,0.25,50,6,40,1730,13,0,27,1730,0.325,0.0,1.0,0.0,0.1364526897668838
fbc_tfnbs,"e=1.3,h=4.0,n=30,start_thres=1.25,min_cluster_size=3",hub,0.25,50,6,40,1730,14,0,26,1730,0.35,0.0,1.0,0.0,0.1364526897668838
fbc_tfnbs,"e=1.3,h=5.0,n=30,start_thres=1.25,min_cluster_size=3",hub,0.25,50,6,40,1730,21,0,19,1730,0.525,0.0,1.0,0.0,0.1364526897668838
fbc_tfnbs,"e=1.3,h=6.0,n=30,start_thres=1.25,min_cluster_size=3",hub,0.25,50,6,40,1730,24,1,16,1729,0.6,0.0005780346820809,0.96,0.04,0.1364526897668838
fbc_tfnbs,"e=1.3,h=7.0,n=30,start_thres=1.25,min_cluster_size=3",hub,0.25,50,6,40,1730,25,1,15,1729,0.625,0.0005780346820809,0.9615384615384616,0.0384615384615384,0.1364526897668838
fbc_tfnbs,"e=1.3,h=8.0,n=30,start_thres=1.25,min_cluster_size=3",hub,0.25,50,6,40,1730,26,1,14,1729,0.65,0.0005780346820809,0.9629629629629628,0.037037037037037,0.1364526897668838
fbc_tfnbs,"e=1.3,h=9.0,n=30,start_thres=1.25,min_cluster_size=3",hub,0.25,50,6,40,1730,26,1,14,1729,0.65,0.0005780346820809,0.9629629629629628,0.037037037037037,0.1364526897668838
fbc_tfnbs,"e=1.3,h=10.0,n=30,start_thres=1.25,min_cluster_size=3",hub,0.25,50,6,40,1730,26,1,14,1729,0.65,0.0005780346820809,0.9629629629629628,0.037037037037037,0.1364526897668838
fbc_tfnbs,"e=1.4,h=0.5,n=30,start_thres=1.25,min_cluster_size=3",hub,0.25,50,6,40,1730,0,0,40,1730,0.0,0.0,0.0,0.0,0.1364526897668838
fbc_tfnbs,"e=1.4,h=1.0,n=30,start_thres=1.25,min_cluster_size=3",hub,0.25,50,6,40,1730,0,0,40,1730,0.0,0.0,0.0,0.0,0.1364526897668838
fbc_tfnbs,"e=1.4,h=2.0,n=30,start_thres=1.25,min_cluster_size=3",hub,0.25,50,6,40,1730,3,0,37,1730,0.075,0.0,1.0,0.0,0.1364526897668838
fbc_tfnbs,"e=1.4,h=3.0,n=30,start_thres=1.25,min_cluster_size=3",hub,0.25,50,6,40,1730,11,0,29,1730,0.275,0.0,1.0,0.0,0.1364526897668838
fbc_tfnbs,"e=1.4,h=4.0,n=30,start_thres=1.25,min_cluster_size=3",hub,0.25,50,6,40,1730,14,0,26,1730,0.35,0.0,1.0,0.0,0.1364526897668838
fbc_tfnbs,"e=1.4,h=5.0,n=30,start_thres=1.25,min_cluster_size=3",hub,0.25,50,6,40,1730,18,0,22,1730,0.45,0.0,1.0,0.0,0.1364526897668838
fbc_tfnbs,"e=1.4,h=6.0,n=30,start_thres=1.25,min_cluster_size=3",hub,0.25,50,6,40,1730,23,1,17,1729,0.575,0.0005780346820809,0.9583333333333334,0.0416666666666666,0.1364526897668838
fbc_tfnbs,"e=1.4,h=7.0,n=30,start_thres=1.25,min_cluster_size=3",hub,0.25,50,6,40,1730,25,1,15,1729,0.625,0.0005780346820809,0.9615384615384616,0.0384615384615384,0.1364526897668838
fbc_tfnbs,"e=1.4,h=8.0,n=30,start_thres=1.25,min_cluster_size=3",hub,0.25,50,6,40,1730,26,1,14,1729,0.65,0.0005780346820809,0.9629629629629628,0.037037037037037,0.1364526897668838
fbc_tfnbs,"e=1.4,h=9.0,n=30,start_thres=1.25,min_cluster_size=3",hub,0.25,50,6,40,1730,26,1,14,1729,0.65,0.0005780346820809,0.9629629629629628,0.037037037037037,0.1364526897668838
fbc_tfnbs,"e=1.4,h=10.0,n=30,start_thres=1.25,min_cluster_size=3",hub,0.25,50,6,40,1730,26,1,14,1729,0.65,0.0005780346820809,0.9629629629629628,0.037037037037037,0.1364526897668838
fbc_tfnbs,"e=1.5,h=0.5,n=30,start_thres=1.25,min_cluster_size=3",hub,0.25,50,6,40,1730,0,0,40,1730,0.0,0.0,0.0,0.0,0.1364526897668838
fbc_tfnbs,"e=1.5,h=1.0,n=30,start_thres=1.25,min_cluster_size=3",hub,0.25,50,6,40,1730,0,0,40,1730,0.0,0.0,0.0,0.0,0.1364526897668838
fbc_tfnbs,"e=1.5,h=2.0,n=30,start_thres=1.25,min_cluster_size=3",hub,0.25,50,6,40,1730,0,0,40,1730,0.0,0.0,0.0,0.0,0.1364526897668838
fbc_tfnbs,"e=1.5,h=3.0,n=30,start_thres=1.25,min_cluster_size=3",hub,0.25,50,6,40,1730,11,0,29,1730,0.275,0.0,1.0,0.0,0.1364526897668838
fbc_tfnbs,"e=1.5,h=4.0,n=30,start_thres=1.25,min_cluster_size=3",hub,0.25,50,6,40,1730,14,0,26,1730,0.35,0.0,1.0,0.0,0.1364526897668838
fbc_tfnbs,"e=1.5,h=5.0,n=30,start_thres=1.25,min_cluster_size=3",hub,0.25,50,6,40,1730,18,0,22,1730,0.45,0.0,1.0,0.0,0.1364526897668838
fbc_tfnbs,"e=1.5,h=6.0,n=30,start_thres=1.25,min_cluster_size=3",hub,0.25,50,6,40,1730,22,0,18,1730,0.55,0.0,1.0,0.0,0.1364526897668838
fbc_tfnbs,"e=1.5,h=7.0,n=30,start_thres=1.25,min_cluster_size=3",hub,0.25,50,6,40,1730,24,1,16,1729,0.6,0.0005780346820809,0.96,0.04,0.1364526897668838
fbc_tfnbs,"e=1.5,h=8.0,n=30,start_thres=1.25,min_cluster_size=3",hub,0.25,50,6,40,1730,26,1,14,1729,0.65,0.0005780346820809,0.9629629629629628,0.037037037037037,0.1364526897668838
fbc_tfnbs,"e=1.5,h=9.0,n=30,start_thres=1.25,min_cluster_size=3",hub,0.25,50,6,40,1730,26,1,14,1729,0.65,0.0005780346820809,0.9629629629629628,0.037037037037037,0.1364526897668838
fbc_tfnbs,"e=1.5,h=10.0,n=30,start_thres=1.25,min_cluster_size=3",hub,0.25,50,6,40,1730,26,1,14,1729,0.65,0.0005780346820809,0.9629629629629628,0.037037037037037,0.1364526897668838
fbc_tfnbs,"e=0.05,h=0.5,n=30,start_thres=1.25,min_cluster_size=3",hub,0.25,50,7,40,1730,22,0,18,1730,0.55,0.0,1.0,0.0,0.1344647922299125
fbc_tfnbs,"e=0.05,h=1.0,n=30,start_thres=1.25,min_cluster_size=3",hub,0.25,50,7,40,1730,22,0,18,1730,0.55,0.0,1.0,0.0,0.1344647922299125
fbc_tfnbs,"e=0.05,h=2.0,n=30,start_thres=1.25,min_cluster_size=3",hub,0.25,50,7,40,1730,23,0,17,1730,0.575,0.0,1.0,0.0,0.1344647922299125
fbc_tfnbs,"e=0.05,h=3.0,n=30,start_thres=1.25,min_cluster_size=3",hub,0.25,50,7,40,1730,23,0,17,1730,0.575,0.0,1.0,0.0,0.1344647922299125
fbc_tfnbs,"e=0.05,h=4.0,n=30,start_thres=1.25,min_cluster_size=3",hub,0.25,50,7,40,1730,23,0,17,1730,0.575,0.0,1.0,0.0,0.1344647922299125
fbc_tfnbs,"e=0.05,h=5.0,n=30,start_thres=1.25,min_cluster_size=3",hub,0.25,50,7,40,1730,23,0,17,1730,0.575,0.0,1.0,0.0,0.1344647922299125
fbc_tfnbs,"e=0.05,h=6.0,n=30,start_thres=1.25,min_cluster_size=3",hub,0.25,50,7,40,1730,23,0,17,1730,0.575,0.0,1.0,0.0,0.1344647922299125
fbc_tfnbs,"e=0.05,h=7.0,n=30,start_thres=1.25,min_cluster_size=3",hub,0.25,50,7,40,1730,23,0,17,1730,0.575,0.0,1.0,0.0,0.1344647922299125
fbc_tfnbs,"e=0.05,h=8.0,n=30,start_thres=1.25,min_cluster_size=3",hub,0.25,50,7,40,1730,23,0,17,1730,0.575,0.0,1.0,0.0,0.1344647922299125
fbc_tfnbs,"e=0.05,h=9.0,n=30,start_thres=1.25,min_cluster_size=3",hub,0.25,50,7,40,1730,23,0,17,1730,0.575,0.0,1.0,0.0,0.1344647922299125
fbc_tfnbs,"e=0.05,h=10.0,n=30,start_thres=1.25,min_cluster_size=3",hub,0.25,50,7,40,1730,23,0,17,1730,0.575,0.0,1.0,0.0,0.1344647922299125
fbc_tfnbs,"e=0.1,h=0.5,n=30,start_thres=1.25,min_cluster_size=3",hub,0.25,50,7,40,1730,23,0,17,1730,0.575,0.0,1.0,0.0,0.1344647922299125
fbc_tfnbs,"e=0.1,h=1.0,n=30,start_thres=1.25,min_cluster_size=3",hub,0.25,50,7,40,1730,23,0,17,1730,0.575,0.0,1.0,0.0,0.1344647922299125
fbc_tfnbs,"e=0.1,h=2.0,n=30,start_thres=1.25,min_cluster_size=3",hub,0.25,50,7,40,1730,23,0,17,1730,0.575,0.0,1.0,0.0,0.1344647922299125
fbc_tfnbs,"e=0.1,h=3.0,n=30,start_thres=1.25,min_cluster_size=3",hub,0.25,50,7,40,1730,23,0,17,1730,0.575,0.0,1.0,0.0,0.1344647922299125
fbc_tfnbs,"e=0.1,h=4.0,n=30,start_thres=1.25,min_cluster_size=3",hub,0.25,50,7,40,1730,23,0,17,1730,0.575,0.0,1.0,0.0,0.1344647922299125
fbc_tfnbs,"e=0.1,h=5.0,n=30,start_thres=1.25,min_cluster_size=3",hub,0.25,50,7,40,1730,23,0,17,1730,0.575,0.0,1.0,0.0,0.1344647922299125
fbc_tfnbs,"e=0.1,h=6.0,n=30,start_thres=1.25,min_cluster_size=3",hub,0.25,50,7,40,1730,23,0,17,1730,0.575,0.0,1.0,0.0,0.1344647922299125
fbc_tfnbs,"e=0.1,h=7.0,n=30,start_thres=1.25,min_cluster_size=3",hub,0.25,50,7,40,1730,23,0,17,1730,0.575,0.0,1.0,0.0,0.1344647922299125
fbc_tfnbs,"e=0.1,h=8.0,n=30,start_thres=1.25,min_cluster_size=3",hub,0.25,50,7,40,1730,23,0,17,1730,0.575,0.0,1.0,0.0,0.1344647922299125
fbc_tfnbs,"e=0.1,h=9.0,n=30,start_thres=1.25,min_cluster_size=3",hub,0.25,50,7,40,1730,23,0,17,1730,0.575,0.0,1.0,0.0,0.1344647922299125
fbc_tfnbs,"e=0.1,h=10.0,n=30,start_thres=1.25,min_cluster_size=3",hub,0.25,50,7,40,1730,23,0,17,1730,0.575,0.0,1.0,0.0,0.1344647922299125
fbc_tfnbs,"e=0.2,h=0.5,n=30,start_thres=1.25,min_cluster_size=3",hub,0.25,50,7,40,1730,23,0,17,1730,0.575,0.0,1.0,0.0,0.1344647922299125
fbc_tfnbs,"e=0.2,h=1.0,n=30,start_thres=1.25,min_cluster_size=3",hub,0.25,50,7,40,1730,23,0,17,1730,0.575,0.0,1.0,0.0,0.1344647922299125
fbc_tfnbs,"e=0.2,h=2.0,n=30,start_thres=1.25,min_cluster_size=3",hub,0.25,50,7,40,1730,23,0,17,1730,0.575,0.0,1.0,0.0,0.1344647922299125
fbc_tfnbs,"e=0.2,h=3.0,n=30,start_thres=1.25,min_cluster_size=3",hub,0.25,50,7,40,1730,23,0,17,1730,0.575,0.0,1.0,0.0,0.1344647922299125
fbc_tfnbs,"e=0.2,h=4.0,n=30,start_thres=1.25,min_cluster_size=3",hub,0.25,50,7,40,1730,23,0,17,1730,0.575,0.0,1.0,0.0,0.1344647922299125
fbc_tfnbs,"e=0.2,h=5.0,n=30,start_thres=1.25,min_cluster_size=3",hub,0.25,50,7,40,1730,23,0,17,1730,0.575,0.0,1.0,0.0,0.1344647922299125
fbc_tfnbs,"e=0.2,h=6.0,n=30,start_thres=1.25,min_cluster_size=3",hub,0.25,50,7,40,1730,23,0,17,1730,0.575,0.0,1.0,0.0,0.1344647922299125
fbc_tfnbs,"e=0.2,h=7.0,n=30,start_thres=1.25,min_cluster_size=3",hub,0.25,50,7,40,1730,23,0,17,1730,0.575,0.0,1.0,0.0,0.1344647922299125
fbc_tfnbs,"e=0.2,h=8.0,n=30,start_thres=1.25,min_cluster_size=3",hub,0.25,50,7,40,1730,23,0,17,1730,0.575,0.0,1.0,0.0,0.1344647922299125
fbc_tfnbs,"e=0.2,h=9.0,n=30,start_thres=1.25,min_cluster_size=3",hub,0.25,50,7,40,1730,23,0,17,1730,0.575,0.0,1.0,0.0,0.1344647922299125
fbc_tfnbs,"e=0.2,h=10.0,n=30,start_thres=1.25,min_cluster_size=3",hub,0.25,50,7,40,1730,23,0,17,1730,0.575,0.0,1.0,0.0,0.1344647922299125
fbc_tfnbs,"e=0.3,h=0.5,n=30,start_thres=1.25,min_cluster_size=3",hub,0.25,50,7,40,1730,23,0,17,1730,0.575,0.0,1.0,0.0,0.1344647922299125
fbc_tfnbs,"e=0.3,h=1.0,n=30,start_thres=1.25,min_cluster_size=3",hub,0.25,50,7,40,1730,23,0,17,1730,0.575,0.0,1.0,0.0,0.1344647922299125
fbc_tfnbs,"e=0.3,h=2.0,n=30,start_thres=1.25,min_cluster_size=3",hub,0.25,50,7,40,1730,23,0,17,1730,0.575,0.0,1.0,0.0,0.1344647922299125
fbc_tfnbs,"e=0.3,h=3.0,n=30,start_thres=1.25,min_cluster_size=3",hub,0.25,50,7,40,1730,23,0,17,1730,0.575,0.0,1.0,0.0,0.1344647922299125
fbc_tfnbs,"e=0.3,h=4.0,n=30,start_thres=1.25,min_cluster_size=3",hub,0.25,50,7,40,1730,23,0,17,1730,0.575,0.0,1.0,0.0,0.1344647922299125
fbc_tfnbs,"e=0.3,h=5.0,n=30,start_thres=1.25,min_cluster_size=3",hub,0.25,50,7,40,1730,23,0,17,1730,0.575,0.0,1.0,0.0,0.1344647922299125
fbc_tfnbs,"e=0.3,h=6.0,n=30,start_thres=1.25,min_cluster_size=3",hub,0.25,50,7,40,1730,23,0,17,1730,0.575,0.0,1.0,0.0,0.1344647922299125
fbc_tfnbs,"e=0.3,h=7.0,n=30,start_thres=1.25,min_cluster_size=3",hub,0.25,50,7,40,1730,23,0,17,1730,0.575,0.0,1.0,0.0,0.1344647922299125
fbc_tfnbs,"e=0.3,h=8.0,n=30,start_thres=1.25,min_cluster_size=3",hub,0.25,50,7,40,1730,23,0,17,1730,0.575,0.0,1.0,0.0,0.1344647922299125
fbc_tfnbs,"e=0.3,h=9.0,n=30,start_thres=1.25,min_cluster_size=3",hub,0.25,50,7,40,1730,23,0,17,1730,0.575,0.0,1.0,0.0,0.1344647922299125
fbc_tfnbs,"e=0.3,h=10.0,n=30,start_thres=1.25,min_cluster_size=3",hub,0.25,50,7,40,1730,23,0,17,1730,0.575,0.0,1.0,0.0,0.1344647922299125
fbc_tfnbs,"e=0.4,h=0.5,n=30,start_thres=1.25,min_cluster_size=3",hub,0.25,50,7,40,1730,23,0,17,1730,0.575,0.0,1.0,0.0,0.1344647922299125
fbc_tfnbs,"e=0.4,h=1.0,n=30,start_thres=1.25,min_cluster_size=3",hub,0.25,50,7,40,1730,23,0,17,1730,0.575,0.0,1.0,0.0,0.1344647922299125
fbc_tfnbs,"e=0.4,h=2.0,n=30,start_thres=1.25,min_cluster_size=3",hub,0.25,50,7,40,1730,23,0,17,1730,0.575,0.0,1.0,0.0,0.1344647922299125
fbc_tfnbs,"e=0.4,h=3.0,n=30,start_thres=1.25,min_cluster_size=3",hub,0.25,50,7,40,1730,24,0,16,1730,0.6,0.0,1.0,0.0,0.1344647922299125
fbc_tfnbs,"e=0.4,h=4.0,n=30,start_thres=1.25,min_cluster_size=3",hub,0.25,50,7,40,1730,23,0,17,1730,0.575,0.0,1.0,0.0,0.1344647922299125
fbc_tfnbs,"e=0.4,h=5.0,n=30,start_thres=1.25,min_cluster_size=3",hub,0.25,50,7,40,1730,23,0,17,1730,0.575,0.0,1.0,0.0,0.1344647922299125
fbc_tfnbs,"e=0.4,h=6.0,n=30,start_thres=1.25,min_cluster_size=3",hub,0.25,50,7,40,1730,23,0,17,1730,0.575,0.0,1.0,0.0,0.1344647922299125
fbc_tfnbs,"e=0.4,h=7.0,n=30,start_thres=1.25,min_cluster_size=3",hub,0.25,50,7,40,1730,23,0,17,1730,0.575,0.0,1.0,0.0,0.1344647922299125
fbc_tfnbs,"e=0.4,h=8.0,n=30,start_thres=1.25,min_cluster_size=3",hub,0.25,50,7,40,1730,23,0,17,1730,0.575,0.0,1.0,0.0,0.1344647922299125
fbc_tfnbs,"e=0.4,h=9.0,n=30,start_thres=1.25,min_cluster_size=3",hub,0.25,50,7,40,1730,23,0,17,1730,0.575,0.0,1.0,0.0,0.1344647922299125
fbc_tfnbs,"e=0.4,h=10.0,n=30,start_thres=1.25,min_cluster_size=3",hub,0.25,50,7,40,1730,23,0,17,1730,0.575,0.0,1.0,0.0,0.1344647922299125
fbc_tfnbs,"e=0.5,h=0.5,n=30,start_thres=1.25,min_cluster_size=3",hub,0.25,50,7,40,1730,21,0,19,1730,0.525,0.0,1.0,0.0,0.1344647922299125
fbc_tfnbs,"e=0.5,h=1.0,n=30,start_thres=1.25,min_cluster_size=3",hub,0.25,50,7,40,1730,23,0,17,1730,0.575,0.0,1.0,0.0,0.1344647922299125
fbc_tfnbs,"e=0.5,h=2.0,n=30,start_thres=1.25,min_cluster_size=3",hub,0.25,50,7,40,1730,23,0,17,1730,0.575,0.0,1.0,0.0,0.1344647922299125
fbc_tfnbs,"e=0.5,h=3.0,n=30,start_thres=1.25,min_cluster_size=3",hub,0.25,50,7,40,1730,23,0,17,1730,0.575,0.0,1.0,0.0,0.1344647922299125
fbc_tfnbs,"e=0.5,h=4.0,n=30,start_thres=1.25,min_cluster_size=3",hub,0.25,50,7,40,1730,24,0,16,1730,0.6,0.0,1.0,0.0,0.1344647922299125
fbc_tfnbs,"e=0.5,h=5.0,n=30,start_thres=1.25,min_cluster_size=3",hub,0.25,50,7,40,1730,24,0,16,1730,0.6,0.0,1.0,0.0,0.1344647922299125
fbc_tfnbs,"e=0.5,h=6.0,n=30,start_thres=1.25,min_cluster_size=3",hub,0.25,50,7,40,1730,24,0,16,1730,0.6,0.0,1.0,0.0,0.1344647922299125
fbc_tfnbs,"e=0.5,h=7.0,n=30,start_thres=1.25,min_cluster_size=3",hub,0.25,50,7,40,1730,24,0,16,1730,0.6,0.0,1.0,0.0,0.1344647922299125
fbc_tfnbs,"e=0.5,h=8.0,n=30,start_thres=1.25,min_cluster_size=3",hub,0.25,50,7,40,1730,24,0,16,1730,0.6,0.0,1.0,0.0,0.1344647922299125
fbc_tfnbs,"e=0.5,h=9.0,n=30,start_thres=1.25,min_cluster_size=3",hub,0.25,50,7,40,1730,23,0,17,1730,0.575,0.0,1.0,0.0,0.1344647922299125
fbc_tfnbs,"e=0.5,h=10.0,n=30,start_thres=1.25,min_cluster_size=3",hub,0.25,50,7,40,1730,23,0,17,1730,0.575,0.0,1.0,0.0,0.1344647922299125
fbc_tfnbs,"e=0.6,h=0.5,n=30,start_thres=1.25,min_cluster_size=3",hub,0.25,50,7,40,1730,17,0,23,1730,0.425,0.0,1.0,0.0,0.1344647922299125
fbc_tfnbs,"e=0.6,h=1.0,n=30,start_thres=1.25,min_cluster_size=3",hub,0.25,50,7,40,1730,21,0,19,1730,0.525,0.0,1.0,0.0,0.1344647922299125
fbc_tfnbs,"e=0.6,h=2.0,n=30,start_thres=1.25,min_cluster_size=3",hub,0.25,50,7,40,1730,24,0,16,1730,0.6,0.0,1.0,0.0,0.1344647922299125
fbc_tfnbs,"e=0.6,h=3.0,n=30,start_thres=1.25,min_cluster_size=3",hub,0.25,50,7,40,1730,24,0,16,1730,0.6,0.0,1.0,0.0,0.1344647922299125
fbc_tfnbs,"e=0.6,h=4.0,n=30,start_thres=1.25,min_cluster_size=3",hub,0.25,50,7,40,1730,24,0,16,1730,0.6,0.0,1.0,0.0,0.1344647922299125
fbc_tfnbs,"e=0.6,h=5.0,n=30,start_thres=1.25,min_cluster_size=3",hub,0.25,50,7,40,1730,24,0,16,1730,0.6,0.0,1.0,0.0,0.1344647922299125
fbc_tfnbs,"e=0.6,h=6.0,n=30,start_thres=1.25,min_cluster_size=3",hub,0.25,50,7,40,1730,24,0,16,1730,0.6,0.0,1.0,0.0,0.1344647922299125
fbc_tfnbs,"e=0.6,h=7.0,n=30,start_thres=1.25,min_cluster_size=3",hub,0.25,50,7,40,1730,24,0,16,1730,0.6,0.0,1.0,0.0,0.1344647922299125
fbc_tfnbs,"e=0.6,h=8.0,n=30,start_thres=1.25,min_cluster_size=3",hub,0.25,50,7,40,1730,24,0,16,1730,0.6,0.0,1.0,0.0,0.1344647922299125
fbc_tfnbs,"e=0.6,h=9.0,n=30,start_thres=1.25,min_cluster_size=3",hub,0.25,50,7,40,1730,24,0,16,1730,0.6,0.0,1.0,0.0,0.1344647922299125
fbc_tfnbs,"e=0.6,h=10.0,n=30,start_thres=1.25,min_cluster_size=3",hub,0.25,50,7,40,1730,24,0,16,1730,0.6,0.0,1.0,0.0,0.1344647922299125
fbc_tfnbs,"e=0.7,h=0.5,n=30,start_thres=1.25,min_cluster_size=3",hub,0.25,50,7,40,1730,13,0,27,1730,0.325,0.0,1.0,0.0,0.1344647922299125
fbc_tfnbs,"e=0.7,h=1.0,n=30,start_thres=1.25,min_cluster_size=3",hub,0.25,50,7,40,1730,17,0,23,1730,0.425,0.0,1.0,0.0,0.1344647922299125
fbc_tfnbs,"e=0.7,h=2.0,n=30,start_thres=1.25,min_cluster_size=3",hub,0.25,50,7,40,1730,24,0,16,1730,0.6,0.0,1.0,0.0,0.1344647922299125
fbc_tfnbs,"e=0.7,h=3.0,n=30,start_thres=1.25,min_cluster_size=3",hub,0.25,50,7,40,1730,24,0,16,1730,0.6,0.0,1.0,0.0,0.1344647922299125
fbc_tfnbs,"e=0.7,h=4.0,n=30,start_thres=1.25,min_cluster_size=3",hub,0.25,50,7,40,1730,24,0,16,1730,0.6,0.0,1.0,0.0,0.1344647922299125
fbc_tfnbs,"e=0.7,h=5.0,n=30,start_thres=1.25,min_cluster_size=3",hub,0.25,50,7,40,1730,24,0,16,1730,0.6,0.0,1.0,0.0,0.1344647922299125
fbc_tfnbs,"e=0.7,h=6.0,n=30,start_thres=1.25,min_cluster_size=3",hub,0.25,50,7,40,1730,24,0,16,1730,0.6,0.0,1.0,0.0,0.1344647922299125
fbc_tfnbs,"e=0.7,h=7.0,n=30,start_thres=1.25,min_cluster_size=3",hub,0.25,50,7,40,1730,25,0,15,1730,0.625,0.0,1.0,0.0,0.1344647922299125
fbc_tfnbs,"e=0.7,h=8.0,n=30,start_thres=1.25,min_cluster_size=3",hub,0.25,50,7,40,1730,25,0,15,1730,0.625,0.0,1.0,0.0,0.1344647922299125
fbc_tfnbs,"e=0.7,h=9.0,n=30,start_thres=1.25,min_cluster_size=3",hub,0.25,50,7,40,1730,25,0,15,1730,0.625,0.0,1.0,0.0,0.1344647922299125
fbc_tfnbs,"e=0.7,h=10.0,n=30,start_thres=1.25,min_cluster_size=3",hub,0.25,50,7,40,1730,25,0,15,1730,0.625,0.0,1.0,0.0,0.1344647922299125
fbc_tfnbs,"e=0.8,h=0.5,n=30,start_thres=1.25,min_cluster_size=3",hub,0.25,50,7,40,1730,13,0,27,1730,0.325,0.0,1.0,0.0,0.1344647922299125
fbc_tfnbs,"e=0.8,h=1.0,n=30,start_thres=1.25,min_cluster_size=3",hub,0.25,50,7,40,1730,13,0,27,1730,0.325,0.0,1.0,0.0,0.1344647922299125
fbc_tfnbs,"e=0.8,h=2.0,n=30,start_thres=1.25,min_cluster_size=3",hub,0.25,50,7,40,1730,23,0,17,1730,0.575,0.0,1.0,0.0,0.1344647922299125
fbc_tfnbs,"e=0.8,h=3.0,n=30,start_thres=1.25,min_cluster_size=3",hub,0.25,50,7,40,1730,24,0,16,1730,0.6,0.0,1.0,0.0,0.1344647922299125
fbc_tfnbs,"e=0.8,h=4.0,n=30,start_thres=1.25,min_cluster_size=3",hub,0.25,50,7,40,1730,24,0,16,1730,0.6,0.0,1.0,0.0,0.1344647922299125
fbc_tfnbs,"e=0.8,h=5.0,n=30,start_thres=1.25,min_cluster_size=3",hub,0.25,50,7,40,1730,24,0,16,1730,0.6,0.0,1.0,0.0,0.1344647922299125
fbc_tfnbs,"e=0.8,h=6.0,n=30,start_thres=1.25,min_cluster_size=3",hub,0.25,50,7,40,1730,24,0,16,1730,0.6,0.0,1.0,0.0,0.1344647922299125
fbc_tfnbs,"e=0.8,h=7.0,n=30,start_thres=1.25,min_cluster_size=3",hub,0.25,50,7,40,1730,25,0,15,1730,0.625,0.0,1.0,0.0,0.1344647922299125
fbc_tfnbs,"e=0.8,h=8.0,n=30,start_thres=1.25,min_cluster_size=3",hub,0.25,50,7,40,1730,25,0,15,1730,0.625,0.0,1.0,0.0,0.1344647922299125
fbc_tfnbs,"e=0.8,h=9.0,n=30,start_thres=1.25,min_cluster_size=3",hub,0.25,50,7,40,1730,27,0,13,1730,0.675,0.0,1.0,0.0,0.1344647922299125
fbc_tfnbs,"e=0.8,h=10.0,n=30,start_thres=1.25,min_cluster_size=3",hub,0.25,50,7,40,1730,25,0,15,1730,0.625,0.0,1.0,0.0,0.1344647922299125
fbc_tfnbs,"e=0.9,h=0.5,n=30,start_thres=1.25,min_cluster_size=3",hub,0.25,50,7,40,1730,13,0,27,1730,0.325,0.0,1.0,0.0,0.1344647922299125
fbc_tfnbs,"e=0.9,h=1.0,n=30,start_thres=1.25,min_cluster_size=3",hub,0.25,50,7,40,1730,13,0,27,1730,0.325,0.0,1.0,0.0,0.1344647922299125
fbc_tfnbs,"e=0.9,h=2.0,n=30,start_thres=1.25,min_cluster_size=3",hub,0.25,50,7,40,1730,18,0,22,1730,0.45,0.0,1.0,0.0,0.1344647922299125
fbc_tfnbs,"e=0.9,h=3.0,n=30,start_thres=1.25,min_cluster_size=3",hub,0.25,50,7,40,1730,24,0,16,1730,0.6,0.0,1.0,0.0,0.1344647922299125
fbc_tfnbs,"e=0.9,h=4.0,n=30,start_thres=1.25,min_cluster_size=3",hub,0.25,50,7,40,1730,24,0,16,1730,0.6,0.0,1.0,0.0,0.1344647922299125
fbc_tfnbs,"e=0.9,h=5.0,n=30,start_thres=1.25,min_cluster_size=3",hub,0.25,50,7,40,1730,24,0,16,1730,0.6,0.0,1.0,0.0,0.1344647922299125
fbc_tfnbs,"e=0.9,h=6.0,n=30,start_thres=1.25,min_cluster_size=3",hub,0.25,50,7,40,1730,24,0,16,1730,0.6,0.0,1.0,0.0,0.1344647922299125
fbc_tfnbs,"e=0.9,h=7.0,n=30,start_thres=1.25,min_cluster_size=3",hub,0.25,50,7,40,1730,25,0,15,1730,0.625,0.0,1.0,0.0,0.1344647922299125
fbc_tfnbs,"e=0.9,h=8.0,n=30,start_thres=1.25,min_cluster_size=3",hub,0.25,50,7,40,1730,27,0,13,1730,0.675,0.0,1.0,0.0,0.1344647922299125
fbc_tfnbs,"e=0.9,h=9.0,n=30,start_thres=1.25,min_cluster_size=3",hub,0.25,50,7,40,1730,27,0,13,1730,0.675,0.0,1.0,0.0,0.1344647922299125
fbc_tfnbs,"e=0.9,h=10.0,n=30,start_thres=1.25,min_cluster_size=3",hub,0.25,50,7,40,1730,27,0,13,1730,0.675,0.0,1.0,0.0,0.1344647922299125
fbc_tfnbs,"e=1.0,h=0.5,n=30,start_thres=1.25,min_cluster_size=3",hub,0.25,50,7,40,1730,9,0,31,1730,0.225,0.0,1.0,0.0,0.1344647922299125
fbc_tfnbs,"e=1.0,h=1.0,n=30,start_thres=1.25,min_cluster_size=3",hub,0.25,50,7,40,1730,13,0,27,1730,0.325,0.0,1.0,0.0,0.1344647922299125
fbc_tfnbs,"e=1.0,h=2.0,n=30,start_thres=1.25,min_cluster_size=3",hub,0.25,50,7,40,1730,14,0,26,1730,0.35,0.0,1.0,0.0,0.1344647922299125
fbc_tfnbs,"e=1.0,h=3.0,n=30,start_thres=1.25,min_cluster_size=3",hub,0.25,50,7,40,1730,21,0,19,1730,0.525,0.0,1.0,0.0,0.1344647922299125
fbc_tfnbs,"e=1.0,h=4.0,n=30,start_thres=1.25,min_cluster_size=3",hub,0.25,50,7,40,1730,24,0,16,1730,0.6,0.0,1.0,0.0,0.1344647922299125
fbc_tfnbs,"e=1.0,h=5.0,n=30,start_thres=1.25,min_cluster_size=3",hub,0.25,50,7,40,1730,24,0,16,1730,0.6,0.0,1.0,0.0,0.1344647922299125
fbc_tfnbs,"e=1.0,h=6.0,n=30,start_thres=1.25,min_cluster_size=3",hub,0.25,50,7,40,1730,25,0,15,1730,0.625,0.0,1.0,0.0,0.1344647922299125
fbc_tfnbs,"e=1.0,h=7.0,n=30,start_thres=1.25,min_cluster_size=3",hub,0.25,50,7,40,1730,25,0,15,1730,0.625,0.0,1.0,0.0,0.1344647922299125
fbc_tfnbs,"e=1.0,h=8.0,n=30,start_thres=1.25,min_cluster_size=3",hub,0.25,50,7,40,1730,27,0,13,1730,0.675,0.0,1.0,0.0,0.1344647922299125
fbc_tfnbs,"e=1.0,h=9.0,n=30,start_thres=1.25,min_cluster_size=3",hub,0.25,50,7,40,1730,27,0,13,1730,0.675,0.0,1.0,0.0,0.1344647922299125
fbc_tfnbs,"e=1.0,h=10.0,n=30,start_thres=1.25,min_cluster_size=3",hub,0.25,50,7,40,1730,27,0,13,1730,0.675,0.0,1.0,0.0,0.1344647922299125
fbc_tfnbs,"e=1.1,h=0.5,n=30,start_thres=1.25,min_cluster_size=3",hub,0.25,50,7,40,1730,4,0,36,1730,0.1,0.0,1.0,0.0,0.1344647922299125
fbc_tfnbs,"e=1.1,h=1.0,n=30,start_thres=1.25,min_cluster_size=3",hub,0.25,50,7,40,1730,12,0,28,1730,0.3,0.0,1.0,0.0,0.1344647922299125
fbc_tfnbs,"e=1.1,h=2.0,n=30,start_thres=1.25,min_cluster_size=3",hub,0.25,50,7,40,1730,14,0,26,1730,0.35,0.0,1.0,0.0,0.1344647922299125
fbc_tfnbs,"e=1.1,h=3.0,n=30,start_thres=1.25,min_cluster_size=3",hub,0.25,50,7,40,1730,20,0,20,1730,0.5,0.0,1.0,0.0,0.1344647922299125
fbc_tfnbs,"e=1.1,h=4.0,n=30,start_thres=1.25,min_cluster_size=3",hub,0.25,50,7,40,1730,24,0,16,1730,0.6,0.0,1.0,0.0,0.1344647922299125
fbc_tfnbs,"e=1.1,h=5.0,n=30,start_thres=1.25,min_cluster_size=3",hub,0.25,50,7,40,1730,24,0,16,1730,0.6,0.0,1.0,0.0,0.1344647922299125
fbc_tfnbs,"e=1.1,h=6.0,n=30,start_thres=1.25,min_cluster_size=3",hub,0.25,50,7,40,1730,25,0,15,1730,0.625,0.0,1.0,0.0,0.1344647922299125
fbc_tfnbs,"e=1.1,h=7.0,n=30,start_thres=1.25,min_cluster_size=3",hub,0.25,50,7,40,1730,27,0,13,1730,0.675,0.0,1.0,0.0,0.1344647922299125
fbc_tfnbs,"e=1.1,h=8.0,n=30,start_thres=1.25,min_cluster_size=3",hub,0.25,50,7,40,1730,27,0,13,1730,0.675,0.0,1.0,0.0,0.1344647922299125
fbc_tfnbs,"e=1.1,h=9.0,n=30,start_thres=1.25,min_cluster_size=3",hub,0.25,50,7,40,1730,27,0,13,1730,0.675,0.0,1.0,0.0,0.1344647922299125
fbc_tfnbs,"e=1.1,h=10.0,n=30,start_thres=1.25,min_cluster_size=3",hub,0.25,50,7,40,1730,27,0,13,1730,0.675,0.0,1.0,0.0,0.1344647922299125
fbc_tfnbs,"e=1.2,h=0.5,n=30,start_thres=1.25,min_cluster_size=3",hub,0.25,50,7,40,1730,4,0,36,1730,0.1,0.0,1.0,0.0,0.1344647922299125
fbc_tfnbs,"e=1.2,h=1.0,n=30,start_thres=1.25,min_cluster_size=3",hub,0.25,50,7,40,1730,8,0,32,1730,0.2,0.0,1.0,0.0,0.1344647922299125
fbc_tfnbs,"e=1.2,h=2.0,n=30,start_thres=1.25,min_cluster_size=3",hub,0.25,50,7,40,1730,13,0,27,1730,0.325,0.0,1.0,0.0,0.1344647922299125
fbc_tfnbs,"e=1.2,h=3.0,n=30,start_thres=1.25,min_cluster_size=3",hub,0.25,50,7,40,1730,17,0,23,1730,0.425,0.0,1.0,0.0,0.1344647922299125
fbc_tfnbs,"e=1.2,h=4.0,n=30,start_thres=1.25,min_cluster_size=3",hub,0.25,50,7,40,1730,21,0,19,1730,0.525,0.0,1.0,0.0,0.1344647922299125
fbc_tfnbs,"e=1.2,h=5.0,n=30,start_thres=1.25,min_cluster_size=3",hub,0.25,50,7,40,1730,24,0,16,1730,0.6,0.0,1.0,0.0,0.1344647922299125
fbc_tfnbs,"e=1.2,h=6.0,n=30,start_thres=1.25,min_cluster_size=3",hub,0.25,50,7,40,1730,25,0,15,1730,0.625,0.0,1.0,0.0,0.1344647922299125
fbc_tfnbs,"e=1.2,h=7.0,n=30,start_thres=1.25,min_cluster_size=3",hub,0.25,50,7,40,1730,27,0,13,1730,0.675,0.0,1.0,0.0,0.1344647922299125
fbc_tfnbs,"e=1.2,h=8.0,n=30,start_thres=1.25,min_cluster_size=3",hub,0.25,50,7,40,1730,27,0,13,1730,0.675,0.0,1.0,0.0,0.1344647922299125
fbc_tfnbs,"e=1.2,h=9.0,n=30,start_thres=1.25,min_cluster_size=3",hub,0.25,50,7,40,1730,27,0,13,1730,0.675,0.0,1.0,0.0,0.1344647922299125
fbc_tfnbs,"e=1.2,h=10.0,n=30,start_thres=1.25,min_cluster_size=3",hub,0.25,50,7,40,1730,27,0,13,1730,0.675,0.0,1.0,0.0,0.1344647922299125
fbc_tfnbs,"e=1.3,h=0.5,n=30,start_thres=1.25,min_cluster_size=3",hub,0.25,50,7,40,1730,0,0,40,1730,0.0,0.0,0.0,0.0,0.1344647922299125
fbc_tfnbs,"e=1.3,h=1.0,n=30,start_thres=1.25,min_cluster_size=3",hub,0.25,50,7,40,1730,4,0,36,1730,0.1,0.0,1.0,0.0,0.1344647922299125
fbc_tfnbs,"e=1.3,h=2.0,n=30,start_thres=1.25,min_cluster_size=3",hub,0.25,50,7,40,1730,13,0,27,1730,0.325,0.0,1.0,0.0,0.1344647922299125
fbc_tfnbs,"e=1.3,h=3.0,n=30,start_thres=1.25,min_cluster_size=3",hub,0.25,50,7,40,1730,14,0,26,1730,0.35,0.0,1.0,0.0,0.1344647922299125
fbc_tfnbs,"e=1.3,h=4.0,n=30,start_thres=1.25,min_cluster_size=3",hub,0.25,50,7,40,1730,21,0,19,1730,0.525,0.0,1.0,0.0,0.1344647922299125
fbc_tfnbs,"e=1.3,h=5.0,n=30,start_thres=1.25,min_cluster_size=3",hub,0.25,50,7,40,1730,24,0,16,1730,0.6,0.0,1.0,0.0,0.1344647922299125
fbc_tfnbs,"e=1.3,h=6.0,n=30,start_thres=1.25,min_cluster_size=3",hub,0.25,50,7,40,1730,25,0,15,1730,0.625,0.0,1.0,0.0,0.1344647922299125
fbc_tfnbs,"e=1.3,h=7.0,n=30,start_thres=1.25,min_cluster_size=3",hub,0.25,50,7,40,1730,27,0,13,1730,0.675,0.0,1.0,0.0,0.1344647922299125
fbc_tfnbs,"e=1.3,h=8.0,n=30,start_thres=1.25,min_cluster_size=3",hub,0.25,50,7,40,1730,27,0,13,1730,0.675,0.0,1.0,0.0,0.1344647922299125
fbc_tfnbs,"e=1.3,h=9.0,n=30,start_thres=1.25,min_cluster_size=3",hub,0.25,50,7,40,1730,27,0,13,1730,0.675,0.0,1.0,0.0,0.1344647922299125
fbc_tfnbs,"e=1.3,h=10.0,n=30,start_thres=1.25,min_cluster_size=3",hub,0.25,50,7,40,1730,27,0,13,1730,0.675,0.0,1.0,0.0,0.1344647922299125
fbc_tfnbs,"e=1.4,h=0.5,n=30,start_thres=1.25,min_cluster_size=3",hub,0.25,50,7,40,1730,0,0,40,1730,0.0,0.0,0.0,0.0,0.1344647922299125
fbc_tfnbs,"e=1.4,h=1.0,n=30,start_thres=1.25,min_cluster_size=3",hub,0.25,50,7,40,1730,0,0,40,1730,0.0,0.0,0.0,0.0,0.1344647922299125
fbc_tfnbs,"e=1.4,h=2.0,n=30,start_thres=1.25,min_cluster_size=3",hub,0.25,50,7,40,1730,13,0,27,1730,0.325,0.0,1.0,0.0,0.1344647922299125
fbc_tfnbs,"e=1.4,h=3.0,n=30,start_thres=1.25,min_cluster_size=3",hub,0.25,50,7,40,1730,14,0,26,1730,0.35,0.0,1.0,0.0,0.1344647922299125
fbc_tfnbs,"e=1.4,h=4.0,n=30,start_thres=1.25,min_cluster_size=3",hub,0.25,50,7,40,1730,20,0,20,1730,0.5,0.0,1.0,0.0,0.1344647922299125
fbc_tfnbs,"e=1.4,h=5.0,n=30,start_thres=1.25,min_cluster_size=3",hub,0.25,50,7,40,1730,21,0,19,1730,0.525,0.0,1.0,0.0,0.1344647922299125
fbc_tfnbs,"e=1.4,h=6.0,n=30,start_thres=1.25,min_cluster_size=3",hub,0.25,50,7,40,1730,25,0,15,1730,0.625,0.0,1.0,0.0,0.1344647922299125
fbc_tfnbs,"e=1.4,h=7.0,n=30,start_thres=1.25,min_cluster_size=3",hub,0.25,50,7,40,1730,27,0,13,1730,0.675,0.0,1.0,0.0,0.1344647922299125
fbc_tfnbs,"e=1.4,h=8.0,n=30,start_thres=1.25,min_cluster_size=3",hub,0.25,50,7,40,1730,27,0,13,1730,0.675,0.0,1.0,0.0,0.1344647922299125
fbc_tfnbs,"e=1.4,h=9.0,n=30,start_thres=1.25,min_cluster_size=3",hub,0.25,50,7,40,1730,27,0,13,1730,0.675,0.0,1.0,0.0,0.1344647922299125
fbc_tfnbs,"e=1.4,h=10.0,n=30,start_thres=1.25,min_cluster_size=3",hub,0.25,50,7,40,1730,27,0,13,1730,0.675,0.0,1.0,0.0,0.1344647922299125
fbc_tfnbs,"e=1.5,h=0.5,n=30,start_thres=1.25,min_cluster_size=3",hub,0.25,50,7,40,1730,0,0,40,1730,0.0,0.0,0.0,0.0,0.1344647922299125
fbc_tfnbs,"e=1.5,h=1.0,n=30,start_thres=1.25,min_cluster_size=3",hub,0.25,50,7,40,1730,0,0,40,1730,0.0,0.0,0.0,0.0,0.1344647922299125
fbc_tfnbs,"e=1.5,h=2.0,n=30,start_thres=1.25,min_cluster_size=3",hub,0.25,50,7,40,1730,8,0,32,1730,0.2,0.0,1.0,0.0,0.1344647922299125
fbc_tfnbs,"e=1.5,h=3.0,n=30,start_thres=1.25,min_cluster_size=3",hub,0.25,50,7,40,1730,13,0,27,1730,0.325,0.0,1.0,0.0,0.1344647922299125
fbc_tfnbs,"e=1.5,h=4.0,n=30,start_thres=1.25,min_cluster_size=3",hub,0.25,50,7,40,1730,19,0,21,1730,0.475,0.0,1.0,0.0,0.1344647922299125
fbc_tfnbs,"e=1.5,h=5.0,n=30,start_thres=1.25,min_cluster_size=3",hub,0.25,50,7,40,1730,21,0,19,1730,0.525,0.0,1.0,0.0,0.1344647922299125
fbc_tfnbs,"e=1.5,h=6.0,n=30,start_thres=1.25,min_cluster_size=3",hub,0.25,50,7,40,1730,24,0,16,1730,0.6,0.0,1.0,0.0,0.1344647922299125
fbc_tfnbs,"e=1.5,h=7.0,n=30,start_thres=1.25,min_cluster_size=3",hub,0.25,50,7,40,1730,27,0,13,1730,0.675,0.0,1.0,0.0,0.1344647922299125
fbc_tfnbs,"e=1.5,h=8.0,n=30,start_thres=1.25,min_cluster_size=3",hub,0.25,50,7,40,1730,27,0,13,1730,0.675,0.0,1.0,0.0,0.1344647922299125
fbc_tfnbs,"e=1.5,h=9.0,n=30,start_thres=1.25,min_cluster_size=3",hub,0.25,50,7,40,1730,27,0,13,1730,0.675,0.0,1.0,0.0,0.1344647922299125
fbc_tfnbs,"e=1.5,h=10.0,n=30,start_thres=1.25,min_cluster_size=3",hub,0.25,50,7,40,1730,27,0,13,1730,0.675,0.0,1.0,0.0,0.1344647922299125
fbc_tfnbs,"e=0.05,h=0.5,n=30,start_thres=1.25,min_cluster_size=3",hub,0.25,50,8,40,1730,20,0,20,1730,0.5,0.0,1.0,0.0,0.1365390528332103
fbc_tfnbs,"e=0.05,h=1.0,n=30,start_thres=1.25,min_cluster_size=3",hub,0.25,50,8,40,1730,21,0,19,1730,0.525,0.0,1.0,0.0,0.1365390528332103
fbc_tfnbs,"e=0.05,h=2.0,n=30,start_thres=1.25,min_cluster_size=3",hub,0.25,50,8,40,1730,21,0,19,1730,0.525,0.0,1.0,0.0,0.1365390528332103
fbc_tfnbs,"e=0.05,h=3.0,n=30,start_thres=1.25,min_cluster_size=3",hub,0.25,50,8,40,1730,21,0,19,1730,0.525,0.0,1.0,0.0,0.1365390528332103
fbc_tfnbs,"e=0.05,h=4.0,n=30,start_thres=1.25,min_cluster_size=3",hub,0.25,50,8,40,1730,21,0,19,1730,0.525,0.0,1.0,0.0,0.1365390528332103
fbc_tfnbs,"e=0.05,h=5.0,n=30,start_thres=1.25,min_cluster_size=3",hub,0.25,50,8,40,1730,21,0,19,1730,0.525,0.0,1.0,0.0,0.1365390528332103
fbc_tfnbs,"e=0.05,h=6.0,n=30,start_thres=1.25,min_cluster_size=3",hub,0.25,50,8,40,1730,21,0,19,1730,0.525,0.0,1.0,0.0,0.1365390528332103
fbc_tfnbs,"e=0.05,h=7.0,n=30,start_thres=1.25,min_cluster_size=3",hub,0.25,50,8,40,1730,21,0,19,1730,0.525,0.0,1.0,0.0,0.1365390528332103
fbc_tfnbs,"e=0.05,h=8.0,n=30,start_thres=1.25,min_cluster_size=3",hub,0.25,50,8,40,1730,21,0,19,1730,0.525,0.0,1.0,0.0,0.1365390528332103
fbc_tfnbs,"e=0.05,h=9.0,n=30,start_thres=1.25,min_cluster_size=3",hub,0.25,50,8,40,1730,21,0,19,1730,0.525,0.0,1.0,0.0,0.1365390528332103
fbc_tfnbs,"e=0.05,h=10.0,n=30,start_thres=1.25,min_cluster_size=3",hub,0.25,50,8,40,1730,21,0,19,1730,0.525,0.0,1.0,0.0,0.1365390528332103
fbc_tfnbs,"e=0.1,h=0.5,n=30,start_thres=1.25,min_cluster_size=3",hub,0.25,50,8,40,1730,21,0,19,1730,0.525,0.0,1.0,0.0,0.1365390528332103
fbc_tfnbs,"e=0.1,h=1.0,n=30,start_thres=1.25,min_cluster_size=3",hub,0.25,50,8,40,1730,21,0,19,1730,0.525,0.0,1.0,0.0,0.1365390528332103
fbc_tfnbs,"e=0.1,h=2.0,n=30,start_thres=1.25,min_cluster_size=3",hub,0.25,50,8,40,1730,21,0,19,1730,0.525,0.0,1.0,0.0,0.1365390528332103
fbc_tfnbs,"e=0.1,h=3.0,n=30,start_thres=1.25,min_cluster_size=3",hub,0.25,50,8,40,1730,21,0,19,1730,0.525,0.0,1.0,0.0,0.1365390528332103
fbc_tfnbs,"e=0.1,h=4.0,n=30,start_thres=1.25,min_cluster_size=3",hub,0.25,50,8,40,1730,21,0,19,1730,0.525,0.0,1.0,0.0,0.1365390528332103
fbc_tfnbs,"e=0.1,h=5.0,n=30,start_thres=1.25,min_cluster_size=3",hub,0.25,50,8,40,1730,21,0,19,1730,0.525,0.0,1.0,0.0,0.1365390528332103
fbc_tfnbs,"e=0.1,h=6.0,n=30,start_thres=1.25,min_cluster_size=3",hub,0.25,50,8,40,1730,21,0,19,1730,0.525,0.0,1.0,0.0,0.1365390528332103
fbc_tfnbs,"e=0.1,h=7.0,n=30,start_thres=1.25,min_cluster_size=3",hub,0.25,50,8,40,1730,21,0,19,1730,0.525,0.0,1.0,0.0,0.1365390528332103
fbc_tfnbs,"e=0.1,h=8.0,n=30,start_thres=1.25,min_cluster_size=3",hub,0.25,50,8,40,1730,21,0,19,1730,0.525,0.0,1.0,0.0,0.1365390528332103
fbc_tfnbs,"e=0.1,h=9.0,n=30,start_thres=1.25,min_cluster_size=3",hub,0.25,50,8,40,1730,21,0,19,1730,0.525,0.0,1.0,0.0,0.1365390528332103
fbc_tfnbs,"e=0.1,h=10.0,n=30,start_thres=1.25,min_cluster_size=3",hub,0.25,50,8,40,1730,21,0,19,1730,0.525,0.0,1.0,0.0,0.1365390528332103
fbc_tfnbs,"e=0.2,h=0.5,n=30,start_thres=1.25,min_cluster_size=3",hub,0.25,50,8,40,1730,17,0,23,1730,0.425,0.0,1.0,0.0,0.1365390528332103
fbc_tfnbs,"e=0.2,h=1.0,n=30,start_thres=1.25,min_cluster_size=3",hub,0.25,50,8,40,1730,17,0,23,1730,0.425,0.0,1.0,0.0,0.1365390528332103
fbc_tfnbs,"e=0.2,h=2.0,n=30,start_thres=1.25,min_cluster_size=3",hub,0.25,50,8,40,1730,21,0,19,1730,0.525,0.0,1.0,0.0,0.1365390528332103
fbc_tfnbs,"e=0.2,h=3.0,n=30,start_thres=1.25,min_cluster_size=3",hub,0.25,50,8,40,1730,21,0,19,1730,0.525,0.0,1.0,0.0,0.1365390528332103
fbc_tfnbs,"e=0.2,h=4.0,n=30,start_thres=1.25,min_cluster_size=3",hub,0.25,50,8,40,1730,21,0,19,1730,0.525,0.0,1.0,0.0,0.1365390528332103
fbc_tfnbs,"e=0.2,h=5.0,n=30,start_thres=1.25,min_cluster_size=3",hub,0.25,50,8,40,1730,21,0,19,1730,0.525,0.0,1.0,0.0,0.1365390528332103
fbc_tfnbs,"e=0.2,h=6.0,n=30,start_thres=1.25,min_cluster_size=3",hub,0.25,50,8,40,1730,21,0,19,1730,0.525,0.0,1.0,0.0,0.1365390528332103
fbc_tfnbs,"e=0.2,h=7.0,n=30,start_thres=1.25,min_cluster_size=3",hub,0.25,50,8,40,1730,21,0,19,1730,0.525,0.0,1.0,0.0,0.1365390528332103
fbc_tfnbs,"e=0.2,h=8.0,n=30,start_thres=1.25,min_cluster_size=3",hub,0.25,50,8,40,1730,21,0,19,1730,0.525,0.0,1.0,0.0,0.1365390528332103
fbc_tfnbs,"e=0.2,h=9.0,n=30,start_thres=1.25,min_cluster_size=3",hub,0.25,50,8,40,1730,21,0,19,1730,0.525,0.0,1.0,0.0,0.1365390528332103
fbc_tfnbs,"e=0.2,h=10.0,n=30,start_thres=1.25,min_cluster_size=3",hub,0.25,50,8,40,1730,21,0,19,1730,0.525,0.0,1.0,0.0,0.1365390528332103
fbc_tfnbs,"e=0.3,h=0.5,n=30,start_thres=1.25,min_cluster_size=3",hub,0.25,50,8,40,1730,16,0,24,1730,0.4,0.0,1.0,0.0,0.1365390528332103
fbc_tfnbs,"e=0.3,h=1.0,n=30,start_thres=1.25,min_cluster_size=3",hub,0.25,50,8,40,1730,17,0,23,1730,0.425,0.0,1.0,0.0,0.1365390528332103
fbc_tfnbs,"e=0.3,h=2.0,n=30,start_thres=1.25,min_cluster_size=3",hub,0.25,50,8,40,1730,17,0,23,1730,0.425,0.0,1.0,0.0,0.1365390528332103
fbc_tfnbs,"e=0.3,h=3.0,n=30,start_thres=1.25,min_cluster_size=3",hub,0.25,50,8,40,1730,21,0,19,1730,0.525,0.0,1.0,0.0,0.1365390528332103
fbc_tfnbs,"e=0.3,h=4.0,n=30,start_thres=1.25,min_cluster_size=3",hub,0.25,50,8,40,1730,21,0,19,1730,0.525,0.0,1.0,0.0,0.1365390528332103
fbc_tfnbs,"e=0.3,h=5.0,n=30,start_thres=1.25,min_cluster_size=3",hub,0.25,50,8,40,1730,21,0,19,1730,0.525,0.0,1.0,0.0,0.1365390528332103
fbc_tfnbs,"e=0.3,h=6.0,n=30,start_thres=1.25,min_cluster_size=3",hub,0.25,50,8,40,1730,21,0,19,1730,0.525,0.0,1.0,0.0,0.1365390528332103
fbc_tfnbs,"e=0.3,h=7.0,n=30,start_thres=1.25,min_cluster_size=3",hub,0.25,50,8,40,1730,21,0,19,1730,0.525,0.0,1.0,0.0,0.1365390528332103
fbc_tfnbs,"e=0.3,h=8.0,n=30,start_thres=1.25,min_cluster_size=3",hub,0.25,50,8,40,1730,21,0,19,1730,0.525,0.0,1.0,0.0,0.1365390528332103
fbc_tfnbs,"e=0.3,h=9.0,n=30,start_thres=1.25,min_cluster_size=3",hub,0.25,50,8,40,1730,21,0,19,1730,0.525,0.0,1.0,0.0,0.1365390528332103
fbc_tfnbs,"e=0.3,h=10.0,n=30,start_thres=1.25,min_cluster_size=3",hub,0.25,50,8,40,1730,21,0,19,1730,0.525,0.0,1.0,0.0,0.1365390528332103
fbc_tfnbs,"e=0.4,h=0.5,n=30,start_thres=1.25,min_cluster_size=3",hub,0.25,50,8,40,1730,16,0,24,1730,0.4,0.0,1.0,0.0,0.1365390528332103
fbc_tfnbs,"e=0.4,h=1.0,n=30,start_thres=1.25,min_cluster_size=3",hub,0.25,50,8,40,1730,17,0,23,1730,0.425,0.0,1.0,0.0,0.1365390528332103
fbc_tfnbs,"e=0.4,h=2.0,n=30,start_thres=1.25,min_cluster_size=3",hub,0.25,50,8,40,1730,17,0,23,1730,0.425,0.0,1.0,0.0,0.1365390528332103
fbc_tfnbs,"e=0.4,h=3.0,n=30,start_thres=1.25,min_cluster_size=3",hub,0.25,50,8,40,1730,17,0,23,1730,0.425,0.0,1.0,0.0,0.1365390528332103
fbc_tfnbs,"e=0.4,h=4.0,n=30,start_thres=1.25,min_cluster_size=3",hub,0.25,50,8,40,1730,21,0,19,1730,0.525,0.0,1.0,0.0,0.1365390528332103
fbc_tfnbs,"e=0.4,h=5.0,n=30,start_thres=1.25,min_cluster_size=3",hub,0.25,50,8,40,1730,21,0,19,1730,0.525,0.0,1.0,0.0,0.1365390528332103
fbc_tfnbs,"e=0.4,h=6.0,n=30,start_thres=1.25,min_cluster_size=3",hub,0.25,50,8,40,1730,21,0,19,1730,0.525,0.0,1.0,0.0,0.1365390528332103
fbc_tfnbs,"e=0.4,h=7.0,n=30,start_thres=1.25,min_cluster_size=3",hub,0.25,50,8,40,1730,21,0,19,1730,0.525,0.0,1.0,0.0,0.1365390528332103
fbc_tfnbs,"e=0.4,h=8.0,n=30,start_thres=1.25,min_cluster_size=3",hub,0.25,50,8,40,1730,21,0,19,1730,0.525,0.0,1.0,0.0,0.1365390528332103
fbc_tfnbs,"e=0.4,h=9.0,n=30,start_thres=1.25,min_cluster_size=3",hub,0.25,50,8,40,1730,21,0,19,1730,0.525,0.0,1.0,0.0,0.1365390528332103
fbc_tfnbs,"e=0.4,h=10.0,n=30,start_thres=1.25,min_cluster_size=3",hub,0.25,50,8,40,1730,21,0,19,1730,0.525,0.0,1.0,0.0,0.1365390528332103
fbc_tfnbs,"e=0.5,h=0.5,n=30,start_thres=1.25,min_cluster_size=3",hub,0.25,50,8,40,1730,13,0,27,1730,0.325,0.0,1.0,0.0,0.1365390528332103
fbc_tfnbs,"e=0.5,h=1.0,n=30,start_thres=1.25,min_cluster_size=3",hub,0.25,50,8,40,1730,16,0,24,1730,0.4,0.0,1.0,0.0,0.1365390528332103
fbc_tfnbs,"e=0.5,h=2.0,n=30,start_thres=1.25,min_cluster_size=3",hub,0.25,50,8,40,1730,17,0,23,1730,0.425,0.0,1.0,0.0,0.1365390528332103
fbc_tfnbs,"e=0.5,h=3.0,n=30,start_thres=1.25,min_cluster_size=3",hub,0.25,50,8,40,1730,17,0,23,1730,0.425,0.0,1.0,0.0,0.1365390528332103
fbc_tfnbs,"e=0.5,h=4.0,n=30,start_thres=1.25,min_cluster_size=3",hub,0.25,50,8,40,1730,18,0,22,1730,0.45,0.0,1.0,0.0,0.1365390528332103
fbc_tfnbs,"e=0.5,h=5.0,n=30,start_thres=1.25,min_cluster_size=3",hub,0.25,50,8,40,1730,22,0,18,1730,0.55,0.0,1.0,0.0,0.1365390528332103
fbc_tfnbs,"e=0.5,h=6.0,n=30,start_thres=1.25,min_cluster_size=3",hub,0.25,50,8,40,1730,22,0,18,1730,0.55,0.0,1.0,0.0,0.1365390528332103
fbc_tfnbs,"e=0.5,h=7.0,n=30,start_thres=1.25,min_cluster_size=3",hub,0.25,50,8,40,1730,22,0,18,1730,0.55,0.0,1.0,0.0,0.1365390528332103
fbc_tfnbs,"e=0.5,h=8.0,n=30,start_thres=1.25,min_cluster_size=3",hub,0.25,50,8,40,1730,22,0,18,1730,0.55,0.0,1.0,0.0,0.1365390528332103
fbc_tfnbs,"e=0.5,h=9.0,n=30,start_thres=1.25,min_cluster_size=3",hub,0.25,50,8,40,1730,21,0,19,1730,0.525,0.0,1.0,0.0,0.1365390528332103
fbc_tfnbs,"e=0.5,h=10.0,n=30,start_thres=1.25,min_cluster_size=3",hub,0.25,50,8,40,1730,21,0,19,1730,0.525,0.0,1.0,0.0,0.1365390528332103
fbc_tfnbs,"e=0.6,h=0.5,n=30,start_thres=1.25,min_cluster_size=3",hub,0.25,50,8,40,1730,13,0,27,1730,0.325,0.0,1.0,0.0,0.1365390528332103
fbc_tfnbs,"e=0.6,h=1.0,n=30,start_thres=1.25,min_cluster_size=3",hub,0.25,50,8,40,1730,13,0,27,1730,0.325,0.0,1.0,0.0,0.1365390528332103
fbc_tfnbs,"e=0.6,h=2.0,n=30,start_thres=1.25,min_cluster_size=3",hub,0.25,50,8,40,1730,17,0,23,1730,0.425,0.0,1.0,0.0,0.1365390528332103
fbc_tfnbs,"e=0.6,h=3.0,n=30,start_thres=1.25,min_cluster_size=3",hub,0.25,50,8,40,1730,17,0,23,1730,0.425,0.0,1.0,0.0,0.1365390528332103
fbc_tfnbs,"e=0.6,h=4.0,n=30,start_thres=1.25,min_cluster_size=3",hub,0.25,50,8,40,1730,18,0,22,1730,0.45,0.0,1.0,0.0,0.1365390528332103
fbc_tfnbs,"e=0.6,h=5.0,n=30,start_thres=1.25,min_cluster_size=3",hub,0.25,50,8,40,1730,19,0,21,1730,0.475,0.0,1.0,0.0,0.1365390528332103
fbc_tfnbs,"e=0.6,h=6.0,n=30,start_thres=1.25,min_cluster_size=3",hub,0.25,50,8,40,1730,22,0,18,1730,0.55,0.0,1.0,0.0,0.1365390528332103
fbc_tfnbs,"e=0.6,h=7.0,n=30,start_thres=1.25,min_cluster_size=3",hub,0.25,50,8,40,1730,22,0,18,1730,0.55,0.0,1.0,0.0,0.1365390528332103
fbc_tfnbs,"e=0.6,h=8.0,n=30,start_thres=1.25,min_cluster_size=3",hub,0.25,50,8,40,1730,22,0,18,1730,0.55,0.0,1.0,0.0,0.1365390528332103
fbc_tfnbs,"e=0.6,h=9.0,n=30,start_thres=1.25,min_cluster_size=3",hub,0.25,50,8,40,1730,22,0,18,1730,0.55,0.0,1.0,0.0,0.1365390528332103
fbc_tfnbs,"e=0.6,h=10.0,n=30,start_thres=1.25,min_cluster_size=3",hub,0.25,50,8,40,1730,22,0,18,1730,0.55,0.0,1.0,0.0,0.1365390528332103
fbc_tfnbs,"e=0.7,h=0.5,n=30,start_thres=1.25,min_cluster_size=3",hub,0.25,50,8,40,1730,13,0,27,1730,0.325,0.0,1.0,0.0,0.1365390528332103
fbc_tfnbs,"e=0.7,h=1.0,n=30,start_thres=1.25,min_cluster_size=3",hub,0.25,50,8,40,1730,13,0,27,1730,0.325,0.0,1.0,0.0,0.1365390528332103
fbc_tfnbs,"e=0.7,h=2.0,n=30,start_thres=1.25,min_cluster_size=3",hub,0.25,50,8,40,1730,14,0,26,1730,0.35,0.0,1.0,0.0,0.1365390528332103
fbc_tfnbs,"e=0.7,h=3.0,n=30,start_thres=1.25,min_cluster_size=3",hub,0.25,50,8,40,1730,17,0,23,1730,0.425,0.0,1.0,0.0,0.1365390528332103
fbc_tfnbs,"e=0.7,h=4.0,n=30,start_thres=1.25,min_cluster_size=3",hub,0.25,50,8,40,1730,18,0,22,1730,0.45,0.0,1.0,0.0,0.1365390528332103
fbc_tfnbs,"e=0.7,h=5.0,n=30,start_thres=1.25,min_cluster_size=3",hub,0.25,50,8,40,1730,19,0,21,1730,0.475,0.0,1.0,0.0,0.1365390528332103
fbc_tfnbs,"e=0.7,h=6.0,n=30,start_thres=1.25,min_cluster_size=3",hub,0.25,50,8,40,1730,22,0,18,1730,0.55,0.0,1.0,0.0,0.1365390528332103
fbc_tfnbs,"e=0.7,h=7.0,n=30,start_thres=1.25,min_cluster_size=3",hub,0.25,50,8,40,1730,22,0,18,1730,0.55,0.0,1.0,0.0,0.1365390528332103
fbc_tfnbs,"e=0.7,h=8.0,n=30,start_thres=1.25,min_cluster_size=3",hub,0.25,50,8,40,1730,22,0,18,1730,0.55,0.0,1.0,0.0,0.1365390528332103
fbc_tfnbs,"e=0.7,h=9.0,n=30,start_thres=1.25,min_cluster_size=3",hub,0.25,50,8,40,1730,22,0,18,1730,0.55,0.0,1.0,0.0,0.1365390528332103
fbc_tfnbs,"e=0.7,h=10.0,n=30,start_thres=1.25,min_cluster_size=3",hub,0.25,50,8,40,1730,22,0,18,1730,0.55,0.0,1.0,0.0,0.1365390528332103
fbc_tfnbs,"e=0.8,h=0.5,n=30,start_thres=1.25,min_cluster_size=3",hub,0.25,50,8,40,1730,12,0,28,1730,0.3,0.0,1.0,0.0,0.1365390528332103
fbc_tfnbs,"e=0.8,h=1.0,n=30,start_thres=1.25,min_cluster_size=3",hub,0.25,50,8,40,1730,13,0,27,1730,0.325,0.0,1.0,0.0,0.1365390528332103
fbc_tfnbs,"e=0.8,h=2.0,n=30,start_thres=1.25,min_cluster_size=3",hub,0.25,50,8,40,1730,13,0,27,1730,0.325,0.0,1.0,0.0,0.1365390528332103
fbc_tfnbs,"e=0.8,h=3.0,n=30,start_thres=1.25,min_cluster_size=3",hub,0.25,50,8,40,1730,17,0,23,1730,0.425,0.0,1.0,0.0,0.1365390528332103
fbc_tfnbs,"e=0.8,h=4.0,n=30,start_thres=1.25,min_cluster_size=3",hub,0.25,50,8,40,1730,17,0,23,1730,0.425,0.0,1.0,0.0,0.1365390528332103
fbc_tfnbs,"e=0.8,h=5.0,n=30,start_thres=1.25,min_cluster_size=3",hub,0.25,50,8,40,1730,19,0,21,1730,0.475,0.0,1.0,0.0,0.1365390528332103
fbc_tfnbs,"e=0.8,h=6.0,n=30,start_thres=1.25,min_cluster_size=3",hub,0.25,50,8,40,1730,19,0,21,1730,0.475,0.0,1.0,0.0,0.1365390528332103
fbc_tfnbs,"e=0.8,h=7.0,n=30,start_thres=1.25,min_cluster_size=3",hub,0.25,50,8,40,1730,22,0,18,1730,0.55,0.0,1.0,0.0,0.1365390528332103
fbc_tfnbs,"e=0.8,h=8.0,n=30,start_thres=1.25,min_cluster_size=3",hub,0.25,50,8,40,1730,22,0,18,1730,0.55,0.0,1.0,0.0,0.1365390528332103
fbc_tfnbs,"e=0.8,h=9.0,n=30,start_thres=1.25,min_cluster_size=3",hub,0.25,50,8,40,1730,22,0,18,1730,0.55,0.0,1.0,0.0,0.1365390528332103
fbc_tfnbs,"e=0.8,h=10.0,n=30,start_thres=1.25,min_cluster_size=3",hub,0.25,50,8,40,1730,22,0,18,1730,0.55,0.0,1.0,0.0,0.1365390528332103
fbc_tfnbs,"e=0.9,h=0.5,n=30,start_thres=1.25,min_cluster_size=3",hub,0.25,50,8,40,1730,10,0,30,1730,0.25,0.0,1.0,0.0,0.1365390528332103
fbc_tfnbs,"e=0.9,h=1.0,n=30,start_thres=1.25,min_cluster_size=3",hub,0.25,50,8,40,1730,12,0,28,1730,0.3,0.0,1.0,0.0,0.1365390528332103
fbc_tfnbs,"e=0.9,h=2.0,n=30,start_thres=1.25,min_cluster_size=3",hub,0.25,50,8,40,1730,13,0,27,1730,0.325,0.0,1.0,0.0,0.1365390528332103
fbc_tfnbs,"e=0.9,h=3.0,n=30,start_thres=1.25,min_cluster_size=3",hub,0.25,50,8,40,1730,14,0,26,1730,0.35,0.0,1.0,0.0,0.1365390528332103
fbc_tfnbs,"e=0.9,h=4.0,n=30,start_thres=1.25,min_cluster_size=3",hub,0.25,50,8,40,1730,18,0,22,1730,0.45,0.0,1.0,0.0,0.1365390528332103
fbc_tfnbs,"e=0.9,h=5.0,n=30,start_thres=1.25,min_cluster_size=3",hub,0.25,50,8,40,1730,18,0,22,1730,0.45,0.0,1.0,0.0,0.1365390528332103
fbc_tfnbs,"e=0.9,h=6.0,n=30,start_thres=1.25,min_cluster_size=3",hub,0.25,50,8,40,1730,19,0,21,1730,0.475,0.0,1.0,0.0,0.1365390528332103
fbc_tfnbs,"e=0.9,h=7.0,n=30,start_thres=1.25,min_cluster_size=3",hub,0.25,50,8,40,1730,19,0,21,1730,0.475,0.0,1.0,0.0,0.1365390528332103
fbc_tfnbs,"e=0.9,h=8.0,n=30,start_thres=1.25,min_cluster_size=3",hub,0.25,50,8,40,1730,22,0,18,1730,0.55,0.0,1.0,0.0,0.1365390528332103
fbc_tfnbs,"e=0.9,h=9.0,n=30,start_thres=1.25,min_cluster_size=3",hub,0.25,50,8,40,1730,22,0,18,1730,0.55,0.0,1.0,0.0,0.1365390528332103
fbc_tfnbs,"e=0.9,h=10.0,n=30,start_thres=1.25,min_cluster_size=3",hub,0.25,50,8,40,1730,22,0,18,1730,0.55,0.0,1.0,0.0,0.1365390528332103
fbc_tfnbs,"e=1.0,h=0.5,n=30,start_thres=1.25,min_cluster_size=3",hub,0.25,50,8,40,1730,10,0,30,1730,0.25,0.0,1.0,0.0,0.1365390528332103
fbc_tfnbs,"e=1.0,h=1.0,n=30,start_thres=1.25,min_cluster_size=3",hub,0.25,50,8,40,1730,11,0,29,1730,0.275,0.0,1.0,0.0,0.1365390528332103
fbc_tfnbs,"e=1.0,h=2.0,n=30,start_thres=1.25,min_cluster_size=3",hub,0.25,50,8,40,1730,13,0,27,1730,0.325,0.0,1.0,0.0,0.1365390528332103
fbc_tfnbs,"e=1.0,h=3.0,n=30,start_thres=1.25,min_cluster_size=3",hub,0.25,50,8,40,1730,14,0,26,1730,0.35,0.0,1.0,0.0,0.1365390528332103
fbc_tfnbs,"e=1.0,h=4.0,n=30,start_thres=1.25,min_cluster_size=3",hub,0.25,50,8,40,1730,17,0,23,1730,0.425,0.0,1.0,0.0,0.1365390528332103
fbc_tfnbs,"e=1.0,h=5.0,n=30,start_thres=1.25,min_cluster_size=3",hub,0.25,50,8,40,1730,18,0,22,1730,0.45,0.0,1.0,0.0,0.1365390528332103
fbc_tfnbs,"e=1.0,h=6.0,n=30,start_thres=1.25,min_cluster_size=3",hub,0.25,50,8,40,1730,19,0,21,1730,0.475,0.0,1.0,0.0,0.1365390528332103
fbc_tfnbs,"e=1.0,h=7.0,n=30,start_thres=1.25,min_cluster_size=3",hub,0.25,50,8,40,1730,19,0,21,1730,0.475,0.0,1.0,0.0,0.1365390528332103
fbc_tfnbs,"e=1.0,h=8.0,n=30,start_thres=1.25,min_cluster_size=3",hub,0.25,50,8,40,1730,22,0,18,1730,0.55,0.0,1.0,0.0,0.1365390528332103
fbc_tfnbs,"e=1.0,h=9.0,n=30,start_thres=1.25,min_cluster_size=3",hub,0.25,50,8,40,1730,22,0,18,1730,0.55,0.0,1.0,0.0,0.1365390528332103
fbc_tfnbs,"e=1.0,h=10.0,n=30,start_thres=1.25,min_cluster_size=3",hub,0.25,50,8,40,1730,22,0,18,1730,0.55,0.0,1.0,0.0,0.1365390528332103
fbc_tfnbs,"e=1.1,h=0.5,n=30,start_thres=1.25,min_cluster_size=3",hub,0.25,50,8,40,1730,9,0,31,1730,0.225,0.0,1.0,0.0,0.1365390528332103
fbc_tfnbs,"e=1.1,h=1.0,n=30,start_thres=1.25,min_cluster_size=3",hub,0.25,50,8,40,1730,10,0,30,1730,0.25,0.0,1.0,0.0,0.1365390528332103
fbc_tfnbs,"e=1.1,h=2.0,n=30,start_thres=1.25,min_cluster_size=3",hub,0.25,50,8,40,1730,13,0,27,1730,0.325,0.0,1.0,0.0,0.1365390528332103
fbc_tfnbs,"e=1.1,h=3.0,n=30,start_thres=1.25,min_cluster_size=3",hub,0.25,50,8,40,1730,13,0,27,1730,0.325,0.0,1.0,0.0,0.1365390528332103
fbc_tfnbs,"e=1.1,h=4.0,n=30,start_thres=1.25,min_cluster_size=3",hub,0.25,50,8,40,1730,14,0,26,1730,0.35,0.0,1.0,0.0,0.1365390528332103
fbc_tfnbs,"e=1.1,h=5.0,n=30,start_thres=1.25,min_cluster_size=3",hub,0.25,50,8,40,1730,18,0,22,1730,0.45,0.0,1.0,0.0,0.1365390528332103
fbc_tfnbs,"e=1.1,h=6.0,n=30,start_thres=1.25,min_cluster_size=3",hub,0.25,50,8,40,1730,18,0,22,1730,0.45,0.0,1.0,0.0,0.1365390528332103
fbc_tfnbs,"e=1.1,h=7.0,n=30,start_thres=1.25,min_cluster_size=3",hub,0.25,50,8,40,1730,19,0,21,1730,0.475,0.0,1.0,0.0,0.1365390528332103
fbc_tfnbs,"e=1.1,h=8.0,n=30,start_thres=1.25,min_cluster_size=3",hub,0.25,50,8,40,1730,19,0,21,1730,0.475,0.0,1.0,0.0,0.1365390528332103
fbc_tfnbs,"e=1.1,h=9.0,n=30,start_thres=1.25,min_cluster_size=3",hub,0.25,50,8,40,1730,22,0,18,1730,0.55,0.0,1.0,0.0,0.1365390528332103
fbc_tfnbs,"e=1.1,h=10.0,n=30,start_thres=1.25,min_cluster_size=3",hub,0.25,50,8,40,1730,22,0,18,1730,0.55,0.0,1.0,0.0,0.1365390528332103
fbc_tfnbs,"e=1.2,h=0.5,n=30,start_thres=1.25,min_cluster_size=3",hub,0.25,50,8,40,1730,3,0,37,1730,0.075,0.0,1.0,0.0,0.1365390528332103
fbc_tfnbs,"e=1.2,h=1.0,n=30,start_thres=1.25,min_cluster_size=3",hub,0.25,50,8,40,1730,10,0,30,1730,0.25,0.0,1.0,0.0,0.1365390528332103
fbc_tfnbs,"e=1.2,h=2.0,n=30,start_thres=1.25,min_cluster_size=3",hub,0.25,50,8,40,1730,12,0,28,1730,0.3,0.0,1.0,0.0,0.1365390528332103
fbc_tfnbs,"e=1.2,h=3.0,n=30,start_thres=1.25,min_cluster_size=3",hub,0.25,50,8,40,1730,13,0,27,1730,0.325,0.0,1.0,0.0,0.1365390528332103
fbc_tfnbs,"e=1.2,h=4.0,n=30,start_thres=1.25,min_cluster_size=3",hub,0.25,50,8,40,1730,14,0,26,1730,0.35,0.0,1.0,0.0,0.1365390528332103
fbc_tfnbs,"e=1.2,h=5.0,n=30,start_thres=1.25,min_cluster_size=3",hub,0.25,50,8,40,1730,18,0,22,1730,0.45,0.0,1.0,0.0,0.1365390528332103
fbc_tfnbs,"e=1.2,h=6.0,n=30,start_thres=1.25,min_cluster_size=3",hub,0.25,50,8,40,1730,18,0,22,1730,0.45,0.0,1.0,0.0,0.1365390528332103
fbc_tfnbs,"e=1.2,h=7.0,n=30,start_thres=1.25,min_cluster_size=3",hub,0.25,50,8,40,1730,19,0,21,1730,0.475,0.0,1.0,0.0,0.1365390528332103
fbc_tfnbs,"e=1.2,h=8.0,n=30,start_thres=1.25,min_cluster_size=3",hub,0.25,50,8,40,1730,19,0,21,1730,0.475,0.0,1.0,0.0,0.1365390528332103
fbc_tfnbs,"e=1.2,h=9.0,n=30,start_thres=1.25,min_cluster_size=3",hub,0.25,50,8,40,1730,22,0,18,1730,0.55,0.0,1.0,0.0,0.1365390528332103
fbc_tfnbs,"e=1.2,h=10.0,n=30,start_thres=1.25,min_cluster_size=3",hub,0.25,50,8,40,1730,22,0,18,1730,0.55,0.0,1.0,0.0,0.1365390528332103
fbc_tfnbs,"e=1.3,h=0.5,n=30,start_thres=1.25,min_cluster_size=3",hub,0.25,50,8,40,1730,0,0,40,1730,0.0,0.0,0.0,0.0,0.1365390528332103
fbc_tfnbs,"e=1.3,h=1.0,n=30,start_thres=1.25,min_cluster_size=3",hub,0.25,50,8,40,1730,8,0,32,1730,0.2,0.0,1.0,0.0,0.1365390528332103
fbc_tfnbs,"e=1.3,h=2.0,n=30,start_thres=1.25,min_cluster_size=3",hub,0.25,50,8,40,1730,11,0,29,1730,0.275,0.0,1.0,0.0,0.1365390528332103
fbc_tfnbs,"e=1.3,h=3.0,n=30,start_thres=1.25,min_cluster_size=3",hub,0.25,50,8,40,1730,13,0,27,1730,0.325,0.0,1.0,0.0,0.1365390528332103
fbc_tfnbs,"e=1.3,h=4.0,n=30,start_thres=1.25,min_cluster_size=3",hub,0.25,50,8,40,1730,14,0,26,1730,0.35,0.0,1.0,0.0,0.1365390528332103
fbc_tfnbs,"e=1.3,h=5.0,n=30,start_thres=1.25,min_cluster_size=3",hub,0.25,50,8,40,1730,18,0,22,1730,0.45,0.0,1.0,0.0,0.1365390528332103
fbc_tfnbs,"e=1.3,h=6.0,n=30,start_thres=1.25,min_cluster_size=3",hub,0.25,50,8,40,1730,18,0,22,1730,0.45,0.0,1.0,0.0,0.1365390528332103
fbc_tfnbs,"e=1.3,h=7.0,n=30,start_thres=1.25,min_cluster_size=3",hub,0.25,50,8,40,1730,18,0,22,1730,0.45,0.0,1.0,0.0,0.1365390528332103
fbc_tfnbs,"e=1.3,h=8.0,n=30,start_thres=1.25,min_cluster_size=3",hub,0.25,50,8,40,1730,19,0,21,1730,0.475,0.0,1.0,0.0,0.1365390528332103
fbc_tfnbs,"e=1.3,h=9.0,n=30,start_thres=1.25,min_cluster_size=3",hub,0.25,50,8,40,1730,22,0,18,1730,0.55,0.0,1.0,0.0,0.1365390528332103
fbc_tfnbs,"e=1.3,h=10.0,n=30,start_thres=1.25,min_cluster_size=3",hub,0.25,50,8,40,1730,22,0,18,1730,0.55,0.0,1.0,0.0,0.1365390528332103
fbc_tfnbs,"e=1.4,h=0.5,n=30,start_thres=1.25,min_cluster_size=3",hub,0.25,50,8,40,1730,0,0,40,1730,0.0,0.0,0.0,0.0,0.1365390528332103
fbc_tfnbs,"e=1.4,h=1.0,n=30,start_thres=1.25,min_cluster_size=3",hub,0.25,50,8,40,1730,0,0,40,1730,0.0,0.0,0.0,0.0,0.1365390528332103
fbc_tfnbs,"e=1.4,h=2.0,n=30,start_thres=1.25,min_cluster_size=3",hub,0.25,50,8,40,1730,10,0,30,1730,0.25,0.0,1.0,0.0,0.1365390528332103
fbc_tfnbs,"e=1.4,h=3.0,n=30,start_thres=1.25,min_cluster_size=3",hub,0.25,50,8,40,1730,13,0,27,1730,0.325,0.0,1.0,0.0,0.1365390528332103
fbc_tfnbs,"e=1.4,h=4.0,n=30,start_thres=1.25,min_cluster_size=3",hub,0.25,50,8,40,1730,13,0,27,1730,0.325,0.0,1.0,0.0,0.1365390528332103
fbc_tfnbs,"e=1.4,h=5.0,n=30,start_thres=1.25,min_cluster_size=3",hub,0.25,50,8,40,1730,14,0,26,1730,0.35,0.0,1.0,0.0,0.1365390528332103
fbc_tfnbs,"e=1.4,h=6.0,n=30,start_thres=1.25,min_cluster_size=3",hub,0.25,50,8,40,1730,18,0,22,1730,0.45,0.0,1.0,0.0,0.1365390528332103
fbc_tfnbs,"e=1.4,h=7.0,n=30,start_thres=1.25,min_cluster_size=3",hub,0.25,50,8,40,1730,18,0,22,1730,0.45,0.0,1.0,0.0,0.1365390528332103
fbc_tfnbs,"e=1.4,h=8.0,n=30,start_thres=1.25,min_cluster_size=3",hub,0.25,50,8,40,1730,19,0,21,1730,0.475,0.0,1.0,0.0,0.1365390528332103
fbc_tfnbs,"e=1.4,h=9.0,n=30,start_thres=1.25,min_cluster_size=3",hub,0.25,50,8,40,1730,22,0,18,1730,0.55,0.0,1.0,0.0,0.1365390528332103
fbc_tfnbs,"e=1.4,h=10.0,n=30,start_thres=1.25,min_cluster_size=3",hub,0.25,50,8,40,1730,25,0,15,1730,0.625,0.0,1.0,0.0,0.1365390528332103
fbc_tfnbs,"e=1.5,h=0.5,n=30,start_thres=1.25,min_cluster_size=3",hub,0.25,50,8,40,1730,0,0,40,1730,0.0,0.0,0.0,0.0,0.1365390528332103
fbc_tfnbs,"e=1.5,h=1.0,n=30,start_thres=1.25,min_cluster_size=3",hub,0.25,50,8,40,1730,0,0,40,1730,0.0,0.0,0.0,0.0,0.1365390528332103
fbc_tfnbs,"e=1.5,h=2.0,n=30,start_thres=1.25,min_cluster_size=3",hub,0.25,50,8,40,1730,10,0,30,1730,0.25,0.0,1.0,0.0,0.1365390528332103
fbc_tfnbs,"e=1.5,h=3.0,n=30,start_thres=1.25,min_cluster_size=3",hub,0.25,50,8,40,1730,12,0,28,1730,0.3,0.0,1.0,0.0,0.1365390528332103
fbc_tfnbs,"e=1.5,h=4.0,n=30,start_thres=1.25,min_cluster_size=3",hub,0.25,50,8,40,1730,13,0,27,1730,0.325,0.0,1.0,0.0,0.1365390528332103
fbc_tfnbs,"e=1.5,h=5.0,n=30,start_thres=1.25,min_cluster_size=3",hub,0.25,50,8,40,1730,14,0,26,1730,0.35,0.0,1.0,0.0,0.1365390528332103
fbc_tfnbs,"e=1.5,h=6.0,n=30,start_thres=1.25,min_cluster_size=3",hub,0.25,50,8,40,1730,18,0,22,1730,0.45,0.0,1.0,0.0,0.1365390528332103
fbc_tfnbs,"e=1.5,h=7.0,n=30,start_thres=1.25,min_cluster_size=3",hub,0.25,50,8,40,1730,18,0,22,1730,0.45,0.0,1.0,0.0,0.1365390528332103
fbc_tfnbs,"e=1.5,h=8.0,n=30,start_thres=1.25,min_cluster_size=3",hub,0.25,50,8,40,1730,18,0,22,1730,0.45,0.0,1.0,0.0,0.1365390528332103
fbc_tfnbs,"e=1.5,h=9.0,n=30,start_thres=1.25,min_cluster_size=3",hub,0.25,50,8,40,1730,22,0,18,1730,0.55,0.0,1.0,0.0,0.1365390528332103
fbc_tfnbs,"e=1.5,h=10.0,n=30,start_thres=1.25,min_cluster_size=3",hub,0.25,50,8,40,1730,22,0,18,1730,0.55,0.0,1.0,0.0,0.1365390528332103
fbc_tfnbs,"e=0.05,h=0.5,n=30,start_thres=1.25,min_cluster_size=3",hub,0.25,50,9,40,1730,17,0,23,1730,0.425,0.0,1.0,0.0,0.13441794433377
fbc_tfnbs,"e=0.05,h=1.0,n=30,start_thres=1.25,min_cluster_size=3",hub,0.25,50,9,40,1730,17,0,23,1730,0.425,0.0,1.0,0.0,0.13441794433377
fbc_tfnbs,"e=0.05,h=2.0,n=30,start_thres=1.25,min_cluster_size=3",hub,0.25,50,9,40,1730,17,0,23,1730,0.425,0.0,1.0,0.0,0.13441794433377
fbc_tfnbs,"e=0.05,h=3.0,n=30,start_thres=1.25,min_cluster_size=3",hub,0.25,50,9,40,1730,17,0,23,1730,0.425,0.0,1.0,0.0,0.13441794433377
fbc_tfnbs,"e=0.05,h=4.0,n=30,start_thres=1.25,min_cluster_size=3",hub,0.25,50,9,40,1730,17,0,23,1730,0.425,0.0,1.0,0.0,0.13441794433377
fbc_tfnbs,"e=0.05,h=5.0,n=30,start_thres=1.25,min_cluster_size=3",hub,0.25,50,9,40,1730,17,0,23,1730,0.425,0.0,1.0,0.0,0.13441794433377
fbc_tfnbs,"e=0.05,h=6.0,n=30,start_thres=1.25,min_cluster_size=3",hub,0.25,50,9,40,1730,17,0,23,1730,0.425,0.0,1.0,0.0,0.13441794433377
fbc_tfnbs,"e=0.05,h=7.0,n=30,start_thres=1.25,min_cluster_size=3",hub,0.25,50,9,40,1730,17,0,23,1730,0.425,0.0,1.0,0.0,0.13441794433377
fbc_tfnbs,"e=0.05,h=8.0,n=30,start_thres=1.25,min_cluster_size=3",hub,0.25,50,9,40,1730,17,0,23,1730,0.425,0.0,1.0,0.0,0.13441794433377
fbc_tfnbs,"e=0.05,h=9.0,n=30,start_thres=1.25,min_cluster_size=3",hub,0.25,50,9,40,1730,17,0,23,1730,0.425,0.0,1.0,0.0,0.13441794433377
fbc_tfnbs,"e=0.05,h=10.0,n=30,start_thres=1.25,min_cluster_size=3",hub,0.25,50,9,40,1730,17,0,23,1730,0.425,0.0,1.0,0.0,0.13441794433377
fbc_tfnbs,"e=0.1,h=0.5,n=30,start_thres=1.25,min_cluster_size=3",hub,0.25,50,9,40,1730,17,0,23,1730,0.425,0.0,1.0,0.0,0.13441794433377
fbc_tfnbs,"e=0.1,h=1.0,n=30,start_thres=1.25,min_cluster_size=3",hub,0.25,50,9,40,1730,17,0,23,1730,0.425,0.0,1.0,0.0,0.13441794433377
fbc_tfnbs,"e=0.1,h=2.0,n=30,start_thres=1.25,min_cluster_size=3",hub,0.25,50,9,40,1730,17,0,23,1730,0.425,0.0,1.0,0.0,0.13441794433377
fbc_tfnbs,"e=0.1,h=3.0,n=30,start_thres=1.25,min_cluster_size=3",hub,0.25,50,9,40,1730,17,0,23,1730,0.425,0.0,1.0,0.0,0.13441794433377
fbc_tfnbs,"e=0.1,h=4.0,n=30,start_thres=1.25,min_cluster_size=3",hub,0.25,50,9,40,1730,17,0,23,1730,0.425,0.0,1.0,0.0,0.13441794433377
fbc_tfnbs,"e=0.1,h=5.0,n=30,start_thres=1.25,min_cluster_size=3",hub,0.25,50,9,40,1730,17,0,23,1730,0.425,0.0,1.0,0.0,0.13441794433377
fbc_tfnbs,"e=0.1,h=6.0,n=30,start_thres=1.25,min_cluster_size=3",hub,0.25,50,9,40,1730,17,0,23,1730,0.425,0.0,1.0,0.0,0.13441794433377
fbc_tfnbs,"e=0.1,h=7.0,n=30,start_thres=1.25,min_cluster_size=3",hub,0.25,50,9,40,1730,17,0,23,1730,0.425,0.0,1.0,0.0,0.13441794433377
fbc_tfnbs,"e=0.1,h=8.0,n=30,start_thres=1.25,min_cluster_size=3",hub,0.25,50,9,40,1730,17,0,23,1730,0.425,0.0,1.0,0.0,0.13441794433377
fbc_tfnbs,"e=0.1,h=9.0,n=30,start_thres=1.25,min_cluster_size=3",hub,0.25,50,9,40,1730,17,0,23,1730,0.425,0.0,1.0,0.0,0.13441794433377
fbc_tfnbs,"e=0.1,h=10.0,n=30,start_thres=1.25,min_cluster_size=3",hub,0.25,50,9,40,1730,17,0,23,1730,0.425,0.0,1.0,0.0,0.13441794433377
fbc_tfnbs,"e=0.2,h=0.5,n=30,start_thres=1.25,min_cluster_size=3",hub,0.25,50,9,40,1730,16,0,24,1730,0.4,0.0,1.0,0.0,0.13441794433377
fbc_tfnbs,"e=0.2,h=1.0,n=30,start_thres=1.25,min_cluster_size=3",hub,0.25,50,9,40,1730,17,0,23,1730,0.425,0.0,1.0,0.0,0.13441794433377
fbc_tfnbs,"e=0.2,h=2.0,n=30,start_thres=1.25,min_cluster_size=3",hub,0.25,50,9,40,1730,17,0,23,1730,0.425,0.0,1.0,0.0,0.13441794433377
fbc_tfnbs,"e=0.2,h=3.0,n=30,start_thres=1.25,min_cluster_size=3",hub,0.25,50,9,40,1730,17,0,23,1730,0.425,0.0,1.0,0.0,0.13441794433377
fbc_tfnbs,"e=0.2,h=4.0,n=30,start_thres=1.25,min_cluster_size=3",hub,0.25,50,9,40,1730,17,0,23,1730,0.425,0.0,1.0,0.0,0.13441794433377
fbc_tfnbs,"e=0.2,h=5.0,n=30,start_thres=1.25,min_cluster_size=3",hub,0.25,50,9,40,1730,17,0,23,1730,0.425,0.0,1.0,0.0,0.13441794433377
fbc_tfnbs,"e=0.2,h=6.0,n=30,start_thres=1.25,min_cluster_size=3",hub,0.25,50,9,40,1730,17,0,23,1730,0.425,0.0,1.0,0.0,0.13441794433377
fbc_tfnbs,"e=0.2,h=7.0,n=30,start_thres=1.25,min_cluster_size=3",hub,0.25,50,9,40,1730,17,0,23,1730,0.425,0.0,1.0,0.0,0.13441794433377
fbc_tfnbs,"e=0.2,h=8.0,n=30,start_thres=1.25,min_cluster_size=3",hub,0.25,50,9,40,1730,17,0,23,1730,0.425,0.0,1.0,0.0,0.13441794433377
fbc_tfnbs,"e=0.2,h=9.0,n=30,start_thres=1.25,min_cluster_size=3",hub,0.25,50,9,40,1730,17,0,23,1730,0.425,0.0,1.0,0.0,0.13441794433377
fbc_tfnbs,"e=0.2,h=10.0,n=30,start_thres=1.25,min_cluster_size=3",hub,0.25,50,9,40,1730,17,0,23,1730,0.425,0.0,1.0,0.0,0.13441794433377
fbc_tfnbs,"e=0.3,h=0.5,n=30,start_thres=1.25,min_cluster_size=3",hub,0.25,50,9,40,1730,16,0,24,1730,0.4,0.0,1.0,0.0,0.13441794433377
fbc_tfnbs,"e=0.3,h=1.0,n=30,start_thres=1.25,min_cluster_size=3",hub,0.25,50,9,40,1730,17,0,23,1730,0.425,0.0,1.0,0.0,0.13441794433377
fbc_tfnbs,"e=0.3,h=2.0,n=30,start_thres=1.25,min_cluster_size=3",hub,0.25,50,9,40,1730,17,0,23,1730,0.425,0.0,1.0,0.0,0.13441794433377
fbc_tfnbs,"e=0.3,h=3.0,n=30,start_thres=1.25,min_cluster_size=3",hub,0.25,50,9,40,1730,17,0,23,1730,0.425,0.0,1.0,0.0,0.13441794433377
fbc_tfnbs,"e=0.3,h=4.0,n=30,start_thres=1.25,min_cluster_size=3",hub,0.25,50,9,40,1730,17,0,23,1730,0.425,0.0,1.0,0.0,0.13441794433377
fbc_tfnbs,"e=0.3,h=5.0,n=30,start_thres=1.25,min_cluster_size=3",hub,0.25,50,9,40,1730,17,0,23,1730,0.425,0.0,1.0,0.0,0.13441794433377
fbc_tfnbs,"e=0.3,h=6.0,n=30,start_thres=1.25,min_cluster_size=3",hub,0.25,50,9,40,1730,17,0,23,1730,0.425,0.0,1.0,0.0,0.13441794433377
fbc_tfnbs,"e=0.3,h=7.0,n=30,start_thres=1.25,min_cluster_size=3",hub,0.25,50,9,40,1730,17,0,23,1730,0.425,0.0,1.0,0.0,0.13441794433377
fbc_tfnbs,"e=0.3,h=8.0,n=30,start_thres=1.25,min_cluster_size=3",hub,0.25,50,9,40,1730,17,0,23,1730,0.425,0.0,1.0,0.0,0.13441794433377
fbc_tfnbs,"e=0.3,h=9.0,n=30,start_thres=1.25,min_cluster_size=3",hub,0.25,50,9,40,1730,17,0,23,1730,0.425,0.0,1.0,0.0,0.13441794433377
fbc_tfnbs,"e=0.3,h=10.0,n=30,start_thres=1.25,min_cluster_size=3",hub,0.25,50,9,40,1730,17,0,23,1730,0.425,0.0,1.0,0.0,0.13441794433377
fbc_tfnbs,"e=0.4,h=0.5,n=30,start_thres=1.25,min_cluster_size=3",hub,0.25,50,9,40,1730,16,0,24,1730,0.4,0.0,1.0,0.0,0.13441794433377
fbc_tfnbs,"e=0.4,h=1.0,n=30,start_thres=1.25,min_cluster_size=3",hub,0.25,50,9,40,1730,16,0,24,1730,0.4,0.0,1.0,0.0,0.13441794433377
fbc_tfnbs,"e=0.4,h=2.0,n=30,start_thres=1.25,min_cluster_size=3",hub,0.25,50,9,40,1730,17,0,23,1730,0.425,0.0,1.0,0.0,0.13441794433377
fbc_tfnbs,"e=0.4,h=3.0,n=30,start_thres=1.25,min_cluster_size=3",hub,0.25,50,9,40,1730,17,0,23,1730,0.425,0.0,1.0,0.0,0.13441794433377
fbc_tfnbs,"e=0.4,h=4.0,n=30,start_thres=1.25,min_cluster_size=3",hub,0.25,50,9,40,1730,17,0,23,1730,0.425,0.0,1.0,0.0,0.13441794433377
fbc_tfnbs,"e=0.4,h=5.0,n=30,start_thres=1.25,min_cluster_size=3",hub,0.25,50,9,40,1730,17,0,23,1730,0.425,0.0,1.0,0.0,0.13441794433377
fbc_tfnbs,"e=0.4,h=6.0,n=30,start_thres=1.25,min_cluster_size=3",hub,0.25,50,9,40,1730,17,0,23,1730,0.425,0.0,1.0,0.0,0.13441794433377
fbc_tfnbs,"e=0.4,h=7.0,n=30,start_thres=1.25,min_cluster_size=3",hub,0.25,50,9,40,1730,17,0,23,1730,0.425,0.0,1.0,0.0,0.13441794433377
fbc_tfnbs,"e=0.4,h=8.0,n=30,start_thres=1.25,min_cluster_size=3",hub,0.25,50,9,40,1730,17,0,23,1730,0.425,0.0,1.0,0.0,0.13441794433377
fbc_tfnbs,"e=0.4,h=9.0,n=30,start_thres=1.25,min_cluster_size=3",hub,0.25,50,9,40,1730,17,0,23,1730,0.425,0.0,1.0,0.0,0.13441794433377
fbc_tfnbs,"e=0.4,h=10.0,n=30,start_thres=1.25,min_cluster_size=3",hub,0.25,50,9,40,1730,17,0,23,1730,0.425,0.0,1.0,0.0,0.13441794433377
fbc_tfnbs,"e=0.5,h=0.5,n=30,start_thres=1.25,min_cluster_size=3",hub,0.25,50,9,40,1730,16,0,24,1730,0.4,0.0,1.0,0.0,0.13441794433377
fbc_tfnbs,"e=0.5,h=1.0,n=30,start_thres=1.25,min_cluster_size=3",hub,0.25,50,9,40,1730,16,0,24,1730,0.4,0.0,1.0,0.0,0.13441794433377
fbc_tfnbs,"e=0.5,h=2.0,n=30,start_thres=1.25,min_cluster_size=3",hub,0.25,50,9,40,1730,17,0,23,1730,0.425,0.0,1.0,0.0,0.13441794433377
fbc_tfnbs,"e=0.5,h=3.0,n=30,start_thres=1.25,min_cluster_size=3",hub,0.25,50,9,40,1730,17,0,23,1730,0.425,0.0,1.0,0.0,0.13441794433377
fbc_tfnbs,"e=0.5,h=4.0,n=30,start_thres=1.25,min_cluster_size=3",hub,0.25,50,9,40,1730,20,0,20,1730,0.5,0.0,1.0,0.0,0.13441794433377
fbc_tfnbs,"e=0.5,h=5.0,n=30,start_thres=1.25,min_cluster_size=3",hub,0.25,50,9,40,1730,20,0,20,1730,0.5,0.0,1.0,0.0,0.13441794433377
fbc_tfnbs,"e=0.5,h=6.0,n=30,start_thres=1.25,min_cluster_size=3",hub,0.25,50,9,40,1730,20,0,20,1730,0.5,0.0,1.0,0.0,0.13441794433377
fbc_tfnbs,"e=0.5,h=7.0,n=30,start_thres=1.25,min_cluster_size=3",hub,0.25,50,9,40,1730,17,0,23,1730,0.425,0.0,1.0,0.0,0.13441794433377
fbc_tfnbs,"e=0.5,h=8.0,n=30,start_thres=1.25,min_cluster_size=3",hub,0.25,50,9,40,1730,17,0,23,1730,0.425,0.0,1.0,0.0,0.13441794433377
fbc_tfnbs,"e=0.5,h=9.0,n=30,start_thres=1.25,min_cluster_size=3",hub,0.25,50,9,40,1730,17,0,23,1730,0.425,0.0,1.0,0.0,0.13441794433377
fbc_tfnbs,"e=0.5,h=10.0,n=30,start_thres=1.25,min_cluster_size=3",hub,0.25,50,9,40,1730,17,0,23,1730,0.425,0.0,1.0,0.0,0.13441794433377
fbc_tfnbs,"e=0.6,h=0.5,n=30,start_thres=1.25,min_cluster_size=3",hub,0.25,50,9,40,1730,16,0,24,1730,0.4,0.0,1.0,0.0,0.13441794433377
fbc_tfnbs,"e=0.6,h=1.0,n=30,start_thres=1.25,min_cluster_size=3",hub,0.25,50,9,40,1730,16,0,24,1730,0.4,0.0,1.0,0.0,0.13441794433377
fbc_tfnbs,"e=0.6,h=2.0,n=30,start_thres=1.25,min_cluster_size=3",hub,0.25,50,9,40,1730,17,0,23,1730,0.425,0.0,1.0,0.0,0.13441794433377
fbc_tfnbs,"e=0.6,h=3.0,n=30,start_thres=1.25,min_cluster_size=3",hub,0.25,50,9,40,1730,17,0,23,1730,0.425,0.0,1.0,0.0,0.13441794433377
fbc_tfnbs,"e=0.6,h=4.0,n=30,start_thres=1.25,min_cluster_size=3",hub,0.25,50,9,40,1730,20,0,20,1730,0.5,0.0,1.0,0.0,0.13441794433377
fbc_tfnbs,"e=0.6,h=5.0,n=30,start_thres=1.25,min_cluster_size=3",hub,0.25,50,9,40,1730,20,0,20,1730,0.5,0.0,1.0,0.0,0.13441794433377
fbc_tfnbs,"e=0.6,h=6.0,n=30,start_thres=1.25,min_cluster_size=3",hub,0.25,50,9,40,1730,20,0,20,1730,0.5,0.0,1.0,0.0,0.13441794433377
fbc_tfnbs,"e=0.6,h=7.0,n=30,start_thres=1.25,min_cluster_size=3",hub,0.25,50,9,40,1730,20,0,20,1730,0.5,0.0,1.0,0.0,0.13441794433377
fbc_tfnbs,"e=0.6,h=8.0,n=30,start_thres=1.25,min_cluster_size=3",hub,0.25,50,9,40,1730,20,0,20,1730,0.5,0.0,1.0,0.0,0.13441794433377
fbc_tfnbs,"e=0.6,h=9.0,n=30,start_thres=1.25,min_cluster_size=3",hub,0.25,50,9,40,1730,20,0,20,1730,0.5,0.0,1.0,0.0,0.13441794433377
fbc_tfnbs,"e=0.6,h=10.0,n=30,start_thres=1.25,min_cluster_size=3",hub,0.25,50,9,40,1730,17,0,23,1730,0.425,0.0,1.0,0.0,0.13441794433377
fbc_tfnbs,"e=0.7,h=0.5,n=30,start_thres=1.25,min_cluster_size=3",hub,0.25,50,9,40,1730,12,0,28,1730,0.3,0.0,1.0,0.0,0.13441794433377
fbc_tfnbs,"e=0.7,h=1.0,n=30,start_thres=1.25,min_cluster_size=3",hub,0.25,50,9,40,1730,16,0,24,1730,0.4,0.0,1.0,0.0,0.13441794433377
fbc_tfnbs,"e=0.7,h=2.0,n=30,start_thres=1.25,min_cluster_size=3",hub,0.25,50,9,40,1730,16,0,24,1730,0.4,0.0,1.0,0.0,0.13441794433377
fbc_tfnbs,"e=0.7,h=3.0,n=30,start_thres=1.25,min_cluster_size=3",hub,0.25,50,9,40,1730,20,0,20,1730,0.5,0.0,1.0,0.0,0.13441794433377
fbc_tfnbs,"e=0.7,h=4.0,n=30,start_thres=1.25,min_cluster_size=3",hub,0.25,50,9,40,1730,20,0,20,1730,0.5,0.0,1.0,0.0,0.13441794433377
fbc_tfnbs,"e=0.7,h=5.0,n=30,start_thres=1.25,min_cluster_size=3",hub,0.25,50,9,40,1730,20,0,20,1730,0.5,0.0,1.0,0.0,0.13441794433377
fbc_tfnbs,"e=0.7,h=6.0,n=30,start_thres=1.25,min_cluster_size=3",hub,0.25,50,9,40,1730,20,0,20,1730,0.5,0.0,1.0,0.0,0.13441794433377
fbc_tfnbs,"e=0.7,h=7.0,n=30,start_thres=1.25,min_cluster_size=3",hub,0.25,50,9,40,1730,20,0,20,1730,0.5,0.0,1.0,0.0,0.13441794433377
fbc_tfnbs,"e=0.7,h=8.0,n=30,start_thres=1.25,min_cluster_size=3",hub,0.25,50,9,40,1730,20,0,20,1730,0.5,0.0,1.0,0.0,0.13441794433377
fbc_tfnbs,"e=0.7,h=9.0,n=30,start_thres=1.25,min_cluster_size=3",hub,0.25,50,9,40,1730,20,0,20,1730,0.5,0.0,1.0,0.0,0.13441794433377
fbc_tfnbs,"e=0.7,h=10.0,n=30,start_thres=1.25,min_cluster_size=3",hub,0.25,50,9,40,1730,20,0,20,1730,0.5,0.0,1.0,0.0,0.13441794433377
fbc_tfnbs,"e=0.8,h=0.5,n=30,start_thres=1.25,min_cluster_size=3",hub,0.25,50,9,40,1730,10,0,30,1730,0.25,0.0,1.0,0.0,0.13441794433377
fbc_tfnbs,"e=0.8,h=1.0,n=30,start_thres=1.25,min_cluster_size=3",hub,0.25,50,9,40,1730,15,0,25,1730,0.375,0.0,1.0,0.0,0.13441794433377
fbc_tfnbs,"e=0.8,h=2.0,n=30,start_thres=1.25,min_cluster_size=3",hub,0.25,50,9,40,1730,16,0,24,1730,0.4,0.0,1.0,0.0,0.13441794433377
fbc_tfnbs,"e=0.8,h=3.0,n=30,start_thres=1.25,min_cluster_size=3",hub,0.25,50,9,40,1730,17,0,23,1730,0.425,0.0,1.0,0.0,0.13441794433377
fbc_tfnbs,"e=0.8,h=4.0,n=30,start_thres=1.25,min_cluster_size=3",hub,0.25,50,9,40,1730,20,0,20,1730,0.5,0.0,1.0,0.0,0.13441794433377
fbc_tfnbs,"e=0.8,h=5.0,n=30,start_thres=1.25,min_cluster_size=3",hub,0.25,50,9,40,1730,20,0,20,1730,0.5,0.0,1.0,0.0,0.13441794433377
fbc_tfnbs,"e=0.8,h=6.0,n=30,start_thres=1.25,min_cluster_size=3",hub,0.25,50,9,40,1730,20,0,20,1730,0.5,0.0,1.0,0.0,0.13441794433377
fbc_tfnbs,"e=0.8,h=7.0,n=30,start_thres=1.25,min_cluster_size=3",hub,0.25,50,9,40,1730,20,0,20,1730,0.5,0.0,1.0,0.0,0.13441794433377
fbc_tfnbs,"e=0.8,h=8.0,n=30,start_thres=1.25,min_cluster_size=3",hub,0.25,50,9,40,1730,20,0,20,1730,0.5,0.0,1.0,0.0,0.13441794433377
fbc_tfnbs,"e=0.8,h=9.0,n=30,start_thres=1.25,min_cluster_size=3",hub,0.25,50,9,40,1730,20,0,20,1730,0.5,0.0,1.0,0.0,0.13441794433377
fbc_tfnbs,"e=0.8,h=10.0,n=30,start_thres=1.25,min_cluster_size=3",hub,0.25,50,9,40,1730,20,0,20,1730,0.5,0.0,1.0,0.0,0.13441794433377
fbc_tfnbs,"e=0.9,h=0.5,n=30,start_thres=1.25,min_cluster_size=3",hub,0.25,50,9,40,1730,9,0,31,1730,0.225,0.0,1.0,0.0,0.13441794433377
fbc_tfnbs,"e=0.9,h=1.0,n=30,start_thres=1.25,min_cluster_size=3",hub,0.25,50,9,40,1730,10,0,30,1730,0.25,0.0,1.0,0.0,0.13441794433377
fbc_tfnbs,"e=0.9,h=2.0,n=30,start_thres=1.25,min_cluster_size=3",hub,0.25,50,9,40,1730,16,0,24,1730,0.4,0.0,1.0,0.0,0.13441794433377
fbc_tfnbs,"e=0.9,h=3.0,n=30,start_thres=1.25,min_cluster_size=3",hub,0.25,50,9,40,1730,17,0,23,1730,0.425,0.0,1.0,0.0,0.13441794433377
fbc_tfnbs,"e=0.9,h=4.0,n=30,start_thres=1.25,min_cluster_size=3",hub,0.25,50,9,40,1730,20,0,20,1730,0.5,0.0,1.0,0.0,0.13441794433377
fbc_tfnbs,"e=0.9,h=5.0,n=30,start_thres=1.25,min_cluster_size=3",hub,0.25,50,9,40,1730,20,0,20,1730,0.5,0.0,1.0,0.0,0.13441794433377
fbc_tfnbs,"e=0.9,h=6.0,n=30,start_thres=1.25,min_cluster_size=3",hub,0.25,50,9,40,1730,20,0,20,1730,0.5,0.0,1.0,0.0,0.13441794433377
fbc_tfnbs,"e=0.9,h=7.0,n=30,start_thres=1.25,min_cluster_size=3",hub,0.25,50,9,40,1730,20,0,20,1730,0.5,0.0,1.0,0.0,0.13441794433377
fbc_tfnbs,"e=0.9,h=8.0,n=30,start_thres=1.25,min_cluster_size=3",hub,0.25,50,9,40,1730,20,0,20,1730,0.5,0.0,1.0,0.0,0.13441794433377
fbc_tfnbs,"e=0.9,h=9.0,n=30,start_thres=1.25,min_cluster_size=3",hub,0.25,50,9,40,1730,20,0,20,1730,0.5,0.0,1.0,0.0,0.13441794433377
fbc_tfnbs,"e=0.9,h=10.0,n=30,start_thres=1.25,min_cluster_size=3",hub,0.25,50,9,40,1730,20,0,20,1730,0.5,0.0,1.0,0.0,0.13441794433377
fbc_tfnbs,"e=1.0,h=0.5,n=30,start_thres=1.25,min_cluster_size=3",hub,0.25,50,9,40,1730,6,0,34,1730,0.15,0.0,1.0,0.0,0.13441794433377
fbc_tfnbs,"e=1.0,h=1.0,n=30,start_thres=1.25,min_cluster_size=3",hub,0.25,50,9,40,1730,10,0,30,1730,0.25,0.0,1.0,0.0,0.13441794433377
fbc_tfnbs,"e=1.0,h=2.0,n=30,start_thres=1.25,min_cluster_size=3",hub,0.25,50,9,40,1730,15,0,25,1730,0.375,0.0,1.0,0.0,0.13441794433377
fbc_tfnbs,"e=1.0,h=3.0,n=30,start_thres=1.25,min_cluster_size=3",hub,0.25,50,9,40,1730,20,0,20,1730,0.5,0.0,1.0,0.0,0.13441794433377
fbc_tfnbs,"e=1.0,h=4.0,n=30,start_thres=1.25,min_cluster_size=3",hub,0.25,50,9,40,1730,20,0,20,1730,0.5,0.0,1.0,0.0,0.13441794433377
fbc_tfnbs,"e=1.0,h=5.0,n=30,start_thres=1.25,min_cluster_size=3",hub,0.25,50,9,40,1730,20,0,20,1730,0.5,0.0,1.0,0.0,0.13441794433377
fbc_tfnbs,"e=1.0,h=6.0,n=30,start_thres=1.25,min_cluster_size=3",hub,0.25,50,9,40,1730,20,0,20,1730,0.5,0.0,1.0,0.0,0.13441794433377
fbc_tfnbs,"e=1.0,h=7.0,n=30,start_thres=1.25,min_cluster_size=3",hub,0.25,50,9,40,1730,20,0,20,1730,0.5,0.0,1.0,0.0,0.13441794433377
fbc_tfnbs,"e=1.0,h=8.0,n=30,start_thres=1.25,min_cluster_size=3",hub,0.25,50,9,40,1730,20,0,20,1730,0.5,0.0,1.0,0.0,0.13441794433377
fbc_tfnbs,"e=1.0,h=9.0,n=30,start_thres=1.25,min_cluster_size=3",hub,0.25,50,9,40,1730,20,0,20,1730,0.5,0.0,1.0,0.0,0.13441794433377
fbc_tfnbs,"e=1.0,h=10.0,n=30,start_thres=1.25,min_cluster_size=3",hub,0.25,50,9,40,1730,20,0,20,1730,0.5,0.0,1.0,0.0,0.13441794433377
fbc_tfnbs,"e=1.1,h=0.5,n=30,start_thres=1.25,min_cluster_size=3",hub,0.25,50,9,40,1730,0,0,40,1730,0.0,0.0,0.0,0.0,0.13441794433377
fbc_tfnbs,"e=1.1,h=1.0,n=30,start_thres=1.25,min_cluster_size=3",hub,0.25,50,9,40,1730,8,0,32,1730,0.2,0.0,1.0,0.0,0.13441794433377
fbc_tfnbs,"e=1.1,h=2.0,n=30,start_thres=1.25,min_cluster_size=3",hub,0.25,50,9,40,1730,12,0,28,1730,0.3,0.0,1.0,0.0,0.13441794433377
fbc_tfnbs,"e=1.1,h=3.0,n=30,start_thres=1.25,min_cluster_size=3",hub,0.25,50,9,40,1730,16,0,24,1730,0.4,0.0,1.0,0.0,0.13441794433377
fbc_tfnbs,"e=1.1,h=4.0,n=30,start_thres=1.25,min_cluster_size=3",hub,0.25,50,9,40,1730,20,0,20,1730,0.5,0.0,1.0,0.0,0.13441794433377
fbc_tfnbs,"e=1.1,h=5.0,n=30,start_thres=1.25,min_cluster_size=3",hub,0.25,50,9,40,1730,20,0,20,1730,0.5,0.0,1.0,0.0,0.13441794433377
fbc_tfnbs,"e=1.1,h=6.0,n=30,start_thres=1.25,min_cluster_size=3",hub,0.25,50,9,40,1730,20,0,20,1730,0.5,0.0,1.0,0.0,0.13441794433377
fbc_tfnbs,"e=1.1,h=7.0,n=30,start_thres=1.25,min_cluster_size=3",hub,0.25,50,9,40,1730,20,0,20,1730,0.5,0.0,1.0,0.0,0.13441794433377
fbc_tfnbs,"e=1.1,h=8.0,n=30,start_thres=1.25,min_cluster_size=3",hub,0.25,50,9,40,1730,20,0,20,1730,0.5,0.0,1.0,0.0,0.13441794433377
fbc_tfnbs,"e=1.1,h=9.0,n=30,start_thres=1.25,min_cluster_size=3",hub,0.25,50,9,40,1730,22,1,18,1729,0.55,0.0005780346820809,0.9565217391304348,0.0434782608695652,0.13441794433377
fbc_tfnbs,"e=1.1,h=10.0,n=30,start_thres=1.25,min_cluster_size=3",hub,0.25,50,9,40,1730,22,1,18,1729,0.55,0.0005780346820809,0.9565217391304348,0.0434782608695652,0.13441794433377
fbc_tfnbs,"e=1.2,h=0.5,n=30,start_thres=1.25,min_cluster_size=3",hub,0.25,50,9,40,1730,0,0,40,1730,0.0,0.0,0.0,0.0,0.13441794433377
fbc_tfnbs,"e=1.2,h=1.0,n=30,start_thres=1.25,min_cluster_size=3",hub,0.25,50,9,40,1730,0,0,40,1730,0.0,0.0,0.0,0.0,0.13441794433377
fbc_tfnbs,"e=1.2,h=2.0,n=30,start_thres=1.25,min_cluster_size=3",hub,0.25,50,9,40,1730,10,0,30,1730,0.25,0.0,1.0,0.0,0.13441794433377
fbc_tfnbs,"e=1.2,h=3.0,n=30,start_thres=1.25,min_cluster_size=3",hub,0.25,50,9,40,1730,15,0,25,1730,0.375,0.0,1.0,0.0,0.13441794433377
fbc_tfnbs,"e=1.2,h=4.0,n=30,start_thres=1.25,min_cluster_size=3",hub,0.25,50,9,40,1730,20,0,20,1730,0.5,0.0,1.0,0.0,0.13441794433377
fbc_tfnbs,"e=1.2,h=5.0,n=30,start_thres=1.25,min_cluster_size=3",hub,0.25,50,9,40,1730,20,0,20,1730,0.5,0.0,1.0,0.0,0.13441794433377
fbc_tfnbs,"e=1.2,h=6.0,n=30,start_thres=1.25,min_cluster_size=3",hub,0.25,50,9,40,1730,20,0,20,1730,0.5,0.0,1.0,0.0,0.13441794433377
fbc_tfnbs,"e=1.2,h=7.0,n=30,start_thres=1.25,min_cluster_size=3",hub,0.25,50,9,40,1730,20,0,20,1730,0.5,0.0,1.0,0.0,0.13441794433377
fbc_tfnbs,"e=1.2,h=8.0,n=30,start_thres=1.25,min_cluster_size=3",hub,0.25,50,9,40,1730,20,0,20,1730,0.5,0.0,1.0,0.0,0.13441794433377
fbc_tfnbs,"e=1.2,h=9.0,n=30,start_thres=1.25,min_cluster_size=3",hub,0.25,50,9,40,1730,22,1,18,1729,0.55,0.0005780346820809,0.9565217391304348,0.0434782608695652,0.13441794433377
fbc_tfnbs,"e=1.2,h=10.0,n=30,start_thres=1.25,min_cluster_size=3",hub,0.25,50,9,40,1730,22,1,18,1729,0.55,0.0005780346820809,0.9565217391304348,0.0434782608695652,0.13441794433377
fbc_tfnbs,"e=1.3,h=0.5,n=30,start_thres=1.25,min_cluster_size=3",hub,0.25,50,9,40,1730,0,0,40,1730,0.0,0.0,0.0,0.0,0.13441794433377
fbc_tfnbs,"e=1.3,h=1.0,n=30,start_thres=1.25,min_cluster_size=3",hub,0.25,50,9,40,1730,0,0,40,1730,0.0,0.0,0.0,0.0,0.13441794433377
fbc_tfnbs,"e=1.3,h=2.0,n=30,start_thres=1.25,min_cluster_size=3",hub,0.25,50,9,40,1730,10,0,30,1730,0.25,0.0,1.0,0.0,0.13441794433377
fbc_tfnbs,"e=1.3,h=3.0,n=30,start_thres=1.25,min_cluster_size=3",hub,0.25,50,9,40,1730,12,0,28,1730,0.3,0.0,1.0,0.0,0.13441794433377
fbc_tfnbs,"e=1.3,h=4.0,n=30,start_thres=1.25,min_cluster_size=3",hub,0.25,50,9,40,1730,20,0,20,1730,0.5,0.0,1.0,0.0,0.13441794433377
fbc_tfnbs,"e=1.3,h=5.0,n=30,start_thres=1.25,min_cluster_size=3",hub,0.25,50,9,40,1730,20,0,20,1730,0.5,0.0,1.0,0.0,0.13441794433377
fbc_tfnbs,"e=1.3,h=6.0,n=30,start_thres=1.25,min_cluster_size=3",hub,0.25,50,9,40,1730,20,0,20,1730,0.5,0.0,1.0,0.0,0.13441794433377
fbc_tfnbs,"e=1.3,h=7.0,n=30,start_thres=1.25,min_cluster_size=3",hub,0.25,50,9,40,1730,20,0,20,1730,0.5,0.0,1.0,0.0,0.13441794433377
fbc_tfnbs,"e=1.3,h=8.0,n=30,start_thres=1.25,min_cluster_size=3",hub,0.25,50,9,40,1730,20,0,20,1730,0.5,0.0,1.0,0.0,0.13441794433377
fbc_tfnbs,"e=1.3,h=9.0,n=30,start_thres=1.25,min_cluster_size=3",hub,0.25,50,9,40,1730,22,1,18,1729,0.55,0.0005780346820809,0.9565217391304348,0.0434782608695652,0.13441794433377
fbc_tfnbs,"e=1.3,h=10.0,n=30,start_thres=1.25,min_cluster_size=3",hub,0.25,50,9,40,1730,22,1,18,1729,0.55,0.0005780346820809,0.9565217391304348,0.0434782608695652,0.13441794433377
fbc_tfnbs,"e=1.4,h=0.5,n=30,start_thres=1.25,min_cluster_size=3",hub,0.25,50,9,40,1730,0,0,40,1730,0.0,0.0,0.0,0.0,0.13441794433377
fbc_tfnbs,"e=1.4,h=1.0,n=30,start_thres=1.25,min_cluster_size=3",hub,0.25,50,9,40,1730,0,0,40,1730,0.0,0.0,0.0,0.0,0.13441794433377
fbc_tfnbs,"e=1.4,h=2.0,n=30,start_thres=1.25,min_cluster_size=3",hub,0.25,50,9,40,1730,8,0,32,1730,0.2,0.0,1.0,0.0,0.13441794433377
fbc_tfnbs,"e=1.4,h=3.0,n=30,start_thres=1.25,min_cluster_size=3",hub,0.25,50,9,40,1730,12,0,28,1730,0.3,0.0,1.0,0.0,0.13441794433377
fbc_tfnbs,"e=1.4,h=4.0,n=30,start_thres=1.25,min_cluster_size=3",hub,0.25,50,9,40,1730,16,0,24,1730,0.4,0.0,1.0,0.0,0.13441794433377
fbc_tfnbs,"e=1.4,h=5.0,n=30,start_thres=1.25,min_cluster_size=3",hub,0.25,50,9,40,1730,20,0,20,1730,0.5,0.0,1.0,0.0,0.13441794433377
fbc_tfnbs,"e=1.4,h=6.0,n=30,start_thres=1.25,min_cluster_size=3",hub,0.25,50,9,40,1730,20,0,20,1730,0.5,0.0,1.0,0.0,0.13441794433377
fbc_tfnbs,"e=1.4,h=7.0,n=30,start_thres=1.25,min_cluster_size=3",hub,0.25,50,9,40,1730,20,0,20,1730,0.5,0.0,1.0,0.0,0.13441794433377
fbc_tfnbs,"e=1.4,h=8.0,n=30,start_thres=1.25,min_cluster_size=3",hub,0.25,50,9,40,1730,20,0,20,1730,0.5,0.0,1.0,0.0,0.13441794433377
fbc_tfnbs,"e=1.4,h=9.0,n=30,start_thres=1.25,min_cluster_size=3",hub,0.25,50,9,40,1730,22,1,18,1729,0.55,0.0005780346820809,0.9565217391304348,0.0434782608695652,0.13441794433377
fbc_tfnbs,"e=1.4,h=10.0,n=30,start_thres=1.25,min_cluster_size=3",hub,0.25,50,9,40,1730,22,1,18,1729,0.55,0.0005780346820809,0.9565217391304348,0.0434782608695652,0.13441794433377
fbc_tfnbs,"e=1.5,h=0.5,n=30,start_thres=1.25,min_cluster_size=3",hub,0.25,50,9,40,1730,0,0,40,1730,0.0,0.0,0.0,0.0,0.13441794433377
fbc_tfnbs,"e=1.5,h=1.0,n=30,start_thres=1.25,min_cluster_size=3",hub,0.25,50,9,40,1730,0,0,40,1730,0.0,0.0,0.0,0.0,0.13441794433377
fbc_tfnbs,"e=1.5,h=2.0,n=30,start_thres=1.25,min_cluster_size=3",hub,0.25,50,9,40,1730,0,0,40,1730,0.0,0.0,0.0,0.0,0.13441794433377
fbc_tfnbs,"e=1.5,h=3.0,n=30,start_thres=1.25,min_cluster_size=3",hub,0.25,50,9,40,1730,10,0,30,1730,0.25,0.0,1.0,0.0,0.13441794433377
fbc_tfnbs,"e=1.5,h=4.0,n=30,start_thres=1.25,min_cluster_size=3",hub,0.25,50,9,40,1730,15,0,25,1730,0.375,0.0,1.0,0.0,0.13441794433377
fbc_tfnbs,"e=1.5,h=5.0,n=30,start_thres=1.25,min_cluster_size=3",hub,0.25,50,9,40,1730,20,0,20,1730,0.5,0.0,1.0,0.0,0.13441794433377
fbc_tfnbs,"e=1.5,h=6.0,n=30,start_thres=1.25,min_cluster_size=3",hub,0.25,50,9,40,1730,20,0,20,1730,0.5,0.0,1.0,0.0,0.13441794433377
fbc_tfnbs,"e=1.5,h=7.0,n=30,start_thres=1.25,min_cluster_size=3",hub,0.25,50,9,40,1730,20,0,20,1730,0.5,0.0,1.0,0.0,0.13441794433377
fbc_tfnbs,"e=1.5,h=8.0,n=30,start_thres=1.25,min_cluster_size=3",hub,0.25,50,9,40,1730,20,0,20,1730,0.5,0.0,1.0,0.0,0.13441794433377
fbc_tfnbs,"e=1.5,h=9.0,n=30,start_thres=1.25,min_cluster_size=3",hub,0.25,50,9,40,1730,22,2,18,1728,0.55,0.0011560693641618,0.9166666666666666,0.0833333333333333,0.13441794433377
fbc_tfnbs,"e=1.5,h=10.0,n=30,start_thres=1.25,min_cluster_size=3",hub,0.25,50,9,40,1730,22,2,18,1728,0.55,0.0011560693641618,0.9166666666666666,0.0833333333333333,0.13441794433377
fbc_tfnbs,"e=0.05,h=0.5,n=30,start_thres=1.25,min_cluster_size=3",hub,0.25,50,10,40,1730,16,1,24,1729,0.4,0.0005780346820809,0.9411764705882352,0.0588235294117647,0.1486354294148358
fbc_tfnbs,"e=0.05,h=1.0,n=30,start_thres=1.25,min_cluster_size=3",hub,0.25,50,10,40,1730,16,1,24,1729,0.4,0.0005780346820809,0.9411764705882352,0.0588235294117647,0.1486354294148358
fbc_tfnbs,"e=0.05,h=2.0,n=30,start_thres=1.25,min_cluster_size=3",hub,0.25,50,10,40,1730,16,1,24,1729,0.4,0.0005780346820809,0.9411764705882352,0.0588235294117647,0.1486354294148358
fbc_tfnbs,"e=0.05,h=3.0,n=30,start_thres=1.25,min_cluster_size=3",hub,0.25,50,10,40,1730,16,1,24,1729,0.4,0.0005780346820809,0.9411764705882352,0.0588235294117647,0.1486354294148358
fbc_tfnbs,"e=0.05,h=4.0,n=30,start_thres=1.25,min_cluster_size=3",hub,0.25,50,10,40,1730,16,1,24,1729,0.4,0.0005780346820809,0.9411764705882352,0.0588235294117647,0.1486354294148358
fbc_tfnbs,"e=0.05,h=5.0,n=30,start_thres=1.25,min_cluster_size=3",hub,0.25,50,10,40,1730,16,1,24,1729,0.4,0.0005780346820809,0.9411764705882352,0.0588235294117647,0.1486354294148358
fbc_tfnbs,"e=0.05,h=6.0,n=30,start_thres=1.25,min_cluster_size=3",hub,0.25,50,10,40,1730,16,1,24,1729,0.4,0.0005780346820809,0.9411764705882352,0.0588235294117647,0.1486354294148358
fbc_tfnbs,"e=0.05,h=7.0,n=30,start_thres=1.25,min_cluster_size=3",hub,0.25,50,10,40,1730,16,1,24,1729,0.4,0.0005780346820809,0.9411764705882352,0.0588235294117647,0.1486354294148358
fbc_tfnbs,"e=0.05,h=8.0,n=30,start_thres=1.25,min_cluster_size=3",hub,0.25,50,10,40,1730,16,1,24,1729,0.4,0.0005780346820809,0.9411764705882352,0.0588235294117647,0.1486354294148358
fbc_tfnbs,"e=0.05,h=9.0,n=30,start_thres=1.25,min_cluster_size=3",hub,0.25,50,10,40,1730,16,1,24,1729,0.4,0.0005780346820809,0.9411764705882352,0.0588235294117647,0.1486354294148358
fbc_tfnbs,"e=0.05,h=10.0,n=30,start_thres=1.25,min_cluster_size=3",hub,0.25,50,10,40,1730,16,1,24,1729,0.4,0.0005780346820809,0.9411764705882352,0.0588235294117647,0.1486354294148358
fbc_tfnbs,"e=0.1,h=0.5,n=30,start_thres=1.25,min_cluster_size=3",hub,0.25,50,10,40,1730,16,1,24,1729,0.4,0.0005780346820809,0.9411764705882352,0.0588235294117647,0.1486354294148358
fbc_tfnbs,"e=0.1,h=1.0,n=30,start_thres=1.25,min_cluster_size=3",hub,0.25,50,10,40,1730,16,1,24,1729,0.4,0.0005780346820809,0.9411764705882352,0.0588235294117647,0.1486354294148358
fbc_tfnbs,"e=0.1,h=2.0,n=30,start_thres=1.25,min_cluster_size=3",hub,0.25,50,10,40,1730,16,1,24,1729,0.4,0.0005780346820809,0.9411764705882352,0.0588235294117647,0.1486354294148358
fbc_tfnbs,"e=0.1,h=3.0,n=30,start_thres=1.25,min_cluster_size=3",hub,0.25,50,10,40,1730,16,1,24,1729,0.4,0.0005780346820809,0.9411764705882352,0.0588235294117647,0.1486354294148358
fbc_tfnbs,"e=0.1,h=4.0,n=30,start_thres=1.25,min_cluster_size=3",hub,0.25,50,10,40,1730,16,1,24,1729,0.4,0.0005780346820809,0.9411764705882352,0.0588235294117647,0.1486354294148358
fbc_tfnbs,"e=0.1,h=5.0,n=30,start_thres=1.25,min_cluster_size=3",hub,0.25,50,10,40,1730,16,1,24,1729,0.4,0.0005780346820809,0.9411764705882352,0.0588235294117647,0.1486354294148358
fbc_tfnbs,"e=0.1,h=6.0,n=30,start_thres=1.25,min_cluster_size=3",hub,0.25,50,10,40,1730,16,1,24,1729,0.4,0.0005780346820809,0.9411764705882352,0.0588235294117647,0.1486354294148358
fbc_tfnbs,"e=0.1,h=7.0,n=30,start_thres=1.25,min_cluster_size=3",hub,0.25,50,10,40,1730,16,1,24,1729,0.4,0.0005780346820809,0.9411764705882352,0.0588235294117647,0.1486354294148358
fbc_tfnbs,"e=0.1,h=8.0,n=30,start_thres=1.25,min_cluster_size=3",hub,0.25,50,10,40,1730,16,1,24,1729,0.4,0.0005780346820809,0.9411764705882352,0.0588235294117647,0.1486354294148358
fbc_tfnbs,"e=0.1,h=9.0,n=30,start_thres=1.25,min_cluster_size=3",hub,0.25,50,10,40,1730,16,1,24,1729,0.4,0.0005780346820809,0.9411764705882352,0.0588235294117647,0.1486354294148358
fbc_tfnbs,"e=0.1,h=10.0,n=30,start_thres=1.25,min_cluster_size=3",hub,0.25,50,10,40,1730,16,1,24,1729,0.4,0.0005780346820809,0.9411764705882352,0.0588235294117647,0.1486354294148358
fbc_tfnbs,"e=0.2,h=0.5,n=30,start_thres=1.25,min_cluster_size=3",hub,0.25,50,10,40,1730,16,1,24,1729,0.4,0.0005780346820809,0.9411764705882352,0.0588235294117647,0.1486354294148358
fbc_tfnbs,"e=0.2,h=1.0,n=30,start_thres=1.25,min_cluster_size=3",hub,0.25,50,10,40,1730,16,1,24,1729,0.4,0.0005780346820809,0.9411764705882352,0.0588235294117647,0.1486354294148358
fbc_tfnbs,"e=0.2,h=2.0,n=30,start_thres=1.25,min_cluster_size=3",hub,0.25,50,10,40,1730,16,1,24,1729,0.4,0.0005780346820809,0.9411764705882352,0.0588235294117647,0.1486354294148358
fbc_tfnbs,"e=0.2,h=3.0,n=30,start_thres=1.25,min_cluster_size=3",hub,0.25,50,10,40,1730,16,1,24,1729,0.4,0.0005780346820809,0.9411764705882352,0.0588235294117647,0.1486354294148358
fbc_tfnbs,"e=0.2,h=4.0,n=30,start_thres=1.25,min_cluster_size=3",hub,0.25,50,10,40,1730,16,1,24,1729,0.4,0.0005780346820809,0.9411764705882352,0.0588235294117647,0.1486354294148358
fbc_tfnbs,"e=0.2,h=5.0,n=30,start_thres=1.25,min_cluster_size=3",hub,0.25,50,10,40,1730,16,1,24,1729,0.4,0.0005780346820809,0.9411764705882352,0.0588235294117647,0.1486354294148358
fbc_tfnbs,"e=0.2,h=6.0,n=30,start_thres=1.25,min_cluster_size=3",hub,0.25,50,10,40,1730,16,1,24,1729,0.4,0.0005780346820809,0.9411764705882352,0.0588235294117647,0.1486354294148358
fbc_tfnbs,"e=0.2,h=7.0,n=30,start_thres=1.25,min_cluster_size=3",hub,0.25,50,10,40,1730,16,1,24,1729,0.4,0.0005780346820809,0.9411764705882352,0.0588235294117647,0.1486354294148358
fbc_tfnbs,"e=0.2,h=8.0,n=30,start_thres=1.25,min_cluster_size=3",hub,0.25,50,10,40,1730,16,1,24,1729,0.4,0.0005780346820809,0.9411764705882352,0.0588235294117647,0.1486354294148358
fbc_tfnbs,"e=0.2,h=9.0,n=30,start_thres=1.25,min_cluster_size=3",hub,0.25,50,10,40,1730,16,1,24,1729,0.4,0.0005780346820809,0.9411764705882352,0.0588235294117647,0.1486354294148358
fbc_tfnbs,"e=0.2,h=10.0,n=30,start_thres=1.25,min_cluster_size=3",hub,0.25,50,10,40,1730,16,1,24,1729,0.4,0.0005780346820809,0.9411764705882352,0.0588235294117647,0.1486354294148358
fbc_tfnbs,"e=0.3,h=0.5,n=30,start_thres=1.25,min_cluster_size=3",hub,0.25,50,10,40,1730,14,1,26,1729,0.35,0.0005780346820809,0.9333333333333332,0.0666666666666666,0.1486354294148358
fbc_tfnbs,"e=0.3,h=1.0,n=30,start_thres=1.25,min_cluster_size=3",hub,0.25,50,10,40,1730,15,1,25,1729,0.375,0.0005780346820809,0.9375,0.0625,0.1486354294148358
fbc_tfnbs,"e=0.3,h=2.0,n=30,start_thres=1.25,min_cluster_size=3",hub,0.25,50,10,40,1730,16,1,24,1729,0.4,0.0005780346820809,0.9411764705882352,0.0588235294117647,0.1486354294148358
fbc_tfnbs,"e=0.3,h=3.0,n=30,start_thres=1.25,min_cluster_size=3",hub,0.25,50,10,40,1730,16,1,24,1729,0.4,0.0005780346820809,0.9411764705882352,0.0588235294117647,0.1486354294148358
fbc_tfnbs,"e=0.3,h=4.0,n=30,start_thres=1.25,min_cluster_size=3",hub,0.25,50,10,40,1730,16,1,24,1729,0.4,0.0005780346820809,0.9411764705882352,0.0588235294117647,0.1486354294148358
fbc_tfnbs,"e=0.3,h=5.0,n=30,start_thres=1.25,min_cluster_size=3",hub,0.25,50,10,40,1730,16,1,24,1729,0.4,0.0005780346820809,0.9411764705882352,0.0588235294117647,0.1486354294148358
fbc_tfnbs,"e=0.3,h=6.0,n=30,start_thres=1.25,min_cluster_size=3",hub,0.25,50,10,40,1730,16,1,24,1729,0.4,0.0005780346820809,0.9411764705882352,0.0588235294117647,0.1486354294148358
fbc_tfnbs,"e=0.3,h=7.0,n=30,start_thres=1.25,min_cluster_size=3",hub,0.25,50,10,40,1730,16,1,24,1729,0.4,0.0005780346820809,0.9411764705882352,0.0588235294117647,0.1486354294148358
fbc_tfnbs,"e=0.3,h=8.0,n=30,start_thres=1.25,min_cluster_size=3",hub,0.25,50,10,40,1730,16,1,24,1729,0.4,0.0005780346820809,0.9411764705882352,0.0588235294117647,0.1486354294148358
fbc_tfnbs,"e=0.3,h=9.0,n=30,start_thres=1.25,min_cluster_size=3",hub,0.25,50,10,40,1730,16,1,24,1729,0.4,0.0005780346820809,0.9411764705882352,0.0588235294117647,0.1486354294148358
fbc_tfnbs,"e=0.3,h=10.0,n=30,start_thres=1.25,min_cluster_size=3",hub,0.25,50,10,40,1730,16,1,24,1729,0.4,0.0005780346820809,0.9411764705882352,0.0588235294117647,0.1486354294148358
fbc_tfnbs,"e=0.4,h=0.5,n=30,start_thres=1.25,min_cluster_size=3",hub,0.25,50,10,40,1730,14,1,26,1729,0.35,0.0005780346820809,0.9333333333333332,0.0666666666666666,0.1486354294148358
fbc_tfnbs,"e=0.4,h=1.0,n=30,start_thres=1.25,min_cluster_size=3",hub,0.25,50,10,40,1730,14,1,26,1729,0.35,0.0005780346820809,0.9333333333333332,0.0666666666666666,0.1486354294148358
fbc_tfnbs,"e=0.4,h=2.0,n=30,start_thres=1.25,min_cluster_size=3",hub,0.25,50,10,40,1730,16,1,24,1729,0.4,0.0005780346820809,0.9411764705882352,0.0588235294117647,0.1486354294148358
fbc_tfnbs,"e=0.4,h=3.0,n=30,start_thres=1.25,min_cluster_size=3",hub,0.25,50,10,40,1730,16,1,24,1729,0.4,0.0005780346820809,0.9411764705882352,0.0588235294117647,0.1486354294148358
fbc_tfnbs,"e=0.4,h=4.0,n=30,start_thres=1.25,min_cluster_size=3",hub,0.25,50,10,40,1730,16,1,24,1729,0.4,0.0005780346820809,0.9411764705882352,0.0588235294117647,0.1486354294148358
fbc_tfnbs,"e=0.4,h=5.0,n=30,start_thres=1.25,min_cluster_size=3",hub,0.25,50,10,40,1730,16,1,24,1729,0.4,0.0005780346820809,0.9411764705882352,0.0588235294117647,0.1486354294148358
fbc_tfnbs,"e=0.4,h=6.0,n=30,start_thres=1.25,min_cluster_size=3",hub,0.25,50,10,40,1730,16,1,24,1729,0.4,0.0005780346820809,0.9411764705882352,0.0588235294117647,0.1486354294148358
fbc_tfnbs,"e=0.4,h=7.0,n=30,start_thres=1.25,min_cluster_size=3",hub,0.25,50,10,40,1730,16,1,24,1729,0.4,0.0005780346820809,0.9411764705882352,0.0588235294117647,0.1486354294148358
fbc_tfnbs,"e=0.4,h=8.0,n=30,start_thres=1.25,min_cluster_size=3",hub,0.25,50,10,40,1730,16,1,24,1729,0.4,0.0005780346820809,0.9411764705882352,0.0588235294117647,0.1486354294148358
fbc_tfnbs,"e=0.4,h=9.0,n=30,start_thres=1.25,min_cluster_size=3",hub,0.25,50,10,40,1730,16,1,24,1729,0.4,0.0005780346820809,0.9411764705882352,0.0588235294117647,0.1486354294148358
fbc_tfnbs,"e=0.4,h=10.0,n=30,start_thres=1.25,min_cluster_size=3",hub,0.25,50,10,40,1730,16,1,24,1729,0.4,0.0005780346820809,0.9411764705882352,0.0588235294117647,0.1486354294148358
fbc_tfnbs,"e=0.5,h=0.5,n=30,start_thres=1.25,min_cluster_size=3",hub,0.25,50,10,40,1730,12,1,28,1729,0.3,0.0005780346820809,0.9230769230769232,0.0769230769230769,0.1486354294148358
fbc_tfnbs,"e=0.5,h=1.0,n=30,start_thres=1.25,min_cluster_size=3",hub,0.25,50,10,40,1730,14,1,26,1729,0.35,0.0005780346820809,0.9333333333333332,0.0666666666666666,0.1486354294148358
fbc_tfnbs,"e=0.5,h=2.0,n=30,start_thres=1.25,min_cluster_size=3",hub,0.25,50,10,40,1730,15,1,25,1729,0.375,0.0005780346820809,0.9375,0.0625,0.1486354294148358
fbc_tfnbs,"e=0.5,h=3.0,n=30,start_thres=1.25,min_cluster_size=3",hub,0.25,50,10,40,1730,16,1,24,1729,0.4,0.0005780346820809,0.9411764705882352,0.0588235294117647,0.1486354294148358
fbc_tfnbs,"e=0.5,h=4.0,n=30,start_thres=1.25,min_cluster_size=3",hub,0.25,50,10,40,1730,16,1,24,1729,0.4,0.0005780346820809,0.9411764705882352,0.0588235294117647,0.1486354294148358
fbc_tfnbs,"e=0.5,h=5.0,n=30,start_thres=1.25,min_cluster_size=3",hub,0.25,50,10,40,1730,16,1,24,1729,0.4,0.0005780346820809,0.9411764705882352,0.0588235294117647,0.1486354294148358
fbc_tfnbs,"e=0.5,h=6.0,n=30,start_thres=1.25,min_cluster_size=3",hub,0.25,50,10,40,1730,16,1,24,1729,0.4,0.0005780346820809,0.9411764705882352,0.0588235294117647,0.1486354294148358
fbc_tfnbs,"e=0.5,h=7.0,n=30,start_thres=1.25,min_cluster_size=3",hub,0.25,50,10,40,1730,16,1,24,1729,0.4,0.0005780346820809,0.9411764705882352,0.0588235294117647,0.1486354294148358
fbc_tfnbs,"e=0.5,h=8.0,n=30,start_thres=1.25,min_cluster_size=3",hub,0.25,50,10,40,1730,16,1,24,1729,0.4,0.0005780346820809,0.9411764705882352,0.0588235294117647,0.1486354294148358
fbc_tfnbs,"e=0.5,h=9.0,n=30,start_thres=1.25,min_cluster_size=3",hub,0.25,50,10,40,1730,16,1,24,1729,0.4,0.0005780346820809,0.9411764705882352,0.0588235294117647,0.1486354294148358
fbc_tfnbs,"e=0.5,h=10.0,n=30,start_thres=1.25,min_cluster_size=3",hub,0.25,50,10,40,1730,16,1,24,1729,0.4,0.0005780346820809,0.9411764705882352,0.0588235294117647,0.1486354294148358
fbc_tfnbs,"e=0.6,h=0.5,n=30,start_thres=1.25,min_cluster_size=3",hub,0.25,50,10,40,1730,8,1,32,1729,0.2,0.0005780346820809,0.8888888888888888,0.1111111111111111,0.1486354294148358
fbc_tfnbs,"e=0.6,h=1.0,n=30,start_thres=1.25,min_cluster_size=3",hub,0.25,50,10,40,1730,13,1,27,1729,0.325,0.0005780346820809,0.9285714285714286,0.0714285714285714,0.1486354294148358
fbc_tfnbs,"e=0.6,h=2.0,n=30,start_thres=1.25,min_cluster_size=3",hub,0.25,50,10,40,1730,14,1,26,1729,0.35,0.0005780346820809,0.9333333333333332,0.0666666666666666,0.1486354294148358
fbc_tfnbs,"e=0.6,h=3.0,n=30,start_thres=1.25,min_cluster_size=3",hub,0.25,50,10,40,1730,15,1,25,1729,0.375,0.0005780346820809,0.9375,0.0625,0.1486354294148358
fbc_tfnbs,"e=0.6,h=4.0,n=30,start_thres=1.25,min_cluster_size=3",hub,0.25,50,10,40,1730,16,1,24,1729,0.4,0.0005780346820809,0.9411764705882352,0.0588235294117647,0.1486354294148358
fbc_tfnbs,"e=0.6,h=5.0,n=30,start_thres=1.25,min_cluster_size=3",hub,0.25,50,10,40,1730,16,1,24,1729,0.4,0.0005780346820809,0.9411764705882352,0.0588235294117647,0.1486354294148358
fbc_tfnbs,"e=0.6,h=6.0,n=30,start_thres=1.25,min_cluster_size=3",hub,0.25,50,10,40,1730,16,1,24,1729,0.4,0.0005780346820809,0.9411764705882352,0.0588235294117647,0.1486354294148358
fbc_tfnbs,"e=0.6,h=7.0,n=30,start_thres=1.25,min_cluster_size=3",hub,0.25,50,10,40,1730,16,1,24,1729,0.4,0.0005780346820809,0.9411764705882352,0.0588235294117647,0.1486354294148358
fbc_tfnbs,"e=0.6,h=8.0,n=30,start_thres=1.25,min_cluster_size=3",hub,0.25,50,10,40,1730,16,1,24,1729,0.4,0.0005780346820809,0.9411764705882352,0.0588235294117647,0.1486354294148358
fbc_tfnbs,"e=0.6,h=9.0,n=30,start_thres=1.25,min_cluster_size=3",hub,0.25,50,10,40,1730,16,1,24,1729,0.4,0.0005780346820809,0.9411764705882352,0.0588235294117647,0.1486354294148358
fbc_tfnbs,"e=0.6,h=10.0,n=30,start_thres=1.25,min_cluster_size=3",hub,0.25,50,10,40,1730,16,1,24,1729,0.4,0.0005780346820809,0.9411764705882352,0.0588235294117647,0.1486354294148358
fbc_tfnbs,"e=0.7,h=0.5,n=30,start_thres=1.25,min_cluster_size=3",hub,0.25,50,10,40,1730,7,0,33,1730,0.175,0.0,1.0,0.0,0.1486354294148358
fbc_tfnbs,"e=0.7,h=1.0,n=30,start_thres=1.25,min_cluster_size=3",hub,0.25,50,10,40,1730,8,1,32,1729,0.2,0.0005780346820809,0.8888888888888888,0.1111111111111111,0.1486354294148358
fbc_tfnbs,"e=0.7,h=2.0,n=30,start_thres=1.25,min_cluster_size=3",hub,0.25,50,10,40,1730,14,1,26,1729,0.35,0.0005780346820809,0.9333333333333332,0.0666666666666666,0.1486354294148358
fbc_tfnbs,"e=0.7,h=3.0,n=30,start_thres=1.25,min_cluster_size=3",hub,0.25,50,10,40,1730,15,1,25,1729,0.375,0.0005780346820809,0.9375,0.0625,0.1486354294148358
fbc_tfnbs,"e=0.7,h=4.0,n=30,start_thres=1.25,min_cluster_size=3",hub,0.25,50,10,40,1730,16,1,24,1729,0.4,0.0005780346820809,0.9411764705882352,0.0588235294117647,0.1486354294148358
fbc_tfnbs,"e=0.7,h=5.0,n=30,start_thres=1.25,min_cluster_size=3",hub,0.25,50,10,40,1730,16,1,24,1729,0.4,0.0005780346820809,0.9411764705882352,0.0588235294117647,0.1486354294148358
fbc_tfnbs,"e=0.7,h=6.0,n=30,start_thres=1.25,min_cluster_size=3",hub,0.25,50,10,40,1730,16,1,24,1729,0.4,0.0005780346820809,0.9411764705882352,0.0588235294117647,0.1486354294148358
fbc_tfnbs,"e=0.7,h=7.0,n=30,start_thres=1.25,min_cluster_size=3",hub,0.25,50,10,40,1730,16,1,24,1729,0.4,0.0005780346820809,0.9411764705882352,0.0588235294117647,0.1486354294148358
fbc_tfnbs,"e=0.7,h=8.0,n=30,start_thres=1.25,min_cluster_size=3",hub,0.25,50,10,40,1730,16,1,24,1729,0.4,0.0005780346820809,0.9411764705882352,0.0588235294117647,0.1486354294148358
fbc_tfnbs,"e=0.7,h=9.0,n=30,start_thres=1.25,min_cluster_size=3",hub,0.25,50,10,40,1730,16,1,24,1729,0.4,0.0005780346820809,0.9411764705882352,0.0588235294117647,0.1486354294148358
fbc_tfnbs,"e=0.7,h=10.0,n=30,start_thres=1.25,min_cluster_size=3",hub,0.25,50,10,40,1730,16,1,24,1729,0.4,0.0005780346820809,0.9411764705882352,0.0588235294117647,0.1486354294148358
fbc_tfnbs,"e=0.8,h=0.5,n=30,start_thres=1.25,min_cluster_size=3",hub,0.25,50,10,40,1730,3,0,37,1730,0.075,0.0,1.0,0.0,0.1486354294148358
fbc_tfnbs,"e=0.8,h=1.0,n=30,start_thres=1.25,min_cluster_size=3",hub,0.25,50,10,40,1730,7,0,33,1730,0.175,0.0,1.0,0.0,0.1486354294148358
fbc_tfnbs,"e=0.8,h=2.0,n=30,start_thres=1.25,min_cluster_size=3",hub,0.25,50,10,40,1730,13,1,27,1729,0.325,0.0005780346820809,0.9285714285714286,0.0714285714285714,0.1486354294148358
fbc_tfnbs,"e=0.8,h=3.0,n=30,start_thres=1.25,min_cluster_size=3",hub,0.25,50,10,40,1730,14,1,26,1729,0.35,0.0005780346820809,0.9333333333333332,0.0666666666666666,0.1486354294148358
fbc_tfnbs,"e=0.8,h=4.0,n=30,start_thres=1.25,min_cluster_size=3",hub,0.25,50,10,40,1730,15,1,25,1729,0.375,0.0005780346820809,0.9375,0.0625,0.1486354294148358
fbc_tfnbs,"e=0.8,h=5.0,n=30,start_thres=1.25,min_cluster_size=3",hub,0.25,50,10,40,1730,16,1,24,1729,0.4,0.0005780346820809,0.9411764705882352,0.0588235294117647,0.1486354294148358
fbc_tfnbs,"e=0.8,h=6.0,n=30,start_thres=1.25,min_cluster_size=3",hub,0.25,50,10,40,1730,16,1,24,1729,0.4,0.0005780346820809,0.9411764705882352,0.0588235294117647,0.1486354294148358
fbc_tfnbs,"e=0.8,h=7.0,n=30,start_thres=1.25,min_cluster_size=3",hub,0.25,50,10,40,1730,16,1,24,1729,0.4,0.0005780346820809,0.9411764705882352,0.0588235294117647,0.1486354294148358
fbc_tfnbs,"e=0.8,h=8.0,n=30,start_thres=1.25,min_cluster_size=3",hub,0.25,50,10,40,1730,16,1,24,1729,0.4,0.0005780346820809,0.9411764705882352,0.0588235294117647,0.1486354294148358
fbc_tfnbs,"e=0.8,h=9.0,n=30,start_thres=1.25,min_cluster_size=3",hub,0.25,50,10,40,1730,16,1,24,1729,0.4,0.0005780346820809,0.9411764705882352,0.0588235294117647,0.1486354294148358
fbc_tfnbs,"e=0.8,h=10.0,n=30,start_thres=1.25,min_cluster_size=3",hub,0.25,50,10,40,1730,16,1,24,1729,0.4,0.0005780346820809,0.9411764705882352,0.0588235294117647,0.1486354294148358
fbc_tfnbs,"e=0.9,h=0.5,n=30,start_thres=1.25,min_cluster_size=3",hub,0.25,50,10,40,1730,3,0,37,1730,0.075,0.0,1.0,0.0,0.1486354294148358
fbc_tfnbs,"e=0.9,h=1.0,n=30,start_thres=1.25,min_cluster_size=3",hub,0.25,50,10,40,1730,3,0,37,1730,0.075,0.0,1.0,0.0,0.1486354294148358
fbc_tfnbs,"e=0.9,h=2.0,n=30,start_thres=1.25,min_cluster_size=3",hub,0.25,50,10,40,1730,9,1,31,1729,0.225,0.0005780346820809,0.9,0.1,0.1486354294148358
fbc_tfnbs,"e=0.9,h=3.0,n=30,start_thres=1.25,min_cluster_size=3",hub,0.25,50,10,40,1730,14,1,26,1729,0.35,0.0005780346820809,0.9333333333333332,0.0666666666666666,0.1486354294148358
fbc_tfnbs,"e=0.9,h=4.0,n=30,start_thres=1.25,min_cluster_size=3",hub,0.25,50,10,40,1730,15,1,25,1729,0.375,0.0005780346820809,0.9375,0.0625,0.1486354294148358
fbc_tfnbs,"e=0.9,h=5.0,n=30,start_thres=1.25,min_cluster_size=3",hub,0.25,50,10,40,1730,16,1,24,1729,0.4,0.0005780346820809,0.9411764705882352,0.0588235294117647,0.1486354294148358
fbc_tfnbs,"e=0.9,h=6.0,n=30,start_thres=1.25,min_cluster_size=3",hub,0.25,50,10,40,1730,16,1,24,1729,0.4,0.0005780346820809,0.9411764705882352,0.0588235294117647,0.1486354294148358
fbc_tfnbs,"e=0.9,h=7.0,n=30,start_thres=1.25,min_cluster_size=3",hub,0.25,50,10,40,1730,16,1,24,1729,0.4,0.0005780346820809,0.9411764705882352,0.0588235294117647,0.1486354294148358
fbc_tfnbs,"e=0.9,h=8.0,n=30,start_thres=1.25,min_cluster_size=3",hub,0.25,50,10,40,1730,16,1,24,1729,0.4,0.0005780346820809,0.9411764705882352,0.0588235294117647,0.1486354294148358
fbc_tfnbs,"e=0.9,h=9.0,n=30,start_thres=1.25,min_cluster_size=3",hub,0.25,50,10,40,1730,16,1,24,1729,0.4,0.0005780346820809,0.9411764705882352,0.0588235294117647,0.1486354294148358
fbc_tfnbs,"e=0.9,h=10.0,n=30,start_thres=1.25,min_cluster_size=3",hub,0.25,50,10,40,1730,16,1,24,1729,0.4,0.0005780346820809,0.9411764705882352,0.0588235294117647,0.1486354294148358
fbc_tfnbs,"e=1.0,h=0.5,n=30,start_thres=1.25,min_cluster_size=3",hub,0.25,50,10,40,1730,0,0,40,1730,0.0,0.0,0.0,0.0,0.1486354294148358
fbc_tfnbs,"e=1.0,h=1.0,n=30,start_thres=1.25,min_cluster_size=3",hub,0.25,50,10,40,1730,3,0,37,1730,0.075,0.0,1.0,0.0,0.1486354294148358
fbc_tfnbs,"e=1.0,h=2.0,n=30,start_thres=1.25,min_cluster_size=3",hub,0.25,50,10,40,1730,8,1,32,1729,0.2,0.0005780346820809,0.8888888888888888,0.1111111111111111,0.1486354294148358
fbc_tfnbs,"e=1.0,h=3.0,n=30,start_thres=1.25,min_cluster_size=3",hub,0.25,50,10,40,1730,13,1,27,1729,0.325,0.0005780346820809,0.9285714285714286,0.0714285714285714,0.1486354294148358
fbc_tfnbs,"e=1.0,h=4.0,n=30,start_thres=1.25,min_cluster_size=3",hub,0.25,50,10,40,1730,14,1,26,1729,0.35,0.0005780346820809,0.9333333333333332,0.0666666666666666,0.1486354294148358
fbc_tfnbs,"e=1.0,h=5.0,n=30,start_thres=1.25,min_cluster_size=3",hub,0.25,50,10,40,1730,15,1,25,1729,0.375,0.0005780346820809,0.9375,0.0625,0.1486354294148358
fbc_tfnbs,"e=1.0,h=6.0,n=30,start_thres=1.25,min_cluster_size=3",hub,0.25,50,10,40,1730,16,1,24,1729,0.4,0.0005780346820809,0.9411764705882352,0.0588235294117647,0.1486354294148358
fbc_tfnbs,"e=1.0,h=7.0,n=30,start_thres=1.25,min_cluster_size=3",hub,0.25,50,10,40,1730,16,1,24,1729,0.4,0.0005780346820809,0.9411764705882352,0.0588235294117647,0.1486354294148358
fbc_tfnbs,"e=1.0,h=8.0,n=30,start_thres=1.25,min_cluster_size=3",hub,0.25,50,10,40,1730,16,1,24,1729,0.4,0.0005780346820809,0.9411764705882352,0.0588235294117647,0.1486354294148358
fbc_tfnbs,"e=1.0,h=9.0,n=30,start_thres=1.25,min_cluster_size=3",hub,0.25,50,10,40,1730,16,1,24,1729,0.4,0.0005780346820809,0.9411764705882352,0.0588235294117647,0.1486354294148358
fbc_tfnbs,"e=1.0,h=10.0,n=30,start_thres=1.25,min_cluster_size=3",hub,0.25,50,10,40,1730,16,1,24,1729,0.4,0.0005780346820809,0.9411764705882352,0.0588235294117647,0.1486354294148358
fbc_tfnbs,"e=1.1,h=0.5,n=30,start_thres=1.25,min_cluster_size=3",hub,0.25,50,10,40,1730,0,0,40,1730,0.0,0.0,0.0,0.0,0.1486354294148358
fbc_tfnbs,"e=1.1,h=1.0,n=30,start_thres=1.25,min_cluster_size=3",hub,0.25,50,10,40,1730,0,0,40,1730,0.0,0.0,0.0,0.0,0.1486354294148358
fbc_tfnbs,"e=1.1,h=2.0,n=30,start_thres=1.25,min_cluster_size=3",hub,0.25,50,10,40,1730,4,0,36,1730,0.1,0.0,1.0,0.0,0.1486354294148358
fbc_tfnbs,"e=1.1,h=3.0,n=30,start_thres=1.25,min_cluster_size=3",hub,0.25,50,10,40,1730,9,1,31,1729,0.225,0.0005780346820809,0.9,0.1,0.1486354294148358
fbc_tfnbs,"e=1.1,h=4.0,n=30,start_thres=1.25,min_cluster_size=3",hub,0.25,50,10,40,1730,14,1,26,1729,0.35,0.0005780346820809,0.9333333333333332,0.0666666666666666,0.1486354294148358
fbc_tfnbs,"e=1.1,h=5.0,n=30,start_thres=1.25,min_cluster_size=3",hub,0.25,50,10,40,1730,15,1,25,1729,0.375,0.0005780346820809,0.9375,0.0625,0.1486354294148358
fbc_tfnbs,"e=1.1,h=6.0,n=30,start_thres=1.25,min_cluster_size=3",hub,0.25,50,10,40,1730,16,1,24,1729,0.4,0.0005780346820809,0.9411764705882352,0.0588235294117647,0.1486354294148358
fbc_tfnbs,"e=1.1,h=7.0,n=30,start_thres=1.25,min_cluster_size=3",hub,0.25,50,10,40,1730,16,1,24,1729,0.4,0.0005780346820809,0.9411764705882352,0.0588235294117647,0.1486354294148358
fbc_tfnbs,"e=1.1,h=8.0,n=30,start_thres=1.25,min_cluster_size=3",hub,0.25,50,10,40,1730,16,1,24,1729,0.4,0.0005780346820809,0.9411764705882352,0.0588235294117647,0.1486354294148358
fbc_tfnbs,"e=1.1,h=9.0,n=30,start_thres=1.25,min_cluster_size=3",hub,0.25,50,10,40,1730,16,1,24,1729,0.4,0.0005780346820809,0.9411764705882352,0.0588235294117647,0.1486354294148358
fbc_tfnbs,"e=1.1,h=10.0,n=30,start_thres=1.25,min_cluster_size=3",hub,0.25,50,10,40,1730,16,1,24,1729,0.4,0.0005780346820809,0.9411764705882352,0.0588235294117647,0.1486354294148358
fbc_tfnbs,"e=1.2,h=0.5,n=30,start_thres=1.25,min_cluster_size=3",hub,0.25,50,10,40,1730,0,0,40,1730,0.0,0.0,0.0,0.0,0.1486354294148358
fbc_tfnbs,"e=1.2,h=1.0,n=30,start_thres=1.25,min_cluster_size=3",hub,0.25,50,10,40,1730,0,0,40,1730,0.0,0.0,0.0,0.0,0.1486354294148358
fbc_tfnbs,"e=1.2,h=2.0,n=30,start_thres=1.25,min_cluster_size=3",hub,0.25,50,10,40,1730,3,0,37,1730,0.075,0.0,1.0,0.0,0.1486354294148358
fbc_tfnbs,"e=1.2,h=3.0,n=30,start_thres=1.25,min_cluster_size=3",hub,0.25,50,10,40,1730,9,1,31,1729,0.225,0.0005780346820809,0.9,0.1,0.1486354294148358
fbc_tfnbs,"e=1.2,h=4.0,n=30,start_thres=1.25,min_cluster_size=3",hub,0.25,50,10,40,1730,14,1,26,1729,0.35,0.0005780346820809,0.9333333333333332,0.0666666666666666,0.1486354294148358
fbc_tfnbs,"e=1.2,h=5.0,n=30,start_thres=1.25,min_cluster_size=3",hub,0.25,50,10,40,1730,15,1,25,1729,0.375,0.0005780346820809,0.9375,0.0625,0.1486354294148358
fbc_tfnbs,"e=1.2,h=6.0,n=30,start_thres=1.25,min_cluster_size=3",hub,0.25,50,10,40,1730,15,1,25,1729,0.375,0.0005780346820809,0.9375,0.0625,0.1486354294148358
fbc_tfnbs,"e=1.2,h=7.0,n=30,start_thres=1.25,min_cluster_size=3",hub,0.25,50,10,40,1730,16,1,24,1729,0.4,0.0005780346820809,0.9411764705882352,0.0588235294117647,0.1486354294148358
fbc_tfnbs,"e=1.2,h=8.0,n=30,start_thres=1.25,min_cluster_size=3",hub,0.25,50,10,40,1730,16,1,24,1729,0.4,0.0005780346820809,0.9411764705882352,0.0588235294117647,0.1486354294148358
fbc_tfnbs,"e=1.2,h=9.0,n=30,start_thres=1.25,min_cluster_size=3",hub,0.25,50,10,40,1730,16,1,24,1729,0.4,0.0005780346820809,0.9411764705882352,0.0588235294117647,0.1486354294148358
fbc_tfnbs,"e=1.2,h=10.0,n=30,start_thres=1.25,min_cluster_size=3",hub,0.25,50,10,40,1730,16,1,24,1729,0.4,0.0005780346820809,0.9411764705882352,0.0588235294117647,0.1486354294148358
fbc_tfnbs,"e=1.3,h=0.5,n=30,start_thres=1.25,min_cluster_size=3",hub,0.25,50,10,40,1730,0,0,40,1730,0.0,0.0,0.0,0.0,0.1486354294148358
fbc_tfnbs,"e=1.3,h=1.0,n=30,start_thres=1.25,min_cluster_size=3",hub,0.25,50,10,40,1730,0,0,40,1730,0.0,0.0,0.0,0.0,0.1486354294148358
fbc_tfnbs,"e=1.3,h=2.0,n=30,start_thres=1.25,min_cluster_size=3",hub,0.25,50,10,40,1730,3,0,37,1730,0.075,0.0,1.0,0.0,0.1486354294148358
fbc_tfnbs,"e=1.3,h=3.0,n=30,start_thres=1.25,min_cluster_size=3",hub,0.25,50,10,40,1730,8,1,32,1729,0.2,0.0005780346820809,0.8888888888888888,0.1111111111111111,0.1486354294148358
fbc_tfnbs,"e=1.3,h=4.0,n=30,start_thres=1.25,min_cluster_size=3",hub,0.25,50,10,40,1730,12,1,28,1729,0.3,0.0005780346820809,0.9230769230769232,0.0769230769230769,0.1486354294148358
fbc_tfnbs,"e=1.3,h=5.0,n=30,start_thres=1.25,min_cluster_size=3",hub,0.25,50,10,40,1730,14,1,26,1729,0.35,0.0005780346820809,0.9333333333333332,0.0666666666666666,0.1486354294148358
fbc_tfnbs,"e=1.3,h=6.0,n=30,start_thres=1.25,min_cluster_size=3",hub,0.25,50,10,40,1730,15,1,25,1729,0.375,0.0005780346820809,0.9375,0.0625,0.1486354294148358
fbc_tfnbs,"e=1.3,h=7.0,n=30,start_thres=1.25,min_cluster_size=3",hub,0.25,50,10,40,1730,16,1,24,1729,0.4,0.0005780346820809,0.9411764705882352,0.0588235294117647,0.1486354294148358
fbc_tfnbs,"e=1.3,h=8.0,n=30,start_thres=1.25,min_cluster_size=3",hub,0.25,50,10,40,1730,16,1,24,1729,0.4,0.0005780346820809,0.9411764705882352,0.0588235294117647,0.1486354294148358
fbc_tfnbs,"e=1.3,h=9.0,n=30,start_thres=1.25,min_cluster_size=3",hub,0.25,50,10,40,1730,16,1,24,1729,0.4,0.0005780346820809,0.9411764705882352,0.0588235294117647,0.1486354294148358
fbc_tfnbs,"e=1.3,h=10.0,n=30,start_thres=1.25,min_cluster_size=3",hub,0.25,50,10,40,1730,16,1,24,1729,0.4,0.0005780346820809,0.9411764705882352,0.0588235294117647,0.1486354294148358
fbc_tfnbs,"e=1.4,h=0.5,n=30,start_thres=1.25,min_cluster_size=3",hub,0.25,50,10,40,1730,0,0,40,1730,0.0,0.0,0.0,0.0,0.1486354294148358
fbc_tfnbs,"e=1.4,h=1.0,n=30,start_thres=1.25,min_cluster_size=3",hub,0.25,50,10,40,1730,0,0,40,1730,0.0,0.0,0.0,0.0,0.1486354294148358
fbc_tfnbs,"e=1.4,h=2.0,n=30,start_thres=1.25,min_cluster_size=3",hub,0.25,50,10,40,1730,0,0,40,1730,0.0,0.0,0.0,0.0,0.1486354294148358
fbc_tfnbs,"e=1.4,h=3.0,n=30,start_thres=1.25,min_cluster_size=3",hub,0.25,50,10,40,1730,4,0,36,1730,0.1,0.0,1.0,0.0,0.1486354294148358
fbc_tfnbs,"e=1.4,h=4.0,n=30,start_thres=1.25,min_cluster_size=3",hub,0.25,50,10,40,1730,9,1,31,1729,0.225,0.0005780346820809,0.9,0.1,0.1486354294148358
fbc_tfnbs,"e=1.4,h=5.0,n=30,start_thres=1.25,min_cluster_size=3",hub,0.25,50,10,40,1730,14,1,26,1729,0.35,0.0005780346820809,0.9333333333333332,0.0666666666666666,0.1486354294148358
fbc_tfnbs,"e=1.4,h=6.0,n=30,start_thres=1.25,min_cluster_size=3",hub,0.25,50,10,40,1730,15,1,25,1729,0.375,0.0005780346820809,0.9375,0.0625,0.1486354294148358
fbc_tfnbs,"e=1.4,h=7.0,n=30,start_thres=1.25,min_cluster_size=3",hub,0.25,50,10,40,1730,16,1,24,1729,0.4,0.0005780346820809,0.9411764705882352,0.0588235294117647,0.1486354294148358
fbc_tfnbs,"e=1.4,h=8.0,n=30,start_thres=1.25,min_cluster_size=3",hub,0.25,50,10,40,1730,16,1,24,1729,0.4,0.0005780346820809,0.9411764705882352,0.0588235294117647,0.1486354294148358
fbc_tfnbs,"e=1.4,h=9.0,n=30,start_thres=1.25,min_cluster_size=3",hub,0.25,50,10,40,1730,16,1,24,1729,0.4,0.0005780346820809,0.9411764705882352,0.0588235294117647,0.1486354294148358
fbc_tfnbs,"e=1.4,h=10.0,n=30,start_thres=1.25,min_cluster_size=3",hub,0.25,50,10,40,1730,16,1,24,1729,0.4,0.0005780346820809,0.9411764705882352,0.0588235294117647,0.1486354294148358
fbc_tfnbs,"e=1.5,h=0.5,n=30,start_thres=1.25,min_cluster_size=3",hub,0.25,50,10,40,1730,0,0,40,1730,0.0,0.0,0.0,0.0,0.1486354294148358
fbc_tfnbs,"e=1.5,h=1.0,n=30,start_thres=1.25,min_cluster_size=3",hub,0.25,50,10,40,1730,0,0,40,1730,0.0,0.0,0.0,0.0,0.1486354294148358
fbc_tfnbs,"e=1.5,h=2.0,n=30,start_thres=1.25,min_cluster_size=3",hub,0.25,50,10,40,1730,0,0,40,1730,0.0,0.0,0.0,0.0,0.1486354294148358
fbc_tfnbs,"e=1.5,h=3.0,n=30,start_thres=1.25,min_cluster_size=3",hub,0.25,50,10,40,1730,3,0,37,1730,0.075,0.0,1.0,0.0,0.1486354294148358
fbc_tfnbs,"e=1.5,h=4.0,n=30,start_thres=1.25,min_cluster_size=3",hub,0.25,50,10,40,1730,9,1,31,1729,0.225,0.0005780346820809,0.9,0.1,0.1486354294148358
fbc_tfnbs,"e=1.5,h=5.0,n=30,start_thres=1.25,min_cluster_size=3",hub,0.25,50,10,40,1730,12,1,28,1729,0.3,0.0005780346820809,0.9230769230769232,0.0769230769230769,0.1486354294148358
fbc_tfnbs,"e=1.5,h=6.0,n=30,start_thres=1.25,min_cluster_size=3",hub,0.25,50,10,40,1730,15,1,25,1729,0.375,0.0005780346820809,0.9375,0.0625,0.1486354294148358
fbc_tfnbs,"e=1.5,h=7.0,n=30,start_thres=1.25,min_cluster_size=3",hub,0.25,50,10,40,1730,15,1,25,1729,0.375,0.0005780346820809,0.9375,0.0625,0.1486354294148358
fbc_tfnbs,"e=1.5,h=8.0,n=30,start_thres=1.25,min_cluster_size=3",hub,0.25,50,10,40,1730,16,1,24,1729,0.4,0.0005780346820809,0.9411764705882352,0.0588235294117647,0.1486354294148358
fbc_tfnbs,"e=1.5,h=9.0,n=30,start_thres=1.25,min_cluster_size=3",hub,0.25,50,10,40,1730,16,1,24,1729,0.4,0.0005780346820809,0.9411764705882352,0.0588235294117647,0.1486354294148358
fbc_tfnbs,"e=1.5,h=10.0,n=30,start_thres=1.25,min_cluster_size=3",hub,0.25,50,10,40,1730,16,1,24,1729,0.4,0.0005780346820809,0.9411764705882352,0.0588235294117647,0.1486354294148358
fbc_tfnbs,"e=0.05,h=0.5,n=30,start_thres=1.25,min_cluster_size=3",hub,0.25,50,11,40,1730,23,1,17,1729,0.575,0.0005780346820809,0.9583333333333334,0.0416666666666666,0.1344668634913184
fbc_tfnbs,"e=0.05,h=1.0,n=30,start_thres=1.25,min_cluster_size=3",hub,0.25,50,11,40,1730,23,1,17,1729,0.575,0.0005780346820809,0.9583333333333334,0.0416666666666666,0.1344668634913184
fbc_tfnbs,"e=0.05,h=2.0,n=30,start_thres=1.25,min_cluster_size=3",hub,0.25,50,11,40,1730,24,2,16,1728,0.6,0.0011560693641618,0.9230769230769232,0.0769230769230769,0.1344668634913184
fbc_tfnbs,"e=0.05,h=3.0,n=30,start_thres=1.25,min_cluster_size=3",hub,0.25,50,11,40,1730,24,2,16,1728,0.6,0.0011560693641618,0.9230769230769232,0.0769230769230769,0.1344668634913184
fbc_tfnbs,"e=0.05,h=4.0,n=30,start_thres=1.25,min_cluster_size=3",hub,0.25,50,11,40,1730,24,2,16,1728,0.6,0.0011560693641618,0.9230769230769232,0.0769230769230769,0.1344668634913184
fbc_tfnbs,"e=0.05,h=5.0,n=30,start_thres=1.25,min_cluster_size=3",hub,0.25,50,11,40,1730,24,2,16,1728,0.6,0.0011560693641618,0.9230769230769232,0.0769230769230769,0.1344668634913184
fbc_tfnbs,"e=0.05,h=6.0,n=30,start_thres=1.25,min_cluster_size=3",hub,0.25,50,11,40,1730,24,2,16,1728,0.6,0.0011560693641618,0.9230769230769232,0.0769230769230769,0.1344668634913184
fbc_tfnbs,"e=0.05,h=7.0,n=30,start_thres=1.25,min_cluster_size=3",hub,0.25,50,11,40,1730,24,2,16,1728,0.6,0.0011560693641618,0.9230769230769232,0.0769230769230769,0.1344668634913184
fbc_tfnbs,"e=0.05,h=8.0,n=30,start_thres=1.25,min_cluster_size=3",hub,0.25,50,11,40,1730,24,2,16,1728,0.6,0.0011560693641618,0.9230769230769232,0.0769230769230769,0.1344668634913184
fbc_tfnbs,"e=0.05,h=9.0,n=30,start_thres=1.25,min_cluster_size=3",hub,0.25,50,11,40,1730,24,2,16,1728,0.6,0.0011560693641618,0.9230769230769232,0.0769230769230769,0.1344668634913184
fbc_tfnbs,"e=0.05,h=10.0,n=30,start_thres=1.25,min_cluster_size=3",hub,0.25,50,11,40,1730,24,2,16,1728,0.6,0.0011560693641618,0.9230769230769232,0.0769230769230769,0.1344668634913184
fbc_tfnbs,"e=0.1,h=0.5,n=30,start_thres=1.25,min_cluster_size=3",hub,0.25,50,11,40,1730,24,2,16,1728,0.6,0.0011560693641618,0.9230769230769232,0.0769230769230769,0.1344668634913184
fbc_tfnbs,"e=0.1,h=1.0,n=30,start_thres=1.25,min_cluster_size=3",hub,0.25,50,11,40,1730,24,2,16,1728,0.6,0.0011560693641618,0.9230769230769232,0.0769230769230769,0.1344668634913184
fbc_tfnbs,"e=0.1,h=2.0,n=30,start_thres=1.25,min_cluster_size=3",hub,0.25,50,11,40,1730,24,2,16,1728,0.6,0.0011560693641618,0.9230769230769232,0.0769230769230769,0.1344668634913184
fbc_tfnbs,"e=0.1,h=3.0,n=30,start_thres=1.25,min_cluster_size=3",hub,0.25,50,11,40,1730,24,2,16,1728,0.6,0.0011560693641618,0.9230769230769232,0.0769230769230769,0.1344668634913184
fbc_tfnbs,"e=0.1,h=4.0,n=30,start_thres=1.25,min_cluster_size=3",hub,0.25,50,11,40,1730,25,2,15,1728,0.625,0.0011560693641618,0.925925925925926,0.074074074074074,0.1344668634913184
fbc_tfnbs,"e=0.1,h=5.0,n=30,start_thres=1.25,min_cluster_size=3",hub,0.25,50,11,40,1730,25,2,15,1728,0.625,0.0011560693641618,0.925925925925926,0.074074074074074,0.1344668634913184
fbc_tfnbs,"e=0.1,h=6.0,n=30,start_thres=1.25,min_cluster_size=3",hub,0.25,50,11,40,1730,25,2,15,1728,0.625,0.0011560693641618,0.925925925925926,0.074074074074074,0.1344668634913184
fbc_tfnbs,"e=0.1,h=7.0,n=30,start_thres=1.25,min_cluster_size=3",hub,0.25,50,11,40,1730,25,2,15,1728,0.625,0.0011560693641618,0.925925925925926,0.074074074074074,0.1344668634913184
fbc_tfnbs,"e=0.1,h=8.0,n=30,start_thres=1.25,min_cluster_size=3",hub,0.25,50,11,40,1730,25,2,15,1728,0.625,0.0011560693641618,0.925925925925926,0.074074074074074,0.1344668634913184
fbc_tfnbs,"e=0.1,h=9.0,n=30,start_thres=1.25,min_cluster_size=3",hub,0.25,50,11,40,1730,25,2,15,1728,0.625,0.0011560693641618,0.925925925925926,0.074074074074074,0.1344668634913184
fbc_tfnbs,"e=0.1,h=10.0,n=30,start_thres=1.25,min_cluster_size=3",hub,0.25,50,11,40,1730,25,2,15,1728,0.625,0.0011560693641618,0.925925925925926,0.074074074074074,0.1344668634913184
fbc_tfnbs,"e=0.2,h=0.5,n=30,start_thres=1.25,min_cluster_size=3",hub,0.25,50,11,40,1730,24,2,16,1728,0.6,0.0011560693641618,0.9230769230769232,0.0769230769230769,0.1344668634913184
fbc_tfnbs,"e=0.2,h=1.0,n=30,start_thres=1.25,min_cluster_size=3",hub,0.25,50,11,40,1730,24,2,16,1728,0.6,0.0011560693641618,0.9230769230769232,0.0769230769230769,0.1344668634913184
fbc_tfnbs,"e=0.2,h=2.0,n=30,start_thres=1.25,min_cluster_size=3",hub,0.25,50,11,40,1730,24,2,16,1728,0.6,0.0011560693641618,0.9230769230769232,0.0769230769230769,0.1344668634913184
fbc_tfnbs,"e=0.2,h=3.0,n=30,start_thres=1.25,min_cluster_size=3",hub,0.25,50,11,40,1730,25,2,15,1728,0.625,0.0011560693641618,0.925925925925926,0.074074074074074,0.1344668634913184
fbc_tfnbs,"e=0.2,h=4.0,n=30,start_thres=1.25,min_cluster_size=3",hub,0.25,50,11,40,1730,25,2,15,1728,0.625,0.0011560693641618,0.925925925925926,0.074074074074074,0.1344668634913184
fbc_tfnbs,"e=0.2,h=5.0,n=30,start_thres=1.25,min_cluster_size=3",hub,0.25,50,11,40,1730,25,2,15,1728,0.625,0.0011560693641618,0.925925925925926,0.074074074074074,0.1344668634913184
fbc_tfnbs,"e=0.2,h=6.0,n=30,start_thres=1.25,min_cluster_size=3",hub,0.25,50,11,40,1730,25,2,15,1728,0.625,0.0011560693641618,0.925925925925926,0.074074074074074,0.1344668634913184
fbc_tfnbs,"e=0.2,h=7.0,n=30,start_thres=1.25,min_cluster_size=3",hub,0.25,50,11,40,1730,25,2,15,1728,0.625,0.0011560693641618,0.925925925925926,0.074074074074074,0.1344668634913184
fbc_tfnbs,"e=0.2,h=8.0,n=30,start_thres=1.25,min_cluster_size=3",hub,0.25,50,11,40,1730,25,2,15,1728,0.625,0.0011560693641618,0.925925925925926,0.074074074074074,0.1344668634913184
fbc_tfnbs,"e=0.2,h=9.0,n=30,start_thres=1.25,min_cluster_size=3",hub,0.25,50,11,40,1730,25,2,15,1728,0.625,0.0011560693641618,0.925925925925926,0.074074074074074,0.1344668634913184
fbc_tfnbs,"e=0.2,h=10.0,n=30,start_thres=1.25,min_cluster_size=3",hub,0.25,50,11,40,1730,25,2,15,1728,0.625,0.0011560693641618,0.925925925925926,0.074074074074074,0.1344668634913184
fbc_tfnbs,"e=0.3,h=0.5,n=30,start_thres=1.25,min_cluster_size=3",hub,0.25,50,11,40,1730,23,2,17,1728,0.575,0.0011560693641618,0.92,0.08,0.1344668634913184
fbc_tfnbs,"e=0.3,h=1.0,n=30,start_thres=1.25,min_cluster_size=3",hub,0.25,50,11,40,1730,24,2,16,1728,0.6,0.0011560693641618,0.9230769230769232,0.0769230769230769,0.1344668634913184
fbc_tfnbs,"e=0.3,h=2.0,n=30,start_thres=1.25,min_cluster_size=3",hub,0.25,50,11,40,1730,24,2,16,1728,0.6,0.0011560693641618,0.9230769230769232,0.0769230769230769,0.1344668634913184
fbc_tfnbs,"e=0.3,h=3.0,n=30,start_thres=1.25,min_cluster_size=3",hub,0.25,50,11,40,1730,25,2,15,1728,0.625,0.0011560693641618,0.925925925925926,0.074074074074074,0.1344668634913184
fbc_tfnbs,"e=0.3,h=4.0,n=30,start_thres=1.25,min_cluster_size=3",hub,0.25,50,11,40,1730,25,2,15,1728,0.625,0.0011560693641618,0.925925925925926,0.074074074074074,0.1344668634913184
fbc_tfnbs,"e=0.3,h=5.0,n=30,start_thres=1.25,min_cluster_size=3",hub,0.25,50,11,40,1730,25,2,15,1728,0.625,0.0011560693641618,0.925925925925926,0.074074074074074,0.1344668634913184
fbc_tfnbs,"e=0.3,h=6.0,n=30,start_thres=1.25,min_cluster_size=3",hub,0.25,50,11,40,1730,25,2,15,1728,0.625,0.0011560693641618,0.925925925925926,0.074074074074074,0.1344668634913184
fbc_tfnbs,"e=0.3,h=7.0,n=30,start_thres=1.25,min_cluster_size=3",hub,0.25,50,11,40,1730,25,2,15,1728,0.625,0.0011560693641618,0.925925925925926,0.074074074074074,0.1344668634913184
fbc_tfnbs,"e=0.3,h=8.0,n=30,start_thres=1.25,min_cluster_size=3",hub,0.25,50,11,40,1730,25,2,15,1728,0.625,0.0011560693641618,0.925925925925926,0.074074074074074,0.1344668634913184
fbc_tfnbs,"e=0.3,h=9.0,n=30,start_thres=1.25,min_cluster_size=3",hub,0.25,50,11,40,1730,25,2,15,1728,0.625,0.0011560693641618,0.925925925925926,0.074074074074074,0.1344668634913184
fbc_tfnbs,"e=0.3,h=10.0,n=30,start_thres=1.25,min_cluster_size=3",hub,0.25,50,11,40,1730,25,2,15,1728,0.625,0.0011560693641618,0.925925925925926,0.074074074074074,0.1344668634913184
fbc_tfnbs,"e=0.4,h=0.5,n=30,start_thres=1.25,min_cluster_size=3",hub,0.25,50,11,40,1730,23,2,17,1728,0.575,0.0011560693641618,0.92,0.08,0.1344668634913184
fbc_tfnbs,"e=0.4,h=1.0,n=30,start_thres=1.25,min_cluster_size=3",hub,0.25,50,11,40,1730,23,2,17,1728,0.575,0.0011560693641618,0.92,0.08,0.1344668634913184
fbc_tfnbs,"e=0.4,h=2.0,n=30,start_thres=1.25,min_cluster_size=3",hub,0.25,50,11,40,1730,24,2,16,1728,0.6,0.0011560693641618,0.9230769230769232,0.0769230769230769,0.1344668634913184
fbc_tfnbs,"e=0.4,h=3.0,n=30,start_thres=1.25,min_cluster_size=3",hub,0.25,50,11,40,1730,25,2,15,1728,0.625,0.0011560693641618,0.925925925925926,0.074074074074074,0.1344668634913184
fbc_tfnbs,"e=0.4,h=4.0,n=30,start_thres=1.25,min_cluster_size=3",hub,0.25,50,11,40,1730,25,2,15,1728,0.625,0.0011560693641618,0.925925925925926,0.074074074074074,0.1344668634913184
fbc_tfnbs,"e=0.4,h=5.0,n=30,start_thres=1.25,min_cluster_size=3",hub,0.25,50,11,40,1730,25,2,15,1728,0.625,0.0011560693641618,0.925925925925926,0.074074074074074,0.1344668634913184
fbc_tfnbs,"e=0.4,h=6.0,n=30,start_thres=1.25,min_cluster_size=3",hub,0.25,50,11,40,1730,25,2,15,1728,0.625,0.0011560693641618,0.925925925925926,0.074074074074074,0.1344668634913184
fbc_tfnbs,"e=0.4,h=7.0,n=30,start_thres=1.25,min_cluster_size=3",hub,0.25,50,11,40,1730,25,2,15,1728,0.625,0.0011560693641618,0.925925925925926,0.074074074074074,0.1344668634913184
fbc_tfnbs,"e=0.4,h=8.0,n=30,start_thres=1.25,min_cluster_size=3",hub,0.25,50,11,40,1730,25,2,15,1728,0.625,0.0011560693641618,0.925925925925926,0.074074074074074,0.1344668634913184
fbc_tfnbs,"e=0.4,h=9.0,n=30,start_thres=1.25,min_cluster_size=3",hub,0.25,50,11,40,1730,25,2,15,1728,0.625,0.0011560693641618,0.925925925925926,0.074074074074074,0.1344668634913184
fbc_tfnbs,"e=0.4,h=10.0,n=30,start_thres=1.25,min_cluster_size=3",hub,0.25,50,11,40,1730,25,2,15,1728,0.625,0.0011560693641618,0.925925925925926,0.074074074074074,0.1344668634913184
fbc_tfnbs,"e=0.5,h=0.5,n=30,start_thres=1.25,min_cluster_size=3",hub,0.25,50,11,40,1730,19,2,21,1728,0.475,0.0011560693641618,0.9047619047619048,0.0952380952380952,0.1344668634913184
fbc_tfnbs,"e=0.5,h=1.0,n=30,start_thres=1.25,min_cluster_size=3",hub,0.25,50,11,40,1730,23,2,17,1728,0.575,0.0011560693641618,0.92,0.08,0.1344668634913184
fbc_tfnbs,"e=0.5,h=2.0,n=30,start_thres=1.25,min_cluster_size=3",hub,0.25,50,11,40,1730,24,4,16,1726,0.6,0.0023121387283236,0.8571428571428571,0.1428571428571428,0.1344668634913184
fbc_tfnbs,"e=0.5,h=3.0,n=30,start_thres=1.25,min_cluster_size=3",hub,0.25,50,11,40,1730,25,4,15,1726,0.625,0.0023121387283236,0.8620689655172413,0.1379310344827586,0.1344668634913184
fbc_tfnbs,"e=0.5,h=4.0,n=30,start_thres=1.25,min_cluster_size=3",hub,0.25,50,11,40,1730,25,4,15,1726,0.625,0.0023121387283236,0.8620689655172413,0.1379310344827586,0.1344668634913184
fbc_tfnbs,"e=0.5,h=5.0,n=30,start_thres=1.25,min_cluster_size=3",hub,0.25,50,11,40,1730,25,4,15,1726,0.625,0.0023121387283236,0.8620689655172413,0.1379310344827586,0.1344668634913184
fbc_tfnbs,"e=0.5,h=6.0,n=30,start_thres=1.25,min_cluster_size=3",hub,0.25,50,11,40,1730,25,2,15,1728,0.625,0.0011560693641618,0.925925925925926,0.074074074074074,0.1344668634913184
fbc_tfnbs,"e=0.5,h=7.0,n=30,start_thres=1.25,min_cluster_size=3",hub,0.25,50,11,40,1730,25,2,15,1728,0.625,0.0011560693641618,0.925925925925926,0.074074074074074,0.1344668634913184
fbc_tfnbs,"e=0.5,h=8.0,n=30,start_thres=1.25,min_cluster_size=3",hub,0.25,50,11,40,1730,25,2,15,1728,0.625,0.0011560693641618,0.925925925925926,0.074074074074074,0.1344668634913184
fbc_tfnbs,"e=0.5,h=9.0,n=30,start_thres=1.25,min_cluster_size=3",hub,0.25,50,11,40,1730,25,2,15,1728,0.625,0.0011560693641618,0.925925925925926,0.074074074074074,0.1344668634913184
fbc_tfnbs,"e=0.5,h=10.0,n=30,start_thres=1.25,min_cluster_size=3",hub,0.25,50,11,40,1730,25,2,15,1728,0.625,0.0011560693641618,0.925925925925926,0.074074074074074,0.1344668634913184
fbc_tfnbs,"e=0.6,h=0.5,n=30,start_thres=1.25,min_cluster_size=3",hub,0.25,50,11,40,1730,19,2,21,1728,0.475,0.0011560693641618,0.9047619047619048,0.0952380952380952,0.1344668634913184
fbc_tfnbs,"e=0.6,h=1.0,n=30,start_thres=1.25,min_cluster_size=3",hub,0.25,50,11,40,1730,19,4,21,1726,0.475,0.0023121387283236,0.8260869565217391,0.1739130434782608,0.1344668634913184
fbc_tfnbs,"e=0.6,h=2.0,n=30,start_thres=1.25,min_cluster_size=3",hub,0.25,50,11,40,1730,23,4,17,1726,0.575,0.0023121387283236,0.8518518518518519,0.1481481481481481,0.1344668634913184
fbc_tfnbs,"e=0.6,h=3.0,n=30,start_thres=1.25,min_cluster_size=3",hub,0.25,50,11,40,1730,24,4,16,1726,0.6,0.0023121387283236,0.8571428571428571,0.1428571428571428,0.1344668634913184
fbc_tfnbs,"e=0.6,h=4.0,n=30,start_thres=1.25,min_cluster_size=3",hub,0.25,50,11,40,1730,25,4,15,1726,0.625,0.0023121387283236,0.8620689655172413,0.1379310344827586,0.1344668634913184
fbc_tfnbs,"e=0.6,h=5.0,n=30,start_thres=1.25,min_cluster_size=3",hub,0.25,50,11,40,1730,25,4,15,1726,0.625,0.0023121387283236,0.8620689655172413,0.1379310344827586,0.1344668634913184
fbc_tfnbs,"e=0.6,h=6.0,n=30,start_thres=1.25,min_cluster_size=3",hub,0.25,50,11,40,1730,25,4,15,1726,0.625,0.0023121387283236,0.8620689655172413,0.1379310344827586,0.1344668634913184
fbc_tfnbs,"e=0.6,h=7.0,n=30,start_thres=1.25,min_cluster_size=3",hub,0.25,50,11,40,1730,25,4,15,1726,0.625,0.0023121387283236,0.8620689655172413,0.1379310344827586,0.1344668634913184
fbc_tfnbs,"e=0.6,h=8.0,n=30,start_thres=1.25,min_cluster_size=3",hub,0.25,50,11,40,1730,25,4,15,1726,0.625,0.0023121387283236,0.8620689655172413,0.1379310344827586,0.1344668634913184
fbc_tfnbs,"e=0.6,h=9.0,n=30,start_thres=1.25,min_cluster_size=3",hub,0.25,50,11,40,1730,25,2,15,1728,0.625,0.0011560693641618,0.925925925925926,0.074074074074074,0.1344668634913184
fbc_tfnbs,"e=0.6,h=10.0,n=30,start_thres=1.25,min_cluster_size=3",hub,0.25,50,11,40,1730,25,2,15,1728,0.625,0.0011560693641618,0.925925925925926,0.074074074074074,0.1344668634913184
fbc_tfnbs,"e=0.7,h=0.5,n=30,start_thres=1.25,min_cluster_size=3",hub,0.25,50,11,40,1730,18,2,22,1728,0.45,0.0011560693641618,0.9,0.1,0.1344668634913184
fbc_tfnbs,"e=0.7,h=1.0,n=30,start_thres=1.25,min_cluster_size=3",hub,0.25,50,11,40,1730,19,4,21,1726,0.475,0.0023121387283236,0.8260869565217391,0.1739130434782608,0.1344668634913184
fbc_tfnbs,"e=0.7,h=2.0,n=30,start_thres=1.25,min_cluster_size=3",hub,0.25,50,11,40,1730,23,4,17,1726,0.575,0.0023121387283236,0.8518518518518519,0.1481481481481481,0.1344668634913184
fbc_tfnbs,"e=0.7,h=3.0,n=30,start_thres=1.25,min_cluster_size=3",hub,0.25,50,11,40,1730,24,4,16,1726,0.6,0.0023121387283236,0.8571428571428571,0.1428571428571428,0.1344668634913184
fbc_tfnbs,"e=0.7,h=4.0,n=30,start_thres=1.25,min_cluster_size=3",hub,0.25,50,11,40,1730,25,4,15,1726,0.625,0.0023121387283236,0.8620689655172413,0.1379310344827586,0.1344668634913184
fbc_tfnbs,"e=0.7,h=5.0,n=30,start_thres=1.25,min_cluster_size=3",hub,0.25,50,11,40,1730,26,4,14,1726,0.65,0.0023121387283236,0.8666666666666667,0.1333333333333333,0.1344668634913184
fbc_tfnbs,"e=0.7,h=6.0,n=30,start_thres=1.25,min_cluster_size=3",hub,0.25,50,11,40,1730,26,4,14,1726,0.65,0.0023121387283236,0.8666666666666667,0.1333333333333333,0.1344668634913184
fbc_tfnbs,"e=0.7,h=7.0,n=30,start_thres=1.25,min_cluster_size=3",hub,0.25,50,11,40,1730,26,4,14,1726,0.65,0.0023121387283236,0.8666666666666667,0.1333333333333333,0.1344668634913184
fbc_tfnbs,"e=0.7,h=8.0,n=30,start_thres=1.25,min_cluster_size=3",hub,0.25,50,11,40,1730,25,4,15,1726,0.625,0.0023121387283236,0.8620689655172413,0.1379310344827586,0.1344668634913184
fbc_tfnbs,"e=0.7,h=9.0,n=30,start_thres=1.25,min_cluster_size=3",hub,0.25,50,11,40,1730,25,4,15,1726,0.625,0.0023121387283236,0.8620689655172413,0.1379310344827586,0.1344668634913184
fbc_tfnbs,"e=0.7,h=10.0,n=30,start_thres=1.25,min_cluster_size=3",hub,0.25,50,11,40,1730,25,4,15,1726,0.625,0.0023121387283236,0.8620689655172413,0.1379310344827586,0.1344668634913184
fbc_tfnbs,"e=0.8,h=0.5,n=30,start_thres=1.25,min_cluster_size=3",hub,0.25,50,11,40,1730,15,2,25,1728,0.375,0.0011560693641618,0.8823529411764706,0.1176470588235294,0.1344668634913184
fbc_tfnbs,"e=0.8,h=1.0,n=30,start_thres=1.25,min_cluster_size=3",hub,0.25,50,11,40,1730,18,4,22,1726,0.45,0.0023121387283236,0.8181818181818182,0.1818181818181818,0.1344668634913184
fbc_tfnbs,"e=0.8,h=2.0,n=30,start_thres=1.25,min_cluster_size=3",hub,0.25,50,11,40,1730,19,4,21,1726,0.475,0.0023121387283236,0.8260869565217391,0.1739130434782608,0.1344668634913184
fbc_tfnbs,"e=0.8,h=3.0,n=30,start_thres=1.25,min_cluster_size=3",hub,0.25,50,11,40,1730,23,4,17,1726,0.575,0.0023121387283236,0.8518518518518519,0.1481481481481481,0.1344668634913184
fbc_tfnbs,"e=0.8,h=4.0,n=30,start_thres=1.25,min_cluster_size=3",hub,0.25,50,11,40,1730,25,4,15,1726,0.625,0.0023121387283236,0.8620689655172413,0.1379310344827586,0.1344668634913184
fbc_tfnbs,"e=0.8,h=5.0,n=30,start_thres=1.25,min_cluster_size=3",hub,0.25,50,11,40,1730,26,4,14,1726,0.65,0.0023121387283236,0.8666666666666667,0.1333333333333333,0.1344668634913184
fbc_tfnbs,"e=0.8,h=6.0,n=30,start_thres=1.25,min_cluster_size=3",hub,0.25,50,11,40,1730,26,4,14,1726,0.65,0.0023121387283236,0.8666666666666667,0.1333333333333333,0.1344668634913184
fbc_tfnbs,"e=0.8,h=7.0,n=30,start_thres=1.25,min_cluster_size=3",hub,0.25,50,11,40,1730,26,4,14,1726,0.65,0.0023121387283236,0.8666666666666667,0.1333333333333333,0.1344668634913184
fbc_tfnbs,"e=0.8,h=8.0,n=30,start_thres=1.25,min_cluster_size=3",hub,0.25,50,11,40,1730,26,4,14,1726,0.65,0.0023121387283236,0.8666666666666667,0.1333333333333333,0.1344668634913184
fbc_tfnbs,"e=0.8,h=9.0,n=30,start_thres=1.25,min_cluster_size=3",hub,0.25,50,11,40,1730,26,4,14,1726,0.65,0.0023121387283236,0.8666666666666667,0.1333333333333333,0.1344668634913184
fbc_tfnbs,"e=0.8,h=10.0,n=30,start_thres=1.25,min_cluster_size=3",hub,0.25,50,11,40,1730,25,4,15,1726,0.625,0.0023121387283236,0.8620689655172413,0.1379310344827586,0.1344668634913184
fbc_tfnbs,"e=0.9,h=0.5,n=30,start_thres=1.25,min_cluster_size=3",hub,0.25,50,11,40,1730,15,2,25,1728,0.375,0.0011560693641618,0.8823529411764706,0.1176470588235294,0.1344668634913184
fbc_tfnbs,"e=0.9,h=1.0,n=30,start_thres=1.25,min_cluster_size=3",hub,0.25,50,11,40,1730,15,2,25,1728,0.375,0.0011560693641618,0.8823529411764706,0.1176470588235294,0.1344668634913184
fbc_tfnbs,"e=0.9,h=2.0,n=30,start_thres=1.25,min_cluster_size=3",hub,0.25,50,11,40,1730,19,4,21,1726,0.475,0.0023121387283236,0.8260869565217391,0.1739130434782608,0.1344668634913184
fbc_tfnbs,"e=0.9,h=3.0,n=30,start_thres=1.25,min_cluster_size=3",hub,0.25,50,11,40,1730,23,4,17,1726,0.575,0.0023121387283236,0.8518518518518519,0.1481481481481481,0.1344668634913184
fbc_tfnbs,"e=0.9,h=4.0,n=30,start_thres=1.25,min_cluster_size=3",hub,0.25,50,11,40,1730,25,4,15,1726,0.625,0.0023121387283236,0.8620689655172413,0.1379310344827586,0.1344668634913184
fbc_tfnbs,"e=0.9,h=5.0,n=30,start_thres=1.25,min_cluster_size=3",hub,0.25,50,11,40,1730,26,4,14,1726,0.65,0.0023121387283236,0.8666666666666667,0.1333333333333333,0.1344668634913184
fbc_tfnbs,"e=0.9,h=6.0,n=30,start_thres=1.25,min_cluster_size=3",hub,0.25,50,11,40,1730,26,4,14,1726,0.65,0.0023121387283236,0.8666666666666667,0.1333333333333333,0.1344668634913184
fbc_tfnbs,"e=0.9,h=7.0,n=30,start_thres=1.25,min_cluster_size=3",hub,0.25,50,11,40,1730,26,4,14,1726,0.65,0.0023121387283236,0.8666666666666667,0.1333333333333333,0.1344668634913184
fbc_tfnbs,"e=0.9,h=8.0,n=30,start_thres=1.25,min_cluster_size=3",hub,0.25,50,11,40,1730,26,4,14,1726,0.65,0.0023121387283236,0.8666666666666667,0.1333333333333333,0.1344668634913184
fbc_tfnbs,"e=0.9,h=9.0,n=30,start_thres=1.25,min_cluster_size=3",hub,0.25,50,11,40,1730,26,4,14,1726,0.65,0.0023121387283236,0.8666666666666667,0.1333333333333333,0.1344668634913184
fbc_tfnbs,"e=0.9,h=10.0,n=30,start_thres=1.25,min_cluster_size=3",hub,0.25,50,11,40,1730,26,4,14,1726,0.65,0.0023121387283236,0.8666666666666667,0.1333333333333333,0.1344668634913184
fbc_tfnbs,"e=1.0,h=0.5,n=30,start_thres=1.25,min_cluster_size=3",hub,0.25,50,11,40,1730,14,1,26,1729,0.35,0.0005780346820809,0.9333333333333332,0.0666666666666666,0.1344668634913184
fbc_tfnbs,"e=1.0,h=1.0,n=30,start_thres=1.25,min_cluster_size=3",hub,0.25,50,11,40,1730,15,2,25,1728,0.375,0.0011560693641618,0.8823529411764706,0.1176470588235294,0.1344668634913184
fbc_tfnbs,"e=1.0,h=2.0,n=30,start_thres=1.25,min_cluster_size=3",hub,0.25,50,11,40,1730,18,4,22,1726,0.45,0.0023121387283236,0.8181818181818182,0.1818181818181818,0.1344668634913184
fbc_tfnbs,"e=1.0,h=3.0,n=30,start_thres=1.25,min_cluster_size=3",hub,0.25,50,11,40,1730,19,4,21,1726,0.475,0.0023121387283236,0.8260869565217391,0.1739130434782608,0.1344668634913184
fbc_tfnbs,"e=1.0,h=4.0,n=30,start_thres=1.25,min_cluster_size=3",hub,0.25,50,11,40,1730,24,4,16,1726,0.6,0.0023121387283236,0.8571428571428571,0.1428571428571428,0.1344668634913184
fbc_tfnbs,"e=1.0,h=5.0,n=30,start_thres=1.25,min_cluster_size=3",hub,0.25,50,11,40,1730,26,4,14,1726,0.65,0.0023121387283236,0.8666666666666667,0.1333333333333333,0.1344668634913184
fbc_tfnbs,"e=1.0,h=6.0,n=30,start_thres=1.25,min_cluster_size=3",hub,0.25,50,11,40,1730,26,4,14,1726,0.65,0.0023121387283236,0.8666666666666667,0.1333333333333333,0.1344668634913184
fbc_tfnbs,"e=1.0,h=7.0,n=30,start_thres=1.25,min_cluster_size=3",hub,0.25,50,11,40,1730,26,4,14,1726,0.65,0.0023121387283236,0.8666666666666667,0.1333333333333333,0.1344668634913184
fbc_tfnbs,"e=1.0,h=8.0,n=30,start_thres=1.25,min_cluster_size=3",hub,0.25,50,11,40,1730,26,4,14,1726,0.65,0.0023121387283236,0.8666666666666667,0.1333333333333333,0.1344668634913184
fbc_tfnbs,"e=1.0,h=9.0,n=30,start_thres=1.25,min_cluster_size=3",hub,0.25,50,11,40,1730,26,4,14,1726,0.65,0.0023121387283236,0.8666666666666667,0.1333333333333333,0.1344668634913184
fbc_tfnbs,"e=1.0,h=10.0,n=30,start_thres=1.25,min_cluster_size=3",hub,0.25,50,11,40,1730,26,4,14,1726,0.65,0.0023121387283236,0.8666666666666667,0.1333333333333333,0.1344668634913184
fbc_tfnbs,"e=1.1,h=0.5,n=30,start_thres=1.25,min_cluster_size=3",hub,0.25,50,11,40,1730,7,0,33,1730,0.175,0.0,1.0,0.0,0.1344668634913184
fbc_tfnbs,"e=1.1,h=1.0,n=30,start_thres=1.25,min_cluster_size=3",hub,0.25,50,11,40,1730,14,1,26,1729,0.35,0.0005780346820809,0.9333333333333332,0.0666666666666666,0.1344668634913184
fbc_tfnbs,"e=1.1,h=2.0,n=30,start_thres=1.25,min_cluster_size=3",hub,0.25,50,11,40,1730,18,4,22,1726,0.45,0.0023121387283236,0.8181818181818182,0.1818181818181818,0.1344668634913184
fbc_tfnbs,"e=1.1,h=3.0,n=30,start_thres=1.25,min_cluster_size=3",hub,0.25,50,11,40,1730,19,4,21,1726,0.475,0.0023121387283236,0.8260869565217391,0.1739130434782608,0.1344668634913184
fbc_tfnbs,"e=1.1,h=4.0,n=30,start_thres=1.25,min_cluster_size=3",hub,0.25,50,11,40,1730,24,4,16,1726,0.6,0.0023121387283236,0.8571428571428571,0.1428571428571428,0.1344668634913184
fbc_tfnbs,"e=1.1,h=5.0,n=30,start_thres=1.25,min_cluster_size=3",hub,0.25,50,11,40,1730,25,4,15,1726,0.625,0.0023121387283236,0.8620689655172413,0.1379310344827586,0.1344668634913184
fbc_tfnbs,"e=1.1,h=6.0,n=30,start_thres=1.25,min_cluster_size=3",hub,0.25,50,11,40,1730,26,4,14,1726,0.65,0.0023121387283236,0.8666666666666667,0.1333333333333333,0.1344668634913184
fbc_tfnbs,"e=1.1,h=7.0,n=30,start_thres=1.25,min_cluster_size=3",hub,0.25,50,11,40,1730,26,4,14,1726,0.65,0.0023121387283236,0.8666666666666667,0.1333333333333333,0.1344668634913184
fbc_tfnbs,"e=1.1,h=8.0,n=30,start_thres=1.25,min_cluster_size=3",hub,0.25,50,11,40,1730,26,4,14,1726,0.65,0.0023121387283236,0.8666666666666667,0.1333333333333333,0.1344668634913184
fbc_tfnbs,"e=1.1,h=9.0,n=30,start_thres=1.25,min_cluster_size=3",hub,0.25,50,11,40,1730,26,4,14,1726,0.65,0.0023121387283236,0.8666666666666667,0.1333333333333333,0.1344668634913184
fbc_tfnbs,"e=1.1,h=10.0,n=30,start_thres=1.25,min_cluster_size=3",hub,0.25,50,11,40,1730,26,4,14,1726,0.65,0.0023121387283236,0.8666666666666667,0.1333333333333333,0.1344668634913184
fbc_tfnbs,"e=1.2,h=0.5,n=30,start_thres=1.25,min_cluster_size=3",hub,0.25,50,11,40,1730,7,0,33,1730,0.175,0.0,1.0,0.0,0.1344668634913184
fbc_tfnbs,"e=1.2,h=1.0,n=30,start_thres=1.25,min_cluster_size=3",hub,0.25,50,11,40,1730,11,1,29,1729,0.275,0.0005780346820809,0.9166666666666666,0.0833333333333333,0.1344668634913184
fbc_tfnbs,"e=1.2,h=2.0,n=30,start_thres=1.25,min_cluster_size=3",hub,0.25,50,11,40,1730,15,4,25,1726,0.375,0.0023121387283236,0.7894736842105263,0.2105263157894736,0.1344668634913184
fbc_tfnbs,"e=1.2,h=3.0,n=30,start_thres=1.25,min_cluster_size=3",hub,0.25,50,11,40,1730,18,4,22,1726,0.45,0.0023121387283236,0.8181818181818182,0.1818181818181818,0.1344668634913184
fbc_tfnbs,"e=1.2,h=4.0,n=30,start_thres=1.25,min_cluster_size=3",hub,0.25,50,11,40,1730,20,4,20,1726,0.5,0.0023121387283236,0.8333333333333334,0.1666666666666666,0.1344668634913184
fbc_tfnbs,"e=1.2,h=5.0,n=30,start_thres=1.25,min_cluster_size=3",hub,0.25,50,11,40,1730,24,5,16,1725,0.6,0.0028901734104046,0.8275862068965517,0.1724137931034483,0.1344668634913184
fbc_tfnbs,"e=1.2,h=6.0,n=30,start_thres=1.25,min_cluster_size=3",hub,0.25,50,11,40,1730,26,4,14,1726,0.65,0.0023121387283236,0.8666666666666667,0.1333333333333333,0.1344668634913184
fbc_tfnbs,"e=1.2,h=7.0,n=30,start_thres=1.25,min_cluster_size=3",hub,0.25,50,11,40,1730,26,5,14,1725,0.65,0.0028901734104046,0.8387096774193549,0.1612903225806451,0.1344668634913184
fbc_tfnbs,"e=1.2,h=8.0,n=30,start_thres=1.25,min_cluster_size=3",hub,0.25,50,11,40,1730,26,4,14,1726,0.65,0.0023121387283236,0.8666666666666667,0.1333333333333333,0.1344668634913184
fbc_tfnbs,"e=1.2,h=9.0,n=30,start_thres=1.25,min_cluster_size=3",hub,0.25,50,11,40,1730,26,4,14,1726,0.65,0.0023121387283236,0.8666666666666667,0.1333333333333333,0.1344668634913184
fbc_tfnbs,"e=1.2,h=10.0,n=30,start_thres=1.25,min_cluster_size=3",hub,0.25,50,11,40,1730,26,4,14,1726,0.65,0.0023121387283236,0.8666666666666667,0.1333333333333333,0.1344668634913184
fbc_tfnbs,"e=1.3,h=0.5,n=30,start_thres=1.25,min_cluster_size=3",hub,0.25,50,11,40,1730,7,0,33,1730,0.175,0.0,1.0,0.0,0.1344668634913184
fbc_tfnbs,"e=1.3,h=1.0,n=30,start_thres=1.25,min_cluster_size=3",hub,0.25,50,11,40,1730,7,0,33,1730,0.175,0.0,1.0,0.0,0.1344668634913184
fbc_tfnbs,"e=1.3,h=2.0,n=30,start_thres=1.25,min_cluster_size=3",hub,0.25,50,11,40,1730,15,4,25,1726,0.375,0.0023121387283236,0.7894736842105263,0.2105263157894736,0.1344668634913184
fbc_tfnbs,"e=1.3,h=3.0,n=30,start_thres=1.25,min_cluster_size=3",hub,0.25,50,11,40,1730,18,4,22,1726,0.45,0.0023121387283236,0.8181818181818182,0.1818181818181818,0.1344668634913184
fbc_tfnbs,"e=1.3,h=4.0,n=30,start_thres=1.25,min_cluster_size=3",hub,0.25,50,11,40,1730,19,4,21,1726,0.475,0.0023121387283236,0.8260869565217391,0.1739130434782608,0.1344668634913184
fbc_tfnbs,"e=1.3,h=5.0,n=30,start_thres=1.25,min_cluster_size=3",hub,0.25,50,11,40,1730,24,5,16,1725,0.6,0.0028901734104046,0.8275862068965517,0.1724137931034483,0.1344668634913184
fbc_tfnbs,"e=1.3,h=6.0,n=30,start_thres=1.25,min_cluster_size=3",hub,0.25,50,11,40,1730,26,5,14,1725,0.65,0.0028901734104046,0.8387096774193549,0.1612903225806451,0.1344668634913184
fbc_tfnbs,"e=1.3,h=7.0,n=30,start_thres=1.25,min_cluster_size=3",hub,0.25,50,11,40,1730,26,5,14,1725,0.65,0.0028901734104046,0.8387096774193549,0.1612903225806451,0.1344668634913184
fbc_tfnbs,"e=1.3,h=8.0,n=30,start_thres=1.25,min_cluster_size=3",hub,0.25,50,11,40,1730,26,5,14,1725,0.65,0.0028901734104046,0.8387096774193549,0.1612903225806451,0.1344668634913184
fbc_tfnbs,"e=1.3,h=9.0,n=30,start_thres=1.25,min_cluster_size=3",hub,0.25,50,11,40,1730,26,5,14,1725,0.65,0.0028901734104046,0.8387096774193549,0.1612903225806451,0.1344668634913184
fbc_tfnbs,"e=1.3,h=10.0,n=30,start_thres=1.25,min_cluster_size=3",hub,0.25,50,11,40,1730,26,4,14,1726,0.65,0.0023121387283236,0.8666666666666667,0.1333333333333333,0.1344668634913184
fbc_tfnbs,"e=1.4,h=0.5,n=30,start_thres=1.25,min_cluster_size=3",hub,0.25,50,11,40,1730,6,0,34,1730,0.15,0.0,1.0,0.0,0.1344668634913184
fbc_tfnbs,"e=1.4,h=1.0,n=30,start_thres=1.25,min_cluster_size=3",hub,0.25,50,11,40,1730,7,0,33,1730,0.175,0.0,1.0,0.0,0.1344668634913184
fbc_tfnbs,"e=1.4,h=2.0,n=30,start_thres=1.25,min_cluster_size=3",hub,0.25,50,11,40,1730,14,1,26,1729,0.35,0.0005780346820809,0.9333333333333332,0.0666666666666666,0.1344668634913184
fbc_tfnbs,"e=1.4,h=3.0,n=30,start_thres=1.25,min_cluster_size=3",hub,0.25,50,11,40,1730,15,4,25,1726,0.375,0.0023121387283236,0.7894736842105263,0.2105263157894736,0.1344668634913184
fbc_tfnbs,"e=1.4,h=4.0,n=30,start_thres=1.25,min_cluster_size=3",hub,0.25,50,11,40,1730,18,4,22,1726,0.45,0.0023121387283236,0.8181818181818182,0.1818181818181818,0.1344668634913184
fbc_tfnbs,"e=1.4,h=5.0,n=30,start_thres=1.25,min_cluster_size=3",hub,0.25,50,11,40,1730,24,5,16,1725,0.6,0.0028901734104046,0.8275862068965517,0.1724137931034483,0.1344668634913184
fbc_tfnbs,"e=1.4,h=6.0,n=30,start_thres=1.25,min_cluster_size=3",hub,0.25,50,11,40,1730,24,5,16,1725,0.6,0.0028901734104046,0.8275862068965517,0.1724137931034483,0.1344668634913184
fbc_tfnbs,"e=1.4,h=7.0,n=30,start_thres=1.25,min_cluster_size=3",hub,0.25,50,11,40,1730,26,5,14,1725,0.65,0.0028901734104046,0.8387096774193549,0.1612903225806451,0.1344668634913184
fbc_tfnbs,"e=1.4,h=8.0,n=30,start_thres=1.25,min_cluster_size=3",hub,0.25,50,11,40,1730,26,5,14,1725,0.65,0.0028901734104046,0.8387096774193549,0.1612903225806451,0.1344668634913184
fbc_tfnbs,"e=1.4,h=9.0,n=30,start_thres=1.25,min_cluster_size=3",hub,0.25,50,11,40,1730,26,5,14,1725,0.65,0.0028901734104046,0.8387096774193549,0.1612903225806451,0.1344668634913184
fbc_tfnbs,"e=1.4,h=10.0,n=30,start_thres=1.25,min_cluster_size=3",hub,0.25,50,11,40,1730,26,5,14,1725,0.65,0.0028901734104046,0.8387096774193549,0.1612903225806451,0.1344668634913184
fbc_tfnbs,"e=1.5,h=0.5,n=30,start_thres=1.25,min_cluster_size=3",hub,0.25,50,11,40,1730,6,0,34,1730,0.15,0.0,1.0,0.0,0.1344668634913184
fbc_tfnbs,"e=1.5,h=1.0,n=30,start_thres=1.25,min_cluster_size=3",hub,0.25,50,11,40,1730,7,0,33,1730,0.175,0.0,1.0,0.0,0.1344668634913184
fbc_tfnbs,"e=1.5,h=2.0,n=30,start_thres=1.25,min_cluster_size=3",hub,0.25,50,11,40,1730,11,1,29,1729,0.275,0.0005780346820809,0.9166666666666666,0.0833333333333333,0.1344668634913184
fbc_tfnbs,"e=1.5,h=3.0,n=30,start_thres=1.25,min_cluster_size=3",hub,0.25,50,11,40,1730,15,4,25,1726,0.375,0.0023121387283236,0.7894736842105263,0.2105263157894736,0.1344668634913184
fbc_tfnbs,"e=1.5,h=4.0,n=30,start_thres=1.25,min_cluster_size=3",hub,0.25,50,11,40,1730,18,4,22,1726,0.45,0.0023121387283236,0.8181818181818182,0.1818181818181818,0.1344668634913184
fbc_tfnbs,"e=1.5,h=5.0,n=30,start_thres=1.25,min_cluster_size=3",hub,0.25,50,11,40,1730,20,5,20,1725,0.5,0.0028901734104046,0.8,0.2,0.1344668634913184
fbc_tfnbs,"e=1.5,h=6.0,n=30,start_thres=1.25,min_cluster_size=3",hub,0.25,50,11,40,1730,24,5,16,1725,0.6,0.0028901734104046,0.8275862068965517,0.1724137931034483,0.1344668634913184
fbc_tfnbs,"e=1.5,h=7.0,n=30,start_thres=1.25,min_cluster_size=3",hub,0.25,50,11,40,1730,26,5,14,1725,0.65,0.0028901734104046,0.8387096774193549,0.1612903225806451,0.1344668634913184
fbc_tfnbs,"e=1.5,h=8.0,n=30,start_thres=1.25,min_cluster_size=3",hub,0.25,50,11,40,1730,26,5,14,1725,0.65,0.0028901734104046,0.8387096774193549,0.1612903225806451,0.1344668634913184
fbc_tfnbs,"e=1.5,h=9.0,n=30,start_thres=1.25,min_cluster_size=3",hub,0.25,50,11,40,1730,26,5,14,1725,0.65,0.0028901734104046,0.8387096774193549,0.1612903225806451,0.1344668634913184
fbc_tfnbs,"e=1.5,h=10.0,n=30,start_thres=1.25,min_cluster_size=3",hub,0.25,50,11,40,1730,26,5,14,1725,0.65,0.0028901734104046,0.8387096774193549,0.1612903225806451,0.1344668634913184
fbc_tfnbs,"e=0.05,h=0.5,n=30,start_thres=1.25,min_cluster_size=3",hub,0.25,50,12,40,1730,15,0,25,1730,0.375,0.0,1.0,0.0,0.1368379308418794
fbc_tfnbs,"e=0.05,h=1.0,n=30,start_thres=1.25,min_cluster_size=3",hub,0.25,50,12,40,1730,15,0,25,1730,0.375,0.0,1.0,0.0,0.1368379308418794
fbc_tfnbs,"e=0.05,h=2.0,n=30,start_thres=1.25,min_cluster_size=3",hub,0.25,50,12,40,1730,15,0,25,1730,0.375,0.0,1.0,0.0,0.1368379308418794
fbc_tfnbs,"e=0.05,h=3.0,n=30,start_thres=1.25,min_cluster_size=3",hub,0.25,50,12,40,1730,18,0,22,1730,0.45,0.0,1.0,0.0,0.1368379308418794
fbc_tfnbs,"e=0.05,h=4.0,n=30,start_thres=1.25,min_cluster_size=3",hub,0.25,50,12,40,1730,18,3,22,1727,0.45,0.0017341040462427,0.8571428571428571,0.1428571428571428,0.1368379308418794
fbc_tfnbs,"e=0.05,h=5.0,n=30,start_thres=1.25,min_cluster_size=3",hub,0.25,50,12,40,1730,18,3,22,1727,0.45,0.0017341040462427,0.8571428571428571,0.1428571428571428,0.1368379308418794
fbc_tfnbs,"e=0.05,h=6.0,n=30,start_thres=1.25,min_cluster_size=3",hub,0.25,50,12,40,1730,18,3,22,1727,0.45,0.0017341040462427,0.8571428571428571,0.1428571428571428,0.1368379308418794
fbc_tfnbs,"e=0.05,h=7.0,n=30,start_thres=1.25,min_cluster_size=3",hub,0.25,50,12,40,1730,18,3,22,1727,0.45,0.0017341040462427,0.8571428571428571,0.1428571428571428,0.1368379308418794
fbc_tfnbs,"e=0.05,h=8.0,n=30,start_thres=1.25,min_cluster_size=3",hub,0.25,50,12,40,1730,18,3,22,1727,0.45,0.0017341040462427,0.8571428571428571,0.1428571428571428,0.1368379308418794
fbc_tfnbs,"e=0.05,h=9.0,n=30,start_thres=1.25,min_cluster_size=3",hub,0.25,50,12,40,1730,18,3,22,1727,0.45,0.0017341040462427,0.8571428571428571,0.1428571428571428,0.1368379308418794
fbc_tfnbs,"e=0.05,h=10.0,n=30,start_thres=1.25,min_cluster_size=3",hub,0.25,50,12,40,1730,18,3,22,1727,0.45,0.0017341040462427,0.8571428571428571,0.1428571428571428,0.1368379308418794
fbc_tfnbs,"e=0.1,h=0.5,n=30,start_thres=1.25,min_cluster_size=3",hub,0.25,50,12,40,1730,15,0,25,1730,0.375,0.0,1.0,0.0,0.1368379308418794
fbc_tfnbs,"e=0.1,h=1.0,n=30,start_thres=1.25,min_cluster_size=3",hub,0.25,50,12,40,1730,15,0,25,1730,0.375,0.0,1.0,0.0,0.1368379308418794
fbc_tfnbs,"e=0.1,h=2.0,n=30,start_thres=1.25,min_cluster_size=3",hub,0.25,50,12,40,1730,15,0,25,1730,0.375,0.0,1.0,0.0,0.1368379308418794
fbc_tfnbs,"e=0.1,h=3.0,n=30,start_thres=1.25,min_cluster_size=3",hub,0.25,50,12,40,1730,15,0,25,1730,0.375,0.0,1.0,0.0,0.1368379308418794
fbc_tfnbs,"e=0.1,h=4.0,n=30,start_thres=1.25,min_cluster_size=3",hub,0.25,50,12,40,1730,18,0,22,1730,0.45,0.0,1.0,0.0,0.1368379308418794
fbc_tfnbs,"e=0.1,h=5.0,n=30,start_thres=1.25,min_cluster_size=3",hub,0.25,50,12,40,1730,18,0,22,1730,0.45,0.0,1.0,0.0,0.1368379308418794
fbc_tfnbs,"e=0.1,h=6.0,n=30,start_thres=1.25,min_cluster_size=3",hub,0.25,50,12,40,1730,18,0,22,1730,0.45,0.0,1.0,0.0,0.1368379308418794
fbc_tfnbs,"e=0.1,h=7.0,n=30,start_thres=1.25,min_cluster_size=3",hub,0.25,50,12,40,1730,18,0,22,1730,0.45,0.0,1.0,0.0,0.1368379308418794
fbc_tfnbs,"e=0.1,h=8.0,n=30,start_thres=1.25,min_cluster_size=3",hub,0.25,50,12,40,1730,18,3,22,1727,0.45,0.0017341040462427,0.8571428571428571,0.1428571428571428,0.1368379308418794
fbc_tfnbs,"e=0.1,h=9.0,n=30,start_thres=1.25,min_cluster_size=3",hub,0.25,50,12,40,1730,18,3,22,1727,0.45,0.0017341040462427,0.8571428571428571,0.1428571428571428,0.1368379308418794
fbc_tfnbs,"e=0.1,h=10.0,n=30,start_thres=1.25,min_cluster_size=3",hub,0.25,50,12,40,1730,18,3,22,1727,0.45,0.0017341040462427,0.8571428571428571,0.1428571428571428,0.1368379308418794
fbc_tfnbs,"e=0.2,h=0.5,n=30,start_thres=1.25,min_cluster_size=3",hub,0.25,50,12,40,1730,15,0,25,1730,0.375,0.0,1.0,0.0,0.1368379308418794
fbc_tfnbs,"e=0.2,h=1.0,n=30,start_thres=1.25,min_cluster_size=3",hub,0.25,50,12,40,1730,15,0,25,1730,0.375,0.0,1.0,0.0,0.1368379308418794
fbc_tfnbs,"e=0.2,h=2.0,n=30,start_thres=1.25,min_cluster_size=3",hub,0.25,50,12,40,1730,15,0,25,1730,0.375,0.0,1.0,0.0,0.1368379308418794
fbc_tfnbs,"e=0.2,h=3.0,n=30,start_thres=1.25,min_cluster_size=3",hub,0.25,50,12,40,1730,15,0,25,1730,0.375,0.0,1.0,0.0,0.1368379308418794
fbc_tfnbs,"e=0.2,h=4.0,n=30,start_thres=1.25,min_cluster_size=3",hub,0.25,50,12,40,1730,15,0,25,1730,0.375,0.0,1.0,0.0,0.1368379308418794
fbc_tfnbs,"e=0.2,h=5.0,n=30,start_thres=1.25,min_cluster_size=3",hub,0.25,50,12,40,1730,18,0,22,1730,0.45,0.0,1.0,0.0,0.1368379308418794
fbc_tfnbs,"e=0.2,h=6.0,n=30,start_thres=1.25,min_cluster_size=3",hub,0.25,50,12,40,1730,18,0,22,1730,0.45,0.0,1.0,0.0,0.1368379308418794
fbc_tfnbs,"e=0.2,h=7.0,n=30,start_thres=1.25,min_cluster_size=3",hub,0.25,50,12,40,1730,18,0,22,1730,0.45,0.0,1.0,0.0,0.1368379308418794
fbc_tfnbs,"e=0.2,h=8.0,n=30,start_thres=1.25,min_cluster_size=3",hub,0.25,50,12,40,1730,18,0,22,1730,0.45,0.0,1.0,0.0,0.1368379308418794
fbc_tfnbs,"e=0.2,h=9.0,n=30,start_thres=1.25,min_cluster_size=3",hub,0.25,50,12,40,1730,18,0,22,1730,0.45,0.0,1.0,0.0,0.1368379308418794
fbc_tfnbs,"e=0.2,h=10.0,n=30,start_thres=1.25,min_cluster_size=3",hub,0.25,50,12,40,1730,18,0,22,1730,0.45,0.0,1.0,0.0,0.1368379308418794
fbc_tfnbs,"e=0.3,h=0.5,n=30,start_thres=1.25,min_cluster_size=3",hub,0.25,50,12,40,1730,15,0,25,1730,0.375,0.0,1.0,0.0,0.1368379308418794
fbc_tfnbs,"e=0.3,h=1.0,n=30,start_thres=1.25,min_cluster_size=3",hub,0.25,50,12,40,1730,15,0,25,1730,0.375,0.0,1.0,0.0,0.1368379308418794
fbc_tfnbs,"e=0.3,h=2.0,n=30,start_thres=1.25,min_cluster_size=3",hub,0.25,50,12,40,1730,15,0,25,1730,0.375,0.0,1.0,0.0,0.1368379308418794
fbc_tfnbs,"e=0.3,h=3.0,n=30,start_thres=1.25,min_cluster_size=3",hub,0.25,50,12,40,1730,15,0,25,1730,0.375,0.0,1.0,0.0,0.1368379308418794
fbc_tfnbs,"e=0.3,h=4.0,n=30,start_thres=1.25,min_cluster_size=3",hub,0.25,50,12,40,1730,15,0,25,1730,0.375,0.0,1.0,0.0,0.1368379308418794
fbc_tfnbs,"e=0.3,h=5.0,n=30,start_thres=1.25,min_cluster_size=3",hub,0.25,50,12,40,1730,18,0,22,1730,0.45,0.0,1.0,0.0,0.1368379308418794
fbc_tfnbs,"e=0.3,h=6.0,n=30,start_thres=1.25,min_cluster_size=3",hub,0.25,50,12,40,1730,18,0,22,1730,0.45,0.0,1.0,0.0,0.1368379308418794
fbc_tfnbs,"e=0.3,h=7.0,n=30,start_thres=1.25,min_cluster_size=3",hub,0.25,50,12,40,1730,18,0,22,1730,0.45,0.0,1.0,0.0,0.1368379308418794
fbc_tfnbs,"e=0.3,h=8.0,n=30,start_thres=1.25,min_cluster_size=3",hub,0.25,50,12,40,1730,18,0,22,1730,0.45,0.0,1.0,0.0,0.1368379308418794
fbc_tfnbs,"e=0.3,h=9.0,n=30,start_thres=1.25,min_cluster_size=3",hub,0.25,50,12,40,1730,18,0,22,1730,0.45,0.0,1.0,0.0,0.1368379308418794
fbc_tfnbs,"e=0.3,h=10.0,n=30,start_thres=1.25,min_cluster_size=3",hub,0.25,50,12,40,1730,18,0,22,1730,0.45,0.0,1.0,0.0,0.1368379308418794
fbc_tfnbs,"e=0.4,h=0.5,n=30,start_thres=1.25,min_cluster_size=3",hub,0.25,50,12,40,1730,16,0,24,1730,0.4,0.0,1.0,0.0,0.1368379308418794
fbc_tfnbs,"e=0.4,h=1.0,n=30,start_thres=1.25,min_cluster_size=3",hub,0.25,50,12,40,1730,16,0,24,1730,0.4,0.0,1.0,0.0,0.1368379308418794
fbc_tfnbs,"e=0.4,h=2.0,n=30,start_thres=1.25,min_cluster_size=3",hub,0.25,50,12,40,1730,16,0,24,1730,0.4,0.0,1.0,0.0,0.1368379308418794
fbc_tfnbs,"e=0.4,h=3.0,n=30,start_thres=1.25,min_cluster_size=3",hub,0.25,50,12,40,1730,16,0,24,1730,0.4,0.0,1.0,0.0,0.1368379308418794
fbc_tfnbs,"e=0.4,h=4.0,n=30,start_thres=1.25,min_cluster_size=3",hub,0.25,50,12,40,1730,16,0,24,1730,0.4,0.0,1.0,0.0,0.1368379308418794
fbc_tfnbs,"e=0.4,h=5.0,n=30,start_thres=1.25,min_cluster_size=3",hub,0.25,50,12,40,1730,16,0,24,1730,0.4,0.0,1.0,0.0,0.1368379308418794
fbc_tfnbs,"e=0.4,h=6.0,n=30,start_thres=1.25,min_cluster_size=3",hub,0.25,50,12,40,1730,19,0,21,1730,0.475,0.0,1.0,0.0,0.1368379308418794
fbc_tfnbs,"e=0.4,h=7.0,n=30,start_thres=1.25,min_cluster_size=3",hub,0.25,50,12,40,1730,18,0,22,1730,0.45,0.0,1.0,0.0,0.1368379308418794
fbc_tfnbs,"e=0.4,h=8.0,n=30,start_thres=1.25,min_cluster_size=3",hub,0.25,50,12,40,1730,18,0,22,1730,0.45,0.0,1.0,0.0,0.1368379308418794
fbc_tfnbs,"e=0.4,h=9.0,n=30,start_thres=1.25,min_cluster_size=3",hub,0.25,50,12,40,1730,18,0,22,1730,0.45,0.0,1.0,0.0,0.1368379308418794
fbc_tfnbs,"e=0.4,h=10.0,n=30,start_thres=1.25,min_cluster_size=3",hub,0.25,50,12,40,1730,18,0,22,1730,0.45,0.0,1.0,0.0,0.1368379308418794
fbc_tfnbs,"e=0.5,h=0.5,n=30,start_thres=1.25,min_cluster_size=3",hub,0.25,50,12,40,1730,16,0,24,1730,0.4,0.0,1.0,0.0,0.1368379308418794
fbc_tfnbs,"e=0.5,h=1.0,n=30,start_thres=1.25,min_cluster_size=3",hub,0.25,50,12,40,1730,16,0,24,1730,0.4,0.0,1.0,0.0,0.1368379308418794
fbc_tfnbs,"e=0.5,h=2.0,n=30,start_thres=1.25,min_cluster_size=3",hub,0.25,50,12,40,1730,16,0,24,1730,0.4,0.0,1.0,0.0,0.1368379308418794
fbc_tfnbs,"e=0.5,h=3.0,n=30,start_thres=1.25,min_cluster_size=3",hub,0.25,50,12,40,1730,16,0,24,1730,0.4,0.0,1.0,0.0,0.1368379308418794
fbc_tfnbs,"e=0.5,h=4.0,n=30,start_thres=1.25,min_cluster_size=3",hub,0.25,50,12,40,1730,16,0,24,1730,0.4,0.0,1.0,0.0,0.1368379308418794
fbc_tfnbs,"e=0.5,h=5.0,n=30,start_thres=1.25,min_cluster_size=3",hub,0.25,50,12,40,1730,16,0,24,1730,0.4,0.0,1.0,0.0,0.1368379308418794
fbc_tfnbs,"e=0.5,h=6.0,n=30,start_thres=1.25,min_cluster_size=3",hub,0.25,50,12,40,1730,16,0,24,1730,0.4,0.0,1.0,0.0,0.1368379308418794
fbc_tfnbs,"e=0.5,h=7.0,n=30,start_thres=1.25,min_cluster_size=3",hub,0.25,50,12,40,1730,19,0,21,1730,0.475,0.0,1.0,0.0,0.1368379308418794
fbc_tfnbs,"e=0.5,h=8.0,n=30,start_thres=1.25,min_cluster_size=3",hub,0.25,50,12,40,1730,19,0,21,1730,0.475,0.0,1.0,0.0,0.1368379308418794
fbc_tfnbs,"e=0.5,h=9.0,n=30,start_thres=1.25,min_cluster_size=3",hub,0.25,50,12,40,1730,19,0,21,1730,0.475,0.0,1.0,0.0,0.1368379308418794
fbc_tfnbs,"e=0.5,h=10.0,n=30,start_thres=1.25,min_cluster_size=3",hub,0.25,50,12,40,1730,18,0,22,1730,0.45,0.0,1.0,0.0,0.1368379308418794
fbc_tfnbs,"e=0.6,h=0.5,n=30,start_thres=1.25,min_cluster_size=3",hub,0.25,50,12,40,1730,16,0,24,1730,0.4,0.0,1.0,0.0,0.1368379308418794
fbc_tfnbs,"e=0.6,h=1.0,n=30,start_thres=1.25,min_cluster_size=3",hub,0.25,50,12,40,1730,16,0,24,1730,0.4,0.0,1.0,0.0,0.1368379308418794
fbc_tfnbs,"e=0.6,h=2.0,n=30,start_thres=1.25,min_cluster_size=3",hub,0.25,50,12,40,1730,16,0,24,1730,0.4,0.0,1.0,0.0,0.1368379308418794
fbc_tfnbs,"e=0.6,h=3.0,n=30,start_thres=1.25,min_cluster_size=3",hub,0.25,50,12,40,1730,16,0,24,1730,0.4,0.0,1.0,0.0,0.1368379308418794
fbc_tfnbs,"e=0.6,h=4.0,n=30,start_thres=1.25,min_cluster_size=3",hub,0.25,50,12,40,1730,16,0,24,1730,0.4,0.0,1.0,0.0,0.1368379308418794
fbc_tfnbs,"e=0.6,h=5.0,n=30,start_thres=1.25,min_cluster_size=3",hub,0.25,50,12,40,1730,16,0,24,1730,0.4,0.0,1.0,0.0,0.1368379308418794
fbc_tfnbs,"e=0.6,h=6.0,n=30,start_thres=1.25,min_cluster_size=3",hub,0.25,50,12,40,1730,16,0,24,1730,0.4,0.0,1.0,0.0,0.1368379308418794
fbc_tfnbs,"e=0.6,h=7.0,n=30,start_thres=1.25,min_cluster_size=3",hub,0.25,50,12,40,1730,16,0,24,1730,0.4,0.0,1.0,0.0,0.1368379308418794
fbc_tfnbs,"e=0.6,h=8.0,n=30,start_thres=1.25,min_cluster_size=3",hub,0.25,50,12,40,1730,19,0,21,1730,0.475,0.0,1.0,0.0,0.1368379308418794
fbc_tfnbs,"e=0.6,h=9.0,n=30,start_thres=1.25,min_cluster_size=3",hub,0.25,50,12,40,1730,19,0,21,1730,0.475,0.0,1.0,0.0,0.1368379308418794
fbc_tfnbs,"e=0.6,h=10.0,n=30,start_thres=1.25,min_cluster_size=3",hub,0.25,50,12,40,1730,19,0,21,1730,0.475,0.0,1.0,0.0,0.1368379308418794
fbc_tfnbs,"e=0.7,h=0.5,n=30,start_thres=1.25,min_cluster_size=3",hub,0.25,50,12,40,1730,15,0,25,1730,0.375,0.0,1.0,0.0,0.1368379308418794
fbc_tfnbs,"e=0.7,h=1.0,n=30,start_thres=1.25,min_cluster_size=3",hub,0.25,50,12,40,1730,16,0,24,1730,0.4,0.0,1.0,0.0,0.1368379308418794
fbc_tfnbs,"e=0.7,h=2.0,n=30,start_thres=1.25,min_cluster_size=3",hub,0.25,50,12,40,1730,16,0,24,1730,0.4,0.0,1.0,0.0,0.1368379308418794
fbc_tfnbs,"e=0.7,h=3.0,n=30,start_thres=1.25,min_cluster_size=3",hub,0.25,50,12,40,1730,16,0,24,1730,0.4,0.0,1.0,0.0,0.1368379308418794
fbc_tfnbs,"e=0.7,h=4.0,n=30,start_thres=1.25,min_cluster_size=3",hub,0.25,50,12,40,1730,16,0,24,1730,0.4,0.0,1.0,0.0,0.1368379308418794
fbc_tfnbs,"e=0.7,h=5.0,n=30,start_thres=1.25,min_cluster_size=3",hub,0.25,50,12,40,1730,16,0,24,1730,0.4,0.0,1.0,0.0,0.1368379308418794
fbc_tfnbs,"e=0.7,h=6.0,n=30,start_thres=1.25,min_cluster_size=3",hub,0.25,50,12,40,1730,16,0,24,1730,0.4,0.0,1.0,0.0,0.1368379308418794
fbc_tfnbs,"e=0.7,h=7.0,n=30,start_thres=1.25,min_cluster_size=3",hub,0.25,50,12,40,1730,16,0,24,1730,0.4,0.0,1.0,0.0,0.1368379308418794
fbc_tfnbs,"e=0.7,h=8.0,n=30,start_thres=1.25,min_cluster_size=3",hub,0.25,50,12,40,1730,16,0,24,1730,0.4,0.0,1.0,0.0,0.1368379308418794
fbc_tfnbs,"e=0.7,h=9.0,n=30,start_thres=1.25,min_cluster_size=3",hub,0.25,50,12,40,1730,19,0,21,1730,0.475,0.0,1.0,0.0,0.1368379308418794
fbc_tfnbs,"e=0.7,h=10.0,n=30,start_thres=1.25,min_cluster_size=3",hub,0.25,50,12,40,1730,19,0,21,1730,0.475,0.0,1.0,0.0,0.1368379308418794
fbc_tfnbs,"e=0.8,h=0.5,n=30,start_thres=1.25,min_cluster_size=3",hub,0.25,50,12,40,1730,15,0,25,1730,0.375,0.0,1.0,0.0,0.1368379308418794
fbc_tfnbs,"e=0.8,h=1.0,n=30,start_thres=1.25,min_cluster_size=3",hub,0.25,50,12,40,1730,15,0,25,1730,0.375,0.0,1.0,0.0,0.1368379308418794
fbc_tfnbs,"e=0.8,h=2.0,n=30,start_thres=1.25,min_cluster_size=3",hub,0.25,50,12,40,1730,16,0,24,1730,0.4,0.0,1.0,0.0,0.1368379308418794
fbc_tfnbs,"e=0.8,h=3.0,n=30,start_thres=1.25,min_cluster_size=3",hub,0.25,50,12,40,1730,16,0,24,1730,0.4,0.0,1.0,0.0,0.1368379308418794
fbc_tfnbs,"e=0.8,h=4.0,n=30,start_thres=1.25,min_cluster_size=3",hub,0.25,50,12,40,1730,16,0,24,1730,0.4,0.0,1.0,0.0,0.1368379308418794
fbc_tfnbs,"e=0.8,h=5.0,n=30,start_thres=1.25,min_cluster_size=3",hub,0.25,50,12,40,1730,16,0,24,1730,0.4,0.0,1.0,0.0,0.1368379308418794
fbc_tfnbs,"e=0.8,h=6.0,n=30,start_thres=1.25,min_cluster_size=3",hub,0.25,50,12,40,1730,16,0,24,1730,0.4,0.0,1.0,0.0,0.1368379308418794
fbc_tfnbs,"e=0.8,h=7.0,n=30,start_thres=1.25,min_cluster_size=3",hub,0.25,50,12,40,1730,16,0,24,1730,0.4,0.0,1.0,0.0,0.1368379308418794
fbc_tfnbs,"e=0.8,h=8.0,n=30,start_thres=1.25,min_cluster_size=3",hub,0.25,50,12,40,1730,16,0,24,1730,0.4,0.0,1.0,0.0,0.1368379308418794
fbc_tfnbs,"e=0.8,h=9.0,n=30,start_thres=1.25,min_cluster_size=3",hub,0.25,50,12,40,1730,16,0,24,1730,0.4,0.0,1.0,0.0,0.1368379308418794
fbc_tfnbs,"e=0.8,h=10.0,n=30,start_thres=1.25,min_cluster_size=3",hub,0.25,50,12,40,1730,19,0,21,1730,0.475,0.0,1.0,0.0,0.1368379308418794
fbc_tfnbs,"e=0.9,h=0.5,n=30,start_thres=1.25,min_cluster_size=3",hub,0.25,50,12,40,1730,12,0,28,1730,0.3,0.0,1.0,0.0,0.1368379308418794
fbc_tfnbs,"e=0.9,h=1.0,n=30,start_thres=1.25,min_cluster_size=3",hub,0.25,50,12,40,1730,15,0,25,1730,0.375,0.0,1.0,0.0,0.1368379308418794
fbc_tfnbs,"e=0.9,h=2.0,n=30,start_thres=1.25,min_cluster_size=3",hub,0.25,50,12,40,1730,17,0,23,1730,0.425,0.0,1.0,0.0,0.1368379308418794
fbc_tfnbs,"e=0.9,h=3.0,n=30,start_thres=1.25,min_cluster_size=3",hub,0.25,50,12,40,1730,17,0,23,1730,0.425,0.0,1.0,0.0,0.1368379308418794
fbc_tfnbs,"e=0.9,h=4.0,n=30,start_thres=1.25,min_cluster_size=3",hub,0.25,50,12,40,1730,17,0,23,1730,0.425,0.0,1.0,0.0,0.1368379308418794
fbc_tfnbs,"e=0.9,h=5.0,n=30,start_thres=1.25,min_cluster_size=3",hub,0.25,50,12,40,1730,17,0,23,1730,0.425,0.0,1.0,0.0,0.1368379308418794
fbc_tfnbs,"e=0.9,h=6.0,n=30,start_thres=1.25,min_cluster_size=3",hub,0.25,50,12,40,1730,17,0,23,1730,0.425,0.0,1.0,0.0,0.1368379308418794
fbc_tfnbs,"e=0.9,h=7.0,n=30,start_thres=1.25,min_cluster_size=3",hub,0.25,50,12,40,1730,16,0,24,1730,0.4,0.0,1.0,0.0,0.1368379308418794
fbc_tfnbs,"e=0.9,h=8.0,n=30,start_thres=1.25,min_cluster_size=3",hub,0.25,50,12,40,1730,16,0,24,1730,0.4,0.0,1.0,0.0,0.1368379308418794
fbc_tfnbs,"e=0.9,h=9.0,n=30,start_thres=1.25,min_cluster_size=3",hub,0.25,50,12,40,1730,16,0,24,1730,0.4,0.0,1.0,0.0,0.1368379308418794
fbc_tfnbs,"e=0.9,h=10.0,n=30,start_thres=1.25,min_cluster_size=3",hub,0.25,50,12,40,1730,16,0,24,1730,0.4,0.0,1.0,0.0,0.1368379308418794
fbc_tfnbs,"e=1.0,h=0.5,n=30,start_thres=1.25,min_cluster_size=3",hub,0.25,50,12,40,1730,12,0,28,1730,0.3,0.0,1.0,0.0,0.1368379308418794
fbc_tfnbs,"e=1.0,h=1.0,n=30,start_thres=1.25,min_cluster_size=3",hub,0.25,50,12,40,1730,12,0,28,1730,0.3,0.0,1.0,0.0,0.1368379308418794
fbc_tfnbs,"e=1.0,h=2.0,n=30,start_thres=1.25,min_cluster_size=3",hub,0.25,50,12,40,1730,17,0,23,1730,0.425,0.0,1.0,0.0,0.1368379308418794
fbc_tfnbs,"e=1.0,h=3.0,n=30,start_thres=1.25,min_cluster_size=3",hub,0.25,50,12,40,1730,17,0,23,1730,0.425,0.0,1.0,0.0,0.1368379308418794
fbc_tfnbs,"e=1.0,h=4.0,n=30,start_thres=1.25,min_cluster_size=3",hub,0.25,50,12,40,1730,17,0,23,1730,0.425,0.0,1.0,0.0,0.1368379308418794
fbc_tfnbs,"e=1.0,h=5.0,n=30,start_thres=1.25,min_cluster_size=3",hub,0.25,50,12,40,1730,17,0,23,1730,0.425,0.0,1.0,0.0,0.1368379308418794
fbc_tfnbs,"e=1.0,h=6.0,n=30,start_thres=1.25,min_cluster_size=3",hub,0.25,50,12,40,1730,17,0,23,1730,0.425,0.0,1.0,0.0,0.1368379308418794
fbc_tfnbs,"e=1.0,h=7.0,n=30,start_thres=1.25,min_cluster_size=3",hub,0.25,50,12,40,1730,17,0,23,1730,0.425,0.0,1.0,0.0,0.1368379308418794
fbc_tfnbs,"e=1.0,h=8.0,n=30,start_thres=1.25,min_cluster_size=3",hub,0.25,50,12,40,1730,17,0,23,1730,0.425,0.0,1.0,0.0,0.1368379308418794
fbc_tfnbs,"e=1.0,h=9.0,n=30,start_thres=1.25,min_cluster_size=3",hub,0.25,50,12,40,1730,16,0,24,1730,0.4,0.0,1.0,0.0,0.1368379308418794
fbc_tfnbs,"e=1.0,h=10.0,n=30,start_thres=1.25,min_cluster_size=3",hub,0.25,50,12,40,1730,16,0,24,1730,0.4,0.0,1.0,0.0,0.1368379308418794
fbc_tfnbs,"e=1.1,h=0.5,n=30,start_thres=1.25,min_cluster_size=3",hub,0.25,50,12,40,1730,11,0,29,1730,0.275,0.0,1.0,0.0,0.1368379308418794
fbc_tfnbs,"e=1.1,h=1.0,n=30,start_thres=1.25,min_cluster_size=3",hub,0.25,50,12,40,1730,12,0,28,1730,0.3,0.0,1.0,0.0,0.1368379308418794
fbc_tfnbs,"e=1.1,h=2.0,n=30,start_thres=1.25,min_cluster_size=3",hub,0.25,50,12,40,1730,16,0,24,1730,0.4,0.0,1.0,0.0,0.1368379308418794
fbc_tfnbs,"e=1.1,h=3.0,n=30,start_thres=1.25,min_cluster_size=3",hub,0.25,50,12,40,1730,17,0,23,1730,0.425,0.0,1.0,0.0,0.1368379308418794
fbc_tfnbs,"e=1.1,h=4.0,n=30,start_thres=1.25,min_cluster_size=3",hub,0.25,50,12,40,1730,17,0,23,1730,0.425,0.0,1.0,0.0,0.1368379308418794
fbc_tfnbs,"e=1.1,h=5.0,n=30,start_thres=1.25,min_cluster_size=3",hub,0.25,50,12,40,1730,17,0,23,1730,0.425,0.0,1.0,0.0,0.1368379308418794
fbc_tfnbs,"e=1.1,h=6.0,n=30,start_thres=1.25,min_cluster_size=3",hub,0.25,50,12,40,1730,17,0,23,1730,0.425,0.0,1.0,0.0,0.1368379308418794
fbc_tfnbs,"e=1.1,h=7.0,n=30,start_thres=1.25,min_cluster_size=3",hub,0.25,50,12,40,1730,17,0,23,1730,0.425,0.0,1.0,0.0,0.1368379308418794
fbc_tfnbs,"e=1.1,h=8.0,n=30,start_thres=1.25,min_cluster_size=3",hub,0.25,50,12,40,1730,17,0,23,1730,0.425,0.0,1.0,0.0,0.1368379308418794
fbc_tfnbs,"e=1.1,h=9.0,n=30,start_thres=1.25,min_cluster_size=3",hub,0.25,50,12,40,1730,17,0,23,1730,0.425,0.0,1.0,0.0,0.1368379308418794
fbc_tfnbs,"e=1.1,h=10.0,n=30,start_thres=1.25,min_cluster_size=3",hub,0.25,50,12,40,1730,16,0,24,1730,0.4,0.0,1.0,0.0,0.1368379308418794
fbc_tfnbs,"e=1.2,h=0.5,n=30,start_thres=1.25,min_cluster_size=3",hub,0.25,50,12,40,1730,11,0,29,1730,0.275,0.0,1.0,0.0,0.1368379308418794
fbc_tfnbs,"e=1.2,h=1.0,n=30,start_thres=1.25,min_cluster_size=3",hub,0.25,50,12,40,1730,12,0,28,1730,0.3,0.0,1.0,0.0,0.1368379308418794
fbc_tfnbs,"e=1.2,h=2.0,n=30,start_thres=1.25,min_cluster_size=3",hub,0.25,50,12,40,1730,15,0,25,1730,0.375,0.0,1.0,0.0,0.1368379308418794
fbc_tfnbs,"e=1.2,h=3.0,n=30,start_thres=1.25,min_cluster_size=3",hub,0.25,50,12,40,1730,17,0,23,1730,0.425,0.0,1.0,0.0,0.1368379308418794
fbc_tfnbs,"e=1.2,h=4.0,n=30,start_thres=1.25,min_cluster_size=3",hub,0.25,50,12,40,1730,17,0,23,1730,0.425,0.0,1.0,0.0,0.1368379308418794
fbc_tfnbs,"e=1.2,h=5.0,n=30,start_thres=1.25,min_cluster_size=3",hub,0.25,50,12,40,1730,17,0,23,1730,0.425,0.0,1.0,0.0,0.1368379308418794
fbc_tfnbs,"e=1.2,h=6.0,n=30,start_thres=1.25,min_cluster_size=3",hub,0.25,50,12,40,1730,17,0,23,1730,0.425,0.0,1.0,0.0,0.1368379308418794
fbc_tfnbs,"e=1.2,h=7.0,n=30,start_thres=1.25,min_cluster_size=3",hub,0.25,50,12,40,1730,17,0,23,1730,0.425,0.0,1.0,0.0,0.1368379308418794
fbc_tfnbs,"e=1.2,h=8.0,n=30,start_thres=1.25,min_cluster_size=3",hub,0.25,50,12,40,1730,17,0,23,1730,0.425,0.0,1.0,0.0,0.1368379308418794
fbc_tfnbs,"e=1.2,h=9.0,n=30,start_thres=1.25,min_cluster_size=3",hub,0.25,50,12,40,1730,17,0,23,1730,0.425,0.0,1.0,0.0,0.1368379308418794
fbc_tfnbs,"e=1.2,h=10.0,n=30,start_thres=1.25,min_cluster_size=3",hub,0.25,50,12,40,1730,20,0,20,1730,0.5,0.0,1.0,0.0,0.1368379308418794
fbc_tfnbs,"e=1.3,h=0.5,n=30,start_thres=1.25,min_cluster_size=3",hub,0.25,50,12,40,1730,11,0,29,1730,0.275,0.0,1.0,0.0,0.1368379308418794
fbc_tfnbs,"e=1.3,h=1.0,n=30,start_thres=1.25,min_cluster_size=3",hub,0.25,50,12,40,1730,11,0,29,1730,0.275,0.0,1.0,0.0,0.1368379308418794
fbc_tfnbs,"e=1.3,h=2.0,n=30,start_thres=1.25,min_cluster_size=3",hub,0.25,50,12,40,1730,12,0,28,1730,0.3,0.0,1.0,0.0,0.1368379308418794
fbc_tfnbs,"e=1.3,h=3.0,n=30,start_thres=1.25,min_cluster_size=3",hub,0.25,50,12,40,1730,16,0,24,1730,0.4,0.0,1.0,0.0,0.1368379308418794
fbc_tfnbs,"e=1.3,h=4.0,n=30,start_thres=1.25,min_cluster_size=3",hub,0.25,50,12,40,1730,17,0,23,1730,0.425,0.0,1.0,0.0,0.1368379308418794
fbc_tfnbs,"e=1.3,h=5.0,n=30,start_thres=1.25,min_cluster_size=3",hub,0.25,50,12,40,1730,17,0,23,1730,0.425,0.0,1.0,0.0,0.1368379308418794
fbc_tfnbs,"e=1.3,h=6.0,n=30,start_thres=1.25,min_cluster_size=3",hub,0.25,50,12,40,1730,17,0,23,1730,0.425,0.0,1.0,0.0,0.1368379308418794
fbc_tfnbs,"e=1.3,h=7.0,n=30,start_thres=1.25,min_cluster_size=3",hub,0.25,50,12,40,1730,17,0,23,1730,0.425,0.0,1.0,0.0,0.1368379308418794
fbc_tfnbs,"e=1.3,h=8.0,n=30,start_thres=1.25,min_cluster_size=3",hub,0.25,50,12,40,1730,20,0,20,1730,0.5,0.0,1.0,0.0,0.1368379308418794
fbc_tfnbs,"e=1.3,h=9.0,n=30,start_thres=1.25,min_cluster_size=3",hub,0.25,50,12,40,1730,20,0,20,1730,0.5,0.0,1.0,0.0,0.1368379308418794
fbc_tfnbs,"e=1.3,h=10.0,n=30,start_thres=1.25,min_cluster_size=3",hub,0.25,50,12,40,1730,20,0,20,1730,0.5,0.0,1.0,0.0,0.1368379308418794
fbc_tfnbs,"e=1.4,h=0.5,n=30,start_thres=1.25,min_cluster_size=3",hub,0.25,50,12,40,1730,10,0,30,1730,0.25,0.0,1.0,0.0,0.1368379308418794
fbc_tfnbs,"e=1.4,h=1.0,n=30,start_thres=1.25,min_cluster_size=3",hub,0.25,50,12,40,1730,11,0,29,1730,0.275,0.0,1.0,0.0,0.1368379308418794
fbc_tfnbs,"e=1.4,h=2.0,n=30,start_thres=1.25,min_cluster_size=3",hub,0.25,50,12,40,1730,12,0,28,1730,0.3,0.0,1.0,0.0,0.1368379308418794
fbc_tfnbs,"e=1.4,h=3.0,n=30,start_thres=1.25,min_cluster_size=3",hub,0.25,50,12,40,1730,16,0,24,1730,0.4,0.0,1.0,0.0,0.1368379308418794
fbc_tfnbs,"e=1.4,h=4.0,n=30,start_thres=1.25,min_cluster_size=3",hub,0.25,50,12,40,1730,17,0,23,1730,0.425,0.0,1.0,0.0,0.1368379308418794
fbc_tfnbs,"e=1.4,h=5.0,n=30,start_thres=1.25,min_cluster_size=3",hub,0.25,50,12,40,1730,17,0,23,1730,0.425,0.0,1.0,0.0,0.1368379308418794
fbc_tfnbs,"e=1.4,h=6.0,n=30,start_thres=1.25,min_cluster_size=3",hub,0.25,50,12,40,1730,17,0,23,1730,0.425,0.0,1.0,0.0,0.1368379308418794
fbc_tfnbs,"e=1.4,h=7.0,n=30,start_thres=1.25,min_cluster_size=3",hub,0.25,50,12,40,1730,17,0,23,1730,0.425,0.0,1.0,0.0,0.1368379308418794
fbc_tfnbs,"e=1.4,h=8.0,n=30,start_thres=1.25,min_cluster_size=3",hub,0.25,50,12,40,1730,17,0,23,1730,0.425,0.0,1.0,0.0,0.1368379308418794
fbc_tfnbs,"e=1.4,h=9.0,n=30,start_thres=1.25,min_cluster_size=3",hub,0.25,50,12,40,1730,20,0,20,1730,0.5,0.0,1.0,0.0,0.1368379308418794
fbc_tfnbs,"e=1.4,h=10.0,n=30,start_thres=1.25,min_cluster_size=3",hub,0.25,50,12,40,1730,20,0,20,1730,0.5,0.0,1.0,0.0,0.1368379308418794
fbc_tfnbs,"e=1.5,h=0.5,n=30,start_thres=1.25,min_cluster_size=3",hub,0.25,50,12,40,1730,10,0,30,1730,0.25,0.0,1.0,0.0,0.1368379308418794
fbc_tfnbs,"e=1.5,h=1.0,n=30,start_thres=1.25,min_cluster_size=3",hub,0.25,50,12,40,1730,11,0,29,1730,0.275,0.0,1.0,0.0,0.1368379308418794
fbc_tfnbs,"e=1.5,h=2.0,n=30,start_thres=1.25,min_cluster_size=3",hub,0.25,50,12,40,1730,12,0,28,1730,0.3,0.0,1.0,0.0,0.1368379308418794
fbc_tfnbs,"e=1.5,h=3.0,n=30,start_thres=1.25,min_cluster_size=3",hub,0.25,50,12,40,1730,16,0,24,1730,0.4,0.0,1.0,0.0,0.1368379308418794
fbc_tfnbs,"e=1.5,h=4.0,n=30,start_thres=1.25,min_cluster_size=3",hub,0.25,50,12,40,1730,17,0,23,1730,0.425,0.0,1.0,0.0,0.1368379308418794
fbc_tfnbs,"e=1.5,h=5.0,n=30,start_thres=1.25,min_cluster_size=3",hub,0.25,50,12,40,1730,17,0,23,1730,0.425,0.0,1.0,0.0,0.1368379308418794
fbc_tfnbs,"e=1.5,h=6.0,n=30,start_thres=1.25,min_cluster_size=3",hub,0.25,50,12,40,1730,17,0,23,1730,0.425,0.0,1.0,0.0,0.1368379308418794
fbc_tfnbs,"e=1.5,h=7.0,n=30,start_thres=1.25,min_cluster_size=3",hub,0.25,50,12,40,1730,17,0,23,1730,0.425,0.0,1.0,0.0,0.1368379308418794
fbc_tfnbs,"e=1.5,h=8.0,n=30,start_thres=1.25,min_cluster_size=3",hub,0.25,50,12,40,1730,17,0,23,1730,0.425,0.0,1.0,0.0,0.1368379308418794
fbc_tfnbs,"e=1.5,h=9.0,n=30,start_thres=1.25,min_cluster_size=3",hub,0.25,50,12,40,1730,20,0,20,1730,0.5,0.0,1.0,0.0,0.1368379308418794
fbc_tfnbs,"e=1.5,h=10.0,n=30,start_thres=1.25,min_cluster_size=3",hub,0.25,50,12,40,1730,20,0,20,1730,0.5,0.0,1.0,0.0,0.1368379308418794
fbc_tfnbs,"e=0.05,h=0.5,n=30,start_thres=1.25,min_cluster_size=3",hub,0.25,50,13,40,1730,30,0,10,1730,0.75,0.0,1.0,0.0,0.1345485381104729
fbc_tfnbs,"e=0.05,h=1.0,n=30,start_thres=1.25,min_cluster_size=3",hub,0.25,50,13,40,1730,31,0,9,1730,0.775,0.0,1.0,0.0,0.1345485381104729
fbc_tfnbs,"e=0.05,h=2.0,n=30,start_thres=1.25,min_cluster_size=3",hub,0.25,50,13,40,1730,31,0,9,1730,0.775,0.0,1.0,0.0,0.1345485381104729
fbc_tfnbs,"e=0.05,h=3.0,n=30,start_thres=1.25,min_cluster_size=3",hub,0.25,50,13,40,1730,32,0,8,1730,0.8,0.0,1.0,0.0,0.1345485381104729
fbc_tfnbs,"e=0.05,h=4.0,n=30,start_thres=1.25,min_cluster_size=3",hub,0.25,50,13,40,1730,32,0,8,1730,0.8,0.0,1.0,0.0,0.1345485381104729
fbc_tfnbs,"e=0.05,h=5.0,n=30,start_thres=1.25,min_cluster_size=3",hub,0.25,50,13,40,1730,32,0,8,1730,0.8,0.0,1.0,0.0,0.1345485381104729
fbc_tfnbs,"e=0.05,h=6.0,n=30,start_thres=1.25,min_cluster_size=3",hub,0.25,50,13,40,1730,32,0,8,1730,0.8,0.0,1.0,0.0,0.1345485381104729
fbc_tfnbs,"e=0.05,h=7.0,n=30,start_thres=1.25,min_cluster_size=3",hub,0.25,50,13,40,1730,32,0,8,1730,0.8,0.0,1.0,0.0,0.1345485381104729
fbc_tfnbs,"e=0.05,h=8.0,n=30,start_thres=1.25,min_cluster_size=3",hub,0.25,50,13,40,1730,32,0,8,1730,0.8,0.0,1.0,0.0,0.1345485381104729
fbc_tfnbs,"e=0.05,h=9.0,n=30,start_thres=1.25,min_cluster_size=3",hub,0.25,50,13,40,1730,32,0,8,1730,0.8,0.0,1.0,0.0,0.1345485381104729
fbc_tfnbs,"e=0.05,h=10.0,n=30,start_thres=1.25,min_cluster_size=3",hub,0.25,50,13,40,1730,32,0,8,1730,0.8,0.0,1.0,0.0,0.1345485381104729
fbc_tfnbs,"e=0.1,h=0.5,n=30,start_thres=1.25,min_cluster_size=3",hub,0.25,50,13,40,1730,31,0,9,1730,0.775,0.0,1.0,0.0,0.1345485381104729
fbc_tfnbs,"e=0.1,h=1.0,n=30,start_thres=1.25,min_cluster_size=3",hub,0.25,50,13,40,1730,31,0,9,1730,0.775,0.0,1.0,0.0,0.1345485381104729
fbc_tfnbs,"e=0.1,h=2.0,n=30,start_thres=1.25,min_cluster_size=3",hub,0.25,50,13,40,1730,31,0,9,1730,0.775,0.0,1.0,0.0,0.1345485381104729
fbc_tfnbs,"e=0.1,h=3.0,n=30,start_thres=1.25,min_cluster_size=3",hub,0.25,50,13,40,1730,32,0,8,1730,0.8,0.0,1.0,0.0,0.1345485381104729
fbc_tfnbs,"e=0.1,h=4.0,n=30,start_thres=1.25,min_cluster_size=3",hub,0.25,50,13,40,1730,32,0,8,1730,0.8,0.0,1.0,0.0,0.1345485381104729
fbc_tfnbs,"e=0.1,h=5.0,n=30,start_thres=1.25,min_cluster_size=3",hub,0.25,50,13,40,1730,32,0,8,1730,0.8,0.0,1.0,0.0,0.1345485381104729
fbc_tfnbs,"e=0.1,h=6.0,n=30,start_thres=1.25,min_cluster_size=3",hub,0.25,50,13,40,1730,32,0,8,1730,0.8,0.0,1.0,0.0,0.1345485381104729
fbc_tfnbs,"e=0.1,h=7.0,n=30,start_thres=1.25,min_cluster_size=3",hub,0.25,50,13,40,1730,32,0,8,1730,0.8,0.0,1.0,0.0,0.1345485381104729
fbc_tfnbs,"e=0.1,h=8.0,n=30,start_thres=1.25,min_cluster_size=3",hub,0.25,50,13,40,1730,32,0,8,1730,0.8,0.0,1.0,0.0,0.1345485381104729
fbc_tfnbs,"e=0.1,h=9.0,n=30,start_thres=1.25,min_cluster_size=3",hub,0.25,50,13,40,1730,32,0,8,1730,0.8,0.0,1.0,0.0,0.1345485381104729
fbc_tfnbs,"e=0.1,h=10.0,n=30,start_thres=1.25,min_cluster_size=3",hub,0.25,50,13,40,1730,32,0,8,1730,0.8,0.0,1.0,0.0,0.1345485381104729
fbc_tfnbs,"e=0.2,h=0.5,n=30,start_thres=1.25,min_cluster_size=3",hub,0.25,50,13,40,1730,31,0,9,1730,0.775,0.0,1.0,0.0,0.1345485381104729
fbc_tfnbs,"e=0.2,h=1.0,n=30,start_thres=1.25,min_cluster_size=3",hub,0.25,50,13,40,1730,32,0,8,1730,0.8,0.0,1.0,0.0,0.1345485381104729
fbc_tfnbs,"e=0.2,h=2.0,n=30,start_thres=1.25,min_cluster_size=3",hub,0.25,50,13,40,1730,32,0,8,1730,0.8,0.0,1.0,0.0,0.1345485381104729
fbc_tfnbs,"e=0.2,h=3.0,n=30,start_thres=1.25,min_cluster_size=3",hub,0.25,50,13,40,1730,32,0,8,1730,0.8,0.0,1.0,0.0,0.1345485381104729
fbc_tfnbs,"e=0.2,h=4.0,n=30,start_thres=1.25,min_cluster_size=3",hub,0.25,50,13,40,1730,32,0,8,1730,0.8,0.0,1.0,0.0,0.1345485381104729
fbc_tfnbs,"e=0.2,h=5.0,n=30,start_thres=1.25,min_cluster_size=3",hub,0.25,50,13,40,1730,32,0,8,1730,0.8,0.0,1.0,0.0,0.1345485381104729
fbc_tfnbs,"e=0.2,h=6.0,n=30,start_thres=1.25,min_cluster_size=3",hub,0.25,50,13,40,1730,32,0,8,1730,0.8,0.0,1.0,0.0,0.1345485381104729
fbc_tfnbs,"e=0.2,h=7.0,n=30,start_thres=1.25,min_cluster_size=3",hub,0.25,50,13,40,1730,32,0,8,1730,0.8,0.0,1.0,0.0,0.1345485381104729
fbc_tfnbs,"e=0.2,h=8.0,n=30,start_thres=1.25,min_cluster_size=3",hub,0.25,50,13,40,1730,32,0,8,1730,0.8,0.0,1.0,0.0,0.1345485381104729
fbc_tfnbs,"e=0.2,h=9.0,n=30,start_thres=1.25,min_cluster_size=3",hub,0.25,50,13,40,1730,32,0,8,1730,0.8,0.0,1.0,0.0,0.1345485381104729
fbc_tfnbs,"e=0.2,h=10.0,n=30,start_thres=1.25,min_cluster_size=3",hub,0.25,50,13,40,1730,32,0,8,1730,0.8,0.0,1.0,0.0,0.1345485381104729
fbc_tfnbs,"e=0.3,h=0.5,n=30,start_thres=1.25,min_cluster_size=3",hub,0.25,50,13,40,1730,31,0,9,1730,0.775,0.0,1.0,0.0,0.1345485381104729
fbc_tfnbs,"e=0.3,h=1.0,n=30,start_thres=1.25,min_cluster_size=3",hub,0.25,50,13,40,1730,31,0,9,1730,0.775,0.0,1.0,0.0,0.1345485381104729
fbc_tfnbs,"e=0.3,h=2.0,n=30,start_thres=1.25,min_cluster_size=3",hub,0.25,50,13,40,1730,32,0,8,1730,0.8,0.0,1.0,0.0,0.1345485381104729
fbc_tfnbs,"e=0.3,h=3.0,n=30,start_thres=1.25,min_cluster_size=3",hub,0.25,50,13,40,1730,32,0,8,1730,0.8,0.0,1.0,0.0,0.1345485381104729
fbc_tfnbs,"e=0.3,h=4.0,n=30,start_thres=1.25,min_cluster_size=3",hub,0.25,50,13,40,1730,32,0,8,1730,0.8,0.0,1.0,0.0,0.1345485381104729
fbc_tfnbs,"e=0.3,h=5.0,n=30,start_thres=1.25,min_cluster_size=3",hub,0.25,50,13,40,1730,32,0,8,1730,0.8,0.0,1.0,0.0,0.1345485381104729
fbc_tfnbs,"e=0.3,h=6.0,n=30,start_thres=1.25,min_cluster_size=3",hub,0.25,50,13,40,1730,32,0,8,1730,0.8,0.0,1.0,0.0,0.1345485381104729
fbc_tfnbs,"e=0.3,h=7.0,n=30,start_thres=1.25,min_cluster_size=3",hub,0.25,50,13,40,1730,32,0,8,1730,0.8,0.0,1.0,0.0,0.1345485381104729
fbc_tfnbs,"e=0.3,h=8.0,n=30,start_thres=1.25,min_cluster_size=3",hub,0.25,50,13,40,1730,32,0,8,1730,0.8,0.0,1.0,0.0,0.1345485381104729
fbc_tfnbs,"e=0.3,h=9.0,n=30,start_thres=1.25,min_cluster_size=3",hub,0.25,50,13,40,1730,32,0,8,1730,0.8,0.0,1.0,0.0,0.1345485381104729
fbc_tfnbs,"e=0.3,h=10.0,n=30,start_thres=1.25,min_cluster_size=3",hub,0.25,50,13,40,1730,32,0,8,1730,0.8,0.0,1.0,0.0,0.1345485381104729
fbc_tfnbs,"e=0.4,h=0.5,n=30,start_thres=1.25,min_cluster_size=3",hub,0.25,50,13,40,1730,31,0,9,1730,0.775,0.0,1.0,0.0,0.1345485381104729
fbc_tfnbs,"e=0.4,h=1.0,n=30,start_thres=1.25,min_cluster_size=3",hub,0.25,50,13,40,1730,31,0,9,1730,0.775,0.0,1.0,0.0,0.1345485381104729
fbc_tfnbs,"e=0.4,h=2.0,n=30,start_thres=1.25,min_cluster_size=3",hub,0.25,50,13,40,1730,32,0,8,1730,0.8,0.0,1.0,0.0,0.1345485381104729
fbc_tfnbs,"e=0.4,h=3.0,n=30,start_thres=1.25,min_cluster_size=3",hub,0.25,50,13,40,1730,32,0,8,1730,0.8,0.0,1.0,0.0,0.1345485381104729
fbc_tfnbs,"e=0.4,h=4.0,n=30,start_thres=1.25,min_cluster_size=3",hub,0.25,50,13,40,1730,32,0,8,1730,0.8,0.0,1.0,0.0,0.1345485381104729
fbc_tfnbs,"e=0.4,h=5.0,n=30,start_thres=1.25,min_cluster_size=3",hub,0.25,50,13,40,1730,32,0,8,1730,0.8,0.0,1.0,0.0,0.1345485381104729
fbc_tfnbs,"e=0.4,h=6.0,n=30,start_thres=1.25,min_cluster_size=3",hub,0.25,50,13,40,1730,32,0,8,1730,0.8,0.0,1.0,0.0,0.1345485381104729
fbc_tfnbs,"e=0.4,h=7.0,n=30,start_thres=1.25,min_cluster_size=3",hub,0.25,50,13,40,1730,32,0,8,1730,0.8,0.0,1.0,0.0,0.1345485381104729
fbc_tfnbs,"e=0.4,h=8.0,n=30,start_thres=1.25,min_cluster_size=3",hub,0.25,50,13,40,1730,32,0,8,1730,0.8,0.0,1.0,0.0,0.1345485381104729
fbc_tfnbs,"e=0.4,h=9.0,n=30,start_thres=1.25,min_cluster_size=3",hub,0.25,50,13,40,1730,32,0,8,1730,0.8,0.0,1.0,0.0,0.1345485381104729
fbc_tfnbs,"e=0.4,h=10.0,n=30,start_thres=1.25,min_cluster_size=3",hub,0.25,50,13,40,1730,32,0,8,1730,0.8,0.0,1.0,0.0,0.1345485381104729
fbc_tfnbs,"e=0.5,h=0.5,n=30,start_thres=1.25,min_cluster_size=3",hub,0.25,50,13,40,1730,31,0,9,1730,0.775,0.0,1.0,0.0,0.1345485381104729
fbc_tfnbs,"e=0.5,h=1.0,n=30,start_thres=1.25,min_cluster_size=3",hub,0.25,50,13,40,1730,31,0,9,1730,0.775,0.0,1.0,0.0,0.1345485381104729
fbc_tfnbs,"e=0.5,h=2.0,n=30,start_thres=1.25,min_cluster_size=3",hub,0.25,50,13,40,1730,32,0,8,1730,0.8,0.0,1.0,0.0,0.1345485381104729
fbc_tfnbs,"e=0.5,h=3.0,n=30,start_thres=1.25,min_cluster_size=3",hub,0.25,50,13,40,1730,32,0,8,1730,0.8,0.0,1.0,0.0,0.1345485381104729
fbc_tfnbs,"e=0.5,h=4.0,n=30,start_thres=1.25,min_cluster_size=3",hub,0.25,50,13,40,1730,32,0,8,1730,0.8,0.0,1.0,0.0,0.1345485381104729
fbc_tfnbs,"e=0.5,h=5.0,n=30,start_thres=1.25,min_cluster_size=3",hub,0.25,50,13,40,1730,32,0,8,1730,0.8,0.0,1.0,0.0,0.1345485381104729
fbc_tfnbs,"e=0.5,h=6.0,n=30,start_thres=1.25,min_cluster_size=3",hub,0.25,50,13,40,1730,32,0,8,1730,0.8,0.0,1.0,0.0,0.1345485381104729
fbc_tfnbs,"e=0.5,h=7.0,n=30,start_thres=1.25,min_cluster_size=3",hub,0.25,50,13,40,1730,32,0,8,1730,0.8,0.0,1.0,0.0,0.1345485381104729
fbc_tfnbs,"e=0.5,h=8.0,n=30,start_thres=1.25,min_cluster_size=3",hub,0.25,50,13,40,1730,32,0,8,1730,0.8,0.0,1.0,0.0,0.1345485381104729
fbc_tfnbs,"e=0.5,h=9.0,n=30,start_thres=1.25,min_cluster_size=3",hub,0.25,50,13,40,1730,32,0,8,1730,0.8,0.0,1.0,0.0,0.1345485381104729
fbc_tfnbs,"e=0.5,h=10.0,n=30,start_thres=1.25,min_cluster_size=3",hub,0.25,50,13,40,1730,32,0,8,1730,0.8,0.0,1.0,0.0,0.1345485381104729
fbc_tfnbs,"e=0.6,h=0.5,n=30,start_thres=1.25,min_cluster_size=3",hub,0.25,50,13,40,1730,31,0,9,1730,0.775,0.0,1.0,0.0,0.1345485381104729
fbc_tfnbs,"e=0.6,h=1.0,n=30,start_thres=1.25,min_cluster_size=3",hub,0.25,50,13,40,1730,31,0,9,1730,0.775,0.0,1.0,0.0,0.1345485381104729
fbc_tfnbs,"e=0.6,h=2.0,n=30,start_thres=1.25,min_cluster_size=3",hub,0.25,50,13,40,1730,32,0,8,1730,0.8,0.0,1.0,0.0,0.1345485381104729
fbc_tfnbs,"e=0.6,h=3.0,n=30,start_thres=1.25,min_cluster_size=3",hub,0.25,50,13,40,1730,32,1,8,1729,0.8,0.0005780346820809,0.9696969696969696,0.0303030303030303,0.1345485381104729
fbc_tfnbs,"e=0.6,h=4.0,n=30,start_thres=1.25,min_cluster_size=3",hub,0.25,50,13,40,1730,32,1,8,1729,0.8,0.0005780346820809,0.9696969696969696,0.0303030303030303,0.1345485381104729
fbc_tfnbs,"e=0.6,h=5.0,n=30,start_thres=1.25,min_cluster_size=3",hub,0.25,50,13,40,1730,32,1,8,1729,0.8,0.0005780346820809,0.9696969696969696,0.0303030303030303,0.1345485381104729
fbc_tfnbs,"e=0.6,h=6.0,n=30,start_thres=1.25,min_cluster_size=3",hub,0.25,50,13,40,1730,32,1,8,1729,0.8,0.0005780346820809,0.9696969696969696,0.0303030303030303,0.1345485381104729
fbc_tfnbs,"e=0.6,h=7.0,n=30,start_thres=1.25,min_cluster_size=3",hub,0.25,50,13,40,1730,32,0,8,1730,0.8,0.0,1.0,0.0,0.1345485381104729
fbc_tfnbs,"e=0.6,h=8.0,n=30,start_thres=1.25,min_cluster_size=3",hub,0.25,50,13,40,1730,32,0,8,1730,0.8,0.0,1.0,0.0,0.1345485381104729
fbc_tfnbs,"e=0.6,h=9.0,n=30,start_thres=1.25,min_cluster_size=3",hub,0.25,50,13,40,1730,32,0,8,1730,0.8,0.0,1.0,0.0,0.1345485381104729
fbc_tfnbs,"e=0.6,h=10.0,n=30,start_thres=1.25,min_cluster_size=3",hub,0.25,50,13,40,1730,32,0,8,1730,0.8,0.0,1.0,0.0,0.1345485381104729
fbc_tfnbs,"e=0.7,h=0.5,n=30,start_thres=1.25,min_cluster_size=3",hub,0.25,50,13,40,1730,30,0,10,1730,0.75,0.0,1.0,0.0,0.1345485381104729
fbc_tfnbs,"e=0.7,h=1.0,n=30,start_thres=1.25,min_cluster_size=3",hub,0.25,50,13,40,1730,31,0,9,1730,0.775,0.0,1.0,0.0,0.1345485381104729
fbc_tfnbs,"e=0.7,h=2.0,n=30,start_thres=1.25,min_cluster_size=3",hub,0.25,50,13,40,1730,31,1,9,1729,0.775,0.0005780346820809,0.96875,0.03125,0.1345485381104729
fbc_tfnbs,"e=0.7,h=3.0,n=30,start_thres=1.25,min_cluster_size=3",hub,0.25,50,13,40,1730,32,1,8,1729,0.8,0.0005780346820809,0.9696969696969696,0.0303030303030303,0.1345485381104729
fbc_tfnbs,"e=0.7,h=4.0,n=30,start_thres=1.25,min_cluster_size=3",hub,0.25,50,13,40,1730,32,1,8,1729,0.8,0.0005780346820809,0.9696969696969696,0.0303030303030303,0.1345485381104729
fbc_tfnbs,"e=0.7,h=5.0,n=30,start_thres=1.25,min_cluster_size=3",hub,0.25,50,13,40,1730,32,1,8,1729,0.8,0.0005780346820809,0.9696969696969696,0.0303030303030303,0.1345485381104729
fbc_tfnbs,"e=0.7,h=6.0,n=30,start_thres=1.25,min_cluster_size=3",hub,0.25,50,13,40,1730,32,1,8,1729,0.8,0.0005780346820809,0.9696969696969696,0.0303030303030303,0.1345485381104729
fbc_tfnbs,"e=0.7,h=7.0,n=30,start_thres=1.25,min_cluster_size=3",hub,0.25,50,13,40,1730,32,1,8,1729,0.8,0.0005780346820809,0.9696969696969696,0.0303030303030303,0.1345485381104729
fbc_tfnbs,"e=0.7,h=8.0,n=30,start_thres=1.25,min_cluster_size=3",hub,0.25,50,13,40,1730,32,1,8,1729,0.8,0.0005780346820809,0.9696969696969696,0.0303030303030303,0.1345485381104729
fbc_tfnbs,"e=0.7,h=9.0,n=30,start_thres=1.25,min_cluster_size=3",hub,0.25,50,13,40,1730,32,1,8,1729,0.8,0.0005780346820809,0.9696969696969696,0.0303030303030303,0.1345485381104729
fbc_tfnbs,"e=0.7,h=10.0,n=30,start_thres=1.25,min_cluster_size=3",hub,0.25,50,13,40,1730,32,0,8,1730,0.8,0.0,1.0,0.0,0.1345485381104729
fbc_tfnbs,"e=0.8,h=0.5,n=30,start_thres=1.25,min_cluster_size=3",hub,0.25,50,13,40,1730,30,0,10,1730,0.75,0.0,1.0,0.0,0.1345485381104729
fbc_tfnbs,"e=0.8,h=1.0,n=30,start_thres=1.25,min_cluster_size=3",hub,0.25,50,13,40,1730,30,0,10,1730,0.75,0.0,1.0,0.0,0.1345485381104729
fbc_tfnbs,"e=0.8,h=2.0,n=30,start_thres=1.25,min_cluster_size=3",hub,0.25,50,13,40,1730,31,1,9,1729,0.775,0.0005780346820809,0.96875,0.03125,0.1345485381104729
fbc_tfnbs,"e=0.8,h=3.0,n=30,start_thres=1.25,min_cluster_size=3",hub,0.25,50,13,40,1730,32,1,8,1729,0.8,0.0005780346820809,0.9696969696969696,0.0303030303030303,0.1345485381104729
fbc_tfnbs,"e=0.8,h=4.0,n=30,start_thres=1.25,min_cluster_size=3",hub,0.25,50,13,40,1730,32,1,8,1729,0.8,0.0005780346820809,0.9696969696969696,0.0303030303030303,0.1345485381104729
fbc_tfnbs,"e=0.8,h=5.0,n=30,start_thres=1.25,min_cluster_size=3",hub,0.25,50,13,40,1730,32,1,8,1729,0.8,0.0005780346820809,0.9696969696969696,0.0303030303030303,0.1345485381104729
fbc_tfnbs,"e=0.8,h=6.0,n=30,start_thres=1.25,min_cluster_size=3",hub,0.25,50,13,40,1730,32,1,8,1729,0.8,0.0005780346820809,0.9696969696969696,0.0303030303030303,0.1345485381104729
fbc_tfnbs,"e=0.8,h=7.0,n=30,start_thres=1.25,min_cluster_size=3",hub,0.25,50,13,40,1730,32,1,8,1729,0.8,0.0005780346820809,0.9696969696969696,0.0303030303030303,0.1345485381104729
fbc_tfnbs,"e=0.8,h=8.0,n=30,start_thres=1.25,min_cluster_size=3",hub,0.25,50,13,40,1730,32,1,8,1729,0.8,0.0005780346820809,0.9696969696969696,0.0303030303030303,0.1345485381104729
fbc_tfnbs,"e=0.8,h=9.0,n=30,start_thres=1.25,min_cluster_size=3",hub,0.25,50,13,40,1730,32,1,8,1729,0.8,0.0005780346820809,0.9696969696969696,0.0303030303030303,0.1345485381104729
fbc_tfnbs,"e=0.8,h=10.0,n=30,start_thres=1.25,min_cluster_size=3",hub,0.25,50,13,40,1730,32,1,8,1729,0.8,0.0005780346820809,0.9696969696969696,0.0303030303030303,0.1345485381104729
fbc_tfnbs,"e=0.9,h=0.5,n=30,start_thres=1.25,min_cluster_size=3",hub,0.25,50,13,40,1730,29,0,11,1730,0.725,0.0,1.0,0.0,0.1345485381104729
fbc_tfnbs,"e=0.9,h=1.0,n=30,start_thres=1.25,min_cluster_size=3",hub,0.25,50,13,40,1730,30,0,10,1730,0.75,0.0,1.0,0.0,0.1345485381104729
fbc_tfnbs,"e=0.9,h=2.0,n=30,start_thres=1.25,min_cluster_size=3",hub,0.25,50,13,40,1730,31,1,9,1729,0.775,0.0005780346820809,0.96875,0.03125,0.1345485381104729
fbc_tfnbs,"e=0.9,h=3.0,n=30,start_thres=1.25,min_cluster_size=3",hub,0.25,50,13,40,1730,32,1,8,1729,0.8,0.0005780346820809,0.9696969696969696,0.0303030303030303,0.1345485381104729
fbc_tfnbs,"e=0.9,h=4.0,n=30,start_thres=1.25,min_cluster_size=3",hub,0.25,50,13,40,1730,32,1,8,1729,0.8,0.0005780346820809,0.9696969696969696,0.0303030303030303,0.1345485381104729
fbc_tfnbs,"e=0.9,h=5.0,n=30,start_thres=1.25,min_cluster_size=3",hub,0.25,50,13,40,1730,32,1,8,1729,0.8,0.0005780346820809,0.9696969696969696,0.0303030303030303,0.1345485381104729
fbc_tfnbs,"e=0.9,h=6.0,n=30,start_thres=1.25,min_cluster_size=3",hub,0.25,50,13,40,1730,32,1,8,1729,0.8,0.0005780346820809,0.9696969696969696,0.0303030303030303,0.1345485381104729
fbc_tfnbs,"e=0.9,h=7.0,n=30,start_thres=1.25,min_cluster_size=3",hub,0.25,50,13,40,1730,32,1,8,1729,0.8,0.0005780346820809,0.9696969696969696,0.0303030303030303,0.1345485381104729
fbc_tfnbs,"e=0.9,h=8.0,n=30,start_thres=1.25,min_cluster_size=3",hub,0.25,50,13,40,1730,32,1,8,1729,0.8,0.0005780346820809,0.9696969696969696,0.0303030303030303,0.1345485381104729
fbc_tfnbs,"e=0.9,h=9.0,n=30,start_thres=1.25,min_cluster_size=3",hub,0.25,50,13,40,1730,32,1,8,1729,0.8,0.0005780346820809,0.9696969696969696,0.0303030303030303,0.1345485381104729
fbc_tfnbs,"e=0.9,h=10.0,n=30,start_thres=1.25,min_cluster_size=3",hub,0.25,50,13,40,1730,32,1,8,1729,0.8,0.0005780346820809,0.9696969696969696,0.0303030303030303,0.1345485381104729
fbc_tfnbs,"e=1.0,h=0.5,n=30,start_thres=1.25,min_cluster_size=3",hub,0.25,50,13,40,1730,28,0,12,1730,0.7,0.0,1.0,0.0,0.1345485381104729
fbc_tfnbs,"e=1.0,h=1.0,n=30,start_thres=1.25,min_cluster_size=3",hub,0.25,50,13,40,1730,30,0,10,1730,0.75,0.0,1.0,0.0,0.1345485381104729
fbc_tfnbs,"e=1.0,h=2.0,n=30,start_thres=1.25,min_cluster_size=3",hub,0.25,50,13,40,1730,30,0,10,1730,0.75,0.0,1.0,0.0,0.1345485381104729
fbc_tfnbs,"e=1.0,h=3.0,n=30,start_thres=1.25,min_cluster_size=3",hub,0.25,50,13,40,1730,31,1,9,1729,0.775,0.0005780346820809,0.96875,0.03125,0.1345485381104729
fbc_tfnbs,"e=1.0,h=4.0,n=30,start_thres=1.25,min_cluster_size=3",hub,0.25,50,13,40,1730,32,1,8,1729,0.8,0.0005780346820809,0.9696969696969696,0.0303030303030303,0.1345485381104729
fbc_tfnbs,"e=1.0,h=5.0,n=30,start_thres=1.25,min_cluster_size=3",hub,0.25,50,13,40,1730,32,1,8,1729,0.8,0.0005780346820809,0.9696969696969696,0.0303030303030303,0.1345485381104729
fbc_tfnbs,"e=1.0,h=6.0,n=30,start_thres=1.25,min_cluster_size=3",hub,0.25,50,13,40,1730,32,1,8,1729,0.8,0.0005780346820809,0.9696969696969696,0.0303030303030303,0.1345485381104729
fbc_tfnbs,"e=1.0,h=7.0,n=30,start_thres=1.25,min_cluster_size=3",hub,0.25,50,13,40,1730,32,1,8,1729,0.8,0.0005780346820809,0.9696969696969696,0.0303030303030303,0.1345485381104729
fbc_tfnbs,"e=1.0,h=8.0,n=30,start_thres=1.25,min_cluster_size=3",hub,0.25,50,13,40,1730,32,1,8,1729,0.8,0.0005780346820809,0.9696969696969696,0.0303030303030303,0.1345485381104729
fbc_tfnbs,"e=1.0,h=9.0,n=30,start_thres=1.25,min_cluster_size=3",hub,0.25,50,13,40,1730,32,1,8,1729,0.8,0.0005780346820809,0.9696969696969696,0.0303030303030303,0.1345485381104729
fbc_tfnbs,"e=1.0,h=10.0,n=30,start_thres=1.25,min_cluster_size=3",hub,0.25,50,13,40,1730,32,1,8,1729,0.8,0.0005780346820809,0.9696969696969696,0.0303030303030303,0.1345485381104729
fbc_tfnbs,"e=1.1,h=0.5,n=30,start_thres=1.25,min_cluster_size=3",hub,0.25,50,13,40,1730,23,0,17,1730,0.575,0.0,1.0,0.0,0.1345485381104729
fbc_tfnbs,"e=1.1,h=1.0,n=30,start_thres=1.25,min_cluster_size=3",hub,0.25,50,13,40,1730,29,0,11,1730,0.725,0.0,1.0,0.0,0.1345485381104729
fbc_tfnbs,"e=1.1,h=2.0,n=30,start_thres=1.25,min_cluster_size=3",hub,0.25,50,13,40,1730,30,0,10,1730,0.75,0.0,1.0,0.0,0.1345485381104729
fbc_tfnbs,"e=1.1,h=3.0,n=30,start_thres=1.25,min_cluster_size=3",hub,0.25,50,13,40,1730,31,1,9,1729,0.775,0.0005780346820809,0.96875,0.03125,0.1345485381104729
fbc_tfnbs,"e=1.1,h=4.0,n=30,start_thres=1.25,min_cluster_size=3",hub,0.25,50,13,40,1730,32,1,8,1729,0.8,0.0005780346820809,0.9696969696969696,0.0303030303030303,0.1345485381104729
fbc_tfnbs,"e=1.1,h=5.0,n=30,start_thres=1.25,min_cluster_size=3",hub,0.25,50,13,40,1730,32,1,8,1729,0.8,0.0005780346820809,0.9696969696969696,0.0303030303030303,0.1345485381104729
fbc_tfnbs,"e=1.1,h=6.0,n=30,start_thres=1.25,min_cluster_size=3",hub,0.25,50,13,40,1730,32,1,8,1729,0.8,0.0005780346820809,0.9696969696969696,0.0303030303030303,0.1345485381104729
fbc_tfnbs,"e=1.1,h=7.0,n=30,start_thres=1.25,min_cluster_size=3",hub,0.25,50,13,40,1730,32,1,8,1729,0.8,0.0005780346820809,0.9696969696969696,0.0303030303030303,0.1345485381104729
fbc_tfnbs,"e=1.1,h=8.0,n=30,start_thres=1.25,min_cluster_size=3",hub,0.25,50,13,40,1730,32,1,8,1729,0.8,0.0005780346820809,0.9696969696969696,0.0303030303030303,0.1345485381104729
fbc_tfnbs,"e=1.1,h=9.0,n=30,start_thres=1.25,min_cluster_size=3",hub,0.25,50,13,40,1730,32,1,8,1729,0.8,0.0005780346820809,0.9696969696969696,0.0303030303030303,0.1345485381104729
fbc_tfnbs,"e=1.1,h=10.0,n=30,start_thres=1.25,min_cluster_size=3",hub,0.25,50,13,40,1730,32,1,8,1729,0.8,0.0005780346820809,0.9696969696969696,0.0303030303030303,0.1345485381104729
fbc_tfnbs,"e=1.2,h=0.5,n=30,start_thres=1.25,min_cluster_size=3",hub,0.25,50,13,40,1730,20,0,20,1730,0.5,0.0,1.0,0.0,0.1345485381104729
fbc_tfnbs,"e=1.2,h=1.0,n=30,start_thres=1.25,min_cluster_size=3",hub,0.25,50,13,40,1730,24,0,16,1730,0.6,0.0,1.0,0.0,0.1345485381104729
fbc_tfnbs,"e=1.2,h=2.0,n=30,start_thres=1.25,min_cluster_size=3",hub,0.25,50,13,40,1730,30,0,10,1730,0.75,0.0,1.0,0.0,0.1345485381104729
fbc_tfnbs,"e=1.2,h=3.0,n=30,start_thres=1.25,min_cluster_size=3",hub,0.25,50,13,40,1730,31,1,9,1729,0.775,0.0005780346820809,0.96875,0.03125,0.1345485381104729
fbc_tfnbs,"e=1.2,h=4.0,n=30,start_thres=1.25,min_cluster_size=3",hub,0.25,50,13,40,1730,31,1,9,1729,0.775,0.0005780346820809,0.96875,0.03125,0.1345485381104729
fbc_tfnbs,"e=1.2,h=5.0,n=30,start_thres=1.25,min_cluster_size=3",hub,0.25,50,13,40,1730,32,1,8,1729,0.8,0.0005780346820809,0.9696969696969696,0.0303030303030303,0.1345485381104729
fbc_tfnbs,"e=1.2,h=6.0,n=30,start_thres=1.25,min_cluster_size=3",hub,0.25,50,13,40,1730,32,1,8,1729,0.8,0.0005780346820809,0.9696969696969696,0.0303030303030303,0.1345485381104729
fbc_tfnbs,"e=1.2,h=7.0,n=30,start_thres=1.25,min_cluster_size=3",hub,0.25,50,13,40,1730,32,1,8,1729,0.8,0.0005780346820809,0.9696969696969696,0.0303030303030303,0.1345485381104729
fbc_tfnbs,"e=1.2,h=8.0,n=30,start_thres=1.25,min_cluster_size=3",hub,0.25,50,13,40,1730,32,1,8,1729,0.8,0.0005780346820809,0.9696969696969696,0.0303030303030303,0.1345485381104729
fbc_tfnbs,"e=1.2,h=9.0,n=30,start_thres=1.25,min_cluster_size=3",hub,0.25,50,13,40,1730,32,1,8,1729,0.8,0.0005780346820809,0.9696969696969696,0.0303030303030303,0.1345485381104729
fbc_tfnbs,"e=1.2,h=10.0,n=30,start_thres=1.25,min_cluster_size=3",hub,0.25,50,13,40,1730,32,1,8,1729,0.8,0.0005780346820809,0.9696969696969696,0.0303030303030303,0.1345485381104729
fbc_tfnbs,"e=1.3,h=0.5,n=30,start_thres=1.25,min_cluster_size=3",hub,0.25,50,13,40,1730,15,0,25,1730,0.375,0.0,1.0,0.0,0.1345485381104729
fbc_tfnbs,"e=1.3,h=1.0,n=30,start_thres=1.25,min_cluster_size=3",hub,0.25,50,13,40,1730,23,0,17,1730,0.575,0.0,1.0,0.0,0.1345485381104729
fbc_tfnbs,"e=1.3,h=2.0,n=30,start_thres=1.25,min_cluster_size=3",hub,0.25,50,13,40,1730,30,0,10,1730,0.75,0.0,1.0,0.0,0.1345485381104729
fbc_tfnbs,"e=1.3,h=3.0,n=30,start_thres=1.25,min_cluster_size=3",hub,0.25,50,13,40,1730,30,1,10,1729,0.75,0.0005780346820809,0.967741935483871,0.032258064516129,0.1345485381104729
fbc_tfnbs,"e=1.3,h=4.0,n=30,start_thres=1.25,min_cluster_size=3",hub,0.25,50,13,40,1730,31,1,9,1729,0.775,0.0005780346820809,0.96875,0.03125,0.1345485381104729
fbc_tfnbs,"e=1.3,h=5.0,n=30,start_thres=1.25,min_cluster_size=3",hub,0.25,50,13,40,1730,32,1,8,1729,0.8,0.0005780346820809,0.9696969696969696,0.0303030303030303,0.1345485381104729
fbc_tfnbs,"e=1.3,h=6.0,n=30,start_thres=1.25,min_cluster_size=3",hub,0.25,50,13,40,1730,32,1,8,1729,0.8,0.0005780346820809,0.9696969696969696,0.0303030303030303,0.1345485381104729
fbc_tfnbs,"e=1.3,h=7.0,n=30,start_thres=1.25,min_cluster_size=3",hub,0.25,50,13,40,1730,32,1,8,1729,0.8,0.0005780346820809,0.9696969696969696,0.0303030303030303,0.1345485381104729
fbc_tfnbs,"e=1.3,h=8.0,n=30,start_thres=1.25,min_cluster_size=3",hub,0.25,50,13,40,1730,32,1,8,1729,0.8,0.0005780346820809,0.9696969696969696,0.0303030303030303,0.1345485381104729
fbc_tfnbs,"e=1.3,h=9.0,n=30,start_thres=1.25,min_cluster_size=3",hub,0.25,50,13,40,1730,32,1,8,1729,0.8,0.0005780346820809,0.9696969696969696,0.0303030303030303,0.1345485381104729
fbc_tfnbs,"e=1.3,h=10.0,n=30,start_thres=1.25,min_cluster_size=3",hub,0.25,50,13,40,1730,32,1,8,1729,0.8,0.0005780346820809,0.9696969696969696,0.0303030303030303,0.1345485381104729
fbc_tfnbs,"e=1.4,h=0.5,n=30,start_thres=1.25,min_cluster_size=3",hub,0.25,50,13,40,1730,10,0,30,1730,0.25,0.0,1.0,0.0,0.1345485381104729
fbc_tfnbs,"e=1.4,h=1.0,n=30,start_thres=1.25,min_cluster_size=3",hub,0.25,50,13,40,1730,16,0,24,1730,0.4,0.0,1.0,0.0,0.1345485381104729
fbc_tfnbs,"e=1.4,h=2.0,n=30,start_thres=1.25,min_cluster_size=3",hub,0.25,50,13,40,1730,30,0,10,1730,0.75,0.0,1.0,0.0,0.1345485381104729
fbc_tfnbs,"e=1.4,h=3.0,n=30,start_thres=1.25,min_cluster_size=3",hub,0.25,50,13,40,1730,30,0,10,1730,0.75,0.0,1.0,0.0,0.1345485381104729
fbc_tfnbs,"e=1.4,h=4.0,n=30,start_thres=1.25,min_cluster_size=3",hub,0.25,50,13,40,1730,31,1,9,1729,0.775,0.0005780346820809,0.96875,0.03125,0.1345485381104729
fbc_tfnbs,"e=1.4,h=5.0,n=30,start_thres=1.25,min_cluster_size=3",hub,0.25,50,13,40,1730,32,1,8,1729,0.8,0.0005780346820809,0.9696969696969696,0.0303030303030303,0.1345485381104729
fbc_tfnbs,"e=1.4,h=6.0,n=30,start_thres=1.25,min_cluster_size=3",hub,0.25,50,13,40,1730,32,1,8,1729,0.8,0.0005780346820809,0.9696969696969696,0.0303030303030303,0.1345485381104729
fbc_tfnbs,"e=1.4,h=7.0,n=30,start_thres=1.25,min_cluster_size=3",hub,0.25,50,13,40,1730,32,1,8,1729,0.8,0.0005780346820809,0.9696969696969696,0.0303030303030303,0.1345485381104729
fbc_tfnbs,"e=1.4,h=8.0,n=30,start_thres=1.25,min_cluster_size=3",hub,0.25,50,13,40,1730,32,1,8,1729,0.8,0.0005780346820809,0.9696969696969696,0.0303030303030303,0.1345485381104729
fbc_tfnbs,"e=1.4,h=9.0,n=30,start_thres=1.25,min_cluster_size=3",hub,0.25,50,13,40,1730,32,1,8,1729,0.8,0.0005780346820809,0.9696969696969696,0.0303030303030303,0.1345485381104729
fbc_tfnbs,"e=1.4,h=10.0,n=30,start_thres=1.25,min_cluster_size=3",hub,0.25,50,13,40,1730,32,1,8,1729,0.8,0.0005780346820809,0.9696969696969696,0.0303030303030303,0.1345485381104729
fbc_tfnbs,"e=1.5,h=0.5,n=30,start_thres=1.25,min_cluster_size=3",hub,0.25,50,13,40,1730,0,0,40,1730,0.0,0.0,0.0,0.0,0.1345485381104729
fbc_tfnbs,"e=1.5,h=1.0,n=30,start_thres=1.25,min_cluster_size=3",hub,0.25,50,13,40,1730,14,0,26,1730,0.35,0.0,1.0,0.0,0.1345485381104729
fbc_tfnbs,"e=1.5,h=2.0,n=30,start_thres=1.25,min_cluster_size=3",hub,0.25,50,13,40,1730,24,0,16,1730,0.6,0.0,1.0,0.0,0.1345485381104729
fbc_tfnbs,"e=1.5,h=3.0,n=30,start_thres=1.25,min_cluster_size=3",hub,0.25,50,13,40,1730,30,0,10,1730,0.75,0.0,1.0,0.0,0.1345485381104729
fbc_tfnbs,"e=1.5,h=4.0,n=30,start_thres=1.25,min_cluster_size=3",hub,0.25,50,13,40,1730,30,1,10,1729,0.75,0.0005780346820809,0.967741935483871,0.032258064516129,0.1345485381104729
fbc_tfnbs,"e=1.5,h=5.0,n=30,start_thres=1.25,min_cluster_size=3",hub,0.25,50,13,40,1730,31,1,9,1729,0.775,0.0005780346820809,0.96875,0.03125,0.1345485381104729
fbc_tfnbs,"e=1.5,h=6.0,n=30,start_thres=1.25,min_cluster_size=3",hub,0.25,50,13,40,1730,32,1,8,1729,0.8,0.0005780346820809,0.9696969696969696,0.0303030303030303,0.1345485381104729
fbc_tfnbs,"e=1.5,h=7.0,n=30,start_thres=1.25,min_cluster_size=3",hub,0.25,50,13,40,1730,32,1,8,1729,0.8,0.0005780346820809,0.9696969696969696,0.0303030303030303,0.1345485381104729
fbc_tfnbs,"e=1.5,h=8.0,n=30,start_thres=1.25,min_cluster_size=3",hub,0.25,50,13,40,1730,32,1,8,1729,0.8,0.0005780346820809,0.9696969696969696,0.0303030303030303,0.1345485381104729
fbc_tfnbs,"e=1.5,h=9.0,n=30,start_thres=1.25,min_cluster_size=3",hub,0.25,50,13,40,1730,32,1,8,1729,0.8,0.0005780346820809,0.9696969696969696,0.0303030303030303,0.1345485381104729
fbc_tfnbs,"e=1.5,h=10.0,n=30,start_thres=1.25,min_cluster_size=3",hub,0.25,50,13,40,1730,32,1,8,1729,0.8,0.0005780346820809,0.9696969696969696,0.0303030303030303,0.1345485381104729
fbc_tfnbs,"e=0.05,h=0.5,n=30,start_thres=1.25,min_cluster_size=3",hub,0.25,50,14,40,1730,22,1,18,1729,0.55,0.0005780346820809,0.9565217391304348,0.0434782608695652,0.1458104713396592
fbc_tfnbs,"e=0.05,h=1.0,n=30,start_thres=1.25,min_cluster_size=3",hub,0.25,50,14,40,1730,22,1,18,1729,0.55,0.0005780346820809,0.9565217391304348,0.0434782608695652,0.1458104713396592
fbc_tfnbs,"e=0.05,h=2.0,n=30,start_thres=1.25,min_cluster_size=3",hub,0.25,50,14,40,1730,22,1,18,1729,0.55,0.0005780346820809,0.9565217391304348,0.0434782608695652,0.1458104713396592
fbc_tfnbs,"e=0.05,h=3.0,n=30,start_thres=1.25,min_cluster_size=3",hub,0.25,50,14,40,1730,22,1,18,1729,0.55,0.0005780346820809,0.9565217391304348,0.0434782608695652,0.1458104713396592
fbc_tfnbs,"e=0.05,h=4.0,n=30,start_thres=1.25,min_cluster_size=3",hub,0.25,50,14,40,1730,22,1,18,1729,0.55,0.0005780346820809,0.9565217391304348,0.0434782608695652,0.1458104713396592
fbc_tfnbs,"e=0.05,h=5.0,n=30,start_thres=1.25,min_cluster_size=3",hub,0.25,50,14,40,1730,22,1,18,1729,0.55,0.0005780346820809,0.9565217391304348,0.0434782608695652,0.1458104713396592
fbc_tfnbs,"e=0.05,h=6.0,n=30,start_thres=1.25,min_cluster_size=3",hub,0.25,50,14,40,1730,22,1,18,1729,0.55,0.0005780346820809,0.9565217391304348,0.0434782608695652,0.1458104713396592
fbc_tfnbs,"e=0.05,h=7.0,n=30,start_thres=1.25,min_cluster_size=3",hub,0.25,50,14,40,1730,22,1,18,1729,0.55,0.0005780346820809,0.9565217391304348,0.0434782608695652,0.1458104713396592
fbc_tfnbs,"e=0.05,h=8.0,n=30,start_thres=1.25,min_cluster_size=3",hub,0.25,50,14,40,1730,22,1,18,1729,0.55,0.0005780346820809,0.9565217391304348,0.0434782608695652,0.1458104713396592
fbc_tfnbs,"e=0.05,h=9.0,n=30,start_thres=1.25,min_cluster_size=3",hub,0.25,50,14,40,1730,22,1,18,1729,0.55,0.0005780346820809,0.9565217391304348,0.0434782608695652,0.1458104713396592
fbc_tfnbs,"e=0.05,h=10.0,n=30,start_thres=1.25,min_cluster_size=3",hub,0.25,50,14,40,1730,22,1,18,1729,0.55,0.0005780346820809,0.9565217391304348,0.0434782608695652,0.1458104713396592
fbc_tfnbs,"e=0.1,h=0.5,n=30,start_thres=1.25,min_cluster_size=3",hub,0.25,50,14,40,1730,22,1,18,1729,0.55,0.0005780346820809,0.9565217391304348,0.0434782608695652,0.1458104713396592
fbc_tfnbs,"e=0.1,h=1.0,n=30,start_thres=1.25,min_cluster_size=3",hub,0.25,50,14,40,1730,22,1,18,1729,0.55,0.0005780346820809,0.9565217391304348,0.0434782608695652,0.1458104713396592
fbc_tfnbs,"e=0.1,h=2.0,n=30,start_thres=1.25,min_cluster_size=3",hub,0.25,50,14,40,1730,23,1,17,1729,0.575,0.0005780346820809,0.9583333333333334,0.0416666666666666,0.1458104713396592
fbc_tfnbs,"e=0.1,h=3.0,n=30,start_thres=1.25,min_cluster_size=3",hub,0.25,50,14,40,1730,23,1,17,1729,0.575,0.0005780346820809,0.9583333333333334,0.0416666666666666,0.1458104713396592
fbc_tfnbs,"e=0.1,h=4.0,n=30,start_thres=1.25,min_cluster_size=3",hub,0.25,50,14,40,1730,23,1,17,1729,0.575,0.0005780346820809,0.9583333333333334,0.0416666666666666,0.1458104713396592
fbc_tfnbs,"e=0.1,h=5.0,n=30,start_thres=1.25,min_cluster_size=3",hub,0.25,50,14,40,1730,23,1,17,1729,0.575,0.0005780346820809,0.9583333333333334,0.0416666666666666,0.1458104713396592
fbc_tfnbs,"e=0.1,h=6.0,n=30,start_thres=1.25,min_cluster_size=3",hub,0.25,50,14,40,1730,23,1,17,1729,0.575,0.0005780346820809,0.9583333333333334,0.0416666666666666,0.1458104713396592
fbc_tfnbs,"e=0.1,h=7.0,n=30,start_thres=1.25,min_cluster_size=3",hub,0.25,50,14,40,1730,23,1,17,1729,0.575,0.0005780346820809,0.9583333333333334,0.0416666666666666,0.1458104713396592
fbc_tfnbs,"e=0.1,h=8.0,n=30,start_thres=1.25,min_cluster_size=3",hub,0.25,50,14,40,1730,22,1,18,1729,0.55,0.0005780346820809,0.9565217391304348,0.0434782608695652,0.1458104713396592
fbc_tfnbs,"e=0.1,h=9.0,n=30,start_thres=1.25,min_cluster_size=3",hub,0.25,50,14,40,1730,22,1,18,1729,0.55,0.0005780346820809,0.9565217391304348,0.0434782608695652,0.1458104713396592
fbc_tfnbs,"e=0.1,h=10.0,n=30,start_thres=1.25,min_cluster_size=3",hub,0.25,50,14,40,1730,22,1,18,1729,0.55,0.0005780346820809,0.9565217391304348,0.0434782608695652,0.1458104713396592
fbc_tfnbs,"e=0.2,h=0.5,n=30,start_thres=1.25,min_cluster_size=3",hub,0.25,50,14,40,1730,23,1,17,1729,0.575,0.0005780346820809,0.9583333333333334,0.0416666666666666,0.1458104713396592
fbc_tfnbs,"e=0.2,h=1.0,n=30,start_thres=1.25,min_cluster_size=3",hub,0.25,50,14,40,1730,23,1,17,1729,0.575,0.0005780346820809,0.9583333333333334,0.0416666666666666,0.1458104713396592
fbc_tfnbs,"e=0.2,h=2.0,n=30,start_thres=1.25,min_cluster_size=3",hub,0.25,50,14,40,1730,23,1,17,1729,0.575,0.0005780346820809,0.9583333333333334,0.0416666666666666,0.1458104713396592
fbc_tfnbs,"e=0.2,h=3.0,n=30,start_thres=1.25,min_cluster_size=3",hub,0.25,50,14,40,1730,23,1,17,1729,0.575,0.0005780346820809,0.9583333333333334,0.0416666666666666,0.1458104713396592
fbc_tfnbs,"e=0.2,h=4.0,n=30,start_thres=1.25,min_cluster_size=3",hub,0.25,50,14,40,1730,23,1,17,1729,0.575,0.0005780346820809,0.9583333333333334,0.0416666666666666,0.1458104713396592
fbc_tfnbs,"e=0.2,h=5.0,n=30,start_thres=1.25,min_cluster_size=3",hub,0.25,50,14,40,1730,23,1,17,1729,0.575,0.0005780346820809,0.9583333333333334,0.0416666666666666,0.1458104713396592
fbc_tfnbs,"e=0.2,h=6.0,n=30,start_thres=1.25,min_cluster_size=3",hub,0.25,50,14,40,1730,23,1,17,1729,0.575,0.0005780346820809,0.9583333333333334,0.0416666666666666,0.1458104713396592
fbc_tfnbs,"e=0.2,h=7.0,n=30,start_thres=1.25,min_cluster_size=3",hub,0.25,50,14,40,1730,23,1,17,1729,0.575,0.0005780346820809,0.9583333333333334,0.0416666666666666,0.1458104713396592
fbc_tfnbs,"e=0.2,h=8.0,n=30,start_thres=1.25,min_cluster_size=3",hub,0.25,50,14,40,1730,23,1,17,1729,0.575,0.0005780346820809,0.9583333333333334,0.0416666666666666,0.1458104713396592
fbc_tfnbs,"e=0.2,h=9.0,n=30,start_thres=1.25,min_cluster_size=3",hub,0.25,50,14,40,1730,23,1,17,1729,0.575,0.0005780346820809,0.9583333333333334,0.0416666666666666,0.1458104713396592
fbc_tfnbs,"e=0.2,h=10.0,n=30,start_thres=1.25,min_cluster_size=3",hub,0.25,50,14,40,1730,23,1,17,1729,0.575,0.0005780346820809,0.9583333333333334,0.0416666666666666,0.1458104713396592
fbc_tfnbs,"e=0.3,h=0.5,n=30,start_thres=1.25,min_cluster_size=3",hub,0.25,50,14,40,1730,23,1,17,1729,0.575,0.0005780346820809,0.9583333333333334,0.0416666666666666,0.1458104713396592
fbc_tfnbs,"e=0.3,h=1.0,n=30,start_thres=1.25,min_cluster_size=3",hub,0.25,50,14,40,1730,23,1,17,1729,0.575,0.0005780346820809,0.9583333333333334,0.0416666666666666,0.1458104713396592
fbc_tfnbs,"e=0.3,h=2.0,n=30,start_thres=1.25,min_cluster_size=3",hub,0.25,50,14,40,1730,23,1,17,1729,0.575,0.0005780346820809,0.9583333333333334,0.0416666666666666,0.1458104713396592
fbc_tfnbs,"e=0.3,h=3.0,n=30,start_thres=1.25,min_cluster_size=3",hub,0.25,50,14,40,1730,23,1,17,1729,0.575,0.0005780346820809,0.9583333333333334,0.0416666666666666,0.1458104713396592
fbc_tfnbs,"e=0.3,h=4.0,n=30,start_thres=1.25,min_cluster_size=3",hub,0.25,50,14,40,1730,23,1,17,1729,0.575,0.0005780346820809,0.9583333333333334,0.0416666666666666,0.1458104713396592
fbc_tfnbs,"e=0.3,h=5.0,n=30,start_thres=1.25,min_cluster_size=3",hub,0.25,50,14,40,1730,23,1,17,1729,0.575,0.0005780346820809,0.9583333333333334,0.0416666666666666,0.1458104713396592
fbc_tfnbs,"e=0.3,h=6.0,n=30,start_thres=1.25,min_cluster_size=3",hub,0.25,50,14,40,1730,23,1,17,1729,0.575,0.0005780346820809,0.9583333333333334,0.0416666666666666,0.1458104713396592
fbc_tfnbs,"e=0.3,h=7.0,n=30,start_thres=1.25,min_cluster_size=3",hub,0.25,50,14,40,1730,23,1,17,1729,0.575,0.0005780346820809,0.9583333333333334,0.0416666666666666,0.1458104713396592
fbc_tfnbs,"e=0.3,h=8.0,n=30,start_thres=1.25,min_cluster_size=3",hub,0.25,50,14,40,1730,23,1,17,1729,0.575,0.0005780346820809,0.9583333333333334,0.0416666666666666,0.1458104713396592
fbc_tfnbs,"e=0.3,h=9.0,n=30,start_thres=1.25,min_cluster_size=3",hub,0.25,50,14,40,1730,23,1,17,1729,0.575,0.0005780346820809,0.9583333333333334,0.0416666666666666,0.1458104713396592
fbc_tfnbs,"e=0.3,h=10.0,n=30,start_thres=1.25,min_cluster_size=3",hub,0.25,50,14,40,1730,23,1,17,1729,0.575,0.0005780346820809,0.9583333333333334,0.0416666666666666,0.1458104713396592
fbc_tfnbs,"e=0.4,h=0.5,n=30,start_thres=1.25,min_cluster_size=3",hub,0.25,50,14,40,1730,24,1,16,1729,0.6,0.0005780346820809,0.96,0.04,0.1458104713396592
fbc_tfnbs,"e=0.4,h=1.0,n=30,start_thres=1.25,min_cluster_size=3",hub,0.25,50,14,40,1730,24,1,16,1729,0.6,0.0005780346820809,0.96,0.04,0.1458104713396592
fbc_tfnbs,"e=0.4,h=2.0,n=30,start_thres=1.25,min_cluster_size=3",hub,0.25,50,14,40,1730,24,1,16,1729,0.6,0.0005780346820809,0.96,0.04,0.1458104713396592
fbc_tfnbs,"e=0.4,h=3.0,n=30,start_thres=1.25,min_cluster_size=3",hub,0.25,50,14,40,1730,23,1,17,1729,0.575,0.0005780346820809,0.9583333333333334,0.0416666666666666,0.1458104713396592
fbc_tfnbs,"e=0.4,h=4.0,n=30,start_thres=1.25,min_cluster_size=3",hub,0.25,50,14,40,1730,23,1,17,1729,0.575,0.0005780346820809,0.9583333333333334,0.0416666666666666,0.1458104713396592
fbc_tfnbs,"e=0.4,h=5.0,n=30,start_thres=1.25,min_cluster_size=3",hub,0.25,50,14,40,1730,23,1,17,1729,0.575,0.0005780346820809,0.9583333333333334,0.0416666666666666,0.1458104713396592
fbc_tfnbs,"e=0.4,h=6.0,n=30,start_thres=1.25,min_cluster_size=3",hub,0.25,50,14,40,1730,23,1,17,1729,0.575,0.0005780346820809,0.9583333333333334,0.0416666666666666,0.1458104713396592
fbc_tfnbs,"e=0.4,h=7.0,n=30,start_thres=1.25,min_cluster_size=3",hub,0.25,50,14,40,1730,23,1,17,1729,0.575,0.0005780346820809,0.9583333333333334,0.0416666666666666,0.1458104713396592
fbc_tfnbs,"e=0.4,h=8.0,n=30,start_thres=1.25,min_cluster_size=3",hub,0.25,50,14,40,1730,23,1,17,1729,0.575,0.0005780346820809,0.9583333333333334,0.0416666666666666,0.1458104713396592
fbc_tfnbs,"e=0.4,h=9.0,n=30,start_thres=1.25,min_cluster_size=3",hub,0.25,50,14,40,1730,23,1,17,1729,0.575,0.0005780346820809,0.9583333333333334,0.0416666666666666,0.1458104713396592
fbc_tfnbs,"e=0.4,h=10.0,n=30,start_thres=1.25,min_cluster_size=3",hub,0.25,50,14,40,1730,23,1,17,1729,0.575,0.0005780346820809,0.9583333333333334,0.0416666666666666,0.1458104713396592
fbc_tfnbs,"e=0.5,h=0.5,n=30,start_thres=1.25,min_cluster_size=3",hub,0.25,50,14,40,1730,22,0,18,1730,0.55,0.0,1.0,0.0,0.1458104713396592
fbc_tfnbs,"e=0.5,h=1.0,n=30,start_thres=1.25,min_cluster_size=3",hub,0.25,50,14,40,1730,24,1,16,1729,0.6,0.0005780346820809,0.96,0.04,0.1458104713396592
fbc_tfnbs,"e=0.5,h=2.0,n=30,start_thres=1.25,min_cluster_size=3",hub,0.25,50,14,40,1730,24,1,16,1729,0.6,0.0005780346820809,0.96,0.04,0.1458104713396592
fbc_tfnbs,"e=0.5,h=3.0,n=30,start_thres=1.25,min_cluster_size=3",hub,0.25,50,14,40,1730,24,1,16,1729,0.6,0.0005780346820809,0.96,0.04,0.1458104713396592
fbc_tfnbs,"e=0.5,h=4.0,n=30,start_thres=1.25,min_cluster_size=3",hub,0.25,50,14,40,1730,23,1,17,1729,0.575,0.0005780346820809,0.9583333333333334,0.0416666666666666,0.1458104713396592
fbc_tfnbs,"e=0.5,h=5.0,n=30,start_thres=1.25,min_cluster_size=3",hub,0.25,50,14,40,1730,23,1,17,1729,0.575,0.0005780346820809,0.9583333333333334,0.0416666666666666,0.1458104713396592
fbc_tfnbs,"e=0.5,h=6.0,n=30,start_thres=1.25,min_cluster_size=3",hub,0.25,50,14,40,1730,23,1,17,1729,0.575,0.0005780346820809,0.9583333333333334,0.0416666666666666,0.1458104713396592
fbc_tfnbs,"e=0.5,h=7.0,n=30,start_thres=1.25,min_cluster_size=3",hub,0.25,50,14,40,1730,23,1,17,1729,0.575,0.0005780346820809,0.9583333333333334,0.0416666666666666,0.1458104713396592
fbc_tfnbs,"e=0.5,h=8.0,n=30,start_thres=1.25,min_cluster_size=3",hub,0.25,50,14,40,1730,23,1,17,1729,0.575,0.0005780346820809,0.9583333333333334,0.0416666666666666,0.1458104713396592
fbc_tfnbs,"e=0.5,h=9.0,n=30,start_thres=1.25,min_cluster_size=3",hub,0.25,50,14,40,1730,23,1,17,1729,0.575,0.0005780346820809,0.9583333333333334,0.0416666666666666,0.1458104713396592
fbc_tfnbs,"e=0.5,h=10.0,n=30,start_thres=1.25,min_cluster_size=3",hub,0.25,50,14,40,1730,23,1,17,1729,0.575,0.0005780346820809,0.9583333333333334,0.0416666666666666,0.1458104713396592
fbc_tfnbs,"e=0.6,h=0.5,n=30,start_thres=1.25,min_cluster_size=3",hub,0.25,50,14,40,1730,22,1,18,1729,0.55,0.0005780346820809,0.9565217391304348,0.0434782608695652,0.1458104713396592
fbc_tfnbs,"e=0.6,h=1.0,n=30,start_thres=1.25,min_cluster_size=3",hub,0.25,50,14,40,1730,23,1,17,1729,0.575,0.0005780346820809,0.9583333333333334,0.0416666666666666,0.1458104713396592
fbc_tfnbs,"e=0.6,h=2.0,n=30,start_thres=1.25,min_cluster_size=3",hub,0.25,50,14,40,1730,24,1,16,1729,0.6,0.0005780346820809,0.96,0.04,0.1458104713396592
fbc_tfnbs,"e=0.6,h=3.0,n=30,start_thres=1.25,min_cluster_size=3",hub,0.25,50,14,40,1730,24,1,16,1729,0.6,0.0005780346820809,0.96,0.04,0.1458104713396592
fbc_tfnbs,"e=0.6,h=4.0,n=30,start_thres=1.25,min_cluster_size=3",hub,0.25,50,14,40,1730,24,1,16,1729,0.6,0.0005780346820809,0.96,0.04,0.1458104713396592
fbc_tfnbs,"e=0.6,h=5.0,n=30,start_thres=1.25,min_cluster_size=3",hub,0.25,50,14,40,1730,23,1,17,1729,0.575,0.0005780346820809,0.9583333333333334,0.0416666666666666,0.1458104713396592
fbc_tfnbs,"e=0.6,h=6.0,n=30,start_thres=1.25,min_cluster_size=3",hub,0.25,50,14,40,1730,23,1,17,1729,0.575,0.0005780346820809,0.9583333333333334,0.0416666666666666,0.1458104713396592
fbc_tfnbs,"e=0.6,h=7.0,n=30,start_thres=1.25,min_cluster_size=3",hub,0.25,50,14,40,1730,23,1,17,1729,0.575,0.0005780346820809,0.9583333333333334,0.0416666666666666,0.1458104713396592
fbc_tfnbs,"e=0.6,h=8.0,n=30,start_thres=1.25,min_cluster_size=3",hub,0.25,50,14,40,1730,23,1,17,1729,0.575,0.0005780346820809,0.9583333333333334,0.0416666666666666,0.1458104713396592
fbc_tfnbs,"e=0.6,h=9.0,n=30,start_thres=1.25,min_cluster_size=3",hub,0.25,50,14,40,1730,23,1,17,1729,0.575,0.0005780346820809,0.9583333333333334,0.0416666666666666,0.1458104713396592
fbc_tfnbs,"e=0.6,h=10.0,n=30,start_thres=1.25,min_cluster_size=3",hub,0.25,50,14,40,1730,23,1,17,1729,0.575,0.0005780346820809,0.9583333333333334,0.0416666666666666,0.1458104713396592
fbc_tfnbs,"e=0.7,h=0.5,n=30,start_thres=1.25,min_cluster_size=3",hub,0.25,50,14,40,1730,23,2,17,1728,0.575,0.0011560693641618,0.92,0.08,0.1458104713396592
fbc_tfnbs,"e=0.7,h=1.0,n=30,start_thres=1.25,min_cluster_size=3",hub,0.25,50,14,40,1730,22,1,18,1729,0.55,0.0005780346820809,0.9565217391304348,0.0434782608695652,0.1458104713396592
fbc_tfnbs,"e=0.7,h=2.0,n=30,start_thres=1.25,min_cluster_size=3",hub,0.25,50,14,40,1730,23,1,17,1729,0.575,0.0005780346820809,0.9583333333333334,0.0416666666666666,0.1458104713396592
fbc_tfnbs,"e=0.7,h=3.0,n=30,start_thres=1.25,min_cluster_size=3",hub,0.25,50,14,40,1730,24,1,16,1729,0.6,0.0005780346820809,0.96,0.04,0.1458104713396592
fbc_tfnbs,"e=0.7,h=4.0,n=30,start_thres=1.25,min_cluster_size=3",hub,0.25,50,14,40,1730,24,1,16,1729,0.6,0.0005780346820809,0.96,0.04,0.1458104713396592
fbc_tfnbs,"e=0.7,h=5.0,n=30,start_thres=1.25,min_cluster_size=3",hub,0.25,50,14,40,1730,24,1,16,1729,0.6,0.0005780346820809,0.96,0.04,0.1458104713396592
fbc_tfnbs,"e=0.7,h=6.0,n=30,start_thres=1.25,min_cluster_size=3",hub,0.25,50,14,40,1730,23,1,17,1729,0.575,0.0005780346820809,0.9583333333333334,0.0416666666666666,0.1458104713396592
fbc_tfnbs,"e=0.7,h=7.0,n=30,start_thres=1.25,min_cluster_size=3",hub,0.25,50,14,40,1730,23,1,17,1729,0.575,0.0005780346820809,0.9583333333333334,0.0416666666666666,0.1458104713396592
fbc_tfnbs,"e=0.7,h=8.0,n=30,start_thres=1.25,min_cluster_size=3",hub,0.25,50,14,40,1730,23,1,17,1729,0.575,0.0005780346820809,0.9583333333333334,0.0416666666666666,0.1458104713396592
fbc_tfnbs,"e=0.7,h=9.0,n=30,start_thres=1.25,min_cluster_size=3",hub,0.25,50,14,40,1730,23,1,17,1729,0.575,0.0005780346820809,0.9583333333333334,0.0416666666666666,0.1458104713396592
fbc_tfnbs,"e=0.7,h=10.0,n=30,start_thres=1.25,min_cluster_size=3",hub,0.25,50,14,40,1730,23,1,17,1729,0.575,0.0005780346820809,0.9583333333333334,0.0416666666666666,0.1458104713396592
fbc_tfnbs,"e=0.8,h=0.5,n=30,start_thres=1.25,min_cluster_size=3",hub,0.25,50,14,40,1730,23,2,17,1728,0.575,0.0011560693641618,0.92,0.08,0.1458104713396592
fbc_tfnbs,"e=0.8,h=1.0,n=30,start_thres=1.25,min_cluster_size=3",hub,0.25,50,14,40,1730,23,2,17,1728,0.575,0.0011560693641618,0.92,0.08,0.1458104713396592
fbc_tfnbs,"e=0.8,h=2.0,n=30,start_thres=1.25,min_cluster_size=3",hub,0.25,50,14,40,1730,23,1,17,1729,0.575,0.0005780346820809,0.9583333333333334,0.0416666666666666,0.1458104713396592
fbc_tfnbs,"e=0.8,h=3.0,n=30,start_thres=1.25,min_cluster_size=3",hub,0.25,50,14,40,1730,25,2,15,1728,0.625,0.0011560693641618,0.925925925925926,0.074074074074074,0.1458104713396592
fbc_tfnbs,"e=0.8,h=4.0,n=30,start_thres=1.25,min_cluster_size=3",hub,0.25,50,14,40,1730,24,1,16,1729,0.6,0.0005780346820809,0.96,0.04,0.1458104713396592
fbc_tfnbs,"e=0.8,h=5.0,n=30,start_thres=1.25,min_cluster_size=3",hub,0.25,50,14,40,1730,24,1,16,1729,0.6,0.0005780346820809,0.96,0.04,0.1458104713396592
fbc_tfnbs,"e=0.8,h=6.0,n=30,start_thres=1.25,min_cluster_size=3",hub,0.25,50,14,40,1730,24,1,16,1729,0.6,0.0005780346820809,0.96,0.04,0.1458104713396592
fbc_tfnbs,"e=0.8,h=7.0,n=30,start_thres=1.25,min_cluster_size=3",hub,0.25,50,14,40,1730,23,1,17,1729,0.575,0.0005780346820809,0.9583333333333334,0.0416666666666666,0.1458104713396592
fbc_tfnbs,"e=0.8,h=8.0,n=30,start_thres=1.25,min_cluster_size=3",hub,0.25,50,14,40,1730,23,1,17,1729,0.575,0.0005780346820809,0.9583333333333334,0.0416666666666666,0.1458104713396592
fbc_tfnbs,"e=0.8,h=9.0,n=30,start_thres=1.25,min_cluster_size=3",hub,0.25,50,14,40,1730,23,1,17,1729,0.575,0.0005780346820809,0.9583333333333334,0.0416666666666666,0.1458104713396592
fbc_tfnbs,"e=0.8,h=10.0,n=30,start_thres=1.25,min_cluster_size=3",hub,0.25,50,14,40,1730,23,1,17,1729,0.575,0.0005780346820809,0.9583333333333334,0.0416666666666666,0.1458104713396592
fbc_tfnbs,"e=0.9,h=0.5,n=30,start_thres=1.25,min_cluster_size=3",hub,0.25,50,14,40,1730,21,6,19,1724,0.525,0.0034682080924855,0.7777777777777778,0.2222222222222222,0.1458104713396592
fbc_tfnbs,"e=0.9,h=1.0,n=30,start_thres=1.25,min_cluster_size=3",hub,0.25,50,14,40,1730,24,6,16,1724,0.6,0.0034682080924855,0.8,0.2,0.1458104713396592
fbc_tfnbs,"e=0.9,h=2.0,n=30,start_thres=1.25,min_cluster_size=3",hub,0.25,50,14,40,1730,24,2,16,1728,0.6,0.0011560693641618,0.9230769230769232,0.0769230769230769,0.1458104713396592
fbc_tfnbs,"e=0.9,h=3.0,n=30,start_thres=1.25,min_cluster_size=3",hub,0.25,50,14,40,1730,23,1,17,1729,0.575,0.0005780346820809,0.9583333333333334,0.0416666666666666,0.1458104713396592
fbc_tfnbs,"e=0.9,h=4.0,n=30,start_thres=1.25,min_cluster_size=3",hub,0.25,50,14,40,1730,25,2,15,1728,0.625,0.0011560693641618,0.925925925925926,0.074074074074074,0.1458104713396592
fbc_tfnbs,"e=0.9,h=5.0,n=30,start_thres=1.25,min_cluster_size=3",hub,0.25,50,14,40,1730,24,1,16,1729,0.6,0.0005780346820809,0.96,0.04,0.1458104713396592
fbc_tfnbs,"e=0.9,h=6.0,n=30,start_thres=1.25,min_cluster_size=3",hub,0.25,50,14,40,1730,24,1,16,1729,0.6,0.0005780346820809,0.96,0.04,0.1458104713396592
fbc_tfnbs,"e=0.9,h=7.0,n=30,start_thres=1.25,min_cluster_size=3",hub,0.25,50,14,40,1730,24,1,16,1729,0.6,0.0005780346820809,0.96,0.04,0.1458104713396592
fbc_tfnbs,"e=0.9,h=8.0,n=30,start_thres=1.25,min_cluster_size=3",hub,0.25,50,14,40,1730,23,1,17,1729,0.575,0.0005780346820809,0.9583333333333334,0.0416666666666666,0.1458104713396592
fbc_tfnbs,"e=0.9,h=9.0,n=30,start_thres=1.25,min_cluster_size=3",hub,0.25,50,14,40,1730,23,1,17,1729,0.575,0.0005780346820809,0.9583333333333334,0.0416666666666666,0.1458104713396592
fbc_tfnbs,"e=0.9,h=10.0,n=30,start_thres=1.25,min_cluster_size=3",hub,0.25,50,14,40,1730,23,1,17,1729,0.575,0.0005780346820809,0.9583333333333334,0.0416666666666666,0.1458104713396592
fbc_tfnbs,"e=1.0,h=0.5,n=30,start_thres=1.25,min_cluster_size=3",hub,0.25,50,14,40,1730,20,6,20,1724,0.5,0.0034682080924855,0.7692307692307693,0.2307692307692307,0.1458104713396592
fbc_tfnbs,"e=1.0,h=1.0,n=30,start_thres=1.25,min_cluster_size=3",hub,0.25,50,14,40,1730,21,6,19,1724,0.525,0.0034682080924855,0.7777777777777778,0.2222222222222222,0.1458104713396592
fbc_tfnbs,"e=1.0,h=2.0,n=30,start_thres=1.25,min_cluster_size=3",hub,0.25,50,14,40,1730,23,2,17,1728,0.575,0.0011560693641618,0.92,0.08,0.1458104713396592
fbc_tfnbs,"e=1.0,h=3.0,n=30,start_thres=1.25,min_cluster_size=3",hub,0.25,50,14,40,1730,24,2,16,1728,0.6,0.0011560693641618,0.9230769230769232,0.0769230769230769,0.1458104713396592
fbc_tfnbs,"e=1.0,h=4.0,n=30,start_thres=1.25,min_cluster_size=3",hub,0.25,50,14,40,1730,23,1,17,1729,0.575,0.0005780346820809,0.9583333333333334,0.0416666666666666,0.1458104713396592
fbc_tfnbs,"e=1.0,h=5.0,n=30,start_thres=1.25,min_cluster_size=3",hub,0.25,50,14,40,1730,25,2,15,1728,0.625,0.0011560693641618,0.925925925925926,0.074074074074074,0.1458104713396592
fbc_tfnbs,"e=1.0,h=6.0,n=30,start_thres=1.25,min_cluster_size=3",hub,0.25,50,14,40,1730,24,1,16,1729,0.6,0.0005780346820809,0.96,0.04,0.1458104713396592
fbc_tfnbs,"e=1.0,h=7.0,n=30,start_thres=1.25,min_cluster_size=3",hub,0.25,50,14,40,1730,24,1,16,1729,0.6,0.0005780346820809,0.96,0.04,0.1458104713396592
fbc_tfnbs,"e=1.0,h=8.0,n=30,start_thres=1.25,min_cluster_size=3",hub,0.25,50,14,40,1730,24,1,16,1729,0.6,0.0005780346820809,0.96,0.04,0.1458104713396592
fbc_tfnbs,"e=1.0,h=9.0,n=30,start_thres=1.25,min_cluster_size=3",hub,0.25,50,14,40,1730,23,1,17,1729,0.575,0.0005780346820809,0.9583333333333334,0.0416666666666666,0.1458104713396592
fbc_tfnbs,"e=1.0,h=10.0,n=30,start_thres=1.25,min_cluster_size=3",hub,0.25,50,14,40,1730,23,1,17,1729,0.575,0.0005780346820809,0.9583333333333334,0.0416666666666666,0.1458104713396592
fbc_tfnbs,"e=1.1,h=0.5,n=30,start_thres=1.25,min_cluster_size=3",hub,0.25,50,14,40,1730,20,9,20,1721,0.5,0.0052023121387283,0.6896551724137931,0.3103448275862069,0.1458104713396592
fbc_tfnbs,"e=1.1,h=1.0,n=30,start_thres=1.25,min_cluster_size=3",hub,0.25,50,14,40,1730,21,6,19,1724,0.525,0.0034682080924855,0.7777777777777778,0.2222222222222222,0.1458104713396592
fbc_tfnbs,"e=1.1,h=2.0,n=30,start_thres=1.25,min_cluster_size=3",hub,0.25,50,14,40,1730,24,6,16,1724,0.6,0.0034682080924855,0.8,0.2,0.1458104713396592
fbc_tfnbs,"e=1.1,h=3.0,n=30,start_thres=1.25,min_cluster_size=3",hub,0.25,50,14,40,1730,24,2,16,1728,0.6,0.0011560693641618,0.9230769230769232,0.0769230769230769,0.1458104713396592
fbc_tfnbs,"e=1.1,h=4.0,n=30,start_thres=1.25,min_cluster_size=3",hub,0.25,50,14,40,1730,24,2,16,1728,0.6,0.0011560693641618,0.9230769230769232,0.0769230769230769,0.1458104713396592
fbc_tfnbs,"e=1.1,h=5.0,n=30,start_thres=1.25,min_cluster_size=3",hub,0.25,50,14,40,1730,23,1,17,1729,0.575,0.0005780346820809,0.9583333333333334,0.0416666666666666,0.1458104713396592
fbc_tfnbs,"e=1.1,h=6.0,n=30,start_thres=1.25,min_cluster_size=3",hub,0.25,50,14,40,1730,25,2,15,1728,0.625,0.0011560693641618,0.925925925925926,0.074074074074074,0.1458104713396592
fbc_tfnbs,"e=1.1,h=7.0,n=30,start_thres=1.25,min_cluster_size=3",hub,0.25,50,14,40,1730,24,1,16,1729,0.6,0.0005780346820809,0.96,0.04,0.1458104713396592
fbc_tfnbs,"e=1.1,h=8.0,n=30,start_thres=1.25,min_cluster_size=3",hub,0.25,50,14,40,1730,24,1,16,1729,0.6,0.0005780346820809,0.96,0.04,0.1458104713396592
fbc_tfnbs,"e=1.1,h=9.0,n=30,start_thres=1.25,min_cluster_size=3",hub,0.25,50,14,40,1730,24,1,16,1729,0.6,0.0005780346820809,0.96,0.04,0.1458104713396592
fbc_tfnbs,"e=1.1,h=10.0,n=30,start_thres=1.25,min_cluster_size=3",hub,0.25,50,14,40,1730,23,1,17,1729,0.575,0.0005780346820809,0.9583333333333334,0.0416666666666666,0.1458104713396592
fbc_tfnbs,"e=1.2,h=0.5,n=30,start_thres=1.25,min_cluster_size=3",hub,0.25,50,14,40,1730,20,9,20,1721,0.5,0.0052023121387283,0.6896551724137931,0.3103448275862069,0.1458104713396592
fbc_tfnbs,"e=1.2,h=1.0,n=30,start_thres=1.25,min_cluster_size=3",hub,0.25,50,14,40,1730,20,9,20,1721,0.5,0.0052023121387283,0.6896551724137931,0.3103448275862069,0.1458104713396592
fbc_tfnbs,"e=1.2,h=2.0,n=30,start_thres=1.25,min_cluster_size=3",hub,0.25,50,14,40,1730,24,6,16,1724,0.6,0.0034682080924855,0.8,0.2,0.1458104713396592
fbc_tfnbs,"e=1.2,h=3.0,n=30,start_thres=1.25,min_cluster_size=3",hub,0.25,50,14,40,1730,24,6,16,1724,0.6,0.0034682080924855,0.8,0.2,0.1458104713396592
fbc_tfnbs,"e=1.2,h=4.0,n=30,start_thres=1.25,min_cluster_size=3",hub,0.25,50,14,40,1730,24,2,16,1728,0.6,0.0011560693641618,0.9230769230769232,0.0769230769230769,0.1458104713396592
fbc_tfnbs,"e=1.2,h=5.0,n=30,start_thres=1.25,min_cluster_size=3",hub,0.25,50,14,40,1730,24,2,16,1728,0.6,0.0011560693641618,0.9230769230769232,0.0769230769230769,0.1458104713396592
fbc_tfnbs,"e=1.2,h=6.0,n=30,start_thres=1.25,min_cluster_size=3",hub,0.25,50,14,40,1730,23,1,17,1729,0.575,0.0005780346820809,0.9583333333333334,0.0416666666666666,0.1458104713396592
fbc_tfnbs,"e=1.2,h=7.0,n=30,start_thres=1.25,min_cluster_size=3",hub,0.25,50,14,40,1730,24,1,16,1729,0.6,0.0005780346820809,0.96,0.04,0.1458104713396592
fbc_tfnbs,"e=1.2,h=8.0,n=30,start_thres=1.25,min_cluster_size=3",hub,0.25,50,14,40,1730,24,1,16,1729,0.6,0.0005780346820809,0.96,0.04,0.1458104713396592
fbc_tfnbs,"e=1.2,h=9.0,n=30,start_thres=1.25,min_cluster_size=3",hub,0.25,50,14,40,1730,24,1,16,1729,0.6,0.0005780346820809,0.96,0.04,0.1458104713396592
fbc_tfnbs,"e=1.2,h=10.0,n=30,start_thres=1.25,min_cluster_size=3",hub,0.25,50,14,40,1730,24,1,16,1729,0.6,0.0005780346820809,0.96,0.04,0.1458104713396592
fbc_tfnbs,"e=1.3,h=0.5,n=30,start_thres=1.25,min_cluster_size=3",hub,0.25,50,14,40,1730,20,9,20,1721,0.5,0.0052023121387283,0.6896551724137931,0.3103448275862069,0.1458104713396592
fbc_tfnbs,"e=1.3,h=1.0,n=30,start_thres=1.25,min_cluster_size=3",hub,0.25,50,14,40,1730,20,9,20,1721,0.5,0.0052023121387283,0.6896551724137931,0.3103448275862069,0.1458104713396592
fbc_tfnbs,"e=1.3,h=2.0,n=30,start_thres=1.25,min_cluster_size=3",hub,0.25,50,14,40,1730,21,9,19,1721,0.525,0.0052023121387283,0.7,0.3,0.1458104713396592
fbc_tfnbs,"e=1.3,h=3.0,n=30,start_thres=1.25,min_cluster_size=3",hub,0.25,50,14,40,1730,24,6,16,1724,0.6,0.0034682080924855,0.8,0.2,0.1458104713396592
fbc_tfnbs,"e=1.3,h=4.0,n=30,start_thres=1.25,min_cluster_size=3",hub,0.25,50,14,40,1730,25,6,15,1724,0.625,0.0034682080924855,0.8064516129032258,0.1935483870967742,0.1458104713396592
fbc_tfnbs,"e=1.3,h=5.0,n=30,start_thres=1.25,min_cluster_size=3",hub,0.25,50,14,40,1730,24,2,16,1728,0.6,0.0011560693641618,0.9230769230769232,0.0769230769230769,0.1458104713396592
fbc_tfnbs,"e=1.3,h=6.0,n=30,start_thres=1.25,min_cluster_size=3",hub,0.25,50,14,40,1730,23,1,17,1729,0.575,0.0005780346820809,0.9583333333333334,0.0416666666666666,0.1458104713396592
fbc_tfnbs,"e=1.3,h=7.0,n=30,start_thres=1.25,min_cluster_size=3",hub,0.25,50,14,40,1730,25,2,15,1728,0.625,0.0011560693641618,0.925925925925926,0.074074074074074,0.1458104713396592
fbc_tfnbs,"e=1.3,h=8.0,n=30,start_thres=1.25,min_cluster_size=3",hub,0.25,50,14,40,1730,24,1,16,1729,0.6,0.0005780346820809,0.96,0.04,0.1458104713396592
fbc_tfnbs,"e=1.3,h=9.0,n=30,start_thres=1.25,min_cluster_size=3",hub,0.25,50,14,40,1730,24,1,16,1729,0.6,0.0005780346820809,0.96,0.04,0.1458104713396592
fbc_tfnbs,"e=1.3,h=10.0,n=30,start_thres=1.25,min_cluster_size=3",hub,0.25,50,14,40,1730,24,1,16,1729,0.6,0.0005780346820809,0.96,0.04,0.1458104713396592
fbc_tfnbs,"e=1.4,h=0.5,n=30,start_thres=1.25,min_cluster_size=3",hub,0.25,50,14,40,1730,21,13,19,1717,0.525,0.007514450867052,0.6176470588235294,0.3823529411764705,0.1458104713396592
fbc_tfnbs,"e=1.4,h=1.0,n=30,start_thres=1.25,min_cluster_size=3",hub,0.25,50,14,40,1730,21,13,19,1717,0.525,0.007514450867052,0.6176470588235294,0.3823529411764705,0.1458104713396592
fbc_tfnbs,"e=1.4,h=2.0,n=30,start_thres=1.25,min_cluster_size=3",hub,0.25,50,14,40,1730,21,9,19,1721,0.525,0.0052023121387283,0.7,0.3,0.1458104713396592
fbc_tfnbs,"e=1.4,h=3.0,n=30,start_thres=1.25,min_cluster_size=3",hub,0.25,50,14,40,1730,24,9,16,1721,0.6,0.0052023121387283,0.7272727272727273,0.2727272727272727,0.1458104713396592
fbc_tfnbs,"e=1.4,h=4.0,n=30,start_thres=1.25,min_cluster_size=3",hub,0.25,50,14,40,1730,25,6,15,1724,0.625,0.0034682080924855,0.8064516129032258,0.1935483870967742,0.1458104713396592
fbc_tfnbs,"e=1.4,h=5.0,n=30,start_thres=1.25,min_cluster_size=3",hub,0.25,50,14,40,1730,24,2,16,1728,0.6,0.0011560693641618,0.9230769230769232,0.0769230769230769,0.1458104713396592
fbc_tfnbs,"e=1.4,h=6.0,n=30,start_thres=1.25,min_cluster_size=3",hub,0.25,50,14,40,1730,24,2,16,1728,0.6,0.0011560693641618,0.9230769230769232,0.0769230769230769,0.1458104713396592
fbc_tfnbs,"e=1.4,h=7.0,n=30,start_thres=1.25,min_cluster_size=3",hub,0.25,50,14,40,1730,23,1,17,1729,0.575,0.0005780346820809,0.9583333333333334,0.0416666666666666,0.1458104713396592
fbc_tfnbs,"e=1.4,h=8.0,n=30,start_thres=1.25,min_cluster_size=3",hub,0.25,50,14,40,1730,25,2,15,1728,0.625,0.0011560693641618,0.925925925925926,0.074074074074074,0.1458104713396592
fbc_tfnbs,"e=1.4,h=9.0,n=30,start_thres=1.25,min_cluster_size=3",hub,0.25,50,14,40,1730,24,1,16,1729,0.6,0.0005780346820809,0.96,0.04,0.1458104713396592
fbc_tfnbs,"e=1.4,h=10.0,n=30,start_thres=1.25,min_cluster_size=3",hub,0.25,50,14,40,1730,24,1,16,1729,0.6,0.0005780346820809,0.96,0.04,0.1458104713396592
fbc_tfnbs,"e=1.5,h=0.5,n=30,start_thres=1.25,min_cluster_size=3",hub,0.25,50,14,40,1730,20,13,20,1717,0.5,0.007514450867052,0.6060606060606061,0.3939393939393939,0.1458104713396592
fbc_tfnbs,"e=1.5,h=1.0,n=30,start_thres=1.25,min_cluster_size=3",hub,0.25,50,14,40,1730,21,13,19,1717,0.525,0.007514450867052,0.6176470588235294,0.3823529411764705,0.1458104713396592
fbc_tfnbs,"e=1.5,h=2.0,n=30,start_thres=1.25,min_cluster_size=3",hub,0.25,50,14,40,1730,21,9,19,1721,0.525,0.0052023121387283,0.7,0.3,0.1458104713396592
fbc_tfnbs,"e=1.5,h=3.0,n=30,start_thres=1.25,min_cluster_size=3",hub,0.25,50,14,40,1730,21,9,19,1721,0.525,0.0052023121387283,0.7,0.3,0.1458104713396592
fbc_tfnbs,"e=1.5,h=4.0,n=30,start_thres=1.25,min_cluster_size=3",hub,0.25,50,14,40,1730,24,9,16,1721,0.6,0.0052023121387283,0.7272727272727273,0.2727272727272727,0.1458104713396592
fbc_tfnbs,"e=1.5,h=5.0,n=30,start_thres=1.25,min_cluster_size=3",hub,0.25,50,14,40,1730,25,6,15,1724,0.625,0.0034682080924855,0.8064516129032258,0.1935483870967742,0.1458104713396592
fbc_tfnbs,"e=1.5,h=6.0,n=30,start_thres=1.25,min_cluster_size=3",hub,0.25,50,14,40,1730,24,2,16,1728,0.6,0.0011560693641618,0.9230769230769232,0.0769230769230769,0.1458104713396592
fbc_tfnbs,"e=1.5,h=7.0,n=30,start_thres=1.25,min_cluster_size=3",hub,0.25,50,14,40,1730,24,2,16,1728,0.6,0.0011560693641618,0.9230769230769232,0.0769230769230769,0.1458104713396592
fbc_tfnbs,"e=1.5,h=8.0,n=30,start_thres=1.25,min_cluster_size=3",hub,0.25,50,14,40,1730,23,1,17,1729,0.575,0.0005780346820809,0.9583333333333334,0.0416666666666666,0.1458104713396592
fbc_tfnbs,"e=1.5,h=9.0,n=30,start_thres=1.25,min_cluster_size=3",hub,0.25,50,14,40,1730,25,2,15,1728,0.625,0.0011560693641618,0.925925925925926,0.074074074074074,0.1458104713396592
fbc_tfnbs,"e=1.5,h=10.0,n=30,start_thres=1.25,min_cluster_size=3",hub,0.25,50,14,40,1730,24,1,16,1729,0.6,0.0005780346820809,0.96,0.04,0.1458104713396592
fbc_tfnbs,"e=0.05,h=0.5,n=30,start_thres=1.25,min_cluster_size=3",hub,0.25,50,15,40,1730,19,4,21,1726,0.475,0.0023121387283236,0.8260869565217391,0.1739130434782608,0.1415883356874639
fbc_tfnbs,"e=0.05,h=1.0,n=30,start_thres=1.25,min_cluster_size=3",hub,0.25,50,15,40,1730,19,5,21,1725,0.475,0.0028901734104046,0.7916666666666666,0.2083333333333333,0.1415883356874639
fbc_tfnbs,"e=0.05,h=2.0,n=30,start_thres=1.25,min_cluster_size=3",hub,0.25,50,15,40,1730,19,5,21,1725,0.475,0.0028901734104046,0.7916666666666666,0.2083333333333333,0.1415883356874639
fbc_tfnbs,"e=0.05,h=3.0,n=30,start_thres=1.25,min_cluster_size=3",hub,0.25,50,15,40,1730,19,5,21,1725,0.475,0.0028901734104046,0.7916666666666666,0.2083333333333333,0.1415883356874639
fbc_tfnbs,"e=0.05,h=4.0,n=30,start_thres=1.25,min_cluster_size=3",hub,0.25,50,15,40,1730,19,5,21,1725,0.475,0.0028901734104046,0.7916666666666666,0.2083333333333333,0.1415883356874639
fbc_tfnbs,"e=0.05,h=5.0,n=30,start_thres=1.25,min_cluster_size=3",hub,0.25,50,15,40,1730,19,5,21,1725,0.475,0.0028901734104046,0.7916666666666666,0.2083333333333333,0.1415883356874639
fbc_tfnbs,"e=0.05,h=6.0,n=30,start_thres=1.25,min_cluster_size=3",hub,0.25,50,15,40,1730,19,5,21,1725,0.475,0.0028901734104046,0.7916666666666666,0.2083333333333333,0.1415883356874639
fbc_tfnbs,"e=0.05,h=7.0,n=30,start_thres=1.25,min_cluster_size=3",hub,0.25,50,15,40,1730,19,5,21,1725,0.475,0.0028901734104046,0.7916666666666666,0.2083333333333333,0.1415883356874639
fbc_tfnbs,"e=0.05,h=8.0,n=30,start_thres=1.25,min_cluster_size=3",hub,0.25,50,15,40,1730,19,5,21,1725,0.475,0.0028901734104046,0.7916666666666666,0.2083333333333333,0.1415883356874639
fbc_tfnbs,"e=0.05,h=9.0,n=30,start_thres=1.25,min_cluster_size=3",hub,0.25,50,15,40,1730,19,5,21,1725,0.475,0.0028901734104046,0.7916666666666666,0.2083333333333333,0.1415883356874639
fbc_tfnbs,"e=0.05,h=10.0,n=30,start_thres=1.25,min_cluster_size=3",hub,0.25,50,15,40,1730,19,5,21,1725,0.475,0.0028901734104046,0.7916666666666666,0.2083333333333333,0.1415883356874639
fbc_tfnbs,"e=0.1,h=0.5,n=30,start_thres=1.25,min_cluster_size=3",hub,0.25,50,15,40,1730,19,5,21,1725,0.475,0.0028901734104046,0.7916666666666666,0.2083333333333333,0.1415883356874639
fbc_tfnbs,"e=0.1,h=1.0,n=30,start_thres=1.25,min_cluster_size=3",hub,0.25,50,15,40,1730,19,5,21,1725,0.475,0.0028901734104046,0.7916666666666666,0.2083333333333333,0.1415883356874639
fbc_tfnbs,"e=0.1,h=2.0,n=30,start_thres=1.25,min_cluster_size=3",hub,0.25,50,15,40,1730,19,5,21,1725,0.475,0.0028901734104046,0.7916666666666666,0.2083333333333333,0.1415883356874639
fbc_tfnbs,"e=0.1,h=3.0,n=30,start_thres=1.25,min_cluster_size=3",hub,0.25,50,15,40,1730,19,5,21,1725,0.475,0.0028901734104046,0.7916666666666666,0.2083333333333333,0.1415883356874639
fbc_tfnbs,"e=0.1,h=4.0,n=30,start_thres=1.25,min_cluster_size=3",hub,0.25,50,15,40,1730,19,5,21,1725,0.475,0.0028901734104046,0.7916666666666666,0.2083333333333333,0.1415883356874639
fbc_tfnbs,"e=0.1,h=5.0,n=30,start_thres=1.25,min_cluster_size=3",hub,0.25,50,15,40,1730,19,5,21,1725,0.475,0.0028901734104046,0.7916666666666666,0.2083333333333333,0.1415883356874639
fbc_tfnbs,"e=0.1,h=6.0,n=30,start_thres=1.25,min_cluster_size=3",hub,0.25,50,15,40,1730,19,5,21,1725,0.475,0.0028901734104046,0.7916666666666666,0.2083333333333333,0.1415883356874639
fbc_tfnbs,"e=0.1,h=7.0,n=30,start_thres=1.25,min_cluster_size=3",hub,0.25,50,15,40,1730,19,5,21,1725,0.475,0.0028901734104046,0.7916666666666666,0.2083333333333333,0.1415883356874639
fbc_tfnbs,"e=0.1,h=8.0,n=30,start_thres=1.25,min_cluster_size=3",hub,0.25,50,15,40,1730,19,5,21,1725,0.475,0.0028901734104046,0.7916666666666666,0.2083333333333333,0.1415883356874639
fbc_tfnbs,"e=0.1,h=9.0,n=30,start_thres=1.25,min_cluster_size=3",hub,0.25,50,15,40,1730,19,5,21,1725,0.475,0.0028901734104046,0.7916666666666666,0.2083333333333333,0.1415883356874639
fbc_tfnbs,"e=0.1,h=10.0,n=30,start_thres=1.25,min_cluster_size=3",hub,0.25,50,15,40,1730,19,5,21,1725,0.475,0.0028901734104046,0.7916666666666666,0.2083333333333333,0.1415883356874639
fbc_tfnbs,"e=0.2,h=0.5,n=30,start_thres=1.25,min_cluster_size=3",hub,0.25,50,15,40,1730,21,6,19,1724,0.525,0.0034682080924855,0.7777777777777778,0.2222222222222222,0.1415883356874639
fbc_tfnbs,"e=0.2,h=1.0,n=30,start_thres=1.25,min_cluster_size=3",hub,0.25,50,15,40,1730,19,5,21,1725,0.475,0.0028901734104046,0.7916666666666666,0.2083333333333333,0.1415883356874639
fbc_tfnbs,"e=0.2,h=2.0,n=30,start_thres=1.25,min_cluster_size=3",hub,0.25,50,15,40,1730,19,5,21,1725,0.475,0.0028901734104046,0.7916666666666666,0.2083333333333333,0.1415883356874639
fbc_tfnbs,"e=0.2,h=3.0,n=30,start_thres=1.25,min_cluster_size=3",hub,0.25,50,15,40,1730,19,5,21,1725,0.475,0.0028901734104046,0.7916666666666666,0.2083333333333333,0.1415883356874639
fbc_tfnbs,"e=0.2,h=4.0,n=30,start_thres=1.25,min_cluster_size=3",hub,0.25,50,15,40,1730,19,6,21,1724,0.475,0.0034682080924855,0.76,0.24,0.1415883356874639
fbc_tfnbs,"e=0.2,h=5.0,n=30,start_thres=1.25,min_cluster_size=3",hub,0.25,50,15,40,1730,19,5,21,1725,0.475,0.0028901734104046,0.7916666666666666,0.2083333333333333,0.1415883356874639
fbc_tfnbs,"e=0.2,h=6.0,n=30,start_thres=1.25,min_cluster_size=3",hub,0.25,50,15,40,1730,19,6,21,1724,0.475,0.0034682080924855,0.76,0.24,0.1415883356874639
fbc_tfnbs,"e=0.2,h=7.0,n=30,start_thres=1.25,min_cluster_size=3",hub,0.25,50,15,40,1730,19,6,21,1724,0.475,0.0034682080924855,0.76,0.24,0.1415883356874639
fbc_tfnbs,"e=0.2,h=8.0,n=30,start_thres=1.25,min_cluster_size=3",hub,0.25,50,15,40,1730,19,6,21,1724,0.475,0.0034682080924855,0.76,0.24,0.1415883356874639
fbc_tfnbs,"e=0.2,h=9.0,n=30,start_thres=1.25,min_cluster_size=3",hub,0.25,50,15,40,1730,19,6,21,1724,0.475,0.0034682080924855,0.76,0.24,0.1415883356874639
fbc_tfnbs,"e=0.2,h=10.0,n=30,start_thres=1.25,min_cluster_size=3",hub,0.25,50,15,40,1730,19,6,21,1724,0.475,0.0034682080924855,0.76,0.24,0.1415883356874639
fbc_tfnbs,"e=0.3,h=0.5,n=30,start_thres=1.25,min_cluster_size=3",hub,0.25,50,15,40,1730,21,8,19,1722,0.525,0.0046242774566473,0.7241379310344828,0.2758620689655172,0.1415883356874639
fbc_tfnbs,"e=0.3,h=1.0,n=30,start_thres=1.25,min_cluster_size=3",hub,0.25,50,15,40,1730,21,6,19,1724,0.525,0.0034682080924855,0.7777777777777778,0.2222222222222222,0.1415883356874639
fbc_tfnbs,"e=0.3,h=2.0,n=30,start_thres=1.25,min_cluster_size=3",hub,0.25,50,15,40,1730,21,6,19,1724,0.525,0.0034682080924855,0.7777777777777778,0.2222222222222222,0.1415883356874639
fbc_tfnbs,"e=0.3,h=3.0,n=30,start_thres=1.25,min_cluster_size=3",hub,0.25,50,15,40,1730,21,6,19,1724,0.525,0.0034682080924855,0.7777777777777778,0.2222222222222222,0.1415883356874639
fbc_tfnbs,"e=0.3,h=4.0,n=30,start_thres=1.25,min_cluster_size=3",hub,0.25,50,15,40,1730,21,6,19,1724,0.525,0.0034682080924855,0.7777777777777778,0.2222222222222222,0.1415883356874639
fbc_tfnbs,"e=0.3,h=5.0,n=30,start_thres=1.25,min_cluster_size=3",hub,0.25,50,15,40,1730,19,6,21,1724,0.475,0.0034682080924855,0.76,0.24,0.1415883356874639
fbc_tfnbs,"e=0.3,h=6.0,n=30,start_thres=1.25,min_cluster_size=3",hub,0.25,50,15,40,1730,19,6,21,1724,0.475,0.0034682080924855,0.76,0.24,0.1415883356874639
fbc_tfnbs,"e=0.3,h=7.0,n=30,start_thres=1.25,min_cluster_size=3",hub,0.25,50,15,40,1730,19,6,21,1724,0.475,0.0034682080924855,0.76,0.24,0.1415883356874639
fbc_tfnbs,"e=0.3,h=8.0,n=30,start_thres=1.25,min_cluster_size=3",hub,0.25,50,15,40,1730,19,6,21,1724,0.475,0.0034682080924855,0.76,0.24,0.1415883356874639
fbc_tfnbs,"e=0.3,h=9.0,n=30,start_thres=1.25,min_cluster_size=3",hub,0.25,50,15,40,1730,19,6,21,1724,0.475,0.0034682080924855,0.76,0.24,0.1415883356874639
fbc_tfnbs,"e=0.3,h=10.0,n=30,start_thres=1.25,min_cluster_size=3",hub,0.25,50,15,40,1730,19,6,21,1724,0.475,0.0034682080924855,0.76,0.24,0.1415883356874639
fbc_tfnbs,"e=0.4,h=0.5,n=30,start_thres=1.25,min_cluster_size=3",hub,0.25,50,15,40,1730,22,8,18,1722,0.55,0.0046242774566473,0.7333333333333333,0.2666666666666666,0.1415883356874639
fbc_tfnbs,"e=0.4,h=1.0,n=30,start_thres=1.25,min_cluster_size=3",hub,0.25,50,15,40,1730,22,8,18,1722,0.55,0.0046242774566473,0.7333333333333333,0.2666666666666666,0.1415883356874639
fbc_tfnbs,"e=0.4,h=2.0,n=30,start_thres=1.25,min_cluster_size=3",hub,0.25,50,15,40,1730,21,8,19,1722,0.525,0.0046242774566473,0.7241379310344828,0.2758620689655172,0.1415883356874639
fbc_tfnbs,"e=0.4,h=3.0,n=30,start_thres=1.25,min_cluster_size=3",hub,0.25,50,15,40,1730,21,8,19,1722,0.525,0.0046242774566473,0.7241379310344828,0.2758620689655172,0.1415883356874639
fbc_tfnbs,"e=0.4,h=4.0,n=30,start_thres=1.25,min_cluster_size=3",hub,0.25,50,15,40,1730,21,9,19,1721,0.525,0.0052023121387283,0.7,0.3,0.1415883356874639
fbc_tfnbs,"e=0.4,h=5.0,n=30,start_thres=1.25,min_cluster_size=3",hub,0.25,50,15,40,1730,21,7,19,1723,0.525,0.0040462427745664,0.75,0.25,0.1415883356874639
fbc_tfnbs,"e=0.4,h=6.0,n=30,start_thres=1.25,min_cluster_size=3",hub,0.25,50,15,40,1730,21,7,19,1723,0.525,0.0040462427745664,0.75,0.25,0.1415883356874639
fbc_tfnbs,"e=0.4,h=7.0,n=30,start_thres=1.25,min_cluster_size=3",hub,0.25,50,15,40,1730,19,6,21,1724,0.475,0.0034682080924855,0.76,0.24,0.1415883356874639
fbc_tfnbs,"e=0.4,h=8.0,n=30,start_thres=1.25,min_cluster_size=3",hub,0.25,50,15,40,1730,19,6,21,1724,0.475,0.0034682080924855,0.76,0.24,0.1415883356874639
fbc_tfnbs,"e=0.4,h=9.0,n=30,start_thres=1.25,min_cluster_size=3",hub,0.25,50,15,40,1730,19,6,21,1724,0.475,0.0034682080924855,0.76,0.24,0.1415883356874639
fbc_tfnbs,"e=0.4,h=10.0,n=30,start_thres=1.25,min_cluster_size=3",hub,0.25,50,15,40,1730,19,6,21,1724,0.475,0.0034682080924855,0.76,0.24,0.1415883356874639
fbc_tfnbs,"e=0.5,h=0.5,n=30,start_thres=1.25,min_cluster_size=3",hub,0.25,50,15,40,1730,20,7,20,1723,0.5,0.0040462427745664,0.7407407407407407,0.2592592592592592,0.1415883356874639
fbc_tfnbs,"e=0.5,h=1.0,n=30,start_thres=1.25,min_cluster_size=3",hub,0.25,50,15,40,1730,22,8,18,1722,0.55,0.0046242774566473,0.7333333333333333,0.2666666666666666,0.1415883356874639
fbc_tfnbs,"e=0.5,h=2.0,n=30,start_thres=1.25,min_cluster_size=3",hub,0.25,50,15,40,1730,22,8,18,1722,0.55,0.0046242774566473,0.7333333333333333,0.2666666666666666,0.1415883356874639
fbc_tfnbs,"e=0.5,h=3.0,n=30,start_thres=1.25,min_cluster_size=3",hub,0.25,50,15,40,1730,22,8,18,1722,0.55,0.0046242774566473,0.7333333333333333,0.2666666666666666,0.1415883356874639
fbc_tfnbs,"e=0.5,h=4.0,n=30,start_thres=1.25,min_cluster_size=3",hub,0.25,50,15,40,1730,21,9,19,1721,0.525,0.0052023121387283,0.7,0.3,0.1415883356874639
fbc_tfnbs,"e=0.5,h=5.0,n=30,start_thres=1.25,min_cluster_size=3",hub,0.25,50,15,40,1730,21,9,19,1721,0.525,0.0052023121387283,0.7,0.3,0.1415883356874639
fbc_tfnbs,"e=0.5,h=6.0,n=30,start_thres=1.25,min_cluster_size=3",hub,0.25,50,15,40,1730,21,9,19,1721,0.525,0.0052023121387283,0.7,0.3,0.1415883356874639
fbc_tfnbs,"e=0.5,h=7.0,n=30,start_thres=1.25,min_cluster_size=3",hub,0.25,50,15,40,1730,21,7,19,1723,0.525,0.0040462427745664,0.75,0.25,0.1415883356874639
fbc_tfnbs,"e=0.5,h=8.0,n=30,start_thres=1.25,min_cluster_size=3",hub,0.25,50,15,40,1730,21,7,19,1723,0.525,0.0040462427745664,0.75,0.25,0.1415883356874639
fbc_tfnbs,"e=0.5,h=9.0,n=30,start_thres=1.25,min_cluster_size=3",hub,0.25,50,15,40,1730,21,7,19,1723,0.525,0.0040462427745664,0.75,0.25,0.1415883356874639
fbc_tfnbs,"e=0.5,h=10.0,n=30,start_thres=1.25,min_cluster_size=3",hub,0.25,50,15,40,1730,19,6,21,1724,0.475,0.0034682080924855,0.76,0.24,0.1415883356874639
fbc_tfnbs,"e=0.6,h=0.5,n=30,start_thres=1.25,min_cluster_size=3",hub,0.25,50,15,40,1730,20,8,20,1722,0.5,0.0046242774566473,0.7142857142857143,0.2857142857142857,0.1415883356874639
fbc_tfnbs,"e=0.6,h=1.0,n=30,start_thres=1.25,min_cluster_size=3",hub,0.25,50,15,40,1730,20,8,20,1722,0.5,0.0046242774566473,0.7142857142857143,0.2857142857142857,0.1415883356874639
fbc_tfnbs,"e=0.6,h=2.0,n=30,start_thres=1.25,min_cluster_size=3",hub,0.25,50,15,40,1730,22,8,18,1722,0.55,0.0046242774566473,0.7333333333333333,0.2666666666666666,0.1415883356874639
fbc_tfnbs,"e=0.6,h=3.0,n=30,start_thres=1.25,min_cluster_size=3",hub,0.25,50,15,40,1730,22,9,18,1721,0.55,0.0052023121387283,0.7096774193548387,0.2903225806451613,0.1415883356874639
fbc_tfnbs,"e=0.6,h=4.0,n=30,start_thres=1.25,min_cluster_size=3",hub,0.25,50,15,40,1730,22,9,18,1721,0.55,0.0052023121387283,0.7096774193548387,0.2903225806451613,0.1415883356874639
fbc_tfnbs,"e=0.6,h=5.0,n=30,start_thres=1.25,min_cluster_size=3",hub,0.25,50,15,40,1730,22,9,18,1721,0.55,0.0052023121387283,0.7096774193548387,0.2903225806451613,0.1415883356874639
fbc_tfnbs,"e=0.6,h=6.0,n=30,start_thres=1.25,min_cluster_size=3",hub,0.25,50,15,40,1730,21,9,19,1721,0.525,0.0052023121387283,0.7,0.3,0.1415883356874639
fbc_tfnbs,"e=0.6,h=7.0,n=30,start_thres=1.25,min_cluster_size=3",hub,0.25,50,15,40,1730,21,9,19,1721,0.525,0.0052023121387283,0.7,0.3,0.1415883356874639
fbc_tfnbs,"e=0.6,h=8.0,n=30,start_thres=1.25,min_cluster_size=3",hub,0.25,50,15,40,1730,21,9,19,1721,0.525,0.0052023121387283,0.7,0.3,0.1415883356874639
fbc_tfnbs,"e=0.6,h=9.0,n=30,start_thres=1.25,min_cluster_size=3",hub,0.25,50,15,40,1730,21,7,19,1723,0.525,0.0040462427745664,0.75,0.25,0.1415883356874639
fbc_tfnbs,"e=0.6,h=10.0,n=30,start_thres=1.25,min_cluster_size=3",hub,0.25,50,15,40,1730,21,7,19,1723,0.525,0.0040462427745664,0.75,0.25,0.1415883356874639
fbc_tfnbs,"e=0.7,h=0.5,n=30,start_thres=1.25,min_cluster_size=3",hub,0.25,50,15,40,1730,20,8,20,1722,0.5,0.0046242774566473,0.7142857142857143,0.2857142857142857,0.1415883356874639
fbc_tfnbs,"e=0.7,h=1.0,n=30,start_thres=1.25,min_cluster_size=3",hub,0.25,50,15,40,1730,20,8,20,1722,0.5,0.0046242774566473,0.7142857142857143,0.2857142857142857,0.1415883356874639
fbc_tfnbs,"e=0.7,h=2.0,n=30,start_thres=1.25,min_cluster_size=3",hub,0.25,50,15,40,1730,22,9,18,1721,0.55,0.0052023121387283,0.7096774193548387,0.2903225806451613,0.1415883356874639
fbc_tfnbs,"e=0.7,h=3.0,n=30,start_thres=1.25,min_cluster_size=3",hub,0.25,50,15,40,1730,22,9,18,1721,0.55,0.0052023121387283,0.7096774193548387,0.2903225806451613,0.1415883356874639
fbc_tfnbs,"e=0.7,h=4.0,n=30,start_thres=1.25,min_cluster_size=3",hub,0.25,50,15,40,1730,22,9,18,1721,0.55,0.0052023121387283,0.7096774193548387,0.2903225806451613,0.1415883356874639
fbc_tfnbs,"e=0.7,h=5.0,n=30,start_thres=1.25,min_cluster_size=3",hub,0.25,50,15,40,1730,22,9,18,1721,0.55,0.0052023121387283,0.7096774193548387,0.2903225806451613,0.1415883356874639
fbc_tfnbs,"e=0.7,h=6.0,n=30,start_thres=1.25,min_cluster_size=3",hub,0.25,50,15,40,1730,22,9,18,1721,0.55,0.0052023121387283,0.7096774193548387,0.2903225806451613,0.1415883356874639
fbc_tfnbs,"e=0.7,h=7.0,n=30,start_thres=1.25,min_cluster_size=3",hub,0.25,50,15,40,1730,21,9,19,1721,0.525,0.0052023121387283,0.7,0.3,0.1415883356874639
fbc_tfnbs,"e=0.7,h=8.0,n=30,start_thres=1.25,min_cluster_size=3",hub,0.25,50,15,40,1730,21,9,19,1721,0.525,0.0052023121387283,0.7,0.3,0.1415883356874639
fbc_tfnbs,"e=0.7,h=9.0,n=30,start_thres=1.25,min_cluster_size=3",hub,0.25,50,15,40,1730,21,9,19,1721,0.525,0.0052023121387283,0.7,0.3,0.1415883356874639
fbc_tfnbs,"e=0.7,h=10.0,n=30,start_thres=1.25,min_cluster_size=3",hub,0.25,50,15,40,1730,21,9,19,1721,0.525,0.0052023121387283,0.7,0.3,0.1415883356874639
fbc_tfnbs,"e=0.8,h=0.5,n=30,start_thres=1.25,min_cluster_size=3",hub,0.25,50,15,40,1730,17,13,23,1717,0.425,0.007514450867052,0.5666666666666667,0.4333333333333333,0.1415883356874639
fbc_tfnbs,"e=0.8,h=1.0,n=30,start_thres=1.25,min_cluster_size=3",hub,0.25,50,15,40,1730,21,13,19,1717,0.525,0.007514450867052,0.6176470588235294,0.3823529411764705,0.1415883356874639
fbc_tfnbs,"e=0.8,h=2.0,n=30,start_thres=1.25,min_cluster_size=3",hub,0.25,50,15,40,1730,21,8,19,1722,0.525,0.0046242774566473,0.7241379310344828,0.2758620689655172,0.1415883356874639
fbc_tfnbs,"e=0.8,h=3.0,n=30,start_thres=1.25,min_cluster_size=3",hub,0.25,50,15,40,1730,23,9,17,1721,0.575,0.0052023121387283,0.71875,0.28125,0.1415883356874639
fbc_tfnbs,"e=0.8,h=4.0,n=30,start_thres=1.25,min_cluster_size=3",hub,0.25,50,15,40,1730,23,9,17,1721,0.575,0.0052023121387283,0.71875,0.28125,0.1415883356874639
fbc_tfnbs,"e=0.8,h=5.0,n=30,start_thres=1.25,min_cluster_size=3",hub,0.25,50,15,40,1730,22,9,18,1721,0.55,0.0052023121387283,0.7096774193548387,0.2903225806451613,0.1415883356874639
fbc_tfnbs,"e=0.8,h=6.0,n=30,start_thres=1.25,min_cluster_size=3",hub,0.25,50,15,40,1730,22,9,18,1721,0.55,0.0052023121387283,0.7096774193548387,0.2903225806451613,0.1415883356874639
fbc_tfnbs,"e=0.8,h=7.0,n=30,start_thres=1.25,min_cluster_size=3",hub,0.25,50,15,40,1730,22,9,18,1721,0.55,0.0052023121387283,0.7096774193548387,0.2903225806451613,0.1415883356874639
fbc_tfnbs,"e=0.8,h=8.0,n=30,start_thres=1.25,min_cluster_size=3",hub,0.25,50,15,40,1730,21,9,19,1721,0.525,0.0052023121387283,0.7,0.3,0.1415883356874639
fbc_tfnbs,"e=0.8,h=9.0,n=30,start_thres=1.25,min_cluster_size=3",hub,0.25,50,15,40,1730,21,9,19,1721,0.525,0.0052023121387283,0.7,0.3,0.1415883356874639
fbc_tfnbs,"e=0.8,h=10.0,n=30,start_thres=1.25,min_cluster_size=3",hub,0.25,50,15,40,1730,21,9,19,1721,0.525,0.0052023121387283,0.7,0.3,0.1415883356874639
fbc_tfnbs,"e=0.9,h=0.5,n=30,start_thres=1.25,min_cluster_size=3",hub,0.25,50,15,40,1730,17,13,23,1717,0.425,0.007514450867052,0.5666666666666667,0.4333333333333333,0.1415883356874639
fbc_tfnbs,"e=0.9,h=1.0,n=30,start_thres=1.25,min_cluster_size=3",hub,0.25,50,15,40,1730,17,13,23,1717,0.425,0.007514450867052,0.5666666666666667,0.4333333333333333,0.1415883356874639
fbc_tfnbs,"e=0.9,h=2.0,n=30,start_thres=1.25,min_cluster_size=3",hub,0.25,50,15,40,1730,22,13,18,1717,0.55,0.007514450867052,0.6285714285714286,0.3714285714285714,0.1415883356874639
fbc_tfnbs,"e=0.9,h=3.0,n=30,start_thres=1.25,min_cluster_size=3",hub,0.25,50,15,40,1730,21,8,19,1722,0.525,0.0046242774566473,0.7241379310344828,0.2758620689655172,0.1415883356874639
fbc_tfnbs,"e=0.9,h=4.0,n=30,start_thres=1.25,min_cluster_size=3",hub,0.25,50,15,40,1730,23,9,17,1721,0.575,0.0052023121387283,0.71875,0.28125,0.1415883356874639
fbc_tfnbs,"e=0.9,h=5.0,n=30,start_thres=1.25,min_cluster_size=3",hub,0.25,50,15,40,1730,23,10,17,1720,0.575,0.0057803468208092,0.696969696969697,0.303030303030303,0.1415883356874639
fbc_tfnbs,"e=0.9,h=6.0,n=30,start_thres=1.25,min_cluster_size=3",hub,0.25,50,15,40,1730,23,9,17,1721,0.575,0.0052023121387283,0.71875,0.28125,0.1415883356874639
fbc_tfnbs,"e=0.9,h=7.0,n=30,start_thres=1.25,min_cluster_size=3",hub,0.25,50,15,40,1730,22,9,18,1721,0.55,0.0052023121387283,0.7096774193548387,0.2903225806451613,0.1415883356874639
fbc_tfnbs,"e=0.9,h=8.0,n=30,start_thres=1.25,min_cluster_size=3",hub,0.25,50,15,40,1730,22,9,18,1721,0.55,0.0052023121387283,0.7096774193548387,0.2903225806451613,0.1415883356874639
fbc_tfnbs,"e=0.9,h=9.0,n=30,start_thres=1.25,min_cluster_size=3",hub,0.25,50,15,40,1730,22,9,18,1721,0.55,0.0052023121387283,0.7096774193548387,0.2903225806451613,0.1415883356874639
fbc_tfnbs,"e=0.9,h=10.0,n=30,start_thres=1.25,min_cluster_size=3",hub,0.25,50,15,40,1730,21,9,19,1721,0.525,0.0052023121387283,0.7,0.3,0.1415883356874639
fbc_tfnbs,"e=1.0,h=0.5,n=30,start_thres=1.25,min_cluster_size=3",hub,0.25,50,15,40,1730,17,13,23,1717,0.425,0.007514450867052,0.5666666666666667,0.4333333333333333,0.1415883356874639
fbc_tfnbs,"e=1.0,h=1.0,n=30,start_thres=1.25,min_cluster_size=3",hub,0.25,50,15,40,1730,17,13,23,1717,0.425,0.007514450867052,0.5666666666666667,0.4333333333333333,0.1415883356874639
fbc_tfnbs,"e=1.0,h=2.0,n=30,start_thres=1.25,min_cluster_size=3",hub,0.25,50,15,40,1730,22,13,18,1717,0.55,0.007514450867052,0.6285714285714286,0.3714285714285714,0.1415883356874639
fbc_tfnbs,"e=1.0,h=3.0,n=30,start_thres=1.25,min_cluster_size=3",hub,0.25,50,15,40,1730,22,13,18,1717,0.55,0.007514450867052,0.6285714285714286,0.3714285714285714,0.1415883356874639
fbc_tfnbs,"e=1.0,h=4.0,n=30,start_thres=1.25,min_cluster_size=3",hub,0.25,50,15,40,1730,24,14,16,1716,0.6,0.0080924855491329,0.631578947368421,0.3684210526315789,0.1415883356874639
fbc_tfnbs,"e=1.0,h=5.0,n=30,start_thres=1.25,min_cluster_size=3",hub,0.25,50,15,40,1730,23,10,17,1720,0.575,0.0057803468208092,0.696969696969697,0.303030303030303,0.1415883356874639
fbc_tfnbs,"e=1.0,h=6.0,n=30,start_thres=1.25,min_cluster_size=3",hub,0.25,50,15,40,1730,23,10,17,1720,0.575,0.0057803468208092,0.696969696969697,0.303030303030303,0.1415883356874639
fbc_tfnbs,"e=1.0,h=7.0,n=30,start_thres=1.25,min_cluster_size=3",hub,0.25,50,15,40,1730,23,9,17,1721,0.575,0.0052023121387283,0.71875,0.28125,0.1415883356874639
fbc_tfnbs,"e=1.0,h=8.0,n=30,start_thres=1.25,min_cluster_size=3",hub,0.25,50,15,40,1730,22,9,18,1721,0.55,0.0052023121387283,0.7096774193548387,0.2903225806451613,0.1415883356874639
fbc_tfnbs,"e=1.0,h=9.0,n=30,start_thres=1.25,min_cluster_size=3",hub,0.25,50,15,40,1730,22,9,18,1721,0.55,0.0052023121387283,0.7096774193548387,0.2903225806451613,0.1415883356874639
fbc_tfnbs,"e=1.0,h=10.0,n=30,start_thres=1.25,min_cluster_size=3",hub,0.25,50,15,40,1730,22,9,18,1721,0.55,0.0052023121387283,0.7096774193548387,0.2903225806451613,0.1415883356874639
fbc_tfnbs,"e=1.1,h=0.5,n=30,start_thres=1.25,min_cluster_size=3",hub,0.25,50,15,40,1730,17,13,23,1717,0.425,0.007514450867052,0.5666666666666667,0.4333333333333333,0.1415883356874639
fbc_tfnbs,"e=1.1,h=1.0,n=30,start_thres=1.25,min_cluster_size=3",hub,0.25,50,15,40,1730,17,13,23,1717,0.425,0.007514450867052,0.5666666666666667,0.4333333333333333,0.1415883356874639
fbc_tfnbs,"e=1.1,h=2.0,n=30,start_thres=1.25,min_cluster_size=3",hub,0.25,50,15,40,1730,21,13,19,1717,0.525,0.007514450867052,0.6176470588235294,0.3823529411764705,0.1415883356874639
fbc_tfnbs,"e=1.1,h=3.0,n=30,start_thres=1.25,min_cluster_size=3",hub,0.25,50,15,40,1730,22,13,18,1717,0.55,0.007514450867052,0.6285714285714286,0.3714285714285714,0.1415883356874639
fbc_tfnbs,"e=1.1,h=4.0,n=30,start_thres=1.25,min_cluster_size=3",hub,0.25,50,15,40,1730,22,13,18,1717,0.55,0.007514450867052,0.6285714285714286,0.3714285714285714,0.1415883356874639
fbc_tfnbs,"e=1.1,h=5.0,n=30,start_thres=1.25,min_cluster_size=3",hub,0.25,50,15,40,1730,24,14,16,1716,0.6,0.0080924855491329,0.631578947368421,0.3684210526315789,0.1415883356874639
fbc_tfnbs,"e=1.1,h=6.0,n=30,start_thres=1.25,min_cluster_size=3",hub,0.25,50,15,40,1730,23,10,17,1720,0.575,0.0057803468208092,0.696969696969697,0.303030303030303,0.1415883356874639
fbc_tfnbs,"e=1.1,h=7.0,n=30,start_thres=1.25,min_cluster_size=3",hub,0.25,50,15,40,1730,23,10,17,1720,0.575,0.0057803468208092,0.696969696969697,0.303030303030303,0.1415883356874639
fbc_tfnbs,"e=1.1,h=8.0,n=30,start_thres=1.25,min_cluster_size=3",hub,0.25,50,15,40,1730,23,10,17,1720,0.575,0.0057803468208092,0.696969696969697,0.303030303030303,0.1415883356874639
fbc_tfnbs,"e=1.1,h=9.0,n=30,start_thres=1.25,min_cluster_size=3",hub,0.25,50,15,40,1730,22,9,18,1721,0.55,0.0052023121387283,0.7096774193548387,0.2903225806451613,0.1415883356874639
fbc_tfnbs,"e=1.1,h=10.0,n=30,start_thres=1.25,min_cluster_size=3",hub,0.25,50,15,40,1730,22,9,18,1721,0.55,0.0052023121387283,0.7096774193548387,0.2903225806451613,0.1415883356874639
fbc_tfnbs,"e=1.2,h=0.5,n=30,start_thres=1.25,min_cluster_size=3",hub,0.25,50,15,40,1730,17,16,23,1714,0.425,0.0092485549132947,0.5151515151515151,0.4848484848484848,0.1415883356874639
fbc_tfnbs,"e=1.2,h=1.0,n=30,start_thres=1.25,min_cluster_size=3",hub,0.25,50,15,40,1730,17,16,23,1714,0.425,0.0092485549132947,0.5151515151515151,0.4848484848484848,0.1415883356874639
fbc_tfnbs,"e=1.2,h=2.0,n=30,start_thres=1.25,min_cluster_size=3",hub,0.25,50,15,40,1730,18,13,22,1717,0.45,0.007514450867052,0.5806451612903226,0.4193548387096774,0.1415883356874639
fbc_tfnbs,"e=1.2,h=3.0,n=30,start_thres=1.25,min_cluster_size=3",hub,0.25,50,15,40,1730,22,13,18,1717,0.55,0.007514450867052,0.6285714285714286,0.3714285714285714,0.1415883356874639
fbc_tfnbs,"e=1.2,h=4.0,n=30,start_thres=1.25,min_cluster_size=3",hub,0.25,50,15,40,1730,22,13,18,1717,0.55,0.007514450867052,0.6285714285714286,0.3714285714285714,0.1415883356874639
fbc_tfnbs,"e=1.2,h=5.0,n=30,start_thres=1.25,min_cluster_size=3",hub,0.25,50,15,40,1730,24,14,16,1716,0.6,0.0080924855491329,0.631578947368421,0.3684210526315789,0.1415883356874639
fbc_tfnbs,"e=1.2,h=6.0,n=30,start_thres=1.25,min_cluster_size=3",hub,0.25,50,15,40,1730,24,15,16,1715,0.6,0.0086705202312138,0.6153846153846154,0.3846153846153846,0.1415883356874639
fbc_tfnbs,"e=1.2,h=7.0,n=30,start_thres=1.25,min_cluster_size=3",hub,0.25,50,15,40,1730,23,10,17,1720,0.575,0.0057803468208092,0.696969696969697,0.303030303030303,0.1415883356874639
fbc_tfnbs,"e=1.2,h=8.0,n=30,start_thres=1.25,min_cluster_size=3",hub,0.25,50,15,40,1730,23,10,17,1720,0.575,0.0057803468208092,0.696969696969697,0.303030303030303,0.1415883356874639
fbc_tfnbs,"e=1.2,h=9.0,n=30,start_thres=1.25,min_cluster_size=3",hub,0.25,50,15,40,1730,23,10,17,1720,0.575,0.0057803468208092,0.696969696969697,0.303030303030303,0.1415883356874639
fbc_tfnbs,"e=1.2,h=10.0,n=30,start_thres=1.25,min_cluster_size=3",hub,0.25,50,15,40,1730,23,9,17,1721,0.575,0.0052023121387283,0.71875,0.28125,0.1415883356874639
fbc_tfnbs,"e=1.3,h=0.5,n=30,start_thres=1.25,min_cluster_size=3",hub,0.25,50,15,40,1730,17,14,23,1716,0.425,0.0080924855491329,0.5483870967741935,0.4516129032258064,0.1415883356874639
fbc_tfnbs,"e=1.3,h=1.0,n=30,start_thres=1.25,min_cluster_size=3",hub,0.25,50,15,40,1730,17,16,23,1714,0.425,0.0092485549132947,0.5151515151515151,0.4848484848484848,0.1415883356874639
fbc_tfnbs,"e=1.3,h=2.0,n=30,start_thres=1.25,min_cluster_size=3",hub,0.25,50,15,40,1730,18,16,22,1714,0.45,0.0092485549132947,0.5294117647058824,0.4705882352941176,0.1415883356874639
fbc_tfnbs,"e=1.3,h=3.0,n=30,start_thres=1.25,min_cluster_size=3",hub,0.25,50,15,40,1730,22,16,18,1714,0.55,0.0092485549132947,0.5789473684210527,0.4210526315789473,0.1415883356874639
fbc_tfnbs,"e=1.3,h=4.0,n=30,start_thres=1.25,min_cluster_size=3",hub,0.25,50,15,40,1730,22,13,18,1717,0.55,0.007514450867052,0.6285714285714286,0.3714285714285714,0.1415883356874639
fbc_tfnbs,"e=1.3,h=5.0,n=30,start_thres=1.25,min_cluster_size=3",hub,0.25,50,15,40,1730,24,14,16,1716,0.6,0.0080924855491329,0.631578947368421,0.3684210526315789,0.1415883356874639
fbc_tfnbs,"e=1.3,h=6.0,n=30,start_thres=1.25,min_cluster_size=3",hub,0.25,50,15,40,1730,24,14,16,1716,0.6,0.0080924855491329,0.631578947368421,0.3684210526315789,0.1415883356874639
fbc_tfnbs,"e=1.3,h=7.0,n=30,start_thres=1.25,min_cluster_size=3",hub,0.25,50,15,40,1730,24,15,16,1715,0.6,0.0086705202312138,0.6153846153846154,0.3846153846153846,0.1415883356874639
fbc_tfnbs,"e=1.3,h=8.0,n=30,start_thres=1.25,min_cluster_size=3",hub,0.25,50,15,40,1730,25,10,15,1720,0.625,0.0057803468208092,0.7142857142857143,0.2857142857142857,0.1415883356874639
fbc_tfnbs,"e=1.3,h=9.0,n=30,start_thres=1.25,min_cluster_size=3",hub,0.25,50,15,40,1730,25,10,15,1720,0.625,0.0057803468208092,0.7142857142857143,0.2857142857142857,0.1415883356874639
fbc_tfnbs,"e=1.3,h=10.0,n=30,start_thres=1.25,min_cluster_size=3",hub,0.25,50,15,40,1730,25,10,15,1720,0.625,0.0057803468208092,0.7142857142857143,0.2857142857142857,0.1415883356874639
fbc_tfnbs,"e=1.4,h=0.5,n=30,start_thres=1.25,min_cluster_size=3",hub,0.25,50,15,40,1730,17,14,23,1716,0.425,0.0080924855491329,0.5483870967741935,0.4516129032258064,0.1415883356874639
fbc_tfnbs,"e=1.4,h=1.0,n=30,start_thres=1.25,min_cluster_size=3",hub,0.25,50,15,40,1730,17,16,23,1714,0.425,0.0092485549132947,0.5151515151515151,0.4848484848484848,0.1415883356874639
fbc_tfnbs,"e=1.4,h=2.0,n=30,start_thres=1.25,min_cluster_size=3",hub,0.25,50,15,40,1730,18,16,22,1714,0.45,0.0092485549132947,0.5294117647058824,0.4705882352941176,0.1415883356874639
fbc_tfnbs,"e=1.4,h=3.0,n=30,start_thres=1.25,min_cluster_size=3",hub,0.25,50,15,40,1730,18,16,22,1714,0.45,0.0092485549132947,0.5294117647058824,0.4705882352941176,0.1415883356874639
fbc_tfnbs,"e=1.4,h=4.0,n=30,start_thres=1.25,min_cluster_size=3",hub,0.25,50,15,40,1730,22,16,18,1714,0.55,0.0092485549132947,0.5789473684210527,0.4210526315789473,0.1415883356874639
fbc_tfnbs,"e=1.4,h=5.0,n=30,start_thres=1.25,min_cluster_size=3",hub,0.25,50,15,40,1730,22,13,18,1717,0.55,0.007514450867052,0.6285714285714286,0.3714285714285714,0.1415883356874639
fbc_tfnbs,"e=1.4,h=6.0,n=30,start_thres=1.25,min_cluster_size=3",hub,0.25,50,15,40,1730,24,14,16,1716,0.6,0.0080924855491329,0.631578947368421,0.3684210526315789,0.1415883356874639
fbc_tfnbs,"e=1.4,h=7.0,n=30,start_thres=1.25,min_cluster_size=3",hub,0.25,50,15,40,1730,24,15,16,1715,0.6,0.0086705202312138,0.6153846153846154,0.3846153846153846,0.1415883356874639
fbc_tfnbs,"e=1.4,h=8.0,n=30,start_thres=1.25,min_cluster_size=3",hub,0.25,50,15,40,1730,24,15,16,1715,0.6,0.0086705202312138,0.6153846153846154,0.3846153846153846,0.1415883356874639
fbc_tfnbs,"e=1.4,h=9.0,n=30,start_thres=1.25,min_cluster_size=3",hub,0.25,50,15,40,1730,25,10,15,1720,0.625,0.0057803468208092,0.7142857142857143,0.2857142857142857,0.1415883356874639
fbc_tfnbs,"e=1.4,h=10.0,n=30,start_thres=1.25,min_cluster_size=3",hub,0.25,50,15,40,1730,25,10,15,1720,0.625,0.0057803468208092,0.7142857142857143,0.2857142857142857,0.1415883356874639
fbc_tfnbs,"e=1.5,h=0.5,n=30,start_thres=1.25,min_cluster_size=3",hub,0.25,50,15,40,1730,17,13,23,1717,0.425,0.007514450867052,0.5666666666666667,0.4333333333333333,0.1415883356874639
fbc_tfnbs,"e=1.5,h=1.0,n=30,start_thres=1.25,min_cluster_size=3",hub,0.25,50,15,40,1730,17,14,23,1716,0.425,0.0080924855491329,0.5483870967741935,0.4516129032258064,0.1415883356874639
fbc_tfnbs,"e=1.5,h=2.0,n=30,start_thres=1.25,min_cluster_size=3",hub,0.25,50,15,40,1730,18,16,22,1714,0.45,0.0092485549132947,0.5294117647058824,0.4705882352941176,0.1415883356874639
fbc_tfnbs,"e=1.5,h=3.0,n=30,start_thres=1.25,min_cluster_size=3",hub,0.25,50,15,40,1730,18,16,22,1714,0.45,0.0092485549132947,0.5294117647058824,0.4705882352941176,0.1415883356874639
fbc_tfnbs,"e=1.5,h=4.0,n=30,start_thres=1.25,min_cluster_size=3",hub,0.25,50,15,40,1730,22,16,18,1714,0.55,0.0092485549132947,0.5789473684210527,0.4210526315789473,0.1415883356874639
fbc_tfnbs,"e=1.5,h=5.0,n=30,start_thres=1.25,min_cluster_size=3",hub,0.25,50,15,40,1730,22,16,18,1714,0.55,0.0092485549132947,0.5789473684210527,0.4210526315789473,0.1415883356874639
fbc_tfnbs,"e=1.5,h=6.0,n=30,start_thres=1.25,min_cluster_size=3",hub,0.25,50,15,40,1730,22,13,18,1717,0.55,0.007514450867052,0.6285714285714286,0.3714285714285714,0.1415883356874639
fbc_tfnbs,"e=1.5,h=7.0,n=30,start_thres=1.25,min_cluster_size=3",hub,0.25,50,15,40,1730,24,14,16,1716,0.6,0.0080924855491329,0.631578947368421,0.3684210526315789,0.1415883356874639
fbc_tfnbs,"e=1.5,h=8.0,n=30,start_thres=1.25,min_cluster_size=3",hub,0.25,50,15,40,1730,26,15,14,1715,0.65,0.0086705202312138,0.6341463414634146,0.3658536585365853,0.1415883356874639
fbc_tfnbs,"e=1.5,h=9.0,n=30,start_thres=1.25,min_cluster_size=3",hub,0.25,50,15,40,1730,26,15,14,1715,0.65,0.0086705202312138,0.6341463414634146,0.3658536585365853,0.1415883356874639
fbc_tfnbs,"e=1.5,h=10.0,n=30,start_thres=1.25,min_cluster_size=3",hub,0.25,50,15,40,1730,25,10,15,1720,0.625,0.0057803468208092,0.7142857142857143,0.2857142857142857,0.1415883356874639
fbc_tfnbs,"e=0.05,h=0.5,n=30,start_thres=1.25,min_cluster_size=3",hub,0.25,50,16,40,1730,36,3,4,1727,0.9,0.0017341040462427,0.9230769230769232,0.0769230769230769,0.1424931639974767
fbc_tfnbs,"e=0.05,h=1.0,n=30,start_thres=1.25,min_cluster_size=3",hub,0.25,50,16,40,1730,36,3,4,1727,0.9,0.0017341040462427,0.9230769230769232,0.0769230769230769,0.1424931639974767
fbc_tfnbs,"e=0.05,h=2.0,n=30,start_thres=1.25,min_cluster_size=3",hub,0.25,50,16,40,1730,36,3,4,1727,0.9,0.0017341040462427,0.9230769230769232,0.0769230769230769,0.1424931639974767
fbc_tfnbs,"e=0.05,h=3.0,n=30,start_thres=1.25,min_cluster_size=3",hub,0.25,50,16,40,1730,36,3,4,1727,0.9,0.0017341040462427,0.9230769230769232,0.0769230769230769,0.1424931639974767
fbc_tfnbs,"e=0.05,h=4.0,n=30,start_thres=1.25,min_cluster_size=3",hub,0.25,50,16,40,1730,36,3,4,1727,0.9,0.0017341040462427,0.9230769230769232,0.0769230769230769,0.1424931639974767
fbc_tfnbs,"e=0.05,h=5.0,n=30,start_thres=1.25,min_cluster_size=3",hub,0.25,50,16,40,1730,36,3,4,1727,0.9,0.0017341040462427,0.9230769230769232,0.0769230769230769,0.1424931639974767
fbc_tfnbs,"e=0.05,h=6.0,n=30,start_thres=1.25,min_cluster_size=3",hub,0.25,50,16,40,1730,36,3,4,1727,0.9,0.0017341040462427,0.9230769230769232,0.0769230769230769,0.1424931639974767
fbc_tfnbs,"e=0.05,h=7.0,n=30,start_thres=1.25,min_cluster_size=3",hub,0.25,50,16,40,1730,36,3,4,1727,0.9,0.0017341040462427,0.9230769230769232,0.0769230769230769,0.1424931639974767
fbc_tfnbs,"e=0.05,h=8.0,n=30,start_thres=1.25,min_cluster_size=3",hub,0.25,50,16,40,1730,36,3,4,1727,0.9,0.0017341040462427,0.9230769230769232,0.0769230769230769,0.1424931639974767
fbc_tfnbs,"e=0.05,h=9.0,n=30,start_thres=1.25,min_cluster_size=3",hub,0.25,50,16,40,1730,36,3,4,1727,0.9,0.0017341040462427,0.9230769230769232,0.0769230769230769,0.1424931639974767
fbc_tfnbs,"e=0.05,h=10.0,n=30,start_thres=1.25,min_cluster_size=3",hub,0.25,50,16,40,1730,36,3,4,1727,0.9,0.0017341040462427,0.9230769230769232,0.0769230769230769,0.1424931639974767
fbc_tfnbs,"e=0.1,h=0.5,n=30,start_thres=1.25,min_cluster_size=3",hub,0.25,50,16,40,1730,36,3,4,1727,0.9,0.0017341040462427,0.9230769230769232,0.0769230769230769,0.1424931639974767
fbc_tfnbs,"e=0.1,h=1.0,n=30,start_thres=1.25,min_cluster_size=3",hub,0.25,50,16,40,1730,36,3,4,1727,0.9,0.0017341040462427,0.9230769230769232,0.0769230769230769,0.1424931639974767
fbc_tfnbs,"e=0.1,h=2.0,n=30,start_thres=1.25,min_cluster_size=3",hub,0.25,50,16,40,1730,36,3,4,1727,0.9,0.0017341040462427,0.9230769230769232,0.0769230769230769,0.1424931639974767
fbc_tfnbs,"e=0.1,h=3.0,n=30,start_thres=1.25,min_cluster_size=3",hub,0.25,50,16,40,1730,36,3,4,1727,0.9,0.0017341040462427,0.9230769230769232,0.0769230769230769,0.1424931639974767
fbc_tfnbs,"e=0.1,h=4.0,n=30,start_thres=1.25,min_cluster_size=3",hub,0.25,50,16,40,1730,36,3,4,1727,0.9,0.0017341040462427,0.9230769230769232,0.0769230769230769,0.1424931639974767
fbc_tfnbs,"e=0.1,h=5.0,n=30,start_thres=1.25,min_cluster_size=3",hub,0.25,50,16,40,1730,36,3,4,1727,0.9,0.0017341040462427,0.9230769230769232,0.0769230769230769,0.1424931639974767
fbc_tfnbs,"e=0.1,h=6.0,n=30,start_thres=1.25,min_cluster_size=3",hub,0.25,50,16,40,1730,36,3,4,1727,0.9,0.0017341040462427,0.9230769230769232,0.0769230769230769,0.1424931639974767
fbc_tfnbs,"e=0.1,h=7.0,n=30,start_thres=1.25,min_cluster_size=3",hub,0.25,50,16,40,1730,36,3,4,1727,0.9,0.0017341040462427,0.9230769230769232,0.0769230769230769,0.1424931639974767
fbc_tfnbs,"e=0.1,h=8.0,n=30,start_thres=1.25,min_cluster_size=3",hub,0.25,50,16,40,1730,36,3,4,1727,0.9,0.0017341040462427,0.9230769230769232,0.0769230769230769,0.1424931639974767
fbc_tfnbs,"e=0.1,h=9.0,n=30,start_thres=1.25,min_cluster_size=3",hub,0.25,50,16,40,1730,36,3,4,1727,0.9,0.0017341040462427,0.9230769230769232,0.0769230769230769,0.1424931639974767
fbc_tfnbs,"e=0.1,h=10.0,n=30,start_thres=1.25,min_cluster_size=3",hub,0.25,50,16,40,1730,36,3,4,1727,0.9,0.0017341040462427,0.9230769230769232,0.0769230769230769,0.1424931639974767
fbc_tfnbs,"e=0.2,h=0.5,n=30,start_thres=1.25,min_cluster_size=3",hub,0.25,50,16,40,1730,36,4,4,1726,0.9,0.0023121387283236,0.9,0.1,0.1424931639974767
fbc_tfnbs,"e=0.2,h=1.0,n=30,start_thres=1.25,min_cluster_size=3",hub,0.25,50,16,40,1730,36,4,4,1726,0.9,0.0023121387283236,0.9,0.1,0.1424931639974767
fbc_tfnbs,"e=0.2,h=2.0,n=30,start_thres=1.25,min_cluster_size=3",hub,0.25,50,16,40,1730,36,4,4,1726,0.9,0.0023121387283236,0.9,0.1,0.1424931639974767
fbc_tfnbs,"e=0.2,h=3.0,n=30,start_thres=1.25,min_cluster_size=3",hub,0.25,50,16,40,1730,36,4,4,1726,0.9,0.0023121387283236,0.9,0.1,0.1424931639974767
fbc_tfnbs,"e=0.2,h=4.0,n=30,start_thres=1.25,min_cluster_size=3",hub,0.25,50,16,40,1730,36,4,4,1726,0.9,0.0023121387283236,0.9,0.1,0.1424931639974767
fbc_tfnbs,"e=0.2,h=5.0,n=30,start_thres=1.25,min_cluster_size=3",hub,0.25,50,16,40,1730,36,4,4,1726,0.9,0.0023121387283236,0.9,0.1,0.1424931639974767
fbc_tfnbs,"e=0.2,h=6.0,n=30,start_thres=1.25,min_cluster_size=3",hub,0.25,50,16,40,1730,36,4,4,1726,0.9,0.0023121387283236,0.9,0.1,0.1424931639974767
fbc_tfnbs,"e=0.2,h=7.0,n=30,start_thres=1.25,min_cluster_size=3",hub,0.25,50,16,40,1730,36,4,4,1726,0.9,0.0023121387283236,0.9,0.1,0.1424931639974767
fbc_tfnbs,"e=0.2,h=8.0,n=30,start_thres=1.25,min_cluster_size=3",hub,0.25,50,16,40,1730,36,4,4,1726,0.9,0.0023121387283236,0.9,0.1,0.1424931639974767
fbc_tfnbs,"e=0.2,h=9.0,n=30,start_thres=1.25,min_cluster_size=3",hub,0.25,50,16,40,1730,36,3,4,1727,0.9,0.0017341040462427,0.9230769230769232,0.0769230769230769,0.1424931639974767
fbc_tfnbs,"e=0.2,h=10.0,n=30,start_thres=1.25,min_cluster_size=3",hub,0.25,50,16,40,1730,36,3,4,1727,0.9,0.0017341040462427,0.9230769230769232,0.0769230769230769,0.1424931639974767
fbc_tfnbs,"e=0.3,h=0.5,n=30,start_thres=1.25,min_cluster_size=3",hub,0.25,50,16,40,1730,36,5,4,1725,0.9,0.0028901734104046,0.8780487804878049,0.1219512195121951,0.1424931639974767
fbc_tfnbs,"e=0.3,h=1.0,n=30,start_thres=1.25,min_cluster_size=3",hub,0.25,50,16,40,1730,36,5,4,1725,0.9,0.0028901734104046,0.8780487804878049,0.1219512195121951,0.1424931639974767
fbc_tfnbs,"e=0.3,h=2.0,n=30,start_thres=1.25,min_cluster_size=3",hub,0.25,50,16,40,1730,36,4,4,1726,0.9,0.0023121387283236,0.9,0.1,0.1424931639974767
fbc_tfnbs,"e=0.3,h=3.0,n=30,start_thres=1.25,min_cluster_size=3",hub,0.25,50,16,40,1730,37,4,3,1726,0.925,0.0023121387283236,0.902439024390244,0.0975609756097561,0.1424931639974767
fbc_tfnbs,"e=0.3,h=4.0,n=30,start_thres=1.25,min_cluster_size=3",hub,0.25,50,16,40,1730,37,4,3,1726,0.925,0.0023121387283236,0.902439024390244,0.0975609756097561,0.1424931639974767
fbc_tfnbs,"e=0.3,h=5.0,n=30,start_thres=1.25,min_cluster_size=3",hub,0.25,50,16,40,1730,37,4,3,1726,0.925,0.0023121387283236,0.902439024390244,0.0975609756097561,0.1424931639974767
fbc_tfnbs,"e=0.3,h=6.0,n=30,start_thres=1.25,min_cluster_size=3",hub,0.25,50,16,40,1730,37,4,3,1726,0.925,0.0023121387283236,0.902439024390244,0.0975609756097561,0.1424931639974767
fbc_tfnbs,"e=0.3,h=7.0,n=30,start_thres=1.25,min_cluster_size=3",hub,0.25,50,16,40,1730,37,4,3,1726,0.925,0.0023121387283236,0.902439024390244,0.0975609756097561,0.1424931639974767
fbc_tfnbs,"e=0.3,h=8.0,n=30,start_thres=1.25,min_cluster_size=3",hub,0.25,50,16,40,1730,37,4,3,1726,0.925,0.0023121387283236,0.902439024390244,0.0975609756097561,0.1424931639974767
fbc_tfnbs,"e=0.3,h=9.0,n=30,start_thres=1.25,min_cluster_size=3",hub,0.25,50,16,40,1730,37,4,3,1726,0.925,0.0023121387283236,0.902439024390244,0.0975609756097561,0.1424931639974767
fbc_tfnbs,"e=0.3,h=10.0,n=30,start_thres=1.25,min_cluster_size=3",hub,0.25,50,16,40,1730,36,4,4,1726,0.9,0.0023121387283236,0.9,0.1,0.1424931639974767
fbc_tfnbs,"e=0.4,h=0.5,n=30,start_thres=1.25,min_cluster_size=3",hub,0.25,50,16,40,1730,36,6,4,1724,0.9,0.0034682080924855,0.8571428571428571,0.1428571428571428,0.1424931639974767
fbc_tfnbs,"e=0.4,h=1.0,n=30,start_thres=1.25,min_cluster_size=3",hub,0.25,50,16,40,1730,36,6,4,1724,0.9,0.0034682080924855,0.8571428571428571,0.1428571428571428,0.1424931639974767
fbc_tfnbs,"e=0.4,h=2.0,n=30,start_thres=1.25,min_cluster_size=3",hub,0.25,50,16,40,1730,37,6,3,1724,0.925,0.0034682080924855,0.8604651162790697,0.1395348837209302,0.1424931639974767
fbc_tfnbs,"e=0.4,h=3.0,n=30,start_thres=1.25,min_cluster_size=3",hub,0.25,50,16,40,1730,37,5,3,1725,0.925,0.0028901734104046,0.8809523809523809,0.119047619047619,0.1424931639974767
fbc_tfnbs,"e=0.4,h=4.0,n=30,start_thres=1.25,min_cluster_size=3",hub,0.25,50,16,40,1730,37,5,3,1725,0.925,0.0028901734104046,0.8809523809523809,0.119047619047619,0.1424931639974767
fbc_tfnbs,"e=0.4,h=5.0,n=30,start_thres=1.25,min_cluster_size=3",hub,0.25,50,16,40,1730,37,4,3,1726,0.925,0.0023121387283236,0.902439024390244,0.0975609756097561,0.1424931639974767
fbc_tfnbs,"e=0.4,h=6.0,n=30,start_thres=1.25,min_cluster_size=3",hub,0.25,50,16,40,1730,37,4,3,1726,0.925,0.0023121387283236,0.902439024390244,0.0975609756097561,0.1424931639974767
fbc_tfnbs,"e=0.4,h=7.0,n=30,start_thres=1.25,min_cluster_size=3",hub,0.25,50,16,40,1730,37,4,3,1726,0.925,0.0023121387283236,0.902439024390244,0.0975609756097561,0.1424931639974767
fbc_tfnbs,"e=0.4,h=8.0,n=30,start_thres=1.25,min_cluster_size=3",hub,0.25,50,16,40,1730,37,4,3,1726,0.925,0.0023121387283236,0.902439024390244,0.0975609756097561,0.1424931639974767
fbc_tfnbs,"e=0.4,h=9.0,n=30,start_thres=1.25,min_cluster_size=3",hub,0.25,50,16,40,1730,37,4,3,1726,0.925,0.0023121387283236,0.902439024390244,0.0975609756097561,0.1424931639974767
fbc_tfnbs,"e=0.4,h=10.0,n=30,start_thres=1.25,min_cluster_size=3",hub,0.25,50,16,40,1730,37,4,3,1726,0.925,0.0023121387283236,0.902439024390244,0.0975609756097561,0.1424931639974767
fbc_tfnbs,"e=0.5,h=0.5,n=30,start_thres=1.25,min_cluster_size=3",hub,0.25,50,16,40,1730,36,6,4,1724,0.9,0.0034682080924855,0.8571428571428571,0.1428571428571428,0.1424931639974767
fbc_tfnbs,"e=0.5,h=1.0,n=30,start_thres=1.25,min_cluster_size=3",hub,0.25,50,16,40,1730,36,6,4,1724,0.9,0.0034682080924855,0.8571428571428571,0.1428571428571428,0.1424931639974767
fbc_tfnbs,"e=0.5,h=2.0,n=30,start_thres=1.25,min_cluster_size=3",hub,0.25,50,16,40,1730,37,6,3,1724,0.925,0.0034682080924855,0.8604651162790697,0.1395348837209302,0.1424931639974767
fbc_tfnbs,"e=0.5,h=3.0,n=30,start_thres=1.25,min_cluster_size=3",hub,0.25,50,16,40,1730,37,6,3,1724,0.925,0.0034682080924855,0.8604651162790697,0.1395348837209302,0.1424931639974767
fbc_tfnbs,"e=0.5,h=4.0,n=30,start_thres=1.25,min_cluster_size=3",hub,0.25,50,16,40,1730,37,6,3,1724,0.925,0.0034682080924855,0.8604651162790697,0.1395348837209302,0.1424931639974767
fbc_tfnbs,"e=0.5,h=5.0,n=30,start_thres=1.25,min_cluster_size=3",hub,0.25,50,16,40,1730,37,5,3,1725,0.925,0.0028901734104046,0.8809523809523809,0.119047619047619,0.1424931639974767
fbc_tfnbs,"e=0.5,h=6.0,n=30,start_thres=1.25,min_cluster_size=3",hub,0.25,50,16,40,1730,37,5,3,1725,0.925,0.0028901734104046,0.8809523809523809,0.119047619047619,0.1424931639974767
fbc_tfnbs,"e=0.5,h=7.0,n=30,start_thres=1.25,min_cluster_size=3",hub,0.25,50,16,40,1730,37,4,3,1726,0.925,0.0023121387283236,0.902439024390244,0.0975609756097561,0.1424931639974767
fbc_tfnbs,"e=0.5,h=8.0,n=30,start_thres=1.25,min_cluster_size=3",hub,0.25,50,16,40,1730,37,4,3,1726,0.925,0.0023121387283236,0.902439024390244,0.0975609756097561,0.1424931639974767
fbc_tfnbs,"e=0.5,h=9.0,n=30,start_thres=1.25,min_cluster_size=3",hub,0.25,50,16,40,1730,37,4,3,1726,0.925,0.0023121387283236,0.902439024390244,0.0975609756097561,0.1424931639974767
fbc_tfnbs,"e=0.5,h=10.0,n=30,start_thres=1.25,min_cluster_size=3",hub,0.25,50,16,40,1730,37,4,3,1726,0.925,0.0023121387283236,0.902439024390244,0.0975609756097561,0.1424931639974767
fbc_tfnbs,"e=0.6,h=0.5,n=30,start_thres=1.25,min_cluster_size=3",hub,0.25,50,16,40,1730,36,7,4,1723,0.9,0.0040462427745664,0.8372093023255814,0.1627906976744186,0.1424931639974767
fbc_tfnbs,"e=0.6,h=1.0,n=30,start_thres=1.25,min_cluster_size=3",hub,0.25,50,16,40,1730,36,7,4,1723,0.9,0.0040462427745664,0.8372093023255814,0.1627906976744186,0.1424931639974767
fbc_tfnbs,"e=0.6,h=2.0,n=30,start_thres=1.25,min_cluster_size=3",hub,0.25,50,16,40,1730,36,7,4,1723,0.9,0.0040462427745664,0.8372093023255814,0.1627906976744186,0.1424931639974767
fbc_tfnbs,"e=0.6,h=3.0,n=30,start_thres=1.25,min_cluster_size=3",hub,0.25,50,16,40,1730,37,6,3,1724,0.925,0.0034682080924855,0.8604651162790697,0.1395348837209302,0.1424931639974767
fbc_tfnbs,"e=0.6,h=4.0,n=30,start_thres=1.25,min_cluster_size=3",hub,0.25,50,16,40,1730,37,6,3,1724,0.925,0.0034682080924855,0.8604651162790697,0.1395348837209302,0.1424931639974767
fbc_tfnbs,"e=0.6,h=5.0,n=30,start_thres=1.25,min_cluster_size=3",hub,0.25,50,16,40,1730,37,6,3,1724,0.925,0.0034682080924855,0.8604651162790697,0.1395348837209302,0.1424931639974767
fbc_tfnbs,"e=0.6,h=6.0,n=30,start_thres=1.25,min_cluster_size=3",hub,0.25,50,16,40,1730,37,6,3,1724,0.925,0.0034682080924855,0.8604651162790697,0.1395348837209302,0.1424931639974767
fbc_tfnbs,"e=0.6,h=7.0,n=30,start_thres=1.25,min_cluster_size=3",hub,0.25,50,16,40,1730,37,5,3,1725,0.925,0.0028901734104046,0.8809523809523809,0.119047619047619,0.1424931639974767
fbc_tfnbs,"e=0.6,h=8.0,n=30,start_thres=1.25,min_cluster_size=3",hub,0.25,50,16,40,1730,37,5,3,1725,0.925,0.0028901734104046,0.8809523809523809,0.119047619047619,0.1424931639974767
fbc_tfnbs,"e=0.6,h=9.0,n=30,start_thres=1.25,min_cluster_size=3",hub,0.25,50,16,40,1730,37,4,3,1726,0.925,0.0023121387283236,0.902439024390244,0.0975609756097561,0.1424931639974767
fbc_tfnbs,"e=0.6,h=10.0,n=30,start_thres=1.25,min_cluster_size=3",hub,0.25,50,16,40,1730,37,4,3,1726,0.925,0.0023121387283236,0.902439024390244,0.0975609756097561,0.1424931639974767
fbc_tfnbs,"e=0.7,h=0.5,n=30,start_thres=1.25,min_cluster_size=3",hub,0.25,50,16,40,1730,36,7,4,1723,0.9,0.0040462427745664,0.8372093023255814,0.1627906976744186,0.1424931639974767
fbc_tfnbs,"e=0.7,h=1.0,n=30,start_thres=1.25,min_cluster_size=3",hub,0.25,50,16,40,1730,36,7,4,1723,0.9,0.0040462427745664,0.8372093023255814,0.1627906976744186,0.1424931639974767
fbc_tfnbs,"e=0.7,h=2.0,n=30,start_thres=1.25,min_cluster_size=3",hub,0.25,50,16,40,1730,36,7,4,1723,0.9,0.0040462427745664,0.8372093023255814,0.1627906976744186,0.1424931639974767
fbc_tfnbs,"e=0.7,h=3.0,n=30,start_thres=1.25,min_cluster_size=3",hub,0.25,50,16,40,1730,37,7,3,1723,0.925,0.0040462427745664,0.8409090909090909,0.1590909090909091,0.1424931639974767
fbc_tfnbs,"e=0.7,h=4.0,n=30,start_thres=1.25,min_cluster_size=3",hub,0.25,50,16,40,1730,37,7,3,1723,0.925,0.0040462427745664,0.8409090909090909,0.1590909090909091,0.1424931639974767
fbc_tfnbs,"e=0.7,h=5.0,n=30,start_thres=1.25,min_cluster_size=3",hub,0.25,50,16,40,1730,37,6,3,1724,0.925,0.0034682080924855,0.8604651162790697,0.1395348837209302,0.1424931639974767
fbc_tfnbs,"e=0.7,h=6.0,n=30,start_thres=1.25,min_cluster_size=3",hub,0.25,50,16,40,1730,37,6,3,1724,0.925,0.0034682080924855,0.8604651162790697,0.1395348837209302,0.1424931639974767
fbc_tfnbs,"e=0.7,h=7.0,n=30,start_thres=1.25,min_cluster_size=3",hub,0.25,50,16,40,1730,37,6,3,1724,0.925,0.0034682080924855,0.8604651162790697,0.1395348837209302,0.1424931639974767
fbc_tfnbs,"e=0.7,h=8.0,n=30,start_thres=1.25,min_cluster_size=3",hub,0.25,50,16,40,1730,37,6,3,1724,0.925,0.0034682080924855,0.8604651162790697,0.1395348837209302,0.1424931639974767
fbc_tfnbs,"e=0.7,h=9.0,n=30,start_thres=1.25,min_cluster_size=3",hub,0.25,50,16,40,1730,37,5,3,1725,0.925,0.0028901734104046,0.8809523809523809,0.119047619047619,0.1424931639974767
fbc_tfnbs,"e=0.7,h=10.0,n=30,start_thres=1.25,min_cluster_size=3",hub,0.25,50,16,40,1730,37,5,3,1725,0.925,0.0028901734104046,0.8809523809523809,0.119047619047619,0.1424931639974767
fbc_tfnbs,"e=0.8,h=0.5,n=30,start_thres=1.25,min_cluster_size=3",hub,0.25,50,16,40,1730,36,7,4,1723,0.9,0.0040462427745664,0.8372093023255814,0.1627906976744186,0.1424931639974767
fbc_tfnbs,"e=0.8,h=1.0,n=30,start_thres=1.25,min_cluster_size=3",hub,0.25,50,16,40,1730,36,7,4,1723,0.9,0.0040462427745664,0.8372093023255814,0.1627906976744186,0.1424931639974767
fbc_tfnbs,"e=0.8,h=2.0,n=30,start_thres=1.25,min_cluster_size=3",hub,0.25,50,16,40,1730,36,7,4,1723,0.9,0.0040462427745664,0.8372093023255814,0.1627906976744186,0.1424931639974767
fbc_tfnbs,"e=0.8,h=3.0,n=30,start_thres=1.25,min_cluster_size=3",hub,0.25,50,16,40,1730,37,7,3,1723,0.925,0.0040462427745664,0.8409090909090909,0.1590909090909091,0.1424931639974767
fbc_tfnbs,"e=0.8,h=4.0,n=30,start_thres=1.25,min_cluster_size=3",hub,0.25,50,16,40,1730,37,7,3,1723,0.925,0.0040462427745664,0.8409090909090909,0.1590909090909091,0.1424931639974767
fbc_tfnbs,"e=0.8,h=5.0,n=30,start_thres=1.25,min_cluster_size=3",hub,0.25,50,16,40,1730,37,7,3,1723,0.925,0.0040462427745664,0.8409090909090909,0.1590909090909091,0.1424931639974767
fbc_tfnbs,"e=0.8,h=6.0,n=30,start_thres=1.25,min_cluster_size=3",hub,0.25,50,16,40,1730,37,6,3,1724,0.925,0.0034682080924855,0.8604651162790697,0.1395348837209302,0.1424931639974767
fbc_tfnbs,"e=0.8,h=7.0,n=30,start_thres=1.25,min_cluster_size=3",hub,0.25,50,16,40,1730,37,6,3,1724,0.925,0.0034682080924855,0.8604651162790697,0.1395348837209302,0.1424931639974767
fbc_tfnbs,"e=0.8,h=8.0,n=30,start_thres=1.25,min_cluster_size=3",hub,0.25,50,16,40,1730,37,6,3,1724,0.925,0.0034682080924855,0.8604651162790697,0.1395348837209302,0.1424931639974767
fbc_tfnbs,"e=0.8,h=9.0,n=30,start_thres=1.25,min_cluster_size=3",hub,0.25,50,16,40,1730,37,6,3,1724,0.925,0.0034682080924855,0.8604651162790697,0.1395348837209302,0.1424931639974767
fbc_tfnbs,"e=0.8,h=10.0,n=30,start_thres=1.25,min_cluster_size=3",hub,0.25,50,16,40,1730,37,6,3,1724,0.925,0.0034682080924855,0.8604651162790697,0.1395348837209302,0.1424931639974767
fbc_tfnbs,"e=0.9,h=0.5,n=30,start_thres=1.25,min_cluster_size=3",hub,0.25,50,16,40,1730,35,8,5,1722,0.875,0.0046242774566473,0.813953488372093,0.1860465116279069,0.1424931639974767
fbc_tfnbs,"e=0.9,h=1.0,n=30,start_thres=1.25,min_cluster_size=3",hub,0.25,50,16,40,1730,36,8,4,1722,0.9,0.0046242774566473,0.8181818181818182,0.1818181818181818,0.1424931639974767
fbc_tfnbs,"e=0.9,h=2.0,n=30,start_thres=1.25,min_cluster_size=3",hub,0.25,50,16,40,1730,36,8,4,1722,0.9,0.0046242774566473,0.8181818181818182,0.1818181818181818,0.1424931639974767
fbc_tfnbs,"e=0.9,h=3.0,n=30,start_thres=1.25,min_cluster_size=3",hub,0.25,50,16,40,1730,37,7,3,1723,0.925,0.0040462427745664,0.8409090909090909,0.1590909090909091,0.1424931639974767
fbc_tfnbs,"e=0.9,h=4.0,n=30,start_thres=1.25,min_cluster_size=3",hub,0.25,50,16,40,1730,37,7,3,1723,0.925,0.0040462427745664,0.8409090909090909,0.1590909090909091,0.1424931639974767
fbc_tfnbs,"e=0.9,h=5.0,n=30,start_thres=1.25,min_cluster_size=3",hub,0.25,50,16,40,1730,37,7,3,1723,0.925,0.0040462427745664,0.8409090909090909,0.1590909090909091,0.1424931639974767
fbc_tfnbs,"e=0.9,h=6.0,n=30,start_thres=1.25,min_cluster_size=3",hub,0.25,50,16,40,1730,37,7,3,1723,0.925,0.0040462427745664,0.8409090909090909,0.1590909090909091,0.1424931639974767
fbc_tfnbs,"e=0.9,h=7.0,n=30,start_thres=1.25,min_cluster_size=3",hub,0.25,50,16,40,1730,37,6,3,1724,0.925,0.0034682080924855,0.8604651162790697,0.1395348837209302,0.1424931639974767
fbc_tfnbs,"e=0.9,h=8.0,n=30,start_thres=1.25,min_cluster_size=3",hub,0.25,50,16,40,1730,37,6,3,1724,0.925,0.0034682080924855,0.8604651162790697,0.1395348837209302,0.1424931639974767
fbc_tfnbs,"e=0.9,h=9.0,n=30,start_thres=1.25,min_cluster_size=3",hub,0.25,50,16,40,1730,37,6,3,1724,0.925,0.0034682080924855,0.8604651162790697,0.1395348837209302,0.1424931639974767
fbc_tfnbs,"e=0.9,h=10.0,n=30,start_thres=1.25,min_cluster_size=3",hub,0.25,50,16,40,1730,37,6,3,1724,0.925,0.0034682080924855,0.8604651162790697,0.1395348837209302,0.1424931639974767
fbc_tfnbs,"e=1.0,h=0.5,n=30,start_thres=1.25,min_cluster_size=3",hub,0.25,50,16,40,1730,34,9,6,1721,0.85,0.0052023121387283,0.7906976744186046,0.2093023255813953,0.1424931639974767
fbc_tfnbs,"e=1.0,h=1.0,n=30,start_thres=1.25,min_cluster_size=3",hub,0.25,50,16,40,1730,35,8,5,1722,0.875,0.0046242774566473,0.813953488372093,0.1860465116279069,0.1424931639974767
fbc_tfnbs,"e=1.0,h=2.0,n=30,start_thres=1.25,min_cluster_size=3",hub,0.25,50,16,40,1730,36,8,4,1722,0.9,0.0046242774566473,0.8181818181818182,0.1818181818181818,0.1424931639974767
fbc_tfnbs,"e=1.0,h=3.0,n=30,start_thres=1.25,min_cluster_size=3",hub,0.25,50,16,40,1730,36,8,4,1722,0.9,0.0046242774566473,0.8181818181818182,0.1818181818181818,0.1424931639974767
fbc_tfnbs,"e=1.0,h=4.0,n=30,start_thres=1.25,min_cluster_size=3",hub,0.25,50,16,40,1730,37,7,3,1723,0.925,0.0040462427745664,0.8409090909090909,0.1590909090909091,0.1424931639974767
fbc_tfnbs,"e=1.0,h=5.0,n=30,start_thres=1.25,min_cluster_size=3",hub,0.25,50,16,40,1730,37,7,3,1723,0.925,0.0040462427745664,0.8409090909090909,0.1590909090909091,0.1424931639974767
fbc_tfnbs,"e=1.0,h=6.0,n=30,start_thres=1.25,min_cluster_size=3",hub,0.25,50,16,40,1730,37,7,3,1723,0.925,0.0040462427745664,0.8409090909090909,0.1590909090909091,0.1424931639974767
fbc_tfnbs,"e=1.0,h=7.0,n=30,start_thres=1.25,min_cluster_size=3",hub,0.25,50,16,40,1730,37,7,3,1723,0.925,0.0040462427745664,0.8409090909090909,0.1590909090909091,0.1424931639974767
fbc_tfnbs,"e=1.0,h=8.0,n=30,start_thres=1.25,min_cluster_size=3",hub,0.25,50,16,40,1730,37,7,3,1723,0.925,0.0040462427745664,0.8409090909090909,0.1590909090909091,0.1424931639974767
fbc_tfnbs,"e=1.0,h=9.0,n=30,start_thres=1.25,min_cluster_size=3",hub,0.25,50,16,40,1730,37,6,3,1724,0.925,0.0034682080924855,0.8604651162790697,0.1395348837209302,0.1424931639974767
fbc_tfnbs,"e=1.0,h=10.0,n=30,start_thres=1.25,min_cluster_size=3",hub,0.25,50,16,40,1730,37,6,3,1724,0.925,0.0034682080924855,0.8604651162790697,0.1395348837209302,0.1424931639974767
fbc_tfnbs,"e=1.1,h=0.5,n=30,start_thres=1.25,min_cluster_size=3",hub,0.25,50,16,40,1730,33,9,7,1721,0.825,0.0052023121387283,0.7857142857142857,0.2142857142857142,0.1424931639974767
fbc_tfnbs,"e=1.1,h=1.0,n=30,start_thres=1.25,min_cluster_size=3",hub,0.25,50,16,40,1730,35,9,5,1721,0.875,0.0052023121387283,0.7954545454545454,0.2045454545454545,0.1424931639974767
fbc_tfnbs,"e=1.1,h=2.0,n=30,start_thres=1.25,min_cluster_size=3",hub,0.25,50,16,40,1730,36,8,4,1722,0.9,0.0046242774566473,0.8181818181818182,0.1818181818181818,0.1424931639974767
fbc_tfnbs,"e=1.1,h=3.0,n=30,start_thres=1.25,min_cluster_size=3",hub,0.25,50,16,40,1730,36,8,4,1722,0.9,0.0046242774566473,0.8181818181818182,0.1818181818181818,0.1424931639974767
fbc_tfnbs,"e=1.1,h=4.0,n=30,start_thres=1.25,min_cluster_size=3",hub,0.25,50,16,40,1730,37,8,3,1722,0.925,0.0046242774566473,0.8222222222222222,0.1777777777777777,0.1424931639974767
fbc_tfnbs,"e=1.1,h=5.0,n=30,start_thres=1.25,min_cluster_size=3",hub,0.25,50,16,40,1730,37,7,3,1723,0.925,0.0040462427745664,0.8409090909090909,0.1590909090909091,0.1424931639974767
fbc_tfnbs,"e=1.1,h=6.0,n=30,start_thres=1.25,min_cluster_size=3",hub,0.25,50,16,40,1730,37,7,3,1723,0.925,0.0040462427745664,0.8409090909090909,0.1590909090909091,0.1424931639974767
fbc_tfnbs,"e=1.1,h=7.0,n=30,start_thres=1.25,min_cluster_size=3",hub,0.25,50,16,40,1730,37,7,3,1723,0.925,0.0040462427745664,0.8409090909090909,0.1590909090909091,0.1424931639974767
fbc_tfnbs,"e=1.1,h=8.0,n=30,start_thres=1.25,min_cluster_size=3",hub,0.25,50,16,40,1730,37,7,3,1723,0.925,0.0040462427745664,0.8409090909090909,0.1590909090909091,0.1424931639974767
fbc_tfnbs,"e=1.1,h=9.0,n=30,start_thres=1.25,min_cluster_size=3",hub,0.25,50,16,40,1730,37,7,3,1723,0.925,0.0040462427745664,0.8409090909090909,0.1590909090909091,0.1424931639974767
fbc_tfnbs,"e=1.1,h=10.0,n=30,start_thres=1.25,min_cluster_size=3",hub,0.25,50,16,40,1730,37,6,3,1724,0.925,0.0034682080924855,0.8604651162790697,0.1395348837209302,0.1424931639974767
fbc_tfnbs,"e=1.2,h=0.5,n=30,start_thres=1.25,min_cluster_size=3",hub,0.25,50,16,40,1730,27,13,13,1717,0.675,0.007514450867052,0.675,0.325,0.1424931639974767
fbc_tfnbs,"e=1.2,h=1.0,n=30,start_thres=1.25,min_cluster_size=3",hub,0.25,50,16,40,1730,34,13,6,1717,0.85,0.007514450867052,0.723404255319149,0.2765957446808511,0.1424931639974767
fbc_tfnbs,"e=1.2,h=2.0,n=30,start_thres=1.25,min_cluster_size=3",hub,0.25,50,16,40,1730,36,9,4,1721,0.9,0.0052023121387283,0.8,0.2,0.1424931639974767
fbc_tfnbs,"e=1.2,h=3.0,n=30,start_thres=1.25,min_cluster_size=3",hub,0.25,50,16,40,1730,36,9,4,1721,0.9,0.0052023121387283,0.8,0.2,0.1424931639974767
fbc_tfnbs,"e=1.2,h=4.0,n=30,start_thres=1.25,min_cluster_size=3",hub,0.25,50,16,40,1730,37,8,3,1722,0.925,0.0046242774566473,0.8222222222222222,0.1777777777777777,0.1424931639974767
fbc_tfnbs,"e=1.2,h=5.0,n=30,start_thres=1.25,min_cluster_size=3",hub,0.25,50,16,40,1730,37,8,3,1722,0.925,0.0046242774566473,0.8222222222222222,0.1777777777777777,0.1424931639974767
fbc_tfnbs,"e=1.2,h=6.0,n=30,start_thres=1.25,min_cluster_size=3",hub,0.25,50,16,40,1730,37,7,3,1723,0.925,0.0040462427745664,0.8409090909090909,0.1590909090909091,0.1424931639974767
fbc_tfnbs,"e=1.2,h=7.0,n=30,start_thres=1.25,min_cluster_size=3",hub,0.25,50,16,40,1730,37,7,3,1723,0.925,0.0040462427745664,0.8409090909090909,0.1590909090909091,0.1424931639974767
fbc_tfnbs,"e=1.2,h=8.0,n=30,start_thres=1.25,min_cluster_size=3",hub,0.25,50,16,40,1730,37,7,3,1723,0.925,0.0040462427745664,0.8409090909090909,0.1590909090909091,0.1424931639974767
fbc_tfnbs,"e=1.2,h=9.0,n=30,start_thres=1.25,min_cluster_size=3",hub,0.25,50,16,40,1730,37,7,3,1723,0.925,0.0040462427745664,0.8409090909090909,0.1590909090909091,0.1424931639974767
fbc_tfnbs,"e=1.2,h=10.0,n=30,start_thres=1.25,min_cluster_size=3",hub,0.25,50,16,40,1730,38,7,2,1723,0.95,0.0040462427745664,0.8444444444444444,0.1555555555555555,0.1424931639974767
fbc_tfnbs,"e=1.3,h=0.5,n=30,start_thres=1.25,min_cluster_size=3",hub,0.25,50,16,40,1730,25,13,15,1717,0.625,0.007514450867052,0.6578947368421053,0.3421052631578947,0.1424931639974767
fbc_tfnbs,"e=1.3,h=1.0,n=30,start_thres=1.25,min_cluster_size=3",hub,0.25,50,16,40,1730,28,13,12,1717,0.7,0.007514450867052,0.6829268292682927,0.3170731707317073,0.1424931639974767
fbc_tfnbs,"e=1.3,h=2.0,n=30,start_thres=1.25,min_cluster_size=3",hub,0.25,50,16,40,1730,35,13,5,1717,0.875,0.007514450867052,0.7291666666666666,0.2708333333333333,0.1424931639974767
fbc_tfnbs,"e=1.3,h=3.0,n=30,start_thres=1.25,min_cluster_size=3",hub,0.25,50,16,40,1730,36,9,4,1721,0.9,0.0052023121387283,0.8,0.2,0.1424931639974767
fbc_tfnbs,"e=1.3,h=4.0,n=30,start_thres=1.25,min_cluster_size=3",hub,0.25,50,16,40,1730,37,9,3,1721,0.925,0.0052023121387283,0.8043478260869565,0.1956521739130435,0.1424931639974767
fbc_tfnbs,"e=1.3,h=5.0,n=30,start_thres=1.25,min_cluster_size=3",hub,0.25,50,16,40,1730,37,8,3,1722,0.925,0.0046242774566473,0.8222222222222222,0.1777777777777777,0.1424931639974767
fbc_tfnbs,"e=1.3,h=6.0,n=30,start_thres=1.25,min_cluster_size=3",hub,0.25,50,16,40,1730,37,8,3,1722,0.925,0.0046242774566473,0.8222222222222222,0.1777777777777777,0.1424931639974767
fbc_tfnbs,"e=1.3,h=7.0,n=30,start_thres=1.25,min_cluster_size=3",hub,0.25,50,16,40,1730,37,7,3,1723,0.925,0.0040462427745664,0.8409090909090909,0.1590909090909091,0.1424931639974767
fbc_tfnbs,"e=1.3,h=8.0,n=30,start_thres=1.25,min_cluster_size=3",hub,0.25,50,16,40,1730,37,7,3,1723,0.925,0.0040462427745664,0.8409090909090909,0.1590909090909091,0.1424931639974767
fbc_tfnbs,"e=1.3,h=9.0,n=30,start_thres=1.25,min_cluster_size=3",hub,0.25,50,16,40,1730,38,7,2,1723,0.95,0.0040462427745664,0.8444444444444444,0.1555555555555555,0.1424931639974767
fbc_tfnbs,"e=1.3,h=10.0,n=30,start_thres=1.25,min_cluster_size=3",hub,0.25,50,16,40,1730,38,7,2,1723,0.95,0.0040462427745664,0.8444444444444444,0.1555555555555555,0.1424931639974767
fbc_tfnbs,"e=1.4,h=0.5,n=30,start_thres=1.25,min_cluster_size=3",hub,0.25,50,16,40,1730,25,13,15,1717,0.625,0.007514450867052,0.6578947368421053,0.3421052631578947,0.1424931639974767
fbc_tfnbs,"e=1.4,h=1.0,n=30,start_thres=1.25,min_cluster_size=3",hub,0.25,50,16,40,1730,27,13,13,1717,0.675,0.007514450867052,0.675,0.325,0.1424931639974767
fbc_tfnbs,"e=1.4,h=2.0,n=30,start_thres=1.25,min_cluster_size=3",hub,0.25,50,16,40,1730,35,13,5,1717,0.875,0.007514450867052,0.7291666666666666,0.2708333333333333,0.1424931639974767
fbc_tfnbs,"e=1.4,h=3.0,n=30,start_thres=1.25,min_cluster_size=3",hub,0.25,50,16,40,1730,36,13,4,1717,0.9,0.007514450867052,0.7346938775510204,0.2653061224489796,0.1424931639974767
fbc_tfnbs,"e=1.4,h=4.0,n=30,start_thres=1.25,min_cluster_size=3",hub,0.25,50,16,40,1730,36,9,4,1721,0.9,0.0052023121387283,0.8,0.2,0.1424931639974767
fbc_tfnbs,"e=1.4,h=5.0,n=30,start_thres=1.25,min_cluster_size=3",hub,0.25,50,16,40,1730,37,9,3,1721,0.925,0.0052023121387283,0.8043478260869565,0.1956521739130435,0.1424931639974767
fbc_tfnbs,"e=1.4,h=6.0,n=30,start_thres=1.25,min_cluster_size=3",hub,0.25,50,16,40,1730,37,8,3,1722,0.925,0.0046242774566473,0.8222222222222222,0.1777777777777777,0.1424931639974767
fbc_tfnbs,"e=1.4,h=7.0,n=30,start_thres=1.25,min_cluster_size=3",hub,0.25,50,16,40,1730,37,8,3,1722,0.925,0.0046242774566473,0.8222222222222222,0.1777777777777777,0.1424931639974767
fbc_tfnbs,"e=1.4,h=8.0,n=30,start_thres=1.25,min_cluster_size=3",hub,0.25,50,16,40,1730,38,7,2,1723,0.95,0.0040462427745664,0.8444444444444444,0.1555555555555555,0.1424931639974767
fbc_tfnbs,"e=1.4,h=9.0,n=30,start_thres=1.25,min_cluster_size=3",hub,0.25,50,16,40,1730,38,7,2,1723,0.95,0.0040462427745664,0.8444444444444444,0.1555555555555555,0.1424931639974767
fbc_tfnbs,"e=1.4,h=10.0,n=30,start_thres=1.25,min_cluster_size=3",hub,0.25,50,16,40,1730,38,7,2,1723,0.95,0.0040462427745664,0.8444444444444444,0.1555555555555555,0.1424931639974767
fbc_tfnbs,"e=1.5,h=0.5,n=30,start_thres=1.25,min_cluster_size=3",hub,0.25,50,16,40,1730,23,18,17,1712,0.575,0.0104046242774566,0.5609756097560976,0.4390243902439024,0.1424931639974767
fbc_tfnbs,"e=1.5,h=1.0,n=30,start_thres=1.25,min_cluster_size=3",hub,0.25,50,16,40,1730,25,18,15,1712,0.625,0.0104046242774566,0.5813953488372093,0.4186046511627907,0.1424931639974767
fbc_tfnbs,"e=1.5,h=2.0,n=30,start_thres=1.25,min_cluster_size=3",hub,0.25,50,16,40,1730,35,18,5,1712,0.875,0.0104046242774566,0.660377358490566,0.3396226415094339,0.1424931639974767
fbc_tfnbs,"e=1.5,h=3.0,n=30,start_thres=1.25,min_cluster_size=3",hub,0.25,50,16,40,1730,36,13,4,1717,0.9,0.007514450867052,0.7346938775510204,0.2653061224489796,0.1424931639974767
fbc_tfnbs,"e=1.5,h=4.0,n=30,start_thres=1.25,min_cluster_size=3",hub,0.25,50,16,40,1730,36,13,4,1717,0.9,0.007514450867052,0.7346938775510204,0.2653061224489796,0.1424931639974767
fbc_tfnbs,"e=1.5,h=5.0,n=30,start_thres=1.25,min_cluster_size=3",hub,0.25,50,16,40,1730,37,9,3,1721,0.925,0.0052023121387283,0.8043478260869565,0.1956521739130435,0.1424931639974767
fbc_tfnbs,"e=1.5,h=6.0,n=30,start_thres=1.25,min_cluster_size=3",hub,0.25,50,16,40,1730,37,9,3,1721,0.925,0.0052023121387283,0.8043478260869565,0.1956521739130435,0.1424931639974767
fbc_tfnbs,"e=1.5,h=7.0,n=30,start_thres=1.25,min_cluster_size=3",hub,0.25,50,16,40,1730,37,8,3,1722,0.925,0.0046242774566473,0.8222222222222222,0.1777777777777777,0.1424931639974767
fbc_tfnbs,"e=1.5,h=8.0,n=30,start_thres=1.25,min_cluster_size=3",hub,0.25,50,16,40,1730,38,8,2,1722,0.95,0.0046242774566473,0.8260869565217391,0.1739130434782608,0.1424931639974767
fbc_tfnbs,"e=1.5,h=9.0,n=30,start_thres=1.25,min_cluster_size=3",hub,0.25,50,16,40,1730,38,7,2,1723,0.95,0.0040462427745664,0.8444444444444444,0.1555555555555555,0.1424931639974767
fbc_tfnbs,"e=1.5,h=10.0,n=30,start_thres=1.25,min_cluster_size=3",hub,0.25,50,16,40,1730,38,7,2,1723,0.95,0.0040462427745664,0.8444444444444444,0.1555555555555555,0.1424931639974767
fbc_tfnbs,"e=0.05,h=0.5,n=30,start_thres=1.25,min_cluster_size=3",hub,0.25,50,17,40,1730,29,0,11,1730,0.725,0.0,1.0,0.0,0.1406964063644409
fbc_tfnbs,"e=0.05,h=1.0,n=30,start_thres=1.25,min_cluster_size=3",hub,0.25,50,17,40,1730,29,0,11,1730,0.725,0.0,1.0,0.0,0.1406964063644409
fbc_tfnbs,"e=0.05,h=2.0,n=30,start_thres=1.25,min_cluster_size=3",hub,0.25,50,17,40,1730,29,0,11,1730,0.725,0.0,1.0,0.0,0.1406964063644409
fbc_tfnbs,"e=0.05,h=3.0,n=30,start_thres=1.25,min_cluster_size=3",hub,0.25,50,17,40,1730,29,0,11,1730,0.725,0.0,1.0,0.0,0.1406964063644409
fbc_tfnbs,"e=0.05,h=4.0,n=30,start_thres=1.25,min_cluster_size=3",hub,0.25,50,17,40,1730,29,0,11,1730,0.725,0.0,1.0,0.0,0.1406964063644409
fbc_tfnbs,"e=0.05,h=5.0,n=30,start_thres=1.25,min_cluster_size=3",hub,0.25,50,17,40,1730,29,0,11,1730,0.725,0.0,1.0,0.0,0.1406964063644409
fbc_tfnbs,"e=0.05,h=6.0,n=30,start_thres=1.25,min_cluster_size=3",hub,0.25,50,17,40,1730,29,0,11,1730,0.725,0.0,1.0,0.0,0.1406964063644409
fbc_tfnbs,"e=0.05,h=7.0,n=30,start_thres=1.25,min_cluster_size=3",hub,0.25,50,17,40,1730,29,0,11,1730,0.725,0.0,1.0,0.0,0.1406964063644409
fbc_tfnbs,"e=0.05,h=8.0,n=30,start_thres=1.25,min_cluster_size=3",hub,0.25,50,17,40,1730,29,0,11,1730,0.725,0.0,1.0,0.0,0.1406964063644409
fbc_tfnbs,"e=0.05,h=9.0,n=30,start_thres=1.25,min_cluster_size=3",hub,0.25,50,17,40,1730,29,0,11,1730,0.725,0.0,1.0,0.0,0.1406964063644409
fbc_tfnbs,"e=0.05,h=10.0,n=30,start_thres=1.25,min_cluster_size=3",hub,0.25,50,17,40,1730,29,0,11,1730,0.725,0.0,1.0,0.0,0.1406964063644409
fbc_tfnbs,"e=0.1,h=0.5,n=30,start_thres=1.25,min_cluster_size=3",hub,0.25,50,17,40,1730,29,0,11,1730,0.725,0.0,1.0,0.0,0.1406964063644409
fbc_tfnbs,"e=0.1,h=1.0,n=30,start_thres=1.25,min_cluster_size=3",hub,0.25,50,17,40,1730,29,0,11,1730,0.725,0.0,1.0,0.0,0.1406964063644409
fbc_tfnbs,"e=0.1,h=2.0,n=30,start_thres=1.25,min_cluster_size=3",hub,0.25,50,17,40,1730,29,0,11,1730,0.725,0.0,1.0,0.0,0.1406964063644409
fbc_tfnbs,"e=0.1,h=3.0,n=30,start_thres=1.25,min_cluster_size=3",hub,0.25,50,17,40,1730,29,0,11,1730,0.725,0.0,1.0,0.0,0.1406964063644409
fbc_tfnbs,"e=0.1,h=4.0,n=30,start_thres=1.25,min_cluster_size=3",hub,0.25,50,17,40,1730,29,0,11,1730,0.725,0.0,1.0,0.0,0.1406964063644409
fbc_tfnbs,"e=0.1,h=5.0,n=30,start_thres=1.25,min_cluster_size=3",hub,0.25,50,17,40,1730,29,0,11,1730,0.725,0.0,1.0,0.0,0.1406964063644409
fbc_tfnbs,"e=0.1,h=6.0,n=30,start_thres=1.25,min_cluster_size=3",hub,0.25,50,17,40,1730,29,0,11,1730,0.725,0.0,1.0,0.0,0.1406964063644409
fbc_tfnbs,"e=0.1,h=7.0,n=30,start_thres=1.25,min_cluster_size=3",hub,0.25,50,17,40,1730,29,0,11,1730,0.725,0.0,1.0,0.0,0.1406964063644409
fbc_tfnbs,"e=0.1,h=8.0,n=30,start_thres=1.25,min_cluster_size=3",hub,0.25,50,17,40,1730,29,0,11,1730,0.725,0.0,1.0,0.0,0.1406964063644409
fbc_tfnbs,"e=0.1,h=9.0,n=30,start_thres=1.25,min_cluster_size=3",hub,0.25,50,17,40,1730,29,0,11,1730,0.725,0.0,1.0,0.0,0.1406964063644409
fbc_tfnbs,"e=0.1,h=10.0,n=30,start_thres=1.25,min_cluster_size=3",hub,0.25,50,17,40,1730,29,0,11,1730,0.725,0.0,1.0,0.0,0.1406964063644409
fbc_tfnbs,"e=0.2,h=0.5,n=30,start_thres=1.25,min_cluster_size=3",hub,0.25,50,17,40,1730,32,0,8,1730,0.8,0.0,1.0,0.0,0.1406964063644409
fbc_tfnbs,"e=0.2,h=1.0,n=30,start_thres=1.25,min_cluster_size=3",hub,0.25,50,17,40,1730,32,0,8,1730,0.8,0.0,1.0,0.0,0.1406964063644409
fbc_tfnbs,"e=0.2,h=2.0,n=30,start_thres=1.25,min_cluster_size=3",hub,0.25,50,17,40,1730,32,0,8,1730,0.8,0.0,1.0,0.0,0.1406964063644409
fbc_tfnbs,"e=0.2,h=3.0,n=30,start_thres=1.25,min_cluster_size=3",hub,0.25,50,17,40,1730,32,0,8,1730,0.8,0.0,1.0,0.0,0.1406964063644409
fbc_tfnbs,"e=0.2,h=4.0,n=30,start_thres=1.25,min_cluster_size=3",hub,0.25,50,17,40,1730,32,0,8,1730,0.8,0.0,1.0,0.0,0.1406964063644409
fbc_tfnbs,"e=0.2,h=5.0,n=30,start_thres=1.25,min_cluster_size=3",hub,0.25,50,17,40,1730,32,0,8,1730,0.8,0.0,1.0,0.0,0.1406964063644409
fbc_tfnbs,"e=0.2,h=6.0,n=30,start_thres=1.25,min_cluster_size=3",hub,0.25,50,17,40,1730,32,0,8,1730,0.8,0.0,1.0,0.0,0.1406964063644409
fbc_tfnbs,"e=0.2,h=7.0,n=30,start_thres=1.25,min_cluster_size=3",hub,0.25,50,17,40,1730,32,0,8,1730,0.8,0.0,1.0,0.0,0.1406964063644409
fbc_tfnbs,"e=0.2,h=8.0,n=30,start_thres=1.25,min_cluster_size=3",hub,0.25,50,17,40,1730,32,0,8,1730,0.8,0.0,1.0,0.0,0.1406964063644409
fbc_tfnbs,"e=0.2,h=9.0,n=30,start_thres=1.25,min_cluster_size=3",hub,0.25,50,17,40,1730,31,0,9,1730,0.775,0.0,1.0,0.0,0.1406964063644409
fbc_tfnbs,"e=0.2,h=10.0,n=30,start_thres=1.25,min_cluster_size=3",hub,0.25,50,17,40,1730,29,0,11,1730,0.725,0.0,1.0,0.0,0.1406964063644409
fbc_tfnbs,"e=0.3,h=0.5,n=30,start_thres=1.25,min_cluster_size=3",hub,0.25,50,17,40,1730,32,0,8,1730,0.8,0.0,1.0,0.0,0.1406964063644409
fbc_tfnbs,"e=0.3,h=1.0,n=30,start_thres=1.25,min_cluster_size=3",hub,0.25,50,17,40,1730,32,0,8,1730,0.8,0.0,1.0,0.0,0.1406964063644409
fbc_tfnbs,"e=0.3,h=2.0,n=30,start_thres=1.25,min_cluster_size=3",hub,0.25,50,17,40,1730,32,0,8,1730,0.8,0.0,1.0,0.0,0.1406964063644409
fbc_tfnbs,"e=0.3,h=3.0,n=30,start_thres=1.25,min_cluster_size=3",hub,0.25,50,17,40,1730,32,0,8,1730,0.8,0.0,1.0,0.0,0.1406964063644409
fbc_tfnbs,"e=0.3,h=4.0,n=30,start_thres=1.25,min_cluster_size=3",hub,0.25,50,17,40,1730,32,0,8,1730,0.8,0.0,1.0,0.0,0.1406964063644409
fbc_tfnbs,"e=0.3,h=5.0,n=30,start_thres=1.25,min_cluster_size=3",hub,0.25,50,17,40,1730,32,0,8,1730,0.8,0.0,1.0,0.0,0.1406964063644409
fbc_tfnbs,"e=0.3,h=6.0,n=30,start_thres=1.25,min_cluster_size=3",hub,0.25,50,17,40,1730,32,0,8,1730,0.8,0.0,1.0,0.0,0.1406964063644409
fbc_tfnbs,"e=0.3,h=7.0,n=30,start_thres=1.25,min_cluster_size=3",hub,0.25,50,17,40,1730,32,0,8,1730,0.8,0.0,1.0,0.0,0.1406964063644409
fbc_tfnbs,"e=0.3,h=8.0,n=30,start_thres=1.25,min_cluster_size=3",hub,0.25,50,17,40,1730,32,0,8,1730,0.8,0.0,1.0,0.0,0.1406964063644409
fbc_tfnbs,"e=0.3,h=9.0,n=30,start_thres=1.25,min_cluster_size=3",hub,0.25,50,17,40,1730,32,0,8,1730,0.8,0.0,1.0,0.0,0.1406964063644409
fbc_tfnbs,"e=0.3,h=10.0,n=30,start_thres=1.25,min_cluster_size=3",hub,0.25,50,17,40,1730,32,0,8,1730,0.8,0.0,1.0,0.0,0.1406964063644409
fbc_tfnbs,"e=0.4,h=0.5,n=30,start_thres=1.25,min_cluster_size=3",hub,0.25,50,17,40,1730,32,0,8,1730,0.8,0.0,1.0,0.0,0.1406964063644409
fbc_tfnbs,"e=0.4,h=1.0,n=30,start_thres=1.25,min_cluster_size=3",hub,0.25,50,17,40,1730,32,0,8,1730,0.8,0.0,1.0,0.0,0.1406964063644409
fbc_tfnbs,"e=0.4,h=2.0,n=30,start_thres=1.25,min_cluster_size=3",hub,0.25,50,17,40,1730,32,0,8,1730,0.8,0.0,1.0,0.0,0.1406964063644409
fbc_tfnbs,"e=0.4,h=3.0,n=30,start_thres=1.25,min_cluster_size=3",hub,0.25,50,17,40,1730,32,0,8,1730,0.8,0.0,1.0,0.0,0.1406964063644409
fbc_tfnbs,"e=0.4,h=4.0,n=30,start_thres=1.25,min_cluster_size=3",hub,0.25,50,17,40,1730,32,0,8,1730,0.8,0.0,1.0,0.0,0.1406964063644409
fbc_tfnbs,"e=0.4,h=5.0,n=30,start_thres=1.25,min_cluster_size=3",hub,0.25,50,17,40,1730,32,0,8,1730,0.8,0.0,1.0,0.0,0.1406964063644409
fbc_tfnbs,"e=0.4,h=6.0,n=30,start_thres=1.25,min_cluster_size=3",hub,0.25,50,17,40,1730,32,0,8,1730,0.8,0.0,1.0,0.0,0.1406964063644409
fbc_tfnbs,"e=0.4,h=7.0,n=30,start_thres=1.25,min_cluster_size=3",hub,0.25,50,17,40,1730,32,0,8,1730,0.8,0.0,1.0,0.0,0.1406964063644409
fbc_tfnbs,"e=0.4,h=8.0,n=30,start_thres=1.25,min_cluster_size=3",hub,0.25,50,17,40,1730,32,0,8,1730,0.8,0.0,1.0,0.0,0.1406964063644409
fbc_tfnbs,"e=0.4,h=9.0,n=30,start_thres=1.25,min_cluster_size=3",hub,0.25,50,17,40,1730,32,0,8,1730,0.8,0.0,1.0,0.0,0.1406964063644409
fbc_tfnbs,"e=0.4,h=10.0,n=30,start_thres=1.25,min_cluster_size=3",hub,0.25,50,17,40,1730,32,0,8,1730,0.8,0.0,1.0,0.0,0.1406964063644409
fbc_tfnbs,"e=0.5,h=0.5,n=30,start_thres=1.25,min_cluster_size=3",hub,0.25,50,17,40,1730,32,0,8,1730,0.8,0.0,1.0,0.0,0.1406964063644409
fbc_tfnbs,"e=0.5,h=1.0,n=30,start_thres=1.25,min_cluster_size=3",hub,0.25,50,17,40,1730,32,0,8,1730,0.8,0.0,1.0,0.0,0.1406964063644409
fbc_tfnbs,"e=0.5,h=2.0,n=30,start_thres=1.25,min_cluster_size=3",hub,0.25,50,17,40,1730,32,0,8,1730,0.8,0.0,1.0,0.0,0.1406964063644409
fbc_tfnbs,"e=0.5,h=3.0,n=30,start_thres=1.25,min_cluster_size=3",hub,0.25,50,17,40,1730,32,0,8,1730,0.8,0.0,1.0,0.0,0.1406964063644409
fbc_tfnbs,"e=0.5,h=4.0,n=30,start_thres=1.25,min_cluster_size=3",hub,0.25,50,17,40,1730,32,0,8,1730,0.8,0.0,1.0,0.0,0.1406964063644409
fbc_tfnbs,"e=0.5,h=5.0,n=30,start_thres=1.25,min_cluster_size=3",hub,0.25,50,17,40,1730,32,0,8,1730,0.8,0.0,1.0,0.0,0.1406964063644409
fbc_tfnbs,"e=0.5,h=6.0,n=30,start_thres=1.25,min_cluster_size=3",hub,0.25,50,17,40,1730,32,0,8,1730,0.8,0.0,1.0,0.0,0.1406964063644409
fbc_tfnbs,"e=0.5,h=7.0,n=30,start_thres=1.25,min_cluster_size=3",hub,0.25,50,17,40,1730,32,0,8,1730,0.8,0.0,1.0,0.0,0.1406964063644409
fbc_tfnbs,"e=0.5,h=8.0,n=30,start_thres=1.25,min_cluster_size=3",hub,0.25,50,17,40,1730,32,0,8,1730,0.8,0.0,1.0,0.0,0.1406964063644409
fbc_tfnbs,"e=0.5,h=9.0,n=30,start_thres=1.25,min_cluster_size=3",hub,0.25,50,17,40,1730,32,0,8,1730,0.8,0.0,1.0,0.0,0.1406964063644409
fbc_tfnbs,"e=0.5,h=10.0,n=30,start_thres=1.25,min_cluster_size=3",hub,0.25,50,17,40,1730,32,0,8,1730,0.8,0.0,1.0,0.0,0.1406964063644409
fbc_tfnbs,"e=0.6,h=0.5,n=30,start_thres=1.25,min_cluster_size=3",hub,0.25,50,17,40,1730,33,0,7,1730,0.825,0.0,1.0,0.0,0.1406964063644409
fbc_tfnbs,"e=0.6,h=1.0,n=30,start_thres=1.25,min_cluster_size=3",hub,0.25,50,17,40,1730,33,0,7,1730,0.825,0.0,1.0,0.0,0.1406964063644409
fbc_tfnbs,"e=0.6,h=2.0,n=30,start_thres=1.25,min_cluster_size=3",hub,0.25,50,17,40,1730,33,0,7,1730,0.825,0.0,1.0,0.0,0.1406964063644409
fbc_tfnbs,"e=0.6,h=3.0,n=30,start_thres=1.25,min_cluster_size=3",hub,0.25,50,17,40,1730,33,0,7,1730,0.825,0.0,1.0,0.0,0.1406964063644409
fbc_tfnbs,"e=0.6,h=4.0,n=30,start_thres=1.25,min_cluster_size=3",hub,0.25,50,17,40,1730,33,0,7,1730,0.825,0.0,1.0,0.0,0.1406964063644409
fbc_tfnbs,"e=0.6,h=5.0,n=30,start_thres=1.25,min_cluster_size=3",hub,0.25,50,17,40,1730,32,0,8,1730,0.8,0.0,1.0,0.0,0.1406964063644409
fbc_tfnbs,"e=0.6,h=6.0,n=30,start_thres=1.25,min_cluster_size=3",hub,0.25,50,17,40,1730,32,0,8,1730,0.8,0.0,1.0,0.0,0.1406964063644409
fbc_tfnbs,"e=0.6,h=7.0,n=30,start_thres=1.25,min_cluster_size=3",hub,0.25,50,17,40,1730,32,0,8,1730,0.8,0.0,1.0,0.0,0.1406964063644409
fbc_tfnbs,"e=0.6,h=8.0,n=30,start_thres=1.25,min_cluster_size=3",hub,0.25,50,17,40,1730,32,0,8,1730,0.8,0.0,1.0,0.0,0.1406964063644409
fbc_tfnbs,"e=0.6,h=9.0,n=30,start_thres=1.25,min_cluster_size=3",hub,0.25,50,17,40,1730,32,0,8,1730,0.8,0.0,1.0,0.0,0.1406964063644409
fbc_tfnbs,"e=0.6,h=10.0,n=30,start_thres=1.25,min_cluster_size=3",hub,0.25,50,17,40,1730,32,0,8,1730,0.8,0.0,1.0,0.0,0.1406964063644409
fbc_tfnbs,"e=0.7,h=0.5,n=30,start_thres=1.25,min_cluster_size=3",hub,0.25,50,17,40,1730,33,0,7,1730,0.825,0.0,1.0,0.0,0.1406964063644409
fbc_tfnbs,"e=0.7,h=1.0,n=30,start_thres=1.25,min_cluster_size=3",hub,0.25,50,17,40,1730,33,0,7,1730,0.825,0.0,1.0,0.0,0.1406964063644409
fbc_tfnbs,"e=0.7,h=2.0,n=30,start_thres=1.25,min_cluster_size=3",hub,0.25,50,17,40,1730,33,0,7,1730,0.825,0.0,1.0,0.0,0.1406964063644409
fbc_tfnbs,"e=0.7,h=3.0,n=30,start_thres=1.25,min_cluster_size=3",hub,0.25,50,17,40,1730,33,2,7,1728,0.825,0.0011560693641618,0.9428571428571428,0.0571428571428571,0.1406964063644409
fbc_tfnbs,"e=0.7,h=4.0,n=30,start_thres=1.25,min_cluster_size=3",hub,0.25,50,17,40,1730,33,2,7,1728,0.825,0.0011560693641618,0.9428571428571428,0.0571428571428571,0.1406964063644409
fbc_tfnbs,"e=0.7,h=5.0,n=30,start_thres=1.25,min_cluster_size=3",hub,0.25,50,17,40,1730,33,2,7,1728,0.825,0.0011560693641618,0.9428571428571428,0.0571428571428571,0.1406964063644409
fbc_tfnbs,"e=0.7,h=6.0,n=30,start_thres=1.25,min_cluster_size=3",hub,0.25,50,17,40,1730,33,0,7,1730,0.825,0.0,1.0,0.0,0.1406964063644409
fbc_tfnbs,"e=0.7,h=7.0,n=30,start_thres=1.25,min_cluster_size=3",hub,0.25,50,17,40,1730,33,0,7,1730,0.825,0.0,1.0,0.0,0.1406964063644409
fbc_tfnbs,"e=0.7,h=8.0,n=30,start_thres=1.25,min_cluster_size=3",hub,0.25,50,17,40,1730,32,0,8,1730,0.8,0.0,1.0,0.0,0.1406964063644409
fbc_tfnbs,"e=0.7,h=9.0,n=30,start_thres=1.25,min_cluster_size=3",hub,0.25,50,17,40,1730,32,0,8,1730,0.8,0.0,1.0,0.0,0.1406964063644409
fbc_tfnbs,"e=0.7,h=10.0,n=30,start_thres=1.25,min_cluster_size=3",hub,0.25,50,17,40,1730,32,0,8,1730,0.8,0.0,1.0,0.0,0.1406964063644409
fbc_tfnbs,"e=0.8,h=0.5,n=30,start_thres=1.25,min_cluster_size=3",hub,0.25,50,17,40,1730,33,0,7,1730,0.825,0.0,1.0,0.0,0.1406964063644409
fbc_tfnbs,"e=0.8,h=1.0,n=30,start_thres=1.25,min_cluster_size=3",hub,0.25,50,17,40,1730,33,0,7,1730,0.825,0.0,1.0,0.0,0.1406964063644409
fbc_tfnbs,"e=0.8,h=2.0,n=30,start_thres=1.25,min_cluster_size=3",hub,0.25,50,17,40,1730,33,0,7,1730,0.825,0.0,1.0,0.0,0.1406964063644409
fbc_tfnbs,"e=0.8,h=3.0,n=30,start_thres=1.25,min_cluster_size=3",hub,0.25,50,17,40,1730,33,2,7,1728,0.825,0.0011560693641618,0.9428571428571428,0.0571428571428571,0.1406964063644409
fbc_tfnbs,"e=0.8,h=4.0,n=30,start_thres=1.25,min_cluster_size=3",hub,0.25,50,17,40,1730,33,2,7,1728,0.825,0.0011560693641618,0.9428571428571428,0.0571428571428571,0.1406964063644409
fbc_tfnbs,"e=0.8,h=5.0,n=30,start_thres=1.25,min_cluster_size=3",hub,0.25,50,17,40,1730,33,2,7,1728,0.825,0.0011560693641618,0.9428571428571428,0.0571428571428571,0.1406964063644409
fbc_tfnbs,"e=0.8,h=6.0,n=30,start_thres=1.25,min_cluster_size=3",hub,0.25,50,17,40,1730,33,2,7,1728,0.825,0.0011560693641618,0.9428571428571428,0.0571428571428571,0.1406964063644409
fbc_tfnbs,"e=0.8,h=7.0,n=30,start_thres=1.25,min_cluster_size=3",hub,0.25,50,17,40,1730,33,2,7,1728,0.825,0.0011560693641618,0.9428571428571428,0.0571428571428571,0.1406964063644409
fbc_tfnbs,"e=0.8,h=8.0,n=30,start_thres=1.25,min_cluster_size=3",hub,0.25,50,17,40,1730,33,2,7,1728,0.825,0.0011560693641618,0.9428571428571428,0.0571428571428571,0.1406964063644409
fbc_tfnbs,"e=0.8,h=9.0,n=30,start_thres=1.25,min_cluster_size=3",hub,0.25,50,17,40,1730,33,0,7,1730,0.825,0.0,1.0,0.0,0.1406964063644409
fbc_tfnbs,"e=0.8,h=10.0,n=30,start_thres=1.25,min_cluster_size=3",hub,0.25,50,17,40,1730,32,0,8,1730,0.8,0.0,1.0,0.0,0.1406964063644409
fbc_tfnbs,"e=0.9,h=0.5,n=30,start_thres=1.25,min_cluster_size=3",hub,0.25,50,17,40,1730,32,0,8,1730,0.8,0.0,1.0,0.0,0.1406964063644409
fbc_tfnbs,"e=0.9,h=1.0,n=30,start_thres=1.25,min_cluster_size=3",hub,0.25,50,17,40,1730,33,0,7,1730,0.825,0.0,1.0,0.0,0.1406964063644409
fbc_tfnbs,"e=0.9,h=2.0,n=30,start_thres=1.25,min_cluster_size=3",hub,0.25,50,17,40,1730,33,0,7,1730,0.825,0.0,1.0,0.0,0.1406964063644409
fbc_tfnbs,"e=0.9,h=3.0,n=30,start_thres=1.25,min_cluster_size=3",hub,0.25,50,17,40,1730,33,2,7,1728,0.825,0.0011560693641618,0.9428571428571428,0.0571428571428571,0.1406964063644409
fbc_tfnbs,"e=0.9,h=4.0,n=30,start_thres=1.25,min_cluster_size=3",hub,0.25,50,17,40,1730,33,2,7,1728,0.825,0.0011560693641618,0.9428571428571428,0.0571428571428571,0.1406964063644409
fbc_tfnbs,"e=0.9,h=5.0,n=30,start_thres=1.25,min_cluster_size=3",hub,0.25,50,17,40,1730,33,2,7,1728,0.825,0.0011560693641618,0.9428571428571428,0.0571428571428571,0.1406964063644409
fbc_tfnbs,"e=0.9,h=6.0,n=30,start_thres=1.25,min_cluster_size=3",hub,0.25,50,17,40,1730,33,2,7,1728,0.825,0.0011560693641618,0.9428571428571428,0.0571428571428571,0.1406964063644409
fbc_tfnbs,"e=0.9,h=7.0,n=30,start_thres=1.25,min_cluster_size=3",hub,0.25,50,17,40,1730,33,2,7,1728,0.825,0.0011560693641618,0.9428571428571428,0.0571428571428571,0.1406964063644409
fbc_tfnbs,"e=0.9,h=8.0,n=30,start_thres=1.25,min_cluster_size=3",hub,0.25,50,17,40,1730,33,2,7,1728,0.825,0.0011560693641618,0.9428571428571428,0.0571428571428571,0.1406964063644409
fbc_tfnbs,"e=0.9,h=9.0,n=30,start_thres=1.25,min_cluster_size=3",hub,0.25,50,17,40,1730,33,2,7,1728,0.825,0.0011560693641618,0.9428571428571428,0.0571428571428571,0.1406964063644409
fbc_tfnbs,"e=0.9,h=10.0,n=30,start_thres=1.25,min_cluster_size=3",hub,0.25,50,17,40,1730,33,2,7,1728,0.825,0.0011560693641618,0.9428571428571428,0.0571428571428571,0.1406964063644409
fbc_tfnbs,"e=1.0,h=0.5,n=30,start_thres=1.25,min_cluster_size=3",hub,0.25,50,17,40,1730,29,0,11,1730,0.725,0.0,1.0,0.0,0.1406964063644409
fbc_tfnbs,"e=1.0,h=1.0,n=30,start_thres=1.25,min_cluster_size=3",hub,0.25,50,17,40,1730,32,0,8,1730,0.8,0.0,1.0,0.0,0.1406964063644409
fbc_tfnbs,"e=1.0,h=2.0,n=30,start_thres=1.25,min_cluster_size=3",hub,0.25,50,17,40,1730,33,0,7,1730,0.825,0.0,1.0,0.0,0.1406964063644409
fbc_tfnbs,"e=1.0,h=3.0,n=30,start_thres=1.25,min_cluster_size=3",hub,0.25,50,17,40,1730,33,2,7,1728,0.825,0.0011560693641618,0.9428571428571428,0.0571428571428571,0.1406964063644409
fbc_tfnbs,"e=1.0,h=4.0,n=30,start_thres=1.25,min_cluster_size=3",hub,0.25,50,17,40,1730,33,2,7,1728,0.825,0.0011560693641618,0.9428571428571428,0.0571428571428571,0.1406964063644409
fbc_tfnbs,"e=1.0,h=5.0,n=30,start_thres=1.25,min_cluster_size=3",hub,0.25,50,17,40,1730,33,2,7,1728,0.825,0.0011560693641618,0.9428571428571428,0.0571428571428571,0.1406964063644409
fbc_tfnbs,"e=1.0,h=6.0,n=30,start_thres=1.25,min_cluster_size=3",hub,0.25,50,17,40,1730,33,2,7,1728,0.825,0.0011560693641618,0.9428571428571428,0.0571428571428571,0.1406964063644409
fbc_tfnbs,"e=1.0,h=7.0,n=30,start_thres=1.25,min_cluster_size=3",hub,0.25,50,17,40,1730,33,2,7,1728,0.825,0.0011560693641618,0.9428571428571428,0.0571428571428571,0.1406964063644409
fbc_tfnbs,"e=1.0,h=8.0,n=30,start_thres=1.25,min_cluster_size=3",hub,0.25,50,17,40,1730,33,2,7,1728,0.825,0.0011560693641618,0.9428571428571428,0.0571428571428571,0.1406964063644409
fbc_tfnbs,"e=1.0,h=9.0,n=30,start_thres=1.25,min_cluster_size=3",hub,0.25,50,17,40,1730,33,2,7,1728,0.825,0.0011560693641618,0.9428571428571428,0.0571428571428571,0.1406964063644409
fbc_tfnbs,"e=1.0,h=10.0,n=30,start_thres=1.25,min_cluster_size=3",hub,0.25,50,17,40,1730,33,2,7,1728,0.825,0.0011560693641618,0.9428571428571428,0.0571428571428571,0.1406964063644409
fbc_tfnbs,"e=1.1,h=0.5,n=30,start_thres=1.25,min_cluster_size=3",hub,0.25,50,17,40,1730,29,0,11,1730,0.725,0.0,1.0,0.0,0.1406964063644409
fbc_tfnbs,"e=1.1,h=1.0,n=30,start_thres=1.25,min_cluster_size=3",hub,0.25,50,17,40,1730,32,0,8,1730,0.8,0.0,1.0,0.0,0.1406964063644409
fbc_tfnbs,"e=1.1,h=2.0,n=30,start_thres=1.25,min_cluster_size=3",hub,0.25,50,17,40,1730,33,2,7,1728,0.825,0.0011560693641618,0.9428571428571428,0.0571428571428571,0.1406964063644409
fbc_tfnbs,"e=1.1,h=3.0,n=30,start_thres=1.25,min_cluster_size=3",hub,0.25,50,17,40,1730,33,2,7,1728,0.825,0.0011560693641618,0.9428571428571428,0.0571428571428571,0.1406964063644409
fbc_tfnbs,"e=1.1,h=4.0,n=30,start_thres=1.25,min_cluster_size=3",hub,0.25,50,17,40,1730,33,2,7,1728,0.825,0.0011560693641618,0.9428571428571428,0.0571428571428571,0.1406964063644409
fbc_tfnbs,"e=1.1,h=5.0,n=30,start_thres=1.25,min_cluster_size=3",hub,0.25,50,17,40,1730,33,2,7,1728,0.825,0.0011560693641618,0.9428571428571428,0.0571428571428571,0.1406964063644409
fbc_tfnbs,"e=1.1,h=6.0,n=30,start_thres=1.25,min_cluster_size=3",hub,0.25,50,17,40,1730,33,2,7,1728,0.825,0.0011560693641618,0.9428571428571428,0.0571428571428571,0.1406964063644409
fbc_tfnbs,"e=1.1,h=7.0,n=30,start_thres=1.25,min_cluster_size=3",hub,0.25,50,17,40,1730,33,2,7,1728,0.825,0.0011560693641618,0.9428571428571428,0.0571428571428571,0.1406964063644409
fbc_tfnbs,"e=1.1,h=8.0,n=30,start_thres=1.25,min_cluster_size=3",hub,0.25,50,17,40,1730,33,2,7,1728,0.825,0.0011560693641618,0.9428571428571428,0.0571428571428571,0.1406964063644409
fbc_tfnbs,"e=1.1,h=9.0,n=30,start_thres=1.25,min_cluster_size=3",hub,0.25,50,17,40,1730,33,2,7,1728,0.825,0.0011560693641618,0.9428571428571428,0.0571428571428571,0.1406964063644409
fbc_tfnbs,"e=1.1,h=10.0,n=30,start_thres=1.25,min_cluster_size=3",hub,0.25,50,17,40,1730,33,2,7,1728,0.825,0.0011560693641618,0.9428571428571428,0.0571428571428571,0.1406964063644409
fbc_tfnbs,"e=1.2,h=0.5,n=30,start_thres=1.25,min_cluster_size=3",hub,0.25,50,17,40,1730,28,0,12,1730,0.7,0.0,1.0,0.0,0.1406964063644409
fbc_tfnbs,"e=1.2,h=1.0,n=30,start_thres=1.25,min_cluster_size=3",hub,0.25,50,17,40,1730,29,0,11,1730,0.725,0.0,1.0,0.0,0.1406964063644409
fbc_tfnbs,"e=1.2,h=2.0,n=30,start_thres=1.25,min_cluster_size=3",hub,0.25,50,17,40,1730,33,1,7,1729,0.825,0.0005780346820809,0.9705882352941176,0.0294117647058823,0.1406964063644409
fbc_tfnbs,"e=1.2,h=3.0,n=30,start_thres=1.25,min_cluster_size=3",hub,0.25,50,17,40,1730,33,3,7,1727,0.825,0.0017341040462427,0.9166666666666666,0.0833333333333333,0.1406964063644409
fbc_tfnbs,"e=1.2,h=4.0,n=30,start_thres=1.25,min_cluster_size=3",hub,0.25,50,17,40,1730,33,2,7,1728,0.825,0.0011560693641618,0.9428571428571428,0.0571428571428571,0.1406964063644409
fbc_tfnbs,"e=1.2,h=5.0,n=30,start_thres=1.25,min_cluster_size=3",hub,0.25,50,17,40,1730,33,2,7,1728,0.825,0.0011560693641618,0.9428571428571428,0.0571428571428571,0.1406964063644409
fbc_tfnbs,"e=1.2,h=6.0,n=30,start_thres=1.25,min_cluster_size=3",hub,0.25,50,17,40,1730,33,2,7,1728,0.825,0.0011560693641618,0.9428571428571428,0.0571428571428571,0.1406964063644409
fbc_tfnbs,"e=1.2,h=7.0,n=30,start_thres=1.25,min_cluster_size=3",hub,0.25,50,17,40,1730,33,2,7,1728,0.825,0.0011560693641618,0.9428571428571428,0.0571428571428571,0.1406964063644409
fbc_tfnbs,"e=1.2,h=8.0,n=30,start_thres=1.25,min_cluster_size=3",hub,0.25,50,17,40,1730,33,2,7,1728,0.825,0.0011560693641618,0.9428571428571428,0.0571428571428571,0.1406964063644409
fbc_tfnbs,"e=1.2,h=9.0,n=30,start_thres=1.25,min_cluster_size=3",hub,0.25,50,17,40,1730,33,2,7,1728,0.825,0.0011560693641618,0.9428571428571428,0.0571428571428571,0.1406964063644409
fbc_tfnbs,"e=1.2,h=10.0,n=30,start_thres=1.25,min_cluster_size=3",hub,0.25,50,17,40,1730,33,2,7,1728,0.825,0.0011560693641618,0.9428571428571428,0.0571428571428571,0.1406964063644409
fbc_tfnbs,"e=1.3,h=0.5,n=30,start_thres=1.25,min_cluster_size=3",hub,0.25,50,17,40,1730,23,0,17,1730,0.575,0.0,1.0,0.0,0.1406964063644409
fbc_tfnbs,"e=1.3,h=1.0,n=30,start_thres=1.25,min_cluster_size=3",hub,0.25,50,17,40,1730,29,0,11,1730,0.725,0.0,1.0,0.0,0.1406964063644409
fbc_tfnbs,"e=1.3,h=2.0,n=30,start_thres=1.25,min_cluster_size=3",hub,0.25,50,17,40,1730,33,1,7,1729,0.825,0.0005780346820809,0.9705882352941176,0.0294117647058823,0.1406964063644409
fbc_tfnbs,"e=1.3,h=3.0,n=30,start_thres=1.25,min_cluster_size=3",hub,0.25,50,17,40,1730,33,3,7,1727,0.825,0.0017341040462427,0.9166666666666666,0.0833333333333333,0.1406964063644409
fbc_tfnbs,"e=1.3,h=4.0,n=30,start_thres=1.25,min_cluster_size=3",hub,0.25,50,17,40,1730,33,3,7,1727,0.825,0.0017341040462427,0.9166666666666666,0.0833333333333333,0.1406964063644409
fbc_tfnbs,"e=1.3,h=5.0,n=30,start_thres=1.25,min_cluster_size=3",hub,0.25,50,17,40,1730,33,3,7,1727,0.825,0.0017341040462427,0.9166666666666666,0.0833333333333333,0.1406964063644409
fbc_tfnbs,"e=1.3,h=6.0,n=30,start_thres=1.25,min_cluster_size=3",hub,0.25,50,17,40,1730,33,2,7,1728,0.825,0.0011560693641618,0.9428571428571428,0.0571428571428571,0.1406964063644409
fbc_tfnbs,"e=1.3,h=7.0,n=30,start_thres=1.25,min_cluster_size=3",hub,0.25,50,17,40,1730,33,2,7,1728,0.825,0.0011560693641618,0.9428571428571428,0.0571428571428571,0.1406964063644409
fbc_tfnbs,"e=1.3,h=8.0,n=30,start_thres=1.25,min_cluster_size=3",hub,0.25,50,17,40,1730,33,2,7,1728,0.825,0.0011560693641618,0.9428571428571428,0.0571428571428571,0.1406964063644409
fbc_tfnbs,"e=1.3,h=9.0,n=30,start_thres=1.25,min_cluster_size=3",hub,0.25,50,17,40,1730,33,2,7,1728,0.825,0.0011560693641618,0.9428571428571428,0.0571428571428571,0.1406964063644409
fbc_tfnbs,"e=1.3,h=10.0,n=30,start_thres=1.25,min_cluster_size=3",hub,0.25,50,17,40,1730,33,2,7,1728,0.825,0.0011560693641618,0.9428571428571428,0.0571428571428571,0.1406964063644409
fbc_tfnbs,"e=1.4,h=0.5,n=30,start_thres=1.25,min_cluster_size=3",hub,0.25,50,17,40,1730,23,0,17,1730,0.575,0.0,1.0,0.0,0.1406964063644409
fbc_tfnbs,"e=1.4,h=1.0,n=30,start_thres=1.25,min_cluster_size=3",hub,0.25,50,17,40,1730,28,0,12,1730,0.7,0.0,1.0,0.0,0.1406964063644409
fbc_tfnbs,"e=1.4,h=2.0,n=30,start_thres=1.25,min_cluster_size=3",hub,0.25,50,17,40,1730,32,1,8,1729,0.8,0.0005780346820809,0.9696969696969696,0.0303030303030303,0.1406964063644409
fbc_tfnbs,"e=1.4,h=3.0,n=30,start_thres=1.25,min_cluster_size=3",hub,0.25,50,17,40,1730,33,3,7,1727,0.825,0.0017341040462427,0.9166666666666666,0.0833333333333333,0.1406964063644409
fbc_tfnbs,"e=1.4,h=4.0,n=30,start_thres=1.25,min_cluster_size=3",hub,0.25,50,17,40,1730,33,3,7,1727,0.825,0.0017341040462427,0.9166666666666666,0.0833333333333333,0.1406964063644409
fbc_tfnbs,"e=1.4,h=5.0,n=30,start_thres=1.25,min_cluster_size=3",hub,0.25,50,17,40,1730,33,3,7,1727,0.825,0.0017341040462427,0.9166666666666666,0.0833333333333333,0.1406964063644409
fbc_tfnbs,"e=1.4,h=6.0,n=30,start_thres=1.25,min_cluster_size=3",hub,0.25,50,17,40,1730,33,3,7,1727,0.825,0.0017341040462427,0.9166666666666666,0.0833333333333333,0.1406964063644409
fbc_tfnbs,"e=1.4,h=7.0,n=30,start_thres=1.25,min_cluster_size=3",hub,0.25,50,17,40,1730,33,3,7,1727,0.825,0.0017341040462427,0.9166666666666666,0.0833333333333333,0.1406964063644409
fbc_tfnbs,"e=1.4,h=8.0,n=30,start_thres=1.25,min_cluster_size=3",hub,0.25,50,17,40,1730,33,2,7,1728,0.825,0.0011560693641618,0.9428571428571428,0.0571428571428571,0.1406964063644409
fbc_tfnbs,"e=1.4,h=9.0,n=30,start_thres=1.25,min_cluster_size=3",hub,0.25,50,17,40,1730,33,2,7,1728,0.825,0.0011560693641618,0.9428571428571428,0.0571428571428571,0.1406964063644409
fbc_tfnbs,"e=1.4,h=10.0,n=30,start_thres=1.25,min_cluster_size=3",hub,0.25,50,17,40,1730,33,2,7,1728,0.825,0.0011560693641618,0.9428571428571428,0.0571428571428571,0.1406964063644409
fbc_tfnbs,"e=1.5,h=0.5,n=30,start_thres=1.25,min_cluster_size=3",hub,0.25,50,17,40,1730,15,0,25,1730,0.375,0.0,1.0,0.0,0.1406964063644409
fbc_tfnbs,"e=1.5,h=1.0,n=30,start_thres=1.25,min_cluster_size=3",hub,0.25,50,17,40,1730,23,0,17,1730,0.575,0.0,1.0,0.0,0.1406964063644409
fbc_tfnbs,"e=1.5,h=2.0,n=30,start_thres=1.25,min_cluster_size=3",hub,0.25,50,17,40,1730,30,1,10,1729,0.75,0.0005780346820809,0.967741935483871,0.032258064516129,0.1406964063644409
fbc_tfnbs,"e=1.5,h=3.0,n=30,start_thres=1.25,min_cluster_size=3",hub,0.25,50,17,40,1730,33,3,7,1727,0.825,0.0017341040462427,0.9166666666666666,0.0833333333333333,0.1406964063644409
fbc_tfnbs,"e=1.5,h=4.0,n=30,start_thres=1.25,min_cluster_size=3",hub,0.25,50,17,40,1730,33,3,7,1727,0.825,0.0017341040462427,0.9166666666666666,0.0833333333333333,0.1406964063644409
fbc_tfnbs,"e=1.5,h=5.0,n=30,start_thres=1.25,min_cluster_size=3",hub,0.25,50,17,40,1730,33,3,7,1727,0.825,0.0017341040462427,0.9166666666666666,0.0833333333333333,0.1406964063644409
fbc_tfnbs,"e=1.5,h=6.0,n=30,start_thres=1.25,min_cluster_size=3",hub,0.25,50,17,40,1730,33,3,7,1727,0.825,0.0017341040462427,0.9166666666666666,0.0833333333333333,0.1406964063644409
fbc_tfnbs,"e=1.5,h=7.0,n=30,start_thres=1.25,min_cluster_size=3",hub,0.25,50,17,40,1730,33,3,7,1727,0.825,0.0017341040462427,0.9166666666666666,0.0833333333333333,0.1406964063644409
fbc_tfnbs,"e=1.5,h=8.0,n=30,start_thres=1.25,min_cluster_size=3",hub,0.25,50,17,40,1730,33,3,7,1727,0.825,0.0017341040462427,0.9166666666666666,0.0833333333333333,0.1406964063644409
fbc_tfnbs,"e=1.5,h=9.0,n=30,start_thres=1.25,min_cluster_size=3",hub,0.25,50,17,40,1730,33,2,7,1728,0.825,0.0011560693641618,0.9428571428571428,0.0571428571428571,0.1406964063644409
fbc_tfnbs,"e=1.5,h=10.0,n=30,start_thres=1.25,min_cluster_size=3",hub,0.25,50,17,40,1730,33,2,7,1728,0.825,0.0011560693641618,0.9428571428571428,0.0571428571428571,0.1406964063644409
fbc_tfnbs,"e=0.05,h=0.5,n=30,start_thres=1.25,min_cluster_size=3",hub,0.25,50,18,40,1730,20,2,20,1728,0.5,0.0011560693641618,0.9090909090909092,0.0909090909090909,0.1420806727626107
fbc_tfnbs,"e=0.05,h=1.0,n=30,start_thres=1.25,min_cluster_size=3",hub,0.25,50,18,40,1730,20,2,20,1728,0.5,0.0011560693641618,0.9090909090909092,0.0909090909090909,0.1420806727626107
fbc_tfnbs,"e=0.05,h=2.0,n=30,start_thres=1.25,min_cluster_size=3",hub,0.25,50,18,40,1730,20,2,20,1728,0.5,0.0011560693641618,0.9090909090909092,0.0909090909090909,0.1420806727626107
fbc_tfnbs,"e=0.05,h=3.0,n=30,start_thres=1.25,min_cluster_size=3",hub,0.25,50,18,40,1730,21,2,19,1728,0.525,0.0011560693641618,0.9130434782608696,0.0869565217391304,0.1420806727626107
fbc_tfnbs,"e=0.05,h=4.0,n=30,start_thres=1.25,min_cluster_size=3",hub,0.25,50,18,40,1730,21,2,19,1728,0.525,0.0011560693641618,0.9130434782608696,0.0869565217391304,0.1420806727626107
fbc_tfnbs,"e=0.05,h=5.0,n=30,start_thres=1.25,min_cluster_size=3",hub,0.25,50,18,40,1730,24,2,16,1728,0.6,0.0011560693641618,0.9230769230769232,0.0769230769230769,0.1420806727626107
fbc_tfnbs,"e=0.05,h=6.0,n=30,start_thres=1.25,min_cluster_size=3",hub,0.25,50,18,40,1730,24,2,16,1728,0.6,0.0011560693641618,0.9230769230769232,0.0769230769230769,0.1420806727626107
fbc_tfnbs,"e=0.05,h=7.0,n=30,start_thres=1.25,min_cluster_size=3",hub,0.25,50,18,40,1730,24,2,16,1728,0.6,0.0011560693641618,0.9230769230769232,0.0769230769230769,0.1420806727626107
fbc_tfnbs,"e=0.05,h=8.0,n=30,start_thres=1.25,min_cluster_size=3",hub,0.25,50,18,40,1730,24,2,16,1728,0.6,0.0011560693641618,0.9230769230769232,0.0769230769230769,0.1420806727626107
fbc_tfnbs,"e=0.05,h=9.0,n=30,start_thres=1.25,min_cluster_size=3",hub,0.25,50,18,40,1730,24,2,16,1728,0.6,0.0011560693641618,0.9230769230769232,0.0769230769230769,0.1420806727626107
fbc_tfnbs,"e=0.05,h=10.0,n=30,start_thres=1.25,min_cluster_size=3",hub,0.25,50,18,40,1730,24,2,16,1728,0.6,0.0011560693641618,0.9230769230769232,0.0769230769230769,0.1420806727626107
fbc_tfnbs,"e=0.1,h=0.5,n=30,start_thres=1.25,min_cluster_size=3",hub,0.25,50,18,40,1730,20,2,20,1728,0.5,0.0011560693641618,0.9090909090909092,0.0909090909090909,0.1420806727626107
fbc_tfnbs,"e=0.1,h=1.0,n=30,start_thres=1.25,min_cluster_size=3",hub,0.25,50,18,40,1730,20,2,20,1728,0.5,0.0011560693641618,0.9090909090909092,0.0909090909090909,0.1420806727626107
fbc_tfnbs,"e=0.1,h=2.0,n=30,start_thres=1.25,min_cluster_size=3",hub,0.25,50,18,40,1730,20,2,20,1728,0.5,0.0011560693641618,0.9090909090909092,0.0909090909090909,0.1420806727626107
fbc_tfnbs,"e=0.1,h=3.0,n=30,start_thres=1.25,min_cluster_size=3",hub,0.25,50,18,40,1730,21,2,19,1728,0.525,0.0011560693641618,0.9130434782608696,0.0869565217391304,0.1420806727626107
fbc_tfnbs,"e=0.1,h=4.0,n=30,start_thres=1.25,min_cluster_size=3",hub,0.25,50,18,40,1730,21,2,19,1728,0.525,0.0011560693641618,0.9130434782608696,0.0869565217391304,0.1420806727626107
fbc_tfnbs,"e=0.1,h=5.0,n=30,start_thres=1.25,min_cluster_size=3",hub,0.25,50,18,40,1730,21,2,19,1728,0.525,0.0011560693641618,0.9130434782608696,0.0869565217391304,0.1420806727626107
fbc_tfnbs,"e=0.1,h=6.0,n=30,start_thres=1.25,min_cluster_size=3",hub,0.25,50,18,40,1730,21,2,19,1728,0.525,0.0011560693641618,0.9130434782608696,0.0869565217391304,0.1420806727626107
fbc_tfnbs,"e=0.1,h=7.0,n=30,start_thres=1.25,min_cluster_size=3",hub,0.25,50,18,40,1730,21,2,19,1728,0.525,0.0011560693641618,0.9130434782608696,0.0869565217391304,0.1420806727626107
fbc_tfnbs,"e=0.1,h=8.0,n=30,start_thres=1.25,min_cluster_size=3",hub,0.25,50,18,40,1730,24,2,16,1728,0.6,0.0011560693641618,0.9230769230769232,0.0769230769230769,0.1420806727626107
fbc_tfnbs,"e=0.1,h=9.0,n=30,start_thres=1.25,min_cluster_size=3",hub,0.25,50,18,40,1730,24,2,16,1728,0.6,0.0011560693641618,0.9230769230769232,0.0769230769230769,0.1420806727626107
fbc_tfnbs,"e=0.1,h=10.0,n=30,start_thres=1.25,min_cluster_size=3",hub,0.25,50,18,40,1730,24,2,16,1728,0.6,0.0011560693641618,0.9230769230769232,0.0769230769230769,0.1420806727626107
fbc_tfnbs,"e=0.2,h=0.5,n=30,start_thres=1.25,min_cluster_size=3",hub,0.25,50,18,40,1730,20,2,20,1728,0.5,0.0011560693641618,0.9090909090909092,0.0909090909090909,0.1420806727626107
fbc_tfnbs,"e=0.2,h=1.0,n=30,start_thres=1.25,min_cluster_size=3",hub,0.25,50,18,40,1730,20,2,20,1728,0.5,0.0011560693641618,0.9090909090909092,0.0909090909090909,0.1420806727626107
fbc_tfnbs,"e=0.2,h=2.0,n=30,start_thres=1.25,min_cluster_size=3",hub,0.25,50,18,40,1730,20,2,20,1728,0.5,0.0011560693641618,0.9090909090909092,0.0909090909090909,0.1420806727626107
fbc_tfnbs,"e=0.2,h=3.0,n=30,start_thres=1.25,min_cluster_size=3",hub,0.25,50,18,40,1730,21,2,19,1728,0.525,0.0011560693641618,0.9130434782608696,0.0869565217391304,0.1420806727626107
fbc_tfnbs,"e=0.2,h=4.0,n=30,start_thres=1.25,min_cluster_size=3",hub,0.25,50,18,40,1730,21,2,19,1728,0.525,0.0011560693641618,0.9130434782608696,0.0869565217391304,0.1420806727626107
fbc_tfnbs,"e=0.2,h=5.0,n=30,start_thres=1.25,min_cluster_size=3",hub,0.25,50,18,40,1730,21,2,19,1728,0.525,0.0011560693641618,0.9130434782608696,0.0869565217391304,0.1420806727626107
fbc_tfnbs,"e=0.2,h=6.0,n=30,start_thres=1.25,min_cluster_size=3",hub,0.25,50,18,40,1730,21,2,19,1728,0.525,0.0011560693641618,0.9130434782608696,0.0869565217391304,0.1420806727626107
fbc_tfnbs,"e=0.2,h=7.0,n=30,start_thres=1.25,min_cluster_size=3",hub,0.25,50,18,40,1730,21,2,19,1728,0.525,0.0011560693641618,0.9130434782608696,0.0869565217391304,0.1420806727626107
fbc_tfnbs,"e=0.2,h=8.0,n=30,start_thres=1.25,min_cluster_size=3",hub,0.25,50,18,40,1730,21,2,19,1728,0.525,0.0011560693641618,0.9130434782608696,0.0869565217391304,0.1420806727626107
fbc_tfnbs,"e=0.2,h=9.0,n=30,start_thres=1.25,min_cluster_size=3",hub,0.25,50,18,40,1730,21,2,19,1728,0.525,0.0011560693641618,0.9130434782608696,0.0869565217391304,0.1420806727626107
fbc_tfnbs,"e=0.2,h=10.0,n=30,start_thres=1.25,min_cluster_size=3",hub,0.25,50,18,40,1730,21,2,19,1728,0.525,0.0011560693641618,0.9130434782608696,0.0869565217391304,0.1420806727626107
fbc_tfnbs,"e=0.3,h=0.5,n=30,start_thres=1.25,min_cluster_size=3",hub,0.25,50,18,40,1730,20,2,20,1728,0.5,0.0011560693641618,0.9090909090909092,0.0909090909090909,0.1420806727626107
fbc_tfnbs,"e=0.3,h=1.0,n=30,start_thres=1.25,min_cluster_size=3",hub,0.25,50,18,40,1730,20,2,20,1728,0.5,0.0011560693641618,0.9090909090909092,0.0909090909090909,0.1420806727626107
fbc_tfnbs,"e=0.3,h=2.0,n=30,start_thres=1.25,min_cluster_size=3",hub,0.25,50,18,40,1730,20,2,20,1728,0.5,0.0011560693641618,0.9090909090909092,0.0909090909090909,0.1420806727626107
fbc_tfnbs,"e=0.3,h=3.0,n=30,start_thres=1.25,min_cluster_size=3",hub,0.25,50,18,40,1730,20,2,20,1728,0.5,0.0011560693641618,0.9090909090909092,0.0909090909090909,0.1420806727626107
fbc_tfnbs,"e=0.3,h=4.0,n=30,start_thres=1.25,min_cluster_size=3",hub,0.25,50,18,40,1730,21,2,19,1728,0.525,0.0011560693641618,0.9130434782608696,0.0869565217391304,0.1420806727626107
fbc_tfnbs,"e=0.3,h=5.0,n=30,start_thres=1.25,min_cluster_size=3",hub,0.25,50,18,40,1730,21,2,19,1728,0.525,0.0011560693641618,0.9130434782608696,0.0869565217391304,0.1420806727626107
fbc_tfnbs,"e=0.3,h=6.0,n=30,start_thres=1.25,min_cluster_size=3",hub,0.25,50,18,40,1730,21,2,19,1728,0.525,0.0011560693641618,0.9130434782608696,0.0869565217391304,0.1420806727626107
fbc_tfnbs,"e=0.3,h=7.0,n=30,start_thres=1.25,min_cluster_size=3",hub,0.25,50,18,40,1730,21,2,19,1728,0.525,0.0011560693641618,0.9130434782608696,0.0869565217391304,0.1420806727626107
fbc_tfnbs,"e=0.3,h=8.0,n=30,start_thres=1.25,min_cluster_size=3",hub,0.25,50,18,40,1730,21,2,19,1728,0.525,0.0011560693641618,0.9130434782608696,0.0869565217391304,0.1420806727626107
fbc_tfnbs,"e=0.3,h=9.0,n=30,start_thres=1.25,min_cluster_size=3",hub,0.25,50,18,40,1730,21,2,19,1728,0.525,0.0011560693641618,0.9130434782608696,0.0869565217391304,0.1420806727626107
fbc_tfnbs,"e=0.3,h=10.0,n=30,start_thres=1.25,min_cluster_size=3",hub,0.25,50,18,40,1730,21,2,19,1728,0.525,0.0011560693641618,0.9130434782608696,0.0869565217391304,0.1420806727626107
fbc_tfnbs,"e=0.4,h=0.5,n=30,start_thres=1.25,min_cluster_size=3",hub,0.25,50,18,40,1730,20,2,20,1728,0.5,0.0011560693641618,0.9090909090909092,0.0909090909090909,0.1420806727626107
fbc_tfnbs,"e=0.4,h=1.0,n=30,start_thres=1.25,min_cluster_size=3",hub,0.25,50,18,40,1730,20,2,20,1728,0.5,0.0011560693641618,0.9090909090909092,0.0909090909090909,0.1420806727626107
fbc_tfnbs,"e=0.4,h=2.0,n=30,start_thres=1.25,min_cluster_size=3",hub,0.25,50,18,40,1730,20,2,20,1728,0.5,0.0011560693641618,0.9090909090909092,0.0909090909090909,0.1420806727626107
fbc_tfnbs,"e=0.4,h=3.0,n=30,start_thres=1.25,min_cluster_size=3",hub,0.25,50,18,40,1730,20,2,20,1728,0.5,0.0011560693641618,0.9090909090909092,0.0909090909090909,0.1420806727626107
fbc_tfnbs,"e=0.4,h=4.0,n=30,start_thres=1.25,min_cluster_size=3",hub,0.25,50,18,40,1730,20,2,20,1728,0.5,0.0011560693641618,0.9090909090909092,0.0909090909090909,0.1420806727626107
fbc_tfnbs,"e=0.4,h=5.0,n=30,start_thres=1.25,min_cluster_size=3",hub,0.25,50,18,40,1730,21,2,19,1728,0.525,0.0011560693641618,0.9130434782608696,0.0869565217391304,0.1420806727626107
fbc_tfnbs,"e=0.4,h=6.0,n=30,start_thres=1.25,min_cluster_size=3",hub,0.25,50,18,40,1730,21,2,19,1728,0.525,0.0011560693641618,0.9130434782608696,0.0869565217391304,0.1420806727626107
fbc_tfnbs,"e=0.4,h=7.0,n=30,start_thres=1.25,min_cluster_size=3",hub,0.25,50,18,40,1730,21,2,19,1728,0.525,0.0011560693641618,0.9130434782608696,0.0869565217391304,0.1420806727626107
fbc_tfnbs,"e=0.4,h=8.0,n=30,start_thres=1.25,min_cluster_size=3",hub,0.25,50,18,40,1730,21,2,19,1728,0.525,0.0011560693641618,0.9130434782608696,0.0869565217391304,0.1420806727626107
fbc_tfnbs,"e=0.4,h=9.0,n=30,start_thres=1.25,min_cluster_size=3",hub,0.25,50,18,40,1730,21,2,19,1728,0.525,0.0011560693641618,0.9130434782608696,0.0869565217391304,0.1420806727626107
fbc_tfnbs,"e=0.4,h=10.0,n=30,start_thres=1.25,min_cluster_size=3",hub,0.25,50,18,40,1730,21,2,19,1728,0.525,0.0011560693641618,0.9130434782608696,0.0869565217391304,0.1420806727626107
fbc_tfnbs,"e=0.5,h=0.5,n=30,start_thres=1.25,min_cluster_size=3",hub,0.25,50,18,40,1730,21,2,19,1728,0.525,0.0011560693641618,0.9130434782608696,0.0869565217391304,0.1420806727626107
fbc_tfnbs,"e=0.5,h=1.0,n=30,start_thres=1.25,min_cluster_size=3",hub,0.25,50,18,40,1730,21,2,19,1728,0.525,0.0011560693641618,0.9130434782608696,0.0869565217391304,0.1420806727626107
fbc_tfnbs,"e=0.5,h=2.0,n=30,start_thres=1.25,min_cluster_size=3",hub,0.25,50,18,40,1730,21,2,19,1728,0.525,0.0011560693641618,0.9130434782608696,0.0869565217391304,0.1420806727626107
fbc_tfnbs,"e=0.5,h=3.0,n=30,start_thres=1.25,min_cluster_size=3",hub,0.25,50,18,40,1730,20,2,20,1728,0.5,0.0011560693641618,0.9090909090909092,0.0909090909090909,0.1420806727626107
fbc_tfnbs,"e=0.5,h=4.0,n=30,start_thres=1.25,min_cluster_size=3",hub,0.25,50,18,40,1730,20,2,20,1728,0.5,0.0011560693641618,0.9090909090909092,0.0909090909090909,0.1420806727626107
fbc_tfnbs,"e=0.5,h=5.0,n=30,start_thres=1.25,min_cluster_size=3",hub,0.25,50,18,40,1730,21,2,19,1728,0.525,0.0011560693641618,0.9130434782608696,0.0869565217391304,0.1420806727626107
fbc_tfnbs,"e=0.5,h=6.0,n=30,start_thres=1.25,min_cluster_size=3",hub,0.25,50,18,40,1730,21,2,19,1728,0.525,0.0011560693641618,0.9130434782608696,0.0869565217391304,0.1420806727626107
fbc_tfnbs,"e=0.5,h=7.0,n=30,start_thres=1.25,min_cluster_size=3",hub,0.25,50,18,40,1730,21,2,19,1728,0.525,0.0011560693641618,0.9130434782608696,0.0869565217391304,0.1420806727626107
fbc_tfnbs,"e=0.5,h=8.0,n=30,start_thres=1.25,min_cluster_size=3",hub,0.25,50,18,40,1730,21,2,19,1728,0.525,0.0011560693641618,0.9130434782608696,0.0869565217391304,0.1420806727626107
fbc_tfnbs,"e=0.5,h=9.0,n=30,start_thres=1.25,min_cluster_size=3",hub,0.25,50,18,40,1730,21,2,19,1728,0.525,0.0011560693641618,0.9130434782608696,0.0869565217391304,0.1420806727626107
fbc_tfnbs,"e=0.5,h=10.0,n=30,start_thres=1.25,min_cluster_size=3",hub,0.25,50,18,40,1730,21,2,19,1728,0.525,0.0011560693641618,0.9130434782608696,0.0869565217391304,0.1420806727626107
fbc_tfnbs,"e=0.6,h=0.5,n=30,start_thres=1.25,min_cluster_size=3",hub,0.25,50,18,40,1730,20,2,20,1728,0.5,0.0011560693641618,0.9090909090909092,0.0909090909090909,0.1420806727626107
fbc_tfnbs,"e=0.6,h=1.0,n=30,start_thres=1.25,min_cluster_size=3",hub,0.25,50,18,40,1730,20,2,20,1728,0.5,0.0011560693641618,0.9090909090909092,0.0909090909090909,0.1420806727626107
fbc_tfnbs,"e=0.6,h=2.0,n=30,start_thres=1.25,min_cluster_size=3",hub,0.25,50,18,40,1730,21,2,19,1728,0.525,0.0011560693641618,0.9130434782608696,0.0869565217391304,0.1420806727626107
fbc_tfnbs,"e=0.6,h=3.0,n=30,start_thres=1.25,min_cluster_size=3",hub,0.25,50,18,40,1730,21,2,19,1728,0.525,0.0011560693641618,0.9130434782608696,0.0869565217391304,0.1420806727626107
fbc_tfnbs,"e=0.6,h=4.0,n=30,start_thres=1.25,min_cluster_size=3",hub,0.25,50,18,40,1730,22,2,18,1728,0.55,0.0011560693641618,0.9166666666666666,0.0833333333333333,0.1420806727626107
fbc_tfnbs,"e=0.6,h=5.0,n=30,start_thres=1.25,min_cluster_size=3",hub,0.25,50,18,40,1730,22,2,18,1728,0.55,0.0011560693641618,0.9166666666666666,0.0833333333333333,0.1420806727626107
fbc_tfnbs,"e=0.6,h=6.0,n=30,start_thres=1.25,min_cluster_size=3",hub,0.25,50,18,40,1730,21,2,19,1728,0.525,0.0011560693641618,0.9130434782608696,0.0869565217391304,0.1420806727626107
fbc_tfnbs,"e=0.6,h=7.0,n=30,start_thres=1.25,min_cluster_size=3",hub,0.25,50,18,40,1730,21,2,19,1728,0.525,0.0011560693641618,0.9130434782608696,0.0869565217391304,0.1420806727626107
fbc_tfnbs,"e=0.6,h=8.0,n=30,start_thres=1.25,min_cluster_size=3",hub,0.25,50,18,40,1730,21,2,19,1728,0.525,0.0011560693641618,0.9130434782608696,0.0869565217391304,0.1420806727626107
fbc_tfnbs,"e=0.6,h=9.0,n=30,start_thres=1.25,min_cluster_size=3",hub,0.25,50,18,40,1730,21,2,19,1728,0.525,0.0011560693641618,0.9130434782608696,0.0869565217391304,0.1420806727626107
fbc_tfnbs,"e=0.6,h=10.0,n=30,start_thres=1.25,min_cluster_size=3",hub,0.25,50,18,40,1730,21,2,19,1728,0.525,0.0011560693641618,0.9130434782608696,0.0869565217391304,0.1420806727626107
fbc_tfnbs,"e=0.7,h=0.5,n=30,start_thres=1.25,min_cluster_size=3",hub,0.25,50,18,40,1730,17,2,23,1728,0.425,0.0011560693641618,0.8947368421052632,0.1052631578947368,0.1420806727626107
fbc_tfnbs,"e=0.7,h=1.0,n=30,start_thres=1.25,min_cluster_size=3",hub,0.25,50,18,40,1730,20,2,20,1728,0.5,0.0011560693641618,0.9090909090909092,0.0909090909090909,0.1420806727626107
fbc_tfnbs,"e=0.7,h=2.0,n=30,start_thres=1.25,min_cluster_size=3",hub,0.25,50,18,40,1730,21,2,19,1728,0.525,0.0011560693641618,0.9130434782608696,0.0869565217391304,0.1420806727626107
fbc_tfnbs,"e=0.7,h=3.0,n=30,start_thres=1.25,min_cluster_size=3",hub,0.25,50,18,40,1730,21,2,19,1728,0.525,0.0011560693641618,0.9130434782608696,0.0869565217391304,0.1420806727626107
fbc_tfnbs,"e=0.7,h=4.0,n=30,start_thres=1.25,min_cluster_size=3",hub,0.25,50,18,40,1730,22,2,18,1728,0.55,0.0011560693641618,0.9166666666666666,0.0833333333333333,0.1420806727626107
fbc_tfnbs,"e=0.7,h=5.0,n=30,start_thres=1.25,min_cluster_size=3",hub,0.25,50,18,40,1730,23,2,17,1728,0.575,0.0011560693641618,0.92,0.08,0.1420806727626107
fbc_tfnbs,"e=0.7,h=6.0,n=30,start_thres=1.25,min_cluster_size=3",hub,0.25,50,18,40,1730,23,2,17,1728,0.575,0.0011560693641618,0.92,0.08,0.1420806727626107
fbc_tfnbs,"e=0.7,h=7.0,n=30,start_thres=1.25,min_cluster_size=3",hub,0.25,50,18,40,1730,22,2,18,1728,0.55,0.0011560693641618,0.9166666666666666,0.0833333333333333,0.1420806727626107
fbc_tfnbs,"e=0.7,h=8.0,n=30,start_thres=1.25,min_cluster_size=3",hub,0.25,50,18,40,1730,22,2,18,1728,0.55,0.0011560693641618,0.9166666666666666,0.0833333333333333,0.1420806727626107
fbc_tfnbs,"e=0.7,h=9.0,n=30,start_thres=1.25,min_cluster_size=3",hub,0.25,50,18,40,1730,22,2,18,1728,0.55,0.0011560693641618,0.9166666666666666,0.0833333333333333,0.1420806727626107
fbc_tfnbs,"e=0.7,h=10.0,n=30,start_thres=1.25,min_cluster_size=3",hub,0.25,50,18,40,1730,22,2,18,1728,0.55,0.0011560693641618,0.9166666666666666,0.0833333333333333,0.1420806727626107
fbc_tfnbs,"e=0.8,h=0.5,n=30,start_thres=1.25,min_cluster_size=3",hub,0.25,50,18,40,1730,18,3,22,1727,0.45,0.0017341040462427,0.8571428571428571,0.1428571428571428,0.1420806727626107
fbc_tfnbs,"e=0.8,h=1.0,n=30,start_thres=1.25,min_cluster_size=3",hub,0.25,50,18,40,1730,18,3,22,1727,0.45,0.0017341040462427,0.8571428571428571,0.1428571428571428,0.1420806727626107
fbc_tfnbs,"e=0.8,h=2.0,n=30,start_thres=1.25,min_cluster_size=3",hub,0.25,50,18,40,1730,21,2,19,1728,0.525,0.0011560693641618,0.9130434782608696,0.0869565217391304,0.1420806727626107
fbc_tfnbs,"e=0.8,h=3.0,n=30,start_thres=1.25,min_cluster_size=3",hub,0.25,50,18,40,1730,22,2,18,1728,0.55,0.0011560693641618,0.9166666666666666,0.0833333333333333,0.1420806727626107
fbc_tfnbs,"e=0.8,h=4.0,n=30,start_thres=1.25,min_cluster_size=3",hub,0.25,50,18,40,1730,22,2,18,1728,0.55,0.0011560693641618,0.9166666666666666,0.0833333333333333,0.1420806727626107
fbc_tfnbs,"e=0.8,h=5.0,n=30,start_thres=1.25,min_cluster_size=3",hub,0.25,50,18,40,1730,22,2,18,1728,0.55,0.0011560693641618,0.9166666666666666,0.0833333333333333,0.1420806727626107
fbc_tfnbs,"e=0.8,h=6.0,n=30,start_thres=1.25,min_cluster_size=3",hub,0.25,50,18,40,1730,23,2,17,1728,0.575,0.0011560693641618,0.92,0.08,0.1420806727626107
fbc_tfnbs,"e=0.8,h=7.0,n=30,start_thres=1.25,min_cluster_size=3",hub,0.25,50,18,40,1730,23,2,17,1728,0.575,0.0011560693641618,0.92,0.08,0.1420806727626107
fbc_tfnbs,"e=0.8,h=8.0,n=30,start_thres=1.25,min_cluster_size=3",hub,0.25,50,18,40,1730,22,2,18,1728,0.55,0.0011560693641618,0.9166666666666666,0.0833333333333333,0.1420806727626107
fbc_tfnbs,"e=0.8,h=9.0,n=30,start_thres=1.25,min_cluster_size=3",hub,0.25,50,18,40,1730,22,2,18,1728,0.55,0.0011560693641618,0.9166666666666666,0.0833333333333333,0.1420806727626107
fbc_tfnbs,"e=0.8,h=10.0,n=30,start_thres=1.25,min_cluster_size=3",hub,0.25,50,18,40,1730,22,2,18,1728,0.55,0.0011560693641618,0.9166666666666666,0.0833333333333333,0.1420806727626107
fbc_tfnbs,"e=0.9,h=0.5,n=30,start_thres=1.25,min_cluster_size=3",hub,0.25,50,18,40,1730,17,3,23,1727,0.425,0.0017341040462427,0.85,0.15,0.1420806727626107
fbc_tfnbs,"e=0.9,h=1.0,n=30,start_thres=1.25,min_cluster_size=3",hub,0.25,50,18,40,1730,18,3,22,1727,0.45,0.0017341040462427,0.8571428571428571,0.1428571428571428,0.1420806727626107
fbc_tfnbs,"e=0.9,h=2.0,n=30,start_thres=1.25,min_cluster_size=3",hub,0.25,50,18,40,1730,21,3,19,1727,0.525,0.0017341040462427,0.875,0.125,0.1420806727626107
fbc_tfnbs,"e=0.9,h=3.0,n=30,start_thres=1.25,min_cluster_size=3",hub,0.25,50,18,40,1730,22,3,18,1727,0.55,0.0017341040462427,0.88,0.12,0.1420806727626107
fbc_tfnbs,"e=0.9,h=4.0,n=30,start_thres=1.25,min_cluster_size=3",hub,0.25,50,18,40,1730,22,2,18,1728,0.55,0.0011560693641618,0.9166666666666666,0.0833333333333333,0.1420806727626107
fbc_tfnbs,"e=0.9,h=5.0,n=30,start_thres=1.25,min_cluster_size=3",hub,0.25,50,18,40,1730,22,2,18,1728,0.55,0.0011560693641618,0.9166666666666666,0.0833333333333333,0.1420806727626107
fbc_tfnbs,"e=0.9,h=6.0,n=30,start_thres=1.25,min_cluster_size=3",hub,0.25,50,18,40,1730,23,2,17,1728,0.575,0.0011560693641618,0.92,0.08,0.1420806727626107
fbc_tfnbs,"e=0.9,h=7.0,n=30,start_thres=1.25,min_cluster_size=3",hub,0.25,50,18,40,1730,23,2,17,1728,0.575,0.0011560693641618,0.92,0.08,0.1420806727626107
fbc_tfnbs,"e=0.9,h=8.0,n=30,start_thres=1.25,min_cluster_size=3",hub,0.25,50,18,40,1730,23,2,17,1728,0.575,0.0011560693641618,0.92,0.08,0.1420806727626107
fbc_tfnbs,"e=0.9,h=9.0,n=30,start_thres=1.25,min_cluster_size=3",hub,0.25,50,18,40,1730,23,2,17,1728,0.575,0.0011560693641618,0.92,0.08,0.1420806727626107
fbc_tfnbs,"e=0.9,h=10.0,n=30,start_thres=1.25,min_cluster_size=3",hub,0.25,50,18,40,1730,22,2,18,1728,0.55,0.0011560693641618,0.9166666666666666,0.0833333333333333,0.1420806727626107
fbc_tfnbs,"e=1.0,h=0.5,n=30,start_thres=1.25,min_cluster_size=3",hub,0.25,50,18,40,1730,17,3,23,1727,0.425,0.0017341040462427,0.85,0.15,0.1420806727626107
fbc_tfnbs,"e=1.0,h=1.0,n=30,start_thres=1.25,min_cluster_size=3",hub,0.25,50,18,40,1730,18,3,22,1727,0.45,0.0017341040462427,0.8571428571428571,0.1428571428571428,0.1420806727626107
fbc_tfnbs,"e=1.0,h=2.0,n=30,start_thres=1.25,min_cluster_size=3",hub,0.25,50,18,40,1730,18,3,22,1727,0.45,0.0017341040462427,0.8571428571428571,0.1428571428571428,0.1420806727626107
fbc_tfnbs,"e=1.0,h=3.0,n=30,start_thres=1.25,min_cluster_size=3",hub,0.25,50,18,40,1730,22,3,18,1727,0.55,0.0017341040462427,0.88,0.12,0.1420806727626107
fbc_tfnbs,"e=1.0,h=4.0,n=30,start_thres=1.25,min_cluster_size=3",hub,0.25,50,18,40,1730,23,3,17,1727,0.575,0.0017341040462427,0.8846153846153846,0.1153846153846153,0.1420806727626107
fbc_tfnbs,"e=1.0,h=5.0,n=30,start_thres=1.25,min_cluster_size=3",hub,0.25,50,18,40,1730,23,3,17,1727,0.575,0.0017341040462427,0.8846153846153846,0.1153846153846153,0.1420806727626107
fbc_tfnbs,"e=1.0,h=6.0,n=30,start_thres=1.25,min_cluster_size=3",hub,0.25,50,18,40,1730,22,2,18,1728,0.55,0.0011560693641618,0.9166666666666666,0.0833333333333333,0.1420806727626107
fbc_tfnbs,"e=1.0,h=7.0,n=30,start_thres=1.25,min_cluster_size=3",hub,0.25,50,18,40,1730,23,2,17,1728,0.575,0.0011560693641618,0.92,0.08,0.1420806727626107
fbc_tfnbs,"e=1.0,h=8.0,n=30,start_thres=1.25,min_cluster_size=3",hub,0.25,50,18,40,1730,23,2,17,1728,0.575,0.0011560693641618,0.92,0.08,0.1420806727626107
fbc_tfnbs,"e=1.0,h=9.0,n=30,start_thres=1.25,min_cluster_size=3",hub,0.25,50,18,40,1730,23,2,17,1728,0.575,0.0011560693641618,0.92,0.08,0.1420806727626107
fbc_tfnbs,"e=1.0,h=10.0,n=30,start_thres=1.25,min_cluster_size=3",hub,0.25,50,18,40,1730,23,2,17,1728,0.575,0.0011560693641618,0.92,0.08,0.1420806727626107
fbc_tfnbs,"e=1.1,h=0.5,n=30,start_thres=1.25,min_cluster_size=3",hub,0.25,50,18,40,1730,15,2,25,1728,0.375,0.0011560693641618,0.8823529411764706,0.1176470588235294,0.1420806727626107
fbc_tfnbs,"e=1.1,h=1.0,n=30,start_thres=1.25,min_cluster_size=3",hub,0.25,50,18,40,1730,17,3,23,1727,0.425,0.0017341040462427,0.85,0.15,0.1420806727626107
fbc_tfnbs,"e=1.1,h=2.0,n=30,start_thres=1.25,min_cluster_size=3",hub,0.25,50,18,40,1730,18,3,22,1727,0.45,0.0017341040462427,0.8571428571428571,0.1428571428571428,0.1420806727626107
fbc_tfnbs,"e=1.1,h=3.0,n=30,start_thres=1.25,min_cluster_size=3",hub,0.25,50,18,40,1730,21,3,19,1727,0.525,0.0017341040462427,0.875,0.125,0.1420806727626107
fbc_tfnbs,"e=1.1,h=4.0,n=30,start_thres=1.25,min_cluster_size=3",hub,0.25,50,18,40,1730,23,3,17,1727,0.575,0.0017341040462427,0.8846153846153846,0.1153846153846153,0.1420806727626107
fbc_tfnbs,"e=1.1,h=5.0,n=30,start_thres=1.25,min_cluster_size=3",hub,0.25,50,18,40,1730,23,3,17,1727,0.575,0.0017341040462427,0.8846153846153846,0.1153846153846153,0.1420806727626107
fbc_tfnbs,"e=1.1,h=6.0,n=30,start_thres=1.25,min_cluster_size=3",hub,0.25,50,18,40,1730,23,3,17,1727,0.575,0.0017341040462427,0.8846153846153846,0.1153846153846153,0.1420806727626107
fbc_tfnbs,"e=1.1,h=7.0,n=30,start_thres=1.25,min_cluster_size=3",hub,0.25,50,18,40,1730,23,2,17,1728,0.575,0.0011560693641618,0.92,0.08,0.1420806727626107
fbc_tfnbs,"e=1.1,h=8.0,n=30,start_thres=1.25,min_cluster_size=3",hub,0.25,50,18,40,1730,23,2,17,1728,0.575,0.0011560693641618,0.92,0.08,0.1420806727626107
fbc_tfnbs,"e=1.1,h=9.0,n=30,start_thres=1.25,min_cluster_size=3",hub,0.25,50,18,40,1730,23,2,17,1728,0.575,0.0011560693641618,0.92,0.08,0.1420806727626107
fbc_tfnbs,"e=1.1,h=10.0,n=30,start_thres=1.25,min_cluster_size=3",hub,0.25,50,18,40,1730,23,2,17,1728,0.575,0.0011560693641618,0.92,0.08,0.1420806727626107
fbc_tfnbs,"e=1.2,h=0.5,n=30,start_thres=1.25,min_cluster_size=3",hub,0.25,50,18,40,1730,12,2,28,1728,0.3,0.0011560693641618,0.8571428571428571,0.1428571428571428,0.1420806727626107
fbc_tfnbs,"e=1.2,h=1.0,n=30,start_thres=1.25,min_cluster_size=3",hub,0.25,50,18,40,1730,15,3,25,1727,0.375,0.0017341040462427,0.8333333333333334,0.1666666666666666,0.1420806727626107
fbc_tfnbs,"e=1.2,h=2.0,n=30,start_thres=1.25,min_cluster_size=3",hub,0.25,50,18,40,1730,18,3,22,1727,0.45,0.0017341040462427,0.8571428571428571,0.1428571428571428,0.1420806727626107
fbc_tfnbs,"e=1.2,h=3.0,n=30,start_thres=1.25,min_cluster_size=3",hub,0.25,50,18,40,1730,21,3,19,1727,0.525,0.0017341040462427,0.875,0.125,0.1420806727626107
fbc_tfnbs,"e=1.2,h=4.0,n=30,start_thres=1.25,min_cluster_size=3",hub,0.25,50,18,40,1730,23,3,17,1727,0.575,0.0017341040462427,0.8846153846153846,0.1153846153846153,0.1420806727626107
fbc_tfnbs,"e=1.2,h=5.0,n=30,start_thres=1.25,min_cluster_size=3",hub,0.25,50,18,40,1730,23,3,17,1727,0.575,0.0017341040462427,0.8846153846153846,0.1153846153846153,0.1420806727626107
fbc_tfnbs,"e=1.2,h=6.0,n=30,start_thres=1.25,min_cluster_size=3",hub,0.25,50,18,40,1730,23,3,17,1727,0.575,0.0017341040462427,0.8846153846153846,0.1153846153846153,0.1420806727626107
fbc_tfnbs,"e=1.2,h=7.0,n=30,start_thres=1.25,min_cluster_size=3",hub,0.25,50,18,40,1730,24,3,16,1727,0.6,0.0017341040462427,0.8888888888888888,0.1111111111111111,0.1420806727626107
fbc_tfnbs,"e=1.2,h=8.0,n=30,start_thres=1.25,min_cluster_size=3",hub,0.25,50,18,40,1730,23,2,17,1728,0.575,0.0011560693641618,0.92,0.08,0.1420806727626107
fbc_tfnbs,"e=1.2,h=9.0,n=30,start_thres=1.25,min_cluster_size=3",hub,0.25,50,18,40,1730,23,2,17,1728,0.575,0.0011560693641618,0.92,0.08,0.1420806727626107
fbc_tfnbs,"e=1.2,h=10.0,n=30,start_thres=1.25,min_cluster_size=3",hub,0.25,50,18,40,1730,23,2,17,1728,0.575,0.0011560693641618,0.92,0.08,0.1420806727626107
fbc_tfnbs,"e=1.3,h=0.5,n=30,start_thres=1.25,min_cluster_size=3",hub,0.25,50,18,40,1730,12,2,28,1728,0.3,0.0011560693641618,0.8571428571428571,0.1428571428571428,0.1420806727626107
fbc_tfnbs,"e=1.3,h=1.0,n=30,start_thres=1.25,min_cluster_size=3",hub,0.25,50,18,40,1730,12,2,28,1728,0.3,0.0011560693641618,0.8571428571428571,0.1428571428571428,0.1420806727626107
fbc_tfnbs,"e=1.3,h=2.0,n=30,start_thres=1.25,min_cluster_size=3",hub,0.25,50,18,40,1730,18,5,22,1725,0.45,0.0028901734104046,0.782608695652174,0.217391304347826,0.1420806727626107
fbc_tfnbs,"e=1.3,h=3.0,n=30,start_thres=1.25,min_cluster_size=3",hub,0.25,50,18,40,1730,18,3,22,1727,0.45,0.0017341040462427,0.8571428571428571,0.1428571428571428,0.1420806727626107
fbc_tfnbs,"e=1.3,h=4.0,n=30,start_thres=1.25,min_cluster_size=3",hub,0.25,50,18,40,1730,22,3,18,1727,0.55,0.0017341040462427,0.88,0.12,0.1420806727626107
fbc_tfnbs,"e=1.3,h=5.0,n=30,start_thres=1.25,min_cluster_size=3",hub,0.25,50,18,40,1730,23,3,17,1727,0.575,0.0017341040462427,0.8846153846153846,0.1153846153846153,0.1420806727626107
fbc_tfnbs,"e=1.3,h=6.0,n=30,start_thres=1.25,min_cluster_size=3",hub,0.25,50,18,40,1730,23,3,17,1727,0.575,0.0017341040462427,0.8846153846153846,0.1153846153846153,0.1420806727626107
fbc_tfnbs,"e=1.3,h=7.0,n=30,start_thres=1.25,min_cluster_size=3",hub,0.25,50,18,40,1730,23,3,17,1727,0.575,0.0017341040462427,0.8846153846153846,0.1153846153846153,0.1420806727626107
fbc_tfnbs,"e=1.3,h=8.0,n=30,start_thres=1.25,min_cluster_size=3",hub,0.25,50,18,40,1730,24,3,16,1727,0.6,0.0017341040462427,0.8888888888888888,0.1111111111111111,0.1420806727626107
fbc_tfnbs,"e=1.3,h=9.0,n=30,start_thres=1.25,min_cluster_size=3",hub,0.25,50,18,40,1730,23,2,17,1728,0.575,0.0011560693641618,0.92,0.08,0.1420806727626107
fbc_tfnbs,"e=1.3,h=10.0,n=30,start_thres=1.25,min_cluster_size=3",hub,0.25,50,18,40,1730,23,2,17,1728,0.575,0.0011560693641618,0.92,0.08,0.1420806727626107
fbc_tfnbs,"e=1.4,h=0.5,n=30,start_thres=1.25,min_cluster_size=3",hub,0.25,50,18,40,1730,12,2,28,1728,0.3,0.0011560693641618,0.8571428571428571,0.1428571428571428,0.1420806727626107
fbc_tfnbs,"e=1.4,h=1.0,n=30,start_thres=1.25,min_cluster_size=3",hub,0.25,50,18,40,1730,12,2,28,1728,0.3,0.0011560693641618,0.8571428571428571,0.1428571428571428,0.1420806727626107
fbc_tfnbs,"e=1.4,h=2.0,n=30,start_thres=1.25,min_cluster_size=3",hub,0.25,50,18,40,1730,17,5,23,1725,0.425,0.0028901734104046,0.7727272727272727,0.2272727272727272,0.1420806727626107
fbc_tfnbs,"e=1.4,h=3.0,n=30,start_thres=1.25,min_cluster_size=3",hub,0.25,50,18,40,1730,18,3,22,1727,0.45,0.0017341040462427,0.8571428571428571,0.1428571428571428,0.1420806727626107
fbc_tfnbs,"e=1.4,h=4.0,n=30,start_thres=1.25,min_cluster_size=3",hub,0.25,50,18,40,1730,21,3,19,1727,0.525,0.0017341040462427,0.875,0.125,0.1420806727626107
fbc_tfnbs,"e=1.4,h=5.0,n=30,start_thres=1.25,min_cluster_size=3",hub,0.25,50,18,40,1730,23,3,17,1727,0.575,0.0017341040462427,0.8846153846153846,0.1153846153846153,0.1420806727626107
fbc_tfnbs,"e=1.4,h=6.0,n=30,start_thres=1.25,min_cluster_size=3",hub,0.25,50,18,40,1730,23,3,17,1727,0.575,0.0017341040462427,0.8846153846153846,0.1153846153846153,0.1420806727626107
fbc_tfnbs,"e=1.4,h=7.0,n=30,start_thres=1.25,min_cluster_size=3",hub,0.25,50,18,40,1730,23,3,17,1727,0.575,0.0017341040462427,0.8846153846153846,0.1153846153846153,0.1420806727626107
fbc_tfnbs,"e=1.4,h=8.0,n=30,start_thres=1.25,min_cluster_size=3",hub,0.25,50,18,40,1730,24,3,16,1727,0.6,0.0017341040462427,0.8888888888888888,0.1111111111111111,0.1420806727626107
fbc_tfnbs,"e=1.4,h=9.0,n=30,start_thres=1.25,min_cluster_size=3",hub,0.25,50,18,40,1730,24,3,16,1727,0.6,0.0017341040462427,0.8888888888888888,0.1111111111111111,0.1420806727626107
fbc_tfnbs,"e=1.4,h=10.0,n=30,start_thres=1.25,min_cluster_size=3",hub,0.25,50,18,40,1730,23,2,17,1728,0.575,0.0011560693641618,0.92,0.08,0.1420806727626107
fbc_tfnbs,"e=1.5,h=0.5,n=30,start_thres=1.25,min_cluster_size=3",hub,0.25,50,18,40,1730,12,2,28,1728,0.3,0.0011560693641618,0.8571428571428571,0.1428571428571428,0.1420806727626107
fbc_tfnbs,"e=1.5,h=1.0,n=30,start_thres=1.25,min_cluster_size=3",hub,0.25,50,18,40,1730,12,2,28,1728,0.3,0.0011560693641618,0.8571428571428571,0.1428571428571428,0.1420806727626107
fbc_tfnbs,"e=1.5,h=2.0,n=30,start_thres=1.25,min_cluster_size=3",hub,0.25,50,18,40,1730,15,4,25,1726,0.375,0.0023121387283236,0.7894736842105263,0.2105263157894736,0.1420806727626107
fbc_tfnbs,"e=1.5,h=3.0,n=30,start_thres=1.25,min_cluster_size=3",hub,0.25,50,18,40,1730,18,5,22,1725,0.45,0.0028901734104046,0.782608695652174,0.217391304347826,0.1420806727626107
fbc_tfnbs,"e=1.5,h=4.0,n=30,start_thres=1.25,min_cluster_size=3",hub,0.25,50,18,40,1730,21,5,19,1725,0.525,0.0028901734104046,0.8076923076923077,0.1923076923076923,0.1420806727626107
fbc_tfnbs,"e=1.5,h=5.0,n=30,start_thres=1.25,min_cluster_size=3",hub,0.25,50,18,40,1730,23,3,17,1727,0.575,0.0017341040462427,0.8846153846153846,0.1153846153846153,0.1420806727626107
fbc_tfnbs,"e=1.5,h=6.0,n=30,start_thres=1.25,min_cluster_size=3",hub,0.25,50,18,40,1730,23,3,17,1727,0.575,0.0017341040462427,0.8846153846153846,0.1153846153846153,0.1420806727626107
fbc_tfnbs,"e=1.5,h=7.0,n=30,start_thres=1.25,min_cluster_size=3",hub,0.25,50,18,40,1730,23,3,17,1727,0.575,0.0017341040462427,0.8846153846153846,0.1153846153846153,0.1420806727626107
fbc_tfnbs,"e=1.5,h=8.0,n=30,start_thres=1.25,min_cluster_size=3",hub,0.25,50,18,40,1730,24,3,16,1727,0.6,0.0017341040462427,0.8888888888888888,0.1111111111111111,0.1420806727626107
fbc_tfnbs,"e=1.5,h=9.0,n=30,start_thres=1.25,min_cluster_size=3",hub,0.25,50,18,40,1730,24,3,16,1727,0.6,0.0017341040462427,0.8888888888888888,0.1111111111111111,0.1420806727626107
fbc_tfnbs,"e=1.5,h=10.0,n=30,start_thres=1.25,min_cluster_size=3",hub,0.25,50,18,40,1730,24,3,16,1727,0.6,0.0017341040462427,0.8888888888888888,0.1111111111111111,0.1420806727626107
fbc_tfnbs,"e=0.05,h=0.5,n=30,start_thres=1.25,min_cluster_size=3",hub,0.25,50,19,40,1730,14,1,26,1729,0.35,0.0005780346820809,0.9333333333333332,0.0666666666666666,0.1402601369402625
fbc_tfnbs,"e=0.05,h=1.0,n=30,start_thres=1.25,min_cluster_size=3",hub,0.25,50,19,40,1730,14,1,26,1729,0.35,0.0005780346820809,0.9333333333333332,0.0666666666666666,0.1402601369402625
fbc_tfnbs,"e=0.05,h=2.0,n=30,start_thres=1.25,min_cluster_size=3",hub,0.25,50,19,40,1730,14,1,26,1729,0.35,0.0005780346820809,0.9333333333333332,0.0666666666666666,0.1402601369402625
fbc_tfnbs,"e=0.05,h=3.0,n=30,start_thres=1.25,min_cluster_size=3",hub,0.25,50,19,40,1730,14,1,26,1729,0.35,0.0005780346820809,0.9333333333333332,0.0666666666666666,0.1402601369402625
fbc_tfnbs,"e=0.05,h=4.0,n=30,start_thres=1.25,min_cluster_size=3",hub,0.25,50,19,40,1730,14,1,26,1729,0.35,0.0005780346820809,0.9333333333333332,0.0666666666666666,0.1402601369402625
fbc_tfnbs,"e=0.05,h=5.0,n=30,start_thres=1.25,min_cluster_size=3",hub,0.25,50,19,40,1730,14,1,26,1729,0.35,0.0005780346820809,0.9333333333333332,0.0666666666666666,0.1402601369402625
fbc_tfnbs,"e=0.05,h=6.0,n=30,start_thres=1.25,min_cluster_size=3",hub,0.25,50,19,40,1730,14,1,26,1729,0.35,0.0005780346820809,0.9333333333333332,0.0666666666666666,0.1402601369402625
fbc_tfnbs,"e=0.05,h=7.0,n=30,start_thres=1.25,min_cluster_size=3",hub,0.25,50,19,40,1730,14,1,26,1729,0.35,0.0005780346820809,0.9333333333333332,0.0666666666666666,0.1402601369402625
fbc_tfnbs,"e=0.05,h=8.0,n=30,start_thres=1.25,min_cluster_size=3",hub,0.25,50,19,40,1730,14,1,26,1729,0.35,0.0005780346820809,0.9333333333333332,0.0666666666666666,0.1402601369402625
fbc_tfnbs,"e=0.05,h=9.0,n=30,start_thres=1.25,min_cluster_size=3",hub,0.25,50,19,40,1730,14,1,26,1729,0.35,0.0005780346820809,0.9333333333333332,0.0666666666666666,0.1402601369402625
fbc_tfnbs,"e=0.05,h=10.0,n=30,start_thres=1.25,min_cluster_size=3",hub,0.25,50,19,40,1730,14,1,26,1729,0.35,0.0005780346820809,0.9333333333333332,0.0666666666666666,0.1402601369402625
fbc_tfnbs,"e=0.1,h=0.5,n=30,start_thres=1.25,min_cluster_size=3",hub,0.25,50,19,40,1730,14,1,26,1729,0.35,0.0005780346820809,0.9333333333333332,0.0666666666666666,0.1402601369402625
fbc_tfnbs,"e=0.1,h=1.0,n=30,start_thres=1.25,min_cluster_size=3",hub,0.25,50,19,40,1730,14,1,26,1729,0.35,0.0005780346820809,0.9333333333333332,0.0666666666666666,0.1402601369402625
fbc_tfnbs,"e=0.1,h=2.0,n=30,start_thres=1.25,min_cluster_size=3",hub,0.25,50,19,40,1730,14,1,26,1729,0.35,0.0005780346820809,0.9333333333333332,0.0666666666666666,0.1402601369402625
fbc_tfnbs,"e=0.1,h=3.0,n=30,start_thres=1.25,min_cluster_size=3",hub,0.25,50,19,40,1730,14,1,26,1729,0.35,0.0005780346820809,0.9333333333333332,0.0666666666666666,0.1402601369402625
fbc_tfnbs,"e=0.1,h=4.0,n=30,start_thres=1.25,min_cluster_size=3",hub,0.25,50,19,40,1730,14,1,26,1729,0.35,0.0005780346820809,0.9333333333333332,0.0666666666666666,0.1402601369402625
fbc_tfnbs,"e=0.1,h=5.0,n=30,start_thres=1.25,min_cluster_size=3",hub,0.25,50,19,40,1730,14,1,26,1729,0.35,0.0005780346820809,0.9333333333333332,0.0666666666666666,0.1402601369402625
fbc_tfnbs,"e=0.1,h=6.0,n=30,start_thres=1.25,min_cluster_size=3",hub,0.25,50,19,40,1730,14,1,26,1729,0.35,0.0005780346820809,0.9333333333333332,0.0666666666666666,0.1402601369402625
fbc_tfnbs,"e=0.1,h=7.0,n=30,start_thres=1.25,min_cluster_size=3",hub,0.25,50,19,40,1730,14,1,26,1729,0.35,0.0005780346820809,0.9333333333333332,0.0666666666666666,0.1402601369402625
fbc_tfnbs,"e=0.1,h=8.0,n=30,start_thres=1.25,min_cluster_size=3",hub,0.25,50,19,40,1730,14,1,26,1729,0.35,0.0005780346820809,0.9333333333333332,0.0666666666666666,0.1402601369402625
fbc_tfnbs,"e=0.1,h=9.0,n=30,start_thres=1.25,min_cluster_size=3",hub,0.25,50,19,40,1730,14,1,26,1729,0.35,0.0005780346820809,0.9333333333333332,0.0666666666666666,0.1402601369402625
fbc_tfnbs,"e=0.1,h=10.0,n=30,start_thres=1.25,min_cluster_size=3",hub,0.25,50,19,40,1730,14,1,26,1729,0.35,0.0005780346820809,0.9333333333333332,0.0666666666666666,0.1402601369402625
fbc_tfnbs,"e=0.2,h=0.5,n=30,start_thres=1.25,min_cluster_size=3",hub,0.25,50,19,40,1730,14,1,26,1729,0.35,0.0005780346820809,0.9333333333333332,0.0666666666666666,0.1402601369402625
fbc_tfnbs,"e=0.2,h=1.0,n=30,start_thres=1.25,min_cluster_size=3",hub,0.25,50,19,40,1730,14,1,26,1729,0.35,0.0005780346820809,0.9333333333333332,0.0666666666666666,0.1402601369402625
fbc_tfnbs,"e=0.2,h=2.0,n=30,start_thres=1.25,min_cluster_size=3",hub,0.25,50,19,40,1730,14,1,26,1729,0.35,0.0005780346820809,0.9333333333333332,0.0666666666666666,0.1402601369402625
fbc_tfnbs,"e=0.2,h=3.0,n=30,start_thres=1.25,min_cluster_size=3",hub,0.25,50,19,40,1730,14,1,26,1729,0.35,0.0005780346820809,0.9333333333333332,0.0666666666666666,0.1402601369402625
fbc_tfnbs,"e=0.2,h=4.0,n=30,start_thres=1.25,min_cluster_size=3",hub,0.25,50,19,40,1730,14,1,26,1729,0.35,0.0005780346820809,0.9333333333333332,0.0666666666666666,0.1402601369402625
fbc_tfnbs,"e=0.2,h=5.0,n=30,start_thres=1.25,min_cluster_size=3",hub,0.25,50,19,40,1730,14,1,26,1729,0.35,0.0005780346820809,0.9333333333333332,0.0666666666666666,0.1402601369402625
fbc_tfnbs,"e=0.2,h=6.0,n=30,start_thres=1.25,min_cluster_size=3",hub,0.25,50,19,40,1730,14,1,26,1729,0.35,0.0005780346820809,0.9333333333333332,0.0666666666666666,0.1402601369402625
fbc_tfnbs,"e=0.2,h=7.0,n=30,start_thres=1.25,min_cluster_size=3",hub,0.25,50,19,40,1730,14,1,26,1729,0.35,0.0005780346820809,0.9333333333333332,0.0666666666666666,0.1402601369402625
fbc_tfnbs,"e=0.2,h=8.0,n=30,start_thres=1.25,min_cluster_size=3",hub,0.25,50,19,40,1730,14,1,26,1729,0.35,0.0005780346820809,0.9333333333333332,0.0666666666666666,0.1402601369402625
fbc_tfnbs,"e=0.2,h=9.0,n=30,start_thres=1.25,min_cluster_size=3",hub,0.25,50,19,40,1730,14,1,26,1729,0.35,0.0005780346820809,0.9333333333333332,0.0666666666666666,0.1402601369402625
fbc_tfnbs,"e=0.2,h=10.0,n=30,start_thres=1.25,min_cluster_size=3",hub,0.25,50,19,40,1730,14,1,26,1729,0.35,0.0005780346820809,0.9333333333333332,0.0666666666666666,0.1402601369402625
fbc_tfnbs,"e=0.3,h=0.5,n=30,start_thres=1.25,min_cluster_size=3",hub,0.25,50,19,40,1730,14,5,26,1725,0.35,0.0028901734104046,0.7368421052631579,0.2631578947368421,0.1402601369402625
fbc_tfnbs,"e=0.3,h=1.0,n=30,start_thres=1.25,min_cluster_size=3",hub,0.25,50,19,40,1730,14,5,26,1725,0.35,0.0028901734104046,0.7368421052631579,0.2631578947368421,0.1402601369402625
fbc_tfnbs,"e=0.3,h=2.0,n=30,start_thres=1.25,min_cluster_size=3",hub,0.25,50,19,40,1730,14,5,26,1725,0.35,0.0028901734104046,0.7368421052631579,0.2631578947368421,0.1402601369402625
fbc_tfnbs,"e=0.3,h=3.0,n=30,start_thres=1.25,min_cluster_size=3",hub,0.25,50,19,40,1730,14,1,26,1729,0.35,0.0005780346820809,0.9333333333333332,0.0666666666666666,0.1402601369402625
fbc_tfnbs,"e=0.3,h=4.0,n=30,start_thres=1.25,min_cluster_size=3",hub,0.25,50,19,40,1730,14,1,26,1729,0.35,0.0005780346820809,0.9333333333333332,0.0666666666666666,0.1402601369402625
fbc_tfnbs,"e=0.3,h=5.0,n=30,start_thres=1.25,min_cluster_size=3",hub,0.25,50,19,40,1730,14,1,26,1729,0.35,0.0005780346820809,0.9333333333333332,0.0666666666666666,0.1402601369402625
fbc_tfnbs,"e=0.3,h=6.0,n=30,start_thres=1.25,min_cluster_size=3",hub,0.25,50,19,40,1730,14,1,26,1729,0.35,0.0005780346820809,0.9333333333333332,0.0666666666666666,0.1402601369402625
fbc_tfnbs,"e=0.3,h=7.0,n=30,start_thres=1.25,min_cluster_size=3",hub,0.25,50,19,40,1730,14,1,26,1729,0.35,0.0005780346820809,0.9333333333333332,0.0666666666666666,0.1402601369402625
fbc_tfnbs,"e=0.3,h=8.0,n=30,start_thres=1.25,min_cluster_size=3",hub,0.25,50,19,40,1730,14,1,26,1729,0.35,0.0005780346820809,0.9333333333333332,0.0666666666666666,0.1402601369402625
fbc_tfnbs,"e=0.3,h=9.0,n=30,start_thres=1.25,min_cluster_size=3",hub,0.25,50,19,40,1730,14,1,26,1729,0.35,0.0005780346820809,0.9333333333333332,0.0666666666666666,0.1402601369402625
fbc_tfnbs,"e=0.3,h=10.0,n=30,start_thres=1.25,min_cluster_size=3",hub,0.25,50,19,40,1730,14,1,26,1729,0.35,0.0005780346820809,0.9333333333333332,0.0666666666666666,0.1402601369402625
fbc_tfnbs,"e=0.4,h=0.5,n=30,start_thres=1.25,min_cluster_size=3",hub,0.25,50,19,40,1730,14,5,26,1725,0.35,0.0028901734104046,0.7368421052631579,0.2631578947368421,0.1402601369402625
fbc_tfnbs,"e=0.4,h=1.0,n=30,start_thres=1.25,min_cluster_size=3",hub,0.25,50,19,40,1730,14,5,26,1725,0.35,0.0028901734104046,0.7368421052631579,0.2631578947368421,0.1402601369402625
fbc_tfnbs,"e=0.4,h=2.0,n=30,start_thres=1.25,min_cluster_size=3",hub,0.25,50,19,40,1730,14,5,26,1725,0.35,0.0028901734104046,0.7368421052631579,0.2631578947368421,0.1402601369402625
fbc_tfnbs,"e=0.4,h=3.0,n=30,start_thres=1.25,min_cluster_size=3",hub,0.25,50,19,40,1730,14,5,26,1725,0.35,0.0028901734104046,0.7368421052631579,0.2631578947368421,0.1402601369402625
fbc_tfnbs,"e=0.4,h=4.0,n=30,start_thres=1.25,min_cluster_size=3",hub,0.25,50,19,40,1730,14,5,26,1725,0.35,0.0028901734104046,0.7368421052631579,0.2631578947368421,0.1402601369402625
fbc_tfnbs,"e=0.4,h=5.0,n=30,start_thres=1.25,min_cluster_size=3",hub,0.25,50,19,40,1730,14,5,26,1725,0.35,0.0028901734104046,0.7368421052631579,0.2631578947368421,0.1402601369402625
fbc_tfnbs,"e=0.4,h=6.0,n=30,start_thres=1.25,min_cluster_size=3",hub,0.25,50,19,40,1730,14,1,26,1729,0.35,0.0005780346820809,0.9333333333333332,0.0666666666666666,0.1402601369402625
fbc_tfnbs,"e=0.4,h=7.0,n=30,start_thres=1.25,min_cluster_size=3",hub,0.25,50,19,40,1730,14,1,26,1729,0.35,0.0005780346820809,0.9333333333333332,0.0666666666666666,0.1402601369402625
fbc_tfnbs,"e=0.4,h=8.0,n=30,start_thres=1.25,min_cluster_size=3",hub,0.25,50,19,40,1730,14,1,26,1729,0.35,0.0005780346820809,0.9333333333333332,0.0666666666666666,0.1402601369402625
fbc_tfnbs,"e=0.4,h=9.0,n=30,start_thres=1.25,min_cluster_size=3",hub,0.25,50,19,40,1730,14,1,26,1729,0.35,0.0005780346820809,0.9333333333333332,0.0666666666666666,0.1402601369402625
fbc_tfnbs,"e=0.4,h=10.0,n=30,start_thres=1.25,min_cluster_size=3",hub,0.25,50,19,40,1730,14,1,26,1729,0.35,0.0005780346820809,0.9333333333333332,0.0666666666666666,0.1402601369402625
fbc_tfnbs,"e=0.5,h=0.5,n=30,start_thres=1.25,min_cluster_size=3",hub,0.25,50,19,40,1730,13,5,27,1725,0.325,0.0028901734104046,0.7222222222222222,0.2777777777777778,0.1402601369402625
fbc_tfnbs,"e=0.5,h=1.0,n=30,start_thres=1.25,min_cluster_size=3",hub,0.25,50,19,40,1730,14,5,26,1725,0.35,0.0028901734104046,0.7368421052631579,0.2631578947368421,0.1402601369402625
fbc_tfnbs,"e=0.5,h=2.0,n=30,start_thres=1.25,min_cluster_size=3",hub,0.25,50,19,40,1730,14,5,26,1725,0.35,0.0028901734104046,0.7368421052631579,0.2631578947368421,0.1402601369402625
fbc_tfnbs,"e=0.5,h=3.0,n=30,start_thres=1.25,min_cluster_size=3",hub,0.25,50,19,40,1730,14,5,26,1725,0.35,0.0028901734104046,0.7368421052631579,0.2631578947368421,0.1402601369402625
fbc_tfnbs,"e=0.5,h=4.0,n=30,start_thres=1.25,min_cluster_size=3",hub,0.25,50,19,40,1730,14,5,26,1725,0.35,0.0028901734104046,0.7368421052631579,0.2631578947368421,0.1402601369402625
fbc_tfnbs,"e=0.5,h=5.0,n=30,start_thres=1.25,min_cluster_size=3",hub,0.25,50,19,40,1730,14,5,26,1725,0.35,0.0028901734104046,0.7368421052631579,0.2631578947368421,0.1402601369402625
fbc_tfnbs,"e=0.5,h=6.0,n=30,start_thres=1.25,min_cluster_size=3",hub,0.25,50,19,40,1730,14,5,26,1725,0.35,0.0028901734104046,0.7368421052631579,0.2631578947368421,0.1402601369402625
fbc_tfnbs,"e=0.5,h=7.0,n=30,start_thres=1.25,min_cluster_size=3",hub,0.25,50,19,40,1730,14,5,26,1725,0.35,0.0028901734104046,0.7368421052631579,0.2631578947368421,0.1402601369402625
fbc_tfnbs,"e=0.5,h=8.0,n=30,start_thres=1.25,min_cluster_size=3",hub,0.25,50,19,40,1730,14,5,26,1725,0.35,0.0028901734104046,0.7368421052631579,0.2631578947368421,0.1402601369402625
fbc_tfnbs,"e=0.5,h=9.0,n=30,start_thres=1.25,min_cluster_size=3",hub,0.25,50,19,40,1730,14,1,26,1729,0.35,0.0005780346820809,0.9333333333333332,0.0666666666666666,0.1402601369402625
fbc_tfnbs,"e=0.5,h=10.0,n=30,start_thres=1.25,min_cluster_size=3",hub,0.25,50,19,40,1730,14,1,26,1729,0.35,0.0005780346820809,0.9333333333333332,0.0666666666666666,0.1402601369402625
fbc_tfnbs,"e=0.6,h=0.5,n=30,start_thres=1.25,min_cluster_size=3",hub,0.25,50,19,40,1730,13,7,27,1723,0.325,0.0040462427745664,0.65,0.35,0.1402601369402625
fbc_tfnbs,"e=0.6,h=1.0,n=30,start_thres=1.25,min_cluster_size=3",hub,0.25,50,19,40,1730,14,7,26,1723,0.35,0.0040462427745664,0.6666666666666666,0.3333333333333333,0.1402601369402625
fbc_tfnbs,"e=0.6,h=2.0,n=30,start_thres=1.25,min_cluster_size=3",hub,0.25,50,19,40,1730,14,7,26,1723,0.35,0.0040462427745664,0.6666666666666666,0.3333333333333333,0.1402601369402625
fbc_tfnbs,"e=0.6,h=3.0,n=30,start_thres=1.25,min_cluster_size=3",hub,0.25,50,19,40,1730,14,5,26,1725,0.35,0.0028901734104046,0.7368421052631579,0.2631578947368421,0.1402601369402625
fbc_tfnbs,"e=0.6,h=4.0,n=30,start_thres=1.25,min_cluster_size=3",hub,0.25,50,19,40,1730,14,5,26,1725,0.35,0.0028901734104046,0.7368421052631579,0.2631578947368421,0.1402601369402625
fbc_tfnbs,"e=0.6,h=5.0,n=30,start_thres=1.25,min_cluster_size=3",hub,0.25,50,19,40,1730,14,5,26,1725,0.35,0.0028901734104046,0.7368421052631579,0.2631578947368421,0.1402601369402625
fbc_tfnbs,"e=0.6,h=6.0,n=30,start_thres=1.25,min_cluster_size=3",hub,0.25,50,19,40,1730,14,5,26,1725,0.35,0.0028901734104046,0.7368421052631579,0.2631578947368421,0.1402601369402625
fbc_tfnbs,"e=0.6,h=7.0,n=30,start_thres=1.25,min_cluster_size=3",hub,0.25,50,19,40,1730,14,5,26,1725,0.35,0.0028901734104046,0.7368421052631579,0.2631578947368421,0.1402601369402625
fbc_tfnbs,"e=0.6,h=8.0,n=30,start_thres=1.25,min_cluster_size=3",hub,0.25,50,19,40,1730,14,5,26,1725,0.35,0.0028901734104046,0.7368421052631579,0.2631578947368421,0.1402601369402625
fbc_tfnbs,"e=0.6,h=9.0,n=30,start_thres=1.25,min_cluster_size=3",hub,0.25,50,19,40,1730,14,5,26,1725,0.35,0.0028901734104046,0.7368421052631579,0.2631578947368421,0.1402601369402625
fbc_tfnbs,"e=0.6,h=10.0,n=30,start_thres=1.25,min_cluster_size=3",hub,0.25,50,19,40,1730,14,5,26,1725,0.35,0.0028901734104046,0.7368421052631579,0.2631578947368421,0.1402601369402625
fbc_tfnbs,"e=0.7,h=0.5,n=30,start_thres=1.25,min_cluster_size=3",hub,0.25,50,19,40,1730,13,7,27,1723,0.325,0.0040462427745664,0.65,0.35,0.1402601369402625
fbc_tfnbs,"e=0.7,h=1.0,n=30,start_thres=1.25,min_cluster_size=3",hub,0.25,50,19,40,1730,13,7,27,1723,0.325,0.0040462427745664,0.65,0.35,0.1402601369402625
fbc_tfnbs,"e=0.7,h=2.0,n=30,start_thres=1.25,min_cluster_size=3",hub,0.25,50,19,40,1730,14,7,26,1723,0.35,0.0040462427745664,0.6666666666666666,0.3333333333333333,0.1402601369402625
fbc_tfnbs,"e=0.7,h=3.0,n=30,start_thres=1.25,min_cluster_size=3",hub,0.25,50,19,40,1730,14,7,26,1723,0.35,0.0040462427745664,0.6666666666666666,0.3333333333333333,0.1402601369402625
fbc_tfnbs,"e=0.7,h=4.0,n=30,start_thres=1.25,min_cluster_size=3",hub,0.25,50,19,40,1730,14,7,26,1723,0.35,0.0040462427745664,0.6666666666666666,0.3333333333333333,0.1402601369402625
fbc_tfnbs,"e=0.7,h=5.0,n=30,start_thres=1.25,min_cluster_size=3",hub,0.25,50,19,40,1730,14,5,26,1725,0.35,0.0028901734104046,0.7368421052631579,0.2631578947368421,0.1402601369402625
fbc_tfnbs,"e=0.7,h=6.0,n=30,start_thres=1.25,min_cluster_size=3",hub,0.25,50,19,40,1730,14,5,26,1725,0.35,0.0028901734104046,0.7368421052631579,0.2631578947368421,0.1402601369402625
fbc_tfnbs,"e=0.7,h=7.0,n=30,start_thres=1.25,min_cluster_size=3",hub,0.25,50,19,40,1730,14,5,26,1725,0.35,0.0028901734104046,0.7368421052631579,0.2631578947368421,0.1402601369402625
fbc_tfnbs,"e=0.7,h=8.0,n=30,start_thres=1.25,min_cluster_size=3",hub,0.25,50,19,40,1730,14,5,26,1725,0.35,0.0028901734104046,0.7368421052631579,0.2631578947368421,0.1402601369402625
fbc_tfnbs,"e=0.7,h=9.0,n=30,start_thres=1.25,min_cluster_size=3",hub,0.25,50,19,40,1730,14,5,26,1725,0.35,0.0028901734104046,0.7368421052631579,0.2631578947368421,0.1402601369402625
fbc_tfnbs,"e=0.7,h=10.0,n=30,start_thres=1.25,min_cluster_size=3",hub,0.25,50,19,40,1730,14,5,26,1725,0.35,0.0028901734104046,0.7368421052631579,0.2631578947368421,0.1402601369402625
fbc_tfnbs,"e=0.8,h=0.5,n=30,start_thres=1.25,min_cluster_size=3",hub,0.25,50,19,40,1730,12,9,28,1721,0.3,0.0052023121387283,0.5714285714285714,0.4285714285714285,0.1402601369402625
fbc_tfnbs,"e=0.8,h=1.0,n=30,start_thres=1.25,min_cluster_size=3",hub,0.25,50,19,40,1730,13,9,27,1721,0.325,0.0052023121387283,0.5909090909090909,0.4090909090909091,0.1402601369402625
fbc_tfnbs,"e=0.8,h=2.0,n=30,start_thres=1.25,min_cluster_size=3",hub,0.25,50,19,40,1730,14,7,26,1723,0.35,0.0040462427745664,0.6666666666666666,0.3333333333333333,0.1402601369402625
fbc_tfnbs,"e=0.8,h=3.0,n=30,start_thres=1.25,min_cluster_size=3",hub,0.25,50,19,40,1730,14,7,26,1723,0.35,0.0040462427745664,0.6666666666666666,0.3333333333333333,0.1402601369402625
fbc_tfnbs,"e=0.8,h=4.0,n=30,start_thres=1.25,min_cluster_size=3",hub,0.25,50,19,40,1730,14,7,26,1723,0.35,0.0040462427745664,0.6666666666666666,0.3333333333333333,0.1402601369402625
fbc_tfnbs,"e=0.8,h=5.0,n=30,start_thres=1.25,min_cluster_size=3",hub,0.25,50,19,40,1730,14,7,26,1723,0.35,0.0040462427745664,0.6666666666666666,0.3333333333333333,0.1402601369402625
fbc_tfnbs,"e=0.8,h=6.0,n=30,start_thres=1.25,min_cluster_size=3",hub,0.25,50,19,40,1730,14,7,26,1723,0.35,0.0040462427745664,0.6666666666666666,0.3333333333333333,0.1402601369402625
fbc_tfnbs,"e=0.8,h=7.0,n=30,start_thres=1.25,min_cluster_size=3",hub,0.25,50,19,40,1730,14,5,26,1725,0.35,0.0028901734104046,0.7368421052631579,0.2631578947368421,0.1402601369402625
fbc_tfnbs,"e=0.8,h=8.0,n=30,start_thres=1.25,min_cluster_size=3",hub,0.25,50,19,40,1730,14,5,26,1725,0.35,0.0028901734104046,0.7368421052631579,0.2631578947368421,0.1402601369402625
fbc_tfnbs,"e=0.8,h=9.0,n=30,start_thres=1.25,min_cluster_size=3",hub,0.25,50,19,40,1730,14,5,26,1725,0.35,0.0028901734104046,0.7368421052631579,0.2631578947368421,0.1402601369402625
fbc_tfnbs,"e=0.8,h=10.0,n=30,start_thres=1.25,min_cluster_size=3",hub,0.25,50,19,40,1730,14,5,26,1725,0.35,0.0028901734104046,0.7368421052631579,0.2631578947368421,0.1402601369402625
fbc_tfnbs,"e=0.9,h=0.5,n=30,start_thres=1.25,min_cluster_size=3",hub,0.25,50,19,40,1730,11,9,29,1721,0.275,0.0052023121387283,0.55,0.45,0.1402601369402625
fbc_tfnbs,"e=0.9,h=1.0,n=30,start_thres=1.25,min_cluster_size=3",hub,0.25,50,19,40,1730,12,9,28,1721,0.3,0.0052023121387283,0.5714285714285714,0.4285714285714285,0.1402601369402625
fbc_tfnbs,"e=0.9,h=2.0,n=30,start_thres=1.25,min_cluster_size=3",hub,0.25,50,19,40,1730,13,9,27,1721,0.325,0.0052023121387283,0.5909090909090909,0.4090909090909091,0.1402601369402625
fbc_tfnbs,"e=0.9,h=3.0,n=30,start_thres=1.25,min_cluster_size=3",hub,0.25,50,19,40,1730,14,7,26,1723,0.35,0.0040462427745664,0.6666666666666666,0.3333333333333333,0.1402601369402625
fbc_tfnbs,"e=0.9,h=4.0,n=30,start_thres=1.25,min_cluster_size=3",hub,0.25,50,19,40,1730,14,7,26,1723,0.35,0.0040462427745664,0.6666666666666666,0.3333333333333333,0.1402601369402625
fbc_tfnbs,"e=0.9,h=5.0,n=30,start_thres=1.25,min_cluster_size=3",hub,0.25,50,19,40,1730,14,7,26,1723,0.35,0.0040462427745664,0.6666666666666666,0.3333333333333333,0.1402601369402625
fbc_tfnbs,"e=0.9,h=6.0,n=30,start_thres=1.25,min_cluster_size=3",hub,0.25,50,19,40,1730,14,7,26,1723,0.35,0.0040462427745664,0.6666666666666666,0.3333333333333333,0.1402601369402625
fbc_tfnbs,"e=0.9,h=7.0,n=30,start_thres=1.25,min_cluster_size=3",hub,0.25,50,19,40,1730,14,7,26,1723,0.35,0.0040462427745664,0.6666666666666666,0.3333333333333333,0.1402601369402625
fbc_tfnbs,"e=0.9,h=8.0,n=30,start_thres=1.25,min_cluster_size=3",hub,0.25,50,19,40,1730,14,5,26,1725,0.35,0.0028901734104046,0.7368421052631579,0.2631578947368421,0.1402601369402625
fbc_tfnbs,"e=0.9,h=9.0,n=30,start_thres=1.25,min_cluster_size=3",hub,0.25,50,19,40,1730,14,5,26,1725,0.35,0.0028901734104046,0.7368421052631579,0.2631578947368421,0.1402601369402625
fbc_tfnbs,"e=0.9,h=10.0,n=30,start_thres=1.25,min_cluster_size=3",hub,0.25,50,19,40,1730,14,5,26,1725,0.35,0.0028901734104046,0.7368421052631579,0.2631578947368421,0.1402601369402625
fbc_tfnbs,"e=1.0,h=0.5,n=30,start_thres=1.25,min_cluster_size=3",hub,0.25,50,19,40,1730,8,9,32,1721,0.2,0.0052023121387283,0.4705882352941176,0.5294117647058824,0.1402601369402625
fbc_tfnbs,"e=1.0,h=1.0,n=30,start_thres=1.25,min_cluster_size=3",hub,0.25,50,19,40,1730,12,9,28,1721,0.3,0.0052023121387283,0.5714285714285714,0.4285714285714285,0.1402601369402625
fbc_tfnbs,"e=1.0,h=2.0,n=30,start_thres=1.25,min_cluster_size=3",hub,0.25,50,19,40,1730,13,9,27,1721,0.325,0.0052023121387283,0.5909090909090909,0.4090909090909091,0.1402601369402625
fbc_tfnbs,"e=1.0,h=3.0,n=30,start_thres=1.25,min_cluster_size=3",hub,0.25,50,19,40,1730,14,9,26,1721,0.35,0.0052023121387283,0.6086956521739131,0.391304347826087,0.1402601369402625
fbc_tfnbs,"e=1.0,h=4.0,n=30,start_thres=1.25,min_cluster_size=3",hub,0.25,50,19,40,1730,14,7,26,1723,0.35,0.0040462427745664,0.6666666666666666,0.3333333333333333,0.1402601369402625
fbc_tfnbs,"e=1.0,h=5.0,n=30,start_thres=1.25,min_cluster_size=3",hub,0.25,50,19,40,1730,14,7,26,1723,0.35,0.0040462427745664,0.6666666666666666,0.3333333333333333,0.1402601369402625
fbc_tfnbs,"e=1.0,h=6.0,n=30,start_thres=1.25,min_cluster_size=3",hub,0.25,50,19,40,1730,14,7,26,1723,0.35,0.0040462427745664,0.6666666666666666,0.3333333333333333,0.1402601369402625
fbc_tfnbs,"e=1.0,h=7.0,n=30,start_thres=1.25,min_cluster_size=3",hub,0.25,50,19,40,1730,14,7,26,1723,0.35,0.0040462427745664,0.6666666666666666,0.3333333333333333,0.1402601369402625
fbc_tfnbs,"e=1.0,h=8.0,n=30,start_thres=1.25,min_cluster_size=3",hub,0.25,50,19,40,1730,14,7,26,1723,0.35,0.0040462427745664,0.6666666666666666,0.3333333333333333,0.1402601369402625
fbc_tfnbs,"e=1.0,h=9.0,n=30,start_thres=1.25,min_cluster_size=3",hub,0.25,50,19,40,1730,14,7,26,1723,0.35,0.0040462427745664,0.6666666666666666,0.3333333333333333,0.1402601369402625
fbc_tfnbs,"e=1.0,h=10.0,n=30,start_thres=1.25,min_cluster_size=3",hub,0.25,50,19,40,1730,14,5,26,1725,0.35,0.0028901734104046,0.7368421052631579,0.2631578947368421,0.1402601369402625
fbc_tfnbs,"e=1.1,h=0.5,n=30,start_thres=1.25,min_cluster_size=3",hub,0.25,50,19,40,1730,8,9,32,1721,0.2,0.0052023121387283,0.4705882352941176,0.5294117647058824,0.1402601369402625
fbc_tfnbs,"e=1.1,h=1.0,n=30,start_thres=1.25,min_cluster_size=3",hub,0.25,50,19,40,1730,8,9,32,1721,0.2,0.0052023121387283,0.4705882352941176,0.5294117647058824,0.1402601369402625
fbc_tfnbs,"e=1.1,h=2.0,n=30,start_thres=1.25,min_cluster_size=3",hub,0.25,50,19,40,1730,13,9,27,1721,0.325,0.0052023121387283,0.5909090909090909,0.4090909090909091,0.1402601369402625
fbc_tfnbs,"e=1.1,h=3.0,n=30,start_thres=1.25,min_cluster_size=3",hub,0.25,50,19,40,1730,14,9,26,1721,0.35,0.0052023121387283,0.6086956521739131,0.391304347826087,0.1402601369402625
fbc_tfnbs,"e=1.1,h=4.0,n=30,start_thres=1.25,min_cluster_size=3",hub,0.25,50,19,40,1730,14,9,26,1721,0.35,0.0052023121387283,0.6086956521739131,0.391304347826087,0.1402601369402625
fbc_tfnbs,"e=1.1,h=5.0,n=30,start_thres=1.25,min_cluster_size=3",hub,0.25,50,19,40,1730,14,7,26,1723,0.35,0.0040462427745664,0.6666666666666666,0.3333333333333333,0.1402601369402625
fbc_tfnbs,"e=1.1,h=6.0,n=30,start_thres=1.25,min_cluster_size=3",hub,0.25,50,19,40,1730,14,7,26,1723,0.35,0.0040462427745664,0.6666666666666666,0.3333333333333333,0.1402601369402625
fbc_tfnbs,"e=1.1,h=7.0,n=30,start_thres=1.25,min_cluster_size=3",hub,0.25,50,19,40,1730,14,7,26,1723,0.35,0.0040462427745664,0.6666666666666666,0.3333333333333333,0.1402601369402625
fbc_tfnbs,"e=1.1,h=8.0,n=30,start_thres=1.25,min_cluster_size=3",hub,0.25,50,19,40,1730,14,7,26,1723,0.35,0.0040462427745664,0.6666666666666666,0.3333333333333333,0.1402601369402625
fbc_tfnbs,"e=1.1,h=9.0,n=30,start_thres=1.25,min_cluster_size=3",hub,0.25,50,19,40,1730,14,7,26,1723,0.35,0.0040462427745664,0.6666666666666666,0.3333333333333333,0.1402601369402625
fbc_tfnbs,"e=1.1,h=10.0,n=30,start_thres=1.25,min_cluster_size=3",hub,0.25,50,19,40,1730,14,7,26,1723,0.35,0.0040462427745664,0.6666666666666666,0.3333333333333333,0.1402601369402625
fbc_tfnbs,"e=1.2,h=0.5,n=30,start_thres=1.25,min_cluster_size=3",hub,0.25,50,19,40,1730,8,9,32,1721,0.2,0.0052023121387283,0.4705882352941176,0.5294117647058824,0.1402601369402625
fbc_tfnbs,"e=1.2,h=1.0,n=30,start_thres=1.25,min_cluster_size=3",hub,0.25,50,19,40,1730,8,9,32,1721,0.2,0.0052023121387283,0.4705882352941176,0.5294117647058824,0.1402601369402625
fbc_tfnbs,"e=1.2,h=2.0,n=30,start_thres=1.25,min_cluster_size=3",hub,0.25,50,19,40,1730,12,9,28,1721,0.3,0.0052023121387283,0.5714285714285714,0.4285714285714285,0.1402601369402625
fbc_tfnbs,"e=1.2,h=3.0,n=30,start_thres=1.25,min_cluster_size=3",hub,0.25,50,19,40,1730,13,9,27,1721,0.325,0.0052023121387283,0.5909090909090909,0.4090909090909091,0.1402601369402625
fbc_tfnbs,"e=1.2,h=4.0,n=30,start_thres=1.25,min_cluster_size=3",hub,0.25,50,19,40,1730,14,9,26,1721,0.35,0.0052023121387283,0.6086956521739131,0.391304347826087,0.1402601369402625
fbc_tfnbs,"e=1.2,h=5.0,n=30,start_thres=1.25,min_cluster_size=3",hub,0.25,50,19,40,1730,14,9,26,1721,0.35,0.0052023121387283,0.6086956521739131,0.391304347826087,0.1402601369402625
fbc_tfnbs,"e=1.2,h=6.0,n=30,start_thres=1.25,min_cluster_size=3",hub,0.25,50,19,40,1730,14,7,26,1723,0.35,0.0040462427745664,0.6666666666666666,0.3333333333333333,0.1402601369402625
fbc_tfnbs,"e=1.2,h=7.0,n=30,start_thres=1.25,min_cluster_size=3",hub,0.25,50,19,40,1730,14,7,26,1723,0.35,0.0040462427745664,0.6666666666666666,0.3333333333333333,0.1402601369402625
fbc_tfnbs,"e=1.2,h=8.0,n=30,start_thres=1.25,min_cluster_size=3",hub,0.25,50,19,40,1730,14,7,26,1723,0.35,0.0040462427745664,0.6666666666666666,0.3333333333333333,0.1402601369402625
fbc_tfnbs,"e=1.2,h=9.0,n=30,start_thres=1.25,min_cluster_size=3",hub,0.25,50,19,40,1730,14,7,26,1723,0.35,0.0040462427745664,0.6666666666666666,0.3333333333333333,0.1402601369402625
fbc_tfnbs,"e=1.2,h=10.0,n=30,start_thres=1.25,min_cluster_size=3",hub,0.25,50,19,40,1730,14,7,26,1723,0.35,0.0040462427745664,0.6666666666666666,0.3333333333333333,0.1402601369402625
fbc_tfnbs,"e=1.3,h=0.5,n=30,start_thres=1.25,min_cluster_size=3",hub,0.25,50,19,40,1730,8,9,32,1721,0.2,0.0052023121387283,0.4705882352941176,0.5294117647058824,0.1402601369402625
fbc_tfnbs,"e=1.3,h=1.0,n=30,start_thres=1.25,min_cluster_size=3",hub,0.25,50,19,40,1730,8,9,32,1721,0.2,0.0052023121387283,0.4705882352941176,0.5294117647058824,0.1402601369402625
fbc_tfnbs,"e=1.3,h=2.0,n=30,start_thres=1.25,min_cluster_size=3",hub,0.25,50,19,40,1730,12,9,28,1721,0.3,0.0052023121387283,0.5714285714285714,0.4285714285714285,0.1402601369402625
fbc_tfnbs,"e=1.3,h=3.0,n=30,start_thres=1.25,min_cluster_size=3",hub,0.25,50,19,40,1730,13,9,27,1721,0.325,0.0052023121387283,0.5909090909090909,0.4090909090909091,0.1402601369402625
fbc_tfnbs,"e=1.3,h=4.0,n=30,start_thres=1.25,min_cluster_size=3",hub,0.25,50,19,40,1730,14,9,26,1721,0.35,0.0052023121387283,0.6086956521739131,0.391304347826087,0.1402601369402625
fbc_tfnbs,"e=1.3,h=5.0,n=30,start_thres=1.25,min_cluster_size=3",hub,0.25,50,19,40,1730,14,9,26,1721,0.35,0.0052023121387283,0.6086956521739131,0.391304347826087,0.1402601369402625
fbc_tfnbs,"e=1.3,h=6.0,n=30,start_thres=1.25,min_cluster_size=3",hub,0.25,50,19,40,1730,14,9,26,1721,0.35,0.0052023121387283,0.6086956521739131,0.391304347826087,0.1402601369402625
fbc_tfnbs,"e=1.3,h=7.0,n=30,start_thres=1.25,min_cluster_size=3",hub,0.25,50,19,40,1730,14,7,26,1723,0.35,0.0040462427745664,0.6666666666666666,0.3333333333333333,0.1402601369402625
fbc_tfnbs,"e=1.3,h=8.0,n=30,start_thres=1.25,min_cluster_size=3",hub,0.25,50,19,40,1730,14,7,26,1723,0.35,0.0040462427745664,0.6666666666666666,0.3333333333333333,0.1402601369402625
fbc_tfnbs,"e=1.3,h=9.0,n=30,start_thres=1.25,min_cluster_size=3",hub,0.25,50,19,40,1730,14,7,26,1723,0.35,0.0040462427745664,0.6666666666666666,0.3333333333333333,0.1402601369402625
fbc_tfnbs,"e=1.3,h=10.0,n=30,start_thres=1.25,min_cluster_size=3",hub,0.25,50,19,40,1730,14,7,26,1723,0.35,0.0040462427745664,0.6666666666666666,0.3333333333333333,0.1402601369402625
fbc_tfnbs,"e=1.4,h=0.5,n=30,start_thres=1.25,min_cluster_size=3",hub,0.25,50,19,40,1730,8,9,32,1721,0.2,0.0052023121387283,0.4705882352941176,0.5294117647058824,0.1402601369402625
fbc_tfnbs,"e=1.4,h=1.0,n=30,start_thres=1.25,min_cluster_size=3",hub,0.25,50,19,40,1730,8,9,32,1721,0.2,0.0052023121387283,0.4705882352941176,0.5294117647058824,0.1402601369402625
fbc_tfnbs,"e=1.4,h=2.0,n=30,start_thres=1.25,min_cluster_size=3",hub,0.25,50,19,40,1730,8,9,32,1721,0.2,0.0052023121387283,0.4705882352941176,0.5294117647058824,0.1402601369402625
fbc_tfnbs,"e=1.4,h=3.0,n=30,start_thres=1.25,min_cluster_size=3",hub,0.25,50,19,40,1730,13,9,27,1721,0.325,0.0052023121387283,0.5909090909090909,0.4090909090909091,0.1402601369402625
fbc_tfnbs,"e=1.4,h=4.0,n=30,start_thres=1.25,min_cluster_size=3",hub,0.25,50,19,40,1730,14,9,26,1721,0.35,0.0052023121387283,0.6086956521739131,0.391304347826087,0.1402601369402625
fbc_tfnbs,"e=1.4,h=5.0,n=30,start_thres=1.25,min_cluster_size=3",hub,0.25,50,19,40,1730,14,9,26,1721,0.35,0.0052023121387283,0.6086956521739131,0.391304347826087,0.1402601369402625
fbc_tfnbs,"e=1.4,h=6.0,n=30,start_thres=1.25,min_cluster_size=3",hub,0.25,50,19,40,1730,14,9,26,1721,0.35,0.0052023121387283,0.6086956521739131,0.391304347826087,0.1402601369402625
fbc_tfnbs,"e=1.4,h=7.0,n=30,start_thres=1.25,min_cluster_size=3",hub,0.25,50,19,40,1730,14,9,26,1721,0.35,0.0052023121387283,0.6086956521739131,0.391304347826087,0.1402601369402625
fbc_tfnbs,"e=1.4,h=8.0,n=30,start_thres=1.25,min_cluster_size=3",hub,0.25,50,19,40,1730,14,7,26,1723,0.35,0.0040462427745664,0.6666666666666666,0.3333333333333333,0.1402601369402625
fbc_tfnbs,"e=1.4,h=9.0,n=30,start_thres=1.25,min_cluster_size=3",hub,0.25,50,19,40,1730,14,7,26,1723,0.35,0.0040462427745664,0.6666666666666666,0.3333333333333333,0.1402601369402625
fbc_tfnbs,"e=1.4,h=10.0,n=30,start_thres=1.25,min_cluster_size=3",hub,0.25,50,19,40,1730,14,7,26,1723,0.35,0.0040462427745664,0.6666666666666666,0.3333333333333333,0.1402601369402625
fbc_tfnbs,"e=1.5,h=0.5,n=30,start_thres=1.25,min_cluster_size=3",hub,0.25,50,19,40,1730,8,9,32,1721,0.2,0.0052023121387283,0.4705882352941176,0.5294117647058824,0.1402601369402625
fbc_tfnbs,"e=1.5,h=1.0,n=30,start_thres=1.25,min_cluster_size=3",hub,0.25,50,19,40,1730,8,9,32,1721,0.2,0.0052023121387283,0.4705882352941176,0.5294117647058824,0.1402601369402625
fbc_tfnbs,"e=1.5,h=2.0,n=30,start_thres=1.25,min_cluster_size=3",hub,0.25,50,19,40,1730,8,9,32,1721,0.2,0.0052023121387283,0.4705882352941176,0.5294117647058824,0.1402601369402625
fbc_tfnbs,"e=1.5,h=3.0,n=30,start_thres=1.25,min_cluster_size=3",hub,0.25,50,19,40,1730,12,9,28,1721,0.3,0.0052023121387283,0.5714285714285714,0.4285714285714285,0.1402601369402625
fbc_tfnbs,"e=1.5,h=4.0,n=30,start_thres=1.25,min_cluster_size=3",hub,0.25,50,19,40,1730,13,9,27,1721,0.325,0.0052023121387283,0.5909090909090909,0.4090909090909091,0.1402601369402625
fbc_tfnbs,"e=1.5,h=5.0,n=30,start_thres=1.25,min_cluster_size=3",hub,0.25,50,19,40,1730,14,9,26,1721,0.35,0.0052023121387283,0.6086956521739131,0.391304347826087,0.1402601369402625
fbc_tfnbs,"e=1.5,h=6.0,n=30,start_thres=1.25,min_cluster_size=3",hub,0.25,50,19,40,1730,14,9,26,1721,0.35,0.0052023121387283,0.6086956521739131,0.391304347826087,0.1402601369402625
fbc_tfnbs,"e=1.5,h=7.0,n=30,start_thres=1.25,min_cluster_size=3",hub,0.25,50,19,40,1730,14,9,26,1721,0.35,0.0052023121387283,0.6086956521739131,0.391304347826087,0.1402601369402625
fbc_tfnbs,"e=1.5,h=8.0,n=30,start_thres=1.25,min_cluster_size=3",hub,0.25,50,19,40,1730,14,9,26,1721,0.35,0.0052023121387283,0.6086956521739131,0.391304347826087,0.1402601369402625
fbc_tfnbs,"e=1.5,h=9.0,n=30,start_thres=1.25,min_cluster_size=3",hub,0.25,50,19,40,1730,14,7,26,1723,0.35,0.0040462427745664,0.6666666666666666,0.3333333333333333,0.1402601369402625
fbc_tfnbs,"e=1.5,h=10.0,n=30,start_thres=1.25,min_cluster_size=3",hub,0.25,50,19,40,1730,14,7,26,1723,0.35,0.0040462427745664,0.6666666666666666,0.3333333333333333,0.1402601369402625
fbc_tfnbs,"e=0.05,h=0.5,n=30,start_thres=1.25,min_cluster_size=3",hub,0.25,50,20,40,1730,18,0,22,1730,0.45,0.0,1.0,0.0,0.1444542543454603
fbc_tfnbs,"e=0.05,h=1.0,n=30,start_thres=1.25,min_cluster_size=3",hub,0.25,50,20,40,1730,18,0,22,1730,0.45,0.0,1.0,0.0,0.1444542543454603
fbc_tfnbs,"e=0.05,h=2.0,n=30,start_thres=1.25,min_cluster_size=3",hub,0.25,50,20,40,1730,18,0,22,1730,0.45,0.0,1.0,0.0,0.1444542543454603
fbc_tfnbs,"e=0.05,h=3.0,n=30,start_thres=1.25,min_cluster_size=3",hub,0.25,50,20,40,1730,18,0,22,1730,0.45,0.0,1.0,0.0,0.1444542543454603
fbc_tfnbs,"e=0.05,h=4.0,n=30,start_thres=1.25,min_cluster_size=3",hub,0.25,50,20,40,1730,18,0,22,1730,0.45,0.0,1.0,0.0,0.1444542543454603
fbc_tfnbs,"e=0.05,h=5.0,n=30,start_thres=1.25,min_cluster_size=3",hub,0.25,50,20,40,1730,18,0,22,1730,0.45,0.0,1.0,0.0,0.1444542543454603
fbc_tfnbs,"e=0.05,h=6.0,n=30,start_thres=1.25,min_cluster_size=3",hub,0.25,50,20,40,1730,18,0,22,1730,0.45,0.0,1.0,0.0,0.1444542543454603
fbc_tfnbs,"e=0.05,h=7.0,n=30,start_thres=1.25,min_cluster_size=3",hub,0.25,50,20,40,1730,18,0,22,1730,0.45,0.0,1.0,0.0,0.1444542543454603
fbc_tfnbs,"e=0.05,h=8.0,n=30,start_thres=1.25,min_cluster_size=3",hub,0.25,50,20,40,1730,18,0,22,1730,0.45,0.0,1.0,0.0,0.1444542543454603
fbc_tfnbs,"e=0.05,h=9.0,n=30,start_thres=1.25,min_cluster_size=3",hub,0.25,50,20,40,1730,18,0,22,1730,0.45,0.0,1.0,0.0,0.1444542543454603
fbc_tfnbs,"e=0.05,h=10.0,n=30,start_thres=1.25,min_cluster_size=3",hub,0.25,50,20,40,1730,18,0,22,1730,0.45,0.0,1.0,0.0,0.1444542543454603
fbc_tfnbs,"e=0.1,h=0.5,n=30,start_thres=1.25,min_cluster_size=3",hub,0.25,50,20,40,1730,19,0,21,1730,0.475,0.0,1.0,0.0,0.1444542543454603
fbc_tfnbs,"e=0.1,h=1.0,n=30,start_thres=1.25,min_cluster_size=3",hub,0.25,50,20,40,1730,19,0,21,1730,0.475,0.0,1.0,0.0,0.1444542543454603
fbc_tfnbs,"e=0.1,h=2.0,n=30,start_thres=1.25,min_cluster_size=3",hub,0.25,50,20,40,1730,19,0,21,1730,0.475,0.0,1.0,0.0,0.1444542543454603
fbc_tfnbs,"e=0.1,h=3.0,n=30,start_thres=1.25,min_cluster_size=3",hub,0.25,50,20,40,1730,19,0,21,1730,0.475,0.0,1.0,0.0,0.1444542543454603
fbc_tfnbs,"e=0.1,h=4.0,n=30,start_thres=1.25,min_cluster_size=3",hub,0.25,50,20,40,1730,19,0,21,1730,0.475,0.0,1.0,0.0,0.1444542543454603
fbc_tfnbs,"e=0.1,h=5.0,n=30,start_thres=1.25,min_cluster_size=3",hub,0.25,50,20,40,1730,19,0,21,1730,0.475,0.0,1.0,0.0,0.1444542543454603
fbc_tfnbs,"e=0.1,h=6.0,n=30,start_thres=1.25,min_cluster_size=3",hub,0.25,50,20,40,1730,19,0,21,1730,0.475,0.0,1.0,0.0,0.1444542543454603
fbc_tfnbs,"e=0.1,h=7.0,n=30,start_thres=1.25,min_cluster_size=3",hub,0.25,50,20,40,1730,18,0,22,1730,0.45,0.0,1.0,0.0,0.1444542543454603
fbc_tfnbs,"e=0.1,h=8.0,n=30,start_thres=1.25,min_cluster_size=3",hub,0.25,50,20,40,1730,18,0,22,1730,0.45,0.0,1.0,0.0,0.1444542543454603
fbc_tfnbs,"e=0.1,h=9.0,n=30,start_thres=1.25,min_cluster_size=3",hub,0.25,50,20,40,1730,18,0,22,1730,0.45,0.0,1.0,0.0,0.1444542543454603
fbc_tfnbs,"e=0.1,h=10.0,n=30,start_thres=1.25,min_cluster_size=3",hub,0.25,50,20,40,1730,18,0,22,1730,0.45,0.0,1.0,0.0,0.1444542543454603
fbc_tfnbs,"e=0.2,h=0.5,n=30,start_thres=1.25,min_cluster_size=3",hub,0.25,50,20,40,1730,19,0,21,1730,0.475,0.0,1.0,0.0,0.1444542543454603
fbc_tfnbs,"e=0.2,h=1.0,n=30,start_thres=1.25,min_cluster_size=3",hub,0.25,50,20,40,1730,19,0,21,1730,0.475,0.0,1.0,0.0,0.1444542543454603
fbc_tfnbs,"e=0.2,h=2.0,n=30,start_thres=1.25,min_cluster_size=3",hub,0.25,50,20,40,1730,19,0,21,1730,0.475,0.0,1.0,0.0,0.1444542543454603
fbc_tfnbs,"e=0.2,h=3.0,n=30,start_thres=1.25,min_cluster_size=3",hub,0.25,50,20,40,1730,19,0,21,1730,0.475,0.0,1.0,0.0,0.1444542543454603
fbc_tfnbs,"e=0.2,h=4.0,n=30,start_thres=1.25,min_cluster_size=3",hub,0.25,50,20,40,1730,19,0,21,1730,0.475,0.0,1.0,0.0,0.1444542543454603
fbc_tfnbs,"e=0.2,h=5.0,n=30,start_thres=1.25,min_cluster_size=3",hub,0.25,50,20,40,1730,19,0,21,1730,0.475,0.0,1.0,0.0,0.1444542543454603
fbc_tfnbs,"e=0.2,h=6.0,n=30,start_thres=1.25,min_cluster_size=3",hub,0.25,50,20,40,1730,19,0,21,1730,0.475,0.0,1.0,0.0,0.1444542543454603
fbc_tfnbs,"e=0.2,h=7.0,n=30,start_thres=1.25,min_cluster_size=3",hub,0.25,50,20,40,1730,19,0,21,1730,0.475,0.0,1.0,0.0,0.1444542543454603
fbc_tfnbs,"e=0.2,h=8.0,n=30,start_thres=1.25,min_cluster_size=3",hub,0.25,50,20,40,1730,19,0,21,1730,0.475,0.0,1.0,0.0,0.1444542543454603
fbc_tfnbs,"e=0.2,h=9.0,n=30,start_thres=1.25,min_cluster_size=3",hub,0.25,50,20,40,1730,19,0,21,1730,0.475,0.0,1.0,0.0,0.1444542543454603
fbc_tfnbs,"e=0.2,h=10.0,n=30,start_thres=1.25,min_cluster_size=3",hub,0.25,50,20,40,1730,19,0,21,1730,0.475,0.0,1.0,0.0,0.1444542543454603
fbc_tfnbs,"e=0.3,h=0.5,n=30,start_thres=1.25,min_cluster_size=3",hub,0.25,50,20,40,1730,19,0,21,1730,0.475,0.0,1.0,0.0,0.1444542543454603
fbc_tfnbs,"e=0.3,h=1.0,n=30,start_thres=1.25,min_cluster_size=3",hub,0.25,50,20,40,1730,19,0,21,1730,0.475,0.0,1.0,0.0,0.1444542543454603
fbc_tfnbs,"e=0.3,h=2.0,n=30,start_thres=1.25,min_cluster_size=3",hub,0.25,50,20,40,1730,19,0,21,1730,0.475,0.0,1.0,0.0,0.1444542543454603
fbc_tfnbs,"e=0.3,h=3.0,n=30,start_thres=1.25,min_cluster_size=3",hub,0.25,50,20,40,1730,19,0,21,1730,0.475,0.0,1.0,0.0,0.1444542543454603
fbc_tfnbs,"e=0.3,h=4.0,n=30,start_thres=1.25,min_cluster_size=3",hub,0.25,50,20,40,1730,19,0,21,1730,0.475,0.0,1.0,0.0,0.1444542543454603
fbc_tfnbs,"e=0.3,h=5.0,n=30,start_thres=1.25,min_cluster_size=3",hub,0.25,50,20,40,1730,19,0,21,1730,0.475,0.0,1.0,0.0,0.1444542543454603
fbc_tfnbs,"e=0.3,h=6.0,n=30,start_thres=1.25,min_cluster_size=3",hub,0.25,50,20,40,1730,19,0,21,1730,0.475,0.0,1.0,0.0,0.1444542543454603
fbc_tfnbs,"e=0.3,h=7.0,n=30,start_thres=1.25,min_cluster_size=3",hub,0.25,50,20,40,1730,19,0,21,1730,0.475,0.0,1.0,0.0,0.1444542543454603
fbc_tfnbs,"e=0.3,h=8.0,n=30,start_thres=1.25,min_cluster_size=3",hub,0.25,50,20,40,1730,19,0,21,1730,0.475,0.0,1.0,0.0,0.1444542543454603
fbc_tfnbs,"e=0.3,h=9.0,n=30,start_thres=1.25,min_cluster_size=3",hub,0.25,50,20,40,1730,19,0,21,1730,0.475,0.0,1.0,0.0,0.1444542543454603
fbc_tfnbs,"e=0.3,h=10.0,n=30,start_thres=1.25,min_cluster_size=3",hub,0.25,50,20,40,1730,19,0,21,1730,0.475,0.0,1.0,0.0,0.1444542543454603
fbc_tfnbs,"e=0.4,h=0.5,n=30,start_thres=1.25,min_cluster_size=3",hub,0.25,50,20,40,1730,19,0,21,1730,0.475,0.0,1.0,0.0,0.1444542543454603
fbc_tfnbs,"e=0.4,h=1.0,n=30,start_thres=1.25,min_cluster_size=3",hub,0.25,50,20,40,1730,19,0,21,1730,0.475,0.0,1.0,0.0,0.1444542543454603
fbc_tfnbs,"e=0.4,h=2.0,n=30,start_thres=1.25,min_cluster_size=3",hub,0.25,50,20,40,1730,19,0,21,1730,0.475,0.0,1.0,0.0,0.1444542543454603
fbc_tfnbs,"e=0.4,h=3.0,n=30,start_thres=1.25,min_cluster_size=3",hub,0.25,50,20,40,1730,19,1,21,1729,0.475,0.0005780346820809,0.95,0.05,0.1444542543454603
fbc_tfnbs,"e=0.4,h=4.0,n=30,start_thres=1.25,min_cluster_size=3",hub,0.25,50,20,40,1730,19,0,21,1730,0.475,0.0,1.0,0.0,0.1444542543454603
fbc_tfnbs,"e=0.4,h=5.0,n=30,start_thres=1.25,min_cluster_size=3",hub,0.25,50,20,40,1730,19,0,21,1730,0.475,0.0,1.0,0.0,0.1444542543454603
fbc_tfnbs,"e=0.4,h=6.0,n=30,start_thres=1.25,min_cluster_size=3",hub,0.25,50,20,40,1730,19,0,21,1730,0.475,0.0,1.0,0.0,0.1444542543454603
fbc_tfnbs,"e=0.4,h=7.0,n=30,start_thres=1.25,min_cluster_size=3",hub,0.25,50,20,40,1730,19,0,21,1730,0.475,0.0,1.0,0.0,0.1444542543454603
fbc_tfnbs,"e=0.4,h=8.0,n=30,start_thres=1.25,min_cluster_size=3",hub,0.25,50,20,40,1730,19,0,21,1730,0.475,0.0,1.0,0.0,0.1444542543454603
fbc_tfnbs,"e=0.4,h=9.0,n=30,start_thres=1.25,min_cluster_size=3",hub,0.25,50,20,40,1730,19,0,21,1730,0.475,0.0,1.0,0.0,0.1444542543454603
fbc_tfnbs,"e=0.4,h=10.0,n=30,start_thres=1.25,min_cluster_size=3",hub,0.25,50,20,40,1730,19,0,21,1730,0.475,0.0,1.0,0.0,0.1444542543454603
fbc_tfnbs,"e=0.5,h=0.5,n=30,start_thres=1.25,min_cluster_size=3",hub,0.25,50,20,40,1730,19,0,21,1730,0.475,0.0,1.0,0.0,0.1444542543454603
fbc_tfnbs,"e=0.5,h=1.0,n=30,start_thres=1.25,min_cluster_size=3",hub,0.25,50,20,40,1730,19,0,21,1730,0.475,0.0,1.0,0.0,0.1444542543454603
fbc_tfnbs,"e=0.5,h=2.0,n=30,start_thres=1.25,min_cluster_size=3",hub,0.25,50,20,40,1730,19,1,21,1729,0.475,0.0005780346820809,0.95,0.05,0.1444542543454603
fbc_tfnbs,"e=0.5,h=3.0,n=30,start_thres=1.25,min_cluster_size=3",hub,0.25,50,20,40,1730,19,1,21,1729,0.475,0.0005780346820809,0.95,0.05,0.1444542543454603
fbc_tfnbs,"e=0.5,h=4.0,n=30,start_thres=1.25,min_cluster_size=3",hub,0.25,50,20,40,1730,19,1,21,1729,0.475,0.0005780346820809,0.95,0.05,0.1444542543454603
fbc_tfnbs,"e=0.5,h=5.0,n=30,start_thres=1.25,min_cluster_size=3",hub,0.25,50,20,40,1730,19,1,21,1729,0.475,0.0005780346820809,0.95,0.05,0.1444542543454603
fbc_tfnbs,"e=0.5,h=6.0,n=30,start_thres=1.25,min_cluster_size=3",hub,0.25,50,20,40,1730,19,1,21,1729,0.475,0.0005780346820809,0.95,0.05,0.1444542543454603
fbc_tfnbs,"e=0.5,h=7.0,n=30,start_thres=1.25,min_cluster_size=3",hub,0.25,50,20,40,1730,19,1,21,1729,0.475,0.0005780346820809,0.95,0.05,0.1444542543454603
fbc_tfnbs,"e=0.5,h=8.0,n=30,start_thres=1.25,min_cluster_size=3",hub,0.25,50,20,40,1730,19,0,21,1730,0.475,0.0,1.0,0.0,0.1444542543454603
fbc_tfnbs,"e=0.5,h=9.0,n=30,start_thres=1.25,min_cluster_size=3",hub,0.25,50,20,40,1730,19,0,21,1730,0.475,0.0,1.0,0.0,0.1444542543454603
fbc_tfnbs,"e=0.5,h=10.0,n=30,start_thres=1.25,min_cluster_size=3",hub,0.25,50,20,40,1730,19,0,21,1730,0.475,0.0,1.0,0.0,0.1444542543454603
fbc_tfnbs,"e=0.6,h=0.5,n=30,start_thres=1.25,min_cluster_size=3",hub,0.25,50,20,40,1730,18,0,22,1730,0.45,0.0,1.0,0.0,0.1444542543454603
fbc_tfnbs,"e=0.6,h=1.0,n=30,start_thres=1.25,min_cluster_size=3",hub,0.25,50,20,40,1730,19,0,21,1730,0.475,0.0,1.0,0.0,0.1444542543454603
fbc_tfnbs,"e=0.6,h=2.0,n=30,start_thres=1.25,min_cluster_size=3",hub,0.25,50,20,40,1730,19,1,21,1729,0.475,0.0005780346820809,0.95,0.05,0.1444542543454603
fbc_tfnbs,"e=0.6,h=3.0,n=30,start_thres=1.25,min_cluster_size=3",hub,0.25,50,20,40,1730,19,1,21,1729,0.475,0.0005780346820809,0.95,0.05,0.1444542543454603
fbc_tfnbs,"e=0.6,h=4.0,n=30,start_thres=1.25,min_cluster_size=3",hub,0.25,50,20,40,1730,19,1,21,1729,0.475,0.0005780346820809,0.95,0.05,0.1444542543454603
fbc_tfnbs,"e=0.6,h=5.0,n=30,start_thres=1.25,min_cluster_size=3",hub,0.25,50,20,40,1730,19,1,21,1729,0.475,0.0005780346820809,0.95,0.05,0.1444542543454603
fbc_tfnbs,"e=0.6,h=6.0,n=30,start_thres=1.25,min_cluster_size=3",hub,0.25,50,20,40,1730,19,1,21,1729,0.475,0.0005780346820809,0.95,0.05,0.1444542543454603
fbc_tfnbs,"e=0.6,h=7.0,n=30,start_thres=1.25,min_cluster_size=3",hub,0.25,50,20,40,1730,19,1,21,1729,0.475,0.0005780346820809,0.95,0.05,0.1444542543454603
fbc_tfnbs,"e=0.6,h=8.0,n=30,start_thres=1.25,min_cluster_size=3",hub,0.25,50,20,40,1730,19,1,21,1729,0.475,0.0005780346820809,0.95,0.05,0.1444542543454603
fbc_tfnbs,"e=0.6,h=9.0,n=30,start_thres=1.25,min_cluster_size=3",hub,0.25,50,20,40,1730,19,1,21,1729,0.475,0.0005780346820809,0.95,0.05,0.1444542543454603
fbc_tfnbs,"e=0.6,h=10.0,n=30,start_thres=1.25,min_cluster_size=3",hub,0.25,50,20,40,1730,19,1,21,1729,0.475,0.0005780346820809,0.95,0.05,0.1444542543454603
fbc_tfnbs,"e=0.7,h=0.5,n=30,start_thres=1.25,min_cluster_size=3",hub,0.25,50,20,40,1730,13,0,27,1730,0.325,0.0,1.0,0.0,0.1444542543454603
fbc_tfnbs,"e=0.7,h=1.0,n=30,start_thres=1.25,min_cluster_size=3",hub,0.25,50,20,40,1730,18,0,22,1730,0.45,0.0,1.0,0.0,0.1444542543454603
fbc_tfnbs,"e=0.7,h=2.0,n=30,start_thres=1.25,min_cluster_size=3",hub,0.25,50,20,40,1730,19,1,21,1729,0.475,0.0005780346820809,0.95,0.05,0.1444542543454603
fbc_tfnbs,"e=0.7,h=3.0,n=30,start_thres=1.25,min_cluster_size=3",hub,0.25,50,20,40,1730,19,1,21,1729,0.475,0.0005780346820809,0.95,0.05,0.1444542543454603
fbc_tfnbs,"e=0.7,h=4.0,n=30,start_thres=1.25,min_cluster_size=3",hub,0.25,50,20,40,1730,19,1,21,1729,0.475,0.0005780346820809,0.95,0.05,0.1444542543454603
fbc_tfnbs,"e=0.7,h=5.0,n=30,start_thres=1.25,min_cluster_size=3",hub,0.25,50,20,40,1730,19,1,21,1729,0.475,0.0005780346820809,0.95,0.05,0.1444542543454603
fbc_tfnbs,"e=0.7,h=6.0,n=30,start_thres=1.25,min_cluster_size=3",hub,0.25,50,20,40,1730,19,1,21,1729,0.475,0.0005780346820809,0.95,0.05,0.1444542543454603
fbc_tfnbs,"e=0.7,h=7.0,n=30,start_thres=1.25,min_cluster_size=3",hub,0.25,50,20,40,1730,19,1,21,1729,0.475,0.0005780346820809,0.95,0.05,0.1444542543454603
fbc_tfnbs,"e=0.7,h=8.0,n=30,start_thres=1.25,min_cluster_size=3",hub,0.25,50,20,40,1730,19,1,21,1729,0.475,0.0005780346820809,0.95,0.05,0.1444542543454603
fbc_tfnbs,"e=0.7,h=9.0,n=30,start_thres=1.25,min_cluster_size=3",hub,0.25,50,20,40,1730,19,1,21,1729,0.475,0.0005780346820809,0.95,0.05,0.1444542543454603
fbc_tfnbs,"e=0.7,h=10.0,n=30,start_thres=1.25,min_cluster_size=3",hub,0.25,50,20,40,1730,19,1,21,1729,0.475,0.0005780346820809,0.95,0.05,0.1444542543454603
fbc_tfnbs,"e=0.8,h=0.5,n=30,start_thres=1.25,min_cluster_size=3",hub,0.25,50,20,40,1730,12,0,28,1730,0.3,0.0,1.0,0.0,0.1444542543454603
fbc_tfnbs,"e=0.8,h=1.0,n=30,start_thres=1.25,min_cluster_size=3",hub,0.25,50,20,40,1730,14,0,26,1730,0.35,0.0,1.0,0.0,0.1444542543454603
fbc_tfnbs,"e=0.8,h=2.0,n=30,start_thres=1.25,min_cluster_size=3",hub,0.25,50,20,40,1730,19,1,21,1729,0.475,0.0005780346820809,0.95,0.05,0.1444542543454603
fbc_tfnbs,"e=0.8,h=3.0,n=30,start_thres=1.25,min_cluster_size=3",hub,0.25,50,20,40,1730,19,1,21,1729,0.475,0.0005780346820809,0.95,0.05,0.1444542543454603
fbc_tfnbs,"e=0.8,h=4.0,n=30,start_thres=1.25,min_cluster_size=3",hub,0.25,50,20,40,1730,19,1,21,1729,0.475,0.0005780346820809,0.95,0.05,0.1444542543454603
fbc_tfnbs,"e=0.8,h=5.0,n=30,start_thres=1.25,min_cluster_size=3",hub,0.25,50,20,40,1730,19,1,21,1729,0.475,0.0005780346820809,0.95,0.05,0.1444542543454603
fbc_tfnbs,"e=0.8,h=6.0,n=30,start_thres=1.25,min_cluster_size=3",hub,0.25,50,20,40,1730,19,1,21,1729,0.475,0.0005780346820809,0.95,0.05,0.1444542543454603
fbc_tfnbs,"e=0.8,h=7.0,n=30,start_thres=1.25,min_cluster_size=3",hub,0.25,50,20,40,1730,19,1,21,1729,0.475,0.0005780346820809,0.95,0.05,0.1444542543454603
fbc_tfnbs,"e=0.8,h=8.0,n=30,start_thres=1.25,min_cluster_size=3",hub,0.25,50,20,40,1730,19,1,21,1729,0.475,0.0005780346820809,0.95,0.05,0.1444542543454603
fbc_tfnbs,"e=0.8,h=9.0,n=30,start_thres=1.25,min_cluster_size=3",hub,0.25,50,20,40,1730,19,1,21,1729,0.475,0.0005780346820809,0.95,0.05,0.1444542543454603
fbc_tfnbs,"e=0.8,h=10.0,n=30,start_thres=1.25,min_cluster_size=3",hub,0.25,50,20,40,1730,19,1,21,1729,0.475,0.0005780346820809,0.95,0.05,0.1444542543454603
fbc_tfnbs,"e=0.9,h=0.5,n=30,start_thres=1.25,min_cluster_size=3",hub,0.25,50,20,40,1730,11,0,29,1730,0.275,0.0,1.0,0.0,0.1444542543454603
fbc_tfnbs,"e=0.9,h=1.0,n=30,start_thres=1.25,min_cluster_size=3",hub,0.25,50,20,40,1730,13,0,27,1730,0.325,0.0,1.0,0.0,0.1444542543454603
fbc_tfnbs,"e=0.9,h=2.0,n=30,start_thres=1.25,min_cluster_size=3",hub,0.25,50,20,40,1730,19,1,21,1729,0.475,0.0005780346820809,0.95,0.05,0.1444542543454603
fbc_tfnbs,"e=0.9,h=3.0,n=30,start_thres=1.25,min_cluster_size=3",hub,0.25,50,20,40,1730,19,1,21,1729,0.475,0.0005780346820809,0.95,0.05,0.1444542543454603
fbc_tfnbs,"e=0.9,h=4.0,n=30,start_thres=1.25,min_cluster_size=3",hub,0.25,50,20,40,1730,19,1,21,1729,0.475,0.0005780346820809,0.95,0.05,0.1444542543454603
fbc_tfnbs,"e=0.9,h=5.0,n=30,start_thres=1.25,min_cluster_size=3",hub,0.25,50,20,40,1730,19,1,21,1729,0.475,0.0005780346820809,0.95,0.05,0.1444542543454603
fbc_tfnbs,"e=0.9,h=6.0,n=30,start_thres=1.25,min_cluster_size=3",hub,0.25,50,20,40,1730,20,1,20,1729,0.5,0.0005780346820809,0.9523809523809524,0.0476190476190476,0.1444542543454603
fbc_tfnbs,"e=0.9,h=7.0,n=30,start_thres=1.25,min_cluster_size=3",hub,0.25,50,20,40,1730,19,1,21,1729,0.475,0.0005780346820809,0.95,0.05,0.1444542543454603
fbc_tfnbs,"e=0.9,h=8.0,n=30,start_thres=1.25,min_cluster_size=3",hub,0.25,50,20,40,1730,19,1,21,1729,0.475,0.0005780346820809,0.95,0.05,0.1444542543454603
fbc_tfnbs,"e=0.9,h=9.0,n=30,start_thres=1.25,min_cluster_size=3",hub,0.25,50,20,40,1730,19,1,21,1729,0.475,0.0005780346820809,0.95,0.05,0.1444542543454603
fbc_tfnbs,"e=0.9,h=10.0,n=30,start_thres=1.25,min_cluster_size=3",hub,0.25,50,20,40,1730,19,1,21,1729,0.475,0.0005780346820809,0.95,0.05,0.1444542543454603
fbc_tfnbs,"e=1.0,h=0.5,n=30,start_thres=1.25,min_cluster_size=3",hub,0.25,50,20,40,1730,4,0,36,1730,0.1,0.0,1.0,0.0,0.1444542543454603
fbc_tfnbs,"e=1.0,h=1.0,n=30,start_thres=1.25,min_cluster_size=3",hub,0.25,50,20,40,1730,11,0,29,1730,0.275,0.0,1.0,0.0,0.1444542543454603
fbc_tfnbs,"e=1.0,h=2.0,n=30,start_thres=1.25,min_cluster_size=3",hub,0.25,50,20,40,1730,18,0,22,1730,0.45,0.0,1.0,0.0,0.1444542543454603
fbc_tfnbs,"e=1.0,h=3.0,n=30,start_thres=1.25,min_cluster_size=3",hub,0.25,50,20,40,1730,19,1,21,1729,0.475,0.0005780346820809,0.95,0.05,0.1444542543454603
fbc_tfnbs,"e=1.0,h=4.0,n=30,start_thres=1.25,min_cluster_size=3",hub,0.25,50,20,40,1730,19,1,21,1729,0.475,0.0005780346820809,0.95,0.05,0.1444542543454603
fbc_tfnbs,"e=1.0,h=5.0,n=30,start_thres=1.25,min_cluster_size=3",hub,0.25,50,20,40,1730,20,1,20,1729,0.5,0.0005780346820809,0.9523809523809524,0.0476190476190476,0.1444542543454603
fbc_tfnbs,"e=1.0,h=6.0,n=30,start_thres=1.25,min_cluster_size=3",hub,0.25,50,20,40,1730,20,1,20,1729,0.5,0.0005780346820809,0.9523809523809524,0.0476190476190476,0.1444542543454603
fbc_tfnbs,"e=1.0,h=7.0,n=30,start_thres=1.25,min_cluster_size=3",hub,0.25,50,20,40,1730,20,1,20,1729,0.5,0.0005780346820809,0.9523809523809524,0.0476190476190476,0.1444542543454603
fbc_tfnbs,"e=1.0,h=8.0,n=30,start_thres=1.25,min_cluster_size=3",hub,0.25,50,20,40,1730,19,1,21,1729,0.475,0.0005780346820809,0.95,0.05,0.1444542543454603
fbc_tfnbs,"e=1.0,h=9.0,n=30,start_thres=1.25,min_cluster_size=3",hub,0.25,50,20,40,1730,19,1,21,1729,0.475,0.0005780346820809,0.95,0.05,0.1444542543454603
fbc_tfnbs,"e=1.0,h=10.0,n=30,start_thres=1.25,min_cluster_size=3",hub,0.25,50,20,40,1730,19,1,21,1729,0.475,0.0005780346820809,0.95,0.05,0.1444542543454603
fbc_tfnbs,"e=1.1,h=0.5,n=30,start_thres=1.25,min_cluster_size=3",hub,0.25,50,20,40,1730,4,0,36,1730,0.1,0.0,1.0,0.0,0.1444542543454603
fbc_tfnbs,"e=1.1,h=1.0,n=30,start_thres=1.25,min_cluster_size=3",hub,0.25,50,20,40,1730,10,0,30,1730,0.25,0.0,1.0,0.0,0.1444542543454603
fbc_tfnbs,"e=1.1,h=2.0,n=30,start_thres=1.25,min_cluster_size=3",hub,0.25,50,20,40,1730,13,0,27,1730,0.325,0.0,1.0,0.0,0.1444542543454603
fbc_tfnbs,"e=1.1,h=3.0,n=30,start_thres=1.25,min_cluster_size=3",hub,0.25,50,20,40,1730,19,1,21,1729,0.475,0.0005780346820809,0.95,0.05,0.1444542543454603
fbc_tfnbs,"e=1.1,h=4.0,n=30,start_thres=1.25,min_cluster_size=3",hub,0.25,50,20,40,1730,19,1,21,1729,0.475,0.0005780346820809,0.95,0.05,0.1444542543454603
fbc_tfnbs,"e=1.1,h=5.0,n=30,start_thres=1.25,min_cluster_size=3",hub,0.25,50,20,40,1730,20,1,20,1729,0.5,0.0005780346820809,0.9523809523809524,0.0476190476190476,0.1444542543454603
fbc_tfnbs,"e=1.1,h=6.0,n=30,start_thres=1.25,min_cluster_size=3",hub,0.25,50,20,40,1730,20,1,20,1729,0.5,0.0005780346820809,0.9523809523809524,0.0476190476190476,0.1444542543454603
fbc_tfnbs,"e=1.1,h=7.0,n=30,start_thres=1.25,min_cluster_size=3",hub,0.25,50,20,40,1730,20,1,20,1729,0.5,0.0005780346820809,0.9523809523809524,0.0476190476190476,0.1444542543454603
fbc_tfnbs,"e=1.1,h=8.0,n=30,start_thres=1.25,min_cluster_size=3",hub,0.25,50,20,40,1730,20,1,20,1729,0.5,0.0005780346820809,0.9523809523809524,0.0476190476190476,0.1444542543454603
fbc_tfnbs,"e=1.1,h=9.0,n=30,start_thres=1.25,min_cluster_size=3",hub,0.25,50,20,40,1730,20,1,20,1729,0.5,0.0005780346820809,0.9523809523809524,0.0476190476190476,0.1444542543454603
fbc_tfnbs,"e=1.1,h=10.0,n=30,start_thres=1.25,min_cluster_size=3",hub,0.25,50,20,40,1730,20,1,20,1729,0.5,0.0005780346820809,0.9523809523809524,0.0476190476190476,0.1444542543454603
fbc_tfnbs,"e=1.2,h=0.5,n=30,start_thres=1.25,min_cluster_size=3",hub,0.25,50,20,40,1730,4,0,36,1730,0.1,0.0,1.0,0.0,0.1444542543454603
fbc_tfnbs,"e=1.2,h=1.0,n=30,start_thres=1.25,min_cluster_size=3",hub,0.25,50,20,40,1730,4,0,36,1730,0.1,0.0,1.0,0.0,0.1444542543454603
fbc_tfnbs,"e=1.2,h=2.0,n=30,start_thres=1.25,min_cluster_size=3",hub,0.25,50,20,40,1730,13,0,27,1730,0.325,0.0,1.0,0.0,0.1444542543454603
fbc_tfnbs,"e=1.2,h=3.0,n=30,start_thres=1.25,min_cluster_size=3",hub,0.25,50,20,40,1730,19,1,21,1729,0.475,0.0005780346820809,0.95,0.05,0.1444542543454603
fbc_tfnbs,"e=1.2,h=4.0,n=30,start_thres=1.25,min_cluster_size=3",hub,0.25,50,20,40,1730,19,1,21,1729,0.475,0.0005780346820809,0.95,0.05,0.1444542543454603
fbc_tfnbs,"e=1.2,h=5.0,n=30,start_thres=1.25,min_cluster_size=3",hub,0.25,50,20,40,1730,20,1,20,1729,0.5,0.0005780346820809,0.9523809523809524,0.0476190476190476,0.1444542543454603
fbc_tfnbs,"e=1.2,h=6.0,n=30,start_thres=1.25,min_cluster_size=3",hub,0.25,50,20,40,1730,20,1,20,1729,0.5,0.0005780346820809,0.9523809523809524,0.0476190476190476,0.1444542543454603
fbc_tfnbs,"e=1.2,h=7.0,n=30,start_thres=1.25,min_cluster_size=3",hub,0.25,50,20,40,1730,20,1,20,1729,0.5,0.0005780346820809,0.9523809523809524,0.0476190476190476,0.1444542543454603
fbc_tfnbs,"e=1.2,h=8.0,n=30,start_thres=1.25,min_cluster_size=3",hub,0.25,50,20,40,1730,20,1,20,1729,0.5,0.0005780346820809,0.9523809523809524,0.0476190476190476,0.1444542543454603
fbc_tfnbs,"e=1.2,h=9.0,n=30,start_thres=1.25,min_cluster_size=3",hub,0.25,50,20,40,1730,20,1,20,1729,0.5,0.0005780346820809,0.9523809523809524,0.0476190476190476,0.1444542543454603
fbc_tfnbs,"e=1.2,h=10.0,n=30,start_thres=1.25,min_cluster_size=3",hub,0.25,50,20,40,1730,20,1,20,1729,0.5,0.0005780346820809,0.9523809523809524,0.0476190476190476,0.1444542543454603
fbc_tfnbs,"e=1.3,h=0.5,n=30,start_thres=1.25,min_cluster_size=3",hub,0.25,50,20,40,1730,4,0,36,1730,0.1,0.0,1.0,0.0,0.1444542543454603
fbc_tfnbs,"e=1.3,h=1.0,n=30,start_thres=1.25,min_cluster_size=3",hub,0.25,50,20,40,1730,4,0,36,1730,0.1,0.0,1.0,0.0,0.1444542543454603
fbc_tfnbs,"e=1.3,h=2.0,n=30,start_thres=1.25,min_cluster_size=3",hub,0.25,50,20,40,1730,12,0,28,1730,0.3,0.0,1.0,0.0,0.1444542543454603
fbc_tfnbs,"e=1.3,h=3.0,n=30,start_thres=1.25,min_cluster_size=3",hub,0.25,50,20,40,1730,14,1,26,1729,0.35,0.0005780346820809,0.9333333333333332,0.0666666666666666,0.1444542543454603
fbc_tfnbs,"e=1.3,h=4.0,n=30,start_thres=1.25,min_cluster_size=3",hub,0.25,50,20,40,1730,19,1,21,1729,0.475,0.0005780346820809,0.95,0.05,0.1444542543454603
fbc_tfnbs,"e=1.3,h=5.0,n=30,start_thres=1.25,min_cluster_size=3",hub,0.25,50,20,40,1730,20,1,20,1729,0.5,0.0005780346820809,0.9523809523809524,0.0476190476190476,0.1444542543454603
fbc_tfnbs,"e=1.3,h=6.0,n=30,start_thres=1.25,min_cluster_size=3",hub,0.25,50,20,40,1730,20,1,20,1729,0.5,0.0005780346820809,0.9523809523809524,0.0476190476190476,0.1444542543454603
fbc_tfnbs,"e=1.3,h=7.0,n=30,start_thres=1.25,min_cluster_size=3",hub,0.25,50,20,40,1730,20,1,20,1729,0.5,0.0005780346820809,0.9523809523809524,0.0476190476190476,0.1444542543454603
fbc_tfnbs,"e=1.3,h=8.0,n=30,start_thres=1.25,min_cluster_size=3",hub,0.25,50,20,40,1730,20,1,20,1729,0.5,0.0005780346820809,0.9523809523809524,0.0476190476190476,0.1444542543454603
fbc_tfnbs,"e=1.3,h=9.0,n=30,start_thres=1.25,min_cluster_size=3",hub,0.25,50,20,40,1730,20,1,20,1729,0.5,0.0005780346820809,0.9523809523809524,0.0476190476190476,0.1444542543454603
fbc_tfnbs,"e=1.3,h=10.0,n=30,start_thres=1.25,min_cluster_size=3",hub,0.25,50,20,40,1730,20,1,20,1729,0.5,0.0005780346820809,0.9523809523809524,0.0476190476190476,0.1444542543454603
fbc_tfnbs,"e=1.4,h=0.5,n=30,start_thres=1.25,min_cluster_size=3",hub,0.25,50,20,40,1730,3,0,37,1730,0.075,0.0,1.0,0.0,0.1444542543454603
fbc_tfnbs,"e=1.4,h=1.0,n=30,start_thres=1.25,min_cluster_size=3",hub,0.25,50,20,40,1730,4,0,36,1730,0.1,0.0,1.0,0.0,0.1444542543454603
fbc_tfnbs,"e=1.4,h=2.0,n=30,start_thres=1.25,min_cluster_size=3",hub,0.25,50,20,40,1730,10,0,30,1730,0.25,0.0,1.0,0.0,0.1444542543454603
fbc_tfnbs,"e=1.4,h=3.0,n=30,start_thres=1.25,min_cluster_size=3",hub,0.25,50,20,40,1730,13,0,27,1730,0.325,0.0,1.0,0.0,0.1444542543454603
fbc_tfnbs,"e=1.4,h=4.0,n=30,start_thres=1.25,min_cluster_size=3",hub,0.25,50,20,40,1730,19,1,21,1729,0.475,0.0005780346820809,0.95,0.05,0.1444542543454603
fbc_tfnbs,"e=1.4,h=5.0,n=30,start_thres=1.25,min_cluster_size=3",hub,0.25,50,20,40,1730,20,1,20,1729,0.5,0.0005780346820809,0.9523809523809524,0.0476190476190476,0.1444542543454603
fbc_tfnbs,"e=1.4,h=6.0,n=30,start_thres=1.25,min_cluster_size=3",hub,0.25,50,20,40,1730,20,1,20,1729,0.5,0.0005780346820809,0.9523809523809524,0.0476190476190476,0.1444542543454603
fbc_tfnbs,"e=1.4,h=7.0,n=30,start_thres=1.25,min_cluster_size=3",hub,0.25,50,20,40,1730,20,1,20,1729,0.5,0.0005780346820809,0.9523809523809524,0.0476190476190476,0.1444542543454603
fbc_tfnbs,"e=1.4,h=8.0,n=30,start_thres=1.25,min_cluster_size=3",hub,0.25,50,20,40,1730,20,1,20,1729,0.5,0.0005780346820809,0.9523809523809524,0.0476190476190476,0.1444542543454603
fbc_tfnbs,"e=1.4,h=9.0,n=30,start_thres=1.25,min_cluster_size=3",hub,0.25,50,20,40,1730,20,1,20,1729,0.5,0.0005780346820809,0.9523809523809524,0.0476190476190476,0.1444542543454603
fbc_tfnbs,"e=1.4,h=10.0,n=30,start_thres=1.25,min_cluster_size=3",hub,0.25,50,20,40,1730,22,1,18,1729,0.55,0.0005780346820809,0.9565217391304348,0.0434782608695652,0.1444542543454603
fbc_tfnbs,"e=1.5,h=0.5,n=30,start_thres=1.25,min_cluster_size=3",hub,0.25,50,20,40,1730,0,0,40,1730,0.0,0.0,0.0,0.0,0.1444542543454603
fbc_tfnbs,"e=1.5,h=1.0,n=30,start_thres=1.25,min_cluster_size=3",hub,0.25,50,20,40,1730,4,0,36,1730,0.1,0.0,1.0,0.0,0.1444542543454603
fbc_tfnbs,"e=1.5,h=2.0,n=30,start_thres=1.25,min_cluster_size=3",hub,0.25,50,20,40,1730,4,0,36,1730,0.1,0.0,1.0,0.0,0.1444542543454603
fbc_tfnbs,"e=1.5,h=3.0,n=30,start_thres=1.25,min_cluster_size=3",hub,0.25,50,20,40,1730,13,0,27,1730,0.325,0.0,1.0,0.0,0.1444542543454603
fbc_tfnbs,"e=1.5,h=4.0,n=30,start_thres=1.25,min_cluster_size=3",hub,0.25,50,20,40,1730,19,1,21,1729,0.475,0.0005780346820809,0.95,0.05,0.1444542543454603
fbc_tfnbs,"e=1.5,h=5.0,n=30,start_thres=1.25,min_cluster_size=3",hub,0.25,50,20,40,1730,20,1,20,1729,0.5,0.0005780346820809,0.9523809523809524,0.0476190476190476,0.1444542543454603
fbc_tfnbs,"e=1.5,h=6.0,n=30,start_thres=1.25,min_cluster_size=3",hub,0.25,50,20,40,1730,20,1,20,1729,0.5,0.0005780346820809,0.9523809523809524,0.0476190476190476,0.1444542543454603
fbc_tfnbs,"e=1.5,h=7.0,n=30,start_thres=1.25,min_cluster_size=3",hub,0.25,50,20,40,1730,20,1,20,1729,0.5,0.0005780346820809,0.9523809523809524,0.0476190476190476,0.1444542543454603
fbc_tfnbs,"e=1.5,h=8.0,n=30,start_thres=1.25,min_cluster_size=3",hub,0.25,50,20,40,1730,20,1,20,1729,0.5,0.0005780346820809,0.9523809523809524,0.0476190476190476,0.1444542543454603
fbc_tfnbs,"e=1.5,h=9.0,n=30,start_thres=1.25,min_cluster_size=3",hub,0.25,50,20,40,1730,20,1,20,1729,0.5,0.0005780346820809,0.9523809523809524,0.0476190476190476,0.1444542543454603
fbc_tfnbs,"e=1.5,h=10.0,n=30,start_thres=1.25,min_cluster_size=3",hub,0.25,50,20,40,1730,22,1,18,1729,0.55,0.0005780346820809,0.9565217391304348,0.0434782608695652,0.1444542543454603
fbc_tfnbs,"e=0.05,h=0.5,n=30,start_thres=1.25,min_cluster_size=3",hub,0.25,50,21,40,1730,24,0,16,1730,0.6,0.0,1.0,0.0,0.1392041715708646
fbc_tfnbs,"e=0.05,h=1.0,n=30,start_thres=1.25,min_cluster_size=3",hub,0.25,50,21,40,1730,24,0,16,1730,0.6,0.0,1.0,0.0,0.1392041715708646
fbc_tfnbs,"e=0.05,h=2.0,n=30,start_thres=1.25,min_cluster_size=3",hub,0.25,50,21,40,1730,24,0,16,1730,0.6,0.0,1.0,0.0,0.1392041715708646
fbc_tfnbs,"e=0.05,h=3.0,n=30,start_thres=1.25,min_cluster_size=3",hub,0.25,50,21,40,1730,24,0,16,1730,0.6,0.0,1.0,0.0,0.1392041715708646
fbc_tfnbs,"e=0.05,h=4.0,n=30,start_thres=1.25,min_cluster_size=3",hub,0.25,50,21,40,1730,24,0,16,1730,0.6,0.0,1.0,0.0,0.1392041715708646
fbc_tfnbs,"e=0.05,h=5.0,n=30,start_thres=1.25,min_cluster_size=3",hub,0.25,50,21,40,1730,24,0,16,1730,0.6,0.0,1.0,0.0,0.1392041715708646
fbc_tfnbs,"e=0.05,h=6.0,n=30,start_thres=1.25,min_cluster_size=3",hub,0.25,50,21,40,1730,24,0,16,1730,0.6,0.0,1.0,0.0,0.1392041715708646
fbc_tfnbs,"e=0.05,h=7.0,n=30,start_thres=1.25,min_cluster_size=3",hub,0.25,50,21,40,1730,24,0,16,1730,0.6,0.0,1.0,0.0,0.1392041715708646
fbc_tfnbs,"e=0.05,h=8.0,n=30,start_thres=1.25,min_cluster_size=3",hub,0.25,50,21,40,1730,24,0,16,1730,0.6,0.0,1.0,0.0,0.1392041715708646
fbc_tfnbs,"e=0.05,h=9.0,n=30,start_thres=1.25,min_cluster_size=3",hub,0.25,50,21,40,1730,24,0,16,1730,0.6,0.0,1.0,0.0,0.1392041715708646
fbc_tfnbs,"e=0.05,h=10.0,n=30,start_thres=1.25,min_cluster_size=3",hub,0.25,50,21,40,1730,24,0,16,1730,0.6,0.0,1.0,0.0,0.1392041715708646
fbc_tfnbs,"e=0.1,h=0.5,n=30,start_thres=1.25,min_cluster_size=3",hub,0.25,50,21,40,1730,24,0,16,1730,0.6,0.0,1.0,0.0,0.1392041715708646
fbc_tfnbs,"e=0.1,h=1.0,n=30,start_thres=1.25,min_cluster_size=3",hub,0.25,50,21,40,1730,24,0,16,1730,0.6,0.0,1.0,0.0,0.1392041715708646
fbc_tfnbs,"e=0.1,h=2.0,n=30,start_thres=1.25,min_cluster_size=3",hub,0.25,50,21,40,1730,24,0,16,1730,0.6,0.0,1.0,0.0,0.1392041715708646
fbc_tfnbs,"e=0.1,h=3.0,n=30,start_thres=1.25,min_cluster_size=3",hub,0.25,50,21,40,1730,24,0,16,1730,0.6,0.0,1.0,0.0,0.1392041715708646
fbc_tfnbs,"e=0.1,h=4.0,n=30,start_thres=1.25,min_cluster_size=3",hub,0.25,50,21,40,1730,24,0,16,1730,0.6,0.0,1.0,0.0,0.1392041715708646
fbc_tfnbs,"e=0.1,h=5.0,n=30,start_thres=1.25,min_cluster_size=3",hub,0.25,50,21,40,1730,24,0,16,1730,0.6,0.0,1.0,0.0,0.1392041715708646
fbc_tfnbs,"e=0.1,h=6.0,n=30,start_thres=1.25,min_cluster_size=3",hub,0.25,50,21,40,1730,24,0,16,1730,0.6,0.0,1.0,0.0,0.1392041715708646
fbc_tfnbs,"e=0.1,h=7.0,n=30,start_thres=1.25,min_cluster_size=3",hub,0.25,50,21,40,1730,24,0,16,1730,0.6,0.0,1.0,0.0,0.1392041715708646
fbc_tfnbs,"e=0.1,h=8.0,n=30,start_thres=1.25,min_cluster_size=3",hub,0.25,50,21,40,1730,24,0,16,1730,0.6,0.0,1.0,0.0,0.1392041715708646
fbc_tfnbs,"e=0.1,h=9.0,n=30,start_thres=1.25,min_cluster_size=3",hub,0.25,50,21,40,1730,24,0,16,1730,0.6,0.0,1.0,0.0,0.1392041715708646
fbc_tfnbs,"e=0.1,h=10.0,n=30,start_thres=1.25,min_cluster_size=3",hub,0.25,50,21,40,1730,24,0,16,1730,0.6,0.0,1.0,0.0,0.1392041715708646
fbc_tfnbs,"e=0.2,h=0.5,n=30,start_thres=1.25,min_cluster_size=3",hub,0.25,50,21,40,1730,24,0,16,1730,0.6,0.0,1.0,0.0,0.1392041715708646
fbc_tfnbs,"e=0.2,h=1.0,n=30,start_thres=1.25,min_cluster_size=3",hub,0.25,50,21,40,1730,24,0,16,1730,0.6,0.0,1.0,0.0,0.1392041715708646
fbc_tfnbs,"e=0.2,h=2.0,n=30,start_thres=1.25,min_cluster_size=3",hub,0.25,50,21,40,1730,24,0,16,1730,0.6,0.0,1.0,0.0,0.1392041715708646
fbc_tfnbs,"e=0.2,h=3.0,n=30,start_thres=1.25,min_cluster_size=3",hub,0.25,50,21,40,1730,24,0,16,1730,0.6,0.0,1.0,0.0,0.1392041715708646
fbc_tfnbs,"e=0.2,h=4.0,n=30,start_thres=1.25,min_cluster_size=3",hub,0.25,50,21,40,1730,24,0,16,1730,0.6,0.0,1.0,0.0,0.1392041715708646
fbc_tfnbs,"e=0.2,h=5.0,n=30,start_thres=1.25,min_cluster_size=3",hub,0.25,50,21,40,1730,24,0,16,1730,0.6,0.0,1.0,0.0,0.1392041715708646
fbc_tfnbs,"e=0.2,h=6.0,n=30,start_thres=1.25,min_cluster_size=3",hub,0.25,50,21,40,1730,24,0,16,1730,0.6,0.0,1.0,0.0,0.1392041715708646
fbc_tfnbs,"e=0.2,h=7.0,n=30,start_thres=1.25,min_cluster_size=3",hub,0.25,50,21,40,1730,24,0,16,1730,0.6,0.0,1.0,0.0,0.1392041715708646
fbc_tfnbs,"e=0.2,h=8.0,n=30,start_thres=1.25,min_cluster_size=3",hub,0.25,50,21,40,1730,24,0,16,1730,0.6,0.0,1.0,0.0,0.1392041715708646
fbc_tfnbs,"e=0.2,h=9.0,n=30,start_thres=1.25,min_cluster_size=3",hub,0.25,50,21,40,1730,24,0,16,1730,0.6,0.0,1.0,0.0,0.1392041715708646
fbc_tfnbs,"e=0.2,h=10.0,n=30,start_thres=1.25,min_cluster_size=3",hub,0.25,50,21,40,1730,24,0,16,1730,0.6,0.0,1.0,0.0,0.1392041715708646
fbc_tfnbs,"e=0.3,h=0.5,n=30,start_thres=1.25,min_cluster_size=3",hub,0.25,50,21,40,1730,19,0,21,1730,0.475,0.0,1.0,0.0,0.1392041715708646
fbc_tfnbs,"e=0.3,h=1.0,n=30,start_thres=1.25,min_cluster_size=3",hub,0.25,50,21,40,1730,23,0,17,1730,0.575,0.0,1.0,0.0,0.1392041715708646
fbc_tfnbs,"e=0.3,h=2.0,n=30,start_thres=1.25,min_cluster_size=3",hub,0.25,50,21,40,1730,24,0,16,1730,0.6,0.0,1.0,0.0,0.1392041715708646
fbc_tfnbs,"e=0.3,h=3.0,n=30,start_thres=1.25,min_cluster_size=3",hub,0.25,50,21,40,1730,24,0,16,1730,0.6,0.0,1.0,0.0,0.1392041715708646
fbc_tfnbs,"e=0.3,h=4.0,n=30,start_thres=1.25,min_cluster_size=3",hub,0.25,50,21,40,1730,24,0,16,1730,0.6,0.0,1.0,0.0,0.1392041715708646
fbc_tfnbs,"e=0.3,h=5.0,n=30,start_thres=1.25,min_cluster_size=3",hub,0.25,50,21,40,1730,24,0,16,1730,0.6,0.0,1.0,0.0,0.1392041715708646
fbc_tfnbs,"e=0.3,h=6.0,n=30,start_thres=1.25,min_cluster_size=3",hub,0.25,50,21,40,1730,24,0,16,1730,0.6,0.0,1.0,0.0,0.1392041715708646
fbc_tfnbs,"e=0.3,h=7.0,n=30,start_thres=1.25,min_cluster_size=3",hub,0.25,50,21,40,1730,24,0,16,1730,0.6,0.0,1.0,0.0,0.1392041715708646
fbc_tfnbs,"e=0.3,h=8.0,n=30,start_thres=1.25,min_cluster_size=3",hub,0.25,50,21,40,1730,24,0,16,1730,0.6,0.0,1.0,0.0,0.1392041715708646
fbc_tfnbs,"e=0.3,h=9.0,n=30,start_thres=1.25,min_cluster_size=3",hub,0.25,50,21,40,1730,24,0,16,1730,0.6,0.0,1.0,0.0,0.1392041715708646
fbc_tfnbs,"e=0.3,h=10.0,n=30,start_thres=1.25,min_cluster_size=3",hub,0.25,50,21,40,1730,24,0,16,1730,0.6,0.0,1.0,0.0,0.1392041715708646
fbc_tfnbs,"e=0.4,h=0.5,n=30,start_thres=1.25,min_cluster_size=3",hub,0.25,50,21,40,1730,18,0,22,1730,0.45,0.0,1.0,0.0,0.1392041715708646
fbc_tfnbs,"e=0.4,h=1.0,n=30,start_thres=1.25,min_cluster_size=3",hub,0.25,50,21,40,1730,19,0,21,1730,0.475,0.0,1.0,0.0,0.1392041715708646
fbc_tfnbs,"e=0.4,h=2.0,n=30,start_thres=1.25,min_cluster_size=3",hub,0.25,50,21,40,1730,24,0,16,1730,0.6,0.0,1.0,0.0,0.1392041715708646
fbc_tfnbs,"e=0.4,h=3.0,n=30,start_thres=1.25,min_cluster_size=3",hub,0.25,50,21,40,1730,24,0,16,1730,0.6,0.0,1.0,0.0,0.1392041715708646
fbc_tfnbs,"e=0.4,h=4.0,n=30,start_thres=1.25,min_cluster_size=3",hub,0.25,50,21,40,1730,25,0,15,1730,0.625,0.0,1.0,0.0,0.1392041715708646
fbc_tfnbs,"e=0.4,h=5.0,n=30,start_thres=1.25,min_cluster_size=3",hub,0.25,50,21,40,1730,25,0,15,1730,0.625,0.0,1.0,0.0,0.1392041715708646
fbc_tfnbs,"e=0.4,h=6.0,n=30,start_thres=1.25,min_cluster_size=3",hub,0.25,50,21,40,1730,25,0,15,1730,0.625,0.0,1.0,0.0,0.1392041715708646
fbc_tfnbs,"e=0.4,h=7.0,n=30,start_thres=1.25,min_cluster_size=3",hub,0.25,50,21,40,1730,24,0,16,1730,0.6,0.0,1.0,0.0,0.1392041715708646
fbc_tfnbs,"e=0.4,h=8.0,n=30,start_thres=1.25,min_cluster_size=3",hub,0.25,50,21,40,1730,24,0,16,1730,0.6,0.0,1.0,0.0,0.1392041715708646
fbc_tfnbs,"e=0.4,h=9.0,n=30,start_thres=1.25,min_cluster_size=3",hub,0.25,50,21,40,1730,24,0,16,1730,0.6,0.0,1.0,0.0,0.1392041715708646
fbc_tfnbs,"e=0.4,h=10.0,n=30,start_thres=1.25,min_cluster_size=3",hub,0.25,50,21,40,1730,24,0,16,1730,0.6,0.0,1.0,0.0,0.1392041715708646
fbc_tfnbs,"e=0.5,h=0.5,n=30,start_thres=1.25,min_cluster_size=3",hub,0.25,50,21,40,1730,18,0,22,1730,0.45,0.0,1.0,0.0,0.1392041715708646
fbc_tfnbs,"e=0.5,h=1.0,n=30,start_thres=1.25,min_cluster_size=3",hub,0.25,50,21,40,1730,18,0,22,1730,0.45,0.0,1.0,0.0,0.1392041715708646
fbc_tfnbs,"e=0.5,h=2.0,n=30,start_thres=1.25,min_cluster_size=3",hub,0.25,50,21,40,1730,20,0,20,1730,0.5,0.0,1.0,0.0,0.1392041715708646
fbc_tfnbs,"e=0.5,h=3.0,n=30,start_thres=1.25,min_cluster_size=3",hub,0.25,50,21,40,1730,25,0,15,1730,0.625,0.0,1.0,0.0,0.1392041715708646
fbc_tfnbs,"e=0.5,h=4.0,n=30,start_thres=1.25,min_cluster_size=3",hub,0.25,50,21,40,1730,25,0,15,1730,0.625,0.0,1.0,0.0,0.1392041715708646
fbc_tfnbs,"e=0.5,h=5.0,n=30,start_thres=1.25,min_cluster_size=3",hub,0.25,50,21,40,1730,25,0,15,1730,0.625,0.0,1.0,0.0,0.1392041715708646
fbc_tfnbs,"e=0.5,h=6.0,n=30,start_thres=1.25,min_cluster_size=3",hub,0.25,50,21,40,1730,25,0,15,1730,0.625,0.0,1.0,0.0,0.1392041715708646
fbc_tfnbs,"e=0.5,h=7.0,n=30,start_thres=1.25,min_cluster_size=3",hub,0.25,50,21,40,1730,25,0,15,1730,0.625,0.0,1.0,0.0,0.1392041715708646
fbc_tfnbs,"e=0.5,h=8.0,n=30,start_thres=1.25,min_cluster_size=3",hub,0.25,50,21,40,1730,25,0,15,1730,0.625,0.0,1.0,0.0,0.1392041715708646
fbc_tfnbs,"e=0.5,h=9.0,n=30,start_thres=1.25,min_cluster_size=3",hub,0.25,50,21,40,1730,25,0,15,1730,0.625,0.0,1.0,0.0,0.1392041715708646
fbc_tfnbs,"e=0.5,h=10.0,n=30,start_thres=1.25,min_cluster_size=3",hub,0.25,50,21,40,1730,25,0,15,1730,0.625,0.0,1.0,0.0,0.1392041715708646
fbc_tfnbs,"e=0.6,h=0.5,n=30,start_thres=1.25,min_cluster_size=3",hub,0.25,50,21,40,1730,14,0,26,1730,0.35,0.0,1.0,0.0,0.1392041715708646
fbc_tfnbs,"e=0.6,h=1.0,n=30,start_thres=1.25,min_cluster_size=3",hub,0.25,50,21,40,1730,18,0,22,1730,0.45,0.0,1.0,0.0,0.1392041715708646
fbc_tfnbs,"e=0.6,h=2.0,n=30,start_thres=1.25,min_cluster_size=3",hub,0.25,50,21,40,1730,20,0,20,1730,0.5,0.0,1.0,0.0,0.1392041715708646
fbc_tfnbs,"e=0.6,h=3.0,n=30,start_thres=1.25,min_cluster_size=3",hub,0.25,50,21,40,1730,25,0,15,1730,0.625,0.0,1.0,0.0,0.1392041715708646
fbc_tfnbs,"e=0.6,h=4.0,n=30,start_thres=1.25,min_cluster_size=3",hub,0.25,50,21,40,1730,25,0,15,1730,0.625,0.0,1.0,0.0,0.1392041715708646
fbc_tfnbs,"e=0.6,h=5.0,n=30,start_thres=1.25,min_cluster_size=3",hub,0.25,50,21,40,1730,25,0,15,1730,0.625,0.0,1.0,0.0,0.1392041715708646
fbc_tfnbs,"e=0.6,h=6.0,n=30,start_thres=1.25,min_cluster_size=3",hub,0.25,50,21,40,1730,25,0,15,1730,0.625,0.0,1.0,0.0,0.1392041715708646
fbc_tfnbs,"e=0.6,h=7.0,n=30,start_thres=1.25,min_cluster_size=3",hub,0.25,50,21,40,1730,25,0,15,1730,0.625,0.0,1.0,0.0,0.1392041715708646
fbc_tfnbs,"e=0.6,h=8.0,n=30,start_thres=1.25,min_cluster_size=3",hub,0.25,50,21,40,1730,25,0,15,1730,0.625,0.0,1.0,0.0,0.1392041715708646
fbc_tfnbs,"e=0.6,h=9.0,n=30,start_thres=1.25,min_cluster_size=3",hub,0.25,50,21,40,1730,25,0,15,1730,0.625,0.0,1.0,0.0,0.1392041715708646
fbc_tfnbs,"e=0.6,h=10.0,n=30,start_thres=1.25,min_cluster_size=3",hub,0.25,50,21,40,1730,25,0,15,1730,0.625,0.0,1.0,0.0,0.1392041715708646
fbc_tfnbs,"e=0.7,h=0.5,n=30,start_thres=1.25,min_cluster_size=3",hub,0.25,50,21,40,1730,14,0,26,1730,0.35,0.0,1.0,0.0,0.1392041715708646
fbc_tfnbs,"e=0.7,h=1.0,n=30,start_thres=1.25,min_cluster_size=3",hub,0.25,50,21,40,1730,14,0,26,1730,0.35,0.0,1.0,0.0,0.1392041715708646
fbc_tfnbs,"e=0.7,h=2.0,n=30,start_thres=1.25,min_cluster_size=3",hub,0.25,50,21,40,1730,19,0,21,1730,0.475,0.0,1.0,0.0,0.1392041715708646
fbc_tfnbs,"e=0.7,h=3.0,n=30,start_thres=1.25,min_cluster_size=3",hub,0.25,50,21,40,1730,20,0,20,1730,0.5,0.0,1.0,0.0,0.1392041715708646
fbc_tfnbs,"e=0.7,h=4.0,n=30,start_thres=1.25,min_cluster_size=3",hub,0.25,50,21,40,1730,25,0,15,1730,0.625,0.0,1.0,0.0,0.1392041715708646
fbc_tfnbs,"e=0.7,h=5.0,n=30,start_thres=1.25,min_cluster_size=3",hub,0.25,50,21,40,1730,25,0,15,1730,0.625,0.0,1.0,0.0,0.1392041715708646
fbc_tfnbs,"e=0.7,h=6.0,n=30,start_thres=1.25,min_cluster_size=3",hub,0.25,50,21,40,1730,25,0,15,1730,0.625,0.0,1.0,0.0,0.1392041715708646
fbc_tfnbs,"e=0.7,h=7.0,n=30,start_thres=1.25,min_cluster_size=3",hub,0.25,50,21,40,1730,25,0,15,1730,0.625,0.0,1.0,0.0,0.1392041715708646
fbc_tfnbs,"e=0.7,h=8.0,n=30,start_thres=1.25,min_cluster_size=3",hub,0.25,50,21,40,1730,25,0,15,1730,0.625,0.0,1.0,0.0,0.1392041715708646
fbc_tfnbs,"e=0.7,h=9.0,n=30,start_thres=1.25,min_cluster_size=3",hub,0.25,50,21,40,1730,25,0,15,1730,0.625,0.0,1.0,0.0,0.1392041715708646
fbc_tfnbs,"e=0.7,h=10.0,n=30,start_thres=1.25,min_cluster_size=3",hub,0.25,50,21,40,1730,25,0,15,1730,0.625,0.0,1.0,0.0,0.1392041715708646
fbc_tfnbs,"e=0.8,h=0.5,n=30,start_thres=1.25,min_cluster_size=3",hub,0.25,50,21,40,1730,12,0,28,1730,0.3,0.0,1.0,0.0,0.1392041715708646
fbc_tfnbs,"e=0.8,h=1.0,n=30,start_thres=1.25,min_cluster_size=3",hub,0.25,50,21,40,1730,14,0,26,1730,0.35,0.0,1.0,0.0,0.1392041715708646
fbc_tfnbs,"e=0.8,h=2.0,n=30,start_thres=1.25,min_cluster_size=3",hub,0.25,50,21,40,1730,19,0,21,1730,0.475,0.0,1.0,0.0,0.1392041715708646
fbc_tfnbs,"e=0.8,h=3.0,n=30,start_thres=1.25,min_cluster_size=3",hub,0.25,50,21,40,1730,20,0,20,1730,0.5,0.0,1.0,0.0,0.1392041715708646
fbc_tfnbs,"e=0.8,h=4.0,n=30,start_thres=1.25,min_cluster_size=3",hub,0.25,50,21,40,1730,25,0,15,1730,0.625,0.0,1.0,0.0,0.1392041715708646
fbc_tfnbs,"e=0.8,h=5.0,n=30,start_thres=1.25,min_cluster_size=3",hub,0.25,50,21,40,1730,25,0,15,1730,0.625,0.0,1.0,0.0,0.1392041715708646
fbc_tfnbs,"e=0.8,h=6.0,n=30,start_thres=1.25,min_cluster_size=3",hub,0.25,50,21,40,1730,25,0,15,1730,0.625,0.0,1.0,0.0,0.1392041715708646
fbc_tfnbs,"e=0.8,h=7.0,n=30,start_thres=1.25,min_cluster_size=3",hub,0.25,50,21,40,1730,25,0,15,1730,0.625,0.0,1.0,0.0,0.1392041715708646
fbc_tfnbs,"e=0.8,h=8.0,n=30,start_thres=1.25,min_cluster_size=3",hub,0.25,50,21,40,1730,25,0,15,1730,0.625,0.0,1.0,0.0,0.1392041715708646
fbc_tfnbs,"e=0.8,h=9.0,n=30,start_thres=1.25,min_cluster_size=3",hub,0.25,50,21,40,1730,25,0,15,1730,0.625,0.0,1.0,0.0,0.1392041715708646
fbc_tfnbs,"e=0.8,h=10.0,n=30,start_thres=1.25,min_cluster_size=3",hub,0.25,50,21,40,1730,25,0,15,1730,0.625,0.0,1.0,0.0,0.1392041715708646
fbc_tfnbs,"e=0.9,h=0.5,n=30,start_thres=1.25,min_cluster_size=3",hub,0.25,50,21,40,1730,9,0,31,1730,0.225,0.0,1.0,0.0,0.1392041715708646
fbc_tfnbs,"e=0.9,h=1.0,n=30,start_thres=1.25,min_cluster_size=3",hub,0.25,50,21,40,1730,12,0,28,1730,0.3,0.0,1.0,0.0,0.1392041715708646
fbc_tfnbs,"e=0.9,h=2.0,n=30,start_thres=1.25,min_cluster_size=3",hub,0.25,50,21,40,1730,15,0,25,1730,0.375,0.0,1.0,0.0,0.1392041715708646
fbc_tfnbs,"e=0.9,h=3.0,n=30,start_thres=1.25,min_cluster_size=3",hub,0.25,50,21,40,1730,19,0,21,1730,0.475,0.0,1.0,0.0,0.1392041715708646
fbc_tfnbs,"e=0.9,h=4.0,n=30,start_thres=1.25,min_cluster_size=3",hub,0.25,50,21,40,1730,20,0,20,1730,0.5,0.0,1.0,0.0,0.1392041715708646
fbc_tfnbs,"e=0.9,h=5.0,n=30,start_thres=1.25,min_cluster_size=3",hub,0.25,50,21,40,1730,25,0,15,1730,0.625,0.0,1.0,0.0,0.1392041715708646
fbc_tfnbs,"e=0.9,h=6.0,n=30,start_thres=1.25,min_cluster_size=3",hub,0.25,50,21,40,1730,25,0,15,1730,0.625,0.0,1.0,0.0,0.1392041715708646
fbc_tfnbs,"e=0.9,h=7.0,n=30,start_thres=1.25,min_cluster_size=3",hub,0.25,50,21,40,1730,25,0,15,1730,0.625,0.0,1.0,0.0,0.1392041715708646
fbc_tfnbs,"e=0.9,h=8.0,n=30,start_thres=1.25,min_cluster_size=3",hub,0.25,50,21,40,1730,25,0,15,1730,0.625,0.0,1.0,0.0,0.1392041715708646
fbc_tfnbs,"e=0.9,h=9.0,n=30,start_thres=1.25,min_cluster_size=3",hub,0.25,50,21,40,1730,25,0,15,1730,0.625,0.0,1.0,0.0,0.1392041715708646
fbc_tfnbs,"e=0.9,h=10.0,n=30,start_thres=1.25,min_cluster_size=3",hub,0.25,50,21,40,1730,25,0,15,1730,0.625,0.0,1.0,0.0,0.1392041715708646
fbc_tfnbs,"e=1.0,h=0.5,n=30,start_thres=1.25,min_cluster_size=3",hub,0.25,50,21,40,1730,9,0,31,1730,0.225,0.0,1.0,0.0,0.1392041715708646
fbc_tfnbs,"e=1.0,h=1.0,n=30,start_thres=1.25,min_cluster_size=3",hub,0.25,50,21,40,1730,12,0,28,1730,0.3,0.0,1.0,0.0,0.1392041715708646
fbc_tfnbs,"e=1.0,h=2.0,n=30,start_thres=1.25,min_cluster_size=3",hub,0.25,50,21,40,1730,14,0,26,1730,0.35,0.0,1.0,0.0,0.1392041715708646
fbc_tfnbs,"e=1.0,h=3.0,n=30,start_thres=1.25,min_cluster_size=3",hub,0.25,50,21,40,1730,19,0,21,1730,0.475,0.0,1.0,0.0,0.1392041715708646
fbc_tfnbs,"e=1.0,h=4.0,n=30,start_thres=1.25,min_cluster_size=3",hub,0.25,50,21,40,1730,20,0,20,1730,0.5,0.0,1.0,0.0,0.1392041715708646
fbc_tfnbs,"e=1.0,h=5.0,n=30,start_thres=1.25,min_cluster_size=3",hub,0.25,50,21,40,1730,25,0,15,1730,0.625,0.0,1.0,0.0,0.1392041715708646
fbc_tfnbs,"e=1.0,h=6.0,n=30,start_thres=1.25,min_cluster_size=3",hub,0.25,50,21,40,1730,25,0,15,1730,0.625,0.0,1.0,0.0,0.1392041715708646
fbc_tfnbs,"e=1.0,h=7.0,n=30,start_thres=1.25,min_cluster_size=3",hub,0.25,50,21,40,1730,25,0,15,1730,0.625,0.0,1.0,0.0,0.1392041715708646
fbc_tfnbs,"e=1.0,h=8.0,n=30,start_thres=1.25,min_cluster_size=3",hub,0.25,50,21,40,1730,25,0,15,1730,0.625,0.0,1.0,0.0,0.1392041715708646
fbc_tfnbs,"e=1.0,h=9.0,n=30,start_thres=1.25,min_cluster_size=3",hub,0.25,50,21,40,1730,25,0,15,1730,0.625,0.0,1.0,0.0,0.1392041715708646
fbc_tfnbs,"e=1.0,h=10.0,n=30,start_thres=1.25,min_cluster_size=3",hub,0.25,50,21,40,1730,25,0,15,1730,0.625,0.0,1.0,0.0,0.1392041715708646
fbc_tfnbs,"e=1.1,h=0.5,n=30,start_thres=1.25,min_cluster_size=3",hub,0.25,50,21,40,1730,8,0,32,1730,0.2,0.0,1.0,0.0,0.1392041715708646
fbc_tfnbs,"e=1.1,h=1.0,n=30,start_thres=1.25,min_cluster_size=3",hub,0.25,50,21,40,1730,9,0,31,1730,0.225,0.0,1.0,0.0,0.1392041715708646
fbc_tfnbs,"e=1.1,h=2.0,n=30,start_thres=1.25,min_cluster_size=3",hub,0.25,50,21,40,1730,12,0,28,1730,0.3,0.0,1.0,0.0,0.1392041715708646
fbc_tfnbs,"e=1.1,h=3.0,n=30,start_thres=1.25,min_cluster_size=3",hub,0.25,50,21,40,1730,19,0,21,1730,0.475,0.0,1.0,0.0,0.1392041715708646
fbc_tfnbs,"e=1.1,h=4.0,n=30,start_thres=1.25,min_cluster_size=3",hub,0.25,50,21,40,1730,20,0,20,1730,0.5,0.0,1.0,0.0,0.1392041715708646
fbc_tfnbs,"e=1.1,h=5.0,n=30,start_thres=1.25,min_cluster_size=3",hub,0.25,50,21,40,1730,21,0,19,1730,0.525,0.0,1.0,0.0,0.1392041715708646
fbc_tfnbs,"e=1.1,h=6.0,n=30,start_thres=1.25,min_cluster_size=3",hub,0.25,50,21,40,1730,25,0,15,1730,0.625,0.0,1.0,0.0,0.1392041715708646
fbc_tfnbs,"e=1.1,h=7.0,n=30,start_thres=1.25,min_cluster_size=3",hub,0.25,50,21,40,1730,25,0,15,1730,0.625,0.0,1.0,0.0,0.1392041715708646
fbc_tfnbs,"e=1.1,h=8.0,n=30,start_thres=1.25,min_cluster_size=3",hub,0.25,50,21,40,1730,25,0,15,1730,0.625,0.0,1.0,0.0,0.1392041715708646
fbc_tfnbs,"e=1.1,h=9.0,n=30,start_thres=1.25,min_cluster_size=3",hub,0.25,50,21,40,1730,25,0,15,1730,0.625,0.0,1.0,0.0,0.1392041715708646
fbc_tfnbs,"e=1.1,h=10.0,n=30,start_thres=1.25,min_cluster_size=3",hub,0.25,50,21,40,1730,25,0,15,1730,0.625,0.0,1.0,0.0,0.1392041715708646
fbc_tfnbs,"e=1.2,h=0.5,n=30,start_thres=1.25,min_cluster_size=3",hub,0.25,50,21,40,1730,8,0,32,1730,0.2,0.0,1.0,0.0,0.1392041715708646
fbc_tfnbs,"e=1.2,h=1.0,n=30,start_thres=1.25,min_cluster_size=3",hub,0.25,50,21,40,1730,9,0,31,1730,0.225,0.0,1.0,0.0,0.1392041715708646
fbc_tfnbs,"e=1.2,h=2.0,n=30,start_thres=1.25,min_cluster_size=3",hub,0.25,50,21,40,1730,12,0,28,1730,0.3,0.0,1.0,0.0,0.1392041715708646
fbc_tfnbs,"e=1.2,h=3.0,n=30,start_thres=1.25,min_cluster_size=3",hub,0.25,50,21,40,1730,16,0,24,1730,0.4,0.0,1.0,0.0,0.1392041715708646
fbc_tfnbs,"e=1.2,h=4.0,n=30,start_thres=1.25,min_cluster_size=3",hub,0.25,50,21,40,1730,19,0,21,1730,0.475,0.0,1.0,0.0,0.1392041715708646
fbc_tfnbs,"e=1.2,h=5.0,n=30,start_thres=1.25,min_cluster_size=3",hub,0.25,50,21,40,1730,20,0,20,1730,0.5,0.0,1.0,0.0,0.1392041715708646
fbc_tfnbs,"e=1.2,h=6.0,n=30,start_thres=1.25,min_cluster_size=3",hub,0.25,50,21,40,1730,25,0,15,1730,0.625,0.0,1.0,0.0,0.1392041715708646
fbc_tfnbs,"e=1.2,h=7.0,n=30,start_thres=1.25,min_cluster_size=3",hub,0.25,50,21,40,1730,25,0,15,1730,0.625,0.0,1.0,0.0,0.1392041715708646
fbc_tfnbs,"e=1.2,h=8.0,n=30,start_thres=1.25,min_cluster_size=3",hub,0.25,50,21,40,1730,25,0,15,1730,0.625,0.0,1.0,0.0,0.1392041715708646
fbc_tfnbs,"e=1.2,h=9.0,n=30,start_thres=1.25,min_cluster_size=3",hub,0.25,50,21,40,1730,25,0,15,1730,0.625,0.0,1.0,0.0,0.1392041715708646
fbc_tfnbs,"e=1.2,h=10.0,n=30,start_thres=1.25,min_cluster_size=3",hub,0.25,50,21,40,1730,25,0,15,1730,0.625,0.0,1.0,0.0,0.1392041715708646
fbc_tfnbs,"e=1.3,h=0.5,n=30,start_thres=1.25,min_cluster_size=3",hub,0.25,50,21,40,1730,8,0,32,1730,0.2,0.0,1.0,0.0,0.1392041715708646
fbc_tfnbs,"e=1.3,h=1.0,n=30,start_thres=1.25,min_cluster_size=3",hub,0.25,50,21,40,1730,8,0,32,1730,0.2,0.0,1.0,0.0,0.1392041715708646
fbc_tfnbs,"e=1.3,h=2.0,n=30,start_thres=1.25,min_cluster_size=3",hub,0.25,50,21,40,1730,9,0,31,1730,0.225,0.0,1.0,0.0,0.1392041715708646
fbc_tfnbs,"e=1.3,h=3.0,n=30,start_thres=1.25,min_cluster_size=3",hub,0.25,50,21,40,1730,14,0,26,1730,0.35,0.0,1.0,0.0,0.1392041715708646
fbc_tfnbs,"e=1.3,h=4.0,n=30,start_thres=1.25,min_cluster_size=3",hub,0.25,50,21,40,1730,19,0,21,1730,0.475,0.0,1.0,0.0,0.1392041715708646
fbc_tfnbs,"e=1.3,h=5.0,n=30,start_thres=1.25,min_cluster_size=3",hub,0.25,50,21,40,1730,20,0,20,1730,0.5,0.0,1.0,0.0,0.1392041715708646
fbc_tfnbs,"e=1.3,h=6.0,n=30,start_thres=1.25,min_cluster_size=3",hub,0.25,50,21,40,1730,21,0,19,1730,0.525,0.0,1.0,0.0,0.1392041715708646
fbc_tfnbs,"e=1.3,h=7.0,n=30,start_thres=1.25,min_cluster_size=3",hub,0.25,50,21,40,1730,25,0,15,1730,0.625,0.0,1.0,0.0,0.1392041715708646
fbc_tfnbs,"e=1.3,h=8.0,n=30,start_thres=1.25,min_cluster_size=3",hub,0.25,50,21,40,1730,25,0,15,1730,0.625,0.0,1.0,0.0,0.1392041715708646
fbc_tfnbs,"e=1.3,h=9.0,n=30,start_thres=1.25,min_cluster_size=3",hub,0.25,50,21,40,1730,25,0,15,1730,0.625,0.0,1.0,0.0,0.1392041715708646
fbc_tfnbs,"e=1.3,h=10.0,n=30,start_thres=1.25,min_cluster_size=3",hub,0.25,50,21,40,1730,25,0,15,1730,0.625,0.0,1.0,0.0,0.1392041715708646
fbc_tfnbs,"e=1.4,h=0.5,n=30,start_thres=1.25,min_cluster_size=3",hub,0.25,50,21,40,1730,6,0,34,1730,0.15,0.0,1.0,0.0,0.1392041715708646
fbc_tfnbs,"e=1.4,h=1.0,n=30,start_thres=1.25,min_cluster_size=3",hub,0.25,50,21,40,1730,8,0,32,1730,0.2,0.0,1.0,0.0,0.1392041715708646
fbc_tfnbs,"e=1.4,h=2.0,n=30,start_thres=1.25,min_cluster_size=3",hub,0.25,50,21,40,1730,9,0,31,1730,0.225,0.0,1.0,0.0,0.1392041715708646
fbc_tfnbs,"e=1.4,h=3.0,n=30,start_thres=1.25,min_cluster_size=3",hub,0.25,50,21,40,1730,12,0,28,1730,0.3,0.0,1.0,0.0,0.1392041715708646
fbc_tfnbs,"e=1.4,h=4.0,n=30,start_thres=1.25,min_cluster_size=3",hub,0.25,50,21,40,1730,16,0,24,1730,0.4,0.0,1.0,0.0,0.1392041715708646
fbc_tfnbs,"e=1.4,h=5.0,n=30,start_thres=1.25,min_cluster_size=3",hub,0.25,50,21,40,1730,19,0,21,1730,0.475,0.0,1.0,0.0,0.1392041715708646
fbc_tfnbs,"e=1.4,h=6.0,n=30,start_thres=1.25,min_cluster_size=3",hub,0.25,50,21,40,1730,21,0,19,1730,0.525,0.0,1.0,0.0,0.1392041715708646
fbc_tfnbs,"e=1.4,h=7.0,n=30,start_thres=1.25,min_cluster_size=3",hub,0.25,50,21,40,1730,25,0,15,1730,0.625,0.0,1.0,0.0,0.1392041715708646
fbc_tfnbs,"e=1.4,h=8.0,n=30,start_thres=1.25,min_cluster_size=3",hub,0.25,50,21,40,1730,25,0,15,1730,0.625,0.0,1.0,0.0,0.1392041715708646
fbc_tfnbs,"e=1.4,h=9.0,n=30,start_thres=1.25,min_cluster_size=3",hub,0.25,50,21,40,1730,25,0,15,1730,0.625,0.0,1.0,0.0,0.1392041715708646
fbc_tfnbs,"e=1.4,h=10.0,n=30,start_thres=1.25,min_cluster_size=3",hub,0.25,50,21,40,1730,25,0,15,1730,0.625,0.0,1.0,0.0,0.1392041715708646
fbc_tfnbs,"e=1.5,h=0.5,n=30,start_thres=1.25,min_cluster_size=3",hub,0.25,50,21,40,1730,0,0,40,1730,0.0,0.0,0.0,0.0,0.1392041715708646
fbc_tfnbs,"e=1.5,h=1.0,n=30,start_thres=1.25,min_cluster_size=3",hub,0.25,50,21,40,1730,8,0,32,1730,0.2,0.0,1.0,0.0,0.1392041715708646
fbc_tfnbs,"e=1.5,h=2.0,n=30,start_thres=1.25,min_cluster_size=3",hub,0.25,50,21,40,1730,9,0,31,1730,0.225,0.0,1.0,0.0,0.1392041715708646
fbc_tfnbs,"e=1.5,h=3.0,n=30,start_thres=1.25,min_cluster_size=3",hub,0.25,50,21,40,1730,9,0,31,1730,0.225,0.0,1.0,0.0,0.1392041715708646
fbc_tfnbs,"e=1.5,h=4.0,n=30,start_thres=1.25,min_cluster_size=3",hub,0.25,50,21,40,1730,15,0,25,1730,0.375,0.0,1.0,0.0,0.1392041715708646
fbc_tfnbs,"e=1.5,h=5.0,n=30,start_thres=1.25,min_cluster_size=3",hub,0.25,50,21,40,1730,19,0,21,1730,0.475,0.0,1.0,0.0,0.1392041715708646
fbc_tfnbs,"e=1.5,h=6.0,n=30,start_thres=1.25,min_cluster_size=3",hub,0.25,50,21,40,1730,20,0,20,1730,0.5,0.0,1.0,0.0,0.1392041715708646
fbc_tfnbs,"e=1.5,h=7.0,n=30,start_thres=1.25,min_cluster_size=3",hub,0.25,50,21,40,1730,25,0,15,1730,0.625,0.0,1.0,0.0,0.1392041715708646
fbc_tfnbs,"e=1.5,h=8.0,n=30,start_thres=1.25,min_cluster_size=3",hub,0.25,50,21,40,1730,25,0,15,1730,0.625,0.0,1.0,0.0,0.1392041715708646
fbc_tfnbs,"e=1.5,h=9.0,n=30,start_thres=1.25,min_cluster_size=3",hub,0.25,50,21,40,1730,25,0,15,1730,0.625,0.0,1.0,0.0,0.1392041715708646
fbc_tfnbs,"e=1.5,h=10.0,n=30,start_thres=1.25,min_cluster_size=3",hub,0.25,50,21,40,1730,25,0,15,1730,0.625,0.0,1.0,0.0,0.1392041715708646
fbc_tfnbs,"e=0.05,h=0.5,n=30,start_thres=1.25,min_cluster_size=3",hub,0.25,50,23,40,1730,27,0,13,1730,0.675,0.0,1.0,0.0,0.1431787501681934
fbc_tfnbs,"e=0.05,h=1.0,n=30,start_thres=1.25,min_cluster_size=3",hub,0.25,50,23,40,1730,27,0,13,1730,0.675,0.0,1.0,0.0,0.1431787501681934
fbc_tfnbs,"e=0.05,h=2.0,n=30,start_thres=1.25,min_cluster_size=3",hub,0.25,50,23,40,1730,27,0,13,1730,0.675,0.0,1.0,0.0,0.1431787501681934
fbc_tfnbs,"e=0.05,h=3.0,n=30,start_thres=1.25,min_cluster_size=3",hub,0.25,50,23,40,1730,27,0,13,1730,0.675,0.0,1.0,0.0,0.1431787501681934
fbc_tfnbs,"e=0.05,h=4.0,n=30,start_thres=1.25,min_cluster_size=3",hub,0.25,50,23,40,1730,27,0,13,1730,0.675,0.0,1.0,0.0,0.1431787501681934
fbc_tfnbs,"e=0.05,h=5.0,n=30,start_thres=1.25,min_cluster_size=3",hub,0.25,50,23,40,1730,27,0,13,1730,0.675,0.0,1.0,0.0,0.1431787501681934
fbc_tfnbs,"e=0.05,h=6.0,n=30,start_thres=1.25,min_cluster_size=3",hub,0.25,50,23,40,1730,27,0,13,1730,0.675,0.0,1.0,0.0,0.1431787501681934
fbc_tfnbs,"e=0.05,h=7.0,n=30,start_thres=1.25,min_cluster_size=3",hub,0.25,50,23,40,1730,27,0,13,1730,0.675,0.0,1.0,0.0,0.1431787501681934
fbc_tfnbs,"e=0.05,h=8.0,n=30,start_thres=1.25,min_cluster_size=3",hub,0.25,50,23,40,1730,27,0,13,1730,0.675,0.0,1.0,0.0,0.1431787501681934
fbc_tfnbs,"e=0.05,h=9.0,n=30,start_thres=1.25,min_cluster_size=3",hub,0.25,50,23,40,1730,27,0,13,1730,0.675,0.0,1.0,0.0,0.1431787501681934
fbc_tfnbs,"e=0.05,h=10.0,n=30,start_thres=1.25,min_cluster_size=3",hub,0.25,50,23,40,1730,27,0,13,1730,0.675,0.0,1.0,0.0,0.1431787501681934
fbc_tfnbs,"e=0.1,h=0.5,n=30,start_thres=1.25,min_cluster_size=3",hub,0.25,50,23,40,1730,27,0,13,1730,0.675,0.0,1.0,0.0,0.1431787501681934
fbc_tfnbs,"e=0.1,h=1.0,n=30,start_thres=1.25,min_cluster_size=3",hub,0.25,50,23,40,1730,27,0,13,1730,0.675,0.0,1.0,0.0,0.1431787501681934
fbc_tfnbs,"e=0.1,h=2.0,n=30,start_thres=1.25,min_cluster_size=3",hub,0.25,50,23,40,1730,27,0,13,1730,0.675,0.0,1.0,0.0,0.1431787501681934
fbc_tfnbs,"e=0.1,h=3.0,n=30,start_thres=1.25,min_cluster_size=3",hub,0.25,50,23,40,1730,27,0,13,1730,0.675,0.0,1.0,0.0,0.1431787501681934
fbc_tfnbs,"e=0.1,h=4.0,n=30,start_thres=1.25,min_cluster_size=3",hub,0.25,50,23,40,1730,27,0,13,1730,0.675,0.0,1.0,0.0,0.1431787501681934
fbc_tfnbs,"e=0.1,h=5.0,n=30,start_thres=1.25,min_cluster_size=3",hub,0.25,50,23,40,1730,27,0,13,1730,0.675,0.0,1.0,0.0,0.1431787501681934
fbc_tfnbs,"e=0.1,h=6.0,n=30,start_thres=1.25,min_cluster_size=3",hub,0.25,50,23,40,1730,27,0,13,1730,0.675,0.0,1.0,0.0,0.1431787501681934
fbc_tfnbs,"e=0.1,h=7.0,n=30,start_thres=1.25,min_cluster_size=3",hub,0.25,50,23,40,1730,27,0,13,1730,0.675,0.0,1.0,0.0,0.1431787501681934
fbc_tfnbs,"e=0.1,h=8.0,n=30,start_thres=1.25,min_cluster_size=3",hub,0.25,50,23,40,1730,27,0,13,1730,0.675,0.0,1.0,0.0,0.1431787501681934
fbc_tfnbs,"e=0.1,h=9.0,n=30,start_thres=1.25,min_cluster_size=3",hub,0.25,50,23,40,1730,27,0,13,1730,0.675,0.0,1.0,0.0,0.1431787501681934
fbc_tfnbs,"e=0.1,h=10.0,n=30,start_thres=1.25,min_cluster_size=3",hub,0.25,50,23,40,1730,27,0,13,1730,0.675,0.0,1.0,0.0,0.1431787501681934
fbc_tfnbs,"e=0.2,h=0.5,n=30,start_thres=1.25,min_cluster_size=3",hub,0.25,50,23,40,1730,28,1,12,1729,0.7,0.0005780346820809,0.9655172413793104,0.0344827586206896,0.1431787501681934
fbc_tfnbs,"e=0.2,h=1.0,n=30,start_thres=1.25,min_cluster_size=3",hub,0.25,50,23,40,1730,28,1,12,1729,0.7,0.0005780346820809,0.9655172413793104,0.0344827586206896,0.1431787501681934
fbc_tfnbs,"e=0.2,h=2.0,n=30,start_thres=1.25,min_cluster_size=3",hub,0.25,50,23,40,1730,28,1,12,1729,0.7,0.0005780346820809,0.9655172413793104,0.0344827586206896,0.1431787501681934
fbc_tfnbs,"e=0.2,h=3.0,n=30,start_thres=1.25,min_cluster_size=3",hub,0.25,50,23,40,1730,28,1,12,1729,0.7,0.0005780346820809,0.9655172413793104,0.0344827586206896,0.1431787501681934
fbc_tfnbs,"e=0.2,h=4.0,n=30,start_thres=1.25,min_cluster_size=3",hub,0.25,50,23,40,1730,28,1,12,1729,0.7,0.0005780346820809,0.9655172413793104,0.0344827586206896,0.1431787501681934
fbc_tfnbs,"e=0.2,h=5.0,n=30,start_thres=1.25,min_cluster_size=3",hub,0.25,50,23,40,1730,28,1,12,1729,0.7,0.0005780346820809,0.9655172413793104,0.0344827586206896,0.1431787501681934
fbc_tfnbs,"e=0.2,h=6.0,n=30,start_thres=1.25,min_cluster_size=3",hub,0.25,50,23,40,1730,27,0,13,1730,0.675,0.0,1.0,0.0,0.1431787501681934
fbc_tfnbs,"e=0.2,h=7.0,n=30,start_thres=1.25,min_cluster_size=3",hub,0.25,50,23,40,1730,27,0,13,1730,0.675,0.0,1.0,0.0,0.1431787501681934
fbc_tfnbs,"e=0.2,h=8.0,n=30,start_thres=1.25,min_cluster_size=3",hub,0.25,50,23,40,1730,27,0,13,1730,0.675,0.0,1.0,0.0,0.1431787501681934
fbc_tfnbs,"e=0.2,h=9.0,n=30,start_thres=1.25,min_cluster_size=3",hub,0.25,50,23,40,1730,27,0,13,1730,0.675,0.0,1.0,0.0,0.1431787501681934
fbc_tfnbs,"e=0.2,h=10.0,n=30,start_thres=1.25,min_cluster_size=3",hub,0.25,50,23,40,1730,27,0,13,1730,0.675,0.0,1.0,0.0,0.1431787501681934
fbc_tfnbs,"e=0.3,h=0.5,n=30,start_thres=1.25,min_cluster_size=3",hub,0.25,50,23,40,1730,28,2,12,1728,0.7,0.0011560693641618,0.9333333333333332,0.0666666666666666,0.1431787501681934
fbc_tfnbs,"e=0.3,h=1.0,n=30,start_thres=1.25,min_cluster_size=3",hub,0.25,50,23,40,1730,28,2,12,1728,0.7,0.0011560693641618,0.9333333333333332,0.0666666666666666,0.1431787501681934
fbc_tfnbs,"e=0.3,h=2.0,n=30,start_thres=1.25,min_cluster_size=3",hub,0.25,50,23,40,1730,28,2,12,1728,0.7,0.0011560693641618,0.9333333333333332,0.0666666666666666,0.1431787501681934
fbc_tfnbs,"e=0.3,h=3.0,n=30,start_thres=1.25,min_cluster_size=3",hub,0.25,50,23,40,1730,28,2,12,1728,0.7,0.0011560693641618,0.9333333333333332,0.0666666666666666,0.1431787501681934
fbc_tfnbs,"e=0.3,h=4.0,n=30,start_thres=1.25,min_cluster_size=3",hub,0.25,50,23,40,1730,28,2,12,1728,0.7,0.0011560693641618,0.9333333333333332,0.0666666666666666,0.1431787501681934
fbc_tfnbs,"e=0.3,h=5.0,n=30,start_thres=1.25,min_cluster_size=3",hub,0.25,50,23,40,1730,28,2,12,1728,0.7,0.0011560693641618,0.9333333333333332,0.0666666666666666,0.1431787501681934
fbc_tfnbs,"e=0.3,h=6.0,n=30,start_thres=1.25,min_cluster_size=3",hub,0.25,50,23,40,1730,28,2,12,1728,0.7,0.0011560693641618,0.9333333333333332,0.0666666666666666,0.1431787501681934
fbc_tfnbs,"e=0.3,h=7.0,n=30,start_thres=1.25,min_cluster_size=3",hub,0.25,50,23,40,1730,28,2,12,1728,0.7,0.0011560693641618,0.9333333333333332,0.0666666666666666,0.1431787501681934
fbc_tfnbs,"e=0.3,h=8.0,n=30,start_thres=1.25,min_cluster_size=3",hub,0.25,50,23,40,1730,28,2,12,1728,0.7,0.0011560693641618,0.9333333333333332,0.0666666666666666,0.1431787501681934
fbc_tfnbs,"e=0.3,h=9.0,n=30,start_thres=1.25,min_cluster_size=3",hub,0.25,50,23,40,1730,28,1,12,1729,0.7,0.0005780346820809,0.9655172413793104,0.0344827586206896,0.1431787501681934
fbc_tfnbs,"e=0.3,h=10.0,n=30,start_thres=1.25,min_cluster_size=3",hub,0.25,50,23,40,1730,27,0,13,1730,0.675,0.0,1.0,0.0,0.1431787501681934
fbc_tfnbs,"e=0.4,h=0.5,n=30,start_thres=1.25,min_cluster_size=3",hub,0.25,50,23,40,1730,28,3,12,1727,0.7,0.0017341040462427,0.9032258064516128,0.0967741935483871,0.1431787501681934
fbc_tfnbs,"e=0.4,h=1.0,n=30,start_thres=1.25,min_cluster_size=3",hub,0.25,50,23,40,1730,28,3,12,1727,0.7,0.0017341040462427,0.9032258064516128,0.0967741935483871,0.1431787501681934
fbc_tfnbs,"e=0.4,h=2.0,n=30,start_thres=1.25,min_cluster_size=3",hub,0.25,50,23,40,1730,28,3,12,1727,0.7,0.0017341040462427,0.9032258064516128,0.0967741935483871,0.1431787501681934
fbc_tfnbs,"e=0.4,h=3.0,n=30,start_thres=1.25,min_cluster_size=3",hub,0.25,50,23,40,1730,28,2,12,1728,0.7,0.0011560693641618,0.9333333333333332,0.0666666666666666,0.1431787501681934
fbc_tfnbs,"e=0.4,h=4.0,n=30,start_thres=1.25,min_cluster_size=3",hub,0.25,50,23,40,1730,28,2,12,1728,0.7,0.0011560693641618,0.9333333333333332,0.0666666666666666,0.1431787501681934
fbc_tfnbs,"e=0.4,h=5.0,n=30,start_thres=1.25,min_cluster_size=3",hub,0.25,50,23,40,1730,28,2,12,1728,0.7,0.0011560693641618,0.9333333333333332,0.0666666666666666,0.1431787501681934
fbc_tfnbs,"e=0.4,h=6.0,n=30,start_thres=1.25,min_cluster_size=3",hub,0.25,50,23,40,1730,28,2,12,1728,0.7,0.0011560693641618,0.9333333333333332,0.0666666666666666,0.1431787501681934
fbc_tfnbs,"e=0.4,h=7.0,n=30,start_thres=1.25,min_cluster_size=3",hub,0.25,50,23,40,1730,28,2,12,1728,0.7,0.0011560693641618,0.9333333333333332,0.0666666666666666,0.1431787501681934
fbc_tfnbs,"e=0.4,h=8.0,n=30,start_thres=1.25,min_cluster_size=3",hub,0.25,50,23,40,1730,28,2,12,1728,0.7,0.0011560693641618,0.9333333333333332,0.0666666666666666,0.1431787501681934
fbc_tfnbs,"e=0.4,h=9.0,n=30,start_thres=1.25,min_cluster_size=3",hub,0.25,50,23,40,1730,28,2,12,1728,0.7,0.0011560693641618,0.9333333333333332,0.0666666666666666,0.1431787501681934
fbc_tfnbs,"e=0.4,h=10.0,n=30,start_thres=1.25,min_cluster_size=3",hub,0.25,50,23,40,1730,28,2,12,1728,0.7,0.0011560693641618,0.9333333333333332,0.0666666666666666,0.1431787501681934
fbc_tfnbs,"e=0.5,h=0.5,n=30,start_thres=1.25,min_cluster_size=3",hub,0.25,50,23,40,1730,28,6,12,1724,0.7,0.0034682080924855,0.8235294117647058,0.1764705882352941,0.1431787501681934
fbc_tfnbs,"e=0.5,h=1.0,n=30,start_thres=1.25,min_cluster_size=3",hub,0.25,50,23,40,1730,28,3,12,1727,0.7,0.0017341040462427,0.9032258064516128,0.0967741935483871,0.1431787501681934
fbc_tfnbs,"e=0.5,h=2.0,n=30,start_thres=1.25,min_cluster_size=3",hub,0.25,50,23,40,1730,28,3,12,1727,0.7,0.0017341040462427,0.9032258064516128,0.0967741935483871,0.1431787501681934
fbc_tfnbs,"e=0.5,h=3.0,n=30,start_thres=1.25,min_cluster_size=3",hub,0.25,50,23,40,1730,28,3,12,1727,0.7,0.0017341040462427,0.9032258064516128,0.0967741935483871,0.1431787501681934
fbc_tfnbs,"e=0.5,h=4.0,n=30,start_thres=1.25,min_cluster_size=3",hub,0.25,50,23,40,1730,28,3,12,1727,0.7,0.0017341040462427,0.9032258064516128,0.0967741935483871,0.1431787501681934
fbc_tfnbs,"e=0.5,h=5.0,n=30,start_thres=1.25,min_cluster_size=3",hub,0.25,50,23,40,1730,28,2,12,1728,0.7,0.0011560693641618,0.9333333333333332,0.0666666666666666,0.1431787501681934
fbc_tfnbs,"e=0.5,h=6.0,n=30,start_thres=1.25,min_cluster_size=3",hub,0.25,50,23,40,1730,28,2,12,1728,0.7,0.0011560693641618,0.9333333333333332,0.0666666666666666,0.1431787501681934
fbc_tfnbs,"e=0.5,h=7.0,n=30,start_thres=1.25,min_cluster_size=3",hub,0.25,50,23,40,1730,28,2,12,1728,0.7,0.0011560693641618,0.9333333333333332,0.0666666666666666,0.1431787501681934
fbc_tfnbs,"e=0.5,h=8.0,n=30,start_thres=1.25,min_cluster_size=3",hub,0.25,50,23,40,1730,28,2,12,1728,0.7,0.0011560693641618,0.9333333333333332,0.0666666666666666,0.1431787501681934
fbc_tfnbs,"e=0.5,h=9.0,n=30,start_thres=1.25,min_cluster_size=3",hub,0.25,50,23,40,1730,28,2,12,1728,0.7,0.0011560693641618,0.9333333333333332,0.0666666666666666,0.1431787501681934
fbc_tfnbs,"e=0.5,h=10.0,n=30,start_thres=1.25,min_cluster_size=3",hub,0.25,50,23,40,1730,28,2,12,1728,0.7,0.0011560693641618,0.9333333333333332,0.0666666666666666,0.1431787501681934
fbc_tfnbs,"e=0.6,h=0.5,n=30,start_thres=1.25,min_cluster_size=3",hub,0.25,50,23,40,1730,28,6,12,1724,0.7,0.0034682080924855,0.8235294117647058,0.1764705882352941,0.1431787501681934
fbc_tfnbs,"e=0.6,h=1.0,n=30,start_thres=1.25,min_cluster_size=3",hub,0.25,50,23,40,1730,28,6,12,1724,0.7,0.0034682080924855,0.8235294117647058,0.1764705882352941,0.1431787501681934
fbc_tfnbs,"e=0.6,h=2.0,n=30,start_thres=1.25,min_cluster_size=3",hub,0.25,50,23,40,1730,28,6,12,1724,0.7,0.0034682080924855,0.8235294117647058,0.1764705882352941,0.1431787501681934
fbc_tfnbs,"e=0.6,h=3.0,n=30,start_thres=1.25,min_cluster_size=3",hub,0.25,50,23,40,1730,28,3,12,1727,0.7,0.0017341040462427,0.9032258064516128,0.0967741935483871,0.1431787501681934
fbc_tfnbs,"e=0.6,h=4.0,n=30,start_thres=1.25,min_cluster_size=3",hub,0.25,50,23,40,1730,28,3,12,1727,0.7,0.0017341040462427,0.9032258064516128,0.0967741935483871,0.1431787501681934
fbc_tfnbs,"e=0.6,h=5.0,n=30,start_thres=1.25,min_cluster_size=3",hub,0.25,50,23,40,1730,28,3,12,1727,0.7,0.0017341040462427,0.9032258064516128,0.0967741935483871,0.1431787501681934
fbc_tfnbs,"e=0.6,h=6.0,n=30,start_thres=1.25,min_cluster_size=3",hub,0.25,50,23,40,1730,28,3,12,1727,0.7,0.0017341040462427,0.9032258064516128,0.0967741935483871,0.1431787501681934
fbc_tfnbs,"e=0.6,h=7.0,n=30,start_thres=1.25,min_cluster_size=3",hub,0.25,50,23,40,1730,28,2,12,1728,0.7,0.0011560693641618,0.9333333333333332,0.0666666666666666,0.1431787501681934
fbc_tfnbs,"e=0.6,h=8.0,n=30,start_thres=1.25,min_cluster_size=3",hub,0.25,50,23,40,1730,28,2,12,1728,0.7,0.0011560693641618,0.9333333333333332,0.0666666666666666,0.1431787501681934
fbc_tfnbs,"e=0.6,h=9.0,n=30,start_thres=1.25,min_cluster_size=3",hub,0.25,50,23,40,1730,28,2,12,1728,0.7,0.0011560693641618,0.9333333333333332,0.0666666666666666,0.1431787501681934
fbc_tfnbs,"e=0.6,h=10.0,n=30,start_thres=1.25,min_cluster_size=3",hub,0.25,50,23,40,1730,28,2,12,1728,0.7,0.0011560693641618,0.9333333333333332,0.0666666666666666,0.1431787501681934
fbc_tfnbs,"e=0.7,h=0.5,n=30,start_thres=1.25,min_cluster_size=3",hub,0.25,50,23,40,1730,28,7,12,1723,0.7,0.0040462427745664,0.8,0.2,0.1431787501681934
fbc_tfnbs,"e=0.7,h=1.0,n=30,start_thres=1.25,min_cluster_size=3",hub,0.25,50,23,40,1730,28,6,12,1724,0.7,0.0034682080924855,0.8235294117647058,0.1764705882352941,0.1431787501681934
fbc_tfnbs,"e=0.7,h=2.0,n=30,start_thres=1.25,min_cluster_size=3",hub,0.25,50,23,40,1730,28,6,12,1724,0.7,0.0034682080924855,0.8235294117647058,0.1764705882352941,0.1431787501681934
fbc_tfnbs,"e=0.7,h=3.0,n=30,start_thres=1.25,min_cluster_size=3",hub,0.25,50,23,40,1730,28,6,12,1724,0.7,0.0034682080924855,0.8235294117647058,0.1764705882352941,0.1431787501681934
fbc_tfnbs,"e=0.7,h=4.0,n=30,start_thres=1.25,min_cluster_size=3",hub,0.25,50,23,40,1730,28,3,12,1727,0.7,0.0017341040462427,0.9032258064516128,0.0967741935483871,0.1431787501681934
fbc_tfnbs,"e=0.7,h=5.0,n=30,start_thres=1.25,min_cluster_size=3",hub,0.25,50,23,40,1730,28,3,12,1727,0.7,0.0017341040462427,0.9032258064516128,0.0967741935483871,0.1431787501681934
fbc_tfnbs,"e=0.7,h=6.0,n=30,start_thres=1.25,min_cluster_size=3",hub,0.25,50,23,40,1730,28,3,12,1727,0.7,0.0017341040462427,0.9032258064516128,0.0967741935483871,0.1431787501681934
fbc_tfnbs,"e=0.7,h=7.0,n=30,start_thres=1.25,min_cluster_size=3",hub,0.25,50,23,40,1730,28,3,12,1727,0.7,0.0017341040462427,0.9032258064516128,0.0967741935483871,0.1431787501681934
fbc_tfnbs,"e=0.7,h=8.0,n=30,start_thres=1.25,min_cluster_size=3",hub,0.25,50,23,40,1730,28,2,12,1728,0.7,0.0011560693641618,0.9333333333333332,0.0666666666666666,0.1431787501681934
fbc_tfnbs,"e=0.7,h=9.0,n=30,start_thres=1.25,min_cluster_size=3",hub,0.25,50,23,40,1730,28,2,12,1728,0.7,0.0011560693641618,0.9333333333333332,0.0666666666666666,0.1431787501681934
fbc_tfnbs,"e=0.7,h=10.0,n=30,start_thres=1.25,min_cluster_size=3",hub,0.25,50,23,40,1730,28,2,12,1728,0.7,0.0011560693641618,0.9333333333333332,0.0666666666666666,0.1431787501681934
fbc_tfnbs,"e=0.8,h=0.5,n=30,start_thres=1.25,min_cluster_size=3",hub,0.25,50,23,40,1730,28,7,12,1723,0.7,0.0040462427745664,0.8,0.2,0.1431787501681934
fbc_tfnbs,"e=0.8,h=1.0,n=30,start_thres=1.25,min_cluster_size=3",hub,0.25,50,23,40,1730,28,7,12,1723,0.7,0.0040462427745664,0.8,0.2,0.1431787501681934
fbc_tfnbs,"e=0.8,h=2.0,n=30,start_thres=1.25,min_cluster_size=3",hub,0.25,50,23,40,1730,30,7,10,1723,0.75,0.0040462427745664,0.8108108108108109,0.1891891891891892,0.1431787501681934
fbc_tfnbs,"e=0.8,h=3.0,n=30,start_thres=1.25,min_cluster_size=3",hub,0.25,50,23,40,1730,30,6,10,1724,0.75,0.0034682080924855,0.8333333333333334,0.1666666666666666,0.1431787501681934
fbc_tfnbs,"e=0.8,h=4.0,n=30,start_thres=1.25,min_cluster_size=3",hub,0.25,50,23,40,1730,30,6,10,1724,0.75,0.0034682080924855,0.8333333333333334,0.1666666666666666,0.1431787501681934
fbc_tfnbs,"e=0.8,h=5.0,n=30,start_thres=1.25,min_cluster_size=3",hub,0.25,50,23,40,1730,30,3,10,1727,0.75,0.0017341040462427,0.9090909090909092,0.0909090909090909,0.1431787501681934
fbc_tfnbs,"e=0.8,h=6.0,n=30,start_thres=1.25,min_cluster_size=3",hub,0.25,50,23,40,1730,30,3,10,1727,0.75,0.0017341040462427,0.9090909090909092,0.0909090909090909,0.1431787501681934
fbc_tfnbs,"e=0.8,h=7.0,n=30,start_thres=1.25,min_cluster_size=3",hub,0.25,50,23,40,1730,28,3,12,1727,0.7,0.0017341040462427,0.9032258064516128,0.0967741935483871,0.1431787501681934
fbc_tfnbs,"e=0.8,h=8.0,n=30,start_thres=1.25,min_cluster_size=3",hub,0.25,50,23,40,1730,28,3,12,1727,0.7,0.0017341040462427,0.9032258064516128,0.0967741935483871,0.1431787501681934
fbc_tfnbs,"e=0.8,h=9.0,n=30,start_thres=1.25,min_cluster_size=3",hub,0.25,50,23,40,1730,28,3,12,1727,0.7,0.0017341040462427,0.9032258064516128,0.0967741935483871,0.1431787501681934
fbc_tfnbs,"e=0.8,h=10.0,n=30,start_thres=1.25,min_cluster_size=3",hub,0.25,50,23,40,1730,28,2,12,1728,0.7,0.0011560693641618,0.9333333333333332,0.0666666666666666,0.1431787501681934
fbc_tfnbs,"e=0.9,h=0.5,n=30,start_thres=1.25,min_cluster_size=3",hub,0.25,50,23,40,1730,28,9,12,1721,0.7,0.0052023121387283,0.7567567567567568,0.2432432432432432,0.1431787501681934
fbc_tfnbs,"e=0.9,h=1.0,n=30,start_thres=1.25,min_cluster_size=3",hub,0.25,50,23,40,1730,28,7,12,1723,0.7,0.0040462427745664,0.8,0.2,0.1431787501681934
fbc_tfnbs,"e=0.9,h=2.0,n=30,start_thres=1.25,min_cluster_size=3",hub,0.25,50,23,40,1730,28,7,12,1723,0.7,0.0040462427745664,0.8,0.2,0.1431787501681934
fbc_tfnbs,"e=0.9,h=3.0,n=30,start_thres=1.25,min_cluster_size=3",hub,0.25,50,23,40,1730,30,7,10,1723,0.75,0.0040462427745664,0.8108108108108109,0.1891891891891892,0.1431787501681934
fbc_tfnbs,"e=0.9,h=4.0,n=30,start_thres=1.25,min_cluster_size=3",hub,0.25,50,23,40,1730,30,6,10,1724,0.75,0.0034682080924855,0.8333333333333334,0.1666666666666666,0.1431787501681934
fbc_tfnbs,"e=0.9,h=5.0,n=30,start_thres=1.25,min_cluster_size=3",hub,0.25,50,23,40,1730,30,6,10,1724,0.75,0.0034682080924855,0.8333333333333334,0.1666666666666666,0.1431787501681934
fbc_tfnbs,"e=0.9,h=6.0,n=30,start_thres=1.25,min_cluster_size=3",hub,0.25,50,23,40,1730,30,3,10,1727,0.75,0.0017341040462427,0.9090909090909092,0.0909090909090909,0.1431787501681934
fbc_tfnbs,"e=0.9,h=7.0,n=30,start_thres=1.25,min_cluster_size=3",hub,0.25,50,23,40,1730,30,3,10,1727,0.75,0.0017341040462427,0.9090909090909092,0.0909090909090909,0.1431787501681934
fbc_tfnbs,"e=0.9,h=8.0,n=30,start_thres=1.25,min_cluster_size=3",hub,0.25,50,23,40,1730,30,3,10,1727,0.75,0.0017341040462427,0.9090909090909092,0.0909090909090909,0.1431787501681934
fbc_tfnbs,"e=0.9,h=9.0,n=30,start_thres=1.25,min_cluster_size=3",hub,0.25,50,23,40,1730,28,3,12,1727,0.7,0.0017341040462427,0.9032258064516128,0.0967741935483871,0.1431787501681934
fbc_tfnbs,"e=0.9,h=10.0,n=30,start_thres=1.25,min_cluster_size=3",hub,0.25,50,23,40,1730,28,3,12,1727,0.7,0.0017341040462427,0.9032258064516128,0.0967741935483871,0.1431787501681934
fbc_tfnbs,"e=1.0,h=0.5,n=30,start_thres=1.25,min_cluster_size=3",hub,0.25,50,23,40,1730,28,8,12,1722,0.7,0.0046242774566473,0.7777777777777778,0.2222222222222222,0.1431787501681934
fbc_tfnbs,"e=1.0,h=1.0,n=30,start_thres=1.25,min_cluster_size=3",hub,0.25,50,23,40,1730,28,9,12,1721,0.7,0.0052023121387283,0.7567567567567568,0.2432432432432432,0.1431787501681934
fbc_tfnbs,"e=1.0,h=2.0,n=30,start_thres=1.25,min_cluster_size=3",hub,0.25,50,23,40,1730,28,7,12,1723,0.7,0.0040462427745664,0.8,0.2,0.1431787501681934
fbc_tfnbs,"e=1.0,h=3.0,n=30,start_thres=1.25,min_cluster_size=3",hub,0.25,50,23,40,1730,30,7,10,1723,0.75,0.0040462427745664,0.8108108108108109,0.1891891891891892,0.1431787501681934
fbc_tfnbs,"e=1.0,h=4.0,n=30,start_thres=1.25,min_cluster_size=3",hub,0.25,50,23,40,1730,30,7,10,1723,0.75,0.0040462427745664,0.8108108108108109,0.1891891891891892,0.1431787501681934
fbc_tfnbs,"e=1.0,h=5.0,n=30,start_thres=1.25,min_cluster_size=3",hub,0.25,50,23,40,1730,30,6,10,1724,0.75,0.0034682080924855,0.8333333333333334,0.1666666666666666,0.1431787501681934
fbc_tfnbs,"e=1.0,h=6.0,n=30,start_thres=1.25,min_cluster_size=3",hub,0.25,50,23,40,1730,30,6,10,1724,0.75,0.0034682080924855,0.8333333333333334,0.1666666666666666,0.1431787501681934
fbc_tfnbs,"e=1.0,h=7.0,n=30,start_thres=1.25,min_cluster_size=3",hub,0.25,50,23,40,1730,30,6,10,1724,0.75,0.0034682080924855,0.8333333333333334,0.1666666666666666,0.1431787501681934
fbc_tfnbs,"e=1.0,h=8.0,n=30,start_thres=1.25,min_cluster_size=3",hub,0.25,50,23,40,1730,30,3,10,1727,0.75,0.0017341040462427,0.9090909090909092,0.0909090909090909,0.1431787501681934
fbc_tfnbs,"e=1.0,h=9.0,n=30,start_thres=1.25,min_cluster_size=3",hub,0.25,50,23,40,1730,30,3,10,1727,0.75,0.0017341040462427,0.9090909090909092,0.0909090909090909,0.1431787501681934
fbc_tfnbs,"e=1.0,h=10.0,n=30,start_thres=1.25,min_cluster_size=3",hub,0.25,50,23,40,1730,30,3,10,1727,0.75,0.0017341040462427,0.9090909090909092,0.0909090909090909,0.1431787501681934
fbc_tfnbs,"e=1.1,h=0.5,n=30,start_thres=1.25,min_cluster_size=3",hub,0.25,50,23,40,1730,24,8,16,1722,0.6,0.0046242774566473,0.75,0.25,0.1431787501681934
fbc_tfnbs,"e=1.1,h=1.0,n=30,start_thres=1.25,min_cluster_size=3",hub,0.25,50,23,40,1730,28,9,12,1721,0.7,0.0052023121387283,0.7567567567567568,0.2432432432432432,0.1431787501681934
fbc_tfnbs,"e=1.1,h=2.0,n=30,start_thres=1.25,min_cluster_size=3",hub,0.25,50,23,40,1730,28,9,12,1721,0.7,0.0052023121387283,0.7567567567567568,0.2432432432432432,0.1431787501681934
fbc_tfnbs,"e=1.1,h=3.0,n=30,start_thres=1.25,min_cluster_size=3",hub,0.25,50,23,40,1730,33,7,7,1723,0.825,0.0040462427745664,0.825,0.175,0.1431787501681934
fbc_tfnbs,"e=1.1,h=4.0,n=30,start_thres=1.25,min_cluster_size=3",hub,0.25,50,23,40,1730,33,7,7,1723,0.825,0.0040462427745664,0.825,0.175,0.1431787501681934
fbc_tfnbs,"e=1.1,h=5.0,n=30,start_thres=1.25,min_cluster_size=3",hub,0.25,50,23,40,1730,33,7,7,1723,0.825,0.0040462427745664,0.825,0.175,0.1431787501681934
fbc_tfnbs,"e=1.1,h=6.0,n=30,start_thres=1.25,min_cluster_size=3",hub,0.25,50,23,40,1730,30,6,10,1724,0.75,0.0034682080924855,0.8333333333333334,0.1666666666666666,0.1431787501681934
fbc_tfnbs,"e=1.1,h=7.0,n=30,start_thres=1.25,min_cluster_size=3",hub,0.25,50,23,40,1730,30,6,10,1724,0.75,0.0034682080924855,0.8333333333333334,0.1666666666666666,0.1431787501681934
fbc_tfnbs,"e=1.1,h=8.0,n=30,start_thres=1.25,min_cluster_size=3",hub,0.25,50,23,40,1730,30,6,10,1724,0.75,0.0034682080924855,0.8333333333333334,0.1666666666666666,0.1431787501681934
fbc_tfnbs,"e=1.1,h=9.0,n=30,start_thres=1.25,min_cluster_size=3",hub,0.25,50,23,40,1730,30,3,10,1727,0.75,0.0017341040462427,0.9090909090909092,0.0909090909090909,0.1431787501681934
fbc_tfnbs,"e=1.1,h=10.0,n=30,start_thres=1.25,min_cluster_size=3",hub,0.25,50,23,40,1730,30,3,10,1727,0.75,0.0017341040462427,0.9090909090909092,0.0909090909090909,0.1431787501681934
fbc_tfnbs,"e=1.2,h=0.5,n=30,start_thres=1.25,min_cluster_size=3",hub,0.25,50,23,40,1730,21,13,19,1717,0.525,0.007514450867052,0.6176470588235294,0.3823529411764705,0.1431787501681934
fbc_tfnbs,"e=1.2,h=1.0,n=30,start_thres=1.25,min_cluster_size=3",hub,0.25,50,23,40,1730,27,8,13,1722,0.675,0.0046242774566473,0.7714285714285715,0.2285714285714285,0.1431787501681934
fbc_tfnbs,"e=1.2,h=2.0,n=30,start_thres=1.25,min_cluster_size=3",hub,0.25,50,23,40,1730,28,9,12,1721,0.7,0.0052023121387283,0.7567567567567568,0.2432432432432432,0.1431787501681934
fbc_tfnbs,"e=1.2,h=3.0,n=30,start_thres=1.25,min_cluster_size=3",hub,0.25,50,23,40,1730,33,9,7,1721,0.825,0.0052023121387283,0.7857142857142857,0.2142857142857142,0.1431787501681934
fbc_tfnbs,"e=1.2,h=4.0,n=30,start_thres=1.25,min_cluster_size=3",hub,0.25,50,23,40,1730,33,7,7,1723,0.825,0.0040462427745664,0.825,0.175,0.1431787501681934
fbc_tfnbs,"e=1.2,h=5.0,n=30,start_thres=1.25,min_cluster_size=3",hub,0.25,50,23,40,1730,33,7,7,1723,0.825,0.0040462427745664,0.825,0.175,0.1431787501681934
fbc_tfnbs,"e=1.2,h=6.0,n=30,start_thres=1.25,min_cluster_size=3",hub,0.25,50,23,40,1730,30,6,10,1724,0.75,0.0034682080924855,0.8333333333333334,0.1666666666666666,0.1431787501681934
fbc_tfnbs,"e=1.2,h=7.0,n=30,start_thres=1.25,min_cluster_size=3",hub,0.25,50,23,40,1730,30,6,10,1724,0.75,0.0034682080924855,0.8333333333333334,0.1666666666666666,0.1431787501681934
fbc_tfnbs,"e=1.2,h=8.0,n=30,start_thres=1.25,min_cluster_size=3",hub,0.25,50,23,40,1730,30,6,10,1724,0.75,0.0034682080924855,0.8333333333333334,0.1666666666666666,0.1431787501681934
fbc_tfnbs,"e=1.2,h=9.0,n=30,start_thres=1.25,min_cluster_size=3",hub,0.25,50,23,40,1730,30,6,10,1724,0.75,0.0034682080924855,0.8333333333333334,0.1666666666666666,0.1431787501681934
fbc_tfnbs,"e=1.2,h=10.0,n=30,start_thres=1.25,min_cluster_size=3",hub,0.25,50,23,40,1730,30,3,10,1727,0.75,0.0017341040462427,0.9090909090909092,0.0909090909090909,0.1431787501681934
fbc_tfnbs,"e=1.3,h=0.5,n=30,start_thres=1.25,min_cluster_size=3",hub,0.25,50,23,40,1730,19,13,21,1717,0.475,0.007514450867052,0.59375,0.40625,0.1431787501681934
fbc_tfnbs,"e=1.3,h=1.0,n=30,start_thres=1.25,min_cluster_size=3",hub,0.25,50,23,40,1730,21,13,19,1717,0.525,0.007514450867052,0.6176470588235294,0.3823529411764705,0.1431787501681934
fbc_tfnbs,"e=1.3,h=2.0,n=30,start_thres=1.25,min_cluster_size=3",hub,0.25,50,23,40,1730,28,9,12,1721,0.7,0.0052023121387283,0.7567567567567568,0.2432432432432432,0.1431787501681934
fbc_tfnbs,"e=1.3,h=3.0,n=30,start_thres=1.25,min_cluster_size=3",hub,0.25,50,23,40,1730,33,9,7,1721,0.825,0.0052023121387283,0.7857142857142857,0.2142857142857142,0.1431787501681934
fbc_tfnbs,"e=1.3,h=4.0,n=30,start_thres=1.25,min_cluster_size=3",hub,0.25,50,23,40,1730,33,9,7,1721,0.825,0.0052023121387283,0.7857142857142857,0.2142857142857142,0.1431787501681934
fbc_tfnbs,"e=1.3,h=5.0,n=30,start_thres=1.25,min_cluster_size=3",hub,0.25,50,23,40,1730,33,7,7,1723,0.825,0.0040462427745664,0.825,0.175,0.1431787501681934
fbc_tfnbs,"e=1.3,h=6.0,n=30,start_thres=1.25,min_cluster_size=3",hub,0.25,50,23,40,1730,33,7,7,1723,0.825,0.0040462427745664,0.825,0.175,0.1431787501681934
fbc_tfnbs,"e=1.3,h=7.0,n=30,start_thres=1.25,min_cluster_size=3",hub,0.25,50,23,40,1730,30,6,10,1724,0.75,0.0034682080924855,0.8333333333333334,0.1666666666666666,0.1431787501681934
fbc_tfnbs,"e=1.3,h=8.0,n=30,start_thres=1.25,min_cluster_size=3",hub,0.25,50,23,40,1730,30,6,10,1724,0.75,0.0034682080924855,0.8333333333333334,0.1666666666666666,0.1431787501681934
fbc_tfnbs,"e=1.3,h=9.0,n=30,start_thres=1.25,min_cluster_size=3",hub,0.25,50,23,40,1730,30,6,10,1724,0.75,0.0034682080924855,0.8333333333333334,0.1666666666666666,0.1431787501681934
fbc_tfnbs,"e=1.3,h=10.0,n=30,start_thres=1.25,min_cluster_size=3",hub,0.25,50,23,40,1730,30,6,10,1724,0.75,0.0034682080924855,0.8333333333333334,0.1666666666666666,0.1431787501681934
fbc_tfnbs,"e=1.4,h=0.5,n=30,start_thres=1.25,min_cluster_size=3",hub,0.25,50,23,40,1730,19,13,21,1717,0.475,0.007514450867052,0.59375,0.40625,0.1431787501681934
fbc_tfnbs,"e=1.4,h=1.0,n=30,start_thres=1.25,min_cluster_size=3",hub,0.25,50,23,40,1730,20,13,20,1717,0.5,0.007514450867052,0.6060606060606061,0.3939393939393939,0.1431787501681934
fbc_tfnbs,"e=1.4,h=2.0,n=30,start_thres=1.25,min_cluster_size=3",hub,0.25,50,23,40,1730,28,14,12,1716,0.7,0.0080924855491329,0.6666666666666666,0.3333333333333333,0.1431787501681934
fbc_tfnbs,"e=1.4,h=3.0,n=30,start_thres=1.25,min_cluster_size=3",hub,0.25,50,23,40,1730,33,9,7,1721,0.825,0.0052023121387283,0.7857142857142857,0.2142857142857142,0.1431787501681934
fbc_tfnbs,"e=1.4,h=4.0,n=30,start_thres=1.25,min_cluster_size=3",hub,0.25,50,23,40,1730,33,9,7,1721,0.825,0.0052023121387283,0.7857142857142857,0.2142857142857142,0.1431787501681934
fbc_tfnbs,"e=1.4,h=5.0,n=30,start_thres=1.25,min_cluster_size=3",hub,0.25,50,23,40,1730,33,9,7,1721,0.825,0.0052023121387283,0.7857142857142857,0.2142857142857142,0.1431787501681934
fbc_tfnbs,"e=1.4,h=6.0,n=30,start_thres=1.25,min_cluster_size=3",hub,0.25,50,23,40,1730,33,7,7,1723,0.825,0.0040462427745664,0.825,0.175,0.1431787501681934
fbc_tfnbs,"e=1.4,h=7.0,n=30,start_thres=1.25,min_cluster_size=3",hub,0.25,50,23,40,1730,33,7,7,1723,0.825,0.0040462427745664,0.825,0.175,0.1431787501681934
fbc_tfnbs,"e=1.4,h=8.0,n=30,start_thres=1.25,min_cluster_size=3",hub,0.25,50,23,40,1730,30,6,10,1724,0.75,0.0034682080924855,0.8333333333333334,0.1666666666666666,0.1431787501681934
fbc_tfnbs,"e=1.4,h=9.0,n=30,start_thres=1.25,min_cluster_size=3",hub,0.25,50,23,40,1730,30,6,10,1724,0.75,0.0034682080924855,0.8333333333333334,0.1666666666666666,0.1431787501681934
fbc_tfnbs,"e=1.4,h=10.0,n=30,start_thres=1.25,min_cluster_size=3",hub,0.25,50,23,40,1730,30,6,10,1724,0.75,0.0034682080924855,0.8333333333333334,0.1666666666666666,0.1431787501681934
fbc_tfnbs,"e=1.5,h=0.5,n=30,start_thres=1.25,min_cluster_size=3",hub,0.25,50,23,40,1730,13,13,27,1717,0.325,0.007514450867052,0.5,0.5,0.1431787501681934
fbc_tfnbs,"e=1.5,h=1.0,n=30,start_thres=1.25,min_cluster_size=3",hub,0.25,50,23,40,1730,19,13,21,1717,0.475,0.007514450867052,0.59375,0.40625,0.1431787501681934
fbc_tfnbs,"e=1.5,h=2.0,n=30,start_thres=1.25,min_cluster_size=3",hub,0.25,50,23,40,1730,27,13,13,1717,0.675,0.007514450867052,0.675,0.325,0.1431787501681934
fbc_tfnbs,"e=1.5,h=3.0,n=30,start_thres=1.25,min_cluster_size=3",hub,0.25,50,23,40,1730,31,14,9,1716,0.775,0.0080924855491329,0.6888888888888889,0.3111111111111111,0.1431787501681934
fbc_tfnbs,"e=1.5,h=4.0,n=30,start_thres=1.25,min_cluster_size=3",hub,0.25,50,23,40,1730,33,9,7,1721,0.825,0.0052023121387283,0.7857142857142857,0.2142857142857142,0.1431787501681934
fbc_tfnbs,"e=1.5,h=5.0,n=30,start_thres=1.25,min_cluster_size=3",hub,0.25,50,23,40,1730,33,9,7,1721,0.825,0.0052023121387283,0.7857142857142857,0.2142857142857142,0.1431787501681934
fbc_tfnbs,"e=1.5,h=6.0,n=30,start_thres=1.25,min_cluster_size=3",hub,0.25,50,23,40,1730,33,7,7,1723,0.825,0.0040462427745664,0.825,0.175,0.1431787501681934
fbc_tfnbs,"e=1.5,h=7.0,n=30,start_thres=1.25,min_cluster_size=3",hub,0.25,50,23,40,1730,33,7,7,1723,0.825,0.0040462427745664,0.825,0.175,0.1431787501681934
fbc_tfnbs,"e=1.5,h=8.0,n=30,start_thres=1.25,min_cluster_size=3",hub,0.25,50,23,40,1730,33,7,7,1723,0.825,0.0040462427745664,0.825,0.175,0.1431787501681934
fbc_tfnbs,"e=1.5,h=9.0,n=30,start_thres=1.25,min_cluster_size=3",hub,0.25,50,23,40,1730,30,6,10,1724,0.75,0.0034682080924855,0.8333333333333334,0.1666666666666666,0.1431787501681934
fbc_tfnbs,"e=1.5,h=10.0,n=30,start_thres=1.25,min_cluster_size=3",hub,0.25,50,23,40,1730,30,6,10,1724,0.75,0.0034682080924855,0.8333333333333334,0.1666666666666666,0.1431787501681934
fbc_tfnbs,"e=0.05,h=0.5,n=30,start_thres=1.25,min_cluster_size=3",hub,0.25,50,22,40,1730,3,0,37,1730,0.075,0.0,1.0,0.0,0.1449414789676666
fbc_tfnbs,"e=0.05,h=1.0,n=30,start_thres=1.25,min_cluster_size=3",hub,0.25,50,22,40,1730,3,0,37,1730,0.075,0.0,1.0,0.0,0.1449414789676666
fbc_tfnbs,"e=0.05,h=2.0,n=30,start_thres=1.25,min_cluster_size=3",hub,0.25,50,22,40,1730,3,0,37,1730,0.075,0.0,1.0,0.0,0.1449414789676666
fbc_tfnbs,"e=0.05,h=3.0,n=30,start_thres=1.25,min_cluster_size=3",hub,0.25,50,22,40,1730,3,0,37,1730,0.075,0.0,1.0,0.0,0.1449414789676666
fbc_tfnbs,"e=0.05,h=4.0,n=30,start_thres=1.25,min_cluster_size=3",hub,0.25,50,22,40,1730,3,0,37,1730,0.075,0.0,1.0,0.0,0.1449414789676666
fbc_tfnbs,"e=0.05,h=5.0,n=30,start_thres=1.25,min_cluster_size=3",hub,0.25,50,22,40,1730,3,0,37,1730,0.075,0.0,1.0,0.0,0.1449414789676666
fbc_tfnbs,"e=0.05,h=6.0,n=30,start_thres=1.25,min_cluster_size=3",hub,0.25,50,22,40,1730,3,0,37,1730,0.075,0.0,1.0,0.0,0.1449414789676666
fbc_tfnbs,"e=0.05,h=7.0,n=30,start_thres=1.25,min_cluster_size=3",hub,0.25,50,22,40,1730,3,0,37,1730,0.075,0.0,1.0,0.0,0.1449414789676666
fbc_tfnbs,"e=0.05,h=8.0,n=30,start_thres=1.25,min_cluster_size=3",hub,0.25,50,22,40,1730,3,0,37,1730,0.075,0.0,1.0,0.0,0.1449414789676666
fbc_tfnbs,"e=0.05,h=9.0,n=30,start_thres=1.25,min_cluster_size=3",hub,0.25,50,22,40,1730,3,0,37,1730,0.075,0.0,1.0,0.0,0.1449414789676666
fbc_tfnbs,"e=0.05,h=10.0,n=30,start_thres=1.25,min_cluster_size=3",hub,0.25,50,22,40,1730,3,0,37,1730,0.075,0.0,1.0,0.0,0.1449414789676666
fbc_tfnbs,"e=0.1,h=0.5,n=30,start_thres=1.25,min_cluster_size=3",hub,0.25,50,22,40,1730,3,0,37,1730,0.075,0.0,1.0,0.0,0.1449414789676666
fbc_tfnbs,"e=0.1,h=1.0,n=30,start_thres=1.25,min_cluster_size=3",hub,0.25,50,22,40,1730,3,0,37,1730,0.075,0.0,1.0,0.0,0.1449414789676666
fbc_tfnbs,"e=0.1,h=2.0,n=30,start_thres=1.25,min_cluster_size=3",hub,0.25,50,22,40,1730,3,0,37,1730,0.075,0.0,1.0,0.0,0.1449414789676666
fbc_tfnbs,"e=0.1,h=3.0,n=30,start_thres=1.25,min_cluster_size=3",hub,0.25,50,22,40,1730,3,0,37,1730,0.075,0.0,1.0,0.0,0.1449414789676666
fbc_tfnbs,"e=0.1,h=4.0,n=30,start_thres=1.25,min_cluster_size=3",hub,0.25,50,22,40,1730,3,0,37,1730,0.075,0.0,1.0,0.0,0.1449414789676666
fbc_tfnbs,"e=0.1,h=5.0,n=30,start_thres=1.25,min_cluster_size=3",hub,0.25,50,22,40,1730,3,0,37,1730,0.075,0.0,1.0,0.0,0.1449414789676666
fbc_tfnbs,"e=0.1,h=6.0,n=30,start_thres=1.25,min_cluster_size=3",hub,0.25,50,22,40,1730,3,0,37,1730,0.075,0.0,1.0,0.0,0.1449414789676666
fbc_tfnbs,"e=0.1,h=7.0,n=30,start_thres=1.25,min_cluster_size=3",hub,0.25,50,22,40,1730,3,0,37,1730,0.075,0.0,1.0,0.0,0.1449414789676666
fbc_tfnbs,"e=0.1,h=8.0,n=30,start_thres=1.25,min_cluster_size=3",hub,0.25,50,22,40,1730,3,0,37,1730,0.075,0.0,1.0,0.0,0.1449414789676666
fbc_tfnbs,"e=0.1,h=9.0,n=30,start_thres=1.25,min_cluster_size=3",hub,0.25,50,22,40,1730,3,0,37,1730,0.075,0.0,1.0,0.0,0.1449414789676666
fbc_tfnbs,"e=0.1,h=10.0,n=30,start_thres=1.25,min_cluster_size=3",hub,0.25,50,22,40,1730,3,0,37,1730,0.075,0.0,1.0,0.0,0.1449414789676666
fbc_tfnbs,"e=0.2,h=0.5,n=30,start_thres=1.25,min_cluster_size=3",hub,0.25,50,22,40,1730,3,0,37,1730,0.075,0.0,1.0,0.0,0.1449414789676666
fbc_tfnbs,"e=0.2,h=1.0,n=30,start_thres=1.25,min_cluster_size=3",hub,0.25,50,22,40,1730,3,0,37,1730,0.075,0.0,1.0,0.0,0.1449414789676666
fbc_tfnbs,"e=0.2,h=2.0,n=30,start_thres=1.25,min_cluster_size=3",hub,0.25,50,22,40,1730,3,0,37,1730,0.075,0.0,1.0,0.0,0.1449414789676666
fbc_tfnbs,"e=0.2,h=3.0,n=30,start_thres=1.25,min_cluster_size=3",hub,0.25,50,22,40,1730,3,0,37,1730,0.075,0.0,1.0,0.0,0.1449414789676666
fbc_tfnbs,"e=0.2,h=4.0,n=30,start_thres=1.25,min_cluster_size=3",hub,0.25,50,22,40,1730,3,0,37,1730,0.075,0.0,1.0,0.0,0.1449414789676666
fbc_tfnbs,"e=0.2,h=5.0,n=30,start_thres=1.25,min_cluster_size=3",hub,0.25,50,22,40,1730,3,0,37,1730,0.075,0.0,1.0,0.0,0.1449414789676666
fbc_tfnbs,"e=0.2,h=6.0,n=30,start_thres=1.25,min_cluster_size=3",hub,0.25,50,22,40,1730,3,0,37,1730,0.075,0.0,1.0,0.0,0.1449414789676666
fbc_tfnbs,"e=0.2,h=7.0,n=30,start_thres=1.25,min_cluster_size=3",hub,0.25,50,22,40,1730,3,0,37,1730,0.075,0.0,1.0,0.0,0.1449414789676666
fbc_tfnbs,"e=0.2,h=8.0,n=30,start_thres=1.25,min_cluster_size=3",hub,0.25,50,22,40,1730,3,0,37,1730,0.075,0.0,1.0,0.0,0.1449414789676666
fbc_tfnbs,"e=0.2,h=9.0,n=30,start_thres=1.25,min_cluster_size=3",hub,0.25,50,22,40,1730,3,0,37,1730,0.075,0.0,1.0,0.0,0.1449414789676666
fbc_tfnbs,"e=0.2,h=10.0,n=30,start_thres=1.25,min_cluster_size=3",hub,0.25,50,22,40,1730,3,0,37,1730,0.075,0.0,1.0,0.0,0.1449414789676666
fbc_tfnbs,"e=0.3,h=0.5,n=30,start_thres=1.25,min_cluster_size=3",hub,0.25,50,22,40,1730,3,0,37,1730,0.075,0.0,1.0,0.0,0.1449414789676666
fbc_tfnbs,"e=0.3,h=1.0,n=30,start_thres=1.25,min_cluster_size=3",hub,0.25,50,22,40,1730,3,0,37,1730,0.075,0.0,1.0,0.0,0.1449414789676666
fbc_tfnbs,"e=0.3,h=2.0,n=30,start_thres=1.25,min_cluster_size=3",hub,0.25,50,22,40,1730,3,0,37,1730,0.075,0.0,1.0,0.0,0.1449414789676666
fbc_tfnbs,"e=0.3,h=3.0,n=30,start_thres=1.25,min_cluster_size=3",hub,0.25,50,22,40,1730,3,0,37,1730,0.075,0.0,1.0,0.0,0.1449414789676666
fbc_tfnbs,"e=0.3,h=4.0,n=30,start_thres=1.25,min_cluster_size=3",hub,0.25,50,22,40,1730,3,0,37,1730,0.075,0.0,1.0,0.0,0.1449414789676666
fbc_tfnbs,"e=0.3,h=5.0,n=30,start_thres=1.25,min_cluster_size=3",hub,0.25,50,22,40,1730,3,0,37,1730,0.075,0.0,1.0,0.0,0.1449414789676666
fbc_tfnbs,"e=0.3,h=6.0,n=30,start_thres=1.25,min_cluster_size=3",hub,0.25,50,22,40,1730,3,0,37,1730,0.075,0.0,1.0,0.0,0.1449414789676666
fbc_tfnbs,"e=0.3,h=7.0,n=30,start_thres=1.25,min_cluster_size=3",hub,0.25,50,22,40,1730,3,0,37,1730,0.075,0.0,1.0,0.0,0.1449414789676666
fbc_tfnbs,"e=0.3,h=8.0,n=30,start_thres=1.25,min_cluster_size=3",hub,0.25,50,22,40,1730,3,0,37,1730,0.075,0.0,1.0,0.0,0.1449414789676666
fbc_tfnbs,"e=0.3,h=9.0,n=30,start_thres=1.25,min_cluster_size=3",hub,0.25,50,22,40,1730,3,0,37,1730,0.075,0.0,1.0,0.0,0.1449414789676666
fbc_tfnbs,"e=0.3,h=10.0,n=30,start_thres=1.25,min_cluster_size=3",hub,0.25,50,22,40,1730,3,0,37,1730,0.075,0.0,1.0,0.0,0.1449414789676666
fbc_tfnbs,"e=0.4,h=0.5,n=30,start_thres=1.25,min_cluster_size=3",hub,0.25,50,22,40,1730,3,0,37,1730,0.075,0.0,1.0,0.0,0.1449414789676666
fbc_tfnbs,"e=0.4,h=1.0,n=30,start_thres=1.25,min_cluster_size=3",hub,0.25,50,22,40,1730,3,0,37,1730,0.075,0.0,1.0,0.0,0.1449414789676666
fbc_tfnbs,"e=0.4,h=2.0,n=30,start_thres=1.25,min_cluster_size=3",hub,0.25,50,22,40,1730,3,0,37,1730,0.075,0.0,1.0,0.0,0.1449414789676666
fbc_tfnbs,"e=0.4,h=3.0,n=30,start_thres=1.25,min_cluster_size=3",hub,0.25,50,22,40,1730,3,0,37,1730,0.075,0.0,1.0,0.0,0.1449414789676666
fbc_tfnbs,"e=0.4,h=4.0,n=30,start_thres=1.25,min_cluster_size=3",hub,0.25,50,22,40,1730,3,0,37,1730,0.075,0.0,1.0,0.0,0.1449414789676666
fbc_tfnbs,"e=0.4,h=5.0,n=30,start_thres=1.25,min_cluster_size=3",hub,0.25,50,22,40,1730,3,0,37,1730,0.075,0.0,1.0,0.0,0.1449414789676666
fbc_tfnbs,"e=0.4,h=6.0,n=30,start_thres=1.25,min_cluster_size=3",hub,0.25,50,22,40,1730,3,0,37,1730,0.075,0.0,1.0,0.0,0.1449414789676666
fbc_tfnbs,"e=0.4,h=7.0,n=30,start_thres=1.25,min_cluster_size=3",hub,0.25,50,22,40,1730,3,0,37,1730,0.075,0.0,1.0,0.0,0.1449414789676666
fbc_tfnbs,"e=0.4,h=8.0,n=30,start_thres=1.25,min_cluster_size=3",hub,0.25,50,22,40,1730,3,0,37,1730,0.075,0.0,1.0,0.0,0.1449414789676666
fbc_tfnbs,"e=0.4,h=9.0,n=30,start_thres=1.25,min_cluster_size=3",hub,0.25,50,22,40,1730,3,0,37,1730,0.075,0.0,1.0,0.0,0.1449414789676666
fbc_tfnbs,"e=0.4,h=10.0,n=30,start_thres=1.25,min_cluster_size=3",hub,0.25,50,22,40,1730,3,0,37,1730,0.075,0.0,1.0,0.0,0.1449414789676666
fbc_tfnbs,"e=0.5,h=0.5,n=30,start_thres=1.25,min_cluster_size=3",hub,0.25,50,22,40,1730,3,0,37,1730,0.075,0.0,1.0,0.0,0.1449414789676666
fbc_tfnbs,"e=0.5,h=1.0,n=30,start_thres=1.25,min_cluster_size=3",hub,0.25,50,22,40,1730,3,0,37,1730,0.075,0.0,1.0,0.0,0.1449414789676666
fbc_tfnbs,"e=0.5,h=2.0,n=30,start_thres=1.25,min_cluster_size=3",hub,0.25,50,22,40,1730,3,0,37,1730,0.075,0.0,1.0,0.0,0.1449414789676666
fbc_tfnbs,"e=0.5,h=3.0,n=30,start_thres=1.25,min_cluster_size=3",hub,0.25,50,22,40,1730,3,0,37,1730,0.075,0.0,1.0,0.0,0.1449414789676666
fbc_tfnbs,"e=0.5,h=4.0,n=30,start_thres=1.25,min_cluster_size=3",hub,0.25,50,22,40,1730,3,0,37,1730,0.075,0.0,1.0,0.0,0.1449414789676666
fbc_tfnbs,"e=0.5,h=5.0,n=30,start_thres=1.25,min_cluster_size=3",hub,0.25,50,22,40,1730,3,0,37,1730,0.075,0.0,1.0,0.0,0.1449414789676666
fbc_tfnbs,"e=0.5,h=6.0,n=30,start_thres=1.25,min_cluster_size=3",hub,0.25,50,22,40,1730,3,0,37,1730,0.075,0.0,1.0,0.0,0.1449414789676666
fbc_tfnbs,"e=0.5,h=7.0,n=30,start_thres=1.25,min_cluster_size=3",hub,0.25,50,22,40,1730,3,0,37,1730,0.075,0.0,1.0,0.0,0.1449414789676666
fbc_tfnbs,"e=0.5,h=8.0,n=30,start_thres=1.25,min_cluster_size=3",hub,0.25,50,22,40,1730,3,0,37,1730,0.075,0.0,1.0,0.0,0.1449414789676666
fbc_tfnbs,"e=0.5,h=9.0,n=30,start_thres=1.25,min_cluster_size=3",hub,0.25,50,22,40,1730,3,0,37,1730,0.075,0.0,1.0,0.0,0.1449414789676666
fbc_tfnbs,"e=0.5,h=10.0,n=30,start_thres=1.25,min_cluster_size=3",hub,0.25,50,22,40,1730,3,0,37,1730,0.075,0.0,1.0,0.0,0.1449414789676666
fbc_tfnbs,"e=0.6,h=0.5,n=30,start_thres=1.25,min_cluster_size=3",hub,0.25,50,22,40,1730,0,0,40,1730,0.0,0.0,0.0,0.0,0.1449414789676666
fbc_tfnbs,"e=0.6,h=1.0,n=30,start_thres=1.25,min_cluster_size=3",hub,0.25,50,22,40,1730,3,0,37,1730,0.075,0.0,1.0,0.0,0.1449414789676666
fbc_tfnbs,"e=0.6,h=2.0,n=30,start_thres=1.25,min_cluster_size=3",hub,0.25,50,22,40,1730,3,0,37,1730,0.075,0.0,1.0,0.0,0.1449414789676666
fbc_tfnbs,"e=0.6,h=3.0,n=30,start_thres=1.25,min_cluster_size=3",hub,0.25,50,22,40,1730,3,0,37,1730,0.075,0.0,1.0,0.0,0.1449414789676666
fbc_tfnbs,"e=0.6,h=4.0,n=30,start_thres=1.25,min_cluster_size=3",hub,0.25,50,22,40,1730,3,0,37,1730,0.075,0.0,1.0,0.0,0.1449414789676666
fbc_tfnbs,"e=0.6,h=5.0,n=30,start_thres=1.25,min_cluster_size=3",hub,0.25,50,22,40,1730,3,0,37,1730,0.075,0.0,1.0,0.0,0.1449414789676666
fbc_tfnbs,"e=0.6,h=6.0,n=30,start_thres=1.25,min_cluster_size=3",hub,0.25,50,22,40,1730,3,0,37,1730,0.075,0.0,1.0,0.0,0.1449414789676666
fbc_tfnbs,"e=0.6,h=7.0,n=30,start_thres=1.25,min_cluster_size=3",hub,0.25,50,22,40,1730,3,0,37,1730,0.075,0.0,1.0,0.0,0.1449414789676666
fbc_tfnbs,"e=0.6,h=8.0,n=30,start_thres=1.25,min_cluster_size=3",hub,0.25,50,22,40,1730,3,0,37,1730,0.075,0.0,1.0,0.0,0.1449414789676666
fbc_tfnbs,"e=0.6,h=9.0,n=30,start_thres=1.25,min_cluster_size=3",hub,0.25,50,22,40,1730,3,0,37,1730,0.075,0.0,1.0,0.0,0.1449414789676666
fbc_tfnbs,"e=0.6,h=10.0,n=30,start_thres=1.25,min_cluster_size=3",hub,0.25,50,22,40,1730,3,0,37,1730,0.075,0.0,1.0,0.0,0.1449414789676666
fbc_tfnbs,"e=0.7,h=0.5,n=30,start_thres=1.25,min_cluster_size=3",hub,0.25,50,22,40,1730,0,0,40,1730,0.0,0.0,0.0,0.0,0.1449414789676666
fbc_tfnbs,"e=0.7,h=1.0,n=30,start_thres=1.25,min_cluster_size=3",hub,0.25,50,22,40,1730,0,0,40,1730,0.0,0.0,0.0,0.0,0.1449414789676666
fbc_tfnbs,"e=0.7,h=2.0,n=30,start_thres=1.25,min_cluster_size=3",hub,0.25,50,22,40,1730,3,0,37,1730,0.075,0.0,1.0,0.0,0.1449414789676666
fbc_tfnbs,"e=0.7,h=3.0,n=30,start_thres=1.25,min_cluster_size=3",hub,0.25,50,22,40,1730,3,0,37,1730,0.075,0.0,1.0,0.0,0.1449414789676666
fbc_tfnbs,"e=0.7,h=4.0,n=30,start_thres=1.25,min_cluster_size=3",hub,0.25,50,22,40,1730,3,0,37,1730,0.075,0.0,1.0,0.0,0.1449414789676666
fbc_tfnbs,"e=0.7,h=5.0,n=30,start_thres=1.25,min_cluster_size=3",hub,0.25,50,22,40,1730,3,0,37,1730,0.075,0.0,1.0,0.0,0.1449414789676666
fbc_tfnbs,"e=0.7,h=6.0,n=30,start_thres=1.25,min_cluster_size=3",hub,0.25,50,22,40,1730,3,0,37,1730,0.075,0.0,1.0,0.0,0.1449414789676666
fbc_tfnbs,"e=0.7,h=7.0,n=30,start_thres=1.25,min_cluster_size=3",hub,0.25,50,22,40,1730,3,0,37,1730,0.075,0.0,1.0,0.0,0.1449414789676666
fbc_tfnbs,"e=0.7,h=8.0,n=30,start_thres=1.25,min_cluster_size=3",hub,0.25,50,22,40,1730,3,0,37,1730,0.075,0.0,1.0,0.0,0.1449414789676666
fbc_tfnbs,"e=0.7,h=9.0,n=30,start_thres=1.25,min_cluster_size=3",hub,0.25,50,22,40,1730,3,0,37,1730,0.075,0.0,1.0,0.0,0.1449414789676666
fbc_tfnbs,"e=0.7,h=10.0,n=30,start_thres=1.25,min_cluster_size=3",hub,0.25,50,22,40,1730,3,0,37,1730,0.075,0.0,1.0,0.0,0.1449414789676666
fbc_tfnbs,"e=0.8,h=0.5,n=30,start_thres=1.25,min_cluster_size=3",hub,0.25,50,22,40,1730,0,0,40,1730,0.0,0.0,0.0,0.0,0.1449414789676666
fbc_tfnbs,"e=0.8,h=1.0,n=30,start_thres=1.25,min_cluster_size=3",hub,0.25,50,22,40,1730,0,0,40,1730,0.0,0.0,0.0,0.0,0.1449414789676666
fbc_tfnbs,"e=0.8,h=2.0,n=30,start_thres=1.25,min_cluster_size=3",hub,0.25,50,22,40,1730,3,0,37,1730,0.075,0.0,1.0,0.0,0.1449414789676666
fbc_tfnbs,"e=0.8,h=3.0,n=30,start_thres=1.25,min_cluster_size=3",hub,0.25,50,22,40,1730,3,0,37,1730,0.075,0.0,1.0,0.0,0.1449414789676666
fbc_tfnbs,"e=0.8,h=4.0,n=30,start_thres=1.25,min_cluster_size=3",hub,0.25,50,22,40,1730,3,0,37,1730,0.075,0.0,1.0,0.0,0.1449414789676666
fbc_tfnbs,"e=0.8,h=5.0,n=30,start_thres=1.25,min_cluster_size=3",hub,0.25,50,22,40,1730,3,0,37,1730,0.075,0.0,1.0,0.0,0.1449414789676666
fbc_tfnbs,"e=0.8,h=6.0,n=30,start_thres=1.25,min_cluster_size=3",hub,0.25,50,22,40,1730,3,0,37,1730,0.075,0.0,1.0,0.0,0.1449414789676666
fbc_tfnbs,"e=0.8,h=7.0,n=30,start_thres=1.25,min_cluster_size=3",hub,0.25,50,22,40,1730,3,0,37,1730,0.075,0.0,1.0,0.0,0.1449414789676666
fbc_tfnbs,"e=0.8,h=8.0,n=30,start_thres=1.25,min_cluster_size=3",hub,0.25,50,22,40,1730,3,0,37,1730,0.075,0.0,1.0,0.0,0.1449414789676666
fbc_tfnbs,"e=0.8,h=9.0,n=30,start_thres=1.25,min_cluster_size=3",hub,0.25,50,22,40,1730,3,0,37,1730,0.075,0.0,1.0,0.0,0.1449414789676666
fbc_tfnbs,"e=0.8,h=10.0,n=30,start_thres=1.25,min_cluster_size=3",hub,0.25,50,22,40,1730,3,0,37,1730,0.075,0.0,1.0,0.0,0.1449414789676666
fbc_tfnbs,"e=0.9,h=0.5,n=30,start_thres=1.25,min_cluster_size=3",hub,0.25,50,22,40,1730,0,0,40,1730,0.0,0.0,0.0,0.0,0.1449414789676666
fbc_tfnbs,"e=0.9,h=1.0,n=30,start_thres=1.25,min_cluster_size=3",hub,0.25,50,22,40,1730,0,0,40,1730,0.0,0.0,0.0,0.0,0.1449414789676666
fbc_tfnbs,"e=0.9,h=2.0,n=30,start_thres=1.25,min_cluster_size=3",hub,0.25,50,22,40,1730,0,0,40,1730,0.0,0.0,0.0,0.0,0.1449414789676666
fbc_tfnbs,"e=0.9,h=3.0,n=30,start_thres=1.25,min_cluster_size=3",hub,0.25,50,22,40,1730,3,0,37,1730,0.075,0.0,1.0,0.0,0.1449414789676666
fbc_tfnbs,"e=0.9,h=4.0,n=30,start_thres=1.25,min_cluster_size=3",hub,0.25,50,22,40,1730,3,0,37,1730,0.075,0.0,1.0,0.0,0.1449414789676666
fbc_tfnbs,"e=0.9,h=5.0,n=30,start_thres=1.25,min_cluster_size=3",hub,0.25,50,22,40,1730,3,0,37,1730,0.075,0.0,1.0,0.0,0.1449414789676666
fbc_tfnbs,"e=0.9,h=6.0,n=30,start_thres=1.25,min_cluster_size=3",hub,0.25,50,22,40,1730,3,0,37,1730,0.075,0.0,1.0,0.0,0.1449414789676666
fbc_tfnbs,"e=0.9,h=7.0,n=30,start_thres=1.25,min_cluster_size=3",hub,0.25,50,22,40,1730,3,0,37,1730,0.075,0.0,1.0,0.0,0.1449414789676666
fbc_tfnbs,"e=0.9,h=8.0,n=30,start_thres=1.25,min_cluster_size=3",hub,0.25,50,22,40,1730,3,0,37,1730,0.075,0.0,1.0,0.0,0.1449414789676666
fbc_tfnbs,"e=0.9,h=9.0,n=30,start_thres=1.25,min_cluster_size=3",hub,0.25,50,22,40,1730,3,0,37,1730,0.075,0.0,1.0,0.0,0.1449414789676666
fbc_tfnbs,"e=0.9,h=10.0,n=30,start_thres=1.25,min_cluster_size=3",hub,0.25,50,22,40,1730,3,0,37,1730,0.075,0.0,1.0,0.0,0.1449414789676666
fbc_tfnbs,"e=1.0,h=0.5,n=30,start_thres=1.25,min_cluster_size=3",hub,0.25,50,22,40,1730,0,0,40,1730,0.0,0.0,0.0,0.0,0.1449414789676666
fbc_tfnbs,"e=1.0,h=1.0,n=30,start_thres=1.25,min_cluster_size=3",hub,0.25,50,22,40,1730,0,0,40,1730,0.0,0.0,0.0,0.0,0.1449414789676666
fbc_tfnbs,"e=1.0,h=2.0,n=30,start_thres=1.25,min_cluster_size=3",hub,0.25,50,22,40,1730,0,0,40,1730,0.0,0.0,0.0,0.0,0.1449414789676666
fbc_tfnbs,"e=1.0,h=3.0,n=30,start_thres=1.25,min_cluster_size=3",hub,0.25,50,22,40,1730,3,0,37,1730,0.075,0.0,1.0,0.0,0.1449414789676666
fbc_tfnbs,"e=1.0,h=4.0,n=30,start_thres=1.25,min_cluster_size=3",hub,0.25,50,22,40,1730,3,0,37,1730,0.075,0.0,1.0,0.0,0.1449414789676666
fbc_tfnbs,"e=1.0,h=5.0,n=30,start_thres=1.25,min_cluster_size=3",hub,0.25,50,22,40,1730,3,0,37,1730,0.075,0.0,1.0,0.0,0.1449414789676666
fbc_tfnbs,"e=1.0,h=6.0,n=30,start_thres=1.25,min_cluster_size=3",hub,0.25,50,22,40,1730,3,0,37,1730,0.075,0.0,1.0,0.0,0.1449414789676666
fbc_tfnbs,"e=1.0,h=7.0,n=30,start_thres=1.25,min_cluster_size=3",hub,0.25,50,22,40,1730,3,0,37,1730,0.075,0.0,1.0,0.0,0.1449414789676666
fbc_tfnbs,"e=1.0,h=8.0,n=30,start_thres=1.25,min_cluster_size=3",hub,0.25,50,22,40,1730,3,0,37,1730,0.075,0.0,1.0,0.0,0.1449414789676666
fbc_tfnbs,"e=1.0,h=9.0,n=30,start_thres=1.25,min_cluster_size=3",hub,0.25,50,22,40,1730,3,0,37,1730,0.075,0.0,1.0,0.0,0.1449414789676666
fbc_tfnbs,"e=1.0,h=10.0,n=30,start_thres=1.25,min_cluster_size=3",hub,0.25,50,22,40,1730,3,0,37,1730,0.075,0.0,1.0,0.0,0.1449414789676666
fbc_tfnbs,"e=1.1,h=0.5,n=30,start_thres=1.25,min_cluster_size=3",hub,0.25,50,22,40,1730,0,0,40,1730,0.0,0.0,0.0,0.0,0.1449414789676666
fbc_tfnbs,"e=1.1,h=1.0,n=30,start_thres=1.25,min_cluster_size=3",hub,0.25,50,22,40,1730,0,0,40,1730,0.0,0.0,0.0,0.0,0.1449414789676666
fbc_tfnbs,"e=1.1,h=2.0,n=30,start_thres=1.25,min_cluster_size=3",hub,0.25,50,22,40,1730,0,0,40,1730,0.0,0.0,0.0,0.0,0.1449414789676666
fbc_tfnbs,"e=1.1,h=3.0,n=30,start_thres=1.25,min_cluster_size=3",hub,0.25,50,22,40,1730,0,0,40,1730,0.0,0.0,0.0,0.0,0.1449414789676666
fbc_tfnbs,"e=1.1,h=4.0,n=30,start_thres=1.25,min_cluster_size=3",hub,0.25,50,22,40,1730,3,0,37,1730,0.075,0.0,1.0,0.0,0.1449414789676666
fbc_tfnbs,"e=1.1,h=5.0,n=30,start_thres=1.25,min_cluster_size=3",hub,0.25,50,22,40,1730,3,0,37,1730,0.075,0.0,1.0,0.0,0.1449414789676666
fbc_tfnbs,"e=1.1,h=6.0,n=30,start_thres=1.25,min_cluster_size=3",hub,0.25,50,22,40,1730,3,0,37,1730,0.075,0.0,1.0,0.0,0.1449414789676666
fbc_tfnbs,"e=1.1,h=7.0,n=30,start_thres=1.25,min_cluster_size=3",hub,0.25,50,22,40,1730,3,0,37,1730,0.075,0.0,1.0,0.0,0.1449414789676666
fbc_tfnbs,"e=1.1,h=8.0,n=30,start_thres=1.25,min_cluster_size=3",hub,0.25,50,22,40,1730,3,0,37,1730,0.075,0.0,1.0,0.0,0.1449414789676666
fbc_tfnbs,"e=1.1,h=9.0,n=30,start_thres=1.25,min_cluster_size=3",hub,0.25,50,22,40,1730,3,0,37,1730,0.075,0.0,1.0,0.0,0.1449414789676666
fbc_tfnbs,"e=1.1,h=10.0,n=30,start_thres=1.25,min_cluster_size=3",hub,0.25,50,22,40,1730,3,0,37,1730,0.075,0.0,1.0,0.0,0.1449414789676666
fbc_tfnbs,"e=1.2,h=0.5,n=30,start_thres=1.25,min_cluster_size=3",hub,0.25,50,22,40,1730,0,0,40,1730,0.0,0.0,0.0,0.0,0.1449414789676666
fbc_tfnbs,"e=1.2,h=1.0,n=30,start_thres=1.25,min_cluster_size=3",hub,0.25,50,22,40,1730,0,0,40,1730,0.0,0.0,0.0,0.0,0.1449414789676666
fbc_tfnbs,"e=1.2,h=2.0,n=30,start_thres=1.25,min_cluster_size=3",hub,0.25,50,22,40,1730,0,0,40,1730,0.0,0.0,0.0,0.0,0.1449414789676666
fbc_tfnbs,"e=1.2,h=3.0,n=30,start_thres=1.25,min_cluster_size=3",hub,0.25,50,22,40,1730,0,0,40,1730,0.0,0.0,0.0,0.0,0.1449414789676666
fbc_tfnbs,"e=1.2,h=4.0,n=30,start_thres=1.25,min_cluster_size=3",hub,0.25,50,22,40,1730,3,0,37,1730,0.075,0.0,1.0,0.0,0.1449414789676666
fbc_tfnbs,"e=1.2,h=5.0,n=30,start_thres=1.25,min_cluster_size=3",hub,0.25,50,22,40,1730,3,0,37,1730,0.075,0.0,1.0,0.0,0.1449414789676666
fbc_tfnbs,"e=1.2,h=6.0,n=30,start_thres=1.25,min_cluster_size=3",hub,0.25,50,22,40,1730,3,0,37,1730,0.075,0.0,1.0,0.0,0.1449414789676666
fbc_tfnbs,"e=1.2,h=7.0,n=30,start_thres=1.25,min_cluster_size=3",hub,0.25,50,22,40,1730,3,0,37,1730,0.075,0.0,1.0,0.0,0.1449414789676666
fbc_tfnbs,"e=1.2,h=8.0,n=30,start_thres=1.25,min_cluster_size=3",hub,0.25,50,22,40,1730,3,0,37,1730,0.075,0.0,1.0,0.0,0.1449414789676666
fbc_tfnbs,"e=1.2,h=9.0,n=30,start_thres=1.25,min_cluster_size=3",hub,0.25,50,22,40,1730,3,0,37,1730,0.075,0.0,1.0,0.0,0.1449414789676666
fbc_tfnbs,"e=1.2,h=10.0,n=30,start_thres=1.25,min_cluster_size=3",hub,0.25,50,22,40,1730,3,0,37,1730,0.075,0.0,1.0,0.0,0.1449414789676666
fbc_tfnbs,"e=1.3,h=0.5,n=30,start_thres=1.25,min_cluster_size=3",hub,0.25,50,22,40,1730,0,0,40,1730,0.0,0.0,0.0,0.0,0.1449414789676666
fbc_tfnbs,"e=1.3,h=1.0,n=30,start_thres=1.25,min_cluster_size=3",hub,0.25,50,22,40,1730,0,0,40,1730,0.0,0.0,0.0,0.0,0.1449414789676666
fbc_tfnbs,"e=1.3,h=2.0,n=30,start_thres=1.25,min_cluster_size=3",hub,0.25,50,22,40,1730,0,0,40,1730,0.0,0.0,0.0,0.0,0.1449414789676666
fbc_tfnbs,"e=1.3,h=3.0,n=30,start_thres=1.25,min_cluster_size=3",hub,0.25,50,22,40,1730,0,0,40,1730,0.0,0.0,0.0,0.0,0.1449414789676666
fbc_tfnbs,"e=1.3,h=4.0,n=30,start_thres=1.25,min_cluster_size=3",hub,0.25,50,22,40,1730,0,0,40,1730,0.0,0.0,0.0,0.0,0.1449414789676666
fbc_tfnbs,"e=1.3,h=5.0,n=30,start_thres=1.25,min_cluster_size=3",hub,0.25,50,22,40,1730,3,0,37,1730,0.075,0.0,1.0,0.0,0.1449414789676666
fbc_tfnbs,"e=1.3,h=6.0,n=30,start_thres=1.25,min_cluster_size=3",hub,0.25,50,22,40,1730,3,0,37,1730,0.075,0.0,1.0,0.0,0.1449414789676666
fbc_tfnbs,"e=1.3,h=7.0,n=30,start_thres=1.25,min_cluster_size=3",hub,0.25,50,22,40,1730,3,0,37,1730,0.075,0.0,1.0,0.0,0.1449414789676666
fbc_tfnbs,"e=1.3,h=8.0,n=30,start_thres=1.25,min_cluster_size=3",hub,0.25,50,22,40,1730,3,0,37,1730,0.075,0.0,1.0,0.0,0.1449414789676666
fbc_tfnbs,"e=1.3,h=9.0,n=30,start_thres=1.25,min_cluster_size=3",hub,0.25,50,22,40,1730,3,0,37,1730,0.075,0.0,1.0,0.0,0.1449414789676666
fbc_tfnbs,"e=1.3,h=10.0,n=30,start_thres=1.25,min_cluster_size=3",hub,0.25,50,22,40,1730,3,0,37,1730,0.075,0.0,1.0,0.0,0.1449414789676666
fbc_tfnbs,"e=1.4,h=0.5,n=30,start_thres=1.25,min_cluster_size=3",hub,0.25,50,22,40,1730,0,0,40,1730,0.0,0.0,0.0,0.0,0.1449414789676666
fbc_tfnbs,"e=1.4,h=1.0,n=30,start_thres=1.25,min_cluster_size=3",hub,0.25,50,22,40,1730,0,0,40,1730,0.0,0.0,0.0,0.0,0.1449414789676666
fbc_tfnbs,"e=1.4,h=2.0,n=30,start_thres=1.25,min_cluster_size=3",hub,0.25,50,22,40,1730,0,0,40,1730,0.0,0.0,0.0,0.0,0.1449414789676666
fbc_tfnbs,"e=1.4,h=3.0,n=30,start_thres=1.25,min_cluster_size=3",hub,0.25,50,22,40,1730,0,0,40,1730,0.0,0.0,0.0,0.0,0.1449414789676666
fbc_tfnbs,"e=1.4,h=4.0,n=30,start_thres=1.25,min_cluster_size=3",hub,0.25,50,22,40,1730,0,0,40,1730,0.0,0.0,0.0,0.0,0.1449414789676666
fbc_tfnbs,"e=1.4,h=5.0,n=30,start_thres=1.25,min_cluster_size=3",hub,0.25,50,22,40,1730,3,0,37,1730,0.075,0.0,1.0,0.0,0.1449414789676666
fbc_tfnbs,"e=1.4,h=6.0,n=30,start_thres=1.25,min_cluster_size=3",hub,0.25,50,22,40,1730,3,0,37,1730,0.075,0.0,1.0,0.0,0.1449414789676666
fbc_tfnbs,"e=1.4,h=7.0,n=30,start_thres=1.25,min_cluster_size=3",hub,0.25,50,22,40,1730,3,0,37,1730,0.075,0.0,1.0,0.0,0.1449414789676666
fbc_tfnbs,"e=1.4,h=8.0,n=30,start_thres=1.25,min_cluster_size=3",hub,0.25,50,22,40,1730,3,0,37,1730,0.075,0.0,1.0,0.0,0.1449414789676666
fbc_tfnbs,"e=1.4,h=9.0,n=30,start_thres=1.25,min_cluster_size=3",hub,0.25,50,22,40,1730,3,0,37,1730,0.075,0.0,1.0,0.0,0.1449414789676666
fbc_tfnbs,"e=1.4,h=10.0,n=30,start_thres=1.25,min_cluster_size=3",hub,0.25,50,22,40,1730,3,0,37,1730,0.075,0.0,1.0,0.0,0.1449414789676666
fbc_tfnbs,"e=1.5,h=0.5,n=30,start_thres=1.25,min_cluster_size=3",hub,0.25,50,22,40,1730,0,0,40,1730,0.0,0.0,0.0,0.0,0.1449414789676666
fbc_tfnbs,"e=1.5,h=1.0,n=30,start_thres=1.25,min_cluster_size=3",hub,0.25,50,22,40,1730,0,0,40,1730,0.0,0.0,0.0,0.0,0.1449414789676666
fbc_tfnbs,"e=1.5,h=2.0,n=30,start_thres=1.25,min_cluster_size=3",hub,0.25,50,22,40,1730,0,0,40,1730,0.0,0.0,0.0,0.0,0.1449414789676666
fbc_tfnbs,"e=1.5,h=3.0,n=30,start_thres=1.25,min_cluster_size=3",hub,0.25,50,22,40,1730,0,0,40,1730,0.0,0.0,0.0,0.0,0.1449414789676666
fbc_tfnbs,"e=1.5,h=4.0,n=30,start_thres=1.25,min_cluster_size=3",hub,0.25,50,22,40,1730,0,0,40,1730,0.0,0.0,0.0,0.0,0.1449414789676666
fbc_tfnbs,"e=1.5,h=5.0,n=30,start_thres=1.25,min_cluster_size=3",hub,0.25,50,22,40,1730,3,0,37,1730,0.075,0.0,1.0,0.0,0.1449414789676666
fbc_tfnbs,"e=1.5,h=6.0,n=30,start_thres=1.25,min_cluster_size=3",hub,0.25,50,22,40,1730,3,0,37,1730,0.075,0.0,1.0,0.0,0.1449414789676666
fbc_tfnbs,"e=1.5,h=7.0,n=30,start_thres=1.25,min_cluster_size=3",hub,0.25,50,22,40,1730,3,0,37,1730,0.075,0.0,1.0,0.0,0.1449414789676666
fbc_tfnbs,"e=1.5,h=8.0,n=30,start_thres=1.25,min_cluster_size=3",hub,0.25,50,22,40,1730,3,0,37,1730,0.075,0.0,1.0,0.0,0.1449414789676666
fbc_tfnbs,"e=1.5,h=9.0,n=30,start_thres=1.25,min_cluster_size=3",hub,0.25,50,22,40,1730,3,0,37,1730,0.075,0.0,1.0,0.0,0.1449414789676666
fbc_tfnbs,"e=1.5,h=10.0,n=30,start_thres=1.25,min_cluster_size=3",hub,0.25,50,22,40,1730,3,0,37,1730,0.075,0.0,1.0,0.0,0.1449414789676666
fbc_tfnbs,"e=0.05,h=0.5,n=30,start_thres=1.25,min_cluster_size=3",hub,0.25,50,24,40,1730,28,0,12,1730,0.7,0.0,1.0,0.0,0.1423667181621898
fbc_tfnbs,"e=0.05,h=1.0,n=30,start_thres=1.25,min_cluster_size=3",hub,0.25,50,24,40,1730,28,0,12,1730,0.7,0.0,1.0,0.0,0.1423667181621898
fbc_tfnbs,"e=0.05,h=2.0,n=30,start_thres=1.25,min_cluster_size=3",hub,0.25,50,24,40,1730,28,0,12,1730,0.7,0.0,1.0,0.0,0.1423667181621898
fbc_tfnbs,"e=0.05,h=3.0,n=30,start_thres=1.25,min_cluster_size=3",hub,0.25,50,24,40,1730,28,0,12,1730,0.7,0.0,1.0,0.0,0.1423667181621898
fbc_tfnbs,"e=0.05,h=4.0,n=30,start_thres=1.25,min_cluster_size=3",hub,0.25,50,24,40,1730,28,0,12,1730,0.7,0.0,1.0,0.0,0.1423667181621898
fbc_tfnbs,"e=0.05,h=5.0,n=30,start_thres=1.25,min_cluster_size=3",hub,0.25,50,24,40,1730,28,0,12,1730,0.7,0.0,1.0,0.0,0.1423667181621898
fbc_tfnbs,"e=0.05,h=6.0,n=30,start_thres=1.25,min_cluster_size=3",hub,0.25,50,24,40,1730,28,0,12,1730,0.7,0.0,1.0,0.0,0.1423667181621898
fbc_tfnbs,"e=0.05,h=7.0,n=30,start_thres=1.25,min_cluster_size=3",hub,0.25,50,24,40,1730,28,0,12,1730,0.7,0.0,1.0,0.0,0.1423667181621898
fbc_tfnbs,"e=0.05,h=8.0,n=30,start_thres=1.25,min_cluster_size=3",hub,0.25,50,24,40,1730,28,0,12,1730,0.7,0.0,1.0,0.0,0.1423667181621898
fbc_tfnbs,"e=0.05,h=9.0,n=30,start_thres=1.25,min_cluster_size=3",hub,0.25,50,24,40,1730,28,0,12,1730,0.7,0.0,1.0,0.0,0.1423667181621898
fbc_tfnbs,"e=0.05,h=10.0,n=30,start_thres=1.25,min_cluster_size=3",hub,0.25,50,24,40,1730,28,0,12,1730,0.7,0.0,1.0,0.0,0.1423667181621898
fbc_tfnbs,"e=0.1,h=0.5,n=30,start_thres=1.25,min_cluster_size=3",hub,0.25,50,24,40,1730,28,0,12,1730,0.7,0.0,1.0,0.0,0.1423667181621898
fbc_tfnbs,"e=0.1,h=1.0,n=30,start_thres=1.25,min_cluster_size=3",hub,0.25,50,24,40,1730,28,0,12,1730,0.7,0.0,1.0,0.0,0.1423667181621898
fbc_tfnbs,"e=0.1,h=2.0,n=30,start_thres=1.25,min_cluster_size=3",hub,0.25,50,24,40,1730,28,0,12,1730,0.7,0.0,1.0,0.0,0.1423667181621898
fbc_tfnbs,"e=0.1,h=3.0,n=30,start_thres=1.25,min_cluster_size=3",hub,0.25,50,24,40,1730,28,0,12,1730,0.7,0.0,1.0,0.0,0.1423667181621898
fbc_tfnbs,"e=0.1,h=4.0,n=30,start_thres=1.25,min_cluster_size=3",hub,0.25,50,24,40,1730,28,0,12,1730,0.7,0.0,1.0,0.0,0.1423667181621898
fbc_tfnbs,"e=0.1,h=5.0,n=30,start_thres=1.25,min_cluster_size=3",hub,0.25,50,24,40,1730,28,0,12,1730,0.7,0.0,1.0,0.0,0.1423667181621898
fbc_tfnbs,"e=0.1,h=6.0,n=30,start_thres=1.25,min_cluster_size=3",hub,0.25,50,24,40,1730,28,0,12,1730,0.7,0.0,1.0,0.0,0.1423667181621898
fbc_tfnbs,"e=0.1,h=7.0,n=30,start_thres=1.25,min_cluster_size=3",hub,0.25,50,24,40,1730,28,0,12,1730,0.7,0.0,1.0,0.0,0.1423667181621898
fbc_tfnbs,"e=0.1,h=8.0,n=30,start_thres=1.25,min_cluster_size=3",hub,0.25,50,24,40,1730,28,0,12,1730,0.7,0.0,1.0,0.0,0.1423667181621898
fbc_tfnbs,"e=0.1,h=9.0,n=30,start_thres=1.25,min_cluster_size=3",hub,0.25,50,24,40,1730,28,0,12,1730,0.7,0.0,1.0,0.0,0.1423667181621898
fbc_tfnbs,"e=0.1,h=10.0,n=30,start_thres=1.25,min_cluster_size=3",hub,0.25,50,24,40,1730,28,0,12,1730,0.7,0.0,1.0,0.0,0.1423667181621898
fbc_tfnbs,"e=0.2,h=0.5,n=30,start_thres=1.25,min_cluster_size=3",hub,0.25,50,24,40,1730,26,0,14,1730,0.65,0.0,1.0,0.0,0.1423667181621898
fbc_tfnbs,"e=0.2,h=1.0,n=30,start_thres=1.25,min_cluster_size=3",hub,0.25,50,24,40,1730,26,0,14,1730,0.65,0.0,1.0,0.0,0.1423667181621898
fbc_tfnbs,"e=0.2,h=2.0,n=30,start_thres=1.25,min_cluster_size=3",hub,0.25,50,24,40,1730,28,0,12,1730,0.7,0.0,1.0,0.0,0.1423667181621898
fbc_tfnbs,"e=0.2,h=3.0,n=30,start_thres=1.25,min_cluster_size=3",hub,0.25,50,24,40,1730,28,0,12,1730,0.7,0.0,1.0,0.0,0.1423667181621898
fbc_tfnbs,"e=0.2,h=4.0,n=30,start_thres=1.25,min_cluster_size=3",hub,0.25,50,24,40,1730,28,0,12,1730,0.7,0.0,1.0,0.0,0.1423667181621898
fbc_tfnbs,"e=0.2,h=5.0,n=30,start_thres=1.25,min_cluster_size=3",hub,0.25,50,24,40,1730,28,0,12,1730,0.7,0.0,1.0,0.0,0.1423667181621898
fbc_tfnbs,"e=0.2,h=6.0,n=30,start_thres=1.25,min_cluster_size=3",hub,0.25,50,24,40,1730,28,0,12,1730,0.7,0.0,1.0,0.0,0.1423667181621898
fbc_tfnbs,"e=0.2,h=7.0,n=30,start_thres=1.25,min_cluster_size=3",hub,0.25,50,24,40,1730,28,0,12,1730,0.7,0.0,1.0,0.0,0.1423667181621898
fbc_tfnbs,"e=0.2,h=8.0,n=30,start_thres=1.25,min_cluster_size=3",hub,0.25,50,24,40,1730,28,0,12,1730,0.7,0.0,1.0,0.0,0.1423667181621898
fbc_tfnbs,"e=0.2,h=9.0,n=30,start_thres=1.25,min_cluster_size=3",hub,0.25,50,24,40,1730,28,0,12,1730,0.7,0.0,1.0,0.0,0.1423667181621898
fbc_tfnbs,"e=0.2,h=10.0,n=30,start_thres=1.25,min_cluster_size=3",hub,0.25,50,24,40,1730,28,0,12,1730,0.7,0.0,1.0,0.0,0.1423667181621898
fbc_tfnbs,"e=0.3,h=0.5,n=30,start_thres=1.25,min_cluster_size=3",hub,0.25,50,24,40,1730,26,0,14,1730,0.65,0.0,1.0,0.0,0.1423667181621898
fbc_tfnbs,"e=0.3,h=1.0,n=30,start_thres=1.25,min_cluster_size=3",hub,0.25,50,24,40,1730,26,0,14,1730,0.65,0.0,1.0,0.0,0.1423667181621898
fbc_tfnbs,"e=0.3,h=2.0,n=30,start_thres=1.25,min_cluster_size=3",hub,0.25,50,24,40,1730,28,0,12,1730,0.7,0.0,1.0,0.0,0.1423667181621898
fbc_tfnbs,"e=0.3,h=3.0,n=30,start_thres=1.25,min_cluster_size=3",hub,0.25,50,24,40,1730,28,0,12,1730,0.7,0.0,1.0,0.0,0.1423667181621898
fbc_tfnbs,"e=0.3,h=4.0,n=30,start_thres=1.25,min_cluster_size=3",hub,0.25,50,24,40,1730,28,0,12,1730,0.7,0.0,1.0,0.0,0.1423667181621898
fbc_tfnbs,"e=0.3,h=5.0,n=30,start_thres=1.25,min_cluster_size=3",hub,0.25,50,24,40,1730,28,0,12,1730,0.7,0.0,1.0,0.0,0.1423667181621898
fbc_tfnbs,"e=0.3,h=6.0,n=30,start_thres=1.25,min_cluster_size=3",hub,0.25,50,24,40,1730,28,0,12,1730,0.7,0.0,1.0,0.0,0.1423667181621898
fbc_tfnbs,"e=0.3,h=7.0,n=30,start_thres=1.25,min_cluster_size=3",hub,0.25,50,24,40,1730,28,0,12,1730,0.7,0.0,1.0,0.0,0.1423667181621898
fbc_tfnbs,"e=0.3,h=8.0,n=30,start_thres=1.25,min_cluster_size=3",hub,0.25,50,24,40,1730,28,0,12,1730,0.7,0.0,1.0,0.0,0.1423667181621898
fbc_tfnbs,"e=0.3,h=9.0,n=30,start_thres=1.25,min_cluster_size=3",hub,0.25,50,24,40,1730,28,0,12,1730,0.7,0.0,1.0,0.0,0.1423667181621898
fbc_tfnbs,"e=0.3,h=10.0,n=30,start_thres=1.25,min_cluster_size=3",hub,0.25,50,24,40,1730,28,0,12,1730,0.7,0.0,1.0,0.0,0.1423667181621898
fbc_tfnbs,"e=0.4,h=0.5,n=30,start_thres=1.25,min_cluster_size=3",hub,0.25,50,24,40,1730,25,0,15,1730,0.625,0.0,1.0,0.0,0.1423667181621898
fbc_tfnbs,"e=0.4,h=1.0,n=30,start_thres=1.25,min_cluster_size=3",hub,0.25,50,24,40,1730,26,0,14,1730,0.65,0.0,1.0,0.0,0.1423667181621898
fbc_tfnbs,"e=0.4,h=2.0,n=30,start_thres=1.25,min_cluster_size=3",hub,0.25,50,24,40,1730,26,0,14,1730,0.65,0.0,1.0,0.0,0.1423667181621898
fbc_tfnbs,"e=0.4,h=3.0,n=30,start_thres=1.25,min_cluster_size=3",hub,0.25,50,24,40,1730,28,0,12,1730,0.7,0.0,1.0,0.0,0.1423667181621898
fbc_tfnbs,"e=0.4,h=4.0,n=30,start_thres=1.25,min_cluster_size=3",hub,0.25,50,24,40,1730,28,0,12,1730,0.7,0.0,1.0,0.0,0.1423667181621898
fbc_tfnbs,"e=0.4,h=5.0,n=30,start_thres=1.25,min_cluster_size=3",hub,0.25,50,24,40,1730,28,0,12,1730,0.7,0.0,1.0,0.0,0.1423667181621898
fbc_tfnbs,"e=0.4,h=6.0,n=30,start_thres=1.25,min_cluster_size=3",hub,0.25,50,24,40,1730,28,0,12,1730,0.7,0.0,1.0,0.0,0.1423667181621898
fbc_tfnbs,"e=0.4,h=7.0,n=30,start_thres=1.25,min_cluster_size=3",hub,0.25,50,24,40,1730,28,0,12,1730,0.7,0.0,1.0,0.0,0.1423667181621898
fbc_tfnbs,"e=0.4,h=8.0,n=30,start_thres=1.25,min_cluster_size=3",hub,0.25,50,24,40,1730,28,0,12,1730,0.7,0.0,1.0,0.0,0.1423667181621898
fbc_tfnbs,"e=0.4,h=9.0,n=30,start_thres=1.25,min_cluster_size=3",hub,0.25,50,24,40,1730,28,0,12,1730,0.7,0.0,1.0,0.0,0.1423667181621898
fbc_tfnbs,"e=0.4,h=10.0,n=30,start_thres=1.25,min_cluster_size=3",hub,0.25,50,24,40,1730,28,0,12,1730,0.7,0.0,1.0,0.0,0.1423667181621898
fbc_tfnbs,"e=0.5,h=0.5,n=30,start_thres=1.25,min_cluster_size=3",hub,0.25,50,24,40,1730,25,0,15,1730,0.625,0.0,1.0,0.0,0.1423667181621898
fbc_tfnbs,"e=0.5,h=1.0,n=30,start_thres=1.25,min_cluster_size=3",hub,0.25,50,24,40,1730,25,0,15,1730,0.625,0.0,1.0,0.0,0.1423667181621898
fbc_tfnbs,"e=0.5,h=2.0,n=30,start_thres=1.25,min_cluster_size=3",hub,0.25,50,24,40,1730,26,0,14,1730,0.65,0.0,1.0,0.0,0.1423667181621898
fbc_tfnbs,"e=0.5,h=3.0,n=30,start_thres=1.25,min_cluster_size=3",hub,0.25,50,24,40,1730,28,0,12,1730,0.7,0.0,1.0,0.0,0.1423667181621898
fbc_tfnbs,"e=0.5,h=4.0,n=30,start_thres=1.25,min_cluster_size=3",hub,0.25,50,24,40,1730,28,0,12,1730,0.7,0.0,1.0,0.0,0.1423667181621898
fbc_tfnbs,"e=0.5,h=5.0,n=30,start_thres=1.25,min_cluster_size=3",hub,0.25,50,24,40,1730,28,0,12,1730,0.7,0.0,1.0,0.0,0.1423667181621898
fbc_tfnbs,"e=0.5,h=6.0,n=30,start_thres=1.25,min_cluster_size=3",hub,0.25,50,24,40,1730,28,0,12,1730,0.7,0.0,1.0,0.0,0.1423667181621898
fbc_tfnbs,"e=0.5,h=7.0,n=30,start_thres=1.25,min_cluster_size=3",hub,0.25,50,24,40,1730,28,0,12,1730,0.7,0.0,1.0,0.0,0.1423667181621898
fbc_tfnbs,"e=0.5,h=8.0,n=30,start_thres=1.25,min_cluster_size=3",hub,0.25,50,24,40,1730,28,0,12,1730,0.7,0.0,1.0,0.0,0.1423667181621898
fbc_tfnbs,"e=0.5,h=9.0,n=30,start_thres=1.25,min_cluster_size=3",hub,0.25,50,24,40,1730,28,0,12,1730,0.7,0.0,1.0,0.0,0.1423667181621898
fbc_tfnbs,"e=0.5,h=10.0,n=30,start_thres=1.25,min_cluster_size=3",hub,0.25,50,24,40,1730,28,0,12,1730,0.7,0.0,1.0,0.0,0.1423667181621898
fbc_tfnbs,"e=0.6,h=0.5,n=30,start_thres=1.25,min_cluster_size=3",hub,0.25,50,24,40,1730,25,0,15,1730,0.625,0.0,1.0,0.0,0.1423667181621898
fbc_tfnbs,"e=0.6,h=1.0,n=30,start_thres=1.25,min_cluster_size=3",hub,0.25,50,24,40,1730,25,0,15,1730,0.625,0.0,1.0,0.0,0.1423667181621898
fbc_tfnbs,"e=0.6,h=2.0,n=30,start_thres=1.25,min_cluster_size=3",hub,0.25,50,24,40,1730,26,0,14,1730,0.65,0.0,1.0,0.0,0.1423667181621898
fbc_tfnbs,"e=0.6,h=3.0,n=30,start_thres=1.25,min_cluster_size=3",hub,0.25,50,24,40,1730,27,0,13,1730,0.675,0.0,1.0,0.0,0.1423667181621898
fbc_tfnbs,"e=0.6,h=4.0,n=30,start_thres=1.25,min_cluster_size=3",hub,0.25,50,24,40,1730,28,0,12,1730,0.7,0.0,1.0,0.0,0.1423667181621898
fbc_tfnbs,"e=0.6,h=5.0,n=30,start_thres=1.25,min_cluster_size=3",hub,0.25,50,24,40,1730,28,0,12,1730,0.7,0.0,1.0,0.0,0.1423667181621898
fbc_tfnbs,"e=0.6,h=6.0,n=30,start_thres=1.25,min_cluster_size=3",hub,0.25,50,24,40,1730,28,0,12,1730,0.7,0.0,1.0,0.0,0.1423667181621898
fbc_tfnbs,"e=0.6,h=7.0,n=30,start_thres=1.25,min_cluster_size=3",hub,0.25,50,24,40,1730,28,0,12,1730,0.7,0.0,1.0,0.0,0.1423667181621898
fbc_tfnbs,"e=0.6,h=8.0,n=30,start_thres=1.25,min_cluster_size=3",hub,0.25,50,24,40,1730,28,0,12,1730,0.7,0.0,1.0,0.0,0.1423667181621898
fbc_tfnbs,"e=0.6,h=9.0,n=30,start_thres=1.25,min_cluster_size=3",hub,0.25,50,24,40,1730,28,0,12,1730,0.7,0.0,1.0,0.0,0.1423667181621898
fbc_tfnbs,"e=0.6,h=10.0,n=30,start_thres=1.25,min_cluster_size=3",hub,0.25,50,24,40,1730,28,0,12,1730,0.7,0.0,1.0,0.0,0.1423667181621898
fbc_tfnbs,"e=0.7,h=0.5,n=30,start_thres=1.25,min_cluster_size=3",hub,0.25,50,24,40,1730,20,0,20,1730,0.5,0.0,1.0,0.0,0.1423667181621898
fbc_tfnbs,"e=0.7,h=1.0,n=30,start_thres=1.25,min_cluster_size=3",hub,0.25,50,24,40,1730,25,0,15,1730,0.625,0.0,1.0,0.0,0.1423667181621898
fbc_tfnbs,"e=0.7,h=2.0,n=30,start_thres=1.25,min_cluster_size=3",hub,0.25,50,24,40,1730,25,0,15,1730,0.625,0.0,1.0,0.0,0.1423667181621898
fbc_tfnbs,"e=0.7,h=3.0,n=30,start_thres=1.25,min_cluster_size=3",hub,0.25,50,24,40,1730,26,0,14,1730,0.65,0.0,1.0,0.0,0.1423667181621898
fbc_tfnbs,"e=0.7,h=4.0,n=30,start_thres=1.25,min_cluster_size=3",hub,0.25,50,24,40,1730,28,0,12,1730,0.7,0.0,1.0,0.0,0.1423667181621898
fbc_tfnbs,"e=0.7,h=5.0,n=30,start_thres=1.25,min_cluster_size=3",hub,0.25,50,24,40,1730,28,0,12,1730,0.7,0.0,1.0,0.0,0.1423667181621898
fbc_tfnbs,"e=0.7,h=6.0,n=30,start_thres=1.25,min_cluster_size=3",hub,0.25,50,24,40,1730,28,0,12,1730,0.7,0.0,1.0,0.0,0.1423667181621898
fbc_tfnbs,"e=0.7,h=7.0,n=30,start_thres=1.25,min_cluster_size=3",hub,0.25,50,24,40,1730,28,0,12,1730,0.7,0.0,1.0,0.0,0.1423667181621898
fbc_tfnbs,"e=0.7,h=8.0,n=30,start_thres=1.25,min_cluster_size=3",hub,0.25,50,24,40,1730,28,0,12,1730,0.7,0.0,1.0,0.0,0.1423667181621898
fbc_tfnbs,"e=0.7,h=9.0,n=30,start_thres=1.25,min_cluster_size=3",hub,0.25,50,24,40,1730,29,0,11,1730,0.725,0.0,1.0,0.0,0.1423667181621898
fbc_tfnbs,"e=0.7,h=10.0,n=30,start_thres=1.25,min_cluster_size=3",hub,0.25,50,24,40,1730,28,0,12,1730,0.7,0.0,1.0,0.0,0.1423667181621898
fbc_tfnbs,"e=0.8,h=0.5,n=30,start_thres=1.25,min_cluster_size=3",hub,0.25,50,24,40,1730,16,0,24,1730,0.4,0.0,1.0,0.0,0.1423667181621898
fbc_tfnbs,"e=0.8,h=1.0,n=30,start_thres=1.25,min_cluster_size=3",hub,0.25,50,24,40,1730,21,0,19,1730,0.525,0.0,1.0,0.0,0.1423667181621898
fbc_tfnbs,"e=0.8,h=2.0,n=30,start_thres=1.25,min_cluster_size=3",hub,0.25,50,24,40,1730,25,0,15,1730,0.625,0.0,1.0,0.0,0.1423667181621898
fbc_tfnbs,"e=0.8,h=3.0,n=30,start_thres=1.25,min_cluster_size=3",hub,0.25,50,24,40,1730,26,0,14,1730,0.65,0.0,1.0,0.0,0.1423667181621898
fbc_tfnbs,"e=0.8,h=4.0,n=30,start_thres=1.25,min_cluster_size=3",hub,0.25,50,24,40,1730,28,0,12,1730,0.7,0.0,1.0,0.0,0.1423667181621898
fbc_tfnbs,"e=0.8,h=5.0,n=30,start_thres=1.25,min_cluster_size=3",hub,0.25,50,24,40,1730,28,0,12,1730,0.7,0.0,1.0,0.0,0.1423667181621898
fbc_tfnbs,"e=0.8,h=6.0,n=30,start_thres=1.25,min_cluster_size=3",hub,0.25,50,24,40,1730,28,0,12,1730,0.7,0.0,1.0,0.0,0.1423667181621898
fbc_tfnbs,"e=0.8,h=7.0,n=30,start_thres=1.25,min_cluster_size=3",hub,0.25,50,24,40,1730,28,0,12,1730,0.7,0.0,1.0,0.0,0.1423667181621898
fbc_tfnbs,"e=0.8,h=8.0,n=30,start_thres=1.25,min_cluster_size=3",hub,0.25,50,24,40,1730,28,0,12,1730,0.7,0.0,1.0,0.0,0.1423667181621898
fbc_tfnbs,"e=0.8,h=9.0,n=30,start_thres=1.25,min_cluster_size=3",hub,0.25,50,24,40,1730,29,0,11,1730,0.725,0.0,1.0,0.0,0.1423667181621898
fbc_tfnbs,"e=0.8,h=10.0,n=30,start_thres=1.25,min_cluster_size=3",hub,0.25,50,24,40,1730,29,0,11,1730,0.725,0.0,1.0,0.0,0.1423667181621898
fbc_tfnbs,"e=0.9,h=0.5,n=30,start_thres=1.25,min_cluster_size=3",hub,0.25,50,24,40,1730,15,0,25,1730,0.375,0.0,1.0,0.0,0.1423667181621898
fbc_tfnbs,"e=0.9,h=1.0,n=30,start_thres=1.25,min_cluster_size=3",hub,0.25,50,24,40,1730,19,0,21,1730,0.475,0.0,1.0,0.0,0.1423667181621898
fbc_tfnbs,"e=0.9,h=2.0,n=30,start_thres=1.25,min_cluster_size=3",hub,0.25,50,24,40,1730,25,0,15,1730,0.625,0.0,1.0,0.0,0.1423667181621898
fbc_tfnbs,"e=0.9,h=3.0,n=30,start_thres=1.25,min_cluster_size=3",hub,0.25,50,24,40,1730,26,0,14,1730,0.65,0.0,1.0,0.0,0.1423667181621898
fbc_tfnbs,"e=0.9,h=4.0,n=30,start_thres=1.25,min_cluster_size=3",hub,0.25,50,24,40,1730,27,0,13,1730,0.675,0.0,1.0,0.0,0.1423667181621898
fbc_tfnbs,"e=0.9,h=5.0,n=30,start_thres=1.25,min_cluster_size=3",hub,0.25,50,24,40,1730,28,0,12,1730,0.7,0.0,1.0,0.0,0.1423667181621898
fbc_tfnbs,"e=0.9,h=6.0,n=30,start_thres=1.25,min_cluster_size=3",hub,0.25,50,24,40,1730,28,0,12,1730,0.7,0.0,1.0,0.0,0.1423667181621898
fbc_tfnbs,"e=0.9,h=7.0,n=30,start_thres=1.25,min_cluster_size=3",hub,0.25,50,24,40,1730,28,0,12,1730,0.7,0.0,1.0,0.0,0.1423667181621898
fbc_tfnbs,"e=0.9,h=8.0,n=30,start_thres=1.25,min_cluster_size=3",hub,0.25,50,24,40,1730,29,0,11,1730,0.725,0.0,1.0,0.0,0.1423667181621898
fbc_tfnbs,"e=0.9,h=9.0,n=30,start_thres=1.25,min_cluster_size=3",hub,0.25,50,24,40,1730,29,0,11,1730,0.725,0.0,1.0,0.0,0.1423667181621898
fbc_tfnbs,"e=0.9,h=10.0,n=30,start_thres=1.25,min_cluster_size=3",hub,0.25,50,24,40,1730,29,0,11,1730,0.725,0.0,1.0,0.0,0.1423667181621898
fbc_tfnbs,"e=1.0,h=0.5,n=30,start_thres=1.25,min_cluster_size=3",hub,0.25,50,24,40,1730,15,0,25,1730,0.375,0.0,1.0,0.0,0.1423667181621898
fbc_tfnbs,"e=1.0,h=1.0,n=30,start_thres=1.25,min_cluster_size=3",hub,0.25,50,24,40,1730,16,0,24,1730,0.4,0.0,1.0,0.0,0.1423667181621898
fbc_tfnbs,"e=1.0,h=2.0,n=30,start_thres=1.25,min_cluster_size=3",hub,0.25,50,24,40,1730,22,0,18,1730,0.55,0.0,1.0,0.0,0.1423667181621898
fbc_tfnbs,"e=1.0,h=3.0,n=30,start_thres=1.25,min_cluster_size=3",hub,0.25,50,24,40,1730,25,0,15,1730,0.625,0.0,1.0,0.0,0.1423667181621898
fbc_tfnbs,"e=1.0,h=4.0,n=30,start_thres=1.25,min_cluster_size=3",hub,0.25,50,24,40,1730,27,0,13,1730,0.675,0.0,1.0,0.0,0.1423667181621898
fbc_tfnbs,"e=1.0,h=5.0,n=30,start_thres=1.25,min_cluster_size=3",hub,0.25,50,24,40,1730,28,0,12,1730,0.7,0.0,1.0,0.0,0.1423667181621898
fbc_tfnbs,"e=1.0,h=6.0,n=30,start_thres=1.25,min_cluster_size=3",hub,0.25,50,24,40,1730,28,0,12,1730,0.7,0.0,1.0,0.0,0.1423667181621898
fbc_tfnbs,"e=1.0,h=7.0,n=30,start_thres=1.25,min_cluster_size=3",hub,0.25,50,24,40,1730,28,0,12,1730,0.7,0.0,1.0,0.0,0.1423667181621898
fbc_tfnbs,"e=1.0,h=8.0,n=30,start_thres=1.25,min_cluster_size=3",hub,0.25,50,24,40,1730,29,0,11,1730,0.725,0.0,1.0,0.0,0.1423667181621898
fbc_tfnbs,"e=1.0,h=9.0,n=30,start_thres=1.25,min_cluster_size=3",hub,0.25,50,24,40,1730,29,0,11,1730,0.725,0.0,1.0,0.0,0.1423667181621898
fbc_tfnbs,"e=1.0,h=10.0,n=30,start_thres=1.25,min_cluster_size=3",hub,0.25,50,24,40,1730,29,0,11,1730,0.725,0.0,1.0,0.0,0.1423667181621898
fbc_tfnbs,"e=1.1,h=0.5,n=30,start_thres=1.25,min_cluster_size=3",hub,0.25,50,24,40,1730,13,0,27,1730,0.325,0.0,1.0,0.0,0.1423667181621898
fbc_tfnbs,"e=1.1,h=1.0,n=30,start_thres=1.25,min_cluster_size=3",hub,0.25,50,24,40,1730,15,0,25,1730,0.375,0.0,1.0,0.0,0.1423667181621898
fbc_tfnbs,"e=1.1,h=2.0,n=30,start_thres=1.25,min_cluster_size=3",hub,0.25,50,24,40,1730,21,0,19,1730,0.525,0.0,1.0,0.0,0.1423667181621898
fbc_tfnbs,"e=1.1,h=3.0,n=30,start_thres=1.25,min_cluster_size=3",hub,0.25,50,24,40,1730,25,0,15,1730,0.625,0.0,1.0,0.0,0.1423667181621898
fbc_tfnbs,"e=1.1,h=4.0,n=30,start_thres=1.25,min_cluster_size=3",hub,0.25,50,24,40,1730,26,0,14,1730,0.65,0.0,1.0,0.0,0.1423667181621898
fbc_tfnbs,"e=1.1,h=5.0,n=30,start_thres=1.25,min_cluster_size=3",hub,0.25,50,24,40,1730,29,0,11,1730,0.725,0.0,1.0,0.0,0.1423667181621898
fbc_tfnbs,"e=1.1,h=6.0,n=30,start_thres=1.25,min_cluster_size=3",hub,0.25,50,24,40,1730,29,0,11,1730,0.725,0.0,1.0,0.0,0.1423667181621898
fbc_tfnbs,"e=1.1,h=7.0,n=30,start_thres=1.25,min_cluster_size=3",hub,0.25,50,24,40,1730,29,0,11,1730,0.725,0.0,1.0,0.0,0.1423667181621898
fbc_tfnbs,"e=1.1,h=8.0,n=30,start_thres=1.25,min_cluster_size=3",hub,0.25,50,24,40,1730,30,0,10,1730,0.75,0.0,1.0,0.0,0.1423667181621898
fbc_tfnbs,"e=1.1,h=9.0,n=30,start_thres=1.25,min_cluster_size=3",hub,0.25,50,24,40,1730,30,0,10,1730,0.75,0.0,1.0,0.0,0.1423667181621898
fbc_tfnbs,"e=1.1,h=10.0,n=30,start_thres=1.25,min_cluster_size=3",hub,0.25,50,24,40,1730,30,0,10,1730,0.75,0.0,1.0,0.0,0.1423667181621898
fbc_tfnbs,"e=1.2,h=0.5,n=30,start_thres=1.25,min_cluster_size=3",hub,0.25,50,24,40,1730,10,0,30,1730,0.25,0.0,1.0,0.0,0.1423667181621898
fbc_tfnbs,"e=1.2,h=1.0,n=30,start_thres=1.25,min_cluster_size=3",hub,0.25,50,24,40,1730,14,0,26,1730,0.35,0.0,1.0,0.0,0.1423667181621898
fbc_tfnbs,"e=1.2,h=2.0,n=30,start_thres=1.25,min_cluster_size=3",hub,0.25,50,24,40,1730,20,0,20,1730,0.5,0.0,1.0,0.0,0.1423667181621898
fbc_tfnbs,"e=1.2,h=3.0,n=30,start_thres=1.25,min_cluster_size=3",hub,0.25,50,24,40,1730,22,0,18,1730,0.55,0.0,1.0,0.0,0.1423667181621898
fbc_tfnbs,"e=1.2,h=4.0,n=30,start_thres=1.25,min_cluster_size=3",hub,0.25,50,24,40,1730,25,0,15,1730,0.625,0.0,1.0,0.0,0.1423667181621898
fbc_tfnbs,"e=1.2,h=5.0,n=30,start_thres=1.25,min_cluster_size=3",hub,0.25,50,24,40,1730,28,0,12,1730,0.7,0.0,1.0,0.0,0.1423667181621898
fbc_tfnbs,"e=1.2,h=6.0,n=30,start_thres=1.25,min_cluster_size=3",hub,0.25,50,24,40,1730,29,0,11,1730,0.725,0.0,1.0,0.0,0.1423667181621898
fbc_tfnbs,"e=1.2,h=7.0,n=30,start_thres=1.25,min_cluster_size=3",hub,0.25,50,24,40,1730,29,0,11,1730,0.725,0.0,1.0,0.0,0.1423667181621898
fbc_tfnbs,"e=1.2,h=8.0,n=30,start_thres=1.25,min_cluster_size=3",hub,0.25,50,24,40,1730,30,0,10,1730,0.75,0.0,1.0,0.0,0.1423667181621898
fbc_tfnbs,"e=1.2,h=9.0,n=30,start_thres=1.25,min_cluster_size=3",hub,0.25,50,24,40,1730,30,0,10,1730,0.75,0.0,1.0,0.0,0.1423667181621898
fbc_tfnbs,"e=1.2,h=10.0,n=30,start_thres=1.25,min_cluster_size=3",hub,0.25,50,24,40,1730,30,0,10,1730,0.75,0.0,1.0,0.0,0.1423667181621898
fbc_tfnbs,"e=1.3,h=0.5,n=30,start_thres=1.25,min_cluster_size=3",hub,0.25,50,24,40,1730,8,0,32,1730,0.2,0.0,1.0,0.0,0.1423667181621898
fbc_tfnbs,"e=1.3,h=1.0,n=30,start_thres=1.25,min_cluster_size=3",hub,0.25,50,24,40,1730,13,0,27,1730,0.325,0.0,1.0,0.0,0.1423667181621898
fbc_tfnbs,"e=1.3,h=2.0,n=30,start_thres=1.25,min_cluster_size=3",hub,0.25,50,24,40,1730,17,0,23,1730,0.425,0.0,1.0,0.0,0.1423667181621898
fbc_tfnbs,"e=1.3,h=3.0,n=30,start_thres=1.25,min_cluster_size=3",hub,0.25,50,24,40,1730,22,0,18,1730,0.55,0.0,1.0,0.0,0.1423667181621898
fbc_tfnbs,"e=1.3,h=4.0,n=30,start_thres=1.25,min_cluster_size=3",hub,0.25,50,24,40,1730,25,0,15,1730,0.625,0.0,1.0,0.0,0.1423667181621898
fbc_tfnbs,"e=1.3,h=5.0,n=30,start_thres=1.25,min_cluster_size=3",hub,0.25,50,24,40,1730,28,0,12,1730,0.7,0.0,1.0,0.0,0.1423667181621898
fbc_tfnbs,"e=1.3,h=6.0,n=30,start_thres=1.25,min_cluster_size=3",hub,0.25,50,24,40,1730,29,0,11,1730,0.725,0.0,1.0,0.0,0.1423667181621898
fbc_tfnbs,"e=1.3,h=7.0,n=30,start_thres=1.25,min_cluster_size=3",hub,0.25,50,24,40,1730,29,0,11,1730,0.725,0.0,1.0,0.0,0.1423667181621898
fbc_tfnbs,"e=1.3,h=8.0,n=30,start_thres=1.25,min_cluster_size=3",hub,0.25,50,24,40,1730,30,0,10,1730,0.75,0.0,1.0,0.0,0.1423667181621898
fbc_tfnbs,"e=1.3,h=9.0,n=30,start_thres=1.25,min_cluster_size=3",hub,0.25,50,24,40,1730,30,0,10,1730,0.75,0.0,1.0,0.0,0.1423667181621898
fbc_tfnbs,"e=1.3,h=10.0,n=30,start_thres=1.25,min_cluster_size=3",hub,0.25,50,24,40,1730,30,0,10,1730,0.75,0.0,1.0,0.0,0.1423667181621898
fbc_tfnbs,"e=1.4,h=0.5,n=30,start_thres=1.25,min_cluster_size=3",hub,0.25,50,24,40,1730,5,0,35,1730,0.125,0.0,1.0,0.0,0.1423667181621898
fbc_tfnbs,"e=1.4,h=1.0,n=30,start_thres=1.25,min_cluster_size=3",hub,0.25,50,24,40,1730,10,0,30,1730,0.25,0.0,1.0,0.0,0.1423667181621898
fbc_tfnbs,"e=1.4,h=2.0,n=30,start_thres=1.25,min_cluster_size=3",hub,0.25,50,24,40,1730,16,0,24,1730,0.4,0.0,1.0,0.0,0.1423667181621898
fbc_tfnbs,"e=1.4,h=3.0,n=30,start_thres=1.25,min_cluster_size=3",hub,0.25,50,24,40,1730,21,0,19,1730,0.525,0.0,1.0,0.0,0.1423667181621898
fbc_tfnbs,"e=1.4,h=4.0,n=30,start_thres=1.25,min_cluster_size=3",hub,0.25,50,24,40,1730,25,0,15,1730,0.625,0.0,1.0,0.0,0.1423667181621898
fbc_tfnbs,"e=1.4,h=5.0,n=30,start_thres=1.25,min_cluster_size=3",hub,0.25,50,24,40,1730,27,0,13,1730,0.675,0.0,1.0,0.0,0.1423667181621898
fbc_tfnbs,"e=1.4,h=6.0,n=30,start_thres=1.25,min_cluster_size=3",hub,0.25,50,24,40,1730,29,0,11,1730,0.725,0.0,1.0,0.0,0.1423667181621898
fbc_tfnbs,"e=1.4,h=7.0,n=30,start_thres=1.25,min_cluster_size=3",hub,0.25,50,24,40,1730,29,0,11,1730,0.725,0.0,1.0,0.0,0.1423667181621898
fbc_tfnbs,"e=1.4,h=8.0,n=30,start_thres=1.25,min_cluster_size=3",hub,0.25,50,24,40,1730,32,0,8,1730,0.8,0.0,1.0,0.0,0.1423667181621898
fbc_tfnbs,"e=1.4,h=9.0,n=30,start_thres=1.25,min_cluster_size=3",hub,0.25,50,24,40,1730,30,0,10,1730,0.75,0.0,1.0,0.0,0.1423667181621898
fbc_tfnbs,"e=1.4,h=10.0,n=30,start_thres=1.25,min_cluster_size=3",hub,0.25,50,24,40,1730,30,0,10,1730,0.75,0.0,1.0,0.0,0.1423667181621898
fbc_tfnbs,"e=1.5,h=0.5,n=30,start_thres=1.25,min_cluster_size=3",hub,0.25,50,24,40,1730,4,0,36,1730,0.1,0.0,1.0,0.0,0.1423667181621898
fbc_tfnbs,"e=1.5,h=1.0,n=30,start_thres=1.25,min_cluster_size=3",hub,0.25,50,24,40,1730,8,0,32,1730,0.2,0.0,1.0,0.0,0.1423667181621898
fbc_tfnbs,"e=1.5,h=2.0,n=30,start_thres=1.25,min_cluster_size=3",hub,0.25,50,24,40,1730,15,0,25,1730,0.375,0.0,1.0,0.0,0.1423667181621898
fbc_tfnbs,"e=1.5,h=3.0,n=30,start_thres=1.25,min_cluster_size=3",hub,0.25,50,24,40,1730,21,0,19,1730,0.525,0.0,1.0,0.0,0.1423667181621898
fbc_tfnbs,"e=1.5,h=4.0,n=30,start_thres=1.25,min_cluster_size=3",hub,0.25,50,24,40,1730,22,0,18,1730,0.55,0.0,1.0,0.0,0.1423667181621898
fbc_tfnbs,"e=1.5,h=5.0,n=30,start_thres=1.25,min_cluster_size=3",hub,0.25,50,24,40,1730,25,0,15,1730,0.625,0.0,1.0,0.0,0.1423667181621898
fbc_tfnbs,"e=1.5,h=6.0,n=30,start_thres=1.25,min_cluster_size=3",hub,0.25,50,24,40,1730,28,0,12,1730,0.7,0.0,1.0,0.0,0.1423667181621898
fbc_tfnbs,"e=1.5,h=7.0,n=30,start_thres=1.25,min_cluster_size=3",hub,0.25,50,24,40,1730,29,0,11,1730,0.725,0.0,1.0,0.0,0.1423667181621898
fbc_tfnbs,"e=1.5,h=8.0,n=30,start_thres=1.25,min_cluster_size=3",hub,0.25,50,24,40,1730,32,0,8,1730,0.8,0.0,1.0,0.0,0.1423667181621898
fbc_tfnbs,"e=1.5,h=9.0,n=30,start_thres=1.25,min_cluster_size=3",hub,0.25,50,24,40,1730,32,0,8,1730,0.8,0.0,1.0,0.0,0.1423667181621898
fbc_tfnbs,"e=1.5,h=10.0,n=30,start_thres=1.25,min_cluster_size=3",hub,0.25,50,24,40,1730,30,0,10,1730,0.75,0.0,1.0,0.0,0.1423667181621898
fbc_tfnbs,"e=0.05,h=0.5,n=30,start_thres=1.25,min_cluster_size=3",hub,0.25,50,25,40,1730,17,0,23,1730,0.425,0.0,1.0,0.0,0.1442230072888461
fbc_tfnbs,"e=0.05,h=1.0,n=30,start_thres=1.25,min_cluster_size=3",hub,0.25,50,25,40,1730,17,0,23,1730,0.425,0.0,1.0,0.0,0.1442230072888461
fbc_tfnbs,"e=0.05,h=2.0,n=30,start_thres=1.25,min_cluster_size=3",hub,0.25,50,25,40,1730,20,0,20,1730,0.5,0.0,1.0,0.0,0.1442230072888461
fbc_tfnbs,"e=0.05,h=3.0,n=30,start_thres=1.25,min_cluster_size=3",hub,0.25,50,25,40,1730,20,0,20,1730,0.5,0.0,1.0,0.0,0.1442230072888461
fbc_tfnbs,"e=0.05,h=4.0,n=30,start_thres=1.25,min_cluster_size=3",hub,0.25,50,25,40,1730,20,0,20,1730,0.5,0.0,1.0,0.0,0.1442230072888461
fbc_tfnbs,"e=0.05,h=5.0,n=30,start_thres=1.25,min_cluster_size=3",hub,0.25,50,25,40,1730,20,0,20,1730,0.5,0.0,1.0,0.0,0.1442230072888461
fbc_tfnbs,"e=0.05,h=6.0,n=30,start_thres=1.25,min_cluster_size=3",hub,0.25,50,25,40,1730,20,0,20,1730,0.5,0.0,1.0,0.0,0.1442230072888461
fbc_tfnbs,"e=0.05,h=7.0,n=30,start_thres=1.25,min_cluster_size=3",hub,0.25,50,25,40,1730,20,0,20,1730,0.5,0.0,1.0,0.0,0.1442230072888461
fbc_tfnbs,"e=0.05,h=8.0,n=30,start_thres=1.25,min_cluster_size=3",hub,0.25,50,25,40,1730,20,0,20,1730,0.5,0.0,1.0,0.0,0.1442230072888461
fbc_tfnbs,"e=0.05,h=9.0,n=30,start_thres=1.25,min_cluster_size=3",hub,0.25,50,25,40,1730,20,0,20,1730,0.5,0.0,1.0,0.0,0.1442230072888461
fbc_tfnbs,"e=0.05,h=10.0,n=30,start_thres=1.25,min_cluster_size=3",hub,0.25,50,25,40,1730,20,0,20,1730,0.5,0.0,1.0,0.0,0.1442230072888461
fbc_tfnbs,"e=0.1,h=0.5,n=30,start_thres=1.25,min_cluster_size=3",hub,0.25,50,25,40,1730,17,0,23,1730,0.425,0.0,1.0,0.0,0.1442230072888461
fbc_tfnbs,"e=0.1,h=1.0,n=30,start_thres=1.25,min_cluster_size=3",hub,0.25,50,25,40,1730,17,0,23,1730,0.425,0.0,1.0,0.0,0.1442230072888461
fbc_tfnbs,"e=0.1,h=2.0,n=30,start_thres=1.25,min_cluster_size=3",hub,0.25,50,25,40,1730,17,0,23,1730,0.425,0.0,1.0,0.0,0.1442230072888461
fbc_tfnbs,"e=0.1,h=3.0,n=30,start_thres=1.25,min_cluster_size=3",hub,0.25,50,25,40,1730,17,0,23,1730,0.425,0.0,1.0,0.0,0.1442230072888461
fbc_tfnbs,"e=0.1,h=4.0,n=30,start_thres=1.25,min_cluster_size=3",hub,0.25,50,25,40,1730,20,0,20,1730,0.5,0.0,1.0,0.0,0.1442230072888461
fbc_tfnbs,"e=0.1,h=5.0,n=30,start_thres=1.25,min_cluster_size=3",hub,0.25,50,25,40,1730,20,0,20,1730,0.5,0.0,1.0,0.0,0.1442230072888461
fbc_tfnbs,"e=0.1,h=6.0,n=30,start_thres=1.25,min_cluster_size=3",hub,0.25,50,25,40,1730,20,0,20,1730,0.5,0.0,1.0,0.0,0.1442230072888461
fbc_tfnbs,"e=0.1,h=7.0,n=30,start_thres=1.25,min_cluster_size=3",hub,0.25,50,25,40,1730,20,0,20,1730,0.5,0.0,1.0,0.0,0.1442230072888461
fbc_tfnbs,"e=0.1,h=8.0,n=30,start_thres=1.25,min_cluster_size=3",hub,0.25,50,25,40,1730,20,0,20,1730,0.5,0.0,1.0,0.0,0.1442230072888461
fbc_tfnbs,"e=0.1,h=9.0,n=30,start_thres=1.25,min_cluster_size=3",hub,0.25,50,25,40,1730,20,0,20,1730,0.5,0.0,1.0,0.0,0.1442230072888461
fbc_tfnbs,"e=0.1,h=10.0,n=30,start_thres=1.25,min_cluster_size=3",hub,0.25,50,25,40,1730,20,0,20,1730,0.5,0.0,1.0,0.0,0.1442230072888461
fbc_tfnbs,"e=0.2,h=0.5,n=30,start_thres=1.25,min_cluster_size=3",hub,0.25,50,25,40,1730,17,1,23,1729,0.425,0.0005780346820809,0.9444444444444444,0.0555555555555555,0.1442230072888461
fbc_tfnbs,"e=0.2,h=1.0,n=30,start_thres=1.25,min_cluster_size=3",hub,0.25,50,25,40,1730,18,1,22,1729,0.45,0.0005780346820809,0.9473684210526316,0.0526315789473684,0.1442230072888461
fbc_tfnbs,"e=0.2,h=2.0,n=30,start_thres=1.25,min_cluster_size=3",hub,0.25,50,25,40,1730,18,1,22,1729,0.45,0.0005780346820809,0.9473684210526316,0.0526315789473684,0.1442230072888461
fbc_tfnbs,"e=0.2,h=3.0,n=30,start_thres=1.25,min_cluster_size=3",hub,0.25,50,25,40,1730,17,0,23,1730,0.425,0.0,1.0,0.0,0.1442230072888461
fbc_tfnbs,"e=0.2,h=4.0,n=30,start_thres=1.25,min_cluster_size=3",hub,0.25,50,25,40,1730,17,0,23,1730,0.425,0.0,1.0,0.0,0.1442230072888461
fbc_tfnbs,"e=0.2,h=5.0,n=30,start_thres=1.25,min_cluster_size=3",hub,0.25,50,25,40,1730,17,0,23,1730,0.425,0.0,1.0,0.0,0.1442230072888461
fbc_tfnbs,"e=0.2,h=6.0,n=30,start_thres=1.25,min_cluster_size=3",hub,0.25,50,25,40,1730,20,0,20,1730,0.5,0.0,1.0,0.0,0.1442230072888461
fbc_tfnbs,"e=0.2,h=7.0,n=30,start_thres=1.25,min_cluster_size=3",hub,0.25,50,25,40,1730,20,0,20,1730,0.5,0.0,1.0,0.0,0.1442230072888461
fbc_tfnbs,"e=0.2,h=8.0,n=30,start_thres=1.25,min_cluster_size=3",hub,0.25,50,25,40,1730,20,0,20,1730,0.5,0.0,1.0,0.0,0.1442230072888461
fbc_tfnbs,"e=0.2,h=9.0,n=30,start_thres=1.25,min_cluster_size=3",hub,0.25,50,25,40,1730,20,0,20,1730,0.5,0.0,1.0,0.0,0.1442230072888461
fbc_tfnbs,"e=0.2,h=10.0,n=30,start_thres=1.25,min_cluster_size=3",hub,0.25,50,25,40,1730,20,0,20,1730,0.5,0.0,1.0,0.0,0.1442230072888461
fbc_tfnbs,"e=0.3,h=0.5,n=30,start_thres=1.25,min_cluster_size=3",hub,0.25,50,25,40,1730,17,1,23,1729,0.425,0.0005780346820809,0.9444444444444444,0.0555555555555555,0.1442230072888461
fbc_tfnbs,"e=0.3,h=1.0,n=30,start_thres=1.25,min_cluster_size=3",hub,0.25,50,25,40,1730,17,1,23,1729,0.425,0.0005780346820809,0.9444444444444444,0.0555555555555555,0.1442230072888461
fbc_tfnbs,"e=0.3,h=2.0,n=30,start_thres=1.25,min_cluster_size=3",hub,0.25,50,25,40,1730,18,1,22,1729,0.45,0.0005780346820809,0.9473684210526316,0.0526315789473684,0.1442230072888461
fbc_tfnbs,"e=0.3,h=3.0,n=30,start_thres=1.25,min_cluster_size=3",hub,0.25,50,25,40,1730,18,1,22,1729,0.45,0.0005780346820809,0.9473684210526316,0.0526315789473684,0.1442230072888461
fbc_tfnbs,"e=0.3,h=4.0,n=30,start_thres=1.25,min_cluster_size=3",hub,0.25,50,25,40,1730,18,1,22,1729,0.45,0.0005780346820809,0.9473684210526316,0.0526315789473684,0.1442230072888461
fbc_tfnbs,"e=0.3,h=5.0,n=30,start_thres=1.25,min_cluster_size=3",hub,0.25,50,25,40,1730,18,1,22,1729,0.45,0.0005780346820809,0.9473684210526316,0.0526315789473684,0.1442230072888461
fbc_tfnbs,"e=0.3,h=6.0,n=30,start_thres=1.25,min_cluster_size=3",hub,0.25,50,25,40,1730,18,1,22,1729,0.45,0.0005780346820809,0.9473684210526316,0.0526315789473684,0.1442230072888461
fbc_tfnbs,"e=0.3,h=7.0,n=30,start_thres=1.25,min_cluster_size=3",hub,0.25,50,25,40,1730,18,1,22,1729,0.45,0.0005780346820809,0.9473684210526316,0.0526315789473684,0.1442230072888461
fbc_tfnbs,"e=0.3,h=8.0,n=30,start_thres=1.25,min_cluster_size=3",hub,0.25,50,25,40,1730,20,0,20,1730,0.5,0.0,1.0,0.0,0.1442230072888461
fbc_tfnbs,"e=0.3,h=9.0,n=30,start_thres=1.25,min_cluster_size=3",hub,0.25,50,25,40,1730,20,0,20,1730,0.5,0.0,1.0,0.0,0.1442230072888461
fbc_tfnbs,"e=0.3,h=10.0,n=30,start_thres=1.25,min_cluster_size=3",hub,0.25,50,25,40,1730,20,0,20,1730,0.5,0.0,1.0,0.0,0.1442230072888461
fbc_tfnbs,"e=0.4,h=0.5,n=30,start_thres=1.25,min_cluster_size=3",hub,0.25,50,25,40,1730,16,1,24,1729,0.4,0.0005780346820809,0.9411764705882352,0.0588235294117647,0.1442230072888461
fbc_tfnbs,"e=0.4,h=1.0,n=30,start_thres=1.25,min_cluster_size=3",hub,0.25,50,25,40,1730,17,1,23,1729,0.425,0.0005780346820809,0.9444444444444444,0.0555555555555555,0.1442230072888461
fbc_tfnbs,"e=0.4,h=2.0,n=30,start_thres=1.25,min_cluster_size=3",hub,0.25,50,25,40,1730,18,1,22,1729,0.45,0.0005780346820809,0.9473684210526316,0.0526315789473684,0.1442230072888461
fbc_tfnbs,"e=0.4,h=3.0,n=30,start_thres=1.25,min_cluster_size=3",hub,0.25,50,25,40,1730,18,1,22,1729,0.45,0.0005780346820809,0.9473684210526316,0.0526315789473684,0.1442230072888461
fbc_tfnbs,"e=0.4,h=4.0,n=30,start_thres=1.25,min_cluster_size=3",hub,0.25,50,25,40,1730,18,1,22,1729,0.45,0.0005780346820809,0.9473684210526316,0.0526315789473684,0.1442230072888461
fbc_tfnbs,"e=0.4,h=5.0,n=30,start_thres=1.25,min_cluster_size=3",hub,0.25,50,25,40,1730,18,1,22,1729,0.45,0.0005780346820809,0.9473684210526316,0.0526315789473684,0.1442230072888461
fbc_tfnbs,"e=0.4,h=6.0,n=30,start_thres=1.25,min_cluster_size=3",hub,0.25,50,25,40,1730,18,1,22,1729,0.45,0.0005780346820809,0.9473684210526316,0.0526315789473684,0.1442230072888461
fbc_tfnbs,"e=0.4,h=7.0,n=30,start_thres=1.25,min_cluster_size=3",hub,0.25,50,25,40,1730,18,1,22,1729,0.45,0.0005780346820809,0.9473684210526316,0.0526315789473684,0.1442230072888461
fbc_tfnbs,"e=0.4,h=8.0,n=30,start_thres=1.25,min_cluster_size=3",hub,0.25,50,25,40,1730,18,1,22,1729,0.45,0.0005780346820809,0.9473684210526316,0.0526315789473684,0.1442230072888461
fbc_tfnbs,"e=0.4,h=9.0,n=30,start_thres=1.25,min_cluster_size=3",hub,0.25,50,25,40,1730,18,1,22,1729,0.45,0.0005780346820809,0.9473684210526316,0.0526315789473684,0.1442230072888461
fbc_tfnbs,"e=0.4,h=10.0,n=30,start_thres=1.25,min_cluster_size=3",hub,0.25,50,25,40,1730,21,1,19,1729,0.525,0.0005780346820809,0.9545454545454546,0.0454545454545454,0.1442230072888461
fbc_tfnbs,"e=0.5,h=0.5,n=30,start_thres=1.25,min_cluster_size=3",hub,0.25,50,25,40,1730,13,1,27,1729,0.325,0.0005780346820809,0.9285714285714286,0.0714285714285714,0.1442230072888461
fbc_tfnbs,"e=0.5,h=1.0,n=30,start_thres=1.25,min_cluster_size=3",hub,0.25,50,25,40,1730,16,1,24,1729,0.4,0.0005780346820809,0.9411764705882352,0.0588235294117647,0.1442230072888461
fbc_tfnbs,"e=0.5,h=2.0,n=30,start_thres=1.25,min_cluster_size=3",hub,0.25,50,25,40,1730,17,1,23,1729,0.425,0.0005780346820809,0.9444444444444444,0.0555555555555555,0.1442230072888461
fbc_tfnbs,"e=0.5,h=3.0,n=30,start_thres=1.25,min_cluster_size=3",hub,0.25,50,25,40,1730,18,1,22,1729,0.45,0.0005780346820809,0.9473684210526316,0.0526315789473684,0.1442230072888461
fbc_tfnbs,"e=0.5,h=4.0,n=30,start_thres=1.25,min_cluster_size=3",hub,0.25,50,25,40,1730,18,1,22,1729,0.45,0.0005780346820809,0.9473684210526316,0.0526315789473684,0.1442230072888461
fbc_tfnbs,"e=0.5,h=5.0,n=30,start_thres=1.25,min_cluster_size=3",hub,0.25,50,25,40,1730,18,1,22,1729,0.45,0.0005780346820809,0.9473684210526316,0.0526315789473684,0.1442230072888461
fbc_tfnbs,"e=0.5,h=6.0,n=30,start_thres=1.25,min_cluster_size=3",hub,0.25,50,25,40,1730,18,1,22,1729,0.45,0.0005780346820809,0.9473684210526316,0.0526315789473684,0.1442230072888461
fbc_tfnbs,"e=0.5,h=7.0,n=30,start_thres=1.25,min_cluster_size=3",hub,0.25,50,25,40,1730,18,1,22,1729,0.45,0.0005780346820809,0.9473684210526316,0.0526315789473684,0.1442230072888461
fbc_tfnbs,"e=0.5,h=8.0,n=30,start_thres=1.25,min_cluster_size=3",hub,0.25,50,25,40,1730,18,1,22,1729,0.45,0.0005780346820809,0.9473684210526316,0.0526315789473684,0.1442230072888461
fbc_tfnbs,"e=0.5,h=9.0,n=30,start_thres=1.25,min_cluster_size=3",hub,0.25,50,25,40,1730,18,1,22,1729,0.45,0.0005780346820809,0.9473684210526316,0.0526315789473684,0.1442230072888461
fbc_tfnbs,"e=0.5,h=10.0,n=30,start_thres=1.25,min_cluster_size=3",hub,0.25,50,25,40,1730,18,1,22,1729,0.45,0.0005780346820809,0.9473684210526316,0.0526315789473684,0.1442230072888461
fbc_tfnbs,"e=0.6,h=0.5,n=30,start_thres=1.25,min_cluster_size=3",hub,0.25,50,25,40,1730,13,1,27,1729,0.325,0.0005780346820809,0.9285714285714286,0.0714285714285714,0.1442230072888461
fbc_tfnbs,"e=0.6,h=1.0,n=30,start_thres=1.25,min_cluster_size=3",hub,0.25,50,25,40,1730,13,1,27,1729,0.325,0.0005780346820809,0.9285714285714286,0.0714285714285714,0.1442230072888461
fbc_tfnbs,"e=0.6,h=2.0,n=30,start_thres=1.25,min_cluster_size=3",hub,0.25,50,25,40,1730,17,1,23,1729,0.425,0.0005780346820809,0.9444444444444444,0.0555555555555555,0.1442230072888461
fbc_tfnbs,"e=0.6,h=3.0,n=30,start_thres=1.25,min_cluster_size=3",hub,0.25,50,25,40,1730,18,1,22,1729,0.45,0.0005780346820809,0.9473684210526316,0.0526315789473684,0.1442230072888461
fbc_tfnbs,"e=0.6,h=4.0,n=30,start_thres=1.25,min_cluster_size=3",hub,0.25,50,25,40,1730,18,1,22,1729,0.45,0.0005780346820809,0.9473684210526316,0.0526315789473684,0.1442230072888461
fbc_tfnbs,"e=0.6,h=5.0,n=30,start_thres=1.25,min_cluster_size=3",hub,0.25,50,25,40,1730,18,1,22,1729,0.45,0.0005780346820809,0.9473684210526316,0.0526315789473684,0.1442230072888461
fbc_tfnbs,"e=0.6,h=6.0,n=30,start_thres=1.25,min_cluster_size=3",hub,0.25,50,25,40,1730,18,1,22,1729,0.45,0.0005780346820809,0.9473684210526316,0.0526315789473684,0.1442230072888461
fbc_tfnbs,"e=0.6,h=7.0,n=30,start_thres=1.25,min_cluster_size=3",hub,0.25,50,25,40,1730,18,1,22,1729,0.45,0.0005780346820809,0.9473684210526316,0.0526315789473684,0.1442230072888461
fbc_tfnbs,"e=0.6,h=8.0,n=30,start_thres=1.25,min_cluster_size=3",hub,0.25,50,25,40,1730,18,1,22,1729,0.45,0.0005780346820809,0.9473684210526316,0.0526315789473684,0.1442230072888461
fbc_tfnbs,"e=0.6,h=9.0,n=30,start_thres=1.25,min_cluster_size=3",hub,0.25,50,25,40,1730,18,1,22,1729,0.45,0.0005780346820809,0.9473684210526316,0.0526315789473684,0.1442230072888461
fbc_tfnbs,"e=0.6,h=10.0,n=30,start_thres=1.25,min_cluster_size=3",hub,0.25,50,25,40,1730,18,1,22,1729,0.45,0.0005780346820809,0.9473684210526316,0.0526315789473684,0.1442230072888461
fbc_tfnbs,"e=0.7,h=0.5,n=30,start_thres=1.25,min_cluster_size=3",hub,0.25,50,25,40,1730,12,1,28,1729,0.3,0.0005780346820809,0.9230769230769232,0.0769230769230769,0.1442230072888461
fbc_tfnbs,"e=0.7,h=1.0,n=30,start_thres=1.25,min_cluster_size=3",hub,0.25,50,25,40,1730,13,1,27,1729,0.325,0.0005780346820809,0.9285714285714286,0.0714285714285714,0.1442230072888461
fbc_tfnbs,"e=0.7,h=2.0,n=30,start_thres=1.25,min_cluster_size=3",hub,0.25,50,25,40,1730,16,1,24,1729,0.4,0.0005780346820809,0.9411764705882352,0.0588235294117647,0.1442230072888461
fbc_tfnbs,"e=0.7,h=3.0,n=30,start_thres=1.25,min_cluster_size=3",hub,0.25,50,25,40,1730,17,1,23,1729,0.425,0.0005780346820809,0.9444444444444444,0.0555555555555555,0.1442230072888461
fbc_tfnbs,"e=0.7,h=4.0,n=30,start_thres=1.25,min_cluster_size=3",hub,0.25,50,25,40,1730,18,1,22,1729,0.45,0.0005780346820809,0.9473684210526316,0.0526315789473684,0.1442230072888461
fbc_tfnbs,"e=0.7,h=5.0,n=30,start_thres=1.25,min_cluster_size=3",hub,0.25,50,25,40,1730,18,1,22,1729,0.45,0.0005780346820809,0.9473684210526316,0.0526315789473684,0.1442230072888461
fbc_tfnbs,"e=0.7,h=6.0,n=30,start_thres=1.25,min_cluster_size=3",hub,0.25,50,25,40,1730,18,1,22,1729,0.45,0.0005780346820809,0.9473684210526316,0.0526315789473684,0.1442230072888461
fbc_tfnbs,"e=0.7,h=7.0,n=30,start_thres=1.25,min_cluster_size=3",hub,0.25,50,25,40,1730,18,1,22,1729,0.45,0.0005780346820809,0.9473684210526316,0.0526315789473684,0.1442230072888461
fbc_tfnbs,"e=0.7,h=8.0,n=30,start_thres=1.25,min_cluster_size=3",hub,0.25,50,25,40,1730,18,1,22,1729,0.45,0.0005780346820809,0.9473684210526316,0.0526315789473684,0.1442230072888461
fbc_tfnbs,"e=0.7,h=9.0,n=30,start_thres=1.25,min_cluster_size=3",hub,0.25,50,25,40,1730,18,1,22,1729,0.45,0.0005780346820809,0.9473684210526316,0.0526315789473684,0.1442230072888461
fbc_tfnbs,"e=0.7,h=10.0,n=30,start_thres=1.25,min_cluster_size=3",hub,0.25,50,25,40,1730,18,1,22,1729,0.45,0.0005780346820809,0.9473684210526316,0.0526315789473684,0.1442230072888461
fbc_tfnbs,"e=0.8,h=0.5,n=30,start_thres=1.25,min_cluster_size=3",hub,0.25,50,25,40,1730,8,1,32,1729,0.2,0.0005780346820809,0.8888888888888888,0.1111111111111111,0.1442230072888461
fbc_tfnbs,"e=0.8,h=1.0,n=30,start_thres=1.25,min_cluster_size=3",hub,0.25,50,25,40,1730,12,1,28,1729,0.3,0.0005780346820809,0.9230769230769232,0.0769230769230769,0.1442230072888461
fbc_tfnbs,"e=0.8,h=2.0,n=30,start_thres=1.25,min_cluster_size=3",hub,0.25,50,25,40,1730,13,1,27,1729,0.325,0.0005780346820809,0.9285714285714286,0.0714285714285714,0.1442230072888461
fbc_tfnbs,"e=0.8,h=3.0,n=30,start_thres=1.25,min_cluster_size=3",hub,0.25,50,25,40,1730,16,1,24,1729,0.4,0.0005780346820809,0.9411764705882352,0.0588235294117647,0.1442230072888461
fbc_tfnbs,"e=0.8,h=4.0,n=30,start_thres=1.25,min_cluster_size=3",hub,0.25,50,25,40,1730,18,1,22,1729,0.45,0.0005780346820809,0.9473684210526316,0.0526315789473684,0.1442230072888461
fbc_tfnbs,"e=0.8,h=5.0,n=30,start_thres=1.25,min_cluster_size=3",hub,0.25,50,25,40,1730,18,1,22,1729,0.45,0.0005780346820809,0.9473684210526316,0.0526315789473684,0.1442230072888461
fbc_tfnbs,"e=0.8,h=6.0,n=30,start_thres=1.25,min_cluster_size=3",hub,0.25,50,25,40,1730,18,1,22,1729,0.45,0.0005780346820809,0.9473684210526316,0.0526315789473684,0.1442230072888461
fbc_tfnbs,"e=0.8,h=7.0,n=30,start_thres=1.25,min_cluster_size=3",hub,0.25,50,25,40,1730,18,1,22,1729,0.45,0.0005780346820809,0.9473684210526316,0.0526315789473684,0.1442230072888461
fbc_tfnbs,"e=0.8,h=8.0,n=30,start_thres=1.25,min_cluster_size=3",hub,0.25,50,25,40,1730,18,1,22,1729,0.45,0.0005780346820809,0.9473684210526316,0.0526315789473684,0.1442230072888461
fbc_tfnbs,"e=0.8,h=9.0,n=30,start_thres=1.25,min_cluster_size=3",hub,0.25,50,25,40,1730,18,1,22,1729,0.45,0.0005780346820809,0.9473684210526316,0.0526315789473684,0.1442230072888461
fbc_tfnbs,"e=0.8,h=10.0,n=30,start_thres=1.25,min_cluster_size=3",hub,0.25,50,25,40,1730,18,1,22,1729,0.45,0.0005780346820809,0.9473684210526316,0.0526315789473684,0.1442230072888461
fbc_tfnbs,"e=0.9,h=0.5,n=30,start_thres=1.25,min_cluster_size=3",hub,0.25,50,25,40,1730,8,1,32,1729,0.2,0.0005780346820809,0.8888888888888888,0.1111111111111111,0.1442230072888461
fbc_tfnbs,"e=0.9,h=1.0,n=30,start_thres=1.25,min_cluster_size=3",hub,0.25,50,25,40,1730,11,1,29,1729,0.275,0.0005780346820809,0.9166666666666666,0.0833333333333333,0.1442230072888461
fbc_tfnbs,"e=0.9,h=2.0,n=30,start_thres=1.25,min_cluster_size=3",hub,0.25,50,25,40,1730,13,1,27,1729,0.325,0.0005780346820809,0.9285714285714286,0.0714285714285714,0.1442230072888461
fbc_tfnbs,"e=0.9,h=3.0,n=30,start_thres=1.25,min_cluster_size=3",hub,0.25,50,25,40,1730,16,1,24,1729,0.4,0.0005780346820809,0.9411764705882352,0.0588235294117647,0.1442230072888461
fbc_tfnbs,"e=0.9,h=4.0,n=30,start_thres=1.25,min_cluster_size=3",hub,0.25,50,25,40,1730,18,1,22,1729,0.45,0.0005780346820809,0.9473684210526316,0.0526315789473684,0.1442230072888461
fbc_tfnbs,"e=0.9,h=5.0,n=30,start_thres=1.25,min_cluster_size=3",hub,0.25,50,25,40,1730,18,1,22,1729,0.45,0.0005780346820809,0.9473684210526316,0.0526315789473684,0.1442230072888461
fbc_tfnbs,"e=0.9,h=6.0,n=30,start_thres=1.25,min_cluster_size=3",hub,0.25,50,25,40,1730,18,1,22,1729,0.45,0.0005780346820809,0.9473684210526316,0.0526315789473684,0.1442230072888461
fbc_tfnbs,"e=0.9,h=7.0,n=30,start_thres=1.25,min_cluster_size=3",hub,0.25,50,25,40,1730,18,1,22,1729,0.45,0.0005780346820809,0.9473684210526316,0.0526315789473684,0.1442230072888461
fbc_tfnbs,"e=0.9,h=8.0,n=30,start_thres=1.25,min_cluster_size=3",hub,0.25,50,25,40,1730,18,1,22,1729,0.45,0.0005780346820809,0.9473684210526316,0.0526315789473684,0.1442230072888461
fbc_tfnbs,"e=0.9,h=9.0,n=30,start_thres=1.25,min_cluster_size=3",hub,0.25,50,25,40,1730,18,1,22,1729,0.45,0.0005780346820809,0.9473684210526316,0.0526315789473684,0.1442230072888461
fbc_tfnbs,"e=0.9,h=10.0,n=30,start_thres=1.25,min_cluster_size=3",hub,0.25,50,25,40,1730,18,1,22,1729,0.45,0.0005780346820809,0.9473684210526316,0.0526315789473684,0.1442230072888461
fbc_tfnbs,"e=1.0,h=0.5,n=30,start_thres=1.25,min_cluster_size=3",hub,0.25,50,25,40,1730,7,0,33,1730,0.175,0.0,1.0,0.0,0.1442230072888461
fbc_tfnbs,"e=1.0,h=1.0,n=30,start_thres=1.25,min_cluster_size=3",hub,0.25,50,25,40,1730,8,1,32,1729,0.2,0.0005780346820809,0.8888888888888888,0.1111111111111111,0.1442230072888461
fbc_tfnbs,"e=1.0,h=2.0,n=30,start_thres=1.25,min_cluster_size=3",hub,0.25,50,25,40,1730,13,1,27,1729,0.325,0.0005780346820809,0.9285714285714286,0.0714285714285714,0.1442230072888461
fbc_tfnbs,"e=1.0,h=3.0,n=30,start_thres=1.25,min_cluster_size=3",hub,0.25,50,25,40,1730,13,1,27,1729,0.325,0.0005780346820809,0.9285714285714286,0.0714285714285714,0.1442230072888461
fbc_tfnbs,"e=1.0,h=4.0,n=30,start_thres=1.25,min_cluster_size=3",hub,0.25,50,25,40,1730,17,1,23,1729,0.425,0.0005780346820809,0.9444444444444444,0.0555555555555555,0.1442230072888461
fbc_tfnbs,"e=1.0,h=5.0,n=30,start_thres=1.25,min_cluster_size=3",hub,0.25,50,25,40,1730,18,1,22,1729,0.45,0.0005780346820809,0.9473684210526316,0.0526315789473684,0.1442230072888461
fbc_tfnbs,"e=1.0,h=6.0,n=30,start_thres=1.25,min_cluster_size=3",hub,0.25,50,25,40,1730,18,1,22,1729,0.45,0.0005780346820809,0.9473684210526316,0.0526315789473684,0.1442230072888461
fbc_tfnbs,"e=1.0,h=7.0,n=30,start_thres=1.25,min_cluster_size=3",hub,0.25,50,25,40,1730,18,1,22,1729,0.45,0.0005780346820809,0.9473684210526316,0.0526315789473684,0.1442230072888461
fbc_tfnbs,"e=1.0,h=8.0,n=30,start_thres=1.25,min_cluster_size=3",hub,0.25,50,25,40,1730,18,1,22,1729,0.45,0.0005780346820809,0.9473684210526316,0.0526315789473684,0.1442230072888461
fbc_tfnbs,"e=1.0,h=9.0,n=30,start_thres=1.25,min_cluster_size=3",hub,0.25,50,25,40,1730,18,1,22,1729,0.45,0.0005780346820809,0.9473684210526316,0.0526315789473684,0.1442230072888461
fbc_tfnbs,"e=1.0,h=10.0,n=30,start_thres=1.25,min_cluster_size=3",hub,0.25,50,25,40,1730,18,1,22,1729,0.45,0.0005780346820809,0.9473684210526316,0.0526315789473684,0.1442230072888461
fbc_tfnbs,"e=1.1,h=0.5,n=30,start_thres=1.25,min_cluster_size=3",hub,0.25,50,25,40,1730,7,0,33,1730,0.175,0.0,1.0,0.0,0.1442230072888461
fbc_tfnbs,"e=1.1,h=1.0,n=30,start_thres=1.25,min_cluster_size=3",hub,0.25,50,25,40,1730,8,1,32,1729,0.2,0.0005780346820809,0.8888888888888888,0.1111111111111111,0.1442230072888461
fbc_tfnbs,"e=1.1,h=2.0,n=30,start_thres=1.25,min_cluster_size=3",hub,0.25,50,25,40,1730,11,1,29,1729,0.275,0.0005780346820809,0.9166666666666666,0.0833333333333333,0.1442230072888461
fbc_tfnbs,"e=1.1,h=3.0,n=30,start_thres=1.25,min_cluster_size=3",hub,0.25,50,25,40,1730,13,1,27,1729,0.325,0.0005780346820809,0.9285714285714286,0.0714285714285714,0.1442230072888461
fbc_tfnbs,"e=1.1,h=4.0,n=30,start_thres=1.25,min_cluster_size=3",hub,0.25,50,25,40,1730,16,1,24,1729,0.4,0.0005780346820809,0.9411764705882352,0.0588235294117647,0.1442230072888461
fbc_tfnbs,"e=1.1,h=5.0,n=30,start_thres=1.25,min_cluster_size=3",hub,0.25,50,25,40,1730,18,1,22,1729,0.45,0.0005780346820809,0.9473684210526316,0.0526315789473684,0.1442230072888461
fbc_tfnbs,"e=1.1,h=6.0,n=30,start_thres=1.25,min_cluster_size=3",hub,0.25,50,25,40,1730,18,1,22,1729,0.45,0.0005780346820809,0.9473684210526316,0.0526315789473684,0.1442230072888461
fbc_tfnbs,"e=1.1,h=7.0,n=30,start_thres=1.25,min_cluster_size=3",hub,0.25,50,25,40,1730,18,1,22,1729,0.45,0.0005780346820809,0.9473684210526316,0.0526315789473684,0.1442230072888461
fbc_tfnbs,"e=1.1,h=8.0,n=30,start_thres=1.25,min_cluster_size=3",hub,0.25,50,25,40,1730,18,1,22,1729,0.45,0.0005780346820809,0.9473684210526316,0.0526315789473684,0.1442230072888461
fbc_tfnbs,"e=1.1,h=9.0,n=30,start_thres=1.25,min_cluster_size=3",hub,0.25,50,25,40,1730,18,1,22,1729,0.45,0.0005780346820809,0.9473684210526316,0.0526315789473684,0.1442230072888461
fbc_tfnbs,"e=1.1,h=10.0,n=30,start_thres=1.25,min_cluster_size=3",hub,0.25,50,25,40,1730,18,1,22,1729,0.45,0.0005780346820809,0.9473684210526316,0.0526315789473684,0.1442230072888461
fbc_tfnbs,"e=1.2,h=0.5,n=30,start_thres=1.25,min_cluster_size=3",hub,0.25,50,25,40,1730,7,0,33,1730,0.175,0.0,1.0,0.0,0.1442230072888461
fbc_tfnbs,"e=1.2,h=1.0,n=30,start_thres=1.25,min_cluster_size=3",hub,0.25,50,25,40,1730,7,0,33,1730,0.175,0.0,1.0,0.0,0.1442230072888461
fbc_tfnbs,"e=1.2,h=2.0,n=30,start_thres=1.25,min_cluster_size=3",hub,0.25,50,25,40,1730,8,1,32,1729,0.2,0.0005780346820809,0.8888888888888888,0.1111111111111111,0.1442230072888461
fbc_tfnbs,"e=1.2,h=3.0,n=30,start_thres=1.25,min_cluster_size=3",hub,0.25,50,25,40,1730,13,1,27,1729,0.325,0.0005780346820809,0.9285714285714286,0.0714285714285714,0.1442230072888461
fbc_tfnbs,"e=1.2,h=4.0,n=30,start_thres=1.25,min_cluster_size=3",hub,0.25,50,25,40,1730,13,1,27,1729,0.325,0.0005780346820809,0.9285714285714286,0.0714285714285714,0.1442230072888461
fbc_tfnbs,"e=1.2,h=5.0,n=30,start_thres=1.25,min_cluster_size=3",hub,0.25,50,25,40,1730,17,1,23,1729,0.425,0.0005780346820809,0.9444444444444444,0.0555555555555555,0.1442230072888461
fbc_tfnbs,"e=1.2,h=6.0,n=30,start_thres=1.25,min_cluster_size=3",hub,0.25,50,25,40,1730,18,1,22,1729,0.45,0.0005780346820809,0.9473684210526316,0.0526315789473684,0.1442230072888461
fbc_tfnbs,"e=1.2,h=7.0,n=30,start_thres=1.25,min_cluster_size=3",hub,0.25,50,25,40,1730,18,1,22,1729,0.45,0.0005780346820809,0.9473684210526316,0.0526315789473684,0.1442230072888461
fbc_tfnbs,"e=1.2,h=8.0,n=30,start_thres=1.25,min_cluster_size=3",hub,0.25,50,25,40,1730,18,1,22,1729,0.45,0.0005780346820809,0.9473684210526316,0.0526315789473684,0.1442230072888461
fbc_tfnbs,"e=1.2,h=9.0,n=30,start_thres=1.25,min_cluster_size=3",hub,0.25,50,25,40,1730,18,1,22,1729,0.45,0.0005780346820809,0.9473684210526316,0.0526315789473684,0.1442230072888461
fbc_tfnbs,"e=1.2,h=10.0,n=30,start_thres=1.25,min_cluster_size=3",hub,0.25,50,25,40,1730,18,1,22,1729,0.45,0.0005780346820809,0.9473684210526316,0.0526315789473684,0.1442230072888461
fbc_tfnbs,"e=1.3,h=0.5,n=30,start_thres=1.25,min_cluster_size=3",hub,0.25,50,25,40,1730,7,0,33,1730,0.175,0.0,1.0,0.0,0.1442230072888461
fbc_tfnbs,"e=1.3,h=1.0,n=30,start_thres=1.25,min_cluster_size=3",hub,0.25,50,25,40,1730,7,0,33,1730,0.175,0.0,1.0,0.0,0.1442230072888461
fbc_tfnbs,"e=1.3,h=2.0,n=30,start_thres=1.25,min_cluster_size=3",hub,0.25,50,25,40,1730,8,1,32,1729,0.2,0.0005780346820809,0.8888888888888888,0.1111111111111111,0.1442230072888461
fbc_tfnbs,"e=1.3,h=3.0,n=30,start_thres=1.25,min_cluster_size=3",hub,0.25,50,25,40,1730,12,1,28,1729,0.3,0.0005780346820809,0.9230769230769232,0.0769230769230769,0.1442230072888461
fbc_tfnbs,"e=1.3,h=4.0,n=30,start_thres=1.25,min_cluster_size=3",hub,0.25,50,25,40,1730,13,1,27,1729,0.325,0.0005780346820809,0.9285714285714286,0.0714285714285714,0.1442230072888461
fbc_tfnbs,"e=1.3,h=5.0,n=30,start_thres=1.25,min_cluster_size=3",hub,0.25,50,25,40,1730,16,1,24,1729,0.4,0.0005780346820809,0.9411764705882352,0.0588235294117647,0.1442230072888461
fbc_tfnbs,"e=1.3,h=6.0,n=30,start_thres=1.25,min_cluster_size=3",hub,0.25,50,25,40,1730,18,1,22,1729,0.45,0.0005780346820809,0.9473684210526316,0.0526315789473684,0.1442230072888461
fbc_tfnbs,"e=1.3,h=7.0,n=30,start_thres=1.25,min_cluster_size=3",hub,0.25,50,25,40,1730,18,1,22,1729,0.45,0.0005780346820809,0.9473684210526316,0.0526315789473684,0.1442230072888461
fbc_tfnbs,"e=1.3,h=8.0,n=30,start_thres=1.25,min_cluster_size=3",hub,0.25,50,25,40,1730,18,1,22,1729,0.45,0.0005780346820809,0.9473684210526316,0.0526315789473684,0.1442230072888461
fbc_tfnbs,"e=1.3,h=9.0,n=30,start_thres=1.25,min_cluster_size=3",hub,0.25,50,25,40,1730,18,1,22,1729,0.45,0.0005780346820809,0.9473684210526316,0.0526315789473684,0.1442230072888461
fbc_tfnbs,"e=1.3,h=10.0,n=30,start_thres=1.25,min_cluster_size=3",hub,0.25,50,25,40,1730,18,1,22,1729,0.45,0.0005780346820809,0.9473684210526316,0.0526315789473684,0.1442230072888461
fbc_tfnbs,"e=1.4,h=0.5,n=30,start_thres=1.25,min_cluster_size=3",hub,0.25,50,25,40,1730,7,0,33,1730,0.175,0.0,1.0,0.0,0.1442230072888461
fbc_tfnbs,"e=1.4,h=1.0,n=30,start_thres=1.25,min_cluster_size=3",hub,0.25,50,25,40,1730,7,0,33,1730,0.175,0.0,1.0,0.0,0.1442230072888461
fbc_tfnbs,"e=1.4,h=2.0,n=30,start_thres=1.25,min_cluster_size=3",hub,0.25,50,25,40,1730,8,1,32,1729,0.2,0.0005780346820809,0.8888888888888888,0.1111111111111111,0.1442230072888461
fbc_tfnbs,"e=1.4,h=3.0,n=30,start_thres=1.25,min_cluster_size=3",hub,0.25,50,25,40,1730,11,1,29,1729,0.275,0.0005780346820809,0.9166666666666666,0.0833333333333333,0.1442230072888461
fbc_tfnbs,"e=1.4,h=4.0,n=30,start_thres=1.25,min_cluster_size=3",hub,0.25,50,25,40,1730,13,1,27,1729,0.325,0.0005780346820809,0.9285714285714286,0.0714285714285714,0.1442230072888461
fbc_tfnbs,"e=1.4,h=5.0,n=30,start_thres=1.25,min_cluster_size=3",hub,0.25,50,25,40,1730,13,1,27,1729,0.325,0.0005780346820809,0.9285714285714286,0.0714285714285714,0.1442230072888461
fbc_tfnbs,"e=1.4,h=6.0,n=30,start_thres=1.25,min_cluster_size=3",hub,0.25,50,25,40,1730,18,1,22,1729,0.45,0.0005780346820809,0.9473684210526316,0.0526315789473684,0.1442230072888461
fbc_tfnbs,"e=1.4,h=7.0,n=30,start_thres=1.25,min_cluster_size=3",hub,0.25,50,25,40,1730,18,1,22,1729,0.45,0.0005780346820809,0.9473684210526316,0.0526315789473684,0.1442230072888461
fbc_tfnbs,"e=1.4,h=8.0,n=30,start_thres=1.25,min_cluster_size=3",hub,0.25,50,25,40,1730,18,1,22,1729,0.45,0.0005780346820809,0.9473684210526316,0.0526315789473684,0.1442230072888461
fbc_tfnbs,"e=1.4,h=9.0,n=30,start_thres=1.25,min_cluster_size=3",hub,0.25,50,25,40,1730,18,1,22,1729,0.45,0.0005780346820809,0.9473684210526316,0.0526315789473684,0.1442230072888461
fbc_tfnbs,"e=1.4,h=10.0,n=30,start_thres=1.25,min_cluster_size=3",hub,0.25,50,25,40,1730,18,1,22,1729,0.45,0.0005780346820809,0.9473684210526316,0.0526315789473684,0.1442230072888461
fbc_tfnbs,"e=1.5,h=0.5,n=30,start_thres=1.25,min_cluster_size=3",hub,0.25,50,25,40,1730,6,0,34,1730,0.15,0.0,1.0,0.0,0.1442230072888461
fbc_tfnbs,"e=1.5,h=1.0,n=30,start_thres=1.25,min_cluster_size=3",hub,0.25,50,25,40,1730,7,0,33,1730,0.175,0.0,1.0,0.0,0.1442230072888461
fbc_tfnbs,"e=1.5,h=2.0,n=30,start_thres=1.25,min_cluster_size=3",hub,0.25,50,25,40,1730,7,0,33,1730,0.175,0.0,1.0,0.0,0.1442230072888461
fbc_tfnbs,"e=1.5,h=3.0,n=30,start_thres=1.25,min_cluster_size=3",hub,0.25,50,25,40,1730,8,1,32,1729,0.2,0.0005780346820809,0.8888888888888888,0.1111111111111111,0.1442230072888461
fbc_tfnbs,"e=1.5,h=4.0,n=30,start_thres=1.25,min_cluster_size=3",hub,0.25,50,25,40,1730,13,1,27,1729,0.325,0.0005780346820809,0.9285714285714286,0.0714285714285714,0.1442230072888461
fbc_tfnbs,"e=1.5,h=5.0,n=30,start_thres=1.25,min_cluster_size=3",hub,0.25,50,25,40,1730,13,1,27,1729,0.325,0.0005780346820809,0.9285714285714286,0.0714285714285714,0.1442230072888461
fbc_tfnbs,"e=1.5,h=6.0,n=30,start_thres=1.25,min_cluster_size=3",hub,0.25,50,25,40,1730,17,1,23,1729,0.425,0.0005780346820809,0.9444444444444444,0.0555555555555555,0.1442230072888461
fbc_tfnbs,"e=1.5,h=7.0,n=30,start_thres=1.25,min_cluster_size=3",hub,0.25,50,25,40,1730,18,1,22,1729,0.45,0.0005780346820809,0.9473684210526316,0.0526315789473684,0.1442230072888461
fbc_tfnbs,"e=1.5,h=8.0,n=30,start_thres=1.25,min_cluster_size=3",hub,0.25,50,25,40,1730,18,1,22,1729,0.45,0.0005780346820809,0.9473684210526316,0.0526315789473684,0.1442230072888461
fbc_tfnbs,"e=1.5,h=9.0,n=30,start_thres=1.25,min_cluster_size=3",hub,0.25,50,25,40,1730,18,1,22,1729,0.45,0.0005780346820809,0.9473684210526316,0.0526315789473684,0.1442230072888461
fbc_tfnbs,"e=1.5,h=10.0,n=30,start_thres=1.25,min_cluster_size=3",hub,0.25,50,25,40,1730,18,1,22,1729,0.45,0.0005780346820809,0.9473684210526316,0.0526315789473684,0.1442230072888461
fbc_tfnbs,"e=0.05,h=0.5,n=30,start_thres=1.25,min_cluster_size=3",hub,0.25,50,26,40,1730,22,0,18,1730,0.55,0.0,1.0,0.0,0.142583740028468
fbc_tfnbs,"e=0.05,h=1.0,n=30,start_thres=1.25,min_cluster_size=3",hub,0.25,50,26,40,1730,22,0,18,1730,0.55,0.0,1.0,0.0,0.142583740028468
fbc_tfnbs,"e=0.05,h=2.0,n=30,start_thres=1.25,min_cluster_size=3",hub,0.25,50,26,40,1730,22,0,18,1730,0.55,0.0,1.0,0.0,0.142583740028468
fbc_tfnbs,"e=0.05,h=3.0,n=30,start_thres=1.25,min_cluster_size=3",hub,0.25,50,26,40,1730,22,0,18,1730,0.55,0.0,1.0,0.0,0.142583740028468
fbc_tfnbs,"e=0.05,h=4.0,n=30,start_thres=1.25,min_cluster_size=3",hub,0.25,50,26,40,1730,22,0,18,1730,0.55,0.0,1.0,0.0,0.142583740028468
fbc_tfnbs,"e=0.05,h=5.0,n=30,start_thres=1.25,min_cluster_size=3",hub,0.25,50,26,40,1730,22,0,18,1730,0.55,0.0,1.0,0.0,0.142583740028468
fbc_tfnbs,"e=0.05,h=6.0,n=30,start_thres=1.25,min_cluster_size=3",hub,0.25,50,26,40,1730,22,0,18,1730,0.55,0.0,1.0,0.0,0.142583740028468
fbc_tfnbs,"e=0.05,h=7.0,n=30,start_thres=1.25,min_cluster_size=3",hub,0.25,50,26,40,1730,22,0,18,1730,0.55,0.0,1.0,0.0,0.142583740028468
fbc_tfnbs,"e=0.05,h=8.0,n=30,start_thres=1.25,min_cluster_size=3",hub,0.25,50,26,40,1730,22,0,18,1730,0.55,0.0,1.0,0.0,0.142583740028468
fbc_tfnbs,"e=0.05,h=9.0,n=30,start_thres=1.25,min_cluster_size=3",hub,0.25,50,26,40,1730,22,0,18,1730,0.55,0.0,1.0,0.0,0.142583740028468
fbc_tfnbs,"e=0.05,h=10.0,n=30,start_thres=1.25,min_cluster_size=3",hub,0.25,50,26,40,1730,22,0,18,1730,0.55,0.0,1.0,0.0,0.142583740028468
fbc_tfnbs,"e=0.1,h=0.5,n=30,start_thres=1.25,min_cluster_size=3",hub,0.25,50,26,40,1730,22,0,18,1730,0.55,0.0,1.0,0.0,0.142583740028468
fbc_tfnbs,"e=0.1,h=1.0,n=30,start_thres=1.25,min_cluster_size=3",hub,0.25,50,26,40,1730,22,0,18,1730,0.55,0.0,1.0,0.0,0.142583740028468
fbc_tfnbs,"e=0.1,h=2.0,n=30,start_thres=1.25,min_cluster_size=3",hub,0.25,50,26,40,1730,22,0,18,1730,0.55,0.0,1.0,0.0,0.142583740028468
fbc_tfnbs,"e=0.1,h=3.0,n=30,start_thres=1.25,min_cluster_size=3",hub,0.25,50,26,40,1730,22,0,18,1730,0.55,0.0,1.0,0.0,0.142583740028468
fbc_tfnbs,"e=0.1,h=4.0,n=30,start_thres=1.25,min_cluster_size=3",hub,0.25,50,26,40,1730,22,0,18,1730,0.55,0.0,1.0,0.0,0.142583740028468
fbc_tfnbs,"e=0.1,h=5.0,n=30,start_thres=1.25,min_cluster_size=3",hub,0.25,50,26,40,1730,22,0,18,1730,0.55,0.0,1.0,0.0,0.142583740028468
fbc_tfnbs,"e=0.1,h=6.0,n=30,start_thres=1.25,min_cluster_size=3",hub,0.25,50,26,40,1730,22,0,18,1730,0.55,0.0,1.0,0.0,0.142583740028468
fbc_tfnbs,"e=0.1,h=7.0,n=30,start_thres=1.25,min_cluster_size=3",hub,0.25,50,26,40,1730,22,0,18,1730,0.55,0.0,1.0,0.0,0.142583740028468
fbc_tfnbs,"e=0.1,h=8.0,n=30,start_thres=1.25,min_cluster_size=3",hub,0.25,50,26,40,1730,22,0,18,1730,0.55,0.0,1.0,0.0,0.142583740028468
fbc_tfnbs,"e=0.1,h=9.0,n=30,start_thres=1.25,min_cluster_size=3",hub,0.25,50,26,40,1730,22,0,18,1730,0.55,0.0,1.0,0.0,0.142583740028468
fbc_tfnbs,"e=0.1,h=10.0,n=30,start_thres=1.25,min_cluster_size=3",hub,0.25,50,26,40,1730,22,0,18,1730,0.55,0.0,1.0,0.0,0.142583740028468
fbc_tfnbs,"e=0.2,h=0.5,n=30,start_thres=1.25,min_cluster_size=3",hub,0.25,50,26,40,1730,22,0,18,1730,0.55,0.0,1.0,0.0,0.142583740028468
fbc_tfnbs,"e=0.2,h=1.0,n=30,start_thres=1.25,min_cluster_size=3",hub,0.25,50,26,40,1730,22,0,18,1730,0.55,0.0,1.0,0.0,0.142583740028468
fbc_tfnbs,"e=0.2,h=2.0,n=30,start_thres=1.25,min_cluster_size=3",hub,0.25,50,26,40,1730,22,0,18,1730,0.55,0.0,1.0,0.0,0.142583740028468
fbc_tfnbs,"e=0.2,h=3.0,n=30,start_thres=1.25,min_cluster_size=3",hub,0.25,50,26,40,1730,22,0,18,1730,0.55,0.0,1.0,0.0,0.142583740028468
fbc_tfnbs,"e=0.2,h=4.0,n=30,start_thres=1.25,min_cluster_size=3",hub,0.25,50,26,40,1730,22,0,18,1730,0.55,0.0,1.0,0.0,0.142583740028468
fbc_tfnbs,"e=0.2,h=5.0,n=30,start_thres=1.25,min_cluster_size=3",hub,0.25,50,26,40,1730,22,0,18,1730,0.55,0.0,1.0,0.0,0.142583740028468
fbc_tfnbs,"e=0.2,h=6.0,n=30,start_thres=1.25,min_cluster_size=3",hub,0.25,50,26,40,1730,22,0,18,1730,0.55,0.0,1.0,0.0,0.142583740028468
fbc_tfnbs,"e=0.2,h=7.0,n=30,start_thres=1.25,min_cluster_size=3",hub,0.25,50,26,40,1730,22,0,18,1730,0.55,0.0,1.0,0.0,0.142583740028468
fbc_tfnbs,"e=0.2,h=8.0,n=30,start_thres=1.25,min_cluster_size=3",hub,0.25,50,26,40,1730,22,0,18,1730,0.55,0.0,1.0,0.0,0.142583740028468
fbc_tfnbs,"e=0.2,h=9.0,n=30,start_thres=1.25,min_cluster_size=3",hub,0.25,50,26,40,1730,22,0,18,1730,0.55,0.0,1.0,0.0,0.142583740028468
fbc_tfnbs,"e=0.2,h=10.0,n=30,start_thres=1.25,min_cluster_size=3",hub,0.25,50,26,40,1730,22,0,18,1730,0.55,0.0,1.0,0.0,0.142583740028468
fbc_tfnbs,"e=0.3,h=0.5,n=30,start_thres=1.25,min_cluster_size=3",hub,0.25,50,26,40,1730,22,0,18,1730,0.55,0.0,1.0,0.0,0.142583740028468
fbc_tfnbs,"e=0.3,h=1.0,n=30,start_thres=1.25,min_cluster_size=3",hub,0.25,50,26,40,1730,22,0,18,1730,0.55,0.0,1.0,0.0,0.142583740028468
fbc_tfnbs,"e=0.3,h=2.0,n=30,start_thres=1.25,min_cluster_size=3",hub,0.25,50,26,40,1730,22,0,18,1730,0.55,0.0,1.0,0.0,0.142583740028468
fbc_tfnbs,"e=0.3,h=3.0,n=30,start_thres=1.25,min_cluster_size=3",hub,0.25,50,26,40,1730,22,0,18,1730,0.55,0.0,1.0,0.0,0.142583740028468
fbc_tfnbs,"e=0.3,h=4.0,n=30,start_thres=1.25,min_cluster_size=3",hub,0.25,50,26,40,1730,22,0,18,1730,0.55,0.0,1.0,0.0,0.142583740028468
fbc_tfnbs,"e=0.3,h=5.0,n=30,start_thres=1.25,min_cluster_size=3",hub,0.25,50,26,40,1730,22,0,18,1730,0.55,0.0,1.0,0.0,0.142583740028468
fbc_tfnbs,"e=0.3,h=6.0,n=30,start_thres=1.25,min_cluster_size=3",hub,0.25,50,26,40,1730,22,0,18,1730,0.55,0.0,1.0,0.0,0.142583740028468
fbc_tfnbs,"e=0.3,h=7.0,n=30,start_thres=1.25,min_cluster_size=3",hub,0.25,50,26,40,1730,22,0,18,1730,0.55,0.0,1.0,0.0,0.142583740028468
fbc_tfnbs,"e=0.3,h=8.0,n=30,start_thres=1.25,min_cluster_size=3",hub,0.25,50,26,40,1730,22,0,18,1730,0.55,0.0,1.0,0.0,0.142583740028468
fbc_tfnbs,"e=0.3,h=9.0,n=30,start_thres=1.25,min_cluster_size=3",hub,0.25,50,26,40,1730,22,0,18,1730,0.55,0.0,1.0,0.0,0.142583740028468
fbc_tfnbs,"e=0.3,h=10.0,n=30,start_thres=1.25,min_cluster_size=3",hub,0.25,50,26,40,1730,22,0,18,1730,0.55,0.0,1.0,0.0,0.142583740028468
fbc_tfnbs,"e=0.4,h=0.5,n=30,start_thres=1.25,min_cluster_size=3",hub,0.25,50,26,40,1730,22,0,18,1730,0.55,0.0,1.0,0.0,0.142583740028468
fbc_tfnbs,"e=0.4,h=1.0,n=30,start_thres=1.25,min_cluster_size=3",hub,0.25,50,26,40,1730,22,0,18,1730,0.55,0.0,1.0,0.0,0.142583740028468
fbc_tfnbs,"e=0.4,h=2.0,n=30,start_thres=1.25,min_cluster_size=3",hub,0.25,50,26,40,1730,22,0,18,1730,0.55,0.0,1.0,0.0,0.142583740028468
fbc_tfnbs,"e=0.4,h=3.0,n=30,start_thres=1.25,min_cluster_size=3",hub,0.25,50,26,40,1730,22,0,18,1730,0.55,0.0,1.0,0.0,0.142583740028468
fbc_tfnbs,"e=0.4,h=4.0,n=30,start_thres=1.25,min_cluster_size=3",hub,0.25,50,26,40,1730,22,0,18,1730,0.55,0.0,1.0,0.0,0.142583740028468
fbc_tfnbs,"e=0.4,h=5.0,n=30,start_thres=1.25,min_cluster_size=3",hub,0.25,50,26,40,1730,22,0,18,1730,0.55,0.0,1.0,0.0,0.142583740028468
fbc_tfnbs,"e=0.4,h=6.0,n=30,start_thres=1.25,min_cluster_size=3",hub,0.25,50,26,40,1730,22,0,18,1730,0.55,0.0,1.0,0.0,0.142583740028468
fbc_tfnbs,"e=0.4,h=7.0,n=30,start_thres=1.25,min_cluster_size=3",hub,0.25,50,26,40,1730,22,0,18,1730,0.55,0.0,1.0,0.0,0.142583740028468
fbc_tfnbs,"e=0.4,h=8.0,n=30,start_thres=1.25,min_cluster_size=3",hub,0.25,50,26,40,1730,22,0,18,1730,0.55,0.0,1.0,0.0,0.142583740028468
fbc_tfnbs,"e=0.4,h=9.0,n=30,start_thres=1.25,min_cluster_size=3",hub,0.25,50,26,40,1730,22,0,18,1730,0.55,0.0,1.0,0.0,0.142583740028468
fbc_tfnbs,"e=0.4,h=10.0,n=30,start_thres=1.25,min_cluster_size=3",hub,0.25,50,26,40,1730,22,0,18,1730,0.55,0.0,1.0,0.0,0.142583740028468
fbc_tfnbs,"e=0.5,h=0.5,n=30,start_thres=1.25,min_cluster_size=3",hub,0.25,50,26,40,1730,22,0,18,1730,0.55,0.0,1.0,0.0,0.142583740028468
fbc_tfnbs,"e=0.5,h=1.0,n=30,start_thres=1.25,min_cluster_size=3",hub,0.25,50,26,40,1730,22,0,18,1730,0.55,0.0,1.0,0.0,0.142583740028468
fbc_tfnbs,"e=0.5,h=2.0,n=30,start_thres=1.25,min_cluster_size=3",hub,0.25,50,26,40,1730,22,0,18,1730,0.55,0.0,1.0,0.0,0.142583740028468
fbc_tfnbs,"e=0.5,h=3.0,n=30,start_thres=1.25,min_cluster_size=3",hub,0.25,50,26,40,1730,22,0,18,1730,0.55,0.0,1.0,0.0,0.142583740028468
fbc_tfnbs,"e=0.5,h=4.0,n=30,start_thres=1.25,min_cluster_size=3",hub,0.25,50,26,40,1730,22,0,18,1730,0.55,0.0,1.0,0.0,0.142583740028468
fbc_tfnbs,"e=0.5,h=5.0,n=30,start_thres=1.25,min_cluster_size=3",hub,0.25,50,26,40,1730,22,0,18,1730,0.55,0.0,1.0,0.0,0.142583740028468
fbc_tfnbs,"e=0.5,h=6.0,n=30,start_thres=1.25,min_cluster_size=3",hub,0.25,50,26,40,1730,22,0,18,1730,0.55,0.0,1.0,0.0,0.142583740028468
fbc_tfnbs,"e=0.5,h=7.0,n=30,start_thres=1.25,min_cluster_size=3",hub,0.25,50,26,40,1730,22,0,18,1730,0.55,0.0,1.0,0.0,0.142583740028468
fbc_tfnbs,"e=0.5,h=8.0,n=30,start_thres=1.25,min_cluster_size=3",hub,0.25,50,26,40,1730,22,0,18,1730,0.55,0.0,1.0,0.0,0.142583740028468
fbc_tfnbs,"e=0.5,h=9.0,n=30,start_thres=1.25,min_cluster_size=3",hub,0.25,50,26,40,1730,22,0,18,1730,0.55,0.0,1.0,0.0,0.142583740028468
fbc_tfnbs,"e=0.5,h=10.0,n=30,start_thres=1.25,min_cluster_size=3",hub,0.25,50,26,40,1730,22,0,18,1730,0.55,0.0,1.0,0.0,0.142583740028468
fbc_tfnbs,"e=0.6,h=0.5,n=30,start_thres=1.25,min_cluster_size=3",hub,0.25,50,26,40,1730,21,0,19,1730,0.525,0.0,1.0,0.0,0.142583740028468
fbc_tfnbs,"e=0.6,h=1.0,n=30,start_thres=1.25,min_cluster_size=3",hub,0.25,50,26,40,1730,22,0,18,1730,0.55,0.0,1.0,0.0,0.142583740028468
fbc_tfnbs,"e=0.6,h=2.0,n=30,start_thres=1.25,min_cluster_size=3",hub,0.25,50,26,40,1730,22,0,18,1730,0.55,0.0,1.0,0.0,0.142583740028468
fbc_tfnbs,"e=0.6,h=3.0,n=30,start_thres=1.25,min_cluster_size=3",hub,0.25,50,26,40,1730,22,0,18,1730,0.55,0.0,1.0,0.0,0.142583740028468
fbc_tfnbs,"e=0.6,h=4.0,n=30,start_thres=1.25,min_cluster_size=3",hub,0.25,50,26,40,1730,22,0,18,1730,0.55,0.0,1.0,0.0,0.142583740028468
fbc_tfnbs,"e=0.6,h=5.0,n=30,start_thres=1.25,min_cluster_size=3",hub,0.25,50,26,40,1730,22,0,18,1730,0.55,0.0,1.0,0.0,0.142583740028468
fbc_tfnbs,"e=0.6,h=6.0,n=30,start_thres=1.25,min_cluster_size=3",hub,0.25,50,26,40,1730,22,0,18,1730,0.55,0.0,1.0,0.0,0.142583740028468
fbc_tfnbs,"e=0.6,h=7.0,n=30,start_thres=1.25,min_cluster_size=3",hub,0.25,50,26,40,1730,22,0,18,1730,0.55,0.0,1.0,0.0,0.142583740028468
fbc_tfnbs,"e=0.6,h=8.0,n=30,start_thres=1.25,min_cluster_size=3",hub,0.25,50,26,40,1730,22,0,18,1730,0.55,0.0,1.0,0.0,0.142583740028468
fbc_tfnbs,"e=0.6,h=9.0,n=30,start_thres=1.25,min_cluster_size=3",hub,0.25,50,26,40,1730,22,0,18,1730,0.55,0.0,1.0,0.0,0.142583740028468
fbc_tfnbs,"e=0.6,h=10.0,n=30,start_thres=1.25,min_cluster_size=3",hub,0.25,50,26,40,1730,22,0,18,1730,0.55,0.0,1.0,0.0,0.142583740028468
fbc_tfnbs,"e=0.7,h=0.5,n=30,start_thres=1.25,min_cluster_size=3",hub,0.25,50,26,40,1730,21,0,19,1730,0.525,0.0,1.0,0.0,0.142583740028468
fbc_tfnbs,"e=0.7,h=1.0,n=30,start_thres=1.25,min_cluster_size=3",hub,0.25,50,26,40,1730,21,0,19,1730,0.525,0.0,1.0,0.0,0.142583740028468
fbc_tfnbs,"e=0.7,h=2.0,n=30,start_thres=1.25,min_cluster_size=3",hub,0.25,50,26,40,1730,22,0,18,1730,0.55,0.0,1.0,0.0,0.142583740028468
fbc_tfnbs,"e=0.7,h=3.0,n=30,start_thres=1.25,min_cluster_size=3",hub,0.25,50,26,40,1730,22,0,18,1730,0.55,0.0,1.0,0.0,0.142583740028468
fbc_tfnbs,"e=0.7,h=4.0,n=30,start_thres=1.25,min_cluster_size=3",hub,0.25,50,26,40,1730,22,0,18,1730,0.55,0.0,1.0,0.0,0.142583740028468
fbc_tfnbs,"e=0.7,h=5.0,n=30,start_thres=1.25,min_cluster_size=3",hub,0.25,50,26,40,1730,22,0,18,1730,0.55,0.0,1.0,0.0,0.142583740028468
fbc_tfnbs,"e=0.7,h=6.0,n=30,start_thres=1.25,min_cluster_size=3",hub,0.25,50,26,40,1730,22,0,18,1730,0.55,0.0,1.0,0.0,0.142583740028468
fbc_tfnbs,"e=0.7,h=7.0,n=30,start_thres=1.25,min_cluster_size=3",hub,0.25,50,26,40,1730,22,0,18,1730,0.55,0.0,1.0,0.0,0.142583740028468
fbc_tfnbs,"e=0.7,h=8.0,n=30,start_thres=1.25,min_cluster_size=3",hub,0.25,50,26,40,1730,22,0,18,1730,0.55,0.0,1.0,0.0,0.142583740028468
fbc_tfnbs,"e=0.7,h=9.0,n=30,start_thres=1.25,min_cluster_size=3",hub,0.25,50,26,40,1730,22,0,18,1730,0.55,0.0,1.0,0.0,0.142583740028468
fbc_tfnbs,"e=0.7,h=10.0,n=30,start_thres=1.25,min_cluster_size=3",hub,0.25,50,26,40,1730,22,0,18,1730,0.55,0.0,1.0,0.0,0.142583740028468
fbc_tfnbs,"e=0.8,h=0.5,n=30,start_thres=1.25,min_cluster_size=3",hub,0.25,50,26,40,1730,20,0,20,1730,0.5,0.0,1.0,0.0,0.142583740028468
fbc_tfnbs,"e=0.8,h=1.0,n=30,start_thres=1.25,min_cluster_size=3",hub,0.25,50,26,40,1730,21,0,19,1730,0.525,0.0,1.0,0.0,0.142583740028468
fbc_tfnbs,"e=0.8,h=2.0,n=30,start_thres=1.25,min_cluster_size=3",hub,0.25,50,26,40,1730,22,0,18,1730,0.55,0.0,1.0,0.0,0.142583740028468
fbc_tfnbs,"e=0.8,h=3.0,n=30,start_thres=1.25,min_cluster_size=3",hub,0.25,50,26,40,1730,22,0,18,1730,0.55,0.0,1.0,0.0,0.142583740028468
fbc_tfnbs,"e=0.8,h=4.0,n=30,start_thres=1.25,min_cluster_size=3",hub,0.25,50,26,40,1730,22,0,18,1730,0.55,0.0,1.0,0.0,0.142583740028468
fbc_tfnbs,"e=0.8,h=5.0,n=30,start_thres=1.25,min_cluster_size=3",hub,0.25,50,26,40,1730,22,0,18,1730,0.55,0.0,1.0,0.0,0.142583740028468
fbc_tfnbs,"e=0.8,h=6.0,n=30,start_thres=1.25,min_cluster_size=3",hub,0.25,50,26,40,1730,22,0,18,1730,0.55,0.0,1.0,0.0,0.142583740028468
fbc_tfnbs,"e=0.8,h=7.0,n=30,start_thres=1.25,min_cluster_size=3",hub,0.25,50,26,40,1730,22,0,18,1730,0.55,0.0,1.0,0.0,0.142583740028468
fbc_tfnbs,"e=0.8,h=8.0,n=30,start_thres=1.25,min_cluster_size=3",hub,0.25,50,26,40,1730,23,0,17,1730,0.575,0.0,1.0,0.0,0.142583740028468
fbc_tfnbs,"e=0.8,h=9.0,n=30,start_thres=1.25,min_cluster_size=3",hub,0.25,50,26,40,1730,22,0,18,1730,0.55,0.0,1.0,0.0,0.142583740028468
fbc_tfnbs,"e=0.8,h=10.0,n=30,start_thres=1.25,min_cluster_size=3",hub,0.25,50,26,40,1730,22,0,18,1730,0.55,0.0,1.0,0.0,0.142583740028468
fbc_tfnbs,"e=0.9,h=0.5,n=30,start_thres=1.25,min_cluster_size=3",hub,0.25,50,26,40,1730,20,0,20,1730,0.5,0.0,1.0,0.0,0.142583740028468
fbc_tfnbs,"e=0.9,h=1.0,n=30,start_thres=1.25,min_cluster_size=3",hub,0.25,50,26,40,1730,20,0,20,1730,0.5,0.0,1.0,0.0,0.142583740028468
fbc_tfnbs,"e=0.9,h=2.0,n=30,start_thres=1.25,min_cluster_size=3",hub,0.25,50,26,40,1730,21,0,19,1730,0.525,0.0,1.0,0.0,0.142583740028468
fbc_tfnbs,"e=0.9,h=3.0,n=30,start_thres=1.25,min_cluster_size=3",hub,0.25,50,26,40,1730,22,0,18,1730,0.55,0.0,1.0,0.0,0.142583740028468
fbc_tfnbs,"e=0.9,h=4.0,n=30,start_thres=1.25,min_cluster_size=3",hub,0.25,50,26,40,1730,22,0,18,1730,0.55,0.0,1.0,0.0,0.142583740028468
fbc_tfnbs,"e=0.9,h=5.0,n=30,start_thres=1.25,min_cluster_size=3",hub,0.25,50,26,40,1730,22,0,18,1730,0.55,0.0,1.0,0.0,0.142583740028468
fbc_tfnbs,"e=0.9,h=6.0,n=30,start_thres=1.25,min_cluster_size=3",hub,0.25,50,26,40,1730,22,0,18,1730,0.55,0.0,1.0,0.0,0.142583740028468
fbc_tfnbs,"e=0.9,h=7.0,n=30,start_thres=1.25,min_cluster_size=3",hub,0.25,50,26,40,1730,23,0,17,1730,0.575,0.0,1.0,0.0,0.142583740028468
fbc_tfnbs,"e=0.9,h=8.0,n=30,start_thres=1.25,min_cluster_size=3",hub,0.25,50,26,40,1730,23,0,17,1730,0.575,0.0,1.0,0.0,0.142583740028468
fbc_tfnbs,"e=0.9,h=9.0,n=30,start_thres=1.25,min_cluster_size=3",hub,0.25,50,26,40,1730,23,0,17,1730,0.575,0.0,1.0,0.0,0.142583740028468
fbc_tfnbs,"e=0.9,h=10.0,n=30,start_thres=1.25,min_cluster_size=3",hub,0.25,50,26,40,1730,23,0,17,1730,0.575,0.0,1.0,0.0,0.142583740028468
fbc_tfnbs,"e=1.0,h=0.5,n=30,start_thres=1.25,min_cluster_size=3",hub,0.25,50,26,40,1730,16,0,24,1730,0.4,0.0,1.0,0.0,0.142583740028468
fbc_tfnbs,"e=1.0,h=1.0,n=30,start_thres=1.25,min_cluster_size=3",hub,0.25,50,26,40,1730,20,0,20,1730,0.5,0.0,1.0,0.0,0.142583740028468
fbc_tfnbs,"e=1.0,h=2.0,n=30,start_thres=1.25,min_cluster_size=3",hub,0.25,50,26,40,1730,21,0,19,1730,0.525,0.0,1.0,0.0,0.142583740028468
fbc_tfnbs,"e=1.0,h=3.0,n=30,start_thres=1.25,min_cluster_size=3",hub,0.25,50,26,40,1730,22,0,18,1730,0.55,0.0,1.0,0.0,0.142583740028468
fbc_tfnbs,"e=1.0,h=4.0,n=30,start_thres=1.25,min_cluster_size=3",hub,0.25,50,26,40,1730,22,0,18,1730,0.55,0.0,1.0,0.0,0.142583740028468
fbc_tfnbs,"e=1.0,h=5.0,n=30,start_thres=1.25,min_cluster_size=3",hub,0.25,50,26,40,1730,22,0,18,1730,0.55,0.0,1.0,0.0,0.142583740028468
fbc_tfnbs,"e=1.0,h=6.0,n=30,start_thres=1.25,min_cluster_size=3",hub,0.25,50,26,40,1730,22,0,18,1730,0.55,0.0,1.0,0.0,0.142583740028468
fbc_tfnbs,"e=1.0,h=7.0,n=30,start_thres=1.25,min_cluster_size=3",hub,0.25,50,26,40,1730,23,0,17,1730,0.575,0.0,1.0,0.0,0.142583740028468
fbc_tfnbs,"e=1.0,h=8.0,n=30,start_thres=1.25,min_cluster_size=3",hub,0.25,50,26,40,1730,23,0,17,1730,0.575,0.0,1.0,0.0,0.142583740028468
fbc_tfnbs,"e=1.0,h=9.0,n=30,start_thres=1.25,min_cluster_size=3",hub,0.25,50,26,40,1730,23,0,17,1730,0.575,0.0,1.0,0.0,0.142583740028468
fbc_tfnbs,"e=1.0,h=10.0,n=30,start_thres=1.25,min_cluster_size=3",hub,0.25,50,26,40,1730,23,0,17,1730,0.575,0.0,1.0,0.0,0.142583740028468
fbc_tfnbs,"e=1.1,h=0.5,n=30,start_thres=1.25,min_cluster_size=3",hub,0.25,50,26,40,1730,11,0,29,1730,0.275,0.0,1.0,0.0,0.142583740028468
fbc_tfnbs,"e=1.1,h=1.0,n=30,start_thres=1.25,min_cluster_size=3",hub,0.25,50,26,40,1730,20,0,20,1730,0.5,0.0,1.0,0.0,0.142583740028468
fbc_tfnbs,"e=1.1,h=2.0,n=30,start_thres=1.25,min_cluster_size=3",hub,0.25,50,26,40,1730,21,0,19,1730,0.525,0.0,1.0,0.0,0.142583740028468
fbc_tfnbs,"e=1.1,h=3.0,n=30,start_thres=1.25,min_cluster_size=3",hub,0.25,50,26,40,1730,22,0,18,1730,0.55,0.0,1.0,0.0,0.142583740028468
fbc_tfnbs,"e=1.1,h=4.0,n=30,start_thres=1.25,min_cluster_size=3",hub,0.25,50,26,40,1730,22,0,18,1730,0.55,0.0,1.0,0.0,0.142583740028468
fbc_tfnbs,"e=1.1,h=5.0,n=30,start_thres=1.25,min_cluster_size=3",hub,0.25,50,26,40,1730,22,0,18,1730,0.55,0.0,1.0,0.0,0.142583740028468
fbc_tfnbs,"e=1.1,h=6.0,n=30,start_thres=1.25,min_cluster_size=3",hub,0.25,50,26,40,1730,22,0,18,1730,0.55,0.0,1.0,0.0,0.142583740028468
fbc_tfnbs,"e=1.1,h=7.0,n=30,start_thres=1.25,min_cluster_size=3",hub,0.25,50,26,40,1730,23,0,17,1730,0.575,0.0,1.0,0.0,0.142583740028468
fbc_tfnbs,"e=1.1,h=8.0,n=30,start_thres=1.25,min_cluster_size=3",hub,0.25,50,26,40,1730,23,0,17,1730,0.575,0.0,1.0,0.0,0.142583740028468
fbc_tfnbs,"e=1.1,h=9.0,n=30,start_thres=1.25,min_cluster_size=3",hub,0.25,50,26,40,1730,23,0,17,1730,0.575,0.0,1.0,0.0,0.142583740028468
fbc_tfnbs,"e=1.1,h=10.0,n=30,start_thres=1.25,min_cluster_size=3",hub,0.25,50,26,40,1730,23,0,17,1730,0.575,0.0,1.0,0.0,0.142583740028468
fbc_tfnbs,"e=1.2,h=0.5,n=30,start_thres=1.25,min_cluster_size=3",hub,0.25,50,26,40,1730,6,0,34,1730,0.15,0.0,1.0,0.0,0.142583740028468
fbc_tfnbs,"e=1.2,h=1.0,n=30,start_thres=1.25,min_cluster_size=3",hub,0.25,50,26,40,1730,13,0,27,1730,0.325,0.0,1.0,0.0,0.142583740028468
fbc_tfnbs,"e=1.2,h=2.0,n=30,start_thres=1.25,min_cluster_size=3",hub,0.25,50,26,40,1730,20,0,20,1730,0.5,0.0,1.0,0.0,0.142583740028468
fbc_tfnbs,"e=1.2,h=3.0,n=30,start_thres=1.25,min_cluster_size=3",hub,0.25,50,26,40,1730,21,0,19,1730,0.525,0.0,1.0,0.0,0.142583740028468
fbc_tfnbs,"e=1.2,h=4.0,n=30,start_thres=1.25,min_cluster_size=3",hub,0.25,50,26,40,1730,22,0,18,1730,0.55,0.0,1.0,0.0,0.142583740028468
fbc_tfnbs,"e=1.2,h=5.0,n=30,start_thres=1.25,min_cluster_size=3",hub,0.25,50,26,40,1730,22,0,18,1730,0.55,0.0,1.0,0.0,0.142583740028468
fbc_tfnbs,"e=1.2,h=6.0,n=30,start_thres=1.25,min_cluster_size=3",hub,0.25,50,26,40,1730,22,0,18,1730,0.55,0.0,1.0,0.0,0.142583740028468
fbc_tfnbs,"e=1.2,h=7.0,n=30,start_thres=1.25,min_cluster_size=3",hub,0.25,50,26,40,1730,23,0,17,1730,0.575,0.0,1.0,0.0,0.142583740028468
fbc_tfnbs,"e=1.2,h=8.0,n=30,start_thres=1.25,min_cluster_size=3",hub,0.25,50,26,40,1730,23,0,17,1730,0.575,0.0,1.0,0.0,0.142583740028468
fbc_tfnbs,"e=1.2,h=9.0,n=30,start_thres=1.25,min_cluster_size=3",hub,0.25,50,26,40,1730,23,0,17,1730,0.575,0.0,1.0,0.0,0.142583740028468
fbc_tfnbs,"e=1.2,h=10.0,n=30,start_thres=1.25,min_cluster_size=3",hub,0.25,50,26,40,1730,23,0,17,1730,0.575,0.0,1.0,0.0,0.142583740028468
fbc_tfnbs,"e=1.3,h=0.5,n=30,start_thres=1.25,min_cluster_size=3",hub,0.25,50,26,40,1730,4,0,36,1730,0.1,0.0,1.0,0.0,0.142583740028468
fbc_tfnbs,"e=1.3,h=1.0,n=30,start_thres=1.25,min_cluster_size=3",hub,0.25,50,26,40,1730,10,0,30,1730,0.25,0.0,1.0,0.0,0.142583740028468
fbc_tfnbs,"e=1.3,h=2.0,n=30,start_thres=1.25,min_cluster_size=3",hub,0.25,50,26,40,1730,20,0,20,1730,0.5,0.0,1.0,0.0,0.142583740028468
fbc_tfnbs,"e=1.3,h=3.0,n=30,start_thres=1.25,min_cluster_size=3",hub,0.25,50,26,40,1730,21,0,19,1730,0.525,0.0,1.0,0.0,0.142583740028468
fbc_tfnbs,"e=1.3,h=4.0,n=30,start_thres=1.25,min_cluster_size=3",hub,0.25,50,26,40,1730,22,0,18,1730,0.55,0.0,1.0,0.0,0.142583740028468
fbc_tfnbs,"e=1.3,h=5.0,n=30,start_thres=1.25,min_cluster_size=3",hub,0.25,50,26,40,1730,22,0,18,1730,0.55,0.0,1.0,0.0,0.142583740028468
fbc_tfnbs,"e=1.3,h=6.0,n=30,start_thres=1.25,min_cluster_size=3",hub,0.25,50,26,40,1730,22,0,18,1730,0.55,0.0,1.0,0.0,0.142583740028468
fbc_tfnbs,"e=1.3,h=7.0,n=30,start_thres=1.25,min_cluster_size=3",hub,0.25,50,26,40,1730,23,0,17,1730,0.575,0.0,1.0,0.0,0.142583740028468
fbc_tfnbs,"e=1.3,h=8.0,n=30,start_thres=1.25,min_cluster_size=3",hub,0.25,50,26,40,1730,23,0,17,1730,0.575,0.0,1.0,0.0,0.142583740028468
fbc_tfnbs,"e=1.3,h=9.0,n=30,start_thres=1.25,min_cluster_size=3",hub,0.25,50,26,40,1730,23,0,17,1730,0.575,0.0,1.0,0.0,0.142583740028468
fbc_tfnbs,"e=1.3,h=10.0,n=30,start_thres=1.25,min_cluster_size=3",hub,0.25,50,26,40,1730,23,0,17,1730,0.575,0.0,1.0,0.0,0.142583740028468
fbc_tfnbs,"e=1.4,h=0.5,n=30,start_thres=1.25,min_cluster_size=3",hub,0.25,50,26,40,1730,0,0,40,1730,0.0,0.0,0.0,0.0,0.142583740028468
fbc_tfnbs,"e=1.4,h=1.0,n=30,start_thres=1.25,min_cluster_size=3",hub,0.25,50,26,40,1730,6,0,34,1730,0.15,0.0,1.0,0.0,0.142583740028468
fbc_tfnbs,"e=1.4,h=2.0,n=30,start_thres=1.25,min_cluster_size=3",hub,0.25,50,26,40,1730,20,0,20,1730,0.5,0.0,1.0,0.0,0.142583740028468
fbc_tfnbs,"e=1.4,h=3.0,n=30,start_thres=1.25,min_cluster_size=3",hub,0.25,50,26,40,1730,21,0,19,1730,0.525,0.0,1.0,0.0,0.142583740028468
fbc_tfnbs,"e=1.4,h=4.0,n=30,start_thres=1.25,min_cluster_size=3",hub,0.25,50,26,40,1730,22,0,18,1730,0.55,0.0,1.0,0.0,0.142583740028468
fbc_tfnbs,"e=1.4,h=5.0,n=30,start_thres=1.25,min_cluster_size=3",hub,0.25,50,26,40,1730,22,0,18,1730,0.55,0.0,1.0,0.0,0.142583740028468
fbc_tfnbs,"e=1.4,h=6.0,n=30,start_thres=1.25,min_cluster_size=3",hub,0.25,50,26,40,1730,22,0,18,1730,0.55,0.0,1.0,0.0,0.142583740028468
fbc_tfnbs,"e=1.4,h=7.0,n=30,start_thres=1.25,min_cluster_size=3",hub,0.25,50,26,40,1730,22,0,18,1730,0.55,0.0,1.0,0.0,0.142583740028468
fbc_tfnbs,"e=1.4,h=8.0,n=30,start_thres=1.25,min_cluster_size=3",hub,0.25,50,26,40,1730,23,0,17,1730,0.575,0.0,1.0,0.0,0.142583740028468
fbc_tfnbs,"e=1.4,h=9.0,n=30,start_thres=1.25,min_cluster_size=3",hub,0.25,50,26,40,1730,23,0,17,1730,0.575,0.0,1.0,0.0,0.142583740028468
fbc_tfnbs,"e=1.4,h=10.0,n=30,start_thres=1.25,min_cluster_size=3",hub,0.25,50,26,40,1730,23,0,17,1730,0.575,0.0,1.0,0.0,0.142583740028468
fbc_tfnbs,"e=1.5,h=0.5,n=30,start_thres=1.25,min_cluster_size=3",hub,0.25,50,26,40,1730,0,0,40,1730,0.0,0.0,0.0,0.0,0.142583740028468
fbc_tfnbs,"e=1.5,h=1.0,n=30,start_thres=1.25,min_cluster_size=3",hub,0.25,50,26,40,1730,4,0,36,1730,0.1,0.0,1.0,0.0,0.142583740028468
fbc_tfnbs,"e=1.5,h=2.0,n=30,start_thres=1.25,min_cluster_size=3",hub,0.25,50,26,40,1730,15,0,25,1730,0.375,0.0,1.0,0.0,0.142583740028468
fbc_tfnbs,"e=1.5,h=3.0,n=30,start_thres=1.25,min_cluster_size=3",hub,0.25,50,26,40,1730,21,0,19,1730,0.525,0.0,1.0,0.0,0.142583740028468
fbc_tfnbs,"e=1.5,h=4.0,n=30,start_thres=1.25,min_cluster_size=3",hub,0.25,50,26,40,1730,21,0,19,1730,0.525,0.0,1.0,0.0,0.142583740028468
fbc_tfnbs,"e=1.5,h=5.0,n=30,start_thres=1.25,min_cluster_size=3",hub,0.25,50,26,40,1730,22,0,18,1730,0.55,0.0,1.0,0.0,0.142583740028468
fbc_tfnbs,"e=1.5,h=6.0,n=30,start_thres=1.25,min_cluster_size=3",hub,0.25,50,26,40,1730,22,0,18,1730,0.55,0.0,1.0,0.0,0.142583740028468
fbc_tfnbs,"e=1.5,h=7.0,n=30,start_thres=1.25,min_cluster_size=3",hub,0.25,50,26,40,1730,22,0,18,1730,0.55,0.0,1.0,0.0,0.142583740028468
fbc_tfnbs,"e=1.5,h=8.0,n=30,start_thres=1.25,min_cluster_size=3",hub,0.25,50,26,40,1730,23,0,17,1730,0.575,0.0,1.0,0.0,0.142583740028468
fbc_tfnbs,"e=1.5,h=9.0,n=30,start_thres=1.25,min_cluster_size=3",hub,0.25,50,26,40,1730,23,0,17,1730,0.575,0.0,1.0,0.0,0.142583740028468
fbc_tfnbs,"e=1.5,h=10.0,n=30,start_thres=1.25,min_cluster_size=3",hub,0.25,50,26,40,1730,23,0,17,1730,0.575,0.0,1.0,0.0,0.142583740028468
fbc_tfnbs,"e=0.05,h=0.5,n=30,start_thres=1.25,min_cluster_size=3",hub,0.25,50,27,40,1730,30,2,10,1728,0.75,0.0011560693641618,0.9375,0.0625,0.1440344913439317
fbc_tfnbs,"e=0.05,h=1.0,n=30,start_thres=1.25,min_cluster_size=3",hub,0.25,50,27,40,1730,30,2,10,1728,0.75,0.0011560693641618,0.9375,0.0625,0.1440344913439317
fbc_tfnbs,"e=0.05,h=2.0,n=30,start_thres=1.25,min_cluster_size=3",hub,0.25,50,27,40,1730,30,2,10,1728,0.75,0.0011560693641618,0.9375,0.0625,0.1440344913439317
fbc_tfnbs,"e=0.05,h=3.0,n=30,start_thres=1.25,min_cluster_size=3",hub,0.25,50,27,40,1730,30,2,10,1728,0.75,0.0011560693641618,0.9375,0.0625,0.1440344913439317
fbc_tfnbs,"e=0.05,h=4.0,n=30,start_thres=1.25,min_cluster_size=3",hub,0.25,50,27,40,1730,30,2,10,1728,0.75,0.0011560693641618,0.9375,0.0625,0.1440344913439317
fbc_tfnbs,"e=0.05,h=5.0,n=30,start_thres=1.25,min_cluster_size=3",hub,0.25,50,27,40,1730,30,2,10,1728,0.75,0.0011560693641618,0.9375,0.0625,0.1440344913439317
fbc_tfnbs,"e=0.05,h=6.0,n=30,start_thres=1.25,min_cluster_size=3",hub,0.25,50,27,40,1730,30,2,10,1728,0.75,0.0011560693641618,0.9375,0.0625,0.1440344913439317
fbc_tfnbs,"e=0.05,h=7.0,n=30,start_thres=1.25,min_cluster_size=3",hub,0.25,50,27,40,1730,30,2,10,1728,0.75,0.0011560693641618,0.9375,0.0625,0.1440344913439317
fbc_tfnbs,"e=0.05,h=8.0,n=30,start_thres=1.25,min_cluster_size=3",hub,0.25,50,27,40,1730,30,2,10,1728,0.75,0.0011560693641618,0.9375,0.0625,0.1440344913439317
fbc_tfnbs,"e=0.05,h=9.0,n=30,start_thres=1.25,min_cluster_size=3",hub,0.25,50,27,40,1730,30,2,10,1728,0.75,0.0011560693641618,0.9375,0.0625,0.1440344913439317
fbc_tfnbs,"e=0.05,h=10.0,n=30,start_thres=1.25,min_cluster_size=3",hub,0.25,50,27,40,1730,30,2,10,1728,0.75,0.0011560693641618,0.9375,0.0625,0.1440344913439317
fbc_tfnbs,"e=0.1,h=0.5,n=30,start_thres=1.25,min_cluster_size=3",hub,0.25,50,27,40,1730,30,2,10,1728,0.75,0.0011560693641618,0.9375,0.0625,0.1440344913439317
fbc_tfnbs,"e=0.1,h=1.0,n=30,start_thres=1.25,min_cluster_size=3",hub,0.25,50,27,40,1730,30,2,10,1728,0.75,0.0011560693641618,0.9375,0.0625,0.1440344913439317
fbc_tfnbs,"e=0.1,h=2.0,n=30,start_thres=1.25,min_cluster_size=3",hub,0.25,50,27,40,1730,30,2,10,1728,0.75,0.0011560693641618,0.9375,0.0625,0.1440344913439317
fbc_tfnbs,"e=0.1,h=3.0,n=30,start_thres=1.25,min_cluster_size=3",hub,0.25,50,27,40,1730,30,2,10,1728,0.75,0.0011560693641618,0.9375,0.0625,0.1440344913439317
fbc_tfnbs,"e=0.1,h=4.0,n=30,start_thres=1.25,min_cluster_size=3",hub,0.25,50,27,40,1730,30,2,10,1728,0.75,0.0011560693641618,0.9375,0.0625,0.1440344913439317
fbc_tfnbs,"e=0.1,h=5.0,n=30,start_thres=1.25,min_cluster_size=3",hub,0.25,50,27,40,1730,30,2,10,1728,0.75,0.0011560693641618,0.9375,0.0625,0.1440344913439317
fbc_tfnbs,"e=0.1,h=6.0,n=30,start_thres=1.25,min_cluster_size=3",hub,0.25,50,27,40,1730,30,2,10,1728,0.75,0.0011560693641618,0.9375,0.0625,0.1440344913439317
fbc_tfnbs,"e=0.1,h=7.0,n=30,start_thres=1.25,min_cluster_size=3",hub,0.25,50,27,40,1730,30,2,10,1728,0.75,0.0011560693641618,0.9375,0.0625,0.1440344913439317
fbc_tfnbs,"e=0.1,h=8.0,n=30,start_thres=1.25,min_cluster_size=3",hub,0.25,50,27,40,1730,30,2,10,1728,0.75,0.0011560693641618,0.9375,0.0625,0.1440344913439317
fbc_tfnbs,"e=0.1,h=9.0,n=30,start_thres=1.25,min_cluster_size=3",hub,0.25,50,27,40,1730,30,2,10,1728,0.75,0.0011560693641618,0.9375,0.0625,0.1440344913439317
fbc_tfnbs,"e=0.1,h=10.0,n=30,start_thres=1.25,min_cluster_size=3",hub,0.25,50,27,40,1730,30,2,10,1728,0.75,0.0011560693641618,0.9375,0.0625,0.1440344913439317
fbc_tfnbs,"e=0.2,h=0.5,n=30,start_thres=1.25,min_cluster_size=3",hub,0.25,50,27,40,1730,31,2,9,1728,0.775,0.0011560693641618,0.9393939393939394,0.0606060606060606,0.1440344913439317
fbc_tfnbs,"e=0.2,h=1.0,n=30,start_thres=1.25,min_cluster_size=3",hub,0.25,50,27,40,1730,31,2,9,1728,0.775,0.0011560693641618,0.9393939393939394,0.0606060606060606,0.1440344913439317
fbc_tfnbs,"e=0.2,h=2.0,n=30,start_thres=1.25,min_cluster_size=3",hub,0.25,50,27,40,1730,30,2,10,1728,0.75,0.0011560693641618,0.9375,0.0625,0.1440344913439317
fbc_tfnbs,"e=0.2,h=3.0,n=30,start_thres=1.25,min_cluster_size=3",hub,0.25,50,27,40,1730,30,2,10,1728,0.75,0.0011560693641618,0.9375,0.0625,0.1440344913439317
fbc_tfnbs,"e=0.2,h=4.0,n=30,start_thres=1.25,min_cluster_size=3",hub,0.25,50,27,40,1730,30,2,10,1728,0.75,0.0011560693641618,0.9375,0.0625,0.1440344913439317
fbc_tfnbs,"e=0.2,h=5.0,n=30,start_thres=1.25,min_cluster_size=3",hub,0.25,50,27,40,1730,30,2,10,1728,0.75,0.0011560693641618,0.9375,0.0625,0.1440344913439317
fbc_tfnbs,"e=0.2,h=6.0,n=30,start_thres=1.25,min_cluster_size=3",hub,0.25,50,27,40,1730,30,2,10,1728,0.75,0.0011560693641618,0.9375,0.0625,0.1440344913439317
fbc_tfnbs,"e=0.2,h=7.0,n=30,start_thres=1.25,min_cluster_size=3",hub,0.25,50,27,40,1730,30,2,10,1728,0.75,0.0011560693641618,0.9375,0.0625,0.1440344913439317
fbc_tfnbs,"e=0.2,h=8.0,n=30,start_thres=1.25,min_cluster_size=3",hub,0.25,50,27,40,1730,30,2,10,1728,0.75,0.0011560693641618,0.9375,0.0625,0.1440344913439317
fbc_tfnbs,"e=0.2,h=9.0,n=30,start_thres=1.25,min_cluster_size=3",hub,0.25,50,27,40,1730,30,2,10,1728,0.75,0.0011560693641618,0.9375,0.0625,0.1440344913439317
fbc_tfnbs,"e=0.2,h=10.0,n=30,start_thres=1.25,min_cluster_size=3",hub,0.25,50,27,40,1730,30,2,10,1728,0.75,0.0011560693641618,0.9375,0.0625,0.1440344913439317
fbc_tfnbs,"e=0.3,h=0.5,n=30,start_thres=1.25,min_cluster_size=3",hub,0.25,50,27,40,1730,31,2,9,1728,0.775,0.0011560693641618,0.9393939393939394,0.0606060606060606,0.1440344913439317
fbc_tfnbs,"e=0.3,h=1.0,n=30,start_thres=1.25,min_cluster_size=3",hub,0.25,50,27,40,1730,31,2,9,1728,0.775,0.0011560693641618,0.9393939393939394,0.0606060606060606,0.1440344913439317
fbc_tfnbs,"e=0.3,h=2.0,n=30,start_thres=1.25,min_cluster_size=3",hub,0.25,50,27,40,1730,31,2,9,1728,0.775,0.0011560693641618,0.9393939393939394,0.0606060606060606,0.1440344913439317
fbc_tfnbs,"e=0.3,h=3.0,n=30,start_thres=1.25,min_cluster_size=3",hub,0.25,50,27,40,1730,31,2,9,1728,0.775,0.0011560693641618,0.9393939393939394,0.0606060606060606,0.1440344913439317
fbc_tfnbs,"e=0.3,h=4.0,n=30,start_thres=1.25,min_cluster_size=3",hub,0.25,50,27,40,1730,31,2,9,1728,0.775,0.0011560693641618,0.9393939393939394,0.0606060606060606,0.1440344913439317
fbc_tfnbs,"e=0.3,h=5.0,n=30,start_thres=1.25,min_cluster_size=3",hub,0.25,50,27,40,1730,31,2,9,1728,0.775,0.0011560693641618,0.9393939393939394,0.0606060606060606,0.1440344913439317
fbc_tfnbs,"e=0.3,h=6.0,n=30,start_thres=1.25,min_cluster_size=3",hub,0.25,50,27,40,1730,31,2,9,1728,0.775,0.0011560693641618,0.9393939393939394,0.0606060606060606,0.1440344913439317
fbc_tfnbs,"e=0.3,h=7.0,n=30,start_thres=1.25,min_cluster_size=3",hub,0.25,50,27,40,1730,30,2,10,1728,0.75,0.0011560693641618,0.9375,0.0625,0.1440344913439317
fbc_tfnbs,"e=0.3,h=8.0,n=30,start_thres=1.25,min_cluster_size=3",hub,0.25,50,27,40,1730,30,2,10,1728,0.75,0.0011560693641618,0.9375,0.0625,0.1440344913439317
fbc_tfnbs,"e=0.3,h=9.0,n=30,start_thres=1.25,min_cluster_size=3",hub,0.25,50,27,40,1730,30,2,10,1728,0.75,0.0011560693641618,0.9375,0.0625,0.1440344913439317
fbc_tfnbs,"e=0.3,h=10.0,n=30,start_thres=1.25,min_cluster_size=3",hub,0.25,50,27,40,1730,30,2,10,1728,0.75,0.0011560693641618,0.9375,0.0625,0.1440344913439317
fbc_tfnbs,"e=0.4,h=0.5,n=30,start_thres=1.25,min_cluster_size=3",hub,0.25,50,27,40,1730,31,2,9,1728,0.775,0.0011560693641618,0.9393939393939394,0.0606060606060606,0.1440344913439317
fbc_tfnbs,"e=0.4,h=1.0,n=30,start_thres=1.25,min_cluster_size=3",hub,0.25,50,27,40,1730,31,2,9,1728,0.775,0.0011560693641618,0.9393939393939394,0.0606060606060606,0.1440344913439317
fbc_tfnbs,"e=0.4,h=2.0,n=30,start_thres=1.25,min_cluster_size=3",hub,0.25,50,27,40,1730,31,2,9,1728,0.775,0.0011560693641618,0.9393939393939394,0.0606060606060606,0.1440344913439317
fbc_tfnbs,"e=0.4,h=3.0,n=30,start_thres=1.25,min_cluster_size=3",hub,0.25,50,27,40,1730,31,2,9,1728,0.775,0.0011560693641618,0.9393939393939394,0.0606060606060606,0.1440344913439317
fbc_tfnbs,"e=0.4,h=4.0,n=30,start_thres=1.25,min_cluster_size=3",hub,0.25,50,27,40,1730,31,2,9,1728,0.775,0.0011560693641618,0.9393939393939394,0.0606060606060606,0.1440344913439317
fbc_tfnbs,"e=0.4,h=5.0,n=30,start_thres=1.25,min_cluster_size=3",hub,0.25,50,27,40,1730,31,2,9,1728,0.775,0.0011560693641618,0.9393939393939394,0.0606060606060606,0.1440344913439317
fbc_tfnbs,"e=0.4,h=6.0,n=30,start_thres=1.25,min_cluster_size=3",hub,0.25,50,27,40,1730,31,2,9,1728,0.775,0.0011560693641618,0.9393939393939394,0.0606060606060606,0.1440344913439317
fbc_tfnbs,"e=0.4,h=7.0,n=30,start_thres=1.25,min_cluster_size=3",hub,0.25,50,27,40,1730,31,2,9,1728,0.775,0.0011560693641618,0.9393939393939394,0.0606060606060606,0.1440344913439317
fbc_tfnbs,"e=0.4,h=8.0,n=30,start_thres=1.25,min_cluster_size=3",hub,0.25,50,27,40,1730,31,2,9,1728,0.775,0.0011560693641618,0.9393939393939394,0.0606060606060606,0.1440344913439317
fbc_tfnbs,"e=0.4,h=9.0,n=30,start_thres=1.25,min_cluster_size=3",hub,0.25,50,27,40,1730,31,2,9,1728,0.775,0.0011560693641618,0.9393939393939394,0.0606060606060606,0.1440344913439317
fbc_tfnbs,"e=0.4,h=10.0,n=30,start_thres=1.25,min_cluster_size=3",hub,0.25,50,27,40,1730,31,2,9,1728,0.775,0.0011560693641618,0.9393939393939394,0.0606060606060606,0.1440344913439317
fbc_tfnbs,"e=0.5,h=0.5,n=30,start_thres=1.25,min_cluster_size=3",hub,0.25,50,27,40,1730,31,2,9,1728,0.775,0.0011560693641618,0.9393939393939394,0.0606060606060606,0.1440344913439317
fbc_tfnbs,"e=0.5,h=1.0,n=30,start_thres=1.25,min_cluster_size=3",hub,0.25,50,27,40,1730,31,2,9,1728,0.775,0.0011560693641618,0.9393939393939394,0.0606060606060606,0.1440344913439317
fbc_tfnbs,"e=0.5,h=2.0,n=30,start_thres=1.25,min_cluster_size=3",hub,0.25,50,27,40,1730,31,2,9,1728,0.775,0.0011560693641618,0.9393939393939394,0.0606060606060606,0.1440344913439317
fbc_tfnbs,"e=0.5,h=3.0,n=30,start_thres=1.25,min_cluster_size=3",hub,0.25,50,27,40,1730,31,2,9,1728,0.775,0.0011560693641618,0.9393939393939394,0.0606060606060606,0.1440344913439317
fbc_tfnbs,"e=0.5,h=4.0,n=30,start_thres=1.25,min_cluster_size=3",hub,0.25,50,27,40,1730,31,2,9,1728,0.775,0.0011560693641618,0.9393939393939394,0.0606060606060606,0.1440344913439317
fbc_tfnbs,"e=0.5,h=5.0,n=30,start_thres=1.25,min_cluster_size=3",hub,0.25,50,27,40,1730,31,2,9,1728,0.775,0.0011560693641618,0.9393939393939394,0.0606060606060606,0.1440344913439317
fbc_tfnbs,"e=0.5,h=6.0,n=30,start_thres=1.25,min_cluster_size=3",hub,0.25,50,27,40,1730,31,2,9,1728,0.775,0.0011560693641618,0.9393939393939394,0.0606060606060606,0.1440344913439317
fbc_tfnbs,"e=0.5,h=7.0,n=30,start_thres=1.25,min_cluster_size=3",hub,0.25,50,27,40,1730,31,2,9,1728,0.775,0.0011560693641618,0.9393939393939394,0.0606060606060606,0.1440344913439317
fbc_tfnbs,"e=0.5,h=8.0,n=30,start_thres=1.25,min_cluster_size=3",hub,0.25,50,27,40,1730,31,2,9,1728,0.775,0.0011560693641618,0.9393939393939394,0.0606060606060606,0.1440344913439317
fbc_tfnbs,"e=0.5,h=9.0,n=30,start_thres=1.25,min_cluster_size=3",hub,0.25,50,27,40,1730,31,2,9,1728,0.775,0.0011560693641618,0.9393939393939394,0.0606060606060606,0.1440344913439317
fbc_tfnbs,"e=0.5,h=10.0,n=30,start_thres=1.25,min_cluster_size=3",hub,0.25,50,27,40,1730,31,2,9,1728,0.775,0.0011560693641618,0.9393939393939394,0.0606060606060606,0.1440344913439317
fbc_tfnbs,"e=0.6,h=0.5,n=30,start_thres=1.25,min_cluster_size=3",hub,0.25,50,27,40,1730,31,2,9,1728,0.775,0.0011560693641618,0.9393939393939394,0.0606060606060606,0.1440344913439317
fbc_tfnbs,"e=0.6,h=1.0,n=30,start_thres=1.25,min_cluster_size=3",hub,0.25,50,27,40,1730,31,2,9,1728,0.775,0.0011560693641618,0.9393939393939394,0.0606060606060606,0.1440344913439317
fbc_tfnbs,"e=0.6,h=2.0,n=30,start_thres=1.25,min_cluster_size=3",hub,0.25,50,27,40,1730,31,2,9,1728,0.775,0.0011560693641618,0.9393939393939394,0.0606060606060606,0.1440344913439317
fbc_tfnbs,"e=0.6,h=3.0,n=30,start_thres=1.25,min_cluster_size=3",hub,0.25,50,27,40,1730,31,2,9,1728,0.775,0.0011560693641618,0.9393939393939394,0.0606060606060606,0.1440344913439317
fbc_tfnbs,"e=0.6,h=4.0,n=30,start_thres=1.25,min_cluster_size=3",hub,0.25,50,27,40,1730,31,2,9,1728,0.775,0.0011560693641618,0.9393939393939394,0.0606060606060606,0.1440344913439317
fbc_tfnbs,"e=0.6,h=5.0,n=30,start_thres=1.25,min_cluster_size=3",hub,0.25,50,27,40,1730,31,2,9,1728,0.775,0.0011560693641618,0.9393939393939394,0.0606060606060606,0.1440344913439317
fbc_tfnbs,"e=0.6,h=6.0,n=30,start_thres=1.25,min_cluster_size=3",hub,0.25,50,27,40,1730,31,2,9,1728,0.775,0.0011560693641618,0.9393939393939394,0.0606060606060606,0.1440344913439317
fbc_tfnbs,"e=0.6,h=7.0,n=30,start_thres=1.25,min_cluster_size=3",hub,0.25,50,27,40,1730,31,2,9,1728,0.775,0.0011560693641618,0.9393939393939394,0.0606060606060606,0.1440344913439317
fbc_tfnbs,"e=0.6,h=8.0,n=30,start_thres=1.25,min_cluster_size=3",hub,0.25,50,27,40,1730,31,2,9,1728,0.775,0.0011560693641618,0.9393939393939394,0.0606060606060606,0.1440344913439317
fbc_tfnbs,"e=0.6,h=9.0,n=30,start_thres=1.25,min_cluster_size=3",hub,0.25,50,27,40,1730,31,2,9,1728,0.775,0.0011560693641618,0.9393939393939394,0.0606060606060606,0.1440344913439317
fbc_tfnbs,"e=0.6,h=10.0,n=30,start_thres=1.25,min_cluster_size=3",hub,0.25,50,27,40,1730,31,2,9,1728,0.775,0.0011560693641618,0.9393939393939394,0.0606060606060606,0.1440344913439317
fbc_tfnbs,"e=0.7,h=0.5,n=30,start_thres=1.25,min_cluster_size=3",hub,0.25,50,27,40,1730,31,2,9,1728,0.775,0.0011560693641618,0.9393939393939394,0.0606060606060606,0.1440344913439317
fbc_tfnbs,"e=0.7,h=1.0,n=30,start_thres=1.25,min_cluster_size=3",hub,0.25,50,27,40,1730,31,2,9,1728,0.775,0.0011560693641618,0.9393939393939394,0.0606060606060606,0.1440344913439317
fbc_tfnbs,"e=0.7,h=2.0,n=30,start_thres=1.25,min_cluster_size=3",hub,0.25,50,27,40,1730,31,2,9,1728,0.775,0.0011560693641618,0.9393939393939394,0.0606060606060606,0.1440344913439317
fbc_tfnbs,"e=0.7,h=3.0,n=30,start_thres=1.25,min_cluster_size=3",hub,0.25,50,27,40,1730,31,2,9,1728,0.775,0.0011560693641618,0.9393939393939394,0.0606060606060606,0.1440344913439317
fbc_tfnbs,"e=0.7,h=4.0,n=30,start_thres=1.25,min_cluster_size=3",hub,0.25,50,27,40,1730,31,2,9,1728,0.775,0.0011560693641618,0.9393939393939394,0.0606060606060606,0.1440344913439317
fbc_tfnbs,"e=0.7,h=5.0,n=30,start_thres=1.25,min_cluster_size=3",hub,0.25,50,27,40,1730,31,2,9,1728,0.775,0.0011560693641618,0.9393939393939394,0.0606060606060606,0.1440344913439317
fbc_tfnbs,"e=0.7,h=6.0,n=30,start_thres=1.25,min_cluster_size=3",hub,0.25,50,27,40,1730,31,2,9,1728,0.775,0.0011560693641618,0.9393939393939394,0.0606060606060606,0.1440344913439317
fbc_tfnbs,"e=0.7,h=7.0,n=30,start_thres=1.25,min_cluster_size=3",hub,0.25,50,27,40,1730,31,2,9,1728,0.775,0.0011560693641618,0.9393939393939394,0.0606060606060606,0.1440344913439317
fbc_tfnbs,"e=0.7,h=8.0,n=30,start_thres=1.25,min_cluster_size=3",hub,0.25,50,27,40,1730,31,2,9,1728,0.775,0.0011560693641618,0.9393939393939394,0.0606060606060606,0.1440344913439317
fbc_tfnbs,"e=0.7,h=9.0,n=30,start_thres=1.25,min_cluster_size=3",hub,0.25,50,27,40,1730,31,2,9,1728,0.775,0.0011560693641618,0.9393939393939394,0.0606060606060606,0.1440344913439317
fbc_tfnbs,"e=0.7,h=10.0,n=30,start_thres=1.25,min_cluster_size=3",hub,0.25,50,27,40,1730,31,2,9,1728,0.775,0.0011560693641618,0.9393939393939394,0.0606060606060606,0.1440344913439317
fbc_tfnbs,"e=0.8,h=0.5,n=30,start_thres=1.25,min_cluster_size=3",hub,0.25,50,27,40,1730,31,2,9,1728,0.775,0.0011560693641618,0.9393939393939394,0.0606060606060606,0.1440344913439317
fbc_tfnbs,"e=0.8,h=1.0,n=30,start_thres=1.25,min_cluster_size=3",hub,0.25,50,27,40,1730,31,2,9,1728,0.775,0.0011560693641618,0.9393939393939394,0.0606060606060606,0.1440344913439317
fbc_tfnbs,"e=0.8,h=2.0,n=30,start_thres=1.25,min_cluster_size=3",hub,0.25,50,27,40,1730,31,2,9,1728,0.775,0.0011560693641618,0.9393939393939394,0.0606060606060606,0.1440344913439317
fbc_tfnbs,"e=0.8,h=3.0,n=30,start_thres=1.25,min_cluster_size=3",hub,0.25,50,27,40,1730,31,2,9,1728,0.775,0.0011560693641618,0.9393939393939394,0.0606060606060606,0.1440344913439317
fbc_tfnbs,"e=0.8,h=4.0,n=30,start_thres=1.25,min_cluster_size=3",hub,0.25,50,27,40,1730,31,2,9,1728,0.775,0.0011560693641618,0.9393939393939394,0.0606060606060606,0.1440344913439317
fbc_tfnbs,"e=0.8,h=5.0,n=30,start_thres=1.25,min_cluster_size=3",hub,0.25,50,27,40,1730,31,2,9,1728,0.775,0.0011560693641618,0.9393939393939394,0.0606060606060606,0.1440344913439317
fbc_tfnbs,"e=0.8,h=6.0,n=30,start_thres=1.25,min_cluster_size=3",hub,0.25,50,27,40,1730,31,2,9,1728,0.775,0.0011560693641618,0.9393939393939394,0.0606060606060606,0.1440344913439317
fbc_tfnbs,"e=0.8,h=7.0,n=30,start_thres=1.25,min_cluster_size=3",hub,0.25,50,27,40,1730,31,2,9,1728,0.775,0.0011560693641618,0.9393939393939394,0.0606060606060606,0.1440344913439317
fbc_tfnbs,"e=0.8,h=8.0,n=30,start_thres=1.25,min_cluster_size=3",hub,0.25,50,27,40,1730,31,2,9,1728,0.775,0.0011560693641618,0.9393939393939394,0.0606060606060606,0.1440344913439317
fbc_tfnbs,"e=0.8,h=9.0,n=30,start_thres=1.25,min_cluster_size=3",hub,0.25,50,27,40,1730,31,2,9,1728,0.775,0.0011560693641618,0.9393939393939394,0.0606060606060606,0.1440344913439317
fbc_tfnbs,"e=0.8,h=10.0,n=30,start_thres=1.25,min_cluster_size=3",hub,0.25,50,27,40,1730,31,2,9,1728,0.775,0.0011560693641618,0.9393939393939394,0.0606060606060606,0.1440344913439317
fbc_tfnbs,"e=0.9,h=0.5,n=30,start_thres=1.25,min_cluster_size=3",hub,0.25,50,27,40,1730,28,2,12,1728,0.7,0.0011560693641618,0.9333333333333332,0.0666666666666666,0.1440344913439317
fbc_tfnbs,"e=0.9,h=1.0,n=30,start_thres=1.25,min_cluster_size=3",hub,0.25,50,27,40,1730,31,2,9,1728,0.775,0.0011560693641618,0.9393939393939394,0.0606060606060606,0.1440344913439317
fbc_tfnbs,"e=0.9,h=2.0,n=30,start_thres=1.25,min_cluster_size=3",hub,0.25,50,27,40,1730,31,2,9,1728,0.775,0.0011560693641618,0.9393939393939394,0.0606060606060606,0.1440344913439317
fbc_tfnbs,"e=0.9,h=3.0,n=30,start_thres=1.25,min_cluster_size=3",hub,0.25,50,27,40,1730,31,2,9,1728,0.775,0.0011560693641618,0.9393939393939394,0.0606060606060606,0.1440344913439317
fbc_tfnbs,"e=0.9,h=4.0,n=30,start_thres=1.25,min_cluster_size=3",hub,0.25,50,27,40,1730,31,2,9,1728,0.775,0.0011560693641618,0.9393939393939394,0.0606060606060606,0.1440344913439317
fbc_tfnbs,"e=0.9,h=5.0,n=30,start_thres=1.25,min_cluster_size=3",hub,0.25,50,27,40,1730,31,2,9,1728,0.775,0.0011560693641618,0.9393939393939394,0.0606060606060606,0.1440344913439317
fbc_tfnbs,"e=0.9,h=6.0,n=30,start_thres=1.25,min_cluster_size=3",hub,0.25,50,27,40,1730,31,2,9,1728,0.775,0.0011560693641618,0.9393939393939394,0.0606060606060606,0.1440344913439317
fbc_tfnbs,"e=0.9,h=7.0,n=30,start_thres=1.25,min_cluster_size=3",hub,0.25,50,27,40,1730,31,2,9,1728,0.775,0.0011560693641618,0.9393939393939394,0.0606060606060606,0.1440344913439317
fbc_tfnbs,"e=0.9,h=8.0,n=30,start_thres=1.25,min_cluster_size=3",hub,0.25,50,27,40,1730,31,2,9,1728,0.775,0.0011560693641618,0.9393939393939394,0.0606060606060606,0.1440344913439317
fbc_tfnbs,"e=0.9,h=9.0,n=30,start_thres=1.25,min_cluster_size=3",hub,0.25,50,27,40,1730,31,2,9,1728,0.775,0.0011560693641618,0.9393939393939394,0.0606060606060606,0.1440344913439317
fbc_tfnbs,"e=0.9,h=10.0,n=30,start_thres=1.25,min_cluster_size=3",hub,0.25,50,27,40,1730,31,2,9,1728,0.775,0.0011560693641618,0.9393939393939394,0.0606060606060606,0.1440344913439317
fbc_tfnbs,"e=1.0,h=0.5,n=30,start_thres=1.25,min_cluster_size=3",hub,0.25,50,27,40,1730,27,2,13,1728,0.675,0.0011560693641618,0.9310344827586208,0.0689655172413793,0.1440344913439317
fbc_tfnbs,"e=1.0,h=1.0,n=30,start_thres=1.25,min_cluster_size=3",hub,0.25,50,27,40,1730,30,2,10,1728,0.75,0.0011560693641618,0.9375,0.0625,0.1440344913439317
fbc_tfnbs,"e=1.0,h=2.0,n=30,start_thres=1.25,min_cluster_size=3",hub,0.25,50,27,40,1730,31,2,9,1728,0.775,0.0011560693641618,0.9393939393939394,0.0606060606060606,0.1440344913439317
fbc_tfnbs,"e=1.0,h=3.0,n=30,start_thres=1.25,min_cluster_size=3",hub,0.25,50,27,40,1730,31,2,9,1728,0.775,0.0011560693641618,0.9393939393939394,0.0606060606060606,0.1440344913439317
fbc_tfnbs,"e=1.0,h=4.0,n=30,start_thres=1.25,min_cluster_size=3",hub,0.25,50,27,40,1730,31,2,9,1728,0.775,0.0011560693641618,0.9393939393939394,0.0606060606060606,0.1440344913439317
fbc_tfnbs,"e=1.0,h=5.0,n=30,start_thres=1.25,min_cluster_size=3",hub,0.25,50,27,40,1730,31,2,9,1728,0.775,0.0011560693641618,0.9393939393939394,0.0606060606060606,0.1440344913439317
fbc_tfnbs,"e=1.0,h=6.0,n=30,start_thres=1.25,min_cluster_size=3",hub,0.25,50,27,40,1730,31,2,9,1728,0.775,0.0011560693641618,0.9393939393939394,0.0606060606060606,0.1440344913439317
fbc_tfnbs,"e=1.0,h=7.0,n=30,start_thres=1.25,min_cluster_size=3",hub,0.25,50,27,40,1730,31,2,9,1728,0.775,0.0011560693641618,0.9393939393939394,0.0606060606060606,0.1440344913439317
fbc_tfnbs,"e=1.0,h=8.0,n=30,start_thres=1.25,min_cluster_size=3",hub,0.25,50,27,40,1730,31,2,9,1728,0.775,0.0011560693641618,0.9393939393939394,0.0606060606060606,0.1440344913439317
fbc_tfnbs,"e=1.0,h=9.0,n=30,start_thres=1.25,min_cluster_size=3",hub,0.25,50,27,40,1730,31,2,9,1728,0.775,0.0011560693641618,0.9393939393939394,0.0606060606060606,0.1440344913439317
fbc_tfnbs,"e=1.0,h=10.0,n=30,start_thres=1.25,min_cluster_size=3",hub,0.25,50,27,40,1730,31,2,9,1728,0.775,0.0011560693641618,0.9393939393939394,0.0606060606060606,0.1440344913439317
fbc_tfnbs,"e=1.1,h=0.5,n=30,start_thres=1.25,min_cluster_size=3",hub,0.25,50,27,40,1730,24,2,16,1728,0.6,0.0011560693641618,0.9230769230769232,0.0769230769230769,0.1440344913439317
fbc_tfnbs,"e=1.1,h=1.0,n=30,start_thres=1.25,min_cluster_size=3",hub,0.25,50,27,40,1730,27,2,13,1728,0.675,0.0011560693641618,0.9310344827586208,0.0689655172413793,0.1440344913439317
fbc_tfnbs,"e=1.1,h=2.0,n=30,start_thres=1.25,min_cluster_size=3",hub,0.25,50,27,40,1730,31,2,9,1728,0.775,0.0011560693641618,0.9393939393939394,0.0606060606060606,0.1440344913439317
fbc_tfnbs,"e=1.1,h=3.0,n=30,start_thres=1.25,min_cluster_size=3",hub,0.25,50,27,40,1730,31,2,9,1728,0.775,0.0011560693641618,0.9393939393939394,0.0606060606060606,0.1440344913439317
fbc_tfnbs,"e=1.1,h=4.0,n=30,start_thres=1.25,min_cluster_size=3",hub,0.25,50,27,40,1730,31,2,9,1728,0.775,0.0011560693641618,0.9393939393939394,0.0606060606060606,0.1440344913439317
fbc_tfnbs,"e=1.1,h=5.0,n=30,start_thres=1.25,min_cluster_size=3",hub,0.25,50,27,40,1730,31,2,9,1728,0.775,0.0011560693641618,0.9393939393939394,0.0606060606060606,0.1440344913439317
fbc_tfnbs,"e=1.1,h=6.0,n=30,start_thres=1.25,min_cluster_size=3",hub,0.25,50,27,40,1730,31,2,9,1728,0.775,0.0011560693641618,0.9393939393939394,0.0606060606060606,0.1440344913439317
fbc_tfnbs,"e=1.1,h=7.0,n=30,start_thres=1.25,min_cluster_size=3",hub,0.25,50,27,40,1730,31,2,9,1728,0.775,0.0011560693641618,0.9393939393939394,0.0606060606060606,0.1440344913439317
fbc_tfnbs,"e=1.1,h=8.0,n=30,start_thres=1.25,min_cluster_size=3",hub,0.25,50,27,40,1730,31,2,9,1728,0.775,0.0011560693641618,0.9393939393939394,0.0606060606060606,0.1440344913439317
fbc_tfnbs,"e=1.1,h=9.0,n=30,start_thres=1.25,min_cluster_size=3",hub,0.25,50,27,40,1730,31,2,9,1728,0.775,0.0011560693641618,0.9393939393939394,0.0606060606060606,0.1440344913439317
fbc_tfnbs,"e=1.1,h=10.0,n=30,start_thres=1.25,min_cluster_size=3",hub,0.25,50,27,40,1730,31,2,9,1728,0.775,0.0011560693641618,0.9393939393939394,0.0606060606060606,0.1440344913439317
fbc_tfnbs,"e=1.2,h=0.5,n=30,start_thres=1.25,min_cluster_size=3",hub,0.25,50,27,40,1730,23,2,17,1728,0.575,0.0011560693641618,0.92,0.08,0.1440344913439317
fbc_tfnbs,"e=1.2,h=1.0,n=30,start_thres=1.25,min_cluster_size=3",hub,0.25,50,27,40,1730,24,2,16,1728,0.6,0.0011560693641618,0.9230769230769232,0.0769230769230769,0.1440344913439317
fbc_tfnbs,"e=1.2,h=2.0,n=30,start_thres=1.25,min_cluster_size=3",hub,0.25,50,27,40,1730,31,2,9,1728,0.775,0.0011560693641618,0.9393939393939394,0.0606060606060606,0.1440344913439317
fbc_tfnbs,"e=1.2,h=3.0,n=30,start_thres=1.25,min_cluster_size=3",hub,0.25,50,27,40,1730,31,4,9,1726,0.775,0.0023121387283236,0.8857142857142857,0.1142857142857142,0.1440344913439317
fbc_tfnbs,"e=1.2,h=4.0,n=30,start_thres=1.25,min_cluster_size=3",hub,0.25,50,27,40,1730,31,4,9,1726,0.775,0.0023121387283236,0.8857142857142857,0.1142857142857142,0.1440344913439317
fbc_tfnbs,"e=1.2,h=5.0,n=30,start_thres=1.25,min_cluster_size=3",hub,0.25,50,27,40,1730,31,4,9,1726,0.775,0.0023121387283236,0.8857142857142857,0.1142857142857142,0.1440344913439317
fbc_tfnbs,"e=1.2,h=6.0,n=30,start_thres=1.25,min_cluster_size=3",hub,0.25,50,27,40,1730,31,2,9,1728,0.775,0.0011560693641618,0.9393939393939394,0.0606060606060606,0.1440344913439317
fbc_tfnbs,"e=1.2,h=7.0,n=30,start_thres=1.25,min_cluster_size=3",hub,0.25,50,27,40,1730,31,2,9,1728,0.775,0.0011560693641618,0.9393939393939394,0.0606060606060606,0.1440344913439317
fbc_tfnbs,"e=1.2,h=8.0,n=30,start_thres=1.25,min_cluster_size=3",hub,0.25,50,27,40,1730,31,2,9,1728,0.775,0.0011560693641618,0.9393939393939394,0.0606060606060606,0.1440344913439317
fbc_tfnbs,"e=1.2,h=9.0,n=30,start_thres=1.25,min_cluster_size=3",hub,0.25,50,27,40,1730,31,2,9,1728,0.775,0.0011560693641618,0.9393939393939394,0.0606060606060606,0.1440344913439317
fbc_tfnbs,"e=1.2,h=10.0,n=30,start_thres=1.25,min_cluster_size=3",hub,0.25,50,27,40,1730,31,2,9,1728,0.775,0.0011560693641618,0.9393939393939394,0.0606060606060606,0.1440344913439317
fbc_tfnbs,"e=1.3,h=0.5,n=30,start_thres=1.25,min_cluster_size=3",hub,0.25,50,27,40,1730,20,2,20,1728,0.5,0.0011560693641618,0.9090909090909092,0.0909090909090909,0.1440344913439317
fbc_tfnbs,"e=1.3,h=1.0,n=30,start_thres=1.25,min_cluster_size=3",hub,0.25,50,27,40,1730,24,2,16,1728,0.6,0.0011560693641618,0.9230769230769232,0.0769230769230769,0.1440344913439317
fbc_tfnbs,"e=1.3,h=2.0,n=30,start_thres=1.25,min_cluster_size=3",hub,0.25,50,27,40,1730,28,3,12,1727,0.7,0.0017341040462427,0.9032258064516128,0.0967741935483871,0.1440344913439317
fbc_tfnbs,"e=1.3,h=3.0,n=30,start_thres=1.25,min_cluster_size=3",hub,0.25,50,27,40,1730,31,4,9,1726,0.775,0.0023121387283236,0.8857142857142857,0.1142857142857142,0.1440344913439317
fbc_tfnbs,"e=1.3,h=4.0,n=30,start_thres=1.25,min_cluster_size=3",hub,0.25,50,27,40,1730,31,4,9,1726,0.775,0.0023121387283236,0.8857142857142857,0.1142857142857142,0.1440344913439317
fbc_tfnbs,"e=1.3,h=5.0,n=30,start_thres=1.25,min_cluster_size=3",hub,0.25,50,27,40,1730,31,4,9,1726,0.775,0.0023121387283236,0.8857142857142857,0.1142857142857142,0.1440344913439317
fbc_tfnbs,"e=1.3,h=6.0,n=30,start_thres=1.25,min_cluster_size=3",hub,0.25,50,27,40,1730,31,4,9,1726,0.775,0.0023121387283236,0.8857142857142857,0.1142857142857142,0.1440344913439317
fbc_tfnbs,"e=1.3,h=7.0,n=30,start_thres=1.25,min_cluster_size=3",hub,0.25,50,27,40,1730,31,4,9,1726,0.775,0.0023121387283236,0.8857142857142857,0.1142857142857142,0.1440344913439317
fbc_tfnbs,"e=1.3,h=8.0,n=30,start_thres=1.25,min_cluster_size=3",hub,0.25,50,27,40,1730,31,2,9,1728,0.775,0.0011560693641618,0.9393939393939394,0.0606060606060606,0.1440344913439317
fbc_tfnbs,"e=1.3,h=9.0,n=30,start_thres=1.25,min_cluster_size=3",hub,0.25,50,27,40,1730,31,2,9,1728,0.775,0.0011560693641618,0.9393939393939394,0.0606060606060606,0.1440344913439317
fbc_tfnbs,"e=1.3,h=10.0,n=30,start_thres=1.25,min_cluster_size=3",hub,0.25,50,27,40,1730,31,2,9,1728,0.775,0.0011560693641618,0.9393939393939394,0.0606060606060606,0.1440344913439317
fbc_tfnbs,"e=1.4,h=0.5,n=30,start_thres=1.25,min_cluster_size=3",hub,0.25,50,27,40,1730,20,3,20,1727,0.5,0.0017341040462427,0.8695652173913043,0.1304347826086956,0.1440344913439317
fbc_tfnbs,"e=1.4,h=1.0,n=30,start_thres=1.25,min_cluster_size=3",hub,0.25,50,27,40,1730,20,3,20,1727,0.5,0.0017341040462427,0.8695652173913043,0.1304347826086956,0.1440344913439317
fbc_tfnbs,"e=1.4,h=2.0,n=30,start_thres=1.25,min_cluster_size=3",hub,0.25,50,27,40,1730,27,3,13,1727,0.675,0.0017341040462427,0.9,0.1,0.1440344913439317
fbc_tfnbs,"e=1.4,h=3.0,n=30,start_thres=1.25,min_cluster_size=3",hub,0.25,50,27,40,1730,31,5,9,1725,0.775,0.0028901734104046,0.8611111111111112,0.1388888888888889,0.1440344913439317
fbc_tfnbs,"e=1.4,h=4.0,n=30,start_thres=1.25,min_cluster_size=3",hub,0.25,50,27,40,1730,31,5,9,1725,0.775,0.0028901734104046,0.8611111111111112,0.1388888888888889,0.1440344913439317
fbc_tfnbs,"e=1.4,h=5.0,n=30,start_thres=1.25,min_cluster_size=3",hub,0.25,50,27,40,1730,31,5,9,1725,0.775,0.0028901734104046,0.8611111111111112,0.1388888888888889,0.1440344913439317
fbc_tfnbs,"e=1.4,h=6.0,n=30,start_thres=1.25,min_cluster_size=3",hub,0.25,50,27,40,1730,31,4,9,1726,0.775,0.0023121387283236,0.8857142857142857,0.1142857142857142,0.1440344913439317
fbc_tfnbs,"e=1.4,h=7.0,n=30,start_thres=1.25,min_cluster_size=3",hub,0.25,50,27,40,1730,31,4,9,1726,0.775,0.0023121387283236,0.8857142857142857,0.1142857142857142,0.1440344913439317
fbc_tfnbs,"e=1.4,h=8.0,n=30,start_thres=1.25,min_cluster_size=3",hub,0.25,50,27,40,1730,31,4,9,1726,0.775,0.0023121387283236,0.8857142857142857,0.1142857142857142,0.1440344913439317
fbc_tfnbs,"e=1.4,h=9.0,n=30,start_thres=1.25,min_cluster_size=3",hub,0.25,50,27,40,1730,31,4,9,1726,0.775,0.0023121387283236,0.8857142857142857,0.1142857142857142,0.1440344913439317
fbc_tfnbs,"e=1.4,h=10.0,n=30,start_thres=1.25,min_cluster_size=3",hub,0.25,50,27,40,1730,31,2,9,1728,0.775,0.0011560693641618,0.9393939393939394,0.0606060606060606,0.1440344913439317
fbc_tfnbs,"e=1.5,h=0.5,n=30,start_thres=1.25,min_cluster_size=3",hub,0.25,50,27,40,1730,20,2,20,1728,0.5,0.0011560693641618,0.9090909090909092,0.0909090909090909,0.1440344913439317
fbc_tfnbs,"e=1.5,h=1.0,n=30,start_thres=1.25,min_cluster_size=3",hub,0.25,50,27,40,1730,20,3,20,1727,0.5,0.0017341040462427,0.8695652173913043,0.1304347826086956,0.1440344913439317
fbc_tfnbs,"e=1.5,h=2.0,n=30,start_thres=1.25,min_cluster_size=3",hub,0.25,50,27,40,1730,24,3,16,1727,0.6,0.0017341040462427,0.8888888888888888,0.1111111111111111,0.1440344913439317
fbc_tfnbs,"e=1.5,h=3.0,n=30,start_thres=1.25,min_cluster_size=3",hub,0.25,50,27,40,1730,30,5,10,1725,0.75,0.0028901734104046,0.8571428571428571,0.1428571428571428,0.1440344913439317
fbc_tfnbs,"e=1.5,h=4.0,n=30,start_thres=1.25,min_cluster_size=3",hub,0.25,50,27,40,1730,31,5,9,1725,0.775,0.0028901734104046,0.8611111111111112,0.1388888888888889,0.1440344913439317
fbc_tfnbs,"e=1.5,h=5.0,n=30,start_thres=1.25,min_cluster_size=3",hub,0.25,50,27,40,1730,31,5,9,1725,0.775,0.0028901734104046,0.8611111111111112,0.1388888888888889,0.1440344913439317
fbc_tfnbs,"e=1.5,h=6.0,n=30,start_thres=1.25,min_cluster_size=3",hub,0.25,50,27,40,1730,31,5,9,1725,0.775,0.0028901734104046,0.8611111111111112,0.1388888888888889,0.1440344913439317
fbc_tfnbs,"e=1.5,h=7.0,n=30,start_thres=1.25,min_cluster_size=3",hub,0.25,50,27,40,1730,31,4,9,1726,0.775,0.0023121387283236,0.8857142857142857,0.1142857142857142,0.1440344913439317
fbc_tfnbs,"e=1.5,h=8.0,n=30,start_thres=1.25,min_cluster_size=3",hub,0.25,50,27,40,1730,31,4,9,1726,0.775,0.0023121387283236,0.8857142857142857,0.1142857142857142,0.1440344913439317
fbc_tfnbs,"e=1.5,h=9.0,n=30,start_thres=1.25,min_cluster_size=3",hub,0.25,50,27,40,1730,31,4,9,1726,0.775,0.0023121387283236,0.8857142857142857,0.1142857142857142,0.1440344913439317
fbc_tfnbs,"e=1.5,h=10.0,n=30,start_thres=1.25,min_cluster_size=3",hub,0.25,50,27,40,1730,31,4,9,1726,0.775,0.0023121387283236,0.8857142857142857,0.1142857142857142,0.1440344913439317
fbc_tfnbs,"e=0.05,h=0.5,n=30,start_thres=1.25,min_cluster_size=3",hub,0.25,50,28,40,1730,27,0,13,1730,0.675,0.0,1.0,0.0,0.1429719572717493
fbc_tfnbs,"e=0.05,h=1.0,n=30,start_thres=1.25,min_cluster_size=3",hub,0.25,50,28,40,1730,27,0,13,1730,0.675,0.0,1.0,0.0,0.1429719572717493
fbc_tfnbs,"e=0.05,h=2.0,n=30,start_thres=1.25,min_cluster_size=3",hub,0.25,50,28,40,1730,27,0,13,1730,0.675,0.0,1.0,0.0,0.1429719572717493
fbc_tfnbs,"e=0.05,h=3.0,n=30,start_thres=1.25,min_cluster_size=3",hub,0.25,50,28,40,1730,27,0,13,1730,0.675,0.0,1.0,0.0,0.1429719572717493
fbc_tfnbs,"e=0.05,h=4.0,n=30,start_thres=1.25,min_cluster_size=3",hub,0.25,50,28,40,1730,27,0,13,1730,0.675,0.0,1.0,0.0,0.1429719572717493
fbc_tfnbs,"e=0.05,h=5.0,n=30,start_thres=1.25,min_cluster_size=3",hub,0.25,50,28,40,1730,27,0,13,1730,0.675,0.0,1.0,0.0,0.1429719572717493
fbc_tfnbs,"e=0.05,h=6.0,n=30,start_thres=1.25,min_cluster_size=3",hub,0.25,50,28,40,1730,27,0,13,1730,0.675,0.0,1.0,0.0,0.1429719572717493
fbc_tfnbs,"e=0.05,h=7.0,n=30,start_thres=1.25,min_cluster_size=3",hub,0.25,50,28,40,1730,27,0,13,1730,0.675,0.0,1.0,0.0,0.1429719572717493
fbc_tfnbs,"e=0.05,h=8.0,n=30,start_thres=1.25,min_cluster_size=3",hub,0.25,50,28,40,1730,27,0,13,1730,0.675,0.0,1.0,0.0,0.1429719572717493
fbc_tfnbs,"e=0.05,h=9.0,n=30,start_thres=1.25,min_cluster_size=3",hub,0.25,50,28,40,1730,27,0,13,1730,0.675,0.0,1.0,0.0,0.1429719572717493
fbc_tfnbs,"e=0.05,h=10.0,n=30,start_thres=1.25,min_cluster_size=3",hub,0.25,50,28,40,1730,27,0,13,1730,0.675,0.0,1.0,0.0,0.1429719572717493
fbc_tfnbs,"e=0.1,h=0.5,n=30,start_thres=1.25,min_cluster_size=3",hub,0.25,50,28,40,1730,27,0,13,1730,0.675,0.0,1.0,0.0,0.1429719572717493
fbc_tfnbs,"e=0.1,h=1.0,n=30,start_thres=1.25,min_cluster_size=3",hub,0.25,50,28,40,1730,27,0,13,1730,0.675,0.0,1.0,0.0,0.1429719572717493
fbc_tfnbs,"e=0.1,h=2.0,n=30,start_thres=1.25,min_cluster_size=3",hub,0.25,50,28,40,1730,27,0,13,1730,0.675,0.0,1.0,0.0,0.1429719572717493
fbc_tfnbs,"e=0.1,h=3.0,n=30,start_thres=1.25,min_cluster_size=3",hub,0.25,50,28,40,1730,27,0,13,1730,0.675,0.0,1.0,0.0,0.1429719572717493
fbc_tfnbs,"e=0.1,h=4.0,n=30,start_thres=1.25,min_cluster_size=3",hub,0.25,50,28,40,1730,27,0,13,1730,0.675,0.0,1.0,0.0,0.1429719572717493
fbc_tfnbs,"e=0.1,h=5.0,n=30,start_thres=1.25,min_cluster_size=3",hub,0.25,50,28,40,1730,27,0,13,1730,0.675,0.0,1.0,0.0,0.1429719572717493
fbc_tfnbs,"e=0.1,h=6.0,n=30,start_thres=1.25,min_cluster_size=3",hub,0.25,50,28,40,1730,27,0,13,1730,0.675,0.0,1.0,0.0,0.1429719572717493
fbc_tfnbs,"e=0.1,h=7.0,n=30,start_thres=1.25,min_cluster_size=3",hub,0.25,50,28,40,1730,27,0,13,1730,0.675,0.0,1.0,0.0,0.1429719572717493
fbc_tfnbs,"e=0.1,h=8.0,n=30,start_thres=1.25,min_cluster_size=3",hub,0.25,50,28,40,1730,27,0,13,1730,0.675,0.0,1.0,0.0,0.1429719572717493
fbc_tfnbs,"e=0.1,h=9.0,n=30,start_thres=1.25,min_cluster_size=3",hub,0.25,50,28,40,1730,27,0,13,1730,0.675,0.0,1.0,0.0,0.1429719572717493
fbc_tfnbs,"e=0.1,h=10.0,n=30,start_thres=1.25,min_cluster_size=3",hub,0.25,50,28,40,1730,27,0,13,1730,0.675,0.0,1.0,0.0,0.1429719572717493
fbc_tfnbs,"e=0.2,h=0.5,n=30,start_thres=1.25,min_cluster_size=3",hub,0.25,50,28,40,1730,27,0,13,1730,0.675,0.0,1.0,0.0,0.1429719572717493
fbc_tfnbs,"e=0.2,h=1.0,n=30,start_thres=1.25,min_cluster_size=3",hub,0.25,50,28,40,1730,27,0,13,1730,0.675,0.0,1.0,0.0,0.1429719572717493
fbc_tfnbs,"e=0.2,h=2.0,n=30,start_thres=1.25,min_cluster_size=3",hub,0.25,50,28,40,1730,27,0,13,1730,0.675,0.0,1.0,0.0,0.1429719572717493
fbc_tfnbs,"e=0.2,h=3.0,n=30,start_thres=1.25,min_cluster_size=3",hub,0.25,50,28,40,1730,27,0,13,1730,0.675,0.0,1.0,0.0,0.1429719572717493
fbc_tfnbs,"e=0.2,h=4.0,n=30,start_thres=1.25,min_cluster_size=3",hub,0.25,50,28,40,1730,27,0,13,1730,0.675,0.0,1.0,0.0,0.1429719572717493
fbc_tfnbs,"e=0.2,h=5.0,n=30,start_thres=1.25,min_cluster_size=3",hub,0.25,50,28,40,1730,27,0,13,1730,0.675,0.0,1.0,0.0,0.1429719572717493
fbc_tfnbs,"e=0.2,h=6.0,n=30,start_thres=1.25,min_cluster_size=3",hub,0.25,50,28,40,1730,27,0,13,1730,0.675,0.0,1.0,0.0,0.1429719572717493
fbc_tfnbs,"e=0.2,h=7.0,n=30,start_thres=1.25,min_cluster_size=3",hub,0.25,50,28,40,1730,27,0,13,1730,0.675,0.0,1.0,0.0,0.1429719572717493
fbc_tfnbs,"e=0.2,h=8.0,n=30,start_thres=1.25,min_cluster_size=3",hub,0.25,50,28,40,1730,27,0,13,1730,0.675,0.0,1.0,0.0,0.1429719572717493
fbc_tfnbs,"e=0.2,h=9.0,n=30,start_thres=1.25,min_cluster_size=3",hub,0.25,50,28,40,1730,27,0,13,1730,0.675,0.0,1.0,0.0,0.1429719572717493
fbc_tfnbs,"e=0.2,h=10.0,n=30,start_thres=1.25,min_cluster_size=3",hub,0.25,50,28,40,1730,27,0,13,1730,0.675,0.0,1.0,0.0,0.1429719572717493
fbc_tfnbs,"e=0.3,h=0.5,n=30,start_thres=1.25,min_cluster_size=3",hub,0.25,50,28,40,1730,27,0,13,1730,0.675,0.0,1.0,0.0,0.1429719572717493
fbc_tfnbs,"e=0.3,h=1.0,n=30,start_thres=1.25,min_cluster_size=3",hub,0.25,50,28,40,1730,27,0,13,1730,0.675,0.0,1.0,0.0,0.1429719572717493
fbc_tfnbs,"e=0.3,h=2.0,n=30,start_thres=1.25,min_cluster_size=3",hub,0.25,50,28,40,1730,27,0,13,1730,0.675,0.0,1.0,0.0,0.1429719572717493
fbc_tfnbs,"e=0.3,h=3.0,n=30,start_thres=1.25,min_cluster_size=3",hub,0.25,50,28,40,1730,27,0,13,1730,0.675,0.0,1.0,0.0,0.1429719572717493
fbc_tfnbs,"e=0.3,h=4.0,n=30,start_thres=1.25,min_cluster_size=3",hub,0.25,50,28,40,1730,27,0,13,1730,0.675,0.0,1.0,0.0,0.1429719572717493
fbc_tfnbs,"e=0.3,h=5.0,n=30,start_thres=1.25,min_cluster_size=3",hub,0.25,50,28,40,1730,27,0,13,1730,0.675,0.0,1.0,0.0,0.1429719572717493
fbc_tfnbs,"e=0.3,h=6.0,n=30,start_thres=1.25,min_cluster_size=3",hub,0.25,50,28,40,1730,27,0,13,1730,0.675,0.0,1.0,0.0,0.1429719572717493
fbc_tfnbs,"e=0.3,h=7.0,n=30,start_thres=1.25,min_cluster_size=3",hub,0.25,50,28,40,1730,27,0,13,1730,0.675,0.0,1.0,0.0,0.1429719572717493
fbc_tfnbs,"e=0.3,h=8.0,n=30,start_thres=1.25,min_cluster_size=3",hub,0.25,50,28,40,1730,27,0,13,1730,0.675,0.0,1.0,0.0,0.1429719572717493
fbc_tfnbs,"e=0.3,h=9.0,n=30,start_thres=1.25,min_cluster_size=3",hub,0.25,50,28,40,1730,27,0,13,1730,0.675,0.0,1.0,0.0,0.1429719572717493
fbc_tfnbs,"e=0.3,h=10.0,n=30,start_thres=1.25,min_cluster_size=3",hub,0.25,50,28,40,1730,27,0,13,1730,0.675,0.0,1.0,0.0,0.1429719572717493
fbc_tfnbs,"e=0.4,h=0.5,n=30,start_thres=1.25,min_cluster_size=3",hub,0.25,50,28,40,1730,27,0,13,1730,0.675,0.0,1.0,0.0,0.1429719572717493
fbc_tfnbs,"e=0.4,h=1.0,n=30,start_thres=1.25,min_cluster_size=3",hub,0.25,50,28,40,1730,27,0,13,1730,0.675,0.0,1.0,0.0,0.1429719572717493
fbc_tfnbs,"e=0.4,h=2.0,n=30,start_thres=1.25,min_cluster_size=3",hub,0.25,50,28,40,1730,27,0,13,1730,0.675,0.0,1.0,0.0,0.1429719572717493
fbc_tfnbs,"e=0.4,h=3.0,n=30,start_thres=1.25,min_cluster_size=3",hub,0.25,50,28,40,1730,27,0,13,1730,0.675,0.0,1.0,0.0,0.1429719572717493
fbc_tfnbs,"e=0.4,h=4.0,n=30,start_thres=1.25,min_cluster_size=3",hub,0.25,50,28,40,1730,27,0,13,1730,0.675,0.0,1.0,0.0,0.1429719572717493
fbc_tfnbs,"e=0.4,h=5.0,n=30,start_thres=1.25,min_cluster_size=3",hub,0.25,50,28,40,1730,27,0,13,1730,0.675,0.0,1.0,0.0,0.1429719572717493
fbc_tfnbs,"e=0.4,h=6.0,n=30,start_thres=1.25,min_cluster_size=3",hub,0.25,50,28,40,1730,27,0,13,1730,0.675,0.0,1.0,0.0,0.1429719572717493
fbc_tfnbs,"e=0.4,h=7.0,n=30,start_thres=1.25,min_cluster_size=3",hub,0.25,50,28,40,1730,27,0,13,1730,0.675,0.0,1.0,0.0,0.1429719572717493
fbc_tfnbs,"e=0.4,h=8.0,n=30,start_thres=1.25,min_cluster_size=3",hub,0.25,50,28,40,1730,27,0,13,1730,0.675,0.0,1.0,0.0,0.1429719572717493
fbc_tfnbs,"e=0.4,h=9.0,n=30,start_thres=1.25,min_cluster_size=3",hub,0.25,50,28,40,1730,27,0,13,1730,0.675,0.0,1.0,0.0,0.1429719572717493
fbc_tfnbs,"e=0.4,h=10.0,n=30,start_thres=1.25,min_cluster_size=3",hub,0.25,50,28,40,1730,27,0,13,1730,0.675,0.0,1.0,0.0,0.1429719572717493
fbc_tfnbs,"e=0.5,h=0.5,n=30,start_thres=1.25,min_cluster_size=3",hub,0.25,50,28,40,1730,27,0,13,1730,0.675,0.0,1.0,0.0,0.1429719572717493
fbc_tfnbs,"e=0.5,h=1.0,n=30,start_thres=1.25,min_cluster_size=3",hub,0.25,50,28,40,1730,27,0,13,1730,0.675,0.0,1.0,0.0,0.1429719572717493
fbc_tfnbs,"e=0.5,h=2.0,n=30,start_thres=1.25,min_cluster_size=3",hub,0.25,50,28,40,1730,27,0,13,1730,0.675,0.0,1.0,0.0,0.1429719572717493
fbc_tfnbs,"e=0.5,h=3.0,n=30,start_thres=1.25,min_cluster_size=3",hub,0.25,50,28,40,1730,27,0,13,1730,0.675,0.0,1.0,0.0,0.1429719572717493
fbc_tfnbs,"e=0.5,h=4.0,n=30,start_thres=1.25,min_cluster_size=3",hub,0.25,50,28,40,1730,27,0,13,1730,0.675,0.0,1.0,0.0,0.1429719572717493
fbc_tfnbs,"e=0.5,h=5.0,n=30,start_thres=1.25,min_cluster_size=3",hub,0.25,50,28,40,1730,27,0,13,1730,0.675,0.0,1.0,0.0,0.1429719572717493
fbc_tfnbs,"e=0.5,h=6.0,n=30,start_thres=1.25,min_cluster_size=3",hub,0.25,50,28,40,1730,27,0,13,1730,0.675,0.0,1.0,0.0,0.1429719572717493
fbc_tfnbs,"e=0.5,h=7.0,n=30,start_thres=1.25,min_cluster_size=3",hub,0.25,50,28,40,1730,27,0,13,1730,0.675,0.0,1.0,0.0,0.1429719572717493
fbc_tfnbs,"e=0.5,h=8.0,n=30,start_thres=1.25,min_cluster_size=3",hub,0.25,50,28,40,1730,27,0,13,1730,0.675,0.0,1.0,0.0,0.1429719572717493
fbc_tfnbs,"e=0.5,h=9.0,n=30,start_thres=1.25,min_cluster_size=3",hub,0.25,50,28,40,1730,27,0,13,1730,0.675,0.0,1.0,0.0,0.1429719572717493
fbc_tfnbs,"e=0.5,h=10.0,n=30,start_thres=1.25,min_cluster_size=3",hub,0.25,50,28,40,1730,27,0,13,1730,0.675,0.0,1.0,0.0,0.1429719572717493
fbc_tfnbs,"e=0.6,h=0.5,n=30,start_thres=1.25,min_cluster_size=3",hub,0.25,50,28,40,1730,21,0,19,1730,0.525,0.0,1.0,0.0,0.1429719572717493
fbc_tfnbs,"e=0.6,h=1.0,n=30,start_thres=1.25,min_cluster_size=3",hub,0.25,50,28,40,1730,23,0,17,1730,0.575,0.0,1.0,0.0,0.1429719572717493
fbc_tfnbs,"e=0.6,h=2.0,n=30,start_thres=1.25,min_cluster_size=3",hub,0.25,50,28,40,1730,27,0,13,1730,0.675,0.0,1.0,0.0,0.1429719572717493
fbc_tfnbs,"e=0.6,h=3.0,n=30,start_thres=1.25,min_cluster_size=3",hub,0.25,50,28,40,1730,27,0,13,1730,0.675,0.0,1.0,0.0,0.1429719572717493
fbc_tfnbs,"e=0.6,h=4.0,n=30,start_thres=1.25,min_cluster_size=3",hub,0.25,50,28,40,1730,27,0,13,1730,0.675,0.0,1.0,0.0,0.1429719572717493
fbc_tfnbs,"e=0.6,h=5.0,n=30,start_thres=1.25,min_cluster_size=3",hub,0.25,50,28,40,1730,27,0,13,1730,0.675,0.0,1.0,0.0,0.1429719572717493
fbc_tfnbs,"e=0.6,h=6.0,n=30,start_thres=1.25,min_cluster_size=3",hub,0.25,50,28,40,1730,27,0,13,1730,0.675,0.0,1.0,0.0,0.1429719572717493
fbc_tfnbs,"e=0.6,h=7.0,n=30,start_thres=1.25,min_cluster_size=3",hub,0.25,50,28,40,1730,27,0,13,1730,0.675,0.0,1.0,0.0,0.1429719572717493
fbc_tfnbs,"e=0.6,h=8.0,n=30,start_thres=1.25,min_cluster_size=3",hub,0.25,50,28,40,1730,28,0,12,1730,0.7,0.0,1.0,0.0,0.1429719572717493
fbc_tfnbs,"e=0.6,h=9.0,n=30,start_thres=1.25,min_cluster_size=3",hub,0.25,50,28,40,1730,27,0,13,1730,0.675,0.0,1.0,0.0,0.1429719572717493
fbc_tfnbs,"e=0.6,h=10.0,n=30,start_thres=1.25,min_cluster_size=3",hub,0.25,50,28,40,1730,27,0,13,1730,0.675,0.0,1.0,0.0,0.1429719572717493
fbc_tfnbs,"e=0.7,h=0.5,n=30,start_thres=1.25,min_cluster_size=3",hub,0.25,50,28,40,1730,20,0,20,1730,0.5,0.0,1.0,0.0,0.1429719572717493
fbc_tfnbs,"e=0.7,h=1.0,n=30,start_thres=1.25,min_cluster_size=3",hub,0.25,50,28,40,1730,21,0,19,1730,0.525,0.0,1.0,0.0,0.1429719572717493
fbc_tfnbs,"e=0.7,h=2.0,n=30,start_thres=1.25,min_cluster_size=3",hub,0.25,50,28,40,1730,27,0,13,1730,0.675,0.0,1.0,0.0,0.1429719572717493
fbc_tfnbs,"e=0.7,h=3.0,n=30,start_thres=1.25,min_cluster_size=3",hub,0.25,50,28,40,1730,27,0,13,1730,0.675,0.0,1.0,0.0,0.1429719572717493
fbc_tfnbs,"e=0.7,h=4.0,n=30,start_thres=1.25,min_cluster_size=3",hub,0.25,50,28,40,1730,27,0,13,1730,0.675,0.0,1.0,0.0,0.1429719572717493
fbc_tfnbs,"e=0.7,h=5.0,n=30,start_thres=1.25,min_cluster_size=3",hub,0.25,50,28,40,1730,28,0,12,1730,0.7,0.0,1.0,0.0,0.1429719572717493
fbc_tfnbs,"e=0.7,h=6.0,n=30,start_thres=1.25,min_cluster_size=3",hub,0.25,50,28,40,1730,28,0,12,1730,0.7,0.0,1.0,0.0,0.1429719572717493
fbc_tfnbs,"e=0.7,h=7.0,n=30,start_thres=1.25,min_cluster_size=3",hub,0.25,50,28,40,1730,28,0,12,1730,0.7,0.0,1.0,0.0,0.1429719572717493
fbc_tfnbs,"e=0.7,h=8.0,n=30,start_thres=1.25,min_cluster_size=3",hub,0.25,50,28,40,1730,28,0,12,1730,0.7,0.0,1.0,0.0,0.1429719572717493
fbc_tfnbs,"e=0.7,h=9.0,n=30,start_thres=1.25,min_cluster_size=3",hub,0.25,50,28,40,1730,28,0,12,1730,0.7,0.0,1.0,0.0,0.1429719572717493
fbc_tfnbs,"e=0.7,h=10.0,n=30,start_thres=1.25,min_cluster_size=3",hub,0.25,50,28,40,1730,28,0,12,1730,0.7,0.0,1.0,0.0,0.1429719572717493
fbc_tfnbs,"e=0.8,h=0.5,n=30,start_thres=1.25,min_cluster_size=3",hub,0.25,50,28,40,1730,13,0,27,1730,0.325,0.0,1.0,0.0,0.1429719572717493
fbc_tfnbs,"e=0.8,h=1.0,n=30,start_thres=1.25,min_cluster_size=3",hub,0.25,50,28,40,1730,20,0,20,1730,0.5,0.0,1.0,0.0,0.1429719572717493
fbc_tfnbs,"e=0.8,h=2.0,n=30,start_thres=1.25,min_cluster_size=3",hub,0.25,50,28,40,1730,23,0,17,1730,0.575,0.0,1.0,0.0,0.1429719572717493
fbc_tfnbs,"e=0.8,h=3.0,n=30,start_thres=1.25,min_cluster_size=3",hub,0.25,50,28,40,1730,27,0,13,1730,0.675,0.0,1.0,0.0,0.1429719572717493
fbc_tfnbs,"e=0.8,h=4.0,n=30,start_thres=1.25,min_cluster_size=3",hub,0.25,50,28,40,1730,27,0,13,1730,0.675,0.0,1.0,0.0,0.1429719572717493
fbc_tfnbs,"e=0.8,h=5.0,n=30,start_thres=1.25,min_cluster_size=3",hub,0.25,50,28,40,1730,28,0,12,1730,0.7,0.0,1.0,0.0,0.1429719572717493
fbc_tfnbs,"e=0.8,h=6.0,n=30,start_thres=1.25,min_cluster_size=3",hub,0.25,50,28,40,1730,28,0,12,1730,0.7,0.0,1.0,0.0,0.1429719572717493
fbc_tfnbs,"e=0.8,h=7.0,n=30,start_thres=1.25,min_cluster_size=3",hub,0.25,50,28,40,1730,28,0,12,1730,0.7,0.0,1.0,0.0,0.1429719572717493
fbc_tfnbs,"e=0.8,h=8.0,n=30,start_thres=1.25,min_cluster_size=3",hub,0.25,50,28,40,1730,29,0,11,1730,0.725,0.0,1.0,0.0,0.1429719572717493
fbc_tfnbs,"e=0.8,h=9.0,n=30,start_thres=1.25,min_cluster_size=3",hub,0.25,50,28,40,1730,29,0,11,1730,0.725,0.0,1.0,0.0,0.1429719572717493
fbc_tfnbs,"e=0.8,h=10.0,n=30,start_thres=1.25,min_cluster_size=3",hub,0.25,50,28,40,1730,28,0,12,1730,0.7,0.0,1.0,0.0,0.1429719572717493
fbc_tfnbs,"e=0.9,h=0.5,n=30,start_thres=1.25,min_cluster_size=3",hub,0.25,50,28,40,1730,13,0,27,1730,0.325,0.0,1.0,0.0,0.1429719572717493
fbc_tfnbs,"e=0.9,h=1.0,n=30,start_thres=1.25,min_cluster_size=3",hub,0.25,50,28,40,1730,16,0,24,1730,0.4,0.0,1.0,0.0,0.1429719572717493
fbc_tfnbs,"e=0.9,h=2.0,n=30,start_thres=1.25,min_cluster_size=3",hub,0.25,50,28,40,1730,23,0,17,1730,0.575,0.0,1.0,0.0,0.1429719572717493
fbc_tfnbs,"e=0.9,h=3.0,n=30,start_thres=1.25,min_cluster_size=3",hub,0.25,50,28,40,1730,27,0,13,1730,0.675,0.0,1.0,0.0,0.1429719572717493
fbc_tfnbs,"e=0.9,h=4.0,n=30,start_thres=1.25,min_cluster_size=3",hub,0.25,50,28,40,1730,27,0,13,1730,0.675,0.0,1.0,0.0,0.1429719572717493
fbc_tfnbs,"e=0.9,h=5.0,n=30,start_thres=1.25,min_cluster_size=3",hub,0.25,50,28,40,1730,28,0,12,1730,0.7,0.0,1.0,0.0,0.1429719572717493
fbc_tfnbs,"e=0.9,h=6.0,n=30,start_thres=1.25,min_cluster_size=3",hub,0.25,50,28,40,1730,30,0,10,1730,0.75,0.0,1.0,0.0,0.1429719572717493
fbc_tfnbs,"e=0.9,h=7.0,n=30,start_thres=1.25,min_cluster_size=3",hub,0.25,50,28,40,1730,30,0,10,1730,0.75,0.0,1.0,0.0,0.1429719572717493
fbc_tfnbs,"e=0.9,h=8.0,n=30,start_thres=1.25,min_cluster_size=3",hub,0.25,50,28,40,1730,31,0,9,1730,0.775,0.0,1.0,0.0,0.1429719572717493
fbc_tfnbs,"e=0.9,h=9.0,n=30,start_thres=1.25,min_cluster_size=3",hub,0.25,50,28,40,1730,29,0,11,1730,0.725,0.0,1.0,0.0,0.1429719572717493
fbc_tfnbs,"e=0.9,h=10.0,n=30,start_thres=1.25,min_cluster_size=3",hub,0.25,50,28,40,1730,29,0,11,1730,0.725,0.0,1.0,0.0,0.1429719572717493
fbc_tfnbs,"e=1.0,h=0.5,n=30,start_thres=1.25,min_cluster_size=3",hub,0.25,50,28,40,1730,12,0,28,1730,0.3,0.0,1.0,0.0,0.1429719572717493
fbc_tfnbs,"e=1.0,h=1.0,n=30,start_thres=1.25,min_cluster_size=3",hub,0.25,50,28,40,1730,13,0,27,1730,0.325,0.0,1.0,0.0,0.1429719572717493
fbc_tfnbs,"e=1.0,h=2.0,n=30,start_thres=1.25,min_cluster_size=3",hub,0.25,50,28,40,1730,21,0,19,1730,0.525,0.0,1.0,0.0,0.1429719572717493
fbc_tfnbs,"e=1.0,h=3.0,n=30,start_thres=1.25,min_cluster_size=3",hub,0.25,50,28,40,1730,27,0,13,1730,0.675,0.0,1.0,0.0,0.1429719572717493
fbc_tfnbs,"e=1.0,h=4.0,n=30,start_thres=1.25,min_cluster_size=3",hub,0.25,50,28,40,1730,27,0,13,1730,0.675,0.0,1.0,0.0,0.1429719572717493
fbc_tfnbs,"e=1.0,h=5.0,n=30,start_thres=1.25,min_cluster_size=3",hub,0.25,50,28,40,1730,28,0,12,1730,0.7,0.0,1.0,0.0,0.1429719572717493
fbc_tfnbs,"e=1.0,h=6.0,n=30,start_thres=1.25,min_cluster_size=3",hub,0.25,50,28,40,1730,30,0,10,1730,0.75,0.0,1.0,0.0,0.1429719572717493
fbc_tfnbs,"e=1.0,h=7.0,n=30,start_thres=1.25,min_cluster_size=3",hub,0.25,50,28,40,1730,30,0,10,1730,0.75,0.0,1.0,0.0,0.1429719572717493
fbc_tfnbs,"e=1.0,h=8.0,n=30,start_thres=1.25,min_cluster_size=3",hub,0.25,50,28,40,1730,30,0,10,1730,0.75,0.0,1.0,0.0,0.1429719572717493
fbc_tfnbs,"e=1.0,h=9.0,n=30,start_thres=1.25,min_cluster_size=3",hub,0.25,50,28,40,1730,31,0,9,1730,0.775,0.0,1.0,0.0,0.1429719572717493
fbc_tfnbs,"e=1.0,h=10.0,n=30,start_thres=1.25,min_cluster_size=3",hub,0.25,50,28,40,1730,31,0,9,1730,0.775,0.0,1.0,0.0,0.1429719572717493
fbc_tfnbs,"e=1.1,h=0.5,n=30,start_thres=1.25,min_cluster_size=3",hub,0.25,50,28,40,1730,9,0,31,1730,0.225,0.0,1.0,0.0,0.1429719572717493
fbc_tfnbs,"e=1.1,h=1.0,n=30,start_thres=1.25,min_cluster_size=3",hub,0.25,50,28,40,1730,12,0,28,1730,0.3,0.0,1.0,0.0,0.1429719572717493
fbc_tfnbs,"e=1.1,h=2.0,n=30,start_thres=1.25,min_cluster_size=3",hub,0.25,50,28,40,1730,20,0,20,1730,0.5,0.0,1.0,0.0,0.1429719572717493
fbc_tfnbs,"e=1.1,h=3.0,n=30,start_thres=1.25,min_cluster_size=3",hub,0.25,50,28,40,1730,23,0,17,1730,0.575,0.0,1.0,0.0,0.1429719572717493
fbc_tfnbs,"e=1.1,h=4.0,n=30,start_thres=1.25,min_cluster_size=3",hub,0.25,50,28,40,1730,27,0,13,1730,0.675,0.0,1.0,0.0,0.1429719572717493
fbc_tfnbs,"e=1.1,h=5.0,n=30,start_thres=1.25,min_cluster_size=3",hub,0.25,50,28,40,1730,28,0,12,1730,0.7,0.0,1.0,0.0,0.1429719572717493
fbc_tfnbs,"e=1.1,h=6.0,n=30,start_thres=1.25,min_cluster_size=3",hub,0.25,50,28,40,1730,30,0,10,1730,0.75,0.0,1.0,0.0,0.1429719572717493
fbc_tfnbs,"e=1.1,h=7.0,n=30,start_thres=1.25,min_cluster_size=3",hub,0.25,50,28,40,1730,30,0,10,1730,0.75,0.0,1.0,0.0,0.1429719572717493
fbc_tfnbs,"e=1.1,h=8.0,n=30,start_thres=1.25,min_cluster_size=3",hub,0.25,50,28,40,1730,30,0,10,1730,0.75,0.0,1.0,0.0,0.1429719572717493
fbc_tfnbs,"e=1.1,h=9.0,n=30,start_thres=1.25,min_cluster_size=3",hub,0.25,50,28,40,1730,31,0,9,1730,0.775,0.0,1.0,0.0,0.1429719572717493
fbc_tfnbs,"e=1.1,h=10.0,n=30,start_thres=1.25,min_cluster_size=3",hub,0.25,50,28,40,1730,31,0,9,1730,0.775,0.0,1.0,0.0,0.1429719572717493
fbc_tfnbs,"e=1.2,h=0.5,n=30,start_thres=1.25,min_cluster_size=3",hub,0.25,50,28,40,1730,3,0,37,1730,0.075,0.0,1.0,0.0,0.1429719572717493
fbc_tfnbs,"e=1.2,h=1.0,n=30,start_thres=1.25,min_cluster_size=3",hub,0.25,50,28,40,1730,11,0,29,1730,0.275,0.0,1.0,0.0,0.1429719572717493
fbc_tfnbs,"e=1.2,h=2.0,n=30,start_thres=1.25,min_cluster_size=3",hub,0.25,50,28,40,1730,16,0,24,1730,0.4,0.0,1.0,0.0,0.1429719572717493
fbc_tfnbs,"e=1.2,h=3.0,n=30,start_thres=1.25,min_cluster_size=3",hub,0.25,50,28,40,1730,23,0,17,1730,0.575,0.0,1.0,0.0,0.1429719572717493
fbc_tfnbs,"e=1.2,h=4.0,n=30,start_thres=1.25,min_cluster_size=3",hub,0.25,50,28,40,1730,27,0,13,1730,0.675,0.0,1.0,0.0,0.1429719572717493
fbc_tfnbs,"e=1.2,h=5.0,n=30,start_thres=1.25,min_cluster_size=3",hub,0.25,50,28,40,1730,28,0,12,1730,0.7,0.0,1.0,0.0,0.1429719572717493
fbc_tfnbs,"e=1.2,h=6.0,n=30,start_thres=1.25,min_cluster_size=3",hub,0.25,50,28,40,1730,30,0,10,1730,0.75,0.0,1.0,0.0,0.1429719572717493
fbc_tfnbs,"e=1.2,h=7.0,n=30,start_thres=1.25,min_cluster_size=3",hub,0.25,50,28,40,1730,30,0,10,1730,0.75,0.0,1.0,0.0,0.1429719572717493
fbc_tfnbs,"e=1.2,h=8.0,n=30,start_thres=1.25,min_cluster_size=3",hub,0.25,50,28,40,1730,30,0,10,1730,0.75,0.0,1.0,0.0,0.1429719572717493
fbc_tfnbs,"e=1.2,h=9.0,n=30,start_thres=1.25,min_cluster_size=3",hub,0.25,50,28,40,1730,31,0,9,1730,0.775,0.0,1.0,0.0,0.1429719572717493
fbc_tfnbs,"e=1.2,h=10.0,n=30,start_thres=1.25,min_cluster_size=3",hub,0.25,50,28,40,1730,31,0,9,1730,0.775,0.0,1.0,0.0,0.1429719572717493
fbc_tfnbs,"e=1.3,h=0.5,n=30,start_thres=1.25,min_cluster_size=3",hub,0.25,50,28,40,1730,0,0,40,1730,0.0,0.0,0.0,0.0,0.1429719572717493
fbc_tfnbs,"e=1.3,h=1.0,n=30,start_thres=1.25,min_cluster_size=3",hub,0.25,50,28,40,1730,4,0,36,1730,0.1,0.0,1.0,0.0,0.1429719572717493
fbc_tfnbs,"e=1.3,h=2.0,n=30,start_thres=1.25,min_cluster_size=3",hub,0.25,50,28,40,1730,13,0,27,1730,0.325,0.0,1.0,0.0,0.1429719572717493
fbc_tfnbs,"e=1.3,h=3.0,n=30,start_thres=1.25,min_cluster_size=3",hub,0.25,50,28,40,1730,21,0,19,1730,0.525,0.0,1.0,0.0,0.1429719572717493
fbc_tfnbs,"e=1.3,h=4.0,n=30,start_thres=1.25,min_cluster_size=3",hub,0.25,50,28,40,1730,23,0,17,1730,0.575,0.0,1.0,0.0,0.1429719572717493
fbc_tfnbs,"e=1.3,h=5.0,n=30,start_thres=1.25,min_cluster_size=3",hub,0.25,50,28,40,1730,28,0,12,1730,0.7,0.0,1.0,0.0,0.1429719572717493
fbc_tfnbs,"e=1.3,h=6.0,n=30,start_thres=1.25,min_cluster_size=3",hub,0.25,50,28,40,1730,30,0,10,1730,0.75,0.0,1.0,0.0,0.1429719572717493
fbc_tfnbs,"e=1.3,h=7.0,n=30,start_thres=1.25,min_cluster_size=3",hub,0.25,50,28,40,1730,30,0,10,1730,0.75,0.0,1.0,0.0,0.1429719572717493
fbc_tfnbs,"e=1.3,h=8.0,n=30,start_thres=1.25,min_cluster_size=3",hub,0.25,50,28,40,1730,30,0,10,1730,0.75,0.0,1.0,0.0,0.1429719572717493
fbc_tfnbs,"e=1.3,h=9.0,n=30,start_thres=1.25,min_cluster_size=3",hub,0.25,50,28,40,1730,31,0,9,1730,0.775,0.0,1.0,0.0,0.1429719572717493
fbc_tfnbs,"e=1.3,h=10.0,n=30,start_thres=1.25,min_cluster_size=3",hub,0.25,50,28,40,1730,31,0,9,1730,0.775,0.0,1.0,0.0,0.1429719572717493
fbc_tfnbs,"e=1.4,h=0.5,n=30,start_thres=1.25,min_cluster_size=3",hub,0.25,50,28,40,1730,0,0,40,1730,0.0,0.0,0.0,0.0,0.1429719572717493
fbc_tfnbs,"e=1.4,h=1.0,n=30,start_thres=1.25,min_cluster_size=3",hub,0.25,50,28,40,1730,0,0,40,1730,0.0,0.0,0.0,0.0,0.1429719572717493
fbc_tfnbs,"e=1.4,h=2.0,n=30,start_thres=1.25,min_cluster_size=3",hub,0.25,50,28,40,1730,13,0,27,1730,0.325,0.0,1.0,0.0,0.1429719572717493
fbc_tfnbs,"e=1.4,h=3.0,n=30,start_thres=1.25,min_cluster_size=3",hub,0.25,50,28,40,1730,20,0,20,1730,0.5,0.0,1.0,0.0,0.1429719572717493
fbc_tfnbs,"e=1.4,h=4.0,n=30,start_thres=1.25,min_cluster_size=3",hub,0.25,50,28,40,1730,23,0,17,1730,0.575,0.0,1.0,0.0,0.1429719572717493
fbc_tfnbs,"e=1.4,h=5.0,n=30,start_thres=1.25,min_cluster_size=3",hub,0.25,50,28,40,1730,27,0,13,1730,0.675,0.0,1.0,0.0,0.1429719572717493
fbc_tfnbs,"e=1.4,h=6.0,n=30,start_thres=1.25,min_cluster_size=3",hub,0.25,50,28,40,1730,28,0,12,1730,0.7,0.0,1.0,0.0,0.1429719572717493
fbc_tfnbs,"e=1.4,h=7.0,n=30,start_thres=1.25,min_cluster_size=3",hub,0.25,50,28,40,1730,30,0,10,1730,0.75,0.0,1.0,0.0,0.1429719572717493
fbc_tfnbs,"e=1.4,h=8.0,n=30,start_thres=1.25,min_cluster_size=3",hub,0.25,50,28,40,1730,30,0,10,1730,0.75,0.0,1.0,0.0,0.1429719572717493
fbc_tfnbs,"e=1.4,h=9.0,n=30,start_thres=1.25,min_cluster_size=3",hub,0.25,50,28,40,1730,30,0,10,1730,0.75,0.0,1.0,0.0,0.1429719572717493
fbc_tfnbs,"e=1.4,h=10.0,n=30,start_thres=1.25,min_cluster_size=3",hub,0.25,50,28,40,1730,31,0,9,1730,0.775,0.0,1.0,0.0,0.1429719572717493
fbc_tfnbs,"e=1.5,h=0.5,n=30,start_thres=1.25,min_cluster_size=3",hub,0.25,50,28,40,1730,0,0,40,1730,0.0,0.0,0.0,0.0,0.1429719572717493
fbc_tfnbs,"e=1.5,h=1.0,n=30,start_thres=1.25,min_cluster_size=3",hub,0.25,50,28,40,1730,0,0,40,1730,0.0,0.0,0.0,0.0,0.1429719572717493
fbc_tfnbs,"e=1.5,h=2.0,n=30,start_thres=1.25,min_cluster_size=3",hub,0.25,50,28,40,1730,12,0,28,1730,0.3,0.0,1.0,0.0,0.1429719572717493
fbc_tfnbs,"e=1.5,h=3.0,n=30,start_thres=1.25,min_cluster_size=3",hub,0.25,50,28,40,1730,16,0,24,1730,0.4,0.0,1.0,0.0,0.1429719572717493
fbc_tfnbs,"e=1.5,h=4.0,n=30,start_thres=1.25,min_cluster_size=3",hub,0.25,50,28,40,1730,21,0,19,1730,0.525,0.0,1.0,0.0,0.1429719572717493
fbc_tfnbs,"e=1.5,h=5.0,n=30,start_thres=1.25,min_cluster_size=3",hub,0.25,50,28,40,1730,23,0,17,1730,0.575,0.0,1.0,0.0,0.1429719572717493
fbc_tfnbs,"e=1.5,h=6.0,n=30,start_thres=1.25,min_cluster_size=3",hub,0.25,50,28,40,1730,28,0,12,1730,0.7,0.0,1.0,0.0,0.1429719572717493
fbc_tfnbs,"e=1.5,h=7.0,n=30,start_thres=1.25,min_cluster_size=3",hub,0.25,50,28,40,1730,30,0,10,1730,0.75,0.0,1.0,0.0,0.1429719572717493
fbc_tfnbs,"e=1.5,h=8.0,n=30,start_thres=1.25,min_cluster_size=3",hub,0.25,50,28,40,1730,30,0,10,1730,0.75,0.0,1.0,0.0,0.1429719572717493
fbc_tfnbs,"e=1.5,h=9.0,n=30,start_thres=1.25,min_cluster_size=3",hub,0.25,50,28,40,1730,30,0,10,1730,0.75,0.0,1.0,0.0,0.1429719572717493
fbc_tfnbs,"e=1.5,h=10.0,n=30,start_thres=1.25,min_cluster_size=3",hub,0.25,50,28,40,1730,31,0,9,1730,0.775,0.0,1.0,0.0,0.1429719572717493
fbc_tfnbs,"e=0.05,h=0.5,n=30,start_thres=1.25,min_cluster_size=3",hub,0.25,50,29,40,1730,27,1,13,1729,0.675,0.0005780346820809,0.9642857142857144,0.0357142857142857,0.1443723765286532
fbc_tfnbs,"e=0.05,h=1.0,n=30,start_thres=1.25,min_cluster_size=3",hub,0.25,50,29,40,1730,27,1,13,1729,0.675,0.0005780346820809,0.9642857142857144,0.0357142857142857,0.1443723765286532
fbc_tfnbs,"e=0.05,h=2.0,n=30,start_thres=1.25,min_cluster_size=3",hub,0.25,50,29,40,1730,27,1,13,1729,0.675,0.0005780346820809,0.9642857142857144,0.0357142857142857,0.1443723765286532
fbc_tfnbs,"e=0.05,h=3.0,n=30,start_thres=1.25,min_cluster_size=3",hub,0.25,50,29,40,1730,27,1,13,1729,0.675,0.0005780346820809,0.9642857142857144,0.0357142857142857,0.1443723765286532
fbc_tfnbs,"e=0.05,h=4.0,n=30,start_thres=1.25,min_cluster_size=3",hub,0.25,50,29,40,1730,27,1,13,1729,0.675,0.0005780346820809,0.9642857142857144,0.0357142857142857,0.1443723765286532
fbc_tfnbs,"e=0.05,h=5.0,n=30,start_thres=1.25,min_cluster_size=3",hub,0.25,50,29,40,1730,27,1,13,1729,0.675,0.0005780346820809,0.9642857142857144,0.0357142857142857,0.1443723765286532
fbc_tfnbs,"e=0.05,h=6.0,n=30,start_thres=1.25,min_cluster_size=3",hub,0.25,50,29,40,1730,27,1,13,1729,0.675,0.0005780346820809,0.9642857142857144,0.0357142857142857,0.1443723765286532
fbc_tfnbs,"e=0.05,h=7.0,n=30,start_thres=1.25,min_cluster_size=3",hub,0.25,50,29,40,1730,27,1,13,1729,0.675,0.0005780346820809,0.9642857142857144,0.0357142857142857,0.1443723765286532
fbc_tfnbs,"e=0.05,h=8.0,n=30,start_thres=1.25,min_cluster_size=3",hub,0.25,50,29,40,1730,27,1,13,1729,0.675,0.0005780346820809,0.9642857142857144,0.0357142857142857,0.1443723765286532
fbc_tfnbs,"e=0.05,h=9.0,n=30,start_thres=1.25,min_cluster_size=3",hub,0.25,50,29,40,1730,27,1,13,1729,0.675,0.0005780346820809,0.9642857142857144,0.0357142857142857,0.1443723765286532
fbc_tfnbs,"e=0.05,h=10.0,n=30,start_thres=1.25,min_cluster_size=3",hub,0.25,50,29,40,1730,27,1,13,1729,0.675,0.0005780346820809,0.9642857142857144,0.0357142857142857,0.1443723765286532
fbc_tfnbs,"e=0.1,h=0.5,n=30,start_thres=1.25,min_cluster_size=3",hub,0.25,50,29,40,1730,27,1,13,1729,0.675,0.0005780346820809,0.9642857142857144,0.0357142857142857,0.1443723765286532
fbc_tfnbs,"e=0.1,h=1.0,n=30,start_thres=1.25,min_cluster_size=3",hub,0.25,50,29,40,1730,27,1,13,1729,0.675,0.0005780346820809,0.9642857142857144,0.0357142857142857,0.1443723765286532
fbc_tfnbs,"e=0.1,h=2.0,n=30,start_thres=1.25,min_cluster_size=3",hub,0.25,50,29,40,1730,27,1,13,1729,0.675,0.0005780346820809,0.9642857142857144,0.0357142857142857,0.1443723765286532
fbc_tfnbs,"e=0.1,h=3.0,n=30,start_thres=1.25,min_cluster_size=3",hub,0.25,50,29,40,1730,27,1,13,1729,0.675,0.0005780346820809,0.9642857142857144,0.0357142857142857,0.1443723765286532
fbc_tfnbs,"e=0.1,h=4.0,n=30,start_thres=1.25,min_cluster_size=3",hub,0.25,50,29,40,1730,27,1,13,1729,0.675,0.0005780346820809,0.9642857142857144,0.0357142857142857,0.1443723765286532
fbc_tfnbs,"e=0.1,h=5.0,n=30,start_thres=1.25,min_cluster_size=3",hub,0.25,50,29,40,1730,27,1,13,1729,0.675,0.0005780346820809,0.9642857142857144,0.0357142857142857,0.1443723765286532
fbc_tfnbs,"e=0.1,h=6.0,n=30,start_thres=1.25,min_cluster_size=3",hub,0.25,50,29,40,1730,27,1,13,1729,0.675,0.0005780346820809,0.9642857142857144,0.0357142857142857,0.1443723765286532
fbc_tfnbs,"e=0.1,h=7.0,n=30,start_thres=1.25,min_cluster_size=3",hub,0.25,50,29,40,1730,27,1,13,1729,0.675,0.0005780346820809,0.9642857142857144,0.0357142857142857,0.1443723765286532
fbc_tfnbs,"e=0.1,h=8.0,n=30,start_thres=1.25,min_cluster_size=3",hub,0.25,50,29,40,1730,27,1,13,1729,0.675,0.0005780346820809,0.9642857142857144,0.0357142857142857,0.1443723765286532
fbc_tfnbs,"e=0.1,h=9.0,n=30,start_thres=1.25,min_cluster_size=3",hub,0.25,50,29,40,1730,27,1,13,1729,0.675,0.0005780346820809,0.9642857142857144,0.0357142857142857,0.1443723765286532
fbc_tfnbs,"e=0.1,h=10.0,n=30,start_thres=1.25,min_cluster_size=3",hub,0.25,50,29,40,1730,27,1,13,1729,0.675,0.0005780346820809,0.9642857142857144,0.0357142857142857,0.1443723765286532
fbc_tfnbs,"e=0.2,h=0.5,n=30,start_thres=1.25,min_cluster_size=3",hub,0.25,50,29,40,1730,25,1,15,1729,0.625,0.0005780346820809,0.9615384615384616,0.0384615384615384,0.1443723765286532
fbc_tfnbs,"e=0.2,h=1.0,n=30,start_thres=1.25,min_cluster_size=3",hub,0.25,50,29,40,1730,25,1,15,1729,0.625,0.0005780346820809,0.9615384615384616,0.0384615384615384,0.1443723765286532
fbc_tfnbs,"e=0.2,h=2.0,n=30,start_thres=1.25,min_cluster_size=3",hub,0.25,50,29,40,1730,27,1,13,1729,0.675,0.0005780346820809,0.9642857142857144,0.0357142857142857,0.1443723765286532
fbc_tfnbs,"e=0.2,h=3.0,n=30,start_thres=1.25,min_cluster_size=3",hub,0.25,50,29,40,1730,27,1,13,1729,0.675,0.0005780346820809,0.9642857142857144,0.0357142857142857,0.1443723765286532
fbc_tfnbs,"e=0.2,h=4.0,n=30,start_thres=1.25,min_cluster_size=3",hub,0.25,50,29,40,1730,27,1,13,1729,0.675,0.0005780346820809,0.9642857142857144,0.0357142857142857,0.1443723765286532
fbc_tfnbs,"e=0.2,h=5.0,n=30,start_thres=1.25,min_cluster_size=3",hub,0.25,50,29,40,1730,27,1,13,1729,0.675,0.0005780346820809,0.9642857142857144,0.0357142857142857,0.1443723765286532
fbc_tfnbs,"e=0.2,h=6.0,n=30,start_thres=1.25,min_cluster_size=3",hub,0.25,50,29,40,1730,27,1,13,1729,0.675,0.0005780346820809,0.9642857142857144,0.0357142857142857,0.1443723765286532
fbc_tfnbs,"e=0.2,h=7.0,n=30,start_thres=1.25,min_cluster_size=3",hub,0.25,50,29,40,1730,27,1,13,1729,0.675,0.0005780346820809,0.9642857142857144,0.0357142857142857,0.1443723765286532
fbc_tfnbs,"e=0.2,h=8.0,n=30,start_thres=1.25,min_cluster_size=3",hub,0.25,50,29,40,1730,27,1,13,1729,0.675,0.0005780346820809,0.9642857142857144,0.0357142857142857,0.1443723765286532
fbc_tfnbs,"e=0.2,h=9.0,n=30,start_thres=1.25,min_cluster_size=3",hub,0.25,50,29,40,1730,27,1,13,1729,0.675,0.0005780346820809,0.9642857142857144,0.0357142857142857,0.1443723765286532
fbc_tfnbs,"e=0.2,h=10.0,n=30,start_thres=1.25,min_cluster_size=3",hub,0.25,50,29,40,1730,27,1,13,1729,0.675,0.0005780346820809,0.9642857142857144,0.0357142857142857,0.1443723765286532
fbc_tfnbs,"e=0.3,h=0.5,n=30,start_thres=1.25,min_cluster_size=3",hub,0.25,50,29,40,1730,25,1,15,1729,0.625,0.0005780346820809,0.9615384615384616,0.0384615384615384,0.1443723765286532
fbc_tfnbs,"e=0.3,h=1.0,n=30,start_thres=1.25,min_cluster_size=3",hub,0.25,50,29,40,1730,25,1,15,1729,0.625,0.0005780346820809,0.9615384615384616,0.0384615384615384,0.1443723765286532
fbc_tfnbs,"e=0.3,h=2.0,n=30,start_thres=1.25,min_cluster_size=3",hub,0.25,50,29,40,1730,27,1,13,1729,0.675,0.0005780346820809,0.9642857142857144,0.0357142857142857,0.1443723765286532
fbc_tfnbs,"e=0.3,h=3.0,n=30,start_thres=1.25,min_cluster_size=3",hub,0.25,50,29,40,1730,27,1,13,1729,0.675,0.0005780346820809,0.9642857142857144,0.0357142857142857,0.1443723765286532
fbc_tfnbs,"e=0.3,h=4.0,n=30,start_thres=1.25,min_cluster_size=3",hub,0.25,50,29,40,1730,27,1,13,1729,0.675,0.0005780346820809,0.9642857142857144,0.0357142857142857,0.1443723765286532
fbc_tfnbs,"e=0.3,h=5.0,n=30,start_thres=1.25,min_cluster_size=3",hub,0.25,50,29,40,1730,27,1,13,1729,0.675,0.0005780346820809,0.9642857142857144,0.0357142857142857,0.1443723765286532
fbc_tfnbs,"e=0.3,h=6.0,n=30,start_thres=1.25,min_cluster_size=3",hub,0.25,50,29,40,1730,27,1,13,1729,0.675,0.0005780346820809,0.9642857142857144,0.0357142857142857,0.1443723765286532
fbc_tfnbs,"e=0.3,h=7.0,n=30,start_thres=1.25,min_cluster_size=3",hub,0.25,50,29,40,1730,27,1,13,1729,0.675,0.0005780346820809,0.9642857142857144,0.0357142857142857,0.1443723765286532
fbc_tfnbs,"e=0.3,h=8.0,n=30,start_thres=1.25,min_cluster_size=3",hub,0.25,50,29,40,1730,27,1,13,1729,0.675,0.0005780346820809,0.9642857142857144,0.0357142857142857,0.1443723765286532
fbc_tfnbs,"e=0.3,h=9.0,n=30,start_thres=1.25,min_cluster_size=3",hub,0.25,50,29,40,1730,27,1,13,1729,0.675,0.0005780346820809,0.9642857142857144,0.0357142857142857,0.1443723765286532
fbc_tfnbs,"e=0.3,h=10.0,n=30,start_thres=1.25,min_cluster_size=3",hub,0.25,50,29,40,1730,27,1,13,1729,0.675,0.0005780346820809,0.9642857142857144,0.0357142857142857,0.1443723765286532
fbc_tfnbs,"e=0.4,h=0.5,n=30,start_thres=1.25,min_cluster_size=3",hub,0.25,50,29,40,1730,22,1,18,1729,0.55,0.0005780346820809,0.9565217391304348,0.0434782608695652,0.1443723765286532
fbc_tfnbs,"e=0.4,h=1.0,n=30,start_thres=1.25,min_cluster_size=3",hub,0.25,50,29,40,1730,22,1,18,1729,0.55,0.0005780346820809,0.9565217391304348,0.0434782608695652,0.1443723765286532
fbc_tfnbs,"e=0.4,h=2.0,n=30,start_thres=1.25,min_cluster_size=3",hub,0.25,50,29,40,1730,25,1,15,1729,0.625,0.0005780346820809,0.9615384615384616,0.0384615384615384,0.1443723765286532
fbc_tfnbs,"e=0.4,h=3.0,n=30,start_thres=1.25,min_cluster_size=3",hub,0.25,50,29,40,1730,28,1,12,1729,0.7,0.0005780346820809,0.9655172413793104,0.0344827586206896,0.1443723765286532
fbc_tfnbs,"e=0.4,h=4.0,n=30,start_thres=1.25,min_cluster_size=3",hub,0.25,50,29,40,1730,28,1,12,1729,0.7,0.0005780346820809,0.9655172413793104,0.0344827586206896,0.1443723765286532
fbc_tfnbs,"e=0.4,h=5.0,n=30,start_thres=1.25,min_cluster_size=3",hub,0.25,50,29,40,1730,28,1,12,1729,0.7,0.0005780346820809,0.9655172413793104,0.0344827586206896,0.1443723765286532
fbc_tfnbs,"e=0.4,h=6.0,n=30,start_thres=1.25,min_cluster_size=3",hub,0.25,50,29,40,1730,28,1,12,1729,0.7,0.0005780346820809,0.9655172413793104,0.0344827586206896,0.1443723765286532
fbc_tfnbs,"e=0.4,h=7.0,n=30,start_thres=1.25,min_cluster_size=3",hub,0.25,50,29,40,1730,27,1,13,1729,0.675,0.0005780346820809,0.9642857142857144,0.0357142857142857,0.1443723765286532
fbc_tfnbs,"e=0.4,h=8.0,n=30,start_thres=1.25,min_cluster_size=3",hub,0.25,50,29,40,1730,27,1,13,1729,0.675,0.0005780346820809,0.9642857142857144,0.0357142857142857,0.1443723765286532
fbc_tfnbs,"e=0.4,h=9.0,n=30,start_thres=1.25,min_cluster_size=3",hub,0.25,50,29,40,1730,27,1,13,1729,0.675,0.0005780346820809,0.9642857142857144,0.0357142857142857,0.1443723765286532
fbc_tfnbs,"e=0.4,h=10.0,n=30,start_thres=1.25,min_cluster_size=3",hub,0.25,50,29,40,1730,27,1,13,1729,0.675,0.0005780346820809,0.9642857142857144,0.0357142857142857,0.1443723765286532
fbc_tfnbs,"e=0.5,h=0.5,n=30,start_thres=1.25,min_cluster_size=3",hub,0.25,50,29,40,1730,21,1,19,1729,0.525,0.0005780346820809,0.9545454545454546,0.0454545454545454,0.1443723765286532
fbc_tfnbs,"e=0.5,h=1.0,n=30,start_thres=1.25,min_cluster_size=3",hub,0.25,50,29,40,1730,22,1,18,1729,0.55,0.0005780346820809,0.9565217391304348,0.0434782608695652,0.1443723765286532
fbc_tfnbs,"e=0.5,h=2.0,n=30,start_thres=1.25,min_cluster_size=3",hub,0.25,50,29,40,1730,25,1,15,1729,0.625,0.0005780346820809,0.9615384615384616,0.0384615384615384,0.1443723765286532
fbc_tfnbs,"e=0.5,h=3.0,n=30,start_thres=1.25,min_cluster_size=3",hub,0.25,50,29,40,1730,26,1,14,1729,0.65,0.0005780346820809,0.9629629629629628,0.037037037037037,0.1443723765286532
fbc_tfnbs,"e=0.5,h=4.0,n=30,start_thres=1.25,min_cluster_size=3",hub,0.25,50,29,40,1730,28,1,12,1729,0.7,0.0005780346820809,0.9655172413793104,0.0344827586206896,0.1443723765286532
fbc_tfnbs,"e=0.5,h=5.0,n=30,start_thres=1.25,min_cluster_size=3",hub,0.25,50,29,40,1730,28,1,12,1729,0.7,0.0005780346820809,0.9655172413793104,0.0344827586206896,0.1443723765286532
fbc_tfnbs,"e=0.5,h=6.0,n=30,start_thres=1.25,min_cluster_size=3",hub,0.25,50,29,40,1730,28,1,12,1729,0.7,0.0005780346820809,0.9655172413793104,0.0344827586206896,0.1443723765286532
fbc_tfnbs,"e=0.5,h=7.0,n=30,start_thres=1.25,min_cluster_size=3",hub,0.25,50,29,40,1730,28,1,12,1729,0.7,0.0005780346820809,0.9655172413793104,0.0344827586206896,0.1443723765286532
fbc_tfnbs,"e=0.5,h=8.0,n=30,start_thres=1.25,min_cluster_size=3",hub,0.25,50,29,40,1730,28,1,12,1729,0.7,0.0005780346820809,0.9655172413793104,0.0344827586206896,0.1443723765286532
fbc_tfnbs,"e=0.5,h=9.0,n=30,start_thres=1.25,min_cluster_size=3",hub,0.25,50,29,40,1730,28,1,12,1729,0.7,0.0005780346820809,0.9655172413793104,0.0344827586206896,0.1443723765286532
fbc_tfnbs,"e=0.5,h=10.0,n=30,start_thres=1.25,min_cluster_size=3",hub,0.25,50,29,40,1730,28,1,12,1729,0.7,0.0005780346820809,0.9655172413793104,0.0344827586206896,0.1443723765286532
fbc_tfnbs,"e=0.6,h=0.5,n=30,start_thres=1.25,min_cluster_size=3",hub,0.25,50,29,40,1730,21,0,19,1730,0.525,0.0,1.0,0.0,0.1443723765286532
fbc_tfnbs,"e=0.6,h=1.0,n=30,start_thres=1.25,min_cluster_size=3",hub,0.25,50,29,40,1730,21,1,19,1729,0.525,0.0005780346820809,0.9545454545454546,0.0454545454545454,0.1443723765286532
fbc_tfnbs,"e=0.6,h=2.0,n=30,start_thres=1.25,min_cluster_size=3",hub,0.25,50,29,40,1730,22,1,18,1729,0.55,0.0005780346820809,0.9565217391304348,0.0434782608695652,0.1443723765286532
fbc_tfnbs,"e=0.6,h=3.0,n=30,start_thres=1.25,min_cluster_size=3",hub,0.25,50,29,40,1730,26,1,14,1729,0.65,0.0005780346820809,0.9629629629629628,0.037037037037037,0.1443723765286532
fbc_tfnbs,"e=0.6,h=4.0,n=30,start_thres=1.25,min_cluster_size=3",hub,0.25,50,29,40,1730,28,1,12,1729,0.7,0.0005780346820809,0.9655172413793104,0.0344827586206896,0.1443723765286532
fbc_tfnbs,"e=0.6,h=5.0,n=30,start_thres=1.25,min_cluster_size=3",hub,0.25,50,29,40,1730,28,1,12,1729,0.7,0.0005780346820809,0.9655172413793104,0.0344827586206896,0.1443723765286532
fbc_tfnbs,"e=0.6,h=6.0,n=30,start_thres=1.25,min_cluster_size=3",hub,0.25,50,29,40,1730,28,1,12,1729,0.7,0.0005780346820809,0.9655172413793104,0.0344827586206896,0.1443723765286532
fbc_tfnbs,"e=0.6,h=7.0,n=30,start_thres=1.25,min_cluster_size=3",hub,0.25,50,29,40,1730,28,1,12,1729,0.7,0.0005780346820809,0.9655172413793104,0.0344827586206896,0.1443723765286532
fbc_tfnbs,"e=0.6,h=8.0,n=30,start_thres=1.25,min_cluster_size=3",hub,0.25,50,29,40,1730,28,1,12,1729,0.7,0.0005780346820809,0.9655172413793104,0.0344827586206896,0.1443723765286532
fbc_tfnbs,"e=0.6,h=9.0,n=30,start_thres=1.25,min_cluster_size=3",hub,0.25,50,29,40,1730,28,1,12,1729,0.7,0.0005780346820809,0.9655172413793104,0.0344827586206896,0.1443723765286532
fbc_tfnbs,"e=0.6,h=10.0,n=30,start_thres=1.25,min_cluster_size=3",hub,0.25,50,29,40,1730,28,1,12,1729,0.7,0.0005780346820809,0.9655172413793104,0.0344827586206896,0.1443723765286532
fbc_tfnbs,"e=0.7,h=0.5,n=30,start_thres=1.25,min_cluster_size=3",hub,0.25,50,29,40,1730,21,0,19,1730,0.525,0.0,1.0,0.0,0.1443723765286532
fbc_tfnbs,"e=0.7,h=1.0,n=30,start_thres=1.25,min_cluster_size=3",hub,0.25,50,29,40,1730,21,0,19,1730,0.525,0.0,1.0,0.0,0.1443723765286532
fbc_tfnbs,"e=0.7,h=2.0,n=30,start_thres=1.25,min_cluster_size=3",hub,0.25,50,29,40,1730,22,1,18,1729,0.55,0.0005780346820809,0.9565217391304348,0.0434782608695652,0.1443723765286532
fbc_tfnbs,"e=0.7,h=3.0,n=30,start_thres=1.25,min_cluster_size=3",hub,0.25,50,29,40,1730,26,1,14,1729,0.65,0.0005780346820809,0.9629629629629628,0.037037037037037,0.1443723765286532
fbc_tfnbs,"e=0.7,h=4.0,n=30,start_thres=1.25,min_cluster_size=3",hub,0.25,50,29,40,1730,26,1,14,1729,0.65,0.0005780346820809,0.9629629629629628,0.037037037037037,0.1443723765286532
fbc_tfnbs,"e=0.7,h=5.0,n=30,start_thres=1.25,min_cluster_size=3",hub,0.25,50,29,40,1730,28,1,12,1729,0.7,0.0005780346820809,0.9655172413793104,0.0344827586206896,0.1443723765286532
fbc_tfnbs,"e=0.7,h=6.0,n=30,start_thres=1.25,min_cluster_size=3",hub,0.25,50,29,40,1730,28,1,12,1729,0.7,0.0005780346820809,0.9655172413793104,0.0344827586206896,0.1443723765286532
fbc_tfnbs,"e=0.7,h=7.0,n=30,start_thres=1.25,min_cluster_size=3",hub,0.25,50,29,40,1730,28,1,12,1729,0.7,0.0005780346820809,0.9655172413793104,0.0344827586206896,0.1443723765286532
fbc_tfnbs,"e=0.7,h=8.0,n=30,start_thres=1.25,min_cluster_size=3",hub,0.25,50,29,40,1730,28,1,12,1729,0.7,0.0005780346820809,0.9655172413793104,0.0344827586206896,0.1443723765286532
fbc_tfnbs,"e=0.7,h=9.0,n=30,start_thres=1.25,min_cluster_size=3",hub,0.25,50,29,40,1730,28,1,12,1729,0.7,0.0005780346820809,0.9655172413793104,0.0344827586206896,0.1443723765286532
fbc_tfnbs,"e=0.7,h=10.0,n=30,start_thres=1.25,min_cluster_size=3",hub,0.25,50,29,40,1730,28,1,12,1729,0.7,0.0005780346820809,0.9655172413793104,0.0344827586206896,0.1443723765286532
fbc_tfnbs,"e=0.8,h=0.5,n=30,start_thres=1.25,min_cluster_size=3",hub,0.25,50,29,40,1730,21,0,19,1730,0.525,0.0,1.0,0.0,0.1443723765286532
fbc_tfnbs,"e=0.8,h=1.0,n=30,start_thres=1.25,min_cluster_size=3",hub,0.25,50,29,40,1730,21,0,19,1730,0.525,0.0,1.0,0.0,0.1443723765286532
fbc_tfnbs,"e=0.8,h=2.0,n=30,start_thres=1.25,min_cluster_size=3",hub,0.25,50,29,40,1730,22,1,18,1729,0.55,0.0005780346820809,0.9565217391304348,0.0434782608695652,0.1443723765286532
fbc_tfnbs,"e=0.8,h=3.0,n=30,start_thres=1.25,min_cluster_size=3",hub,0.25,50,29,40,1730,23,1,17,1729,0.575,0.0005780346820809,0.9583333333333334,0.0416666666666666,0.1443723765286532
fbc_tfnbs,"e=0.8,h=4.0,n=30,start_thres=1.25,min_cluster_size=3",hub,0.25,50,29,40,1730,26,1,14,1729,0.65,0.0005780346820809,0.9629629629629628,0.037037037037037,0.1443723765286532
fbc_tfnbs,"e=0.8,h=5.0,n=30,start_thres=1.25,min_cluster_size=3",hub,0.25,50,29,40,1730,28,1,12,1729,0.7,0.0005780346820809,0.9655172413793104,0.0344827586206896,0.1443723765286532
fbc_tfnbs,"e=0.8,h=6.0,n=30,start_thres=1.25,min_cluster_size=3",hub,0.25,50,29,40,1730,28,1,12,1729,0.7,0.0005780346820809,0.9655172413793104,0.0344827586206896,0.1443723765286532
fbc_tfnbs,"e=0.8,h=7.0,n=30,start_thres=1.25,min_cluster_size=3",hub,0.25,50,29,40,1730,28,1,12,1729,0.7,0.0005780346820809,0.9655172413793104,0.0344827586206896,0.1443723765286532
fbc_tfnbs,"e=0.8,h=8.0,n=30,start_thres=1.25,min_cluster_size=3",hub,0.25,50,29,40,1730,28,1,12,1729,0.7,0.0005780346820809,0.9655172413793104,0.0344827586206896,0.1443723765286532
fbc_tfnbs,"e=0.8,h=9.0,n=30,start_thres=1.25,min_cluster_size=3",hub,0.25,50,29,40,1730,28,1,12,1729,0.7,0.0005780346820809,0.9655172413793104,0.0344827586206896,0.1443723765286532
fbc_tfnbs,"e=0.8,h=10.0,n=30,start_thres=1.25,min_cluster_size=3",hub,0.25,50,29,40,1730,28,1,12,1729,0.7,0.0005780346820809,0.9655172413793104,0.0344827586206896,0.1443723765286532
fbc_tfnbs,"e=0.9,h=0.5,n=30,start_thres=1.25,min_cluster_size=3",hub,0.25,50,29,40,1730,19,0,21,1730,0.475,0.0,1.0,0.0,0.1443723765286532
fbc_tfnbs,"e=0.9,h=1.0,n=30,start_thres=1.25,min_cluster_size=3",hub,0.25,50,29,40,1730,21,0,19,1730,0.525,0.0,1.0,0.0,0.1443723765286532
fbc_tfnbs,"e=0.9,h=2.0,n=30,start_thres=1.25,min_cluster_size=3",hub,0.25,50,29,40,1730,21,1,19,1729,0.525,0.0005780346820809,0.9545454545454546,0.0454545454545454,0.1443723765286532
fbc_tfnbs,"e=0.9,h=3.0,n=30,start_thres=1.25,min_cluster_size=3",hub,0.25,50,29,40,1730,22,1,18,1729,0.55,0.0005780346820809,0.9565217391304348,0.0434782608695652,0.1443723765286532
fbc_tfnbs,"e=0.9,h=4.0,n=30,start_thres=1.25,min_cluster_size=3",hub,0.25,50,29,40,1730,26,1,14,1729,0.65,0.0005780346820809,0.9629629629629628,0.037037037037037,0.1443723765286532
fbc_tfnbs,"e=0.9,h=5.0,n=30,start_thres=1.25,min_cluster_size=3",hub,0.25,50,29,40,1730,26,1,14,1729,0.65,0.0005780346820809,0.9629629629629628,0.037037037037037,0.1443723765286532
fbc_tfnbs,"e=0.9,h=6.0,n=30,start_thres=1.25,min_cluster_size=3",hub,0.25,50,29,40,1730,28,1,12,1729,0.7,0.0005780346820809,0.9655172413793104,0.0344827586206896,0.1443723765286532
fbc_tfnbs,"e=0.9,h=7.0,n=30,start_thres=1.25,min_cluster_size=3",hub,0.25,50,29,40,1730,28,1,12,1729,0.7,0.0005780346820809,0.9655172413793104,0.0344827586206896,0.1443723765286532
fbc_tfnbs,"e=0.9,h=8.0,n=30,start_thres=1.25,min_cluster_size=3",hub,0.25,50,29,40,1730,28,1,12,1729,0.7,0.0005780346820809,0.9655172413793104,0.0344827586206896,0.1443723765286532
fbc_tfnbs,"e=0.9,h=9.0,n=30,start_thres=1.25,min_cluster_size=3",hub,0.25,50,29,40,1730,28,1,12,1729,0.7,0.0005780346820809,0.9655172413793104,0.0344827586206896,0.1443723765286532
fbc_tfnbs,"e=0.9,h=10.0,n=30,start_thres=1.25,min_cluster_size=3",hub,0.25,50,29,40,1730,28,1,12,1729,0.7,0.0005780346820809,0.9655172413793104,0.0344827586206896,0.1443723765286532
fbc_tfnbs,"e=1.0,h=0.5,n=30,start_thres=1.25,min_cluster_size=3",hub,0.25,50,29,40,1730,16,0,24,1730,0.4,0.0,1.0,0.0,0.1443723765286532
fbc_tfnbs,"e=1.0,h=1.0,n=30,start_thres=1.25,min_cluster_size=3",hub,0.25,50,29,40,1730,19,0,21,1730,0.475,0.0,1.0,0.0,0.1443723765286532
fbc_tfnbs,"e=1.0,h=2.0,n=30,start_thres=1.25,min_cluster_size=3",hub,0.25,50,29,40,1730,21,0,19,1730,0.525,0.0,1.0,0.0,0.1443723765286532
fbc_tfnbs,"e=1.0,h=3.0,n=30,start_thres=1.25,min_cluster_size=3",hub,0.25,50,29,40,1730,22,1,18,1729,0.55,0.0005780346820809,0.9565217391304348,0.0434782608695652,0.1443723765286532
fbc_tfnbs,"e=1.0,h=4.0,n=30,start_thres=1.25,min_cluster_size=3",hub,0.25,50,29,40,1730,23,1,17,1729,0.575,0.0005780346820809,0.9583333333333334,0.0416666666666666,0.1443723765286532
fbc_tfnbs,"e=1.0,h=5.0,n=30,start_thres=1.25,min_cluster_size=3",hub,0.25,50,29,40,1730,26,1,14,1729,0.65,0.0005780346820809,0.9629629629629628,0.037037037037037,0.1443723765286532
fbc_tfnbs,"e=1.0,h=6.0,n=30,start_thres=1.25,min_cluster_size=3",hub,0.25,50,29,40,1730,28,1,12,1729,0.7,0.0005780346820809,0.9655172413793104,0.0344827586206896,0.1443723765286532
fbc_tfnbs,"e=1.0,h=7.0,n=30,start_thres=1.25,min_cluster_size=3",hub,0.25,50,29,40,1730,30,1,10,1729,0.75,0.0005780346820809,0.967741935483871,0.032258064516129,0.1443723765286532
fbc_tfnbs,"e=1.0,h=8.0,n=30,start_thres=1.25,min_cluster_size=3",hub,0.25,50,29,40,1730,30,1,10,1729,0.75,0.0005780346820809,0.967741935483871,0.032258064516129,0.1443723765286532
fbc_tfnbs,"e=1.0,h=9.0,n=30,start_thres=1.25,min_cluster_size=3",hub,0.25,50,29,40,1730,28,1,12,1729,0.7,0.0005780346820809,0.9655172413793104,0.0344827586206896,0.1443723765286532
fbc_tfnbs,"e=1.0,h=10.0,n=30,start_thres=1.25,min_cluster_size=3",hub,0.25,50,29,40,1730,28,1,12,1729,0.7,0.0005780346820809,0.9655172413793104,0.0344827586206896,0.1443723765286532
fbc_tfnbs,"e=1.1,h=0.5,n=30,start_thres=1.25,min_cluster_size=3",hub,0.25,50,29,40,1730,9,0,31,1730,0.225,0.0,1.0,0.0,0.1443723765286532
fbc_tfnbs,"e=1.1,h=1.0,n=30,start_thres=1.25,min_cluster_size=3",hub,0.25,50,29,40,1730,17,0,23,1730,0.425,0.0,1.0,0.0,0.1443723765286532
fbc_tfnbs,"e=1.1,h=2.0,n=30,start_thres=1.25,min_cluster_size=3",hub,0.25,50,29,40,1730,21,0,19,1730,0.525,0.0,1.0,0.0,0.1443723765286532
fbc_tfnbs,"e=1.1,h=3.0,n=30,start_thres=1.25,min_cluster_size=3",hub,0.25,50,29,40,1730,22,1,18,1729,0.55,0.0005780346820809,0.9565217391304348,0.0434782608695652,0.1443723765286532
fbc_tfnbs,"e=1.1,h=4.0,n=30,start_thres=1.25,min_cluster_size=3",hub,0.25,50,29,40,1730,23,1,17,1729,0.575,0.0005780346820809,0.9583333333333334,0.0416666666666666,0.1443723765286532
fbc_tfnbs,"e=1.1,h=5.0,n=30,start_thres=1.25,min_cluster_size=3",hub,0.25,50,29,40,1730,26,1,14,1729,0.65,0.0005780346820809,0.9629629629629628,0.037037037037037,0.1443723765286532
fbc_tfnbs,"e=1.1,h=6.0,n=30,start_thres=1.25,min_cluster_size=3",hub,0.25,50,29,40,1730,26,1,14,1729,0.65,0.0005780346820809,0.9629629629629628,0.037037037037037,0.1443723765286532
fbc_tfnbs,"e=1.1,h=7.0,n=30,start_thres=1.25,min_cluster_size=3",hub,0.25,50,29,40,1730,30,1,10,1729,0.75,0.0005780346820809,0.967741935483871,0.032258064516129,0.1443723765286532
fbc_tfnbs,"e=1.1,h=8.0,n=30,start_thres=1.25,min_cluster_size=3",hub,0.25,50,29,40,1730,30,1,10,1729,0.75,0.0005780346820809,0.967741935483871,0.032258064516129,0.1443723765286532
fbc_tfnbs,"e=1.1,h=9.0,n=30,start_thres=1.25,min_cluster_size=3",hub,0.25,50,29,40,1730,30,1,10,1729,0.75,0.0005780346820809,0.967741935483871,0.032258064516129,0.1443723765286532
fbc_tfnbs,"e=1.1,h=10.0,n=30,start_thres=1.25,min_cluster_size=3",hub,0.25,50,29,40,1730,28,1,12,1729,0.7,0.0005780346820809,0.9655172413793104,0.0344827586206896,0.1443723765286532
fbc_tfnbs,"e=1.2,h=0.5,n=30,start_thres=1.25,min_cluster_size=3",hub,0.25,50,29,40,1730,4,0,36,1730,0.1,0.0,1.0,0.0,0.1443723765286532
fbc_tfnbs,"e=1.2,h=1.0,n=30,start_thres=1.25,min_cluster_size=3",hub,0.25,50,29,40,1730,15,0,25,1730,0.375,0.0,1.0,0.0,0.1443723765286532
fbc_tfnbs,"e=1.2,h=2.0,n=30,start_thres=1.25,min_cluster_size=3",hub,0.25,50,29,40,1730,21,0,19,1730,0.525,0.0,1.0,0.0,0.1443723765286532
fbc_tfnbs,"e=1.2,h=3.0,n=30,start_thres=1.25,min_cluster_size=3",hub,0.25,50,29,40,1730,21,1,19,1729,0.525,0.0005780346820809,0.9545454545454546,0.0454545454545454,0.1443723765286532
fbc_tfnbs,"e=1.2,h=4.0,n=30,start_thres=1.25,min_cluster_size=3",hub,0.25,50,29,40,1730,22,1,18,1729,0.55,0.0005780346820809,0.9565217391304348,0.0434782608695652,0.1443723765286532
fbc_tfnbs,"e=1.2,h=5.0,n=30,start_thres=1.25,min_cluster_size=3",hub,0.25,50,29,40,1730,23,1,17,1729,0.575,0.0005780346820809,0.9583333333333334,0.0416666666666666,0.1443723765286532
fbc_tfnbs,"e=1.2,h=6.0,n=30,start_thres=1.25,min_cluster_size=3",hub,0.25,50,29,40,1730,28,1,12,1729,0.7,0.0005780346820809,0.9655172413793104,0.0344827586206896,0.1443723765286532
fbc_tfnbs,"e=1.2,h=7.0,n=30,start_thres=1.25,min_cluster_size=3",hub,0.25,50,29,40,1730,30,1,10,1729,0.75,0.0005780346820809,0.967741935483871,0.032258064516129,0.1443723765286532
fbc_tfnbs,"e=1.2,h=8.0,n=30,start_thres=1.25,min_cluster_size=3",hub,0.25,50,29,40,1730,30,1,10,1729,0.75,0.0005780346820809,0.967741935483871,0.032258064516129,0.1443723765286532
fbc_tfnbs,"e=1.2,h=9.0,n=30,start_thres=1.25,min_cluster_size=3",hub,0.25,50,29,40,1730,30,1,10,1729,0.75,0.0005780346820809,0.967741935483871,0.032258064516129,0.1443723765286532
fbc_tfnbs,"e=1.2,h=10.0,n=30,start_thres=1.25,min_cluster_size=3",hub,0.25,50,29,40,1730,30,1,10,1729,0.75,0.0005780346820809,0.967741935483871,0.032258064516129,0.1443723765286532
fbc_tfnbs,"e=1.3,h=0.5,n=30,start_thres=1.25,min_cluster_size=3",hub,0.25,50,29,40,1730,3,0,37,1730,0.075,0.0,1.0,0.0,0.1443723765286532
fbc_tfnbs,"e=1.3,h=1.0,n=30,start_thres=1.25,min_cluster_size=3",hub,0.25,50,29,40,1730,4,0,36,1730,0.1,0.0,1.0,0.0,0.1443723765286532
fbc_tfnbs,"e=1.3,h=2.0,n=30,start_thres=1.25,min_cluster_size=3",hub,0.25,50,29,40,1730,19,0,21,1730,0.475,0.0,1.0,0.0,0.1443723765286532
fbc_tfnbs,"e=1.3,h=3.0,n=30,start_thres=1.25,min_cluster_size=3",hub,0.25,50,29,40,1730,21,0,19,1730,0.525,0.0,1.0,0.0,0.1443723765286532
fbc_tfnbs,"e=1.3,h=4.0,n=30,start_thres=1.25,min_cluster_size=3",hub,0.25,50,29,40,1730,22,1,18,1729,0.55,0.0005780346820809,0.9565217391304348,0.0434782608695652,0.1443723765286532
fbc_tfnbs,"e=1.3,h=5.0,n=30,start_thres=1.25,min_cluster_size=3",hub,0.25,50,29,40,1730,23,1,17,1729,0.575,0.0005780346820809,0.9583333333333334,0.0416666666666666,0.1443723765286532
fbc_tfnbs,"e=1.3,h=6.0,n=30,start_thres=1.25,min_cluster_size=3",hub,0.25,50,29,40,1730,28,1,12,1729,0.7,0.0005780346820809,0.9655172413793104,0.0344827586206896,0.1443723765286532
fbc_tfnbs,"e=1.3,h=7.0,n=30,start_thres=1.25,min_cluster_size=3",hub,0.25,50,29,40,1730,28,1,12,1729,0.7,0.0005780346820809,0.9655172413793104,0.0344827586206896,0.1443723765286532
fbc_tfnbs,"e=1.3,h=8.0,n=30,start_thres=1.25,min_cluster_size=3",hub,0.25,50,29,40,1730,30,1,10,1729,0.75,0.0005780346820809,0.967741935483871,0.032258064516129,0.1443723765286532
fbc_tfnbs,"e=1.3,h=9.0,n=30,start_thres=1.25,min_cluster_size=3",hub,0.25,50,29,40,1730,30,1,10,1729,0.75,0.0005780346820809,0.967741935483871,0.032258064516129,0.1443723765286532
fbc_tfnbs,"e=1.3,h=10.0,n=30,start_thres=1.25,min_cluster_size=3",hub,0.25,50,29,40,1730,30,1,10,1729,0.75,0.0005780346820809,0.967741935483871,0.032258064516129,0.1443723765286532
fbc_tfnbs,"e=1.4,h=0.5,n=30,start_thres=1.25,min_cluster_size=3",hub,0.25,50,29,40,1730,0,0,40,1730,0.0,0.0,0.0,0.0,0.1443723765286532
fbc_tfnbs,"e=1.4,h=1.0,n=30,start_thres=1.25,min_cluster_size=3",hub,0.25,50,29,40,1730,4,0,36,1730,0.1,0.0,1.0,0.0,0.1443723765286532
fbc_tfnbs,"e=1.4,h=2.0,n=30,start_thres=1.25,min_cluster_size=3",hub,0.25,50,29,40,1730,18,0,22,1730,0.45,0.0,1.0,0.0,0.1443723765286532
fbc_tfnbs,"e=1.4,h=3.0,n=30,start_thres=1.25,min_cluster_size=3",hub,0.25,50,29,40,1730,21,0,19,1730,0.525,0.0,1.0,0.0,0.1443723765286532
fbc_tfnbs,"e=1.4,h=4.0,n=30,start_thres=1.25,min_cluster_size=3",hub,0.25,50,29,40,1730,22,1,18,1729,0.55,0.0005780346820809,0.9565217391304348,0.0434782608695652,0.1443723765286532
fbc_tfnbs,"e=1.4,h=5.0,n=30,start_thres=1.25,min_cluster_size=3",hub,0.25,50,29,40,1730,23,1,17,1729,0.575,0.0005780346820809,0.9583333333333334,0.0416666666666666,0.1443723765286532
fbc_tfnbs,"e=1.4,h=6.0,n=30,start_thres=1.25,min_cluster_size=3",hub,0.25,50,29,40,1730,25,1,15,1729,0.625,0.0005780346820809,0.9615384615384616,0.0384615384615384,0.1443723765286532
fbc_tfnbs,"e=1.4,h=7.0,n=30,start_thres=1.25,min_cluster_size=3",hub,0.25,50,29,40,1730,28,1,12,1729,0.7,0.0005780346820809,0.9655172413793104,0.0344827586206896,0.1443723765286532
fbc_tfnbs,"e=1.4,h=8.0,n=30,start_thres=1.25,min_cluster_size=3",hub,0.25,50,29,40,1730,30,1,10,1729,0.75,0.0005780346820809,0.967741935483871,0.032258064516129,0.1443723765286532
fbc_tfnbs,"e=1.4,h=9.0,n=30,start_thres=1.25,min_cluster_size=3",hub,0.25,50,29,40,1730,30,1,10,1729,0.75,0.0005780346820809,0.967741935483871,0.032258064516129,0.1443723765286532
fbc_tfnbs,"e=1.4,h=10.0,n=30,start_thres=1.25,min_cluster_size=3",hub,0.25,50,29,40,1730,30,1,10,1729,0.75,0.0005780346820809,0.967741935483871,0.032258064516129,0.1443723765286532
fbc_tfnbs,"e=1.5,h=0.5,n=30,start_thres=1.25,min_cluster_size=3",hub,0.25,50,29,40,1730,0,0,40,1730,0.0,0.0,0.0,0.0,0.1443723765286532
fbc_tfnbs,"e=1.5,h=1.0,n=30,start_thres=1.25,min_cluster_size=3",hub,0.25,50,29,40,1730,0,0,40,1730,0.0,0.0,0.0,0.0,0.1443723765286532
fbc_tfnbs,"e=1.5,h=2.0,n=30,start_thres=1.25,min_cluster_size=3",hub,0.25,50,29,40,1730,16,0,24,1730,0.4,0.0,1.0,0.0,0.1443723765286532
fbc_tfnbs,"e=1.5,h=3.0,n=30,start_thres=1.25,min_cluster_size=3",hub,0.25,50,29,40,1730,21,0,19,1730,0.525,0.0,1.0,0.0,0.1443723765286532
fbc_tfnbs,"e=1.5,h=4.0,n=30,start_thres=1.25,min_cluster_size=3",hub,0.25,50,29,40,1730,22,1,18,1729,0.55,0.0005780346820809,0.9565217391304348,0.0434782608695652,0.1443723765286532
fbc_tfnbs,"e=1.5,h=5.0,n=30,start_thres=1.25,min_cluster_size=3",hub,0.25,50,29,40,1730,22,1,18,1729,0.55,0.0005780346820809,0.9565217391304348,0.0434782608695652,0.1443723765286532
fbc_tfnbs,"e=1.5,h=6.0,n=30,start_thres=1.25,min_cluster_size=3",hub,0.25,50,29,40,1730,25,1,15,1729,0.625,0.0005780346820809,0.9615384615384616,0.0384615384615384,0.1443723765286532
fbc_tfnbs,"e=1.5,h=7.0,n=30,start_thres=1.25,min_cluster_size=3",hub,0.25,50,29,40,1730,28,1,12,1729,0.7,0.0005780346820809,0.9655172413793104,0.0344827586206896,0.1443723765286532
fbc_tfnbs,"e=1.5,h=8.0,n=30,start_thres=1.25,min_cluster_size=3",hub,0.25,50,29,40,1730,30,1,10,1729,0.75,0.0005780346820809,0.967741935483871,0.032258064516129,0.1443723765286532
fbc_tfnbs,"e=1.5,h=9.0,n=30,start_thres=1.25,min_cluster_size=3",hub,0.25,50,29,40,1730,30,1,10,1729,0.75,0.0005780346820809,0.967741935483871,0.032258064516129,0.1443723765286532
fbc_tfnbs,"e=1.5,h=10.0,n=30,start_thres=1.25,min_cluster_size=3",hub,0.25,50,29,40,1730,30,1,10,1729,0.75,0.0005780346820809,0.967741935483871,0.032258064516129,0.1443723765286532
nbs_extent,threshold=1.0,hub,0.25,50,0,40,1730,40,392,0,1338,1.0,0.2265895953757225,0.0925925925925925,0.9074074074074074,8.843033075332642
nbs_extent,threshold=1.0,hub,0.25,50,1,40,1730,40,393,0,1337,1.0,0.2271676300578034,0.092378752886836,0.907621247113164,8.979430675506592
nbs_extent,threshold=1.0,hub,0.25,50,2,40,1730,0,0,40,1730,0.0,0.0,0.0,0.0,9.146419286727903
nbs_extent,threshold=1.0,hub,0.25,50,3,40,1730,0,0,40,1730,0.0,0.0,0.0,0.0,8.678281545639038
nbs_extent,threshold=1.0,hub,0.25,50,5,40,1730,0,0,40,1730,0.0,0.0,0.0,0.0,8.468810319900513
nbs_extent,threshold=1.0,hub,0.25,50,4,40,1730,0,0,40,1730,0.0,0.0,0.0,0.0,9.219563722610474
nbs_extent,threshold=1.0,hub,0.25,50,6,40,1730,0,0,40,1730,0.0,0.0,0.0,0.0,8.07535719871521
nbs_extent,threshold=1.0,hub,0.25,50,7,40,1730,0,0,40,1730,0.0,0.0,0.0,0.0,8.576447248458862
nbs_extent,threshold=1.0,hub,0.25,50,8,40,1730,0,0,40,1730,0.0,0.0,0.0,0.0,8.051065921783447
nbs_extent,threshold=1.0,hub,0.25,50,9,40,1730,0,0,40,1730,0.0,0.0,0.0,0.0,8.365546703338623
nbs_extent,threshold=1.0,hub,0.25,50,10,40,1730,0,0,40,1730,0.0,0.0,0.0,0.0,8.346208333969116
nbs_extent,threshold=1.0,hub,0.25,50,11,40,1730,39,403,1,1327,0.975,0.2329479768786127,0.088235294117647,0.9117647058823528,8.394035816192627
nbs_extent,threshold=1.0,hub,0.25,50,12,40,1730,0,0,40,1730,0.0,0.0,0.0,0.0,8.130983829498291
nbs_extent,threshold=1.0,hub,0.25,50,13,40,1730,0,0,40,1730,0.0,0.0,0.0,0.0,8.342959880828857
nbs_extent,threshold=1.0,hub,0.25,50,14,40,1730,40,461,0,1269,1.0,0.2664739884393063,0.0798403193612774,0.9201596806387226,8.082664966583252
nbs_extent,threshold=1.0,hub,0.25,50,15,40,1730,0,0,40,1730,0.0,0.0,0.0,0.0,8.416887283325195
nbs_extent,threshold=1.0,hub,0.25,50,16,40,1730,40,406,0,1324,1.0,0.2346820809248554,0.0896860986547085,0.9103139013452914,8.190349340438843
nbs_extent,threshold=1.0,hub,0.25,50,17,40,1730,0,0,40,1730,0.0,0.0,0.0,0.0,8.534413814544678
nbs_extent,threshold=1.0,hub,0.25,50,18,40,1730,0,0,40,1730,0.0,0.0,0.0,0.0,8.186155557632446
nbs_extent,threshold=1.0,hub,0.25,50,19,40,1730,0,0,40,1730,0.0,0.0,0.0,0.0,8.391191005706787
nbs_extent,threshold=1.0,hub,0.25,50,20,40,1730,0,0,40,1730,0.0,0.0,0.0,0.0,8.09664797782898
nbs_extent,threshold=1.0,hub,0.25,50,21,40,1730,0,0,40,1730,0.0,0.0,0.0,0.0,8.576461791992188
nbs_extent,threshold=1.0,hub,0.25,50,22,40,1730,0,0,40,1730,0.0,0.0,0.0,0.0,8.11629033088684
nbs_extent,threshold=1.0,hub,0.25,50,23,40,1730,0,0,40,1730,0.0,0.0,0.0,0.0,8.391042470932007
nbs_extent,threshold=1.0,hub,0.25,50,24,40,1730,0,0,40,1730,0.0,0.0,0.0,0.0,8.105398416519165
nbs_extent,threshold=1.0,hub,0.25,50,25,40,1730,0,0,40,1730,0.0,0.0,0.0,0.0,8.275891780853271
nbs_extent,threshold=1.0,hub,0.25,50,26,40,1730,0,0,40,1730,0.0,0.0,0.0,0.0,8.12768268585205
nbs_extent,threshold=1.0,hub,0.25,50,27,40,1730,40,401,0,1329,1.0,0.2317919075144508,0.0907029478458049,0.909297052154195,8.312499284744263
nbs_extent,threshold=1.0,hub,0.25,50,28,40,1730,0,0,40,1730,0.0,0.0,0.0,0.0,8.160181999206543
nbs_extent,threshold=1.0,hub,0.25,50,29,40,1730,0,0,40,1730,0.0,0.0,0.0,0.0,8.352578401565552
nbs_extent,threshold=1.5,hub,0.25,50,0,40,1730,39,178,1,1552,0.975,0.1028901734104046,0.1797235023041474,0.8202764976958525,8.049969673156738
nbs_extent,threshold=1.5,hub,0.25,50,1,40,1730,38,190,2,1540,0.95,0.1098265895953757,0.1666666666666666,0.8333333333333334,10.000505924224854
nbs_extent,threshold=1.5,hub,0.25,50,2,40,1730,0,0,40,1730,0.0,0.0,0.0,0.0,8.179052114486694
nbs_extent,threshold=1.5,hub,0.25,50,3,40,1730,0,0,40,1730,0.0,0.0,0.0,0.0,8.183243989944458
nbs_extent,threshold=1.5,hub,0.25,50,4,40,1730,0,0,40,1730,0.0,0.0,0.0,0.0,8.016667604446411
nbs_extent,threshold=1.5,hub,0.25,50,5,40,1730,0,0,40,1730,0.0,0.0,0.0,0.0,8.269610404968262
nbs_extent,threshold=1.5,hub,0.25,50,6,40,1730,0,0,40,1730,0.0,0.0,0.0,0.0,8.120914459228516
nbs_extent,threshold=1.5,hub,0.25,50,7,40,1730,0,0,40,1730,0.0,0.0,0.0,0.0,8.279862880706787
nbs_extent,threshold=1.5,hub,0.25,50,8,40,1730,0,0,40,1730,0.0,0.0,0.0,0.0,8.147204637527466
nbs_extent,threshold=1.5,hub,0.25,50,9,40,1730,0,0,40,1730,0.0,0.0,0.0,0.0,8.327443361282349
nbs_extent,threshold=1.5,hub,0.25,50,10,40,1730,0,0,40,1730,0.0,0.0,0.0,0.0,8.164263010025024
nbs_extent,threshold=1.5,hub,0.25,50,11,40,1730,39,180,1,1550,0.975,0.1040462427745664,0.1780821917808219,0.821917808219178,7.491742610931396
nbs_extent,threshold=1.5,hub,0.25,50,12,40,1730,0,0,40,1730,0.0,0.0,0.0,0.0,8.147292375564575
nbs_extent,threshold=1.5,hub,0.25,50,13,40,1730,0,0,40,1730,0.0,0.0,0.0,0.0,8.253577709197998
nbs_extent,threshold=1.5,hub,0.25,50,14,40,1730,39,220,1,1510,0.975,0.1271676300578034,0.1505791505791505,0.8494208494208494,8.153064966201782
nbs_extent,threshold=1.5,hub,0.25,50,15,40,1730,40,181,0,1549,1.0,0.1046242774566474,0.1809954751131221,0.8190045248868778,8.293504476547241
nbs_extent,threshold=1.5,hub,0.25,50,16,40,1730,40,203,0,1527,1.0,0.1173410404624277,0.1646090534979424,0.8353909465020576,8.11174726486206
nbs_extent,threshold=1.5,hub,0.25,50,17,40,1730,0,0,40,1730,0.0,0.0,0.0,0.0,8.290018796920776
nbs_extent,threshold=1.5,hub,0.25,50,18,40,1730,0,0,40,1730,0.0,0.0,0.0,0.0,8.148871421813965
nbs_extent,threshold=1.5,hub,0.25,50,19,40,1730,0,0,40,1730,0.0,0.0,0.0,0.0,8.215759754180908
nbs_extent,threshold=1.5,hub,0.25,50,20,40,1730,0,0,40,1730,0.0,0.0,0.0,0.0,8.115814924240112
nbs_extent,threshold=1.5,hub,0.25,50,21,40,1730,0,0,40,1730,0.0,0.0,0.0,0.0,10.071464776992798
nbs_extent,threshold=1.5,hub,0.25,50,22,40,1730,0,0,40,1730,0.0,0.0,0.0,0.0,9.098010540008543
nbs_extent,threshold=1.5,hub,0.25,50,23,40,1730,40,157,0,1573,1.0,0.0907514450867052,0.2030456852791878,0.7969543147208121,8.301775693893433
nbs_extent,threshold=1.5,hub,0.25,50,24,40,1730,0,0,40,1730,0.0,0.0,0.0,0.0,7.996000528335571
nbs_extent,threshold=1.5,hub,0.25,50,25,40,1730,0,0,40,1730,0.0,0.0,0.0,0.0,8.328013896942139
nbs_extent,threshold=1.5,hub,0.25,50,26,40,1730,0,0,40,1730,0.0,0.0,0.0,0.0,8.01914668083191
nbs_extent,threshold=1.5,hub,0.25,50,27,40,1730,40,192,0,1538,1.0,0.1109826589595375,0.1724137931034483,0.8275862068965517,8.267550230026245
nbs_extent,threshold=1.5,hub,0.25,50,28,40,1730,0,0,40,1730,0.0,0.0,0.0,0.0,7.986444473266602
nbs_extent,threshold=1.5,hub,0.25,50,29,40,1730,0,0,40,1730,0.0,0.0,0.0,0.0,8.265719413757324
nbs_extent,threshold=2.0,hub,0.25,50,0,40,1730,38,79,2,1651,0.95,0.045664739884393,0.3247863247863248,0.6752136752136753,7.950567007064819
nbs_extent,threshold=2.0,hub,0.25,50,2,40,1730,0,0,40,1730,0.0,0.0,0.0,0.0,7.89152455329895
nbs_extent,threshold=2.0,hub,0.25,50,1,40,1730,37,79,3,1651,0.925,0.045664739884393,0.3189655172413793,0.6810344827586207,8.499666452407837
nbs_extent,threshold=2.0,hub,0.25,50,3,40,1730,0,0,40,1730,0.0,0.0,0.0,0.0,7.808730602264404
nbs_extent,threshold=2.0,hub,0.25,50,4,40,1730,0,0,40,1730,0.0,0.0,0.0,0.0,8.297210454940796
nbs_extent,threshold=2.0,hub,0.25,50,5,40,1730,40,55,0,1675,1.0,0.0317919075144508,0.4210526315789473,0.5789473684210527,7.879161596298218
nbs_extent,threshold=2.0,hub,0.25,50,6,40,1730,39,44,1,1686,0.975,0.0254335260115606,0.4698795180722891,0.5301204819277109,8.308457612991333
nbs_extent,threshold=2.0,hub,0.25,50,7,40,1730,0,0,40,1730,0.0,0.0,0.0,0.0,7.840063571929932
nbs_extent,threshold=2.0,hub,0.25,50,8,40,1730,0,0,40,1730,0.0,0.0,0.0,0.0,8.296427488327026
nbs_extent,threshold=2.0,hub,0.25,50,9,40,1730,0,0,40,1730,0.0,0.0,0.0,0.0,7.898299694061279
nbs_extent,threshold=2.0,hub,0.25,50,10,40,1730,0,0,40,1730,0.0,0.0,0.0,0.0,8.284316062927246
nbs_extent,threshold=2.0,hub,0.25,50,11,40,1730,38,76,2,1654,0.95,0.0439306358381502,0.3333333333333333,0.6666666666666666,8.67885947227478
nbs_extent,threshold=2.0,hub,0.25,50,12,40,1730,39,52,1,1678,0.975,0.030057803468208,0.4285714285714285,0.5714285714285714,8.655738592147827
nbs_extent,threshold=2.0,hub,0.25,50,13,40,1730,0,0,40,1730,0.0,0.0,0.0,0.0,7.971104860305786
nbs_extent,threshold=2.0,hub,0.25,50,14,40,1730,38,88,2,1642,0.95,0.0508670520231213,0.3015873015873015,0.6984126984126984,8.21955156326294
nbs_extent,threshold=2.0,hub,0.25,50,15,40,1730,39,65,1,1665,0.975,0.0375722543352601,0.375,0.625,7.969141244888306
nbs_extent,threshold=2.0,hub,0.25,50,16,40,1730,40,86,0,1644,1.0,0.0497109826589595,0.3174603174603174,0.6825396825396826,8.324800491333008
nbs_extent,threshold=2.0,hub,0.25,50,17,40,1730,39,49,1,1681,0.975,0.0283236994219653,0.4431818181818182,0.5568181818181818,7.957945823669434
nbs_extent,threshold=2.0,hub,0.25,50,18,40,1730,0,0,40,1730,0.0,0.0,0.0,0.0,8.348989248275757
nbs_extent,threshold=2.0,hub,0.25,50,19,40,1730,0,0,40,1730,0.0,0.0,0.0,0.0,7.96151328086853
nbs_extent,threshold=2.0,hub,0.25,50,20,40,1730,0,0,40,1730,0.0,0.0,0.0,0.0,8.318347930908203
nbs_extent,threshold=2.0,hub,0.25,50,21,40,1730,0,0,40,1730,0.0,0.0,0.0,0.0,8.53829574584961
nbs_extent,threshold=2.0,hub,0.25,50,22,40,1730,0,0,40,1730,0.0,0.0,0.0,0.0,8.313896894454956
nbs_extent,threshold=2.0,hub,0.25,50,23,40,1730,38,62,2,1668,0.95,0.0358381502890173,0.38,0.62,7.993333101272583
nbs_extent,threshold=2.0,hub,0.25,50,24,40,1730,0,0,40,1730,0.0,0.0,0.0,0.0,8.270613193511963
nbs_extent,threshold=2.0,hub,0.25,50,25,40,1730,0,0,40,1730,0.0,0.0,0.0,0.0,7.988688945770264
nbs_extent,threshold=2.0,hub,0.25,50,26,40,1730,0,0,40,1730,0.0,0.0,0.0,0.0,8.168825626373291
nbs_extent,threshold=2.0,hub,0.25,50,27,40,1730,39,58,1,1672,0.975,0.0335260115606936,0.4020618556701031,0.5979381443298969,8.026923656463623
nbs_extent,threshold=2.0,hub,0.25,50,28,40,1730,0,0,40,1730,0.0,0.0,0.0,0.0,8.235843658447266
nbs_extent,threshold=2.0,hub,0.25,50,29,40,1730,0,0,40,1730,0.0,0.0,0.0,0.0,7.971461296081543
nbs_extent,threshold=2.5,hub,0.25,50,0,40,1730,34,29,6,1701,0.85,0.0167630057803468,0.5396825396825397,0.4603174603174603,8.182743549346924
nbs_extent,threshold=2.5,hub,0.25,50,1,40,1730,34,27,6,1703,0.85,0.0156069364161849,0.5573770491803278,0.4426229508196721,7.94437050819397
nbs_extent,threshold=2.5,hub,0.25,50,2,40,1730,31,5,9,1725,0.775,0.0028901734104046,0.8611111111111112,0.1388888888888889,8.219831943511963
nbs_extent,threshold=2.5,hub,0.25,50,3,40,1730,27,6,13,1724,0.675,0.0034682080924855,0.8181818181818182,0.1818181818181818,7.946049928665161
nbs_extent,threshold=2.5,hub,0.25,50,4,40,1730,27,2,13,1728,0.675,0.0011560693641618,0.9310344827586208,0.0689655172413793,8.171746492385864
nbs_extent,threshold=2.5,hub,0.25,50,5,40,1730,38,13,2,1717,0.95,0.007514450867052,0.7450980392156863,0.2549019607843137,7.919446706771851
nbs_extent,threshold=2.5,hub,0.25,50,6,40,1730,35,11,5,1719,0.875,0.0063583815028901,0.7608695652173914,0.2391304347826087,8.136676788330078
nbs_extent,threshold=2.5,hub,0.25,50,7,40,1730,33,4,7,1726,0.825,0.0023121387283236,0.8918918918918919,0.1081081081081081,7.921446084976196
tfnbs,"e=0.05,h=0.5,n=30,start_thres=1.25",hub,0.25,50,1,40,1730,13,0,27,1730,0.325,0.0,1.0,0.0,7.415919809178873
tfnbs,"e=0.05,h=1.0,n=30,start_thres=1.25",hub,0.25,50,1,40,1730,13,0,27,1730,0.325,0.0,1.0,0.0,7.415919809178873
tfnbs,"e=0.05,h=2.0,n=30,start_thres=1.25",hub,0.25,50,1,40,1730,13,0,27,1730,0.325,0.0,1.0,0.0,7.415919809178873
tfnbs,"e=0.05,h=3.0,n=30,start_thres=1.25",hub,0.25,50,1,40,1730,13,0,27,1730,0.325,0.0,1.0,0.0,7.415919809178873
tfnbs,"e=0.05,h=4.0,n=30,start_thres=1.25",hub,0.25,50,1,40,1730,13,0,27,1730,0.325,0.0,1.0,0.0,7.415919809178873
tfnbs,"e=0.05,h=5.0,n=30,start_thres=1.25",hub,0.25,50,1,40,1730,13,0,27,1730,0.325,0.0,1.0,0.0,7.415919809178873
tfnbs,"e=0.05,h=6.0,n=30,start_thres=1.25",hub,0.25,50,1,40,1730,13,0,27,1730,0.325,0.0,1.0,0.0,7.415919809178873
tfnbs,"e=0.05,h=7.0,n=30,start_thres=1.25",hub,0.25,50,1,40,1730,13,0,27,1730,0.325,0.0,1.0,0.0,7.415919809178873
tfnbs,"e=0.05,h=8.0,n=30,start_thres=1.25",hub,0.25,50,1,40,1730,13,0,27,1730,0.325,0.0,1.0,0.0,7.415919809178873
tfnbs,"e=0.05,h=9.0,n=30,start_thres=1.25",hub,0.25,50,1,40,1730,13,0,27,1730,0.325,0.0,1.0,0.0,7.415919809178873
tfnbs,"e=0.05,h=10.0,n=30,start_thres=1.25",hub,0.25,50,1,40,1730,13,0,27,1730,0.325,0.0,1.0,0.0,7.415919809178873
tfnbs,"e=0.1,h=0.5,n=30,start_thres=1.25",hub,0.25,50,1,40,1730,17,0,23,1730,0.425,0.0,1.0,0.0,7.415919809178873
tfnbs,"e=0.1,h=1.0,n=30,start_thres=1.25",hub,0.25,50,1,40,1730,17,0,23,1730,0.425,0.0,1.0,0.0,7.415919809178873
tfnbs,"e=0.1,h=2.0,n=30,start_thres=1.25",hub,0.25,50,1,40,1730,15,0,25,1730,0.375,0.0,1.0,0.0,7.415919809178873
tfnbs,"e=0.1,h=3.0,n=30,start_thres=1.25",hub,0.25,50,1,40,1730,15,0,25,1730,0.375,0.0,1.0,0.0,7.415919809178873
tfnbs,"e=0.1,h=4.0,n=30,start_thres=1.25",hub,0.25,50,1,40,1730,15,0,25,1730,0.375,0.0,1.0,0.0,7.415919809178873
tfnbs,"e=0.1,h=5.0,n=30,start_thres=1.25",hub,0.25,50,1,40,1730,13,0,27,1730,0.325,0.0,1.0,0.0,7.415919809178873
tfnbs,"e=0.1,h=6.0,n=30,start_thres=1.25",hub,0.25,50,1,40,1730,13,0,27,1730,0.325,0.0,1.0,0.0,7.415919809178873
tfnbs,"e=0.1,h=7.0,n=30,start_thres=1.25",hub,0.25,50,1,40,1730,13,0,27,1730,0.325,0.0,1.0,0.0,7.415919809178873
tfnbs,"e=0.1,h=8.0,n=30,start_thres=1.25",hub,0.25,50,1,40,1730,13,0,27,1730,0.325,0.0,1.0,0.0,7.415919809178873
tfnbs,"e=0.1,h=9.0,n=30,start_thres=1.25",hub,0.25,50,1,40,1730,13,0,27,1730,0.325,0.0,1.0,0.0,7.415919809178873
tfnbs,"e=0.1,h=10.0,n=30,start_thres=1.25",hub,0.25,50,1,40,1730,13,0,27,1730,0.325,0.0,1.0,0.0,7.415919809178873
tfnbs,"e=0.2,h=0.5,n=30,start_thres=1.25",hub,0.25,50,1,40,1730,27,2,13,1728,0.675,0.0011560693641618,0.9310344827586208,0.0689655172413793,7.415919809178873
tfnbs,"e=0.2,h=1.0,n=30,start_thres=1.25",hub,0.25,50,1,40,1730,23,0,17,1730,0.575,0.0,1.0,0.0,7.415919809178873
tfnbs,"e=0.2,h=2.0,n=30,start_thres=1.25",hub,0.25,50,1,40,1730,19,0,21,1730,0.475,0.0,1.0,0.0,7.415919809178873
tfnbs,"e=0.2,h=3.0,n=30,start_thres=1.25",hub,0.25,50,1,40,1730,19,0,21,1730,0.475,0.0,1.0,0.0,7.415919809178873
tfnbs,"e=0.2,h=4.0,n=30,start_thres=1.25",hub,0.25,50,1,40,1730,17,0,23,1730,0.425,0.0,1.0,0.0,7.415919809178873
tfnbs,"e=0.2,h=5.0,n=30,start_thres=1.25",hub,0.25,50,1,40,1730,17,0,23,1730,0.425,0.0,1.0,0.0,7.415919809178873
tfnbs,"e=0.2,h=6.0,n=30,start_thres=1.25",hub,0.25,50,1,40,1730,15,0,25,1730,0.375,0.0,1.0,0.0,7.415919809178873
tfnbs,"e=0.2,h=7.0,n=30,start_thres=1.25",hub,0.25,50,1,40,1730,15,0,25,1730,0.375,0.0,1.0,0.0,7.415919809178873
tfnbs,"e=0.2,h=8.0,n=30,start_thres=1.25",hub,0.25,50,1,40,1730,15,0,25,1730,0.375,0.0,1.0,0.0,7.415919809178873
tfnbs,"e=0.2,h=9.0,n=30,start_thres=1.25",hub,0.25,50,1,40,1730,15,0,25,1730,0.375,0.0,1.0,0.0,7.415919809178873
tfnbs,"e=0.2,h=10.0,n=30,start_thres=1.25",hub,0.25,50,1,40,1730,13,0,27,1730,0.325,0.0,1.0,0.0,7.415919809178873
tfnbs,"e=0.3,h=0.5,n=30,start_thres=1.25",hub,0.25,50,1,40,1730,28,4,12,1726,0.7,0.0023121387283236,0.875,0.125,7.415919809178873
tfnbs,"e=0.3,h=1.0,n=30,start_thres=1.25",hub,0.25,50,1,40,1730,28,4,12,1726,0.7,0.0023121387283236,0.875,0.125,7.415919809178873
tfnbs,"e=0.3,h=2.0,n=30,start_thres=1.25",hub,0.25,50,1,40,1730,27,2,13,1728,0.675,0.0011560693641618,0.9310344827586208,0.0689655172413793,7.415919809178873
tfnbs,"e=0.3,h=3.0,n=30,start_thres=1.25",hub,0.25,50,1,40,1730,27,2,13,1728,0.675,0.0011560693641618,0.9310344827586208,0.0689655172413793,7.415919809178873
tfnbs,"e=0.3,h=4.0,n=30,start_thres=1.25",hub,0.25,50,1,40,1730,23,0,17,1730,0.575,0.0,1.0,0.0,7.415919809178873
tfnbs,"e=0.3,h=5.0,n=30,start_thres=1.25",hub,0.25,50,1,40,1730,19,0,21,1730,0.475,0.0,1.0,0.0,7.415919809178873
tfnbs,"e=0.3,h=6.0,n=30,start_thres=1.25",hub,0.25,50,1,40,1730,19,0,21,1730,0.475,0.0,1.0,0.0,7.415919809178873
tfnbs,"e=0.3,h=7.0,n=30,start_thres=1.25",hub,0.25,50,1,40,1730,17,0,23,1730,0.425,0.0,1.0,0.0,7.415919809178873
tfnbs,"e=0.3,h=8.0,n=30,start_thres=1.25",hub,0.25,50,1,40,1730,17,0,23,1730,0.425,0.0,1.0,0.0,7.415919809178873
tfnbs,"e=0.3,h=9.0,n=30,start_thres=1.25",hub,0.25,50,1,40,1730,17,0,23,1730,0.425,0.0,1.0,0.0,7.415919809178873
tfnbs,"e=0.3,h=10.0,n=30,start_thres=1.25",hub,0.25,50,1,40,1730,15,0,25,1730,0.375,0.0,1.0,0.0,7.415919809178873
tfnbs,"e=0.4,h=0.5,n=30,start_thres=1.25",hub,0.25,50,1,40,1730,30,16,10,1714,0.75,0.0092485549132947,0.6521739130434783,0.3478260869565217,7.415919809178873
tfnbs,"e=0.4,h=1.0,n=30,start_thres=1.25",hub,0.25,50,1,40,1730,29,10,11,1720,0.725,0.0057803468208092,0.7435897435897436,0.2564102564102564,7.415919809178873
tfnbs,"e=0.4,h=2.0,n=30,start_thres=1.25",hub,0.25,50,1,40,1730,28,4,12,1726,0.7,0.0023121387283236,0.875,0.125,7.415919809178873
tfnbs,"e=0.4,h=3.0,n=30,start_thres=1.25",hub,0.25,50,1,40,1730,27,2,13,1728,0.675,0.0011560693641618,0.9310344827586208,0.0689655172413793,7.415919809178873
tfnbs,"e=0.4,h=4.0,n=30,start_thres=1.25",hub,0.25,50,1,40,1730,27,2,13,1728,0.675,0.0011560693641618,0.9310344827586208,0.0689655172413793,7.415919809178873
tfnbs,"e=0.4,h=5.0,n=30,start_thres=1.25",hub,0.25,50,1,40,1730,27,2,13,1728,0.675,0.0011560693641618,0.9310344827586208,0.0689655172413793,7.415919809178873
tfnbs,"e=0.4,h=6.0,n=30,start_thres=1.25",hub,0.25,50,1,40,1730,23,0,17,1730,0.575,0.0,1.0,0.0,7.415919809178873
tfnbs,"e=0.4,h=7.0,n=30,start_thres=1.25",hub,0.25,50,1,40,1730,19,0,21,1730,0.475,0.0,1.0,0.0,7.415919809178873
tfnbs,"e=0.4,h=8.0,n=30,start_thres=1.25",hub,0.25,50,1,40,1730,19,0,21,1730,0.475,0.0,1.0,0.0,7.415919809178873
tfnbs,"e=0.4,h=9.0,n=30,start_thres=1.25",hub,0.25,50,1,40,1730,17,0,23,1730,0.425,0.0,1.0,0.0,7.415919809178873
tfnbs,"e=0.4,h=10.0,n=30,start_thres=1.25",hub,0.25,50,1,40,1730,17,0,23,1730,0.425,0.0,1.0,0.0,7.415919809178873
tfnbs,"e=0.5,h=0.5,n=30,start_thres=1.25",hub,0.25,50,1,40,1730,31,24,9,1706,0.775,0.0138728323699421,0.5636363636363636,0.4363636363636363,7.415919809178873
tfnbs,"e=0.5,h=1.0,n=30,start_thres=1.25",hub,0.25,50,1,40,1730,31,24,9,1706,0.775,0.0138728323699421,0.5636363636363636,0.4363636363636363,7.415919809178873
tfnbs,"e=0.5,h=2.0,n=30,start_thres=1.25",hub,0.25,50,1,40,1730,30,16,10,1714,0.75,0.0092485549132947,0.6521739130434783,0.3478260869565217,7.415919809178873
tfnbs,"e=0.5,h=3.0,n=30,start_thres=1.25",hub,0.25,50,1,40,1730,29,7,11,1723,0.725,0.0040462427745664,0.8055555555555556,0.1944444444444444,7.415919809178873
tfnbs,"e=0.5,h=4.0,n=30,start_thres=1.25",hub,0.25,50,1,40,1730,28,4,12,1726,0.7,0.0023121387283236,0.875,0.125,7.415919809178873
tfnbs,"e=0.5,h=5.0,n=30,start_thres=1.25",hub,0.25,50,1,40,1730,27,2,13,1728,0.675,0.0011560693641618,0.9310344827586208,0.0689655172413793,7.415919809178873
tfnbs,"e=0.5,h=6.0,n=30,start_thres=1.25",hub,0.25,50,1,40,1730,27,2,13,1728,0.675,0.0011560693641618,0.9310344827586208,0.0689655172413793,7.415919809178873
tfnbs,"e=0.5,h=7.0,n=30,start_thres=1.25",hub,0.25,50,1,40,1730,23,0,17,1730,0.575,0.0,1.0,0.0,7.415919809178873
tfnbs,"e=0.5,h=8.0,n=30,start_thres=1.25",hub,0.25,50,1,40,1730,23,0,17,1730,0.575,0.0,1.0,0.0,7.415919809178873
tfnbs,"e=0.5,h=9.0,n=30,start_thres=1.25",hub,0.25,50,1,40,1730,19,0,21,1730,0.475,0.0,1.0,0.0,7.415919809178873
tfnbs,"e=0.5,h=10.0,n=30,start_thres=1.25",hub,0.25,50,1,40,1730,19,0,21,1730,0.475,0.0,1.0,0.0,7.415919809178873
tfnbs,"e=0.6,h=0.5,n=30,start_thres=1.25",hub,0.25,50,1,40,1730,34,27,6,1703,0.85,0.0156069364161849,0.5573770491803278,0.4426229508196721,7.415919809178873
tfnbs,"e=0.6,h=1.0,n=30,start_thres=1.25",hub,0.25,50,1,40,1730,34,27,6,1703,0.85,0.0156069364161849,0.5573770491803278,0.4426229508196721,7.415919809178873
tfnbs,"e=0.6,h=2.0,n=30,start_thres=1.25",hub,0.25,50,1,40,1730,31,24,9,1706,0.775,0.0138728323699421,0.5636363636363636,0.4363636363636363,7.415919809178873
tfnbs,"e=0.6,h=3.0,n=30,start_thres=1.25",hub,0.25,50,1,40,1730,30,16,10,1714,0.75,0.0092485549132947,0.6521739130434783,0.3478260869565217,7.415919809178873
tfnbs,"e=0.6,h=4.0,n=30,start_thres=1.25",hub,0.25,50,1,40,1730,29,9,11,1721,0.725,0.0052023121387283,0.7631578947368421,0.2368421052631578,7.415919809178873
tfnbs,"e=0.6,h=5.0,n=30,start_thres=1.25",hub,0.25,50,1,40,1730,28,4,12,1726,0.7,0.0023121387283236,0.875,0.125,7.415919809178873
tfnbs,"e=0.6,h=6.0,n=30,start_thres=1.25",hub,0.25,50,1,40,1730,27,2,13,1728,0.675,0.0011560693641618,0.9310344827586208,0.0689655172413793,7.415919809178873
tfnbs,"e=0.6,h=7.0,n=30,start_thres=1.25",hub,0.25,50,1,40,1730,27,2,13,1728,0.675,0.0011560693641618,0.9310344827586208,0.0689655172413793,7.415919809178873
tfnbs,"e=0.6,h=8.0,n=30,start_thres=1.25",hub,0.25,50,1,40,1730,27,2,13,1728,0.675,0.0011560693641618,0.9310344827586208,0.0689655172413793,7.415919809178873
tfnbs,"e=0.6,h=9.0,n=30,start_thres=1.25",hub,0.25,50,1,40,1730,23,0,17,1730,0.575,0.0,1.0,0.0,7.415919809178873
tfnbs,"e=0.6,h=10.0,n=30,start_thres=1.25",hub,0.25,50,1,40,1730,23,0,17,1730,0.575,0.0,1.0,0.0,7.415919809178873
tfnbs,"e=0.7,h=0.5,n=30,start_thres=1.25",hub,0.25,50,1,40,1730,36,37,4,1693,0.9,0.0213872832369942,0.4931506849315068,0.5068493150684932,7.415919809178873
tfnbs,"e=0.7,h=1.0,n=30,start_thres=1.25",hub,0.25,50,1,40,1730,34,27,6,1703,0.85,0.0156069364161849,0.5573770491803278,0.4426229508196721,7.415919809178873
tfnbs,"e=0.7,h=2.0,n=30,start_thres=1.25",hub,0.25,50,1,40,1730,34,27,6,1703,0.85,0.0156069364161849,0.5573770491803278,0.4426229508196721,7.415919809178873
tfnbs,"e=0.7,h=3.0,n=30,start_thres=1.25",hub,0.25,50,1,40,1730,31,24,9,1706,0.775,0.0138728323699421,0.5636363636363636,0.4363636363636363,7.415919809178873
tfnbs,"e=0.7,h=4.0,n=30,start_thres=1.25",hub,0.25,50,1,40,1730,30,16,10,1714,0.75,0.0092485549132947,0.6521739130434783,0.3478260869565217,7.415919809178873
tfnbs,"e=0.7,h=5.0,n=30,start_thres=1.25",hub,0.25,50,1,40,1730,30,16,10,1714,0.75,0.0092485549132947,0.6521739130434783,0.3478260869565217,7.415919809178873
tfnbs,"e=0.7,h=6.0,n=30,start_thres=1.25",hub,0.25,50,1,40,1730,28,4,12,1726,0.7,0.0023121387283236,0.875,0.125,7.415919809178873
tfnbs,"e=0.7,h=7.0,n=30,start_thres=1.25",hub,0.25,50,1,40,1730,28,4,12,1726,0.7,0.0023121387283236,0.875,0.125,7.415919809178873
tfnbs,"e=0.7,h=8.0,n=30,start_thres=1.25",hub,0.25,50,1,40,1730,27,2,13,1728,0.675,0.0011560693641618,0.9310344827586208,0.0689655172413793,7.415919809178873
tfnbs,"e=0.7,h=9.0,n=30,start_thres=1.25",hub,0.25,50,1,40,1730,27,2,13,1728,0.675,0.0011560693641618,0.9310344827586208,0.0689655172413793,7.415919809178873
tfnbs,"e=0.7,h=10.0,n=30,start_thres=1.25",hub,0.25,50,1,40,1730,27,2,13,1728,0.675,0.0011560693641618,0.9310344827586208,0.0689655172413793,7.415919809178873
tfnbs,"e=0.8,h=0.5,n=30,start_thres=1.25",hub,0.25,50,1,40,1730,36,37,4,1693,0.9,0.0213872832369942,0.4931506849315068,0.5068493150684932,7.415919809178873
tfnbs,"e=0.8,h=1.0,n=30,start_thres=1.25",hub,0.25,50,1,40,1730,36,37,4,1693,0.9,0.0213872832369942,0.4931506849315068,0.5068493150684932,7.415919809178873
tfnbs,"e=0.8,h=2.0,n=30,start_thres=1.25",hub,0.25,50,1,40,1730,36,37,4,1693,0.9,0.0213872832369942,0.4931506849315068,0.5068493150684932,7.415919809178873
tfnbs,"e=0.8,h=3.0,n=30,start_thres=1.25",hub,0.25,50,1,40,1730,34,27,6,1703,0.85,0.0156069364161849,0.5573770491803278,0.4426229508196721,7.415919809178873
tfnbs,"e=0.8,h=4.0,n=30,start_thres=1.25",hub,0.25,50,1,40,1730,31,24,9,1706,0.775,0.0138728323699421,0.5636363636363636,0.4363636363636363,7.415919809178873
tfnbs,"e=0.8,h=5.0,n=30,start_thres=1.25",hub,0.25,50,1,40,1730,31,24,9,1706,0.775,0.0138728323699421,0.5636363636363636,0.4363636363636363,7.415919809178873
tfnbs,"e=0.8,h=6.0,n=30,start_thres=1.25",hub,0.25,50,1,40,1730,30,16,10,1714,0.75,0.0092485549132947,0.6521739130434783,0.3478260869565217,7.415919809178873
tfnbs,"e=0.8,h=7.0,n=30,start_thres=1.25",hub,0.25,50,1,40,1730,29,7,11,1723,0.725,0.0040462427745664,0.8055555555555556,0.1944444444444444,7.415919809178873
tfnbs,"e=0.8,h=8.0,n=30,start_thres=1.25",hub,0.25,50,1,40,1730,28,4,12,1726,0.7,0.0023121387283236,0.875,0.125,7.415919809178873
tfnbs,"e=0.8,h=9.0,n=30,start_thres=1.25",hub,0.25,50,1,40,1730,27,2,13,1728,0.675,0.0011560693641618,0.9310344827586208,0.0689655172413793,7.415919809178873
tfnbs,"e=0.8,h=10.0,n=30,start_thres=1.25",hub,0.25,50,1,40,1730,27,2,13,1728,0.675,0.0011560693641618,0.9310344827586208,0.0689655172413793,7.415919809178873
tfnbs,"e=0.9,h=0.5,n=30,start_thres=1.25",hub,0.25,50,1,40,1730,37,49,3,1681,0.925,0.0283236994219653,0.4302325581395348,0.5697674418604651,7.415919809178873
tfnbs,"e=0.9,h=1.0,n=30,start_thres=1.25",hub,0.25,50,1,40,1730,37,49,3,1681,0.925,0.0283236994219653,0.4302325581395348,0.5697674418604651,7.415919809178873
tfnbs,"e=0.9,h=2.0,n=30,start_thres=1.25",hub,0.25,50,1,40,1730,36,37,4,1693,0.9,0.0213872832369942,0.4931506849315068,0.5068493150684932,7.415919809178873
tfnbs,"e=0.9,h=3.0,n=30,start_thres=1.25",hub,0.25,50,1,40,1730,36,37,4,1693,0.9,0.0213872832369942,0.4931506849315068,0.5068493150684932,7.415919809178873
tfnbs,"e=0.9,h=4.0,n=30,start_thres=1.25",hub,0.25,50,1,40,1730,34,27,6,1703,0.85,0.0156069364161849,0.5573770491803278,0.4426229508196721,7.415919809178873
tfnbs,"e=0.9,h=5.0,n=30,start_thres=1.25",hub,0.25,50,1,40,1730,34,27,6,1703,0.85,0.0156069364161849,0.5573770491803278,0.4426229508196721,7.415919809178873
tfnbs,"e=0.9,h=6.0,n=30,start_thres=1.25",hub,0.25,50,1,40,1730,31,24,9,1706,0.775,0.0138728323699421,0.5636363636363636,0.4363636363636363,7.415919809178873
tfnbs,"e=0.9,h=7.0,n=30,start_thres=1.25",hub,0.25,50,1,40,1730,30,16,10,1714,0.75,0.0092485549132947,0.6521739130434783,0.3478260869565217,7.415919809178873
tfnbs,"e=0.9,h=8.0,n=30,start_thres=1.25",hub,0.25,50,1,40,1730,29,7,11,1723,0.725,0.0040462427745664,0.8055555555555556,0.1944444444444444,7.415919809178873
tfnbs,"e=0.9,h=9.0,n=30,start_thres=1.25",hub,0.25,50,1,40,1730,28,4,12,1726,0.7,0.0023121387283236,0.875,0.125,7.415919809178873
tfnbs,"e=0.9,h=10.0,n=30,start_thres=1.25",hub,0.25,50,1,40,1730,27,2,13,1728,0.675,0.0011560693641618,0.9310344827586208,0.0689655172413793,7.415919809178873
tfnbs,"e=1.0,h=0.5,n=30,start_thres=1.25",hub,0.25,50,1,40,1730,37,49,3,1681,0.925,0.0283236994219653,0.4302325581395348,0.5697674418604651,7.415919809178873
tfnbs,"e=1.0,h=1.0,n=30,start_thres=1.25",hub,0.25,50,1,40,1730,37,49,3,1681,0.925,0.0283236994219653,0.4302325581395348,0.5697674418604651,7.415919809178873
tfnbs,"e=1.0,h=2.0,n=30,start_thres=1.25",hub,0.25,50,1,40,1730,37,49,3,1681,0.925,0.0283236994219653,0.4302325581395348,0.5697674418604651,7.415919809178873
tfnbs,"e=1.0,h=3.0,n=30,start_thres=1.25",hub,0.25,50,1,40,1730,36,37,4,1693,0.9,0.0213872832369942,0.4931506849315068,0.5068493150684932,7.415919809178873
tfnbs,"e=1.0,h=4.0,n=30,start_thres=1.25",hub,0.25,50,1,40,1730,36,37,4,1693,0.9,0.0213872832369942,0.4931506849315068,0.5068493150684932,7.415919809178873
tfnbs,"e=1.0,h=5.0,n=30,start_thres=1.25",hub,0.25,50,1,40,1730,34,27,6,1703,0.85,0.0156069364161849,0.5573770491803278,0.4426229508196721,7.415919809178873
tfnbs,"e=1.0,h=6.0,n=30,start_thres=1.25",hub,0.25,50,1,40,1730,34,27,6,1703,0.85,0.0156069364161849,0.5573770491803278,0.4426229508196721,7.415919809178873
tfnbs,"e=1.0,h=7.0,n=30,start_thres=1.25",hub,0.25,50,1,40,1730,31,24,9,1706,0.775,0.0138728323699421,0.5636363636363636,0.4363636363636363,7.415919809178873
tfnbs,"e=1.0,h=8.0,n=30,start_thres=1.25",hub,0.25,50,1,40,1730,30,16,10,1714,0.75,0.0092485549132947,0.6521739130434783,0.3478260869565217,7.415919809178873
tfnbs,"e=1.0,h=9.0,n=30,start_thres=1.25",hub,0.25,50,1,40,1730,29,7,11,1723,0.725,0.0040462427745664,0.8055555555555556,0.1944444444444444,7.415919809178873
tfnbs,"e=1.0,h=10.0,n=30,start_thres=1.25",hub,0.25,50,1,40,1730,28,4,12,1726,0.7,0.0023121387283236,0.875,0.125,7.415919809178873
tfnbs,"e=1.1,h=0.5,n=30,start_thres=1.25",hub,0.25,50,1,40,1730,37,49,3,1681,0.925,0.0283236994219653,0.4302325581395348,0.5697674418604651,7.415919809178873
tfnbs,"e=1.1,h=1.0,n=30,start_thres=1.25",hub,0.25,50,1,40,1730,37,49,3,1681,0.925,0.0283236994219653,0.4302325581395348,0.5697674418604651,7.415919809178873
tfnbs,"e=1.1,h=2.0,n=30,start_thres=1.25",hub,0.25,50,1,40,1730,37,49,3,1681,0.925,0.0283236994219653,0.4302325581395348,0.5697674418604651,7.415919809178873
tfnbs,"e=1.1,h=3.0,n=30,start_thres=1.25",hub,0.25,50,1,40,1730,37,49,3,1681,0.925,0.0283236994219653,0.4302325581395348,0.5697674418604651,7.415919809178873
tfnbs,"e=1.1,h=4.0,n=30,start_thres=1.25",hub,0.25,50,1,40,1730,36,37,4,1693,0.9,0.0213872832369942,0.4931506849315068,0.5068493150684932,7.415919809178873
tfnbs,"e=1.1,h=5.0,n=30,start_thres=1.25",hub,0.25,50,1,40,1730,36,37,4,1693,0.9,0.0213872832369942,0.4931506849315068,0.5068493150684932,7.415919809178873
tfnbs,"e=1.1,h=6.0,n=30,start_thres=1.25",hub,0.25,50,1,40,1730,34,27,6,1703,0.85,0.0156069364161849,0.5573770491803278,0.4426229508196721,7.415919809178873
tfnbs,"e=1.1,h=7.0,n=30,start_thres=1.25",hub,0.25,50,1,40,1730,34,27,6,1703,0.85,0.0156069364161849,0.5573770491803278,0.4426229508196721,7.415919809178873
tfnbs,"e=1.1,h=8.0,n=30,start_thres=1.25",hub,0.25,50,1,40,1730,31,24,9,1706,0.775,0.0138728323699421,0.5636363636363636,0.4363636363636363,7.415919809178873
tfnbs,"e=1.1,h=9.0,n=30,start_thres=1.25",hub,0.25,50,1,40,1730,30,16,10,1714,0.75,0.0092485549132947,0.6521739130434783,0.3478260869565217,7.415919809178873
tfnbs,"e=1.1,h=10.0,n=30,start_thres=1.25",hub,0.25,50,1,40,1730,29,7,11,1723,0.725,0.0040462427745664,0.8055555555555556,0.1944444444444444,7.415919809178873
tfnbs,"e=1.2,h=0.5,n=30,start_thres=1.25",hub,0.25,50,1,40,1730,37,72,3,1658,0.925,0.0416184971098265,0.3394495412844037,0.6605504587155964,7.415919809178873
tfnbs,"e=1.2,h=1.0,n=30,start_thres=1.25",hub,0.25,50,1,40,1730,37,72,3,1658,0.925,0.0416184971098265,0.3394495412844037,0.6605504587155964,7.415919809178873
tfnbs,"e=1.2,h=2.0,n=30,start_thres=1.25",hub,0.25,50,1,40,1730,37,49,3,1681,0.925,0.0283236994219653,0.4302325581395348,0.5697674418604651,7.415919809178873
tfnbs,"e=1.2,h=3.0,n=30,start_thres=1.25",hub,0.25,50,1,40,1730,37,49,3,1681,0.925,0.0283236994219653,0.4302325581395348,0.5697674418604651,7.415919809178873
tfnbs,"e=1.2,h=4.0,n=30,start_thres=1.25",hub,0.25,50,1,40,1730,37,49,3,1681,0.925,0.0283236994219653,0.4302325581395348,0.5697674418604651,7.415919809178873
tfnbs,"e=1.2,h=5.0,n=30,start_thres=1.25",hub,0.25,50,1,40,1730,36,37,4,1693,0.9,0.0213872832369942,0.4931506849315068,0.5068493150684932,7.415919809178873
tfnbs,"e=1.2,h=6.0,n=30,start_thres=1.25",hub,0.25,50,1,40,1730,36,37,4,1693,0.9,0.0213872832369942,0.4931506849315068,0.5068493150684932,7.415919809178873
tfnbs,"e=1.2,h=7.0,n=30,start_thres=1.25",hub,0.25,50,1,40,1730,34,27,6,1703,0.85,0.0156069364161849,0.5573770491803278,0.4426229508196721,7.415919809178873
tfnbs,"e=1.2,h=8.0,n=30,start_thres=1.25",hub,0.25,50,1,40,1730,34,27,6,1703,0.85,0.0156069364161849,0.5573770491803278,0.4426229508196721,7.415919809178873
tfnbs,"e=1.2,h=9.0,n=30,start_thres=1.25",hub,0.25,50,1,40,1730,31,24,9,1706,0.775,0.0138728323699421,0.5636363636363636,0.4363636363636363,7.415919809178873
tfnbs,"e=1.2,h=10.0,n=30,start_thres=1.25",hub,0.25,50,1,40,1730,30,16,10,1714,0.75,0.0092485549132947,0.6521739130434783,0.3478260869565217,7.415919809178873
tfnbs,"e=1.3,h=0.5,n=30,start_thres=1.25",hub,0.25,50,1,40,1730,37,72,3,1658,0.925,0.0416184971098265,0.3394495412844037,0.6605504587155964,7.415919809178873
tfnbs,"e=1.3,h=1.0,n=30,start_thres=1.25",hub,0.25,50,1,40,1730,37,72,3,1658,0.925,0.0416184971098265,0.3394495412844037,0.6605504587155964,7.415919809178873
tfnbs,"e=1.3,h=2.0,n=30,start_thres=1.25",hub,0.25,50,1,40,1730,37,72,3,1658,0.925,0.0416184971098265,0.3394495412844037,0.6605504587155964,7.415919809178873
tfnbs,"e=1.3,h=3.0,n=30,start_thres=1.25",hub,0.25,50,1,40,1730,37,49,3,1681,0.925,0.0283236994219653,0.4302325581395348,0.5697674418604651,7.415919809178873
tfnbs,"e=1.3,h=4.0,n=30,start_thres=1.25",hub,0.25,50,1,40,1730,37,49,3,1681,0.925,0.0283236994219653,0.4302325581395348,0.5697674418604651,7.415919809178873
tfnbs,"e=1.3,h=5.0,n=30,start_thres=1.25",hub,0.25,50,1,40,1730,37,49,3,1681,0.925,0.0283236994219653,0.4302325581395348,0.5697674418604651,7.415919809178873
tfnbs,"e=1.3,h=6.0,n=30,start_thres=1.25",hub,0.25,50,1,40,1730,36,37,4,1693,0.9,0.0213872832369942,0.4931506849315068,0.5068493150684932,7.415919809178873
tfnbs,"e=1.3,h=7.0,n=30,start_thres=1.25",hub,0.25,50,1,40,1730,36,37,4,1693,0.9,0.0213872832369942,0.4931506849315068,0.5068493150684932,7.415919809178873
tfnbs,"e=1.3,h=8.0,n=30,start_thres=1.25",hub,0.25,50,1,40,1730,34,27,6,1703,0.85,0.0156069364161849,0.5573770491803278,0.4426229508196721,7.415919809178873
tfnbs,"e=1.3,h=9.0,n=30,start_thres=1.25",hub,0.25,50,1,40,1730,34,27,6,1703,0.85,0.0156069364161849,0.5573770491803278,0.4426229508196721,7.415919809178873
tfnbs,"e=1.3,h=10.0,n=30,start_thres=1.25",hub,0.25,50,1,40,1730,31,24,9,1706,0.775,0.0138728323699421,0.5636363636363636,0.4363636363636363,7.415919809178873
tfnbs,"e=1.4,h=0.5,n=30,start_thres=1.25",hub,0.25,50,1,40,1730,37,72,3,1658,0.925,0.0416184971098265,0.3394495412844037,0.6605504587155964,7.415919809178873
tfnbs,"e=1.4,h=1.0,n=30,start_thres=1.25",hub,0.25,50,1,40,1730,37,72,3,1658,0.925,0.0416184971098265,0.3394495412844037,0.6605504587155964,7.415919809178873
tfnbs,"e=1.4,h=2.0,n=30,start_thres=1.25",hub,0.25,50,1,40,1730,37,72,3,1658,0.925,0.0416184971098265,0.3394495412844037,0.6605504587155964,7.415919809178873
tfnbs,"e=1.4,h=3.0,n=30,start_thres=1.25",hub,0.25,50,1,40,1730,37,72,3,1658,0.925,0.0416184971098265,0.3394495412844037,0.6605504587155964,7.415919809178873
tfnbs,"e=1.4,h=4.0,n=30,start_thres=1.25",hub,0.25,50,1,40,1730,37,49,3,1681,0.925,0.0283236994219653,0.4302325581395348,0.5697674418604651,7.415919809178873
tfnbs,"e=1.4,h=5.0,n=30,start_thres=1.25",hub,0.25,50,1,40,1730,37,49,3,1681,0.925,0.0283236994219653,0.4302325581395348,0.5697674418604651,7.415919809178873
tfnbs,"e=1.4,h=6.0,n=30,start_thres=1.25",hub,0.25,50,1,40,1730,37,49,3,1681,0.925,0.0283236994219653,0.4302325581395348,0.5697674418604651,7.415919809178873
tfnbs,"e=1.4,h=7.0,n=30,start_thres=1.25",hub,0.25,50,1,40,1730,36,37,4,1693,0.9,0.0213872832369942,0.4931506849315068,0.5068493150684932,7.415919809178873
tfnbs,"e=1.4,h=8.0,n=30,start_thres=1.25",hub,0.25,50,1,40,1730,36,37,4,1693,0.9,0.0213872832369942,0.4931506849315068,0.5068493150684932,7.415919809178873
tfnbs,"e=1.4,h=9.0,n=30,start_thres=1.25",hub,0.25,50,1,40,1730,34,27,6,1703,0.85,0.0156069364161849,0.5573770491803278,0.4426229508196721,7.415919809178873
tfnbs,"e=1.4,h=10.0,n=30,start_thres=1.25",hub,0.25,50,1,40,1730,31,24,9,1706,0.775,0.0138728323699421,0.5636363636363636,0.4363636363636363,7.415919809178873
tfnbs,"e=1.5,h=0.5,n=30,start_thres=1.25",hub,0.25,50,1,40,1730,37,72,3,1658,0.925,0.0416184971098265,0.3394495412844037,0.6605504587155964,7.415919809178873
tfnbs,"e=1.5,h=1.0,n=30,start_thres=1.25",hub,0.25,50,1,40,1730,37,72,3,1658,0.925,0.0416184971098265,0.3394495412844037,0.6605504587155964,7.415919809178873
tfnbs,"e=1.5,h=2.0,n=30,start_thres=1.25",hub,0.25,50,1,40,1730,37,72,3,1658,0.925,0.0416184971098265,0.3394495412844037,0.6605504587155964,7.415919809178873
tfnbs,"e=1.5,h=3.0,n=30,start_thres=1.25",hub,0.25,50,1,40,1730,37,72,3,1658,0.925,0.0416184971098265,0.3394495412844037,0.6605504587155964,7.415919809178873
tfnbs,"e=1.5,h=4.0,n=30,start_thres=1.25",hub,0.25,50,1,40,1730,37,72,3,1658,0.925,0.0416184971098265,0.3394495412844037,0.6605504587155964,7.415919809178873
tfnbs,"e=1.5,h=5.0,n=30,start_thres=1.25",hub,0.25,50,1,40,1730,37,49,3,1681,0.925,0.0283236994219653,0.4302325581395348,0.5697674418604651,7.415919809178873
tfnbs,"e=1.5,h=6.0,n=30,start_thres=1.25",hub,0.25,50,1,40,1730,37,49,3,1681,0.925,0.0283236994219653,0.4302325581395348,0.5697674418604651,7.415919809178873
tfnbs,"e=1.5,h=7.0,n=30,start_thres=1.25",hub,0.25,50,1,40,1730,37,49,3,1681,0.925,0.0283236994219653,0.4302325581395348,0.5697674418604651,7.415919809178873
tfnbs,"e=1.5,h=8.0,n=30,start_thres=1.25",hub,0.25,50,1,40,1730,36,37,4,1693,0.9,0.0213872832369942,0.4931506849315068,0.5068493150684932,7.415919809178873
tfnbs,"e=1.5,h=9.0,n=30,start_thres=1.25",hub,0.25,50,1,40,1730,36,37,4,1693,0.9,0.0213872832369942,0.4931506849315068,0.5068493150684932,7.415919809178873
tfnbs,"e=1.5,h=10.0,n=30,start_thres=1.25",hub,0.25,50,1,40,1730,34,27,6,1703,0.85,0.0156069364161849,0.5573770491803278,0.4426229508196721,7.415919809178873
nbs_extent,threshold=2.5,hub,0.25,50,8,40,1730,30,3,10,1727,0.75,0.0017341040462427,0.9090909090909092,0.0909090909090909,8.12597942352295
nbs_extent,threshold=2.5,hub,0.25,50,9,40,1730,27,5,13,1725,0.675,0.0028901734104046,0.84375,0.15625,7.935964584350586
nbs_extent,threshold=2.5,hub,0.25,50,10,40,1730,29,12,11,1718,0.725,0.006936416184971,0.7073170731707317,0.2926829268292683,8.054088115692139
nbs_extent,threshold=2.5,hub,0.25,50,11,40,1730,34,23,6,1707,0.85,0.0132947976878612,0.5964912280701754,0.4035087719298245,8.324546575546265
nbs_extent,threshold=2.5,hub,0.25,50,12,40,1730,34,16,6,1714,0.85,0.0092485549132947,0.68,0.32,8.865635633468628
nbs_extent,threshold=2.5,hub,0.25,50,13,40,1730,37,9,3,1721,0.925,0.0052023121387283,0.8043478260869565,0.1956521739130435,8.00511908531189
nbs_extent,threshold=2.5,hub,0.25,50,14,40,1730,34,20,6,1710,0.85,0.0115606936416184,0.6296296296296297,0.3703703703703703,8.104802131652832
nbs_extent,threshold=2.5,hub,0.25,50,15,40,1730,32,31,8,1699,0.8,0.0179190751445086,0.5079365079365079,0.492063492063492,7.777285814285278
tfnbs,"e=0.05,h=0.5,n=30,start_thres=1.25",hub,0.25,50,2,40,1730,14,0,26,1730,0.35,0.0,1.0,0.0,7.521315146576274
tfnbs,"e=0.05,h=1.0,n=30,start_thres=1.25",hub,0.25,50,2,40,1730,14,0,26,1730,0.35,0.0,1.0,0.0,7.521315146576274
tfnbs,"e=0.05,h=2.0,n=30,start_thres=1.25",hub,0.25,50,2,40,1730,14,0,26,1730,0.35,0.0,1.0,0.0,7.521315146576274
tfnbs,"e=0.05,h=3.0,n=30,start_thres=1.25",hub,0.25,50,2,40,1730,14,0,26,1730,0.35,0.0,1.0,0.0,7.521315146576274
tfnbs,"e=0.05,h=4.0,n=30,start_thres=1.25",hub,0.25,50,2,40,1730,14,0,26,1730,0.35,0.0,1.0,0.0,7.521315146576274
tfnbs,"e=0.05,h=5.0,n=30,start_thres=1.25",hub,0.25,50,2,40,1730,14,0,26,1730,0.35,0.0,1.0,0.0,7.521315146576274
tfnbs,"e=0.05,h=6.0,n=30,start_thres=1.25",hub,0.25,50,2,40,1730,14,0,26,1730,0.35,0.0,1.0,0.0,7.521315146576274
tfnbs,"e=0.05,h=7.0,n=30,start_thres=1.25",hub,0.25,50,2,40,1730,14,0,26,1730,0.35,0.0,1.0,0.0,7.521315146576274
tfnbs,"e=0.05,h=8.0,n=30,start_thres=1.25",hub,0.25,50,2,40,1730,14,0,26,1730,0.35,0.0,1.0,0.0,7.521315146576274
tfnbs,"e=0.05,h=9.0,n=30,start_thres=1.25",hub,0.25,50,2,40,1730,14,0,26,1730,0.35,0.0,1.0,0.0,7.521315146576274
tfnbs,"e=0.05,h=10.0,n=30,start_thres=1.25",hub,0.25,50,2,40,1730,14,0,26,1730,0.35,0.0,1.0,0.0,7.521315146576274
tfnbs,"e=0.1,h=0.5,n=30,start_thres=1.25",hub,0.25,50,2,40,1730,14,0,26,1730,0.35,0.0,1.0,0.0,7.521315146576274
tfnbs,"e=0.1,h=1.0,n=30,start_thres=1.25",hub,0.25,50,2,40,1730,14,0,26,1730,0.35,0.0,1.0,0.0,7.521315146576274
tfnbs,"e=0.1,h=2.0,n=30,start_thres=1.25",hub,0.25,50,2,40,1730,14,0,26,1730,0.35,0.0,1.0,0.0,7.521315146576274
tfnbs,"e=0.1,h=3.0,n=30,start_thres=1.25",hub,0.25,50,2,40,1730,14,0,26,1730,0.35,0.0,1.0,0.0,7.521315146576274
tfnbs,"e=0.1,h=4.0,n=30,start_thres=1.25",hub,0.25,50,2,40,1730,14,0,26,1730,0.35,0.0,1.0,0.0,7.521315146576274
tfnbs,"e=0.1,h=5.0,n=30,start_thres=1.25",hub,0.25,50,2,40,1730,14,0,26,1730,0.35,0.0,1.0,0.0,7.521315146576274
tfnbs,"e=0.1,h=6.0,n=30,start_thres=1.25",hub,0.25,50,2,40,1730,14,0,26,1730,0.35,0.0,1.0,0.0,7.521315146576274
tfnbs,"e=0.1,h=7.0,n=30,start_thres=1.25",hub,0.25,50,2,40,1730,14,0,26,1730,0.35,0.0,1.0,0.0,7.521315146576274
tfnbs,"e=0.1,h=8.0,n=30,start_thres=1.25",hub,0.25,50,2,40,1730,14,0,26,1730,0.35,0.0,1.0,0.0,7.521315146576274
tfnbs,"e=0.1,h=9.0,n=30,start_thres=1.25",hub,0.25,50,2,40,1730,14,0,26,1730,0.35,0.0,1.0,0.0,7.521315146576274
tfnbs,"e=0.1,h=10.0,n=30,start_thres=1.25",hub,0.25,50,2,40,1730,14,0,26,1730,0.35,0.0,1.0,0.0,7.521315146576274
tfnbs,"e=0.2,h=0.5,n=30,start_thres=1.25",hub,0.25,50,2,40,1730,21,0,19,1730,0.525,0.0,1.0,0.0,7.521315146576274
tfnbs,"e=0.2,h=1.0,n=30,start_thres=1.25",hub,0.25,50,2,40,1730,21,0,19,1730,0.525,0.0,1.0,0.0,7.521315146576274
tfnbs,"e=0.2,h=2.0,n=30,start_thres=1.25",hub,0.25,50,2,40,1730,21,0,19,1730,0.525,0.0,1.0,0.0,7.521315146576274
tfnbs,"e=0.2,h=3.0,n=30,start_thres=1.25",hub,0.25,50,2,40,1730,16,0,24,1730,0.4,0.0,1.0,0.0,7.521315146576274
tfnbs,"e=0.2,h=4.0,n=30,start_thres=1.25",hub,0.25,50,2,40,1730,16,0,24,1730,0.4,0.0,1.0,0.0,7.521315146576274
tfnbs,"e=0.2,h=5.0,n=30,start_thres=1.25",hub,0.25,50,2,40,1730,14,0,26,1730,0.35,0.0,1.0,0.0,7.521315146576274
tfnbs,"e=0.2,h=6.0,n=30,start_thres=1.25",hub,0.25,50,2,40,1730,14,0,26,1730,0.35,0.0,1.0,0.0,7.521315146576274
tfnbs,"e=0.2,h=7.0,n=30,start_thres=1.25",hub,0.25,50,2,40,1730,14,0,26,1730,0.35,0.0,1.0,0.0,7.521315146576274
tfnbs,"e=0.2,h=8.0,n=30,start_thres=1.25",hub,0.25,50,2,40,1730,14,0,26,1730,0.35,0.0,1.0,0.0,7.521315146576274
tfnbs,"e=0.2,h=9.0,n=30,start_thres=1.25",hub,0.25,50,2,40,1730,14,0,26,1730,0.35,0.0,1.0,0.0,7.521315146576274
tfnbs,"e=0.2,h=10.0,n=30,start_thres=1.25",hub,0.25,50,2,40,1730,14,0,26,1730,0.35,0.0,1.0,0.0,7.521315146576274
tfnbs,"e=0.3,h=0.5,n=30,start_thres=1.25",hub,0.25,50,2,40,1730,25,0,15,1730,0.625,0.0,1.0,0.0,7.521315146576274
tfnbs,"e=0.3,h=1.0,n=30,start_thres=1.25",hub,0.25,50,2,40,1730,23,0,17,1730,0.575,0.0,1.0,0.0,7.521315146576274
tfnbs,"e=0.3,h=2.0,n=30,start_thres=1.25",hub,0.25,50,2,40,1730,23,0,17,1730,0.575,0.0,1.0,0.0,7.521315146576274
tfnbs,"e=0.3,h=3.0,n=30,start_thres=1.25",hub,0.25,50,2,40,1730,21,0,19,1730,0.525,0.0,1.0,0.0,7.521315146576274
tfnbs,"e=0.3,h=4.0,n=30,start_thres=1.25",hub,0.25,50,2,40,1730,21,0,19,1730,0.525,0.0,1.0,0.0,7.521315146576274
tfnbs,"e=0.3,h=5.0,n=30,start_thres=1.25",hub,0.25,50,2,40,1730,16,0,24,1730,0.4,0.0,1.0,0.0,7.521315146576274
tfnbs,"e=0.3,h=6.0,n=30,start_thres=1.25",hub,0.25,50,2,40,1730,16,0,24,1730,0.4,0.0,1.0,0.0,7.521315146576274
tfnbs,"e=0.3,h=7.0,n=30,start_thres=1.25",hub,0.25,50,2,40,1730,16,0,24,1730,0.4,0.0,1.0,0.0,7.521315146576274
tfnbs,"e=0.3,h=8.0,n=30,start_thres=1.25",hub,0.25,50,2,40,1730,14,0,26,1730,0.35,0.0,1.0,0.0,7.521315146576274
tfnbs,"e=0.3,h=9.0,n=30,start_thres=1.25",hub,0.25,50,2,40,1730,14,0,26,1730,0.35,0.0,1.0,0.0,7.521315146576274
tfnbs,"e=0.3,h=10.0,n=30,start_thres=1.25",hub,0.25,50,2,40,1730,14,0,26,1730,0.35,0.0,1.0,0.0,7.521315146576274
tfnbs,"e=0.4,h=0.5,n=30,start_thres=1.25",hub,0.25,50,2,40,1730,27,0,13,1730,0.675,0.0,1.0,0.0,7.521315146576274
tfnbs,"e=0.4,h=1.0,n=30,start_thres=1.25",hub,0.25,50,2,40,1730,25,0,15,1730,0.625,0.0,1.0,0.0,7.521315146576274
tfnbs,"e=0.4,h=2.0,n=30,start_thres=1.25",hub,0.25,50,2,40,1730,25,0,15,1730,0.625,0.0,1.0,0.0,7.521315146576274
tfnbs,"e=0.4,h=3.0,n=30,start_thres=1.25",hub,0.25,50,2,40,1730,25,0,15,1730,0.625,0.0,1.0,0.0,7.521315146576274
tfnbs,"e=0.4,h=4.0,n=30,start_thres=1.25",hub,0.25,50,2,40,1730,23,0,17,1730,0.575,0.0,1.0,0.0,7.521315146576274
tfnbs,"e=0.4,h=5.0,n=30,start_thres=1.25",hub,0.25,50,2,40,1730,23,0,17,1730,0.575,0.0,1.0,0.0,7.521315146576274
tfnbs,"e=0.4,h=6.0,n=30,start_thres=1.25",hub,0.25,50,2,40,1730,21,0,19,1730,0.525,0.0,1.0,0.0,7.521315146576274
tfnbs,"e=0.4,h=7.0,n=30,start_thres=1.25",hub,0.25,50,2,40,1730,21,0,19,1730,0.525,0.0,1.0,0.0,7.521315146576274
tfnbs,"e=0.4,h=8.0,n=30,start_thres=1.25",hub,0.25,50,2,40,1730,16,0,24,1730,0.4,0.0,1.0,0.0,7.521315146576274
tfnbs,"e=0.4,h=9.0,n=30,start_thres=1.25",hub,0.25,50,2,40,1730,16,0,24,1730,0.4,0.0,1.0,0.0,7.521315146576274
tfnbs,"e=0.4,h=10.0,n=30,start_thres=1.25",hub,0.25,50,2,40,1730,16,0,24,1730,0.4,0.0,1.0,0.0,7.521315146576274
tfnbs,"e=0.5,h=0.5,n=30,start_thres=1.25",hub,0.25,50,2,40,1730,27,0,13,1730,0.675,0.0,1.0,0.0,7.521315146576274
tfnbs,"e=0.5,h=1.0,n=30,start_thres=1.25",hub,0.25,50,2,40,1730,27,0,13,1730,0.675,0.0,1.0,0.0,7.521315146576274
tfnbs,"e=0.5,h=2.0,n=30,start_thres=1.25",hub,0.25,50,2,40,1730,27,0,13,1730,0.675,0.0,1.0,0.0,7.521315146576274
tfnbs,"e=0.5,h=3.0,n=30,start_thres=1.25",hub,0.25,50,2,40,1730,25,0,15,1730,0.625,0.0,1.0,0.0,7.521315146576274
tfnbs,"e=0.5,h=4.0,n=30,start_thres=1.25",hub,0.25,50,2,40,1730,25,0,15,1730,0.625,0.0,1.0,0.0,7.521315146576274
tfnbs,"e=0.5,h=5.0,n=30,start_thres=1.25",hub,0.25,50,2,40,1730,23,0,17,1730,0.575,0.0,1.0,0.0,7.521315146576274
tfnbs,"e=0.5,h=6.0,n=30,start_thres=1.25",hub,0.25,50,2,40,1730,23,0,17,1730,0.575,0.0,1.0,0.0,7.521315146576274
tfnbs,"e=0.5,h=7.0,n=30,start_thres=1.25",hub,0.25,50,2,40,1730,21,0,19,1730,0.525,0.0,1.0,0.0,7.521315146576274
tfnbs,"e=0.5,h=8.0,n=30,start_thres=1.25",hub,0.25,50,2,40,1730,21,0,19,1730,0.525,0.0,1.0,0.0,7.521315146576274
tfnbs,"e=0.5,h=9.0,n=30,start_thres=1.25",hub,0.25,50,2,40,1730,21,0,19,1730,0.525,0.0,1.0,0.0,7.521315146576274
tfnbs,"e=0.5,h=10.0,n=30,start_thres=1.25",hub,0.25,50,2,40,1730,16,0,24,1730,0.4,0.0,1.0,0.0,7.521315146576274
tfnbs,"e=0.6,h=0.5,n=30,start_thres=1.25",hub,0.25,50,2,40,1730,27,0,13,1730,0.675,0.0,1.0,0.0,7.521315146576274
tfnbs,"e=0.6,h=1.0,n=30,start_thres=1.25",hub,0.25,50,2,40,1730,27,0,13,1730,0.675,0.0,1.0,0.0,7.521315146576274
tfnbs,"e=0.6,h=2.0,n=30,start_thres=1.25",hub,0.25,50,2,40,1730,27,0,13,1730,0.675,0.0,1.0,0.0,7.521315146576274
tfnbs,"e=0.6,h=3.0,n=30,start_thres=1.25",hub,0.25,50,2,40,1730,27,0,13,1730,0.675,0.0,1.0,0.0,7.521315146576274
tfnbs,"e=0.6,h=4.0,n=30,start_thres=1.25",hub,0.25,50,2,40,1730,27,0,13,1730,0.675,0.0,1.0,0.0,7.521315146576274
tfnbs,"e=0.6,h=5.0,n=30,start_thres=1.25",hub,0.25,50,2,40,1730,25,0,15,1730,0.625,0.0,1.0,0.0,7.521315146576274
tfnbs,"e=0.6,h=6.0,n=30,start_thres=1.25",hub,0.25,50,2,40,1730,25,0,15,1730,0.625,0.0,1.0,0.0,7.521315146576274
tfnbs,"e=0.6,h=7.0,n=30,start_thres=1.25",hub,0.25,50,2,40,1730,23,0,17,1730,0.575,0.0,1.0,0.0,7.521315146576274
tfnbs,"e=0.6,h=8.0,n=30,start_thres=1.25",hub,0.25,50,2,40,1730,23,0,17,1730,0.575,0.0,1.0,0.0,7.521315146576274
tfnbs,"e=0.6,h=9.0,n=30,start_thres=1.25",hub,0.25,50,2,40,1730,21,0,19,1730,0.525,0.0,1.0,0.0,7.521315146576274
tfnbs,"e=0.6,h=10.0,n=30,start_thres=1.25",hub,0.25,50,2,40,1730,21,0,19,1730,0.525,0.0,1.0,0.0,7.521315146576274
tfnbs,"e=0.7,h=0.5,n=30,start_thres=1.25",hub,0.25,50,2,40,1730,27,0,13,1730,0.675,0.0,1.0,0.0,7.521315146576274
tfnbs,"e=0.7,h=1.0,n=30,start_thres=1.25",hub,0.25,50,2,40,1730,27,0,13,1730,0.675,0.0,1.0,0.0,7.521315146576274
tfnbs,"e=0.7,h=2.0,n=30,start_thres=1.25",hub,0.25,50,2,40,1730,27,0,13,1730,0.675,0.0,1.0,0.0,7.521315146576274
tfnbs,"e=0.7,h=3.0,n=30,start_thres=1.25",hub,0.25,50,2,40,1730,27,0,13,1730,0.675,0.0,1.0,0.0,7.521315146576274
tfnbs,"e=0.7,h=4.0,n=30,start_thres=1.25",hub,0.25,50,2,40,1730,27,0,13,1730,0.675,0.0,1.0,0.0,7.521315146576274
tfnbs,"e=0.7,h=5.0,n=30,start_thres=1.25",hub,0.25,50,2,40,1730,27,0,13,1730,0.675,0.0,1.0,0.0,7.521315146576274
tfnbs,"e=0.7,h=6.0,n=30,start_thres=1.25",hub,0.25,50,2,40,1730,27,0,13,1730,0.675,0.0,1.0,0.0,7.521315146576274
tfnbs,"e=0.7,h=7.0,n=30,start_thres=1.25",hub,0.25,50,2,40,1730,25,0,15,1730,0.625,0.0,1.0,0.0,7.521315146576274
tfnbs,"e=0.7,h=8.0,n=30,start_thres=1.25",hub,0.25,50,2,40,1730,25,0,15,1730,0.625,0.0,1.0,0.0,7.521315146576274
tfnbs,"e=0.7,h=9.0,n=30,start_thres=1.25",hub,0.25,50,2,40,1730,23,0,17,1730,0.575,0.0,1.0,0.0,7.521315146576274
tfnbs,"e=0.7,h=10.0,n=30,start_thres=1.25",hub,0.25,50,2,40,1730,23,0,17,1730,0.575,0.0,1.0,0.0,7.521315146576274
tfnbs,"e=0.8,h=0.5,n=30,start_thres=1.25",hub,0.25,50,2,40,1730,27,0,13,1730,0.675,0.0,1.0,0.0,7.521315146576274
tfnbs,"e=0.8,h=1.0,n=30,start_thres=1.25",hub,0.25,50,2,40,1730,27,0,13,1730,0.675,0.0,1.0,0.0,7.521315146576274
tfnbs,"e=0.8,h=2.0,n=30,start_thres=1.25",hub,0.25,50,2,40,1730,27,0,13,1730,0.675,0.0,1.0,0.0,7.521315146576274
tfnbs,"e=0.8,h=3.0,n=30,start_thres=1.25",hub,0.25,50,2,40,1730,27,0,13,1730,0.675,0.0,1.0,0.0,7.521315146576274
tfnbs,"e=0.8,h=4.0,n=30,start_thres=1.25",hub,0.25,50,2,40,1730,27,0,13,1730,0.675,0.0,1.0,0.0,7.521315146576274
tfnbs,"e=0.8,h=5.0,n=30,start_thres=1.25",hub,0.25,50,2,40,1730,27,0,13,1730,0.675,0.0,1.0,0.0,7.521315146576274
tfnbs,"e=0.8,h=6.0,n=30,start_thres=1.25",hub,0.25,50,2,40,1730,27,0,13,1730,0.675,0.0,1.0,0.0,7.521315146576274
tfnbs,"e=0.8,h=7.0,n=30,start_thres=1.25",hub,0.25,50,2,40,1730,27,0,13,1730,0.675,0.0,1.0,0.0,7.521315146576274
tfnbs,"e=0.8,h=8.0,n=30,start_thres=1.25",hub,0.25,50,2,40,1730,25,0,15,1730,0.625,0.0,1.0,0.0,7.521315146576274
tfnbs,"e=0.8,h=9.0,n=30,start_thres=1.25",hub,0.25,50,2,40,1730,25,0,15,1730,0.625,0.0,1.0,0.0,7.521315146576274
tfnbs,"e=0.8,h=10.0,n=30,start_thres=1.25",hub,0.25,50,2,40,1730,23,0,17,1730,0.575,0.0,1.0,0.0,7.521315146576274
tfnbs,"e=0.9,h=0.5,n=30,start_thres=1.25",hub,0.25,50,2,40,1730,27,0,13,1730,0.675,0.0,1.0,0.0,7.521315146576274
tfnbs,"e=0.9,h=1.0,n=30,start_thres=1.25",hub,0.25,50,2,40,1730,27,0,13,1730,0.675,0.0,1.0,0.0,7.521315146576274
tfnbs,"e=0.9,h=2.0,n=30,start_thres=1.25",hub,0.25,50,2,40,1730,29,1,11,1729,0.725,0.0005780346820809,0.9666666666666668,0.0333333333333333,7.521315146576274
tfnbs,"e=0.9,h=3.0,n=30,start_thres=1.25",hub,0.25,50,2,40,1730,29,1,11,1729,0.725,0.0005780346820809,0.9666666666666668,0.0333333333333333,7.521315146576274
tfnbs,"e=0.9,h=4.0,n=30,start_thres=1.25",hub,0.25,50,2,40,1730,29,1,11,1729,0.725,0.0005780346820809,0.9666666666666668,0.0333333333333333,7.521315146576274
tfnbs,"e=0.9,h=5.0,n=30,start_thres=1.25",hub,0.25,50,2,40,1730,27,0,13,1730,0.675,0.0,1.0,0.0,7.521315146576274
tfnbs,"e=0.9,h=6.0,n=30,start_thres=1.25",hub,0.25,50,2,40,1730,27,0,13,1730,0.675,0.0,1.0,0.0,7.521315146576274
tfnbs,"e=0.9,h=7.0,n=30,start_thres=1.25",hub,0.25,50,2,40,1730,27,0,13,1730,0.675,0.0,1.0,0.0,7.521315146576274
tfnbs,"e=0.9,h=8.0,n=30,start_thres=1.25",hub,0.25,50,2,40,1730,27,0,13,1730,0.675,0.0,1.0,0.0,7.521315146576274
tfnbs,"e=0.9,h=9.0,n=30,start_thres=1.25",hub,0.25,50,2,40,1730,25,0,15,1730,0.625,0.0,1.0,0.0,7.521315146576274
tfnbs,"e=0.9,h=10.0,n=30,start_thres=1.25",hub,0.25,50,2,40,1730,25,0,15,1730,0.625,0.0,1.0,0.0,7.521315146576274
tfnbs,"e=1.0,h=0.5,n=30,start_thres=1.25",hub,0.25,50,2,40,1730,27,0,13,1730,0.675,0.0,1.0,0.0,7.521315146576274
tfnbs,"e=1.0,h=1.0,n=30,start_thres=1.25",hub,0.25,50,2,40,1730,27,0,13,1730,0.675,0.0,1.0,0.0,7.521315146576274
tfnbs,"e=1.0,h=2.0,n=30,start_thres=1.25",hub,0.25,50,2,40,1730,29,1,11,1729,0.725,0.0005780346820809,0.9666666666666668,0.0333333333333333,7.521315146576274
tfnbs,"e=1.0,h=3.0,n=30,start_thres=1.25",hub,0.25,50,2,40,1730,29,1,11,1729,0.725,0.0005780346820809,0.9666666666666668,0.0333333333333333,7.521315146576274
tfnbs,"e=1.0,h=4.0,n=30,start_thres=1.25",hub,0.25,50,2,40,1730,29,1,11,1729,0.725,0.0005780346820809,0.9666666666666668,0.0333333333333333,7.521315146576274
tfnbs,"e=1.0,h=5.0,n=30,start_thres=1.25",hub,0.25,50,2,40,1730,29,1,11,1729,0.725,0.0005780346820809,0.9666666666666668,0.0333333333333333,7.521315146576274
tfnbs,"e=1.0,h=6.0,n=30,start_thres=1.25",hub,0.25,50,2,40,1730,27,0,13,1730,0.675,0.0,1.0,0.0,7.521315146576274
tfnbs,"e=1.0,h=7.0,n=30,start_thres=1.25",hub,0.25,50,2,40,1730,27,0,13,1730,0.675,0.0,1.0,0.0,7.521315146576274
tfnbs,"e=1.0,h=8.0,n=30,start_thres=1.25",hub,0.25,50,2,40,1730,27,0,13,1730,0.675,0.0,1.0,0.0,7.521315146576274
tfnbs,"e=1.0,h=9.0,n=30,start_thres=1.25",hub,0.25,50,2,40,1730,27,0,13,1730,0.675,0.0,1.0,0.0,7.521315146576274
tfnbs,"e=1.0,h=10.0,n=30,start_thres=1.25",hub,0.25,50,2,40,1730,25,0,15,1730,0.625,0.0,1.0,0.0,7.521315146576274
tfnbs,"e=1.1,h=0.5,n=30,start_thres=1.25",hub,0.25,50,2,40,1730,27,0,13,1730,0.675,0.0,1.0,0.0,7.521315146576274
tfnbs,"e=1.1,h=1.0,n=30,start_thres=1.25",hub,0.25,50,2,40,1730,27,0,13,1730,0.675,0.0,1.0,0.0,7.521315146576274
tfnbs,"e=1.1,h=2.0,n=30,start_thres=1.25",hub,0.25,50,2,40,1730,29,1,11,1729,0.725,0.0005780346820809,0.9666666666666668,0.0333333333333333,7.521315146576274
tfnbs,"e=1.1,h=3.0,n=30,start_thres=1.25",hub,0.25,50,2,40,1730,29,1,11,1729,0.725,0.0005780346820809,0.9666666666666668,0.0333333333333333,7.521315146576274
tfnbs,"e=1.1,h=4.0,n=30,start_thres=1.25",hub,0.25,50,2,40,1730,29,1,11,1729,0.725,0.0005780346820809,0.9666666666666668,0.0333333333333333,7.521315146576274
tfnbs,"e=1.1,h=5.0,n=30,start_thres=1.25",hub,0.25,50,2,40,1730,29,1,11,1729,0.725,0.0005780346820809,0.9666666666666668,0.0333333333333333,7.521315146576274
tfnbs,"e=1.1,h=6.0,n=30,start_thres=1.25",hub,0.25,50,2,40,1730,29,1,11,1729,0.725,0.0005780346820809,0.9666666666666668,0.0333333333333333,7.521315146576274
tfnbs,"e=1.1,h=7.0,n=30,start_thres=1.25",hub,0.25,50,2,40,1730,27,0,13,1730,0.675,0.0,1.0,0.0,7.521315146576274
tfnbs,"e=1.1,h=8.0,n=30,start_thres=1.25",hub,0.25,50,2,40,1730,27,0,13,1730,0.675,0.0,1.0,0.0,7.521315146576274
tfnbs,"e=1.1,h=9.0,n=30,start_thres=1.25",hub,0.25,50,2,40,1730,27,0,13,1730,0.675,0.0,1.0,0.0,7.521315146576274
tfnbs,"e=1.1,h=10.0,n=30,start_thres=1.25",hub,0.25,50,2,40,1730,27,0,13,1730,0.675,0.0,1.0,0.0,7.521315146576274
tfnbs,"e=1.2,h=0.5,n=30,start_thres=1.25",hub,0.25,50,2,40,1730,27,0,13,1730,0.675,0.0,1.0,0.0,7.521315146576274
tfnbs,"e=1.2,h=1.0,n=30,start_thres=1.25",hub,0.25,50,2,40,1730,27,0,13,1730,0.675,0.0,1.0,0.0,7.521315146576274
tfnbs,"e=1.2,h=2.0,n=30,start_thres=1.25",hub,0.25,50,2,40,1730,29,1,11,1729,0.725,0.0005780346820809,0.9666666666666668,0.0333333333333333,7.521315146576274
tfnbs,"e=1.2,h=3.0,n=30,start_thres=1.25",hub,0.25,50,2,40,1730,29,1,11,1729,0.725,0.0005780346820809,0.9666666666666668,0.0333333333333333,7.521315146576274
tfnbs,"e=1.2,h=4.0,n=30,start_thres=1.25",hub,0.25,50,2,40,1730,29,1,11,1729,0.725,0.0005780346820809,0.9666666666666668,0.0333333333333333,7.521315146576274
tfnbs,"e=1.2,h=5.0,n=30,start_thres=1.25",hub,0.25,50,2,40,1730,29,1,11,1729,0.725,0.0005780346820809,0.9666666666666668,0.0333333333333333,7.521315146576274
tfnbs,"e=1.2,h=6.0,n=30,start_thres=1.25",hub,0.25,50,2,40,1730,29,1,11,1729,0.725,0.0005780346820809,0.9666666666666668,0.0333333333333333,7.521315146576274
tfnbs,"e=1.2,h=7.0,n=30,start_thres=1.25",hub,0.25,50,2,40,1730,29,1,11,1729,0.725,0.0005780346820809,0.9666666666666668,0.0333333333333333,7.521315146576274
tfnbs,"e=1.2,h=8.0,n=30,start_thres=1.25",hub,0.25,50,2,40,1730,27,0,13,1730,0.675,0.0,1.0,0.0,7.521315146576274
tfnbs,"e=1.2,h=9.0,n=30,start_thres=1.25",hub,0.25,50,2,40,1730,27,0,13,1730,0.675,0.0,1.0,0.0,7.521315146576274
tfnbs,"e=1.2,h=10.0,n=30,start_thres=1.25",hub,0.25,50,2,40,1730,27,0,13,1730,0.675,0.0,1.0,0.0,7.521315146576274
tfnbs,"e=1.3,h=0.5,n=30,start_thres=1.25",hub,0.25,50,2,40,1730,25,0,15,1730,0.625,0.0,1.0,0.0,7.521315146576274
tfnbs,"e=1.3,h=1.0,n=30,start_thres=1.25",hub,0.25,50,2,40,1730,27,0,13,1730,0.675,0.0,1.0,0.0,7.521315146576274
tfnbs,"e=1.3,h=2.0,n=30,start_thres=1.25",hub,0.25,50,2,40,1730,27,0,13,1730,0.675,0.0,1.0,0.0,7.521315146576274
tfnbs,"e=1.3,h=3.0,n=30,start_thres=1.25",hub,0.25,50,2,40,1730,29,1,11,1729,0.725,0.0005780346820809,0.9666666666666668,0.0333333333333333,7.521315146576274
tfnbs,"e=1.3,h=4.0,n=30,start_thres=1.25",hub,0.25,50,2,40,1730,29,1,11,1729,0.725,0.0005780346820809,0.9666666666666668,0.0333333333333333,7.521315146576274
tfnbs,"e=1.3,h=5.0,n=30,start_thres=1.25",hub,0.25,50,2,40,1730,29,1,11,1729,0.725,0.0005780346820809,0.9666666666666668,0.0333333333333333,7.521315146576274
tfnbs,"e=1.3,h=6.0,n=30,start_thres=1.25",hub,0.25,50,2,40,1730,29,1,11,1729,0.725,0.0005780346820809,0.9666666666666668,0.0333333333333333,7.521315146576274
tfnbs,"e=1.3,h=7.0,n=30,start_thres=1.25",hub,0.25,50,2,40,1730,29,1,11,1729,0.725,0.0005780346820809,0.9666666666666668,0.0333333333333333,7.521315146576274
tfnbs,"e=1.3,h=8.0,n=30,start_thres=1.25",hub,0.25,50,2,40,1730,29,1,11,1729,0.725,0.0005780346820809,0.9666666666666668,0.0333333333333333,7.521315146576274
tfnbs,"e=1.3,h=9.0,n=30,start_thres=1.25",hub,0.25,50,2,40,1730,27,0,13,1730,0.675,0.0,1.0,0.0,7.521315146576274
tfnbs,"e=1.3,h=10.0,n=30,start_thres=1.25",hub,0.25,50,2,40,1730,27,0,13,1730,0.675,0.0,1.0,0.0,7.521315146576274
tfnbs,"e=1.4,h=0.5,n=30,start_thres=1.25",hub,0.25,50,2,40,1730,25,0,15,1730,0.625,0.0,1.0,0.0,7.521315146576274
tfnbs,"e=1.4,h=1.0,n=30,start_thres=1.25",hub,0.25,50,2,40,1730,27,0,13,1730,0.675,0.0,1.0,0.0,7.521315146576274
tfnbs,"e=1.4,h=2.0,n=30,start_thres=1.25",hub,0.25,50,2,40,1730,27,0,13,1730,0.675,0.0,1.0,0.0,7.521315146576274
tfnbs,"e=1.4,h=3.0,n=30,start_thres=1.25",hub,0.25,50,2,40,1730,29,1,11,1729,0.725,0.0005780346820809,0.9666666666666668,0.0333333333333333,7.521315146576274
tfnbs,"e=1.4,h=4.0,n=30,start_thres=1.25",hub,0.25,50,2,40,1730,29,1,11,1729,0.725,0.0005780346820809,0.9666666666666668,0.0333333333333333,7.521315146576274
tfnbs,"e=1.4,h=5.0,n=30,start_thres=1.25",hub,0.25,50,2,40,1730,31,3,9,1727,0.775,0.0017341040462427,0.9117647058823528,0.088235294117647,7.521315146576274
tfnbs,"e=1.4,h=6.0,n=30,start_thres=1.25",hub,0.25,50,2,40,1730,31,3,9,1727,0.775,0.0017341040462427,0.9117647058823528,0.088235294117647,7.521315146576274
tfnbs,"e=1.4,h=7.0,n=30,start_thres=1.25",hub,0.25,50,2,40,1730,29,1,11,1729,0.725,0.0005780346820809,0.9666666666666668,0.0333333333333333,7.521315146576274
tfnbs,"e=1.4,h=8.0,n=30,start_thres=1.25",hub,0.25,50,2,40,1730,29,1,11,1729,0.725,0.0005780346820809,0.9666666666666668,0.0333333333333333,7.521315146576274
tfnbs,"e=1.4,h=9.0,n=30,start_thres=1.25",hub,0.25,50,2,40,1730,29,1,11,1729,0.725,0.0005780346820809,0.9666666666666668,0.0333333333333333,7.521315146576274
tfnbs,"e=1.4,h=10.0,n=30,start_thres=1.25",hub,0.25,50,2,40,1730,27,0,13,1730,0.675,0.0,1.0,0.0,7.521315146576274
tfnbs,"e=1.5,h=0.5,n=30,start_thres=1.25",hub,0.25,50,2,40,1730,23,0,17,1730,0.575,0.0,1.0,0.0,7.521315146576274
tfnbs,"e=1.5,h=1.0,n=30,start_thres=1.25",hub,0.25,50,2,40,1730,25,0,15,1730,0.625,0.0,1.0,0.0,7.521315146576274
tfnbs,"e=1.5,h=2.0,n=30,start_thres=1.25",hub,0.25,50,2,40,1730,27,0,13,1730,0.675,0.0,1.0,0.0,7.521315146576274
tfnbs,"e=1.5,h=3.0,n=30,start_thres=1.25",hub,0.25,50,2,40,1730,29,1,11,1729,0.725,0.0005780346820809,0.9666666666666668,0.0333333333333333,7.521315146576274
tfnbs,"e=1.5,h=4.0,n=30,start_thres=1.25",hub,0.25,50,2,40,1730,29,1,11,1729,0.725,0.0005780346820809,0.9666666666666668,0.0333333333333333,7.521315146576274
tfnbs,"e=1.5,h=5.0,n=30,start_thres=1.25",hub,0.25,50,2,40,1730,29,1,11,1729,0.725,0.0005780346820809,0.9666666666666668,0.0333333333333333,7.521315146576274
tfnbs,"e=1.5,h=6.0,n=30,start_thres=1.25",hub,0.25,50,2,40,1730,31,3,9,1727,0.775,0.0017341040462427,0.9117647058823528,0.088235294117647,7.521315146576274
tfnbs,"e=1.5,h=7.0,n=30,start_thres=1.25",hub,0.25,50,2,40,1730,31,3,9,1727,0.775,0.0017341040462427,0.9117647058823528,0.088235294117647,7.521315146576274
tfnbs,"e=1.5,h=8.0,n=30,start_thres=1.25",hub,0.25,50,2,40,1730,29,1,11,1729,0.725,0.0005780346820809,0.9666666666666668,0.0333333333333333,7.521315146576274
tfnbs,"e=1.5,h=9.0,n=30,start_thres=1.25",hub,0.25,50,2,40,1730,29,1,11,1729,0.725,0.0005780346820809,0.9666666666666668,0.0333333333333333,7.521315146576274
tfnbs,"e=1.5,h=10.0,n=30,start_thres=1.25",hub,0.25,50,2,40,1730,29,1,11,1729,0.725,0.0005780346820809,0.9666666666666668,0.0333333333333333,7.521315146576274
nbs_extent,threshold=2.5,hub,0.25,50,16,40,1730,39,34,1,1696,0.975,0.0196531791907514,0.5342465753424658,0.4657534246575342,7.944105625152588
nbs_extent,threshold=2.5,hub,0.25,50,17,40,1730,38,15,2,1715,0.95,0.0086705202312138,0.7169811320754716,0.2830188679245283,8.29505968093872
nbs_extent,threshold=2.5,hub,0.25,50,18,40,1730,33,10,7,1720,0.825,0.0057803468208092,0.7674418604651163,0.2325581395348837,7.794698238372803
nbs_extent,threshold=2.5,hub,0.25,50,20,40,1730,26,10,14,1720,0.65,0.0057803468208092,0.7222222222222222,0.2777777777777778,7.917201519012451
nbs_extent,threshold=2.5,hub,0.25,50,19,40,1730,25,14,15,1716,0.625,0.0080924855491329,0.6410256410256411,0.358974358974359,8.187203407287598
tfnbs,"e=0.05,h=0.5,n=30,start_thres=1.25",hub,0.25,50,3,40,1730,4,0,36,1730,0.1,0.0,1.0,0.0,7.566768204624003
tfnbs,"e=0.05,h=1.0,n=30,start_thres=1.25",hub,0.25,50,3,40,1730,4,0,36,1730,0.1,0.0,1.0,0.0,7.566768204624003
tfnbs,"e=0.05,h=2.0,n=30,start_thres=1.25",hub,0.25,50,3,40,1730,4,0,36,1730,0.1,0.0,1.0,0.0,7.566768204624003
tfnbs,"e=0.05,h=3.0,n=30,start_thres=1.25",hub,0.25,50,3,40,1730,4,0,36,1730,0.1,0.0,1.0,0.0,7.566768204624003
tfnbs,"e=0.05,h=4.0,n=30,start_thres=1.25",hub,0.25,50,3,40,1730,4,0,36,1730,0.1,0.0,1.0,0.0,7.566768204624003
tfnbs,"e=0.05,h=5.0,n=30,start_thres=1.25",hub,0.25,50,3,40,1730,4,0,36,1730,0.1,0.0,1.0,0.0,7.566768204624003
tfnbs,"e=0.05,h=6.0,n=30,start_thres=1.25",hub,0.25,50,3,40,1730,4,0,36,1730,0.1,0.0,1.0,0.0,7.566768204624003
tfnbs,"e=0.05,h=7.0,n=30,start_thres=1.25",hub,0.25,50,3,40,1730,4,0,36,1730,0.1,0.0,1.0,0.0,7.566768204624003
tfnbs,"e=0.05,h=8.0,n=30,start_thres=1.25",hub,0.25,50,3,40,1730,4,0,36,1730,0.1,0.0,1.0,0.0,7.566768204624003
tfnbs,"e=0.05,h=9.0,n=30,start_thres=1.25",hub,0.25,50,3,40,1730,4,0,36,1730,0.1,0.0,1.0,0.0,7.566768204624003
tfnbs,"e=0.05,h=10.0,n=30,start_thres=1.25",hub,0.25,50,3,40,1730,4,0,36,1730,0.1,0.0,1.0,0.0,7.566768204624003
tfnbs,"e=0.1,h=0.5,n=30,start_thres=1.25",hub,0.25,50,3,40,1730,5,0,35,1730,0.125,0.0,1.0,0.0,7.566768204624003
tfnbs,"e=0.1,h=1.0,n=30,start_thres=1.25",hub,0.25,50,3,40,1730,5,0,35,1730,0.125,0.0,1.0,0.0,7.566768204624003
tfnbs,"e=0.1,h=2.0,n=30,start_thres=1.25",hub,0.25,50,3,40,1730,5,0,35,1730,0.125,0.0,1.0,0.0,7.566768204624003
tfnbs,"e=0.1,h=3.0,n=30,start_thres=1.25",hub,0.25,50,3,40,1730,4,0,36,1730,0.1,0.0,1.0,0.0,7.566768204624003
tfnbs,"e=0.1,h=4.0,n=30,start_thres=1.25",hub,0.25,50,3,40,1730,4,0,36,1730,0.1,0.0,1.0,0.0,7.566768204624003
tfnbs,"e=0.1,h=5.0,n=30,start_thres=1.25",hub,0.25,50,3,40,1730,4,0,36,1730,0.1,0.0,1.0,0.0,7.566768204624003
tfnbs,"e=0.1,h=6.0,n=30,start_thres=1.25",hub,0.25,50,3,40,1730,4,0,36,1730,0.1,0.0,1.0,0.0,7.566768204624003
tfnbs,"e=0.1,h=7.0,n=30,start_thres=1.25",hub,0.25,50,3,40,1730,4,0,36,1730,0.1,0.0,1.0,0.0,7.566768204624003
tfnbs,"e=0.1,h=8.0,n=30,start_thres=1.25",hub,0.25,50,3,40,1730,4,0,36,1730,0.1,0.0,1.0,0.0,7.566768204624003
tfnbs,"e=0.1,h=9.0,n=30,start_thres=1.25",hub,0.25,50,3,40,1730,4,0,36,1730,0.1,0.0,1.0,0.0,7.566768204624003
tfnbs,"e=0.1,h=10.0,n=30,start_thres=1.25",hub,0.25,50,3,40,1730,4,0,36,1730,0.1,0.0,1.0,0.0,7.566768204624003
tfnbs,"e=0.2,h=0.5,n=30,start_thres=1.25",hub,0.25,50,3,40,1730,10,0,30,1730,0.25,0.0,1.0,0.0,7.566768204624003
tfnbs,"e=0.2,h=1.0,n=30,start_thres=1.25",hub,0.25,50,3,40,1730,10,0,30,1730,0.25,0.0,1.0,0.0,7.566768204624003
tfnbs,"e=0.2,h=2.0,n=30,start_thres=1.25",hub,0.25,50,3,40,1730,7,0,33,1730,0.175,0.0,1.0,0.0,7.566768204624003
tfnbs,"e=0.2,h=3.0,n=30,start_thres=1.25",hub,0.25,50,3,40,1730,7,0,33,1730,0.175,0.0,1.0,0.0,7.566768204624003
tfnbs,"e=0.2,h=4.0,n=30,start_thres=1.25",hub,0.25,50,3,40,1730,5,0,35,1730,0.125,0.0,1.0,0.0,7.566768204624003
tfnbs,"e=0.2,h=5.0,n=30,start_thres=1.25",hub,0.25,50,3,40,1730,5,0,35,1730,0.125,0.0,1.0,0.0,7.566768204624003
tfnbs,"e=0.2,h=6.0,n=30,start_thres=1.25",hub,0.25,50,3,40,1730,5,0,35,1730,0.125,0.0,1.0,0.0,7.566768204624003
tfnbs,"e=0.2,h=7.0,n=30,start_thres=1.25",hub,0.25,50,3,40,1730,4,0,36,1730,0.1,0.0,1.0,0.0,7.566768204624003
tfnbs,"e=0.2,h=8.0,n=30,start_thres=1.25",hub,0.25,50,3,40,1730,4,0,36,1730,0.1,0.0,1.0,0.0,7.566768204624003
tfnbs,"e=0.2,h=9.0,n=30,start_thres=1.25",hub,0.25,50,3,40,1730,4,0,36,1730,0.1,0.0,1.0,0.0,7.566768204624003
tfnbs,"e=0.2,h=10.0,n=30,start_thres=1.25",hub,0.25,50,3,40,1730,4,0,36,1730,0.1,0.0,1.0,0.0,7.566768204624003
tfnbs,"e=0.3,h=0.5,n=30,start_thres=1.25",hub,0.25,50,3,40,1730,11,0,29,1730,0.275,0.0,1.0,0.0,7.566768204624003
tfnbs,"e=0.3,h=1.0,n=30,start_thres=1.25",hub,0.25,50,3,40,1730,11,0,29,1730,0.275,0.0,1.0,0.0,7.566768204624003
tfnbs,"e=0.3,h=2.0,n=30,start_thres=1.25",hub,0.25,50,3,40,1730,11,0,29,1730,0.275,0.0,1.0,0.0,7.566768204624003
tfnbs,"e=0.3,h=3.0,n=30,start_thres=1.25",hub,0.25,50,3,40,1730,10,0,30,1730,0.25,0.0,1.0,0.0,7.566768204624003
tfnbs,"e=0.3,h=4.0,n=30,start_thres=1.25",hub,0.25,50,3,40,1730,7,0,33,1730,0.175,0.0,1.0,0.0,7.566768204624003
tfnbs,"e=0.3,h=5.0,n=30,start_thres=1.25",hub,0.25,50,3,40,1730,7,0,33,1730,0.175,0.0,1.0,0.0,7.566768204624003
tfnbs,"e=0.3,h=6.0,n=30,start_thres=1.25",hub,0.25,50,3,40,1730,7,0,33,1730,0.175,0.0,1.0,0.0,7.566768204624003
tfnbs,"e=0.3,h=7.0,n=30,start_thres=1.25",hub,0.25,50,3,40,1730,5,0,35,1730,0.125,0.0,1.0,0.0,7.566768204624003
tfnbs,"e=0.3,h=8.0,n=30,start_thres=1.25",hub,0.25,50,3,40,1730,5,0,35,1730,0.125,0.0,1.0,0.0,7.566768204624003
tfnbs,"e=0.3,h=9.0,n=30,start_thres=1.25",hub,0.25,50,3,40,1730,5,0,35,1730,0.125,0.0,1.0,0.0,7.566768204624003
tfnbs,"e=0.3,h=10.0,n=30,start_thres=1.25",hub,0.25,50,3,40,1730,5,0,35,1730,0.125,0.0,1.0,0.0,7.566768204624003
tfnbs,"e=0.4,h=0.5,n=30,start_thres=1.25",hub,0.25,50,3,40,1730,12,0,28,1730,0.3,0.0,1.0,0.0,7.566768204624003
tfnbs,"e=0.4,h=1.0,n=30,start_thres=1.25",hub,0.25,50,3,40,1730,12,0,28,1730,0.3,0.0,1.0,0.0,7.566768204624003
tfnbs,"e=0.4,h=2.0,n=30,start_thres=1.25",hub,0.25,50,3,40,1730,12,0,28,1730,0.3,0.0,1.0,0.0,7.566768204624003
tfnbs,"e=0.4,h=3.0,n=30,start_thres=1.25",hub,0.25,50,3,40,1730,11,0,29,1730,0.275,0.0,1.0,0.0,7.566768204624003
tfnbs,"e=0.4,h=4.0,n=30,start_thres=1.25",hub,0.25,50,3,40,1730,11,0,29,1730,0.275,0.0,1.0,0.0,7.566768204624003
tfnbs,"e=0.4,h=5.0,n=30,start_thres=1.25",hub,0.25,50,3,40,1730,10,0,30,1730,0.25,0.0,1.0,0.0,7.566768204624003
tfnbs,"e=0.4,h=6.0,n=30,start_thres=1.25",hub,0.25,50,3,40,1730,10,0,30,1730,0.25,0.0,1.0,0.0,7.566768204624003
tfnbs,"e=0.4,h=7.0,n=30,start_thres=1.25",hub,0.25,50,3,40,1730,7,0,33,1730,0.175,0.0,1.0,0.0,7.566768204624003
tfnbs,"e=0.4,h=8.0,n=30,start_thres=1.25",hub,0.25,50,3,40,1730,7,0,33,1730,0.175,0.0,1.0,0.0,7.566768204624003
tfnbs,"e=0.4,h=9.0,n=30,start_thres=1.25",hub,0.25,50,3,40,1730,5,0,35,1730,0.125,0.0,1.0,0.0,7.566768204624003
tfnbs,"e=0.4,h=10.0,n=30,start_thres=1.25",hub,0.25,50,3,40,1730,5,0,35,1730,0.125,0.0,1.0,0.0,7.566768204624003
tfnbs,"e=0.5,h=0.5,n=30,start_thres=1.25",hub,0.25,50,3,40,1730,17,1,23,1729,0.425,0.0005780346820809,0.9444444444444444,0.0555555555555555,7.566768204624003
tfnbs,"e=0.5,h=1.0,n=30,start_thres=1.25",hub,0.25,50,3,40,1730,17,1,23,1729,0.425,0.0005780346820809,0.9444444444444444,0.0555555555555555,7.566768204624003
tfnbs,"e=0.5,h=2.0,n=30,start_thres=1.25",hub,0.25,50,3,40,1730,17,1,23,1729,0.425,0.0005780346820809,0.9444444444444444,0.0555555555555555,7.566768204624003
tfnbs,"e=0.5,h=3.0,n=30,start_thres=1.25",hub,0.25,50,3,40,1730,12,0,28,1730,0.3,0.0,1.0,0.0,7.566768204624003
tfnbs,"e=0.5,h=4.0,n=30,start_thres=1.25",hub,0.25,50,3,40,1730,12,0,28,1730,0.3,0.0,1.0,0.0,7.566768204624003
tfnbs,"e=0.5,h=5.0,n=30,start_thres=1.25",hub,0.25,50,3,40,1730,11,0,29,1730,0.275,0.0,1.0,0.0,7.566768204624003
tfnbs,"e=0.5,h=6.0,n=30,start_thres=1.25",hub,0.25,50,3,40,1730,10,0,30,1730,0.25,0.0,1.0,0.0,7.566768204624003
tfnbs,"e=0.5,h=7.0,n=30,start_thres=1.25",hub,0.25,50,3,40,1730,10,0,30,1730,0.25,0.0,1.0,0.0,7.566768204624003
tfnbs,"e=0.5,h=8.0,n=30,start_thres=1.25",hub,0.25,50,3,40,1730,7,0,33,1730,0.175,0.0,1.0,0.0,7.566768204624003
tfnbs,"e=0.5,h=9.0,n=30,start_thres=1.25",hub,0.25,50,3,40,1730,7,0,33,1730,0.175,0.0,1.0,0.0,7.566768204624003
tfnbs,"e=0.5,h=10.0,n=30,start_thres=1.25",hub,0.25,50,3,40,1730,7,0,33,1730,0.175,0.0,1.0,0.0,7.566768204624003
tfnbs,"e=0.6,h=0.5,n=30,start_thres=1.25",hub,0.25,50,3,40,1730,20,2,20,1728,0.5,0.0011560693641618,0.9090909090909092,0.0909090909090909,7.566768204624003
tfnbs,"e=0.6,h=1.0,n=30,start_thres=1.25",hub,0.25,50,3,40,1730,20,2,20,1728,0.5,0.0011560693641618,0.9090909090909092,0.0909090909090909,7.566768204624003
tfnbs,"e=0.6,h=2.0,n=30,start_thres=1.25",hub,0.25,50,3,40,1730,17,1,23,1729,0.425,0.0005780346820809,0.9444444444444444,0.0555555555555555,7.566768204624003
tfnbs,"e=0.6,h=3.0,n=30,start_thres=1.25",hub,0.25,50,3,40,1730,17,1,23,1729,0.425,0.0005780346820809,0.9444444444444444,0.0555555555555555,7.566768204624003
tfnbs,"e=0.6,h=4.0,n=30,start_thres=1.25",hub,0.25,50,3,40,1730,17,1,23,1729,0.425,0.0005780346820809,0.9444444444444444,0.0555555555555555,7.566768204624003
tfnbs,"e=0.6,h=5.0,n=30,start_thres=1.25",hub,0.25,50,3,40,1730,12,0,28,1730,0.3,0.0,1.0,0.0,7.566768204624003
tfnbs,"e=0.6,h=6.0,n=30,start_thres=1.25",hub,0.25,50,3,40,1730,11,0,29,1730,0.275,0.0,1.0,0.0,7.566768204624003
tfnbs,"e=0.6,h=7.0,n=30,start_thres=1.25",hub,0.25,50,3,40,1730,11,0,29,1730,0.275,0.0,1.0,0.0,7.566768204624003
tfnbs,"e=0.6,h=8.0,n=30,start_thres=1.25",hub,0.25,50,3,40,1730,10,0,30,1730,0.25,0.0,1.0,0.0,7.566768204624003
tfnbs,"e=0.6,h=9.0,n=30,start_thres=1.25",hub,0.25,50,3,40,1730,10,0,30,1730,0.25,0.0,1.0,0.0,7.566768204624003
tfnbs,"e=0.6,h=10.0,n=30,start_thres=1.25",hub,0.25,50,3,40,1730,7,0,33,1730,0.175,0.0,1.0,0.0,7.566768204624003
tfnbs,"e=0.7,h=0.5,n=30,start_thres=1.25",hub,0.25,50,3,40,1730,20,2,20,1728,0.5,0.0011560693641618,0.9090909090909092,0.0909090909090909,7.566768204624003
tfnbs,"e=0.7,h=1.0,n=30,start_thres=1.25",hub,0.25,50,3,40,1730,20,2,20,1728,0.5,0.0011560693641618,0.9090909090909092,0.0909090909090909,7.566768204624003
tfnbs,"e=0.7,h=2.0,n=30,start_thres=1.25",hub,0.25,50,3,40,1730,20,2,20,1728,0.5,0.0011560693641618,0.9090909090909092,0.0909090909090909,7.566768204624003
tfnbs,"e=0.7,h=3.0,n=30,start_thres=1.25",hub,0.25,50,3,40,1730,20,2,20,1728,0.5,0.0011560693641618,0.9090909090909092,0.0909090909090909,7.566768204624003
tfnbs,"e=0.7,h=4.0,n=30,start_thres=1.25",hub,0.25,50,3,40,1730,17,1,23,1729,0.425,0.0005780346820809,0.9444444444444444,0.0555555555555555,7.566768204624003
tfnbs,"e=0.7,h=5.0,n=30,start_thres=1.25",hub,0.25,50,3,40,1730,17,1,23,1729,0.425,0.0005780346820809,0.9444444444444444,0.0555555555555555,7.566768204624003
tfnbs,"e=0.7,h=6.0,n=30,start_thres=1.25",hub,0.25,50,3,40,1730,12,0,28,1730,0.3,0.0,1.0,0.0,7.566768204624003
tfnbs,"e=0.7,h=7.0,n=30,start_thres=1.25",hub,0.25,50,3,40,1730,11,0,29,1730,0.275,0.0,1.0,0.0,7.566768204624003
tfnbs,"e=0.7,h=8.0,n=30,start_thres=1.25",hub,0.25,50,3,40,1730,11,0,29,1730,0.275,0.0,1.0,0.0,7.566768204624003
tfnbs,"e=0.7,h=9.0,n=30,start_thres=1.25",hub,0.25,50,3,40,1730,10,0,30,1730,0.25,0.0,1.0,0.0,7.566768204624003
tfnbs,"e=0.7,h=10.0,n=30,start_thres=1.25",hub,0.25,50,3,40,1730,10,0,30,1730,0.25,0.0,1.0,0.0,7.566768204624003
tfnbs,"e=0.8,h=0.5,n=30,start_thres=1.25",hub,0.25,50,3,40,1730,20,2,20,1728,0.5,0.0011560693641618,0.9090909090909092,0.0909090909090909,7.566768204624003
tfnbs,"e=0.8,h=1.0,n=30,start_thres=1.25",hub,0.25,50,3,40,1730,20,2,20,1728,0.5,0.0011560693641618,0.9090909090909092,0.0909090909090909,7.566768204624003
tfnbs,"e=0.8,h=2.0,n=30,start_thres=1.25",hub,0.25,50,3,40,1730,20,2,20,1728,0.5,0.0011560693641618,0.9090909090909092,0.0909090909090909,7.566768204624003
tfnbs,"e=0.8,h=3.0,n=30,start_thres=1.25",hub,0.25,50,3,40,1730,20,2,20,1728,0.5,0.0011560693641618,0.9090909090909092,0.0909090909090909,7.566768204624003
tfnbs,"e=0.8,h=4.0,n=30,start_thres=1.25",hub,0.25,50,3,40,1730,20,2,20,1728,0.5,0.0011560693641618,0.9090909090909092,0.0909090909090909,7.566768204624003
tfnbs,"e=0.8,h=5.0,n=30,start_thres=1.25",hub,0.25,50,3,40,1730,20,2,20,1728,0.5,0.0011560693641618,0.9090909090909092,0.0909090909090909,7.566768204624003
tfnbs,"e=0.8,h=6.0,n=30,start_thres=1.25",hub,0.25,50,3,40,1730,17,1,23,1729,0.425,0.0005780346820809,0.9444444444444444,0.0555555555555555,7.566768204624003
tfnbs,"e=0.8,h=7.0,n=30,start_thres=1.25",hub,0.25,50,3,40,1730,12,0,28,1730,0.3,0.0,1.0,0.0,7.566768204624003
tfnbs,"e=0.8,h=8.0,n=30,start_thres=1.25",hub,0.25,50,3,40,1730,12,0,28,1730,0.3,0.0,1.0,0.0,7.566768204624003
tfnbs,"e=0.8,h=9.0,n=30,start_thres=1.25",hub,0.25,50,3,40,1730,11,0,29,1730,0.275,0.0,1.0,0.0,7.566768204624003
tfnbs,"e=0.8,h=10.0,n=30,start_thres=1.25",hub,0.25,50,3,40,1730,11,0,29,1730,0.275,0.0,1.0,0.0,7.566768204624003
tfnbs,"e=0.9,h=0.5,n=30,start_thres=1.25",hub,0.25,50,3,40,1730,20,2,20,1728,0.5,0.0011560693641618,0.9090909090909092,0.0909090909090909,7.566768204624003
tfnbs,"e=0.9,h=1.0,n=30,start_thres=1.25",hub,0.25,50,3,40,1730,20,2,20,1728,0.5,0.0011560693641618,0.9090909090909092,0.0909090909090909,7.566768204624003
tfnbs,"e=0.9,h=2.0,n=30,start_thres=1.25",hub,0.25,50,3,40,1730,23,3,17,1727,0.575,0.0017341040462427,0.8846153846153846,0.1153846153846153,7.566768204624003
tfnbs,"e=0.9,h=3.0,n=30,start_thres=1.25",hub,0.25,50,3,40,1730,23,3,17,1727,0.575,0.0017341040462427,0.8846153846153846,0.1153846153846153,7.566768204624003
tfnbs,"e=0.9,h=4.0,n=30,start_thres=1.25",hub,0.25,50,3,40,1730,20,2,20,1728,0.5,0.0011560693641618,0.9090909090909092,0.0909090909090909,7.566768204624003
tfnbs,"e=0.9,h=5.0,n=30,start_thres=1.25",hub,0.25,50,3,40,1730,20,2,20,1728,0.5,0.0011560693641618,0.9090909090909092,0.0909090909090909,7.566768204624003
tfnbs,"e=0.9,h=6.0,n=30,start_thres=1.25",hub,0.25,50,3,40,1730,20,2,20,1728,0.5,0.0011560693641618,0.9090909090909092,0.0909090909090909,7.566768204624003
tfnbs,"e=0.9,h=7.0,n=30,start_thres=1.25",hub,0.25,50,3,40,1730,17,1,23,1729,0.425,0.0005780346820809,0.9444444444444444,0.0555555555555555,7.566768204624003
tfnbs,"e=0.9,h=8.0,n=30,start_thres=1.25",hub,0.25,50,3,40,1730,17,1,23,1729,0.425,0.0005780346820809,0.9444444444444444,0.0555555555555555,7.566768204624003
tfnbs,"e=0.9,h=9.0,n=30,start_thres=1.25",hub,0.25,50,3,40,1730,12,0,28,1730,0.3,0.0,1.0,0.0,7.566768204624003
tfnbs,"e=0.9,h=10.0,n=30,start_thres=1.25",hub,0.25,50,3,40,1730,11,0,29,1730,0.275,0.0,1.0,0.0,7.566768204624003
tfnbs,"e=1.0,h=0.5,n=30,start_thres=1.25",hub,0.25,50,3,40,1730,20,2,20,1728,0.5,0.0011560693641618,0.9090909090909092,0.0909090909090909,7.566768204624003
tfnbs,"e=1.0,h=1.0,n=30,start_thres=1.25",hub,0.25,50,3,40,1730,20,2,20,1728,0.5,0.0011560693641618,0.9090909090909092,0.0909090909090909,7.566768204624003
tfnbs,"e=1.0,h=2.0,n=30,start_thres=1.25",hub,0.25,50,3,40,1730,23,3,17,1727,0.575,0.0017341040462427,0.8846153846153846,0.1153846153846153,7.566768204624003
tfnbs,"e=1.0,h=3.0,n=30,start_thres=1.25",hub,0.25,50,3,40,1730,23,3,17,1727,0.575,0.0017341040462427,0.8846153846153846,0.1153846153846153,7.566768204624003
tfnbs,"e=1.0,h=4.0,n=30,start_thres=1.25",hub,0.25,50,3,40,1730,23,3,17,1727,0.575,0.0017341040462427,0.8846153846153846,0.1153846153846153,7.566768204624003
tfnbs,"e=1.0,h=5.0,n=30,start_thres=1.25",hub,0.25,50,3,40,1730,23,3,17,1727,0.575,0.0017341040462427,0.8846153846153846,0.1153846153846153,7.566768204624003
tfnbs,"e=1.0,h=6.0,n=30,start_thres=1.25",hub,0.25,50,3,40,1730,20,2,20,1728,0.5,0.0011560693641618,0.9090909090909092,0.0909090909090909,7.566768204624003
tfnbs,"e=1.0,h=7.0,n=30,start_thres=1.25",hub,0.25,50,3,40,1730,20,2,20,1728,0.5,0.0011560693641618,0.9090909090909092,0.0909090909090909,7.566768204624003
tfnbs,"e=1.0,h=8.0,n=30,start_thres=1.25",hub,0.25,50,3,40,1730,17,1,23,1729,0.425,0.0005780346820809,0.9444444444444444,0.0555555555555555,7.566768204624003
tfnbs,"e=1.0,h=9.0,n=30,start_thres=1.25",hub,0.25,50,3,40,1730,17,1,23,1729,0.425,0.0005780346820809,0.9444444444444444,0.0555555555555555,7.566768204624003
tfnbs,"e=1.0,h=10.0,n=30,start_thres=1.25",hub,0.25,50,3,40,1730,12,0,28,1730,0.3,0.0,1.0,0.0,7.566768204624003
tfnbs,"e=1.1,h=0.5,n=30,start_thres=1.25",hub,0.25,50,3,40,1730,17,1,23,1729,0.425,0.0005780346820809,0.9444444444444444,0.0555555555555555,7.566768204624003
tfnbs,"e=1.1,h=1.0,n=30,start_thres=1.25",hub,0.25,50,3,40,1730,20,2,20,1728,0.5,0.0011560693641618,0.9090909090909092,0.0909090909090909,7.566768204624003
tfnbs,"e=1.1,h=2.0,n=30,start_thres=1.25",hub,0.25,50,3,40,1730,23,3,17,1727,0.575,0.0017341040462427,0.8846153846153846,0.1153846153846153,7.566768204624003
tfnbs,"e=1.1,h=3.0,n=30,start_thres=1.25",hub,0.25,50,3,40,1730,23,3,17,1727,0.575,0.0017341040462427,0.8846153846153846,0.1153846153846153,7.566768204624003
tfnbs,"e=1.1,h=4.0,n=30,start_thres=1.25",hub,0.25,50,3,40,1730,23,3,17,1727,0.575,0.0017341040462427,0.8846153846153846,0.1153846153846153,7.566768204624003
tfnbs,"e=1.1,h=5.0,n=30,start_thres=1.25",hub,0.25,50,3,40,1730,23,3,17,1727,0.575,0.0017341040462427,0.8846153846153846,0.1153846153846153,7.566768204624003
tfnbs,"e=1.1,h=6.0,n=30,start_thres=1.25",hub,0.25,50,3,40,1730,23,3,17,1727,0.575,0.0017341040462427,0.8846153846153846,0.1153846153846153,7.566768204624003
tfnbs,"e=1.1,h=7.0,n=30,start_thres=1.25",hub,0.25,50,3,40,1730,20,2,20,1728,0.5,0.0011560693641618,0.9090909090909092,0.0909090909090909,7.566768204624003
tfnbs,"e=1.1,h=8.0,n=30,start_thres=1.25",hub,0.25,50,3,40,1730,20,2,20,1728,0.5,0.0011560693641618,0.9090909090909092,0.0909090909090909,7.566768204624003
tfnbs,"e=1.1,h=9.0,n=30,start_thres=1.25",hub,0.25,50,3,40,1730,17,1,23,1729,0.425,0.0005780346820809,0.9444444444444444,0.0555555555555555,7.566768204624003
tfnbs,"e=1.1,h=10.0,n=30,start_thres=1.25",hub,0.25,50,3,40,1730,17,1,23,1729,0.425,0.0005780346820809,0.9444444444444444,0.0555555555555555,7.566768204624003
tfnbs,"e=1.2,h=0.5,n=30,start_thres=1.25",hub,0.25,50,3,40,1730,17,1,23,1729,0.425,0.0005780346820809,0.9444444444444444,0.0555555555555555,7.566768204624003
tfnbs,"e=1.2,h=1.0,n=30,start_thres=1.25",hub,0.25,50,3,40,1730,20,2,20,1728,0.5,0.0011560693641618,0.9090909090909092,0.0909090909090909,7.566768204624003
tfnbs,"e=1.2,h=2.0,n=30,start_thres=1.25",hub,0.25,50,3,40,1730,23,3,17,1727,0.575,0.0017341040462427,0.8846153846153846,0.1153846153846153,7.566768204624003
tfnbs,"e=1.2,h=3.0,n=30,start_thres=1.25",hub,0.25,50,3,40,1730,23,3,17,1727,0.575,0.0017341040462427,0.8846153846153846,0.1153846153846153,7.566768204624003
tfnbs,"e=1.2,h=4.0,n=30,start_thres=1.25",hub,0.25,50,3,40,1730,23,3,17,1727,0.575,0.0017341040462427,0.8846153846153846,0.1153846153846153,7.566768204624003
tfnbs,"e=1.2,h=5.0,n=30,start_thres=1.25",hub,0.25,50,3,40,1730,23,3,17,1727,0.575,0.0017341040462427,0.8846153846153846,0.1153846153846153,7.566768204624003
tfnbs,"e=1.2,h=6.0,n=30,start_thres=1.25",hub,0.25,50,3,40,1730,23,3,17,1727,0.575,0.0017341040462427,0.8846153846153846,0.1153846153846153,7.566768204624003
tfnbs,"e=1.2,h=7.0,n=30,start_thres=1.25",hub,0.25,50,3,40,1730,23,3,17,1727,0.575,0.0017341040462427,0.8846153846153846,0.1153846153846153,7.566768204624003
tfnbs,"e=1.2,h=8.0,n=30,start_thres=1.25",hub,0.25,50,3,40,1730,20,2,20,1728,0.5,0.0011560693641618,0.9090909090909092,0.0909090909090909,7.566768204624003
tfnbs,"e=1.2,h=9.0,n=30,start_thres=1.25",hub,0.25,50,3,40,1730,20,2,20,1728,0.5,0.0011560693641618,0.9090909090909092,0.0909090909090909,7.566768204624003
tfnbs,"e=1.2,h=10.0,n=30,start_thres=1.25",hub,0.25,50,3,40,1730,17,1,23,1729,0.425,0.0005780346820809,0.9444444444444444,0.0555555555555555,7.566768204624003
tfnbs,"e=1.3,h=0.5,n=30,start_thres=1.25",hub,0.25,50,3,40,1730,12,0,28,1730,0.3,0.0,1.0,0.0,7.566768204624003
tfnbs,"e=1.3,h=1.0,n=30,start_thres=1.25",hub,0.25,50,3,40,1730,17,1,23,1729,0.425,0.0005780346820809,0.9444444444444444,0.0555555555555555,7.566768204624003
tfnbs,"e=1.3,h=2.0,n=30,start_thres=1.25",hub,0.25,50,3,40,1730,20,2,20,1728,0.5,0.0011560693641618,0.9090909090909092,0.0909090909090909,7.566768204624003
tfnbs,"e=1.3,h=3.0,n=30,start_thres=1.25",hub,0.25,50,3,40,1730,23,3,17,1727,0.575,0.0017341040462427,0.8846153846153846,0.1153846153846153,7.566768204624003
tfnbs,"e=1.3,h=4.0,n=30,start_thres=1.25",hub,0.25,50,3,40,1730,23,3,17,1727,0.575,0.0017341040462427,0.8846153846153846,0.1153846153846153,7.566768204624003
tfnbs,"e=1.3,h=5.0,n=30,start_thres=1.25",hub,0.25,50,3,40,1730,23,3,17,1727,0.575,0.0017341040462427,0.8846153846153846,0.1153846153846153,7.566768204624003
tfnbs,"e=1.3,h=6.0,n=30,start_thres=1.25",hub,0.25,50,3,40,1730,23,3,17,1727,0.575,0.0017341040462427,0.8846153846153846,0.1153846153846153,7.566768204624003
tfnbs,"e=1.3,h=7.0,n=30,start_thres=1.25",hub,0.25,50,3,40,1730,23,3,17,1727,0.575,0.0017341040462427,0.8846153846153846,0.1153846153846153,7.566768204624003
tfnbs,"e=1.3,h=8.0,n=30,start_thres=1.25",hub,0.25,50,3,40,1730,23,3,17,1727,0.575,0.0017341040462427,0.8846153846153846,0.1153846153846153,7.566768204624003
tfnbs,"e=1.3,h=9.0,n=30,start_thres=1.25",hub,0.25,50,3,40,1730,20,2,20,1728,0.5,0.0011560693641618,0.9090909090909092,0.0909090909090909,7.566768204624003
tfnbs,"e=1.3,h=10.0,n=30,start_thres=1.25",hub,0.25,50,3,40,1730,20,2,20,1728,0.5,0.0011560693641618,0.9090909090909092,0.0909090909090909,7.566768204624003
tfnbs,"e=1.4,h=0.5,n=30,start_thres=1.25",hub,0.25,50,3,40,1730,7,0,33,1730,0.175,0.0,1.0,0.0,7.566768204624003
tfnbs,"e=1.4,h=1.0,n=30,start_thres=1.25",hub,0.25,50,3,40,1730,12,0,28,1730,0.3,0.0,1.0,0.0,7.566768204624003
tfnbs,"e=1.4,h=2.0,n=30,start_thres=1.25",hub,0.25,50,3,40,1730,20,2,20,1728,0.5,0.0011560693641618,0.9090909090909092,0.0909090909090909,7.566768204624003
tfnbs,"e=1.4,h=3.0,n=30,start_thres=1.25",hub,0.25,50,3,40,1730,23,3,17,1727,0.575,0.0017341040462427,0.8846153846153846,0.1153846153846153,7.566768204624003
tfnbs,"e=1.4,h=4.0,n=30,start_thres=1.25",hub,0.25,50,3,40,1730,23,3,17,1727,0.575,0.0017341040462427,0.8846153846153846,0.1153846153846153,7.566768204624003
tfnbs,"e=1.4,h=5.0,n=30,start_thres=1.25",hub,0.25,50,3,40,1730,23,3,17,1727,0.575,0.0017341040462427,0.8846153846153846,0.1153846153846153,7.566768204624003
tfnbs,"e=1.4,h=6.0,n=30,start_thres=1.25",hub,0.25,50,3,40,1730,23,3,17,1727,0.575,0.0017341040462427,0.8846153846153846,0.1153846153846153,7.566768204624003
tfnbs,"e=1.4,h=7.0,n=30,start_thres=1.25",hub,0.25,50,3,40,1730,23,3,17,1727,0.575,0.0017341040462427,0.8846153846153846,0.1153846153846153,7.566768204624003
tfnbs,"e=1.4,h=8.0,n=30,start_thres=1.25",hub,0.25,50,3,40,1730,23,3,17,1727,0.575,0.0017341040462427,0.8846153846153846,0.1153846153846153,7.566768204624003
tfnbs,"e=1.4,h=9.0,n=30,start_thres=1.25",hub,0.25,50,3,40,1730,23,3,17,1727,0.575,0.0017341040462427,0.8846153846153846,0.1153846153846153,7.566768204624003
tfnbs,"e=1.4,h=10.0,n=30,start_thres=1.25",hub,0.25,50,3,40,1730,20,2,20,1728,0.5,0.0011560693641618,0.9090909090909092,0.0909090909090909,7.566768204624003
tfnbs,"e=1.5,h=0.5,n=30,start_thres=1.25",hub,0.25,50,3,40,1730,0,0,40,1730,0.0,0.0,0.0,0.0,7.566768204624003
tfnbs,"e=1.5,h=1.0,n=30,start_thres=1.25",hub,0.25,50,3,40,1730,10,0,30,1730,0.25,0.0,1.0,0.0,7.566768204624003
tfnbs,"e=1.5,h=2.0,n=30,start_thres=1.25",hub,0.25,50,3,40,1730,20,2,20,1728,0.5,0.0011560693641618,0.9090909090909092,0.0909090909090909,7.566768204624003
tfnbs,"e=1.5,h=3.0,n=30,start_thres=1.25",hub,0.25,50,3,40,1730,23,3,17,1727,0.575,0.0017341040462427,0.8846153846153846,0.1153846153846153,7.566768204624003
tfnbs,"e=1.5,h=4.0,n=30,start_thres=1.25",hub,0.25,50,3,40,1730,23,3,17,1727,0.575,0.0017341040462427,0.8846153846153846,0.1153846153846153,7.566768204624003
tfnbs,"e=1.5,h=5.0,n=30,start_thres=1.25",hub,0.25,50,3,40,1730,25,3,15,1727,0.625,0.0017341040462427,0.8928571428571429,0.1071428571428571,7.566768204624003
tfnbs,"e=1.5,h=6.0,n=30,start_thres=1.25",hub,0.25,50,3,40,1730,25,3,15,1727,0.625,0.0017341040462427,0.8928571428571429,0.1071428571428571,7.566768204624003
tfnbs,"e=1.5,h=7.0,n=30,start_thres=1.25",hub,0.25,50,3,40,1730,23,3,17,1727,0.575,0.0017341040462427,0.8846153846153846,0.1153846153846153,7.566768204624003
tfnbs,"e=1.5,h=8.0,n=30,start_thres=1.25",hub,0.25,50,3,40,1730,23,3,17,1727,0.575,0.0017341040462427,0.8846153846153846,0.1153846153846153,7.566768204624003
tfnbs,"e=1.5,h=9.0,n=30,start_thres=1.25",hub,0.25,50,3,40,1730,23,3,17,1727,0.575,0.0017341040462427,0.8846153846153846,0.1153846153846153,7.566768204624003
tfnbs,"e=1.5,h=10.0,n=30,start_thres=1.25",hub,0.25,50,3,40,1730,23,3,17,1727,0.575,0.0017341040462427,0.8846153846153846,0.1153846153846153,7.566768204624003
nbs_extent,threshold=2.5,hub,0.25,50,21,40,1730,32,2,8,1728,0.8,0.0011560693641618,0.9411764705882352,0.0588235294117647,9.00477123260498
nbs_extent,threshold=2.5,hub,0.25,50,22,40,1730,25,3,15,1727,0.625,0.0017341040462427,0.8928571428571429,0.1071428571428571,7.797526597976685
nbs_extent,threshold=2.5,hub,0.25,50,23,40,1730,38,17,2,1713,0.95,0.0098265895953757,0.6909090909090909,0.3090909090909091,7.772058486938477
nbs_extent,threshold=2.5,hub,0.25,50,24,40,1730,35,2,5,1728,0.875,0.0011560693641618,0.945945945945946,0.054054054054054,8.503543615341187
nbs_extent,threshold=2.5,hub,0.25,50,25,40,1730,29,13,11,1717,0.725,0.007514450867052,0.6904761904761905,0.3095238095238095,8.556445121765137
nbs_extent,threshold=2.5,hub,0.25,50,26,40,1730,31,9,9,1721,0.775,0.0052023121387283,0.775,0.225,8.179380893707275
nbs_extent,threshold=2.5,hub,0.25,50,27,40,1730,35,22,5,1708,0.875,0.0127167630057803,0.6140350877192983,0.3859649122807017,7.767955780029297
nbs_extent,threshold=2.5,hub,0.25,50,28,40,1730,38,9,2,1721,0.95,0.0052023121387283,0.8085106382978723,0.1914893617021276,7.949806213378906
nbs_extent,threshold=2.5,hub,0.25,50,29,40,1730,33,6,7,1724,0.825,0.0034682080924855,0.8461538461538461,0.1538461538461538,8.295488834381104
nbs_extent,threshold=3.0,hub,0.25,50,0,40,1730,23,9,17,1721,0.575,0.0052023121387283,0.71875,0.28125,8.197079181671143
tfnbs,"e=0.05,h=0.5,n=30,start_thres=1.25",hub,0.25,50,0,40,1730,12,0,28,1730,0.3,0.0,1.0,0.0,7.695982735265385
tfnbs,"e=0.05,h=1.0,n=30,start_thres=1.25",hub,0.25,50,0,40,1730,12,0,28,1730,0.3,0.0,1.0,0.0,7.695982735265385
tfnbs,"e=0.05,h=2.0,n=30,start_thres=1.25",hub,0.25,50,0,40,1730,10,0,30,1730,0.25,0.0,1.0,0.0,7.695982735265385
tfnbs,"e=0.05,h=3.0,n=30,start_thres=1.25",hub,0.25,50,0,40,1730,10,0,30,1730,0.25,0.0,1.0,0.0,7.695982735265385
tfnbs,"e=0.05,h=4.0,n=30,start_thres=1.25",hub,0.25,50,0,40,1730,10,0,30,1730,0.25,0.0,1.0,0.0,7.695982735265385
tfnbs,"e=0.05,h=5.0,n=30,start_thres=1.25",hub,0.25,50,0,40,1730,10,0,30,1730,0.25,0.0,1.0,0.0,7.695982735265385
tfnbs,"e=0.05,h=6.0,n=30,start_thres=1.25",hub,0.25,50,0,40,1730,10,0,30,1730,0.25,0.0,1.0,0.0,7.695982735265385
tfnbs,"e=0.05,h=7.0,n=30,start_thres=1.25",hub,0.25,50,0,40,1730,8,0,32,1730,0.2,0.0,1.0,0.0,7.695982735265385
tfnbs,"e=0.05,h=8.0,n=30,start_thres=1.25",hub,0.25,50,0,40,1730,8,0,32,1730,0.2,0.0,1.0,0.0,7.695982735265385
tfnbs,"e=0.05,h=9.0,n=30,start_thres=1.25",hub,0.25,50,0,40,1730,8,0,32,1730,0.2,0.0,1.0,0.0,7.695982735265385
tfnbs,"e=0.05,h=10.0,n=30,start_thres=1.25",hub,0.25,50,0,40,1730,8,0,32,1730,0.2,0.0,1.0,0.0,7.695982735265385
tfnbs,"e=0.1,h=0.5,n=30,start_thres=1.25",hub,0.25,50,0,40,1730,15,0,25,1730,0.375,0.0,1.0,0.0,7.695982735265385
tfnbs,"e=0.1,h=1.0,n=30,start_thres=1.25",hub,0.25,50,0,40,1730,15,0,25,1730,0.375,0.0,1.0,0.0,7.695982735265385
tfnbs,"e=0.1,h=2.0,n=30,start_thres=1.25",hub,0.25,50,0,40,1730,12,0,28,1730,0.3,0.0,1.0,0.0,7.695982735265385
tfnbs,"e=0.1,h=3.0,n=30,start_thres=1.25",hub,0.25,50,0,40,1730,12,0,28,1730,0.3,0.0,1.0,0.0,7.695982735265385
tfnbs,"e=0.1,h=4.0,n=30,start_thres=1.25",hub,0.25,50,0,40,1730,12,0,28,1730,0.3,0.0,1.0,0.0,7.695982735265385
tfnbs,"e=0.1,h=5.0,n=30,start_thres=1.25",hub,0.25,50,0,40,1730,10,0,30,1730,0.25,0.0,1.0,0.0,7.695982735265385
tfnbs,"e=0.1,h=6.0,n=30,start_thres=1.25",hub,0.25,50,0,40,1730,10,0,30,1730,0.25,0.0,1.0,0.0,7.695982735265385
tfnbs,"e=0.1,h=7.0,n=30,start_thres=1.25",hub,0.25,50,0,40,1730,10,0,30,1730,0.25,0.0,1.0,0.0,7.695982735265385
tfnbs,"e=0.1,h=8.0,n=30,start_thres=1.25",hub,0.25,50,0,40,1730,10,0,30,1730,0.25,0.0,1.0,0.0,7.695982735265385
tfnbs,"e=0.1,h=9.0,n=30,start_thres=1.25",hub,0.25,50,0,40,1730,10,0,30,1730,0.25,0.0,1.0,0.0,7.695982735265385
tfnbs,"e=0.1,h=10.0,n=30,start_thres=1.25",hub,0.25,50,0,40,1730,10,0,30,1730,0.25,0.0,1.0,0.0,7.695982735265385
tfnbs,"e=0.2,h=0.5,n=30,start_thres=1.25",hub,0.25,50,0,40,1730,17,2,23,1728,0.425,0.0011560693641618,0.8947368421052632,0.1052631578947368,7.695982735265385
tfnbs,"e=0.2,h=1.0,n=30,start_thres=1.25",hub,0.25,50,0,40,1730,17,2,23,1728,0.425,0.0011560693641618,0.8947368421052632,0.1052631578947368,7.695982735265385
tfnbs,"e=0.2,h=2.0,n=30,start_thres=1.25",hub,0.25,50,0,40,1730,15,2,25,1728,0.375,0.0011560693641618,0.8823529411764706,0.1176470588235294,7.695982735265385
tfnbs,"e=0.2,h=3.0,n=30,start_thres=1.25",hub,0.25,50,0,40,1730,15,0,25,1730,0.375,0.0,1.0,0.0,7.695982735265385
tfnbs,"e=0.2,h=4.0,n=30,start_thres=1.25",hub,0.25,50,0,40,1730,15,0,25,1730,0.375,0.0,1.0,0.0,7.695982735265385
tfnbs,"e=0.2,h=5.0,n=30,start_thres=1.25",hub,0.25,50,0,40,1730,15,0,25,1730,0.375,0.0,1.0,0.0,7.695982735265385
tfnbs,"e=0.2,h=6.0,n=30,start_thres=1.25",hub,0.25,50,0,40,1730,12,0,28,1730,0.3,0.0,1.0,0.0,7.695982735265385
tfnbs,"e=0.2,h=7.0,n=30,start_thres=1.25",hub,0.25,50,0,40,1730,12,0,28,1730,0.3,0.0,1.0,0.0,7.695982735265385
tfnbs,"e=0.2,h=8.0,n=30,start_thres=1.25",hub,0.25,50,0,40,1730,12,0,28,1730,0.3,0.0,1.0,0.0,7.695982735265385
tfnbs,"e=0.2,h=9.0,n=30,start_thres=1.25",hub,0.25,50,0,40,1730,12,0,28,1730,0.3,0.0,1.0,0.0,7.695982735265385
tfnbs,"e=0.2,h=10.0,n=30,start_thres=1.25",hub,0.25,50,0,40,1730,10,0,30,1730,0.25,0.0,1.0,0.0,7.695982735265385
tfnbs,"e=0.3,h=0.5,n=30,start_thres=1.25",hub,0.25,50,0,40,1730,19,7,21,1723,0.475,0.0040462427745664,0.7307692307692307,0.2692307692307692,7.695982735265385
tfnbs,"e=0.3,h=1.0,n=30,start_thres=1.25",hub,0.25,50,0,40,1730,19,7,21,1723,0.475,0.0040462427745664,0.7307692307692307,0.2692307692307692,7.695982735265385
tfnbs,"e=0.3,h=2.0,n=30,start_thres=1.25",hub,0.25,50,0,40,1730,19,4,21,1726,0.475,0.0023121387283236,0.8260869565217391,0.1739130434782608,7.695982735265385
tfnbs,"e=0.3,h=3.0,n=30,start_thres=1.25",hub,0.25,50,0,40,1730,17,2,23,1728,0.425,0.0011560693641618,0.8947368421052632,0.1052631578947368,7.695982735265385
tfnbs,"e=0.3,h=4.0,n=30,start_thres=1.25",hub,0.25,50,0,40,1730,15,2,25,1728,0.375,0.0011560693641618,0.8823529411764706,0.1176470588235294,7.695982735265385
tfnbs,"e=0.3,h=5.0,n=30,start_thres=1.25",hub,0.25,50,0,40,1730,15,0,25,1730,0.375,0.0,1.0,0.0,7.695982735265385
tfnbs,"e=0.3,h=6.0,n=30,start_thres=1.25",hub,0.25,50,0,40,1730,15,0,25,1730,0.375,0.0,1.0,0.0,7.695982735265385
tfnbs,"e=0.3,h=7.0,n=30,start_thres=1.25",hub,0.25,50,0,40,1730,15,0,25,1730,0.375,0.0,1.0,0.0,7.695982735265385
tfnbs,"e=0.3,h=8.0,n=30,start_thres=1.25",hub,0.25,50,0,40,1730,15,0,25,1730,0.375,0.0,1.0,0.0,7.695982735265385
tfnbs,"e=0.3,h=9.0,n=30,start_thres=1.25",hub,0.25,50,0,40,1730,15,0,25,1730,0.375,0.0,1.0,0.0,7.695982735265385
tfnbs,"e=0.3,h=10.0,n=30,start_thres=1.25",hub,0.25,50,0,40,1730,12,0,28,1730,0.3,0.0,1.0,0.0,7.695982735265385
tfnbs,"e=0.4,h=0.5,n=30,start_thres=1.25",hub,0.25,50,0,40,1730,25,10,15,1720,0.625,0.0057803468208092,0.7142857142857143,0.2857142857142857,7.695982735265385
tfnbs,"e=0.4,h=1.0,n=30,start_thres=1.25",hub,0.25,50,0,40,1730,25,10,15,1720,0.625,0.0057803468208092,0.7142857142857143,0.2857142857142857,7.695982735265385
tfnbs,"e=0.4,h=2.0,n=30,start_thres=1.25",hub,0.25,50,0,40,1730,21,9,19,1721,0.525,0.0052023121387283,0.7,0.3,7.695982735265385
tfnbs,"e=0.4,h=3.0,n=30,start_thres=1.25",hub,0.25,50,0,40,1730,19,4,21,1726,0.475,0.0023121387283236,0.8260869565217391,0.1739130434782608,7.695982735265385
tfnbs,"e=0.4,h=4.0,n=30,start_thres=1.25",hub,0.25,50,0,40,1730,19,4,21,1726,0.475,0.0023121387283236,0.8260869565217391,0.1739130434782608,7.695982735265385
tfnbs,"e=0.4,h=5.0,n=30,start_thres=1.25",hub,0.25,50,0,40,1730,17,2,23,1728,0.425,0.0011560693641618,0.8947368421052632,0.1052631578947368,7.695982735265385
tfnbs,"e=0.4,h=6.0,n=30,start_thres=1.25",hub,0.25,50,0,40,1730,15,2,25,1728,0.375,0.0011560693641618,0.8823529411764706,0.1176470588235294,7.695982735265385
tfnbs,"e=0.4,h=7.0,n=30,start_thres=1.25",hub,0.25,50,0,40,1730,15,0,25,1730,0.375,0.0,1.0,0.0,7.695982735265385
tfnbs,"e=0.4,h=8.0,n=30,start_thres=1.25",hub,0.25,50,0,40,1730,15,0,25,1730,0.375,0.0,1.0,0.0,7.695982735265385
tfnbs,"e=0.4,h=9.0,n=30,start_thres=1.25",hub,0.25,50,0,40,1730,15,0,25,1730,0.375,0.0,1.0,0.0,7.695982735265385
tfnbs,"e=0.4,h=10.0,n=30,start_thres=1.25",hub,0.25,50,0,40,1730,15,0,25,1730,0.375,0.0,1.0,0.0,7.695982735265385
tfnbs,"e=0.5,h=0.5,n=30,start_thres=1.25",hub,0.25,50,0,40,1730,34,23,6,1707,0.85,0.0132947976878612,0.5964912280701754,0.4035087719298245,7.695982735265385
tfnbs,"e=0.5,h=1.0,n=30,start_thres=1.25",hub,0.25,50,0,40,1730,30,18,10,1712,0.75,0.0104046242774566,0.625,0.375,7.695982735265385
tfnbs,"e=0.5,h=2.0,n=30,start_thres=1.25",hub,0.25,50,0,40,1730,25,10,15,1720,0.625,0.0057803468208092,0.7142857142857143,0.2857142857142857,7.695982735265385
tfnbs,"e=0.5,h=3.0,n=30,start_thres=1.25",hub,0.25,50,0,40,1730,21,9,19,1721,0.525,0.0052023121387283,0.7,0.3,7.695982735265385
tfnbs,"e=0.5,h=4.0,n=30,start_thres=1.25",hub,0.25,50,0,40,1730,19,7,21,1723,0.475,0.0040462427745664,0.7307692307692307,0.2692307692307692,7.695982735265385
tfnbs,"e=0.5,h=5.0,n=30,start_thres=1.25",hub,0.25,50,0,40,1730,19,4,21,1726,0.475,0.0023121387283236,0.8260869565217391,0.1739130434782608,7.695982735265385
tfnbs,"e=0.5,h=6.0,n=30,start_thres=1.25",hub,0.25,50,0,40,1730,17,2,23,1728,0.425,0.0011560693641618,0.8947368421052632,0.1052631578947368,7.695982735265385
tfnbs,"e=0.5,h=7.0,n=30,start_thres=1.25",hub,0.25,50,0,40,1730,15,2,25,1728,0.375,0.0011560693641618,0.8823529411764706,0.1176470588235294,7.695982735265385
tfnbs,"e=0.5,h=8.0,n=30,start_thres=1.25",hub,0.25,50,0,40,1730,15,2,25,1728,0.375,0.0011560693641618,0.8823529411764706,0.1176470588235294,7.695982735265385
tfnbs,"e=0.5,h=9.0,n=30,start_thres=1.25",hub,0.25,50,0,40,1730,15,0,25,1730,0.375,0.0,1.0,0.0,7.695982735265385
tfnbs,"e=0.5,h=10.0,n=30,start_thres=1.25",hub,0.25,50,0,40,1730,15,0,25,1730,0.375,0.0,1.0,0.0,7.695982735265385
tfnbs,"e=0.6,h=0.5,n=30,start_thres=1.25",hub,0.25,50,0,40,1730,35,29,5,1701,0.875,0.0167630057803468,0.546875,0.453125,7.695982735265385
tfnbs,"e=0.6,h=1.0,n=30,start_thres=1.25",hub,0.25,50,0,40,1730,34,23,6,1707,0.85,0.0132947976878612,0.5964912280701754,0.4035087719298245,7.695982735265385
tfnbs,"e=0.6,h=2.0,n=30,start_thres=1.25",hub,0.25,50,0,40,1730,34,23,6,1707,0.85,0.0132947976878612,0.5964912280701754,0.4035087719298245,7.695982735265385
tfnbs,"e=0.6,h=3.0,n=30,start_thres=1.25",hub,0.25,50,0,40,1730,30,18,10,1712,0.75,0.0104046242774566,0.625,0.375,7.695982735265385
tfnbs,"e=0.6,h=4.0,n=30,start_thres=1.25",hub,0.25,50,0,40,1730,25,10,15,1720,0.625,0.0057803468208092,0.7142857142857143,0.2857142857142857,7.695982735265385
tfnbs,"e=0.6,h=5.0,n=30,start_thres=1.25",hub,0.25,50,0,40,1730,19,7,21,1723,0.475,0.0040462427745664,0.7307692307692307,0.2692307692307692,7.695982735265385
tfnbs,"e=0.6,h=6.0,n=30,start_thres=1.25",hub,0.25,50,0,40,1730,19,7,21,1723,0.475,0.0040462427745664,0.7307692307692307,0.2692307692307692,7.695982735265385
tfnbs,"e=0.6,h=7.0,n=30,start_thres=1.25",hub,0.25,50,0,40,1730,19,4,21,1726,0.475,0.0023121387283236,0.8260869565217391,0.1739130434782608,7.695982735265385
tfnbs,"e=0.6,h=8.0,n=30,start_thres=1.25",hub,0.25,50,0,40,1730,17,2,23,1728,0.425,0.0011560693641618,0.8947368421052632,0.1052631578947368,7.695982735265385
tfnbs,"e=0.6,h=9.0,n=30,start_thres=1.25",hub,0.25,50,0,40,1730,15,2,25,1728,0.375,0.0011560693641618,0.8823529411764706,0.1176470588235294,7.695982735265385
tfnbs,"e=0.6,h=10.0,n=30,start_thres=1.25",hub,0.25,50,0,40,1730,15,2,25,1728,0.375,0.0011560693641618,0.8823529411764706,0.1176470588235294,7.695982735265385
tfnbs,"e=0.7,h=0.5,n=30,start_thres=1.25",hub,0.25,50,0,40,1730,36,35,4,1695,0.9,0.0202312138728323,0.5070422535211268,0.4929577464788732,7.695982735265385
tfnbs,"e=0.7,h=1.0,n=30,start_thres=1.25",hub,0.25,50,0,40,1730,35,29,5,1701,0.875,0.0167630057803468,0.546875,0.453125,7.695982735265385
tfnbs,"e=0.7,h=2.0,n=30,start_thres=1.25",hub,0.25,50,0,40,1730,35,29,5,1701,0.875,0.0167630057803468,0.546875,0.453125,7.695982735265385
tfnbs,"e=0.7,h=3.0,n=30,start_thres=1.25",hub,0.25,50,0,40,1730,34,23,6,1707,0.85,0.0132947976878612,0.5964912280701754,0.4035087719298245,7.695982735265385
tfnbs,"e=0.7,h=4.0,n=30,start_thres=1.25",hub,0.25,50,0,40,1730,30,18,10,1712,0.75,0.0104046242774566,0.625,0.375,7.695982735265385
tfnbs,"e=0.7,h=5.0,n=30,start_thres=1.25",hub,0.25,50,0,40,1730,25,10,15,1720,0.625,0.0057803468208092,0.7142857142857143,0.2857142857142857,7.695982735265385
tfnbs,"e=0.7,h=6.0,n=30,start_thres=1.25",hub,0.25,50,0,40,1730,21,9,19,1721,0.525,0.0052023121387283,0.7,0.3,7.695982735265385
tfnbs,"e=0.7,h=7.0,n=30,start_thres=1.25",hub,0.25,50,0,40,1730,19,7,21,1723,0.475,0.0040462427745664,0.7307692307692307,0.2692307692307692,7.695982735265385
tfnbs,"e=0.7,h=8.0,n=30,start_thres=1.25",hub,0.25,50,0,40,1730,19,4,21,1726,0.475,0.0023121387283236,0.8260869565217391,0.1739130434782608,7.695982735265385
tfnbs,"e=0.7,h=9.0,n=30,start_thres=1.25",hub,0.25,50,0,40,1730,17,2,23,1728,0.425,0.0011560693641618,0.8947368421052632,0.1052631578947368,7.695982735265385
tfnbs,"e=0.7,h=10.0,n=30,start_thres=1.25",hub,0.25,50,0,40,1730,15,2,25,1728,0.375,0.0011560693641618,0.8823529411764706,0.1176470588235294,7.695982735265385
tfnbs,"e=0.8,h=0.5,n=30,start_thres=1.25",hub,0.25,50,0,40,1730,36,35,4,1695,0.9,0.0202312138728323,0.5070422535211268,0.4929577464788732,7.695982735265385
tfnbs,"e=0.8,h=1.0,n=30,start_thres=1.25",hub,0.25,50,0,40,1730,36,35,4,1695,0.9,0.0202312138728323,0.5070422535211268,0.4929577464788732,7.695982735265385
tfnbs,"e=0.8,h=2.0,n=30,start_thres=1.25",hub,0.25,50,0,40,1730,35,29,5,1701,0.875,0.0167630057803468,0.546875,0.453125,7.695982735265385
tfnbs,"e=0.8,h=3.0,n=30,start_thres=1.25",hub,0.25,50,0,40,1730,35,29,5,1701,0.875,0.0167630057803468,0.546875,0.453125,7.695982735265385
tfnbs,"e=0.8,h=4.0,n=30,start_thres=1.25",hub,0.25,50,0,40,1730,34,23,6,1707,0.85,0.0132947976878612,0.5964912280701754,0.4035087719298245,7.695982735265385
tfnbs,"e=0.8,h=5.0,n=30,start_thres=1.25",hub,0.25,50,0,40,1730,30,18,10,1712,0.75,0.0104046242774566,0.625,0.375,7.695982735265385
tfnbs,"e=0.8,h=6.0,n=30,start_thres=1.25",hub,0.25,50,0,40,1730,25,10,15,1720,0.625,0.0057803468208092,0.7142857142857143,0.2857142857142857,7.695982735265385
tfnbs,"e=0.8,h=7.0,n=30,start_thres=1.25",hub,0.25,50,0,40,1730,21,9,19,1721,0.525,0.0052023121387283,0.7,0.3,7.695982735265385
tfnbs,"e=0.8,h=8.0,n=30,start_thres=1.25",hub,0.25,50,0,40,1730,19,7,21,1723,0.475,0.0040462427745664,0.7307692307692307,0.2692307692307692,7.695982735265385
tfnbs,"e=0.8,h=9.0,n=30,start_thres=1.25",hub,0.25,50,0,40,1730,19,4,21,1726,0.475,0.0023121387283236,0.8260869565217391,0.1739130434782608,7.695982735265385
tfnbs,"e=0.8,h=10.0,n=30,start_thres=1.25",hub,0.25,50,0,40,1730,17,2,23,1728,0.425,0.0011560693641618,0.8947368421052632,0.1052631578947368,7.695982735265385
tfnbs,"e=0.9,h=0.5,n=30,start_thres=1.25",hub,0.25,50,0,40,1730,38,51,2,1679,0.95,0.0294797687861271,0.4269662921348314,0.5730337078651685,7.695982735265385
tfnbs,"e=0.9,h=1.0,n=30,start_thres=1.25",hub,0.25,50,0,40,1730,36,36,4,1694,0.9,0.0208092485549132,0.5,0.5,7.695982735265385
tfnbs,"e=0.9,h=2.0,n=30,start_thres=1.25",hub,0.25,50,0,40,1730,36,35,4,1695,0.9,0.0202312138728323,0.5070422535211268,0.4929577464788732,7.695982735265385
tfnbs,"e=0.9,h=3.0,n=30,start_thres=1.25",hub,0.25,50,0,40,1730,36,35,4,1695,0.9,0.0202312138728323,0.5070422535211268,0.4929577464788732,7.695982735265385
tfnbs,"e=0.9,h=4.0,n=30,start_thres=1.25",hub,0.25,50,0,40,1730,35,29,5,1701,0.875,0.0167630057803468,0.546875,0.453125,7.695982735265385
tfnbs,"e=0.9,h=5.0,n=30,start_thres=1.25",hub,0.25,50,0,40,1730,34,23,6,1707,0.85,0.0132947976878612,0.5964912280701754,0.4035087719298245,7.695982735265385
tfnbs,"e=0.9,h=6.0,n=30,start_thres=1.25",hub,0.25,50,0,40,1730,30,18,10,1712,0.75,0.0104046242774566,0.625,0.375,7.695982735265385
tfnbs,"e=0.9,h=7.0,n=30,start_thres=1.25",hub,0.25,50,0,40,1730,25,10,15,1720,0.625,0.0057803468208092,0.7142857142857143,0.2857142857142857,7.695982735265385
tfnbs,"e=0.9,h=8.0,n=30,start_thres=1.25",hub,0.25,50,0,40,1730,21,9,19,1721,0.525,0.0052023121387283,0.7,0.3,7.695982735265385
tfnbs,"e=0.9,h=9.0,n=30,start_thres=1.25",hub,0.25,50,0,40,1730,19,7,21,1723,0.475,0.0040462427745664,0.7307692307692307,0.2692307692307692,7.695982735265385
tfnbs,"e=0.9,h=10.0,n=30,start_thres=1.25",hub,0.25,50,0,40,1730,19,4,21,1726,0.475,0.0023121387283236,0.8260869565217391,0.1739130434782608,7.695982735265385
tfnbs,"e=1.0,h=0.5,n=30,start_thres=1.25",hub,0.25,50,0,40,1730,38,51,2,1679,0.95,0.0294797687861271,0.4269662921348314,0.5730337078651685,7.695982735265385
tfnbs,"e=1.0,h=1.0,n=30,start_thres=1.25",hub,0.25,50,0,40,1730,38,51,2,1679,0.95,0.0294797687861271,0.4269662921348314,0.5730337078651685,7.695982735265385
tfnbs,"e=1.0,h=2.0,n=30,start_thres=1.25",hub,0.25,50,0,40,1730,38,51,2,1679,0.95,0.0294797687861271,0.4269662921348314,0.5730337078651685,7.695982735265385
tfnbs,"e=1.0,h=3.0,n=30,start_thres=1.25",hub,0.25,50,0,40,1730,36,35,4,1695,0.9,0.0202312138728323,0.5070422535211268,0.4929577464788732,7.695982735265385
tfnbs,"e=1.0,h=4.0,n=30,start_thres=1.25",hub,0.25,50,0,40,1730,36,35,4,1695,0.9,0.0202312138728323,0.5070422535211268,0.4929577464788732,7.695982735265385
tfnbs,"e=1.0,h=5.0,n=30,start_thres=1.25",hub,0.25,50,0,40,1730,35,29,5,1701,0.875,0.0167630057803468,0.546875,0.453125,7.695982735265385
tfnbs,"e=1.0,h=6.0,n=30,start_thres=1.25",hub,0.25,50,0,40,1730,34,23,6,1707,0.85,0.0132947976878612,0.5964912280701754,0.4035087719298245,7.695982735265385
tfnbs,"e=1.0,h=7.0,n=30,start_thres=1.25",hub,0.25,50,0,40,1730,30,18,10,1712,0.75,0.0104046242774566,0.625,0.375,7.695982735265385
tfnbs,"e=1.0,h=8.0,n=30,start_thres=1.25",hub,0.25,50,0,40,1730,25,10,15,1720,0.625,0.0057803468208092,0.7142857142857143,0.2857142857142857,7.695982735265385
tfnbs,"e=1.0,h=9.0,n=30,start_thres=1.25",hub,0.25,50,0,40,1730,21,9,19,1721,0.525,0.0052023121387283,0.7,0.3,7.695982735265385
tfnbs,"e=1.0,h=10.0,n=30,start_thres=1.25",hub,0.25,50,0,40,1730,19,7,21,1723,0.475,0.0040462427745664,0.7307692307692307,0.2692307692307692,7.695982735265385
tfnbs,"e=1.1,h=0.5,n=30,start_thres=1.25",hub,0.25,50,0,40,1730,38,51,2,1679,0.95,0.0294797687861271,0.4269662921348314,0.5730337078651685,7.695982735265385
tfnbs,"e=1.1,h=1.0,n=30,start_thres=1.25",hub,0.25,50,0,40,1730,38,51,2,1679,0.95,0.0294797687861271,0.4269662921348314,0.5730337078651685,7.695982735265385
tfnbs,"e=1.1,h=2.0,n=30,start_thres=1.25",hub,0.25,50,0,40,1730,38,51,2,1679,0.95,0.0294797687861271,0.4269662921348314,0.5730337078651685,7.695982735265385
tfnbs,"e=1.1,h=3.0,n=30,start_thres=1.25",hub,0.25,50,0,40,1730,38,51,2,1679,0.95,0.0294797687861271,0.4269662921348314,0.5730337078651685,7.695982735265385
tfnbs,"e=1.1,h=4.0,n=30,start_thres=1.25",hub,0.25,50,0,40,1730,36,35,4,1695,0.9,0.0202312138728323,0.5070422535211268,0.4929577464788732,7.695982735265385
tfnbs,"e=1.1,h=5.0,n=30,start_thres=1.25",hub,0.25,50,0,40,1730,36,35,4,1695,0.9,0.0202312138728323,0.5070422535211268,0.4929577464788732,7.695982735265385
tfnbs,"e=1.1,h=6.0,n=30,start_thres=1.25",hub,0.25,50,0,40,1730,35,29,5,1701,0.875,0.0167630057803468,0.546875,0.453125,7.695982735265385
tfnbs,"e=1.1,h=7.0,n=30,start_thres=1.25",hub,0.25,50,0,40,1730,34,23,6,1707,0.85,0.0132947976878612,0.5964912280701754,0.4035087719298245,7.695982735265385
tfnbs,"e=1.1,h=8.0,n=30,start_thres=1.25",hub,0.25,50,0,40,1730,30,18,10,1712,0.75,0.0104046242774566,0.625,0.375,7.695982735265385
tfnbs,"e=1.1,h=9.0,n=30,start_thres=1.25",hub,0.25,50,0,40,1730,25,10,15,1720,0.625,0.0057803468208092,0.7142857142857143,0.2857142857142857,7.695982735265385
tfnbs,"e=1.1,h=10.0,n=30,start_thres=1.25",hub,0.25,50,0,40,1730,21,9,19,1721,0.525,0.0052023121387283,0.7,0.3,7.695982735265385
tfnbs,"e=1.2,h=0.5,n=30,start_thres=1.25",hub,0.25,50,0,40,1730,38,72,2,1658,0.95,0.0416184971098265,0.3454545454545454,0.6545454545454545,7.695982735265385
tfnbs,"e=1.2,h=1.0,n=30,start_thres=1.25",hub,0.25,50,0,40,1730,38,72,2,1658,0.95,0.0416184971098265,0.3454545454545454,0.6545454545454545,7.695982735265385
tfnbs,"e=1.2,h=2.0,n=30,start_thres=1.25",hub,0.25,50,0,40,1730,38,51,2,1679,0.95,0.0294797687861271,0.4269662921348314,0.5730337078651685,7.695982735265385
tfnbs,"e=1.2,h=3.0,n=30,start_thres=1.25",hub,0.25,50,0,40,1730,38,51,2,1679,0.95,0.0294797687861271,0.4269662921348314,0.5730337078651685,7.695982735265385
tfnbs,"e=1.2,h=4.0,n=30,start_thres=1.25",hub,0.25,50,0,40,1730,38,51,2,1679,0.95,0.0294797687861271,0.4269662921348314,0.5730337078651685,7.695982735265385
tfnbs,"e=1.2,h=5.0,n=30,start_thres=1.25",hub,0.25,50,0,40,1730,36,35,4,1695,0.9,0.0202312138728323,0.5070422535211268,0.4929577464788732,7.695982735265385
tfnbs,"e=1.2,h=6.0,n=30,start_thres=1.25",hub,0.25,50,0,40,1730,36,35,4,1695,0.9,0.0202312138728323,0.5070422535211268,0.4929577464788732,7.695982735265385
tfnbs,"e=1.2,h=7.0,n=30,start_thres=1.25",hub,0.25,50,0,40,1730,35,29,5,1701,0.875,0.0167630057803468,0.546875,0.453125,7.695982735265385
tfnbs,"e=1.2,h=8.0,n=30,start_thres=1.25",hub,0.25,50,0,40,1730,34,23,6,1707,0.85,0.0132947976878612,0.5964912280701754,0.4035087719298245,7.695982735265385
tfnbs,"e=1.2,h=9.0,n=30,start_thres=1.25",hub,0.25,50,0,40,1730,30,18,10,1712,0.75,0.0104046242774566,0.625,0.375,7.695982735265385
tfnbs,"e=1.2,h=10.0,n=30,start_thres=1.25",hub,0.25,50,0,40,1730,25,10,15,1720,0.625,0.0057803468208092,0.7142857142857143,0.2857142857142857,7.695982735265385
tfnbs,"e=1.3,h=0.5,n=30,start_thres=1.25",hub,0.25,50,0,40,1730,38,72,2,1658,0.95,0.0416184971098265,0.3454545454545454,0.6545454545454545,7.695982735265385
tfnbs,"e=1.3,h=1.0,n=30,start_thres=1.25",hub,0.25,50,0,40,1730,38,72,2,1658,0.95,0.0416184971098265,0.3454545454545454,0.6545454545454545,7.695982735265385
tfnbs,"e=1.3,h=2.0,n=30,start_thres=1.25",hub,0.25,50,0,40,1730,38,72,2,1658,0.95,0.0416184971098265,0.3454545454545454,0.6545454545454545,7.695982735265385
tfnbs,"e=1.3,h=3.0,n=30,start_thres=1.25",hub,0.25,50,0,40,1730,38,51,2,1679,0.95,0.0294797687861271,0.4269662921348314,0.5730337078651685,7.695982735265385
tfnbs,"e=1.3,h=4.0,n=30,start_thres=1.25",hub,0.25,50,0,40,1730,38,51,2,1679,0.95,0.0294797687861271,0.4269662921348314,0.5730337078651685,7.695982735265385
tfnbs,"e=1.3,h=5.0,n=30,start_thres=1.25",hub,0.25,50,0,40,1730,38,51,2,1679,0.95,0.0294797687861271,0.4269662921348314,0.5730337078651685,7.695982735265385
tfnbs,"e=1.3,h=6.0,n=30,start_thres=1.25",hub,0.25,50,0,40,1730,36,35,4,1695,0.9,0.0202312138728323,0.5070422535211268,0.4929577464788732,7.695982735265385
tfnbs,"e=1.3,h=7.0,n=30,start_thres=1.25",hub,0.25,50,0,40,1730,36,35,4,1695,0.9,0.0202312138728323,0.5070422535211268,0.4929577464788732,7.695982735265385
tfnbs,"e=1.3,h=8.0,n=30,start_thres=1.25",hub,0.25,50,0,40,1730,35,29,5,1701,0.875,0.0167630057803468,0.546875,0.453125,7.695982735265385
tfnbs,"e=1.3,h=9.0,n=30,start_thres=1.25",hub,0.25,50,0,40,1730,34,23,6,1707,0.85,0.0132947976878612,0.5964912280701754,0.4035087719298245,7.695982735265385
tfnbs,"e=1.3,h=10.0,n=30,start_thres=1.25",hub,0.25,50,0,40,1730,30,18,10,1712,0.75,0.0104046242774566,0.625,0.375,7.695982735265385
tfnbs,"e=1.4,h=0.5,n=30,start_thres=1.25",hub,0.25,50,0,40,1730,38,72,2,1658,0.95,0.0416184971098265,0.3454545454545454,0.6545454545454545,7.695982735265385
tfnbs,"e=1.4,h=1.0,n=30,start_thres=1.25",hub,0.25,50,0,40,1730,38,72,2,1658,0.95,0.0416184971098265,0.3454545454545454,0.6545454545454545,7.695982735265385
tfnbs,"e=1.4,h=2.0,n=30,start_thres=1.25",hub,0.25,50,0,40,1730,38,72,2,1658,0.95,0.0416184971098265,0.3454545454545454,0.6545454545454545,7.695982735265385
tfnbs,"e=1.4,h=3.0,n=30,start_thres=1.25",hub,0.25,50,0,40,1730,38,72,2,1658,0.95,0.0416184971098265,0.3454545454545454,0.6545454545454545,7.695982735265385
tfnbs,"e=1.4,h=4.0,n=30,start_thres=1.25",hub,0.25,50,0,40,1730,38,51,2,1679,0.95,0.0294797687861271,0.4269662921348314,0.5730337078651685,7.695982735265385
tfnbs,"e=1.4,h=5.0,n=30,start_thres=1.25",hub,0.25,50,0,40,1730,38,51,2,1679,0.95,0.0294797687861271,0.4269662921348314,0.5730337078651685,7.695982735265385
tfnbs,"e=1.4,h=6.0,n=30,start_thres=1.25",hub,0.25,50,0,40,1730,38,51,2,1679,0.95,0.0294797687861271,0.4269662921348314,0.5730337078651685,7.695982735265385
tfnbs,"e=1.4,h=7.0,n=30,start_thres=1.25",hub,0.25,50,0,40,1730,36,35,4,1695,0.9,0.0202312138728323,0.5070422535211268,0.4929577464788732,7.695982735265385
tfnbs,"e=1.4,h=8.0,n=30,start_thres=1.25",hub,0.25,50,0,40,1730,35,29,5,1701,0.875,0.0167630057803468,0.546875,0.453125,7.695982735265385
tfnbs,"e=1.4,h=9.0,n=30,start_thres=1.25",hub,0.25,50,0,40,1730,35,29,5,1701,0.875,0.0167630057803468,0.546875,0.453125,7.695982735265385
tfnbs,"e=1.4,h=10.0,n=30,start_thres=1.25",hub,0.25,50,0,40,1730,34,23,6,1707,0.85,0.0132947976878612,0.5964912280701754,0.4035087719298245,7.695982735265385
tfnbs,"e=1.5,h=0.5,n=30,start_thres=1.25",hub,0.25,50,0,40,1730,38,72,2,1658,0.95,0.0416184971098265,0.3454545454545454,0.6545454545454545,7.695982735265385
tfnbs,"e=1.5,h=1.0,n=30,start_thres=1.25",hub,0.25,50,0,40,1730,38,72,2,1658,0.95,0.0416184971098265,0.3454545454545454,0.6545454545454545,7.695982735265385
tfnbs,"e=1.5,h=2.0,n=30,start_thres=1.25",hub,0.25,50,0,40,1730,38,72,2,1658,0.95,0.0416184971098265,0.3454545454545454,0.6545454545454545,7.695982735265385
tfnbs,"e=1.5,h=3.0,n=30,start_thres=1.25",hub,0.25,50,0,40,1730,38,72,2,1658,0.95,0.0416184971098265,0.3454545454545454,0.6545454545454545,7.695982735265385
tfnbs,"e=1.5,h=4.0,n=30,start_thres=1.25",hub,0.25,50,0,40,1730,38,72,2,1658,0.95,0.0416184971098265,0.3454545454545454,0.6545454545454545,7.695982735265385
tfnbs,"e=1.5,h=5.0,n=30,start_thres=1.25",hub,0.25,50,0,40,1730,38,51,2,1679,0.95,0.0294797687861271,0.4269662921348314,0.5730337078651685,7.695982735265385
tfnbs,"e=1.5,h=6.0,n=30,start_thres=1.25",hub,0.25,50,0,40,1730,38,51,2,1679,0.95,0.0294797687861271,0.4269662921348314,0.5730337078651685,7.695982735265385
tfnbs,"e=1.5,h=7.0,n=30,start_thres=1.25",hub,0.25,50,0,40,1730,38,51,2,1679,0.95,0.0294797687861271,0.4269662921348314,0.5730337078651685,7.695982735265385
tfnbs,"e=1.5,h=8.0,n=30,start_thres=1.25",hub,0.25,50,0,40,1730,36,35,4,1695,0.9,0.0202312138728323,0.5070422535211268,0.4929577464788732,7.695982735265385
tfnbs,"e=1.5,h=9.0,n=30,start_thres=1.25",hub,0.25,50,0,40,1730,35,29,5,1701,0.875,0.0167630057803468,0.546875,0.453125,7.695982735265385
tfnbs,"e=1.5,h=10.0,n=30,start_thres=1.25",hub,0.25,50,0,40,1730,35,29,5,1701,0.875,0.0167630057803468,0.546875,0.453125,7.695982735265385
nbs_extent,threshold=3.0,hub,0.25,50,1,40,1730,29,4,11,1726,0.725,0.0023121387283236,0.8787878787878788,0.1212121212121212,7.968430757522583
nbs_extent,threshold=3.0,hub,0.25,50,2,40,1730,27,0,13,1730,0.675,0.0,1.0,0.0,7.054258823394775
nbs_extent,threshold=3.0,hub,0.25,50,3,40,1730,20,2,20,1728,0.5,0.0011560693641618,0.9090909090909092,0.0909090909090909,7.798624277114868
nbs_extent,threshold=3.0,hub,0.25,50,4,40,1730,21,1,19,1729,0.525,0.0005780346820809,0.9545454545454546,0.0454545454545454,8.080878734588623
nbs_extent,threshold=3.0,hub,0.25,50,5,40,1730,35,5,5,1725,0.875,0.0028901734104046,0.875,0.125,8.097066879272461
nbs_extent,threshold=3.0,hub,0.25,50,6,40,1730,26,1,14,1729,0.65,0.0005780346820809,0.9629629629629628,0.037037037037037,7.782420635223389
nbs_extent,threshold=3.0,hub,0.25,50,7,40,1730,28,1,12,1729,0.7,0.0005780346820809,0.9655172413793104,0.0344827586206896,8.395741701126099
nbs_extent,threshold=3.0,hub,0.25,50,8,40,1730,26,1,14,1729,0.65,0.0005780346820809,0.9629629629629628,0.037037037037037,9.026464223861694
nbs_extent,threshold=3.0,hub,0.25,50,9,40,1730,24,2,16,1728,0.6,0.0011560693641618,0.9230769230769232,0.0769230769230769,7.721024036407471
tfnbs,"e=0.05,h=0.5,n=30,start_thres=1.25",hub,0.25,50,4,40,1730,14,0,26,1730,0.35,0.0,1.0,0.0,7.497039691968397
tfnbs,"e=0.05,h=1.0,n=30,start_thres=1.25",hub,0.25,50,4,40,1730,13,0,27,1730,0.325,0.0,1.0,0.0,7.497039691968397
tfnbs,"e=0.05,h=2.0,n=30,start_thres=1.25",hub,0.25,50,4,40,1730,13,0,27,1730,0.325,0.0,1.0,0.0,7.497039691968397
tfnbs,"e=0.05,h=3.0,n=30,start_thres=1.25",hub,0.25,50,4,40,1730,13,0,27,1730,0.325,0.0,1.0,0.0,7.497039691968397
tfnbs,"e=0.05,h=4.0,n=30,start_thres=1.25",hub,0.25,50,4,40,1730,13,0,27,1730,0.325,0.0,1.0,0.0,7.497039691968397
tfnbs,"e=0.05,h=5.0,n=30,start_thres=1.25",hub,0.25,50,4,40,1730,13,0,27,1730,0.325,0.0,1.0,0.0,7.497039691968397
tfnbs,"e=0.05,h=6.0,n=30,start_thres=1.25",hub,0.25,50,4,40,1730,13,0,27,1730,0.325,0.0,1.0,0.0,7.497039691968397
tfnbs,"e=0.05,h=7.0,n=30,start_thres=1.25",hub,0.25,50,4,40,1730,13,0,27,1730,0.325,0.0,1.0,0.0,7.497039691968397
tfnbs,"e=0.05,h=8.0,n=30,start_thres=1.25",hub,0.25,50,4,40,1730,13,0,27,1730,0.325,0.0,1.0,0.0,7.497039691968397
tfnbs,"e=0.05,h=9.0,n=30,start_thres=1.25",hub,0.25,50,4,40,1730,10,0,30,1730,0.25,0.0,1.0,0.0,7.497039691968397
tfnbs,"e=0.05,h=10.0,n=30,start_thres=1.25",hub,0.25,50,4,40,1730,10,0,30,1730,0.25,0.0,1.0,0.0,7.497039691968397
tfnbs,"e=0.1,h=0.5,n=30,start_thres=1.25",hub,0.25,50,4,40,1730,16,0,24,1730,0.4,0.0,1.0,0.0,7.497039691968397
tfnbs,"e=0.1,h=1.0,n=30,start_thres=1.25",hub,0.25,50,4,40,1730,16,0,24,1730,0.4,0.0,1.0,0.0,7.497039691968397
tfnbs,"e=0.1,h=2.0,n=30,start_thres=1.25",hub,0.25,50,4,40,1730,14,0,26,1730,0.35,0.0,1.0,0.0,7.497039691968397
tfnbs,"e=0.1,h=3.0,n=30,start_thres=1.25",hub,0.25,50,4,40,1730,14,0,26,1730,0.35,0.0,1.0,0.0,7.497039691968397
tfnbs,"e=0.1,h=4.0,n=30,start_thres=1.25",hub,0.25,50,4,40,1730,14,0,26,1730,0.35,0.0,1.0,0.0,7.497039691968397
tfnbs,"e=0.1,h=5.0,n=30,start_thres=1.25",hub,0.25,50,4,40,1730,13,0,27,1730,0.325,0.0,1.0,0.0,7.497039691968397
tfnbs,"e=0.1,h=6.0,n=30,start_thres=1.25",hub,0.25,50,4,40,1730,13,0,27,1730,0.325,0.0,1.0,0.0,7.497039691968397
tfnbs,"e=0.1,h=7.0,n=30,start_thres=1.25",hub,0.25,50,4,40,1730,13,0,27,1730,0.325,0.0,1.0,0.0,7.497039691968397
tfnbs,"e=0.1,h=8.0,n=30,start_thres=1.25",hub,0.25,50,4,40,1730,13,0,27,1730,0.325,0.0,1.0,0.0,7.497039691968397
tfnbs,"e=0.1,h=9.0,n=30,start_thres=1.25",hub,0.25,50,4,40,1730,13,0,27,1730,0.325,0.0,1.0,0.0,7.497039691968397
tfnbs,"e=0.1,h=10.0,n=30,start_thres=1.25",hub,0.25,50,4,40,1730,13,0,27,1730,0.325,0.0,1.0,0.0,7.497039691968397
tfnbs,"e=0.2,h=0.5,n=30,start_thres=1.25",hub,0.25,50,4,40,1730,19,0,21,1730,0.475,0.0,1.0,0.0,7.497039691968397
tfnbs,"e=0.2,h=1.0,n=30,start_thres=1.25",hub,0.25,50,4,40,1730,19,0,21,1730,0.475,0.0,1.0,0.0,7.497039691968397
tfnbs,"e=0.2,h=2.0,n=30,start_thres=1.25",hub,0.25,50,4,40,1730,18,0,22,1730,0.45,0.0,1.0,0.0,7.497039691968397
tfnbs,"e=0.2,h=3.0,n=30,start_thres=1.25",hub,0.25,50,4,40,1730,18,0,22,1730,0.45,0.0,1.0,0.0,7.497039691968397
tfnbs,"e=0.2,h=4.0,n=30,start_thres=1.25",hub,0.25,50,4,40,1730,16,0,24,1730,0.4,0.0,1.0,0.0,7.497039691968397
tfnbs,"e=0.2,h=5.0,n=30,start_thres=1.25",hub,0.25,50,4,40,1730,16,0,24,1730,0.4,0.0,1.0,0.0,7.497039691968397
tfnbs,"e=0.2,h=6.0,n=30,start_thres=1.25",hub,0.25,50,4,40,1730,16,0,24,1730,0.4,0.0,1.0,0.0,7.497039691968397
tfnbs,"e=0.2,h=7.0,n=30,start_thres=1.25",hub,0.25,50,4,40,1730,14,0,26,1730,0.35,0.0,1.0,0.0,7.497039691968397
tfnbs,"e=0.2,h=8.0,n=30,start_thres=1.25",hub,0.25,50,4,40,1730,14,0,26,1730,0.35,0.0,1.0,0.0,7.497039691968397
tfnbs,"e=0.2,h=9.0,n=30,start_thres=1.25",hub,0.25,50,4,40,1730,14,0,26,1730,0.35,0.0,1.0,0.0,7.497039691968397
tfnbs,"e=0.2,h=10.0,n=30,start_thres=1.25",hub,0.25,50,4,40,1730,14,0,26,1730,0.35,0.0,1.0,0.0,7.497039691968397
tfnbs,"e=0.3,h=0.5,n=30,start_thres=1.25",hub,0.25,50,4,40,1730,20,0,20,1730,0.5,0.0,1.0,0.0,7.497039691968397
tfnbs,"e=0.3,h=1.0,n=30,start_thres=1.25",hub,0.25,50,4,40,1730,20,0,20,1730,0.5,0.0,1.0,0.0,7.497039691968397
tfnbs,"e=0.3,h=2.0,n=30,start_thres=1.25",hub,0.25,50,4,40,1730,20,0,20,1730,0.5,0.0,1.0,0.0,7.497039691968397
tfnbs,"e=0.3,h=3.0,n=30,start_thres=1.25",hub,0.25,50,4,40,1730,20,0,20,1730,0.5,0.0,1.0,0.0,7.497039691968397
tfnbs,"e=0.3,h=4.0,n=30,start_thres=1.25",hub,0.25,50,4,40,1730,19,0,21,1730,0.475,0.0,1.0,0.0,7.497039691968397
tfnbs,"e=0.3,h=5.0,n=30,start_thres=1.25",hub,0.25,50,4,40,1730,18,0,22,1730,0.45,0.0,1.0,0.0,7.497039691968397
tfnbs,"e=0.3,h=6.0,n=30,start_thres=1.25",hub,0.25,50,4,40,1730,18,0,22,1730,0.45,0.0,1.0,0.0,7.497039691968397
tfnbs,"e=0.3,h=7.0,n=30,start_thres=1.25",hub,0.25,50,4,40,1730,16,0,24,1730,0.4,0.0,1.0,0.0,7.497039691968397
tfnbs,"e=0.3,h=8.0,n=30,start_thres=1.25",hub,0.25,50,4,40,1730,16,0,24,1730,0.4,0.0,1.0,0.0,7.497039691968397
tfnbs,"e=0.3,h=9.0,n=30,start_thres=1.25",hub,0.25,50,4,40,1730,16,0,24,1730,0.4,0.0,1.0,0.0,7.497039691968397
tfnbs,"e=0.3,h=10.0,n=30,start_thres=1.25",hub,0.25,50,4,40,1730,16,0,24,1730,0.4,0.0,1.0,0.0,7.497039691968397
tfnbs,"e=0.4,h=0.5,n=30,start_thres=1.25",hub,0.25,50,4,40,1730,20,0,20,1730,0.5,0.0,1.0,0.0,7.497039691968397
tfnbs,"e=0.4,h=1.0,n=30,start_thres=1.25",hub,0.25,50,4,40,1730,20,0,20,1730,0.5,0.0,1.0,0.0,7.497039691968397
tfnbs,"e=0.4,h=2.0,n=30,start_thres=1.25",hub,0.25,50,4,40,1730,20,0,20,1730,0.5,0.0,1.0,0.0,7.497039691968397
tfnbs,"e=0.4,h=3.0,n=30,start_thres=1.25",hub,0.25,50,4,40,1730,20,0,20,1730,0.5,0.0,1.0,0.0,7.497039691968397
tfnbs,"e=0.4,h=4.0,n=30,start_thres=1.25",hub,0.25,50,4,40,1730,20,0,20,1730,0.5,0.0,1.0,0.0,7.497039691968397
tfnbs,"e=0.4,h=5.0,n=30,start_thres=1.25",hub,0.25,50,4,40,1730,20,0,20,1730,0.5,0.0,1.0,0.0,7.497039691968397
tfnbs,"e=0.4,h=6.0,n=30,start_thres=1.25",hub,0.25,50,4,40,1730,19,0,21,1730,0.475,0.0,1.0,0.0,7.497039691968397
tfnbs,"e=0.4,h=7.0,n=30,start_thres=1.25",hub,0.25,50,4,40,1730,19,0,21,1730,0.475,0.0,1.0,0.0,7.497039691968397
tfnbs,"e=0.4,h=8.0,n=30,start_thres=1.25",hub,0.25,50,4,40,1730,18,0,22,1730,0.45,0.0,1.0,0.0,7.497039691968397
tfnbs,"e=0.4,h=9.0,n=30,start_thres=1.25",hub,0.25,50,4,40,1730,18,0,22,1730,0.45,0.0,1.0,0.0,7.497039691968397
tfnbs,"e=0.4,h=10.0,n=30,start_thres=1.25",hub,0.25,50,4,40,1730,18,0,22,1730,0.45,0.0,1.0,0.0,7.497039691968397
tfnbs,"e=0.5,h=0.5,n=30,start_thres=1.25",hub,0.25,50,4,40,1730,21,0,19,1730,0.525,0.0,1.0,0.0,7.497039691968397
tfnbs,"e=0.5,h=1.0,n=30,start_thres=1.25",hub,0.25,50,4,40,1730,21,0,19,1730,0.525,0.0,1.0,0.0,7.497039691968397
tfnbs,"e=0.5,h=2.0,n=30,start_thres=1.25",hub,0.25,50,4,40,1730,21,0,19,1730,0.525,0.0,1.0,0.0,7.497039691968397
tfnbs,"e=0.5,h=3.0,n=30,start_thres=1.25",hub,0.25,50,4,40,1730,20,0,20,1730,0.5,0.0,1.0,0.0,7.497039691968397
tfnbs,"e=0.5,h=4.0,n=30,start_thres=1.25",hub,0.25,50,4,40,1730,20,0,20,1730,0.5,0.0,1.0,0.0,7.497039691968397
tfnbs,"e=0.5,h=5.0,n=30,start_thres=1.25",hub,0.25,50,4,40,1730,20,0,20,1730,0.5,0.0,1.0,0.0,7.497039691968397
tfnbs,"e=0.5,h=6.0,n=30,start_thres=1.25",hub,0.25,50,4,40,1730,20,0,20,1730,0.5,0.0,1.0,0.0,7.497039691968397
tfnbs,"e=0.5,h=7.0,n=30,start_thres=1.25",hub,0.25,50,4,40,1730,20,0,20,1730,0.5,0.0,1.0,0.0,7.497039691968397
tfnbs,"e=0.5,h=8.0,n=30,start_thres=1.25",hub,0.25,50,4,40,1730,19,0,21,1730,0.475,0.0,1.0,0.0,7.497039691968397
tfnbs,"e=0.5,h=9.0,n=30,start_thres=1.25",hub,0.25,50,4,40,1730,19,0,21,1730,0.475,0.0,1.0,0.0,7.497039691968397
tfnbs,"e=0.5,h=10.0,n=30,start_thres=1.25",hub,0.25,50,4,40,1730,18,0,22,1730,0.45,0.0,1.0,0.0,7.497039691968397
tfnbs,"e=0.6,h=0.5,n=30,start_thres=1.25",hub,0.25,50,4,40,1730,21,0,19,1730,0.525,0.0,1.0,0.0,7.497039691968397
tfnbs,"e=0.6,h=1.0,n=30,start_thres=1.25",hub,0.25,50,4,40,1730,21,0,19,1730,0.525,0.0,1.0,0.0,7.497039691968397
tfnbs,"e=0.6,h=2.0,n=30,start_thres=1.25",hub,0.25,50,4,40,1730,21,0,19,1730,0.525,0.0,1.0,0.0,7.497039691968397
tfnbs,"e=0.6,h=3.0,n=30,start_thres=1.25",hub,0.25,50,4,40,1730,21,0,19,1730,0.525,0.0,1.0,0.0,7.497039691968397
tfnbs,"e=0.6,h=4.0,n=30,start_thres=1.25",hub,0.25,50,4,40,1730,21,0,19,1730,0.525,0.0,1.0,0.0,7.497039691968397
tfnbs,"e=0.6,h=5.0,n=30,start_thres=1.25",hub,0.25,50,4,40,1730,20,0,20,1730,0.5,0.0,1.0,0.0,7.497039691968397
tfnbs,"e=0.6,h=6.0,n=30,start_thres=1.25",hub,0.25,50,4,40,1730,20,0,20,1730,0.5,0.0,1.0,0.0,7.497039691968397
tfnbs,"e=0.6,h=7.0,n=30,start_thres=1.25",hub,0.25,50,4,40,1730,20,0,20,1730,0.5,0.0,1.0,0.0,7.497039691968397
tfnbs,"e=0.6,h=8.0,n=30,start_thres=1.25",hub,0.25,50,4,40,1730,20,0,20,1730,0.5,0.0,1.0,0.0,7.497039691968397
tfnbs,"e=0.6,h=9.0,n=30,start_thres=1.25",hub,0.25,50,4,40,1730,20,0,20,1730,0.5,0.0,1.0,0.0,7.497039691968397
tfnbs,"e=0.6,h=10.0,n=30,start_thres=1.25",hub,0.25,50,4,40,1730,19,0,21,1730,0.475,0.0,1.0,0.0,7.497039691968397
tfnbs,"e=0.7,h=0.5,n=30,start_thres=1.25",hub,0.25,50,4,40,1730,21,0,19,1730,0.525,0.0,1.0,0.0,7.497039691968397
tfnbs,"e=0.7,h=1.0,n=30,start_thres=1.25",hub,0.25,50,4,40,1730,21,0,19,1730,0.525,0.0,1.0,0.0,7.497039691968397
tfnbs,"e=0.7,h=2.0,n=30,start_thres=1.25",hub,0.25,50,4,40,1730,21,1,19,1729,0.525,0.0005780346820809,0.9545454545454546,0.0454545454545454,7.497039691968397
tfnbs,"e=0.7,h=3.0,n=30,start_thres=1.25",hub,0.25,50,4,40,1730,21,1,19,1729,0.525,0.0005780346820809,0.9545454545454546,0.0454545454545454,7.497039691968397
tfnbs,"e=0.7,h=4.0,n=30,start_thres=1.25",hub,0.25,50,4,40,1730,21,0,19,1730,0.525,0.0,1.0,0.0,7.497039691968397
tfnbs,"e=0.7,h=5.0,n=30,start_thres=1.25",hub,0.25,50,4,40,1730,21,0,19,1730,0.525,0.0,1.0,0.0,7.497039691968397
tfnbs,"e=0.7,h=6.0,n=30,start_thres=1.25",hub,0.25,50,4,40,1730,20,0,20,1730,0.5,0.0,1.0,0.0,7.497039691968397
tfnbs,"e=0.7,h=7.0,n=30,start_thres=1.25",hub,0.25,50,4,40,1730,20,0,20,1730,0.5,0.0,1.0,0.0,7.497039691968397
tfnbs,"e=0.7,h=8.0,n=30,start_thres=1.25",hub,0.25,50,4,40,1730,20,0,20,1730,0.5,0.0,1.0,0.0,7.497039691968397
tfnbs,"e=0.7,h=9.0,n=30,start_thres=1.25",hub,0.25,50,4,40,1730,20,0,20,1730,0.5,0.0,1.0,0.0,7.497039691968397
tfnbs,"e=0.7,h=10.0,n=30,start_thres=1.25",hub,0.25,50,4,40,1730,20,0,20,1730,0.5,0.0,1.0,0.0,7.497039691968397
tfnbs,"e=0.8,h=0.5,n=30,start_thres=1.25",hub,0.25,50,4,40,1730,21,0,19,1730,0.525,0.0,1.0,0.0,7.497039691968397
tfnbs,"e=0.8,h=1.0,n=30,start_thres=1.25",hub,0.25,50,4,40,1730,21,0,19,1730,0.525,0.0,1.0,0.0,7.497039691968397
tfnbs,"e=0.8,h=2.0,n=30,start_thres=1.25",hub,0.25,50,4,40,1730,21,1,19,1729,0.525,0.0005780346820809,0.9545454545454546,0.0454545454545454,7.497039691968397
tfnbs,"e=0.8,h=3.0,n=30,start_thres=1.25",hub,0.25,50,4,40,1730,21,1,19,1729,0.525,0.0005780346820809,0.9545454545454546,0.0454545454545454,7.497039691968397
tfnbs,"e=0.8,h=4.0,n=30,start_thres=1.25",hub,0.25,50,4,40,1730,21,1,19,1729,0.525,0.0005780346820809,0.9545454545454546,0.0454545454545454,7.497039691968397
tfnbs,"e=0.8,h=5.0,n=30,start_thres=1.25",hub,0.25,50,4,40,1730,21,1,19,1729,0.525,0.0005780346820809,0.9545454545454546,0.0454545454545454,7.497039691968397
tfnbs,"e=0.8,h=6.0,n=30,start_thres=1.25",hub,0.25,50,4,40,1730,21,0,19,1730,0.525,0.0,1.0,0.0,7.497039691968397
tfnbs,"e=0.8,h=7.0,n=30,start_thres=1.25",hub,0.25,50,4,40,1730,21,0,19,1730,0.525,0.0,1.0,0.0,7.497039691968397
tfnbs,"e=0.8,h=8.0,n=30,start_thres=1.25",hub,0.25,50,4,40,1730,20,0,20,1730,0.5,0.0,1.0,0.0,7.497039691968397
tfnbs,"e=0.8,h=9.0,n=30,start_thres=1.25",hub,0.25,50,4,40,1730,20,0,20,1730,0.5,0.0,1.0,0.0,7.497039691968397
tfnbs,"e=0.8,h=10.0,n=30,start_thres=1.25",hub,0.25,50,4,40,1730,20,0,20,1730,0.5,0.0,1.0,0.0,7.497039691968397
tfnbs,"e=0.9,h=0.5,n=30,start_thres=1.25",hub,0.25,50,4,40,1730,20,0,20,1730,0.5,0.0,1.0,0.0,7.497039691968397
tfnbs,"e=0.9,h=1.0,n=30,start_thres=1.25",hub,0.25,50,4,40,1730,21,0,19,1730,0.525,0.0,1.0,0.0,7.497039691968397
tfnbs,"e=0.9,h=2.0,n=30,start_thres=1.25",hub,0.25,50,4,40,1730,21,1,19,1729,0.525,0.0005780346820809,0.9545454545454546,0.0454545454545454,7.497039691968397
tfnbs,"e=0.9,h=3.0,n=30,start_thres=1.25",hub,0.25,50,4,40,1730,21,1,19,1729,0.525,0.0005780346820809,0.9545454545454546,0.0454545454545454,7.497039691968397
tfnbs,"e=0.9,h=4.0,n=30,start_thres=1.25",hub,0.25,50,4,40,1730,21,1,19,1729,0.525,0.0005780346820809,0.9545454545454546,0.0454545454545454,7.497039691968397
tfnbs,"e=0.9,h=5.0,n=30,start_thres=1.25",hub,0.25,50,4,40,1730,21,1,19,1729,0.525,0.0005780346820809,0.9545454545454546,0.0454545454545454,7.497039691968397
tfnbs,"e=0.9,h=6.0,n=30,start_thres=1.25",hub,0.25,50,4,40,1730,21,1,19,1729,0.525,0.0005780346820809,0.9545454545454546,0.0454545454545454,7.497039691968397
tfnbs,"e=0.9,h=7.0,n=30,start_thres=1.25",hub,0.25,50,4,40,1730,21,0,19,1730,0.525,0.0,1.0,0.0,7.497039691968397
tfnbs,"e=0.9,h=8.0,n=30,start_thres=1.25",hub,0.25,50,4,40,1730,21,0,19,1730,0.525,0.0,1.0,0.0,7.497039691968397
tfnbs,"e=0.9,h=9.0,n=30,start_thres=1.25",hub,0.25,50,4,40,1730,20,0,20,1730,0.5,0.0,1.0,0.0,7.497039691968397
tfnbs,"e=0.9,h=10.0,n=30,start_thres=1.25",hub,0.25,50,4,40,1730,20,0,20,1730,0.5,0.0,1.0,0.0,7.497039691968397
tfnbs,"e=1.0,h=0.5,n=30,start_thres=1.25",hub,0.25,50,4,40,1730,20,0,20,1730,0.5,0.0,1.0,0.0,7.497039691968397
tfnbs,"e=1.0,h=1.0,n=30,start_thres=1.25",hub,0.25,50,4,40,1730,20,0,20,1730,0.5,0.0,1.0,0.0,7.497039691968397
tfnbs,"e=1.0,h=2.0,n=30,start_thres=1.25",hub,0.25,50,4,40,1730,21,1,19,1729,0.525,0.0005780346820809,0.9545454545454546,0.0454545454545454,7.497039691968397
tfnbs,"e=1.0,h=3.0,n=30,start_thres=1.25",hub,0.25,50,4,40,1730,21,1,19,1729,0.525,0.0005780346820809,0.9545454545454546,0.0454545454545454,7.497039691968397
tfnbs,"e=1.0,h=4.0,n=30,start_thres=1.25",hub,0.25,50,4,40,1730,21,1,19,1729,0.525,0.0005780346820809,0.9545454545454546,0.0454545454545454,7.497039691968397
tfnbs,"e=1.0,h=5.0,n=30,start_thres=1.25",hub,0.25,50,4,40,1730,21,1,19,1729,0.525,0.0005780346820809,0.9545454545454546,0.0454545454545454,7.497039691968397
tfnbs,"e=1.0,h=6.0,n=30,start_thres=1.25",hub,0.25,50,4,40,1730,21,1,19,1729,0.525,0.0005780346820809,0.9545454545454546,0.0454545454545454,7.497039691968397
tfnbs,"e=1.0,h=7.0,n=30,start_thres=1.25",hub,0.25,50,4,40,1730,21,1,19,1729,0.525,0.0005780346820809,0.9545454545454546,0.0454545454545454,7.497039691968397
tfnbs,"e=1.0,h=8.0,n=30,start_thres=1.25",hub,0.25,50,4,40,1730,21,1,19,1729,0.525,0.0005780346820809,0.9545454545454546,0.0454545454545454,7.497039691968397
tfnbs,"e=1.0,h=9.0,n=30,start_thres=1.25",hub,0.25,50,4,40,1730,21,0,19,1730,0.525,0.0,1.0,0.0,7.497039691968397
tfnbs,"e=1.0,h=10.0,n=30,start_thres=1.25",hub,0.25,50,4,40,1730,20,0,20,1730,0.5,0.0,1.0,0.0,7.497039691968397
tfnbs,"e=1.1,h=0.5,n=30,start_thres=1.25",hub,0.25,50,4,40,1730,20,0,20,1730,0.5,0.0,1.0,0.0,7.497039691968397
tfnbs,"e=1.1,h=1.0,n=30,start_thres=1.25",hub,0.25,50,4,40,1730,20,0,20,1730,0.5,0.0,1.0,0.0,7.497039691968397
tfnbs,"e=1.1,h=2.0,n=30,start_thres=1.25",hub,0.25,50,4,40,1730,21,0,19,1730,0.525,0.0,1.0,0.0,7.497039691968397
tfnbs,"e=1.1,h=3.0,n=30,start_thres=1.25",hub,0.25,50,4,40,1730,21,1,19,1729,0.525,0.0005780346820809,0.9545454545454546,0.0454545454545454,7.497039691968397
tfnbs,"e=1.1,h=4.0,n=30,start_thres=1.25",hub,0.25,50,4,40,1730,21,1,19,1729,0.525,0.0005780346820809,0.9545454545454546,0.0454545454545454,7.497039691968397
tfnbs,"e=1.1,h=5.0,n=30,start_thres=1.25",hub,0.25,50,4,40,1730,21,1,19,1729,0.525,0.0005780346820809,0.9545454545454546,0.0454545454545454,7.497039691968397
tfnbs,"e=1.1,h=6.0,n=30,start_thres=1.25",hub,0.25,50,4,40,1730,21,1,19,1729,0.525,0.0005780346820809,0.9545454545454546,0.0454545454545454,7.497039691968397
tfnbs,"e=1.1,h=7.0,n=30,start_thres=1.25",hub,0.25,50,4,40,1730,21,1,19,1729,0.525,0.0005780346820809,0.9545454545454546,0.0454545454545454,7.497039691968397
tfnbs,"e=1.1,h=8.0,n=30,start_thres=1.25",hub,0.25,50,4,40,1730,21,1,19,1729,0.525,0.0005780346820809,0.9545454545454546,0.0454545454545454,7.497039691968397
tfnbs,"e=1.1,h=9.0,n=30,start_thres=1.25",hub,0.25,50,4,40,1730,21,1,19,1729,0.525,0.0005780346820809,0.9545454545454546,0.0454545454545454,7.497039691968397
tfnbs,"e=1.1,h=10.0,n=30,start_thres=1.25",hub,0.25,50,4,40,1730,21,0,19,1730,0.525,0.0,1.0,0.0,7.497039691968397
tfnbs,"e=1.2,h=0.5,n=30,start_thres=1.25",hub,0.25,50,4,40,1730,18,0,22,1730,0.45,0.0,1.0,0.0,7.497039691968397
tfnbs,"e=1.2,h=1.0,n=30,start_thres=1.25",hub,0.25,50,4,40,1730,20,0,20,1730,0.5,0.0,1.0,0.0,7.497039691968397
tfnbs,"e=1.2,h=2.0,n=30,start_thres=1.25",hub,0.25,50,4,40,1730,21,0,19,1730,0.525,0.0,1.0,0.0,7.497039691968397
tfnbs,"e=1.2,h=3.0,n=30,start_thres=1.25",hub,0.25,50,4,40,1730,21,1,19,1729,0.525,0.0005780346820809,0.9545454545454546,0.0454545454545454,7.497039691968397
tfnbs,"e=1.2,h=4.0,n=30,start_thres=1.25",hub,0.25,50,4,40,1730,21,1,19,1729,0.525,0.0005780346820809,0.9545454545454546,0.0454545454545454,7.497039691968397
tfnbs,"e=1.2,h=5.0,n=30,start_thres=1.25",hub,0.25,50,4,40,1730,21,1,19,1729,0.525,0.0005780346820809,0.9545454545454546,0.0454545454545454,7.497039691968397
tfnbs,"e=1.2,h=6.0,n=30,start_thres=1.25",hub,0.25,50,4,40,1730,21,1,19,1729,0.525,0.0005780346820809,0.9545454545454546,0.0454545454545454,7.497039691968397
tfnbs,"e=1.2,h=7.0,n=30,start_thres=1.25",hub,0.25,50,4,40,1730,21,1,19,1729,0.525,0.0005780346820809,0.9545454545454546,0.0454545454545454,7.497039691968397
tfnbs,"e=1.2,h=8.0,n=30,start_thres=1.25",hub,0.25,50,4,40,1730,21,1,19,1729,0.525,0.0005780346820809,0.9545454545454546,0.0454545454545454,7.497039691968397
tfnbs,"e=1.2,h=9.0,n=30,start_thres=1.25",hub,0.25,50,4,40,1730,21,1,19,1729,0.525,0.0005780346820809,0.9545454545454546,0.0454545454545454,7.497039691968397
tfnbs,"e=1.2,h=10.0,n=30,start_thres=1.25",hub,0.25,50,4,40,1730,21,1,19,1729,0.525,0.0005780346820809,0.9545454545454546,0.0454545454545454,7.497039691968397
tfnbs,"e=1.3,h=0.5,n=30,start_thres=1.25",hub,0.25,50,4,40,1730,13,0,27,1730,0.325,0.0,1.0,0.0,7.497039691968397
tfnbs,"e=1.3,h=1.0,n=30,start_thres=1.25",hub,0.25,50,4,40,1730,19,0,21,1730,0.475,0.0,1.0,0.0,7.497039691968397
tfnbs,"e=1.3,h=2.0,n=30,start_thres=1.25",hub,0.25,50,4,40,1730,20,0,20,1730,0.5,0.0,1.0,0.0,7.497039691968397
tfnbs,"e=1.3,h=3.0,n=30,start_thres=1.25",hub,0.25,50,4,40,1730,21,1,19,1729,0.525,0.0005780346820809,0.9545454545454546,0.0454545454545454,7.497039691968397
tfnbs,"e=1.3,h=4.0,n=30,start_thres=1.25",hub,0.25,50,4,40,1730,21,1,19,1729,0.525,0.0005780346820809,0.9545454545454546,0.0454545454545454,7.497039691968397
tfnbs,"e=1.3,h=5.0,n=30,start_thres=1.25",hub,0.25,50,4,40,1730,21,1,19,1729,0.525,0.0005780346820809,0.9545454545454546,0.0454545454545454,7.497039691968397
tfnbs,"e=1.3,h=6.0,n=30,start_thres=1.25",hub,0.25,50,4,40,1730,21,1,19,1729,0.525,0.0005780346820809,0.9545454545454546,0.0454545454545454,7.497039691968397
tfnbs,"e=1.3,h=7.0,n=30,start_thres=1.25",hub,0.25,50,4,40,1730,21,1,19,1729,0.525,0.0005780346820809,0.9545454545454546,0.0454545454545454,7.497039691968397
tfnbs,"e=1.3,h=8.0,n=30,start_thres=1.25",hub,0.25,50,4,40,1730,21,1,19,1729,0.525,0.0005780346820809,0.9545454545454546,0.0454545454545454,7.497039691968397
tfnbs,"e=1.3,h=9.0,n=30,start_thres=1.25",hub,0.25,50,4,40,1730,21,1,19,1729,0.525,0.0005780346820809,0.9545454545454546,0.0454545454545454,7.497039691968397
tfnbs,"e=1.3,h=10.0,n=30,start_thres=1.25",hub,0.25,50,4,40,1730,21,1,19,1729,0.525,0.0005780346820809,0.9545454545454546,0.0454545454545454,7.497039691968397
tfnbs,"e=1.4,h=0.5,n=30,start_thres=1.25",hub,0.25,50,4,40,1730,0,0,40,1730,0.0,0.0,0.0,0.0,7.497039691968397
tfnbs,"e=1.4,h=1.0,n=30,start_thres=1.25",hub,0.25,50,4,40,1730,16,0,24,1730,0.4,0.0,1.0,0.0,7.497039691968397
tfnbs,"e=1.4,h=2.0,n=30,start_thres=1.25",hub,0.25,50,4,40,1730,20,0,20,1730,0.5,0.0,1.0,0.0,7.497039691968397
tfnbs,"e=1.4,h=3.0,n=30,start_thres=1.25",hub,0.25,50,4,40,1730,21,0,19,1730,0.525,0.0,1.0,0.0,7.497039691968397
tfnbs,"e=1.4,h=4.0,n=30,start_thres=1.25",hub,0.25,50,4,40,1730,21,1,19,1729,0.525,0.0005780346820809,0.9545454545454546,0.0454545454545454,7.497039691968397
tfnbs,"e=1.4,h=5.0,n=30,start_thres=1.25",hub,0.25,50,4,40,1730,21,1,19,1729,0.525,0.0005780346820809,0.9545454545454546,0.0454545454545454,7.497039691968397
tfnbs,"e=1.4,h=6.0,n=30,start_thres=1.25",hub,0.25,50,4,40,1730,21,1,19,1729,0.525,0.0005780346820809,0.9545454545454546,0.0454545454545454,7.497039691968397
tfnbs,"e=1.4,h=7.0,n=30,start_thres=1.25",hub,0.25,50,4,40,1730,21,1,19,1729,0.525,0.0005780346820809,0.9545454545454546,0.0454545454545454,7.497039691968397
tfnbs,"e=1.4,h=8.0,n=30,start_thres=1.25",hub,0.25,50,4,40,1730,21,1,19,1729,0.525,0.0005780346820809,0.9545454545454546,0.0454545454545454,7.497039691968397
tfnbs,"e=1.4,h=9.0,n=30,start_thres=1.25",hub,0.25,50,4,40,1730,21,1,19,1729,0.525,0.0005780346820809,0.9545454545454546,0.0454545454545454,7.497039691968397
tfnbs,"e=1.4,h=10.0,n=30,start_thres=1.25",hub,0.25,50,4,40,1730,21,1,19,1729,0.525,0.0005780346820809,0.9545454545454546,0.0454545454545454,7.497039691968397
tfnbs,"e=1.5,h=0.5,n=30,start_thres=1.25",hub,0.25,50,4,40,1730,0,0,40,1730,0.0,0.0,0.0,0.0,7.497039691968397
tfnbs,"e=1.5,h=1.0,n=30,start_thres=1.25",hub,0.25,50,4,40,1730,5,0,35,1730,0.125,0.0,1.0,0.0,7.497039691968397
tfnbs,"e=1.5,h=2.0,n=30,start_thres=1.25",hub,0.25,50,4,40,1730,20,0,20,1730,0.5,0.0,1.0,0.0,7.497039691968397
tfnbs,"e=1.5,h=3.0,n=30,start_thres=1.25",hub,0.25,50,4,40,1730,21,0,19,1730,0.525,0.0,1.0,0.0,7.497039691968397
tfnbs,"e=1.5,h=4.0,n=30,start_thres=1.25",hub,0.25,50,4,40,1730,21,1,19,1729,0.525,0.0005780346820809,0.9545454545454546,0.0454545454545454,7.497039691968397
tfnbs,"e=1.5,h=5.0,n=30,start_thres=1.25",hub,0.25,50,4,40,1730,21,1,19,1729,0.525,0.0005780346820809,0.9545454545454546,0.0454545454545454,7.497039691968397
tfnbs,"e=1.5,h=6.0,n=30,start_thres=1.25",hub,0.25,50,4,40,1730,21,1,19,1729,0.525,0.0005780346820809,0.9545454545454546,0.0454545454545454,7.497039691968397
tfnbs,"e=1.5,h=7.0,n=30,start_thres=1.25",hub,0.25,50,4,40,1730,21,1,19,1729,0.525,0.0005780346820809,0.9545454545454546,0.0454545454545454,7.497039691968397
tfnbs,"e=1.5,h=8.0,n=30,start_thres=1.25",hub,0.25,50,4,40,1730,21,1,19,1729,0.525,0.0005780346820809,0.9545454545454546,0.0454545454545454,7.497039691968397
tfnbs,"e=1.5,h=9.0,n=30,start_thres=1.25",hub,0.25,50,4,40,1730,21,1,19,1729,0.525,0.0005780346820809,0.9545454545454546,0.0454545454545454,7.497039691968397
tfnbs,"e=1.5,h=10.0,n=30,start_thres=1.25",hub,0.25,50,4,40,1730,21,1,19,1729,0.525,0.0005780346820809,0.9545454545454546,0.0454545454545454,7.497039691968397
nbs_extent,threshold=3.0,hub,0.25,50,10,40,1730,20,2,20,1728,0.5,0.0011560693641618,0.9090909090909092,0.0909090909090909,8.21428918838501
nbs_extent,threshold=3.0,hub,0.25,50,11,40,1730,27,7,13,1723,0.675,0.0040462427745664,0.7941176470588235,0.2058823529411764,8.101192474365234
nbs_extent,threshold=3.0,hub,0.25,50,12,40,1730,26,4,14,1726,0.65,0.0023121387283236,0.8666666666666667,0.1333333333333333,8.106423616409302
nbs_extent,threshold=3.0,hub,0.25,50,13,40,1730,32,2,8,1728,0.8,0.0011560693641618,0.9411764705882352,0.0588235294117647,7.583041667938232
nbs_extent,threshold=3.0,hub,0.25,50,14,40,1730,27,1,13,1729,0.675,0.0005780346820809,0.9642857142857144,0.0357142857142857,8.287866830825806
nbs_extent,threshold=3.0,hub,0.25,50,15,40,1730,25,10,15,1720,0.625,0.0057803468208092,0.7142857142857143,0.2857142857142857,7.999148368835449
nbs_extent,threshold=3.0,hub,0.25,50,16,40,1730,38,9,2,1721,0.95,0.0052023121387283,0.8085106382978723,0.1914893617021276,8.014388799667358
nbs_extent,threshold=3.0,hub,0.25,50,19,40,1730,18,3,22,1727,0.45,0.0017341040462427,0.8571428571428571,0.1428571428571428,7.754979372024536
nbs_extent,threshold=3.0,hub,0.25,50,17,40,1730,34,3,6,1727,0.85,0.0017341040462427,0.918918918918919,0.081081081081081,7.888476610183716
nbs_extent,threshold=3.0,hub,0.25,50,18,40,1730,27,4,13,1726,0.675,0.0023121387283236,0.8709677419354839,0.1290322580645161,8.17973256111145
nbs_extent,threshold=3.0,hub,0.25,50,20,40,1730,24,1,16,1729,0.6,0.0005780346820809,0.96,0.04,7.437240839004517
nbs_extent,threshold=3.0,hub,0.25,50,23,40,1730,30,4,10,1726,0.75,0.0023121387283236,0.8823529411764706,0.1176470588235294,6.807949542999268
nbs_extent,threshold=3.0,hub,0.25,50,21,40,1730,28,1,12,1729,0.7,0.0005780346820809,0.9655172413793104,0.0344827586206896,8.79369306564331
nbs_extent,threshold=3.0,hub,0.25,50,22,40,1730,12,0,28,1730,0.3,0.0,1.0,0.0,8.680376052856445
nbs_extent,threshold=3.0,hub,0.25,50,24,40,1730,32,0,8,1730,0.8,0.0,1.0,0.0,7.186007738113403
nbs_extent,threshold=3.0,hub,0.25,50,26,40,1730,27,1,13,1729,0.675,0.0005780346820809,0.9642857142857144,0.0357142857142857,8.17795705795288
nbs_extent,threshold=3.0,hub,0.25,50,25,40,1730,22,4,18,1726,0.55,0.0023121387283236,0.8461538461538461,0.1538461538461538,8.758406400680542
nbs_extent,threshold=3.0,hub,0.25,50,27,40,1730,32,4,8,1726,0.8,0.0023121387283236,0.8888888888888888,0.1111111111111111,7.926681756973267
nbs_extent,threshold=3.0,hub,0.25,50,28,40,1730,31,1,9,1729,0.775,0.0005780346820809,0.96875,0.03125,7.831636190414429
nbs_extent,threshold=3.0,hub,0.25,50,29,40,1730,30,1,10,1729,0.75,0.0005780346820809,0.967741935483871,0.032258064516129,8.090073347091675
nbs_extent,threshold=3.5,hub,0.25,50,0,40,1730,16,2,24,1728,0.4,0.0011560693641618,0.8888888888888888,0.1111111111111111,7.610723257064819
nbs_extent,threshold=3.5,hub,0.25,50,1,40,1730,23,0,17,1730,0.575,0.0,1.0,0.0,7.4364142417907715
nbs_extent,threshold=3.5,hub,0.25,50,3,40,1730,10,0,30,1730,0.25,0.0,1.0,0.0,7.128915309906006
nbs_extent,threshold=3.5,hub,0.25,50,2,40,1730,23,0,17,1730,0.575,0.0,1.0,0.0,7.683931112289429
nbs_extent,threshold=3.5,hub,0.25,50,4,40,1730,20,0,20,1730,0.5,0.0,1.0,0.0,7.644664764404297
nbs_extent,threshold=3.5,hub,0.25,50,6,40,1730,16,0,24,1730,0.4,0.0,1.0,0.0,7.23190426826477
nbs_extent,threshold=3.5,hub,0.25,50,7,40,1730,18,0,22,1730,0.45,0.0,1.0,0.0,6.939526081085205
nbs_extent,threshold=3.5,hub,0.25,50,5,40,1730,29,1,11,1729,0.725,0.0005780346820809,0.9666666666666668,0.0333333333333333,7.934788703918457
nbs_extent,threshold=3.5,hub,0.25,50,8,40,1730,17,0,23,1730,0.425,0.0,1.0,0.0,7.368496894836426
tfnbs,"e=0.05,h=0.5,n=30,start_thres=1.25",hub,0.25,50,16,40,1730,28,0,12,1730,0.7,0.0,1.0,0.0,7.414716124534607
tfnbs,"e=0.05,h=1.0,n=30,start_thres=1.25",hub,0.25,50,16,40,1730,28,0,12,1730,0.7,0.0,1.0,0.0,7.414716124534607
tfnbs,"e=0.05,h=2.0,n=30,start_thres=1.25",hub,0.25,50,16,40,1730,28,0,12,1730,0.7,0.0,1.0,0.0,7.414716124534607
tfnbs,"e=0.05,h=3.0,n=30,start_thres=1.25",hub,0.25,50,16,40,1730,23,0,17,1730,0.575,0.0,1.0,0.0,7.414716124534607
tfnbs,"e=0.05,h=4.0,n=30,start_thres=1.25",hub,0.25,50,16,40,1730,23,0,17,1730,0.575,0.0,1.0,0.0,7.414716124534607
tfnbs,"e=0.05,h=5.0,n=30,start_thres=1.25",hub,0.25,50,16,40,1730,23,0,17,1730,0.575,0.0,1.0,0.0,7.414716124534607
tfnbs,"e=0.05,h=6.0,n=30,start_thres=1.25",hub,0.25,50,16,40,1730,23,0,17,1730,0.575,0.0,1.0,0.0,7.414716124534607
tfnbs,"e=0.05,h=7.0,n=30,start_thres=1.25",hub,0.25,50,16,40,1730,23,0,17,1730,0.575,0.0,1.0,0.0,7.414716124534607
tfnbs,"e=0.05,h=8.0,n=30,start_thres=1.25",hub,0.25,50,16,40,1730,23,0,17,1730,0.575,0.0,1.0,0.0,7.414716124534607
tfnbs,"e=0.05,h=9.0,n=30,start_thres=1.25",hub,0.25,50,16,40,1730,23,0,17,1730,0.575,0.0,1.0,0.0,7.414716124534607
tfnbs,"e=0.05,h=10.0,n=30,start_thres=1.25",hub,0.25,50,16,40,1730,23,0,17,1730,0.575,0.0,1.0,0.0,7.414716124534607
tfnbs,"e=0.1,h=0.5,n=30,start_thres=1.25",hub,0.25,50,16,40,1730,30,0,10,1730,0.75,0.0,1.0,0.0,7.414716124534607
tfnbs,"e=0.1,h=1.0,n=30,start_thres=1.25",hub,0.25,50,16,40,1730,30,0,10,1730,0.75,0.0,1.0,0.0,7.414716124534607
tfnbs,"e=0.1,h=2.0,n=30,start_thres=1.25",hub,0.25,50,16,40,1730,30,0,10,1730,0.75,0.0,1.0,0.0,7.414716124534607
tfnbs,"e=0.1,h=3.0,n=30,start_thres=1.25",hub,0.25,50,16,40,1730,28,0,12,1730,0.7,0.0,1.0,0.0,7.414716124534607
tfnbs,"e=0.1,h=4.0,n=30,start_thres=1.25",hub,0.25,50,16,40,1730,28,0,12,1730,0.7,0.0,1.0,0.0,7.414716124534607
tfnbs,"e=0.1,h=5.0,n=30,start_thres=1.25",hub,0.25,50,16,40,1730,28,0,12,1730,0.7,0.0,1.0,0.0,7.414716124534607
tfnbs,"e=0.1,h=6.0,n=30,start_thres=1.25",hub,0.25,50,16,40,1730,28,0,12,1730,0.7,0.0,1.0,0.0,7.414716124534607
tfnbs,"e=0.1,h=7.0,n=30,start_thres=1.25",hub,0.25,50,16,40,1730,23,0,17,1730,0.575,0.0,1.0,0.0,7.414716124534607
tfnbs,"e=0.1,h=8.0,n=30,start_thres=1.25",hub,0.25,50,16,40,1730,23,0,17,1730,0.575,0.0,1.0,0.0,7.414716124534607
tfnbs,"e=0.1,h=9.0,n=30,start_thres=1.25",hub,0.25,50,16,40,1730,23,0,17,1730,0.575,0.0,1.0,0.0,7.414716124534607
tfnbs,"e=0.1,h=10.0,n=30,start_thres=1.25",hub,0.25,50,16,40,1730,23,0,17,1730,0.575,0.0,1.0,0.0,7.414716124534607
tfnbs,"e=0.2,h=0.5,n=30,start_thres=1.25",hub,0.25,50,16,40,1730,36,4,4,1726,0.9,0.0023121387283236,0.9,0.1,7.414716124534607
tfnbs,"e=0.2,h=1.0,n=30,start_thres=1.25",hub,0.25,50,16,40,1730,35,2,5,1728,0.875,0.0011560693641618,0.945945945945946,0.054054054054054,7.414716124534607
tfnbs,"e=0.2,h=2.0,n=30,start_thres=1.25",hub,0.25,50,16,40,1730,35,2,5,1728,0.875,0.0011560693641618,0.945945945945946,0.054054054054054,7.414716124534607
tfnbs,"e=0.2,h=3.0,n=30,start_thres=1.25",hub,0.25,50,16,40,1730,32,2,8,1728,0.8,0.0011560693641618,0.9411764705882352,0.0588235294117647,7.414716124534607
tfnbs,"e=0.2,h=4.0,n=30,start_thres=1.25",hub,0.25,50,16,40,1730,32,2,8,1728,0.8,0.0011560693641618,0.9411764705882352,0.0588235294117647,7.414716124534607
tfnbs,"e=0.2,h=5.0,n=30,start_thres=1.25",hub,0.25,50,16,40,1730,30,0,10,1730,0.75,0.0,1.0,0.0,7.414716124534607
tfnbs,"e=0.2,h=6.0,n=30,start_thres=1.25",hub,0.25,50,16,40,1730,30,0,10,1730,0.75,0.0,1.0,0.0,7.414716124534607
tfnbs,"e=0.2,h=7.0,n=30,start_thres=1.25",hub,0.25,50,16,40,1730,30,0,10,1730,0.75,0.0,1.0,0.0,7.414716124534607
tfnbs,"e=0.2,h=8.0,n=30,start_thres=1.25",hub,0.25,50,16,40,1730,28,0,12,1730,0.7,0.0,1.0,0.0,7.414716124534607
tfnbs,"e=0.2,h=9.0,n=30,start_thres=1.25",hub,0.25,50,16,40,1730,28,0,12,1730,0.7,0.0,1.0,0.0,7.414716124534607
tfnbs,"e=0.2,h=10.0,n=30,start_thres=1.25",hub,0.25,50,16,40,1730,28,0,12,1730,0.7,0.0,1.0,0.0,7.414716124534607
tfnbs,"e=0.3,h=0.5,n=30,start_thres=1.25",hub,0.25,50,16,40,1730,38,10,2,1720,0.95,0.0057803468208092,0.7916666666666666,0.2083333333333333,7.414716124534607
tfnbs,"e=0.3,h=1.0,n=30,start_thres=1.25",hub,0.25,50,16,40,1730,37,7,3,1723,0.925,0.0040462427745664,0.8409090909090909,0.1590909090909091,7.414716124534607
tfnbs,"e=0.3,h=2.0,n=30,start_thres=1.25",hub,0.25,50,16,40,1730,37,7,3,1723,0.925,0.0040462427745664,0.8409090909090909,0.1590909090909091,7.414716124534607
tfnbs,"e=0.3,h=3.0,n=30,start_thres=1.25",hub,0.25,50,16,40,1730,36,4,4,1726,0.9,0.0023121387283236,0.9,0.1,7.414716124534607
tfnbs,"e=0.3,h=4.0,n=30,start_thres=1.25",hub,0.25,50,16,40,1730,35,2,5,1728,0.875,0.0011560693641618,0.945945945945946,0.054054054054054,7.414716124534607
tfnbs,"e=0.3,h=5.0,n=30,start_thres=1.25",hub,0.25,50,16,40,1730,32,2,8,1728,0.8,0.0011560693641618,0.9411764705882352,0.0588235294117647,7.414716124534607
tfnbs,"e=0.3,h=6.0,n=30,start_thres=1.25",hub,0.25,50,16,40,1730,32,2,8,1728,0.8,0.0011560693641618,0.9411764705882352,0.0588235294117647,7.414716124534607
tfnbs,"e=0.3,h=7.0,n=30,start_thres=1.25",hub,0.25,50,16,40,1730,32,2,8,1728,0.8,0.0011560693641618,0.9411764705882352,0.0588235294117647,7.414716124534607
tfnbs,"e=0.3,h=8.0,n=30,start_thres=1.25",hub,0.25,50,16,40,1730,30,0,10,1730,0.75,0.0,1.0,0.0,7.414716124534607
tfnbs,"e=0.3,h=9.0,n=30,start_thres=1.25",hub,0.25,50,16,40,1730,30,0,10,1730,0.75,0.0,1.0,0.0,7.414716124534607
tfnbs,"e=0.3,h=10.0,n=30,start_thres=1.25",hub,0.25,50,16,40,1730,30,0,10,1730,0.75,0.0,1.0,0.0,7.414716124534607
tfnbs,"e=0.4,h=0.5,n=30,start_thres=1.25",hub,0.25,50,16,40,1730,38,12,2,1718,0.95,0.006936416184971,0.76,0.24,7.414716124534607
tfnbs,"e=0.4,h=1.0,n=30,start_thres=1.25",hub,0.25,50,16,40,1730,38,12,2,1718,0.95,0.006936416184971,0.76,0.24,7.414716124534607
tfnbs,"e=0.4,h=2.0,n=30,start_thres=1.25",hub,0.25,50,16,40,1730,38,10,2,1720,0.95,0.0057803468208092,0.7916666666666666,0.2083333333333333,7.414716124534607
tfnbs,"e=0.4,h=3.0,n=30,start_thres=1.25",hub,0.25,50,16,40,1730,37,7,3,1723,0.925,0.0040462427745664,0.8409090909090909,0.1590909090909091,7.414716124534607
tfnbs,"e=0.4,h=4.0,n=30,start_thres=1.25",hub,0.25,50,16,40,1730,36,4,4,1726,0.9,0.0023121387283236,0.9,0.1,7.414716124534607
tfnbs,"e=0.4,h=5.0,n=30,start_thres=1.25",hub,0.25,50,16,40,1730,36,4,4,1726,0.9,0.0023121387283236,0.9,0.1,7.414716124534607
tfnbs,"e=0.4,h=6.0,n=30,start_thres=1.25",hub,0.25,50,16,40,1730,35,2,5,1728,0.875,0.0011560693641618,0.945945945945946,0.054054054054054,7.414716124534607
tfnbs,"e=0.4,h=7.0,n=30,start_thres=1.25",hub,0.25,50,16,40,1730,35,2,5,1728,0.875,0.0011560693641618,0.945945945945946,0.054054054054054,7.414716124534607
tfnbs,"e=0.4,h=8.0,n=30,start_thres=1.25",hub,0.25,50,16,40,1730,32,2,8,1728,0.8,0.0011560693641618,0.9411764705882352,0.0588235294117647,7.414716124534607
tfnbs,"e=0.4,h=9.0,n=30,start_thres=1.25",hub,0.25,50,16,40,1730,32,2,8,1728,0.8,0.0011560693641618,0.9411764705882352,0.0588235294117647,7.414716124534607
tfnbs,"e=0.4,h=10.0,n=30,start_thres=1.25",hub,0.25,50,16,40,1730,30,0,10,1730,0.75,0.0,1.0,0.0,7.414716124534607
tfnbs,"e=0.5,h=0.5,n=30,start_thres=1.25",hub,0.25,50,16,40,1730,38,18,2,1712,0.95,0.0104046242774566,0.6785714285714286,0.3214285714285714,7.414716124534607
tfnbs,"e=0.5,h=1.0,n=30,start_thres=1.25",hub,0.25,50,16,40,1730,38,18,2,1712,0.95,0.0104046242774566,0.6785714285714286,0.3214285714285714,7.414716124534607
tfnbs,"e=0.5,h=2.0,n=30,start_thres=1.25",hub,0.25,50,16,40,1730,38,12,2,1718,0.95,0.006936416184971,0.76,0.24,7.414716124534607
tfnbs,"e=0.5,h=3.0,n=30,start_thres=1.25",hub,0.25,50,16,40,1730,38,10,2,1720,0.95,0.0057803468208092,0.7916666666666666,0.2083333333333333,7.414716124534607
tfnbs,"e=0.5,h=4.0,n=30,start_thres=1.25",hub,0.25,50,16,40,1730,38,10,2,1720,0.95,0.0057803468208092,0.7916666666666666,0.2083333333333333,7.414716124534607
tfnbs,"e=0.5,h=5.0,n=30,start_thres=1.25",hub,0.25,50,16,40,1730,37,7,3,1723,0.925,0.0040462427745664,0.8409090909090909,0.1590909090909091,7.414716124534607
tfnbs,"e=0.5,h=6.0,n=30,start_thres=1.25",hub,0.25,50,16,40,1730,36,4,4,1726,0.9,0.0023121387283236,0.9,0.1,7.414716124534607
tfnbs,"e=0.5,h=7.0,n=30,start_thres=1.25",hub,0.25,50,16,40,1730,35,2,5,1728,0.875,0.0011560693641618,0.945945945945946,0.054054054054054,7.414716124534607
tfnbs,"e=0.5,h=8.0,n=30,start_thres=1.25",hub,0.25,50,16,40,1730,35,2,5,1728,0.875,0.0011560693641618,0.945945945945946,0.054054054054054,7.414716124534607
tfnbs,"e=0.5,h=9.0,n=30,start_thres=1.25",hub,0.25,50,16,40,1730,35,2,5,1728,0.875,0.0011560693641618,0.945945945945946,0.054054054054054,7.414716124534607
tfnbs,"e=0.5,h=10.0,n=30,start_thres=1.25",hub,0.25,50,16,40,1730,32,2,8,1728,0.8,0.0011560693641618,0.9411764705882352,0.0588235294117647,7.414716124534607
tfnbs,"e=0.6,h=0.5,n=30,start_thres=1.25",hub,0.25,50,16,40,1730,39,35,1,1695,0.975,0.0202312138728323,0.527027027027027,0.4729729729729729,7.414716124534607
tfnbs,"e=0.6,h=1.0,n=30,start_thres=1.25",hub,0.25,50,16,40,1730,39,35,1,1695,0.975,0.0202312138728323,0.527027027027027,0.4729729729729729,7.414716124534607
tfnbs,"e=0.6,h=2.0,n=30,start_thres=1.25",hub,0.25,50,16,40,1730,38,18,2,1712,0.95,0.0104046242774566,0.6785714285714286,0.3214285714285714,7.414716124534607
tfnbs,"e=0.6,h=3.0,n=30,start_thres=1.25",hub,0.25,50,16,40,1730,38,12,2,1718,0.95,0.006936416184971,0.76,0.24,7.414716124534607
tfnbs,"e=0.6,h=4.0,n=30,start_thres=1.25",hub,0.25,50,16,40,1730,38,12,2,1718,0.95,0.006936416184971,0.76,0.24,7.414716124534607
tfnbs,"e=0.6,h=5.0,n=30,start_thres=1.25",hub,0.25,50,16,40,1730,38,10,2,1720,0.95,0.0057803468208092,0.7916666666666666,0.2083333333333333,7.414716124534607
tfnbs,"e=0.6,h=6.0,n=30,start_thres=1.25",hub,0.25,50,16,40,1730,37,7,3,1723,0.925,0.0040462427745664,0.8409090909090909,0.1590909090909091,7.414716124534607
tfnbs,"e=0.6,h=7.0,n=30,start_thres=1.25",hub,0.25,50,16,40,1730,36,4,4,1726,0.9,0.0023121387283236,0.9,0.1,7.414716124534607
tfnbs,"e=0.6,h=8.0,n=30,start_thres=1.25",hub,0.25,50,16,40,1730,36,4,4,1726,0.9,0.0023121387283236,0.9,0.1,7.414716124534607
tfnbs,"e=0.6,h=9.0,n=30,start_thres=1.25",hub,0.25,50,16,40,1730,35,2,5,1728,0.875,0.0011560693641618,0.945945945945946,0.054054054054054,7.414716124534607
tfnbs,"e=0.6,h=10.0,n=30,start_thres=1.25",hub,0.25,50,16,40,1730,35,2,5,1728,0.875,0.0011560693641618,0.945945945945946,0.054054054054054,7.414716124534607
tfnbs,"e=0.7,h=0.5,n=30,start_thres=1.25",hub,0.25,50,16,40,1730,39,46,1,1684,0.975,0.0265895953757225,0.4588235294117647,0.5411764705882353,7.414716124534607
tfnbs,"e=0.7,h=1.0,n=30,start_thres=1.25",hub,0.25,50,16,40,1730,39,35,1,1695,0.975,0.0202312138728323,0.527027027027027,0.4729729729729729,7.414716124534607
tfnbs,"e=0.7,h=2.0,n=30,start_thres=1.25",hub,0.25,50,16,40,1730,39,35,1,1695,0.975,0.0202312138728323,0.527027027027027,0.4729729729729729,7.414716124534607
tfnbs,"e=0.7,h=3.0,n=30,start_thres=1.25",hub,0.25,50,16,40,1730,38,18,2,1712,0.95,0.0104046242774566,0.6785714285714286,0.3214285714285714,7.414716124534607
tfnbs,"e=0.7,h=4.0,n=30,start_thres=1.25",hub,0.25,50,16,40,1730,38,18,2,1712,0.95,0.0104046242774566,0.6785714285714286,0.3214285714285714,7.414716124534607
tfnbs,"e=0.7,h=5.0,n=30,start_thres=1.25",hub,0.25,50,16,40,1730,38,12,2,1718,0.95,0.006936416184971,0.76,0.24,7.414716124534607
tfnbs,"e=0.7,h=6.0,n=30,start_thres=1.25",hub,0.25,50,16,40,1730,38,10,2,1720,0.95,0.0057803468208092,0.7916666666666666,0.2083333333333333,7.414716124534607
tfnbs,"e=0.7,h=7.0,n=30,start_thres=1.25",hub,0.25,50,16,40,1730,37,7,3,1723,0.925,0.0040462427745664,0.8409090909090909,0.1590909090909091,7.414716124534607
tfnbs,"e=0.7,h=8.0,n=30,start_thres=1.25",hub,0.25,50,16,40,1730,37,7,3,1723,0.925,0.0040462427745664,0.8409090909090909,0.1590909090909091,7.414716124534607
tfnbs,"e=0.7,h=9.0,n=30,start_thres=1.25",hub,0.25,50,16,40,1730,36,4,4,1726,0.9,0.0023121387283236,0.9,0.1,7.414716124534607
tfnbs,"e=0.7,h=10.0,n=30,start_thres=1.25",hub,0.25,50,16,40,1730,36,4,4,1726,0.9,0.0023121387283236,0.9,0.1,7.414716124534607
tfnbs,"e=0.8,h=0.5,n=30,start_thres=1.25",hub,0.25,50,16,40,1730,39,46,1,1684,0.975,0.0265895953757225,0.4588235294117647,0.5411764705882353,7.414716124534607
tfnbs,"e=0.8,h=1.0,n=30,start_thres=1.25",hub,0.25,50,16,40,1730,39,46,1,1684,0.975,0.0265895953757225,0.4588235294117647,0.5411764705882353,7.414716124534607
tfnbs,"e=0.8,h=2.0,n=30,start_thres=1.25",hub,0.25,50,16,40,1730,39,46,1,1684,0.975,0.0265895953757225,0.4588235294117647,0.5411764705882353,7.414716124534607
tfnbs,"e=0.8,h=3.0,n=30,start_thres=1.25",hub,0.25,50,16,40,1730,39,35,1,1695,0.975,0.0202312138728323,0.527027027027027,0.4729729729729729,7.414716124534607
tfnbs,"e=0.8,h=4.0,n=30,start_thres=1.25",hub,0.25,50,16,40,1730,39,35,1,1695,0.975,0.0202312138728323,0.527027027027027,0.4729729729729729,7.414716124534607
tfnbs,"e=0.8,h=5.0,n=30,start_thres=1.25",hub,0.25,50,16,40,1730,38,18,2,1712,0.95,0.0104046242774566,0.6785714285714286,0.3214285714285714,7.414716124534607
tfnbs,"e=0.8,h=6.0,n=30,start_thres=1.25",hub,0.25,50,16,40,1730,38,12,2,1718,0.95,0.006936416184971,0.76,0.24,7.414716124534607
tfnbs,"e=0.8,h=7.0,n=30,start_thres=1.25",hub,0.25,50,16,40,1730,38,10,2,1720,0.95,0.0057803468208092,0.7916666666666666,0.2083333333333333,7.414716124534607
tfnbs,"e=0.8,h=8.0,n=30,start_thres=1.25",hub,0.25,50,16,40,1730,38,10,2,1720,0.95,0.0057803468208092,0.7916666666666666,0.2083333333333333,7.414716124534607
tfnbs,"e=0.8,h=9.0,n=30,start_thres=1.25",hub,0.25,50,16,40,1730,37,7,3,1723,0.925,0.0040462427745664,0.8409090909090909,0.1590909090909091,7.414716124534607
tfnbs,"e=0.8,h=10.0,n=30,start_thres=1.25",hub,0.25,50,16,40,1730,36,4,4,1726,0.9,0.0023121387283236,0.9,0.1,7.414716124534607
tfnbs,"e=0.9,h=0.5,n=30,start_thres=1.25",hub,0.25,50,16,40,1730,39,46,1,1684,0.975,0.0265895953757225,0.4588235294117647,0.5411764705882353,7.414716124534607
tfnbs,"e=0.9,h=1.0,n=30,start_thres=1.25",hub,0.25,50,16,40,1730,39,46,1,1684,0.975,0.0265895953757225,0.4588235294117647,0.5411764705882353,7.414716124534607
tfnbs,"e=0.9,h=2.0,n=30,start_thres=1.25",hub,0.25,50,16,40,1730,39,46,1,1684,0.975,0.0265895953757225,0.4588235294117647,0.5411764705882353,7.414716124534607
tfnbs,"e=0.9,h=3.0,n=30,start_thres=1.25",hub,0.25,50,16,40,1730,39,46,1,1684,0.975,0.0265895953757225,0.4588235294117647,0.5411764705882353,7.414716124534607
tfnbs,"e=0.9,h=4.0,n=30,start_thres=1.25",hub,0.25,50,16,40,1730,39,35,1,1695,0.975,0.0202312138728323,0.527027027027027,0.4729729729729729,7.414716124534607
tfnbs,"e=0.9,h=5.0,n=30,start_thres=1.25",hub,0.25,50,16,40,1730,39,35,1,1695,0.975,0.0202312138728323,0.527027027027027,0.4729729729729729,7.414716124534607
tfnbs,"e=0.9,h=6.0,n=30,start_thres=1.25",hub,0.25,50,16,40,1730,38,18,2,1712,0.95,0.0104046242774566,0.6785714285714286,0.3214285714285714,7.414716124534607
tfnbs,"e=0.9,h=7.0,n=30,start_thres=1.25",hub,0.25,50,16,40,1730,38,12,2,1718,0.95,0.006936416184971,0.76,0.24,7.414716124534607
tfnbs,"e=0.9,h=8.0,n=30,start_thres=1.25",hub,0.25,50,16,40,1730,38,10,2,1720,0.95,0.0057803468208092,0.7916666666666666,0.2083333333333333,7.414716124534607
tfnbs,"e=0.9,h=9.0,n=30,start_thres=1.25",hub,0.25,50,16,40,1730,38,10,2,1720,0.95,0.0057803468208092,0.7916666666666666,0.2083333333333333,7.414716124534607
tfnbs,"e=0.9,h=10.0,n=30,start_thres=1.25",hub,0.25,50,16,40,1730,37,7,3,1723,0.925,0.0040462427745664,0.8409090909090909,0.1590909090909091,7.414716124534607
tfnbs,"e=1.0,h=0.5,n=30,start_thres=1.25",hub,0.25,50,16,40,1730,40,61,0,1669,1.0,0.0352601156069364,0.396039603960396,0.6039603960396039,7.414716124534607
tfnbs,"e=1.0,h=1.0,n=30,start_thres=1.25",hub,0.25,50,16,40,1730,40,61,0,1669,1.0,0.0352601156069364,0.396039603960396,0.6039603960396039,7.414716124534607
tfnbs,"e=1.0,h=2.0,n=30,start_thres=1.25",hub,0.25,50,16,40,1730,39,46,1,1684,0.975,0.0265895953757225,0.4588235294117647,0.5411764705882353,7.414716124534607
tfnbs,"e=1.0,h=3.0,n=30,start_thres=1.25",hub,0.25,50,16,40,1730,39,46,1,1684,0.975,0.0265895953757225,0.4588235294117647,0.5411764705882353,7.414716124534607
tfnbs,"e=1.0,h=4.0,n=30,start_thres=1.25",hub,0.25,50,16,40,1730,39,46,1,1684,0.975,0.0265895953757225,0.4588235294117647,0.5411764705882353,7.414716124534607
tfnbs,"e=1.0,h=5.0,n=30,start_thres=1.25",hub,0.25,50,16,40,1730,39,35,1,1695,0.975,0.0202312138728323,0.527027027027027,0.4729729729729729,7.414716124534607
tfnbs,"e=1.0,h=6.0,n=30,start_thres=1.25",hub,0.25,50,16,40,1730,39,35,1,1695,0.975,0.0202312138728323,0.527027027027027,0.4729729729729729,7.414716124534607
tfnbs,"e=1.0,h=7.0,n=30,start_thres=1.25",hub,0.25,50,16,40,1730,38,18,2,1712,0.95,0.0104046242774566,0.6785714285714286,0.3214285714285714,7.414716124534607
tfnbs,"e=1.0,h=8.0,n=30,start_thres=1.25",hub,0.25,50,16,40,1730,38,12,2,1718,0.95,0.006936416184971,0.76,0.24,7.414716124534607
tfnbs,"e=1.0,h=9.0,n=30,start_thres=1.25",hub,0.25,50,16,40,1730,38,12,2,1718,0.95,0.006936416184971,0.76,0.24,7.414716124534607
tfnbs,"e=1.0,h=10.0,n=30,start_thres=1.25",hub,0.25,50,16,40,1730,38,10,2,1720,0.95,0.0057803468208092,0.7916666666666666,0.2083333333333333,7.414716124534607
tfnbs,"e=1.1,h=0.5,n=30,start_thres=1.25",hub,0.25,50,16,40,1730,40,61,0,1669,1.0,0.0352601156069364,0.396039603960396,0.6039603960396039,7.414716124534607
tfnbs,"e=1.1,h=1.0,n=30,start_thres=1.25",hub,0.25,50,16,40,1730,40,61,0,1669,1.0,0.0352601156069364,0.396039603960396,0.6039603960396039,7.414716124534607
tfnbs,"e=1.1,h=2.0,n=30,start_thres=1.25",hub,0.25,50,16,40,1730,40,61,0,1669,1.0,0.0352601156069364,0.396039603960396,0.6039603960396039,7.414716124534607
tfnbs,"e=1.1,h=3.0,n=30,start_thres=1.25",hub,0.25,50,16,40,1730,39,46,1,1684,0.975,0.0265895953757225,0.4588235294117647,0.5411764705882353,7.414716124534607
tfnbs,"e=1.1,h=4.0,n=30,start_thres=1.25",hub,0.25,50,16,40,1730,39,46,1,1684,0.975,0.0265895953757225,0.4588235294117647,0.5411764705882353,7.414716124534607
tfnbs,"e=1.1,h=5.0,n=30,start_thres=1.25",hub,0.25,50,16,40,1730,39,46,1,1684,0.975,0.0265895953757225,0.4588235294117647,0.5411764705882353,7.414716124534607
tfnbs,"e=1.1,h=6.0,n=30,start_thres=1.25",hub,0.25,50,16,40,1730,39,35,1,1695,0.975,0.0202312138728323,0.527027027027027,0.4729729729729729,7.414716124534607
tfnbs,"e=1.1,h=7.0,n=30,start_thres=1.25",hub,0.25,50,16,40,1730,39,35,1,1695,0.975,0.0202312138728323,0.527027027027027,0.4729729729729729,7.414716124534607
tfnbs,"e=1.1,h=8.0,n=30,start_thres=1.25",hub,0.25,50,16,40,1730,38,18,2,1712,0.95,0.0104046242774566,0.6785714285714286,0.3214285714285714,7.414716124534607
tfnbs,"e=1.1,h=9.0,n=30,start_thres=1.25",hub,0.25,50,16,40,1730,38,12,2,1718,0.95,0.006936416184971,0.76,0.24,7.414716124534607
tfnbs,"e=1.1,h=10.0,n=30,start_thres=1.25",hub,0.25,50,16,40,1730,38,12,2,1718,0.95,0.006936416184971,0.76,0.24,7.414716124534607
tfnbs,"e=1.2,h=0.5,n=30,start_thres=1.25",hub,0.25,50,16,40,1730,40,61,0,1669,1.0,0.0352601156069364,0.396039603960396,0.6039603960396039,7.414716124534607
tfnbs,"e=1.2,h=1.0,n=30,start_thres=1.25",hub,0.25,50,16,40,1730,40,61,0,1669,1.0,0.0352601156069364,0.396039603960396,0.6039603960396039,7.414716124534607
tfnbs,"e=1.2,h=2.0,n=30,start_thres=1.25",hub,0.25,50,16,40,1730,40,61,0,1669,1.0,0.0352601156069364,0.396039603960396,0.6039603960396039,7.414716124534607
tfnbs,"e=1.2,h=3.0,n=30,start_thres=1.25",hub,0.25,50,16,40,1730,40,61,0,1669,1.0,0.0352601156069364,0.396039603960396,0.6039603960396039,7.414716124534607
tfnbs,"e=1.2,h=4.0,n=30,start_thres=1.25",hub,0.25,50,16,40,1730,39,46,1,1684,0.975,0.0265895953757225,0.4588235294117647,0.5411764705882353,7.414716124534607
tfnbs,"e=1.2,h=5.0,n=30,start_thres=1.25",hub,0.25,50,16,40,1730,39,46,1,1684,0.975,0.0265895953757225,0.4588235294117647,0.5411764705882353,7.414716124534607
tfnbs,"e=1.2,h=6.0,n=30,start_thres=1.25",hub,0.25,50,16,40,1730,39,46,1,1684,0.975,0.0265895953757225,0.4588235294117647,0.5411764705882353,7.414716124534607
tfnbs,"e=1.2,h=7.0,n=30,start_thres=1.25",hub,0.25,50,16,40,1730,39,35,1,1695,0.975,0.0202312138728323,0.527027027027027,0.4729729729729729,7.414716124534607
tfnbs,"e=1.2,h=8.0,n=30,start_thres=1.25",hub,0.25,50,16,40,1730,39,35,1,1695,0.975,0.0202312138728323,0.527027027027027,0.4729729729729729,7.414716124534607
tfnbs,"e=1.2,h=9.0,n=30,start_thres=1.25",hub,0.25,50,16,40,1730,38,18,2,1712,0.95,0.0104046242774566,0.6785714285714286,0.3214285714285714,7.414716124534607
tfnbs,"e=1.2,h=10.0,n=30,start_thres=1.25",hub,0.25,50,16,40,1730,38,12,2,1718,0.95,0.006936416184971,0.76,0.24,7.414716124534607
tfnbs,"e=1.3,h=0.5,n=30,start_thres=1.25",hub,0.25,50,16,40,1730,40,87,0,1643,1.0,0.0502890173410404,0.3149606299212598,0.6850393700787402,7.414716124534607
tfnbs,"e=1.3,h=1.0,n=30,start_thres=1.25",hub,0.25,50,16,40,1730,40,61,0,1669,1.0,0.0352601156069364,0.396039603960396,0.6039603960396039,7.414716124534607
tfnbs,"e=1.3,h=2.0,n=30,start_thres=1.25",hub,0.25,50,16,40,1730,40,61,0,1669,1.0,0.0352601156069364,0.396039603960396,0.6039603960396039,7.414716124534607
tfnbs,"e=1.3,h=3.0,n=30,start_thres=1.25",hub,0.25,50,16,40,1730,40,61,0,1669,1.0,0.0352601156069364,0.396039603960396,0.6039603960396039,7.414716124534607
tfnbs,"e=1.3,h=4.0,n=30,start_thres=1.25",hub,0.25,50,16,40,1730,40,61,0,1669,1.0,0.0352601156069364,0.396039603960396,0.6039603960396039,7.414716124534607
tfnbs,"e=1.3,h=5.0,n=30,start_thres=1.25",hub,0.25,50,16,40,1730,40,61,0,1669,1.0,0.0352601156069364,0.396039603960396,0.6039603960396039,7.414716124534607
tfnbs,"e=1.3,h=6.0,n=30,start_thres=1.25",hub,0.25,50,16,40,1730,39,46,1,1684,0.975,0.0265895953757225,0.4588235294117647,0.5411764705882353,7.414716124534607
tfnbs,"e=1.3,h=7.0,n=30,start_thres=1.25",hub,0.25,50,16,40,1730,39,46,1,1684,0.975,0.0265895953757225,0.4588235294117647,0.5411764705882353,7.414716124534607
tfnbs,"e=1.3,h=8.0,n=30,start_thres=1.25",hub,0.25,50,16,40,1730,39,35,1,1695,0.975,0.0202312138728323,0.527027027027027,0.4729729729729729,7.414716124534607
tfnbs,"e=1.3,h=9.0,n=30,start_thres=1.25",hub,0.25,50,16,40,1730,39,35,1,1695,0.975,0.0202312138728323,0.527027027027027,0.4729729729729729,7.414716124534607
tfnbs,"e=1.3,h=10.0,n=30,start_thres=1.25",hub,0.25,50,16,40,1730,38,18,2,1712,0.95,0.0104046242774566,0.6785714285714286,0.3214285714285714,7.414716124534607
tfnbs,"e=1.4,h=0.5,n=30,start_thres=1.25",hub,0.25,50,16,40,1730,40,87,0,1643,1.0,0.0502890173410404,0.3149606299212598,0.6850393700787402,7.414716124534607
tfnbs,"e=1.4,h=1.0,n=30,start_thres=1.25",hub,0.25,50,16,40,1730,40,87,0,1643,1.0,0.0502890173410404,0.3149606299212598,0.6850393700787402,7.414716124534607
tfnbs,"e=1.4,h=2.0,n=30,start_thres=1.25",hub,0.25,50,16,40,1730,40,87,0,1643,1.0,0.0502890173410404,0.3149606299212598,0.6850393700787402,7.414716124534607
tfnbs,"e=1.4,h=3.0,n=30,start_thres=1.25",hub,0.25,50,16,40,1730,40,61,0,1669,1.0,0.0352601156069364,0.396039603960396,0.6039603960396039,7.414716124534607
tfnbs,"e=1.4,h=4.0,n=30,start_thres=1.25",hub,0.25,50,16,40,1730,40,61,0,1669,1.0,0.0352601156069364,0.396039603960396,0.6039603960396039,7.414716124534607
tfnbs,"e=1.4,h=5.0,n=30,start_thres=1.25",hub,0.25,50,16,40,1730,40,61,0,1669,1.0,0.0352601156069364,0.396039603960396,0.6039603960396039,7.414716124534607
tfnbs,"e=1.4,h=6.0,n=30,start_thres=1.25",hub,0.25,50,16,40,1730,40,61,0,1669,1.0,0.0352601156069364,0.396039603960396,0.6039603960396039,7.414716124534607
tfnbs,"e=1.4,h=7.0,n=30,start_thres=1.25",hub,0.25,50,16,40,1730,39,46,1,1684,0.975,0.0265895953757225,0.4588235294117647,0.5411764705882353,7.414716124534607
tfnbs,"e=1.4,h=8.0,n=30,start_thres=1.25",hub,0.25,50,16,40,1730,39,46,1,1684,0.975,0.0265895953757225,0.4588235294117647,0.5411764705882353,7.414716124534607
tfnbs,"e=1.4,h=9.0,n=30,start_thres=1.25",hub,0.25,50,16,40,1730,39,35,1,1695,0.975,0.0202312138728323,0.527027027027027,0.4729729729729729,7.414716124534607
tfnbs,"e=1.4,h=10.0,n=30,start_thres=1.25",hub,0.25,50,16,40,1730,39,35,1,1695,0.975,0.0202312138728323,0.527027027027027,0.4729729729729729,7.414716124534607
tfnbs,"e=1.5,h=0.5,n=30,start_thres=1.25",hub,0.25,50,16,40,1730,40,87,0,1643,1.0,0.0502890173410404,0.3149606299212598,0.6850393700787402,7.414716124534607
tfnbs,"e=1.5,h=1.0,n=30,start_thres=1.25",hub,0.25,50,16,40,1730,40,87,0,1643,1.0,0.0502890173410404,0.3149606299212598,0.6850393700787402,7.414716124534607
tfnbs,"e=1.5,h=2.0,n=30,start_thres=1.25",hub,0.25,50,16,40,1730,40,87,0,1643,1.0,0.0502890173410404,0.3149606299212598,0.6850393700787402,7.414716124534607
tfnbs,"e=1.5,h=3.0,n=30,start_thres=1.25",hub,0.25,50,16,40,1730,40,87,0,1643,1.0,0.0502890173410404,0.3149606299212598,0.6850393700787402,7.414716124534607
tfnbs,"e=1.5,h=4.0,n=30,start_thres=1.25",hub,0.25,50,16,40,1730,40,61,0,1669,1.0,0.0352601156069364,0.396039603960396,0.6039603960396039,7.414716124534607
tfnbs,"e=1.5,h=5.0,n=30,start_thres=1.25",hub,0.25,50,16,40,1730,40,61,0,1669,1.0,0.0352601156069364,0.396039603960396,0.6039603960396039,7.414716124534607
tfnbs,"e=1.5,h=6.0,n=30,start_thres=1.25",hub,0.25,50,16,40,1730,40,61,0,1669,1.0,0.0352601156069364,0.396039603960396,0.6039603960396039,7.414716124534607
tfnbs,"e=1.5,h=7.0,n=30,start_thres=1.25",hub,0.25,50,16,40,1730,40,61,0,1669,1.0,0.0352601156069364,0.396039603960396,0.6039603960396039,7.414716124534607
tfnbs,"e=1.5,h=8.0,n=30,start_thres=1.25",hub,0.25,50,16,40,1730,39,46,1,1684,0.975,0.0265895953757225,0.4588235294117647,0.5411764705882353,7.414716124534607
tfnbs,"e=1.5,h=9.0,n=30,start_thres=1.25",hub,0.25,50,16,40,1730,39,46,1,1684,0.975,0.0265895953757225,0.4588235294117647,0.5411764705882353,7.414716124534607
tfnbs,"e=1.5,h=10.0,n=30,start_thres=1.25",hub,0.25,50,16,40,1730,39,35,1,1695,0.975,0.0202312138728323,0.527027027027027,0.4729729729729729,7.414716124534607
nbs_extent,threshold=3.5,hub,0.25,50,9,40,1730,18,0,22,1730,0.45,0.0,1.0,0.0,7.167059183120728
nbs_extent,threshold=3.5,hub,0.25,50,10,40,1730,15,1,25,1729,0.375,0.0005780346820809,0.9375,0.0625,7.883794069290161
tfnbs,"e=0.05,h=0.5,n=30,start_thres=1.25",hub,0.25,50,12,40,1730,12,0,28,1730,0.3,0.0,1.0,0.0,7.47044572640549
tfnbs,"e=0.05,h=1.0,n=30,start_thres=1.25",hub,0.25,50,12,40,1730,12,0,28,1730,0.3,0.0,1.0,0.0,7.47044572640549
tfnbs,"e=0.05,h=2.0,n=30,start_thres=1.25",hub,0.25,50,12,40,1730,12,0,28,1730,0.3,0.0,1.0,0.0,7.47044572640549
tfnbs,"e=0.05,h=3.0,n=30,start_thres=1.25",hub,0.25,50,12,40,1730,9,0,31,1730,0.225,0.0,1.0,0.0,7.47044572640549
tfnbs,"e=0.05,h=4.0,n=30,start_thres=1.25",hub,0.25,50,12,40,1730,9,0,31,1730,0.225,0.0,1.0,0.0,7.47044572640549
tfnbs,"e=0.05,h=5.0,n=30,start_thres=1.25",hub,0.25,50,12,40,1730,9,0,31,1730,0.225,0.0,1.0,0.0,7.47044572640549
tfnbs,"e=0.05,h=6.0,n=30,start_thres=1.25",hub,0.25,50,12,40,1730,9,0,31,1730,0.225,0.0,1.0,0.0,7.47044572640549
tfnbs,"e=0.05,h=7.0,n=30,start_thres=1.25",hub,0.25,50,12,40,1730,9,0,31,1730,0.225,0.0,1.0,0.0,7.47044572640549
tfnbs,"e=0.05,h=8.0,n=30,start_thres=1.25",hub,0.25,50,12,40,1730,9,0,31,1730,0.225,0.0,1.0,0.0,7.47044572640549
tfnbs,"e=0.05,h=9.0,n=30,start_thres=1.25",hub,0.25,50,12,40,1730,9,0,31,1730,0.225,0.0,1.0,0.0,7.47044572640549
tfnbs,"e=0.05,h=10.0,n=30,start_thres=1.25",hub,0.25,50,12,40,1730,9,0,31,1730,0.225,0.0,1.0,0.0,7.47044572640549
tfnbs,"e=0.1,h=0.5,n=30,start_thres=1.25",hub,0.25,50,12,40,1730,13,0,27,1730,0.325,0.0,1.0,0.0,7.47044572640549
tfnbs,"e=0.1,h=1.0,n=30,start_thres=1.25",hub,0.25,50,12,40,1730,13,0,27,1730,0.325,0.0,1.0,0.0,7.47044572640549
tfnbs,"e=0.1,h=2.0,n=30,start_thres=1.25",hub,0.25,50,12,40,1730,13,0,27,1730,0.325,0.0,1.0,0.0,7.47044572640549
tfnbs,"e=0.1,h=3.0,n=30,start_thres=1.25",hub,0.25,50,12,40,1730,12,0,28,1730,0.3,0.0,1.0,0.0,7.47044572640549
tfnbs,"e=0.1,h=4.0,n=30,start_thres=1.25",hub,0.25,50,12,40,1730,12,0,28,1730,0.3,0.0,1.0,0.0,7.47044572640549
tfnbs,"e=0.1,h=5.0,n=30,start_thres=1.25",hub,0.25,50,12,40,1730,12,0,28,1730,0.3,0.0,1.0,0.0,7.47044572640549
tfnbs,"e=0.1,h=6.0,n=30,start_thres=1.25",hub,0.25,50,12,40,1730,12,0,28,1730,0.3,0.0,1.0,0.0,7.47044572640549
tfnbs,"e=0.1,h=7.0,n=30,start_thres=1.25",hub,0.25,50,12,40,1730,12,0,28,1730,0.3,0.0,1.0,0.0,7.47044572640549
tfnbs,"e=0.1,h=8.0,n=30,start_thres=1.25",hub,0.25,50,12,40,1730,9,0,31,1730,0.225,0.0,1.0,0.0,7.47044572640549
tfnbs,"e=0.1,h=9.0,n=30,start_thres=1.25",hub,0.25,50,12,40,1730,9,0,31,1730,0.225,0.0,1.0,0.0,7.47044572640549
tfnbs,"e=0.1,h=10.0,n=30,start_thres=1.25",hub,0.25,50,12,40,1730,9,0,31,1730,0.225,0.0,1.0,0.0,7.47044572640549
tfnbs,"e=0.2,h=0.5,n=30,start_thres=1.25",hub,0.25,50,12,40,1730,15,0,25,1730,0.375,0.0,1.0,0.0,7.47044572640549
tfnbs,"e=0.2,h=1.0,n=30,start_thres=1.25",hub,0.25,50,12,40,1730,15,0,25,1730,0.375,0.0,1.0,0.0,7.47044572640549
tfnbs,"e=0.2,h=2.0,n=30,start_thres=1.25",hub,0.25,50,12,40,1730,13,0,27,1730,0.325,0.0,1.0,0.0,7.47044572640549
tfnbs,"e=0.2,h=3.0,n=30,start_thres=1.25",hub,0.25,50,12,40,1730,13,0,27,1730,0.325,0.0,1.0,0.0,7.47044572640549
tfnbs,"e=0.2,h=4.0,n=30,start_thres=1.25",hub,0.25,50,12,40,1730,13,0,27,1730,0.325,0.0,1.0,0.0,7.47044572640549
tfnbs,"e=0.2,h=5.0,n=30,start_thres=1.25",hub,0.25,50,12,40,1730,13,0,27,1730,0.325,0.0,1.0,0.0,7.47044572640549
tfnbs,"e=0.2,h=6.0,n=30,start_thres=1.25",hub,0.25,50,12,40,1730,13,0,27,1730,0.325,0.0,1.0,0.0,7.47044572640549
tfnbs,"e=0.2,h=7.0,n=30,start_thres=1.25",hub,0.25,50,12,40,1730,12,0,28,1730,0.3,0.0,1.0,0.0,7.47044572640549
tfnbs,"e=0.2,h=8.0,n=30,start_thres=1.25",hub,0.25,50,12,40,1730,12,0,28,1730,0.3,0.0,1.0,0.0,7.47044572640549
tfnbs,"e=0.2,h=9.0,n=30,start_thres=1.25",hub,0.25,50,12,40,1730,12,0,28,1730,0.3,0.0,1.0,0.0,7.47044572640549
tfnbs,"e=0.2,h=10.0,n=30,start_thres=1.25",hub,0.25,50,12,40,1730,12,0,28,1730,0.3,0.0,1.0,0.0,7.47044572640549
tfnbs,"e=0.3,h=0.5,n=30,start_thres=1.25",hub,0.25,50,12,40,1730,20,0,20,1730,0.5,0.0,1.0,0.0,7.47044572640549
tfnbs,"e=0.3,h=1.0,n=30,start_thres=1.25",hub,0.25,50,12,40,1730,16,0,24,1730,0.4,0.0,1.0,0.0,7.47044572640549
tfnbs,"e=0.3,h=2.0,n=30,start_thres=1.25",hub,0.25,50,12,40,1730,16,0,24,1730,0.4,0.0,1.0,0.0,7.47044572640549
tfnbs,"e=0.3,h=3.0,n=30,start_thres=1.25",hub,0.25,50,12,40,1730,15,0,25,1730,0.375,0.0,1.0,0.0,7.47044572640549
tfnbs,"e=0.3,h=4.0,n=30,start_thres=1.25",hub,0.25,50,12,40,1730,15,0,25,1730,0.375,0.0,1.0,0.0,7.47044572640549
tfnbs,"e=0.3,h=5.0,n=30,start_thres=1.25",hub,0.25,50,12,40,1730,13,0,27,1730,0.325,0.0,1.0,0.0,7.47044572640549
tfnbs,"e=0.3,h=6.0,n=30,start_thres=1.25",hub,0.25,50,12,40,1730,13,0,27,1730,0.325,0.0,1.0,0.0,7.47044572640549
tfnbs,"e=0.3,h=7.0,n=30,start_thres=1.25",hub,0.25,50,12,40,1730,13,0,27,1730,0.325,0.0,1.0,0.0,7.47044572640549
tfnbs,"e=0.3,h=8.0,n=30,start_thres=1.25",hub,0.25,50,12,40,1730,13,0,27,1730,0.325,0.0,1.0,0.0,7.47044572640549
tfnbs,"e=0.3,h=9.0,n=30,start_thres=1.25",hub,0.25,50,12,40,1730,13,0,27,1730,0.325,0.0,1.0,0.0,7.47044572640549
tfnbs,"e=0.3,h=10.0,n=30,start_thres=1.25",hub,0.25,50,12,40,1730,12,0,28,1730,0.3,0.0,1.0,0.0,7.47044572640549
tfnbs,"e=0.4,h=0.5,n=30,start_thres=1.25",hub,0.25,50,12,40,1730,26,5,14,1725,0.65,0.0028901734104046,0.8387096774193549,0.1612903225806451,7.47044572640549
tfnbs,"e=0.4,h=1.0,n=30,start_thres=1.25",hub,0.25,50,12,40,1730,26,3,14,1727,0.65,0.0017341040462427,0.896551724137931,0.1034482758620689,7.47044572640549
tfnbs,"e=0.4,h=2.0,n=30,start_thres=1.25",hub,0.25,50,12,40,1730,20,0,20,1730,0.5,0.0,1.0,0.0,7.47044572640549
tfnbs,"e=0.4,h=3.0,n=30,start_thres=1.25",hub,0.25,50,12,40,1730,16,0,24,1730,0.4,0.0,1.0,0.0,7.47044572640549
tfnbs,"e=0.4,h=4.0,n=30,start_thres=1.25",hub,0.25,50,12,40,1730,16,0,24,1730,0.4,0.0,1.0,0.0,7.47044572640549
tfnbs,"e=0.4,h=5.0,n=30,start_thres=1.25",hub,0.25,50,12,40,1730,15,0,25,1730,0.375,0.0,1.0,0.0,7.47044572640549
tfnbs,"e=0.4,h=6.0,n=30,start_thres=1.25",hub,0.25,50,12,40,1730,15,0,25,1730,0.375,0.0,1.0,0.0,7.47044572640549
tfnbs,"e=0.4,h=7.0,n=30,start_thres=1.25",hub,0.25,50,12,40,1730,13,0,27,1730,0.325,0.0,1.0,0.0,7.47044572640549
tfnbs,"e=0.4,h=8.0,n=30,start_thres=1.25",hub,0.25,50,12,40,1730,13,0,27,1730,0.325,0.0,1.0,0.0,7.47044572640549
tfnbs,"e=0.4,h=9.0,n=30,start_thres=1.25",hub,0.25,50,12,40,1730,13,0,27,1730,0.325,0.0,1.0,0.0,7.47044572640549
tfnbs,"e=0.4,h=10.0,n=30,start_thres=1.25",hub,0.25,50,12,40,1730,13,0,27,1730,0.325,0.0,1.0,0.0,7.47044572640549
tfnbs,"e=0.5,h=0.5,n=30,start_thres=1.25",hub,0.25,50,12,40,1730,28,6,12,1724,0.7,0.0034682080924855,0.8235294117647058,0.1764705882352941,7.47044572640549
tfnbs,"e=0.5,h=1.0,n=30,start_thres=1.25",hub,0.25,50,12,40,1730,28,6,12,1724,0.7,0.0034682080924855,0.8235294117647058,0.1764705882352941,7.47044572640549
tfnbs,"e=0.5,h=2.0,n=30,start_thres=1.25",hub,0.25,50,12,40,1730,26,5,14,1725,0.65,0.0028901734104046,0.8387096774193549,0.1612903225806451,7.47044572640549
tfnbs,"e=0.5,h=3.0,n=30,start_thres=1.25",hub,0.25,50,12,40,1730,26,2,14,1728,0.65,0.0011560693641618,0.9285714285714286,0.0714285714285714,7.47044572640549
tfnbs,"e=0.5,h=4.0,n=30,start_thres=1.25",hub,0.25,50,12,40,1730,20,0,20,1730,0.5,0.0,1.0,0.0,7.47044572640549
tfnbs,"e=0.5,h=5.0,n=30,start_thres=1.25",hub,0.25,50,12,40,1730,16,0,24,1730,0.4,0.0,1.0,0.0,7.47044572640549
tfnbs,"e=0.5,h=6.0,n=30,start_thres=1.25",hub,0.25,50,12,40,1730,16,0,24,1730,0.4,0.0,1.0,0.0,7.47044572640549
tfnbs,"e=0.5,h=7.0,n=30,start_thres=1.25",hub,0.25,50,12,40,1730,15,0,25,1730,0.375,0.0,1.0,0.0,7.47044572640549
tfnbs,"e=0.5,h=8.0,n=30,start_thres=1.25",hub,0.25,50,12,40,1730,13,0,27,1730,0.325,0.0,1.0,0.0,7.47044572640549
tfnbs,"e=0.5,h=9.0,n=30,start_thres=1.25",hub,0.25,50,12,40,1730,13,0,27,1730,0.325,0.0,1.0,0.0,7.47044572640549
tfnbs,"e=0.5,h=10.0,n=30,start_thres=1.25",hub,0.25,50,12,40,1730,13,0,27,1730,0.325,0.0,1.0,0.0,7.47044572640549
tfnbs,"e=0.6,h=0.5,n=30,start_thres=1.25",hub,0.25,50,12,40,1730,31,7,9,1723,0.775,0.0040462427745664,0.8157894736842105,0.1842105263157894,7.47044572640549
tfnbs,"e=0.6,h=1.0,n=30,start_thres=1.25",hub,0.25,50,12,40,1730,31,7,9,1723,0.775,0.0040462427745664,0.8157894736842105,0.1842105263157894,7.47044572640549
tfnbs,"e=0.6,h=2.0,n=30,start_thres=1.25",hub,0.25,50,12,40,1730,28,6,12,1724,0.7,0.0034682080924855,0.8235294117647058,0.1764705882352941,7.47044572640549
tfnbs,"e=0.6,h=3.0,n=30,start_thres=1.25",hub,0.25,50,12,40,1730,28,6,12,1724,0.7,0.0034682080924855,0.8235294117647058,0.1764705882352941,7.47044572640549
tfnbs,"e=0.6,h=4.0,n=30,start_thres=1.25",hub,0.25,50,12,40,1730,26,2,14,1728,0.65,0.0011560693641618,0.9285714285714286,0.0714285714285714,7.47044572640549
tfnbs,"e=0.6,h=5.0,n=30,start_thres=1.25",hub,0.25,50,12,40,1730,20,0,20,1730,0.5,0.0,1.0,0.0,7.47044572640549
tfnbs,"e=0.6,h=6.0,n=30,start_thres=1.25",hub,0.25,50,12,40,1730,16,0,24,1730,0.4,0.0,1.0,0.0,7.47044572640549
tfnbs,"e=0.6,h=7.0,n=30,start_thres=1.25",hub,0.25,50,12,40,1730,16,0,24,1730,0.4,0.0,1.0,0.0,7.47044572640549
tfnbs,"e=0.6,h=8.0,n=30,start_thres=1.25",hub,0.25,50,12,40,1730,15,0,25,1730,0.375,0.0,1.0,0.0,7.47044572640549
tfnbs,"e=0.6,h=9.0,n=30,start_thres=1.25",hub,0.25,50,12,40,1730,15,0,25,1730,0.375,0.0,1.0,0.0,7.47044572640549
tfnbs,"e=0.6,h=10.0,n=30,start_thres=1.25",hub,0.25,50,12,40,1730,13,0,27,1730,0.325,0.0,1.0,0.0,7.47044572640549
tfnbs,"e=0.7,h=0.5,n=30,start_thres=1.25",hub,0.25,50,12,40,1730,31,9,9,1721,0.775,0.0052023121387283,0.775,0.225,7.47044572640549
tfnbs,"e=0.7,h=1.0,n=30,start_thres=1.25",hub,0.25,50,12,40,1730,31,8,9,1722,0.775,0.0046242774566473,0.7948717948717948,0.2051282051282051,7.47044572640549
tfnbs,"e=0.7,h=2.0,n=30,start_thres=1.25",hub,0.25,50,12,40,1730,31,8,9,1722,0.775,0.0046242774566473,0.7948717948717948,0.2051282051282051,7.47044572640549
tfnbs,"e=0.7,h=3.0,n=30,start_thres=1.25",hub,0.25,50,12,40,1730,28,6,12,1724,0.7,0.0034682080924855,0.8235294117647058,0.1764705882352941,7.47044572640549
tfnbs,"e=0.7,h=4.0,n=30,start_thres=1.25",hub,0.25,50,12,40,1730,28,6,12,1724,0.7,0.0034682080924855,0.8235294117647058,0.1764705882352941,7.47044572640549
tfnbs,"e=0.7,h=5.0,n=30,start_thres=1.25",hub,0.25,50,12,40,1730,26,2,14,1728,0.65,0.0011560693641618,0.9285714285714286,0.0714285714285714,7.47044572640549
tfnbs,"e=0.7,h=6.0,n=30,start_thres=1.25",hub,0.25,50,12,40,1730,20,0,20,1730,0.5,0.0,1.0,0.0,7.47044572640549
tfnbs,"e=0.7,h=7.0,n=30,start_thres=1.25",hub,0.25,50,12,40,1730,20,0,20,1730,0.5,0.0,1.0,0.0,7.47044572640549
tfnbs,"e=0.7,h=8.0,n=30,start_thres=1.25",hub,0.25,50,12,40,1730,16,0,24,1730,0.4,0.0,1.0,0.0,7.47044572640549
tfnbs,"e=0.7,h=9.0,n=30,start_thres=1.25",hub,0.25,50,12,40,1730,15,0,25,1730,0.375,0.0,1.0,0.0,7.47044572640549
tfnbs,"e=0.7,h=10.0,n=30,start_thres=1.25",hub,0.25,50,12,40,1730,15,0,25,1730,0.375,0.0,1.0,0.0,7.47044572640549
tfnbs,"e=0.8,h=0.5,n=30,start_thres=1.25",hub,0.25,50,12,40,1730,34,15,6,1715,0.85,0.0086705202312138,0.6938775510204082,0.3061224489795918,7.47044572640549
tfnbs,"e=0.8,h=1.0,n=30,start_thres=1.25",hub,0.25,50,12,40,1730,34,15,6,1715,0.85,0.0086705202312138,0.6938775510204082,0.3061224489795918,7.47044572640549
tfnbs,"e=0.8,h=2.0,n=30,start_thres=1.25",hub,0.25,50,12,40,1730,31,9,9,1721,0.775,0.0052023121387283,0.775,0.225,7.47044572640549
tfnbs,"e=0.8,h=3.0,n=30,start_thres=1.25",hub,0.25,50,12,40,1730,31,8,9,1722,0.775,0.0046242774566473,0.7948717948717948,0.2051282051282051,7.47044572640549
tfnbs,"e=0.8,h=4.0,n=30,start_thres=1.25",hub,0.25,50,12,40,1730,31,7,9,1723,0.775,0.0040462427745664,0.8157894736842105,0.1842105263157894,7.47044572640549
tfnbs,"e=0.8,h=5.0,n=30,start_thres=1.25",hub,0.25,50,12,40,1730,28,6,12,1724,0.7,0.0034682080924855,0.8235294117647058,0.1764705882352941,7.47044572640549
tfnbs,"e=0.8,h=6.0,n=30,start_thres=1.25",hub,0.25,50,12,40,1730,26,2,14,1728,0.65,0.0011560693641618,0.9285714285714286,0.0714285714285714,7.47044572640549
tfnbs,"e=0.8,h=7.0,n=30,start_thres=1.25",hub,0.25,50,12,40,1730,26,2,14,1728,0.65,0.0011560693641618,0.9285714285714286,0.0714285714285714,7.47044572640549
tfnbs,"e=0.8,h=8.0,n=30,start_thres=1.25",hub,0.25,50,12,40,1730,20,0,20,1730,0.5,0.0,1.0,0.0,7.47044572640549
tfnbs,"e=0.8,h=9.0,n=30,start_thres=1.25",hub,0.25,50,12,40,1730,16,0,24,1730,0.4,0.0,1.0,0.0,7.47044572640549
tfnbs,"e=0.8,h=10.0,n=30,start_thres=1.25",hub,0.25,50,12,40,1730,16,0,24,1730,0.4,0.0,1.0,0.0,7.47044572640549
tfnbs,"e=0.9,h=0.5,n=30,start_thres=1.25",hub,0.25,50,12,40,1730,34,15,6,1715,0.85,0.0086705202312138,0.6938775510204082,0.3061224489795918,7.47044572640549
tfnbs,"e=0.9,h=1.0,n=30,start_thres=1.25",hub,0.25,50,12,40,1730,34,15,6,1715,0.85,0.0086705202312138,0.6938775510204082,0.3061224489795918,7.47044572640549
tfnbs,"e=0.9,h=2.0,n=30,start_thres=1.25",hub,0.25,50,12,40,1730,34,15,6,1715,0.85,0.0086705202312138,0.6938775510204082,0.3061224489795918,7.47044572640549
tfnbs,"e=0.9,h=3.0,n=30,start_thres=1.25",hub,0.25,50,12,40,1730,31,9,9,1721,0.775,0.0052023121387283,0.775,0.225,7.47044572640549
tfnbs,"e=0.9,h=4.0,n=30,start_thres=1.25",hub,0.25,50,12,40,1730,31,8,9,1722,0.775,0.0046242774566473,0.7948717948717948,0.2051282051282051,7.47044572640549
tfnbs,"e=0.9,h=5.0,n=30,start_thres=1.25",hub,0.25,50,12,40,1730,31,7,9,1723,0.775,0.0040462427745664,0.8157894736842105,0.1842105263157894,7.47044572640549
tfnbs,"e=0.9,h=6.0,n=30,start_thres=1.25",hub,0.25,50,12,40,1730,28,6,12,1724,0.7,0.0034682080924855,0.8235294117647058,0.1764705882352941,7.47044572640549
tfnbs,"e=0.9,h=7.0,n=30,start_thres=1.25",hub,0.25,50,12,40,1730,26,2,14,1728,0.65,0.0011560693641618,0.9285714285714286,0.0714285714285714,7.47044572640549
tfnbs,"e=0.9,h=8.0,n=30,start_thres=1.25",hub,0.25,50,12,40,1730,26,2,14,1728,0.65,0.0011560693641618,0.9285714285714286,0.0714285714285714,7.47044572640549
tfnbs,"e=0.9,h=9.0,n=30,start_thres=1.25",hub,0.25,50,12,40,1730,20,0,20,1730,0.5,0.0,1.0,0.0,7.47044572640549
tfnbs,"e=0.9,h=10.0,n=30,start_thres=1.25",hub,0.25,50,12,40,1730,16,0,24,1730,0.4,0.0,1.0,0.0,7.47044572640549
tfnbs,"e=1.0,h=0.5,n=30,start_thres=1.25",hub,0.25,50,12,40,1730,34,15,6,1715,0.85,0.0086705202312138,0.6938775510204082,0.3061224489795918,7.47044572640549
tfnbs,"e=1.0,h=1.0,n=30,start_thres=1.25",hub,0.25,50,12,40,1730,34,15,6,1715,0.85,0.0086705202312138,0.6938775510204082,0.3061224489795918,7.47044572640549
tfnbs,"e=1.0,h=2.0,n=30,start_thres=1.25",hub,0.25,50,12,40,1730,34,15,6,1715,0.85,0.0086705202312138,0.6938775510204082,0.3061224489795918,7.47044572640549
tfnbs,"e=1.0,h=3.0,n=30,start_thres=1.25",hub,0.25,50,12,40,1730,34,15,6,1715,0.85,0.0086705202312138,0.6938775510204082,0.3061224489795918,7.47044572640549
tfnbs,"e=1.0,h=4.0,n=30,start_thres=1.25",hub,0.25,50,12,40,1730,34,15,6,1715,0.85,0.0086705202312138,0.6938775510204082,0.3061224489795918,7.47044572640549
tfnbs,"e=1.0,h=5.0,n=30,start_thres=1.25",hub,0.25,50,12,40,1730,31,8,9,1722,0.775,0.0046242774566473,0.7948717948717948,0.2051282051282051,7.47044572640549
tfnbs,"e=1.0,h=6.0,n=30,start_thres=1.25",hub,0.25,50,12,40,1730,31,7,9,1723,0.775,0.0040462427745664,0.8157894736842105,0.1842105263157894,7.47044572640549
tfnbs,"e=1.0,h=7.0,n=30,start_thres=1.25",hub,0.25,50,12,40,1730,28,5,12,1725,0.7,0.0028901734104046,0.8484848484848485,0.1515151515151515,7.47044572640549
tfnbs,"e=1.0,h=8.0,n=30,start_thres=1.25",hub,0.25,50,12,40,1730,26,2,14,1728,0.65,0.0011560693641618,0.9285714285714286,0.0714285714285714,7.47044572640549
tfnbs,"e=1.0,h=9.0,n=30,start_thres=1.25",hub,0.25,50,12,40,1730,26,2,14,1728,0.65,0.0011560693641618,0.9285714285714286,0.0714285714285714,7.47044572640549
tfnbs,"e=1.0,h=10.0,n=30,start_thres=1.25",hub,0.25,50,12,40,1730,20,0,20,1730,0.5,0.0,1.0,0.0,7.47044572640549
tfnbs,"e=1.1,h=0.5,n=30,start_thres=1.25",hub,0.25,50,12,40,1730,34,15,6,1715,0.85,0.0086705202312138,0.6938775510204082,0.3061224489795918,7.47044572640549
tfnbs,"e=1.1,h=1.0,n=30,start_thres=1.25",hub,0.25,50,12,40,1730,34,15,6,1715,0.85,0.0086705202312138,0.6938775510204082,0.3061224489795918,7.47044572640549
tfnbs,"e=1.1,h=2.0,n=30,start_thres=1.25",hub,0.25,50,12,40,1730,34,15,6,1715,0.85,0.0086705202312138,0.6938775510204082,0.3061224489795918,7.47044572640549
tfnbs,"e=1.1,h=3.0,n=30,start_thres=1.25",hub,0.25,50,12,40,1730,34,15,6,1715,0.85,0.0086705202312138,0.6938775510204082,0.3061224489795918,7.47044572640549
tfnbs,"e=1.1,h=4.0,n=30,start_thres=1.25",hub,0.25,50,12,40,1730,34,15,6,1715,0.85,0.0086705202312138,0.6938775510204082,0.3061224489795918,7.47044572640549
tfnbs,"e=1.1,h=5.0,n=30,start_thres=1.25",hub,0.25,50,12,40,1730,34,15,6,1715,0.85,0.0086705202312138,0.6938775510204082,0.3061224489795918,7.47044572640549
tfnbs,"e=1.1,h=6.0,n=30,start_thres=1.25",hub,0.25,50,12,40,1730,31,8,9,1722,0.775,0.0046242774566473,0.7948717948717948,0.2051282051282051,7.47044572640549
tfnbs,"e=1.1,h=7.0,n=30,start_thres=1.25",hub,0.25,50,12,40,1730,31,7,9,1723,0.775,0.0040462427745664,0.8157894736842105,0.1842105263157894,7.47044572640549
tfnbs,"e=1.1,h=8.0,n=30,start_thres=1.25",hub,0.25,50,12,40,1730,28,5,12,1725,0.7,0.0028901734104046,0.8484848484848485,0.1515151515151515,7.47044572640549
tfnbs,"e=1.1,h=9.0,n=30,start_thres=1.25",hub,0.25,50,12,40,1730,26,4,14,1726,0.65,0.0023121387283236,0.8666666666666667,0.1333333333333333,7.47044572640549
tfnbs,"e=1.1,h=10.0,n=30,start_thres=1.25",hub,0.25,50,12,40,1730,26,2,14,1728,0.65,0.0011560693641618,0.9285714285714286,0.0714285714285714,7.47044572640549
tfnbs,"e=1.2,h=0.5,n=30,start_thres=1.25",hub,0.25,50,12,40,1730,36,18,4,1712,0.9,0.0104046242774566,0.6666666666666666,0.3333333333333333,7.47044572640549
tfnbs,"e=1.2,h=1.0,n=30,start_thres=1.25",hub,0.25,50,12,40,1730,36,18,4,1712,0.9,0.0104046242774566,0.6666666666666666,0.3333333333333333,7.47044572640549
tfnbs,"e=1.2,h=2.0,n=30,start_thres=1.25",hub,0.25,50,12,40,1730,36,18,4,1712,0.9,0.0104046242774566,0.6666666666666666,0.3333333333333333,7.47044572640549
tfnbs,"e=1.2,h=3.0,n=30,start_thres=1.25",hub,0.25,50,12,40,1730,34,15,6,1715,0.85,0.0086705202312138,0.6938775510204082,0.3061224489795918,7.47044572640549
tfnbs,"e=1.2,h=4.0,n=30,start_thres=1.25",hub,0.25,50,12,40,1730,34,15,6,1715,0.85,0.0086705202312138,0.6938775510204082,0.3061224489795918,7.47044572640549
tfnbs,"e=1.2,h=5.0,n=30,start_thres=1.25",hub,0.25,50,12,40,1730,34,15,6,1715,0.85,0.0086705202312138,0.6938775510204082,0.3061224489795918,7.47044572640549
tfnbs,"e=1.2,h=6.0,n=30,start_thres=1.25",hub,0.25,50,12,40,1730,34,15,6,1715,0.85,0.0086705202312138,0.6938775510204082,0.3061224489795918,7.47044572640549
tfnbs,"e=1.2,h=7.0,n=30,start_thres=1.25",hub,0.25,50,12,40,1730,31,8,9,1722,0.775,0.0046242774566473,0.7948717948717948,0.2051282051282051,7.47044572640549
tfnbs,"e=1.2,h=8.0,n=30,start_thres=1.25",hub,0.25,50,12,40,1730,31,7,9,1723,0.775,0.0040462427745664,0.8157894736842105,0.1842105263157894,7.47044572640549
tfnbs,"e=1.2,h=9.0,n=30,start_thres=1.25",hub,0.25,50,12,40,1730,28,5,12,1725,0.7,0.0028901734104046,0.8484848484848485,0.1515151515151515,7.47044572640549
tfnbs,"e=1.2,h=10.0,n=30,start_thres=1.25",hub,0.25,50,12,40,1730,26,4,14,1726,0.65,0.0023121387283236,0.8666666666666667,0.1333333333333333,7.47044572640549
tfnbs,"e=1.3,h=0.5,n=30,start_thres=1.25",hub,0.25,50,12,40,1730,36,18,4,1712,0.9,0.0104046242774566,0.6666666666666666,0.3333333333333333,7.47044572640549
tfnbs,"e=1.3,h=1.0,n=30,start_thres=1.25",hub,0.25,50,12,40,1730,36,18,4,1712,0.9,0.0104046242774566,0.6666666666666666,0.3333333333333333,7.47044572640549
tfnbs,"e=1.3,h=2.0,n=30,start_thres=1.25",hub,0.25,50,12,40,1730,36,18,4,1712,0.9,0.0104046242774566,0.6666666666666666,0.3333333333333333,7.47044572640549
tfnbs,"e=1.3,h=3.0,n=30,start_thres=1.25",hub,0.25,50,12,40,1730,36,18,4,1712,0.9,0.0104046242774566,0.6666666666666666,0.3333333333333333,7.47044572640549
tfnbs,"e=1.3,h=4.0,n=30,start_thres=1.25",hub,0.25,50,12,40,1730,36,18,4,1712,0.9,0.0104046242774566,0.6666666666666666,0.3333333333333333,7.47044572640549
tfnbs,"e=1.3,h=5.0,n=30,start_thres=1.25",hub,0.25,50,12,40,1730,34,15,6,1715,0.85,0.0086705202312138,0.6938775510204082,0.3061224489795918,7.47044572640549
tfnbs,"e=1.3,h=6.0,n=30,start_thres=1.25",hub,0.25,50,12,40,1730,34,15,6,1715,0.85,0.0086705202312138,0.6938775510204082,0.3061224489795918,7.47044572640549
tfnbs,"e=1.3,h=7.0,n=30,start_thres=1.25",hub,0.25,50,12,40,1730,34,15,6,1715,0.85,0.0086705202312138,0.6938775510204082,0.3061224489795918,7.47044572640549
tfnbs,"e=1.3,h=8.0,n=30,start_thres=1.25",hub,0.25,50,12,40,1730,31,8,9,1722,0.775,0.0046242774566473,0.7948717948717948,0.2051282051282051,7.47044572640549
tfnbs,"e=1.3,h=9.0,n=30,start_thres=1.25",hub,0.25,50,12,40,1730,31,7,9,1723,0.775,0.0040462427745664,0.8157894736842105,0.1842105263157894,7.47044572640549
tfnbs,"e=1.3,h=10.0,n=30,start_thres=1.25",hub,0.25,50,12,40,1730,28,5,12,1725,0.7,0.0028901734104046,0.8484848484848485,0.1515151515151515,7.47044572640549
tfnbs,"e=1.4,h=0.5,n=30,start_thres=1.25",hub,0.25,50,12,40,1730,36,18,4,1712,0.9,0.0104046242774566,0.6666666666666666,0.3333333333333333,7.47044572640549
tfnbs,"e=1.4,h=1.0,n=30,start_thres=1.25",hub,0.25,50,12,40,1730,36,18,4,1712,0.9,0.0104046242774566,0.6666666666666666,0.3333333333333333,7.47044572640549
tfnbs,"e=1.4,h=2.0,n=30,start_thres=1.25",hub,0.25,50,12,40,1730,36,18,4,1712,0.9,0.0104046242774566,0.6666666666666666,0.3333333333333333,7.47044572640549
tfnbs,"e=1.4,h=3.0,n=30,start_thres=1.25",hub,0.25,50,12,40,1730,36,18,4,1712,0.9,0.0104046242774566,0.6666666666666666,0.3333333333333333,7.47044572640549
tfnbs,"e=1.4,h=4.0,n=30,start_thres=1.25",hub,0.25,50,12,40,1730,36,18,4,1712,0.9,0.0104046242774566,0.6666666666666666,0.3333333333333333,7.47044572640549
tfnbs,"e=1.4,h=5.0,n=30,start_thres=1.25",hub,0.25,50,12,40,1730,36,18,4,1712,0.9,0.0104046242774566,0.6666666666666666,0.3333333333333333,7.47044572640549
tfnbs,"e=1.4,h=6.0,n=30,start_thres=1.25",hub,0.25,50,12,40,1730,34,15,6,1715,0.85,0.0086705202312138,0.6938775510204082,0.3061224489795918,7.47044572640549
tfnbs,"e=1.4,h=7.0,n=30,start_thres=1.25",hub,0.25,50,12,40,1730,34,15,6,1715,0.85,0.0086705202312138,0.6938775510204082,0.3061224489795918,7.47044572640549
tfnbs,"e=1.4,h=8.0,n=30,start_thres=1.25",hub,0.25,50,12,40,1730,34,15,6,1715,0.85,0.0086705202312138,0.6938775510204082,0.3061224489795918,7.47044572640549
tfnbs,"e=1.4,h=9.0,n=30,start_thres=1.25",hub,0.25,50,12,40,1730,31,7,9,1723,0.775,0.0040462427745664,0.8157894736842105,0.1842105263157894,7.47044572640549
tfnbs,"e=1.4,h=10.0,n=30,start_thres=1.25",hub,0.25,50,12,40,1730,31,6,9,1724,0.775,0.0034682080924855,0.8378378378378378,0.1621621621621621,7.47044572640549
tfnbs,"e=1.5,h=0.5,n=30,start_thres=1.25",hub,0.25,50,12,40,1730,36,18,4,1712,0.9,0.0104046242774566,0.6666666666666666,0.3333333333333333,7.47044572640549
tfnbs,"e=1.5,h=1.0,n=30,start_thres=1.25",hub,0.25,50,12,40,1730,36,18,4,1712,0.9,0.0104046242774566,0.6666666666666666,0.3333333333333333,7.47044572640549
tfnbs,"e=1.5,h=2.0,n=30,start_thres=1.25",hub,0.25,50,12,40,1730,36,18,4,1712,0.9,0.0104046242774566,0.6666666666666666,0.3333333333333333,7.47044572640549
tfnbs,"e=1.5,h=3.0,n=30,start_thres=1.25",hub,0.25,50,12,40,1730,36,18,4,1712,0.9,0.0104046242774566,0.6666666666666666,0.3333333333333333,7.47044572640549
tfnbs,"e=1.5,h=4.0,n=30,start_thres=1.25",hub,0.25,50,12,40,1730,36,18,4,1712,0.9,0.0104046242774566,0.6666666666666666,0.3333333333333333,7.47044572640549
tfnbs,"e=1.5,h=5.0,n=30,start_thres=1.25",hub,0.25,50,12,40,1730,36,18,4,1712,0.9,0.0104046242774566,0.6666666666666666,0.3333333333333333,7.47044572640549
tfnbs,"e=1.5,h=6.0,n=30,start_thres=1.25",hub,0.25,50,12,40,1730,36,18,4,1712,0.9,0.0104046242774566,0.6666666666666666,0.3333333333333333,7.47044572640549
tfnbs,"e=1.5,h=7.0,n=30,start_thres=1.25",hub,0.25,50,12,40,1730,34,15,6,1715,0.85,0.0086705202312138,0.6938775510204082,0.3061224489795918,7.47044572640549
tfnbs,"e=1.5,h=8.0,n=30,start_thres=1.25",hub,0.25,50,12,40,1730,34,15,6,1715,0.85,0.0086705202312138,0.6938775510204082,0.3061224489795918,7.47044572640549
tfnbs,"e=1.5,h=9.0,n=30,start_thres=1.25",hub,0.25,50,12,40,1730,34,15,6,1715,0.85,0.0086705202312138,0.6938775510204082,0.3061224489795918,7.47044572640549
tfnbs,"e=1.5,h=10.0,n=30,start_thres=1.25",hub,0.25,50,12,40,1730,31,7,9,1723,0.775,0.0040462427745664,0.8157894736842105,0.1842105263157894,7.47044572640549
nbs_extent,threshold=3.5,hub,0.25,50,11,40,1730,22,2,18,1728,0.55,0.0011560693641618,0.9166666666666666,0.0833333333333333,7.537596702575684
nbs_extent,threshold=3.5,hub,0.25,50,15,40,1730,17,2,23,1728,0.425,0.0011560693641618,0.8947368421052632,0.1052631578947368,6.085897922515869
nbs_extent,threshold=3.5,hub,0.25,50,13,40,1730,25,0,15,1730,0.625,0.0,1.0,0.0,6.81086540222168
nbs_extent,threshold=3.5,hub,0.25,50,12,40,1730,15,0,25,1730,0.375,0.0,1.0,0.0,6.9957804679870605
tfnbs,"e=0.05,h=0.5,n=30,start_thres=1.25",hub,0.25,50,6,40,1730,8,0,32,1730,0.2,0.0,1.0,0.0,7.58341511813077
tfnbs,"e=0.05,h=1.0,n=30,start_thres=1.25",hub,0.25,50,6,40,1730,8,0,32,1730,0.2,0.0,1.0,0.0,7.58341511813077
tfnbs,"e=0.05,h=2.0,n=30,start_thres=1.25",hub,0.25,50,6,40,1730,7,0,33,1730,0.175,0.0,1.0,0.0,7.58341511813077
tfnbs,"e=0.05,h=3.0,n=30,start_thres=1.25",hub,0.25,50,6,40,1730,7,0,33,1730,0.175,0.0,1.0,0.0,7.58341511813077
tfnbs,"e=0.05,h=4.0,n=30,start_thres=1.25",hub,0.25,50,6,40,1730,7,0,33,1730,0.175,0.0,1.0,0.0,7.58341511813077
tfnbs,"e=0.05,h=5.0,n=30,start_thres=1.25",hub,0.25,50,6,40,1730,7,0,33,1730,0.175,0.0,1.0,0.0,7.58341511813077
tfnbs,"e=0.05,h=6.0,n=30,start_thres=1.25",hub,0.25,50,6,40,1730,7,0,33,1730,0.175,0.0,1.0,0.0,7.58341511813077
tfnbs,"e=0.05,h=7.0,n=30,start_thres=1.25",hub,0.25,50,6,40,1730,7,0,33,1730,0.175,0.0,1.0,0.0,7.58341511813077
tfnbs,"e=0.05,h=8.0,n=30,start_thres=1.25",hub,0.25,50,6,40,1730,7,0,33,1730,0.175,0.0,1.0,0.0,7.58341511813077
tfnbs,"e=0.05,h=9.0,n=30,start_thres=1.25",hub,0.25,50,6,40,1730,7,0,33,1730,0.175,0.0,1.0,0.0,7.58341511813077
tfnbs,"e=0.05,h=10.0,n=30,start_thres=1.25",hub,0.25,50,6,40,1730,7,0,33,1730,0.175,0.0,1.0,0.0,7.58341511813077
tfnbs,"e=0.1,h=0.5,n=30,start_thres=1.25",hub,0.25,50,6,40,1730,10,0,30,1730,0.25,0.0,1.0,0.0,7.58341511813077
tfnbs,"e=0.1,h=1.0,n=30,start_thres=1.25",hub,0.25,50,6,40,1730,10,0,30,1730,0.25,0.0,1.0,0.0,7.58341511813077
tfnbs,"e=0.1,h=2.0,n=30,start_thres=1.25",hub,0.25,50,6,40,1730,8,0,32,1730,0.2,0.0,1.0,0.0,7.58341511813077
tfnbs,"e=0.1,h=3.0,n=30,start_thres=1.25",hub,0.25,50,6,40,1730,8,0,32,1730,0.2,0.0,1.0,0.0,7.58341511813077
tfnbs,"e=0.1,h=4.0,n=30,start_thres=1.25",hub,0.25,50,6,40,1730,8,0,32,1730,0.2,0.0,1.0,0.0,7.58341511813077
tfnbs,"e=0.1,h=5.0,n=30,start_thres=1.25",hub,0.25,50,6,40,1730,8,0,32,1730,0.2,0.0,1.0,0.0,7.58341511813077
tfnbs,"e=0.1,h=6.0,n=30,start_thres=1.25",hub,0.25,50,6,40,1730,7,0,33,1730,0.175,0.0,1.0,0.0,7.58341511813077
tfnbs,"e=0.1,h=7.0,n=30,start_thres=1.25",hub,0.25,50,6,40,1730,7,0,33,1730,0.175,0.0,1.0,0.0,7.58341511813077
tfnbs,"e=0.1,h=8.0,n=30,start_thres=1.25",hub,0.25,50,6,40,1730,7,0,33,1730,0.175,0.0,1.0,0.0,7.58341511813077
tfnbs,"e=0.1,h=9.0,n=30,start_thres=1.25",hub,0.25,50,6,40,1730,7,0,33,1730,0.175,0.0,1.0,0.0,7.58341511813077
tfnbs,"e=0.1,h=10.0,n=30,start_thres=1.25",hub,0.25,50,6,40,1730,7,0,33,1730,0.175,0.0,1.0,0.0,7.58341511813077
tfnbs,"e=0.2,h=0.5,n=30,start_thres=1.25",hub,0.25,50,6,40,1730,16,0,24,1730,0.4,0.0,1.0,0.0,7.58341511813077
tfnbs,"e=0.2,h=1.0,n=30,start_thres=1.25",hub,0.25,50,6,40,1730,15,0,25,1730,0.375,0.0,1.0,0.0,7.58341511813077
tfnbs,"e=0.2,h=2.0,n=30,start_thres=1.25",hub,0.25,50,6,40,1730,11,0,29,1730,0.275,0.0,1.0,0.0,7.58341511813077
tfnbs,"e=0.2,h=3.0,n=30,start_thres=1.25",hub,0.25,50,6,40,1730,11,0,29,1730,0.275,0.0,1.0,0.0,7.58341511813077
tfnbs,"e=0.2,h=4.0,n=30,start_thres=1.25",hub,0.25,50,6,40,1730,10,0,30,1730,0.25,0.0,1.0,0.0,7.58341511813077
tfnbs,"e=0.2,h=5.0,n=30,start_thres=1.25",hub,0.25,50,6,40,1730,10,0,30,1730,0.25,0.0,1.0,0.0,7.58341511813077
tfnbs,"e=0.2,h=6.0,n=30,start_thres=1.25",hub,0.25,50,6,40,1730,8,0,32,1730,0.2,0.0,1.0,0.0,7.58341511813077
tfnbs,"e=0.2,h=7.0,n=30,start_thres=1.25",hub,0.25,50,6,40,1730,8,0,32,1730,0.2,0.0,1.0,0.0,7.58341511813077
tfnbs,"e=0.2,h=8.0,n=30,start_thres=1.25",hub,0.25,50,6,40,1730,8,0,32,1730,0.2,0.0,1.0,0.0,7.58341511813077
tfnbs,"e=0.2,h=9.0,n=30,start_thres=1.25",hub,0.25,50,6,40,1730,8,0,32,1730,0.2,0.0,1.0,0.0,7.58341511813077
tfnbs,"e=0.2,h=10.0,n=30,start_thres=1.25",hub,0.25,50,6,40,1730,8,0,32,1730,0.2,0.0,1.0,0.0,7.58341511813077
tfnbs,"e=0.3,h=0.5,n=30,start_thres=1.25",hub,0.25,50,6,40,1730,23,0,17,1730,0.575,0.0,1.0,0.0,7.58341511813077
tfnbs,"e=0.3,h=1.0,n=30,start_thres=1.25",hub,0.25,50,6,40,1730,21,0,19,1730,0.525,0.0,1.0,0.0,7.58341511813077
tfnbs,"e=0.3,h=2.0,n=30,start_thres=1.25",hub,0.25,50,6,40,1730,16,0,24,1730,0.4,0.0,1.0,0.0,7.58341511813077
tfnbs,"e=0.3,h=3.0,n=30,start_thres=1.25",hub,0.25,50,6,40,1730,15,0,25,1730,0.375,0.0,1.0,0.0,7.58341511813077
tfnbs,"e=0.3,h=4.0,n=30,start_thres=1.25",hub,0.25,50,6,40,1730,15,0,25,1730,0.375,0.0,1.0,0.0,7.58341511813077
tfnbs,"e=0.3,h=5.0,n=30,start_thres=1.25",hub,0.25,50,6,40,1730,11,0,29,1730,0.275,0.0,1.0,0.0,7.58341511813077
tfnbs,"e=0.3,h=6.0,n=30,start_thres=1.25",hub,0.25,50,6,40,1730,11,0,29,1730,0.275,0.0,1.0,0.0,7.58341511813077
tfnbs,"e=0.3,h=7.0,n=30,start_thres=1.25",hub,0.25,50,6,40,1730,10,0,30,1730,0.25,0.0,1.0,0.0,7.58341511813077
tfnbs,"e=0.3,h=8.0,n=30,start_thres=1.25",hub,0.25,50,6,40,1730,10,0,30,1730,0.25,0.0,1.0,0.0,7.58341511813077
tfnbs,"e=0.3,h=9.0,n=30,start_thres=1.25",hub,0.25,50,6,40,1730,10,0,30,1730,0.25,0.0,1.0,0.0,7.58341511813077
tfnbs,"e=0.3,h=10.0,n=30,start_thres=1.25",hub,0.25,50,6,40,1730,8,0,32,1730,0.2,0.0,1.0,0.0,7.58341511813077
tfnbs,"e=0.4,h=0.5,n=30,start_thres=1.25",hub,0.25,50,6,40,1730,26,1,14,1729,0.65,0.0005780346820809,0.9629629629629628,0.037037037037037,7.58341511813077
tfnbs,"e=0.4,h=1.0,n=30,start_thres=1.25",hub,0.25,50,6,40,1730,26,1,14,1729,0.65,0.0005780346820809,0.9629629629629628,0.037037037037037,7.58341511813077
tfnbs,"e=0.4,h=2.0,n=30,start_thres=1.25",hub,0.25,50,6,40,1730,23,0,17,1730,0.575,0.0,1.0,0.0,7.58341511813077
tfnbs,"e=0.4,h=3.0,n=30,start_thres=1.25",hub,0.25,50,6,40,1730,21,0,19,1730,0.525,0.0,1.0,0.0,7.58341511813077
tfnbs,"e=0.4,h=4.0,n=30,start_thres=1.25",hub,0.25,50,6,40,1730,16,0,24,1730,0.4,0.0,1.0,0.0,7.58341511813077
tfnbs,"e=0.4,h=5.0,n=30,start_thres=1.25",hub,0.25,50,6,40,1730,15,0,25,1730,0.375,0.0,1.0,0.0,7.58341511813077
tfnbs,"e=0.4,h=6.0,n=30,start_thres=1.25",hub,0.25,50,6,40,1730,15,0,25,1730,0.375,0.0,1.0,0.0,7.58341511813077
tfnbs,"e=0.4,h=7.0,n=30,start_thres=1.25",hub,0.25,50,6,40,1730,11,0,29,1730,0.275,0.0,1.0,0.0,7.58341511813077
tfnbs,"e=0.4,h=8.0,n=30,start_thres=1.25",hub,0.25,50,6,40,1730,11,0,29,1730,0.275,0.0,1.0,0.0,7.58341511813077
tfnbs,"e=0.4,h=9.0,n=30,start_thres=1.25",hub,0.25,50,6,40,1730,10,0,30,1730,0.25,0.0,1.0,0.0,7.58341511813077
tfnbs,"e=0.4,h=10.0,n=30,start_thres=1.25",hub,0.25,50,6,40,1730,10,0,30,1730,0.25,0.0,1.0,0.0,7.58341511813077
tfnbs,"e=0.5,h=0.5,n=30,start_thres=1.25",hub,0.25,50,6,40,1730,30,5,10,1725,0.75,0.0028901734104046,0.8571428571428571,0.1428571428571428,7.58341511813077
tfnbs,"e=0.5,h=1.0,n=30,start_thres=1.25",hub,0.25,50,6,40,1730,27,2,13,1728,0.675,0.0011560693641618,0.9310344827586208,0.0689655172413793,7.58341511813077
tfnbs,"e=0.5,h=2.0,n=30,start_thres=1.25",hub,0.25,50,6,40,1730,27,2,13,1728,0.675,0.0011560693641618,0.9310344827586208,0.0689655172413793,7.58341511813077
tfnbs,"e=0.5,h=3.0,n=30,start_thres=1.25",hub,0.25,50,6,40,1730,26,1,14,1729,0.65,0.0005780346820809,0.9629629629629628,0.037037037037037,7.58341511813077
tfnbs,"e=0.5,h=4.0,n=30,start_thres=1.25",hub,0.25,50,6,40,1730,23,0,17,1730,0.575,0.0,1.0,0.0,7.58341511813077
tfnbs,"e=0.5,h=5.0,n=30,start_thres=1.25",hub,0.25,50,6,40,1730,21,0,19,1730,0.525,0.0,1.0,0.0,7.58341511813077
tfnbs,"e=0.5,h=6.0,n=30,start_thres=1.25",hub,0.25,50,6,40,1730,16,0,24,1730,0.4,0.0,1.0,0.0,7.58341511813077
tfnbs,"e=0.5,h=7.0,n=30,start_thres=1.25",hub,0.25,50,6,40,1730,15,0,25,1730,0.375,0.0,1.0,0.0,7.58341511813077
tfnbs,"e=0.5,h=8.0,n=30,start_thres=1.25",hub,0.25,50,6,40,1730,15,0,25,1730,0.375,0.0,1.0,0.0,7.58341511813077
tfnbs,"e=0.5,h=9.0,n=30,start_thres=1.25",hub,0.25,50,6,40,1730,11,0,29,1730,0.275,0.0,1.0,0.0,7.58341511813077
tfnbs,"e=0.5,h=10.0,n=30,start_thres=1.25",hub,0.25,50,6,40,1730,11,0,29,1730,0.275,0.0,1.0,0.0,7.58341511813077
tfnbs,"e=0.6,h=0.5,n=30,start_thres=1.25",hub,0.25,50,6,40,1730,30,6,10,1724,0.75,0.0034682080924855,0.8333333333333334,0.1666666666666666,7.58341511813077
tfnbs,"e=0.6,h=1.0,n=30,start_thres=1.25",hub,0.25,50,6,40,1730,30,5,10,1725,0.75,0.0028901734104046,0.8571428571428571,0.1428571428571428,7.58341511813077
tfnbs,"e=0.6,h=2.0,n=30,start_thres=1.25",hub,0.25,50,6,40,1730,30,5,10,1725,0.75,0.0028901734104046,0.8571428571428571,0.1428571428571428,7.58341511813077
tfnbs,"e=0.6,h=3.0,n=30,start_thres=1.25",hub,0.25,50,6,40,1730,27,2,13,1728,0.675,0.0011560693641618,0.9310344827586208,0.0689655172413793,7.58341511813077
tfnbs,"e=0.6,h=4.0,n=30,start_thres=1.25",hub,0.25,50,6,40,1730,26,1,14,1729,0.65,0.0005780346820809,0.9629629629629628,0.037037037037037,7.58341511813077
tfnbs,"e=0.6,h=5.0,n=30,start_thres=1.25",hub,0.25,50,6,40,1730,23,0,17,1730,0.575,0.0,1.0,0.0,7.58341511813077
tfnbs,"e=0.6,h=6.0,n=30,start_thres=1.25",hub,0.25,50,6,40,1730,21,0,19,1730,0.525,0.0,1.0,0.0,7.58341511813077
tfnbs,"e=0.6,h=7.0,n=30,start_thres=1.25",hub,0.25,50,6,40,1730,16,0,24,1730,0.4,0.0,1.0,0.0,7.58341511813077
tfnbs,"e=0.6,h=8.0,n=30,start_thres=1.25",hub,0.25,50,6,40,1730,16,0,24,1730,0.4,0.0,1.0,0.0,7.58341511813077
tfnbs,"e=0.6,h=9.0,n=30,start_thres=1.25",hub,0.25,50,6,40,1730,15,0,25,1730,0.375,0.0,1.0,0.0,7.58341511813077
tfnbs,"e=0.6,h=10.0,n=30,start_thres=1.25",hub,0.25,50,6,40,1730,15,0,25,1730,0.375,0.0,1.0,0.0,7.58341511813077
tfnbs,"e=0.7,h=0.5,n=30,start_thres=1.25",hub,0.25,50,6,40,1730,34,9,6,1721,0.85,0.0052023121387283,0.7906976744186046,0.2093023255813953,7.58341511813077
tfnbs,"e=0.7,h=1.0,n=30,start_thres=1.25",hub,0.25,50,6,40,1730,34,9,6,1721,0.85,0.0052023121387283,0.7906976744186046,0.2093023255813953,7.58341511813077
tfnbs,"e=0.7,h=2.0,n=30,start_thres=1.25",hub,0.25,50,6,40,1730,34,9,6,1721,0.85,0.0052023121387283,0.7906976744186046,0.2093023255813953,7.58341511813077
tfnbs,"e=0.7,h=3.0,n=30,start_thres=1.25",hub,0.25,50,6,40,1730,30,5,10,1725,0.75,0.0028901734104046,0.8571428571428571,0.1428571428571428,7.58341511813077
tfnbs,"e=0.7,h=4.0,n=30,start_thres=1.25",hub,0.25,50,6,40,1730,27,2,13,1728,0.675,0.0011560693641618,0.9310344827586208,0.0689655172413793,7.58341511813077
tfnbs,"e=0.7,h=5.0,n=30,start_thres=1.25",hub,0.25,50,6,40,1730,26,1,14,1729,0.65,0.0005780346820809,0.9629629629629628,0.037037037037037,7.58341511813077
tfnbs,"e=0.7,h=6.0,n=30,start_thres=1.25",hub,0.25,50,6,40,1730,23,0,17,1730,0.575,0.0,1.0,0.0,7.58341511813077
tfnbs,"e=0.7,h=7.0,n=30,start_thres=1.25",hub,0.25,50,6,40,1730,21,0,19,1730,0.525,0.0,1.0,0.0,7.58341511813077
tfnbs,"e=0.7,h=8.0,n=30,start_thres=1.25",hub,0.25,50,6,40,1730,21,0,19,1730,0.525,0.0,1.0,0.0,7.58341511813077
tfnbs,"e=0.7,h=9.0,n=30,start_thres=1.25",hub,0.25,50,6,40,1730,16,0,24,1730,0.4,0.0,1.0,0.0,7.58341511813077
tfnbs,"e=0.7,h=10.0,n=30,start_thres=1.25",hub,0.25,50,6,40,1730,16,0,24,1730,0.4,0.0,1.0,0.0,7.58341511813077
tfnbs,"e=0.8,h=0.5,n=30,start_thres=1.25",hub,0.25,50,6,40,1730,34,9,6,1721,0.85,0.0052023121387283,0.7906976744186046,0.2093023255813953,7.58341511813077
tfnbs,"e=0.8,h=1.0,n=30,start_thres=1.25",hub,0.25,50,6,40,1730,34,9,6,1721,0.85,0.0052023121387283,0.7906976744186046,0.2093023255813953,7.58341511813077
tfnbs,"e=0.8,h=2.0,n=30,start_thres=1.25",hub,0.25,50,6,40,1730,34,9,6,1721,0.85,0.0052023121387283,0.7906976744186046,0.2093023255813953,7.58341511813077
tfnbs,"e=0.8,h=3.0,n=30,start_thres=1.25",hub,0.25,50,6,40,1730,34,9,6,1721,0.85,0.0052023121387283,0.7906976744186046,0.2093023255813953,7.58341511813077
tfnbs,"e=0.8,h=4.0,n=30,start_thres=1.25",hub,0.25,50,6,40,1730,30,5,10,1725,0.75,0.0028901734104046,0.8571428571428571,0.1428571428571428,7.58341511813077
tfnbs,"e=0.8,h=5.0,n=30,start_thres=1.25",hub,0.25,50,6,40,1730,27,2,13,1728,0.675,0.0011560693641618,0.9310344827586208,0.0689655172413793,7.58341511813077
tfnbs,"e=0.8,h=6.0,n=30,start_thres=1.25",hub,0.25,50,6,40,1730,26,1,14,1729,0.65,0.0005780346820809,0.9629629629629628,0.037037037037037,7.58341511813077
tfnbs,"e=0.8,h=7.0,n=30,start_thres=1.25",hub,0.25,50,6,40,1730,23,0,17,1730,0.575,0.0,1.0,0.0,7.58341511813077
tfnbs,"e=0.8,h=8.0,n=30,start_thres=1.25",hub,0.25,50,6,40,1730,23,0,17,1730,0.575,0.0,1.0,0.0,7.58341511813077
tfnbs,"e=0.8,h=9.0,n=30,start_thres=1.25",hub,0.25,50,6,40,1730,21,0,19,1730,0.525,0.0,1.0,0.0,7.58341511813077
tfnbs,"e=0.8,h=10.0,n=30,start_thres=1.25",hub,0.25,50,6,40,1730,16,0,24,1730,0.4,0.0,1.0,0.0,7.58341511813077
tfnbs,"e=0.9,h=0.5,n=30,start_thres=1.25",hub,0.25,50,6,40,1730,35,11,5,1719,0.875,0.0063583815028901,0.7608695652173914,0.2391304347826087,7.58341511813077
tfnbs,"e=0.9,h=1.0,n=30,start_thres=1.25",hub,0.25,50,6,40,1730,35,11,5,1719,0.875,0.0063583815028901,0.7608695652173914,0.2391304347826087,7.58341511813077
tfnbs,"e=0.9,h=2.0,n=30,start_thres=1.25",hub,0.25,50,6,40,1730,35,11,5,1719,0.875,0.0063583815028901,0.7608695652173914,0.2391304347826087,7.58341511813077
tfnbs,"e=0.9,h=3.0,n=30,start_thres=1.25",hub,0.25,50,6,40,1730,34,9,6,1721,0.85,0.0052023121387283,0.7906976744186046,0.2093023255813953,7.58341511813077
tfnbs,"e=0.9,h=4.0,n=30,start_thres=1.25",hub,0.25,50,6,40,1730,34,9,6,1721,0.85,0.0052023121387283,0.7906976744186046,0.2093023255813953,7.58341511813077
tfnbs,"e=0.9,h=5.0,n=30,start_thres=1.25",hub,0.25,50,6,40,1730,30,5,10,1725,0.75,0.0028901734104046,0.8571428571428571,0.1428571428571428,7.58341511813077
tfnbs,"e=0.9,h=6.0,n=30,start_thres=1.25",hub,0.25,50,6,40,1730,27,2,13,1728,0.675,0.0011560693641618,0.9310344827586208,0.0689655172413793,7.58341511813077
tfnbs,"e=0.9,h=7.0,n=30,start_thres=1.25",hub,0.25,50,6,40,1730,26,1,14,1729,0.65,0.0005780346820809,0.9629629629629628,0.037037037037037,7.58341511813077
tfnbs,"e=0.9,h=8.0,n=30,start_thres=1.25",hub,0.25,50,6,40,1730,26,1,14,1729,0.65,0.0005780346820809,0.9629629629629628,0.037037037037037,7.58341511813077
tfnbs,"e=0.9,h=9.0,n=30,start_thres=1.25",hub,0.25,50,6,40,1730,23,0,17,1730,0.575,0.0,1.0,0.0,7.58341511813077
tfnbs,"e=0.9,h=10.0,n=30,start_thres=1.25",hub,0.25,50,6,40,1730,21,0,19,1730,0.525,0.0,1.0,0.0,7.58341511813077
tfnbs,"e=1.0,h=0.5,n=30,start_thres=1.25",hub,0.25,50,6,40,1730,35,11,5,1719,0.875,0.0063583815028901,0.7608695652173914,0.2391304347826087,7.58341511813077
tfnbs,"e=1.0,h=1.0,n=30,start_thres=1.25",hub,0.25,50,6,40,1730,35,11,5,1719,0.875,0.0063583815028901,0.7608695652173914,0.2391304347826087,7.58341511813077
tfnbs,"e=1.0,h=2.0,n=30,start_thres=1.25",hub,0.25,50,6,40,1730,35,11,5,1719,0.875,0.0063583815028901,0.7608695652173914,0.2391304347826087,7.58341511813077
tfnbs,"e=1.0,h=3.0,n=30,start_thres=1.25",hub,0.25,50,6,40,1730,35,11,5,1719,0.875,0.0063583815028901,0.7608695652173914,0.2391304347826087,7.58341511813077
tfnbs,"e=1.0,h=4.0,n=30,start_thres=1.25",hub,0.25,50,6,40,1730,34,9,6,1721,0.85,0.0052023121387283,0.7906976744186046,0.2093023255813953,7.58341511813077
tfnbs,"e=1.0,h=5.0,n=30,start_thres=1.25",hub,0.25,50,6,40,1730,34,9,6,1721,0.85,0.0052023121387283,0.7906976744186046,0.2093023255813953,7.58341511813077
tfnbs,"e=1.0,h=6.0,n=30,start_thres=1.25",hub,0.25,50,6,40,1730,30,5,10,1725,0.75,0.0028901734104046,0.8571428571428571,0.1428571428571428,7.58341511813077
tfnbs,"e=1.0,h=7.0,n=30,start_thres=1.25",hub,0.25,50,6,40,1730,27,2,13,1728,0.675,0.0011560693641618,0.9310344827586208,0.0689655172413793,7.58341511813077
tfnbs,"e=1.0,h=8.0,n=30,start_thres=1.25",hub,0.25,50,6,40,1730,27,2,13,1728,0.675,0.0011560693641618,0.9310344827586208,0.0689655172413793,7.58341511813077
tfnbs,"e=1.0,h=9.0,n=30,start_thres=1.25",hub,0.25,50,6,40,1730,26,1,14,1729,0.65,0.0005780346820809,0.9629629629629628,0.037037037037037,7.58341511813077
tfnbs,"e=1.0,h=10.0,n=30,start_thres=1.25",hub,0.25,50,6,40,1730,23,0,17,1730,0.575,0.0,1.0,0.0,7.58341511813077
tfnbs,"e=1.1,h=0.5,n=30,start_thres=1.25",hub,0.25,50,6,40,1730,35,11,5,1719,0.875,0.0063583815028901,0.7608695652173914,0.2391304347826087,7.58341511813077
tfnbs,"e=1.1,h=1.0,n=30,start_thres=1.25",hub,0.25,50,6,40,1730,35,11,5,1719,0.875,0.0063583815028901,0.7608695652173914,0.2391304347826087,7.58341511813077
tfnbs,"e=1.1,h=2.0,n=30,start_thres=1.25",hub,0.25,50,6,40,1730,35,11,5,1719,0.875,0.0063583815028901,0.7608695652173914,0.2391304347826087,7.58341511813077
tfnbs,"e=1.1,h=3.0,n=30,start_thres=1.25",hub,0.25,50,6,40,1730,35,11,5,1719,0.875,0.0063583815028901,0.7608695652173914,0.2391304347826087,7.58341511813077
tfnbs,"e=1.1,h=4.0,n=30,start_thres=1.25",hub,0.25,50,6,40,1730,35,11,5,1719,0.875,0.0063583815028901,0.7608695652173914,0.2391304347826087,7.58341511813077
tfnbs,"e=1.1,h=5.0,n=30,start_thres=1.25",hub,0.25,50,6,40,1730,34,9,6,1721,0.85,0.0052023121387283,0.7906976744186046,0.2093023255813953,7.58341511813077
tfnbs,"e=1.1,h=6.0,n=30,start_thres=1.25",hub,0.25,50,6,40,1730,34,9,6,1721,0.85,0.0052023121387283,0.7906976744186046,0.2093023255813953,7.58341511813077
tfnbs,"e=1.1,h=7.0,n=30,start_thres=1.25",hub,0.25,50,6,40,1730,30,5,10,1725,0.75,0.0028901734104046,0.8571428571428571,0.1428571428571428,7.58341511813077
tfnbs,"e=1.1,h=8.0,n=30,start_thres=1.25",hub,0.25,50,6,40,1730,27,2,13,1728,0.675,0.0011560693641618,0.9310344827586208,0.0689655172413793,7.58341511813077
tfnbs,"e=1.1,h=9.0,n=30,start_thres=1.25",hub,0.25,50,6,40,1730,27,2,13,1728,0.675,0.0011560693641618,0.9310344827586208,0.0689655172413793,7.58341511813077
tfnbs,"e=1.1,h=10.0,n=30,start_thres=1.25",hub,0.25,50,6,40,1730,26,1,14,1729,0.65,0.0005780346820809,0.9629629629629628,0.037037037037037,7.58341511813077
tfnbs,"e=1.2,h=0.5,n=30,start_thres=1.25",hub,0.25,50,6,40,1730,35,11,5,1719,0.875,0.0063583815028901,0.7608695652173914,0.2391304347826087,7.58341511813077
tfnbs,"e=1.2,h=1.0,n=30,start_thres=1.25",hub,0.25,50,6,40,1730,36,16,4,1714,0.9,0.0092485549132947,0.6923076923076923,0.3076923076923077,7.58341511813077
tfnbs,"e=1.2,h=2.0,n=30,start_thres=1.25",hub,0.25,50,6,40,1730,36,16,4,1714,0.9,0.0092485549132947,0.6923076923076923,0.3076923076923077,7.58341511813077
tfnbs,"e=1.2,h=3.0,n=30,start_thres=1.25",hub,0.25,50,6,40,1730,35,11,5,1719,0.875,0.0063583815028901,0.7608695652173914,0.2391304347826087,7.58341511813077
tfnbs,"e=1.2,h=4.0,n=30,start_thres=1.25",hub,0.25,50,6,40,1730,35,11,5,1719,0.875,0.0063583815028901,0.7608695652173914,0.2391304347826087,7.58341511813077
tfnbs,"e=1.2,h=5.0,n=30,start_thres=1.25",hub,0.25,50,6,40,1730,35,11,5,1719,0.875,0.0063583815028901,0.7608695652173914,0.2391304347826087,7.58341511813077
tfnbs,"e=1.2,h=6.0,n=30,start_thres=1.25",hub,0.25,50,6,40,1730,34,9,6,1721,0.85,0.0052023121387283,0.7906976744186046,0.2093023255813953,7.58341511813077
tfnbs,"e=1.2,h=7.0,n=30,start_thres=1.25",hub,0.25,50,6,40,1730,34,9,6,1721,0.85,0.0052023121387283,0.7906976744186046,0.2093023255813953,7.58341511813077
tfnbs,"e=1.2,h=8.0,n=30,start_thres=1.25",hub,0.25,50,6,40,1730,30,5,10,1725,0.75,0.0028901734104046,0.8571428571428571,0.1428571428571428,7.58341511813077
tfnbs,"e=1.2,h=9.0,n=30,start_thres=1.25",hub,0.25,50,6,40,1730,27,2,13,1728,0.675,0.0011560693641618,0.9310344827586208,0.0689655172413793,7.58341511813077
tfnbs,"e=1.2,h=10.0,n=30,start_thres=1.25",hub,0.25,50,6,40,1730,27,2,13,1728,0.675,0.0011560693641618,0.9310344827586208,0.0689655172413793,7.58341511813077
tfnbs,"e=1.3,h=0.5,n=30,start_thres=1.25",hub,0.25,50,6,40,1730,36,16,4,1714,0.9,0.0092485549132947,0.6923076923076923,0.3076923076923077,7.58341511813077
tfnbs,"e=1.3,h=1.0,n=30,start_thres=1.25",hub,0.25,50,6,40,1730,36,16,4,1714,0.9,0.0092485549132947,0.6923076923076923,0.3076923076923077,7.58341511813077
tfnbs,"e=1.3,h=2.0,n=30,start_thres=1.25",hub,0.25,50,6,40,1730,36,16,4,1714,0.9,0.0092485549132947,0.6923076923076923,0.3076923076923077,7.58341511813077
tfnbs,"e=1.3,h=3.0,n=30,start_thres=1.25",hub,0.25,50,6,40,1730,36,16,4,1714,0.9,0.0092485549132947,0.6923076923076923,0.3076923076923077,7.58341511813077
tfnbs,"e=1.3,h=4.0,n=30,start_thres=1.25",hub,0.25,50,6,40,1730,35,11,5,1719,0.875,0.0063583815028901,0.7608695652173914,0.2391304347826087,7.58341511813077
tfnbs,"e=1.3,h=5.0,n=30,start_thres=1.25",hub,0.25,50,6,40,1730,35,11,5,1719,0.875,0.0063583815028901,0.7608695652173914,0.2391304347826087,7.58341511813077
tfnbs,"e=1.3,h=6.0,n=30,start_thres=1.25",hub,0.25,50,6,40,1730,35,11,5,1719,0.875,0.0063583815028901,0.7608695652173914,0.2391304347826087,7.58341511813077
tfnbs,"e=1.3,h=7.0,n=30,start_thres=1.25",hub,0.25,50,6,40,1730,34,9,6,1721,0.85,0.0052023121387283,0.7906976744186046,0.2093023255813953,7.58341511813077
tfnbs,"e=1.3,h=8.0,n=30,start_thres=1.25",hub,0.25,50,6,40,1730,34,9,6,1721,0.85,0.0052023121387283,0.7906976744186046,0.2093023255813953,7.58341511813077
tfnbs,"e=1.3,h=9.0,n=30,start_thres=1.25",hub,0.25,50,6,40,1730,30,5,10,1725,0.75,0.0028901734104046,0.8571428571428571,0.1428571428571428,7.58341511813077
tfnbs,"e=1.3,h=10.0,n=30,start_thres=1.25",hub,0.25,50,6,40,1730,27,2,13,1728,0.675,0.0011560693641618,0.9310344827586208,0.0689655172413793,7.58341511813077
tfnbs,"e=1.4,h=0.5,n=30,start_thres=1.25",hub,0.25,50,6,40,1730,36,16,4,1714,0.9,0.0092485549132947,0.6923076923076923,0.3076923076923077,7.58341511813077
tfnbs,"e=1.4,h=1.0,n=30,start_thres=1.25",hub,0.25,50,6,40,1730,36,16,4,1714,0.9,0.0092485549132947,0.6923076923076923,0.3076923076923077,7.58341511813077
tfnbs,"e=1.4,h=2.0,n=30,start_thres=1.25",hub,0.25,50,6,40,1730,36,16,4,1714,0.9,0.0092485549132947,0.6923076923076923,0.3076923076923077,7.58341511813077
tfnbs,"e=1.4,h=3.0,n=30,start_thres=1.25",hub,0.25,50,6,40,1730,36,16,4,1714,0.9,0.0092485549132947,0.6923076923076923,0.3076923076923077,7.58341511813077
tfnbs,"e=1.4,h=4.0,n=30,start_thres=1.25",hub,0.25,50,6,40,1730,36,16,4,1714,0.9,0.0092485549132947,0.6923076923076923,0.3076923076923077,7.58341511813077
tfnbs,"e=1.4,h=5.0,n=30,start_thres=1.25",hub,0.25,50,6,40,1730,36,16,4,1714,0.9,0.0092485549132947,0.6923076923076923,0.3076923076923077,7.58341511813077
tfnbs,"e=1.4,h=6.0,n=30,start_thres=1.25",hub,0.25,50,6,40,1730,35,11,5,1719,0.875,0.0063583815028901,0.7608695652173914,0.2391304347826087,7.58341511813077
tfnbs,"e=1.4,h=7.0,n=30,start_thres=1.25",hub,0.25,50,6,40,1730,35,11,5,1719,0.875,0.0063583815028901,0.7608695652173914,0.2391304347826087,7.58341511813077
tfnbs,"e=1.4,h=8.0,n=30,start_thres=1.25",hub,0.25,50,6,40,1730,34,9,6,1721,0.85,0.0052023121387283,0.7906976744186046,0.2093023255813953,7.58341511813077
tfnbs,"e=1.4,h=9.0,n=30,start_thres=1.25",hub,0.25,50,6,40,1730,34,9,6,1721,0.85,0.0052023121387283,0.7906976744186046,0.2093023255813953,7.58341511813077
tfnbs,"e=1.4,h=10.0,n=30,start_thres=1.25",hub,0.25,50,6,40,1730,30,5,10,1725,0.75,0.0028901734104046,0.8571428571428571,0.1428571428571428,7.58341511813077
tfnbs,"e=1.5,h=0.5,n=30,start_thres=1.25",hub,0.25,50,6,40,1730,36,16,4,1714,0.9,0.0092485549132947,0.6923076923076923,0.3076923076923077,7.58341511813077
tfnbs,"e=1.5,h=1.0,n=30,start_thres=1.25",hub,0.25,50,6,40,1730,36,16,4,1714,0.9,0.0092485549132947,0.6923076923076923,0.3076923076923077,7.58341511813077
tfnbs,"e=1.5,h=2.0,n=30,start_thres=1.25",hub,0.25,50,6,40,1730,36,16,4,1714,0.9,0.0092485549132947,0.6923076923076923,0.3076923076923077,7.58341511813077
tfnbs,"e=1.5,h=3.0,n=30,start_thres=1.25",hub,0.25,50,6,40,1730,36,16,4,1714,0.9,0.0092485549132947,0.6923076923076923,0.3076923076923077,7.58341511813077
tfnbs,"e=1.5,h=4.0,n=30,start_thres=1.25",hub,0.25,50,6,40,1730,36,16,4,1714,0.9,0.0092485549132947,0.6923076923076923,0.3076923076923077,7.58341511813077
tfnbs,"e=1.5,h=5.0,n=30,start_thres=1.25",hub,0.25,50,6,40,1730,36,16,4,1714,0.9,0.0092485549132947,0.6923076923076923,0.3076923076923077,7.58341511813077
tfnbs,"e=1.5,h=6.0,n=30,start_thres=1.25",hub,0.25,50,6,40,1730,36,16,4,1714,0.9,0.0092485549132947,0.6923076923076923,0.3076923076923077,7.58341511813077
tfnbs,"e=1.5,h=7.0,n=30,start_thres=1.25",hub,0.25,50,6,40,1730,35,11,5,1719,0.875,0.0063583815028901,0.7608695652173914,0.2391304347826087,7.58341511813077
tfnbs,"e=1.5,h=8.0,n=30,start_thres=1.25",hub,0.25,50,6,40,1730,35,11,5,1719,0.875,0.0063583815028901,0.7608695652173914,0.2391304347826087,7.58341511813077
tfnbs,"e=1.5,h=9.0,n=30,start_thres=1.25",hub,0.25,50,6,40,1730,34,9,6,1721,0.85,0.0052023121387283,0.7906976744186046,0.2093023255813953,7.58341511813077
tfnbs,"e=1.5,h=10.0,n=30,start_thres=1.25",hub,0.25,50,6,40,1730,34,9,6,1721,0.85,0.0052023121387283,0.7906976744186046,0.2093023255813953,7.58341511813077
nbs_extent,threshold=3.5,hub,0.25,50,14,40,1730,21,0,19,1730,0.525,0.0,1.0,0.0,7.4180920124053955
nbs_extent,threshold=3.5,hub,0.25,50,16,40,1730,34,2,6,1728,0.85,0.0011560693641618,0.9444444444444444,0.0555555555555555,6.799204349517822
nbs_extent,threshold=3.5,hub,0.25,50,17,40,1730,24,0,16,1730,0.6,0.0,1.0,0.0,6.997808218002319
nbs_extent,threshold=3.5,hub,0.25,50,18,40,1730,19,1,21,1729,0.475,0.0005780346820809,0.95,0.05,8.310779571533203
nbs_extent,threshold=3.5,hub,0.25,50,19,40,1730,16,0,24,1730,0.4,0.0,1.0,0.0,7.775685548782349
nbs_extent,threshold=3.5,hub,0.25,50,20,40,1730,15,0,25,1730,0.375,0.0,1.0,0.0,7.805960655212402
nbs_extent,threshold=3.5,hub,0.25,50,21,40,1730,19,0,21,1730,0.475,0.0,1.0,0.0,6.611768484115601
nbs_extent,threshold=3.5,hub,0.25,50,23,40,1730,23,0,17,1730,0.575,0.0,1.0,0.0,7.081087827682495
nbs_extent,threshold=3.5,hub,0.25,50,24,40,1730,23,0,17,1730,0.575,0.0,1.0,0.0,7.032294273376465
nbs_extent,threshold=3.5,hub,0.25,50,22,40,1730,9,0,31,1730,0.225,0.0,1.0,0.0,8.158587455749512
nbs_extent,threshold=3.5,hub,0.25,50,25,40,1730,17,0,23,1730,0.425,0.0,1.0,0.0,7.487139463424683
nbs_extent,threshold=3.5,hub,0.25,50,27,40,1730,27,0,13,1730,0.675,0.0,1.0,0.0,7.189064979553223
nbs_extent,threshold=3.5,hub,0.25,50,26,40,1730,22,0,18,1730,0.55,0.0,1.0,0.0,7.889755725860596
tfnbs,"e=0.05,h=0.5,n=30,start_thres=1.25",hub,0.25,50,11,40,1730,11,0,29,1730,0.275,0.0,1.0,0.0,7.557810041037473
tfnbs,"e=0.05,h=1.0,n=30,start_thres=1.25",hub,0.25,50,11,40,1730,11,0,29,1730,0.275,0.0,1.0,0.0,7.557810041037473
tfnbs,"e=0.05,h=2.0,n=30,start_thres=1.25",hub,0.25,50,11,40,1730,11,0,29,1730,0.275,0.0,1.0,0.0,7.557810041037473
tfnbs,"e=0.05,h=3.0,n=30,start_thres=1.25",hub,0.25,50,11,40,1730,11,0,29,1730,0.275,0.0,1.0,0.0,7.557810041037473
tfnbs,"e=0.05,h=4.0,n=30,start_thres=1.25",hub,0.25,50,11,40,1730,11,0,29,1730,0.275,0.0,1.0,0.0,7.557810041037473
tfnbs,"e=0.05,h=5.0,n=30,start_thres=1.25",hub,0.25,50,11,40,1730,10,0,30,1730,0.25,0.0,1.0,0.0,7.557810041037473
tfnbs,"e=0.05,h=6.0,n=30,start_thres=1.25",hub,0.25,50,11,40,1730,10,0,30,1730,0.25,0.0,1.0,0.0,7.557810041037473
tfnbs,"e=0.05,h=7.0,n=30,start_thres=1.25",hub,0.25,50,11,40,1730,10,0,30,1730,0.25,0.0,1.0,0.0,7.557810041037473
tfnbs,"e=0.05,h=8.0,n=30,start_thres=1.25",hub,0.25,50,11,40,1730,10,0,30,1730,0.25,0.0,1.0,0.0,7.557810041037473
tfnbs,"e=0.05,h=9.0,n=30,start_thres=1.25",hub,0.25,50,11,40,1730,10,0,30,1730,0.25,0.0,1.0,0.0,7.557810041037473
tfnbs,"e=0.05,h=10.0,n=30,start_thres=1.25",hub,0.25,50,11,40,1730,10,0,30,1730,0.25,0.0,1.0,0.0,7.557810041037473
tfnbs,"e=0.1,h=0.5,n=30,start_thres=1.25",hub,0.25,50,11,40,1730,14,0,26,1730,0.35,0.0,1.0,0.0,7.557810041037473
tfnbs,"e=0.1,h=1.0,n=30,start_thres=1.25",hub,0.25,50,11,40,1730,13,0,27,1730,0.325,0.0,1.0,0.0,7.557810041037473
tfnbs,"e=0.1,h=2.0,n=30,start_thres=1.25",hub,0.25,50,11,40,1730,13,0,27,1730,0.325,0.0,1.0,0.0,7.557810041037473
tfnbs,"e=0.1,h=3.0,n=30,start_thres=1.25",hub,0.25,50,11,40,1730,13,0,27,1730,0.325,0.0,1.0,0.0,7.557810041037473
tfnbs,"e=0.1,h=4.0,n=30,start_thres=1.25",hub,0.25,50,11,40,1730,11,0,29,1730,0.275,0.0,1.0,0.0,7.557810041037473
tfnbs,"e=0.1,h=5.0,n=30,start_thres=1.25",hub,0.25,50,11,40,1730,11,0,29,1730,0.275,0.0,1.0,0.0,7.557810041037473
tfnbs,"e=0.1,h=6.0,n=30,start_thres=1.25",hub,0.25,50,11,40,1730,11,0,29,1730,0.275,0.0,1.0,0.0,7.557810041037473
tfnbs,"e=0.1,h=7.0,n=30,start_thres=1.25",hub,0.25,50,11,40,1730,11,0,29,1730,0.275,0.0,1.0,0.0,7.557810041037473
tfnbs,"e=0.1,h=8.0,n=30,start_thres=1.25",hub,0.25,50,11,40,1730,11,0,29,1730,0.275,0.0,1.0,0.0,7.557810041037473
tfnbs,"e=0.1,h=9.0,n=30,start_thres=1.25",hub,0.25,50,11,40,1730,11,0,29,1730,0.275,0.0,1.0,0.0,7.557810041037473
tfnbs,"e=0.1,h=10.0,n=30,start_thres=1.25",hub,0.25,50,11,40,1730,10,0,30,1730,0.25,0.0,1.0,0.0,7.557810041037473
tfnbs,"e=0.2,h=0.5,n=30,start_thres=1.25",hub,0.25,50,11,40,1730,23,3,17,1727,0.575,0.0017341040462427,0.8846153846153846,0.1153846153846153,7.557810041037473
tfnbs,"e=0.2,h=1.0,n=30,start_thres=1.25",hub,0.25,50,11,40,1730,21,1,19,1729,0.525,0.0005780346820809,0.9545454545454546,0.0454545454545454,7.557810041037473
tfnbs,"e=0.2,h=2.0,n=30,start_thres=1.25",hub,0.25,50,11,40,1730,21,0,19,1730,0.525,0.0,1.0,0.0,7.557810041037473
tfnbs,"e=0.2,h=3.0,n=30,start_thres=1.25",hub,0.25,50,11,40,1730,14,0,26,1730,0.35,0.0,1.0,0.0,7.557810041037473
tfnbs,"e=0.2,h=4.0,n=30,start_thres=1.25",hub,0.25,50,11,40,1730,14,0,26,1730,0.35,0.0,1.0,0.0,7.557810041037473
tfnbs,"e=0.2,h=5.0,n=30,start_thres=1.25",hub,0.25,50,11,40,1730,13,0,27,1730,0.325,0.0,1.0,0.0,7.557810041037473
tfnbs,"e=0.2,h=6.0,n=30,start_thres=1.25",hub,0.25,50,11,40,1730,13,0,27,1730,0.325,0.0,1.0,0.0,7.557810041037473
tfnbs,"e=0.2,h=7.0,n=30,start_thres=1.25",hub,0.25,50,11,40,1730,13,0,27,1730,0.325,0.0,1.0,0.0,7.557810041037473
tfnbs,"e=0.2,h=8.0,n=30,start_thres=1.25",hub,0.25,50,11,40,1730,11,0,29,1730,0.275,0.0,1.0,0.0,7.557810041037473
tfnbs,"e=0.2,h=9.0,n=30,start_thres=1.25",hub,0.25,50,11,40,1730,11,0,29,1730,0.275,0.0,1.0,0.0,7.557810041037473
tfnbs,"e=0.2,h=10.0,n=30,start_thres=1.25",hub,0.25,50,11,40,1730,11,0,29,1730,0.275,0.0,1.0,0.0,7.557810041037473
tfnbs,"e=0.3,h=0.5,n=30,start_thres=1.25",hub,0.25,50,11,40,1730,25,5,15,1725,0.625,0.0028901734104046,0.8333333333333334,0.1666666666666666,7.557810041037473
tfnbs,"e=0.3,h=1.0,n=30,start_thres=1.25",hub,0.25,50,11,40,1730,25,5,15,1725,0.625,0.0028901734104046,0.8333333333333334,0.1666666666666666,7.557810041037473
tfnbs,"e=0.3,h=2.0,n=30,start_thres=1.25",hub,0.25,50,11,40,1730,23,3,17,1727,0.575,0.0017341040462427,0.8846153846153846,0.1153846153846153,7.557810041037473
tfnbs,"e=0.3,h=3.0,n=30,start_thres=1.25",hub,0.25,50,11,40,1730,23,3,17,1727,0.575,0.0017341040462427,0.8846153846153846,0.1153846153846153,7.557810041037473
tfnbs,"e=0.3,h=4.0,n=30,start_thres=1.25",hub,0.25,50,11,40,1730,21,0,19,1730,0.525,0.0,1.0,0.0,7.557810041037473
tfnbs,"e=0.3,h=5.0,n=30,start_thres=1.25",hub,0.25,50,11,40,1730,14,0,26,1730,0.35,0.0,1.0,0.0,7.557810041037473
tfnbs,"e=0.3,h=6.0,n=30,start_thres=1.25",hub,0.25,50,11,40,1730,14,0,26,1730,0.35,0.0,1.0,0.0,7.557810041037473
tfnbs,"e=0.3,h=7.0,n=30,start_thres=1.25",hub,0.25,50,11,40,1730,14,0,26,1730,0.35,0.0,1.0,0.0,7.557810041037473
tfnbs,"e=0.3,h=8.0,n=30,start_thres=1.25",hub,0.25,50,11,40,1730,13,0,27,1730,0.325,0.0,1.0,0.0,7.557810041037473
tfnbs,"e=0.3,h=9.0,n=30,start_thres=1.25",hub,0.25,50,11,40,1730,13,0,27,1730,0.325,0.0,1.0,0.0,7.557810041037473
tfnbs,"e=0.3,h=10.0,n=30,start_thres=1.25",hub,0.25,50,11,40,1730,13,0,27,1730,0.325,0.0,1.0,0.0,7.557810041037473
tfnbs,"e=0.4,h=0.5,n=30,start_thres=1.25",hub,0.25,50,11,40,1730,31,12,9,1718,0.775,0.006936416184971,0.7209302325581395,0.2790697674418604,7.557810041037473
tfnbs,"e=0.4,h=1.0,n=30,start_thres=1.25",hub,0.25,50,11,40,1730,31,11,9,1719,0.775,0.0063583815028901,0.7380952380952381,0.2619047619047619,7.557810041037473
tfnbs,"e=0.4,h=2.0,n=30,start_thres=1.25",hub,0.25,50,11,40,1730,26,7,14,1723,0.65,0.0040462427745664,0.7878787878787878,0.2121212121212121,7.557810041037473
tfnbs,"e=0.4,h=3.0,n=30,start_thres=1.25",hub,0.25,50,11,40,1730,25,5,15,1725,0.625,0.0028901734104046,0.8333333333333334,0.1666666666666666,7.557810041037473
tfnbs,"e=0.4,h=4.0,n=30,start_thres=1.25",hub,0.25,50,11,40,1730,23,3,17,1727,0.575,0.0017341040462427,0.8846153846153846,0.1153846153846153,7.557810041037473
tfnbs,"e=0.4,h=5.0,n=30,start_thres=1.25",hub,0.25,50,11,40,1730,23,3,17,1727,0.575,0.0017341040462427,0.8846153846153846,0.1153846153846153,7.557810041037473
tfnbs,"e=0.4,h=6.0,n=30,start_thres=1.25",hub,0.25,50,11,40,1730,21,0,19,1730,0.525,0.0,1.0,0.0,7.557810041037473
tfnbs,"e=0.4,h=7.0,n=30,start_thres=1.25",hub,0.25,50,11,40,1730,21,0,19,1730,0.525,0.0,1.0,0.0,7.557810041037473
tfnbs,"e=0.4,h=8.0,n=30,start_thres=1.25",hub,0.25,50,11,40,1730,14,0,26,1730,0.35,0.0,1.0,0.0,7.557810041037473
tfnbs,"e=0.4,h=9.0,n=30,start_thres=1.25",hub,0.25,50,11,40,1730,14,0,26,1730,0.35,0.0,1.0,0.0,7.557810041037473
tfnbs,"e=0.4,h=10.0,n=30,start_thres=1.25",hub,0.25,50,11,40,1730,13,0,27,1730,0.325,0.0,1.0,0.0,7.557810041037473
tfnbs,"e=0.5,h=0.5,n=30,start_thres=1.25",hub,0.25,50,11,40,1730,33,18,7,1712,0.825,0.0104046242774566,0.6470588235294118,0.3529411764705882,7.557810041037473
tfnbs,"e=0.5,h=1.0,n=30,start_thres=1.25",hub,0.25,50,11,40,1730,33,18,7,1712,0.825,0.0104046242774566,0.6470588235294118,0.3529411764705882,7.557810041037473
tfnbs,"e=0.5,h=2.0,n=30,start_thres=1.25",hub,0.25,50,11,40,1730,31,11,9,1719,0.775,0.0063583815028901,0.7380952380952381,0.2619047619047619,7.557810041037473
tfnbs,"e=0.5,h=3.0,n=30,start_thres=1.25",hub,0.25,50,11,40,1730,26,8,14,1722,0.65,0.0046242774566473,0.7647058823529411,0.2352941176470588,7.557810041037473
tfnbs,"e=0.5,h=4.0,n=30,start_thres=1.25",hub,0.25,50,11,40,1730,25,5,15,1725,0.625,0.0028901734104046,0.8333333333333334,0.1666666666666666,7.557810041037473
tfnbs,"e=0.5,h=5.0,n=30,start_thres=1.25",hub,0.25,50,11,40,1730,25,5,15,1725,0.625,0.0028901734104046,0.8333333333333334,0.1666666666666666,7.557810041037473
tfnbs,"e=0.5,h=6.0,n=30,start_thres=1.25",hub,0.25,50,11,40,1730,23,3,17,1727,0.575,0.0017341040462427,0.8846153846153846,0.1153846153846153,7.557810041037473
tfnbs,"e=0.5,h=7.0,n=30,start_thres=1.25",hub,0.25,50,11,40,1730,23,3,17,1727,0.575,0.0017341040462427,0.8846153846153846,0.1153846153846153,7.557810041037473
tfnbs,"e=0.5,h=8.0,n=30,start_thres=1.25",hub,0.25,50,11,40,1730,21,0,19,1730,0.525,0.0,1.0,0.0,7.557810041037473
tfnbs,"e=0.5,h=9.0,n=30,start_thres=1.25",hub,0.25,50,11,40,1730,21,0,19,1730,0.525,0.0,1.0,0.0,7.557810041037473
tfnbs,"e=0.5,h=10.0,n=30,start_thres=1.25",hub,0.25,50,11,40,1730,14,0,26,1730,0.35,0.0,1.0,0.0,7.557810041037473
tfnbs,"e=0.6,h=0.5,n=30,start_thres=1.25",hub,0.25,50,11,40,1730,34,23,6,1707,0.85,0.0132947976878612,0.5964912280701754,0.4035087719298245,7.557810041037473
tfnbs,"e=0.6,h=1.0,n=30,start_thres=1.25",hub,0.25,50,11,40,1730,33,18,7,1712,0.825,0.0104046242774566,0.6470588235294118,0.3529411764705882,7.557810041037473
tfnbs,"e=0.6,h=2.0,n=30,start_thres=1.25",hub,0.25,50,11,40,1730,33,18,7,1712,0.825,0.0104046242774566,0.6470588235294118,0.3529411764705882,7.557810041037473
tfnbs,"e=0.6,h=3.0,n=30,start_thres=1.25",hub,0.25,50,11,40,1730,31,12,9,1718,0.775,0.006936416184971,0.7209302325581395,0.2790697674418604,7.557810041037473
tfnbs,"e=0.6,h=4.0,n=30,start_thres=1.25",hub,0.25,50,11,40,1730,31,11,9,1719,0.775,0.0063583815028901,0.7380952380952381,0.2619047619047619,7.557810041037473
tfnbs,"e=0.6,h=5.0,n=30,start_thres=1.25",hub,0.25,50,11,40,1730,26,7,14,1723,0.65,0.0040462427745664,0.7878787878787878,0.2121212121212121,7.557810041037473
tfnbs,"e=0.6,h=6.0,n=30,start_thres=1.25",hub,0.25,50,11,40,1730,25,5,15,1725,0.625,0.0028901734104046,0.8333333333333334,0.1666666666666666,7.557810041037473
tfnbs,"e=0.6,h=7.0,n=30,start_thres=1.25",hub,0.25,50,11,40,1730,25,5,15,1725,0.625,0.0028901734104046,0.8333333333333334,0.1666666666666666,7.557810041037473
tfnbs,"e=0.6,h=8.0,n=30,start_thres=1.25",hub,0.25,50,11,40,1730,23,3,17,1727,0.575,0.0017341040462427,0.8846153846153846,0.1153846153846153,7.557810041037473
tfnbs,"e=0.6,h=9.0,n=30,start_thres=1.25",hub,0.25,50,11,40,1730,21,1,19,1729,0.525,0.0005780346820809,0.9545454545454546,0.0454545454545454,7.557810041037473
tfnbs,"e=0.6,h=10.0,n=30,start_thres=1.25",hub,0.25,50,11,40,1730,21,0,19,1730,0.525,0.0,1.0,0.0,7.557810041037473
tfnbs,"e=0.7,h=0.5,n=30,start_thres=1.25",hub,0.25,50,11,40,1730,34,23,6,1707,0.85,0.0132947976878612,0.5964912280701754,0.4035087719298245,7.557810041037473
tfnbs,"e=0.7,h=1.0,n=30,start_thres=1.25",hub,0.25,50,11,40,1730,34,23,6,1707,0.85,0.0132947976878612,0.5964912280701754,0.4035087719298245,7.557810041037473
tfnbs,"e=0.7,h=2.0,n=30,start_thres=1.25",hub,0.25,50,11,40,1730,34,23,6,1707,0.85,0.0132947976878612,0.5964912280701754,0.4035087719298245,7.557810041037473
tfnbs,"e=0.7,h=3.0,n=30,start_thres=1.25",hub,0.25,50,11,40,1730,33,18,7,1712,0.825,0.0104046242774566,0.6470588235294118,0.3529411764705882,7.557810041037473
tfnbs,"e=0.7,h=4.0,n=30,start_thres=1.25",hub,0.25,50,11,40,1730,31,12,9,1718,0.775,0.006936416184971,0.7209302325581395,0.2790697674418604,7.557810041037473
tfnbs,"e=0.7,h=5.0,n=30,start_thres=1.25",hub,0.25,50,11,40,1730,31,11,9,1719,0.775,0.0063583815028901,0.7380952380952381,0.2619047619047619,7.557810041037473
tfnbs,"e=0.7,h=6.0,n=30,start_thres=1.25",hub,0.25,50,11,40,1730,26,7,14,1723,0.65,0.0040462427745664,0.7878787878787878,0.2121212121212121,7.557810041037473
tfnbs,"e=0.7,h=7.0,n=30,start_thres=1.25",hub,0.25,50,11,40,1730,25,5,15,1725,0.625,0.0028901734104046,0.8333333333333334,0.1666666666666666,7.557810041037473
tfnbs,"e=0.7,h=8.0,n=30,start_thres=1.25",hub,0.25,50,11,40,1730,25,5,15,1725,0.625,0.0028901734104046,0.8333333333333334,0.1666666666666666,7.557810041037473
tfnbs,"e=0.7,h=9.0,n=30,start_thres=1.25",hub,0.25,50,11,40,1730,23,3,17,1727,0.575,0.0017341040462427,0.8846153846153846,0.1153846153846153,7.557810041037473
tfnbs,"e=0.7,h=10.0,n=30,start_thres=1.25",hub,0.25,50,11,40,1730,23,3,17,1727,0.575,0.0017341040462427,0.8846153846153846,0.1153846153846153,7.557810041037473
tfnbs,"e=0.8,h=0.5,n=30,start_thres=1.25",hub,0.25,50,11,40,1730,36,32,4,1698,0.9,0.0184971098265895,0.5294117647058824,0.4705882352941176,7.557810041037473
tfnbs,"e=0.8,h=1.0,n=30,start_thres=1.25",hub,0.25,50,11,40,1730,34,23,6,1707,0.85,0.0132947976878612,0.5964912280701754,0.4035087719298245,7.557810041037473
tfnbs,"e=0.8,h=2.0,n=30,start_thres=1.25",hub,0.25,50,11,40,1730,34,23,6,1707,0.85,0.0132947976878612,0.5964912280701754,0.4035087719298245,7.557810041037473
tfnbs,"e=0.8,h=3.0,n=30,start_thres=1.25",hub,0.25,50,11,40,1730,34,23,6,1707,0.85,0.0132947976878612,0.5964912280701754,0.4035087719298245,7.557810041037473
tfnbs,"e=0.8,h=4.0,n=30,start_thres=1.25",hub,0.25,50,11,40,1730,33,18,7,1712,0.825,0.0104046242774566,0.6470588235294118,0.3529411764705882,7.557810041037473
tfnbs,"e=0.8,h=5.0,n=30,start_thres=1.25",hub,0.25,50,11,40,1730,33,18,7,1712,0.825,0.0104046242774566,0.6470588235294118,0.3529411764705882,7.557810041037473
tfnbs,"e=0.8,h=6.0,n=30,start_thres=1.25",hub,0.25,50,11,40,1730,31,11,9,1719,0.775,0.0063583815028901,0.7380952380952381,0.2619047619047619,7.557810041037473
tfnbs,"e=0.8,h=7.0,n=30,start_thres=1.25",hub,0.25,50,11,40,1730,26,7,14,1723,0.65,0.0040462427745664,0.7878787878787878,0.2121212121212121,7.557810041037473
tfnbs,"e=0.8,h=8.0,n=30,start_thres=1.25",hub,0.25,50,11,40,1730,26,7,14,1723,0.65,0.0040462427745664,0.7878787878787878,0.2121212121212121,7.557810041037473
tfnbs,"e=0.8,h=9.0,n=30,start_thres=1.25",hub,0.25,50,11,40,1730,25,5,15,1725,0.625,0.0028901734104046,0.8333333333333334,0.1666666666666666,7.557810041037473
tfnbs,"e=0.8,h=10.0,n=30,start_thres=1.25",hub,0.25,50,11,40,1730,23,3,17,1727,0.575,0.0017341040462427,0.8846153846153846,0.1153846153846153,7.557810041037473
tfnbs,"e=0.9,h=0.5,n=30,start_thres=1.25",hub,0.25,50,11,40,1730,36,32,4,1698,0.9,0.0184971098265895,0.5294117647058824,0.4705882352941176,7.557810041037473
tfnbs,"e=0.9,h=1.0,n=30,start_thres=1.25",hub,0.25,50,11,40,1730,36,32,4,1698,0.9,0.0184971098265895,0.5294117647058824,0.4705882352941176,7.557810041037473
tfnbs,"e=0.9,h=2.0,n=30,start_thres=1.25",hub,0.25,50,11,40,1730,36,32,4,1698,0.9,0.0184971098265895,0.5294117647058824,0.4705882352941176,7.557810041037473
tfnbs,"e=0.9,h=3.0,n=30,start_thres=1.25",hub,0.25,50,11,40,1730,34,23,6,1707,0.85,0.0132947976878612,0.5964912280701754,0.4035087719298245,7.557810041037473
tfnbs,"e=0.9,h=4.0,n=30,start_thres=1.25",hub,0.25,50,11,40,1730,34,23,6,1707,0.85,0.0132947976878612,0.5964912280701754,0.4035087719298245,7.557810041037473
tfnbs,"e=0.9,h=5.0,n=30,start_thres=1.25",hub,0.25,50,11,40,1730,33,18,7,1712,0.825,0.0104046242774566,0.6470588235294118,0.3529411764705882,7.557810041037473
tfnbs,"e=0.9,h=6.0,n=30,start_thres=1.25",hub,0.25,50,11,40,1730,33,18,7,1712,0.825,0.0104046242774566,0.6470588235294118,0.3529411764705882,7.557810041037473
tfnbs,"e=0.9,h=7.0,n=30,start_thres=1.25",hub,0.25,50,11,40,1730,31,11,9,1719,0.775,0.0063583815028901,0.7380952380952381,0.2619047619047619,7.557810041037473
tfnbs,"e=0.9,h=8.0,n=30,start_thres=1.25",hub,0.25,50,11,40,1730,26,8,14,1722,0.65,0.0046242774566473,0.7647058823529411,0.2352941176470588,7.557810041037473
tfnbs,"e=0.9,h=9.0,n=30,start_thres=1.25",hub,0.25,50,11,40,1730,26,7,14,1723,0.65,0.0040462427745664,0.7878787878787878,0.2121212121212121,7.557810041037473
tfnbs,"e=0.9,h=10.0,n=30,start_thres=1.25",hub,0.25,50,11,40,1730,25,5,15,1725,0.625,0.0028901734104046,0.8333333333333334,0.1666666666666666,7.557810041037473
tfnbs,"e=1.0,h=0.5,n=30,start_thres=1.25",hub,0.25,50,11,40,1730,36,32,4,1698,0.9,0.0184971098265895,0.5294117647058824,0.4705882352941176,7.557810041037473
tfnbs,"e=1.0,h=1.0,n=30,start_thres=1.25",hub,0.25,50,11,40,1730,36,32,4,1698,0.9,0.0184971098265895,0.5294117647058824,0.4705882352941176,7.557810041037473
tfnbs,"e=1.0,h=2.0,n=30,start_thres=1.25",hub,0.25,50,11,40,1730,36,32,4,1698,0.9,0.0184971098265895,0.5294117647058824,0.4705882352941176,7.557810041037473
tfnbs,"e=1.0,h=3.0,n=30,start_thres=1.25",hub,0.25,50,11,40,1730,36,32,4,1698,0.9,0.0184971098265895,0.5294117647058824,0.4705882352941176,7.557810041037473
tfnbs,"e=1.0,h=4.0,n=30,start_thres=1.25",hub,0.25,50,11,40,1730,34,23,6,1707,0.85,0.0132947976878612,0.5964912280701754,0.4035087719298245,7.557810041037473
tfnbs,"e=1.0,h=5.0,n=30,start_thres=1.25",hub,0.25,50,11,40,1730,34,23,6,1707,0.85,0.0132947976878612,0.5964912280701754,0.4035087719298245,7.557810041037473
tfnbs,"e=1.0,h=6.0,n=30,start_thres=1.25",hub,0.25,50,11,40,1730,33,18,7,1712,0.825,0.0104046242774566,0.6470588235294118,0.3529411764705882,7.557810041037473
tfnbs,"e=1.0,h=7.0,n=30,start_thres=1.25",hub,0.25,50,11,40,1730,33,18,7,1712,0.825,0.0104046242774566,0.6470588235294118,0.3529411764705882,7.557810041037473
tfnbs,"e=1.0,h=8.0,n=30,start_thres=1.25",hub,0.25,50,11,40,1730,31,11,9,1719,0.775,0.0063583815028901,0.7380952380952381,0.2619047619047619,7.557810041037473
tfnbs,"e=1.0,h=9.0,n=30,start_thres=1.25",hub,0.25,50,11,40,1730,26,8,14,1722,0.65,0.0046242774566473,0.7647058823529411,0.2352941176470588,7.557810041037473
tfnbs,"e=1.0,h=10.0,n=30,start_thres=1.25",hub,0.25,50,11,40,1730,26,7,14,1723,0.65,0.0040462427745664,0.7878787878787878,0.2121212121212121,7.557810041037473
tfnbs,"e=1.1,h=0.5,n=30,start_thres=1.25",hub,0.25,50,11,40,1730,36,51,4,1679,0.9,0.0294797687861271,0.4137931034482758,0.5862068965517241,7.557810041037473
tfnbs,"e=1.1,h=1.0,n=30,start_thres=1.25",hub,0.25,50,11,40,1730,36,51,4,1679,0.9,0.0294797687861271,0.4137931034482758,0.5862068965517241,7.557810041037473
tfnbs,"e=1.1,h=2.0,n=30,start_thres=1.25",hub,0.25,50,11,40,1730,36,32,4,1698,0.9,0.0184971098265895,0.5294117647058824,0.4705882352941176,7.557810041037473
tfnbs,"e=1.1,h=3.0,n=30,start_thres=1.25",hub,0.25,50,11,40,1730,36,32,4,1698,0.9,0.0184971098265895,0.5294117647058824,0.4705882352941176,7.557810041037473
tfnbs,"e=1.1,h=4.0,n=30,start_thres=1.25",hub,0.25,50,11,40,1730,36,32,4,1698,0.9,0.0184971098265895,0.5294117647058824,0.4705882352941176,7.557810041037473
tfnbs,"e=1.1,h=5.0,n=30,start_thres=1.25",hub,0.25,50,11,40,1730,34,23,6,1707,0.85,0.0132947976878612,0.5964912280701754,0.4035087719298245,7.557810041037473
tfnbs,"e=1.1,h=6.0,n=30,start_thres=1.25",hub,0.25,50,11,40,1730,34,23,6,1707,0.85,0.0132947976878612,0.5964912280701754,0.4035087719298245,7.557810041037473
tfnbs,"e=1.1,h=7.0,n=30,start_thres=1.25",hub,0.25,50,11,40,1730,33,18,7,1712,0.825,0.0104046242774566,0.6470588235294118,0.3529411764705882,7.557810041037473
tfnbs,"e=1.1,h=8.0,n=30,start_thres=1.25",hub,0.25,50,11,40,1730,33,18,7,1712,0.825,0.0104046242774566,0.6470588235294118,0.3529411764705882,7.557810041037473
tfnbs,"e=1.1,h=9.0,n=30,start_thres=1.25",hub,0.25,50,11,40,1730,31,11,9,1719,0.775,0.0063583815028901,0.7380952380952381,0.2619047619047619,7.557810041037473
tfnbs,"e=1.1,h=10.0,n=30,start_thres=1.25",hub,0.25,50,11,40,1730,31,11,9,1719,0.775,0.0063583815028901,0.7380952380952381,0.2619047619047619,7.557810041037473
tfnbs,"e=1.2,h=0.5,n=30,start_thres=1.25",hub,0.25,50,11,40,1730,36,51,4,1679,0.9,0.0294797687861271,0.4137931034482758,0.5862068965517241,7.557810041037473
tfnbs,"e=1.2,h=1.0,n=30,start_thres=1.25",hub,0.25,50,11,40,1730,36,51,4,1679,0.9,0.0294797687861271,0.4137931034482758,0.5862068965517241,7.557810041037473
tfnbs,"e=1.2,h=2.0,n=30,start_thres=1.25",hub,0.25,50,11,40,1730,36,51,4,1679,0.9,0.0294797687861271,0.4137931034482758,0.5862068965517241,7.557810041037473
tfnbs,"e=1.2,h=3.0,n=30,start_thres=1.25",hub,0.25,50,11,40,1730,36,32,4,1698,0.9,0.0184971098265895,0.5294117647058824,0.4705882352941176,7.557810041037473
tfnbs,"e=1.2,h=4.0,n=30,start_thres=1.25",hub,0.25,50,11,40,1730,36,32,4,1698,0.9,0.0184971098265895,0.5294117647058824,0.4705882352941176,7.557810041037473
tfnbs,"e=1.2,h=5.0,n=30,start_thres=1.25",hub,0.25,50,11,40,1730,36,32,4,1698,0.9,0.0184971098265895,0.5294117647058824,0.4705882352941176,7.557810041037473
tfnbs,"e=1.2,h=6.0,n=30,start_thres=1.25",hub,0.25,50,11,40,1730,34,23,6,1707,0.85,0.0132947976878612,0.5964912280701754,0.4035087719298245,7.557810041037473
tfnbs,"e=1.2,h=7.0,n=30,start_thres=1.25",hub,0.25,50,11,40,1730,34,23,6,1707,0.85,0.0132947976878612,0.5964912280701754,0.4035087719298245,7.557810041037473
tfnbs,"e=1.2,h=8.0,n=30,start_thres=1.25",hub,0.25,50,11,40,1730,33,18,7,1712,0.825,0.0104046242774566,0.6470588235294118,0.3529411764705882,7.557810041037473
tfnbs,"e=1.2,h=9.0,n=30,start_thres=1.25",hub,0.25,50,11,40,1730,33,18,7,1712,0.825,0.0104046242774566,0.6470588235294118,0.3529411764705882,7.557810041037473
tfnbs,"e=1.2,h=10.0,n=30,start_thres=1.25",hub,0.25,50,11,40,1730,31,11,9,1719,0.775,0.0063583815028901,0.7380952380952381,0.2619047619047619,7.557810041037473
tfnbs,"e=1.3,h=0.5,n=30,start_thres=1.25",hub,0.25,50,11,40,1730,36,51,4,1679,0.9,0.0294797687861271,0.4137931034482758,0.5862068965517241,7.557810041037473
tfnbs,"e=1.3,h=1.0,n=30,start_thres=1.25",hub,0.25,50,11,40,1730,36,51,4,1679,0.9,0.0294797687861271,0.4137931034482758,0.5862068965517241,7.557810041037473
tfnbs,"e=1.3,h=2.0,n=30,start_thres=1.25",hub,0.25,50,11,40,1730,36,51,4,1679,0.9,0.0294797687861271,0.4137931034482758,0.5862068965517241,7.557810041037473
tfnbs,"e=1.3,h=3.0,n=30,start_thres=1.25",hub,0.25,50,11,40,1730,36,51,4,1679,0.9,0.0294797687861271,0.4137931034482758,0.5862068965517241,7.557810041037473
tfnbs,"e=1.3,h=4.0,n=30,start_thres=1.25",hub,0.25,50,11,40,1730,36,32,4,1698,0.9,0.0184971098265895,0.5294117647058824,0.4705882352941176,7.557810041037473
tfnbs,"e=1.3,h=5.0,n=30,start_thres=1.25",hub,0.25,50,11,40,1730,36,32,4,1698,0.9,0.0184971098265895,0.5294117647058824,0.4705882352941176,7.557810041037473
tfnbs,"e=1.3,h=6.0,n=30,start_thres=1.25",hub,0.25,50,11,40,1730,36,32,4,1698,0.9,0.0184971098265895,0.5294117647058824,0.4705882352941176,7.557810041037473
tfnbs,"e=1.3,h=7.0,n=30,start_thres=1.25",hub,0.25,50,11,40,1730,34,23,6,1707,0.85,0.0132947976878612,0.5964912280701754,0.4035087719298245,7.557810041037473
tfnbs,"e=1.3,h=8.0,n=30,start_thres=1.25",hub,0.25,50,11,40,1730,34,23,6,1707,0.85,0.0132947976878612,0.5964912280701754,0.4035087719298245,7.557810041037473
tfnbs,"e=1.3,h=9.0,n=30,start_thres=1.25",hub,0.25,50,11,40,1730,33,18,7,1712,0.825,0.0104046242774566,0.6470588235294118,0.3529411764705882,7.557810041037473
tfnbs,"e=1.3,h=10.0,n=30,start_thres=1.25",hub,0.25,50,11,40,1730,33,18,7,1712,0.825,0.0104046242774566,0.6470588235294118,0.3529411764705882,7.557810041037473
tfnbs,"e=1.4,h=0.5,n=30,start_thres=1.25",hub,0.25,50,11,40,1730,36,51,4,1679,0.9,0.0294797687861271,0.4137931034482758,0.5862068965517241,7.557810041037473
tfnbs,"e=1.4,h=1.0,n=30,start_thres=1.25",hub,0.25,50,11,40,1730,36,51,4,1679,0.9,0.0294797687861271,0.4137931034482758,0.5862068965517241,7.557810041037473
tfnbs,"e=1.4,h=2.0,n=30,start_thres=1.25",hub,0.25,50,11,40,1730,36,51,4,1679,0.9,0.0294797687861271,0.4137931034482758,0.5862068965517241,7.557810041037473
tfnbs,"e=1.4,h=3.0,n=30,start_thres=1.25",hub,0.25,50,11,40,1730,36,51,4,1679,0.9,0.0294797687861271,0.4137931034482758,0.5862068965517241,7.557810041037473
tfnbs,"e=1.4,h=4.0,n=30,start_thres=1.25",hub,0.25,50,11,40,1730,36,51,4,1679,0.9,0.0294797687861271,0.4137931034482758,0.5862068965517241,7.557810041037473
tfnbs,"e=1.4,h=5.0,n=30,start_thres=1.25",hub,0.25,50,11,40,1730,36,51,4,1679,0.9,0.0294797687861271,0.4137931034482758,0.5862068965517241,7.557810041037473
tfnbs,"e=1.4,h=6.0,n=30,start_thres=1.25",hub,0.25,50,11,40,1730,36,32,4,1698,0.9,0.0184971098265895,0.5294117647058824,0.4705882352941176,7.557810041037473
tfnbs,"e=1.4,h=7.0,n=30,start_thres=1.25",hub,0.25,50,11,40,1730,36,32,4,1698,0.9,0.0184971098265895,0.5294117647058824,0.4705882352941176,7.557810041037473
tfnbs,"e=1.4,h=8.0,n=30,start_thres=1.25",hub,0.25,50,11,40,1730,34,23,6,1707,0.85,0.0132947976878612,0.5964912280701754,0.4035087719298245,7.557810041037473
tfnbs,"e=1.4,h=9.0,n=30,start_thres=1.25",hub,0.25,50,11,40,1730,34,23,6,1707,0.85,0.0132947976878612,0.5964912280701754,0.4035087719298245,7.557810041037473
tfnbs,"e=1.4,h=10.0,n=30,start_thres=1.25",hub,0.25,50,11,40,1730,33,18,7,1712,0.825,0.0104046242774566,0.6470588235294118,0.3529411764705882,7.557810041037473
tfnbs,"e=1.5,h=0.5,n=30,start_thres=1.25",hub,0.25,50,11,40,1730,36,51,4,1679,0.9,0.0294797687861271,0.4137931034482758,0.5862068965517241,7.557810041037473
tfnbs,"e=1.5,h=1.0,n=30,start_thres=1.25",hub,0.25,50,11,40,1730,36,51,4,1679,0.9,0.0294797687861271,0.4137931034482758,0.5862068965517241,7.557810041037473
tfnbs,"e=1.5,h=2.0,n=30,start_thres=1.25",hub,0.25,50,11,40,1730,36,51,4,1679,0.9,0.0294797687861271,0.4137931034482758,0.5862068965517241,7.557810041037473
tfnbs,"e=1.5,h=3.0,n=30,start_thres=1.25",hub,0.25,50,11,40,1730,36,51,4,1679,0.9,0.0294797687861271,0.4137931034482758,0.5862068965517241,7.557810041037473
tfnbs,"e=1.5,h=4.0,n=30,start_thres=1.25",hub,0.25,50,11,40,1730,36,51,4,1679,0.9,0.0294797687861271,0.4137931034482758,0.5862068965517241,7.557810041037473
tfnbs,"e=1.5,h=5.0,n=30,start_thres=1.25",hub,0.25,50,11,40,1730,36,51,4,1679,0.9,0.0294797687861271,0.4137931034482758,0.5862068965517241,7.557810041037473
tfnbs,"e=1.5,h=6.0,n=30,start_thres=1.25",hub,0.25,50,11,40,1730,36,51,4,1679,0.9,0.0294797687861271,0.4137931034482758,0.5862068965517241,7.557810041037473
tfnbs,"e=1.5,h=7.0,n=30,start_thres=1.25",hub,0.25,50,11,40,1730,36,32,4,1698,0.9,0.0184971098265895,0.5294117647058824,0.4705882352941176,7.557810041037473
tfnbs,"e=1.5,h=8.0,n=30,start_thres=1.25",hub,0.25,50,11,40,1730,36,32,4,1698,0.9,0.0184971098265895,0.5294117647058824,0.4705882352941176,7.557810041037473
tfnbs,"e=1.5,h=9.0,n=30,start_thres=1.25",hub,0.25,50,11,40,1730,34,23,6,1707,0.85,0.0132947976878612,0.5964912280701754,0.4035087719298245,7.557810041037473
tfnbs,"e=1.5,h=10.0,n=30,start_thres=1.25",hub,0.25,50,11,40,1730,34,23,6,1707,0.85,0.0132947976878612,0.5964912280701754,0.4035087719298245,7.557810041037473
nbs_extent,threshold=3.5,hub,0.25,50,28,40,1730,24,0,16,1730,0.6,0.0,1.0,0.0,7.90907621383667
nbs_extent,threshold=3.5,hub,0.25,50,29,40,1730,23,0,17,1730,0.575,0.0,1.0,0.0,7.610685348510742
tfnbs,"e=0.05,h=0.5,n=30,start_thres=1.25",hub,0.25,50,13,40,1730,19,0,21,1730,0.475,0.0,1.0,0.0,7.5473516962744975
tfnbs,"e=0.05,h=1.0,n=30,start_thres=1.25",hub,0.25,50,13,40,1730,19,0,21,1730,0.475,0.0,1.0,0.0,7.5473516962744975
tfnbs,"e=0.05,h=2.0,n=30,start_thres=1.25",hub,0.25,50,13,40,1730,18,0,22,1730,0.45,0.0,1.0,0.0,7.5473516962744975
tfnbs,"e=0.05,h=3.0,n=30,start_thres=1.25",hub,0.25,50,13,40,1730,18,0,22,1730,0.45,0.0,1.0,0.0,7.5473516962744975
tfnbs,"e=0.05,h=4.0,n=30,start_thres=1.25",hub,0.25,50,13,40,1730,18,0,22,1730,0.45,0.0,1.0,0.0,7.5473516962744975
tfnbs,"e=0.05,h=5.0,n=30,start_thres=1.25",hub,0.25,50,13,40,1730,18,0,22,1730,0.45,0.0,1.0,0.0,7.5473516962744975
tfnbs,"e=0.05,h=6.0,n=30,start_thres=1.25",hub,0.25,50,13,40,1730,18,0,22,1730,0.45,0.0,1.0,0.0,7.5473516962744975
tfnbs,"e=0.05,h=7.0,n=30,start_thres=1.25",hub,0.25,50,13,40,1730,18,0,22,1730,0.45,0.0,1.0,0.0,7.5473516962744975
tfnbs,"e=0.05,h=8.0,n=30,start_thres=1.25",hub,0.25,50,13,40,1730,18,0,22,1730,0.45,0.0,1.0,0.0,7.5473516962744975
tfnbs,"e=0.05,h=9.0,n=30,start_thres=1.25",hub,0.25,50,13,40,1730,18,0,22,1730,0.45,0.0,1.0,0.0,7.5473516962744975
tfnbs,"e=0.05,h=10.0,n=30,start_thres=1.25",hub,0.25,50,13,40,1730,18,0,22,1730,0.45,0.0,1.0,0.0,7.5473516962744975
tfnbs,"e=0.1,h=0.5,n=30,start_thres=1.25",hub,0.25,50,13,40,1730,20,0,20,1730,0.5,0.0,1.0,0.0,7.5473516962744975
tfnbs,"e=0.1,h=1.0,n=30,start_thres=1.25",hub,0.25,50,13,40,1730,20,0,20,1730,0.5,0.0,1.0,0.0,7.5473516962744975
tfnbs,"e=0.1,h=2.0,n=30,start_thres=1.25",hub,0.25,50,13,40,1730,19,0,21,1730,0.475,0.0,1.0,0.0,7.5473516962744975
tfnbs,"e=0.1,h=3.0,n=30,start_thres=1.25",hub,0.25,50,13,40,1730,19,0,21,1730,0.475,0.0,1.0,0.0,7.5473516962744975
tfnbs,"e=0.1,h=4.0,n=30,start_thres=1.25",hub,0.25,50,13,40,1730,19,0,21,1730,0.475,0.0,1.0,0.0,7.5473516962744975
tfnbs,"e=0.1,h=5.0,n=30,start_thres=1.25",hub,0.25,50,13,40,1730,19,0,21,1730,0.475,0.0,1.0,0.0,7.5473516962744975
tfnbs,"e=0.1,h=6.0,n=30,start_thres=1.25",hub,0.25,50,13,40,1730,18,0,22,1730,0.45,0.0,1.0,0.0,7.5473516962744975
tfnbs,"e=0.1,h=7.0,n=30,start_thres=1.25",hub,0.25,50,13,40,1730,18,0,22,1730,0.45,0.0,1.0,0.0,7.5473516962744975
tfnbs,"e=0.1,h=8.0,n=30,start_thres=1.25",hub,0.25,50,13,40,1730,18,0,22,1730,0.45,0.0,1.0,0.0,7.5473516962744975
tfnbs,"e=0.1,h=9.0,n=30,start_thres=1.25",hub,0.25,50,13,40,1730,18,0,22,1730,0.45,0.0,1.0,0.0,7.5473516962744975
tfnbs,"e=0.1,h=10.0,n=30,start_thres=1.25",hub,0.25,50,13,40,1730,18,0,22,1730,0.45,0.0,1.0,0.0,7.5473516962744975
tfnbs,"e=0.2,h=0.5,n=30,start_thres=1.25",hub,0.25,50,13,40,1730,25,0,15,1730,0.625,0.0,1.0,0.0,7.5473516962744975
tfnbs,"e=0.2,h=1.0,n=30,start_thres=1.25",hub,0.25,50,13,40,1730,25,0,15,1730,0.625,0.0,1.0,0.0,7.5473516962744975
tfnbs,"e=0.2,h=2.0,n=30,start_thres=1.25",hub,0.25,50,13,40,1730,21,0,19,1730,0.525,0.0,1.0,0.0,7.5473516962744975
tfnbs,"e=0.2,h=3.0,n=30,start_thres=1.25",hub,0.25,50,13,40,1730,21,0,19,1730,0.525,0.0,1.0,0.0,7.5473516962744975
tfnbs,"e=0.2,h=4.0,n=30,start_thres=1.25",hub,0.25,50,13,40,1730,20,0,20,1730,0.5,0.0,1.0,0.0,7.5473516962744975
tfnbs,"e=0.2,h=5.0,n=30,start_thres=1.25",hub,0.25,50,13,40,1730,20,0,20,1730,0.5,0.0,1.0,0.0,7.5473516962744975
tfnbs,"e=0.2,h=6.0,n=30,start_thres=1.25",hub,0.25,50,13,40,1730,19,0,21,1730,0.475,0.0,1.0,0.0,7.5473516962744975
tfnbs,"e=0.2,h=7.0,n=30,start_thres=1.25",hub,0.25,50,13,40,1730,19,0,21,1730,0.475,0.0,1.0,0.0,7.5473516962744975
tfnbs,"e=0.2,h=8.0,n=30,start_thres=1.25",hub,0.25,50,13,40,1730,19,0,21,1730,0.475,0.0,1.0,0.0,7.5473516962744975
tfnbs,"e=0.2,h=9.0,n=30,start_thres=1.25",hub,0.25,50,13,40,1730,19,0,21,1730,0.475,0.0,1.0,0.0,7.5473516962744975
tfnbs,"e=0.2,h=10.0,n=30,start_thres=1.25",hub,0.25,50,13,40,1730,19,0,21,1730,0.475,0.0,1.0,0.0,7.5473516962744975
tfnbs,"e=0.3,h=0.5,n=30,start_thres=1.25",hub,0.25,50,13,40,1730,32,1,8,1729,0.8,0.0005780346820809,0.9696969696969696,0.0303030303030303,7.5473516962744975
tfnbs,"e=0.3,h=1.0,n=30,start_thres=1.25",hub,0.25,50,13,40,1730,32,1,8,1729,0.8,0.0005780346820809,0.9696969696969696,0.0303030303030303,7.5473516962744975
tfnbs,"e=0.3,h=2.0,n=30,start_thres=1.25",hub,0.25,50,13,40,1730,30,1,10,1729,0.75,0.0005780346820809,0.967741935483871,0.032258064516129,7.5473516962744975
tfnbs,"e=0.3,h=3.0,n=30,start_thres=1.25",hub,0.25,50,13,40,1730,25,0,15,1730,0.625,0.0,1.0,0.0,7.5473516962744975
tfnbs,"e=0.3,h=4.0,n=30,start_thres=1.25",hub,0.25,50,13,40,1730,25,0,15,1730,0.625,0.0,1.0,0.0,7.5473516962744975
tfnbs,"e=0.3,h=5.0,n=30,start_thres=1.25",hub,0.25,50,13,40,1730,21,0,19,1730,0.525,0.0,1.0,0.0,7.5473516962744975
tfnbs,"e=0.3,h=6.0,n=30,start_thres=1.25",hub,0.25,50,13,40,1730,21,0,19,1730,0.525,0.0,1.0,0.0,7.5473516962744975
tfnbs,"e=0.3,h=7.0,n=30,start_thres=1.25",hub,0.25,50,13,40,1730,20,0,20,1730,0.5,0.0,1.0,0.0,7.5473516962744975
tfnbs,"e=0.3,h=8.0,n=30,start_thres=1.25",hub,0.25,50,13,40,1730,20,0,20,1730,0.5,0.0,1.0,0.0,7.5473516962744975
tfnbs,"e=0.3,h=9.0,n=30,start_thres=1.25",hub,0.25,50,13,40,1730,20,0,20,1730,0.5,0.0,1.0,0.0,7.5473516962744975
tfnbs,"e=0.3,h=10.0,n=30,start_thres=1.25",hub,0.25,50,13,40,1730,19,0,21,1730,0.475,0.0,1.0,0.0,7.5473516962744975
tfnbs,"e=0.4,h=0.5,n=30,start_thres=1.25",hub,0.25,50,13,40,1730,32,2,8,1728,0.8,0.0011560693641618,0.9411764705882352,0.0588235294117647,7.5473516962744975
tfnbs,"e=0.4,h=1.0,n=30,start_thres=1.25",hub,0.25,50,13,40,1730,32,2,8,1728,0.8,0.0011560693641618,0.9411764705882352,0.0588235294117647,7.5473516962744975
tfnbs,"e=0.4,h=2.0,n=30,start_thres=1.25",hub,0.25,50,13,40,1730,32,1,8,1729,0.8,0.0005780346820809,0.9696969696969696,0.0303030303030303,7.5473516962744975
tfnbs,"e=0.4,h=3.0,n=30,start_thres=1.25",hub,0.25,50,13,40,1730,30,1,10,1729,0.75,0.0005780346820809,0.967741935483871,0.032258064516129,7.5473516962744975
tfnbs,"e=0.4,h=4.0,n=30,start_thres=1.25",hub,0.25,50,13,40,1730,30,1,10,1729,0.75,0.0005780346820809,0.967741935483871,0.032258064516129,7.5473516962744975
tfnbs,"e=0.4,h=5.0,n=30,start_thres=1.25",hub,0.25,50,13,40,1730,25,0,15,1730,0.625,0.0,1.0,0.0,7.5473516962744975
tfnbs,"e=0.4,h=6.0,n=30,start_thres=1.25",hub,0.25,50,13,40,1730,25,0,15,1730,0.625,0.0,1.0,0.0,7.5473516962744975
tfnbs,"e=0.4,h=7.0,n=30,start_thres=1.25",hub,0.25,50,13,40,1730,21,0,19,1730,0.525,0.0,1.0,0.0,7.5473516962744975
tfnbs,"e=0.4,h=8.0,n=30,start_thres=1.25",hub,0.25,50,13,40,1730,21,0,19,1730,0.525,0.0,1.0,0.0,7.5473516962744975
tfnbs,"e=0.4,h=9.0,n=30,start_thres=1.25",hub,0.25,50,13,40,1730,20,0,20,1730,0.5,0.0,1.0,0.0,7.5473516962744975
tfnbs,"e=0.4,h=10.0,n=30,start_thres=1.25",hub,0.25,50,13,40,1730,20,0,20,1730,0.5,0.0,1.0,0.0,7.5473516962744975
tfnbs,"e=0.5,h=0.5,n=30,start_thres=1.25",hub,0.25,50,13,40,1730,33,4,7,1726,0.825,0.0023121387283236,0.8918918918918919,0.1081081081081081,7.5473516962744975
tfnbs,"e=0.5,h=1.0,n=30,start_thres=1.25",hub,0.25,50,13,40,1730,33,4,7,1726,0.825,0.0023121387283236,0.8918918918918919,0.1081081081081081,7.5473516962744975
tfnbs,"e=0.5,h=2.0,n=30,start_thres=1.25",hub,0.25,50,13,40,1730,32,2,8,1728,0.8,0.0011560693641618,0.9411764705882352,0.0588235294117647,7.5473516962744975
tfnbs,"e=0.5,h=3.0,n=30,start_thres=1.25",hub,0.25,50,13,40,1730,32,2,8,1728,0.8,0.0011560693641618,0.9411764705882352,0.0588235294117647,7.5473516962744975
tfnbs,"e=0.5,h=4.0,n=30,start_thres=1.25",hub,0.25,50,13,40,1730,32,1,8,1729,0.8,0.0005780346820809,0.9696969696969696,0.0303030303030303,7.5473516962744975
tfnbs,"e=0.5,h=5.0,n=30,start_thres=1.25",hub,0.25,50,13,40,1730,30,1,10,1729,0.75,0.0005780346820809,0.967741935483871,0.032258064516129,7.5473516962744975
tfnbs,"e=0.5,h=6.0,n=30,start_thres=1.25",hub,0.25,50,13,40,1730,30,1,10,1729,0.75,0.0005780346820809,0.967741935483871,0.032258064516129,7.5473516962744975
tfnbs,"e=0.5,h=7.0,n=30,start_thres=1.25",hub,0.25,50,13,40,1730,25,0,15,1730,0.625,0.0,1.0,0.0,7.5473516962744975
tfnbs,"e=0.5,h=8.0,n=30,start_thres=1.25",hub,0.25,50,13,40,1730,25,0,15,1730,0.625,0.0,1.0,0.0,7.5473516962744975
tfnbs,"e=0.5,h=9.0,n=30,start_thres=1.25",hub,0.25,50,13,40,1730,21,0,19,1730,0.525,0.0,1.0,0.0,7.5473516962744975
tfnbs,"e=0.5,h=10.0,n=30,start_thres=1.25",hub,0.25,50,13,40,1730,21,0,19,1730,0.525,0.0,1.0,0.0,7.5473516962744975
tfnbs,"e=0.6,h=0.5,n=30,start_thres=1.25",hub,0.25,50,13,40,1730,33,4,7,1726,0.825,0.0023121387283236,0.8918918918918919,0.1081081081081081,7.5473516962744975
tfnbs,"e=0.6,h=1.0,n=30,start_thres=1.25",hub,0.25,50,13,40,1730,33,4,7,1726,0.825,0.0023121387283236,0.8918918918918919,0.1081081081081081,7.5473516962744975
tfnbs,"e=0.6,h=2.0,n=30,start_thres=1.25",hub,0.25,50,13,40,1730,33,4,7,1726,0.825,0.0023121387283236,0.8918918918918919,0.1081081081081081,7.5473516962744975
tfnbs,"e=0.6,h=3.0,n=30,start_thres=1.25",hub,0.25,50,13,40,1730,32,2,8,1728,0.8,0.0011560693641618,0.9411764705882352,0.0588235294117647,7.5473516962744975
tfnbs,"e=0.6,h=4.0,n=30,start_thres=1.25",hub,0.25,50,13,40,1730,32,2,8,1728,0.8,0.0011560693641618,0.9411764705882352,0.0588235294117647,7.5473516962744975
tfnbs,"e=0.6,h=5.0,n=30,start_thres=1.25",hub,0.25,50,13,40,1730,32,1,8,1729,0.8,0.0005780346820809,0.9696969696969696,0.0303030303030303,7.5473516962744975
tfnbs,"e=0.6,h=6.0,n=30,start_thres=1.25",hub,0.25,50,13,40,1730,32,1,8,1729,0.8,0.0005780346820809,0.9696969696969696,0.0303030303030303,7.5473516962744975
tfnbs,"e=0.6,h=7.0,n=30,start_thres=1.25",hub,0.25,50,13,40,1730,30,1,10,1729,0.75,0.0005780346820809,0.967741935483871,0.032258064516129,7.5473516962744975
tfnbs,"e=0.6,h=8.0,n=30,start_thres=1.25",hub,0.25,50,13,40,1730,25,0,15,1730,0.625,0.0,1.0,0.0,7.5473516962744975
tfnbs,"e=0.6,h=9.0,n=30,start_thres=1.25",hub,0.25,50,13,40,1730,25,0,15,1730,0.625,0.0,1.0,0.0,7.5473516962744975
tfnbs,"e=0.6,h=10.0,n=30,start_thres=1.25",hub,0.25,50,13,40,1730,25,0,15,1730,0.625,0.0,1.0,0.0,7.5473516962744975
tfnbs,"e=0.7,h=0.5,n=30,start_thres=1.25",hub,0.25,50,13,40,1730,35,7,5,1723,0.875,0.0040462427745664,0.8333333333333334,0.1666666666666666,7.5473516962744975
tfnbs,"e=0.7,h=1.0,n=30,start_thres=1.25",hub,0.25,50,13,40,1730,35,7,5,1723,0.875,0.0040462427745664,0.8333333333333334,0.1666666666666666,7.5473516962744975
tfnbs,"e=0.7,h=2.0,n=30,start_thres=1.25",hub,0.25,50,13,40,1730,33,4,7,1726,0.825,0.0023121387283236,0.8918918918918919,0.1081081081081081,7.5473516962744975
tfnbs,"e=0.7,h=3.0,n=30,start_thres=1.25",hub,0.25,50,13,40,1730,33,4,7,1726,0.825,0.0023121387283236,0.8918918918918919,0.1081081081081081,7.5473516962744975
tfnbs,"e=0.7,h=4.0,n=30,start_thres=1.25",hub,0.25,50,13,40,1730,33,4,7,1726,0.825,0.0023121387283236,0.8918918918918919,0.1081081081081081,7.5473516962744975
tfnbs,"e=0.7,h=5.0,n=30,start_thres=1.25",hub,0.25,50,13,40,1730,32,2,8,1728,0.8,0.0011560693641618,0.9411764705882352,0.0588235294117647,7.5473516962744975
tfnbs,"e=0.7,h=6.0,n=30,start_thres=1.25",hub,0.25,50,13,40,1730,32,1,8,1729,0.8,0.0005780346820809,0.9696969696969696,0.0303030303030303,7.5473516962744975
tfnbs,"e=0.7,h=7.0,n=30,start_thres=1.25",hub,0.25,50,13,40,1730,32,1,8,1729,0.8,0.0005780346820809,0.9696969696969696,0.0303030303030303,7.5473516962744975
tfnbs,"e=0.7,h=8.0,n=30,start_thres=1.25",hub,0.25,50,13,40,1730,30,1,10,1729,0.75,0.0005780346820809,0.967741935483871,0.032258064516129,7.5473516962744975
tfnbs,"e=0.7,h=9.0,n=30,start_thres=1.25",hub,0.25,50,13,40,1730,30,1,10,1729,0.75,0.0005780346820809,0.967741935483871,0.032258064516129,7.5473516962744975
tfnbs,"e=0.7,h=10.0,n=30,start_thres=1.25",hub,0.25,50,13,40,1730,25,0,15,1730,0.625,0.0,1.0,0.0,7.5473516962744975
tfnbs,"e=0.8,h=0.5,n=30,start_thres=1.25",hub,0.25,50,13,40,1730,35,7,5,1723,0.875,0.0040462427745664,0.8333333333333334,0.1666666666666666,7.5473516962744975
tfnbs,"e=0.8,h=1.0,n=30,start_thres=1.25",hub,0.25,50,13,40,1730,35,7,5,1723,0.875,0.0040462427745664,0.8333333333333334,0.1666666666666666,7.5473516962744975
tfnbs,"e=0.8,h=2.0,n=30,start_thres=1.25",hub,0.25,50,13,40,1730,35,7,5,1723,0.875,0.0040462427745664,0.8333333333333334,0.1666666666666666,7.5473516962744975
tfnbs,"e=0.8,h=3.0,n=30,start_thres=1.25",hub,0.25,50,13,40,1730,35,7,5,1723,0.875,0.0040462427745664,0.8333333333333334,0.1666666666666666,7.5473516962744975
tfnbs,"e=0.8,h=4.0,n=30,start_thres=1.25",hub,0.25,50,13,40,1730,33,4,7,1726,0.825,0.0023121387283236,0.8918918918918919,0.1081081081081081,7.5473516962744975
tfnbs,"e=0.8,h=5.0,n=30,start_thres=1.25",hub,0.25,50,13,40,1730,33,4,7,1726,0.825,0.0023121387283236,0.8918918918918919,0.1081081081081081,7.5473516962744975
tfnbs,"e=0.8,h=6.0,n=30,start_thres=1.25",hub,0.25,50,13,40,1730,32,2,8,1728,0.8,0.0011560693641618,0.9411764705882352,0.0588235294117647,7.5473516962744975
tfnbs,"e=0.8,h=7.0,n=30,start_thres=1.25",hub,0.25,50,13,40,1730,32,1,8,1729,0.8,0.0005780346820809,0.9696969696969696,0.0303030303030303,7.5473516962744975
tfnbs,"e=0.8,h=8.0,n=30,start_thres=1.25",hub,0.25,50,13,40,1730,32,1,8,1729,0.8,0.0005780346820809,0.9696969696969696,0.0303030303030303,7.5473516962744975
tfnbs,"e=0.8,h=9.0,n=30,start_thres=1.25",hub,0.25,50,13,40,1730,30,1,10,1729,0.75,0.0005780346820809,0.967741935483871,0.032258064516129,7.5473516962744975
tfnbs,"e=0.8,h=10.0,n=30,start_thres=1.25",hub,0.25,50,13,40,1730,30,1,10,1729,0.75,0.0005780346820809,0.967741935483871,0.032258064516129,7.5473516962744975
tfnbs,"e=0.9,h=0.5,n=30,start_thres=1.25",hub,0.25,50,13,40,1730,35,7,5,1723,0.875,0.0040462427745664,0.8333333333333334,0.1666666666666666,7.5473516962744975
tfnbs,"e=0.9,h=1.0,n=30,start_thres=1.25",hub,0.25,50,13,40,1730,35,7,5,1723,0.875,0.0040462427745664,0.8333333333333334,0.1666666666666666,7.5473516962744975
tfnbs,"e=0.9,h=2.0,n=30,start_thres=1.25",hub,0.25,50,13,40,1730,35,7,5,1723,0.875,0.0040462427745664,0.8333333333333334,0.1666666666666666,7.5473516962744975
tfnbs,"e=0.9,h=3.0,n=30,start_thres=1.25",hub,0.25,50,13,40,1730,35,7,5,1723,0.875,0.0040462427745664,0.8333333333333334,0.1666666666666666,7.5473516962744975
tfnbs,"e=0.9,h=4.0,n=30,start_thres=1.25",hub,0.25,50,13,40,1730,35,7,5,1723,0.875,0.0040462427745664,0.8333333333333334,0.1666666666666666,7.5473516962744975
tfnbs,"e=0.9,h=5.0,n=30,start_thres=1.25",hub,0.25,50,13,40,1730,33,4,7,1726,0.825,0.0023121387283236,0.8918918918918919,0.1081081081081081,7.5473516962744975
tfnbs,"e=0.9,h=6.0,n=30,start_thres=1.25",hub,0.25,50,13,40,1730,33,4,7,1726,0.825,0.0023121387283236,0.8918918918918919,0.1081081081081081,7.5473516962744975
tfnbs,"e=0.9,h=7.0,n=30,start_thres=1.25",hub,0.25,50,13,40,1730,32,2,8,1728,0.8,0.0011560693641618,0.9411764705882352,0.0588235294117647,7.5473516962744975
tfnbs,"e=0.9,h=8.0,n=30,start_thres=1.25",hub,0.25,50,13,40,1730,32,2,8,1728,0.8,0.0011560693641618,0.9411764705882352,0.0588235294117647,7.5473516962744975
tfnbs,"e=0.9,h=9.0,n=30,start_thres=1.25",hub,0.25,50,13,40,1730,32,1,8,1729,0.8,0.0005780346820809,0.9696969696969696,0.0303030303030303,7.5473516962744975
tfnbs,"e=0.9,h=10.0,n=30,start_thres=1.25",hub,0.25,50,13,40,1730,32,1,8,1729,0.8,0.0005780346820809,0.9696969696969696,0.0303030303030303,7.5473516962744975
tfnbs,"e=1.0,h=0.5,n=30,start_thres=1.25",hub,0.25,50,13,40,1730,35,7,5,1723,0.875,0.0040462427745664,0.8333333333333334,0.1666666666666666,7.5473516962744975
tfnbs,"e=1.0,h=1.0,n=30,start_thres=1.25",hub,0.25,50,13,40,1730,35,7,5,1723,0.875,0.0040462427745664,0.8333333333333334,0.1666666666666666,7.5473516962744975
tfnbs,"e=1.0,h=2.0,n=30,start_thres=1.25",hub,0.25,50,13,40,1730,35,7,5,1723,0.875,0.0040462427745664,0.8333333333333334,0.1666666666666666,7.5473516962744975
tfnbs,"e=1.0,h=3.0,n=30,start_thres=1.25",hub,0.25,50,13,40,1730,35,7,5,1723,0.875,0.0040462427745664,0.8333333333333334,0.1666666666666666,7.5473516962744975
tfnbs,"e=1.0,h=4.0,n=30,start_thres=1.25",hub,0.25,50,13,40,1730,35,7,5,1723,0.875,0.0040462427745664,0.8333333333333334,0.1666666666666666,7.5473516962744975
tfnbs,"e=1.0,h=5.0,n=30,start_thres=1.25",hub,0.25,50,13,40,1730,35,7,5,1723,0.875,0.0040462427745664,0.8333333333333334,0.1666666666666666,7.5473516962744975
tfnbs,"e=1.0,h=6.0,n=30,start_thres=1.25",hub,0.25,50,13,40,1730,33,4,7,1726,0.825,0.0023121387283236,0.8918918918918919,0.1081081081081081,7.5473516962744975
tfnbs,"e=1.0,h=7.0,n=30,start_thres=1.25",hub,0.25,50,13,40,1730,33,4,7,1726,0.825,0.0023121387283236,0.8918918918918919,0.1081081081081081,7.5473516962744975
tfnbs,"e=1.0,h=8.0,n=30,start_thres=1.25",hub,0.25,50,13,40,1730,32,2,8,1728,0.8,0.0011560693641618,0.9411764705882352,0.0588235294117647,7.5473516962744975
tfnbs,"e=1.0,h=9.0,n=30,start_thres=1.25",hub,0.25,50,13,40,1730,32,2,8,1728,0.8,0.0011560693641618,0.9411764705882352,0.0588235294117647,7.5473516962744975
tfnbs,"e=1.0,h=10.0,n=30,start_thres=1.25",hub,0.25,50,13,40,1730,32,1,8,1729,0.8,0.0005780346820809,0.9696969696969696,0.0303030303030303,7.5473516962744975
tfnbs,"e=1.1,h=0.5,n=30,start_thres=1.25",hub,0.25,50,13,40,1730,35,7,5,1723,0.875,0.0040462427745664,0.8333333333333334,0.1666666666666666,7.5473516962744975
tfnbs,"e=1.1,h=1.0,n=30,start_thres=1.25",hub,0.25,50,13,40,1730,35,7,5,1723,0.875,0.0040462427745664,0.8333333333333334,0.1666666666666666,7.5473516962744975
tfnbs,"e=1.1,h=2.0,n=30,start_thres=1.25",hub,0.25,50,13,40,1730,37,9,3,1721,0.925,0.0052023121387283,0.8043478260869565,0.1956521739130435,7.5473516962744975
tfnbs,"e=1.1,h=3.0,n=30,start_thres=1.25",hub,0.25,50,13,40,1730,37,9,3,1721,0.925,0.0052023121387283,0.8043478260869565,0.1956521739130435,7.5473516962744975
tfnbs,"e=1.1,h=4.0,n=30,start_thres=1.25",hub,0.25,50,13,40,1730,35,7,5,1723,0.875,0.0040462427745664,0.8333333333333334,0.1666666666666666,7.5473516962744975
tfnbs,"e=1.1,h=5.0,n=30,start_thres=1.25",hub,0.25,50,13,40,1730,35,7,5,1723,0.875,0.0040462427745664,0.8333333333333334,0.1666666666666666,7.5473516962744975
tfnbs,"e=1.1,h=6.0,n=30,start_thres=1.25",hub,0.25,50,13,40,1730,35,7,5,1723,0.875,0.0040462427745664,0.8333333333333334,0.1666666666666666,7.5473516962744975
tfnbs,"e=1.1,h=7.0,n=30,start_thres=1.25",hub,0.25,50,13,40,1730,35,7,5,1723,0.875,0.0040462427745664,0.8333333333333334,0.1666666666666666,7.5473516962744975
tfnbs,"e=1.1,h=8.0,n=30,start_thres=1.25",hub,0.25,50,13,40,1730,33,4,7,1726,0.825,0.0023121387283236,0.8918918918918919,0.1081081081081081,7.5473516962744975
tfnbs,"e=1.1,h=9.0,n=30,start_thres=1.25",hub,0.25,50,13,40,1730,32,2,8,1728,0.8,0.0011560693641618,0.9411764705882352,0.0588235294117647,7.5473516962744975
tfnbs,"e=1.1,h=10.0,n=30,start_thres=1.25",hub,0.25,50,13,40,1730,32,2,8,1728,0.8,0.0011560693641618,0.9411764705882352,0.0588235294117647,7.5473516962744975
tfnbs,"e=1.2,h=0.5,n=30,start_thres=1.25",hub,0.25,50,13,40,1730,37,9,3,1721,0.925,0.0052023121387283,0.8043478260869565,0.1956521739130435,7.5473516962744975
tfnbs,"e=1.2,h=1.0,n=30,start_thres=1.25",hub,0.25,50,13,40,1730,37,9,3,1721,0.925,0.0052023121387283,0.8043478260869565,0.1956521739130435,7.5473516962744975
tfnbs,"e=1.2,h=2.0,n=30,start_thres=1.25",hub,0.25,50,13,40,1730,37,9,3,1721,0.925,0.0052023121387283,0.8043478260869565,0.1956521739130435,7.5473516962744975
tfnbs,"e=1.2,h=3.0,n=30,start_thres=1.25",hub,0.25,50,13,40,1730,37,9,3,1721,0.925,0.0052023121387283,0.8043478260869565,0.1956521739130435,7.5473516962744975
tfnbs,"e=1.2,h=4.0,n=30,start_thres=1.25",hub,0.25,50,13,40,1730,37,9,3,1721,0.925,0.0052023121387283,0.8043478260869565,0.1956521739130435,7.5473516962744975
tfnbs,"e=1.2,h=5.0,n=30,start_thres=1.25",hub,0.25,50,13,40,1730,37,9,3,1721,0.925,0.0052023121387283,0.8043478260869565,0.1956521739130435,7.5473516962744975
tfnbs,"e=1.2,h=6.0,n=30,start_thres=1.25",hub,0.25,50,13,40,1730,35,7,5,1723,0.875,0.0040462427745664,0.8333333333333334,0.1666666666666666,7.5473516962744975
tfnbs,"e=1.2,h=7.0,n=30,start_thres=1.25",hub,0.25,50,13,40,1730,35,7,5,1723,0.875,0.0040462427745664,0.8333333333333334,0.1666666666666666,7.5473516962744975
tfnbs,"e=1.2,h=8.0,n=30,start_thres=1.25",hub,0.25,50,13,40,1730,33,4,7,1726,0.825,0.0023121387283236,0.8918918918918919,0.1081081081081081,7.5473516962744975
tfnbs,"e=1.2,h=9.0,n=30,start_thres=1.25",hub,0.25,50,13,40,1730,33,4,7,1726,0.825,0.0023121387283236,0.8918918918918919,0.1081081081081081,7.5473516962744975
tfnbs,"e=1.2,h=10.0,n=30,start_thres=1.25",hub,0.25,50,13,40,1730,32,2,8,1728,0.8,0.0011560693641618,0.9411764705882352,0.0588235294117647,7.5473516962744975
tfnbs,"e=1.3,h=0.5,n=30,start_thres=1.25",hub,0.25,50,13,40,1730,37,9,3,1721,0.925,0.0052023121387283,0.8043478260869565,0.1956521739130435,7.5473516962744975
tfnbs,"e=1.3,h=1.0,n=30,start_thres=1.25",hub,0.25,50,13,40,1730,37,9,3,1721,0.925,0.0052023121387283,0.8043478260869565,0.1956521739130435,7.5473516962744975
tfnbs,"e=1.3,h=2.0,n=30,start_thres=1.25",hub,0.25,50,13,40,1730,37,9,3,1721,0.925,0.0052023121387283,0.8043478260869565,0.1956521739130435,7.5473516962744975
tfnbs,"e=1.3,h=3.0,n=30,start_thres=1.25",hub,0.25,50,13,40,1730,37,9,3,1721,0.925,0.0052023121387283,0.8043478260869565,0.1956521739130435,7.5473516962744975
tfnbs,"e=1.3,h=4.0,n=30,start_thres=1.25",hub,0.25,50,13,40,1730,37,9,3,1721,0.925,0.0052023121387283,0.8043478260869565,0.1956521739130435,7.5473516962744975
tfnbs,"e=1.3,h=5.0,n=30,start_thres=1.25",hub,0.25,50,13,40,1730,37,9,3,1721,0.925,0.0052023121387283,0.8043478260869565,0.1956521739130435,7.5473516962744975
tfnbs,"e=1.3,h=6.0,n=30,start_thres=1.25",hub,0.25,50,13,40,1730,37,9,3,1721,0.925,0.0052023121387283,0.8043478260869565,0.1956521739130435,7.5473516962744975
tfnbs,"e=1.3,h=7.0,n=30,start_thres=1.25",hub,0.25,50,13,40,1730,35,7,5,1723,0.875,0.0040462427745664,0.8333333333333334,0.1666666666666666,7.5473516962744975
tfnbs,"e=1.3,h=8.0,n=30,start_thres=1.25",hub,0.25,50,13,40,1730,35,7,5,1723,0.875,0.0040462427745664,0.8333333333333334,0.1666666666666666,7.5473516962744975
tfnbs,"e=1.3,h=9.0,n=30,start_thres=1.25",hub,0.25,50,13,40,1730,35,7,5,1723,0.875,0.0040462427745664,0.8333333333333334,0.1666666666666666,7.5473516962744975
tfnbs,"e=1.3,h=10.0,n=30,start_thres=1.25",hub,0.25,50,13,40,1730,33,4,7,1726,0.825,0.0023121387283236,0.8918918918918919,0.1081081081081081,7.5473516962744975
tfnbs,"e=1.4,h=0.5,n=30,start_thres=1.25",hub,0.25,50,13,40,1730,35,7,5,1723,0.875,0.0040462427745664,0.8333333333333334,0.1666666666666666,7.5473516962744975
tfnbs,"e=1.4,h=1.0,n=30,start_thres=1.25",hub,0.25,50,13,40,1730,37,9,3,1721,0.925,0.0052023121387283,0.8043478260869565,0.1956521739130435,7.5473516962744975
tfnbs,"e=1.4,h=2.0,n=30,start_thres=1.25",hub,0.25,50,13,40,1730,37,9,3,1721,0.925,0.0052023121387283,0.8043478260869565,0.1956521739130435,7.5473516962744975
tfnbs,"e=1.4,h=3.0,n=30,start_thres=1.25",hub,0.25,50,13,40,1730,37,9,3,1721,0.925,0.0052023121387283,0.8043478260869565,0.1956521739130435,7.5473516962744975
tfnbs,"e=1.4,h=4.0,n=30,start_thres=1.25",hub,0.25,50,13,40,1730,37,9,3,1721,0.925,0.0052023121387283,0.8043478260869565,0.1956521739130435,7.5473516962744975
tfnbs,"e=1.4,h=5.0,n=30,start_thres=1.25",hub,0.25,50,13,40,1730,37,9,3,1721,0.925,0.0052023121387283,0.8043478260869565,0.1956521739130435,7.5473516962744975
tfnbs,"e=1.4,h=6.0,n=30,start_thres=1.25",hub,0.25,50,13,40,1730,37,9,3,1721,0.925,0.0052023121387283,0.8043478260869565,0.1956521739130435,7.5473516962744975
tfnbs,"e=1.4,h=7.0,n=30,start_thres=1.25",hub,0.25,50,13,40,1730,37,9,3,1721,0.925,0.0052023121387283,0.8043478260869565,0.1956521739130435,7.5473516962744975
tfnbs,"e=1.4,h=8.0,n=30,start_thres=1.25",hub,0.25,50,13,40,1730,35,7,5,1723,0.875,0.0040462427745664,0.8333333333333334,0.1666666666666666,7.5473516962744975
tfnbs,"e=1.4,h=9.0,n=30,start_thres=1.25",hub,0.25,50,13,40,1730,35,7,5,1723,0.875,0.0040462427745664,0.8333333333333334,0.1666666666666666,7.5473516962744975
tfnbs,"e=1.4,h=10.0,n=30,start_thres=1.25",hub,0.25,50,13,40,1730,33,4,7,1726,0.825,0.0023121387283236,0.8918918918918919,0.1081081081081081,7.5473516962744975
tfnbs,"e=1.5,h=0.5,n=30,start_thres=1.25",hub,0.25,50,13,40,1730,35,7,5,1723,0.875,0.0040462427745664,0.8333333333333334,0.1666666666666666,7.5473516962744975
tfnbs,"e=1.5,h=1.0,n=30,start_thres=1.25",hub,0.25,50,13,40,1730,37,9,3,1721,0.925,0.0052023121387283,0.8043478260869565,0.1956521739130435,7.5473516962744975
tfnbs,"e=1.5,h=2.0,n=30,start_thres=1.25",hub,0.25,50,13,40,1730,37,9,3,1721,0.925,0.0052023121387283,0.8043478260869565,0.1956521739130435,7.5473516962744975
tfnbs,"e=1.5,h=3.0,n=30,start_thres=1.25",hub,0.25,50,13,40,1730,37,9,3,1721,0.925,0.0052023121387283,0.8043478260869565,0.1956521739130435,7.5473516962744975
tfnbs,"e=1.5,h=4.0,n=30,start_thres=1.25",hub,0.25,50,13,40,1730,37,9,3,1721,0.925,0.0052023121387283,0.8043478260869565,0.1956521739130435,7.5473516962744975
tfnbs,"e=1.5,h=5.0,n=30,start_thres=1.25",hub,0.25,50,13,40,1730,37,9,3,1721,0.925,0.0052023121387283,0.8043478260869565,0.1956521739130435,7.5473516962744975
tfnbs,"e=1.5,h=6.0,n=30,start_thres=1.25",hub,0.25,50,13,40,1730,37,9,3,1721,0.925,0.0052023121387283,0.8043478260869565,0.1956521739130435,7.5473516962744975
tfnbs,"e=1.5,h=7.0,n=30,start_thres=1.25",hub,0.25,50,13,40,1730,37,9,3,1721,0.925,0.0052023121387283,0.8043478260869565,0.1956521739130435,7.5473516962744975
tfnbs,"e=1.5,h=8.0,n=30,start_thres=1.25",hub,0.25,50,13,40,1730,37,9,3,1721,0.925,0.0052023121387283,0.8043478260869565,0.1956521739130435,7.5473516962744975
tfnbs,"e=1.5,h=9.0,n=30,start_thres=1.25",hub,0.25,50,13,40,1730,35,7,5,1723,0.875,0.0040462427745664,0.8333333333333334,0.1666666666666666,7.5473516962744975
tfnbs,"e=1.5,h=10.0,n=30,start_thres=1.25",hub,0.25,50,13,40,1730,35,7,5,1723,0.875,0.0040462427745664,0.8333333333333334,0.1666666666666666,7.5473516962744975
nbs_intensity,threshold=1.0,hub,0.25,50,1,40,1730,40,393,0,1337,1.0,0.2271676300578034,0.092378752886836,0.907621247113164,7.851066589355469
tfnbs,"e=0.05,h=0.5,n=30,start_thres=1.25",hub,0.25,50,14,40,1730,19,0,21,1730,0.475,0.0,1.0,0.0,7.54989427734505
tfnbs,"e=0.05,h=1.0,n=30,start_thres=1.25",hub,0.25,50,14,40,1730,19,0,21,1730,0.475,0.0,1.0,0.0,7.54989427734505
tfnbs,"e=0.05,h=2.0,n=30,start_thres=1.25",hub,0.25,50,14,40,1730,16,0,24,1730,0.4,0.0,1.0,0.0,7.54989427734505
tfnbs,"e=0.05,h=3.0,n=30,start_thres=1.25",hub,0.25,50,14,40,1730,16,0,24,1730,0.4,0.0,1.0,0.0,7.54989427734505
tfnbs,"e=0.05,h=4.0,n=30,start_thres=1.25",hub,0.25,50,14,40,1730,16,0,24,1730,0.4,0.0,1.0,0.0,7.54989427734505
tfnbs,"e=0.05,h=5.0,n=30,start_thres=1.25",hub,0.25,50,14,40,1730,16,0,24,1730,0.4,0.0,1.0,0.0,7.54989427734505
tfnbs,"e=0.05,h=6.0,n=30,start_thres=1.25",hub,0.25,50,14,40,1730,16,0,24,1730,0.4,0.0,1.0,0.0,7.54989427734505
tfnbs,"e=0.05,h=7.0,n=30,start_thres=1.25",hub,0.25,50,14,40,1730,16,0,24,1730,0.4,0.0,1.0,0.0,7.54989427734505
tfnbs,"e=0.05,h=8.0,n=30,start_thres=1.25",hub,0.25,50,14,40,1730,16,0,24,1730,0.4,0.0,1.0,0.0,7.54989427734505
tfnbs,"e=0.05,h=9.0,n=30,start_thres=1.25",hub,0.25,50,14,40,1730,16,0,24,1730,0.4,0.0,1.0,0.0,7.54989427734505
tfnbs,"e=0.05,h=10.0,n=30,start_thres=1.25",hub,0.25,50,14,40,1730,16,0,24,1730,0.4,0.0,1.0,0.0,7.54989427734505
tfnbs,"e=0.1,h=0.5,n=30,start_thres=1.25",hub,0.25,50,14,40,1730,20,0,20,1730,0.5,0.0,1.0,0.0,7.54989427734505
tfnbs,"e=0.1,h=1.0,n=30,start_thres=1.25",hub,0.25,50,14,40,1730,20,0,20,1730,0.5,0.0,1.0,0.0,7.54989427734505
tfnbs,"e=0.1,h=2.0,n=30,start_thres=1.25",hub,0.25,50,14,40,1730,19,0,21,1730,0.475,0.0,1.0,0.0,7.54989427734505
tfnbs,"e=0.1,h=3.0,n=30,start_thres=1.25",hub,0.25,50,14,40,1730,19,0,21,1730,0.475,0.0,1.0,0.0,7.54989427734505
tfnbs,"e=0.1,h=4.0,n=30,start_thres=1.25",hub,0.25,50,14,40,1730,19,0,21,1730,0.475,0.0,1.0,0.0,7.54989427734505
tfnbs,"e=0.1,h=5.0,n=30,start_thres=1.25",hub,0.25,50,14,40,1730,19,0,21,1730,0.475,0.0,1.0,0.0,7.54989427734505
tfnbs,"e=0.1,h=6.0,n=30,start_thres=1.25",hub,0.25,50,14,40,1730,16,0,24,1730,0.4,0.0,1.0,0.0,7.54989427734505
tfnbs,"e=0.1,h=7.0,n=30,start_thres=1.25",hub,0.25,50,14,40,1730,16,0,24,1730,0.4,0.0,1.0,0.0,7.54989427734505
tfnbs,"e=0.1,h=8.0,n=30,start_thres=1.25",hub,0.25,50,14,40,1730,16,0,24,1730,0.4,0.0,1.0,0.0,7.54989427734505
tfnbs,"e=0.1,h=9.0,n=30,start_thres=1.25",hub,0.25,50,14,40,1730,16,0,24,1730,0.4,0.0,1.0,0.0,7.54989427734505
tfnbs,"e=0.1,h=10.0,n=30,start_thres=1.25",hub,0.25,50,14,40,1730,16,0,24,1730,0.4,0.0,1.0,0.0,7.54989427734505
tfnbs,"e=0.2,h=0.5,n=30,start_thres=1.25",hub,0.25,50,14,40,1730,22,1,18,1729,0.55,0.0005780346820809,0.9565217391304348,0.0434782608695652,7.54989427734505
tfnbs,"e=0.2,h=1.0,n=30,start_thres=1.25",hub,0.25,50,14,40,1730,22,0,18,1730,0.55,0.0,1.0,0.0,7.54989427734505
tfnbs,"e=0.2,h=2.0,n=30,start_thres=1.25",hub,0.25,50,14,40,1730,20,0,20,1730,0.5,0.0,1.0,0.0,7.54989427734505
tfnbs,"e=0.2,h=3.0,n=30,start_thres=1.25",hub,0.25,50,14,40,1730,20,0,20,1730,0.5,0.0,1.0,0.0,7.54989427734505
tfnbs,"e=0.2,h=4.0,n=30,start_thres=1.25",hub,0.25,50,14,40,1730,20,0,20,1730,0.5,0.0,1.0,0.0,7.54989427734505
tfnbs,"e=0.2,h=5.0,n=30,start_thres=1.25",hub,0.25,50,14,40,1730,20,0,20,1730,0.5,0.0,1.0,0.0,7.54989427734505
tfnbs,"e=0.2,h=6.0,n=30,start_thres=1.25",hub,0.25,50,14,40,1730,19,0,21,1730,0.475,0.0,1.0,0.0,7.54989427734505
tfnbs,"e=0.2,h=7.0,n=30,start_thres=1.25",hub,0.25,50,14,40,1730,19,0,21,1730,0.475,0.0,1.0,0.0,7.54989427734505
tfnbs,"e=0.2,h=8.0,n=30,start_thres=1.25",hub,0.25,50,14,40,1730,19,0,21,1730,0.475,0.0,1.0,0.0,7.54989427734505
tfnbs,"e=0.2,h=9.0,n=30,start_thres=1.25",hub,0.25,50,14,40,1730,19,0,21,1730,0.475,0.0,1.0,0.0,7.54989427734505
tfnbs,"e=0.2,h=10.0,n=30,start_thres=1.25",hub,0.25,50,14,40,1730,19,0,21,1730,0.475,0.0,1.0,0.0,7.54989427734505
tfnbs,"e=0.3,h=0.5,n=30,start_thres=1.25",hub,0.25,50,14,40,1730,23,1,17,1729,0.575,0.0005780346820809,0.9583333333333334,0.0416666666666666,7.54989427734505
tfnbs,"e=0.3,h=1.0,n=30,start_thres=1.25",hub,0.25,50,14,40,1730,23,1,17,1729,0.575,0.0005780346820809,0.9583333333333334,0.0416666666666666,7.54989427734505
tfnbs,"e=0.3,h=2.0,n=30,start_thres=1.25",hub,0.25,50,14,40,1730,22,1,18,1729,0.55,0.0005780346820809,0.9565217391304348,0.0434782608695652,7.54989427734505
tfnbs,"e=0.3,h=3.0,n=30,start_thres=1.25",hub,0.25,50,14,40,1730,22,0,18,1730,0.55,0.0,1.0,0.0,7.54989427734505
tfnbs,"e=0.3,h=4.0,n=30,start_thres=1.25",hub,0.25,50,14,40,1730,22,0,18,1730,0.55,0.0,1.0,0.0,7.54989427734505
tfnbs,"e=0.3,h=5.0,n=30,start_thres=1.25",hub,0.25,50,14,40,1730,20,0,20,1730,0.5,0.0,1.0,0.0,7.54989427734505
tfnbs,"e=0.3,h=6.0,n=30,start_thres=1.25",hub,0.25,50,14,40,1730,20,0,20,1730,0.5,0.0,1.0,0.0,7.54989427734505
tfnbs,"e=0.3,h=7.0,n=30,start_thres=1.25",hub,0.25,50,14,40,1730,20,0,20,1730,0.5,0.0,1.0,0.0,7.54989427734505
tfnbs,"e=0.3,h=8.0,n=30,start_thres=1.25",hub,0.25,50,14,40,1730,20,0,20,1730,0.5,0.0,1.0,0.0,7.54989427734505
tfnbs,"e=0.3,h=9.0,n=30,start_thres=1.25",hub,0.25,50,14,40,1730,20,0,20,1730,0.5,0.0,1.0,0.0,7.54989427734505
tfnbs,"e=0.3,h=10.0,n=30,start_thres=1.25",hub,0.25,50,14,40,1730,19,0,21,1730,0.475,0.0,1.0,0.0,7.54989427734505
tfnbs,"e=0.4,h=0.5,n=30,start_thres=1.25",hub,0.25,50,14,40,1730,29,5,11,1725,0.725,0.0028901734104046,0.8529411764705882,0.1470588235294117,7.54989427734505
tfnbs,"e=0.4,h=1.0,n=30,start_thres=1.25",hub,0.25,50,14,40,1730,29,5,11,1725,0.725,0.0028901734104046,0.8529411764705882,0.1470588235294117,7.54989427734505
tfnbs,"e=0.4,h=2.0,n=30,start_thres=1.25",hub,0.25,50,14,40,1730,28,2,12,1728,0.7,0.0011560693641618,0.9333333333333332,0.0666666666666666,7.54989427734505
tfnbs,"e=0.4,h=3.0,n=30,start_thres=1.25",hub,0.25,50,14,40,1730,23,1,17,1729,0.575,0.0005780346820809,0.9583333333333334,0.0416666666666666,7.54989427734505
tfnbs,"e=0.4,h=4.0,n=30,start_thres=1.25",hub,0.25,50,14,40,1730,22,1,18,1729,0.55,0.0005780346820809,0.9565217391304348,0.0434782608695652,7.54989427734505
tfnbs,"e=0.4,h=5.0,n=30,start_thres=1.25",hub,0.25,50,14,40,1730,22,0,18,1730,0.55,0.0,1.0,0.0,7.54989427734505
tfnbs,"e=0.4,h=6.0,n=30,start_thres=1.25",hub,0.25,50,14,40,1730,20,0,20,1730,0.5,0.0,1.0,0.0,7.54989427734505
tfnbs,"e=0.4,h=7.0,n=30,start_thres=1.25",hub,0.25,50,14,40,1730,20,0,20,1730,0.5,0.0,1.0,0.0,7.54989427734505
tfnbs,"e=0.4,h=8.0,n=30,start_thres=1.25",hub,0.25,50,14,40,1730,20,0,20,1730,0.5,0.0,1.0,0.0,7.54989427734505
tfnbs,"e=0.4,h=9.0,n=30,start_thres=1.25",hub,0.25,50,14,40,1730,20,0,20,1730,0.5,0.0,1.0,0.0,7.54989427734505
tfnbs,"e=0.4,h=10.0,n=30,start_thres=1.25",hub,0.25,50,14,40,1730,20,0,20,1730,0.5,0.0,1.0,0.0,7.54989427734505
tfnbs,"e=0.5,h=0.5,n=30,start_thres=1.25",hub,0.25,50,14,40,1730,31,14,9,1716,0.775,0.0080924855491329,0.6888888888888889,0.3111111111111111,7.54989427734505
tfnbs,"e=0.5,h=1.0,n=30,start_thres=1.25",hub,0.25,50,14,40,1730,31,14,9,1716,0.775,0.0080924855491329,0.6888888888888889,0.3111111111111111,7.54989427734505
tfnbs,"e=0.5,h=2.0,n=30,start_thres=1.25",hub,0.25,50,14,40,1730,29,5,11,1725,0.725,0.0028901734104046,0.8529411764705882,0.1470588235294117,7.54989427734505
tfnbs,"e=0.5,h=3.0,n=30,start_thres=1.25",hub,0.25,50,14,40,1730,28,2,12,1728,0.7,0.0011560693641618,0.9333333333333332,0.0666666666666666,7.54989427734505
tfnbs,"e=0.5,h=4.0,n=30,start_thres=1.25",hub,0.25,50,14,40,1730,23,1,17,1729,0.575,0.0005780346820809,0.9583333333333334,0.0416666666666666,7.54989427734505
tfnbs,"e=0.5,h=5.0,n=30,start_thres=1.25",hub,0.25,50,14,40,1730,22,1,18,1729,0.55,0.0005780346820809,0.9565217391304348,0.0434782608695652,7.54989427734505
tfnbs,"e=0.5,h=6.0,n=30,start_thres=1.25",hub,0.25,50,14,40,1730,22,1,18,1729,0.55,0.0005780346820809,0.9565217391304348,0.0434782608695652,7.54989427734505
tfnbs,"e=0.5,h=7.0,n=30,start_thres=1.25",hub,0.25,50,14,40,1730,22,0,18,1730,0.55,0.0,1.0,0.0,7.54989427734505
tfnbs,"e=0.5,h=8.0,n=30,start_thres=1.25",hub,0.25,50,14,40,1730,20,0,20,1730,0.5,0.0,1.0,0.0,7.54989427734505
tfnbs,"e=0.5,h=9.0,n=30,start_thres=1.25",hub,0.25,50,14,40,1730,20,0,20,1730,0.5,0.0,1.0,0.0,7.54989427734505
tfnbs,"e=0.5,h=10.0,n=30,start_thres=1.25",hub,0.25,50,14,40,1730,20,0,20,1730,0.5,0.0,1.0,0.0,7.54989427734505
tfnbs,"e=0.6,h=0.5,n=30,start_thres=1.25",hub,0.25,50,14,40,1730,34,22,6,1708,0.85,0.0127167630057803,0.6071428571428571,0.3928571428571428,7.54989427734505
tfnbs,"e=0.6,h=1.0,n=30,start_thres=1.25",hub,0.25,50,14,40,1730,34,22,6,1708,0.85,0.0127167630057803,0.6071428571428571,0.3928571428571428,7.54989427734505
tfnbs,"e=0.6,h=2.0,n=30,start_thres=1.25",hub,0.25,50,14,40,1730,31,14,9,1716,0.775,0.0080924855491329,0.6888888888888889,0.3111111111111111,7.54989427734505
tfnbs,"e=0.6,h=3.0,n=30,start_thres=1.25",hub,0.25,50,14,40,1730,29,5,11,1725,0.725,0.0028901734104046,0.8529411764705882,0.1470588235294117,7.54989427734505
tfnbs,"e=0.6,h=4.0,n=30,start_thres=1.25",hub,0.25,50,14,40,1730,28,2,12,1728,0.7,0.0011560693641618,0.9333333333333332,0.0666666666666666,7.54989427734505
tfnbs,"e=0.6,h=5.0,n=30,start_thres=1.25",hub,0.25,50,14,40,1730,23,1,17,1729,0.575,0.0005780346820809,0.9583333333333334,0.0416666666666666,7.54989427734505
tfnbs,"e=0.6,h=6.0,n=30,start_thres=1.25",hub,0.25,50,14,40,1730,23,1,17,1729,0.575,0.0005780346820809,0.9583333333333334,0.0416666666666666,7.54989427734505
tfnbs,"e=0.6,h=7.0,n=30,start_thres=1.25",hub,0.25,50,14,40,1730,22,1,18,1729,0.55,0.0005780346820809,0.9565217391304348,0.0434782608695652,7.54989427734505
tfnbs,"e=0.6,h=8.0,n=30,start_thres=1.25",hub,0.25,50,14,40,1730,22,0,18,1730,0.55,0.0,1.0,0.0,7.54989427734505
tfnbs,"e=0.6,h=9.0,n=30,start_thres=1.25",hub,0.25,50,14,40,1730,22,0,18,1730,0.55,0.0,1.0,0.0,7.54989427734505
tfnbs,"e=0.6,h=10.0,n=30,start_thres=1.25",hub,0.25,50,14,40,1730,20,0,20,1730,0.5,0.0,1.0,0.0,7.54989427734505
tfnbs,"e=0.7,h=0.5,n=30,start_thres=1.25",hub,0.25,50,14,40,1730,34,41,6,1689,0.85,0.0236994219653179,0.4533333333333333,0.5466666666666666,7.54989427734505
tfnbs,"e=0.7,h=1.0,n=30,start_thres=1.25",hub,0.25,50,14,40,1730,34,41,6,1689,0.85,0.0236994219653179,0.4533333333333333,0.5466666666666666,7.54989427734505
tfnbs,"e=0.7,h=2.0,n=30,start_thres=1.25",hub,0.25,50,14,40,1730,34,22,6,1708,0.85,0.0127167630057803,0.6071428571428571,0.3928571428571428,7.54989427734505
tfnbs,"e=0.7,h=3.0,n=30,start_thres=1.25",hub,0.25,50,14,40,1730,31,14,9,1716,0.775,0.0080924855491329,0.6888888888888889,0.3111111111111111,7.54989427734505
tfnbs,"e=0.7,h=4.0,n=30,start_thres=1.25",hub,0.25,50,14,40,1730,31,14,9,1716,0.775,0.0080924855491329,0.6888888888888889,0.3111111111111111,7.54989427734505
tfnbs,"e=0.7,h=5.0,n=30,start_thres=1.25",hub,0.25,50,14,40,1730,29,5,11,1725,0.725,0.0028901734104046,0.8529411764705882,0.1470588235294117,7.54989427734505
tfnbs,"e=0.7,h=6.0,n=30,start_thres=1.25",hub,0.25,50,14,40,1730,28,2,12,1728,0.7,0.0011560693641618,0.9333333333333332,0.0666666666666666,7.54989427734505
tfnbs,"e=0.7,h=7.0,n=30,start_thres=1.25",hub,0.25,50,14,40,1730,23,1,17,1729,0.575,0.0005780346820809,0.9583333333333334,0.0416666666666666,7.54989427734505
tfnbs,"e=0.7,h=8.0,n=30,start_thres=1.25",hub,0.25,50,14,40,1730,22,1,18,1729,0.55,0.0005780346820809,0.9565217391304348,0.0434782608695652,7.54989427734505
tfnbs,"e=0.7,h=9.0,n=30,start_thres=1.25",hub,0.25,50,14,40,1730,22,0,18,1730,0.55,0.0,1.0,0.0,7.54989427734505
tfnbs,"e=0.7,h=10.0,n=30,start_thres=1.25",hub,0.25,50,14,40,1730,22,0,18,1730,0.55,0.0,1.0,0.0,7.54989427734505
tfnbs,"e=0.8,h=0.5,n=30,start_thres=1.25",hub,0.25,50,14,40,1730,34,42,6,1688,0.85,0.0242774566473988,0.4473684210526316,0.5526315789473685,7.54989427734505
tfnbs,"e=0.8,h=1.0,n=30,start_thres=1.25",hub,0.25,50,14,40,1730,34,42,6,1688,0.85,0.0242774566473988,0.4473684210526316,0.5526315789473685,7.54989427734505
tfnbs,"e=0.8,h=2.0,n=30,start_thres=1.25",hub,0.25,50,14,40,1730,34,41,6,1689,0.85,0.0236994219653179,0.4533333333333333,0.5466666666666666,7.54989427734505
tfnbs,"e=0.8,h=3.0,n=30,start_thres=1.25",hub,0.25,50,14,40,1730,34,22,6,1708,0.85,0.0127167630057803,0.6071428571428571,0.3928571428571428,7.54989427734505
tfnbs,"e=0.8,h=4.0,n=30,start_thres=1.25",hub,0.25,50,14,40,1730,34,22,6,1708,0.85,0.0127167630057803,0.6071428571428571,0.3928571428571428,7.54989427734505
tfnbs,"e=0.8,h=5.0,n=30,start_thres=1.25",hub,0.25,50,14,40,1730,31,14,9,1716,0.775,0.0080924855491329,0.6888888888888889,0.3111111111111111,7.54989427734505
tfnbs,"e=0.8,h=6.0,n=30,start_thres=1.25",hub,0.25,50,14,40,1730,29,5,11,1725,0.725,0.0028901734104046,0.8529411764705882,0.1470588235294117,7.54989427734505
tfnbs,"e=0.8,h=7.0,n=30,start_thres=1.25",hub,0.25,50,14,40,1730,28,2,12,1728,0.7,0.0011560693641618,0.9333333333333332,0.0666666666666666,7.54989427734505
tfnbs,"e=0.8,h=8.0,n=30,start_thres=1.25",hub,0.25,50,14,40,1730,23,1,17,1729,0.575,0.0005780346820809,0.9583333333333334,0.0416666666666666,7.54989427734505
tfnbs,"e=0.8,h=9.0,n=30,start_thres=1.25",hub,0.25,50,14,40,1730,22,1,18,1729,0.55,0.0005780346820809,0.9565217391304348,0.0434782608695652,7.54989427734505
tfnbs,"e=0.8,h=10.0,n=30,start_thres=1.25",hub,0.25,50,14,40,1730,22,1,18,1729,0.55,0.0005780346820809,0.9565217391304348,0.0434782608695652,7.54989427734505
tfnbs,"e=0.9,h=0.5,n=30,start_thres=1.25",hub,0.25,50,14,40,1730,35,61,5,1669,0.875,0.0352601156069364,0.3645833333333333,0.6354166666666666,7.54989427734505
tfnbs,"e=0.9,h=1.0,n=30,start_thres=1.25",hub,0.25,50,14,40,1730,35,61,5,1669,0.875,0.0352601156069364,0.3645833333333333,0.6354166666666666,7.54989427734505
tfnbs,"e=0.9,h=2.0,n=30,start_thres=1.25",hub,0.25,50,14,40,1730,34,42,6,1688,0.85,0.0242774566473988,0.4473684210526316,0.5526315789473685,7.54989427734505
tfnbs,"e=0.9,h=3.0,n=30,start_thres=1.25",hub,0.25,50,14,40,1730,34,41,6,1689,0.85,0.0236994219653179,0.4533333333333333,0.5466666666666666,7.54989427734505
tfnbs,"e=0.9,h=4.0,n=30,start_thres=1.25",hub,0.25,50,14,40,1730,34,22,6,1708,0.85,0.0127167630057803,0.6071428571428571,0.3928571428571428,7.54989427734505
tfnbs,"e=0.9,h=5.0,n=30,start_thres=1.25",hub,0.25,50,14,40,1730,34,22,6,1708,0.85,0.0127167630057803,0.6071428571428571,0.3928571428571428,7.54989427734505
tfnbs,"e=0.9,h=6.0,n=30,start_thres=1.25",hub,0.25,50,14,40,1730,31,14,9,1716,0.775,0.0080924855491329,0.6888888888888889,0.3111111111111111,7.54989427734505
tfnbs,"e=0.9,h=7.0,n=30,start_thres=1.25",hub,0.25,50,14,40,1730,29,5,11,1725,0.725,0.0028901734104046,0.8529411764705882,0.1470588235294117,7.54989427734505
tfnbs,"e=0.9,h=8.0,n=30,start_thres=1.25",hub,0.25,50,14,40,1730,28,2,12,1728,0.7,0.0011560693641618,0.9333333333333332,0.0666666666666666,7.54989427734505
tfnbs,"e=0.9,h=9.0,n=30,start_thres=1.25",hub,0.25,50,14,40,1730,23,1,17,1729,0.575,0.0005780346820809,0.9583333333333334,0.0416666666666666,7.54989427734505
tfnbs,"e=0.9,h=10.0,n=30,start_thres=1.25",hub,0.25,50,14,40,1730,22,1,18,1729,0.55,0.0005780346820809,0.9565217391304348,0.0434782608695652,7.54989427734505
tfnbs,"e=1.0,h=0.5,n=30,start_thres=1.25",hub,0.25,50,14,40,1730,35,61,5,1669,0.875,0.0352601156069364,0.3645833333333333,0.6354166666666666,7.54989427734505
tfnbs,"e=1.0,h=1.0,n=30,start_thres=1.25",hub,0.25,50,14,40,1730,35,61,5,1669,0.875,0.0352601156069364,0.3645833333333333,0.6354166666666666,7.54989427734505
tfnbs,"e=1.0,h=2.0,n=30,start_thres=1.25",hub,0.25,50,14,40,1730,35,61,5,1669,0.875,0.0352601156069364,0.3645833333333333,0.6354166666666666,7.54989427734505
tfnbs,"e=1.0,h=3.0,n=30,start_thres=1.25",hub,0.25,50,14,40,1730,34,42,6,1688,0.85,0.0242774566473988,0.4473684210526316,0.5526315789473685,7.54989427734505
tfnbs,"e=1.0,h=4.0,n=30,start_thres=1.25",hub,0.25,50,14,40,1730,34,41,6,1689,0.85,0.0236994219653179,0.4533333333333333,0.5466666666666666,7.54989427734505
tfnbs,"e=1.0,h=5.0,n=30,start_thres=1.25",hub,0.25,50,14,40,1730,34,22,6,1708,0.85,0.0127167630057803,0.6071428571428571,0.3928571428571428,7.54989427734505
tfnbs,"e=1.0,h=6.0,n=30,start_thres=1.25",hub,0.25,50,14,40,1730,34,22,6,1708,0.85,0.0127167630057803,0.6071428571428571,0.3928571428571428,7.54989427734505
tfnbs,"e=1.0,h=7.0,n=30,start_thres=1.25",hub,0.25,50,14,40,1730,31,14,9,1716,0.775,0.0080924855491329,0.6888888888888889,0.3111111111111111,7.54989427734505
tfnbs,"e=1.0,h=8.0,n=30,start_thres=1.25",hub,0.25,50,14,40,1730,29,5,11,1725,0.725,0.0028901734104046,0.8529411764705882,0.1470588235294117,7.54989427734505
tfnbs,"e=1.0,h=9.0,n=30,start_thres=1.25",hub,0.25,50,14,40,1730,28,2,12,1728,0.7,0.0011560693641618,0.9333333333333332,0.0666666666666666,7.54989427734505
tfnbs,"e=1.0,h=10.0,n=30,start_thres=1.25",hub,0.25,50,14,40,1730,23,1,17,1729,0.575,0.0005780346820809,0.9583333333333334,0.0416666666666666,7.54989427734505
tfnbs,"e=1.1,h=0.5,n=30,start_thres=1.25",hub,0.25,50,14,40,1730,35,61,5,1669,0.875,0.0352601156069364,0.3645833333333333,0.6354166666666666,7.54989427734505
tfnbs,"e=1.1,h=1.0,n=30,start_thres=1.25",hub,0.25,50,14,40,1730,35,61,5,1669,0.875,0.0352601156069364,0.3645833333333333,0.6354166666666666,7.54989427734505
tfnbs,"e=1.1,h=2.0,n=30,start_thres=1.25",hub,0.25,50,14,40,1730,35,61,5,1669,0.875,0.0352601156069364,0.3645833333333333,0.6354166666666666,7.54989427734505
tfnbs,"e=1.1,h=3.0,n=30,start_thres=1.25",hub,0.25,50,14,40,1730,35,61,5,1669,0.875,0.0352601156069364,0.3645833333333333,0.6354166666666666,7.54989427734505
tfnbs,"e=1.1,h=4.0,n=30,start_thres=1.25",hub,0.25,50,14,40,1730,34,42,6,1688,0.85,0.0242774566473988,0.4473684210526316,0.5526315789473685,7.54989427734505
tfnbs,"e=1.1,h=5.0,n=30,start_thres=1.25",hub,0.25,50,14,40,1730,34,41,6,1689,0.85,0.0236994219653179,0.4533333333333333,0.5466666666666666,7.54989427734505
tfnbs,"e=1.1,h=6.0,n=30,start_thres=1.25",hub,0.25,50,14,40,1730,34,22,6,1708,0.85,0.0127167630057803,0.6071428571428571,0.3928571428571428,7.54989427734505
tfnbs,"e=1.1,h=7.0,n=30,start_thres=1.25",hub,0.25,50,14,40,1730,34,22,6,1708,0.85,0.0127167630057803,0.6071428571428571,0.3928571428571428,7.54989427734505
tfnbs,"e=1.1,h=8.0,n=30,start_thres=1.25",hub,0.25,50,14,40,1730,31,14,9,1716,0.775,0.0080924855491329,0.6888888888888889,0.3111111111111111,7.54989427734505
tfnbs,"e=1.1,h=9.0,n=30,start_thres=1.25",hub,0.25,50,14,40,1730,29,5,11,1725,0.725,0.0028901734104046,0.8529411764705882,0.1470588235294117,7.54989427734505
tfnbs,"e=1.1,h=10.0,n=30,start_thres=1.25",hub,0.25,50,14,40,1730,28,2,12,1728,0.7,0.0011560693641618,0.9333333333333332,0.0666666666666666,7.54989427734505
tfnbs,"e=1.2,h=0.5,n=30,start_thres=1.25",hub,0.25,50,14,40,1730,38,93,2,1637,0.95,0.053757225433526,0.2900763358778626,0.7099236641221374,7.54989427734505
tfnbs,"e=1.2,h=1.0,n=30,start_thres=1.25",hub,0.25,50,14,40,1730,38,93,2,1637,0.95,0.053757225433526,0.2900763358778626,0.7099236641221374,7.54989427734505
tfnbs,"e=1.2,h=2.0,n=30,start_thres=1.25",hub,0.25,50,14,40,1730,35,61,5,1669,0.875,0.0352601156069364,0.3645833333333333,0.6354166666666666,7.54989427734505
tfnbs,"e=1.2,h=3.0,n=30,start_thres=1.25",hub,0.25,50,14,40,1730,35,61,5,1669,0.875,0.0352601156069364,0.3645833333333333,0.6354166666666666,7.54989427734505
tfnbs,"e=1.2,h=4.0,n=30,start_thres=1.25",hub,0.25,50,14,40,1730,35,61,5,1669,0.875,0.0352601156069364,0.3645833333333333,0.6354166666666666,7.54989427734505
tfnbs,"e=1.2,h=5.0,n=30,start_thres=1.25",hub,0.25,50,14,40,1730,34,42,6,1688,0.85,0.0242774566473988,0.4473684210526316,0.5526315789473685,7.54989427734505
tfnbs,"e=1.2,h=6.0,n=30,start_thres=1.25",hub,0.25,50,14,40,1730,34,41,6,1689,0.85,0.0236994219653179,0.4533333333333333,0.5466666666666666,7.54989427734505
tfnbs,"e=1.2,h=7.0,n=30,start_thres=1.25",hub,0.25,50,14,40,1730,34,22,6,1708,0.85,0.0127167630057803,0.6071428571428571,0.3928571428571428,7.54989427734505
tfnbs,"e=1.2,h=8.0,n=30,start_thres=1.25",hub,0.25,50,14,40,1730,34,22,6,1708,0.85,0.0127167630057803,0.6071428571428571,0.3928571428571428,7.54989427734505
tfnbs,"e=1.2,h=9.0,n=30,start_thres=1.25",hub,0.25,50,14,40,1730,31,14,9,1716,0.775,0.0080924855491329,0.6888888888888889,0.3111111111111111,7.54989427734505
tfnbs,"e=1.2,h=10.0,n=30,start_thres=1.25",hub,0.25,50,14,40,1730,29,5,11,1725,0.725,0.0028901734104046,0.8529411764705882,0.1470588235294117,7.54989427734505
tfnbs,"e=1.3,h=0.5,n=30,start_thres=1.25",hub,0.25,50,14,40,1730,38,93,2,1637,0.95,0.053757225433526,0.2900763358778626,0.7099236641221374,7.54989427734505
tfnbs,"e=1.3,h=1.0,n=30,start_thres=1.25",hub,0.25,50,14,40,1730,38,93,2,1637,0.95,0.053757225433526,0.2900763358778626,0.7099236641221374,7.54989427734505
tfnbs,"e=1.3,h=2.0,n=30,start_thres=1.25",hub,0.25,50,14,40,1730,38,93,2,1637,0.95,0.053757225433526,0.2900763358778626,0.7099236641221374,7.54989427734505
tfnbs,"e=1.3,h=3.0,n=30,start_thres=1.25",hub,0.25,50,14,40,1730,35,61,5,1669,0.875,0.0352601156069364,0.3645833333333333,0.6354166666666666,7.54989427734505
tfnbs,"e=1.3,h=4.0,n=30,start_thres=1.25",hub,0.25,50,14,40,1730,35,61,5,1669,0.875,0.0352601156069364,0.3645833333333333,0.6354166666666666,7.54989427734505
tfnbs,"e=1.3,h=5.0,n=30,start_thres=1.25",hub,0.25,50,14,40,1730,35,61,5,1669,0.875,0.0352601156069364,0.3645833333333333,0.6354166666666666,7.54989427734505
tfnbs,"e=1.3,h=6.0,n=30,start_thres=1.25",hub,0.25,50,14,40,1730,34,42,6,1688,0.85,0.0242774566473988,0.4473684210526316,0.5526315789473685,7.54989427734505
tfnbs,"e=1.3,h=7.0,n=30,start_thres=1.25",hub,0.25,50,14,40,1730,34,41,6,1689,0.85,0.0236994219653179,0.4533333333333333,0.5466666666666666,7.54989427734505
tfnbs,"e=1.3,h=8.0,n=30,start_thres=1.25",hub,0.25,50,14,40,1730,34,22,6,1708,0.85,0.0127167630057803,0.6071428571428571,0.3928571428571428,7.54989427734505
tfnbs,"e=1.3,h=9.0,n=30,start_thres=1.25",hub,0.25,50,14,40,1730,31,14,9,1716,0.775,0.0080924855491329,0.6888888888888889,0.3111111111111111,7.54989427734505
tfnbs,"e=1.3,h=10.0,n=30,start_thres=1.25",hub,0.25,50,14,40,1730,31,14,9,1716,0.775,0.0080924855491329,0.6888888888888889,0.3111111111111111,7.54989427734505
tfnbs,"e=1.4,h=0.5,n=30,start_thres=1.25",hub,0.25,50,14,40,1730,38,93,2,1637,0.95,0.053757225433526,0.2900763358778626,0.7099236641221374,7.54989427734505
tfnbs,"e=1.4,h=1.0,n=30,start_thres=1.25",hub,0.25,50,14,40,1730,38,93,2,1637,0.95,0.053757225433526,0.2900763358778626,0.7099236641221374,7.54989427734505
tfnbs,"e=1.4,h=2.0,n=30,start_thres=1.25",hub,0.25,50,14,40,1730,38,93,2,1637,0.95,0.053757225433526,0.2900763358778626,0.7099236641221374,7.54989427734505
tfnbs,"e=1.4,h=3.0,n=30,start_thres=1.25",hub,0.25,50,14,40,1730,38,93,2,1637,0.95,0.053757225433526,0.2900763358778626,0.7099236641221374,7.54989427734505
tfnbs,"e=1.4,h=4.0,n=30,start_thres=1.25",hub,0.25,50,14,40,1730,35,61,5,1669,0.875,0.0352601156069364,0.3645833333333333,0.6354166666666666,7.54989427734505
tfnbs,"e=1.4,h=5.0,n=30,start_thres=1.25",hub,0.25,50,14,40,1730,35,61,5,1669,0.875,0.0352601156069364,0.3645833333333333,0.6354166666666666,7.54989427734505
tfnbs,"e=1.4,h=6.0,n=30,start_thres=1.25",hub,0.25,50,14,40,1730,35,61,5,1669,0.875,0.0352601156069364,0.3645833333333333,0.6354166666666666,7.54989427734505
tfnbs,"e=1.4,h=7.0,n=30,start_thres=1.25",hub,0.25,50,14,40,1730,34,42,6,1688,0.85,0.0242774566473988,0.4473684210526316,0.5526315789473685,7.54989427734505
tfnbs,"e=1.4,h=8.0,n=30,start_thres=1.25",hub,0.25,50,14,40,1730,34,40,6,1690,0.85,0.0231213872832369,0.4594594594594595,0.5405405405405406,7.54989427734505
tfnbs,"e=1.4,h=9.0,n=30,start_thres=1.25",hub,0.25,50,14,40,1730,34,22,6,1708,0.85,0.0127167630057803,0.6071428571428571,0.3928571428571428,7.54989427734505
tfnbs,"e=1.4,h=10.0,n=30,start_thres=1.25",hub,0.25,50,14,40,1730,31,14,9,1716,0.775,0.0080924855491329,0.6888888888888889,0.3111111111111111,7.54989427734505
tfnbs,"e=1.5,h=0.5,n=30,start_thres=1.25",hub,0.25,50,14,40,1730,38,93,2,1637,0.95,0.053757225433526,0.2900763358778626,0.7099236641221374,7.54989427734505
tfnbs,"e=1.5,h=1.0,n=30,start_thres=1.25",hub,0.25,50,14,40,1730,38,93,2,1637,0.95,0.053757225433526,0.2900763358778626,0.7099236641221374,7.54989427734505
tfnbs,"e=1.5,h=2.0,n=30,start_thres=1.25",hub,0.25,50,14,40,1730,38,93,2,1637,0.95,0.053757225433526,0.2900763358778626,0.7099236641221374,7.54989427734505
tfnbs,"e=1.5,h=3.0,n=30,start_thres=1.25",hub,0.25,50,14,40,1730,38,93,2,1637,0.95,0.053757225433526,0.2900763358778626,0.7099236641221374,7.54989427734505
tfnbs,"e=1.5,h=4.0,n=30,start_thres=1.25",hub,0.25,50,14,40,1730,38,93,2,1637,0.95,0.053757225433526,0.2900763358778626,0.7099236641221374,7.54989427734505
tfnbs,"e=1.5,h=5.0,n=30,start_thres=1.25",hub,0.25,50,14,40,1730,35,61,5,1669,0.875,0.0352601156069364,0.3645833333333333,0.6354166666666666,7.54989427734505
tfnbs,"e=1.5,h=6.0,n=30,start_thres=1.25",hub,0.25,50,14,40,1730,35,61,5,1669,0.875,0.0352601156069364,0.3645833333333333,0.6354166666666666,7.54989427734505
tfnbs,"e=1.5,h=7.0,n=30,start_thres=1.25",hub,0.25,50,14,40,1730,35,61,5,1669,0.875,0.0352601156069364,0.3645833333333333,0.6354166666666666,7.54989427734505
tfnbs,"e=1.5,h=8.0,n=30,start_thres=1.25",hub,0.25,50,14,40,1730,34,42,6,1688,0.85,0.0242774566473988,0.4473684210526316,0.5526315789473685,7.54989427734505
tfnbs,"e=1.5,h=9.0,n=30,start_thres=1.25",hub,0.25,50,14,40,1730,34,40,6,1690,0.85,0.0231213872832369,0.4594594594594595,0.5405405405405406,7.54989427734505
tfnbs,"e=1.5,h=10.0,n=30,start_thres=1.25",hub,0.25,50,14,40,1730,34,22,6,1708,0.85,0.0127167630057803,0.6071428571428571,0.3928571428571428,7.54989427734505
tfnbs,"e=0.05,h=0.5,n=30,start_thres=1.25",hub,0.25,50,8,40,1730,9,0,31,1730,0.225,0.0,1.0,0.0,7.611936773766171
tfnbs,"e=0.05,h=1.0,n=30,start_thres=1.25",hub,0.25,50,8,40,1730,9,0,31,1730,0.225,0.0,1.0,0.0,7.611936773766171
tfnbs,"e=0.05,h=2.0,n=30,start_thres=1.25",hub,0.25,50,8,40,1730,8,0,32,1730,0.2,0.0,1.0,0.0,7.611936773766171
tfnbs,"e=0.05,h=3.0,n=30,start_thres=1.25",hub,0.25,50,8,40,1730,8,0,32,1730,0.2,0.0,1.0,0.0,7.611936773766171
tfnbs,"e=0.05,h=4.0,n=30,start_thres=1.25",hub,0.25,50,8,40,1730,8,0,32,1730,0.2,0.0,1.0,0.0,7.611936773766171
tfnbs,"e=0.05,h=5.0,n=30,start_thres=1.25",hub,0.25,50,8,40,1730,8,0,32,1730,0.2,0.0,1.0,0.0,7.611936773766171
tfnbs,"e=0.05,h=6.0,n=30,start_thres=1.25",hub,0.25,50,8,40,1730,8,0,32,1730,0.2,0.0,1.0,0.0,7.611936773766171
tfnbs,"e=0.05,h=7.0,n=30,start_thres=1.25",hub,0.25,50,8,40,1730,8,0,32,1730,0.2,0.0,1.0,0.0,7.611936773766171
tfnbs,"e=0.05,h=8.0,n=30,start_thres=1.25",hub,0.25,50,8,40,1730,8,0,32,1730,0.2,0.0,1.0,0.0,7.611936773766171
tfnbs,"e=0.05,h=9.0,n=30,start_thres=1.25",hub,0.25,50,8,40,1730,8,0,32,1730,0.2,0.0,1.0,0.0,7.611936773766171
tfnbs,"e=0.05,h=10.0,n=30,start_thres=1.25",hub,0.25,50,8,40,1730,8,0,32,1730,0.2,0.0,1.0,0.0,7.611936773766171
tfnbs,"e=0.1,h=0.5,n=30,start_thres=1.25",hub,0.25,50,8,40,1730,12,0,28,1730,0.3,0.0,1.0,0.0,7.611936773766171
tfnbs,"e=0.1,h=1.0,n=30,start_thres=1.25",hub,0.25,50,8,40,1730,12,0,28,1730,0.3,0.0,1.0,0.0,7.611936773766171
tfnbs,"e=0.1,h=2.0,n=30,start_thres=1.25",hub,0.25,50,8,40,1730,9,0,31,1730,0.225,0.0,1.0,0.0,7.611936773766171
tfnbs,"e=0.1,h=3.0,n=30,start_thres=1.25",hub,0.25,50,8,40,1730,9,0,31,1730,0.225,0.0,1.0,0.0,7.611936773766171
tfnbs,"e=0.1,h=4.0,n=30,start_thres=1.25",hub,0.25,50,8,40,1730,9,0,31,1730,0.225,0.0,1.0,0.0,7.611936773766171
tfnbs,"e=0.1,h=5.0,n=30,start_thres=1.25",hub,0.25,50,8,40,1730,9,0,31,1730,0.225,0.0,1.0,0.0,7.611936773766171
tfnbs,"e=0.1,h=6.0,n=30,start_thres=1.25",hub,0.25,50,8,40,1730,8,0,32,1730,0.2,0.0,1.0,0.0,7.611936773766171
tfnbs,"e=0.1,h=7.0,n=30,start_thres=1.25",hub,0.25,50,8,40,1730,8,0,32,1730,0.2,0.0,1.0,0.0,7.611936773766171
tfnbs,"e=0.1,h=8.0,n=30,start_thres=1.25",hub,0.25,50,8,40,1730,8,0,32,1730,0.2,0.0,1.0,0.0,7.611936773766171
tfnbs,"e=0.1,h=9.0,n=30,start_thres=1.25",hub,0.25,50,8,40,1730,8,0,32,1730,0.2,0.0,1.0,0.0,7.611936773766171
tfnbs,"e=0.1,h=10.0,n=30,start_thres=1.25",hub,0.25,50,8,40,1730,8,0,32,1730,0.2,0.0,1.0,0.0,7.611936773766171
tfnbs,"e=0.2,h=0.5,n=30,start_thres=1.25",hub,0.25,50,8,40,1730,14,0,26,1730,0.35,0.0,1.0,0.0,7.611936773766171
tfnbs,"e=0.2,h=1.0,n=30,start_thres=1.25",hub,0.25,50,8,40,1730,14,0,26,1730,0.35,0.0,1.0,0.0,7.611936773766171
tfnbs,"e=0.2,h=2.0,n=30,start_thres=1.25",hub,0.25,50,8,40,1730,14,0,26,1730,0.35,0.0,1.0,0.0,7.611936773766171
tfnbs,"e=0.2,h=3.0,n=30,start_thres=1.25",hub,0.25,50,8,40,1730,14,0,26,1730,0.35,0.0,1.0,0.0,7.611936773766171
tfnbs,"e=0.2,h=4.0,n=30,start_thres=1.25",hub,0.25,50,8,40,1730,12,0,28,1730,0.3,0.0,1.0,0.0,7.611936773766171
tfnbs,"e=0.2,h=5.0,n=30,start_thres=1.25",hub,0.25,50,8,40,1730,12,0,28,1730,0.3,0.0,1.0,0.0,7.611936773766171
tfnbs,"e=0.2,h=6.0,n=30,start_thres=1.25",hub,0.25,50,8,40,1730,12,0,28,1730,0.3,0.0,1.0,0.0,7.611936773766171
tfnbs,"e=0.2,h=7.0,n=30,start_thres=1.25",hub,0.25,50,8,40,1730,9,0,31,1730,0.225,0.0,1.0,0.0,7.611936773766171
tfnbs,"e=0.2,h=8.0,n=30,start_thres=1.25",hub,0.25,50,8,40,1730,9,0,31,1730,0.225,0.0,1.0,0.0,7.611936773766171
tfnbs,"e=0.2,h=9.0,n=30,start_thres=1.25",hub,0.25,50,8,40,1730,9,0,31,1730,0.225,0.0,1.0,0.0,7.611936773766171
tfnbs,"e=0.2,h=10.0,n=30,start_thres=1.25",hub,0.25,50,8,40,1730,9,0,31,1730,0.225,0.0,1.0,0.0,7.611936773766171
tfnbs,"e=0.3,h=0.5,n=30,start_thres=1.25",hub,0.25,50,8,40,1730,19,0,21,1730,0.475,0.0,1.0,0.0,7.611936773766171
tfnbs,"e=0.3,h=1.0,n=30,start_thres=1.25",hub,0.25,50,8,40,1730,19,0,21,1730,0.475,0.0,1.0,0.0,7.611936773766171
tfnbs,"e=0.3,h=2.0,n=30,start_thres=1.25",hub,0.25,50,8,40,1730,17,0,23,1730,0.425,0.0,1.0,0.0,7.611936773766171
tfnbs,"e=0.3,h=3.0,n=30,start_thres=1.25",hub,0.25,50,8,40,1730,17,0,23,1730,0.425,0.0,1.0,0.0,7.611936773766171
tfnbs,"e=0.3,h=4.0,n=30,start_thres=1.25",hub,0.25,50,8,40,1730,14,0,26,1730,0.35,0.0,1.0,0.0,7.611936773766171
tfnbs,"e=0.3,h=5.0,n=30,start_thres=1.25",hub,0.25,50,8,40,1730,14,0,26,1730,0.35,0.0,1.0,0.0,7.611936773766171
tfnbs,"e=0.3,h=6.0,n=30,start_thres=1.25",hub,0.25,50,8,40,1730,14,0,26,1730,0.35,0.0,1.0,0.0,7.611936773766171
tfnbs,"e=0.3,h=7.0,n=30,start_thres=1.25",hub,0.25,50,8,40,1730,12,0,28,1730,0.3,0.0,1.0,0.0,7.611936773766171
tfnbs,"e=0.3,h=8.0,n=30,start_thres=1.25",hub,0.25,50,8,40,1730,12,0,28,1730,0.3,0.0,1.0,0.0,7.611936773766171
tfnbs,"e=0.3,h=9.0,n=30,start_thres=1.25",hub,0.25,50,8,40,1730,12,0,28,1730,0.3,0.0,1.0,0.0,7.611936773766171
tfnbs,"e=0.3,h=10.0,n=30,start_thres=1.25",hub,0.25,50,8,40,1730,12,0,28,1730,0.3,0.0,1.0,0.0,7.611936773766171
tfnbs,"e=0.4,h=0.5,n=30,start_thres=1.25",hub,0.25,50,8,40,1730,23,1,17,1729,0.575,0.0005780346820809,0.9583333333333334,0.0416666666666666,7.611936773766171
tfnbs,"e=0.4,h=1.0,n=30,start_thres=1.25",hub,0.25,50,8,40,1730,21,1,19,1729,0.525,0.0005780346820809,0.9545454545454546,0.0454545454545454,7.611936773766171
tfnbs,"e=0.4,h=2.0,n=30,start_thres=1.25",hub,0.25,50,8,40,1730,21,1,19,1729,0.525,0.0005780346820809,0.9545454545454546,0.0454545454545454,7.611936773766171
tfnbs,"e=0.4,h=3.0,n=30,start_thres=1.25",hub,0.25,50,8,40,1730,19,0,21,1730,0.475,0.0,1.0,0.0,7.611936773766171
tfnbs,"e=0.4,h=4.0,n=30,start_thres=1.25",hub,0.25,50,8,40,1730,17,0,23,1730,0.425,0.0,1.0,0.0,7.611936773766171
tfnbs,"e=0.4,h=5.0,n=30,start_thres=1.25",hub,0.25,50,8,40,1730,17,0,23,1730,0.425,0.0,1.0,0.0,7.611936773766171
tfnbs,"e=0.4,h=6.0,n=30,start_thres=1.25",hub,0.25,50,8,40,1730,14,0,26,1730,0.35,0.0,1.0,0.0,7.611936773766171
tfnbs,"e=0.4,h=7.0,n=30,start_thres=1.25",hub,0.25,50,8,40,1730,14,0,26,1730,0.35,0.0,1.0,0.0,7.611936773766171
tfnbs,"e=0.4,h=8.0,n=30,start_thres=1.25",hub,0.25,50,8,40,1730,14,0,26,1730,0.35,0.0,1.0,0.0,7.611936773766171
tfnbs,"e=0.4,h=9.0,n=30,start_thres=1.25",hub,0.25,50,8,40,1730,14,0,26,1730,0.35,0.0,1.0,0.0,7.611936773766171
tfnbs,"e=0.4,h=10.0,n=30,start_thres=1.25",hub,0.25,50,8,40,1730,12,0,28,1730,0.3,0.0,1.0,0.0,7.611936773766171
tfnbs,"e=0.5,h=0.5,n=30,start_thres=1.25",hub,0.25,50,8,40,1730,28,1,12,1729,0.7,0.0005780346820809,0.9655172413793104,0.0344827586206896,7.611936773766171
tfnbs,"e=0.5,h=1.0,n=30,start_thres=1.25",hub,0.25,50,8,40,1730,23,1,17,1729,0.575,0.0005780346820809,0.9583333333333334,0.0416666666666666,7.611936773766171
tfnbs,"e=0.5,h=2.0,n=30,start_thres=1.25",hub,0.25,50,8,40,1730,23,1,17,1729,0.575,0.0005780346820809,0.9583333333333334,0.0416666666666666,7.611936773766171
tfnbs,"e=0.5,h=3.0,n=30,start_thres=1.25",hub,0.25,50,8,40,1730,21,1,19,1729,0.525,0.0005780346820809,0.9545454545454546,0.0454545454545454,7.611936773766171
tfnbs,"e=0.5,h=4.0,n=30,start_thres=1.25",hub,0.25,50,8,40,1730,21,1,19,1729,0.525,0.0005780346820809,0.9545454545454546,0.0454545454545454,7.611936773766171
tfnbs,"e=0.5,h=5.0,n=30,start_thres=1.25",hub,0.25,50,8,40,1730,19,0,21,1730,0.475,0.0,1.0,0.0,7.611936773766171
tfnbs,"e=0.5,h=6.0,n=30,start_thres=1.25",hub,0.25,50,8,40,1730,17,0,23,1730,0.425,0.0,1.0,0.0,7.611936773766171
tfnbs,"e=0.5,h=7.0,n=30,start_thres=1.25",hub,0.25,50,8,40,1730,17,0,23,1730,0.425,0.0,1.0,0.0,7.611936773766171
tfnbs,"e=0.5,h=8.0,n=30,start_thres=1.25",hub,0.25,50,8,40,1730,14,0,26,1730,0.35,0.0,1.0,0.0,7.611936773766171
tfnbs,"e=0.5,h=9.0,n=30,start_thres=1.25",hub,0.25,50,8,40,1730,14,0,26,1730,0.35,0.0,1.0,0.0,7.611936773766171
tfnbs,"e=0.5,h=10.0,n=30,start_thres=1.25",hub,0.25,50,8,40,1730,14,0,26,1730,0.35,0.0,1.0,0.0,7.611936773766171
tfnbs,"e=0.6,h=0.5,n=30,start_thres=1.25",hub,0.25,50,8,40,1730,28,1,12,1729,0.7,0.0005780346820809,0.9655172413793104,0.0344827586206896,7.611936773766171
tfnbs,"e=0.6,h=1.0,n=30,start_thres=1.25",hub,0.25,50,8,40,1730,28,1,12,1729,0.7,0.0005780346820809,0.9655172413793104,0.0344827586206896,7.611936773766171
tfnbs,"e=0.6,h=2.0,n=30,start_thres=1.25",hub,0.25,50,8,40,1730,28,1,12,1729,0.7,0.0005780346820809,0.9655172413793104,0.0344827586206896,7.611936773766171
tfnbs,"e=0.6,h=3.0,n=30,start_thres=1.25",hub,0.25,50,8,40,1730,23,1,17,1729,0.575,0.0005780346820809,0.9583333333333334,0.0416666666666666,7.611936773766171
tfnbs,"e=0.6,h=4.0,n=30,start_thres=1.25",hub,0.25,50,8,40,1730,23,1,17,1729,0.575,0.0005780346820809,0.9583333333333334,0.0416666666666666,7.611936773766171
tfnbs,"e=0.6,h=5.0,n=30,start_thres=1.25",hub,0.25,50,8,40,1730,21,1,19,1729,0.525,0.0005780346820809,0.9545454545454546,0.0454545454545454,7.611936773766171
tfnbs,"e=0.6,h=6.0,n=30,start_thres=1.25",hub,0.25,50,8,40,1730,19,0,21,1730,0.475,0.0,1.0,0.0,7.611936773766171
tfnbs,"e=0.6,h=7.0,n=30,start_thres=1.25",hub,0.25,50,8,40,1730,19,0,21,1730,0.475,0.0,1.0,0.0,7.611936773766171
tfnbs,"e=0.6,h=8.0,n=30,start_thres=1.25",hub,0.25,50,8,40,1730,17,0,23,1730,0.425,0.0,1.0,0.0,7.611936773766171
tfnbs,"e=0.6,h=9.0,n=30,start_thres=1.25",hub,0.25,50,8,40,1730,14,0,26,1730,0.35,0.0,1.0,0.0,7.611936773766171
tfnbs,"e=0.6,h=10.0,n=30,start_thres=1.25",hub,0.25,50,8,40,1730,14,0,26,1730,0.35,0.0,1.0,0.0,7.611936773766171
tfnbs,"e=0.7,h=0.5,n=30,start_thres=1.25",hub,0.25,50,8,40,1730,28,1,12,1729,0.7,0.0005780346820809,0.9655172413793104,0.0344827586206896,7.611936773766171
tfnbs,"e=0.7,h=1.0,n=30,start_thres=1.25",hub,0.25,50,8,40,1730,28,1,12,1729,0.7,0.0005780346820809,0.9655172413793104,0.0344827586206896,7.611936773766171
tfnbs,"e=0.7,h=2.0,n=30,start_thres=1.25",hub,0.25,50,8,40,1730,28,1,12,1729,0.7,0.0005780346820809,0.9655172413793104,0.0344827586206896,7.611936773766171
tfnbs,"e=0.7,h=3.0,n=30,start_thres=1.25",hub,0.25,50,8,40,1730,28,1,12,1729,0.7,0.0005780346820809,0.9655172413793104,0.0344827586206896,7.611936773766171
tfnbs,"e=0.7,h=4.0,n=30,start_thres=1.25",hub,0.25,50,8,40,1730,28,1,12,1729,0.7,0.0005780346820809,0.9655172413793104,0.0344827586206896,7.611936773766171
tfnbs,"e=0.7,h=5.0,n=30,start_thres=1.25",hub,0.25,50,8,40,1730,23,1,17,1729,0.575,0.0005780346820809,0.9583333333333334,0.0416666666666666,7.611936773766171
tfnbs,"e=0.7,h=6.0,n=30,start_thres=1.25",hub,0.25,50,8,40,1730,21,1,19,1729,0.525,0.0005780346820809,0.9545454545454546,0.0454545454545454,7.611936773766171
tfnbs,"e=0.7,h=7.0,n=30,start_thres=1.25",hub,0.25,50,8,40,1730,21,1,19,1729,0.525,0.0005780346820809,0.9545454545454546,0.0454545454545454,7.611936773766171
tfnbs,"e=0.7,h=8.0,n=30,start_thres=1.25",hub,0.25,50,8,40,1730,19,0,21,1730,0.475,0.0,1.0,0.0,7.611936773766171
tfnbs,"e=0.7,h=9.0,n=30,start_thres=1.25",hub,0.25,50,8,40,1730,17,0,23,1730,0.425,0.0,1.0,0.0,7.611936773766171
tfnbs,"e=0.7,h=10.0,n=30,start_thres=1.25",hub,0.25,50,8,40,1730,17,0,23,1730,0.425,0.0,1.0,0.0,7.611936773766171
tfnbs,"e=0.8,h=0.5,n=30,start_thres=1.25",hub,0.25,50,8,40,1730,28,1,12,1729,0.7,0.0005780346820809,0.9655172413793104,0.0344827586206896,7.611936773766171
tfnbs,"e=0.8,h=1.0,n=30,start_thres=1.25",hub,0.25,50,8,40,1730,29,1,11,1729,0.725,0.0005780346820809,0.9666666666666668,0.0333333333333333,7.611936773766171
tfnbs,"e=0.8,h=2.0,n=30,start_thres=1.25",hub,0.25,50,8,40,1730,29,1,11,1729,0.725,0.0005780346820809,0.9666666666666668,0.0333333333333333,7.611936773766171
tfnbs,"e=0.8,h=3.0,n=30,start_thres=1.25",hub,0.25,50,8,40,1730,29,1,11,1729,0.725,0.0005780346820809,0.9666666666666668,0.0333333333333333,7.611936773766171
tfnbs,"e=0.8,h=4.0,n=30,start_thres=1.25",hub,0.25,50,8,40,1730,28,1,12,1729,0.7,0.0005780346820809,0.9655172413793104,0.0344827586206896,7.611936773766171
tfnbs,"e=0.8,h=5.0,n=30,start_thres=1.25",hub,0.25,50,8,40,1730,28,1,12,1729,0.7,0.0005780346820809,0.9655172413793104,0.0344827586206896,7.611936773766171
tfnbs,"e=0.8,h=6.0,n=30,start_thres=1.25",hub,0.25,50,8,40,1730,23,1,17,1729,0.575,0.0005780346820809,0.9583333333333334,0.0416666666666666,7.611936773766171
tfnbs,"e=0.8,h=7.0,n=30,start_thres=1.25",hub,0.25,50,8,40,1730,21,1,19,1729,0.525,0.0005780346820809,0.9545454545454546,0.0454545454545454,7.611936773766171
tfnbs,"e=0.8,h=8.0,n=30,start_thres=1.25",hub,0.25,50,8,40,1730,21,1,19,1729,0.525,0.0005780346820809,0.9545454545454546,0.0454545454545454,7.611936773766171
tfnbs,"e=0.8,h=9.0,n=30,start_thres=1.25",hub,0.25,50,8,40,1730,19,0,21,1730,0.475,0.0,1.0,0.0,7.611936773766171
tfnbs,"e=0.8,h=10.0,n=30,start_thres=1.25",hub,0.25,50,8,40,1730,19,0,21,1730,0.475,0.0,1.0,0.0,7.611936773766171
tfnbs,"e=0.9,h=0.5,n=30,start_thres=1.25",hub,0.25,50,8,40,1730,29,1,11,1729,0.725,0.0005780346820809,0.9666666666666668,0.0333333333333333,7.611936773766171
tfnbs,"e=0.9,h=1.0,n=30,start_thres=1.25",hub,0.25,50,8,40,1730,29,1,11,1729,0.725,0.0005780346820809,0.9666666666666668,0.0333333333333333,7.611936773766171
tfnbs,"e=0.9,h=2.0,n=30,start_thres=1.25",hub,0.25,50,8,40,1730,29,1,11,1729,0.725,0.0005780346820809,0.9666666666666668,0.0333333333333333,7.611936773766171
tfnbs,"e=0.9,h=3.0,n=30,start_thres=1.25",hub,0.25,50,8,40,1730,29,1,11,1729,0.725,0.0005780346820809,0.9666666666666668,0.0333333333333333,7.611936773766171
tfnbs,"e=0.9,h=4.0,n=30,start_thres=1.25",hub,0.25,50,8,40,1730,29,1,11,1729,0.725,0.0005780346820809,0.9666666666666668,0.0333333333333333,7.611936773766171
tfnbs,"e=0.9,h=5.0,n=30,start_thres=1.25",hub,0.25,50,8,40,1730,29,1,11,1729,0.725,0.0005780346820809,0.9666666666666668,0.0333333333333333,7.611936773766171
tfnbs,"e=0.9,h=6.0,n=30,start_thres=1.25",hub,0.25,50,8,40,1730,28,1,12,1729,0.7,0.0005780346820809,0.9655172413793104,0.0344827586206896,7.611936773766171
tfnbs,"e=0.9,h=7.0,n=30,start_thres=1.25",hub,0.25,50,8,40,1730,23,1,17,1729,0.575,0.0005780346820809,0.9583333333333334,0.0416666666666666,7.611936773766171
tfnbs,"e=0.9,h=8.0,n=30,start_thres=1.25",hub,0.25,50,8,40,1730,23,1,17,1729,0.575,0.0005780346820809,0.9583333333333334,0.0416666666666666,7.611936773766171
tfnbs,"e=0.9,h=9.0,n=30,start_thres=1.25",hub,0.25,50,8,40,1730,21,1,19,1729,0.525,0.0005780346820809,0.9545454545454546,0.0454545454545454,7.611936773766171
tfnbs,"e=0.9,h=10.0,n=30,start_thres=1.25",hub,0.25,50,8,40,1730,19,0,21,1730,0.475,0.0,1.0,0.0,7.611936773766171
tfnbs,"e=1.0,h=0.5,n=30,start_thres=1.25",hub,0.25,50,8,40,1730,28,1,12,1729,0.7,0.0005780346820809,0.9655172413793104,0.0344827586206896,7.611936773766171
tfnbs,"e=1.0,h=1.0,n=30,start_thres=1.25",hub,0.25,50,8,40,1730,29,1,11,1729,0.725,0.0005780346820809,0.9666666666666668,0.0333333333333333,7.611936773766171
tfnbs,"e=1.0,h=2.0,n=30,start_thres=1.25",hub,0.25,50,8,40,1730,29,1,11,1729,0.725,0.0005780346820809,0.9666666666666668,0.0333333333333333,7.611936773766171
tfnbs,"e=1.0,h=3.0,n=30,start_thres=1.25",hub,0.25,50,8,40,1730,29,1,11,1729,0.725,0.0005780346820809,0.9666666666666668,0.0333333333333333,7.611936773766171
tfnbs,"e=1.0,h=4.0,n=30,start_thres=1.25",hub,0.25,50,8,40,1730,29,1,11,1729,0.725,0.0005780346820809,0.9666666666666668,0.0333333333333333,7.611936773766171
tfnbs,"e=1.0,h=5.0,n=30,start_thres=1.25",hub,0.25,50,8,40,1730,29,1,11,1729,0.725,0.0005780346820809,0.9666666666666668,0.0333333333333333,7.611936773766171
tfnbs,"e=1.0,h=6.0,n=30,start_thres=1.25",hub,0.25,50,8,40,1730,29,1,11,1729,0.725,0.0005780346820809,0.9666666666666668,0.0333333333333333,7.611936773766171
tfnbs,"e=1.0,h=7.0,n=30,start_thres=1.25",hub,0.25,50,8,40,1730,28,1,12,1729,0.7,0.0005780346820809,0.9655172413793104,0.0344827586206896,7.611936773766171
tfnbs,"e=1.0,h=8.0,n=30,start_thres=1.25",hub,0.25,50,8,40,1730,23,1,17,1729,0.575,0.0005780346820809,0.9583333333333334,0.0416666666666666,7.611936773766171
tfnbs,"e=1.0,h=9.0,n=30,start_thres=1.25",hub,0.25,50,8,40,1730,23,1,17,1729,0.575,0.0005780346820809,0.9583333333333334,0.0416666666666666,7.611936773766171
tfnbs,"e=1.0,h=10.0,n=30,start_thres=1.25",hub,0.25,50,8,40,1730,21,1,19,1729,0.525,0.0005780346820809,0.9545454545454546,0.0454545454545454,7.611936773766171
tfnbs,"e=1.1,h=0.5,n=30,start_thres=1.25",hub,0.25,50,8,40,1730,28,1,12,1729,0.7,0.0005780346820809,0.9655172413793104,0.0344827586206896,7.611936773766171
tfnbs,"e=1.1,h=1.0,n=30,start_thres=1.25",hub,0.25,50,8,40,1730,28,1,12,1729,0.7,0.0005780346820809,0.9655172413793104,0.0344827586206896,7.611936773766171
tfnbs,"e=1.1,h=2.0,n=30,start_thres=1.25",hub,0.25,50,8,40,1730,29,1,11,1729,0.725,0.0005780346820809,0.9666666666666668,0.0333333333333333,7.611936773766171
tfnbs,"e=1.1,h=3.0,n=30,start_thres=1.25",hub,0.25,50,8,40,1730,29,1,11,1729,0.725,0.0005780346820809,0.9666666666666668,0.0333333333333333,7.611936773766171
tfnbs,"e=1.1,h=4.0,n=30,start_thres=1.25",hub,0.25,50,8,40,1730,30,1,10,1729,0.75,0.0005780346820809,0.967741935483871,0.032258064516129,7.611936773766171
tfnbs,"e=1.1,h=5.0,n=30,start_thres=1.25",hub,0.25,50,8,40,1730,29,1,11,1729,0.725,0.0005780346820809,0.9666666666666668,0.0333333333333333,7.611936773766171
tfnbs,"e=1.1,h=6.0,n=30,start_thres=1.25",hub,0.25,50,8,40,1730,29,1,11,1729,0.725,0.0005780346820809,0.9666666666666668,0.0333333333333333,7.611936773766171
tfnbs,"e=1.1,h=7.0,n=30,start_thres=1.25",hub,0.25,50,8,40,1730,29,1,11,1729,0.725,0.0005780346820809,0.9666666666666668,0.0333333333333333,7.611936773766171
tfnbs,"e=1.1,h=8.0,n=30,start_thres=1.25",hub,0.25,50,8,40,1730,28,1,12,1729,0.7,0.0005780346820809,0.9655172413793104,0.0344827586206896,7.611936773766171
tfnbs,"e=1.1,h=9.0,n=30,start_thres=1.25",hub,0.25,50,8,40,1730,28,1,12,1729,0.7,0.0005780346820809,0.9655172413793104,0.0344827586206896,7.611936773766171
tfnbs,"e=1.1,h=10.0,n=30,start_thres=1.25",hub,0.25,50,8,40,1730,23,1,17,1729,0.575,0.0005780346820809,0.9583333333333334,0.0416666666666666,7.611936773766171
tfnbs,"e=1.2,h=0.5,n=30,start_thres=1.25",hub,0.25,50,8,40,1730,23,1,17,1729,0.575,0.0005780346820809,0.9583333333333334,0.0416666666666666,7.611936773766171
tfnbs,"e=1.2,h=1.0,n=30,start_thres=1.25",hub,0.25,50,8,40,1730,28,1,12,1729,0.7,0.0005780346820809,0.9655172413793104,0.0344827586206896,7.611936773766171
tfnbs,"e=1.2,h=2.0,n=30,start_thres=1.25",hub,0.25,50,8,40,1730,29,1,11,1729,0.725,0.0005780346820809,0.9666666666666668,0.0333333333333333,7.611936773766171
tfnbs,"e=1.2,h=3.0,n=30,start_thres=1.25",hub,0.25,50,8,40,1730,30,1,10,1729,0.75,0.0005780346820809,0.967741935483871,0.032258064516129,7.611936773766171
tfnbs,"e=1.2,h=4.0,n=30,start_thres=1.25",hub,0.25,50,8,40,1730,30,1,10,1729,0.75,0.0005780346820809,0.967741935483871,0.032258064516129,7.611936773766171
tfnbs,"e=1.2,h=5.0,n=30,start_thres=1.25",hub,0.25,50,8,40,1730,30,1,10,1729,0.75,0.0005780346820809,0.967741935483871,0.032258064516129,7.611936773766171
tfnbs,"e=1.2,h=6.0,n=30,start_thres=1.25",hub,0.25,50,8,40,1730,30,1,10,1729,0.75,0.0005780346820809,0.967741935483871,0.032258064516129,7.611936773766171
tfnbs,"e=1.2,h=7.0,n=30,start_thres=1.25",hub,0.25,50,8,40,1730,29,1,11,1729,0.725,0.0005780346820809,0.9666666666666668,0.0333333333333333,7.611936773766171
tfnbs,"e=1.2,h=8.0,n=30,start_thres=1.25",hub,0.25,50,8,40,1730,29,1,11,1729,0.725,0.0005780346820809,0.9666666666666668,0.0333333333333333,7.611936773766171
tfnbs,"e=1.2,h=9.0,n=30,start_thres=1.25",hub,0.25,50,8,40,1730,28,1,12,1729,0.7,0.0005780346820809,0.9655172413793104,0.0344827586206896,7.611936773766171
tfnbs,"e=1.2,h=10.0,n=30,start_thres=1.25",hub,0.25,50,8,40,1730,28,1,12,1729,0.7,0.0005780346820809,0.9655172413793104,0.0344827586206896,7.611936773766171
tfnbs,"e=1.3,h=0.5,n=30,start_thres=1.25",hub,0.25,50,8,40,1730,23,1,17,1729,0.575,0.0005780346820809,0.9583333333333334,0.0416666666666666,7.611936773766171
tfnbs,"e=1.3,h=1.0,n=30,start_thres=1.25",hub,0.25,50,8,40,1730,28,1,12,1729,0.7,0.0005780346820809,0.9655172413793104,0.0344827586206896,7.611936773766171
tfnbs,"e=1.3,h=2.0,n=30,start_thres=1.25",hub,0.25,50,8,40,1730,29,1,11,1729,0.725,0.0005780346820809,0.9666666666666668,0.0333333333333333,7.611936773766171
tfnbs,"e=1.3,h=3.0,n=30,start_thres=1.25",hub,0.25,50,8,40,1730,29,1,11,1729,0.725,0.0005780346820809,0.9666666666666668,0.0333333333333333,7.611936773766171
tfnbs,"e=1.3,h=4.0,n=30,start_thres=1.25",hub,0.25,50,8,40,1730,30,1,10,1729,0.75,0.0005780346820809,0.967741935483871,0.032258064516129,7.611936773766171
tfnbs,"e=1.3,h=5.0,n=30,start_thres=1.25",hub,0.25,50,8,40,1730,30,1,10,1729,0.75,0.0005780346820809,0.967741935483871,0.032258064516129,7.611936773766171
tfnbs,"e=1.3,h=6.0,n=30,start_thres=1.25",hub,0.25,50,8,40,1730,30,1,10,1729,0.75,0.0005780346820809,0.967741935483871,0.032258064516129,7.611936773766171
tfnbs,"e=1.3,h=7.0,n=30,start_thres=1.25",hub,0.25,50,8,40,1730,30,1,10,1729,0.75,0.0005780346820809,0.967741935483871,0.032258064516129,7.611936773766171
tfnbs,"e=1.3,h=8.0,n=30,start_thres=1.25",hub,0.25,50,8,40,1730,29,1,11,1729,0.725,0.0005780346820809,0.9666666666666668,0.0333333333333333,7.611936773766171
tfnbs,"e=1.3,h=9.0,n=30,start_thres=1.25",hub,0.25,50,8,40,1730,29,1,11,1729,0.725,0.0005780346820809,0.9666666666666668,0.0333333333333333,7.611936773766171
tfnbs,"e=1.3,h=10.0,n=30,start_thres=1.25",hub,0.25,50,8,40,1730,28,1,12,1729,0.7,0.0005780346820809,0.9655172413793104,0.0344827586206896,7.611936773766171
tfnbs,"e=1.4,h=0.5,n=30,start_thres=1.25",hub,0.25,50,8,40,1730,21,1,19,1729,0.525,0.0005780346820809,0.9545454545454546,0.0454545454545454,7.611936773766171
tfnbs,"e=1.4,h=1.0,n=30,start_thres=1.25",hub,0.25,50,8,40,1730,23,1,17,1729,0.575,0.0005780346820809,0.9583333333333334,0.0416666666666666,7.611936773766171
tfnbs,"e=1.4,h=2.0,n=30,start_thres=1.25",hub,0.25,50,8,40,1730,28,1,12,1729,0.7,0.0005780346820809,0.9655172413793104,0.0344827586206896,7.611936773766171
tfnbs,"e=1.4,h=3.0,n=30,start_thres=1.25",hub,0.25,50,8,40,1730,29,1,11,1729,0.725,0.0005780346820809,0.9666666666666668,0.0333333333333333,7.611936773766171
tfnbs,"e=1.4,h=4.0,n=30,start_thres=1.25",hub,0.25,50,8,40,1730,30,1,10,1729,0.75,0.0005780346820809,0.967741935483871,0.032258064516129,7.611936773766171
tfnbs,"e=1.4,h=5.0,n=30,start_thres=1.25",hub,0.25,50,8,40,1730,30,1,10,1729,0.75,0.0005780346820809,0.967741935483871,0.032258064516129,7.611936773766171
tfnbs,"e=1.4,h=6.0,n=30,start_thres=1.25",hub,0.25,50,8,40,1730,30,1,10,1729,0.75,0.0005780346820809,0.967741935483871,0.032258064516129,7.611936773766171
tfnbs,"e=1.4,h=7.0,n=30,start_thres=1.25",hub,0.25,50,8,40,1730,30,1,10,1729,0.75,0.0005780346820809,0.967741935483871,0.032258064516129,7.611936773766171
tfnbs,"e=1.4,h=8.0,n=30,start_thres=1.25",hub,0.25,50,8,40,1730,30,1,10,1729,0.75,0.0005780346820809,0.967741935483871,0.032258064516129,7.611936773766171
tfnbs,"e=1.4,h=9.0,n=30,start_thres=1.25",hub,0.25,50,8,40,1730,29,1,11,1729,0.725,0.0005780346820809,0.9666666666666668,0.0333333333333333,7.611936773766171
tfnbs,"e=1.4,h=10.0,n=30,start_thres=1.25",hub,0.25,50,8,40,1730,29,1,11,1729,0.725,0.0005780346820809,0.9666666666666668,0.0333333333333333,7.611936773766171
tfnbs,"e=1.5,h=0.5,n=30,start_thres=1.25",hub,0.25,50,8,40,1730,19,0,21,1730,0.475,0.0,1.0,0.0,7.611936773766171
tfnbs,"e=1.5,h=1.0,n=30,start_thres=1.25",hub,0.25,50,8,40,1730,23,1,17,1729,0.575,0.0005780346820809,0.9583333333333334,0.0416666666666666,7.611936773766171
tfnbs,"e=1.5,h=2.0,n=30,start_thres=1.25",hub,0.25,50,8,40,1730,28,1,12,1729,0.7,0.0005780346820809,0.9655172413793104,0.0344827586206896,7.611936773766171
tfnbs,"e=1.5,h=3.0,n=30,start_thres=1.25",hub,0.25,50,8,40,1730,29,1,11,1729,0.725,0.0005780346820809,0.9666666666666668,0.0333333333333333,7.611936773766171
tfnbs,"e=1.5,h=4.0,n=30,start_thres=1.25",hub,0.25,50,8,40,1730,30,1,10,1729,0.75,0.0005780346820809,0.967741935483871,0.032258064516129,7.611936773766171
tfnbs,"e=1.5,h=5.0,n=30,start_thres=1.25",hub,0.25,50,8,40,1730,30,1,10,1729,0.75,0.0005780346820809,0.967741935483871,0.032258064516129,7.611936773766171
tfnbs,"e=1.5,h=6.0,n=30,start_thres=1.25",hub,0.25,50,8,40,1730,30,1,10,1729,0.75,0.0005780346820809,0.967741935483871,0.032258064516129,7.611936773766171
tfnbs,"e=1.5,h=7.0,n=30,start_thres=1.25",hub,0.25,50,8,40,1730,30,1,10,1729,0.75,0.0005780346820809,0.967741935483871,0.032258064516129,7.611936773766171
tfnbs,"e=1.5,h=8.0,n=30,start_thres=1.25",hub,0.25,50,8,40,1730,30,1,10,1729,0.75,0.0005780346820809,0.967741935483871,0.032258064516129,7.611936773766171
tfnbs,"e=1.5,h=9.0,n=30,start_thres=1.25",hub,0.25,50,8,40,1730,30,1,10,1729,0.75,0.0005780346820809,0.967741935483871,0.032258064516129,7.611936773766171
tfnbs,"e=1.5,h=10.0,n=30,start_thres=1.25",hub,0.25,50,8,40,1730,29,1,11,1729,0.725,0.0005780346820809,0.9666666666666668,0.0333333333333333,7.611936773766171
nbs_intensity,threshold=1.0,hub,0.25,50,0,40,1730,40,392,0,1338,1.0,0.2265895953757225,0.0925925925925925,0.9074074074074074,9.11699676513672
tfnbs,"e=0.05,h=0.5,n=30,start_thres=1.25",hub,0.25,50,7,40,1730,11,0,29,1730,0.275,0.0,1.0,0.0,7.644266505133022
tfnbs,"e=0.05,h=1.0,n=30,start_thres=1.25",hub,0.25,50,7,40,1730,9,0,31,1730,0.225,0.0,1.0,0.0,7.644266505133022
tfnbs,"e=0.05,h=2.0,n=30,start_thres=1.25",hub,0.25,50,7,40,1730,9,0,31,1730,0.225,0.0,1.0,0.0,7.644266505133022
tfnbs,"e=0.05,h=3.0,n=30,start_thres=1.25",hub,0.25,50,7,40,1730,9,0,31,1730,0.225,0.0,1.0,0.0,7.644266505133022
tfnbs,"e=0.05,h=4.0,n=30,start_thres=1.25",hub,0.25,50,7,40,1730,9,0,31,1730,0.225,0.0,1.0,0.0,7.644266505133022
tfnbs,"e=0.05,h=5.0,n=30,start_thres=1.25",hub,0.25,50,7,40,1730,9,0,31,1730,0.225,0.0,1.0,0.0,7.644266505133022
tfnbs,"e=0.05,h=6.0,n=30,start_thres=1.25",hub,0.25,50,7,40,1730,9,0,31,1730,0.225,0.0,1.0,0.0,7.644266505133022
tfnbs,"e=0.05,h=7.0,n=30,start_thres=1.25",hub,0.25,50,7,40,1730,9,0,31,1730,0.225,0.0,1.0,0.0,7.644266505133022
tfnbs,"e=0.05,h=8.0,n=30,start_thres=1.25",hub,0.25,50,7,40,1730,9,0,31,1730,0.225,0.0,1.0,0.0,7.644266505133022
tfnbs,"e=0.05,h=9.0,n=30,start_thres=1.25",hub,0.25,50,7,40,1730,7,0,33,1730,0.175,0.0,1.0,0.0,7.644266505133022
tfnbs,"e=0.05,h=10.0,n=30,start_thres=1.25",hub,0.25,50,7,40,1730,7,0,33,1730,0.175,0.0,1.0,0.0,7.644266505133022
tfnbs,"e=0.1,h=0.5,n=30,start_thres=1.25",hub,0.25,50,7,40,1730,12,0,28,1730,0.3,0.0,1.0,0.0,7.644266505133022
tfnbs,"e=0.1,h=1.0,n=30,start_thres=1.25",hub,0.25,50,7,40,1730,12,0,28,1730,0.3,0.0,1.0,0.0,7.644266505133022
tfnbs,"e=0.1,h=2.0,n=30,start_thres=1.25",hub,0.25,50,7,40,1730,11,0,29,1730,0.275,0.0,1.0,0.0,7.644266505133022
tfnbs,"e=0.1,h=3.0,n=30,start_thres=1.25",hub,0.25,50,7,40,1730,11,0,29,1730,0.275,0.0,1.0,0.0,7.644266505133022
tfnbs,"e=0.1,h=4.0,n=30,start_thres=1.25",hub,0.25,50,7,40,1730,11,0,29,1730,0.275,0.0,1.0,0.0,7.644266505133022
tfnbs,"e=0.1,h=5.0,n=30,start_thres=1.25",hub,0.25,50,7,40,1730,9,0,31,1730,0.225,0.0,1.0,0.0,7.644266505133022
tfnbs,"e=0.1,h=6.0,n=30,start_thres=1.25",hub,0.25,50,7,40,1730,9,0,31,1730,0.225,0.0,1.0,0.0,7.644266505133022
tfnbs,"e=0.1,h=7.0,n=30,start_thres=1.25",hub,0.25,50,7,40,1730,9,0,31,1730,0.225,0.0,1.0,0.0,7.644266505133022
tfnbs,"e=0.1,h=8.0,n=30,start_thres=1.25",hub,0.25,50,7,40,1730,9,0,31,1730,0.225,0.0,1.0,0.0,7.644266505133022
tfnbs,"e=0.1,h=9.0,n=30,start_thres=1.25",hub,0.25,50,7,40,1730,9,0,31,1730,0.225,0.0,1.0,0.0,7.644266505133022
tfnbs,"e=0.1,h=10.0,n=30,start_thres=1.25",hub,0.25,50,7,40,1730,9,0,31,1730,0.225,0.0,1.0,0.0,7.644266505133022
tfnbs,"e=0.2,h=0.5,n=30,start_thres=1.25",hub,0.25,50,7,40,1730,16,0,24,1730,0.4,0.0,1.0,0.0,7.644266505133022
tfnbs,"e=0.2,h=1.0,n=30,start_thres=1.25",hub,0.25,50,7,40,1730,16,0,24,1730,0.4,0.0,1.0,0.0,7.644266505133022
tfnbs,"e=0.2,h=2.0,n=30,start_thres=1.25",hub,0.25,50,7,40,1730,14,0,26,1730,0.35,0.0,1.0,0.0,7.644266505133022
tfnbs,"e=0.2,h=3.0,n=30,start_thres=1.25",hub,0.25,50,7,40,1730,14,0,26,1730,0.35,0.0,1.0,0.0,7.644266505133022
tfnbs,"e=0.2,h=4.0,n=30,start_thres=1.25",hub,0.25,50,7,40,1730,12,0,28,1730,0.3,0.0,1.0,0.0,7.644266505133022
tfnbs,"e=0.2,h=5.0,n=30,start_thres=1.25",hub,0.25,50,7,40,1730,12,0,28,1730,0.3,0.0,1.0,0.0,7.644266505133022
tfnbs,"e=0.2,h=6.0,n=30,start_thres=1.25",hub,0.25,50,7,40,1730,12,0,28,1730,0.3,0.0,1.0,0.0,7.644266505133022
tfnbs,"e=0.2,h=7.0,n=30,start_thres=1.25",hub,0.25,50,7,40,1730,11,0,29,1730,0.275,0.0,1.0,0.0,7.644266505133022
tfnbs,"e=0.2,h=8.0,n=30,start_thres=1.25",hub,0.25,50,7,40,1730,11,0,29,1730,0.275,0.0,1.0,0.0,7.644266505133022
tfnbs,"e=0.2,h=9.0,n=30,start_thres=1.25",hub,0.25,50,7,40,1730,11,0,29,1730,0.275,0.0,1.0,0.0,7.644266505133022
tfnbs,"e=0.2,h=10.0,n=30,start_thres=1.25",hub,0.25,50,7,40,1730,11,0,29,1730,0.275,0.0,1.0,0.0,7.644266505133022
tfnbs,"e=0.3,h=0.5,n=30,start_thres=1.25",hub,0.25,50,7,40,1730,22,1,18,1729,0.55,0.0005780346820809,0.9565217391304348,0.0434782608695652,7.644266505133022
tfnbs,"e=0.3,h=1.0,n=30,start_thres=1.25",hub,0.25,50,7,40,1730,22,1,18,1729,0.55,0.0005780346820809,0.9565217391304348,0.0434782608695652,7.644266505133022
tfnbs,"e=0.3,h=2.0,n=30,start_thres=1.25",hub,0.25,50,7,40,1730,20,0,20,1730,0.5,0.0,1.0,0.0,7.644266505133022
tfnbs,"e=0.3,h=3.0,n=30,start_thres=1.25",hub,0.25,50,7,40,1730,16,0,24,1730,0.4,0.0,1.0,0.0,7.644266505133022
tfnbs,"e=0.3,h=4.0,n=30,start_thres=1.25",hub,0.25,50,7,40,1730,14,0,26,1730,0.35,0.0,1.0,0.0,7.644266505133022
tfnbs,"e=0.3,h=5.0,n=30,start_thres=1.25",hub,0.25,50,7,40,1730,14,0,26,1730,0.35,0.0,1.0,0.0,7.644266505133022
tfnbs,"e=0.3,h=6.0,n=30,start_thres=1.25",hub,0.25,50,7,40,1730,14,0,26,1730,0.35,0.0,1.0,0.0,7.644266505133022
tfnbs,"e=0.3,h=7.0,n=30,start_thres=1.25",hub,0.25,50,7,40,1730,12,0,28,1730,0.3,0.0,1.0,0.0,7.644266505133022
tfnbs,"e=0.3,h=8.0,n=30,start_thres=1.25",hub,0.25,50,7,40,1730,12,0,28,1730,0.3,0.0,1.0,0.0,7.644266505133022
tfnbs,"e=0.3,h=9.0,n=30,start_thres=1.25",hub,0.25,50,7,40,1730,12,0,28,1730,0.3,0.0,1.0,0.0,7.644266505133022
tfnbs,"e=0.3,h=10.0,n=30,start_thres=1.25",hub,0.25,50,7,40,1730,11,0,29,1730,0.275,0.0,1.0,0.0,7.644266505133022
tfnbs,"e=0.4,h=0.5,n=30,start_thres=1.25",hub,0.25,50,7,40,1730,28,1,12,1729,0.7,0.0005780346820809,0.9655172413793104,0.0344827586206896,7.644266505133022
tfnbs,"e=0.4,h=1.0,n=30,start_thres=1.25",hub,0.25,50,7,40,1730,23,1,17,1729,0.575,0.0005780346820809,0.9583333333333334,0.0416666666666666,7.644266505133022
tfnbs,"e=0.4,h=2.0,n=30,start_thres=1.25",hub,0.25,50,7,40,1730,23,1,17,1729,0.575,0.0005780346820809,0.9583333333333334,0.0416666666666666,7.644266505133022
tfnbs,"e=0.4,h=3.0,n=30,start_thres=1.25",hub,0.25,50,7,40,1730,22,1,18,1729,0.55,0.0005780346820809,0.9565217391304348,0.0434782608695652,7.644266505133022
tfnbs,"e=0.4,h=4.0,n=30,start_thres=1.25",hub,0.25,50,7,40,1730,20,0,20,1730,0.5,0.0,1.0,0.0,7.644266505133022
tfnbs,"e=0.4,h=5.0,n=30,start_thres=1.25",hub,0.25,50,7,40,1730,16,0,24,1730,0.4,0.0,1.0,0.0,7.644266505133022
tfnbs,"e=0.4,h=6.0,n=30,start_thres=1.25",hub,0.25,50,7,40,1730,14,0,26,1730,0.35,0.0,1.0,0.0,7.644266505133022
tfnbs,"e=0.4,h=7.0,n=30,start_thres=1.25",hub,0.25,50,7,40,1730,14,0,26,1730,0.35,0.0,1.0,0.0,7.644266505133022
tfnbs,"e=0.4,h=8.0,n=30,start_thres=1.25",hub,0.25,50,7,40,1730,14,0,26,1730,0.35,0.0,1.0,0.0,7.644266505133022
tfnbs,"e=0.4,h=9.0,n=30,start_thres=1.25",hub,0.25,50,7,40,1730,14,0,26,1730,0.35,0.0,1.0,0.0,7.644266505133022
tfnbs,"e=0.4,h=10.0,n=30,start_thres=1.25",hub,0.25,50,7,40,1730,12,0,28,1730,0.3,0.0,1.0,0.0,7.644266505133022
tfnbs,"e=0.5,h=0.5,n=30,start_thres=1.25",hub,0.25,50,7,40,1730,28,1,12,1729,0.7,0.0005780346820809,0.9655172413793104,0.0344827586206896,7.644266505133022
tfnbs,"e=0.5,h=1.0,n=30,start_thres=1.25",hub,0.25,50,7,40,1730,28,1,12,1729,0.7,0.0005780346820809,0.9655172413793104,0.0344827586206896,7.644266505133022
tfnbs,"e=0.5,h=2.0,n=30,start_thres=1.25",hub,0.25,50,7,40,1730,28,1,12,1729,0.7,0.0005780346820809,0.9655172413793104,0.0344827586206896,7.644266505133022
tfnbs,"e=0.5,h=3.0,n=30,start_thres=1.25",hub,0.25,50,7,40,1730,23,1,17,1729,0.575,0.0005780346820809,0.9583333333333334,0.0416666666666666,7.644266505133022
tfnbs,"e=0.5,h=4.0,n=30,start_thres=1.25",hub,0.25,50,7,40,1730,22,1,18,1729,0.55,0.0005780346820809,0.9565217391304348,0.0434782608695652,7.644266505133022
tfnbs,"e=0.5,h=5.0,n=30,start_thres=1.25",hub,0.25,50,7,40,1730,20,0,20,1730,0.5,0.0,1.0,0.0,7.644266505133022
tfnbs,"e=0.5,h=6.0,n=30,start_thres=1.25",hub,0.25,50,7,40,1730,20,0,20,1730,0.5,0.0,1.0,0.0,7.644266505133022
tfnbs,"e=0.5,h=7.0,n=30,start_thres=1.25",hub,0.25,50,7,40,1730,16,0,24,1730,0.4,0.0,1.0,0.0,7.644266505133022
tfnbs,"e=0.5,h=8.0,n=30,start_thres=1.25",hub,0.25,50,7,40,1730,14,0,26,1730,0.35,0.0,1.0,0.0,7.644266505133022
tfnbs,"e=0.5,h=9.0,n=30,start_thres=1.25",hub,0.25,50,7,40,1730,14,0,26,1730,0.35,0.0,1.0,0.0,7.644266505133022
tfnbs,"e=0.5,h=10.0,n=30,start_thres=1.25",hub,0.25,50,7,40,1730,14,0,26,1730,0.35,0.0,1.0,0.0,7.644266505133022
tfnbs,"e=0.6,h=0.5,n=30,start_thres=1.25",hub,0.25,50,7,40,1730,29,1,11,1729,0.725,0.0005780346820809,0.9666666666666668,0.0333333333333333,7.644266505133022
tfnbs,"e=0.6,h=1.0,n=30,start_thres=1.25",hub,0.25,50,7,40,1730,29,1,11,1729,0.725,0.0005780346820809,0.9666666666666668,0.0333333333333333,7.644266505133022
tfnbs,"e=0.6,h=2.0,n=30,start_thres=1.25",hub,0.25,50,7,40,1730,28,1,12,1729,0.7,0.0005780346820809,0.9655172413793104,0.0344827586206896,7.644266505133022
tfnbs,"e=0.6,h=3.0,n=30,start_thres=1.25",hub,0.25,50,7,40,1730,28,1,12,1729,0.7,0.0005780346820809,0.9655172413793104,0.0344827586206896,7.644266505133022
tfnbs,"e=0.6,h=4.0,n=30,start_thres=1.25",hub,0.25,50,7,40,1730,28,1,12,1729,0.7,0.0005780346820809,0.9655172413793104,0.0344827586206896,7.644266505133022
tfnbs,"e=0.6,h=5.0,n=30,start_thres=1.25",hub,0.25,50,7,40,1730,23,1,17,1729,0.575,0.0005780346820809,0.9583333333333334,0.0416666666666666,7.644266505133022
tfnbs,"e=0.6,h=6.0,n=30,start_thres=1.25",hub,0.25,50,7,40,1730,22,1,18,1729,0.55,0.0005780346820809,0.9565217391304348,0.0434782608695652,7.644266505133022
tfnbs,"e=0.6,h=7.0,n=30,start_thres=1.25",hub,0.25,50,7,40,1730,20,0,20,1730,0.5,0.0,1.0,0.0,7.644266505133022
tfnbs,"e=0.6,h=8.0,n=30,start_thres=1.25",hub,0.25,50,7,40,1730,20,0,20,1730,0.5,0.0,1.0,0.0,7.644266505133022
tfnbs,"e=0.6,h=9.0,n=30,start_thres=1.25",hub,0.25,50,7,40,1730,16,0,24,1730,0.4,0.0,1.0,0.0,7.644266505133022
tfnbs,"e=0.6,h=10.0,n=30,start_thres=1.25",hub,0.25,50,7,40,1730,14,0,26,1730,0.35,0.0,1.0,0.0,7.644266505133022
tfnbs,"e=0.7,h=0.5,n=30,start_thres=1.25",hub,0.25,50,7,40,1730,29,1,11,1729,0.725,0.0005780346820809,0.9666666666666668,0.0333333333333333,7.644266505133022
tfnbs,"e=0.7,h=1.0,n=30,start_thres=1.25",hub,0.25,50,7,40,1730,29,1,11,1729,0.725,0.0005780346820809,0.9666666666666668,0.0333333333333333,7.644266505133022
tfnbs,"e=0.7,h=2.0,n=30,start_thres=1.25",hub,0.25,50,7,40,1730,29,1,11,1729,0.725,0.0005780346820809,0.9666666666666668,0.0333333333333333,7.644266505133022
tfnbs,"e=0.7,h=3.0,n=30,start_thres=1.25",hub,0.25,50,7,40,1730,28,1,12,1729,0.7,0.0005780346820809,0.9655172413793104,0.0344827586206896,7.644266505133022
tfnbs,"e=0.7,h=4.0,n=30,start_thres=1.25",hub,0.25,50,7,40,1730,28,1,12,1729,0.7,0.0005780346820809,0.9655172413793104,0.0344827586206896,7.644266505133022
tfnbs,"e=0.7,h=5.0,n=30,start_thres=1.25",hub,0.25,50,7,40,1730,28,1,12,1729,0.7,0.0005780346820809,0.9655172413793104,0.0344827586206896,7.644266505133022
tfnbs,"e=0.7,h=6.0,n=30,start_thres=1.25",hub,0.25,50,7,40,1730,23,1,17,1729,0.575,0.0005780346820809,0.9583333333333334,0.0416666666666666,7.644266505133022
tfnbs,"e=0.7,h=7.0,n=30,start_thres=1.25",hub,0.25,50,7,40,1730,22,1,18,1729,0.55,0.0005780346820809,0.9565217391304348,0.0434782608695652,7.644266505133022
tfnbs,"e=0.7,h=8.0,n=30,start_thres=1.25",hub,0.25,50,7,40,1730,22,1,18,1729,0.55,0.0005780346820809,0.9565217391304348,0.0434782608695652,7.644266505133022
tfnbs,"e=0.7,h=9.0,n=30,start_thres=1.25",hub,0.25,50,7,40,1730,20,0,20,1730,0.5,0.0,1.0,0.0,7.644266505133022
tfnbs,"e=0.7,h=10.0,n=30,start_thres=1.25",hub,0.25,50,7,40,1730,16,0,24,1730,0.4,0.0,1.0,0.0,7.644266505133022
tfnbs,"e=0.8,h=0.5,n=30,start_thres=1.25",hub,0.25,50,7,40,1730,29,1,11,1729,0.725,0.0005780346820809,0.9666666666666668,0.0333333333333333,7.644266505133022
tfnbs,"e=0.8,h=1.0,n=30,start_thres=1.25",hub,0.25,50,7,40,1730,29,1,11,1729,0.725,0.0005780346820809,0.9666666666666668,0.0333333333333333,7.644266505133022
tfnbs,"e=0.8,h=2.0,n=30,start_thres=1.25",hub,0.25,50,7,40,1730,29,1,11,1729,0.725,0.0005780346820809,0.9666666666666668,0.0333333333333333,7.644266505133022
tfnbs,"e=0.8,h=3.0,n=30,start_thres=1.25",hub,0.25,50,7,40,1730,29,1,11,1729,0.725,0.0005780346820809,0.9666666666666668,0.0333333333333333,7.644266505133022
tfnbs,"e=0.8,h=4.0,n=30,start_thres=1.25",hub,0.25,50,7,40,1730,29,1,11,1729,0.725,0.0005780346820809,0.9666666666666668,0.0333333333333333,7.644266505133022
tfnbs,"e=0.8,h=5.0,n=30,start_thres=1.25",hub,0.25,50,7,40,1730,28,1,12,1729,0.7,0.0005780346820809,0.9655172413793104,0.0344827586206896,7.644266505133022
tfnbs,"e=0.8,h=6.0,n=30,start_thres=1.25",hub,0.25,50,7,40,1730,28,1,12,1729,0.7,0.0005780346820809,0.9655172413793104,0.0344827586206896,7.644266505133022
tfnbs,"e=0.8,h=7.0,n=30,start_thres=1.25",hub,0.25,50,7,40,1730,23,1,17,1729,0.575,0.0005780346820809,0.9583333333333334,0.0416666666666666,7.644266505133022
tfnbs,"e=0.8,h=8.0,n=30,start_thres=1.25",hub,0.25,50,7,40,1730,23,1,17,1729,0.575,0.0005780346820809,0.9583333333333334,0.0416666666666666,7.644266505133022
tfnbs,"e=0.8,h=9.0,n=30,start_thres=1.25",hub,0.25,50,7,40,1730,22,1,18,1729,0.55,0.0005780346820809,0.9565217391304348,0.0434782608695652,7.644266505133022
tfnbs,"e=0.8,h=10.0,n=30,start_thres=1.25",hub,0.25,50,7,40,1730,20,0,20,1730,0.5,0.0,1.0,0.0,7.644266505133022
tfnbs,"e=0.9,h=0.5,n=30,start_thres=1.25",hub,0.25,50,7,40,1730,29,1,11,1729,0.725,0.0005780346820809,0.9666666666666668,0.0333333333333333,7.644266505133022
tfnbs,"e=0.9,h=1.0,n=30,start_thres=1.25",hub,0.25,50,7,40,1730,31,4,9,1726,0.775,0.0023121387283236,0.8857142857142857,0.1142857142857142,7.644266505133022
tfnbs,"e=0.9,h=2.0,n=30,start_thres=1.25",hub,0.25,50,7,40,1730,31,4,9,1726,0.775,0.0023121387283236,0.8857142857142857,0.1142857142857142,7.644266505133022
tfnbs,"e=0.9,h=3.0,n=30,start_thres=1.25",hub,0.25,50,7,40,1730,31,4,9,1726,0.775,0.0023121387283236,0.8857142857142857,0.1142857142857142,7.644266505133022
tfnbs,"e=0.9,h=4.0,n=30,start_thres=1.25",hub,0.25,50,7,40,1730,29,1,11,1729,0.725,0.0005780346820809,0.9666666666666668,0.0333333333333333,7.644266505133022
tfnbs,"e=0.9,h=5.0,n=30,start_thres=1.25",hub,0.25,50,7,40,1730,29,1,11,1729,0.725,0.0005780346820809,0.9666666666666668,0.0333333333333333,7.644266505133022
tfnbs,"e=0.9,h=6.0,n=30,start_thres=1.25",hub,0.25,50,7,40,1730,28,1,12,1729,0.7,0.0005780346820809,0.9655172413793104,0.0344827586206896,7.644266505133022
tfnbs,"e=0.9,h=7.0,n=30,start_thres=1.25",hub,0.25,50,7,40,1730,28,1,12,1729,0.7,0.0005780346820809,0.9655172413793104,0.0344827586206896,7.644266505133022
tfnbs,"e=0.9,h=8.0,n=30,start_thres=1.25",hub,0.25,50,7,40,1730,28,1,12,1729,0.7,0.0005780346820809,0.9655172413793104,0.0344827586206896,7.644266505133022
tfnbs,"e=0.9,h=9.0,n=30,start_thres=1.25",hub,0.25,50,7,40,1730,23,1,17,1729,0.575,0.0005780346820809,0.9583333333333334,0.0416666666666666,7.644266505133022
tfnbs,"e=0.9,h=10.0,n=30,start_thres=1.25",hub,0.25,50,7,40,1730,22,1,18,1729,0.55,0.0005780346820809,0.9565217391304348,0.0434782608695652,7.644266505133022
tfnbs,"e=1.0,h=0.5,n=30,start_thres=1.25",hub,0.25,50,7,40,1730,31,4,9,1726,0.775,0.0023121387283236,0.8857142857142857,0.1142857142857142,7.644266505133022
tfnbs,"e=1.0,h=1.0,n=30,start_thres=1.25",hub,0.25,50,7,40,1730,31,4,9,1726,0.775,0.0023121387283236,0.8857142857142857,0.1142857142857142,7.644266505133022
tfnbs,"e=1.0,h=2.0,n=30,start_thres=1.25",hub,0.25,50,7,40,1730,31,4,9,1726,0.775,0.0023121387283236,0.8857142857142857,0.1142857142857142,7.644266505133022
tfnbs,"e=1.0,h=3.0,n=30,start_thres=1.25",hub,0.25,50,7,40,1730,31,4,9,1726,0.775,0.0023121387283236,0.8857142857142857,0.1142857142857142,7.644266505133022
tfnbs,"e=1.0,h=4.0,n=30,start_thres=1.25",hub,0.25,50,7,40,1730,31,4,9,1726,0.775,0.0023121387283236,0.8857142857142857,0.1142857142857142,7.644266505133022
tfnbs,"e=1.0,h=5.0,n=30,start_thres=1.25",hub,0.25,50,7,40,1730,29,1,11,1729,0.725,0.0005780346820809,0.9666666666666668,0.0333333333333333,7.644266505133022
tfnbs,"e=1.0,h=6.0,n=30,start_thres=1.25",hub,0.25,50,7,40,1730,29,1,11,1729,0.725,0.0005780346820809,0.9666666666666668,0.0333333333333333,7.644266505133022
tfnbs,"e=1.0,h=7.0,n=30,start_thres=1.25",hub,0.25,50,7,40,1730,28,1,12,1729,0.7,0.0005780346820809,0.9655172413793104,0.0344827586206896,7.644266505133022
tfnbs,"e=1.0,h=8.0,n=30,start_thres=1.25",hub,0.25,50,7,40,1730,28,1,12,1729,0.7,0.0005780346820809,0.9655172413793104,0.0344827586206896,7.644266505133022
tfnbs,"e=1.0,h=9.0,n=30,start_thres=1.25",hub,0.25,50,7,40,1730,28,1,12,1729,0.7,0.0005780346820809,0.9655172413793104,0.0344827586206896,7.644266505133022
tfnbs,"e=1.0,h=10.0,n=30,start_thres=1.25",hub,0.25,50,7,40,1730,23,1,17,1729,0.575,0.0005780346820809,0.9583333333333334,0.0416666666666666,7.644266505133022
tfnbs,"e=1.1,h=0.5,n=30,start_thres=1.25",hub,0.25,50,7,40,1730,31,4,9,1726,0.775,0.0023121387283236,0.8857142857142857,0.1142857142857142,7.644266505133022
tfnbs,"e=1.1,h=1.0,n=30,start_thres=1.25",hub,0.25,50,7,40,1730,31,4,9,1726,0.775,0.0023121387283236,0.8857142857142857,0.1142857142857142,7.644266505133022
tfnbs,"e=1.1,h=2.0,n=30,start_thres=1.25",hub,0.25,50,7,40,1730,31,4,9,1726,0.775,0.0023121387283236,0.8857142857142857,0.1142857142857142,7.644266505133022
tfnbs,"e=1.1,h=3.0,n=30,start_thres=1.25",hub,0.25,50,7,40,1730,31,4,9,1726,0.775,0.0023121387283236,0.8857142857142857,0.1142857142857142,7.644266505133022
tfnbs,"e=1.1,h=4.0,n=30,start_thres=1.25",hub,0.25,50,7,40,1730,31,4,9,1726,0.775,0.0023121387283236,0.8857142857142857,0.1142857142857142,7.644266505133022
tfnbs,"e=1.1,h=5.0,n=30,start_thres=1.25",hub,0.25,50,7,40,1730,31,4,9,1726,0.775,0.0023121387283236,0.8857142857142857,0.1142857142857142,7.644266505133022
tfnbs,"e=1.1,h=6.0,n=30,start_thres=1.25",hub,0.25,50,7,40,1730,31,4,9,1726,0.775,0.0023121387283236,0.8857142857142857,0.1142857142857142,7.644266505133022
tfnbs,"e=1.1,h=7.0,n=30,start_thres=1.25",hub,0.25,50,7,40,1730,29,1,11,1729,0.725,0.0005780346820809,0.9666666666666668,0.0333333333333333,7.644266505133022
tfnbs,"e=1.1,h=8.0,n=30,start_thres=1.25",hub,0.25,50,7,40,1730,28,1,12,1729,0.7,0.0005780346820809,0.9655172413793104,0.0344827586206896,7.644266505133022
tfnbs,"e=1.1,h=9.0,n=30,start_thres=1.25",hub,0.25,50,7,40,1730,28,1,12,1729,0.7,0.0005780346820809,0.9655172413793104,0.0344827586206896,7.644266505133022
tfnbs,"e=1.1,h=10.0,n=30,start_thres=1.25",hub,0.25,50,7,40,1730,28,1,12,1729,0.7,0.0005780346820809,0.9655172413793104,0.0344827586206896,7.644266505133022
tfnbs,"e=1.2,h=0.5,n=30,start_thres=1.25",hub,0.25,50,7,40,1730,29,1,11,1729,0.725,0.0005780346820809,0.9666666666666668,0.0333333333333333,7.644266505133022
tfnbs,"e=1.2,h=1.0,n=30,start_thres=1.25",hub,0.25,50,7,40,1730,31,4,9,1726,0.775,0.0023121387283236,0.8857142857142857,0.1142857142857142,7.644266505133022
tfnbs,"e=1.2,h=2.0,n=30,start_thres=1.25",hub,0.25,50,7,40,1730,31,4,9,1726,0.775,0.0023121387283236,0.8857142857142857,0.1142857142857142,7.644266505133022
tfnbs,"e=1.2,h=3.0,n=30,start_thres=1.25",hub,0.25,50,7,40,1730,31,4,9,1726,0.775,0.0023121387283236,0.8857142857142857,0.1142857142857142,7.644266505133022
tfnbs,"e=1.2,h=4.0,n=30,start_thres=1.25",hub,0.25,50,7,40,1730,31,4,9,1726,0.775,0.0023121387283236,0.8857142857142857,0.1142857142857142,7.644266505133022
tfnbs,"e=1.2,h=5.0,n=30,start_thres=1.25",hub,0.25,50,7,40,1730,31,4,9,1726,0.775,0.0023121387283236,0.8857142857142857,0.1142857142857142,7.644266505133022
tfnbs,"e=1.2,h=6.0,n=30,start_thres=1.25",hub,0.25,50,7,40,1730,31,4,9,1726,0.775,0.0023121387283236,0.8857142857142857,0.1142857142857142,7.644266505133022
tfnbs,"e=1.2,h=7.0,n=30,start_thres=1.25",hub,0.25,50,7,40,1730,31,4,9,1726,0.775,0.0023121387283236,0.8857142857142857,0.1142857142857142,7.644266505133022
tfnbs,"e=1.2,h=8.0,n=30,start_thres=1.25",hub,0.25,50,7,40,1730,29,1,11,1729,0.725,0.0005780346820809,0.9666666666666668,0.0333333333333333,7.644266505133022
tfnbs,"e=1.2,h=9.0,n=30,start_thres=1.25",hub,0.25,50,7,40,1730,28,1,12,1729,0.7,0.0005780346820809,0.9655172413793104,0.0344827586206896,7.644266505133022
tfnbs,"e=1.2,h=10.0,n=30,start_thres=1.25",hub,0.25,50,7,40,1730,28,1,12,1729,0.7,0.0005780346820809,0.9655172413793104,0.0344827586206896,7.644266505133022
tfnbs,"e=1.3,h=0.5,n=30,start_thres=1.25",hub,0.25,50,7,40,1730,29,1,11,1729,0.725,0.0005780346820809,0.9666666666666668,0.0333333333333333,7.644266505133022
tfnbs,"e=1.3,h=1.0,n=30,start_thres=1.25",hub,0.25,50,7,40,1730,31,4,9,1726,0.775,0.0023121387283236,0.8857142857142857,0.1142857142857142,7.644266505133022
tfnbs,"e=1.3,h=2.0,n=30,start_thres=1.25",hub,0.25,50,7,40,1730,31,4,9,1726,0.775,0.0023121387283236,0.8857142857142857,0.1142857142857142,7.644266505133022
tfnbs,"e=1.3,h=3.0,n=30,start_thres=1.25",hub,0.25,50,7,40,1730,31,4,9,1726,0.775,0.0023121387283236,0.8857142857142857,0.1142857142857142,7.644266505133022
tfnbs,"e=1.3,h=4.0,n=30,start_thres=1.25",hub,0.25,50,7,40,1730,33,4,7,1726,0.825,0.0023121387283236,0.8918918918918919,0.1081081081081081,7.644266505133022
tfnbs,"e=1.3,h=5.0,n=30,start_thres=1.25",hub,0.25,50,7,40,1730,33,4,7,1726,0.825,0.0023121387283236,0.8918918918918919,0.1081081081081081,7.644266505133022
tfnbs,"e=1.3,h=6.0,n=30,start_thres=1.25",hub,0.25,50,7,40,1730,31,4,9,1726,0.775,0.0023121387283236,0.8857142857142857,0.1142857142857142,7.644266505133022
tfnbs,"e=1.3,h=7.0,n=30,start_thres=1.25",hub,0.25,50,7,40,1730,31,4,9,1726,0.775,0.0023121387283236,0.8857142857142857,0.1142857142857142,7.644266505133022
tfnbs,"e=1.3,h=8.0,n=30,start_thres=1.25",hub,0.25,50,7,40,1730,31,4,9,1726,0.775,0.0023121387283236,0.8857142857142857,0.1142857142857142,7.644266505133022
tfnbs,"e=1.3,h=9.0,n=30,start_thres=1.25",hub,0.25,50,7,40,1730,29,1,11,1729,0.725,0.0005780346820809,0.9666666666666668,0.0333333333333333,7.644266505133022
tfnbs,"e=1.3,h=10.0,n=30,start_thres=1.25",hub,0.25,50,7,40,1730,28,1,12,1729,0.7,0.0005780346820809,0.9655172413793104,0.0344827586206896,7.644266505133022
tfnbs,"e=1.4,h=0.5,n=30,start_thres=1.25",hub,0.25,50,7,40,1730,29,1,11,1729,0.725,0.0005780346820809,0.9666666666666668,0.0333333333333333,7.644266505133022
tfnbs,"e=1.4,h=1.0,n=30,start_thres=1.25",hub,0.25,50,7,40,1730,29,1,11,1729,0.725,0.0005780346820809,0.9666666666666668,0.0333333333333333,7.644266505133022
tfnbs,"e=1.4,h=2.0,n=30,start_thres=1.25",hub,0.25,50,7,40,1730,31,4,9,1726,0.775,0.0023121387283236,0.8857142857142857,0.1142857142857142,7.644266505133022
tfnbs,"e=1.4,h=3.0,n=30,start_thres=1.25",hub,0.25,50,7,40,1730,33,4,7,1726,0.825,0.0023121387283236,0.8918918918918919,0.1081081081081081,7.644266505133022
tfnbs,"e=1.4,h=4.0,n=30,start_thres=1.25",hub,0.25,50,7,40,1730,33,4,7,1726,0.825,0.0023121387283236,0.8918918918918919,0.1081081081081081,7.644266505133022
tfnbs,"e=1.4,h=5.0,n=30,start_thres=1.25",hub,0.25,50,7,40,1730,33,4,7,1726,0.825,0.0023121387283236,0.8918918918918919,0.1081081081081081,7.644266505133022
tfnbs,"e=1.4,h=6.0,n=30,start_thres=1.25",hub,0.25,50,7,40,1730,33,4,7,1726,0.825,0.0023121387283236,0.8918918918918919,0.1081081081081081,7.644266505133022
tfnbs,"e=1.4,h=7.0,n=30,start_thres=1.25",hub,0.25,50,7,40,1730,33,4,7,1726,0.825,0.0023121387283236,0.8918918918918919,0.1081081081081081,7.644266505133022
tfnbs,"e=1.4,h=8.0,n=30,start_thres=1.25",hub,0.25,50,7,40,1730,31,4,9,1726,0.775,0.0023121387283236,0.8857142857142857,0.1142857142857142,7.644266505133022
tfnbs,"e=1.4,h=9.0,n=30,start_thres=1.25",hub,0.25,50,7,40,1730,31,4,9,1726,0.775,0.0023121387283236,0.8857142857142857,0.1142857142857142,7.644266505133022
tfnbs,"e=1.4,h=10.0,n=30,start_thres=1.25",hub,0.25,50,7,40,1730,29,1,11,1729,0.725,0.0005780346820809,0.9666666666666668,0.0333333333333333,7.644266505133022
tfnbs,"e=1.5,h=0.5,n=30,start_thres=1.25",hub,0.25,50,7,40,1730,28,1,12,1729,0.7,0.0005780346820809,0.9655172413793104,0.0344827586206896,7.644266505133022
tfnbs,"e=1.5,h=1.0,n=30,start_thres=1.25",hub,0.25,50,7,40,1730,29,1,11,1729,0.725,0.0005780346820809,0.9666666666666668,0.0333333333333333,7.644266505133022
tfnbs,"e=1.5,h=2.0,n=30,start_thres=1.25",hub,0.25,50,7,40,1730,31,4,9,1726,0.775,0.0023121387283236,0.8857142857142857,0.1142857142857142,7.644266505133022
tfnbs,"e=1.5,h=3.0,n=30,start_thres=1.25",hub,0.25,50,7,40,1730,31,4,9,1726,0.775,0.0023121387283236,0.8857142857142857,0.1142857142857142,7.644266505133022
tfnbs,"e=1.5,h=4.0,n=30,start_thres=1.25",hub,0.25,50,7,40,1730,33,4,7,1726,0.825,0.0023121387283236,0.8918918918918919,0.1081081081081081,7.644266505133022
tfnbs,"e=1.5,h=5.0,n=30,start_thres=1.25",hub,0.25,50,7,40,1730,33,4,7,1726,0.825,0.0023121387283236,0.8918918918918919,0.1081081081081081,7.644266505133022
tfnbs,"e=1.5,h=6.0,n=30,start_thres=1.25",hub,0.25,50,7,40,1730,33,4,7,1726,0.825,0.0023121387283236,0.8918918918918919,0.1081081081081081,7.644266505133022
tfnbs,"e=1.5,h=7.0,n=30,start_thres=1.25",hub,0.25,50,7,40,1730,33,4,7,1726,0.825,0.0023121387283236,0.8918918918918919,0.1081081081081081,7.644266505133022
tfnbs,"e=1.5,h=8.0,n=30,start_thres=1.25",hub,0.25,50,7,40,1730,31,4,9,1726,0.775,0.0023121387283236,0.8857142857142857,0.1142857142857142,7.644266505133022
tfnbs,"e=1.5,h=9.0,n=30,start_thres=1.25",hub,0.25,50,7,40,1730,31,4,9,1726,0.775,0.0023121387283236,0.8857142857142857,0.1142857142857142,7.644266505133022
tfnbs,"e=1.5,h=10.0,n=30,start_thres=1.25",hub,0.25,50,7,40,1730,31,4,9,1726,0.775,0.0023121387283236,0.8857142857142857,0.1142857142857142,7.644266505133022
nbs_intensity,threshold=1.0,hub,0.25,50,5,40,1730,40,335,0,1395,1.0,0.1936416184971098,0.1066666666666666,0.8933333333333333,7.401364326477051
nbs_intensity,threshold=1.0,hub,0.25,50,3,40,1730,0,0,40,1730,0.0,0.0,0.0,0.0,8.786502599716187
nbs_intensity,threshold=1.0,hub,0.25,50,2,40,1730,0,0,40,1730,0.0,0.0,0.0,0.0,9.087138175964355
nbs_intensity,threshold=1.0,hub,0.25,50,4,40,1730,0,0,40,1730,0.0,0.0,0.0,0.0,8.164251804351807
nbs_intensity,threshold=1.0,hub,0.25,50,6,40,1730,0,0,40,1730,0.0,0.0,0.0,0.0,7.510324239730835
nbs_intensity,threshold=1.0,hub,0.25,50,7,40,1730,0,0,40,1730,0.0,0.0,0.0,0.0,9.04960870742798
nbs_intensity,threshold=1.0,hub,0.25,50,8,40,1730,0,0,40,1730,0.0,0.0,0.0,0.0,7.809321165084839
nbs_intensity,threshold=1.0,hub,0.25,50,9,40,1730,0,0,40,1730,0.0,0.0,0.0,0.0,8.462382793426514
tfnbs,"e=0.05,h=0.5,n=30,start_thres=1.25",hub,0.25,50,10,40,1730,5,0,35,1730,0.125,0.0,1.0,0.0,7.62028985673731
tfnbs,"e=0.05,h=1.0,n=30,start_thres=1.25",hub,0.25,50,10,40,1730,4,0,36,1730,0.1,0.0,1.0,0.0,7.62028985673731
tfnbs,"e=0.05,h=2.0,n=30,start_thres=1.25",hub,0.25,50,10,40,1730,4,0,36,1730,0.1,0.0,1.0,0.0,7.62028985673731
tfnbs,"e=0.05,h=3.0,n=30,start_thres=1.25",hub,0.25,50,10,40,1730,4,0,36,1730,0.1,0.0,1.0,0.0,7.62028985673731
tfnbs,"e=0.05,h=4.0,n=30,start_thres=1.25",hub,0.25,50,10,40,1730,4,0,36,1730,0.1,0.0,1.0,0.0,7.62028985673731
tfnbs,"e=0.05,h=5.0,n=30,start_thres=1.25",hub,0.25,50,10,40,1730,4,0,36,1730,0.1,0.0,1.0,0.0,7.62028985673731
tfnbs,"e=0.05,h=6.0,n=30,start_thres=1.25",hub,0.25,50,10,40,1730,4,0,36,1730,0.1,0.0,1.0,0.0,7.62028985673731
tfnbs,"e=0.05,h=7.0,n=30,start_thres=1.25",hub,0.25,50,10,40,1730,4,0,36,1730,0.1,0.0,1.0,0.0,7.62028985673731
tfnbs,"e=0.05,h=8.0,n=30,start_thres=1.25",hub,0.25,50,10,40,1730,3,0,37,1730,0.075,0.0,1.0,0.0,7.62028985673731
tfnbs,"e=0.05,h=9.0,n=30,start_thres=1.25",hub,0.25,50,10,40,1730,3,0,37,1730,0.075,0.0,1.0,0.0,7.62028985673731
tfnbs,"e=0.05,h=10.0,n=30,start_thres=1.25",hub,0.25,50,10,40,1730,3,0,37,1730,0.075,0.0,1.0,0.0,7.62028985673731
tfnbs,"e=0.1,h=0.5,n=30,start_thres=1.25",hub,0.25,50,10,40,1730,8,0,32,1730,0.2,0.0,1.0,0.0,7.62028985673731
tfnbs,"e=0.1,h=1.0,n=30,start_thres=1.25",hub,0.25,50,10,40,1730,8,0,32,1730,0.2,0.0,1.0,0.0,7.62028985673731
tfnbs,"e=0.1,h=2.0,n=30,start_thres=1.25",hub,0.25,50,10,40,1730,5,0,35,1730,0.125,0.0,1.0,0.0,7.62028985673731
tfnbs,"e=0.1,h=3.0,n=30,start_thres=1.25",hub,0.25,50,10,40,1730,5,0,35,1730,0.125,0.0,1.0,0.0,7.62028985673731
tfnbs,"e=0.1,h=4.0,n=30,start_thres=1.25",hub,0.25,50,10,40,1730,5,0,35,1730,0.125,0.0,1.0,0.0,7.62028985673731
tfnbs,"e=0.1,h=5.0,n=30,start_thres=1.25",hub,0.25,50,10,40,1730,4,0,36,1730,0.1,0.0,1.0,0.0,7.62028985673731
tfnbs,"e=0.1,h=6.0,n=30,start_thres=1.25",hub,0.25,50,10,40,1730,4,0,36,1730,0.1,0.0,1.0,0.0,7.62028985673731
tfnbs,"e=0.1,h=7.0,n=30,start_thres=1.25",hub,0.25,50,10,40,1730,4,0,36,1730,0.1,0.0,1.0,0.0,7.62028985673731
tfnbs,"e=0.1,h=8.0,n=30,start_thres=1.25",hub,0.25,50,10,40,1730,4,0,36,1730,0.1,0.0,1.0,0.0,7.62028985673731
tfnbs,"e=0.1,h=9.0,n=30,start_thres=1.25",hub,0.25,50,10,40,1730,4,0,36,1730,0.1,0.0,1.0,0.0,7.62028985673731
tfnbs,"e=0.1,h=10.0,n=30,start_thres=1.25",hub,0.25,50,10,40,1730,4,0,36,1730,0.1,0.0,1.0,0.0,7.62028985673731
tfnbs,"e=0.2,h=0.5,n=30,start_thres=1.25",hub,0.25,50,10,40,1730,13,1,27,1729,0.325,0.0005780346820809,0.9285714285714286,0.0714285714285714,7.62028985673731
tfnbs,"e=0.2,h=1.0,n=30,start_thres=1.25",hub,0.25,50,10,40,1730,10,0,30,1730,0.25,0.0,1.0,0.0,7.62028985673731
tfnbs,"e=0.2,h=2.0,n=30,start_thres=1.25",hub,0.25,50,10,40,1730,10,0,30,1730,0.25,0.0,1.0,0.0,7.62028985673731
tfnbs,"e=0.2,h=3.0,n=30,start_thres=1.25",hub,0.25,50,10,40,1730,8,0,32,1730,0.2,0.0,1.0,0.0,7.62028985673731
tfnbs,"e=0.2,h=4.0,n=30,start_thres=1.25",hub,0.25,50,10,40,1730,8,0,32,1730,0.2,0.0,1.0,0.0,7.62028985673731
tfnbs,"e=0.2,h=5.0,n=30,start_thres=1.25",hub,0.25,50,10,40,1730,8,0,32,1730,0.2,0.0,1.0,0.0,7.62028985673731
tfnbs,"e=0.2,h=6.0,n=30,start_thres=1.25",hub,0.25,50,10,40,1730,5,0,35,1730,0.125,0.0,1.0,0.0,7.62028985673731
tfnbs,"e=0.2,h=7.0,n=30,start_thres=1.25",hub,0.25,50,10,40,1730,5,0,35,1730,0.125,0.0,1.0,0.0,7.62028985673731
tfnbs,"e=0.2,h=8.0,n=30,start_thres=1.25",hub,0.25,50,10,40,1730,5,0,35,1730,0.125,0.0,1.0,0.0,7.62028985673731
tfnbs,"e=0.2,h=9.0,n=30,start_thres=1.25",hub,0.25,50,10,40,1730,5,0,35,1730,0.125,0.0,1.0,0.0,7.62028985673731
tfnbs,"e=0.2,h=10.0,n=30,start_thres=1.25",hub,0.25,50,10,40,1730,4,0,36,1730,0.1,0.0,1.0,0.0,7.62028985673731
tfnbs,"e=0.3,h=0.5,n=30,start_thres=1.25",hub,0.25,50,10,40,1730,18,1,22,1729,0.45,0.0005780346820809,0.9473684210526316,0.0526315789473684,7.62028985673731
tfnbs,"e=0.3,h=1.0,n=30,start_thres=1.25",hub,0.25,50,10,40,1730,15,1,25,1729,0.375,0.0005780346820809,0.9375,0.0625,7.62028985673731
tfnbs,"e=0.3,h=2.0,n=30,start_thres=1.25",hub,0.25,50,10,40,1730,13,1,27,1729,0.325,0.0005780346820809,0.9285714285714286,0.0714285714285714,7.62028985673731
tfnbs,"e=0.3,h=3.0,n=30,start_thres=1.25",hub,0.25,50,10,40,1730,13,1,27,1729,0.325,0.0005780346820809,0.9285714285714286,0.0714285714285714,7.62028985673731
tfnbs,"e=0.3,h=4.0,n=30,start_thres=1.25",hub,0.25,50,10,40,1730,10,0,30,1730,0.25,0.0,1.0,0.0,7.62028985673731
tfnbs,"e=0.3,h=5.0,n=30,start_thres=1.25",hub,0.25,50,10,40,1730,8,0,32,1730,0.2,0.0,1.0,0.0,7.62028985673731
tfnbs,"e=0.3,h=6.0,n=30,start_thres=1.25",hub,0.25,50,10,40,1730,8,0,32,1730,0.2,0.0,1.0,0.0,7.62028985673731
tfnbs,"e=0.3,h=7.0,n=30,start_thres=1.25",hub,0.25,50,10,40,1730,8,0,32,1730,0.2,0.0,1.0,0.0,7.62028985673731
tfnbs,"e=0.3,h=8.0,n=30,start_thres=1.25",hub,0.25,50,10,40,1730,8,0,32,1730,0.2,0.0,1.0,0.0,7.62028985673731
tfnbs,"e=0.3,h=9.0,n=30,start_thres=1.25",hub,0.25,50,10,40,1730,5,0,35,1730,0.125,0.0,1.0,0.0,7.62028985673731
tfnbs,"e=0.3,h=10.0,n=30,start_thres=1.25",hub,0.25,50,10,40,1730,5,0,35,1730,0.125,0.0,1.0,0.0,7.62028985673731
tfnbs,"e=0.4,h=0.5,n=30,start_thres=1.25",hub,0.25,50,10,40,1730,18,1,22,1729,0.45,0.0005780346820809,0.9473684210526316,0.0526315789473684,7.62028985673731
tfnbs,"e=0.4,h=1.0,n=30,start_thres=1.25",hub,0.25,50,10,40,1730,18,1,22,1729,0.45,0.0005780346820809,0.9473684210526316,0.0526315789473684,7.62028985673731
tfnbs,"e=0.4,h=2.0,n=30,start_thres=1.25",hub,0.25,50,10,40,1730,18,1,22,1729,0.45,0.0005780346820809,0.9473684210526316,0.0526315789473684,7.62028985673731
tfnbs,"e=0.4,h=3.0,n=30,start_thres=1.25",hub,0.25,50,10,40,1730,15,1,25,1729,0.375,0.0005780346820809,0.9375,0.0625,7.62028985673731
tfnbs,"e=0.4,h=4.0,n=30,start_thres=1.25",hub,0.25,50,10,40,1730,13,1,27,1729,0.325,0.0005780346820809,0.9285714285714286,0.0714285714285714,7.62028985673731
tfnbs,"e=0.4,h=5.0,n=30,start_thres=1.25",hub,0.25,50,10,40,1730,13,0,27,1730,0.325,0.0,1.0,0.0,7.62028985673731
tfnbs,"e=0.4,h=6.0,n=30,start_thres=1.25",hub,0.25,50,10,40,1730,10,0,30,1730,0.25,0.0,1.0,0.0,7.62028985673731
tfnbs,"e=0.4,h=7.0,n=30,start_thres=1.25",hub,0.25,50,10,40,1730,8,0,32,1730,0.2,0.0,1.0,0.0,7.62028985673731
tfnbs,"e=0.4,h=8.0,n=30,start_thres=1.25",hub,0.25,50,10,40,1730,8,0,32,1730,0.2,0.0,1.0,0.0,7.62028985673731
tfnbs,"e=0.4,h=9.0,n=30,start_thres=1.25",hub,0.25,50,10,40,1730,8,0,32,1730,0.2,0.0,1.0,0.0,7.62028985673731
tfnbs,"e=0.4,h=10.0,n=30,start_thres=1.25",hub,0.25,50,10,40,1730,8,0,32,1730,0.2,0.0,1.0,0.0,7.62028985673731
tfnbs,"e=0.5,h=0.5,n=30,start_thres=1.25",hub,0.25,50,10,40,1730,19,2,21,1728,0.475,0.0011560693641618,0.9047619047619048,0.0952380952380952,7.62028985673731
tfnbs,"e=0.5,h=1.0,n=30,start_thres=1.25",hub,0.25,50,10,40,1730,19,2,21,1728,0.475,0.0011560693641618,0.9047619047619048,0.0952380952380952,7.62028985673731
tfnbs,"e=0.5,h=2.0,n=30,start_thres=1.25",hub,0.25,50,10,40,1730,18,1,22,1729,0.45,0.0005780346820809,0.9473684210526316,0.0526315789473684,7.62028985673731
tfnbs,"e=0.5,h=3.0,n=30,start_thres=1.25",hub,0.25,50,10,40,1730,18,1,22,1729,0.45,0.0005780346820809,0.9473684210526316,0.0526315789473684,7.62028985673731
tfnbs,"e=0.5,h=4.0,n=30,start_thres=1.25",hub,0.25,50,10,40,1730,18,1,22,1729,0.45,0.0005780346820809,0.9473684210526316,0.0526315789473684,7.62028985673731
tfnbs,"e=0.5,h=5.0,n=30,start_thres=1.25",hub,0.25,50,10,40,1730,15,1,25,1729,0.375,0.0005780346820809,0.9375,0.0625,7.62028985673731
tfnbs,"e=0.5,h=6.0,n=30,start_thres=1.25",hub,0.25,50,10,40,1730,13,1,27,1729,0.325,0.0005780346820809,0.9285714285714286,0.0714285714285714,7.62028985673731
tfnbs,"e=0.5,h=7.0,n=30,start_thres=1.25",hub,0.25,50,10,40,1730,10,0,30,1730,0.25,0.0,1.0,0.0,7.62028985673731
tfnbs,"e=0.5,h=8.0,n=30,start_thres=1.25",hub,0.25,50,10,40,1730,10,0,30,1730,0.25,0.0,1.0,0.0,7.62028985673731
tfnbs,"e=0.5,h=9.0,n=30,start_thres=1.25",hub,0.25,50,10,40,1730,8,0,32,1730,0.2,0.0,1.0,0.0,7.62028985673731
tfnbs,"e=0.5,h=10.0,n=30,start_thres=1.25",hub,0.25,50,10,40,1730,8,0,32,1730,0.2,0.0,1.0,0.0,7.62028985673731
tfnbs,"e=0.6,h=0.5,n=30,start_thres=1.25",hub,0.25,50,10,40,1730,24,2,16,1728,0.6,0.0011560693641618,0.9230769230769232,0.0769230769230769,7.62028985673731
tfnbs,"e=0.6,h=1.0,n=30,start_thres=1.25",hub,0.25,50,10,40,1730,24,2,16,1728,0.6,0.0011560693641618,0.9230769230769232,0.0769230769230769,7.62028985673731
tfnbs,"e=0.6,h=2.0,n=30,start_thres=1.25",hub,0.25,50,10,40,1730,24,2,16,1728,0.6,0.0011560693641618,0.9230769230769232,0.0769230769230769,7.62028985673731
tfnbs,"e=0.6,h=3.0,n=30,start_thres=1.25",hub,0.25,50,10,40,1730,19,2,21,1728,0.475,0.0011560693641618,0.9047619047619048,0.0952380952380952,7.62028985673731
tfnbs,"e=0.6,h=4.0,n=30,start_thres=1.25",hub,0.25,50,10,40,1730,18,1,22,1729,0.45,0.0005780346820809,0.9473684210526316,0.0526315789473684,7.62028985673731
tfnbs,"e=0.6,h=5.0,n=30,start_thres=1.25",hub,0.25,50,10,40,1730,18,1,22,1729,0.45,0.0005780346820809,0.9473684210526316,0.0526315789473684,7.62028985673731
tfnbs,"e=0.6,h=6.0,n=30,start_thres=1.25",hub,0.25,50,10,40,1730,15,1,25,1729,0.375,0.0005780346820809,0.9375,0.0625,7.62028985673731
tfnbs,"e=0.6,h=7.0,n=30,start_thres=1.25",hub,0.25,50,10,40,1730,13,1,27,1729,0.325,0.0005780346820809,0.9285714285714286,0.0714285714285714,7.62028985673731
tfnbs,"e=0.6,h=8.0,n=30,start_thres=1.25",hub,0.25,50,10,40,1730,13,0,27,1730,0.325,0.0,1.0,0.0,7.62028985673731
tfnbs,"e=0.6,h=9.0,n=30,start_thres=1.25",hub,0.25,50,10,40,1730,10,0,30,1730,0.25,0.0,1.0,0.0,7.62028985673731
tfnbs,"e=0.6,h=10.0,n=30,start_thres=1.25",hub,0.25,50,10,40,1730,8,0,32,1730,0.2,0.0,1.0,0.0,7.62028985673731
tfnbs,"e=0.7,h=0.5,n=30,start_thres=1.25",hub,0.25,50,10,40,1730,24,2,16,1728,0.6,0.0011560693641618,0.9230769230769232,0.0769230769230769,7.62028985673731
tfnbs,"e=0.7,h=1.0,n=30,start_thres=1.25",hub,0.25,50,10,40,1730,24,2,16,1728,0.6,0.0011560693641618,0.9230769230769232,0.0769230769230769,7.62028985673731
tfnbs,"e=0.7,h=2.0,n=30,start_thres=1.25",hub,0.25,50,10,40,1730,24,2,16,1728,0.6,0.0011560693641618,0.9230769230769232,0.0769230769230769,7.62028985673731
tfnbs,"e=0.7,h=3.0,n=30,start_thres=1.25",hub,0.25,50,10,40,1730,24,2,16,1728,0.6,0.0011560693641618,0.9230769230769232,0.0769230769230769,7.62028985673731
tfnbs,"e=0.7,h=4.0,n=30,start_thres=1.25",hub,0.25,50,10,40,1730,19,2,21,1728,0.475,0.0011560693641618,0.9047619047619048,0.0952380952380952,7.62028985673731
tfnbs,"e=0.7,h=5.0,n=30,start_thres=1.25",hub,0.25,50,10,40,1730,18,1,22,1729,0.45,0.0005780346820809,0.9473684210526316,0.0526315789473684,7.62028985673731
tfnbs,"e=0.7,h=6.0,n=30,start_thres=1.25",hub,0.25,50,10,40,1730,18,1,22,1729,0.45,0.0005780346820809,0.9473684210526316,0.0526315789473684,7.62028985673731
tfnbs,"e=0.7,h=7.0,n=30,start_thres=1.25",hub,0.25,50,10,40,1730,18,1,22,1729,0.45,0.0005780346820809,0.9473684210526316,0.0526315789473684,7.62028985673731
tfnbs,"e=0.7,h=8.0,n=30,start_thres=1.25",hub,0.25,50,10,40,1730,15,1,25,1729,0.375,0.0005780346820809,0.9375,0.0625,7.62028985673731
tfnbs,"e=0.7,h=9.0,n=30,start_thres=1.25",hub,0.25,50,10,40,1730,13,0,27,1730,0.325,0.0,1.0,0.0,7.62028985673731
tfnbs,"e=0.7,h=10.0,n=30,start_thres=1.25",hub,0.25,50,10,40,1730,10,0,30,1730,0.25,0.0,1.0,0.0,7.62028985673731
tfnbs,"e=0.8,h=0.5,n=30,start_thres=1.25",hub,0.25,50,10,40,1730,24,2,16,1728,0.6,0.0011560693641618,0.9230769230769232,0.0769230769230769,7.62028985673731
tfnbs,"e=0.8,h=1.0,n=30,start_thres=1.25",hub,0.25,50,10,40,1730,25,4,15,1726,0.625,0.0023121387283236,0.8620689655172413,0.1379310344827586,7.62028985673731
tfnbs,"e=0.8,h=2.0,n=30,start_thres=1.25",hub,0.25,50,10,40,1730,25,4,15,1726,0.625,0.0023121387283236,0.8620689655172413,0.1379310344827586,7.62028985673731
tfnbs,"e=0.8,h=3.0,n=30,start_thres=1.25",hub,0.25,50,10,40,1730,25,4,15,1726,0.625,0.0023121387283236,0.8620689655172413,0.1379310344827586,7.62028985673731
tfnbs,"e=0.8,h=4.0,n=30,start_thres=1.25",hub,0.25,50,10,40,1730,24,2,16,1728,0.6,0.0011560693641618,0.9230769230769232,0.0769230769230769,7.62028985673731
tfnbs,"e=0.8,h=5.0,n=30,start_thres=1.25",hub,0.25,50,10,40,1730,19,2,21,1728,0.475,0.0011560693641618,0.9047619047619048,0.0952380952380952,7.62028985673731
tfnbs,"e=0.8,h=6.0,n=30,start_thres=1.25",hub,0.25,50,10,40,1730,18,1,22,1729,0.45,0.0005780346820809,0.9473684210526316,0.0526315789473684,7.62028985673731
tfnbs,"e=0.8,h=7.0,n=30,start_thres=1.25",hub,0.25,50,10,40,1730,18,1,22,1729,0.45,0.0005780346820809,0.9473684210526316,0.0526315789473684,7.62028985673731
tfnbs,"e=0.8,h=8.0,n=30,start_thres=1.25",hub,0.25,50,10,40,1730,18,1,22,1729,0.45,0.0005780346820809,0.9473684210526316,0.0526315789473684,7.62028985673731
tfnbs,"e=0.8,h=9.0,n=30,start_thres=1.25",hub,0.25,50,10,40,1730,15,1,25,1729,0.375,0.0005780346820809,0.9375,0.0625,7.62028985673731
tfnbs,"e=0.8,h=10.0,n=30,start_thres=1.25",hub,0.25,50,10,40,1730,13,1,27,1729,0.325,0.0005780346820809,0.9285714285714286,0.0714285714285714,7.62028985673731
tfnbs,"e=0.9,h=0.5,n=30,start_thres=1.25",hub,0.25,50,10,40,1730,24,2,16,1728,0.6,0.0011560693641618,0.9230769230769232,0.0769230769230769,7.62028985673731
tfnbs,"e=0.9,h=1.0,n=30,start_thres=1.25",hub,0.25,50,10,40,1730,25,4,15,1726,0.625,0.0023121387283236,0.8620689655172413,0.1379310344827586,7.62028985673731
tfnbs,"e=0.9,h=2.0,n=30,start_thres=1.25",hub,0.25,50,10,40,1730,25,4,15,1726,0.625,0.0023121387283236,0.8620689655172413,0.1379310344827586,7.62028985673731
tfnbs,"e=0.9,h=3.0,n=30,start_thres=1.25",hub,0.25,50,10,40,1730,25,4,15,1726,0.625,0.0023121387283236,0.8620689655172413,0.1379310344827586,7.62028985673731
tfnbs,"e=0.9,h=4.0,n=30,start_thres=1.25",hub,0.25,50,10,40,1730,25,4,15,1726,0.625,0.0023121387283236,0.8620689655172413,0.1379310344827586,7.62028985673731
tfnbs,"e=0.9,h=5.0,n=30,start_thres=1.25",hub,0.25,50,10,40,1730,24,2,16,1728,0.6,0.0011560693641618,0.9230769230769232,0.0769230769230769,7.62028985673731
tfnbs,"e=0.9,h=6.0,n=30,start_thres=1.25",hub,0.25,50,10,40,1730,19,2,21,1728,0.475,0.0011560693641618,0.9047619047619048,0.0952380952380952,7.62028985673731
tfnbs,"e=0.9,h=7.0,n=30,start_thres=1.25",hub,0.25,50,10,40,1730,19,2,21,1728,0.475,0.0011560693641618,0.9047619047619048,0.0952380952380952,7.62028985673731
tfnbs,"e=0.9,h=8.0,n=30,start_thres=1.25",hub,0.25,50,10,40,1730,18,1,22,1729,0.45,0.0005780346820809,0.9473684210526316,0.0526315789473684,7.62028985673731
tfnbs,"e=0.9,h=9.0,n=30,start_thres=1.25",hub,0.25,50,10,40,1730,18,1,22,1729,0.45,0.0005780346820809,0.9473684210526316,0.0526315789473684,7.62028985673731
tfnbs,"e=0.9,h=10.0,n=30,start_thres=1.25",hub,0.25,50,10,40,1730,15,1,25,1729,0.375,0.0005780346820809,0.9375,0.0625,7.62028985673731
tfnbs,"e=1.0,h=0.5,n=30,start_thres=1.25",hub,0.25,50,10,40,1730,24,2,16,1728,0.6,0.0011560693641618,0.9230769230769232,0.0769230769230769,7.62028985673731
tfnbs,"e=1.0,h=1.0,n=30,start_thres=1.25",hub,0.25,50,10,40,1730,25,4,15,1726,0.625,0.0023121387283236,0.8620689655172413,0.1379310344827586,7.62028985673731
tfnbs,"e=1.0,h=2.0,n=30,start_thres=1.25",hub,0.25,50,10,40,1730,25,4,15,1726,0.625,0.0023121387283236,0.8620689655172413,0.1379310344827586,7.62028985673731
tfnbs,"e=1.0,h=3.0,n=30,start_thres=1.25",hub,0.25,50,10,40,1730,25,4,15,1726,0.625,0.0023121387283236,0.8620689655172413,0.1379310344827586,7.62028985673731
tfnbs,"e=1.0,h=4.0,n=30,start_thres=1.25",hub,0.25,50,10,40,1730,25,4,15,1726,0.625,0.0023121387283236,0.8620689655172413,0.1379310344827586,7.62028985673731
tfnbs,"e=1.0,h=5.0,n=30,start_thres=1.25",hub,0.25,50,10,40,1730,25,4,15,1726,0.625,0.0023121387283236,0.8620689655172413,0.1379310344827586,7.62028985673731
tfnbs,"e=1.0,h=6.0,n=30,start_thres=1.25",hub,0.25,50,10,40,1730,24,2,16,1728,0.6,0.0011560693641618,0.9230769230769232,0.0769230769230769,7.62028985673731
tfnbs,"e=1.0,h=7.0,n=30,start_thres=1.25",hub,0.25,50,10,40,1730,24,2,16,1728,0.6,0.0011560693641618,0.9230769230769232,0.0769230769230769,7.62028985673731
tfnbs,"e=1.0,h=8.0,n=30,start_thres=1.25",hub,0.25,50,10,40,1730,19,2,21,1728,0.475,0.0011560693641618,0.9047619047619048,0.0952380952380952,7.62028985673731
tfnbs,"e=1.0,h=9.0,n=30,start_thres=1.25",hub,0.25,50,10,40,1730,18,1,22,1729,0.45,0.0005780346820809,0.9473684210526316,0.0526315789473684,7.62028985673731
tfnbs,"e=1.0,h=10.0,n=30,start_thres=1.25",hub,0.25,50,10,40,1730,18,1,22,1729,0.45,0.0005780346820809,0.9473684210526316,0.0526315789473684,7.62028985673731
tfnbs,"e=1.1,h=0.5,n=30,start_thres=1.25",hub,0.25,50,10,40,1730,24,2,16,1728,0.6,0.0011560693641618,0.9230769230769232,0.0769230769230769,7.62028985673731
tfnbs,"e=1.1,h=1.0,n=30,start_thres=1.25",hub,0.25,50,10,40,1730,25,4,15,1726,0.625,0.0023121387283236,0.8620689655172413,0.1379310344827586,7.62028985673731
tfnbs,"e=1.1,h=2.0,n=30,start_thres=1.25",hub,0.25,50,10,40,1730,25,4,15,1726,0.625,0.0023121387283236,0.8620689655172413,0.1379310344827586,7.62028985673731
tfnbs,"e=1.1,h=3.0,n=30,start_thres=1.25",hub,0.25,50,10,40,1730,25,7,15,1723,0.625,0.0040462427745664,0.78125,0.21875,7.62028985673731
tfnbs,"e=1.1,h=4.0,n=30,start_thres=1.25",hub,0.25,50,10,40,1730,25,7,15,1723,0.625,0.0040462427745664,0.78125,0.21875,7.62028985673731
tfnbs,"e=1.1,h=5.0,n=30,start_thres=1.25",hub,0.25,50,10,40,1730,25,4,15,1726,0.625,0.0023121387283236,0.8620689655172413,0.1379310344827586,7.62028985673731
tfnbs,"e=1.1,h=6.0,n=30,start_thres=1.25",hub,0.25,50,10,40,1730,25,4,15,1726,0.625,0.0023121387283236,0.8620689655172413,0.1379310344827586,7.62028985673731
tfnbs,"e=1.1,h=7.0,n=30,start_thres=1.25",hub,0.25,50,10,40,1730,24,2,16,1728,0.6,0.0011560693641618,0.9230769230769232,0.0769230769230769,7.62028985673731
tfnbs,"e=1.1,h=8.0,n=30,start_thres=1.25",hub,0.25,50,10,40,1730,24,2,16,1728,0.6,0.0011560693641618,0.9230769230769232,0.0769230769230769,7.62028985673731
tfnbs,"e=1.1,h=9.0,n=30,start_thres=1.25",hub,0.25,50,10,40,1730,19,2,21,1728,0.475,0.0011560693641618,0.9047619047619048,0.0952380952380952,7.62028985673731
tfnbs,"e=1.1,h=10.0,n=30,start_thres=1.25",hub,0.25,50,10,40,1730,18,1,22,1729,0.45,0.0005780346820809,0.9473684210526316,0.0526315789473684,7.62028985673731
tfnbs,"e=1.2,h=0.5,n=30,start_thres=1.25",hub,0.25,50,10,40,1730,24,2,16,1728,0.6,0.0011560693641618,0.9230769230769232,0.0769230769230769,7.62028985673731
tfnbs,"e=1.2,h=1.0,n=30,start_thres=1.25",hub,0.25,50,10,40,1730,25,4,15,1726,0.625,0.0023121387283236,0.8620689655172413,0.1379310344827586,7.62028985673731
tfnbs,"e=1.2,h=2.0,n=30,start_thres=1.25",hub,0.25,50,10,40,1730,25,4,15,1726,0.625,0.0023121387283236,0.8620689655172413,0.1379310344827586,7.62028985673731
tfnbs,"e=1.2,h=3.0,n=30,start_thres=1.25",hub,0.25,50,10,40,1730,25,7,15,1723,0.625,0.0040462427745664,0.78125,0.21875,7.62028985673731
tfnbs,"e=1.2,h=4.0,n=30,start_thres=1.25",hub,0.25,50,10,40,1730,25,7,15,1723,0.625,0.0040462427745664,0.78125,0.21875,7.62028985673731
tfnbs,"e=1.2,h=5.0,n=30,start_thres=1.25",hub,0.25,50,10,40,1730,25,7,15,1723,0.625,0.0040462427745664,0.78125,0.21875,7.62028985673731
tfnbs,"e=1.2,h=6.0,n=30,start_thres=1.25",hub,0.25,50,10,40,1730,25,7,15,1723,0.625,0.0040462427745664,0.78125,0.21875,7.62028985673731
tfnbs,"e=1.2,h=7.0,n=30,start_thres=1.25",hub,0.25,50,10,40,1730,25,4,15,1726,0.625,0.0023121387283236,0.8620689655172413,0.1379310344827586,7.62028985673731
tfnbs,"e=1.2,h=8.0,n=30,start_thres=1.25",hub,0.25,50,10,40,1730,24,2,16,1728,0.6,0.0011560693641618,0.9230769230769232,0.0769230769230769,7.62028985673731
tfnbs,"e=1.2,h=9.0,n=30,start_thres=1.25",hub,0.25,50,10,40,1730,24,2,16,1728,0.6,0.0011560693641618,0.9230769230769232,0.0769230769230769,7.62028985673731
tfnbs,"e=1.2,h=10.0,n=30,start_thres=1.25",hub,0.25,50,10,40,1730,19,2,21,1728,0.475,0.0011560693641618,0.9047619047619048,0.0952380952380952,7.62028985673731
tfnbs,"e=1.3,h=0.5,n=30,start_thres=1.25",hub,0.25,50,10,40,1730,19,2,21,1728,0.475,0.0011560693641618,0.9047619047619048,0.0952380952380952,7.62028985673731
tfnbs,"e=1.3,h=1.0,n=30,start_thres=1.25",hub,0.25,50,10,40,1730,24,2,16,1728,0.6,0.0011560693641618,0.9230769230769232,0.0769230769230769,7.62028985673731
tfnbs,"e=1.3,h=2.0,n=30,start_thres=1.25",hub,0.25,50,10,40,1730,25,4,15,1726,0.625,0.0023121387283236,0.8620689655172413,0.1379310344827586,7.62028985673731
tfnbs,"e=1.3,h=3.0,n=30,start_thres=1.25",hub,0.25,50,10,40,1730,25,7,15,1723,0.625,0.0040462427745664,0.78125,0.21875,7.62028985673731
tfnbs,"e=1.3,h=4.0,n=30,start_thres=1.25",hub,0.25,50,10,40,1730,25,7,15,1723,0.625,0.0040462427745664,0.78125,0.21875,7.62028985673731
tfnbs,"e=1.3,h=5.0,n=30,start_thres=1.25",hub,0.25,50,10,40,1730,25,7,15,1723,0.625,0.0040462427745664,0.78125,0.21875,7.62028985673731
tfnbs,"e=1.3,h=6.0,n=30,start_thres=1.25",hub,0.25,50,10,40,1730,25,7,15,1723,0.625,0.0040462427745664,0.78125,0.21875,7.62028985673731
tfnbs,"e=1.3,h=7.0,n=30,start_thres=1.25",hub,0.25,50,10,40,1730,25,7,15,1723,0.625,0.0040462427745664,0.78125,0.21875,7.62028985673731
tfnbs,"e=1.3,h=8.0,n=30,start_thres=1.25",hub,0.25,50,10,40,1730,25,4,15,1726,0.625,0.0023121387283236,0.8620689655172413,0.1379310344827586,7.62028985673731
tfnbs,"e=1.3,h=9.0,n=30,start_thres=1.25",hub,0.25,50,10,40,1730,24,2,16,1728,0.6,0.0011560693641618,0.9230769230769232,0.0769230769230769,7.62028985673731
tfnbs,"e=1.3,h=10.0,n=30,start_thres=1.25",hub,0.25,50,10,40,1730,24,2,16,1728,0.6,0.0011560693641618,0.9230769230769232,0.0769230769230769,7.62028985673731
tfnbs,"e=1.4,h=0.5,n=30,start_thres=1.25",hub,0.25,50,10,40,1730,18,1,22,1729,0.45,0.0005780346820809,0.9473684210526316,0.0526315789473684,7.62028985673731
tfnbs,"e=1.4,h=1.0,n=30,start_thres=1.25",hub,0.25,50,10,40,1730,24,2,16,1728,0.6,0.0011560693641618,0.9230769230769232,0.0769230769230769,7.62028985673731
tfnbs,"e=1.4,h=2.0,n=30,start_thres=1.25",hub,0.25,50,10,40,1730,25,4,15,1726,0.625,0.0023121387283236,0.8620689655172413,0.1379310344827586,7.62028985673731
tfnbs,"e=1.4,h=3.0,n=30,start_thres=1.25",hub,0.25,50,10,40,1730,25,7,15,1723,0.625,0.0040462427745664,0.78125,0.21875,7.62028985673731
tfnbs,"e=1.4,h=4.0,n=30,start_thres=1.25",hub,0.25,50,10,40,1730,25,7,15,1723,0.625,0.0040462427745664,0.78125,0.21875,7.62028985673731
tfnbs,"e=1.4,h=5.0,n=30,start_thres=1.25",hub,0.25,50,10,40,1730,25,7,15,1723,0.625,0.0040462427745664,0.78125,0.21875,7.62028985673731
tfnbs,"e=1.4,h=6.0,n=30,start_thres=1.25",hub,0.25,50,10,40,1730,25,7,15,1723,0.625,0.0040462427745664,0.78125,0.21875,7.62028985673731
tfnbs,"e=1.4,h=7.0,n=30,start_thres=1.25",hub,0.25,50,10,40,1730,25,7,15,1723,0.625,0.0040462427745664,0.78125,0.21875,7.62028985673731
tfnbs,"e=1.4,h=8.0,n=30,start_thres=1.25",hub,0.25,50,10,40,1730,25,7,15,1723,0.625,0.0040462427745664,0.78125,0.21875,7.62028985673731
tfnbs,"e=1.4,h=9.0,n=30,start_thres=1.25",hub,0.25,50,10,40,1730,25,4,15,1726,0.625,0.0023121387283236,0.8620689655172413,0.1379310344827586,7.62028985673731
tfnbs,"e=1.4,h=10.0,n=30,start_thres=1.25",hub,0.25,50,10,40,1730,24,2,16,1728,0.6,0.0011560693641618,0.9230769230769232,0.0769230769230769,7.62028985673731
tfnbs,"e=1.5,h=0.5,n=30,start_thres=1.25",hub,0.25,50,10,40,1730,18,1,22,1729,0.45,0.0005780346820809,0.9473684210526316,0.0526315789473684,7.62028985673731
tfnbs,"e=1.5,h=1.0,n=30,start_thres=1.25",hub,0.25,50,10,40,1730,19,2,21,1728,0.475,0.0011560693641618,0.9047619047619048,0.0952380952380952,7.62028985673731
tfnbs,"e=1.5,h=2.0,n=30,start_thres=1.25",hub,0.25,50,10,40,1730,25,4,15,1726,0.625,0.0023121387283236,0.8620689655172413,0.1379310344827586,7.62028985673731
tfnbs,"e=1.5,h=3.0,n=30,start_thres=1.25",hub,0.25,50,10,40,1730,25,7,15,1723,0.625,0.0040462427745664,0.78125,0.21875,7.62028985673731
tfnbs,"e=1.5,h=4.0,n=30,start_thres=1.25",hub,0.25,50,10,40,1730,25,7,15,1723,0.625,0.0040462427745664,0.78125,0.21875,7.62028985673731
tfnbs,"e=1.5,h=5.0,n=30,start_thres=1.25",hub,0.25,50,10,40,1730,25,7,15,1723,0.625,0.0040462427745664,0.78125,0.21875,7.62028985673731
tfnbs,"e=1.5,h=6.0,n=30,start_thres=1.25",hub,0.25,50,10,40,1730,25,7,15,1723,0.625,0.0040462427745664,0.78125,0.21875,7.62028985673731
tfnbs,"e=1.5,h=7.0,n=30,start_thres=1.25",hub,0.25,50,10,40,1730,25,7,15,1723,0.625,0.0040462427745664,0.78125,0.21875,7.62028985673731
tfnbs,"e=1.5,h=8.0,n=30,start_thres=1.25",hub,0.25,50,10,40,1730,25,7,15,1723,0.625,0.0040462427745664,0.78125,0.21875,7.62028985673731
tfnbs,"e=1.5,h=9.0,n=30,start_thres=1.25",hub,0.25,50,10,40,1730,25,7,15,1723,0.625,0.0040462427745664,0.78125,0.21875,7.62028985673731
tfnbs,"e=1.5,h=10.0,n=30,start_thres=1.25",hub,0.25,50,10,40,1730,25,4,15,1726,0.625,0.0023121387283236,0.8620689655172413,0.1379310344827586,7.62028985673731
nbs_intensity,threshold=1.0,hub,0.25,50,10,40,1730,0,0,40,1730,0.0,0.0,0.0,0.0,8.39521861076355
nbs_intensity,threshold=1.0,hub,0.25,50,12,40,1730,0,0,40,1730,0.0,0.0,0.0,0.0,7.741854429244995
nbs_intensity,threshold=1.0,hub,0.25,50,11,40,1730,39,403,1,1327,0.975,0.2329479768786127,0.088235294117647,0.9117647058823528,8.791663408279419
tfnbs,"e=0.05,h=0.5,n=30,start_thres=1.25",hub,0.25,50,18,40,1730,12,0,28,1730,0.3,0.0,1.0,0.0,7.5410085916519165
tfnbs,"e=0.05,h=1.0,n=30,start_thres=1.25",hub,0.25,50,18,40,1730,12,0,28,1730,0.3,0.0,1.0,0.0,7.5410085916519165
tfnbs,"e=0.05,h=2.0,n=30,start_thres=1.25",hub,0.25,50,18,40,1730,12,0,28,1730,0.3,0.0,1.0,0.0,7.5410085916519165
tfnbs,"e=0.05,h=3.0,n=30,start_thres=1.25",hub,0.25,50,18,40,1730,12,0,28,1730,0.3,0.0,1.0,0.0,7.5410085916519165
tfnbs,"e=0.05,h=4.0,n=30,start_thres=1.25",hub,0.25,50,18,40,1730,12,0,28,1730,0.3,0.0,1.0,0.0,7.5410085916519165
tfnbs,"e=0.05,h=5.0,n=30,start_thres=1.25",hub,0.25,50,18,40,1730,11,0,29,1730,0.275,0.0,1.0,0.0,7.5410085916519165
tfnbs,"e=0.05,h=6.0,n=30,start_thres=1.25",hub,0.25,50,18,40,1730,11,0,29,1730,0.275,0.0,1.0,0.0,7.5410085916519165
tfnbs,"e=0.05,h=7.0,n=30,start_thres=1.25",hub,0.25,50,18,40,1730,11,0,29,1730,0.275,0.0,1.0,0.0,7.5410085916519165
tfnbs,"e=0.05,h=8.0,n=30,start_thres=1.25",hub,0.25,50,18,40,1730,11,0,29,1730,0.275,0.0,1.0,0.0,7.5410085916519165
tfnbs,"e=0.05,h=9.0,n=30,start_thres=1.25",hub,0.25,50,18,40,1730,11,0,29,1730,0.275,0.0,1.0,0.0,7.5410085916519165
tfnbs,"e=0.05,h=10.0,n=30,start_thres=1.25",hub,0.25,50,18,40,1730,11,0,29,1730,0.275,0.0,1.0,0.0,7.5410085916519165
tfnbs,"e=0.1,h=0.5,n=30,start_thres=1.25",hub,0.25,50,18,40,1730,16,0,24,1730,0.4,0.0,1.0,0.0,7.5410085916519165
tfnbs,"e=0.1,h=1.0,n=30,start_thres=1.25",hub,0.25,50,18,40,1730,16,0,24,1730,0.4,0.0,1.0,0.0,7.5410085916519165
tfnbs,"e=0.1,h=2.0,n=30,start_thres=1.25",hub,0.25,50,18,40,1730,16,0,24,1730,0.4,0.0,1.0,0.0,7.5410085916519165
tfnbs,"e=0.1,h=3.0,n=30,start_thres=1.25",hub,0.25,50,18,40,1730,16,0,24,1730,0.4,0.0,1.0,0.0,7.5410085916519165
tfnbs,"e=0.1,h=4.0,n=30,start_thres=1.25",hub,0.25,50,18,40,1730,12,0,28,1730,0.3,0.0,1.0,0.0,7.5410085916519165
tfnbs,"e=0.1,h=5.0,n=30,start_thres=1.25",hub,0.25,50,18,40,1730,12,0,28,1730,0.3,0.0,1.0,0.0,7.5410085916519165
tfnbs,"e=0.1,h=6.0,n=30,start_thres=1.25",hub,0.25,50,18,40,1730,12,0,28,1730,0.3,0.0,1.0,0.0,7.5410085916519165
tfnbs,"e=0.1,h=7.0,n=30,start_thres=1.25",hub,0.25,50,18,40,1730,12,0,28,1730,0.3,0.0,1.0,0.0,7.5410085916519165
tfnbs,"e=0.1,h=8.0,n=30,start_thres=1.25",hub,0.25,50,18,40,1730,12,0,28,1730,0.3,0.0,1.0,0.0,7.5410085916519165
tfnbs,"e=0.1,h=9.0,n=30,start_thres=1.25",hub,0.25,50,18,40,1730,12,0,28,1730,0.3,0.0,1.0,0.0,7.5410085916519165
tfnbs,"e=0.1,h=10.0,n=30,start_thres=1.25",hub,0.25,50,18,40,1730,12,0,28,1730,0.3,0.0,1.0,0.0,7.5410085916519165
tfnbs,"e=0.2,h=0.5,n=30,start_thres=1.25",hub,0.25,50,18,40,1730,20,1,20,1729,0.5,0.0005780346820809,0.9523809523809524,0.0476190476190476,7.5410085916519165
tfnbs,"e=0.2,h=1.0,n=30,start_thres=1.25",hub,0.25,50,18,40,1730,18,1,22,1729,0.45,0.0005780346820809,0.9473684210526316,0.0526315789473684,7.5410085916519165
tfnbs,"e=0.2,h=2.0,n=30,start_thres=1.25",hub,0.25,50,18,40,1730,18,1,22,1729,0.45,0.0005780346820809,0.9473684210526316,0.0526315789473684,7.5410085916519165
tfnbs,"e=0.2,h=3.0,n=30,start_thres=1.25",hub,0.25,50,18,40,1730,17,0,23,1730,0.425,0.0,1.0,0.0,7.5410085916519165
tfnbs,"e=0.2,h=4.0,n=30,start_thres=1.25",hub,0.25,50,18,40,1730,17,0,23,1730,0.425,0.0,1.0,0.0,7.5410085916519165
tfnbs,"e=0.2,h=5.0,n=30,start_thres=1.25",hub,0.25,50,18,40,1730,16,0,24,1730,0.4,0.0,1.0,0.0,7.5410085916519165
tfnbs,"e=0.2,h=6.0,n=30,start_thres=1.25",hub,0.25,50,18,40,1730,16,0,24,1730,0.4,0.0,1.0,0.0,7.5410085916519165
tfnbs,"e=0.2,h=7.0,n=30,start_thres=1.25",hub,0.25,50,18,40,1730,16,0,24,1730,0.4,0.0,1.0,0.0,7.5410085916519165
tfnbs,"e=0.2,h=8.0,n=30,start_thres=1.25",hub,0.25,50,18,40,1730,16,0,24,1730,0.4,0.0,1.0,0.0,7.5410085916519165
tfnbs,"e=0.2,h=9.0,n=30,start_thres=1.25",hub,0.25,50,18,40,1730,12,0,28,1730,0.3,0.0,1.0,0.0,7.5410085916519165
tfnbs,"e=0.2,h=10.0,n=30,start_thres=1.25",hub,0.25,50,18,40,1730,12,0,28,1730,0.3,0.0,1.0,0.0,7.5410085916519165
tfnbs,"e=0.3,h=0.5,n=30,start_thres=1.25",hub,0.25,50,18,40,1730,24,2,16,1728,0.6,0.0011560693641618,0.9230769230769232,0.0769230769230769,7.5410085916519165
tfnbs,"e=0.3,h=1.0,n=30,start_thres=1.25",hub,0.25,50,18,40,1730,21,1,19,1729,0.525,0.0005780346820809,0.9545454545454546,0.0454545454545454,7.5410085916519165
tfnbs,"e=0.3,h=2.0,n=30,start_thres=1.25",hub,0.25,50,18,40,1730,21,1,19,1729,0.525,0.0005780346820809,0.9545454545454546,0.0454545454545454,7.5410085916519165
tfnbs,"e=0.3,h=3.0,n=30,start_thres=1.25",hub,0.25,50,18,40,1730,20,1,20,1729,0.5,0.0005780346820809,0.9523809523809524,0.0476190476190476,7.5410085916519165
tfnbs,"e=0.3,h=4.0,n=30,start_thres=1.25",hub,0.25,50,18,40,1730,18,1,22,1729,0.45,0.0005780346820809,0.9473684210526316,0.0526315789473684,7.5410085916519165
tfnbs,"e=0.3,h=5.0,n=30,start_thres=1.25",hub,0.25,50,18,40,1730,18,1,22,1729,0.45,0.0005780346820809,0.9473684210526316,0.0526315789473684,7.5410085916519165
tfnbs,"e=0.3,h=6.0,n=30,start_thres=1.25",hub,0.25,50,18,40,1730,17,0,23,1730,0.425,0.0,1.0,0.0,7.5410085916519165
tfnbs,"e=0.3,h=7.0,n=30,start_thres=1.25",hub,0.25,50,18,40,1730,17,0,23,1730,0.425,0.0,1.0,0.0,7.5410085916519165
tfnbs,"e=0.3,h=8.0,n=30,start_thres=1.25",hub,0.25,50,18,40,1730,16,0,24,1730,0.4,0.0,1.0,0.0,7.5410085916519165
tfnbs,"e=0.3,h=9.0,n=30,start_thres=1.25",hub,0.25,50,18,40,1730,16,0,24,1730,0.4,0.0,1.0,0.0,7.5410085916519165
tfnbs,"e=0.3,h=10.0,n=30,start_thres=1.25",hub,0.25,50,18,40,1730,16,0,24,1730,0.4,0.0,1.0,0.0,7.5410085916519165
tfnbs,"e=0.4,h=0.5,n=30,start_thres=1.25",hub,0.25,50,18,40,1730,25,3,15,1727,0.625,0.0017341040462427,0.8928571428571429,0.1071428571428571,7.5410085916519165
tfnbs,"e=0.4,h=1.0,n=30,start_thres=1.25",hub,0.25,50,18,40,1730,25,3,15,1727,0.625,0.0017341040462427,0.8928571428571429,0.1071428571428571,7.5410085916519165
tfnbs,"e=0.4,h=2.0,n=30,start_thres=1.25",hub,0.25,50,18,40,1730,24,2,16,1728,0.6,0.0011560693641618,0.9230769230769232,0.0769230769230769,7.5410085916519165
tfnbs,"e=0.4,h=3.0,n=30,start_thres=1.25",hub,0.25,50,18,40,1730,21,1,19,1729,0.525,0.0005780346820809,0.9545454545454546,0.0454545454545454,7.5410085916519165
tfnbs,"e=0.4,h=4.0,n=30,start_thres=1.25",hub,0.25,50,18,40,1730,20,1,20,1729,0.5,0.0005780346820809,0.9523809523809524,0.0476190476190476,7.5410085916519165
tfnbs,"e=0.4,h=5.0,n=30,start_thres=1.25",hub,0.25,50,18,40,1730,20,1,20,1729,0.5,0.0005780346820809,0.9523809523809524,0.0476190476190476,7.5410085916519165
tfnbs,"e=0.4,h=6.0,n=30,start_thres=1.25",hub,0.25,50,18,40,1730,18,1,22,1729,0.45,0.0005780346820809,0.9473684210526316,0.0526315789473684,7.5410085916519165
tfnbs,"e=0.4,h=7.0,n=30,start_thres=1.25",hub,0.25,50,18,40,1730,18,1,22,1729,0.45,0.0005780346820809,0.9473684210526316,0.0526315789473684,7.5410085916519165
tfnbs,"e=0.4,h=8.0,n=30,start_thres=1.25",hub,0.25,50,18,40,1730,17,0,23,1730,0.425,0.0,1.0,0.0,7.5410085916519165
tfnbs,"e=0.4,h=9.0,n=30,start_thres=1.25",hub,0.25,50,18,40,1730,17,0,23,1730,0.425,0.0,1.0,0.0,7.5410085916519165
tfnbs,"e=0.4,h=10.0,n=30,start_thres=1.25",hub,0.25,50,18,40,1730,17,0,23,1730,0.425,0.0,1.0,0.0,7.5410085916519165
tfnbs,"e=0.5,h=0.5,n=30,start_thres=1.25",hub,0.25,50,18,40,1730,28,5,12,1725,0.7,0.0028901734104046,0.8484848484848485,0.1515151515151515,7.5410085916519165
tfnbs,"e=0.5,h=1.0,n=30,start_thres=1.25",hub,0.25,50,18,40,1730,28,5,12,1725,0.7,0.0028901734104046,0.8484848484848485,0.1515151515151515,7.5410085916519165
tfnbs,"e=0.5,h=2.0,n=30,start_thres=1.25",hub,0.25,50,18,40,1730,25,3,15,1727,0.625,0.0017341040462427,0.8928571428571429,0.1071428571428571,7.5410085916519165
tfnbs,"e=0.5,h=3.0,n=30,start_thres=1.25",hub,0.25,50,18,40,1730,24,2,16,1728,0.6,0.0011560693641618,0.9230769230769232,0.0769230769230769,7.5410085916519165
tfnbs,"e=0.5,h=4.0,n=30,start_thres=1.25",hub,0.25,50,18,40,1730,24,2,16,1728,0.6,0.0011560693641618,0.9230769230769232,0.0769230769230769,7.5410085916519165
tfnbs,"e=0.5,h=5.0,n=30,start_thres=1.25",hub,0.25,50,18,40,1730,21,1,19,1729,0.525,0.0005780346820809,0.9545454545454546,0.0454545454545454,7.5410085916519165
tfnbs,"e=0.5,h=6.0,n=30,start_thres=1.25",hub,0.25,50,18,40,1730,20,1,20,1729,0.5,0.0005780346820809,0.9523809523809524,0.0476190476190476,7.5410085916519165
tfnbs,"e=0.5,h=7.0,n=30,start_thres=1.25",hub,0.25,50,18,40,1730,20,1,20,1729,0.5,0.0005780346820809,0.9523809523809524,0.0476190476190476,7.5410085916519165
tfnbs,"e=0.5,h=8.0,n=30,start_thres=1.25",hub,0.25,50,18,40,1730,18,1,22,1729,0.45,0.0005780346820809,0.9473684210526316,0.0526315789473684,7.5410085916519165
tfnbs,"e=0.5,h=9.0,n=30,start_thres=1.25",hub,0.25,50,18,40,1730,18,1,22,1729,0.45,0.0005780346820809,0.9473684210526316,0.0526315789473684,7.5410085916519165
tfnbs,"e=0.5,h=10.0,n=30,start_thres=1.25",hub,0.25,50,18,40,1730,17,0,23,1730,0.425,0.0,1.0,0.0,7.5410085916519165
tfnbs,"e=0.6,h=0.5,n=30,start_thres=1.25",hub,0.25,50,18,40,1730,28,6,12,1724,0.7,0.0034682080924855,0.8235294117647058,0.1764705882352941,7.5410085916519165
tfnbs,"e=0.6,h=1.0,n=30,start_thres=1.25",hub,0.25,50,18,40,1730,28,5,12,1725,0.7,0.0028901734104046,0.8484848484848485,0.1515151515151515,7.5410085916519165
tfnbs,"e=0.6,h=2.0,n=30,start_thres=1.25",hub,0.25,50,18,40,1730,28,5,12,1725,0.7,0.0028901734104046,0.8484848484848485,0.1515151515151515,7.5410085916519165
tfnbs,"e=0.6,h=3.0,n=30,start_thres=1.25",hub,0.25,50,18,40,1730,28,5,12,1725,0.7,0.0028901734104046,0.8484848484848485,0.1515151515151515,7.5410085916519165
tfnbs,"e=0.6,h=4.0,n=30,start_thres=1.25",hub,0.25,50,18,40,1730,25,3,15,1727,0.625,0.0017341040462427,0.8928571428571429,0.1071428571428571,7.5410085916519165
tfnbs,"e=0.6,h=5.0,n=30,start_thres=1.25",hub,0.25,50,18,40,1730,24,2,16,1728,0.6,0.0011560693641618,0.9230769230769232,0.0769230769230769,7.5410085916519165
tfnbs,"e=0.6,h=6.0,n=30,start_thres=1.25",hub,0.25,50,18,40,1730,21,1,19,1729,0.525,0.0005780346820809,0.9545454545454546,0.0454545454545454,7.5410085916519165
tfnbs,"e=0.6,h=7.0,n=30,start_thres=1.25",hub,0.25,50,18,40,1730,21,1,19,1729,0.525,0.0005780346820809,0.9545454545454546,0.0454545454545454,7.5410085916519165
tfnbs,"e=0.6,h=8.0,n=30,start_thres=1.25",hub,0.25,50,18,40,1730,20,1,20,1729,0.5,0.0005780346820809,0.9523809523809524,0.0476190476190476,7.5410085916519165
tfnbs,"e=0.6,h=9.0,n=30,start_thres=1.25",hub,0.25,50,18,40,1730,20,1,20,1729,0.5,0.0005780346820809,0.9523809523809524,0.0476190476190476,7.5410085916519165
tfnbs,"e=0.6,h=10.0,n=30,start_thres=1.25",hub,0.25,50,18,40,1730,18,1,22,1729,0.45,0.0005780346820809,0.9473684210526316,0.0526315789473684,7.5410085916519165
tfnbs,"e=0.7,h=0.5,n=30,start_thres=1.25",hub,0.25,50,18,40,1730,31,7,9,1723,0.775,0.0040462427745664,0.8157894736842105,0.1842105263157894,7.5410085916519165
tfnbs,"e=0.7,h=1.0,n=30,start_thres=1.25",hub,0.25,50,18,40,1730,31,7,9,1723,0.775,0.0040462427745664,0.8157894736842105,0.1842105263157894,7.5410085916519165
tfnbs,"e=0.7,h=2.0,n=30,start_thres=1.25",hub,0.25,50,18,40,1730,28,6,12,1724,0.7,0.0034682080924855,0.8235294117647058,0.1764705882352941,7.5410085916519165
tfnbs,"e=0.7,h=3.0,n=30,start_thres=1.25",hub,0.25,50,18,40,1730,28,5,12,1725,0.7,0.0028901734104046,0.8484848484848485,0.1515151515151515,7.5410085916519165
tfnbs,"e=0.7,h=4.0,n=30,start_thres=1.25",hub,0.25,50,18,40,1730,28,5,12,1725,0.7,0.0028901734104046,0.8484848484848485,0.1515151515151515,7.5410085916519165
tfnbs,"e=0.7,h=5.0,n=30,start_thres=1.25",hub,0.25,50,18,40,1730,25,3,15,1727,0.625,0.0017341040462427,0.8928571428571429,0.1071428571428571,7.5410085916519165
tfnbs,"e=0.7,h=6.0,n=30,start_thres=1.25",hub,0.25,50,18,40,1730,24,2,16,1728,0.6,0.0011560693641618,0.9230769230769232,0.0769230769230769,7.5410085916519165
tfnbs,"e=0.7,h=7.0,n=30,start_thres=1.25",hub,0.25,50,18,40,1730,24,2,16,1728,0.6,0.0011560693641618,0.9230769230769232,0.0769230769230769,7.5410085916519165
tfnbs,"e=0.7,h=8.0,n=30,start_thres=1.25",hub,0.25,50,18,40,1730,21,1,19,1729,0.525,0.0005780346820809,0.9545454545454546,0.0454545454545454,7.5410085916519165
tfnbs,"e=0.7,h=9.0,n=30,start_thres=1.25",hub,0.25,50,18,40,1730,20,1,20,1729,0.5,0.0005780346820809,0.9523809523809524,0.0476190476190476,7.5410085916519165
tfnbs,"e=0.7,h=10.0,n=30,start_thres=1.25",hub,0.25,50,18,40,1730,20,1,20,1729,0.5,0.0005780346820809,0.9523809523809524,0.0476190476190476,7.5410085916519165
tfnbs,"e=0.8,h=0.5,n=30,start_thres=1.25",hub,0.25,50,18,40,1730,31,7,9,1723,0.775,0.0040462427745664,0.8157894736842105,0.1842105263157894,7.5410085916519165
tfnbs,"e=0.8,h=1.0,n=30,start_thres=1.25",hub,0.25,50,18,40,1730,31,7,9,1723,0.775,0.0040462427745664,0.8157894736842105,0.1842105263157894,7.5410085916519165
tfnbs,"e=0.8,h=2.0,n=30,start_thres=1.25",hub,0.25,50,18,40,1730,31,7,9,1723,0.775,0.0040462427745664,0.8157894736842105,0.1842105263157894,7.5410085916519165
tfnbs,"e=0.8,h=3.0,n=30,start_thres=1.25",hub,0.25,50,18,40,1730,31,7,9,1723,0.775,0.0040462427745664,0.8157894736842105,0.1842105263157894,7.5410085916519165
tfnbs,"e=0.8,h=4.0,n=30,start_thres=1.25",hub,0.25,50,18,40,1730,28,6,12,1724,0.7,0.0034682080924855,0.8235294117647058,0.1764705882352941,7.5410085916519165
tfnbs,"e=0.8,h=5.0,n=30,start_thres=1.25",hub,0.25,50,18,40,1730,28,5,12,1725,0.7,0.0028901734104046,0.8484848484848485,0.1515151515151515,7.5410085916519165
tfnbs,"e=0.8,h=6.0,n=30,start_thres=1.25",hub,0.25,50,18,40,1730,25,3,15,1727,0.625,0.0017341040462427,0.8928571428571429,0.1071428571428571,7.5410085916519165
tfnbs,"e=0.8,h=7.0,n=30,start_thres=1.25",hub,0.25,50,18,40,1730,24,2,16,1728,0.6,0.0011560693641618,0.9230769230769232,0.0769230769230769,7.5410085916519165
tfnbs,"e=0.8,h=8.0,n=30,start_thres=1.25",hub,0.25,50,18,40,1730,24,2,16,1728,0.6,0.0011560693641618,0.9230769230769232,0.0769230769230769,7.5410085916519165
tfnbs,"e=0.8,h=9.0,n=30,start_thres=1.25",hub,0.25,50,18,40,1730,21,1,19,1729,0.525,0.0005780346820809,0.9545454545454546,0.0454545454545454,7.5410085916519165
tfnbs,"e=0.8,h=10.0,n=30,start_thres=1.25",hub,0.25,50,18,40,1730,21,1,19,1729,0.525,0.0005780346820809,0.9545454545454546,0.0454545454545454,7.5410085916519165
tfnbs,"e=0.9,h=0.5,n=30,start_thres=1.25",hub,0.25,50,18,40,1730,31,7,9,1723,0.775,0.0040462427745664,0.8157894736842105,0.1842105263157894,7.5410085916519165
tfnbs,"e=0.9,h=1.0,n=30,start_thres=1.25",hub,0.25,50,18,40,1730,31,7,9,1723,0.775,0.0040462427745664,0.8157894736842105,0.1842105263157894,7.5410085916519165
tfnbs,"e=0.9,h=2.0,n=30,start_thres=1.25",hub,0.25,50,18,40,1730,31,7,9,1723,0.775,0.0040462427745664,0.8157894736842105,0.1842105263157894,7.5410085916519165
tfnbs,"e=0.9,h=3.0,n=30,start_thres=1.25",hub,0.25,50,18,40,1730,31,7,9,1723,0.775,0.0040462427745664,0.8157894736842105,0.1842105263157894,7.5410085916519165
tfnbs,"e=0.9,h=4.0,n=30,start_thres=1.25",hub,0.25,50,18,40,1730,31,7,9,1723,0.775,0.0040462427745664,0.8157894736842105,0.1842105263157894,7.5410085916519165
tfnbs,"e=0.9,h=5.0,n=30,start_thres=1.25",hub,0.25,50,18,40,1730,31,7,9,1723,0.775,0.0040462427745664,0.8157894736842105,0.1842105263157894,7.5410085916519165
tfnbs,"e=0.9,h=6.0,n=30,start_thres=1.25",hub,0.25,50,18,40,1730,28,5,12,1725,0.7,0.0028901734104046,0.8484848484848485,0.1515151515151515,7.5410085916519165
tfnbs,"e=0.9,h=7.0,n=30,start_thres=1.25",hub,0.25,50,18,40,1730,25,3,15,1727,0.625,0.0017341040462427,0.8928571428571429,0.1071428571428571,7.5410085916519165
tfnbs,"e=0.9,h=8.0,n=30,start_thres=1.25",hub,0.25,50,18,40,1730,25,3,15,1727,0.625,0.0017341040462427,0.8928571428571429,0.1071428571428571,7.5410085916519165
tfnbs,"e=0.9,h=9.0,n=30,start_thres=1.25",hub,0.25,50,18,40,1730,24,2,16,1728,0.6,0.0011560693641618,0.9230769230769232,0.0769230769230769,7.5410085916519165
tfnbs,"e=0.9,h=10.0,n=30,start_thres=1.25",hub,0.25,50,18,40,1730,21,1,19,1729,0.525,0.0005780346820809,0.9545454545454546,0.0454545454545454,7.5410085916519165
tfnbs,"e=1.0,h=0.5,n=30,start_thres=1.25",hub,0.25,50,18,40,1730,31,7,9,1723,0.775,0.0040462427745664,0.8157894736842105,0.1842105263157894,7.5410085916519165
tfnbs,"e=1.0,h=1.0,n=30,start_thres=1.25",hub,0.25,50,18,40,1730,31,10,9,1720,0.775,0.0057803468208092,0.7560975609756098,0.2439024390243902,7.5410085916519165
tfnbs,"e=1.0,h=2.0,n=30,start_thres=1.25",hub,0.25,50,18,40,1730,31,10,9,1720,0.775,0.0057803468208092,0.7560975609756098,0.2439024390243902,7.5410085916519165
tfnbs,"e=1.0,h=3.0,n=30,start_thres=1.25",hub,0.25,50,18,40,1730,31,10,9,1720,0.775,0.0057803468208092,0.7560975609756098,0.2439024390243902,7.5410085916519165
tfnbs,"e=1.0,h=4.0,n=30,start_thres=1.25",hub,0.25,50,18,40,1730,31,7,9,1723,0.775,0.0040462427745664,0.8157894736842105,0.1842105263157894,7.5410085916519165
tfnbs,"e=1.0,h=5.0,n=30,start_thres=1.25",hub,0.25,50,18,40,1730,31,7,9,1723,0.775,0.0040462427745664,0.8157894736842105,0.1842105263157894,7.5410085916519165
tfnbs,"e=1.0,h=6.0,n=30,start_thres=1.25",hub,0.25,50,18,40,1730,31,7,9,1723,0.775,0.0040462427745664,0.8157894736842105,0.1842105263157894,7.5410085916519165
tfnbs,"e=1.0,h=7.0,n=30,start_thres=1.25",hub,0.25,50,18,40,1730,28,5,12,1725,0.7,0.0028901734104046,0.8484848484848485,0.1515151515151515,7.5410085916519165
tfnbs,"e=1.0,h=8.0,n=30,start_thres=1.25",hub,0.25,50,18,40,1730,25,3,15,1727,0.625,0.0017341040462427,0.8928571428571429,0.1071428571428571,7.5410085916519165
tfnbs,"e=1.0,h=9.0,n=30,start_thres=1.25",hub,0.25,50,18,40,1730,25,3,15,1727,0.625,0.0017341040462427,0.8928571428571429,0.1071428571428571,7.5410085916519165
tfnbs,"e=1.0,h=10.0,n=30,start_thres=1.25",hub,0.25,50,18,40,1730,24,2,16,1728,0.6,0.0011560693641618,0.9230769230769232,0.0769230769230769,7.5410085916519165
tfnbs,"e=1.1,h=0.5,n=30,start_thres=1.25",hub,0.25,50,18,40,1730,31,7,9,1723,0.775,0.0040462427745664,0.8157894736842105,0.1842105263157894,7.5410085916519165
tfnbs,"e=1.1,h=1.0,n=30,start_thres=1.25",hub,0.25,50,18,40,1730,31,10,9,1720,0.775,0.0057803468208092,0.7560975609756098,0.2439024390243902,7.5410085916519165
tfnbs,"e=1.1,h=2.0,n=30,start_thres=1.25",hub,0.25,50,18,40,1730,31,10,9,1720,0.775,0.0057803468208092,0.7560975609756098,0.2439024390243902,7.5410085916519165
tfnbs,"e=1.1,h=3.0,n=30,start_thres=1.25",hub,0.25,50,18,40,1730,31,10,9,1720,0.775,0.0057803468208092,0.7560975609756098,0.2439024390243902,7.5410085916519165
tfnbs,"e=1.1,h=4.0,n=30,start_thres=1.25",hub,0.25,50,18,40,1730,31,10,9,1720,0.775,0.0057803468208092,0.7560975609756098,0.2439024390243902,7.5410085916519165
tfnbs,"e=1.1,h=5.0,n=30,start_thres=1.25",hub,0.25,50,18,40,1730,31,7,9,1723,0.775,0.0040462427745664,0.8157894736842105,0.1842105263157894,7.5410085916519165
tfnbs,"e=1.1,h=6.0,n=30,start_thres=1.25",hub,0.25,50,18,40,1730,31,7,9,1723,0.775,0.0040462427745664,0.8157894736842105,0.1842105263157894,7.5410085916519165
tfnbs,"e=1.1,h=7.0,n=30,start_thres=1.25",hub,0.25,50,18,40,1730,31,7,9,1723,0.775,0.0040462427745664,0.8157894736842105,0.1842105263157894,7.5410085916519165
tfnbs,"e=1.1,h=8.0,n=30,start_thres=1.25",hub,0.25,50,18,40,1730,28,5,12,1725,0.7,0.0028901734104046,0.8484848484848485,0.1515151515151515,7.5410085916519165
tfnbs,"e=1.1,h=9.0,n=30,start_thres=1.25",hub,0.25,50,18,40,1730,25,3,15,1727,0.625,0.0017341040462427,0.8928571428571429,0.1071428571428571,7.5410085916519165
tfnbs,"e=1.1,h=10.0,n=30,start_thres=1.25",hub,0.25,50,18,40,1730,25,3,15,1727,0.625,0.0017341040462427,0.8928571428571429,0.1071428571428571,7.5410085916519165
tfnbs,"e=1.2,h=0.5,n=30,start_thres=1.25",hub,0.25,50,18,40,1730,31,7,9,1723,0.775,0.0040462427745664,0.8157894736842105,0.1842105263157894,7.5410085916519165
tfnbs,"e=1.2,h=1.0,n=30,start_thres=1.25",hub,0.25,50,18,40,1730,31,10,9,1720,0.775,0.0057803468208092,0.7560975609756098,0.2439024390243902,7.5410085916519165
tfnbs,"e=1.2,h=2.0,n=30,start_thres=1.25",hub,0.25,50,18,40,1730,31,10,9,1720,0.775,0.0057803468208092,0.7560975609756098,0.2439024390243902,7.5410085916519165
tfnbs,"e=1.2,h=3.0,n=30,start_thres=1.25",hub,0.25,50,18,40,1730,31,10,9,1720,0.775,0.0057803468208092,0.7560975609756098,0.2439024390243902,7.5410085916519165
tfnbs,"e=1.2,h=4.0,n=30,start_thres=1.25",hub,0.25,50,18,40,1730,31,10,9,1720,0.775,0.0057803468208092,0.7560975609756098,0.2439024390243902,7.5410085916519165
tfnbs,"e=1.2,h=5.0,n=30,start_thres=1.25",hub,0.25,50,18,40,1730,31,10,9,1720,0.775,0.0057803468208092,0.7560975609756098,0.2439024390243902,7.5410085916519165
tfnbs,"e=1.2,h=6.0,n=30,start_thres=1.25",hub,0.25,50,18,40,1730,31,7,9,1723,0.775,0.0040462427745664,0.8157894736842105,0.1842105263157894,7.5410085916519165
tfnbs,"e=1.2,h=7.0,n=30,start_thres=1.25",hub,0.25,50,18,40,1730,31,7,9,1723,0.775,0.0040462427745664,0.8157894736842105,0.1842105263157894,7.5410085916519165
tfnbs,"e=1.2,h=8.0,n=30,start_thres=1.25",hub,0.25,50,18,40,1730,31,7,9,1723,0.775,0.0040462427745664,0.8157894736842105,0.1842105263157894,7.5410085916519165
tfnbs,"e=1.2,h=9.0,n=30,start_thres=1.25",hub,0.25,50,18,40,1730,28,5,12,1725,0.7,0.0028901734104046,0.8484848484848485,0.1515151515151515,7.5410085916519165
tfnbs,"e=1.2,h=10.0,n=30,start_thres=1.25",hub,0.25,50,18,40,1730,28,5,12,1725,0.7,0.0028901734104046,0.8484848484848485,0.1515151515151515,7.5410085916519165
tfnbs,"e=1.3,h=0.5,n=30,start_thres=1.25",hub,0.25,50,18,40,1730,31,7,9,1723,0.775,0.0040462427745664,0.8157894736842105,0.1842105263157894,7.5410085916519165
tfnbs,"e=1.3,h=1.0,n=30,start_thres=1.25",hub,0.25,50,18,40,1730,31,10,9,1720,0.775,0.0057803468208092,0.7560975609756098,0.2439024390243902,7.5410085916519165
tfnbs,"e=1.3,h=2.0,n=30,start_thres=1.25",hub,0.25,50,18,40,1730,31,10,9,1720,0.775,0.0057803468208092,0.7560975609756098,0.2439024390243902,7.5410085916519165
tfnbs,"e=1.3,h=3.0,n=30,start_thres=1.25",hub,0.25,50,18,40,1730,31,10,9,1720,0.775,0.0057803468208092,0.7560975609756098,0.2439024390243902,7.5410085916519165
tfnbs,"e=1.3,h=4.0,n=30,start_thres=1.25",hub,0.25,50,18,40,1730,31,10,9,1720,0.775,0.0057803468208092,0.7560975609756098,0.2439024390243902,7.5410085916519165
tfnbs,"e=1.3,h=5.0,n=30,start_thres=1.25",hub,0.25,50,18,40,1730,31,10,9,1720,0.775,0.0057803468208092,0.7560975609756098,0.2439024390243902,7.5410085916519165
tfnbs,"e=1.3,h=6.0,n=30,start_thres=1.25",hub,0.25,50,18,40,1730,31,10,9,1720,0.775,0.0057803468208092,0.7560975609756098,0.2439024390243902,7.5410085916519165
tfnbs,"e=1.3,h=7.0,n=30,start_thres=1.25",hub,0.25,50,18,40,1730,31,10,9,1720,0.775,0.0057803468208092,0.7560975609756098,0.2439024390243902,7.5410085916519165
tfnbs,"e=1.3,h=8.0,n=30,start_thres=1.25",hub,0.25,50,18,40,1730,31,7,9,1723,0.775,0.0040462427745664,0.8157894736842105,0.1842105263157894,7.5410085916519165
tfnbs,"e=1.3,h=9.0,n=30,start_thres=1.25",hub,0.25,50,18,40,1730,31,7,9,1723,0.775,0.0040462427745664,0.8157894736842105,0.1842105263157894,7.5410085916519165
tfnbs,"e=1.3,h=10.0,n=30,start_thres=1.25",hub,0.25,50,18,40,1730,28,5,12,1725,0.7,0.0028901734104046,0.8484848484848485,0.1515151515151515,7.5410085916519165
tfnbs,"e=1.4,h=0.5,n=30,start_thres=1.25",hub,0.25,50,18,40,1730,31,7,9,1723,0.775,0.0040462427745664,0.8157894736842105,0.1842105263157894,7.5410085916519165
tfnbs,"e=1.4,h=1.0,n=30,start_thres=1.25",hub,0.25,50,18,40,1730,31,10,9,1720,0.775,0.0057803468208092,0.7560975609756098,0.2439024390243902,7.5410085916519165
tfnbs,"e=1.4,h=2.0,n=30,start_thres=1.25",hub,0.25,50,18,40,1730,31,10,9,1720,0.775,0.0057803468208092,0.7560975609756098,0.2439024390243902,7.5410085916519165
tfnbs,"e=1.4,h=3.0,n=30,start_thres=1.25",hub,0.25,50,18,40,1730,31,10,9,1720,0.775,0.0057803468208092,0.7560975609756098,0.2439024390243902,7.5410085916519165
tfnbs,"e=1.4,h=4.0,n=30,start_thres=1.25",hub,0.25,50,18,40,1730,31,10,9,1720,0.775,0.0057803468208092,0.7560975609756098,0.2439024390243902,7.5410085916519165
tfnbs,"e=1.4,h=5.0,n=30,start_thres=1.25",hub,0.25,50,18,40,1730,31,10,9,1720,0.775,0.0057803468208092,0.7560975609756098,0.2439024390243902,7.5410085916519165
tfnbs,"e=1.4,h=6.0,n=30,start_thres=1.25",hub,0.25,50,18,40,1730,31,10,9,1720,0.775,0.0057803468208092,0.7560975609756098,0.2439024390243902,7.5410085916519165
tfnbs,"e=1.4,h=7.0,n=30,start_thres=1.25",hub,0.25,50,18,40,1730,31,10,9,1720,0.775,0.0057803468208092,0.7560975609756098,0.2439024390243902,7.5410085916519165
tfnbs,"e=1.4,h=8.0,n=30,start_thres=1.25",hub,0.25,50,18,40,1730,31,10,9,1720,0.775,0.0057803468208092,0.7560975609756098,0.2439024390243902,7.5410085916519165
tfnbs,"e=1.4,h=9.0,n=30,start_thres=1.25",hub,0.25,50,18,40,1730,31,7,9,1723,0.775,0.0040462427745664,0.8157894736842105,0.1842105263157894,7.5410085916519165
tfnbs,"e=1.4,h=10.0,n=30,start_thres=1.25",hub,0.25,50,18,40,1730,31,7,9,1723,0.775,0.0040462427745664,0.8157894736842105,0.1842105263157894,7.5410085916519165
tfnbs,"e=1.5,h=0.5,n=30,start_thres=1.25",hub,0.25,50,18,40,1730,31,7,9,1723,0.775,0.0040462427745664,0.8157894736842105,0.1842105263157894,7.5410085916519165
tfnbs,"e=1.5,h=1.0,n=30,start_thres=1.25",hub,0.25,50,18,40,1730,31,10,9,1720,0.775,0.0057803468208092,0.7560975609756098,0.2439024390243902,7.5410085916519165
tfnbs,"e=1.5,h=2.0,n=30,start_thres=1.25",hub,0.25,50,18,40,1730,31,10,9,1720,0.775,0.0057803468208092,0.7560975609756098,0.2439024390243902,7.5410085916519165
tfnbs,"e=1.5,h=3.0,n=30,start_thres=1.25",hub,0.25,50,18,40,1730,31,10,9,1720,0.775,0.0057803468208092,0.7560975609756098,0.2439024390243902,7.5410085916519165
tfnbs,"e=1.5,h=4.0,n=30,start_thres=1.25",hub,0.25,50,18,40,1730,31,10,9,1720,0.775,0.0057803468208092,0.7560975609756098,0.2439024390243902,7.5410085916519165
tfnbs,"e=1.5,h=5.0,n=30,start_thres=1.25",hub,0.25,50,18,40,1730,31,10,9,1720,0.775,0.0057803468208092,0.7560975609756098,0.2439024390243902,7.5410085916519165
tfnbs,"e=1.5,h=6.0,n=30,start_thres=1.25",hub,0.25,50,18,40,1730,31,10,9,1720,0.775,0.0057803468208092,0.7560975609756098,0.2439024390243902,7.5410085916519165
tfnbs,"e=1.5,h=7.0,n=30,start_thres=1.25",hub,0.25,50,18,40,1730,31,10,9,1720,0.775,0.0057803468208092,0.7560975609756098,0.2439024390243902,7.5410085916519165
tfnbs,"e=1.5,h=8.0,n=30,start_thres=1.25",hub,0.25,50,18,40,1730,31,10,9,1720,0.775,0.0057803468208092,0.7560975609756098,0.2439024390243902,7.5410085916519165
tfnbs,"e=1.5,h=9.0,n=30,start_thres=1.25",hub,0.25,50,18,40,1730,31,10,9,1720,0.775,0.0057803468208092,0.7560975609756098,0.2439024390243902,7.5410085916519165
tfnbs,"e=1.5,h=10.0,n=30,start_thres=1.25",hub,0.25,50,18,40,1730,31,7,9,1723,0.775,0.0040462427745664,0.8157894736842105,0.1842105263157894,7.5410085916519165
nbs_intensity,threshold=1.0,hub,0.25,50,13,40,1730,0,0,40,1730,0.0,0.0,0.0,0.0,8.573006629943848
nbs_intensity,threshold=1.0,hub,0.25,50,16,40,1730,40,406,0,1324,1.0,0.2346820809248554,0.0896860986547085,0.9103139013452914,8.258764743804932
nbs_intensity,threshold=1.0,hub,0.25,50,14,40,1730,40,461,0,1269,1.0,0.2664739884393063,0.0798403193612774,0.9201596806387226,8.547810792922974
nbs_intensity,threshold=1.0,hub,0.25,50,17,40,1730,40,351,0,1379,1.0,0.2028901734104046,0.1023017902813299,0.8976982097186701,7.883852005004883
nbs_intensity,threshold=1.0,hub,0.25,50,15,40,1730,40,367,0,1363,1.0,0.2121387283236994,0.0982800982800982,0.9017199017199016,9.207731246948242
nbs_intensity,threshold=1.0,hub,0.25,50,18,40,1730,0,0,40,1730,0.0,0.0,0.0,0.0,8.2605619430542
nbs_intensity,threshold=1.0,hub,0.25,50,21,40,1730,0,0,40,1730,0.0,0.0,0.0,0.0,8.189852952957153
nbs_intensity,threshold=1.0,hub,0.25,50,20,40,1730,0,0,40,1730,0.0,0.0,0.0,0.0,8.433458089828491
nbs_intensity,threshold=1.0,hub,0.25,50,19,40,1730,0,0,40,1730,0.0,0.0,0.0,0.0,8.635785579681396
tfnbs,"e=0.05,h=0.5,n=30,start_thres=1.25",hub,0.25,50,19,40,1730,10,0,30,1730,0.25,0.0,1.0,0.0,7.55541475659067
tfnbs,"e=0.05,h=1.0,n=30,start_thres=1.25",hub,0.25,50,19,40,1730,10,0,30,1730,0.25,0.0,1.0,0.0,7.55541475659067
tfnbs,"e=0.05,h=2.0,n=30,start_thres=1.25",hub,0.25,50,19,40,1730,10,0,30,1730,0.25,0.0,1.0,0.0,7.55541475659067
tfnbs,"e=0.05,h=3.0,n=30,start_thres=1.25",hub,0.25,50,19,40,1730,10,0,30,1730,0.25,0.0,1.0,0.0,7.55541475659067
tfnbs,"e=0.05,h=4.0,n=30,start_thres=1.25",hub,0.25,50,19,40,1730,10,0,30,1730,0.25,0.0,1.0,0.0,7.55541475659067
tfnbs,"e=0.05,h=5.0,n=30,start_thres=1.25",hub,0.25,50,19,40,1730,10,0,30,1730,0.25,0.0,1.0,0.0,7.55541475659067
tfnbs,"e=0.05,h=6.0,n=30,start_thres=1.25",hub,0.25,50,19,40,1730,10,0,30,1730,0.25,0.0,1.0,0.0,7.55541475659067
tfnbs,"e=0.05,h=7.0,n=30,start_thres=1.25",hub,0.25,50,19,40,1730,10,0,30,1730,0.25,0.0,1.0,0.0,7.55541475659067
tfnbs,"e=0.05,h=8.0,n=30,start_thres=1.25",hub,0.25,50,19,40,1730,10,0,30,1730,0.25,0.0,1.0,0.0,7.55541475659067
tfnbs,"e=0.05,h=9.0,n=30,start_thres=1.25",hub,0.25,50,19,40,1730,10,0,30,1730,0.25,0.0,1.0,0.0,7.55541475659067
tfnbs,"e=0.05,h=10.0,n=30,start_thres=1.25",hub,0.25,50,19,40,1730,10,0,30,1730,0.25,0.0,1.0,0.0,7.55541475659067
tfnbs,"e=0.1,h=0.5,n=30,start_thres=1.25",hub,0.25,50,19,40,1730,12,0,28,1730,0.3,0.0,1.0,0.0,7.55541475659067
tfnbs,"e=0.1,h=1.0,n=30,start_thres=1.25",hub,0.25,50,19,40,1730,11,0,29,1730,0.275,0.0,1.0,0.0,7.55541475659067
tfnbs,"e=0.1,h=2.0,n=30,start_thres=1.25",hub,0.25,50,19,40,1730,11,0,29,1730,0.275,0.0,1.0,0.0,7.55541475659067
tfnbs,"e=0.1,h=3.0,n=30,start_thres=1.25",hub,0.25,50,19,40,1730,11,0,29,1730,0.275,0.0,1.0,0.0,7.55541475659067
tfnbs,"e=0.1,h=4.0,n=30,start_thres=1.25",hub,0.25,50,19,40,1730,10,0,30,1730,0.25,0.0,1.0,0.0,7.55541475659067
tfnbs,"e=0.1,h=5.0,n=30,start_thres=1.25",hub,0.25,50,19,40,1730,10,0,30,1730,0.25,0.0,1.0,0.0,7.55541475659067
tfnbs,"e=0.1,h=6.0,n=30,start_thres=1.25",hub,0.25,50,19,40,1730,10,0,30,1730,0.25,0.0,1.0,0.0,7.55541475659067
tfnbs,"e=0.1,h=7.0,n=30,start_thres=1.25",hub,0.25,50,19,40,1730,10,0,30,1730,0.25,0.0,1.0,0.0,7.55541475659067
tfnbs,"e=0.1,h=8.0,n=30,start_thres=1.25",hub,0.25,50,19,40,1730,10,0,30,1730,0.25,0.0,1.0,0.0,7.55541475659067
tfnbs,"e=0.1,h=9.0,n=30,start_thres=1.25",hub,0.25,50,19,40,1730,10,0,30,1730,0.25,0.0,1.0,0.0,7.55541475659067
tfnbs,"e=0.1,h=10.0,n=30,start_thres=1.25",hub,0.25,50,19,40,1730,10,0,30,1730,0.25,0.0,1.0,0.0,7.55541475659067
tfnbs,"e=0.2,h=0.5,n=30,start_thres=1.25",hub,0.25,50,19,40,1730,16,0,24,1730,0.4,0.0,1.0,0.0,7.55541475659067
tfnbs,"e=0.2,h=1.0,n=30,start_thres=1.25",hub,0.25,50,19,40,1730,14,0,26,1730,0.35,0.0,1.0,0.0,7.55541475659067
tfnbs,"e=0.2,h=2.0,n=30,start_thres=1.25",hub,0.25,50,19,40,1730,14,0,26,1730,0.35,0.0,1.0,0.0,7.55541475659067
tfnbs,"e=0.2,h=3.0,n=30,start_thres=1.25",hub,0.25,50,19,40,1730,12,0,28,1730,0.3,0.0,1.0,0.0,7.55541475659067
tfnbs,"e=0.2,h=4.0,n=30,start_thres=1.25",hub,0.25,50,19,40,1730,12,0,28,1730,0.3,0.0,1.0,0.0,7.55541475659067
tfnbs,"e=0.2,h=5.0,n=30,start_thres=1.25",hub,0.25,50,19,40,1730,11,0,29,1730,0.275,0.0,1.0,0.0,7.55541475659067
tfnbs,"e=0.2,h=6.0,n=30,start_thres=1.25",hub,0.25,50,19,40,1730,11,0,29,1730,0.275,0.0,1.0,0.0,7.55541475659067
tfnbs,"e=0.2,h=7.0,n=30,start_thres=1.25",hub,0.25,50,19,40,1730,11,0,29,1730,0.275,0.0,1.0,0.0,7.55541475659067
tfnbs,"e=0.2,h=8.0,n=30,start_thres=1.25",hub,0.25,50,19,40,1730,11,0,29,1730,0.275,0.0,1.0,0.0,7.55541475659067
tfnbs,"e=0.2,h=9.0,n=30,start_thres=1.25",hub,0.25,50,19,40,1730,11,0,29,1730,0.275,0.0,1.0,0.0,7.55541475659067
tfnbs,"e=0.2,h=10.0,n=30,start_thres=1.25",hub,0.25,50,19,40,1730,11,0,29,1730,0.275,0.0,1.0,0.0,7.55541475659067
tfnbs,"e=0.3,h=0.5,n=30,start_thres=1.25",hub,0.25,50,19,40,1730,16,1,24,1729,0.4,0.0005780346820809,0.9411764705882352,0.0588235294117647,7.55541475659067
tfnbs,"e=0.3,h=1.0,n=30,start_thres=1.25",hub,0.25,50,19,40,1730,16,1,24,1729,0.4,0.0005780346820809,0.9411764705882352,0.0588235294117647,7.55541475659067
tfnbs,"e=0.3,h=2.0,n=30,start_thres=1.25",hub,0.25,50,19,40,1730,16,0,24,1730,0.4,0.0,1.0,0.0,7.55541475659067
tfnbs,"e=0.3,h=3.0,n=30,start_thres=1.25",hub,0.25,50,19,40,1730,16,0,24,1730,0.4,0.0,1.0,0.0,7.55541475659067
tfnbs,"e=0.3,h=4.0,n=30,start_thres=1.25",hub,0.25,50,19,40,1730,14,0,26,1730,0.35,0.0,1.0,0.0,7.55541475659067
tfnbs,"e=0.3,h=5.0,n=30,start_thres=1.25",hub,0.25,50,19,40,1730,14,0,26,1730,0.35,0.0,1.0,0.0,7.55541475659067
tfnbs,"e=0.3,h=6.0,n=30,start_thres=1.25",hub,0.25,50,19,40,1730,12,0,28,1730,0.3,0.0,1.0,0.0,7.55541475659067
tfnbs,"e=0.3,h=7.0,n=30,start_thres=1.25",hub,0.25,50,19,40,1730,12,0,28,1730,0.3,0.0,1.0,0.0,7.55541475659067
tfnbs,"e=0.3,h=8.0,n=30,start_thres=1.25",hub,0.25,50,19,40,1730,11,0,29,1730,0.275,0.0,1.0,0.0,7.55541475659067
tfnbs,"e=0.3,h=9.0,n=30,start_thres=1.25",hub,0.25,50,19,40,1730,11,0,29,1730,0.275,0.0,1.0,0.0,7.55541475659067
tfnbs,"e=0.3,h=10.0,n=30,start_thres=1.25",hub,0.25,50,19,40,1730,11,0,29,1730,0.275,0.0,1.0,0.0,7.55541475659067
tfnbs,"e=0.4,h=0.5,n=30,start_thres=1.25",hub,0.25,50,19,40,1730,18,1,22,1729,0.45,0.0005780346820809,0.9473684210526316,0.0526315789473684,7.55541475659067
tfnbs,"e=0.4,h=1.0,n=30,start_thres=1.25",hub,0.25,50,19,40,1730,18,1,22,1729,0.45,0.0005780346820809,0.9473684210526316,0.0526315789473684,7.55541475659067
tfnbs,"e=0.4,h=2.0,n=30,start_thres=1.25",hub,0.25,50,19,40,1730,16,1,24,1729,0.4,0.0005780346820809,0.9411764705882352,0.0588235294117647,7.55541475659067
tfnbs,"e=0.4,h=3.0,n=30,start_thres=1.25",hub,0.25,50,19,40,1730,16,1,24,1729,0.4,0.0005780346820809,0.9411764705882352,0.0588235294117647,7.55541475659067
tfnbs,"e=0.4,h=4.0,n=30,start_thres=1.25",hub,0.25,50,19,40,1730,16,0,24,1730,0.4,0.0,1.0,0.0,7.55541475659067
tfnbs,"e=0.4,h=5.0,n=30,start_thres=1.25",hub,0.25,50,19,40,1730,16,0,24,1730,0.4,0.0,1.0,0.0,7.55541475659067
tfnbs,"e=0.4,h=6.0,n=30,start_thres=1.25",hub,0.25,50,19,40,1730,14,0,26,1730,0.35,0.0,1.0,0.0,7.55541475659067
tfnbs,"e=0.4,h=7.0,n=30,start_thres=1.25",hub,0.25,50,19,40,1730,14,0,26,1730,0.35,0.0,1.0,0.0,7.55541475659067
tfnbs,"e=0.4,h=8.0,n=30,start_thres=1.25",hub,0.25,50,19,40,1730,12,0,28,1730,0.3,0.0,1.0,0.0,7.55541475659067
tfnbs,"e=0.4,h=9.0,n=30,start_thres=1.25",hub,0.25,50,19,40,1730,12,0,28,1730,0.3,0.0,1.0,0.0,7.55541475659067
tfnbs,"e=0.4,h=10.0,n=30,start_thres=1.25",hub,0.25,50,19,40,1730,12,0,28,1730,0.3,0.0,1.0,0.0,7.55541475659067
tfnbs,"e=0.5,h=0.5,n=30,start_thres=1.25",hub,0.25,50,19,40,1730,18,5,22,1725,0.45,0.0028901734104046,0.782608695652174,0.217391304347826,7.55541475659067
tfnbs,"e=0.5,h=1.0,n=30,start_thres=1.25",hub,0.25,50,19,40,1730,18,5,22,1725,0.45,0.0028901734104046,0.782608695652174,0.217391304347826,7.55541475659067
tfnbs,"e=0.5,h=2.0,n=30,start_thres=1.25",hub,0.25,50,19,40,1730,18,1,22,1729,0.45,0.0005780346820809,0.9473684210526316,0.0526315789473684,7.55541475659067
tfnbs,"e=0.5,h=3.0,n=30,start_thres=1.25",hub,0.25,50,19,40,1730,18,1,22,1729,0.45,0.0005780346820809,0.9473684210526316,0.0526315789473684,7.55541475659067
tfnbs,"e=0.5,h=4.0,n=30,start_thres=1.25",hub,0.25,50,19,40,1730,16,1,24,1729,0.4,0.0005780346820809,0.9411764705882352,0.0588235294117647,7.55541475659067
tfnbs,"e=0.5,h=5.0,n=30,start_thres=1.25",hub,0.25,50,19,40,1730,16,1,24,1729,0.4,0.0005780346820809,0.9411764705882352,0.0588235294117647,7.55541475659067
tfnbs,"e=0.5,h=6.0,n=30,start_thres=1.25",hub,0.25,50,19,40,1730,16,0,24,1730,0.4,0.0,1.0,0.0,7.55541475659067
tfnbs,"e=0.5,h=7.0,n=30,start_thres=1.25",hub,0.25,50,19,40,1730,14,0,26,1730,0.35,0.0,1.0,0.0,7.55541475659067
tfnbs,"e=0.5,h=8.0,n=30,start_thres=1.25",hub,0.25,50,19,40,1730,14,0,26,1730,0.35,0.0,1.0,0.0,7.55541475659067
tfnbs,"e=0.5,h=9.0,n=30,start_thres=1.25",hub,0.25,50,19,40,1730,14,0,26,1730,0.35,0.0,1.0,0.0,7.55541475659067
tfnbs,"e=0.5,h=10.0,n=30,start_thres=1.25",hub,0.25,50,19,40,1730,12,0,28,1730,0.3,0.0,1.0,0.0,7.55541475659067
tfnbs,"e=0.6,h=0.5,n=30,start_thres=1.25",hub,0.25,50,19,40,1730,20,9,20,1721,0.5,0.0052023121387283,0.6896551724137931,0.3103448275862069,7.55541475659067
tfnbs,"e=0.6,h=1.0,n=30,start_thres=1.25",hub,0.25,50,19,40,1730,18,6,22,1724,0.45,0.0034682080924855,0.75,0.25,7.55541475659067
tfnbs,"e=0.6,h=2.0,n=30,start_thres=1.25",hub,0.25,50,19,40,1730,18,5,22,1725,0.45,0.0028901734104046,0.782608695652174,0.217391304347826,7.55541475659067
tfnbs,"e=0.6,h=3.0,n=30,start_thres=1.25",hub,0.25,50,19,40,1730,18,5,22,1725,0.45,0.0028901734104046,0.782608695652174,0.217391304347826,7.55541475659067
tfnbs,"e=0.6,h=4.0,n=30,start_thres=1.25",hub,0.25,50,19,40,1730,18,1,22,1729,0.45,0.0005780346820809,0.9473684210526316,0.0526315789473684,7.55541475659067
tfnbs,"e=0.6,h=5.0,n=30,start_thres=1.25",hub,0.25,50,19,40,1730,18,1,22,1729,0.45,0.0005780346820809,0.9473684210526316,0.0526315789473684,7.55541475659067
tfnbs,"e=0.6,h=6.0,n=30,start_thres=1.25",hub,0.25,50,19,40,1730,16,1,24,1729,0.4,0.0005780346820809,0.9411764705882352,0.0588235294117647,7.55541475659067
tfnbs,"e=0.6,h=7.0,n=30,start_thres=1.25",hub,0.25,50,19,40,1730,16,0,24,1730,0.4,0.0,1.0,0.0,7.55541475659067
tfnbs,"e=0.6,h=8.0,n=30,start_thres=1.25",hub,0.25,50,19,40,1730,16,0,24,1730,0.4,0.0,1.0,0.0,7.55541475659067
tfnbs,"e=0.6,h=9.0,n=30,start_thres=1.25",hub,0.25,50,19,40,1730,14,0,26,1730,0.35,0.0,1.0,0.0,7.55541475659067
tfnbs,"e=0.6,h=10.0,n=30,start_thres=1.25",hub,0.25,50,19,40,1730,14,0,26,1730,0.35,0.0,1.0,0.0,7.55541475659067
tfnbs,"e=0.7,h=0.5,n=30,start_thres=1.25",hub,0.25,50,19,40,1730,20,9,20,1721,0.5,0.0052023121387283,0.6896551724137931,0.3103448275862069,7.55541475659067
tfnbs,"e=0.7,h=1.0,n=30,start_thres=1.25",hub,0.25,50,19,40,1730,20,9,20,1721,0.5,0.0052023121387283,0.6896551724137931,0.3103448275862069,7.55541475659067
tfnbs,"e=0.7,h=2.0,n=30,start_thres=1.25",hub,0.25,50,19,40,1730,20,9,20,1721,0.5,0.0052023121387283,0.6896551724137931,0.3103448275862069,7.55541475659067
tfnbs,"e=0.7,h=3.0,n=30,start_thres=1.25",hub,0.25,50,19,40,1730,18,6,22,1724,0.45,0.0034682080924855,0.75,0.25,7.55541475659067
tfnbs,"e=0.7,h=4.0,n=30,start_thres=1.25",hub,0.25,50,19,40,1730,18,5,22,1725,0.45,0.0028901734104046,0.782608695652174,0.217391304347826,7.55541475659067
tfnbs,"e=0.7,h=5.0,n=30,start_thres=1.25",hub,0.25,50,19,40,1730,18,1,22,1729,0.45,0.0005780346820809,0.9473684210526316,0.0526315789473684,7.55541475659067
tfnbs,"e=0.7,h=6.0,n=30,start_thres=1.25",hub,0.25,50,19,40,1730,18,1,22,1729,0.45,0.0005780346820809,0.9473684210526316,0.0526315789473684,7.55541475659067
tfnbs,"e=0.7,h=7.0,n=30,start_thres=1.25",hub,0.25,50,19,40,1730,16,1,24,1729,0.4,0.0005780346820809,0.9411764705882352,0.0588235294117647,7.55541475659067
tfnbs,"e=0.7,h=8.0,n=30,start_thres=1.25",hub,0.25,50,19,40,1730,16,0,24,1730,0.4,0.0,1.0,0.0,7.55541475659067
tfnbs,"e=0.7,h=9.0,n=30,start_thres=1.25",hub,0.25,50,19,40,1730,16,0,24,1730,0.4,0.0,1.0,0.0,7.55541475659067
tfnbs,"e=0.7,h=10.0,n=30,start_thres=1.25",hub,0.25,50,19,40,1730,16,0,24,1730,0.4,0.0,1.0,0.0,7.55541475659067
tfnbs,"e=0.8,h=0.5,n=30,start_thres=1.25",hub,0.25,50,19,40,1730,20,9,20,1721,0.5,0.0052023121387283,0.6896551724137931,0.3103448275862069,7.55541475659067
tfnbs,"e=0.8,h=1.0,n=30,start_thres=1.25",hub,0.25,50,19,40,1730,20,9,20,1721,0.5,0.0052023121387283,0.6896551724137931,0.3103448275862069,7.55541475659067
tfnbs,"e=0.8,h=2.0,n=30,start_thres=1.25",hub,0.25,50,19,40,1730,20,9,20,1721,0.5,0.0052023121387283,0.6896551724137931,0.3103448275862069,7.55541475659067
tfnbs,"e=0.8,h=3.0,n=30,start_thres=1.25",hub,0.25,50,19,40,1730,20,9,20,1721,0.5,0.0052023121387283,0.6896551724137931,0.3103448275862069,7.55541475659067
tfnbs,"e=0.8,h=4.0,n=30,start_thres=1.25",hub,0.25,50,19,40,1730,20,9,20,1721,0.5,0.0052023121387283,0.6896551724137931,0.3103448275862069,7.55541475659067
tfnbs,"e=0.8,h=5.0,n=30,start_thres=1.25",hub,0.25,50,19,40,1730,18,5,22,1725,0.45,0.0028901734104046,0.782608695652174,0.217391304347826,7.55541475659067
tfnbs,"e=0.8,h=6.0,n=30,start_thres=1.25",hub,0.25,50,19,40,1730,18,5,22,1725,0.45,0.0028901734104046,0.782608695652174,0.217391304347826,7.55541475659067
tfnbs,"e=0.8,h=7.0,n=30,start_thres=1.25",hub,0.25,50,19,40,1730,18,1,22,1729,0.45,0.0005780346820809,0.9473684210526316,0.0526315789473684,7.55541475659067
tfnbs,"e=0.8,h=8.0,n=30,start_thres=1.25",hub,0.25,50,19,40,1730,16,1,24,1729,0.4,0.0005780346820809,0.9411764705882352,0.0588235294117647,7.55541475659067
tfnbs,"e=0.8,h=9.0,n=30,start_thres=1.25",hub,0.25,50,19,40,1730,16,1,24,1729,0.4,0.0005780346820809,0.9411764705882352,0.0588235294117647,7.55541475659067
tfnbs,"e=0.8,h=10.0,n=30,start_thres=1.25",hub,0.25,50,19,40,1730,16,0,24,1730,0.4,0.0,1.0,0.0,7.55541475659067
tfnbs,"e=0.9,h=0.5,n=30,start_thres=1.25",hub,0.25,50,19,40,1730,23,11,17,1719,0.575,0.0063583815028901,0.6764705882352942,0.3235294117647059,7.55541475659067
tfnbs,"e=0.9,h=1.0,n=30,start_thres=1.25",hub,0.25,50,19,40,1730,23,11,17,1719,0.575,0.0063583815028901,0.6764705882352942,0.3235294117647059,7.55541475659067
tfnbs,"e=0.9,h=2.0,n=30,start_thres=1.25",hub,0.25,50,19,40,1730,23,11,17,1719,0.575,0.0063583815028901,0.6764705882352942,0.3235294117647059,7.55541475659067
tfnbs,"e=0.9,h=3.0,n=30,start_thres=1.25",hub,0.25,50,19,40,1730,20,9,20,1721,0.5,0.0052023121387283,0.6896551724137931,0.3103448275862069,7.55541475659067
tfnbs,"e=0.9,h=4.0,n=30,start_thres=1.25",hub,0.25,50,19,40,1730,20,9,20,1721,0.5,0.0052023121387283,0.6896551724137931,0.3103448275862069,7.55541475659067
tfnbs,"e=0.9,h=5.0,n=30,start_thres=1.25",hub,0.25,50,19,40,1730,20,9,20,1721,0.5,0.0052023121387283,0.6896551724137931,0.3103448275862069,7.55541475659067
tfnbs,"e=0.9,h=6.0,n=30,start_thres=1.25",hub,0.25,50,19,40,1730,18,5,22,1725,0.45,0.0028901734104046,0.782608695652174,0.217391304347826,7.55541475659067
tfnbs,"e=0.9,h=7.0,n=30,start_thres=1.25",hub,0.25,50,19,40,1730,18,5,22,1725,0.45,0.0028901734104046,0.782608695652174,0.217391304347826,7.55541475659067
tfnbs,"e=0.9,h=8.0,n=30,start_thres=1.25",hub,0.25,50,19,40,1730,18,1,22,1729,0.45,0.0005780346820809,0.9473684210526316,0.0526315789473684,7.55541475659067
tfnbs,"e=0.9,h=9.0,n=30,start_thres=1.25",hub,0.25,50,19,40,1730,16,1,24,1729,0.4,0.0005780346820809,0.9411764705882352,0.0588235294117647,7.55541475659067
tfnbs,"e=0.9,h=10.0,n=30,start_thres=1.25",hub,0.25,50,19,40,1730,16,1,24,1729,0.4,0.0005780346820809,0.9411764705882352,0.0588235294117647,7.55541475659067
tfnbs,"e=1.0,h=0.5,n=30,start_thres=1.25",hub,0.25,50,19,40,1730,23,11,17,1719,0.575,0.0063583815028901,0.6764705882352942,0.3235294117647059,7.55541475659067
tfnbs,"e=1.0,h=1.0,n=30,start_thres=1.25",hub,0.25,50,19,40,1730,23,11,17,1719,0.575,0.0063583815028901,0.6764705882352942,0.3235294117647059,7.55541475659067
tfnbs,"e=1.0,h=2.0,n=30,start_thres=1.25",hub,0.25,50,19,40,1730,23,11,17,1719,0.575,0.0063583815028901,0.6764705882352942,0.3235294117647059,7.55541475659067
tfnbs,"e=1.0,h=3.0,n=30,start_thres=1.25",hub,0.25,50,19,40,1730,23,11,17,1719,0.575,0.0063583815028901,0.6764705882352942,0.3235294117647059,7.55541475659067
tfnbs,"e=1.0,h=4.0,n=30,start_thres=1.25",hub,0.25,50,19,40,1730,23,11,17,1719,0.575,0.0063583815028901,0.6764705882352942,0.3235294117647059,7.55541475659067
tfnbs,"e=1.0,h=5.0,n=30,start_thres=1.25",hub,0.25,50,19,40,1730,20,9,20,1721,0.5,0.0052023121387283,0.6896551724137931,0.3103448275862069,7.55541475659067
tfnbs,"e=1.0,h=6.0,n=30,start_thres=1.25",hub,0.25,50,19,40,1730,20,9,20,1721,0.5,0.0052023121387283,0.6896551724137931,0.3103448275862069,7.55541475659067
tfnbs,"e=1.0,h=7.0,n=30,start_thres=1.25",hub,0.25,50,19,40,1730,18,5,22,1725,0.45,0.0028901734104046,0.782608695652174,0.217391304347826,7.55541475659067
tfnbs,"e=1.0,h=8.0,n=30,start_thres=1.25",hub,0.25,50,19,40,1730,18,5,22,1725,0.45,0.0028901734104046,0.782608695652174,0.217391304347826,7.55541475659067
tfnbs,"e=1.0,h=9.0,n=30,start_thres=1.25",hub,0.25,50,19,40,1730,18,1,22,1729,0.45,0.0005780346820809,0.9473684210526316,0.0526315789473684,7.55541475659067
tfnbs,"e=1.0,h=10.0,n=30,start_thres=1.25",hub,0.25,50,19,40,1730,16,1,24,1729,0.4,0.0005780346820809,0.9411764705882352,0.0588235294117647,7.55541475659067
tfnbs,"e=1.1,h=0.5,n=30,start_thres=1.25",hub,0.25,50,19,40,1730,23,11,17,1719,0.575,0.0063583815028901,0.6764705882352942,0.3235294117647059,7.55541475659067
tfnbs,"e=1.1,h=1.0,n=30,start_thres=1.25",hub,0.25,50,19,40,1730,23,11,17,1719,0.575,0.0063583815028901,0.6764705882352942,0.3235294117647059,7.55541475659067
tfnbs,"e=1.1,h=2.0,n=30,start_thres=1.25",hub,0.25,50,19,40,1730,23,11,17,1719,0.575,0.0063583815028901,0.6764705882352942,0.3235294117647059,7.55541475659067
tfnbs,"e=1.1,h=3.0,n=30,start_thres=1.25",hub,0.25,50,19,40,1730,23,11,17,1719,0.575,0.0063583815028901,0.6764705882352942,0.3235294117647059,7.55541475659067
tfnbs,"e=1.1,h=4.0,n=30,start_thres=1.25",hub,0.25,50,19,40,1730,23,11,17,1719,0.575,0.0063583815028901,0.6764705882352942,0.3235294117647059,7.55541475659067
tfnbs,"e=1.1,h=5.0,n=30,start_thres=1.25",hub,0.25,50,19,40,1730,23,11,17,1719,0.575,0.0063583815028901,0.6764705882352942,0.3235294117647059,7.55541475659067
tfnbs,"e=1.1,h=6.0,n=30,start_thres=1.25",hub,0.25,50,19,40,1730,20,9,20,1721,0.5,0.0052023121387283,0.6896551724137931,0.3103448275862069,7.55541475659067
tfnbs,"e=1.1,h=7.0,n=30,start_thres=1.25",hub,0.25,50,19,40,1730,20,9,20,1721,0.5,0.0052023121387283,0.6896551724137931,0.3103448275862069,7.55541475659067
tfnbs,"e=1.1,h=8.0,n=30,start_thres=1.25",hub,0.25,50,19,40,1730,18,6,22,1724,0.45,0.0034682080924855,0.75,0.25,7.55541475659067
tfnbs,"e=1.1,h=9.0,n=30,start_thres=1.25",hub,0.25,50,19,40,1730,18,5,22,1725,0.45,0.0028901734104046,0.782608695652174,0.217391304347826,7.55541475659067
tfnbs,"e=1.1,h=10.0,n=30,start_thres=1.25",hub,0.25,50,19,40,1730,18,1,22,1729,0.45,0.0005780346820809,0.9473684210526316,0.0526315789473684,7.55541475659067
tfnbs,"e=1.2,h=0.5,n=30,start_thres=1.25",hub,0.25,50,19,40,1730,23,11,17,1719,0.575,0.0063583815028901,0.6764705882352942,0.3235294117647059,7.55541475659067
tfnbs,"e=1.2,h=1.0,n=30,start_thres=1.25",hub,0.25,50,19,40,1730,23,11,17,1719,0.575,0.0063583815028901,0.6764705882352942,0.3235294117647059,7.55541475659067
tfnbs,"e=1.2,h=2.0,n=30,start_thres=1.25",hub,0.25,50,19,40,1730,23,11,17,1719,0.575,0.0063583815028901,0.6764705882352942,0.3235294117647059,7.55541475659067
tfnbs,"e=1.2,h=3.0,n=30,start_thres=1.25",hub,0.25,50,19,40,1730,23,11,17,1719,0.575,0.0063583815028901,0.6764705882352942,0.3235294117647059,7.55541475659067
tfnbs,"e=1.2,h=4.0,n=30,start_thres=1.25",hub,0.25,50,19,40,1730,23,11,17,1719,0.575,0.0063583815028901,0.6764705882352942,0.3235294117647059,7.55541475659067
tfnbs,"e=1.2,h=5.0,n=30,start_thres=1.25",hub,0.25,50,19,40,1730,23,11,17,1719,0.575,0.0063583815028901,0.6764705882352942,0.3235294117647059,7.55541475659067
tfnbs,"e=1.2,h=6.0,n=30,start_thres=1.25",hub,0.25,50,19,40,1730,23,11,17,1719,0.575,0.0063583815028901,0.6764705882352942,0.3235294117647059,7.55541475659067
tfnbs,"e=1.2,h=7.0,n=30,start_thres=1.25",hub,0.25,50,19,40,1730,20,9,20,1721,0.5,0.0052023121387283,0.6896551724137931,0.3103448275862069,7.55541475659067
tfnbs,"e=1.2,h=8.0,n=30,start_thres=1.25",hub,0.25,50,19,40,1730,20,9,20,1721,0.5,0.0052023121387283,0.6896551724137931,0.3103448275862069,7.55541475659067
tfnbs,"e=1.2,h=9.0,n=30,start_thres=1.25",hub,0.25,50,19,40,1730,20,9,20,1721,0.5,0.0052023121387283,0.6896551724137931,0.3103448275862069,7.55541475659067
tfnbs,"e=1.2,h=10.0,n=30,start_thres=1.25",hub,0.25,50,19,40,1730,18,5,22,1725,0.45,0.0028901734104046,0.782608695652174,0.217391304347826,7.55541475659067
tfnbs,"e=1.3,h=0.5,n=30,start_thres=1.25",hub,0.25,50,19,40,1730,20,9,20,1721,0.5,0.0052023121387283,0.6896551724137931,0.3103448275862069,7.55541475659067
tfnbs,"e=1.3,h=1.0,n=30,start_thres=1.25",hub,0.25,50,19,40,1730,23,11,17,1719,0.575,0.0063583815028901,0.6764705882352942,0.3235294117647059,7.55541475659067
tfnbs,"e=1.3,h=2.0,n=30,start_thres=1.25",hub,0.25,50,19,40,1730,23,11,17,1719,0.575,0.0063583815028901,0.6764705882352942,0.3235294117647059,7.55541475659067
tfnbs,"e=1.3,h=3.0,n=30,start_thres=1.25",hub,0.25,50,19,40,1730,23,11,17,1719,0.575,0.0063583815028901,0.6764705882352942,0.3235294117647059,7.55541475659067
tfnbs,"e=1.3,h=4.0,n=30,start_thres=1.25",hub,0.25,50,19,40,1730,23,11,17,1719,0.575,0.0063583815028901,0.6764705882352942,0.3235294117647059,7.55541475659067
tfnbs,"e=1.3,h=5.0,n=30,start_thres=1.25",hub,0.25,50,19,40,1730,23,11,17,1719,0.575,0.0063583815028901,0.6764705882352942,0.3235294117647059,7.55541475659067
tfnbs,"e=1.3,h=6.0,n=30,start_thres=1.25",hub,0.25,50,19,40,1730,23,11,17,1719,0.575,0.0063583815028901,0.6764705882352942,0.3235294117647059,7.55541475659067
tfnbs,"e=1.3,h=7.0,n=30,start_thres=1.25",hub,0.25,50,19,40,1730,23,11,17,1719,0.575,0.0063583815028901,0.6764705882352942,0.3235294117647059,7.55541475659067
tfnbs,"e=1.3,h=8.0,n=30,start_thres=1.25",hub,0.25,50,19,40,1730,23,11,17,1719,0.575,0.0063583815028901,0.6764705882352942,0.3235294117647059,7.55541475659067
tfnbs,"e=1.3,h=9.0,n=30,start_thres=1.25",hub,0.25,50,19,40,1730,20,9,20,1721,0.5,0.0052023121387283,0.6896551724137931,0.3103448275862069,7.55541475659067
tfnbs,"e=1.3,h=10.0,n=30,start_thres=1.25",hub,0.25,50,19,40,1730,20,9,20,1721,0.5,0.0052023121387283,0.6896551724137931,0.3103448275862069,7.55541475659067
tfnbs,"e=1.4,h=0.5,n=30,start_thres=1.25",hub,0.25,50,19,40,1730,20,9,20,1721,0.5,0.0052023121387283,0.6896551724137931,0.3103448275862069,7.55541475659067
tfnbs,"e=1.4,h=1.0,n=30,start_thres=1.25",hub,0.25,50,19,40,1730,23,11,17,1719,0.575,0.0063583815028901,0.6764705882352942,0.3235294117647059,7.55541475659067
tfnbs,"e=1.4,h=2.0,n=30,start_thres=1.25",hub,0.25,50,19,40,1730,23,11,17,1719,0.575,0.0063583815028901,0.6764705882352942,0.3235294117647059,7.55541475659067
tfnbs,"e=1.4,h=3.0,n=30,start_thres=1.25",hub,0.25,50,19,40,1730,23,11,17,1719,0.575,0.0063583815028901,0.6764705882352942,0.3235294117647059,7.55541475659067
tfnbs,"e=1.4,h=4.0,n=30,start_thres=1.25",hub,0.25,50,19,40,1730,25,14,15,1716,0.625,0.0080924855491329,0.6410256410256411,0.358974358974359,7.55541475659067
tfnbs,"e=1.4,h=5.0,n=30,start_thres=1.25",hub,0.25,50,19,40,1730,23,11,17,1719,0.575,0.0063583815028901,0.6764705882352942,0.3235294117647059,7.55541475659067
tfnbs,"e=1.4,h=6.0,n=30,start_thres=1.25",hub,0.25,50,19,40,1730,23,11,17,1719,0.575,0.0063583815028901,0.6764705882352942,0.3235294117647059,7.55541475659067
tfnbs,"e=1.4,h=7.0,n=30,start_thres=1.25",hub,0.25,50,19,40,1730,23,11,17,1719,0.575,0.0063583815028901,0.6764705882352942,0.3235294117647059,7.55541475659067
tfnbs,"e=1.4,h=8.0,n=30,start_thres=1.25",hub,0.25,50,19,40,1730,23,11,17,1719,0.575,0.0063583815028901,0.6764705882352942,0.3235294117647059,7.55541475659067
tfnbs,"e=1.4,h=9.0,n=30,start_thres=1.25",hub,0.25,50,19,40,1730,23,11,17,1719,0.575,0.0063583815028901,0.6764705882352942,0.3235294117647059,7.55541475659067
tfnbs,"e=1.4,h=10.0,n=30,start_thres=1.25",hub,0.25,50,19,40,1730,20,9,20,1721,0.5,0.0052023121387283,0.6896551724137931,0.3103448275862069,7.55541475659067
tfnbs,"e=1.5,h=0.5,n=30,start_thres=1.25",hub,0.25,50,19,40,1730,20,9,20,1721,0.5,0.0052023121387283,0.6896551724137931,0.3103448275862069,7.55541475659067
tfnbs,"e=1.5,h=1.0,n=30,start_thres=1.25",hub,0.25,50,19,40,1730,20,9,20,1721,0.5,0.0052023121387283,0.6896551724137931,0.3103448275862069,7.55541475659067
tfnbs,"e=1.5,h=2.0,n=30,start_thres=1.25",hub,0.25,50,19,40,1730,23,11,17,1719,0.575,0.0063583815028901,0.6764705882352942,0.3235294117647059,7.55541475659067
tfnbs,"e=1.5,h=3.0,n=30,start_thres=1.25",hub,0.25,50,19,40,1730,23,11,17,1719,0.575,0.0063583815028901,0.6764705882352942,0.3235294117647059,7.55541475659067
tfnbs,"e=1.5,h=4.0,n=30,start_thres=1.25",hub,0.25,50,19,40,1730,25,14,15,1716,0.625,0.0080924855491329,0.6410256410256411,0.358974358974359,7.55541475659067
tfnbs,"e=1.5,h=5.0,n=30,start_thres=1.25",hub,0.25,50,19,40,1730,25,14,15,1716,0.625,0.0080924855491329,0.6410256410256411,0.358974358974359,7.55541475659067
tfnbs,"e=1.5,h=6.0,n=30,start_thres=1.25",hub,0.25,50,19,40,1730,25,14,15,1716,0.625,0.0080924855491329,0.6410256410256411,0.358974358974359,7.55541475659067
tfnbs,"e=1.5,h=7.0,n=30,start_thres=1.25",hub,0.25,50,19,40,1730,23,11,17,1719,0.575,0.0063583815028901,0.6764705882352942,0.3235294117647059,7.55541475659067
tfnbs,"e=1.5,h=8.0,n=30,start_thres=1.25",hub,0.25,50,19,40,1730,23,11,17,1719,0.575,0.0063583815028901,0.6764705882352942,0.3235294117647059,7.55541475659067
tfnbs,"e=1.5,h=9.0,n=30,start_thres=1.25",hub,0.25,50,19,40,1730,23,11,17,1719,0.575,0.0063583815028901,0.6764705882352942,0.3235294117647059,7.55541475659067
tfnbs,"e=1.5,h=10.0,n=30,start_thres=1.25",hub,0.25,50,19,40,1730,23,11,17,1719,0.575,0.0063583815028901,0.6764705882352942,0.3235294117647059,7.55541475659067
nbs_intensity,threshold=1.0,hub,0.25,50,22,40,1730,0,0,40,1730,0.0,0.0,0.0,0.0,8.715071678161621
nbs_intensity,threshold=1.0,hub,0.25,50,23,40,1730,40,361,0,1369,1.0,0.2086705202312138,0.0997506234413965,0.9002493765586035,8.819004535675049
tfnbs,"e=0.05,h=0.5,n=30,start_thres=1.25",hub,0.25,50,5,40,1730,20,0,20,1730,0.5,0.0,1.0,0.0,7.761354911056432
tfnbs,"e=0.05,h=1.0,n=30,start_thres=1.25",hub,0.25,50,5,40,1730,20,0,20,1730,0.5,0.0,1.0,0.0,7.761354911056432
tfnbs,"e=0.05,h=2.0,n=30,start_thres=1.25",hub,0.25,50,5,40,1730,20,0,20,1730,0.5,0.0,1.0,0.0,7.761354911056432
tfnbs,"e=0.05,h=3.0,n=30,start_thres=1.25",hub,0.25,50,5,40,1730,20,0,20,1730,0.5,0.0,1.0,0.0,7.761354911056432
tfnbs,"e=0.05,h=4.0,n=30,start_thres=1.25",hub,0.25,50,5,40,1730,20,0,20,1730,0.5,0.0,1.0,0.0,7.761354911056432
tfnbs,"e=0.05,h=5.0,n=30,start_thres=1.25",hub,0.25,50,5,40,1730,20,0,20,1730,0.5,0.0,1.0,0.0,7.761354911056432
tfnbs,"e=0.05,h=6.0,n=30,start_thres=1.25",hub,0.25,50,5,40,1730,20,0,20,1730,0.5,0.0,1.0,0.0,7.761354911056432
tfnbs,"e=0.05,h=7.0,n=30,start_thres=1.25",hub,0.25,50,5,40,1730,16,0,24,1730,0.4,0.0,1.0,0.0,7.761354911056432
tfnbs,"e=0.05,h=8.0,n=30,start_thres=1.25",hub,0.25,50,5,40,1730,16,0,24,1730,0.4,0.0,1.0,0.0,7.761354911056432
tfnbs,"e=0.05,h=9.0,n=30,start_thres=1.25",hub,0.25,50,5,40,1730,16,0,24,1730,0.4,0.0,1.0,0.0,7.761354911056432
tfnbs,"e=0.05,h=10.0,n=30,start_thres=1.25",hub,0.25,50,5,40,1730,16,0,24,1730,0.4,0.0,1.0,0.0,7.761354911056432
tfnbs,"e=0.1,h=0.5,n=30,start_thres=1.25",hub,0.25,50,5,40,1730,24,1,16,1729,0.6,0.0005780346820809,0.96,0.04,7.761354911056432
tfnbs,"e=0.1,h=1.0,n=30,start_thres=1.25",hub,0.25,50,5,40,1730,22,0,18,1730,0.55,0.0,1.0,0.0,7.761354911056432
tfnbs,"e=0.1,h=2.0,n=30,start_thres=1.25",hub,0.25,50,5,40,1730,22,0,18,1730,0.55,0.0,1.0,0.0,7.761354911056432
tfnbs,"e=0.1,h=3.0,n=30,start_thres=1.25",hub,0.25,50,5,40,1730,22,0,18,1730,0.55,0.0,1.0,0.0,7.761354911056432
tfnbs,"e=0.1,h=4.0,n=30,start_thres=1.25",hub,0.25,50,5,40,1730,20,0,20,1730,0.5,0.0,1.0,0.0,7.761354911056432
tfnbs,"e=0.1,h=5.0,n=30,start_thres=1.25",hub,0.25,50,5,40,1730,20,0,20,1730,0.5,0.0,1.0,0.0,7.761354911056432
tfnbs,"e=0.1,h=6.0,n=30,start_thres=1.25",hub,0.25,50,5,40,1730,20,0,20,1730,0.5,0.0,1.0,0.0,7.761354911056432
tfnbs,"e=0.1,h=7.0,n=30,start_thres=1.25",hub,0.25,50,5,40,1730,20,0,20,1730,0.5,0.0,1.0,0.0,7.761354911056432
tfnbs,"e=0.1,h=8.0,n=30,start_thres=1.25",hub,0.25,50,5,40,1730,20,0,20,1730,0.5,0.0,1.0,0.0,7.761354911056432
tfnbs,"e=0.1,h=9.0,n=30,start_thres=1.25",hub,0.25,50,5,40,1730,20,0,20,1730,0.5,0.0,1.0,0.0,7.761354911056432
tfnbs,"e=0.1,h=10.0,n=30,start_thres=1.25",hub,0.25,50,5,40,1730,20,0,20,1730,0.5,0.0,1.0,0.0,7.761354911056432
tfnbs,"e=0.2,h=0.5,n=30,start_thres=1.25",hub,0.25,50,5,40,1730,29,1,11,1729,0.725,0.0005780346820809,0.9666666666666668,0.0333333333333333,7.761354911056432
tfnbs,"e=0.2,h=1.0,n=30,start_thres=1.25",hub,0.25,50,5,40,1730,28,1,12,1729,0.7,0.0005780346820809,0.9655172413793104,0.0344827586206896,7.761354911056432
tfnbs,"e=0.2,h=2.0,n=30,start_thres=1.25",hub,0.25,50,5,40,1730,28,1,12,1729,0.7,0.0005780346820809,0.9655172413793104,0.0344827586206896,7.761354911056432
tfnbs,"e=0.2,h=3.0,n=30,start_thres=1.25",hub,0.25,50,5,40,1730,24,1,16,1729,0.6,0.0005780346820809,0.96,0.04,7.761354911056432
tfnbs,"e=0.2,h=4.0,n=30,start_thres=1.25",hub,0.25,50,5,40,1730,24,1,16,1729,0.6,0.0005780346820809,0.96,0.04,7.761354911056432
tfnbs,"e=0.2,h=5.0,n=30,start_thres=1.25",hub,0.25,50,5,40,1730,22,0,18,1730,0.55,0.0,1.0,0.0,7.761354911056432
tfnbs,"e=0.2,h=6.0,n=30,start_thres=1.25",hub,0.25,50,5,40,1730,22,0,18,1730,0.55,0.0,1.0,0.0,7.761354911056432
tfnbs,"e=0.2,h=7.0,n=30,start_thres=1.25",hub,0.25,50,5,40,1730,22,0,18,1730,0.55,0.0,1.0,0.0,7.761354911056432
tfnbs,"e=0.2,h=8.0,n=30,start_thres=1.25",hub,0.25,50,5,40,1730,22,0,18,1730,0.55,0.0,1.0,0.0,7.761354911056432
tfnbs,"e=0.2,h=9.0,n=30,start_thres=1.25",hub,0.25,50,5,40,1730,22,0,18,1730,0.55,0.0,1.0,0.0,7.761354911056432
tfnbs,"e=0.2,h=10.0,n=30,start_thres=1.25",hub,0.25,50,5,40,1730,20,0,20,1730,0.5,0.0,1.0,0.0,7.761354911056432
tfnbs,"e=0.3,h=0.5,n=30,start_thres=1.25",hub,0.25,50,5,40,1730,33,2,7,1728,0.825,0.0011560693641618,0.9428571428571428,0.0571428571428571,7.761354911056432
tfnbs,"e=0.3,h=1.0,n=30,start_thres=1.25",hub,0.25,50,5,40,1730,33,2,7,1728,0.825,0.0011560693641618,0.9428571428571428,0.0571428571428571,7.761354911056432
tfnbs,"e=0.3,h=2.0,n=30,start_thres=1.25",hub,0.25,50,5,40,1730,29,1,11,1729,0.725,0.0005780346820809,0.9666666666666668,0.0333333333333333,7.761354911056432
tfnbs,"e=0.3,h=3.0,n=30,start_thres=1.25",hub,0.25,50,5,40,1730,29,1,11,1729,0.725,0.0005780346820809,0.9666666666666668,0.0333333333333333,7.761354911056432
tfnbs,"e=0.3,h=4.0,n=30,start_thres=1.25",hub,0.25,50,5,40,1730,28,1,12,1729,0.7,0.0005780346820809,0.9655172413793104,0.0344827586206896,7.761354911056432
tfnbs,"e=0.3,h=5.0,n=30,start_thres=1.25",hub,0.25,50,5,40,1730,28,1,12,1729,0.7,0.0005780346820809,0.9655172413793104,0.0344827586206896,7.761354911056432
tfnbs,"e=0.3,h=6.0,n=30,start_thres=1.25",hub,0.25,50,5,40,1730,24,1,16,1729,0.6,0.0005780346820809,0.96,0.04,7.761354911056432
tfnbs,"e=0.3,h=7.0,n=30,start_thres=1.25",hub,0.25,50,5,40,1730,24,1,16,1729,0.6,0.0005780346820809,0.96,0.04,7.761354911056432
tfnbs,"e=0.3,h=8.0,n=30,start_thres=1.25",hub,0.25,50,5,40,1730,24,1,16,1729,0.6,0.0005780346820809,0.96,0.04,7.761354911056432
tfnbs,"e=0.3,h=9.0,n=30,start_thres=1.25",hub,0.25,50,5,40,1730,22,0,18,1730,0.55,0.0,1.0,0.0,7.761354911056432
tfnbs,"e=0.3,h=10.0,n=30,start_thres=1.25",hub,0.25,50,5,40,1730,22,0,18,1730,0.55,0.0,1.0,0.0,7.761354911056432
tfnbs,"e=0.4,h=0.5,n=30,start_thres=1.25",hub,0.25,50,5,40,1730,35,4,5,1726,0.875,0.0023121387283236,0.8974358974358975,0.1025641025641025,7.761354911056432
tfnbs,"e=0.4,h=1.0,n=30,start_thres=1.25",hub,0.25,50,5,40,1730,35,4,5,1726,0.875,0.0023121387283236,0.8974358974358975,0.1025641025641025,7.761354911056432
tfnbs,"e=0.4,h=2.0,n=30,start_thres=1.25",hub,0.25,50,5,40,1730,35,3,5,1727,0.875,0.0017341040462427,0.9210526315789472,0.0789473684210526,7.761354911056432
tfnbs,"e=0.4,h=3.0,n=30,start_thres=1.25",hub,0.25,50,5,40,1730,33,2,7,1728,0.825,0.0011560693641618,0.9428571428571428,0.0571428571428571,7.761354911056432
tfnbs,"e=0.4,h=4.0,n=30,start_thres=1.25",hub,0.25,50,5,40,1730,29,1,11,1729,0.725,0.0005780346820809,0.9666666666666668,0.0333333333333333,7.761354911056432
tfnbs,"e=0.4,h=5.0,n=30,start_thres=1.25",hub,0.25,50,5,40,1730,29,1,11,1729,0.725,0.0005780346820809,0.9666666666666668,0.0333333333333333,7.761354911056432
tfnbs,"e=0.4,h=6.0,n=30,start_thres=1.25",hub,0.25,50,5,40,1730,28,1,12,1729,0.7,0.0005780346820809,0.9655172413793104,0.0344827586206896,7.761354911056432
tfnbs,"e=0.4,h=7.0,n=30,start_thres=1.25",hub,0.25,50,5,40,1730,28,1,12,1729,0.7,0.0005780346820809,0.9655172413793104,0.0344827586206896,7.761354911056432
tfnbs,"e=0.4,h=8.0,n=30,start_thres=1.25",hub,0.25,50,5,40,1730,24,1,16,1729,0.6,0.0005780346820809,0.96,0.04,7.761354911056432
tfnbs,"e=0.4,h=9.0,n=30,start_thres=1.25",hub,0.25,50,5,40,1730,24,1,16,1729,0.6,0.0005780346820809,0.96,0.04,7.761354911056432
tfnbs,"e=0.4,h=10.0,n=30,start_thres=1.25",hub,0.25,50,5,40,1730,24,1,16,1729,0.6,0.0005780346820809,0.96,0.04,7.761354911056432
tfnbs,"e=0.5,h=0.5,n=30,start_thres=1.25",hub,0.25,50,5,40,1730,36,5,4,1725,0.9,0.0028901734104046,0.8780487804878049,0.1219512195121951,7.761354911056432
tfnbs,"e=0.5,h=1.0,n=30,start_thres=1.25",hub,0.25,50,5,40,1730,36,5,4,1725,0.9,0.0028901734104046,0.8780487804878049,0.1219512195121951,7.761354911056432
tfnbs,"e=0.5,h=2.0,n=30,start_thres=1.25",hub,0.25,50,5,40,1730,36,5,4,1725,0.9,0.0028901734104046,0.8780487804878049,0.1219512195121951,7.761354911056432
tfnbs,"e=0.5,h=3.0,n=30,start_thres=1.25",hub,0.25,50,5,40,1730,35,4,5,1726,0.875,0.0023121387283236,0.8974358974358975,0.1025641025641025,7.761354911056432
tfnbs,"e=0.5,h=4.0,n=30,start_thres=1.25",hub,0.25,50,5,40,1730,33,2,7,1728,0.825,0.0011560693641618,0.9428571428571428,0.0571428571428571,7.761354911056432
tfnbs,"e=0.5,h=5.0,n=30,start_thres=1.25",hub,0.25,50,5,40,1730,33,2,7,1728,0.825,0.0011560693641618,0.9428571428571428,0.0571428571428571,7.761354911056432
tfnbs,"e=0.5,h=6.0,n=30,start_thres=1.25",hub,0.25,50,5,40,1730,29,1,11,1729,0.725,0.0005780346820809,0.9666666666666668,0.0333333333333333,7.761354911056432
tfnbs,"e=0.5,h=7.0,n=30,start_thres=1.25",hub,0.25,50,5,40,1730,29,1,11,1729,0.725,0.0005780346820809,0.9666666666666668,0.0333333333333333,7.761354911056432
tfnbs,"e=0.5,h=8.0,n=30,start_thres=1.25",hub,0.25,50,5,40,1730,28,1,12,1729,0.7,0.0005780346820809,0.9655172413793104,0.0344827586206896,7.761354911056432
tfnbs,"e=0.5,h=9.0,n=30,start_thres=1.25",hub,0.25,50,5,40,1730,28,1,12,1729,0.7,0.0005780346820809,0.9655172413793104,0.0344827586206896,7.761354911056432
tfnbs,"e=0.5,h=10.0,n=30,start_thres=1.25",hub,0.25,50,5,40,1730,24,1,16,1729,0.6,0.0005780346820809,0.96,0.04,7.761354911056432
tfnbs,"e=0.6,h=0.5,n=30,start_thres=1.25",hub,0.25,50,5,40,1730,38,7,2,1723,0.95,0.0040462427745664,0.8444444444444444,0.1555555555555555,7.761354911056432
tfnbs,"e=0.6,h=1.0,n=30,start_thres=1.25",hub,0.25,50,5,40,1730,38,7,2,1723,0.95,0.0040462427745664,0.8444444444444444,0.1555555555555555,7.761354911056432
tfnbs,"e=0.6,h=2.0,n=30,start_thres=1.25",hub,0.25,50,5,40,1730,38,7,2,1723,0.95,0.0040462427745664,0.8444444444444444,0.1555555555555555,7.761354911056432
tfnbs,"e=0.6,h=3.0,n=30,start_thres=1.25",hub,0.25,50,5,40,1730,36,5,4,1725,0.9,0.0028901734104046,0.8780487804878049,0.1219512195121951,7.761354911056432
tfnbs,"e=0.6,h=4.0,n=30,start_thres=1.25",hub,0.25,50,5,40,1730,35,4,5,1726,0.875,0.0023121387283236,0.8974358974358975,0.1025641025641025,7.761354911056432
tfnbs,"e=0.6,h=5.0,n=30,start_thres=1.25",hub,0.25,50,5,40,1730,35,2,5,1728,0.875,0.0011560693641618,0.945945945945946,0.054054054054054,7.761354911056432
tfnbs,"e=0.6,h=6.0,n=30,start_thres=1.25",hub,0.25,50,5,40,1730,33,2,7,1728,0.825,0.0011560693641618,0.9428571428571428,0.0571428571428571,7.761354911056432
tfnbs,"e=0.6,h=7.0,n=30,start_thres=1.25",hub,0.25,50,5,40,1730,33,2,7,1728,0.825,0.0011560693641618,0.9428571428571428,0.0571428571428571,7.761354911056432
tfnbs,"e=0.6,h=8.0,n=30,start_thres=1.25",hub,0.25,50,5,40,1730,29,1,11,1729,0.725,0.0005780346820809,0.9666666666666668,0.0333333333333333,7.761354911056432
tfnbs,"e=0.6,h=9.0,n=30,start_thres=1.25",hub,0.25,50,5,40,1730,29,1,11,1729,0.725,0.0005780346820809,0.9666666666666668,0.0333333333333333,7.761354911056432
tfnbs,"e=0.6,h=10.0,n=30,start_thres=1.25",hub,0.25,50,5,40,1730,28,1,12,1729,0.7,0.0005780346820809,0.9655172413793104,0.0344827586206896,7.761354911056432
tfnbs,"e=0.7,h=0.5,n=30,start_thres=1.25",hub,0.25,50,5,40,1730,38,7,2,1723,0.95,0.0040462427745664,0.8444444444444444,0.1555555555555555,7.761354911056432
tfnbs,"e=0.7,h=1.0,n=30,start_thres=1.25",hub,0.25,50,5,40,1730,38,7,2,1723,0.95,0.0040462427745664,0.8444444444444444,0.1555555555555555,7.761354911056432
tfnbs,"e=0.7,h=2.0,n=30,start_thres=1.25",hub,0.25,50,5,40,1730,38,7,2,1723,0.95,0.0040462427745664,0.8444444444444444,0.1555555555555555,7.761354911056432
tfnbs,"e=0.7,h=3.0,n=30,start_thres=1.25",hub,0.25,50,5,40,1730,38,7,2,1723,0.95,0.0040462427745664,0.8444444444444444,0.1555555555555555,7.761354911056432
tfnbs,"e=0.7,h=4.0,n=30,start_thres=1.25",hub,0.25,50,5,40,1730,36,5,4,1725,0.9,0.0028901734104046,0.8780487804878049,0.1219512195121951,7.761354911056432
tfnbs,"e=0.7,h=5.0,n=30,start_thres=1.25",hub,0.25,50,5,40,1730,36,5,4,1725,0.9,0.0028901734104046,0.8780487804878049,0.1219512195121951,7.761354911056432
tfnbs,"e=0.7,h=6.0,n=30,start_thres=1.25",hub,0.25,50,5,40,1730,35,2,5,1728,0.875,0.0011560693641618,0.945945945945946,0.054054054054054,7.761354911056432
tfnbs,"e=0.7,h=7.0,n=30,start_thres=1.25",hub,0.25,50,5,40,1730,33,2,7,1728,0.825,0.0011560693641618,0.9428571428571428,0.0571428571428571,7.761354911056432
tfnbs,"e=0.7,h=8.0,n=30,start_thres=1.25",hub,0.25,50,5,40,1730,33,2,7,1728,0.825,0.0011560693641618,0.9428571428571428,0.0571428571428571,7.761354911056432
tfnbs,"e=0.7,h=9.0,n=30,start_thres=1.25",hub,0.25,50,5,40,1730,29,1,11,1729,0.725,0.0005780346820809,0.9666666666666668,0.0333333333333333,7.761354911056432
tfnbs,"e=0.7,h=10.0,n=30,start_thres=1.25",hub,0.25,50,5,40,1730,29,1,11,1729,0.725,0.0005780346820809,0.9666666666666668,0.0333333333333333,7.761354911056432
tfnbs,"e=0.8,h=0.5,n=30,start_thres=1.25",hub,0.25,50,5,40,1730,38,12,2,1718,0.95,0.006936416184971,0.76,0.24,7.761354911056432
tfnbs,"e=0.8,h=1.0,n=30,start_thres=1.25",hub,0.25,50,5,40,1730,38,12,2,1718,0.95,0.006936416184971,0.76,0.24,7.761354911056432
tfnbs,"e=0.8,h=2.0,n=30,start_thres=1.25",hub,0.25,50,5,40,1730,38,12,2,1718,0.95,0.006936416184971,0.76,0.24,7.761354911056432
tfnbs,"e=0.8,h=3.0,n=30,start_thres=1.25",hub,0.25,50,5,40,1730,38,7,2,1723,0.95,0.0040462427745664,0.8444444444444444,0.1555555555555555,7.761354911056432
tfnbs,"e=0.8,h=4.0,n=30,start_thres=1.25",hub,0.25,50,5,40,1730,38,7,2,1723,0.95,0.0040462427745664,0.8444444444444444,0.1555555555555555,7.761354911056432
tfnbs,"e=0.8,h=5.0,n=30,start_thres=1.25",hub,0.25,50,5,40,1730,36,5,4,1725,0.9,0.0028901734104046,0.8780487804878049,0.1219512195121951,7.761354911056432
tfnbs,"e=0.8,h=6.0,n=30,start_thres=1.25",hub,0.25,50,5,40,1730,36,5,4,1725,0.9,0.0028901734104046,0.8780487804878049,0.1219512195121951,7.761354911056432
tfnbs,"e=0.8,h=7.0,n=30,start_thres=1.25",hub,0.25,50,5,40,1730,35,3,5,1727,0.875,0.0017341040462427,0.9210526315789472,0.0789473684210526,7.761354911056432
tfnbs,"e=0.8,h=8.0,n=30,start_thres=1.25",hub,0.25,50,5,40,1730,35,2,5,1728,0.875,0.0011560693641618,0.945945945945946,0.054054054054054,7.761354911056432
tfnbs,"e=0.8,h=9.0,n=30,start_thres=1.25",hub,0.25,50,5,40,1730,33,2,7,1728,0.825,0.0011560693641618,0.9428571428571428,0.0571428571428571,7.761354911056432
tfnbs,"e=0.8,h=10.0,n=30,start_thres=1.25",hub,0.25,50,5,40,1730,33,2,7,1728,0.825,0.0011560693641618,0.9428571428571428,0.0571428571428571,7.761354911056432
tfnbs,"e=0.9,h=0.5,n=30,start_thres=1.25",hub,0.25,50,5,40,1730,38,12,2,1718,0.95,0.006936416184971,0.76,0.24,7.761354911056432
tfnbs,"e=0.9,h=1.0,n=30,start_thres=1.25",hub,0.25,50,5,40,1730,38,12,2,1718,0.95,0.006936416184971,0.76,0.24,7.761354911056432
tfnbs,"e=0.9,h=2.0,n=30,start_thres=1.25",hub,0.25,50,5,40,1730,38,12,2,1718,0.95,0.006936416184971,0.76,0.24,7.761354911056432
tfnbs,"e=0.9,h=3.0,n=30,start_thres=1.25",hub,0.25,50,5,40,1730,38,12,2,1718,0.95,0.006936416184971,0.76,0.24,7.761354911056432
tfnbs,"e=0.9,h=4.0,n=30,start_thres=1.25",hub,0.25,50,5,40,1730,38,7,2,1723,0.95,0.0040462427745664,0.8444444444444444,0.1555555555555555,7.761354911056432
tfnbs,"e=0.9,h=5.0,n=30,start_thres=1.25",hub,0.25,50,5,40,1730,38,7,2,1723,0.95,0.0040462427745664,0.8444444444444444,0.1555555555555555,7.761354911056432
tfnbs,"e=0.9,h=6.0,n=30,start_thres=1.25",hub,0.25,50,5,40,1730,36,5,4,1725,0.9,0.0028901734104046,0.8780487804878049,0.1219512195121951,7.761354911056432
tfnbs,"e=0.9,h=7.0,n=30,start_thres=1.25",hub,0.25,50,5,40,1730,36,5,4,1725,0.9,0.0028901734104046,0.8780487804878049,0.1219512195121951,7.761354911056432
tfnbs,"e=0.9,h=8.0,n=30,start_thres=1.25",hub,0.25,50,5,40,1730,35,3,5,1727,0.875,0.0017341040462427,0.9210526315789472,0.0789473684210526,7.761354911056432
tfnbs,"e=0.9,h=9.0,n=30,start_thres=1.25",hub,0.25,50,5,40,1730,35,2,5,1728,0.875,0.0011560693641618,0.945945945945946,0.054054054054054,7.761354911056432
tfnbs,"e=0.9,h=10.0,n=30,start_thres=1.25",hub,0.25,50,5,40,1730,33,2,7,1728,0.825,0.0011560693641618,0.9428571428571428,0.0571428571428571,7.761354911056432
tfnbs,"e=1.0,h=0.5,n=30,start_thres=1.25",hub,0.25,50,5,40,1730,38,12,2,1718,0.95,0.006936416184971,0.76,0.24,7.761354911056432
tfnbs,"e=1.0,h=1.0,n=30,start_thres=1.25",hub,0.25,50,5,40,1730,38,12,2,1718,0.95,0.006936416184971,0.76,0.24,7.761354911056432
tfnbs,"e=1.0,h=2.0,n=30,start_thres=1.25",hub,0.25,50,5,40,1730,38,12,2,1718,0.95,0.006936416184971,0.76,0.24,7.761354911056432
tfnbs,"e=1.0,h=3.0,n=30,start_thres=1.25",hub,0.25,50,5,40,1730,38,12,2,1718,0.95,0.006936416184971,0.76,0.24,7.761354911056432
tfnbs,"e=1.0,h=4.0,n=30,start_thres=1.25",hub,0.25,50,5,40,1730,38,12,2,1718,0.95,0.006936416184971,0.76,0.24,7.761354911056432
tfnbs,"e=1.0,h=5.0,n=30,start_thres=1.25",hub,0.25,50,5,40,1730,38,12,2,1718,0.95,0.006936416184971,0.76,0.24,7.761354911056432
tfnbs,"e=1.0,h=6.0,n=30,start_thres=1.25",hub,0.25,50,5,40,1730,38,7,2,1723,0.95,0.0040462427745664,0.8444444444444444,0.1555555555555555,7.761354911056432
tfnbs,"e=1.0,h=7.0,n=30,start_thres=1.25",hub,0.25,50,5,40,1730,38,7,2,1723,0.95,0.0040462427745664,0.8444444444444444,0.1555555555555555,7.761354911056432
tfnbs,"e=1.0,h=8.0,n=30,start_thres=1.25",hub,0.25,50,5,40,1730,36,5,4,1725,0.9,0.0028901734104046,0.8780487804878049,0.1219512195121951,7.761354911056432
tfnbs,"e=1.0,h=9.0,n=30,start_thres=1.25",hub,0.25,50,5,40,1730,35,4,5,1726,0.875,0.0023121387283236,0.8974358974358975,0.1025641025641025,7.761354911056432
tfnbs,"e=1.0,h=10.0,n=30,start_thres=1.25",hub,0.25,50,5,40,1730,35,2,5,1728,0.875,0.0011560693641618,0.945945945945946,0.054054054054054,7.761354911056432
tfnbs,"e=1.1,h=0.5,n=30,start_thres=1.25",hub,0.25,50,5,40,1730,38,13,2,1717,0.95,0.007514450867052,0.7450980392156863,0.2549019607843137,7.761354911056432
tfnbs,"e=1.1,h=1.0,n=30,start_thres=1.25",hub,0.25,50,5,40,1730,39,24,1,1706,0.975,0.0138728323699421,0.6190476190476191,0.3809523809523809,7.761354911056432
tfnbs,"e=1.1,h=2.0,n=30,start_thres=1.25",hub,0.25,50,5,40,1730,39,24,1,1706,0.975,0.0138728323699421,0.6190476190476191,0.3809523809523809,7.761354911056432
tfnbs,"e=1.1,h=3.0,n=30,start_thres=1.25",hub,0.25,50,5,40,1730,38,13,2,1717,0.95,0.007514450867052,0.7450980392156863,0.2549019607843137,7.761354911056432
tfnbs,"e=1.1,h=4.0,n=30,start_thres=1.25",hub,0.25,50,5,40,1730,38,12,2,1718,0.95,0.006936416184971,0.76,0.24,7.761354911056432
tfnbs,"e=1.1,h=5.0,n=30,start_thres=1.25",hub,0.25,50,5,40,1730,38,12,2,1718,0.95,0.006936416184971,0.76,0.24,7.761354911056432
tfnbs,"e=1.1,h=6.0,n=30,start_thres=1.25",hub,0.25,50,5,40,1730,38,12,2,1718,0.95,0.006936416184971,0.76,0.24,7.761354911056432
tfnbs,"e=1.1,h=7.0,n=30,start_thres=1.25",hub,0.25,50,5,40,1730,38,7,2,1723,0.95,0.0040462427745664,0.8444444444444444,0.1555555555555555,7.761354911056432
tfnbs,"e=1.1,h=8.0,n=30,start_thres=1.25",hub,0.25,50,5,40,1730,38,7,2,1723,0.95,0.0040462427745664,0.8444444444444444,0.1555555555555555,7.761354911056432
tfnbs,"e=1.1,h=9.0,n=30,start_thres=1.25",hub,0.25,50,5,40,1730,36,5,4,1725,0.9,0.0028901734104046,0.8780487804878049,0.1219512195121951,7.761354911056432
tfnbs,"e=1.1,h=10.0,n=30,start_thres=1.25",hub,0.25,50,5,40,1730,35,4,5,1726,0.875,0.0023121387283236,0.8974358974358975,0.1025641025641025,7.761354911056432
tfnbs,"e=1.2,h=0.5,n=30,start_thres=1.25",hub,0.25,50,5,40,1730,39,24,1,1706,0.975,0.0138728323699421,0.6190476190476191,0.3809523809523809,7.761354911056432
tfnbs,"e=1.2,h=1.0,n=30,start_thres=1.25",hub,0.25,50,5,40,1730,39,24,1,1706,0.975,0.0138728323699421,0.6190476190476191,0.3809523809523809,7.761354911056432
tfnbs,"e=1.2,h=2.0,n=30,start_thres=1.25",hub,0.25,50,5,40,1730,39,24,1,1706,0.975,0.0138728323699421,0.6190476190476191,0.3809523809523809,7.761354911056432
tfnbs,"e=1.2,h=3.0,n=30,start_thres=1.25",hub,0.25,50,5,40,1730,39,24,1,1706,0.975,0.0138728323699421,0.6190476190476191,0.3809523809523809,7.761354911056432
tfnbs,"e=1.2,h=4.0,n=30,start_thres=1.25",hub,0.25,50,5,40,1730,39,24,1,1706,0.975,0.0138728323699421,0.6190476190476191,0.3809523809523809,7.761354911056432
tfnbs,"e=1.2,h=5.0,n=30,start_thres=1.25",hub,0.25,50,5,40,1730,38,12,2,1718,0.95,0.006936416184971,0.76,0.24,7.761354911056432
tfnbs,"e=1.2,h=6.0,n=30,start_thres=1.25",hub,0.25,50,5,40,1730,38,12,2,1718,0.95,0.006936416184971,0.76,0.24,7.761354911056432
tfnbs,"e=1.2,h=7.0,n=30,start_thres=1.25",hub,0.25,50,5,40,1730,38,7,2,1723,0.95,0.0040462427745664,0.8444444444444444,0.1555555555555555,7.761354911056432
tfnbs,"e=1.2,h=8.0,n=30,start_thres=1.25",hub,0.25,50,5,40,1730,38,7,2,1723,0.95,0.0040462427745664,0.8444444444444444,0.1555555555555555,7.761354911056432
tfnbs,"e=1.2,h=9.0,n=30,start_thres=1.25",hub,0.25,50,5,40,1730,38,7,2,1723,0.95,0.0040462427745664,0.8444444444444444,0.1555555555555555,7.761354911056432
tfnbs,"e=1.2,h=10.0,n=30,start_thres=1.25",hub,0.25,50,5,40,1730,36,5,4,1725,0.9,0.0028901734104046,0.8780487804878049,0.1219512195121951,7.761354911056432
tfnbs,"e=1.3,h=0.5,n=30,start_thres=1.25",hub,0.25,50,5,40,1730,39,24,1,1706,0.975,0.0138728323699421,0.6190476190476191,0.3809523809523809,7.761354911056432
tfnbs,"e=1.3,h=1.0,n=30,start_thres=1.25",hub,0.25,50,5,40,1730,39,24,1,1706,0.975,0.0138728323699421,0.6190476190476191,0.3809523809523809,7.761354911056432
tfnbs,"e=1.3,h=2.0,n=30,start_thres=1.25",hub,0.25,50,5,40,1730,39,24,1,1706,0.975,0.0138728323699421,0.6190476190476191,0.3809523809523809,7.761354911056432
tfnbs,"e=1.3,h=3.0,n=30,start_thres=1.25",hub,0.25,50,5,40,1730,39,24,1,1706,0.975,0.0138728323699421,0.6190476190476191,0.3809523809523809,7.761354911056432
tfnbs,"e=1.3,h=4.0,n=30,start_thres=1.25",hub,0.25,50,5,40,1730,39,24,1,1706,0.975,0.0138728323699421,0.6190476190476191,0.3809523809523809,7.761354911056432
tfnbs,"e=1.3,h=5.0,n=30,start_thres=1.25",hub,0.25,50,5,40,1730,39,24,1,1706,0.975,0.0138728323699421,0.6190476190476191,0.3809523809523809,7.761354911056432
tfnbs,"e=1.3,h=6.0,n=30,start_thres=1.25",hub,0.25,50,5,40,1730,38,12,2,1718,0.95,0.006936416184971,0.76,0.24,7.761354911056432
tfnbs,"e=1.3,h=7.0,n=30,start_thres=1.25",hub,0.25,50,5,40,1730,38,12,2,1718,0.95,0.006936416184971,0.76,0.24,7.761354911056432
tfnbs,"e=1.3,h=8.0,n=30,start_thres=1.25",hub,0.25,50,5,40,1730,38,7,2,1723,0.95,0.0040462427745664,0.8444444444444444,0.1555555555555555,7.761354911056432
tfnbs,"e=1.3,h=9.0,n=30,start_thres=1.25",hub,0.25,50,5,40,1730,38,7,2,1723,0.95,0.0040462427745664,0.8444444444444444,0.1555555555555555,7.761354911056432
tfnbs,"e=1.3,h=10.0,n=30,start_thres=1.25",hub,0.25,50,5,40,1730,38,7,2,1723,0.95,0.0040462427745664,0.8444444444444444,0.1555555555555555,7.761354911056432
tfnbs,"e=1.4,h=0.5,n=30,start_thres=1.25",hub,0.25,50,5,40,1730,39,24,1,1706,0.975,0.0138728323699421,0.6190476190476191,0.3809523809523809,7.761354911056432
tfnbs,"e=1.4,h=1.0,n=30,start_thres=1.25",hub,0.25,50,5,40,1730,39,24,1,1706,0.975,0.0138728323699421,0.6190476190476191,0.3809523809523809,7.761354911056432
tfnbs,"e=1.4,h=2.0,n=30,start_thres=1.25",hub,0.25,50,5,40,1730,39,24,1,1706,0.975,0.0138728323699421,0.6190476190476191,0.3809523809523809,7.761354911056432
tfnbs,"e=1.4,h=3.0,n=30,start_thres=1.25",hub,0.25,50,5,40,1730,39,24,1,1706,0.975,0.0138728323699421,0.6190476190476191,0.3809523809523809,7.761354911056432
tfnbs,"e=1.4,h=4.0,n=30,start_thres=1.25",hub,0.25,50,5,40,1730,39,24,1,1706,0.975,0.0138728323699421,0.6190476190476191,0.3809523809523809,7.761354911056432
tfnbs,"e=1.4,h=5.0,n=30,start_thres=1.25",hub,0.25,50,5,40,1730,39,24,1,1706,0.975,0.0138728323699421,0.6190476190476191,0.3809523809523809,7.761354911056432
tfnbs,"e=1.4,h=6.0,n=30,start_thres=1.25",hub,0.25,50,5,40,1730,39,24,1,1706,0.975,0.0138728323699421,0.6190476190476191,0.3809523809523809,7.761354911056432
tfnbs,"e=1.4,h=7.0,n=30,start_thres=1.25",hub,0.25,50,5,40,1730,38,12,2,1718,0.95,0.006936416184971,0.76,0.24,7.761354911056432
tfnbs,"e=1.4,h=8.0,n=30,start_thres=1.25",hub,0.25,50,5,40,1730,38,12,2,1718,0.95,0.006936416184971,0.76,0.24,7.761354911056432
tfnbs,"e=1.4,h=9.0,n=30,start_thres=1.25",hub,0.25,50,5,40,1730,38,7,2,1723,0.95,0.0040462427745664,0.8444444444444444,0.1555555555555555,7.761354911056432
tfnbs,"e=1.4,h=10.0,n=30,start_thres=1.25",hub,0.25,50,5,40,1730,38,7,2,1723,0.95,0.0040462427745664,0.8444444444444444,0.1555555555555555,7.761354911056432
tfnbs,"e=1.5,h=0.5,n=30,start_thres=1.25",hub,0.25,50,5,40,1730,39,24,1,1706,0.975,0.0138728323699421,0.6190476190476191,0.3809523809523809,7.761354911056432
tfnbs,"e=1.5,h=1.0,n=30,start_thres=1.25",hub,0.25,50,5,40,1730,39,24,1,1706,0.975,0.0138728323699421,0.6190476190476191,0.3809523809523809,7.761354911056432
tfnbs,"e=1.5,h=2.0,n=30,start_thres=1.25",hub,0.25,50,5,40,1730,39,24,1,1706,0.975,0.0138728323699421,0.6190476190476191,0.3809523809523809,7.761354911056432
tfnbs,"e=1.5,h=3.0,n=30,start_thres=1.25",hub,0.25,50,5,40,1730,39,24,1,1706,0.975,0.0138728323699421,0.6190476190476191,0.3809523809523809,7.761354911056432
tfnbs,"e=1.5,h=4.0,n=30,start_thres=1.25",hub,0.25,50,5,40,1730,39,24,1,1706,0.975,0.0138728323699421,0.6190476190476191,0.3809523809523809,7.761354911056432
tfnbs,"e=1.5,h=5.0,n=30,start_thres=1.25",hub,0.25,50,5,40,1730,39,24,1,1706,0.975,0.0138728323699421,0.6190476190476191,0.3809523809523809,7.761354911056432
tfnbs,"e=1.5,h=6.0,n=30,start_thres=1.25",hub,0.25,50,5,40,1730,39,24,1,1706,0.975,0.0138728323699421,0.6190476190476191,0.3809523809523809,7.761354911056432
tfnbs,"e=1.5,h=7.0,n=30,start_thres=1.25",hub,0.25,50,5,40,1730,39,24,1,1706,0.975,0.0138728323699421,0.6190476190476191,0.3809523809523809,7.761354911056432
tfnbs,"e=1.5,h=8.0,n=30,start_thres=1.25",hub,0.25,50,5,40,1730,38,12,2,1718,0.95,0.006936416184971,0.76,0.24,7.761354911056432
tfnbs,"e=1.5,h=9.0,n=30,start_thres=1.25",hub,0.25,50,5,40,1730,38,12,2,1718,0.95,0.006936416184971,0.76,0.24,7.761354911056432
tfnbs,"e=1.5,h=10.0,n=30,start_thres=1.25",hub,0.25,50,5,40,1730,38,7,2,1723,0.95,0.0040462427745664,0.8444444444444444,0.1555555555555555,7.761354911056432
nbs_intensity,threshold=1.0,hub,0.25,50,24,40,1730,0,0,40,1730,0.0,0.0,0.0,0.0,8.526288509368896
nbs_intensity,threshold=1.0,hub,0.25,50,25,40,1730,0,0,40,1730,0.0,0.0,0.0,0.0,8.33301067352295
nbs_intensity,threshold=1.0,hub,0.25,50,27,40,1730,40,401,0,1329,1.0,0.2317919075144508,0.0907029478458049,0.909297052154195,7.7023773193359375
nbs_intensity,threshold=1.0,hub,0.25,50,26,40,1730,0,0,40,1730,0.0,0.0,0.0,0.0,8.495144367218018
tfnbs,"e=0.05,h=0.5,n=30,start_thres=1.25",hub,0.25,50,28,40,1730,13,0,27,1730,0.325,0.0,1.0,0.0,7.503809412772005
tfnbs,"e=0.05,h=1.0,n=30,start_thres=1.25",hub,0.25,50,28,40,1730,13,0,27,1730,0.325,0.0,1.0,0.0,7.503809412772005
tfnbs,"e=0.05,h=2.0,n=30,start_thres=1.25",hub,0.25,50,28,40,1730,13,0,27,1730,0.325,0.0,1.0,0.0,7.503809412772005
tfnbs,"e=0.05,h=3.0,n=30,start_thres=1.25",hub,0.25,50,28,40,1730,13,0,27,1730,0.325,0.0,1.0,0.0,7.503809412772005
tfnbs,"e=0.05,h=4.0,n=30,start_thres=1.25",hub,0.25,50,28,40,1730,11,0,29,1730,0.275,0.0,1.0,0.0,7.503809412772005
tfnbs,"e=0.05,h=5.0,n=30,start_thres=1.25",hub,0.25,50,28,40,1730,11,0,29,1730,0.275,0.0,1.0,0.0,7.503809412772005
tfnbs,"e=0.05,h=6.0,n=30,start_thres=1.25",hub,0.25,50,28,40,1730,11,0,29,1730,0.275,0.0,1.0,0.0,7.503809412772005
tfnbs,"e=0.05,h=7.0,n=30,start_thres=1.25",hub,0.25,50,28,40,1730,11,0,29,1730,0.275,0.0,1.0,0.0,7.503809412772005
tfnbs,"e=0.05,h=8.0,n=30,start_thres=1.25",hub,0.25,50,28,40,1730,11,0,29,1730,0.275,0.0,1.0,0.0,7.503809412772005
tfnbs,"e=0.05,h=9.0,n=30,start_thres=1.25",hub,0.25,50,28,40,1730,11,0,29,1730,0.275,0.0,1.0,0.0,7.503809412772005
tfnbs,"e=0.05,h=10.0,n=30,start_thres=1.25",hub,0.25,50,28,40,1730,11,0,29,1730,0.275,0.0,1.0,0.0,7.503809412772005
tfnbs,"e=0.1,h=0.5,n=30,start_thres=1.25",hub,0.25,50,28,40,1730,16,0,24,1730,0.4,0.0,1.0,0.0,7.503809412772005
tfnbs,"e=0.1,h=1.0,n=30,start_thres=1.25",hub,0.25,50,28,40,1730,15,0,25,1730,0.375,0.0,1.0,0.0,7.503809412772005
tfnbs,"e=0.1,h=2.0,n=30,start_thres=1.25",hub,0.25,50,28,40,1730,15,0,25,1730,0.375,0.0,1.0,0.0,7.503809412772005
tfnbs,"e=0.1,h=3.0,n=30,start_thres=1.25",hub,0.25,50,28,40,1730,15,0,25,1730,0.375,0.0,1.0,0.0,7.503809412772005
tfnbs,"e=0.1,h=4.0,n=30,start_thres=1.25",hub,0.25,50,28,40,1730,13,0,27,1730,0.325,0.0,1.0,0.0,7.503809412772005
tfnbs,"e=0.1,h=5.0,n=30,start_thres=1.25",hub,0.25,50,28,40,1730,13,0,27,1730,0.325,0.0,1.0,0.0,7.503809412772005
tfnbs,"e=0.1,h=6.0,n=30,start_thres=1.25",hub,0.25,50,28,40,1730,13,0,27,1730,0.325,0.0,1.0,0.0,7.503809412772005
tfnbs,"e=0.1,h=7.0,n=30,start_thres=1.25",hub,0.25,50,28,40,1730,13,0,27,1730,0.325,0.0,1.0,0.0,7.503809412772005
tfnbs,"e=0.1,h=8.0,n=30,start_thres=1.25",hub,0.25,50,28,40,1730,13,0,27,1730,0.325,0.0,1.0,0.0,7.503809412772005
tfnbs,"e=0.1,h=9.0,n=30,start_thres=1.25",hub,0.25,50,28,40,1730,13,0,27,1730,0.325,0.0,1.0,0.0,7.503809412772005
tfnbs,"e=0.1,h=10.0,n=30,start_thres=1.25",hub,0.25,50,28,40,1730,11,0,29,1730,0.275,0.0,1.0,0.0,7.503809412772005
tfnbs,"e=0.2,h=0.5,n=30,start_thres=1.25",hub,0.25,50,28,40,1730,24,0,16,1730,0.6,0.0,1.0,0.0,7.503809412772005
tfnbs,"e=0.2,h=1.0,n=30,start_thres=1.25",hub,0.25,50,28,40,1730,24,0,16,1730,0.6,0.0,1.0,0.0,7.503809412772005
tfnbs,"e=0.2,h=2.0,n=30,start_thres=1.25",hub,0.25,50,28,40,1730,21,0,19,1730,0.525,0.0,1.0,0.0,7.503809412772005
tfnbs,"e=0.2,h=3.0,n=30,start_thres=1.25",hub,0.25,50,28,40,1730,16,0,24,1730,0.4,0.0,1.0,0.0,7.503809412772005
tfnbs,"e=0.2,h=4.0,n=30,start_thres=1.25",hub,0.25,50,28,40,1730,16,0,24,1730,0.4,0.0,1.0,0.0,7.503809412772005
tfnbs,"e=0.2,h=5.0,n=30,start_thres=1.25",hub,0.25,50,28,40,1730,15,0,25,1730,0.375,0.0,1.0,0.0,7.503809412772005
tfnbs,"e=0.2,h=6.0,n=30,start_thres=1.25",hub,0.25,50,28,40,1730,15,0,25,1730,0.375,0.0,1.0,0.0,7.503809412772005
tfnbs,"e=0.2,h=7.0,n=30,start_thres=1.25",hub,0.25,50,28,40,1730,15,0,25,1730,0.375,0.0,1.0,0.0,7.503809412772005
tfnbs,"e=0.2,h=8.0,n=30,start_thres=1.25",hub,0.25,50,28,40,1730,13,0,27,1730,0.325,0.0,1.0,0.0,7.503809412772005
tfnbs,"e=0.2,h=9.0,n=30,start_thres=1.25",hub,0.25,50,28,40,1730,13,0,27,1730,0.325,0.0,1.0,0.0,7.503809412772005
tfnbs,"e=0.2,h=10.0,n=30,start_thres=1.25",hub,0.25,50,28,40,1730,13,0,27,1730,0.325,0.0,1.0,0.0,7.503809412772005
tfnbs,"e=0.3,h=0.5,n=30,start_thres=1.25",hub,0.25,50,28,40,1730,28,0,12,1730,0.7,0.0,1.0,0.0,7.503809412772005
tfnbs,"e=0.3,h=1.0,n=30,start_thres=1.25",hub,0.25,50,28,40,1730,27,0,13,1730,0.675,0.0,1.0,0.0,7.503809412772005
tfnbs,"e=0.3,h=2.0,n=30,start_thres=1.25",hub,0.25,50,28,40,1730,27,0,13,1730,0.675,0.0,1.0,0.0,7.503809412772005
tfnbs,"e=0.3,h=3.0,n=30,start_thres=1.25",hub,0.25,50,28,40,1730,24,0,16,1730,0.6,0.0,1.0,0.0,7.503809412772005
tfnbs,"e=0.3,h=4.0,n=30,start_thres=1.25",hub,0.25,50,28,40,1730,21,0,19,1730,0.525,0.0,1.0,0.0,7.503809412772005
tfnbs,"e=0.3,h=5.0,n=30,start_thres=1.25",hub,0.25,50,28,40,1730,21,0,19,1730,0.525,0.0,1.0,0.0,7.503809412772005
tfnbs,"e=0.3,h=6.0,n=30,start_thres=1.25",hub,0.25,50,28,40,1730,16,0,24,1730,0.4,0.0,1.0,0.0,7.503809412772005
tfnbs,"e=0.3,h=7.0,n=30,start_thres=1.25",hub,0.25,50,28,40,1730,16,0,24,1730,0.4,0.0,1.0,0.0,7.503809412772005
tfnbs,"e=0.3,h=8.0,n=30,start_thres=1.25",hub,0.25,50,28,40,1730,15,0,25,1730,0.375,0.0,1.0,0.0,7.503809412772005
tfnbs,"e=0.3,h=9.0,n=30,start_thres=1.25",hub,0.25,50,28,40,1730,15,0,25,1730,0.375,0.0,1.0,0.0,7.503809412772005
tfnbs,"e=0.3,h=10.0,n=30,start_thres=1.25",hub,0.25,50,28,40,1730,15,0,25,1730,0.375,0.0,1.0,0.0,7.503809412772005
tfnbs,"e=0.4,h=0.5,n=30,start_thres=1.25",hub,0.25,50,28,40,1730,31,1,9,1729,0.775,0.0005780346820809,0.96875,0.03125,7.503809412772005
tfnbs,"e=0.4,h=1.0,n=30,start_thres=1.25",hub,0.25,50,28,40,1730,28,0,12,1730,0.7,0.0,1.0,0.0,7.503809412772005
tfnbs,"e=0.4,h=2.0,n=30,start_thres=1.25",hub,0.25,50,28,40,1730,28,0,12,1730,0.7,0.0,1.0,0.0,7.503809412772005
tfnbs,"e=0.4,h=3.0,n=30,start_thres=1.25",hub,0.25,50,28,40,1730,27,0,13,1730,0.675,0.0,1.0,0.0,7.503809412772005
tfnbs,"e=0.4,h=4.0,n=30,start_thres=1.25",hub,0.25,50,28,40,1730,24,0,16,1730,0.6,0.0,1.0,0.0,7.503809412772005
tfnbs,"e=0.4,h=5.0,n=30,start_thres=1.25",hub,0.25,50,28,40,1730,24,0,16,1730,0.6,0.0,1.0,0.0,7.503809412772005
tfnbs,"e=0.4,h=6.0,n=30,start_thres=1.25",hub,0.25,50,28,40,1730,21,0,19,1730,0.525,0.0,1.0,0.0,7.503809412772005
tfnbs,"e=0.4,h=7.0,n=30,start_thres=1.25",hub,0.25,50,28,40,1730,21,0,19,1730,0.525,0.0,1.0,0.0,7.503809412772005
tfnbs,"e=0.4,h=8.0,n=30,start_thres=1.25",hub,0.25,50,28,40,1730,16,0,24,1730,0.4,0.0,1.0,0.0,7.503809412772005
tfnbs,"e=0.4,h=9.0,n=30,start_thres=1.25",hub,0.25,50,28,40,1730,16,0,24,1730,0.4,0.0,1.0,0.0,7.503809412772005
tfnbs,"e=0.4,h=10.0,n=30,start_thres=1.25",hub,0.25,50,28,40,1730,16,0,24,1730,0.4,0.0,1.0,0.0,7.503809412772005
tfnbs,"e=0.5,h=0.5,n=30,start_thres=1.25",hub,0.25,50,28,40,1730,31,1,9,1729,0.775,0.0005780346820809,0.96875,0.03125,7.503809412772005
tfnbs,"e=0.5,h=1.0,n=30,start_thres=1.25",hub,0.25,50,28,40,1730,31,1,9,1729,0.775,0.0005780346820809,0.96875,0.03125,7.503809412772005
tfnbs,"e=0.5,h=2.0,n=30,start_thres=1.25",hub,0.25,50,28,40,1730,31,1,9,1729,0.775,0.0005780346820809,0.96875,0.03125,7.503809412772005
tfnbs,"e=0.5,h=3.0,n=30,start_thres=1.25",hub,0.25,50,28,40,1730,28,0,12,1730,0.7,0.0,1.0,0.0,7.503809412772005
tfnbs,"e=0.5,h=4.0,n=30,start_thres=1.25",hub,0.25,50,28,40,1730,28,0,12,1730,0.7,0.0,1.0,0.0,7.503809412772005
tfnbs,"e=0.5,h=5.0,n=30,start_thres=1.25",hub,0.25,50,28,40,1730,27,0,13,1730,0.675,0.0,1.0,0.0,7.503809412772005
tfnbs,"e=0.5,h=6.0,n=30,start_thres=1.25",hub,0.25,50,28,40,1730,24,0,16,1730,0.6,0.0,1.0,0.0,7.503809412772005
tfnbs,"e=0.5,h=7.0,n=30,start_thres=1.25",hub,0.25,50,28,40,1730,24,0,16,1730,0.6,0.0,1.0,0.0,7.503809412772005
tfnbs,"e=0.5,h=8.0,n=30,start_thres=1.25",hub,0.25,50,28,40,1730,21,0,19,1730,0.525,0.0,1.0,0.0,7.503809412772005
tfnbs,"e=0.5,h=9.0,n=30,start_thres=1.25",hub,0.25,50,28,40,1730,21,0,19,1730,0.525,0.0,1.0,0.0,7.503809412772005
tfnbs,"e=0.5,h=10.0,n=30,start_thres=1.25",hub,0.25,50,28,40,1730,16,0,24,1730,0.4,0.0,1.0,0.0,7.503809412772005
tfnbs,"e=0.6,h=0.5,n=30,start_thres=1.25",hub,0.25,50,28,40,1730,31,3,9,1727,0.775,0.0017341040462427,0.9117647058823528,0.088235294117647,7.503809412772005
tfnbs,"e=0.6,h=1.0,n=30,start_thres=1.25",hub,0.25,50,28,40,1730,31,3,9,1727,0.775,0.0017341040462427,0.9117647058823528,0.088235294117647,7.503809412772005
tfnbs,"e=0.6,h=2.0,n=30,start_thres=1.25",hub,0.25,50,28,40,1730,31,3,9,1727,0.775,0.0017341040462427,0.9117647058823528,0.088235294117647,7.503809412772005
tfnbs,"e=0.6,h=3.0,n=30,start_thres=1.25",hub,0.25,50,28,40,1730,31,1,9,1729,0.775,0.0005780346820809,0.96875,0.03125,7.503809412772005
tfnbs,"e=0.6,h=4.0,n=30,start_thres=1.25",hub,0.25,50,28,40,1730,31,1,9,1729,0.775,0.0005780346820809,0.96875,0.03125,7.503809412772005
tfnbs,"e=0.6,h=5.0,n=30,start_thres=1.25",hub,0.25,50,28,40,1730,28,0,12,1730,0.7,0.0,1.0,0.0,7.503809412772005
tfnbs,"e=0.6,h=6.0,n=30,start_thres=1.25",hub,0.25,50,28,40,1730,27,0,13,1730,0.675,0.0,1.0,0.0,7.503809412772005
tfnbs,"e=0.6,h=7.0,n=30,start_thres=1.25",hub,0.25,50,28,40,1730,27,0,13,1730,0.675,0.0,1.0,0.0,7.503809412772005
tfnbs,"e=0.6,h=8.0,n=30,start_thres=1.25",hub,0.25,50,28,40,1730,24,0,16,1730,0.6,0.0,1.0,0.0,7.503809412772005
tfnbs,"e=0.6,h=9.0,n=30,start_thres=1.25",hub,0.25,50,28,40,1730,24,0,16,1730,0.6,0.0,1.0,0.0,7.503809412772005
tfnbs,"e=0.6,h=10.0,n=30,start_thres=1.25",hub,0.25,50,28,40,1730,21,0,19,1730,0.525,0.0,1.0,0.0,7.503809412772005
tfnbs,"e=0.7,h=0.5,n=30,start_thres=1.25",hub,0.25,50,28,40,1730,31,4,9,1726,0.775,0.0023121387283236,0.8857142857142857,0.1142857142857142,7.503809412772005
tfnbs,"e=0.7,h=1.0,n=30,start_thres=1.25",hub,0.25,50,28,40,1730,34,6,6,1724,0.85,0.0034682080924855,0.85,0.15,7.503809412772005
tfnbs,"e=0.7,h=2.0,n=30,start_thres=1.25",hub,0.25,50,28,40,1730,31,3,9,1727,0.775,0.0017341040462427,0.9117647058823528,0.088235294117647,7.503809412772005
tfnbs,"e=0.7,h=3.0,n=30,start_thres=1.25",hub,0.25,50,28,40,1730,31,3,9,1727,0.775,0.0017341040462427,0.9117647058823528,0.088235294117647,7.503809412772005
tfnbs,"e=0.7,h=4.0,n=30,start_thres=1.25",hub,0.25,50,28,40,1730,31,3,9,1727,0.775,0.0017341040462427,0.9117647058823528,0.088235294117647,7.503809412772005
tfnbs,"e=0.7,h=5.0,n=30,start_thres=1.25",hub,0.25,50,28,40,1730,31,1,9,1729,0.775,0.0005780346820809,0.96875,0.03125,7.503809412772005
tfnbs,"e=0.7,h=6.0,n=30,start_thres=1.25",hub,0.25,50,28,40,1730,28,0,12,1730,0.7,0.0,1.0,0.0,7.503809412772005
tfnbs,"e=0.7,h=7.0,n=30,start_thres=1.25",hub,0.25,50,28,40,1730,28,0,12,1730,0.7,0.0,1.0,0.0,7.503809412772005
tfnbs,"e=0.7,h=8.0,n=30,start_thres=1.25",hub,0.25,50,28,40,1730,27,0,13,1730,0.675,0.0,1.0,0.0,7.503809412772005
tfnbs,"e=0.7,h=9.0,n=30,start_thres=1.25",hub,0.25,50,28,40,1730,24,0,16,1730,0.6,0.0,1.0,0.0,7.503809412772005
tfnbs,"e=0.7,h=10.0,n=30,start_thres=1.25",hub,0.25,50,28,40,1730,24,0,16,1730,0.6,0.0,1.0,0.0,7.503809412772005
tfnbs,"e=0.8,h=0.5,n=30,start_thres=1.25",hub,0.25,50,28,40,1730,34,6,6,1724,0.85,0.0034682080924855,0.85,0.15,7.503809412772005
tfnbs,"e=0.8,h=1.0,n=30,start_thres=1.25",hub,0.25,50,28,40,1730,34,6,6,1724,0.85,0.0034682080924855,0.85,0.15,7.503809412772005
tfnbs,"e=0.8,h=2.0,n=30,start_thres=1.25",hub,0.25,50,28,40,1730,34,6,6,1724,0.85,0.0034682080924855,0.85,0.15,7.503809412772005
tfnbs,"e=0.8,h=3.0,n=30,start_thres=1.25",hub,0.25,50,28,40,1730,34,6,6,1724,0.85,0.0034682080924855,0.85,0.15,7.503809412772005
tfnbs,"e=0.8,h=4.0,n=30,start_thres=1.25",hub,0.25,50,28,40,1730,31,3,9,1727,0.775,0.0017341040462427,0.9117647058823528,0.088235294117647,7.503809412772005
tfnbs,"e=0.8,h=5.0,n=30,start_thres=1.25",hub,0.25,50,28,40,1730,31,3,9,1727,0.775,0.0017341040462427,0.9117647058823528,0.088235294117647,7.503809412772005
tfnbs,"e=0.8,h=6.0,n=30,start_thres=1.25",hub,0.25,50,28,40,1730,31,1,9,1729,0.775,0.0005780346820809,0.96875,0.03125,7.503809412772005
tfnbs,"e=0.8,h=7.0,n=30,start_thres=1.25",hub,0.25,50,28,40,1730,28,0,12,1730,0.7,0.0,1.0,0.0,7.503809412772005
tfnbs,"e=0.8,h=8.0,n=30,start_thres=1.25",hub,0.25,50,28,40,1730,28,0,12,1730,0.7,0.0,1.0,0.0,7.503809412772005
tfnbs,"e=0.8,h=9.0,n=30,start_thres=1.25",hub,0.25,50,28,40,1730,27,0,13,1730,0.675,0.0,1.0,0.0,7.503809412772005
tfnbs,"e=0.8,h=10.0,n=30,start_thres=1.25",hub,0.25,50,28,40,1730,27,0,13,1730,0.675,0.0,1.0,0.0,7.503809412772005
tfnbs,"e=0.9,h=0.5,n=30,start_thres=1.25",hub,0.25,50,28,40,1730,34,6,6,1724,0.85,0.0034682080924855,0.85,0.15,7.503809412772005
tfnbs,"e=0.9,h=1.0,n=30,start_thres=1.25",hub,0.25,50,28,40,1730,34,6,6,1724,0.85,0.0034682080924855,0.85,0.15,7.503809412772005
tfnbs,"e=0.9,h=2.0,n=30,start_thres=1.25",hub,0.25,50,28,40,1730,34,6,6,1724,0.85,0.0034682080924855,0.85,0.15,7.503809412772005
tfnbs,"e=0.9,h=3.0,n=30,start_thres=1.25",hub,0.25,50,28,40,1730,34,6,6,1724,0.85,0.0034682080924855,0.85,0.15,7.503809412772005
tfnbs,"e=0.9,h=4.0,n=30,start_thres=1.25",hub,0.25,50,28,40,1730,34,6,6,1724,0.85,0.0034682080924855,0.85,0.15,7.503809412772005
tfnbs,"e=0.9,h=5.0,n=30,start_thres=1.25",hub,0.25,50,28,40,1730,31,3,9,1727,0.775,0.0017341040462427,0.9117647058823528,0.088235294117647,7.503809412772005
tfnbs,"e=0.9,h=6.0,n=30,start_thres=1.25",hub,0.25,50,28,40,1730,31,3,9,1727,0.775,0.0017341040462427,0.9117647058823528,0.088235294117647,7.503809412772005
tfnbs,"e=0.9,h=7.0,n=30,start_thres=1.25",hub,0.25,50,28,40,1730,31,1,9,1729,0.775,0.0005780346820809,0.96875,0.03125,7.503809412772005
tfnbs,"e=0.9,h=8.0,n=30,start_thres=1.25",hub,0.25,50,28,40,1730,31,1,9,1729,0.775,0.0005780346820809,0.96875,0.03125,7.503809412772005
tfnbs,"e=0.9,h=9.0,n=30,start_thres=1.25",hub,0.25,50,28,40,1730,28,0,12,1730,0.7,0.0,1.0,0.0,7.503809412772005
tfnbs,"e=0.9,h=10.0,n=30,start_thres=1.25",hub,0.25,50,28,40,1730,27,0,13,1730,0.675,0.0,1.0,0.0,7.503809412772005
tfnbs,"e=1.0,h=0.5,n=30,start_thres=1.25",hub,0.25,50,28,40,1730,34,6,6,1724,0.85,0.0034682080924855,0.85,0.15,7.503809412772005
tfnbs,"e=1.0,h=1.0,n=30,start_thres=1.25",hub,0.25,50,28,40,1730,34,6,6,1724,0.85,0.0034682080924855,0.85,0.15,7.503809412772005
tfnbs,"e=1.0,h=2.0,n=30,start_thres=1.25",hub,0.25,50,28,40,1730,34,6,6,1724,0.85,0.0034682080924855,0.85,0.15,7.503809412772005
tfnbs,"e=1.0,h=3.0,n=30,start_thres=1.25",hub,0.25,50,28,40,1730,34,6,6,1724,0.85,0.0034682080924855,0.85,0.15,7.503809412772005
tfnbs,"e=1.0,h=4.0,n=30,start_thres=1.25",hub,0.25,50,28,40,1730,34,6,6,1724,0.85,0.0034682080924855,0.85,0.15,7.503809412772005
tfnbs,"e=1.0,h=5.0,n=30,start_thres=1.25",hub,0.25,50,28,40,1730,34,6,6,1724,0.85,0.0034682080924855,0.85,0.15,7.503809412772005
tfnbs,"e=1.0,h=6.0,n=30,start_thres=1.25",hub,0.25,50,28,40,1730,31,3,9,1727,0.775,0.0017341040462427,0.9117647058823528,0.088235294117647,7.503809412772005
tfnbs,"e=1.0,h=7.0,n=30,start_thres=1.25",hub,0.25,50,28,40,1730,31,3,9,1727,0.775,0.0017341040462427,0.9117647058823528,0.088235294117647,7.503809412772005
tfnbs,"e=1.0,h=8.0,n=30,start_thres=1.25",hub,0.25,50,28,40,1730,31,1,9,1729,0.775,0.0005780346820809,0.96875,0.03125,7.503809412772005
tfnbs,"e=1.0,h=9.0,n=30,start_thres=1.25",hub,0.25,50,28,40,1730,31,1,9,1729,0.775,0.0005780346820809,0.96875,0.03125,7.503809412772005
tfnbs,"e=1.0,h=10.0,n=30,start_thres=1.25",hub,0.25,50,28,40,1730,28,0,12,1730,0.7,0.0,1.0,0.0,7.503809412772005
tfnbs,"e=1.1,h=0.5,n=30,start_thres=1.25",hub,0.25,50,28,40,1730,34,6,6,1724,0.85,0.0034682080924855,0.85,0.15,7.503809412772005
tfnbs,"e=1.1,h=1.0,n=30,start_thres=1.25",hub,0.25,50,28,40,1730,34,6,6,1724,0.85,0.0034682080924855,0.85,0.15,7.503809412772005
tfnbs,"e=1.1,h=2.0,n=30,start_thres=1.25",hub,0.25,50,28,40,1730,34,6,6,1724,0.85,0.0034682080924855,0.85,0.15,7.503809412772005
tfnbs,"e=1.1,h=3.0,n=30,start_thres=1.25",hub,0.25,50,28,40,1730,34,6,6,1724,0.85,0.0034682080924855,0.85,0.15,7.503809412772005
tfnbs,"e=1.1,h=4.0,n=30,start_thres=1.25",hub,0.25,50,28,40,1730,34,6,6,1724,0.85,0.0034682080924855,0.85,0.15,7.503809412772005
tfnbs,"e=1.1,h=5.0,n=30,start_thres=1.25",hub,0.25,50,28,40,1730,34,6,6,1724,0.85,0.0034682080924855,0.85,0.15,7.503809412772005
tfnbs,"e=1.1,h=6.0,n=30,start_thres=1.25",hub,0.25,50,28,40,1730,34,6,6,1724,0.85,0.0034682080924855,0.85,0.15,7.503809412772005
tfnbs,"e=1.1,h=7.0,n=30,start_thres=1.25",hub,0.25,50,28,40,1730,31,4,9,1726,0.775,0.0023121387283236,0.8857142857142857,0.1142857142857142,7.503809412772005
tfnbs,"e=1.1,h=8.0,n=30,start_thres=1.25",hub,0.25,50,28,40,1730,31,3,9,1727,0.775,0.0017341040462427,0.9117647058823528,0.088235294117647,7.503809412772005
tfnbs,"e=1.1,h=9.0,n=30,start_thres=1.25",hub,0.25,50,28,40,1730,31,1,9,1729,0.775,0.0005780346820809,0.96875,0.03125,7.503809412772005
tfnbs,"e=1.1,h=10.0,n=30,start_thres=1.25",hub,0.25,50,28,40,1730,31,1,9,1729,0.775,0.0005780346820809,0.96875,0.03125,7.503809412772005
tfnbs,"e=1.2,h=0.5,n=30,start_thres=1.25",hub,0.25,50,28,40,1730,34,6,6,1724,0.85,0.0034682080924855,0.85,0.15,7.503809412772005
tfnbs,"e=1.2,h=1.0,n=30,start_thres=1.25",hub,0.25,50,28,40,1730,34,6,6,1724,0.85,0.0034682080924855,0.85,0.15,7.503809412772005
tfnbs,"e=1.2,h=2.0,n=30,start_thres=1.25",hub,0.25,50,28,40,1730,34,6,6,1724,0.85,0.0034682080924855,0.85,0.15,7.503809412772005
tfnbs,"e=1.2,h=3.0,n=30,start_thres=1.25",hub,0.25,50,28,40,1730,36,8,4,1722,0.9,0.0046242774566473,0.8181818181818182,0.1818181818181818,7.503809412772005
tfnbs,"e=1.2,h=4.0,n=30,start_thres=1.25",hub,0.25,50,28,40,1730,36,8,4,1722,0.9,0.0046242774566473,0.8181818181818182,0.1818181818181818,7.503809412772005
tfnbs,"e=1.2,h=5.0,n=30,start_thres=1.25",hub,0.25,50,28,40,1730,36,8,4,1722,0.9,0.0046242774566473,0.8181818181818182,0.1818181818181818,7.503809412772005
tfnbs,"e=1.2,h=6.0,n=30,start_thres=1.25",hub,0.25,50,28,40,1730,34,6,6,1724,0.85,0.0034682080924855,0.85,0.15,7.503809412772005
tfnbs,"e=1.2,h=7.0,n=30,start_thres=1.25",hub,0.25,50,28,40,1730,34,6,6,1724,0.85,0.0034682080924855,0.85,0.15,7.503809412772005
tfnbs,"e=1.2,h=8.0,n=30,start_thres=1.25",hub,0.25,50,28,40,1730,34,6,6,1724,0.85,0.0034682080924855,0.85,0.15,7.503809412772005
tfnbs,"e=1.2,h=9.0,n=30,start_thres=1.25",hub,0.25,50,28,40,1730,31,3,9,1727,0.775,0.0017341040462427,0.9117647058823528,0.088235294117647,7.503809412772005
tfnbs,"e=1.2,h=10.0,n=30,start_thres=1.25",hub,0.25,50,28,40,1730,31,1,9,1729,0.775,0.0005780346820809,0.96875,0.03125,7.503809412772005
tfnbs,"e=1.3,h=0.5,n=30,start_thres=1.25",hub,0.25,50,28,40,1730,31,3,9,1727,0.775,0.0017341040462427,0.9117647058823528,0.088235294117647,7.503809412772005
tfnbs,"e=1.3,h=1.0,n=30,start_thres=1.25",hub,0.25,50,28,40,1730,34,6,6,1724,0.85,0.0034682080924855,0.85,0.15,7.503809412772005
tfnbs,"e=1.3,h=2.0,n=30,start_thres=1.25",hub,0.25,50,28,40,1730,34,6,6,1724,0.85,0.0034682080924855,0.85,0.15,7.503809412772005
tfnbs,"e=1.3,h=3.0,n=30,start_thres=1.25",hub,0.25,50,28,40,1730,36,8,4,1722,0.9,0.0046242774566473,0.8181818181818182,0.1818181818181818,7.503809412772005
tfnbs,"e=1.3,h=4.0,n=30,start_thres=1.25",hub,0.25,50,28,40,1730,36,8,4,1722,0.9,0.0046242774566473,0.8181818181818182,0.1818181818181818,7.503809412772005
tfnbs,"e=1.3,h=5.0,n=30,start_thres=1.25",hub,0.25,50,28,40,1730,36,8,4,1722,0.9,0.0046242774566473,0.8181818181818182,0.1818181818181818,7.503809412772005
tfnbs,"e=1.3,h=6.0,n=30,start_thres=1.25",hub,0.25,50,28,40,1730,36,8,4,1722,0.9,0.0046242774566473,0.8181818181818182,0.1818181818181818,7.503809412772005
tfnbs,"e=1.3,h=7.0,n=30,start_thres=1.25",hub,0.25,50,28,40,1730,34,6,6,1724,0.85,0.0034682080924855,0.85,0.15,7.503809412772005
tfnbs,"e=1.3,h=8.0,n=30,start_thres=1.25",hub,0.25,50,28,40,1730,34,6,6,1724,0.85,0.0034682080924855,0.85,0.15,7.503809412772005
tfnbs,"e=1.3,h=9.0,n=30,start_thres=1.25",hub,0.25,50,28,40,1730,34,6,6,1724,0.85,0.0034682080924855,0.85,0.15,7.503809412772005
tfnbs,"e=1.3,h=10.0,n=30,start_thres=1.25",hub,0.25,50,28,40,1730,31,3,9,1727,0.775,0.0017341040462427,0.9117647058823528,0.088235294117647,7.503809412772005
tfnbs,"e=1.4,h=0.5,n=30,start_thres=1.25",hub,0.25,50,28,40,1730,31,3,9,1727,0.775,0.0017341040462427,0.9117647058823528,0.088235294117647,7.503809412772005
tfnbs,"e=1.4,h=1.0,n=30,start_thres=1.25",hub,0.25,50,28,40,1730,34,6,6,1724,0.85,0.0034682080924855,0.85,0.15,7.503809412772005
tfnbs,"e=1.4,h=2.0,n=30,start_thres=1.25",hub,0.25,50,28,40,1730,34,6,6,1724,0.85,0.0034682080924855,0.85,0.15,7.503809412772005
tfnbs,"e=1.4,h=3.0,n=30,start_thres=1.25",hub,0.25,50,28,40,1730,36,8,4,1722,0.9,0.0046242774566473,0.8181818181818182,0.1818181818181818,7.503809412772005
tfnbs,"e=1.4,h=4.0,n=30,start_thres=1.25",hub,0.25,50,28,40,1730,36,8,4,1722,0.9,0.0046242774566473,0.8181818181818182,0.1818181818181818,7.503809412772005
tfnbs,"e=1.4,h=5.0,n=30,start_thres=1.25",hub,0.25,50,28,40,1730,36,8,4,1722,0.9,0.0046242774566473,0.8181818181818182,0.1818181818181818,7.503809412772005
tfnbs,"e=1.4,h=6.0,n=30,start_thres=1.25",hub,0.25,50,28,40,1730,36,8,4,1722,0.9,0.0046242774566473,0.8181818181818182,0.1818181818181818,7.503809412772005
tfnbs,"e=1.4,h=7.0,n=30,start_thres=1.25",hub,0.25,50,28,40,1730,36,8,4,1722,0.9,0.0046242774566473,0.8181818181818182,0.1818181818181818,7.503809412772005
tfnbs,"e=1.4,h=8.0,n=30,start_thres=1.25",hub,0.25,50,28,40,1730,34,6,6,1724,0.85,0.0034682080924855,0.85,0.15,7.503809412772005
tfnbs,"e=1.4,h=9.0,n=30,start_thres=1.25",hub,0.25,50,28,40,1730,34,6,6,1724,0.85,0.0034682080924855,0.85,0.15,7.503809412772005
tfnbs,"e=1.4,h=10.0,n=30,start_thres=1.25",hub,0.25,50,28,40,1730,34,6,6,1724,0.85,0.0034682080924855,0.85,0.15,7.503809412772005
tfnbs,"e=1.5,h=0.5,n=30,start_thres=1.25",hub,0.25,50,28,40,1730,31,3,9,1727,0.775,0.0017341040462427,0.9117647058823528,0.088235294117647,7.503809412772005
tfnbs,"e=1.5,h=1.0,n=30,start_thres=1.25",hub,0.25,50,28,40,1730,31,3,9,1727,0.775,0.0017341040462427,0.9117647058823528,0.088235294117647,7.503809412772005
tfnbs,"e=1.5,h=2.0,n=30,start_thres=1.25",hub,0.25,50,28,40,1730,34,6,6,1724,0.85,0.0034682080924855,0.85,0.15,7.503809412772005
tfnbs,"e=1.5,h=3.0,n=30,start_thres=1.25",hub,0.25,50,28,40,1730,36,8,4,1722,0.9,0.0046242774566473,0.8181818181818182,0.1818181818181818,7.503809412772005
tfnbs,"e=1.5,h=4.0,n=30,start_thres=1.25",hub,0.25,50,28,40,1730,36,8,4,1722,0.9,0.0046242774566473,0.8181818181818182,0.1818181818181818,7.503809412772005
tfnbs,"e=1.5,h=5.0,n=30,start_thres=1.25",hub,0.25,50,28,40,1730,36,8,4,1722,0.9,0.0046242774566473,0.8181818181818182,0.1818181818181818,7.503809412772005
tfnbs,"e=1.5,h=6.0,n=30,start_thres=1.25",hub,0.25,50,28,40,1730,36,8,4,1722,0.9,0.0046242774566473,0.8181818181818182,0.1818181818181818,7.503809412772005
tfnbs,"e=1.5,h=7.0,n=30,start_thres=1.25",hub,0.25,50,28,40,1730,36,8,4,1722,0.9,0.0046242774566473,0.8181818181818182,0.1818181818181818,7.503809412772005
tfnbs,"e=1.5,h=8.0,n=30,start_thres=1.25",hub,0.25,50,28,40,1730,36,8,4,1722,0.9,0.0046242774566473,0.8181818181818182,0.1818181818181818,7.503809412772005
tfnbs,"e=1.5,h=9.0,n=30,start_thres=1.25",hub,0.25,50,28,40,1730,34,6,6,1724,0.85,0.0034682080924855,0.85,0.15,7.503809412772005
tfnbs,"e=1.5,h=10.0,n=30,start_thres=1.25",hub,0.25,50,28,40,1730,34,6,6,1724,0.85,0.0034682080924855,0.85,0.15,7.503809412772005
nbs_intensity,threshold=1.5,hub,0.25,50,3,40,1730,0,0,40,1730,0.0,0.0,0.0,0.0,7.370699167251587
nbs_intensity,threshold=1.0,hub,0.25,50,28,40,1730,0,0,40,1730,0.0,0.0,0.0,0.0,9.154964208602903
nbs_intensity,threshold=1.5,hub,0.25,50,0,40,1730,39,178,1,1552,0.975,0.1028901734104046,0.1797235023041474,0.8202764976958525,8.433511734008789
nbs_intensity,threshold=1.0,hub,0.25,50,29,40,1730,0,0,40,1730,0.0,0.0,0.0,0.0,8.830428838729858
nbs_intensity,threshold=1.5,hub,0.25,50,5,40,1730,40,144,0,1586,1.0,0.0832369942196531,0.217391304347826,0.782608695652174,7.929831266403198
nbs_intensity,threshold=1.5,hub,0.25,50,1,40,1730,38,190,2,1540,0.95,0.1098265895953757,0.1666666666666666,0.8333333333333334,8.9585599899292
nbs_intensity,threshold=1.5,hub,0.25,50,2,40,1730,0,0,40,1730,0.0,0.0,0.0,0.0,8.896903038024902
nbs_intensity,threshold=1.5,hub,0.25,50,4,40,1730,0,0,40,1730,0.0,0.0,0.0,0.0,8.210726976394653
nbs_intensity,threshold=1.5,hub,0.25,50,6,40,1730,40,140,0,1590,1.0,0.0809248554913294,0.2222222222222222,0.7777777777777778,8.391088485717773
nbs_intensity,threshold=1.5,hub,0.25,50,7,40,1730,0,0,40,1730,0.0,0.0,0.0,0.0,8.454359769821167
nbs_intensity,threshold=1.5,hub,0.25,50,8,40,1730,0,0,40,1730,0.0,0.0,0.0,0.0,9.185522556304932
nbs_intensity,threshold=1.5,hub,0.25,50,9,40,1730,0,0,40,1730,0.0,0.0,0.0,0.0,8.626112699508667
tfnbs,"e=0.05,h=0.5,n=30,start_thres=1.25",hub,0.25,50,15,40,1730,11,1,29,1729,0.275,0.0005780346820809,0.9166666666666666,0.0833333333333333,7.648689038374207
tfnbs,"e=0.05,h=1.0,n=30,start_thres=1.25",hub,0.25,50,15,40,1730,11,1,29,1729,0.275,0.0005780346820809,0.9166666666666666,0.0833333333333333,7.648689038374207
tfnbs,"e=0.05,h=2.0,n=30,start_thres=1.25",hub,0.25,50,15,40,1730,9,1,31,1729,0.225,0.0005780346820809,0.9,0.1,7.648689038374207
tfnbs,"e=0.05,h=3.0,n=30,start_thres=1.25",hub,0.25,50,15,40,1730,9,1,31,1729,0.225,0.0005780346820809,0.9,0.1,7.648689038374207
tfnbs,"e=0.05,h=4.0,n=30,start_thres=1.25",hub,0.25,50,15,40,1730,9,1,31,1729,0.225,0.0005780346820809,0.9,0.1,7.648689038374207
tfnbs,"e=0.05,h=5.0,n=30,start_thres=1.25",hub,0.25,50,15,40,1730,9,1,31,1729,0.225,0.0005780346820809,0.9,0.1,7.648689038374207
tfnbs,"e=0.05,h=6.0,n=30,start_thres=1.25",hub,0.25,50,15,40,1730,9,1,31,1729,0.225,0.0005780346820809,0.9,0.1,7.648689038374207
tfnbs,"e=0.05,h=7.0,n=30,start_thres=1.25",hub,0.25,50,15,40,1730,9,1,31,1729,0.225,0.0005780346820809,0.9,0.1,7.648689038374207
tfnbs,"e=0.05,h=8.0,n=30,start_thres=1.25",hub,0.25,50,15,40,1730,9,1,31,1729,0.225,0.0005780346820809,0.9,0.1,7.648689038374207
tfnbs,"e=0.05,h=9.0,n=30,start_thres=1.25",hub,0.25,50,15,40,1730,9,1,31,1729,0.225,0.0005780346820809,0.9,0.1,7.648689038374207
tfnbs,"e=0.05,h=10.0,n=30,start_thres=1.25",hub,0.25,50,15,40,1730,9,1,31,1729,0.225,0.0005780346820809,0.9,0.1,7.648689038374207
tfnbs,"e=0.1,h=0.5,n=30,start_thres=1.25",hub,0.25,50,15,40,1730,13,1,27,1729,0.325,0.0005780346820809,0.9285714285714286,0.0714285714285714,7.648689038374207
tfnbs,"e=0.1,h=1.0,n=30,start_thres=1.25",hub,0.25,50,15,40,1730,13,1,27,1729,0.325,0.0005780346820809,0.9285714285714286,0.0714285714285714,7.648689038374207
tfnbs,"e=0.1,h=2.0,n=30,start_thres=1.25",hub,0.25,50,15,40,1730,11,1,29,1729,0.275,0.0005780346820809,0.9166666666666666,0.0833333333333333,7.648689038374207
tfnbs,"e=0.1,h=3.0,n=30,start_thres=1.25",hub,0.25,50,15,40,1730,11,1,29,1729,0.275,0.0005780346820809,0.9166666666666666,0.0833333333333333,7.648689038374207
tfnbs,"e=0.1,h=4.0,n=30,start_thres=1.25",hub,0.25,50,15,40,1730,11,1,29,1729,0.275,0.0005780346820809,0.9166666666666666,0.0833333333333333,7.648689038374207
tfnbs,"e=0.1,h=5.0,n=30,start_thres=1.25",hub,0.25,50,15,40,1730,11,1,29,1729,0.275,0.0005780346820809,0.9166666666666666,0.0833333333333333,7.648689038374207
tfnbs,"e=0.1,h=6.0,n=30,start_thres=1.25",hub,0.25,50,15,40,1730,9,1,31,1729,0.225,0.0005780346820809,0.9,0.1,7.648689038374207
tfnbs,"e=0.1,h=7.0,n=30,start_thres=1.25",hub,0.25,50,15,40,1730,9,1,31,1729,0.225,0.0005780346820809,0.9,0.1,7.648689038374207
tfnbs,"e=0.1,h=8.0,n=30,start_thres=1.25",hub,0.25,50,15,40,1730,9,1,31,1729,0.225,0.0005780346820809,0.9,0.1,7.648689038374207
tfnbs,"e=0.1,h=9.0,n=30,start_thres=1.25",hub,0.25,50,15,40,1730,9,1,31,1729,0.225,0.0005780346820809,0.9,0.1,7.648689038374207
tfnbs,"e=0.1,h=10.0,n=30,start_thres=1.25",hub,0.25,50,15,40,1730,9,1,31,1729,0.225,0.0005780346820809,0.9,0.1,7.648689038374207
tfnbs,"e=0.2,h=0.5,n=30,start_thres=1.25",hub,0.25,50,15,40,1730,18,4,22,1726,0.45,0.0023121387283236,0.8181818181818182,0.1818181818181818,7.648689038374207
tfnbs,"e=0.2,h=1.0,n=30,start_thres=1.25",hub,0.25,50,15,40,1730,17,2,23,1728,0.425,0.0011560693641618,0.8947368421052632,0.1052631578947368,7.648689038374207
tfnbs,"e=0.2,h=2.0,n=30,start_thres=1.25",hub,0.25,50,15,40,1730,15,2,25,1728,0.375,0.0011560693641618,0.8823529411764706,0.1176470588235294,7.648689038374207
tfnbs,"e=0.2,h=3.0,n=30,start_thres=1.25",hub,0.25,50,15,40,1730,15,2,25,1728,0.375,0.0011560693641618,0.8823529411764706,0.1176470588235294,7.648689038374207
tfnbs,"e=0.2,h=4.0,n=30,start_thres=1.25",hub,0.25,50,15,40,1730,13,1,27,1729,0.325,0.0005780346820809,0.9285714285714286,0.0714285714285714,7.648689038374207
tfnbs,"e=0.2,h=5.0,n=30,start_thres=1.25",hub,0.25,50,15,40,1730,13,1,27,1729,0.325,0.0005780346820809,0.9285714285714286,0.0714285714285714,7.648689038374207
tfnbs,"e=0.2,h=6.0,n=30,start_thres=1.25",hub,0.25,50,15,40,1730,11,1,29,1729,0.275,0.0005780346820809,0.9166666666666666,0.0833333333333333,7.648689038374207
tfnbs,"e=0.2,h=7.0,n=30,start_thres=1.25",hub,0.25,50,15,40,1730,11,1,29,1729,0.275,0.0005780346820809,0.9166666666666666,0.0833333333333333,7.648689038374207
tfnbs,"e=0.2,h=8.0,n=30,start_thres=1.25",hub,0.25,50,15,40,1730,11,1,29,1729,0.275,0.0005780346820809,0.9166666666666666,0.0833333333333333,7.648689038374207
tfnbs,"e=0.2,h=9.0,n=30,start_thres=1.25",hub,0.25,50,15,40,1730,11,1,29,1729,0.275,0.0005780346820809,0.9166666666666666,0.0833333333333333,7.648689038374207
tfnbs,"e=0.2,h=10.0,n=30,start_thres=1.25",hub,0.25,50,15,40,1730,11,1,29,1729,0.275,0.0005780346820809,0.9166666666666666,0.0833333333333333,7.648689038374207
tfnbs,"e=0.3,h=0.5,n=30,start_thres=1.25",hub,0.25,50,15,40,1730,25,10,15,1720,0.625,0.0057803468208092,0.7142857142857143,0.2857142857142857,7.648689038374207
tfnbs,"e=0.3,h=1.0,n=30,start_thres=1.25",hub,0.25,50,15,40,1730,19,7,21,1723,0.475,0.0040462427745664,0.7307692307692307,0.2692307692307692,7.648689038374207
tfnbs,"e=0.3,h=2.0,n=30,start_thres=1.25",hub,0.25,50,15,40,1730,18,4,22,1726,0.45,0.0023121387283236,0.8181818181818182,0.1818181818181818,7.648689038374207
tfnbs,"e=0.3,h=3.0,n=30,start_thres=1.25",hub,0.25,50,15,40,1730,17,2,23,1728,0.425,0.0011560693641618,0.8947368421052632,0.1052631578947368,7.648689038374207
tfnbs,"e=0.3,h=4.0,n=30,start_thres=1.25",hub,0.25,50,15,40,1730,17,2,23,1728,0.425,0.0011560693641618,0.8947368421052632,0.1052631578947368,7.648689038374207
tfnbs,"e=0.3,h=5.0,n=30,start_thres=1.25",hub,0.25,50,15,40,1730,15,2,25,1728,0.375,0.0011560693641618,0.8823529411764706,0.1176470588235294,7.648689038374207
tfnbs,"e=0.3,h=6.0,n=30,start_thres=1.25",hub,0.25,50,15,40,1730,13,1,27,1729,0.325,0.0005780346820809,0.9285714285714286,0.0714285714285714,7.648689038374207
tfnbs,"e=0.3,h=7.0,n=30,start_thres=1.25",hub,0.25,50,15,40,1730,13,1,27,1729,0.325,0.0005780346820809,0.9285714285714286,0.0714285714285714,7.648689038374207
tfnbs,"e=0.3,h=8.0,n=30,start_thres=1.25",hub,0.25,50,15,40,1730,13,1,27,1729,0.325,0.0005780346820809,0.9285714285714286,0.0714285714285714,7.648689038374207
tfnbs,"e=0.3,h=9.0,n=30,start_thres=1.25",hub,0.25,50,15,40,1730,13,1,27,1729,0.325,0.0005780346820809,0.9285714285714286,0.0714285714285714,7.648689038374207
tfnbs,"e=0.3,h=10.0,n=30,start_thres=1.25",hub,0.25,50,15,40,1730,11,1,29,1729,0.275,0.0005780346820809,0.9166666666666666,0.0833333333333333,7.648689038374207
tfnbs,"e=0.4,h=0.5,n=30,start_thres=1.25",hub,0.25,50,15,40,1730,28,12,12,1718,0.7,0.006936416184971,0.7,0.3,7.648689038374207
tfnbs,"e=0.4,h=1.0,n=30,start_thres=1.25",hub,0.25,50,15,40,1730,28,12,12,1718,0.7,0.006936416184971,0.7,0.3,7.648689038374207
tfnbs,"e=0.4,h=2.0,n=30,start_thres=1.25",hub,0.25,50,15,40,1730,25,10,15,1720,0.625,0.0057803468208092,0.7142857142857143,0.2857142857142857,7.648689038374207
tfnbs,"e=0.4,h=3.0,n=30,start_thres=1.25",hub,0.25,50,15,40,1730,19,7,21,1723,0.475,0.0040462427745664,0.7307692307692307,0.2692307692307692,7.648689038374207
tfnbs,"e=0.4,h=4.0,n=30,start_thres=1.25",hub,0.25,50,15,40,1730,18,4,22,1726,0.45,0.0023121387283236,0.8181818181818182,0.1818181818181818,7.648689038374207
tfnbs,"e=0.4,h=5.0,n=30,start_thres=1.25",hub,0.25,50,15,40,1730,17,2,23,1728,0.425,0.0011560693641618,0.8947368421052632,0.1052631578947368,7.648689038374207
tfnbs,"e=0.4,h=6.0,n=30,start_thres=1.25",hub,0.25,50,15,40,1730,17,2,23,1728,0.425,0.0011560693641618,0.8947368421052632,0.1052631578947368,7.648689038374207
tfnbs,"e=0.4,h=7.0,n=30,start_thres=1.25",hub,0.25,50,15,40,1730,15,2,25,1728,0.375,0.0011560693641618,0.8823529411764706,0.1176470588235294,7.648689038374207
tfnbs,"e=0.4,h=8.0,n=30,start_thres=1.25",hub,0.25,50,15,40,1730,15,2,25,1728,0.375,0.0011560693641618,0.8823529411764706,0.1176470588235294,7.648689038374207
tfnbs,"e=0.4,h=9.0,n=30,start_thres=1.25",hub,0.25,50,15,40,1730,13,1,27,1729,0.325,0.0005780346820809,0.9285714285714286,0.0714285714285714,7.648689038374207
tfnbs,"e=0.4,h=10.0,n=30,start_thres=1.25",hub,0.25,50,15,40,1730,13,1,27,1729,0.325,0.0005780346820809,0.9285714285714286,0.0714285714285714,7.648689038374207
tfnbs,"e=0.5,h=0.5,n=30,start_thres=1.25",hub,0.25,50,15,40,1730,30,15,10,1715,0.75,0.0086705202312138,0.6666666666666666,0.3333333333333333,7.648689038374207
tfnbs,"e=0.5,h=1.0,n=30,start_thres=1.25",hub,0.25,50,15,40,1730,30,15,10,1715,0.75,0.0086705202312138,0.6666666666666666,0.3333333333333333,7.648689038374207
tfnbs,"e=0.5,h=2.0,n=30,start_thres=1.25",hub,0.25,50,15,40,1730,28,12,12,1718,0.7,0.006936416184971,0.7,0.3,7.648689038374207
tfnbs,"e=0.5,h=3.0,n=30,start_thres=1.25",hub,0.25,50,15,40,1730,25,11,15,1719,0.625,0.0063583815028901,0.6944444444444444,0.3055555555555556,7.648689038374207
tfnbs,"e=0.5,h=4.0,n=30,start_thres=1.25",hub,0.25,50,15,40,1730,19,7,21,1723,0.475,0.0040462427745664,0.7307692307692307,0.2692307692307692,7.648689038374207
tfnbs,"e=0.5,h=5.0,n=30,start_thres=1.25",hub,0.25,50,15,40,1730,19,6,21,1724,0.475,0.0034682080924855,0.76,0.24,7.648689038374207
tfnbs,"e=0.5,h=6.0,n=30,start_thres=1.25",hub,0.25,50,15,40,1730,18,4,22,1726,0.45,0.0023121387283236,0.8181818181818182,0.1818181818181818,7.648689038374207
tfnbs,"e=0.5,h=7.0,n=30,start_thres=1.25",hub,0.25,50,15,40,1730,17,2,23,1728,0.425,0.0011560693641618,0.8947368421052632,0.1052631578947368,7.648689038374207
tfnbs,"e=0.5,h=8.0,n=30,start_thres=1.25",hub,0.25,50,15,40,1730,17,2,23,1728,0.425,0.0011560693641618,0.8947368421052632,0.1052631578947368,7.648689038374207
tfnbs,"e=0.5,h=9.0,n=30,start_thres=1.25",hub,0.25,50,15,40,1730,15,2,25,1728,0.375,0.0011560693641618,0.8823529411764706,0.1176470588235294,7.648689038374207
tfnbs,"e=0.5,h=10.0,n=30,start_thres=1.25",hub,0.25,50,15,40,1730,15,2,25,1728,0.375,0.0011560693641618,0.8823529411764706,0.1176470588235294,7.648689038374207
tfnbs,"e=0.6,h=0.5,n=30,start_thres=1.25",hub,0.25,50,15,40,1730,32,24,8,1706,0.8,0.0138728323699421,0.5714285714285714,0.4285714285714285,7.648689038374207
tfnbs,"e=0.6,h=1.0,n=30,start_thres=1.25",hub,0.25,50,15,40,1730,32,24,8,1706,0.8,0.0138728323699421,0.5714285714285714,0.4285714285714285,7.648689038374207
tfnbs,"e=0.6,h=2.0,n=30,start_thres=1.25",hub,0.25,50,15,40,1730,30,15,10,1715,0.75,0.0086705202312138,0.6666666666666666,0.3333333333333333,7.648689038374207
tfnbs,"e=0.6,h=3.0,n=30,start_thres=1.25",hub,0.25,50,15,40,1730,28,12,12,1718,0.7,0.006936416184971,0.7,0.3,7.648689038374207
tfnbs,"e=0.6,h=4.0,n=30,start_thres=1.25",hub,0.25,50,15,40,1730,28,12,12,1718,0.7,0.006936416184971,0.7,0.3,7.648689038374207
tfnbs,"e=0.6,h=5.0,n=30,start_thres=1.25",hub,0.25,50,15,40,1730,25,10,15,1720,0.625,0.0057803468208092,0.7142857142857143,0.2857142857142857,7.648689038374207
tfnbs,"e=0.6,h=6.0,n=30,start_thres=1.25",hub,0.25,50,15,40,1730,19,6,21,1724,0.475,0.0034682080924855,0.76,0.24,7.648689038374207
tfnbs,"e=0.6,h=7.0,n=30,start_thres=1.25",hub,0.25,50,15,40,1730,18,4,22,1726,0.45,0.0023121387283236,0.8181818181818182,0.1818181818181818,7.648689038374207
tfnbs,"e=0.6,h=8.0,n=30,start_thres=1.25",hub,0.25,50,15,40,1730,17,2,23,1728,0.425,0.0011560693641618,0.8947368421052632,0.1052631578947368,7.648689038374207
tfnbs,"e=0.6,h=9.0,n=30,start_thres=1.25",hub,0.25,50,15,40,1730,17,2,23,1728,0.425,0.0011560693641618,0.8947368421052632,0.1052631578947368,7.648689038374207
tfnbs,"e=0.6,h=10.0,n=30,start_thres=1.25",hub,0.25,50,15,40,1730,15,2,25,1728,0.375,0.0011560693641618,0.8823529411764706,0.1176470588235294,7.648689038374207
tfnbs,"e=0.7,h=0.5,n=30,start_thres=1.25",hub,0.25,50,15,40,1730,33,35,7,1695,0.825,0.0202312138728323,0.4852941176470588,0.5147058823529411,7.648689038374207
tfnbs,"e=0.7,h=1.0,n=30,start_thres=1.25",hub,0.25,50,15,40,1730,32,24,8,1706,0.8,0.0138728323699421,0.5714285714285714,0.4285714285714285,7.648689038374207
tfnbs,"e=0.7,h=2.0,n=30,start_thres=1.25",hub,0.25,50,15,40,1730,32,24,8,1706,0.8,0.0138728323699421,0.5714285714285714,0.4285714285714285,7.648689038374207
tfnbs,"e=0.7,h=3.0,n=30,start_thres=1.25",hub,0.25,50,15,40,1730,30,15,10,1715,0.75,0.0086705202312138,0.6666666666666666,0.3333333333333333,7.648689038374207
tfnbs,"e=0.7,h=4.0,n=30,start_thres=1.25",hub,0.25,50,15,40,1730,30,15,10,1715,0.75,0.0086705202312138,0.6666666666666666,0.3333333333333333,7.648689038374207
tfnbs,"e=0.7,h=5.0,n=30,start_thres=1.25",hub,0.25,50,15,40,1730,28,12,12,1718,0.7,0.006936416184971,0.7,0.3,7.648689038374207
tfnbs,"e=0.7,h=6.0,n=30,start_thres=1.25",hub,0.25,50,15,40,1730,25,10,15,1720,0.625,0.0057803468208092,0.7142857142857143,0.2857142857142857,7.648689038374207
tfnbs,"e=0.7,h=7.0,n=30,start_thres=1.25",hub,0.25,50,15,40,1730,19,6,21,1724,0.475,0.0034682080924855,0.76,0.24,7.648689038374207
tfnbs,"e=0.7,h=8.0,n=30,start_thres=1.25",hub,0.25,50,15,40,1730,18,4,22,1726,0.45,0.0023121387283236,0.8181818181818182,0.1818181818181818,7.648689038374207
tfnbs,"e=0.7,h=9.0,n=30,start_thres=1.25",hub,0.25,50,15,40,1730,18,4,22,1726,0.45,0.0023121387283236,0.8181818181818182,0.1818181818181818,7.648689038374207
tfnbs,"e=0.7,h=10.0,n=30,start_thres=1.25",hub,0.25,50,15,40,1730,17,2,23,1728,0.425,0.0011560693641618,0.8947368421052632,0.1052631578947368,7.648689038374207
tfnbs,"e=0.8,h=0.5,n=30,start_thres=1.25",hub,0.25,50,15,40,1730,33,35,7,1695,0.825,0.0202312138728323,0.4852941176470588,0.5147058823529411,7.648689038374207
tfnbs,"e=0.8,h=1.0,n=30,start_thres=1.25",hub,0.25,50,15,40,1730,33,35,7,1695,0.825,0.0202312138728323,0.4852941176470588,0.5147058823529411,7.648689038374207
tfnbs,"e=0.8,h=2.0,n=30,start_thres=1.25",hub,0.25,50,15,40,1730,33,35,7,1695,0.825,0.0202312138728323,0.4852941176470588,0.5147058823529411,7.648689038374207
tfnbs,"e=0.8,h=3.0,n=30,start_thres=1.25",hub,0.25,50,15,40,1730,32,24,8,1706,0.8,0.0138728323699421,0.5714285714285714,0.4285714285714285,7.648689038374207
tfnbs,"e=0.8,h=4.0,n=30,start_thres=1.25",hub,0.25,50,15,40,1730,32,24,8,1706,0.8,0.0138728323699421,0.5714285714285714,0.4285714285714285,7.648689038374207
tfnbs,"e=0.8,h=5.0,n=30,start_thres=1.25",hub,0.25,50,15,40,1730,30,15,10,1715,0.75,0.0086705202312138,0.6666666666666666,0.3333333333333333,7.648689038374207
tfnbs,"e=0.8,h=6.0,n=30,start_thres=1.25",hub,0.25,50,15,40,1730,28,12,12,1718,0.7,0.006936416184971,0.7,0.3,7.648689038374207
tfnbs,"e=0.8,h=7.0,n=30,start_thres=1.25",hub,0.25,50,15,40,1730,25,10,15,1720,0.625,0.0057803468208092,0.7142857142857143,0.2857142857142857,7.648689038374207
tfnbs,"e=0.8,h=8.0,n=30,start_thres=1.25",hub,0.25,50,15,40,1730,25,9,15,1721,0.625,0.0052023121387283,0.7352941176470589,0.2647058823529412,7.648689038374207
tfnbs,"e=0.8,h=9.0,n=30,start_thres=1.25",hub,0.25,50,15,40,1730,19,6,21,1724,0.475,0.0034682080924855,0.76,0.24,7.648689038374207
tfnbs,"e=0.8,h=10.0,n=30,start_thres=1.25",hub,0.25,50,15,40,1730,18,4,22,1726,0.45,0.0023121387283236,0.8181818181818182,0.1818181818181818,7.648689038374207
tfnbs,"e=0.9,h=0.5,n=30,start_thres=1.25",hub,0.25,50,15,40,1730,33,36,7,1694,0.825,0.0208092485549132,0.4782608695652174,0.5217391304347826,7.648689038374207
tfnbs,"e=0.9,h=1.0,n=30,start_thres=1.25",hub,0.25,50,15,40,1730,33,35,7,1695,0.825,0.0202312138728323,0.4852941176470588,0.5147058823529411,7.648689038374207
tfnbs,"e=0.9,h=2.0,n=30,start_thres=1.25",hub,0.25,50,15,40,1730,33,35,7,1695,0.825,0.0202312138728323,0.4852941176470588,0.5147058823529411,7.648689038374207
tfnbs,"e=0.9,h=3.0,n=30,start_thres=1.25",hub,0.25,50,15,40,1730,33,35,7,1695,0.825,0.0202312138728323,0.4852941176470588,0.5147058823529411,7.648689038374207
tfnbs,"e=0.9,h=4.0,n=30,start_thres=1.25",hub,0.25,50,15,40,1730,32,24,8,1706,0.8,0.0138728323699421,0.5714285714285714,0.4285714285714285,7.648689038374207
tfnbs,"e=0.9,h=5.0,n=30,start_thres=1.25",hub,0.25,50,15,40,1730,32,24,8,1706,0.8,0.0138728323699421,0.5714285714285714,0.4285714285714285,7.648689038374207
tfnbs,"e=0.9,h=6.0,n=30,start_thres=1.25",hub,0.25,50,15,40,1730,30,15,10,1715,0.75,0.0086705202312138,0.6666666666666666,0.3333333333333333,7.648689038374207
tfnbs,"e=0.9,h=7.0,n=30,start_thres=1.25",hub,0.25,50,15,40,1730,28,12,12,1718,0.7,0.006936416184971,0.7,0.3,7.648689038374207
tfnbs,"e=0.9,h=8.0,n=30,start_thres=1.25",hub,0.25,50,15,40,1730,25,10,15,1720,0.625,0.0057803468208092,0.7142857142857143,0.2857142857142857,7.648689038374207
tfnbs,"e=0.9,h=9.0,n=30,start_thres=1.25",hub,0.25,50,15,40,1730,25,9,15,1721,0.625,0.0052023121387283,0.7352941176470589,0.2647058823529412,7.648689038374207
tfnbs,"e=0.9,h=10.0,n=30,start_thres=1.25",hub,0.25,50,15,40,1730,19,6,21,1724,0.475,0.0034682080924855,0.76,0.24,7.648689038374207
tfnbs,"e=1.0,h=0.5,n=30,start_thres=1.25",hub,0.25,50,15,40,1730,38,48,2,1682,0.95,0.0277456647398843,0.4418604651162791,0.5581395348837209,7.648689038374207
tfnbs,"e=1.0,h=1.0,n=30,start_thres=1.25",hub,0.25,50,15,40,1730,38,48,2,1682,0.95,0.0277456647398843,0.4418604651162791,0.5581395348837209,7.648689038374207
tfnbs,"e=1.0,h=2.0,n=30,start_thres=1.25",hub,0.25,50,15,40,1730,38,48,2,1682,0.95,0.0277456647398843,0.4418604651162791,0.5581395348837209,7.648689038374207
tfnbs,"e=1.0,h=3.0,n=30,start_thres=1.25",hub,0.25,50,15,40,1730,33,35,7,1695,0.825,0.0202312138728323,0.4852941176470588,0.5147058823529411,7.648689038374207
tfnbs,"e=1.0,h=4.0,n=30,start_thres=1.25",hub,0.25,50,15,40,1730,33,35,7,1695,0.825,0.0202312138728323,0.4852941176470588,0.5147058823529411,7.648689038374207
tfnbs,"e=1.0,h=5.0,n=30,start_thres=1.25",hub,0.25,50,15,40,1730,32,24,8,1706,0.8,0.0138728323699421,0.5714285714285714,0.4285714285714285,7.648689038374207
tfnbs,"e=1.0,h=6.0,n=30,start_thres=1.25",hub,0.25,50,15,40,1730,32,24,8,1706,0.8,0.0138728323699421,0.5714285714285714,0.4285714285714285,7.648689038374207
tfnbs,"e=1.0,h=7.0,n=30,start_thres=1.25",hub,0.25,50,15,40,1730,30,15,10,1715,0.75,0.0086705202312138,0.6666666666666666,0.3333333333333333,7.648689038374207
tfnbs,"e=1.0,h=8.0,n=30,start_thres=1.25",hub,0.25,50,15,40,1730,28,12,12,1718,0.7,0.006936416184971,0.7,0.3,7.648689038374207
tfnbs,"e=1.0,h=9.0,n=30,start_thres=1.25",hub,0.25,50,15,40,1730,25,11,15,1719,0.625,0.0063583815028901,0.6944444444444444,0.3055555555555556,7.648689038374207
tfnbs,"e=1.0,h=10.0,n=30,start_thres=1.25",hub,0.25,50,15,40,1730,25,9,15,1721,0.625,0.0052023121387283,0.7352941176470589,0.2647058823529412,7.648689038374207
tfnbs,"e=1.1,h=0.5,n=30,start_thres=1.25",hub,0.25,50,15,40,1730,38,48,2,1682,0.95,0.0277456647398843,0.4418604651162791,0.5581395348837209,7.648689038374207
tfnbs,"e=1.1,h=1.0,n=30,start_thres=1.25",hub,0.25,50,15,40,1730,38,48,2,1682,0.95,0.0277456647398843,0.4418604651162791,0.5581395348837209,7.648689038374207
tfnbs,"e=1.1,h=2.0,n=30,start_thres=1.25",hub,0.25,50,15,40,1730,38,48,2,1682,0.95,0.0277456647398843,0.4418604651162791,0.5581395348837209,7.648689038374207
tfnbs,"e=1.1,h=3.0,n=30,start_thres=1.25",hub,0.25,50,15,40,1730,38,48,2,1682,0.95,0.0277456647398843,0.4418604651162791,0.5581395348837209,7.648689038374207
tfnbs,"e=1.1,h=4.0,n=30,start_thres=1.25",hub,0.25,50,15,40,1730,33,35,7,1695,0.825,0.0202312138728323,0.4852941176470588,0.5147058823529411,7.648689038374207
tfnbs,"e=1.1,h=5.0,n=30,start_thres=1.25",hub,0.25,50,15,40,1730,33,35,7,1695,0.825,0.0202312138728323,0.4852941176470588,0.5147058823529411,7.648689038374207
tfnbs,"e=1.1,h=6.0,n=30,start_thres=1.25",hub,0.25,50,15,40,1730,32,24,8,1706,0.8,0.0138728323699421,0.5714285714285714,0.4285714285714285,7.648689038374207
tfnbs,"e=1.1,h=7.0,n=30,start_thres=1.25",hub,0.25,50,15,40,1730,32,24,8,1706,0.8,0.0138728323699421,0.5714285714285714,0.4285714285714285,7.648689038374207
tfnbs,"e=1.1,h=8.0,n=30,start_thres=1.25",hub,0.25,50,15,40,1730,30,15,10,1715,0.75,0.0086705202312138,0.6666666666666666,0.3333333333333333,7.648689038374207
tfnbs,"e=1.1,h=9.0,n=30,start_thres=1.25",hub,0.25,50,15,40,1730,28,12,12,1718,0.7,0.006936416184971,0.7,0.3,7.648689038374207
tfnbs,"e=1.1,h=10.0,n=30,start_thres=1.25",hub,0.25,50,15,40,1730,28,12,12,1718,0.7,0.006936416184971,0.7,0.3,7.648689038374207
tfnbs,"e=1.2,h=0.5,n=30,start_thres=1.25",hub,0.25,50,15,40,1730,38,48,2,1682,0.95,0.0277456647398843,0.4418604651162791,0.5581395348837209,7.648689038374207
tfnbs,"e=1.2,h=1.0,n=30,start_thres=1.25",hub,0.25,50,15,40,1730,38,48,2,1682,0.95,0.0277456647398843,0.4418604651162791,0.5581395348837209,7.648689038374207
tfnbs,"e=1.2,h=2.0,n=30,start_thres=1.25",hub,0.25,50,15,40,1730,38,48,2,1682,0.95,0.0277456647398843,0.4418604651162791,0.5581395348837209,7.648689038374207
tfnbs,"e=1.2,h=3.0,n=30,start_thres=1.25",hub,0.25,50,15,40,1730,38,48,2,1682,0.95,0.0277456647398843,0.4418604651162791,0.5581395348837209,7.648689038374207
tfnbs,"e=1.2,h=4.0,n=30,start_thres=1.25",hub,0.25,50,15,40,1730,38,48,2,1682,0.95,0.0277456647398843,0.4418604651162791,0.5581395348837209,7.648689038374207
tfnbs,"e=1.2,h=5.0,n=30,start_thres=1.25",hub,0.25,50,15,40,1730,33,35,7,1695,0.825,0.0202312138728323,0.4852941176470588,0.5147058823529411,7.648689038374207
tfnbs,"e=1.2,h=6.0,n=30,start_thres=1.25",hub,0.25,50,15,40,1730,33,35,7,1695,0.825,0.0202312138728323,0.4852941176470588,0.5147058823529411,7.648689038374207
tfnbs,"e=1.2,h=7.0,n=30,start_thres=1.25",hub,0.25,50,15,40,1730,32,24,8,1706,0.8,0.0138728323699421,0.5714285714285714,0.4285714285714285,7.648689038374207
tfnbs,"e=1.2,h=8.0,n=30,start_thres=1.25",hub,0.25,50,15,40,1730,32,24,8,1706,0.8,0.0138728323699421,0.5714285714285714,0.4285714285714285,7.648689038374207
tfnbs,"e=1.2,h=9.0,n=30,start_thres=1.25",hub,0.25,50,15,40,1730,30,15,10,1715,0.75,0.0086705202312138,0.6666666666666666,0.3333333333333333,7.648689038374207
tfnbs,"e=1.2,h=10.0,n=30,start_thres=1.25",hub,0.25,50,15,40,1730,28,12,12,1718,0.7,0.006936416184971,0.7,0.3,7.648689038374207
tfnbs,"e=1.3,h=0.5,n=30,start_thres=1.25",hub,0.25,50,15,40,1730,38,57,2,1673,0.95,0.0329479768786127,0.4,0.6,7.648689038374207
tfnbs,"e=1.3,h=1.0,n=30,start_thres=1.25",hub,0.25,50,15,40,1730,38,48,2,1682,0.95,0.0277456647398843,0.4418604651162791,0.5581395348837209,7.648689038374207
tfnbs,"e=1.3,h=2.0,n=30,start_thres=1.25",hub,0.25,50,15,40,1730,38,48,2,1682,0.95,0.0277456647398843,0.4418604651162791,0.5581395348837209,7.648689038374207
tfnbs,"e=1.3,h=3.0,n=30,start_thres=1.25",hub,0.25,50,15,40,1730,38,48,2,1682,0.95,0.0277456647398843,0.4418604651162791,0.5581395348837209,7.648689038374207
tfnbs,"e=1.3,h=4.0,n=30,start_thres=1.25",hub,0.25,50,15,40,1730,38,48,2,1682,0.95,0.0277456647398843,0.4418604651162791,0.5581395348837209,7.648689038374207
tfnbs,"e=1.3,h=5.0,n=30,start_thres=1.25",hub,0.25,50,15,40,1730,38,48,2,1682,0.95,0.0277456647398843,0.4418604651162791,0.5581395348837209,7.648689038374207
tfnbs,"e=1.3,h=6.0,n=30,start_thres=1.25",hub,0.25,50,15,40,1730,33,35,7,1695,0.825,0.0202312138728323,0.4852941176470588,0.5147058823529411,7.648689038374207
tfnbs,"e=1.3,h=7.0,n=30,start_thres=1.25",hub,0.25,50,15,40,1730,33,35,7,1695,0.825,0.0202312138728323,0.4852941176470588,0.5147058823529411,7.648689038374207
tfnbs,"e=1.3,h=8.0,n=30,start_thres=1.25",hub,0.25,50,15,40,1730,32,24,8,1706,0.8,0.0138728323699421,0.5714285714285714,0.4285714285714285,7.648689038374207
tfnbs,"e=1.3,h=9.0,n=30,start_thres=1.25",hub,0.25,50,15,40,1730,32,24,8,1706,0.8,0.0138728323699421,0.5714285714285714,0.4285714285714285,7.648689038374207
tfnbs,"e=1.3,h=10.0,n=30,start_thres=1.25",hub,0.25,50,15,40,1730,30,15,10,1715,0.75,0.0086705202312138,0.6666666666666666,0.3333333333333333,7.648689038374207
tfnbs,"e=1.4,h=0.5,n=30,start_thres=1.25",hub,0.25,50,15,40,1730,38,57,2,1673,0.95,0.0329479768786127,0.4,0.6,7.648689038374207
tfnbs,"e=1.4,h=1.0,n=30,start_thres=1.25",hub,0.25,50,15,40,1730,38,57,2,1673,0.95,0.0329479768786127,0.4,0.6,7.648689038374207
tfnbs,"e=1.4,h=2.0,n=30,start_thres=1.25",hub,0.25,50,15,40,1730,38,48,2,1682,0.95,0.0277456647398843,0.4418604651162791,0.5581395348837209,7.648689038374207
tfnbs,"e=1.4,h=3.0,n=30,start_thres=1.25",hub,0.25,50,15,40,1730,38,48,2,1682,0.95,0.0277456647398843,0.4418604651162791,0.5581395348837209,7.648689038374207
tfnbs,"e=1.4,h=4.0,n=30,start_thres=1.25",hub,0.25,50,15,40,1730,38,48,2,1682,0.95,0.0277456647398843,0.4418604651162791,0.5581395348837209,7.648689038374207
tfnbs,"e=1.4,h=5.0,n=30,start_thres=1.25",hub,0.25,50,15,40,1730,38,48,2,1682,0.95,0.0277456647398843,0.4418604651162791,0.5581395348837209,7.648689038374207
tfnbs,"e=1.4,h=6.0,n=30,start_thres=1.25",hub,0.25,50,15,40,1730,38,48,2,1682,0.95,0.0277456647398843,0.4418604651162791,0.5581395348837209,7.648689038374207
tfnbs,"e=1.4,h=7.0,n=30,start_thres=1.25",hub,0.25,50,15,40,1730,33,35,7,1695,0.825,0.0202312138728323,0.4852941176470588,0.5147058823529411,7.648689038374207
tfnbs,"e=1.4,h=8.0,n=30,start_thres=1.25",hub,0.25,50,15,40,1730,33,35,7,1695,0.825,0.0202312138728323,0.4852941176470588,0.5147058823529411,7.648689038374207
tfnbs,"e=1.4,h=9.0,n=30,start_thres=1.25",hub,0.25,50,15,40,1730,32,24,8,1706,0.8,0.0138728323699421,0.5714285714285714,0.4285714285714285,7.648689038374207
tfnbs,"e=1.4,h=10.0,n=30,start_thres=1.25",hub,0.25,50,15,40,1730,32,24,8,1706,0.8,0.0138728323699421,0.5714285714285714,0.4285714285714285,7.648689038374207
tfnbs,"e=1.5,h=0.5,n=30,start_thres=1.25",hub,0.25,50,15,40,1730,38,57,2,1673,0.95,0.0329479768786127,0.4,0.6,7.648689038374207
tfnbs,"e=1.5,h=1.0,n=30,start_thres=1.25",hub,0.25,50,15,40,1730,38,57,2,1673,0.95,0.0329479768786127,0.4,0.6,7.648689038374207
tfnbs,"e=1.5,h=2.0,n=30,start_thres=1.25",hub,0.25,50,15,40,1730,38,57,2,1673,0.95,0.0329479768786127,0.4,0.6,7.648689038374207
tfnbs,"e=1.5,h=3.0,n=30,start_thres=1.25",hub,0.25,50,15,40,1730,38,57,2,1673,0.95,0.0329479768786127,0.4,0.6,7.648689038374207
tfnbs,"e=1.5,h=4.0,n=30,start_thres=1.25",hub,0.25,50,15,40,1730,38,48,2,1682,0.95,0.0277456647398843,0.4418604651162791,0.5581395348837209,7.648689038374207
tfnbs,"e=1.5,h=5.0,n=30,start_thres=1.25",hub,0.25,50,15,40,1730,38,48,2,1682,0.95,0.0277456647398843,0.4418604651162791,0.5581395348837209,7.648689038374207
tfnbs,"e=1.5,h=6.0,n=30,start_thres=1.25",hub,0.25,50,15,40,1730,38,48,2,1682,0.95,0.0277456647398843,0.4418604651162791,0.5581395348837209,7.648689038374207
tfnbs,"e=1.5,h=7.0,n=30,start_thres=1.25",hub,0.25,50,15,40,1730,38,48,2,1682,0.95,0.0277456647398843,0.4418604651162791,0.5581395348837209,7.648689038374207
tfnbs,"e=1.5,h=8.0,n=30,start_thres=1.25",hub,0.25,50,15,40,1730,33,35,7,1695,0.825,0.0202312138728323,0.4852941176470588,0.5147058823529411,7.648689038374207
tfnbs,"e=1.5,h=9.0,n=30,start_thres=1.25",hub,0.25,50,15,40,1730,33,35,7,1695,0.825,0.0202312138728323,0.4852941176470588,0.5147058823529411,7.648689038374207
tfnbs,"e=1.5,h=10.0,n=30,start_thres=1.25",hub,0.25,50,15,40,1730,32,24,8,1706,0.8,0.0138728323699421,0.5714285714285714,0.4285714285714285,7.648689038374207
tfnbs,"e=0.05,h=0.5,n=30,start_thres=1.25",hub,0.25,50,24,40,1730,13,0,27,1730,0.325,0.0,1.0,0.0,7.5396370616826145
tfnbs,"e=0.05,h=1.0,n=30,start_thres=1.25",hub,0.25,50,24,40,1730,13,0,27,1730,0.325,0.0,1.0,0.0,7.5396370616826145
tfnbs,"e=0.05,h=2.0,n=30,start_thres=1.25",hub,0.25,50,24,40,1730,13,0,27,1730,0.325,0.0,1.0,0.0,7.5396370616826145
tfnbs,"e=0.05,h=3.0,n=30,start_thres=1.25",hub,0.25,50,24,40,1730,13,0,27,1730,0.325,0.0,1.0,0.0,7.5396370616826145
tfnbs,"e=0.05,h=4.0,n=30,start_thres=1.25",hub,0.25,50,24,40,1730,12,0,28,1730,0.3,0.0,1.0,0.0,7.5396370616826145
tfnbs,"e=0.05,h=5.0,n=30,start_thres=1.25",hub,0.25,50,24,40,1730,12,0,28,1730,0.3,0.0,1.0,0.0,7.5396370616826145
tfnbs,"e=0.05,h=6.0,n=30,start_thres=1.25",hub,0.25,50,24,40,1730,12,0,28,1730,0.3,0.0,1.0,0.0,7.5396370616826145
tfnbs,"e=0.05,h=7.0,n=30,start_thres=1.25",hub,0.25,50,24,40,1730,12,0,28,1730,0.3,0.0,1.0,0.0,7.5396370616826145
tfnbs,"e=0.05,h=8.0,n=30,start_thres=1.25",hub,0.25,50,24,40,1730,12,0,28,1730,0.3,0.0,1.0,0.0,7.5396370616826145
tfnbs,"e=0.05,h=9.0,n=30,start_thres=1.25",hub,0.25,50,24,40,1730,12,0,28,1730,0.3,0.0,1.0,0.0,7.5396370616826145
tfnbs,"e=0.05,h=10.0,n=30,start_thres=1.25",hub,0.25,50,24,40,1730,12,0,28,1730,0.3,0.0,1.0,0.0,7.5396370616826145
tfnbs,"e=0.1,h=0.5,n=30,start_thres=1.25",hub,0.25,50,24,40,1730,15,0,25,1730,0.375,0.0,1.0,0.0,7.5396370616826145
tfnbs,"e=0.1,h=1.0,n=30,start_thres=1.25",hub,0.25,50,24,40,1730,15,0,25,1730,0.375,0.0,1.0,0.0,7.5396370616826145
tfnbs,"e=0.1,h=2.0,n=30,start_thres=1.25",hub,0.25,50,24,40,1730,15,0,25,1730,0.375,0.0,1.0,0.0,7.5396370616826145
tfnbs,"e=0.1,h=3.0,n=30,start_thres=1.25",hub,0.25,50,24,40,1730,13,0,27,1730,0.325,0.0,1.0,0.0,7.5396370616826145
tfnbs,"e=0.1,h=4.0,n=30,start_thres=1.25",hub,0.25,50,24,40,1730,13,0,27,1730,0.325,0.0,1.0,0.0,7.5396370616826145
tfnbs,"e=0.1,h=5.0,n=30,start_thres=1.25",hub,0.25,50,24,40,1730,13,0,27,1730,0.325,0.0,1.0,0.0,7.5396370616826145
tfnbs,"e=0.1,h=6.0,n=30,start_thres=1.25",hub,0.25,50,24,40,1730,13,0,27,1730,0.325,0.0,1.0,0.0,7.5396370616826145
tfnbs,"e=0.1,h=7.0,n=30,start_thres=1.25",hub,0.25,50,24,40,1730,13,0,27,1730,0.325,0.0,1.0,0.0,7.5396370616826145
tfnbs,"e=0.1,h=8.0,n=30,start_thres=1.25",hub,0.25,50,24,40,1730,13,0,27,1730,0.325,0.0,1.0,0.0,7.5396370616826145
tfnbs,"e=0.1,h=9.0,n=30,start_thres=1.25",hub,0.25,50,24,40,1730,13,0,27,1730,0.325,0.0,1.0,0.0,7.5396370616826145
tfnbs,"e=0.1,h=10.0,n=30,start_thres=1.25",hub,0.25,50,24,40,1730,12,0,28,1730,0.3,0.0,1.0,0.0,7.5396370616826145
tfnbs,"e=0.2,h=0.5,n=30,start_thres=1.25",hub,0.25,50,24,40,1730,22,0,18,1730,0.55,0.0,1.0,0.0,7.5396370616826145
tfnbs,"e=0.2,h=1.0,n=30,start_thres=1.25",hub,0.25,50,24,40,1730,22,0,18,1730,0.55,0.0,1.0,0.0,7.5396370616826145
tfnbs,"e=0.2,h=2.0,n=30,start_thres=1.25",hub,0.25,50,24,40,1730,18,0,22,1730,0.45,0.0,1.0,0.0,7.5396370616826145
tfnbs,"e=0.2,h=3.0,n=30,start_thres=1.25",hub,0.25,50,24,40,1730,18,0,22,1730,0.45,0.0,1.0,0.0,7.5396370616826145
tfnbs,"e=0.2,h=4.0,n=30,start_thres=1.25",hub,0.25,50,24,40,1730,18,0,22,1730,0.45,0.0,1.0,0.0,7.5396370616826145
tfnbs,"e=0.2,h=5.0,n=30,start_thres=1.25",hub,0.25,50,24,40,1730,15,0,25,1730,0.375,0.0,1.0,0.0,7.5396370616826145
tfnbs,"e=0.2,h=6.0,n=30,start_thres=1.25",hub,0.25,50,24,40,1730,15,0,25,1730,0.375,0.0,1.0,0.0,7.5396370616826145
tfnbs,"e=0.2,h=7.0,n=30,start_thres=1.25",hub,0.25,50,24,40,1730,15,0,25,1730,0.375,0.0,1.0,0.0,7.5396370616826145
tfnbs,"e=0.2,h=8.0,n=30,start_thres=1.25",hub,0.25,50,24,40,1730,13,0,27,1730,0.325,0.0,1.0,0.0,7.5396370616826145
tfnbs,"e=0.2,h=9.0,n=30,start_thres=1.25",hub,0.25,50,24,40,1730,13,0,27,1730,0.325,0.0,1.0,0.0,7.5396370616826145
tfnbs,"e=0.2,h=10.0,n=30,start_thres=1.25",hub,0.25,50,24,40,1730,13,0,27,1730,0.325,0.0,1.0,0.0,7.5396370616826145
tfnbs,"e=0.3,h=0.5,n=30,start_thres=1.25",hub,0.25,50,24,40,1730,28,0,12,1730,0.7,0.0,1.0,0.0,7.5396370616826145
tfnbs,"e=0.3,h=1.0,n=30,start_thres=1.25",hub,0.25,50,24,40,1730,25,0,15,1730,0.625,0.0,1.0,0.0,7.5396370616826145
tfnbs,"e=0.3,h=2.0,n=30,start_thres=1.25",hub,0.25,50,24,40,1730,25,0,15,1730,0.625,0.0,1.0,0.0,7.5396370616826145
tfnbs,"e=0.3,h=3.0,n=30,start_thres=1.25",hub,0.25,50,24,40,1730,22,0,18,1730,0.55,0.0,1.0,0.0,7.5396370616826145
tfnbs,"e=0.3,h=4.0,n=30,start_thres=1.25",hub,0.25,50,24,40,1730,22,0,18,1730,0.55,0.0,1.0,0.0,7.5396370616826145
tfnbs,"e=0.3,h=5.0,n=30,start_thres=1.25",hub,0.25,50,24,40,1730,18,0,22,1730,0.45,0.0,1.0,0.0,7.5396370616826145
tfnbs,"e=0.3,h=6.0,n=30,start_thres=1.25",hub,0.25,50,24,40,1730,18,0,22,1730,0.45,0.0,1.0,0.0,7.5396370616826145
tfnbs,"e=0.3,h=7.0,n=30,start_thres=1.25",hub,0.25,50,24,40,1730,18,0,22,1730,0.45,0.0,1.0,0.0,7.5396370616826145
tfnbs,"e=0.3,h=8.0,n=30,start_thres=1.25",hub,0.25,50,24,40,1730,15,0,25,1730,0.375,0.0,1.0,0.0,7.5396370616826145
tfnbs,"e=0.3,h=9.0,n=30,start_thres=1.25",hub,0.25,50,24,40,1730,15,0,25,1730,0.375,0.0,1.0,0.0,7.5396370616826145
tfnbs,"e=0.3,h=10.0,n=30,start_thres=1.25",hub,0.25,50,24,40,1730,15,0,25,1730,0.375,0.0,1.0,0.0,7.5396370616826145
tfnbs,"e=0.4,h=0.5,n=30,start_thres=1.25",hub,0.25,50,24,40,1730,30,0,10,1730,0.75,0.0,1.0,0.0,7.5396370616826145
tfnbs,"e=0.4,h=1.0,n=30,start_thres=1.25",hub,0.25,50,24,40,1730,28,0,12,1730,0.7,0.0,1.0,0.0,7.5396370616826145
tfnbs,"e=0.4,h=2.0,n=30,start_thres=1.25",hub,0.25,50,24,40,1730,28,0,12,1730,0.7,0.0,1.0,0.0,7.5396370616826145
tfnbs,"e=0.4,h=3.0,n=30,start_thres=1.25",hub,0.25,50,24,40,1730,28,0,12,1730,0.7,0.0,1.0,0.0,7.5396370616826145
tfnbs,"e=0.4,h=4.0,n=30,start_thres=1.25",hub,0.25,50,24,40,1730,25,0,15,1730,0.625,0.0,1.0,0.0,7.5396370616826145
tfnbs,"e=0.4,h=5.0,n=30,start_thres=1.25",hub,0.25,50,24,40,1730,22,0,18,1730,0.55,0.0,1.0,0.0,7.5396370616826145
tfnbs,"e=0.4,h=6.0,n=30,start_thres=1.25",hub,0.25,50,24,40,1730,22,0,18,1730,0.55,0.0,1.0,0.0,7.5396370616826145
tfnbs,"e=0.4,h=7.0,n=30,start_thres=1.25",hub,0.25,50,24,40,1730,22,0,18,1730,0.55,0.0,1.0,0.0,7.5396370616826145
tfnbs,"e=0.4,h=8.0,n=30,start_thres=1.25",hub,0.25,50,24,40,1730,18,0,22,1730,0.45,0.0,1.0,0.0,7.5396370616826145
tfnbs,"e=0.4,h=9.0,n=30,start_thres=1.25",hub,0.25,50,24,40,1730,18,0,22,1730,0.45,0.0,1.0,0.0,7.5396370616826145
tfnbs,"e=0.4,h=10.0,n=30,start_thres=1.25",hub,0.25,50,24,40,1730,18,0,22,1730,0.45,0.0,1.0,0.0,7.5396370616826145
tfnbs,"e=0.5,h=0.5,n=30,start_thres=1.25",hub,0.25,50,24,40,1730,30,0,10,1730,0.75,0.0,1.0,0.0,7.5396370616826145
tfnbs,"e=0.5,h=1.0,n=30,start_thres=1.25",hub,0.25,50,24,40,1730,30,0,10,1730,0.75,0.0,1.0,0.0,7.5396370616826145
tfnbs,"e=0.5,h=2.0,n=30,start_thres=1.25",hub,0.25,50,24,40,1730,30,0,10,1730,0.75,0.0,1.0,0.0,7.5396370616826145
tfnbs,"e=0.5,h=3.0,n=30,start_thres=1.25",hub,0.25,50,24,40,1730,28,0,12,1730,0.7,0.0,1.0,0.0,7.5396370616826145
tfnbs,"e=0.5,h=4.0,n=30,start_thres=1.25",hub,0.25,50,24,40,1730,28,0,12,1730,0.7,0.0,1.0,0.0,7.5396370616826145
tfnbs,"e=0.5,h=5.0,n=30,start_thres=1.25",hub,0.25,50,24,40,1730,25,0,15,1730,0.625,0.0,1.0,0.0,7.5396370616826145
tfnbs,"e=0.5,h=6.0,n=30,start_thres=1.25",hub,0.25,50,24,40,1730,25,0,15,1730,0.625,0.0,1.0,0.0,7.5396370616826145
tfnbs,"e=0.5,h=7.0,n=30,start_thres=1.25",hub,0.25,50,24,40,1730,22,0,18,1730,0.55,0.0,1.0,0.0,7.5396370616826145
tfnbs,"e=0.5,h=8.0,n=30,start_thres=1.25",hub,0.25,50,24,40,1730,22,0,18,1730,0.55,0.0,1.0,0.0,7.5396370616826145
tfnbs,"e=0.5,h=9.0,n=30,start_thres=1.25",hub,0.25,50,24,40,1730,22,0,18,1730,0.55,0.0,1.0,0.0,7.5396370616826145
tfnbs,"e=0.5,h=10.0,n=30,start_thres=1.25",hub,0.25,50,24,40,1730,18,0,22,1730,0.45,0.0,1.0,0.0,7.5396370616826145
tfnbs,"e=0.6,h=0.5,n=30,start_thres=1.25",hub,0.25,50,24,40,1730,30,0,10,1730,0.75,0.0,1.0,0.0,7.5396370616826145
tfnbs,"e=0.6,h=1.0,n=30,start_thres=1.25",hub,0.25,50,24,40,1730,33,0,7,1730,0.825,0.0,1.0,0.0,7.5396370616826145
tfnbs,"e=0.6,h=2.0,n=30,start_thres=1.25",hub,0.25,50,24,40,1730,33,0,7,1730,0.825,0.0,1.0,0.0,7.5396370616826145
tfnbs,"e=0.6,h=3.0,n=30,start_thres=1.25",hub,0.25,50,24,40,1730,30,0,10,1730,0.75,0.0,1.0,0.0,7.5396370616826145
tfnbs,"e=0.6,h=4.0,n=30,start_thres=1.25",hub,0.25,50,24,40,1730,30,0,10,1730,0.75,0.0,1.0,0.0,7.5396370616826145
tfnbs,"e=0.6,h=5.0,n=30,start_thres=1.25",hub,0.25,50,24,40,1730,28,0,12,1730,0.7,0.0,1.0,0.0,7.5396370616826145
tfnbs,"e=0.6,h=6.0,n=30,start_thres=1.25",hub,0.25,50,24,40,1730,28,0,12,1730,0.7,0.0,1.0,0.0,7.5396370616826145
tfnbs,"e=0.6,h=7.0,n=30,start_thres=1.25",hub,0.25,50,24,40,1730,25,0,15,1730,0.625,0.0,1.0,0.0,7.5396370616826145
tfnbs,"e=0.6,h=8.0,n=30,start_thres=1.25",hub,0.25,50,24,40,1730,25,0,15,1730,0.625,0.0,1.0,0.0,7.5396370616826145
tfnbs,"e=0.6,h=9.0,n=30,start_thres=1.25",hub,0.25,50,24,40,1730,22,0,18,1730,0.55,0.0,1.0,0.0,7.5396370616826145
tfnbs,"e=0.6,h=10.0,n=30,start_thres=1.25",hub,0.25,50,24,40,1730,22,0,18,1730,0.55,0.0,1.0,0.0,7.5396370616826145
tfnbs,"e=0.7,h=0.5,n=30,start_thres=1.25",hub,0.25,50,24,40,1730,33,0,7,1730,0.825,0.0,1.0,0.0,7.5396370616826145
tfnbs,"e=0.7,h=1.0,n=30,start_thres=1.25",hub,0.25,50,24,40,1730,33,0,7,1730,0.825,0.0,1.0,0.0,7.5396370616826145
tfnbs,"e=0.7,h=2.0,n=30,start_thres=1.25",hub,0.25,50,24,40,1730,33,0,7,1730,0.825,0.0,1.0,0.0,7.5396370616826145
tfnbs,"e=0.7,h=3.0,n=30,start_thres=1.25",hub,0.25,50,24,40,1730,33,0,7,1730,0.825,0.0,1.0,0.0,7.5396370616826145
tfnbs,"e=0.7,h=4.0,n=30,start_thres=1.25",hub,0.25,50,24,40,1730,33,0,7,1730,0.825,0.0,1.0,0.0,7.5396370616826145
tfnbs,"e=0.7,h=5.0,n=30,start_thres=1.25",hub,0.25,50,24,40,1730,30,0,10,1730,0.75,0.0,1.0,0.0,7.5396370616826145
tfnbs,"e=0.7,h=6.0,n=30,start_thres=1.25",hub,0.25,50,24,40,1730,30,0,10,1730,0.75,0.0,1.0,0.0,7.5396370616826145
tfnbs,"e=0.7,h=7.0,n=30,start_thres=1.25",hub,0.25,50,24,40,1730,28,0,12,1730,0.7,0.0,1.0,0.0,7.5396370616826145
tfnbs,"e=0.7,h=8.0,n=30,start_thres=1.25",hub,0.25,50,24,40,1730,28,0,12,1730,0.7,0.0,1.0,0.0,7.5396370616826145
tfnbs,"e=0.7,h=9.0,n=30,start_thres=1.25",hub,0.25,50,24,40,1730,25,0,15,1730,0.625,0.0,1.0,0.0,7.5396370616826145
tfnbs,"e=0.7,h=10.0,n=30,start_thres=1.25",hub,0.25,50,24,40,1730,25,0,15,1730,0.625,0.0,1.0,0.0,7.5396370616826145
tfnbs,"e=0.8,h=0.5,n=30,start_thres=1.25",hub,0.25,50,24,40,1730,33,0,7,1730,0.825,0.0,1.0,0.0,7.5396370616826145
tfnbs,"e=0.8,h=1.0,n=30,start_thres=1.25",hub,0.25,50,24,40,1730,33,0,7,1730,0.825,0.0,1.0,0.0,7.5396370616826145
tfnbs,"e=0.8,h=2.0,n=30,start_thres=1.25",hub,0.25,50,24,40,1730,33,0,7,1730,0.825,0.0,1.0,0.0,7.5396370616826145
tfnbs,"e=0.8,h=3.0,n=30,start_thres=1.25",hub,0.25,50,24,40,1730,33,0,7,1730,0.825,0.0,1.0,0.0,7.5396370616826145
tfnbs,"e=0.8,h=4.0,n=30,start_thres=1.25",hub,0.25,50,24,40,1730,33,0,7,1730,0.825,0.0,1.0,0.0,7.5396370616826145
tfnbs,"e=0.8,h=5.0,n=30,start_thres=1.25",hub,0.25,50,24,40,1730,33,0,7,1730,0.825,0.0,1.0,0.0,7.5396370616826145
tfnbs,"e=0.8,h=6.0,n=30,start_thres=1.25",hub,0.25,50,24,40,1730,30,0,10,1730,0.75,0.0,1.0,0.0,7.5396370616826145
tfnbs,"e=0.8,h=7.0,n=30,start_thres=1.25",hub,0.25,50,24,40,1730,30,0,10,1730,0.75,0.0,1.0,0.0,7.5396370616826145
tfnbs,"e=0.8,h=8.0,n=30,start_thres=1.25",hub,0.25,50,24,40,1730,28,0,12,1730,0.7,0.0,1.0,0.0,7.5396370616826145
tfnbs,"e=0.8,h=9.0,n=30,start_thres=1.25",hub,0.25,50,24,40,1730,28,0,12,1730,0.7,0.0,1.0,0.0,7.5396370616826145
tfnbs,"e=0.8,h=10.0,n=30,start_thres=1.25",hub,0.25,50,24,40,1730,25,0,15,1730,0.625,0.0,1.0,0.0,7.5396370616826145
tfnbs,"e=0.9,h=0.5,n=30,start_thres=1.25",hub,0.25,50,24,40,1730,30,0,10,1730,0.75,0.0,1.0,0.0,7.5396370616826145
tfnbs,"e=0.9,h=1.0,n=30,start_thres=1.25",hub,0.25,50,24,40,1730,33,0,7,1730,0.825,0.0,1.0,0.0,7.5396370616826145
tfnbs,"e=0.9,h=2.0,n=30,start_thres=1.25",hub,0.25,50,24,40,1730,33,0,7,1730,0.825,0.0,1.0,0.0,7.5396370616826145
tfnbs,"e=0.9,h=3.0,n=30,start_thres=1.25",hub,0.25,50,24,40,1730,33,0,7,1730,0.825,0.0,1.0,0.0,7.5396370616826145
tfnbs,"e=0.9,h=4.0,n=30,start_thres=1.25",hub,0.25,50,24,40,1730,33,0,7,1730,0.825,0.0,1.0,0.0,7.5396370616826145
tfnbs,"e=0.9,h=5.0,n=30,start_thres=1.25",hub,0.25,50,24,40,1730,33,0,7,1730,0.825,0.0,1.0,0.0,7.5396370616826145
tfnbs,"e=0.9,h=6.0,n=30,start_thres=1.25",hub,0.25,50,24,40,1730,33,0,7,1730,0.825,0.0,1.0,0.0,7.5396370616826145
tfnbs,"e=0.9,h=7.0,n=30,start_thres=1.25",hub,0.25,50,24,40,1730,30,0,10,1730,0.75,0.0,1.0,0.0,7.5396370616826145
tfnbs,"e=0.9,h=8.0,n=30,start_thres=1.25",hub,0.25,50,24,40,1730,30,0,10,1730,0.75,0.0,1.0,0.0,7.5396370616826145
tfnbs,"e=0.9,h=9.0,n=30,start_thres=1.25",hub,0.25,50,24,40,1730,28,0,12,1730,0.7,0.0,1.0,0.0,7.5396370616826145
tfnbs,"e=0.9,h=10.0,n=30,start_thres=1.25",hub,0.25,50,24,40,1730,28,0,12,1730,0.7,0.0,1.0,0.0,7.5396370616826145
tfnbs,"e=1.0,h=0.5,n=30,start_thres=1.25",hub,0.25,50,24,40,1730,30,0,10,1730,0.75,0.0,1.0,0.0,7.5396370616826145
tfnbs,"e=1.0,h=1.0,n=30,start_thres=1.25",hub,0.25,50,24,40,1730,33,0,7,1730,0.825,0.0,1.0,0.0,7.5396370616826145
tfnbs,"e=1.0,h=2.0,n=30,start_thres=1.25",hub,0.25,50,24,40,1730,33,0,7,1730,0.825,0.0,1.0,0.0,7.5396370616826145
tfnbs,"e=1.0,h=3.0,n=30,start_thres=1.25",hub,0.25,50,24,40,1730,33,0,7,1730,0.825,0.0,1.0,0.0,7.5396370616826145
tfnbs,"e=1.0,h=4.0,n=30,start_thres=1.25",hub,0.25,50,24,40,1730,33,0,7,1730,0.825,0.0,1.0,0.0,7.5396370616826145
tfnbs,"e=1.0,h=5.0,n=30,start_thres=1.25",hub,0.25,50,24,40,1730,33,0,7,1730,0.825,0.0,1.0,0.0,7.5396370616826145
tfnbs,"e=1.0,h=6.0,n=30,start_thres=1.25",hub,0.25,50,24,40,1730,33,0,7,1730,0.825,0.0,1.0,0.0,7.5396370616826145
tfnbs,"e=1.0,h=7.0,n=30,start_thres=1.25",hub,0.25,50,24,40,1730,33,0,7,1730,0.825,0.0,1.0,0.0,7.5396370616826145
tfnbs,"e=1.0,h=8.0,n=30,start_thres=1.25",hub,0.25,50,24,40,1730,33,0,7,1730,0.825,0.0,1.0,0.0,7.5396370616826145
tfnbs,"e=1.0,h=9.0,n=30,start_thres=1.25",hub,0.25,50,24,40,1730,30,0,10,1730,0.75,0.0,1.0,0.0,7.5396370616826145
tfnbs,"e=1.0,h=10.0,n=30,start_thres=1.25",hub,0.25,50,24,40,1730,30,0,10,1730,0.75,0.0,1.0,0.0,7.5396370616826145
tfnbs,"e=1.1,h=0.5,n=30,start_thres=1.25",hub,0.25,50,24,40,1730,30,0,10,1730,0.75,0.0,1.0,0.0,7.5396370616826145
tfnbs,"e=1.1,h=1.0,n=30,start_thres=1.25",hub,0.25,50,24,40,1730,33,0,7,1730,0.825,0.0,1.0,0.0,7.5396370616826145
tfnbs,"e=1.1,h=2.0,n=30,start_thres=1.25",hub,0.25,50,24,40,1730,33,0,7,1730,0.825,0.0,1.0,0.0,7.5396370616826145
tfnbs,"e=1.1,h=3.0,n=30,start_thres=1.25",hub,0.25,50,24,40,1730,33,0,7,1730,0.825,0.0,1.0,0.0,7.5396370616826145
tfnbs,"e=1.1,h=4.0,n=30,start_thres=1.25",hub,0.25,50,24,40,1730,33,0,7,1730,0.825,0.0,1.0,0.0,7.5396370616826145
tfnbs,"e=1.1,h=5.0,n=30,start_thres=1.25",hub,0.25,50,24,40,1730,33,0,7,1730,0.825,0.0,1.0,0.0,7.5396370616826145
tfnbs,"e=1.1,h=6.0,n=30,start_thres=1.25",hub,0.25,50,24,40,1730,33,0,7,1730,0.825,0.0,1.0,0.0,7.5396370616826145
tfnbs,"e=1.1,h=7.0,n=30,start_thres=1.25",hub,0.25,50,24,40,1730,33,0,7,1730,0.825,0.0,1.0,0.0,7.5396370616826145
tfnbs,"e=1.1,h=8.0,n=30,start_thres=1.25",hub,0.25,50,24,40,1730,33,0,7,1730,0.825,0.0,1.0,0.0,7.5396370616826145
tfnbs,"e=1.1,h=9.0,n=30,start_thres=1.25",hub,0.25,50,24,40,1730,33,0,7,1730,0.825,0.0,1.0,0.0,7.5396370616826145
tfnbs,"e=1.1,h=10.0,n=30,start_thres=1.25",hub,0.25,50,24,40,1730,30,0,10,1730,0.75,0.0,1.0,0.0,7.5396370616826145
tfnbs,"e=1.2,h=0.5,n=30,start_thres=1.25",hub,0.25,50,24,40,1730,28,0,12,1730,0.7,0.0,1.0,0.0,7.5396370616826145
tfnbs,"e=1.2,h=1.0,n=30,start_thres=1.25",hub,0.25,50,24,40,1730,30,0,10,1730,0.75,0.0,1.0,0.0,7.5396370616826145
tfnbs,"e=1.2,h=2.0,n=30,start_thres=1.25",hub,0.25,50,24,40,1730,33,0,7,1730,0.825,0.0,1.0,0.0,7.5396370616826145
tfnbs,"e=1.2,h=3.0,n=30,start_thres=1.25",hub,0.25,50,24,40,1730,33,0,7,1730,0.825,0.0,1.0,0.0,7.5396370616826145
tfnbs,"e=1.2,h=4.0,n=30,start_thres=1.25",hub,0.25,50,24,40,1730,33,0,7,1730,0.825,0.0,1.0,0.0,7.5396370616826145
tfnbs,"e=1.2,h=5.0,n=30,start_thres=1.25",hub,0.25,50,24,40,1730,33,0,7,1730,0.825,0.0,1.0,0.0,7.5396370616826145
tfnbs,"e=1.2,h=6.0,n=30,start_thres=1.25",hub,0.25,50,24,40,1730,33,0,7,1730,0.825,0.0,1.0,0.0,7.5396370616826145
tfnbs,"e=1.2,h=7.0,n=30,start_thres=1.25",hub,0.25,50,24,40,1730,33,0,7,1730,0.825,0.0,1.0,0.0,7.5396370616826145
tfnbs,"e=1.2,h=8.0,n=30,start_thres=1.25",hub,0.25,50,24,40,1730,33,0,7,1730,0.825,0.0,1.0,0.0,7.5396370616826145
tfnbs,"e=1.2,h=9.0,n=30,start_thres=1.25",hub,0.25,50,24,40,1730,33,0,7,1730,0.825,0.0,1.0,0.0,7.5396370616826145
tfnbs,"e=1.2,h=10.0,n=30,start_thres=1.25",hub,0.25,50,24,40,1730,33,0,7,1730,0.825,0.0,1.0,0.0,7.5396370616826145
tfnbs,"e=1.3,h=0.5,n=30,start_thres=1.25",hub,0.25,50,24,40,1730,28,0,12,1730,0.7,0.0,1.0,0.0,7.5396370616826145
tfnbs,"e=1.3,h=1.0,n=30,start_thres=1.25",hub,0.25,50,24,40,1730,30,0,10,1730,0.75,0.0,1.0,0.0,7.5396370616826145
tfnbs,"e=1.3,h=2.0,n=30,start_thres=1.25",hub,0.25,50,24,40,1730,33,0,7,1730,0.825,0.0,1.0,0.0,7.5396370616826145
tfnbs,"e=1.3,h=3.0,n=30,start_thres=1.25",hub,0.25,50,24,40,1730,33,0,7,1730,0.825,0.0,1.0,0.0,7.5396370616826145
tfnbs,"e=1.3,h=4.0,n=30,start_thres=1.25",hub,0.25,50,24,40,1730,33,0,7,1730,0.825,0.0,1.0,0.0,7.5396370616826145
tfnbs,"e=1.3,h=5.0,n=30,start_thres=1.25",hub,0.25,50,24,40,1730,33,0,7,1730,0.825,0.0,1.0,0.0,7.5396370616826145
tfnbs,"e=1.3,h=6.0,n=30,start_thres=1.25",hub,0.25,50,24,40,1730,33,0,7,1730,0.825,0.0,1.0,0.0,7.5396370616826145
tfnbs,"e=1.3,h=7.0,n=30,start_thres=1.25",hub,0.25,50,24,40,1730,33,0,7,1730,0.825,0.0,1.0,0.0,7.5396370616826145
tfnbs,"e=1.3,h=8.0,n=30,start_thres=1.25",hub,0.25,50,24,40,1730,33,0,7,1730,0.825,0.0,1.0,0.0,7.5396370616826145
tfnbs,"e=1.3,h=9.0,n=30,start_thres=1.25",hub,0.25,50,24,40,1730,33,0,7,1730,0.825,0.0,1.0,0.0,7.5396370616826145
tfnbs,"e=1.3,h=10.0,n=30,start_thres=1.25",hub,0.25,50,24,40,1730,33,0,7,1730,0.825,0.0,1.0,0.0,7.5396370616826145
tfnbs,"e=1.4,h=0.5,n=30,start_thres=1.25",hub,0.25,50,24,40,1730,25,0,15,1730,0.625,0.0,1.0,0.0,7.5396370616826145
tfnbs,"e=1.4,h=1.0,n=30,start_thres=1.25",hub,0.25,50,24,40,1730,28,0,12,1730,0.7,0.0,1.0,0.0,7.5396370616826145
tfnbs,"e=1.4,h=2.0,n=30,start_thres=1.25",hub,0.25,50,24,40,1730,33,0,7,1730,0.825,0.0,1.0,0.0,7.5396370616826145
tfnbs,"e=1.4,h=3.0,n=30,start_thres=1.25",hub,0.25,50,24,40,1730,33,0,7,1730,0.825,0.0,1.0,0.0,7.5396370616826145
tfnbs,"e=1.4,h=4.0,n=30,start_thres=1.25",hub,0.25,50,24,40,1730,33,0,7,1730,0.825,0.0,1.0,0.0,7.5396370616826145
tfnbs,"e=1.4,h=5.0,n=30,start_thres=1.25",hub,0.25,50,24,40,1730,33,0,7,1730,0.825,0.0,1.0,0.0,7.5396370616826145
tfnbs,"e=1.4,h=6.0,n=30,start_thres=1.25",hub,0.25,50,24,40,1730,33,0,7,1730,0.825,0.0,1.0,0.0,7.5396370616826145
tfnbs,"e=1.4,h=7.0,n=30,start_thres=1.25",hub,0.25,50,24,40,1730,33,0,7,1730,0.825,0.0,1.0,0.0,7.5396370616826145
tfnbs,"e=1.4,h=8.0,n=30,start_thres=1.25",hub,0.25,50,24,40,1730,33,0,7,1730,0.825,0.0,1.0,0.0,7.5396370616826145
tfnbs,"e=1.4,h=9.0,n=30,start_thres=1.25",hub,0.25,50,24,40,1730,33,0,7,1730,0.825,0.0,1.0,0.0,7.5396370616826145
tfnbs,"e=1.4,h=10.0,n=30,start_thres=1.25",hub,0.25,50,24,40,1730,33,0,7,1730,0.825,0.0,1.0,0.0,7.5396370616826145
tfnbs,"e=1.5,h=0.5,n=30,start_thres=1.25",hub,0.25,50,24,40,1730,22,0,18,1730,0.55,0.0,1.0,0.0,7.5396370616826145
tfnbs,"e=1.5,h=1.0,n=30,start_thres=1.25",hub,0.25,50,24,40,1730,28,0,12,1730,0.7,0.0,1.0,0.0,7.5396370616826145
tfnbs,"e=1.5,h=2.0,n=30,start_thres=1.25",hub,0.25,50,24,40,1730,30,0,10,1730,0.75,0.0,1.0,0.0,7.5396370616826145
tfnbs,"e=1.5,h=3.0,n=30,start_thres=1.25",hub,0.25,50,24,40,1730,33,0,7,1730,0.825,0.0,1.0,0.0,7.5396370616826145
tfnbs,"e=1.5,h=4.0,n=30,start_thres=1.25",hub,0.25,50,24,40,1730,33,0,7,1730,0.825,0.0,1.0,0.0,7.5396370616826145
tfnbs,"e=1.5,h=5.0,n=30,start_thres=1.25",hub,0.25,50,24,40,1730,33,0,7,1730,0.825,0.0,1.0,0.0,7.5396370616826145
tfnbs,"e=1.5,h=6.0,n=30,start_thres=1.25",hub,0.25,50,24,40,1730,33,0,7,1730,0.825,0.0,1.0,0.0,7.5396370616826145
tfnbs,"e=1.5,h=7.0,n=30,start_thres=1.25",hub,0.25,50,24,40,1730,33,0,7,1730,0.825,0.0,1.0,0.0,7.5396370616826145
tfnbs,"e=1.5,h=8.0,n=30,start_thres=1.25",hub,0.25,50,24,40,1730,33,0,7,1730,0.825,0.0,1.0,0.0,7.5396370616826145
tfnbs,"e=1.5,h=9.0,n=30,start_thres=1.25",hub,0.25,50,24,40,1730,33,0,7,1730,0.825,0.0,1.0,0.0,7.5396370616826145
tfnbs,"e=1.5,h=10.0,n=30,start_thres=1.25",hub,0.25,50,24,40,1730,33,0,7,1730,0.825,0.0,1.0,0.0,7.5396370616826145
tfnbs,"e=0.05,h=0.5,n=30,start_thres=1.25",hub,0.25,50,25,40,1730,10,0,30,1730,0.25,0.0,1.0,0.0,7.537548810243607
tfnbs,"e=0.05,h=1.0,n=30,start_thres=1.25",hub,0.25,50,25,40,1730,10,0,30,1730,0.25,0.0,1.0,0.0,7.537548810243607
tfnbs,"e=0.05,h=2.0,n=30,start_thres=1.25",hub,0.25,50,25,40,1730,10,0,30,1730,0.25,0.0,1.0,0.0,7.537548810243607
tfnbs,"e=0.05,h=3.0,n=30,start_thres=1.25",hub,0.25,50,25,40,1730,10,0,30,1730,0.25,0.0,1.0,0.0,7.537548810243607
tfnbs,"e=0.05,h=4.0,n=30,start_thres=1.25",hub,0.25,50,25,40,1730,10,0,30,1730,0.25,0.0,1.0,0.0,7.537548810243607
tfnbs,"e=0.05,h=5.0,n=30,start_thres=1.25",hub,0.25,50,25,40,1730,9,0,31,1730,0.225,0.0,1.0,0.0,7.537548810243607
tfnbs,"e=0.05,h=6.0,n=30,start_thres=1.25",hub,0.25,50,25,40,1730,9,0,31,1730,0.225,0.0,1.0,0.0,7.537548810243607
tfnbs,"e=0.05,h=7.0,n=30,start_thres=1.25",hub,0.25,50,25,40,1730,9,0,31,1730,0.225,0.0,1.0,0.0,7.537548810243607
tfnbs,"e=0.05,h=8.0,n=30,start_thres=1.25",hub,0.25,50,25,40,1730,9,0,31,1730,0.225,0.0,1.0,0.0,7.537548810243607
tfnbs,"e=0.05,h=9.0,n=30,start_thres=1.25",hub,0.25,50,25,40,1730,9,0,31,1730,0.225,0.0,1.0,0.0,7.537548810243607
tfnbs,"e=0.05,h=10.0,n=30,start_thres=1.25",hub,0.25,50,25,40,1730,9,0,31,1730,0.225,0.0,1.0,0.0,7.537548810243607
tfnbs,"e=0.1,h=0.5,n=30,start_thres=1.25",hub,0.25,50,25,40,1730,11,0,29,1730,0.275,0.0,1.0,0.0,7.537548810243607
tfnbs,"e=0.1,h=1.0,n=30,start_thres=1.25",hub,0.25,50,25,40,1730,11,0,29,1730,0.275,0.0,1.0,0.0,7.537548810243607
tfnbs,"e=0.1,h=2.0,n=30,start_thres=1.25",hub,0.25,50,25,40,1730,11,0,29,1730,0.275,0.0,1.0,0.0,7.537548810243607
tfnbs,"e=0.1,h=3.0,n=30,start_thres=1.25",hub,0.25,50,25,40,1730,11,0,29,1730,0.275,0.0,1.0,0.0,7.537548810243607
tfnbs,"e=0.1,h=4.0,n=30,start_thres=1.25",hub,0.25,50,25,40,1730,10,0,30,1730,0.25,0.0,1.0,0.0,7.537548810243607
tfnbs,"e=0.1,h=5.0,n=30,start_thres=1.25",hub,0.25,50,25,40,1730,10,0,30,1730,0.25,0.0,1.0,0.0,7.537548810243607
tfnbs,"e=0.1,h=6.0,n=30,start_thres=1.25",hub,0.25,50,25,40,1730,10,0,30,1730,0.25,0.0,1.0,0.0,7.537548810243607
tfnbs,"e=0.1,h=7.0,n=30,start_thres=1.25",hub,0.25,50,25,40,1730,10,0,30,1730,0.25,0.0,1.0,0.0,7.537548810243607
tfnbs,"e=0.1,h=8.0,n=30,start_thres=1.25",hub,0.25,50,25,40,1730,10,0,30,1730,0.25,0.0,1.0,0.0,7.537548810243607
tfnbs,"e=0.1,h=9.0,n=30,start_thres=1.25",hub,0.25,50,25,40,1730,10,0,30,1730,0.25,0.0,1.0,0.0,7.537548810243607
tfnbs,"e=0.1,h=10.0,n=30,start_thres=1.25",hub,0.25,50,25,40,1730,10,0,30,1730,0.25,0.0,1.0,0.0,7.537548810243607
tfnbs,"e=0.2,h=0.5,n=30,start_thres=1.25",hub,0.25,50,25,40,1730,17,0,23,1730,0.425,0.0,1.0,0.0,7.537548810243607
tfnbs,"e=0.2,h=1.0,n=30,start_thres=1.25",hub,0.25,50,25,40,1730,17,0,23,1730,0.425,0.0,1.0,0.0,7.537548810243607
tfnbs,"e=0.2,h=2.0,n=30,start_thres=1.25",hub,0.25,50,25,40,1730,15,0,25,1730,0.375,0.0,1.0,0.0,7.537548810243607
tfnbs,"e=0.2,h=3.0,n=30,start_thres=1.25",hub,0.25,50,25,40,1730,12,0,28,1730,0.3,0.0,1.0,0.0,7.537548810243607
tfnbs,"e=0.2,h=4.0,n=30,start_thres=1.25",hub,0.25,50,25,40,1730,12,0,28,1730,0.3,0.0,1.0,0.0,7.537548810243607
tfnbs,"e=0.2,h=5.0,n=30,start_thres=1.25",hub,0.25,50,25,40,1730,11,0,29,1730,0.275,0.0,1.0,0.0,7.537548810243607
tfnbs,"e=0.2,h=6.0,n=30,start_thres=1.25",hub,0.25,50,25,40,1730,11,0,29,1730,0.275,0.0,1.0,0.0,7.537548810243607
tfnbs,"e=0.2,h=7.0,n=30,start_thres=1.25",hub,0.25,50,25,40,1730,11,0,29,1730,0.275,0.0,1.0,0.0,7.537548810243607
tfnbs,"e=0.2,h=8.0,n=30,start_thres=1.25",hub,0.25,50,25,40,1730,11,0,29,1730,0.275,0.0,1.0,0.0,7.537548810243607
tfnbs,"e=0.2,h=9.0,n=30,start_thres=1.25",hub,0.25,50,25,40,1730,10,0,30,1730,0.25,0.0,1.0,0.0,7.537548810243607
tfnbs,"e=0.2,h=10.0,n=30,start_thres=1.25",hub,0.25,50,25,40,1730,10,0,30,1730,0.25,0.0,1.0,0.0,7.537548810243607
tfnbs,"e=0.3,h=0.5,n=30,start_thres=1.25",hub,0.25,50,25,40,1730,20,1,20,1729,0.5,0.0005780346820809,0.9523809523809524,0.0476190476190476,7.537548810243607
tfnbs,"e=0.3,h=1.0,n=30,start_thres=1.25",hub,0.25,50,25,40,1730,20,1,20,1729,0.5,0.0005780346820809,0.9523809523809524,0.0476190476190476,7.537548810243607
tfnbs,"e=0.3,h=2.0,n=30,start_thres=1.25",hub,0.25,50,25,40,1730,18,0,22,1730,0.45,0.0,1.0,0.0,7.537548810243607
tfnbs,"e=0.3,h=3.0,n=30,start_thres=1.25",hub,0.25,50,25,40,1730,17,0,23,1730,0.425,0.0,1.0,0.0,7.537548810243607
tfnbs,"e=0.3,h=4.0,n=30,start_thres=1.25",hub,0.25,50,25,40,1730,15,0,25,1730,0.375,0.0,1.0,0.0,7.537548810243607
tfnbs,"e=0.3,h=5.0,n=30,start_thres=1.25",hub,0.25,50,25,40,1730,15,0,25,1730,0.375,0.0,1.0,0.0,7.537548810243607
tfnbs,"e=0.3,h=6.0,n=30,start_thres=1.25",hub,0.25,50,25,40,1730,12,0,28,1730,0.3,0.0,1.0,0.0,7.537548810243607
tfnbs,"e=0.3,h=7.0,n=30,start_thres=1.25",hub,0.25,50,25,40,1730,12,0,28,1730,0.3,0.0,1.0,0.0,7.537548810243607
tfnbs,"e=0.3,h=8.0,n=30,start_thres=1.25",hub,0.25,50,25,40,1730,12,0,28,1730,0.3,0.0,1.0,0.0,7.537548810243607
tfnbs,"e=0.3,h=9.0,n=30,start_thres=1.25",hub,0.25,50,25,40,1730,11,0,29,1730,0.275,0.0,1.0,0.0,7.537548810243607
tfnbs,"e=0.3,h=10.0,n=30,start_thres=1.25",hub,0.25,50,25,40,1730,11,0,29,1730,0.275,0.0,1.0,0.0,7.537548810243607
tfnbs,"e=0.4,h=0.5,n=30,start_thres=1.25",hub,0.25,50,25,40,1730,21,2,19,1728,0.525,0.0011560693641618,0.9130434782608696,0.0869565217391304,7.537548810243607
tfnbs,"e=0.4,h=1.0,n=30,start_thres=1.25",hub,0.25,50,25,40,1730,21,2,19,1728,0.525,0.0011560693641618,0.9130434782608696,0.0869565217391304,7.537548810243607
tfnbs,"e=0.4,h=2.0,n=30,start_thres=1.25",hub,0.25,50,25,40,1730,20,1,20,1729,0.5,0.0005780346820809,0.9523809523809524,0.0476190476190476,7.537548810243607
tfnbs,"e=0.4,h=3.0,n=30,start_thres=1.25",hub,0.25,50,25,40,1730,20,1,20,1729,0.5,0.0005780346820809,0.9523809523809524,0.0476190476190476,7.537548810243607
tfnbs,"e=0.4,h=4.0,n=30,start_thres=1.25",hub,0.25,50,25,40,1730,18,0,22,1730,0.45,0.0,1.0,0.0,7.537548810243607
tfnbs,"e=0.4,h=5.0,n=30,start_thres=1.25",hub,0.25,50,25,40,1730,17,0,23,1730,0.425,0.0,1.0,0.0,7.537548810243607
tfnbs,"e=0.4,h=6.0,n=30,start_thres=1.25",hub,0.25,50,25,40,1730,15,0,25,1730,0.375,0.0,1.0,0.0,7.537548810243607
tfnbs,"e=0.4,h=7.0,n=30,start_thres=1.25",hub,0.25,50,25,40,1730,15,0,25,1730,0.375,0.0,1.0,0.0,7.537548810243607
tfnbs,"e=0.4,h=8.0,n=30,start_thres=1.25",hub,0.25,50,25,40,1730,12,0,28,1730,0.3,0.0,1.0,0.0,7.537548810243607
tfnbs,"e=0.4,h=9.0,n=30,start_thres=1.25",hub,0.25,50,25,40,1730,12,0,28,1730,0.3,0.0,1.0,0.0,7.537548810243607
tfnbs,"e=0.4,h=10.0,n=30,start_thres=1.25",hub,0.25,50,25,40,1730,12,0,28,1730,0.3,0.0,1.0,0.0,7.537548810243607
tfnbs,"e=0.5,h=0.5,n=30,start_thres=1.25",hub,0.25,50,25,40,1730,22,4,18,1726,0.55,0.0023121387283236,0.8461538461538461,0.1538461538461538,7.537548810243607
tfnbs,"e=0.5,h=1.0,n=30,start_thres=1.25",hub,0.25,50,25,40,1730,22,4,18,1726,0.55,0.0023121387283236,0.8461538461538461,0.1538461538461538,7.537548810243607
tfnbs,"e=0.5,h=2.0,n=30,start_thres=1.25",hub,0.25,50,25,40,1730,21,2,19,1728,0.525,0.0011560693641618,0.9130434782608696,0.0869565217391304,7.537548810243607
tfnbs,"e=0.5,h=3.0,n=30,start_thres=1.25",hub,0.25,50,25,40,1730,21,2,19,1728,0.525,0.0011560693641618,0.9130434782608696,0.0869565217391304,7.537548810243607
tfnbs,"e=0.5,h=4.0,n=30,start_thres=1.25",hub,0.25,50,25,40,1730,20,1,20,1729,0.5,0.0005780346820809,0.9523809523809524,0.0476190476190476,7.537548810243607
tfnbs,"e=0.5,h=5.0,n=30,start_thres=1.25",hub,0.25,50,25,40,1730,18,0,22,1730,0.45,0.0,1.0,0.0,7.537548810243607
tfnbs,"e=0.5,h=6.0,n=30,start_thres=1.25",hub,0.25,50,25,40,1730,17,0,23,1730,0.425,0.0,1.0,0.0,7.537548810243607
tfnbs,"e=0.5,h=7.0,n=30,start_thres=1.25",hub,0.25,50,25,40,1730,17,0,23,1730,0.425,0.0,1.0,0.0,7.537548810243607
tfnbs,"e=0.5,h=8.0,n=30,start_thres=1.25",hub,0.25,50,25,40,1730,15,0,25,1730,0.375,0.0,1.0,0.0,7.537548810243607
tfnbs,"e=0.5,h=9.0,n=30,start_thres=1.25",hub,0.25,50,25,40,1730,15,0,25,1730,0.375,0.0,1.0,0.0,7.537548810243607
tfnbs,"e=0.5,h=10.0,n=30,start_thres=1.25",hub,0.25,50,25,40,1730,15,0,25,1730,0.375,0.0,1.0,0.0,7.537548810243607
tfnbs,"e=0.6,h=0.5,n=30,start_thres=1.25",hub,0.25,50,25,40,1730,23,4,17,1726,0.575,0.0023121387283236,0.8518518518518519,0.1481481481481481,7.537548810243607
tfnbs,"e=0.6,h=1.0,n=30,start_thres=1.25",hub,0.25,50,25,40,1730,23,4,17,1726,0.575,0.0023121387283236,0.8518518518518519,0.1481481481481481,7.537548810243607
tfnbs,"e=0.6,h=2.0,n=30,start_thres=1.25",hub,0.25,50,25,40,1730,22,4,18,1726,0.55,0.0023121387283236,0.8461538461538461,0.1538461538461538,7.537548810243607
tfnbs,"e=0.6,h=3.0,n=30,start_thres=1.25",hub,0.25,50,25,40,1730,22,4,18,1726,0.55,0.0023121387283236,0.8461538461538461,0.1538461538461538,7.537548810243607
tfnbs,"e=0.6,h=4.0,n=30,start_thres=1.25",hub,0.25,50,25,40,1730,21,2,19,1728,0.525,0.0011560693641618,0.9130434782608696,0.0869565217391304,7.537548810243607
tfnbs,"e=0.6,h=5.0,n=30,start_thres=1.25",hub,0.25,50,25,40,1730,20,1,20,1729,0.5,0.0005780346820809,0.9523809523809524,0.0476190476190476,7.537548810243607
tfnbs,"e=0.6,h=6.0,n=30,start_thres=1.25",hub,0.25,50,25,40,1730,20,1,20,1729,0.5,0.0005780346820809,0.9523809523809524,0.0476190476190476,7.537548810243607
tfnbs,"e=0.6,h=7.0,n=30,start_thres=1.25",hub,0.25,50,25,40,1730,18,0,22,1730,0.45,0.0,1.0,0.0,7.537548810243607
tfnbs,"e=0.6,h=8.0,n=30,start_thres=1.25",hub,0.25,50,25,40,1730,17,0,23,1730,0.425,0.0,1.0,0.0,7.537548810243607
tfnbs,"e=0.6,h=9.0,n=30,start_thres=1.25",hub,0.25,50,25,40,1730,17,0,23,1730,0.425,0.0,1.0,0.0,7.537548810243607
tfnbs,"e=0.6,h=10.0,n=30,start_thres=1.25",hub,0.25,50,25,40,1730,15,0,25,1730,0.375,0.0,1.0,0.0,7.537548810243607
tfnbs,"e=0.7,h=0.5,n=30,start_thres=1.25",hub,0.25,50,25,40,1730,23,4,17,1726,0.575,0.0023121387283236,0.8518518518518519,0.1481481481481481,7.537548810243607
tfnbs,"e=0.7,h=1.0,n=30,start_thres=1.25",hub,0.25,50,25,40,1730,23,4,17,1726,0.575,0.0023121387283236,0.8518518518518519,0.1481481481481481,7.537548810243607
tfnbs,"e=0.7,h=2.0,n=30,start_thres=1.25",hub,0.25,50,25,40,1730,23,4,17,1726,0.575,0.0023121387283236,0.8518518518518519,0.1481481481481481,7.537548810243607
tfnbs,"e=0.7,h=3.0,n=30,start_thres=1.25",hub,0.25,50,25,40,1730,23,4,17,1726,0.575,0.0023121387283236,0.8518518518518519,0.1481481481481481,7.537548810243607
tfnbs,"e=0.7,h=4.0,n=30,start_thres=1.25",hub,0.25,50,25,40,1730,22,4,18,1726,0.55,0.0023121387283236,0.8461538461538461,0.1538461538461538,7.537548810243607
tfnbs,"e=0.7,h=5.0,n=30,start_thres=1.25",hub,0.25,50,25,40,1730,22,4,18,1726,0.55,0.0023121387283236,0.8461538461538461,0.1538461538461538,7.537548810243607
tfnbs,"e=0.7,h=6.0,n=30,start_thres=1.25",hub,0.25,50,25,40,1730,21,2,19,1728,0.525,0.0011560693641618,0.9130434782608696,0.0869565217391304,7.537548810243607
tfnbs,"e=0.7,h=7.0,n=30,start_thres=1.25",hub,0.25,50,25,40,1730,20,1,20,1729,0.5,0.0005780346820809,0.9523809523809524,0.0476190476190476,7.537548810243607
tfnbs,"e=0.7,h=8.0,n=30,start_thres=1.25",hub,0.25,50,25,40,1730,18,0,22,1730,0.45,0.0,1.0,0.0,7.537548810243607
tfnbs,"e=0.7,h=9.0,n=30,start_thres=1.25",hub,0.25,50,25,40,1730,18,0,22,1730,0.45,0.0,1.0,0.0,7.537548810243607
tfnbs,"e=0.7,h=10.0,n=30,start_thres=1.25",hub,0.25,50,25,40,1730,17,0,23,1730,0.425,0.0,1.0,0.0,7.537548810243607
tfnbs,"e=0.8,h=0.5,n=30,start_thres=1.25",hub,0.25,50,25,40,1730,23,4,17,1726,0.575,0.0023121387283236,0.8518518518518519,0.1481481481481481,7.537548810243607
tfnbs,"e=0.8,h=1.0,n=30,start_thres=1.25",hub,0.25,50,25,40,1730,26,8,14,1722,0.65,0.0046242774566473,0.7647058823529411,0.2352941176470588,7.537548810243607
tfnbs,"e=0.8,h=2.0,n=30,start_thres=1.25",hub,0.25,50,25,40,1730,23,4,17,1726,0.575,0.0023121387283236,0.8518518518518519,0.1481481481481481,7.537548810243607
tfnbs,"e=0.8,h=3.0,n=30,start_thres=1.25",hub,0.25,50,25,40,1730,23,4,17,1726,0.575,0.0023121387283236,0.8518518518518519,0.1481481481481481,7.537548810243607
tfnbs,"e=0.8,h=4.0,n=30,start_thres=1.25",hub,0.25,50,25,40,1730,23,4,17,1726,0.575,0.0023121387283236,0.8518518518518519,0.1481481481481481,7.537548810243607
tfnbs,"e=0.8,h=5.0,n=30,start_thres=1.25",hub,0.25,50,25,40,1730,22,4,18,1726,0.55,0.0023121387283236,0.8461538461538461,0.1538461538461538,7.537548810243607
tfnbs,"e=0.8,h=6.0,n=30,start_thres=1.25",hub,0.25,50,25,40,1730,22,4,18,1726,0.55,0.0023121387283236,0.8461538461538461,0.1538461538461538,7.537548810243607
tfnbs,"e=0.8,h=7.0,n=30,start_thres=1.25",hub,0.25,50,25,40,1730,21,2,19,1728,0.525,0.0011560693641618,0.9130434782608696,0.0869565217391304,7.537548810243607
tfnbs,"e=0.8,h=8.0,n=30,start_thres=1.25",hub,0.25,50,25,40,1730,20,1,20,1729,0.5,0.0005780346820809,0.9523809523809524,0.0476190476190476,7.537548810243607
tfnbs,"e=0.8,h=9.0,n=30,start_thres=1.25",hub,0.25,50,25,40,1730,18,0,22,1730,0.45,0.0,1.0,0.0,7.537548810243607
tfnbs,"e=0.8,h=10.0,n=30,start_thres=1.25",hub,0.25,50,25,40,1730,18,0,22,1730,0.45,0.0,1.0,0.0,7.537548810243607
tfnbs,"e=0.9,h=0.5,n=30,start_thres=1.25",hub,0.25,50,25,40,1730,26,8,14,1722,0.65,0.0046242774566473,0.7647058823529411,0.2352941176470588,7.537548810243607
tfnbs,"e=0.9,h=1.0,n=30,start_thres=1.25",hub,0.25,50,25,40,1730,26,8,14,1722,0.65,0.0046242774566473,0.7647058823529411,0.2352941176470588,7.537548810243607
tfnbs,"e=0.9,h=2.0,n=30,start_thres=1.25",hub,0.25,50,25,40,1730,26,8,14,1722,0.65,0.0046242774566473,0.7647058823529411,0.2352941176470588,7.537548810243607
tfnbs,"e=0.9,h=3.0,n=30,start_thres=1.25",hub,0.25,50,25,40,1730,26,8,14,1722,0.65,0.0046242774566473,0.7647058823529411,0.2352941176470588,7.537548810243607
tfnbs,"e=0.9,h=4.0,n=30,start_thres=1.25",hub,0.25,50,25,40,1730,26,8,14,1722,0.65,0.0046242774566473,0.7647058823529411,0.2352941176470588,7.537548810243607
tfnbs,"e=0.9,h=5.0,n=30,start_thres=1.25",hub,0.25,50,25,40,1730,23,4,17,1726,0.575,0.0023121387283236,0.8518518518518519,0.1481481481481481,7.537548810243607
tfnbs,"e=0.9,h=6.0,n=30,start_thres=1.25",hub,0.25,50,25,40,1730,23,4,17,1726,0.575,0.0023121387283236,0.8518518518518519,0.1481481481481481,7.537548810243607
tfnbs,"e=0.9,h=7.0,n=30,start_thres=1.25",hub,0.25,50,25,40,1730,22,4,18,1726,0.55,0.0023121387283236,0.8461538461538461,0.1538461538461538,7.537548810243607
tfnbs,"e=0.9,h=8.0,n=30,start_thres=1.25",hub,0.25,50,25,40,1730,21,2,19,1728,0.525,0.0011560693641618,0.9130434782608696,0.0869565217391304,7.537548810243607
tfnbs,"e=0.9,h=9.0,n=30,start_thres=1.25",hub,0.25,50,25,40,1730,20,1,20,1729,0.5,0.0005780346820809,0.9523809523809524,0.0476190476190476,7.537548810243607
tfnbs,"e=0.9,h=10.0,n=30,start_thres=1.25",hub,0.25,50,25,40,1730,20,1,20,1729,0.5,0.0005780346820809,0.9523809523809524,0.0476190476190476,7.537548810243607
tfnbs,"e=1.0,h=0.5,n=30,start_thres=1.25",hub,0.25,50,25,40,1730,26,8,14,1722,0.65,0.0046242774566473,0.7647058823529411,0.2352941176470588,7.537548810243607
tfnbs,"e=1.0,h=1.0,n=30,start_thres=1.25",hub,0.25,50,25,40,1730,26,8,14,1722,0.65,0.0046242774566473,0.7647058823529411,0.2352941176470588,7.537548810243607
tfnbs,"e=1.0,h=2.0,n=30,start_thres=1.25",hub,0.25,50,25,40,1730,26,8,14,1722,0.65,0.0046242774566473,0.7647058823529411,0.2352941176470588,7.537548810243607
tfnbs,"e=1.0,h=3.0,n=30,start_thres=1.25",hub,0.25,50,25,40,1730,26,8,14,1722,0.65,0.0046242774566473,0.7647058823529411,0.2352941176470588,7.537548810243607
tfnbs,"e=1.0,h=4.0,n=30,start_thres=1.25",hub,0.25,50,25,40,1730,26,8,14,1722,0.65,0.0046242774566473,0.7647058823529411,0.2352941176470588,7.537548810243607
tfnbs,"e=1.0,h=5.0,n=30,start_thres=1.25",hub,0.25,50,25,40,1730,26,8,14,1722,0.65,0.0046242774566473,0.7647058823529411,0.2352941176470588,7.537548810243607
tfnbs,"e=1.0,h=6.0,n=30,start_thres=1.25",hub,0.25,50,25,40,1730,23,4,17,1726,0.575,0.0023121387283236,0.8518518518518519,0.1481481481481481,7.537548810243607
tfnbs,"e=1.0,h=7.0,n=30,start_thres=1.25",hub,0.25,50,25,40,1730,23,4,17,1726,0.575,0.0023121387283236,0.8518518518518519,0.1481481481481481,7.537548810243607
tfnbs,"e=1.0,h=8.0,n=30,start_thres=1.25",hub,0.25,50,25,40,1730,22,4,18,1726,0.55,0.0023121387283236,0.8461538461538461,0.1538461538461538,7.537548810243607
tfnbs,"e=1.0,h=9.0,n=30,start_thres=1.25",hub,0.25,50,25,40,1730,21,2,19,1728,0.525,0.0011560693641618,0.9130434782608696,0.0869565217391304,7.537548810243607
tfnbs,"e=1.0,h=10.0,n=30,start_thres=1.25",hub,0.25,50,25,40,1730,20,1,20,1729,0.5,0.0005780346820809,0.9523809523809524,0.0476190476190476,7.537548810243607
tfnbs,"e=1.1,h=0.5,n=30,start_thres=1.25",hub,0.25,50,25,40,1730,26,8,14,1722,0.65,0.0046242774566473,0.7647058823529411,0.2352941176470588,7.537548810243607
tfnbs,"e=1.1,h=1.0,n=30,start_thres=1.25",hub,0.25,50,25,40,1730,26,8,14,1722,0.65,0.0046242774566473,0.7647058823529411,0.2352941176470588,7.537548810243607
tfnbs,"e=1.1,h=2.0,n=30,start_thres=1.25",hub,0.25,50,25,40,1730,26,8,14,1722,0.65,0.0046242774566473,0.7647058823529411,0.2352941176470588,7.537548810243607
tfnbs,"e=1.1,h=3.0,n=30,start_thres=1.25",hub,0.25,50,25,40,1730,26,8,14,1722,0.65,0.0046242774566473,0.7647058823529411,0.2352941176470588,7.537548810243607
tfnbs,"e=1.1,h=4.0,n=30,start_thres=1.25",hub,0.25,50,25,40,1730,26,8,14,1722,0.65,0.0046242774566473,0.7647058823529411,0.2352941176470588,7.537548810243607
tfnbs,"e=1.1,h=5.0,n=30,start_thres=1.25",hub,0.25,50,25,40,1730,26,8,14,1722,0.65,0.0046242774566473,0.7647058823529411,0.2352941176470588,7.537548810243607
tfnbs,"e=1.1,h=6.0,n=30,start_thres=1.25",hub,0.25,50,25,40,1730,26,8,14,1722,0.65,0.0046242774566473,0.7647058823529411,0.2352941176470588,7.537548810243607
tfnbs,"e=1.1,h=7.0,n=30,start_thres=1.25",hub,0.25,50,25,40,1730,23,4,17,1726,0.575,0.0023121387283236,0.8518518518518519,0.1481481481481481,7.537548810243607
tfnbs,"e=1.1,h=8.0,n=30,start_thres=1.25",hub,0.25,50,25,40,1730,23,4,17,1726,0.575,0.0023121387283236,0.8518518518518519,0.1481481481481481,7.537548810243607
tfnbs,"e=1.1,h=9.0,n=30,start_thres=1.25",hub,0.25,50,25,40,1730,22,4,18,1726,0.55,0.0023121387283236,0.8461538461538461,0.1538461538461538,7.537548810243607
tfnbs,"e=1.1,h=10.0,n=30,start_thres=1.25",hub,0.25,50,25,40,1730,21,2,19,1728,0.525,0.0011560693641618,0.9130434782608696,0.0869565217391304,7.537548810243607
tfnbs,"e=1.2,h=0.5,n=30,start_thres=1.25",hub,0.25,50,25,40,1730,26,8,14,1722,0.65,0.0046242774566473,0.7647058823529411,0.2352941176470588,7.537548810243607
tfnbs,"e=1.2,h=1.0,n=30,start_thres=1.25",hub,0.25,50,25,40,1730,26,8,14,1722,0.65,0.0046242774566473,0.7647058823529411,0.2352941176470588,7.537548810243607
tfnbs,"e=1.2,h=2.0,n=30,start_thres=1.25",hub,0.25,50,25,40,1730,26,8,14,1722,0.65,0.0046242774566473,0.7647058823529411,0.2352941176470588,7.537548810243607
tfnbs,"e=1.2,h=3.0,n=30,start_thres=1.25",hub,0.25,50,25,40,1730,29,13,11,1717,0.725,0.007514450867052,0.6904761904761905,0.3095238095238095,7.537548810243607
tfnbs,"e=1.2,h=4.0,n=30,start_thres=1.25",hub,0.25,50,25,40,1730,29,13,11,1717,0.725,0.007514450867052,0.6904761904761905,0.3095238095238095,7.537548810243607
tfnbs,"e=1.2,h=5.0,n=30,start_thres=1.25",hub,0.25,50,25,40,1730,26,8,14,1722,0.65,0.0046242774566473,0.7647058823529411,0.2352941176470588,7.537548810243607
tfnbs,"e=1.2,h=6.0,n=30,start_thres=1.25",hub,0.25,50,25,40,1730,26,8,14,1722,0.65,0.0046242774566473,0.7647058823529411,0.2352941176470588,7.537548810243607
tfnbs,"e=1.2,h=7.0,n=30,start_thres=1.25",hub,0.25,50,25,40,1730,26,8,14,1722,0.65,0.0046242774566473,0.7647058823529411,0.2352941176470588,7.537548810243607
tfnbs,"e=1.2,h=8.0,n=30,start_thres=1.25",hub,0.25,50,25,40,1730,26,8,14,1722,0.65,0.0046242774566473,0.7647058823529411,0.2352941176470588,7.537548810243607
tfnbs,"e=1.2,h=9.0,n=30,start_thres=1.25",hub,0.25,50,25,40,1730,23,4,17,1726,0.575,0.0023121387283236,0.8518518518518519,0.1481481481481481,7.537548810243607
tfnbs,"e=1.2,h=10.0,n=30,start_thres=1.25",hub,0.25,50,25,40,1730,22,4,18,1726,0.55,0.0023121387283236,0.8461538461538461,0.1538461538461538,7.537548810243607
tfnbs,"e=1.3,h=0.5,n=30,start_thres=1.25",hub,0.25,50,25,40,1730,23,4,17,1726,0.575,0.0023121387283236,0.8518518518518519,0.1481481481481481,7.537548810243607
tfnbs,"e=1.3,h=1.0,n=30,start_thres=1.25",hub,0.25,50,25,40,1730,26,8,14,1722,0.65,0.0046242774566473,0.7647058823529411,0.2352941176470588,7.537548810243607
tfnbs,"e=1.3,h=2.0,n=30,start_thres=1.25",hub,0.25,50,25,40,1730,26,8,14,1722,0.65,0.0046242774566473,0.7647058823529411,0.2352941176470588,7.537548810243607
tfnbs,"e=1.3,h=3.0,n=30,start_thres=1.25",hub,0.25,50,25,40,1730,29,13,11,1717,0.725,0.007514450867052,0.6904761904761905,0.3095238095238095,7.537548810243607
tfnbs,"e=1.3,h=4.0,n=30,start_thres=1.25",hub,0.25,50,25,40,1730,29,13,11,1717,0.725,0.007514450867052,0.6904761904761905,0.3095238095238095,7.537548810243607
tfnbs,"e=1.3,h=5.0,n=30,start_thres=1.25",hub,0.25,50,25,40,1730,29,13,11,1717,0.725,0.007514450867052,0.6904761904761905,0.3095238095238095,7.537548810243607
tfnbs,"e=1.3,h=6.0,n=30,start_thres=1.25",hub,0.25,50,25,40,1730,26,8,14,1722,0.65,0.0046242774566473,0.7647058823529411,0.2352941176470588,7.537548810243607
tfnbs,"e=1.3,h=7.0,n=30,start_thres=1.25",hub,0.25,50,25,40,1730,26,8,14,1722,0.65,0.0046242774566473,0.7647058823529411,0.2352941176470588,7.537548810243607
tfnbs,"e=1.3,h=8.0,n=30,start_thres=1.25",hub,0.25,50,25,40,1730,26,8,14,1722,0.65,0.0046242774566473,0.7647058823529411,0.2352941176470588,7.537548810243607
tfnbs,"e=1.3,h=9.0,n=30,start_thres=1.25",hub,0.25,50,25,40,1730,23,4,17,1726,0.575,0.0023121387283236,0.8518518518518519,0.1481481481481481,7.537548810243607
tfnbs,"e=1.3,h=10.0,n=30,start_thres=1.25",hub,0.25,50,25,40,1730,23,4,17,1726,0.575,0.0023121387283236,0.8518518518518519,0.1481481481481481,7.537548810243607
tfnbs,"e=1.4,h=0.5,n=30,start_thres=1.25",hub,0.25,50,25,40,1730,23,4,17,1726,0.575,0.0023121387283236,0.8518518518518519,0.1481481481481481,7.537548810243607
tfnbs,"e=1.4,h=1.0,n=30,start_thres=1.25",hub,0.25,50,25,40,1730,26,8,14,1722,0.65,0.0046242774566473,0.7647058823529411,0.2352941176470588,7.537548810243607
tfnbs,"e=1.4,h=2.0,n=30,start_thres=1.25",hub,0.25,50,25,40,1730,26,8,14,1722,0.65,0.0046242774566473,0.7647058823529411,0.2352941176470588,7.537548810243607
tfnbs,"e=1.4,h=3.0,n=30,start_thres=1.25",hub,0.25,50,25,40,1730,29,13,11,1717,0.725,0.007514450867052,0.6904761904761905,0.3095238095238095,7.537548810243607
tfnbs,"e=1.4,h=4.0,n=30,start_thres=1.25",hub,0.25,50,25,40,1730,29,13,11,1717,0.725,0.007514450867052,0.6904761904761905,0.3095238095238095,7.537548810243607
tfnbs,"e=1.4,h=5.0,n=30,start_thres=1.25",hub,0.25,50,25,40,1730,29,13,11,1717,0.725,0.007514450867052,0.6904761904761905,0.3095238095238095,7.537548810243607
tfnbs,"e=1.4,h=6.0,n=30,start_thres=1.25",hub,0.25,50,25,40,1730,29,13,11,1717,0.725,0.007514450867052,0.6904761904761905,0.3095238095238095,7.537548810243607
tfnbs,"e=1.4,h=7.0,n=30,start_thres=1.25",hub,0.25,50,25,40,1730,29,13,11,1717,0.725,0.007514450867052,0.6904761904761905,0.3095238095238095,7.537548810243607
tfnbs,"e=1.4,h=8.0,n=30,start_thres=1.25",hub,0.25,50,25,40,1730,26,8,14,1722,0.65,0.0046242774566473,0.7647058823529411,0.2352941176470588,7.537548810243607
tfnbs,"e=1.4,h=9.0,n=30,start_thres=1.25",hub,0.25,50,25,40,1730,26,8,14,1722,0.65,0.0046242774566473,0.7647058823529411,0.2352941176470588,7.537548810243607
tfnbs,"e=1.4,h=10.0,n=30,start_thres=1.25",hub,0.25,50,25,40,1730,23,4,17,1726,0.575,0.0023121387283236,0.8518518518518519,0.1481481481481481,7.537548810243607
tfnbs,"e=1.5,h=0.5,n=30,start_thres=1.25",hub,0.25,50,25,40,1730,22,4,18,1726,0.55,0.0023121387283236,0.8461538461538461,0.1538461538461538,7.537548810243607
tfnbs,"e=1.5,h=1.0,n=30,start_thres=1.25",hub,0.25,50,25,40,1730,23,4,17,1726,0.575,0.0023121387283236,0.8518518518518519,0.1481481481481481,7.537548810243607
tfnbs,"e=1.5,h=2.0,n=30,start_thres=1.25",hub,0.25,50,25,40,1730,26,8,14,1722,0.65,0.0046242774566473,0.7647058823529411,0.2352941176470588,7.537548810243607
tfnbs,"e=1.5,h=3.0,n=30,start_thres=1.25",hub,0.25,50,25,40,1730,29,13,11,1717,0.725,0.007514450867052,0.6904761904761905,0.3095238095238095,7.537548810243607
tfnbs,"e=1.5,h=4.0,n=30,start_thres=1.25",hub,0.25,50,25,40,1730,29,13,11,1717,0.725,0.007514450867052,0.6904761904761905,0.3095238095238095,7.537548810243607
tfnbs,"e=1.5,h=5.0,n=30,start_thres=1.25",hub,0.25,50,25,40,1730,29,13,11,1717,0.725,0.007514450867052,0.6904761904761905,0.3095238095238095,7.537548810243607
tfnbs,"e=1.5,h=6.0,n=30,start_thres=1.25",hub,0.25,50,25,40,1730,29,13,11,1717,0.725,0.007514450867052,0.6904761904761905,0.3095238095238095,7.537548810243607
tfnbs,"e=1.5,h=7.0,n=30,start_thres=1.25",hub,0.25,50,25,40,1730,29,13,11,1717,0.725,0.007514450867052,0.6904761904761905,0.3095238095238095,7.537548810243607
tfnbs,"e=1.5,h=8.0,n=30,start_thres=1.25",hub,0.25,50,25,40,1730,29,13,11,1717,0.725,0.007514450867052,0.6904761904761905,0.3095238095238095,7.537548810243607
tfnbs,"e=1.5,h=9.0,n=30,start_thres=1.25",hub,0.25,50,25,40,1730,26,8,14,1722,0.65,0.0046242774566473,0.7647058823529411,0.2352941176470588,7.537548810243607
tfnbs,"e=1.5,h=10.0,n=30,start_thres=1.25",hub,0.25,50,25,40,1730,26,8,14,1722,0.65,0.0046242774566473,0.7647058823529411,0.2352941176470588,7.537548810243607
nbs_intensity,threshold=1.5,hub,0.25,50,10,40,1730,0,0,40,1730,0.0,0.0,0.0,0.0,9.069033861160278
nbs_intensity,threshold=1.5,hub,0.25,50,11,40,1730,39,180,1,1550,0.975,0.1040462427745664,0.1780821917808219,0.821917808219178,7.998462438583374
nbs_intensity,threshold=1.5,hub,0.25,50,12,40,1730,40,137,0,1593,1.0,0.0791907514450867,0.2259887005649717,0.7740112994350282,7.443174839019775
nbs_intensity,threshold=1.5,hub,0.25,50,15,40,1730,40,181,0,1549,1.0,0.1046242774566474,0.1809954751131221,0.8190045248868778,7.573001384735107
nbs_intensity,threshold=1.5,hub,0.25,50,13,40,1730,39,138,1,1592,0.975,0.0797687861271676,0.2203389830508474,0.7796610169491526,8.605334043502808
nbs_intensity,threshold=1.5,hub,0.25,50,14,40,1730,39,220,1,1510,0.975,0.1271676300578034,0.1505791505791505,0.8494208494208494,8.497830152511597
nbs_intensity,threshold=1.5,hub,0.25,50,16,40,1730,40,203,0,1527,1.0,0.1173410404624277,0.1646090534979424,0.8353909465020576,8.57942247390747
nbs_intensity,threshold=1.5,hub,0.25,50,18,40,1730,0,0,40,1730,0.0,0.0,0.0,0.0,7.431462049484253
tfnbs,"e=0.05,h=0.5,n=30,start_thres=1.25",hub,0.25,50,23,40,1730,19,0,21,1730,0.475,0.0,1.0,0.0,7.586506426334381
tfnbs,"e=0.05,h=1.0,n=30,start_thres=1.25",hub,0.25,50,23,40,1730,19,0,21,1730,0.475,0.0,1.0,0.0,7.586506426334381
tfnbs,"e=0.05,h=2.0,n=30,start_thres=1.25",hub,0.25,50,23,40,1730,19,0,21,1730,0.475,0.0,1.0,0.0,7.586506426334381
tfnbs,"e=0.05,h=3.0,n=30,start_thres=1.25",hub,0.25,50,23,40,1730,18,0,22,1730,0.45,0.0,1.0,0.0,7.586506426334381
tfnbs,"e=0.05,h=4.0,n=30,start_thres=1.25",hub,0.25,50,23,40,1730,18,0,22,1730,0.45,0.0,1.0,0.0,7.586506426334381
tfnbs,"e=0.05,h=5.0,n=30,start_thres=1.25",hub,0.25,50,23,40,1730,18,0,22,1730,0.45,0.0,1.0,0.0,7.586506426334381
tfnbs,"e=0.05,h=6.0,n=30,start_thres=1.25",hub,0.25,50,23,40,1730,18,0,22,1730,0.45,0.0,1.0,0.0,7.586506426334381
tfnbs,"e=0.05,h=7.0,n=30,start_thres=1.25",hub,0.25,50,23,40,1730,18,0,22,1730,0.45,0.0,1.0,0.0,7.586506426334381
tfnbs,"e=0.05,h=8.0,n=30,start_thres=1.25",hub,0.25,50,23,40,1730,18,0,22,1730,0.45,0.0,1.0,0.0,7.586506426334381
tfnbs,"e=0.05,h=9.0,n=30,start_thres=1.25",hub,0.25,50,23,40,1730,18,0,22,1730,0.45,0.0,1.0,0.0,7.586506426334381
tfnbs,"e=0.05,h=10.0,n=30,start_thres=1.25",hub,0.25,50,23,40,1730,18,0,22,1730,0.45,0.0,1.0,0.0,7.586506426334381
tfnbs,"e=0.1,h=0.5,n=30,start_thres=1.25",hub,0.25,50,23,40,1730,20,0,20,1730,0.5,0.0,1.0,0.0,7.586506426334381
tfnbs,"e=0.1,h=1.0,n=30,start_thres=1.25",hub,0.25,50,23,40,1730,20,0,20,1730,0.5,0.0,1.0,0.0,7.586506426334381
tfnbs,"e=0.1,h=2.0,n=30,start_thres=1.25",hub,0.25,50,23,40,1730,20,0,20,1730,0.5,0.0,1.0,0.0,7.586506426334381
tfnbs,"e=0.1,h=3.0,n=30,start_thres=1.25",hub,0.25,50,23,40,1730,19,0,21,1730,0.475,0.0,1.0,0.0,7.586506426334381
tfnbs,"e=0.1,h=4.0,n=30,start_thres=1.25",hub,0.25,50,23,40,1730,19,0,21,1730,0.475,0.0,1.0,0.0,7.586506426334381
tfnbs,"e=0.1,h=5.0,n=30,start_thres=1.25",hub,0.25,50,23,40,1730,19,0,21,1730,0.475,0.0,1.0,0.0,7.586506426334381
tfnbs,"e=0.1,h=6.0,n=30,start_thres=1.25",hub,0.25,50,23,40,1730,19,0,21,1730,0.475,0.0,1.0,0.0,7.586506426334381
tfnbs,"e=0.1,h=7.0,n=30,start_thres=1.25",hub,0.25,50,23,40,1730,19,0,21,1730,0.475,0.0,1.0,0.0,7.586506426334381
tfnbs,"e=0.1,h=8.0,n=30,start_thres=1.25",hub,0.25,50,23,40,1730,18,0,22,1730,0.45,0.0,1.0,0.0,7.586506426334381
tfnbs,"e=0.1,h=9.0,n=30,start_thres=1.25",hub,0.25,50,23,40,1730,18,0,22,1730,0.45,0.0,1.0,0.0,7.586506426334381
tfnbs,"e=0.1,h=10.0,n=30,start_thres=1.25",hub,0.25,50,23,40,1730,18,0,22,1730,0.45,0.0,1.0,0.0,7.586506426334381
tfnbs,"e=0.2,h=0.5,n=30,start_thres=1.25",hub,0.25,50,23,40,1730,24,0,16,1730,0.6,0.0,1.0,0.0,7.586506426334381
tfnbs,"e=0.2,h=1.0,n=30,start_thres=1.25",hub,0.25,50,23,40,1730,23,0,17,1730,0.575,0.0,1.0,0.0,7.586506426334381
tfnbs,"e=0.2,h=2.0,n=30,start_thres=1.25",hub,0.25,50,23,40,1730,23,0,17,1730,0.575,0.0,1.0,0.0,7.586506426334381
tfnbs,"e=0.2,h=3.0,n=30,start_thres=1.25",hub,0.25,50,23,40,1730,20,0,20,1730,0.5,0.0,1.0,0.0,7.586506426334381
tfnbs,"e=0.2,h=4.0,n=30,start_thres=1.25",hub,0.25,50,23,40,1730,20,0,20,1730,0.5,0.0,1.0,0.0,7.586506426334381
tfnbs,"e=0.2,h=5.0,n=30,start_thres=1.25",hub,0.25,50,23,40,1730,20,0,20,1730,0.5,0.0,1.0,0.0,7.586506426334381
tfnbs,"e=0.2,h=6.0,n=30,start_thres=1.25",hub,0.25,50,23,40,1730,20,0,20,1730,0.5,0.0,1.0,0.0,7.586506426334381
tfnbs,"e=0.2,h=7.0,n=30,start_thres=1.25",hub,0.25,50,23,40,1730,20,0,20,1730,0.5,0.0,1.0,0.0,7.586506426334381
tfnbs,"e=0.2,h=8.0,n=30,start_thres=1.25",hub,0.25,50,23,40,1730,19,0,21,1730,0.475,0.0,1.0,0.0,7.586506426334381
tfnbs,"e=0.2,h=9.0,n=30,start_thres=1.25",hub,0.25,50,23,40,1730,19,0,21,1730,0.475,0.0,1.0,0.0,7.586506426334381
tfnbs,"e=0.2,h=10.0,n=30,start_thres=1.25",hub,0.25,50,23,40,1730,19,0,21,1730,0.475,0.0,1.0,0.0,7.586506426334381
tfnbs,"e=0.3,h=0.5,n=30,start_thres=1.25",hub,0.25,50,23,40,1730,28,3,12,1727,0.7,0.0017341040462427,0.9032258064516128,0.0967741935483871,7.586506426334381
tfnbs,"e=0.3,h=1.0,n=30,start_thres=1.25",hub,0.25,50,23,40,1730,28,3,12,1727,0.7,0.0017341040462427,0.9032258064516128,0.0967741935483871,7.586506426334381
tfnbs,"e=0.3,h=2.0,n=30,start_thres=1.25",hub,0.25,50,23,40,1730,24,0,16,1730,0.6,0.0,1.0,0.0,7.586506426334381
tfnbs,"e=0.3,h=3.0,n=30,start_thres=1.25",hub,0.25,50,23,40,1730,24,0,16,1730,0.6,0.0,1.0,0.0,7.586506426334381
tfnbs,"e=0.3,h=4.0,n=30,start_thres=1.25",hub,0.25,50,23,40,1730,23,0,17,1730,0.575,0.0,1.0,0.0,7.586506426334381
tfnbs,"e=0.3,h=5.0,n=30,start_thres=1.25",hub,0.25,50,23,40,1730,20,0,20,1730,0.5,0.0,1.0,0.0,7.586506426334381
tfnbs,"e=0.3,h=6.0,n=30,start_thres=1.25",hub,0.25,50,23,40,1730,20,0,20,1730,0.5,0.0,1.0,0.0,7.586506426334381
tfnbs,"e=0.3,h=7.0,n=30,start_thres=1.25",hub,0.25,50,23,40,1730,20,0,20,1730,0.5,0.0,1.0,0.0,7.586506426334381
tfnbs,"e=0.3,h=8.0,n=30,start_thres=1.25",hub,0.25,50,23,40,1730,20,0,20,1730,0.5,0.0,1.0,0.0,7.586506426334381
tfnbs,"e=0.3,h=9.0,n=30,start_thres=1.25",hub,0.25,50,23,40,1730,20,0,20,1730,0.5,0.0,1.0,0.0,7.586506426334381
tfnbs,"e=0.3,h=10.0,n=30,start_thres=1.25",hub,0.25,50,23,40,1730,20,0,20,1730,0.5,0.0,1.0,0.0,7.586506426334381
tfnbs,"e=0.4,h=0.5,n=30,start_thres=1.25",hub,0.25,50,23,40,1730,30,4,10,1726,0.75,0.0023121387283236,0.8823529411764706,0.1176470588235294,7.586506426334381
tfnbs,"e=0.4,h=1.0,n=30,start_thres=1.25",hub,0.25,50,23,40,1730,30,4,10,1726,0.75,0.0023121387283236,0.8823529411764706,0.1176470588235294,7.586506426334381
tfnbs,"e=0.4,h=2.0,n=30,start_thres=1.25",hub,0.25,50,23,40,1730,28,3,12,1727,0.7,0.0017341040462427,0.9032258064516128,0.0967741935483871,7.586506426334381
tfnbs,"e=0.4,h=3.0,n=30,start_thres=1.25",hub,0.25,50,23,40,1730,27,0,13,1730,0.675,0.0,1.0,0.0,7.586506426334381
tfnbs,"e=0.4,h=4.0,n=30,start_thres=1.25",hub,0.25,50,23,40,1730,24,0,16,1730,0.6,0.0,1.0,0.0,7.586506426334381
tfnbs,"e=0.4,h=5.0,n=30,start_thres=1.25",hub,0.25,50,23,40,1730,24,0,16,1730,0.6,0.0,1.0,0.0,7.586506426334381
tfnbs,"e=0.4,h=6.0,n=30,start_thres=1.25",hub,0.25,50,23,40,1730,23,0,17,1730,0.575,0.0,1.0,0.0,7.586506426334381
tfnbs,"e=0.4,h=7.0,n=30,start_thres=1.25",hub,0.25,50,23,40,1730,23,0,17,1730,0.575,0.0,1.0,0.0,7.586506426334381
tfnbs,"e=0.4,h=8.0,n=30,start_thres=1.25",hub,0.25,50,23,40,1730,20,0,20,1730,0.5,0.0,1.0,0.0,7.586506426334381
tfnbs,"e=0.4,h=9.0,n=30,start_thres=1.25",hub,0.25,50,23,40,1730,20,0,20,1730,0.5,0.0,1.0,0.0,7.586506426334381
tfnbs,"e=0.4,h=10.0,n=30,start_thres=1.25",hub,0.25,50,23,40,1730,20,0,20,1730,0.5,0.0,1.0,0.0,7.586506426334381
tfnbs,"e=0.5,h=0.5,n=30,start_thres=1.25",hub,0.25,50,23,40,1730,36,9,4,1721,0.9,0.0052023121387283,0.8,0.2,7.586506426334381
tfnbs,"e=0.5,h=1.0,n=30,start_thres=1.25",hub,0.25,50,23,40,1730,33,7,7,1723,0.825,0.0040462427745664,0.825,0.175,7.586506426334381
tfnbs,"e=0.5,h=2.0,n=30,start_thres=1.25",hub,0.25,50,23,40,1730,33,7,7,1723,0.825,0.0040462427745664,0.825,0.175,7.586506426334381
tfnbs,"e=0.5,h=3.0,n=30,start_thres=1.25",hub,0.25,50,23,40,1730,30,4,10,1726,0.75,0.0023121387283236,0.8823529411764706,0.1176470588235294,7.586506426334381
tfnbs,"e=0.5,h=4.0,n=30,start_thres=1.25",hub,0.25,50,23,40,1730,28,3,12,1727,0.7,0.0017341040462427,0.9032258064516128,0.0967741935483871,7.586506426334381
tfnbs,"e=0.5,h=5.0,n=30,start_thres=1.25",hub,0.25,50,23,40,1730,27,0,13,1730,0.675,0.0,1.0,0.0,7.586506426334381
tfnbs,"e=0.5,h=6.0,n=30,start_thres=1.25",hub,0.25,50,23,40,1730,24,0,16,1730,0.6,0.0,1.0,0.0,7.586506426334381
tfnbs,"e=0.5,h=7.0,n=30,start_thres=1.25",hub,0.25,50,23,40,1730,24,0,16,1730,0.6,0.0,1.0,0.0,7.586506426334381
tfnbs,"e=0.5,h=8.0,n=30,start_thres=1.25",hub,0.25,50,23,40,1730,23,0,17,1730,0.575,0.0,1.0,0.0,7.586506426334381
tfnbs,"e=0.5,h=9.0,n=30,start_thres=1.25",hub,0.25,50,23,40,1730,23,0,17,1730,0.575,0.0,1.0,0.0,7.586506426334381
tfnbs,"e=0.5,h=10.0,n=30,start_thres=1.25",hub,0.25,50,23,40,1730,20,0,20,1730,0.5,0.0,1.0,0.0,7.586506426334381
tfnbs,"e=0.6,h=0.5,n=30,start_thres=1.25",hub,0.25,50,23,40,1730,36,9,4,1721,0.9,0.0052023121387283,0.8,0.2,7.586506426334381
tfnbs,"e=0.6,h=1.0,n=30,start_thres=1.25",hub,0.25,50,23,40,1730,36,9,4,1721,0.9,0.0052023121387283,0.8,0.2,7.586506426334381
tfnbs,"e=0.6,h=2.0,n=30,start_thres=1.25",hub,0.25,50,23,40,1730,36,9,4,1721,0.9,0.0052023121387283,0.8,0.2,7.586506426334381
tfnbs,"e=0.6,h=3.0,n=30,start_thres=1.25",hub,0.25,50,23,40,1730,33,7,7,1723,0.825,0.0040462427745664,0.825,0.175,7.586506426334381
tfnbs,"e=0.6,h=4.0,n=30,start_thres=1.25",hub,0.25,50,23,40,1730,30,4,10,1726,0.75,0.0023121387283236,0.8823529411764706,0.1176470588235294,7.586506426334381
tfnbs,"e=0.6,h=5.0,n=30,start_thres=1.25",hub,0.25,50,23,40,1730,28,3,12,1727,0.7,0.0017341040462427,0.9032258064516128,0.0967741935483871,7.586506426334381
tfnbs,"e=0.6,h=6.0,n=30,start_thres=1.25",hub,0.25,50,23,40,1730,27,0,13,1730,0.675,0.0,1.0,0.0,7.586506426334381
tfnbs,"e=0.6,h=7.0,n=30,start_thres=1.25",hub,0.25,50,23,40,1730,27,0,13,1730,0.675,0.0,1.0,0.0,7.586506426334381
tfnbs,"e=0.6,h=8.0,n=30,start_thres=1.25",hub,0.25,50,23,40,1730,24,0,16,1730,0.6,0.0,1.0,0.0,7.586506426334381
tfnbs,"e=0.6,h=9.0,n=30,start_thres=1.25",hub,0.25,50,23,40,1730,23,0,17,1730,0.575,0.0,1.0,0.0,7.586506426334381
tfnbs,"e=0.6,h=10.0,n=30,start_thres=1.25",hub,0.25,50,23,40,1730,23,0,17,1730,0.575,0.0,1.0,0.0,7.586506426334381
tfnbs,"e=0.7,h=0.5,n=30,start_thres=1.25",hub,0.25,50,23,40,1730,37,12,3,1718,0.925,0.006936416184971,0.7551020408163265,0.2448979591836734,7.586506426334381
tfnbs,"e=0.7,h=1.0,n=30,start_thres=1.25",hub,0.25,50,23,40,1730,37,12,3,1718,0.925,0.006936416184971,0.7551020408163265,0.2448979591836734,7.586506426334381
tfnbs,"e=0.7,h=2.0,n=30,start_thres=1.25",hub,0.25,50,23,40,1730,36,9,4,1721,0.9,0.0052023121387283,0.8,0.2,7.586506426334381
tfnbs,"e=0.7,h=3.0,n=30,start_thres=1.25",hub,0.25,50,23,40,1730,36,9,4,1721,0.9,0.0052023121387283,0.8,0.2,7.586506426334381
tfnbs,"e=0.7,h=4.0,n=30,start_thres=1.25",hub,0.25,50,23,40,1730,33,7,7,1723,0.825,0.0040462427745664,0.825,0.175,7.586506426334381
tfnbs,"e=0.7,h=5.0,n=30,start_thres=1.25",hub,0.25,50,23,40,1730,30,4,10,1726,0.75,0.0023121387283236,0.8823529411764706,0.1176470588235294,7.586506426334381
tfnbs,"e=0.7,h=6.0,n=30,start_thres=1.25",hub,0.25,50,23,40,1730,28,3,12,1727,0.7,0.0017341040462427,0.9032258064516128,0.0967741935483871,7.586506426334381
tfnbs,"e=0.7,h=7.0,n=30,start_thres=1.25",hub,0.25,50,23,40,1730,28,3,12,1727,0.7,0.0017341040462427,0.9032258064516128,0.0967741935483871,7.586506426334381
tfnbs,"e=0.7,h=8.0,n=30,start_thres=1.25",hub,0.25,50,23,40,1730,27,0,13,1730,0.675,0.0,1.0,0.0,7.586506426334381
tfnbs,"e=0.7,h=9.0,n=30,start_thres=1.25",hub,0.25,50,23,40,1730,24,0,16,1730,0.6,0.0,1.0,0.0,7.586506426334381
tfnbs,"e=0.7,h=10.0,n=30,start_thres=1.25",hub,0.25,50,23,40,1730,24,0,16,1730,0.6,0.0,1.0,0.0,7.586506426334381
tfnbs,"e=0.8,h=0.5,n=30,start_thres=1.25",hub,0.25,50,23,40,1730,38,24,2,1706,0.95,0.0138728323699421,0.6129032258064516,0.3870967741935484,7.586506426334381
tfnbs,"e=0.8,h=1.0,n=30,start_thres=1.25",hub,0.25,50,23,40,1730,38,24,2,1706,0.95,0.0138728323699421,0.6129032258064516,0.3870967741935484,7.586506426334381
tfnbs,"e=0.8,h=2.0,n=30,start_thres=1.25",hub,0.25,50,23,40,1730,37,12,3,1718,0.925,0.006936416184971,0.7551020408163265,0.2448979591836734,7.586506426334381
tfnbs,"e=0.8,h=3.0,n=30,start_thres=1.25",hub,0.25,50,23,40,1730,37,12,3,1718,0.925,0.006936416184971,0.7551020408163265,0.2448979591836734,7.586506426334381
tfnbs,"e=0.8,h=4.0,n=30,start_thres=1.25",hub,0.25,50,23,40,1730,36,9,4,1721,0.9,0.0052023121387283,0.8,0.2,7.586506426334381
tfnbs,"e=0.8,h=5.0,n=30,start_thres=1.25",hub,0.25,50,23,40,1730,33,7,7,1723,0.825,0.0040462427745664,0.825,0.175,7.586506426334381
tfnbs,"e=0.8,h=6.0,n=30,start_thres=1.25",hub,0.25,50,23,40,1730,30,4,10,1726,0.75,0.0023121387283236,0.8823529411764706,0.1176470588235294,7.586506426334381
tfnbs,"e=0.8,h=7.0,n=30,start_thres=1.25",hub,0.25,50,23,40,1730,28,3,12,1727,0.7,0.0017341040462427,0.9032258064516128,0.0967741935483871,7.586506426334381
tfnbs,"e=0.8,h=8.0,n=30,start_thres=1.25",hub,0.25,50,23,40,1730,28,3,12,1727,0.7,0.0017341040462427,0.9032258064516128,0.0967741935483871,7.586506426334381
tfnbs,"e=0.8,h=9.0,n=30,start_thres=1.25",hub,0.25,50,23,40,1730,27,0,13,1730,0.675,0.0,1.0,0.0,7.586506426334381
tfnbs,"e=0.8,h=10.0,n=30,start_thres=1.25",hub,0.25,50,23,40,1730,27,0,13,1730,0.675,0.0,1.0,0.0,7.586506426334381
tfnbs,"e=0.9,h=0.5,n=30,start_thres=1.25",hub,0.25,50,23,40,1730,38,24,2,1706,0.95,0.0138728323699421,0.6129032258064516,0.3870967741935484,7.586506426334381
tfnbs,"e=0.9,h=1.0,n=30,start_thres=1.25",hub,0.25,50,23,40,1730,38,24,2,1706,0.95,0.0138728323699421,0.6129032258064516,0.3870967741935484,7.586506426334381
tfnbs,"e=0.9,h=2.0,n=30,start_thres=1.25",hub,0.25,50,23,40,1730,38,24,2,1706,0.95,0.0138728323699421,0.6129032258064516,0.3870967741935484,7.586506426334381
tfnbs,"e=0.9,h=3.0,n=30,start_thres=1.25",hub,0.25,50,23,40,1730,37,12,3,1718,0.925,0.006936416184971,0.7551020408163265,0.2448979591836734,7.586506426334381
tfnbs,"e=0.9,h=4.0,n=30,start_thres=1.25",hub,0.25,50,23,40,1730,37,12,3,1718,0.925,0.006936416184971,0.7551020408163265,0.2448979591836734,7.586506426334381
tfnbs,"e=0.9,h=5.0,n=30,start_thres=1.25",hub,0.25,50,23,40,1730,36,9,4,1721,0.9,0.0052023121387283,0.8,0.2,7.586506426334381
tfnbs,"e=0.9,h=6.0,n=30,start_thres=1.25",hub,0.25,50,23,40,1730,33,7,7,1723,0.825,0.0040462427745664,0.825,0.175,7.586506426334381
tfnbs,"e=0.9,h=7.0,n=30,start_thres=1.25",hub,0.25,50,23,40,1730,30,4,10,1726,0.75,0.0023121387283236,0.8823529411764706,0.1176470588235294,7.586506426334381
tfnbs,"e=0.9,h=8.0,n=30,start_thres=1.25",hub,0.25,50,23,40,1730,30,4,10,1726,0.75,0.0023121387283236,0.8823529411764706,0.1176470588235294,7.586506426334381
tfnbs,"e=0.9,h=9.0,n=30,start_thres=1.25",hub,0.25,50,23,40,1730,28,3,12,1727,0.7,0.0017341040462427,0.9032258064516128,0.0967741935483871,7.586506426334381
tfnbs,"e=0.9,h=10.0,n=30,start_thres=1.25",hub,0.25,50,23,40,1730,27,0,13,1730,0.675,0.0,1.0,0.0,7.586506426334381
tfnbs,"e=1.0,h=0.5,n=30,start_thres=1.25",hub,0.25,50,23,40,1730,38,25,2,1705,0.95,0.0144508670520231,0.6031746031746031,0.3968253968253968,7.586506426334381
tfnbs,"e=1.0,h=1.0,n=30,start_thres=1.25",hub,0.25,50,23,40,1730,38,24,2,1706,0.95,0.0138728323699421,0.6129032258064516,0.3870967741935484,7.586506426334381
tfnbs,"e=1.0,h=2.0,n=30,start_thres=1.25",hub,0.25,50,23,40,1730,38,24,2,1706,0.95,0.0138728323699421,0.6129032258064516,0.3870967741935484,7.586506426334381
tfnbs,"e=1.0,h=3.0,n=30,start_thres=1.25",hub,0.25,50,23,40,1730,38,24,2,1706,0.95,0.0138728323699421,0.6129032258064516,0.3870967741935484,7.586506426334381
tfnbs,"e=1.0,h=4.0,n=30,start_thres=1.25",hub,0.25,50,23,40,1730,37,12,3,1718,0.925,0.006936416184971,0.7551020408163265,0.2448979591836734,7.586506426334381
tfnbs,"e=1.0,h=5.0,n=30,start_thres=1.25",hub,0.25,50,23,40,1730,37,12,3,1718,0.925,0.006936416184971,0.7551020408163265,0.2448979591836734,7.586506426334381
tfnbs,"e=1.0,h=6.0,n=30,start_thres=1.25",hub,0.25,50,23,40,1730,36,9,4,1721,0.9,0.0052023121387283,0.8,0.2,7.586506426334381
tfnbs,"e=1.0,h=7.0,n=30,start_thres=1.25",hub,0.25,50,23,40,1730,33,7,7,1723,0.825,0.0040462427745664,0.825,0.175,7.586506426334381
tfnbs,"e=1.0,h=8.0,n=30,start_thres=1.25",hub,0.25,50,23,40,1730,30,4,10,1726,0.75,0.0023121387283236,0.8823529411764706,0.1176470588235294,7.586506426334381
tfnbs,"e=1.0,h=9.0,n=30,start_thres=1.25",hub,0.25,50,23,40,1730,30,4,10,1726,0.75,0.0023121387283236,0.8823529411764706,0.1176470588235294,7.586506426334381
tfnbs,"e=1.0,h=10.0,n=30,start_thres=1.25",hub,0.25,50,23,40,1730,28,3,12,1727,0.7,0.0017341040462427,0.9032258064516128,0.0967741935483871,7.586506426334381
tfnbs,"e=1.1,h=0.5,n=30,start_thres=1.25",hub,0.25,50,23,40,1730,38,31,2,1699,0.95,0.0179190751445086,0.5507246376811594,0.4492753623188406,7.586506426334381
tfnbs,"e=1.1,h=1.0,n=30,start_thres=1.25",hub,0.25,50,23,40,1730,38,31,2,1699,0.95,0.0179190751445086,0.5507246376811594,0.4492753623188406,7.586506426334381
tfnbs,"e=1.1,h=2.0,n=30,start_thres=1.25",hub,0.25,50,23,40,1730,38,24,2,1706,0.95,0.0138728323699421,0.6129032258064516,0.3870967741935484,7.586506426334381
tfnbs,"e=1.1,h=3.0,n=30,start_thres=1.25",hub,0.25,50,23,40,1730,38,24,2,1706,0.95,0.0138728323699421,0.6129032258064516,0.3870967741935484,7.586506426334381
tfnbs,"e=1.1,h=4.0,n=30,start_thres=1.25",hub,0.25,50,23,40,1730,38,24,2,1706,0.95,0.0138728323699421,0.6129032258064516,0.3870967741935484,7.586506426334381
tfnbs,"e=1.1,h=5.0,n=30,start_thres=1.25",hub,0.25,50,23,40,1730,37,12,3,1718,0.925,0.006936416184971,0.7551020408163265,0.2448979591836734,7.586506426334381
tfnbs,"e=1.1,h=6.0,n=30,start_thres=1.25",hub,0.25,50,23,40,1730,37,12,3,1718,0.925,0.006936416184971,0.7551020408163265,0.2448979591836734,7.586506426334381
tfnbs,"e=1.1,h=7.0,n=30,start_thres=1.25",hub,0.25,50,23,40,1730,36,9,4,1721,0.9,0.0052023121387283,0.8,0.2,7.586506426334381
tfnbs,"e=1.1,h=8.0,n=30,start_thres=1.25",hub,0.25,50,23,40,1730,33,7,7,1723,0.825,0.0040462427745664,0.825,0.175,7.586506426334381
tfnbs,"e=1.1,h=9.0,n=30,start_thres=1.25",hub,0.25,50,23,40,1730,30,4,10,1726,0.75,0.0023121387283236,0.8823529411764706,0.1176470588235294,7.586506426334381
tfnbs,"e=1.1,h=10.0,n=30,start_thres=1.25",hub,0.25,50,23,40,1730,30,4,10,1726,0.75,0.0023121387283236,0.8823529411764706,0.1176470588235294,7.586506426334381
tfnbs,"e=1.2,h=0.5,n=30,start_thres=1.25",hub,0.25,50,23,40,1730,38,31,2,1699,0.95,0.0179190751445086,0.5507246376811594,0.4492753623188406,7.586506426334381
tfnbs,"e=1.2,h=1.0,n=30,start_thres=1.25",hub,0.25,50,23,40,1730,38,31,2,1699,0.95,0.0179190751445086,0.5507246376811594,0.4492753623188406,7.586506426334381
tfnbs,"e=1.2,h=2.0,n=30,start_thres=1.25",hub,0.25,50,23,40,1730,38,31,2,1699,0.95,0.0179190751445086,0.5507246376811594,0.4492753623188406,7.586506426334381
tfnbs,"e=1.2,h=3.0,n=30,start_thres=1.25",hub,0.25,50,23,40,1730,38,31,2,1699,0.95,0.0179190751445086,0.5507246376811594,0.4492753623188406,7.586506426334381
tfnbs,"e=1.2,h=4.0,n=30,start_thres=1.25",hub,0.25,50,23,40,1730,38,24,2,1706,0.95,0.0138728323699421,0.6129032258064516,0.3870967741935484,7.586506426334381
tfnbs,"e=1.2,h=5.0,n=30,start_thres=1.25",hub,0.25,50,23,40,1730,38,24,2,1706,0.95,0.0138728323699421,0.6129032258064516,0.3870967741935484,7.586506426334381
tfnbs,"e=1.2,h=6.0,n=30,start_thres=1.25",hub,0.25,50,23,40,1730,37,12,3,1718,0.925,0.006936416184971,0.7551020408163265,0.2448979591836734,7.586506426334381
tfnbs,"e=1.2,h=7.0,n=30,start_thres=1.25",hub,0.25,50,23,40,1730,37,12,3,1718,0.925,0.006936416184971,0.7551020408163265,0.2448979591836734,7.586506426334381
tfnbs,"e=1.2,h=8.0,n=30,start_thres=1.25",hub,0.25,50,23,40,1730,36,9,4,1721,0.9,0.0052023121387283,0.8,0.2,7.586506426334381
tfnbs,"e=1.2,h=9.0,n=30,start_thres=1.25",hub,0.25,50,23,40,1730,33,7,7,1723,0.825,0.0040462427745664,0.825,0.175,7.586506426334381
tfnbs,"e=1.2,h=10.0,n=30,start_thres=1.25",hub,0.25,50,23,40,1730,33,7,7,1723,0.825,0.0040462427745664,0.825,0.175,7.586506426334381
tfnbs,"e=1.3,h=0.5,n=30,start_thres=1.25",hub,0.25,50,23,40,1730,38,31,2,1699,0.95,0.0179190751445086,0.5507246376811594,0.4492753623188406,7.586506426334381
tfnbs,"e=1.3,h=1.0,n=30,start_thres=1.25",hub,0.25,50,23,40,1730,38,31,2,1699,0.95,0.0179190751445086,0.5507246376811594,0.4492753623188406,7.586506426334381
tfnbs,"e=1.3,h=2.0,n=30,start_thres=1.25",hub,0.25,50,23,40,1730,38,31,2,1699,0.95,0.0179190751445086,0.5507246376811594,0.4492753623188406,7.586506426334381
tfnbs,"e=1.3,h=3.0,n=30,start_thres=1.25",hub,0.25,50,23,40,1730,38,31,2,1699,0.95,0.0179190751445086,0.5507246376811594,0.4492753623188406,7.586506426334381
tfnbs,"e=1.3,h=4.0,n=30,start_thres=1.25",hub,0.25,50,23,40,1730,38,31,2,1699,0.95,0.0179190751445086,0.5507246376811594,0.4492753623188406,7.586506426334381
tfnbs,"e=1.3,h=5.0,n=30,start_thres=1.25",hub,0.25,50,23,40,1730,38,24,2,1706,0.95,0.0138728323699421,0.6129032258064516,0.3870967741935484,7.586506426334381
tfnbs,"e=1.3,h=6.0,n=30,start_thres=1.25",hub,0.25,50,23,40,1730,38,24,2,1706,0.95,0.0138728323699421,0.6129032258064516,0.3870967741935484,7.586506426334381
tfnbs,"e=1.3,h=7.0,n=30,start_thres=1.25",hub,0.25,50,23,40,1730,37,12,3,1718,0.925,0.006936416184971,0.7551020408163265,0.2448979591836734,7.586506426334381
tfnbs,"e=1.3,h=8.0,n=30,start_thres=1.25",hub,0.25,50,23,40,1730,37,12,3,1718,0.925,0.006936416184971,0.7551020408163265,0.2448979591836734,7.586506426334381
tfnbs,"e=1.3,h=9.0,n=30,start_thres=1.25",hub,0.25,50,23,40,1730,36,9,4,1721,0.9,0.0052023121387283,0.8,0.2,7.586506426334381
tfnbs,"e=1.3,h=10.0,n=30,start_thres=1.25",hub,0.25,50,23,40,1730,33,7,7,1723,0.825,0.0040462427745664,0.825,0.175,7.586506426334381
tfnbs,"e=1.4,h=0.5,n=30,start_thres=1.25",hub,0.25,50,23,40,1730,38,31,2,1699,0.95,0.0179190751445086,0.5507246376811594,0.4492753623188406,7.586506426334381
tfnbs,"e=1.4,h=1.0,n=30,start_thres=1.25",hub,0.25,50,23,40,1730,38,31,2,1699,0.95,0.0179190751445086,0.5507246376811594,0.4492753623188406,7.586506426334381
tfnbs,"e=1.4,h=2.0,n=30,start_thres=1.25",hub,0.25,50,23,40,1730,38,31,2,1699,0.95,0.0179190751445086,0.5507246376811594,0.4492753623188406,7.586506426334381
tfnbs,"e=1.4,h=3.0,n=30,start_thres=1.25",hub,0.25,50,23,40,1730,38,31,2,1699,0.95,0.0179190751445086,0.5507246376811594,0.4492753623188406,7.586506426334381
tfnbs,"e=1.4,h=4.0,n=30,start_thres=1.25",hub,0.25,50,23,40,1730,38,31,2,1699,0.95,0.0179190751445086,0.5507246376811594,0.4492753623188406,7.586506426334381
tfnbs,"e=1.4,h=5.0,n=30,start_thres=1.25",hub,0.25,50,23,40,1730,38,31,2,1699,0.95,0.0179190751445086,0.5507246376811594,0.4492753623188406,7.586506426334381
tfnbs,"e=1.4,h=6.0,n=30,start_thres=1.25",hub,0.25,50,23,40,1730,38,24,2,1706,0.95,0.0138728323699421,0.6129032258064516,0.3870967741935484,7.586506426334381
tfnbs,"e=1.4,h=7.0,n=30,start_thres=1.25",hub,0.25,50,23,40,1730,38,24,2,1706,0.95,0.0138728323699421,0.6129032258064516,0.3870967741935484,7.586506426334381
tfnbs,"e=1.4,h=8.0,n=30,start_thres=1.25",hub,0.25,50,23,40,1730,37,12,3,1718,0.925,0.006936416184971,0.7551020408163265,0.2448979591836734,7.586506426334381
tfnbs,"e=1.4,h=9.0,n=30,start_thres=1.25",hub,0.25,50,23,40,1730,37,12,3,1718,0.925,0.006936416184971,0.7551020408163265,0.2448979591836734,7.586506426334381
tfnbs,"e=1.4,h=10.0,n=30,start_thres=1.25",hub,0.25,50,23,40,1730,36,9,4,1721,0.9,0.0052023121387283,0.8,0.2,7.586506426334381
tfnbs,"e=1.5,h=0.5,n=30,start_thres=1.25",hub,0.25,50,23,40,1730,38,53,2,1677,0.95,0.030635838150289,0.4175824175824176,0.5824175824175825,7.586506426334381
tfnbs,"e=1.5,h=1.0,n=30,start_thres=1.25",hub,0.25,50,23,40,1730,38,53,2,1677,0.95,0.030635838150289,0.4175824175824176,0.5824175824175825,7.586506426334381
tfnbs,"e=1.5,h=2.0,n=30,start_thres=1.25",hub,0.25,50,23,40,1730,38,53,2,1677,0.95,0.030635838150289,0.4175824175824176,0.5824175824175825,7.586506426334381
tfnbs,"e=1.5,h=3.0,n=30,start_thres=1.25",hub,0.25,50,23,40,1730,38,31,2,1699,0.95,0.0179190751445086,0.5507246376811594,0.4492753623188406,7.586506426334381
tfnbs,"e=1.5,h=4.0,n=30,start_thres=1.25",hub,0.25,50,23,40,1730,38,31,2,1699,0.95,0.0179190751445086,0.5507246376811594,0.4492753623188406,7.586506426334381
tfnbs,"e=1.5,h=5.0,n=30,start_thres=1.25",hub,0.25,50,23,40,1730,38,31,2,1699,0.95,0.0179190751445086,0.5507246376811594,0.4492753623188406,7.586506426334381
tfnbs,"e=1.5,h=6.0,n=30,start_thres=1.25",hub,0.25,50,23,40,1730,38,31,2,1699,0.95,0.0179190751445086,0.5507246376811594,0.4492753623188406,7.586506426334381
tfnbs,"e=1.5,h=7.0,n=30,start_thres=1.25",hub,0.25,50,23,40,1730,38,24,2,1706,0.95,0.0138728323699421,0.6129032258064516,0.3870967741935484,7.586506426334381
tfnbs,"e=1.5,h=8.0,n=30,start_thres=1.25",hub,0.25,50,23,40,1730,38,24,2,1706,0.95,0.0138728323699421,0.6129032258064516,0.3870967741935484,7.586506426334381
tfnbs,"e=1.5,h=9.0,n=30,start_thres=1.25",hub,0.25,50,23,40,1730,37,12,3,1718,0.925,0.006936416184971,0.7551020408163265,0.2448979591836734,7.586506426334381
tfnbs,"e=1.5,h=10.0,n=30,start_thres=1.25",hub,0.25,50,23,40,1730,37,12,3,1718,0.925,0.006936416184971,0.7551020408163265,0.2448979591836734,7.586506426334381
nbs_intensity,threshold=1.5,hub,0.25,50,17,40,1730,40,161,0,1569,1.0,0.0930635838150289,0.1990049751243781,0.8009950248756219,8.697323083877563
nbs_intensity,threshold=1.5,hub,0.25,50,19,40,1730,0,0,40,1730,0.0,0.0,0.0,0.0,8.294759511947632
nbs_intensity,threshold=1.5,hub,0.25,50,20,40,1730,0,0,40,1730,0.0,0.0,0.0,0.0,8.609076738357544
nbs_intensity,threshold=1.5,hub,0.25,50,21,40,1730,0,0,40,1730,0.0,0.0,0.0,0.0,8.552845001220703
nbs_intensity,threshold=1.5,hub,0.25,50,23,40,1730,40,157,0,1573,1.0,0.0907514450867052,0.2030456852791878,0.7969543147208121,8.223675727844238
nbs_intensity,threshold=1.5,hub,0.25,50,22,40,1730,0,0,40,1730,0.0,0.0,0.0,0.0,8.295399904251099
nbs_intensity,threshold=1.5,hub,0.25,50,25,40,1730,0,0,40,1730,0.0,0.0,0.0,0.0,8.575047016143799
nbs_intensity,threshold=1.5,hub,0.25,50,24,40,1730,0,0,40,1730,0.0,0.0,0.0,0.0,8.71893048286438
nbs_intensity,threshold=1.5,hub,0.25,50,26,40,1730,38,129,2,1601,0.95,0.0745664739884393,0.2275449101796407,0.7724550898203593,8.165608882904053
nbs_intensity,threshold=2.0,hub,0.25,50,0,40,1730,38,79,2,1651,0.95,0.045664739884393,0.3247863247863248,0.6752136752136753,7.281871318817139
nbs_intensity,threshold=1.5,hub,0.25,50,28,40,1730,0,0,40,1730,0.0,0.0,0.0,0.0,8.247430086135864
nbs_intensity,threshold=1.5,hub,0.25,50,27,40,1730,40,192,0,1538,1.0,0.1109826589595375,0.1724137931034483,0.8275862068965517,9.223332643508911
nbs_intensity,threshold=1.5,hub,0.25,50,29,40,1730,0,0,40,1730,0.0,0.0,0.0,0.0,8.422057628631592
nbs_intensity,threshold=2.0,hub,0.25,50,2,40,1730,33,23,7,1707,0.825,0.0132947976878612,0.5892857142857143,0.4107142857142857,7.878268957138061
nbs_intensity,threshold=2.0,hub,0.25,50,1,40,1730,37,79,3,1651,0.925,0.045664739884393,0.3189655172413793,0.6810344827586207,8.086368322372437
tfnbs,"e=0.05,h=0.5,n=30,start_thres=1.25",hub,0.25,50,20,40,1730,10,0,30,1730,0.25,0.0,1.0,0.0,7.65263212675398
tfnbs,"e=0.05,h=1.0,n=30,start_thres=1.25",hub,0.25,50,20,40,1730,9,0,31,1730,0.225,0.0,1.0,0.0,7.65263212675398
tfnbs,"e=0.05,h=2.0,n=30,start_thres=1.25",hub,0.25,50,20,40,1730,9,0,31,1730,0.225,0.0,1.0,0.0,7.65263212675398
tfnbs,"e=0.05,h=3.0,n=30,start_thres=1.25",hub,0.25,50,20,40,1730,9,0,31,1730,0.225,0.0,1.0,0.0,7.65263212675398
tfnbs,"e=0.05,h=4.0,n=30,start_thres=1.25",hub,0.25,50,20,40,1730,9,0,31,1730,0.225,0.0,1.0,0.0,7.65263212675398
tfnbs,"e=0.05,h=5.0,n=30,start_thres=1.25",hub,0.25,50,20,40,1730,9,0,31,1730,0.225,0.0,1.0,0.0,7.65263212675398
tfnbs,"e=0.05,h=6.0,n=30,start_thres=1.25",hub,0.25,50,20,40,1730,9,0,31,1730,0.225,0.0,1.0,0.0,7.65263212675398
tfnbs,"e=0.05,h=7.0,n=30,start_thres=1.25",hub,0.25,50,20,40,1730,9,0,31,1730,0.225,0.0,1.0,0.0,7.65263212675398
tfnbs,"e=0.05,h=8.0,n=30,start_thres=1.25",hub,0.25,50,20,40,1730,7,0,33,1730,0.175,0.0,1.0,0.0,7.65263212675398
tfnbs,"e=0.05,h=9.0,n=30,start_thres=1.25",hub,0.25,50,20,40,1730,7,0,33,1730,0.175,0.0,1.0,0.0,7.65263212675398
tfnbs,"e=0.05,h=10.0,n=30,start_thres=1.25",hub,0.25,50,20,40,1730,7,0,33,1730,0.175,0.0,1.0,0.0,7.65263212675398
tfnbs,"e=0.1,h=0.5,n=30,start_thres=1.25",hub,0.25,50,20,40,1730,12,0,28,1730,0.3,0.0,1.0,0.0,7.65263212675398
tfnbs,"e=0.1,h=1.0,n=30,start_thres=1.25",hub,0.25,50,20,40,1730,12,0,28,1730,0.3,0.0,1.0,0.0,7.65263212675398
tfnbs,"e=0.1,h=2.0,n=30,start_thres=1.25",hub,0.25,50,20,40,1730,10,0,30,1730,0.25,0.0,1.0,0.0,7.65263212675398
tfnbs,"e=0.1,h=3.0,n=30,start_thres=1.25",hub,0.25,50,20,40,1730,10,0,30,1730,0.25,0.0,1.0,0.0,7.65263212675398
tfnbs,"e=0.1,h=4.0,n=30,start_thres=1.25",hub,0.25,50,20,40,1730,10,0,30,1730,0.25,0.0,1.0,0.0,7.65263212675398
tfnbs,"e=0.1,h=5.0,n=30,start_thres=1.25",hub,0.25,50,20,40,1730,9,0,31,1730,0.225,0.0,1.0,0.0,7.65263212675398
tfnbs,"e=0.1,h=6.0,n=30,start_thres=1.25",hub,0.25,50,20,40,1730,9,0,31,1730,0.225,0.0,1.0,0.0,7.65263212675398
tfnbs,"e=0.1,h=7.0,n=30,start_thres=1.25",hub,0.25,50,20,40,1730,9,0,31,1730,0.225,0.0,1.0,0.0,7.65263212675398
tfnbs,"e=0.1,h=8.0,n=30,start_thres=1.25",hub,0.25,50,20,40,1730,9,0,31,1730,0.225,0.0,1.0,0.0,7.65263212675398
tfnbs,"e=0.1,h=9.0,n=30,start_thres=1.25",hub,0.25,50,20,40,1730,9,0,31,1730,0.225,0.0,1.0,0.0,7.65263212675398
tfnbs,"e=0.1,h=10.0,n=30,start_thres=1.25",hub,0.25,50,20,40,1730,9,0,31,1730,0.225,0.0,1.0,0.0,7.65263212675398
tfnbs,"e=0.2,h=0.5,n=30,start_thres=1.25",hub,0.25,50,20,40,1730,14,0,26,1730,0.35,0.0,1.0,0.0,7.65263212675398
tfnbs,"e=0.2,h=1.0,n=30,start_thres=1.25",hub,0.25,50,20,40,1730,13,0,27,1730,0.325,0.0,1.0,0.0,7.65263212675398
tfnbs,"e=0.2,h=2.0,n=30,start_thres=1.25",hub,0.25,50,20,40,1730,13,0,27,1730,0.325,0.0,1.0,0.0,7.65263212675398
tfnbs,"e=0.2,h=3.0,n=30,start_thres=1.25",hub,0.25,50,20,40,1730,13,0,27,1730,0.325,0.0,1.0,0.0,7.65263212675398
tfnbs,"e=0.2,h=4.0,n=30,start_thres=1.25",hub,0.25,50,20,40,1730,12,0,28,1730,0.3,0.0,1.0,0.0,7.65263212675398
tfnbs,"e=0.2,h=5.0,n=30,start_thres=1.25",hub,0.25,50,20,40,1730,12,0,28,1730,0.3,0.0,1.0,0.0,7.65263212675398
tfnbs,"e=0.2,h=6.0,n=30,start_thres=1.25",hub,0.25,50,20,40,1730,10,0,30,1730,0.25,0.0,1.0,0.0,7.65263212675398
tfnbs,"e=0.2,h=7.0,n=30,start_thres=1.25",hub,0.25,50,20,40,1730,10,0,30,1730,0.25,0.0,1.0,0.0,7.65263212675398
tfnbs,"e=0.2,h=8.0,n=30,start_thres=1.25",hub,0.25,50,20,40,1730,10,0,30,1730,0.25,0.0,1.0,0.0,7.65263212675398
tfnbs,"e=0.2,h=9.0,n=30,start_thres=1.25",hub,0.25,50,20,40,1730,10,0,30,1730,0.25,0.0,1.0,0.0,7.65263212675398
tfnbs,"e=0.2,h=10.0,n=30,start_thres=1.25",hub,0.25,50,20,40,1730,10,0,30,1730,0.25,0.0,1.0,0.0,7.65263212675398
tfnbs,"e=0.3,h=0.5,n=30,start_thres=1.25",hub,0.25,50,20,40,1730,15,0,25,1730,0.375,0.0,1.0,0.0,7.65263212675398
tfnbs,"e=0.3,h=1.0,n=30,start_thres=1.25",hub,0.25,50,20,40,1730,15,0,25,1730,0.375,0.0,1.0,0.0,7.65263212675398
tfnbs,"e=0.3,h=2.0,n=30,start_thres=1.25",hub,0.25,50,20,40,1730,15,0,25,1730,0.375,0.0,1.0,0.0,7.65263212675398
tfnbs,"e=0.3,h=3.0,n=30,start_thres=1.25",hub,0.25,50,20,40,1730,14,0,26,1730,0.35,0.0,1.0,0.0,7.65263212675398
tfnbs,"e=0.3,h=4.0,n=30,start_thres=1.25",hub,0.25,50,20,40,1730,13,0,27,1730,0.325,0.0,1.0,0.0,7.65263212675398
tfnbs,"e=0.3,h=5.0,n=30,start_thres=1.25",hub,0.25,50,20,40,1730,13,0,27,1730,0.325,0.0,1.0,0.0,7.65263212675398
tfnbs,"e=0.3,h=6.0,n=30,start_thres=1.25",hub,0.25,50,20,40,1730,13,0,27,1730,0.325,0.0,1.0,0.0,7.65263212675398
tfnbs,"e=0.3,h=7.0,n=30,start_thres=1.25",hub,0.25,50,20,40,1730,12,0,28,1730,0.3,0.0,1.0,0.0,7.65263212675398
tfnbs,"e=0.3,h=8.0,n=30,start_thres=1.25",hub,0.25,50,20,40,1730,12,0,28,1730,0.3,0.0,1.0,0.0,7.65263212675398
tfnbs,"e=0.3,h=9.0,n=30,start_thres=1.25",hub,0.25,50,20,40,1730,12,0,28,1730,0.3,0.0,1.0,0.0,7.65263212675398
tfnbs,"e=0.3,h=10.0,n=30,start_thres=1.25",hub,0.25,50,20,40,1730,10,0,30,1730,0.25,0.0,1.0,0.0,7.65263212675398
tfnbs,"e=0.4,h=0.5,n=30,start_thres=1.25",hub,0.25,50,20,40,1730,19,0,21,1730,0.475,0.0,1.0,0.0,7.65263212675398
tfnbs,"e=0.4,h=1.0,n=30,start_thres=1.25",hub,0.25,50,20,40,1730,19,0,21,1730,0.475,0.0,1.0,0.0,7.65263212675398
tfnbs,"e=0.4,h=2.0,n=30,start_thres=1.25",hub,0.25,50,20,40,1730,18,0,22,1730,0.45,0.0,1.0,0.0,7.65263212675398
tfnbs,"e=0.4,h=3.0,n=30,start_thres=1.25",hub,0.25,50,20,40,1730,15,0,25,1730,0.375,0.0,1.0,0.0,7.65263212675398
tfnbs,"e=0.4,h=4.0,n=30,start_thres=1.25",hub,0.25,50,20,40,1730,15,0,25,1730,0.375,0.0,1.0,0.0,7.65263212675398
tfnbs,"e=0.4,h=5.0,n=30,start_thres=1.25",hub,0.25,50,20,40,1730,14,0,26,1730,0.35,0.0,1.0,0.0,7.65263212675398
tfnbs,"e=0.4,h=6.0,n=30,start_thres=1.25",hub,0.25,50,20,40,1730,13,0,27,1730,0.325,0.0,1.0,0.0,7.65263212675398
tfnbs,"e=0.4,h=7.0,n=30,start_thres=1.25",hub,0.25,50,20,40,1730,13,0,27,1730,0.325,0.0,1.0,0.0,7.65263212675398
tfnbs,"e=0.4,h=8.0,n=30,start_thres=1.25",hub,0.25,50,20,40,1730,13,0,27,1730,0.325,0.0,1.0,0.0,7.65263212675398
tfnbs,"e=0.4,h=9.0,n=30,start_thres=1.25",hub,0.25,50,20,40,1730,13,0,27,1730,0.325,0.0,1.0,0.0,7.65263212675398
tfnbs,"e=0.4,h=10.0,n=30,start_thres=1.25",hub,0.25,50,20,40,1730,12,0,28,1730,0.3,0.0,1.0,0.0,7.65263212675398
tfnbs,"e=0.5,h=0.5,n=30,start_thres=1.25",hub,0.25,50,20,40,1730,22,1,18,1729,0.55,0.0005780346820809,0.9565217391304348,0.0434782608695652,7.65263212675398
tfnbs,"e=0.5,h=1.0,n=30,start_thres=1.25",hub,0.25,50,20,40,1730,22,1,18,1729,0.55,0.0005780346820809,0.9565217391304348,0.0434782608695652,7.65263212675398
tfnbs,"e=0.5,h=2.0,n=30,start_thres=1.25",hub,0.25,50,20,40,1730,19,0,21,1730,0.475,0.0,1.0,0.0,7.65263212675398
tfnbs,"e=0.5,h=3.0,n=30,start_thres=1.25",hub,0.25,50,20,40,1730,18,0,22,1730,0.45,0.0,1.0,0.0,7.65263212675398
tfnbs,"e=0.5,h=4.0,n=30,start_thres=1.25",hub,0.25,50,20,40,1730,18,0,22,1730,0.45,0.0,1.0,0.0,7.65263212675398
tfnbs,"e=0.5,h=5.0,n=30,start_thres=1.25",hub,0.25,50,20,40,1730,15,0,25,1730,0.375,0.0,1.0,0.0,7.65263212675398
tfnbs,"e=0.5,h=6.0,n=30,start_thres=1.25",hub,0.25,50,20,40,1730,14,0,26,1730,0.35,0.0,1.0,0.0,7.65263212675398
tfnbs,"e=0.5,h=7.0,n=30,start_thres=1.25",hub,0.25,50,20,40,1730,14,0,26,1730,0.35,0.0,1.0,0.0,7.65263212675398
tfnbs,"e=0.5,h=8.0,n=30,start_thres=1.25",hub,0.25,50,20,40,1730,13,0,27,1730,0.325,0.0,1.0,0.0,7.65263212675398
tfnbs,"e=0.5,h=9.0,n=30,start_thres=1.25",hub,0.25,50,20,40,1730,13,0,27,1730,0.325,0.0,1.0,0.0,7.65263212675398
tfnbs,"e=0.5,h=10.0,n=30,start_thres=1.25",hub,0.25,50,20,40,1730,13,0,27,1730,0.325,0.0,1.0,0.0,7.65263212675398
tfnbs,"e=0.6,h=0.5,n=30,start_thres=1.25",hub,0.25,50,20,40,1730,24,1,16,1729,0.6,0.0005780346820809,0.96,0.04,7.65263212675398
tfnbs,"e=0.6,h=1.0,n=30,start_thres=1.25",hub,0.25,50,20,40,1730,24,1,16,1729,0.6,0.0005780346820809,0.96,0.04,7.65263212675398
tfnbs,"e=0.6,h=2.0,n=30,start_thres=1.25",hub,0.25,50,20,40,1730,22,1,18,1729,0.55,0.0005780346820809,0.9565217391304348,0.0434782608695652,7.65263212675398
tfnbs,"e=0.6,h=3.0,n=30,start_thres=1.25",hub,0.25,50,20,40,1730,22,1,18,1729,0.55,0.0005780346820809,0.9565217391304348,0.0434782608695652,7.65263212675398
tfnbs,"e=0.6,h=4.0,n=30,start_thres=1.25",hub,0.25,50,20,40,1730,19,0,21,1730,0.475,0.0,1.0,0.0,7.65263212675398
tfnbs,"e=0.6,h=5.0,n=30,start_thres=1.25",hub,0.25,50,20,40,1730,18,0,22,1730,0.45,0.0,1.0,0.0,7.65263212675398
tfnbs,"e=0.6,h=6.0,n=30,start_thres=1.25",hub,0.25,50,20,40,1730,18,0,22,1730,0.45,0.0,1.0,0.0,7.65263212675398
tfnbs,"e=0.6,h=7.0,n=30,start_thres=1.25",hub,0.25,50,20,40,1730,15,0,25,1730,0.375,0.0,1.0,0.0,7.65263212675398
tfnbs,"e=0.6,h=8.0,n=30,start_thres=1.25",hub,0.25,50,20,40,1730,14,0,26,1730,0.35,0.0,1.0,0.0,7.65263212675398
tfnbs,"e=0.6,h=9.0,n=30,start_thres=1.25",hub,0.25,50,20,40,1730,13,0,27,1730,0.325,0.0,1.0,0.0,7.65263212675398
tfnbs,"e=0.6,h=10.0,n=30,start_thres=1.25",hub,0.25,50,20,40,1730,13,0,27,1730,0.325,0.0,1.0,0.0,7.65263212675398
tfnbs,"e=0.7,h=0.5,n=30,start_thres=1.25",hub,0.25,50,20,40,1730,24,1,16,1729,0.6,0.0005780346820809,0.96,0.04,7.65263212675398
tfnbs,"e=0.7,h=1.0,n=30,start_thres=1.25",hub,0.25,50,20,40,1730,24,1,16,1729,0.6,0.0005780346820809,0.96,0.04,7.65263212675398
tfnbs,"e=0.7,h=2.0,n=30,start_thres=1.25",hub,0.25,50,20,40,1730,24,1,16,1729,0.6,0.0005780346820809,0.96,0.04,7.65263212675398
tfnbs,"e=0.7,h=3.0,n=30,start_thres=1.25",hub,0.25,50,20,40,1730,24,1,16,1729,0.6,0.0005780346820809,0.96,0.04,7.65263212675398
tfnbs,"e=0.7,h=4.0,n=30,start_thres=1.25",hub,0.25,50,20,40,1730,22,1,18,1729,0.55,0.0005780346820809,0.9565217391304348,0.0434782608695652,7.65263212675398
tfnbs,"e=0.7,h=5.0,n=30,start_thres=1.25",hub,0.25,50,20,40,1730,19,0,21,1730,0.475,0.0,1.0,0.0,7.65263212675398
tfnbs,"e=0.7,h=6.0,n=30,start_thres=1.25",hub,0.25,50,20,40,1730,19,0,21,1730,0.475,0.0,1.0,0.0,7.65263212675398
tfnbs,"e=0.7,h=7.0,n=30,start_thres=1.25",hub,0.25,50,20,40,1730,18,0,22,1730,0.45,0.0,1.0,0.0,7.65263212675398
tfnbs,"e=0.7,h=8.0,n=30,start_thres=1.25",hub,0.25,50,20,40,1730,15,0,25,1730,0.375,0.0,1.0,0.0,7.65263212675398
tfnbs,"e=0.7,h=9.0,n=30,start_thres=1.25",hub,0.25,50,20,40,1730,14,0,26,1730,0.35,0.0,1.0,0.0,7.65263212675398
tfnbs,"e=0.7,h=10.0,n=30,start_thres=1.25",hub,0.25,50,20,40,1730,14,0,26,1730,0.35,0.0,1.0,0.0,7.65263212675398
tfnbs,"e=0.8,h=0.5,n=30,start_thres=1.25",hub,0.25,50,20,40,1730,24,1,16,1729,0.6,0.0005780346820809,0.96,0.04,7.65263212675398
tfnbs,"e=0.8,h=1.0,n=30,start_thres=1.25",hub,0.25,50,20,40,1730,24,1,16,1729,0.6,0.0005780346820809,0.96,0.04,7.65263212675398
tfnbs,"e=0.8,h=2.0,n=30,start_thres=1.25",hub,0.25,50,20,40,1730,26,3,14,1727,0.65,0.0017341040462427,0.896551724137931,0.1034482758620689,7.65263212675398
tfnbs,"e=0.8,h=3.0,n=30,start_thres=1.25",hub,0.25,50,20,40,1730,24,1,16,1729,0.6,0.0005780346820809,0.96,0.04,7.65263212675398
tfnbs,"e=0.8,h=4.0,n=30,start_thres=1.25",hub,0.25,50,20,40,1730,24,1,16,1729,0.6,0.0005780346820809,0.96,0.04,7.65263212675398
tfnbs,"e=0.8,h=5.0,n=30,start_thres=1.25",hub,0.25,50,20,40,1730,22,1,18,1729,0.55,0.0005780346820809,0.9565217391304348,0.0434782608695652,7.65263212675398
tfnbs,"e=0.8,h=6.0,n=30,start_thres=1.25",hub,0.25,50,20,40,1730,22,1,18,1729,0.55,0.0005780346820809,0.9565217391304348,0.0434782608695652,7.65263212675398
tfnbs,"e=0.8,h=7.0,n=30,start_thres=1.25",hub,0.25,50,20,40,1730,19,0,21,1730,0.475,0.0,1.0,0.0,7.65263212675398
tfnbs,"e=0.8,h=8.0,n=30,start_thres=1.25",hub,0.25,50,20,40,1730,18,0,22,1730,0.45,0.0,1.0,0.0,7.65263212675398
tfnbs,"e=0.8,h=9.0,n=30,start_thres=1.25",hub,0.25,50,20,40,1730,18,0,22,1730,0.45,0.0,1.0,0.0,7.65263212675398
tfnbs,"e=0.8,h=10.0,n=30,start_thres=1.25",hub,0.25,50,20,40,1730,15,0,25,1730,0.375,0.0,1.0,0.0,7.65263212675398
tfnbs,"e=0.9,h=0.5,n=30,start_thres=1.25",hub,0.25,50,20,40,1730,24,1,16,1729,0.6,0.0005780346820809,0.96,0.04,7.65263212675398
tfnbs,"e=0.9,h=1.0,n=30,start_thres=1.25",hub,0.25,50,20,40,1730,24,1,16,1729,0.6,0.0005780346820809,0.96,0.04,7.65263212675398
tfnbs,"e=0.9,h=2.0,n=30,start_thres=1.25",hub,0.25,50,20,40,1730,26,3,14,1727,0.65,0.0017341040462427,0.896551724137931,0.1034482758620689,7.65263212675398
tfnbs,"e=0.9,h=3.0,n=30,start_thres=1.25",hub,0.25,50,20,40,1730,26,3,14,1727,0.65,0.0017341040462427,0.896551724137931,0.1034482758620689,7.65263212675398
tfnbs,"e=0.9,h=4.0,n=30,start_thres=1.25",hub,0.25,50,20,40,1730,26,3,14,1727,0.65,0.0017341040462427,0.896551724137931,0.1034482758620689,7.65263212675398
tfnbs,"e=0.9,h=5.0,n=30,start_thres=1.25",hub,0.25,50,20,40,1730,24,1,16,1729,0.6,0.0005780346820809,0.96,0.04,7.65263212675398
tfnbs,"e=0.9,h=6.0,n=30,start_thres=1.25",hub,0.25,50,20,40,1730,22,1,18,1729,0.55,0.0005780346820809,0.9565217391304348,0.0434782608695652,7.65263212675398
tfnbs,"e=0.9,h=7.0,n=30,start_thres=1.25",hub,0.25,50,20,40,1730,22,1,18,1729,0.55,0.0005780346820809,0.9565217391304348,0.0434782608695652,7.65263212675398
tfnbs,"e=0.9,h=8.0,n=30,start_thres=1.25",hub,0.25,50,20,40,1730,19,0,21,1730,0.475,0.0,1.0,0.0,7.65263212675398
tfnbs,"e=0.9,h=9.0,n=30,start_thres=1.25",hub,0.25,50,20,40,1730,19,0,21,1730,0.475,0.0,1.0,0.0,7.65263212675398
tfnbs,"e=0.9,h=10.0,n=30,start_thres=1.25",hub,0.25,50,20,40,1730,18,0,22,1730,0.45,0.0,1.0,0.0,7.65263212675398
tfnbs,"e=1.0,h=0.5,n=30,start_thres=1.25",hub,0.25,50,20,40,1730,22,1,18,1729,0.55,0.0005780346820809,0.9565217391304348,0.0434782608695652,7.65263212675398
tfnbs,"e=1.0,h=1.0,n=30,start_thres=1.25",hub,0.25,50,20,40,1730,24,1,16,1729,0.6,0.0005780346820809,0.96,0.04,7.65263212675398
tfnbs,"e=1.0,h=2.0,n=30,start_thres=1.25",hub,0.25,50,20,40,1730,26,3,14,1727,0.65,0.0017341040462427,0.896551724137931,0.1034482758620689,7.65263212675398
tfnbs,"e=1.0,h=3.0,n=30,start_thres=1.25",hub,0.25,50,20,40,1730,26,3,14,1727,0.65,0.0017341040462427,0.896551724137931,0.1034482758620689,7.65263212675398
tfnbs,"e=1.0,h=4.0,n=30,start_thres=1.25",hub,0.25,50,20,40,1730,26,3,14,1727,0.65,0.0017341040462427,0.896551724137931,0.1034482758620689,7.65263212675398
tfnbs,"e=1.0,h=5.0,n=30,start_thres=1.25",hub,0.25,50,20,40,1730,26,3,14,1727,0.65,0.0017341040462427,0.896551724137931,0.1034482758620689,7.65263212675398
tfnbs,"e=1.0,h=6.0,n=30,start_thres=1.25",hub,0.25,50,20,40,1730,24,1,16,1729,0.6,0.0005780346820809,0.96,0.04,7.65263212675398
tfnbs,"e=1.0,h=7.0,n=30,start_thres=1.25",hub,0.25,50,20,40,1730,22,1,18,1729,0.55,0.0005780346820809,0.9565217391304348,0.0434782608695652,7.65263212675398
tfnbs,"e=1.0,h=8.0,n=30,start_thres=1.25",hub,0.25,50,20,40,1730,22,1,18,1729,0.55,0.0005780346820809,0.9565217391304348,0.0434782608695652,7.65263212675398
tfnbs,"e=1.0,h=9.0,n=30,start_thres=1.25",hub,0.25,50,20,40,1730,19,0,21,1730,0.475,0.0,1.0,0.0,7.65263212675398
tfnbs,"e=1.0,h=10.0,n=30,start_thres=1.25",hub,0.25,50,20,40,1730,19,0,21,1730,0.475,0.0,1.0,0.0,7.65263212675398
tfnbs,"e=1.1,h=0.5,n=30,start_thres=1.25",hub,0.25,50,20,40,1730,22,1,18,1729,0.55,0.0005780346820809,0.9565217391304348,0.0434782608695652,7.65263212675398
tfnbs,"e=1.1,h=1.0,n=30,start_thres=1.25",hub,0.25,50,20,40,1730,24,1,16,1729,0.6,0.0005780346820809,0.96,0.04,7.65263212675398
tfnbs,"e=1.1,h=2.0,n=30,start_thres=1.25",hub,0.25,50,20,40,1730,26,3,14,1727,0.65,0.0017341040462427,0.896551724137931,0.1034482758620689,7.65263212675398
tfnbs,"e=1.1,h=3.0,n=30,start_thres=1.25",hub,0.25,50,20,40,1730,26,3,14,1727,0.65,0.0017341040462427,0.896551724137931,0.1034482758620689,7.65263212675398
tfnbs,"e=1.1,h=4.0,n=30,start_thres=1.25",hub,0.25,50,20,40,1730,26,3,14,1727,0.65,0.0017341040462427,0.896551724137931,0.1034482758620689,7.65263212675398
tfnbs,"e=1.1,h=5.0,n=30,start_thres=1.25",hub,0.25,50,20,40,1730,26,3,14,1727,0.65,0.0017341040462427,0.896551724137931,0.1034482758620689,7.65263212675398
tfnbs,"e=1.1,h=6.0,n=30,start_thres=1.25",hub,0.25,50,20,40,1730,26,3,14,1727,0.65,0.0017341040462427,0.896551724137931,0.1034482758620689,7.65263212675398
tfnbs,"e=1.1,h=7.0,n=30,start_thres=1.25",hub,0.25,50,20,40,1730,24,1,16,1729,0.6,0.0005780346820809,0.96,0.04,7.65263212675398
tfnbs,"e=1.1,h=8.0,n=30,start_thres=1.25",hub,0.25,50,20,40,1730,24,1,16,1729,0.6,0.0005780346820809,0.96,0.04,7.65263212675398
tfnbs,"e=1.1,h=9.0,n=30,start_thres=1.25",hub,0.25,50,20,40,1730,22,1,18,1729,0.55,0.0005780346820809,0.9565217391304348,0.0434782608695652,7.65263212675398
tfnbs,"e=1.1,h=10.0,n=30,start_thres=1.25",hub,0.25,50,20,40,1730,22,1,18,1729,0.55,0.0005780346820809,0.9565217391304348,0.0434782608695652,7.65263212675398
tfnbs,"e=1.2,h=0.5,n=30,start_thres=1.25",hub,0.25,50,20,40,1730,19,0,21,1730,0.475,0.0,1.0,0.0,7.65263212675398
tfnbs,"e=1.2,h=1.0,n=30,start_thres=1.25",hub,0.25,50,20,40,1730,22,1,18,1729,0.55,0.0005780346820809,0.9565217391304348,0.0434782608695652,7.65263212675398
tfnbs,"e=1.2,h=2.0,n=30,start_thres=1.25",hub,0.25,50,20,40,1730,24,1,16,1729,0.6,0.0005780346820809,0.96,0.04,7.65263212675398
tfnbs,"e=1.2,h=3.0,n=30,start_thres=1.25",hub,0.25,50,20,40,1730,26,3,14,1727,0.65,0.0017341040462427,0.896551724137931,0.1034482758620689,7.65263212675398
tfnbs,"e=1.2,h=4.0,n=30,start_thres=1.25",hub,0.25,50,20,40,1730,26,3,14,1727,0.65,0.0017341040462427,0.896551724137931,0.1034482758620689,7.65263212675398
tfnbs,"e=1.2,h=5.0,n=30,start_thres=1.25",hub,0.25,50,20,40,1730,26,5,14,1725,0.65,0.0028901734104046,0.8387096774193549,0.1612903225806451,7.65263212675398
tfnbs,"e=1.2,h=6.0,n=30,start_thres=1.25",hub,0.25,50,20,40,1730,26,3,14,1727,0.65,0.0017341040462427,0.896551724137931,0.1034482758620689,7.65263212675398
tfnbs,"e=1.2,h=7.0,n=30,start_thres=1.25",hub,0.25,50,20,40,1730,26,3,14,1727,0.65,0.0017341040462427,0.896551724137931,0.1034482758620689,7.65263212675398
tfnbs,"e=1.2,h=8.0,n=30,start_thres=1.25",hub,0.25,50,20,40,1730,24,1,16,1729,0.6,0.0005780346820809,0.96,0.04,7.65263212675398
tfnbs,"e=1.2,h=9.0,n=30,start_thres=1.25",hub,0.25,50,20,40,1730,24,1,16,1729,0.6,0.0005780346820809,0.96,0.04,7.65263212675398
tfnbs,"e=1.2,h=10.0,n=30,start_thres=1.25",hub,0.25,50,20,40,1730,22,1,18,1729,0.55,0.0005780346820809,0.9565217391304348,0.0434782608695652,7.65263212675398
tfnbs,"e=1.3,h=0.5,n=30,start_thres=1.25",hub,0.25,50,20,40,1730,18,0,22,1730,0.45,0.0,1.0,0.0,7.65263212675398
tfnbs,"e=1.3,h=1.0,n=30,start_thres=1.25",hub,0.25,50,20,40,1730,22,1,18,1729,0.55,0.0005780346820809,0.9565217391304348,0.0434782608695652,7.65263212675398
tfnbs,"e=1.3,h=2.0,n=30,start_thres=1.25",hub,0.25,50,20,40,1730,24,1,16,1729,0.6,0.0005780346820809,0.96,0.04,7.65263212675398
tfnbs,"e=1.3,h=3.0,n=30,start_thres=1.25",hub,0.25,50,20,40,1730,26,3,14,1727,0.65,0.0017341040462427,0.896551724137931,0.1034482758620689,7.65263212675398
tfnbs,"e=1.3,h=4.0,n=30,start_thres=1.25",hub,0.25,50,20,40,1730,26,3,14,1727,0.65,0.0017341040462427,0.896551724137931,0.1034482758620689,7.65263212675398
tfnbs,"e=1.3,h=5.0,n=30,start_thres=1.25",hub,0.25,50,20,40,1730,26,5,14,1725,0.65,0.0028901734104046,0.8387096774193549,0.1612903225806451,7.65263212675398
tfnbs,"e=1.3,h=6.0,n=30,start_thres=1.25",hub,0.25,50,20,40,1730,26,5,14,1725,0.65,0.0028901734104046,0.8387096774193549,0.1612903225806451,7.65263212675398
tfnbs,"e=1.3,h=7.0,n=30,start_thres=1.25",hub,0.25,50,20,40,1730,26,3,14,1727,0.65,0.0017341040462427,0.896551724137931,0.1034482758620689,7.65263212675398
tfnbs,"e=1.3,h=8.0,n=30,start_thres=1.25",hub,0.25,50,20,40,1730,26,3,14,1727,0.65,0.0017341040462427,0.896551724137931,0.1034482758620689,7.65263212675398
tfnbs,"e=1.3,h=9.0,n=30,start_thres=1.25",hub,0.25,50,20,40,1730,24,1,16,1729,0.6,0.0005780346820809,0.96,0.04,7.65263212675398
tfnbs,"e=1.3,h=10.0,n=30,start_thres=1.25",hub,0.25,50,20,40,1730,24,1,16,1729,0.6,0.0005780346820809,0.96,0.04,7.65263212675398
tfnbs,"e=1.4,h=0.5,n=30,start_thres=1.25",hub,0.25,50,20,40,1730,13,0,27,1730,0.325,0.0,1.0,0.0,7.65263212675398
tfnbs,"e=1.4,h=1.0,n=30,start_thres=1.25",hub,0.25,50,20,40,1730,18,0,22,1730,0.45,0.0,1.0,0.0,7.65263212675398
tfnbs,"e=1.4,h=2.0,n=30,start_thres=1.25",hub,0.25,50,20,40,1730,24,1,16,1729,0.6,0.0005780346820809,0.96,0.04,7.65263212675398
tfnbs,"e=1.4,h=3.0,n=30,start_thres=1.25",hub,0.25,50,20,40,1730,26,3,14,1727,0.65,0.0017341040462427,0.896551724137931,0.1034482758620689,7.65263212675398
tfnbs,"e=1.4,h=4.0,n=30,start_thres=1.25",hub,0.25,50,20,40,1730,26,3,14,1727,0.65,0.0017341040462427,0.896551724137931,0.1034482758620689,7.65263212675398
tfnbs,"e=1.4,h=5.0,n=30,start_thres=1.25",hub,0.25,50,20,40,1730,26,5,14,1725,0.65,0.0028901734104046,0.8387096774193549,0.1612903225806451,7.65263212675398
tfnbs,"e=1.4,h=6.0,n=30,start_thres=1.25",hub,0.25,50,20,40,1730,26,5,14,1725,0.65,0.0028901734104046,0.8387096774193549,0.1612903225806451,7.65263212675398
tfnbs,"e=1.4,h=7.0,n=30,start_thres=1.25",hub,0.25,50,20,40,1730,26,5,14,1725,0.65,0.0028901734104046,0.8387096774193549,0.1612903225806451,7.65263212675398
tfnbs,"e=1.4,h=8.0,n=30,start_thres=1.25",hub,0.25,50,20,40,1730,26,5,14,1725,0.65,0.0028901734104046,0.8387096774193549,0.1612903225806451,7.65263212675398
tfnbs,"e=1.4,h=9.0,n=30,start_thres=1.25",hub,0.25,50,20,40,1730,26,3,14,1727,0.65,0.0017341040462427,0.896551724137931,0.1034482758620689,7.65263212675398
tfnbs,"e=1.4,h=10.0,n=30,start_thres=1.25",hub,0.25,50,20,40,1730,24,1,16,1729,0.6,0.0005780346820809,0.96,0.04,7.65263212675398
tfnbs,"e=1.5,h=0.5,n=30,start_thres=1.25",hub,0.25,50,20,40,1730,9,0,31,1730,0.225,0.0,1.0,0.0,7.65263212675398
tfnbs,"e=1.5,h=1.0,n=30,start_thres=1.25",hub,0.25,50,20,40,1730,14,0,26,1730,0.35,0.0,1.0,0.0,7.65263212675398
tfnbs,"e=1.5,h=2.0,n=30,start_thres=1.25",hub,0.25,50,20,40,1730,22,1,18,1729,0.55,0.0005780346820809,0.9565217391304348,0.0434782608695652,7.65263212675398
tfnbs,"e=1.5,h=3.0,n=30,start_thres=1.25",hub,0.25,50,20,40,1730,26,3,14,1727,0.65,0.0017341040462427,0.896551724137931,0.1034482758620689,7.65263212675398
tfnbs,"e=1.5,h=4.0,n=30,start_thres=1.25",hub,0.25,50,20,40,1730,26,3,14,1727,0.65,0.0017341040462427,0.896551724137931,0.1034482758620689,7.65263212675398
tfnbs,"e=1.5,h=5.0,n=30,start_thres=1.25",hub,0.25,50,20,40,1730,26,5,14,1725,0.65,0.0028901734104046,0.8387096774193549,0.1612903225806451,7.65263212675398
tfnbs,"e=1.5,h=6.0,n=30,start_thres=1.25",hub,0.25,50,20,40,1730,26,5,14,1725,0.65,0.0028901734104046,0.8387096774193549,0.1612903225806451,7.65263212675398
tfnbs,"e=1.5,h=7.0,n=30,start_thres=1.25",hub,0.25,50,20,40,1730,26,5,14,1725,0.65,0.0028901734104046,0.8387096774193549,0.1612903225806451,7.65263212675398
tfnbs,"e=1.5,h=8.0,n=30,start_thres=1.25",hub,0.25,50,20,40,1730,26,5,14,1725,0.65,0.0028901734104046,0.8387096774193549,0.1612903225806451,7.65263212675398
tfnbs,"e=1.5,h=9.0,n=30,start_thres=1.25",hub,0.25,50,20,40,1730,26,3,14,1727,0.65,0.0017341040462427,0.896551724137931,0.1034482758620689,7.65263212675398
tfnbs,"e=1.5,h=10.0,n=30,start_thres=1.25",hub,0.25,50,20,40,1730,26,3,14,1727,0.65,0.0017341040462427,0.896551724137931,0.1034482758620689,7.65263212675398
nbs_intensity,threshold=2.0,hub,0.25,50,3,40,1730,34,29,6,1701,0.85,0.0167630057803468,0.5396825396825397,0.4603174603174603,7.994138479232788
nbs_intensity,threshold=2.0,hub,0.25,50,4,40,1730,0,0,40,1730,0.0,0.0,0.0,0.0,8.087520599365234
nbs_intensity,threshold=2.0,hub,0.25,50,5,40,1730,40,55,0,1675,1.0,0.0317919075144508,0.4210526315789473,0.5789473684210527,9.01975440979004
nbs_intensity,threshold=2.0,hub,0.25,50,6,40,1730,39,44,1,1686,0.975,0.0254335260115606,0.4698795180722891,0.5301204819277109,8.075768947601318
tfnbs,"e=0.05,h=0.5,n=30,start_thres=1.25",hub,0.25,50,21,40,1730,9,0,31,1730,0.225,0.0,1.0,0.0,7.654029139063575
tfnbs,"e=0.05,h=1.0,n=30,start_thres=1.25",hub,0.25,50,21,40,1730,9,0,31,1730,0.225,0.0,1.0,0.0,7.654029139063575
tfnbs,"e=0.05,h=2.0,n=30,start_thres=1.25",hub,0.25,50,21,40,1730,8,0,32,1730,0.2,0.0,1.0,0.0,7.654029139063575
tfnbs,"e=0.05,h=3.0,n=30,start_thres=1.25",hub,0.25,50,21,40,1730,8,0,32,1730,0.2,0.0,1.0,0.0,7.654029139063575
tfnbs,"e=0.05,h=4.0,n=30,start_thres=1.25",hub,0.25,50,21,40,1730,8,0,32,1730,0.2,0.0,1.0,0.0,7.654029139063575
tfnbs,"e=0.05,h=5.0,n=30,start_thres=1.25",hub,0.25,50,21,40,1730,8,0,32,1730,0.2,0.0,1.0,0.0,7.654029139063575
tfnbs,"e=0.05,h=6.0,n=30,start_thres=1.25",hub,0.25,50,21,40,1730,8,0,32,1730,0.2,0.0,1.0,0.0,7.654029139063575
tfnbs,"e=0.05,h=7.0,n=30,start_thres=1.25",hub,0.25,50,21,40,1730,8,0,32,1730,0.2,0.0,1.0,0.0,7.654029139063575
tfnbs,"e=0.05,h=8.0,n=30,start_thres=1.25",hub,0.25,50,21,40,1730,8,0,32,1730,0.2,0.0,1.0,0.0,7.654029139063575
tfnbs,"e=0.05,h=9.0,n=30,start_thres=1.25",hub,0.25,50,21,40,1730,7,0,33,1730,0.175,0.0,1.0,0.0,7.654029139063575
tfnbs,"e=0.05,h=10.0,n=30,start_thres=1.25",hub,0.25,50,21,40,1730,7,0,33,1730,0.175,0.0,1.0,0.0,7.654029139063575
tfnbs,"e=0.1,h=0.5,n=30,start_thres=1.25",hub,0.25,50,21,40,1730,12,0,28,1730,0.3,0.0,1.0,0.0,7.654029139063575
tfnbs,"e=0.1,h=1.0,n=30,start_thres=1.25",hub,0.25,50,21,40,1730,12,0,28,1730,0.3,0.0,1.0,0.0,7.654029139063575
tfnbs,"e=0.1,h=2.0,n=30,start_thres=1.25",hub,0.25,50,21,40,1730,12,0,28,1730,0.3,0.0,1.0,0.0,7.654029139063575
tfnbs,"e=0.1,h=3.0,n=30,start_thres=1.25",hub,0.25,50,21,40,1730,9,0,31,1730,0.225,0.0,1.0,0.0,7.654029139063575
tfnbs,"e=0.1,h=4.0,n=30,start_thres=1.25",hub,0.25,50,21,40,1730,9,0,31,1730,0.225,0.0,1.0,0.0,7.654029139063575
tfnbs,"e=0.1,h=5.0,n=30,start_thres=1.25",hub,0.25,50,21,40,1730,9,0,31,1730,0.225,0.0,1.0,0.0,7.654029139063575
tfnbs,"e=0.1,h=6.0,n=30,start_thres=1.25",hub,0.25,50,21,40,1730,8,0,32,1730,0.2,0.0,1.0,0.0,7.654029139063575
tfnbs,"e=0.1,h=7.0,n=30,start_thres=1.25",hub,0.25,50,21,40,1730,8,0,32,1730,0.2,0.0,1.0,0.0,7.654029139063575
tfnbs,"e=0.1,h=8.0,n=30,start_thres=1.25",hub,0.25,50,21,40,1730,8,0,32,1730,0.2,0.0,1.0,0.0,7.654029139063575
tfnbs,"e=0.1,h=9.0,n=30,start_thres=1.25",hub,0.25,50,21,40,1730,8,0,32,1730,0.2,0.0,1.0,0.0,7.654029139063575
tfnbs,"e=0.1,h=10.0,n=30,start_thres=1.25",hub,0.25,50,21,40,1730,8,0,32,1730,0.2,0.0,1.0,0.0,7.654029139063575
tfnbs,"e=0.2,h=0.5,n=30,start_thres=1.25",hub,0.25,50,21,40,1730,15,0,25,1730,0.375,0.0,1.0,0.0,7.654029139063575
tfnbs,"e=0.2,h=1.0,n=30,start_thres=1.25",hub,0.25,50,21,40,1730,15,0,25,1730,0.375,0.0,1.0,0.0,7.654029139063575
tfnbs,"e=0.2,h=2.0,n=30,start_thres=1.25",hub,0.25,50,21,40,1730,15,0,25,1730,0.375,0.0,1.0,0.0,7.654029139063575
tfnbs,"e=0.2,h=3.0,n=30,start_thres=1.25",hub,0.25,50,21,40,1730,15,0,25,1730,0.375,0.0,1.0,0.0,7.654029139063575
tfnbs,"e=0.2,h=4.0,n=30,start_thres=1.25",hub,0.25,50,21,40,1730,15,0,25,1730,0.375,0.0,1.0,0.0,7.654029139063575
tfnbs,"e=0.2,h=5.0,n=30,start_thres=1.25",hub,0.25,50,21,40,1730,12,0,28,1730,0.3,0.0,1.0,0.0,7.654029139063575
tfnbs,"e=0.2,h=6.0,n=30,start_thres=1.25",hub,0.25,50,21,40,1730,12,0,28,1730,0.3,0.0,1.0,0.0,7.654029139063575
tfnbs,"e=0.2,h=7.0,n=30,start_thres=1.25",hub,0.25,50,21,40,1730,9,0,31,1730,0.225,0.0,1.0,0.0,7.654029139063575
tfnbs,"e=0.2,h=8.0,n=30,start_thres=1.25",hub,0.25,50,21,40,1730,9,0,31,1730,0.225,0.0,1.0,0.0,7.654029139063575
tfnbs,"e=0.2,h=9.0,n=30,start_thres=1.25",hub,0.25,50,21,40,1730,9,0,31,1730,0.225,0.0,1.0,0.0,7.654029139063575
tfnbs,"e=0.2,h=10.0,n=30,start_thres=1.25",hub,0.25,50,21,40,1730,9,0,31,1730,0.225,0.0,1.0,0.0,7.654029139063575
tfnbs,"e=0.3,h=0.5,n=30,start_thres=1.25",hub,0.25,50,21,40,1730,24,0,16,1730,0.6,0.0,1.0,0.0,7.654029139063575
tfnbs,"e=0.3,h=1.0,n=30,start_thres=1.25",hub,0.25,50,21,40,1730,24,0,16,1730,0.6,0.0,1.0,0.0,7.654029139063575
tfnbs,"e=0.3,h=2.0,n=30,start_thres=1.25",hub,0.25,50,21,40,1730,20,0,20,1730,0.5,0.0,1.0,0.0,7.654029139063575
tfnbs,"e=0.3,h=3.0,n=30,start_thres=1.25",hub,0.25,50,21,40,1730,15,0,25,1730,0.375,0.0,1.0,0.0,7.654029139063575
tfnbs,"e=0.3,h=4.0,n=30,start_thres=1.25",hub,0.25,50,21,40,1730,15,0,25,1730,0.375,0.0,1.0,0.0,7.654029139063575
tfnbs,"e=0.3,h=5.0,n=30,start_thres=1.25",hub,0.25,50,21,40,1730,15,0,25,1730,0.375,0.0,1.0,0.0,7.654029139063575
tfnbs,"e=0.3,h=6.0,n=30,start_thres=1.25",hub,0.25,50,21,40,1730,15,0,25,1730,0.375,0.0,1.0,0.0,7.654029139063575
tfnbs,"e=0.3,h=7.0,n=30,start_thres=1.25",hub,0.25,50,21,40,1730,15,0,25,1730,0.375,0.0,1.0,0.0,7.654029139063575
tfnbs,"e=0.3,h=8.0,n=30,start_thres=1.25",hub,0.25,50,21,40,1730,12,0,28,1730,0.3,0.0,1.0,0.0,7.654029139063575
tfnbs,"e=0.3,h=9.0,n=30,start_thres=1.25",hub,0.25,50,21,40,1730,12,0,28,1730,0.3,0.0,1.0,0.0,7.654029139063575
tfnbs,"e=0.3,h=10.0,n=30,start_thres=1.25",hub,0.25,50,21,40,1730,12,0,28,1730,0.3,0.0,1.0,0.0,7.654029139063575
tfnbs,"e=0.4,h=0.5,n=30,start_thres=1.25",hub,0.25,50,21,40,1730,27,0,13,1730,0.675,0.0,1.0,0.0,7.654029139063575
tfnbs,"e=0.4,h=1.0,n=30,start_thres=1.25",hub,0.25,50,21,40,1730,24,0,16,1730,0.6,0.0,1.0,0.0,7.654029139063575
tfnbs,"e=0.4,h=2.0,n=30,start_thres=1.25",hub,0.25,50,21,40,1730,24,0,16,1730,0.6,0.0,1.0,0.0,7.654029139063575
tfnbs,"e=0.4,h=3.0,n=30,start_thres=1.25",hub,0.25,50,21,40,1730,24,0,16,1730,0.6,0.0,1.0,0.0,7.654029139063575
tfnbs,"e=0.4,h=4.0,n=30,start_thres=1.25",hub,0.25,50,21,40,1730,20,0,20,1730,0.5,0.0,1.0,0.0,7.654029139063575
tfnbs,"e=0.4,h=5.0,n=30,start_thres=1.25",hub,0.25,50,21,40,1730,15,0,25,1730,0.375,0.0,1.0,0.0,7.654029139063575
tfnbs,"e=0.4,h=6.0,n=30,start_thres=1.25",hub,0.25,50,21,40,1730,15,0,25,1730,0.375,0.0,1.0,0.0,7.654029139063575
tfnbs,"e=0.4,h=7.0,n=30,start_thres=1.25",hub,0.25,50,21,40,1730,15,0,25,1730,0.375,0.0,1.0,0.0,7.654029139063575
tfnbs,"e=0.4,h=8.0,n=30,start_thres=1.25",hub,0.25,50,21,40,1730,15,0,25,1730,0.375,0.0,1.0,0.0,7.654029139063575
tfnbs,"e=0.4,h=9.0,n=30,start_thres=1.25",hub,0.25,50,21,40,1730,15,0,25,1730,0.375,0.0,1.0,0.0,7.654029139063575
tfnbs,"e=0.4,h=10.0,n=30,start_thres=1.25",hub,0.25,50,21,40,1730,15,0,25,1730,0.375,0.0,1.0,0.0,7.654029139063575
tfnbs,"e=0.5,h=0.5,n=30,start_thres=1.25",hub,0.25,50,21,40,1730,27,0,13,1730,0.675,0.0,1.0,0.0,7.654029139063575
tfnbs,"e=0.5,h=1.0,n=30,start_thres=1.25",hub,0.25,50,21,40,1730,27,0,13,1730,0.675,0.0,1.0,0.0,7.654029139063575
tfnbs,"e=0.5,h=2.0,n=30,start_thres=1.25",hub,0.25,50,21,40,1730,27,0,13,1730,0.675,0.0,1.0,0.0,7.654029139063575
tfnbs,"e=0.5,h=3.0,n=30,start_thres=1.25",hub,0.25,50,21,40,1730,24,0,16,1730,0.6,0.0,1.0,0.0,7.654029139063575
tfnbs,"e=0.5,h=4.0,n=30,start_thres=1.25",hub,0.25,50,21,40,1730,24,0,16,1730,0.6,0.0,1.0,0.0,7.654029139063575
tfnbs,"e=0.5,h=5.0,n=30,start_thres=1.25",hub,0.25,50,21,40,1730,24,0,16,1730,0.6,0.0,1.0,0.0,7.654029139063575
tfnbs,"e=0.5,h=6.0,n=30,start_thres=1.25",hub,0.25,50,21,40,1730,20,0,20,1730,0.5,0.0,1.0,0.0,7.654029139063575
tfnbs,"e=0.5,h=7.0,n=30,start_thres=1.25",hub,0.25,50,21,40,1730,15,0,25,1730,0.375,0.0,1.0,0.0,7.654029139063575
tfnbs,"e=0.5,h=8.0,n=30,start_thres=1.25",hub,0.25,50,21,40,1730,15,0,25,1730,0.375,0.0,1.0,0.0,7.654029139063575
tfnbs,"e=0.5,h=9.0,n=30,start_thres=1.25",hub,0.25,50,21,40,1730,15,0,25,1730,0.375,0.0,1.0,0.0,7.654029139063575
tfnbs,"e=0.5,h=10.0,n=30,start_thres=1.25",hub,0.25,50,21,40,1730,15,0,25,1730,0.375,0.0,1.0,0.0,7.654029139063575
tfnbs,"e=0.6,h=0.5,n=30,start_thres=1.25",hub,0.25,50,21,40,1730,28,1,12,1729,0.7,0.0005780346820809,0.9655172413793104,0.0344827586206896,7.654029139063575
tfnbs,"e=0.6,h=1.0,n=30,start_thres=1.25",hub,0.25,50,21,40,1730,28,1,12,1729,0.7,0.0005780346820809,0.9655172413793104,0.0344827586206896,7.654029139063575
tfnbs,"e=0.6,h=2.0,n=30,start_thres=1.25",hub,0.25,50,21,40,1730,28,1,12,1729,0.7,0.0005780346820809,0.9655172413793104,0.0344827586206896,7.654029139063575
tfnbs,"e=0.6,h=3.0,n=30,start_thres=1.25",hub,0.25,50,21,40,1730,27,0,13,1730,0.675,0.0,1.0,0.0,7.654029139063575
tfnbs,"e=0.6,h=4.0,n=30,start_thres=1.25",hub,0.25,50,21,40,1730,27,0,13,1730,0.675,0.0,1.0,0.0,7.654029139063575
tfnbs,"e=0.6,h=5.0,n=30,start_thres=1.25",hub,0.25,50,21,40,1730,24,0,16,1730,0.6,0.0,1.0,0.0,7.654029139063575
tfnbs,"e=0.6,h=6.0,n=30,start_thres=1.25",hub,0.25,50,21,40,1730,24,0,16,1730,0.6,0.0,1.0,0.0,7.654029139063575
tfnbs,"e=0.6,h=7.0,n=30,start_thres=1.25",hub,0.25,50,21,40,1730,20,0,20,1730,0.5,0.0,1.0,0.0,7.654029139063575
tfnbs,"e=0.6,h=8.0,n=30,start_thres=1.25",hub,0.25,50,21,40,1730,20,0,20,1730,0.5,0.0,1.0,0.0,7.654029139063575
tfnbs,"e=0.6,h=9.0,n=30,start_thres=1.25",hub,0.25,50,21,40,1730,15,0,25,1730,0.375,0.0,1.0,0.0,7.654029139063575
tfnbs,"e=0.6,h=10.0,n=30,start_thres=1.25",hub,0.25,50,21,40,1730,15,0,25,1730,0.375,0.0,1.0,0.0,7.654029139063575
tfnbs,"e=0.7,h=0.5,n=30,start_thres=1.25",hub,0.25,50,21,40,1730,28,1,12,1729,0.7,0.0005780346820809,0.9655172413793104,0.0344827586206896,7.654029139063575
tfnbs,"e=0.7,h=1.0,n=30,start_thres=1.25",hub,0.25,50,21,40,1730,28,1,12,1729,0.7,0.0005780346820809,0.9655172413793104,0.0344827586206896,7.654029139063575
tfnbs,"e=0.7,h=2.0,n=30,start_thres=1.25",hub,0.25,50,21,40,1730,28,1,12,1729,0.7,0.0005780346820809,0.9655172413793104,0.0344827586206896,7.654029139063575
tfnbs,"e=0.7,h=3.0,n=30,start_thres=1.25",hub,0.25,50,21,40,1730,28,1,12,1729,0.7,0.0005780346820809,0.9655172413793104,0.0344827586206896,7.654029139063575
tfnbs,"e=0.7,h=4.0,n=30,start_thres=1.25",hub,0.25,50,21,40,1730,28,1,12,1729,0.7,0.0005780346820809,0.9655172413793104,0.0344827586206896,7.654029139063575
tfnbs,"e=0.7,h=5.0,n=30,start_thres=1.25",hub,0.25,50,21,40,1730,27,0,13,1730,0.675,0.0,1.0,0.0,7.654029139063575
tfnbs,"e=0.7,h=6.0,n=30,start_thres=1.25",hub,0.25,50,21,40,1730,24,0,16,1730,0.6,0.0,1.0,0.0,7.654029139063575
tfnbs,"e=0.7,h=7.0,n=30,start_thres=1.25",hub,0.25,50,21,40,1730,24,0,16,1730,0.6,0.0,1.0,0.0,7.654029139063575
tfnbs,"e=0.7,h=8.0,n=30,start_thres=1.25",hub,0.25,50,21,40,1730,20,0,20,1730,0.5,0.0,1.0,0.0,7.654029139063575
tfnbs,"e=0.7,h=9.0,n=30,start_thres=1.25",hub,0.25,50,21,40,1730,20,0,20,1730,0.5,0.0,1.0,0.0,7.654029139063575
tfnbs,"e=0.7,h=10.0,n=30,start_thres=1.25",hub,0.25,50,21,40,1730,15,0,25,1730,0.375,0.0,1.0,0.0,7.654029139063575
tfnbs,"e=0.8,h=0.5,n=30,start_thres=1.25",hub,0.25,50,21,40,1730,28,1,12,1729,0.7,0.0005780346820809,0.9655172413793104,0.0344827586206896,7.654029139063575
tfnbs,"e=0.8,h=1.0,n=30,start_thres=1.25",hub,0.25,50,21,40,1730,29,1,11,1729,0.725,0.0005780346820809,0.9666666666666668,0.0333333333333333,7.654029139063575
tfnbs,"e=0.8,h=2.0,n=30,start_thres=1.25",hub,0.25,50,21,40,1730,29,1,11,1729,0.725,0.0005780346820809,0.9666666666666668,0.0333333333333333,7.654029139063575
tfnbs,"e=0.8,h=3.0,n=30,start_thres=1.25",hub,0.25,50,21,40,1730,29,1,11,1729,0.725,0.0005780346820809,0.9666666666666668,0.0333333333333333,7.654029139063575
tfnbs,"e=0.8,h=4.0,n=30,start_thres=1.25",hub,0.25,50,21,40,1730,28,1,12,1729,0.7,0.0005780346820809,0.9655172413793104,0.0344827586206896,7.654029139063575
tfnbs,"e=0.8,h=5.0,n=30,start_thres=1.25",hub,0.25,50,21,40,1730,28,1,12,1729,0.7,0.0005780346820809,0.9655172413793104,0.0344827586206896,7.654029139063575
tfnbs,"e=0.8,h=6.0,n=30,start_thres=1.25",hub,0.25,50,21,40,1730,27,0,13,1730,0.675,0.0,1.0,0.0,7.654029139063575
tfnbs,"e=0.8,h=7.0,n=30,start_thres=1.25",hub,0.25,50,21,40,1730,24,0,16,1730,0.6,0.0,1.0,0.0,7.654029139063575
tfnbs,"e=0.8,h=8.0,n=30,start_thres=1.25",hub,0.25,50,21,40,1730,24,0,16,1730,0.6,0.0,1.0,0.0,7.654029139063575
tfnbs,"e=0.8,h=9.0,n=30,start_thres=1.25",hub,0.25,50,21,40,1730,24,0,16,1730,0.6,0.0,1.0,0.0,7.654029139063575
tfnbs,"e=0.8,h=10.0,n=30,start_thres=1.25",hub,0.25,50,21,40,1730,20,0,20,1730,0.5,0.0,1.0,0.0,7.654029139063575
tfnbs,"e=0.9,h=0.5,n=30,start_thres=1.25",hub,0.25,50,21,40,1730,28,1,12,1729,0.7,0.0005780346820809,0.9655172413793104,0.0344827586206896,7.654029139063575
tfnbs,"e=0.9,h=1.0,n=30,start_thres=1.25",hub,0.25,50,21,40,1730,29,1,11,1729,0.725,0.0005780346820809,0.9666666666666668,0.0333333333333333,7.654029139063575
tfnbs,"e=0.9,h=2.0,n=30,start_thres=1.25",hub,0.25,50,21,40,1730,29,1,11,1729,0.725,0.0005780346820809,0.9666666666666668,0.0333333333333333,7.654029139063575
tfnbs,"e=0.9,h=3.0,n=30,start_thres=1.25",hub,0.25,50,21,40,1730,29,1,11,1729,0.725,0.0005780346820809,0.9666666666666668,0.0333333333333333,7.654029139063575
tfnbs,"e=0.9,h=4.0,n=30,start_thres=1.25",hub,0.25,50,21,40,1730,29,1,11,1729,0.725,0.0005780346820809,0.9666666666666668,0.0333333333333333,7.654029139063575
tfnbs,"e=0.9,h=5.0,n=30,start_thres=1.25",hub,0.25,50,21,40,1730,29,1,11,1729,0.725,0.0005780346820809,0.9666666666666668,0.0333333333333333,7.654029139063575
tfnbs,"e=0.9,h=6.0,n=30,start_thres=1.25",hub,0.25,50,21,40,1730,28,1,12,1729,0.7,0.0005780346820809,0.9655172413793104,0.0344827586206896,7.654029139063575
tfnbs,"e=0.9,h=7.0,n=30,start_thres=1.25",hub,0.25,50,21,40,1730,27,0,13,1730,0.675,0.0,1.0,0.0,7.654029139063575
tfnbs,"e=0.9,h=8.0,n=30,start_thres=1.25",hub,0.25,50,21,40,1730,24,0,16,1730,0.6,0.0,1.0,0.0,7.654029139063575
tfnbs,"e=0.9,h=9.0,n=30,start_thres=1.25",hub,0.25,50,21,40,1730,24,0,16,1730,0.6,0.0,1.0,0.0,7.654029139063575
tfnbs,"e=0.9,h=10.0,n=30,start_thres=1.25",hub,0.25,50,21,40,1730,24,0,16,1730,0.6,0.0,1.0,0.0,7.654029139063575
tfnbs,"e=1.0,h=0.5,n=30,start_thres=1.25",hub,0.25,50,21,40,1730,28,1,12,1729,0.7,0.0005780346820809,0.9655172413793104,0.0344827586206896,7.654029139063575
tfnbs,"e=1.0,h=1.0,n=30,start_thres=1.25",hub,0.25,50,21,40,1730,29,1,11,1729,0.725,0.0005780346820809,0.9666666666666668,0.0333333333333333,7.654029139063575
tfnbs,"e=1.0,h=2.0,n=30,start_thres=1.25",hub,0.25,50,21,40,1730,29,1,11,1729,0.725,0.0005780346820809,0.9666666666666668,0.0333333333333333,7.654029139063575
tfnbs,"e=1.0,h=3.0,n=30,start_thres=1.25",hub,0.25,50,21,40,1730,29,1,11,1729,0.725,0.0005780346820809,0.9666666666666668,0.0333333333333333,7.654029139063575
tfnbs,"e=1.0,h=4.0,n=30,start_thres=1.25",hub,0.25,50,21,40,1730,29,1,11,1729,0.725,0.0005780346820809,0.9666666666666668,0.0333333333333333,7.654029139063575
tfnbs,"e=1.0,h=5.0,n=30,start_thres=1.25",hub,0.25,50,21,40,1730,29,1,11,1729,0.725,0.0005780346820809,0.9666666666666668,0.0333333333333333,7.654029139063575
tfnbs,"e=1.0,h=6.0,n=30,start_thres=1.25",hub,0.25,50,21,40,1730,29,1,11,1729,0.725,0.0005780346820809,0.9666666666666668,0.0333333333333333,7.654029139063575
tfnbs,"e=1.0,h=7.0,n=30,start_thres=1.25",hub,0.25,50,21,40,1730,28,1,12,1729,0.7,0.0005780346820809,0.9655172413793104,0.0344827586206896,7.654029139063575
tfnbs,"e=1.0,h=8.0,n=30,start_thres=1.25",hub,0.25,50,21,40,1730,27,0,13,1730,0.675,0.0,1.0,0.0,7.654029139063575
tfnbs,"e=1.0,h=9.0,n=30,start_thres=1.25",hub,0.25,50,21,40,1730,27,0,13,1730,0.675,0.0,1.0,0.0,7.654029139063575
tfnbs,"e=1.0,h=10.0,n=30,start_thres=1.25",hub,0.25,50,21,40,1730,24,0,16,1730,0.6,0.0,1.0,0.0,7.654029139063575
tfnbs,"e=1.1,h=0.5,n=30,start_thres=1.25",hub,0.25,50,21,40,1730,28,1,12,1729,0.7,0.0005780346820809,0.9655172413793104,0.0344827586206896,7.654029139063575
tfnbs,"e=1.1,h=1.0,n=30,start_thres=1.25",hub,0.25,50,21,40,1730,29,1,11,1729,0.725,0.0005780346820809,0.9666666666666668,0.0333333333333333,7.654029139063575
tfnbs,"e=1.1,h=2.0,n=30,start_thres=1.25",hub,0.25,50,21,40,1730,29,1,11,1729,0.725,0.0005780346820809,0.9666666666666668,0.0333333333333333,7.654029139063575
tfnbs,"e=1.1,h=3.0,n=30,start_thres=1.25",hub,0.25,50,21,40,1730,29,2,11,1728,0.725,0.0011560693641618,0.935483870967742,0.064516129032258,7.654029139063575
tfnbs,"e=1.1,h=4.0,n=30,start_thres=1.25",hub,0.25,50,21,40,1730,29,2,11,1728,0.725,0.0011560693641618,0.935483870967742,0.064516129032258,7.654029139063575
tfnbs,"e=1.1,h=5.0,n=30,start_thres=1.25",hub,0.25,50,21,40,1730,29,1,11,1729,0.725,0.0005780346820809,0.9666666666666668,0.0333333333333333,7.654029139063575
tfnbs,"e=1.1,h=6.0,n=30,start_thres=1.25",hub,0.25,50,21,40,1730,29,1,11,1729,0.725,0.0005780346820809,0.9666666666666668,0.0333333333333333,7.654029139063575
tfnbs,"e=1.1,h=7.0,n=30,start_thres=1.25",hub,0.25,50,21,40,1730,29,1,11,1729,0.725,0.0005780346820809,0.9666666666666668,0.0333333333333333,7.654029139063575
tfnbs,"e=1.1,h=8.0,n=30,start_thres=1.25",hub,0.25,50,21,40,1730,28,1,12,1729,0.7,0.0005780346820809,0.9655172413793104,0.0344827586206896,7.654029139063575
tfnbs,"e=1.1,h=9.0,n=30,start_thres=1.25",hub,0.25,50,21,40,1730,27,0,13,1730,0.675,0.0,1.0,0.0,7.654029139063575
tfnbs,"e=1.1,h=10.0,n=30,start_thres=1.25",hub,0.25,50,21,40,1730,27,0,13,1730,0.675,0.0,1.0,0.0,7.654029139063575
tfnbs,"e=1.2,h=0.5,n=30,start_thres=1.25",hub,0.25,50,21,40,1730,28,1,12,1729,0.7,0.0005780346820809,0.9655172413793104,0.0344827586206896,7.654029139063575
tfnbs,"e=1.2,h=1.0,n=30,start_thres=1.25",hub,0.25,50,21,40,1730,28,1,12,1729,0.7,0.0005780346820809,0.9655172413793104,0.0344827586206896,7.654029139063575
tfnbs,"e=1.2,h=2.0,n=30,start_thres=1.25",hub,0.25,50,21,40,1730,29,1,11,1729,0.725,0.0005780346820809,0.9666666666666668,0.0333333333333333,7.654029139063575
tfnbs,"e=1.2,h=3.0,n=30,start_thres=1.25",hub,0.25,50,21,40,1730,29,2,11,1728,0.725,0.0011560693641618,0.935483870967742,0.064516129032258,7.654029139063575
tfnbs,"e=1.2,h=4.0,n=30,start_thres=1.25",hub,0.25,50,21,40,1730,29,2,11,1728,0.725,0.0011560693641618,0.935483870967742,0.064516129032258,7.654029139063575
tfnbs,"e=1.2,h=5.0,n=30,start_thres=1.25",hub,0.25,50,21,40,1730,29,2,11,1728,0.725,0.0011560693641618,0.935483870967742,0.064516129032258,7.654029139063575
tfnbs,"e=1.2,h=6.0,n=30,start_thres=1.25",hub,0.25,50,21,40,1730,29,2,11,1728,0.725,0.0011560693641618,0.935483870967742,0.064516129032258,7.654029139063575
tfnbs,"e=1.2,h=7.0,n=30,start_thres=1.25",hub,0.25,50,21,40,1730,29,1,11,1729,0.725,0.0005780346820809,0.9666666666666668,0.0333333333333333,7.654029139063575
tfnbs,"e=1.2,h=8.0,n=30,start_thres=1.25",hub,0.25,50,21,40,1730,29,1,11,1729,0.725,0.0005780346820809,0.9666666666666668,0.0333333333333333,7.654029139063575
tfnbs,"e=1.2,h=9.0,n=30,start_thres=1.25",hub,0.25,50,21,40,1730,28,1,12,1729,0.7,0.0005780346820809,0.9655172413793104,0.0344827586206896,7.654029139063575
tfnbs,"e=1.2,h=10.0,n=30,start_thres=1.25",hub,0.25,50,21,40,1730,27,0,13,1730,0.675,0.0,1.0,0.0,7.654029139063575
tfnbs,"e=1.3,h=0.5,n=30,start_thres=1.25",hub,0.25,50,21,40,1730,27,0,13,1730,0.675,0.0,1.0,0.0,7.654029139063575
tfnbs,"e=1.3,h=1.0,n=30,start_thres=1.25",hub,0.25,50,21,40,1730,28,1,12,1729,0.7,0.0005780346820809,0.9655172413793104,0.0344827586206896,7.654029139063575
tfnbs,"e=1.3,h=2.0,n=30,start_thres=1.25",hub,0.25,50,21,40,1730,29,1,11,1729,0.725,0.0005780346820809,0.9666666666666668,0.0333333333333333,7.654029139063575
tfnbs,"e=1.3,h=3.0,n=30,start_thres=1.25",hub,0.25,50,21,40,1730,29,2,11,1728,0.725,0.0011560693641618,0.935483870967742,0.064516129032258,7.654029139063575
tfnbs,"e=1.3,h=4.0,n=30,start_thres=1.25",hub,0.25,50,21,40,1730,29,2,11,1728,0.725,0.0011560693641618,0.935483870967742,0.064516129032258,7.654029139063575
tfnbs,"e=1.3,h=5.0,n=30,start_thres=1.25",hub,0.25,50,21,40,1730,29,2,11,1728,0.725,0.0011560693641618,0.935483870967742,0.064516129032258,7.654029139063575
tfnbs,"e=1.3,h=6.0,n=30,start_thres=1.25",hub,0.25,50,21,40,1730,29,2,11,1728,0.725,0.0011560693641618,0.935483870967742,0.064516129032258,7.654029139063575
tfnbs,"e=1.3,h=7.0,n=30,start_thres=1.25",hub,0.25,50,21,40,1730,29,2,11,1728,0.725,0.0011560693641618,0.935483870967742,0.064516129032258,7.654029139063575
tfnbs,"e=1.3,h=8.0,n=30,start_thres=1.25",hub,0.25,50,21,40,1730,29,1,11,1729,0.725,0.0005780346820809,0.9666666666666668,0.0333333333333333,7.654029139063575
tfnbs,"e=1.3,h=9.0,n=30,start_thres=1.25",hub,0.25,50,21,40,1730,29,1,11,1729,0.725,0.0005780346820809,0.9666666666666668,0.0333333333333333,7.654029139063575
tfnbs,"e=1.3,h=10.0,n=30,start_thres=1.25",hub,0.25,50,21,40,1730,28,1,12,1729,0.7,0.0005780346820809,0.9655172413793104,0.0344827586206896,7.654029139063575
tfnbs,"e=1.4,h=0.5,n=30,start_thres=1.25",hub,0.25,50,21,40,1730,27,0,13,1730,0.675,0.0,1.0,0.0,7.654029139063575
tfnbs,"e=1.4,h=1.0,n=30,start_thres=1.25",hub,0.25,50,21,40,1730,28,1,12,1729,0.7,0.0005780346820809,0.9655172413793104,0.0344827586206896,7.654029139063575
tfnbs,"e=1.4,h=2.0,n=30,start_thres=1.25",hub,0.25,50,21,40,1730,29,1,11,1729,0.725,0.0005780346820809,0.9666666666666668,0.0333333333333333,7.654029139063575
tfnbs,"e=1.4,h=3.0,n=30,start_thres=1.25",hub,0.25,50,21,40,1730,29,1,11,1729,0.725,0.0005780346820809,0.9666666666666668,0.0333333333333333,7.654029139063575
tfnbs,"e=1.4,h=4.0,n=30,start_thres=1.25",hub,0.25,50,21,40,1730,29,2,11,1728,0.725,0.0011560693641618,0.935483870967742,0.064516129032258,7.654029139063575
tfnbs,"e=1.4,h=5.0,n=30,start_thres=1.25",hub,0.25,50,21,40,1730,29,2,11,1728,0.725,0.0011560693641618,0.935483870967742,0.064516129032258,7.654029139063575
tfnbs,"e=1.4,h=6.0,n=30,start_thres=1.25",hub,0.25,50,21,40,1730,29,2,11,1728,0.725,0.0011560693641618,0.935483870967742,0.064516129032258,7.654029139063575
tfnbs,"e=1.4,h=7.0,n=30,start_thres=1.25",hub,0.25,50,21,40,1730,29,2,11,1728,0.725,0.0011560693641618,0.935483870967742,0.064516129032258,7.654029139063575
tfnbs,"e=1.4,h=8.0,n=30,start_thres=1.25",hub,0.25,50,21,40,1730,29,2,11,1728,0.725,0.0011560693641618,0.935483870967742,0.064516129032258,7.654029139063575
tfnbs,"e=1.4,h=9.0,n=30,start_thres=1.25",hub,0.25,50,21,40,1730,29,1,11,1729,0.725,0.0005780346820809,0.9666666666666668,0.0333333333333333,7.654029139063575
tfnbs,"e=1.4,h=10.0,n=30,start_thres=1.25",hub,0.25,50,21,40,1730,29,1,11,1729,0.725,0.0005780346820809,0.9666666666666668,0.0333333333333333,7.654029139063575
tfnbs,"e=1.5,h=0.5,n=30,start_thres=1.25",hub,0.25,50,21,40,1730,24,0,16,1730,0.6,0.0,1.0,0.0,7.654029139063575
tfnbs,"e=1.5,h=1.0,n=30,start_thres=1.25",hub,0.25,50,21,40,1730,27,0,13,1730,0.675,0.0,1.0,0.0,7.654029139063575
tfnbs,"e=1.5,h=2.0,n=30,start_thres=1.25",hub,0.25,50,21,40,1730,28,1,12,1729,0.7,0.0005780346820809,0.9655172413793104,0.0344827586206896,7.654029139063575
tfnbs,"e=1.5,h=3.0,n=30,start_thres=1.25",hub,0.25,50,21,40,1730,29,1,11,1729,0.725,0.0005780346820809,0.9666666666666668,0.0333333333333333,7.654029139063575
tfnbs,"e=1.5,h=4.0,n=30,start_thres=1.25",hub,0.25,50,21,40,1730,29,2,11,1728,0.725,0.0011560693641618,0.935483870967742,0.064516129032258,7.654029139063575
tfnbs,"e=1.5,h=5.0,n=30,start_thres=1.25",hub,0.25,50,21,40,1730,29,2,11,1728,0.725,0.0011560693641618,0.935483870967742,0.064516129032258,7.654029139063575
tfnbs,"e=1.5,h=6.0,n=30,start_thres=1.25",hub,0.25,50,21,40,1730,29,2,11,1728,0.725,0.0011560693641618,0.935483870967742,0.064516129032258,7.654029139063575
tfnbs,"e=1.5,h=7.0,n=30,start_thres=1.25",hub,0.25,50,21,40,1730,29,2,11,1728,0.725,0.0011560693641618,0.935483870967742,0.064516129032258,7.654029139063575
tfnbs,"e=1.5,h=8.0,n=30,start_thres=1.25",hub,0.25,50,21,40,1730,29,2,11,1728,0.725,0.0011560693641618,0.935483870967742,0.064516129032258,7.654029139063575
tfnbs,"e=1.5,h=9.0,n=30,start_thres=1.25",hub,0.25,50,21,40,1730,29,2,11,1728,0.725,0.0011560693641618,0.935483870967742,0.064516129032258,7.654029139063575
tfnbs,"e=1.5,h=10.0,n=30,start_thres=1.25",hub,0.25,50,21,40,1730,29,1,11,1729,0.725,0.0005780346820809,0.9666666666666668,0.0333333333333333,7.654029139063575
nbs_intensity,threshold=2.0,hub,0.25,50,7,40,1730,37,29,3,1701,0.925,0.0167630057803468,0.5606060606060606,0.4393939393939394,8.490254640579224
nbs_intensity,threshold=2.0,hub,0.25,50,8,40,1730,36,24,4,1706,0.9,0.0138728323699421,0.6,0.4,8.149808406829834
nbs_intensity,threshold=2.0,hub,0.25,50,10,40,1730,35,33,5,1697,0.875,0.0190751445086705,0.5147058823529411,0.4852941176470588,7.85658073425293
nbs_intensity,threshold=2.0,hub,0.25,50,9,40,1730,0,0,40,1730,0.0,0.0,0.0,0.0,8.399964332580566
nbs_intensity,threshold=2.0,hub,0.25,50,11,40,1730,38,76,2,1654,0.95,0.0439306358381502,0.3333333333333333,0.6666666666666666,8.204686641693115
nbs_intensity,threshold=2.0,hub,0.25,50,13,40,1730,38,35,2,1695,0.95,0.0202312138728323,0.5205479452054794,0.4794520547945205,8.244009256362915
nbs_intensity,threshold=2.0,hub,0.25,50,12,40,1730,39,52,1,1678,0.975,0.030057803468208,0.4285714285714285,0.5714285714285714,8.466819047927856
nbs_intensity,threshold=2.0,hub,0.25,50,14,40,1730,38,88,2,1642,0.95,0.0508670520231213,0.3015873015873015,0.6984126984126984,8.266255378723145
nbs_intensity,threshold=2.0,hub,0.25,50,17,40,1730,39,49,1,1681,0.975,0.0283236994219653,0.4431818181818182,0.5568181818181818,8.217247247695923
nbs_intensity,threshold=2.0,hub,0.25,50,16,40,1730,40,86,0,1644,1.0,0.0497109826589595,0.3174603174603174,0.6825396825396826,8.264214754104614
nbs_intensity,threshold=2.0,hub,0.25,50,19,40,1730,28,49,12,1681,0.7,0.0283236994219653,0.3636363636363636,0.6363636363636364,7.907032489776611
nbs_intensity,threshold=2.0,hub,0.25,50,15,40,1730,39,65,1,1665,0.975,0.0375722543352601,0.375,0.625,8.933969736099243
nbs_intensity,threshold=2.0,hub,0.25,50,20,40,1730,0,0,40,1730,0.0,0.0,0.0,0.0,8.419445514678955
tfnbs,"e=0.05,h=0.5,n=30,start_thres=1.25",hub,0.25,50,9,40,1730,7,0,33,1730,0.175,0.0,1.0,0.0,7.791488801891154
tfnbs,"e=0.05,h=1.0,n=30,start_thres=1.25",hub,0.25,50,9,40,1730,7,0,33,1730,0.175,0.0,1.0,0.0,7.791488801891154
tfnbs,"e=0.05,h=2.0,n=30,start_thres=1.25",hub,0.25,50,9,40,1730,7,0,33,1730,0.175,0.0,1.0,0.0,7.791488801891154
tfnbs,"e=0.05,h=3.0,n=30,start_thres=1.25",hub,0.25,50,9,40,1730,7,0,33,1730,0.175,0.0,1.0,0.0,7.791488801891154
tfnbs,"e=0.05,h=4.0,n=30,start_thres=1.25",hub,0.25,50,9,40,1730,7,0,33,1730,0.175,0.0,1.0,0.0,7.791488801891154
tfnbs,"e=0.05,h=5.0,n=30,start_thres=1.25",hub,0.25,50,9,40,1730,7,0,33,1730,0.175,0.0,1.0,0.0,7.791488801891154
tfnbs,"e=0.05,h=6.0,n=30,start_thres=1.25",hub,0.25,50,9,40,1730,7,0,33,1730,0.175,0.0,1.0,0.0,7.791488801891154
tfnbs,"e=0.05,h=7.0,n=30,start_thres=1.25",hub,0.25,50,9,40,1730,7,0,33,1730,0.175,0.0,1.0,0.0,7.791488801891154
tfnbs,"e=0.05,h=8.0,n=30,start_thres=1.25",hub,0.25,50,9,40,1730,7,0,33,1730,0.175,0.0,1.0,0.0,7.791488801891154
tfnbs,"e=0.05,h=9.0,n=30,start_thres=1.25",hub,0.25,50,9,40,1730,7,0,33,1730,0.175,0.0,1.0,0.0,7.791488801891154
tfnbs,"e=0.05,h=10.0,n=30,start_thres=1.25",hub,0.25,50,9,40,1730,7,0,33,1730,0.175,0.0,1.0,0.0,7.791488801891154
tfnbs,"e=0.1,h=0.5,n=30,start_thres=1.25",hub,0.25,50,9,40,1730,10,0,30,1730,0.25,0.0,1.0,0.0,7.791488801891154
tfnbs,"e=0.1,h=1.0,n=30,start_thres=1.25",hub,0.25,50,9,40,1730,10,0,30,1730,0.25,0.0,1.0,0.0,7.791488801891154
tfnbs,"e=0.1,h=2.0,n=30,start_thres=1.25",hub,0.25,50,9,40,1730,7,0,33,1730,0.175,0.0,1.0,0.0,7.791488801891154
tfnbs,"e=0.1,h=3.0,n=30,start_thres=1.25",hub,0.25,50,9,40,1730,7,0,33,1730,0.175,0.0,1.0,0.0,7.791488801891154
tfnbs,"e=0.1,h=4.0,n=30,start_thres=1.25",hub,0.25,50,9,40,1730,7,0,33,1730,0.175,0.0,1.0,0.0,7.791488801891154
tfnbs,"e=0.1,h=5.0,n=30,start_thres=1.25",hub,0.25,50,9,40,1730,7,0,33,1730,0.175,0.0,1.0,0.0,7.791488801891154
tfnbs,"e=0.1,h=6.0,n=30,start_thres=1.25",hub,0.25,50,9,40,1730,7,0,33,1730,0.175,0.0,1.0,0.0,7.791488801891154
tfnbs,"e=0.1,h=7.0,n=30,start_thres=1.25",hub,0.25,50,9,40,1730,7,0,33,1730,0.175,0.0,1.0,0.0,7.791488801891154
tfnbs,"e=0.1,h=8.0,n=30,start_thres=1.25",hub,0.25,50,9,40,1730,7,0,33,1730,0.175,0.0,1.0,0.0,7.791488801891154
tfnbs,"e=0.1,h=9.0,n=30,start_thres=1.25",hub,0.25,50,9,40,1730,7,0,33,1730,0.175,0.0,1.0,0.0,7.791488801891154
tfnbs,"e=0.1,h=10.0,n=30,start_thres=1.25",hub,0.25,50,9,40,1730,7,0,33,1730,0.175,0.0,1.0,0.0,7.791488801891154
tfnbs,"e=0.2,h=0.5,n=30,start_thres=1.25",hub,0.25,50,9,40,1730,14,0,26,1730,0.35,0.0,1.0,0.0,7.791488801891154
tfnbs,"e=0.2,h=1.0,n=30,start_thres=1.25",hub,0.25,50,9,40,1730,14,0,26,1730,0.35,0.0,1.0,0.0,7.791488801891154
tfnbs,"e=0.2,h=2.0,n=30,start_thres=1.25",hub,0.25,50,9,40,1730,14,0,26,1730,0.35,0.0,1.0,0.0,7.791488801891154
tfnbs,"e=0.2,h=3.0,n=30,start_thres=1.25",hub,0.25,50,9,40,1730,10,0,30,1730,0.25,0.0,1.0,0.0,7.791488801891154
tfnbs,"e=0.2,h=4.0,n=30,start_thres=1.25",hub,0.25,50,9,40,1730,10,0,30,1730,0.25,0.0,1.0,0.0,7.791488801891154
tfnbs,"e=0.2,h=5.0,n=30,start_thres=1.25",hub,0.25,50,9,40,1730,10,0,30,1730,0.25,0.0,1.0,0.0,7.791488801891154
tfnbs,"e=0.2,h=6.0,n=30,start_thres=1.25",hub,0.25,50,9,40,1730,7,0,33,1730,0.175,0.0,1.0,0.0,7.791488801891154
tfnbs,"e=0.2,h=7.0,n=30,start_thres=1.25",hub,0.25,50,9,40,1730,7,0,33,1730,0.175,0.0,1.0,0.0,7.791488801891154
tfnbs,"e=0.2,h=8.0,n=30,start_thres=1.25",hub,0.25,50,9,40,1730,7,0,33,1730,0.175,0.0,1.0,0.0,7.791488801891154
tfnbs,"e=0.2,h=9.0,n=30,start_thres=1.25",hub,0.25,50,9,40,1730,7,0,33,1730,0.175,0.0,1.0,0.0,7.791488801891154
tfnbs,"e=0.2,h=10.0,n=30,start_thres=1.25",hub,0.25,50,9,40,1730,7,0,33,1730,0.175,0.0,1.0,0.0,7.791488801891154
tfnbs,"e=0.3,h=0.5,n=30,start_thres=1.25",hub,0.25,50,9,40,1730,18,0,22,1730,0.45,0.0,1.0,0.0,7.791488801891154
tfnbs,"e=0.3,h=1.0,n=30,start_thres=1.25",hub,0.25,50,9,40,1730,18,0,22,1730,0.45,0.0,1.0,0.0,7.791488801891154
tfnbs,"e=0.3,h=2.0,n=30,start_thres=1.25",hub,0.25,50,9,40,1730,18,0,22,1730,0.45,0.0,1.0,0.0,7.791488801891154
tfnbs,"e=0.3,h=3.0,n=30,start_thres=1.25",hub,0.25,50,9,40,1730,18,0,22,1730,0.45,0.0,1.0,0.0,7.791488801891154
tfnbs,"e=0.3,h=4.0,n=30,start_thres=1.25",hub,0.25,50,9,40,1730,14,0,26,1730,0.35,0.0,1.0,0.0,7.791488801891154
tfnbs,"e=0.3,h=5.0,n=30,start_thres=1.25",hub,0.25,50,9,40,1730,14,0,26,1730,0.35,0.0,1.0,0.0,7.791488801891154
tfnbs,"e=0.3,h=6.0,n=30,start_thres=1.25",hub,0.25,50,9,40,1730,10,0,30,1730,0.25,0.0,1.0,0.0,7.791488801891154
tfnbs,"e=0.3,h=7.0,n=30,start_thres=1.25",hub,0.25,50,9,40,1730,10,0,30,1730,0.25,0.0,1.0,0.0,7.791488801891154
tfnbs,"e=0.3,h=8.0,n=30,start_thres=1.25",hub,0.25,50,9,40,1730,10,0,30,1730,0.25,0.0,1.0,0.0,7.791488801891154
tfnbs,"e=0.3,h=9.0,n=30,start_thres=1.25",hub,0.25,50,9,40,1730,7,0,33,1730,0.175,0.0,1.0,0.0,7.791488801891154
tfnbs,"e=0.3,h=10.0,n=30,start_thres=1.25",hub,0.25,50,9,40,1730,7,0,33,1730,0.175,0.0,1.0,0.0,7.791488801891154
tfnbs,"e=0.4,h=0.5,n=30,start_thres=1.25",hub,0.25,50,9,40,1730,19,0,21,1730,0.475,0.0,1.0,0.0,7.791488801891154
tfnbs,"e=0.4,h=1.0,n=30,start_thres=1.25",hub,0.25,50,9,40,1730,19,0,21,1730,0.475,0.0,1.0,0.0,7.791488801891154
tfnbs,"e=0.4,h=2.0,n=30,start_thres=1.25",hub,0.25,50,9,40,1730,18,0,22,1730,0.45,0.0,1.0,0.0,7.791488801891154
tfnbs,"e=0.4,h=3.0,n=30,start_thres=1.25",hub,0.25,50,9,40,1730,18,0,22,1730,0.45,0.0,1.0,0.0,7.791488801891154
tfnbs,"e=0.4,h=4.0,n=30,start_thres=1.25",hub,0.25,50,9,40,1730,18,0,22,1730,0.45,0.0,1.0,0.0,7.791488801891154
tfnbs,"e=0.4,h=5.0,n=30,start_thres=1.25",hub,0.25,50,9,40,1730,18,0,22,1730,0.45,0.0,1.0,0.0,7.791488801891154
tfnbs,"e=0.4,h=6.0,n=30,start_thres=1.25",hub,0.25,50,9,40,1730,14,0,26,1730,0.35,0.0,1.0,0.0,7.791488801891154
tfnbs,"e=0.4,h=7.0,n=30,start_thres=1.25",hub,0.25,50,9,40,1730,14,0,26,1730,0.35,0.0,1.0,0.0,7.791488801891154
tfnbs,"e=0.4,h=8.0,n=30,start_thres=1.25",hub,0.25,50,9,40,1730,10,0,30,1730,0.25,0.0,1.0,0.0,7.791488801891154
tfnbs,"e=0.4,h=9.0,n=30,start_thres=1.25",hub,0.25,50,9,40,1730,10,0,30,1730,0.25,0.0,1.0,0.0,7.791488801891154
tfnbs,"e=0.4,h=10.0,n=30,start_thres=1.25",hub,0.25,50,9,40,1730,10,0,30,1730,0.25,0.0,1.0,0.0,7.791488801891154
tfnbs,"e=0.5,h=0.5,n=30,start_thres=1.25",hub,0.25,50,9,40,1730,24,2,16,1728,0.6,0.0011560693641618,0.9230769230769232,0.0769230769230769,7.791488801891154
tfnbs,"e=0.5,h=1.0,n=30,start_thres=1.25",hub,0.25,50,9,40,1730,24,2,16,1728,0.6,0.0011560693641618,0.9230769230769232,0.0769230769230769,7.791488801891154
tfnbs,"e=0.5,h=2.0,n=30,start_thres=1.25",hub,0.25,50,9,40,1730,24,2,16,1728,0.6,0.0011560693641618,0.9230769230769232,0.0769230769230769,7.791488801891154
tfnbs,"e=0.5,h=3.0,n=30,start_thres=1.25",hub,0.25,50,9,40,1730,19,0,21,1730,0.475,0.0,1.0,0.0,7.791488801891154
tfnbs,"e=0.5,h=4.0,n=30,start_thres=1.25",hub,0.25,50,9,40,1730,18,0,22,1730,0.45,0.0,1.0,0.0,7.791488801891154
tfnbs,"e=0.5,h=5.0,n=30,start_thres=1.25",hub,0.25,50,9,40,1730,18,0,22,1730,0.45,0.0,1.0,0.0,7.791488801891154
tfnbs,"e=0.5,h=6.0,n=30,start_thres=1.25",hub,0.25,50,9,40,1730,18,0,22,1730,0.45,0.0,1.0,0.0,7.791488801891154
tfnbs,"e=0.5,h=7.0,n=30,start_thres=1.25",hub,0.25,50,9,40,1730,18,0,22,1730,0.45,0.0,1.0,0.0,7.791488801891154
tfnbs,"e=0.5,h=8.0,n=30,start_thres=1.25",hub,0.25,50,9,40,1730,14,0,26,1730,0.35,0.0,1.0,0.0,7.791488801891154
tfnbs,"e=0.5,h=9.0,n=30,start_thres=1.25",hub,0.25,50,9,40,1730,14,0,26,1730,0.35,0.0,1.0,0.0,7.791488801891154
tfnbs,"e=0.5,h=10.0,n=30,start_thres=1.25",hub,0.25,50,9,40,1730,14,0,26,1730,0.35,0.0,1.0,0.0,7.791488801891154
tfnbs,"e=0.6,h=0.5,n=30,start_thres=1.25",hub,0.25,50,9,40,1730,24,2,16,1728,0.6,0.0011560693641618,0.9230769230769232,0.0769230769230769,7.791488801891154
tfnbs,"e=0.6,h=1.0,n=30,start_thres=1.25",hub,0.25,50,9,40,1730,24,2,16,1728,0.6,0.0011560693641618,0.9230769230769232,0.0769230769230769,7.791488801891154
tfnbs,"e=0.6,h=2.0,n=30,start_thres=1.25",hub,0.25,50,9,40,1730,24,2,16,1728,0.6,0.0011560693641618,0.9230769230769232,0.0769230769230769,7.791488801891154
tfnbs,"e=0.6,h=3.0,n=30,start_thres=1.25",hub,0.25,50,9,40,1730,24,2,16,1728,0.6,0.0011560693641618,0.9230769230769232,0.0769230769230769,7.791488801891154
tfnbs,"e=0.6,h=4.0,n=30,start_thres=1.25",hub,0.25,50,9,40,1730,19,0,21,1730,0.475,0.0,1.0,0.0,7.791488801891154
tfnbs,"e=0.6,h=5.0,n=30,start_thres=1.25",hub,0.25,50,9,40,1730,19,0,21,1730,0.475,0.0,1.0,0.0,7.791488801891154
tfnbs,"e=0.6,h=6.0,n=30,start_thres=1.25",hub,0.25,50,9,40,1730,18,0,22,1730,0.45,0.0,1.0,0.0,7.791488801891154
tfnbs,"e=0.6,h=7.0,n=30,start_thres=1.25",hub,0.25,50,9,40,1730,18,0,22,1730,0.45,0.0,1.0,0.0,7.791488801891154
tfnbs,"e=0.6,h=8.0,n=30,start_thres=1.25",hub,0.25,50,9,40,1730,18,0,22,1730,0.45,0.0,1.0,0.0,7.791488801891154
tfnbs,"e=0.6,h=9.0,n=30,start_thres=1.25",hub,0.25,50,9,40,1730,18,0,22,1730,0.45,0.0,1.0,0.0,7.791488801891154
tfnbs,"e=0.6,h=10.0,n=30,start_thres=1.25",hub,0.25,50,9,40,1730,14,0,26,1730,0.35,0.0,1.0,0.0,7.791488801891154
tfnbs,"e=0.7,h=0.5,n=30,start_thres=1.25",hub,0.25,50,9,40,1730,24,2,16,1728,0.6,0.0011560693641618,0.9230769230769232,0.0769230769230769,7.791488801891154
tfnbs,"e=0.7,h=1.0,n=30,start_thres=1.25",hub,0.25,50,9,40,1730,24,2,16,1728,0.6,0.0011560693641618,0.9230769230769232,0.0769230769230769,7.791488801891154
tfnbs,"e=0.7,h=2.0,n=30,start_thres=1.25",hub,0.25,50,9,40,1730,24,4,16,1726,0.6,0.0023121387283236,0.8571428571428571,0.1428571428571428,7.791488801891154
tfnbs,"e=0.7,h=3.0,n=30,start_thres=1.25",hub,0.25,50,9,40,1730,24,2,16,1728,0.6,0.0011560693641618,0.9230769230769232,0.0769230769230769,7.791488801891154
tfnbs,"e=0.7,h=4.0,n=30,start_thres=1.25",hub,0.25,50,9,40,1730,24,2,16,1728,0.6,0.0011560693641618,0.9230769230769232,0.0769230769230769,7.791488801891154
tfnbs,"e=0.7,h=5.0,n=30,start_thres=1.25",hub,0.25,50,9,40,1730,24,2,16,1728,0.6,0.0011560693641618,0.9230769230769232,0.0769230769230769,7.791488801891154
tfnbs,"e=0.7,h=6.0,n=30,start_thres=1.25",hub,0.25,50,9,40,1730,19,0,21,1730,0.475,0.0,1.0,0.0,7.791488801891154
tfnbs,"e=0.7,h=7.0,n=30,start_thres=1.25",hub,0.25,50,9,40,1730,18,0,22,1730,0.45,0.0,1.0,0.0,7.791488801891154
tfnbs,"e=0.7,h=8.0,n=30,start_thres=1.25",hub,0.25,50,9,40,1730,18,0,22,1730,0.45,0.0,1.0,0.0,7.791488801891154
tfnbs,"e=0.7,h=9.0,n=30,start_thres=1.25",hub,0.25,50,9,40,1730,18,0,22,1730,0.45,0.0,1.0,0.0,7.791488801891154
tfnbs,"e=0.7,h=10.0,n=30,start_thres=1.25",hub,0.25,50,9,40,1730,18,0,22,1730,0.45,0.0,1.0,0.0,7.791488801891154
tfnbs,"e=0.8,h=0.5,n=30,start_thres=1.25",hub,0.25,50,9,40,1730,24,4,16,1726,0.6,0.0023121387283236,0.8571428571428571,0.1428571428571428,7.791488801891154
tfnbs,"e=0.8,h=1.0,n=30,start_thres=1.25",hub,0.25,50,9,40,1730,24,4,16,1726,0.6,0.0023121387283236,0.8571428571428571,0.1428571428571428,7.791488801891154
tfnbs,"e=0.8,h=2.0,n=30,start_thres=1.25",hub,0.25,50,9,40,1730,24,4,16,1726,0.6,0.0023121387283236,0.8571428571428571,0.1428571428571428,7.791488801891154
tfnbs,"e=0.8,h=3.0,n=30,start_thres=1.25",hub,0.25,50,9,40,1730,24,4,16,1726,0.6,0.0023121387283236,0.8571428571428571,0.1428571428571428,7.791488801891154
tfnbs,"e=0.8,h=4.0,n=30,start_thres=1.25",hub,0.25,50,9,40,1730,24,4,16,1726,0.6,0.0023121387283236,0.8571428571428571,0.1428571428571428,7.791488801891154
tfnbs,"e=0.8,h=5.0,n=30,start_thres=1.25",hub,0.25,50,9,40,1730,24,2,16,1728,0.6,0.0011560693641618,0.9230769230769232,0.0769230769230769,7.791488801891154
tfnbs,"e=0.8,h=6.0,n=30,start_thres=1.25",hub,0.25,50,9,40,1730,24,2,16,1728,0.6,0.0011560693641618,0.9230769230769232,0.0769230769230769,7.791488801891154
tfnbs,"e=0.8,h=7.0,n=30,start_thres=1.25",hub,0.25,50,9,40,1730,19,0,21,1730,0.475,0.0,1.0,0.0,7.791488801891154
tfnbs,"e=0.8,h=8.0,n=30,start_thres=1.25",hub,0.25,50,9,40,1730,19,0,21,1730,0.475,0.0,1.0,0.0,7.791488801891154
tfnbs,"e=0.8,h=9.0,n=30,start_thres=1.25",hub,0.25,50,9,40,1730,18,0,22,1730,0.45,0.0,1.0,0.0,7.791488801891154
tfnbs,"e=0.8,h=10.0,n=30,start_thres=1.25",hub,0.25,50,9,40,1730,18,0,22,1730,0.45,0.0,1.0,0.0,7.791488801891154
tfnbs,"e=0.9,h=0.5,n=30,start_thres=1.25",hub,0.25,50,9,40,1730,24,4,16,1726,0.6,0.0023121387283236,0.8571428571428571,0.1428571428571428,7.791488801891154
tfnbs,"e=0.9,h=1.0,n=30,start_thres=1.25",hub,0.25,50,9,40,1730,24,4,16,1726,0.6,0.0023121387283236,0.8571428571428571,0.1428571428571428,7.791488801891154
tfnbs,"e=0.9,h=2.0,n=30,start_thres=1.25",hub,0.25,50,9,40,1730,24,4,16,1726,0.6,0.0023121387283236,0.8571428571428571,0.1428571428571428,7.791488801891154
tfnbs,"e=0.9,h=3.0,n=30,start_thres=1.25",hub,0.25,50,9,40,1730,24,4,16,1726,0.6,0.0023121387283236,0.8571428571428571,0.1428571428571428,7.791488801891154
tfnbs,"e=0.9,h=4.0,n=30,start_thres=1.25",hub,0.25,50,9,40,1730,24,4,16,1726,0.6,0.0023121387283236,0.8571428571428571,0.1428571428571428,7.791488801891154
tfnbs,"e=0.9,h=5.0,n=30,start_thres=1.25",hub,0.25,50,9,40,1730,24,4,16,1726,0.6,0.0023121387283236,0.8571428571428571,0.1428571428571428,7.791488801891154
tfnbs,"e=0.9,h=6.0,n=30,start_thres=1.25",hub,0.25,50,9,40,1730,24,2,16,1728,0.6,0.0011560693641618,0.9230769230769232,0.0769230769230769,7.791488801891154
tfnbs,"e=0.9,h=7.0,n=30,start_thres=1.25",hub,0.25,50,9,40,1730,24,2,16,1728,0.6,0.0011560693641618,0.9230769230769232,0.0769230769230769,7.791488801891154
tfnbs,"e=0.9,h=8.0,n=30,start_thres=1.25",hub,0.25,50,9,40,1730,19,0,21,1730,0.475,0.0,1.0,0.0,7.791488801891154
tfnbs,"e=0.9,h=9.0,n=30,start_thres=1.25",hub,0.25,50,9,40,1730,19,0,21,1730,0.475,0.0,1.0,0.0,7.791488801891154
tfnbs,"e=0.9,h=10.0,n=30,start_thres=1.25",hub,0.25,50,9,40,1730,18,0,22,1730,0.45,0.0,1.0,0.0,7.791488801891154
tfnbs,"e=1.0,h=0.5,n=30,start_thres=1.25",hub,0.25,50,9,40,1730,24,2,16,1728,0.6,0.0011560693641618,0.9230769230769232,0.0769230769230769,7.791488801891154
tfnbs,"e=1.0,h=1.0,n=30,start_thres=1.25",hub,0.25,50,9,40,1730,24,4,16,1726,0.6,0.0023121387283236,0.8571428571428571,0.1428571428571428,7.791488801891154
tfnbs,"e=1.0,h=2.0,n=30,start_thres=1.25",hub,0.25,50,9,40,1730,24,4,16,1726,0.6,0.0023121387283236,0.8571428571428571,0.1428571428571428,7.791488801891154
tfnbs,"e=1.0,h=3.0,n=30,start_thres=1.25",hub,0.25,50,9,40,1730,24,4,16,1726,0.6,0.0023121387283236,0.8571428571428571,0.1428571428571428,7.791488801891154
tfnbs,"e=1.0,h=4.0,n=30,start_thres=1.25",hub,0.25,50,9,40,1730,24,4,16,1726,0.6,0.0023121387283236,0.8571428571428571,0.1428571428571428,7.791488801891154
tfnbs,"e=1.0,h=5.0,n=30,start_thres=1.25",hub,0.25,50,9,40,1730,24,4,16,1726,0.6,0.0023121387283236,0.8571428571428571,0.1428571428571428,7.791488801891154
tfnbs,"e=1.0,h=6.0,n=30,start_thres=1.25",hub,0.25,50,9,40,1730,24,4,16,1726,0.6,0.0023121387283236,0.8571428571428571,0.1428571428571428,7.791488801891154
tfnbs,"e=1.0,h=7.0,n=30,start_thres=1.25",hub,0.25,50,9,40,1730,24,2,16,1728,0.6,0.0011560693641618,0.9230769230769232,0.0769230769230769,7.791488801891154
tfnbs,"e=1.0,h=8.0,n=30,start_thres=1.25",hub,0.25,50,9,40,1730,24,2,16,1728,0.6,0.0011560693641618,0.9230769230769232,0.0769230769230769,7.791488801891154
tfnbs,"e=1.0,h=9.0,n=30,start_thres=1.25",hub,0.25,50,9,40,1730,24,2,16,1728,0.6,0.0011560693641618,0.9230769230769232,0.0769230769230769,7.791488801891154
tfnbs,"e=1.0,h=10.0,n=30,start_thres=1.25",hub,0.25,50,9,40,1730,19,0,21,1730,0.475,0.0,1.0,0.0,7.791488801891154
tfnbs,"e=1.1,h=0.5,n=30,start_thres=1.25",hub,0.25,50,9,40,1730,24,2,16,1728,0.6,0.0011560693641618,0.9230769230769232,0.0769230769230769,7.791488801891154
tfnbs,"e=1.1,h=1.0,n=30,start_thres=1.25",hub,0.25,50,9,40,1730,24,4,16,1726,0.6,0.0023121387283236,0.8571428571428571,0.1428571428571428,7.791488801891154
tfnbs,"e=1.1,h=2.0,n=30,start_thres=1.25",hub,0.25,50,9,40,1730,24,4,16,1726,0.6,0.0023121387283236,0.8571428571428571,0.1428571428571428,7.791488801891154
tfnbs,"e=1.1,h=3.0,n=30,start_thres=1.25",hub,0.25,50,9,40,1730,24,4,16,1726,0.6,0.0023121387283236,0.8571428571428571,0.1428571428571428,7.791488801891154
tfnbs,"e=1.1,h=4.0,n=30,start_thres=1.25",hub,0.25,50,9,40,1730,24,4,16,1726,0.6,0.0023121387283236,0.8571428571428571,0.1428571428571428,7.791488801891154
tfnbs,"e=1.1,h=5.0,n=30,start_thres=1.25",hub,0.25,50,9,40,1730,25,4,15,1726,0.625,0.0023121387283236,0.8620689655172413,0.1379310344827586,7.791488801891154
tfnbs,"e=1.1,h=6.0,n=30,start_thres=1.25",hub,0.25,50,9,40,1730,24,4,16,1726,0.6,0.0023121387283236,0.8571428571428571,0.1428571428571428,7.791488801891154
tfnbs,"e=1.1,h=7.0,n=30,start_thres=1.25",hub,0.25,50,9,40,1730,24,4,16,1726,0.6,0.0023121387283236,0.8571428571428571,0.1428571428571428,7.791488801891154
tfnbs,"e=1.1,h=8.0,n=30,start_thres=1.25",hub,0.25,50,9,40,1730,24,2,16,1728,0.6,0.0011560693641618,0.9230769230769232,0.0769230769230769,7.791488801891154
tfnbs,"e=1.1,h=9.0,n=30,start_thres=1.25",hub,0.25,50,9,40,1730,24,2,16,1728,0.6,0.0011560693641618,0.9230769230769232,0.0769230769230769,7.791488801891154
tfnbs,"e=1.1,h=10.0,n=30,start_thres=1.25",hub,0.25,50,9,40,1730,24,2,16,1728,0.6,0.0011560693641618,0.9230769230769232,0.0769230769230769,7.791488801891154
tfnbs,"e=1.2,h=0.5,n=30,start_thres=1.25",hub,0.25,50,9,40,1730,24,2,16,1728,0.6,0.0011560693641618,0.9230769230769232,0.0769230769230769,7.791488801891154
tfnbs,"e=1.2,h=1.0,n=30,start_thres=1.25",hub,0.25,50,9,40,1730,24,2,16,1728,0.6,0.0011560693641618,0.9230769230769232,0.0769230769230769,7.791488801891154
tfnbs,"e=1.2,h=2.0,n=30,start_thres=1.25",hub,0.25,50,9,40,1730,24,4,16,1726,0.6,0.0023121387283236,0.8571428571428571,0.1428571428571428,7.791488801891154
tfnbs,"e=1.2,h=3.0,n=30,start_thres=1.25",hub,0.25,50,9,40,1730,24,4,16,1726,0.6,0.0023121387283236,0.8571428571428571,0.1428571428571428,7.791488801891154
tfnbs,"e=1.2,h=4.0,n=30,start_thres=1.25",hub,0.25,50,9,40,1730,25,4,15,1726,0.625,0.0023121387283236,0.8620689655172413,0.1379310344827586,7.791488801891154
tfnbs,"e=1.2,h=5.0,n=30,start_thres=1.25",hub,0.25,50,9,40,1730,25,4,15,1726,0.625,0.0023121387283236,0.8620689655172413,0.1379310344827586,7.791488801891154
tfnbs,"e=1.2,h=6.0,n=30,start_thres=1.25",hub,0.25,50,9,40,1730,25,4,15,1726,0.625,0.0023121387283236,0.8620689655172413,0.1379310344827586,7.791488801891154
tfnbs,"e=1.2,h=7.0,n=30,start_thres=1.25",hub,0.25,50,9,40,1730,24,4,16,1726,0.6,0.0023121387283236,0.8571428571428571,0.1428571428571428,7.791488801891154
tfnbs,"e=1.2,h=8.0,n=30,start_thres=1.25",hub,0.25,50,9,40,1730,24,4,16,1726,0.6,0.0023121387283236,0.8571428571428571,0.1428571428571428,7.791488801891154
tfnbs,"e=1.2,h=9.0,n=30,start_thres=1.25",hub,0.25,50,9,40,1730,24,2,16,1728,0.6,0.0011560693641618,0.9230769230769232,0.0769230769230769,7.791488801891154
tfnbs,"e=1.2,h=10.0,n=30,start_thres=1.25",hub,0.25,50,9,40,1730,24,2,16,1728,0.6,0.0011560693641618,0.9230769230769232,0.0769230769230769,7.791488801891154
tfnbs,"e=1.3,h=0.5,n=30,start_thres=1.25",hub,0.25,50,9,40,1730,19,0,21,1730,0.475,0.0,1.0,0.0,7.791488801891154
tfnbs,"e=1.3,h=1.0,n=30,start_thres=1.25",hub,0.25,50,9,40,1730,24,2,16,1728,0.6,0.0011560693641618,0.9230769230769232,0.0769230769230769,7.791488801891154
tfnbs,"e=1.3,h=2.0,n=30,start_thres=1.25",hub,0.25,50,9,40,1730,24,4,16,1726,0.6,0.0023121387283236,0.8571428571428571,0.1428571428571428,7.791488801891154
tfnbs,"e=1.3,h=3.0,n=30,start_thres=1.25",hub,0.25,50,9,40,1730,25,4,15,1726,0.625,0.0023121387283236,0.8620689655172413,0.1379310344827586,7.791488801891154
tfnbs,"e=1.3,h=4.0,n=30,start_thres=1.25",hub,0.25,50,9,40,1730,25,4,15,1726,0.625,0.0023121387283236,0.8620689655172413,0.1379310344827586,7.791488801891154
tfnbs,"e=1.3,h=5.0,n=30,start_thres=1.25",hub,0.25,50,9,40,1730,25,4,15,1726,0.625,0.0023121387283236,0.8620689655172413,0.1379310344827586,7.791488801891154
tfnbs,"e=1.3,h=6.0,n=30,start_thres=1.25",hub,0.25,50,9,40,1730,25,4,15,1726,0.625,0.0023121387283236,0.8620689655172413,0.1379310344827586,7.791488801891154
tfnbs,"e=1.3,h=7.0,n=30,start_thres=1.25",hub,0.25,50,9,40,1730,25,4,15,1726,0.625,0.0023121387283236,0.8620689655172413,0.1379310344827586,7.791488801891154
tfnbs,"e=1.3,h=8.0,n=30,start_thres=1.25",hub,0.25,50,9,40,1730,24,4,16,1726,0.6,0.0023121387283236,0.8571428571428571,0.1428571428571428,7.791488801891154
tfnbs,"e=1.3,h=9.0,n=30,start_thres=1.25",hub,0.25,50,9,40,1730,24,4,16,1726,0.6,0.0023121387283236,0.8571428571428571,0.1428571428571428,7.791488801891154
tfnbs,"e=1.3,h=10.0,n=30,start_thres=1.25",hub,0.25,50,9,40,1730,24,4,16,1726,0.6,0.0023121387283236,0.8571428571428571,0.1428571428571428,7.791488801891154
tfnbs,"e=1.4,h=0.5,n=30,start_thres=1.25",hub,0.25,50,9,40,1730,18,0,22,1730,0.45,0.0,1.0,0.0,7.791488801891154
tfnbs,"e=1.4,h=1.0,n=30,start_thres=1.25",hub,0.25,50,9,40,1730,24,2,16,1728,0.6,0.0011560693641618,0.9230769230769232,0.0769230769230769,7.791488801891154
tfnbs,"e=1.4,h=2.0,n=30,start_thres=1.25",hub,0.25,50,9,40,1730,24,4,16,1726,0.6,0.0023121387283236,0.8571428571428571,0.1428571428571428,7.791488801891154
tfnbs,"e=1.4,h=3.0,n=30,start_thres=1.25",hub,0.25,50,9,40,1730,25,4,15,1726,0.625,0.0023121387283236,0.8620689655172413,0.1379310344827586,7.791488801891154
tfnbs,"e=1.4,h=4.0,n=30,start_thres=1.25",hub,0.25,50,9,40,1730,25,4,15,1726,0.625,0.0023121387283236,0.8620689655172413,0.1379310344827586,7.791488801891154
tfnbs,"e=1.4,h=5.0,n=30,start_thres=1.25",hub,0.25,50,9,40,1730,25,4,15,1726,0.625,0.0023121387283236,0.8620689655172413,0.1379310344827586,7.791488801891154
tfnbs,"e=1.4,h=6.0,n=30,start_thres=1.25",hub,0.25,50,9,40,1730,25,4,15,1726,0.625,0.0023121387283236,0.8620689655172413,0.1379310344827586,7.791488801891154
tfnbs,"e=1.4,h=7.0,n=30,start_thres=1.25",hub,0.25,50,9,40,1730,25,4,15,1726,0.625,0.0023121387283236,0.8620689655172413,0.1379310344827586,7.791488801891154
tfnbs,"e=1.4,h=8.0,n=30,start_thres=1.25",hub,0.25,50,9,40,1730,25,4,15,1726,0.625,0.0023121387283236,0.8620689655172413,0.1379310344827586,7.791488801891154
tfnbs,"e=1.4,h=9.0,n=30,start_thres=1.25",hub,0.25,50,9,40,1730,24,4,16,1726,0.6,0.0023121387283236,0.8571428571428571,0.1428571428571428,7.791488801891154
tfnbs,"e=1.4,h=10.0,n=30,start_thres=1.25",hub,0.25,50,9,40,1730,24,4,16,1726,0.6,0.0023121387283236,0.8571428571428571,0.1428571428571428,7.791488801891154
tfnbs,"e=1.5,h=0.5,n=30,start_thres=1.25",hub,0.25,50,9,40,1730,18,0,22,1730,0.45,0.0,1.0,0.0,7.791488801891154
tfnbs,"e=1.5,h=1.0,n=30,start_thres=1.25",hub,0.25,50,9,40,1730,19,0,21,1730,0.475,0.0,1.0,0.0,7.791488801891154
tfnbs,"e=1.5,h=2.0,n=30,start_thres=1.25",hub,0.25,50,9,40,1730,24,4,16,1726,0.6,0.0023121387283236,0.8571428571428571,0.1428571428571428,7.791488801891154
tfnbs,"e=1.5,h=3.0,n=30,start_thres=1.25",hub,0.25,50,9,40,1730,24,4,16,1726,0.6,0.0023121387283236,0.8571428571428571,0.1428571428571428,7.791488801891154
tfnbs,"e=1.5,h=4.0,n=30,start_thres=1.25",hub,0.25,50,9,40,1730,25,4,15,1726,0.625,0.0023121387283236,0.8620689655172413,0.1379310344827586,7.791488801891154
tfnbs,"e=1.5,h=5.0,n=30,start_thres=1.25",hub,0.25,50,9,40,1730,25,4,15,1726,0.625,0.0023121387283236,0.8620689655172413,0.1379310344827586,7.791488801891154
tfnbs,"e=1.5,h=6.0,n=30,start_thres=1.25",hub,0.25,50,9,40,1730,25,4,15,1726,0.625,0.0023121387283236,0.8620689655172413,0.1379310344827586,7.791488801891154
tfnbs,"e=1.5,h=7.0,n=30,start_thres=1.25",hub,0.25,50,9,40,1730,25,4,15,1726,0.625,0.0023121387283236,0.8620689655172413,0.1379310344827586,7.791488801891154
tfnbs,"e=1.5,h=8.0,n=30,start_thres=1.25",hub,0.25,50,9,40,1730,25,4,15,1726,0.625,0.0023121387283236,0.8620689655172413,0.1379310344827586,7.791488801891154
tfnbs,"e=1.5,h=9.0,n=30,start_thres=1.25",hub,0.25,50,9,40,1730,25,4,15,1726,0.625,0.0023121387283236,0.8620689655172413,0.1379310344827586,7.791488801891154
tfnbs,"e=1.5,h=10.0,n=30,start_thres=1.25",hub,0.25,50,9,40,1730,24,4,16,1726,0.6,0.0023121387283236,0.8571428571428571,0.1428571428571428,7.791488801891154
nbs_intensity,threshold=2.0,hub,0.25,50,18,40,1730,36,36,4,1694,0.9,0.0208092485549132,0.5,0.5,8.880157470703125
nbs_intensity,threshold=2.0,hub,0.25,50,23,40,1730,38,62,2,1668,0.95,0.0358381502890173,0.38,0.62,7.630704641342163
nbs_intensity,threshold=2.0,hub,0.25,50,22,40,1730,0,0,40,1730,0.0,0.0,0.0,0.0,8.145955801010132
nbs_intensity,threshold=2.0,hub,0.25,50,21,40,1730,35,28,5,1702,0.875,0.0161849710982658,0.5555555555555556,0.4444444444444444,8.366822481155396
nbs_intensity,threshold=2.0,hub,0.25,50,24,40,1730,0,0,40,1730,0.0,0.0,0.0,0.0,8.135101556777954
nbs_intensity,threshold=2.0,hub,0.25,50,25,40,1730,33,35,7,1695,0.825,0.0202312138728323,0.4852941176470588,0.5147058823529411,8.187343835830688
nbs_intensity,threshold=2.0,hub,0.25,50,27,40,1730,39,58,1,1672,0.975,0.0335260115606936,0.4020618556701031,0.5979381443298969,7.931305170059204
nbs_intensity,threshold=2.0,hub,0.25,50,26,40,1730,35,39,5,1691,0.875,0.022543352601156,0.4729729729729729,0.527027027027027,8.490416288375854
nbs_intensity,threshold=2.0,hub,0.25,50,28,40,1730,40,30,0,1700,1.0,0.0173410404624277,0.5714285714285714,0.4285714285714285,8.151024341583252
nbs_intensity,threshold=2.0,hub,0.25,50,29,40,1730,38,22,2,1708,0.95,0.0127167630057803,0.6333333333333333,0.3666666666666666,8.052356004714966
nbs_intensity,threshold=2.5,hub,0.25,50,0,40,1730,34,29,6,1701,0.85,0.0167630057803468,0.5396825396825397,0.4603174603174603,8.2949059009552
nbs_intensity,threshold=2.5,hub,0.25,50,1,40,1730,34,27,6,1703,0.85,0.0156069364161849,0.5573770491803278,0.4426229508196721,8.013335227966309
nbs_intensity,threshold=2.5,hub,0.25,50,2,40,1730,31,5,9,1725,0.775,0.0028901734104046,0.8611111111111112,0.1388888888888889,8.250219583511353
nbs_intensity,threshold=2.5,hub,0.25,50,5,40,1730,38,13,2,1717,0.95,0.007514450867052,0.7450980392156863,0.2549019607843137,8.014610528945923
nbs_intensity,threshold=2.5,hub,0.25,50,3,40,1730,27,6,13,1724,0.675,0.0034682080924855,0.8181818181818182,0.1818181818181818,8.365009784698486
nbs_intensity,threshold=2.5,hub,0.25,50,4,40,1730,27,2,13,1728,0.675,0.0011560693641618,0.9310344827586208,0.0689655172413793,8.391427278518677
nbs_intensity,threshold=2.5,hub,0.25,50,6,40,1730,35,11,5,1719,0.875,0.0063583815028901,0.7608695652173914,0.2391304347826087,8.252357244491577
nbs_intensity,threshold=2.5,hub,0.25,50,7,40,1730,33,4,7,1726,0.825,0.0023121387283236,0.8918918918918919,0.1081081081081081,8.327415704727173
nbs_intensity,threshold=2.5,hub,0.25,50,8,40,1730,30,3,10,1727,0.75,0.0017341040462427,0.9090909090909092,0.0909090909090909,8.289529085159302
nbs_intensity,threshold=2.5,hub,0.25,50,9,40,1730,27,5,13,1725,0.675,0.0028901734104046,0.84375,0.15625,8.21154260635376
tfnbs,"e=0.05,h=0.5,n=30,start_thres=1.25",hub,0.25,50,29,40,1730,13,0,27,1730,0.325,0.0,1.0,0.0,7.637949145653031
tfnbs,"e=0.05,h=1.0,n=30,start_thres=1.25",hub,0.25,50,29,40,1730,13,0,27,1730,0.325,0.0,1.0,0.0,7.637949145653031
tfnbs,"e=0.05,h=2.0,n=30,start_thres=1.25",hub,0.25,50,29,40,1730,13,0,27,1730,0.325,0.0,1.0,0.0,7.637949145653031
tfnbs,"e=0.05,h=3.0,n=30,start_thres=1.25",hub,0.25,50,29,40,1730,13,0,27,1730,0.325,0.0,1.0,0.0,7.637949145653031
tfnbs,"e=0.05,h=4.0,n=30,start_thres=1.25",hub,0.25,50,29,40,1730,12,0,28,1730,0.3,0.0,1.0,0.0,7.637949145653031
tfnbs,"e=0.05,h=5.0,n=30,start_thres=1.25",hub,0.25,50,29,40,1730,12,0,28,1730,0.3,0.0,1.0,0.0,7.637949145653031
tfnbs,"e=0.05,h=6.0,n=30,start_thres=1.25",hub,0.25,50,29,40,1730,12,0,28,1730,0.3,0.0,1.0,0.0,7.637949145653031
tfnbs,"e=0.05,h=7.0,n=30,start_thres=1.25",hub,0.25,50,29,40,1730,12,0,28,1730,0.3,0.0,1.0,0.0,7.637949145653031
tfnbs,"e=0.05,h=8.0,n=30,start_thres=1.25",hub,0.25,50,29,40,1730,12,0,28,1730,0.3,0.0,1.0,0.0,7.637949145653031
tfnbs,"e=0.05,h=9.0,n=30,start_thres=1.25",hub,0.25,50,29,40,1730,12,0,28,1730,0.3,0.0,1.0,0.0,7.637949145653031
tfnbs,"e=0.05,h=10.0,n=30,start_thres=1.25",hub,0.25,50,29,40,1730,12,0,28,1730,0.3,0.0,1.0,0.0,7.637949145653031
tfnbs,"e=0.1,h=0.5,n=30,start_thres=1.25",hub,0.25,50,29,40,1730,18,0,22,1730,0.45,0.0,1.0,0.0,7.637949145653031
tfnbs,"e=0.1,h=1.0,n=30,start_thres=1.25",hub,0.25,50,29,40,1730,18,0,22,1730,0.45,0.0,1.0,0.0,7.637949145653031
tfnbs,"e=0.1,h=2.0,n=30,start_thres=1.25",hub,0.25,50,29,40,1730,18,0,22,1730,0.45,0.0,1.0,0.0,7.637949145653031
tfnbs,"e=0.1,h=3.0,n=30,start_thres=1.25",hub,0.25,50,29,40,1730,13,0,27,1730,0.325,0.0,1.0,0.0,7.637949145653031
tfnbs,"e=0.1,h=4.0,n=30,start_thres=1.25",hub,0.25,50,29,40,1730,13,0,27,1730,0.325,0.0,1.0,0.0,7.637949145653031
tfnbs,"e=0.1,h=5.0,n=30,start_thres=1.25",hub,0.25,50,29,40,1730,13,0,27,1730,0.325,0.0,1.0,0.0,7.637949145653031
tfnbs,"e=0.1,h=6.0,n=30,start_thres=1.25",hub,0.25,50,29,40,1730,13,0,27,1730,0.325,0.0,1.0,0.0,7.637949145653031
tfnbs,"e=0.1,h=7.0,n=30,start_thres=1.25",hub,0.25,50,29,40,1730,13,0,27,1730,0.325,0.0,1.0,0.0,7.637949145653031
tfnbs,"e=0.1,h=8.0,n=30,start_thres=1.25",hub,0.25,50,29,40,1730,13,0,27,1730,0.325,0.0,1.0,0.0,7.637949145653031
tfnbs,"e=0.1,h=9.0,n=30,start_thres=1.25",hub,0.25,50,29,40,1730,12,0,28,1730,0.3,0.0,1.0,0.0,7.637949145653031
tfnbs,"e=0.1,h=10.0,n=30,start_thres=1.25",hub,0.25,50,29,40,1730,12,0,28,1730,0.3,0.0,1.0,0.0,7.637949145653031
tfnbs,"e=0.2,h=0.5,n=30,start_thres=1.25",hub,0.25,50,29,40,1730,24,0,16,1730,0.6,0.0,1.0,0.0,7.637949145653031
tfnbs,"e=0.2,h=1.0,n=30,start_thres=1.25",hub,0.25,50,29,40,1730,24,0,16,1730,0.6,0.0,1.0,0.0,7.637949145653031
tfnbs,"e=0.2,h=2.0,n=30,start_thres=1.25",hub,0.25,50,29,40,1730,22,0,18,1730,0.55,0.0,1.0,0.0,7.637949145653031
tfnbs,"e=0.2,h=3.0,n=30,start_thres=1.25",hub,0.25,50,29,40,1730,22,0,18,1730,0.55,0.0,1.0,0.0,7.637949145653031
tfnbs,"e=0.2,h=4.0,n=30,start_thres=1.25",hub,0.25,50,29,40,1730,18,0,22,1730,0.45,0.0,1.0,0.0,7.637949145653031
tfnbs,"e=0.2,h=5.0,n=30,start_thres=1.25",hub,0.25,50,29,40,1730,18,0,22,1730,0.45,0.0,1.0,0.0,7.637949145653031
tfnbs,"e=0.2,h=6.0,n=30,start_thres=1.25",hub,0.25,50,29,40,1730,18,0,22,1730,0.45,0.0,1.0,0.0,7.637949145653031
tfnbs,"e=0.2,h=7.0,n=30,start_thres=1.25",hub,0.25,50,29,40,1730,13,0,27,1730,0.325,0.0,1.0,0.0,7.637949145653031
tfnbs,"e=0.2,h=8.0,n=30,start_thres=1.25",hub,0.25,50,29,40,1730,13,0,27,1730,0.325,0.0,1.0,0.0,7.637949145653031
tfnbs,"e=0.2,h=9.0,n=30,start_thres=1.25",hub,0.25,50,29,40,1730,13,0,27,1730,0.325,0.0,1.0,0.0,7.637949145653031
tfnbs,"e=0.2,h=10.0,n=30,start_thres=1.25",hub,0.25,50,29,40,1730,13,0,27,1730,0.325,0.0,1.0,0.0,7.637949145653031
tfnbs,"e=0.3,h=0.5,n=30,start_thres=1.25",hub,0.25,50,29,40,1730,27,1,13,1729,0.675,0.0005780346820809,0.9642857142857144,0.0357142857142857,7.637949145653031
tfnbs,"e=0.3,h=1.0,n=30,start_thres=1.25",hub,0.25,50,29,40,1730,27,1,13,1729,0.675,0.0005780346820809,0.9642857142857144,0.0357142857142857,7.637949145653031
tfnbs,"e=0.3,h=2.0,n=30,start_thres=1.25",hub,0.25,50,29,40,1730,27,1,13,1729,0.675,0.0005780346820809,0.9642857142857144,0.0357142857142857,7.637949145653031
tfnbs,"e=0.3,h=3.0,n=30,start_thres=1.25",hub,0.25,50,29,40,1730,24,0,16,1730,0.6,0.0,1.0,0.0,7.637949145653031
tfnbs,"e=0.3,h=4.0,n=30,start_thres=1.25",hub,0.25,50,29,40,1730,24,0,16,1730,0.6,0.0,1.0,0.0,7.637949145653031
tfnbs,"e=0.3,h=5.0,n=30,start_thres=1.25",hub,0.25,50,29,40,1730,22,0,18,1730,0.55,0.0,1.0,0.0,7.637949145653031
tfnbs,"e=0.3,h=6.0,n=30,start_thres=1.25",hub,0.25,50,29,40,1730,22,0,18,1730,0.55,0.0,1.0,0.0,7.637949145653031
tfnbs,"e=0.3,h=7.0,n=30,start_thres=1.25",hub,0.25,50,29,40,1730,18,0,22,1730,0.45,0.0,1.0,0.0,7.637949145653031
tfnbs,"e=0.3,h=8.0,n=30,start_thres=1.25",hub,0.25,50,29,40,1730,18,0,22,1730,0.45,0.0,1.0,0.0,7.637949145653031
tfnbs,"e=0.3,h=9.0,n=30,start_thres=1.25",hub,0.25,50,29,40,1730,18,0,22,1730,0.45,0.0,1.0,0.0,7.637949145653031
tfnbs,"e=0.3,h=10.0,n=30,start_thres=1.25",hub,0.25,50,29,40,1730,18,0,22,1730,0.45,0.0,1.0,0.0,7.637949145653031
tfnbs,"e=0.4,h=0.5,n=30,start_thres=1.25",hub,0.25,50,29,40,1730,28,1,12,1729,0.7,0.0005780346820809,0.9655172413793104,0.0344827586206896,7.637949145653031
tfnbs,"e=0.4,h=1.0,n=30,start_thres=1.25",hub,0.25,50,29,40,1730,28,1,12,1729,0.7,0.0005780346820809,0.9655172413793104,0.0344827586206896,7.637949145653031
tfnbs,"e=0.4,h=2.0,n=30,start_thres=1.25",hub,0.25,50,29,40,1730,28,1,12,1729,0.7,0.0005780346820809,0.9655172413793104,0.0344827586206896,7.637949145653031
tfnbs,"e=0.4,h=3.0,n=30,start_thres=1.25",hub,0.25,50,29,40,1730,27,1,13,1729,0.675,0.0005780346820809,0.9642857142857144,0.0357142857142857,7.637949145653031
tfnbs,"e=0.4,h=4.0,n=30,start_thres=1.25",hub,0.25,50,29,40,1730,27,1,13,1729,0.675,0.0005780346820809,0.9642857142857144,0.0357142857142857,7.637949145653031
tfnbs,"e=0.4,h=5.0,n=30,start_thres=1.25",hub,0.25,50,29,40,1730,24,0,16,1730,0.6,0.0,1.0,0.0,7.637949145653031
tfnbs,"e=0.4,h=6.0,n=30,start_thres=1.25",hub,0.25,50,29,40,1730,24,0,16,1730,0.6,0.0,1.0,0.0,7.637949145653031
tfnbs,"e=0.4,h=7.0,n=30,start_thres=1.25",hub,0.25,50,29,40,1730,22,0,18,1730,0.55,0.0,1.0,0.0,7.637949145653031
tfnbs,"e=0.4,h=8.0,n=30,start_thres=1.25",hub,0.25,50,29,40,1730,22,0,18,1730,0.55,0.0,1.0,0.0,7.637949145653031
tfnbs,"e=0.4,h=9.0,n=30,start_thres=1.25",hub,0.25,50,29,40,1730,22,0,18,1730,0.55,0.0,1.0,0.0,7.637949145653031
tfnbs,"e=0.4,h=10.0,n=30,start_thres=1.25",hub,0.25,50,29,40,1730,18,0,22,1730,0.45,0.0,1.0,0.0,7.637949145653031
tfnbs,"e=0.5,h=0.5,n=30,start_thres=1.25",hub,0.25,50,29,40,1730,31,1,9,1729,0.775,0.0005780346820809,0.96875,0.03125,7.637949145653031
tfnbs,"e=0.5,h=1.0,n=30,start_thres=1.25",hub,0.25,50,29,40,1730,28,1,12,1729,0.7,0.0005780346820809,0.9655172413793104,0.0344827586206896,7.637949145653031
tfnbs,"e=0.5,h=2.0,n=30,start_thres=1.25",hub,0.25,50,29,40,1730,28,1,12,1729,0.7,0.0005780346820809,0.9655172413793104,0.0344827586206896,7.637949145653031
tfnbs,"e=0.5,h=3.0,n=30,start_thres=1.25",hub,0.25,50,29,40,1730,28,1,12,1729,0.7,0.0005780346820809,0.9655172413793104,0.0344827586206896,7.637949145653031
tfnbs,"e=0.5,h=4.0,n=30,start_thres=1.25",hub,0.25,50,29,40,1730,27,1,13,1729,0.675,0.0005780346820809,0.9642857142857144,0.0357142857142857,7.637949145653031
tfnbs,"e=0.5,h=5.0,n=30,start_thres=1.25",hub,0.25,50,29,40,1730,27,1,13,1729,0.675,0.0005780346820809,0.9642857142857144,0.0357142857142857,7.637949145653031
tfnbs,"e=0.5,h=6.0,n=30,start_thres=1.25",hub,0.25,50,29,40,1730,24,0,16,1730,0.6,0.0,1.0,0.0,7.637949145653031
tfnbs,"e=0.5,h=7.0,n=30,start_thres=1.25",hub,0.25,50,29,40,1730,24,0,16,1730,0.6,0.0,1.0,0.0,7.637949145653031
tfnbs,"e=0.5,h=8.0,n=30,start_thres=1.25",hub,0.25,50,29,40,1730,24,0,16,1730,0.6,0.0,1.0,0.0,7.637949145653031
tfnbs,"e=0.5,h=9.0,n=30,start_thres=1.25",hub,0.25,50,29,40,1730,22,0,18,1730,0.55,0.0,1.0,0.0,7.637949145653031
tfnbs,"e=0.5,h=10.0,n=30,start_thres=1.25",hub,0.25,50,29,40,1730,22,0,18,1730,0.55,0.0,1.0,0.0,7.637949145653031
tfnbs,"e=0.6,h=0.5,n=30,start_thres=1.25",hub,0.25,50,29,40,1730,31,1,9,1729,0.775,0.0005780346820809,0.96875,0.03125,7.637949145653031
tfnbs,"e=0.6,h=1.0,n=30,start_thres=1.25",hub,0.25,50,29,40,1730,31,1,9,1729,0.775,0.0005780346820809,0.96875,0.03125,7.637949145653031
tfnbs,"e=0.6,h=2.0,n=30,start_thres=1.25",hub,0.25,50,29,40,1730,31,1,9,1729,0.775,0.0005780346820809,0.96875,0.03125,7.637949145653031
tfnbs,"e=0.6,h=3.0,n=30,start_thres=1.25",hub,0.25,50,29,40,1730,31,1,9,1729,0.775,0.0005780346820809,0.96875,0.03125,7.637949145653031
tfnbs,"e=0.6,h=4.0,n=30,start_thres=1.25",hub,0.25,50,29,40,1730,28,1,12,1729,0.7,0.0005780346820809,0.9655172413793104,0.0344827586206896,7.637949145653031
tfnbs,"e=0.6,h=5.0,n=30,start_thres=1.25",hub,0.25,50,29,40,1730,28,1,12,1729,0.7,0.0005780346820809,0.9655172413793104,0.0344827586206896,7.637949145653031
tfnbs,"e=0.6,h=6.0,n=30,start_thres=1.25",hub,0.25,50,29,40,1730,27,1,13,1729,0.675,0.0005780346820809,0.9642857142857144,0.0357142857142857,7.637949145653031
tfnbs,"e=0.6,h=7.0,n=30,start_thres=1.25",hub,0.25,50,29,40,1730,27,1,13,1729,0.675,0.0005780346820809,0.9642857142857144,0.0357142857142857,7.637949145653031
tfnbs,"e=0.6,h=8.0,n=30,start_thres=1.25",hub,0.25,50,29,40,1730,24,0,16,1730,0.6,0.0,1.0,0.0,7.637949145653031
tfnbs,"e=0.6,h=9.0,n=30,start_thres=1.25",hub,0.25,50,29,40,1730,24,0,16,1730,0.6,0.0,1.0,0.0,7.637949145653031
tfnbs,"e=0.6,h=10.0,n=30,start_thres=1.25",hub,0.25,50,29,40,1730,24,0,16,1730,0.6,0.0,1.0,0.0,7.637949145653031
tfnbs,"e=0.7,h=0.5,n=30,start_thres=1.25",hub,0.25,50,29,40,1730,31,1,9,1729,0.775,0.0005780346820809,0.96875,0.03125,7.637949145653031
tfnbs,"e=0.7,h=1.0,n=30,start_thres=1.25",hub,0.25,50,29,40,1730,31,1,9,1729,0.775,0.0005780346820809,0.96875,0.03125,7.637949145653031
tfnbs,"e=0.7,h=2.0,n=30,start_thres=1.25",hub,0.25,50,29,40,1730,31,1,9,1729,0.775,0.0005780346820809,0.96875,0.03125,7.637949145653031
tfnbs,"e=0.7,h=3.0,n=30,start_thres=1.25",hub,0.25,50,29,40,1730,31,1,9,1729,0.775,0.0005780346820809,0.96875,0.03125,7.637949145653031
tfnbs,"e=0.7,h=4.0,n=30,start_thres=1.25",hub,0.25,50,29,40,1730,31,1,9,1729,0.775,0.0005780346820809,0.96875,0.03125,7.637949145653031
tfnbs,"e=0.7,h=5.0,n=30,start_thres=1.25",hub,0.25,50,29,40,1730,28,1,12,1729,0.7,0.0005780346820809,0.9655172413793104,0.0344827586206896,7.637949145653031
tfnbs,"e=0.7,h=6.0,n=30,start_thres=1.25",hub,0.25,50,29,40,1730,28,1,12,1729,0.7,0.0005780346820809,0.9655172413793104,0.0344827586206896,7.637949145653031
tfnbs,"e=0.7,h=7.0,n=30,start_thres=1.25",hub,0.25,50,29,40,1730,27,1,13,1729,0.675,0.0005780346820809,0.9642857142857144,0.0357142857142857,7.637949145653031
tfnbs,"e=0.7,h=8.0,n=30,start_thres=1.25",hub,0.25,50,29,40,1730,27,1,13,1729,0.675,0.0005780346820809,0.9642857142857144,0.0357142857142857,7.637949145653031
tfnbs,"e=0.7,h=9.0,n=30,start_thres=1.25",hub,0.25,50,29,40,1730,27,1,13,1729,0.675,0.0005780346820809,0.9642857142857144,0.0357142857142857,7.637949145653031
tfnbs,"e=0.7,h=10.0,n=30,start_thres=1.25",hub,0.25,50,29,40,1730,24,0,16,1730,0.6,0.0,1.0,0.0,7.637949145653031
tfnbs,"e=0.8,h=0.5,n=30,start_thres=1.25",hub,0.25,50,29,40,1730,31,1,9,1729,0.775,0.0005780346820809,0.96875,0.03125,7.637949145653031
tfnbs,"e=0.8,h=1.0,n=30,start_thres=1.25",hub,0.25,50,29,40,1730,31,1,9,1729,0.775,0.0005780346820809,0.96875,0.03125,7.637949145653031
tfnbs,"e=0.8,h=2.0,n=30,start_thres=1.25",hub,0.25,50,29,40,1730,31,1,9,1729,0.775,0.0005780346820809,0.96875,0.03125,7.637949145653031
tfnbs,"e=0.8,h=3.0,n=30,start_thres=1.25",hub,0.25,50,29,40,1730,31,1,9,1729,0.775,0.0005780346820809,0.96875,0.03125,7.637949145653031
tfnbs,"e=0.8,h=4.0,n=30,start_thres=1.25",hub,0.25,50,29,40,1730,31,1,9,1729,0.775,0.0005780346820809,0.96875,0.03125,7.637949145653031
tfnbs,"e=0.8,h=5.0,n=30,start_thres=1.25",hub,0.25,50,29,40,1730,31,1,9,1729,0.775,0.0005780346820809,0.96875,0.03125,7.637949145653031
tfnbs,"e=0.8,h=6.0,n=30,start_thres=1.25",hub,0.25,50,29,40,1730,31,1,9,1729,0.775,0.0005780346820809,0.96875,0.03125,7.637949145653031
tfnbs,"e=0.8,h=7.0,n=30,start_thres=1.25",hub,0.25,50,29,40,1730,28,1,12,1729,0.7,0.0005780346820809,0.9655172413793104,0.0344827586206896,7.637949145653031
tfnbs,"e=0.8,h=8.0,n=30,start_thres=1.25",hub,0.25,50,29,40,1730,28,1,12,1729,0.7,0.0005780346820809,0.9655172413793104,0.0344827586206896,7.637949145653031
tfnbs,"e=0.8,h=9.0,n=30,start_thres=1.25",hub,0.25,50,29,40,1730,27,1,13,1729,0.675,0.0005780346820809,0.9642857142857144,0.0357142857142857,7.637949145653031
tfnbs,"e=0.8,h=10.0,n=30,start_thres=1.25",hub,0.25,50,29,40,1730,27,1,13,1729,0.675,0.0005780346820809,0.9642857142857144,0.0357142857142857,7.637949145653031
tfnbs,"e=0.9,h=0.5,n=30,start_thres=1.25",hub,0.25,50,29,40,1730,31,1,9,1729,0.775,0.0005780346820809,0.96875,0.03125,7.637949145653031
tfnbs,"e=0.9,h=1.0,n=30,start_thres=1.25",hub,0.25,50,29,40,1730,31,1,9,1729,0.775,0.0005780346820809,0.96875,0.03125,7.637949145653031
tfnbs,"e=0.9,h=2.0,n=30,start_thres=1.25",hub,0.25,50,29,40,1730,31,2,9,1728,0.775,0.0011560693641618,0.9393939393939394,0.0606060606060606,7.637949145653031
tfnbs,"e=0.9,h=3.0,n=30,start_thres=1.25",hub,0.25,50,29,40,1730,31,2,9,1728,0.775,0.0011560693641618,0.9393939393939394,0.0606060606060606,7.637949145653031
tfnbs,"e=0.9,h=4.0,n=30,start_thres=1.25",hub,0.25,50,29,40,1730,31,2,9,1728,0.775,0.0011560693641618,0.9393939393939394,0.0606060606060606,7.637949145653031
tfnbs,"e=0.9,h=5.0,n=30,start_thres=1.25",hub,0.25,50,29,40,1730,31,1,9,1729,0.775,0.0005780346820809,0.96875,0.03125,7.637949145653031
tfnbs,"e=0.9,h=6.0,n=30,start_thres=1.25",hub,0.25,50,29,40,1730,31,1,9,1729,0.775,0.0005780346820809,0.96875,0.03125,7.637949145653031
tfnbs,"e=0.9,h=7.0,n=30,start_thres=1.25",hub,0.25,50,29,40,1730,31,1,9,1729,0.775,0.0005780346820809,0.96875,0.03125,7.637949145653031
tfnbs,"e=0.9,h=8.0,n=30,start_thres=1.25",hub,0.25,50,29,40,1730,28,1,12,1729,0.7,0.0005780346820809,0.9655172413793104,0.0344827586206896,7.637949145653031
tfnbs,"e=0.9,h=9.0,n=30,start_thres=1.25",hub,0.25,50,29,40,1730,28,1,12,1729,0.7,0.0005780346820809,0.9655172413793104,0.0344827586206896,7.637949145653031
tfnbs,"e=0.9,h=10.0,n=30,start_thres=1.25",hub,0.25,50,29,40,1730,27,1,13,1729,0.675,0.0005780346820809,0.9642857142857144,0.0357142857142857,7.637949145653031
tfnbs,"e=1.0,h=0.5,n=30,start_thres=1.25",hub,0.25,50,29,40,1730,31,1,9,1729,0.775,0.0005780346820809,0.96875,0.03125,7.637949145653031
tfnbs,"e=1.0,h=1.0,n=30,start_thres=1.25",hub,0.25,50,29,40,1730,31,1,9,1729,0.775,0.0005780346820809,0.96875,0.03125,7.637949145653031
tfnbs,"e=1.0,h=2.0,n=30,start_thres=1.25",hub,0.25,50,29,40,1730,31,2,9,1728,0.775,0.0011560693641618,0.9393939393939394,0.0606060606060606,7.637949145653031
tfnbs,"e=1.0,h=3.0,n=30,start_thres=1.25",hub,0.25,50,29,40,1730,31,2,9,1728,0.775,0.0011560693641618,0.9393939393939394,0.0606060606060606,7.637949145653031
tfnbs,"e=1.0,h=4.0,n=30,start_thres=1.25",hub,0.25,50,29,40,1730,31,2,9,1728,0.775,0.0011560693641618,0.9393939393939394,0.0606060606060606,7.637949145653031
tfnbs,"e=1.0,h=5.0,n=30,start_thres=1.25",hub,0.25,50,29,40,1730,31,2,9,1728,0.775,0.0011560693641618,0.9393939393939394,0.0606060606060606,7.637949145653031
tfnbs,"e=1.0,h=6.0,n=30,start_thres=1.25",hub,0.25,50,29,40,1730,31,1,9,1729,0.775,0.0005780346820809,0.96875,0.03125,7.637949145653031
tfnbs,"e=1.0,h=7.0,n=30,start_thres=1.25",hub,0.25,50,29,40,1730,31,1,9,1729,0.775,0.0005780346820809,0.96875,0.03125,7.637949145653031
tfnbs,"e=1.0,h=8.0,n=30,start_thres=1.25",hub,0.25,50,29,40,1730,31,1,9,1729,0.775,0.0005780346820809,0.96875,0.03125,7.637949145653031
tfnbs,"e=1.0,h=9.0,n=30,start_thres=1.25",hub,0.25,50,29,40,1730,28,1,12,1729,0.7,0.0005780346820809,0.9655172413793104,0.0344827586206896,7.637949145653031
tfnbs,"e=1.0,h=10.0,n=30,start_thres=1.25",hub,0.25,50,29,40,1730,28,1,12,1729,0.7,0.0005780346820809,0.9655172413793104,0.0344827586206896,7.637949145653031
tfnbs,"e=1.1,h=0.5,n=30,start_thres=1.25",hub,0.25,50,29,40,1730,31,1,9,1729,0.775,0.0005780346820809,0.96875,0.03125,7.637949145653031
tfnbs,"e=1.1,h=1.0,n=30,start_thres=1.25",hub,0.25,50,29,40,1730,31,1,9,1729,0.775,0.0005780346820809,0.96875,0.03125,7.637949145653031
tfnbs,"e=1.1,h=2.0,n=30,start_thres=1.25",hub,0.25,50,29,40,1730,31,2,9,1728,0.775,0.0011560693641618,0.9393939393939394,0.0606060606060606,7.637949145653031
tfnbs,"e=1.1,h=3.0,n=30,start_thres=1.25",hub,0.25,50,29,40,1730,31,2,9,1728,0.775,0.0011560693641618,0.9393939393939394,0.0606060606060606,7.637949145653031
tfnbs,"e=1.1,h=4.0,n=30,start_thres=1.25",hub,0.25,50,29,40,1730,31,2,9,1728,0.775,0.0011560693641618,0.9393939393939394,0.0606060606060606,7.637949145653031
tfnbs,"e=1.1,h=5.0,n=30,start_thres=1.25",hub,0.25,50,29,40,1730,31,2,9,1728,0.775,0.0011560693641618,0.9393939393939394,0.0606060606060606,7.637949145653031
tfnbs,"e=1.1,h=6.0,n=30,start_thres=1.25",hub,0.25,50,29,40,1730,31,2,9,1728,0.775,0.0011560693641618,0.9393939393939394,0.0606060606060606,7.637949145653031
tfnbs,"e=1.1,h=7.0,n=30,start_thres=1.25",hub,0.25,50,29,40,1730,31,2,9,1728,0.775,0.0011560693641618,0.9393939393939394,0.0606060606060606,7.637949145653031
tfnbs,"e=1.1,h=8.0,n=30,start_thres=1.25",hub,0.25,50,29,40,1730,31,1,9,1729,0.775,0.0005780346820809,0.96875,0.03125,7.637949145653031
tfnbs,"e=1.1,h=9.0,n=30,start_thres=1.25",hub,0.25,50,29,40,1730,31,1,9,1729,0.775,0.0005780346820809,0.96875,0.03125,7.637949145653031
tfnbs,"e=1.1,h=10.0,n=30,start_thres=1.25",hub,0.25,50,29,40,1730,28,1,12,1729,0.7,0.0005780346820809,0.9655172413793104,0.0344827586206896,7.637949145653031
tfnbs,"e=1.2,h=0.5,n=30,start_thres=1.25",hub,0.25,50,29,40,1730,31,1,9,1729,0.775,0.0005780346820809,0.96875,0.03125,7.637949145653031
tfnbs,"e=1.2,h=1.0,n=30,start_thres=1.25",hub,0.25,50,29,40,1730,31,1,9,1729,0.775,0.0005780346820809,0.96875,0.03125,7.637949145653031
tfnbs,"e=1.2,h=2.0,n=30,start_thres=1.25",hub,0.25,50,29,40,1730,31,2,9,1728,0.775,0.0011560693641618,0.9393939393939394,0.0606060606060606,7.637949145653031
tfnbs,"e=1.2,h=3.0,n=30,start_thres=1.25",hub,0.25,50,29,40,1730,31,2,9,1728,0.775,0.0011560693641618,0.9393939393939394,0.0606060606060606,7.637949145653031
tfnbs,"e=1.2,h=4.0,n=30,start_thres=1.25",hub,0.25,50,29,40,1730,31,2,9,1728,0.775,0.0011560693641618,0.9393939393939394,0.0606060606060606,7.637949145653031
tfnbs,"e=1.2,h=5.0,n=30,start_thres=1.25",hub,0.25,50,29,40,1730,31,2,9,1728,0.775,0.0011560693641618,0.9393939393939394,0.0606060606060606,7.637949145653031
tfnbs,"e=1.2,h=6.0,n=30,start_thres=1.25",hub,0.25,50,29,40,1730,31,2,9,1728,0.775,0.0011560693641618,0.9393939393939394,0.0606060606060606,7.637949145653031
tfnbs,"e=1.2,h=7.0,n=30,start_thres=1.25",hub,0.25,50,29,40,1730,31,2,9,1728,0.775,0.0011560693641618,0.9393939393939394,0.0606060606060606,7.637949145653031
tfnbs,"e=1.2,h=8.0,n=30,start_thres=1.25",hub,0.25,50,29,40,1730,31,2,9,1728,0.775,0.0011560693641618,0.9393939393939394,0.0606060606060606,7.637949145653031
tfnbs,"e=1.2,h=9.0,n=30,start_thres=1.25",hub,0.25,50,29,40,1730,31,1,9,1729,0.775,0.0005780346820809,0.96875,0.03125,7.637949145653031
tfnbs,"e=1.2,h=10.0,n=30,start_thres=1.25",hub,0.25,50,29,40,1730,31,1,9,1729,0.775,0.0005780346820809,0.96875,0.03125,7.637949145653031
tfnbs,"e=1.3,h=0.5,n=30,start_thres=1.25",hub,0.25,50,29,40,1730,31,1,9,1729,0.775,0.0005780346820809,0.96875,0.03125,7.637949145653031
tfnbs,"e=1.3,h=1.0,n=30,start_thres=1.25",hub,0.25,50,29,40,1730,31,1,9,1729,0.775,0.0005780346820809,0.96875,0.03125,7.637949145653031
tfnbs,"e=1.3,h=2.0,n=30,start_thres=1.25",hub,0.25,50,29,40,1730,31,2,9,1728,0.775,0.0011560693641618,0.9393939393939394,0.0606060606060606,7.637949145653031
tfnbs,"e=1.3,h=3.0,n=30,start_thres=1.25",hub,0.25,50,29,40,1730,31,2,9,1728,0.775,0.0011560693641618,0.9393939393939394,0.0606060606060606,7.637949145653031
tfnbs,"e=1.3,h=4.0,n=30,start_thres=1.25",hub,0.25,50,29,40,1730,31,2,9,1728,0.775,0.0011560693641618,0.9393939393939394,0.0606060606060606,7.637949145653031
tfnbs,"e=1.3,h=5.0,n=30,start_thres=1.25",hub,0.25,50,29,40,1730,31,2,9,1728,0.775,0.0011560693641618,0.9393939393939394,0.0606060606060606,7.637949145653031
tfnbs,"e=1.3,h=6.0,n=30,start_thres=1.25",hub,0.25,50,29,40,1730,31,2,9,1728,0.775,0.0011560693641618,0.9393939393939394,0.0606060606060606,7.637949145653031
tfnbs,"e=1.3,h=7.0,n=30,start_thres=1.25",hub,0.25,50,29,40,1730,31,2,9,1728,0.775,0.0011560693641618,0.9393939393939394,0.0606060606060606,7.637949145653031
tfnbs,"e=1.3,h=8.0,n=30,start_thres=1.25",hub,0.25,50,29,40,1730,31,2,9,1728,0.775,0.0011560693641618,0.9393939393939394,0.0606060606060606,7.637949145653031
tfnbs,"e=1.3,h=9.0,n=30,start_thres=1.25",hub,0.25,50,29,40,1730,31,2,9,1728,0.775,0.0011560693641618,0.9393939393939394,0.0606060606060606,7.637949145653031
tfnbs,"e=1.3,h=10.0,n=30,start_thres=1.25",hub,0.25,50,29,40,1730,31,1,9,1729,0.775,0.0005780346820809,0.96875,0.03125,7.637949145653031
tfnbs,"e=1.4,h=0.5,n=30,start_thres=1.25",hub,0.25,50,29,40,1730,28,1,12,1729,0.7,0.0005780346820809,0.9655172413793104,0.0344827586206896,7.637949145653031
tfnbs,"e=1.4,h=1.0,n=30,start_thres=1.25",hub,0.25,50,29,40,1730,31,1,9,1729,0.775,0.0005780346820809,0.96875,0.03125,7.637949145653031
tfnbs,"e=1.4,h=2.0,n=30,start_thres=1.25",hub,0.25,50,29,40,1730,31,2,9,1728,0.775,0.0011560693641618,0.9393939393939394,0.0606060606060606,7.637949145653031
tfnbs,"e=1.4,h=3.0,n=30,start_thres=1.25",hub,0.25,50,29,40,1730,31,2,9,1728,0.775,0.0011560693641618,0.9393939393939394,0.0606060606060606,7.637949145653031
tfnbs,"e=1.4,h=4.0,n=30,start_thres=1.25",hub,0.25,50,29,40,1730,31,2,9,1728,0.775,0.0011560693641618,0.9393939393939394,0.0606060606060606,7.637949145653031
tfnbs,"e=1.4,h=5.0,n=30,start_thres=1.25",hub,0.25,50,29,40,1730,31,2,9,1728,0.775,0.0011560693641618,0.9393939393939394,0.0606060606060606,7.637949145653031
tfnbs,"e=1.4,h=6.0,n=30,start_thres=1.25",hub,0.25,50,29,40,1730,31,2,9,1728,0.775,0.0011560693641618,0.9393939393939394,0.0606060606060606,7.637949145653031
tfnbs,"e=1.4,h=7.0,n=30,start_thres=1.25",hub,0.25,50,29,40,1730,31,2,9,1728,0.775,0.0011560693641618,0.9393939393939394,0.0606060606060606,7.637949145653031
tfnbs,"e=1.4,h=8.0,n=30,start_thres=1.25",hub,0.25,50,29,40,1730,31,2,9,1728,0.775,0.0011560693641618,0.9393939393939394,0.0606060606060606,7.637949145653031
tfnbs,"e=1.4,h=9.0,n=30,start_thres=1.25",hub,0.25,50,29,40,1730,31,2,9,1728,0.775,0.0011560693641618,0.9393939393939394,0.0606060606060606,7.637949145653031
tfnbs,"e=1.4,h=10.0,n=30,start_thres=1.25",hub,0.25,50,29,40,1730,31,2,9,1728,0.775,0.0011560693641618,0.9393939393939394,0.0606060606060606,7.637949145653031
tfnbs,"e=1.5,h=0.5,n=30,start_thres=1.25",hub,0.25,50,29,40,1730,28,1,12,1729,0.7,0.0005780346820809,0.9655172413793104,0.0344827586206896,7.637949145653031
tfnbs,"e=1.5,h=1.0,n=30,start_thres=1.25",hub,0.25,50,29,40,1730,28,1,12,1729,0.7,0.0005780346820809,0.9655172413793104,0.0344827586206896,7.637949145653031
tfnbs,"e=1.5,h=2.0,n=30,start_thres=1.25",hub,0.25,50,29,40,1730,31,2,9,1728,0.775,0.0011560693641618,0.9393939393939394,0.0606060606060606,7.637949145653031
tfnbs,"e=1.5,h=3.0,n=30,start_thres=1.25",hub,0.25,50,29,40,1730,31,2,9,1728,0.775,0.0011560693641618,0.9393939393939394,0.0606060606060606,7.637949145653031
tfnbs,"e=1.5,h=4.0,n=30,start_thres=1.25",hub,0.25,50,29,40,1730,31,2,9,1728,0.775,0.0011560693641618,0.9393939393939394,0.0606060606060606,7.637949145653031
tfnbs,"e=1.5,h=5.0,n=30,start_thres=1.25",hub,0.25,50,29,40,1730,31,2,9,1728,0.775,0.0011560693641618,0.9393939393939394,0.0606060606060606,7.637949145653031
tfnbs,"e=1.5,h=6.0,n=30,start_thres=1.25",hub,0.25,50,29,40,1730,31,2,9,1728,0.775,0.0011560693641618,0.9393939393939394,0.0606060606060606,7.637949145653031
tfnbs,"e=1.5,h=7.0,n=30,start_thres=1.25",hub,0.25,50,29,40,1730,31,2,9,1728,0.775,0.0011560693641618,0.9393939393939394,0.0606060606060606,7.637949145653031
tfnbs,"e=1.5,h=8.0,n=30,start_thres=1.25",hub,0.25,50,29,40,1730,31,2,9,1728,0.775,0.0011560693641618,0.9393939393939394,0.0606060606060606,7.637949145653031
tfnbs,"e=1.5,h=9.0,n=30,start_thres=1.25",hub,0.25,50,29,40,1730,31,2,9,1728,0.775,0.0011560693641618,0.9393939393939394,0.0606060606060606,7.637949145653031
tfnbs,"e=1.5,h=10.0,n=30,start_thres=1.25",hub,0.25,50,29,40,1730,31,2,9,1728,0.775,0.0011560693641618,0.9393939393939394,0.0606060606060606,7.637949145653031
nbs_intensity,threshold=2.5,hub,0.25,50,10,40,1730,29,12,11,1718,0.725,0.006936416184971,0.7073170731707317,0.2926829268292683,7.954336166381836
tfnbs,"e=0.05,h=0.5,n=30,start_thres=1.25",hub,0.25,50,27,40,1730,21,0,19,1730,0.525,0.0,1.0,0.0,7.652635426683859
tfnbs,"e=0.05,h=1.0,n=30,start_thres=1.25",hub,0.25,50,27,40,1730,21,0,19,1730,0.525,0.0,1.0,0.0,7.652635426683859
tfnbs,"e=0.05,h=2.0,n=30,start_thres=1.25",hub,0.25,50,27,40,1730,19,0,21,1730,0.475,0.0,1.0,0.0,7.652635426683859
tfnbs,"e=0.05,h=3.0,n=30,start_thres=1.25",hub,0.25,50,27,40,1730,19,0,21,1730,0.475,0.0,1.0,0.0,7.652635426683859
tfnbs,"e=0.05,h=4.0,n=30,start_thres=1.25",hub,0.25,50,27,40,1730,19,0,21,1730,0.475,0.0,1.0,0.0,7.652635426683859
tfnbs,"e=0.05,h=5.0,n=30,start_thres=1.25",hub,0.25,50,27,40,1730,19,0,21,1730,0.475,0.0,1.0,0.0,7.652635426683859
tfnbs,"e=0.05,h=6.0,n=30,start_thres=1.25",hub,0.25,50,27,40,1730,19,0,21,1730,0.475,0.0,1.0,0.0,7.652635426683859
tfnbs,"e=0.05,h=7.0,n=30,start_thres=1.25",hub,0.25,50,27,40,1730,16,0,24,1730,0.4,0.0,1.0,0.0,7.652635426683859
tfnbs,"e=0.05,h=8.0,n=30,start_thres=1.25",hub,0.25,50,27,40,1730,16,0,24,1730,0.4,0.0,1.0,0.0,7.652635426683859
tfnbs,"e=0.05,h=9.0,n=30,start_thres=1.25",hub,0.25,50,27,40,1730,16,0,24,1730,0.4,0.0,1.0,0.0,7.652635426683859
tfnbs,"e=0.05,h=10.0,n=30,start_thres=1.25",hub,0.25,50,27,40,1730,16,0,24,1730,0.4,0.0,1.0,0.0,7.652635426683859
tfnbs,"e=0.1,h=0.5,n=30,start_thres=1.25",hub,0.25,50,27,40,1730,23,0,17,1730,0.575,0.0,1.0,0.0,7.652635426683859
tfnbs,"e=0.1,h=1.0,n=30,start_thres=1.25",hub,0.25,50,27,40,1730,23,0,17,1730,0.575,0.0,1.0,0.0,7.652635426683859
tfnbs,"e=0.1,h=2.0,n=30,start_thres=1.25",hub,0.25,50,27,40,1730,23,0,17,1730,0.575,0.0,1.0,0.0,7.652635426683859
tfnbs,"e=0.1,h=3.0,n=30,start_thres=1.25",hub,0.25,50,27,40,1730,21,0,19,1730,0.525,0.0,1.0,0.0,7.652635426683859
tfnbs,"e=0.1,h=4.0,n=30,start_thres=1.25",hub,0.25,50,27,40,1730,21,0,19,1730,0.525,0.0,1.0,0.0,7.652635426683859
tfnbs,"e=0.1,h=5.0,n=30,start_thres=1.25",hub,0.25,50,27,40,1730,21,0,19,1730,0.525,0.0,1.0,0.0,7.652635426683859
tfnbs,"e=0.1,h=6.0,n=30,start_thres=1.25",hub,0.25,50,27,40,1730,19,0,21,1730,0.475,0.0,1.0,0.0,7.652635426683859
tfnbs,"e=0.1,h=7.0,n=30,start_thres=1.25",hub,0.25,50,27,40,1730,19,0,21,1730,0.475,0.0,1.0,0.0,7.652635426683859
tfnbs,"e=0.1,h=8.0,n=30,start_thres=1.25",hub,0.25,50,27,40,1730,19,0,21,1730,0.475,0.0,1.0,0.0,7.652635426683859
tfnbs,"e=0.1,h=9.0,n=30,start_thres=1.25",hub,0.25,50,27,40,1730,19,0,21,1730,0.475,0.0,1.0,0.0,7.652635426683859
tfnbs,"e=0.1,h=10.0,n=30,start_thres=1.25",hub,0.25,50,27,40,1730,19,0,21,1730,0.475,0.0,1.0,0.0,7.652635426683859
tfnbs,"e=0.2,h=0.5,n=30,start_thres=1.25",hub,0.25,50,27,40,1730,30,1,10,1729,0.75,0.0005780346820809,0.967741935483871,0.032258064516129,7.652635426683859
tfnbs,"e=0.2,h=1.0,n=30,start_thres=1.25",hub,0.25,50,27,40,1730,28,0,12,1730,0.7,0.0,1.0,0.0,7.652635426683859
tfnbs,"e=0.2,h=2.0,n=30,start_thres=1.25",hub,0.25,50,27,40,1730,26,0,14,1730,0.65,0.0,1.0,0.0,7.652635426683859
tfnbs,"e=0.2,h=3.0,n=30,start_thres=1.25",hub,0.25,50,27,40,1730,23,0,17,1730,0.575,0.0,1.0,0.0,7.652635426683859
tfnbs,"e=0.2,h=4.0,n=30,start_thres=1.25",hub,0.25,50,27,40,1730,23,0,17,1730,0.575,0.0,1.0,0.0,7.652635426683859
tfnbs,"e=0.2,h=5.0,n=30,start_thres=1.25",hub,0.25,50,27,40,1730,23,0,17,1730,0.575,0.0,1.0,0.0,7.652635426683859
tfnbs,"e=0.2,h=6.0,n=30,start_thres=1.25",hub,0.25,50,27,40,1730,23,0,17,1730,0.575,0.0,1.0,0.0,7.652635426683859
tfnbs,"e=0.2,h=7.0,n=30,start_thres=1.25",hub,0.25,50,27,40,1730,21,0,19,1730,0.525,0.0,1.0,0.0,7.652635426683859
tfnbs,"e=0.2,h=8.0,n=30,start_thres=1.25",hub,0.25,50,27,40,1730,21,0,19,1730,0.525,0.0,1.0,0.0,7.652635426683859
tfnbs,"e=0.2,h=9.0,n=30,start_thres=1.25",hub,0.25,50,27,40,1730,21,0,19,1730,0.525,0.0,1.0,0.0,7.652635426683859
tfnbs,"e=0.2,h=10.0,n=30,start_thres=1.25",hub,0.25,50,27,40,1730,21,0,19,1730,0.525,0.0,1.0,0.0,7.652635426683859
tfnbs,"e=0.3,h=0.5,n=30,start_thres=1.25",hub,0.25,50,27,40,1730,32,3,8,1727,0.8,0.0017341040462427,0.9142857142857144,0.0857142857142857,7.652635426683859
tfnbs,"e=0.3,h=1.0,n=30,start_thres=1.25",hub,0.25,50,27,40,1730,30,2,10,1728,0.75,0.0011560693641618,0.9375,0.0625,7.652635426683859
tfnbs,"e=0.3,h=2.0,n=30,start_thres=1.25",hub,0.25,50,27,40,1730,30,1,10,1729,0.75,0.0005780346820809,0.967741935483871,0.032258064516129,7.652635426683859
tfnbs,"e=0.3,h=3.0,n=30,start_thres=1.25",hub,0.25,50,27,40,1730,28,0,12,1730,0.7,0.0,1.0,0.0,7.652635426683859
tfnbs,"e=0.3,h=4.0,n=30,start_thres=1.25",hub,0.25,50,27,40,1730,26,0,14,1730,0.65,0.0,1.0,0.0,7.652635426683859
tfnbs,"e=0.3,h=5.0,n=30,start_thres=1.25",hub,0.25,50,27,40,1730,26,0,14,1730,0.65,0.0,1.0,0.0,7.652635426683859
tfnbs,"e=0.3,h=6.0,n=30,start_thres=1.25",hub,0.25,50,27,40,1730,23,0,17,1730,0.575,0.0,1.0,0.0,7.652635426683859
tfnbs,"e=0.3,h=7.0,n=30,start_thres=1.25",hub,0.25,50,27,40,1730,23,0,17,1730,0.575,0.0,1.0,0.0,7.652635426683859
tfnbs,"e=0.3,h=8.0,n=30,start_thres=1.25",hub,0.25,50,27,40,1730,23,0,17,1730,0.575,0.0,1.0,0.0,7.652635426683859
tfnbs,"e=0.3,h=9.0,n=30,start_thres=1.25",hub,0.25,50,27,40,1730,23,0,17,1730,0.575,0.0,1.0,0.0,7.652635426683859
tfnbs,"e=0.3,h=10.0,n=30,start_thres=1.25",hub,0.25,50,27,40,1730,23,0,17,1730,0.575,0.0,1.0,0.0,7.652635426683859
tfnbs,"e=0.4,h=0.5,n=30,start_thres=1.25",hub,0.25,50,27,40,1730,32,8,8,1722,0.8,0.0046242774566473,0.8,0.2,7.652635426683859
tfnbs,"e=0.4,h=1.0,n=30,start_thres=1.25",hub,0.25,50,27,40,1730,32,4,8,1726,0.8,0.0023121387283236,0.8888888888888888,0.1111111111111111,7.652635426683859
tfnbs,"e=0.4,h=2.0,n=30,start_thres=1.25",hub,0.25,50,27,40,1730,32,3,8,1727,0.8,0.0017341040462427,0.9142857142857144,0.0857142857142857,7.652635426683859
tfnbs,"e=0.4,h=3.0,n=30,start_thres=1.25",hub,0.25,50,27,40,1730,30,2,10,1728,0.75,0.0011560693641618,0.9375,0.0625,7.652635426683859
tfnbs,"e=0.4,h=4.0,n=30,start_thres=1.25",hub,0.25,50,27,40,1730,30,1,10,1729,0.75,0.0005780346820809,0.967741935483871,0.032258064516129,7.652635426683859
tfnbs,"e=0.4,h=5.0,n=30,start_thres=1.25",hub,0.25,50,27,40,1730,28,0,12,1730,0.7,0.0,1.0,0.0,7.652635426683859
tfnbs,"e=0.4,h=6.0,n=30,start_thres=1.25",hub,0.25,50,27,40,1730,28,0,12,1730,0.7,0.0,1.0,0.0,7.652635426683859
tfnbs,"e=0.4,h=7.0,n=30,start_thres=1.25",hub,0.25,50,27,40,1730,26,0,14,1730,0.65,0.0,1.0,0.0,7.652635426683859
tfnbs,"e=0.4,h=8.0,n=30,start_thres=1.25",hub,0.25,50,27,40,1730,23,0,17,1730,0.575,0.0,1.0,0.0,7.652635426683859
tfnbs,"e=0.4,h=9.0,n=30,start_thres=1.25",hub,0.25,50,27,40,1730,23,0,17,1730,0.575,0.0,1.0,0.0,7.652635426683859
tfnbs,"e=0.4,h=10.0,n=30,start_thres=1.25",hub,0.25,50,27,40,1730,23,0,17,1730,0.575,0.0,1.0,0.0,7.652635426683859
tfnbs,"e=0.5,h=0.5,n=30,start_thres=1.25",hub,0.25,50,27,40,1730,32,12,8,1718,0.8,0.006936416184971,0.7272727272727273,0.2727272727272727,7.652635426683859
tfnbs,"e=0.5,h=1.0,n=30,start_thres=1.25",hub,0.25,50,27,40,1730,32,12,8,1718,0.8,0.006936416184971,0.7272727272727273,0.2727272727272727,7.652635426683859
tfnbs,"e=0.5,h=2.0,n=30,start_thres=1.25",hub,0.25,50,27,40,1730,32,8,8,1722,0.8,0.0046242774566473,0.8,0.2,7.652635426683859
tfnbs,"e=0.5,h=3.0,n=30,start_thres=1.25",hub,0.25,50,27,40,1730,32,4,8,1726,0.8,0.0023121387283236,0.8888888888888888,0.1111111111111111,7.652635426683859
tfnbs,"e=0.5,h=4.0,n=30,start_thres=1.25",hub,0.25,50,27,40,1730,32,3,8,1727,0.8,0.0017341040462427,0.9142857142857144,0.0857142857142857,7.652635426683859
tfnbs,"e=0.5,h=5.0,n=30,start_thres=1.25",hub,0.25,50,27,40,1730,30,2,10,1728,0.75,0.0011560693641618,0.9375,0.0625,7.652635426683859
tfnbs,"e=0.5,h=6.0,n=30,start_thres=1.25",hub,0.25,50,27,40,1730,30,1,10,1729,0.75,0.0005780346820809,0.967741935483871,0.032258064516129,7.652635426683859
tfnbs,"e=0.5,h=7.0,n=30,start_thres=1.25",hub,0.25,50,27,40,1730,28,0,12,1730,0.7,0.0,1.0,0.0,7.652635426683859
tfnbs,"e=0.5,h=8.0,n=30,start_thres=1.25",hub,0.25,50,27,40,1730,28,0,12,1730,0.7,0.0,1.0,0.0,7.652635426683859
tfnbs,"e=0.5,h=9.0,n=30,start_thres=1.25",hub,0.25,50,27,40,1730,26,0,14,1730,0.65,0.0,1.0,0.0,7.652635426683859
tfnbs,"e=0.5,h=10.0,n=30,start_thres=1.25",hub,0.25,50,27,40,1730,26,0,14,1730,0.65,0.0,1.0,0.0,7.652635426683859
tfnbs,"e=0.6,h=0.5,n=30,start_thres=1.25",hub,0.25,50,27,40,1730,34,20,6,1710,0.85,0.0115606936416184,0.6296296296296297,0.3703703703703703,7.652635426683859
tfnbs,"e=0.6,h=1.0,n=30,start_thres=1.25",hub,0.25,50,27,40,1730,34,20,6,1710,0.85,0.0115606936416184,0.6296296296296297,0.3703703703703703,7.652635426683859
tfnbs,"e=0.6,h=2.0,n=30,start_thres=1.25",hub,0.25,50,27,40,1730,32,12,8,1718,0.8,0.006936416184971,0.7272727272727273,0.2727272727272727,7.652635426683859
tfnbs,"e=0.6,h=3.0,n=30,start_thres=1.25",hub,0.25,50,27,40,1730,32,8,8,1722,0.8,0.0046242774566473,0.8,0.2,7.652635426683859
tfnbs,"e=0.6,h=4.0,n=30,start_thres=1.25",hub,0.25,50,27,40,1730,32,4,8,1726,0.8,0.0023121387283236,0.8888888888888888,0.1111111111111111,7.652635426683859
tfnbs,"e=0.6,h=5.0,n=30,start_thres=1.25",hub,0.25,50,27,40,1730,32,3,8,1727,0.8,0.0017341040462427,0.9142857142857144,0.0857142857142857,7.652635426683859
tfnbs,"e=0.6,h=6.0,n=30,start_thres=1.25",hub,0.25,50,27,40,1730,30,2,10,1728,0.75,0.0011560693641618,0.9375,0.0625,7.652635426683859
tfnbs,"e=0.6,h=7.0,n=30,start_thres=1.25",hub,0.25,50,27,40,1730,30,1,10,1729,0.75,0.0005780346820809,0.967741935483871,0.032258064516129,7.652635426683859
tfnbs,"e=0.6,h=8.0,n=30,start_thres=1.25",hub,0.25,50,27,40,1730,30,1,10,1729,0.75,0.0005780346820809,0.967741935483871,0.032258064516129,7.652635426683859
tfnbs,"e=0.6,h=9.0,n=30,start_thres=1.25",hub,0.25,50,27,40,1730,28,0,12,1730,0.7,0.0,1.0,0.0,7.652635426683859
tfnbs,"e=0.6,h=10.0,n=30,start_thres=1.25",hub,0.25,50,27,40,1730,26,0,14,1730,0.65,0.0,1.0,0.0,7.652635426683859
tfnbs,"e=0.7,h=0.5,n=30,start_thres=1.25",hub,0.25,50,27,40,1730,35,25,5,1705,0.875,0.0144508670520231,0.5833333333333334,0.4166666666666667,7.652635426683859
tfnbs,"e=0.7,h=1.0,n=30,start_thres=1.25",hub,0.25,50,27,40,1730,35,25,5,1705,0.875,0.0144508670520231,0.5833333333333334,0.4166666666666667,7.652635426683859
tfnbs,"e=0.7,h=2.0,n=30,start_thres=1.25",hub,0.25,50,27,40,1730,34,20,6,1710,0.85,0.0115606936416184,0.6296296296296297,0.3703703703703703,7.652635426683859
tfnbs,"e=0.7,h=3.0,n=30,start_thres=1.25",hub,0.25,50,27,40,1730,32,12,8,1718,0.8,0.006936416184971,0.7272727272727273,0.2727272727272727,7.652635426683859
tfnbs,"e=0.7,h=4.0,n=30,start_thres=1.25",hub,0.25,50,27,40,1730,32,8,8,1722,0.8,0.0046242774566473,0.8,0.2,7.652635426683859
tfnbs,"e=0.7,h=5.0,n=30,start_thres=1.25",hub,0.25,50,27,40,1730,32,4,8,1726,0.8,0.0023121387283236,0.8888888888888888,0.1111111111111111,7.652635426683859
tfnbs,"e=0.7,h=6.0,n=30,start_thres=1.25",hub,0.25,50,27,40,1730,32,3,8,1727,0.8,0.0017341040462427,0.9142857142857144,0.0857142857142857,7.652635426683859
tfnbs,"e=0.7,h=7.0,n=30,start_thres=1.25",hub,0.25,50,27,40,1730,30,2,10,1728,0.75,0.0011560693641618,0.9375,0.0625,7.652635426683859
tfnbs,"e=0.7,h=8.0,n=30,start_thres=1.25",hub,0.25,50,27,40,1730,30,2,10,1728,0.75,0.0011560693641618,0.9375,0.0625,7.652635426683859
tfnbs,"e=0.7,h=9.0,n=30,start_thres=1.25",hub,0.25,50,27,40,1730,30,1,10,1729,0.75,0.0005780346820809,0.967741935483871,0.032258064516129,7.652635426683859
tfnbs,"e=0.7,h=10.0,n=30,start_thres=1.25",hub,0.25,50,27,40,1730,28,0,12,1730,0.7,0.0,1.0,0.0,7.652635426683859
tfnbs,"e=0.8,h=0.5,n=30,start_thres=1.25",hub,0.25,50,27,40,1730,35,26,5,1704,0.875,0.015028901734104,0.5737704918032787,0.4262295081967213,7.652635426683859
tfnbs,"e=0.8,h=1.0,n=30,start_thres=1.25",hub,0.25,50,27,40,1730,35,25,5,1705,0.875,0.0144508670520231,0.5833333333333334,0.4166666666666667,7.652635426683859
tfnbs,"e=0.8,h=2.0,n=30,start_thres=1.25",hub,0.25,50,27,40,1730,35,25,5,1705,0.875,0.0144508670520231,0.5833333333333334,0.4166666666666667,7.652635426683859
tfnbs,"e=0.8,h=3.0,n=30,start_thres=1.25",hub,0.25,50,27,40,1730,34,20,6,1710,0.85,0.0115606936416184,0.6296296296296297,0.3703703703703703,7.652635426683859
tfnbs,"e=0.8,h=4.0,n=30,start_thres=1.25",hub,0.25,50,27,40,1730,32,12,8,1718,0.8,0.006936416184971,0.7272727272727273,0.2727272727272727,7.652635426683859
tfnbs,"e=0.8,h=5.0,n=30,start_thres=1.25",hub,0.25,50,27,40,1730,32,8,8,1722,0.8,0.0046242774566473,0.8,0.2,7.652635426683859
tfnbs,"e=0.8,h=6.0,n=30,start_thres=1.25",hub,0.25,50,27,40,1730,32,8,8,1722,0.8,0.0046242774566473,0.8,0.2,7.652635426683859
tfnbs,"e=0.8,h=7.0,n=30,start_thres=1.25",hub,0.25,50,27,40,1730,32,4,8,1726,0.8,0.0023121387283236,0.8888888888888888,0.1111111111111111,7.652635426683859
tfnbs,"e=0.8,h=8.0,n=30,start_thres=1.25",hub,0.25,50,27,40,1730,32,3,8,1727,0.8,0.0017341040462427,0.9142857142857144,0.0857142857142857,7.652635426683859
tfnbs,"e=0.8,h=9.0,n=30,start_thres=1.25",hub,0.25,50,27,40,1730,30,2,10,1728,0.75,0.0011560693641618,0.9375,0.0625,7.652635426683859
tfnbs,"e=0.8,h=10.0,n=30,start_thres=1.25",hub,0.25,50,27,40,1730,30,1,10,1729,0.75,0.0005780346820809,0.967741935483871,0.032258064516129,7.652635426683859
tfnbs,"e=0.9,h=0.5,n=30,start_thres=1.25",hub,0.25,50,27,40,1730,36,32,4,1698,0.9,0.0184971098265895,0.5294117647058824,0.4705882352941176,7.652635426683859
tfnbs,"e=0.9,h=1.0,n=30,start_thres=1.25",hub,0.25,50,27,40,1730,36,32,4,1698,0.9,0.0184971098265895,0.5294117647058824,0.4705882352941176,7.652635426683859
tfnbs,"e=0.9,h=2.0,n=30,start_thres=1.25",hub,0.25,50,27,40,1730,35,25,5,1705,0.875,0.0144508670520231,0.5833333333333334,0.4166666666666667,7.652635426683859
tfnbs,"e=0.9,h=3.0,n=30,start_thres=1.25",hub,0.25,50,27,40,1730,35,25,5,1705,0.875,0.0144508670520231,0.5833333333333334,0.4166666666666667,7.652635426683859
tfnbs,"e=0.9,h=4.0,n=30,start_thres=1.25",hub,0.25,50,27,40,1730,34,20,6,1710,0.85,0.0115606936416184,0.6296296296296297,0.3703703703703703,7.652635426683859
tfnbs,"e=0.9,h=5.0,n=30,start_thres=1.25",hub,0.25,50,27,40,1730,34,20,6,1710,0.85,0.0115606936416184,0.6296296296296297,0.3703703703703703,7.652635426683859
tfnbs,"e=0.9,h=6.0,n=30,start_thres=1.25",hub,0.25,50,27,40,1730,32,12,8,1718,0.8,0.006936416184971,0.7272727272727273,0.2727272727272727,7.652635426683859
tfnbs,"e=0.9,h=7.0,n=30,start_thres=1.25",hub,0.25,50,27,40,1730,32,8,8,1722,0.8,0.0046242774566473,0.8,0.2,7.652635426683859
tfnbs,"e=0.9,h=8.0,n=30,start_thres=1.25",hub,0.25,50,27,40,1730,32,4,8,1726,0.8,0.0023121387283236,0.8888888888888888,0.1111111111111111,7.652635426683859
tfnbs,"e=0.9,h=9.0,n=30,start_thres=1.25",hub,0.25,50,27,40,1730,32,3,8,1727,0.8,0.0017341040462427,0.9142857142857144,0.0857142857142857,7.652635426683859
tfnbs,"e=0.9,h=10.0,n=30,start_thres=1.25",hub,0.25,50,27,40,1730,30,2,10,1728,0.75,0.0011560693641618,0.9375,0.0625,7.652635426683859
tfnbs,"e=1.0,h=0.5,n=30,start_thres=1.25",hub,0.25,50,27,40,1730,36,32,4,1698,0.9,0.0184971098265895,0.5294117647058824,0.4705882352941176,7.652635426683859
tfnbs,"e=1.0,h=1.0,n=30,start_thres=1.25",hub,0.25,50,27,40,1730,36,32,4,1698,0.9,0.0184971098265895,0.5294117647058824,0.4705882352941176,7.652635426683859
tfnbs,"e=1.0,h=2.0,n=30,start_thres=1.25",hub,0.25,50,27,40,1730,36,32,4,1698,0.9,0.0184971098265895,0.5294117647058824,0.4705882352941176,7.652635426683859
tfnbs,"e=1.0,h=3.0,n=30,start_thres=1.25",hub,0.25,50,27,40,1730,35,25,5,1705,0.875,0.0144508670520231,0.5833333333333334,0.4166666666666667,7.652635426683859
tfnbs,"e=1.0,h=4.0,n=30,start_thres=1.25",hub,0.25,50,27,40,1730,35,25,5,1705,0.875,0.0144508670520231,0.5833333333333334,0.4166666666666667,7.652635426683859
tfnbs,"e=1.0,h=5.0,n=30,start_thres=1.25",hub,0.25,50,27,40,1730,34,20,6,1710,0.85,0.0115606936416184,0.6296296296296297,0.3703703703703703,7.652635426683859
tfnbs,"e=1.0,h=6.0,n=30,start_thres=1.25",hub,0.25,50,27,40,1730,34,20,6,1710,0.85,0.0115606936416184,0.6296296296296297,0.3703703703703703,7.652635426683859
tfnbs,"e=1.0,h=7.0,n=30,start_thres=1.25",hub,0.25,50,27,40,1730,32,12,8,1718,0.8,0.006936416184971,0.7272727272727273,0.2727272727272727,7.652635426683859
tfnbs,"e=1.0,h=8.0,n=30,start_thres=1.25",hub,0.25,50,27,40,1730,32,8,8,1722,0.8,0.0046242774566473,0.8,0.2,7.652635426683859
tfnbs,"e=1.0,h=9.0,n=30,start_thres=1.25",hub,0.25,50,27,40,1730,32,4,8,1726,0.8,0.0023121387283236,0.8888888888888888,0.1111111111111111,7.652635426683859
tfnbs,"e=1.0,h=10.0,n=30,start_thres=1.25",hub,0.25,50,27,40,1730,32,3,8,1727,0.8,0.0017341040462427,0.9142857142857144,0.0857142857142857,7.652635426683859
tfnbs,"e=1.1,h=0.5,n=30,start_thres=1.25",hub,0.25,50,27,40,1730,39,45,1,1685,0.975,0.0260115606936416,0.4642857142857143,0.5357142857142857,7.652635426683859
tfnbs,"e=1.1,h=1.0,n=30,start_thres=1.25",hub,0.25,50,27,40,1730,39,45,1,1685,0.975,0.0260115606936416,0.4642857142857143,0.5357142857142857,7.652635426683859
tfnbs,"e=1.1,h=2.0,n=30,start_thres=1.25",hub,0.25,50,27,40,1730,36,32,4,1698,0.9,0.0184971098265895,0.5294117647058824,0.4705882352941176,7.652635426683859
tfnbs,"e=1.1,h=3.0,n=30,start_thres=1.25",hub,0.25,50,27,40,1730,36,32,4,1698,0.9,0.0184971098265895,0.5294117647058824,0.4705882352941176,7.652635426683859
tfnbs,"e=1.1,h=4.0,n=30,start_thres=1.25",hub,0.25,50,27,40,1730,36,32,4,1698,0.9,0.0184971098265895,0.5294117647058824,0.4705882352941176,7.652635426683859
tfnbs,"e=1.1,h=5.0,n=30,start_thres=1.25",hub,0.25,50,27,40,1730,35,25,5,1705,0.875,0.0144508670520231,0.5833333333333334,0.4166666666666667,7.652635426683859
tfnbs,"e=1.1,h=6.0,n=30,start_thres=1.25",hub,0.25,50,27,40,1730,34,20,6,1710,0.85,0.0115606936416184,0.6296296296296297,0.3703703703703703,7.652635426683859
tfnbs,"e=1.1,h=7.0,n=30,start_thres=1.25",hub,0.25,50,27,40,1730,34,20,6,1710,0.85,0.0115606936416184,0.6296296296296297,0.3703703703703703,7.652635426683859
tfnbs,"e=1.1,h=8.0,n=30,start_thres=1.25",hub,0.25,50,27,40,1730,32,12,8,1718,0.8,0.006936416184971,0.7272727272727273,0.2727272727272727,7.652635426683859
tfnbs,"e=1.1,h=9.0,n=30,start_thres=1.25",hub,0.25,50,27,40,1730,32,8,8,1722,0.8,0.0046242774566473,0.8,0.2,7.652635426683859
tfnbs,"e=1.1,h=10.0,n=30,start_thres=1.25",hub,0.25,50,27,40,1730,32,4,8,1726,0.8,0.0023121387283236,0.8888888888888888,0.1111111111111111,7.652635426683859
tfnbs,"e=1.2,h=0.5,n=30,start_thres=1.25",hub,0.25,50,27,40,1730,39,45,1,1685,0.975,0.0260115606936416,0.4642857142857143,0.5357142857142857,7.652635426683859
tfnbs,"e=1.2,h=1.0,n=30,start_thres=1.25",hub,0.25,50,27,40,1730,39,45,1,1685,0.975,0.0260115606936416,0.4642857142857143,0.5357142857142857,7.652635426683859
tfnbs,"e=1.2,h=2.0,n=30,start_thres=1.25",hub,0.25,50,27,40,1730,39,45,1,1685,0.975,0.0260115606936416,0.4642857142857143,0.5357142857142857,7.652635426683859
tfnbs,"e=1.2,h=3.0,n=30,start_thres=1.25",hub,0.25,50,27,40,1730,36,32,4,1698,0.9,0.0184971098265895,0.5294117647058824,0.4705882352941176,7.652635426683859
tfnbs,"e=1.2,h=4.0,n=30,start_thres=1.25",hub,0.25,50,27,40,1730,36,32,4,1698,0.9,0.0184971098265895,0.5294117647058824,0.4705882352941176,7.652635426683859
tfnbs,"e=1.2,h=5.0,n=30,start_thres=1.25",hub,0.25,50,27,40,1730,35,26,5,1704,0.875,0.015028901734104,0.5737704918032787,0.4262295081967213,7.652635426683859
tfnbs,"e=1.2,h=6.0,n=30,start_thres=1.25",hub,0.25,50,27,40,1730,35,25,5,1705,0.875,0.0144508670520231,0.5833333333333334,0.4166666666666667,7.652635426683859
tfnbs,"e=1.2,h=7.0,n=30,start_thres=1.25",hub,0.25,50,27,40,1730,34,20,6,1710,0.85,0.0115606936416184,0.6296296296296297,0.3703703703703703,7.652635426683859
tfnbs,"e=1.2,h=8.0,n=30,start_thres=1.25",hub,0.25,50,27,40,1730,34,20,6,1710,0.85,0.0115606936416184,0.6296296296296297,0.3703703703703703,7.652635426683859
tfnbs,"e=1.2,h=9.0,n=30,start_thres=1.25",hub,0.25,50,27,40,1730,32,12,8,1718,0.8,0.006936416184971,0.7272727272727273,0.2727272727272727,7.652635426683859
tfnbs,"e=1.2,h=10.0,n=30,start_thres=1.25",hub,0.25,50,27,40,1730,32,8,8,1722,0.8,0.0046242774566473,0.8,0.2,7.652635426683859
tfnbs,"e=1.3,h=0.5,n=30,start_thres=1.25",hub,0.25,50,27,40,1730,39,45,1,1685,0.975,0.0260115606936416,0.4642857142857143,0.5357142857142857,7.652635426683859
tfnbs,"e=1.3,h=1.0,n=30,start_thres=1.25",hub,0.25,50,27,40,1730,39,45,1,1685,0.975,0.0260115606936416,0.4642857142857143,0.5357142857142857,7.652635426683859
tfnbs,"e=1.3,h=2.0,n=30,start_thres=1.25",hub,0.25,50,27,40,1730,39,45,1,1685,0.975,0.0260115606936416,0.4642857142857143,0.5357142857142857,7.652635426683859
tfnbs,"e=1.3,h=3.0,n=30,start_thres=1.25",hub,0.25,50,27,40,1730,39,45,1,1685,0.975,0.0260115606936416,0.4642857142857143,0.5357142857142857,7.652635426683859
tfnbs,"e=1.3,h=4.0,n=30,start_thres=1.25",hub,0.25,50,27,40,1730,36,32,4,1698,0.9,0.0184971098265895,0.5294117647058824,0.4705882352941176,7.652635426683859
tfnbs,"e=1.3,h=5.0,n=30,start_thres=1.25",hub,0.25,50,27,40,1730,36,32,4,1698,0.9,0.0184971098265895,0.5294117647058824,0.4705882352941176,7.652635426683859
tfnbs,"e=1.3,h=6.0,n=30,start_thres=1.25",hub,0.25,50,27,40,1730,36,32,4,1698,0.9,0.0184971098265895,0.5294117647058824,0.4705882352941176,7.652635426683859
tfnbs,"e=1.3,h=7.0,n=30,start_thres=1.25",hub,0.25,50,27,40,1730,35,25,5,1705,0.875,0.0144508670520231,0.5833333333333334,0.4166666666666667,7.652635426683859
tfnbs,"e=1.3,h=8.0,n=30,start_thres=1.25",hub,0.25,50,27,40,1730,34,20,6,1710,0.85,0.0115606936416184,0.6296296296296297,0.3703703703703703,7.652635426683859
tfnbs,"e=1.3,h=9.0,n=30,start_thres=1.25",hub,0.25,50,27,40,1730,34,20,6,1710,0.85,0.0115606936416184,0.6296296296296297,0.3703703703703703,7.652635426683859
tfnbs,"e=1.3,h=10.0,n=30,start_thres=1.25",hub,0.25,50,27,40,1730,32,12,8,1718,0.8,0.006936416184971,0.7272727272727273,0.2727272727272727,7.652635426683859
tfnbs,"e=1.4,h=0.5,n=30,start_thres=1.25",hub,0.25,50,27,40,1730,39,54,1,1676,0.975,0.0312138728323699,0.4193548387096774,0.5806451612903226,7.652635426683859
tfnbs,"e=1.4,h=1.0,n=30,start_thres=1.25",hub,0.25,50,27,40,1730,39,54,1,1676,0.975,0.0312138728323699,0.4193548387096774,0.5806451612903226,7.652635426683859
tfnbs,"e=1.4,h=2.0,n=30,start_thres=1.25",hub,0.25,50,27,40,1730,39,45,1,1685,0.975,0.0260115606936416,0.4642857142857143,0.5357142857142857,7.652635426683859
tfnbs,"e=1.4,h=3.0,n=30,start_thres=1.25",hub,0.25,50,27,40,1730,39,45,1,1685,0.975,0.0260115606936416,0.4642857142857143,0.5357142857142857,7.652635426683859
tfnbs,"e=1.4,h=4.0,n=30,start_thres=1.25",hub,0.25,50,27,40,1730,39,45,1,1685,0.975,0.0260115606936416,0.4642857142857143,0.5357142857142857,7.652635426683859
tfnbs,"e=1.4,h=5.0,n=30,start_thres=1.25",hub,0.25,50,27,40,1730,36,32,4,1698,0.9,0.0184971098265895,0.5294117647058824,0.4705882352941176,7.652635426683859
tfnbs,"e=1.4,h=6.0,n=30,start_thres=1.25",hub,0.25,50,27,40,1730,36,32,4,1698,0.9,0.0184971098265895,0.5294117647058824,0.4705882352941176,7.652635426683859
tfnbs,"e=1.4,h=7.0,n=30,start_thres=1.25",hub,0.25,50,27,40,1730,36,32,4,1698,0.9,0.0184971098265895,0.5294117647058824,0.4705882352941176,7.652635426683859
tfnbs,"e=1.4,h=8.0,n=30,start_thres=1.25",hub,0.25,50,27,40,1730,35,25,5,1705,0.875,0.0144508670520231,0.5833333333333334,0.4166666666666667,7.652635426683859
tfnbs,"e=1.4,h=9.0,n=30,start_thres=1.25",hub,0.25,50,27,40,1730,34,20,6,1710,0.85,0.0115606936416184,0.6296296296296297,0.3703703703703703,7.652635426683859
tfnbs,"e=1.4,h=10.0,n=30,start_thres=1.25",hub,0.25,50,27,40,1730,34,20,6,1710,0.85,0.0115606936416184,0.6296296296296297,0.3703703703703703,7.652635426683859
tfnbs,"e=1.5,h=0.5,n=30,start_thres=1.25",hub,0.25,50,27,40,1730,39,54,1,1676,0.975,0.0312138728323699,0.4193548387096774,0.5806451612903226,7.652635426683859
tfnbs,"e=1.5,h=1.0,n=30,start_thres=1.25",hub,0.25,50,27,40,1730,39,54,1,1676,0.975,0.0312138728323699,0.4193548387096774,0.5806451612903226,7.652635426683859
tfnbs,"e=1.5,h=2.0,n=30,start_thres=1.25",hub,0.25,50,27,40,1730,39,54,1,1676,0.975,0.0312138728323699,0.4193548387096774,0.5806451612903226,7.652635426683859
tfnbs,"e=1.5,h=3.0,n=30,start_thres=1.25",hub,0.25,50,27,40,1730,39,45,1,1685,0.975,0.0260115606936416,0.4642857142857143,0.5357142857142857,7.652635426683859
tfnbs,"e=1.5,h=4.0,n=30,start_thres=1.25",hub,0.25,50,27,40,1730,39,45,1,1685,0.975,0.0260115606936416,0.4642857142857143,0.5357142857142857,7.652635426683859
tfnbs,"e=1.5,h=5.0,n=30,start_thres=1.25",hub,0.25,50,27,40,1730,39,45,1,1685,0.975,0.0260115606936416,0.4642857142857143,0.5357142857142857,7.652635426683859
tfnbs,"e=1.5,h=6.0,n=30,start_thres=1.25",hub,0.25,50,27,40,1730,36,32,4,1698,0.9,0.0184971098265895,0.5294117647058824,0.4705882352941176,7.652635426683859
tfnbs,"e=1.5,h=7.0,n=30,start_thres=1.25",hub,0.25,50,27,40,1730,36,32,4,1698,0.9,0.0184971098265895,0.5294117647058824,0.4705882352941176,7.652635426683859
tfnbs,"e=1.5,h=8.0,n=30,start_thres=1.25",hub,0.25,50,27,40,1730,36,32,4,1698,0.9,0.0184971098265895,0.5294117647058824,0.4705882352941176,7.652635426683859
tfnbs,"e=1.5,h=9.0,n=30,start_thres=1.25",hub,0.25,50,27,40,1730,35,25,5,1705,0.875,0.0144508670520231,0.5833333333333334,0.4166666666666667,7.652635426683859
tfnbs,"e=1.5,h=10.0,n=30,start_thres=1.25",hub,0.25,50,27,40,1730,34,20,6,1710,0.85,0.0115606936416184,0.6296296296296297,0.3703703703703703,7.652635426683859
nbs_intensity,threshold=2.5,hub,0.25,50,11,40,1730,34,23,6,1707,0.85,0.0132947976878612,0.5964912280701754,0.4035087719298245,8.086379528045654
nbs_intensity,threshold=2.5,hub,0.25,50,13,40,1730,37,9,3,1721,0.925,0.0052023121387283,0.8043478260869565,0.1956521739130435,8.248385190963745
nbs_intensity,threshold=2.5,hub,0.25,50,12,40,1730,34,16,6,1714,0.85,0.0092485549132947,0.68,0.32,8.563989639282227
nbs_intensity,threshold=2.5,hub,0.25,50,14,40,1730,34,20,6,1710,0.85,0.0115606936416184,0.6296296296296297,0.3703703703703703,8.443566799163818
nbs_intensity,threshold=2.5,hub,0.25,50,16,40,1730,39,34,1,1696,0.975,0.0196531791907514,0.5342465753424658,0.4657534246575342,8.27071738243103
nbs_intensity,threshold=2.5,hub,0.25,50,18,40,1730,33,10,7,1720,0.825,0.0057803468208092,0.7674418604651163,0.2325581395348837,7.953832864761352
tfnbs,"e=0.05,h=0.5,n=30,start_thres=1.25",hub,0.25,50,22,40,1730,5,0,35,1730,0.125,0.0,1.0,0.0,7.71462262489579
tfnbs,"e=0.05,h=1.0,n=30,start_thres=1.25",hub,0.25,50,22,40,1730,5,0,35,1730,0.125,0.0,1.0,0.0,7.71462262489579
tfnbs,"e=0.05,h=2.0,n=30,start_thres=1.25",hub,0.25,50,22,40,1730,5,0,35,1730,0.125,0.0,1.0,0.0,7.71462262489579
tfnbs,"e=0.05,h=3.0,n=30,start_thres=1.25",hub,0.25,50,22,40,1730,5,0,35,1730,0.125,0.0,1.0,0.0,7.71462262489579
tfnbs,"e=0.05,h=4.0,n=30,start_thres=1.25",hub,0.25,50,22,40,1730,5,0,35,1730,0.125,0.0,1.0,0.0,7.71462262489579
tfnbs,"e=0.05,h=5.0,n=30,start_thres=1.25",hub,0.25,50,22,40,1730,5,0,35,1730,0.125,0.0,1.0,0.0,7.71462262489579
tfnbs,"e=0.05,h=6.0,n=30,start_thres=1.25",hub,0.25,50,22,40,1730,5,0,35,1730,0.125,0.0,1.0,0.0,7.71462262489579
tfnbs,"e=0.05,h=7.0,n=30,start_thres=1.25",hub,0.25,50,22,40,1730,5,0,35,1730,0.125,0.0,1.0,0.0,7.71462262489579
tfnbs,"e=0.05,h=8.0,n=30,start_thres=1.25",hub,0.25,50,22,40,1730,5,0,35,1730,0.125,0.0,1.0,0.0,7.71462262489579
tfnbs,"e=0.05,h=9.0,n=30,start_thres=1.25",hub,0.25,50,22,40,1730,5,0,35,1730,0.125,0.0,1.0,0.0,7.71462262489579
tfnbs,"e=0.05,h=10.0,n=30,start_thres=1.25",hub,0.25,50,22,40,1730,5,0,35,1730,0.125,0.0,1.0,0.0,7.71462262489579
tfnbs,"e=0.1,h=0.5,n=30,start_thres=1.25",hub,0.25,50,22,40,1730,8,0,32,1730,0.2,0.0,1.0,0.0,7.71462262489579
tfnbs,"e=0.1,h=1.0,n=30,start_thres=1.25",hub,0.25,50,22,40,1730,6,0,34,1730,0.15,0.0,1.0,0.0,7.71462262489579
tfnbs,"e=0.1,h=2.0,n=30,start_thres=1.25",hub,0.25,50,22,40,1730,6,0,34,1730,0.15,0.0,1.0,0.0,7.71462262489579
tfnbs,"e=0.1,h=3.0,n=30,start_thres=1.25",hub,0.25,50,22,40,1730,6,0,34,1730,0.15,0.0,1.0,0.0,7.71462262489579
tfnbs,"e=0.1,h=4.0,n=30,start_thres=1.25",hub,0.25,50,22,40,1730,6,0,34,1730,0.15,0.0,1.0,0.0,7.71462262489579
tfnbs,"e=0.1,h=5.0,n=30,start_thres=1.25",hub,0.25,50,22,40,1730,5,0,35,1730,0.125,0.0,1.0,0.0,7.71462262489579
tfnbs,"e=0.1,h=6.0,n=30,start_thres=1.25",hub,0.25,50,22,40,1730,5,0,35,1730,0.125,0.0,1.0,0.0,7.71462262489579
tfnbs,"e=0.1,h=7.0,n=30,start_thres=1.25",hub,0.25,50,22,40,1730,5,0,35,1730,0.125,0.0,1.0,0.0,7.71462262489579
tfnbs,"e=0.1,h=8.0,n=30,start_thres=1.25",hub,0.25,50,22,40,1730,5,0,35,1730,0.125,0.0,1.0,0.0,7.71462262489579
tfnbs,"e=0.1,h=9.0,n=30,start_thres=1.25",hub,0.25,50,22,40,1730,5,0,35,1730,0.125,0.0,1.0,0.0,7.71462262489579
tfnbs,"e=0.1,h=10.0,n=30,start_thres=1.25",hub,0.25,50,22,40,1730,5,0,35,1730,0.125,0.0,1.0,0.0,7.71462262489579
tfnbs,"e=0.2,h=0.5,n=30,start_thres=1.25",hub,0.25,50,22,40,1730,8,0,32,1730,0.2,0.0,1.0,0.0,7.71462262489579
tfnbs,"e=0.2,h=1.0,n=30,start_thres=1.25",hub,0.25,50,22,40,1730,8,0,32,1730,0.2,0.0,1.0,0.0,7.71462262489579
tfnbs,"e=0.2,h=2.0,n=30,start_thres=1.25",hub,0.25,50,22,40,1730,8,0,32,1730,0.2,0.0,1.0,0.0,7.71462262489579
tfnbs,"e=0.2,h=3.0,n=30,start_thres=1.25",hub,0.25,50,22,40,1730,8,0,32,1730,0.2,0.0,1.0,0.0,7.71462262489579
tfnbs,"e=0.2,h=4.0,n=30,start_thres=1.25",hub,0.25,50,22,40,1730,8,0,32,1730,0.2,0.0,1.0,0.0,7.71462262489579
tfnbs,"e=0.2,h=5.0,n=30,start_thres=1.25",hub,0.25,50,22,40,1730,8,0,32,1730,0.2,0.0,1.0,0.0,7.71462262489579
tfnbs,"e=0.2,h=6.0,n=30,start_thres=1.25",hub,0.25,50,22,40,1730,6,0,34,1730,0.15,0.0,1.0,0.0,7.71462262489579
tfnbs,"e=0.2,h=7.0,n=30,start_thres=1.25",hub,0.25,50,22,40,1730,6,0,34,1730,0.15,0.0,1.0,0.0,7.71462262489579
tfnbs,"e=0.2,h=8.0,n=30,start_thres=1.25",hub,0.25,50,22,40,1730,6,0,34,1730,0.15,0.0,1.0,0.0,7.71462262489579
tfnbs,"e=0.2,h=9.0,n=30,start_thres=1.25",hub,0.25,50,22,40,1730,6,0,34,1730,0.15,0.0,1.0,0.0,7.71462262489579
tfnbs,"e=0.2,h=10.0,n=30,start_thres=1.25",hub,0.25,50,22,40,1730,6,0,34,1730,0.15,0.0,1.0,0.0,7.71462262489579
tfnbs,"e=0.3,h=0.5,n=30,start_thres=1.25",hub,0.25,50,22,40,1730,9,0,31,1730,0.225,0.0,1.0,0.0,7.71462262489579
tfnbs,"e=0.3,h=1.0,n=30,start_thres=1.25",hub,0.25,50,22,40,1730,9,0,31,1730,0.225,0.0,1.0,0.0,7.71462262489579
tfnbs,"e=0.3,h=2.0,n=30,start_thres=1.25",hub,0.25,50,22,40,1730,8,0,32,1730,0.2,0.0,1.0,0.0,7.71462262489579
tfnbs,"e=0.3,h=3.0,n=30,start_thres=1.25",hub,0.25,50,22,40,1730,8,0,32,1730,0.2,0.0,1.0,0.0,7.71462262489579
tfnbs,"e=0.3,h=4.0,n=30,start_thres=1.25",hub,0.25,50,22,40,1730,8,0,32,1730,0.2,0.0,1.0,0.0,7.71462262489579
tfnbs,"e=0.3,h=5.0,n=30,start_thres=1.25",hub,0.25,50,22,40,1730,8,0,32,1730,0.2,0.0,1.0,0.0,7.71462262489579
tfnbs,"e=0.3,h=6.0,n=30,start_thres=1.25",hub,0.25,50,22,40,1730,8,0,32,1730,0.2,0.0,1.0,0.0,7.71462262489579
tfnbs,"e=0.3,h=7.0,n=30,start_thres=1.25",hub,0.25,50,22,40,1730,8,0,32,1730,0.2,0.0,1.0,0.0,7.71462262489579
tfnbs,"e=0.3,h=8.0,n=30,start_thres=1.25",hub,0.25,50,22,40,1730,8,0,32,1730,0.2,0.0,1.0,0.0,7.71462262489579
tfnbs,"e=0.3,h=9.0,n=30,start_thres=1.25",hub,0.25,50,22,40,1730,8,0,32,1730,0.2,0.0,1.0,0.0,7.71462262489579
tfnbs,"e=0.3,h=10.0,n=30,start_thres=1.25",hub,0.25,50,22,40,1730,6,0,34,1730,0.15,0.0,1.0,0.0,7.71462262489579
tfnbs,"e=0.4,h=0.5,n=30,start_thres=1.25",hub,0.25,50,22,40,1730,9,0,31,1730,0.225,0.0,1.0,0.0,7.71462262489579
tfnbs,"e=0.4,h=1.0,n=30,start_thres=1.25",hub,0.25,50,22,40,1730,9,0,31,1730,0.225,0.0,1.0,0.0,7.71462262489579
tfnbs,"e=0.4,h=2.0,n=30,start_thres=1.25",hub,0.25,50,22,40,1730,9,0,31,1730,0.225,0.0,1.0,0.0,7.71462262489579
tfnbs,"e=0.4,h=3.0,n=30,start_thres=1.25",hub,0.25,50,22,40,1730,9,0,31,1730,0.225,0.0,1.0,0.0,7.71462262489579
tfnbs,"e=0.4,h=4.0,n=30,start_thres=1.25",hub,0.25,50,22,40,1730,8,0,32,1730,0.2,0.0,1.0,0.0,7.71462262489579
tfnbs,"e=0.4,h=5.0,n=30,start_thres=1.25",hub,0.25,50,22,40,1730,8,0,32,1730,0.2,0.0,1.0,0.0,7.71462262489579
tfnbs,"e=0.4,h=6.0,n=30,start_thres=1.25",hub,0.25,50,22,40,1730,8,0,32,1730,0.2,0.0,1.0,0.0,7.71462262489579
tfnbs,"e=0.4,h=7.0,n=30,start_thres=1.25",hub,0.25,50,22,40,1730,8,0,32,1730,0.2,0.0,1.0,0.0,7.71462262489579
tfnbs,"e=0.4,h=8.0,n=30,start_thres=1.25",hub,0.25,50,22,40,1730,8,0,32,1730,0.2,0.0,1.0,0.0,7.71462262489579
tfnbs,"e=0.4,h=9.0,n=30,start_thres=1.25",hub,0.25,50,22,40,1730,8,0,32,1730,0.2,0.0,1.0,0.0,7.71462262489579
tfnbs,"e=0.4,h=10.0,n=30,start_thres=1.25",hub,0.25,50,22,40,1730,8,0,32,1730,0.2,0.0,1.0,0.0,7.71462262489579
tfnbs,"e=0.5,h=0.5,n=30,start_thres=1.25",hub,0.25,50,22,40,1730,9,0,31,1730,0.225,0.0,1.0,0.0,7.71462262489579
tfnbs,"e=0.5,h=1.0,n=30,start_thres=1.25",hub,0.25,50,22,40,1730,9,0,31,1730,0.225,0.0,1.0,0.0,7.71462262489579
tfnbs,"e=0.5,h=2.0,n=30,start_thres=1.25",hub,0.25,50,22,40,1730,9,0,31,1730,0.225,0.0,1.0,0.0,7.71462262489579
tfnbs,"e=0.5,h=3.0,n=30,start_thres=1.25",hub,0.25,50,22,40,1730,9,0,31,1730,0.225,0.0,1.0,0.0,7.71462262489579
tfnbs,"e=0.5,h=4.0,n=30,start_thres=1.25",hub,0.25,50,22,40,1730,9,0,31,1730,0.225,0.0,1.0,0.0,7.71462262489579
tfnbs,"e=0.5,h=5.0,n=30,start_thres=1.25",hub,0.25,50,22,40,1730,9,0,31,1730,0.225,0.0,1.0,0.0,7.71462262489579
tfnbs,"e=0.5,h=6.0,n=30,start_thres=1.25",hub,0.25,50,22,40,1730,8,0,32,1730,0.2,0.0,1.0,0.0,7.71462262489579
tfnbs,"e=0.5,h=7.0,n=30,start_thres=1.25",hub,0.25,50,22,40,1730,8,0,32,1730,0.2,0.0,1.0,0.0,7.71462262489579
tfnbs,"e=0.5,h=8.0,n=30,start_thres=1.25",hub,0.25,50,22,40,1730,8,0,32,1730,0.2,0.0,1.0,0.0,7.71462262489579
tfnbs,"e=0.5,h=9.0,n=30,start_thres=1.25",hub,0.25,50,22,40,1730,8,0,32,1730,0.2,0.0,1.0,0.0,7.71462262489579
tfnbs,"e=0.5,h=10.0,n=30,start_thres=1.25",hub,0.25,50,22,40,1730,8,0,32,1730,0.2,0.0,1.0,0.0,7.71462262489579
tfnbs,"e=0.6,h=0.5,n=30,start_thres=1.25",hub,0.25,50,22,40,1730,9,0,31,1730,0.225,0.0,1.0,0.0,7.71462262489579
tfnbs,"e=0.6,h=1.0,n=30,start_thres=1.25",hub,0.25,50,22,40,1730,9,0,31,1730,0.225,0.0,1.0,0.0,7.71462262489579
tfnbs,"e=0.6,h=2.0,n=30,start_thres=1.25",hub,0.25,50,22,40,1730,9,0,31,1730,0.225,0.0,1.0,0.0,7.71462262489579
tfnbs,"e=0.6,h=3.0,n=30,start_thres=1.25",hub,0.25,50,22,40,1730,9,0,31,1730,0.225,0.0,1.0,0.0,7.71462262489579
tfnbs,"e=0.6,h=4.0,n=30,start_thres=1.25",hub,0.25,50,22,40,1730,9,0,31,1730,0.225,0.0,1.0,0.0,7.71462262489579
tfnbs,"e=0.6,h=5.0,n=30,start_thres=1.25",hub,0.25,50,22,40,1730,9,0,31,1730,0.225,0.0,1.0,0.0,7.71462262489579
tfnbs,"e=0.6,h=6.0,n=30,start_thres=1.25",hub,0.25,50,22,40,1730,9,0,31,1730,0.225,0.0,1.0,0.0,7.71462262489579
tfnbs,"e=0.6,h=7.0,n=30,start_thres=1.25",hub,0.25,50,22,40,1730,9,0,31,1730,0.225,0.0,1.0,0.0,7.71462262489579
tfnbs,"e=0.6,h=8.0,n=30,start_thres=1.25",hub,0.25,50,22,40,1730,8,0,32,1730,0.2,0.0,1.0,0.0,7.71462262489579
tfnbs,"e=0.6,h=9.0,n=30,start_thres=1.25",hub,0.25,50,22,40,1730,8,0,32,1730,0.2,0.0,1.0,0.0,7.71462262489579
tfnbs,"e=0.6,h=10.0,n=30,start_thres=1.25",hub,0.25,50,22,40,1730,8,0,32,1730,0.2,0.0,1.0,0.0,7.71462262489579
tfnbs,"e=0.7,h=0.5,n=30,start_thres=1.25",hub,0.25,50,22,40,1730,9,0,31,1730,0.225,0.0,1.0,0.0,7.71462262489579
tfnbs,"e=0.7,h=1.0,n=30,start_thres=1.25",hub,0.25,50,22,40,1730,9,0,31,1730,0.225,0.0,1.0,0.0,7.71462262489579
tfnbs,"e=0.7,h=2.0,n=30,start_thres=1.25",hub,0.25,50,22,40,1730,9,0,31,1730,0.225,0.0,1.0,0.0,7.71462262489579
tfnbs,"e=0.7,h=3.0,n=30,start_thres=1.25",hub,0.25,50,22,40,1730,9,0,31,1730,0.225,0.0,1.0,0.0,7.71462262489579
tfnbs,"e=0.7,h=4.0,n=30,start_thres=1.25",hub,0.25,50,22,40,1730,9,0,31,1730,0.225,0.0,1.0,0.0,7.71462262489579
tfnbs,"e=0.7,h=5.0,n=30,start_thres=1.25",hub,0.25,50,22,40,1730,9,0,31,1730,0.225,0.0,1.0,0.0,7.71462262489579
tfnbs,"e=0.7,h=6.0,n=30,start_thres=1.25",hub,0.25,50,22,40,1730,9,0,31,1730,0.225,0.0,1.0,0.0,7.71462262489579
tfnbs,"e=0.7,h=7.0,n=30,start_thres=1.25",hub,0.25,50,22,40,1730,9,0,31,1730,0.225,0.0,1.0,0.0,7.71462262489579
tfnbs,"e=0.7,h=8.0,n=30,start_thres=1.25",hub,0.25,50,22,40,1730,9,0,31,1730,0.225,0.0,1.0,0.0,7.71462262489579
tfnbs,"e=0.7,h=9.0,n=30,start_thres=1.25",hub,0.25,50,22,40,1730,8,0,32,1730,0.2,0.0,1.0,0.0,7.71462262489579
tfnbs,"e=0.7,h=10.0,n=30,start_thres=1.25",hub,0.25,50,22,40,1730,8,0,32,1730,0.2,0.0,1.0,0.0,7.71462262489579
tfnbs,"e=0.8,h=0.5,n=30,start_thres=1.25",hub,0.25,50,22,40,1730,9,0,31,1730,0.225,0.0,1.0,0.0,7.71462262489579
tfnbs,"e=0.8,h=1.0,n=30,start_thres=1.25",hub,0.25,50,22,40,1730,9,0,31,1730,0.225,0.0,1.0,0.0,7.71462262489579
tfnbs,"e=0.8,h=2.0,n=30,start_thres=1.25",hub,0.25,50,22,40,1730,9,0,31,1730,0.225,0.0,1.0,0.0,7.71462262489579
tfnbs,"e=0.8,h=3.0,n=30,start_thres=1.25",hub,0.25,50,22,40,1730,10,0,30,1730,0.25,0.0,1.0,0.0,7.71462262489579
tfnbs,"e=0.8,h=4.0,n=30,start_thres=1.25",hub,0.25,50,22,40,1730,10,0,30,1730,0.25,0.0,1.0,0.0,7.71462262489579
tfnbs,"e=0.8,h=5.0,n=30,start_thres=1.25",hub,0.25,50,22,40,1730,9,0,31,1730,0.225,0.0,1.0,0.0,7.71462262489579
tfnbs,"e=0.8,h=6.0,n=30,start_thres=1.25",hub,0.25,50,22,40,1730,9,0,31,1730,0.225,0.0,1.0,0.0,7.71462262489579
tfnbs,"e=0.8,h=7.0,n=30,start_thres=1.25",hub,0.25,50,22,40,1730,9,0,31,1730,0.225,0.0,1.0,0.0,7.71462262489579
tfnbs,"e=0.8,h=8.0,n=30,start_thres=1.25",hub,0.25,50,22,40,1730,9,0,31,1730,0.225,0.0,1.0,0.0,7.71462262489579
tfnbs,"e=0.8,h=9.0,n=30,start_thres=1.25",hub,0.25,50,22,40,1730,9,0,31,1730,0.225,0.0,1.0,0.0,7.71462262489579
tfnbs,"e=0.8,h=10.0,n=30,start_thres=1.25",hub,0.25,50,22,40,1730,9,0,31,1730,0.225,0.0,1.0,0.0,7.71462262489579
tfnbs,"e=0.9,h=0.5,n=30,start_thres=1.25",hub,0.25,50,22,40,1730,8,0,32,1730,0.2,0.0,1.0,0.0,7.71462262489579
tfnbs,"e=0.9,h=1.0,n=30,start_thres=1.25",hub,0.25,50,22,40,1730,9,0,31,1730,0.225,0.0,1.0,0.0,7.71462262489579
tfnbs,"e=0.9,h=2.0,n=30,start_thres=1.25",hub,0.25,50,22,40,1730,9,0,31,1730,0.225,0.0,1.0,0.0,7.71462262489579
tfnbs,"e=0.9,h=3.0,n=30,start_thres=1.25",hub,0.25,50,22,40,1730,10,0,30,1730,0.25,0.0,1.0,0.0,7.71462262489579
tfnbs,"e=0.9,h=4.0,n=30,start_thres=1.25",hub,0.25,50,22,40,1730,10,0,30,1730,0.25,0.0,1.0,0.0,7.71462262489579
tfnbs,"e=0.9,h=5.0,n=30,start_thres=1.25",hub,0.25,50,22,40,1730,10,0,30,1730,0.25,0.0,1.0,0.0,7.71462262489579
tfnbs,"e=0.9,h=6.0,n=30,start_thres=1.25",hub,0.25,50,22,40,1730,9,0,31,1730,0.225,0.0,1.0,0.0,7.71462262489579
tfnbs,"e=0.9,h=7.0,n=30,start_thres=1.25",hub,0.25,50,22,40,1730,9,0,31,1730,0.225,0.0,1.0,0.0,7.71462262489579
tfnbs,"e=0.9,h=8.0,n=30,start_thres=1.25",hub,0.25,50,22,40,1730,9,0,31,1730,0.225,0.0,1.0,0.0,7.71462262489579
tfnbs,"e=0.9,h=9.0,n=30,start_thres=1.25",hub,0.25,50,22,40,1730,9,0,31,1730,0.225,0.0,1.0,0.0,7.71462262489579
tfnbs,"e=0.9,h=10.0,n=30,start_thres=1.25",hub,0.25,50,22,40,1730,9,0,31,1730,0.225,0.0,1.0,0.0,7.71462262489579
tfnbs,"e=1.0,h=0.5,n=30,start_thres=1.25",hub,0.25,50,22,40,1730,4,0,36,1730,0.1,0.0,1.0,0.0,7.71462262489579
tfnbs,"e=1.0,h=1.0,n=30,start_thres=1.25",hub,0.25,50,22,40,1730,8,0,32,1730,0.2,0.0,1.0,0.0,7.71462262489579
tfnbs,"e=1.0,h=2.0,n=30,start_thres=1.25",hub,0.25,50,22,40,1730,9,0,31,1730,0.225,0.0,1.0,0.0,7.71462262489579
tfnbs,"e=1.0,h=3.0,n=30,start_thres=1.25",hub,0.25,50,22,40,1730,10,0,30,1730,0.25,0.0,1.0,0.0,7.71462262489579
tfnbs,"e=1.0,h=4.0,n=30,start_thres=1.25",hub,0.25,50,22,40,1730,10,0,30,1730,0.25,0.0,1.0,0.0,7.71462262489579
tfnbs,"e=1.0,h=5.0,n=30,start_thres=1.25",hub,0.25,50,22,40,1730,10,0,30,1730,0.25,0.0,1.0,0.0,7.71462262489579
tfnbs,"e=1.0,h=6.0,n=30,start_thres=1.25",hub,0.25,50,22,40,1730,10,0,30,1730,0.25,0.0,1.0,0.0,7.71462262489579
tfnbs,"e=1.0,h=7.0,n=30,start_thres=1.25",hub,0.25,50,22,40,1730,10,0,30,1730,0.25,0.0,1.0,0.0,7.71462262489579
tfnbs,"e=1.0,h=8.0,n=30,start_thres=1.25",hub,0.25,50,22,40,1730,9,0,31,1730,0.225,0.0,1.0,0.0,7.71462262489579
tfnbs,"e=1.0,h=9.0,n=30,start_thres=1.25",hub,0.25,50,22,40,1730,9,0,31,1730,0.225,0.0,1.0,0.0,7.71462262489579
tfnbs,"e=1.0,h=10.0,n=30,start_thres=1.25",hub,0.25,50,22,40,1730,9,0,31,1730,0.225,0.0,1.0,0.0,7.71462262489579
tfnbs,"e=1.1,h=0.5,n=30,start_thres=1.25",hub,0.25,50,22,40,1730,0,0,40,1730,0.0,0.0,0.0,0.0,7.71462262489579
tfnbs,"e=1.1,h=1.0,n=30,start_thres=1.25",hub,0.25,50,22,40,1730,4,0,36,1730,0.1,0.0,1.0,0.0,7.71462262489579
tfnbs,"e=1.1,h=2.0,n=30,start_thres=1.25",hub,0.25,50,22,40,1730,9,0,31,1730,0.225,0.0,1.0,0.0,7.71462262489579
tfnbs,"e=1.1,h=3.0,n=30,start_thres=1.25",hub,0.25,50,22,40,1730,9,0,31,1730,0.225,0.0,1.0,0.0,7.71462262489579
tfnbs,"e=1.1,h=4.0,n=30,start_thres=1.25",hub,0.25,50,22,40,1730,10,0,30,1730,0.25,0.0,1.0,0.0,7.71462262489579
tfnbs,"e=1.1,h=5.0,n=30,start_thres=1.25",hub,0.25,50,22,40,1730,10,0,30,1730,0.25,0.0,1.0,0.0,7.71462262489579
tfnbs,"e=1.1,h=6.0,n=30,start_thres=1.25",hub,0.25,50,22,40,1730,10,0,30,1730,0.25,0.0,1.0,0.0,7.71462262489579
tfnbs,"e=1.1,h=7.0,n=30,start_thres=1.25",hub,0.25,50,22,40,1730,10,0,30,1730,0.25,0.0,1.0,0.0,7.71462262489579
tfnbs,"e=1.1,h=8.0,n=30,start_thres=1.25",hub,0.25,50,22,40,1730,10,0,30,1730,0.25,0.0,1.0,0.0,7.71462262489579
tfnbs,"e=1.1,h=9.0,n=30,start_thres=1.25",hub,0.25,50,22,40,1730,9,0,31,1730,0.225,0.0,1.0,0.0,7.71462262489579
tfnbs,"e=1.1,h=10.0,n=30,start_thres=1.25",hub,0.25,50,22,40,1730,9,0,31,1730,0.225,0.0,1.0,0.0,7.71462262489579
tfnbs,"e=1.2,h=0.5,n=30,start_thres=1.25",hub,0.25,50,22,40,1730,0,0,40,1730,0.0,0.0,0.0,0.0,7.71462262489579
tfnbs,"e=1.2,h=1.0,n=30,start_thres=1.25",hub,0.25,50,22,40,1730,0,0,40,1730,0.0,0.0,0.0,0.0,7.71462262489579
tfnbs,"e=1.2,h=2.0,n=30,start_thres=1.25",hub,0.25,50,22,40,1730,8,0,32,1730,0.2,0.0,1.0,0.0,7.71462262489579
tfnbs,"e=1.2,h=3.0,n=30,start_thres=1.25",hub,0.25,50,22,40,1730,9,0,31,1730,0.225,0.0,1.0,0.0,7.71462262489579
tfnbs,"e=1.2,h=4.0,n=30,start_thres=1.25",hub,0.25,50,22,40,1730,10,0,30,1730,0.25,0.0,1.0,0.0,7.71462262489579
tfnbs,"e=1.2,h=5.0,n=30,start_thres=1.25",hub,0.25,50,22,40,1730,10,0,30,1730,0.25,0.0,1.0,0.0,7.71462262489579
tfnbs,"e=1.2,h=6.0,n=30,start_thres=1.25",hub,0.25,50,22,40,1730,10,0,30,1730,0.25,0.0,1.0,0.0,7.71462262489579
tfnbs,"e=1.2,h=7.0,n=30,start_thres=1.25",hub,0.25,50,22,40,1730,10,0,30,1730,0.25,0.0,1.0,0.0,7.71462262489579
tfnbs,"e=1.2,h=8.0,n=30,start_thres=1.25",hub,0.25,50,22,40,1730,10,0,30,1730,0.25,0.0,1.0,0.0,7.71462262489579
tfnbs,"e=1.2,h=9.0,n=30,start_thres=1.25",hub,0.25,50,22,40,1730,10,0,30,1730,0.25,0.0,1.0,0.0,7.71462262489579
tfnbs,"e=1.2,h=10.0,n=30,start_thres=1.25",hub,0.25,50,22,40,1730,9,0,31,1730,0.225,0.0,1.0,0.0,7.71462262489579
tfnbs,"e=1.3,h=0.5,n=30,start_thres=1.25",hub,0.25,50,22,40,1730,0,0,40,1730,0.0,0.0,0.0,0.0,7.71462262489579
tfnbs,"e=1.3,h=1.0,n=30,start_thres=1.25",hub,0.25,50,22,40,1730,0,0,40,1730,0.0,0.0,0.0,0.0,7.71462262489579
tfnbs,"e=1.3,h=2.0,n=30,start_thres=1.25",hub,0.25,50,22,40,1730,5,0,35,1730,0.125,0.0,1.0,0.0,7.71462262489579
tfnbs,"e=1.3,h=3.0,n=30,start_thres=1.25",hub,0.25,50,22,40,1730,9,0,31,1730,0.225,0.0,1.0,0.0,7.71462262489579
tfnbs,"e=1.3,h=4.0,n=30,start_thres=1.25",hub,0.25,50,22,40,1730,10,0,30,1730,0.25,0.0,1.0,0.0,7.71462262489579
tfnbs,"e=1.3,h=5.0,n=30,start_thres=1.25",hub,0.25,50,22,40,1730,10,0,30,1730,0.25,0.0,1.0,0.0,7.71462262489579
tfnbs,"e=1.3,h=6.0,n=30,start_thres=1.25",hub,0.25,50,22,40,1730,10,0,30,1730,0.25,0.0,1.0,0.0,7.71462262489579
tfnbs,"e=1.3,h=7.0,n=30,start_thres=1.25",hub,0.25,50,22,40,1730,10,0,30,1730,0.25,0.0,1.0,0.0,7.71462262489579
tfnbs,"e=1.3,h=8.0,n=30,start_thres=1.25",hub,0.25,50,22,40,1730,10,0,30,1730,0.25,0.0,1.0,0.0,7.71462262489579
tfnbs,"e=1.3,h=9.0,n=30,start_thres=1.25",hub,0.25,50,22,40,1730,10,0,30,1730,0.25,0.0,1.0,0.0,7.71462262489579
tfnbs,"e=1.3,h=10.0,n=30,start_thres=1.25",hub,0.25,50,22,40,1730,10,0,30,1730,0.25,0.0,1.0,0.0,7.71462262489579
tfnbs,"e=1.4,h=0.5,n=30,start_thres=1.25",hub,0.25,50,22,40,1730,0,0,40,1730,0.0,0.0,0.0,0.0,7.71462262489579
tfnbs,"e=1.4,h=1.0,n=30,start_thres=1.25",hub,0.25,50,22,40,1730,0,0,40,1730,0.0,0.0,0.0,0.0,7.71462262489579
tfnbs,"e=1.4,h=2.0,n=30,start_thres=1.25",hub,0.25,50,22,40,1730,0,0,40,1730,0.0,0.0,0.0,0.0,7.71462262489579
tfnbs,"e=1.4,h=3.0,n=30,start_thres=1.25",hub,0.25,50,22,40,1730,8,0,32,1730,0.2,0.0,1.0,0.0,7.71462262489579
tfnbs,"e=1.4,h=4.0,n=30,start_thres=1.25",hub,0.25,50,22,40,1730,9,0,31,1730,0.225,0.0,1.0,0.0,7.71462262489579
tfnbs,"e=1.4,h=5.0,n=30,start_thres=1.25",hub,0.25,50,22,40,1730,10,0,30,1730,0.25,0.0,1.0,0.0,7.71462262489579
tfnbs,"e=1.4,h=6.0,n=30,start_thres=1.25",hub,0.25,50,22,40,1730,10,0,30,1730,0.25,0.0,1.0,0.0,7.71462262489579
tfnbs,"e=1.4,h=7.0,n=30,start_thres=1.25",hub,0.25,50,22,40,1730,10,0,30,1730,0.25,0.0,1.0,0.0,7.71462262489579
tfnbs,"e=1.4,h=8.0,n=30,start_thres=1.25",hub,0.25,50,22,40,1730,10,0,30,1730,0.25,0.0,1.0,0.0,7.71462262489579
tfnbs,"e=1.4,h=9.0,n=30,start_thres=1.25",hub,0.25,50,22,40,1730,10,0,30,1730,0.25,0.0,1.0,0.0,7.71462262489579
tfnbs,"e=1.4,h=10.0,n=30,start_thres=1.25",hub,0.25,50,22,40,1730,10,0,30,1730,0.25,0.0,1.0,0.0,7.71462262489579
tfnbs,"e=1.5,h=0.5,n=30,start_thres=1.25",hub,0.25,50,22,40,1730,0,0,40,1730,0.0,0.0,0.0,0.0,7.71462262489579
tfnbs,"e=1.5,h=1.0,n=30,start_thres=1.25",hub,0.25,50,22,40,1730,0,0,40,1730,0.0,0.0,0.0,0.0,7.71462262489579
tfnbs,"e=1.5,h=2.0,n=30,start_thres=1.25",hub,0.25,50,22,40,1730,0,0,40,1730,0.0,0.0,0.0,0.0,7.71462262489579
tfnbs,"e=1.5,h=3.0,n=30,start_thres=1.25",hub,0.25,50,22,40,1730,6,0,34,1730,0.15,0.0,1.0,0.0,7.71462262489579
tfnbs,"e=1.5,h=4.0,n=30,start_thres=1.25",hub,0.25,50,22,40,1730,9,0,31,1730,0.225,0.0,1.0,0.0,7.71462262489579
tfnbs,"e=1.5,h=5.0,n=30,start_thres=1.25",hub,0.25,50,22,40,1730,10,0,30,1730,0.25,0.0,1.0,0.0,7.71462262489579
tfnbs,"e=1.5,h=6.0,n=30,start_thres=1.25",hub,0.25,50,22,40,1730,10,0,30,1730,0.25,0.0,1.0,0.0,7.71462262489579
tfnbs,"e=1.5,h=7.0,n=30,start_thres=1.25",hub,0.25,50,22,40,1730,10,0,30,1730,0.25,0.0,1.0,0.0,7.71462262489579
tfnbs,"e=1.5,h=8.0,n=30,start_thres=1.25",hub,0.25,50,22,40,1730,13,0,27,1730,0.325,0.0,1.0,0.0,7.71462262489579
tfnbs,"e=1.5,h=9.0,n=30,start_thres=1.25",hub,0.25,50,22,40,1730,10,0,30,1730,0.25,0.0,1.0,0.0,7.71462262489579
tfnbs,"e=1.5,h=10.0,n=30,start_thres=1.25",hub,0.25,50,22,40,1730,10,0,30,1730,0.25,0.0,1.0,0.0,7.71462262489579
nbs_intensity,threshold=2.5,hub,0.25,50,15,40,1730,32,31,8,1699,0.8,0.0179190751445086,0.5079365079365079,0.492063492063492,8.590306043624878
nbs_intensity,threshold=2.5,hub,0.25,50,20,40,1730,26,10,14,1720,0.65,0.0057803468208092,0.7222222222222222,0.2777777777777778,7.839217662811279
nbs_intensity,threshold=2.5,hub,0.25,50,19,40,1730,25,14,15,1716,0.625,0.0080924855491329,0.6410256410256411,0.358974358974359,8.349844455718994
nbs_intensity,threshold=2.5,hub,0.25,50,17,40,1730,38,15,2,1715,0.95,0.0086705202312138,0.7169811320754716,0.2830188679245283,9.099690437316896
nbs_intensity,threshold=2.5,hub,0.25,50,22,40,1730,25,3,15,1727,0.625,0.0017341040462427,0.8928571428571429,0.1071428571428571,7.923263311386108
nbs_intensity,threshold=2.5,hub,0.25,50,21,40,1730,32,2,8,1728,0.8,0.0011560693641618,0.9411764705882352,0.0588235294117647,8.533818006515503
nbs_intensity,threshold=2.5,hub,0.25,50,23,40,1730,38,17,2,1713,0.95,0.0098265895953757,0.6909090909090909,0.3090909090909091,8.096812009811401
nbs_intensity,threshold=2.5,hub,0.25,50,24,40,1730,35,2,5,1728,0.875,0.0011560693641618,0.945945945945946,0.054054054054054,8.058975219726562
nbs_intensity,threshold=2.5,hub,0.25,50,25,40,1730,29,13,11,1717,0.725,0.007514450867052,0.6904761904761905,0.3095238095238095,8.204471111297607
nbs_intensity,threshold=2.5,hub,0.25,50,26,40,1730,31,9,9,1721,0.775,0.0052023121387283,0.775,0.225,8.275646686553955
nbs_intensity,threshold=2.5,hub,0.25,50,28,40,1730,38,9,2,1721,0.95,0.0052023121387283,0.8085106382978723,0.1914893617021276,7.77747106552124
nbs_intensity,threshold=2.5,hub,0.25,50,27,40,1730,35,22,5,1708,0.875,0.0127167630057803,0.6140350877192983,0.3859649122807017,7.853645801544189
nbs_intensity,threshold=3.0,hub,0.25,50,0,40,1730,23,9,17,1721,0.575,0.0052023121387283,0.71875,0.28125,7.680596351623535
nbs_intensity,threshold=3.0,hub,0.25,50,1,40,1730,29,4,11,1726,0.725,0.0023121387283236,0.8787878787878788,0.1212121212121212,7.891964912414551
nbs_intensity,threshold=3.0,hub,0.25,50,2,40,1730,27,0,13,1730,0.675,0.0,1.0,0.0,8.301008462905884
nbs_intensity,threshold=3.0,hub,0.25,50,3,40,1730,20,2,20,1728,0.5,0.0011560693641618,0.9090909090909092,0.0909090909090909,7.926120758056641
nbs_intensity,threshold=2.5,hub,0.25,50,29,40,1730,33,6,7,1724,0.825,0.0034682080924855,0.8461538461538461,0.1538461538461538,8.797940015792847
nbs_intensity,threshold=3.0,hub,0.25,50,4,40,1730,21,1,19,1729,0.525,0.0005780346820809,0.9545454545454546,0.0454545454545454,8.104550838470459
tfnbs,"e=0.05,h=0.5,n=30,start_thres=1.25",hub,0.25,50,17,40,1730,17,0,23,1730,0.425,0.0,1.0,0.0,7.773094021461227
tfnbs,"e=0.05,h=1.0,n=30,start_thres=1.25",hub,0.25,50,17,40,1730,17,0,23,1730,0.425,0.0,1.0,0.0,7.773094021461227
tfnbs,"e=0.05,h=2.0,n=30,start_thres=1.25",hub,0.25,50,17,40,1730,17,0,23,1730,0.425,0.0,1.0,0.0,7.773094021461227
tfnbs,"e=0.05,h=3.0,n=30,start_thres=1.25",hub,0.25,50,17,40,1730,17,0,23,1730,0.425,0.0,1.0,0.0,7.773094021461227
tfnbs,"e=0.05,h=4.0,n=30,start_thres=1.25",hub,0.25,50,17,40,1730,17,0,23,1730,0.425,0.0,1.0,0.0,7.773094021461227
tfnbs,"e=0.05,h=5.0,n=30,start_thres=1.25",hub,0.25,50,17,40,1730,17,0,23,1730,0.425,0.0,1.0,0.0,7.773094021461227
tfnbs,"e=0.05,h=6.0,n=30,start_thres=1.25",hub,0.25,50,17,40,1730,17,0,23,1730,0.425,0.0,1.0,0.0,7.773094021461227
tfnbs,"e=0.05,h=7.0,n=30,start_thres=1.25",hub,0.25,50,17,40,1730,17,0,23,1730,0.425,0.0,1.0,0.0,7.773094021461227
tfnbs,"e=0.05,h=8.0,n=30,start_thres=1.25",hub,0.25,50,17,40,1730,15,0,25,1730,0.375,0.0,1.0,0.0,7.773094021461227
tfnbs,"e=0.05,h=9.0,n=30,start_thres=1.25",hub,0.25,50,17,40,1730,15,0,25,1730,0.375,0.0,1.0,0.0,7.773094021461227
tfnbs,"e=0.05,h=10.0,n=30,start_thres=1.25",hub,0.25,50,17,40,1730,15,0,25,1730,0.375,0.0,1.0,0.0,7.773094021461227
tfnbs,"e=0.1,h=0.5,n=30,start_thres=1.25",hub,0.25,50,17,40,1730,18,0,22,1730,0.45,0.0,1.0,0.0,7.773094021461227
tfnbs,"e=0.1,h=1.0,n=30,start_thres=1.25",hub,0.25,50,17,40,1730,18,0,22,1730,0.45,0.0,1.0,0.0,7.773094021461227
tfnbs,"e=0.1,h=2.0,n=30,start_thres=1.25",hub,0.25,50,17,40,1730,18,0,22,1730,0.45,0.0,1.0,0.0,7.773094021461227
tfnbs,"e=0.1,h=3.0,n=30,start_thres=1.25",hub,0.25,50,17,40,1730,17,0,23,1730,0.425,0.0,1.0,0.0,7.773094021461227
tfnbs,"e=0.1,h=4.0,n=30,start_thres=1.25",hub,0.25,50,17,40,1730,17,0,23,1730,0.425,0.0,1.0,0.0,7.773094021461227
tfnbs,"e=0.1,h=5.0,n=30,start_thres=1.25",hub,0.25,50,17,40,1730,17,0,23,1730,0.425,0.0,1.0,0.0,7.773094021461227
tfnbs,"e=0.1,h=6.0,n=30,start_thres=1.25",hub,0.25,50,17,40,1730,17,0,23,1730,0.425,0.0,1.0,0.0,7.773094021461227
tfnbs,"e=0.1,h=7.0,n=30,start_thres=1.25",hub,0.25,50,17,40,1730,17,0,23,1730,0.425,0.0,1.0,0.0,7.773094021461227
tfnbs,"e=0.1,h=8.0,n=30,start_thres=1.25",hub,0.25,50,17,40,1730,17,0,23,1730,0.425,0.0,1.0,0.0,7.773094021461227
tfnbs,"e=0.1,h=9.0,n=30,start_thres=1.25",hub,0.25,50,17,40,1730,17,0,23,1730,0.425,0.0,1.0,0.0,7.773094021461227
tfnbs,"e=0.1,h=10.0,n=30,start_thres=1.25",hub,0.25,50,17,40,1730,17,0,23,1730,0.425,0.0,1.0,0.0,7.773094021461227
tfnbs,"e=0.2,h=0.5,n=30,start_thres=1.25",hub,0.25,50,17,40,1730,24,0,16,1730,0.6,0.0,1.0,0.0,7.773094021461227
tfnbs,"e=0.2,h=1.0,n=30,start_thres=1.25",hub,0.25,50,17,40,1730,24,0,16,1730,0.6,0.0,1.0,0.0,7.773094021461227
tfnbs,"e=0.2,h=2.0,n=30,start_thres=1.25",hub,0.25,50,17,40,1730,22,0,18,1730,0.55,0.0,1.0,0.0,7.773094021461227
tfnbs,"e=0.2,h=3.0,n=30,start_thres=1.25",hub,0.25,50,17,40,1730,22,0,18,1730,0.55,0.0,1.0,0.0,7.773094021461227
tfnbs,"e=0.2,h=4.0,n=30,start_thres=1.25",hub,0.25,50,17,40,1730,22,0,18,1730,0.55,0.0,1.0,0.0,7.773094021461227
tfnbs,"e=0.2,h=5.0,n=30,start_thres=1.25",hub,0.25,50,17,40,1730,18,0,22,1730,0.45,0.0,1.0,0.0,7.773094021461227
tfnbs,"e=0.2,h=6.0,n=30,start_thres=1.25",hub,0.25,50,17,40,1730,18,0,22,1730,0.45,0.0,1.0,0.0,7.773094021461227
tfnbs,"e=0.2,h=7.0,n=30,start_thres=1.25",hub,0.25,50,17,40,1730,18,0,22,1730,0.45,0.0,1.0,0.0,7.773094021461227
tfnbs,"e=0.2,h=8.0,n=30,start_thres=1.25",hub,0.25,50,17,40,1730,18,0,22,1730,0.45,0.0,1.0,0.0,7.773094021461227
tfnbs,"e=0.2,h=9.0,n=30,start_thres=1.25",hub,0.25,50,17,40,1730,17,0,23,1730,0.425,0.0,1.0,0.0,7.773094021461227
tfnbs,"e=0.2,h=10.0,n=30,start_thres=1.25",hub,0.25,50,17,40,1730,17,0,23,1730,0.425,0.0,1.0,0.0,7.773094021461227
tfnbs,"e=0.3,h=0.5,n=30,start_thres=1.25",hub,0.25,50,17,40,1730,32,0,8,1730,0.8,0.0,1.0,0.0,7.773094021461227
tfnbs,"e=0.3,h=1.0,n=30,start_thres=1.25",hub,0.25,50,17,40,1730,29,0,11,1730,0.725,0.0,1.0,0.0,7.773094021461227
tfnbs,"e=0.3,h=2.0,n=30,start_thres=1.25",hub,0.25,50,17,40,1730,29,0,11,1730,0.725,0.0,1.0,0.0,7.773094021461227
tfnbs,"e=0.3,h=3.0,n=30,start_thres=1.25",hub,0.25,50,17,40,1730,24,0,16,1730,0.6,0.0,1.0,0.0,7.773094021461227
tfnbs,"e=0.3,h=4.0,n=30,start_thres=1.25",hub,0.25,50,17,40,1730,24,0,16,1730,0.6,0.0,1.0,0.0,7.773094021461227
tfnbs,"e=0.3,h=5.0,n=30,start_thres=1.25",hub,0.25,50,17,40,1730,22,0,18,1730,0.55,0.0,1.0,0.0,7.773094021461227
tfnbs,"e=0.3,h=6.0,n=30,start_thres=1.25",hub,0.25,50,17,40,1730,22,0,18,1730,0.55,0.0,1.0,0.0,7.773094021461227
tfnbs,"e=0.3,h=7.0,n=30,start_thres=1.25",hub,0.25,50,17,40,1730,18,0,22,1730,0.45,0.0,1.0,0.0,7.773094021461227
tfnbs,"e=0.3,h=8.0,n=30,start_thres=1.25",hub,0.25,50,17,40,1730,18,0,22,1730,0.45,0.0,1.0,0.0,7.773094021461227
tfnbs,"e=0.3,h=9.0,n=30,start_thres=1.25",hub,0.25,50,17,40,1730,18,0,22,1730,0.45,0.0,1.0,0.0,7.773094021461227
tfnbs,"e=0.3,h=10.0,n=30,start_thres=1.25",hub,0.25,50,17,40,1730,18,0,22,1730,0.45,0.0,1.0,0.0,7.773094021461227
tfnbs,"e=0.4,h=0.5,n=30,start_thres=1.25",hub,0.25,50,17,40,1730,34,3,6,1727,0.85,0.0017341040462427,0.918918918918919,0.081081081081081,7.773094021461227
tfnbs,"e=0.4,h=1.0,n=30,start_thres=1.25",hub,0.25,50,17,40,1730,32,0,8,1730,0.8,0.0,1.0,0.0,7.773094021461227
tfnbs,"e=0.4,h=2.0,n=30,start_thres=1.25",hub,0.25,50,17,40,1730,32,0,8,1730,0.8,0.0,1.0,0.0,7.773094021461227
tfnbs,"e=0.4,h=3.0,n=30,start_thres=1.25",hub,0.25,50,17,40,1730,29,0,11,1730,0.725,0.0,1.0,0.0,7.773094021461227
tfnbs,"e=0.4,h=4.0,n=30,start_thres=1.25",hub,0.25,50,17,40,1730,29,0,11,1730,0.725,0.0,1.0,0.0,7.773094021461227
tfnbs,"e=0.4,h=5.0,n=30,start_thres=1.25",hub,0.25,50,17,40,1730,24,0,16,1730,0.6,0.0,1.0,0.0,7.773094021461227
tfnbs,"e=0.4,h=6.0,n=30,start_thres=1.25",hub,0.25,50,17,40,1730,24,0,16,1730,0.6,0.0,1.0,0.0,7.773094021461227
tfnbs,"e=0.4,h=7.0,n=30,start_thres=1.25",hub,0.25,50,17,40,1730,22,0,18,1730,0.55,0.0,1.0,0.0,7.773094021461227
tfnbs,"e=0.4,h=8.0,n=30,start_thres=1.25",hub,0.25,50,17,40,1730,22,0,18,1730,0.55,0.0,1.0,0.0,7.773094021461227
tfnbs,"e=0.4,h=9.0,n=30,start_thres=1.25",hub,0.25,50,17,40,1730,22,0,18,1730,0.55,0.0,1.0,0.0,7.773094021461227
tfnbs,"e=0.4,h=10.0,n=30,start_thres=1.25",hub,0.25,50,17,40,1730,18,0,22,1730,0.45,0.0,1.0,0.0,7.773094021461227
tfnbs,"e=0.5,h=0.5,n=30,start_thres=1.25",hub,0.25,50,17,40,1730,34,3,6,1727,0.85,0.0017341040462427,0.918918918918919,0.081081081081081,7.773094021461227
tfnbs,"e=0.5,h=1.0,n=30,start_thres=1.25",hub,0.25,50,17,40,1730,34,3,6,1727,0.85,0.0017341040462427,0.918918918918919,0.081081081081081,7.773094021461227
tfnbs,"e=0.5,h=2.0,n=30,start_thres=1.25",hub,0.25,50,17,40,1730,34,3,6,1727,0.85,0.0017341040462427,0.918918918918919,0.081081081081081,7.773094021461227
tfnbs,"e=0.5,h=3.0,n=30,start_thres=1.25",hub,0.25,50,17,40,1730,32,0,8,1730,0.8,0.0,1.0,0.0,7.773094021461227
tfnbs,"e=0.5,h=4.0,n=30,start_thres=1.25",hub,0.25,50,17,40,1730,32,0,8,1730,0.8,0.0,1.0,0.0,7.773094021461227
tfnbs,"e=0.5,h=5.0,n=30,start_thres=1.25",hub,0.25,50,17,40,1730,29,0,11,1730,0.725,0.0,1.0,0.0,7.773094021461227
tfnbs,"e=0.5,h=6.0,n=30,start_thres=1.25",hub,0.25,50,17,40,1730,29,0,11,1730,0.725,0.0,1.0,0.0,7.773094021461227
tfnbs,"e=0.5,h=7.0,n=30,start_thres=1.25",hub,0.25,50,17,40,1730,24,0,16,1730,0.6,0.0,1.0,0.0,7.773094021461227
tfnbs,"e=0.5,h=8.0,n=30,start_thres=1.25",hub,0.25,50,17,40,1730,24,0,16,1730,0.6,0.0,1.0,0.0,7.773094021461227
tfnbs,"e=0.5,h=9.0,n=30,start_thres=1.25",hub,0.25,50,17,40,1730,22,0,18,1730,0.55,0.0,1.0,0.0,7.773094021461227
tfnbs,"e=0.5,h=10.0,n=30,start_thres=1.25",hub,0.25,50,17,40,1730,22,0,18,1730,0.55,0.0,1.0,0.0,7.773094021461227
tfnbs,"e=0.6,h=0.5,n=30,start_thres=1.25",hub,0.25,50,17,40,1730,34,6,6,1724,0.85,0.0034682080924855,0.85,0.15,7.773094021461227
tfnbs,"e=0.6,h=1.0,n=30,start_thres=1.25",hub,0.25,50,17,40,1730,34,6,6,1724,0.85,0.0034682080924855,0.85,0.15,7.773094021461227
tfnbs,"e=0.6,h=2.0,n=30,start_thres=1.25",hub,0.25,50,17,40,1730,34,6,6,1724,0.85,0.0034682080924855,0.85,0.15,7.773094021461227
tfnbs,"e=0.6,h=3.0,n=30,start_thres=1.25",hub,0.25,50,17,40,1730,34,3,6,1727,0.85,0.0017341040462427,0.918918918918919,0.081081081081081,7.773094021461227
tfnbs,"e=0.6,h=4.0,n=30,start_thres=1.25",hub,0.25,50,17,40,1730,34,3,6,1727,0.85,0.0017341040462427,0.918918918918919,0.081081081081081,7.773094021461227
tfnbs,"e=0.6,h=5.0,n=30,start_thres=1.25",hub,0.25,50,17,40,1730,32,0,8,1730,0.8,0.0,1.0,0.0,7.773094021461227
tfnbs,"e=0.6,h=6.0,n=30,start_thres=1.25",hub,0.25,50,17,40,1730,29,0,11,1730,0.725,0.0,1.0,0.0,7.773094021461227
tfnbs,"e=0.6,h=7.0,n=30,start_thres=1.25",hub,0.25,50,17,40,1730,29,0,11,1730,0.725,0.0,1.0,0.0,7.773094021461227
tfnbs,"e=0.6,h=8.0,n=30,start_thres=1.25",hub,0.25,50,17,40,1730,29,0,11,1730,0.725,0.0,1.0,0.0,7.773094021461227
tfnbs,"e=0.6,h=9.0,n=30,start_thres=1.25",hub,0.25,50,17,40,1730,24,0,16,1730,0.6,0.0,1.0,0.0,7.773094021461227
tfnbs,"e=0.6,h=10.0,n=30,start_thres=1.25",hub,0.25,50,17,40,1730,24,0,16,1730,0.6,0.0,1.0,0.0,7.773094021461227
tfnbs,"e=0.7,h=0.5,n=30,start_thres=1.25",hub,0.25,50,17,40,1730,34,6,6,1724,0.85,0.0034682080924855,0.85,0.15,7.773094021461227
tfnbs,"e=0.7,h=1.0,n=30,start_thres=1.25",hub,0.25,50,17,40,1730,34,6,6,1724,0.85,0.0034682080924855,0.85,0.15,7.773094021461227
tfnbs,"e=0.7,h=2.0,n=30,start_thres=1.25",hub,0.25,50,17,40,1730,34,6,6,1724,0.85,0.0034682080924855,0.85,0.15,7.773094021461227
tfnbs,"e=0.7,h=3.0,n=30,start_thres=1.25",hub,0.25,50,17,40,1730,34,6,6,1724,0.85,0.0034682080924855,0.85,0.15,7.773094021461227
tfnbs,"e=0.7,h=4.0,n=30,start_thres=1.25",hub,0.25,50,17,40,1730,34,3,6,1727,0.85,0.0017341040462427,0.918918918918919,0.081081081081081,7.773094021461227
tfnbs,"e=0.7,h=5.0,n=30,start_thres=1.25",hub,0.25,50,17,40,1730,34,3,6,1727,0.85,0.0017341040462427,0.918918918918919,0.081081081081081,7.773094021461227
tfnbs,"e=0.7,h=6.0,n=30,start_thres=1.25",hub,0.25,50,17,40,1730,32,0,8,1730,0.8,0.0,1.0,0.0,7.773094021461227
tfnbs,"e=0.7,h=7.0,n=30,start_thres=1.25",hub,0.25,50,17,40,1730,32,0,8,1730,0.8,0.0,1.0,0.0,7.773094021461227
tfnbs,"e=0.7,h=8.0,n=30,start_thres=1.25",hub,0.25,50,17,40,1730,29,0,11,1730,0.725,0.0,1.0,0.0,7.773094021461227
tfnbs,"e=0.7,h=9.0,n=30,start_thres=1.25",hub,0.25,50,17,40,1730,29,0,11,1730,0.725,0.0,1.0,0.0,7.773094021461227
tfnbs,"e=0.7,h=10.0,n=30,start_thres=1.25",hub,0.25,50,17,40,1730,24,0,16,1730,0.6,0.0,1.0,0.0,7.773094021461227
tfnbs,"e=0.8,h=0.5,n=30,start_thres=1.25",hub,0.25,50,17,40,1730,37,14,3,1716,0.925,0.0080924855491329,0.7254901960784313,0.2745098039215686,7.773094021461227
tfnbs,"e=0.8,h=1.0,n=30,start_thres=1.25",hub,0.25,50,17,40,1730,37,14,3,1716,0.925,0.0080924855491329,0.7254901960784313,0.2745098039215686,7.773094021461227
tfnbs,"e=0.8,h=2.0,n=30,start_thres=1.25",hub,0.25,50,17,40,1730,37,14,3,1716,0.925,0.0080924855491329,0.7254901960784313,0.2745098039215686,7.773094021461227
tfnbs,"e=0.8,h=3.0,n=30,start_thres=1.25",hub,0.25,50,17,40,1730,34,6,6,1724,0.85,0.0034682080924855,0.85,0.15,7.773094021461227
tfnbs,"e=0.8,h=4.0,n=30,start_thres=1.25",hub,0.25,50,17,40,1730,34,6,6,1724,0.85,0.0034682080924855,0.85,0.15,7.773094021461227
tfnbs,"e=0.8,h=5.0,n=30,start_thres=1.25",hub,0.25,50,17,40,1730,34,6,6,1724,0.85,0.0034682080924855,0.85,0.15,7.773094021461227
tfnbs,"e=0.8,h=6.0,n=30,start_thres=1.25",hub,0.25,50,17,40,1730,34,3,6,1727,0.85,0.0017341040462427,0.918918918918919,0.081081081081081,7.773094021461227
tfnbs,"e=0.8,h=7.0,n=30,start_thres=1.25",hub,0.25,50,17,40,1730,32,0,8,1730,0.8,0.0,1.0,0.0,7.773094021461227
tfnbs,"e=0.8,h=8.0,n=30,start_thres=1.25",hub,0.25,50,17,40,1730,32,0,8,1730,0.8,0.0,1.0,0.0,7.773094021461227
tfnbs,"e=0.8,h=9.0,n=30,start_thres=1.25",hub,0.25,50,17,40,1730,29,0,11,1730,0.725,0.0,1.0,0.0,7.773094021461227
tfnbs,"e=0.8,h=10.0,n=30,start_thres=1.25",hub,0.25,50,17,40,1730,29,0,11,1730,0.725,0.0,1.0,0.0,7.773094021461227
tfnbs,"e=0.9,h=0.5,n=30,start_thres=1.25",hub,0.25,50,17,40,1730,37,14,3,1716,0.925,0.0080924855491329,0.7254901960784313,0.2745098039215686,7.773094021461227
tfnbs,"e=0.9,h=1.0,n=30,start_thres=1.25",hub,0.25,50,17,40,1730,37,14,3,1716,0.925,0.0080924855491329,0.7254901960784313,0.2745098039215686,7.773094021461227
tfnbs,"e=0.9,h=2.0,n=30,start_thres=1.25",hub,0.25,50,17,40,1730,37,14,3,1716,0.925,0.0080924855491329,0.7254901960784313,0.2745098039215686,7.773094021461227
tfnbs,"e=0.9,h=3.0,n=30,start_thres=1.25",hub,0.25,50,17,40,1730,37,14,3,1716,0.925,0.0080924855491329,0.7254901960784313,0.2745098039215686,7.773094021461227
tfnbs,"e=0.9,h=4.0,n=30,start_thres=1.25",hub,0.25,50,17,40,1730,34,6,6,1724,0.85,0.0034682080924855,0.85,0.15,7.773094021461227
tfnbs,"e=0.9,h=5.0,n=30,start_thres=1.25",hub,0.25,50,17,40,1730,34,6,6,1724,0.85,0.0034682080924855,0.85,0.15,7.773094021461227
tfnbs,"e=0.9,h=6.0,n=30,start_thres=1.25",hub,0.25,50,17,40,1730,34,6,6,1724,0.85,0.0034682080924855,0.85,0.15,7.773094021461227
tfnbs,"e=0.9,h=7.0,n=30,start_thres=1.25",hub,0.25,50,17,40,1730,34,3,6,1727,0.85,0.0017341040462427,0.918918918918919,0.081081081081081,7.773094021461227
tfnbs,"e=0.9,h=8.0,n=30,start_thres=1.25",hub,0.25,50,17,40,1730,34,3,6,1727,0.85,0.0017341040462427,0.918918918918919,0.081081081081081,7.773094021461227
tfnbs,"e=0.9,h=9.0,n=30,start_thres=1.25",hub,0.25,50,17,40,1730,32,0,8,1730,0.8,0.0,1.0,0.0,7.773094021461227
tfnbs,"e=0.9,h=10.0,n=30,start_thres=1.25",hub,0.25,50,17,40,1730,29,0,11,1730,0.725,0.0,1.0,0.0,7.773094021461227
tfnbs,"e=1.0,h=0.5,n=30,start_thres=1.25",hub,0.25,50,17,40,1730,37,14,3,1716,0.925,0.0080924855491329,0.7254901960784313,0.2745098039215686,7.773094021461227
tfnbs,"e=1.0,h=1.0,n=30,start_thres=1.25",hub,0.25,50,17,40,1730,37,14,3,1716,0.925,0.0080924855491329,0.7254901960784313,0.2745098039215686,7.773094021461227
tfnbs,"e=1.0,h=2.0,n=30,start_thres=1.25",hub,0.25,50,17,40,1730,37,14,3,1716,0.925,0.0080924855491329,0.7254901960784313,0.2745098039215686,7.773094021461227
tfnbs,"e=1.0,h=3.0,n=30,start_thres=1.25",hub,0.25,50,17,40,1730,37,14,3,1716,0.925,0.0080924855491329,0.7254901960784313,0.2745098039215686,7.773094021461227
tfnbs,"e=1.0,h=4.0,n=30,start_thres=1.25",hub,0.25,50,17,40,1730,37,14,3,1716,0.925,0.0080924855491329,0.7254901960784313,0.2745098039215686,7.773094021461227
tfnbs,"e=1.0,h=5.0,n=30,start_thres=1.25",hub,0.25,50,17,40,1730,37,14,3,1716,0.925,0.0080924855491329,0.7254901960784313,0.2745098039215686,7.773094021461227
tfnbs,"e=1.0,h=6.0,n=30,start_thres=1.25",hub,0.25,50,17,40,1730,34,6,6,1724,0.85,0.0034682080924855,0.85,0.15,7.773094021461227
tfnbs,"e=1.0,h=7.0,n=30,start_thres=1.25",hub,0.25,50,17,40,1730,34,6,6,1724,0.85,0.0034682080924855,0.85,0.15,7.773094021461227
tfnbs,"e=1.0,h=8.0,n=30,start_thres=1.25",hub,0.25,50,17,40,1730,34,3,6,1727,0.85,0.0017341040462427,0.918918918918919,0.081081081081081,7.773094021461227
tfnbs,"e=1.0,h=9.0,n=30,start_thres=1.25",hub,0.25,50,17,40,1730,34,3,6,1727,0.85,0.0017341040462427,0.918918918918919,0.081081081081081,7.773094021461227
tfnbs,"e=1.0,h=10.0,n=30,start_thres=1.25",hub,0.25,50,17,40,1730,32,0,8,1730,0.8,0.0,1.0,0.0,7.773094021461227
tfnbs,"e=1.1,h=0.5,n=30,start_thres=1.25",hub,0.25,50,17,40,1730,37,14,3,1716,0.925,0.0080924855491329,0.7254901960784313,0.2745098039215686,7.773094021461227
tfnbs,"e=1.1,h=1.0,n=30,start_thres=1.25",hub,0.25,50,17,40,1730,37,14,3,1716,0.925,0.0080924855491329,0.7254901960784313,0.2745098039215686,7.773094021461227
tfnbs,"e=1.1,h=2.0,n=30,start_thres=1.25",hub,0.25,50,17,40,1730,37,14,3,1716,0.925,0.0080924855491329,0.7254901960784313,0.2745098039215686,7.773094021461227
tfnbs,"e=1.1,h=3.0,n=30,start_thres=1.25",hub,0.25,50,17,40,1730,37,14,3,1716,0.925,0.0080924855491329,0.7254901960784313,0.2745098039215686,7.773094021461227
tfnbs,"e=1.1,h=4.0,n=30,start_thres=1.25",hub,0.25,50,17,40,1730,37,14,3,1716,0.925,0.0080924855491329,0.7254901960784313,0.2745098039215686,7.773094021461227
tfnbs,"e=1.1,h=5.0,n=30,start_thres=1.25",hub,0.25,50,17,40,1730,37,14,3,1716,0.925,0.0080924855491329,0.7254901960784313,0.2745098039215686,7.773094021461227
tfnbs,"e=1.1,h=6.0,n=30,start_thres=1.25",hub,0.25,50,17,40,1730,37,14,3,1716,0.925,0.0080924855491329,0.7254901960784313,0.2745098039215686,7.773094021461227
tfnbs,"e=1.1,h=7.0,n=30,start_thres=1.25",hub,0.25,50,17,40,1730,34,6,6,1724,0.85,0.0034682080924855,0.85,0.15,7.773094021461227
tfnbs,"e=1.1,h=8.0,n=30,start_thres=1.25",hub,0.25,50,17,40,1730,34,6,6,1724,0.85,0.0034682080924855,0.85,0.15,7.773094021461227
tfnbs,"e=1.1,h=9.0,n=30,start_thres=1.25",hub,0.25,50,17,40,1730,34,3,6,1727,0.85,0.0017341040462427,0.918918918918919,0.081081081081081,7.773094021461227
tfnbs,"e=1.1,h=10.0,n=30,start_thres=1.25",hub,0.25,50,17,40,1730,34,3,6,1727,0.85,0.0017341040462427,0.918918918918919,0.081081081081081,7.773094021461227
tfnbs,"e=1.2,h=0.5,n=30,start_thres=1.25",hub,0.25,50,17,40,1730,37,14,3,1716,0.925,0.0080924855491329,0.7254901960784313,0.2745098039215686,7.773094021461227
tfnbs,"e=1.2,h=1.0,n=30,start_thres=1.25",hub,0.25,50,17,40,1730,37,14,3,1716,0.925,0.0080924855491329,0.7254901960784313,0.2745098039215686,7.773094021461227
tfnbs,"e=1.2,h=2.0,n=30,start_thres=1.25",hub,0.25,50,17,40,1730,38,20,2,1710,0.95,0.0115606936416184,0.6551724137931034,0.3448275862068966,7.773094021461227
tfnbs,"e=1.2,h=3.0,n=30,start_thres=1.25",hub,0.25,50,17,40,1730,38,20,2,1710,0.95,0.0115606936416184,0.6551724137931034,0.3448275862068966,7.773094021461227
tfnbs,"e=1.2,h=4.0,n=30,start_thres=1.25",hub,0.25,50,17,40,1730,37,14,3,1716,0.925,0.0080924855491329,0.7254901960784313,0.2745098039215686,7.773094021461227
tfnbs,"e=1.2,h=5.0,n=30,start_thres=1.25",hub,0.25,50,17,40,1730,37,14,3,1716,0.925,0.0080924855491329,0.7254901960784313,0.2745098039215686,7.773094021461227
tfnbs,"e=1.2,h=6.0,n=30,start_thres=1.25",hub,0.25,50,17,40,1730,37,14,3,1716,0.925,0.0080924855491329,0.7254901960784313,0.2745098039215686,7.773094021461227
tfnbs,"e=1.2,h=7.0,n=30,start_thres=1.25",hub,0.25,50,17,40,1730,37,14,3,1716,0.925,0.0080924855491329,0.7254901960784313,0.2745098039215686,7.773094021461227
tfnbs,"e=1.2,h=8.0,n=30,start_thres=1.25",hub,0.25,50,17,40,1730,34,6,6,1724,0.85,0.0034682080924855,0.85,0.15,7.773094021461227
tfnbs,"e=1.2,h=9.0,n=30,start_thres=1.25",hub,0.25,50,17,40,1730,34,6,6,1724,0.85,0.0034682080924855,0.85,0.15,7.773094021461227
tfnbs,"e=1.2,h=10.0,n=30,start_thres=1.25",hub,0.25,50,17,40,1730,34,3,6,1727,0.85,0.0017341040462427,0.918918918918919,0.081081081081081,7.773094021461227
tfnbs,"e=1.3,h=0.5,n=30,start_thres=1.25",hub,0.25,50,17,40,1730,37,14,3,1716,0.925,0.0080924855491329,0.7254901960784313,0.2745098039215686,7.773094021461227
tfnbs,"e=1.3,h=1.0,n=30,start_thres=1.25",hub,0.25,50,17,40,1730,38,20,2,1710,0.95,0.0115606936416184,0.6551724137931034,0.3448275862068966,7.773094021461227
tfnbs,"e=1.3,h=2.0,n=30,start_thres=1.25",hub,0.25,50,17,40,1730,38,20,2,1710,0.95,0.0115606936416184,0.6551724137931034,0.3448275862068966,7.773094021461227
tfnbs,"e=1.3,h=3.0,n=30,start_thres=1.25",hub,0.25,50,17,40,1730,38,20,2,1710,0.95,0.0115606936416184,0.6551724137931034,0.3448275862068966,7.773094021461227
tfnbs,"e=1.3,h=4.0,n=30,start_thres=1.25",hub,0.25,50,17,40,1730,38,20,2,1710,0.95,0.0115606936416184,0.6551724137931034,0.3448275862068966,7.773094021461227
tfnbs,"e=1.3,h=5.0,n=30,start_thres=1.25",hub,0.25,50,17,40,1730,37,14,3,1716,0.925,0.0080924855491329,0.7254901960784313,0.2745098039215686,7.773094021461227
tfnbs,"e=1.3,h=6.0,n=30,start_thres=1.25",hub,0.25,50,17,40,1730,37,14,3,1716,0.925,0.0080924855491329,0.7254901960784313,0.2745098039215686,7.773094021461227
tfnbs,"e=1.3,h=7.0,n=30,start_thres=1.25",hub,0.25,50,17,40,1730,37,14,3,1716,0.925,0.0080924855491329,0.7254901960784313,0.2745098039215686,7.773094021461227
tfnbs,"e=1.3,h=8.0,n=30,start_thres=1.25",hub,0.25,50,17,40,1730,37,14,3,1716,0.925,0.0080924855491329,0.7254901960784313,0.2745098039215686,7.773094021461227
tfnbs,"e=1.3,h=9.0,n=30,start_thres=1.25",hub,0.25,50,17,40,1730,34,6,6,1724,0.85,0.0034682080924855,0.85,0.15,7.773094021461227
tfnbs,"e=1.3,h=10.0,n=30,start_thres=1.25",hub,0.25,50,17,40,1730,34,6,6,1724,0.85,0.0034682080924855,0.85,0.15,7.773094021461227
tfnbs,"e=1.4,h=0.5,n=30,start_thres=1.25",hub,0.25,50,17,40,1730,37,14,3,1716,0.925,0.0080924855491329,0.7254901960784313,0.2745098039215686,7.773094021461227
tfnbs,"e=1.4,h=1.0,n=30,start_thres=1.25",hub,0.25,50,17,40,1730,38,20,2,1710,0.95,0.0115606936416184,0.6551724137931034,0.3448275862068966,7.773094021461227
tfnbs,"e=1.4,h=2.0,n=30,start_thres=1.25",hub,0.25,50,17,40,1730,38,20,2,1710,0.95,0.0115606936416184,0.6551724137931034,0.3448275862068966,7.773094021461227
tfnbs,"e=1.4,h=3.0,n=30,start_thres=1.25",hub,0.25,50,17,40,1730,38,20,2,1710,0.95,0.0115606936416184,0.6551724137931034,0.3448275862068966,7.773094021461227
tfnbs,"e=1.4,h=4.0,n=30,start_thres=1.25",hub,0.25,50,17,40,1730,38,20,2,1710,0.95,0.0115606936416184,0.6551724137931034,0.3448275862068966,7.773094021461227
tfnbs,"e=1.4,h=5.0,n=30,start_thres=1.25",hub,0.25,50,17,40,1730,38,20,2,1710,0.95,0.0115606936416184,0.6551724137931034,0.3448275862068966,7.773094021461227
tfnbs,"e=1.4,h=6.0,n=30,start_thres=1.25",hub,0.25,50,17,40,1730,38,20,2,1710,0.95,0.0115606936416184,0.6551724137931034,0.3448275862068966,7.773094021461227
tfnbs,"e=1.4,h=7.0,n=30,start_thres=1.25",hub,0.25,50,17,40,1730,37,14,3,1716,0.925,0.0080924855491329,0.7254901960784313,0.2745098039215686,7.773094021461227
tfnbs,"e=1.4,h=8.0,n=30,start_thres=1.25",hub,0.25,50,17,40,1730,37,14,3,1716,0.925,0.0080924855491329,0.7254901960784313,0.2745098039215686,7.773094021461227
tfnbs,"e=1.4,h=9.0,n=30,start_thres=1.25",hub,0.25,50,17,40,1730,37,14,3,1716,0.925,0.0080924855491329,0.7254901960784313,0.2745098039215686,7.773094021461227
tfnbs,"e=1.4,h=10.0,n=30,start_thres=1.25",hub,0.25,50,17,40,1730,34,6,6,1724,0.85,0.0034682080924855,0.85,0.15,7.773094021461227
tfnbs,"e=1.5,h=0.5,n=30,start_thres=1.25",hub,0.25,50,17,40,1730,38,20,2,1710,0.95,0.0115606936416184,0.6551724137931034,0.3448275862068966,7.773094021461227
tfnbs,"e=1.5,h=1.0,n=30,start_thres=1.25",hub,0.25,50,17,40,1730,38,20,2,1710,0.95,0.0115606936416184,0.6551724137931034,0.3448275862068966,7.773094021461227
tfnbs,"e=1.5,h=2.0,n=30,start_thres=1.25",hub,0.25,50,17,40,1730,38,20,2,1710,0.95,0.0115606936416184,0.6551724137931034,0.3448275862068966,7.773094021461227
tfnbs,"e=1.5,h=3.0,n=30,start_thres=1.25",hub,0.25,50,17,40,1730,38,20,2,1710,0.95,0.0115606936416184,0.6551724137931034,0.3448275862068966,7.773094021461227
tfnbs,"e=1.5,h=4.0,n=30,start_thres=1.25",hub,0.25,50,17,40,1730,38,20,2,1710,0.95,0.0115606936416184,0.6551724137931034,0.3448275862068966,7.773094021461227
tfnbs,"e=1.5,h=5.0,n=30,start_thres=1.25",hub,0.25,50,17,40,1730,38,20,2,1710,0.95,0.0115606936416184,0.6551724137931034,0.3448275862068966,7.773094021461227
tfnbs,"e=1.5,h=6.0,n=30,start_thres=1.25",hub,0.25,50,17,40,1730,38,20,2,1710,0.95,0.0115606936416184,0.6551724137931034,0.3448275862068966,7.773094021461227
tfnbs,"e=1.5,h=7.0,n=30,start_thres=1.25",hub,0.25,50,17,40,1730,38,20,2,1710,0.95,0.0115606936416184,0.6551724137931034,0.3448275862068966,7.773094021461227
tfnbs,"e=1.5,h=8.0,n=30,start_thres=1.25",hub,0.25,50,17,40,1730,37,14,3,1716,0.925,0.0080924855491329,0.7254901960784313,0.2745098039215686,7.773094021461227
tfnbs,"e=1.5,h=9.0,n=30,start_thres=1.25",hub,0.25,50,17,40,1730,37,14,3,1716,0.925,0.0080924855491329,0.7254901960784313,0.2745098039215686,7.773094021461227
tfnbs,"e=1.5,h=10.0,n=30,start_thres=1.25",hub,0.25,50,17,40,1730,37,14,3,1716,0.925,0.0080924855491329,0.7254901960784313,0.2745098039215686,7.773094021461227
nbs_intensity,threshold=3.0,hub,0.25,50,6,40,1730,26,1,14,1729,0.65,0.0005780346820809,0.9629629629629628,0.037037037037037,7.754786968231201
nbs_intensity,threshold=3.0,hub,0.25,50,7,40,1730,28,1,12,1729,0.7,0.0005780346820809,0.9655172413793104,0.0344827586206896,7.973614454269409
nbs_intensity,threshold=3.0,hub,0.25,50,5,40,1730,35,5,5,1725,0.875,0.0028901734104046,0.875,0.125,8.098054647445679
nbs_intensity,threshold=3.0,hub,0.25,50,8,40,1730,26,1,14,1729,0.65,0.0005780346820809,0.9629629629629628,0.037037037037037,8.358704328536987
nbs_intensity,threshold=3.0,hub,0.25,50,9,40,1730,24,2,16,1728,0.6,0.0011560693641618,0.9230769230769232,0.0769230769230769,8.18184208869934
nbs_intensity,threshold=3.0,hub,0.25,50,12,40,1730,26,4,14,1726,0.65,0.0023121387283236,0.8666666666666667,0.1333333333333333,7.75192379951477
nbs_intensity,threshold=3.0,hub,0.25,50,11,40,1730,27,7,13,1723,0.675,0.0040462427745664,0.7941176470588235,0.2058823529411764,8.064196586608887
nbs_intensity,threshold=3.0,hub,0.25,50,13,40,1730,32,2,8,1728,0.8,0.0011560693641618,0.9411764705882352,0.0588235294117647,7.943206071853638
nbs_intensity,threshold=3.0,hub,0.25,50,10,40,1730,20,2,20,1728,0.5,0.0011560693641618,0.9090909090909092,0.0909090909090909,9.148627042770386
nbs_intensity,threshold=3.0,hub,0.25,50,15,40,1730,25,10,15,1720,0.625,0.0057803468208092,0.7142857142857143,0.2857142857142857,8.075181007385254
nbs_intensity,threshold=3.0,hub,0.25,50,18,40,1730,27,4,13,1726,0.675,0.0023121387283236,0.8709677419354839,0.1290322580645161,7.699700832366943
nbs_intensity,threshold=3.0,hub,0.25,50,14,40,1730,27,1,13,1729,0.675,0.0005780346820809,0.9642857142857144,0.0357142857142857,8.308894634246826
nbs_intensity,threshold=3.0,hub,0.25,50,16,40,1730,38,9,2,1721,0.95,0.0052023121387283,0.8085106382978723,0.1914893617021276,8.18025827407837
nbs_intensity,threshold=3.0,hub,0.25,50,23,40,1730,30,4,10,1726,0.75,0.0023121387283236,0.8823529411764706,0.1176470588235294,6.816285371780396
nbs_intensity,threshold=3.0,hub,0.25,50,17,40,1730,34,3,6,1727,0.85,0.0017341040462427,0.918918918918919,0.081081081081081,8.477708578109741
nbs_intensity,threshold=3.0,hub,0.25,50,19,40,1730,18,3,22,1727,0.45,0.0017341040462427,0.8571428571428571,0.1428571428571428,8.3522629737854
nbs_intensity,threshold=3.0,hub,0.25,50,21,40,1730,28,1,12,1729,0.7,0.0005780346820809,0.9655172413793104,0.0344827586206896,7.96587347984314
nbs_intensity,threshold=3.0,hub,0.25,50,22,40,1730,12,0,28,1730,0.3,0.0,1.0,0.0,8.34617567062378
nbs_intensity,threshold=3.0,hub,0.25,50,24,40,1730,32,0,8,1730,0.8,0.0,1.0,0.0,7.974801540374756
nbs_intensity,threshold=3.0,hub,0.25,50,20,40,1730,24,1,16,1729,0.6,0.0005780346820809,0.96,0.04,8.890559673309326
nbs_intensity,threshold=3.0,hub,0.25,50,25,40,1730,22,4,18,1726,0.55,0.0023121387283236,0.8461538461538461,0.1538461538461538,8.397424459457397
nbs_intensity,threshold=3.0,hub,0.25,50,26,40,1730,27,1,13,1729,0.675,0.0005780346820809,0.9642857142857144,0.0357142857142857,8.62063455581665
nbs_intensity,threshold=3.0,hub,0.25,50,27,40,1730,32,4,8,1726,0.8,0.0023121387283236,0.8888888888888888,0.1111111111111111,8.26331377029419
nbs_intensity,threshold=3.0,hub,0.25,50,28,40,1730,31,1,9,1729,0.775,0.0005780346820809,0.96875,0.03125,8.416834115982056
nbs_intensity,threshold=3.0,hub,0.25,50,29,40,1730,30,1,10,1729,0.75,0.0005780346820809,0.967741935483871,0.032258064516129,8.287961959838867
nbs_intensity,threshold=3.5,hub,0.25,50,1,40,1730,23,0,17,1730,0.575,0.0,1.0,0.0,7.532160758972168
nbs_intensity,threshold=3.5,hub,0.25,50,0,40,1730,16,2,24,1728,0.4,0.0011560693641618,0.8888888888888888,0.1111111111111111,8.003904104232788
nbs_intensity,threshold=3.5,hub,0.25,50,4,40,1730,20,0,20,1730,0.5,0.0,1.0,0.0,7.55782151222229
nbs_intensity,threshold=3.5,hub,0.25,50,5,40,1730,29,1,11,1729,0.725,0.0005780346820809,0.9666666666666668,0.0333333333333333,8.01106333732605
nbs_intensity,threshold=3.5,hub,0.25,50,6,40,1730,16,0,24,1730,0.4,0.0,1.0,0.0,7.559848785400391
nbs_intensity,threshold=3.5,hub,0.25,50,11,40,1730,22,2,18,1728,0.55,0.0011560693641618,0.9166666666666666,0.0833333333333333,6.589942932128906
nbs_intensity,threshold=3.5,hub,0.25,50,7,40,1730,18,0,22,1730,0.45,0.0,1.0,0.0,7.490154266357422
nbs_intensity,threshold=3.5,hub,0.25,50,3,40,1730,10,0,30,1730,0.25,0.0,1.0,0.0,8.789403200149536
nbs_intensity,threshold=3.5,hub,0.25,50,2,40,1730,23,0,17,1730,0.575,0.0,1.0,0.0,9.08524751663208
tfnbs,"e=0.05,h=0.5,n=30,start_thres=1.25",hub,0.25,50,26,40,1730,16,0,24,1730,0.4,0.0,1.0,0.0,7.741657178510319
tfnbs,"e=0.05,h=1.0,n=30,start_thres=1.25",hub,0.25,50,26,40,1730,16,0,24,1730,0.4,0.0,1.0,0.0,7.741657178510319
tfnbs,"e=0.05,h=2.0,n=30,start_thres=1.25",hub,0.25,50,26,40,1730,15,0,25,1730,0.375,0.0,1.0,0.0,7.741657178510319
tfnbs,"e=0.05,h=3.0,n=30,start_thres=1.25",hub,0.25,50,26,40,1730,15,0,25,1730,0.375,0.0,1.0,0.0,7.741657178510319
tfnbs,"e=0.05,h=4.0,n=30,start_thres=1.25",hub,0.25,50,26,40,1730,15,0,25,1730,0.375,0.0,1.0,0.0,7.741657178510319
tfnbs,"e=0.05,h=5.0,n=30,start_thres=1.25",hub,0.25,50,26,40,1730,15,0,25,1730,0.375,0.0,1.0,0.0,7.741657178510319
tfnbs,"e=0.05,h=6.0,n=30,start_thres=1.25",hub,0.25,50,26,40,1730,15,0,25,1730,0.375,0.0,1.0,0.0,7.741657178510319
tfnbs,"e=0.05,h=7.0,n=30,start_thres=1.25",hub,0.25,50,26,40,1730,15,0,25,1730,0.375,0.0,1.0,0.0,7.741657178510319
tfnbs,"e=0.05,h=8.0,n=30,start_thres=1.25",hub,0.25,50,26,40,1730,15,0,25,1730,0.375,0.0,1.0,0.0,7.741657178510319
tfnbs,"e=0.05,h=9.0,n=30,start_thres=1.25",hub,0.25,50,26,40,1730,15,0,25,1730,0.375,0.0,1.0,0.0,7.741657178510319
tfnbs,"e=0.05,h=10.0,n=30,start_thres=1.25",hub,0.25,50,26,40,1730,15,0,25,1730,0.375,0.0,1.0,0.0,7.741657178510319
tfnbs,"e=0.1,h=0.5,n=30,start_thres=1.25",hub,0.25,50,26,40,1730,19,0,21,1730,0.475,0.0,1.0,0.0,7.741657178510319
tfnbs,"e=0.1,h=1.0,n=30,start_thres=1.25",hub,0.25,50,26,40,1730,19,0,21,1730,0.475,0.0,1.0,0.0,7.741657178510319
tfnbs,"e=0.1,h=2.0,n=30,start_thres=1.25",hub,0.25,50,26,40,1730,16,0,24,1730,0.4,0.0,1.0,0.0,7.741657178510319
tfnbs,"e=0.1,h=3.0,n=30,start_thres=1.25",hub,0.25,50,26,40,1730,16,0,24,1730,0.4,0.0,1.0,0.0,7.741657178510319
tfnbs,"e=0.1,h=4.0,n=30,start_thres=1.25",hub,0.25,50,26,40,1730,16,0,24,1730,0.4,0.0,1.0,0.0,7.741657178510319
tfnbs,"e=0.1,h=5.0,n=30,start_thres=1.25",hub,0.25,50,26,40,1730,16,0,24,1730,0.4,0.0,1.0,0.0,7.741657178510319
tfnbs,"e=0.1,h=6.0,n=30,start_thres=1.25",hub,0.25,50,26,40,1730,16,0,24,1730,0.4,0.0,1.0,0.0,7.741657178510319
tfnbs,"e=0.1,h=7.0,n=30,start_thres=1.25",hub,0.25,50,26,40,1730,15,0,25,1730,0.375,0.0,1.0,0.0,7.741657178510319
tfnbs,"e=0.1,h=8.0,n=30,start_thres=1.25",hub,0.25,50,26,40,1730,15,0,25,1730,0.375,0.0,1.0,0.0,7.741657178510319
tfnbs,"e=0.1,h=9.0,n=30,start_thres=1.25",hub,0.25,50,26,40,1730,15,0,25,1730,0.375,0.0,1.0,0.0,7.741657178510319
tfnbs,"e=0.1,h=10.0,n=30,start_thres=1.25",hub,0.25,50,26,40,1730,15,0,25,1730,0.375,0.0,1.0,0.0,7.741657178510319
tfnbs,"e=0.2,h=0.5,n=30,start_thres=1.25",hub,0.25,50,26,40,1730,22,0,18,1730,0.55,0.0,1.0,0.0,7.741657178510319
tfnbs,"e=0.2,h=1.0,n=30,start_thres=1.25",hub,0.25,50,26,40,1730,20,0,20,1730,0.5,0.0,1.0,0.0,7.741657178510319
tfnbs,"e=0.2,h=2.0,n=30,start_thres=1.25",hub,0.25,50,26,40,1730,20,0,20,1730,0.5,0.0,1.0,0.0,7.741657178510319
tfnbs,"e=0.2,h=3.0,n=30,start_thres=1.25",hub,0.25,50,26,40,1730,19,0,21,1730,0.475,0.0,1.0,0.0,7.741657178510319
tfnbs,"e=0.2,h=4.0,n=30,start_thres=1.25",hub,0.25,50,26,40,1730,19,0,21,1730,0.475,0.0,1.0,0.0,7.741657178510319
tfnbs,"e=0.2,h=5.0,n=30,start_thres=1.25",hub,0.25,50,26,40,1730,19,0,21,1730,0.475,0.0,1.0,0.0,7.741657178510319
tfnbs,"e=0.2,h=6.0,n=30,start_thres=1.25",hub,0.25,50,26,40,1730,16,0,24,1730,0.4,0.0,1.0,0.0,7.741657178510319
tfnbs,"e=0.2,h=7.0,n=30,start_thres=1.25",hub,0.25,50,26,40,1730,16,0,24,1730,0.4,0.0,1.0,0.0,7.741657178510319
tfnbs,"e=0.2,h=8.0,n=30,start_thres=1.25",hub,0.25,50,26,40,1730,16,0,24,1730,0.4,0.0,1.0,0.0,7.741657178510319
tfnbs,"e=0.2,h=9.0,n=30,start_thres=1.25",hub,0.25,50,26,40,1730,16,0,24,1730,0.4,0.0,1.0,0.0,7.741657178510319
tfnbs,"e=0.2,h=10.0,n=30,start_thres=1.25",hub,0.25,50,26,40,1730,16,0,24,1730,0.4,0.0,1.0,0.0,7.741657178510319
tfnbs,"e=0.3,h=0.5,n=30,start_thres=1.25",hub,0.25,50,26,40,1730,23,1,17,1729,0.575,0.0005780346820809,0.9583333333333334,0.0416666666666666,7.741657178510319
tfnbs,"e=0.3,h=1.0,n=30,start_thres=1.25",hub,0.25,50,26,40,1730,23,1,17,1729,0.575,0.0005780346820809,0.9583333333333334,0.0416666666666666,7.741657178510319
tfnbs,"e=0.3,h=2.0,n=30,start_thres=1.25",hub,0.25,50,26,40,1730,22,0,18,1730,0.55,0.0,1.0,0.0,7.741657178510319
tfnbs,"e=0.3,h=3.0,n=30,start_thres=1.25",hub,0.25,50,26,40,1730,22,0,18,1730,0.55,0.0,1.0,0.0,7.741657178510319
tfnbs,"e=0.3,h=4.0,n=30,start_thres=1.25",hub,0.25,50,26,40,1730,20,0,20,1730,0.5,0.0,1.0,0.0,7.741657178510319
tfnbs,"e=0.3,h=5.0,n=30,start_thres=1.25",hub,0.25,50,26,40,1730,20,0,20,1730,0.5,0.0,1.0,0.0,7.741657178510319
tfnbs,"e=0.3,h=6.0,n=30,start_thres=1.25",hub,0.25,50,26,40,1730,19,0,21,1730,0.475,0.0,1.0,0.0,7.741657178510319
tfnbs,"e=0.3,h=7.0,n=30,start_thres=1.25",hub,0.25,50,26,40,1730,19,0,21,1730,0.475,0.0,1.0,0.0,7.741657178510319
tfnbs,"e=0.3,h=8.0,n=30,start_thres=1.25",hub,0.25,50,26,40,1730,19,0,21,1730,0.475,0.0,1.0,0.0,7.741657178510319
tfnbs,"e=0.3,h=9.0,n=30,start_thres=1.25",hub,0.25,50,26,40,1730,19,0,21,1730,0.475,0.0,1.0,0.0,7.741657178510319
tfnbs,"e=0.3,h=10.0,n=30,start_thres=1.25",hub,0.25,50,26,40,1730,16,0,24,1730,0.4,0.0,1.0,0.0,7.741657178510319
tfnbs,"e=0.4,h=0.5,n=30,start_thres=1.25",hub,0.25,50,26,40,1730,25,1,15,1729,0.625,0.0005780346820809,0.9615384615384616,0.0384615384615384,7.741657178510319
tfnbs,"e=0.4,h=1.0,n=30,start_thres=1.25",hub,0.25,50,26,40,1730,25,1,15,1729,0.625,0.0005780346820809,0.9615384615384616,0.0384615384615384,7.741657178510319
tfnbs,"e=0.4,h=2.0,n=30,start_thres=1.25",hub,0.25,50,26,40,1730,23,1,17,1729,0.575,0.0005780346820809,0.9583333333333334,0.0416666666666666,7.741657178510319
tfnbs,"e=0.4,h=3.0,n=30,start_thres=1.25",hub,0.25,50,26,40,1730,23,1,17,1729,0.575,0.0005780346820809,0.9583333333333334,0.0416666666666666,7.741657178510319
tfnbs,"e=0.4,h=4.0,n=30,start_thres=1.25",hub,0.25,50,26,40,1730,22,0,18,1730,0.55,0.0,1.0,0.0,7.741657178510319
tfnbs,"e=0.4,h=5.0,n=30,start_thres=1.25",hub,0.25,50,26,40,1730,22,0,18,1730,0.55,0.0,1.0,0.0,7.741657178510319
tfnbs,"e=0.4,h=6.0,n=30,start_thres=1.25",hub,0.25,50,26,40,1730,20,0,20,1730,0.5,0.0,1.0,0.0,7.741657178510319
tfnbs,"e=0.4,h=7.0,n=30,start_thres=1.25",hub,0.25,50,26,40,1730,20,0,20,1730,0.5,0.0,1.0,0.0,7.741657178510319
tfnbs,"e=0.4,h=8.0,n=30,start_thres=1.25",hub,0.25,50,26,40,1730,19,0,21,1730,0.475,0.0,1.0,0.0,7.741657178510319
tfnbs,"e=0.4,h=9.0,n=30,start_thres=1.25",hub,0.25,50,26,40,1730,19,0,21,1730,0.475,0.0,1.0,0.0,7.741657178510319
tfnbs,"e=0.4,h=10.0,n=30,start_thres=1.25",hub,0.25,50,26,40,1730,19,0,21,1730,0.475,0.0,1.0,0.0,7.741657178510319
tfnbs,"e=0.5,h=0.5,n=30,start_thres=1.25",hub,0.25,50,26,40,1730,27,2,13,1728,0.675,0.0011560693641618,0.9310344827586208,0.0689655172413793,7.741657178510319
tfnbs,"e=0.5,h=1.0,n=30,start_thres=1.25",hub,0.25,50,26,40,1730,27,2,13,1728,0.675,0.0011560693641618,0.9310344827586208,0.0689655172413793,7.741657178510319
tfnbs,"e=0.5,h=2.0,n=30,start_thres=1.25",hub,0.25,50,26,40,1730,25,1,15,1729,0.625,0.0005780346820809,0.9615384615384616,0.0384615384615384,7.741657178510319
tfnbs,"e=0.5,h=3.0,n=30,start_thres=1.25",hub,0.25,50,26,40,1730,25,1,15,1729,0.625,0.0005780346820809,0.9615384615384616,0.0384615384615384,7.741657178510319
tfnbs,"e=0.5,h=4.0,n=30,start_thres=1.25",hub,0.25,50,26,40,1730,23,1,17,1729,0.575,0.0005780346820809,0.9583333333333334,0.0416666666666666,7.741657178510319
tfnbs,"e=0.5,h=5.0,n=30,start_thres=1.25",hub,0.25,50,26,40,1730,23,1,17,1729,0.575,0.0005780346820809,0.9583333333333334,0.0416666666666666,7.741657178510319
tfnbs,"e=0.5,h=6.0,n=30,start_thres=1.25",hub,0.25,50,26,40,1730,22,0,18,1730,0.55,0.0,1.0,0.0,7.741657178510319
tfnbs,"e=0.5,h=7.0,n=30,start_thres=1.25",hub,0.25,50,26,40,1730,22,0,18,1730,0.55,0.0,1.0,0.0,7.741657178510319
tfnbs,"e=0.5,h=8.0,n=30,start_thres=1.25",hub,0.25,50,26,40,1730,20,0,20,1730,0.5,0.0,1.0,0.0,7.741657178510319
tfnbs,"e=0.5,h=9.0,n=30,start_thres=1.25",hub,0.25,50,26,40,1730,20,0,20,1730,0.5,0.0,1.0,0.0,7.741657178510319
tfnbs,"e=0.5,h=10.0,n=30,start_thres=1.25",hub,0.25,50,26,40,1730,19,0,21,1730,0.475,0.0,1.0,0.0,7.741657178510319
tfnbs,"e=0.6,h=0.5,n=30,start_thres=1.25",hub,0.25,50,26,40,1730,27,2,13,1728,0.675,0.0011560693641618,0.9310344827586208,0.0689655172413793,7.741657178510319
tfnbs,"e=0.6,h=1.0,n=30,start_thres=1.25",hub,0.25,50,26,40,1730,27,2,13,1728,0.675,0.0011560693641618,0.9310344827586208,0.0689655172413793,7.741657178510319
tfnbs,"e=0.6,h=2.0,n=30,start_thres=1.25",hub,0.25,50,26,40,1730,27,2,13,1728,0.675,0.0011560693641618,0.9310344827586208,0.0689655172413793,7.741657178510319
tfnbs,"e=0.6,h=3.0,n=30,start_thres=1.25",hub,0.25,50,26,40,1730,27,2,13,1728,0.675,0.0011560693641618,0.9310344827586208,0.0689655172413793,7.741657178510319
tfnbs,"e=0.6,h=4.0,n=30,start_thres=1.25",hub,0.25,50,26,40,1730,25,1,15,1729,0.625,0.0005780346820809,0.9615384615384616,0.0384615384615384,7.741657178510319
tfnbs,"e=0.6,h=5.0,n=30,start_thres=1.25",hub,0.25,50,26,40,1730,23,1,17,1729,0.575,0.0005780346820809,0.9583333333333334,0.0416666666666666,7.741657178510319
tfnbs,"e=0.6,h=6.0,n=30,start_thres=1.25",hub,0.25,50,26,40,1730,23,1,17,1729,0.575,0.0005780346820809,0.9583333333333334,0.0416666666666666,7.741657178510319
tfnbs,"e=0.6,h=7.0,n=30,start_thres=1.25",hub,0.25,50,26,40,1730,22,0,18,1730,0.55,0.0,1.0,0.0,7.741657178510319
tfnbs,"e=0.6,h=8.0,n=30,start_thres=1.25",hub,0.25,50,26,40,1730,22,0,18,1730,0.55,0.0,1.0,0.0,7.741657178510319
tfnbs,"e=0.6,h=9.0,n=30,start_thres=1.25",hub,0.25,50,26,40,1730,20,0,20,1730,0.5,0.0,1.0,0.0,7.741657178510319
tfnbs,"e=0.6,h=10.0,n=30,start_thres=1.25",hub,0.25,50,26,40,1730,20,0,20,1730,0.5,0.0,1.0,0.0,7.741657178510319
tfnbs,"e=0.7,h=0.5,n=30,start_thres=1.25",hub,0.25,50,26,40,1730,27,2,13,1728,0.675,0.0011560693641618,0.9310344827586208,0.0689655172413793,7.741657178510319
tfnbs,"e=0.7,h=1.0,n=30,start_thres=1.25",hub,0.25,50,26,40,1730,27,2,13,1728,0.675,0.0011560693641618,0.9310344827586208,0.0689655172413793,7.741657178510319
tfnbs,"e=0.7,h=2.0,n=30,start_thres=1.25",hub,0.25,50,26,40,1730,27,2,13,1728,0.675,0.0011560693641618,0.9310344827586208,0.0689655172413793,7.741657178510319
tfnbs,"e=0.7,h=3.0,n=30,start_thres=1.25",hub,0.25,50,26,40,1730,27,2,13,1728,0.675,0.0011560693641618,0.9310344827586208,0.0689655172413793,7.741657178510319
tfnbs,"e=0.7,h=4.0,n=30,start_thres=1.25",hub,0.25,50,26,40,1730,27,2,13,1728,0.675,0.0011560693641618,0.9310344827586208,0.0689655172413793,7.741657178510319
tfnbs,"e=0.7,h=5.0,n=30,start_thres=1.25",hub,0.25,50,26,40,1730,25,1,15,1729,0.625,0.0005780346820809,0.9615384615384616,0.0384615384615384,7.741657178510319
tfnbs,"e=0.7,h=6.0,n=30,start_thres=1.25",hub,0.25,50,26,40,1730,25,1,15,1729,0.625,0.0005780346820809,0.9615384615384616,0.0384615384615384,7.741657178510319
tfnbs,"e=0.7,h=7.0,n=30,start_thres=1.25",hub,0.25,50,26,40,1730,23,1,17,1729,0.575,0.0005780346820809,0.9583333333333334,0.0416666666666666,7.741657178510319
tfnbs,"e=0.7,h=8.0,n=30,start_thres=1.25",hub,0.25,50,26,40,1730,23,1,17,1729,0.575,0.0005780346820809,0.9583333333333334,0.0416666666666666,7.741657178510319
tfnbs,"e=0.7,h=9.0,n=30,start_thres=1.25",hub,0.25,50,26,40,1730,22,0,18,1730,0.55,0.0,1.0,0.0,7.741657178510319
tfnbs,"e=0.7,h=10.0,n=30,start_thres=1.25",hub,0.25,50,26,40,1730,22,0,18,1730,0.55,0.0,1.0,0.0,7.741657178510319
tfnbs,"e=0.8,h=0.5,n=30,start_thres=1.25",hub,0.25,50,26,40,1730,30,5,10,1725,0.75,0.0028901734104046,0.8571428571428571,0.1428571428571428,7.741657178510319
tfnbs,"e=0.8,h=1.0,n=30,start_thres=1.25",hub,0.25,50,26,40,1730,30,5,10,1725,0.75,0.0028901734104046,0.8571428571428571,0.1428571428571428,7.741657178510319
tfnbs,"e=0.8,h=2.0,n=30,start_thres=1.25",hub,0.25,50,26,40,1730,30,5,10,1725,0.75,0.0028901734104046,0.8571428571428571,0.1428571428571428,7.741657178510319
tfnbs,"e=0.8,h=3.0,n=30,start_thres=1.25",hub,0.25,50,26,40,1730,30,5,10,1725,0.75,0.0028901734104046,0.8571428571428571,0.1428571428571428,7.741657178510319
tfnbs,"e=0.8,h=4.0,n=30,start_thres=1.25",hub,0.25,50,26,40,1730,27,2,13,1728,0.675,0.0011560693641618,0.9310344827586208,0.0689655172413793,7.741657178510319
tfnbs,"e=0.8,h=5.0,n=30,start_thres=1.25",hub,0.25,50,26,40,1730,27,2,13,1728,0.675,0.0011560693641618,0.9310344827586208,0.0689655172413793,7.741657178510319
tfnbs,"e=0.8,h=6.0,n=30,start_thres=1.25",hub,0.25,50,26,40,1730,25,1,15,1729,0.625,0.0005780346820809,0.9615384615384616,0.0384615384615384,7.741657178510319
tfnbs,"e=0.8,h=7.0,n=30,start_thres=1.25",hub,0.25,50,26,40,1730,25,1,15,1729,0.625,0.0005780346820809,0.9615384615384616,0.0384615384615384,7.741657178510319
tfnbs,"e=0.8,h=8.0,n=30,start_thres=1.25",hub,0.25,50,26,40,1730,23,1,17,1729,0.575,0.0005780346820809,0.9583333333333334,0.0416666666666666,7.741657178510319
tfnbs,"e=0.8,h=9.0,n=30,start_thres=1.25",hub,0.25,50,26,40,1730,23,1,17,1729,0.575,0.0005780346820809,0.9583333333333334,0.0416666666666666,7.741657178510319
tfnbs,"e=0.8,h=10.0,n=30,start_thres=1.25",hub,0.25,50,26,40,1730,22,0,18,1730,0.55,0.0,1.0,0.0,7.741657178510319
tfnbs,"e=0.9,h=0.5,n=30,start_thres=1.25",hub,0.25,50,26,40,1730,30,5,10,1725,0.75,0.0028901734104046,0.8571428571428571,0.1428571428571428,7.741657178510319
tfnbs,"e=0.9,h=1.0,n=30,start_thres=1.25",hub,0.25,50,26,40,1730,30,5,10,1725,0.75,0.0028901734104046,0.8571428571428571,0.1428571428571428,7.741657178510319
tfnbs,"e=0.9,h=2.0,n=30,start_thres=1.25",hub,0.25,50,26,40,1730,30,5,10,1725,0.75,0.0028901734104046,0.8571428571428571,0.1428571428571428,7.741657178510319
tfnbs,"e=0.9,h=3.0,n=30,start_thres=1.25",hub,0.25,50,26,40,1730,30,5,10,1725,0.75,0.0028901734104046,0.8571428571428571,0.1428571428571428,7.741657178510319
tfnbs,"e=0.9,h=4.0,n=30,start_thres=1.25",hub,0.25,50,26,40,1730,30,5,10,1725,0.75,0.0028901734104046,0.8571428571428571,0.1428571428571428,7.741657178510319
tfnbs,"e=0.9,h=5.0,n=30,start_thres=1.25",hub,0.25,50,26,40,1730,27,2,13,1728,0.675,0.0011560693641618,0.9310344827586208,0.0689655172413793,7.741657178510319
tfnbs,"e=0.9,h=6.0,n=30,start_thres=1.25",hub,0.25,50,26,40,1730,27,2,13,1728,0.675,0.0011560693641618,0.9310344827586208,0.0689655172413793,7.741657178510319
tfnbs,"e=0.9,h=7.0,n=30,start_thres=1.25",hub,0.25,50,26,40,1730,25,1,15,1729,0.625,0.0005780346820809,0.9615384615384616,0.0384615384615384,7.741657178510319
tfnbs,"e=0.9,h=8.0,n=30,start_thres=1.25",hub,0.25,50,26,40,1730,25,1,15,1729,0.625,0.0005780346820809,0.9615384615384616,0.0384615384615384,7.741657178510319
tfnbs,"e=0.9,h=9.0,n=30,start_thres=1.25",hub,0.25,50,26,40,1730,23,1,17,1729,0.575,0.0005780346820809,0.9583333333333334,0.0416666666666666,7.741657178510319
tfnbs,"e=0.9,h=10.0,n=30,start_thres=1.25",hub,0.25,50,26,40,1730,23,1,17,1729,0.575,0.0005780346820809,0.9583333333333334,0.0416666666666666,7.741657178510319
tfnbs,"e=1.0,h=0.5,n=30,start_thres=1.25",hub,0.25,50,26,40,1730,30,5,10,1725,0.75,0.0028901734104046,0.8571428571428571,0.1428571428571428,7.741657178510319
tfnbs,"e=1.0,h=1.0,n=30,start_thres=1.25",hub,0.25,50,26,40,1730,30,5,10,1725,0.75,0.0028901734104046,0.8571428571428571,0.1428571428571428,7.741657178510319
tfnbs,"e=1.0,h=2.0,n=30,start_thres=1.25",hub,0.25,50,26,40,1730,30,5,10,1725,0.75,0.0028901734104046,0.8571428571428571,0.1428571428571428,7.741657178510319
tfnbs,"e=1.0,h=3.0,n=30,start_thres=1.25",hub,0.25,50,26,40,1730,30,5,10,1725,0.75,0.0028901734104046,0.8571428571428571,0.1428571428571428,7.741657178510319
tfnbs,"e=1.0,h=4.0,n=30,start_thres=1.25",hub,0.25,50,26,40,1730,30,5,10,1725,0.75,0.0028901734104046,0.8571428571428571,0.1428571428571428,7.741657178510319
tfnbs,"e=1.0,h=5.0,n=30,start_thres=1.25",hub,0.25,50,26,40,1730,30,5,10,1725,0.75,0.0028901734104046,0.8571428571428571,0.1428571428571428,7.741657178510319
tfnbs,"e=1.0,h=6.0,n=30,start_thres=1.25",hub,0.25,50,26,40,1730,27,2,13,1728,0.675,0.0011560693641618,0.9310344827586208,0.0689655172413793,7.741657178510319
tfnbs,"e=1.0,h=7.0,n=30,start_thres=1.25",hub,0.25,50,26,40,1730,27,2,13,1728,0.675,0.0011560693641618,0.9310344827586208,0.0689655172413793,7.741657178510319
tfnbs,"e=1.0,h=8.0,n=30,start_thres=1.25",hub,0.25,50,26,40,1730,25,1,15,1729,0.625,0.0005780346820809,0.9615384615384616,0.0384615384615384,7.741657178510319
tfnbs,"e=1.0,h=9.0,n=30,start_thres=1.25",hub,0.25,50,26,40,1730,25,1,15,1729,0.625,0.0005780346820809,0.9615384615384616,0.0384615384615384,7.741657178510319
tfnbs,"e=1.0,h=10.0,n=30,start_thres=1.25",hub,0.25,50,26,40,1730,25,1,15,1729,0.625,0.0005780346820809,0.9615384615384616,0.0384615384615384,7.741657178510319
tfnbs,"e=1.1,h=0.5,n=30,start_thres=1.25",hub,0.25,50,26,40,1730,30,5,10,1725,0.75,0.0028901734104046,0.8571428571428571,0.1428571428571428,7.741657178510319
tfnbs,"e=1.1,h=1.0,n=30,start_thres=1.25",hub,0.25,50,26,40,1730,30,5,10,1725,0.75,0.0028901734104046,0.8571428571428571,0.1428571428571428,7.741657178510319
tfnbs,"e=1.1,h=2.0,n=30,start_thres=1.25",hub,0.25,50,26,40,1730,31,9,9,1721,0.775,0.0052023121387283,0.775,0.225,7.741657178510319
tfnbs,"e=1.1,h=3.0,n=30,start_thres=1.25",hub,0.25,50,26,40,1730,30,5,10,1725,0.75,0.0028901734104046,0.8571428571428571,0.1428571428571428,7.741657178510319
tfnbs,"e=1.1,h=4.0,n=30,start_thres=1.25",hub,0.25,50,26,40,1730,30,5,10,1725,0.75,0.0028901734104046,0.8571428571428571,0.1428571428571428,7.741657178510319
tfnbs,"e=1.1,h=5.0,n=30,start_thres=1.25",hub,0.25,50,26,40,1730,30,5,10,1725,0.75,0.0028901734104046,0.8571428571428571,0.1428571428571428,7.741657178510319
tfnbs,"e=1.1,h=6.0,n=30,start_thres=1.25",hub,0.25,50,26,40,1730,30,5,10,1725,0.75,0.0028901734104046,0.8571428571428571,0.1428571428571428,7.741657178510319
tfnbs,"e=1.1,h=7.0,n=30,start_thres=1.25",hub,0.25,50,26,40,1730,30,5,10,1725,0.75,0.0028901734104046,0.8571428571428571,0.1428571428571428,7.741657178510319
tfnbs,"e=1.1,h=8.0,n=30,start_thres=1.25",hub,0.25,50,26,40,1730,27,2,13,1728,0.675,0.0011560693641618,0.9310344827586208,0.0689655172413793,7.741657178510319
tfnbs,"e=1.1,h=9.0,n=30,start_thres=1.25",hub,0.25,50,26,40,1730,25,1,15,1729,0.625,0.0005780346820809,0.9615384615384616,0.0384615384615384,7.741657178510319
tfnbs,"e=1.1,h=10.0,n=30,start_thres=1.25",hub,0.25,50,26,40,1730,25,1,15,1729,0.625,0.0005780346820809,0.9615384615384616,0.0384615384615384,7.741657178510319
tfnbs,"e=1.2,h=0.5,n=30,start_thres=1.25",hub,0.25,50,26,40,1730,30,5,10,1725,0.75,0.0028901734104046,0.8571428571428571,0.1428571428571428,7.741657178510319
tfnbs,"e=1.2,h=1.0,n=30,start_thres=1.25",hub,0.25,50,26,40,1730,30,5,10,1725,0.75,0.0028901734104046,0.8571428571428571,0.1428571428571428,7.741657178510319
tfnbs,"e=1.2,h=2.0,n=30,start_thres=1.25",hub,0.25,50,26,40,1730,31,9,9,1721,0.775,0.0052023121387283,0.775,0.225,7.741657178510319
tfnbs,"e=1.2,h=3.0,n=30,start_thres=1.25",hub,0.25,50,26,40,1730,31,9,9,1721,0.775,0.0052023121387283,0.775,0.225,7.741657178510319
tfnbs,"e=1.2,h=4.0,n=30,start_thres=1.25",hub,0.25,50,26,40,1730,31,9,9,1721,0.775,0.0052023121387283,0.775,0.225,7.741657178510319
tfnbs,"e=1.2,h=5.0,n=30,start_thres=1.25",hub,0.25,50,26,40,1730,30,5,10,1725,0.75,0.0028901734104046,0.8571428571428571,0.1428571428571428,7.741657178510319
tfnbs,"e=1.2,h=6.0,n=30,start_thres=1.25",hub,0.25,50,26,40,1730,30,5,10,1725,0.75,0.0028901734104046,0.8571428571428571,0.1428571428571428,7.741657178510319
tfnbs,"e=1.2,h=7.0,n=30,start_thres=1.25",hub,0.25,50,26,40,1730,30,5,10,1725,0.75,0.0028901734104046,0.8571428571428571,0.1428571428571428,7.741657178510319
tfnbs,"e=1.2,h=8.0,n=30,start_thres=1.25",hub,0.25,50,26,40,1730,30,5,10,1725,0.75,0.0028901734104046,0.8571428571428571,0.1428571428571428,7.741657178510319
tfnbs,"e=1.2,h=9.0,n=30,start_thres=1.25",hub,0.25,50,26,40,1730,27,2,13,1728,0.675,0.0011560693641618,0.9310344827586208,0.0689655172413793,7.741657178510319
tfnbs,"e=1.2,h=10.0,n=30,start_thres=1.25",hub,0.25,50,26,40,1730,25,1,15,1729,0.625,0.0005780346820809,0.9615384615384616,0.0384615384615384,7.741657178510319
tfnbs,"e=1.3,h=0.5,n=30,start_thres=1.25",hub,0.25,50,26,40,1730,30,5,10,1725,0.75,0.0028901734104046,0.8571428571428571,0.1428571428571428,7.741657178510319
tfnbs,"e=1.3,h=1.0,n=30,start_thres=1.25",hub,0.25,50,26,40,1730,30,5,10,1725,0.75,0.0028901734104046,0.8571428571428571,0.1428571428571428,7.741657178510319
tfnbs,"e=1.3,h=2.0,n=30,start_thres=1.25",hub,0.25,50,26,40,1730,31,9,9,1721,0.775,0.0052023121387283,0.775,0.225,7.741657178510319
tfnbs,"e=1.3,h=3.0,n=30,start_thres=1.25",hub,0.25,50,26,40,1730,31,9,9,1721,0.775,0.0052023121387283,0.775,0.225,7.741657178510319
tfnbs,"e=1.3,h=4.0,n=30,start_thres=1.25",hub,0.25,50,26,40,1730,31,9,9,1721,0.775,0.0052023121387283,0.775,0.225,7.741657178510319
tfnbs,"e=1.3,h=5.0,n=30,start_thres=1.25",hub,0.25,50,26,40,1730,31,9,9,1721,0.775,0.0052023121387283,0.775,0.225,7.741657178510319
tfnbs,"e=1.3,h=6.0,n=30,start_thres=1.25",hub,0.25,50,26,40,1730,30,5,10,1725,0.75,0.0028901734104046,0.8571428571428571,0.1428571428571428,7.741657178510319
tfnbs,"e=1.3,h=7.0,n=30,start_thres=1.25",hub,0.25,50,26,40,1730,30,5,10,1725,0.75,0.0028901734104046,0.8571428571428571,0.1428571428571428,7.741657178510319
tfnbs,"e=1.3,h=8.0,n=30,start_thres=1.25",hub,0.25,50,26,40,1730,30,5,10,1725,0.75,0.0028901734104046,0.8571428571428571,0.1428571428571428,7.741657178510319
tfnbs,"e=1.3,h=9.0,n=30,start_thres=1.25",hub,0.25,50,26,40,1730,30,5,10,1725,0.75,0.0028901734104046,0.8571428571428571,0.1428571428571428,7.741657178510319
tfnbs,"e=1.3,h=10.0,n=30,start_thres=1.25",hub,0.25,50,26,40,1730,27,2,13,1728,0.675,0.0011560693641618,0.9310344827586208,0.0689655172413793,7.741657178510319
tfnbs,"e=1.4,h=0.5,n=30,start_thres=1.25",hub,0.25,50,26,40,1730,30,5,10,1725,0.75,0.0028901734104046,0.8571428571428571,0.1428571428571428,7.741657178510319
tfnbs,"e=1.4,h=1.0,n=30,start_thres=1.25",hub,0.25,50,26,40,1730,30,5,10,1725,0.75,0.0028901734104046,0.8571428571428571,0.1428571428571428,7.741657178510319
tfnbs,"e=1.4,h=2.0,n=30,start_thres=1.25",hub,0.25,50,26,40,1730,31,9,9,1721,0.775,0.0052023121387283,0.775,0.225,7.741657178510319
tfnbs,"e=1.4,h=3.0,n=30,start_thres=1.25",hub,0.25,50,26,40,1730,31,9,9,1721,0.775,0.0052023121387283,0.775,0.225,7.741657178510319
tfnbs,"e=1.4,h=4.0,n=30,start_thres=1.25",hub,0.25,50,26,40,1730,31,9,9,1721,0.775,0.0052023121387283,0.775,0.225,7.741657178510319
tfnbs,"e=1.4,h=5.0,n=30,start_thres=1.25",hub,0.25,50,26,40,1730,31,9,9,1721,0.775,0.0052023121387283,0.775,0.225,7.741657178510319
tfnbs,"e=1.4,h=6.0,n=30,start_thres=1.25",hub,0.25,50,26,40,1730,31,9,9,1721,0.775,0.0052023121387283,0.775,0.225,7.741657178510319
tfnbs,"e=1.4,h=7.0,n=30,start_thres=1.25",hub,0.25,50,26,40,1730,31,9,9,1721,0.775,0.0052023121387283,0.775,0.225,7.741657178510319
tfnbs,"e=1.4,h=8.0,n=30,start_thres=1.25",hub,0.25,50,26,40,1730,30,5,10,1725,0.75,0.0028901734104046,0.8571428571428571,0.1428571428571428,7.741657178510319
tfnbs,"e=1.4,h=9.0,n=30,start_thres=1.25",hub,0.25,50,26,40,1730,30,5,10,1725,0.75,0.0028901734104046,0.8571428571428571,0.1428571428571428,7.741657178510319
tfnbs,"e=1.4,h=10.0,n=30,start_thres=1.25",hub,0.25,50,26,40,1730,30,5,10,1725,0.75,0.0028901734104046,0.8571428571428571,0.1428571428571428,7.741657178510319
tfnbs,"e=1.5,h=0.5,n=30,start_thres=1.25",hub,0.25,50,26,40,1730,27,2,13,1728,0.675,0.0011560693641618,0.9310344827586208,0.0689655172413793,7.741657178510319
tfnbs,"e=1.5,h=1.0,n=30,start_thres=1.25",hub,0.25,50,26,40,1730,30,5,10,1725,0.75,0.0028901734104046,0.8571428571428571,0.1428571428571428,7.741657178510319
tfnbs,"e=1.5,h=2.0,n=30,start_thres=1.25",hub,0.25,50,26,40,1730,31,9,9,1721,0.775,0.0052023121387283,0.775,0.225,7.741657178510319
tfnbs,"e=1.5,h=3.0,n=30,start_thres=1.25",hub,0.25,50,26,40,1730,31,9,9,1721,0.775,0.0052023121387283,0.775,0.225,7.741657178510319
tfnbs,"e=1.5,h=4.0,n=30,start_thres=1.25",hub,0.25,50,26,40,1730,31,9,9,1721,0.775,0.0052023121387283,0.775,0.225,7.741657178510319
tfnbs,"e=1.5,h=5.0,n=30,start_thres=1.25",hub,0.25,50,26,40,1730,31,9,9,1721,0.775,0.0052023121387283,0.775,0.225,7.741657178510319
tfnbs,"e=1.5,h=6.0,n=30,start_thres=1.25",hub,0.25,50,26,40,1730,31,9,9,1721,0.775,0.0052023121387283,0.775,0.225,7.741657178510319
tfnbs,"e=1.5,h=7.0,n=30,start_thres=1.25",hub,0.25,50,26,40,1730,31,9,9,1721,0.775,0.0052023121387283,0.775,0.225,7.741657178510319
tfnbs,"e=1.5,h=8.0,n=30,start_thres=1.25",hub,0.25,50,26,40,1730,30,5,10,1725,0.75,0.0028901734104046,0.8571428571428571,0.1428571428571428,7.741657178510319
tfnbs,"e=1.5,h=9.0,n=30,start_thres=1.25",hub,0.25,50,26,40,1730,30,5,10,1725,0.75,0.0028901734104046,0.8571428571428571,0.1428571428571428,7.741657178510319
tfnbs,"e=1.5,h=10.0,n=30,start_thres=1.25",hub,0.25,50,26,40,1730,30,5,10,1725,0.75,0.0028901734104046,0.8571428571428571,0.1428571428571428,7.741657178510319
nbs_intensity,threshold=3.5,hub,0.25,50,8,40,1730,17,0,23,1730,0.425,0.0,1.0,0.0,8.097978353500366
nbs_intensity,threshold=3.5,hub,0.25,50,12,40,1730,15,0,25,1730,0.375,0.0,1.0,0.0,7.462058067321777
nbs_intensity,threshold=3.5,hub,0.25,50,9,40,1730,18,0,22,1730,0.45,0.0,1.0,0.0,8.02880048751831
nbs_intensity,threshold=3.5,hub,0.25,50,10,40,1730,15,1,25,1729,0.375,0.0005780346820809,0.9375,0.0625,8.189087629318237
nbs_intensity,threshold=3.5,hub,0.25,50,13,40,1730,25,0,15,1730,0.625,0.0,1.0,0.0,7.734127044677734
nbs_intensity,threshold=3.5,hub,0.25,50,14,40,1730,21,0,19,1730,0.525,0.0,1.0,0.0,7.772674560546875
nbs_intensity,threshold=3.5,hub,0.25,50,16,40,1730,34,2,6,1728,0.85,0.0011560693641618,0.9444444444444444,0.0555555555555555,7.745916843414307
nbs_intensity,threshold=3.5,hub,0.25,50,15,40,1730,17,2,23,1728,0.425,0.0011560693641618,0.8947368421052632,0.1052631578947368,7.78110671043396
nbs_intensity,threshold=3.5,hub,0.25,50,19,40,1730,16,0,24,1730,0.4,0.0,1.0,0.0,7.961184740066528
nbs_intensity,threshold=3.5,hub,0.25,50,17,40,1730,24,0,16,1730,0.6,0.0,1.0,0.0,8.073046922683716
nbs_intensity,threshold=3.5,hub,0.25,50,18,40,1730,19,1,21,1729,0.475,0.0005780346820809,0.95,0.05,8.198780059814453
nbs_intensity,threshold=3.5,hub,0.25,50,21,40,1730,19,0,21,1730,0.475,0.0,1.0,0.0,7.570069551467895
nbs_intensity,threshold=3.5,hub,0.25,50,20,40,1730,15,0,25,1730,0.375,0.0,1.0,0.0,8.241642951965332
nbs_intensity,threshold=3.5,hub,0.25,50,22,40,1730,9,0,31,1730,0.225,0.0,1.0,0.0,8.118046998977661
nbs_intensity,threshold=3.5,hub,0.25,50,23,40,1730,23,0,17,1730,0.575,0.0,1.0,0.0,7.852160215377808
nbs_intensity,threshold=3.5,hub,0.25,50,24,40,1730,23,0,17,1730,0.575,0.0,1.0,0.0,8.044940948486328
nbs_intensity,threshold=3.5,hub,0.25,50,25,40,1730,17,0,23,1730,0.425,0.0,1.0,0.0,8.21260118484497
nbs_intensity,threshold=3.5,hub,0.25,50,26,40,1730,22,0,18,1730,0.55,0.0,1.0,0.0,8.017869710922241
nbs_intensity,threshold=3.5,hub,0.25,50,27,40,1730,27,0,13,1730,0.675,0.0,1.0,0.0,8.129631042480469
nbs_intensity,threshold=3.5,hub,0.25,50,29,40,1730,23,0,17,1730,0.575,0.0,1.0,0.0,7.704284906387329
nbs_intensity,threshold=3.5,hub,0.25,50,28,40,1730,24,0,16,1730,0.6,0.0,1.0,0.0,8.04425311088562
cnbs,,hub,0.25,50,1,40,1730,9,29,31,1701,0.225,0.0167630057803468,0.2368421052631578,0.7631578947368421,7.546422958374023
cnbs,,hub,0.25,50,0,40,1730,10,146,30,1584,0.25,0.084393063583815,0.0641025641025641,0.935897435897436,7.612715482711792
cnbs,,hub,0.25,50,2,40,1730,0,0,40,1730,0.0,0.0,0.0,0.0,8.172598838806152
cnbs,,hub,0.25,50,5,40,1730,0,0,40,1730,0.0,0.0,0.0,0.0,7.165144205093384
cnbs,,hub,0.25,50,3,40,1730,0,0,40,1730,0.0,0.0,0.0,0.0,7.879419803619385
cnbs,,hub,0.25,50,4,40,1730,12,40,28,1690,0.3,0.0231213872832369,0.2307692307692307,0.7692307692307693,7.748681306838989
cnbs,,hub,0.25,50,7,40,1730,9,41,31,1689,0.225,0.0236994219653179,0.18,0.82,7.744120359420776
cnbs,,hub,0.25,50,6,40,1730,0,0,40,1730,0.0,0.0,0.0,0.0,7.845275163650513
cnbs,,hub,0.25,50,8,40,1730,11,42,29,1688,0.275,0.0242774566473988,0.2075471698113207,0.7924528301886793,8.051243782043457
cnbs,,hub,0.25,50,10,40,1730,0,0,40,1730,0.0,0.0,0.0,0.0,7.800575256347656
cnbs,,hub,0.25,50,9,40,1730,9,57,31,1673,0.225,0.0329479768786127,0.1363636363636363,0.8636363636363636,8.078328132629395
cnbs,,hub,0.25,50,12,40,1730,13,59,27,1671,0.325,0.0341040462427745,0.1805555555555555,0.8194444444444444,7.694583892822266
cnbs,,hub,0.25,50,11,40,1730,8,73,32,1657,0.2,0.0421965317919075,0.0987654320987654,0.9012345679012346,8.35535216331482
cnbs,,hub,0.25,50,13,40,1730,9,68,31,1662,0.225,0.0393063583815028,0.1168831168831168,0.8831168831168831,8.202397584915161
cnbs,,hub,0.25,50,14,40,1730,11,181,29,1549,0.275,0.1046242774566474,0.0572916666666666,0.9427083333333334,7.978662490844727
cnbs,,hub,0.25,50,16,40,1730,29,370,11,1360,0.725,0.2138728323699422,0.0726817042606516,0.9273182957393484,7.760488986968994
cnbs,,hub,0.25,50,18,40,1730,7,31,33,1699,0.175,0.0179190751445086,0.1842105263157894,0.8157894736842105,7.695347547531128
cnbs,,hub,0.25,50,17,40,1730,9,70,31,1660,0.225,0.0404624277456647,0.1139240506329113,0.8860759493670886,7.794698476791382
cnbs,,hub,0.25,50,15,40,1730,22,236,18,1494,0.55,0.1364161849710982,0.0852713178294573,0.9147286821705426,8.340067625045776
cnbs,,hub,0.25,50,20,40,1730,0,0,40,1730,0.0,0.0,0.0,0.0,8.002603530883789
cnbs,,hub,0.25,50,21,40,1730,0,0,40,1730,0.0,0.0,0.0,0.0,8.0680410861969
cnbs,,hub,0.25,50,23,40,1730,9,64,31,1666,0.225,0.0369942196531791,0.1232876712328767,0.8767123287671232,7.856553792953491
cnbs,,hub,0.25,50,22,40,1730,0,0,40,1730,0.0,0.0,0.0,0.0,8.119753122329712
cnbs,,hub,0.25,50,19,40,1730,17,210,23,1520,0.425,0.1213872832369942,0.0748898678414096,0.9251101321585904,8.657394409179688
cnbs,,hub,0.25,50,24,40,1730,12,62,28,1668,0.3,0.0358381502890173,0.1621621621621621,0.8378378378378378,7.770153760910034
cnbs,,hub,0.25,50,25,40,1730,0,0,40,1730,0.0,0.0,0.0,0.0,8.29567551612854
cnbs,,hub,0.25,50,26,40,1730,11,51,29,1679,0.275,0.0294797687861271,0.1774193548387097,0.8225806451612904,8.21724557876587
cnbs,,hub,0.25,50,28,40,1730,10,36,30,1694,0.25,0.0208092485549132,0.217391304347826,0.782608695652174,8.011586427688599
cnbs,,hub,0.25,50,27,40,1730,21,176,19,1554,0.525,0.1017341040462427,0.1065989847715736,0.8934010152284264,8.792094945907593
cnbs,,hub,0.25,50,29,40,1730,0,0,40,1730,0.0,0.0,0.0,0.0,7.908026218414307
tstat,,hub,0.25,100,0,40,1730,28,1,12,1729,0.7,0.0005780346820809,0.9655172413793104,0.0344827586206896,23.53321576118469
tstat,,hub,0.25,100,2,40,1730,27,0,13,1730,0.675,0.0,1.0,0.0,23.06156134605408
tstat,,hub,0.25,100,3,40,1730,25,0,15,1730,0.625,0.0,1.0,0.0,23.518892288208008
tstat,,hub,0.25,100,1,40,1730,27,0,13,1730,0.675,0.0,1.0,0.0,24.01195478439331
tstat,,hub,0.25,100,11,40,1730,32,0,8,1730,0.8,0.0,1.0,0.0,21.71717381477356
tstat,,hub,0.25,100,5,40,1730,33,0,7,1730,0.825,0.0,1.0,0.0,23.05538892745972
tstat,,hub,0.25,100,9,40,1730,22,0,18,1730,0.55,0.0,1.0,0.0,22.357839345932007
tstat,,hub,0.25,100,6,40,1730,34,0,6,1730,0.85,0.0,1.0,0.0,23.12217807769776
tstat,,hub,0.25,100,4,40,1730,32,0,8,1730,0.8,0.0,1.0,0.0,23.83234214782715
tstat,,hub,0.25,100,7,40,1730,30,0,10,1730,0.75,0.0,1.0,0.0,23.34144377708435
tstat,,hub,0.25,100,10,40,1730,27,0,13,1730,0.675,0.0,1.0,0.0,22.86644554138184
tstat,,hub,0.25,100,8,40,1730,21,0,19,1730,0.525,0.0,1.0,0.0,23.663978099823
tstat,,hub,0.25,100,16,40,1730,35,0,5,1730,0.875,0.0,1.0,0.0,22.40186452865601
tstat,,hub,0.25,100,12,40,1730,30,0,10,1730,0.75,0.0,1.0,0.0,23.549208402633667
tstat,,hub,0.25,100,17,40,1730,27,0,13,1730,0.675,0.0,1.0,0.0,22.736475706100464
tstat,,hub,0.25,100,13,40,1730,32,0,8,1730,0.8,0.0,1.0,0.0,23.878609895706177
tstat,,hub,0.25,100,14,40,1730,33,0,7,1730,0.825,0.0,1.0,0.0,23.70948600769043
tstat,,hub,0.25,100,20,40,1730,30,0,10,1730,0.75,0.0,1.0,0.0,22.72297096252441
tstat,,hub,0.25,100,15,40,1730,30,0,10,1730,0.75,0.0,1.0,0.0,23.78912305831909
tstat,,hub,0.25,100,19,40,1730,25,0,15,1730,0.625,0.0,1.0,0.0,23.269654273986816
tstat,,hub,0.25,100,18,40,1730,19,0,21,1730,0.475,0.0,1.0,0.0,23.72926139831543
tstat,,hub,0.25,100,23,40,1730,31,0,9,1730,0.775,0.0,1.0,0.0,22.55903053283692
tstat,,hub,0.25,100,25,40,1730,29,0,11,1730,0.725,0.0,1.0,0.0,22.571130514144897
tstat,,hub,0.25,100,21,40,1730,34,0,6,1730,0.85,0.0,1.0,0.0,23.38634371757508
tstat,,hub,0.25,100,26,40,1730,33,0,7,1730,0.825,0.0,1.0,0.0,22.823039770126343
tstat,,hub,0.25,100,24,40,1730,35,0,5,1730,0.875,0.0,1.0,0.0,23.304044485092163
tstat,,hub,0.25,100,22,40,1730,20,1,20,1729,0.5,0.0005780346820809,0.9523809523809524,0.0476190476190476,23.80958747863769
tstat,,hub,0.25,100,28,40,1730,30,0,10,1730,0.75,0.0,1.0,0.0,22.521456003189087
tstat,,hub,0.25,100,27,40,1730,27,0,13,1730,0.675,0.0,1.0,0.0,23.878278970718384
tstat,,hub,0.25,100,29,40,1730,30,0,10,1730,0.75,0.0,1.0,0.0,23.150888204574585
ni_tfnbs,"e=0.05,h=0.5,n=30,start_thres=1.25",hub,0.25,100,1,40,1730,28,0,12,1730,0.7,0.0,1.0,0.0,0.247260183095932
ni_tfnbs,"e=0.05,h=1.0,n=30,start_thres=1.25",hub,0.25,100,1,40,1730,28,0,12,1730,0.7,0.0,1.0,0.0,0.247260183095932
ni_tfnbs,"e=0.05,h=2.0,n=30,start_thres=1.25",hub,0.25,100,1,40,1730,28,0,12,1730,0.7,0.0,1.0,0.0,0.247260183095932
ni_tfnbs,"e=0.05,h=3.0,n=30,start_thres=1.25",hub,0.25,100,1,40,1730,28,0,12,1730,0.7,0.0,1.0,0.0,0.247260183095932
ni_tfnbs,"e=0.05,h=4.0,n=30,start_thres=1.25",hub,0.25,100,1,40,1730,28,0,12,1730,0.7,0.0,1.0,0.0,0.247260183095932
ni_tfnbs,"e=0.05,h=5.0,n=30,start_thres=1.25",hub,0.25,100,1,40,1730,28,0,12,1730,0.7,0.0,1.0,0.0,0.247260183095932
ni_tfnbs,"e=0.05,h=6.0,n=30,start_thres=1.25",hub,0.25,100,1,40,1730,28,0,12,1730,0.7,0.0,1.0,0.0,0.247260183095932
ni_tfnbs,"e=0.05,h=7.0,n=30,start_thres=1.25",hub,0.25,100,1,40,1730,28,0,12,1730,0.7,0.0,1.0,0.0,0.247260183095932
ni_tfnbs,"e=0.05,h=8.0,n=30,start_thres=1.25",hub,0.25,100,1,40,1730,28,0,12,1730,0.7,0.0,1.0,0.0,0.247260183095932
ni_tfnbs,"e=0.05,h=9.0,n=30,start_thres=1.25",hub,0.25,100,1,40,1730,28,0,12,1730,0.7,0.0,1.0,0.0,0.247260183095932
ni_tfnbs,"e=0.05,h=10.0,n=30,start_thres=1.25",hub,0.25,100,1,40,1730,28,0,12,1730,0.7,0.0,1.0,0.0,0.247260183095932
ni_tfnbs,"e=0.1,h=0.5,n=30,start_thres=1.25",hub,0.25,100,1,40,1730,28,0,12,1730,0.7,0.0,1.0,0.0,0.247260183095932
ni_tfnbs,"e=0.1,h=1.0,n=30,start_thres=1.25",hub,0.25,100,1,40,1730,28,0,12,1730,0.7,0.0,1.0,0.0,0.247260183095932
ni_tfnbs,"e=0.1,h=2.0,n=30,start_thres=1.25",hub,0.25,100,1,40,1730,28,0,12,1730,0.7,0.0,1.0,0.0,0.247260183095932
ni_tfnbs,"e=0.1,h=3.0,n=30,start_thres=1.25",hub,0.25,100,1,40,1730,28,0,12,1730,0.7,0.0,1.0,0.0,0.247260183095932
ni_tfnbs,"e=0.1,h=4.0,n=30,start_thres=1.25",hub,0.25,100,1,40,1730,28,0,12,1730,0.7,0.0,1.0,0.0,0.247260183095932
ni_tfnbs,"e=0.1,h=5.0,n=30,start_thres=1.25",hub,0.25,100,1,40,1730,28,0,12,1730,0.7,0.0,1.0,0.0,0.247260183095932
ni_tfnbs,"e=0.1,h=6.0,n=30,start_thres=1.25",hub,0.25,100,1,40,1730,28,0,12,1730,0.7,0.0,1.0,0.0,0.247260183095932
ni_tfnbs,"e=0.1,h=7.0,n=30,start_thres=1.25",hub,0.25,100,1,40,1730,28,0,12,1730,0.7,0.0,1.0,0.0,0.247260183095932
ni_tfnbs,"e=0.1,h=8.0,n=30,start_thres=1.25",hub,0.25,100,1,40,1730,28,0,12,1730,0.7,0.0,1.0,0.0,0.247260183095932
ni_tfnbs,"e=0.1,h=9.0,n=30,start_thres=1.25",hub,0.25,100,1,40,1730,28,0,12,1730,0.7,0.0,1.0,0.0,0.247260183095932
ni_tfnbs,"e=0.1,h=10.0,n=30,start_thres=1.25",hub,0.25,100,1,40,1730,28,0,12,1730,0.7,0.0,1.0,0.0,0.247260183095932
ni_tfnbs,"e=0.2,h=0.5,n=30,start_thres=1.25",hub,0.25,100,1,40,1730,29,0,11,1730,0.725,0.0,1.0,0.0,0.247260183095932
ni_tfnbs,"e=0.2,h=1.0,n=30,start_thres=1.25",hub,0.25,100,1,40,1730,29,0,11,1730,0.725,0.0,1.0,0.0,0.247260183095932
ni_tfnbs,"e=0.2,h=2.0,n=30,start_thres=1.25",hub,0.25,100,1,40,1730,29,0,11,1730,0.725,0.0,1.0,0.0,0.247260183095932
ni_tfnbs,"e=0.2,h=3.0,n=30,start_thres=1.25",hub,0.25,100,1,40,1730,29,0,11,1730,0.725,0.0,1.0,0.0,0.247260183095932
ni_tfnbs,"e=0.2,h=4.0,n=30,start_thres=1.25",hub,0.25,100,1,40,1730,28,0,12,1730,0.7,0.0,1.0,0.0,0.247260183095932
ni_tfnbs,"e=0.2,h=5.0,n=30,start_thres=1.25",hub,0.25,100,1,40,1730,28,0,12,1730,0.7,0.0,1.0,0.0,0.247260183095932
ni_tfnbs,"e=0.2,h=6.0,n=30,start_thres=1.25",hub,0.25,100,1,40,1730,28,0,12,1730,0.7,0.0,1.0,0.0,0.247260183095932
ni_tfnbs,"e=0.2,h=7.0,n=30,start_thres=1.25",hub,0.25,100,1,40,1730,28,0,12,1730,0.7,0.0,1.0,0.0,0.247260183095932
ni_tfnbs,"e=0.2,h=8.0,n=30,start_thres=1.25",hub,0.25,100,1,40,1730,28,0,12,1730,0.7,0.0,1.0,0.0,0.247260183095932
ni_tfnbs,"e=0.2,h=9.0,n=30,start_thres=1.25",hub,0.25,100,1,40,1730,28,0,12,1730,0.7,0.0,1.0,0.0,0.247260183095932
ni_tfnbs,"e=0.2,h=10.0,n=30,start_thres=1.25",hub,0.25,100,1,40,1730,28,0,12,1730,0.7,0.0,1.0,0.0,0.247260183095932
ni_tfnbs,"e=0.3,h=0.5,n=30,start_thres=1.25",hub,0.25,100,1,40,1730,34,0,6,1730,0.85,0.0,1.0,0.0,0.247260183095932
ni_tfnbs,"e=0.3,h=1.0,n=30,start_thres=1.25",hub,0.25,100,1,40,1730,34,0,6,1730,0.85,0.0,1.0,0.0,0.247260183095932
ni_tfnbs,"e=0.3,h=2.0,n=30,start_thres=1.25",hub,0.25,100,1,40,1730,33,0,7,1730,0.825,0.0,1.0,0.0,0.247260183095932
ni_tfnbs,"e=0.3,h=3.0,n=30,start_thres=1.25",hub,0.25,100,1,40,1730,29,0,11,1730,0.725,0.0,1.0,0.0,0.247260183095932
ni_tfnbs,"e=0.3,h=4.0,n=30,start_thres=1.25",hub,0.25,100,1,40,1730,29,0,11,1730,0.725,0.0,1.0,0.0,0.247260183095932
ni_tfnbs,"e=0.3,h=5.0,n=30,start_thres=1.25",hub,0.25,100,1,40,1730,29,0,11,1730,0.725,0.0,1.0,0.0,0.247260183095932
ni_tfnbs,"e=0.3,h=6.0,n=30,start_thres=1.25",hub,0.25,100,1,40,1730,29,0,11,1730,0.725,0.0,1.0,0.0,0.247260183095932
ni_tfnbs,"e=0.3,h=7.0,n=30,start_thres=1.25",hub,0.25,100,1,40,1730,28,0,12,1730,0.7,0.0,1.0,0.0,0.247260183095932
ni_tfnbs,"e=0.3,h=8.0,n=30,start_thres=1.25",hub,0.25,100,1,40,1730,28,0,12,1730,0.7,0.0,1.0,0.0,0.247260183095932
ni_tfnbs,"e=0.3,h=9.0,n=30,start_thres=1.25",hub,0.25,100,1,40,1730,28,0,12,1730,0.7,0.0,1.0,0.0,0.247260183095932
ni_tfnbs,"e=0.3,h=10.0,n=30,start_thres=1.25",hub,0.25,100,1,40,1730,28,0,12,1730,0.7,0.0,1.0,0.0,0.247260183095932
ni_tfnbs,"e=0.4,h=0.5,n=30,start_thres=1.25",hub,0.25,100,1,40,1730,35,0,5,1730,0.875,0.0,1.0,0.0,0.247260183095932
ni_tfnbs,"e=0.4,h=1.0,n=30,start_thres=1.25",hub,0.25,100,1,40,1730,35,0,5,1730,0.875,0.0,1.0,0.0,0.247260183095932
ni_tfnbs,"e=0.4,h=2.0,n=30,start_thres=1.25",hub,0.25,100,1,40,1730,34,0,6,1730,0.85,0.0,1.0,0.0,0.247260183095932
ni_tfnbs,"e=0.4,h=3.0,n=30,start_thres=1.25",hub,0.25,100,1,40,1730,34,0,6,1730,0.85,0.0,1.0,0.0,0.247260183095932
ni_tfnbs,"e=0.4,h=4.0,n=30,start_thres=1.25",hub,0.25,100,1,40,1730,34,0,6,1730,0.85,0.0,1.0,0.0,0.247260183095932
ni_tfnbs,"e=0.4,h=5.0,n=30,start_thres=1.25",hub,0.25,100,1,40,1730,29,0,11,1730,0.725,0.0,1.0,0.0,0.247260183095932
ni_tfnbs,"e=0.4,h=6.0,n=30,start_thres=1.25",hub,0.25,100,1,40,1730,29,0,11,1730,0.725,0.0,1.0,0.0,0.247260183095932
ni_tfnbs,"e=0.4,h=7.0,n=30,start_thres=1.25",hub,0.25,100,1,40,1730,29,0,11,1730,0.725,0.0,1.0,0.0,0.247260183095932
ni_tfnbs,"e=0.4,h=8.0,n=30,start_thres=1.25",hub,0.25,100,1,40,1730,29,0,11,1730,0.725,0.0,1.0,0.0,0.247260183095932
ni_tfnbs,"e=0.4,h=9.0,n=30,start_thres=1.25",hub,0.25,100,1,40,1730,29,0,11,1730,0.725,0.0,1.0,0.0,0.247260183095932
ni_tfnbs,"e=0.4,h=10.0,n=30,start_thres=1.25",hub,0.25,100,1,40,1730,28,0,12,1730,0.7,0.0,1.0,0.0,0.247260183095932
ni_tfnbs,"e=0.5,h=0.5,n=30,start_thres=1.25",hub,0.25,100,1,40,1730,35,0,5,1730,0.875,0.0,1.0,0.0,0.247260183095932
ni_tfnbs,"e=0.5,h=1.0,n=30,start_thres=1.25",hub,0.25,100,1,40,1730,35,0,5,1730,0.875,0.0,1.0,0.0,0.247260183095932
ni_tfnbs,"e=0.5,h=2.0,n=30,start_thres=1.25",hub,0.25,100,1,40,1730,35,0,5,1730,0.875,0.0,1.0,0.0,0.247260183095932
ni_tfnbs,"e=0.5,h=3.0,n=30,start_thres=1.25",hub,0.25,100,1,40,1730,35,0,5,1730,0.875,0.0,1.0,0.0,0.247260183095932
ni_tfnbs,"e=0.5,h=4.0,n=30,start_thres=1.25",hub,0.25,100,1,40,1730,34,0,6,1730,0.85,0.0,1.0,0.0,0.247260183095932
ni_tfnbs,"e=0.5,h=5.0,n=30,start_thres=1.25",hub,0.25,100,1,40,1730,34,0,6,1730,0.85,0.0,1.0,0.0,0.247260183095932
ni_tfnbs,"e=0.5,h=6.0,n=30,start_thres=1.25",hub,0.25,100,1,40,1730,33,0,7,1730,0.825,0.0,1.0,0.0,0.247260183095932
ni_tfnbs,"e=0.5,h=7.0,n=30,start_thres=1.25",hub,0.25,100,1,40,1730,29,0,11,1730,0.725,0.0,1.0,0.0,0.247260183095932
ni_tfnbs,"e=0.5,h=8.0,n=30,start_thres=1.25",hub,0.25,100,1,40,1730,29,0,11,1730,0.725,0.0,1.0,0.0,0.247260183095932
ni_tfnbs,"e=0.5,h=9.0,n=30,start_thres=1.25",hub,0.25,100,1,40,1730,29,0,11,1730,0.725,0.0,1.0,0.0,0.247260183095932
ni_tfnbs,"e=0.5,h=10.0,n=30,start_thres=1.25",hub,0.25,100,1,40,1730,29,0,11,1730,0.725,0.0,1.0,0.0,0.247260183095932
ni_tfnbs,"e=0.6,h=0.5,n=30,start_thres=1.25",hub,0.25,100,1,40,1730,37,0,3,1730,0.925,0.0,1.0,0.0,0.247260183095932
ni_tfnbs,"e=0.6,h=1.0,n=30,start_thres=1.25",hub,0.25,100,1,40,1730,37,0,3,1730,0.925,0.0,1.0,0.0,0.247260183095932
ni_tfnbs,"e=0.6,h=2.0,n=30,start_thres=1.25",hub,0.25,100,1,40,1730,35,0,5,1730,0.875,0.0,1.0,0.0,0.247260183095932
ni_tfnbs,"e=0.6,h=3.0,n=30,start_thres=1.25",hub,0.25,100,1,40,1730,35,0,5,1730,0.875,0.0,1.0,0.0,0.247260183095932
ni_tfnbs,"e=0.6,h=4.0,n=30,start_thres=1.25",hub,0.25,100,1,40,1730,35,0,5,1730,0.875,0.0,1.0,0.0,0.247260183095932
ni_tfnbs,"e=0.6,h=5.0,n=30,start_thres=1.25",hub,0.25,100,1,40,1730,34,0,6,1730,0.85,0.0,1.0,0.0,0.247260183095932
ni_tfnbs,"e=0.6,h=6.0,n=30,start_thres=1.25",hub,0.25,100,1,40,1730,34,0,6,1730,0.85,0.0,1.0,0.0,0.247260183095932
ni_tfnbs,"e=0.6,h=7.0,n=30,start_thres=1.25",hub,0.25,100,1,40,1730,33,0,7,1730,0.825,0.0,1.0,0.0,0.247260183095932
ni_tfnbs,"e=0.6,h=8.0,n=30,start_thres=1.25",hub,0.25,100,1,40,1730,30,0,10,1730,0.75,0.0,1.0,0.0,0.247260183095932
ni_tfnbs,"e=0.6,h=9.0,n=30,start_thres=1.25",hub,0.25,100,1,40,1730,29,0,11,1730,0.725,0.0,1.0,0.0,0.247260183095932
ni_tfnbs,"e=0.6,h=10.0,n=30,start_thres=1.25",hub,0.25,100,1,40,1730,29,0,11,1730,0.725,0.0,1.0,0.0,0.247260183095932
ni_tfnbs,"e=0.7,h=0.5,n=30,start_thres=1.25",hub,0.25,100,1,40,1730,38,0,2,1730,0.95,0.0,1.0,0.0,0.247260183095932
ni_tfnbs,"e=0.7,h=1.0,n=30,start_thres=1.25",hub,0.25,100,1,40,1730,38,0,2,1730,0.95,0.0,1.0,0.0,0.247260183095932
ni_tfnbs,"e=0.7,h=2.0,n=30,start_thres=1.25",hub,0.25,100,1,40,1730,38,0,2,1730,0.95,0.0,1.0,0.0,0.247260183095932
ni_tfnbs,"e=0.7,h=3.0,n=30,start_thres=1.25",hub,0.25,100,1,40,1730,35,0,5,1730,0.875,0.0,1.0,0.0,0.247260183095932
ni_tfnbs,"e=0.7,h=4.0,n=30,start_thres=1.25",hub,0.25,100,1,40,1730,35,0,5,1730,0.875,0.0,1.0,0.0,0.247260183095932
ni_tfnbs,"e=0.7,h=5.0,n=30,start_thres=1.25",hub,0.25,100,1,40,1730,35,0,5,1730,0.875,0.0,1.0,0.0,0.247260183095932
ni_tfnbs,"e=0.7,h=6.0,n=30,start_thres=1.25",hub,0.25,100,1,40,1730,35,0,5,1730,0.875,0.0,1.0,0.0,0.247260183095932
ni_tfnbs,"e=0.7,h=7.0,n=30,start_thres=1.25",hub,0.25,100,1,40,1730,34,0,6,1730,0.85,0.0,1.0,0.0,0.247260183095932
ni_tfnbs,"e=0.7,h=8.0,n=30,start_thres=1.25",hub,0.25,100,1,40,1730,34,0,6,1730,0.85,0.0,1.0,0.0,0.247260183095932
ni_tfnbs,"e=0.7,h=9.0,n=30,start_thres=1.25",hub,0.25,100,1,40,1730,33,0,7,1730,0.825,0.0,1.0,0.0,0.247260183095932
ni_tfnbs,"e=0.7,h=10.0,n=30,start_thres=1.25",hub,0.25,100,1,40,1730,29,0,11,1730,0.725,0.0,1.0,0.0,0.247260183095932
ni_tfnbs,"e=0.8,h=0.5,n=30,start_thres=1.25",hub,0.25,100,1,40,1730,38,0,2,1730,0.95,0.0,1.0,0.0,0.247260183095932
ni_tfnbs,"e=0.8,h=1.0,n=30,start_thres=1.25",hub,0.25,100,1,40,1730,38,0,2,1730,0.95,0.0,1.0,0.0,0.247260183095932
ni_tfnbs,"e=0.8,h=2.0,n=30,start_thres=1.25",hub,0.25,100,1,40,1730,38,0,2,1730,0.95,0.0,1.0,0.0,0.247260183095932
ni_tfnbs,"e=0.8,h=3.0,n=30,start_thres=1.25",hub,0.25,100,1,40,1730,38,0,2,1730,0.95,0.0,1.0,0.0,0.247260183095932
ni_tfnbs,"e=0.8,h=4.0,n=30,start_thres=1.25",hub,0.25,100,1,40,1730,36,0,4,1730,0.9,0.0,1.0,0.0,0.247260183095932
ni_tfnbs,"e=0.8,h=5.0,n=30,start_thres=1.25",hub,0.25,100,1,40,1730,35,0,5,1730,0.875,0.0,1.0,0.0,0.247260183095932
ni_tfnbs,"e=0.8,h=6.0,n=30,start_thres=1.25",hub,0.25,100,1,40,1730,35,0,5,1730,0.875,0.0,1.0,0.0,0.247260183095932
ni_tfnbs,"e=0.8,h=7.0,n=30,start_thres=1.25",hub,0.25,100,1,40,1730,35,0,5,1730,0.875,0.0,1.0,0.0,0.247260183095932
ni_tfnbs,"e=0.8,h=8.0,n=30,start_thres=1.25",hub,0.25,100,1,40,1730,34,0,6,1730,0.85,0.0,1.0,0.0,0.247260183095932
ni_tfnbs,"e=0.8,h=9.0,n=30,start_thres=1.25",hub,0.25,100,1,40,1730,34,0,6,1730,0.85,0.0,1.0,0.0,0.247260183095932
ni_tfnbs,"e=0.8,h=10.0,n=30,start_thres=1.25",hub,0.25,100,1,40,1730,33,0,7,1730,0.825,0.0,1.0,0.0,0.247260183095932
ni_tfnbs,"e=0.9,h=0.5,n=30,start_thres=1.25",hub,0.25,100,1,40,1730,38,2,2,1728,0.95,0.0011560693641618,0.95,0.05,0.247260183095932
ni_tfnbs,"e=0.9,h=1.0,n=30,start_thres=1.25",hub,0.25,100,1,40,1730,38,2,2,1728,0.95,0.0011560693641618,0.95,0.05,0.247260183095932
ni_tfnbs,"e=0.9,h=2.0,n=30,start_thres=1.25",hub,0.25,100,1,40,1730,38,0,2,1730,0.95,0.0,1.0,0.0,0.247260183095932
ni_tfnbs,"e=0.9,h=3.0,n=30,start_thres=1.25",hub,0.25,100,1,40,1730,38,0,2,1730,0.95,0.0,1.0,0.0,0.247260183095932
ni_tfnbs,"e=0.9,h=4.0,n=30,start_thres=1.25",hub,0.25,100,1,40,1730,38,0,2,1730,0.95,0.0,1.0,0.0,0.247260183095932
ni_tfnbs,"e=0.9,h=5.0,n=30,start_thres=1.25",hub,0.25,100,1,40,1730,36,0,4,1730,0.9,0.0,1.0,0.0,0.247260183095932
ni_tfnbs,"e=0.9,h=6.0,n=30,start_thres=1.25",hub,0.25,100,1,40,1730,35,0,5,1730,0.875,0.0,1.0,0.0,0.247260183095932
ni_tfnbs,"e=0.9,h=7.0,n=30,start_thres=1.25",hub,0.25,100,1,40,1730,35,0,5,1730,0.875,0.0,1.0,0.0,0.247260183095932
ni_tfnbs,"e=0.9,h=8.0,n=30,start_thres=1.25",hub,0.25,100,1,40,1730,35,0,5,1730,0.875,0.0,1.0,0.0,0.247260183095932
ni_tfnbs,"e=0.9,h=9.0,n=30,start_thres=1.25",hub,0.25,100,1,40,1730,34,0,6,1730,0.85,0.0,1.0,0.0,0.247260183095932
ni_tfnbs,"e=0.9,h=10.0,n=30,start_thres=1.25",hub,0.25,100,1,40,1730,34,0,6,1730,0.85,0.0,1.0,0.0,0.247260183095932
ni_tfnbs,"e=1.0,h=0.5,n=30,start_thres=1.25",hub,0.25,100,1,40,1730,38,2,2,1728,0.95,0.0011560693641618,0.95,0.05,0.247260183095932
ni_tfnbs,"e=1.0,h=1.0,n=30,start_thres=1.25",hub,0.25,100,1,40,1730,38,2,2,1728,0.95,0.0011560693641618,0.95,0.05,0.247260183095932
ni_tfnbs,"e=1.0,h=2.0,n=30,start_thres=1.25",hub,0.25,100,1,40,1730,38,2,2,1728,0.95,0.0011560693641618,0.95,0.05,0.247260183095932
ni_tfnbs,"e=1.0,h=3.0,n=30,start_thres=1.25",hub,0.25,100,1,40,1730,38,2,2,1728,0.95,0.0011560693641618,0.95,0.05,0.247260183095932
ni_tfnbs,"e=1.0,h=4.0,n=30,start_thres=1.25",hub,0.25,100,1,40,1730,38,0,2,1730,0.95,0.0,1.0,0.0,0.247260183095932
ni_tfnbs,"e=1.0,h=5.0,n=30,start_thres=1.25",hub,0.25,100,1,40,1730,38,0,2,1730,0.95,0.0,1.0,0.0,0.247260183095932
ni_tfnbs,"e=1.0,h=6.0,n=30,start_thres=1.25",hub,0.25,100,1,40,1730,35,0,5,1730,0.875,0.0,1.0,0.0,0.247260183095932
ni_tfnbs,"e=1.0,h=7.0,n=30,start_thres=1.25",hub,0.25,100,1,40,1730,35,0,5,1730,0.875,0.0,1.0,0.0,0.247260183095932
ni_tfnbs,"e=1.0,h=8.0,n=30,start_thres=1.25",hub,0.25,100,1,40,1730,35,0,5,1730,0.875,0.0,1.0,0.0,0.247260183095932
ni_tfnbs,"e=1.0,h=9.0,n=30,start_thres=1.25",hub,0.25,100,1,40,1730,35,0,5,1730,0.875,0.0,1.0,0.0,0.247260183095932
ni_tfnbs,"e=1.0,h=10.0,n=30,start_thres=1.25",hub,0.25,100,1,40,1730,34,0,6,1730,0.85,0.0,1.0,0.0,0.247260183095932
ni_tfnbs,"e=1.1,h=0.5,n=30,start_thres=1.25",hub,0.25,100,1,40,1730,38,2,2,1728,0.95,0.0011560693641618,0.95,0.05,0.247260183095932
ni_tfnbs,"e=1.1,h=1.0,n=30,start_thres=1.25",hub,0.25,100,1,40,1730,38,2,2,1728,0.95,0.0011560693641618,0.95,0.05,0.247260183095932
ni_tfnbs,"e=1.1,h=2.0,n=30,start_thres=1.25",hub,0.25,100,1,40,1730,38,2,2,1728,0.95,0.0011560693641618,0.95,0.05,0.247260183095932
ni_tfnbs,"e=1.1,h=3.0,n=30,start_thres=1.25",hub,0.25,100,1,40,1730,38,2,2,1728,0.95,0.0011560693641618,0.95,0.05,0.247260183095932
ni_tfnbs,"e=1.1,h=4.0,n=30,start_thres=1.25",hub,0.25,100,1,40,1730,38,2,2,1728,0.95,0.0011560693641618,0.95,0.05,0.247260183095932
ni_tfnbs,"e=1.1,h=5.0,n=30,start_thres=1.25",hub,0.25,100,1,40,1730,38,0,2,1730,0.95,0.0,1.0,0.0,0.247260183095932
ni_tfnbs,"e=1.1,h=6.0,n=30,start_thres=1.25",hub,0.25,100,1,40,1730,38,0,2,1730,0.95,0.0,1.0,0.0,0.247260183095932
ni_tfnbs,"e=1.1,h=7.0,n=30,start_thres=1.25",hub,0.25,100,1,40,1730,35,0,5,1730,0.875,0.0,1.0,0.0,0.247260183095932
ni_tfnbs,"e=1.1,h=8.0,n=30,start_thres=1.25",hub,0.25,100,1,40,1730,35,0,5,1730,0.875,0.0,1.0,0.0,0.247260183095932
ni_tfnbs,"e=1.1,h=9.0,n=30,start_thres=1.25",hub,0.25,100,1,40,1730,35,0,5,1730,0.875,0.0,1.0,0.0,0.247260183095932
ni_tfnbs,"e=1.1,h=10.0,n=30,start_thres=1.25",hub,0.25,100,1,40,1730,35,0,5,1730,0.875,0.0,1.0,0.0,0.247260183095932
ni_tfnbs,"e=1.2,h=0.5,n=30,start_thres=1.25",hub,0.25,100,1,40,1730,38,2,2,1728,0.95,0.0011560693641618,0.95,0.05,0.247260183095932
ni_tfnbs,"e=1.2,h=1.0,n=30,start_thres=1.25",hub,0.25,100,1,40,1730,38,2,2,1728,0.95,0.0011560693641618,0.95,0.05,0.247260183095932
ni_tfnbs,"e=1.2,h=2.0,n=30,start_thres=1.25",hub,0.25,100,1,40,1730,38,2,2,1728,0.95,0.0011560693641618,0.95,0.05,0.247260183095932
ni_tfnbs,"e=1.2,h=3.0,n=30,start_thres=1.25",hub,0.25,100,1,40,1730,38,2,2,1728,0.95,0.0011560693641618,0.95,0.05,0.247260183095932
ni_tfnbs,"e=1.2,h=4.0,n=30,start_thres=1.25",hub,0.25,100,1,40,1730,38,2,2,1728,0.95,0.0011560693641618,0.95,0.05,0.247260183095932
ni_tfnbs,"e=1.2,h=5.0,n=30,start_thres=1.25",hub,0.25,100,1,40,1730,38,0,2,1730,0.95,0.0,1.0,0.0,0.247260183095932
ni_tfnbs,"e=1.2,h=6.0,n=30,start_thres=1.25",hub,0.25,100,1,40,1730,38,0,2,1730,0.95,0.0,1.0,0.0,0.247260183095932
ni_tfnbs,"e=1.2,h=7.0,n=30,start_thres=1.25",hub,0.25,100,1,40,1730,37,0,3,1730,0.925,0.0,1.0,0.0,0.247260183095932
ni_tfnbs,"e=1.2,h=8.0,n=30,start_thres=1.25",hub,0.25,100,1,40,1730,35,0,5,1730,0.875,0.0,1.0,0.0,0.247260183095932
ni_tfnbs,"e=1.2,h=9.0,n=30,start_thres=1.25",hub,0.25,100,1,40,1730,35,0,5,1730,0.875,0.0,1.0,0.0,0.247260183095932
ni_tfnbs,"e=1.2,h=10.0,n=30,start_thres=1.25",hub,0.25,100,1,40,1730,35,0,5,1730,0.875,0.0,1.0,0.0,0.247260183095932
ni_tfnbs,"e=1.3,h=0.5,n=30,start_thres=1.25",hub,0.25,100,1,40,1730,38,2,2,1728,0.95,0.0011560693641618,0.95,0.05,0.247260183095932
ni_tfnbs,"e=1.3,h=1.0,n=30,start_thres=1.25",hub,0.25,100,1,40,1730,38,2,2,1728,0.95,0.0011560693641618,0.95,0.05,0.247260183095932
ni_tfnbs,"e=1.3,h=2.0,n=30,start_thres=1.25",hub,0.25,100,1,40,1730,38,2,2,1728,0.95,0.0011560693641618,0.95,0.05,0.247260183095932
ni_tfnbs,"e=1.3,h=3.0,n=30,start_thres=1.25",hub,0.25,100,1,40,1730,38,2,2,1728,0.95,0.0011560693641618,0.95,0.05,0.247260183095932
ni_tfnbs,"e=1.3,h=4.0,n=30,start_thres=1.25",hub,0.25,100,1,40,1730,38,2,2,1728,0.95,0.0011560693641618,0.95,0.05,0.247260183095932
ni_tfnbs,"e=1.3,h=5.0,n=30,start_thres=1.25",hub,0.25,100,1,40,1730,38,2,2,1728,0.95,0.0011560693641618,0.95,0.05,0.247260183095932
ni_tfnbs,"e=1.3,h=6.0,n=30,start_thres=1.25",hub,0.25,100,1,40,1730,38,0,2,1730,0.95,0.0,1.0,0.0,0.247260183095932
ni_tfnbs,"e=1.3,h=7.0,n=30,start_thres=1.25",hub,0.25,100,1,40,1730,38,0,2,1730,0.95,0.0,1.0,0.0,0.247260183095932
ni_tfnbs,"e=1.3,h=8.0,n=30,start_thres=1.25",hub,0.25,100,1,40,1730,37,0,3,1730,0.925,0.0,1.0,0.0,0.247260183095932
ni_tfnbs,"e=1.3,h=9.0,n=30,start_thres=1.25",hub,0.25,100,1,40,1730,35,0,5,1730,0.875,0.0,1.0,0.0,0.247260183095932
ni_tfnbs,"e=1.3,h=10.0,n=30,start_thres=1.25",hub,0.25,100,1,40,1730,35,0,5,1730,0.875,0.0,1.0,0.0,0.247260183095932
ni_tfnbs,"e=1.4,h=0.5,n=30,start_thres=1.25",hub,0.25,100,1,40,1730,38,2,2,1728,0.95,0.0011560693641618,0.95,0.05,0.247260183095932
ni_tfnbs,"e=1.4,h=1.0,n=30,start_thres=1.25",hub,0.25,100,1,40,1730,38,2,2,1728,0.95,0.0011560693641618,0.95,0.05,0.247260183095932
ni_tfnbs,"e=1.4,h=2.0,n=30,start_thres=1.25",hub,0.25,100,1,40,1730,39,3,1,1727,0.975,0.0017341040462427,0.9285714285714286,0.0714285714285714,0.247260183095932
ni_tfnbs,"e=1.4,h=3.0,n=30,start_thres=1.25",hub,0.25,100,1,40,1730,39,3,1,1727,0.975,0.0017341040462427,0.9285714285714286,0.0714285714285714,0.247260183095932
ni_tfnbs,"e=1.4,h=4.0,n=30,start_thres=1.25",hub,0.25,100,1,40,1730,38,2,2,1728,0.95,0.0011560693641618,0.95,0.05,0.247260183095932
ni_tfnbs,"e=1.4,h=5.0,n=30,start_thres=1.25",hub,0.25,100,1,40,1730,38,2,2,1728,0.95,0.0011560693641618,0.95,0.05,0.247260183095932
ni_tfnbs,"e=1.4,h=6.0,n=30,start_thres=1.25",hub,0.25,100,1,40,1730,38,2,2,1728,0.95,0.0011560693641618,0.95,0.05,0.247260183095932
ni_tfnbs,"e=1.4,h=7.0,n=30,start_thres=1.25",hub,0.25,100,1,40,1730,38,0,2,1730,0.95,0.0,1.0,0.0,0.247260183095932
ni_tfnbs,"e=1.4,h=8.0,n=30,start_thres=1.25",hub,0.25,100,1,40,1730,38,0,2,1730,0.95,0.0,1.0,0.0,0.247260183095932
ni_tfnbs,"e=1.4,h=9.0,n=30,start_thres=1.25",hub,0.25,100,1,40,1730,36,0,4,1730,0.9,0.0,1.0,0.0,0.247260183095932
ni_tfnbs,"e=1.4,h=10.0,n=30,start_thres=1.25",hub,0.25,100,1,40,1730,35,0,5,1730,0.875,0.0,1.0,0.0,0.247260183095932
ni_tfnbs,"e=1.5,h=0.5,n=30,start_thres=1.25",hub,0.25,100,1,40,1730,37,2,3,1728,0.925,0.0011560693641618,0.9487179487179488,0.0512820512820512,0.247260183095932
ni_tfnbs,"e=1.5,h=1.0,n=30,start_thres=1.25",hub,0.25,100,1,40,1730,39,3,1,1727,0.975,0.0017341040462427,0.9285714285714286,0.0714285714285714,0.247260183095932
ni_tfnbs,"e=1.5,h=2.0,n=30,start_thres=1.25",hub,0.25,100,1,40,1730,39,3,1,1727,0.975,0.0017341040462427,0.9285714285714286,0.0714285714285714,0.247260183095932
ni_tfnbs,"e=1.5,h=3.0,n=30,start_thres=1.25",hub,0.25,100,1,40,1730,39,3,1,1727,0.975,0.0017341040462427,0.9285714285714286,0.0714285714285714,0.247260183095932
ni_tfnbs,"e=1.5,h=4.0,n=30,start_thres=1.25",hub,0.25,100,1,40,1730,38,2,2,1728,0.95,0.0011560693641618,0.95,0.05,0.247260183095932
ni_tfnbs,"e=1.5,h=5.0,n=30,start_thres=1.25",hub,0.25,100,1,40,1730,38,2,2,1728,0.95,0.0011560693641618,0.95,0.05,0.247260183095932
ni_tfnbs,"e=1.5,h=6.0,n=30,start_thres=1.25",hub,0.25,100,1,40,1730,38,2,2,1728,0.95,0.0011560693641618,0.95,0.05,0.247260183095932
ni_tfnbs,"e=1.5,h=7.0,n=30,start_thres=1.25",hub,0.25,100,1,40,1730,38,2,2,1728,0.95,0.0011560693641618,0.95,0.05,0.247260183095932
ni_tfnbs,"e=1.5,h=8.0,n=30,start_thres=1.25",hub,0.25,100,1,40,1730,38,0,2,1730,0.95,0.0,1.0,0.0,0.247260183095932
ni_tfnbs,"e=1.5,h=9.0,n=30,start_thres=1.25",hub,0.25,100,1,40,1730,38,0,2,1730,0.95,0.0,1.0,0.0,0.247260183095932
ni_tfnbs,"e=1.5,h=10.0,n=30,start_thres=1.25",hub,0.25,100,1,40,1730,36,0,4,1730,0.9,0.0,1.0,0.0,0.247260183095932
ni_tfnbs,"e=0.05,h=0.5,n=30,start_thres=1.25",hub,0.25,100,0,40,1730,31,1,9,1729,0.775,0.0005780346820809,0.96875,0.03125,0.2478310479359193
ni_tfnbs,"e=0.05,h=1.0,n=30,start_thres=1.25",hub,0.25,100,0,40,1730,31,1,9,1729,0.775,0.0005780346820809,0.96875,0.03125,0.2478310479359193
ni_tfnbs,"e=0.05,h=2.0,n=30,start_thres=1.25",hub,0.25,100,0,40,1730,31,1,9,1729,0.775,0.0005780346820809,0.96875,0.03125,0.2478310479359193
ni_tfnbs,"e=0.05,h=3.0,n=30,start_thres=1.25",hub,0.25,100,0,40,1730,31,1,9,1729,0.775,0.0005780346820809,0.96875,0.03125,0.2478310479359193
ni_tfnbs,"e=0.05,h=4.0,n=30,start_thres=1.25",hub,0.25,100,0,40,1730,31,1,9,1729,0.775,0.0005780346820809,0.96875,0.03125,0.2478310479359193
ni_tfnbs,"e=0.05,h=5.0,n=30,start_thres=1.25",hub,0.25,100,0,40,1730,31,1,9,1729,0.775,0.0005780346820809,0.96875,0.03125,0.2478310479359193
ni_tfnbs,"e=0.05,h=6.0,n=30,start_thres=1.25",hub,0.25,100,0,40,1730,31,1,9,1729,0.775,0.0005780346820809,0.96875,0.03125,0.2478310479359193
ni_tfnbs,"e=0.05,h=7.0,n=30,start_thres=1.25",hub,0.25,100,0,40,1730,31,1,9,1729,0.775,0.0005780346820809,0.96875,0.03125,0.2478310479359193
ni_tfnbs,"e=0.05,h=8.0,n=30,start_thres=1.25",hub,0.25,100,0,40,1730,31,1,9,1729,0.775,0.0005780346820809,0.96875,0.03125,0.2478310479359193
ni_tfnbs,"e=0.05,h=9.0,n=30,start_thres=1.25",hub,0.25,100,0,40,1730,31,1,9,1729,0.775,0.0005780346820809,0.96875,0.03125,0.2478310479359193
ni_tfnbs,"e=0.05,h=10.0,n=30,start_thres=1.25",hub,0.25,100,0,40,1730,30,1,10,1729,0.75,0.0005780346820809,0.967741935483871,0.032258064516129,0.2478310479359193
ni_tfnbs,"e=0.1,h=0.5,n=30,start_thres=1.25",hub,0.25,100,0,40,1730,32,1,8,1729,0.8,0.0005780346820809,0.9696969696969696,0.0303030303030303,0.2478310479359193
ni_tfnbs,"e=0.1,h=1.0,n=30,start_thres=1.25",hub,0.25,100,0,40,1730,32,1,8,1729,0.8,0.0005780346820809,0.9696969696969696,0.0303030303030303,0.2478310479359193
ni_tfnbs,"e=0.1,h=2.0,n=30,start_thres=1.25",hub,0.25,100,0,40,1730,32,1,8,1729,0.8,0.0005780346820809,0.9696969696969696,0.0303030303030303,0.2478310479359193
ni_tfnbs,"e=0.1,h=3.0,n=30,start_thres=1.25",hub,0.25,100,0,40,1730,31,1,9,1729,0.775,0.0005780346820809,0.96875,0.03125,0.2478310479359193
ni_tfnbs,"e=0.1,h=4.0,n=30,start_thres=1.25",hub,0.25,100,0,40,1730,31,1,9,1729,0.775,0.0005780346820809,0.96875,0.03125,0.2478310479359193
ni_tfnbs,"e=0.1,h=5.0,n=30,start_thres=1.25",hub,0.25,100,0,40,1730,31,1,9,1729,0.775,0.0005780346820809,0.96875,0.03125,0.2478310479359193
ni_tfnbs,"e=0.1,h=6.0,n=30,start_thres=1.25",hub,0.25,100,0,40,1730,31,1,9,1729,0.775,0.0005780346820809,0.96875,0.03125,0.2478310479359193
ni_tfnbs,"e=0.1,h=7.0,n=30,start_thres=1.25",hub,0.25,100,0,40,1730,31,1,9,1729,0.775,0.0005780346820809,0.96875,0.03125,0.2478310479359193
ni_tfnbs,"e=0.1,h=8.0,n=30,start_thres=1.25",hub,0.25,100,0,40,1730,31,1,9,1729,0.775,0.0005780346820809,0.96875,0.03125,0.2478310479359193
ni_tfnbs,"e=0.1,h=9.0,n=30,start_thres=1.25",hub,0.25,100,0,40,1730,31,1,9,1729,0.775,0.0005780346820809,0.96875,0.03125,0.2478310479359193
ni_tfnbs,"e=0.1,h=10.0,n=30,start_thres=1.25",hub,0.25,100,0,40,1730,31,1,9,1729,0.775,0.0005780346820809,0.96875,0.03125,0.2478310479359193
ni_tfnbs,"e=0.2,h=0.5,n=30,start_thres=1.25",hub,0.25,100,0,40,1730,32,1,8,1729,0.8,0.0005780346820809,0.9696969696969696,0.0303030303030303,0.2478310479359193
ni_tfnbs,"e=0.2,h=1.0,n=30,start_thres=1.25",hub,0.25,100,0,40,1730,32,1,8,1729,0.8,0.0005780346820809,0.9696969696969696,0.0303030303030303,0.2478310479359193
ni_tfnbs,"e=0.2,h=2.0,n=30,start_thres=1.25",hub,0.25,100,0,40,1730,32,1,8,1729,0.8,0.0005780346820809,0.9696969696969696,0.0303030303030303,0.2478310479359193
ni_tfnbs,"e=0.2,h=3.0,n=30,start_thres=1.25",hub,0.25,100,0,40,1730,32,1,8,1729,0.8,0.0005780346820809,0.9696969696969696,0.0303030303030303,0.2478310479359193
ni_tfnbs,"e=0.2,h=4.0,n=30,start_thres=1.25",hub,0.25,100,0,40,1730,32,1,8,1729,0.8,0.0005780346820809,0.9696969696969696,0.0303030303030303,0.2478310479359193
ni_tfnbs,"e=0.2,h=5.0,n=30,start_thres=1.25",hub,0.25,100,0,40,1730,32,1,8,1729,0.8,0.0005780346820809,0.9696969696969696,0.0303030303030303,0.2478310479359193
ni_tfnbs,"e=0.2,h=6.0,n=30,start_thres=1.25",hub,0.25,100,0,40,1730,32,1,8,1729,0.8,0.0005780346820809,0.9696969696969696,0.0303030303030303,0.2478310479359193
ni_tfnbs,"e=0.2,h=7.0,n=30,start_thres=1.25",hub,0.25,100,0,40,1730,32,1,8,1729,0.8,0.0005780346820809,0.9696969696969696,0.0303030303030303,0.2478310479359193
ni_tfnbs,"e=0.2,h=8.0,n=30,start_thres=1.25",hub,0.25,100,0,40,1730,31,1,9,1729,0.775,0.0005780346820809,0.96875,0.03125,0.2478310479359193
ni_tfnbs,"e=0.2,h=9.0,n=30,start_thres=1.25",hub,0.25,100,0,40,1730,31,1,9,1729,0.775,0.0005780346820809,0.96875,0.03125,0.2478310479359193
ni_tfnbs,"e=0.2,h=10.0,n=30,start_thres=1.25",hub,0.25,100,0,40,1730,31,1,9,1729,0.775,0.0005780346820809,0.96875,0.03125,0.2478310479359193
ni_tfnbs,"e=0.3,h=0.5,n=30,start_thres=1.25",hub,0.25,100,0,40,1730,33,1,7,1729,0.825,0.0005780346820809,0.9705882352941176,0.0294117647058823,0.2478310479359193
ni_tfnbs,"e=0.3,h=1.0,n=30,start_thres=1.25",hub,0.25,100,0,40,1730,33,1,7,1729,0.825,0.0005780346820809,0.9705882352941176,0.0294117647058823,0.2478310479359193
ni_tfnbs,"e=0.3,h=2.0,n=30,start_thres=1.25",hub,0.25,100,0,40,1730,33,1,7,1729,0.825,0.0005780346820809,0.9705882352941176,0.0294117647058823,0.2478310479359193
ni_tfnbs,"e=0.3,h=3.0,n=30,start_thres=1.25",hub,0.25,100,0,40,1730,33,1,7,1729,0.825,0.0005780346820809,0.9705882352941176,0.0294117647058823,0.2478310479359193
ni_tfnbs,"e=0.3,h=4.0,n=30,start_thres=1.25",hub,0.25,100,0,40,1730,32,1,8,1729,0.8,0.0005780346820809,0.9696969696969696,0.0303030303030303,0.2478310479359193
ni_tfnbs,"e=0.3,h=5.0,n=30,start_thres=1.25",hub,0.25,100,0,40,1730,32,1,8,1729,0.8,0.0005780346820809,0.9696969696969696,0.0303030303030303,0.2478310479359193
ni_tfnbs,"e=0.3,h=6.0,n=30,start_thres=1.25",hub,0.25,100,0,40,1730,32,1,8,1729,0.8,0.0005780346820809,0.9696969696969696,0.0303030303030303,0.2478310479359193
ni_tfnbs,"e=0.3,h=7.0,n=30,start_thres=1.25",hub,0.25,100,0,40,1730,32,1,8,1729,0.8,0.0005780346820809,0.9696969696969696,0.0303030303030303,0.2478310479359193
ni_tfnbs,"e=0.3,h=8.0,n=30,start_thres=1.25",hub,0.25,100,0,40,1730,32,1,8,1729,0.8,0.0005780346820809,0.9696969696969696,0.0303030303030303,0.2478310479359193
ni_tfnbs,"e=0.3,h=9.0,n=30,start_thres=1.25",hub,0.25,100,0,40,1730,32,1,8,1729,0.8,0.0005780346820809,0.9696969696969696,0.0303030303030303,0.2478310479359193
ni_tfnbs,"e=0.3,h=10.0,n=30,start_thres=1.25",hub,0.25,100,0,40,1730,32,1,8,1729,0.8,0.0005780346820809,0.9696969696969696,0.0303030303030303,0.2478310479359193
ni_tfnbs,"e=0.4,h=0.5,n=30,start_thres=1.25",hub,0.25,100,0,40,1730,36,1,4,1729,0.9,0.0005780346820809,0.972972972972973,0.027027027027027,0.2478310479359193
ni_tfnbs,"e=0.4,h=1.0,n=30,start_thres=1.25",hub,0.25,100,0,40,1730,36,1,4,1729,0.9,0.0005780346820809,0.972972972972973,0.027027027027027,0.2478310479359193
ni_tfnbs,"e=0.4,h=2.0,n=30,start_thres=1.25",hub,0.25,100,0,40,1730,33,1,7,1729,0.825,0.0005780346820809,0.9705882352941176,0.0294117647058823,0.2478310479359193
ni_tfnbs,"e=0.4,h=3.0,n=30,start_thres=1.25",hub,0.25,100,0,40,1730,33,1,7,1729,0.825,0.0005780346820809,0.9705882352941176,0.0294117647058823,0.2478310479359193
ni_tfnbs,"e=0.4,h=4.0,n=30,start_thres=1.25",hub,0.25,100,0,40,1730,33,1,7,1729,0.825,0.0005780346820809,0.9705882352941176,0.0294117647058823,0.2478310479359193
ni_tfnbs,"e=0.4,h=5.0,n=30,start_thres=1.25",hub,0.25,100,0,40,1730,33,1,7,1729,0.825,0.0005780346820809,0.9705882352941176,0.0294117647058823,0.2478310479359193
ni_tfnbs,"e=0.4,h=6.0,n=30,start_thres=1.25",hub,0.25,100,0,40,1730,32,1,8,1729,0.8,0.0005780346820809,0.9696969696969696,0.0303030303030303,0.2478310479359193
ni_tfnbs,"e=0.4,h=7.0,n=30,start_thres=1.25",hub,0.25,100,0,40,1730,32,1,8,1729,0.8,0.0005780346820809,0.9696969696969696,0.0303030303030303,0.2478310479359193
ni_tfnbs,"e=0.4,h=8.0,n=30,start_thres=1.25",hub,0.25,100,0,40,1730,32,1,8,1729,0.8,0.0005780346820809,0.9696969696969696,0.0303030303030303,0.2478310479359193
ni_tfnbs,"e=0.4,h=9.0,n=30,start_thres=1.25",hub,0.25,100,0,40,1730,32,1,8,1729,0.8,0.0005780346820809,0.9696969696969696,0.0303030303030303,0.2478310479359193
ni_tfnbs,"e=0.4,h=10.0,n=30,start_thres=1.25",hub,0.25,100,0,40,1730,32,1,8,1729,0.8,0.0005780346820809,0.9696969696969696,0.0303030303030303,0.2478310479359193
ni_tfnbs,"e=0.5,h=0.5,n=30,start_thres=1.25",hub,0.25,100,0,40,1730,36,0,4,1730,0.9,0.0,1.0,0.0,0.2478310479359193
ni_tfnbs,"e=0.5,h=1.0,n=30,start_thres=1.25",hub,0.25,100,0,40,1730,36,0,4,1730,0.9,0.0,1.0,0.0,0.2478310479359193
ni_tfnbs,"e=0.5,h=2.0,n=30,start_thres=1.25",hub,0.25,100,0,40,1730,36,1,4,1729,0.9,0.0005780346820809,0.972972972972973,0.027027027027027,0.2478310479359193
ni_tfnbs,"e=0.5,h=3.0,n=30,start_thres=1.25",hub,0.25,100,0,40,1730,36,1,4,1729,0.9,0.0005780346820809,0.972972972972973,0.027027027027027,0.2478310479359193
ni_tfnbs,"e=0.5,h=4.0,n=30,start_thres=1.25",hub,0.25,100,0,40,1730,33,1,7,1729,0.825,0.0005780346820809,0.9705882352941176,0.0294117647058823,0.2478310479359193
ni_tfnbs,"e=0.5,h=5.0,n=30,start_thres=1.25",hub,0.25,100,0,40,1730,33,1,7,1729,0.825,0.0005780346820809,0.9705882352941176,0.0294117647058823,0.2478310479359193
ni_tfnbs,"e=0.5,h=6.0,n=30,start_thres=1.25",hub,0.25,100,0,40,1730,33,1,7,1729,0.825,0.0005780346820809,0.9705882352941176,0.0294117647058823,0.2478310479359193
ni_tfnbs,"e=0.5,h=7.0,n=30,start_thres=1.25",hub,0.25,100,0,40,1730,32,1,8,1729,0.8,0.0005780346820809,0.9696969696969696,0.0303030303030303,0.2478310479359193
ni_tfnbs,"e=0.5,h=8.0,n=30,start_thres=1.25",hub,0.25,100,0,40,1730,32,1,8,1729,0.8,0.0005780346820809,0.9696969696969696,0.0303030303030303,0.2478310479359193
ni_tfnbs,"e=0.5,h=9.0,n=30,start_thres=1.25",hub,0.25,100,0,40,1730,32,1,8,1729,0.8,0.0005780346820809,0.9696969696969696,0.0303030303030303,0.2478310479359193
ni_tfnbs,"e=0.5,h=10.0,n=30,start_thres=1.25",hub,0.25,100,0,40,1730,32,1,8,1729,0.8,0.0005780346820809,0.9696969696969696,0.0303030303030303,0.2478310479359193
ni_tfnbs,"e=0.6,h=0.5,n=30,start_thres=1.25",hub,0.25,100,0,40,1730,37,0,3,1730,0.925,0.0,1.0,0.0,0.2478310479359193
ni_tfnbs,"e=0.6,h=1.0,n=30,start_thres=1.25",hub,0.25,100,0,40,1730,37,0,3,1730,0.925,0.0,1.0,0.0,0.2478310479359193
ni_tfnbs,"e=0.6,h=2.0,n=30,start_thres=1.25",hub,0.25,100,0,40,1730,37,1,3,1729,0.925,0.0005780346820809,0.9736842105263158,0.0263157894736842,0.2478310479359193
ni_tfnbs,"e=0.6,h=3.0,n=30,start_thres=1.25",hub,0.25,100,0,40,1730,36,1,4,1729,0.9,0.0005780346820809,0.972972972972973,0.027027027027027,0.2478310479359193
ni_tfnbs,"e=0.6,h=4.0,n=30,start_thres=1.25",hub,0.25,100,0,40,1730,36,1,4,1729,0.9,0.0005780346820809,0.972972972972973,0.027027027027027,0.2478310479359193
ni_tfnbs,"e=0.6,h=5.0,n=30,start_thres=1.25",hub,0.25,100,0,40,1730,35,1,5,1729,0.875,0.0005780346820809,0.9722222222222222,0.0277777777777777,0.2478310479359193
ni_tfnbs,"e=0.6,h=6.0,n=30,start_thres=1.25",hub,0.25,100,0,40,1730,33,1,7,1729,0.825,0.0005780346820809,0.9705882352941176,0.0294117647058823,0.2478310479359193
ni_tfnbs,"e=0.6,h=7.0,n=30,start_thres=1.25",hub,0.25,100,0,40,1730,33,1,7,1729,0.825,0.0005780346820809,0.9705882352941176,0.0294117647058823,0.2478310479359193
ni_tfnbs,"e=0.6,h=8.0,n=30,start_thres=1.25",hub,0.25,100,0,40,1730,33,1,7,1729,0.825,0.0005780346820809,0.9705882352941176,0.0294117647058823,0.2478310479359193
ni_tfnbs,"e=0.6,h=9.0,n=30,start_thres=1.25",hub,0.25,100,0,40,1730,32,1,8,1729,0.8,0.0005780346820809,0.9696969696969696,0.0303030303030303,0.2478310479359193
ni_tfnbs,"e=0.6,h=10.0,n=30,start_thres=1.25",hub,0.25,100,0,40,1730,32,1,8,1729,0.8,0.0005780346820809,0.9696969696969696,0.0303030303030303,0.2478310479359193
ni_tfnbs,"e=0.7,h=0.5,n=30,start_thres=1.25",hub,0.25,100,0,40,1730,37,0,3,1730,0.925,0.0,1.0,0.0,0.2478310479359193
ni_tfnbs,"e=0.7,h=1.0,n=30,start_thres=1.25",hub,0.25,100,0,40,1730,37,0,3,1730,0.925,0.0,1.0,0.0,0.2478310479359193
ni_tfnbs,"e=0.7,h=2.0,n=30,start_thres=1.25",hub,0.25,100,0,40,1730,37,0,3,1730,0.925,0.0,1.0,0.0,0.2478310479359193
ni_tfnbs,"e=0.7,h=3.0,n=30,start_thres=1.25",hub,0.25,100,0,40,1730,37,0,3,1730,0.925,0.0,1.0,0.0,0.2478310479359193
ni_tfnbs,"e=0.7,h=4.0,n=30,start_thres=1.25",hub,0.25,100,0,40,1730,36,1,4,1729,0.9,0.0005780346820809,0.972972972972973,0.027027027027027,0.2478310479359193
ni_tfnbs,"e=0.7,h=5.0,n=30,start_thres=1.25",hub,0.25,100,0,40,1730,36,1,4,1729,0.9,0.0005780346820809,0.972972972972973,0.027027027027027,0.2478310479359193
ni_tfnbs,"e=0.7,h=6.0,n=30,start_thres=1.25",hub,0.25,100,0,40,1730,36,1,4,1729,0.9,0.0005780346820809,0.972972972972973,0.027027027027027,0.2478310479359193
ni_tfnbs,"e=0.7,h=7.0,n=30,start_thres=1.25",hub,0.25,100,0,40,1730,33,1,7,1729,0.825,0.0005780346820809,0.9705882352941176,0.0294117647058823,0.2478310479359193
ni_tfnbs,"e=0.7,h=8.0,n=30,start_thres=1.25",hub,0.25,100,0,40,1730,33,1,7,1729,0.825,0.0005780346820809,0.9705882352941176,0.0294117647058823,0.2478310479359193
ni_tfnbs,"e=0.7,h=9.0,n=30,start_thres=1.25",hub,0.25,100,0,40,1730,33,1,7,1729,0.825,0.0005780346820809,0.9705882352941176,0.0294117647058823,0.2478310479359193
ni_tfnbs,"e=0.7,h=10.0,n=30,start_thres=1.25",hub,0.25,100,0,40,1730,33,1,7,1729,0.825,0.0005780346820809,0.9705882352941176,0.0294117647058823,0.2478310479359193
ni_tfnbs,"e=0.8,h=0.5,n=30,start_thres=1.25",hub,0.25,100,0,40,1730,37,0,3,1730,0.925,0.0,1.0,0.0,0.2478310479359193
ni_tfnbs,"e=0.8,h=1.0,n=30,start_thres=1.25",hub,0.25,100,0,40,1730,37,0,3,1730,0.925,0.0,1.0,0.0,0.2478310479359193
ni_tfnbs,"e=0.8,h=2.0,n=30,start_thres=1.25",hub,0.25,100,0,40,1730,37,0,3,1730,0.925,0.0,1.0,0.0,0.2478310479359193
ni_tfnbs,"e=0.8,h=3.0,n=30,start_thres=1.25",hub,0.25,100,0,40,1730,37,0,3,1730,0.925,0.0,1.0,0.0,0.2478310479359193
ni_tfnbs,"e=0.8,h=4.0,n=30,start_thres=1.25",hub,0.25,100,0,40,1730,37,1,3,1729,0.925,0.0005780346820809,0.9736842105263158,0.0263157894736842,0.2478310479359193
ni_tfnbs,"e=0.8,h=5.0,n=30,start_thres=1.25",hub,0.25,100,0,40,1730,36,1,4,1729,0.9,0.0005780346820809,0.972972972972973,0.027027027027027,0.2478310479359193
ni_tfnbs,"e=0.8,h=6.0,n=30,start_thres=1.25",hub,0.25,100,0,40,1730,36,1,4,1729,0.9,0.0005780346820809,0.972972972972973,0.027027027027027,0.2478310479359193
ni_tfnbs,"e=0.8,h=7.0,n=30,start_thres=1.25",hub,0.25,100,0,40,1730,36,1,4,1729,0.9,0.0005780346820809,0.972972972972973,0.027027027027027,0.2478310479359193
ni_tfnbs,"e=0.8,h=8.0,n=30,start_thres=1.25",hub,0.25,100,0,40,1730,33,1,7,1729,0.825,0.0005780346820809,0.9705882352941176,0.0294117647058823,0.2478310479359193
ni_tfnbs,"e=0.8,h=9.0,n=30,start_thres=1.25",hub,0.25,100,0,40,1730,33,1,7,1729,0.825,0.0005780346820809,0.9705882352941176,0.0294117647058823,0.2478310479359193
ni_tfnbs,"e=0.8,h=10.0,n=30,start_thres=1.25",hub,0.25,100,0,40,1730,33,1,7,1729,0.825,0.0005780346820809,0.9705882352941176,0.0294117647058823,0.2478310479359193
ni_tfnbs,"e=0.9,h=0.5,n=30,start_thres=1.25",hub,0.25,100,0,40,1730,37,0,3,1730,0.925,0.0,1.0,0.0,0.2478310479359193
ni_tfnbs,"e=0.9,h=1.0,n=30,start_thres=1.25",hub,0.25,100,0,40,1730,37,0,3,1730,0.925,0.0,1.0,0.0,0.2478310479359193
ni_tfnbs,"e=0.9,h=2.0,n=30,start_thres=1.25",hub,0.25,100,0,40,1730,37,0,3,1730,0.925,0.0,1.0,0.0,0.2478310479359193
ni_tfnbs,"e=0.9,h=3.0,n=30,start_thres=1.25",hub,0.25,100,0,40,1730,37,0,3,1730,0.925,0.0,1.0,0.0,0.2478310479359193
ni_tfnbs,"e=0.9,h=4.0,n=30,start_thres=1.25",hub,0.25,100,0,40,1730,37,0,3,1730,0.925,0.0,1.0,0.0,0.2478310479359193
ni_tfnbs,"e=0.9,h=5.0,n=30,start_thres=1.25",hub,0.25,100,0,40,1730,37,1,3,1729,0.925,0.0005780346820809,0.9736842105263158,0.0263157894736842,0.2478310479359193
ni_tfnbs,"e=0.9,h=6.0,n=30,start_thres=1.25",hub,0.25,100,0,40,1730,37,0,3,1730,0.925,0.0,1.0,0.0,0.2478310479359193
ni_tfnbs,"e=0.9,h=7.0,n=30,start_thres=1.25",hub,0.25,100,0,40,1730,36,0,4,1730,0.9,0.0,1.0,0.0,0.2478310479359193
ni_tfnbs,"e=0.9,h=8.0,n=30,start_thres=1.25",hub,0.25,100,0,40,1730,36,1,4,1729,0.9,0.0005780346820809,0.972972972972973,0.027027027027027,0.2478310479359193
ni_tfnbs,"e=0.9,h=9.0,n=30,start_thres=1.25",hub,0.25,100,0,40,1730,34,1,6,1729,0.85,0.0005780346820809,0.9714285714285714,0.0285714285714285,0.2478310479359193
ni_tfnbs,"e=0.9,h=10.0,n=30,start_thres=1.25",hub,0.25,100,0,40,1730,33,1,7,1729,0.825,0.0005780346820809,0.9705882352941176,0.0294117647058823,0.2478310479359193
ni_tfnbs,"e=1.0,h=0.5,n=30,start_thres=1.25",hub,0.25,100,0,40,1730,37,0,3,1730,0.925,0.0,1.0,0.0,0.2478310479359193
ni_tfnbs,"e=1.0,h=1.0,n=30,start_thres=1.25",hub,0.25,100,0,40,1730,37,0,3,1730,0.925,0.0,1.0,0.0,0.2478310479359193
ni_tfnbs,"e=1.0,h=2.0,n=30,start_thres=1.25",hub,0.25,100,0,40,1730,37,0,3,1730,0.925,0.0,1.0,0.0,0.2478310479359193
ni_tfnbs,"e=1.0,h=3.0,n=30,start_thres=1.25",hub,0.25,100,0,40,1730,37,0,3,1730,0.925,0.0,1.0,0.0,0.2478310479359193
ni_tfnbs,"e=1.0,h=4.0,n=30,start_thres=1.25",hub,0.25,100,0,40,1730,37,0,3,1730,0.925,0.0,1.0,0.0,0.2478310479359193
ni_tfnbs,"e=1.0,h=5.0,n=30,start_thres=1.25",hub,0.25,100,0,40,1730,37,0,3,1730,0.925,0.0,1.0,0.0,0.2478310479359193
ni_tfnbs,"e=1.0,h=6.0,n=30,start_thres=1.25",hub,0.25,100,0,40,1730,37,0,3,1730,0.925,0.0,1.0,0.0,0.2478310479359193
ni_tfnbs,"e=1.0,h=7.0,n=30,start_thres=1.25",hub,0.25,100,0,40,1730,37,0,3,1730,0.925,0.0,1.0,0.0,0.2478310479359193
ni_tfnbs,"e=1.0,h=8.0,n=30,start_thres=1.25",hub,0.25,100,0,40,1730,36,0,4,1730,0.9,0.0,1.0,0.0,0.2478310479359193
ni_tfnbs,"e=1.0,h=9.0,n=30,start_thres=1.25",hub,0.25,100,0,40,1730,36,1,4,1729,0.9,0.0005780346820809,0.972972972972973,0.027027027027027,0.2478310479359193
ni_tfnbs,"e=1.0,h=10.0,n=30,start_thres=1.25",hub,0.25,100,0,40,1730,35,1,5,1729,0.875,0.0005780346820809,0.9722222222222222,0.0277777777777777,0.2478310479359193
ni_tfnbs,"e=1.1,h=0.5,n=30,start_thres=1.25",hub,0.25,100,0,40,1730,37,0,3,1730,0.925,0.0,1.0,0.0,0.2478310479359193
ni_tfnbs,"e=1.1,h=1.0,n=30,start_thres=1.25",hub,0.25,100,0,40,1730,37,0,3,1730,0.925,0.0,1.0,0.0,0.2478310479359193
ni_tfnbs,"e=1.1,h=2.0,n=30,start_thres=1.25",hub,0.25,100,0,40,1730,37,0,3,1730,0.925,0.0,1.0,0.0,0.2478310479359193
ni_tfnbs,"e=1.1,h=3.0,n=30,start_thres=1.25",hub,0.25,100,0,40,1730,37,0,3,1730,0.925,0.0,1.0,0.0,0.2478310479359193
ni_tfnbs,"e=1.1,h=4.0,n=30,start_thres=1.25",hub,0.25,100,0,40,1730,37,0,3,1730,0.925,0.0,1.0,0.0,0.2478310479359193
ni_tfnbs,"e=1.1,h=5.0,n=30,start_thres=1.25",hub,0.25,100,0,40,1730,37,0,3,1730,0.925,0.0,1.0,0.0,0.2478310479359193
ni_tfnbs,"e=1.1,h=6.0,n=30,start_thres=1.25",hub,0.25,100,0,40,1730,37,0,3,1730,0.925,0.0,1.0,0.0,0.2478310479359193
ni_tfnbs,"e=1.1,h=7.0,n=30,start_thres=1.25",hub,0.25,100,0,40,1730,37,0,3,1730,0.925,0.0,1.0,0.0,0.2478310479359193
ni_tfnbs,"e=1.1,h=8.0,n=30,start_thres=1.25",hub,0.25,100,0,40,1730,37,0,3,1730,0.925,0.0,1.0,0.0,0.2478310479359193
ni_tfnbs,"e=1.1,h=9.0,n=30,start_thres=1.25",hub,0.25,100,0,40,1730,36,0,4,1730,0.9,0.0,1.0,0.0,0.2478310479359193
ni_tfnbs,"e=1.1,h=10.0,n=30,start_thres=1.25",hub,0.25,100,0,40,1730,36,0,4,1730,0.9,0.0,1.0,0.0,0.2478310479359193
ni_tfnbs,"e=1.2,h=0.5,n=30,start_thres=1.25",hub,0.25,100,0,40,1730,37,0,3,1730,0.925,0.0,1.0,0.0,0.2478310479359193
ni_tfnbs,"e=1.2,h=1.0,n=30,start_thres=1.25",hub,0.25,100,0,40,1730,37,0,3,1730,0.925,0.0,1.0,0.0,0.2478310479359193
ni_tfnbs,"e=1.2,h=2.0,n=30,start_thres=1.25",hub,0.25,100,0,40,1730,37,0,3,1730,0.925,0.0,1.0,0.0,0.2478310479359193
ni_tfnbs,"e=1.2,h=3.0,n=30,start_thres=1.25",hub,0.25,100,0,40,1730,37,0,3,1730,0.925,0.0,1.0,0.0,0.2478310479359193
ni_tfnbs,"e=1.2,h=4.0,n=30,start_thres=1.25",hub,0.25,100,0,40,1730,37,0,3,1730,0.925,0.0,1.0,0.0,0.2478310479359193
ni_tfnbs,"e=1.2,h=5.0,n=30,start_thres=1.25",hub,0.25,100,0,40,1730,37,0,3,1730,0.925,0.0,1.0,0.0,0.2478310479359193
ni_tfnbs,"e=1.2,h=6.0,n=30,start_thres=1.25",hub,0.25,100,0,40,1730,37,0,3,1730,0.925,0.0,1.0,0.0,0.2478310479359193
ni_tfnbs,"e=1.2,h=7.0,n=30,start_thres=1.25",hub,0.25,100,0,40,1730,37,0,3,1730,0.925,0.0,1.0,0.0,0.2478310479359193
ni_tfnbs,"e=1.2,h=8.0,n=30,start_thres=1.25",hub,0.25,100,0,40,1730,37,0,3,1730,0.925,0.0,1.0,0.0,0.2478310479359193
ni_tfnbs,"e=1.2,h=9.0,n=30,start_thres=1.25",hub,0.25,100,0,40,1730,37,0,3,1730,0.925,0.0,1.0,0.0,0.2478310479359193
ni_tfnbs,"e=1.2,h=10.0,n=30,start_thres=1.25",hub,0.25,100,0,40,1730,36,0,4,1730,0.9,0.0,1.0,0.0,0.2478310479359193
ni_tfnbs,"e=1.3,h=0.5,n=30,start_thres=1.25",hub,0.25,100,0,40,1730,36,0,4,1730,0.9,0.0,1.0,0.0,0.2478310479359193
ni_tfnbs,"e=1.3,h=1.0,n=30,start_thres=1.25",hub,0.25,100,0,40,1730,37,0,3,1730,0.925,0.0,1.0,0.0,0.2478310479359193
ni_tfnbs,"e=1.3,h=2.0,n=30,start_thres=1.25",hub,0.25,100,0,40,1730,37,0,3,1730,0.925,0.0,1.0,0.0,0.2478310479359193
ni_tfnbs,"e=1.3,h=3.0,n=30,start_thres=1.25",hub,0.25,100,0,40,1730,37,0,3,1730,0.925,0.0,1.0,0.0,0.2478310479359193
ni_tfnbs,"e=1.3,h=4.0,n=30,start_thres=1.25",hub,0.25,100,0,40,1730,37,0,3,1730,0.925,0.0,1.0,0.0,0.2478310479359193
ni_tfnbs,"e=1.3,h=5.0,n=30,start_thres=1.25",hub,0.25,100,0,40,1730,37,0,3,1730,0.925,0.0,1.0,0.0,0.2478310479359193
ni_tfnbs,"e=1.3,h=6.0,n=30,start_thres=1.25",hub,0.25,100,0,40,1730,37,0,3,1730,0.925,0.0,1.0,0.0,0.2478310479359193
ni_tfnbs,"e=1.3,h=7.0,n=30,start_thres=1.25",hub,0.25,100,0,40,1730,37,0,3,1730,0.925,0.0,1.0,0.0,0.2478310479359193
ni_tfnbs,"e=1.3,h=8.0,n=30,start_thres=1.25",hub,0.25,100,0,40,1730,37,0,3,1730,0.925,0.0,1.0,0.0,0.2478310479359193
ni_tfnbs,"e=1.3,h=9.0,n=30,start_thres=1.25",hub,0.25,100,0,40,1730,37,0,3,1730,0.925,0.0,1.0,0.0,0.2478310479359193
ni_tfnbs,"e=1.3,h=10.0,n=30,start_thres=1.25",hub,0.25,100,0,40,1730,36,0,4,1730,0.9,0.0,1.0,0.0,0.2478310479359193
ni_tfnbs,"e=1.4,h=0.5,n=30,start_thres=1.25",hub,0.25,100,0,40,1730,36,0,4,1730,0.9,0.0,1.0,0.0,0.2478310479359193
ni_tfnbs,"e=1.4,h=1.0,n=30,start_thres=1.25",hub,0.25,100,0,40,1730,37,0,3,1730,0.925,0.0,1.0,0.0,0.2478310479359193
ni_tfnbs,"e=1.4,h=2.0,n=30,start_thres=1.25",hub,0.25,100,0,40,1730,37,0,3,1730,0.925,0.0,1.0,0.0,0.2478310479359193
ni_tfnbs,"e=1.4,h=3.0,n=30,start_thres=1.25",hub,0.25,100,0,40,1730,37,0,3,1730,0.925,0.0,1.0,0.0,0.2478310479359193
ni_tfnbs,"e=1.4,h=4.0,n=30,start_thres=1.25",hub,0.25,100,0,40,1730,37,0,3,1730,0.925,0.0,1.0,0.0,0.2478310479359193
ni_tfnbs,"e=1.4,h=5.0,n=30,start_thres=1.25",hub,0.25,100,0,40,1730,37,0,3,1730,0.925,0.0,1.0,0.0,0.2478310479359193
ni_tfnbs,"e=1.4,h=6.0,n=30,start_thres=1.25",hub,0.25,100,0,40,1730,37,0,3,1730,0.925,0.0,1.0,0.0,0.2478310479359193
ni_tfnbs,"e=1.4,h=7.0,n=30,start_thres=1.25",hub,0.25,100,0,40,1730,37,0,3,1730,0.925,0.0,1.0,0.0,0.2478310479359193
ni_tfnbs,"e=1.4,h=8.0,n=30,start_thres=1.25",hub,0.25,100,0,40,1730,37,0,3,1730,0.925,0.0,1.0,0.0,0.2478310479359193
ni_tfnbs,"e=1.4,h=9.0,n=30,start_thres=1.25",hub,0.25,100,0,40,1730,37,0,3,1730,0.925,0.0,1.0,0.0,0.2478310479359193
ni_tfnbs,"e=1.4,h=10.0,n=30,start_thres=1.25",hub,0.25,100,0,40,1730,37,0,3,1730,0.925,0.0,1.0,0.0,0.2478310479359193
ni_tfnbs,"e=1.5,h=0.5,n=30,start_thres=1.25",hub,0.25,100,0,40,1730,35,0,5,1730,0.875,0.0,1.0,0.0,0.2478310479359193
ni_tfnbs,"e=1.5,h=1.0,n=30,start_thres=1.25",hub,0.25,100,0,40,1730,36,0,4,1730,0.9,0.0,1.0,0.0,0.2478310479359193
ni_tfnbs,"e=1.5,h=2.0,n=30,start_thres=1.25",hub,0.25,100,0,40,1730,37,0,3,1730,0.925,0.0,1.0,0.0,0.2478310479359193
ni_tfnbs,"e=1.5,h=3.0,n=30,start_thres=1.25",hub,0.25,100,0,40,1730,37,0,3,1730,0.925,0.0,1.0,0.0,0.2478310479359193
ni_tfnbs,"e=1.5,h=4.0,n=30,start_thres=1.25",hub,0.25,100,0,40,1730,37,0,3,1730,0.925,0.0,1.0,0.0,0.2478310479359193
ni_tfnbs,"e=1.5,h=5.0,n=30,start_thres=1.25",hub,0.25,100,0,40,1730,37,0,3,1730,0.925,0.0,1.0,0.0,0.2478310479359193
ni_tfnbs,"e=1.5,h=6.0,n=30,start_thres=1.25",hub,0.25,100,0,40,1730,37,0,3,1730,0.925,0.0,1.0,0.0,0.2478310479359193
ni_tfnbs,"e=1.5,h=7.0,n=30,start_thres=1.25",hub,0.25,100,0,40,1730,37,0,3,1730,0.925,0.0,1.0,0.0,0.2478310479359193
ni_tfnbs,"e=1.5,h=8.0,n=30,start_thres=1.25",hub,0.25,100,0,40,1730,37,0,3,1730,0.925,0.0,1.0,0.0,0.2478310479359193
ni_tfnbs,"e=1.5,h=9.0,n=30,start_thres=1.25",hub,0.25,100,0,40,1730,37,0,3,1730,0.925,0.0,1.0,0.0,0.2478310479359193
ni_tfnbs,"e=1.5,h=10.0,n=30,start_thres=1.25",hub,0.25,100,0,40,1730,37,0,3,1730,0.925,0.0,1.0,0.0,0.2478310479359193
ni_tfnbs,"e=0.05,h=0.5,n=30,start_thres=1.25",hub,0.25,100,3,40,1730,25,0,15,1730,0.625,0.0,1.0,0.0,0.2634078657085245
ni_tfnbs,"e=0.05,h=1.0,n=30,start_thres=1.25",hub,0.25,100,3,40,1730,25,0,15,1730,0.625,0.0,1.0,0.0,0.2634078657085245
ni_tfnbs,"e=0.05,h=2.0,n=30,start_thres=1.25",hub,0.25,100,3,40,1730,25,0,15,1730,0.625,0.0,1.0,0.0,0.2634078657085245
ni_tfnbs,"e=0.05,h=3.0,n=30,start_thres=1.25",hub,0.25,100,3,40,1730,25,0,15,1730,0.625,0.0,1.0,0.0,0.2634078657085245
ni_tfnbs,"e=0.05,h=4.0,n=30,start_thres=1.25",hub,0.25,100,3,40,1730,25,0,15,1730,0.625,0.0,1.0,0.0,0.2634078657085245
ni_tfnbs,"e=0.05,h=5.0,n=30,start_thres=1.25",hub,0.25,100,3,40,1730,25,0,15,1730,0.625,0.0,1.0,0.0,0.2634078657085245
ni_tfnbs,"e=0.05,h=6.0,n=30,start_thres=1.25",hub,0.25,100,3,40,1730,25,0,15,1730,0.625,0.0,1.0,0.0,0.2634078657085245
ni_tfnbs,"e=0.05,h=7.0,n=30,start_thres=1.25",hub,0.25,100,3,40,1730,25,0,15,1730,0.625,0.0,1.0,0.0,0.2634078657085245
ni_tfnbs,"e=0.05,h=8.0,n=30,start_thres=1.25",hub,0.25,100,3,40,1730,25,0,15,1730,0.625,0.0,1.0,0.0,0.2634078657085245
ni_tfnbs,"e=0.05,h=9.0,n=30,start_thres=1.25",hub,0.25,100,3,40,1730,25,0,15,1730,0.625,0.0,1.0,0.0,0.2634078657085245
ni_tfnbs,"e=0.05,h=10.0,n=30,start_thres=1.25",hub,0.25,100,3,40,1730,25,0,15,1730,0.625,0.0,1.0,0.0,0.2634078657085245
ni_tfnbs,"e=0.1,h=0.5,n=30,start_thres=1.25",hub,0.25,100,3,40,1730,28,0,12,1730,0.7,0.0,1.0,0.0,0.2634078657085245
ni_tfnbs,"e=0.1,h=1.0,n=30,start_thres=1.25",hub,0.25,100,3,40,1730,28,0,12,1730,0.7,0.0,1.0,0.0,0.2634078657085245
ni_tfnbs,"e=0.1,h=2.0,n=30,start_thres=1.25",hub,0.25,100,3,40,1730,28,0,12,1730,0.7,0.0,1.0,0.0,0.2634078657085245
ni_tfnbs,"e=0.1,h=3.0,n=30,start_thres=1.25",hub,0.25,100,3,40,1730,28,0,12,1730,0.7,0.0,1.0,0.0,0.2634078657085245
ni_tfnbs,"e=0.1,h=4.0,n=30,start_thres=1.25",hub,0.25,100,3,40,1730,28,0,12,1730,0.7,0.0,1.0,0.0,0.2634078657085245
ni_tfnbs,"e=0.1,h=5.0,n=30,start_thres=1.25",hub,0.25,100,3,40,1730,27,0,13,1730,0.675,0.0,1.0,0.0,0.2634078657085245
ni_tfnbs,"e=0.1,h=6.0,n=30,start_thres=1.25",hub,0.25,100,3,40,1730,25,0,15,1730,0.625,0.0,1.0,0.0,0.2634078657085245
ni_tfnbs,"e=0.1,h=7.0,n=30,start_thres=1.25",hub,0.25,100,3,40,1730,25,0,15,1730,0.625,0.0,1.0,0.0,0.2634078657085245
ni_tfnbs,"e=0.1,h=8.0,n=30,start_thres=1.25",hub,0.25,100,3,40,1730,25,0,15,1730,0.625,0.0,1.0,0.0,0.2634078657085245
ni_tfnbs,"e=0.1,h=9.0,n=30,start_thres=1.25",hub,0.25,100,3,40,1730,25,0,15,1730,0.625,0.0,1.0,0.0,0.2634078657085245
ni_tfnbs,"e=0.1,h=10.0,n=30,start_thres=1.25",hub,0.25,100,3,40,1730,25,0,15,1730,0.625,0.0,1.0,0.0,0.2634078657085245
ni_tfnbs,"e=0.2,h=0.5,n=30,start_thres=1.25",hub,0.25,100,3,40,1730,32,0,8,1730,0.8,0.0,1.0,0.0,0.2634078657085245
ni_tfnbs,"e=0.2,h=1.0,n=30,start_thres=1.25",hub,0.25,100,3,40,1730,32,0,8,1730,0.8,0.0,1.0,0.0,0.2634078657085245
ni_tfnbs,"e=0.2,h=2.0,n=30,start_thres=1.25",hub,0.25,100,3,40,1730,32,0,8,1730,0.8,0.0,1.0,0.0,0.2634078657085245
ni_tfnbs,"e=0.2,h=3.0,n=30,start_thres=1.25",hub,0.25,100,3,40,1730,30,0,10,1730,0.75,0.0,1.0,0.0,0.2634078657085245
ni_tfnbs,"e=0.2,h=4.0,n=30,start_thres=1.25",hub,0.25,100,3,40,1730,28,0,12,1730,0.7,0.0,1.0,0.0,0.2634078657085245
ni_tfnbs,"e=0.2,h=5.0,n=30,start_thres=1.25",hub,0.25,100,3,40,1730,28,0,12,1730,0.7,0.0,1.0,0.0,0.2634078657085245
ni_tfnbs,"e=0.2,h=6.0,n=30,start_thres=1.25",hub,0.25,100,3,40,1730,28,0,12,1730,0.7,0.0,1.0,0.0,0.2634078657085245
ni_tfnbs,"e=0.2,h=7.0,n=30,start_thres=1.25",hub,0.25,100,3,40,1730,28,0,12,1730,0.7,0.0,1.0,0.0,0.2634078657085245
ni_tfnbs,"e=0.2,h=8.0,n=30,start_thres=1.25",hub,0.25,100,3,40,1730,28,0,12,1730,0.7,0.0,1.0,0.0,0.2634078657085245
ni_tfnbs,"e=0.2,h=9.0,n=30,start_thres=1.25",hub,0.25,100,3,40,1730,28,0,12,1730,0.7,0.0,1.0,0.0,0.2634078657085245
ni_tfnbs,"e=0.2,h=10.0,n=30,start_thres=1.25",hub,0.25,100,3,40,1730,28,0,12,1730,0.7,0.0,1.0,0.0,0.2634078657085245
ni_tfnbs,"e=0.3,h=0.5,n=30,start_thres=1.25",hub,0.25,100,3,40,1730,35,0,5,1730,0.875,0.0,1.0,0.0,0.2634078657085245
ni_tfnbs,"e=0.3,h=1.0,n=30,start_thres=1.25",hub,0.25,100,3,40,1730,33,0,7,1730,0.825,0.0,1.0,0.0,0.2634078657085245
ni_tfnbs,"e=0.3,h=2.0,n=30,start_thres=1.25",hub,0.25,100,3,40,1730,33,0,7,1730,0.825,0.0,1.0,0.0,0.2634078657085245
ni_tfnbs,"e=0.3,h=3.0,n=30,start_thres=1.25",hub,0.25,100,3,40,1730,33,0,7,1730,0.825,0.0,1.0,0.0,0.2634078657085245
ni_tfnbs,"e=0.3,h=4.0,n=30,start_thres=1.25",hub,0.25,100,3,40,1730,32,0,8,1730,0.8,0.0,1.0,0.0,0.2634078657085245
ni_tfnbs,"e=0.3,h=5.0,n=30,start_thres=1.25",hub,0.25,100,3,40,1730,32,0,8,1730,0.8,0.0,1.0,0.0,0.2634078657085245
ni_tfnbs,"e=0.3,h=6.0,n=30,start_thres=1.25",hub,0.25,100,3,40,1730,32,0,8,1730,0.8,0.0,1.0,0.0,0.2634078657085245
ni_tfnbs,"e=0.3,h=7.0,n=30,start_thres=1.25",hub,0.25,100,3,40,1730,30,0,10,1730,0.75,0.0,1.0,0.0,0.2634078657085245
ni_tfnbs,"e=0.3,h=8.0,n=30,start_thres=1.25",hub,0.25,100,3,40,1730,28,0,12,1730,0.7,0.0,1.0,0.0,0.2634078657085245
ni_tfnbs,"e=0.3,h=9.0,n=30,start_thres=1.25",hub,0.25,100,3,40,1730,28,0,12,1730,0.7,0.0,1.0,0.0,0.2634078657085245
ni_tfnbs,"e=0.3,h=10.0,n=30,start_thres=1.25",hub,0.25,100,3,40,1730,28,0,12,1730,0.7,0.0,1.0,0.0,0.2634078657085245
ni_tfnbs,"e=0.4,h=0.5,n=30,start_thres=1.25",hub,0.25,100,3,40,1730,37,1,3,1729,0.925,0.0005780346820809,0.9736842105263158,0.0263157894736842,0.2634078657085245
ni_tfnbs,"e=0.4,h=1.0,n=30,start_thres=1.25",hub,0.25,100,3,40,1730,37,1,3,1729,0.925,0.0005780346820809,0.9736842105263158,0.0263157894736842,0.2634078657085245
ni_tfnbs,"e=0.4,h=2.0,n=30,start_thres=1.25",hub,0.25,100,3,40,1730,37,1,3,1729,0.925,0.0005780346820809,0.9736842105263158,0.0263157894736842,0.2634078657085245
ni_tfnbs,"e=0.4,h=3.0,n=30,start_thres=1.25",hub,0.25,100,3,40,1730,35,0,5,1730,0.875,0.0,1.0,0.0,0.2634078657085245
ni_tfnbs,"e=0.4,h=4.0,n=30,start_thres=1.25",hub,0.25,100,3,40,1730,33,0,7,1730,0.825,0.0,1.0,0.0,0.2634078657085245
ni_tfnbs,"e=0.4,h=5.0,n=30,start_thres=1.25",hub,0.25,100,3,40,1730,33,0,7,1730,0.825,0.0,1.0,0.0,0.2634078657085245
ni_tfnbs,"e=0.4,h=6.0,n=30,start_thres=1.25",hub,0.25,100,3,40,1730,32,0,8,1730,0.8,0.0,1.0,0.0,0.2634078657085245
ni_tfnbs,"e=0.4,h=7.0,n=30,start_thres=1.25",hub,0.25,100,3,40,1730,32,0,8,1730,0.8,0.0,1.0,0.0,0.2634078657085245
ni_tfnbs,"e=0.4,h=8.0,n=30,start_thres=1.25",hub,0.25,100,3,40,1730,32,0,8,1730,0.8,0.0,1.0,0.0,0.2634078657085245
ni_tfnbs,"e=0.4,h=9.0,n=30,start_thres=1.25",hub,0.25,100,3,40,1730,32,0,8,1730,0.8,0.0,1.0,0.0,0.2634078657085245
ni_tfnbs,"e=0.4,h=10.0,n=30,start_thres=1.25",hub,0.25,100,3,40,1730,30,0,10,1730,0.75,0.0,1.0,0.0,0.2634078657085245
ni_tfnbs,"e=0.5,h=0.5,n=30,start_thres=1.25",hub,0.25,100,3,40,1730,37,1,3,1729,0.925,0.0005780346820809,0.9736842105263158,0.0263157894736842,0.2634078657085245
ni_tfnbs,"e=0.5,h=1.0,n=30,start_thres=1.25",hub,0.25,100,3,40,1730,37,1,3,1729,0.925,0.0005780346820809,0.9736842105263158,0.0263157894736842,0.2634078657085245
ni_tfnbs,"e=0.5,h=2.0,n=30,start_thres=1.25",hub,0.25,100,3,40,1730,37,1,3,1729,0.925,0.0005780346820809,0.9736842105263158,0.0263157894736842,0.2634078657085245
ni_tfnbs,"e=0.5,h=3.0,n=30,start_thres=1.25",hub,0.25,100,3,40,1730,37,1,3,1729,0.925,0.0005780346820809,0.9736842105263158,0.0263157894736842,0.2634078657085245
ni_tfnbs,"e=0.5,h=4.0,n=30,start_thres=1.25",hub,0.25,100,3,40,1730,36,0,4,1730,0.9,0.0,1.0,0.0,0.2634078657085245
ni_tfnbs,"e=0.5,h=5.0,n=30,start_thres=1.25",hub,0.25,100,3,40,1730,33,0,7,1730,0.825,0.0,1.0,0.0,0.2634078657085245
ni_tfnbs,"e=0.5,h=6.0,n=30,start_thres=1.25",hub,0.25,100,3,40,1730,33,0,7,1730,0.825,0.0,1.0,0.0,0.2634078657085245
ni_tfnbs,"e=0.5,h=7.0,n=30,start_thres=1.25",hub,0.25,100,3,40,1730,33,0,7,1730,0.825,0.0,1.0,0.0,0.2634078657085245
ni_tfnbs,"e=0.5,h=8.0,n=30,start_thres=1.25",hub,0.25,100,3,40,1730,32,0,8,1730,0.8,0.0,1.0,0.0,0.2634078657085245
ni_tfnbs,"e=0.5,h=9.0,n=30,start_thres=1.25",hub,0.25,100,3,40,1730,32,0,8,1730,0.8,0.0,1.0,0.0,0.2634078657085245
ni_tfnbs,"e=0.5,h=10.0,n=30,start_thres=1.25",hub,0.25,100,3,40,1730,32,0,8,1730,0.8,0.0,1.0,0.0,0.2634078657085245
ni_tfnbs,"e=0.6,h=0.5,n=30,start_thres=1.25",hub,0.25,100,3,40,1730,38,1,2,1729,0.95,0.0005780346820809,0.9743589743589745,0.0256410256410256,0.2634078657085245
ni_tfnbs,"e=0.6,h=1.0,n=30,start_thres=1.25",hub,0.25,100,3,40,1730,38,1,2,1729,0.95,0.0005780346820809,0.9743589743589745,0.0256410256410256,0.2634078657085245
ni_tfnbs,"e=0.6,h=2.0,n=30,start_thres=1.25",hub,0.25,100,3,40,1730,37,1,3,1729,0.925,0.0005780346820809,0.9736842105263158,0.0263157894736842,0.2634078657085245
ni_tfnbs,"e=0.6,h=3.0,n=30,start_thres=1.25",hub,0.25,100,3,40,1730,37,1,3,1729,0.925,0.0005780346820809,0.9736842105263158,0.0263157894736842,0.2634078657085245
ni_tfnbs,"e=0.6,h=4.0,n=30,start_thres=1.25",hub,0.25,100,3,40,1730,37,1,3,1729,0.925,0.0005780346820809,0.9736842105263158,0.0263157894736842,0.2634078657085245
ni_tfnbs,"e=0.6,h=5.0,n=30,start_thres=1.25",hub,0.25,100,3,40,1730,37,1,3,1729,0.925,0.0005780346820809,0.9736842105263158,0.0263157894736842,0.2634078657085245
ni_tfnbs,"e=0.6,h=6.0,n=30,start_thres=1.25",hub,0.25,100,3,40,1730,35,0,5,1730,0.875,0.0,1.0,0.0,0.2634078657085245
ni_tfnbs,"e=0.6,h=7.0,n=30,start_thres=1.25",hub,0.25,100,3,40,1730,33,0,7,1730,0.825,0.0,1.0,0.0,0.2634078657085245
ni_tfnbs,"e=0.6,h=8.0,n=30,start_thres=1.25",hub,0.25,100,3,40,1730,33,0,7,1730,0.825,0.0,1.0,0.0,0.2634078657085245
ni_tfnbs,"e=0.6,h=9.0,n=30,start_thres=1.25",hub,0.25,100,3,40,1730,33,0,7,1730,0.825,0.0,1.0,0.0,0.2634078657085245
ni_tfnbs,"e=0.6,h=10.0,n=30,start_thres=1.25",hub,0.25,100,3,40,1730,32,0,8,1730,0.8,0.0,1.0,0.0,0.2634078657085245
ni_tfnbs,"e=0.7,h=0.5,n=30,start_thres=1.25",hub,0.25,100,3,40,1730,38,1,2,1729,0.95,0.0005780346820809,0.9743589743589745,0.0256410256410256,0.2634078657085245
ni_tfnbs,"e=0.7,h=1.0,n=30,start_thres=1.25",hub,0.25,100,3,40,1730,38,1,2,1729,0.95,0.0005780346820809,0.9743589743589745,0.0256410256410256,0.2634078657085245
ni_tfnbs,"e=0.7,h=2.0,n=30,start_thres=1.25",hub,0.25,100,3,40,1730,38,1,2,1729,0.95,0.0005780346820809,0.9743589743589745,0.0256410256410256,0.2634078657085245
ni_tfnbs,"e=0.7,h=3.0,n=30,start_thres=1.25",hub,0.25,100,3,40,1730,37,1,3,1729,0.925,0.0005780346820809,0.9736842105263158,0.0263157894736842,0.2634078657085245
ni_tfnbs,"e=0.7,h=4.0,n=30,start_thres=1.25",hub,0.25,100,3,40,1730,37,1,3,1729,0.925,0.0005780346820809,0.9736842105263158,0.0263157894736842,0.2634078657085245
ni_tfnbs,"e=0.7,h=5.0,n=30,start_thres=1.25",hub,0.25,100,3,40,1730,37,1,3,1729,0.925,0.0005780346820809,0.9736842105263158,0.0263157894736842,0.2634078657085245
ni_tfnbs,"e=0.7,h=6.0,n=30,start_thres=1.25",hub,0.25,100,3,40,1730,37,1,3,1729,0.925,0.0005780346820809,0.9736842105263158,0.0263157894736842,0.2634078657085245
ni_tfnbs,"e=0.7,h=7.0,n=30,start_thres=1.25",hub,0.25,100,3,40,1730,36,0,4,1730,0.9,0.0,1.0,0.0,0.2634078657085245
ni_tfnbs,"e=0.7,h=8.0,n=30,start_thres=1.25",hub,0.25,100,3,40,1730,33,0,7,1730,0.825,0.0,1.0,0.0,0.2634078657085245
ni_tfnbs,"e=0.7,h=9.0,n=30,start_thres=1.25",hub,0.25,100,3,40,1730,33,0,7,1730,0.825,0.0,1.0,0.0,0.2634078657085245
ni_tfnbs,"e=0.7,h=10.0,n=30,start_thres=1.25",hub,0.25,100,3,40,1730,33,0,7,1730,0.825,0.0,1.0,0.0,0.2634078657085245
ni_tfnbs,"e=0.8,h=0.5,n=30,start_thres=1.25",hub,0.25,100,3,40,1730,38,1,2,1729,0.95,0.0005780346820809,0.9743589743589745,0.0256410256410256,0.2634078657085245
ni_tfnbs,"e=0.8,h=1.0,n=30,start_thres=1.25",hub,0.25,100,3,40,1730,38,1,2,1729,0.95,0.0005780346820809,0.9743589743589745,0.0256410256410256,0.2634078657085245
ni_tfnbs,"e=0.8,h=2.0,n=30,start_thres=1.25",hub,0.25,100,3,40,1730,38,1,2,1729,0.95,0.0005780346820809,0.9743589743589745,0.0256410256410256,0.2634078657085245
ni_tfnbs,"e=0.8,h=3.0,n=30,start_thres=1.25",hub,0.25,100,3,40,1730,38,1,2,1729,0.95,0.0005780346820809,0.9743589743589745,0.0256410256410256,0.2634078657085245
ni_tfnbs,"e=0.8,h=4.0,n=30,start_thres=1.25",hub,0.25,100,3,40,1730,38,1,2,1729,0.95,0.0005780346820809,0.9743589743589745,0.0256410256410256,0.2634078657085245
ni_tfnbs,"e=0.8,h=5.0,n=30,start_thres=1.25",hub,0.25,100,3,40,1730,37,1,3,1729,0.925,0.0005780346820809,0.9736842105263158,0.0263157894736842,0.2634078657085245
ni_tfnbs,"e=0.8,h=6.0,n=30,start_thres=1.25",hub,0.25,100,3,40,1730,37,1,3,1729,0.925,0.0005780346820809,0.9736842105263158,0.0263157894736842,0.2634078657085245
ni_tfnbs,"e=0.8,h=7.0,n=30,start_thres=1.25",hub,0.25,100,3,40,1730,37,1,3,1729,0.925,0.0005780346820809,0.9736842105263158,0.0263157894736842,0.2634078657085245
ni_tfnbs,"e=0.8,h=8.0,n=30,start_thres=1.25",hub,0.25,100,3,40,1730,37,1,3,1729,0.925,0.0005780346820809,0.9736842105263158,0.0263157894736842,0.2634078657085245
ni_tfnbs,"e=0.8,h=9.0,n=30,start_thres=1.25",hub,0.25,100,3,40,1730,36,0,4,1730,0.9,0.0,1.0,0.0,0.2634078657085245
ni_tfnbs,"e=0.8,h=10.0,n=30,start_thres=1.25",hub,0.25,100,3,40,1730,33,0,7,1730,0.825,0.0,1.0,0.0,0.2634078657085245
ni_tfnbs,"e=0.9,h=0.5,n=30,start_thres=1.25",hub,0.25,100,3,40,1730,38,1,2,1729,0.95,0.0005780346820809,0.9743589743589745,0.0256410256410256,0.2634078657085245
ni_tfnbs,"e=0.9,h=1.0,n=30,start_thres=1.25",hub,0.25,100,3,40,1730,38,1,2,1729,0.95,0.0005780346820809,0.9743589743589745,0.0256410256410256,0.2634078657085245
ni_tfnbs,"e=0.9,h=2.0,n=30,start_thres=1.25",hub,0.25,100,3,40,1730,38,1,2,1729,0.95,0.0005780346820809,0.9743589743589745,0.0256410256410256,0.2634078657085245
ni_tfnbs,"e=0.9,h=3.0,n=30,start_thres=1.25",hub,0.25,100,3,40,1730,38,1,2,1729,0.95,0.0005780346820809,0.9743589743589745,0.0256410256410256,0.2634078657085245
ni_tfnbs,"e=0.9,h=4.0,n=30,start_thres=1.25",hub,0.25,100,3,40,1730,38,1,2,1729,0.95,0.0005780346820809,0.9743589743589745,0.0256410256410256,0.2634078657085245
ni_tfnbs,"e=0.9,h=5.0,n=30,start_thres=1.25",hub,0.25,100,3,40,1730,38,1,2,1729,0.95,0.0005780346820809,0.9743589743589745,0.0256410256410256,0.2634078657085245
ni_tfnbs,"e=0.9,h=6.0,n=30,start_thres=1.25",hub,0.25,100,3,40,1730,37,1,3,1729,0.925,0.0005780346820809,0.9736842105263158,0.0263157894736842,0.2634078657085245
ni_tfnbs,"e=0.9,h=7.0,n=30,start_thres=1.25",hub,0.25,100,3,40,1730,37,1,3,1729,0.925,0.0005780346820809,0.9736842105263158,0.0263157894736842,0.2634078657085245
ni_tfnbs,"e=0.9,h=8.0,n=30,start_thres=1.25",hub,0.25,100,3,40,1730,37,1,3,1729,0.925,0.0005780346820809,0.9736842105263158,0.0263157894736842,0.2634078657085245
ni_tfnbs,"e=0.9,h=9.0,n=30,start_thres=1.25",hub,0.25,100,3,40,1730,37,1,3,1729,0.925,0.0005780346820809,0.9736842105263158,0.0263157894736842,0.2634078657085245
ni_tfnbs,"e=0.9,h=10.0,n=30,start_thres=1.25",hub,0.25,100,3,40,1730,36,0,4,1730,0.9,0.0,1.0,0.0,0.2634078657085245
ni_tfnbs,"e=1.0,h=0.5,n=30,start_thres=1.25",hub,0.25,100,3,40,1730,38,1,2,1729,0.95,0.0005780346820809,0.9743589743589745,0.0256410256410256,0.2634078657085245
ni_tfnbs,"e=1.0,h=1.0,n=30,start_thres=1.25",hub,0.25,100,3,40,1730,38,1,2,1729,0.95,0.0005780346820809,0.9743589743589745,0.0256410256410256,0.2634078657085245
ni_tfnbs,"e=1.0,h=2.0,n=30,start_thres=1.25",hub,0.25,100,3,40,1730,38,1,2,1729,0.95,0.0005780346820809,0.9743589743589745,0.0256410256410256,0.2634078657085245
ni_tfnbs,"e=1.0,h=3.0,n=30,start_thres=1.25",hub,0.25,100,3,40,1730,38,1,2,1729,0.95,0.0005780346820809,0.9743589743589745,0.0256410256410256,0.2634078657085245
ni_tfnbs,"e=1.0,h=4.0,n=30,start_thres=1.25",hub,0.25,100,3,40,1730,38,1,2,1729,0.95,0.0005780346820809,0.9743589743589745,0.0256410256410256,0.2634078657085245
ni_tfnbs,"e=1.0,h=5.0,n=30,start_thres=1.25",hub,0.25,100,3,40,1730,38,1,2,1729,0.95,0.0005780346820809,0.9743589743589745,0.0256410256410256,0.2634078657085245
ni_tfnbs,"e=1.0,h=6.0,n=30,start_thres=1.25",hub,0.25,100,3,40,1730,38,1,2,1729,0.95,0.0005780346820809,0.9743589743589745,0.0256410256410256,0.2634078657085245
ni_tfnbs,"e=1.0,h=7.0,n=30,start_thres=1.25",hub,0.25,100,3,40,1730,37,1,3,1729,0.925,0.0005780346820809,0.9736842105263158,0.0263157894736842,0.2634078657085245
ni_tfnbs,"e=1.0,h=8.0,n=30,start_thres=1.25",hub,0.25,100,3,40,1730,37,1,3,1729,0.925,0.0005780346820809,0.9736842105263158,0.0263157894736842,0.2634078657085245
ni_tfnbs,"e=1.0,h=9.0,n=30,start_thres=1.25",hub,0.25,100,3,40,1730,37,1,3,1729,0.925,0.0005780346820809,0.9736842105263158,0.0263157894736842,0.2634078657085245
ni_tfnbs,"e=1.0,h=10.0,n=30,start_thres=1.25",hub,0.25,100,3,40,1730,37,1,3,1729,0.925,0.0005780346820809,0.9736842105263158,0.0263157894736842,0.2634078657085245
ni_tfnbs,"e=1.1,h=0.5,n=30,start_thres=1.25",hub,0.25,100,3,40,1730,39,1,1,1729,0.975,0.0005780346820809,0.975,0.025,0.2634078657085245
ni_tfnbs,"e=1.1,h=1.0,n=30,start_thres=1.25",hub,0.25,100,3,40,1730,39,1,1,1729,0.975,0.0005780346820809,0.975,0.025,0.2634078657085245
ni_tfnbs,"e=1.1,h=2.0,n=30,start_thres=1.25",hub,0.25,100,3,40,1730,39,1,1,1729,0.975,0.0005780346820809,0.975,0.025,0.2634078657085245
ni_tfnbs,"e=1.1,h=3.0,n=30,start_thres=1.25",hub,0.25,100,3,40,1730,39,1,1,1729,0.975,0.0005780346820809,0.975,0.025,0.2634078657085245
ni_tfnbs,"e=1.1,h=4.0,n=30,start_thres=1.25",hub,0.25,100,3,40,1730,38,1,2,1729,0.95,0.0005780346820809,0.9743589743589745,0.0256410256410256,0.2634078657085245
ni_tfnbs,"e=1.1,h=5.0,n=30,start_thres=1.25",hub,0.25,100,3,40,1730,38,1,2,1729,0.95,0.0005780346820809,0.9743589743589745,0.0256410256410256,0.2634078657085245
ni_tfnbs,"e=1.1,h=6.0,n=30,start_thres=1.25",hub,0.25,100,3,40,1730,38,1,2,1729,0.95,0.0005780346820809,0.9743589743589745,0.0256410256410256,0.2634078657085245
ni_tfnbs,"e=1.1,h=7.0,n=30,start_thres=1.25",hub,0.25,100,3,40,1730,38,1,2,1729,0.95,0.0005780346820809,0.9743589743589745,0.0256410256410256,0.2634078657085245
ni_tfnbs,"e=1.1,h=8.0,n=30,start_thres=1.25",hub,0.25,100,3,40,1730,37,1,3,1729,0.925,0.0005780346820809,0.9736842105263158,0.0263157894736842,0.2634078657085245
ni_tfnbs,"e=1.1,h=9.0,n=30,start_thres=1.25",hub,0.25,100,3,40,1730,37,1,3,1729,0.925,0.0005780346820809,0.9736842105263158,0.0263157894736842,0.2634078657085245
ni_tfnbs,"e=1.1,h=10.0,n=30,start_thres=1.25",hub,0.25,100,3,40,1730,37,1,3,1729,0.925,0.0005780346820809,0.9736842105263158,0.0263157894736842,0.2634078657085245
ni_tfnbs,"e=1.2,h=0.5,n=30,start_thres=1.25",hub,0.25,100,3,40,1730,39,1,1,1729,0.975,0.0005780346820809,0.975,0.025,0.2634078657085245
ni_tfnbs,"e=1.2,h=1.0,n=30,start_thres=1.25",hub,0.25,100,3,40,1730,39,1,1,1729,0.975,0.0005780346820809,0.975,0.025,0.2634078657085245
ni_tfnbs,"e=1.2,h=2.0,n=30,start_thres=1.25",hub,0.25,100,3,40,1730,39,1,1,1729,0.975,0.0005780346820809,0.975,0.025,0.2634078657085245
ni_tfnbs,"e=1.2,h=3.0,n=30,start_thres=1.25",hub,0.25,100,3,40,1730,39,1,1,1729,0.975,0.0005780346820809,0.975,0.025,0.2634078657085245
ni_tfnbs,"e=1.2,h=4.0,n=30,start_thres=1.25",hub,0.25,100,3,40,1730,39,1,1,1729,0.975,0.0005780346820809,0.975,0.025,0.2634078657085245
ni_tfnbs,"e=1.2,h=5.0,n=30,start_thres=1.25",hub,0.25,100,3,40,1730,38,1,2,1729,0.95,0.0005780346820809,0.9743589743589745,0.0256410256410256,0.2634078657085245
ni_tfnbs,"e=1.2,h=6.0,n=30,start_thres=1.25",hub,0.25,100,3,40,1730,38,1,2,1729,0.95,0.0005780346820809,0.9743589743589745,0.0256410256410256,0.2634078657085245
ni_tfnbs,"e=1.2,h=7.0,n=30,start_thres=1.25",hub,0.25,100,3,40,1730,38,1,2,1729,0.95,0.0005780346820809,0.9743589743589745,0.0256410256410256,0.2634078657085245
ni_tfnbs,"e=1.2,h=8.0,n=30,start_thres=1.25",hub,0.25,100,3,40,1730,38,1,2,1729,0.95,0.0005780346820809,0.9743589743589745,0.0256410256410256,0.2634078657085245
ni_tfnbs,"e=1.2,h=9.0,n=30,start_thres=1.25",hub,0.25,100,3,40,1730,37,1,3,1729,0.925,0.0005780346820809,0.9736842105263158,0.0263157894736842,0.2634078657085245
ni_tfnbs,"e=1.2,h=10.0,n=30,start_thres=1.25",hub,0.25,100,3,40,1730,37,1,3,1729,0.925,0.0005780346820809,0.9736842105263158,0.0263157894736842,0.2634078657085245
ni_tfnbs,"e=1.3,h=0.5,n=30,start_thres=1.25",hub,0.25,100,3,40,1730,39,1,1,1729,0.975,0.0005780346820809,0.975,0.025,0.2634078657085245
ni_tfnbs,"e=1.3,h=1.0,n=30,start_thres=1.25",hub,0.25,100,3,40,1730,39,1,1,1729,0.975,0.0005780346820809,0.975,0.025,0.2634078657085245
ni_tfnbs,"e=1.3,h=2.0,n=30,start_thres=1.25",hub,0.25,100,3,40,1730,39,1,1,1729,0.975,0.0005780346820809,0.975,0.025,0.2634078657085245
ni_tfnbs,"e=1.3,h=3.0,n=30,start_thres=1.25",hub,0.25,100,3,40,1730,39,1,1,1729,0.975,0.0005780346820809,0.975,0.025,0.2634078657085245
ni_tfnbs,"e=1.3,h=4.0,n=30,start_thres=1.25",hub,0.25,100,3,40,1730,39,1,1,1729,0.975,0.0005780346820809,0.975,0.025,0.2634078657085245
ni_tfnbs,"e=1.3,h=5.0,n=30,start_thres=1.25",hub,0.25,100,3,40,1730,39,1,1,1729,0.975,0.0005780346820809,0.975,0.025,0.2634078657085245
ni_tfnbs,"e=1.3,h=6.0,n=30,start_thres=1.25",hub,0.25,100,3,40,1730,38,1,2,1729,0.95,0.0005780346820809,0.9743589743589745,0.0256410256410256,0.2634078657085245
ni_tfnbs,"e=1.3,h=7.0,n=30,start_thres=1.25",hub,0.25,100,3,40,1730,38,1,2,1729,0.95,0.0005780346820809,0.9743589743589745,0.0256410256410256,0.2634078657085245
ni_tfnbs,"e=1.3,h=8.0,n=30,start_thres=1.25",hub,0.25,100,3,40,1730,38,1,2,1729,0.95,0.0005780346820809,0.9743589743589745,0.0256410256410256,0.2634078657085245
ni_tfnbs,"e=1.3,h=9.0,n=30,start_thres=1.25",hub,0.25,100,3,40,1730,38,1,2,1729,0.95,0.0005780346820809,0.9743589743589745,0.0256410256410256,0.2634078657085245
ni_tfnbs,"e=1.3,h=10.0,n=30,start_thres=1.25",hub,0.25,100,3,40,1730,37,1,3,1729,0.925,0.0005780346820809,0.9736842105263158,0.0263157894736842,0.2634078657085245
ni_tfnbs,"e=1.4,h=0.5,n=30,start_thres=1.25",hub,0.25,100,3,40,1730,39,1,1,1729,0.975,0.0005780346820809,0.975,0.025,0.2634078657085245
ni_tfnbs,"e=1.4,h=1.0,n=30,start_thres=1.25",hub,0.25,100,3,40,1730,39,1,1,1729,0.975,0.0005780346820809,0.975,0.025,0.2634078657085245
ni_tfnbs,"e=1.4,h=2.0,n=30,start_thres=1.25",hub,0.25,100,3,40,1730,39,1,1,1729,0.975,0.0005780346820809,0.975,0.025,0.2634078657085245
ni_tfnbs,"e=1.4,h=3.0,n=30,start_thres=1.25",hub,0.25,100,3,40,1730,39,1,1,1729,0.975,0.0005780346820809,0.975,0.025,0.2634078657085245
ni_tfnbs,"e=1.4,h=4.0,n=30,start_thres=1.25",hub,0.25,100,3,40,1730,39,1,1,1729,0.975,0.0005780346820809,0.975,0.025,0.2634078657085245
ni_tfnbs,"e=1.4,h=5.0,n=30,start_thres=1.25",hub,0.25,100,3,40,1730,39,1,1,1729,0.975,0.0005780346820809,0.975,0.025,0.2634078657085245
ni_tfnbs,"e=1.4,h=6.0,n=30,start_thres=1.25",hub,0.25,100,3,40,1730,39,1,1,1729,0.975,0.0005780346820809,0.975,0.025,0.2634078657085245
ni_tfnbs,"e=1.4,h=7.0,n=30,start_thres=1.25",hub,0.25,100,3,40,1730,38,1,2,1729,0.95,0.0005780346820809,0.9743589743589745,0.0256410256410256,0.2634078657085245
ni_tfnbs,"e=1.4,h=8.0,n=30,start_thres=1.25",hub,0.25,100,3,40,1730,38,1,2,1729,0.95,0.0005780346820809,0.9743589743589745,0.0256410256410256,0.2634078657085245
ni_tfnbs,"e=1.4,h=9.0,n=30,start_thres=1.25",hub,0.25,100,3,40,1730,38,1,2,1729,0.95,0.0005780346820809,0.9743589743589745,0.0256410256410256,0.2634078657085245
ni_tfnbs,"e=1.4,h=10.0,n=30,start_thres=1.25",hub,0.25,100,3,40,1730,38,1,2,1729,0.95,0.0005780346820809,0.9743589743589745,0.0256410256410256,0.2634078657085245
ni_tfnbs,"e=1.5,h=0.5,n=30,start_thres=1.25",hub,0.25,100,3,40,1730,39,1,1,1729,0.975,0.0005780346820809,0.975,0.025,0.2634078657085245
ni_tfnbs,"e=1.5,h=1.0,n=30,start_thres=1.25",hub,0.25,100,3,40,1730,39,1,1,1729,0.975,0.0005780346820809,0.975,0.025,0.2634078657085245
ni_tfnbs,"e=1.5,h=2.0,n=30,start_thres=1.25",hub,0.25,100,3,40,1730,39,1,1,1729,0.975,0.0005780346820809,0.975,0.025,0.2634078657085245
ni_tfnbs,"e=1.5,h=3.0,n=30,start_thres=1.25",hub,0.25,100,3,40,1730,39,1,1,1729,0.975,0.0005780346820809,0.975,0.025,0.2634078657085245
ni_tfnbs,"e=1.5,h=4.0,n=30,start_thres=1.25",hub,0.25,100,3,40,1730,39,1,1,1729,0.975,0.0005780346820809,0.975,0.025,0.2634078657085245
ni_tfnbs,"e=1.5,h=5.0,n=30,start_thres=1.25",hub,0.25,100,3,40,1730,39,1,1,1729,0.975,0.0005780346820809,0.975,0.025,0.2634078657085245
ni_tfnbs,"e=1.5,h=6.0,n=30,start_thres=1.25",hub,0.25,100,3,40,1730,39,1,1,1729,0.975,0.0005780346820809,0.975,0.025,0.2634078657085245
ni_tfnbs,"e=1.5,h=7.0,n=30,start_thres=1.25",hub,0.25,100,3,40,1730,39,1,1,1729,0.975,0.0005780346820809,0.975,0.025,0.2634078657085245
ni_tfnbs,"e=1.5,h=8.0,n=30,start_thres=1.25",hub,0.25,100,3,40,1730,38,1,2,1729,0.95,0.0005780346820809,0.9743589743589745,0.0256410256410256,0.2634078657085245
ni_tfnbs,"e=1.5,h=9.0,n=30,start_thres=1.25",hub,0.25,100,3,40,1730,38,1,2,1729,0.95,0.0005780346820809,0.9743589743589745,0.0256410256410256,0.2634078657085245
ni_tfnbs,"e=1.5,h=10.0,n=30,start_thres=1.25",hub,0.25,100,3,40,1730,38,1,2,1729,0.95,0.0005780346820809,0.9743589743589745,0.0256410256410256,0.2634078657085245
ni_tfnbs,"e=0.05,h=0.5,n=30,start_thres=1.25",hub,0.25,100,2,40,1730,27,0,13,1730,0.675,0.0,1.0,0.0,0.2747695865956219
ni_tfnbs,"e=0.05,h=1.0,n=30,start_thres=1.25",hub,0.25,100,2,40,1730,27,0,13,1730,0.675,0.0,1.0,0.0,0.2747695865956219
ni_tfnbs,"e=0.05,h=2.0,n=30,start_thres=1.25",hub,0.25,100,2,40,1730,27,0,13,1730,0.675,0.0,1.0,0.0,0.2747695865956219
ni_tfnbs,"e=0.05,h=3.0,n=30,start_thres=1.25",hub,0.25,100,2,40,1730,27,0,13,1730,0.675,0.0,1.0,0.0,0.2747695865956219
ni_tfnbs,"e=0.05,h=4.0,n=30,start_thres=1.25",hub,0.25,100,2,40,1730,27,0,13,1730,0.675,0.0,1.0,0.0,0.2747695865956219
ni_tfnbs,"e=0.05,h=5.0,n=30,start_thres=1.25",hub,0.25,100,2,40,1730,27,0,13,1730,0.675,0.0,1.0,0.0,0.2747695865956219
ni_tfnbs,"e=0.05,h=6.0,n=30,start_thres=1.25",hub,0.25,100,2,40,1730,27,0,13,1730,0.675,0.0,1.0,0.0,0.2747695865956219
ni_tfnbs,"e=0.05,h=7.0,n=30,start_thres=1.25",hub,0.25,100,2,40,1730,27,0,13,1730,0.675,0.0,1.0,0.0,0.2747695865956219
ni_tfnbs,"e=0.05,h=8.0,n=30,start_thres=1.25",hub,0.25,100,2,40,1730,26,0,14,1730,0.65,0.0,1.0,0.0,0.2747695865956219
ni_tfnbs,"e=0.05,h=9.0,n=30,start_thres=1.25",hub,0.25,100,2,40,1730,26,0,14,1730,0.65,0.0,1.0,0.0,0.2747695865956219
ni_tfnbs,"e=0.05,h=10.0,n=30,start_thres=1.25",hub,0.25,100,2,40,1730,26,0,14,1730,0.65,0.0,1.0,0.0,0.2747695865956219
ni_tfnbs,"e=0.1,h=0.5,n=30,start_thres=1.25",hub,0.25,100,2,40,1730,30,0,10,1730,0.75,0.0,1.0,0.0,0.2747695865956219
ni_tfnbs,"e=0.1,h=1.0,n=30,start_thres=1.25",hub,0.25,100,2,40,1730,28,0,12,1730,0.7,0.0,1.0,0.0,0.2747695865956219
ni_tfnbs,"e=0.1,h=2.0,n=30,start_thres=1.25",hub,0.25,100,2,40,1730,27,0,13,1730,0.675,0.0,1.0,0.0,0.2747695865956219
ni_tfnbs,"e=0.1,h=3.0,n=30,start_thres=1.25",hub,0.25,100,2,40,1730,27,0,13,1730,0.675,0.0,1.0,0.0,0.2747695865956219
ni_tfnbs,"e=0.1,h=4.0,n=30,start_thres=1.25",hub,0.25,100,2,40,1730,27,0,13,1730,0.675,0.0,1.0,0.0,0.2747695865956219
ni_tfnbs,"e=0.1,h=5.0,n=30,start_thres=1.25",hub,0.25,100,2,40,1730,27,0,13,1730,0.675,0.0,1.0,0.0,0.2747695865956219
ni_tfnbs,"e=0.1,h=6.0,n=30,start_thres=1.25",hub,0.25,100,2,40,1730,27,0,13,1730,0.675,0.0,1.0,0.0,0.2747695865956219
ni_tfnbs,"e=0.1,h=7.0,n=30,start_thres=1.25",hub,0.25,100,2,40,1730,27,0,13,1730,0.675,0.0,1.0,0.0,0.2747695865956219
ni_tfnbs,"e=0.1,h=8.0,n=30,start_thres=1.25",hub,0.25,100,2,40,1730,27,0,13,1730,0.675,0.0,1.0,0.0,0.2747695865956219
ni_tfnbs,"e=0.1,h=9.0,n=30,start_thres=1.25",hub,0.25,100,2,40,1730,27,0,13,1730,0.675,0.0,1.0,0.0,0.2747695865956219
ni_tfnbs,"e=0.1,h=10.0,n=30,start_thres=1.25",hub,0.25,100,2,40,1730,27,0,13,1730,0.675,0.0,1.0,0.0,0.2747695865956219
ni_tfnbs,"e=0.2,h=0.5,n=30,start_thres=1.25",hub,0.25,100,2,40,1730,33,0,7,1730,0.825,0.0,1.0,0.0,0.2747695865956219
ni_tfnbs,"e=0.2,h=1.0,n=30,start_thres=1.25",hub,0.25,100,2,40,1730,33,0,7,1730,0.825,0.0,1.0,0.0,0.2747695865956219
ni_tfnbs,"e=0.2,h=2.0,n=30,start_thres=1.25",hub,0.25,100,2,40,1730,30,0,10,1730,0.75,0.0,1.0,0.0,0.2747695865956219
ni_tfnbs,"e=0.2,h=3.0,n=30,start_thres=1.25",hub,0.25,100,2,40,1730,30,0,10,1730,0.75,0.0,1.0,0.0,0.2747695865956219
ni_tfnbs,"e=0.2,h=4.0,n=30,start_thres=1.25",hub,0.25,100,2,40,1730,30,0,10,1730,0.75,0.0,1.0,0.0,0.2747695865956219
ni_tfnbs,"e=0.2,h=5.0,n=30,start_thres=1.25",hub,0.25,100,2,40,1730,30,0,10,1730,0.75,0.0,1.0,0.0,0.2747695865956219
ni_tfnbs,"e=0.2,h=6.0,n=30,start_thres=1.25",hub,0.25,100,2,40,1730,28,0,12,1730,0.7,0.0,1.0,0.0,0.2747695865956219
ni_tfnbs,"e=0.2,h=7.0,n=30,start_thres=1.25",hub,0.25,100,2,40,1730,28,0,12,1730,0.7,0.0,1.0,0.0,0.2747695865956219
ni_tfnbs,"e=0.2,h=8.0,n=30,start_thres=1.25",hub,0.25,100,2,40,1730,27,0,13,1730,0.675,0.0,1.0,0.0,0.2747695865956219
ni_tfnbs,"e=0.2,h=9.0,n=30,start_thres=1.25",hub,0.25,100,2,40,1730,27,0,13,1730,0.675,0.0,1.0,0.0,0.2747695865956219
ni_tfnbs,"e=0.2,h=10.0,n=30,start_thres=1.25",hub,0.25,100,2,40,1730,27,0,13,1730,0.675,0.0,1.0,0.0,0.2747695865956219
ni_tfnbs,"e=0.3,h=0.5,n=30,start_thres=1.25",hub,0.25,100,2,40,1730,35,0,5,1730,0.875,0.0,1.0,0.0,0.2747695865956219
ni_tfnbs,"e=0.3,h=1.0,n=30,start_thres=1.25",hub,0.25,100,2,40,1730,35,0,5,1730,0.875,0.0,1.0,0.0,0.2747695865956219
ni_tfnbs,"e=0.3,h=2.0,n=30,start_thres=1.25",hub,0.25,100,2,40,1730,33,0,7,1730,0.825,0.0,1.0,0.0,0.2747695865956219
ni_tfnbs,"e=0.3,h=3.0,n=30,start_thres=1.25",hub,0.25,100,2,40,1730,33,0,7,1730,0.825,0.0,1.0,0.0,0.2747695865956219
ni_tfnbs,"e=0.3,h=4.0,n=30,start_thres=1.25",hub,0.25,100,2,40,1730,30,0,10,1730,0.75,0.0,1.0,0.0,0.2747695865956219
ni_tfnbs,"e=0.3,h=5.0,n=30,start_thres=1.25",hub,0.25,100,2,40,1730,30,0,10,1730,0.75,0.0,1.0,0.0,0.2747695865956219
ni_tfnbs,"e=0.3,h=6.0,n=30,start_thres=1.25",hub,0.25,100,2,40,1730,30,0,10,1730,0.75,0.0,1.0,0.0,0.2747695865956219
ni_tfnbs,"e=0.3,h=7.0,n=30,start_thres=1.25",hub,0.25,100,2,40,1730,30,0,10,1730,0.75,0.0,1.0,0.0,0.2747695865956219
ni_tfnbs,"e=0.3,h=8.0,n=30,start_thres=1.25",hub,0.25,100,2,40,1730,30,0,10,1730,0.75,0.0,1.0,0.0,0.2747695865956219
ni_tfnbs,"e=0.3,h=9.0,n=30,start_thres=1.25",hub,0.25,100,2,40,1730,28,0,12,1730,0.7,0.0,1.0,0.0,0.2747695865956219
ni_tfnbs,"e=0.3,h=10.0,n=30,start_thres=1.25",hub,0.25,100,2,40,1730,28,0,12,1730,0.7,0.0,1.0,0.0,0.2747695865956219
ni_tfnbs,"e=0.4,h=0.5,n=30,start_thres=1.25",hub,0.25,100,2,40,1730,38,0,2,1730,0.95,0.0,1.0,0.0,0.2747695865956219
ni_tfnbs,"e=0.4,h=1.0,n=30,start_thres=1.25",hub,0.25,100,2,40,1730,37,0,3,1730,0.925,0.0,1.0,0.0,0.2747695865956219
ni_tfnbs,"e=0.4,h=2.0,n=30,start_thres=1.25",hub,0.25,100,2,40,1730,35,0,5,1730,0.875,0.0,1.0,0.0,0.2747695865956219
ni_tfnbs,"e=0.4,h=3.0,n=30,start_thres=1.25",hub,0.25,100,2,40,1730,35,0,5,1730,0.875,0.0,1.0,0.0,0.2747695865956219
ni_tfnbs,"e=0.4,h=4.0,n=30,start_thres=1.25",hub,0.25,100,2,40,1730,33,0,7,1730,0.825,0.0,1.0,0.0,0.2747695865956219
ni_tfnbs,"e=0.4,h=5.0,n=30,start_thres=1.25",hub,0.25,100,2,40,1730,33,0,7,1730,0.825,0.0,1.0,0.0,0.2747695865956219
ni_tfnbs,"e=0.4,h=6.0,n=30,start_thres=1.25",hub,0.25,100,2,40,1730,33,0,7,1730,0.825,0.0,1.0,0.0,0.2747695865956219
ni_tfnbs,"e=0.4,h=7.0,n=30,start_thres=1.25",hub,0.25,100,2,40,1730,30,0,10,1730,0.75,0.0,1.0,0.0,0.2747695865956219
ni_tfnbs,"e=0.4,h=8.0,n=30,start_thres=1.25",hub,0.25,100,2,40,1730,30,0,10,1730,0.75,0.0,1.0,0.0,0.2747695865956219
ni_tfnbs,"e=0.4,h=9.0,n=30,start_thres=1.25",hub,0.25,100,2,40,1730,30,0,10,1730,0.75,0.0,1.0,0.0,0.2747695865956219
ni_tfnbs,"e=0.4,h=10.0,n=30,start_thres=1.25",hub,0.25,100,2,40,1730,30,0,10,1730,0.75,0.0,1.0,0.0,0.2747695865956219
ni_tfnbs,"e=0.5,h=0.5,n=30,start_thres=1.25",hub,0.25,100,2,40,1730,38,0,2,1730,0.95,0.0,1.0,0.0,0.2747695865956219
ni_tfnbs,"e=0.5,h=1.0,n=30,start_thres=1.25",hub,0.25,100,2,40,1730,38,0,2,1730,0.95,0.0,1.0,0.0,0.2747695865956219
ni_tfnbs,"e=0.5,h=2.0,n=30,start_thres=1.25",hub,0.25,100,2,40,1730,38,0,2,1730,0.95,0.0,1.0,0.0,0.2747695865956219
ni_tfnbs,"e=0.5,h=3.0,n=30,start_thres=1.25",hub,0.25,100,2,40,1730,35,0,5,1730,0.875,0.0,1.0,0.0,0.2747695865956219
ni_tfnbs,"e=0.5,h=4.0,n=30,start_thres=1.25",hub,0.25,100,2,40,1730,35,0,5,1730,0.875,0.0,1.0,0.0,0.2747695865956219
ni_tfnbs,"e=0.5,h=5.0,n=30,start_thres=1.25",hub,0.25,100,2,40,1730,33,0,7,1730,0.825,0.0,1.0,0.0,0.2747695865956219
ni_tfnbs,"e=0.5,h=6.0,n=30,start_thres=1.25",hub,0.25,100,2,40,1730,33,0,7,1730,0.825,0.0,1.0,0.0,0.2747695865956219
ni_tfnbs,"e=0.5,h=7.0,n=30,start_thres=1.25",hub,0.25,100,2,40,1730,33,0,7,1730,0.825,0.0,1.0,0.0,0.2747695865956219
ni_tfnbs,"e=0.5,h=8.0,n=30,start_thres=1.25",hub,0.25,100,2,40,1730,33,0,7,1730,0.825,0.0,1.0,0.0,0.2747695865956219
ni_tfnbs,"e=0.5,h=9.0,n=30,start_thres=1.25",hub,0.25,100,2,40,1730,30,0,10,1730,0.75,0.0,1.0,0.0,0.2747695865956219
ni_tfnbs,"e=0.5,h=10.0,n=30,start_thres=1.25",hub,0.25,100,2,40,1730,30,0,10,1730,0.75,0.0,1.0,0.0,0.2747695865956219
ni_tfnbs,"e=0.6,h=0.5,n=30,start_thres=1.25",hub,0.25,100,2,40,1730,38,0,2,1730,0.95,0.0,1.0,0.0,0.2747695865956219
ni_tfnbs,"e=0.6,h=1.0,n=30,start_thres=1.25",hub,0.25,100,2,40,1730,38,0,2,1730,0.95,0.0,1.0,0.0,0.2747695865956219
ni_tfnbs,"e=0.6,h=2.0,n=30,start_thres=1.25",hub,0.25,100,2,40,1730,38,0,2,1730,0.95,0.0,1.0,0.0,0.2747695865956219
ni_tfnbs,"e=0.6,h=3.0,n=30,start_thres=1.25",hub,0.25,100,2,40,1730,38,0,2,1730,0.95,0.0,1.0,0.0,0.2747695865956219
ni_tfnbs,"e=0.6,h=4.0,n=30,start_thres=1.25",hub,0.25,100,2,40,1730,37,0,3,1730,0.925,0.0,1.0,0.0,0.2747695865956219
ni_tfnbs,"e=0.6,h=5.0,n=30,start_thres=1.25",hub,0.25,100,2,40,1730,35,0,5,1730,0.875,0.0,1.0,0.0,0.2747695865956219
ni_tfnbs,"e=0.6,h=6.0,n=30,start_thres=1.25",hub,0.25,100,2,40,1730,35,0,5,1730,0.875,0.0,1.0,0.0,0.2747695865956219
ni_tfnbs,"e=0.6,h=7.0,n=30,start_thres=1.25",hub,0.25,100,2,40,1730,33,0,7,1730,0.825,0.0,1.0,0.0,0.2747695865956219
ni_tfnbs,"e=0.6,h=8.0,n=30,start_thres=1.25",hub,0.25,100,2,40,1730,33,0,7,1730,0.825,0.0,1.0,0.0,0.2747695865956219
ni_tfnbs,"e=0.6,h=9.0,n=30,start_thres=1.25",hub,0.25,100,2,40,1730,33,0,7,1730,0.825,0.0,1.0,0.0,0.2747695865956219
ni_tfnbs,"e=0.6,h=10.0,n=30,start_thres=1.25",hub,0.25,100,2,40,1730,33,0,7,1730,0.825,0.0,1.0,0.0,0.2747695865956219
ni_tfnbs,"e=0.7,h=0.5,n=30,start_thres=1.25",hub,0.25,100,2,40,1730,38,0,2,1730,0.95,0.0,1.0,0.0,0.2747695865956219
ni_tfnbs,"e=0.7,h=1.0,n=30,start_thres=1.25",hub,0.25,100,2,40,1730,38,0,2,1730,0.95,0.0,1.0,0.0,0.2747695865956219
ni_tfnbs,"e=0.7,h=2.0,n=30,start_thres=1.25",hub,0.25,100,2,40,1730,38,0,2,1730,0.95,0.0,1.0,0.0,0.2747695865956219
ni_tfnbs,"e=0.7,h=3.0,n=30,start_thres=1.25",hub,0.25,100,2,40,1730,38,0,2,1730,0.95,0.0,1.0,0.0,0.2747695865956219
ni_tfnbs,"e=0.7,h=4.0,n=30,start_thres=1.25",hub,0.25,100,2,40,1730,38,0,2,1730,0.95,0.0,1.0,0.0,0.2747695865956219
ni_tfnbs,"e=0.7,h=5.0,n=30,start_thres=1.25",hub,0.25,100,2,40,1730,37,0,3,1730,0.925,0.0,1.0,0.0,0.2747695865956219
ni_tfnbs,"e=0.7,h=6.0,n=30,start_thres=1.25",hub,0.25,100,2,40,1730,35,0,5,1730,0.875,0.0,1.0,0.0,0.2747695865956219
ni_tfnbs,"e=0.7,h=7.0,n=30,start_thres=1.25",hub,0.25,100,2,40,1730,35,0,5,1730,0.875,0.0,1.0,0.0,0.2747695865956219
ni_tfnbs,"e=0.7,h=8.0,n=30,start_thres=1.25",hub,0.25,100,2,40,1730,33,0,7,1730,0.825,0.0,1.0,0.0,0.2747695865956219
ni_tfnbs,"e=0.7,h=9.0,n=30,start_thres=1.25",hub,0.25,100,2,40,1730,33,0,7,1730,0.825,0.0,1.0,0.0,0.2747695865956219
ni_tfnbs,"e=0.7,h=10.0,n=30,start_thres=1.25",hub,0.25,100,2,40,1730,33,0,7,1730,0.825,0.0,1.0,0.0,0.2747695865956219
ni_tfnbs,"e=0.8,h=0.5,n=30,start_thres=1.25",hub,0.25,100,2,40,1730,38,0,2,1730,0.95,0.0,1.0,0.0,0.2747695865956219
ni_tfnbs,"e=0.8,h=1.0,n=30,start_thres=1.25",hub,0.25,100,2,40,1730,38,0,2,1730,0.95,0.0,1.0,0.0,0.2747695865956219
ni_tfnbs,"e=0.8,h=2.0,n=30,start_thres=1.25",hub,0.25,100,2,40,1730,38,0,2,1730,0.95,0.0,1.0,0.0,0.2747695865956219
ni_tfnbs,"e=0.8,h=3.0,n=30,start_thres=1.25",hub,0.25,100,2,40,1730,38,0,2,1730,0.95,0.0,1.0,0.0,0.2747695865956219
ni_tfnbs,"e=0.8,h=4.0,n=30,start_thres=1.25",hub,0.25,100,2,40,1730,38,0,2,1730,0.95,0.0,1.0,0.0,0.2747695865956219
ni_tfnbs,"e=0.8,h=5.0,n=30,start_thres=1.25",hub,0.25,100,2,40,1730,38,0,2,1730,0.95,0.0,1.0,0.0,0.2747695865956219
ni_tfnbs,"e=0.8,h=6.0,n=30,start_thres=1.25",hub,0.25,100,2,40,1730,38,0,2,1730,0.95,0.0,1.0,0.0,0.2747695865956219
ni_tfnbs,"e=0.8,h=7.0,n=30,start_thres=1.25",hub,0.25,100,2,40,1730,35,0,5,1730,0.875,0.0,1.0,0.0,0.2747695865956219
ni_tfnbs,"e=0.8,h=8.0,n=30,start_thres=1.25",hub,0.25,100,2,40,1730,35,0,5,1730,0.875,0.0,1.0,0.0,0.2747695865956219
ni_tfnbs,"e=0.8,h=9.0,n=30,start_thres=1.25",hub,0.25,100,2,40,1730,35,0,5,1730,0.875,0.0,1.0,0.0,0.2747695865956219
ni_tfnbs,"e=0.8,h=10.0,n=30,start_thres=1.25",hub,0.25,100,2,40,1730,33,0,7,1730,0.825,0.0,1.0,0.0,0.2747695865956219
ni_tfnbs,"e=0.9,h=0.5,n=30,start_thres=1.25",hub,0.25,100,2,40,1730,38,0,2,1730,0.95,0.0,1.0,0.0,0.2747695865956219
ni_tfnbs,"e=0.9,h=1.0,n=30,start_thres=1.25",hub,0.25,100,2,40,1730,38,0,2,1730,0.95,0.0,1.0,0.0,0.2747695865956219
ni_tfnbs,"e=0.9,h=2.0,n=30,start_thres=1.25",hub,0.25,100,2,40,1730,38,0,2,1730,0.95,0.0,1.0,0.0,0.2747695865956219
ni_tfnbs,"e=0.9,h=3.0,n=30,start_thres=1.25",hub,0.25,100,2,40,1730,38,0,2,1730,0.95,0.0,1.0,0.0,0.2747695865956219
ni_tfnbs,"e=0.9,h=4.0,n=30,start_thres=1.25",hub,0.25,100,2,40,1730,38,0,2,1730,0.95,0.0,1.0,0.0,0.2747695865956219
ni_tfnbs,"e=0.9,h=5.0,n=30,start_thres=1.25",hub,0.25,100,2,40,1730,38,0,2,1730,0.95,0.0,1.0,0.0,0.2747695865956219
ni_tfnbs,"e=0.9,h=6.0,n=30,start_thres=1.25",hub,0.25,100,2,40,1730,38,0,2,1730,0.95,0.0,1.0,0.0,0.2747695865956219
ni_tfnbs,"e=0.9,h=7.0,n=30,start_thres=1.25",hub,0.25,100,2,40,1730,38,0,2,1730,0.95,0.0,1.0,0.0,0.2747695865956219
ni_tfnbs,"e=0.9,h=8.0,n=30,start_thres=1.25",hub,0.25,100,2,40,1730,35,0,5,1730,0.875,0.0,1.0,0.0,0.2747695865956219
ni_tfnbs,"e=0.9,h=9.0,n=30,start_thres=1.25",hub,0.25,100,2,40,1730,35,0,5,1730,0.875,0.0,1.0,0.0,0.2747695865956219
ni_tfnbs,"e=0.9,h=10.0,n=30,start_thres=1.25",hub,0.25,100,2,40,1730,35,0,5,1730,0.875,0.0,1.0,0.0,0.2747695865956219
ni_tfnbs,"e=1.0,h=0.5,n=30,start_thres=1.25",hub,0.25,100,2,40,1730,38,0,2,1730,0.95,0.0,1.0,0.0,0.2747695865956219
ni_tfnbs,"e=1.0,h=1.0,n=30,start_thres=1.25",hub,0.25,100,2,40,1730,38,0,2,1730,0.95,0.0,1.0,0.0,0.2747695865956219
ni_tfnbs,"e=1.0,h=2.0,n=30,start_thres=1.25",hub,0.25,100,2,40,1730,38,0,2,1730,0.95,0.0,1.0,0.0,0.2747695865956219
ni_tfnbs,"e=1.0,h=3.0,n=30,start_thres=1.25",hub,0.25,100,2,40,1730,38,0,2,1730,0.95,0.0,1.0,0.0,0.2747695865956219
ni_tfnbs,"e=1.0,h=4.0,n=30,start_thres=1.25",hub,0.25,100,2,40,1730,38,0,2,1730,0.95,0.0,1.0,0.0,0.2747695865956219
ni_tfnbs,"e=1.0,h=5.0,n=30,start_thres=1.25",hub,0.25,100,2,40,1730,38,0,2,1730,0.95,0.0,1.0,0.0,0.2747695865956219
ni_tfnbs,"e=1.0,h=6.0,n=30,start_thres=1.25",hub,0.25,100,2,40,1730,38,0,2,1730,0.95,0.0,1.0,0.0,0.2747695865956219
ni_tfnbs,"e=1.0,h=7.0,n=30,start_thres=1.25",hub,0.25,100,2,40,1730,38,0,2,1730,0.95,0.0,1.0,0.0,0.2747695865956219
ni_tfnbs,"e=1.0,h=8.0,n=30,start_thres=1.25",hub,0.25,100,2,40,1730,38,0,2,1730,0.95,0.0,1.0,0.0,0.2747695865956219
ni_tfnbs,"e=1.0,h=9.0,n=30,start_thres=1.25",hub,0.25,100,2,40,1730,35,0,5,1730,0.875,0.0,1.0,0.0,0.2747695865956219
ni_tfnbs,"e=1.0,h=10.0,n=30,start_thres=1.25",hub,0.25,100,2,40,1730,35,0,5,1730,0.875,0.0,1.0,0.0,0.2747695865956219
ni_tfnbs,"e=1.1,h=0.5,n=30,start_thres=1.25",hub,0.25,100,2,40,1730,38,0,2,1730,0.95,0.0,1.0,0.0,0.2747695865956219
ni_tfnbs,"e=1.1,h=1.0,n=30,start_thres=1.25",hub,0.25,100,2,40,1730,38,0,2,1730,0.95,0.0,1.0,0.0,0.2747695865956219
ni_tfnbs,"e=1.1,h=2.0,n=30,start_thres=1.25",hub,0.25,100,2,40,1730,38,0,2,1730,0.95,0.0,1.0,0.0,0.2747695865956219
ni_tfnbs,"e=1.1,h=3.0,n=30,start_thres=1.25",hub,0.25,100,2,40,1730,38,0,2,1730,0.95,0.0,1.0,0.0,0.2747695865956219
ni_tfnbs,"e=1.1,h=4.0,n=30,start_thres=1.25",hub,0.25,100,2,40,1730,38,0,2,1730,0.95,0.0,1.0,0.0,0.2747695865956219
ni_tfnbs,"e=1.1,h=5.0,n=30,start_thres=1.25",hub,0.25,100,2,40,1730,38,0,2,1730,0.95,0.0,1.0,0.0,0.2747695865956219
ni_tfnbs,"e=1.1,h=6.0,n=30,start_thres=1.25",hub,0.25,100,2,40,1730,38,0,2,1730,0.95,0.0,1.0,0.0,0.2747695865956219
ni_tfnbs,"e=1.1,h=7.0,n=30,start_thres=1.25",hub,0.25,100,2,40,1730,38,0,2,1730,0.95,0.0,1.0,0.0,0.2747695865956219
ni_tfnbs,"e=1.1,h=8.0,n=30,start_thres=1.25",hub,0.25,100,2,40,1730,38,0,2,1730,0.95,0.0,1.0,0.0,0.2747695865956219
ni_tfnbs,"e=1.1,h=9.0,n=30,start_thres=1.25",hub,0.25,100,2,40,1730,38,0,2,1730,0.95,0.0,1.0,0.0,0.2747695865956219
ni_tfnbs,"e=1.1,h=10.0,n=30,start_thres=1.25",hub,0.25,100,2,40,1730,37,0,3,1730,0.925,0.0,1.0,0.0,0.2747695865956219
ni_tfnbs,"e=1.2,h=0.5,n=30,start_thres=1.25",hub,0.25,100,2,40,1730,38,1,2,1729,0.95,0.0005780346820809,0.9743589743589745,0.0256410256410256,0.2747695865956219
ni_tfnbs,"e=1.2,h=1.0,n=30,start_thres=1.25",hub,0.25,100,2,40,1730,38,0,2,1730,0.95,0.0,1.0,0.0,0.2747695865956219
ni_tfnbs,"e=1.2,h=2.0,n=30,start_thres=1.25",hub,0.25,100,2,40,1730,38,0,2,1730,0.95,0.0,1.0,0.0,0.2747695865956219
ni_tfnbs,"e=1.2,h=3.0,n=30,start_thres=1.25",hub,0.25,100,2,40,1730,38,0,2,1730,0.95,0.0,1.0,0.0,0.2747695865956219
ni_tfnbs,"e=1.2,h=4.0,n=30,start_thres=1.25",hub,0.25,100,2,40,1730,38,0,2,1730,0.95,0.0,1.0,0.0,0.2747695865956219
ni_tfnbs,"e=1.2,h=5.0,n=30,start_thres=1.25",hub,0.25,100,2,40,1730,38,0,2,1730,0.95,0.0,1.0,0.0,0.2747695865956219
ni_tfnbs,"e=1.2,h=6.0,n=30,start_thres=1.25",hub,0.25,100,2,40,1730,38,0,2,1730,0.95,0.0,1.0,0.0,0.2747695865956219
ni_tfnbs,"e=1.2,h=7.0,n=30,start_thres=1.25",hub,0.25,100,2,40,1730,38,0,2,1730,0.95,0.0,1.0,0.0,0.2747695865956219
ni_tfnbs,"e=1.2,h=8.0,n=30,start_thres=1.25",hub,0.25,100,2,40,1730,38,0,2,1730,0.95,0.0,1.0,0.0,0.2747695865956219
ni_tfnbs,"e=1.2,h=9.0,n=30,start_thres=1.25",hub,0.25,100,2,40,1730,38,0,2,1730,0.95,0.0,1.0,0.0,0.2747695865956219
ni_tfnbs,"e=1.2,h=10.0,n=30,start_thres=1.25",hub,0.25,100,2,40,1730,38,0,2,1730,0.95,0.0,1.0,0.0,0.2747695865956219
ni_tfnbs,"e=1.3,h=0.5,n=30,start_thres=1.25",hub,0.25,100,2,40,1730,38,5,2,1725,0.95,0.0028901734104046,0.8837209302325582,0.1162790697674418,0.2747695865956219
ni_tfnbs,"e=1.3,h=1.0,n=30,start_thres=1.25",hub,0.25,100,2,40,1730,38,2,2,1728,0.95,0.0011560693641618,0.95,0.05,0.2747695865956219
ni_tfnbs,"e=1.3,h=2.0,n=30,start_thres=1.25",hub,0.25,100,2,40,1730,38,1,2,1729,0.95,0.0005780346820809,0.9743589743589745,0.0256410256410256,0.2747695865956219
ni_tfnbs,"e=1.3,h=3.0,n=30,start_thres=1.25",hub,0.25,100,2,40,1730,38,0,2,1730,0.95,0.0,1.0,0.0,0.2747695865956219
ni_tfnbs,"e=1.3,h=4.0,n=30,start_thres=1.25",hub,0.25,100,2,40,1730,38,0,2,1730,0.95,0.0,1.0,0.0,0.2747695865956219
ni_tfnbs,"e=1.3,h=5.0,n=30,start_thres=1.25",hub,0.25,100,2,40,1730,38,0,2,1730,0.95,0.0,1.0,0.0,0.2747695865956219
ni_tfnbs,"e=1.3,h=6.0,n=30,start_thres=1.25",hub,0.25,100,2,40,1730,38,0,2,1730,0.95,0.0,1.0,0.0,0.2747695865956219
ni_tfnbs,"e=1.3,h=7.0,n=30,start_thres=1.25",hub,0.25,100,2,40,1730,38,0,2,1730,0.95,0.0,1.0,0.0,0.2747695865956219
ni_tfnbs,"e=1.3,h=8.0,n=30,start_thres=1.25",hub,0.25,100,2,40,1730,38,0,2,1730,0.95,0.0,1.0,0.0,0.2747695865956219
ni_tfnbs,"e=1.3,h=9.0,n=30,start_thres=1.25",hub,0.25,100,2,40,1730,38,0,2,1730,0.95,0.0,1.0,0.0,0.2747695865956219
ni_tfnbs,"e=1.3,h=10.0,n=30,start_thres=1.25",hub,0.25,100,2,40,1730,38,0,2,1730,0.95,0.0,1.0,0.0,0.2747695865956219
ni_tfnbs,"e=1.4,h=0.5,n=30,start_thres=1.25",hub,0.25,100,2,40,1730,38,5,2,1725,0.95,0.0028901734104046,0.8837209302325582,0.1162790697674418,0.2747695865956219
ni_tfnbs,"e=1.4,h=1.0,n=30,start_thres=1.25",hub,0.25,100,2,40,1730,38,5,2,1725,0.95,0.0028901734104046,0.8837209302325582,0.1162790697674418,0.2747695865956219
ni_tfnbs,"e=1.4,h=2.0,n=30,start_thres=1.25",hub,0.25,100,2,40,1730,38,2,2,1728,0.95,0.0011560693641618,0.95,0.05,0.2747695865956219
ni_tfnbs,"e=1.4,h=3.0,n=30,start_thres=1.25",hub,0.25,100,2,40,1730,38,0,2,1730,0.95,0.0,1.0,0.0,0.2747695865956219
ni_tfnbs,"e=1.4,h=4.0,n=30,start_thres=1.25",hub,0.25,100,2,40,1730,38,0,2,1730,0.95,0.0,1.0,0.0,0.2747695865956219
ni_tfnbs,"e=1.4,h=5.0,n=30,start_thres=1.25",hub,0.25,100,2,40,1730,38,0,2,1730,0.95,0.0,1.0,0.0,0.2747695865956219
ni_tfnbs,"e=1.4,h=6.0,n=30,start_thres=1.25",hub,0.25,100,2,40,1730,38,0,2,1730,0.95,0.0,1.0,0.0,0.2747695865956219
ni_tfnbs,"e=1.4,h=7.0,n=30,start_thres=1.25",hub,0.25,100,2,40,1730,38,0,2,1730,0.95,0.0,1.0,0.0,0.2747695865956219
ni_tfnbs,"e=1.4,h=8.0,n=30,start_thres=1.25",hub,0.25,100,2,40,1730,38,0,2,1730,0.95,0.0,1.0,0.0,0.2747695865956219
ni_tfnbs,"e=1.4,h=9.0,n=30,start_thres=1.25",hub,0.25,100,2,40,1730,38,0,2,1730,0.95,0.0,1.0,0.0,0.2747695865956219
ni_tfnbs,"e=1.4,h=10.0,n=30,start_thres=1.25",hub,0.25,100,2,40,1730,38,0,2,1730,0.95,0.0,1.0,0.0,0.2747695865956219
ni_tfnbs,"e=1.5,h=0.5,n=30,start_thres=1.25",hub,0.25,100,2,40,1730,38,8,2,1722,0.95,0.0046242774566473,0.8260869565217391,0.1739130434782608,0.2747695865956219
ni_tfnbs,"e=1.5,h=1.0,n=30,start_thres=1.25",hub,0.25,100,2,40,1730,38,8,2,1722,0.95,0.0046242774566473,0.8260869565217391,0.1739130434782608,0.2747695865956219
ni_tfnbs,"e=1.5,h=2.0,n=30,start_thres=1.25",hub,0.25,100,2,40,1730,38,5,2,1725,0.95,0.0028901734104046,0.8837209302325582,0.1162790697674418,0.2747695865956219
ni_tfnbs,"e=1.5,h=3.0,n=30,start_thres=1.25",hub,0.25,100,2,40,1730,39,5,1,1725,0.975,0.0028901734104046,0.8863636363636364,0.1136363636363636,0.2747695865956219
ni_tfnbs,"e=1.5,h=4.0,n=30,start_thres=1.25",hub,0.25,100,2,40,1730,39,0,1,1730,0.975,0.0,1.0,0.0,0.2747695865956219
ni_tfnbs,"e=1.5,h=5.0,n=30,start_thres=1.25",hub,0.25,100,2,40,1730,38,0,2,1730,0.95,0.0,1.0,0.0,0.2747695865956219
ni_tfnbs,"e=1.5,h=6.0,n=30,start_thres=1.25",hub,0.25,100,2,40,1730,38,0,2,1730,0.95,0.0,1.0,0.0,0.2747695865956219
ni_tfnbs,"e=1.5,h=7.0,n=30,start_thres=1.25",hub,0.25,100,2,40,1730,38,0,2,1730,0.95,0.0,1.0,0.0,0.2747695865956219
ni_tfnbs,"e=1.5,h=8.0,n=30,start_thres=1.25",hub,0.25,100,2,40,1730,38,0,2,1730,0.95,0.0,1.0,0.0,0.2747695865956219
ni_tfnbs,"e=1.5,h=9.0,n=30,start_thres=1.25",hub,0.25,100,2,40,1730,38,0,2,1730,0.95,0.0,1.0,0.0,0.2747695865956219
ni_tfnbs,"e=1.5,h=10.0,n=30,start_thres=1.25",hub,0.25,100,2,40,1730,38,0,2,1730,0.95,0.0,1.0,0.0,0.2747695865956219
ni_tfnbs,"e=0.05,h=0.5,n=30,start_thres=1.25",hub,0.25,100,4,40,1730,34,0,6,1730,0.85,0.0,1.0,0.0,0.2608604783361608
ni_tfnbs,"e=0.05,h=1.0,n=30,start_thres=1.25",hub,0.25,100,4,40,1730,34,0,6,1730,0.85,0.0,1.0,0.0,0.2608604783361608
ni_tfnbs,"e=0.05,h=2.0,n=30,start_thres=1.25",hub,0.25,100,4,40,1730,34,0,6,1730,0.85,0.0,1.0,0.0,0.2608604783361608
ni_tfnbs,"e=0.05,h=3.0,n=30,start_thres=1.25",hub,0.25,100,4,40,1730,34,0,6,1730,0.85,0.0,1.0,0.0,0.2608604783361608
ni_tfnbs,"e=0.05,h=4.0,n=30,start_thres=1.25",hub,0.25,100,4,40,1730,34,0,6,1730,0.85,0.0,1.0,0.0,0.2608604783361608
ni_tfnbs,"e=0.05,h=5.0,n=30,start_thres=1.25",hub,0.25,100,4,40,1730,34,0,6,1730,0.85,0.0,1.0,0.0,0.2608604783361608
ni_tfnbs,"e=0.05,h=6.0,n=30,start_thres=1.25",hub,0.25,100,4,40,1730,34,0,6,1730,0.85,0.0,1.0,0.0,0.2608604783361608
ni_tfnbs,"e=0.05,h=7.0,n=30,start_thres=1.25",hub,0.25,100,4,40,1730,32,0,8,1730,0.8,0.0,1.0,0.0,0.2608604783361608
ni_tfnbs,"e=0.05,h=8.0,n=30,start_thres=1.25",hub,0.25,100,4,40,1730,30,0,10,1730,0.75,0.0,1.0,0.0,0.2608604783361608
ni_tfnbs,"e=0.05,h=9.0,n=30,start_thres=1.25",hub,0.25,100,4,40,1730,30,0,10,1730,0.75,0.0,1.0,0.0,0.2608604783361608
ni_tfnbs,"e=0.05,h=10.0,n=30,start_thres=1.25",hub,0.25,100,4,40,1730,30,0,10,1730,0.75,0.0,1.0,0.0,0.2608604783361608
ni_tfnbs,"e=0.1,h=0.5,n=30,start_thres=1.25",hub,0.25,100,4,40,1730,36,0,4,1730,0.9,0.0,1.0,0.0,0.2608604783361608
ni_tfnbs,"e=0.1,h=1.0,n=30,start_thres=1.25",hub,0.25,100,4,40,1730,34,0,6,1730,0.85,0.0,1.0,0.0,0.2608604783361608
ni_tfnbs,"e=0.1,h=2.0,n=30,start_thres=1.25",hub,0.25,100,4,40,1730,34,0,6,1730,0.85,0.0,1.0,0.0,0.2608604783361608
ni_tfnbs,"e=0.1,h=3.0,n=30,start_thres=1.25",hub,0.25,100,4,40,1730,34,0,6,1730,0.85,0.0,1.0,0.0,0.2608604783361608
ni_tfnbs,"e=0.1,h=4.0,n=30,start_thres=1.25",hub,0.25,100,4,40,1730,34,0,6,1730,0.85,0.0,1.0,0.0,0.2608604783361608
ni_tfnbs,"e=0.1,h=5.0,n=30,start_thres=1.25",hub,0.25,100,4,40,1730,34,0,6,1730,0.85,0.0,1.0,0.0,0.2608604783361608
ni_tfnbs,"e=0.1,h=6.0,n=30,start_thres=1.25",hub,0.25,100,4,40,1730,34,0,6,1730,0.85,0.0,1.0,0.0,0.2608604783361608
ni_tfnbs,"e=0.1,h=7.0,n=30,start_thres=1.25",hub,0.25,100,4,40,1730,34,0,6,1730,0.85,0.0,1.0,0.0,0.2608604783361608
ni_tfnbs,"e=0.1,h=8.0,n=30,start_thres=1.25",hub,0.25,100,4,40,1730,34,0,6,1730,0.85,0.0,1.0,0.0,0.2608604783361608
ni_tfnbs,"e=0.1,h=9.0,n=30,start_thres=1.25",hub,0.25,100,4,40,1730,34,0,6,1730,0.85,0.0,1.0,0.0,0.2608604783361608
ni_tfnbs,"e=0.1,h=10.0,n=30,start_thres=1.25",hub,0.25,100,4,40,1730,34,0,6,1730,0.85,0.0,1.0,0.0,0.2608604783361608
ni_tfnbs,"e=0.2,h=0.5,n=30,start_thres=1.25",hub,0.25,100,4,40,1730,37,1,3,1729,0.925,0.0005780346820809,0.9736842105263158,0.0263157894736842,0.2608604783361608
ni_tfnbs,"e=0.2,h=1.0,n=30,start_thres=1.25",hub,0.25,100,4,40,1730,37,0,3,1730,0.925,0.0,1.0,0.0,0.2608604783361608
ni_tfnbs,"e=0.2,h=2.0,n=30,start_thres=1.25",hub,0.25,100,4,40,1730,37,0,3,1730,0.925,0.0,1.0,0.0,0.2608604783361608
ni_tfnbs,"e=0.2,h=3.0,n=30,start_thres=1.25",hub,0.25,100,4,40,1730,37,0,3,1730,0.925,0.0,1.0,0.0,0.2608604783361608
ni_tfnbs,"e=0.2,h=4.0,n=30,start_thres=1.25",hub,0.25,100,4,40,1730,37,0,3,1730,0.925,0.0,1.0,0.0,0.2608604783361608
ni_tfnbs,"e=0.2,h=5.0,n=30,start_thres=1.25",hub,0.25,100,4,40,1730,37,0,3,1730,0.925,0.0,1.0,0.0,0.2608604783361608
ni_tfnbs,"e=0.2,h=6.0,n=30,start_thres=1.25",hub,0.25,100,4,40,1730,34,0,6,1730,0.85,0.0,1.0,0.0,0.2608604783361608
ni_tfnbs,"e=0.2,h=7.0,n=30,start_thres=1.25",hub,0.25,100,4,40,1730,34,0,6,1730,0.85,0.0,1.0,0.0,0.2608604783361608
ni_tfnbs,"e=0.2,h=8.0,n=30,start_thres=1.25",hub,0.25,100,4,40,1730,34,0,6,1730,0.85,0.0,1.0,0.0,0.2608604783361608
ni_tfnbs,"e=0.2,h=9.0,n=30,start_thres=1.25",hub,0.25,100,4,40,1730,34,0,6,1730,0.85,0.0,1.0,0.0,0.2608604783361608
ni_tfnbs,"e=0.2,h=10.0,n=30,start_thres=1.25",hub,0.25,100,4,40,1730,34,0,6,1730,0.85,0.0,1.0,0.0,0.2608604783361608
ni_tfnbs,"e=0.3,h=0.5,n=30,start_thres=1.25",hub,0.25,100,4,40,1730,37,1,3,1729,0.925,0.0005780346820809,0.9736842105263158,0.0263157894736842,0.2608604783361608
ni_tfnbs,"e=0.3,h=1.0,n=30,start_thres=1.25",hub,0.25,100,4,40,1730,37,1,3,1729,0.925,0.0005780346820809,0.9736842105263158,0.0263157894736842,0.2608604783361608
ni_tfnbs,"e=0.3,h=2.0,n=30,start_thres=1.25",hub,0.25,100,4,40,1730,37,1,3,1729,0.925,0.0005780346820809,0.9736842105263158,0.0263157894736842,0.2608604783361608
ni_tfnbs,"e=0.3,h=3.0,n=30,start_thres=1.25",hub,0.25,100,4,40,1730,37,1,3,1729,0.925,0.0005780346820809,0.9736842105263158,0.0263157894736842,0.2608604783361608
ni_tfnbs,"e=0.3,h=4.0,n=30,start_thres=1.25",hub,0.25,100,4,40,1730,37,0,3,1730,0.925,0.0,1.0,0.0,0.2608604783361608
ni_tfnbs,"e=0.3,h=5.0,n=30,start_thres=1.25",hub,0.25,100,4,40,1730,37,0,3,1730,0.925,0.0,1.0,0.0,0.2608604783361608
ni_tfnbs,"e=0.3,h=6.0,n=30,start_thres=1.25",hub,0.25,100,4,40,1730,37,0,3,1730,0.925,0.0,1.0,0.0,0.2608604783361608
ni_tfnbs,"e=0.3,h=7.0,n=30,start_thres=1.25",hub,0.25,100,4,40,1730,37,0,3,1730,0.925,0.0,1.0,0.0,0.2608604783361608
ni_tfnbs,"e=0.3,h=8.0,n=30,start_thres=1.25",hub,0.25,100,4,40,1730,37,0,3,1730,0.925,0.0,1.0,0.0,0.2608604783361608
ni_tfnbs,"e=0.3,h=9.0,n=30,start_thres=1.25",hub,0.25,100,4,40,1730,34,0,6,1730,0.85,0.0,1.0,0.0,0.2608604783361608
ni_tfnbs,"e=0.3,h=10.0,n=30,start_thres=1.25",hub,0.25,100,4,40,1730,34,0,6,1730,0.85,0.0,1.0,0.0,0.2608604783361608
ni_tfnbs,"e=0.4,h=0.5,n=30,start_thres=1.25",hub,0.25,100,4,40,1730,38,1,2,1729,0.95,0.0005780346820809,0.9743589743589745,0.0256410256410256,0.2608604783361608
ni_tfnbs,"e=0.4,h=1.0,n=30,start_thres=1.25",hub,0.25,100,4,40,1730,37,1,3,1729,0.925,0.0005780346820809,0.9736842105263158,0.0263157894736842,0.2608604783361608
ni_tfnbs,"e=0.4,h=2.0,n=30,start_thres=1.25",hub,0.25,100,4,40,1730,37,1,3,1729,0.925,0.0005780346820809,0.9736842105263158,0.0263157894736842,0.2608604783361608
ni_tfnbs,"e=0.4,h=3.0,n=30,start_thres=1.25",hub,0.25,100,4,40,1730,37,1,3,1729,0.925,0.0005780346820809,0.9736842105263158,0.0263157894736842,0.2608604783361608
ni_tfnbs,"e=0.4,h=4.0,n=30,start_thres=1.25",hub,0.25,100,4,40,1730,37,1,3,1729,0.925,0.0005780346820809,0.9736842105263158,0.0263157894736842,0.2608604783361608
ni_tfnbs,"e=0.4,h=5.0,n=30,start_thres=1.25",hub,0.25,100,4,40,1730,37,1,3,1729,0.925,0.0005780346820809,0.9736842105263158,0.0263157894736842,0.2608604783361608
ni_tfnbs,"e=0.4,h=6.0,n=30,start_thres=1.25",hub,0.25,100,4,40,1730,37,0,3,1730,0.925,0.0,1.0,0.0,0.2608604783361608
ni_tfnbs,"e=0.4,h=7.0,n=30,start_thres=1.25",hub,0.25,100,4,40,1730,37,0,3,1730,0.925,0.0,1.0,0.0,0.2608604783361608
ni_tfnbs,"e=0.4,h=8.0,n=30,start_thres=1.25",hub,0.25,100,4,40,1730,37,0,3,1730,0.925,0.0,1.0,0.0,0.2608604783361608
ni_tfnbs,"e=0.4,h=9.0,n=30,start_thres=1.25",hub,0.25,100,4,40,1730,37,0,3,1730,0.925,0.0,1.0,0.0,0.2608604783361608
ni_tfnbs,"e=0.4,h=10.0,n=30,start_thres=1.25",hub,0.25,100,4,40,1730,37,0,3,1730,0.925,0.0,1.0,0.0,0.2608604783361608
ni_tfnbs,"e=0.5,h=0.5,n=30,start_thres=1.25",hub,0.25,100,4,40,1730,38,2,2,1728,0.95,0.0011560693641618,0.95,0.05,0.2608604783361608
ni_tfnbs,"e=0.5,h=1.0,n=30,start_thres=1.25",hub,0.25,100,4,40,1730,38,1,2,1729,0.95,0.0005780346820809,0.9743589743589745,0.0256410256410256,0.2608604783361608
ni_tfnbs,"e=0.5,h=2.0,n=30,start_thres=1.25",hub,0.25,100,4,40,1730,38,1,2,1729,0.95,0.0005780346820809,0.9743589743589745,0.0256410256410256,0.2608604783361608
ni_tfnbs,"e=0.5,h=3.0,n=30,start_thres=1.25",hub,0.25,100,4,40,1730,37,1,3,1729,0.925,0.0005780346820809,0.9736842105263158,0.0263157894736842,0.2608604783361608
ni_tfnbs,"e=0.5,h=4.0,n=30,start_thres=1.25",hub,0.25,100,4,40,1730,37,1,3,1729,0.925,0.0005780346820809,0.9736842105263158,0.0263157894736842,0.2608604783361608
ni_tfnbs,"e=0.5,h=5.0,n=30,start_thres=1.25",hub,0.25,100,4,40,1730,37,1,3,1729,0.925,0.0005780346820809,0.9736842105263158,0.0263157894736842,0.2608604783361608
ni_tfnbs,"e=0.5,h=6.0,n=30,start_thres=1.25",hub,0.25,100,4,40,1730,37,1,3,1729,0.925,0.0005780346820809,0.9736842105263158,0.0263157894736842,0.2608604783361608
ni_tfnbs,"e=0.5,h=7.0,n=30,start_thres=1.25",hub,0.25,100,4,40,1730,37,1,3,1729,0.925,0.0005780346820809,0.9736842105263158,0.0263157894736842,0.2608604783361608
ni_tfnbs,"e=0.5,h=8.0,n=30,start_thres=1.25",hub,0.25,100,4,40,1730,37,0,3,1730,0.925,0.0,1.0,0.0,0.2608604783361608
ni_tfnbs,"e=0.5,h=9.0,n=30,start_thres=1.25",hub,0.25,100,4,40,1730,37,0,3,1730,0.925,0.0,1.0,0.0,0.2608604783361608
ni_tfnbs,"e=0.5,h=10.0,n=30,start_thres=1.25",hub,0.25,100,4,40,1730,37,0,3,1730,0.925,0.0,1.0,0.0,0.2608604783361608
ni_tfnbs,"e=0.6,h=0.5,n=30,start_thres=1.25",hub,0.25,100,4,40,1730,38,2,2,1728,0.95,0.0011560693641618,0.95,0.05,0.2608604783361608
ni_tfnbs,"e=0.6,h=1.0,n=30,start_thres=1.25",hub,0.25,100,4,40,1730,38,2,2,1728,0.95,0.0011560693641618,0.95,0.05,0.2608604783361608
ni_tfnbs,"e=0.6,h=2.0,n=30,start_thres=1.25",hub,0.25,100,4,40,1730,38,2,2,1728,0.95,0.0011560693641618,0.95,0.05,0.2608604783361608
ni_tfnbs,"e=0.6,h=3.0,n=30,start_thres=1.25",hub,0.25,100,4,40,1730,38,1,2,1729,0.95,0.0005780346820809,0.9743589743589745,0.0256410256410256,0.2608604783361608
ni_tfnbs,"e=0.6,h=4.0,n=30,start_thres=1.25",hub,0.25,100,4,40,1730,37,1,3,1729,0.925,0.0005780346820809,0.9736842105263158,0.0263157894736842,0.2608604783361608
ni_tfnbs,"e=0.6,h=5.0,n=30,start_thres=1.25",hub,0.25,100,4,40,1730,37,1,3,1729,0.925,0.0005780346820809,0.9736842105263158,0.0263157894736842,0.2608604783361608
ni_tfnbs,"e=0.6,h=6.0,n=30,start_thres=1.25",hub,0.25,100,4,40,1730,37,1,3,1729,0.925,0.0005780346820809,0.9736842105263158,0.0263157894736842,0.2608604783361608
ni_tfnbs,"e=0.6,h=7.0,n=30,start_thres=1.25",hub,0.25,100,4,40,1730,37,1,3,1729,0.925,0.0005780346820809,0.9736842105263158,0.0263157894736842,0.2608604783361608
ni_tfnbs,"e=0.6,h=8.0,n=30,start_thres=1.25",hub,0.25,100,4,40,1730,37,1,3,1729,0.925,0.0005780346820809,0.9736842105263158,0.0263157894736842,0.2608604783361608
ni_tfnbs,"e=0.6,h=9.0,n=30,start_thres=1.25",hub,0.25,100,4,40,1730,37,1,3,1729,0.925,0.0005780346820809,0.9736842105263158,0.0263157894736842,0.2608604783361608
ni_tfnbs,"e=0.6,h=10.0,n=30,start_thres=1.25",hub,0.25,100,4,40,1730,37,0,3,1730,0.925,0.0,1.0,0.0,0.2608604783361608
ni_tfnbs,"e=0.7,h=0.5,n=30,start_thres=1.25",hub,0.25,100,4,40,1730,38,2,2,1728,0.95,0.0011560693641618,0.95,0.05,0.2608604783361608
ni_tfnbs,"e=0.7,h=1.0,n=30,start_thres=1.25",hub,0.25,100,4,40,1730,38,2,2,1728,0.95,0.0011560693641618,0.95,0.05,0.2608604783361608
ni_tfnbs,"e=0.7,h=2.0,n=30,start_thres=1.25",hub,0.25,100,4,40,1730,38,2,2,1728,0.95,0.0011560693641618,0.95,0.05,0.2608604783361608
ni_tfnbs,"e=0.7,h=3.0,n=30,start_thres=1.25",hub,0.25,100,4,40,1730,38,2,2,1728,0.95,0.0011560693641618,0.95,0.05,0.2608604783361608
ni_tfnbs,"e=0.7,h=4.0,n=30,start_thres=1.25",hub,0.25,100,4,40,1730,38,1,2,1729,0.95,0.0005780346820809,0.9743589743589745,0.0256410256410256,0.2608604783361608
ni_tfnbs,"e=0.7,h=5.0,n=30,start_thres=1.25",hub,0.25,100,4,40,1730,37,1,3,1729,0.925,0.0005780346820809,0.9736842105263158,0.0263157894736842,0.2608604783361608
ni_tfnbs,"e=0.7,h=6.0,n=30,start_thres=1.25",hub,0.25,100,4,40,1730,37,1,3,1729,0.925,0.0005780346820809,0.9736842105263158,0.0263157894736842,0.2608604783361608
ni_tfnbs,"e=0.7,h=7.0,n=30,start_thres=1.25",hub,0.25,100,4,40,1730,37,1,3,1729,0.925,0.0005780346820809,0.9736842105263158,0.0263157894736842,0.2608604783361608
ni_tfnbs,"e=0.7,h=8.0,n=30,start_thres=1.25",hub,0.25,100,4,40,1730,37,1,3,1729,0.925,0.0005780346820809,0.9736842105263158,0.0263157894736842,0.2608604783361608
ni_tfnbs,"e=0.7,h=9.0,n=30,start_thres=1.25",hub,0.25,100,4,40,1730,37,1,3,1729,0.925,0.0005780346820809,0.9736842105263158,0.0263157894736842,0.2608604783361608
ni_tfnbs,"e=0.7,h=10.0,n=30,start_thres=1.25",hub,0.25,100,4,40,1730,37,1,3,1729,0.925,0.0005780346820809,0.9736842105263158,0.0263157894736842,0.2608604783361608
ni_tfnbs,"e=0.8,h=0.5,n=30,start_thres=1.25",hub,0.25,100,4,40,1730,38,2,2,1728,0.95,0.0011560693641618,0.95,0.05,0.2608604783361608
ni_tfnbs,"e=0.8,h=1.0,n=30,start_thres=1.25",hub,0.25,100,4,40,1730,38,2,2,1728,0.95,0.0011560693641618,0.95,0.05,0.2608604783361608
ni_tfnbs,"e=0.8,h=2.0,n=30,start_thres=1.25",hub,0.25,100,4,40,1730,38,2,2,1728,0.95,0.0011560693641618,0.95,0.05,0.2608604783361608
ni_tfnbs,"e=0.8,h=3.0,n=30,start_thres=1.25",hub,0.25,100,4,40,1730,38,2,2,1728,0.95,0.0011560693641618,0.95,0.05,0.2608604783361608
ni_tfnbs,"e=0.8,h=4.0,n=30,start_thres=1.25",hub,0.25,100,4,40,1730,38,2,2,1728,0.95,0.0011560693641618,0.95,0.05,0.2608604783361608
ni_tfnbs,"e=0.8,h=5.0,n=30,start_thres=1.25",hub,0.25,100,4,40,1730,38,1,2,1729,0.95,0.0005780346820809,0.9743589743589745,0.0256410256410256,0.2608604783361608
ni_tfnbs,"e=0.8,h=6.0,n=30,start_thres=1.25",hub,0.25,100,4,40,1730,37,1,3,1729,0.925,0.0005780346820809,0.9736842105263158,0.0263157894736842,0.2608604783361608
ni_tfnbs,"e=0.8,h=7.0,n=30,start_thres=1.25",hub,0.25,100,4,40,1730,37,1,3,1729,0.925,0.0005780346820809,0.9736842105263158,0.0263157894736842,0.2608604783361608
ni_tfnbs,"e=0.8,h=8.0,n=30,start_thres=1.25",hub,0.25,100,4,40,1730,37,1,3,1729,0.925,0.0005780346820809,0.9736842105263158,0.0263157894736842,0.2608604783361608
ni_tfnbs,"e=0.8,h=9.0,n=30,start_thres=1.25",hub,0.25,100,4,40,1730,37,1,3,1729,0.925,0.0005780346820809,0.9736842105263158,0.0263157894736842,0.2608604783361608
ni_tfnbs,"e=0.8,h=10.0,n=30,start_thres=1.25",hub,0.25,100,4,40,1730,37,1,3,1729,0.925,0.0005780346820809,0.9736842105263158,0.0263157894736842,0.2608604783361608
ni_tfnbs,"e=0.9,h=0.5,n=30,start_thres=1.25",hub,0.25,100,4,40,1730,38,4,2,1726,0.95,0.0023121387283236,0.9047619047619048,0.0952380952380952,0.2608604783361608
ni_tfnbs,"e=0.9,h=1.0,n=30,start_thres=1.25",hub,0.25,100,4,40,1730,38,4,2,1726,0.95,0.0023121387283236,0.9047619047619048,0.0952380952380952,0.2608604783361608
ni_tfnbs,"e=0.9,h=2.0,n=30,start_thres=1.25",hub,0.25,100,4,40,1730,38,3,2,1727,0.95,0.0017341040462427,0.926829268292683,0.073170731707317,0.2608604783361608
ni_tfnbs,"e=0.9,h=3.0,n=30,start_thres=1.25",hub,0.25,100,4,40,1730,38,2,2,1728,0.95,0.0011560693641618,0.95,0.05,0.2608604783361608
ni_tfnbs,"e=0.9,h=4.0,n=30,start_thres=1.25",hub,0.25,100,4,40,1730,38,2,2,1728,0.95,0.0011560693641618,0.95,0.05,0.2608604783361608
ni_tfnbs,"e=0.9,h=5.0,n=30,start_thres=1.25",hub,0.25,100,4,40,1730,38,2,2,1728,0.95,0.0011560693641618,0.95,0.05,0.2608604783361608
ni_tfnbs,"e=0.9,h=6.0,n=30,start_thres=1.25",hub,0.25,100,4,40,1730,38,1,2,1729,0.95,0.0005780346820809,0.9743589743589745,0.0256410256410256,0.2608604783361608
ni_tfnbs,"e=0.9,h=7.0,n=30,start_thres=1.25",hub,0.25,100,4,40,1730,37,1,3,1729,0.925,0.0005780346820809,0.9736842105263158,0.0263157894736842,0.2608604783361608
ni_tfnbs,"e=0.9,h=8.0,n=30,start_thres=1.25",hub,0.25,100,4,40,1730,37,1,3,1729,0.925,0.0005780346820809,0.9736842105263158,0.0263157894736842,0.2608604783361608
ni_tfnbs,"e=0.9,h=9.0,n=30,start_thres=1.25",hub,0.25,100,4,40,1730,37,1,3,1729,0.925,0.0005780346820809,0.9736842105263158,0.0263157894736842,0.2608604783361608
ni_tfnbs,"e=0.9,h=10.0,n=30,start_thres=1.25",hub,0.25,100,4,40,1730,37,1,3,1729,0.925,0.0005780346820809,0.9736842105263158,0.0263157894736842,0.2608604783361608
ni_tfnbs,"e=1.0,h=0.5,n=30,start_thres=1.25",hub,0.25,100,4,40,1730,38,4,2,1726,0.95,0.0023121387283236,0.9047619047619048,0.0952380952380952,0.2608604783361608
ni_tfnbs,"e=1.0,h=1.0,n=30,start_thres=1.25",hub,0.25,100,4,40,1730,38,5,2,1725,0.95,0.0028901734104046,0.8837209302325582,0.1162790697674418,0.2608604783361608
ni_tfnbs,"e=1.0,h=2.0,n=30,start_thres=1.25",hub,0.25,100,4,40,1730,38,5,2,1725,0.95,0.0028901734104046,0.8837209302325582,0.1162790697674418,0.2608604783361608
ni_tfnbs,"e=1.0,h=3.0,n=30,start_thres=1.25",hub,0.25,100,4,40,1730,38,3,2,1727,0.95,0.0017341040462427,0.926829268292683,0.073170731707317,0.2608604783361608
ni_tfnbs,"e=1.0,h=4.0,n=30,start_thres=1.25",hub,0.25,100,4,40,1730,38,2,2,1728,0.95,0.0011560693641618,0.95,0.05,0.2608604783361608
ni_tfnbs,"e=1.0,h=5.0,n=30,start_thres=1.25",hub,0.25,100,4,40,1730,38,2,2,1728,0.95,0.0011560693641618,0.95,0.05,0.2608604783361608
ni_tfnbs,"e=1.0,h=6.0,n=30,start_thres=1.25",hub,0.25,100,4,40,1730,38,2,2,1728,0.95,0.0011560693641618,0.95,0.05,0.2608604783361608
ni_tfnbs,"e=1.0,h=7.0,n=30,start_thres=1.25",hub,0.25,100,4,40,1730,38,1,2,1729,0.95,0.0005780346820809,0.9743589743589745,0.0256410256410256,0.2608604783361608
ni_tfnbs,"e=1.0,h=8.0,n=30,start_thres=1.25",hub,0.25,100,4,40,1730,37,1,3,1729,0.925,0.0005780346820809,0.9736842105263158,0.0263157894736842,0.2608604783361608
ni_tfnbs,"e=1.0,h=9.0,n=30,start_thres=1.25",hub,0.25,100,4,40,1730,37,1,3,1729,0.925,0.0005780346820809,0.9736842105263158,0.0263157894736842,0.2608604783361608
ni_tfnbs,"e=1.0,h=10.0,n=30,start_thres=1.25",hub,0.25,100,4,40,1730,37,1,3,1729,0.925,0.0005780346820809,0.9736842105263158,0.0263157894736842,0.2608604783361608
ni_tfnbs,"e=1.1,h=0.5,n=30,start_thres=1.25",hub,0.25,100,4,40,1730,38,5,2,1725,0.95,0.0028901734104046,0.8837209302325582,0.1162790697674418,0.2608604783361608
ni_tfnbs,"e=1.1,h=1.0,n=30,start_thres=1.25",hub,0.25,100,4,40,1730,38,6,2,1724,0.95,0.0034682080924855,0.8636363636363636,0.1363636363636363,0.2608604783361608
ni_tfnbs,"e=1.1,h=2.0,n=30,start_thres=1.25",hub,0.25,100,4,40,1730,38,5,2,1725,0.95,0.0028901734104046,0.8837209302325582,0.1162790697674418,0.2608604783361608
ni_tfnbs,"e=1.1,h=3.0,n=30,start_thres=1.25",hub,0.25,100,4,40,1730,38,5,2,1725,0.95,0.0028901734104046,0.8837209302325582,0.1162790697674418,0.2608604783361608
ni_tfnbs,"e=1.1,h=4.0,n=30,start_thres=1.25",hub,0.25,100,4,40,1730,38,5,2,1725,0.95,0.0028901734104046,0.8837209302325582,0.1162790697674418,0.2608604783361608
ni_tfnbs,"e=1.1,h=5.0,n=30,start_thres=1.25",hub,0.25,100,4,40,1730,38,2,2,1728,0.95,0.0011560693641618,0.95,0.05,0.2608604783361608
ni_tfnbs,"e=1.1,h=6.0,n=30,start_thres=1.25",hub,0.25,100,4,40,1730,38,2,2,1728,0.95,0.0011560693641618,0.95,0.05,0.2608604783361608
ni_tfnbs,"e=1.1,h=7.0,n=30,start_thres=1.25",hub,0.25,100,4,40,1730,38,2,2,1728,0.95,0.0011560693641618,0.95,0.05,0.2608604783361608
ni_tfnbs,"e=1.1,h=8.0,n=30,start_thres=1.25",hub,0.25,100,4,40,1730,38,1,2,1729,0.95,0.0005780346820809,0.9743589743589745,0.0256410256410256,0.2608604783361608
ni_tfnbs,"e=1.1,h=9.0,n=30,start_thres=1.25",hub,0.25,100,4,40,1730,37,1,3,1729,0.925,0.0005780346820809,0.9736842105263158,0.0263157894736842,0.2608604783361608
ni_tfnbs,"e=1.1,h=10.0,n=30,start_thres=1.25",hub,0.25,100,4,40,1730,37,1,3,1729,0.925,0.0005780346820809,0.9736842105263158,0.0263157894736842,0.2608604783361608
ni_tfnbs,"e=1.2,h=0.5,n=30,start_thres=1.25",hub,0.25,100,4,40,1730,38,5,2,1725,0.95,0.0028901734104046,0.8837209302325582,0.1162790697674418,0.2608604783361608
ni_tfnbs,"e=1.2,h=1.0,n=30,start_thres=1.25",hub,0.25,100,4,40,1730,38,6,2,1724,0.95,0.0034682080924855,0.8636363636363636,0.1363636363636363,0.2608604783361608
ni_tfnbs,"e=1.2,h=2.0,n=30,start_thres=1.25",hub,0.25,100,4,40,1730,38,6,2,1724,0.95,0.0034682080924855,0.8636363636363636,0.1363636363636363,0.2608604783361608
ni_tfnbs,"e=1.2,h=3.0,n=30,start_thres=1.25",hub,0.25,100,4,40,1730,38,5,2,1725,0.95,0.0028901734104046,0.8837209302325582,0.1162790697674418,0.2608604783361608
ni_tfnbs,"e=1.2,h=4.0,n=30,start_thres=1.25",hub,0.25,100,4,40,1730,38,5,2,1725,0.95,0.0028901734104046,0.8837209302325582,0.1162790697674418,0.2608604783361608
ni_tfnbs,"e=1.2,h=5.0,n=30,start_thres=1.25",hub,0.25,100,4,40,1730,38,5,2,1725,0.95,0.0028901734104046,0.8837209302325582,0.1162790697674418,0.2608604783361608
ni_tfnbs,"e=1.2,h=6.0,n=30,start_thres=1.25",hub,0.25,100,4,40,1730,38,2,2,1728,0.95,0.0011560693641618,0.95,0.05,0.2608604783361608
ni_tfnbs,"e=1.2,h=7.0,n=30,start_thres=1.25",hub,0.25,100,4,40,1730,38,2,2,1728,0.95,0.0011560693641618,0.95,0.05,0.2608604783361608
ni_tfnbs,"e=1.2,h=8.0,n=30,start_thres=1.25",hub,0.25,100,4,40,1730,38,2,2,1728,0.95,0.0011560693641618,0.95,0.05,0.2608604783361608
ni_tfnbs,"e=1.2,h=9.0,n=30,start_thres=1.25",hub,0.25,100,4,40,1730,38,1,2,1729,0.95,0.0005780346820809,0.9743589743589745,0.0256410256410256,0.2608604783361608
ni_tfnbs,"e=1.2,h=10.0,n=30,start_thres=1.25",hub,0.25,100,4,40,1730,37,1,3,1729,0.925,0.0005780346820809,0.9736842105263158,0.0263157894736842,0.2608604783361608
ni_tfnbs,"e=1.3,h=0.5,n=30,start_thres=1.25",hub,0.25,100,4,40,1730,38,5,2,1725,0.95,0.0028901734104046,0.8837209302325582,0.1162790697674418,0.2608604783361608
ni_tfnbs,"e=1.3,h=1.0,n=30,start_thres=1.25",hub,0.25,100,4,40,1730,38,5,2,1725,0.95,0.0028901734104046,0.8837209302325582,0.1162790697674418,0.2608604783361608
ni_tfnbs,"e=1.3,h=2.0,n=30,start_thres=1.25",hub,0.25,100,4,40,1730,38,6,2,1724,0.95,0.0034682080924855,0.8636363636363636,0.1363636363636363,0.2608604783361608
ni_tfnbs,"e=1.3,h=3.0,n=30,start_thres=1.25",hub,0.25,100,4,40,1730,38,6,2,1724,0.95,0.0034682080924855,0.8636363636363636,0.1363636363636363,0.2608604783361608
ni_tfnbs,"e=1.3,h=4.0,n=30,start_thres=1.25",hub,0.25,100,4,40,1730,38,5,2,1725,0.95,0.0028901734104046,0.8837209302325582,0.1162790697674418,0.2608604783361608
ni_tfnbs,"e=1.3,h=5.0,n=30,start_thres=1.25",hub,0.25,100,4,40,1730,38,5,2,1725,0.95,0.0028901734104046,0.8837209302325582,0.1162790697674418,0.2608604783361608
ni_tfnbs,"e=1.3,h=6.0,n=30,start_thres=1.25",hub,0.25,100,4,40,1730,38,3,2,1727,0.95,0.0017341040462427,0.926829268292683,0.073170731707317,0.2608604783361608
ni_tfnbs,"e=1.3,h=7.0,n=30,start_thres=1.25",hub,0.25,100,4,40,1730,38,2,2,1728,0.95,0.0011560693641618,0.95,0.05,0.2608604783361608
ni_tfnbs,"e=1.3,h=8.0,n=30,start_thres=1.25",hub,0.25,100,4,40,1730,38,2,2,1728,0.95,0.0011560693641618,0.95,0.05,0.2608604783361608
ni_tfnbs,"e=1.3,h=9.0,n=30,start_thres=1.25",hub,0.25,100,4,40,1730,38,2,2,1728,0.95,0.0011560693641618,0.95,0.05,0.2608604783361608
ni_tfnbs,"e=1.3,h=10.0,n=30,start_thres=1.25",hub,0.25,100,4,40,1730,38,1,2,1729,0.95,0.0005780346820809,0.9743589743589745,0.0256410256410256,0.2608604783361608
ni_tfnbs,"e=1.4,h=0.5,n=30,start_thres=1.25",hub,0.25,100,4,40,1730,38,5,2,1725,0.95,0.0028901734104046,0.8837209302325582,0.1162790697674418,0.2608604783361608
ni_tfnbs,"e=1.4,h=1.0,n=30,start_thres=1.25",hub,0.25,100,4,40,1730,38,5,2,1725,0.95,0.0028901734104046,0.8837209302325582,0.1162790697674418,0.2608604783361608
ni_tfnbs,"e=1.4,h=2.0,n=30,start_thres=1.25",hub,0.25,100,4,40,1730,38,6,2,1724,0.95,0.0034682080924855,0.8636363636363636,0.1363636363636363,0.2608604783361608
ni_tfnbs,"e=1.4,h=3.0,n=30,start_thres=1.25",hub,0.25,100,4,40,1730,38,6,2,1724,0.95,0.0034682080924855,0.8636363636363636,0.1363636363636363,0.2608604783361608
ni_tfnbs,"e=1.4,h=4.0,n=30,start_thres=1.25",hub,0.25,100,4,40,1730,38,6,2,1724,0.95,0.0034682080924855,0.8636363636363636,0.1363636363636363,0.2608604783361608
ni_tfnbs,"e=1.4,h=5.0,n=30,start_thres=1.25",hub,0.25,100,4,40,1730,38,5,2,1725,0.95,0.0028901734104046,0.8837209302325582,0.1162790697674418,0.2608604783361608
ni_tfnbs,"e=1.4,h=6.0,n=30,start_thres=1.25",hub,0.25,100,4,40,1730,38,5,2,1725,0.95,0.0028901734104046,0.8837209302325582,0.1162790697674418,0.2608604783361608
ni_tfnbs,"e=1.4,h=7.0,n=30,start_thres=1.25",hub,0.25,100,4,40,1730,38,3,2,1727,0.95,0.0017341040462427,0.926829268292683,0.073170731707317,0.2608604783361608
ni_tfnbs,"e=1.4,h=8.0,n=30,start_thres=1.25",hub,0.25,100,4,40,1730,38,2,2,1728,0.95,0.0011560693641618,0.95,0.05,0.2608604783361608
ni_tfnbs,"e=1.4,h=9.0,n=30,start_thres=1.25",hub,0.25,100,4,40,1730,38,2,2,1728,0.95,0.0011560693641618,0.95,0.05,0.2608604783361608
ni_tfnbs,"e=1.4,h=10.0,n=30,start_thres=1.25",hub,0.25,100,4,40,1730,38,2,2,1728,0.95,0.0011560693641618,0.95,0.05,0.2608604783361608
ni_tfnbs,"e=1.5,h=0.5,n=30,start_thres=1.25",hub,0.25,100,4,40,1730,38,5,2,1725,0.95,0.0028901734104046,0.8837209302325582,0.1162790697674418,0.2608604783361608
ni_tfnbs,"e=1.5,h=1.0,n=30,start_thres=1.25",hub,0.25,100,4,40,1730,38,5,2,1725,0.95,0.0028901734104046,0.8837209302325582,0.1162790697674418,0.2608604783361608
ni_tfnbs,"e=1.5,h=2.0,n=30,start_thres=1.25",hub,0.25,100,4,40,1730,38,6,2,1724,0.95,0.0034682080924855,0.8636363636363636,0.1363636363636363,0.2608604783361608
ni_tfnbs,"e=1.5,h=3.0,n=30,start_thres=1.25",hub,0.25,100,4,40,1730,38,6,2,1724,0.95,0.0034682080924855,0.8636363636363636,0.1363636363636363,0.2608604783361608
ni_tfnbs,"e=1.5,h=4.0,n=30,start_thres=1.25",hub,0.25,100,4,40,1730,38,6,2,1724,0.95,0.0034682080924855,0.8636363636363636,0.1363636363636363,0.2608604783361608
ni_tfnbs,"e=1.5,h=5.0,n=30,start_thres=1.25",hub,0.25,100,4,40,1730,38,6,2,1724,0.95,0.0034682080924855,0.8636363636363636,0.1363636363636363,0.2608604783361608
ni_tfnbs,"e=1.5,h=6.0,n=30,start_thres=1.25",hub,0.25,100,4,40,1730,38,5,2,1725,0.95,0.0028901734104046,0.8837209302325582,0.1162790697674418,0.2608604783361608
ni_tfnbs,"e=1.5,h=7.0,n=30,start_thres=1.25",hub,0.25,100,4,40,1730,38,5,2,1725,0.95,0.0028901734104046,0.8837209302325582,0.1162790697674418,0.2608604783361608
ni_tfnbs,"e=1.5,h=8.0,n=30,start_thres=1.25",hub,0.25,100,4,40,1730,38,3,2,1727,0.95,0.0017341040462427,0.926829268292683,0.073170731707317,0.2608604783361608
ni_tfnbs,"e=1.5,h=9.0,n=30,start_thres=1.25",hub,0.25,100,4,40,1730,38,2,2,1728,0.95,0.0011560693641618,0.95,0.05,0.2608604783361608
ni_tfnbs,"e=1.5,h=10.0,n=30,start_thres=1.25",hub,0.25,100,4,40,1730,38,2,2,1728,0.95,0.0011560693641618,0.95,0.05,0.2608604783361608
ni_tfnbs,"e=0.05,h=0.5,n=30,start_thres=1.25",hub,0.25,100,5,40,1730,33,0,7,1730,0.825,0.0,1.0,0.0,0.2541914568705992
ni_tfnbs,"e=0.05,h=1.0,n=30,start_thres=1.25",hub,0.25,100,5,40,1730,33,0,7,1730,0.825,0.0,1.0,0.0,0.2541914568705992
ni_tfnbs,"e=0.05,h=2.0,n=30,start_thres=1.25",hub,0.25,100,5,40,1730,33,0,7,1730,0.825,0.0,1.0,0.0,0.2541914568705992
ni_tfnbs,"e=0.05,h=3.0,n=30,start_thres=1.25",hub,0.25,100,5,40,1730,33,0,7,1730,0.825,0.0,1.0,0.0,0.2541914568705992
ni_tfnbs,"e=0.05,h=4.0,n=30,start_thres=1.25",hub,0.25,100,5,40,1730,33,0,7,1730,0.825,0.0,1.0,0.0,0.2541914568705992
ni_tfnbs,"e=0.05,h=5.0,n=30,start_thres=1.25",hub,0.25,100,5,40,1730,33,0,7,1730,0.825,0.0,1.0,0.0,0.2541914568705992
ni_tfnbs,"e=0.05,h=6.0,n=30,start_thres=1.25",hub,0.25,100,5,40,1730,33,0,7,1730,0.825,0.0,1.0,0.0,0.2541914568705992
ni_tfnbs,"e=0.05,h=7.0,n=30,start_thres=1.25",hub,0.25,100,5,40,1730,33,0,7,1730,0.825,0.0,1.0,0.0,0.2541914568705992
ni_tfnbs,"e=0.05,h=8.0,n=30,start_thres=1.25",hub,0.25,100,5,40,1730,33,0,7,1730,0.825,0.0,1.0,0.0,0.2541914568705992
ni_tfnbs,"e=0.05,h=9.0,n=30,start_thres=1.25",hub,0.25,100,5,40,1730,33,0,7,1730,0.825,0.0,1.0,0.0,0.2541914568705992
ni_tfnbs,"e=0.05,h=10.0,n=30,start_thres=1.25",hub,0.25,100,5,40,1730,33,0,7,1730,0.825,0.0,1.0,0.0,0.2541914568705992
ni_tfnbs,"e=0.1,h=0.5,n=30,start_thres=1.25",hub,0.25,100,5,40,1730,33,0,7,1730,0.825,0.0,1.0,0.0,0.2541914568705992
ni_tfnbs,"e=0.1,h=1.0,n=30,start_thres=1.25",hub,0.25,100,5,40,1730,33,0,7,1730,0.825,0.0,1.0,0.0,0.2541914568705992
ni_tfnbs,"e=0.1,h=2.0,n=30,start_thres=1.25",hub,0.25,100,5,40,1730,33,0,7,1730,0.825,0.0,1.0,0.0,0.2541914568705992
ni_tfnbs,"e=0.1,h=3.0,n=30,start_thres=1.25",hub,0.25,100,5,40,1730,33,0,7,1730,0.825,0.0,1.0,0.0,0.2541914568705992
ni_tfnbs,"e=0.1,h=4.0,n=30,start_thres=1.25",hub,0.25,100,5,40,1730,33,0,7,1730,0.825,0.0,1.0,0.0,0.2541914568705992
ni_tfnbs,"e=0.1,h=5.0,n=30,start_thres=1.25",hub,0.25,100,5,40,1730,33,0,7,1730,0.825,0.0,1.0,0.0,0.2541914568705992
ni_tfnbs,"e=0.1,h=6.0,n=30,start_thres=1.25",hub,0.25,100,5,40,1730,33,0,7,1730,0.825,0.0,1.0,0.0,0.2541914568705992
ni_tfnbs,"e=0.1,h=7.0,n=30,start_thres=1.25",hub,0.25,100,5,40,1730,33,0,7,1730,0.825,0.0,1.0,0.0,0.2541914568705992
ni_tfnbs,"e=0.1,h=8.0,n=30,start_thres=1.25",hub,0.25,100,5,40,1730,33,0,7,1730,0.825,0.0,1.0,0.0,0.2541914568705992
ni_tfnbs,"e=0.1,h=9.0,n=30,start_thres=1.25",hub,0.25,100,5,40,1730,33,0,7,1730,0.825,0.0,1.0,0.0,0.2541914568705992
ni_tfnbs,"e=0.1,h=10.0,n=30,start_thres=1.25",hub,0.25,100,5,40,1730,33,0,7,1730,0.825,0.0,1.0,0.0,0.2541914568705992
ni_tfnbs,"e=0.2,h=0.5,n=30,start_thres=1.25",hub,0.25,100,5,40,1730,37,0,3,1730,0.925,0.0,1.0,0.0,0.2541914568705992
ni_tfnbs,"e=0.2,h=1.0,n=30,start_thres=1.25",hub,0.25,100,5,40,1730,36,0,4,1730,0.9,0.0,1.0,0.0,0.2541914568705992
ni_tfnbs,"e=0.2,h=2.0,n=30,start_thres=1.25",hub,0.25,100,5,40,1730,36,0,4,1730,0.9,0.0,1.0,0.0,0.2541914568705992
ni_tfnbs,"e=0.2,h=3.0,n=30,start_thres=1.25",hub,0.25,100,5,40,1730,36,0,4,1730,0.9,0.0,1.0,0.0,0.2541914568705992
ni_tfnbs,"e=0.2,h=4.0,n=30,start_thres=1.25",hub,0.25,100,5,40,1730,36,0,4,1730,0.9,0.0,1.0,0.0,0.2541914568705992
ni_tfnbs,"e=0.2,h=5.0,n=30,start_thres=1.25",hub,0.25,100,5,40,1730,33,0,7,1730,0.825,0.0,1.0,0.0,0.2541914568705992
ni_tfnbs,"e=0.2,h=6.0,n=30,start_thres=1.25",hub,0.25,100,5,40,1730,33,0,7,1730,0.825,0.0,1.0,0.0,0.2541914568705992
ni_tfnbs,"e=0.2,h=7.0,n=30,start_thres=1.25",hub,0.25,100,5,40,1730,33,0,7,1730,0.825,0.0,1.0,0.0,0.2541914568705992
ni_tfnbs,"e=0.2,h=8.0,n=30,start_thres=1.25",hub,0.25,100,5,40,1730,33,0,7,1730,0.825,0.0,1.0,0.0,0.2541914568705992
ni_tfnbs,"e=0.2,h=9.0,n=30,start_thres=1.25",hub,0.25,100,5,40,1730,33,0,7,1730,0.825,0.0,1.0,0.0,0.2541914568705992
ni_tfnbs,"e=0.2,h=10.0,n=30,start_thres=1.25",hub,0.25,100,5,40,1730,33,0,7,1730,0.825,0.0,1.0,0.0,0.2541914568705992
ni_tfnbs,"e=0.3,h=0.5,n=30,start_thres=1.25",hub,0.25,100,5,40,1730,38,0,2,1730,0.95,0.0,1.0,0.0,0.2541914568705992
ni_tfnbs,"e=0.3,h=1.0,n=30,start_thres=1.25",hub,0.25,100,5,40,1730,38,0,2,1730,0.95,0.0,1.0,0.0,0.2541914568705992
ni_tfnbs,"e=0.3,h=2.0,n=30,start_thres=1.25",hub,0.25,100,5,40,1730,38,0,2,1730,0.95,0.0,1.0,0.0,0.2541914568705992
ni_tfnbs,"e=0.3,h=3.0,n=30,start_thres=1.25",hub,0.25,100,5,40,1730,38,0,2,1730,0.95,0.0,1.0,0.0,0.2541914568705992
ni_tfnbs,"e=0.3,h=4.0,n=30,start_thres=1.25",hub,0.25,100,5,40,1730,36,0,4,1730,0.9,0.0,1.0,0.0,0.2541914568705992
ni_tfnbs,"e=0.3,h=5.0,n=30,start_thres=1.25",hub,0.25,100,5,40,1730,36,0,4,1730,0.9,0.0,1.0,0.0,0.2541914568705992
ni_tfnbs,"e=0.3,h=6.0,n=30,start_thres=1.25",hub,0.25,100,5,40,1730,36,0,4,1730,0.9,0.0,1.0,0.0,0.2541914568705992
ni_tfnbs,"e=0.3,h=7.0,n=30,start_thres=1.25",hub,0.25,100,5,40,1730,36,0,4,1730,0.9,0.0,1.0,0.0,0.2541914568705992
ni_tfnbs,"e=0.3,h=8.0,n=30,start_thres=1.25",hub,0.25,100,5,40,1730,36,0,4,1730,0.9,0.0,1.0,0.0,0.2541914568705992
ni_tfnbs,"e=0.3,h=9.0,n=30,start_thres=1.25",hub,0.25,100,5,40,1730,33,0,7,1730,0.825,0.0,1.0,0.0,0.2541914568705992
ni_tfnbs,"e=0.3,h=10.0,n=30,start_thres=1.25",hub,0.25,100,5,40,1730,33,0,7,1730,0.825,0.0,1.0,0.0,0.2541914568705992
ni_tfnbs,"e=0.4,h=0.5,n=30,start_thres=1.25",hub,0.25,100,5,40,1730,39,1,1,1729,0.975,0.0005780346820809,0.975,0.025,0.2541914568705992
ni_tfnbs,"e=0.4,h=1.0,n=30,start_thres=1.25",hub,0.25,100,5,40,1730,39,1,1,1729,0.975,0.0005780346820809,0.975,0.025,0.2541914568705992
ni_tfnbs,"e=0.4,h=2.0,n=30,start_thres=1.25",hub,0.25,100,5,40,1730,39,1,1,1729,0.975,0.0005780346820809,0.975,0.025,0.2541914568705992
ni_tfnbs,"e=0.4,h=3.0,n=30,start_thres=1.25",hub,0.25,100,5,40,1730,38,0,2,1730,0.95,0.0,1.0,0.0,0.2541914568705992
ni_tfnbs,"e=0.4,h=4.0,n=30,start_thres=1.25",hub,0.25,100,5,40,1730,38,0,2,1730,0.95,0.0,1.0,0.0,0.2541914568705992
ni_tfnbs,"e=0.4,h=5.0,n=30,start_thres=1.25",hub,0.25,100,5,40,1730,38,0,2,1730,0.95,0.0,1.0,0.0,0.2541914568705992
ni_tfnbs,"e=0.4,h=6.0,n=30,start_thres=1.25",hub,0.25,100,5,40,1730,36,0,4,1730,0.9,0.0,1.0,0.0,0.2541914568705992
ni_tfnbs,"e=0.4,h=7.0,n=30,start_thres=1.25",hub,0.25,100,5,40,1730,36,0,4,1730,0.9,0.0,1.0,0.0,0.2541914568705992
ni_tfnbs,"e=0.4,h=8.0,n=30,start_thres=1.25",hub,0.25,100,5,40,1730,36,0,4,1730,0.9,0.0,1.0,0.0,0.2541914568705992
ni_tfnbs,"e=0.4,h=9.0,n=30,start_thres=1.25",hub,0.25,100,5,40,1730,36,0,4,1730,0.9,0.0,1.0,0.0,0.2541914568705992
ni_tfnbs,"e=0.4,h=10.0,n=30,start_thres=1.25",hub,0.25,100,5,40,1730,36,0,4,1730,0.9,0.0,1.0,0.0,0.2541914568705992
ni_tfnbs,"e=0.5,h=0.5,n=30,start_thres=1.25",hub,0.25,100,5,40,1730,40,1,0,1729,1.0,0.0005780346820809,0.975609756097561,0.024390243902439,0.2541914568705992
ni_tfnbs,"e=0.5,h=1.0,n=30,start_thres=1.25",hub,0.25,100,5,40,1730,40,1,0,1729,1.0,0.0005780346820809,0.975609756097561,0.024390243902439,0.2541914568705992
ni_tfnbs,"e=0.5,h=2.0,n=30,start_thres=1.25",hub,0.25,100,5,40,1730,39,1,1,1729,0.975,0.0005780346820809,0.975,0.025,0.2541914568705992
ni_tfnbs,"e=0.5,h=3.0,n=30,start_thres=1.25",hub,0.25,100,5,40,1730,39,1,1,1729,0.975,0.0005780346820809,0.975,0.025,0.2541914568705992
ni_tfnbs,"e=0.5,h=4.0,n=30,start_thres=1.25",hub,0.25,100,5,40,1730,39,1,1,1729,0.975,0.0005780346820809,0.975,0.025,0.2541914568705992
ni_tfnbs,"e=0.5,h=5.0,n=30,start_thres=1.25",hub,0.25,100,5,40,1730,38,0,2,1730,0.95,0.0,1.0,0.0,0.2541914568705992
ni_tfnbs,"e=0.5,h=6.0,n=30,start_thres=1.25",hub,0.25,100,5,40,1730,38,0,2,1730,0.95,0.0,1.0,0.0,0.2541914568705992
ni_tfnbs,"e=0.5,h=7.0,n=30,start_thres=1.25",hub,0.25,100,5,40,1730,38,0,2,1730,0.95,0.0,1.0,0.0,0.2541914568705992
ni_tfnbs,"e=0.5,h=8.0,n=30,start_thres=1.25",hub,0.25,100,5,40,1730,36,0,4,1730,0.9,0.0,1.0,0.0,0.2541914568705992
ni_tfnbs,"e=0.5,h=9.0,n=30,start_thres=1.25",hub,0.25,100,5,40,1730,36,0,4,1730,0.9,0.0,1.0,0.0,0.2541914568705992
ni_tfnbs,"e=0.5,h=10.0,n=30,start_thres=1.25",hub,0.25,100,5,40,1730,36,0,4,1730,0.9,0.0,1.0,0.0,0.2541914568705992
ni_tfnbs,"e=0.6,h=0.5,n=30,start_thres=1.25",hub,0.25,100,5,40,1730,40,1,0,1729,1.0,0.0005780346820809,0.975609756097561,0.024390243902439,0.2541914568705992
ni_tfnbs,"e=0.6,h=1.0,n=30,start_thres=1.25",hub,0.25,100,5,40,1730,40,1,0,1729,1.0,0.0005780346820809,0.975609756097561,0.024390243902439,0.2541914568705992
ni_tfnbs,"e=0.6,h=2.0,n=30,start_thres=1.25",hub,0.25,100,5,40,1730,40,1,0,1729,1.0,0.0005780346820809,0.975609756097561,0.024390243902439,0.2541914568705992
ni_tfnbs,"e=0.6,h=3.0,n=30,start_thres=1.25",hub,0.25,100,5,40,1730,40,1,0,1729,1.0,0.0005780346820809,0.975609756097561,0.024390243902439,0.2541914568705992
ni_tfnbs,"e=0.6,h=4.0,n=30,start_thres=1.25",hub,0.25,100,5,40,1730,39,1,1,1729,0.975,0.0005780346820809,0.975,0.025,0.2541914568705992
ni_tfnbs,"e=0.6,h=5.0,n=30,start_thres=1.25",hub,0.25,100,5,40,1730,39,1,1,1729,0.975,0.0005780346820809,0.975,0.025,0.2541914568705992
ni_tfnbs,"e=0.6,h=6.0,n=30,start_thres=1.25",hub,0.25,100,5,40,1730,38,0,2,1730,0.95,0.0,1.0,0.0,0.2541914568705992
ni_tfnbs,"e=0.6,h=7.0,n=30,start_thres=1.25",hub,0.25,100,5,40,1730,38,0,2,1730,0.95,0.0,1.0,0.0,0.2541914568705992
ni_tfnbs,"e=0.6,h=8.0,n=30,start_thres=1.25",hub,0.25,100,5,40,1730,38,0,2,1730,0.95,0.0,1.0,0.0,0.2541914568705992
ni_tfnbs,"e=0.6,h=9.0,n=30,start_thres=1.25",hub,0.25,100,5,40,1730,38,0,2,1730,0.95,0.0,1.0,0.0,0.2541914568705992
ni_tfnbs,"e=0.6,h=10.0,n=30,start_thres=1.25",hub,0.25,100,5,40,1730,36,0,4,1730,0.9,0.0,1.0,0.0,0.2541914568705992
ni_tfnbs,"e=0.7,h=0.5,n=30,start_thres=1.25",hub,0.25,100,5,40,1730,40,1,0,1729,1.0,0.0005780346820809,0.975609756097561,0.024390243902439,0.2541914568705992
ni_tfnbs,"e=0.7,h=1.0,n=30,start_thres=1.25",hub,0.25,100,5,40,1730,40,2,0,1728,1.0,0.0011560693641618,0.9523809523809524,0.0476190476190476,0.2541914568705992
ni_tfnbs,"e=0.7,h=2.0,n=30,start_thres=1.25",hub,0.25,100,5,40,1730,40,1,0,1729,1.0,0.0005780346820809,0.975609756097561,0.024390243902439,0.2541914568705992
ni_tfnbs,"e=0.7,h=3.0,n=30,start_thres=1.25",hub,0.25,100,5,40,1730,40,1,0,1729,1.0,0.0005780346820809,0.975609756097561,0.024390243902439,0.2541914568705992
ni_tfnbs,"e=0.7,h=4.0,n=30,start_thres=1.25",hub,0.25,100,5,40,1730,40,1,0,1729,1.0,0.0005780346820809,0.975609756097561,0.024390243902439,0.2541914568705992
ni_tfnbs,"e=0.7,h=5.0,n=30,start_thres=1.25",hub,0.25,100,5,40,1730,39,1,1,1729,0.975,0.0005780346820809,0.975,0.025,0.2541914568705992
ni_tfnbs,"e=0.7,h=6.0,n=30,start_thres=1.25",hub,0.25,100,5,40,1730,39,1,1,1729,0.975,0.0005780346820809,0.975,0.025,0.2541914568705992
ni_tfnbs,"e=0.7,h=7.0,n=30,start_thres=1.25",hub,0.25,100,5,40,1730,38,1,2,1729,0.95,0.0005780346820809,0.9743589743589745,0.0256410256410256,0.2541914568705992
ni_tfnbs,"e=0.7,h=8.0,n=30,start_thres=1.25",hub,0.25,100,5,40,1730,38,0,2,1730,0.95,0.0,1.0,0.0,0.2541914568705992
ni_tfnbs,"e=0.7,h=9.0,n=30,start_thres=1.25",hub,0.25,100,5,40,1730,38,0,2,1730,0.95,0.0,1.0,0.0,0.2541914568705992
ni_tfnbs,"e=0.7,h=10.0,n=30,start_thres=1.25",hub,0.25,100,5,40,1730,38,0,2,1730,0.95,0.0,1.0,0.0,0.2541914568705992
ni_tfnbs,"e=0.8,h=0.5,n=30,start_thres=1.25",hub,0.25,100,5,40,1730,40,1,0,1729,1.0,0.0005780346820809,0.975609756097561,0.024390243902439,0.2541914568705992
ni_tfnbs,"e=0.8,h=1.0,n=30,start_thres=1.25",hub,0.25,100,5,40,1730,40,2,0,1728,1.0,0.0011560693641618,0.9523809523809524,0.0476190476190476,0.2541914568705992
ni_tfnbs,"e=0.8,h=2.0,n=30,start_thres=1.25",hub,0.25,100,5,40,1730,40,2,0,1728,1.0,0.0011560693641618,0.9523809523809524,0.0476190476190476,0.2541914568705992
ni_tfnbs,"e=0.8,h=3.0,n=30,start_thres=1.25",hub,0.25,100,5,40,1730,40,1,0,1729,1.0,0.0005780346820809,0.975609756097561,0.024390243902439,0.2541914568705992
ni_tfnbs,"e=0.8,h=4.0,n=30,start_thres=1.25",hub,0.25,100,5,40,1730,40,1,0,1729,1.0,0.0005780346820809,0.975609756097561,0.024390243902439,0.2541914568705992
ni_tfnbs,"e=0.8,h=5.0,n=30,start_thres=1.25",hub,0.25,100,5,40,1730,40,1,0,1729,1.0,0.0005780346820809,0.975609756097561,0.024390243902439,0.2541914568705992
ni_tfnbs,"e=0.8,h=6.0,n=30,start_thres=1.25",hub,0.25,100,5,40,1730,39,1,1,1729,0.975,0.0005780346820809,0.975,0.025,0.2541914568705992
ni_tfnbs,"e=0.8,h=7.0,n=30,start_thres=1.25",hub,0.25,100,5,40,1730,39,1,1,1729,0.975,0.0005780346820809,0.975,0.025,0.2541914568705992
ni_tfnbs,"e=0.8,h=8.0,n=30,start_thres=1.25",hub,0.25,100,5,40,1730,39,1,1,1729,0.975,0.0005780346820809,0.975,0.025,0.2541914568705992
ni_tfnbs,"e=0.8,h=9.0,n=30,start_thres=1.25",hub,0.25,100,5,40,1730,38,0,2,1730,0.95,0.0,1.0,0.0,0.2541914568705992
ni_tfnbs,"e=0.8,h=10.0,n=30,start_thres=1.25",hub,0.25,100,5,40,1730,38,0,2,1730,0.95,0.0,1.0,0.0,0.2541914568705992
ni_tfnbs,"e=0.9,h=0.5,n=30,start_thres=1.25",hub,0.25,100,5,40,1730,40,1,0,1729,1.0,0.0005780346820809,0.975609756097561,0.024390243902439,0.2541914568705992
ni_tfnbs,"e=0.9,h=1.0,n=30,start_thres=1.25",hub,0.25,100,5,40,1730,40,2,0,1728,1.0,0.0011560693641618,0.9523809523809524,0.0476190476190476,0.2541914568705992
ni_tfnbs,"e=0.9,h=2.0,n=30,start_thres=1.25",hub,0.25,100,5,40,1730,40,2,0,1728,1.0,0.0011560693641618,0.9523809523809524,0.0476190476190476,0.2541914568705992
ni_tfnbs,"e=0.9,h=3.0,n=30,start_thres=1.25",hub,0.25,100,5,40,1730,40,2,0,1728,1.0,0.0011560693641618,0.9523809523809524,0.0476190476190476,0.2541914568705992
ni_tfnbs,"e=0.9,h=4.0,n=30,start_thres=1.25",hub,0.25,100,5,40,1730,40,1,0,1729,1.0,0.0005780346820809,0.975609756097561,0.024390243902439,0.2541914568705992
ni_tfnbs,"e=0.9,h=5.0,n=30,start_thres=1.25",hub,0.25,100,5,40,1730,40,1,0,1729,1.0,0.0005780346820809,0.975609756097561,0.024390243902439,0.2541914568705992
ni_tfnbs,"e=0.9,h=6.0,n=30,start_thres=1.25",hub,0.25,100,5,40,1730,40,1,0,1729,1.0,0.0005780346820809,0.975609756097561,0.024390243902439,0.2541914568705992
ni_tfnbs,"e=0.9,h=7.0,n=30,start_thres=1.25",hub,0.25,100,5,40,1730,39,1,1,1729,0.975,0.0005780346820809,0.975,0.025,0.2541914568705992
ni_tfnbs,"e=0.9,h=8.0,n=30,start_thres=1.25",hub,0.25,100,5,40,1730,39,1,1,1729,0.975,0.0005780346820809,0.975,0.025,0.2541914568705992
ni_tfnbs,"e=0.9,h=9.0,n=30,start_thres=1.25",hub,0.25,100,5,40,1730,39,1,1,1729,0.975,0.0005780346820809,0.975,0.025,0.2541914568705992
ni_tfnbs,"e=0.9,h=10.0,n=30,start_thres=1.25",hub,0.25,100,5,40,1730,38,0,2,1730,0.95,0.0,1.0,0.0,0.2541914568705992
ni_tfnbs,"e=1.0,h=0.5,n=30,start_thres=1.25",hub,0.25,100,5,40,1730,40,1,0,1729,1.0,0.0005780346820809,0.975609756097561,0.024390243902439,0.2541914568705992
ni_tfnbs,"e=1.0,h=1.0,n=30,start_thres=1.25",hub,0.25,100,5,40,1730,40,2,0,1728,1.0,0.0011560693641618,0.9523809523809524,0.0476190476190476,0.2541914568705992
ni_tfnbs,"e=1.0,h=2.0,n=30,start_thres=1.25",hub,0.25,100,5,40,1730,40,2,0,1728,1.0,0.0011560693641618,0.9523809523809524,0.0476190476190476,0.2541914568705992
ni_tfnbs,"e=1.0,h=3.0,n=30,start_thres=1.25",hub,0.25,100,5,40,1730,40,2,0,1728,1.0,0.0011560693641618,0.9523809523809524,0.0476190476190476,0.2541914568705992
ni_tfnbs,"e=1.0,h=4.0,n=30,start_thres=1.25",hub,0.25,100,5,40,1730,40,1,0,1729,1.0,0.0005780346820809,0.975609756097561,0.024390243902439,0.2541914568705992
ni_tfnbs,"e=1.0,h=5.0,n=30,start_thres=1.25",hub,0.25,100,5,40,1730,40,1,0,1729,1.0,0.0005780346820809,0.975609756097561,0.024390243902439,0.2541914568705992
ni_tfnbs,"e=1.0,h=6.0,n=30,start_thres=1.25",hub,0.25,100,5,40,1730,40,1,0,1729,1.0,0.0005780346820809,0.975609756097561,0.024390243902439,0.2541914568705992
ni_tfnbs,"e=1.0,h=7.0,n=30,start_thres=1.25",hub,0.25,100,5,40,1730,40,1,0,1729,1.0,0.0005780346820809,0.975609756097561,0.024390243902439,0.2541914568705992
ni_tfnbs,"e=1.0,h=8.0,n=30,start_thres=1.25",hub,0.25,100,5,40,1730,40,1,0,1729,1.0,0.0005780346820809,0.975609756097561,0.024390243902439,0.2541914568705992
ni_tfnbs,"e=1.0,h=9.0,n=30,start_thres=1.25",hub,0.25,100,5,40,1730,39,1,1,1729,0.975,0.0005780346820809,0.975,0.025,0.2541914568705992
ni_tfnbs,"e=1.0,h=10.0,n=30,start_thres=1.25",hub,0.25,100,5,40,1730,39,1,1,1729,0.975,0.0005780346820809,0.975,0.025,0.2541914568705992
ni_tfnbs,"e=1.1,h=0.5,n=30,start_thres=1.25",hub,0.25,100,5,40,1730,40,1,0,1729,1.0,0.0005780346820809,0.975609756097561,0.024390243902439,0.2541914568705992
ni_tfnbs,"e=1.1,h=1.0,n=30,start_thres=1.25",hub,0.25,100,5,40,1730,40,2,0,1728,1.0,0.0011560693641618,0.9523809523809524,0.0476190476190476,0.2541914568705992
ni_tfnbs,"e=1.1,h=2.0,n=30,start_thres=1.25",hub,0.25,100,5,40,1730,40,2,0,1728,1.0,0.0011560693641618,0.9523809523809524,0.0476190476190476,0.2541914568705992
ni_tfnbs,"e=1.1,h=3.0,n=30,start_thres=1.25",hub,0.25,100,5,40,1730,40,4,0,1726,1.0,0.0023121387283236,0.9090909090909092,0.0909090909090909,0.2541914568705992
ni_tfnbs,"e=1.1,h=4.0,n=30,start_thres=1.25",hub,0.25,100,5,40,1730,40,2,0,1728,1.0,0.0011560693641618,0.9523809523809524,0.0476190476190476,0.2541914568705992
ni_tfnbs,"e=1.1,h=5.0,n=30,start_thres=1.25",hub,0.25,100,5,40,1730,40,1,0,1729,1.0,0.0005780346820809,0.975609756097561,0.024390243902439,0.2541914568705992
ni_tfnbs,"e=1.1,h=6.0,n=30,start_thres=1.25",hub,0.25,100,5,40,1730,40,1,0,1729,1.0,0.0005780346820809,0.975609756097561,0.024390243902439,0.2541914568705992
ni_tfnbs,"e=1.1,h=7.0,n=30,start_thres=1.25",hub,0.25,100,5,40,1730,40,1,0,1729,1.0,0.0005780346820809,0.975609756097561,0.024390243902439,0.2541914568705992
ni_tfnbs,"e=1.1,h=8.0,n=30,start_thres=1.25",hub,0.25,100,5,40,1730,40,1,0,1729,1.0,0.0005780346820809,0.975609756097561,0.024390243902439,0.2541914568705992
ni_tfnbs,"e=1.1,h=9.0,n=30,start_thres=1.25",hub,0.25,100,5,40,1730,40,1,0,1729,1.0,0.0005780346820809,0.975609756097561,0.024390243902439,0.2541914568705992
ni_tfnbs,"e=1.1,h=10.0,n=30,start_thres=1.25",hub,0.25,100,5,40,1730,39,1,1,1729,0.975,0.0005780346820809,0.975,0.025,0.2541914568705992
ni_tfnbs,"e=1.2,h=0.5,n=30,start_thres=1.25",hub,0.25,100,5,40,1730,40,1,0,1729,1.0,0.0005780346820809,0.975609756097561,0.024390243902439,0.2541914568705992
ni_tfnbs,"e=1.2,h=1.0,n=30,start_thres=1.25",hub,0.25,100,5,40,1730,40,1,0,1729,1.0,0.0005780346820809,0.975609756097561,0.024390243902439,0.2541914568705992
ni_tfnbs,"e=1.2,h=2.0,n=30,start_thres=1.25",hub,0.25,100,5,40,1730,40,4,0,1726,1.0,0.0023121387283236,0.9090909090909092,0.0909090909090909,0.2541914568705992
ni_tfnbs,"e=1.2,h=3.0,n=30,start_thres=1.25",hub,0.25,100,5,40,1730,40,4,0,1726,1.0,0.0023121387283236,0.9090909090909092,0.0909090909090909,0.2541914568705992
ni_tfnbs,"e=1.2,h=4.0,n=30,start_thres=1.25",hub,0.25,100,5,40,1730,40,4,0,1726,1.0,0.0023121387283236,0.9090909090909092,0.0909090909090909,0.2541914568705992
ni_tfnbs,"e=1.2,h=5.0,n=30,start_thres=1.25",hub,0.25,100,5,40,1730,40,2,0,1728,1.0,0.0011560693641618,0.9523809523809524,0.0476190476190476,0.2541914568705992
ni_tfnbs,"e=1.2,h=6.0,n=30,start_thres=1.25",hub,0.25,100,5,40,1730,40,1,0,1729,1.0,0.0005780346820809,0.975609756097561,0.024390243902439,0.2541914568705992
ni_tfnbs,"e=1.2,h=7.0,n=30,start_thres=1.25",hub,0.25,100,5,40,1730,40,1,0,1729,1.0,0.0005780346820809,0.975609756097561,0.024390243902439,0.2541914568705992
ni_tfnbs,"e=1.2,h=8.0,n=30,start_thres=1.25",hub,0.25,100,5,40,1730,40,1,0,1729,1.0,0.0005780346820809,0.975609756097561,0.024390243902439,0.2541914568705992
ni_tfnbs,"e=1.2,h=9.0,n=30,start_thres=1.25",hub,0.25,100,5,40,1730,40,1,0,1729,1.0,0.0005780346820809,0.975609756097561,0.024390243902439,0.2541914568705992
ni_tfnbs,"e=1.2,h=10.0,n=30,start_thres=1.25",hub,0.25,100,5,40,1730,40,1,0,1729,1.0,0.0005780346820809,0.975609756097561,0.024390243902439,0.2541914568705992
ni_tfnbs,"e=1.3,h=0.5,n=30,start_thres=1.25",hub,0.25,100,5,40,1730,40,1,0,1729,1.0,0.0005780346820809,0.975609756097561,0.024390243902439,0.2541914568705992
ni_tfnbs,"e=1.3,h=1.0,n=30,start_thres=1.25",hub,0.25,100,5,40,1730,40,1,0,1729,1.0,0.0005780346820809,0.975609756097561,0.024390243902439,0.2541914568705992
ni_tfnbs,"e=1.3,h=2.0,n=30,start_thres=1.25",hub,0.25,100,5,40,1730,40,4,0,1726,1.0,0.0023121387283236,0.9090909090909092,0.0909090909090909,0.2541914568705992
ni_tfnbs,"e=1.3,h=3.0,n=30,start_thres=1.25",hub,0.25,100,5,40,1730,40,4,0,1726,1.0,0.0023121387283236,0.9090909090909092,0.0909090909090909,0.2541914568705992
ni_tfnbs,"e=1.3,h=4.0,n=30,start_thres=1.25",hub,0.25,100,5,40,1730,40,4,0,1726,1.0,0.0023121387283236,0.9090909090909092,0.0909090909090909,0.2541914568705992
ni_tfnbs,"e=1.3,h=5.0,n=30,start_thres=1.25",hub,0.25,100,5,40,1730,40,2,0,1728,1.0,0.0011560693641618,0.9523809523809524,0.0476190476190476,0.2541914568705992
ni_tfnbs,"e=1.3,h=6.0,n=30,start_thres=1.25",hub,0.25,100,5,40,1730,40,1,0,1729,1.0,0.0005780346820809,0.975609756097561,0.024390243902439,0.2541914568705992
ni_tfnbs,"e=1.3,h=7.0,n=30,start_thres=1.25",hub,0.25,100,5,40,1730,40,1,0,1729,1.0,0.0005780346820809,0.975609756097561,0.024390243902439,0.2541914568705992
ni_tfnbs,"e=1.3,h=8.0,n=30,start_thres=1.25",hub,0.25,100,5,40,1730,40,1,0,1729,1.0,0.0005780346820809,0.975609756097561,0.024390243902439,0.2541914568705992
ni_tfnbs,"e=1.3,h=9.0,n=30,start_thres=1.25",hub,0.25,100,5,40,1730,40,1,0,1729,1.0,0.0005780346820809,0.975609756097561,0.024390243902439,0.2541914568705992
ni_tfnbs,"e=1.3,h=10.0,n=30,start_thres=1.25",hub,0.25,100,5,40,1730,40,1,0,1729,1.0,0.0005780346820809,0.975609756097561,0.024390243902439,0.2541914568705992
ni_tfnbs,"e=1.4,h=0.5,n=30,start_thres=1.25",hub,0.25,100,5,40,1730,40,1,0,1729,1.0,0.0005780346820809,0.975609756097561,0.024390243902439,0.2541914568705992
ni_tfnbs,"e=1.4,h=1.0,n=30,start_thres=1.25",hub,0.25,100,5,40,1730,40,1,0,1729,1.0,0.0005780346820809,0.975609756097561,0.024390243902439,0.2541914568705992
ni_tfnbs,"e=1.4,h=2.0,n=30,start_thres=1.25",hub,0.25,100,5,40,1730,40,4,0,1726,1.0,0.0023121387283236,0.9090909090909092,0.0909090909090909,0.2541914568705992
ni_tfnbs,"e=1.4,h=3.0,n=30,start_thres=1.25",hub,0.25,100,5,40,1730,40,4,0,1726,1.0,0.0023121387283236,0.9090909090909092,0.0909090909090909,0.2541914568705992
ni_tfnbs,"e=1.4,h=4.0,n=30,start_thres=1.25",hub,0.25,100,5,40,1730,40,4,0,1726,1.0,0.0023121387283236,0.9090909090909092,0.0909090909090909,0.2541914568705992
ni_tfnbs,"e=1.4,h=5.0,n=30,start_thres=1.25",hub,0.25,100,5,40,1730,40,4,0,1726,1.0,0.0023121387283236,0.9090909090909092,0.0909090909090909,0.2541914568705992
ni_tfnbs,"e=1.4,h=6.0,n=30,start_thres=1.25",hub,0.25,100,5,40,1730,40,2,0,1728,1.0,0.0011560693641618,0.9523809523809524,0.0476190476190476,0.2541914568705992
ni_tfnbs,"e=1.4,h=7.0,n=30,start_thres=1.25",hub,0.25,100,5,40,1730,40,1,0,1729,1.0,0.0005780346820809,0.975609756097561,0.024390243902439,0.2541914568705992
ni_tfnbs,"e=1.4,h=8.0,n=30,start_thres=1.25",hub,0.25,100,5,40,1730,40,1,0,1729,1.0,0.0005780346820809,0.975609756097561,0.024390243902439,0.2541914568705992
ni_tfnbs,"e=1.4,h=9.0,n=30,start_thres=1.25",hub,0.25,100,5,40,1730,40,1,0,1729,1.0,0.0005780346820809,0.975609756097561,0.024390243902439,0.2541914568705992
ni_tfnbs,"e=1.4,h=10.0,n=30,start_thres=1.25",hub,0.25,100,5,40,1730,40,1,0,1729,1.0,0.0005780346820809,0.975609756097561,0.024390243902439,0.2541914568705992
ni_tfnbs,"e=1.5,h=0.5,n=30,start_thres=1.25",hub,0.25,100,5,40,1730,40,1,0,1729,1.0,0.0005780346820809,0.975609756097561,0.024390243902439,0.2541914568705992
ni_tfnbs,"e=1.5,h=1.0,n=30,start_thres=1.25",hub,0.25,100,5,40,1730,40,1,0,1729,1.0,0.0005780346820809,0.975609756097561,0.024390243902439,0.2541914568705992
ni_tfnbs,"e=1.5,h=2.0,n=30,start_thres=1.25",hub,0.25,100,5,40,1730,40,2,0,1728,1.0,0.0011560693641618,0.9523809523809524,0.0476190476190476,0.2541914568705992
ni_tfnbs,"e=1.5,h=3.0,n=30,start_thres=1.25",hub,0.25,100,5,40,1730,40,7,0,1723,1.0,0.0040462427745664,0.851063829787234,0.1489361702127659,0.2541914568705992
ni_tfnbs,"e=1.5,h=4.0,n=30,start_thres=1.25",hub,0.25,100,5,40,1730,40,7,0,1723,1.0,0.0040462427745664,0.851063829787234,0.1489361702127659,0.2541914568705992
ni_tfnbs,"e=1.5,h=5.0,n=30,start_thres=1.25",hub,0.25,100,5,40,1730,40,4,0,1726,1.0,0.0023121387283236,0.9090909090909092,0.0909090909090909,0.2541914568705992
ni_tfnbs,"e=1.5,h=6.0,n=30,start_thres=1.25",hub,0.25,100,5,40,1730,40,4,0,1726,1.0,0.0023121387283236,0.9090909090909092,0.0909090909090909,0.2541914568705992
ni_tfnbs,"e=1.5,h=7.0,n=30,start_thres=1.25",hub,0.25,100,5,40,1730,40,1,0,1729,1.0,0.0005780346820809,0.975609756097561,0.024390243902439,0.2541914568705992
ni_tfnbs,"e=1.5,h=8.0,n=30,start_thres=1.25",hub,0.25,100,5,40,1730,40,1,0,1729,1.0,0.0005780346820809,0.975609756097561,0.024390243902439,0.2541914568705992
ni_tfnbs,"e=1.5,h=9.0,n=30,start_thres=1.25",hub,0.25,100,5,40,1730,40,1,0,1729,1.0,0.0005780346820809,0.975609756097561,0.024390243902439,0.2541914568705992
ni_tfnbs,"e=1.5,h=10.0,n=30,start_thres=1.25",hub,0.25,100,5,40,1730,40,1,0,1729,1.0,0.0005780346820809,0.975609756097561,0.024390243902439,0.2541914568705992
ni_tfnbs,"e=0.05,h=0.5,n=30,start_thres=1.25",hub,0.25,100,6,40,1730,34,0,6,1730,0.85,0.0,1.0,0.0,0.2568178637461228
ni_tfnbs,"e=0.05,h=1.0,n=30,start_thres=1.25",hub,0.25,100,6,40,1730,34,0,6,1730,0.85,0.0,1.0,0.0,0.2568178637461228
ni_tfnbs,"e=0.05,h=2.0,n=30,start_thres=1.25",hub,0.25,100,6,40,1730,34,0,6,1730,0.85,0.0,1.0,0.0,0.2568178637461228
ni_tfnbs,"e=0.05,h=3.0,n=30,start_thres=1.25",hub,0.25,100,6,40,1730,34,0,6,1730,0.85,0.0,1.0,0.0,0.2568178637461228
ni_tfnbs,"e=0.05,h=4.0,n=30,start_thres=1.25",hub,0.25,100,6,40,1730,34,0,6,1730,0.85,0.0,1.0,0.0,0.2568178637461228
ni_tfnbs,"e=0.05,h=5.0,n=30,start_thres=1.25",hub,0.25,100,6,40,1730,34,0,6,1730,0.85,0.0,1.0,0.0,0.2568178637461228
ni_tfnbs,"e=0.05,h=6.0,n=30,start_thres=1.25",hub,0.25,100,6,40,1730,34,0,6,1730,0.85,0.0,1.0,0.0,0.2568178637461228
ni_tfnbs,"e=0.05,h=7.0,n=30,start_thres=1.25",hub,0.25,100,6,40,1730,34,0,6,1730,0.85,0.0,1.0,0.0,0.2568178637461228
ni_tfnbs,"e=0.05,h=8.0,n=30,start_thres=1.25",hub,0.25,100,6,40,1730,34,0,6,1730,0.85,0.0,1.0,0.0,0.2568178637461228
ni_tfnbs,"e=0.05,h=9.0,n=30,start_thres=1.25",hub,0.25,100,6,40,1730,34,0,6,1730,0.85,0.0,1.0,0.0,0.2568178637461228
ni_tfnbs,"e=0.05,h=10.0,n=30,start_thres=1.25",hub,0.25,100,6,40,1730,34,0,6,1730,0.85,0.0,1.0,0.0,0.2568178637461228
ni_tfnbs,"e=0.1,h=0.5,n=30,start_thres=1.25",hub,0.25,100,6,40,1730,36,0,4,1730,0.9,0.0,1.0,0.0,0.2568178637461228
ni_tfnbs,"e=0.1,h=1.0,n=30,start_thres=1.25",hub,0.25,100,6,40,1730,36,0,4,1730,0.9,0.0,1.0,0.0,0.2568178637461228
ni_tfnbs,"e=0.1,h=2.0,n=30,start_thres=1.25",hub,0.25,100,6,40,1730,36,0,4,1730,0.9,0.0,1.0,0.0,0.2568178637461228
ni_tfnbs,"e=0.1,h=3.0,n=30,start_thres=1.25",hub,0.25,100,6,40,1730,36,0,4,1730,0.9,0.0,1.0,0.0,0.2568178637461228
ni_tfnbs,"e=0.1,h=4.0,n=30,start_thres=1.25",hub,0.25,100,6,40,1730,36,0,4,1730,0.9,0.0,1.0,0.0,0.2568178637461228
ni_tfnbs,"e=0.1,h=5.0,n=30,start_thres=1.25",hub,0.25,100,6,40,1730,34,0,6,1730,0.85,0.0,1.0,0.0,0.2568178637461228
ni_tfnbs,"e=0.1,h=6.0,n=30,start_thres=1.25",hub,0.25,100,6,40,1730,34,0,6,1730,0.85,0.0,1.0,0.0,0.2568178637461228
ni_tfnbs,"e=0.1,h=7.0,n=30,start_thres=1.25",hub,0.25,100,6,40,1730,34,0,6,1730,0.85,0.0,1.0,0.0,0.2568178637461228
ni_tfnbs,"e=0.1,h=8.0,n=30,start_thres=1.25",hub,0.25,100,6,40,1730,34,0,6,1730,0.85,0.0,1.0,0.0,0.2568178637461228
ni_tfnbs,"e=0.1,h=9.0,n=30,start_thres=1.25",hub,0.25,100,6,40,1730,34,0,6,1730,0.85,0.0,1.0,0.0,0.2568178637461228
ni_tfnbs,"e=0.1,h=10.0,n=30,start_thres=1.25",hub,0.25,100,6,40,1730,34,0,6,1730,0.85,0.0,1.0,0.0,0.2568178637461228
ni_tfnbs,"e=0.2,h=0.5,n=30,start_thres=1.25",hub,0.25,100,6,40,1730,38,0,2,1730,0.95,0.0,1.0,0.0,0.2568178637461228
ni_tfnbs,"e=0.2,h=1.0,n=30,start_thres=1.25",hub,0.25,100,6,40,1730,38,0,2,1730,0.95,0.0,1.0,0.0,0.2568178637461228
ni_tfnbs,"e=0.2,h=2.0,n=30,start_thres=1.25",hub,0.25,100,6,40,1730,38,0,2,1730,0.95,0.0,1.0,0.0,0.2568178637461228
ni_tfnbs,"e=0.2,h=3.0,n=30,start_thres=1.25",hub,0.25,100,6,40,1730,36,0,4,1730,0.9,0.0,1.0,0.0,0.2568178637461228
ni_tfnbs,"e=0.2,h=4.0,n=30,start_thres=1.25",hub,0.25,100,6,40,1730,36,0,4,1730,0.9,0.0,1.0,0.0,0.2568178637461228
ni_tfnbs,"e=0.2,h=5.0,n=30,start_thres=1.25",hub,0.25,100,6,40,1730,36,0,4,1730,0.9,0.0,1.0,0.0,0.2568178637461228
ni_tfnbs,"e=0.2,h=6.0,n=30,start_thres=1.25",hub,0.25,100,6,40,1730,36,0,4,1730,0.9,0.0,1.0,0.0,0.2568178637461228
ni_tfnbs,"e=0.2,h=7.0,n=30,start_thres=1.25",hub,0.25,100,6,40,1730,36,0,4,1730,0.9,0.0,1.0,0.0,0.2568178637461228
ni_tfnbs,"e=0.2,h=8.0,n=30,start_thres=1.25",hub,0.25,100,6,40,1730,36,0,4,1730,0.9,0.0,1.0,0.0,0.2568178637461228
ni_tfnbs,"e=0.2,h=9.0,n=30,start_thres=1.25",hub,0.25,100,6,40,1730,36,0,4,1730,0.9,0.0,1.0,0.0,0.2568178637461228
ni_tfnbs,"e=0.2,h=10.0,n=30,start_thres=1.25",hub,0.25,100,6,40,1730,36,0,4,1730,0.9,0.0,1.0,0.0,0.2568178637461228
ni_tfnbs,"e=0.3,h=0.5,n=30,start_thres=1.25",hub,0.25,100,6,40,1730,40,0,0,1730,1.0,0.0,1.0,0.0,0.2568178637461228
ni_tfnbs,"e=0.3,h=1.0,n=30,start_thres=1.25",hub,0.25,100,6,40,1730,40,0,0,1730,1.0,0.0,1.0,0.0,0.2568178637461228
ni_tfnbs,"e=0.3,h=2.0,n=30,start_thres=1.25",hub,0.25,100,6,40,1730,38,0,2,1730,0.95,0.0,1.0,0.0,0.2568178637461228
ni_tfnbs,"e=0.3,h=3.0,n=30,start_thres=1.25",hub,0.25,100,6,40,1730,38,0,2,1730,0.95,0.0,1.0,0.0,0.2568178637461228
ni_tfnbs,"e=0.3,h=4.0,n=30,start_thres=1.25",hub,0.25,100,6,40,1730,38,0,2,1730,0.95,0.0,1.0,0.0,0.2568178637461228
ni_tfnbs,"e=0.3,h=5.0,n=30,start_thres=1.25",hub,0.25,100,6,40,1730,38,0,2,1730,0.95,0.0,1.0,0.0,0.2568178637461228
ni_tfnbs,"e=0.3,h=6.0,n=30,start_thres=1.25",hub,0.25,100,6,40,1730,38,0,2,1730,0.95,0.0,1.0,0.0,0.2568178637461228
ni_tfnbs,"e=0.3,h=7.0,n=30,start_thres=1.25",hub,0.25,100,6,40,1730,36,0,4,1730,0.9,0.0,1.0,0.0,0.2568178637461228
ni_tfnbs,"e=0.3,h=8.0,n=30,start_thres=1.25",hub,0.25,100,6,40,1730,36,0,4,1730,0.9,0.0,1.0,0.0,0.2568178637461228
ni_tfnbs,"e=0.3,h=9.0,n=30,start_thres=1.25",hub,0.25,100,6,40,1730,36,0,4,1730,0.9,0.0,1.0,0.0,0.2568178637461228
ni_tfnbs,"e=0.3,h=10.0,n=30,start_thres=1.25",hub,0.25,100,6,40,1730,36,0,4,1730,0.9,0.0,1.0,0.0,0.2568178637461228
ni_tfnbs,"e=0.4,h=0.5,n=30,start_thres=1.25",hub,0.25,100,6,40,1730,40,0,0,1730,1.0,0.0,1.0,0.0,0.2568178637461228
ni_tfnbs,"e=0.4,h=1.0,n=30,start_thres=1.25",hub,0.25,100,6,40,1730,40,0,0,1730,1.0,0.0,1.0,0.0,0.2568178637461228
ni_tfnbs,"e=0.4,h=2.0,n=30,start_thres=1.25",hub,0.25,100,6,40,1730,40,0,0,1730,1.0,0.0,1.0,0.0,0.2568178637461228
ni_tfnbs,"e=0.4,h=3.0,n=30,start_thres=1.25",hub,0.25,100,6,40,1730,40,0,0,1730,1.0,0.0,1.0,0.0,0.2568178637461228
ni_tfnbs,"e=0.4,h=4.0,n=30,start_thres=1.25",hub,0.25,100,6,40,1730,38,0,2,1730,0.95,0.0,1.0,0.0,0.2568178637461228
ni_tfnbs,"e=0.4,h=5.0,n=30,start_thres=1.25",hub,0.25,100,6,40,1730,38,0,2,1730,0.95,0.0,1.0,0.0,0.2568178637461228
ni_tfnbs,"e=0.4,h=6.0,n=30,start_thres=1.25",hub,0.25,100,6,40,1730,38,0,2,1730,0.95,0.0,1.0,0.0,0.2568178637461228
ni_tfnbs,"e=0.4,h=7.0,n=30,start_thres=1.25",hub,0.25,100,6,40,1730,38,0,2,1730,0.95,0.0,1.0,0.0,0.2568178637461228
ni_tfnbs,"e=0.4,h=8.0,n=30,start_thres=1.25",hub,0.25,100,6,40,1730,38,0,2,1730,0.95,0.0,1.0,0.0,0.2568178637461228
ni_tfnbs,"e=0.4,h=9.0,n=30,start_thres=1.25",hub,0.25,100,6,40,1730,38,0,2,1730,0.95,0.0,1.0,0.0,0.2568178637461228
ni_tfnbs,"e=0.4,h=10.0,n=30,start_thres=1.25",hub,0.25,100,6,40,1730,36,0,4,1730,0.9,0.0,1.0,0.0,0.2568178637461228
ni_tfnbs,"e=0.5,h=0.5,n=30,start_thres=1.25",hub,0.25,100,6,40,1730,40,0,0,1730,1.0,0.0,1.0,0.0,0.2568178637461228
ni_tfnbs,"e=0.5,h=1.0,n=30,start_thres=1.25",hub,0.25,100,6,40,1730,40,0,0,1730,1.0,0.0,1.0,0.0,0.2568178637461228
ni_tfnbs,"e=0.5,h=2.0,n=30,start_thres=1.25",hub,0.25,100,6,40,1730,40,0,0,1730,1.0,0.0,1.0,0.0,0.2568178637461228
ni_tfnbs,"e=0.5,h=3.0,n=30,start_thres=1.25",hub,0.25,100,6,40,1730,40,0,0,1730,1.0,0.0,1.0,0.0,0.2568178637461228
ni_tfnbs,"e=0.5,h=4.0,n=30,start_thres=1.25",hub,0.25,100,6,40,1730,40,0,0,1730,1.0,0.0,1.0,0.0,0.2568178637461228
ni_tfnbs,"e=0.5,h=5.0,n=30,start_thres=1.25",hub,0.25,100,6,40,1730,40,0,0,1730,1.0,0.0,1.0,0.0,0.2568178637461228
ni_tfnbs,"e=0.5,h=6.0,n=30,start_thres=1.25",hub,0.25,100,6,40,1730,39,0,1,1730,0.975,0.0,1.0,0.0,0.2568178637461228
ni_tfnbs,"e=0.5,h=7.0,n=30,start_thres=1.25",hub,0.25,100,6,40,1730,38,0,2,1730,0.95,0.0,1.0,0.0,0.2568178637461228
ni_tfnbs,"e=0.5,h=8.0,n=30,start_thres=1.25",hub,0.25,100,6,40,1730,38,0,2,1730,0.95,0.0,1.0,0.0,0.2568178637461228
ni_tfnbs,"e=0.5,h=9.0,n=30,start_thres=1.25",hub,0.25,100,6,40,1730,38,0,2,1730,0.95,0.0,1.0,0.0,0.2568178637461228
ni_tfnbs,"e=0.5,h=10.0,n=30,start_thres=1.25",hub,0.25,100,6,40,1730,38,0,2,1730,0.95,0.0,1.0,0.0,0.2568178637461228
ni_tfnbs,"e=0.6,h=0.5,n=30,start_thres=1.25",hub,0.25,100,6,40,1730,40,0,0,1730,1.0,0.0,1.0,0.0,0.2568178637461228
ni_tfnbs,"e=0.6,h=1.0,n=30,start_thres=1.25",hub,0.25,100,6,40,1730,40,0,0,1730,1.0,0.0,1.0,0.0,0.2568178637461228
ni_tfnbs,"e=0.6,h=2.0,n=30,start_thres=1.25",hub,0.25,100,6,40,1730,40,0,0,1730,1.0,0.0,1.0,0.0,0.2568178637461228
ni_tfnbs,"e=0.6,h=3.0,n=30,start_thres=1.25",hub,0.25,100,6,40,1730,40,0,0,1730,1.0,0.0,1.0,0.0,0.2568178637461228
ni_tfnbs,"e=0.6,h=4.0,n=30,start_thres=1.25",hub,0.25,100,6,40,1730,40,0,0,1730,1.0,0.0,1.0,0.0,0.2568178637461228
ni_tfnbs,"e=0.6,h=5.0,n=30,start_thres=1.25",hub,0.25,100,6,40,1730,40,0,0,1730,1.0,0.0,1.0,0.0,0.2568178637461228
ni_tfnbs,"e=0.6,h=6.0,n=30,start_thres=1.25",hub,0.25,100,6,40,1730,40,0,0,1730,1.0,0.0,1.0,0.0,0.2568178637461228
ni_tfnbs,"e=0.6,h=7.0,n=30,start_thres=1.25",hub,0.25,100,6,40,1730,40,0,0,1730,1.0,0.0,1.0,0.0,0.2568178637461228
ni_tfnbs,"e=0.6,h=8.0,n=30,start_thres=1.25",hub,0.25,100,6,40,1730,39,0,1,1730,0.975,0.0,1.0,0.0,0.2568178637461228
ni_tfnbs,"e=0.6,h=9.0,n=30,start_thres=1.25",hub,0.25,100,6,40,1730,38,0,2,1730,0.95,0.0,1.0,0.0,0.2568178637461228
ni_tfnbs,"e=0.6,h=10.0,n=30,start_thres=1.25",hub,0.25,100,6,40,1730,38,0,2,1730,0.95,0.0,1.0,0.0,0.2568178637461228
ni_tfnbs,"e=0.7,h=0.5,n=30,start_thres=1.25",hub,0.25,100,6,40,1730,40,0,0,1730,1.0,0.0,1.0,0.0,0.2568178637461228
ni_tfnbs,"e=0.7,h=1.0,n=30,start_thres=1.25",hub,0.25,100,6,40,1730,40,0,0,1730,1.0,0.0,1.0,0.0,0.2568178637461228
ni_tfnbs,"e=0.7,h=2.0,n=30,start_thres=1.25",hub,0.25,100,6,40,1730,40,0,0,1730,1.0,0.0,1.0,0.0,0.2568178637461228
ni_tfnbs,"e=0.7,h=3.0,n=30,start_thres=1.25",hub,0.25,100,6,40,1730,40,0,0,1730,1.0,0.0,1.0,0.0,0.2568178637461228
ni_tfnbs,"e=0.7,h=4.0,n=30,start_thres=1.25",hub,0.25,100,6,40,1730,40,0,0,1730,1.0,0.0,1.0,0.0,0.2568178637461228
ni_tfnbs,"e=0.7,h=5.0,n=30,start_thres=1.25",hub,0.25,100,6,40,1730,40,0,0,1730,1.0,0.0,1.0,0.0,0.2568178637461228
ni_tfnbs,"e=0.7,h=6.0,n=30,start_thres=1.25",hub,0.25,100,6,40,1730,40,0,0,1730,1.0,0.0,1.0,0.0,0.2568178637461228
ni_tfnbs,"e=0.7,h=7.0,n=30,start_thres=1.25",hub,0.25,100,6,40,1730,40,0,0,1730,1.0,0.0,1.0,0.0,0.2568178637461228
ni_tfnbs,"e=0.7,h=8.0,n=30,start_thres=1.25",hub,0.25,100,6,40,1730,40,0,0,1730,1.0,0.0,1.0,0.0,0.2568178637461228
ni_tfnbs,"e=0.7,h=9.0,n=30,start_thres=1.25",hub,0.25,100,6,40,1730,40,0,0,1730,1.0,0.0,1.0,0.0,0.2568178637461228
ni_tfnbs,"e=0.7,h=10.0,n=30,start_thres=1.25",hub,0.25,100,6,40,1730,39,0,1,1730,0.975,0.0,1.0,0.0,0.2568178637461228
ni_tfnbs,"e=0.8,h=0.5,n=30,start_thres=1.25",hub,0.25,100,6,40,1730,40,0,0,1730,1.0,0.0,1.0,0.0,0.2568178637461228
ni_tfnbs,"e=0.8,h=1.0,n=30,start_thres=1.25",hub,0.25,100,6,40,1730,40,0,0,1730,1.0,0.0,1.0,0.0,0.2568178637461228
ni_tfnbs,"e=0.8,h=2.0,n=30,start_thres=1.25",hub,0.25,100,6,40,1730,40,0,0,1730,1.0,0.0,1.0,0.0,0.2568178637461228
ni_tfnbs,"e=0.8,h=3.0,n=30,start_thres=1.25",hub,0.25,100,6,40,1730,40,0,0,1730,1.0,0.0,1.0,0.0,0.2568178637461228
ni_tfnbs,"e=0.8,h=4.0,n=30,start_thres=1.25",hub,0.25,100,6,40,1730,40,0,0,1730,1.0,0.0,1.0,0.0,0.2568178637461228
ni_tfnbs,"e=0.8,h=5.0,n=30,start_thres=1.25",hub,0.25,100,6,40,1730,40,0,0,1730,1.0,0.0,1.0,0.0,0.2568178637461228
ni_tfnbs,"e=0.8,h=6.0,n=30,start_thres=1.25",hub,0.25,100,6,40,1730,40,0,0,1730,1.0,0.0,1.0,0.0,0.2568178637461228
ni_tfnbs,"e=0.8,h=7.0,n=30,start_thres=1.25",hub,0.25,100,6,40,1730,40,0,0,1730,1.0,0.0,1.0,0.0,0.2568178637461228
ni_tfnbs,"e=0.8,h=8.0,n=30,start_thres=1.25",hub,0.25,100,6,40,1730,40,0,0,1730,1.0,0.0,1.0,0.0,0.2568178637461228
ni_tfnbs,"e=0.8,h=9.0,n=30,start_thres=1.25",hub,0.25,100,6,40,1730,40,0,0,1730,1.0,0.0,1.0,0.0,0.2568178637461228
ni_tfnbs,"e=0.8,h=10.0,n=30,start_thres=1.25",hub,0.25,100,6,40,1730,40,0,0,1730,1.0,0.0,1.0,0.0,0.2568178637461228
ni_tfnbs,"e=0.9,h=0.5,n=30,start_thres=1.25",hub,0.25,100,6,40,1730,40,0,0,1730,1.0,0.0,1.0,0.0,0.2568178637461228
ni_tfnbs,"e=0.9,h=1.0,n=30,start_thres=1.25",hub,0.25,100,6,40,1730,40,0,0,1730,1.0,0.0,1.0,0.0,0.2568178637461228
ni_tfnbs,"e=0.9,h=2.0,n=30,start_thres=1.25",hub,0.25,100,6,40,1730,40,0,0,1730,1.0,0.0,1.0,0.0,0.2568178637461228
ni_tfnbs,"e=0.9,h=3.0,n=30,start_thres=1.25",hub,0.25,100,6,40,1730,40,0,0,1730,1.0,0.0,1.0,0.0,0.2568178637461228
ni_tfnbs,"e=0.9,h=4.0,n=30,start_thres=1.25",hub,0.25,100,6,40,1730,40,0,0,1730,1.0,0.0,1.0,0.0,0.2568178637461228
ni_tfnbs,"e=0.9,h=5.0,n=30,start_thres=1.25",hub,0.25,100,6,40,1730,40,0,0,1730,1.0,0.0,1.0,0.0,0.2568178637461228
ni_tfnbs,"e=0.9,h=6.0,n=30,start_thres=1.25",hub,0.25,100,6,40,1730,40,0,0,1730,1.0,0.0,1.0,0.0,0.2568178637461228
ni_tfnbs,"e=0.9,h=7.0,n=30,start_thres=1.25",hub,0.25,100,6,40,1730,40,0,0,1730,1.0,0.0,1.0,0.0,0.2568178637461228
ni_tfnbs,"e=0.9,h=8.0,n=30,start_thres=1.25",hub,0.25,100,6,40,1730,40,0,0,1730,1.0,0.0,1.0,0.0,0.2568178637461228
ni_tfnbs,"e=0.9,h=9.0,n=30,start_thres=1.25",hub,0.25,100,6,40,1730,40,0,0,1730,1.0,0.0,1.0,0.0,0.2568178637461228
ni_tfnbs,"e=0.9,h=10.0,n=30,start_thres=1.25",hub,0.25,100,6,40,1730,40,0,0,1730,1.0,0.0,1.0,0.0,0.2568178637461228
ni_tfnbs,"e=1.0,h=0.5,n=30,start_thres=1.25",hub,0.25,100,6,40,1730,40,0,0,1730,1.0,0.0,1.0,0.0,0.2568178637461228
ni_tfnbs,"e=1.0,h=1.0,n=30,start_thres=1.25",hub,0.25,100,6,40,1730,40,0,0,1730,1.0,0.0,1.0,0.0,0.2568178637461228
ni_tfnbs,"e=1.0,h=2.0,n=30,start_thres=1.25",hub,0.25,100,6,40,1730,40,0,0,1730,1.0,0.0,1.0,0.0,0.2568178637461228
ni_tfnbs,"e=1.0,h=3.0,n=30,start_thres=1.25",hub,0.25,100,6,40,1730,40,0,0,1730,1.0,0.0,1.0,0.0,0.2568178637461228
ni_tfnbs,"e=1.0,h=4.0,n=30,start_thres=1.25",hub,0.25,100,6,40,1730,40,0,0,1730,1.0,0.0,1.0,0.0,0.2568178637461228
ni_tfnbs,"e=1.0,h=5.0,n=30,start_thres=1.25",hub,0.25,100,6,40,1730,40,0,0,1730,1.0,0.0,1.0,0.0,0.2568178637461228
ni_tfnbs,"e=1.0,h=6.0,n=30,start_thres=1.25",hub,0.25,100,6,40,1730,40,0,0,1730,1.0,0.0,1.0,0.0,0.2568178637461228
ni_tfnbs,"e=1.0,h=7.0,n=30,start_thres=1.25",hub,0.25,100,6,40,1730,40,0,0,1730,1.0,0.0,1.0,0.0,0.2568178637461228
ni_tfnbs,"e=1.0,h=8.0,n=30,start_thres=1.25",hub,0.25,100,6,40,1730,40,0,0,1730,1.0,0.0,1.0,0.0,0.2568178637461228
ni_tfnbs,"e=1.0,h=9.0,n=30,start_thres=1.25",hub,0.25,100,6,40,1730,40,0,0,1730,1.0,0.0,1.0,0.0,0.2568178637461228
ni_tfnbs,"e=1.0,h=10.0,n=30,start_thres=1.25",hub,0.25,100,6,40,1730,40,0,0,1730,1.0,0.0,1.0,0.0,0.2568178637461228
ni_tfnbs,"e=1.1,h=0.5,n=30,start_thres=1.25",hub,0.25,100,6,40,1730,40,0,0,1730,1.0,0.0,1.0,0.0,0.2568178637461228
ni_tfnbs,"e=1.1,h=1.0,n=30,start_thres=1.25",hub,0.25,100,6,40,1730,40,1,0,1729,1.0,0.0005780346820809,0.975609756097561,0.024390243902439,0.2568178637461228
ni_tfnbs,"e=1.1,h=2.0,n=30,start_thres=1.25",hub,0.25,100,6,40,1730,40,1,0,1729,1.0,0.0005780346820809,0.975609756097561,0.024390243902439,0.2568178637461228
ni_tfnbs,"e=1.1,h=3.0,n=30,start_thres=1.25",hub,0.25,100,6,40,1730,40,1,0,1729,1.0,0.0005780346820809,0.975609756097561,0.024390243902439,0.2568178637461228
ni_tfnbs,"e=1.1,h=4.0,n=30,start_thres=1.25",hub,0.25,100,6,40,1730,40,0,0,1730,1.0,0.0,1.0,0.0,0.2568178637461228
ni_tfnbs,"e=1.1,h=5.0,n=30,start_thres=1.25",hub,0.25,100,6,40,1730,40,0,0,1730,1.0,0.0,1.0,0.0,0.2568178637461228
ni_tfnbs,"e=1.1,h=6.0,n=30,start_thres=1.25",hub,0.25,100,6,40,1730,40,0,0,1730,1.0,0.0,1.0,0.0,0.2568178637461228
ni_tfnbs,"e=1.1,h=7.0,n=30,start_thres=1.25",hub,0.25,100,6,40,1730,40,0,0,1730,1.0,0.0,1.0,0.0,0.2568178637461228
ni_tfnbs,"e=1.1,h=8.0,n=30,start_thres=1.25",hub,0.25,100,6,40,1730,40,0,0,1730,1.0,0.0,1.0,0.0,0.2568178637461228
ni_tfnbs,"e=1.1,h=9.0,n=30,start_thres=1.25",hub,0.25,100,6,40,1730,40,0,0,1730,1.0,0.0,1.0,0.0,0.2568178637461228
ni_tfnbs,"e=1.1,h=10.0,n=30,start_thres=1.25",hub,0.25,100,6,40,1730,40,0,0,1730,1.0,0.0,1.0,0.0,0.2568178637461228
ni_tfnbs,"e=1.2,h=0.5,n=30,start_thres=1.25",hub,0.25,100,6,40,1730,40,1,0,1729,1.0,0.0005780346820809,0.975609756097561,0.024390243902439,0.2568178637461228
ni_tfnbs,"e=1.2,h=1.0,n=30,start_thres=1.25",hub,0.25,100,6,40,1730,40,1,0,1729,1.0,0.0005780346820809,0.975609756097561,0.024390243902439,0.2568178637461228
ni_tfnbs,"e=1.2,h=2.0,n=30,start_thres=1.25",hub,0.25,100,6,40,1730,40,1,0,1729,1.0,0.0005780346820809,0.975609756097561,0.024390243902439,0.2568178637461228
ni_tfnbs,"e=1.2,h=3.0,n=30,start_thres=1.25",hub,0.25,100,6,40,1730,40,1,0,1729,1.0,0.0005780346820809,0.975609756097561,0.024390243902439,0.2568178637461228
ni_tfnbs,"e=1.2,h=4.0,n=30,start_thres=1.25",hub,0.25,100,6,40,1730,40,1,0,1729,1.0,0.0005780346820809,0.975609756097561,0.024390243902439,0.2568178637461228
ni_tfnbs,"e=1.2,h=5.0,n=30,start_thres=1.25",hub,0.25,100,6,40,1730,40,0,0,1730,1.0,0.0,1.0,0.0,0.2568178637461228
ni_tfnbs,"e=1.2,h=6.0,n=30,start_thres=1.25",hub,0.25,100,6,40,1730,40,0,0,1730,1.0,0.0,1.0,0.0,0.2568178637461228
ni_tfnbs,"e=1.2,h=7.0,n=30,start_thres=1.25",hub,0.25,100,6,40,1730,40,0,0,1730,1.0,0.0,1.0,0.0,0.2568178637461228
ni_tfnbs,"e=1.2,h=8.0,n=30,start_thres=1.25",hub,0.25,100,6,40,1730,40,0,0,1730,1.0,0.0,1.0,0.0,0.2568178637461228
ni_tfnbs,"e=1.2,h=9.0,n=30,start_thres=1.25",hub,0.25,100,6,40,1730,40,0,0,1730,1.0,0.0,1.0,0.0,0.2568178637461228
ni_tfnbs,"e=1.2,h=10.0,n=30,start_thres=1.25",hub,0.25,100,6,40,1730,40,0,0,1730,1.0,0.0,1.0,0.0,0.2568178637461228
ni_tfnbs,"e=1.3,h=0.5,n=30,start_thres=1.25",hub,0.25,100,6,40,1730,40,1,0,1729,1.0,0.0005780346820809,0.975609756097561,0.024390243902439,0.2568178637461228
ni_tfnbs,"e=1.3,h=1.0,n=30,start_thres=1.25",hub,0.25,100,6,40,1730,40,1,0,1729,1.0,0.0005780346820809,0.975609756097561,0.024390243902439,0.2568178637461228
ni_tfnbs,"e=1.3,h=2.0,n=30,start_thres=1.25",hub,0.25,100,6,40,1730,40,1,0,1729,1.0,0.0005780346820809,0.975609756097561,0.024390243902439,0.2568178637461228
ni_tfnbs,"e=1.3,h=3.0,n=30,start_thres=1.25",hub,0.25,100,6,40,1730,40,1,0,1729,1.0,0.0005780346820809,0.975609756097561,0.024390243902439,0.2568178637461228
ni_tfnbs,"e=1.3,h=4.0,n=30,start_thres=1.25",hub,0.25,100,6,40,1730,40,1,0,1729,1.0,0.0005780346820809,0.975609756097561,0.024390243902439,0.2568178637461228
ni_tfnbs,"e=1.3,h=5.0,n=30,start_thres=1.25",hub,0.25,100,6,40,1730,40,1,0,1729,1.0,0.0005780346820809,0.975609756097561,0.024390243902439,0.2568178637461228
ni_tfnbs,"e=1.3,h=6.0,n=30,start_thres=1.25",hub,0.25,100,6,40,1730,40,0,0,1730,1.0,0.0,1.0,0.0,0.2568178637461228
ni_tfnbs,"e=1.3,h=7.0,n=30,start_thres=1.25",hub,0.25,100,6,40,1730,40,0,0,1730,1.0,0.0,1.0,0.0,0.2568178637461228
ni_tfnbs,"e=1.3,h=8.0,n=30,start_thres=1.25",hub,0.25,100,6,40,1730,40,0,0,1730,1.0,0.0,1.0,0.0,0.2568178637461228
ni_tfnbs,"e=1.3,h=9.0,n=30,start_thres=1.25",hub,0.25,100,6,40,1730,40,0,0,1730,1.0,0.0,1.0,0.0,0.2568178637461228
ni_tfnbs,"e=1.3,h=10.0,n=30,start_thres=1.25",hub,0.25,100,6,40,1730,40,0,0,1730,1.0,0.0,1.0,0.0,0.2568178637461228
ni_tfnbs,"e=1.4,h=0.5,n=30,start_thres=1.25",hub,0.25,100,6,40,1730,40,1,0,1729,1.0,0.0005780346820809,0.975609756097561,0.024390243902439,0.2568178637461228
ni_tfnbs,"e=1.4,h=1.0,n=30,start_thres=1.25",hub,0.25,100,6,40,1730,40,1,0,1729,1.0,0.0005780346820809,0.975609756097561,0.024390243902439,0.2568178637461228
ni_tfnbs,"e=1.4,h=2.0,n=30,start_thres=1.25",hub,0.25,100,6,40,1730,40,1,0,1729,1.0,0.0005780346820809,0.975609756097561,0.024390243902439,0.2568178637461228
ni_tfnbs,"e=1.4,h=3.0,n=30,start_thres=1.25",hub,0.25,100,6,40,1730,40,1,0,1729,1.0,0.0005780346820809,0.975609756097561,0.024390243902439,0.2568178637461228
ni_tfnbs,"e=1.4,h=4.0,n=30,start_thres=1.25",hub,0.25,100,6,40,1730,40,1,0,1729,1.0,0.0005780346820809,0.975609756097561,0.024390243902439,0.2568178637461228
ni_tfnbs,"e=1.4,h=5.0,n=30,start_thres=1.25",hub,0.25,100,6,40,1730,40,1,0,1729,1.0,0.0005780346820809,0.975609756097561,0.024390243902439,0.2568178637461228
ni_tfnbs,"e=1.4,h=6.0,n=30,start_thres=1.25",hub,0.25,100,6,40,1730,40,1,0,1729,1.0,0.0005780346820809,0.975609756097561,0.024390243902439,0.2568178637461228
ni_tfnbs,"e=1.4,h=7.0,n=30,start_thres=1.25",hub,0.25,100,6,40,1730,40,0,0,1730,1.0,0.0,1.0,0.0,0.2568178637461228
ni_tfnbs,"e=1.4,h=8.0,n=30,start_thres=1.25",hub,0.25,100,6,40,1730,40,0,0,1730,1.0,0.0,1.0,0.0,0.2568178637461228
ni_tfnbs,"e=1.4,h=9.0,n=30,start_thres=1.25",hub,0.25,100,6,40,1730,40,0,0,1730,1.0,0.0,1.0,0.0,0.2568178637461228
ni_tfnbs,"e=1.4,h=10.0,n=30,start_thres=1.25",hub,0.25,100,6,40,1730,40,0,0,1730,1.0,0.0,1.0,0.0,0.2568178637461228
ni_tfnbs,"e=1.5,h=0.5,n=30,start_thres=1.25",hub,0.25,100,6,40,1730,40,1,0,1729,1.0,0.0005780346820809,0.975609756097561,0.024390243902439,0.2568178637461228
ni_tfnbs,"e=1.5,h=1.0,n=30,start_thres=1.25",hub,0.25,100,6,40,1730,40,1,0,1729,1.0,0.0005780346820809,0.975609756097561,0.024390243902439,0.2568178637461228
ni_tfnbs,"e=1.5,h=2.0,n=30,start_thres=1.25",hub,0.25,100,6,40,1730,40,1,0,1729,1.0,0.0005780346820809,0.975609756097561,0.024390243902439,0.2568178637461228
ni_tfnbs,"e=1.5,h=3.0,n=30,start_thres=1.25",hub,0.25,100,6,40,1730,40,1,0,1729,1.0,0.0005780346820809,0.975609756097561,0.024390243902439,0.2568178637461228
ni_tfnbs,"e=1.5,h=4.0,n=30,start_thres=1.25",hub,0.25,100,6,40,1730,40,1,0,1729,1.0,0.0005780346820809,0.975609756097561,0.024390243902439,0.2568178637461228
ni_tfnbs,"e=1.5,h=5.0,n=30,start_thres=1.25",hub,0.25,100,6,40,1730,40,1,0,1729,1.0,0.0005780346820809,0.975609756097561,0.024390243902439,0.2568178637461228
ni_tfnbs,"e=1.5,h=6.0,n=30,start_thres=1.25",hub,0.25,100,6,40,1730,40,1,0,1729,1.0,0.0005780346820809,0.975609756097561,0.024390243902439,0.2568178637461228
ni_tfnbs,"e=1.5,h=7.0,n=30,start_thres=1.25",hub,0.25,100,6,40,1730,40,1,0,1729,1.0,0.0005780346820809,0.975609756097561,0.024390243902439,0.2568178637461228
ni_tfnbs,"e=1.5,h=8.0,n=30,start_thres=1.25",hub,0.25,100,6,40,1730,40,0,0,1730,1.0,0.0,1.0,0.0,0.2568178637461228
ni_tfnbs,"e=1.5,h=9.0,n=30,start_thres=1.25",hub,0.25,100,6,40,1730,40,0,0,1730,1.0,0.0,1.0,0.0,0.2568178637461228
ni_tfnbs,"e=1.5,h=10.0,n=30,start_thres=1.25",hub,0.25,100,6,40,1730,40,0,0,1730,1.0,0.0,1.0,0.0,0.2568178637461228
ni_tfnbs,"e=0.05,h=0.5,n=30,start_thres=1.25",hub,0.25,100,7,40,1730,30,0,10,1730,0.75,0.0,1.0,0.0,0.255145715041594
ni_tfnbs,"e=0.05,h=1.0,n=30,start_thres=1.25",hub,0.25,100,7,40,1730,30,0,10,1730,0.75,0.0,1.0,0.0,0.255145715041594
ni_tfnbs,"e=0.05,h=2.0,n=30,start_thres=1.25",hub,0.25,100,7,40,1730,30,0,10,1730,0.75,0.0,1.0,0.0,0.255145715041594
ni_tfnbs,"e=0.05,h=3.0,n=30,start_thres=1.25",hub,0.25,100,7,40,1730,30,0,10,1730,0.75,0.0,1.0,0.0,0.255145715041594
ni_tfnbs,"e=0.05,h=4.0,n=30,start_thres=1.25",hub,0.25,100,7,40,1730,30,0,10,1730,0.75,0.0,1.0,0.0,0.255145715041594
ni_tfnbs,"e=0.05,h=5.0,n=30,start_thres=1.25",hub,0.25,100,7,40,1730,30,0,10,1730,0.75,0.0,1.0,0.0,0.255145715041594
ni_tfnbs,"e=0.05,h=6.0,n=30,start_thres=1.25",hub,0.25,100,7,40,1730,30,0,10,1730,0.75,0.0,1.0,0.0,0.255145715041594
ni_tfnbs,"e=0.05,h=7.0,n=30,start_thres=1.25",hub,0.25,100,7,40,1730,30,0,10,1730,0.75,0.0,1.0,0.0,0.255145715041594
ni_tfnbs,"e=0.05,h=8.0,n=30,start_thres=1.25",hub,0.25,100,7,40,1730,30,0,10,1730,0.75,0.0,1.0,0.0,0.255145715041594
ni_tfnbs,"e=0.05,h=9.0,n=30,start_thres=1.25",hub,0.25,100,7,40,1730,30,0,10,1730,0.75,0.0,1.0,0.0,0.255145715041594
ni_tfnbs,"e=0.05,h=10.0,n=30,start_thres=1.25",hub,0.25,100,7,40,1730,30,0,10,1730,0.75,0.0,1.0,0.0,0.255145715041594
ni_tfnbs,"e=0.1,h=0.5,n=30,start_thres=1.25",hub,0.25,100,7,40,1730,31,0,9,1730,0.775,0.0,1.0,0.0,0.255145715041594
ni_tfnbs,"e=0.1,h=1.0,n=30,start_thres=1.25",hub,0.25,100,7,40,1730,31,0,9,1730,0.775,0.0,1.0,0.0,0.255145715041594
ni_tfnbs,"e=0.1,h=2.0,n=30,start_thres=1.25",hub,0.25,100,7,40,1730,31,0,9,1730,0.775,0.0,1.0,0.0,0.255145715041594
ni_tfnbs,"e=0.1,h=3.0,n=30,start_thres=1.25",hub,0.25,100,7,40,1730,31,0,9,1730,0.775,0.0,1.0,0.0,0.255145715041594
ni_tfnbs,"e=0.1,h=4.0,n=30,start_thres=1.25",hub,0.25,100,7,40,1730,31,0,9,1730,0.775,0.0,1.0,0.0,0.255145715041594
ni_tfnbs,"e=0.1,h=5.0,n=30,start_thres=1.25",hub,0.25,100,7,40,1730,31,0,9,1730,0.775,0.0,1.0,0.0,0.255145715041594
ni_tfnbs,"e=0.1,h=6.0,n=30,start_thres=1.25",hub,0.25,100,7,40,1730,31,0,9,1730,0.775,0.0,1.0,0.0,0.255145715041594
ni_tfnbs,"e=0.1,h=7.0,n=30,start_thres=1.25",hub,0.25,100,7,40,1730,31,0,9,1730,0.775,0.0,1.0,0.0,0.255145715041594
ni_tfnbs,"e=0.1,h=8.0,n=30,start_thres=1.25",hub,0.25,100,7,40,1730,30,0,10,1730,0.75,0.0,1.0,0.0,0.255145715041594
ni_tfnbs,"e=0.1,h=9.0,n=30,start_thres=1.25",hub,0.25,100,7,40,1730,30,0,10,1730,0.75,0.0,1.0,0.0,0.255145715041594
ni_tfnbs,"e=0.1,h=10.0,n=30,start_thres=1.25",hub,0.25,100,7,40,1730,30,0,10,1730,0.75,0.0,1.0,0.0,0.255145715041594
ni_tfnbs,"e=0.2,h=0.5,n=30,start_thres=1.25",hub,0.25,100,7,40,1730,31,0,9,1730,0.775,0.0,1.0,0.0,0.255145715041594
ni_tfnbs,"e=0.2,h=1.0,n=30,start_thres=1.25",hub,0.25,100,7,40,1730,31,0,9,1730,0.775,0.0,1.0,0.0,0.255145715041594
ni_tfnbs,"e=0.2,h=2.0,n=30,start_thres=1.25",hub,0.25,100,7,40,1730,31,0,9,1730,0.775,0.0,1.0,0.0,0.255145715041594
ni_tfnbs,"e=0.2,h=3.0,n=30,start_thres=1.25",hub,0.25,100,7,40,1730,31,0,9,1730,0.775,0.0,1.0,0.0,0.255145715041594
ni_tfnbs,"e=0.2,h=4.0,n=30,start_thres=1.25",hub,0.25,100,7,40,1730,31,0,9,1730,0.775,0.0,1.0,0.0,0.255145715041594
ni_tfnbs,"e=0.2,h=5.0,n=30,start_thres=1.25",hub,0.25,100,7,40,1730,31,0,9,1730,0.775,0.0,1.0,0.0,0.255145715041594
ni_tfnbs,"e=0.2,h=6.0,n=30,start_thres=1.25",hub,0.25,100,7,40,1730,31,0,9,1730,0.775,0.0,1.0,0.0,0.255145715041594
ni_tfnbs,"e=0.2,h=7.0,n=30,start_thres=1.25",hub,0.25,100,7,40,1730,31,0,9,1730,0.775,0.0,1.0,0.0,0.255145715041594
ni_tfnbs,"e=0.2,h=8.0,n=30,start_thres=1.25",hub,0.25,100,7,40,1730,31,0,9,1730,0.775,0.0,1.0,0.0,0.255145715041594
ni_tfnbs,"e=0.2,h=9.0,n=30,start_thres=1.25",hub,0.25,100,7,40,1730,31,0,9,1730,0.775,0.0,1.0,0.0,0.255145715041594
ni_tfnbs,"e=0.2,h=10.0,n=30,start_thres=1.25",hub,0.25,100,7,40,1730,31,0,9,1730,0.775,0.0,1.0,0.0,0.255145715041594
ni_tfnbs,"e=0.3,h=0.5,n=30,start_thres=1.25",hub,0.25,100,7,40,1730,33,2,7,1728,0.825,0.0011560693641618,0.9428571428571428,0.0571428571428571,0.255145715041594
ni_tfnbs,"e=0.3,h=1.0,n=30,start_thres=1.25",hub,0.25,100,7,40,1730,33,2,7,1728,0.825,0.0011560693641618,0.9428571428571428,0.0571428571428571,0.255145715041594
ni_tfnbs,"e=0.3,h=2.0,n=30,start_thres=1.25",hub,0.25,100,7,40,1730,32,1,8,1729,0.8,0.0005780346820809,0.9696969696969696,0.0303030303030303,0.255145715041594
ni_tfnbs,"e=0.3,h=3.0,n=30,start_thres=1.25",hub,0.25,100,7,40,1730,32,1,8,1729,0.8,0.0005780346820809,0.9696969696969696,0.0303030303030303,0.255145715041594
ni_tfnbs,"e=0.3,h=4.0,n=30,start_thres=1.25",hub,0.25,100,7,40,1730,31,0,9,1730,0.775,0.0,1.0,0.0,0.255145715041594
ni_tfnbs,"e=0.3,h=5.0,n=30,start_thres=1.25",hub,0.25,100,7,40,1730,31,0,9,1730,0.775,0.0,1.0,0.0,0.255145715041594
ni_tfnbs,"e=0.3,h=6.0,n=30,start_thres=1.25",hub,0.25,100,7,40,1730,31,0,9,1730,0.775,0.0,1.0,0.0,0.255145715041594
ni_tfnbs,"e=0.3,h=7.0,n=30,start_thres=1.25",hub,0.25,100,7,40,1730,31,0,9,1730,0.775,0.0,1.0,0.0,0.255145715041594
ni_tfnbs,"e=0.3,h=8.0,n=30,start_thres=1.25",hub,0.25,100,7,40,1730,31,0,9,1730,0.775,0.0,1.0,0.0,0.255145715041594
ni_tfnbs,"e=0.3,h=9.0,n=30,start_thres=1.25",hub,0.25,100,7,40,1730,31,0,9,1730,0.775,0.0,1.0,0.0,0.255145715041594
ni_tfnbs,"e=0.3,h=10.0,n=30,start_thres=1.25",hub,0.25,100,7,40,1730,31,0,9,1730,0.775,0.0,1.0,0.0,0.255145715041594
ni_tfnbs,"e=0.4,h=0.5,n=30,start_thres=1.25",hub,0.25,100,7,40,1730,36,2,4,1728,0.9,0.0011560693641618,0.9473684210526316,0.0526315789473684,0.255145715041594
ni_tfnbs,"e=0.4,h=1.0,n=30,start_thres=1.25",hub,0.25,100,7,40,1730,36,2,4,1728,0.9,0.0011560693641618,0.9473684210526316,0.0526315789473684,0.255145715041594
ni_tfnbs,"e=0.4,h=2.0,n=30,start_thres=1.25",hub,0.25,100,7,40,1730,34,2,6,1728,0.85,0.0011560693641618,0.9444444444444444,0.0555555555555555,0.255145715041594
ni_tfnbs,"e=0.4,h=3.0,n=30,start_thres=1.25",hub,0.25,100,7,40,1730,33,2,7,1728,0.825,0.0011560693641618,0.9428571428571428,0.0571428571428571,0.255145715041594
ni_tfnbs,"e=0.4,h=4.0,n=30,start_thres=1.25",hub,0.25,100,7,40,1730,32,1,8,1729,0.8,0.0005780346820809,0.9696969696969696,0.0303030303030303,0.255145715041594
ni_tfnbs,"e=0.4,h=5.0,n=30,start_thres=1.25",hub,0.25,100,7,40,1730,32,1,8,1729,0.8,0.0005780346820809,0.9696969696969696,0.0303030303030303,0.255145715041594
ni_tfnbs,"e=0.4,h=6.0,n=30,start_thres=1.25",hub,0.25,100,7,40,1730,31,0,9,1730,0.775,0.0,1.0,0.0,0.255145715041594
ni_tfnbs,"e=0.4,h=7.0,n=30,start_thres=1.25",hub,0.25,100,7,40,1730,31,0,9,1730,0.775,0.0,1.0,0.0,0.255145715041594
ni_tfnbs,"e=0.4,h=8.0,n=30,start_thres=1.25",hub,0.25,100,7,40,1730,31,0,9,1730,0.775,0.0,1.0,0.0,0.255145715041594
ni_tfnbs,"e=0.4,h=9.0,n=30,start_thres=1.25",hub,0.25,100,7,40,1730,31,0,9,1730,0.775,0.0,1.0,0.0,0.255145715041594
ni_tfnbs,"e=0.4,h=10.0,n=30,start_thres=1.25",hub,0.25,100,7,40,1730,31,0,9,1730,0.775,0.0,1.0,0.0,0.255145715041594
ni_tfnbs,"e=0.5,h=0.5,n=30,start_thres=1.25",hub,0.25,100,7,40,1730,36,4,4,1726,0.9,0.0023121387283236,0.9,0.1,0.255145715041594
ni_tfnbs,"e=0.5,h=1.0,n=30,start_thres=1.25",hub,0.25,100,7,40,1730,36,4,4,1726,0.9,0.0023121387283236,0.9,0.1,0.255145715041594
ni_tfnbs,"e=0.5,h=2.0,n=30,start_thres=1.25",hub,0.25,100,7,40,1730,36,2,4,1728,0.9,0.0011560693641618,0.9473684210526316,0.0526315789473684,0.255145715041594
ni_tfnbs,"e=0.5,h=3.0,n=30,start_thres=1.25",hub,0.25,100,7,40,1730,34,2,6,1728,0.85,0.0011560693641618,0.9444444444444444,0.0555555555555555,0.255145715041594
ni_tfnbs,"e=0.5,h=4.0,n=30,start_thres=1.25",hub,0.25,100,7,40,1730,33,2,7,1728,0.825,0.0011560693641618,0.9428571428571428,0.0571428571428571,0.255145715041594
ni_tfnbs,"e=0.5,h=5.0,n=30,start_thres=1.25",hub,0.25,100,7,40,1730,32,2,8,1728,0.8,0.0011560693641618,0.9411764705882352,0.0588235294117647,0.255145715041594
ni_tfnbs,"e=0.5,h=6.0,n=30,start_thres=1.25",hub,0.25,100,7,40,1730,32,1,8,1729,0.8,0.0005780346820809,0.9696969696969696,0.0303030303030303,0.255145715041594
ni_tfnbs,"e=0.5,h=7.0,n=30,start_thres=1.25",hub,0.25,100,7,40,1730,31,0,9,1730,0.775,0.0,1.0,0.0,0.255145715041594
ni_tfnbs,"e=0.5,h=8.0,n=30,start_thres=1.25",hub,0.25,100,7,40,1730,31,0,9,1730,0.775,0.0,1.0,0.0,0.255145715041594
ni_tfnbs,"e=0.5,h=9.0,n=30,start_thres=1.25",hub,0.25,100,7,40,1730,31,0,9,1730,0.775,0.0,1.0,0.0,0.255145715041594
ni_tfnbs,"e=0.5,h=10.0,n=30,start_thres=1.25",hub,0.25,100,7,40,1730,31,0,9,1730,0.775,0.0,1.0,0.0,0.255145715041594
ni_tfnbs,"e=0.6,h=0.5,n=30,start_thres=1.25",hub,0.25,100,7,40,1730,36,4,4,1726,0.9,0.0023121387283236,0.9,0.1,0.255145715041594
ni_tfnbs,"e=0.6,h=1.0,n=30,start_thres=1.25",hub,0.25,100,7,40,1730,36,4,4,1726,0.9,0.0023121387283236,0.9,0.1,0.255145715041594
ni_tfnbs,"e=0.6,h=2.0,n=30,start_thres=1.25",hub,0.25,100,7,40,1730,36,4,4,1726,0.9,0.0023121387283236,0.9,0.1,0.255145715041594
ni_tfnbs,"e=0.6,h=3.0,n=30,start_thres=1.25",hub,0.25,100,7,40,1730,36,2,4,1728,0.9,0.0011560693641618,0.9473684210526316,0.0526315789473684,0.255145715041594
ni_tfnbs,"e=0.6,h=4.0,n=30,start_thres=1.25",hub,0.25,100,7,40,1730,34,2,6,1728,0.85,0.0011560693641618,0.9444444444444444,0.0555555555555555,0.255145715041594
ni_tfnbs,"e=0.6,h=5.0,n=30,start_thres=1.25",hub,0.25,100,7,40,1730,34,2,6,1728,0.85,0.0011560693641618,0.9444444444444444,0.0555555555555555,0.255145715041594
ni_tfnbs,"e=0.6,h=6.0,n=30,start_thres=1.25",hub,0.25,100,7,40,1730,32,2,8,1728,0.8,0.0011560693641618,0.9411764705882352,0.0588235294117647,0.255145715041594
ni_tfnbs,"e=0.6,h=7.0,n=30,start_thres=1.25",hub,0.25,100,7,40,1730,32,1,8,1729,0.8,0.0005780346820809,0.9696969696969696,0.0303030303030303,0.255145715041594
ni_tfnbs,"e=0.6,h=8.0,n=30,start_thres=1.25",hub,0.25,100,7,40,1730,32,1,8,1729,0.8,0.0005780346820809,0.9696969696969696,0.0303030303030303,0.255145715041594
ni_tfnbs,"e=0.6,h=9.0,n=30,start_thres=1.25",hub,0.25,100,7,40,1730,31,0,9,1730,0.775,0.0,1.0,0.0,0.255145715041594
ni_tfnbs,"e=0.6,h=10.0,n=30,start_thres=1.25",hub,0.25,100,7,40,1730,31,0,9,1730,0.775,0.0,1.0,0.0,0.255145715041594
ni_tfnbs,"e=0.7,h=0.5,n=30,start_thres=1.25",hub,0.25,100,7,40,1730,38,5,2,1725,0.95,0.0028901734104046,0.8837209302325582,0.1162790697674418,0.255145715041594
ni_tfnbs,"e=0.7,h=1.0,n=30,start_thres=1.25",hub,0.25,100,7,40,1730,36,4,4,1726,0.9,0.0023121387283236,0.9,0.1,0.255145715041594
ni_tfnbs,"e=0.7,h=2.0,n=30,start_thres=1.25",hub,0.25,100,7,40,1730,36,4,4,1726,0.9,0.0023121387283236,0.9,0.1,0.255145715041594
ni_tfnbs,"e=0.7,h=3.0,n=30,start_thres=1.25",hub,0.25,100,7,40,1730,36,4,4,1726,0.9,0.0023121387283236,0.9,0.1,0.255145715041594
ni_tfnbs,"e=0.7,h=4.0,n=30,start_thres=1.25",hub,0.25,100,7,40,1730,36,2,4,1728,0.9,0.0011560693641618,0.9473684210526316,0.0526315789473684,0.255145715041594
ni_tfnbs,"e=0.7,h=5.0,n=30,start_thres=1.25",hub,0.25,100,7,40,1730,36,2,4,1728,0.9,0.0011560693641618,0.9473684210526316,0.0526315789473684,0.255145715041594
ni_tfnbs,"e=0.7,h=6.0,n=30,start_thres=1.25",hub,0.25,100,7,40,1730,34,2,6,1728,0.85,0.0011560693641618,0.9444444444444444,0.0555555555555555,0.255145715041594
ni_tfnbs,"e=0.7,h=7.0,n=30,start_thres=1.25",hub,0.25,100,7,40,1730,32,2,8,1728,0.8,0.0011560693641618,0.9411764705882352,0.0588235294117647,0.255145715041594
ni_tfnbs,"e=0.7,h=8.0,n=30,start_thres=1.25",hub,0.25,100,7,40,1730,32,1,8,1729,0.8,0.0005780346820809,0.9696969696969696,0.0303030303030303,0.255145715041594
ni_tfnbs,"e=0.7,h=9.0,n=30,start_thres=1.25",hub,0.25,100,7,40,1730,32,1,8,1729,0.8,0.0005780346820809,0.9696969696969696,0.0303030303030303,0.255145715041594
ni_tfnbs,"e=0.7,h=10.0,n=30,start_thres=1.25",hub,0.25,100,7,40,1730,32,1,8,1729,0.8,0.0005780346820809,0.9696969696969696,0.0303030303030303,0.255145715041594
ni_tfnbs,"e=0.8,h=0.5,n=30,start_thres=1.25",hub,0.25,100,7,40,1730,38,5,2,1725,0.95,0.0028901734104046,0.8837209302325582,0.1162790697674418,0.255145715041594
ni_tfnbs,"e=0.8,h=1.0,n=30,start_thres=1.25",hub,0.25,100,7,40,1730,38,5,2,1725,0.95,0.0028901734104046,0.8837209302325582,0.1162790697674418,0.255145715041594
ni_tfnbs,"e=0.8,h=2.0,n=30,start_thres=1.25",hub,0.25,100,7,40,1730,36,4,4,1726,0.9,0.0023121387283236,0.9,0.1,0.255145715041594
ni_tfnbs,"e=0.8,h=3.0,n=30,start_thres=1.25",hub,0.25,100,7,40,1730,36,4,4,1726,0.9,0.0023121387283236,0.9,0.1,0.255145715041594
ni_tfnbs,"e=0.8,h=4.0,n=30,start_thres=1.25",hub,0.25,100,7,40,1730,36,4,4,1726,0.9,0.0023121387283236,0.9,0.1,0.255145715041594
ni_tfnbs,"e=0.8,h=5.0,n=30,start_thres=1.25",hub,0.25,100,7,40,1730,36,2,4,1728,0.9,0.0011560693641618,0.9473684210526316,0.0526315789473684,0.255145715041594
ni_tfnbs,"e=0.8,h=6.0,n=30,start_thres=1.25",hub,0.25,100,7,40,1730,36,2,4,1728,0.9,0.0011560693641618,0.9473684210526316,0.0526315789473684,0.255145715041594
ni_tfnbs,"e=0.8,h=7.0,n=30,start_thres=1.25",hub,0.25,100,7,40,1730,34,2,6,1728,0.85,0.0011560693641618,0.9444444444444444,0.0555555555555555,0.255145715041594
ni_tfnbs,"e=0.8,h=8.0,n=30,start_thres=1.25",hub,0.25,100,7,40,1730,33,2,7,1728,0.825,0.0011560693641618,0.9428571428571428,0.0571428571428571,0.255145715041594
ni_tfnbs,"e=0.8,h=9.0,n=30,start_thres=1.25",hub,0.25,100,7,40,1730,32,2,8,1728,0.8,0.0011560693641618,0.9411764705882352,0.0588235294117647,0.255145715041594
ni_tfnbs,"e=0.8,h=10.0,n=30,start_thres=1.25",hub,0.25,100,7,40,1730,32,1,8,1729,0.8,0.0005780346820809,0.9696969696969696,0.0303030303030303,0.255145715041594
ni_tfnbs,"e=0.9,h=0.5,n=30,start_thres=1.25",hub,0.25,100,7,40,1730,38,5,2,1725,0.95,0.0028901734104046,0.8837209302325582,0.1162790697674418,0.255145715041594
ni_tfnbs,"e=0.9,h=1.0,n=30,start_thres=1.25",hub,0.25,100,7,40,1730,38,5,2,1725,0.95,0.0028901734104046,0.8837209302325582,0.1162790697674418,0.255145715041594
ni_tfnbs,"e=0.9,h=2.0,n=30,start_thres=1.25",hub,0.25,100,7,40,1730,38,5,2,1725,0.95,0.0028901734104046,0.8837209302325582,0.1162790697674418,0.255145715041594
ni_tfnbs,"e=0.9,h=3.0,n=30,start_thres=1.25",hub,0.25,100,7,40,1730,36,4,4,1726,0.9,0.0023121387283236,0.9,0.1,0.255145715041594
ni_tfnbs,"e=0.9,h=4.0,n=30,start_thres=1.25",hub,0.25,100,7,40,1730,36,4,4,1726,0.9,0.0023121387283236,0.9,0.1,0.255145715041594
ni_tfnbs,"e=0.9,h=5.0,n=30,start_thres=1.25",hub,0.25,100,7,40,1730,36,4,4,1726,0.9,0.0023121387283236,0.9,0.1,0.255145715041594
ni_tfnbs,"e=0.9,h=6.0,n=30,start_thres=1.25",hub,0.25,100,7,40,1730,36,2,4,1728,0.9,0.0011560693641618,0.9473684210526316,0.0526315789473684,0.255145715041594
ni_tfnbs,"e=0.9,h=7.0,n=30,start_thres=1.25",hub,0.25,100,7,40,1730,36,2,4,1728,0.9,0.0011560693641618,0.9473684210526316,0.0526315789473684,0.255145715041594
ni_tfnbs,"e=0.9,h=8.0,n=30,start_thres=1.25",hub,0.25,100,7,40,1730,34,2,6,1728,0.85,0.0011560693641618,0.9444444444444444,0.0555555555555555,0.255145715041594
ni_tfnbs,"e=0.9,h=9.0,n=30,start_thres=1.25",hub,0.25,100,7,40,1730,34,2,6,1728,0.85,0.0011560693641618,0.9444444444444444,0.0555555555555555,0.255145715041594
ni_tfnbs,"e=0.9,h=10.0,n=30,start_thres=1.25",hub,0.25,100,7,40,1730,32,2,8,1728,0.8,0.0011560693641618,0.9411764705882352,0.0588235294117647,0.255145715041594
ni_tfnbs,"e=1.0,h=0.5,n=30,start_thres=1.25",hub,0.25,100,7,40,1730,38,6,2,1724,0.95,0.0034682080924855,0.8636363636363636,0.1363636363636363,0.255145715041594
ni_tfnbs,"e=1.0,h=1.0,n=30,start_thres=1.25",hub,0.25,100,7,40,1730,38,6,2,1724,0.95,0.0034682080924855,0.8636363636363636,0.1363636363636363,0.255145715041594
ni_tfnbs,"e=1.0,h=2.0,n=30,start_thres=1.25",hub,0.25,100,7,40,1730,38,5,2,1725,0.95,0.0028901734104046,0.8837209302325582,0.1162790697674418,0.255145715041594
ni_tfnbs,"e=1.0,h=3.0,n=30,start_thres=1.25",hub,0.25,100,7,40,1730,38,5,2,1725,0.95,0.0028901734104046,0.8837209302325582,0.1162790697674418,0.255145715041594
ni_tfnbs,"e=1.0,h=4.0,n=30,start_thres=1.25",hub,0.25,100,7,40,1730,36,4,4,1726,0.9,0.0023121387283236,0.9,0.1,0.255145715041594
ni_tfnbs,"e=1.0,h=5.0,n=30,start_thres=1.25",hub,0.25,100,7,40,1730,36,4,4,1726,0.9,0.0023121387283236,0.9,0.1,0.255145715041594
ni_tfnbs,"e=1.0,h=6.0,n=30,start_thres=1.25",hub,0.25,100,7,40,1730,36,4,4,1726,0.9,0.0023121387283236,0.9,0.1,0.255145715041594
ni_tfnbs,"e=1.0,h=7.0,n=30,start_thres=1.25",hub,0.25,100,7,40,1730,36,2,4,1728,0.9,0.0011560693641618,0.9473684210526316,0.0526315789473684,0.255145715041594
ni_tfnbs,"e=1.0,h=8.0,n=30,start_thres=1.25",hub,0.25,100,7,40,1730,36,2,4,1728,0.9,0.0011560693641618,0.9473684210526316,0.0526315789473684,0.255145715041594
ni_tfnbs,"e=1.0,h=9.0,n=30,start_thres=1.25",hub,0.25,100,7,40,1730,34,2,6,1728,0.85,0.0011560693641618,0.9444444444444444,0.0555555555555555,0.255145715041594
ni_tfnbs,"e=1.0,h=10.0,n=30,start_thres=1.25",hub,0.25,100,7,40,1730,34,2,6,1728,0.85,0.0011560693641618,0.9444444444444444,0.0555555555555555,0.255145715041594
ni_tfnbs,"e=1.1,h=0.5,n=30,start_thres=1.25",hub,0.25,100,7,40,1730,38,10,2,1720,0.95,0.0057803468208092,0.7916666666666666,0.2083333333333333,0.255145715041594
ni_tfnbs,"e=1.1,h=1.0,n=30,start_thres=1.25",hub,0.25,100,7,40,1730,38,10,2,1720,0.95,0.0057803468208092,0.7916666666666666,0.2083333333333333,0.255145715041594
ni_tfnbs,"e=1.1,h=2.0,n=30,start_thres=1.25",hub,0.25,100,7,40,1730,38,6,2,1724,0.95,0.0034682080924855,0.8636363636363636,0.1363636363636363,0.255145715041594
ni_tfnbs,"e=1.1,h=3.0,n=30,start_thres=1.25",hub,0.25,100,7,40,1730,38,5,2,1725,0.95,0.0028901734104046,0.8837209302325582,0.1162790697674418,0.255145715041594
ni_tfnbs,"e=1.1,h=4.0,n=30,start_thres=1.25",hub,0.25,100,7,40,1730,38,5,2,1725,0.95,0.0028901734104046,0.8837209302325582,0.1162790697674418,0.255145715041594
ni_tfnbs,"e=1.1,h=5.0,n=30,start_thres=1.25",hub,0.25,100,7,40,1730,36,4,4,1726,0.9,0.0023121387283236,0.9,0.1,0.255145715041594
ni_tfnbs,"e=1.1,h=6.0,n=30,start_thres=1.25",hub,0.25,100,7,40,1730,36,4,4,1726,0.9,0.0023121387283236,0.9,0.1,0.255145715041594
ni_tfnbs,"e=1.1,h=7.0,n=30,start_thres=1.25",hub,0.25,100,7,40,1730,36,4,4,1726,0.9,0.0023121387283236,0.9,0.1,0.255145715041594
ni_tfnbs,"e=1.1,h=8.0,n=30,start_thres=1.25",hub,0.25,100,7,40,1730,36,2,4,1728,0.9,0.0011560693641618,0.9473684210526316,0.0526315789473684,0.255145715041594
ni_tfnbs,"e=1.1,h=9.0,n=30,start_thres=1.25",hub,0.25,100,7,40,1730,36,2,4,1728,0.9,0.0011560693641618,0.9473684210526316,0.0526315789473684,0.255145715041594
ni_tfnbs,"e=1.1,h=10.0,n=30,start_thres=1.25",hub,0.25,100,7,40,1730,34,2,6,1728,0.85,0.0011560693641618,0.9444444444444444,0.0555555555555555,0.255145715041594
ni_tfnbs,"e=1.2,h=0.5,n=30,start_thres=1.25",hub,0.25,100,7,40,1730,38,10,2,1720,0.95,0.0057803468208092,0.7916666666666666,0.2083333333333333,0.255145715041594
ni_tfnbs,"e=1.2,h=1.0,n=30,start_thres=1.25",hub,0.25,100,7,40,1730,38,10,2,1720,0.95,0.0057803468208092,0.7916666666666666,0.2083333333333333,0.255145715041594
ni_tfnbs,"e=1.2,h=2.0,n=30,start_thres=1.25",hub,0.25,100,7,40,1730,38,10,2,1720,0.95,0.0057803468208092,0.7916666666666666,0.2083333333333333,0.255145715041594
ni_tfnbs,"e=1.2,h=3.0,n=30,start_thres=1.25",hub,0.25,100,7,40,1730,38,6,2,1724,0.95,0.0034682080924855,0.8636363636363636,0.1363636363636363,0.255145715041594
ni_tfnbs,"e=1.2,h=4.0,n=30,start_thres=1.25",hub,0.25,100,7,40,1730,38,5,2,1725,0.95,0.0028901734104046,0.8837209302325582,0.1162790697674418,0.255145715041594
ni_tfnbs,"e=1.2,h=5.0,n=30,start_thres=1.25",hub,0.25,100,7,40,1730,38,5,2,1725,0.95,0.0028901734104046,0.8837209302325582,0.1162790697674418,0.255145715041594
ni_tfnbs,"e=1.2,h=6.0,n=30,start_thres=1.25",hub,0.25,100,7,40,1730,36,4,4,1726,0.9,0.0023121387283236,0.9,0.1,0.255145715041594
ni_tfnbs,"e=1.2,h=7.0,n=30,start_thres=1.25",hub,0.25,100,7,40,1730,36,4,4,1726,0.9,0.0023121387283236,0.9,0.1,0.255145715041594
ni_tfnbs,"e=1.2,h=8.0,n=30,start_thres=1.25",hub,0.25,100,7,40,1730,36,2,4,1728,0.9,0.0011560693641618,0.9473684210526316,0.0526315789473684,0.255145715041594
ni_tfnbs,"e=1.2,h=9.0,n=30,start_thres=1.25",hub,0.25,100,7,40,1730,36,2,4,1728,0.9,0.0011560693641618,0.9473684210526316,0.0526315789473684,0.255145715041594
ni_tfnbs,"e=1.2,h=10.0,n=30,start_thres=1.25",hub,0.25,100,7,40,1730,36,2,4,1728,0.9,0.0011560693641618,0.9473684210526316,0.0526315789473684,0.255145715041594
ni_tfnbs,"e=1.3,h=0.5,n=30,start_thres=1.25",hub,0.25,100,7,40,1730,38,10,2,1720,0.95,0.0057803468208092,0.7916666666666666,0.2083333333333333,0.255145715041594
ni_tfnbs,"e=1.3,h=1.0,n=30,start_thres=1.25",hub,0.25,100,7,40,1730,38,10,2,1720,0.95,0.0057803468208092,0.7916666666666666,0.2083333333333333,0.255145715041594
ni_tfnbs,"e=1.3,h=2.0,n=30,start_thres=1.25",hub,0.25,100,7,40,1730,38,10,2,1720,0.95,0.0057803468208092,0.7916666666666666,0.2083333333333333,0.255145715041594
ni_tfnbs,"e=1.3,h=3.0,n=30,start_thres=1.25",hub,0.25,100,7,40,1730,38,10,2,1720,0.95,0.0057803468208092,0.7916666666666666,0.2083333333333333,0.255145715041594
ni_tfnbs,"e=1.3,h=4.0,n=30,start_thres=1.25",hub,0.25,100,7,40,1730,38,6,2,1724,0.95,0.0034682080924855,0.8636363636363636,0.1363636363636363,0.255145715041594
ni_tfnbs,"e=1.3,h=5.0,n=30,start_thres=1.25",hub,0.25,100,7,40,1730,38,5,2,1725,0.95,0.0028901734104046,0.8837209302325582,0.1162790697674418,0.255145715041594
ni_tfnbs,"e=1.3,h=6.0,n=30,start_thres=1.25",hub,0.25,100,7,40,1730,36,4,4,1726,0.9,0.0023121387283236,0.9,0.1,0.255145715041594
ni_tfnbs,"e=1.3,h=7.0,n=30,start_thres=1.25",hub,0.25,100,7,40,1730,36,4,4,1726,0.9,0.0023121387283236,0.9,0.1,0.255145715041594
ni_tfnbs,"e=1.3,h=8.0,n=30,start_thres=1.25",hub,0.25,100,7,40,1730,36,4,4,1726,0.9,0.0023121387283236,0.9,0.1,0.255145715041594
ni_tfnbs,"e=1.3,h=9.0,n=30,start_thres=1.25",hub,0.25,100,7,40,1730,36,2,4,1728,0.9,0.0011560693641618,0.9473684210526316,0.0526315789473684,0.255145715041594
ni_tfnbs,"e=1.3,h=10.0,n=30,start_thres=1.25",hub,0.25,100,7,40,1730,36,2,4,1728,0.9,0.0011560693641618,0.9473684210526316,0.0526315789473684,0.255145715041594
ni_tfnbs,"e=1.4,h=0.5,n=30,start_thres=1.25",hub,0.25,100,7,40,1730,38,13,2,1717,0.95,0.007514450867052,0.7450980392156863,0.2549019607843137,0.255145715041594
ni_tfnbs,"e=1.4,h=1.0,n=30,start_thres=1.25",hub,0.25,100,7,40,1730,38,13,2,1717,0.95,0.007514450867052,0.7450980392156863,0.2549019607843137,0.255145715041594
ni_tfnbs,"e=1.4,h=2.0,n=30,start_thres=1.25",hub,0.25,100,7,40,1730,38,13,2,1717,0.95,0.007514450867052,0.7450980392156863,0.2549019607843137,0.255145715041594
ni_tfnbs,"e=1.4,h=3.0,n=30,start_thres=1.25",hub,0.25,100,7,40,1730,38,10,2,1720,0.95,0.0057803468208092,0.7916666666666666,0.2083333333333333,0.255145715041594
ni_tfnbs,"e=1.4,h=4.0,n=30,start_thres=1.25",hub,0.25,100,7,40,1730,38,10,2,1720,0.95,0.0057803468208092,0.7916666666666666,0.2083333333333333,0.255145715041594
ni_tfnbs,"e=1.4,h=5.0,n=30,start_thres=1.25",hub,0.25,100,7,40,1730,38,5,2,1725,0.95,0.0028901734104046,0.8837209302325582,0.1162790697674418,0.255145715041594
ni_tfnbs,"e=1.4,h=6.0,n=30,start_thres=1.25",hub,0.25,100,7,40,1730,38,5,2,1725,0.95,0.0028901734104046,0.8837209302325582,0.1162790697674418,0.255145715041594
ni_tfnbs,"e=1.4,h=7.0,n=30,start_thres=1.25",hub,0.25,100,7,40,1730,36,4,4,1726,0.9,0.0023121387283236,0.9,0.1,0.255145715041594
ni_tfnbs,"e=1.4,h=8.0,n=30,start_thres=1.25",hub,0.25,100,7,40,1730,36,4,4,1726,0.9,0.0023121387283236,0.9,0.1,0.255145715041594
ni_tfnbs,"e=1.4,h=9.0,n=30,start_thres=1.25",hub,0.25,100,7,40,1730,36,4,4,1726,0.9,0.0023121387283236,0.9,0.1,0.255145715041594
ni_tfnbs,"e=1.4,h=10.0,n=30,start_thres=1.25",hub,0.25,100,7,40,1730,36,2,4,1728,0.9,0.0011560693641618,0.9473684210526316,0.0526315789473684,0.255145715041594
ni_tfnbs,"e=1.5,h=0.5,n=30,start_thres=1.25",hub,0.25,100,7,40,1730,38,13,2,1717,0.95,0.007514450867052,0.7450980392156863,0.2549019607843137,0.255145715041594
ni_tfnbs,"e=1.5,h=1.0,n=30,start_thres=1.25",hub,0.25,100,7,40,1730,38,13,2,1717,0.95,0.007514450867052,0.7450980392156863,0.2549019607843137,0.255145715041594
ni_tfnbs,"e=1.5,h=2.0,n=30,start_thres=1.25",hub,0.25,100,7,40,1730,38,13,2,1717,0.95,0.007514450867052,0.7450980392156863,0.2549019607843137,0.255145715041594
ni_tfnbs,"e=1.5,h=3.0,n=30,start_thres=1.25",hub,0.25,100,7,40,1730,38,13,2,1717,0.95,0.007514450867052,0.7450980392156863,0.2549019607843137,0.255145715041594
ni_tfnbs,"e=1.5,h=4.0,n=30,start_thres=1.25",hub,0.25,100,7,40,1730,38,10,2,1720,0.95,0.0057803468208092,0.7916666666666666,0.2083333333333333,0.255145715041594
ni_tfnbs,"e=1.5,h=5.0,n=30,start_thres=1.25",hub,0.25,100,7,40,1730,38,10,2,1720,0.95,0.0057803468208092,0.7916666666666666,0.2083333333333333,0.255145715041594
ni_tfnbs,"e=1.5,h=6.0,n=30,start_thres=1.25",hub,0.25,100,7,40,1730,38,5,2,1725,0.95,0.0028901734104046,0.8837209302325582,0.1162790697674418,0.255145715041594
ni_tfnbs,"e=1.5,h=7.0,n=30,start_thres=1.25",hub,0.25,100,7,40,1730,36,4,4,1726,0.9,0.0023121387283236,0.9,0.1,0.255145715041594
ni_tfnbs,"e=1.5,h=8.0,n=30,start_thres=1.25",hub,0.25,100,7,40,1730,36,4,4,1726,0.9,0.0023121387283236,0.9,0.1,0.255145715041594
ni_tfnbs,"e=1.5,h=9.0,n=30,start_thres=1.25",hub,0.25,100,7,40,1730,36,4,4,1726,0.9,0.0023121387283236,0.9,0.1,0.255145715041594
ni_tfnbs,"e=1.5,h=10.0,n=30,start_thres=1.25",hub,0.25,100,7,40,1730,36,4,4,1726,0.9,0.0023121387283236,0.9,0.1,0.255145715041594
ni_tfnbs,"e=0.05,h=0.5,n=30,start_thres=1.25",hub,0.25,100,8,40,1730,23,0,17,1730,0.575,0.0,1.0,0.0,0.2564365538683804
ni_tfnbs,"e=0.05,h=1.0,n=30,start_thres=1.25",hub,0.25,100,8,40,1730,23,0,17,1730,0.575,0.0,1.0,0.0,0.2564365538683804
ni_tfnbs,"e=0.05,h=2.0,n=30,start_thres=1.25",hub,0.25,100,8,40,1730,23,0,17,1730,0.575,0.0,1.0,0.0,0.2564365538683804
ni_tfnbs,"e=0.05,h=3.0,n=30,start_thres=1.25",hub,0.25,100,8,40,1730,23,0,17,1730,0.575,0.0,1.0,0.0,0.2564365538683804
ni_tfnbs,"e=0.05,h=4.0,n=30,start_thres=1.25",hub,0.25,100,8,40,1730,23,0,17,1730,0.575,0.0,1.0,0.0,0.2564365538683804
ni_tfnbs,"e=0.05,h=5.0,n=30,start_thres=1.25",hub,0.25,100,8,40,1730,23,0,17,1730,0.575,0.0,1.0,0.0,0.2564365538683804
ni_tfnbs,"e=0.05,h=6.0,n=30,start_thres=1.25",hub,0.25,100,8,40,1730,21,0,19,1730,0.525,0.0,1.0,0.0,0.2564365538683804
ni_tfnbs,"e=0.05,h=7.0,n=30,start_thres=1.25",hub,0.25,100,8,40,1730,21,0,19,1730,0.525,0.0,1.0,0.0,0.2564365538683804
ni_tfnbs,"e=0.05,h=8.0,n=30,start_thres=1.25",hub,0.25,100,8,40,1730,21,0,19,1730,0.525,0.0,1.0,0.0,0.2564365538683804
ni_tfnbs,"e=0.05,h=9.0,n=30,start_thres=1.25",hub,0.25,100,8,40,1730,21,0,19,1730,0.525,0.0,1.0,0.0,0.2564365538683804
ni_tfnbs,"e=0.05,h=10.0,n=30,start_thres=1.25",hub,0.25,100,8,40,1730,21,0,19,1730,0.525,0.0,1.0,0.0,0.2564365538683804
ni_tfnbs,"e=0.1,h=0.5,n=30,start_thres=1.25",hub,0.25,100,8,40,1730,23,0,17,1730,0.575,0.0,1.0,0.0,0.2564365538683804
ni_tfnbs,"e=0.1,h=1.0,n=30,start_thres=1.25",hub,0.25,100,8,40,1730,23,0,17,1730,0.575,0.0,1.0,0.0,0.2564365538683804
ni_tfnbs,"e=0.1,h=2.0,n=30,start_thres=1.25",hub,0.25,100,8,40,1730,23,0,17,1730,0.575,0.0,1.0,0.0,0.2564365538683804
ni_tfnbs,"e=0.1,h=3.0,n=30,start_thres=1.25",hub,0.25,100,8,40,1730,23,0,17,1730,0.575,0.0,1.0,0.0,0.2564365538683804
ni_tfnbs,"e=0.1,h=4.0,n=30,start_thres=1.25",hub,0.25,100,8,40,1730,23,0,17,1730,0.575,0.0,1.0,0.0,0.2564365538683804
ni_tfnbs,"e=0.1,h=5.0,n=30,start_thres=1.25",hub,0.25,100,8,40,1730,23,0,17,1730,0.575,0.0,1.0,0.0,0.2564365538683804
ni_tfnbs,"e=0.1,h=6.0,n=30,start_thres=1.25",hub,0.25,100,8,40,1730,23,0,17,1730,0.575,0.0,1.0,0.0,0.2564365538683804
ni_tfnbs,"e=0.1,h=7.0,n=30,start_thres=1.25",hub,0.25,100,8,40,1730,23,0,17,1730,0.575,0.0,1.0,0.0,0.2564365538683804
ni_tfnbs,"e=0.1,h=8.0,n=30,start_thres=1.25",hub,0.25,100,8,40,1730,23,0,17,1730,0.575,0.0,1.0,0.0,0.2564365538683804
ni_tfnbs,"e=0.1,h=9.0,n=30,start_thres=1.25",hub,0.25,100,8,40,1730,23,0,17,1730,0.575,0.0,1.0,0.0,0.2564365538683804
ni_tfnbs,"e=0.1,h=10.0,n=30,start_thres=1.25",hub,0.25,100,8,40,1730,23,0,17,1730,0.575,0.0,1.0,0.0,0.2564365538683804
ni_tfnbs,"e=0.2,h=0.5,n=30,start_thres=1.25",hub,0.25,100,8,40,1730,23,0,17,1730,0.575,0.0,1.0,0.0,0.2564365538683804
ni_tfnbs,"e=0.2,h=1.0,n=30,start_thres=1.25",hub,0.25,100,8,40,1730,23,0,17,1730,0.575,0.0,1.0,0.0,0.2564365538683804
ni_tfnbs,"e=0.2,h=2.0,n=30,start_thres=1.25",hub,0.25,100,8,40,1730,23,0,17,1730,0.575,0.0,1.0,0.0,0.2564365538683804
ni_tfnbs,"e=0.2,h=3.0,n=30,start_thres=1.25",hub,0.25,100,8,40,1730,23,0,17,1730,0.575,0.0,1.0,0.0,0.2564365538683804
ni_tfnbs,"e=0.2,h=4.0,n=30,start_thres=1.25",hub,0.25,100,8,40,1730,23,0,17,1730,0.575,0.0,1.0,0.0,0.2564365538683804
ni_tfnbs,"e=0.2,h=5.0,n=30,start_thres=1.25",hub,0.25,100,8,40,1730,23,0,17,1730,0.575,0.0,1.0,0.0,0.2564365538683804
ni_tfnbs,"e=0.2,h=6.0,n=30,start_thres=1.25",hub,0.25,100,8,40,1730,23,0,17,1730,0.575,0.0,1.0,0.0,0.2564365538683804
ni_tfnbs,"e=0.2,h=7.0,n=30,start_thres=1.25",hub,0.25,100,8,40,1730,23,0,17,1730,0.575,0.0,1.0,0.0,0.2564365538683804
ni_tfnbs,"e=0.2,h=8.0,n=30,start_thres=1.25",hub,0.25,100,8,40,1730,23,0,17,1730,0.575,0.0,1.0,0.0,0.2564365538683804
ni_tfnbs,"e=0.2,h=9.0,n=30,start_thres=1.25",hub,0.25,100,8,40,1730,23,0,17,1730,0.575,0.0,1.0,0.0,0.2564365538683804
ni_tfnbs,"e=0.2,h=10.0,n=30,start_thres=1.25",hub,0.25,100,8,40,1730,23,0,17,1730,0.575,0.0,1.0,0.0,0.2564365538683804
ni_tfnbs,"e=0.3,h=0.5,n=30,start_thres=1.25",hub,0.25,100,8,40,1730,24,0,16,1730,0.6,0.0,1.0,0.0,0.2564365538683804
ni_tfnbs,"e=0.3,h=1.0,n=30,start_thres=1.25",hub,0.25,100,8,40,1730,24,0,16,1730,0.6,0.0,1.0,0.0,0.2564365538683804
ni_tfnbs,"e=0.3,h=2.0,n=30,start_thres=1.25",hub,0.25,100,8,40,1730,24,0,16,1730,0.6,0.0,1.0,0.0,0.2564365538683804
ni_tfnbs,"e=0.3,h=3.0,n=30,start_thres=1.25",hub,0.25,100,8,40,1730,23,0,17,1730,0.575,0.0,1.0,0.0,0.2564365538683804
ni_tfnbs,"e=0.3,h=4.0,n=30,start_thres=1.25",hub,0.25,100,8,40,1730,23,0,17,1730,0.575,0.0,1.0,0.0,0.2564365538683804
ni_tfnbs,"e=0.3,h=5.0,n=30,start_thres=1.25",hub,0.25,100,8,40,1730,23,0,17,1730,0.575,0.0,1.0,0.0,0.2564365538683804
ni_tfnbs,"e=0.3,h=6.0,n=30,start_thres=1.25",hub,0.25,100,8,40,1730,23,0,17,1730,0.575,0.0,1.0,0.0,0.2564365538683804
ni_tfnbs,"e=0.3,h=7.0,n=30,start_thres=1.25",hub,0.25,100,8,40,1730,23,0,17,1730,0.575,0.0,1.0,0.0,0.2564365538683804
ni_tfnbs,"e=0.3,h=8.0,n=30,start_thres=1.25",hub,0.25,100,8,40,1730,23,0,17,1730,0.575,0.0,1.0,0.0,0.2564365538683804
ni_tfnbs,"e=0.3,h=9.0,n=30,start_thres=1.25",hub,0.25,100,8,40,1730,23,0,17,1730,0.575,0.0,1.0,0.0,0.2564365538683804
ni_tfnbs,"e=0.3,h=10.0,n=30,start_thres=1.25",hub,0.25,100,8,40,1730,23,0,17,1730,0.575,0.0,1.0,0.0,0.2564365538683804
ni_tfnbs,"e=0.4,h=0.5,n=30,start_thres=1.25",hub,0.25,100,8,40,1730,28,0,12,1730,0.7,0.0,1.0,0.0,0.2564365538683804
ni_tfnbs,"e=0.4,h=1.0,n=30,start_thres=1.25",hub,0.25,100,8,40,1730,28,0,12,1730,0.7,0.0,1.0,0.0,0.2564365538683804
ni_tfnbs,"e=0.4,h=2.0,n=30,start_thres=1.25",hub,0.25,100,8,40,1730,28,0,12,1730,0.7,0.0,1.0,0.0,0.2564365538683804
ni_tfnbs,"e=0.4,h=3.0,n=30,start_thres=1.25",hub,0.25,100,8,40,1730,24,0,16,1730,0.6,0.0,1.0,0.0,0.2564365538683804
ni_tfnbs,"e=0.4,h=4.0,n=30,start_thres=1.25",hub,0.25,100,8,40,1730,24,0,16,1730,0.6,0.0,1.0,0.0,0.2564365538683804
ni_tfnbs,"e=0.4,h=5.0,n=30,start_thres=1.25",hub,0.25,100,8,40,1730,23,0,17,1730,0.575,0.0,1.0,0.0,0.2564365538683804
ni_tfnbs,"e=0.4,h=6.0,n=30,start_thres=1.25",hub,0.25,100,8,40,1730,23,0,17,1730,0.575,0.0,1.0,0.0,0.2564365538683804
ni_tfnbs,"e=0.4,h=7.0,n=30,start_thres=1.25",hub,0.25,100,8,40,1730,23,0,17,1730,0.575,0.0,1.0,0.0,0.2564365538683804
ni_tfnbs,"e=0.4,h=8.0,n=30,start_thres=1.25",hub,0.25,100,8,40,1730,23,0,17,1730,0.575,0.0,1.0,0.0,0.2564365538683804
ni_tfnbs,"e=0.4,h=9.0,n=30,start_thres=1.25",hub,0.25,100,8,40,1730,23,0,17,1730,0.575,0.0,1.0,0.0,0.2564365538683804
ni_tfnbs,"e=0.4,h=10.0,n=30,start_thres=1.25",hub,0.25,100,8,40,1730,23,0,17,1730,0.575,0.0,1.0,0.0,0.2564365538683804
ni_tfnbs,"e=0.5,h=0.5,n=30,start_thres=1.25",hub,0.25,100,8,40,1730,30,0,10,1730,0.75,0.0,1.0,0.0,0.2564365538683804
ni_tfnbs,"e=0.5,h=1.0,n=30,start_thres=1.25",hub,0.25,100,8,40,1730,30,0,10,1730,0.75,0.0,1.0,0.0,0.2564365538683804
ni_tfnbs,"e=0.5,h=2.0,n=30,start_thres=1.25",hub,0.25,100,8,40,1730,28,0,12,1730,0.7,0.0,1.0,0.0,0.2564365538683804
ni_tfnbs,"e=0.5,h=3.0,n=30,start_thres=1.25",hub,0.25,100,8,40,1730,28,0,12,1730,0.7,0.0,1.0,0.0,0.2564365538683804
ni_tfnbs,"e=0.5,h=4.0,n=30,start_thres=1.25",hub,0.25,100,8,40,1730,25,0,15,1730,0.625,0.0,1.0,0.0,0.2564365538683804
ni_tfnbs,"e=0.5,h=5.0,n=30,start_thres=1.25",hub,0.25,100,8,40,1730,24,0,16,1730,0.6,0.0,1.0,0.0,0.2564365538683804
ni_tfnbs,"e=0.5,h=6.0,n=30,start_thres=1.25",hub,0.25,100,8,40,1730,24,0,16,1730,0.6,0.0,1.0,0.0,0.2564365538683804
ni_tfnbs,"e=0.5,h=7.0,n=30,start_thres=1.25",hub,0.25,100,8,40,1730,23,0,17,1730,0.575,0.0,1.0,0.0,0.2564365538683804
ni_tfnbs,"e=0.5,h=8.0,n=30,start_thres=1.25",hub,0.25,100,8,40,1730,23,0,17,1730,0.575,0.0,1.0,0.0,0.2564365538683804
ni_tfnbs,"e=0.5,h=9.0,n=30,start_thres=1.25",hub,0.25,100,8,40,1730,23,0,17,1730,0.575,0.0,1.0,0.0,0.2564365538683804
ni_tfnbs,"e=0.5,h=10.0,n=30,start_thres=1.25",hub,0.25,100,8,40,1730,23,0,17,1730,0.575,0.0,1.0,0.0,0.2564365538683804
ni_tfnbs,"e=0.6,h=0.5,n=30,start_thres=1.25",hub,0.25,100,8,40,1730,30,0,10,1730,0.75,0.0,1.0,0.0,0.2564365538683804
ni_tfnbs,"e=0.6,h=1.0,n=30,start_thres=1.25",hub,0.25,100,8,40,1730,30,0,10,1730,0.75,0.0,1.0,0.0,0.2564365538683804
ni_tfnbs,"e=0.6,h=2.0,n=30,start_thres=1.25",hub,0.25,100,8,40,1730,30,0,10,1730,0.75,0.0,1.0,0.0,0.2564365538683804
ni_tfnbs,"e=0.6,h=3.0,n=30,start_thres=1.25",hub,0.25,100,8,40,1730,30,0,10,1730,0.75,0.0,1.0,0.0,0.2564365538683804
ni_tfnbs,"e=0.6,h=4.0,n=30,start_thres=1.25",hub,0.25,100,8,40,1730,28,0,12,1730,0.7,0.0,1.0,0.0,0.2564365538683804
ni_tfnbs,"e=0.6,h=5.0,n=30,start_thres=1.25",hub,0.25,100,8,40,1730,28,0,12,1730,0.7,0.0,1.0,0.0,0.2564365538683804
ni_tfnbs,"e=0.6,h=6.0,n=30,start_thres=1.25",hub,0.25,100,8,40,1730,24,0,16,1730,0.6,0.0,1.0,0.0,0.2564365538683804
ni_tfnbs,"e=0.6,h=7.0,n=30,start_thres=1.25",hub,0.25,100,8,40,1730,24,0,16,1730,0.6,0.0,1.0,0.0,0.2564365538683804
ni_tfnbs,"e=0.6,h=8.0,n=30,start_thres=1.25",hub,0.25,100,8,40,1730,23,0,17,1730,0.575,0.0,1.0,0.0,0.2564365538683804
ni_tfnbs,"e=0.6,h=9.0,n=30,start_thres=1.25",hub,0.25,100,8,40,1730,23,0,17,1730,0.575,0.0,1.0,0.0,0.2564365538683804
ni_tfnbs,"e=0.6,h=10.0,n=30,start_thres=1.25",hub,0.25,100,8,40,1730,23,0,17,1730,0.575,0.0,1.0,0.0,0.2564365538683804
ni_tfnbs,"e=0.7,h=0.5,n=30,start_thres=1.25",hub,0.25,100,8,40,1730,32,0,8,1730,0.8,0.0,1.0,0.0,0.2564365538683804
ni_tfnbs,"e=0.7,h=1.0,n=30,start_thres=1.25",hub,0.25,100,8,40,1730,33,0,7,1730,0.825,0.0,1.0,0.0,0.2564365538683804
ni_tfnbs,"e=0.7,h=2.0,n=30,start_thres=1.25",hub,0.25,100,8,40,1730,32,0,8,1730,0.8,0.0,1.0,0.0,0.2564365538683804
ni_tfnbs,"e=0.7,h=3.0,n=30,start_thres=1.25",hub,0.25,100,8,40,1730,30,0,10,1730,0.75,0.0,1.0,0.0,0.2564365538683804
ni_tfnbs,"e=0.7,h=4.0,n=30,start_thres=1.25",hub,0.25,100,8,40,1730,30,0,10,1730,0.75,0.0,1.0,0.0,0.2564365538683804
ni_tfnbs,"e=0.7,h=5.0,n=30,start_thres=1.25",hub,0.25,100,8,40,1730,28,0,12,1730,0.7,0.0,1.0,0.0,0.2564365538683804
ni_tfnbs,"e=0.7,h=6.0,n=30,start_thres=1.25",hub,0.25,100,8,40,1730,28,0,12,1730,0.7,0.0,1.0,0.0,0.2564365538683804
ni_tfnbs,"e=0.7,h=7.0,n=30,start_thres=1.25",hub,0.25,100,8,40,1730,24,0,16,1730,0.6,0.0,1.0,0.0,0.2564365538683804
ni_tfnbs,"e=0.7,h=8.0,n=30,start_thres=1.25",hub,0.25,100,8,40,1730,24,0,16,1730,0.6,0.0,1.0,0.0,0.2564365538683804
ni_tfnbs,"e=0.7,h=9.0,n=30,start_thres=1.25",hub,0.25,100,8,40,1730,24,0,16,1730,0.6,0.0,1.0,0.0,0.2564365538683804
ni_tfnbs,"e=0.7,h=10.0,n=30,start_thres=1.25",hub,0.25,100,8,40,1730,23,0,17,1730,0.575,0.0,1.0,0.0,0.2564365538683804
ni_tfnbs,"e=0.8,h=0.5,n=30,start_thres=1.25",hub,0.25,100,8,40,1730,33,0,7,1730,0.825,0.0,1.0,0.0,0.2564365538683804
ni_tfnbs,"e=0.8,h=1.0,n=30,start_thres=1.25",hub,0.25,100,8,40,1730,33,0,7,1730,0.825,0.0,1.0,0.0,0.2564365538683804
ni_tfnbs,"e=0.8,h=2.0,n=30,start_thres=1.25",hub,0.25,100,8,40,1730,33,0,7,1730,0.825,0.0,1.0,0.0,0.2564365538683804
ni_tfnbs,"e=0.8,h=3.0,n=30,start_thres=1.25",hub,0.25,100,8,40,1730,33,0,7,1730,0.825,0.0,1.0,0.0,0.2564365538683804
ni_tfnbs,"e=0.8,h=4.0,n=30,start_thres=1.25",hub,0.25,100,8,40,1730,30,0,10,1730,0.75,0.0,1.0,0.0,0.2564365538683804
ni_tfnbs,"e=0.8,h=5.0,n=30,start_thres=1.25",hub,0.25,100,8,40,1730,30,0,10,1730,0.75,0.0,1.0,0.0,0.2564365538683804
ni_tfnbs,"e=0.8,h=6.0,n=30,start_thres=1.25",hub,0.25,100,8,40,1730,28,0,12,1730,0.7,0.0,1.0,0.0,0.2564365538683804
ni_tfnbs,"e=0.8,h=7.0,n=30,start_thres=1.25",hub,0.25,100,8,40,1730,28,0,12,1730,0.7,0.0,1.0,0.0,0.2564365538683804
ni_tfnbs,"e=0.8,h=8.0,n=30,start_thres=1.25",hub,0.25,100,8,40,1730,26,0,14,1730,0.65,0.0,1.0,0.0,0.2564365538683804
ni_tfnbs,"e=0.8,h=9.0,n=30,start_thres=1.25",hub,0.25,100,8,40,1730,24,0,16,1730,0.6,0.0,1.0,0.0,0.2564365538683804
ni_tfnbs,"e=0.8,h=10.0,n=30,start_thres=1.25",hub,0.25,100,8,40,1730,24,0,16,1730,0.6,0.0,1.0,0.0,0.2564365538683804
ni_tfnbs,"e=0.9,h=0.5,n=30,start_thres=1.25",hub,0.25,100,8,40,1730,33,0,7,1730,0.825,0.0,1.0,0.0,0.2564365538683804
ni_tfnbs,"e=0.9,h=1.0,n=30,start_thres=1.25",hub,0.25,100,8,40,1730,33,0,7,1730,0.825,0.0,1.0,0.0,0.2564365538683804
ni_tfnbs,"e=0.9,h=2.0,n=30,start_thres=1.25",hub,0.25,100,8,40,1730,33,0,7,1730,0.825,0.0,1.0,0.0,0.2564365538683804
ni_tfnbs,"e=0.9,h=3.0,n=30,start_thres=1.25",hub,0.25,100,8,40,1730,33,0,7,1730,0.825,0.0,1.0,0.0,0.2564365538683804
ni_tfnbs,"e=0.9,h=4.0,n=30,start_thres=1.25",hub,0.25,100,8,40,1730,33,0,7,1730,0.825,0.0,1.0,0.0,0.2564365538683804
ni_tfnbs,"e=0.9,h=5.0,n=30,start_thres=1.25",hub,0.25,100,8,40,1730,30,0,10,1730,0.75,0.0,1.0,0.0,0.2564365538683804
ni_tfnbs,"e=0.9,h=6.0,n=30,start_thres=1.25",hub,0.25,100,8,40,1730,30,0,10,1730,0.75,0.0,1.0,0.0,0.2564365538683804
ni_tfnbs,"e=0.9,h=7.0,n=30,start_thres=1.25",hub,0.25,100,8,40,1730,30,0,10,1730,0.75,0.0,1.0,0.0,0.2564365538683804
ni_tfnbs,"e=0.9,h=8.0,n=30,start_thres=1.25",hub,0.25,100,8,40,1730,28,0,12,1730,0.7,0.0,1.0,0.0,0.2564365538683804
ni_tfnbs,"e=0.9,h=9.0,n=30,start_thres=1.25",hub,0.25,100,8,40,1730,27,0,13,1730,0.675,0.0,1.0,0.0,0.2564365538683804
ni_tfnbs,"e=0.9,h=10.0,n=30,start_thres=1.25",hub,0.25,100,8,40,1730,24,0,16,1730,0.6,0.0,1.0,0.0,0.2564365538683804
ni_tfnbs,"e=1.0,h=0.5,n=30,start_thres=1.25",hub,0.25,100,8,40,1730,34,0,6,1730,0.85,0.0,1.0,0.0,0.2564365538683804
ni_tfnbs,"e=1.0,h=1.0,n=30,start_thres=1.25",hub,0.25,100,8,40,1730,34,0,6,1730,0.85,0.0,1.0,0.0,0.2564365538683804
ni_tfnbs,"e=1.0,h=2.0,n=30,start_thres=1.25",hub,0.25,100,8,40,1730,34,0,6,1730,0.85,0.0,1.0,0.0,0.2564365538683804
ni_tfnbs,"e=1.0,h=3.0,n=30,start_thres=1.25",hub,0.25,100,8,40,1730,33,0,7,1730,0.825,0.0,1.0,0.0,0.2564365538683804
ni_tfnbs,"e=1.0,h=4.0,n=30,start_thres=1.25",hub,0.25,100,8,40,1730,33,0,7,1730,0.825,0.0,1.0,0.0,0.2564365538683804
ni_tfnbs,"e=1.0,h=5.0,n=30,start_thres=1.25",hub,0.25,100,8,40,1730,33,0,7,1730,0.825,0.0,1.0,0.0,0.2564365538683804
ni_tfnbs,"e=1.0,h=6.0,n=30,start_thres=1.25",hub,0.25,100,8,40,1730,30,0,10,1730,0.75,0.0,1.0,0.0,0.2564365538683804
ni_tfnbs,"e=1.0,h=7.0,n=30,start_thres=1.25",hub,0.25,100,8,40,1730,30,0,10,1730,0.75,0.0,1.0,0.0,0.2564365538683804
ni_tfnbs,"e=1.0,h=8.0,n=30,start_thres=1.25",hub,0.25,100,8,40,1730,28,0,12,1730,0.7,0.0,1.0,0.0,0.2564365538683804
ni_tfnbs,"e=1.0,h=9.0,n=30,start_thres=1.25",hub,0.25,100,8,40,1730,28,0,12,1730,0.7,0.0,1.0,0.0,0.2564365538683804
ni_tfnbs,"e=1.0,h=10.0,n=30,start_thres=1.25",hub,0.25,100,8,40,1730,27,0,13,1730,0.675,0.0,1.0,0.0,0.2564365538683804
ni_tfnbs,"e=1.1,h=0.5,n=30,start_thres=1.25",hub,0.25,100,8,40,1730,34,0,6,1730,0.85,0.0,1.0,0.0,0.2564365538683804
ni_tfnbs,"e=1.1,h=1.0,n=30,start_thres=1.25",hub,0.25,100,8,40,1730,34,0,6,1730,0.85,0.0,1.0,0.0,0.2564365538683804
ni_tfnbs,"e=1.1,h=2.0,n=30,start_thres=1.25",hub,0.25,100,8,40,1730,34,0,6,1730,0.85,0.0,1.0,0.0,0.2564365538683804
ni_tfnbs,"e=1.1,h=3.0,n=30,start_thres=1.25",hub,0.25,100,8,40,1730,34,0,6,1730,0.85,0.0,1.0,0.0,0.2564365538683804
ni_tfnbs,"e=1.1,h=4.0,n=30,start_thres=1.25",hub,0.25,100,8,40,1730,33,0,7,1730,0.825,0.0,1.0,0.0,0.2564365538683804
ni_tfnbs,"e=1.1,h=5.0,n=30,start_thres=1.25",hub,0.25,100,8,40,1730,33,0,7,1730,0.825,0.0,1.0,0.0,0.2564365538683804
ni_tfnbs,"e=1.1,h=6.0,n=30,start_thres=1.25",hub,0.25,100,8,40,1730,33,0,7,1730,0.825,0.0,1.0,0.0,0.2564365538683804
ni_tfnbs,"e=1.1,h=7.0,n=30,start_thres=1.25",hub,0.25,100,8,40,1730,30,0,10,1730,0.75,0.0,1.0,0.0,0.2564365538683804
ni_tfnbs,"e=1.1,h=8.0,n=30,start_thres=1.25",hub,0.25,100,8,40,1730,30,0,10,1730,0.75,0.0,1.0,0.0,0.2564365538683804
ni_tfnbs,"e=1.1,h=9.0,n=30,start_thres=1.25",hub,0.25,100,8,40,1730,28,0,12,1730,0.7,0.0,1.0,0.0,0.2564365538683804
ni_tfnbs,"e=1.1,h=10.0,n=30,start_thres=1.25",hub,0.25,100,8,40,1730,28,0,12,1730,0.7,0.0,1.0,0.0,0.2564365538683804
ni_tfnbs,"e=1.2,h=0.5,n=30,start_thres=1.25",hub,0.25,100,8,40,1730,34,0,6,1730,0.85,0.0,1.0,0.0,0.2564365538683804
ni_tfnbs,"e=1.2,h=1.0,n=30,start_thres=1.25",hub,0.25,100,8,40,1730,34,0,6,1730,0.85,0.0,1.0,0.0,0.2564365538683804
ni_tfnbs,"e=1.2,h=2.0,n=30,start_thres=1.25",hub,0.25,100,8,40,1730,34,0,6,1730,0.85,0.0,1.0,0.0,0.2564365538683804
ni_tfnbs,"e=1.2,h=3.0,n=30,start_thres=1.25",hub,0.25,100,8,40,1730,34,0,6,1730,0.85,0.0,1.0,0.0,0.2564365538683804
ni_tfnbs,"e=1.2,h=4.0,n=30,start_thres=1.25",hub,0.25,100,8,40,1730,34,0,6,1730,0.85,0.0,1.0,0.0,0.2564365538683804
ni_tfnbs,"e=1.2,h=5.0,n=30,start_thres=1.25",hub,0.25,100,8,40,1730,33,0,7,1730,0.825,0.0,1.0,0.0,0.2564365538683804
ni_tfnbs,"e=1.2,h=6.0,n=30,start_thres=1.25",hub,0.25,100,8,40,1730,33,0,7,1730,0.825,0.0,1.0,0.0,0.2564365538683804
ni_tfnbs,"e=1.2,h=7.0,n=30,start_thres=1.25",hub,0.25,100,8,40,1730,31,0,9,1730,0.775,0.0,1.0,0.0,0.2564365538683804
ni_tfnbs,"e=1.2,h=8.0,n=30,start_thres=1.25",hub,0.25,100,8,40,1730,30,0,10,1730,0.75,0.0,1.0,0.0,0.2564365538683804
ni_tfnbs,"e=1.2,h=9.0,n=30,start_thres=1.25",hub,0.25,100,8,40,1730,30,0,10,1730,0.75,0.0,1.0,0.0,0.2564365538683804
ni_tfnbs,"e=1.2,h=10.0,n=30,start_thres=1.25",hub,0.25,100,8,40,1730,28,0,12,1730,0.7,0.0,1.0,0.0,0.2564365538683804
ni_tfnbs,"e=1.3,h=0.5,n=30,start_thres=1.25",hub,0.25,100,8,40,1730,34,0,6,1730,0.85,0.0,1.0,0.0,0.2564365538683804
ni_tfnbs,"e=1.3,h=1.0,n=30,start_thres=1.25",hub,0.25,100,8,40,1730,34,0,6,1730,0.85,0.0,1.0,0.0,0.2564365538683804
ni_tfnbs,"e=1.3,h=2.0,n=30,start_thres=1.25",hub,0.25,100,8,40,1730,34,1,6,1729,0.85,0.0005780346820809,0.9714285714285714,0.0285714285714285,0.2564365538683804
ni_tfnbs,"e=1.3,h=3.0,n=30,start_thres=1.25",hub,0.25,100,8,40,1730,34,1,6,1729,0.85,0.0005780346820809,0.9714285714285714,0.0285714285714285,0.2564365538683804
ni_tfnbs,"e=1.3,h=4.0,n=30,start_thres=1.25",hub,0.25,100,8,40,1730,34,0,6,1730,0.85,0.0,1.0,0.0,0.2564365538683804
ni_tfnbs,"e=1.3,h=5.0,n=30,start_thres=1.25",hub,0.25,100,8,40,1730,34,0,6,1730,0.85,0.0,1.0,0.0,0.2564365538683804
ni_tfnbs,"e=1.3,h=6.0,n=30,start_thres=1.25",hub,0.25,100,8,40,1730,33,0,7,1730,0.825,0.0,1.0,0.0,0.2564365538683804
ni_tfnbs,"e=1.3,h=7.0,n=30,start_thres=1.25",hub,0.25,100,8,40,1730,33,0,7,1730,0.825,0.0,1.0,0.0,0.2564365538683804
ni_tfnbs,"e=1.3,h=8.0,n=30,start_thres=1.25",hub,0.25,100,8,40,1730,31,0,9,1730,0.775,0.0,1.0,0.0,0.2564365538683804
ni_tfnbs,"e=1.3,h=9.0,n=30,start_thres=1.25",hub,0.25,100,8,40,1730,30,0,10,1730,0.75,0.0,1.0,0.0,0.2564365538683804
ni_tfnbs,"e=1.3,h=10.0,n=30,start_thres=1.25",hub,0.25,100,8,40,1730,30,0,10,1730,0.75,0.0,1.0,0.0,0.2564365538683804
ni_tfnbs,"e=1.4,h=0.5,n=30,start_thres=1.25",hub,0.25,100,8,40,1730,34,0,6,1730,0.85,0.0,1.0,0.0,0.2564365538683804
ni_tfnbs,"e=1.4,h=1.0,n=30,start_thres=1.25",hub,0.25,100,8,40,1730,34,0,6,1730,0.85,0.0,1.0,0.0,0.2564365538683804
ni_tfnbs,"e=1.4,h=2.0,n=30,start_thres=1.25",hub,0.25,100,8,40,1730,34,1,6,1729,0.85,0.0005780346820809,0.9714285714285714,0.0285714285714285,0.2564365538683804
ni_tfnbs,"e=1.4,h=3.0,n=30,start_thres=1.25",hub,0.25,100,8,40,1730,34,1,6,1729,0.85,0.0005780346820809,0.9714285714285714,0.0285714285714285,0.2564365538683804
ni_tfnbs,"e=1.4,h=4.0,n=30,start_thres=1.25",hub,0.25,100,8,40,1730,34,1,6,1729,0.85,0.0005780346820809,0.9714285714285714,0.0285714285714285,0.2564365538683804
ni_tfnbs,"e=1.4,h=5.0,n=30,start_thres=1.25",hub,0.25,100,8,40,1730,34,0,6,1730,0.85,0.0,1.0,0.0,0.2564365538683804
ni_tfnbs,"e=1.4,h=6.0,n=30,start_thres=1.25",hub,0.25,100,8,40,1730,34,0,6,1730,0.85,0.0,1.0,0.0,0.2564365538683804
ni_tfnbs,"e=1.4,h=7.0,n=30,start_thres=1.25",hub,0.25,100,8,40,1730,33,0,7,1730,0.825,0.0,1.0,0.0,0.2564365538683804
ni_tfnbs,"e=1.4,h=8.0,n=30,start_thres=1.25",hub,0.25,100,8,40,1730,33,0,7,1730,0.825,0.0,1.0,0.0,0.2564365538683804
ni_tfnbs,"e=1.4,h=9.0,n=30,start_thres=1.25",hub,0.25,100,8,40,1730,31,0,9,1730,0.775,0.0,1.0,0.0,0.2564365538683804
ni_tfnbs,"e=1.4,h=10.0,n=30,start_thres=1.25",hub,0.25,100,8,40,1730,30,0,10,1730,0.75,0.0,1.0,0.0,0.2564365538683804
ni_tfnbs,"e=1.5,h=0.5,n=30,start_thres=1.25",hub,0.25,100,8,40,1730,33,0,7,1730,0.825,0.0,1.0,0.0,0.2564365538683804
ni_tfnbs,"e=1.5,h=1.0,n=30,start_thres=1.25",hub,0.25,100,8,40,1730,34,0,6,1730,0.85,0.0,1.0,0.0,0.2564365538683804
ni_tfnbs,"e=1.5,h=2.0,n=30,start_thres=1.25",hub,0.25,100,8,40,1730,34,1,6,1729,0.85,0.0005780346820809,0.9714285714285714,0.0285714285714285,0.2564365538683804
ni_tfnbs,"e=1.5,h=3.0,n=30,start_thres=1.25",hub,0.25,100,8,40,1730,34,1,6,1729,0.85,0.0005780346820809,0.9714285714285714,0.0285714285714285,0.2564365538683804
ni_tfnbs,"e=1.5,h=4.0,n=30,start_thres=1.25",hub,0.25,100,8,40,1730,34,1,6,1729,0.85,0.0005780346820809,0.9714285714285714,0.0285714285714285,0.2564365538683804
ni_tfnbs,"e=1.5,h=5.0,n=30,start_thres=1.25",hub,0.25,100,8,40,1730,34,1,6,1729,0.85,0.0005780346820809,0.9714285714285714,0.0285714285714285,0.2564365538683804
ni_tfnbs,"e=1.5,h=6.0,n=30,start_thres=1.25",hub,0.25,100,8,40,1730,34,0,6,1730,0.85,0.0,1.0,0.0,0.2564365538683804
ni_tfnbs,"e=1.5,h=7.0,n=30,start_thres=1.25",hub,0.25,100,8,40,1730,33,0,7,1730,0.825,0.0,1.0,0.0,0.2564365538683804
ni_tfnbs,"e=1.5,h=8.0,n=30,start_thres=1.25",hub,0.25,100,8,40,1730,33,0,7,1730,0.825,0.0,1.0,0.0,0.2564365538683804
ni_tfnbs,"e=1.5,h=9.0,n=30,start_thres=1.25",hub,0.25,100,8,40,1730,33,0,7,1730,0.825,0.0,1.0,0.0,0.2564365538683804
ni_tfnbs,"e=1.5,h=10.0,n=30,start_thres=1.25",hub,0.25,100,8,40,1730,30,0,10,1730,0.75,0.0,1.0,0.0,0.2564365538683804
ni_tfnbs,"e=0.05,h=0.5,n=30,start_thres=1.25",hub,0.25,100,9,40,1730,23,0,17,1730,0.575,0.0,1.0,0.0,0.2552428638393229
ni_tfnbs,"e=0.05,h=1.0,n=30,start_thres=1.25",hub,0.25,100,9,40,1730,23,0,17,1730,0.575,0.0,1.0,0.0,0.2552428638393229
ni_tfnbs,"e=0.05,h=2.0,n=30,start_thres=1.25",hub,0.25,100,9,40,1730,23,0,17,1730,0.575,0.0,1.0,0.0,0.2552428638393229
ni_tfnbs,"e=0.05,h=3.0,n=30,start_thres=1.25",hub,0.25,100,9,40,1730,23,0,17,1730,0.575,0.0,1.0,0.0,0.2552428638393229
ni_tfnbs,"e=0.05,h=4.0,n=30,start_thres=1.25",hub,0.25,100,9,40,1730,23,0,17,1730,0.575,0.0,1.0,0.0,0.2552428638393229
ni_tfnbs,"e=0.05,h=5.0,n=30,start_thres=1.25",hub,0.25,100,9,40,1730,23,0,17,1730,0.575,0.0,1.0,0.0,0.2552428638393229
ni_tfnbs,"e=0.05,h=6.0,n=30,start_thres=1.25",hub,0.25,100,9,40,1730,23,0,17,1730,0.575,0.0,1.0,0.0,0.2552428638393229
ni_tfnbs,"e=0.05,h=7.0,n=30,start_thres=1.25",hub,0.25,100,9,40,1730,23,0,17,1730,0.575,0.0,1.0,0.0,0.2552428638393229
ni_tfnbs,"e=0.05,h=8.0,n=30,start_thres=1.25",hub,0.25,100,9,40,1730,23,0,17,1730,0.575,0.0,1.0,0.0,0.2552428638393229
ni_tfnbs,"e=0.05,h=9.0,n=30,start_thres=1.25",hub,0.25,100,9,40,1730,23,0,17,1730,0.575,0.0,1.0,0.0,0.2552428638393229
ni_tfnbs,"e=0.05,h=10.0,n=30,start_thres=1.25",hub,0.25,100,9,40,1730,23,0,17,1730,0.575,0.0,1.0,0.0,0.2552428638393229
ni_tfnbs,"e=0.1,h=0.5,n=30,start_thres=1.25",hub,0.25,100,9,40,1730,24,0,16,1730,0.6,0.0,1.0,0.0,0.2552428638393229
ni_tfnbs,"e=0.1,h=1.0,n=30,start_thres=1.25",hub,0.25,100,9,40,1730,24,0,16,1730,0.6,0.0,1.0,0.0,0.2552428638393229
ni_tfnbs,"e=0.1,h=2.0,n=30,start_thres=1.25",hub,0.25,100,9,40,1730,23,0,17,1730,0.575,0.0,1.0,0.0,0.2552428638393229
ni_tfnbs,"e=0.1,h=3.0,n=30,start_thres=1.25",hub,0.25,100,9,40,1730,23,0,17,1730,0.575,0.0,1.0,0.0,0.2552428638393229
ni_tfnbs,"e=0.1,h=4.0,n=30,start_thres=1.25",hub,0.25,100,9,40,1730,23,0,17,1730,0.575,0.0,1.0,0.0,0.2552428638393229
ni_tfnbs,"e=0.1,h=5.0,n=30,start_thres=1.25",hub,0.25,100,9,40,1730,23,0,17,1730,0.575,0.0,1.0,0.0,0.2552428638393229
ni_tfnbs,"e=0.1,h=6.0,n=30,start_thres=1.25",hub,0.25,100,9,40,1730,23,0,17,1730,0.575,0.0,1.0,0.0,0.2552428638393229
ni_tfnbs,"e=0.1,h=7.0,n=30,start_thres=1.25",hub,0.25,100,9,40,1730,23,0,17,1730,0.575,0.0,1.0,0.0,0.2552428638393229
ni_tfnbs,"e=0.1,h=8.0,n=30,start_thres=1.25",hub,0.25,100,9,40,1730,23,0,17,1730,0.575,0.0,1.0,0.0,0.2552428638393229
ni_tfnbs,"e=0.1,h=9.0,n=30,start_thres=1.25",hub,0.25,100,9,40,1730,23,0,17,1730,0.575,0.0,1.0,0.0,0.2552428638393229
ni_tfnbs,"e=0.1,h=10.0,n=30,start_thres=1.25",hub,0.25,100,9,40,1730,23,0,17,1730,0.575,0.0,1.0,0.0,0.2552428638393229
ni_tfnbs,"e=0.2,h=0.5,n=30,start_thres=1.25",hub,0.25,100,9,40,1730,26,0,14,1730,0.65,0.0,1.0,0.0,0.2552428638393229
ni_tfnbs,"e=0.2,h=1.0,n=30,start_thres=1.25",hub,0.25,100,9,40,1730,26,0,14,1730,0.65,0.0,1.0,0.0,0.2552428638393229
ni_tfnbs,"e=0.2,h=2.0,n=30,start_thres=1.25",hub,0.25,100,9,40,1730,26,0,14,1730,0.65,0.0,1.0,0.0,0.2552428638393229
ni_tfnbs,"e=0.2,h=3.0,n=30,start_thres=1.25",hub,0.25,100,9,40,1730,24,0,16,1730,0.6,0.0,1.0,0.0,0.2552428638393229
ni_tfnbs,"e=0.2,h=4.0,n=30,start_thres=1.25",hub,0.25,100,9,40,1730,24,0,16,1730,0.6,0.0,1.0,0.0,0.2552428638393229
ni_tfnbs,"e=0.2,h=5.0,n=30,start_thres=1.25",hub,0.25,100,9,40,1730,24,0,16,1730,0.6,0.0,1.0,0.0,0.2552428638393229
ni_tfnbs,"e=0.2,h=6.0,n=30,start_thres=1.25",hub,0.25,100,9,40,1730,24,0,16,1730,0.6,0.0,1.0,0.0,0.2552428638393229
ni_tfnbs,"e=0.2,h=7.0,n=30,start_thres=1.25",hub,0.25,100,9,40,1730,23,0,17,1730,0.575,0.0,1.0,0.0,0.2552428638393229
ni_tfnbs,"e=0.2,h=8.0,n=30,start_thres=1.25",hub,0.25,100,9,40,1730,23,0,17,1730,0.575,0.0,1.0,0.0,0.2552428638393229
ni_tfnbs,"e=0.2,h=9.0,n=30,start_thres=1.25",hub,0.25,100,9,40,1730,23,0,17,1730,0.575,0.0,1.0,0.0,0.2552428638393229
ni_tfnbs,"e=0.2,h=10.0,n=30,start_thres=1.25",hub,0.25,100,9,40,1730,23,0,17,1730,0.575,0.0,1.0,0.0,0.2552428638393229
ni_tfnbs,"e=0.3,h=0.5,n=30,start_thres=1.25",hub,0.25,100,9,40,1730,28,0,12,1730,0.7,0.0,1.0,0.0,0.2552428638393229
ni_tfnbs,"e=0.3,h=1.0,n=30,start_thres=1.25",hub,0.25,100,9,40,1730,28,0,12,1730,0.7,0.0,1.0,0.0,0.2552428638393229
ni_tfnbs,"e=0.3,h=2.0,n=30,start_thres=1.25",hub,0.25,100,9,40,1730,28,0,12,1730,0.7,0.0,1.0,0.0,0.2552428638393229
ni_tfnbs,"e=0.3,h=3.0,n=30,start_thres=1.25",hub,0.25,100,9,40,1730,26,0,14,1730,0.65,0.0,1.0,0.0,0.2552428638393229
ni_tfnbs,"e=0.3,h=4.0,n=30,start_thres=1.25",hub,0.25,100,9,40,1730,26,0,14,1730,0.65,0.0,1.0,0.0,0.2552428638393229
ni_tfnbs,"e=0.3,h=5.0,n=30,start_thres=1.25",hub,0.25,100,9,40,1730,25,0,15,1730,0.625,0.0,1.0,0.0,0.2552428638393229
ni_tfnbs,"e=0.3,h=6.0,n=30,start_thres=1.25",hub,0.25,100,9,40,1730,25,0,15,1730,0.625,0.0,1.0,0.0,0.2552428638393229
ni_tfnbs,"e=0.3,h=7.0,n=30,start_thres=1.25",hub,0.25,100,9,40,1730,24,0,16,1730,0.6,0.0,1.0,0.0,0.2552428638393229
ni_tfnbs,"e=0.3,h=8.0,n=30,start_thres=1.25",hub,0.25,100,9,40,1730,24,0,16,1730,0.6,0.0,1.0,0.0,0.2552428638393229
ni_tfnbs,"e=0.3,h=9.0,n=30,start_thres=1.25",hub,0.25,100,9,40,1730,24,0,16,1730,0.6,0.0,1.0,0.0,0.2552428638393229
ni_tfnbs,"e=0.3,h=10.0,n=30,start_thres=1.25",hub,0.25,100,9,40,1730,24,0,16,1730,0.6,0.0,1.0,0.0,0.2552428638393229
ni_tfnbs,"e=0.4,h=0.5,n=30,start_thres=1.25",hub,0.25,100,9,40,1730,30,1,10,1729,0.75,0.0005780346820809,0.967741935483871,0.032258064516129,0.2552428638393229
ni_tfnbs,"e=0.4,h=1.0,n=30,start_thres=1.25",hub,0.25,100,9,40,1730,30,1,10,1729,0.75,0.0005780346820809,0.967741935483871,0.032258064516129,0.2552428638393229
ni_tfnbs,"e=0.4,h=2.0,n=30,start_thres=1.25",hub,0.25,100,9,40,1730,29,1,11,1729,0.725,0.0005780346820809,0.9666666666666668,0.0333333333333333,0.2552428638393229
ni_tfnbs,"e=0.4,h=3.0,n=30,start_thres=1.25",hub,0.25,100,9,40,1730,28,0,12,1730,0.7,0.0,1.0,0.0,0.2552428638393229
ni_tfnbs,"e=0.4,h=4.0,n=30,start_thres=1.25",hub,0.25,100,9,40,1730,28,0,12,1730,0.7,0.0,1.0,0.0,0.2552428638393229
ni_tfnbs,"e=0.4,h=5.0,n=30,start_thres=1.25",hub,0.25,100,9,40,1730,26,0,14,1730,0.65,0.0,1.0,0.0,0.2552428638393229
ni_tfnbs,"e=0.4,h=6.0,n=30,start_thres=1.25",hub,0.25,100,9,40,1730,26,0,14,1730,0.65,0.0,1.0,0.0,0.2552428638393229
ni_tfnbs,"e=0.4,h=7.0,n=30,start_thres=1.25",hub,0.25,100,9,40,1730,26,0,14,1730,0.65,0.0,1.0,0.0,0.2552428638393229
ni_tfnbs,"e=0.4,h=8.0,n=30,start_thres=1.25",hub,0.25,100,9,40,1730,25,0,15,1730,0.625,0.0,1.0,0.0,0.2552428638393229
ni_tfnbs,"e=0.4,h=9.0,n=30,start_thres=1.25",hub,0.25,100,9,40,1730,24,0,16,1730,0.6,0.0,1.0,0.0,0.2552428638393229
ni_tfnbs,"e=0.4,h=10.0,n=30,start_thres=1.25",hub,0.25,100,9,40,1730,24,0,16,1730,0.6,0.0,1.0,0.0,0.2552428638393229
ni_tfnbs,"e=0.5,h=0.5,n=30,start_thres=1.25",hub,0.25,100,9,40,1730,34,1,6,1729,0.85,0.0005780346820809,0.9714285714285714,0.0285714285714285,0.2552428638393229
ni_tfnbs,"e=0.5,h=1.0,n=30,start_thres=1.25",hub,0.25,100,9,40,1730,33,1,7,1729,0.825,0.0005780346820809,0.9705882352941176,0.0294117647058823,0.2552428638393229
ni_tfnbs,"e=0.5,h=2.0,n=30,start_thres=1.25",hub,0.25,100,9,40,1730,30,1,10,1729,0.75,0.0005780346820809,0.967741935483871,0.032258064516129,0.2552428638393229
ni_tfnbs,"e=0.5,h=3.0,n=30,start_thres=1.25",hub,0.25,100,9,40,1730,29,1,11,1729,0.725,0.0005780346820809,0.9666666666666668,0.0333333333333333,0.2552428638393229
ni_tfnbs,"e=0.5,h=4.0,n=30,start_thres=1.25",hub,0.25,100,9,40,1730,28,0,12,1730,0.7,0.0,1.0,0.0,0.2552428638393229
ni_tfnbs,"e=0.5,h=5.0,n=30,start_thres=1.25",hub,0.25,100,9,40,1730,28,0,12,1730,0.7,0.0,1.0,0.0,0.2552428638393229
ni_tfnbs,"e=0.5,h=6.0,n=30,start_thres=1.25",hub,0.25,100,9,40,1730,28,0,12,1730,0.7,0.0,1.0,0.0,0.2552428638393229
ni_tfnbs,"e=0.5,h=7.0,n=30,start_thres=1.25",hub,0.25,100,9,40,1730,26,0,14,1730,0.65,0.0,1.0,0.0,0.2552428638393229
ni_tfnbs,"e=0.5,h=8.0,n=30,start_thres=1.25",hub,0.25,100,9,40,1730,26,0,14,1730,0.65,0.0,1.0,0.0,0.2552428638393229
ni_tfnbs,"e=0.5,h=9.0,n=30,start_thres=1.25",hub,0.25,100,9,40,1730,26,0,14,1730,0.65,0.0,1.0,0.0,0.2552428638393229
ni_tfnbs,"e=0.5,h=10.0,n=30,start_thres=1.25",hub,0.25,100,9,40,1730,25,0,15,1730,0.625,0.0,1.0,0.0,0.2552428638393229
ni_tfnbs,"e=0.6,h=0.5,n=30,start_thres=1.25",hub,0.25,100,9,40,1730,34,1,6,1729,0.85,0.0005780346820809,0.9714285714285714,0.0285714285714285,0.2552428638393229
ni_tfnbs,"e=0.6,h=1.0,n=30,start_thres=1.25",hub,0.25,100,9,40,1730,34,1,6,1729,0.85,0.0005780346820809,0.9714285714285714,0.0285714285714285,0.2552428638393229
ni_tfnbs,"e=0.6,h=2.0,n=30,start_thres=1.25",hub,0.25,100,9,40,1730,34,1,6,1729,0.85,0.0005780346820809,0.9714285714285714,0.0285714285714285,0.2552428638393229
ni_tfnbs,"e=0.6,h=3.0,n=30,start_thres=1.25",hub,0.25,100,9,40,1730,33,1,7,1729,0.825,0.0005780346820809,0.9705882352941176,0.0294117647058823,0.2552428638393229
ni_tfnbs,"e=0.6,h=4.0,n=30,start_thres=1.25",hub,0.25,100,9,40,1730,30,1,10,1729,0.75,0.0005780346820809,0.967741935483871,0.032258064516129,0.2552428638393229
ni_tfnbs,"e=0.6,h=5.0,n=30,start_thres=1.25",hub,0.25,100,9,40,1730,29,1,11,1729,0.725,0.0005780346820809,0.9666666666666668,0.0333333333333333,0.2552428638393229
ni_tfnbs,"e=0.6,h=6.0,n=30,start_thres=1.25",hub,0.25,100,9,40,1730,28,0,12,1730,0.7,0.0,1.0,0.0,0.2552428638393229
ni_tfnbs,"e=0.6,h=7.0,n=30,start_thres=1.25",hub,0.25,100,9,40,1730,28,0,12,1730,0.7,0.0,1.0,0.0,0.2552428638393229
ni_tfnbs,"e=0.6,h=8.0,n=30,start_thres=1.25",hub,0.25,100,9,40,1730,27,0,13,1730,0.675,0.0,1.0,0.0,0.2552428638393229
ni_tfnbs,"e=0.6,h=9.0,n=30,start_thres=1.25",hub,0.25,100,9,40,1730,26,0,14,1730,0.65,0.0,1.0,0.0,0.2552428638393229
ni_tfnbs,"e=0.6,h=10.0,n=30,start_thres=1.25",hub,0.25,100,9,40,1730,26,0,14,1730,0.65,0.0,1.0,0.0,0.2552428638393229
ni_tfnbs,"e=0.7,h=0.5,n=30,start_thres=1.25",hub,0.25,100,9,40,1730,35,1,5,1729,0.875,0.0005780346820809,0.9722222222222222,0.0277777777777777,0.2552428638393229
ni_tfnbs,"e=0.7,h=1.0,n=30,start_thres=1.25",hub,0.25,100,9,40,1730,35,1,5,1729,0.875,0.0005780346820809,0.9722222222222222,0.0277777777777777,0.2552428638393229
ni_tfnbs,"e=0.7,h=2.0,n=30,start_thres=1.25",hub,0.25,100,9,40,1730,34,1,6,1729,0.85,0.0005780346820809,0.9714285714285714,0.0285714285714285,0.2552428638393229
ni_tfnbs,"e=0.7,h=3.0,n=30,start_thres=1.25",hub,0.25,100,9,40,1730,34,1,6,1729,0.85,0.0005780346820809,0.9714285714285714,0.0285714285714285,0.2552428638393229
ni_tfnbs,"e=0.7,h=4.0,n=30,start_thres=1.25",hub,0.25,100,9,40,1730,34,1,6,1729,0.85,0.0005780346820809,0.9714285714285714,0.0285714285714285,0.2552428638393229
ni_tfnbs,"e=0.7,h=5.0,n=30,start_thres=1.25",hub,0.25,100,9,40,1730,30,1,10,1729,0.75,0.0005780346820809,0.967741935483871,0.032258064516129,0.2552428638393229
ni_tfnbs,"e=0.7,h=6.0,n=30,start_thres=1.25",hub,0.25,100,9,40,1730,29,1,11,1729,0.725,0.0005780346820809,0.9666666666666668,0.0333333333333333,0.2552428638393229
ni_tfnbs,"e=0.7,h=7.0,n=30,start_thres=1.25",hub,0.25,100,9,40,1730,28,0,12,1730,0.7,0.0,1.0,0.0,0.2552428638393229
ni_tfnbs,"e=0.7,h=8.0,n=30,start_thres=1.25",hub,0.25,100,9,40,1730,28,0,12,1730,0.7,0.0,1.0,0.0,0.2552428638393229
ni_tfnbs,"e=0.7,h=9.0,n=30,start_thres=1.25",hub,0.25,100,9,40,1730,28,0,12,1730,0.7,0.0,1.0,0.0,0.2552428638393229
ni_tfnbs,"e=0.7,h=10.0,n=30,start_thres=1.25",hub,0.25,100,9,40,1730,27,0,13,1730,0.675,0.0,1.0,0.0,0.2552428638393229
ni_tfnbs,"e=0.8,h=0.5,n=30,start_thres=1.25",hub,0.25,100,9,40,1730,36,1,4,1729,0.9,0.0005780346820809,0.972972972972973,0.027027027027027,0.2552428638393229
ni_tfnbs,"e=0.8,h=1.0,n=30,start_thres=1.25",hub,0.25,100,9,40,1730,36,1,4,1729,0.9,0.0005780346820809,0.972972972972973,0.027027027027027,0.2552428638393229
ni_tfnbs,"e=0.8,h=2.0,n=30,start_thres=1.25",hub,0.25,100,9,40,1730,36,1,4,1729,0.9,0.0005780346820809,0.972972972972973,0.027027027027027,0.2552428638393229
ni_tfnbs,"e=0.8,h=3.0,n=30,start_thres=1.25",hub,0.25,100,9,40,1730,35,1,5,1729,0.875,0.0005780346820809,0.9722222222222222,0.0277777777777777,0.2552428638393229
ni_tfnbs,"e=0.8,h=4.0,n=30,start_thres=1.25",hub,0.25,100,9,40,1730,34,1,6,1729,0.85,0.0005780346820809,0.9714285714285714,0.0285714285714285,0.2552428638393229
ni_tfnbs,"e=0.8,h=5.0,n=30,start_thres=1.25",hub,0.25,100,9,40,1730,34,1,6,1729,0.85,0.0005780346820809,0.9714285714285714,0.0285714285714285,0.2552428638393229
ni_tfnbs,"e=0.8,h=6.0,n=30,start_thres=1.25",hub,0.25,100,9,40,1730,30,1,10,1729,0.75,0.0005780346820809,0.967741935483871,0.032258064516129,0.2552428638393229
ni_tfnbs,"e=0.8,h=7.0,n=30,start_thres=1.25",hub,0.25,100,9,40,1730,29,1,11,1729,0.725,0.0005780346820809,0.9666666666666668,0.0333333333333333,0.2552428638393229
ni_tfnbs,"e=0.8,h=8.0,n=30,start_thres=1.25",hub,0.25,100,9,40,1730,28,0,12,1730,0.7,0.0,1.0,0.0,0.2552428638393229
ni_tfnbs,"e=0.8,h=9.0,n=30,start_thres=1.25",hub,0.25,100,9,40,1730,28,0,12,1730,0.7,0.0,1.0,0.0,0.2552428638393229
ni_tfnbs,"e=0.8,h=10.0,n=30,start_thres=1.25",hub,0.25,100,9,40,1730,28,0,12,1730,0.7,0.0,1.0,0.0,0.2552428638393229
ni_tfnbs,"e=0.9,h=0.5,n=30,start_thres=1.25",hub,0.25,100,9,40,1730,36,1,4,1729,0.9,0.0005780346820809,0.972972972972973,0.027027027027027,0.2552428638393229
ni_tfnbs,"e=0.9,h=1.0,n=30,start_thres=1.25",hub,0.25,100,9,40,1730,36,1,4,1729,0.9,0.0005780346820809,0.972972972972973,0.027027027027027,0.2552428638393229
ni_tfnbs,"e=0.9,h=2.0,n=30,start_thres=1.25",hub,0.25,100,9,40,1730,36,1,4,1729,0.9,0.0005780346820809,0.972972972972973,0.027027027027027,0.2552428638393229
ni_tfnbs,"e=0.9,h=3.0,n=30,start_thres=1.25",hub,0.25,100,9,40,1730,36,1,4,1729,0.9,0.0005780346820809,0.972972972972973,0.027027027027027,0.2552428638393229
ni_tfnbs,"e=0.9,h=4.0,n=30,start_thres=1.25",hub,0.25,100,9,40,1730,35,1,5,1729,0.875,0.0005780346820809,0.9722222222222222,0.0277777777777777,0.2552428638393229
ni_tfnbs,"e=0.9,h=5.0,n=30,start_thres=1.25",hub,0.25,100,9,40,1730,34,1,6,1729,0.85,0.0005780346820809,0.9714285714285714,0.0285714285714285,0.2552428638393229
ni_tfnbs,"e=0.9,h=6.0,n=30,start_thres=1.25",hub,0.25,100,9,40,1730,34,1,6,1729,0.85,0.0005780346820809,0.9714285714285714,0.0285714285714285,0.2552428638393229
ni_tfnbs,"e=0.9,h=7.0,n=30,start_thres=1.25",hub,0.25,100,9,40,1730,33,1,7,1729,0.825,0.0005780346820809,0.9705882352941176,0.0294117647058823,0.2552428638393229
ni_tfnbs,"e=0.9,h=8.0,n=30,start_thres=1.25",hub,0.25,100,9,40,1730,29,1,11,1729,0.725,0.0005780346820809,0.9666666666666668,0.0333333333333333,0.2552428638393229
ni_tfnbs,"e=0.9,h=9.0,n=30,start_thres=1.25",hub,0.25,100,9,40,1730,29,1,11,1729,0.725,0.0005780346820809,0.9666666666666668,0.0333333333333333,0.2552428638393229
ni_tfnbs,"e=0.9,h=10.0,n=30,start_thres=1.25",hub,0.25,100,9,40,1730,28,0,12,1730,0.7,0.0,1.0,0.0,0.2552428638393229
ni_tfnbs,"e=1.0,h=0.5,n=30,start_thres=1.25",hub,0.25,100,9,40,1730,36,1,4,1729,0.9,0.0005780346820809,0.972972972972973,0.027027027027027,0.2552428638393229
ni_tfnbs,"e=1.0,h=1.0,n=30,start_thres=1.25",hub,0.25,100,9,40,1730,36,1,4,1729,0.9,0.0005780346820809,0.972972972972973,0.027027027027027,0.2552428638393229
ni_tfnbs,"e=1.0,h=2.0,n=30,start_thres=1.25",hub,0.25,100,9,40,1730,36,1,4,1729,0.9,0.0005780346820809,0.972972972972973,0.027027027027027,0.2552428638393229
ni_tfnbs,"e=1.0,h=3.0,n=30,start_thres=1.25",hub,0.25,100,9,40,1730,36,1,4,1729,0.9,0.0005780346820809,0.972972972972973,0.027027027027027,0.2552428638393229
ni_tfnbs,"e=1.0,h=4.0,n=30,start_thres=1.25",hub,0.25,100,9,40,1730,35,1,5,1729,0.875,0.0005780346820809,0.9722222222222222,0.0277777777777777,0.2552428638393229
ni_tfnbs,"e=1.0,h=5.0,n=30,start_thres=1.25",hub,0.25,100,9,40,1730,35,1,5,1729,0.875,0.0005780346820809,0.9722222222222222,0.0277777777777777,0.2552428638393229
ni_tfnbs,"e=1.0,h=6.0,n=30,start_thres=1.25",hub,0.25,100,9,40,1730,34,1,6,1729,0.85,0.0005780346820809,0.9714285714285714,0.0285714285714285,0.2552428638393229
ni_tfnbs,"e=1.0,h=7.0,n=30,start_thres=1.25",hub,0.25,100,9,40,1730,34,1,6,1729,0.85,0.0005780346820809,0.9714285714285714,0.0285714285714285,0.2552428638393229
ni_tfnbs,"e=1.0,h=8.0,n=30,start_thres=1.25",hub,0.25,100,9,40,1730,33,1,7,1729,0.825,0.0005780346820809,0.9705882352941176,0.0294117647058823,0.2552428638393229
ni_tfnbs,"e=1.0,h=9.0,n=30,start_thres=1.25",hub,0.25,100,9,40,1730,29,1,11,1729,0.725,0.0005780346820809,0.9666666666666668,0.0333333333333333,0.2552428638393229
ni_tfnbs,"e=1.0,h=10.0,n=30,start_thres=1.25",hub,0.25,100,9,40,1730,29,1,11,1729,0.725,0.0005780346820809,0.9666666666666668,0.0333333333333333,0.2552428638393229
ni_tfnbs,"e=1.1,h=0.5,n=30,start_thres=1.25",hub,0.25,100,9,40,1730,33,1,7,1729,0.825,0.0005780346820809,0.9705882352941176,0.0294117647058823,0.2552428638393229
ni_tfnbs,"e=1.1,h=1.0,n=30,start_thres=1.25",hub,0.25,100,9,40,1730,36,1,4,1729,0.9,0.0005780346820809,0.972972972972973,0.027027027027027,0.2552428638393229
ni_tfnbs,"e=1.1,h=2.0,n=30,start_thres=1.25",hub,0.25,100,9,40,1730,36,1,4,1729,0.9,0.0005780346820809,0.972972972972973,0.027027027027027,0.2552428638393229
ni_tfnbs,"e=1.1,h=3.0,n=30,start_thres=1.25",hub,0.25,100,9,40,1730,37,1,3,1729,0.925,0.0005780346820809,0.9736842105263158,0.0263157894736842,0.2552428638393229
ni_tfnbs,"e=1.1,h=4.0,n=30,start_thres=1.25",hub,0.25,100,9,40,1730,36,1,4,1729,0.9,0.0005780346820809,0.972972972972973,0.027027027027027,0.2552428638393229
ni_tfnbs,"e=1.1,h=5.0,n=30,start_thres=1.25",hub,0.25,100,9,40,1730,35,1,5,1729,0.875,0.0005780346820809,0.9722222222222222,0.0277777777777777,0.2552428638393229
ni_tfnbs,"e=1.1,h=6.0,n=30,start_thres=1.25",hub,0.25,100,9,40,1730,35,1,5,1729,0.875,0.0005780346820809,0.9722222222222222,0.0277777777777777,0.2552428638393229
ni_tfnbs,"e=1.1,h=7.0,n=30,start_thres=1.25",hub,0.25,100,9,40,1730,34,1,6,1729,0.85,0.0005780346820809,0.9714285714285714,0.0285714285714285,0.2552428638393229
ni_tfnbs,"e=1.1,h=8.0,n=30,start_thres=1.25",hub,0.25,100,9,40,1730,34,1,6,1729,0.85,0.0005780346820809,0.9714285714285714,0.0285714285714285,0.2552428638393229
ni_tfnbs,"e=1.1,h=9.0,n=30,start_thres=1.25",hub,0.25,100,9,40,1730,33,1,7,1729,0.825,0.0005780346820809,0.9705882352941176,0.0294117647058823,0.2552428638393229
ni_tfnbs,"e=1.1,h=10.0,n=30,start_thres=1.25",hub,0.25,100,9,40,1730,29,1,11,1729,0.725,0.0005780346820809,0.9666666666666668,0.0333333333333333,0.2552428638393229
ni_tfnbs,"e=1.2,h=0.5,n=30,start_thres=1.25",hub,0.25,100,9,40,1730,33,1,7,1729,0.825,0.0005780346820809,0.9705882352941176,0.0294117647058823,0.2552428638393229
ni_tfnbs,"e=1.2,h=1.0,n=30,start_thres=1.25",hub,0.25,100,9,40,1730,36,1,4,1729,0.9,0.0005780346820809,0.972972972972973,0.027027027027027,0.2552428638393229
ni_tfnbs,"e=1.2,h=2.0,n=30,start_thres=1.25",hub,0.25,100,9,40,1730,37,1,3,1729,0.925,0.0005780346820809,0.9736842105263158,0.0263157894736842,0.2552428638393229
ni_tfnbs,"e=1.2,h=3.0,n=30,start_thres=1.25",hub,0.25,100,9,40,1730,37,1,3,1729,0.925,0.0005780346820809,0.9736842105263158,0.0263157894736842,0.2552428638393229
ni_tfnbs,"e=1.2,h=4.0,n=30,start_thres=1.25",hub,0.25,100,9,40,1730,37,1,3,1729,0.925,0.0005780346820809,0.9736842105263158,0.0263157894736842,0.2552428638393229
ni_tfnbs,"e=1.2,h=5.0,n=30,start_thres=1.25",hub,0.25,100,9,40,1730,36,1,4,1729,0.9,0.0005780346820809,0.972972972972973,0.027027027027027,0.2552428638393229
ni_tfnbs,"e=1.2,h=6.0,n=30,start_thres=1.25",hub,0.25,100,9,40,1730,35,1,5,1729,0.875,0.0005780346820809,0.9722222222222222,0.0277777777777777,0.2552428638393229
ni_tfnbs,"e=1.2,h=7.0,n=30,start_thres=1.25",hub,0.25,100,9,40,1730,35,1,5,1729,0.875,0.0005780346820809,0.9722222222222222,0.0277777777777777,0.2552428638393229
ni_tfnbs,"e=1.2,h=8.0,n=30,start_thres=1.25",hub,0.25,100,9,40,1730,34,1,6,1729,0.85,0.0005780346820809,0.9714285714285714,0.0285714285714285,0.2552428638393229
ni_tfnbs,"e=1.2,h=9.0,n=30,start_thres=1.25",hub,0.25,100,9,40,1730,34,1,6,1729,0.85,0.0005780346820809,0.9714285714285714,0.0285714285714285,0.2552428638393229
ni_tfnbs,"e=1.2,h=10.0,n=30,start_thres=1.25",hub,0.25,100,9,40,1730,33,1,7,1729,0.825,0.0005780346820809,0.9705882352941176,0.0294117647058823,0.2552428638393229
ni_tfnbs,"e=1.3,h=0.5,n=30,start_thres=1.25",hub,0.25,100,9,40,1730,33,1,7,1729,0.825,0.0005780346820809,0.9705882352941176,0.0294117647058823,0.2552428638393229
ni_tfnbs,"e=1.3,h=1.0,n=30,start_thres=1.25",hub,0.25,100,9,40,1730,36,1,4,1729,0.9,0.0005780346820809,0.972972972972973,0.027027027027027,0.2552428638393229
ni_tfnbs,"e=1.3,h=2.0,n=30,start_thres=1.25",hub,0.25,100,9,40,1730,37,1,3,1729,0.925,0.0005780346820809,0.9736842105263158,0.0263157894736842,0.2552428638393229
ni_tfnbs,"e=1.3,h=3.0,n=30,start_thres=1.25",hub,0.25,100,9,40,1730,37,1,3,1729,0.925,0.0005780346820809,0.9736842105263158,0.0263157894736842,0.2552428638393229
ni_tfnbs,"e=1.3,h=4.0,n=30,start_thres=1.25",hub,0.25,100,9,40,1730,37,1,3,1729,0.925,0.0005780346820809,0.9736842105263158,0.0263157894736842,0.2552428638393229
ni_tfnbs,"e=1.3,h=5.0,n=30,start_thres=1.25",hub,0.25,100,9,40,1730,37,1,3,1729,0.925,0.0005780346820809,0.9736842105263158,0.0263157894736842,0.2552428638393229
ni_tfnbs,"e=1.3,h=6.0,n=30,start_thres=1.25",hub,0.25,100,9,40,1730,36,1,4,1729,0.9,0.0005780346820809,0.972972972972973,0.027027027027027,0.2552428638393229
ni_tfnbs,"e=1.3,h=7.0,n=30,start_thres=1.25",hub,0.25,100,9,40,1730,35,1,5,1729,0.875,0.0005780346820809,0.9722222222222222,0.0277777777777777,0.2552428638393229
ni_tfnbs,"e=1.3,h=8.0,n=30,start_thres=1.25",hub,0.25,100,9,40,1730,35,1,5,1729,0.875,0.0005780346820809,0.9722222222222222,0.0277777777777777,0.2552428638393229
ni_tfnbs,"e=1.3,h=9.0,n=30,start_thres=1.25",hub,0.25,100,9,40,1730,34,1,6,1729,0.85,0.0005780346820809,0.9714285714285714,0.0285714285714285,0.2552428638393229
ni_tfnbs,"e=1.3,h=10.0,n=30,start_thres=1.25",hub,0.25,100,9,40,1730,34,1,6,1729,0.85,0.0005780346820809,0.9714285714285714,0.0285714285714285,0.2552428638393229
ni_tfnbs,"e=1.4,h=0.5,n=30,start_thres=1.25",hub,0.25,100,9,40,1730,33,1,7,1729,0.825,0.0005780346820809,0.9705882352941176,0.0294117647058823,0.2552428638393229
ni_tfnbs,"e=1.4,h=1.0,n=30,start_thres=1.25",hub,0.25,100,9,40,1730,33,1,7,1729,0.825,0.0005780346820809,0.9705882352941176,0.0294117647058823,0.2552428638393229
ni_tfnbs,"e=1.4,h=2.0,n=30,start_thres=1.25",hub,0.25,100,9,40,1730,37,1,3,1729,0.925,0.0005780346820809,0.9736842105263158,0.0263157894736842,0.2552428638393229
ni_tfnbs,"e=1.4,h=3.0,n=30,start_thres=1.25",hub,0.25,100,9,40,1730,37,1,3,1729,0.925,0.0005780346820809,0.9736842105263158,0.0263157894736842,0.2552428638393229
ni_tfnbs,"e=1.4,h=4.0,n=30,start_thres=1.25",hub,0.25,100,9,40,1730,37,1,3,1729,0.925,0.0005780346820809,0.9736842105263158,0.0263157894736842,0.2552428638393229
ni_tfnbs,"e=1.4,h=5.0,n=30,start_thres=1.25",hub,0.25,100,9,40,1730,37,1,3,1729,0.925,0.0005780346820809,0.9736842105263158,0.0263157894736842,0.2552428638393229
ni_tfnbs,"e=1.4,h=6.0,n=30,start_thres=1.25",hub,0.25,100,9,40,1730,37,1,3,1729,0.925,0.0005780346820809,0.9736842105263158,0.0263157894736842,0.2552428638393229
ni_tfnbs,"e=1.4,h=7.0,n=30,start_thres=1.25",hub,0.25,100,9,40,1730,35,1,5,1729,0.875,0.0005780346820809,0.9722222222222222,0.0277777777777777,0.2552428638393229
ni_tfnbs,"e=1.4,h=8.0,n=30,start_thres=1.25",hub,0.25,100,9,40,1730,35,1,5,1729,0.875,0.0005780346820809,0.9722222222222222,0.0277777777777777,0.2552428638393229
ni_tfnbs,"e=1.4,h=9.0,n=30,start_thres=1.25",hub,0.25,100,9,40,1730,34,1,6,1729,0.85,0.0005780346820809,0.9714285714285714,0.0285714285714285,0.2552428638393229
ni_tfnbs,"e=1.4,h=10.0,n=30,start_thres=1.25",hub,0.25,100,9,40,1730,34,1,6,1729,0.85,0.0005780346820809,0.9714285714285714,0.0285714285714285,0.2552428638393229
ni_tfnbs,"e=1.5,h=0.5,n=30,start_thres=1.25",hub,0.25,100,9,40,1730,32,1,8,1729,0.8,0.0005780346820809,0.9696969696969696,0.0303030303030303,0.2552428638393229
ni_tfnbs,"e=1.5,h=1.0,n=30,start_thres=1.25",hub,0.25,100,9,40,1730,33,1,7,1729,0.825,0.0005780346820809,0.9705882352941176,0.0294117647058823,0.2552428638393229
ni_tfnbs,"e=1.5,h=2.0,n=30,start_thres=1.25",hub,0.25,100,9,40,1730,37,1,3,1729,0.925,0.0005780346820809,0.9736842105263158,0.0263157894736842,0.2552428638393229
ni_tfnbs,"e=1.5,h=3.0,n=30,start_thres=1.25",hub,0.25,100,9,40,1730,37,1,3,1729,0.925,0.0005780346820809,0.9736842105263158,0.0263157894736842,0.2552428638393229
ni_tfnbs,"e=1.5,h=4.0,n=30,start_thres=1.25",hub,0.25,100,9,40,1730,37,1,3,1729,0.925,0.0005780346820809,0.9736842105263158,0.0263157894736842,0.2552428638393229
ni_tfnbs,"e=1.5,h=5.0,n=30,start_thres=1.25",hub,0.25,100,9,40,1730,37,1,3,1729,0.925,0.0005780346820809,0.9736842105263158,0.0263157894736842,0.2552428638393229
ni_tfnbs,"e=1.5,h=6.0,n=30,start_thres=1.25",hub,0.25,100,9,40,1730,37,1,3,1729,0.925,0.0005780346820809,0.9736842105263158,0.0263157894736842,0.2552428638393229
ni_tfnbs,"e=1.5,h=7.0,n=30,start_thres=1.25",hub,0.25,100,9,40,1730,37,1,3,1729,0.925,0.0005780346820809,0.9736842105263158,0.0263157894736842,0.2552428638393229
ni_tfnbs,"e=1.5,h=8.0,n=30,start_thres=1.25",hub,0.25,100,9,40,1730,35,1,5,1729,0.875,0.0005780346820809,0.9722222222222222,0.0277777777777777,0.2552428638393229
ni_tfnbs,"e=1.5,h=9.0,n=30,start_thres=1.25",hub,0.25,100,9,40,1730,35,1,5,1729,0.875,0.0005780346820809,0.9722222222222222,0.0277777777777777,0.2552428638393229
ni_tfnbs,"e=1.5,h=10.0,n=30,start_thres=1.25",hub,0.25,100,9,40,1730,34,1,6,1729,0.85,0.0005780346820809,0.9714285714285714,0.0285714285714285,0.2552428638393229
ni_tfnbs,"e=0.05,h=0.5,n=30,start_thres=1.25",hub,0.25,100,11,40,1730,32,0,8,1730,0.8,0.0,1.0,0.0,0.2562146864154122
ni_tfnbs,"e=0.05,h=1.0,n=30,start_thres=1.25",hub,0.25,100,11,40,1730,32,0,8,1730,0.8,0.0,1.0,0.0,0.2562146864154122
ni_tfnbs,"e=0.05,h=2.0,n=30,start_thres=1.25",hub,0.25,100,11,40,1730,32,0,8,1730,0.8,0.0,1.0,0.0,0.2562146864154122
ni_tfnbs,"e=0.05,h=3.0,n=30,start_thres=1.25",hub,0.25,100,11,40,1730,32,0,8,1730,0.8,0.0,1.0,0.0,0.2562146864154122
ni_tfnbs,"e=0.05,h=4.0,n=30,start_thres=1.25",hub,0.25,100,11,40,1730,32,0,8,1730,0.8,0.0,1.0,0.0,0.2562146864154122
ni_tfnbs,"e=0.05,h=5.0,n=30,start_thres=1.25",hub,0.25,100,11,40,1730,32,0,8,1730,0.8,0.0,1.0,0.0,0.2562146864154122
ni_tfnbs,"e=0.05,h=6.0,n=30,start_thres=1.25",hub,0.25,100,11,40,1730,32,0,8,1730,0.8,0.0,1.0,0.0,0.2562146864154122
ni_tfnbs,"e=0.05,h=7.0,n=30,start_thres=1.25",hub,0.25,100,11,40,1730,32,0,8,1730,0.8,0.0,1.0,0.0,0.2562146864154122
ni_tfnbs,"e=0.05,h=8.0,n=30,start_thres=1.25",hub,0.25,100,11,40,1730,32,0,8,1730,0.8,0.0,1.0,0.0,0.2562146864154122
ni_tfnbs,"e=0.05,h=9.0,n=30,start_thres=1.25",hub,0.25,100,11,40,1730,32,0,8,1730,0.8,0.0,1.0,0.0,0.2562146864154122
ni_tfnbs,"e=0.05,h=10.0,n=30,start_thres=1.25",hub,0.25,100,11,40,1730,32,0,8,1730,0.8,0.0,1.0,0.0,0.2562146864154122
ni_tfnbs,"e=0.1,h=0.5,n=30,start_thres=1.25",hub,0.25,100,11,40,1730,32,0,8,1730,0.8,0.0,1.0,0.0,0.2562146864154122
ni_tfnbs,"e=0.1,h=1.0,n=30,start_thres=1.25",hub,0.25,100,11,40,1730,32,0,8,1730,0.8,0.0,1.0,0.0,0.2562146864154122
ni_tfnbs,"e=0.1,h=2.0,n=30,start_thres=1.25",hub,0.25,100,11,40,1730,32,0,8,1730,0.8,0.0,1.0,0.0,0.2562146864154122
ni_tfnbs,"e=0.1,h=3.0,n=30,start_thres=1.25",hub,0.25,100,11,40,1730,32,0,8,1730,0.8,0.0,1.0,0.0,0.2562146864154122
ni_tfnbs,"e=0.1,h=4.0,n=30,start_thres=1.25",hub,0.25,100,11,40,1730,32,0,8,1730,0.8,0.0,1.0,0.0,0.2562146864154122
ni_tfnbs,"e=0.1,h=5.0,n=30,start_thres=1.25",hub,0.25,100,11,40,1730,32,0,8,1730,0.8,0.0,1.0,0.0,0.2562146864154122
ni_tfnbs,"e=0.1,h=6.0,n=30,start_thres=1.25",hub,0.25,100,11,40,1730,32,0,8,1730,0.8,0.0,1.0,0.0,0.2562146864154122
ni_tfnbs,"e=0.1,h=7.0,n=30,start_thres=1.25",hub,0.25,100,11,40,1730,32,0,8,1730,0.8,0.0,1.0,0.0,0.2562146864154122
ni_tfnbs,"e=0.1,h=8.0,n=30,start_thres=1.25",hub,0.25,100,11,40,1730,32,0,8,1730,0.8,0.0,1.0,0.0,0.2562146864154122
ni_tfnbs,"e=0.1,h=9.0,n=30,start_thres=1.25",hub,0.25,100,11,40,1730,32,0,8,1730,0.8,0.0,1.0,0.0,0.2562146864154122
ni_tfnbs,"e=0.1,h=10.0,n=30,start_thres=1.25",hub,0.25,100,11,40,1730,32,0,8,1730,0.8,0.0,1.0,0.0,0.2562146864154122
ni_tfnbs,"e=0.2,h=0.5,n=30,start_thres=1.25",hub,0.25,100,11,40,1730,34,0,6,1730,0.85,0.0,1.0,0.0,0.2562146864154122
ni_tfnbs,"e=0.2,h=1.0,n=30,start_thres=1.25",hub,0.25,100,11,40,1730,34,0,6,1730,0.85,0.0,1.0,0.0,0.2562146864154122
ni_tfnbs,"e=0.2,h=2.0,n=30,start_thres=1.25",hub,0.25,100,11,40,1730,34,0,6,1730,0.85,0.0,1.0,0.0,0.2562146864154122
ni_tfnbs,"e=0.2,h=3.0,n=30,start_thres=1.25",hub,0.25,100,11,40,1730,34,0,6,1730,0.85,0.0,1.0,0.0,0.2562146864154122
ni_tfnbs,"e=0.2,h=4.0,n=30,start_thres=1.25",hub,0.25,100,11,40,1730,32,0,8,1730,0.8,0.0,1.0,0.0,0.2562146864154122
ni_tfnbs,"e=0.2,h=5.0,n=30,start_thres=1.25",hub,0.25,100,11,40,1730,32,0,8,1730,0.8,0.0,1.0,0.0,0.2562146864154122
ni_tfnbs,"e=0.2,h=6.0,n=30,start_thres=1.25",hub,0.25,100,11,40,1730,32,0,8,1730,0.8,0.0,1.0,0.0,0.2562146864154122
ni_tfnbs,"e=0.2,h=7.0,n=30,start_thres=1.25",hub,0.25,100,11,40,1730,32,0,8,1730,0.8,0.0,1.0,0.0,0.2562146864154122
ni_tfnbs,"e=0.2,h=8.0,n=30,start_thres=1.25",hub,0.25,100,11,40,1730,32,0,8,1730,0.8,0.0,1.0,0.0,0.2562146864154122
ni_tfnbs,"e=0.2,h=9.0,n=30,start_thres=1.25",hub,0.25,100,11,40,1730,32,0,8,1730,0.8,0.0,1.0,0.0,0.2562146864154122
ni_tfnbs,"e=0.2,h=10.0,n=30,start_thres=1.25",hub,0.25,100,11,40,1730,32,0,8,1730,0.8,0.0,1.0,0.0,0.2562146864154122
ni_tfnbs,"e=0.3,h=0.5,n=30,start_thres=1.25",hub,0.25,100,11,40,1730,34,0,6,1730,0.85,0.0,1.0,0.0,0.2562146864154122
ni_tfnbs,"e=0.3,h=1.0,n=30,start_thres=1.25",hub,0.25,100,11,40,1730,34,0,6,1730,0.85,0.0,1.0,0.0,0.2562146864154122
ni_tfnbs,"e=0.3,h=2.0,n=30,start_thres=1.25",hub,0.25,100,11,40,1730,34,0,6,1730,0.85,0.0,1.0,0.0,0.2562146864154122
ni_tfnbs,"e=0.3,h=3.0,n=30,start_thres=1.25",hub,0.25,100,11,40,1730,34,0,6,1730,0.85,0.0,1.0,0.0,0.2562146864154122
ni_tfnbs,"e=0.3,h=4.0,n=30,start_thres=1.25",hub,0.25,100,11,40,1730,34,0,6,1730,0.85,0.0,1.0,0.0,0.2562146864154122
ni_tfnbs,"e=0.3,h=5.0,n=30,start_thres=1.25",hub,0.25,100,11,40,1730,34,0,6,1730,0.85,0.0,1.0,0.0,0.2562146864154122
ni_tfnbs,"e=0.3,h=6.0,n=30,start_thres=1.25",hub,0.25,100,11,40,1730,33,0,7,1730,0.825,0.0,1.0,0.0,0.2562146864154122
ni_tfnbs,"e=0.3,h=7.0,n=30,start_thres=1.25",hub,0.25,100,11,40,1730,32,0,8,1730,0.8,0.0,1.0,0.0,0.2562146864154122
ni_tfnbs,"e=0.3,h=8.0,n=30,start_thres=1.25",hub,0.25,100,11,40,1730,32,0,8,1730,0.8,0.0,1.0,0.0,0.2562146864154122
ni_tfnbs,"e=0.3,h=9.0,n=30,start_thres=1.25",hub,0.25,100,11,40,1730,32,0,8,1730,0.8,0.0,1.0,0.0,0.2562146864154122
ni_tfnbs,"e=0.3,h=10.0,n=30,start_thres=1.25",hub,0.25,100,11,40,1730,32,0,8,1730,0.8,0.0,1.0,0.0,0.2562146864154122
ni_tfnbs,"e=0.4,h=0.5,n=30,start_thres=1.25",hub,0.25,100,11,40,1730,37,0,3,1730,0.925,0.0,1.0,0.0,0.2562146864154122
ni_tfnbs,"e=0.4,h=1.0,n=30,start_thres=1.25",hub,0.25,100,11,40,1730,36,0,4,1730,0.9,0.0,1.0,0.0,0.2562146864154122
ni_tfnbs,"e=0.4,h=2.0,n=30,start_thres=1.25",hub,0.25,100,11,40,1730,36,0,4,1730,0.9,0.0,1.0,0.0,0.2562146864154122
ni_tfnbs,"e=0.4,h=3.0,n=30,start_thres=1.25",hub,0.25,100,11,40,1730,34,0,6,1730,0.85,0.0,1.0,0.0,0.2562146864154122
ni_tfnbs,"e=0.4,h=4.0,n=30,start_thres=1.25",hub,0.25,100,11,40,1730,34,0,6,1730,0.85,0.0,1.0,0.0,0.2562146864154122
ni_tfnbs,"e=0.4,h=5.0,n=30,start_thres=1.25",hub,0.25,100,11,40,1730,34,0,6,1730,0.85,0.0,1.0,0.0,0.2562146864154122
ni_tfnbs,"e=0.4,h=6.0,n=30,start_thres=1.25",hub,0.25,100,11,40,1730,34,0,6,1730,0.85,0.0,1.0,0.0,0.2562146864154122
ni_tfnbs,"e=0.4,h=7.0,n=30,start_thres=1.25",hub,0.25,100,11,40,1730,34,0,6,1730,0.85,0.0,1.0,0.0,0.2562146864154122
ni_tfnbs,"e=0.4,h=8.0,n=30,start_thres=1.25",hub,0.25,100,11,40,1730,34,0,6,1730,0.85,0.0,1.0,0.0,0.2562146864154122
ni_tfnbs,"e=0.4,h=9.0,n=30,start_thres=1.25",hub,0.25,100,11,40,1730,33,0,7,1730,0.825,0.0,1.0,0.0,0.2562146864154122
ni_tfnbs,"e=0.4,h=10.0,n=30,start_thres=1.25",hub,0.25,100,11,40,1730,32,0,8,1730,0.8,0.0,1.0,0.0,0.2562146864154122
ni_tfnbs,"e=0.5,h=0.5,n=30,start_thres=1.25",hub,0.25,100,11,40,1730,37,0,3,1730,0.925,0.0,1.0,0.0,0.2562146864154122
ni_tfnbs,"e=0.5,h=1.0,n=30,start_thres=1.25",hub,0.25,100,11,40,1730,37,0,3,1730,0.925,0.0,1.0,0.0,0.2562146864154122
ni_tfnbs,"e=0.5,h=2.0,n=30,start_thres=1.25",hub,0.25,100,11,40,1730,37,0,3,1730,0.925,0.0,1.0,0.0,0.2562146864154122
ni_tfnbs,"e=0.5,h=3.0,n=30,start_thres=1.25",hub,0.25,100,11,40,1730,36,0,4,1730,0.9,0.0,1.0,0.0,0.2562146864154122
ni_tfnbs,"e=0.5,h=4.0,n=30,start_thres=1.25",hub,0.25,100,11,40,1730,34,0,6,1730,0.85,0.0,1.0,0.0,0.2562146864154122
ni_tfnbs,"e=0.5,h=5.0,n=30,start_thres=1.25",hub,0.25,100,11,40,1730,34,0,6,1730,0.85,0.0,1.0,0.0,0.2562146864154122
ni_tfnbs,"e=0.5,h=6.0,n=30,start_thres=1.25",hub,0.25,100,11,40,1730,34,0,6,1730,0.85,0.0,1.0,0.0,0.2562146864154122
ni_tfnbs,"e=0.5,h=7.0,n=30,start_thres=1.25",hub,0.25,100,11,40,1730,34,0,6,1730,0.85,0.0,1.0,0.0,0.2562146864154122
ni_tfnbs,"e=0.5,h=8.0,n=30,start_thres=1.25",hub,0.25,100,11,40,1730,34,0,6,1730,0.85,0.0,1.0,0.0,0.2562146864154122
ni_tfnbs,"e=0.5,h=9.0,n=30,start_thres=1.25",hub,0.25,100,11,40,1730,34,0,6,1730,0.85,0.0,1.0,0.0,0.2562146864154122
ni_tfnbs,"e=0.5,h=10.0,n=30,start_thres=1.25",hub,0.25,100,11,40,1730,34,0,6,1730,0.85,0.0,1.0,0.0,0.2562146864154122
ni_tfnbs,"e=0.6,h=0.5,n=30,start_thres=1.25",hub,0.25,100,11,40,1730,37,0,3,1730,0.925,0.0,1.0,0.0,0.2562146864154122
ni_tfnbs,"e=0.6,h=1.0,n=30,start_thres=1.25",hub,0.25,100,11,40,1730,37,0,3,1730,0.925,0.0,1.0,0.0,0.2562146864154122
ni_tfnbs,"e=0.6,h=2.0,n=30,start_thres=1.25",hub,0.25,100,11,40,1730,37,0,3,1730,0.925,0.0,1.0,0.0,0.2562146864154122
ni_tfnbs,"e=0.6,h=3.0,n=30,start_thres=1.25",hub,0.25,100,11,40,1730,37,0,3,1730,0.925,0.0,1.0,0.0,0.2562146864154122
ni_tfnbs,"e=0.6,h=4.0,n=30,start_thres=1.25",hub,0.25,100,11,40,1730,36,0,4,1730,0.9,0.0,1.0,0.0,0.2562146864154122
ni_tfnbs,"e=0.6,h=5.0,n=30,start_thres=1.25",hub,0.25,100,11,40,1730,36,0,4,1730,0.9,0.0,1.0,0.0,0.2562146864154122
ni_tfnbs,"e=0.6,h=6.0,n=30,start_thres=1.25",hub,0.25,100,11,40,1730,34,0,6,1730,0.85,0.0,1.0,0.0,0.2562146864154122
ni_tfnbs,"e=0.6,h=7.0,n=30,start_thres=1.25",hub,0.25,100,11,40,1730,34,0,6,1730,0.85,0.0,1.0,0.0,0.2562146864154122
ni_tfnbs,"e=0.6,h=8.0,n=30,start_thres=1.25",hub,0.25,100,11,40,1730,34,0,6,1730,0.85,0.0,1.0,0.0,0.2562146864154122
ni_tfnbs,"e=0.6,h=9.0,n=30,start_thres=1.25",hub,0.25,100,11,40,1730,34,0,6,1730,0.85,0.0,1.0,0.0,0.2562146864154122
ni_tfnbs,"e=0.6,h=10.0,n=30,start_thres=1.25",hub,0.25,100,11,40,1730,34,0,6,1730,0.85,0.0,1.0,0.0,0.2562146864154122
ni_tfnbs,"e=0.7,h=0.5,n=30,start_thres=1.25",hub,0.25,100,11,40,1730,37,0,3,1730,0.925,0.0,1.0,0.0,0.2562146864154122
ni_tfnbs,"e=0.7,h=1.0,n=30,start_thres=1.25",hub,0.25,100,11,40,1730,37,0,3,1730,0.925,0.0,1.0,0.0,0.2562146864154122
ni_tfnbs,"e=0.7,h=2.0,n=30,start_thres=1.25",hub,0.25,100,11,40,1730,37,0,3,1730,0.925,0.0,1.0,0.0,0.2562146864154122
ni_tfnbs,"e=0.7,h=3.0,n=30,start_thres=1.25",hub,0.25,100,11,40,1730,37,0,3,1730,0.925,0.0,1.0,0.0,0.2562146864154122
ni_tfnbs,"e=0.7,h=4.0,n=30,start_thres=1.25",hub,0.25,100,11,40,1730,37,0,3,1730,0.925,0.0,1.0,0.0,0.2562146864154122
ni_tfnbs,"e=0.7,h=5.0,n=30,start_thres=1.25",hub,0.25,100,11,40,1730,36,0,4,1730,0.9,0.0,1.0,0.0,0.2562146864154122
ni_tfnbs,"e=0.7,h=6.0,n=30,start_thres=1.25",hub,0.25,100,11,40,1730,36,0,4,1730,0.9,0.0,1.0,0.0,0.2562146864154122
ni_tfnbs,"e=0.7,h=7.0,n=30,start_thres=1.25",hub,0.25,100,11,40,1730,34,0,6,1730,0.85,0.0,1.0,0.0,0.2562146864154122
ni_tfnbs,"e=0.7,h=8.0,n=30,start_thres=1.25",hub,0.25,100,11,40,1730,34,0,6,1730,0.85,0.0,1.0,0.0,0.2562146864154122
ni_tfnbs,"e=0.7,h=9.0,n=30,start_thres=1.25",hub,0.25,100,11,40,1730,34,0,6,1730,0.85,0.0,1.0,0.0,0.2562146864154122
ni_tfnbs,"e=0.7,h=10.0,n=30,start_thres=1.25",hub,0.25,100,11,40,1730,34,0,6,1730,0.85,0.0,1.0,0.0,0.2562146864154122
ni_tfnbs,"e=0.8,h=0.5,n=30,start_thres=1.25",hub,0.25,100,11,40,1730,37,0,3,1730,0.925,0.0,1.0,0.0,0.2562146864154122
ni_tfnbs,"e=0.8,h=1.0,n=30,start_thres=1.25",hub,0.25,100,11,40,1730,37,0,3,1730,0.925,0.0,1.0,0.0,0.2562146864154122
ni_tfnbs,"e=0.8,h=2.0,n=30,start_thres=1.25",hub,0.25,100,11,40,1730,37,0,3,1730,0.925,0.0,1.0,0.0,0.2562146864154122
ni_tfnbs,"e=0.8,h=3.0,n=30,start_thres=1.25",hub,0.25,100,11,40,1730,37,0,3,1730,0.925,0.0,1.0,0.0,0.2562146864154122
ni_tfnbs,"e=0.8,h=4.0,n=30,start_thres=1.25",hub,0.25,100,11,40,1730,37,0,3,1730,0.925,0.0,1.0,0.0,0.2562146864154122
ni_tfnbs,"e=0.8,h=5.0,n=30,start_thres=1.25",hub,0.25,100,11,40,1730,37,0,3,1730,0.925,0.0,1.0,0.0,0.2562146864154122
ni_tfnbs,"e=0.8,h=6.0,n=30,start_thres=1.25",hub,0.25,100,11,40,1730,37,0,3,1730,0.925,0.0,1.0,0.0,0.2562146864154122
ni_tfnbs,"e=0.8,h=7.0,n=30,start_thres=1.25",hub,0.25,100,11,40,1730,36,0,4,1730,0.9,0.0,1.0,0.0,0.2562146864154122
ni_tfnbs,"e=0.8,h=8.0,n=30,start_thres=1.25",hub,0.25,100,11,40,1730,36,0,4,1730,0.9,0.0,1.0,0.0,0.2562146864154122
ni_tfnbs,"e=0.8,h=9.0,n=30,start_thres=1.25",hub,0.25,100,11,40,1730,34,0,6,1730,0.85,0.0,1.0,0.0,0.2562146864154122
ni_tfnbs,"e=0.8,h=10.0,n=30,start_thres=1.25",hub,0.25,100,11,40,1730,34,0,6,1730,0.85,0.0,1.0,0.0,0.2562146864154122
ni_tfnbs,"e=0.9,h=0.5,n=30,start_thres=1.25",hub,0.25,100,11,40,1730,37,0,3,1730,0.925,0.0,1.0,0.0,0.2562146864154122
ni_tfnbs,"e=0.9,h=1.0,n=30,start_thres=1.25",hub,0.25,100,11,40,1730,37,0,3,1730,0.925,0.0,1.0,0.0,0.2562146864154122
ni_tfnbs,"e=0.9,h=2.0,n=30,start_thres=1.25",hub,0.25,100,11,40,1730,37,0,3,1730,0.925,0.0,1.0,0.0,0.2562146864154122
ni_tfnbs,"e=0.9,h=3.0,n=30,start_thres=1.25",hub,0.25,100,11,40,1730,37,0,3,1730,0.925,0.0,1.0,0.0,0.2562146864154122
ni_tfnbs,"e=0.9,h=4.0,n=30,start_thres=1.25",hub,0.25,100,11,40,1730,37,0,3,1730,0.925,0.0,1.0,0.0,0.2562146864154122
ni_tfnbs,"e=0.9,h=5.0,n=30,start_thres=1.25",hub,0.25,100,11,40,1730,37,0,3,1730,0.925,0.0,1.0,0.0,0.2562146864154122
ni_tfnbs,"e=0.9,h=6.0,n=30,start_thres=1.25",hub,0.25,100,11,40,1730,37,0,3,1730,0.925,0.0,1.0,0.0,0.2562146864154122
ni_tfnbs,"e=0.9,h=7.0,n=30,start_thres=1.25",hub,0.25,100,11,40,1730,37,0,3,1730,0.925,0.0,1.0,0.0,0.2562146864154122
ni_tfnbs,"e=0.9,h=8.0,n=30,start_thres=1.25",hub,0.25,100,11,40,1730,36,0,4,1730,0.9,0.0,1.0,0.0,0.2562146864154122
ni_tfnbs,"e=0.9,h=9.0,n=30,start_thres=1.25",hub,0.25,100,11,40,1730,36,0,4,1730,0.9,0.0,1.0,0.0,0.2562146864154122
ni_tfnbs,"e=0.9,h=10.0,n=30,start_thres=1.25",hub,0.25,100,11,40,1730,34,0,6,1730,0.85,0.0,1.0,0.0,0.2562146864154122
ni_tfnbs,"e=1.0,h=0.5,n=30,start_thres=1.25",hub,0.25,100,11,40,1730,37,0,3,1730,0.925,0.0,1.0,0.0,0.2562146864154122
ni_tfnbs,"e=1.0,h=1.0,n=30,start_thres=1.25",hub,0.25,100,11,40,1730,37,0,3,1730,0.925,0.0,1.0,0.0,0.2562146864154122
ni_tfnbs,"e=1.0,h=2.0,n=30,start_thres=1.25",hub,0.25,100,11,40,1730,37,0,3,1730,0.925,0.0,1.0,0.0,0.2562146864154122
ni_tfnbs,"e=1.0,h=3.0,n=30,start_thres=1.25",hub,0.25,100,11,40,1730,37,0,3,1730,0.925,0.0,1.0,0.0,0.2562146864154122
ni_tfnbs,"e=1.0,h=4.0,n=30,start_thres=1.25",hub,0.25,100,11,40,1730,37,0,3,1730,0.925,0.0,1.0,0.0,0.2562146864154122
ni_tfnbs,"e=1.0,h=5.0,n=30,start_thres=1.25",hub,0.25,100,11,40,1730,37,0,3,1730,0.925,0.0,1.0,0.0,0.2562146864154122
ni_tfnbs,"e=1.0,h=6.0,n=30,start_thres=1.25",hub,0.25,100,11,40,1730,37,0,3,1730,0.925,0.0,1.0,0.0,0.2562146864154122
ni_tfnbs,"e=1.0,h=7.0,n=30,start_thres=1.25",hub,0.25,100,11,40,1730,37,0,3,1730,0.925,0.0,1.0,0.0,0.2562146864154122
ni_tfnbs,"e=1.0,h=8.0,n=30,start_thres=1.25",hub,0.25,100,11,40,1730,37,0,3,1730,0.925,0.0,1.0,0.0,0.2562146864154122
ni_tfnbs,"e=1.0,h=9.0,n=30,start_thres=1.25",hub,0.25,100,11,40,1730,36,0,4,1730,0.9,0.0,1.0,0.0,0.2562146864154122
ni_tfnbs,"e=1.0,h=10.0,n=30,start_thres=1.25",hub,0.25,100,11,40,1730,36,0,4,1730,0.9,0.0,1.0,0.0,0.2562146864154122
ni_tfnbs,"e=1.1,h=0.5,n=30,start_thres=1.25",hub,0.25,100,11,40,1730,37,0,3,1730,0.925,0.0,1.0,0.0,0.2562146864154122
ni_tfnbs,"e=1.1,h=1.0,n=30,start_thres=1.25",hub,0.25,100,11,40,1730,37,0,3,1730,0.925,0.0,1.0,0.0,0.2562146864154122
ni_tfnbs,"e=1.1,h=2.0,n=30,start_thres=1.25",hub,0.25,100,11,40,1730,37,0,3,1730,0.925,0.0,1.0,0.0,0.2562146864154122
ni_tfnbs,"e=1.1,h=3.0,n=30,start_thres=1.25",hub,0.25,100,11,40,1730,37,0,3,1730,0.925,0.0,1.0,0.0,0.2562146864154122
ni_tfnbs,"e=1.1,h=4.0,n=30,start_thres=1.25",hub,0.25,100,11,40,1730,37,0,3,1730,0.925,0.0,1.0,0.0,0.2562146864154122
ni_tfnbs,"e=1.1,h=5.0,n=30,start_thres=1.25",hub,0.25,100,11,40,1730,37,0,3,1730,0.925,0.0,1.0,0.0,0.2562146864154122
ni_tfnbs,"e=1.1,h=6.0,n=30,start_thres=1.25",hub,0.25,100,11,40,1730,37,0,3,1730,0.925,0.0,1.0,0.0,0.2562146864154122
ni_tfnbs,"e=1.1,h=7.0,n=30,start_thres=1.25",hub,0.25,100,11,40,1730,37,0,3,1730,0.925,0.0,1.0,0.0,0.2562146864154122
ni_tfnbs,"e=1.1,h=8.0,n=30,start_thres=1.25",hub,0.25,100,11,40,1730,37,0,3,1730,0.925,0.0,1.0,0.0,0.2562146864154122
ni_tfnbs,"e=1.1,h=9.0,n=30,start_thres=1.25",hub,0.25,100,11,40,1730,37,0,3,1730,0.925,0.0,1.0,0.0,0.2562146864154122
ni_tfnbs,"e=1.1,h=10.0,n=30,start_thres=1.25",hub,0.25,100,11,40,1730,36,0,4,1730,0.9,0.0,1.0,0.0,0.2562146864154122
ni_tfnbs,"e=1.2,h=0.5,n=30,start_thres=1.25",hub,0.25,100,11,40,1730,37,0,3,1730,0.925,0.0,1.0,0.0,0.2562146864154122
ni_tfnbs,"e=1.2,h=1.0,n=30,start_thres=1.25",hub,0.25,100,11,40,1730,37,0,3,1730,0.925,0.0,1.0,0.0,0.2562146864154122
ni_tfnbs,"e=1.2,h=2.0,n=30,start_thres=1.25",hub,0.25,100,11,40,1730,37,0,3,1730,0.925,0.0,1.0,0.0,0.2562146864154122
ni_tfnbs,"e=1.2,h=3.0,n=30,start_thres=1.25",hub,0.25,100,11,40,1730,37,0,3,1730,0.925,0.0,1.0,0.0,0.2562146864154122
ni_tfnbs,"e=1.2,h=4.0,n=30,start_thres=1.25",hub,0.25,100,11,40,1730,37,0,3,1730,0.925,0.0,1.0,0.0,0.2562146864154122
ni_tfnbs,"e=1.2,h=5.0,n=30,start_thres=1.25",hub,0.25,100,11,40,1730,37,0,3,1730,0.925,0.0,1.0,0.0,0.2562146864154122
ni_tfnbs,"e=1.2,h=6.0,n=30,start_thres=1.25",hub,0.25,100,11,40,1730,37,0,3,1730,0.925,0.0,1.0,0.0,0.2562146864154122
ni_tfnbs,"e=1.2,h=7.0,n=30,start_thres=1.25",hub,0.25,100,11,40,1730,37,0,3,1730,0.925,0.0,1.0,0.0,0.2562146864154122
ni_tfnbs,"e=1.2,h=8.0,n=30,start_thres=1.25",hub,0.25,100,11,40,1730,37,0,3,1730,0.925,0.0,1.0,0.0,0.2562146864154122
ni_tfnbs,"e=1.2,h=9.0,n=30,start_thres=1.25",hub,0.25,100,11,40,1730,37,0,3,1730,0.925,0.0,1.0,0.0,0.2562146864154122
ni_tfnbs,"e=1.2,h=10.0,n=30,start_thres=1.25",hub,0.25,100,11,40,1730,37,0,3,1730,0.925,0.0,1.0,0.0,0.2562146864154122
ni_tfnbs,"e=1.3,h=0.5,n=30,start_thres=1.25",hub,0.25,100,11,40,1730,37,0,3,1730,0.925,0.0,1.0,0.0,0.2562146864154122
ni_tfnbs,"e=1.3,h=1.0,n=30,start_thres=1.25",hub,0.25,100,11,40,1730,37,0,3,1730,0.925,0.0,1.0,0.0,0.2562146864154122
ni_tfnbs,"e=1.3,h=2.0,n=30,start_thres=1.25",hub,0.25,100,11,40,1730,37,0,3,1730,0.925,0.0,1.0,0.0,0.2562146864154122
ni_tfnbs,"e=1.3,h=3.0,n=30,start_thres=1.25",hub,0.25,100,11,40,1730,38,0,2,1730,0.95,0.0,1.0,0.0,0.2562146864154122
ni_tfnbs,"e=1.3,h=4.0,n=30,start_thres=1.25",hub,0.25,100,11,40,1730,38,0,2,1730,0.95,0.0,1.0,0.0,0.2562146864154122
ni_tfnbs,"e=1.3,h=5.0,n=30,start_thres=1.25",hub,0.25,100,11,40,1730,37,0,3,1730,0.925,0.0,1.0,0.0,0.2562146864154122
ni_tfnbs,"e=1.3,h=6.0,n=30,start_thres=1.25",hub,0.25,100,11,40,1730,37,0,3,1730,0.925,0.0,1.0,0.0,0.2562146864154122
ni_tfnbs,"e=1.3,h=7.0,n=30,start_thres=1.25",hub,0.25,100,11,40,1730,37,0,3,1730,0.925,0.0,1.0,0.0,0.2562146864154122
ni_tfnbs,"e=1.3,h=8.0,n=30,start_thres=1.25",hub,0.25,100,11,40,1730,37,0,3,1730,0.925,0.0,1.0,0.0,0.2562146864154122
ni_tfnbs,"e=1.3,h=9.0,n=30,start_thres=1.25",hub,0.25,100,11,40,1730,37,0,3,1730,0.925,0.0,1.0,0.0,0.2562146864154122
ni_tfnbs,"e=1.3,h=10.0,n=30,start_thres=1.25",hub,0.25,100,11,40,1730,37,0,3,1730,0.925,0.0,1.0,0.0,0.2562146864154122
ni_tfnbs,"e=1.4,h=0.5,n=30,start_thres=1.25",hub,0.25,100,11,40,1730,37,0,3,1730,0.925,0.0,1.0,0.0,0.2562146864154122
ni_tfnbs,"e=1.4,h=1.0,n=30,start_thres=1.25",hub,0.25,100,11,40,1730,37,0,3,1730,0.925,0.0,1.0,0.0,0.2562146864154122
ni_tfnbs,"e=1.4,h=2.0,n=30,start_thres=1.25",hub,0.25,100,11,40,1730,37,0,3,1730,0.925,0.0,1.0,0.0,0.2562146864154122
ni_tfnbs,"e=1.4,h=3.0,n=30,start_thres=1.25",hub,0.25,100,11,40,1730,38,0,2,1730,0.95,0.0,1.0,0.0,0.2562146864154122
ni_tfnbs,"e=1.4,h=4.0,n=30,start_thres=1.25",hub,0.25,100,11,40,1730,38,0,2,1730,0.95,0.0,1.0,0.0,0.2562146864154122
ni_tfnbs,"e=1.4,h=5.0,n=30,start_thres=1.25",hub,0.25,100,11,40,1730,38,0,2,1730,0.95,0.0,1.0,0.0,0.2562146864154122
ni_tfnbs,"e=1.4,h=6.0,n=30,start_thres=1.25",hub,0.25,100,11,40,1730,37,0,3,1730,0.925,0.0,1.0,0.0,0.2562146864154122
ni_tfnbs,"e=1.4,h=7.0,n=30,start_thres=1.25",hub,0.25,100,11,40,1730,37,0,3,1730,0.925,0.0,1.0,0.0,0.2562146864154122
ni_tfnbs,"e=1.4,h=8.0,n=30,start_thres=1.25",hub,0.25,100,11,40,1730,37,0,3,1730,0.925,0.0,1.0,0.0,0.2562146864154122
ni_tfnbs,"e=1.4,h=9.0,n=30,start_thres=1.25",hub,0.25,100,11,40,1730,37,0,3,1730,0.925,0.0,1.0,0.0,0.2562146864154122
ni_tfnbs,"e=1.4,h=10.0,n=30,start_thres=1.25",hub,0.25,100,11,40,1730,37,0,3,1730,0.925,0.0,1.0,0.0,0.2562146864154122
ni_tfnbs,"e=1.5,h=0.5,n=30,start_thres=1.25",hub,0.25,100,11,40,1730,37,0,3,1730,0.925,0.0,1.0,0.0,0.2562146864154122
ni_tfnbs,"e=1.5,h=1.0,n=30,start_thres=1.25",hub,0.25,100,11,40,1730,37,0,3,1730,0.925,0.0,1.0,0.0,0.2562146864154122
ni_tfnbs,"e=1.5,h=2.0,n=30,start_thres=1.25",hub,0.25,100,11,40,1730,37,0,3,1730,0.925,0.0,1.0,0.0,0.2562146864154122
ni_tfnbs,"e=1.5,h=3.0,n=30,start_thres=1.25",hub,0.25,100,11,40,1730,40,0,0,1730,1.0,0.0,1.0,0.0,0.2562146864154122
ni_tfnbs,"e=1.5,h=4.0,n=30,start_thres=1.25",hub,0.25,100,11,40,1730,40,0,0,1730,1.0,0.0,1.0,0.0,0.2562146864154122
ni_tfnbs,"e=1.5,h=5.0,n=30,start_thres=1.25",hub,0.25,100,11,40,1730,40,0,0,1730,1.0,0.0,1.0,0.0,0.2562146864154122
ni_tfnbs,"e=1.5,h=6.0,n=30,start_thres=1.25",hub,0.25,100,11,40,1730,38,0,2,1730,0.95,0.0,1.0,0.0,0.2562146864154122
ni_tfnbs,"e=1.5,h=7.0,n=30,start_thres=1.25",hub,0.25,100,11,40,1730,37,0,3,1730,0.925,0.0,1.0,0.0,0.2562146864154122
ni_tfnbs,"e=1.5,h=8.0,n=30,start_thres=1.25",hub,0.25,100,11,40,1730,37,0,3,1730,0.925,0.0,1.0,0.0,0.2562146864154122
ni_tfnbs,"e=1.5,h=9.0,n=30,start_thres=1.25",hub,0.25,100,11,40,1730,37,0,3,1730,0.925,0.0,1.0,0.0,0.2562146864154122
ni_tfnbs,"e=1.5,h=10.0,n=30,start_thres=1.25",hub,0.25,100,11,40,1730,37,0,3,1730,0.925,0.0,1.0,0.0,0.2562146864154122
ni_tfnbs,"e=0.05,h=0.5,n=30,start_thres=1.25",hub,0.25,100,10,40,1730,27,0,13,1730,0.675,0.0,1.0,0.0,0.2588280507109382
ni_tfnbs,"e=0.05,h=1.0,n=30,start_thres=1.25",hub,0.25,100,10,40,1730,27,0,13,1730,0.675,0.0,1.0,0.0,0.2588280507109382
ni_tfnbs,"e=0.05,h=2.0,n=30,start_thres=1.25",hub,0.25,100,10,40,1730,27,0,13,1730,0.675,0.0,1.0,0.0,0.2588280507109382
ni_tfnbs,"e=0.05,h=3.0,n=30,start_thres=1.25",hub,0.25,100,10,40,1730,27,0,13,1730,0.675,0.0,1.0,0.0,0.2588280507109382
ni_tfnbs,"e=0.05,h=4.0,n=30,start_thres=1.25",hub,0.25,100,10,40,1730,27,0,13,1730,0.675,0.0,1.0,0.0,0.2588280507109382
ni_tfnbs,"e=0.05,h=5.0,n=30,start_thres=1.25",hub,0.25,100,10,40,1730,27,0,13,1730,0.675,0.0,1.0,0.0,0.2588280507109382
ni_tfnbs,"e=0.05,h=6.0,n=30,start_thres=1.25",hub,0.25,100,10,40,1730,27,0,13,1730,0.675,0.0,1.0,0.0,0.2588280507109382
ni_tfnbs,"e=0.05,h=7.0,n=30,start_thres=1.25",hub,0.25,100,10,40,1730,26,0,14,1730,0.65,0.0,1.0,0.0,0.2588280507109382
ni_tfnbs,"e=0.05,h=8.0,n=30,start_thres=1.25",hub,0.25,100,10,40,1730,26,0,14,1730,0.65,0.0,1.0,0.0,0.2588280507109382
ni_tfnbs,"e=0.05,h=9.0,n=30,start_thres=1.25",hub,0.25,100,10,40,1730,25,0,15,1730,0.625,0.0,1.0,0.0,0.2588280507109382
ni_tfnbs,"e=0.05,h=10.0,n=30,start_thres=1.25",hub,0.25,100,10,40,1730,25,0,15,1730,0.625,0.0,1.0,0.0,0.2588280507109382
ni_tfnbs,"e=0.1,h=0.5,n=30,start_thres=1.25",hub,0.25,100,10,40,1730,29,0,11,1730,0.725,0.0,1.0,0.0,0.2588280507109382
ni_tfnbs,"e=0.1,h=1.0,n=30,start_thres=1.25",hub,0.25,100,10,40,1730,29,0,11,1730,0.725,0.0,1.0,0.0,0.2588280507109382
ni_tfnbs,"e=0.1,h=2.0,n=30,start_thres=1.25",hub,0.25,100,10,40,1730,27,0,13,1730,0.675,0.0,1.0,0.0,0.2588280507109382
ni_tfnbs,"e=0.1,h=3.0,n=30,start_thres=1.25",hub,0.25,100,10,40,1730,27,0,13,1730,0.675,0.0,1.0,0.0,0.2588280507109382
ni_tfnbs,"e=0.1,h=4.0,n=30,start_thres=1.25",hub,0.25,100,10,40,1730,27,0,13,1730,0.675,0.0,1.0,0.0,0.2588280507109382
ni_tfnbs,"e=0.1,h=5.0,n=30,start_thres=1.25",hub,0.25,100,10,40,1730,27,0,13,1730,0.675,0.0,1.0,0.0,0.2588280507109382
ni_tfnbs,"e=0.1,h=6.0,n=30,start_thres=1.25",hub,0.25,100,10,40,1730,27,0,13,1730,0.675,0.0,1.0,0.0,0.2588280507109382
ni_tfnbs,"e=0.1,h=7.0,n=30,start_thres=1.25",hub,0.25,100,10,40,1730,27,0,13,1730,0.675,0.0,1.0,0.0,0.2588280507109382
ni_tfnbs,"e=0.1,h=8.0,n=30,start_thres=1.25",hub,0.25,100,10,40,1730,27,0,13,1730,0.675,0.0,1.0,0.0,0.2588280507109382
ni_tfnbs,"e=0.1,h=9.0,n=30,start_thres=1.25",hub,0.25,100,10,40,1730,27,0,13,1730,0.675,0.0,1.0,0.0,0.2588280507109382
ni_tfnbs,"e=0.1,h=10.0,n=30,start_thres=1.25",hub,0.25,100,10,40,1730,27,0,13,1730,0.675,0.0,1.0,0.0,0.2588280507109382
ni_tfnbs,"e=0.2,h=0.5,n=30,start_thres=1.25",hub,0.25,100,10,40,1730,33,0,7,1730,0.825,0.0,1.0,0.0,0.2588280507109382
ni_tfnbs,"e=0.2,h=1.0,n=30,start_thres=1.25",hub,0.25,100,10,40,1730,33,0,7,1730,0.825,0.0,1.0,0.0,0.2588280507109382
ni_tfnbs,"e=0.2,h=2.0,n=30,start_thres=1.25",hub,0.25,100,10,40,1730,33,0,7,1730,0.825,0.0,1.0,0.0,0.2588280507109382
ni_tfnbs,"e=0.2,h=3.0,n=30,start_thres=1.25",hub,0.25,100,10,40,1730,31,0,9,1730,0.775,0.0,1.0,0.0,0.2588280507109382
ni_tfnbs,"e=0.2,h=4.0,n=30,start_thres=1.25",hub,0.25,100,10,40,1730,31,0,9,1730,0.775,0.0,1.0,0.0,0.2588280507109382
ni_tfnbs,"e=0.2,h=5.0,n=30,start_thres=1.25",hub,0.25,100,10,40,1730,30,0,10,1730,0.75,0.0,1.0,0.0,0.2588280507109382
ni_tfnbs,"e=0.2,h=6.0,n=30,start_thres=1.25",hub,0.25,100,10,40,1730,29,0,11,1730,0.725,0.0,1.0,0.0,0.2588280507109382
ni_tfnbs,"e=0.2,h=7.0,n=30,start_thres=1.25",hub,0.25,100,10,40,1730,27,0,13,1730,0.675,0.0,1.0,0.0,0.2588280507109382
ni_tfnbs,"e=0.2,h=8.0,n=30,start_thres=1.25",hub,0.25,100,10,40,1730,27,0,13,1730,0.675,0.0,1.0,0.0,0.2588280507109382
ni_tfnbs,"e=0.2,h=9.0,n=30,start_thres=1.25",hub,0.25,100,10,40,1730,27,0,13,1730,0.675,0.0,1.0,0.0,0.2588280507109382
ni_tfnbs,"e=0.2,h=10.0,n=30,start_thres=1.25",hub,0.25,100,10,40,1730,27,0,13,1730,0.675,0.0,1.0,0.0,0.2588280507109382
ni_tfnbs,"e=0.3,h=0.5,n=30,start_thres=1.25",hub,0.25,100,10,40,1730,35,0,5,1730,0.875,0.0,1.0,0.0,0.2588280507109382
ni_tfnbs,"e=0.3,h=1.0,n=30,start_thres=1.25",hub,0.25,100,10,40,1730,35,0,5,1730,0.875,0.0,1.0,0.0,0.2588280507109382
ni_tfnbs,"e=0.3,h=2.0,n=30,start_thres=1.25",hub,0.25,100,10,40,1730,35,0,5,1730,0.875,0.0,1.0,0.0,0.2588280507109382
ni_tfnbs,"e=0.3,h=3.0,n=30,start_thres=1.25",hub,0.25,100,10,40,1730,34,0,6,1730,0.85,0.0,1.0,0.0,0.2588280507109382
ni_tfnbs,"e=0.3,h=4.0,n=30,start_thres=1.25",hub,0.25,100,10,40,1730,33,0,7,1730,0.825,0.0,1.0,0.0,0.2588280507109382
ni_tfnbs,"e=0.3,h=5.0,n=30,start_thres=1.25",hub,0.25,100,10,40,1730,32,0,8,1730,0.8,0.0,1.0,0.0,0.2588280507109382
ni_tfnbs,"e=0.3,h=6.0,n=30,start_thres=1.25",hub,0.25,100,10,40,1730,31,0,9,1730,0.775,0.0,1.0,0.0,0.2588280507109382
ni_tfnbs,"e=0.3,h=7.0,n=30,start_thres=1.25",hub,0.25,100,10,40,1730,31,0,9,1730,0.775,0.0,1.0,0.0,0.2588280507109382
ni_tfnbs,"e=0.3,h=8.0,n=30,start_thres=1.25",hub,0.25,100,10,40,1730,31,0,9,1730,0.775,0.0,1.0,0.0,0.2588280507109382
ni_tfnbs,"e=0.3,h=9.0,n=30,start_thres=1.25",hub,0.25,100,10,40,1730,30,0,10,1730,0.75,0.0,1.0,0.0,0.2588280507109382
ni_tfnbs,"e=0.3,h=10.0,n=30,start_thres=1.25",hub,0.25,100,10,40,1730,29,0,11,1730,0.725,0.0,1.0,0.0,0.2588280507109382
ni_tfnbs,"e=0.4,h=0.5,n=30,start_thres=1.25",hub,0.25,100,10,40,1730,37,0,3,1730,0.925,0.0,1.0,0.0,0.2588280507109382
ni_tfnbs,"e=0.4,h=1.0,n=30,start_thres=1.25",hub,0.25,100,10,40,1730,37,0,3,1730,0.925,0.0,1.0,0.0,0.2588280507109382
ni_tfnbs,"e=0.4,h=2.0,n=30,start_thres=1.25",hub,0.25,100,10,40,1730,36,0,4,1730,0.9,0.0,1.0,0.0,0.2588280507109382
ni_tfnbs,"e=0.4,h=3.0,n=30,start_thres=1.25",hub,0.25,100,10,40,1730,35,0,5,1730,0.875,0.0,1.0,0.0,0.2588280507109382
ni_tfnbs,"e=0.4,h=4.0,n=30,start_thres=1.25",hub,0.25,100,10,40,1730,34,0,6,1730,0.85,0.0,1.0,0.0,0.2588280507109382
ni_tfnbs,"e=0.4,h=5.0,n=30,start_thres=1.25",hub,0.25,100,10,40,1730,34,0,6,1730,0.85,0.0,1.0,0.0,0.2588280507109382
ni_tfnbs,"e=0.4,h=6.0,n=30,start_thres=1.25",hub,0.25,100,10,40,1730,33,0,7,1730,0.825,0.0,1.0,0.0,0.2588280507109382
ni_tfnbs,"e=0.4,h=7.0,n=30,start_thres=1.25",hub,0.25,100,10,40,1730,33,0,7,1730,0.825,0.0,1.0,0.0,0.2588280507109382
ni_tfnbs,"e=0.4,h=8.0,n=30,start_thres=1.25",hub,0.25,100,10,40,1730,31,0,9,1730,0.775,0.0,1.0,0.0,0.2588280507109382
ni_tfnbs,"e=0.4,h=9.0,n=30,start_thres=1.25",hub,0.25,100,10,40,1730,31,0,9,1730,0.775,0.0,1.0,0.0,0.2588280507109382
ni_tfnbs,"e=0.4,h=10.0,n=30,start_thres=1.25",hub,0.25,100,10,40,1730,31,0,9,1730,0.775,0.0,1.0,0.0,0.2588280507109382
ni_tfnbs,"e=0.5,h=0.5,n=30,start_thres=1.25",hub,0.25,100,10,40,1730,38,0,2,1730,0.95,0.0,1.0,0.0,0.2588280507109382
ni_tfnbs,"e=0.5,h=1.0,n=30,start_thres=1.25",hub,0.25,100,10,40,1730,38,0,2,1730,0.95,0.0,1.0,0.0,0.2588280507109382
ni_tfnbs,"e=0.5,h=2.0,n=30,start_thres=1.25",hub,0.25,100,10,40,1730,37,0,3,1730,0.925,0.0,1.0,0.0,0.2588280507109382
ni_tfnbs,"e=0.5,h=3.0,n=30,start_thres=1.25",hub,0.25,100,10,40,1730,36,0,4,1730,0.9,0.0,1.0,0.0,0.2588280507109382
ni_tfnbs,"e=0.5,h=4.0,n=30,start_thres=1.25",hub,0.25,100,10,40,1730,35,0,5,1730,0.875,0.0,1.0,0.0,0.2588280507109382
ni_tfnbs,"e=0.5,h=5.0,n=30,start_thres=1.25",hub,0.25,100,10,40,1730,35,0,5,1730,0.875,0.0,1.0,0.0,0.2588280507109382
ni_tfnbs,"e=0.5,h=6.0,n=30,start_thres=1.25",hub,0.25,100,10,40,1730,34,0,6,1730,0.85,0.0,1.0,0.0,0.2588280507109382
ni_tfnbs,"e=0.5,h=7.0,n=30,start_thres=1.25",hub,0.25,100,10,40,1730,34,0,6,1730,0.85,0.0,1.0,0.0,0.2588280507109382
ni_tfnbs,"e=0.5,h=8.0,n=30,start_thres=1.25",hub,0.25,100,10,40,1730,33,0,7,1730,0.825,0.0,1.0,0.0,0.2588280507109382
ni_tfnbs,"e=0.5,h=9.0,n=30,start_thres=1.25",hub,0.25,100,10,40,1730,33,0,7,1730,0.825,0.0,1.0,0.0,0.2588280507109382
ni_tfnbs,"e=0.5,h=10.0,n=30,start_thres=1.25",hub,0.25,100,10,40,1730,31,0,9,1730,0.775,0.0,1.0,0.0,0.2588280507109382
ni_tfnbs,"e=0.6,h=0.5,n=30,start_thres=1.25",hub,0.25,100,10,40,1730,38,0,2,1730,0.95,0.0,1.0,0.0,0.2588280507109382
ni_tfnbs,"e=0.6,h=1.0,n=30,start_thres=1.25",hub,0.25,100,10,40,1730,38,0,2,1730,0.95,0.0,1.0,0.0,0.2588280507109382
ni_tfnbs,"e=0.6,h=2.0,n=30,start_thres=1.25",hub,0.25,100,10,40,1730,38,0,2,1730,0.95,0.0,1.0,0.0,0.2588280507109382
ni_tfnbs,"e=0.6,h=3.0,n=30,start_thres=1.25",hub,0.25,100,10,40,1730,37,0,3,1730,0.925,0.0,1.0,0.0,0.2588280507109382
ni_tfnbs,"e=0.6,h=4.0,n=30,start_thres=1.25",hub,0.25,100,10,40,1730,37,0,3,1730,0.925,0.0,1.0,0.0,0.2588280507109382
ni_tfnbs,"e=0.6,h=5.0,n=30,start_thres=1.25",hub,0.25,100,10,40,1730,36,0,4,1730,0.9,0.0,1.0,0.0,0.2588280507109382
ni_tfnbs,"e=0.6,h=6.0,n=30,start_thres=1.25",hub,0.25,100,10,40,1730,35,0,5,1730,0.875,0.0,1.0,0.0,0.2588280507109382
ni_tfnbs,"e=0.6,h=7.0,n=30,start_thres=1.25",hub,0.25,100,10,40,1730,35,0,5,1730,0.875,0.0,1.0,0.0,0.2588280507109382
ni_tfnbs,"e=0.6,h=8.0,n=30,start_thres=1.25",hub,0.25,100,10,40,1730,34,0,6,1730,0.85,0.0,1.0,0.0,0.2588280507109382
ni_tfnbs,"e=0.6,h=9.0,n=30,start_thres=1.25",hub,0.25,100,10,40,1730,34,0,6,1730,0.85,0.0,1.0,0.0,0.2588280507109382
ni_tfnbs,"e=0.6,h=10.0,n=30,start_thres=1.25",hub,0.25,100,10,40,1730,33,0,7,1730,0.825,0.0,1.0,0.0,0.2588280507109382
ni_tfnbs,"e=0.7,h=0.5,n=30,start_thres=1.25",hub,0.25,100,10,40,1730,39,0,1,1730,0.975,0.0,1.0,0.0,0.2588280507109382
ni_tfnbs,"e=0.7,h=1.0,n=30,start_thres=1.25",hub,0.25,100,10,40,1730,39,0,1,1730,0.975,0.0,1.0,0.0,0.2588280507109382
ni_tfnbs,"e=0.7,h=2.0,n=30,start_thres=1.25",hub,0.25,100,10,40,1730,38,0,2,1730,0.95,0.0,1.0,0.0,0.2588280507109382
ni_tfnbs,"e=0.7,h=3.0,n=30,start_thres=1.25",hub,0.25,100,10,40,1730,38,0,2,1730,0.95,0.0,1.0,0.0,0.2588280507109382
ni_tfnbs,"e=0.7,h=4.0,n=30,start_thres=1.25",hub,0.25,100,10,40,1730,37,0,3,1730,0.925,0.0,1.0,0.0,0.2588280507109382
ni_tfnbs,"e=0.7,h=5.0,n=30,start_thres=1.25",hub,0.25,100,10,40,1730,37,0,3,1730,0.925,0.0,1.0,0.0,0.2588280507109382
ni_tfnbs,"e=0.7,h=6.0,n=30,start_thres=1.25",hub,0.25,100,10,40,1730,36,0,4,1730,0.9,0.0,1.0,0.0,0.2588280507109382
ni_tfnbs,"e=0.7,h=7.0,n=30,start_thres=1.25",hub,0.25,100,10,40,1730,35,0,5,1730,0.875,0.0,1.0,0.0,0.2588280507109382
ni_tfnbs,"e=0.7,h=8.0,n=30,start_thres=1.25",hub,0.25,100,10,40,1730,35,0,5,1730,0.875,0.0,1.0,0.0,0.2588280507109382
ni_tfnbs,"e=0.7,h=9.0,n=30,start_thres=1.25",hub,0.25,100,10,40,1730,34,0,6,1730,0.85,0.0,1.0,0.0,0.2588280507109382
ni_tfnbs,"e=0.7,h=10.0,n=30,start_thres=1.25",hub,0.25,100,10,40,1730,34,0,6,1730,0.85,0.0,1.0,0.0,0.2588280507109382
ni_tfnbs,"e=0.8,h=0.5,n=30,start_thres=1.25",hub,0.25,100,10,40,1730,39,0,1,1730,0.975,0.0,1.0,0.0,0.2588280507109382
ni_tfnbs,"e=0.8,h=1.0,n=30,start_thres=1.25",hub,0.25,100,10,40,1730,39,0,1,1730,0.975,0.0,1.0,0.0,0.2588280507109382
ni_tfnbs,"e=0.8,h=2.0,n=30,start_thres=1.25",hub,0.25,100,10,40,1730,39,0,1,1730,0.975,0.0,1.0,0.0,0.2588280507109382
ni_tfnbs,"e=0.8,h=3.0,n=30,start_thres=1.25",hub,0.25,100,10,40,1730,38,0,2,1730,0.95,0.0,1.0,0.0,0.2588280507109382
ni_tfnbs,"e=0.8,h=4.0,n=30,start_thres=1.25",hub,0.25,100,10,40,1730,38,0,2,1730,0.95,0.0,1.0,0.0,0.2588280507109382
ni_tfnbs,"e=0.8,h=5.0,n=30,start_thres=1.25",hub,0.25,100,10,40,1730,37,0,3,1730,0.925,0.0,1.0,0.0,0.2588280507109382
ni_tfnbs,"e=0.8,h=6.0,n=30,start_thres=1.25",hub,0.25,100,10,40,1730,37,0,3,1730,0.925,0.0,1.0,0.0,0.2588280507109382
ni_tfnbs,"e=0.8,h=7.0,n=30,start_thres=1.25",hub,0.25,100,10,40,1730,36,0,4,1730,0.9,0.0,1.0,0.0,0.2588280507109382
ni_tfnbs,"e=0.8,h=8.0,n=30,start_thres=1.25",hub,0.25,100,10,40,1730,35,0,5,1730,0.875,0.0,1.0,0.0,0.2588280507109382
ni_tfnbs,"e=0.8,h=9.0,n=30,start_thres=1.25",hub,0.25,100,10,40,1730,35,0,5,1730,0.875,0.0,1.0,0.0,0.2588280507109382
ni_tfnbs,"e=0.8,h=10.0,n=30,start_thres=1.25",hub,0.25,100,10,40,1730,35,0,5,1730,0.875,0.0,1.0,0.0,0.2588280507109382
ni_tfnbs,"e=0.9,h=0.5,n=30,start_thres=1.25",hub,0.25,100,10,40,1730,40,1,0,1729,1.0,0.0005780346820809,0.975609756097561,0.024390243902439,0.2588280507109382
ni_tfnbs,"e=0.9,h=1.0,n=30,start_thres=1.25",hub,0.25,100,10,40,1730,39,0,1,1730,0.975,0.0,1.0,0.0,0.2588280507109382
ni_tfnbs,"e=0.9,h=2.0,n=30,start_thres=1.25",hub,0.25,100,10,40,1730,39,0,1,1730,0.975,0.0,1.0,0.0,0.2588280507109382
ni_tfnbs,"e=0.9,h=3.0,n=30,start_thres=1.25",hub,0.25,100,10,40,1730,39,0,1,1730,0.975,0.0,1.0,0.0,0.2588280507109382
ni_tfnbs,"e=0.9,h=4.0,n=30,start_thres=1.25",hub,0.25,100,10,40,1730,38,0,2,1730,0.95,0.0,1.0,0.0,0.2588280507109382
ni_tfnbs,"e=0.9,h=5.0,n=30,start_thres=1.25",hub,0.25,100,10,40,1730,38,0,2,1730,0.95,0.0,1.0,0.0,0.2588280507109382
ni_tfnbs,"e=0.9,h=6.0,n=30,start_thres=1.25",hub,0.25,100,10,40,1730,37,0,3,1730,0.925,0.0,1.0,0.0,0.2588280507109382
ni_tfnbs,"e=0.9,h=7.0,n=30,start_thres=1.25",hub,0.25,100,10,40,1730,37,0,3,1730,0.925,0.0,1.0,0.0,0.2588280507109382
ni_tfnbs,"e=0.9,h=8.0,n=30,start_thres=1.25",hub,0.25,100,10,40,1730,36,0,4,1730,0.9,0.0,1.0,0.0,0.2588280507109382
ni_tfnbs,"e=0.9,h=9.0,n=30,start_thres=1.25",hub,0.25,100,10,40,1730,36,0,4,1730,0.9,0.0,1.0,0.0,0.2588280507109382
ni_tfnbs,"e=0.9,h=10.0,n=30,start_thres=1.25",hub,0.25,100,10,40,1730,35,0,5,1730,0.875,0.0,1.0,0.0,0.2588280507109382
ni_tfnbs,"e=1.0,h=0.5,n=30,start_thres=1.25",hub,0.25,100,10,40,1730,40,1,0,1729,1.0,0.0005780346820809,0.975609756097561,0.024390243902439,0.2588280507109382
ni_tfnbs,"e=1.0,h=1.0,n=30,start_thres=1.25",hub,0.25,100,10,40,1730,40,1,0,1729,1.0,0.0005780346820809,0.975609756097561,0.024390243902439,0.2588280507109382
ni_tfnbs,"e=1.0,h=2.0,n=30,start_thres=1.25",hub,0.25,100,10,40,1730,40,1,0,1729,1.0,0.0005780346820809,0.975609756097561,0.024390243902439,0.2588280507109382
ni_tfnbs,"e=1.0,h=3.0,n=30,start_thres=1.25",hub,0.25,100,10,40,1730,39,0,1,1730,0.975,0.0,1.0,0.0,0.2588280507109382
ni_tfnbs,"e=1.0,h=4.0,n=30,start_thres=1.25",hub,0.25,100,10,40,1730,39,0,1,1730,0.975,0.0,1.0,0.0,0.2588280507109382
ni_tfnbs,"e=1.0,h=5.0,n=30,start_thres=1.25",hub,0.25,100,10,40,1730,38,0,2,1730,0.95,0.0,1.0,0.0,0.2588280507109382
ni_tfnbs,"e=1.0,h=6.0,n=30,start_thres=1.25",hub,0.25,100,10,40,1730,38,0,2,1730,0.95,0.0,1.0,0.0,0.2588280507109382
ni_tfnbs,"e=1.0,h=7.0,n=30,start_thres=1.25",hub,0.25,100,10,40,1730,37,0,3,1730,0.925,0.0,1.0,0.0,0.2588280507109382
ni_tfnbs,"e=1.0,h=8.0,n=30,start_thres=1.25",hub,0.25,100,10,40,1730,37,0,3,1730,0.925,0.0,1.0,0.0,0.2588280507109382
ni_tfnbs,"e=1.0,h=9.0,n=30,start_thres=1.25",hub,0.25,100,10,40,1730,36,0,4,1730,0.9,0.0,1.0,0.0,0.2588280507109382
ni_tfnbs,"e=1.0,h=10.0,n=30,start_thres=1.25",hub,0.25,100,10,40,1730,36,0,4,1730,0.9,0.0,1.0,0.0,0.2588280507109382
ni_tfnbs,"e=1.1,h=0.5,n=30,start_thres=1.25",hub,0.25,100,10,40,1730,40,1,0,1729,1.0,0.0005780346820809,0.975609756097561,0.024390243902439,0.2588280507109382
ni_tfnbs,"e=1.1,h=1.0,n=30,start_thres=1.25",hub,0.25,100,10,40,1730,40,1,0,1729,1.0,0.0005780346820809,0.975609756097561,0.024390243902439,0.2588280507109382
ni_tfnbs,"e=1.1,h=2.0,n=30,start_thres=1.25",hub,0.25,100,10,40,1730,40,1,0,1729,1.0,0.0005780346820809,0.975609756097561,0.024390243902439,0.2588280507109382
ni_tfnbs,"e=1.1,h=3.0,n=30,start_thres=1.25",hub,0.25,100,10,40,1730,40,1,0,1729,1.0,0.0005780346820809,0.975609756097561,0.024390243902439,0.2588280507109382
ni_tfnbs,"e=1.1,h=4.0,n=30,start_thres=1.25",hub,0.25,100,10,40,1730,39,0,1,1730,0.975,0.0,1.0,0.0,0.2588280507109382
ni_tfnbs,"e=1.1,h=5.0,n=30,start_thres=1.25",hub,0.25,100,10,40,1730,39,0,1,1730,0.975,0.0,1.0,0.0,0.2588280507109382
ni_tfnbs,"e=1.1,h=6.0,n=30,start_thres=1.25",hub,0.25,100,10,40,1730,38,0,2,1730,0.95,0.0,1.0,0.0,0.2588280507109382
ni_tfnbs,"e=1.1,h=7.0,n=30,start_thres=1.25",hub,0.25,100,10,40,1730,38,0,2,1730,0.95,0.0,1.0,0.0,0.2588280507109382
ni_tfnbs,"e=1.1,h=8.0,n=30,start_thres=1.25",hub,0.25,100,10,40,1730,37,0,3,1730,0.925,0.0,1.0,0.0,0.2588280507109382
ni_tfnbs,"e=1.1,h=9.0,n=30,start_thres=1.25",hub,0.25,100,10,40,1730,37,0,3,1730,0.925,0.0,1.0,0.0,0.2588280507109382
ni_tfnbs,"e=1.1,h=10.0,n=30,start_thres=1.25",hub,0.25,100,10,40,1730,36,0,4,1730,0.9,0.0,1.0,0.0,0.2588280507109382
ni_tfnbs,"e=1.2,h=0.5,n=30,start_thres=1.25",hub,0.25,100,10,40,1730,40,1,0,1729,1.0,0.0005780346820809,0.975609756097561,0.024390243902439,0.2588280507109382
ni_tfnbs,"e=1.2,h=1.0,n=30,start_thres=1.25",hub,0.25,100,10,40,1730,40,4,0,1726,1.0,0.0023121387283236,0.9090909090909092,0.0909090909090909,0.2588280507109382
ni_tfnbs,"e=1.2,h=2.0,n=30,start_thres=1.25",hub,0.25,100,10,40,1730,40,2,0,1728,1.0,0.0011560693641618,0.9523809523809524,0.0476190476190476,0.2588280507109382
ni_tfnbs,"e=1.2,h=3.0,n=30,start_thres=1.25",hub,0.25,100,10,40,1730,40,2,0,1728,1.0,0.0011560693641618,0.9523809523809524,0.0476190476190476,0.2588280507109382
ni_tfnbs,"e=1.2,h=4.0,n=30,start_thres=1.25",hub,0.25,100,10,40,1730,40,1,0,1729,1.0,0.0005780346820809,0.975609756097561,0.024390243902439,0.2588280507109382
ni_tfnbs,"e=1.2,h=5.0,n=30,start_thres=1.25",hub,0.25,100,10,40,1730,39,0,1,1730,0.975,0.0,1.0,0.0,0.2588280507109382
ni_tfnbs,"e=1.2,h=6.0,n=30,start_thres=1.25",hub,0.25,100,10,40,1730,39,0,1,1730,0.975,0.0,1.0,0.0,0.2588280507109382
ni_tfnbs,"e=1.2,h=7.0,n=30,start_thres=1.25",hub,0.25,100,10,40,1730,38,0,2,1730,0.95,0.0,1.0,0.0,0.2588280507109382
ni_tfnbs,"e=1.2,h=8.0,n=30,start_thres=1.25",hub,0.25,100,10,40,1730,37,0,3,1730,0.925,0.0,1.0,0.0,0.2588280507109382
ni_tfnbs,"e=1.2,h=9.0,n=30,start_thres=1.25",hub,0.25,100,10,40,1730,37,0,3,1730,0.925,0.0,1.0,0.0,0.2588280507109382
ni_tfnbs,"e=1.2,h=10.0,n=30,start_thres=1.25",hub,0.25,100,10,40,1730,36,0,4,1730,0.9,0.0,1.0,0.0,0.2588280507109382
ni_tfnbs,"e=1.3,h=0.5,n=30,start_thres=1.25",hub,0.25,100,10,40,1730,40,1,0,1729,1.0,0.0005780346820809,0.975609756097561,0.024390243902439,0.2588280507109382
ni_tfnbs,"e=1.3,h=1.0,n=30,start_thres=1.25",hub,0.25,100,10,40,1730,40,4,0,1726,1.0,0.0023121387283236,0.9090909090909092,0.0909090909090909,0.2588280507109382
ni_tfnbs,"e=1.3,h=2.0,n=30,start_thres=1.25",hub,0.25,100,10,40,1730,40,8,0,1722,1.0,0.0046242774566473,0.8333333333333334,0.1666666666666666,0.2588280507109382
ni_tfnbs,"e=1.3,h=3.0,n=30,start_thres=1.25",hub,0.25,100,10,40,1730,40,4,0,1726,1.0,0.0023121387283236,0.9090909090909092,0.0909090909090909,0.2588280507109382
ni_tfnbs,"e=1.3,h=4.0,n=30,start_thres=1.25",hub,0.25,100,10,40,1730,40,2,0,1728,1.0,0.0011560693641618,0.9523809523809524,0.0476190476190476,0.2588280507109382
ni_tfnbs,"e=1.3,h=5.0,n=30,start_thres=1.25",hub,0.25,100,10,40,1730,40,1,0,1729,1.0,0.0005780346820809,0.975609756097561,0.024390243902439,0.2588280507109382
ni_tfnbs,"e=1.3,h=6.0,n=30,start_thres=1.25",hub,0.25,100,10,40,1730,39,0,1,1730,0.975,0.0,1.0,0.0,0.2588280507109382
ni_tfnbs,"e=1.3,h=7.0,n=30,start_thres=1.25",hub,0.25,100,10,40,1730,38,0,2,1730,0.95,0.0,1.0,0.0,0.2588280507109382
ni_tfnbs,"e=1.3,h=8.0,n=30,start_thres=1.25",hub,0.25,100,10,40,1730,38,0,2,1730,0.95,0.0,1.0,0.0,0.2588280507109382
ni_tfnbs,"e=1.3,h=9.0,n=30,start_thres=1.25",hub,0.25,100,10,40,1730,37,0,3,1730,0.925,0.0,1.0,0.0,0.2588280507109382
ni_tfnbs,"e=1.3,h=10.0,n=30,start_thres=1.25",hub,0.25,100,10,40,1730,37,0,3,1730,0.925,0.0,1.0,0.0,0.2588280507109382
ni_tfnbs,"e=1.4,h=0.5,n=30,start_thres=1.25",hub,0.25,100,10,40,1730,40,2,0,1728,1.0,0.0011560693641618,0.9523809523809524,0.0476190476190476,0.2588280507109382
ni_tfnbs,"e=1.4,h=1.0,n=30,start_thres=1.25",hub,0.25,100,10,40,1730,40,4,0,1726,1.0,0.0023121387283236,0.9090909090909092,0.0909090909090909,0.2588280507109382
ni_tfnbs,"e=1.4,h=2.0,n=30,start_thres=1.25",hub,0.25,100,10,40,1730,40,8,0,1722,1.0,0.0046242774566473,0.8333333333333334,0.1666666666666666,0.2588280507109382
ni_tfnbs,"e=1.4,h=3.0,n=30,start_thres=1.25",hub,0.25,100,10,40,1730,40,8,0,1722,1.0,0.0046242774566473,0.8333333333333334,0.1666666666666666,0.2588280507109382
ni_tfnbs,"e=1.4,h=4.0,n=30,start_thres=1.25",hub,0.25,100,10,40,1730,40,2,0,1728,1.0,0.0011560693641618,0.9523809523809524,0.0476190476190476,0.2588280507109382
ni_tfnbs,"e=1.4,h=5.0,n=30,start_thres=1.25",hub,0.25,100,10,40,1730,40,1,0,1729,1.0,0.0005780346820809,0.975609756097561,0.024390243902439,0.2588280507109382
ni_tfnbs,"e=1.4,h=6.0,n=30,start_thres=1.25",hub,0.25,100,10,40,1730,40,1,0,1729,1.0,0.0005780346820809,0.975609756097561,0.024390243902439,0.2588280507109382
ni_tfnbs,"e=1.4,h=7.0,n=30,start_thres=1.25",hub,0.25,100,10,40,1730,39,0,1,1730,0.975,0.0,1.0,0.0,0.2588280507109382
ni_tfnbs,"e=1.4,h=8.0,n=30,start_thres=1.25",hub,0.25,100,10,40,1730,38,0,2,1730,0.95,0.0,1.0,0.0,0.2588280507109382
ni_tfnbs,"e=1.4,h=9.0,n=30,start_thres=1.25",hub,0.25,100,10,40,1730,38,0,2,1730,0.95,0.0,1.0,0.0,0.2588280507109382
ni_tfnbs,"e=1.4,h=10.0,n=30,start_thres=1.25",hub,0.25,100,10,40,1730,37,0,3,1730,0.925,0.0,1.0,0.0,0.2588280507109382
ni_tfnbs,"e=1.5,h=0.5,n=30,start_thres=1.25",hub,0.25,100,10,40,1730,40,2,0,1728,1.0,0.0011560693641618,0.9523809523809524,0.0476190476190476,0.2588280507109382
ni_tfnbs,"e=1.5,h=1.0,n=30,start_thres=1.25",hub,0.25,100,10,40,1730,40,4,0,1726,1.0,0.0023121387283236,0.9090909090909092,0.0909090909090909,0.2588280507109382
ni_tfnbs,"e=1.5,h=2.0,n=30,start_thres=1.25",hub,0.25,100,10,40,1730,40,8,0,1722,1.0,0.0046242774566473,0.8333333333333334,0.1666666666666666,0.2588280507109382
ni_tfnbs,"e=1.5,h=3.0,n=30,start_thres=1.25",hub,0.25,100,10,40,1730,40,8,0,1722,1.0,0.0046242774566473,0.8333333333333334,0.1666666666666666,0.2588280507109382
ni_tfnbs,"e=1.5,h=4.0,n=30,start_thres=1.25",hub,0.25,100,10,40,1730,40,8,0,1722,1.0,0.0046242774566473,0.8333333333333334,0.1666666666666666,0.2588280507109382
ni_tfnbs,"e=1.5,h=5.0,n=30,start_thres=1.25",hub,0.25,100,10,40,1730,40,2,0,1728,1.0,0.0011560693641618,0.9523809523809524,0.0476190476190476,0.2588280507109382
ni_tfnbs,"e=1.5,h=6.0,n=30,start_thres=1.25",hub,0.25,100,10,40,1730,40,2,0,1728,1.0,0.0011560693641618,0.9523809523809524,0.0476190476190476,0.2588280507109382
ni_tfnbs,"e=1.5,h=7.0,n=30,start_thres=1.25",hub,0.25,100,10,40,1730,40,1,0,1729,1.0,0.0005780346820809,0.975609756097561,0.024390243902439,0.2588280507109382
ni_tfnbs,"e=1.5,h=8.0,n=30,start_thres=1.25",hub,0.25,100,10,40,1730,39,0,1,1730,0.975,0.0,1.0,0.0,0.2588280507109382
ni_tfnbs,"e=1.5,h=9.0,n=30,start_thres=1.25",hub,0.25,100,10,40,1730,38,0,2,1730,0.95,0.0,1.0,0.0,0.2588280507109382
ni_tfnbs,"e=1.5,h=10.0,n=30,start_thres=1.25",hub,0.25,100,10,40,1730,37,0,3,1730,0.925,0.0,1.0,0.0,0.2588280507109382
ni_tfnbs,"e=0.05,h=0.5,n=30,start_thres=1.25",hub,0.25,100,12,40,1730,30,0,10,1730,0.75,0.0,1.0,0.0,0.2567778324539011
ni_tfnbs,"e=0.05,h=1.0,n=30,start_thres=1.25",hub,0.25,100,12,40,1730,30,0,10,1730,0.75,0.0,1.0,0.0,0.2567778324539011
ni_tfnbs,"e=0.05,h=2.0,n=30,start_thres=1.25",hub,0.25,100,12,40,1730,30,0,10,1730,0.75,0.0,1.0,0.0,0.2567778324539011
ni_tfnbs,"e=0.05,h=3.0,n=30,start_thres=1.25",hub,0.25,100,12,40,1730,30,0,10,1730,0.75,0.0,1.0,0.0,0.2567778324539011
ni_tfnbs,"e=0.05,h=4.0,n=30,start_thres=1.25",hub,0.25,100,12,40,1730,30,0,10,1730,0.75,0.0,1.0,0.0,0.2567778324539011
ni_tfnbs,"e=0.05,h=5.0,n=30,start_thres=1.25",hub,0.25,100,12,40,1730,30,0,10,1730,0.75,0.0,1.0,0.0,0.2567778324539011
ni_tfnbs,"e=0.05,h=6.0,n=30,start_thres=1.25",hub,0.25,100,12,40,1730,30,0,10,1730,0.75,0.0,1.0,0.0,0.2567778324539011
ni_tfnbs,"e=0.05,h=7.0,n=30,start_thres=1.25",hub,0.25,100,12,40,1730,30,0,10,1730,0.75,0.0,1.0,0.0,0.2567778324539011
ni_tfnbs,"e=0.05,h=8.0,n=30,start_thres=1.25",hub,0.25,100,12,40,1730,30,0,10,1730,0.75,0.0,1.0,0.0,0.2567778324539011
ni_tfnbs,"e=0.05,h=9.0,n=30,start_thres=1.25",hub,0.25,100,12,40,1730,30,0,10,1730,0.75,0.0,1.0,0.0,0.2567778324539011
ni_tfnbs,"e=0.05,h=10.0,n=30,start_thres=1.25",hub,0.25,100,12,40,1730,30,0,10,1730,0.75,0.0,1.0,0.0,0.2567778324539011
ni_tfnbs,"e=0.1,h=0.5,n=30,start_thres=1.25",hub,0.25,100,12,40,1730,34,0,6,1730,0.85,0.0,1.0,0.0,0.2567778324539011
ni_tfnbs,"e=0.1,h=1.0,n=30,start_thres=1.25",hub,0.25,100,12,40,1730,34,0,6,1730,0.85,0.0,1.0,0.0,0.2567778324539011
ni_tfnbs,"e=0.1,h=2.0,n=30,start_thres=1.25",hub,0.25,100,12,40,1730,31,0,9,1730,0.775,0.0,1.0,0.0,0.2567778324539011
ni_tfnbs,"e=0.1,h=3.0,n=30,start_thres=1.25",hub,0.25,100,12,40,1730,30,0,10,1730,0.75,0.0,1.0,0.0,0.2567778324539011
ni_tfnbs,"e=0.1,h=4.0,n=30,start_thres=1.25",hub,0.25,100,12,40,1730,30,0,10,1730,0.75,0.0,1.0,0.0,0.2567778324539011
ni_tfnbs,"e=0.1,h=5.0,n=30,start_thres=1.25",hub,0.25,100,12,40,1730,30,0,10,1730,0.75,0.0,1.0,0.0,0.2567778324539011
ni_tfnbs,"e=0.1,h=6.0,n=30,start_thres=1.25",hub,0.25,100,12,40,1730,30,0,10,1730,0.75,0.0,1.0,0.0,0.2567778324539011
ni_tfnbs,"e=0.1,h=7.0,n=30,start_thres=1.25",hub,0.25,100,12,40,1730,30,0,10,1730,0.75,0.0,1.0,0.0,0.2567778324539011
ni_tfnbs,"e=0.1,h=8.0,n=30,start_thres=1.25",hub,0.25,100,12,40,1730,30,0,10,1730,0.75,0.0,1.0,0.0,0.2567778324539011
ni_tfnbs,"e=0.1,h=9.0,n=30,start_thres=1.25",hub,0.25,100,12,40,1730,30,0,10,1730,0.75,0.0,1.0,0.0,0.2567778324539011
ni_tfnbs,"e=0.1,h=10.0,n=30,start_thres=1.25",hub,0.25,100,12,40,1730,30,0,10,1730,0.75,0.0,1.0,0.0,0.2567778324539011
ni_tfnbs,"e=0.2,h=0.5,n=30,start_thres=1.25",hub,0.25,100,12,40,1730,35,0,5,1730,0.875,0.0,1.0,0.0,0.2567778324539011
ni_tfnbs,"e=0.2,h=1.0,n=30,start_thres=1.25",hub,0.25,100,12,40,1730,35,0,5,1730,0.875,0.0,1.0,0.0,0.2567778324539011
ni_tfnbs,"e=0.2,h=2.0,n=30,start_thres=1.25",hub,0.25,100,12,40,1730,34,0,6,1730,0.85,0.0,1.0,0.0,0.2567778324539011
ni_tfnbs,"e=0.2,h=3.0,n=30,start_thres=1.25",hub,0.25,100,12,40,1730,34,0,6,1730,0.85,0.0,1.0,0.0,0.2567778324539011
ni_tfnbs,"e=0.2,h=4.0,n=30,start_thres=1.25",hub,0.25,100,12,40,1730,34,0,6,1730,0.85,0.0,1.0,0.0,0.2567778324539011
ni_tfnbs,"e=0.2,h=5.0,n=30,start_thres=1.25",hub,0.25,100,12,40,1730,34,0,6,1730,0.85,0.0,1.0,0.0,0.2567778324539011
ni_tfnbs,"e=0.2,h=6.0,n=30,start_thres=1.25",hub,0.25,100,12,40,1730,31,0,9,1730,0.775,0.0,1.0,0.0,0.2567778324539011
ni_tfnbs,"e=0.2,h=7.0,n=30,start_thres=1.25",hub,0.25,100,12,40,1730,31,0,9,1730,0.775,0.0,1.0,0.0,0.2567778324539011
ni_tfnbs,"e=0.2,h=8.0,n=30,start_thres=1.25",hub,0.25,100,12,40,1730,31,0,9,1730,0.775,0.0,1.0,0.0,0.2567778324539011
ni_tfnbs,"e=0.2,h=9.0,n=30,start_thres=1.25",hub,0.25,100,12,40,1730,30,0,10,1730,0.75,0.0,1.0,0.0,0.2567778324539011
ni_tfnbs,"e=0.2,h=10.0,n=30,start_thres=1.25",hub,0.25,100,12,40,1730,30,0,10,1730,0.75,0.0,1.0,0.0,0.2567778324539011
ni_tfnbs,"e=0.3,h=0.5,n=30,start_thres=1.25",hub,0.25,100,12,40,1730,35,0,5,1730,0.875,0.0,1.0,0.0,0.2567778324539011
ni_tfnbs,"e=0.3,h=1.0,n=30,start_thres=1.25",hub,0.25,100,12,40,1730,35,0,5,1730,0.875,0.0,1.0,0.0,0.2567778324539011
ni_tfnbs,"e=0.3,h=2.0,n=30,start_thres=1.25",hub,0.25,100,12,40,1730,35,0,5,1730,0.875,0.0,1.0,0.0,0.2567778324539011
ni_tfnbs,"e=0.3,h=3.0,n=30,start_thres=1.25",hub,0.25,100,12,40,1730,35,0,5,1730,0.875,0.0,1.0,0.0,0.2567778324539011
ni_tfnbs,"e=0.3,h=4.0,n=30,start_thres=1.25",hub,0.25,100,12,40,1730,35,0,5,1730,0.875,0.0,1.0,0.0,0.2567778324539011
ni_tfnbs,"e=0.3,h=5.0,n=30,start_thres=1.25",hub,0.25,100,12,40,1730,34,0,6,1730,0.85,0.0,1.0,0.0,0.2567778324539011
ni_tfnbs,"e=0.3,h=6.0,n=30,start_thres=1.25",hub,0.25,100,12,40,1730,34,0,6,1730,0.85,0.0,1.0,0.0,0.2567778324539011
ni_tfnbs,"e=0.3,h=7.0,n=30,start_thres=1.25",hub,0.25,100,12,40,1730,34,0,6,1730,0.85,0.0,1.0,0.0,0.2567778324539011
ni_tfnbs,"e=0.3,h=8.0,n=30,start_thres=1.25",hub,0.25,100,12,40,1730,34,0,6,1730,0.85,0.0,1.0,0.0,0.2567778324539011
ni_tfnbs,"e=0.3,h=9.0,n=30,start_thres=1.25",hub,0.25,100,12,40,1730,34,0,6,1730,0.85,0.0,1.0,0.0,0.2567778324539011
ni_tfnbs,"e=0.3,h=10.0,n=30,start_thres=1.25",hub,0.25,100,12,40,1730,34,0,6,1730,0.85,0.0,1.0,0.0,0.2567778324539011
ni_tfnbs,"e=0.4,h=0.5,n=30,start_thres=1.25",hub,0.25,100,12,40,1730,35,0,5,1730,0.875,0.0,1.0,0.0,0.2567778324539011
ni_tfnbs,"e=0.4,h=1.0,n=30,start_thres=1.25",hub,0.25,100,12,40,1730,35,0,5,1730,0.875,0.0,1.0,0.0,0.2567778324539011
ni_tfnbs,"e=0.4,h=2.0,n=30,start_thres=1.25",hub,0.25,100,12,40,1730,35,0,5,1730,0.875,0.0,1.0,0.0,0.2567778324539011
ni_tfnbs,"e=0.4,h=3.0,n=30,start_thres=1.25",hub,0.25,100,12,40,1730,35,0,5,1730,0.875,0.0,1.0,0.0,0.2567778324539011
ni_tfnbs,"e=0.4,h=4.0,n=30,start_thres=1.25",hub,0.25,100,12,40,1730,35,0,5,1730,0.875,0.0,1.0,0.0,0.2567778324539011
ni_tfnbs,"e=0.4,h=5.0,n=30,start_thres=1.25",hub,0.25,100,12,40,1730,35,0,5,1730,0.875,0.0,1.0,0.0,0.2567778324539011
ni_tfnbs,"e=0.4,h=6.0,n=30,start_thres=1.25",hub,0.25,100,12,40,1730,35,0,5,1730,0.875,0.0,1.0,0.0,0.2567778324539011
ni_tfnbs,"e=0.4,h=7.0,n=30,start_thres=1.25",hub,0.25,100,12,40,1730,34,0,6,1730,0.85,0.0,1.0,0.0,0.2567778324539011
ni_tfnbs,"e=0.4,h=8.0,n=30,start_thres=1.25",hub,0.25,100,12,40,1730,34,0,6,1730,0.85,0.0,1.0,0.0,0.2567778324539011
ni_tfnbs,"e=0.4,h=9.0,n=30,start_thres=1.25",hub,0.25,100,12,40,1730,34,0,6,1730,0.85,0.0,1.0,0.0,0.2567778324539011
ni_tfnbs,"e=0.4,h=10.0,n=30,start_thres=1.25",hub,0.25,100,12,40,1730,34,0,6,1730,0.85,0.0,1.0,0.0,0.2567778324539011
ni_tfnbs,"e=0.5,h=0.5,n=30,start_thres=1.25",hub,0.25,100,12,40,1730,36,0,4,1730,0.9,0.0,1.0,0.0,0.2567778324539011
ni_tfnbs,"e=0.5,h=1.0,n=30,start_thres=1.25",hub,0.25,100,12,40,1730,36,0,4,1730,0.9,0.0,1.0,0.0,0.2567778324539011
ni_tfnbs,"e=0.5,h=2.0,n=30,start_thres=1.25",hub,0.25,100,12,40,1730,36,0,4,1730,0.9,0.0,1.0,0.0,0.2567778324539011
ni_tfnbs,"e=0.5,h=3.0,n=30,start_thres=1.25",hub,0.25,100,12,40,1730,35,0,5,1730,0.875,0.0,1.0,0.0,0.2567778324539011
ni_tfnbs,"e=0.5,h=4.0,n=30,start_thres=1.25",hub,0.25,100,12,40,1730,35,0,5,1730,0.875,0.0,1.0,0.0,0.2567778324539011
ni_tfnbs,"e=0.5,h=5.0,n=30,start_thres=1.25",hub,0.25,100,12,40,1730,35,0,5,1730,0.875,0.0,1.0,0.0,0.2567778324539011
ni_tfnbs,"e=0.5,h=6.0,n=30,start_thres=1.25",hub,0.25,100,12,40,1730,35,0,5,1730,0.875,0.0,1.0,0.0,0.2567778324539011
ni_tfnbs,"e=0.5,h=7.0,n=30,start_thres=1.25",hub,0.25,100,12,40,1730,35,0,5,1730,0.875,0.0,1.0,0.0,0.2567778324539011
ni_tfnbs,"e=0.5,h=8.0,n=30,start_thres=1.25",hub,0.25,100,12,40,1730,35,0,5,1730,0.875,0.0,1.0,0.0,0.2567778324539011
ni_tfnbs,"e=0.5,h=9.0,n=30,start_thres=1.25",hub,0.25,100,12,40,1730,34,0,6,1730,0.85,0.0,1.0,0.0,0.2567778324539011
ni_tfnbs,"e=0.5,h=10.0,n=30,start_thres=1.25",hub,0.25,100,12,40,1730,34,0,6,1730,0.85,0.0,1.0,0.0,0.2567778324539011
ni_tfnbs,"e=0.6,h=0.5,n=30,start_thres=1.25",hub,0.25,100,12,40,1730,36,0,4,1730,0.9,0.0,1.0,0.0,0.2567778324539011
ni_tfnbs,"e=0.6,h=1.0,n=30,start_thres=1.25",hub,0.25,100,12,40,1730,36,0,4,1730,0.9,0.0,1.0,0.0,0.2567778324539011
ni_tfnbs,"e=0.6,h=2.0,n=30,start_thres=1.25",hub,0.25,100,12,40,1730,36,0,4,1730,0.9,0.0,1.0,0.0,0.2567778324539011
ni_tfnbs,"e=0.6,h=3.0,n=30,start_thres=1.25",hub,0.25,100,12,40,1730,36,0,4,1730,0.9,0.0,1.0,0.0,0.2567778324539011
ni_tfnbs,"e=0.6,h=4.0,n=30,start_thres=1.25",hub,0.25,100,12,40,1730,35,0,5,1730,0.875,0.0,1.0,0.0,0.2567778324539011
ni_tfnbs,"e=0.6,h=5.0,n=30,start_thres=1.25",hub,0.25,100,12,40,1730,35,0,5,1730,0.875,0.0,1.0,0.0,0.2567778324539011
ni_tfnbs,"e=0.6,h=6.0,n=30,start_thres=1.25",hub,0.25,100,12,40,1730,35,0,5,1730,0.875,0.0,1.0,0.0,0.2567778324539011
ni_tfnbs,"e=0.6,h=7.0,n=30,start_thres=1.25",hub,0.25,100,12,40,1730,35,0,5,1730,0.875,0.0,1.0,0.0,0.2567778324539011
ni_tfnbs,"e=0.6,h=8.0,n=30,start_thres=1.25",hub,0.25,100,12,40,1730,35,0,5,1730,0.875,0.0,1.0,0.0,0.2567778324539011
ni_tfnbs,"e=0.6,h=9.0,n=30,start_thres=1.25",hub,0.25,100,12,40,1730,35,0,5,1730,0.875,0.0,1.0,0.0,0.2567778324539011
ni_tfnbs,"e=0.6,h=10.0,n=30,start_thres=1.25",hub,0.25,100,12,40,1730,35,0,5,1730,0.875,0.0,1.0,0.0,0.2567778324539011
ni_tfnbs,"e=0.7,h=0.5,n=30,start_thres=1.25",hub,0.25,100,12,40,1730,37,0,3,1730,0.925,0.0,1.0,0.0,0.2567778324539011
ni_tfnbs,"e=0.7,h=1.0,n=30,start_thres=1.25",hub,0.25,100,12,40,1730,37,0,3,1730,0.925,0.0,1.0,0.0,0.2567778324539011
ni_tfnbs,"e=0.7,h=2.0,n=30,start_thres=1.25",hub,0.25,100,12,40,1730,36,0,4,1730,0.9,0.0,1.0,0.0,0.2567778324539011
ni_tfnbs,"e=0.7,h=3.0,n=30,start_thres=1.25",hub,0.25,100,12,40,1730,36,0,4,1730,0.9,0.0,1.0,0.0,0.2567778324539011
ni_tfnbs,"e=0.7,h=4.0,n=30,start_thres=1.25",hub,0.25,100,12,40,1730,36,0,4,1730,0.9,0.0,1.0,0.0,0.2567778324539011
ni_tfnbs,"e=0.7,h=5.0,n=30,start_thres=1.25",hub,0.25,100,12,40,1730,35,0,5,1730,0.875,0.0,1.0,0.0,0.2567778324539011
ni_tfnbs,"e=0.7,h=6.0,n=30,start_thres=1.25",hub,0.25,100,12,40,1730,35,0,5,1730,0.875,0.0,1.0,0.0,0.2567778324539011
ni_tfnbs,"e=0.7,h=7.0,n=30,start_thres=1.25",hub,0.25,100,12,40,1730,35,0,5,1730,0.875,0.0,1.0,0.0,0.2567778324539011
ni_tfnbs,"e=0.7,h=8.0,n=30,start_thres=1.25",hub,0.25,100,12,40,1730,35,0,5,1730,0.875,0.0,1.0,0.0,0.2567778324539011
ni_tfnbs,"e=0.7,h=9.0,n=30,start_thres=1.25",hub,0.25,100,12,40,1730,35,0,5,1730,0.875,0.0,1.0,0.0,0.2567778324539011
ni_tfnbs,"e=0.7,h=10.0,n=30,start_thres=1.25",hub,0.25,100,12,40,1730,35,0,5,1730,0.875,0.0,1.0,0.0,0.2567778324539011
ni_tfnbs,"e=0.8,h=0.5,n=30,start_thres=1.25",hub,0.25,100,12,40,1730,37,0,3,1730,0.925,0.0,1.0,0.0,0.2567778324539011
ni_tfnbs,"e=0.8,h=1.0,n=30,start_thres=1.25",hub,0.25,100,12,40,1730,37,0,3,1730,0.925,0.0,1.0,0.0,0.2567778324539011
ni_tfnbs,"e=0.8,h=2.0,n=30,start_thres=1.25",hub,0.25,100,12,40,1730,37,0,3,1730,0.925,0.0,1.0,0.0,0.2567778324539011
ni_tfnbs,"e=0.8,h=3.0,n=30,start_thres=1.25",hub,0.25,100,12,40,1730,37,0,3,1730,0.925,0.0,1.0,0.0,0.2567778324539011
ni_tfnbs,"e=0.8,h=4.0,n=30,start_thres=1.25",hub,0.25,100,12,40,1730,36,0,4,1730,0.9,0.0,1.0,0.0,0.2567778324539011
ni_tfnbs,"e=0.8,h=5.0,n=30,start_thres=1.25",hub,0.25,100,12,40,1730,36,0,4,1730,0.9,0.0,1.0,0.0,0.2567778324539011
ni_tfnbs,"e=0.8,h=6.0,n=30,start_thres=1.25",hub,0.25,100,12,40,1730,36,0,4,1730,0.9,0.0,1.0,0.0,0.2567778324539011
ni_tfnbs,"e=0.8,h=7.0,n=30,start_thres=1.25",hub,0.25,100,12,40,1730,35,0,5,1730,0.875,0.0,1.0,0.0,0.2567778324539011
ni_tfnbs,"e=0.8,h=8.0,n=30,start_thres=1.25",hub,0.25,100,12,40,1730,35,0,5,1730,0.875,0.0,1.0,0.0,0.2567778324539011
ni_tfnbs,"e=0.8,h=9.0,n=30,start_thres=1.25",hub,0.25,100,12,40,1730,35,0,5,1730,0.875,0.0,1.0,0.0,0.2567778324539011
ni_tfnbs,"e=0.8,h=10.0,n=30,start_thres=1.25",hub,0.25,100,12,40,1730,35,0,5,1730,0.875,0.0,1.0,0.0,0.2567778324539011
ni_tfnbs,"e=0.9,h=0.5,n=30,start_thres=1.25",hub,0.25,100,12,40,1730,37,0,3,1730,0.925,0.0,1.0,0.0,0.2567778324539011
ni_tfnbs,"e=0.9,h=1.0,n=30,start_thres=1.25",hub,0.25,100,12,40,1730,37,0,3,1730,0.925,0.0,1.0,0.0,0.2567778324539011
ni_tfnbs,"e=0.9,h=2.0,n=30,start_thres=1.25",hub,0.25,100,12,40,1730,37,0,3,1730,0.925,0.0,1.0,0.0,0.2567778324539011
ni_tfnbs,"e=0.9,h=3.0,n=30,start_thres=1.25",hub,0.25,100,12,40,1730,37,0,3,1730,0.925,0.0,1.0,0.0,0.2567778324539011
ni_tfnbs,"e=0.9,h=4.0,n=30,start_thres=1.25",hub,0.25,100,12,40,1730,37,0,3,1730,0.925,0.0,1.0,0.0,0.2567778324539011
ni_tfnbs,"e=0.9,h=5.0,n=30,start_thres=1.25",hub,0.25,100,12,40,1730,36,0,4,1730,0.9,0.0,1.0,0.0,0.2567778324539011
ni_tfnbs,"e=0.9,h=6.0,n=30,start_thres=1.25",hub,0.25,100,12,40,1730,36,0,4,1730,0.9,0.0,1.0,0.0,0.2567778324539011
ni_tfnbs,"e=0.9,h=7.0,n=30,start_thres=1.25",hub,0.25,100,12,40,1730,36,0,4,1730,0.9,0.0,1.0,0.0,0.2567778324539011
ni_tfnbs,"e=0.9,h=8.0,n=30,start_thres=1.25",hub,0.25,100,12,40,1730,35,0,5,1730,0.875,0.0,1.0,0.0,0.2567778324539011
ni_tfnbs,"e=0.9,h=9.0,n=30,start_thres=1.25",hub,0.25,100,12,40,1730,35,0,5,1730,0.875,0.0,1.0,0.0,0.2567778324539011
ni_tfnbs,"e=0.9,h=10.0,n=30,start_thres=1.25",hub,0.25,100,12,40,1730,35,0,5,1730,0.875,0.0,1.0,0.0,0.2567778324539011
ni_tfnbs,"e=1.0,h=0.5,n=30,start_thres=1.25",hub,0.25,100,12,40,1730,37,0,3,1730,0.925,0.0,1.0,0.0,0.2567778324539011
ni_tfnbs,"e=1.0,h=1.0,n=30,start_thres=1.25",hub,0.25,100,12,40,1730,37,0,3,1730,0.925,0.0,1.0,0.0,0.2567778324539011
ni_tfnbs,"e=1.0,h=2.0,n=30,start_thres=1.25",hub,0.25,100,12,40,1730,37,0,3,1730,0.925,0.0,1.0,0.0,0.2567778324539011
ni_tfnbs,"e=1.0,h=3.0,n=30,start_thres=1.25",hub,0.25,100,12,40,1730,37,0,3,1730,0.925,0.0,1.0,0.0,0.2567778324539011
ni_tfnbs,"e=1.0,h=4.0,n=30,start_thres=1.25",hub,0.25,100,12,40,1730,37,0,3,1730,0.925,0.0,1.0,0.0,0.2567778324539011
ni_tfnbs,"e=1.0,h=5.0,n=30,start_thres=1.25",hub,0.25,100,12,40,1730,37,0,3,1730,0.925,0.0,1.0,0.0,0.2567778324539011
ni_tfnbs,"e=1.0,h=6.0,n=30,start_thres=1.25",hub,0.25,100,12,40,1730,36,0,4,1730,0.9,0.0,1.0,0.0,0.2567778324539011
ni_tfnbs,"e=1.0,h=7.0,n=30,start_thres=1.25",hub,0.25,100,12,40,1730,36,0,4,1730,0.9,0.0,1.0,0.0,0.2567778324539011
ni_tfnbs,"e=1.0,h=8.0,n=30,start_thres=1.25",hub,0.25,100,12,40,1730,36,0,4,1730,0.9,0.0,1.0,0.0,0.2567778324539011
ni_tfnbs,"e=1.0,h=9.0,n=30,start_thres=1.25",hub,0.25,100,12,40,1730,35,0,5,1730,0.875,0.0,1.0,0.0,0.2567778324539011
ni_tfnbs,"e=1.0,h=10.0,n=30,start_thres=1.25",hub,0.25,100,12,40,1730,35,0,5,1730,0.875,0.0,1.0,0.0,0.2567778324539011
ni_tfnbs,"e=1.1,h=0.5,n=30,start_thres=1.25",hub,0.25,100,12,40,1730,37,0,3,1730,0.925,0.0,1.0,0.0,0.2567778324539011
ni_tfnbs,"e=1.1,h=1.0,n=30,start_thres=1.25",hub,0.25,100,12,40,1730,37,0,3,1730,0.925,0.0,1.0,0.0,0.2567778324539011
ni_tfnbs,"e=1.1,h=2.0,n=30,start_thres=1.25",hub,0.25,100,12,40,1730,37,1,3,1729,0.925,0.0005780346820809,0.9736842105263158,0.0263157894736842,0.2567778324539011
ni_tfnbs,"e=1.1,h=3.0,n=30,start_thres=1.25",hub,0.25,100,12,40,1730,37,0,3,1730,0.925,0.0,1.0,0.0,0.2567778324539011
ni_tfnbs,"e=1.1,h=4.0,n=30,start_thres=1.25",hub,0.25,100,12,40,1730,37,0,3,1730,0.925,0.0,1.0,0.0,0.2567778324539011
ni_tfnbs,"e=1.1,h=5.0,n=30,start_thres=1.25",hub,0.25,100,12,40,1730,37,0,3,1730,0.925,0.0,1.0,0.0,0.2567778324539011
ni_tfnbs,"e=1.1,h=6.0,n=30,start_thres=1.25",hub,0.25,100,12,40,1730,37,0,3,1730,0.925,0.0,1.0,0.0,0.2567778324539011
ni_tfnbs,"e=1.1,h=7.0,n=30,start_thres=1.25",hub,0.25,100,12,40,1730,36,0,4,1730,0.9,0.0,1.0,0.0,0.2567778324539011
ni_tfnbs,"e=1.1,h=8.0,n=30,start_thres=1.25",hub,0.25,100,12,40,1730,36,0,4,1730,0.9,0.0,1.0,0.0,0.2567778324539011
ni_tfnbs,"e=1.1,h=9.0,n=30,start_thres=1.25",hub,0.25,100,12,40,1730,36,0,4,1730,0.9,0.0,1.0,0.0,0.2567778324539011
ni_tfnbs,"e=1.1,h=10.0,n=30,start_thres=1.25",hub,0.25,100,12,40,1730,35,0,5,1730,0.875,0.0,1.0,0.0,0.2567778324539011
ni_tfnbs,"e=1.2,h=0.5,n=30,start_thres=1.25",hub,0.25,100,12,40,1730,37,0,3,1730,0.925,0.0,1.0,0.0,0.2567778324539011
ni_tfnbs,"e=1.2,h=1.0,n=30,start_thres=1.25",hub,0.25,100,12,40,1730,37,0,3,1730,0.925,0.0,1.0,0.0,0.2567778324539011
ni_tfnbs,"e=1.2,h=2.0,n=30,start_thres=1.25",hub,0.25,100,12,40,1730,37,1,3,1729,0.925,0.0005780346820809,0.9736842105263158,0.0263157894736842,0.2567778324539011
ni_tfnbs,"e=1.2,h=3.0,n=30,start_thres=1.25",hub,0.25,100,12,40,1730,37,1,3,1729,0.925,0.0005780346820809,0.9736842105263158,0.0263157894736842,0.2567778324539011
ni_tfnbs,"e=1.2,h=4.0,n=30,start_thres=1.25",hub,0.25,100,12,40,1730,37,0,3,1730,0.925,0.0,1.0,0.0,0.2567778324539011
ni_tfnbs,"e=1.2,h=5.0,n=30,start_thres=1.25",hub,0.25,100,12,40,1730,37,0,3,1730,0.925,0.0,1.0,0.0,0.2567778324539011
ni_tfnbs,"e=1.2,h=6.0,n=30,start_thres=1.25",hub,0.25,100,12,40,1730,37,0,3,1730,0.925,0.0,1.0,0.0,0.2567778324539011
ni_tfnbs,"e=1.2,h=7.0,n=30,start_thres=1.25",hub,0.25,100,12,40,1730,37,0,3,1730,0.925,0.0,1.0,0.0,0.2567778324539011
ni_tfnbs,"e=1.2,h=8.0,n=30,start_thres=1.25",hub,0.25,100,12,40,1730,36,0,4,1730,0.9,0.0,1.0,0.0,0.2567778324539011
ni_tfnbs,"e=1.2,h=9.0,n=30,start_thres=1.25",hub,0.25,100,12,40,1730,36,0,4,1730,0.9,0.0,1.0,0.0,0.2567778324539011
ni_tfnbs,"e=1.2,h=10.0,n=30,start_thres=1.25",hub,0.25,100,12,40,1730,36,0,4,1730,0.9,0.0,1.0,0.0,0.2567778324539011
ni_tfnbs,"e=1.3,h=0.5,n=30,start_thres=1.25",hub,0.25,100,12,40,1730,37,0,3,1730,0.925,0.0,1.0,0.0,0.2567778324539011
ni_tfnbs,"e=1.3,h=1.0,n=30,start_thres=1.25",hub,0.25,100,12,40,1730,37,0,3,1730,0.925,0.0,1.0,0.0,0.2567778324539011
ni_tfnbs,"e=1.3,h=2.0,n=30,start_thres=1.25",hub,0.25,100,12,40,1730,37,1,3,1729,0.925,0.0005780346820809,0.9736842105263158,0.0263157894736842,0.2567778324539011
ni_tfnbs,"e=1.3,h=3.0,n=30,start_thres=1.25",hub,0.25,100,12,40,1730,37,1,3,1729,0.925,0.0005780346820809,0.9736842105263158,0.0263157894736842,0.2567778324539011
ni_tfnbs,"e=1.3,h=4.0,n=30,start_thres=1.25",hub,0.25,100,12,40,1730,37,1,3,1729,0.925,0.0005780346820809,0.9736842105263158,0.0263157894736842,0.2567778324539011
ni_tfnbs,"e=1.3,h=5.0,n=30,start_thres=1.25",hub,0.25,100,12,40,1730,37,0,3,1730,0.925,0.0,1.0,0.0,0.2567778324539011
ni_tfnbs,"e=1.3,h=6.0,n=30,start_thres=1.25",hub,0.25,100,12,40,1730,37,0,3,1730,0.925,0.0,1.0,0.0,0.2567778324539011
ni_tfnbs,"e=1.3,h=7.0,n=30,start_thres=1.25",hub,0.25,100,12,40,1730,37,0,3,1730,0.925,0.0,1.0,0.0,0.2567778324539011
ni_tfnbs,"e=1.3,h=8.0,n=30,start_thres=1.25",hub,0.25,100,12,40,1730,37,0,3,1730,0.925,0.0,1.0,0.0,0.2567778324539011
ni_tfnbs,"e=1.3,h=9.0,n=30,start_thres=1.25",hub,0.25,100,12,40,1730,36,0,4,1730,0.9,0.0,1.0,0.0,0.2567778324539011
ni_tfnbs,"e=1.3,h=10.0,n=30,start_thres=1.25",hub,0.25,100,12,40,1730,36,0,4,1730,0.9,0.0,1.0,0.0,0.2567778324539011
ni_tfnbs,"e=1.4,h=0.5,n=30,start_thres=1.25",hub,0.25,100,12,40,1730,37,0,3,1730,0.925,0.0,1.0,0.0,0.2567778324539011
ni_tfnbs,"e=1.4,h=1.0,n=30,start_thres=1.25",hub,0.25,100,12,40,1730,37,0,3,1730,0.925,0.0,1.0,0.0,0.2567778324539011
ni_tfnbs,"e=1.4,h=2.0,n=30,start_thres=1.25",hub,0.25,100,12,40,1730,37,1,3,1729,0.925,0.0005780346820809,0.9736842105263158,0.0263157894736842,0.2567778324539011
ni_tfnbs,"e=1.4,h=3.0,n=30,start_thres=1.25",hub,0.25,100,12,40,1730,37,1,3,1729,0.925,0.0005780346820809,0.9736842105263158,0.0263157894736842,0.2567778324539011
ni_tfnbs,"e=1.4,h=4.0,n=30,start_thres=1.25",hub,0.25,100,12,40,1730,37,1,3,1729,0.925,0.0005780346820809,0.9736842105263158,0.0263157894736842,0.2567778324539011
ni_tfnbs,"e=1.4,h=5.0,n=30,start_thres=1.25",hub,0.25,100,12,40,1730,37,1,3,1729,0.925,0.0005780346820809,0.9736842105263158,0.0263157894736842,0.2567778324539011
ni_tfnbs,"e=1.4,h=6.0,n=30,start_thres=1.25",hub,0.25,100,12,40,1730,37,0,3,1730,0.925,0.0,1.0,0.0,0.2567778324539011
ni_tfnbs,"e=1.4,h=7.0,n=30,start_thres=1.25",hub,0.25,100,12,40,1730,37,0,3,1730,0.925,0.0,1.0,0.0,0.2567778324539011
ni_tfnbs,"e=1.4,h=8.0,n=30,start_thres=1.25",hub,0.25,100,12,40,1730,37,0,3,1730,0.925,0.0,1.0,0.0,0.2567778324539011
ni_tfnbs,"e=1.4,h=9.0,n=30,start_thres=1.25",hub,0.25,100,12,40,1730,37,0,3,1730,0.925,0.0,1.0,0.0,0.2567778324539011
ni_tfnbs,"e=1.4,h=10.0,n=30,start_thres=1.25",hub,0.25,100,12,40,1730,36,0,4,1730,0.9,0.0,1.0,0.0,0.2567778324539011
ni_tfnbs,"e=1.5,h=0.5,n=30,start_thres=1.25",hub,0.25,100,12,40,1730,37,0,3,1730,0.925,0.0,1.0,0.0,0.2567778324539011
ni_tfnbs,"e=1.5,h=1.0,n=30,start_thres=1.25",hub,0.25,100,12,40,1730,37,0,3,1730,0.925,0.0,1.0,0.0,0.2567778324539011
ni_tfnbs,"e=1.5,h=2.0,n=30,start_thres=1.25",hub,0.25,100,12,40,1730,37,1,3,1729,0.925,0.0005780346820809,0.9736842105263158,0.0263157894736842,0.2567778324539011
ni_tfnbs,"e=1.5,h=3.0,n=30,start_thres=1.25",hub,0.25,100,12,40,1730,37,1,3,1729,0.925,0.0005780346820809,0.9736842105263158,0.0263157894736842,0.2567778324539011
ni_tfnbs,"e=1.5,h=4.0,n=30,start_thres=1.25",hub,0.25,100,12,40,1730,37,1,3,1729,0.925,0.0005780346820809,0.9736842105263158,0.0263157894736842,0.2567778324539011
ni_tfnbs,"e=1.5,h=5.0,n=30,start_thres=1.25",hub,0.25,100,12,40,1730,37,1,3,1729,0.925,0.0005780346820809,0.9736842105263158,0.0263157894736842,0.2567778324539011
ni_tfnbs,"e=1.5,h=6.0,n=30,start_thres=1.25",hub,0.25,100,12,40,1730,37,1,3,1729,0.925,0.0005780346820809,0.9736842105263158,0.0263157894736842,0.2567778324539011
ni_tfnbs,"e=1.5,h=7.0,n=30,start_thres=1.25",hub,0.25,100,12,40,1730,37,0,3,1730,0.925,0.0,1.0,0.0,0.2567778324539011
ni_tfnbs,"e=1.5,h=8.0,n=30,start_thres=1.25",hub,0.25,100,12,40,1730,37,0,3,1730,0.925,0.0,1.0,0.0,0.2567778324539011
ni_tfnbs,"e=1.5,h=9.0,n=30,start_thres=1.25",hub,0.25,100,12,40,1730,37,0,3,1730,0.925,0.0,1.0,0.0,0.2567778324539011
ni_tfnbs,"e=1.5,h=10.0,n=30,start_thres=1.25",hub,0.25,100,12,40,1730,36,0,4,1730,0.9,0.0,1.0,0.0,0.2567778324539011
ni_tfnbs,"e=0.05,h=0.5,n=30,start_thres=1.25",hub,0.25,100,13,40,1730,33,0,7,1730,0.825,0.0,1.0,0.0,0.2619077170437032
ni_tfnbs,"e=0.05,h=1.0,n=30,start_thres=1.25",hub,0.25,100,13,40,1730,32,0,8,1730,0.8,0.0,1.0,0.0,0.2619077170437032
ni_tfnbs,"e=0.05,h=2.0,n=30,start_thres=1.25",hub,0.25,100,13,40,1730,32,0,8,1730,0.8,0.0,1.0,0.0,0.2619077170437032
ni_tfnbs,"e=0.05,h=3.0,n=30,start_thres=1.25",hub,0.25,100,13,40,1730,32,0,8,1730,0.8,0.0,1.0,0.0,0.2619077170437032
ni_tfnbs,"e=0.05,h=4.0,n=30,start_thres=1.25",hub,0.25,100,13,40,1730,32,0,8,1730,0.8,0.0,1.0,0.0,0.2619077170437032
ni_tfnbs,"e=0.05,h=5.0,n=30,start_thres=1.25",hub,0.25,100,13,40,1730,32,0,8,1730,0.8,0.0,1.0,0.0,0.2619077170437032
ni_tfnbs,"e=0.05,h=6.0,n=30,start_thres=1.25",hub,0.25,100,13,40,1730,32,0,8,1730,0.8,0.0,1.0,0.0,0.2619077170437032
ni_tfnbs,"e=0.05,h=7.0,n=30,start_thres=1.25",hub,0.25,100,13,40,1730,32,0,8,1730,0.8,0.0,1.0,0.0,0.2619077170437032
ni_tfnbs,"e=0.05,h=8.0,n=30,start_thres=1.25",hub,0.25,100,13,40,1730,32,0,8,1730,0.8,0.0,1.0,0.0,0.2619077170437032
ni_tfnbs,"e=0.05,h=9.0,n=30,start_thres=1.25",hub,0.25,100,13,40,1730,32,0,8,1730,0.8,0.0,1.0,0.0,0.2619077170437032
ni_tfnbs,"e=0.05,h=10.0,n=30,start_thres=1.25",hub,0.25,100,13,40,1730,32,0,8,1730,0.8,0.0,1.0,0.0,0.2619077170437032
ni_tfnbs,"e=0.1,h=0.5,n=30,start_thres=1.25",hub,0.25,100,13,40,1730,33,0,7,1730,0.825,0.0,1.0,0.0,0.2619077170437032
ni_tfnbs,"e=0.1,h=1.0,n=30,start_thres=1.25",hub,0.25,100,13,40,1730,33,0,7,1730,0.825,0.0,1.0,0.0,0.2619077170437032
ni_tfnbs,"e=0.1,h=2.0,n=30,start_thres=1.25",hub,0.25,100,13,40,1730,33,0,7,1730,0.825,0.0,1.0,0.0,0.2619077170437032
ni_tfnbs,"e=0.1,h=3.0,n=30,start_thres=1.25",hub,0.25,100,13,40,1730,33,0,7,1730,0.825,0.0,1.0,0.0,0.2619077170437032
ni_tfnbs,"e=0.1,h=4.0,n=30,start_thres=1.25",hub,0.25,100,13,40,1730,33,0,7,1730,0.825,0.0,1.0,0.0,0.2619077170437032
ni_tfnbs,"e=0.1,h=5.0,n=30,start_thres=1.25",hub,0.25,100,13,40,1730,33,0,7,1730,0.825,0.0,1.0,0.0,0.2619077170437032
ni_tfnbs,"e=0.1,h=6.0,n=30,start_thres=1.25",hub,0.25,100,13,40,1730,32,0,8,1730,0.8,0.0,1.0,0.0,0.2619077170437032
ni_tfnbs,"e=0.1,h=7.0,n=30,start_thres=1.25",hub,0.25,100,13,40,1730,32,0,8,1730,0.8,0.0,1.0,0.0,0.2619077170437032
ni_tfnbs,"e=0.1,h=8.0,n=30,start_thres=1.25",hub,0.25,100,13,40,1730,32,0,8,1730,0.8,0.0,1.0,0.0,0.2619077170437032
ni_tfnbs,"e=0.1,h=9.0,n=30,start_thres=1.25",hub,0.25,100,13,40,1730,32,0,8,1730,0.8,0.0,1.0,0.0,0.2619077170437032
ni_tfnbs,"e=0.1,h=10.0,n=30,start_thres=1.25",hub,0.25,100,13,40,1730,32,0,8,1730,0.8,0.0,1.0,0.0,0.2619077170437032
ni_tfnbs,"e=0.2,h=0.5,n=30,start_thres=1.25",hub,0.25,100,13,40,1730,36,0,4,1730,0.9,0.0,1.0,0.0,0.2619077170437032
ni_tfnbs,"e=0.2,h=1.0,n=30,start_thres=1.25",hub,0.25,100,13,40,1730,36,0,4,1730,0.9,0.0,1.0,0.0,0.2619077170437032
ni_tfnbs,"e=0.2,h=2.0,n=30,start_thres=1.25",hub,0.25,100,13,40,1730,36,0,4,1730,0.9,0.0,1.0,0.0,0.2619077170437032
ni_tfnbs,"e=0.2,h=3.0,n=30,start_thres=1.25",hub,0.25,100,13,40,1730,36,0,4,1730,0.9,0.0,1.0,0.0,0.2619077170437032
ni_tfnbs,"e=0.2,h=4.0,n=30,start_thres=1.25",hub,0.25,100,13,40,1730,36,0,4,1730,0.9,0.0,1.0,0.0,0.2619077170437032
ni_tfnbs,"e=0.2,h=5.0,n=30,start_thres=1.25",hub,0.25,100,13,40,1730,33,0,7,1730,0.825,0.0,1.0,0.0,0.2619077170437032
ni_tfnbs,"e=0.2,h=6.0,n=30,start_thres=1.25",hub,0.25,100,13,40,1730,33,0,7,1730,0.825,0.0,1.0,0.0,0.2619077170437032
ni_tfnbs,"e=0.2,h=7.0,n=30,start_thres=1.25",hub,0.25,100,13,40,1730,33,0,7,1730,0.825,0.0,1.0,0.0,0.2619077170437032
ni_tfnbs,"e=0.2,h=8.0,n=30,start_thres=1.25",hub,0.25,100,13,40,1730,33,0,7,1730,0.825,0.0,1.0,0.0,0.2619077170437032
ni_tfnbs,"e=0.2,h=9.0,n=30,start_thres=1.25",hub,0.25,100,13,40,1730,33,0,7,1730,0.825,0.0,1.0,0.0,0.2619077170437032
ni_tfnbs,"e=0.2,h=10.0,n=30,start_thres=1.25",hub,0.25,100,13,40,1730,33,0,7,1730,0.825,0.0,1.0,0.0,0.2619077170437032
ni_tfnbs,"e=0.3,h=0.5,n=30,start_thres=1.25",hub,0.25,100,13,40,1730,38,0,2,1730,0.95,0.0,1.0,0.0,0.2619077170437032
ni_tfnbs,"e=0.3,h=1.0,n=30,start_thres=1.25",hub,0.25,100,13,40,1730,38,0,2,1730,0.95,0.0,1.0,0.0,0.2619077170437032
ni_tfnbs,"e=0.3,h=2.0,n=30,start_thres=1.25",hub,0.25,100,13,40,1730,36,0,4,1730,0.9,0.0,1.0,0.0,0.2619077170437032
ni_tfnbs,"e=0.3,h=3.0,n=30,start_thres=1.25",hub,0.25,100,13,40,1730,36,0,4,1730,0.9,0.0,1.0,0.0,0.2619077170437032
ni_tfnbs,"e=0.3,h=4.0,n=30,start_thres=1.25",hub,0.25,100,13,40,1730,36,0,4,1730,0.9,0.0,1.0,0.0,0.2619077170437032
ni_tfnbs,"e=0.3,h=5.0,n=30,start_thres=1.25",hub,0.25,100,13,40,1730,36,0,4,1730,0.9,0.0,1.0,0.0,0.2619077170437032
ni_tfnbs,"e=0.3,h=6.0,n=30,start_thres=1.25",hub,0.25,100,13,40,1730,36,0,4,1730,0.9,0.0,1.0,0.0,0.2619077170437032
ni_tfnbs,"e=0.3,h=7.0,n=30,start_thres=1.25",hub,0.25,100,13,40,1730,36,0,4,1730,0.9,0.0,1.0,0.0,0.2619077170437032
ni_tfnbs,"e=0.3,h=8.0,n=30,start_thres=1.25",hub,0.25,100,13,40,1730,35,0,5,1730,0.875,0.0,1.0,0.0,0.2619077170437032
ni_tfnbs,"e=0.3,h=9.0,n=30,start_thres=1.25",hub,0.25,100,13,40,1730,33,0,7,1730,0.825,0.0,1.0,0.0,0.2619077170437032
ni_tfnbs,"e=0.3,h=10.0,n=30,start_thres=1.25",hub,0.25,100,13,40,1730,33,0,7,1730,0.825,0.0,1.0,0.0,0.2619077170437032
ni_tfnbs,"e=0.4,h=0.5,n=30,start_thres=1.25",hub,0.25,100,13,40,1730,38,0,2,1730,0.95,0.0,1.0,0.0,0.2619077170437032
ni_tfnbs,"e=0.4,h=1.0,n=30,start_thres=1.25",hub,0.25,100,13,40,1730,38,0,2,1730,0.95,0.0,1.0,0.0,0.2619077170437032
ni_tfnbs,"e=0.4,h=2.0,n=30,start_thres=1.25",hub,0.25,100,13,40,1730,38,0,2,1730,0.95,0.0,1.0,0.0,0.2619077170437032
ni_tfnbs,"e=0.4,h=3.0,n=30,start_thres=1.25",hub,0.25,100,13,40,1730,38,0,2,1730,0.95,0.0,1.0,0.0,0.2619077170437032
ni_tfnbs,"e=0.4,h=4.0,n=30,start_thres=1.25",hub,0.25,100,13,40,1730,36,0,4,1730,0.9,0.0,1.0,0.0,0.2619077170437032
ni_tfnbs,"e=0.4,h=5.0,n=30,start_thres=1.25",hub,0.25,100,13,40,1730,36,0,4,1730,0.9,0.0,1.0,0.0,0.2619077170437032
ni_tfnbs,"e=0.4,h=6.0,n=30,start_thres=1.25",hub,0.25,100,13,40,1730,36,0,4,1730,0.9,0.0,1.0,0.0,0.2619077170437032
ni_tfnbs,"e=0.4,h=7.0,n=30,start_thres=1.25",hub,0.25,100,13,40,1730,36,0,4,1730,0.9,0.0,1.0,0.0,0.2619077170437032
ni_tfnbs,"e=0.4,h=8.0,n=30,start_thres=1.25",hub,0.25,100,13,40,1730,36,0,4,1730,0.9,0.0,1.0,0.0,0.2619077170437032
ni_tfnbs,"e=0.4,h=9.0,n=30,start_thres=1.25",hub,0.25,100,13,40,1730,36,0,4,1730,0.9,0.0,1.0,0.0,0.2619077170437032
ni_tfnbs,"e=0.4,h=10.0,n=30,start_thres=1.25",hub,0.25,100,13,40,1730,36,0,4,1730,0.9,0.0,1.0,0.0,0.2619077170437032
ni_tfnbs,"e=0.5,h=0.5,n=30,start_thres=1.25",hub,0.25,100,13,40,1730,38,0,2,1730,0.95,0.0,1.0,0.0,0.2619077170437032
ni_tfnbs,"e=0.5,h=1.0,n=30,start_thres=1.25",hub,0.25,100,13,40,1730,38,0,2,1730,0.95,0.0,1.0,0.0,0.2619077170437032
ni_tfnbs,"e=0.5,h=2.0,n=30,start_thres=1.25",hub,0.25,100,13,40,1730,38,0,2,1730,0.95,0.0,1.0,0.0,0.2619077170437032
ni_tfnbs,"e=0.5,h=3.0,n=30,start_thres=1.25",hub,0.25,100,13,40,1730,38,0,2,1730,0.95,0.0,1.0,0.0,0.2619077170437032
ni_tfnbs,"e=0.5,h=4.0,n=30,start_thres=1.25",hub,0.25,100,13,40,1730,38,0,2,1730,0.95,0.0,1.0,0.0,0.2619077170437032
ni_tfnbs,"e=0.5,h=5.0,n=30,start_thres=1.25",hub,0.25,100,13,40,1730,38,0,2,1730,0.95,0.0,1.0,0.0,0.2619077170437032
ni_tfnbs,"e=0.5,h=6.0,n=30,start_thres=1.25",hub,0.25,100,13,40,1730,36,0,4,1730,0.9,0.0,1.0,0.0,0.2619077170437032
ni_tfnbs,"e=0.5,h=7.0,n=30,start_thres=1.25",hub,0.25,100,13,40,1730,36,0,4,1730,0.9,0.0,1.0,0.0,0.2619077170437032
ni_tfnbs,"e=0.5,h=8.0,n=30,start_thres=1.25",hub,0.25,100,13,40,1730,36,0,4,1730,0.9,0.0,1.0,0.0,0.2619077170437032
ni_tfnbs,"e=0.5,h=9.0,n=30,start_thres=1.25",hub,0.25,100,13,40,1730,36,0,4,1730,0.9,0.0,1.0,0.0,0.2619077170437032
ni_tfnbs,"e=0.5,h=10.0,n=30,start_thres=1.25",hub,0.25,100,13,40,1730,36,0,4,1730,0.9,0.0,1.0,0.0,0.2619077170437032
ni_tfnbs,"e=0.6,h=0.5,n=30,start_thres=1.25",hub,0.25,100,13,40,1730,38,0,2,1730,0.95,0.0,1.0,0.0,0.2619077170437032
ni_tfnbs,"e=0.6,h=1.0,n=30,start_thres=1.25",hub,0.25,100,13,40,1730,38,0,2,1730,0.95,0.0,1.0,0.0,0.2619077170437032
ni_tfnbs,"e=0.6,h=2.0,n=30,start_thres=1.25",hub,0.25,100,13,40,1730,38,0,2,1730,0.95,0.0,1.0,0.0,0.2619077170437032
ni_tfnbs,"e=0.6,h=3.0,n=30,start_thres=1.25",hub,0.25,100,13,40,1730,38,0,2,1730,0.95,0.0,1.0,0.0,0.2619077170437032
ni_tfnbs,"e=0.6,h=4.0,n=30,start_thres=1.25",hub,0.25,100,13,40,1730,38,0,2,1730,0.95,0.0,1.0,0.0,0.2619077170437032
ni_tfnbs,"e=0.6,h=5.0,n=30,start_thres=1.25",hub,0.25,100,13,40,1730,38,0,2,1730,0.95,0.0,1.0,0.0,0.2619077170437032
ni_tfnbs,"e=0.6,h=6.0,n=30,start_thres=1.25",hub,0.25,100,13,40,1730,38,0,2,1730,0.95,0.0,1.0,0.0,0.2619077170437032
ni_tfnbs,"e=0.6,h=7.0,n=30,start_thres=1.25",hub,0.25,100,13,40,1730,37,0,3,1730,0.925,0.0,1.0,0.0,0.2619077170437032
ni_tfnbs,"e=0.6,h=8.0,n=30,start_thres=1.25",hub,0.25,100,13,40,1730,36,0,4,1730,0.9,0.0,1.0,0.0,0.2619077170437032
ni_tfnbs,"e=0.6,h=9.0,n=30,start_thres=1.25",hub,0.25,100,13,40,1730,36,0,4,1730,0.9,0.0,1.0,0.0,0.2619077170437032
ni_tfnbs,"e=0.6,h=10.0,n=30,start_thres=1.25",hub,0.25,100,13,40,1730,36,0,4,1730,0.9,0.0,1.0,0.0,0.2619077170437032
ni_tfnbs,"e=0.7,h=0.5,n=30,start_thres=1.25",hub,0.25,100,13,40,1730,39,0,1,1730,0.975,0.0,1.0,0.0,0.2619077170437032
ni_tfnbs,"e=0.7,h=1.0,n=30,start_thres=1.25",hub,0.25,100,13,40,1730,39,0,1,1730,0.975,0.0,1.0,0.0,0.2619077170437032
ni_tfnbs,"e=0.7,h=2.0,n=30,start_thres=1.25",hub,0.25,100,13,40,1730,39,0,1,1730,0.975,0.0,1.0,0.0,0.2619077170437032
ni_tfnbs,"e=0.7,h=3.0,n=30,start_thres=1.25",hub,0.25,100,13,40,1730,38,0,2,1730,0.95,0.0,1.0,0.0,0.2619077170437032
ni_tfnbs,"e=0.7,h=4.0,n=30,start_thres=1.25",hub,0.25,100,13,40,1730,38,0,2,1730,0.95,0.0,1.0,0.0,0.2619077170437032
ni_tfnbs,"e=0.7,h=5.0,n=30,start_thres=1.25",hub,0.25,100,13,40,1730,38,0,2,1730,0.95,0.0,1.0,0.0,0.2619077170437032
ni_tfnbs,"e=0.7,h=6.0,n=30,start_thres=1.25",hub,0.25,100,13,40,1730,38,0,2,1730,0.95,0.0,1.0,0.0,0.2619077170437032
ni_tfnbs,"e=0.7,h=7.0,n=30,start_thres=1.25",hub,0.25,100,13,40,1730,38,0,2,1730,0.95,0.0,1.0,0.0,0.2619077170437032
ni_tfnbs,"e=0.7,h=8.0,n=30,start_thres=1.25",hub,0.25,100,13,40,1730,38,0,2,1730,0.95,0.0,1.0,0.0,0.2619077170437032
ni_tfnbs,"e=0.7,h=9.0,n=30,start_thres=1.25",hub,0.25,100,13,40,1730,36,0,4,1730,0.9,0.0,1.0,0.0,0.2619077170437032
ni_tfnbs,"e=0.7,h=10.0,n=30,start_thres=1.25",hub,0.25,100,13,40,1730,36,0,4,1730,0.9,0.0,1.0,0.0,0.2619077170437032
ni_tfnbs,"e=0.8,h=0.5,n=30,start_thres=1.25",hub,0.25,100,13,40,1730,39,0,1,1730,0.975,0.0,1.0,0.0,0.2619077170437032
ni_tfnbs,"e=0.8,h=1.0,n=30,start_thres=1.25",hub,0.25,100,13,40,1730,39,0,1,1730,0.975,0.0,1.0,0.0,0.2619077170437032
ni_tfnbs,"e=0.8,h=2.0,n=30,start_thres=1.25",hub,0.25,100,13,40,1730,39,0,1,1730,0.975,0.0,1.0,0.0,0.2619077170437032
ni_tfnbs,"e=0.8,h=3.0,n=30,start_thres=1.25",hub,0.25,100,13,40,1730,39,0,1,1730,0.975,0.0,1.0,0.0,0.2619077170437032
ni_tfnbs,"e=0.8,h=4.0,n=30,start_thres=1.25",hub,0.25,100,13,40,1730,39,0,1,1730,0.975,0.0,1.0,0.0,0.2619077170437032
ni_tfnbs,"e=0.8,h=5.0,n=30,start_thres=1.25",hub,0.25,100,13,40,1730,38,0,2,1730,0.95,0.0,1.0,0.0,0.2619077170437032
ni_tfnbs,"e=0.8,h=6.0,n=30,start_thres=1.25",hub,0.25,100,13,40,1730,38,0,2,1730,0.95,0.0,1.0,0.0,0.2619077170437032
ni_tfnbs,"e=0.8,h=7.0,n=30,start_thres=1.25",hub,0.25,100,13,40,1730,38,0,2,1730,0.95,0.0,1.0,0.0,0.2619077170437032
ni_tfnbs,"e=0.8,h=8.0,n=30,start_thres=1.25",hub,0.25,100,13,40,1730,38,0,2,1730,0.95,0.0,1.0,0.0,0.2619077170437032
ni_tfnbs,"e=0.8,h=9.0,n=30,start_thres=1.25",hub,0.25,100,13,40,1730,38,0,2,1730,0.95,0.0,1.0,0.0,0.2619077170437032
ni_tfnbs,"e=0.8,h=10.0,n=30,start_thres=1.25",hub,0.25,100,13,40,1730,37,0,3,1730,0.925,0.0,1.0,0.0,0.2619077170437032
ni_tfnbs,"e=0.9,h=0.5,n=30,start_thres=1.25",hub,0.25,100,13,40,1730,39,0,1,1730,0.975,0.0,1.0,0.0,0.2619077170437032
ni_tfnbs,"e=0.9,h=1.0,n=30,start_thres=1.25",hub,0.25,100,13,40,1730,39,0,1,1730,0.975,0.0,1.0,0.0,0.2619077170437032
ni_tfnbs,"e=0.9,h=2.0,n=30,start_thres=1.25",hub,0.25,100,13,40,1730,39,0,1,1730,0.975,0.0,1.0,0.0,0.2619077170437032
ni_tfnbs,"e=0.9,h=3.0,n=30,start_thres=1.25",hub,0.25,100,13,40,1730,39,0,1,1730,0.975,0.0,1.0,0.0,0.2619077170437032
ni_tfnbs,"e=0.9,h=4.0,n=30,start_thres=1.25",hub,0.25,100,13,40,1730,39,0,1,1730,0.975,0.0,1.0,0.0,0.2619077170437032
ni_tfnbs,"e=0.9,h=5.0,n=30,start_thres=1.25",hub,0.25,100,13,40,1730,39,0,1,1730,0.975,0.0,1.0,0.0,0.2619077170437032
ni_tfnbs,"e=0.9,h=6.0,n=30,start_thres=1.25",hub,0.25,100,13,40,1730,38,0,2,1730,0.95,0.0,1.0,0.0,0.2619077170437032
ni_tfnbs,"e=0.9,h=7.0,n=30,start_thres=1.25",hub,0.25,100,13,40,1730,38,0,2,1730,0.95,0.0,1.0,0.0,0.2619077170437032
ni_tfnbs,"e=0.9,h=8.0,n=30,start_thres=1.25",hub,0.25,100,13,40,1730,38,0,2,1730,0.95,0.0,1.0,0.0,0.2619077170437032
ni_tfnbs,"e=0.9,h=9.0,n=30,start_thres=1.25",hub,0.25,100,13,40,1730,38,0,2,1730,0.95,0.0,1.0,0.0,0.2619077170437032
ni_tfnbs,"e=0.9,h=10.0,n=30,start_thres=1.25",hub,0.25,100,13,40,1730,38,0,2,1730,0.95,0.0,1.0,0.0,0.2619077170437032
ni_tfnbs,"e=1.0,h=0.5,n=30,start_thres=1.25",hub,0.25,100,13,40,1730,39,0,1,1730,0.975,0.0,1.0,0.0,0.2619077170437032
ni_tfnbs,"e=1.0,h=1.0,n=30,start_thres=1.25",hub,0.25,100,13,40,1730,39,0,1,1730,0.975,0.0,1.0,0.0,0.2619077170437032
ni_tfnbs,"e=1.0,h=2.0,n=30,start_thres=1.25",hub,0.25,100,13,40,1730,39,0,1,1730,0.975,0.0,1.0,0.0,0.2619077170437032
ni_tfnbs,"e=1.0,h=3.0,n=30,start_thres=1.25",hub,0.25,100,13,40,1730,39,0,1,1730,0.975,0.0,1.0,0.0,0.2619077170437032
ni_tfnbs,"e=1.0,h=4.0,n=30,start_thres=1.25",hub,0.25,100,13,40,1730,39,0,1,1730,0.975,0.0,1.0,0.0,0.2619077170437032
ni_tfnbs,"e=1.0,h=5.0,n=30,start_thres=1.25",hub,0.25,100,13,40,1730,39,0,1,1730,0.975,0.0,1.0,0.0,0.2619077170437032
ni_tfnbs,"e=1.0,h=6.0,n=30,start_thres=1.25",hub,0.25,100,13,40,1730,39,0,1,1730,0.975,0.0,1.0,0.0,0.2619077170437032
ni_tfnbs,"e=1.0,h=7.0,n=30,start_thres=1.25",hub,0.25,100,13,40,1730,38,0,2,1730,0.95,0.0,1.0,0.0,0.2619077170437032
ni_tfnbs,"e=1.0,h=8.0,n=30,start_thres=1.25",hub,0.25,100,13,40,1730,38,0,2,1730,0.95,0.0,1.0,0.0,0.2619077170437032
ni_tfnbs,"e=1.0,h=9.0,n=30,start_thres=1.25",hub,0.25,100,13,40,1730,38,0,2,1730,0.95,0.0,1.0,0.0,0.2619077170437032
ni_tfnbs,"e=1.0,h=10.0,n=30,start_thres=1.25",hub,0.25,100,13,40,1730,38,0,2,1730,0.95,0.0,1.0,0.0,0.2619077170437032
ni_tfnbs,"e=1.1,h=0.5,n=30,start_thres=1.25",hub,0.25,100,13,40,1730,39,0,1,1730,0.975,0.0,1.0,0.0,0.2619077170437032
ni_tfnbs,"e=1.1,h=1.0,n=30,start_thres=1.25",hub,0.25,100,13,40,1730,39,0,1,1730,0.975,0.0,1.0,0.0,0.2619077170437032
ni_tfnbs,"e=1.1,h=2.0,n=30,start_thres=1.25",hub,0.25,100,13,40,1730,39,0,1,1730,0.975,0.0,1.0,0.0,0.2619077170437032
ni_tfnbs,"e=1.1,h=3.0,n=30,start_thres=1.25",hub,0.25,100,13,40,1730,39,0,1,1730,0.975,0.0,1.0,0.0,0.2619077170437032
ni_tfnbs,"e=1.1,h=4.0,n=30,start_thres=1.25",hub,0.25,100,13,40,1730,39,0,1,1730,0.975,0.0,1.0,0.0,0.2619077170437032
ni_tfnbs,"e=1.1,h=5.0,n=30,start_thres=1.25",hub,0.25,100,13,40,1730,39,0,1,1730,0.975,0.0,1.0,0.0,0.2619077170437032
ni_tfnbs,"e=1.1,h=6.0,n=30,start_thres=1.25",hub,0.25,100,13,40,1730,39,0,1,1730,0.975,0.0,1.0,0.0,0.2619077170437032
ni_tfnbs,"e=1.1,h=7.0,n=30,start_thres=1.25",hub,0.25,100,13,40,1730,39,0,1,1730,0.975,0.0,1.0,0.0,0.2619077170437032
ni_tfnbs,"e=1.1,h=8.0,n=30,start_thres=1.25",hub,0.25,100,13,40,1730,38,0,2,1730,0.95,0.0,1.0,0.0,0.2619077170437032
ni_tfnbs,"e=1.1,h=9.0,n=30,start_thres=1.25",hub,0.25,100,13,40,1730,38,0,2,1730,0.95,0.0,1.0,0.0,0.2619077170437032
ni_tfnbs,"e=1.1,h=10.0,n=30,start_thres=1.25",hub,0.25,100,13,40,1730,38,0,2,1730,0.95,0.0,1.0,0.0,0.2619077170437032
ni_tfnbs,"e=1.2,h=0.5,n=30,start_thres=1.25",hub,0.25,100,13,40,1730,39,0,1,1730,0.975,0.0,1.0,0.0,0.2619077170437032
ni_tfnbs,"e=1.2,h=1.0,n=30,start_thres=1.25",hub,0.25,100,13,40,1730,39,0,1,1730,0.975,0.0,1.0,0.0,0.2619077170437032
ni_tfnbs,"e=1.2,h=2.0,n=30,start_thres=1.25",hub,0.25,100,13,40,1730,39,0,1,1730,0.975,0.0,1.0,0.0,0.2619077170437032
ni_tfnbs,"e=1.2,h=3.0,n=30,start_thres=1.25",hub,0.25,100,13,40,1730,39,0,1,1730,0.975,0.0,1.0,0.0,0.2619077170437032
ni_tfnbs,"e=1.2,h=4.0,n=30,start_thres=1.25",hub,0.25,100,13,40,1730,39,0,1,1730,0.975,0.0,1.0,0.0,0.2619077170437032
ni_tfnbs,"e=1.2,h=5.0,n=30,start_thres=1.25",hub,0.25,100,13,40,1730,39,0,1,1730,0.975,0.0,1.0,0.0,0.2619077170437032
ni_tfnbs,"e=1.2,h=6.0,n=30,start_thres=1.25",hub,0.25,100,13,40,1730,39,0,1,1730,0.975,0.0,1.0,0.0,0.2619077170437032
ni_tfnbs,"e=1.2,h=7.0,n=30,start_thres=1.25",hub,0.25,100,13,40,1730,39,0,1,1730,0.975,0.0,1.0,0.0,0.2619077170437032
ni_tfnbs,"e=1.2,h=8.0,n=30,start_thres=1.25",hub,0.25,100,13,40,1730,39,0,1,1730,0.975,0.0,1.0,0.0,0.2619077170437032
ni_tfnbs,"e=1.2,h=9.0,n=30,start_thres=1.25",hub,0.25,100,13,40,1730,38,0,2,1730,0.95,0.0,1.0,0.0,0.2619077170437032
ni_tfnbs,"e=1.2,h=10.0,n=30,start_thres=1.25",hub,0.25,100,13,40,1730,38,0,2,1730,0.95,0.0,1.0,0.0,0.2619077170437032
ni_tfnbs,"e=1.3,h=0.5,n=30,start_thres=1.25",hub,0.25,100,13,40,1730,38,0,2,1730,0.95,0.0,1.0,0.0,0.2619077170437032
ni_tfnbs,"e=1.3,h=1.0,n=30,start_thres=1.25",hub,0.25,100,13,40,1730,39,0,1,1730,0.975,0.0,1.0,0.0,0.2619077170437032
ni_tfnbs,"e=1.3,h=2.0,n=30,start_thres=1.25",hub,0.25,100,13,40,1730,39,0,1,1730,0.975,0.0,1.0,0.0,0.2619077170437032
ni_tfnbs,"e=1.3,h=3.0,n=30,start_thres=1.25",hub,0.25,100,13,40,1730,39,0,1,1730,0.975,0.0,1.0,0.0,0.2619077170437032
ni_tfnbs,"e=1.3,h=4.0,n=30,start_thres=1.25",hub,0.25,100,13,40,1730,39,0,1,1730,0.975,0.0,1.0,0.0,0.2619077170437032
ni_tfnbs,"e=1.3,h=5.0,n=30,start_thres=1.25",hub,0.25,100,13,40,1730,39,0,1,1730,0.975,0.0,1.0,0.0,0.2619077170437032
ni_tfnbs,"e=1.3,h=6.0,n=30,start_thres=1.25",hub,0.25,100,13,40,1730,39,0,1,1730,0.975,0.0,1.0,0.0,0.2619077170437032
ni_tfnbs,"e=1.3,h=7.0,n=30,start_thres=1.25",hub,0.25,100,13,40,1730,39,0,1,1730,0.975,0.0,1.0,0.0,0.2619077170437032
ni_tfnbs,"e=1.3,h=8.0,n=30,start_thres=1.25",hub,0.25,100,13,40,1730,39,0,1,1730,0.975,0.0,1.0,0.0,0.2619077170437032
ni_tfnbs,"e=1.3,h=9.0,n=30,start_thres=1.25",hub,0.25,100,13,40,1730,39,0,1,1730,0.975,0.0,1.0,0.0,0.2619077170437032
ni_tfnbs,"e=1.3,h=10.0,n=30,start_thres=1.25",hub,0.25,100,13,40,1730,38,0,2,1730,0.95,0.0,1.0,0.0,0.2619077170437032
ni_tfnbs,"e=1.4,h=0.5,n=30,start_thres=1.25",hub,0.25,100,13,40,1730,38,0,2,1730,0.95,0.0,1.0,0.0,0.2619077170437032
ni_tfnbs,"e=1.4,h=1.0,n=30,start_thres=1.25",hub,0.25,100,13,40,1730,39,0,1,1730,0.975,0.0,1.0,0.0,0.2619077170437032
ni_tfnbs,"e=1.4,h=2.0,n=30,start_thres=1.25",hub,0.25,100,13,40,1730,39,0,1,1730,0.975,0.0,1.0,0.0,0.2619077170437032
ni_tfnbs,"e=1.4,h=3.0,n=30,start_thres=1.25",hub,0.25,100,13,40,1730,39,0,1,1730,0.975,0.0,1.0,0.0,0.2619077170437032
ni_tfnbs,"e=1.4,h=4.0,n=30,start_thres=1.25",hub,0.25,100,13,40,1730,39,0,1,1730,0.975,0.0,1.0,0.0,0.2619077170437032
ni_tfnbs,"e=1.4,h=5.0,n=30,start_thres=1.25",hub,0.25,100,13,40,1730,39,0,1,1730,0.975,0.0,1.0,0.0,0.2619077170437032
ni_tfnbs,"e=1.4,h=6.0,n=30,start_thres=1.25",hub,0.25,100,13,40,1730,39,0,1,1730,0.975,0.0,1.0,0.0,0.2619077170437032
ni_tfnbs,"e=1.4,h=7.0,n=30,start_thres=1.25",hub,0.25,100,13,40,1730,39,0,1,1730,0.975,0.0,1.0,0.0,0.2619077170437032
ni_tfnbs,"e=1.4,h=8.0,n=30,start_thres=1.25",hub,0.25,100,13,40,1730,39,0,1,1730,0.975,0.0,1.0,0.0,0.2619077170437032
ni_tfnbs,"e=1.4,h=9.0,n=30,start_thres=1.25",hub,0.25,100,13,40,1730,39,0,1,1730,0.975,0.0,1.0,0.0,0.2619077170437032
ni_tfnbs,"e=1.4,h=10.0,n=30,start_thres=1.25",hub,0.25,100,13,40,1730,39,0,1,1730,0.975,0.0,1.0,0.0,0.2619077170437032
ni_tfnbs,"e=1.5,h=0.5,n=30,start_thres=1.25",hub,0.25,100,13,40,1730,38,0,2,1730,0.95,0.0,1.0,0.0,0.2619077170437032
ni_tfnbs,"e=1.5,h=1.0,n=30,start_thres=1.25",hub,0.25,100,13,40,1730,39,0,1,1730,0.975,0.0,1.0,0.0,0.2619077170437032
ni_tfnbs,"e=1.5,h=2.0,n=30,start_thres=1.25",hub,0.25,100,13,40,1730,39,0,1,1730,0.975,0.0,1.0,0.0,0.2619077170437032
ni_tfnbs,"e=1.5,h=3.0,n=30,start_thres=1.25",hub,0.25,100,13,40,1730,39,0,1,1730,0.975,0.0,1.0,0.0,0.2619077170437032
ni_tfnbs,"e=1.5,h=4.0,n=30,start_thres=1.25",hub,0.25,100,13,40,1730,39,0,1,1730,0.975,0.0,1.0,0.0,0.2619077170437032
ni_tfnbs,"e=1.5,h=5.0,n=30,start_thres=1.25",hub,0.25,100,13,40,1730,39,0,1,1730,0.975,0.0,1.0,0.0,0.2619077170437032
ni_tfnbs,"e=1.5,h=6.0,n=30,start_thres=1.25",hub,0.25,100,13,40,1730,39,0,1,1730,0.975,0.0,1.0,0.0,0.2619077170437032
ni_tfnbs,"e=1.5,h=7.0,n=30,start_thres=1.25",hub,0.25,100,13,40,1730,39,0,1,1730,0.975,0.0,1.0,0.0,0.2619077170437032
ni_tfnbs,"e=1.5,h=8.0,n=30,start_thres=1.25",hub,0.25,100,13,40,1730,39,0,1,1730,0.975,0.0,1.0,0.0,0.2619077170437032
ni_tfnbs,"e=1.5,h=9.0,n=30,start_thres=1.25",hub,0.25,100,13,40,1730,39,0,1,1730,0.975,0.0,1.0,0.0,0.2619077170437032
ni_tfnbs,"e=1.5,h=10.0,n=30,start_thres=1.25",hub,0.25,100,13,40,1730,39,0,1,1730,0.975,0.0,1.0,0.0,0.2619077170437032
ni_tfnbs,"e=0.05,h=0.5,n=30,start_thres=1.25",hub,0.25,100,14,40,1730,33,0,7,1730,0.825,0.0,1.0,0.0,0.2552049173550172
ni_tfnbs,"e=0.05,h=1.0,n=30,start_thres=1.25",hub,0.25,100,14,40,1730,33,0,7,1730,0.825,0.0,1.0,0.0,0.2552049173550172
ni_tfnbs,"e=0.05,h=2.0,n=30,start_thres=1.25",hub,0.25,100,14,40,1730,33,0,7,1730,0.825,0.0,1.0,0.0,0.2552049173550172
ni_tfnbs,"e=0.05,h=3.0,n=30,start_thres=1.25",hub,0.25,100,14,40,1730,33,0,7,1730,0.825,0.0,1.0,0.0,0.2552049173550172
ni_tfnbs,"e=0.05,h=4.0,n=30,start_thres=1.25",hub,0.25,100,14,40,1730,33,0,7,1730,0.825,0.0,1.0,0.0,0.2552049173550172
ni_tfnbs,"e=0.05,h=5.0,n=30,start_thres=1.25",hub,0.25,100,14,40,1730,33,0,7,1730,0.825,0.0,1.0,0.0,0.2552049173550172
ni_tfnbs,"e=0.05,h=6.0,n=30,start_thres=1.25",hub,0.25,100,14,40,1730,32,0,8,1730,0.8,0.0,1.0,0.0,0.2552049173550172
ni_tfnbs,"e=0.05,h=7.0,n=30,start_thres=1.25",hub,0.25,100,14,40,1730,32,0,8,1730,0.8,0.0,1.0,0.0,0.2552049173550172
ni_tfnbs,"e=0.05,h=8.0,n=30,start_thres=1.25",hub,0.25,100,14,40,1730,32,0,8,1730,0.8,0.0,1.0,0.0,0.2552049173550172
ni_tfnbs,"e=0.05,h=9.0,n=30,start_thres=1.25",hub,0.25,100,14,40,1730,32,0,8,1730,0.8,0.0,1.0,0.0,0.2552049173550172
ni_tfnbs,"e=0.05,h=10.0,n=30,start_thres=1.25",hub,0.25,100,14,40,1730,32,0,8,1730,0.8,0.0,1.0,0.0,0.2552049173550172
ni_tfnbs,"e=0.1,h=0.5,n=30,start_thres=1.25",hub,0.25,100,14,40,1730,34,0,6,1730,0.85,0.0,1.0,0.0,0.2552049173550172
ni_tfnbs,"e=0.1,h=1.0,n=30,start_thres=1.25",hub,0.25,100,14,40,1730,33,0,7,1730,0.825,0.0,1.0,0.0,0.2552049173550172
ni_tfnbs,"e=0.1,h=2.0,n=30,start_thres=1.25",hub,0.25,100,14,40,1730,33,0,7,1730,0.825,0.0,1.0,0.0,0.2552049173550172
ni_tfnbs,"e=0.1,h=3.0,n=30,start_thres=1.25",hub,0.25,100,14,40,1730,33,0,7,1730,0.825,0.0,1.0,0.0,0.2552049173550172
ni_tfnbs,"e=0.1,h=4.0,n=30,start_thres=1.25",hub,0.25,100,14,40,1730,33,0,7,1730,0.825,0.0,1.0,0.0,0.2552049173550172
ni_tfnbs,"e=0.1,h=5.0,n=30,start_thres=1.25",hub,0.25,100,14,40,1730,33,0,7,1730,0.825,0.0,1.0,0.0,0.2552049173550172
ni_tfnbs,"e=0.1,h=6.0,n=30,start_thres=1.25",hub,0.25,100,14,40,1730,33,0,7,1730,0.825,0.0,1.0,0.0,0.2552049173550172
ni_tfnbs,"e=0.1,h=7.0,n=30,start_thres=1.25",hub,0.25,100,14,40,1730,33,0,7,1730,0.825,0.0,1.0,0.0,0.2552049173550172
ni_tfnbs,"e=0.1,h=8.0,n=30,start_thres=1.25",hub,0.25,100,14,40,1730,33,0,7,1730,0.825,0.0,1.0,0.0,0.2552049173550172
ni_tfnbs,"e=0.1,h=9.0,n=30,start_thres=1.25",hub,0.25,100,14,40,1730,33,0,7,1730,0.825,0.0,1.0,0.0,0.2552049173550172
ni_tfnbs,"e=0.1,h=10.0,n=30,start_thres=1.25",hub,0.25,100,14,40,1730,33,0,7,1730,0.825,0.0,1.0,0.0,0.2552049173550172
ni_tfnbs,"e=0.2,h=0.5,n=30,start_thres=1.25",hub,0.25,100,14,40,1730,36,0,4,1730,0.9,0.0,1.0,0.0,0.2552049173550172
ni_tfnbs,"e=0.2,h=1.0,n=30,start_thres=1.25",hub,0.25,100,14,40,1730,36,0,4,1730,0.9,0.0,1.0,0.0,0.2552049173550172
ni_tfnbs,"e=0.2,h=2.0,n=30,start_thres=1.25",hub,0.25,100,14,40,1730,34,0,6,1730,0.85,0.0,1.0,0.0,0.2552049173550172
ni_tfnbs,"e=0.2,h=3.0,n=30,start_thres=1.25",hub,0.25,100,14,40,1730,34,0,6,1730,0.85,0.0,1.0,0.0,0.2552049173550172
ni_tfnbs,"e=0.2,h=4.0,n=30,start_thres=1.25",hub,0.25,100,14,40,1730,34,0,6,1730,0.85,0.0,1.0,0.0,0.2552049173550172
ni_tfnbs,"e=0.2,h=5.0,n=30,start_thres=1.25",hub,0.25,100,14,40,1730,34,0,6,1730,0.85,0.0,1.0,0.0,0.2552049173550172
ni_tfnbs,"e=0.2,h=6.0,n=30,start_thres=1.25",hub,0.25,100,14,40,1730,33,0,7,1730,0.825,0.0,1.0,0.0,0.2552049173550172
ni_tfnbs,"e=0.2,h=7.0,n=30,start_thres=1.25",hub,0.25,100,14,40,1730,33,0,7,1730,0.825,0.0,1.0,0.0,0.2552049173550172
ni_tfnbs,"e=0.2,h=8.0,n=30,start_thres=1.25",hub,0.25,100,14,40,1730,33,0,7,1730,0.825,0.0,1.0,0.0,0.2552049173550172
ni_tfnbs,"e=0.2,h=9.0,n=30,start_thres=1.25",hub,0.25,100,14,40,1730,33,0,7,1730,0.825,0.0,1.0,0.0,0.2552049173550172
ni_tfnbs,"e=0.2,h=10.0,n=30,start_thres=1.25",hub,0.25,100,14,40,1730,33,0,7,1730,0.825,0.0,1.0,0.0,0.2552049173550172
ni_tfnbs,"e=0.3,h=0.5,n=30,start_thres=1.25",hub,0.25,100,14,40,1730,36,0,4,1730,0.9,0.0,1.0,0.0,0.2552049173550172
ni_tfnbs,"e=0.3,h=1.0,n=30,start_thres=1.25",hub,0.25,100,14,40,1730,36,0,4,1730,0.9,0.0,1.0,0.0,0.2552049173550172
ni_tfnbs,"e=0.3,h=2.0,n=30,start_thres=1.25",hub,0.25,100,14,40,1730,36,0,4,1730,0.9,0.0,1.0,0.0,0.2552049173550172
ni_tfnbs,"e=0.3,h=3.0,n=30,start_thres=1.25",hub,0.25,100,14,40,1730,36,0,4,1730,0.9,0.0,1.0,0.0,0.2552049173550172
ni_tfnbs,"e=0.3,h=4.0,n=30,start_thres=1.25",hub,0.25,100,14,40,1730,34,0,6,1730,0.85,0.0,1.0,0.0,0.2552049173550172
ni_tfnbs,"e=0.3,h=5.0,n=30,start_thres=1.25",hub,0.25,100,14,40,1730,34,0,6,1730,0.85,0.0,1.0,0.0,0.2552049173550172
ni_tfnbs,"e=0.3,h=6.0,n=30,start_thres=1.25",hub,0.25,100,14,40,1730,34,0,6,1730,0.85,0.0,1.0,0.0,0.2552049173550172
ni_tfnbs,"e=0.3,h=7.0,n=30,start_thres=1.25",hub,0.25,100,14,40,1730,34,0,6,1730,0.85,0.0,1.0,0.0,0.2552049173550172
ni_tfnbs,"e=0.3,h=8.0,n=30,start_thres=1.25",hub,0.25,100,14,40,1730,34,0,6,1730,0.85,0.0,1.0,0.0,0.2552049173550172
ni_tfnbs,"e=0.3,h=9.0,n=30,start_thres=1.25",hub,0.25,100,14,40,1730,33,0,7,1730,0.825,0.0,1.0,0.0,0.2552049173550172
ni_tfnbs,"e=0.3,h=10.0,n=30,start_thres=1.25",hub,0.25,100,14,40,1730,33,0,7,1730,0.825,0.0,1.0,0.0,0.2552049173550172
ni_tfnbs,"e=0.4,h=0.5,n=30,start_thres=1.25",hub,0.25,100,14,40,1730,37,0,3,1730,0.925,0.0,1.0,0.0,0.2552049173550172
ni_tfnbs,"e=0.4,h=1.0,n=30,start_thres=1.25",hub,0.25,100,14,40,1730,37,0,3,1730,0.925,0.0,1.0,0.0,0.2552049173550172
ni_tfnbs,"e=0.4,h=2.0,n=30,start_thres=1.25",hub,0.25,100,14,40,1730,36,0,4,1730,0.9,0.0,1.0,0.0,0.2552049173550172
ni_tfnbs,"e=0.4,h=3.0,n=30,start_thres=1.25",hub,0.25,100,14,40,1730,36,0,4,1730,0.9,0.0,1.0,0.0,0.2552049173550172
ni_tfnbs,"e=0.4,h=4.0,n=30,start_thres=1.25",hub,0.25,100,14,40,1730,36,0,4,1730,0.9,0.0,1.0,0.0,0.2552049173550172
ni_tfnbs,"e=0.4,h=5.0,n=30,start_thres=1.25",hub,0.25,100,14,40,1730,36,0,4,1730,0.9,0.0,1.0,0.0,0.2552049173550172
ni_tfnbs,"e=0.4,h=6.0,n=30,start_thres=1.25",hub,0.25,100,14,40,1730,34,0,6,1730,0.85,0.0,1.0,0.0,0.2552049173550172
ni_tfnbs,"e=0.4,h=7.0,n=30,start_thres=1.25",hub,0.25,100,14,40,1730,34,0,6,1730,0.85,0.0,1.0,0.0,0.2552049173550172
ni_tfnbs,"e=0.4,h=8.0,n=30,start_thres=1.25",hub,0.25,100,14,40,1730,34,0,6,1730,0.85,0.0,1.0,0.0,0.2552049173550172
ni_tfnbs,"e=0.4,h=9.0,n=30,start_thres=1.25",hub,0.25,100,14,40,1730,34,0,6,1730,0.85,0.0,1.0,0.0,0.2552049173550172
ni_tfnbs,"e=0.4,h=10.0,n=30,start_thres=1.25",hub,0.25,100,14,40,1730,34,0,6,1730,0.85,0.0,1.0,0.0,0.2552049173550172
ni_tfnbs,"e=0.5,h=0.5,n=30,start_thres=1.25",hub,0.25,100,14,40,1730,37,1,3,1729,0.925,0.0005780346820809,0.9736842105263158,0.0263157894736842,0.2552049173550172
ni_tfnbs,"e=0.5,h=1.0,n=30,start_thres=1.25",hub,0.25,100,14,40,1730,37,0,3,1730,0.925,0.0,1.0,0.0,0.2552049173550172
ni_tfnbs,"e=0.5,h=2.0,n=30,start_thres=1.25",hub,0.25,100,14,40,1730,37,0,3,1730,0.925,0.0,1.0,0.0,0.2552049173550172
ni_tfnbs,"e=0.5,h=3.0,n=30,start_thres=1.25",hub,0.25,100,14,40,1730,37,0,3,1730,0.925,0.0,1.0,0.0,0.2552049173550172
ni_tfnbs,"e=0.5,h=4.0,n=30,start_thres=1.25",hub,0.25,100,14,40,1730,36,0,4,1730,0.9,0.0,1.0,0.0,0.2552049173550172
ni_tfnbs,"e=0.5,h=5.0,n=30,start_thres=1.25",hub,0.25,100,14,40,1730,36,0,4,1730,0.9,0.0,1.0,0.0,0.2552049173550172
ni_tfnbs,"e=0.5,h=6.0,n=30,start_thres=1.25",hub,0.25,100,14,40,1730,36,0,4,1730,0.9,0.0,1.0,0.0,0.2552049173550172
ni_tfnbs,"e=0.5,h=7.0,n=30,start_thres=1.25",hub,0.25,100,14,40,1730,36,0,4,1730,0.9,0.0,1.0,0.0,0.2552049173550172
ni_tfnbs,"e=0.5,h=8.0,n=30,start_thres=1.25",hub,0.25,100,14,40,1730,34,0,6,1730,0.85,0.0,1.0,0.0,0.2552049173550172
ni_tfnbs,"e=0.5,h=9.0,n=30,start_thres=1.25",hub,0.25,100,14,40,1730,34,0,6,1730,0.85,0.0,1.0,0.0,0.2552049173550172
ni_tfnbs,"e=0.5,h=10.0,n=30,start_thres=1.25",hub,0.25,100,14,40,1730,34,0,6,1730,0.85,0.0,1.0,0.0,0.2552049173550172
ni_tfnbs,"e=0.6,h=0.5,n=30,start_thres=1.25",hub,0.25,100,14,40,1730,37,1,3,1729,0.925,0.0005780346820809,0.9736842105263158,0.0263157894736842,0.2552049173550172
ni_tfnbs,"e=0.6,h=1.0,n=30,start_thres=1.25",hub,0.25,100,14,40,1730,37,1,3,1729,0.925,0.0005780346820809,0.9736842105263158,0.0263157894736842,0.2552049173550172
ni_tfnbs,"e=0.6,h=2.0,n=30,start_thres=1.25",hub,0.25,100,14,40,1730,37,1,3,1729,0.925,0.0005780346820809,0.9736842105263158,0.0263157894736842,0.2552049173550172
ni_tfnbs,"e=0.6,h=3.0,n=30,start_thres=1.25",hub,0.25,100,14,40,1730,37,0,3,1730,0.925,0.0,1.0,0.0,0.2552049173550172
ni_tfnbs,"e=0.6,h=4.0,n=30,start_thres=1.25",hub,0.25,100,14,40,1730,37,0,3,1730,0.925,0.0,1.0,0.0,0.2552049173550172
ni_tfnbs,"e=0.6,h=5.0,n=30,start_thres=1.25",hub,0.25,100,14,40,1730,36,0,4,1730,0.9,0.0,1.0,0.0,0.2552049173550172
ni_tfnbs,"e=0.6,h=6.0,n=30,start_thres=1.25",hub,0.25,100,14,40,1730,36,0,4,1730,0.9,0.0,1.0,0.0,0.2552049173550172
ni_tfnbs,"e=0.6,h=7.0,n=30,start_thres=1.25",hub,0.25,100,14,40,1730,36,0,4,1730,0.9,0.0,1.0,0.0,0.2552049173550172
ni_tfnbs,"e=0.6,h=8.0,n=30,start_thres=1.25",hub,0.25,100,14,40,1730,36,0,4,1730,0.9,0.0,1.0,0.0,0.2552049173550172
ni_tfnbs,"e=0.6,h=9.0,n=30,start_thres=1.25",hub,0.25,100,14,40,1730,36,0,4,1730,0.9,0.0,1.0,0.0,0.2552049173550172
ni_tfnbs,"e=0.6,h=10.0,n=30,start_thres=1.25",hub,0.25,100,14,40,1730,34,0,6,1730,0.85,0.0,1.0,0.0,0.2552049173550172
ni_tfnbs,"e=0.7,h=0.5,n=30,start_thres=1.25",hub,0.25,100,14,40,1730,37,1,3,1729,0.925,0.0005780346820809,0.9736842105263158,0.0263157894736842,0.2552049173550172
ni_tfnbs,"e=0.7,h=1.0,n=30,start_thres=1.25",hub,0.25,100,14,40,1730,37,1,3,1729,0.925,0.0005780346820809,0.9736842105263158,0.0263157894736842,0.2552049173550172
ni_tfnbs,"e=0.7,h=2.0,n=30,start_thres=1.25",hub,0.25,100,14,40,1730,37,1,3,1729,0.925,0.0005780346820809,0.9736842105263158,0.0263157894736842,0.2552049173550172
ni_tfnbs,"e=0.7,h=3.0,n=30,start_thres=1.25",hub,0.25,100,14,40,1730,37,1,3,1729,0.925,0.0005780346820809,0.9736842105263158,0.0263157894736842,0.2552049173550172
ni_tfnbs,"e=0.7,h=4.0,n=30,start_thres=1.25",hub,0.25,100,14,40,1730,37,0,3,1730,0.925,0.0,1.0,0.0,0.2552049173550172
ni_tfnbs,"e=0.7,h=5.0,n=30,start_thres=1.25",hub,0.25,100,14,40,1730,37,0,3,1730,0.925,0.0,1.0,0.0,0.2552049173550172
ni_tfnbs,"e=0.7,h=6.0,n=30,start_thres=1.25",hub,0.25,100,14,40,1730,36,0,4,1730,0.9,0.0,1.0,0.0,0.2552049173550172
ni_tfnbs,"e=0.7,h=7.0,n=30,start_thres=1.25",hub,0.25,100,14,40,1730,36,0,4,1730,0.9,0.0,1.0,0.0,0.2552049173550172
ni_tfnbs,"e=0.7,h=8.0,n=30,start_thres=1.25",hub,0.25,100,14,40,1730,36,0,4,1730,0.9,0.0,1.0,0.0,0.2552049173550172
ni_tfnbs,"e=0.7,h=9.0,n=30,start_thres=1.25",hub,0.25,100,14,40,1730,36,0,4,1730,0.9,0.0,1.0,0.0,0.2552049173550172
ni_tfnbs,"e=0.7,h=10.0,n=30,start_thres=1.25",hub,0.25,100,14,40,1730,36,0,4,1730,0.9,0.0,1.0,0.0,0.2552049173550172
ni_tfnbs,"e=0.8,h=0.5,n=30,start_thres=1.25",hub,0.25,100,14,40,1730,38,2,2,1728,0.95,0.0011560693641618,0.95,0.05,0.2552049173550172
ni_tfnbs,"e=0.8,h=1.0,n=30,start_thres=1.25",hub,0.25,100,14,40,1730,38,2,2,1728,0.95,0.0011560693641618,0.95,0.05,0.2552049173550172
ni_tfnbs,"e=0.8,h=2.0,n=30,start_thres=1.25",hub,0.25,100,14,40,1730,37,1,3,1729,0.925,0.0005780346820809,0.9736842105263158,0.0263157894736842,0.2552049173550172
ni_tfnbs,"e=0.8,h=3.0,n=30,start_thres=1.25",hub,0.25,100,14,40,1730,37,1,3,1729,0.925,0.0005780346820809,0.9736842105263158,0.0263157894736842,0.2552049173550172
ni_tfnbs,"e=0.8,h=4.0,n=30,start_thres=1.25",hub,0.25,100,14,40,1730,37,1,3,1729,0.925,0.0005780346820809,0.9736842105263158,0.0263157894736842,0.2552049173550172
ni_tfnbs,"e=0.8,h=5.0,n=30,start_thres=1.25",hub,0.25,100,14,40,1730,37,0,3,1730,0.925,0.0,1.0,0.0,0.2552049173550172
ni_tfnbs,"e=0.8,h=6.0,n=30,start_thres=1.25",hub,0.25,100,14,40,1730,37,0,3,1730,0.925,0.0,1.0,0.0,0.2552049173550172
ni_tfnbs,"e=0.8,h=7.0,n=30,start_thres=1.25",hub,0.25,100,14,40,1730,36,0,4,1730,0.9,0.0,1.0,0.0,0.2552049173550172
ni_tfnbs,"e=0.8,h=8.0,n=30,start_thres=1.25",hub,0.25,100,14,40,1730,36,0,4,1730,0.9,0.0,1.0,0.0,0.2552049173550172
ni_tfnbs,"e=0.8,h=9.0,n=30,start_thres=1.25",hub,0.25,100,14,40,1730,36,0,4,1730,0.9,0.0,1.0,0.0,0.2552049173550172
ni_tfnbs,"e=0.8,h=10.0,n=30,start_thres=1.25",hub,0.25,100,14,40,1730,36,0,4,1730,0.9,0.0,1.0,0.0,0.2552049173550172
ni_tfnbs,"e=0.9,h=0.5,n=30,start_thres=1.25",hub,0.25,100,14,40,1730,38,2,2,1728,0.95,0.0011560693641618,0.95,0.05,0.2552049173550172
ni_tfnbs,"e=0.9,h=1.0,n=30,start_thres=1.25",hub,0.25,100,14,40,1730,38,2,2,1728,0.95,0.0011560693641618,0.95,0.05,0.2552049173550172
ni_tfnbs,"e=0.9,h=2.0,n=30,start_thres=1.25",hub,0.25,100,14,40,1730,38,2,2,1728,0.95,0.0011560693641618,0.95,0.05,0.2552049173550172
ni_tfnbs,"e=0.9,h=3.0,n=30,start_thres=1.25",hub,0.25,100,14,40,1730,37,1,3,1729,0.925,0.0005780346820809,0.9736842105263158,0.0263157894736842,0.2552049173550172
ni_tfnbs,"e=0.9,h=4.0,n=30,start_thres=1.25",hub,0.25,100,14,40,1730,37,1,3,1729,0.925,0.0005780346820809,0.9736842105263158,0.0263157894736842,0.2552049173550172
ni_tfnbs,"e=0.9,h=5.0,n=30,start_thres=1.25",hub,0.25,100,14,40,1730,37,1,3,1729,0.925,0.0005780346820809,0.9736842105263158,0.0263157894736842,0.2552049173550172
ni_tfnbs,"e=0.9,h=6.0,n=30,start_thres=1.25",hub,0.25,100,14,40,1730,37,0,3,1730,0.925,0.0,1.0,0.0,0.2552049173550172
ni_tfnbs,"e=0.9,h=7.0,n=30,start_thres=1.25",hub,0.25,100,14,40,1730,37,0,3,1730,0.925,0.0,1.0,0.0,0.2552049173550172
ni_tfnbs,"e=0.9,h=8.0,n=30,start_thres=1.25",hub,0.25,100,14,40,1730,36,0,4,1730,0.9,0.0,1.0,0.0,0.2552049173550172
ni_tfnbs,"e=0.9,h=9.0,n=30,start_thres=1.25",hub,0.25,100,14,40,1730,36,0,4,1730,0.9,0.0,1.0,0.0,0.2552049173550172
ni_tfnbs,"e=0.9,h=10.0,n=30,start_thres=1.25",hub,0.25,100,14,40,1730,36,0,4,1730,0.9,0.0,1.0,0.0,0.2552049173550172
ni_tfnbs,"e=1.0,h=0.5,n=30,start_thres=1.25",hub,0.25,100,14,40,1730,38,2,2,1728,0.95,0.0011560693641618,0.95,0.05,0.2552049173550172
ni_tfnbs,"e=1.0,h=1.0,n=30,start_thres=1.25",hub,0.25,100,14,40,1730,38,2,2,1728,0.95,0.0011560693641618,0.95,0.05,0.2552049173550172
ni_tfnbs,"e=1.0,h=2.0,n=30,start_thres=1.25",hub,0.25,100,14,40,1730,38,2,2,1728,0.95,0.0011560693641618,0.95,0.05,0.2552049173550172
ni_tfnbs,"e=1.0,h=3.0,n=30,start_thres=1.25",hub,0.25,100,14,40,1730,38,2,2,1728,0.95,0.0011560693641618,0.95,0.05,0.2552049173550172
ni_tfnbs,"e=1.0,h=4.0,n=30,start_thres=1.25",hub,0.25,100,14,40,1730,37,1,3,1729,0.925,0.0005780346820809,0.9736842105263158,0.0263157894736842,0.2552049173550172
ni_tfnbs,"e=1.0,h=5.0,n=30,start_thres=1.25",hub,0.25,100,14,40,1730,37,1,3,1729,0.925,0.0005780346820809,0.9736842105263158,0.0263157894736842,0.2552049173550172
ni_tfnbs,"e=1.0,h=6.0,n=30,start_thres=1.25",hub,0.25,100,14,40,1730,37,1,3,1729,0.925,0.0005780346820809,0.9736842105263158,0.0263157894736842,0.2552049173550172
ni_tfnbs,"e=1.0,h=7.0,n=30,start_thres=1.25",hub,0.25,100,14,40,1730,37,0,3,1730,0.925,0.0,1.0,0.0,0.2552049173550172
ni_tfnbs,"e=1.0,h=8.0,n=30,start_thres=1.25",hub,0.25,100,14,40,1730,37,0,3,1730,0.925,0.0,1.0,0.0,0.2552049173550172
ni_tfnbs,"e=1.0,h=9.0,n=30,start_thres=1.25",hub,0.25,100,14,40,1730,36,0,4,1730,0.9,0.0,1.0,0.0,0.2552049173550172
ni_tfnbs,"e=1.0,h=10.0,n=30,start_thres=1.25",hub,0.25,100,14,40,1730,36,0,4,1730,0.9,0.0,1.0,0.0,0.2552049173550172
ni_tfnbs,"e=1.1,h=0.5,n=30,start_thres=1.25",hub,0.25,100,14,40,1730,38,2,2,1728,0.95,0.0011560693641618,0.95,0.05,0.2552049173550172
ni_tfnbs,"e=1.1,h=1.0,n=30,start_thres=1.25",hub,0.25,100,14,40,1730,38,2,2,1728,0.95,0.0011560693641618,0.95,0.05,0.2552049173550172
ni_tfnbs,"e=1.1,h=2.0,n=30,start_thres=1.25",hub,0.25,100,14,40,1730,38,2,2,1728,0.95,0.0011560693641618,0.95,0.05,0.2552049173550172
ni_tfnbs,"e=1.1,h=3.0,n=30,start_thres=1.25",hub,0.25,100,14,40,1730,38,2,2,1728,0.95,0.0011560693641618,0.95,0.05,0.2552049173550172
ni_tfnbs,"e=1.1,h=4.0,n=30,start_thres=1.25",hub,0.25,100,14,40,1730,38,2,2,1728,0.95,0.0011560693641618,0.95,0.05,0.2552049173550172
ni_tfnbs,"e=1.1,h=5.0,n=30,start_thres=1.25",hub,0.25,100,14,40,1730,37,1,3,1729,0.925,0.0005780346820809,0.9736842105263158,0.0263157894736842,0.2552049173550172
ni_tfnbs,"e=1.1,h=6.0,n=30,start_thres=1.25",hub,0.25,100,14,40,1730,37,1,3,1729,0.925,0.0005780346820809,0.9736842105263158,0.0263157894736842,0.2552049173550172
ni_tfnbs,"e=1.1,h=7.0,n=30,start_thres=1.25",hub,0.25,100,14,40,1730,37,1,3,1729,0.925,0.0005780346820809,0.9736842105263158,0.0263157894736842,0.2552049173550172
ni_tfnbs,"e=1.1,h=8.0,n=30,start_thres=1.25",hub,0.25,100,14,40,1730,37,0,3,1730,0.925,0.0,1.0,0.0,0.2552049173550172
ni_tfnbs,"e=1.1,h=9.0,n=30,start_thres=1.25",hub,0.25,100,14,40,1730,37,0,3,1730,0.925,0.0,1.0,0.0,0.2552049173550172
ni_tfnbs,"e=1.1,h=10.0,n=30,start_thres=1.25",hub,0.25,100,14,40,1730,37,0,3,1730,0.925,0.0,1.0,0.0,0.2552049173550172
ni_tfnbs,"e=1.2,h=0.5,n=30,start_thres=1.25",hub,0.25,100,14,40,1730,38,2,2,1728,0.95,0.0011560693641618,0.95,0.05,0.2552049173550172
ni_tfnbs,"e=1.2,h=1.0,n=30,start_thres=1.25",hub,0.25,100,14,40,1730,38,2,2,1728,0.95,0.0011560693641618,0.95,0.05,0.2552049173550172
ni_tfnbs,"e=1.2,h=2.0,n=30,start_thres=1.25",hub,0.25,100,14,40,1730,38,2,2,1728,0.95,0.0011560693641618,0.95,0.05,0.2552049173550172
ni_tfnbs,"e=1.2,h=3.0,n=30,start_thres=1.25",hub,0.25,100,14,40,1730,38,2,2,1728,0.95,0.0011560693641618,0.95,0.05,0.2552049173550172
ni_tfnbs,"e=1.2,h=4.0,n=30,start_thres=1.25",hub,0.25,100,14,40,1730,38,2,2,1728,0.95,0.0011560693641618,0.95,0.05,0.2552049173550172
ni_tfnbs,"e=1.2,h=5.0,n=30,start_thres=1.25",hub,0.25,100,14,40,1730,38,2,2,1728,0.95,0.0011560693641618,0.95,0.05,0.2552049173550172
ni_tfnbs,"e=1.2,h=6.0,n=30,start_thres=1.25",hub,0.25,100,14,40,1730,37,1,3,1729,0.925,0.0005780346820809,0.9736842105263158,0.0263157894736842,0.2552049173550172
ni_tfnbs,"e=1.2,h=7.0,n=30,start_thres=1.25",hub,0.25,100,14,40,1730,37,1,3,1729,0.925,0.0005780346820809,0.9736842105263158,0.0263157894736842,0.2552049173550172
ni_tfnbs,"e=1.2,h=8.0,n=30,start_thres=1.25",hub,0.25,100,14,40,1730,37,1,3,1729,0.925,0.0005780346820809,0.9736842105263158,0.0263157894736842,0.2552049173550172
ni_tfnbs,"e=1.2,h=9.0,n=30,start_thres=1.25",hub,0.25,100,14,40,1730,37,0,3,1730,0.925,0.0,1.0,0.0,0.2552049173550172
ni_tfnbs,"e=1.2,h=10.0,n=30,start_thres=1.25",hub,0.25,100,14,40,1730,37,0,3,1730,0.925,0.0,1.0,0.0,0.2552049173550172
ni_tfnbs,"e=1.3,h=0.5,n=30,start_thres=1.25",hub,0.25,100,14,40,1730,38,2,2,1728,0.95,0.0011560693641618,0.95,0.05,0.2552049173550172
ni_tfnbs,"e=1.3,h=1.0,n=30,start_thres=1.25",hub,0.25,100,14,40,1730,38,2,2,1728,0.95,0.0011560693641618,0.95,0.05,0.2552049173550172
ni_tfnbs,"e=1.3,h=2.0,n=30,start_thres=1.25",hub,0.25,100,14,40,1730,38,2,2,1728,0.95,0.0011560693641618,0.95,0.05,0.2552049173550172
ni_tfnbs,"e=1.3,h=3.0,n=30,start_thres=1.25",hub,0.25,100,14,40,1730,38,2,2,1728,0.95,0.0011560693641618,0.95,0.05,0.2552049173550172
ni_tfnbs,"e=1.3,h=4.0,n=30,start_thres=1.25",hub,0.25,100,14,40,1730,38,2,2,1728,0.95,0.0011560693641618,0.95,0.05,0.2552049173550172
ni_tfnbs,"e=1.3,h=5.0,n=30,start_thres=1.25",hub,0.25,100,14,40,1730,38,2,2,1728,0.95,0.0011560693641618,0.95,0.05,0.2552049173550172
ni_tfnbs,"e=1.3,h=6.0,n=30,start_thres=1.25",hub,0.25,100,14,40,1730,38,2,2,1728,0.95,0.0011560693641618,0.95,0.05,0.2552049173550172
ni_tfnbs,"e=1.3,h=7.0,n=30,start_thres=1.25",hub,0.25,100,14,40,1730,37,1,3,1729,0.925,0.0005780346820809,0.9736842105263158,0.0263157894736842,0.2552049173550172
ni_tfnbs,"e=1.3,h=8.0,n=30,start_thres=1.25",hub,0.25,100,14,40,1730,37,1,3,1729,0.925,0.0005780346820809,0.9736842105263158,0.0263157894736842,0.2552049173550172
ni_tfnbs,"e=1.3,h=9.0,n=30,start_thres=1.25",hub,0.25,100,14,40,1730,37,1,3,1729,0.925,0.0005780346820809,0.9736842105263158,0.0263157894736842,0.2552049173550172
ni_tfnbs,"e=1.3,h=10.0,n=30,start_thres=1.25",hub,0.25,100,14,40,1730,37,0,3,1730,0.925,0.0,1.0,0.0,0.2552049173550172
ni_tfnbs,"e=1.4,h=0.5,n=30,start_thres=1.25",hub,0.25,100,14,40,1730,38,2,2,1728,0.95,0.0011560693641618,0.95,0.05,0.2552049173550172
ni_tfnbs,"e=1.4,h=1.0,n=30,start_thres=1.25",hub,0.25,100,14,40,1730,38,2,2,1728,0.95,0.0011560693641618,0.95,0.05,0.2552049173550172
ni_tfnbs,"e=1.4,h=2.0,n=30,start_thres=1.25",hub,0.25,100,14,40,1730,39,2,1,1728,0.975,0.0011560693641618,0.951219512195122,0.048780487804878,0.2552049173550172
ni_tfnbs,"e=1.4,h=3.0,n=30,start_thres=1.25",hub,0.25,100,14,40,1730,39,2,1,1728,0.975,0.0011560693641618,0.951219512195122,0.048780487804878,0.2552049173550172
ni_tfnbs,"e=1.4,h=4.0,n=30,start_thres=1.25",hub,0.25,100,14,40,1730,38,2,2,1728,0.95,0.0011560693641618,0.95,0.05,0.2552049173550172
ni_tfnbs,"e=1.4,h=5.0,n=30,start_thres=1.25",hub,0.25,100,14,40,1730,38,2,2,1728,0.95,0.0011560693641618,0.95,0.05,0.2552049173550172
ni_tfnbs,"e=1.4,h=6.0,n=30,start_thres=1.25",hub,0.25,100,14,40,1730,38,2,2,1728,0.95,0.0011560693641618,0.95,0.05,0.2552049173550172
ni_tfnbs,"e=1.4,h=7.0,n=30,start_thres=1.25",hub,0.25,100,14,40,1730,37,1,3,1729,0.925,0.0005780346820809,0.9736842105263158,0.0263157894736842,0.2552049173550172
ni_tfnbs,"e=1.4,h=8.0,n=30,start_thres=1.25",hub,0.25,100,14,40,1730,37,1,3,1729,0.925,0.0005780346820809,0.9736842105263158,0.0263157894736842,0.2552049173550172
ni_tfnbs,"e=1.4,h=9.0,n=30,start_thres=1.25",hub,0.25,100,14,40,1730,37,1,3,1729,0.925,0.0005780346820809,0.9736842105263158,0.0263157894736842,0.2552049173550172
ni_tfnbs,"e=1.4,h=10.0,n=30,start_thres=1.25",hub,0.25,100,14,40,1730,37,1,3,1729,0.925,0.0005780346820809,0.9736842105263158,0.0263157894736842,0.2552049173550172
ni_tfnbs,"e=1.5,h=0.5,n=30,start_thres=1.25",hub,0.25,100,14,40,1730,38,2,2,1728,0.95,0.0011560693641618,0.95,0.05,0.2552049173550172
ni_tfnbs,"e=1.5,h=1.0,n=30,start_thres=1.25",hub,0.25,100,14,40,1730,38,2,2,1728,0.95,0.0011560693641618,0.95,0.05,0.2552049173550172
ni_tfnbs,"e=1.5,h=2.0,n=30,start_thres=1.25",hub,0.25,100,14,40,1730,39,2,1,1728,0.975,0.0011560693641618,0.951219512195122,0.048780487804878,0.2552049173550172
ni_tfnbs,"e=1.5,h=3.0,n=30,start_thres=1.25",hub,0.25,100,14,40,1730,39,2,1,1728,0.975,0.0011560693641618,0.951219512195122,0.048780487804878,0.2552049173550172
ni_tfnbs,"e=1.5,h=4.0,n=30,start_thres=1.25",hub,0.25,100,14,40,1730,39,2,1,1728,0.975,0.0011560693641618,0.951219512195122,0.048780487804878,0.2552049173550172
ni_tfnbs,"e=1.5,h=5.0,n=30,start_thres=1.25",hub,0.25,100,14,40,1730,38,2,2,1728,0.95,0.0011560693641618,0.95,0.05,0.2552049173550172
ni_tfnbs,"e=1.5,h=6.0,n=30,start_thres=1.25",hub,0.25,100,14,40,1730,38,2,2,1728,0.95,0.0011560693641618,0.95,0.05,0.2552049173550172
ni_tfnbs,"e=1.5,h=7.0,n=30,start_thres=1.25",hub,0.25,100,14,40,1730,38,2,2,1728,0.95,0.0011560693641618,0.95,0.05,0.2552049173550172
ni_tfnbs,"e=1.5,h=8.0,n=30,start_thres=1.25",hub,0.25,100,14,40,1730,37,1,3,1729,0.925,0.0005780346820809,0.9736842105263158,0.0263157894736842,0.2552049173550172
ni_tfnbs,"e=1.5,h=9.0,n=30,start_thres=1.25",hub,0.25,100,14,40,1730,37,1,3,1729,0.925,0.0005780346820809,0.9736842105263158,0.0263157894736842,0.2552049173550172
ni_tfnbs,"e=1.5,h=10.0,n=30,start_thres=1.25",hub,0.25,100,14,40,1730,37,1,3,1729,0.925,0.0005780346820809,0.9736842105263158,0.0263157894736842,0.2552049173550172
ni_tfnbs,"e=0.05,h=0.5,n=30,start_thres=1.25",hub,0.25,100,15,40,1730,30,0,10,1730,0.75,0.0,1.0,0.0,0.2542833753607489
ni_tfnbs,"e=0.05,h=1.0,n=30,start_thres=1.25",hub,0.25,100,15,40,1730,30,0,10,1730,0.75,0.0,1.0,0.0,0.2542833753607489
ni_tfnbs,"e=0.05,h=2.0,n=30,start_thres=1.25",hub,0.25,100,15,40,1730,30,0,10,1730,0.75,0.0,1.0,0.0,0.2542833753607489
ni_tfnbs,"e=0.05,h=3.0,n=30,start_thres=1.25",hub,0.25,100,15,40,1730,30,0,10,1730,0.75,0.0,1.0,0.0,0.2542833753607489
ni_tfnbs,"e=0.05,h=4.0,n=30,start_thres=1.25",hub,0.25,100,15,40,1730,30,0,10,1730,0.75,0.0,1.0,0.0,0.2542833753607489
ni_tfnbs,"e=0.05,h=5.0,n=30,start_thres=1.25",hub,0.25,100,15,40,1730,30,0,10,1730,0.75,0.0,1.0,0.0,0.2542833753607489
ni_tfnbs,"e=0.05,h=6.0,n=30,start_thres=1.25",hub,0.25,100,15,40,1730,30,0,10,1730,0.75,0.0,1.0,0.0,0.2542833753607489
ni_tfnbs,"e=0.05,h=7.0,n=30,start_thres=1.25",hub,0.25,100,15,40,1730,30,0,10,1730,0.75,0.0,1.0,0.0,0.2542833753607489
ni_tfnbs,"e=0.05,h=8.0,n=30,start_thres=1.25",hub,0.25,100,15,40,1730,30,0,10,1730,0.75,0.0,1.0,0.0,0.2542833753607489
ni_tfnbs,"e=0.05,h=9.0,n=30,start_thres=1.25",hub,0.25,100,15,40,1730,30,0,10,1730,0.75,0.0,1.0,0.0,0.2542833753607489
ni_tfnbs,"e=0.05,h=10.0,n=30,start_thres=1.25",hub,0.25,100,15,40,1730,30,0,10,1730,0.75,0.0,1.0,0.0,0.2542833753607489
ni_tfnbs,"e=0.1,h=0.5,n=30,start_thres=1.25",hub,0.25,100,15,40,1730,31,0,9,1730,0.775,0.0,1.0,0.0,0.2542833753607489
ni_tfnbs,"e=0.1,h=1.0,n=30,start_thres=1.25",hub,0.25,100,15,40,1730,31,0,9,1730,0.775,0.0,1.0,0.0,0.2542833753607489
ni_tfnbs,"e=0.1,h=2.0,n=30,start_thres=1.25",hub,0.25,100,15,40,1730,31,0,9,1730,0.775,0.0,1.0,0.0,0.2542833753607489
ni_tfnbs,"e=0.1,h=3.0,n=30,start_thres=1.25",hub,0.25,100,15,40,1730,31,0,9,1730,0.775,0.0,1.0,0.0,0.2542833753607489
ni_tfnbs,"e=0.1,h=4.0,n=30,start_thres=1.25",hub,0.25,100,15,40,1730,30,0,10,1730,0.75,0.0,1.0,0.0,0.2542833753607489
ni_tfnbs,"e=0.1,h=5.0,n=30,start_thres=1.25",hub,0.25,100,15,40,1730,30,0,10,1730,0.75,0.0,1.0,0.0,0.2542833753607489
ni_tfnbs,"e=0.1,h=6.0,n=30,start_thres=1.25",hub,0.25,100,15,40,1730,30,0,10,1730,0.75,0.0,1.0,0.0,0.2542833753607489
ni_tfnbs,"e=0.1,h=7.0,n=30,start_thres=1.25",hub,0.25,100,15,40,1730,30,0,10,1730,0.75,0.0,1.0,0.0,0.2542833753607489
ni_tfnbs,"e=0.1,h=8.0,n=30,start_thres=1.25",hub,0.25,100,15,40,1730,30,0,10,1730,0.75,0.0,1.0,0.0,0.2542833753607489
ni_tfnbs,"e=0.1,h=9.0,n=30,start_thres=1.25",hub,0.25,100,15,40,1730,30,0,10,1730,0.75,0.0,1.0,0.0,0.2542833753607489
ni_tfnbs,"e=0.1,h=10.0,n=30,start_thres=1.25",hub,0.25,100,15,40,1730,30,0,10,1730,0.75,0.0,1.0,0.0,0.2542833753607489
ni_tfnbs,"e=0.2,h=0.5,n=30,start_thres=1.25",hub,0.25,100,15,40,1730,32,0,8,1730,0.8,0.0,1.0,0.0,0.2542833753607489
ni_tfnbs,"e=0.2,h=1.0,n=30,start_thres=1.25",hub,0.25,100,15,40,1730,32,0,8,1730,0.8,0.0,1.0,0.0,0.2542833753607489
ni_tfnbs,"e=0.2,h=2.0,n=30,start_thres=1.25",hub,0.25,100,15,40,1730,31,0,9,1730,0.775,0.0,1.0,0.0,0.2542833753607489
ni_tfnbs,"e=0.2,h=3.0,n=30,start_thres=1.25",hub,0.25,100,15,40,1730,31,0,9,1730,0.775,0.0,1.0,0.0,0.2542833753607489
ni_tfnbs,"e=0.2,h=4.0,n=30,start_thres=1.25",hub,0.25,100,15,40,1730,31,0,9,1730,0.775,0.0,1.0,0.0,0.2542833753607489
ni_tfnbs,"e=0.2,h=5.0,n=30,start_thres=1.25",hub,0.25,100,15,40,1730,31,0,9,1730,0.775,0.0,1.0,0.0,0.2542833753607489
ni_tfnbs,"e=0.2,h=6.0,n=30,start_thres=1.25",hub,0.25,100,15,40,1730,31,0,9,1730,0.775,0.0,1.0,0.0,0.2542833753607489
ni_tfnbs,"e=0.2,h=7.0,n=30,start_thres=1.25",hub,0.25,100,15,40,1730,31,0,9,1730,0.775,0.0,1.0,0.0,0.2542833753607489
ni_tfnbs,"e=0.2,h=8.0,n=30,start_thres=1.25",hub,0.25,100,15,40,1730,31,0,9,1730,0.775,0.0,1.0,0.0,0.2542833753607489
ni_tfnbs,"e=0.2,h=9.0,n=30,start_thres=1.25",hub,0.25,100,15,40,1730,31,0,9,1730,0.775,0.0,1.0,0.0,0.2542833753607489
ni_tfnbs,"e=0.2,h=10.0,n=30,start_thres=1.25",hub,0.25,100,15,40,1730,30,0,10,1730,0.75,0.0,1.0,0.0,0.2542833753607489
ni_tfnbs,"e=0.3,h=0.5,n=30,start_thres=1.25",hub,0.25,100,15,40,1730,33,0,7,1730,0.825,0.0,1.0,0.0,0.2542833753607489
ni_tfnbs,"e=0.3,h=1.0,n=30,start_thres=1.25",hub,0.25,100,15,40,1730,33,0,7,1730,0.825,0.0,1.0,0.0,0.2542833753607489
ni_tfnbs,"e=0.3,h=2.0,n=30,start_thres=1.25",hub,0.25,100,15,40,1730,33,0,7,1730,0.825,0.0,1.0,0.0,0.2542833753607489
ni_tfnbs,"e=0.3,h=3.0,n=30,start_thres=1.25",hub,0.25,100,15,40,1730,32,0,8,1730,0.8,0.0,1.0,0.0,0.2542833753607489
ni_tfnbs,"e=0.3,h=4.0,n=30,start_thres=1.25",hub,0.25,100,15,40,1730,32,0,8,1730,0.8,0.0,1.0,0.0,0.2542833753607489
ni_tfnbs,"e=0.3,h=5.0,n=30,start_thres=1.25",hub,0.25,100,15,40,1730,31,0,9,1730,0.775,0.0,1.0,0.0,0.2542833753607489
ni_tfnbs,"e=0.3,h=6.0,n=30,start_thres=1.25",hub,0.25,100,15,40,1730,31,0,9,1730,0.775,0.0,1.0,0.0,0.2542833753607489
ni_tfnbs,"e=0.3,h=7.0,n=30,start_thres=1.25",hub,0.25,100,15,40,1730,31,0,9,1730,0.775,0.0,1.0,0.0,0.2542833753607489
ni_tfnbs,"e=0.3,h=8.0,n=30,start_thres=1.25",hub,0.25,100,15,40,1730,31,0,9,1730,0.775,0.0,1.0,0.0,0.2542833753607489
ni_tfnbs,"e=0.3,h=9.0,n=30,start_thres=1.25",hub,0.25,100,15,40,1730,31,0,9,1730,0.775,0.0,1.0,0.0,0.2542833753607489
ni_tfnbs,"e=0.3,h=10.0,n=30,start_thres=1.25",hub,0.25,100,15,40,1730,31,0,9,1730,0.775,0.0,1.0,0.0,0.2542833753607489
ni_tfnbs,"e=0.4,h=0.5,n=30,start_thres=1.25",hub,0.25,100,15,40,1730,34,0,6,1730,0.85,0.0,1.0,0.0,0.2542833753607489
ni_tfnbs,"e=0.4,h=1.0,n=30,start_thres=1.25",hub,0.25,100,15,40,1730,34,0,6,1730,0.85,0.0,1.0,0.0,0.2542833753607489
ni_tfnbs,"e=0.4,h=2.0,n=30,start_thres=1.25",hub,0.25,100,15,40,1730,33,0,7,1730,0.825,0.0,1.0,0.0,0.2542833753607489
ni_tfnbs,"e=0.4,h=3.0,n=30,start_thres=1.25",hub,0.25,100,15,40,1730,33,0,7,1730,0.825,0.0,1.0,0.0,0.2542833753607489
ni_tfnbs,"e=0.4,h=4.0,n=30,start_thres=1.25",hub,0.25,100,15,40,1730,33,0,7,1730,0.825,0.0,1.0,0.0,0.2542833753607489
ni_tfnbs,"e=0.4,h=5.0,n=30,start_thres=1.25",hub,0.25,100,15,40,1730,32,0,8,1730,0.8,0.0,1.0,0.0,0.2542833753607489
ni_tfnbs,"e=0.4,h=6.0,n=30,start_thres=1.25",hub,0.25,100,15,40,1730,32,0,8,1730,0.8,0.0,1.0,0.0,0.2542833753607489
ni_tfnbs,"e=0.4,h=7.0,n=30,start_thres=1.25",hub,0.25,100,15,40,1730,31,0,9,1730,0.775,0.0,1.0,0.0,0.2542833753607489
ni_tfnbs,"e=0.4,h=8.0,n=30,start_thres=1.25",hub,0.25,100,15,40,1730,31,0,9,1730,0.775,0.0,1.0,0.0,0.2542833753607489
ni_tfnbs,"e=0.4,h=9.0,n=30,start_thres=1.25",hub,0.25,100,15,40,1730,31,0,9,1730,0.775,0.0,1.0,0.0,0.2542833753607489
ni_tfnbs,"e=0.4,h=10.0,n=30,start_thres=1.25",hub,0.25,100,15,40,1730,31,0,9,1730,0.775,0.0,1.0,0.0,0.2542833753607489
ni_tfnbs,"e=0.5,h=0.5,n=30,start_thres=1.25",hub,0.25,100,15,40,1730,35,0,5,1730,0.875,0.0,1.0,0.0,0.2542833753607489
ni_tfnbs,"e=0.5,h=1.0,n=30,start_thres=1.25",hub,0.25,100,15,40,1730,35,0,5,1730,0.875,0.0,1.0,0.0,0.2542833753607489
ni_tfnbs,"e=0.5,h=2.0,n=30,start_thres=1.25",hub,0.25,100,15,40,1730,34,0,6,1730,0.85,0.0,1.0,0.0,0.2542833753607489
ni_tfnbs,"e=0.5,h=3.0,n=30,start_thres=1.25",hub,0.25,100,15,40,1730,34,0,6,1730,0.85,0.0,1.0,0.0,0.2542833753607489
ni_tfnbs,"e=0.5,h=4.0,n=30,start_thres=1.25",hub,0.25,100,15,40,1730,33,0,7,1730,0.825,0.0,1.0,0.0,0.2542833753607489
ni_tfnbs,"e=0.5,h=5.0,n=30,start_thres=1.25",hub,0.25,100,15,40,1730,33,0,7,1730,0.825,0.0,1.0,0.0,0.2542833753607489
ni_tfnbs,"e=0.5,h=6.0,n=30,start_thres=1.25",hub,0.25,100,15,40,1730,33,0,7,1730,0.825,0.0,1.0,0.0,0.2542833753607489
ni_tfnbs,"e=0.5,h=7.0,n=30,start_thres=1.25",hub,0.25,100,15,40,1730,32,0,8,1730,0.8,0.0,1.0,0.0,0.2542833753607489
ni_tfnbs,"e=0.5,h=8.0,n=30,start_thres=1.25",hub,0.25,100,15,40,1730,32,0,8,1730,0.8,0.0,1.0,0.0,0.2542833753607489
ni_tfnbs,"e=0.5,h=9.0,n=30,start_thres=1.25",hub,0.25,100,15,40,1730,32,0,8,1730,0.8,0.0,1.0,0.0,0.2542833753607489
ni_tfnbs,"e=0.5,h=10.0,n=30,start_thres=1.25",hub,0.25,100,15,40,1730,31,0,9,1730,0.775,0.0,1.0,0.0,0.2542833753607489
ni_tfnbs,"e=0.6,h=0.5,n=30,start_thres=1.25",hub,0.25,100,15,40,1730,35,0,5,1730,0.875,0.0,1.0,0.0,0.2542833753607489
ni_tfnbs,"e=0.6,h=1.0,n=30,start_thres=1.25",hub,0.25,100,15,40,1730,35,0,5,1730,0.875,0.0,1.0,0.0,0.2542833753607489
ni_tfnbs,"e=0.6,h=2.0,n=30,start_thres=1.25",hub,0.25,100,15,40,1730,35,0,5,1730,0.875,0.0,1.0,0.0,0.2542833753607489
ni_tfnbs,"e=0.6,h=3.0,n=30,start_thres=1.25",hub,0.25,100,15,40,1730,35,0,5,1730,0.875,0.0,1.0,0.0,0.2542833753607489
ni_tfnbs,"e=0.6,h=4.0,n=30,start_thres=1.25",hub,0.25,100,15,40,1730,34,0,6,1730,0.85,0.0,1.0,0.0,0.2542833753607489
ni_tfnbs,"e=0.6,h=5.0,n=30,start_thres=1.25",hub,0.25,100,15,40,1730,33,0,7,1730,0.825,0.0,1.0,0.0,0.2542833753607489
ni_tfnbs,"e=0.6,h=6.0,n=30,start_thres=1.25",hub,0.25,100,15,40,1730,33,0,7,1730,0.825,0.0,1.0,0.0,0.2542833753607489
ni_tfnbs,"e=0.6,h=7.0,n=30,start_thres=1.25",hub,0.25,100,15,40,1730,33,0,7,1730,0.825,0.0,1.0,0.0,0.2542833753607489
ni_tfnbs,"e=0.6,h=8.0,n=30,start_thres=1.25",hub,0.25,100,15,40,1730,33,0,7,1730,0.825,0.0,1.0,0.0,0.2542833753607489
ni_tfnbs,"e=0.6,h=9.0,n=30,start_thres=1.25",hub,0.25,100,15,40,1730,32,0,8,1730,0.8,0.0,1.0,0.0,0.2542833753607489
ni_tfnbs,"e=0.6,h=10.0,n=30,start_thres=1.25",hub,0.25,100,15,40,1730,32,0,8,1730,0.8,0.0,1.0,0.0,0.2542833753607489
ni_tfnbs,"e=0.7,h=0.5,n=30,start_thres=1.25",hub,0.25,100,15,40,1730,35,0,5,1730,0.875,0.0,1.0,0.0,0.2542833753607489
ni_tfnbs,"e=0.7,h=1.0,n=30,start_thres=1.25",hub,0.25,100,15,40,1730,35,0,5,1730,0.875,0.0,1.0,0.0,0.2542833753607489
ni_tfnbs,"e=0.7,h=2.0,n=30,start_thres=1.25",hub,0.25,100,15,40,1730,35,0,5,1730,0.875,0.0,1.0,0.0,0.2542833753607489
ni_tfnbs,"e=0.7,h=3.0,n=30,start_thres=1.25",hub,0.25,100,15,40,1730,35,0,5,1730,0.875,0.0,1.0,0.0,0.2542833753607489
ni_tfnbs,"e=0.7,h=4.0,n=30,start_thres=1.25",hub,0.25,100,15,40,1730,35,0,5,1730,0.875,0.0,1.0,0.0,0.2542833753607489
ni_tfnbs,"e=0.7,h=5.0,n=30,start_thres=1.25",hub,0.25,100,15,40,1730,34,0,6,1730,0.85,0.0,1.0,0.0,0.2542833753607489
ni_tfnbs,"e=0.7,h=6.0,n=30,start_thres=1.25",hub,0.25,100,15,40,1730,34,0,6,1730,0.85,0.0,1.0,0.0,0.2542833753607489
ni_tfnbs,"e=0.7,h=7.0,n=30,start_thres=1.25",hub,0.25,100,15,40,1730,33,0,7,1730,0.825,0.0,1.0,0.0,0.2542833753607489
ni_tfnbs,"e=0.7,h=8.0,n=30,start_thres=1.25",hub,0.25,100,15,40,1730,33,0,7,1730,0.825,0.0,1.0,0.0,0.2542833753607489
ni_tfnbs,"e=0.7,h=9.0,n=30,start_thres=1.25",hub,0.25,100,15,40,1730,33,0,7,1730,0.825,0.0,1.0,0.0,0.2542833753607489
ni_tfnbs,"e=0.7,h=10.0,n=30,start_thres=1.25",hub,0.25,100,15,40,1730,32,0,8,1730,0.8,0.0,1.0,0.0,0.2542833753607489
ni_tfnbs,"e=0.8,h=0.5,n=30,start_thres=1.25",hub,0.25,100,15,40,1730,35,0,5,1730,0.875,0.0,1.0,0.0,0.2542833753607489
ni_tfnbs,"e=0.8,h=1.0,n=30,start_thres=1.25",hub,0.25,100,15,40,1730,35,0,5,1730,0.875,0.0,1.0,0.0,0.2542833753607489
ni_tfnbs,"e=0.8,h=2.0,n=30,start_thres=1.25",hub,0.25,100,15,40,1730,36,0,4,1730,0.9,0.0,1.0,0.0,0.2542833753607489
ni_tfnbs,"e=0.8,h=3.0,n=30,start_thres=1.25",hub,0.25,100,15,40,1730,35,0,5,1730,0.875,0.0,1.0,0.0,0.2542833753607489
ni_tfnbs,"e=0.8,h=4.0,n=30,start_thres=1.25",hub,0.25,100,15,40,1730,35,0,5,1730,0.875,0.0,1.0,0.0,0.2542833753607489
ni_tfnbs,"e=0.8,h=5.0,n=30,start_thres=1.25",hub,0.25,100,15,40,1730,35,0,5,1730,0.875,0.0,1.0,0.0,0.2542833753607489
ni_tfnbs,"e=0.8,h=6.0,n=30,start_thres=1.25",hub,0.25,100,15,40,1730,35,0,5,1730,0.875,0.0,1.0,0.0,0.2542833753607489
ni_tfnbs,"e=0.8,h=7.0,n=30,start_thres=1.25",hub,0.25,100,15,40,1730,34,0,6,1730,0.85,0.0,1.0,0.0,0.2542833753607489
ni_tfnbs,"e=0.8,h=8.0,n=30,start_thres=1.25",hub,0.25,100,15,40,1730,33,0,7,1730,0.825,0.0,1.0,0.0,0.2542833753607489
ni_tfnbs,"e=0.8,h=9.0,n=30,start_thres=1.25",hub,0.25,100,15,40,1730,33,0,7,1730,0.825,0.0,1.0,0.0,0.2542833753607489
ni_tfnbs,"e=0.8,h=10.0,n=30,start_thres=1.25",hub,0.25,100,15,40,1730,33,0,7,1730,0.825,0.0,1.0,0.0,0.2542833753607489
ni_tfnbs,"e=0.9,h=0.5,n=30,start_thres=1.25",hub,0.25,100,15,40,1730,35,0,5,1730,0.875,0.0,1.0,0.0,0.2542833753607489
ni_tfnbs,"e=0.9,h=1.0,n=30,start_thres=1.25",hub,0.25,100,15,40,1730,35,0,5,1730,0.875,0.0,1.0,0.0,0.2542833753607489
ni_tfnbs,"e=0.9,h=2.0,n=30,start_thres=1.25",hub,0.25,100,15,40,1730,36,0,4,1730,0.9,0.0,1.0,0.0,0.2542833753607489
ni_tfnbs,"e=0.9,h=3.0,n=30,start_thres=1.25",hub,0.25,100,15,40,1730,36,0,4,1730,0.9,0.0,1.0,0.0,0.2542833753607489
ni_tfnbs,"e=0.9,h=4.0,n=30,start_thres=1.25",hub,0.25,100,15,40,1730,36,0,4,1730,0.9,0.0,1.0,0.0,0.2542833753607489
ni_tfnbs,"e=0.9,h=5.0,n=30,start_thres=1.25",hub,0.25,100,15,40,1730,35,0,5,1730,0.875,0.0,1.0,0.0,0.2542833753607489
ni_tfnbs,"e=0.9,h=6.0,n=30,start_thres=1.25",hub,0.25,100,15,40,1730,35,0,5,1730,0.875,0.0,1.0,0.0,0.2542833753607489
ni_tfnbs,"e=0.9,h=7.0,n=30,start_thres=1.25",hub,0.25,100,15,40,1730,35,0,5,1730,0.875,0.0,1.0,0.0,0.2542833753607489
ni_tfnbs,"e=0.9,h=8.0,n=30,start_thres=1.25",hub,0.25,100,15,40,1730,34,0,6,1730,0.85,0.0,1.0,0.0,0.2542833753607489
ni_tfnbs,"e=0.9,h=9.0,n=30,start_thres=1.25",hub,0.25,100,15,40,1730,33,0,7,1730,0.825,0.0,1.0,0.0,0.2542833753607489
ni_tfnbs,"e=0.9,h=10.0,n=30,start_thres=1.25",hub,0.25,100,15,40,1730,33,0,7,1730,0.825,0.0,1.0,0.0,0.2542833753607489
ni_tfnbs,"e=1.0,h=0.5,n=30,start_thres=1.25",hub,0.25,100,15,40,1730,35,0,5,1730,0.875,0.0,1.0,0.0,0.2542833753607489
ni_tfnbs,"e=1.0,h=1.0,n=30,start_thres=1.25",hub,0.25,100,15,40,1730,35,0,5,1730,0.875,0.0,1.0,0.0,0.2542833753607489
ni_tfnbs,"e=1.0,h=2.0,n=30,start_thres=1.25",hub,0.25,100,15,40,1730,36,0,4,1730,0.9,0.0,1.0,0.0,0.2542833753607489
ni_tfnbs,"e=1.0,h=3.0,n=30,start_thres=1.25",hub,0.25,100,15,40,1730,36,0,4,1730,0.9,0.0,1.0,0.0,0.2542833753607489
ni_tfnbs,"e=1.0,h=4.0,n=30,start_thres=1.25",hub,0.25,100,15,40,1730,36,0,4,1730,0.9,0.0,1.0,0.0,0.2542833753607489
ni_tfnbs,"e=1.0,h=5.0,n=30,start_thres=1.25",hub,0.25,100,15,40,1730,36,0,4,1730,0.9,0.0,1.0,0.0,0.2542833753607489
ni_tfnbs,"e=1.0,h=6.0,n=30,start_thres=1.25",hub,0.25,100,15,40,1730,35,0,5,1730,0.875,0.0,1.0,0.0,0.2542833753607489
ni_tfnbs,"e=1.0,h=7.0,n=30,start_thres=1.25",hub,0.25,100,15,40,1730,35,0,5,1730,0.875,0.0,1.0,0.0,0.2542833753607489
ni_tfnbs,"e=1.0,h=8.0,n=30,start_thres=1.25",hub,0.25,100,15,40,1730,35,0,5,1730,0.875,0.0,1.0,0.0,0.2542833753607489
ni_tfnbs,"e=1.0,h=9.0,n=30,start_thres=1.25",hub,0.25,100,15,40,1730,34,0,6,1730,0.85,0.0,1.0,0.0,0.2542833753607489
ni_tfnbs,"e=1.0,h=10.0,n=30,start_thres=1.25",hub,0.25,100,15,40,1730,34,0,6,1730,0.85,0.0,1.0,0.0,0.2542833753607489
ni_tfnbs,"e=1.1,h=0.5,n=30,start_thres=1.25",hub,0.25,100,15,40,1730,35,0,5,1730,0.875,0.0,1.0,0.0,0.2542833753607489
ni_tfnbs,"e=1.1,h=1.0,n=30,start_thres=1.25",hub,0.25,100,15,40,1730,35,0,5,1730,0.875,0.0,1.0,0.0,0.2542833753607489
ni_tfnbs,"e=1.1,h=2.0,n=30,start_thres=1.25",hub,0.25,100,15,40,1730,36,0,4,1730,0.9,0.0,1.0,0.0,0.2542833753607489
ni_tfnbs,"e=1.1,h=3.0,n=30,start_thres=1.25",hub,0.25,100,15,40,1730,36,0,4,1730,0.9,0.0,1.0,0.0,0.2542833753607489
ni_tfnbs,"e=1.1,h=4.0,n=30,start_thres=1.25",hub,0.25,100,15,40,1730,36,0,4,1730,0.9,0.0,1.0,0.0,0.2542833753607489
ni_tfnbs,"e=1.1,h=5.0,n=30,start_thres=1.25",hub,0.25,100,15,40,1730,36,0,4,1730,0.9,0.0,1.0,0.0,0.2542833753607489
ni_tfnbs,"e=1.1,h=6.0,n=30,start_thres=1.25",hub,0.25,100,15,40,1730,36,0,4,1730,0.9,0.0,1.0,0.0,0.2542833753607489
ni_tfnbs,"e=1.1,h=7.0,n=30,start_thres=1.25",hub,0.25,100,15,40,1730,35,0,5,1730,0.875,0.0,1.0,0.0,0.2542833753607489
ni_tfnbs,"e=1.1,h=8.0,n=30,start_thres=1.25",hub,0.25,100,15,40,1730,35,0,5,1730,0.875,0.0,1.0,0.0,0.2542833753607489
ni_tfnbs,"e=1.1,h=9.0,n=30,start_thres=1.25",hub,0.25,100,15,40,1730,35,0,5,1730,0.875,0.0,1.0,0.0,0.2542833753607489
ni_tfnbs,"e=1.1,h=10.0,n=30,start_thres=1.25",hub,0.25,100,15,40,1730,34,0,6,1730,0.85,0.0,1.0,0.0,0.2542833753607489
ni_tfnbs,"e=1.2,h=0.5,n=30,start_thres=1.25",hub,0.25,100,15,40,1730,34,0,6,1730,0.85,0.0,1.0,0.0,0.2542833753607489
ni_tfnbs,"e=1.2,h=1.0,n=30,start_thres=1.25",hub,0.25,100,15,40,1730,35,0,5,1730,0.875,0.0,1.0,0.0,0.2542833753607489
ni_tfnbs,"e=1.2,h=2.0,n=30,start_thres=1.25",hub,0.25,100,15,40,1730,36,0,4,1730,0.9,0.0,1.0,0.0,0.2542833753607489
ni_tfnbs,"e=1.2,h=3.0,n=30,start_thres=1.25",hub,0.25,100,15,40,1730,36,0,4,1730,0.9,0.0,1.0,0.0,0.2542833753607489
ni_tfnbs,"e=1.2,h=4.0,n=30,start_thres=1.25",hub,0.25,100,15,40,1730,36,0,4,1730,0.9,0.0,1.0,0.0,0.2542833753607489
ni_tfnbs,"e=1.2,h=5.0,n=30,start_thres=1.25",hub,0.25,100,15,40,1730,36,0,4,1730,0.9,0.0,1.0,0.0,0.2542833753607489
ni_tfnbs,"e=1.2,h=6.0,n=30,start_thres=1.25",hub,0.25,100,15,40,1730,36,0,4,1730,0.9,0.0,1.0,0.0,0.2542833753607489
ni_tfnbs,"e=1.2,h=7.0,n=30,start_thres=1.25",hub,0.25,100,15,40,1730,36,0,4,1730,0.9,0.0,1.0,0.0,0.2542833753607489
ni_tfnbs,"e=1.2,h=8.0,n=30,start_thres=1.25",hub,0.25,100,15,40,1730,35,0,5,1730,0.875,0.0,1.0,0.0,0.2542833753607489
ni_tfnbs,"e=1.2,h=9.0,n=30,start_thres=1.25",hub,0.25,100,15,40,1730,35,0,5,1730,0.875,0.0,1.0,0.0,0.2542833753607489
ni_tfnbs,"e=1.2,h=10.0,n=30,start_thres=1.25",hub,0.25,100,15,40,1730,35,0,5,1730,0.875,0.0,1.0,0.0,0.2542833753607489
ni_tfnbs,"e=1.3,h=0.5,n=30,start_thres=1.25",hub,0.25,100,15,40,1730,34,0,6,1730,0.85,0.0,1.0,0.0,0.2542833753607489
ni_tfnbs,"e=1.3,h=1.0,n=30,start_thres=1.25",hub,0.25,100,15,40,1730,35,0,5,1730,0.875,0.0,1.0,0.0,0.2542833753607489
ni_tfnbs,"e=1.3,h=2.0,n=30,start_thres=1.25",hub,0.25,100,15,40,1730,36,0,4,1730,0.9,0.0,1.0,0.0,0.2542833753607489
ni_tfnbs,"e=1.3,h=3.0,n=30,start_thres=1.25",hub,0.25,100,15,40,1730,36,0,4,1730,0.9,0.0,1.0,0.0,0.2542833753607489
ni_tfnbs,"e=1.3,h=4.0,n=30,start_thres=1.25",hub,0.25,100,15,40,1730,36,0,4,1730,0.9,0.0,1.0,0.0,0.2542833753607489
ni_tfnbs,"e=1.3,h=5.0,n=30,start_thres=1.25",hub,0.25,100,15,40,1730,36,0,4,1730,0.9,0.0,1.0,0.0,0.2542833753607489
ni_tfnbs,"e=1.3,h=6.0,n=30,start_thres=1.25",hub,0.25,100,15,40,1730,36,0,4,1730,0.9,0.0,1.0,0.0,0.2542833753607489
ni_tfnbs,"e=1.3,h=7.0,n=30,start_thres=1.25",hub,0.25,100,15,40,1730,36,0,4,1730,0.9,0.0,1.0,0.0,0.2542833753607489
ni_tfnbs,"e=1.3,h=8.0,n=30,start_thres=1.25",hub,0.25,100,15,40,1730,36,0,4,1730,0.9,0.0,1.0,0.0,0.2542833753607489
ni_tfnbs,"e=1.3,h=9.0,n=30,start_thres=1.25",hub,0.25,100,15,40,1730,35,0,5,1730,0.875,0.0,1.0,0.0,0.2542833753607489
ni_tfnbs,"e=1.3,h=10.0,n=30,start_thres=1.25",hub,0.25,100,15,40,1730,35,0,5,1730,0.875,0.0,1.0,0.0,0.2542833753607489
ni_tfnbs,"e=1.4,h=0.5,n=30,start_thres=1.25",hub,0.25,100,15,40,1730,34,0,6,1730,0.85,0.0,1.0,0.0,0.2542833753607489
ni_tfnbs,"e=1.4,h=1.0,n=30,start_thres=1.25",hub,0.25,100,15,40,1730,34,0,6,1730,0.85,0.0,1.0,0.0,0.2542833753607489
ni_tfnbs,"e=1.4,h=2.0,n=30,start_thres=1.25",hub,0.25,100,15,40,1730,36,0,4,1730,0.9,0.0,1.0,0.0,0.2542833753607489
ni_tfnbs,"e=1.4,h=3.0,n=30,start_thres=1.25",hub,0.25,100,15,40,1730,36,0,4,1730,0.9,0.0,1.0,0.0,0.2542833753607489
ni_tfnbs,"e=1.4,h=4.0,n=30,start_thres=1.25",hub,0.25,100,15,40,1730,37,1,3,1729,0.925,0.0005780346820809,0.9736842105263158,0.0263157894736842,0.2542833753607489
ni_tfnbs,"e=1.4,h=5.0,n=30,start_thres=1.25",hub,0.25,100,15,40,1730,37,0,3,1730,0.925,0.0,1.0,0.0,0.2542833753607489
ni_tfnbs,"e=1.4,h=6.0,n=30,start_thres=1.25",hub,0.25,100,15,40,1730,36,0,4,1730,0.9,0.0,1.0,0.0,0.2542833753607489
ni_tfnbs,"e=1.4,h=7.0,n=30,start_thres=1.25",hub,0.25,100,15,40,1730,36,0,4,1730,0.9,0.0,1.0,0.0,0.2542833753607489
ni_tfnbs,"e=1.4,h=8.0,n=30,start_thres=1.25",hub,0.25,100,15,40,1730,36,0,4,1730,0.9,0.0,1.0,0.0,0.2542833753607489
ni_tfnbs,"e=1.4,h=9.0,n=30,start_thres=1.25",hub,0.25,100,15,40,1730,36,0,4,1730,0.9,0.0,1.0,0.0,0.2542833753607489
ni_tfnbs,"e=1.4,h=10.0,n=30,start_thres=1.25",hub,0.25,100,15,40,1730,35,0,5,1730,0.875,0.0,1.0,0.0,0.2542833753607489
ni_tfnbs,"e=1.5,h=0.5,n=30,start_thres=1.25",hub,0.25,100,15,40,1730,33,0,7,1730,0.825,0.0,1.0,0.0,0.2542833753607489
ni_tfnbs,"e=1.5,h=1.0,n=30,start_thres=1.25",hub,0.25,100,15,40,1730,34,0,6,1730,0.85,0.0,1.0,0.0,0.2542833753607489
ni_tfnbs,"e=1.5,h=2.0,n=30,start_thres=1.25",hub,0.25,100,15,40,1730,35,0,5,1730,0.875,0.0,1.0,0.0,0.2542833753607489
ni_tfnbs,"e=1.5,h=3.0,n=30,start_thres=1.25",hub,0.25,100,15,40,1730,37,1,3,1729,0.925,0.0005780346820809,0.9736842105263158,0.0263157894736842,0.2542833753607489
ni_tfnbs,"e=1.5,h=4.0,n=30,start_thres=1.25",hub,0.25,100,15,40,1730,37,1,3,1729,0.925,0.0005780346820809,0.9736842105263158,0.0263157894736842,0.2542833753607489
ni_tfnbs,"e=1.5,h=5.0,n=30,start_thres=1.25",hub,0.25,100,15,40,1730,37,1,3,1729,0.925,0.0005780346820809,0.9736842105263158,0.0263157894736842,0.2542833753607489
ni_tfnbs,"e=1.5,h=6.0,n=30,start_thres=1.25",hub,0.25,100,15,40,1730,37,0,3,1730,0.925,0.0,1.0,0.0,0.2542833753607489
ni_tfnbs,"e=1.5,h=7.0,n=30,start_thres=1.25",hub,0.25,100,15,40,1730,36,0,4,1730,0.9,0.0,1.0,0.0,0.2542833753607489
ni_tfnbs,"e=1.5,h=8.0,n=30,start_thres=1.25",hub,0.25,100,15,40,1730,36,0,4,1730,0.9,0.0,1.0,0.0,0.2542833753607489
ni_tfnbs,"e=1.5,h=9.0,n=30,start_thres=1.25",hub,0.25,100,15,40,1730,36,0,4,1730,0.9,0.0,1.0,0.0,0.2542833753607489
ni_tfnbs,"e=1.5,h=10.0,n=30,start_thres=1.25",hub,0.25,100,15,40,1730,36,0,4,1730,0.9,0.0,1.0,0.0,0.2542833753607489
ni_tfnbs,"e=0.05,h=0.5,n=30,start_thres=1.25",hub,0.25,100,16,40,1730,35,0,5,1730,0.875,0.0,1.0,0.0,0.2552928612990813
ni_tfnbs,"e=0.05,h=1.0,n=30,start_thres=1.25",hub,0.25,100,16,40,1730,35,0,5,1730,0.875,0.0,1.0,0.0,0.2552928612990813
ni_tfnbs,"e=0.05,h=2.0,n=30,start_thres=1.25",hub,0.25,100,16,40,1730,35,0,5,1730,0.875,0.0,1.0,0.0,0.2552928612990813
ni_tfnbs,"e=0.05,h=3.0,n=30,start_thres=1.25",hub,0.25,100,16,40,1730,35,0,5,1730,0.875,0.0,1.0,0.0,0.2552928612990813
ni_tfnbs,"e=0.05,h=4.0,n=30,start_thres=1.25",hub,0.25,100,16,40,1730,35,0,5,1730,0.875,0.0,1.0,0.0,0.2552928612990813
ni_tfnbs,"e=0.05,h=5.0,n=30,start_thres=1.25",hub,0.25,100,16,40,1730,35,0,5,1730,0.875,0.0,1.0,0.0,0.2552928612990813
ni_tfnbs,"e=0.05,h=6.0,n=30,start_thres=1.25",hub,0.25,100,16,40,1730,35,0,5,1730,0.875,0.0,1.0,0.0,0.2552928612990813
ni_tfnbs,"e=0.05,h=7.0,n=30,start_thres=1.25",hub,0.25,100,16,40,1730,35,0,5,1730,0.875,0.0,1.0,0.0,0.2552928612990813
ni_tfnbs,"e=0.05,h=8.0,n=30,start_thres=1.25",hub,0.25,100,16,40,1730,35,0,5,1730,0.875,0.0,1.0,0.0,0.2552928612990813
ni_tfnbs,"e=0.05,h=9.0,n=30,start_thres=1.25",hub,0.25,100,16,40,1730,35,0,5,1730,0.875,0.0,1.0,0.0,0.2552928612990813
ni_tfnbs,"e=0.05,h=10.0,n=30,start_thres=1.25",hub,0.25,100,16,40,1730,35,0,5,1730,0.875,0.0,1.0,0.0,0.2552928612990813
ni_tfnbs,"e=0.1,h=0.5,n=30,start_thres=1.25",hub,0.25,100,16,40,1730,35,0,5,1730,0.875,0.0,1.0,0.0,0.2552928612990813
ni_tfnbs,"e=0.1,h=1.0,n=30,start_thres=1.25",hub,0.25,100,16,40,1730,35,0,5,1730,0.875,0.0,1.0,0.0,0.2552928612990813
ni_tfnbs,"e=0.1,h=2.0,n=30,start_thres=1.25",hub,0.25,100,16,40,1730,35,0,5,1730,0.875,0.0,1.0,0.0,0.2552928612990813
ni_tfnbs,"e=0.1,h=3.0,n=30,start_thres=1.25",hub,0.25,100,16,40,1730,35,0,5,1730,0.875,0.0,1.0,0.0,0.2552928612990813
ni_tfnbs,"e=0.1,h=4.0,n=30,start_thres=1.25",hub,0.25,100,16,40,1730,35,0,5,1730,0.875,0.0,1.0,0.0,0.2552928612990813
ni_tfnbs,"e=0.1,h=5.0,n=30,start_thres=1.25",hub,0.25,100,16,40,1730,35,0,5,1730,0.875,0.0,1.0,0.0,0.2552928612990813
ni_tfnbs,"e=0.1,h=6.0,n=30,start_thres=1.25",hub,0.25,100,16,40,1730,35,0,5,1730,0.875,0.0,1.0,0.0,0.2552928612990813
ni_tfnbs,"e=0.1,h=7.0,n=30,start_thres=1.25",hub,0.25,100,16,40,1730,35,0,5,1730,0.875,0.0,1.0,0.0,0.2552928612990813
ni_tfnbs,"e=0.1,h=8.0,n=30,start_thres=1.25",hub,0.25,100,16,40,1730,35,0,5,1730,0.875,0.0,1.0,0.0,0.2552928612990813
ni_tfnbs,"e=0.1,h=9.0,n=30,start_thres=1.25",hub,0.25,100,16,40,1730,35,0,5,1730,0.875,0.0,1.0,0.0,0.2552928612990813
ni_tfnbs,"e=0.1,h=10.0,n=30,start_thres=1.25",hub,0.25,100,16,40,1730,35,0,5,1730,0.875,0.0,1.0,0.0,0.2552928612990813
ni_tfnbs,"e=0.2,h=0.5,n=30,start_thres=1.25",hub,0.25,100,16,40,1730,35,0,5,1730,0.875,0.0,1.0,0.0,0.2552928612990813
ni_tfnbs,"e=0.2,h=1.0,n=30,start_thres=1.25",hub,0.25,100,16,40,1730,35,0,5,1730,0.875,0.0,1.0,0.0,0.2552928612990813
ni_tfnbs,"e=0.2,h=2.0,n=30,start_thres=1.25",hub,0.25,100,16,40,1730,35,0,5,1730,0.875,0.0,1.0,0.0,0.2552928612990813
ni_tfnbs,"e=0.2,h=3.0,n=30,start_thres=1.25",hub,0.25,100,16,40,1730,35,0,5,1730,0.875,0.0,1.0,0.0,0.2552928612990813
ni_tfnbs,"e=0.2,h=4.0,n=30,start_thres=1.25",hub,0.25,100,16,40,1730,35,0,5,1730,0.875,0.0,1.0,0.0,0.2552928612990813
ni_tfnbs,"e=0.2,h=5.0,n=30,start_thres=1.25",hub,0.25,100,16,40,1730,35,0,5,1730,0.875,0.0,1.0,0.0,0.2552928612990813
ni_tfnbs,"e=0.2,h=6.0,n=30,start_thres=1.25",hub,0.25,100,16,40,1730,35,0,5,1730,0.875,0.0,1.0,0.0,0.2552928612990813
ni_tfnbs,"e=0.2,h=7.0,n=30,start_thres=1.25",hub,0.25,100,16,40,1730,35,0,5,1730,0.875,0.0,1.0,0.0,0.2552928612990813
ni_tfnbs,"e=0.2,h=8.0,n=30,start_thres=1.25",hub,0.25,100,16,40,1730,35,0,5,1730,0.875,0.0,1.0,0.0,0.2552928612990813
ni_tfnbs,"e=0.2,h=9.0,n=30,start_thres=1.25",hub,0.25,100,16,40,1730,35,0,5,1730,0.875,0.0,1.0,0.0,0.2552928612990813
ni_tfnbs,"e=0.2,h=10.0,n=30,start_thres=1.25",hub,0.25,100,16,40,1730,35,0,5,1730,0.875,0.0,1.0,0.0,0.2552928612990813
ni_tfnbs,"e=0.3,h=0.5,n=30,start_thres=1.25",hub,0.25,100,16,40,1730,38,0,2,1730,0.95,0.0,1.0,0.0,0.2552928612990813
ni_tfnbs,"e=0.3,h=1.0,n=30,start_thres=1.25",hub,0.25,100,16,40,1730,38,0,2,1730,0.95,0.0,1.0,0.0,0.2552928612990813
ni_tfnbs,"e=0.3,h=2.0,n=30,start_thres=1.25",hub,0.25,100,16,40,1730,36,0,4,1730,0.9,0.0,1.0,0.0,0.2552928612990813
ni_tfnbs,"e=0.3,h=3.0,n=30,start_thres=1.25",hub,0.25,100,16,40,1730,35,0,5,1730,0.875,0.0,1.0,0.0,0.2552928612990813
ni_tfnbs,"e=0.3,h=4.0,n=30,start_thres=1.25",hub,0.25,100,16,40,1730,35,0,5,1730,0.875,0.0,1.0,0.0,0.2552928612990813
ni_tfnbs,"e=0.3,h=5.0,n=30,start_thres=1.25",hub,0.25,100,16,40,1730,35,0,5,1730,0.875,0.0,1.0,0.0,0.2552928612990813
ni_tfnbs,"e=0.3,h=6.0,n=30,start_thres=1.25",hub,0.25,100,16,40,1730,35,0,5,1730,0.875,0.0,1.0,0.0,0.2552928612990813
ni_tfnbs,"e=0.3,h=7.0,n=30,start_thres=1.25",hub,0.25,100,16,40,1730,35,0,5,1730,0.875,0.0,1.0,0.0,0.2552928612990813
ni_tfnbs,"e=0.3,h=8.0,n=30,start_thres=1.25",hub,0.25,100,16,40,1730,35,0,5,1730,0.875,0.0,1.0,0.0,0.2552928612990813
ni_tfnbs,"e=0.3,h=9.0,n=30,start_thres=1.25",hub,0.25,100,16,40,1730,35,0,5,1730,0.875,0.0,1.0,0.0,0.2552928612990813
ni_tfnbs,"e=0.3,h=10.0,n=30,start_thres=1.25",hub,0.25,100,16,40,1730,35,0,5,1730,0.875,0.0,1.0,0.0,0.2552928612990813
ni_tfnbs,"e=0.4,h=0.5,n=30,start_thres=1.25",hub,0.25,100,16,40,1730,38,0,2,1730,0.95,0.0,1.0,0.0,0.2552928612990813
ni_tfnbs,"e=0.4,h=1.0,n=30,start_thres=1.25",hub,0.25,100,16,40,1730,38,0,2,1730,0.95,0.0,1.0,0.0,0.2552928612990813
ni_tfnbs,"e=0.4,h=2.0,n=30,start_thres=1.25",hub,0.25,100,16,40,1730,38,0,2,1730,0.95,0.0,1.0,0.0,0.2552928612990813
ni_tfnbs,"e=0.4,h=3.0,n=30,start_thres=1.25",hub,0.25,100,16,40,1730,38,0,2,1730,0.95,0.0,1.0,0.0,0.2552928612990813
ni_tfnbs,"e=0.4,h=4.0,n=30,start_thres=1.25",hub,0.25,100,16,40,1730,36,0,4,1730,0.9,0.0,1.0,0.0,0.2552928612990813
ni_tfnbs,"e=0.4,h=5.0,n=30,start_thres=1.25",hub,0.25,100,16,40,1730,36,0,4,1730,0.9,0.0,1.0,0.0,0.2552928612990813
ni_tfnbs,"e=0.4,h=6.0,n=30,start_thres=1.25",hub,0.25,100,16,40,1730,35,0,5,1730,0.875,0.0,1.0,0.0,0.2552928612990813
ni_tfnbs,"e=0.4,h=7.0,n=30,start_thres=1.25",hub,0.25,100,16,40,1730,35,0,5,1730,0.875,0.0,1.0,0.0,0.2552928612990813
ni_tfnbs,"e=0.4,h=8.0,n=30,start_thres=1.25",hub,0.25,100,16,40,1730,35,0,5,1730,0.875,0.0,1.0,0.0,0.2552928612990813
ni_tfnbs,"e=0.4,h=9.0,n=30,start_thres=1.25",hub,0.25,100,16,40,1730,35,0,5,1730,0.875,0.0,1.0,0.0,0.2552928612990813
ni_tfnbs,"e=0.4,h=10.0,n=30,start_thres=1.25",hub,0.25,100,16,40,1730,35,0,5,1730,0.875,0.0,1.0,0.0,0.2552928612990813
ni_tfnbs,"e=0.5,h=0.5,n=30,start_thres=1.25",hub,0.25,100,16,40,1730,39,2,1,1728,0.975,0.0011560693641618,0.951219512195122,0.048780487804878,0.2552928612990813
ni_tfnbs,"e=0.5,h=1.0,n=30,start_thres=1.25",hub,0.25,100,16,40,1730,39,2,1,1728,0.975,0.0011560693641618,0.951219512195122,0.048780487804878,0.2552928612990813
ni_tfnbs,"e=0.5,h=2.0,n=30,start_thres=1.25",hub,0.25,100,16,40,1730,38,0,2,1730,0.95,0.0,1.0,0.0,0.2552928612990813
ni_tfnbs,"e=0.5,h=3.0,n=30,start_thres=1.25",hub,0.25,100,16,40,1730,38,0,2,1730,0.95,0.0,1.0,0.0,0.2552928612990813
ni_tfnbs,"e=0.5,h=4.0,n=30,start_thres=1.25",hub,0.25,100,16,40,1730,38,0,2,1730,0.95,0.0,1.0,0.0,0.2552928612990813
ni_tfnbs,"e=0.5,h=5.0,n=30,start_thres=1.25",hub,0.25,100,16,40,1730,38,0,2,1730,0.95,0.0,1.0,0.0,0.2552928612990813
ni_tfnbs,"e=0.5,h=6.0,n=30,start_thres=1.25",hub,0.25,100,16,40,1730,36,0,4,1730,0.9,0.0,1.0,0.0,0.2552928612990813
ni_tfnbs,"e=0.5,h=7.0,n=30,start_thres=1.25",hub,0.25,100,16,40,1730,35,0,5,1730,0.875,0.0,1.0,0.0,0.2552928612990813
ni_tfnbs,"e=0.5,h=8.0,n=30,start_thres=1.25",hub,0.25,100,16,40,1730,35,0,5,1730,0.875,0.0,1.0,0.0,0.2552928612990813
ni_tfnbs,"e=0.5,h=9.0,n=30,start_thres=1.25",hub,0.25,100,16,40,1730,35,0,5,1730,0.875,0.0,1.0,0.0,0.2552928612990813
ni_tfnbs,"e=0.5,h=10.0,n=30,start_thres=1.25",hub,0.25,100,16,40,1730,35,0,5,1730,0.875,0.0,1.0,0.0,0.2552928612990813
ni_tfnbs,"e=0.6,h=0.5,n=30,start_thres=1.25",hub,0.25,100,16,40,1730,39,2,1,1728,0.975,0.0011560693641618,0.951219512195122,0.048780487804878,0.2552928612990813
ni_tfnbs,"e=0.6,h=1.0,n=30,start_thres=1.25",hub,0.25,100,16,40,1730,39,2,1,1728,0.975,0.0011560693641618,0.951219512195122,0.048780487804878,0.2552928612990813
ni_tfnbs,"e=0.6,h=2.0,n=30,start_thres=1.25",hub,0.25,100,16,40,1730,39,2,1,1728,0.975,0.0011560693641618,0.951219512195122,0.048780487804878,0.2552928612990813
ni_tfnbs,"e=0.6,h=3.0,n=30,start_thres=1.25",hub,0.25,100,16,40,1730,39,2,1,1728,0.975,0.0011560693641618,0.951219512195122,0.048780487804878,0.2552928612990813
ni_tfnbs,"e=0.6,h=4.0,n=30,start_thres=1.25",hub,0.25,100,16,40,1730,38,0,2,1730,0.95,0.0,1.0,0.0,0.2552928612990813
ni_tfnbs,"e=0.6,h=5.0,n=30,start_thres=1.25",hub,0.25,100,16,40,1730,38,0,2,1730,0.95,0.0,1.0,0.0,0.2552928612990813
ni_tfnbs,"e=0.6,h=6.0,n=30,start_thres=1.25",hub,0.25,100,16,40,1730,38,0,2,1730,0.95,0.0,1.0,0.0,0.2552928612990813
ni_tfnbs,"e=0.6,h=7.0,n=30,start_thres=1.25",hub,0.25,100,16,40,1730,38,0,2,1730,0.95,0.0,1.0,0.0,0.2552928612990813
ni_tfnbs,"e=0.6,h=8.0,n=30,start_thres=1.25",hub,0.25,100,16,40,1730,36,0,4,1730,0.9,0.0,1.0,0.0,0.2552928612990813
ni_tfnbs,"e=0.6,h=9.0,n=30,start_thres=1.25",hub,0.25,100,16,40,1730,35,0,5,1730,0.875,0.0,1.0,0.0,0.2552928612990813
ni_tfnbs,"e=0.6,h=10.0,n=30,start_thres=1.25",hub,0.25,100,16,40,1730,35,0,5,1730,0.875,0.0,1.0,0.0,0.2552928612990813
ni_tfnbs,"e=0.7,h=0.5,n=30,start_thres=1.25",hub,0.25,100,16,40,1730,39,2,1,1728,0.975,0.0011560693641618,0.951219512195122,0.048780487804878,0.2552928612990813
ni_tfnbs,"e=0.7,h=1.0,n=30,start_thres=1.25",hub,0.25,100,16,40,1730,39,2,1,1728,0.975,0.0011560693641618,0.951219512195122,0.048780487804878,0.2552928612990813
ni_tfnbs,"e=0.7,h=2.0,n=30,start_thres=1.25",hub,0.25,100,16,40,1730,39,2,1,1728,0.975,0.0011560693641618,0.951219512195122,0.048780487804878,0.2552928612990813
ni_tfnbs,"e=0.7,h=3.0,n=30,start_thres=1.25",hub,0.25,100,16,40,1730,39,2,1,1728,0.975,0.0011560693641618,0.951219512195122,0.048780487804878,0.2552928612990813
ni_tfnbs,"e=0.7,h=4.0,n=30,start_thres=1.25",hub,0.25,100,16,40,1730,39,2,1,1728,0.975,0.0011560693641618,0.951219512195122,0.048780487804878,0.2552928612990813
ni_tfnbs,"e=0.7,h=5.0,n=30,start_thres=1.25",hub,0.25,100,16,40,1730,38,0,2,1730,0.95,0.0,1.0,0.0,0.2552928612990813
ni_tfnbs,"e=0.7,h=6.0,n=30,start_thres=1.25",hub,0.25,100,16,40,1730,38,0,2,1730,0.95,0.0,1.0,0.0,0.2552928612990813
ni_tfnbs,"e=0.7,h=7.0,n=30,start_thres=1.25",hub,0.25,100,16,40,1730,38,0,2,1730,0.95,0.0,1.0,0.0,0.2552928612990813
ni_tfnbs,"e=0.7,h=8.0,n=30,start_thres=1.25",hub,0.25,100,16,40,1730,38,0,2,1730,0.95,0.0,1.0,0.0,0.2552928612990813
ni_tfnbs,"e=0.7,h=9.0,n=30,start_thres=1.25",hub,0.25,100,16,40,1730,37,0,3,1730,0.925,0.0,1.0,0.0,0.2552928612990813
ni_tfnbs,"e=0.7,h=10.0,n=30,start_thres=1.25",hub,0.25,100,16,40,1730,36,0,4,1730,0.9,0.0,1.0,0.0,0.2552928612990813
ni_tfnbs,"e=0.8,h=0.5,n=30,start_thres=1.25",hub,0.25,100,16,40,1730,39,2,1,1728,0.975,0.0011560693641618,0.951219512195122,0.048780487804878,0.2552928612990813
ni_tfnbs,"e=0.8,h=1.0,n=30,start_thres=1.25",hub,0.25,100,16,40,1730,39,2,1,1728,0.975,0.0011560693641618,0.951219512195122,0.048780487804878,0.2552928612990813
ni_tfnbs,"e=0.8,h=2.0,n=30,start_thres=1.25",hub,0.25,100,16,40,1730,39,2,1,1728,0.975,0.0011560693641618,0.951219512195122,0.048780487804878,0.2552928612990813
ni_tfnbs,"e=0.8,h=3.0,n=30,start_thres=1.25",hub,0.25,100,16,40,1730,39,2,1,1728,0.975,0.0011560693641618,0.951219512195122,0.048780487804878,0.2552928612990813
ni_tfnbs,"e=0.8,h=4.0,n=30,start_thres=1.25",hub,0.25,100,16,40,1730,39,2,1,1728,0.975,0.0011560693641618,0.951219512195122,0.048780487804878,0.2552928612990813
ni_tfnbs,"e=0.8,h=5.0,n=30,start_thres=1.25",hub,0.25,100,16,40,1730,39,2,1,1728,0.975,0.0011560693641618,0.951219512195122,0.048780487804878,0.2552928612990813
ni_tfnbs,"e=0.8,h=6.0,n=30,start_thres=1.25",hub,0.25,100,16,40,1730,38,0,2,1730,0.95,0.0,1.0,0.0,0.2552928612990813
ni_tfnbs,"e=0.8,h=7.0,n=30,start_thres=1.25",hub,0.25,100,16,40,1730,38,0,2,1730,0.95,0.0,1.0,0.0,0.2552928612990813
ni_tfnbs,"e=0.8,h=8.0,n=30,start_thres=1.25",hub,0.25,100,16,40,1730,38,0,2,1730,0.95,0.0,1.0,0.0,0.2552928612990813
ni_tfnbs,"e=0.8,h=9.0,n=30,start_thres=1.25",hub,0.25,100,16,40,1730,38,0,2,1730,0.95,0.0,1.0,0.0,0.2552928612990813
ni_tfnbs,"e=0.8,h=10.0,n=30,start_thres=1.25",hub,0.25,100,16,40,1730,38,0,2,1730,0.95,0.0,1.0,0.0,0.2552928612990813
ni_tfnbs,"e=0.9,h=0.5,n=30,start_thres=1.25",hub,0.25,100,16,40,1730,39,2,1,1728,0.975,0.0011560693641618,0.951219512195122,0.048780487804878,0.2552928612990813
ni_tfnbs,"e=0.9,h=1.0,n=30,start_thres=1.25",hub,0.25,100,16,40,1730,40,2,0,1728,1.0,0.0011560693641618,0.9523809523809524,0.0476190476190476,0.2552928612990813
ni_tfnbs,"e=0.9,h=2.0,n=30,start_thres=1.25",hub,0.25,100,16,40,1730,39,2,1,1728,0.975,0.0011560693641618,0.951219512195122,0.048780487804878,0.2552928612990813
ni_tfnbs,"e=0.9,h=3.0,n=30,start_thres=1.25",hub,0.25,100,16,40,1730,39,2,1,1728,0.975,0.0011560693641618,0.951219512195122,0.048780487804878,0.2552928612990813
ni_tfnbs,"e=0.9,h=4.0,n=30,start_thres=1.25",hub,0.25,100,16,40,1730,39,2,1,1728,0.975,0.0011560693641618,0.951219512195122,0.048780487804878,0.2552928612990813
ni_tfnbs,"e=0.9,h=5.0,n=30,start_thres=1.25",hub,0.25,100,16,40,1730,39,2,1,1728,0.975,0.0011560693641618,0.951219512195122,0.048780487804878,0.2552928612990813
ni_tfnbs,"e=0.9,h=6.0,n=30,start_thres=1.25",hub,0.25,100,16,40,1730,39,2,1,1728,0.975,0.0011560693641618,0.951219512195122,0.048780487804878,0.2552928612990813
ni_tfnbs,"e=0.9,h=7.0,n=30,start_thres=1.25",hub,0.25,100,16,40,1730,38,0,2,1730,0.95,0.0,1.0,0.0,0.2552928612990813
ni_tfnbs,"e=0.9,h=8.0,n=30,start_thres=1.25",hub,0.25,100,16,40,1730,38,0,2,1730,0.95,0.0,1.0,0.0,0.2552928612990813
ni_tfnbs,"e=0.9,h=9.0,n=30,start_thres=1.25",hub,0.25,100,16,40,1730,38,0,2,1730,0.95,0.0,1.0,0.0,0.2552928612990813
ni_tfnbs,"e=0.9,h=10.0,n=30,start_thres=1.25",hub,0.25,100,16,40,1730,38,0,2,1730,0.95,0.0,1.0,0.0,0.2552928612990813
ni_tfnbs,"e=1.0,h=0.5,n=30,start_thres=1.25",hub,0.25,100,16,40,1730,40,2,0,1728,1.0,0.0011560693641618,0.9523809523809524,0.0476190476190476,0.2552928612990813
ni_tfnbs,"e=1.0,h=1.0,n=30,start_thres=1.25",hub,0.25,100,16,40,1730,40,3,0,1727,1.0,0.0017341040462427,0.9302325581395348,0.0697674418604651,0.2552928612990813
ni_tfnbs,"e=1.0,h=2.0,n=30,start_thres=1.25",hub,0.25,100,16,40,1730,40,2,0,1728,1.0,0.0011560693641618,0.9523809523809524,0.0476190476190476,0.2552928612990813
ni_tfnbs,"e=1.0,h=3.0,n=30,start_thres=1.25",hub,0.25,100,16,40,1730,40,2,0,1728,1.0,0.0011560693641618,0.9523809523809524,0.0476190476190476,0.2552928612990813
ni_tfnbs,"e=1.0,h=4.0,n=30,start_thres=1.25",hub,0.25,100,16,40,1730,39,2,1,1728,0.975,0.0011560693641618,0.951219512195122,0.048780487804878,0.2552928612990813
ni_tfnbs,"e=1.0,h=5.0,n=30,start_thres=1.25",hub,0.25,100,16,40,1730,39,2,1,1728,0.975,0.0011560693641618,0.951219512195122,0.048780487804878,0.2552928612990813
ni_tfnbs,"e=1.0,h=6.0,n=30,start_thres=1.25",hub,0.25,100,16,40,1730,39,2,1,1728,0.975,0.0011560693641618,0.951219512195122,0.048780487804878,0.2552928612990813
ni_tfnbs,"e=1.0,h=7.0,n=30,start_thres=1.25",hub,0.25,100,16,40,1730,39,2,1,1728,0.975,0.0011560693641618,0.951219512195122,0.048780487804878,0.2552928612990813
ni_tfnbs,"e=1.0,h=8.0,n=30,start_thres=1.25",hub,0.25,100,16,40,1730,38,0,2,1730,0.95,0.0,1.0,0.0,0.2552928612990813
ni_tfnbs,"e=1.0,h=9.0,n=30,start_thres=1.25",hub,0.25,100,16,40,1730,38,0,2,1730,0.95,0.0,1.0,0.0,0.2552928612990813
ni_tfnbs,"e=1.0,h=10.0,n=30,start_thres=1.25",hub,0.25,100,16,40,1730,38,0,2,1730,0.95,0.0,1.0,0.0,0.2552928612990813
ni_tfnbs,"e=1.1,h=0.5,n=30,start_thres=1.25",hub,0.25,100,16,40,1730,40,3,0,1727,1.0,0.0017341040462427,0.9302325581395348,0.0697674418604651,0.2552928612990813
ni_tfnbs,"e=1.1,h=1.0,n=30,start_thres=1.25",hub,0.25,100,16,40,1730,40,3,0,1727,1.0,0.0017341040462427,0.9302325581395348,0.0697674418604651,0.2552928612990813
ni_tfnbs,"e=1.1,h=2.0,n=30,start_thres=1.25",hub,0.25,100,16,40,1730,40,3,0,1727,1.0,0.0017341040462427,0.9302325581395348,0.0697674418604651,0.2552928612990813
ni_tfnbs,"e=1.1,h=3.0,n=30,start_thres=1.25",hub,0.25,100,16,40,1730,40,2,0,1728,1.0,0.0011560693641618,0.9523809523809524,0.0476190476190476,0.2552928612990813
ni_tfnbs,"e=1.1,h=4.0,n=30,start_thres=1.25",hub,0.25,100,16,40,1730,40,2,0,1728,1.0,0.0011560693641618,0.9523809523809524,0.0476190476190476,0.2552928612990813
ni_tfnbs,"e=1.1,h=5.0,n=30,start_thres=1.25",hub,0.25,100,16,40,1730,39,2,1,1728,0.975,0.0011560693641618,0.951219512195122,0.048780487804878,0.2552928612990813
ni_tfnbs,"e=1.1,h=6.0,n=30,start_thres=1.25",hub,0.25,100,16,40,1730,39,2,1,1728,0.975,0.0011560693641618,0.951219512195122,0.048780487804878,0.2552928612990813
ni_tfnbs,"e=1.1,h=7.0,n=30,start_thres=1.25",hub,0.25,100,16,40,1730,39,2,1,1728,0.975,0.0011560693641618,0.951219512195122,0.048780487804878,0.2552928612990813
ni_tfnbs,"e=1.1,h=8.0,n=30,start_thres=1.25",hub,0.25,100,16,40,1730,39,2,1,1728,0.975,0.0011560693641618,0.951219512195122,0.048780487804878,0.2552928612990813
ni_tfnbs,"e=1.1,h=9.0,n=30,start_thres=1.25",hub,0.25,100,16,40,1730,38,0,2,1730,0.95,0.0,1.0,0.0,0.2552928612990813
ni_tfnbs,"e=1.1,h=10.0,n=30,start_thres=1.25",hub,0.25,100,16,40,1730,38,0,2,1730,0.95,0.0,1.0,0.0,0.2552928612990813
ni_tfnbs,"e=1.2,h=0.5,n=30,start_thres=1.25",hub,0.25,100,16,40,1730,40,3,0,1727,1.0,0.0017341040462427,0.9302325581395348,0.0697674418604651,0.2552928612990813
ni_tfnbs,"e=1.2,h=1.0,n=30,start_thres=1.25",hub,0.25,100,16,40,1730,40,3,0,1727,1.0,0.0017341040462427,0.9302325581395348,0.0697674418604651,0.2552928612990813
ni_tfnbs,"e=1.2,h=2.0,n=30,start_thres=1.25",hub,0.25,100,16,40,1730,40,3,0,1727,1.0,0.0017341040462427,0.9302325581395348,0.0697674418604651,0.2552928612990813
ni_tfnbs,"e=1.2,h=3.0,n=30,start_thres=1.25",hub,0.25,100,16,40,1730,40,3,0,1727,1.0,0.0017341040462427,0.9302325581395348,0.0697674418604651,0.2552928612990813
ni_tfnbs,"e=1.2,h=4.0,n=30,start_thres=1.25",hub,0.25,100,16,40,1730,40,2,0,1728,1.0,0.0011560693641618,0.9523809523809524,0.0476190476190476,0.2552928612990813
ni_tfnbs,"e=1.2,h=5.0,n=30,start_thres=1.25",hub,0.25,100,16,40,1730,40,2,0,1728,1.0,0.0011560693641618,0.9523809523809524,0.0476190476190476,0.2552928612990813
ni_tfnbs,"e=1.2,h=6.0,n=30,start_thres=1.25",hub,0.25,100,16,40,1730,39,2,1,1728,0.975,0.0011560693641618,0.951219512195122,0.048780487804878,0.2552928612990813
ni_tfnbs,"e=1.2,h=7.0,n=30,start_thres=1.25",hub,0.25,100,16,40,1730,39,2,1,1728,0.975,0.0011560693641618,0.951219512195122,0.048780487804878,0.2552928612990813
ni_tfnbs,"e=1.2,h=8.0,n=30,start_thres=1.25",hub,0.25,100,16,40,1730,39,2,1,1728,0.975,0.0011560693641618,0.951219512195122,0.048780487804878,0.2552928612990813
ni_tfnbs,"e=1.2,h=9.0,n=30,start_thres=1.25",hub,0.25,100,16,40,1730,39,2,1,1728,0.975,0.0011560693641618,0.951219512195122,0.048780487804878,0.2552928612990813
ni_tfnbs,"e=1.2,h=10.0,n=30,start_thres=1.25",hub,0.25,100,16,40,1730,38,0,2,1730,0.95,0.0,1.0,0.0,0.2552928612990813
ni_tfnbs,"e=1.3,h=0.5,n=30,start_thres=1.25",hub,0.25,100,16,40,1730,40,3,0,1727,1.0,0.0017341040462427,0.9302325581395348,0.0697674418604651,0.2552928612990813
ni_tfnbs,"e=1.3,h=1.0,n=30,start_thres=1.25",hub,0.25,100,16,40,1730,40,3,0,1727,1.0,0.0017341040462427,0.9302325581395348,0.0697674418604651,0.2552928612990813
ni_tfnbs,"e=1.3,h=2.0,n=30,start_thres=1.25",hub,0.25,100,16,40,1730,40,3,0,1727,1.0,0.0017341040462427,0.9302325581395348,0.0697674418604651,0.2552928612990813
ni_tfnbs,"e=1.3,h=3.0,n=30,start_thres=1.25",hub,0.25,100,16,40,1730,40,3,0,1727,1.0,0.0017341040462427,0.9302325581395348,0.0697674418604651,0.2552928612990813
ni_tfnbs,"e=1.3,h=4.0,n=30,start_thres=1.25",hub,0.25,100,16,40,1730,40,3,0,1727,1.0,0.0017341040462427,0.9302325581395348,0.0697674418604651,0.2552928612990813
ni_tfnbs,"e=1.3,h=5.0,n=30,start_thres=1.25",hub,0.25,100,16,40,1730,40,2,0,1728,1.0,0.0011560693641618,0.9523809523809524,0.0476190476190476,0.2552928612990813
ni_tfnbs,"e=1.3,h=6.0,n=30,start_thres=1.25",hub,0.25,100,16,40,1730,40,2,0,1728,1.0,0.0011560693641618,0.9523809523809524,0.0476190476190476,0.2552928612990813
ni_tfnbs,"e=1.3,h=7.0,n=30,start_thres=1.25",hub,0.25,100,16,40,1730,39,2,1,1728,0.975,0.0011560693641618,0.951219512195122,0.048780487804878,0.2552928612990813
ni_tfnbs,"e=1.3,h=8.0,n=30,start_thres=1.25",hub,0.25,100,16,40,1730,39,2,1,1728,0.975,0.0011560693641618,0.951219512195122,0.048780487804878,0.2552928612990813
ni_tfnbs,"e=1.3,h=9.0,n=30,start_thres=1.25",hub,0.25,100,16,40,1730,39,2,1,1728,0.975,0.0011560693641618,0.951219512195122,0.048780487804878,0.2552928612990813
ni_tfnbs,"e=1.3,h=10.0,n=30,start_thres=1.25",hub,0.25,100,16,40,1730,39,2,1,1728,0.975,0.0011560693641618,0.951219512195122,0.048780487804878,0.2552928612990813
ni_tfnbs,"e=1.4,h=0.5,n=30,start_thres=1.25",hub,0.25,100,16,40,1730,40,3,0,1727,1.0,0.0017341040462427,0.9302325581395348,0.0697674418604651,0.2552928612990813
ni_tfnbs,"e=1.4,h=1.0,n=30,start_thres=1.25",hub,0.25,100,16,40,1730,40,3,0,1727,1.0,0.0017341040462427,0.9302325581395348,0.0697674418604651,0.2552928612990813
ni_tfnbs,"e=1.4,h=2.0,n=30,start_thres=1.25",hub,0.25,100,16,40,1730,40,3,0,1727,1.0,0.0017341040462427,0.9302325581395348,0.0697674418604651,0.2552928612990813
ni_tfnbs,"e=1.4,h=3.0,n=30,start_thres=1.25",hub,0.25,100,16,40,1730,40,3,0,1727,1.0,0.0017341040462427,0.9302325581395348,0.0697674418604651,0.2552928612990813
ni_tfnbs,"e=1.4,h=4.0,n=30,start_thres=1.25",hub,0.25,100,16,40,1730,40,3,0,1727,1.0,0.0017341040462427,0.9302325581395348,0.0697674418604651,0.2552928612990813
ni_tfnbs,"e=1.4,h=5.0,n=30,start_thres=1.25",hub,0.25,100,16,40,1730,40,3,0,1727,1.0,0.0017341040462427,0.9302325581395348,0.0697674418604651,0.2552928612990813
ni_tfnbs,"e=1.4,h=6.0,n=30,start_thres=1.25",hub,0.25,100,16,40,1730,40,2,0,1728,1.0,0.0011560693641618,0.9523809523809524,0.0476190476190476,0.2552928612990813
ni_tfnbs,"e=1.4,h=7.0,n=30,start_thres=1.25",hub,0.25,100,16,40,1730,40,2,0,1728,1.0,0.0011560693641618,0.9523809523809524,0.0476190476190476,0.2552928612990813
ni_tfnbs,"e=1.4,h=8.0,n=30,start_thres=1.25",hub,0.25,100,16,40,1730,39,2,1,1728,0.975,0.0011560693641618,0.951219512195122,0.048780487804878,0.2552928612990813
ni_tfnbs,"e=1.4,h=9.0,n=30,start_thres=1.25",hub,0.25,100,16,40,1730,39,2,1,1728,0.975,0.0011560693641618,0.951219512195122,0.048780487804878,0.2552928612990813
ni_tfnbs,"e=1.4,h=10.0,n=30,start_thres=1.25",hub,0.25,100,16,40,1730,39,2,1,1728,0.975,0.0011560693641618,0.951219512195122,0.048780487804878,0.2552928612990813
ni_tfnbs,"e=1.5,h=0.5,n=30,start_thres=1.25",hub,0.25,100,16,40,1730,39,3,1,1727,0.975,0.0017341040462427,0.9285714285714286,0.0714285714285714,0.2552928612990813
ni_tfnbs,"e=1.5,h=1.0,n=30,start_thres=1.25",hub,0.25,100,16,40,1730,40,3,0,1727,1.0,0.0017341040462427,0.9302325581395348,0.0697674418604651,0.2552928612990813
ni_tfnbs,"e=1.5,h=2.0,n=30,start_thres=1.25",hub,0.25,100,16,40,1730,40,3,0,1727,1.0,0.0017341040462427,0.9302325581395348,0.0697674418604651,0.2552928612990813
ni_tfnbs,"e=1.5,h=3.0,n=30,start_thres=1.25",hub,0.25,100,16,40,1730,40,3,0,1727,1.0,0.0017341040462427,0.9302325581395348,0.0697674418604651,0.2552928612990813
ni_tfnbs,"e=1.5,h=4.0,n=30,start_thres=1.25",hub,0.25,100,16,40,1730,40,3,0,1727,1.0,0.0017341040462427,0.9302325581395348,0.0697674418604651,0.2552928612990813
ni_tfnbs,"e=1.5,h=5.0,n=30,start_thres=1.25",hub,0.25,100,16,40,1730,40,3,0,1727,1.0,0.0017341040462427,0.9302325581395348,0.0697674418604651,0.2552928612990813
ni_tfnbs,"e=1.5,h=6.0,n=30,start_thres=1.25",hub,0.25,100,16,40,1730,40,3,0,1727,1.0,0.0017341040462427,0.9302325581395348,0.0697674418604651,0.2552928612990813
ni_tfnbs,"e=1.5,h=7.0,n=30,start_thres=1.25",hub,0.25,100,16,40,1730,40,2,0,1728,1.0,0.0011560693641618,0.9523809523809524,0.0476190476190476,0.2552928612990813
ni_tfnbs,"e=1.5,h=8.0,n=30,start_thres=1.25",hub,0.25,100,16,40,1730,39,2,1,1728,0.975,0.0011560693641618,0.951219512195122,0.048780487804878,0.2552928612990813
ni_tfnbs,"e=1.5,h=9.0,n=30,start_thres=1.25",hub,0.25,100,16,40,1730,39,2,1,1728,0.975,0.0011560693641618,0.951219512195122,0.048780487804878,0.2552928612990813
ni_tfnbs,"e=1.5,h=10.0,n=30,start_thres=1.25",hub,0.25,100,16,40,1730,39,2,1,1728,0.975,0.0011560693641618,0.951219512195122,0.048780487804878,0.2552928612990813
ni_tfnbs,"e=0.05,h=0.5,n=30,start_thres=1.25",hub,0.25,100,17,40,1730,27,0,13,1730,0.675,0.0,1.0,0.0,0.2582343234257264
ni_tfnbs,"e=0.05,h=1.0,n=30,start_thres=1.25",hub,0.25,100,17,40,1730,27,0,13,1730,0.675,0.0,1.0,0.0,0.2582343234257264
ni_tfnbs,"e=0.05,h=2.0,n=30,start_thres=1.25",hub,0.25,100,17,40,1730,27,0,13,1730,0.675,0.0,1.0,0.0,0.2582343234257264
ni_tfnbs,"e=0.05,h=3.0,n=30,start_thres=1.25",hub,0.25,100,17,40,1730,27,0,13,1730,0.675,0.0,1.0,0.0,0.2582343234257264
ni_tfnbs,"e=0.05,h=4.0,n=30,start_thres=1.25",hub,0.25,100,17,40,1730,27,0,13,1730,0.675,0.0,1.0,0.0,0.2582343234257264
ni_tfnbs,"e=0.05,h=5.0,n=30,start_thres=1.25",hub,0.25,100,17,40,1730,27,0,13,1730,0.675,0.0,1.0,0.0,0.2582343234257264
ni_tfnbs,"e=0.05,h=6.0,n=30,start_thres=1.25",hub,0.25,100,17,40,1730,27,0,13,1730,0.675,0.0,1.0,0.0,0.2582343234257264
ni_tfnbs,"e=0.05,h=7.0,n=30,start_thres=1.25",hub,0.25,100,17,40,1730,27,0,13,1730,0.675,0.0,1.0,0.0,0.2582343234257264
ni_tfnbs,"e=0.05,h=8.0,n=30,start_thres=1.25",hub,0.25,100,17,40,1730,27,0,13,1730,0.675,0.0,1.0,0.0,0.2582343234257264
ni_tfnbs,"e=0.05,h=9.0,n=30,start_thres=1.25",hub,0.25,100,17,40,1730,27,0,13,1730,0.675,0.0,1.0,0.0,0.2582343234257264
ni_tfnbs,"e=0.05,h=10.0,n=30,start_thres=1.25",hub,0.25,100,17,40,1730,27,0,13,1730,0.675,0.0,1.0,0.0,0.2582343234257264
ni_tfnbs,"e=0.1,h=0.5,n=30,start_thres=1.25",hub,0.25,100,17,40,1730,29,0,11,1730,0.725,0.0,1.0,0.0,0.2582343234257264
ni_tfnbs,"e=0.1,h=1.0,n=30,start_thres=1.25",hub,0.25,100,17,40,1730,29,0,11,1730,0.725,0.0,1.0,0.0,0.2582343234257264
ni_tfnbs,"e=0.1,h=2.0,n=30,start_thres=1.25",hub,0.25,100,17,40,1730,29,0,11,1730,0.725,0.0,1.0,0.0,0.2582343234257264
ni_tfnbs,"e=0.1,h=3.0,n=30,start_thres=1.25",hub,0.25,100,17,40,1730,29,0,11,1730,0.725,0.0,1.0,0.0,0.2582343234257264
ni_tfnbs,"e=0.1,h=4.0,n=30,start_thres=1.25",hub,0.25,100,17,40,1730,27,0,13,1730,0.675,0.0,1.0,0.0,0.2582343234257264
ni_tfnbs,"e=0.1,h=5.0,n=30,start_thres=1.25",hub,0.25,100,17,40,1730,27,0,13,1730,0.675,0.0,1.0,0.0,0.2582343234257264
ni_tfnbs,"e=0.1,h=6.0,n=30,start_thres=1.25",hub,0.25,100,17,40,1730,27,0,13,1730,0.675,0.0,1.0,0.0,0.2582343234257264
ni_tfnbs,"e=0.1,h=7.0,n=30,start_thres=1.25",hub,0.25,100,17,40,1730,27,0,13,1730,0.675,0.0,1.0,0.0,0.2582343234257264
ni_tfnbs,"e=0.1,h=8.0,n=30,start_thres=1.25",hub,0.25,100,17,40,1730,27,0,13,1730,0.675,0.0,1.0,0.0,0.2582343234257264
ni_tfnbs,"e=0.1,h=9.0,n=30,start_thres=1.25",hub,0.25,100,17,40,1730,27,0,13,1730,0.675,0.0,1.0,0.0,0.2582343234257264
ni_tfnbs,"e=0.1,h=10.0,n=30,start_thres=1.25",hub,0.25,100,17,40,1730,27,0,13,1730,0.675,0.0,1.0,0.0,0.2582343234257264
ni_tfnbs,"e=0.2,h=0.5,n=30,start_thres=1.25",hub,0.25,100,17,40,1730,31,0,9,1730,0.775,0.0,1.0,0.0,0.2582343234257264
ni_tfnbs,"e=0.2,h=1.0,n=30,start_thres=1.25",hub,0.25,100,17,40,1730,31,0,9,1730,0.775,0.0,1.0,0.0,0.2582343234257264
ni_tfnbs,"e=0.2,h=2.0,n=30,start_thres=1.25",hub,0.25,100,17,40,1730,29,0,11,1730,0.725,0.0,1.0,0.0,0.2582343234257264
ni_tfnbs,"e=0.2,h=3.0,n=30,start_thres=1.25",hub,0.25,100,17,40,1730,29,0,11,1730,0.725,0.0,1.0,0.0,0.2582343234257264
ni_tfnbs,"e=0.2,h=4.0,n=30,start_thres=1.25",hub,0.25,100,17,40,1730,29,0,11,1730,0.725,0.0,1.0,0.0,0.2582343234257264
ni_tfnbs,"e=0.2,h=5.0,n=30,start_thres=1.25",hub,0.25,100,17,40,1730,29,0,11,1730,0.725,0.0,1.0,0.0,0.2582343234257264
ni_tfnbs,"e=0.2,h=6.0,n=30,start_thres=1.25",hub,0.25,100,17,40,1730,29,0,11,1730,0.725,0.0,1.0,0.0,0.2582343234257264
ni_tfnbs,"e=0.2,h=7.0,n=30,start_thres=1.25",hub,0.25,100,17,40,1730,29,0,11,1730,0.725,0.0,1.0,0.0,0.2582343234257264
ni_tfnbs,"e=0.2,h=8.0,n=30,start_thres=1.25",hub,0.25,100,17,40,1730,29,0,11,1730,0.725,0.0,1.0,0.0,0.2582343234257264
ni_tfnbs,"e=0.2,h=9.0,n=30,start_thres=1.25",hub,0.25,100,17,40,1730,28,0,12,1730,0.7,0.0,1.0,0.0,0.2582343234257264
ni_tfnbs,"e=0.2,h=10.0,n=30,start_thres=1.25",hub,0.25,100,17,40,1730,27,0,13,1730,0.675,0.0,1.0,0.0,0.2582343234257264
ni_tfnbs,"e=0.3,h=0.5,n=30,start_thres=1.25",hub,0.25,100,17,40,1730,33,0,7,1730,0.825,0.0,1.0,0.0,0.2582343234257264
ni_tfnbs,"e=0.3,h=1.0,n=30,start_thres=1.25",hub,0.25,100,17,40,1730,33,0,7,1730,0.825,0.0,1.0,0.0,0.2582343234257264
ni_tfnbs,"e=0.3,h=2.0,n=30,start_thres=1.25",hub,0.25,100,17,40,1730,31,0,9,1730,0.775,0.0,1.0,0.0,0.2582343234257264
ni_tfnbs,"e=0.3,h=3.0,n=30,start_thres=1.25",hub,0.25,100,17,40,1730,31,0,9,1730,0.775,0.0,1.0,0.0,0.2582343234257264
ni_tfnbs,"e=0.3,h=4.0,n=30,start_thres=1.25",hub,0.25,100,17,40,1730,31,0,9,1730,0.775,0.0,1.0,0.0,0.2582343234257264
ni_tfnbs,"e=0.3,h=5.0,n=30,start_thres=1.25",hub,0.25,100,17,40,1730,29,0,11,1730,0.725,0.0,1.0,0.0,0.2582343234257264
ni_tfnbs,"e=0.3,h=6.0,n=30,start_thres=1.25",hub,0.25,100,17,40,1730,29,0,11,1730,0.725,0.0,1.0,0.0,0.2582343234257264
ni_tfnbs,"e=0.3,h=7.0,n=30,start_thres=1.25",hub,0.25,100,17,40,1730,29,0,11,1730,0.725,0.0,1.0,0.0,0.2582343234257264
ni_tfnbs,"e=0.3,h=8.0,n=30,start_thres=1.25",hub,0.25,100,17,40,1730,29,0,11,1730,0.725,0.0,1.0,0.0,0.2582343234257264
ni_tfnbs,"e=0.3,h=9.0,n=30,start_thres=1.25",hub,0.25,100,17,40,1730,29,0,11,1730,0.725,0.0,1.0,0.0,0.2582343234257264
ni_tfnbs,"e=0.3,h=10.0,n=30,start_thres=1.25",hub,0.25,100,17,40,1730,29,0,11,1730,0.725,0.0,1.0,0.0,0.2582343234257264
ni_tfnbs,"e=0.4,h=0.5,n=30,start_thres=1.25",hub,0.25,100,17,40,1730,35,0,5,1730,0.875,0.0,1.0,0.0,0.2582343234257264
ni_tfnbs,"e=0.4,h=1.0,n=30,start_thres=1.25",hub,0.25,100,17,40,1730,35,0,5,1730,0.875,0.0,1.0,0.0,0.2582343234257264
ni_tfnbs,"e=0.4,h=2.0,n=30,start_thres=1.25",hub,0.25,100,17,40,1730,33,0,7,1730,0.825,0.0,1.0,0.0,0.2582343234257264
ni_tfnbs,"e=0.4,h=3.0,n=30,start_thres=1.25",hub,0.25,100,17,40,1730,33,0,7,1730,0.825,0.0,1.0,0.0,0.2582343234257264
ni_tfnbs,"e=0.4,h=4.0,n=30,start_thres=1.25",hub,0.25,100,17,40,1730,33,0,7,1730,0.825,0.0,1.0,0.0,0.2582343234257264
ni_tfnbs,"e=0.4,h=5.0,n=30,start_thres=1.25",hub,0.25,100,17,40,1730,31,0,9,1730,0.775,0.0,1.0,0.0,0.2582343234257264
ni_tfnbs,"e=0.4,h=6.0,n=30,start_thres=1.25",hub,0.25,100,17,40,1730,31,0,9,1730,0.775,0.0,1.0,0.0,0.2582343234257264
ni_tfnbs,"e=0.4,h=7.0,n=30,start_thres=1.25",hub,0.25,100,17,40,1730,29,0,11,1730,0.725,0.0,1.0,0.0,0.2582343234257264
ni_tfnbs,"e=0.4,h=8.0,n=30,start_thres=1.25",hub,0.25,100,17,40,1730,29,0,11,1730,0.725,0.0,1.0,0.0,0.2582343234257264
ni_tfnbs,"e=0.4,h=9.0,n=30,start_thres=1.25",hub,0.25,100,17,40,1730,29,0,11,1730,0.725,0.0,1.0,0.0,0.2582343234257264
ni_tfnbs,"e=0.4,h=10.0,n=30,start_thres=1.25",hub,0.25,100,17,40,1730,29,0,11,1730,0.725,0.0,1.0,0.0,0.2582343234257264
ni_tfnbs,"e=0.5,h=0.5,n=30,start_thres=1.25",hub,0.25,100,17,40,1730,35,0,5,1730,0.875,0.0,1.0,0.0,0.2582343234257264
ni_tfnbs,"e=0.5,h=1.0,n=30,start_thres=1.25",hub,0.25,100,17,40,1730,35,0,5,1730,0.875,0.0,1.0,0.0,0.2582343234257264
ni_tfnbs,"e=0.5,h=2.0,n=30,start_thres=1.25",hub,0.25,100,17,40,1730,35,0,5,1730,0.875,0.0,1.0,0.0,0.2582343234257264
ni_tfnbs,"e=0.5,h=3.0,n=30,start_thres=1.25",hub,0.25,100,17,40,1730,35,0,5,1730,0.875,0.0,1.0,0.0,0.2582343234257264
ni_tfnbs,"e=0.5,h=4.0,n=30,start_thres=1.25",hub,0.25,100,17,40,1730,33,0,7,1730,0.825,0.0,1.0,0.0,0.2582343234257264
ni_tfnbs,"e=0.5,h=5.0,n=30,start_thres=1.25",hub,0.25,100,17,40,1730,33,0,7,1730,0.825,0.0,1.0,0.0,0.2582343234257264
ni_tfnbs,"e=0.5,h=6.0,n=30,start_thres=1.25",hub,0.25,100,17,40,1730,31,0,9,1730,0.775,0.0,1.0,0.0,0.2582343234257264
ni_tfnbs,"e=0.5,h=7.0,n=30,start_thres=1.25",hub,0.25,100,17,40,1730,31,0,9,1730,0.775,0.0,1.0,0.0,0.2582343234257264
ni_tfnbs,"e=0.5,h=8.0,n=30,start_thres=1.25",hub,0.25,100,17,40,1730,31,0,9,1730,0.775,0.0,1.0,0.0,0.2582343234257264
ni_tfnbs,"e=0.5,h=9.0,n=30,start_thres=1.25",hub,0.25,100,17,40,1730,29,0,11,1730,0.725,0.0,1.0,0.0,0.2582343234257264
ni_tfnbs,"e=0.5,h=10.0,n=30,start_thres=1.25",hub,0.25,100,17,40,1730,29,0,11,1730,0.725,0.0,1.0,0.0,0.2582343234257264
ni_tfnbs,"e=0.6,h=0.5,n=30,start_thres=1.25",hub,0.25,100,17,40,1730,36,0,4,1730,0.9,0.0,1.0,0.0,0.2582343234257264
ni_tfnbs,"e=0.6,h=1.0,n=30,start_thres=1.25",hub,0.25,100,17,40,1730,36,0,4,1730,0.9,0.0,1.0,0.0,0.2582343234257264
ni_tfnbs,"e=0.6,h=2.0,n=30,start_thres=1.25",hub,0.25,100,17,40,1730,36,0,4,1730,0.9,0.0,1.0,0.0,0.2582343234257264
ni_tfnbs,"e=0.6,h=3.0,n=30,start_thres=1.25",hub,0.25,100,17,40,1730,35,0,5,1730,0.875,0.0,1.0,0.0,0.2582343234257264
ni_tfnbs,"e=0.6,h=4.0,n=30,start_thres=1.25",hub,0.25,100,17,40,1730,35,0,5,1730,0.875,0.0,1.0,0.0,0.2582343234257264
ni_tfnbs,"e=0.6,h=5.0,n=30,start_thres=1.25",hub,0.25,100,17,40,1730,33,0,7,1730,0.825,0.0,1.0,0.0,0.2582343234257264
ni_tfnbs,"e=0.6,h=6.0,n=30,start_thres=1.25",hub,0.25,100,17,40,1730,33,0,7,1730,0.825,0.0,1.0,0.0,0.2582343234257264
ni_tfnbs,"e=0.6,h=7.0,n=30,start_thres=1.25",hub,0.25,100,17,40,1730,33,0,7,1730,0.825,0.0,1.0,0.0,0.2582343234257264
ni_tfnbs,"e=0.6,h=8.0,n=30,start_thres=1.25",hub,0.25,100,17,40,1730,31,0,9,1730,0.775,0.0,1.0,0.0,0.2582343234257264
ni_tfnbs,"e=0.6,h=9.0,n=30,start_thres=1.25",hub,0.25,100,17,40,1730,31,0,9,1730,0.775,0.0,1.0,0.0,0.2582343234257264
ni_tfnbs,"e=0.6,h=10.0,n=30,start_thres=1.25",hub,0.25,100,17,40,1730,31,0,9,1730,0.775,0.0,1.0,0.0,0.2582343234257264
ni_tfnbs,"e=0.7,h=0.5,n=30,start_thres=1.25",hub,0.25,100,17,40,1730,36,0,4,1730,0.9,0.0,1.0,0.0,0.2582343234257264
ni_tfnbs,"e=0.7,h=1.0,n=30,start_thres=1.25",hub,0.25,100,17,40,1730,36,0,4,1730,0.9,0.0,1.0,0.0,0.2582343234257264
ni_tfnbs,"e=0.7,h=2.0,n=30,start_thres=1.25",hub,0.25,100,17,40,1730,36,0,4,1730,0.9,0.0,1.0,0.0,0.2582343234257264
ni_tfnbs,"e=0.7,h=3.0,n=30,start_thres=1.25",hub,0.25,100,17,40,1730,36,0,4,1730,0.9,0.0,1.0,0.0,0.2582343234257264
ni_tfnbs,"e=0.7,h=4.0,n=30,start_thres=1.25",hub,0.25,100,17,40,1730,35,0,5,1730,0.875,0.0,1.0,0.0,0.2582343234257264
ni_tfnbs,"e=0.7,h=5.0,n=30,start_thres=1.25",hub,0.25,100,17,40,1730,35,0,5,1730,0.875,0.0,1.0,0.0,0.2582343234257264
ni_tfnbs,"e=0.7,h=6.0,n=30,start_thres=1.25",hub,0.25,100,17,40,1730,33,0,7,1730,0.825,0.0,1.0,0.0,0.2582343234257264
ni_tfnbs,"e=0.7,h=7.0,n=30,start_thres=1.25",hub,0.25,100,17,40,1730,33,0,7,1730,0.825,0.0,1.0,0.0,0.2582343234257264
ni_tfnbs,"e=0.7,h=8.0,n=30,start_thres=1.25",hub,0.25,100,17,40,1730,33,0,7,1730,0.825,0.0,1.0,0.0,0.2582343234257264
ni_tfnbs,"e=0.7,h=9.0,n=30,start_thres=1.25",hub,0.25,100,17,40,1730,31,0,9,1730,0.775,0.0,1.0,0.0,0.2582343234257264
ni_tfnbs,"e=0.7,h=10.0,n=30,start_thres=1.25",hub,0.25,100,17,40,1730,31,0,9,1730,0.775,0.0,1.0,0.0,0.2582343234257264
ni_tfnbs,"e=0.8,h=0.5,n=30,start_thres=1.25",hub,0.25,100,17,40,1730,36,0,4,1730,0.9,0.0,1.0,0.0,0.2582343234257264
ni_tfnbs,"e=0.8,h=1.0,n=30,start_thres=1.25",hub,0.25,100,17,40,1730,36,0,4,1730,0.9,0.0,1.0,0.0,0.2582343234257264
ni_tfnbs,"e=0.8,h=2.0,n=30,start_thres=1.25",hub,0.25,100,17,40,1730,36,0,4,1730,0.9,0.0,1.0,0.0,0.2582343234257264
ni_tfnbs,"e=0.8,h=3.0,n=30,start_thres=1.25",hub,0.25,100,17,40,1730,36,0,4,1730,0.9,0.0,1.0,0.0,0.2582343234257264
ni_tfnbs,"e=0.8,h=4.0,n=30,start_thres=1.25",hub,0.25,100,17,40,1730,36,0,4,1730,0.9,0.0,1.0,0.0,0.2582343234257264
ni_tfnbs,"e=0.8,h=5.0,n=30,start_thres=1.25",hub,0.25,100,17,40,1730,35,0,5,1730,0.875,0.0,1.0,0.0,0.2582343234257264
ni_tfnbs,"e=0.8,h=6.0,n=30,start_thres=1.25",hub,0.25,100,17,40,1730,35,0,5,1730,0.875,0.0,1.0,0.0,0.2582343234257264
ni_tfnbs,"e=0.8,h=7.0,n=30,start_thres=1.25",hub,0.25,100,17,40,1730,33,0,7,1730,0.825,0.0,1.0,0.0,0.2582343234257264
ni_tfnbs,"e=0.8,h=8.0,n=30,start_thres=1.25",hub,0.25,100,17,40,1730,33,0,7,1730,0.825,0.0,1.0,0.0,0.2582343234257264
ni_tfnbs,"e=0.8,h=9.0,n=30,start_thres=1.25",hub,0.25,100,17,40,1730,33,0,7,1730,0.825,0.0,1.0,0.0,0.2582343234257264
ni_tfnbs,"e=0.8,h=10.0,n=30,start_thres=1.25",hub,0.25,100,17,40,1730,31,0,9,1730,0.775,0.0,1.0,0.0,0.2582343234257264
ni_tfnbs,"e=0.9,h=0.5,n=30,start_thres=1.25",hub,0.25,100,17,40,1730,37,0,3,1730,0.925,0.0,1.0,0.0,0.2582343234257264
ni_tfnbs,"e=0.9,h=1.0,n=30,start_thres=1.25",hub,0.25,100,17,40,1730,37,0,3,1730,0.925,0.0,1.0,0.0,0.2582343234257264
ni_tfnbs,"e=0.9,h=2.0,n=30,start_thres=1.25",hub,0.25,100,17,40,1730,37,0,3,1730,0.925,0.0,1.0,0.0,0.2582343234257264
ni_tfnbs,"e=0.9,h=3.0,n=30,start_thres=1.25",hub,0.25,100,17,40,1730,36,0,4,1730,0.9,0.0,1.0,0.0,0.2582343234257264
ni_tfnbs,"e=0.9,h=4.0,n=30,start_thres=1.25",hub,0.25,100,17,40,1730,36,0,4,1730,0.9,0.0,1.0,0.0,0.2582343234257264
ni_tfnbs,"e=0.9,h=5.0,n=30,start_thres=1.25",hub,0.25,100,17,40,1730,36,0,4,1730,0.9,0.0,1.0,0.0,0.2582343234257264
ni_tfnbs,"e=0.9,h=6.0,n=30,start_thres=1.25",hub,0.25,100,17,40,1730,35,0,5,1730,0.875,0.0,1.0,0.0,0.2582343234257264
ni_tfnbs,"e=0.9,h=7.0,n=30,start_thres=1.25",hub,0.25,100,17,40,1730,35,0,5,1730,0.875,0.0,1.0,0.0,0.2582343234257264
ni_tfnbs,"e=0.9,h=8.0,n=30,start_thres=1.25",hub,0.25,100,17,40,1730,35,0,5,1730,0.875,0.0,1.0,0.0,0.2582343234257264
ni_tfnbs,"e=0.9,h=9.0,n=30,start_thres=1.25",hub,0.25,100,17,40,1730,33,0,7,1730,0.825,0.0,1.0,0.0,0.2582343234257264
ni_tfnbs,"e=0.9,h=10.0,n=30,start_thres=1.25",hub,0.25,100,17,40,1730,33,0,7,1730,0.825,0.0,1.0,0.0,0.2582343234257264
ni_tfnbs,"e=1.0,h=0.5,n=30,start_thres=1.25",hub,0.25,100,17,40,1730,37,0,3,1730,0.925,0.0,1.0,0.0,0.2582343234257264
ni_tfnbs,"e=1.0,h=1.0,n=30,start_thres=1.25",hub,0.25,100,17,40,1730,37,0,3,1730,0.925,0.0,1.0,0.0,0.2582343234257264
ni_tfnbs,"e=1.0,h=2.0,n=30,start_thres=1.25",hub,0.25,100,17,40,1730,37,0,3,1730,0.925,0.0,1.0,0.0,0.2582343234257264
ni_tfnbs,"e=1.0,h=3.0,n=30,start_thres=1.25",hub,0.25,100,17,40,1730,37,0,3,1730,0.925,0.0,1.0,0.0,0.2582343234257264
ni_tfnbs,"e=1.0,h=4.0,n=30,start_thres=1.25",hub,0.25,100,17,40,1730,36,0,4,1730,0.9,0.0,1.0,0.0,0.2582343234257264
ni_tfnbs,"e=1.0,h=5.0,n=30,start_thres=1.25",hub,0.25,100,17,40,1730,36,0,4,1730,0.9,0.0,1.0,0.0,0.2582343234257264
ni_tfnbs,"e=1.0,h=6.0,n=30,start_thres=1.25",hub,0.25,100,17,40,1730,36,0,4,1730,0.9,0.0,1.0,0.0,0.2582343234257264
ni_tfnbs,"e=1.0,h=7.0,n=30,start_thres=1.25",hub,0.25,100,17,40,1730,35,0,5,1730,0.875,0.0,1.0,0.0,0.2582343234257264
ni_tfnbs,"e=1.0,h=8.0,n=30,start_thres=1.25",hub,0.25,100,17,40,1730,35,0,5,1730,0.875,0.0,1.0,0.0,0.2582343234257264
ni_tfnbs,"e=1.0,h=9.0,n=30,start_thres=1.25",hub,0.25,100,17,40,1730,35,0,5,1730,0.875,0.0,1.0,0.0,0.2582343234257264
ni_tfnbs,"e=1.0,h=10.0,n=30,start_thres=1.25",hub,0.25,100,17,40,1730,33,0,7,1730,0.825,0.0,1.0,0.0,0.2582343234257264
ni_tfnbs,"e=1.1,h=0.5,n=30,start_thres=1.25",hub,0.25,100,17,40,1730,37,0,3,1730,0.925,0.0,1.0,0.0,0.2582343234257264
ni_tfnbs,"e=1.1,h=1.0,n=30,start_thres=1.25",hub,0.25,100,17,40,1730,37,0,3,1730,0.925,0.0,1.0,0.0,0.2582343234257264
ni_tfnbs,"e=1.1,h=2.0,n=30,start_thres=1.25",hub,0.25,100,17,40,1730,38,0,2,1730,0.95,0.0,1.0,0.0,0.2582343234257264
ni_tfnbs,"e=1.1,h=3.0,n=30,start_thres=1.25",hub,0.25,100,17,40,1730,38,0,2,1730,0.95,0.0,1.0,0.0,0.2582343234257264
ni_tfnbs,"e=1.1,h=4.0,n=30,start_thres=1.25",hub,0.25,100,17,40,1730,37,0,3,1730,0.925,0.0,1.0,0.0,0.2582343234257264
ni_tfnbs,"e=1.1,h=5.0,n=30,start_thres=1.25",hub,0.25,100,17,40,1730,36,0,4,1730,0.9,0.0,1.0,0.0,0.2582343234257264
ni_tfnbs,"e=1.1,h=6.0,n=30,start_thres=1.25",hub,0.25,100,17,40,1730,36,0,4,1730,0.9,0.0,1.0,0.0,0.2582343234257264
ni_tfnbs,"e=1.1,h=7.0,n=30,start_thres=1.25",hub,0.25,100,17,40,1730,36,0,4,1730,0.9,0.0,1.0,0.0,0.2582343234257264
ni_tfnbs,"e=1.1,h=8.0,n=30,start_thres=1.25",hub,0.25,100,17,40,1730,35,0,5,1730,0.875,0.0,1.0,0.0,0.2582343234257264
ni_tfnbs,"e=1.1,h=9.0,n=30,start_thres=1.25",hub,0.25,100,17,40,1730,35,0,5,1730,0.875,0.0,1.0,0.0,0.2582343234257264
ni_tfnbs,"e=1.1,h=10.0,n=30,start_thres=1.25",hub,0.25,100,17,40,1730,35,0,5,1730,0.875,0.0,1.0,0.0,0.2582343234257264
ni_tfnbs,"e=1.2,h=0.5,n=30,start_thres=1.25",hub,0.25,100,17,40,1730,37,0,3,1730,0.925,0.0,1.0,0.0,0.2582343234257264
ni_tfnbs,"e=1.2,h=1.0,n=30,start_thres=1.25",hub,0.25,100,17,40,1730,38,0,2,1730,0.95,0.0,1.0,0.0,0.2582343234257264
ni_tfnbs,"e=1.2,h=2.0,n=30,start_thres=1.25",hub,0.25,100,17,40,1730,38,0,2,1730,0.95,0.0,1.0,0.0,0.2582343234257264
ni_tfnbs,"e=1.2,h=3.0,n=30,start_thres=1.25",hub,0.25,100,17,40,1730,38,0,2,1730,0.95,0.0,1.0,0.0,0.2582343234257264
ni_tfnbs,"e=1.2,h=4.0,n=30,start_thres=1.25",hub,0.25,100,17,40,1730,38,0,2,1730,0.95,0.0,1.0,0.0,0.2582343234257264
ni_tfnbs,"e=1.2,h=5.0,n=30,start_thres=1.25",hub,0.25,100,17,40,1730,37,0,3,1730,0.925,0.0,1.0,0.0,0.2582343234257264
ni_tfnbs,"e=1.2,h=6.0,n=30,start_thres=1.25",hub,0.25,100,17,40,1730,36,0,4,1730,0.9,0.0,1.0,0.0,0.2582343234257264
ni_tfnbs,"e=1.2,h=7.0,n=30,start_thres=1.25",hub,0.25,100,17,40,1730,36,0,4,1730,0.9,0.0,1.0,0.0,0.2582343234257264
ni_tfnbs,"e=1.2,h=8.0,n=30,start_thres=1.25",hub,0.25,100,17,40,1730,36,0,4,1730,0.9,0.0,1.0,0.0,0.2582343234257264
ni_tfnbs,"e=1.2,h=9.0,n=30,start_thres=1.25",hub,0.25,100,17,40,1730,35,0,5,1730,0.875,0.0,1.0,0.0,0.2582343234257264
ni_tfnbs,"e=1.2,h=10.0,n=30,start_thres=1.25",hub,0.25,100,17,40,1730,35,0,5,1730,0.875,0.0,1.0,0.0,0.2582343234257264
ni_tfnbs,"e=1.3,h=0.5,n=30,start_thres=1.25",hub,0.25,100,17,40,1730,37,0,3,1730,0.925,0.0,1.0,0.0,0.2582343234257264
ni_tfnbs,"e=1.3,h=1.0,n=30,start_thres=1.25",hub,0.25,100,17,40,1730,38,0,2,1730,0.95,0.0,1.0,0.0,0.2582343234257264
ni_tfnbs,"e=1.3,h=2.0,n=30,start_thres=1.25",hub,0.25,100,17,40,1730,38,0,2,1730,0.95,0.0,1.0,0.0,0.2582343234257264
ni_tfnbs,"e=1.3,h=3.0,n=30,start_thres=1.25",hub,0.25,100,17,40,1730,38,0,2,1730,0.95,0.0,1.0,0.0,0.2582343234257264
ni_tfnbs,"e=1.3,h=4.0,n=30,start_thres=1.25",hub,0.25,100,17,40,1730,38,0,2,1730,0.95,0.0,1.0,0.0,0.2582343234257264
ni_tfnbs,"e=1.3,h=5.0,n=30,start_thres=1.25",hub,0.25,100,17,40,1730,38,0,2,1730,0.95,0.0,1.0,0.0,0.2582343234257264
ni_tfnbs,"e=1.3,h=6.0,n=30,start_thres=1.25",hub,0.25,100,17,40,1730,37,0,3,1730,0.925,0.0,1.0,0.0,0.2582343234257264
ni_tfnbs,"e=1.3,h=7.0,n=30,start_thres=1.25",hub,0.25,100,17,40,1730,36,0,4,1730,0.9,0.0,1.0,0.0,0.2582343234257264
ni_tfnbs,"e=1.3,h=8.0,n=30,start_thres=1.25",hub,0.25,100,17,40,1730,36,0,4,1730,0.9,0.0,1.0,0.0,0.2582343234257264
ni_tfnbs,"e=1.3,h=9.0,n=30,start_thres=1.25",hub,0.25,100,17,40,1730,36,0,4,1730,0.9,0.0,1.0,0.0,0.2582343234257264
ni_tfnbs,"e=1.3,h=10.0,n=30,start_thres=1.25",hub,0.25,100,17,40,1730,35,0,5,1730,0.875,0.0,1.0,0.0,0.2582343234257264
ni_tfnbs,"e=1.4,h=0.5,n=30,start_thres=1.25",hub,0.25,100,17,40,1730,37,0,3,1730,0.925,0.0,1.0,0.0,0.2582343234257264
ni_tfnbs,"e=1.4,h=1.0,n=30,start_thres=1.25",hub,0.25,100,17,40,1730,38,0,2,1730,0.95,0.0,1.0,0.0,0.2582343234257264
ni_tfnbs,"e=1.4,h=2.0,n=30,start_thres=1.25",hub,0.25,100,17,40,1730,38,0,2,1730,0.95,0.0,1.0,0.0,0.2582343234257264
ni_tfnbs,"e=1.4,h=3.0,n=30,start_thres=1.25",hub,0.25,100,17,40,1730,38,0,2,1730,0.95,0.0,1.0,0.0,0.2582343234257264
ni_tfnbs,"e=1.4,h=4.0,n=30,start_thres=1.25",hub,0.25,100,17,40,1730,38,0,2,1730,0.95,0.0,1.0,0.0,0.2582343234257264
ni_tfnbs,"e=1.4,h=5.0,n=30,start_thres=1.25",hub,0.25,100,17,40,1730,38,0,2,1730,0.95,0.0,1.0,0.0,0.2582343234257264
ni_tfnbs,"e=1.4,h=6.0,n=30,start_thres=1.25",hub,0.25,100,17,40,1730,38,0,2,1730,0.95,0.0,1.0,0.0,0.2582343234257264
ni_tfnbs,"e=1.4,h=7.0,n=30,start_thres=1.25",hub,0.25,100,17,40,1730,37,0,3,1730,0.925,0.0,1.0,0.0,0.2582343234257264
ni_tfnbs,"e=1.4,h=8.0,n=30,start_thres=1.25",hub,0.25,100,17,40,1730,36,0,4,1730,0.9,0.0,1.0,0.0,0.2582343234257264
ni_tfnbs,"e=1.4,h=9.0,n=30,start_thres=1.25",hub,0.25,100,17,40,1730,36,0,4,1730,0.9,0.0,1.0,0.0,0.2582343234257264
ni_tfnbs,"e=1.4,h=10.0,n=30,start_thres=1.25",hub,0.25,100,17,40,1730,36,0,4,1730,0.9,0.0,1.0,0.0,0.2582343234257264
ni_tfnbs,"e=1.5,h=0.5,n=30,start_thres=1.25",hub,0.25,100,17,40,1730,37,0,3,1730,0.925,0.0,1.0,0.0,0.2582343234257264
ni_tfnbs,"e=1.5,h=1.0,n=30,start_thres=1.25",hub,0.25,100,17,40,1730,37,0,3,1730,0.925,0.0,1.0,0.0,0.2582343234257264
ni_tfnbs,"e=1.5,h=2.0,n=30,start_thres=1.25",hub,0.25,100,17,40,1730,38,0,2,1730,0.95,0.0,1.0,0.0,0.2582343234257264
ni_tfnbs,"e=1.5,h=3.0,n=30,start_thres=1.25",hub,0.25,100,17,40,1730,38,0,2,1730,0.95,0.0,1.0,0.0,0.2582343234257264
ni_tfnbs,"e=1.5,h=4.0,n=30,start_thres=1.25",hub,0.25,100,17,40,1730,38,0,2,1730,0.95,0.0,1.0,0.0,0.2582343234257264
ni_tfnbs,"e=1.5,h=5.0,n=30,start_thres=1.25",hub,0.25,100,17,40,1730,38,0,2,1730,0.95,0.0,1.0,0.0,0.2582343234257264
ni_tfnbs,"e=1.5,h=6.0,n=30,start_thres=1.25",hub,0.25,100,17,40,1730,38,0,2,1730,0.95,0.0,1.0,0.0,0.2582343234257264
ni_tfnbs,"e=1.5,h=7.0,n=30,start_thres=1.25",hub,0.25,100,17,40,1730,38,0,2,1730,0.95,0.0,1.0,0.0,0.2582343234257264
ni_tfnbs,"e=1.5,h=8.0,n=30,start_thres=1.25",hub,0.25,100,17,40,1730,37,0,3,1730,0.925,0.0,1.0,0.0,0.2582343234257264
ni_tfnbs,"e=1.5,h=9.0,n=30,start_thres=1.25",hub,0.25,100,17,40,1730,36,0,4,1730,0.9,0.0,1.0,0.0,0.2582343234257264
ni_tfnbs,"e=1.5,h=10.0,n=30,start_thres=1.25",hub,0.25,100,17,40,1730,36,0,4,1730,0.9,0.0,1.0,0.0,0.2582343234257264
ni_tfnbs,"e=0.05,h=0.5,n=30,start_thres=1.25",hub,0.25,100,18,40,1730,19,0,21,1730,0.475,0.0,1.0,0.0,0.2553061246871948
ni_tfnbs,"e=0.05,h=1.0,n=30,start_thres=1.25",hub,0.25,100,18,40,1730,19,0,21,1730,0.475,0.0,1.0,0.0,0.2553061246871948
ni_tfnbs,"e=0.05,h=2.0,n=30,start_thres=1.25",hub,0.25,100,18,40,1730,19,0,21,1730,0.475,0.0,1.0,0.0,0.2553061246871948
ni_tfnbs,"e=0.05,h=3.0,n=30,start_thres=1.25",hub,0.25,100,18,40,1730,19,0,21,1730,0.475,0.0,1.0,0.0,0.2553061246871948
ni_tfnbs,"e=0.05,h=4.0,n=30,start_thres=1.25",hub,0.25,100,18,40,1730,19,0,21,1730,0.475,0.0,1.0,0.0,0.2553061246871948
ni_tfnbs,"e=0.05,h=5.0,n=30,start_thres=1.25",hub,0.25,100,18,40,1730,19,0,21,1730,0.475,0.0,1.0,0.0,0.2553061246871948
ni_tfnbs,"e=0.05,h=6.0,n=30,start_thres=1.25",hub,0.25,100,18,40,1730,19,0,21,1730,0.475,0.0,1.0,0.0,0.2553061246871948
ni_tfnbs,"e=0.05,h=7.0,n=30,start_thres=1.25",hub,0.25,100,18,40,1730,19,0,21,1730,0.475,0.0,1.0,0.0,0.2553061246871948
ni_tfnbs,"e=0.05,h=8.0,n=30,start_thres=1.25",hub,0.25,100,18,40,1730,19,0,21,1730,0.475,0.0,1.0,0.0,0.2553061246871948
ni_tfnbs,"e=0.05,h=9.0,n=30,start_thres=1.25",hub,0.25,100,18,40,1730,19,0,21,1730,0.475,0.0,1.0,0.0,0.2553061246871948
ni_tfnbs,"e=0.05,h=10.0,n=30,start_thres=1.25",hub,0.25,100,18,40,1730,19,0,21,1730,0.475,0.0,1.0,0.0,0.2553061246871948
ni_tfnbs,"e=0.1,h=0.5,n=30,start_thres=1.25",hub,0.25,100,18,40,1730,21,0,19,1730,0.525,0.0,1.0,0.0,0.2553061246871948
ni_tfnbs,"e=0.1,h=1.0,n=30,start_thres=1.25",hub,0.25,100,18,40,1730,21,0,19,1730,0.525,0.0,1.0,0.0,0.2553061246871948
ni_tfnbs,"e=0.1,h=2.0,n=30,start_thres=1.25",hub,0.25,100,18,40,1730,21,0,19,1730,0.525,0.0,1.0,0.0,0.2553061246871948
ni_tfnbs,"e=0.1,h=3.0,n=30,start_thres=1.25",hub,0.25,100,18,40,1730,19,0,21,1730,0.475,0.0,1.0,0.0,0.2553061246871948
ni_tfnbs,"e=0.1,h=4.0,n=30,start_thres=1.25",hub,0.25,100,18,40,1730,19,0,21,1730,0.475,0.0,1.0,0.0,0.2553061246871948
ni_tfnbs,"e=0.1,h=5.0,n=30,start_thres=1.25",hub,0.25,100,18,40,1730,19,0,21,1730,0.475,0.0,1.0,0.0,0.2553061246871948
ni_tfnbs,"e=0.1,h=6.0,n=30,start_thres=1.25",hub,0.25,100,18,40,1730,19,0,21,1730,0.475,0.0,1.0,0.0,0.2553061246871948
ni_tfnbs,"e=0.1,h=7.0,n=30,start_thres=1.25",hub,0.25,100,18,40,1730,19,0,21,1730,0.475,0.0,1.0,0.0,0.2553061246871948
ni_tfnbs,"e=0.1,h=8.0,n=30,start_thres=1.25",hub,0.25,100,18,40,1730,19,0,21,1730,0.475,0.0,1.0,0.0,0.2553061246871948
ni_tfnbs,"e=0.1,h=9.0,n=30,start_thres=1.25",hub,0.25,100,18,40,1730,19,0,21,1730,0.475,0.0,1.0,0.0,0.2553061246871948
ni_tfnbs,"e=0.1,h=10.0,n=30,start_thres=1.25",hub,0.25,100,18,40,1730,19,0,21,1730,0.475,0.0,1.0,0.0,0.2553061246871948
ni_tfnbs,"e=0.2,h=0.5,n=30,start_thres=1.25",hub,0.25,100,18,40,1730,24,0,16,1730,0.6,0.0,1.0,0.0,0.2553061246871948
ni_tfnbs,"e=0.2,h=1.0,n=30,start_thres=1.25",hub,0.25,100,18,40,1730,24,0,16,1730,0.6,0.0,1.0,0.0,0.2553061246871948
ni_tfnbs,"e=0.2,h=2.0,n=30,start_thres=1.25",hub,0.25,100,18,40,1730,24,0,16,1730,0.6,0.0,1.0,0.0,0.2553061246871948
ni_tfnbs,"e=0.2,h=3.0,n=30,start_thres=1.25",hub,0.25,100,18,40,1730,21,0,19,1730,0.525,0.0,1.0,0.0,0.2553061246871948
ni_tfnbs,"e=0.2,h=4.0,n=30,start_thres=1.25",hub,0.25,100,18,40,1730,21,0,19,1730,0.525,0.0,1.0,0.0,0.2553061246871948
ni_tfnbs,"e=0.2,h=5.0,n=30,start_thres=1.25",hub,0.25,100,18,40,1730,21,0,19,1730,0.525,0.0,1.0,0.0,0.2553061246871948
ni_tfnbs,"e=0.2,h=6.0,n=30,start_thres=1.25",hub,0.25,100,18,40,1730,21,0,19,1730,0.525,0.0,1.0,0.0,0.2553061246871948
ni_tfnbs,"e=0.2,h=7.0,n=30,start_thres=1.25",hub,0.25,100,18,40,1730,21,0,19,1730,0.525,0.0,1.0,0.0,0.2553061246871948
ni_tfnbs,"e=0.2,h=8.0,n=30,start_thres=1.25",hub,0.25,100,18,40,1730,21,0,19,1730,0.525,0.0,1.0,0.0,0.2553061246871948
ni_tfnbs,"e=0.2,h=9.0,n=30,start_thres=1.25",hub,0.25,100,18,40,1730,19,0,21,1730,0.475,0.0,1.0,0.0,0.2553061246871948
ni_tfnbs,"e=0.2,h=10.0,n=30,start_thres=1.25",hub,0.25,100,18,40,1730,19,0,21,1730,0.475,0.0,1.0,0.0,0.2553061246871948
ni_tfnbs,"e=0.3,h=0.5,n=30,start_thres=1.25",hub,0.25,100,18,40,1730,27,1,13,1729,0.675,0.0005780346820809,0.9642857142857144,0.0357142857142857,0.2553061246871948
ni_tfnbs,"e=0.3,h=1.0,n=30,start_thres=1.25",hub,0.25,100,18,40,1730,26,0,14,1730,0.65,0.0,1.0,0.0,0.2553061246871948
ni_tfnbs,"e=0.3,h=2.0,n=30,start_thres=1.25",hub,0.25,100,18,40,1730,24,0,16,1730,0.6,0.0,1.0,0.0,0.2553061246871948
ni_tfnbs,"e=0.3,h=3.0,n=30,start_thres=1.25",hub,0.25,100,18,40,1730,24,0,16,1730,0.6,0.0,1.0,0.0,0.2553061246871948
ni_tfnbs,"e=0.3,h=4.0,n=30,start_thres=1.25",hub,0.25,100,18,40,1730,24,0,16,1730,0.6,0.0,1.0,0.0,0.2553061246871948
ni_tfnbs,"e=0.3,h=5.0,n=30,start_thres=1.25",hub,0.25,100,18,40,1730,22,0,18,1730,0.55,0.0,1.0,0.0,0.2553061246871948
ni_tfnbs,"e=0.3,h=6.0,n=30,start_thres=1.25",hub,0.25,100,18,40,1730,21,0,19,1730,0.525,0.0,1.0,0.0,0.2553061246871948
ni_tfnbs,"e=0.3,h=7.0,n=30,start_thres=1.25",hub,0.25,100,18,40,1730,21,0,19,1730,0.525,0.0,1.0,0.0,0.2553061246871948
ni_tfnbs,"e=0.3,h=8.0,n=30,start_thres=1.25",hub,0.25,100,18,40,1730,21,0,19,1730,0.525,0.0,1.0,0.0,0.2553061246871948
ni_tfnbs,"e=0.3,h=9.0,n=30,start_thres=1.25",hub,0.25,100,18,40,1730,21,0,19,1730,0.525,0.0,1.0,0.0,0.2553061246871948
ni_tfnbs,"e=0.3,h=10.0,n=30,start_thres=1.25",hub,0.25,100,18,40,1730,21,0,19,1730,0.525,0.0,1.0,0.0,0.2553061246871948
ni_tfnbs,"e=0.4,h=0.5,n=30,start_thres=1.25",hub,0.25,100,18,40,1730,29,1,11,1729,0.725,0.0005780346820809,0.9666666666666668,0.0333333333333333,0.2553061246871948
ni_tfnbs,"e=0.4,h=1.0,n=30,start_thres=1.25",hub,0.25,100,18,40,1730,29,1,11,1729,0.725,0.0005780346820809,0.9666666666666668,0.0333333333333333,0.2553061246871948
ni_tfnbs,"e=0.4,h=2.0,n=30,start_thres=1.25",hub,0.25,100,18,40,1730,27,1,13,1729,0.675,0.0005780346820809,0.9642857142857144,0.0357142857142857,0.2553061246871948
ni_tfnbs,"e=0.4,h=3.0,n=30,start_thres=1.25",hub,0.25,100,18,40,1730,26,0,14,1730,0.65,0.0,1.0,0.0,0.2553061246871948
ni_tfnbs,"e=0.4,h=4.0,n=30,start_thres=1.25",hub,0.25,100,18,40,1730,24,0,16,1730,0.6,0.0,1.0,0.0,0.2553061246871948
ni_tfnbs,"e=0.4,h=5.0,n=30,start_thres=1.25",hub,0.25,100,18,40,1730,24,0,16,1730,0.6,0.0,1.0,0.0,0.2553061246871948
ni_tfnbs,"e=0.4,h=6.0,n=30,start_thres=1.25",hub,0.25,100,18,40,1730,24,0,16,1730,0.6,0.0,1.0,0.0,0.2553061246871948
ni_tfnbs,"e=0.4,h=7.0,n=30,start_thres=1.25",hub,0.25,100,18,40,1730,22,0,18,1730,0.55,0.0,1.0,0.0,0.2553061246871948
ni_tfnbs,"e=0.4,h=8.0,n=30,start_thres=1.25",hub,0.25,100,18,40,1730,21,0,19,1730,0.525,0.0,1.0,0.0,0.2553061246871948
ni_tfnbs,"e=0.4,h=9.0,n=30,start_thres=1.25",hub,0.25,100,18,40,1730,21,0,19,1730,0.525,0.0,1.0,0.0,0.2553061246871948
ni_tfnbs,"e=0.4,h=10.0,n=30,start_thres=1.25",hub,0.25,100,18,40,1730,21,0,19,1730,0.525,0.0,1.0,0.0,0.2553061246871948
ni_tfnbs,"e=0.5,h=0.5,n=30,start_thres=1.25",hub,0.25,100,18,40,1730,30,1,10,1729,0.75,0.0005780346820809,0.967741935483871,0.032258064516129,0.2553061246871948
ni_tfnbs,"e=0.5,h=1.0,n=30,start_thres=1.25",hub,0.25,100,18,40,1730,30,1,10,1729,0.75,0.0005780346820809,0.967741935483871,0.032258064516129,0.2553061246871948
ni_tfnbs,"e=0.5,h=2.0,n=30,start_thres=1.25",hub,0.25,100,18,40,1730,29,1,11,1729,0.725,0.0005780346820809,0.9666666666666668,0.0333333333333333,0.2553061246871948
ni_tfnbs,"e=0.5,h=3.0,n=30,start_thres=1.25",hub,0.25,100,18,40,1730,29,1,11,1729,0.725,0.0005780346820809,0.9666666666666668,0.0333333333333333,0.2553061246871948
ni_tfnbs,"e=0.5,h=4.0,n=30,start_thres=1.25",hub,0.25,100,18,40,1730,27,1,13,1729,0.675,0.0005780346820809,0.9642857142857144,0.0357142857142857,0.2553061246871948
ni_tfnbs,"e=0.5,h=5.0,n=30,start_thres=1.25",hub,0.25,100,18,40,1730,26,0,14,1730,0.65,0.0,1.0,0.0,0.2553061246871948
ni_tfnbs,"e=0.5,h=6.0,n=30,start_thres=1.25",hub,0.25,100,18,40,1730,24,0,16,1730,0.6,0.0,1.0,0.0,0.2553061246871948
ni_tfnbs,"e=0.5,h=7.0,n=30,start_thres=1.25",hub,0.25,100,18,40,1730,24,0,16,1730,0.6,0.0,1.0,0.0,0.2553061246871948
ni_tfnbs,"e=0.5,h=8.0,n=30,start_thres=1.25",hub,0.25,100,18,40,1730,24,0,16,1730,0.6,0.0,1.0,0.0,0.2553061246871948
ni_tfnbs,"e=0.5,h=9.0,n=30,start_thres=1.25",hub,0.25,100,18,40,1730,21,0,19,1730,0.525,0.0,1.0,0.0,0.2553061246871948
ni_tfnbs,"e=0.5,h=10.0,n=30,start_thres=1.25",hub,0.25,100,18,40,1730,21,0,19,1730,0.525,0.0,1.0,0.0,0.2553061246871948
ni_tfnbs,"e=0.6,h=0.5,n=30,start_thres=1.25",hub,0.25,100,18,40,1730,30,1,10,1729,0.75,0.0005780346820809,0.967741935483871,0.032258064516129,0.2553061246871948
ni_tfnbs,"e=0.6,h=1.0,n=30,start_thres=1.25",hub,0.25,100,18,40,1730,30,1,10,1729,0.75,0.0005780346820809,0.967741935483871,0.032258064516129,0.2553061246871948
ni_tfnbs,"e=0.6,h=2.0,n=30,start_thres=1.25",hub,0.25,100,18,40,1730,30,1,10,1729,0.75,0.0005780346820809,0.967741935483871,0.032258064516129,0.2553061246871948
ni_tfnbs,"e=0.6,h=3.0,n=30,start_thres=1.25",hub,0.25,100,18,40,1730,29,1,11,1729,0.725,0.0005780346820809,0.9666666666666668,0.0333333333333333,0.2553061246871948
ni_tfnbs,"e=0.6,h=4.0,n=30,start_thres=1.25",hub,0.25,100,18,40,1730,29,1,11,1729,0.725,0.0005780346820809,0.9666666666666668,0.0333333333333333,0.2553061246871948
ni_tfnbs,"e=0.6,h=5.0,n=30,start_thres=1.25",hub,0.25,100,18,40,1730,28,1,12,1729,0.7,0.0005780346820809,0.9655172413793104,0.0344827586206896,0.2553061246871948
ni_tfnbs,"e=0.6,h=6.0,n=30,start_thres=1.25",hub,0.25,100,18,40,1730,26,0,14,1730,0.65,0.0,1.0,0.0,0.2553061246871948
ni_tfnbs,"e=0.6,h=7.0,n=30,start_thres=1.25",hub,0.25,100,18,40,1730,24,0,16,1730,0.6,0.0,1.0,0.0,0.2553061246871948
ni_tfnbs,"e=0.6,h=8.0,n=30,start_thres=1.25",hub,0.25,100,18,40,1730,24,0,16,1730,0.6,0.0,1.0,0.0,0.2553061246871948
ni_tfnbs,"e=0.6,h=9.0,n=30,start_thres=1.25",hub,0.25,100,18,40,1730,24,0,16,1730,0.6,0.0,1.0,0.0,0.2553061246871948
ni_tfnbs,"e=0.6,h=10.0,n=30,start_thres=1.25",hub,0.25,100,18,40,1730,24,0,16,1730,0.6,0.0,1.0,0.0,0.2553061246871948
ni_tfnbs,"e=0.7,h=0.5,n=30,start_thres=1.25",hub,0.25,100,18,40,1730,30,1,10,1729,0.75,0.0005780346820809,0.967741935483871,0.032258064516129,0.2553061246871948
ni_tfnbs,"e=0.7,h=1.0,n=30,start_thres=1.25",hub,0.25,100,18,40,1730,31,1,9,1729,0.775,0.0005780346820809,0.96875,0.03125,0.2553061246871948
ni_tfnbs,"e=0.7,h=2.0,n=30,start_thres=1.25",hub,0.25,100,18,40,1730,31,1,9,1729,0.775,0.0005780346820809,0.96875,0.03125,0.2553061246871948
ni_tfnbs,"e=0.7,h=3.0,n=30,start_thres=1.25",hub,0.25,100,18,40,1730,30,1,10,1729,0.75,0.0005780346820809,0.967741935483871,0.032258064516129,0.2553061246871948
ni_tfnbs,"e=0.7,h=4.0,n=30,start_thres=1.25",hub,0.25,100,18,40,1730,29,1,11,1729,0.725,0.0005780346820809,0.9666666666666668,0.0333333333333333,0.2553061246871948
ni_tfnbs,"e=0.7,h=5.0,n=30,start_thres=1.25",hub,0.25,100,18,40,1730,29,1,11,1729,0.725,0.0005780346820809,0.9666666666666668,0.0333333333333333,0.2553061246871948
ni_tfnbs,"e=0.7,h=6.0,n=30,start_thres=1.25",hub,0.25,100,18,40,1730,28,1,12,1729,0.7,0.0005780346820809,0.9655172413793104,0.0344827586206896,0.2553061246871948
ni_tfnbs,"e=0.7,h=7.0,n=30,start_thres=1.25",hub,0.25,100,18,40,1730,27,1,13,1729,0.675,0.0005780346820809,0.9642857142857144,0.0357142857142857,0.2553061246871948
ni_tfnbs,"e=0.7,h=8.0,n=30,start_thres=1.25",hub,0.25,100,18,40,1730,25,0,15,1730,0.625,0.0,1.0,0.0,0.2553061246871948
ni_tfnbs,"e=0.7,h=9.0,n=30,start_thres=1.25",hub,0.25,100,18,40,1730,24,0,16,1730,0.6,0.0,1.0,0.0,0.2553061246871948
ni_tfnbs,"e=0.7,h=10.0,n=30,start_thres=1.25",hub,0.25,100,18,40,1730,24,0,16,1730,0.6,0.0,1.0,0.0,0.2553061246871948
ni_tfnbs,"e=0.8,h=0.5,n=30,start_thres=1.25",hub,0.25,100,18,40,1730,30,1,10,1729,0.75,0.0005780346820809,0.967741935483871,0.032258064516129,0.2553061246871948
ni_tfnbs,"e=0.8,h=1.0,n=30,start_thres=1.25",hub,0.25,100,18,40,1730,31,1,9,1729,0.775,0.0005780346820809,0.96875,0.03125,0.2553061246871948
ni_tfnbs,"e=0.8,h=2.0,n=30,start_thres=1.25",hub,0.25,100,18,40,1730,31,1,9,1729,0.775,0.0005780346820809,0.96875,0.03125,0.2553061246871948
ni_tfnbs,"e=0.8,h=3.0,n=30,start_thres=1.25",hub,0.25,100,18,40,1730,31,1,9,1729,0.775,0.0005780346820809,0.96875,0.03125,0.2553061246871948
ni_tfnbs,"e=0.8,h=4.0,n=30,start_thres=1.25",hub,0.25,100,18,40,1730,30,1,10,1729,0.75,0.0005780346820809,0.967741935483871,0.032258064516129,0.2553061246871948
ni_tfnbs,"e=0.8,h=5.0,n=30,start_thres=1.25",hub,0.25,100,18,40,1730,29,1,11,1729,0.725,0.0005780346820809,0.9666666666666668,0.0333333333333333,0.2553061246871948
ni_tfnbs,"e=0.8,h=6.0,n=30,start_thres=1.25",hub,0.25,100,18,40,1730,29,1,11,1729,0.725,0.0005780346820809,0.9666666666666668,0.0333333333333333,0.2553061246871948
ni_tfnbs,"e=0.8,h=7.0,n=30,start_thres=1.25",hub,0.25,100,18,40,1730,28,1,12,1729,0.7,0.0005780346820809,0.9655172413793104,0.0344827586206896,0.2553061246871948
ni_tfnbs,"e=0.8,h=8.0,n=30,start_thres=1.25",hub,0.25,100,18,40,1730,27,1,13,1729,0.675,0.0005780346820809,0.9642857142857144,0.0357142857142857,0.2553061246871948
ni_tfnbs,"e=0.8,h=9.0,n=30,start_thres=1.25",hub,0.25,100,18,40,1730,25,0,15,1730,0.625,0.0,1.0,0.0,0.2553061246871948
ni_tfnbs,"e=0.8,h=10.0,n=30,start_thres=1.25",hub,0.25,100,18,40,1730,24,0,16,1730,0.6,0.0,1.0,0.0,0.2553061246871948
ni_tfnbs,"e=0.9,h=0.5,n=30,start_thres=1.25",hub,0.25,100,18,40,1730,32,2,8,1728,0.8,0.0011560693641618,0.9411764705882352,0.0588235294117647,0.2553061246871948
ni_tfnbs,"e=0.9,h=1.0,n=30,start_thres=1.25",hub,0.25,100,18,40,1730,33,2,7,1728,0.825,0.0011560693641618,0.9428571428571428,0.0571428571428571,0.2553061246871948
ni_tfnbs,"e=0.9,h=2.0,n=30,start_thres=1.25",hub,0.25,100,18,40,1730,33,2,7,1728,0.825,0.0011560693641618,0.9428571428571428,0.0571428571428571,0.2553061246871948
ni_tfnbs,"e=0.9,h=3.0,n=30,start_thres=1.25",hub,0.25,100,18,40,1730,31,1,9,1729,0.775,0.0005780346820809,0.96875,0.03125,0.2553061246871948
ni_tfnbs,"e=0.9,h=4.0,n=30,start_thres=1.25",hub,0.25,100,18,40,1730,31,1,9,1729,0.775,0.0005780346820809,0.96875,0.03125,0.2553061246871948
ni_tfnbs,"e=0.9,h=5.0,n=30,start_thres=1.25",hub,0.25,100,18,40,1730,30,1,10,1729,0.75,0.0005780346820809,0.967741935483871,0.032258064516129,0.2553061246871948
ni_tfnbs,"e=0.9,h=6.0,n=30,start_thres=1.25",hub,0.25,100,18,40,1730,29,1,11,1729,0.725,0.0005780346820809,0.9666666666666668,0.0333333333333333,0.2553061246871948
ni_tfnbs,"e=0.9,h=7.0,n=30,start_thres=1.25",hub,0.25,100,18,40,1730,29,1,11,1729,0.725,0.0005780346820809,0.9666666666666668,0.0333333333333333,0.2553061246871948
ni_tfnbs,"e=0.9,h=8.0,n=30,start_thres=1.25",hub,0.25,100,18,40,1730,29,1,11,1729,0.725,0.0005780346820809,0.9666666666666668,0.0333333333333333,0.2553061246871948
ni_tfnbs,"e=0.9,h=9.0,n=30,start_thres=1.25",hub,0.25,100,18,40,1730,27,1,13,1729,0.675,0.0005780346820809,0.9642857142857144,0.0357142857142857,0.2553061246871948
ni_tfnbs,"e=0.9,h=10.0,n=30,start_thres=1.25",hub,0.25,100,18,40,1730,25,0,15,1730,0.625,0.0,1.0,0.0,0.2553061246871948
ni_tfnbs,"e=1.0,h=0.5,n=30,start_thres=1.25",hub,0.25,100,18,40,1730,32,2,8,1728,0.8,0.0011560693641618,0.9411764705882352,0.0588235294117647,0.2553061246871948
ni_tfnbs,"e=1.0,h=1.0,n=30,start_thres=1.25",hub,0.25,100,18,40,1730,33,2,7,1728,0.825,0.0011560693641618,0.9428571428571428,0.0571428571428571,0.2553061246871948
ni_tfnbs,"e=1.0,h=2.0,n=30,start_thres=1.25",hub,0.25,100,18,40,1730,33,2,7,1728,0.825,0.0011560693641618,0.9428571428571428,0.0571428571428571,0.2553061246871948
ni_tfnbs,"e=1.0,h=3.0,n=30,start_thres=1.25",hub,0.25,100,18,40,1730,33,2,7,1728,0.825,0.0011560693641618,0.9428571428571428,0.0571428571428571,0.2553061246871948
ni_tfnbs,"e=1.0,h=4.0,n=30,start_thres=1.25",hub,0.25,100,18,40,1730,31,1,9,1729,0.775,0.0005780346820809,0.96875,0.03125,0.2553061246871948
ni_tfnbs,"e=1.0,h=5.0,n=30,start_thres=1.25",hub,0.25,100,18,40,1730,31,1,9,1729,0.775,0.0005780346820809,0.96875,0.03125,0.2553061246871948
ni_tfnbs,"e=1.0,h=6.0,n=30,start_thres=1.25",hub,0.25,100,18,40,1730,30,1,10,1729,0.75,0.0005780346820809,0.967741935483871,0.032258064516129,0.2553061246871948
ni_tfnbs,"e=1.0,h=7.0,n=30,start_thres=1.25",hub,0.25,100,18,40,1730,29,1,11,1729,0.725,0.0005780346820809,0.9666666666666668,0.0333333333333333,0.2553061246871948
ni_tfnbs,"e=1.0,h=8.0,n=30,start_thres=1.25",hub,0.25,100,18,40,1730,29,1,11,1729,0.725,0.0005780346820809,0.9666666666666668,0.0333333333333333,0.2553061246871948
ni_tfnbs,"e=1.0,h=9.0,n=30,start_thres=1.25",hub,0.25,100,18,40,1730,28,1,12,1729,0.7,0.0005780346820809,0.9655172413793104,0.0344827586206896,0.2553061246871948
ni_tfnbs,"e=1.0,h=10.0,n=30,start_thres=1.25",hub,0.25,100,18,40,1730,28,1,12,1729,0.7,0.0005780346820809,0.9655172413793104,0.0344827586206896,0.2553061246871948
ni_tfnbs,"e=1.1,h=0.5,n=30,start_thres=1.25",hub,0.25,100,18,40,1730,31,2,9,1728,0.775,0.0011560693641618,0.9393939393939394,0.0606060606060606,0.2553061246871948
ni_tfnbs,"e=1.1,h=1.0,n=30,start_thres=1.25",hub,0.25,100,18,40,1730,32,2,8,1728,0.8,0.0011560693641618,0.9411764705882352,0.0588235294117647,0.2553061246871948
ni_tfnbs,"e=1.1,h=2.0,n=30,start_thres=1.25",hub,0.25,100,18,40,1730,33,2,7,1728,0.825,0.0011560693641618,0.9428571428571428,0.0571428571428571,0.2553061246871948
ni_tfnbs,"e=1.1,h=3.0,n=30,start_thres=1.25",hub,0.25,100,18,40,1730,34,2,6,1728,0.85,0.0011560693641618,0.9444444444444444,0.0555555555555555,0.2553061246871948
ni_tfnbs,"e=1.1,h=4.0,n=30,start_thres=1.25",hub,0.25,100,18,40,1730,34,2,6,1728,0.85,0.0011560693641618,0.9444444444444444,0.0555555555555555,0.2553061246871948
ni_tfnbs,"e=1.1,h=5.0,n=30,start_thres=1.25",hub,0.25,100,18,40,1730,31,1,9,1729,0.775,0.0005780346820809,0.96875,0.03125,0.2553061246871948
ni_tfnbs,"e=1.1,h=6.0,n=30,start_thres=1.25",hub,0.25,100,18,40,1730,31,1,9,1729,0.775,0.0005780346820809,0.96875,0.03125,0.2553061246871948
ni_tfnbs,"e=1.1,h=7.0,n=30,start_thres=1.25",hub,0.25,100,18,40,1730,30,1,10,1729,0.75,0.0005780346820809,0.967741935483871,0.032258064516129,0.2553061246871948
ni_tfnbs,"e=1.1,h=8.0,n=30,start_thres=1.25",hub,0.25,100,18,40,1730,29,1,11,1729,0.725,0.0005780346820809,0.9666666666666668,0.0333333333333333,0.2553061246871948
ni_tfnbs,"e=1.1,h=9.0,n=30,start_thres=1.25",hub,0.25,100,18,40,1730,29,1,11,1729,0.725,0.0005780346820809,0.9666666666666668,0.0333333333333333,0.2553061246871948
ni_tfnbs,"e=1.1,h=10.0,n=30,start_thres=1.25",hub,0.25,100,18,40,1730,28,1,12,1729,0.7,0.0005780346820809,0.9655172413793104,0.0344827586206896,0.2553061246871948
ni_tfnbs,"e=1.2,h=0.5,n=30,start_thres=1.25",hub,0.25,100,18,40,1730,30,2,10,1728,0.75,0.0011560693641618,0.9375,0.0625,0.2553061246871948
ni_tfnbs,"e=1.2,h=1.0,n=30,start_thres=1.25",hub,0.25,100,18,40,1730,32,2,8,1728,0.8,0.0011560693641618,0.9411764705882352,0.0588235294117647,0.2553061246871948
ni_tfnbs,"e=1.2,h=2.0,n=30,start_thres=1.25",hub,0.25,100,18,40,1730,33,2,7,1728,0.825,0.0011560693641618,0.9428571428571428,0.0571428571428571,0.2553061246871948
ni_tfnbs,"e=1.2,h=3.0,n=30,start_thres=1.25",hub,0.25,100,18,40,1730,34,2,6,1728,0.85,0.0011560693641618,0.9444444444444444,0.0555555555555555,0.2553061246871948
ni_tfnbs,"e=1.2,h=4.0,n=30,start_thres=1.25",hub,0.25,100,18,40,1730,34,2,6,1728,0.85,0.0011560693641618,0.9444444444444444,0.0555555555555555,0.2553061246871948
ni_tfnbs,"e=1.2,h=5.0,n=30,start_thres=1.25",hub,0.25,100,18,40,1730,32,1,8,1729,0.8,0.0005780346820809,0.9696969696969696,0.0303030303030303,0.2553061246871948
ni_tfnbs,"e=1.2,h=6.0,n=30,start_thres=1.25",hub,0.25,100,18,40,1730,31,1,9,1729,0.775,0.0005780346820809,0.96875,0.03125,0.2553061246871948
ni_tfnbs,"e=1.2,h=7.0,n=30,start_thres=1.25",hub,0.25,100,18,40,1730,31,1,9,1729,0.775,0.0005780346820809,0.96875,0.03125,0.2553061246871948
ni_tfnbs,"e=1.2,h=8.0,n=30,start_thres=1.25",hub,0.25,100,18,40,1730,30,1,10,1729,0.75,0.0005780346820809,0.967741935483871,0.032258064516129,0.2553061246871948
ni_tfnbs,"e=1.2,h=9.0,n=30,start_thres=1.25",hub,0.25,100,18,40,1730,29,1,11,1729,0.725,0.0005780346820809,0.9666666666666668,0.0333333333333333,0.2553061246871948
ni_tfnbs,"e=1.2,h=10.0,n=30,start_thres=1.25",hub,0.25,100,18,40,1730,29,1,11,1729,0.725,0.0005780346820809,0.9666666666666668,0.0333333333333333,0.2553061246871948
ni_tfnbs,"e=1.3,h=0.5,n=30,start_thres=1.25",hub,0.25,100,18,40,1730,30,2,10,1728,0.75,0.0011560693641618,0.9375,0.0625,0.2553061246871948
ni_tfnbs,"e=1.3,h=1.0,n=30,start_thres=1.25",hub,0.25,100,18,40,1730,30,2,10,1728,0.75,0.0011560693641618,0.9375,0.0625,0.2553061246871948
ni_tfnbs,"e=1.3,h=2.0,n=30,start_thres=1.25",hub,0.25,100,18,40,1730,33,2,7,1728,0.825,0.0011560693641618,0.9428571428571428,0.0571428571428571,0.2553061246871948
ni_tfnbs,"e=1.3,h=3.0,n=30,start_thres=1.25",hub,0.25,100,18,40,1730,34,2,6,1728,0.85,0.0011560693641618,0.9444444444444444,0.0555555555555555,0.2553061246871948
ni_tfnbs,"e=1.3,h=4.0,n=30,start_thres=1.25",hub,0.25,100,18,40,1730,34,2,6,1728,0.85,0.0011560693641618,0.9444444444444444,0.0555555555555555,0.2553061246871948
ni_tfnbs,"e=1.3,h=5.0,n=30,start_thres=1.25",hub,0.25,100,18,40,1730,34,2,6,1728,0.85,0.0011560693641618,0.9444444444444444,0.0555555555555555,0.2553061246871948
ni_tfnbs,"e=1.3,h=6.0,n=30,start_thres=1.25",hub,0.25,100,18,40,1730,32,1,8,1729,0.8,0.0005780346820809,0.9696969696969696,0.0303030303030303,0.2553061246871948
ni_tfnbs,"e=1.3,h=7.0,n=30,start_thres=1.25",hub,0.25,100,18,40,1730,31,1,9,1729,0.775,0.0005780346820809,0.96875,0.03125,0.2553061246871948
ni_tfnbs,"e=1.3,h=8.0,n=30,start_thres=1.25",hub,0.25,100,18,40,1730,31,1,9,1729,0.775,0.0005780346820809,0.96875,0.03125,0.2553061246871948
ni_tfnbs,"e=1.3,h=9.0,n=30,start_thres=1.25",hub,0.25,100,18,40,1730,30,1,10,1729,0.75,0.0005780346820809,0.967741935483871,0.032258064516129,0.2553061246871948
ni_tfnbs,"e=1.3,h=10.0,n=30,start_thres=1.25",hub,0.25,100,18,40,1730,29,1,11,1729,0.725,0.0005780346820809,0.9666666666666668,0.0333333333333333,0.2553061246871948
ni_tfnbs,"e=1.4,h=0.5,n=30,start_thres=1.25",hub,0.25,100,18,40,1730,30,2,10,1728,0.75,0.0011560693641618,0.9375,0.0625,0.2553061246871948
ni_tfnbs,"e=1.4,h=1.0,n=30,start_thres=1.25",hub,0.25,100,18,40,1730,30,2,10,1728,0.75,0.0011560693641618,0.9375,0.0625,0.2553061246871948
ni_tfnbs,"e=1.4,h=2.0,n=30,start_thres=1.25",hub,0.25,100,18,40,1730,33,2,7,1728,0.825,0.0011560693641618,0.9428571428571428,0.0571428571428571,0.2553061246871948
ni_tfnbs,"e=1.4,h=3.0,n=30,start_thres=1.25",hub,0.25,100,18,40,1730,34,4,6,1726,0.85,0.0023121387283236,0.8947368421052632,0.1052631578947368,0.2553061246871948
ni_tfnbs,"e=1.4,h=4.0,n=30,start_thres=1.25",hub,0.25,100,18,40,1730,34,2,6,1728,0.85,0.0011560693641618,0.9444444444444444,0.0555555555555555,0.2553061246871948
ni_tfnbs,"e=1.4,h=5.0,n=30,start_thres=1.25",hub,0.25,100,18,40,1730,34,2,6,1728,0.85,0.0011560693641618,0.9444444444444444,0.0555555555555555,0.2553061246871948
ni_tfnbs,"e=1.4,h=6.0,n=30,start_thres=1.25",hub,0.25,100,18,40,1730,34,2,6,1728,0.85,0.0011560693641618,0.9444444444444444,0.0555555555555555,0.2553061246871948
ni_tfnbs,"e=1.4,h=7.0,n=30,start_thres=1.25",hub,0.25,100,18,40,1730,31,1,9,1729,0.775,0.0005780346820809,0.96875,0.03125,0.2553061246871948
ni_tfnbs,"e=1.4,h=8.0,n=30,start_thres=1.25",hub,0.25,100,18,40,1730,31,1,9,1729,0.775,0.0005780346820809,0.96875,0.03125,0.2553061246871948
ni_tfnbs,"e=1.4,h=9.0,n=30,start_thres=1.25",hub,0.25,100,18,40,1730,30,1,10,1729,0.75,0.0005780346820809,0.967741935483871,0.032258064516129,0.2553061246871948
ni_tfnbs,"e=1.4,h=10.0,n=30,start_thres=1.25",hub,0.25,100,18,40,1730,30,1,10,1729,0.75,0.0005780346820809,0.967741935483871,0.032258064516129,0.2553061246871948
ni_tfnbs,"e=1.5,h=0.5,n=30,start_thres=1.25",hub,0.25,100,18,40,1730,30,2,10,1728,0.75,0.0011560693641618,0.9375,0.0625,0.2553061246871948
ni_tfnbs,"e=1.5,h=1.0,n=30,start_thres=1.25",hub,0.25,100,18,40,1730,30,2,10,1728,0.75,0.0011560693641618,0.9375,0.0625,0.2553061246871948
ni_tfnbs,"e=1.5,h=2.0,n=30,start_thres=1.25",hub,0.25,100,18,40,1730,32,2,8,1728,0.8,0.0011560693641618,0.9411764705882352,0.0588235294117647,0.2553061246871948
ni_tfnbs,"e=1.5,h=3.0,n=30,start_thres=1.25",hub,0.25,100,18,40,1730,34,4,6,1726,0.85,0.0023121387283236,0.8947368421052632,0.1052631578947368,0.2553061246871948
ni_tfnbs,"e=1.5,h=4.0,n=30,start_thres=1.25",hub,0.25,100,18,40,1730,34,4,6,1726,0.85,0.0023121387283236,0.8947368421052632,0.1052631578947368,0.2553061246871948
ni_tfnbs,"e=1.5,h=5.0,n=30,start_thres=1.25",hub,0.25,100,18,40,1730,34,2,6,1728,0.85,0.0011560693641618,0.9444444444444444,0.0555555555555555,0.2553061246871948
ni_tfnbs,"e=1.5,h=6.0,n=30,start_thres=1.25",hub,0.25,100,18,40,1730,34,2,6,1728,0.85,0.0011560693641618,0.9444444444444444,0.0555555555555555,0.2553061246871948
ni_tfnbs,"e=1.5,h=7.0,n=30,start_thres=1.25",hub,0.25,100,18,40,1730,34,2,6,1728,0.85,0.0011560693641618,0.9444444444444444,0.0555555555555555,0.2553061246871948
ni_tfnbs,"e=1.5,h=8.0,n=30,start_thres=1.25",hub,0.25,100,18,40,1730,31,1,9,1729,0.775,0.0005780346820809,0.96875,0.03125,0.2553061246871948
ni_tfnbs,"e=1.5,h=9.0,n=30,start_thres=1.25",hub,0.25,100,18,40,1730,31,1,9,1729,0.775,0.0005780346820809,0.96875,0.03125,0.2553061246871948
ni_tfnbs,"e=1.5,h=10.0,n=30,start_thres=1.25",hub,0.25,100,18,40,1730,30,1,10,1729,0.75,0.0005780346820809,0.967741935483871,0.032258064516129,0.2553061246871948
ni_tfnbs,"e=0.05,h=0.5,n=30,start_thres=1.25",hub,0.25,100,19,40,1730,26,0,14,1730,0.65,0.0,1.0,0.0,0.2584136778658086
ni_tfnbs,"e=0.05,h=1.0,n=30,start_thres=1.25",hub,0.25,100,19,40,1730,26,0,14,1730,0.65,0.0,1.0,0.0,0.2584136778658086
ni_tfnbs,"e=0.05,h=2.0,n=30,start_thres=1.25",hub,0.25,100,19,40,1730,26,0,14,1730,0.65,0.0,1.0,0.0,0.2584136778658086
ni_tfnbs,"e=0.05,h=3.0,n=30,start_thres=1.25",hub,0.25,100,19,40,1730,26,0,14,1730,0.65,0.0,1.0,0.0,0.2584136778658086
ni_tfnbs,"e=0.05,h=4.0,n=30,start_thres=1.25",hub,0.25,100,19,40,1730,26,0,14,1730,0.65,0.0,1.0,0.0,0.2584136778658086
ni_tfnbs,"e=0.05,h=5.0,n=30,start_thres=1.25",hub,0.25,100,19,40,1730,26,0,14,1730,0.65,0.0,1.0,0.0,0.2584136778658086
ni_tfnbs,"e=0.05,h=6.0,n=30,start_thres=1.25",hub,0.25,100,19,40,1730,26,0,14,1730,0.65,0.0,1.0,0.0,0.2584136778658086
ni_tfnbs,"e=0.05,h=7.0,n=30,start_thres=1.25",hub,0.25,100,19,40,1730,26,0,14,1730,0.65,0.0,1.0,0.0,0.2584136778658086
ni_tfnbs,"e=0.05,h=8.0,n=30,start_thres=1.25",hub,0.25,100,19,40,1730,26,0,14,1730,0.65,0.0,1.0,0.0,0.2584136778658086
ni_tfnbs,"e=0.05,h=9.0,n=30,start_thres=1.25",hub,0.25,100,19,40,1730,26,0,14,1730,0.65,0.0,1.0,0.0,0.2584136778658086
ni_tfnbs,"e=0.05,h=10.0,n=30,start_thres=1.25",hub,0.25,100,19,40,1730,26,0,14,1730,0.65,0.0,1.0,0.0,0.2584136778658086
ni_tfnbs,"e=0.1,h=0.5,n=30,start_thres=1.25",hub,0.25,100,19,40,1730,28,0,12,1730,0.7,0.0,1.0,0.0,0.2584136778658086
ni_tfnbs,"e=0.1,h=1.0,n=30,start_thres=1.25",hub,0.25,100,19,40,1730,27,0,13,1730,0.675,0.0,1.0,0.0,0.2584136778658086
ni_tfnbs,"e=0.1,h=2.0,n=30,start_thres=1.25",hub,0.25,100,19,40,1730,27,0,13,1730,0.675,0.0,1.0,0.0,0.2584136778658086
ni_tfnbs,"e=0.1,h=3.0,n=30,start_thres=1.25",hub,0.25,100,19,40,1730,26,0,14,1730,0.65,0.0,1.0,0.0,0.2584136778658086
ni_tfnbs,"e=0.1,h=4.0,n=30,start_thres=1.25",hub,0.25,100,19,40,1730,26,0,14,1730,0.65,0.0,1.0,0.0,0.2584136778658086
ni_tfnbs,"e=0.1,h=5.0,n=30,start_thres=1.25",hub,0.25,100,19,40,1730,26,0,14,1730,0.65,0.0,1.0,0.0,0.2584136778658086
ni_tfnbs,"e=0.1,h=6.0,n=30,start_thres=1.25",hub,0.25,100,19,40,1730,26,0,14,1730,0.65,0.0,1.0,0.0,0.2584136778658086
ni_tfnbs,"e=0.1,h=7.0,n=30,start_thres=1.25",hub,0.25,100,19,40,1730,26,0,14,1730,0.65,0.0,1.0,0.0,0.2584136778658086
ni_tfnbs,"e=0.1,h=8.0,n=30,start_thres=1.25",hub,0.25,100,19,40,1730,26,0,14,1730,0.65,0.0,1.0,0.0,0.2584136778658086
ni_tfnbs,"e=0.1,h=9.0,n=30,start_thres=1.25",hub,0.25,100,19,40,1730,26,0,14,1730,0.65,0.0,1.0,0.0,0.2584136778658086
ni_tfnbs,"e=0.1,h=10.0,n=30,start_thres=1.25",hub,0.25,100,19,40,1730,26,0,14,1730,0.65,0.0,1.0,0.0,0.2584136778658086
ni_tfnbs,"e=0.2,h=0.5,n=30,start_thres=1.25",hub,0.25,100,19,40,1730,31,0,9,1730,0.775,0.0,1.0,0.0,0.2584136778658086
ni_tfnbs,"e=0.2,h=1.0,n=30,start_thres=1.25",hub,0.25,100,19,40,1730,29,0,11,1730,0.725,0.0,1.0,0.0,0.2584136778658086
ni_tfnbs,"e=0.2,h=2.0,n=30,start_thres=1.25",hub,0.25,100,19,40,1730,29,0,11,1730,0.725,0.0,1.0,0.0,0.2584136778658086
ni_tfnbs,"e=0.2,h=3.0,n=30,start_thres=1.25",hub,0.25,100,19,40,1730,29,0,11,1730,0.725,0.0,1.0,0.0,0.2584136778658086
ni_tfnbs,"e=0.2,h=4.0,n=30,start_thres=1.25",hub,0.25,100,19,40,1730,29,0,11,1730,0.725,0.0,1.0,0.0,0.2584136778658086
ni_tfnbs,"e=0.2,h=5.0,n=30,start_thres=1.25",hub,0.25,100,19,40,1730,29,0,11,1730,0.725,0.0,1.0,0.0,0.2584136778658086
ni_tfnbs,"e=0.2,h=6.0,n=30,start_thres=1.25",hub,0.25,100,19,40,1730,28,0,12,1730,0.7,0.0,1.0,0.0,0.2584136778658086
ni_tfnbs,"e=0.2,h=7.0,n=30,start_thres=1.25",hub,0.25,100,19,40,1730,27,0,13,1730,0.675,0.0,1.0,0.0,0.2584136778658086
ni_tfnbs,"e=0.2,h=8.0,n=30,start_thres=1.25",hub,0.25,100,19,40,1730,26,0,14,1730,0.65,0.0,1.0,0.0,0.2584136778658086
ni_tfnbs,"e=0.2,h=9.0,n=30,start_thres=1.25",hub,0.25,100,19,40,1730,26,0,14,1730,0.65,0.0,1.0,0.0,0.2584136778658086
ni_tfnbs,"e=0.2,h=10.0,n=30,start_thres=1.25",hub,0.25,100,19,40,1730,26,0,14,1730,0.65,0.0,1.0,0.0,0.2584136778658086
ni_tfnbs,"e=0.3,h=0.5,n=30,start_thres=1.25",hub,0.25,100,19,40,1730,32,0,8,1730,0.8,0.0,1.0,0.0,0.2584136778658086
ni_tfnbs,"e=0.3,h=1.0,n=30,start_thres=1.25",hub,0.25,100,19,40,1730,32,0,8,1730,0.8,0.0,1.0,0.0,0.2584136778658086
ni_tfnbs,"e=0.3,h=2.0,n=30,start_thres=1.25",hub,0.25,100,19,40,1730,31,0,9,1730,0.775,0.0,1.0,0.0,0.2584136778658086
ni_tfnbs,"e=0.3,h=3.0,n=30,start_thres=1.25",hub,0.25,100,19,40,1730,31,0,9,1730,0.775,0.0,1.0,0.0,0.2584136778658086
ni_tfnbs,"e=0.3,h=4.0,n=30,start_thres=1.25",hub,0.25,100,19,40,1730,29,0,11,1730,0.725,0.0,1.0,0.0,0.2584136778658086
ni_tfnbs,"e=0.3,h=5.0,n=30,start_thres=1.25",hub,0.25,100,19,40,1730,29,0,11,1730,0.725,0.0,1.0,0.0,0.2584136778658086
ni_tfnbs,"e=0.3,h=6.0,n=30,start_thres=1.25",hub,0.25,100,19,40,1730,29,0,11,1730,0.725,0.0,1.0,0.0,0.2584136778658086
ni_tfnbs,"e=0.3,h=7.0,n=30,start_thres=1.25",hub,0.25,100,19,40,1730,29,0,11,1730,0.725,0.0,1.0,0.0,0.2584136778658086
ni_tfnbs,"e=0.3,h=8.0,n=30,start_thres=1.25",hub,0.25,100,19,40,1730,29,0,11,1730,0.725,0.0,1.0,0.0,0.2584136778658086
ni_tfnbs,"e=0.3,h=9.0,n=30,start_thres=1.25",hub,0.25,100,19,40,1730,29,0,11,1730,0.725,0.0,1.0,0.0,0.2584136778658086
ni_tfnbs,"e=0.3,h=10.0,n=30,start_thres=1.25",hub,0.25,100,19,40,1730,28,0,12,1730,0.7,0.0,1.0,0.0,0.2584136778658086
ni_tfnbs,"e=0.4,h=0.5,n=30,start_thres=1.25",hub,0.25,100,19,40,1730,33,0,7,1730,0.825,0.0,1.0,0.0,0.2584136778658086
ni_tfnbs,"e=0.4,h=1.0,n=30,start_thres=1.25",hub,0.25,100,19,40,1730,33,0,7,1730,0.825,0.0,1.0,0.0,0.2584136778658086
ni_tfnbs,"e=0.4,h=2.0,n=30,start_thres=1.25",hub,0.25,100,19,40,1730,32,0,8,1730,0.8,0.0,1.0,0.0,0.2584136778658086
ni_tfnbs,"e=0.4,h=3.0,n=30,start_thres=1.25",hub,0.25,100,19,40,1730,32,0,8,1730,0.8,0.0,1.0,0.0,0.2584136778658086
ni_tfnbs,"e=0.4,h=4.0,n=30,start_thres=1.25",hub,0.25,100,19,40,1730,31,0,9,1730,0.775,0.0,1.0,0.0,0.2584136778658086
ni_tfnbs,"e=0.4,h=5.0,n=30,start_thres=1.25",hub,0.25,100,19,40,1730,31,0,9,1730,0.775,0.0,1.0,0.0,0.2584136778658086
ni_tfnbs,"e=0.4,h=6.0,n=30,start_thres=1.25",hub,0.25,100,19,40,1730,29,0,11,1730,0.725,0.0,1.0,0.0,0.2584136778658086
ni_tfnbs,"e=0.4,h=7.0,n=30,start_thres=1.25",hub,0.25,100,19,40,1730,29,0,11,1730,0.725,0.0,1.0,0.0,0.2584136778658086
ni_tfnbs,"e=0.4,h=8.0,n=30,start_thres=1.25",hub,0.25,100,19,40,1730,29,0,11,1730,0.725,0.0,1.0,0.0,0.2584136778658086
ni_tfnbs,"e=0.4,h=9.0,n=30,start_thres=1.25",hub,0.25,100,19,40,1730,29,0,11,1730,0.725,0.0,1.0,0.0,0.2584136778658086
ni_tfnbs,"e=0.4,h=10.0,n=30,start_thres=1.25",hub,0.25,100,19,40,1730,29,0,11,1730,0.725,0.0,1.0,0.0,0.2584136778658086
ni_tfnbs,"e=0.5,h=0.5,n=30,start_thres=1.25",hub,0.25,100,19,40,1730,34,0,6,1730,0.85,0.0,1.0,0.0,0.2584136778658086
ni_tfnbs,"e=0.5,h=1.0,n=30,start_thres=1.25",hub,0.25,100,19,40,1730,34,0,6,1730,0.85,0.0,1.0,0.0,0.2584136778658086
ni_tfnbs,"e=0.5,h=2.0,n=30,start_thres=1.25",hub,0.25,100,19,40,1730,33,0,7,1730,0.825,0.0,1.0,0.0,0.2584136778658086
ni_tfnbs,"e=0.5,h=3.0,n=30,start_thres=1.25",hub,0.25,100,19,40,1730,33,0,7,1730,0.825,0.0,1.0,0.0,0.2584136778658086
ni_tfnbs,"e=0.5,h=4.0,n=30,start_thres=1.25",hub,0.25,100,19,40,1730,32,0,8,1730,0.8,0.0,1.0,0.0,0.2584136778658086
ni_tfnbs,"e=0.5,h=5.0,n=30,start_thres=1.25",hub,0.25,100,19,40,1730,32,0,8,1730,0.8,0.0,1.0,0.0,0.2584136778658086
ni_tfnbs,"e=0.5,h=6.0,n=30,start_thres=1.25",hub,0.25,100,19,40,1730,31,0,9,1730,0.775,0.0,1.0,0.0,0.2584136778658086
ni_tfnbs,"e=0.5,h=7.0,n=30,start_thres=1.25",hub,0.25,100,19,40,1730,31,0,9,1730,0.775,0.0,1.0,0.0,0.2584136778658086
ni_tfnbs,"e=0.5,h=8.0,n=30,start_thres=1.25",hub,0.25,100,19,40,1730,29,0,11,1730,0.725,0.0,1.0,0.0,0.2584136778658086
ni_tfnbs,"e=0.5,h=9.0,n=30,start_thres=1.25",hub,0.25,100,19,40,1730,29,0,11,1730,0.725,0.0,1.0,0.0,0.2584136778658086
ni_tfnbs,"e=0.5,h=10.0,n=30,start_thres=1.25",hub,0.25,100,19,40,1730,29,0,11,1730,0.725,0.0,1.0,0.0,0.2584136778658086
ni_tfnbs,"e=0.6,h=0.5,n=30,start_thres=1.25",hub,0.25,100,19,40,1730,36,0,4,1730,0.9,0.0,1.0,0.0,0.2584136778658086
ni_tfnbs,"e=0.6,h=1.0,n=30,start_thres=1.25",hub,0.25,100,19,40,1730,36,0,4,1730,0.9,0.0,1.0,0.0,0.2584136778658086
ni_tfnbs,"e=0.6,h=2.0,n=30,start_thres=1.25",hub,0.25,100,19,40,1730,36,0,4,1730,0.9,0.0,1.0,0.0,0.2584136778658086
ni_tfnbs,"e=0.6,h=3.0,n=30,start_thres=1.25",hub,0.25,100,19,40,1730,33,0,7,1730,0.825,0.0,1.0,0.0,0.2584136778658086
ni_tfnbs,"e=0.6,h=4.0,n=30,start_thres=1.25",hub,0.25,100,19,40,1730,33,0,7,1730,0.825,0.0,1.0,0.0,0.2584136778658086
ni_tfnbs,"e=0.6,h=5.0,n=30,start_thres=1.25",hub,0.25,100,19,40,1730,32,0,8,1730,0.8,0.0,1.0,0.0,0.2584136778658086
ni_tfnbs,"e=0.6,h=6.0,n=30,start_thres=1.25",hub,0.25,100,19,40,1730,32,0,8,1730,0.8,0.0,1.0,0.0,0.2584136778658086
ni_tfnbs,"e=0.6,h=7.0,n=30,start_thres=1.25",hub,0.25,100,19,40,1730,32,0,8,1730,0.8,0.0,1.0,0.0,0.2584136778658086
ni_tfnbs,"e=0.6,h=8.0,n=30,start_thres=1.25",hub,0.25,100,19,40,1730,31,0,9,1730,0.775,0.0,1.0,0.0,0.2584136778658086
ni_tfnbs,"e=0.6,h=9.0,n=30,start_thres=1.25",hub,0.25,100,19,40,1730,31,0,9,1730,0.775,0.0,1.0,0.0,0.2584136778658086
ni_tfnbs,"e=0.6,h=10.0,n=30,start_thres=1.25",hub,0.25,100,19,40,1730,29,0,11,1730,0.725,0.0,1.0,0.0,0.2584136778658086
ni_tfnbs,"e=0.7,h=0.5,n=30,start_thres=1.25",hub,0.25,100,19,40,1730,36,0,4,1730,0.9,0.0,1.0,0.0,0.2584136778658086
ni_tfnbs,"e=0.7,h=1.0,n=30,start_thres=1.25",hub,0.25,100,19,40,1730,36,0,4,1730,0.9,0.0,1.0,0.0,0.2584136778658086
ni_tfnbs,"e=0.7,h=2.0,n=30,start_thres=1.25",hub,0.25,100,19,40,1730,36,0,4,1730,0.9,0.0,1.0,0.0,0.2584136778658086
ni_tfnbs,"e=0.7,h=3.0,n=30,start_thres=1.25",hub,0.25,100,19,40,1730,36,0,4,1730,0.9,0.0,1.0,0.0,0.2584136778658086
ni_tfnbs,"e=0.7,h=4.0,n=30,start_thres=1.25",hub,0.25,100,19,40,1730,34,0,6,1730,0.85,0.0,1.0,0.0,0.2584136778658086
ni_tfnbs,"e=0.7,h=5.0,n=30,start_thres=1.25",hub,0.25,100,19,40,1730,33,0,7,1730,0.825,0.0,1.0,0.0,0.2584136778658086
ni_tfnbs,"e=0.7,h=6.0,n=30,start_thres=1.25",hub,0.25,100,19,40,1730,32,0,8,1730,0.8,0.0,1.0,0.0,0.2584136778658086
ni_tfnbs,"e=0.7,h=7.0,n=30,start_thres=1.25",hub,0.25,100,19,40,1730,32,0,8,1730,0.8,0.0,1.0,0.0,0.2584136778658086
ni_tfnbs,"e=0.7,h=8.0,n=30,start_thres=1.25",hub,0.25,100,19,40,1730,32,0,8,1730,0.8,0.0,1.0,0.0,0.2584136778658086
ni_tfnbs,"e=0.7,h=9.0,n=30,start_thres=1.25",hub,0.25,100,19,40,1730,31,0,9,1730,0.775,0.0,1.0,0.0,0.2584136778658086
ni_tfnbs,"e=0.7,h=10.0,n=30,start_thres=1.25",hub,0.25,100,19,40,1730,31,0,9,1730,0.775,0.0,1.0,0.0,0.2584136778658086
ni_tfnbs,"e=0.8,h=0.5,n=30,start_thres=1.25",hub,0.25,100,19,40,1730,36,0,4,1730,0.9,0.0,1.0,0.0,0.2584136778658086
ni_tfnbs,"e=0.8,h=1.0,n=30,start_thres=1.25",hub,0.25,100,19,40,1730,36,1,4,1729,0.9,0.0005780346820809,0.972972972972973,0.027027027027027,0.2584136778658086
ni_tfnbs,"e=0.8,h=2.0,n=30,start_thres=1.25",hub,0.25,100,19,40,1730,36,1,4,1729,0.9,0.0005780346820809,0.972972972972973,0.027027027027027,0.2584136778658086
ni_tfnbs,"e=0.8,h=3.0,n=30,start_thres=1.25",hub,0.25,100,19,40,1730,36,0,4,1730,0.9,0.0,1.0,0.0,0.2584136778658086
ni_tfnbs,"e=0.8,h=4.0,n=30,start_thres=1.25",hub,0.25,100,19,40,1730,36,0,4,1730,0.9,0.0,1.0,0.0,0.2584136778658086
ni_tfnbs,"e=0.8,h=5.0,n=30,start_thres=1.25",hub,0.25,100,19,40,1730,34,0,6,1730,0.85,0.0,1.0,0.0,0.2584136778658086
ni_tfnbs,"e=0.8,h=6.0,n=30,start_thres=1.25",hub,0.25,100,19,40,1730,33,0,7,1730,0.825,0.0,1.0,0.0,0.2584136778658086
ni_tfnbs,"e=0.8,h=7.0,n=30,start_thres=1.25",hub,0.25,100,19,40,1730,32,0,8,1730,0.8,0.0,1.0,0.0,0.2584136778658086
ni_tfnbs,"e=0.8,h=8.0,n=30,start_thres=1.25",hub,0.25,100,19,40,1730,32,0,8,1730,0.8,0.0,1.0,0.0,0.2584136778658086
ni_tfnbs,"e=0.8,h=9.0,n=30,start_thres=1.25",hub,0.25,100,19,40,1730,32,0,8,1730,0.8,0.0,1.0,0.0,0.2584136778658086
ni_tfnbs,"e=0.8,h=10.0,n=30,start_thres=1.25",hub,0.25,100,19,40,1730,31,0,9,1730,0.775,0.0,1.0,0.0,0.2584136778658086
ni_tfnbs,"e=0.9,h=0.5,n=30,start_thres=1.25",hub,0.25,100,19,40,1730,36,1,4,1729,0.9,0.0005780346820809,0.972972972972973,0.027027027027027,0.2584136778658086
ni_tfnbs,"e=0.9,h=1.0,n=30,start_thres=1.25",hub,0.25,100,19,40,1730,36,1,4,1729,0.9,0.0005780346820809,0.972972972972973,0.027027027027027,0.2584136778658086
ni_tfnbs,"e=0.9,h=2.0,n=30,start_thres=1.25",hub,0.25,100,19,40,1730,36,1,4,1729,0.9,0.0005780346820809,0.972972972972973,0.027027027027027,0.2584136778658086
ni_tfnbs,"e=0.9,h=3.0,n=30,start_thres=1.25",hub,0.25,100,19,40,1730,36,1,4,1729,0.9,0.0005780346820809,0.972972972972973,0.027027027027027,0.2584136778658086
ni_tfnbs,"e=0.9,h=4.0,n=30,start_thres=1.25",hub,0.25,100,19,40,1730,36,0,4,1730,0.9,0.0,1.0,0.0,0.2584136778658086
ni_tfnbs,"e=0.9,h=5.0,n=30,start_thres=1.25",hub,0.25,100,19,40,1730,36,0,4,1730,0.9,0.0,1.0,0.0,0.2584136778658086
ni_tfnbs,"e=0.9,h=6.0,n=30,start_thres=1.25",hub,0.25,100,19,40,1730,34,0,6,1730,0.85,0.0,1.0,0.0,0.2584136778658086
ni_tfnbs,"e=0.9,h=7.0,n=30,start_thres=1.25",hub,0.25,100,19,40,1730,33,0,7,1730,0.825,0.0,1.0,0.0,0.2584136778658086
ni_tfnbs,"e=0.9,h=8.0,n=30,start_thres=1.25",hub,0.25,100,19,40,1730,32,0,8,1730,0.8,0.0,1.0,0.0,0.2584136778658086
ni_tfnbs,"e=0.9,h=9.0,n=30,start_thres=1.25",hub,0.25,100,19,40,1730,32,0,8,1730,0.8,0.0,1.0,0.0,0.2584136778658086
ni_tfnbs,"e=0.9,h=10.0,n=30,start_thres=1.25",hub,0.25,100,19,40,1730,32,0,8,1730,0.8,0.0,1.0,0.0,0.2584136778658086
ni_tfnbs,"e=1.0,h=0.5,n=30,start_thres=1.25",hub,0.25,100,19,40,1730,36,1,4,1729,0.9,0.0005780346820809,0.972972972972973,0.027027027027027,0.2584136778658086
ni_tfnbs,"e=1.0,h=1.0,n=30,start_thres=1.25",hub,0.25,100,19,40,1730,36,1,4,1729,0.9,0.0005780346820809,0.972972972972973,0.027027027027027,0.2584136778658086
ni_tfnbs,"e=1.0,h=2.0,n=30,start_thres=1.25",hub,0.25,100,19,40,1730,36,1,4,1729,0.9,0.0005780346820809,0.972972972972973,0.027027027027027,0.2584136778658086
ni_tfnbs,"e=1.0,h=3.0,n=30,start_thres=1.25",hub,0.25,100,19,40,1730,36,1,4,1729,0.9,0.0005780346820809,0.972972972972973,0.027027027027027,0.2584136778658086
ni_tfnbs,"e=1.0,h=4.0,n=30,start_thres=1.25",hub,0.25,100,19,40,1730,36,1,4,1729,0.9,0.0005780346820809,0.972972972972973,0.027027027027027,0.2584136778658086
ni_tfnbs,"e=1.0,h=5.0,n=30,start_thres=1.25",hub,0.25,100,19,40,1730,36,0,4,1730,0.9,0.0,1.0,0.0,0.2584136778658086
ni_tfnbs,"e=1.0,h=6.0,n=30,start_thres=1.25",hub,0.25,100,19,40,1730,36,0,4,1730,0.9,0.0,1.0,0.0,0.2584136778658086
ni_tfnbs,"e=1.0,h=7.0,n=30,start_thres=1.25",hub,0.25,100,19,40,1730,34,0,6,1730,0.85,0.0,1.0,0.0,0.2584136778658086
ni_tfnbs,"e=1.0,h=8.0,n=30,start_thres=1.25",hub,0.25,100,19,40,1730,33,0,7,1730,0.825,0.0,1.0,0.0,0.2584136778658086
ni_tfnbs,"e=1.0,h=9.0,n=30,start_thres=1.25",hub,0.25,100,19,40,1730,32,0,8,1730,0.8,0.0,1.0,0.0,0.2584136778658086
ni_tfnbs,"e=1.0,h=10.0,n=30,start_thres=1.25",hub,0.25,100,19,40,1730,32,0,8,1730,0.8,0.0,1.0,0.0,0.2584136778658086
ni_tfnbs,"e=1.1,h=0.5,n=30,start_thres=1.25",hub,0.25,100,19,40,1730,36,1,4,1729,0.9,0.0005780346820809,0.972972972972973,0.027027027027027,0.2584136778658086
ni_tfnbs,"e=1.1,h=1.0,n=30,start_thres=1.25",hub,0.25,100,19,40,1730,36,1,4,1729,0.9,0.0005780346820809,0.972972972972973,0.027027027027027,0.2584136778658086
ni_tfnbs,"e=1.1,h=2.0,n=30,start_thres=1.25",hub,0.25,100,19,40,1730,36,1,4,1729,0.9,0.0005780346820809,0.972972972972973,0.027027027027027,0.2584136778658086
ni_tfnbs,"e=1.1,h=3.0,n=30,start_thres=1.25",hub,0.25,100,19,40,1730,36,1,4,1729,0.9,0.0005780346820809,0.972972972972973,0.027027027027027,0.2584136778658086
ni_tfnbs,"e=1.1,h=4.0,n=30,start_thres=1.25",hub,0.25,100,19,40,1730,36,1,4,1729,0.9,0.0005780346820809,0.972972972972973,0.027027027027027,0.2584136778658086
ni_tfnbs,"e=1.1,h=5.0,n=30,start_thres=1.25",hub,0.25,100,19,40,1730,36,1,4,1729,0.9,0.0005780346820809,0.972972972972973,0.027027027027027,0.2584136778658086
ni_tfnbs,"e=1.1,h=6.0,n=30,start_thres=1.25",hub,0.25,100,19,40,1730,36,0,4,1730,0.9,0.0,1.0,0.0,0.2584136778658086
ni_tfnbs,"e=1.1,h=7.0,n=30,start_thres=1.25",hub,0.25,100,19,40,1730,36,0,4,1730,0.9,0.0,1.0,0.0,0.2584136778658086
ni_tfnbs,"e=1.1,h=8.0,n=30,start_thres=1.25",hub,0.25,100,19,40,1730,34,0,6,1730,0.85,0.0,1.0,0.0,0.2584136778658086
ni_tfnbs,"e=1.1,h=9.0,n=30,start_thres=1.25",hub,0.25,100,19,40,1730,33,0,7,1730,0.825,0.0,1.0,0.0,0.2584136778658086
ni_tfnbs,"e=1.1,h=10.0,n=30,start_thres=1.25",hub,0.25,100,19,40,1730,32,0,8,1730,0.8,0.0,1.0,0.0,0.2584136778658086
ni_tfnbs,"e=1.2,h=0.5,n=30,start_thres=1.25",hub,0.25,100,19,40,1730,36,1,4,1729,0.9,0.0005780346820809,0.972972972972973,0.027027027027027,0.2584136778658086
ni_tfnbs,"e=1.2,h=1.0,n=30,start_thres=1.25",hub,0.25,100,19,40,1730,36,1,4,1729,0.9,0.0005780346820809,0.972972972972973,0.027027027027027,0.2584136778658086
ni_tfnbs,"e=1.2,h=2.0,n=30,start_thres=1.25",hub,0.25,100,19,40,1730,36,1,4,1729,0.9,0.0005780346820809,0.972972972972973,0.027027027027027,0.2584136778658086
ni_tfnbs,"e=1.2,h=3.0,n=30,start_thres=1.25",hub,0.25,100,19,40,1730,36,1,4,1729,0.9,0.0005780346820809,0.972972972972973,0.027027027027027,0.2584136778658086
ni_tfnbs,"e=1.2,h=4.0,n=30,start_thres=1.25",hub,0.25,100,19,40,1730,36,1,4,1729,0.9,0.0005780346820809,0.972972972972973,0.027027027027027,0.2584136778658086
ni_tfnbs,"e=1.2,h=5.0,n=30,start_thres=1.25",hub,0.25,100,19,40,1730,36,1,4,1729,0.9,0.0005780346820809,0.972972972972973,0.027027027027027,0.2584136778658086
ni_tfnbs,"e=1.2,h=6.0,n=30,start_thres=1.25",hub,0.25,100,19,40,1730,36,1,4,1729,0.9,0.0005780346820809,0.972972972972973,0.027027027027027,0.2584136778658086
ni_tfnbs,"e=1.2,h=7.0,n=30,start_thres=1.25",hub,0.25,100,19,40,1730,36,0,4,1730,0.9,0.0,1.0,0.0,0.2584136778658086
ni_tfnbs,"e=1.2,h=8.0,n=30,start_thres=1.25",hub,0.25,100,19,40,1730,36,0,4,1730,0.9,0.0,1.0,0.0,0.2584136778658086
ni_tfnbs,"e=1.2,h=9.0,n=30,start_thres=1.25",hub,0.25,100,19,40,1730,34,0,6,1730,0.85,0.0,1.0,0.0,0.2584136778658086
ni_tfnbs,"e=1.2,h=10.0,n=30,start_thres=1.25",hub,0.25,100,19,40,1730,33,0,7,1730,0.825,0.0,1.0,0.0,0.2584136778658086
ni_tfnbs,"e=1.3,h=0.5,n=30,start_thres=1.25",hub,0.25,100,19,40,1730,36,1,4,1729,0.9,0.0005780346820809,0.972972972972973,0.027027027027027,0.2584136778658086
ni_tfnbs,"e=1.3,h=1.0,n=30,start_thres=1.25",hub,0.25,100,19,40,1730,36,1,4,1729,0.9,0.0005780346820809,0.972972972972973,0.027027027027027,0.2584136778658086
ni_tfnbs,"e=1.3,h=2.0,n=30,start_thres=1.25",hub,0.25,100,19,40,1730,36,1,4,1729,0.9,0.0005780346820809,0.972972972972973,0.027027027027027,0.2584136778658086
ni_tfnbs,"e=1.3,h=3.0,n=30,start_thres=1.25",hub,0.25,100,19,40,1730,36,1,4,1729,0.9,0.0005780346820809,0.972972972972973,0.027027027027027,0.2584136778658086
ni_tfnbs,"e=1.3,h=4.0,n=30,start_thres=1.25",hub,0.25,100,19,40,1730,36,1,4,1729,0.9,0.0005780346820809,0.972972972972973,0.027027027027027,0.2584136778658086
ni_tfnbs,"e=1.3,h=5.0,n=30,start_thres=1.25",hub,0.25,100,19,40,1730,36,1,4,1729,0.9,0.0005780346820809,0.972972972972973,0.027027027027027,0.2584136778658086
ni_tfnbs,"e=1.3,h=6.0,n=30,start_thres=1.25",hub,0.25,100,19,40,1730,36,1,4,1729,0.9,0.0005780346820809,0.972972972972973,0.027027027027027,0.2584136778658086
ni_tfnbs,"e=1.3,h=7.0,n=30,start_thres=1.25",hub,0.25,100,19,40,1730,36,1,4,1729,0.9,0.0005780346820809,0.972972972972973,0.027027027027027,0.2584136778658086
ni_tfnbs,"e=1.3,h=8.0,n=30,start_thres=1.25",hub,0.25,100,19,40,1730,36,0,4,1730,0.9,0.0,1.0,0.0,0.2584136778658086
ni_tfnbs,"e=1.3,h=9.0,n=30,start_thres=1.25",hub,0.25,100,19,40,1730,36,0,4,1730,0.9,0.0,1.0,0.0,0.2584136778658086
ni_tfnbs,"e=1.3,h=10.0,n=30,start_thres=1.25",hub,0.25,100,19,40,1730,34,0,6,1730,0.85,0.0,1.0,0.0,0.2584136778658086
ni_tfnbs,"e=1.4,h=0.5,n=30,start_thres=1.25",hub,0.25,100,19,40,1730,36,0,4,1730,0.9,0.0,1.0,0.0,0.2584136778658086
ni_tfnbs,"e=1.4,h=1.0,n=30,start_thres=1.25",hub,0.25,100,19,40,1730,37,1,3,1729,0.925,0.0005780346820809,0.9736842105263158,0.0263157894736842,0.2584136778658086
ni_tfnbs,"e=1.4,h=2.0,n=30,start_thres=1.25",hub,0.25,100,19,40,1730,37,1,3,1729,0.925,0.0005780346820809,0.9736842105263158,0.0263157894736842,0.2584136778658086
ni_tfnbs,"e=1.4,h=3.0,n=30,start_thres=1.25",hub,0.25,100,19,40,1730,38,1,2,1729,0.95,0.0005780346820809,0.9743589743589745,0.0256410256410256,0.2584136778658086
ni_tfnbs,"e=1.4,h=4.0,n=30,start_thres=1.25",hub,0.25,100,19,40,1730,37,1,3,1729,0.925,0.0005780346820809,0.9736842105263158,0.0263157894736842,0.2584136778658086
ni_tfnbs,"e=1.4,h=5.0,n=30,start_thres=1.25",hub,0.25,100,19,40,1730,36,1,4,1729,0.9,0.0005780346820809,0.972972972972973,0.027027027027027,0.2584136778658086
ni_tfnbs,"e=1.4,h=6.0,n=30,start_thres=1.25",hub,0.25,100,19,40,1730,36,1,4,1729,0.9,0.0005780346820809,0.972972972972973,0.027027027027027,0.2584136778658086
ni_tfnbs,"e=1.4,h=7.0,n=30,start_thres=1.25",hub,0.25,100,19,40,1730,36,1,4,1729,0.9,0.0005780346820809,0.972972972972973,0.027027027027027,0.2584136778658086
ni_tfnbs,"e=1.4,h=8.0,n=30,start_thres=1.25",hub,0.25,100,19,40,1730,36,1,4,1729,0.9,0.0005780346820809,0.972972972972973,0.027027027027027,0.2584136778658086
ni_tfnbs,"e=1.4,h=9.0,n=30,start_thres=1.25",hub,0.25,100,19,40,1730,36,0,4,1730,0.9,0.0,1.0,0.0,0.2584136778658086
ni_tfnbs,"e=1.4,h=10.0,n=30,start_thres=1.25",hub,0.25,100,19,40,1730,36,0,4,1730,0.9,0.0,1.0,0.0,0.2584136778658086
ni_tfnbs,"e=1.5,h=0.5,n=30,start_thres=1.25",hub,0.25,100,19,40,1730,36,0,4,1730,0.9,0.0,1.0,0.0,0.2584136778658086
ni_tfnbs,"e=1.5,h=1.0,n=30,start_thres=1.25",hub,0.25,100,19,40,1730,37,1,3,1729,0.925,0.0005780346820809,0.9736842105263158,0.0263157894736842,0.2584136778658086
ni_tfnbs,"e=1.5,h=2.0,n=30,start_thres=1.25",hub,0.25,100,19,40,1730,37,1,3,1729,0.925,0.0005780346820809,0.9736842105263158,0.0263157894736842,0.2584136778658086
ni_tfnbs,"e=1.5,h=3.0,n=30,start_thres=1.25",hub,0.25,100,19,40,1730,38,1,2,1729,0.95,0.0005780346820809,0.9743589743589745,0.0256410256410256,0.2584136778658086
ni_tfnbs,"e=1.5,h=4.0,n=30,start_thres=1.25",hub,0.25,100,19,40,1730,38,1,2,1729,0.95,0.0005780346820809,0.9743589743589745,0.0256410256410256,0.2584136778658086
ni_tfnbs,"e=1.5,h=5.0,n=30,start_thres=1.25",hub,0.25,100,19,40,1730,37,1,3,1729,0.925,0.0005780346820809,0.9736842105263158,0.0263157894736842,0.2584136778658086
ni_tfnbs,"e=1.5,h=6.0,n=30,start_thres=1.25",hub,0.25,100,19,40,1730,36,1,4,1729,0.9,0.0005780346820809,0.972972972972973,0.027027027027027,0.2584136778658086
ni_tfnbs,"e=1.5,h=7.0,n=30,start_thres=1.25",hub,0.25,100,19,40,1730,36,1,4,1729,0.9,0.0005780346820809,0.972972972972973,0.027027027027027,0.2584136778658086
ni_tfnbs,"e=1.5,h=8.0,n=30,start_thres=1.25",hub,0.25,100,19,40,1730,36,1,4,1729,0.9,0.0005780346820809,0.972972972972973,0.027027027027027,0.2584136778658086
ni_tfnbs,"e=1.5,h=9.0,n=30,start_thres=1.25",hub,0.25,100,19,40,1730,36,0,4,1730,0.9,0.0,1.0,0.0,0.2584136778658086
ni_tfnbs,"e=1.5,h=10.0,n=30,start_thres=1.25",hub,0.25,100,19,40,1730,36,0,4,1730,0.9,0.0,1.0,0.0,0.2584136778658086
ni_tfnbs,"e=0.05,h=0.5,n=30,start_thres=1.25",hub,0.25,100,20,40,1730,30,0,10,1730,0.75,0.0,1.0,0.0,0.2500966218384829
ni_tfnbs,"e=0.05,h=1.0,n=30,start_thres=1.25",hub,0.25,100,20,40,1730,30,0,10,1730,0.75,0.0,1.0,0.0,0.2500966218384829
ni_tfnbs,"e=0.05,h=2.0,n=30,start_thres=1.25",hub,0.25,100,20,40,1730,30,0,10,1730,0.75,0.0,1.0,0.0,0.2500966218384829
ni_tfnbs,"e=0.05,h=3.0,n=30,start_thres=1.25",hub,0.25,100,20,40,1730,30,0,10,1730,0.75,0.0,1.0,0.0,0.2500966218384829
ni_tfnbs,"e=0.05,h=4.0,n=30,start_thres=1.25",hub,0.25,100,20,40,1730,30,0,10,1730,0.75,0.0,1.0,0.0,0.2500966218384829
ni_tfnbs,"e=0.05,h=5.0,n=30,start_thres=1.25",hub,0.25,100,20,40,1730,30,0,10,1730,0.75,0.0,1.0,0.0,0.2500966218384829
ni_tfnbs,"e=0.05,h=6.0,n=30,start_thres=1.25",hub,0.25,100,20,40,1730,30,0,10,1730,0.75,0.0,1.0,0.0,0.2500966218384829
ni_tfnbs,"e=0.05,h=7.0,n=30,start_thres=1.25",hub,0.25,100,20,40,1730,30,0,10,1730,0.75,0.0,1.0,0.0,0.2500966218384829
ni_tfnbs,"e=0.05,h=8.0,n=30,start_thres=1.25",hub,0.25,100,20,40,1730,30,0,10,1730,0.75,0.0,1.0,0.0,0.2500966218384829
ni_tfnbs,"e=0.05,h=9.0,n=30,start_thres=1.25",hub,0.25,100,20,40,1730,30,0,10,1730,0.75,0.0,1.0,0.0,0.2500966218384829
ni_tfnbs,"e=0.05,h=10.0,n=30,start_thres=1.25",hub,0.25,100,20,40,1730,30,0,10,1730,0.75,0.0,1.0,0.0,0.2500966218384829
ni_tfnbs,"e=0.1,h=0.5,n=30,start_thres=1.25",hub,0.25,100,20,40,1730,30,0,10,1730,0.75,0.0,1.0,0.0,0.2500966218384829
ni_tfnbs,"e=0.1,h=1.0,n=30,start_thres=1.25",hub,0.25,100,20,40,1730,30,0,10,1730,0.75,0.0,1.0,0.0,0.2500966218384829
ni_tfnbs,"e=0.1,h=2.0,n=30,start_thres=1.25",hub,0.25,100,20,40,1730,30,0,10,1730,0.75,0.0,1.0,0.0,0.2500966218384829
ni_tfnbs,"e=0.1,h=3.0,n=30,start_thres=1.25",hub,0.25,100,20,40,1730,30,0,10,1730,0.75,0.0,1.0,0.0,0.2500966218384829
ni_tfnbs,"e=0.1,h=4.0,n=30,start_thres=1.25",hub,0.25,100,20,40,1730,30,0,10,1730,0.75,0.0,1.0,0.0,0.2500966218384829
ni_tfnbs,"e=0.1,h=5.0,n=30,start_thres=1.25",hub,0.25,100,20,40,1730,30,0,10,1730,0.75,0.0,1.0,0.0,0.2500966218384829
ni_tfnbs,"e=0.1,h=6.0,n=30,start_thres=1.25",hub,0.25,100,20,40,1730,30,0,10,1730,0.75,0.0,1.0,0.0,0.2500966218384829
ni_tfnbs,"e=0.1,h=7.0,n=30,start_thres=1.25",hub,0.25,100,20,40,1730,30,0,10,1730,0.75,0.0,1.0,0.0,0.2500966218384829
ni_tfnbs,"e=0.1,h=8.0,n=30,start_thres=1.25",hub,0.25,100,20,40,1730,30,0,10,1730,0.75,0.0,1.0,0.0,0.2500966218384829
ni_tfnbs,"e=0.1,h=9.0,n=30,start_thres=1.25",hub,0.25,100,20,40,1730,30,0,10,1730,0.75,0.0,1.0,0.0,0.2500966218384829
ni_tfnbs,"e=0.1,h=10.0,n=30,start_thres=1.25",hub,0.25,100,20,40,1730,30,0,10,1730,0.75,0.0,1.0,0.0,0.2500966218384829
ni_tfnbs,"e=0.2,h=0.5,n=30,start_thres=1.25",hub,0.25,100,20,40,1730,37,1,3,1729,0.925,0.0005780346820809,0.9736842105263158,0.0263157894736842,0.2500966218384829
ni_tfnbs,"e=0.2,h=1.0,n=30,start_thres=1.25",hub,0.25,100,20,40,1730,36,1,4,1729,0.9,0.0005780346820809,0.972972972972973,0.027027027027027,0.2500966218384829
ni_tfnbs,"e=0.2,h=2.0,n=30,start_thres=1.25",hub,0.25,100,20,40,1730,35,1,5,1729,0.875,0.0005780346820809,0.9722222222222222,0.0277777777777777,0.2500966218384829
ni_tfnbs,"e=0.2,h=3.0,n=30,start_thres=1.25",hub,0.25,100,20,40,1730,35,1,5,1729,0.875,0.0005780346820809,0.9722222222222222,0.0277777777777777,0.2500966218384829
ni_tfnbs,"e=0.2,h=4.0,n=30,start_thres=1.25",hub,0.25,100,20,40,1730,35,1,5,1729,0.875,0.0005780346820809,0.9722222222222222,0.0277777777777777,0.2500966218384829
ni_tfnbs,"e=0.2,h=5.0,n=30,start_thres=1.25",hub,0.25,100,20,40,1730,35,1,5,1729,0.875,0.0005780346820809,0.9722222222222222,0.0277777777777777,0.2500966218384829
ni_tfnbs,"e=0.2,h=6.0,n=30,start_thres=1.25",hub,0.25,100,20,40,1730,33,0,7,1730,0.825,0.0,1.0,0.0,0.2500966218384829
ni_tfnbs,"e=0.2,h=7.0,n=30,start_thres=1.25",hub,0.25,100,20,40,1730,30,0,10,1730,0.75,0.0,1.0,0.0,0.2500966218384829
ni_tfnbs,"e=0.2,h=8.0,n=30,start_thres=1.25",hub,0.25,100,20,40,1730,30,0,10,1730,0.75,0.0,1.0,0.0,0.2500966218384829
ni_tfnbs,"e=0.2,h=9.0,n=30,start_thres=1.25",hub,0.25,100,20,40,1730,30,0,10,1730,0.75,0.0,1.0,0.0,0.2500966218384829
ni_tfnbs,"e=0.2,h=10.0,n=30,start_thres=1.25",hub,0.25,100,20,40,1730,30,0,10,1730,0.75,0.0,1.0,0.0,0.2500966218384829
ni_tfnbs,"e=0.3,h=0.5,n=30,start_thres=1.25",hub,0.25,100,20,40,1730,37,1,3,1729,0.925,0.0005780346820809,0.9736842105263158,0.0263157894736842,0.2500966218384829
ni_tfnbs,"e=0.3,h=1.0,n=30,start_thres=1.25",hub,0.25,100,20,40,1730,37,1,3,1729,0.925,0.0005780346820809,0.9736842105263158,0.0263157894736842,0.2500966218384829
ni_tfnbs,"e=0.3,h=2.0,n=30,start_thres=1.25",hub,0.25,100,20,40,1730,37,1,3,1729,0.925,0.0005780346820809,0.9736842105263158,0.0263157894736842,0.2500966218384829
ni_tfnbs,"e=0.3,h=3.0,n=30,start_thres=1.25",hub,0.25,100,20,40,1730,37,1,3,1729,0.925,0.0005780346820809,0.9736842105263158,0.0263157894736842,0.2500966218384829
ni_tfnbs,"e=0.3,h=4.0,n=30,start_thres=1.25",hub,0.25,100,20,40,1730,37,1,3,1729,0.925,0.0005780346820809,0.9736842105263158,0.0263157894736842,0.2500966218384829
ni_tfnbs,"e=0.3,h=5.0,n=30,start_thres=1.25",hub,0.25,100,20,40,1730,35,1,5,1729,0.875,0.0005780346820809,0.9722222222222222,0.0277777777777777,0.2500966218384829
ni_tfnbs,"e=0.3,h=6.0,n=30,start_thres=1.25",hub,0.25,100,20,40,1730,35,1,5,1729,0.875,0.0005780346820809,0.9722222222222222,0.0277777777777777,0.2500966218384829
ni_tfnbs,"e=0.3,h=7.0,n=30,start_thres=1.25",hub,0.25,100,20,40,1730,35,1,5,1729,0.875,0.0005780346820809,0.9722222222222222,0.0277777777777777,0.2500966218384829
ni_tfnbs,"e=0.3,h=8.0,n=30,start_thres=1.25",hub,0.25,100,20,40,1730,35,1,5,1729,0.875,0.0005780346820809,0.9722222222222222,0.0277777777777777,0.2500966218384829
ni_tfnbs,"e=0.3,h=9.0,n=30,start_thres=1.25",hub,0.25,100,20,40,1730,35,1,5,1729,0.875,0.0005780346820809,0.9722222222222222,0.0277777777777777,0.2500966218384829
ni_tfnbs,"e=0.3,h=10.0,n=30,start_thres=1.25",hub,0.25,100,20,40,1730,30,0,10,1730,0.75,0.0,1.0,0.0,0.2500966218384829
ni_tfnbs,"e=0.4,h=0.5,n=30,start_thres=1.25",hub,0.25,100,20,40,1730,37,1,3,1729,0.925,0.0005780346820809,0.9736842105263158,0.0263157894736842,0.2500966218384829
ni_tfnbs,"e=0.4,h=1.0,n=30,start_thres=1.25",hub,0.25,100,20,40,1730,37,1,3,1729,0.925,0.0005780346820809,0.9736842105263158,0.0263157894736842,0.2500966218384829
ni_tfnbs,"e=0.4,h=2.0,n=30,start_thres=1.25",hub,0.25,100,20,40,1730,37,1,3,1729,0.925,0.0005780346820809,0.9736842105263158,0.0263157894736842,0.2500966218384829
ni_tfnbs,"e=0.4,h=3.0,n=30,start_thres=1.25",hub,0.25,100,20,40,1730,37,1,3,1729,0.925,0.0005780346820809,0.9736842105263158,0.0263157894736842,0.2500966218384829
ni_tfnbs,"e=0.4,h=4.0,n=30,start_thres=1.25",hub,0.25,100,20,40,1730,37,1,3,1729,0.925,0.0005780346820809,0.9736842105263158,0.0263157894736842,0.2500966218384829
ni_tfnbs,"e=0.4,h=5.0,n=30,start_thres=1.25",hub,0.25,100,20,40,1730,37,1,3,1729,0.925,0.0005780346820809,0.9736842105263158,0.0263157894736842,0.2500966218384829
ni_tfnbs,"e=0.4,h=6.0,n=30,start_thres=1.25",hub,0.25,100,20,40,1730,37,1,3,1729,0.925,0.0005780346820809,0.9736842105263158,0.0263157894736842,0.2500966218384829
ni_tfnbs,"e=0.4,h=7.0,n=30,start_thres=1.25",hub,0.25,100,20,40,1730,36,1,4,1729,0.9,0.0005780346820809,0.972972972972973,0.027027027027027,0.2500966218384829
ni_tfnbs,"e=0.4,h=8.0,n=30,start_thres=1.25",hub,0.25,100,20,40,1730,35,1,5,1729,0.875,0.0005780346820809,0.9722222222222222,0.0277777777777777,0.2500966218384829
ni_tfnbs,"e=0.4,h=9.0,n=30,start_thres=1.25",hub,0.25,100,20,40,1730,35,1,5,1729,0.875,0.0005780346820809,0.9722222222222222,0.0277777777777777,0.2500966218384829
ni_tfnbs,"e=0.4,h=10.0,n=30,start_thres=1.25",hub,0.25,100,20,40,1730,35,1,5,1729,0.875,0.0005780346820809,0.9722222222222222,0.0277777777777777,0.2500966218384829
ni_tfnbs,"e=0.5,h=0.5,n=30,start_thres=1.25",hub,0.25,100,20,40,1730,38,2,2,1728,0.95,0.0011560693641618,0.95,0.05,0.2500966218384829
ni_tfnbs,"e=0.5,h=1.0,n=30,start_thres=1.25",hub,0.25,100,20,40,1730,38,2,2,1728,0.95,0.0011560693641618,0.95,0.05,0.2500966218384829
ni_tfnbs,"e=0.5,h=2.0,n=30,start_thres=1.25",hub,0.25,100,20,40,1730,37,1,3,1729,0.925,0.0005780346820809,0.9736842105263158,0.0263157894736842,0.2500966218384829
ni_tfnbs,"e=0.5,h=3.0,n=30,start_thres=1.25",hub,0.25,100,20,40,1730,37,1,3,1729,0.925,0.0005780346820809,0.9736842105263158,0.0263157894736842,0.2500966218384829
ni_tfnbs,"e=0.5,h=4.0,n=30,start_thres=1.25",hub,0.25,100,20,40,1730,37,1,3,1729,0.925,0.0005780346820809,0.9736842105263158,0.0263157894736842,0.2500966218384829
ni_tfnbs,"e=0.5,h=5.0,n=30,start_thres=1.25",hub,0.25,100,20,40,1730,37,1,3,1729,0.925,0.0005780346820809,0.9736842105263158,0.0263157894736842,0.2500966218384829
ni_tfnbs,"e=0.5,h=6.0,n=30,start_thres=1.25",hub,0.25,100,20,40,1730,37,1,3,1729,0.925,0.0005780346820809,0.9736842105263158,0.0263157894736842,0.2500966218384829
ni_tfnbs,"e=0.5,h=7.0,n=30,start_thres=1.25",hub,0.25,100,20,40,1730,37,1,3,1729,0.925,0.0005780346820809,0.9736842105263158,0.0263157894736842,0.2500966218384829
ni_tfnbs,"e=0.5,h=8.0,n=30,start_thres=1.25",hub,0.25,100,20,40,1730,37,1,3,1729,0.925,0.0005780346820809,0.9736842105263158,0.0263157894736842,0.2500966218384829
ni_tfnbs,"e=0.5,h=9.0,n=30,start_thres=1.25",hub,0.25,100,20,40,1730,36,1,4,1729,0.9,0.0005780346820809,0.972972972972973,0.027027027027027,0.2500966218384829
ni_tfnbs,"e=0.5,h=10.0,n=30,start_thres=1.25",hub,0.25,100,20,40,1730,35,1,5,1729,0.875,0.0005780346820809,0.9722222222222222,0.0277777777777777,0.2500966218384829
ni_tfnbs,"e=0.6,h=0.5,n=30,start_thres=1.25",hub,0.25,100,20,40,1730,38,2,2,1728,0.95,0.0011560693641618,0.95,0.05,0.2500966218384829
ni_tfnbs,"e=0.6,h=1.0,n=30,start_thres=1.25",hub,0.25,100,20,40,1730,38,2,2,1728,0.95,0.0011560693641618,0.95,0.05,0.2500966218384829
ni_tfnbs,"e=0.6,h=2.0,n=30,start_thres=1.25",hub,0.25,100,20,40,1730,38,2,2,1728,0.95,0.0011560693641618,0.95,0.05,0.2500966218384829
ni_tfnbs,"e=0.6,h=3.0,n=30,start_thres=1.25",hub,0.25,100,20,40,1730,38,2,2,1728,0.95,0.0011560693641618,0.95,0.05,0.2500966218384829
ni_tfnbs,"e=0.6,h=4.0,n=30,start_thres=1.25",hub,0.25,100,20,40,1730,37,1,3,1729,0.925,0.0005780346820809,0.9736842105263158,0.0263157894736842,0.2500966218384829
ni_tfnbs,"e=0.6,h=5.0,n=30,start_thres=1.25",hub,0.25,100,20,40,1730,37,1,3,1729,0.925,0.0005780346820809,0.9736842105263158,0.0263157894736842,0.2500966218384829
ni_tfnbs,"e=0.6,h=6.0,n=30,start_thres=1.25",hub,0.25,100,20,40,1730,37,1,3,1729,0.925,0.0005780346820809,0.9736842105263158,0.0263157894736842,0.2500966218384829
ni_tfnbs,"e=0.6,h=7.0,n=30,start_thres=1.25",hub,0.25,100,20,40,1730,37,1,3,1729,0.925,0.0005780346820809,0.9736842105263158,0.0263157894736842,0.2500966218384829
ni_tfnbs,"e=0.6,h=8.0,n=30,start_thres=1.25",hub,0.25,100,20,40,1730,37,1,3,1729,0.925,0.0005780346820809,0.9736842105263158,0.0263157894736842,0.2500966218384829
ni_tfnbs,"e=0.6,h=9.0,n=30,start_thres=1.25",hub,0.25,100,20,40,1730,37,1,3,1729,0.925,0.0005780346820809,0.9736842105263158,0.0263157894736842,0.2500966218384829
ni_tfnbs,"e=0.6,h=10.0,n=30,start_thres=1.25",hub,0.25,100,20,40,1730,37,1,3,1729,0.925,0.0005780346820809,0.9736842105263158,0.0263157894736842,0.2500966218384829
ni_tfnbs,"e=0.7,h=0.5,n=30,start_thres=1.25",hub,0.25,100,20,40,1730,38,2,2,1728,0.95,0.0011560693641618,0.95,0.05,0.2500966218384829
ni_tfnbs,"e=0.7,h=1.0,n=30,start_thres=1.25",hub,0.25,100,20,40,1730,38,2,2,1728,0.95,0.0011560693641618,0.95,0.05,0.2500966218384829
ni_tfnbs,"e=0.7,h=2.0,n=30,start_thres=1.25",hub,0.25,100,20,40,1730,38,2,2,1728,0.95,0.0011560693641618,0.95,0.05,0.2500966218384829
ni_tfnbs,"e=0.7,h=3.0,n=30,start_thres=1.25",hub,0.25,100,20,40,1730,38,2,2,1728,0.95,0.0011560693641618,0.95,0.05,0.2500966218384829
ni_tfnbs,"e=0.7,h=4.0,n=30,start_thres=1.25",hub,0.25,100,20,40,1730,38,2,2,1728,0.95,0.0011560693641618,0.95,0.05,0.2500966218384829
ni_tfnbs,"e=0.7,h=5.0,n=30,start_thres=1.25",hub,0.25,100,20,40,1730,37,1,3,1729,0.925,0.0005780346820809,0.9736842105263158,0.0263157894736842,0.2500966218384829
ni_tfnbs,"e=0.7,h=6.0,n=30,start_thres=1.25",hub,0.25,100,20,40,1730,37,1,3,1729,0.925,0.0005780346820809,0.9736842105263158,0.0263157894736842,0.2500966218384829
ni_tfnbs,"e=0.7,h=7.0,n=30,start_thres=1.25",hub,0.25,100,20,40,1730,37,1,3,1729,0.925,0.0005780346820809,0.9736842105263158,0.0263157894736842,0.2500966218384829
ni_tfnbs,"e=0.7,h=8.0,n=30,start_thres=1.25",hub,0.25,100,20,40,1730,37,1,3,1729,0.925,0.0005780346820809,0.9736842105263158,0.0263157894736842,0.2500966218384829
ni_tfnbs,"e=0.7,h=9.0,n=30,start_thres=1.25",hub,0.25,100,20,40,1730,37,1,3,1729,0.925,0.0005780346820809,0.9736842105263158,0.0263157894736842,0.2500966218384829
ni_tfnbs,"e=0.7,h=10.0,n=30,start_thres=1.25",hub,0.25,100,20,40,1730,37,1,3,1729,0.925,0.0005780346820809,0.9736842105263158,0.0263157894736842,0.2500966218384829
ni_tfnbs,"e=0.8,h=0.5,n=30,start_thres=1.25",hub,0.25,100,20,40,1730,38,2,2,1728,0.95,0.0011560693641618,0.95,0.05,0.2500966218384829
ni_tfnbs,"e=0.8,h=1.0,n=30,start_thres=1.25",hub,0.25,100,20,40,1730,38,2,2,1728,0.95,0.0011560693641618,0.95,0.05,0.2500966218384829
ni_tfnbs,"e=0.8,h=2.0,n=30,start_thres=1.25",hub,0.25,100,20,40,1730,38,2,2,1728,0.95,0.0011560693641618,0.95,0.05,0.2500966218384829
ni_tfnbs,"e=0.8,h=3.0,n=30,start_thres=1.25",hub,0.25,100,20,40,1730,38,2,2,1728,0.95,0.0011560693641618,0.95,0.05,0.2500966218384829
ni_tfnbs,"e=0.8,h=4.0,n=30,start_thres=1.25",hub,0.25,100,20,40,1730,38,2,2,1728,0.95,0.0011560693641618,0.95,0.05,0.2500966218384829
ni_tfnbs,"e=0.8,h=5.0,n=30,start_thres=1.25",hub,0.25,100,20,40,1730,38,2,2,1728,0.95,0.0011560693641618,0.95,0.05,0.2500966218384829
ni_tfnbs,"e=0.8,h=6.0,n=30,start_thres=1.25",hub,0.25,100,20,40,1730,37,1,3,1729,0.925,0.0005780346820809,0.9736842105263158,0.0263157894736842,0.2500966218384829
ni_tfnbs,"e=0.8,h=7.0,n=30,start_thres=1.25",hub,0.25,100,20,40,1730,37,1,3,1729,0.925,0.0005780346820809,0.9736842105263158,0.0263157894736842,0.2500966218384829
ni_tfnbs,"e=0.8,h=8.0,n=30,start_thres=1.25",hub,0.25,100,20,40,1730,37,1,3,1729,0.925,0.0005780346820809,0.9736842105263158,0.0263157894736842,0.2500966218384829
ni_tfnbs,"e=0.8,h=9.0,n=30,start_thres=1.25",hub,0.25,100,20,40,1730,37,1,3,1729,0.925,0.0005780346820809,0.9736842105263158,0.0263157894736842,0.2500966218384829
ni_tfnbs,"e=0.8,h=10.0,n=30,start_thres=1.25",hub,0.25,100,20,40,1730,37,1,3,1729,0.925,0.0005780346820809,0.9736842105263158,0.0263157894736842,0.2500966218384829
ni_tfnbs,"e=0.9,h=0.5,n=30,start_thres=1.25",hub,0.25,100,20,40,1730,38,2,2,1728,0.95,0.0011560693641618,0.95,0.05,0.2500966218384829
ni_tfnbs,"e=0.9,h=1.0,n=30,start_thres=1.25",hub,0.25,100,20,40,1730,38,2,2,1728,0.95,0.0011560693641618,0.95,0.05,0.2500966218384829
ni_tfnbs,"e=0.9,h=2.0,n=30,start_thres=1.25",hub,0.25,100,20,40,1730,38,2,2,1728,0.95,0.0011560693641618,0.95,0.05,0.2500966218384829
ni_tfnbs,"e=0.9,h=3.0,n=30,start_thres=1.25",hub,0.25,100,20,40,1730,38,2,2,1728,0.95,0.0011560693641618,0.95,0.05,0.2500966218384829
ni_tfnbs,"e=0.9,h=4.0,n=30,start_thres=1.25",hub,0.25,100,20,40,1730,38,2,2,1728,0.95,0.0011560693641618,0.95,0.05,0.2500966218384829
ni_tfnbs,"e=0.9,h=5.0,n=30,start_thres=1.25",hub,0.25,100,20,40,1730,38,2,2,1728,0.95,0.0011560693641618,0.95,0.05,0.2500966218384829
ni_tfnbs,"e=0.9,h=6.0,n=30,start_thres=1.25",hub,0.25,100,20,40,1730,38,2,2,1728,0.95,0.0011560693641618,0.95,0.05,0.2500966218384829
ni_tfnbs,"e=0.9,h=7.0,n=30,start_thres=1.25",hub,0.25,100,20,40,1730,37,1,3,1729,0.925,0.0005780346820809,0.9736842105263158,0.0263157894736842,0.2500966218384829
ni_tfnbs,"e=0.9,h=8.0,n=30,start_thres=1.25",hub,0.25,100,20,40,1730,37,1,3,1729,0.925,0.0005780346820809,0.9736842105263158,0.0263157894736842,0.2500966218384829
ni_tfnbs,"e=0.9,h=9.0,n=30,start_thres=1.25",hub,0.25,100,20,40,1730,37,1,3,1729,0.925,0.0005780346820809,0.9736842105263158,0.0263157894736842,0.2500966218384829
ni_tfnbs,"e=0.9,h=10.0,n=30,start_thres=1.25",hub,0.25,100,20,40,1730,37,1,3,1729,0.925,0.0005780346820809,0.9736842105263158,0.0263157894736842,0.2500966218384829
ni_tfnbs,"e=1.0,h=0.5,n=30,start_thres=1.25",hub,0.25,100,20,40,1730,38,2,2,1728,0.95,0.0011560693641618,0.95,0.05,0.2500966218384829
ni_tfnbs,"e=1.0,h=1.0,n=30,start_thres=1.25",hub,0.25,100,20,40,1730,38,2,2,1728,0.95,0.0011560693641618,0.95,0.05,0.2500966218384829
ni_tfnbs,"e=1.0,h=2.0,n=30,start_thres=1.25",hub,0.25,100,20,40,1730,38,2,2,1728,0.95,0.0011560693641618,0.95,0.05,0.2500966218384829
ni_tfnbs,"e=1.0,h=3.0,n=30,start_thres=1.25",hub,0.25,100,20,40,1730,38,2,2,1728,0.95,0.0011560693641618,0.95,0.05,0.2500966218384829
ni_tfnbs,"e=1.0,h=4.0,n=30,start_thres=1.25",hub,0.25,100,20,40,1730,38,2,2,1728,0.95,0.0011560693641618,0.95,0.05,0.2500966218384829
ni_tfnbs,"e=1.0,h=5.0,n=30,start_thres=1.25",hub,0.25,100,20,40,1730,38,2,2,1728,0.95,0.0011560693641618,0.95,0.05,0.2500966218384829
ni_tfnbs,"e=1.0,h=6.0,n=30,start_thres=1.25",hub,0.25,100,20,40,1730,38,2,2,1728,0.95,0.0011560693641618,0.95,0.05,0.2500966218384829
ni_tfnbs,"e=1.0,h=7.0,n=30,start_thres=1.25",hub,0.25,100,20,40,1730,38,2,2,1728,0.95,0.0011560693641618,0.95,0.05,0.2500966218384829
ni_tfnbs,"e=1.0,h=8.0,n=30,start_thres=1.25",hub,0.25,100,20,40,1730,38,2,2,1728,0.95,0.0011560693641618,0.95,0.05,0.2500966218384829
ni_tfnbs,"e=1.0,h=9.0,n=30,start_thres=1.25",hub,0.25,100,20,40,1730,37,1,3,1729,0.925,0.0005780346820809,0.9736842105263158,0.0263157894736842,0.2500966218384829
ni_tfnbs,"e=1.0,h=10.0,n=30,start_thres=1.25",hub,0.25,100,20,40,1730,37,1,3,1729,0.925,0.0005780346820809,0.9736842105263158,0.0263157894736842,0.2500966218384829
ni_tfnbs,"e=1.1,h=0.5,n=30,start_thres=1.25",hub,0.25,100,20,40,1730,38,2,2,1728,0.95,0.0011560693641618,0.95,0.05,0.2500966218384829
ni_tfnbs,"e=1.1,h=1.0,n=30,start_thres=1.25",hub,0.25,100,20,40,1730,38,2,2,1728,0.95,0.0011560693641618,0.95,0.05,0.2500966218384829
ni_tfnbs,"e=1.1,h=2.0,n=30,start_thres=1.25",hub,0.25,100,20,40,1730,38,2,2,1728,0.95,0.0011560693641618,0.95,0.05,0.2500966218384829
ni_tfnbs,"e=1.1,h=3.0,n=30,start_thres=1.25",hub,0.25,100,20,40,1730,38,2,2,1728,0.95,0.0011560693641618,0.95,0.05,0.2500966218384829
ni_tfnbs,"e=1.1,h=4.0,n=30,start_thres=1.25",hub,0.25,100,20,40,1730,38,2,2,1728,0.95,0.0011560693641618,0.95,0.05,0.2500966218384829
ni_tfnbs,"e=1.1,h=5.0,n=30,start_thres=1.25",hub,0.25,100,20,40,1730,38,2,2,1728,0.95,0.0011560693641618,0.95,0.05,0.2500966218384829
ni_tfnbs,"e=1.1,h=6.0,n=30,start_thres=1.25",hub,0.25,100,20,40,1730,38,2,2,1728,0.95,0.0011560693641618,0.95,0.05,0.2500966218384829
ni_tfnbs,"e=1.1,h=7.0,n=30,start_thres=1.25",hub,0.25,100,20,40,1730,38,2,2,1728,0.95,0.0011560693641618,0.95,0.05,0.2500966218384829
ni_tfnbs,"e=1.1,h=8.0,n=30,start_thres=1.25",hub,0.25,100,20,40,1730,38,2,2,1728,0.95,0.0011560693641618,0.95,0.05,0.2500966218384829
ni_tfnbs,"e=1.1,h=9.0,n=30,start_thres=1.25",hub,0.25,100,20,40,1730,38,2,2,1728,0.95,0.0011560693641618,0.95,0.05,0.2500966218384829
ni_tfnbs,"e=1.1,h=10.0,n=30,start_thres=1.25",hub,0.25,100,20,40,1730,37,1,3,1729,0.925,0.0005780346820809,0.9736842105263158,0.0263157894736842,0.2500966218384829
ni_tfnbs,"e=1.2,h=0.5,n=30,start_thres=1.25",hub,0.25,100,20,40,1730,38,2,2,1728,0.95,0.0011560693641618,0.95,0.05,0.2500966218384829
ni_tfnbs,"e=1.2,h=1.0,n=30,start_thres=1.25",hub,0.25,100,20,40,1730,38,2,2,1728,0.95,0.0011560693641618,0.95,0.05,0.2500966218384829
ni_tfnbs,"e=1.2,h=2.0,n=30,start_thres=1.25",hub,0.25,100,20,40,1730,38,2,2,1728,0.95,0.0011560693641618,0.95,0.05,0.2500966218384829
ni_tfnbs,"e=1.2,h=3.0,n=30,start_thres=1.25",hub,0.25,100,20,40,1730,38,2,2,1728,0.95,0.0011560693641618,0.95,0.05,0.2500966218384829
ni_tfnbs,"e=1.2,h=4.0,n=30,start_thres=1.25",hub,0.25,100,20,40,1730,38,2,2,1728,0.95,0.0011560693641618,0.95,0.05,0.2500966218384829
ni_tfnbs,"e=1.2,h=5.0,n=30,start_thres=1.25",hub,0.25,100,20,40,1730,38,2,2,1728,0.95,0.0011560693641618,0.95,0.05,0.2500966218384829
ni_tfnbs,"e=1.2,h=6.0,n=30,start_thres=1.25",hub,0.25,100,20,40,1730,38,2,2,1728,0.95,0.0011560693641618,0.95,0.05,0.2500966218384829
ni_tfnbs,"e=1.2,h=7.0,n=30,start_thres=1.25",hub,0.25,100,20,40,1730,38,2,2,1728,0.95,0.0011560693641618,0.95,0.05,0.2500966218384829
ni_tfnbs,"e=1.2,h=8.0,n=30,start_thres=1.25",hub,0.25,100,20,40,1730,38,2,2,1728,0.95,0.0011560693641618,0.95,0.05,0.2500966218384829
ni_tfnbs,"e=1.2,h=9.0,n=30,start_thres=1.25",hub,0.25,100,20,40,1730,38,2,2,1728,0.95,0.0011560693641618,0.95,0.05,0.2500966218384829
ni_tfnbs,"e=1.2,h=10.0,n=30,start_thres=1.25",hub,0.25,100,20,40,1730,38,2,2,1728,0.95,0.0011560693641618,0.95,0.05,0.2500966218384829
ni_tfnbs,"e=1.3,h=0.5,n=30,start_thres=1.25",hub,0.25,100,20,40,1730,38,2,2,1728,0.95,0.0011560693641618,0.95,0.05,0.2500966218384829
ni_tfnbs,"e=1.3,h=1.0,n=30,start_thres=1.25",hub,0.25,100,20,40,1730,38,2,2,1728,0.95,0.0011560693641618,0.95,0.05,0.2500966218384829
ni_tfnbs,"e=1.3,h=2.0,n=30,start_thres=1.25",hub,0.25,100,20,40,1730,38,2,2,1728,0.95,0.0011560693641618,0.95,0.05,0.2500966218384829
ni_tfnbs,"e=1.3,h=3.0,n=30,start_thres=1.25",hub,0.25,100,20,40,1730,39,3,1,1727,0.975,0.0017341040462427,0.9285714285714286,0.0714285714285714,0.2500966218384829
ni_tfnbs,"e=1.3,h=4.0,n=30,start_thres=1.25",hub,0.25,100,20,40,1730,38,2,2,1728,0.95,0.0011560693641618,0.95,0.05,0.2500966218384829
ni_tfnbs,"e=1.3,h=5.0,n=30,start_thres=1.25",hub,0.25,100,20,40,1730,38,2,2,1728,0.95,0.0011560693641618,0.95,0.05,0.2500966218384829
ni_tfnbs,"e=1.3,h=6.0,n=30,start_thres=1.25",hub,0.25,100,20,40,1730,38,2,2,1728,0.95,0.0011560693641618,0.95,0.05,0.2500966218384829
ni_tfnbs,"e=1.3,h=7.0,n=30,start_thres=1.25",hub,0.25,100,20,40,1730,38,2,2,1728,0.95,0.0011560693641618,0.95,0.05,0.2500966218384829
ni_tfnbs,"e=1.3,h=8.0,n=30,start_thres=1.25",hub,0.25,100,20,40,1730,38,2,2,1728,0.95,0.0011560693641618,0.95,0.05,0.2500966218384829
ni_tfnbs,"e=1.3,h=9.0,n=30,start_thres=1.25",hub,0.25,100,20,40,1730,38,2,2,1728,0.95,0.0011560693641618,0.95,0.05,0.2500966218384829
ni_tfnbs,"e=1.3,h=10.0,n=30,start_thres=1.25",hub,0.25,100,20,40,1730,38,2,2,1728,0.95,0.0011560693641618,0.95,0.05,0.2500966218384829
ni_tfnbs,"e=1.4,h=0.5,n=30,start_thres=1.25",hub,0.25,100,20,40,1730,38,2,2,1728,0.95,0.0011560693641618,0.95,0.05,0.2500966218384829
ni_tfnbs,"e=1.4,h=1.0,n=30,start_thres=1.25",hub,0.25,100,20,40,1730,38,2,2,1728,0.95,0.0011560693641618,0.95,0.05,0.2500966218384829
ni_tfnbs,"e=1.4,h=2.0,n=30,start_thres=1.25",hub,0.25,100,20,40,1730,39,2,1,1728,0.975,0.0011560693641618,0.951219512195122,0.048780487804878,0.2500966218384829
ni_tfnbs,"e=1.4,h=3.0,n=30,start_thres=1.25",hub,0.25,100,20,40,1730,39,3,1,1727,0.975,0.0017341040462427,0.9285714285714286,0.0714285714285714,0.2500966218384829
ni_tfnbs,"e=1.4,h=4.0,n=30,start_thres=1.25",hub,0.25,100,20,40,1730,39,3,1,1727,0.975,0.0017341040462427,0.9285714285714286,0.0714285714285714,0.2500966218384829
ni_tfnbs,"e=1.4,h=5.0,n=30,start_thres=1.25",hub,0.25,100,20,40,1730,38,3,2,1727,0.95,0.0017341040462427,0.926829268292683,0.073170731707317,0.2500966218384829
ni_tfnbs,"e=1.4,h=6.0,n=30,start_thres=1.25",hub,0.25,100,20,40,1730,38,2,2,1728,0.95,0.0011560693641618,0.95,0.05,0.2500966218384829
ni_tfnbs,"e=1.4,h=7.0,n=30,start_thres=1.25",hub,0.25,100,20,40,1730,38,2,2,1728,0.95,0.0011560693641618,0.95,0.05,0.2500966218384829
ni_tfnbs,"e=1.4,h=8.0,n=30,start_thres=1.25",hub,0.25,100,20,40,1730,38,2,2,1728,0.95,0.0011560693641618,0.95,0.05,0.2500966218384829
ni_tfnbs,"e=1.4,h=9.0,n=30,start_thres=1.25",hub,0.25,100,20,40,1730,38,2,2,1728,0.95,0.0011560693641618,0.95,0.05,0.2500966218384829
ni_tfnbs,"e=1.4,h=10.0,n=30,start_thres=1.25",hub,0.25,100,20,40,1730,38,2,2,1728,0.95,0.0011560693641618,0.95,0.05,0.2500966218384829
ni_tfnbs,"e=1.5,h=0.5,n=30,start_thres=1.25",hub,0.25,100,20,40,1730,38,2,2,1728,0.95,0.0011560693641618,0.95,0.05,0.2500966218384829
ni_tfnbs,"e=1.5,h=1.0,n=30,start_thres=1.25",hub,0.25,100,20,40,1730,38,2,2,1728,0.95,0.0011560693641618,0.95,0.05,0.2500966218384829
ni_tfnbs,"e=1.5,h=2.0,n=30,start_thres=1.25",hub,0.25,100,20,40,1730,39,2,1,1728,0.975,0.0011560693641618,0.951219512195122,0.048780487804878,0.2500966218384829
ni_tfnbs,"e=1.5,h=3.0,n=30,start_thres=1.25",hub,0.25,100,20,40,1730,39,3,1,1727,0.975,0.0017341040462427,0.9285714285714286,0.0714285714285714,0.2500966218384829
ni_tfnbs,"e=1.5,h=4.0,n=30,start_thres=1.25",hub,0.25,100,20,40,1730,39,3,1,1727,0.975,0.0017341040462427,0.9285714285714286,0.0714285714285714,0.2500966218384829
ni_tfnbs,"e=1.5,h=5.0,n=30,start_thres=1.25",hub,0.25,100,20,40,1730,39,3,1,1727,0.975,0.0017341040462427,0.9285714285714286,0.0714285714285714,0.2500966218384829
ni_tfnbs,"e=1.5,h=6.0,n=30,start_thres=1.25",hub,0.25,100,20,40,1730,38,3,2,1727,0.95,0.0017341040462427,0.926829268292683,0.073170731707317,0.2500966218384829
ni_tfnbs,"e=1.5,h=7.0,n=30,start_thres=1.25",hub,0.25,100,20,40,1730,38,2,2,1728,0.95,0.0011560693641618,0.95,0.05,0.2500966218384829
ni_tfnbs,"e=1.5,h=8.0,n=30,start_thres=1.25",hub,0.25,100,20,40,1730,38,2,2,1728,0.95,0.0011560693641618,0.95,0.05,0.2500966218384829
ni_tfnbs,"e=1.5,h=9.0,n=30,start_thres=1.25",hub,0.25,100,20,40,1730,38,2,2,1728,0.95,0.0011560693641618,0.95,0.05,0.2500966218384829
ni_tfnbs,"e=1.5,h=10.0,n=30,start_thres=1.25",hub,0.25,100,20,40,1730,38,2,2,1728,0.95,0.0011560693641618,0.95,0.05,0.2500966218384829
ni_tfnbs,"e=0.05,h=0.5,n=30,start_thres=1.25",hub,0.25,100,21,40,1730,34,0,6,1730,0.85,0.0,1.0,0.0,0.2534475949677554
ni_tfnbs,"e=0.05,h=1.0,n=30,start_thres=1.25",hub,0.25,100,21,40,1730,34,0,6,1730,0.85,0.0,1.0,0.0,0.2534475949677554
ni_tfnbs,"e=0.05,h=2.0,n=30,start_thres=1.25",hub,0.25,100,21,40,1730,34,0,6,1730,0.85,0.0,1.0,0.0,0.2534475949677554
ni_tfnbs,"e=0.05,h=3.0,n=30,start_thres=1.25",hub,0.25,100,21,40,1730,34,0,6,1730,0.85,0.0,1.0,0.0,0.2534475949677554
ni_tfnbs,"e=0.05,h=4.0,n=30,start_thres=1.25",hub,0.25,100,21,40,1730,34,0,6,1730,0.85,0.0,1.0,0.0,0.2534475949677554
ni_tfnbs,"e=0.05,h=5.0,n=30,start_thres=1.25",hub,0.25,100,21,40,1730,34,0,6,1730,0.85,0.0,1.0,0.0,0.2534475949677554
ni_tfnbs,"e=0.05,h=6.0,n=30,start_thres=1.25",hub,0.25,100,21,40,1730,34,0,6,1730,0.85,0.0,1.0,0.0,0.2534475949677554
ni_tfnbs,"e=0.05,h=7.0,n=30,start_thres=1.25",hub,0.25,100,21,40,1730,34,0,6,1730,0.85,0.0,1.0,0.0,0.2534475949677554
ni_tfnbs,"e=0.05,h=8.0,n=30,start_thres=1.25",hub,0.25,100,21,40,1730,34,0,6,1730,0.85,0.0,1.0,0.0,0.2534475949677554
ni_tfnbs,"e=0.05,h=9.0,n=30,start_thres=1.25",hub,0.25,100,21,40,1730,34,0,6,1730,0.85,0.0,1.0,0.0,0.2534475949677554
ni_tfnbs,"e=0.05,h=10.0,n=30,start_thres=1.25",hub,0.25,100,21,40,1730,34,0,6,1730,0.85,0.0,1.0,0.0,0.2534475949677554
ni_tfnbs,"e=0.1,h=0.5,n=30,start_thres=1.25",hub,0.25,100,21,40,1730,35,0,5,1730,0.875,0.0,1.0,0.0,0.2534475949677554
ni_tfnbs,"e=0.1,h=1.0,n=30,start_thres=1.25",hub,0.25,100,21,40,1730,35,0,5,1730,0.875,0.0,1.0,0.0,0.2534475949677554
ni_tfnbs,"e=0.1,h=2.0,n=30,start_thres=1.25",hub,0.25,100,21,40,1730,35,0,5,1730,0.875,0.0,1.0,0.0,0.2534475949677554
ni_tfnbs,"e=0.1,h=3.0,n=30,start_thres=1.25",hub,0.25,100,21,40,1730,35,0,5,1730,0.875,0.0,1.0,0.0,0.2534475949677554
ni_tfnbs,"e=0.1,h=4.0,n=30,start_thres=1.25",hub,0.25,100,21,40,1730,35,0,5,1730,0.875,0.0,1.0,0.0,0.2534475949677554
ni_tfnbs,"e=0.1,h=5.0,n=30,start_thres=1.25",hub,0.25,100,21,40,1730,35,0,5,1730,0.875,0.0,1.0,0.0,0.2534475949677554
ni_tfnbs,"e=0.1,h=6.0,n=30,start_thres=1.25",hub,0.25,100,21,40,1730,34,0,6,1730,0.85,0.0,1.0,0.0,0.2534475949677554
ni_tfnbs,"e=0.1,h=7.0,n=30,start_thres=1.25",hub,0.25,100,21,40,1730,34,0,6,1730,0.85,0.0,1.0,0.0,0.2534475949677554
ni_tfnbs,"e=0.1,h=8.0,n=30,start_thres=1.25",hub,0.25,100,21,40,1730,34,0,6,1730,0.85,0.0,1.0,0.0,0.2534475949677554
ni_tfnbs,"e=0.1,h=9.0,n=30,start_thres=1.25",hub,0.25,100,21,40,1730,34,0,6,1730,0.85,0.0,1.0,0.0,0.2534475949677554
ni_tfnbs,"e=0.1,h=10.0,n=30,start_thres=1.25",hub,0.25,100,21,40,1730,34,0,6,1730,0.85,0.0,1.0,0.0,0.2534475949677554
ni_tfnbs,"e=0.2,h=0.5,n=30,start_thres=1.25",hub,0.25,100,21,40,1730,37,0,3,1730,0.925,0.0,1.0,0.0,0.2534475949677554
ni_tfnbs,"e=0.2,h=1.0,n=30,start_thres=1.25",hub,0.25,100,21,40,1730,37,0,3,1730,0.925,0.0,1.0,0.0,0.2534475949677554
ni_tfnbs,"e=0.2,h=2.0,n=30,start_thres=1.25",hub,0.25,100,21,40,1730,37,0,3,1730,0.925,0.0,1.0,0.0,0.2534475949677554
ni_tfnbs,"e=0.2,h=3.0,n=30,start_thres=1.25",hub,0.25,100,21,40,1730,37,0,3,1730,0.925,0.0,1.0,0.0,0.2534475949677554
ni_tfnbs,"e=0.2,h=4.0,n=30,start_thres=1.25",hub,0.25,100,21,40,1730,35,0,5,1730,0.875,0.0,1.0,0.0,0.2534475949677554
ni_tfnbs,"e=0.2,h=5.0,n=30,start_thres=1.25",hub,0.25,100,21,40,1730,35,0,5,1730,0.875,0.0,1.0,0.0,0.2534475949677554
ni_tfnbs,"e=0.2,h=6.0,n=30,start_thres=1.25",hub,0.25,100,21,40,1730,35,0,5,1730,0.875,0.0,1.0,0.0,0.2534475949677554
ni_tfnbs,"e=0.2,h=7.0,n=30,start_thres=1.25",hub,0.25,100,21,40,1730,35,0,5,1730,0.875,0.0,1.0,0.0,0.2534475949677554
ni_tfnbs,"e=0.2,h=8.0,n=30,start_thres=1.25",hub,0.25,100,21,40,1730,35,0,5,1730,0.875,0.0,1.0,0.0,0.2534475949677554
ni_tfnbs,"e=0.2,h=9.0,n=30,start_thres=1.25",hub,0.25,100,21,40,1730,35,0,5,1730,0.875,0.0,1.0,0.0,0.2534475949677554
ni_tfnbs,"e=0.2,h=10.0,n=30,start_thres=1.25",hub,0.25,100,21,40,1730,35,0,5,1730,0.875,0.0,1.0,0.0,0.2534475949677554
ni_tfnbs,"e=0.3,h=0.5,n=30,start_thres=1.25",hub,0.25,100,21,40,1730,38,0,2,1730,0.95,0.0,1.0,0.0,0.2534475949677554
ni_tfnbs,"e=0.3,h=1.0,n=30,start_thres=1.25",hub,0.25,100,21,40,1730,38,0,2,1730,0.95,0.0,1.0,0.0,0.2534475949677554
ni_tfnbs,"e=0.3,h=2.0,n=30,start_thres=1.25",hub,0.25,100,21,40,1730,38,0,2,1730,0.95,0.0,1.0,0.0,0.2534475949677554
ni_tfnbs,"e=0.3,h=3.0,n=30,start_thres=1.25",hub,0.25,100,21,40,1730,37,0,3,1730,0.925,0.0,1.0,0.0,0.2534475949677554
ni_tfnbs,"e=0.3,h=4.0,n=30,start_thres=1.25",hub,0.25,100,21,40,1730,37,0,3,1730,0.925,0.0,1.0,0.0,0.2534475949677554
ni_tfnbs,"e=0.3,h=5.0,n=30,start_thres=1.25",hub,0.25,100,21,40,1730,37,0,3,1730,0.925,0.0,1.0,0.0,0.2534475949677554
ni_tfnbs,"e=0.3,h=6.0,n=30,start_thres=1.25",hub,0.25,100,21,40,1730,37,0,3,1730,0.925,0.0,1.0,0.0,0.2534475949677554
ni_tfnbs,"e=0.3,h=7.0,n=30,start_thres=1.25",hub,0.25,100,21,40,1730,35,0,5,1730,0.875,0.0,1.0,0.0,0.2534475949677554
ni_tfnbs,"e=0.3,h=8.0,n=30,start_thres=1.25",hub,0.25,100,21,40,1730,35,0,5,1730,0.875,0.0,1.0,0.0,0.2534475949677554
ni_tfnbs,"e=0.3,h=9.0,n=30,start_thres=1.25",hub,0.25,100,21,40,1730,35,0,5,1730,0.875,0.0,1.0,0.0,0.2534475949677554
ni_tfnbs,"e=0.3,h=10.0,n=30,start_thres=1.25",hub,0.25,100,21,40,1730,35,0,5,1730,0.875,0.0,1.0,0.0,0.2534475949677554
ni_tfnbs,"e=0.4,h=0.5,n=30,start_thres=1.25",hub,0.25,100,21,40,1730,39,0,1,1730,0.975,0.0,1.0,0.0,0.2534475949677554
ni_tfnbs,"e=0.4,h=1.0,n=30,start_thres=1.25",hub,0.25,100,21,40,1730,39,0,1,1730,0.975,0.0,1.0,0.0,0.2534475949677554
ni_tfnbs,"e=0.4,h=2.0,n=30,start_thres=1.25",hub,0.25,100,21,40,1730,38,0,2,1730,0.95,0.0,1.0,0.0,0.2534475949677554
ni_tfnbs,"e=0.4,h=3.0,n=30,start_thres=1.25",hub,0.25,100,21,40,1730,38,0,2,1730,0.95,0.0,1.0,0.0,0.2534475949677554
ni_tfnbs,"e=0.4,h=4.0,n=30,start_thres=1.25",hub,0.25,100,21,40,1730,38,0,2,1730,0.95,0.0,1.0,0.0,0.2534475949677554
ni_tfnbs,"e=0.4,h=5.0,n=30,start_thres=1.25",hub,0.25,100,21,40,1730,37,0,3,1730,0.925,0.0,1.0,0.0,0.2534475949677554
ni_tfnbs,"e=0.4,h=6.0,n=30,start_thres=1.25",hub,0.25,100,21,40,1730,37,0,3,1730,0.925,0.0,1.0,0.0,0.2534475949677554
ni_tfnbs,"e=0.4,h=7.0,n=30,start_thres=1.25",hub,0.25,100,21,40,1730,37,0,3,1730,0.925,0.0,1.0,0.0,0.2534475949677554
ni_tfnbs,"e=0.4,h=8.0,n=30,start_thres=1.25",hub,0.25,100,21,40,1730,37,0,3,1730,0.925,0.0,1.0,0.0,0.2534475949677554
ni_tfnbs,"e=0.4,h=9.0,n=30,start_thres=1.25",hub,0.25,100,21,40,1730,37,0,3,1730,0.925,0.0,1.0,0.0,0.2534475949677554
ni_tfnbs,"e=0.4,h=10.0,n=30,start_thres=1.25",hub,0.25,100,21,40,1730,35,0,5,1730,0.875,0.0,1.0,0.0,0.2534475949677554
ni_tfnbs,"e=0.5,h=0.5,n=30,start_thres=1.25",hub,0.25,100,21,40,1730,39,0,1,1730,0.975,0.0,1.0,0.0,0.2534475949677554
ni_tfnbs,"e=0.5,h=1.0,n=30,start_thres=1.25",hub,0.25,100,21,40,1730,39,0,1,1730,0.975,0.0,1.0,0.0,0.2534475949677554
ni_tfnbs,"e=0.5,h=2.0,n=30,start_thres=1.25",hub,0.25,100,21,40,1730,39,0,1,1730,0.975,0.0,1.0,0.0,0.2534475949677554
ni_tfnbs,"e=0.5,h=3.0,n=30,start_thres=1.25",hub,0.25,100,21,40,1730,38,0,2,1730,0.95,0.0,1.0,0.0,0.2534475949677554
ni_tfnbs,"e=0.5,h=4.0,n=30,start_thres=1.25",hub,0.25,100,21,40,1730,38,0,2,1730,0.95,0.0,1.0,0.0,0.2534475949677554
ni_tfnbs,"e=0.5,h=5.0,n=30,start_thres=1.25",hub,0.25,100,21,40,1730,38,0,2,1730,0.95,0.0,1.0,0.0,0.2534475949677554
ni_tfnbs,"e=0.5,h=6.0,n=30,start_thres=1.25",hub,0.25,100,21,40,1730,37,0,3,1730,0.925,0.0,1.0,0.0,0.2534475949677554
ni_tfnbs,"e=0.5,h=7.0,n=30,start_thres=1.25",hub,0.25,100,21,40,1730,37,0,3,1730,0.925,0.0,1.0,0.0,0.2534475949677554
ni_tfnbs,"e=0.5,h=8.0,n=30,start_thres=1.25",hub,0.25,100,21,40,1730,37,0,3,1730,0.925,0.0,1.0,0.0,0.2534475949677554
ni_tfnbs,"e=0.5,h=9.0,n=30,start_thres=1.25",hub,0.25,100,21,40,1730,37,0,3,1730,0.925,0.0,1.0,0.0,0.2534475949677554
ni_tfnbs,"e=0.5,h=10.0,n=30,start_thres=1.25",hub,0.25,100,21,40,1730,37,0,3,1730,0.925,0.0,1.0,0.0,0.2534475949677554
ni_tfnbs,"e=0.6,h=0.5,n=30,start_thres=1.25",hub,0.25,100,21,40,1730,40,0,0,1730,1.0,0.0,1.0,0.0,0.2534475949677554
ni_tfnbs,"e=0.6,h=1.0,n=30,start_thres=1.25",hub,0.25,100,21,40,1730,40,0,0,1730,1.0,0.0,1.0,0.0,0.2534475949677554
ni_tfnbs,"e=0.6,h=2.0,n=30,start_thres=1.25",hub,0.25,100,21,40,1730,39,0,1,1730,0.975,0.0,1.0,0.0,0.2534475949677554
ni_tfnbs,"e=0.6,h=3.0,n=30,start_thres=1.25",hub,0.25,100,21,40,1730,39,0,1,1730,0.975,0.0,1.0,0.0,0.2534475949677554
ni_tfnbs,"e=0.6,h=4.0,n=30,start_thres=1.25",hub,0.25,100,21,40,1730,39,0,1,1730,0.975,0.0,1.0,0.0,0.2534475949677554
ni_tfnbs,"e=0.6,h=5.0,n=30,start_thres=1.25",hub,0.25,100,21,40,1730,38,0,2,1730,0.95,0.0,1.0,0.0,0.2534475949677554
ni_tfnbs,"e=0.6,h=6.0,n=30,start_thres=1.25",hub,0.25,100,21,40,1730,38,0,2,1730,0.95,0.0,1.0,0.0,0.2534475949677554
ni_tfnbs,"e=0.6,h=7.0,n=30,start_thres=1.25",hub,0.25,100,21,40,1730,38,0,2,1730,0.95,0.0,1.0,0.0,0.2534475949677554
ni_tfnbs,"e=0.6,h=8.0,n=30,start_thres=1.25",hub,0.25,100,21,40,1730,37,0,3,1730,0.925,0.0,1.0,0.0,0.2534475949677554
ni_tfnbs,"e=0.6,h=9.0,n=30,start_thres=1.25",hub,0.25,100,21,40,1730,37,0,3,1730,0.925,0.0,1.0,0.0,0.2534475949677554
ni_tfnbs,"e=0.6,h=10.0,n=30,start_thres=1.25",hub,0.25,100,21,40,1730,37,0,3,1730,0.925,0.0,1.0,0.0,0.2534475949677554
ni_tfnbs,"e=0.7,h=0.5,n=30,start_thres=1.25",hub,0.25,100,21,40,1730,40,0,0,1730,1.0,0.0,1.0,0.0,0.2534475949677554
ni_tfnbs,"e=0.7,h=1.0,n=30,start_thres=1.25",hub,0.25,100,21,40,1730,40,0,0,1730,1.0,0.0,1.0,0.0,0.2534475949677554
ni_tfnbs,"e=0.7,h=2.0,n=30,start_thres=1.25",hub,0.25,100,21,40,1730,40,0,0,1730,1.0,0.0,1.0,0.0,0.2534475949677554
ni_tfnbs,"e=0.7,h=3.0,n=30,start_thres=1.25",hub,0.25,100,21,40,1730,40,0,0,1730,1.0,0.0,1.0,0.0,0.2534475949677554
ni_tfnbs,"e=0.7,h=4.0,n=30,start_thres=1.25",hub,0.25,100,21,40,1730,39,0,1,1730,0.975,0.0,1.0,0.0,0.2534475949677554
ni_tfnbs,"e=0.7,h=5.0,n=30,start_thres=1.25",hub,0.25,100,21,40,1730,39,0,1,1730,0.975,0.0,1.0,0.0,0.2534475949677554
ni_tfnbs,"e=0.7,h=6.0,n=30,start_thres=1.25",hub,0.25,100,21,40,1730,38,0,2,1730,0.95,0.0,1.0,0.0,0.2534475949677554
ni_tfnbs,"e=0.7,h=7.0,n=30,start_thres=1.25",hub,0.25,100,21,40,1730,38,0,2,1730,0.95,0.0,1.0,0.0,0.2534475949677554
ni_tfnbs,"e=0.7,h=8.0,n=30,start_thres=1.25",hub,0.25,100,21,40,1730,38,0,2,1730,0.95,0.0,1.0,0.0,0.2534475949677554
ni_tfnbs,"e=0.7,h=9.0,n=30,start_thres=1.25",hub,0.25,100,21,40,1730,37,0,3,1730,0.925,0.0,1.0,0.0,0.2534475949677554
ni_tfnbs,"e=0.7,h=10.0,n=30,start_thres=1.25",hub,0.25,100,21,40,1730,37,0,3,1730,0.925,0.0,1.0,0.0,0.2534475949677554
ni_tfnbs,"e=0.8,h=0.5,n=30,start_thres=1.25",hub,0.25,100,21,40,1730,40,0,0,1730,1.0,0.0,1.0,0.0,0.2534475949677554
ni_tfnbs,"e=0.8,h=1.0,n=30,start_thres=1.25",hub,0.25,100,21,40,1730,40,0,0,1730,1.0,0.0,1.0,0.0,0.2534475949677554
ni_tfnbs,"e=0.8,h=2.0,n=30,start_thres=1.25",hub,0.25,100,21,40,1730,40,0,0,1730,1.0,0.0,1.0,0.0,0.2534475949677554
ni_tfnbs,"e=0.8,h=3.0,n=30,start_thres=1.25",hub,0.25,100,21,40,1730,40,0,0,1730,1.0,0.0,1.0,0.0,0.2534475949677554
ni_tfnbs,"e=0.8,h=4.0,n=30,start_thres=1.25",hub,0.25,100,21,40,1730,40,0,0,1730,1.0,0.0,1.0,0.0,0.2534475949677554
ni_tfnbs,"e=0.8,h=5.0,n=30,start_thres=1.25",hub,0.25,100,21,40,1730,39,0,1,1730,0.975,0.0,1.0,0.0,0.2534475949677554
ni_tfnbs,"e=0.8,h=6.0,n=30,start_thres=1.25",hub,0.25,100,21,40,1730,39,0,1,1730,0.975,0.0,1.0,0.0,0.2534475949677554
ni_tfnbs,"e=0.8,h=7.0,n=30,start_thres=1.25",hub,0.25,100,21,40,1730,38,0,2,1730,0.95,0.0,1.0,0.0,0.2534475949677554
ni_tfnbs,"e=0.8,h=8.0,n=30,start_thres=1.25",hub,0.25,100,21,40,1730,38,0,2,1730,0.95,0.0,1.0,0.0,0.2534475949677554
ni_tfnbs,"e=0.8,h=9.0,n=30,start_thres=1.25",hub,0.25,100,21,40,1730,38,0,2,1730,0.95,0.0,1.0,0.0,0.2534475949677554
ni_tfnbs,"e=0.8,h=10.0,n=30,start_thres=1.25",hub,0.25,100,21,40,1730,38,0,2,1730,0.95,0.0,1.0,0.0,0.2534475949677554
ni_tfnbs,"e=0.9,h=0.5,n=30,start_thres=1.25",hub,0.25,100,21,40,1730,40,0,0,1730,1.0,0.0,1.0,0.0,0.2534475949677554
ni_tfnbs,"e=0.9,h=1.0,n=30,start_thres=1.25",hub,0.25,100,21,40,1730,40,0,0,1730,1.0,0.0,1.0,0.0,0.2534475949677554
ni_tfnbs,"e=0.9,h=2.0,n=30,start_thres=1.25",hub,0.25,100,21,40,1730,40,0,0,1730,1.0,0.0,1.0,0.0,0.2534475949677554
ni_tfnbs,"e=0.9,h=3.0,n=30,start_thres=1.25",hub,0.25,100,21,40,1730,40,0,0,1730,1.0,0.0,1.0,0.0,0.2534475949677554
ni_tfnbs,"e=0.9,h=4.0,n=30,start_thres=1.25",hub,0.25,100,21,40,1730,40,0,0,1730,1.0,0.0,1.0,0.0,0.2534475949677554
ni_tfnbs,"e=0.9,h=5.0,n=30,start_thres=1.25",hub,0.25,100,21,40,1730,40,0,0,1730,1.0,0.0,1.0,0.0,0.2534475949677554
ni_tfnbs,"e=0.9,h=6.0,n=30,start_thres=1.25",hub,0.25,100,21,40,1730,39,0,1,1730,0.975,0.0,1.0,0.0,0.2534475949677554
ni_tfnbs,"e=0.9,h=7.0,n=30,start_thres=1.25",hub,0.25,100,21,40,1730,39,0,1,1730,0.975,0.0,1.0,0.0,0.2534475949677554
ni_tfnbs,"e=0.9,h=8.0,n=30,start_thres=1.25",hub,0.25,100,21,40,1730,38,0,2,1730,0.95,0.0,1.0,0.0,0.2534475949677554
ni_tfnbs,"e=0.9,h=9.0,n=30,start_thres=1.25",hub,0.25,100,21,40,1730,38,0,2,1730,0.95,0.0,1.0,0.0,0.2534475949677554
ni_tfnbs,"e=0.9,h=10.0,n=30,start_thres=1.25",hub,0.25,100,21,40,1730,38,0,2,1730,0.95,0.0,1.0,0.0,0.2534475949677554
ni_tfnbs,"e=1.0,h=0.5,n=30,start_thres=1.25",hub,0.25,100,21,40,1730,40,0,0,1730,1.0,0.0,1.0,0.0,0.2534475949677554
ni_tfnbs,"e=1.0,h=1.0,n=30,start_thres=1.25",hub,0.25,100,21,40,1730,40,0,0,1730,1.0,0.0,1.0,0.0,0.2534475949677554
ni_tfnbs,"e=1.0,h=2.0,n=30,start_thres=1.25",hub,0.25,100,21,40,1730,40,0,0,1730,1.0,0.0,1.0,0.0,0.2534475949677554
ni_tfnbs,"e=1.0,h=3.0,n=30,start_thres=1.25",hub,0.25,100,21,40,1730,40,0,0,1730,1.0,0.0,1.0,0.0,0.2534475949677554
ni_tfnbs,"e=1.0,h=4.0,n=30,start_thres=1.25",hub,0.25,100,21,40,1730,40,0,0,1730,1.0,0.0,1.0,0.0,0.2534475949677554
ni_tfnbs,"e=1.0,h=5.0,n=30,start_thres=1.25",hub,0.25,100,21,40,1730,40,0,0,1730,1.0,0.0,1.0,0.0,0.2534475949677554
ni_tfnbs,"e=1.0,h=6.0,n=30,start_thres=1.25",hub,0.25,100,21,40,1730,40,0,0,1730,1.0,0.0,1.0,0.0,0.2534475949677554
ni_tfnbs,"e=1.0,h=7.0,n=30,start_thres=1.25",hub,0.25,100,21,40,1730,39,0,1,1730,0.975,0.0,1.0,0.0,0.2534475949677554
ni_tfnbs,"e=1.0,h=8.0,n=30,start_thres=1.25",hub,0.25,100,21,40,1730,39,0,1,1730,0.975,0.0,1.0,0.0,0.2534475949677554
ni_tfnbs,"e=1.0,h=9.0,n=30,start_thres=1.25",hub,0.25,100,21,40,1730,38,0,2,1730,0.95,0.0,1.0,0.0,0.2534475949677554
ni_tfnbs,"e=1.0,h=10.0,n=30,start_thres=1.25",hub,0.25,100,21,40,1730,38,0,2,1730,0.95,0.0,1.0,0.0,0.2534475949677554
ni_tfnbs,"e=1.1,h=0.5,n=30,start_thres=1.25",hub,0.25,100,21,40,1730,40,0,0,1730,1.0,0.0,1.0,0.0,0.2534475949677554
ni_tfnbs,"e=1.1,h=1.0,n=30,start_thres=1.25",hub,0.25,100,21,40,1730,40,0,0,1730,1.0,0.0,1.0,0.0,0.2534475949677554
ni_tfnbs,"e=1.1,h=2.0,n=30,start_thres=1.25",hub,0.25,100,21,40,1730,40,0,0,1730,1.0,0.0,1.0,0.0,0.2534475949677554
ni_tfnbs,"e=1.1,h=3.0,n=30,start_thres=1.25",hub,0.25,100,21,40,1730,40,0,0,1730,1.0,0.0,1.0,0.0,0.2534475949677554
ni_tfnbs,"e=1.1,h=4.0,n=30,start_thres=1.25",hub,0.25,100,21,40,1730,40,0,0,1730,1.0,0.0,1.0,0.0,0.2534475949677554
ni_tfnbs,"e=1.1,h=5.0,n=30,start_thres=1.25",hub,0.25,100,21,40,1730,40,0,0,1730,1.0,0.0,1.0,0.0,0.2534475949677554
ni_tfnbs,"e=1.1,h=6.0,n=30,start_thres=1.25",hub,0.25,100,21,40,1730,40,0,0,1730,1.0,0.0,1.0,0.0,0.2534475949677554
ni_tfnbs,"e=1.1,h=7.0,n=30,start_thres=1.25",hub,0.25,100,21,40,1730,39,0,1,1730,0.975,0.0,1.0,0.0,0.2534475949677554
ni_tfnbs,"e=1.1,h=8.0,n=30,start_thres=1.25",hub,0.25,100,21,40,1730,39,0,1,1730,0.975,0.0,1.0,0.0,0.2534475949677554
ni_tfnbs,"e=1.1,h=9.0,n=30,start_thres=1.25",hub,0.25,100,21,40,1730,39,0,1,1730,0.975,0.0,1.0,0.0,0.2534475949677554
ni_tfnbs,"e=1.1,h=10.0,n=30,start_thres=1.25",hub,0.25,100,21,40,1730,38,0,2,1730,0.95,0.0,1.0,0.0,0.2534475949677554
ni_tfnbs,"e=1.2,h=0.5,n=30,start_thres=1.25",hub,0.25,100,21,40,1730,40,0,0,1730,1.0,0.0,1.0,0.0,0.2534475949677554
ni_tfnbs,"e=1.2,h=1.0,n=30,start_thres=1.25",hub,0.25,100,21,40,1730,40,0,0,1730,1.0,0.0,1.0,0.0,0.2534475949677554
ni_tfnbs,"e=1.2,h=2.0,n=30,start_thres=1.25",hub,0.25,100,21,40,1730,40,0,0,1730,1.0,0.0,1.0,0.0,0.2534475949677554
ni_tfnbs,"e=1.2,h=3.0,n=30,start_thres=1.25",hub,0.25,100,21,40,1730,40,0,0,1730,1.0,0.0,1.0,0.0,0.2534475949677554
ni_tfnbs,"e=1.2,h=4.0,n=30,start_thres=1.25",hub,0.25,100,21,40,1730,40,0,0,1730,1.0,0.0,1.0,0.0,0.2534475949677554
ni_tfnbs,"e=1.2,h=5.0,n=30,start_thres=1.25",hub,0.25,100,21,40,1730,40,0,0,1730,1.0,0.0,1.0,0.0,0.2534475949677554
ni_tfnbs,"e=1.2,h=6.0,n=30,start_thres=1.25",hub,0.25,100,21,40,1730,40,0,0,1730,1.0,0.0,1.0,0.0,0.2534475949677554
ni_tfnbs,"e=1.2,h=7.0,n=30,start_thres=1.25",hub,0.25,100,21,40,1730,40,0,0,1730,1.0,0.0,1.0,0.0,0.2534475949677554
ni_tfnbs,"e=1.2,h=8.0,n=30,start_thres=1.25",hub,0.25,100,21,40,1730,39,0,1,1730,0.975,0.0,1.0,0.0,0.2534475949677554
ni_tfnbs,"e=1.2,h=9.0,n=30,start_thres=1.25",hub,0.25,100,21,40,1730,39,0,1,1730,0.975,0.0,1.0,0.0,0.2534475949677554
ni_tfnbs,"e=1.2,h=10.0,n=30,start_thres=1.25",hub,0.25,100,21,40,1730,39,0,1,1730,0.975,0.0,1.0,0.0,0.2534475949677554
ni_tfnbs,"e=1.3,h=0.5,n=30,start_thres=1.25",hub,0.25,100,21,40,1730,40,0,0,1730,1.0,0.0,1.0,0.0,0.2534475949677554
ni_tfnbs,"e=1.3,h=1.0,n=30,start_thres=1.25",hub,0.25,100,21,40,1730,40,0,0,1730,1.0,0.0,1.0,0.0,0.2534475949677554
ni_tfnbs,"e=1.3,h=2.0,n=30,start_thres=1.25",hub,0.25,100,21,40,1730,40,0,0,1730,1.0,0.0,1.0,0.0,0.2534475949677554
ni_tfnbs,"e=1.3,h=3.0,n=30,start_thres=1.25",hub,0.25,100,21,40,1730,40,0,0,1730,1.0,0.0,1.0,0.0,0.2534475949677554
ni_tfnbs,"e=1.3,h=4.0,n=30,start_thres=1.25",hub,0.25,100,21,40,1730,40,0,0,1730,1.0,0.0,1.0,0.0,0.2534475949677554
ni_tfnbs,"e=1.3,h=5.0,n=30,start_thres=1.25",hub,0.25,100,21,40,1730,40,0,0,1730,1.0,0.0,1.0,0.0,0.2534475949677554
ni_tfnbs,"e=1.3,h=6.0,n=30,start_thres=1.25",hub,0.25,100,21,40,1730,40,0,0,1730,1.0,0.0,1.0,0.0,0.2534475949677554
ni_tfnbs,"e=1.3,h=7.0,n=30,start_thres=1.25",hub,0.25,100,21,40,1730,40,0,0,1730,1.0,0.0,1.0,0.0,0.2534475949677554
ni_tfnbs,"e=1.3,h=8.0,n=30,start_thres=1.25",hub,0.25,100,21,40,1730,40,0,0,1730,1.0,0.0,1.0,0.0,0.2534475949677554
ni_tfnbs,"e=1.3,h=9.0,n=30,start_thres=1.25",hub,0.25,100,21,40,1730,39,0,1,1730,0.975,0.0,1.0,0.0,0.2534475949677554
ni_tfnbs,"e=1.3,h=10.0,n=30,start_thres=1.25",hub,0.25,100,21,40,1730,39,0,1,1730,0.975,0.0,1.0,0.0,0.2534475949677554
ni_tfnbs,"e=1.4,h=0.5,n=30,start_thres=1.25",hub,0.25,100,21,40,1730,40,0,0,1730,1.0,0.0,1.0,0.0,0.2534475949677554
ni_tfnbs,"e=1.4,h=1.0,n=30,start_thres=1.25",hub,0.25,100,21,40,1730,40,0,0,1730,1.0,0.0,1.0,0.0,0.2534475949677554
ni_tfnbs,"e=1.4,h=2.0,n=30,start_thres=1.25",hub,0.25,100,21,40,1730,40,1,0,1729,1.0,0.0005780346820809,0.975609756097561,0.024390243902439,0.2534475949677554
ni_tfnbs,"e=1.4,h=3.0,n=30,start_thres=1.25",hub,0.25,100,21,40,1730,40,1,0,1729,1.0,0.0005780346820809,0.975609756097561,0.024390243902439,0.2534475949677554
ni_tfnbs,"e=1.4,h=4.0,n=30,start_thres=1.25",hub,0.25,100,21,40,1730,40,0,0,1730,1.0,0.0,1.0,0.0,0.2534475949677554
ni_tfnbs,"e=1.4,h=5.0,n=30,start_thres=1.25",hub,0.25,100,21,40,1730,40,0,0,1730,1.0,0.0,1.0,0.0,0.2534475949677554
ni_tfnbs,"e=1.4,h=6.0,n=30,start_thres=1.25",hub,0.25,100,21,40,1730,40,0,0,1730,1.0,0.0,1.0,0.0,0.2534475949677554
ni_tfnbs,"e=1.4,h=7.0,n=30,start_thres=1.25",hub,0.25,100,21,40,1730,40,0,0,1730,1.0,0.0,1.0,0.0,0.2534475949677554
ni_tfnbs,"e=1.4,h=8.0,n=30,start_thres=1.25",hub,0.25,100,21,40,1730,40,0,0,1730,1.0,0.0,1.0,0.0,0.2534475949677554
ni_tfnbs,"e=1.4,h=9.0,n=30,start_thres=1.25",hub,0.25,100,21,40,1730,40,0,0,1730,1.0,0.0,1.0,0.0,0.2534475949677554
ni_tfnbs,"e=1.4,h=10.0,n=30,start_thres=1.25",hub,0.25,100,21,40,1730,39,0,1,1730,0.975,0.0,1.0,0.0,0.2534475949677554
ni_tfnbs,"e=1.5,h=0.5,n=30,start_thres=1.25",hub,0.25,100,21,40,1730,40,0,0,1730,1.0,0.0,1.0,0.0,0.2534475949677554
ni_tfnbs,"e=1.5,h=1.0,n=30,start_thres=1.25",hub,0.25,100,21,40,1730,40,0,0,1730,1.0,0.0,1.0,0.0,0.2534475949677554
ni_tfnbs,"e=1.5,h=2.0,n=30,start_thres=1.25",hub,0.25,100,21,40,1730,40,1,0,1729,1.0,0.0005780346820809,0.975609756097561,0.024390243902439,0.2534475949677554
ni_tfnbs,"e=1.5,h=3.0,n=30,start_thres=1.25",hub,0.25,100,21,40,1730,40,1,0,1729,1.0,0.0005780346820809,0.975609756097561,0.024390243902439,0.2534475949677554
ni_tfnbs,"e=1.5,h=4.0,n=30,start_thres=1.25",hub,0.25,100,21,40,1730,40,1,0,1729,1.0,0.0005780346820809,0.975609756097561,0.024390243902439,0.2534475949677554
ni_tfnbs,"e=1.5,h=5.0,n=30,start_thres=1.25",hub,0.25,100,21,40,1730,40,0,0,1730,1.0,0.0,1.0,0.0,0.2534475949677554
ni_tfnbs,"e=1.5,h=6.0,n=30,start_thres=1.25",hub,0.25,100,21,40,1730,40,0,0,1730,1.0,0.0,1.0,0.0,0.2534475949677554
ni_tfnbs,"e=1.5,h=7.0,n=30,start_thres=1.25",hub,0.25,100,21,40,1730,40,0,0,1730,1.0,0.0,1.0,0.0,0.2534475949677554
ni_tfnbs,"e=1.5,h=8.0,n=30,start_thres=1.25",hub,0.25,100,21,40,1730,40,0,0,1730,1.0,0.0,1.0,0.0,0.2534475949677554
ni_tfnbs,"e=1.5,h=9.0,n=30,start_thres=1.25",hub,0.25,100,21,40,1730,40,0,0,1730,1.0,0.0,1.0,0.0,0.2534475949677554
ni_tfnbs,"e=1.5,h=10.0,n=30,start_thres=1.25",hub,0.25,100,21,40,1730,40,0,0,1730,1.0,0.0,1.0,0.0,0.2534475949677554
ni_tfnbs,"e=0.05,h=0.5,n=30,start_thres=1.25",hub,0.25,100,22,40,1730,21,1,19,1729,0.525,0.0005780346820809,0.9545454545454546,0.0454545454545454,0.2545072409239682
ni_tfnbs,"e=0.05,h=1.0,n=30,start_thres=1.25",hub,0.25,100,22,40,1730,21,1,19,1729,0.525,0.0005780346820809,0.9545454545454546,0.0454545454545454,0.2545072409239682
ni_tfnbs,"e=0.05,h=2.0,n=30,start_thres=1.25",hub,0.25,100,22,40,1730,21,1,19,1729,0.525,0.0005780346820809,0.9545454545454546,0.0454545454545454,0.2545072409239682
ni_tfnbs,"e=0.05,h=3.0,n=30,start_thres=1.25",hub,0.25,100,22,40,1730,21,1,19,1729,0.525,0.0005780346820809,0.9545454545454546,0.0454545454545454,0.2545072409239682
ni_tfnbs,"e=0.05,h=4.0,n=30,start_thres=1.25",hub,0.25,100,22,40,1730,21,1,19,1729,0.525,0.0005780346820809,0.9545454545454546,0.0454545454545454,0.2545072409239682
ni_tfnbs,"e=0.05,h=5.0,n=30,start_thres=1.25",hub,0.25,100,22,40,1730,21,1,19,1729,0.525,0.0005780346820809,0.9545454545454546,0.0454545454545454,0.2545072409239682
ni_tfnbs,"e=0.05,h=6.0,n=30,start_thres=1.25",hub,0.25,100,22,40,1730,21,1,19,1729,0.525,0.0005780346820809,0.9545454545454546,0.0454545454545454,0.2545072409239682
ni_tfnbs,"e=0.05,h=7.0,n=30,start_thres=1.25",hub,0.25,100,22,40,1730,21,1,19,1729,0.525,0.0005780346820809,0.9545454545454546,0.0454545454545454,0.2545072409239682
ni_tfnbs,"e=0.05,h=8.0,n=30,start_thres=1.25",hub,0.25,100,22,40,1730,21,1,19,1729,0.525,0.0005780346820809,0.9545454545454546,0.0454545454545454,0.2545072409239682
ni_tfnbs,"e=0.05,h=9.0,n=30,start_thres=1.25",hub,0.25,100,22,40,1730,21,1,19,1729,0.525,0.0005780346820809,0.9545454545454546,0.0454545454545454,0.2545072409239682
ni_tfnbs,"e=0.05,h=10.0,n=30,start_thres=1.25",hub,0.25,100,22,40,1730,21,1,19,1729,0.525,0.0005780346820809,0.9545454545454546,0.0454545454545454,0.2545072409239682
ni_tfnbs,"e=0.1,h=0.5,n=30,start_thres=1.25",hub,0.25,100,22,40,1730,22,1,18,1729,0.55,0.0005780346820809,0.9565217391304348,0.0434782608695652,0.2545072409239682
ni_tfnbs,"e=0.1,h=1.0,n=30,start_thres=1.25",hub,0.25,100,22,40,1730,22,1,18,1729,0.55,0.0005780346820809,0.9565217391304348,0.0434782608695652,0.2545072409239682
ni_tfnbs,"e=0.1,h=2.0,n=30,start_thres=1.25",hub,0.25,100,22,40,1730,22,1,18,1729,0.55,0.0005780346820809,0.9565217391304348,0.0434782608695652,0.2545072409239682
ni_tfnbs,"e=0.1,h=3.0,n=30,start_thres=1.25",hub,0.25,100,22,40,1730,22,1,18,1729,0.55,0.0005780346820809,0.9565217391304348,0.0434782608695652,0.2545072409239682
ni_tfnbs,"e=0.1,h=4.0,n=30,start_thres=1.25",hub,0.25,100,22,40,1730,21,1,19,1729,0.525,0.0005780346820809,0.9545454545454546,0.0454545454545454,0.2545072409239682
ni_tfnbs,"e=0.1,h=5.0,n=30,start_thres=1.25",hub,0.25,100,22,40,1730,21,1,19,1729,0.525,0.0005780346820809,0.9545454545454546,0.0454545454545454,0.2545072409239682
ni_tfnbs,"e=0.1,h=6.0,n=30,start_thres=1.25",hub,0.25,100,22,40,1730,21,1,19,1729,0.525,0.0005780346820809,0.9545454545454546,0.0454545454545454,0.2545072409239682
ni_tfnbs,"e=0.1,h=7.0,n=30,start_thres=1.25",hub,0.25,100,22,40,1730,21,1,19,1729,0.525,0.0005780346820809,0.9545454545454546,0.0454545454545454,0.2545072409239682
ni_tfnbs,"e=0.1,h=8.0,n=30,start_thres=1.25",hub,0.25,100,22,40,1730,21,1,19,1729,0.525,0.0005780346820809,0.9545454545454546,0.0454545454545454,0.2545072409239682
ni_tfnbs,"e=0.1,h=9.0,n=30,start_thres=1.25",hub,0.25,100,22,40,1730,21,1,19,1729,0.525,0.0005780346820809,0.9545454545454546,0.0454545454545454,0.2545072409239682
ni_tfnbs,"e=0.1,h=10.0,n=30,start_thres=1.25",hub,0.25,100,22,40,1730,21,1,19,1729,0.525,0.0005780346820809,0.9545454545454546,0.0454545454545454,0.2545072409239682
ni_tfnbs,"e=0.2,h=0.5,n=30,start_thres=1.25",hub,0.25,100,22,40,1730,27,1,13,1729,0.675,0.0005780346820809,0.9642857142857144,0.0357142857142857,0.2545072409239682
ni_tfnbs,"e=0.2,h=1.0,n=30,start_thres=1.25",hub,0.25,100,22,40,1730,25,1,15,1729,0.625,0.0005780346820809,0.9615384615384616,0.0384615384615384,0.2545072409239682
ni_tfnbs,"e=0.2,h=2.0,n=30,start_thres=1.25",hub,0.25,100,22,40,1730,25,1,15,1729,0.625,0.0005780346820809,0.9615384615384616,0.0384615384615384,0.2545072409239682
ni_tfnbs,"e=0.2,h=3.0,n=30,start_thres=1.25",hub,0.25,100,22,40,1730,23,1,17,1729,0.575,0.0005780346820809,0.9583333333333334,0.0416666666666666,0.2545072409239682
ni_tfnbs,"e=0.2,h=4.0,n=30,start_thres=1.25",hub,0.25,100,22,40,1730,22,1,18,1729,0.55,0.0005780346820809,0.9565217391304348,0.0434782608695652,0.2545072409239682
ni_tfnbs,"e=0.2,h=5.0,n=30,start_thres=1.25",hub,0.25,100,22,40,1730,22,1,18,1729,0.55,0.0005780346820809,0.9565217391304348,0.0434782608695652,0.2545072409239682
ni_tfnbs,"e=0.2,h=6.0,n=30,start_thres=1.25",hub,0.25,100,22,40,1730,22,1,18,1729,0.55,0.0005780346820809,0.9565217391304348,0.0434782608695652,0.2545072409239682
ni_tfnbs,"e=0.2,h=7.0,n=30,start_thres=1.25",hub,0.25,100,22,40,1730,22,1,18,1729,0.55,0.0005780346820809,0.9565217391304348,0.0434782608695652,0.2545072409239682
ni_tfnbs,"e=0.2,h=8.0,n=30,start_thres=1.25",hub,0.25,100,22,40,1730,22,1,18,1729,0.55,0.0005780346820809,0.9565217391304348,0.0434782608695652,0.2545072409239682
ni_tfnbs,"e=0.2,h=9.0,n=30,start_thres=1.25",hub,0.25,100,22,40,1730,22,1,18,1729,0.55,0.0005780346820809,0.9565217391304348,0.0434782608695652,0.2545072409239682
ni_tfnbs,"e=0.2,h=10.0,n=30,start_thres=1.25",hub,0.25,100,22,40,1730,21,1,19,1729,0.525,0.0005780346820809,0.9545454545454546,0.0454545454545454,0.2545072409239682
ni_tfnbs,"e=0.3,h=0.5,n=30,start_thres=1.25",hub,0.25,100,22,40,1730,30,1,10,1729,0.75,0.0005780346820809,0.967741935483871,0.032258064516129,0.2545072409239682
ni_tfnbs,"e=0.3,h=1.0,n=30,start_thres=1.25",hub,0.25,100,22,40,1730,30,1,10,1729,0.75,0.0005780346820809,0.967741935483871,0.032258064516129,0.2545072409239682
ni_tfnbs,"e=0.3,h=2.0,n=30,start_thres=1.25",hub,0.25,100,22,40,1730,29,1,11,1729,0.725,0.0005780346820809,0.9666666666666668,0.0333333333333333,0.2545072409239682
ni_tfnbs,"e=0.3,h=3.0,n=30,start_thres=1.25",hub,0.25,100,22,40,1730,27,1,13,1729,0.675,0.0005780346820809,0.9642857142857144,0.0357142857142857,0.2545072409239682
ni_tfnbs,"e=0.3,h=4.0,n=30,start_thres=1.25",hub,0.25,100,22,40,1730,25,1,15,1729,0.625,0.0005780346820809,0.9615384615384616,0.0384615384615384,0.2545072409239682
ni_tfnbs,"e=0.3,h=5.0,n=30,start_thres=1.25",hub,0.25,100,22,40,1730,23,1,17,1729,0.575,0.0005780346820809,0.9583333333333334,0.0416666666666666,0.2545072409239682
ni_tfnbs,"e=0.3,h=6.0,n=30,start_thres=1.25",hub,0.25,100,22,40,1730,23,1,17,1729,0.575,0.0005780346820809,0.9583333333333334,0.0416666666666666,0.2545072409239682
ni_tfnbs,"e=0.3,h=7.0,n=30,start_thres=1.25",hub,0.25,100,22,40,1730,22,1,18,1729,0.55,0.0005780346820809,0.9565217391304348,0.0434782608695652,0.2545072409239682
ni_tfnbs,"e=0.3,h=8.0,n=30,start_thres=1.25",hub,0.25,100,22,40,1730,22,1,18,1729,0.55,0.0005780346820809,0.9565217391304348,0.0434782608695652,0.2545072409239682
ni_tfnbs,"e=0.3,h=9.0,n=30,start_thres=1.25",hub,0.25,100,22,40,1730,22,1,18,1729,0.55,0.0005780346820809,0.9565217391304348,0.0434782608695652,0.2545072409239682
ni_tfnbs,"e=0.3,h=10.0,n=30,start_thres=1.25",hub,0.25,100,22,40,1730,22,1,18,1729,0.55,0.0005780346820809,0.9565217391304348,0.0434782608695652,0.2545072409239682
ni_tfnbs,"e=0.4,h=0.5,n=30,start_thres=1.25",hub,0.25,100,22,40,1730,34,1,6,1729,0.85,0.0005780346820809,0.9714285714285714,0.0285714285714285,0.2545072409239682
ni_tfnbs,"e=0.4,h=1.0,n=30,start_thres=1.25",hub,0.25,100,22,40,1730,34,1,6,1729,0.85,0.0005780346820809,0.9714285714285714,0.0285714285714285,0.2545072409239682
ni_tfnbs,"e=0.4,h=2.0,n=30,start_thres=1.25",hub,0.25,100,22,40,1730,32,1,8,1729,0.8,0.0005780346820809,0.9696969696969696,0.0303030303030303,0.2545072409239682
ni_tfnbs,"e=0.4,h=3.0,n=30,start_thres=1.25",hub,0.25,100,22,40,1730,30,1,10,1729,0.75,0.0005780346820809,0.967741935483871,0.032258064516129,0.2545072409239682
ni_tfnbs,"e=0.4,h=4.0,n=30,start_thres=1.25",hub,0.25,100,22,40,1730,29,1,11,1729,0.725,0.0005780346820809,0.9666666666666668,0.0333333333333333,0.2545072409239682
ni_tfnbs,"e=0.4,h=5.0,n=30,start_thres=1.25",hub,0.25,100,22,40,1730,27,1,13,1729,0.675,0.0005780346820809,0.9642857142857144,0.0357142857142857,0.2545072409239682
ni_tfnbs,"e=0.4,h=6.0,n=30,start_thres=1.25",hub,0.25,100,22,40,1730,25,1,15,1729,0.625,0.0005780346820809,0.9615384615384616,0.0384615384615384,0.2545072409239682
ni_tfnbs,"e=0.4,h=7.0,n=30,start_thres=1.25",hub,0.25,100,22,40,1730,25,1,15,1729,0.625,0.0005780346820809,0.9615384615384616,0.0384615384615384,0.2545072409239682
ni_tfnbs,"e=0.4,h=8.0,n=30,start_thres=1.25",hub,0.25,100,22,40,1730,23,1,17,1729,0.575,0.0005780346820809,0.9583333333333334,0.0416666666666666,0.2545072409239682
ni_tfnbs,"e=0.4,h=9.0,n=30,start_thres=1.25",hub,0.25,100,22,40,1730,23,1,17,1729,0.575,0.0005780346820809,0.9583333333333334,0.0416666666666666,0.2545072409239682
ni_tfnbs,"e=0.4,h=10.0,n=30,start_thres=1.25",hub,0.25,100,22,40,1730,22,1,18,1729,0.55,0.0005780346820809,0.9565217391304348,0.0434782608695652,0.2545072409239682
ni_tfnbs,"e=0.5,h=0.5,n=30,start_thres=1.25",hub,0.25,100,22,40,1730,37,1,3,1729,0.925,0.0005780346820809,0.9736842105263158,0.0263157894736842,0.2545072409239682
ni_tfnbs,"e=0.5,h=1.0,n=30,start_thres=1.25",hub,0.25,100,22,40,1730,36,1,4,1729,0.9,0.0005780346820809,0.972972972972973,0.027027027027027,0.2545072409239682
ni_tfnbs,"e=0.5,h=2.0,n=30,start_thres=1.25",hub,0.25,100,22,40,1730,34,1,6,1729,0.85,0.0005780346820809,0.9714285714285714,0.0285714285714285,0.2545072409239682
ni_tfnbs,"e=0.5,h=3.0,n=30,start_thres=1.25",hub,0.25,100,22,40,1730,33,1,7,1729,0.825,0.0005780346820809,0.9705882352941176,0.0294117647058823,0.2545072409239682
ni_tfnbs,"e=0.5,h=4.0,n=30,start_thres=1.25",hub,0.25,100,22,40,1730,32,1,8,1729,0.8,0.0005780346820809,0.9696969696969696,0.0303030303030303,0.2545072409239682
ni_tfnbs,"e=0.5,h=5.0,n=30,start_thres=1.25",hub,0.25,100,22,40,1730,30,1,10,1729,0.75,0.0005780346820809,0.967741935483871,0.032258064516129,0.2545072409239682
ni_tfnbs,"e=0.5,h=6.0,n=30,start_thres=1.25",hub,0.25,100,22,40,1730,29,1,11,1729,0.725,0.0005780346820809,0.9666666666666668,0.0333333333333333,0.2545072409239682
ni_tfnbs,"e=0.5,h=7.0,n=30,start_thres=1.25",hub,0.25,100,22,40,1730,27,1,13,1729,0.675,0.0005780346820809,0.9642857142857144,0.0357142857142857,0.2545072409239682
ni_tfnbs,"e=0.5,h=8.0,n=30,start_thres=1.25",hub,0.25,100,22,40,1730,25,1,15,1729,0.625,0.0005780346820809,0.9615384615384616,0.0384615384615384,0.2545072409239682
ni_tfnbs,"e=0.5,h=9.0,n=30,start_thres=1.25",hub,0.25,100,22,40,1730,25,1,15,1729,0.625,0.0005780346820809,0.9615384615384616,0.0384615384615384,0.2545072409239682
ni_tfnbs,"e=0.5,h=10.0,n=30,start_thres=1.25",hub,0.25,100,22,40,1730,25,1,15,1729,0.625,0.0005780346820809,0.9615384615384616,0.0384615384615384,0.2545072409239682
ni_tfnbs,"e=0.6,h=0.5,n=30,start_thres=1.25",hub,0.25,100,22,40,1730,39,1,1,1729,0.975,0.0005780346820809,0.975,0.025,0.2545072409239682
ni_tfnbs,"e=0.6,h=1.0,n=30,start_thres=1.25",hub,0.25,100,22,40,1730,39,1,1,1729,0.975,0.0005780346820809,0.975,0.025,0.2545072409239682
ni_tfnbs,"e=0.6,h=2.0,n=30,start_thres=1.25",hub,0.25,100,22,40,1730,37,1,3,1729,0.925,0.0005780346820809,0.9736842105263158,0.0263157894736842,0.2545072409239682
ni_tfnbs,"e=0.6,h=3.0,n=30,start_thres=1.25",hub,0.25,100,22,40,1730,35,1,5,1729,0.875,0.0005780346820809,0.9722222222222222,0.0277777777777777,0.2545072409239682
ni_tfnbs,"e=0.6,h=4.0,n=30,start_thres=1.25",hub,0.25,100,22,40,1730,34,1,6,1729,0.85,0.0005780346820809,0.9714285714285714,0.0285714285714285,0.2545072409239682
ni_tfnbs,"e=0.6,h=5.0,n=30,start_thres=1.25",hub,0.25,100,22,40,1730,33,1,7,1729,0.825,0.0005780346820809,0.9705882352941176,0.0294117647058823,0.2545072409239682
ni_tfnbs,"e=0.6,h=6.0,n=30,start_thres=1.25",hub,0.25,100,22,40,1730,30,1,10,1729,0.75,0.0005780346820809,0.967741935483871,0.032258064516129,0.2545072409239682
ni_tfnbs,"e=0.6,h=7.0,n=30,start_thres=1.25",hub,0.25,100,22,40,1730,29,1,11,1729,0.725,0.0005780346820809,0.9666666666666668,0.0333333333333333,0.2545072409239682
ni_tfnbs,"e=0.6,h=8.0,n=30,start_thres=1.25",hub,0.25,100,22,40,1730,28,1,12,1729,0.7,0.0005780346820809,0.9655172413793104,0.0344827586206896,0.2545072409239682
ni_tfnbs,"e=0.6,h=9.0,n=30,start_thres=1.25",hub,0.25,100,22,40,1730,27,1,13,1729,0.675,0.0005780346820809,0.9642857142857144,0.0357142857142857,0.2545072409239682
ni_tfnbs,"e=0.6,h=10.0,n=30,start_thres=1.25",hub,0.25,100,22,40,1730,25,1,15,1729,0.625,0.0005780346820809,0.9615384615384616,0.0384615384615384,0.2545072409239682
ni_tfnbs,"e=0.7,h=0.5,n=30,start_thres=1.25",hub,0.25,100,22,40,1730,39,1,1,1729,0.975,0.0005780346820809,0.975,0.025,0.2545072409239682
ni_tfnbs,"e=0.7,h=1.0,n=30,start_thres=1.25",hub,0.25,100,22,40,1730,39,1,1,1729,0.975,0.0005780346820809,0.975,0.025,0.2545072409239682
ni_tfnbs,"e=0.7,h=2.0,n=30,start_thres=1.25",hub,0.25,100,22,40,1730,39,1,1,1729,0.975,0.0005780346820809,0.975,0.025,0.2545072409239682
ni_tfnbs,"e=0.7,h=3.0,n=30,start_thres=1.25",hub,0.25,100,22,40,1730,37,1,3,1729,0.925,0.0005780346820809,0.9736842105263158,0.0263157894736842,0.2545072409239682
ni_tfnbs,"e=0.7,h=4.0,n=30,start_thres=1.25",hub,0.25,100,22,40,1730,35,1,5,1729,0.875,0.0005780346820809,0.9722222222222222,0.0277777777777777,0.2545072409239682
ni_tfnbs,"e=0.7,h=5.0,n=30,start_thres=1.25",hub,0.25,100,22,40,1730,34,1,6,1729,0.85,0.0005780346820809,0.9714285714285714,0.0285714285714285,0.2545072409239682
ni_tfnbs,"e=0.7,h=6.0,n=30,start_thres=1.25",hub,0.25,100,22,40,1730,34,1,6,1729,0.85,0.0005780346820809,0.9714285714285714,0.0285714285714285,0.2545072409239682
ni_tfnbs,"e=0.7,h=7.0,n=30,start_thres=1.25",hub,0.25,100,22,40,1730,32,1,8,1729,0.8,0.0005780346820809,0.9696969696969696,0.0303030303030303,0.2545072409239682
ni_tfnbs,"e=0.7,h=8.0,n=30,start_thres=1.25",hub,0.25,100,22,40,1730,30,1,10,1729,0.75,0.0005780346820809,0.967741935483871,0.032258064516129,0.2545072409239682
ni_tfnbs,"e=0.7,h=9.0,n=30,start_thres=1.25",hub,0.25,100,22,40,1730,29,1,11,1729,0.725,0.0005780346820809,0.9666666666666668,0.0333333333333333,0.2545072409239682
ni_tfnbs,"e=0.7,h=10.0,n=30,start_thres=1.25",hub,0.25,100,22,40,1730,28,1,12,1729,0.7,0.0005780346820809,0.9655172413793104,0.0344827586206896,0.2545072409239682
ni_tfnbs,"e=0.8,h=0.5,n=30,start_thres=1.25",hub,0.25,100,22,40,1730,39,1,1,1729,0.975,0.0005780346820809,0.975,0.025,0.2545072409239682
ni_tfnbs,"e=0.8,h=1.0,n=30,start_thres=1.25",hub,0.25,100,22,40,1730,39,1,1,1729,0.975,0.0005780346820809,0.975,0.025,0.2545072409239682
ni_tfnbs,"e=0.8,h=2.0,n=30,start_thres=1.25",hub,0.25,100,22,40,1730,39,1,1,1729,0.975,0.0005780346820809,0.975,0.025,0.2545072409239682
ni_tfnbs,"e=0.8,h=3.0,n=30,start_thres=1.25",hub,0.25,100,22,40,1730,39,1,1,1729,0.975,0.0005780346820809,0.975,0.025,0.2545072409239682
ni_tfnbs,"e=0.8,h=4.0,n=30,start_thres=1.25",hub,0.25,100,22,40,1730,39,1,1,1729,0.975,0.0005780346820809,0.975,0.025,0.2545072409239682
ni_tfnbs,"e=0.8,h=5.0,n=30,start_thres=1.25",hub,0.25,100,22,40,1730,36,1,4,1729,0.9,0.0005780346820809,0.972972972972973,0.027027027027027,0.2545072409239682
ni_tfnbs,"e=0.8,h=6.0,n=30,start_thres=1.25",hub,0.25,100,22,40,1730,35,1,5,1729,0.875,0.0005780346820809,0.9722222222222222,0.0277777777777777,0.2545072409239682
ni_tfnbs,"e=0.8,h=7.0,n=30,start_thres=1.25",hub,0.25,100,22,40,1730,34,1,6,1729,0.85,0.0005780346820809,0.9714285714285714,0.0285714285714285,0.2545072409239682
ni_tfnbs,"e=0.8,h=8.0,n=30,start_thres=1.25",hub,0.25,100,22,40,1730,32,1,8,1729,0.8,0.0005780346820809,0.9696969696969696,0.0303030303030303,0.2545072409239682
ni_tfnbs,"e=0.8,h=9.0,n=30,start_thres=1.25",hub,0.25,100,22,40,1730,30,1,10,1729,0.75,0.0005780346820809,0.967741935483871,0.032258064516129,0.2545072409239682
ni_tfnbs,"e=0.8,h=10.0,n=30,start_thres=1.25",hub,0.25,100,22,40,1730,29,1,11,1729,0.725,0.0005780346820809,0.9666666666666668,0.0333333333333333,0.2545072409239682
ni_tfnbs,"e=0.9,h=0.5,n=30,start_thres=1.25",hub,0.25,100,22,40,1730,39,1,1,1729,0.975,0.0005780346820809,0.975,0.025,0.2545072409239682
ni_tfnbs,"e=0.9,h=1.0,n=30,start_thres=1.25",hub,0.25,100,22,40,1730,39,1,1,1729,0.975,0.0005780346820809,0.975,0.025,0.2545072409239682
ni_tfnbs,"e=0.9,h=2.0,n=30,start_thres=1.25",hub,0.25,100,22,40,1730,39,1,1,1729,0.975,0.0005780346820809,0.975,0.025,0.2545072409239682
ni_tfnbs,"e=0.9,h=3.0,n=30,start_thres=1.25",hub,0.25,100,22,40,1730,39,1,1,1729,0.975,0.0005780346820809,0.975,0.025,0.2545072409239682
ni_tfnbs,"e=0.9,h=4.0,n=30,start_thres=1.25",hub,0.25,100,22,40,1730,39,1,1,1729,0.975,0.0005780346820809,0.975,0.025,0.2545072409239682
ni_tfnbs,"e=0.9,h=5.0,n=30,start_thres=1.25",hub,0.25,100,22,40,1730,39,1,1,1729,0.975,0.0005780346820809,0.975,0.025,0.2545072409239682
ni_tfnbs,"e=0.9,h=6.0,n=30,start_thres=1.25",hub,0.25,100,22,40,1730,37,1,3,1729,0.925,0.0005780346820809,0.9736842105263158,0.0263157894736842,0.2545072409239682
ni_tfnbs,"e=0.9,h=7.0,n=30,start_thres=1.25",hub,0.25,100,22,40,1730,35,1,5,1729,0.875,0.0005780346820809,0.9722222222222222,0.0277777777777777,0.2545072409239682
ni_tfnbs,"e=0.9,h=8.0,n=30,start_thres=1.25",hub,0.25,100,22,40,1730,34,1,6,1729,0.85,0.0005780346820809,0.9714285714285714,0.0285714285714285,0.2545072409239682
ni_tfnbs,"e=0.9,h=9.0,n=30,start_thres=1.25",hub,0.25,100,22,40,1730,33,1,7,1729,0.825,0.0005780346820809,0.9705882352941176,0.0294117647058823,0.2545072409239682
ni_tfnbs,"e=0.9,h=10.0,n=30,start_thres=1.25",hub,0.25,100,22,40,1730,32,1,8,1729,0.8,0.0005780346820809,0.9696969696969696,0.0303030303030303,0.2545072409239682
ni_tfnbs,"e=1.0,h=0.5,n=30,start_thres=1.25",hub,0.25,100,22,40,1730,39,1,1,1729,0.975,0.0005780346820809,0.975,0.025,0.2545072409239682
ni_tfnbs,"e=1.0,h=1.0,n=30,start_thres=1.25",hub,0.25,100,22,40,1730,39,1,1,1729,0.975,0.0005780346820809,0.975,0.025,0.2545072409239682
ni_tfnbs,"e=1.0,h=2.0,n=30,start_thres=1.25",hub,0.25,100,22,40,1730,39,1,1,1729,0.975,0.0005780346820809,0.975,0.025,0.2545072409239682
ni_tfnbs,"e=1.0,h=3.0,n=30,start_thres=1.25",hub,0.25,100,22,40,1730,39,1,1,1729,0.975,0.0005780346820809,0.975,0.025,0.2545072409239682
ni_tfnbs,"e=1.0,h=4.0,n=30,start_thres=1.25",hub,0.25,100,22,40,1730,39,1,1,1729,0.975,0.0005780346820809,0.975,0.025,0.2545072409239682
ni_tfnbs,"e=1.0,h=5.0,n=30,start_thres=1.25",hub,0.25,100,22,40,1730,39,1,1,1729,0.975,0.0005780346820809,0.975,0.025,0.2545072409239682
ni_tfnbs,"e=1.0,h=6.0,n=30,start_thres=1.25",hub,0.25,100,22,40,1730,39,1,1,1729,0.975,0.0005780346820809,0.975,0.025,0.2545072409239682
ni_tfnbs,"e=1.0,h=7.0,n=30,start_thres=1.25",hub,0.25,100,22,40,1730,37,1,3,1729,0.925,0.0005780346820809,0.9736842105263158,0.0263157894736842,0.2545072409239682
ni_tfnbs,"e=1.0,h=8.0,n=30,start_thres=1.25",hub,0.25,100,22,40,1730,35,1,5,1729,0.875,0.0005780346820809,0.9722222222222222,0.0277777777777777,0.2545072409239682
ni_tfnbs,"e=1.0,h=9.0,n=30,start_thres=1.25",hub,0.25,100,22,40,1730,34,1,6,1729,0.85,0.0005780346820809,0.9714285714285714,0.0285714285714285,0.2545072409239682
ni_tfnbs,"e=1.0,h=10.0,n=30,start_thres=1.25",hub,0.25,100,22,40,1730,33,1,7,1729,0.825,0.0005780346820809,0.9705882352941176,0.0294117647058823,0.2545072409239682
ni_tfnbs,"e=1.1,h=0.5,n=30,start_thres=1.25",hub,0.25,100,22,40,1730,39,1,1,1729,0.975,0.0005780346820809,0.975,0.025,0.2545072409239682
ni_tfnbs,"e=1.1,h=1.0,n=30,start_thres=1.25",hub,0.25,100,22,40,1730,39,1,1,1729,0.975,0.0005780346820809,0.975,0.025,0.2545072409239682
ni_tfnbs,"e=1.1,h=2.0,n=30,start_thres=1.25",hub,0.25,100,22,40,1730,39,1,1,1729,0.975,0.0005780346820809,0.975,0.025,0.2545072409239682
ni_tfnbs,"e=1.1,h=3.0,n=30,start_thres=1.25",hub,0.25,100,22,40,1730,39,1,1,1729,0.975,0.0005780346820809,0.975,0.025,0.2545072409239682
ni_tfnbs,"e=1.1,h=4.0,n=30,start_thres=1.25",hub,0.25,100,22,40,1730,39,1,1,1729,0.975,0.0005780346820809,0.975,0.025,0.2545072409239682
ni_tfnbs,"e=1.1,h=5.0,n=30,start_thres=1.25",hub,0.25,100,22,40,1730,39,1,1,1729,0.975,0.0005780346820809,0.975,0.025,0.2545072409239682
ni_tfnbs,"e=1.1,h=6.0,n=30,start_thres=1.25",hub,0.25,100,22,40,1730,39,1,1,1729,0.975,0.0005780346820809,0.975,0.025,0.2545072409239682
ni_tfnbs,"e=1.1,h=7.0,n=30,start_thres=1.25",hub,0.25,100,22,40,1730,39,1,1,1729,0.975,0.0005780346820809,0.975,0.025,0.2545072409239682
ni_tfnbs,"e=1.1,h=8.0,n=30,start_thres=1.25",hub,0.25,100,22,40,1730,37,1,3,1729,0.925,0.0005780346820809,0.9736842105263158,0.0263157894736842,0.2545072409239682
ni_tfnbs,"e=1.1,h=9.0,n=30,start_thres=1.25",hub,0.25,100,22,40,1730,35,1,5,1729,0.875,0.0005780346820809,0.9722222222222222,0.0277777777777777,0.2545072409239682
ni_tfnbs,"e=1.1,h=10.0,n=30,start_thres=1.25",hub,0.25,100,22,40,1730,34,1,6,1729,0.85,0.0005780346820809,0.9714285714285714,0.0285714285714285,0.2545072409239682
ni_tfnbs,"e=1.2,h=0.5,n=30,start_thres=1.25",hub,0.25,100,22,40,1730,39,1,1,1729,0.975,0.0005780346820809,0.975,0.025,0.2545072409239682
ni_tfnbs,"e=1.2,h=1.0,n=30,start_thres=1.25",hub,0.25,100,22,40,1730,39,1,1,1729,0.975,0.0005780346820809,0.975,0.025,0.2545072409239682
ni_tfnbs,"e=1.2,h=2.0,n=30,start_thres=1.25",hub,0.25,100,22,40,1730,39,1,1,1729,0.975,0.0005780346820809,0.975,0.025,0.2545072409239682
ni_tfnbs,"e=1.2,h=3.0,n=30,start_thres=1.25",hub,0.25,100,22,40,1730,39,2,1,1728,0.975,0.0011560693641618,0.951219512195122,0.048780487804878,0.2545072409239682
ni_tfnbs,"e=1.2,h=4.0,n=30,start_thres=1.25",hub,0.25,100,22,40,1730,39,1,1,1729,0.975,0.0005780346820809,0.975,0.025,0.2545072409239682
ni_tfnbs,"e=1.2,h=5.0,n=30,start_thres=1.25",hub,0.25,100,22,40,1730,39,1,1,1729,0.975,0.0005780346820809,0.975,0.025,0.2545072409239682
ni_tfnbs,"e=1.2,h=6.0,n=30,start_thres=1.25",hub,0.25,100,22,40,1730,39,1,1,1729,0.975,0.0005780346820809,0.975,0.025,0.2545072409239682
ni_tfnbs,"e=1.2,h=7.0,n=30,start_thres=1.25",hub,0.25,100,22,40,1730,39,1,1,1729,0.975,0.0005780346820809,0.975,0.025,0.2545072409239682
ni_tfnbs,"e=1.2,h=8.0,n=30,start_thres=1.25",hub,0.25,100,22,40,1730,39,1,1,1729,0.975,0.0005780346820809,0.975,0.025,0.2545072409239682
ni_tfnbs,"e=1.2,h=9.0,n=30,start_thres=1.25",hub,0.25,100,22,40,1730,37,1,3,1729,0.925,0.0005780346820809,0.9736842105263158,0.0263157894736842,0.2545072409239682
ni_tfnbs,"e=1.2,h=10.0,n=30,start_thres=1.25",hub,0.25,100,22,40,1730,35,1,5,1729,0.875,0.0005780346820809,0.9722222222222222,0.0277777777777777,0.2545072409239682
ni_tfnbs,"e=1.3,h=0.5,n=30,start_thres=1.25",hub,0.25,100,22,40,1730,39,1,1,1729,0.975,0.0005780346820809,0.975,0.025,0.2545072409239682
ni_tfnbs,"e=1.3,h=1.0,n=30,start_thres=1.25",hub,0.25,100,22,40,1730,39,1,1,1729,0.975,0.0005780346820809,0.975,0.025,0.2545072409239682
ni_tfnbs,"e=1.3,h=2.0,n=30,start_thres=1.25",hub,0.25,100,22,40,1730,39,2,1,1728,0.975,0.0011560693641618,0.951219512195122,0.048780487804878,0.2545072409239682
ni_tfnbs,"e=1.3,h=3.0,n=30,start_thres=1.25",hub,0.25,100,22,40,1730,39,2,1,1728,0.975,0.0011560693641618,0.951219512195122,0.048780487804878,0.2545072409239682
ni_tfnbs,"e=1.3,h=4.0,n=30,start_thres=1.25",hub,0.25,100,22,40,1730,39,2,1,1728,0.975,0.0011560693641618,0.951219512195122,0.048780487804878,0.2545072409239682
ni_tfnbs,"e=1.3,h=5.0,n=30,start_thres=1.25",hub,0.25,100,22,40,1730,39,1,1,1729,0.975,0.0005780346820809,0.975,0.025,0.2545072409239682
ni_tfnbs,"e=1.3,h=6.0,n=30,start_thres=1.25",hub,0.25,100,22,40,1730,39,1,1,1729,0.975,0.0005780346820809,0.975,0.025,0.2545072409239682
ni_tfnbs,"e=1.3,h=7.0,n=30,start_thres=1.25",hub,0.25,100,22,40,1730,39,1,1,1729,0.975,0.0005780346820809,0.975,0.025,0.2545072409239682
ni_tfnbs,"e=1.3,h=8.0,n=30,start_thres=1.25",hub,0.25,100,22,40,1730,39,1,1,1729,0.975,0.0005780346820809,0.975,0.025,0.2545072409239682
ni_tfnbs,"e=1.3,h=9.0,n=30,start_thres=1.25",hub,0.25,100,22,40,1730,37,1,3,1729,0.925,0.0005780346820809,0.9736842105263158,0.0263157894736842,0.2545072409239682
ni_tfnbs,"e=1.3,h=10.0,n=30,start_thres=1.25",hub,0.25,100,22,40,1730,37,1,3,1729,0.925,0.0005780346820809,0.9736842105263158,0.0263157894736842,0.2545072409239682
ni_tfnbs,"e=1.4,h=0.5,n=30,start_thres=1.25",hub,0.25,100,22,40,1730,39,1,1,1729,0.975,0.0005780346820809,0.975,0.025,0.2545072409239682
ni_tfnbs,"e=1.4,h=1.0,n=30,start_thres=1.25",hub,0.25,100,22,40,1730,39,1,1,1729,0.975,0.0005780346820809,0.975,0.025,0.2545072409239682
ni_tfnbs,"e=1.4,h=2.0,n=30,start_thres=1.25",hub,0.25,100,22,40,1730,39,2,1,1728,0.975,0.0011560693641618,0.951219512195122,0.048780487804878,0.2545072409239682
ni_tfnbs,"e=1.4,h=3.0,n=30,start_thres=1.25",hub,0.25,100,22,40,1730,39,2,1,1728,0.975,0.0011560693641618,0.951219512195122,0.048780487804878,0.2545072409239682
ni_tfnbs,"e=1.4,h=4.0,n=30,start_thres=1.25",hub,0.25,100,22,40,1730,39,2,1,1728,0.975,0.0011560693641618,0.951219512195122,0.048780487804878,0.2545072409239682
ni_tfnbs,"e=1.4,h=5.0,n=30,start_thres=1.25",hub,0.25,100,22,40,1730,39,2,1,1728,0.975,0.0011560693641618,0.951219512195122,0.048780487804878,0.2545072409239682
ni_tfnbs,"e=1.4,h=6.0,n=30,start_thres=1.25",hub,0.25,100,22,40,1730,39,1,1,1729,0.975,0.0005780346820809,0.975,0.025,0.2545072409239682
ni_tfnbs,"e=1.4,h=7.0,n=30,start_thres=1.25",hub,0.25,100,22,40,1730,39,1,1,1729,0.975,0.0005780346820809,0.975,0.025,0.2545072409239682
ni_tfnbs,"e=1.4,h=8.0,n=30,start_thres=1.25",hub,0.25,100,22,40,1730,39,1,1,1729,0.975,0.0005780346820809,0.975,0.025,0.2545072409239682
ni_tfnbs,"e=1.4,h=9.0,n=30,start_thres=1.25",hub,0.25,100,22,40,1730,39,1,1,1729,0.975,0.0005780346820809,0.975,0.025,0.2545072409239682
ni_tfnbs,"e=1.4,h=10.0,n=30,start_thres=1.25",hub,0.25,100,22,40,1730,37,1,3,1729,0.925,0.0005780346820809,0.9736842105263158,0.0263157894736842,0.2545072409239682
ni_tfnbs,"e=1.5,h=0.5,n=30,start_thres=1.25",hub,0.25,100,22,40,1730,39,1,1,1729,0.975,0.0005780346820809,0.975,0.025,0.2545072409239682
ni_tfnbs,"e=1.5,h=1.0,n=30,start_thres=1.25",hub,0.25,100,22,40,1730,39,1,1,1729,0.975,0.0005780346820809,0.975,0.025,0.2545072409239682
ni_tfnbs,"e=1.5,h=2.0,n=30,start_thres=1.25",hub,0.25,100,22,40,1730,39,2,1,1728,0.975,0.0011560693641618,0.951219512195122,0.048780487804878,0.2545072409239682
ni_tfnbs,"e=1.5,h=3.0,n=30,start_thres=1.25",hub,0.25,100,22,40,1730,39,2,1,1728,0.975,0.0011560693641618,0.951219512195122,0.048780487804878,0.2545072409239682
ni_tfnbs,"e=1.5,h=4.0,n=30,start_thres=1.25",hub,0.25,100,22,40,1730,39,2,1,1728,0.975,0.0011560693641618,0.951219512195122,0.048780487804878,0.2545072409239682
ni_tfnbs,"e=1.5,h=5.0,n=30,start_thres=1.25",hub,0.25,100,22,40,1730,39,2,1,1728,0.975,0.0011560693641618,0.951219512195122,0.048780487804878,0.2545072409239682
ni_tfnbs,"e=1.5,h=6.0,n=30,start_thres=1.25",hub,0.25,100,22,40,1730,39,1,1,1729,0.975,0.0005780346820809,0.975,0.025,0.2545072409239682
ni_tfnbs,"e=1.5,h=7.0,n=30,start_thres=1.25",hub,0.25,100,22,40,1730,39,1,1,1729,0.975,0.0005780346820809,0.975,0.025,0.2545072409239682
ni_tfnbs,"e=1.5,h=8.0,n=30,start_thres=1.25",hub,0.25,100,22,40,1730,39,1,1,1729,0.975,0.0005780346820809,0.975,0.025,0.2545072409239682
ni_tfnbs,"e=1.5,h=9.0,n=30,start_thres=1.25",hub,0.25,100,22,40,1730,39,1,1,1729,0.975,0.0005780346820809,0.975,0.025,0.2545072409239682
ni_tfnbs,"e=1.5,h=10.0,n=30,start_thres=1.25",hub,0.25,100,22,40,1730,39,1,1,1729,0.975,0.0005780346820809,0.975,0.025,0.2545072409239682
ni_tfnbs,"e=0.05,h=0.5,n=30,start_thres=1.25",hub,0.25,100,23,40,1730,32,0,8,1730,0.8,0.0,1.0,0.0,0.25795778632164
ni_tfnbs,"e=0.05,h=1.0,n=30,start_thres=1.25",hub,0.25,100,23,40,1730,32,0,8,1730,0.8,0.0,1.0,0.0,0.25795778632164
ni_tfnbs,"e=0.05,h=2.0,n=30,start_thres=1.25",hub,0.25,100,23,40,1730,32,0,8,1730,0.8,0.0,1.0,0.0,0.25795778632164
ni_tfnbs,"e=0.05,h=3.0,n=30,start_thres=1.25",hub,0.25,100,23,40,1730,32,0,8,1730,0.8,0.0,1.0,0.0,0.25795778632164
ni_tfnbs,"e=0.05,h=4.0,n=30,start_thres=1.25",hub,0.25,100,23,40,1730,31,0,9,1730,0.775,0.0,1.0,0.0,0.25795778632164
ni_tfnbs,"e=0.05,h=5.0,n=30,start_thres=1.25",hub,0.25,100,23,40,1730,30,0,10,1730,0.75,0.0,1.0,0.0,0.25795778632164
ni_tfnbs,"e=0.05,h=6.0,n=30,start_thres=1.25",hub,0.25,100,23,40,1730,30,0,10,1730,0.75,0.0,1.0,0.0,0.25795778632164
ni_tfnbs,"e=0.05,h=7.0,n=30,start_thres=1.25",hub,0.25,100,23,40,1730,30,0,10,1730,0.75,0.0,1.0,0.0,0.25795778632164
ni_tfnbs,"e=0.05,h=8.0,n=30,start_thres=1.25",hub,0.25,100,23,40,1730,30,0,10,1730,0.75,0.0,1.0,0.0,0.25795778632164
ni_tfnbs,"e=0.05,h=9.0,n=30,start_thres=1.25",hub,0.25,100,23,40,1730,30,0,10,1730,0.75,0.0,1.0,0.0,0.25795778632164
ni_tfnbs,"e=0.05,h=10.0,n=30,start_thres=1.25",hub,0.25,100,23,40,1730,30,0,10,1730,0.75,0.0,1.0,0.0,0.25795778632164
ni_tfnbs,"e=0.1,h=0.5,n=30,start_thres=1.25",hub,0.25,100,23,40,1730,33,0,7,1730,0.825,0.0,1.0,0.0,0.25795778632164
ni_tfnbs,"e=0.1,h=1.0,n=30,start_thres=1.25",hub,0.25,100,23,40,1730,32,0,8,1730,0.8,0.0,1.0,0.0,0.25795778632164
ni_tfnbs,"e=0.1,h=2.0,n=30,start_thres=1.25",hub,0.25,100,23,40,1730,32,0,8,1730,0.8,0.0,1.0,0.0,0.25795778632164
ni_tfnbs,"e=0.1,h=3.0,n=30,start_thres=1.25",hub,0.25,100,23,40,1730,32,0,8,1730,0.8,0.0,1.0,0.0,0.25795778632164
ni_tfnbs,"e=0.1,h=4.0,n=30,start_thres=1.25",hub,0.25,100,23,40,1730,32,0,8,1730,0.8,0.0,1.0,0.0,0.25795778632164
ni_tfnbs,"e=0.1,h=5.0,n=30,start_thres=1.25",hub,0.25,100,23,40,1730,32,0,8,1730,0.8,0.0,1.0,0.0,0.25795778632164
ni_tfnbs,"e=0.1,h=6.0,n=30,start_thres=1.25",hub,0.25,100,23,40,1730,32,0,8,1730,0.8,0.0,1.0,0.0,0.25795778632164
ni_tfnbs,"e=0.1,h=7.0,n=30,start_thres=1.25",hub,0.25,100,23,40,1730,32,0,8,1730,0.8,0.0,1.0,0.0,0.25795778632164
ni_tfnbs,"e=0.1,h=8.0,n=30,start_thres=1.25",hub,0.25,100,23,40,1730,32,0,8,1730,0.8,0.0,1.0,0.0,0.25795778632164
ni_tfnbs,"e=0.1,h=9.0,n=30,start_thres=1.25",hub,0.25,100,23,40,1730,32,0,8,1730,0.8,0.0,1.0,0.0,0.25795778632164
ni_tfnbs,"e=0.1,h=10.0,n=30,start_thres=1.25",hub,0.25,100,23,40,1730,31,0,9,1730,0.775,0.0,1.0,0.0,0.25795778632164
ni_tfnbs,"e=0.2,h=0.5,n=30,start_thres=1.25",hub,0.25,100,23,40,1730,34,0,6,1730,0.85,0.0,1.0,0.0,0.25795778632164
ni_tfnbs,"e=0.2,h=1.0,n=30,start_thres=1.25",hub,0.25,100,23,40,1730,34,0,6,1730,0.85,0.0,1.0,0.0,0.25795778632164
ni_tfnbs,"e=0.2,h=2.0,n=30,start_thres=1.25",hub,0.25,100,23,40,1730,34,0,6,1730,0.85,0.0,1.0,0.0,0.25795778632164
ni_tfnbs,"e=0.2,h=3.0,n=30,start_thres=1.25",hub,0.25,100,23,40,1730,34,0,6,1730,0.85,0.0,1.0,0.0,0.25795778632164
ni_tfnbs,"e=0.2,h=4.0,n=30,start_thres=1.25",hub,0.25,100,23,40,1730,34,0,6,1730,0.85,0.0,1.0,0.0,0.25795778632164
ni_tfnbs,"e=0.2,h=5.0,n=30,start_thres=1.25",hub,0.25,100,23,40,1730,34,0,6,1730,0.85,0.0,1.0,0.0,0.25795778632164
ni_tfnbs,"e=0.2,h=6.0,n=30,start_thres=1.25",hub,0.25,100,23,40,1730,33,0,7,1730,0.825,0.0,1.0,0.0,0.25795778632164
ni_tfnbs,"e=0.2,h=7.0,n=30,start_thres=1.25",hub,0.25,100,23,40,1730,32,0,8,1730,0.8,0.0,1.0,0.0,0.25795778632164
ni_tfnbs,"e=0.2,h=8.0,n=30,start_thres=1.25",hub,0.25,100,23,40,1730,32,0,8,1730,0.8,0.0,1.0,0.0,0.25795778632164
ni_tfnbs,"e=0.2,h=9.0,n=30,start_thres=1.25",hub,0.25,100,23,40,1730,32,0,8,1730,0.8,0.0,1.0,0.0,0.25795778632164
ni_tfnbs,"e=0.2,h=10.0,n=30,start_thres=1.25",hub,0.25,100,23,40,1730,32,0,8,1730,0.8,0.0,1.0,0.0,0.25795778632164
ni_tfnbs,"e=0.3,h=0.5,n=30,start_thres=1.25",hub,0.25,100,23,40,1730,35,0,5,1730,0.875,0.0,1.0,0.0,0.25795778632164
ni_tfnbs,"e=0.3,h=1.0,n=30,start_thres=1.25",hub,0.25,100,23,40,1730,35,0,5,1730,0.875,0.0,1.0,0.0,0.25795778632164
ni_tfnbs,"e=0.3,h=2.0,n=30,start_thres=1.25",hub,0.25,100,23,40,1730,34,0,6,1730,0.85,0.0,1.0,0.0,0.25795778632164
ni_tfnbs,"e=0.3,h=3.0,n=30,start_thres=1.25",hub,0.25,100,23,40,1730,34,0,6,1730,0.85,0.0,1.0,0.0,0.25795778632164
ni_tfnbs,"e=0.3,h=4.0,n=30,start_thres=1.25",hub,0.25,100,23,40,1730,34,0,6,1730,0.85,0.0,1.0,0.0,0.25795778632164
ni_tfnbs,"e=0.3,h=5.0,n=30,start_thres=1.25",hub,0.25,100,23,40,1730,34,0,6,1730,0.85,0.0,1.0,0.0,0.25795778632164
ni_tfnbs,"e=0.3,h=6.0,n=30,start_thres=1.25",hub,0.25,100,23,40,1730,34,0,6,1730,0.85,0.0,1.0,0.0,0.25795778632164
ni_tfnbs,"e=0.3,h=7.0,n=30,start_thres=1.25",hub,0.25,100,23,40,1730,34,0,6,1730,0.85,0.0,1.0,0.0,0.25795778632164
ni_tfnbs,"e=0.3,h=8.0,n=30,start_thres=1.25",hub,0.25,100,23,40,1730,34,0,6,1730,0.85,0.0,1.0,0.0,0.25795778632164
ni_tfnbs,"e=0.3,h=9.0,n=30,start_thres=1.25",hub,0.25,100,23,40,1730,34,0,6,1730,0.85,0.0,1.0,0.0,0.25795778632164
ni_tfnbs,"e=0.3,h=10.0,n=30,start_thres=1.25",hub,0.25,100,23,40,1730,33,0,7,1730,0.825,0.0,1.0,0.0,0.25795778632164
ni_tfnbs,"e=0.4,h=0.5,n=30,start_thres=1.25",hub,0.25,100,23,40,1730,37,0,3,1730,0.925,0.0,1.0,0.0,0.25795778632164
ni_tfnbs,"e=0.4,h=1.0,n=30,start_thres=1.25",hub,0.25,100,23,40,1730,37,0,3,1730,0.925,0.0,1.0,0.0,0.25795778632164
ni_tfnbs,"e=0.4,h=2.0,n=30,start_thres=1.25",hub,0.25,100,23,40,1730,35,0,5,1730,0.875,0.0,1.0,0.0,0.25795778632164
ni_tfnbs,"e=0.4,h=3.0,n=30,start_thres=1.25",hub,0.25,100,23,40,1730,35,0,5,1730,0.875,0.0,1.0,0.0,0.25795778632164
ni_tfnbs,"e=0.4,h=4.0,n=30,start_thres=1.25",hub,0.25,100,23,40,1730,34,0,6,1730,0.85,0.0,1.0,0.0,0.25795778632164
ni_tfnbs,"e=0.4,h=5.0,n=30,start_thres=1.25",hub,0.25,100,23,40,1730,34,0,6,1730,0.85,0.0,1.0,0.0,0.25795778632164
ni_tfnbs,"e=0.4,h=6.0,n=30,start_thres=1.25",hub,0.25,100,23,40,1730,34,0,6,1730,0.85,0.0,1.0,0.0,0.25795778632164
ni_tfnbs,"e=0.4,h=7.0,n=30,start_thres=1.25",hub,0.25,100,23,40,1730,34,0,6,1730,0.85,0.0,1.0,0.0,0.25795778632164
ni_tfnbs,"e=0.4,h=8.0,n=30,start_thres=1.25",hub,0.25,100,23,40,1730,34,0,6,1730,0.85,0.0,1.0,0.0,0.25795778632164
ni_tfnbs,"e=0.4,h=9.0,n=30,start_thres=1.25",hub,0.25,100,23,40,1730,34,0,6,1730,0.85,0.0,1.0,0.0,0.25795778632164
ni_tfnbs,"e=0.4,h=10.0,n=30,start_thres=1.25",hub,0.25,100,23,40,1730,34,0,6,1730,0.85,0.0,1.0,0.0,0.25795778632164
ni_tfnbs,"e=0.5,h=0.5,n=30,start_thres=1.25",hub,0.25,100,23,40,1730,37,0,3,1730,0.925,0.0,1.0,0.0,0.25795778632164
ni_tfnbs,"e=0.5,h=1.0,n=30,start_thres=1.25",hub,0.25,100,23,40,1730,37,0,3,1730,0.925,0.0,1.0,0.0,0.25795778632164
ni_tfnbs,"e=0.5,h=2.0,n=30,start_thres=1.25",hub,0.25,100,23,40,1730,37,0,3,1730,0.925,0.0,1.0,0.0,0.25795778632164
ni_tfnbs,"e=0.5,h=3.0,n=30,start_thres=1.25",hub,0.25,100,23,40,1730,37,0,3,1730,0.925,0.0,1.0,0.0,0.25795778632164
ni_tfnbs,"e=0.5,h=4.0,n=30,start_thres=1.25",hub,0.25,100,23,40,1730,35,0,5,1730,0.875,0.0,1.0,0.0,0.25795778632164
ni_tfnbs,"e=0.5,h=5.0,n=30,start_thres=1.25",hub,0.25,100,23,40,1730,35,0,5,1730,0.875,0.0,1.0,0.0,0.25795778632164
ni_tfnbs,"e=0.5,h=6.0,n=30,start_thres=1.25",hub,0.25,100,23,40,1730,34,0,6,1730,0.85,0.0,1.0,0.0,0.25795778632164
ni_tfnbs,"e=0.5,h=7.0,n=30,start_thres=1.25",hub,0.25,100,23,40,1730,34,0,6,1730,0.85,0.0,1.0,0.0,0.25795778632164
ni_tfnbs,"e=0.5,h=8.0,n=30,start_thres=1.25",hub,0.25,100,23,40,1730,34,0,6,1730,0.85,0.0,1.0,0.0,0.25795778632164
ni_tfnbs,"e=0.5,h=9.0,n=30,start_thres=1.25",hub,0.25,100,23,40,1730,34,0,6,1730,0.85,0.0,1.0,0.0,0.25795778632164
ni_tfnbs,"e=0.5,h=10.0,n=30,start_thres=1.25",hub,0.25,100,23,40,1730,34,0,6,1730,0.85,0.0,1.0,0.0,0.25795778632164
ni_tfnbs,"e=0.6,h=0.5,n=30,start_thres=1.25",hub,0.25,100,23,40,1730,38,0,2,1730,0.95,0.0,1.0,0.0,0.25795778632164
ni_tfnbs,"e=0.6,h=1.0,n=30,start_thres=1.25",hub,0.25,100,23,40,1730,38,0,2,1730,0.95,0.0,1.0,0.0,0.25795778632164
ni_tfnbs,"e=0.6,h=2.0,n=30,start_thres=1.25",hub,0.25,100,23,40,1730,38,0,2,1730,0.95,0.0,1.0,0.0,0.25795778632164
ni_tfnbs,"e=0.6,h=3.0,n=30,start_thres=1.25",hub,0.25,100,23,40,1730,37,0,3,1730,0.925,0.0,1.0,0.0,0.25795778632164
ni_tfnbs,"e=0.6,h=4.0,n=30,start_thres=1.25",hub,0.25,100,23,40,1730,37,0,3,1730,0.925,0.0,1.0,0.0,0.25795778632164
ni_tfnbs,"e=0.6,h=5.0,n=30,start_thres=1.25",hub,0.25,100,23,40,1730,35,0,5,1730,0.875,0.0,1.0,0.0,0.25795778632164
ni_tfnbs,"e=0.6,h=6.0,n=30,start_thres=1.25",hub,0.25,100,23,40,1730,35,0,5,1730,0.875,0.0,1.0,0.0,0.25795778632164
ni_tfnbs,"e=0.6,h=7.0,n=30,start_thres=1.25",hub,0.25,100,23,40,1730,34,0,6,1730,0.85,0.0,1.0,0.0,0.25795778632164
ni_tfnbs,"e=0.6,h=8.0,n=30,start_thres=1.25",hub,0.25,100,23,40,1730,34,0,6,1730,0.85,0.0,1.0,0.0,0.25795778632164
ni_tfnbs,"e=0.6,h=9.0,n=30,start_thres=1.25",hub,0.25,100,23,40,1730,34,0,6,1730,0.85,0.0,1.0,0.0,0.25795778632164
ni_tfnbs,"e=0.6,h=10.0,n=30,start_thres=1.25",hub,0.25,100,23,40,1730,34,0,6,1730,0.85,0.0,1.0,0.0,0.25795778632164
ni_tfnbs,"e=0.7,h=0.5,n=30,start_thres=1.25",hub,0.25,100,23,40,1730,38,1,2,1729,0.95,0.0005780346820809,0.9743589743589745,0.0256410256410256,0.25795778632164
ni_tfnbs,"e=0.7,h=1.0,n=30,start_thres=1.25",hub,0.25,100,23,40,1730,38,1,2,1729,0.95,0.0005780346820809,0.9743589743589745,0.0256410256410256,0.25795778632164
ni_tfnbs,"e=0.7,h=2.0,n=30,start_thres=1.25",hub,0.25,100,23,40,1730,38,1,2,1729,0.95,0.0005780346820809,0.9743589743589745,0.0256410256410256,0.25795778632164
ni_tfnbs,"e=0.7,h=3.0,n=30,start_thres=1.25",hub,0.25,100,23,40,1730,38,1,2,1729,0.95,0.0005780346820809,0.9743589743589745,0.0256410256410256,0.25795778632164
ni_tfnbs,"e=0.7,h=4.0,n=30,start_thres=1.25",hub,0.25,100,23,40,1730,37,0,3,1730,0.925,0.0,1.0,0.0,0.25795778632164
ni_tfnbs,"e=0.7,h=5.0,n=30,start_thres=1.25",hub,0.25,100,23,40,1730,37,0,3,1730,0.925,0.0,1.0,0.0,0.25795778632164
ni_tfnbs,"e=0.7,h=6.0,n=30,start_thres=1.25",hub,0.25,100,23,40,1730,35,0,5,1730,0.875,0.0,1.0,0.0,0.25795778632164
ni_tfnbs,"e=0.7,h=7.0,n=30,start_thres=1.25",hub,0.25,100,23,40,1730,35,0,5,1730,0.875,0.0,1.0,0.0,0.25795778632164
ni_tfnbs,"e=0.7,h=8.0,n=30,start_thres=1.25",hub,0.25,100,23,40,1730,35,0,5,1730,0.875,0.0,1.0,0.0,0.25795778632164
ni_tfnbs,"e=0.7,h=9.0,n=30,start_thres=1.25",hub,0.25,100,23,40,1730,34,0,6,1730,0.85,0.0,1.0,0.0,0.25795778632164
ni_tfnbs,"e=0.7,h=10.0,n=30,start_thres=1.25",hub,0.25,100,23,40,1730,34,0,6,1730,0.85,0.0,1.0,0.0,0.25795778632164
ni_tfnbs,"e=0.8,h=0.5,n=30,start_thres=1.25",hub,0.25,100,23,40,1730,38,1,2,1729,0.95,0.0005780346820809,0.9743589743589745,0.0256410256410256,0.25795778632164
ni_tfnbs,"e=0.8,h=1.0,n=30,start_thres=1.25",hub,0.25,100,23,40,1730,38,1,2,1729,0.95,0.0005780346820809,0.9743589743589745,0.0256410256410256,0.25795778632164
ni_tfnbs,"e=0.8,h=2.0,n=30,start_thres=1.25",hub,0.25,100,23,40,1730,38,1,2,1729,0.95,0.0005780346820809,0.9743589743589745,0.0256410256410256,0.25795778632164
ni_tfnbs,"e=0.8,h=3.0,n=30,start_thres=1.25",hub,0.25,100,23,40,1730,38,1,2,1729,0.95,0.0005780346820809,0.9743589743589745,0.0256410256410256,0.25795778632164
ni_tfnbs,"e=0.8,h=4.0,n=30,start_thres=1.25",hub,0.25,100,23,40,1730,38,0,2,1730,0.95,0.0,1.0,0.0,0.25795778632164
ni_tfnbs,"e=0.8,h=5.0,n=30,start_thres=1.25",hub,0.25,100,23,40,1730,37,0,3,1730,0.925,0.0,1.0,0.0,0.25795778632164
ni_tfnbs,"e=0.8,h=6.0,n=30,start_thres=1.25",hub,0.25,100,23,40,1730,37,0,3,1730,0.925,0.0,1.0,0.0,0.25795778632164
ni_tfnbs,"e=0.8,h=7.0,n=30,start_thres=1.25",hub,0.25,100,23,40,1730,35,0,5,1730,0.875,0.0,1.0,0.0,0.25795778632164
ni_tfnbs,"e=0.8,h=8.0,n=30,start_thres=1.25",hub,0.25,100,23,40,1730,35,0,5,1730,0.875,0.0,1.0,0.0,0.25795778632164
ni_tfnbs,"e=0.8,h=9.0,n=30,start_thres=1.25",hub,0.25,100,23,40,1730,35,0,5,1730,0.875,0.0,1.0,0.0,0.25795778632164
ni_tfnbs,"e=0.8,h=10.0,n=30,start_thres=1.25",hub,0.25,100,23,40,1730,34,0,6,1730,0.85,0.0,1.0,0.0,0.25795778632164
ni_tfnbs,"e=0.9,h=0.5,n=30,start_thres=1.25",hub,0.25,100,23,40,1730,38,1,2,1729,0.95,0.0005780346820809,0.9743589743589745,0.0256410256410256,0.25795778632164
ni_tfnbs,"e=0.9,h=1.0,n=30,start_thres=1.25",hub,0.25,100,23,40,1730,38,1,2,1729,0.95,0.0005780346820809,0.9743589743589745,0.0256410256410256,0.25795778632164
ni_tfnbs,"e=0.9,h=2.0,n=30,start_thres=1.25",hub,0.25,100,23,40,1730,38,1,2,1729,0.95,0.0005780346820809,0.9743589743589745,0.0256410256410256,0.25795778632164
ni_tfnbs,"e=0.9,h=3.0,n=30,start_thres=1.25",hub,0.25,100,23,40,1730,38,1,2,1729,0.95,0.0005780346820809,0.9743589743589745,0.0256410256410256,0.25795778632164
ni_tfnbs,"e=0.9,h=4.0,n=30,start_thres=1.25",hub,0.25,100,23,40,1730,38,1,2,1729,0.95,0.0005780346820809,0.9743589743589745,0.0256410256410256,0.25795778632164
ni_tfnbs,"e=0.9,h=5.0,n=30,start_thres=1.25",hub,0.25,100,23,40,1730,38,1,2,1729,0.95,0.0005780346820809,0.9743589743589745,0.0256410256410256,0.25795778632164
ni_tfnbs,"e=0.9,h=6.0,n=30,start_thres=1.25",hub,0.25,100,23,40,1730,37,0,3,1730,0.925,0.0,1.0,0.0,0.25795778632164
ni_tfnbs,"e=0.9,h=7.0,n=30,start_thres=1.25",hub,0.25,100,23,40,1730,37,0,3,1730,0.925,0.0,1.0,0.0,0.25795778632164
ni_tfnbs,"e=0.9,h=8.0,n=30,start_thres=1.25",hub,0.25,100,23,40,1730,37,0,3,1730,0.925,0.0,1.0,0.0,0.25795778632164
ni_tfnbs,"e=0.9,h=9.0,n=30,start_thres=1.25",hub,0.25,100,23,40,1730,35,0,5,1730,0.875,0.0,1.0,0.0,0.25795778632164
ni_tfnbs,"e=0.9,h=10.0,n=30,start_thres=1.25",hub,0.25,100,23,40,1730,35,0,5,1730,0.875,0.0,1.0,0.0,0.25795778632164
ni_tfnbs,"e=1.0,h=0.5,n=30,start_thres=1.25",hub,0.25,100,23,40,1730,38,1,2,1729,0.95,0.0005780346820809,0.9743589743589745,0.0256410256410256,0.25795778632164
ni_tfnbs,"e=1.0,h=1.0,n=30,start_thres=1.25",hub,0.25,100,23,40,1730,38,1,2,1729,0.95,0.0005780346820809,0.9743589743589745,0.0256410256410256,0.25795778632164
ni_tfnbs,"e=1.0,h=2.0,n=30,start_thres=1.25",hub,0.25,100,23,40,1730,38,1,2,1729,0.95,0.0005780346820809,0.9743589743589745,0.0256410256410256,0.25795778632164
ni_tfnbs,"e=1.0,h=3.0,n=30,start_thres=1.25",hub,0.25,100,23,40,1730,38,1,2,1729,0.95,0.0005780346820809,0.9743589743589745,0.0256410256410256,0.25795778632164
ni_tfnbs,"e=1.0,h=4.0,n=30,start_thres=1.25",hub,0.25,100,23,40,1730,38,1,2,1729,0.95,0.0005780346820809,0.9743589743589745,0.0256410256410256,0.25795778632164
ni_tfnbs,"e=1.0,h=5.0,n=30,start_thres=1.25",hub,0.25,100,23,40,1730,38,1,2,1729,0.95,0.0005780346820809,0.9743589743589745,0.0256410256410256,0.25795778632164
ni_tfnbs,"e=1.0,h=6.0,n=30,start_thres=1.25",hub,0.25,100,23,40,1730,38,0,2,1730,0.95,0.0,1.0,0.0,0.25795778632164
ni_tfnbs,"e=1.0,h=7.0,n=30,start_thres=1.25",hub,0.25,100,23,40,1730,37,0,3,1730,0.925,0.0,1.0,0.0,0.25795778632164
ni_tfnbs,"e=1.0,h=8.0,n=30,start_thres=1.25",hub,0.25,100,23,40,1730,37,0,3,1730,0.925,0.0,1.0,0.0,0.25795778632164
ni_tfnbs,"e=1.0,h=9.0,n=30,start_thres=1.25",hub,0.25,100,23,40,1730,37,0,3,1730,0.925,0.0,1.0,0.0,0.25795778632164
ni_tfnbs,"e=1.0,h=10.0,n=30,start_thres=1.25",hub,0.25,100,23,40,1730,35,0,5,1730,0.875,0.0,1.0,0.0,0.25795778632164
ni_tfnbs,"e=1.1,h=0.5,n=30,start_thres=1.25",hub,0.25,100,23,40,1730,38,1,2,1729,0.95,0.0005780346820809,0.9743589743589745,0.0256410256410256,0.25795778632164
ni_tfnbs,"e=1.1,h=1.0,n=30,start_thres=1.25",hub,0.25,100,23,40,1730,39,1,1,1729,0.975,0.0005780346820809,0.975,0.025,0.25795778632164
ni_tfnbs,"e=1.1,h=2.0,n=30,start_thres=1.25",hub,0.25,100,23,40,1730,39,2,1,1728,0.975,0.0011560693641618,0.951219512195122,0.048780487804878,0.25795778632164
ni_tfnbs,"e=1.1,h=3.0,n=30,start_thres=1.25",hub,0.25,100,23,40,1730,38,1,2,1729,0.95,0.0005780346820809,0.9743589743589745,0.0256410256410256,0.25795778632164
ni_tfnbs,"e=1.1,h=4.0,n=30,start_thres=1.25",hub,0.25,100,23,40,1730,38,1,2,1729,0.95,0.0005780346820809,0.9743589743589745,0.0256410256410256,0.25795778632164
ni_tfnbs,"e=1.1,h=5.0,n=30,start_thres=1.25",hub,0.25,100,23,40,1730,38,1,2,1729,0.95,0.0005780346820809,0.9743589743589745,0.0256410256410256,0.25795778632164
ni_tfnbs,"e=1.1,h=6.0,n=30,start_thres=1.25",hub,0.25,100,23,40,1730,38,1,2,1729,0.95,0.0005780346820809,0.9743589743589745,0.0256410256410256,0.25795778632164
ni_tfnbs,"e=1.1,h=7.0,n=30,start_thres=1.25",hub,0.25,100,23,40,1730,38,0,2,1730,0.95,0.0,1.0,0.0,0.25795778632164
ni_tfnbs,"e=1.1,h=8.0,n=30,start_thres=1.25",hub,0.25,100,23,40,1730,37,0,3,1730,0.925,0.0,1.0,0.0,0.25795778632164
ni_tfnbs,"e=1.1,h=9.0,n=30,start_thres=1.25",hub,0.25,100,23,40,1730,37,0,3,1730,0.925,0.0,1.0,0.0,0.25795778632164
ni_tfnbs,"e=1.1,h=10.0,n=30,start_thres=1.25",hub,0.25,100,23,40,1730,37,0,3,1730,0.925,0.0,1.0,0.0,0.25795778632164
ni_tfnbs,"e=1.2,h=0.5,n=30,start_thres=1.25",hub,0.25,100,23,40,1730,38,1,2,1729,0.95,0.0005780346820809,0.9743589743589745,0.0256410256410256,0.25795778632164
ni_tfnbs,"e=1.2,h=1.0,n=30,start_thres=1.25",hub,0.25,100,23,40,1730,39,1,1,1729,0.975,0.0005780346820809,0.975,0.025,0.25795778632164
ni_tfnbs,"e=1.2,h=2.0,n=30,start_thres=1.25",hub,0.25,100,23,40,1730,39,2,1,1728,0.975,0.0011560693641618,0.951219512195122,0.048780487804878,0.25795778632164
ni_tfnbs,"e=1.2,h=3.0,n=30,start_thres=1.25",hub,0.25,100,23,40,1730,39,2,1,1728,0.975,0.0011560693641618,0.951219512195122,0.048780487804878,0.25795778632164
ni_tfnbs,"e=1.2,h=4.0,n=30,start_thres=1.25",hub,0.25,100,23,40,1730,38,2,2,1728,0.95,0.0011560693641618,0.95,0.05,0.25795778632164
ni_tfnbs,"e=1.2,h=5.0,n=30,start_thres=1.25",hub,0.25,100,23,40,1730,38,1,2,1729,0.95,0.0005780346820809,0.9743589743589745,0.0256410256410256,0.25795778632164
ni_tfnbs,"e=1.2,h=6.0,n=30,start_thres=1.25",hub,0.25,100,23,40,1730,38,1,2,1729,0.95,0.0005780346820809,0.9743589743589745,0.0256410256410256,0.25795778632164
ni_tfnbs,"e=1.2,h=7.0,n=30,start_thres=1.25",hub,0.25,100,23,40,1730,38,1,2,1729,0.95,0.0005780346820809,0.9743589743589745,0.0256410256410256,0.25795778632164
ni_tfnbs,"e=1.2,h=8.0,n=30,start_thres=1.25",hub,0.25,100,23,40,1730,38,0,2,1730,0.95,0.0,1.0,0.0,0.25795778632164
ni_tfnbs,"e=1.2,h=9.0,n=30,start_thres=1.25",hub,0.25,100,23,40,1730,37,0,3,1730,0.925,0.0,1.0,0.0,0.25795778632164
ni_tfnbs,"e=1.2,h=10.0,n=30,start_thres=1.25",hub,0.25,100,23,40,1730,37,0,3,1730,0.925,0.0,1.0,0.0,0.25795778632164
ni_tfnbs,"e=1.3,h=0.5,n=30,start_thres=1.25",hub,0.25,100,23,40,1730,39,1,1,1729,0.975,0.0005780346820809,0.975,0.025,0.25795778632164
ni_tfnbs,"e=1.3,h=1.0,n=30,start_thres=1.25",hub,0.25,100,23,40,1730,39,1,1,1729,0.975,0.0005780346820809,0.975,0.025,0.25795778632164
ni_tfnbs,"e=1.3,h=2.0,n=30,start_thres=1.25",hub,0.25,100,23,40,1730,39,2,1,1728,0.975,0.0011560693641618,0.951219512195122,0.048780487804878,0.25795778632164
ni_tfnbs,"e=1.3,h=3.0,n=30,start_thres=1.25",hub,0.25,100,23,40,1730,39,2,1,1728,0.975,0.0011560693641618,0.951219512195122,0.048780487804878,0.25795778632164
ni_tfnbs,"e=1.3,h=4.0,n=30,start_thres=1.25",hub,0.25,100,23,40,1730,39,2,1,1728,0.975,0.0011560693641618,0.951219512195122,0.048780487804878,0.25795778632164
ni_tfnbs,"e=1.3,h=5.0,n=30,start_thres=1.25",hub,0.25,100,23,40,1730,39,2,1,1728,0.975,0.0011560693641618,0.951219512195122,0.048780487804878,0.25795778632164
ni_tfnbs,"e=1.3,h=6.0,n=30,start_thres=1.25",hub,0.25,100,23,40,1730,38,1,2,1729,0.95,0.0005780346820809,0.9743589743589745,0.0256410256410256,0.25795778632164
ni_tfnbs,"e=1.3,h=7.0,n=30,start_thres=1.25",hub,0.25,100,23,40,1730,38,1,2,1729,0.95,0.0005780346820809,0.9743589743589745,0.0256410256410256,0.25795778632164
ni_tfnbs,"e=1.3,h=8.0,n=30,start_thres=1.25",hub,0.25,100,23,40,1730,38,1,2,1729,0.95,0.0005780346820809,0.9743589743589745,0.0256410256410256,0.25795778632164
ni_tfnbs,"e=1.3,h=9.0,n=30,start_thres=1.25",hub,0.25,100,23,40,1730,38,0,2,1730,0.95,0.0,1.0,0.0,0.25795778632164
ni_tfnbs,"e=1.3,h=10.0,n=30,start_thres=1.25",hub,0.25,100,23,40,1730,37,0,3,1730,0.925,0.0,1.0,0.0,0.25795778632164
ni_tfnbs,"e=1.4,h=0.5,n=30,start_thres=1.25",hub,0.25,100,23,40,1730,39,0,1,1730,0.975,0.0,1.0,0.0,0.25795778632164
ni_tfnbs,"e=1.4,h=1.0,n=30,start_thres=1.25",hub,0.25,100,23,40,1730,39,1,1,1729,0.975,0.0005780346820809,0.975,0.025,0.25795778632164
ni_tfnbs,"e=1.4,h=2.0,n=30,start_thres=1.25",hub,0.25,100,23,40,1730,39,2,1,1728,0.975,0.0011560693641618,0.951219512195122,0.048780487804878,0.25795778632164
ni_tfnbs,"e=1.4,h=3.0,n=30,start_thres=1.25",hub,0.25,100,23,40,1730,39,2,1,1728,0.975,0.0011560693641618,0.951219512195122,0.048780487804878,0.25795778632164
ni_tfnbs,"e=1.4,h=4.0,n=30,start_thres=1.25",hub,0.25,100,23,40,1730,39,2,1,1728,0.975,0.0011560693641618,0.951219512195122,0.048780487804878,0.25795778632164
ni_tfnbs,"e=1.4,h=5.0,n=30,start_thres=1.25",hub,0.25,100,23,40,1730,39,2,1,1728,0.975,0.0011560693641618,0.951219512195122,0.048780487804878,0.25795778632164
ni_tfnbs,"e=1.4,h=6.0,n=30,start_thres=1.25",hub,0.25,100,23,40,1730,38,2,2,1728,0.95,0.0011560693641618,0.95,0.05,0.25795778632164
ni_tfnbs,"e=1.4,h=7.0,n=30,start_thres=1.25",hub,0.25,100,23,40,1730,38,1,2,1729,0.95,0.0005780346820809,0.9743589743589745,0.0256410256410256,0.25795778632164
ni_tfnbs,"e=1.4,h=8.0,n=30,start_thres=1.25",hub,0.25,100,23,40,1730,38,1,2,1729,0.95,0.0005780346820809,0.9743589743589745,0.0256410256410256,0.25795778632164
ni_tfnbs,"e=1.4,h=9.0,n=30,start_thres=1.25",hub,0.25,100,23,40,1730,38,0,2,1730,0.95,0.0,1.0,0.0,0.25795778632164
ni_tfnbs,"e=1.4,h=10.0,n=30,start_thres=1.25",hub,0.25,100,23,40,1730,38,0,2,1730,0.95,0.0,1.0,0.0,0.25795778632164
ni_tfnbs,"e=1.5,h=0.5,n=30,start_thres=1.25",hub,0.25,100,23,40,1730,39,0,1,1730,0.975,0.0,1.0,0.0,0.25795778632164
ni_tfnbs,"e=1.5,h=1.0,n=30,start_thres=1.25",hub,0.25,100,23,40,1730,39,1,1,1729,0.975,0.0005780346820809,0.975,0.025,0.25795778632164
ni_tfnbs,"e=1.5,h=2.0,n=30,start_thres=1.25",hub,0.25,100,23,40,1730,39,2,1,1728,0.975,0.0011560693641618,0.951219512195122,0.048780487804878,0.25795778632164
ni_tfnbs,"e=1.5,h=3.0,n=30,start_thres=1.25",hub,0.25,100,23,40,1730,39,2,1,1728,0.975,0.0011560693641618,0.951219512195122,0.048780487804878,0.25795778632164
ni_tfnbs,"e=1.5,h=4.0,n=30,start_thres=1.25",hub,0.25,100,23,40,1730,39,2,1,1728,0.975,0.0011560693641618,0.951219512195122,0.048780487804878,0.25795778632164
ni_tfnbs,"e=1.5,h=5.0,n=30,start_thres=1.25",hub,0.25,100,23,40,1730,39,2,1,1728,0.975,0.0011560693641618,0.951219512195122,0.048780487804878,0.25795778632164
ni_tfnbs,"e=1.5,h=6.0,n=30,start_thres=1.25",hub,0.25,100,23,40,1730,39,2,1,1728,0.975,0.0011560693641618,0.951219512195122,0.048780487804878,0.25795778632164
ni_tfnbs,"e=1.5,h=7.0,n=30,start_thres=1.25",hub,0.25,100,23,40,1730,38,2,2,1728,0.95,0.0011560693641618,0.95,0.05,0.25795778632164
ni_tfnbs,"e=1.5,h=8.0,n=30,start_thres=1.25",hub,0.25,100,23,40,1730,38,1,2,1729,0.95,0.0005780346820809,0.9743589743589745,0.0256410256410256,0.25795778632164
ni_tfnbs,"e=1.5,h=9.0,n=30,start_thres=1.25",hub,0.25,100,23,40,1730,38,1,2,1729,0.95,0.0005780346820809,0.9743589743589745,0.0256410256410256,0.25795778632164
ni_tfnbs,"e=1.5,h=10.0,n=30,start_thres=1.25",hub,0.25,100,23,40,1730,38,0,2,1730,0.95,0.0,1.0,0.0,0.25795778632164
ni_tfnbs,"e=0.05,h=0.5,n=30,start_thres=1.25",hub,0.25,100,24,40,1730,36,0,4,1730,0.9,0.0,1.0,0.0,0.2547668083147569
ni_tfnbs,"e=0.05,h=1.0,n=30,start_thres=1.25",hub,0.25,100,24,40,1730,36,0,4,1730,0.9,0.0,1.0,0.0,0.2547668083147569
ni_tfnbs,"e=0.05,h=2.0,n=30,start_thres=1.25",hub,0.25,100,24,40,1730,36,0,4,1730,0.9,0.0,1.0,0.0,0.2547668083147569
ni_tfnbs,"e=0.05,h=3.0,n=30,start_thres=1.25",hub,0.25,100,24,40,1730,36,0,4,1730,0.9,0.0,1.0,0.0,0.2547668083147569
ni_tfnbs,"e=0.05,h=4.0,n=30,start_thres=1.25",hub,0.25,100,24,40,1730,36,0,4,1730,0.9,0.0,1.0,0.0,0.2547668083147569
ni_tfnbs,"e=0.05,h=5.0,n=30,start_thres=1.25",hub,0.25,100,24,40,1730,35,0,5,1730,0.875,0.0,1.0,0.0,0.2547668083147569
ni_tfnbs,"e=0.05,h=6.0,n=30,start_thres=1.25",hub,0.25,100,24,40,1730,35,0,5,1730,0.875,0.0,1.0,0.0,0.2547668083147569
ni_tfnbs,"e=0.05,h=7.0,n=30,start_thres=1.25",hub,0.25,100,24,40,1730,34,0,6,1730,0.85,0.0,1.0,0.0,0.2547668083147569
ni_tfnbs,"e=0.05,h=8.0,n=30,start_thres=1.25",hub,0.25,100,24,40,1730,34,0,6,1730,0.85,0.0,1.0,0.0,0.2547668083147569
ni_tfnbs,"e=0.05,h=9.0,n=30,start_thres=1.25",hub,0.25,100,24,40,1730,34,0,6,1730,0.85,0.0,1.0,0.0,0.2547668083147569
ni_tfnbs,"e=0.05,h=10.0,n=30,start_thres=1.25",hub,0.25,100,24,40,1730,34,0,6,1730,0.85,0.0,1.0,0.0,0.2547668083147569
ni_tfnbs,"e=0.1,h=0.5,n=30,start_thres=1.25",hub,0.25,100,24,40,1730,36,0,4,1730,0.9,0.0,1.0,0.0,0.2547668083147569
ni_tfnbs,"e=0.1,h=1.0,n=30,start_thres=1.25",hub,0.25,100,24,40,1730,36,0,4,1730,0.9,0.0,1.0,0.0,0.2547668083147569
ni_tfnbs,"e=0.1,h=2.0,n=30,start_thres=1.25",hub,0.25,100,24,40,1730,36,0,4,1730,0.9,0.0,1.0,0.0,0.2547668083147569
ni_tfnbs,"e=0.1,h=3.0,n=30,start_thres=1.25",hub,0.25,100,24,40,1730,36,0,4,1730,0.9,0.0,1.0,0.0,0.2547668083147569
ni_tfnbs,"e=0.1,h=4.0,n=30,start_thres=1.25",hub,0.25,100,24,40,1730,36,0,4,1730,0.9,0.0,1.0,0.0,0.2547668083147569
ni_tfnbs,"e=0.1,h=5.0,n=30,start_thres=1.25",hub,0.25,100,24,40,1730,36,0,4,1730,0.9,0.0,1.0,0.0,0.2547668083147569
ni_tfnbs,"e=0.1,h=6.0,n=30,start_thres=1.25",hub,0.25,100,24,40,1730,36,0,4,1730,0.9,0.0,1.0,0.0,0.2547668083147569
ni_tfnbs,"e=0.1,h=7.0,n=30,start_thres=1.25",hub,0.25,100,24,40,1730,36,0,4,1730,0.9,0.0,1.0,0.0,0.2547668083147569
ni_tfnbs,"e=0.1,h=8.0,n=30,start_thres=1.25",hub,0.25,100,24,40,1730,36,0,4,1730,0.9,0.0,1.0,0.0,0.2547668083147569
ni_tfnbs,"e=0.1,h=9.0,n=30,start_thres=1.25",hub,0.25,100,24,40,1730,36,0,4,1730,0.9,0.0,1.0,0.0,0.2547668083147569
ni_tfnbs,"e=0.1,h=10.0,n=30,start_thres=1.25",hub,0.25,100,24,40,1730,36,0,4,1730,0.9,0.0,1.0,0.0,0.2547668083147569
ni_tfnbs,"e=0.2,h=0.5,n=30,start_thres=1.25",hub,0.25,100,24,40,1730,36,0,4,1730,0.9,0.0,1.0,0.0,0.2547668083147569
ni_tfnbs,"e=0.2,h=1.0,n=30,start_thres=1.25",hub,0.25,100,24,40,1730,36,0,4,1730,0.9,0.0,1.0,0.0,0.2547668083147569
ni_tfnbs,"e=0.2,h=2.0,n=30,start_thres=1.25",hub,0.25,100,24,40,1730,36,0,4,1730,0.9,0.0,1.0,0.0,0.2547668083147569
ni_tfnbs,"e=0.2,h=3.0,n=30,start_thres=1.25",hub,0.25,100,24,40,1730,36,0,4,1730,0.9,0.0,1.0,0.0,0.2547668083147569
ni_tfnbs,"e=0.2,h=4.0,n=30,start_thres=1.25",hub,0.25,100,24,40,1730,36,0,4,1730,0.9,0.0,1.0,0.0,0.2547668083147569
ni_tfnbs,"e=0.2,h=5.0,n=30,start_thres=1.25",hub,0.25,100,24,40,1730,36,0,4,1730,0.9,0.0,1.0,0.0,0.2547668083147569
ni_tfnbs,"e=0.2,h=6.0,n=30,start_thres=1.25",hub,0.25,100,24,40,1730,36,0,4,1730,0.9,0.0,1.0,0.0,0.2547668083147569
ni_tfnbs,"e=0.2,h=7.0,n=30,start_thres=1.25",hub,0.25,100,24,40,1730,36,0,4,1730,0.9,0.0,1.0,0.0,0.2547668083147569
ni_tfnbs,"e=0.2,h=8.0,n=30,start_thres=1.25",hub,0.25,100,24,40,1730,36,0,4,1730,0.9,0.0,1.0,0.0,0.2547668083147569
ni_tfnbs,"e=0.2,h=9.0,n=30,start_thres=1.25",hub,0.25,100,24,40,1730,36,0,4,1730,0.9,0.0,1.0,0.0,0.2547668083147569
ni_tfnbs,"e=0.2,h=10.0,n=30,start_thres=1.25",hub,0.25,100,24,40,1730,36,0,4,1730,0.9,0.0,1.0,0.0,0.2547668083147569
ni_tfnbs,"e=0.3,h=0.5,n=30,start_thres=1.25",hub,0.25,100,24,40,1730,36,0,4,1730,0.9,0.0,1.0,0.0,0.2547668083147569
ni_tfnbs,"e=0.3,h=1.0,n=30,start_thres=1.25",hub,0.25,100,24,40,1730,36,0,4,1730,0.9,0.0,1.0,0.0,0.2547668083147569
ni_tfnbs,"e=0.3,h=2.0,n=30,start_thres=1.25",hub,0.25,100,24,40,1730,36,0,4,1730,0.9,0.0,1.0,0.0,0.2547668083147569
ni_tfnbs,"e=0.3,h=3.0,n=30,start_thres=1.25",hub,0.25,100,24,40,1730,36,0,4,1730,0.9,0.0,1.0,0.0,0.2547668083147569
ni_tfnbs,"e=0.3,h=4.0,n=30,start_thres=1.25",hub,0.25,100,24,40,1730,36,0,4,1730,0.9,0.0,1.0,0.0,0.2547668083147569
ni_tfnbs,"e=0.3,h=5.0,n=30,start_thres=1.25",hub,0.25,100,24,40,1730,36,0,4,1730,0.9,0.0,1.0,0.0,0.2547668083147569
ni_tfnbs,"e=0.3,h=6.0,n=30,start_thres=1.25",hub,0.25,100,24,40,1730,36,0,4,1730,0.9,0.0,1.0,0.0,0.2547668083147569
ni_tfnbs,"e=0.3,h=7.0,n=30,start_thres=1.25",hub,0.25,100,24,40,1730,36,0,4,1730,0.9,0.0,1.0,0.0,0.2547668083147569
ni_tfnbs,"e=0.3,h=8.0,n=30,start_thres=1.25",hub,0.25,100,24,40,1730,36,0,4,1730,0.9,0.0,1.0,0.0,0.2547668083147569
ni_tfnbs,"e=0.3,h=9.0,n=30,start_thres=1.25",hub,0.25,100,24,40,1730,36,0,4,1730,0.9,0.0,1.0,0.0,0.2547668083147569
ni_tfnbs,"e=0.3,h=10.0,n=30,start_thres=1.25",hub,0.25,100,24,40,1730,36,0,4,1730,0.9,0.0,1.0,0.0,0.2547668083147569
ni_tfnbs,"e=0.4,h=0.5,n=30,start_thres=1.25",hub,0.25,100,24,40,1730,36,1,4,1729,0.9,0.0005780346820809,0.972972972972973,0.027027027027027,0.2547668083147569
ni_tfnbs,"e=0.4,h=1.0,n=30,start_thres=1.25",hub,0.25,100,24,40,1730,36,1,4,1729,0.9,0.0005780346820809,0.972972972972973,0.027027027027027,0.2547668083147569
ni_tfnbs,"e=0.4,h=2.0,n=30,start_thres=1.25",hub,0.25,100,24,40,1730,36,0,4,1730,0.9,0.0,1.0,0.0,0.2547668083147569
ni_tfnbs,"e=0.4,h=3.0,n=30,start_thres=1.25",hub,0.25,100,24,40,1730,36,0,4,1730,0.9,0.0,1.0,0.0,0.2547668083147569
ni_tfnbs,"e=0.4,h=4.0,n=30,start_thres=1.25",hub,0.25,100,24,40,1730,36,0,4,1730,0.9,0.0,1.0,0.0,0.2547668083147569
ni_tfnbs,"e=0.4,h=5.0,n=30,start_thres=1.25",hub,0.25,100,24,40,1730,36,0,4,1730,0.9,0.0,1.0,0.0,0.2547668083147569
ni_tfnbs,"e=0.4,h=6.0,n=30,start_thres=1.25",hub,0.25,100,24,40,1730,36,0,4,1730,0.9,0.0,1.0,0.0,0.2547668083147569
ni_tfnbs,"e=0.4,h=7.0,n=30,start_thres=1.25",hub,0.25,100,24,40,1730,36,0,4,1730,0.9,0.0,1.0,0.0,0.2547668083147569
ni_tfnbs,"e=0.4,h=8.0,n=30,start_thres=1.25",hub,0.25,100,24,40,1730,36,0,4,1730,0.9,0.0,1.0,0.0,0.2547668083147569
ni_tfnbs,"e=0.4,h=9.0,n=30,start_thres=1.25",hub,0.25,100,24,40,1730,36,0,4,1730,0.9,0.0,1.0,0.0,0.2547668083147569
ni_tfnbs,"e=0.4,h=10.0,n=30,start_thres=1.25",hub,0.25,100,24,40,1730,36,0,4,1730,0.9,0.0,1.0,0.0,0.2547668083147569
ni_tfnbs,"e=0.5,h=0.5,n=30,start_thres=1.25",hub,0.25,100,24,40,1730,37,1,3,1729,0.925,0.0005780346820809,0.9736842105263158,0.0263157894736842,0.2547668083147569
ni_tfnbs,"e=0.5,h=1.0,n=30,start_thres=1.25",hub,0.25,100,24,40,1730,37,1,3,1729,0.925,0.0005780346820809,0.9736842105263158,0.0263157894736842,0.2547668083147569
ni_tfnbs,"e=0.5,h=2.0,n=30,start_thres=1.25",hub,0.25,100,24,40,1730,36,1,4,1729,0.9,0.0005780346820809,0.972972972972973,0.027027027027027,0.2547668083147569
ni_tfnbs,"e=0.5,h=3.0,n=30,start_thres=1.25",hub,0.25,100,24,40,1730,36,1,4,1729,0.9,0.0005780346820809,0.972972972972973,0.027027027027027,0.2547668083147569
ni_tfnbs,"e=0.5,h=4.0,n=30,start_thres=1.25",hub,0.25,100,24,40,1730,36,0,4,1730,0.9,0.0,1.0,0.0,0.2547668083147569
ni_tfnbs,"e=0.5,h=5.0,n=30,start_thres=1.25",hub,0.25,100,24,40,1730,36,0,4,1730,0.9,0.0,1.0,0.0,0.2547668083147569
ni_tfnbs,"e=0.5,h=6.0,n=30,start_thres=1.25",hub,0.25,100,24,40,1730,36,0,4,1730,0.9,0.0,1.0,0.0,0.2547668083147569
ni_tfnbs,"e=0.5,h=7.0,n=30,start_thres=1.25",hub,0.25,100,24,40,1730,36,0,4,1730,0.9,0.0,1.0,0.0,0.2547668083147569
ni_tfnbs,"e=0.5,h=8.0,n=30,start_thres=1.25",hub,0.25,100,24,40,1730,36,0,4,1730,0.9,0.0,1.0,0.0,0.2547668083147569
ni_tfnbs,"e=0.5,h=9.0,n=30,start_thres=1.25",hub,0.25,100,24,40,1730,36,0,4,1730,0.9,0.0,1.0,0.0,0.2547668083147569
ni_tfnbs,"e=0.5,h=10.0,n=30,start_thres=1.25",hub,0.25,100,24,40,1730,36,0,4,1730,0.9,0.0,1.0,0.0,0.2547668083147569
ni_tfnbs,"e=0.6,h=0.5,n=30,start_thres=1.25",hub,0.25,100,24,40,1730,37,1,3,1729,0.925,0.0005780346820809,0.9736842105263158,0.0263157894736842,0.2547668083147569
ni_tfnbs,"e=0.6,h=1.0,n=30,start_thres=1.25",hub,0.25,100,24,40,1730,37,1,3,1729,0.925,0.0005780346820809,0.9736842105263158,0.0263157894736842,0.2547668083147569
ni_tfnbs,"e=0.6,h=2.0,n=30,start_thres=1.25",hub,0.25,100,24,40,1730,37,1,3,1729,0.925,0.0005780346820809,0.9736842105263158,0.0263157894736842,0.2547668083147569
ni_tfnbs,"e=0.6,h=3.0,n=30,start_thres=1.25",hub,0.25,100,24,40,1730,37,1,3,1729,0.925,0.0005780346820809,0.9736842105263158,0.0263157894736842,0.2547668083147569
ni_tfnbs,"e=0.6,h=4.0,n=30,start_thres=1.25",hub,0.25,100,24,40,1730,36,1,4,1729,0.9,0.0005780346820809,0.972972972972973,0.027027027027027,0.2547668083147569
ni_tfnbs,"e=0.6,h=5.0,n=30,start_thres=1.25",hub,0.25,100,24,40,1730,36,0,4,1730,0.9,0.0,1.0,0.0,0.2547668083147569
ni_tfnbs,"e=0.6,h=6.0,n=30,start_thres=1.25",hub,0.25,100,24,40,1730,36,0,4,1730,0.9,0.0,1.0,0.0,0.2547668083147569
ni_tfnbs,"e=0.6,h=7.0,n=30,start_thres=1.25",hub,0.25,100,24,40,1730,36,0,4,1730,0.9,0.0,1.0,0.0,0.2547668083147569
ni_tfnbs,"e=0.6,h=8.0,n=30,start_thres=1.25",hub,0.25,100,24,40,1730,36,0,4,1730,0.9,0.0,1.0,0.0,0.2547668083147569
ni_tfnbs,"e=0.6,h=9.0,n=30,start_thres=1.25",hub,0.25,100,24,40,1730,36,0,4,1730,0.9,0.0,1.0,0.0,0.2547668083147569
ni_tfnbs,"e=0.6,h=10.0,n=30,start_thres=1.25",hub,0.25,100,24,40,1730,36,0,4,1730,0.9,0.0,1.0,0.0,0.2547668083147569
ni_tfnbs,"e=0.7,h=0.5,n=30,start_thres=1.25",hub,0.25,100,24,40,1730,38,2,2,1728,0.95,0.0011560693641618,0.95,0.05,0.2547668083147569
ni_tfnbs,"e=0.7,h=1.0,n=30,start_thres=1.25",hub,0.25,100,24,40,1730,38,2,2,1728,0.95,0.0011560693641618,0.95,0.05,0.2547668083147569
ni_tfnbs,"e=0.7,h=2.0,n=30,start_thres=1.25",hub,0.25,100,24,40,1730,38,1,2,1729,0.95,0.0005780346820809,0.9743589743589745,0.0256410256410256,0.2547668083147569
ni_tfnbs,"e=0.7,h=3.0,n=30,start_thres=1.25",hub,0.25,100,24,40,1730,37,1,3,1729,0.925,0.0005780346820809,0.9736842105263158,0.0263157894736842,0.2547668083147569
ni_tfnbs,"e=0.7,h=4.0,n=30,start_thres=1.25",hub,0.25,100,24,40,1730,37,1,3,1729,0.925,0.0005780346820809,0.9736842105263158,0.0263157894736842,0.2547668083147569
ni_tfnbs,"e=0.7,h=5.0,n=30,start_thres=1.25",hub,0.25,100,24,40,1730,36,1,4,1729,0.9,0.0005780346820809,0.972972972972973,0.027027027027027,0.2547668083147569
ni_tfnbs,"e=0.7,h=6.0,n=30,start_thres=1.25",hub,0.25,100,24,40,1730,36,0,4,1730,0.9,0.0,1.0,0.0,0.2547668083147569
ni_tfnbs,"e=0.7,h=7.0,n=30,start_thres=1.25",hub,0.25,100,24,40,1730,36,0,4,1730,0.9,0.0,1.0,0.0,0.2547668083147569
ni_tfnbs,"e=0.7,h=8.0,n=30,start_thres=1.25",hub,0.25,100,24,40,1730,36,0,4,1730,0.9,0.0,1.0,0.0,0.2547668083147569
ni_tfnbs,"e=0.7,h=9.0,n=30,start_thres=1.25",hub,0.25,100,24,40,1730,36,0,4,1730,0.9,0.0,1.0,0.0,0.2547668083147569
ni_tfnbs,"e=0.7,h=10.0,n=30,start_thres=1.25",hub,0.25,100,24,40,1730,36,0,4,1730,0.9,0.0,1.0,0.0,0.2547668083147569
ni_tfnbs,"e=0.8,h=0.5,n=30,start_thres=1.25",hub,0.25,100,24,40,1730,38,2,2,1728,0.95,0.0011560693641618,0.95,0.05,0.2547668083147569
ni_tfnbs,"e=0.8,h=1.0,n=30,start_thres=1.25",hub,0.25,100,24,40,1730,38,2,2,1728,0.95,0.0011560693641618,0.95,0.05,0.2547668083147569
ni_tfnbs,"e=0.8,h=2.0,n=30,start_thres=1.25",hub,0.25,100,24,40,1730,38,2,2,1728,0.95,0.0011560693641618,0.95,0.05,0.2547668083147569
ni_tfnbs,"e=0.8,h=3.0,n=30,start_thres=1.25",hub,0.25,100,24,40,1730,38,1,2,1729,0.95,0.0005780346820809,0.9743589743589745,0.0256410256410256,0.2547668083147569
ni_tfnbs,"e=0.8,h=4.0,n=30,start_thres=1.25",hub,0.25,100,24,40,1730,38,1,2,1729,0.95,0.0005780346820809,0.9743589743589745,0.0256410256410256,0.2547668083147569
ni_tfnbs,"e=0.8,h=5.0,n=30,start_thres=1.25",hub,0.25,100,24,40,1730,37,1,3,1729,0.925,0.0005780346820809,0.9736842105263158,0.0263157894736842,0.2547668083147569
ni_tfnbs,"e=0.8,h=6.0,n=30,start_thres=1.25",hub,0.25,100,24,40,1730,36,1,4,1729,0.9,0.0005780346820809,0.972972972972973,0.027027027027027,0.2547668083147569
ni_tfnbs,"e=0.8,h=7.0,n=30,start_thres=1.25",hub,0.25,100,24,40,1730,36,1,4,1729,0.9,0.0005780346820809,0.972972972972973,0.027027027027027,0.2547668083147569
ni_tfnbs,"e=0.8,h=8.0,n=30,start_thres=1.25",hub,0.25,100,24,40,1730,36,0,4,1730,0.9,0.0,1.0,0.0,0.2547668083147569
ni_tfnbs,"e=0.8,h=9.0,n=30,start_thres=1.25",hub,0.25,100,24,40,1730,36,0,4,1730,0.9,0.0,1.0,0.0,0.2547668083147569
ni_tfnbs,"e=0.8,h=10.0,n=30,start_thres=1.25",hub,0.25,100,24,40,1730,36,0,4,1730,0.9,0.0,1.0,0.0,0.2547668083147569
ni_tfnbs,"e=0.9,h=0.5,n=30,start_thres=1.25",hub,0.25,100,24,40,1730,38,2,2,1728,0.95,0.0011560693641618,0.95,0.05,0.2547668083147569
ni_tfnbs,"e=0.9,h=1.0,n=30,start_thres=1.25",hub,0.25,100,24,40,1730,38,2,2,1728,0.95,0.0011560693641618,0.95,0.05,0.2547668083147569
ni_tfnbs,"e=0.9,h=2.0,n=30,start_thres=1.25",hub,0.25,100,24,40,1730,38,2,2,1728,0.95,0.0011560693641618,0.95,0.05,0.2547668083147569
ni_tfnbs,"e=0.9,h=3.0,n=30,start_thres=1.25",hub,0.25,100,24,40,1730,38,2,2,1728,0.95,0.0011560693641618,0.95,0.05,0.2547668083147569
ni_tfnbs,"e=0.9,h=4.0,n=30,start_thres=1.25",hub,0.25,100,24,40,1730,38,1,2,1729,0.95,0.0005780346820809,0.9743589743589745,0.0256410256410256,0.2547668083147569
ni_tfnbs,"e=0.9,h=5.0,n=30,start_thres=1.25",hub,0.25,100,24,40,1730,38,1,2,1729,0.95,0.0005780346820809,0.9743589743589745,0.0256410256410256,0.2547668083147569
ni_tfnbs,"e=0.9,h=6.0,n=30,start_thres=1.25",hub,0.25,100,24,40,1730,37,1,3,1729,0.925,0.0005780346820809,0.9736842105263158,0.0263157894736842,0.2547668083147569
ni_tfnbs,"e=0.9,h=7.0,n=30,start_thres=1.25",hub,0.25,100,24,40,1730,36,1,4,1729,0.9,0.0005780346820809,0.972972972972973,0.027027027027027,0.2547668083147569
ni_tfnbs,"e=0.9,h=8.0,n=30,start_thres=1.25",hub,0.25,100,24,40,1730,36,1,4,1729,0.9,0.0005780346820809,0.972972972972973,0.027027027027027,0.2547668083147569
ni_tfnbs,"e=0.9,h=9.0,n=30,start_thres=1.25",hub,0.25,100,24,40,1730,36,0,4,1730,0.9,0.0,1.0,0.0,0.2547668083147569
ni_tfnbs,"e=0.9,h=10.0,n=30,start_thres=1.25",hub,0.25,100,24,40,1730,36,0,4,1730,0.9,0.0,1.0,0.0,0.2547668083147569
ni_tfnbs,"e=1.0,h=0.5,n=30,start_thres=1.25",hub,0.25,100,24,40,1730,38,2,2,1728,0.95,0.0011560693641618,0.95,0.05,0.2547668083147569
ni_tfnbs,"e=1.0,h=1.0,n=30,start_thres=1.25",hub,0.25,100,24,40,1730,38,2,2,1728,0.95,0.0011560693641618,0.95,0.05,0.2547668083147569
ni_tfnbs,"e=1.0,h=2.0,n=30,start_thres=1.25",hub,0.25,100,24,40,1730,39,2,1,1728,0.975,0.0011560693641618,0.951219512195122,0.048780487804878,0.2547668083147569
ni_tfnbs,"e=1.0,h=3.0,n=30,start_thres=1.25",hub,0.25,100,24,40,1730,39,2,1,1728,0.975,0.0011560693641618,0.951219512195122,0.048780487804878,0.2547668083147569
ni_tfnbs,"e=1.0,h=4.0,n=30,start_thres=1.25",hub,0.25,100,24,40,1730,38,2,2,1728,0.95,0.0011560693641618,0.95,0.05,0.2547668083147569
ni_tfnbs,"e=1.0,h=5.0,n=30,start_thres=1.25",hub,0.25,100,24,40,1730,38,1,2,1729,0.95,0.0005780346820809,0.9743589743589745,0.0256410256410256,0.2547668083147569
ni_tfnbs,"e=1.0,h=6.0,n=30,start_thres=1.25",hub,0.25,100,24,40,1730,38,1,2,1729,0.95,0.0005780346820809,0.9743589743589745,0.0256410256410256,0.2547668083147569
ni_tfnbs,"e=1.0,h=7.0,n=30,start_thres=1.25",hub,0.25,100,24,40,1730,37,1,3,1729,0.925,0.0005780346820809,0.9736842105263158,0.0263157894736842,0.2547668083147569
ni_tfnbs,"e=1.0,h=8.0,n=30,start_thres=1.25",hub,0.25,100,24,40,1730,36,1,4,1729,0.9,0.0005780346820809,0.972972972972973,0.027027027027027,0.2547668083147569
ni_tfnbs,"e=1.0,h=9.0,n=30,start_thres=1.25",hub,0.25,100,24,40,1730,36,1,4,1729,0.9,0.0005780346820809,0.972972972972973,0.027027027027027,0.2547668083147569
ni_tfnbs,"e=1.0,h=10.0,n=30,start_thres=1.25",hub,0.25,100,24,40,1730,36,0,4,1730,0.9,0.0,1.0,0.0,0.2547668083147569
ni_tfnbs,"e=1.1,h=0.5,n=30,start_thres=1.25",hub,0.25,100,24,40,1730,38,2,2,1728,0.95,0.0011560693641618,0.95,0.05,0.2547668083147569
ni_tfnbs,"e=1.1,h=1.0,n=30,start_thres=1.25",hub,0.25,100,24,40,1730,38,2,2,1728,0.95,0.0011560693641618,0.95,0.05,0.2547668083147569
ni_tfnbs,"e=1.1,h=2.0,n=30,start_thres=1.25",hub,0.25,100,24,40,1730,39,2,1,1728,0.975,0.0011560693641618,0.951219512195122,0.048780487804878,0.2547668083147569
ni_tfnbs,"e=1.1,h=3.0,n=30,start_thres=1.25",hub,0.25,100,24,40,1730,39,2,1,1728,0.975,0.0011560693641618,0.951219512195122,0.048780487804878,0.2547668083147569
ni_tfnbs,"e=1.1,h=4.0,n=30,start_thres=1.25",hub,0.25,100,24,40,1730,39,2,1,1728,0.975,0.0011560693641618,0.951219512195122,0.048780487804878,0.2547668083147569
ni_tfnbs,"e=1.1,h=5.0,n=30,start_thres=1.25",hub,0.25,100,24,40,1730,38,2,2,1728,0.95,0.0011560693641618,0.95,0.05,0.2547668083147569
ni_tfnbs,"e=1.1,h=6.0,n=30,start_thres=1.25",hub,0.25,100,24,40,1730,38,1,2,1729,0.95,0.0005780346820809,0.9743589743589745,0.0256410256410256,0.2547668083147569
ni_tfnbs,"e=1.1,h=7.0,n=30,start_thres=1.25",hub,0.25,100,24,40,1730,38,1,2,1729,0.95,0.0005780346820809,0.9743589743589745,0.0256410256410256,0.2547668083147569
ni_tfnbs,"e=1.1,h=8.0,n=30,start_thres=1.25",hub,0.25,100,24,40,1730,37,1,3,1729,0.925,0.0005780346820809,0.9736842105263158,0.0263157894736842,0.2547668083147569
ni_tfnbs,"e=1.1,h=9.0,n=30,start_thres=1.25",hub,0.25,100,24,40,1730,36,1,4,1729,0.9,0.0005780346820809,0.972972972972973,0.027027027027027,0.2547668083147569
ni_tfnbs,"e=1.1,h=10.0,n=30,start_thres=1.25",hub,0.25,100,24,40,1730,36,1,4,1729,0.9,0.0005780346820809,0.972972972972973,0.027027027027027,0.2547668083147569
ni_tfnbs,"e=1.2,h=0.5,n=30,start_thres=1.25",hub,0.25,100,24,40,1730,38,2,2,1728,0.95,0.0011560693641618,0.95,0.05,0.2547668083147569
ni_tfnbs,"e=1.2,h=1.0,n=30,start_thres=1.25",hub,0.25,100,24,40,1730,38,2,2,1728,0.95,0.0011560693641618,0.95,0.05,0.2547668083147569
ni_tfnbs,"e=1.2,h=2.0,n=30,start_thres=1.25",hub,0.25,100,24,40,1730,39,3,1,1727,0.975,0.0017341040462427,0.9285714285714286,0.0714285714285714,0.2547668083147569
ni_tfnbs,"e=1.2,h=3.0,n=30,start_thres=1.25",hub,0.25,100,24,40,1730,39,2,1,1728,0.975,0.0011560693641618,0.951219512195122,0.048780487804878,0.2547668083147569
ni_tfnbs,"e=1.2,h=4.0,n=30,start_thres=1.25",hub,0.25,100,24,40,1730,39,2,1,1728,0.975,0.0011560693641618,0.951219512195122,0.048780487804878,0.2547668083147569
ni_tfnbs,"e=1.2,h=5.0,n=30,start_thres=1.25",hub,0.25,100,24,40,1730,39,2,1,1728,0.975,0.0011560693641618,0.951219512195122,0.048780487804878,0.2547668083147569
ni_tfnbs,"e=1.2,h=6.0,n=30,start_thres=1.25",hub,0.25,100,24,40,1730,38,2,2,1728,0.95,0.0011560693641618,0.95,0.05,0.2547668083147569
ni_tfnbs,"e=1.2,h=7.0,n=30,start_thres=1.25",hub,0.25,100,24,40,1730,38,1,2,1729,0.95,0.0005780346820809,0.9743589743589745,0.0256410256410256,0.2547668083147569
ni_tfnbs,"e=1.2,h=8.0,n=30,start_thres=1.25",hub,0.25,100,24,40,1730,38,1,2,1729,0.95,0.0005780346820809,0.9743589743589745,0.0256410256410256,0.2547668083147569
ni_tfnbs,"e=1.2,h=9.0,n=30,start_thres=1.25",hub,0.25,100,24,40,1730,37,1,3,1729,0.925,0.0005780346820809,0.9736842105263158,0.0263157894736842,0.2547668083147569
ni_tfnbs,"e=1.2,h=10.0,n=30,start_thres=1.25",hub,0.25,100,24,40,1730,36,1,4,1729,0.9,0.0005780346820809,0.972972972972973,0.027027027027027,0.2547668083147569
ni_tfnbs,"e=1.3,h=0.5,n=30,start_thres=1.25",hub,0.25,100,24,40,1730,38,3,2,1727,0.95,0.0017341040462427,0.926829268292683,0.073170731707317,0.2547668083147569
ni_tfnbs,"e=1.3,h=1.0,n=30,start_thres=1.25",hub,0.25,100,24,40,1730,38,3,2,1727,0.95,0.0017341040462427,0.926829268292683,0.073170731707317,0.2547668083147569
ni_tfnbs,"e=1.3,h=2.0,n=30,start_thres=1.25",hub,0.25,100,24,40,1730,39,3,1,1727,0.975,0.0017341040462427,0.9285714285714286,0.0714285714285714,0.2547668083147569
ni_tfnbs,"e=1.3,h=3.0,n=30,start_thres=1.25",hub,0.25,100,24,40,1730,39,3,1,1727,0.975,0.0017341040462427,0.9285714285714286,0.0714285714285714,0.2547668083147569
ni_tfnbs,"e=1.3,h=4.0,n=30,start_thres=1.25",hub,0.25,100,24,40,1730,39,3,1,1727,0.975,0.0017341040462427,0.9285714285714286,0.0714285714285714,0.2547668083147569
ni_tfnbs,"e=1.3,h=5.0,n=30,start_thres=1.25",hub,0.25,100,24,40,1730,39,2,1,1728,0.975,0.0011560693641618,0.951219512195122,0.048780487804878,0.2547668083147569
ni_tfnbs,"e=1.3,h=6.0,n=30,start_thres=1.25",hub,0.25,100,24,40,1730,39,2,1,1728,0.975,0.0011560693641618,0.951219512195122,0.048780487804878,0.2547668083147569
ni_tfnbs,"e=1.3,h=7.0,n=30,start_thres=1.25",hub,0.25,100,24,40,1730,38,2,2,1728,0.95,0.0011560693641618,0.95,0.05,0.2547668083147569
ni_tfnbs,"e=1.3,h=8.0,n=30,start_thres=1.25",hub,0.25,100,24,40,1730,38,1,2,1729,0.95,0.0005780346820809,0.9743589743589745,0.0256410256410256,0.2547668083147569
ni_tfnbs,"e=1.3,h=9.0,n=30,start_thres=1.25",hub,0.25,100,24,40,1730,38,1,2,1729,0.95,0.0005780346820809,0.9743589743589745,0.0256410256410256,0.2547668083147569
ni_tfnbs,"e=1.3,h=10.0,n=30,start_thres=1.25",hub,0.25,100,24,40,1730,37,1,3,1729,0.925,0.0005780346820809,0.9736842105263158,0.0263157894736842,0.2547668083147569
ni_tfnbs,"e=1.4,h=0.5,n=30,start_thres=1.25",hub,0.25,100,24,40,1730,38,3,2,1727,0.95,0.0017341040462427,0.926829268292683,0.073170731707317,0.2547668083147569
ni_tfnbs,"e=1.4,h=1.0,n=30,start_thres=1.25",hub,0.25,100,24,40,1730,38,3,2,1727,0.95,0.0017341040462427,0.926829268292683,0.073170731707317,0.2547668083147569
ni_tfnbs,"e=1.4,h=2.0,n=30,start_thres=1.25",hub,0.25,100,24,40,1730,39,3,1,1727,0.975,0.0017341040462427,0.9285714285714286,0.0714285714285714,0.2547668083147569
ni_tfnbs,"e=1.4,h=3.0,n=30,start_thres=1.25",hub,0.25,100,24,40,1730,39,3,1,1727,0.975,0.0017341040462427,0.9285714285714286,0.0714285714285714,0.2547668083147569
ni_tfnbs,"e=1.4,h=4.0,n=30,start_thres=1.25",hub,0.25,100,24,40,1730,39,3,1,1727,0.975,0.0017341040462427,0.9285714285714286,0.0714285714285714,0.2547668083147569
ni_tfnbs,"e=1.4,h=5.0,n=30,start_thres=1.25",hub,0.25,100,24,40,1730,39,2,1,1728,0.975,0.0011560693641618,0.951219512195122,0.048780487804878,0.2547668083147569
ni_tfnbs,"e=1.4,h=6.0,n=30,start_thres=1.25",hub,0.25,100,24,40,1730,39,2,1,1728,0.975,0.0011560693641618,0.951219512195122,0.048780487804878,0.2547668083147569
ni_tfnbs,"e=1.4,h=7.0,n=30,start_thres=1.25",hub,0.25,100,24,40,1730,39,2,1,1728,0.975,0.0011560693641618,0.951219512195122,0.048780487804878,0.2547668083147569
ni_tfnbs,"e=1.4,h=8.0,n=30,start_thres=1.25",hub,0.25,100,24,40,1730,38,2,2,1728,0.95,0.0011560693641618,0.95,0.05,0.2547668083147569
ni_tfnbs,"e=1.4,h=9.0,n=30,start_thres=1.25",hub,0.25,100,24,40,1730,38,1,2,1729,0.95,0.0005780346820809,0.9743589743589745,0.0256410256410256,0.2547668083147569
ni_tfnbs,"e=1.4,h=10.0,n=30,start_thres=1.25",hub,0.25,100,24,40,1730,38,1,2,1729,0.95,0.0005780346820809,0.9743589743589745,0.0256410256410256,0.2547668083147569
ni_tfnbs,"e=1.5,h=0.5,n=30,start_thres=1.25",hub,0.25,100,24,40,1730,38,3,2,1727,0.95,0.0017341040462427,0.926829268292683,0.073170731707317,0.2547668083147569
ni_tfnbs,"e=1.5,h=1.0,n=30,start_thres=1.25",hub,0.25,100,24,40,1730,38,3,2,1727,0.95,0.0017341040462427,0.926829268292683,0.073170731707317,0.2547668083147569
ni_tfnbs,"e=1.5,h=2.0,n=30,start_thres=1.25",hub,0.25,100,24,40,1730,39,3,1,1727,0.975,0.0017341040462427,0.9285714285714286,0.0714285714285714,0.2547668083147569
ni_tfnbs,"e=1.5,h=3.0,n=30,start_thres=1.25",hub,0.25,100,24,40,1730,39,3,1,1727,0.975,0.0017341040462427,0.9285714285714286,0.0714285714285714,0.2547668083147569
ni_tfnbs,"e=1.5,h=4.0,n=30,start_thres=1.25",hub,0.25,100,24,40,1730,39,3,1,1727,0.975,0.0017341040462427,0.9285714285714286,0.0714285714285714,0.2547668083147569
ni_tfnbs,"e=1.5,h=5.0,n=30,start_thres=1.25",hub,0.25,100,24,40,1730,39,3,1,1727,0.975,0.0017341040462427,0.9285714285714286,0.0714285714285714,0.2547668083147569
ni_tfnbs,"e=1.5,h=6.0,n=30,start_thres=1.25",hub,0.25,100,24,40,1730,39,2,1,1728,0.975,0.0011560693641618,0.951219512195122,0.048780487804878,0.2547668083147569
ni_tfnbs,"e=1.5,h=7.0,n=30,start_thres=1.25",hub,0.25,100,24,40,1730,39,2,1,1728,0.975,0.0011560693641618,0.951219512195122,0.048780487804878,0.2547668083147569
ni_tfnbs,"e=1.5,h=8.0,n=30,start_thres=1.25",hub,0.25,100,24,40,1730,38,2,2,1728,0.95,0.0011560693641618,0.95,0.05,0.2547668083147569
ni_tfnbs,"e=1.5,h=9.0,n=30,start_thres=1.25",hub,0.25,100,24,40,1730,38,2,2,1728,0.95,0.0011560693641618,0.95,0.05,0.2547668083147569
ni_tfnbs,"e=1.5,h=10.0,n=30,start_thres=1.25",hub,0.25,100,24,40,1730,38,1,2,1729,0.95,0.0005780346820809,0.9743589743589745,0.0256410256410256,0.2547668083147569
ni_tfnbs,"e=0.05,h=0.5,n=30,start_thres=1.25",hub,0.25,100,25,40,1730,31,0,9,1730,0.775,0.0,1.0,0.0,0.258300477808172
ni_tfnbs,"e=0.05,h=1.0,n=30,start_thres=1.25",hub,0.25,100,25,40,1730,31,0,9,1730,0.775,0.0,1.0,0.0,0.258300477808172
ni_tfnbs,"e=0.05,h=2.0,n=30,start_thres=1.25",hub,0.25,100,25,40,1730,31,0,9,1730,0.775,0.0,1.0,0.0,0.258300477808172
ni_tfnbs,"e=0.05,h=3.0,n=30,start_thres=1.25",hub,0.25,100,25,40,1730,30,0,10,1730,0.75,0.0,1.0,0.0,0.258300477808172
ni_tfnbs,"e=0.05,h=4.0,n=30,start_thres=1.25",hub,0.25,100,25,40,1730,29,0,11,1730,0.725,0.0,1.0,0.0,0.258300477808172
ni_tfnbs,"e=0.05,h=5.0,n=30,start_thres=1.25",hub,0.25,100,25,40,1730,29,0,11,1730,0.725,0.0,1.0,0.0,0.258300477808172
ni_tfnbs,"e=0.05,h=6.0,n=30,start_thres=1.25",hub,0.25,100,25,40,1730,29,0,11,1730,0.725,0.0,1.0,0.0,0.258300477808172
ni_tfnbs,"e=0.05,h=7.0,n=30,start_thres=1.25",hub,0.25,100,25,40,1730,29,0,11,1730,0.725,0.0,1.0,0.0,0.258300477808172
ni_tfnbs,"e=0.05,h=8.0,n=30,start_thres=1.25",hub,0.25,100,25,40,1730,29,0,11,1730,0.725,0.0,1.0,0.0,0.258300477808172
ni_tfnbs,"e=0.05,h=9.0,n=30,start_thres=1.25",hub,0.25,100,25,40,1730,29,0,11,1730,0.725,0.0,1.0,0.0,0.258300477808172
ni_tfnbs,"e=0.05,h=10.0,n=30,start_thres=1.25",hub,0.25,100,25,40,1730,29,0,11,1730,0.725,0.0,1.0,0.0,0.258300477808172
ni_tfnbs,"e=0.1,h=0.5,n=30,start_thres=1.25",hub,0.25,100,25,40,1730,33,0,7,1730,0.825,0.0,1.0,0.0,0.258300477808172
ni_tfnbs,"e=0.1,h=1.0,n=30,start_thres=1.25",hub,0.25,100,25,40,1730,31,0,9,1730,0.775,0.0,1.0,0.0,0.258300477808172
ni_tfnbs,"e=0.1,h=2.0,n=30,start_thres=1.25",hub,0.25,100,25,40,1730,31,0,9,1730,0.775,0.0,1.0,0.0,0.258300477808172
ni_tfnbs,"e=0.1,h=3.0,n=30,start_thres=1.25",hub,0.25,100,25,40,1730,31,0,9,1730,0.775,0.0,1.0,0.0,0.258300477808172
ni_tfnbs,"e=0.1,h=4.0,n=30,start_thres=1.25",hub,0.25,100,25,40,1730,31,0,9,1730,0.775,0.0,1.0,0.0,0.258300477808172
ni_tfnbs,"e=0.1,h=5.0,n=30,start_thres=1.25",hub,0.25,100,25,40,1730,31,0,9,1730,0.775,0.0,1.0,0.0,0.258300477808172
ni_tfnbs,"e=0.1,h=6.0,n=30,start_thres=1.25",hub,0.25,100,25,40,1730,31,0,9,1730,0.775,0.0,1.0,0.0,0.258300477808172
ni_tfnbs,"e=0.1,h=7.0,n=30,start_thres=1.25",hub,0.25,100,25,40,1730,30,0,10,1730,0.75,0.0,1.0,0.0,0.258300477808172
ni_tfnbs,"e=0.1,h=8.0,n=30,start_thres=1.25",hub,0.25,100,25,40,1730,30,0,10,1730,0.75,0.0,1.0,0.0,0.258300477808172
ni_tfnbs,"e=0.1,h=9.0,n=30,start_thres=1.25",hub,0.25,100,25,40,1730,30,0,10,1730,0.75,0.0,1.0,0.0,0.258300477808172
ni_tfnbs,"e=0.1,h=10.0,n=30,start_thres=1.25",hub,0.25,100,25,40,1730,29,0,11,1730,0.725,0.0,1.0,0.0,0.258300477808172
ni_tfnbs,"e=0.2,h=0.5,n=30,start_thres=1.25",hub,0.25,100,25,40,1730,35,0,5,1730,0.875,0.0,1.0,0.0,0.258300477808172
ni_tfnbs,"e=0.2,h=1.0,n=30,start_thres=1.25",hub,0.25,100,25,40,1730,35,0,5,1730,0.875,0.0,1.0,0.0,0.258300477808172
ni_tfnbs,"e=0.2,h=2.0,n=30,start_thres=1.25",hub,0.25,100,25,40,1730,35,0,5,1730,0.875,0.0,1.0,0.0,0.258300477808172
ni_tfnbs,"e=0.2,h=3.0,n=30,start_thres=1.25",hub,0.25,100,25,40,1730,34,0,6,1730,0.85,0.0,1.0,0.0,0.258300477808172
ni_tfnbs,"e=0.2,h=4.0,n=30,start_thres=1.25",hub,0.25,100,25,40,1730,33,0,7,1730,0.825,0.0,1.0,0.0,0.258300477808172
ni_tfnbs,"e=0.2,h=5.0,n=30,start_thres=1.25",hub,0.25,100,25,40,1730,31,0,9,1730,0.775,0.0,1.0,0.0,0.258300477808172
ni_tfnbs,"e=0.2,h=6.0,n=30,start_thres=1.25",hub,0.25,100,25,40,1730,31,0,9,1730,0.775,0.0,1.0,0.0,0.258300477808172
ni_tfnbs,"e=0.2,h=7.0,n=30,start_thres=1.25",hub,0.25,100,25,40,1730,31,0,9,1730,0.775,0.0,1.0,0.0,0.258300477808172
ni_tfnbs,"e=0.2,h=8.0,n=30,start_thres=1.25",hub,0.25,100,25,40,1730,31,0,9,1730,0.775,0.0,1.0,0.0,0.258300477808172
ni_tfnbs,"e=0.2,h=9.0,n=30,start_thres=1.25",hub,0.25,100,25,40,1730,31,0,9,1730,0.775,0.0,1.0,0.0,0.258300477808172
ni_tfnbs,"e=0.2,h=10.0,n=30,start_thres=1.25",hub,0.25,100,25,40,1730,31,0,9,1730,0.775,0.0,1.0,0.0,0.258300477808172
ni_tfnbs,"e=0.3,h=0.5,n=30,start_thres=1.25",hub,0.25,100,25,40,1730,36,0,4,1730,0.9,0.0,1.0,0.0,0.258300477808172
ni_tfnbs,"e=0.3,h=1.0,n=30,start_thres=1.25",hub,0.25,100,25,40,1730,36,0,4,1730,0.9,0.0,1.0,0.0,0.258300477808172
ni_tfnbs,"e=0.3,h=2.0,n=30,start_thres=1.25",hub,0.25,100,25,40,1730,35,0,5,1730,0.875,0.0,1.0,0.0,0.258300477808172
ni_tfnbs,"e=0.3,h=3.0,n=30,start_thres=1.25",hub,0.25,100,25,40,1730,35,0,5,1730,0.875,0.0,1.0,0.0,0.258300477808172
ni_tfnbs,"e=0.3,h=4.0,n=30,start_thres=1.25",hub,0.25,100,25,40,1730,35,0,5,1730,0.875,0.0,1.0,0.0,0.258300477808172
ni_tfnbs,"e=0.3,h=5.0,n=30,start_thres=1.25",hub,0.25,100,25,40,1730,34,0,6,1730,0.85,0.0,1.0,0.0,0.258300477808172
ni_tfnbs,"e=0.3,h=6.0,n=30,start_thres=1.25",hub,0.25,100,25,40,1730,33,0,7,1730,0.825,0.0,1.0,0.0,0.258300477808172
ni_tfnbs,"e=0.3,h=7.0,n=30,start_thres=1.25",hub,0.25,100,25,40,1730,33,0,7,1730,0.825,0.0,1.0,0.0,0.258300477808172
ni_tfnbs,"e=0.3,h=8.0,n=30,start_thres=1.25",hub,0.25,100,25,40,1730,33,0,7,1730,0.825,0.0,1.0,0.0,0.258300477808172
ni_tfnbs,"e=0.3,h=9.0,n=30,start_thres=1.25",hub,0.25,100,25,40,1730,31,0,9,1730,0.775,0.0,1.0,0.0,0.258300477808172
ni_tfnbs,"e=0.3,h=10.0,n=30,start_thres=1.25",hub,0.25,100,25,40,1730,31,0,9,1730,0.775,0.0,1.0,0.0,0.258300477808172
ni_tfnbs,"e=0.4,h=0.5,n=30,start_thres=1.25",hub,0.25,100,25,40,1730,36,0,4,1730,0.9,0.0,1.0,0.0,0.258300477808172
ni_tfnbs,"e=0.4,h=1.0,n=30,start_thres=1.25",hub,0.25,100,25,40,1730,36,0,4,1730,0.9,0.0,1.0,0.0,0.258300477808172
ni_tfnbs,"e=0.4,h=2.0,n=30,start_thres=1.25",hub,0.25,100,25,40,1730,36,0,4,1730,0.9,0.0,1.0,0.0,0.258300477808172
ni_tfnbs,"e=0.4,h=3.0,n=30,start_thres=1.25",hub,0.25,100,25,40,1730,36,0,4,1730,0.9,0.0,1.0,0.0,0.258300477808172
ni_tfnbs,"e=0.4,h=4.0,n=30,start_thres=1.25",hub,0.25,100,25,40,1730,35,0,5,1730,0.875,0.0,1.0,0.0,0.258300477808172
ni_tfnbs,"e=0.4,h=5.0,n=30,start_thres=1.25",hub,0.25,100,25,40,1730,35,0,5,1730,0.875,0.0,1.0,0.0,0.258300477808172
ni_tfnbs,"e=0.4,h=6.0,n=30,start_thres=1.25",hub,0.25,100,25,40,1730,35,0,5,1730,0.875,0.0,1.0,0.0,0.258300477808172
ni_tfnbs,"e=0.4,h=7.0,n=30,start_thres=1.25",hub,0.25,100,25,40,1730,35,0,5,1730,0.875,0.0,1.0,0.0,0.258300477808172
ni_tfnbs,"e=0.4,h=8.0,n=30,start_thres=1.25",hub,0.25,100,25,40,1730,34,0,6,1730,0.85,0.0,1.0,0.0,0.258300477808172
ni_tfnbs,"e=0.4,h=9.0,n=30,start_thres=1.25",hub,0.25,100,25,40,1730,33,0,7,1730,0.825,0.0,1.0,0.0,0.258300477808172
ni_tfnbs,"e=0.4,h=10.0,n=30,start_thres=1.25",hub,0.25,100,25,40,1730,33,0,7,1730,0.825,0.0,1.0,0.0,0.258300477808172
ni_tfnbs,"e=0.5,h=0.5,n=30,start_thres=1.25",hub,0.25,100,25,40,1730,36,0,4,1730,0.9,0.0,1.0,0.0,0.258300477808172
ni_tfnbs,"e=0.5,h=1.0,n=30,start_thres=1.25",hub,0.25,100,25,40,1730,36,0,4,1730,0.9,0.0,1.0,0.0,0.258300477808172
ni_tfnbs,"e=0.5,h=2.0,n=30,start_thres=1.25",hub,0.25,100,25,40,1730,36,0,4,1730,0.9,0.0,1.0,0.0,0.258300477808172
ni_tfnbs,"e=0.5,h=3.0,n=30,start_thres=1.25",hub,0.25,100,25,40,1730,36,0,4,1730,0.9,0.0,1.0,0.0,0.258300477808172
ni_tfnbs,"e=0.5,h=4.0,n=30,start_thres=1.25",hub,0.25,100,25,40,1730,36,0,4,1730,0.9,0.0,1.0,0.0,0.258300477808172
ni_tfnbs,"e=0.5,h=5.0,n=30,start_thres=1.25",hub,0.25,100,25,40,1730,35,0,5,1730,0.875,0.0,1.0,0.0,0.258300477808172
ni_tfnbs,"e=0.5,h=6.0,n=30,start_thres=1.25",hub,0.25,100,25,40,1730,35,0,5,1730,0.875,0.0,1.0,0.0,0.258300477808172
ni_tfnbs,"e=0.5,h=7.0,n=30,start_thres=1.25",hub,0.25,100,25,40,1730,35,0,5,1730,0.875,0.0,1.0,0.0,0.258300477808172
ni_tfnbs,"e=0.5,h=8.0,n=30,start_thres=1.25",hub,0.25,100,25,40,1730,35,0,5,1730,0.875,0.0,1.0,0.0,0.258300477808172
ni_tfnbs,"e=0.5,h=9.0,n=30,start_thres=1.25",hub,0.25,100,25,40,1730,35,0,5,1730,0.875,0.0,1.0,0.0,0.258300477808172
ni_tfnbs,"e=0.5,h=10.0,n=30,start_thres=1.25",hub,0.25,100,25,40,1730,34,0,6,1730,0.85,0.0,1.0,0.0,0.258300477808172
ni_tfnbs,"e=0.6,h=0.5,n=30,start_thres=1.25",hub,0.25,100,25,40,1730,36,0,4,1730,0.9,0.0,1.0,0.0,0.258300477808172
ni_tfnbs,"e=0.6,h=1.0,n=30,start_thres=1.25",hub,0.25,100,25,40,1730,36,0,4,1730,0.9,0.0,1.0,0.0,0.258300477808172
ni_tfnbs,"e=0.6,h=2.0,n=30,start_thres=1.25",hub,0.25,100,25,40,1730,36,0,4,1730,0.9,0.0,1.0,0.0,0.258300477808172
ni_tfnbs,"e=0.6,h=3.0,n=30,start_thres=1.25",hub,0.25,100,25,40,1730,36,0,4,1730,0.9,0.0,1.0,0.0,0.258300477808172
ni_tfnbs,"e=0.6,h=4.0,n=30,start_thres=1.25",hub,0.25,100,25,40,1730,36,0,4,1730,0.9,0.0,1.0,0.0,0.258300477808172
ni_tfnbs,"e=0.6,h=5.0,n=30,start_thres=1.25",hub,0.25,100,25,40,1730,36,0,4,1730,0.9,0.0,1.0,0.0,0.258300477808172
ni_tfnbs,"e=0.6,h=6.0,n=30,start_thres=1.25",hub,0.25,100,25,40,1730,36,0,4,1730,0.9,0.0,1.0,0.0,0.258300477808172
ni_tfnbs,"e=0.6,h=7.0,n=30,start_thres=1.25",hub,0.25,100,25,40,1730,35,0,5,1730,0.875,0.0,1.0,0.0,0.258300477808172
ni_tfnbs,"e=0.6,h=8.0,n=30,start_thres=1.25",hub,0.25,100,25,40,1730,35,0,5,1730,0.875,0.0,1.0,0.0,0.258300477808172
ni_tfnbs,"e=0.6,h=9.0,n=30,start_thres=1.25",hub,0.25,100,25,40,1730,35,0,5,1730,0.875,0.0,1.0,0.0,0.258300477808172
ni_tfnbs,"e=0.6,h=10.0,n=30,start_thres=1.25",hub,0.25,100,25,40,1730,35,0,5,1730,0.875,0.0,1.0,0.0,0.258300477808172
ni_tfnbs,"e=0.7,h=0.5,n=30,start_thres=1.25",hub,0.25,100,25,40,1730,36,0,4,1730,0.9,0.0,1.0,0.0,0.258300477808172
ni_tfnbs,"e=0.7,h=1.0,n=30,start_thres=1.25",hub,0.25,100,25,40,1730,36,0,4,1730,0.9,0.0,1.0,0.0,0.258300477808172
ni_tfnbs,"e=0.7,h=2.0,n=30,start_thres=1.25",hub,0.25,100,25,40,1730,36,0,4,1730,0.9,0.0,1.0,0.0,0.258300477808172
ni_tfnbs,"e=0.7,h=3.0,n=30,start_thres=1.25",hub,0.25,100,25,40,1730,36,0,4,1730,0.9,0.0,1.0,0.0,0.258300477808172
ni_tfnbs,"e=0.7,h=4.0,n=30,start_thres=1.25",hub,0.25,100,25,40,1730,36,0,4,1730,0.9,0.0,1.0,0.0,0.258300477808172
ni_tfnbs,"e=0.7,h=5.0,n=30,start_thres=1.25",hub,0.25,100,25,40,1730,36,0,4,1730,0.9,0.0,1.0,0.0,0.258300477808172
ni_tfnbs,"e=0.7,h=6.0,n=30,start_thres=1.25",hub,0.25,100,25,40,1730,36,0,4,1730,0.9,0.0,1.0,0.0,0.258300477808172
ni_tfnbs,"e=0.7,h=7.0,n=30,start_thres=1.25",hub,0.25,100,25,40,1730,36,0,4,1730,0.9,0.0,1.0,0.0,0.258300477808172
ni_tfnbs,"e=0.7,h=8.0,n=30,start_thres=1.25",hub,0.25,100,25,40,1730,35,0,5,1730,0.875,0.0,1.0,0.0,0.258300477808172
ni_tfnbs,"e=0.7,h=9.0,n=30,start_thres=1.25",hub,0.25,100,25,40,1730,35,0,5,1730,0.875,0.0,1.0,0.0,0.258300477808172
ni_tfnbs,"e=0.7,h=10.0,n=30,start_thres=1.25",hub,0.25,100,25,40,1730,35,0,5,1730,0.875,0.0,1.0,0.0,0.258300477808172
ni_tfnbs,"e=0.8,h=0.5,n=30,start_thres=1.25",hub,0.25,100,25,40,1730,36,0,4,1730,0.9,0.0,1.0,0.0,0.258300477808172
ni_tfnbs,"e=0.8,h=1.0,n=30,start_thres=1.25",hub,0.25,100,25,40,1730,36,0,4,1730,0.9,0.0,1.0,0.0,0.258300477808172
ni_tfnbs,"e=0.8,h=2.0,n=30,start_thres=1.25",hub,0.25,100,25,40,1730,36,0,4,1730,0.9,0.0,1.0,0.0,0.258300477808172
ni_tfnbs,"e=0.8,h=3.0,n=30,start_thres=1.25",hub,0.25,100,25,40,1730,36,0,4,1730,0.9,0.0,1.0,0.0,0.258300477808172
ni_tfnbs,"e=0.8,h=4.0,n=30,start_thres=1.25",hub,0.25,100,25,40,1730,36,0,4,1730,0.9,0.0,1.0,0.0,0.258300477808172
ni_tfnbs,"e=0.8,h=5.0,n=30,start_thres=1.25",hub,0.25,100,25,40,1730,36,0,4,1730,0.9,0.0,1.0,0.0,0.258300477808172
ni_tfnbs,"e=0.8,h=6.0,n=30,start_thres=1.25",hub,0.25,100,25,40,1730,36,0,4,1730,0.9,0.0,1.0,0.0,0.258300477808172
ni_tfnbs,"e=0.8,h=7.0,n=30,start_thres=1.25",hub,0.25,100,25,40,1730,36,0,4,1730,0.9,0.0,1.0,0.0,0.258300477808172
ni_tfnbs,"e=0.8,h=8.0,n=30,start_thres=1.25",hub,0.25,100,25,40,1730,36,0,4,1730,0.9,0.0,1.0,0.0,0.258300477808172
ni_tfnbs,"e=0.8,h=9.0,n=30,start_thres=1.25",hub,0.25,100,25,40,1730,35,0,5,1730,0.875,0.0,1.0,0.0,0.258300477808172
ni_tfnbs,"e=0.8,h=10.0,n=30,start_thres=1.25",hub,0.25,100,25,40,1730,35,0,5,1730,0.875,0.0,1.0,0.0,0.258300477808172
ni_tfnbs,"e=0.9,h=0.5,n=30,start_thres=1.25",hub,0.25,100,25,40,1730,36,1,4,1729,0.9,0.0005780346820809,0.972972972972973,0.027027027027027,0.258300477808172
ni_tfnbs,"e=0.9,h=1.0,n=30,start_thres=1.25",hub,0.25,100,25,40,1730,36,1,4,1729,0.9,0.0005780346820809,0.972972972972973,0.027027027027027,0.258300477808172
ni_tfnbs,"e=0.9,h=2.0,n=30,start_thres=1.25",hub,0.25,100,25,40,1730,36,0,4,1730,0.9,0.0,1.0,0.0,0.258300477808172
ni_tfnbs,"e=0.9,h=3.0,n=30,start_thres=1.25",hub,0.25,100,25,40,1730,36,0,4,1730,0.9,0.0,1.0,0.0,0.258300477808172
ni_tfnbs,"e=0.9,h=4.0,n=30,start_thres=1.25",hub,0.25,100,25,40,1730,36,0,4,1730,0.9,0.0,1.0,0.0,0.258300477808172
ni_tfnbs,"e=0.9,h=5.0,n=30,start_thres=1.25",hub,0.25,100,25,40,1730,36,0,4,1730,0.9,0.0,1.0,0.0,0.258300477808172
ni_tfnbs,"e=0.9,h=6.0,n=30,start_thres=1.25",hub,0.25,100,25,40,1730,36,0,4,1730,0.9,0.0,1.0,0.0,0.258300477808172
ni_tfnbs,"e=0.9,h=7.0,n=30,start_thres=1.25",hub,0.25,100,25,40,1730,36,0,4,1730,0.9,0.0,1.0,0.0,0.258300477808172
ni_tfnbs,"e=0.9,h=8.0,n=30,start_thres=1.25",hub,0.25,100,25,40,1730,36,0,4,1730,0.9,0.0,1.0,0.0,0.258300477808172
ni_tfnbs,"e=0.9,h=9.0,n=30,start_thres=1.25",hub,0.25,100,25,40,1730,36,0,4,1730,0.9,0.0,1.0,0.0,0.258300477808172
ni_tfnbs,"e=0.9,h=10.0,n=30,start_thres=1.25",hub,0.25,100,25,40,1730,36,0,4,1730,0.9,0.0,1.0,0.0,0.258300477808172
ni_tfnbs,"e=1.0,h=0.5,n=30,start_thres=1.25",hub,0.25,100,25,40,1730,36,1,4,1729,0.9,0.0005780346820809,0.972972972972973,0.027027027027027,0.258300477808172
ni_tfnbs,"e=1.0,h=1.0,n=30,start_thres=1.25",hub,0.25,100,25,40,1730,37,1,3,1729,0.925,0.0005780346820809,0.9736842105263158,0.0263157894736842,0.258300477808172
ni_tfnbs,"e=1.0,h=2.0,n=30,start_thres=1.25",hub,0.25,100,25,40,1730,37,1,3,1729,0.925,0.0005780346820809,0.9736842105263158,0.0263157894736842,0.258300477808172
ni_tfnbs,"e=1.0,h=3.0,n=30,start_thres=1.25",hub,0.25,100,25,40,1730,36,0,4,1730,0.9,0.0,1.0,0.0,0.258300477808172
ni_tfnbs,"e=1.0,h=4.0,n=30,start_thres=1.25",hub,0.25,100,25,40,1730,36,0,4,1730,0.9,0.0,1.0,0.0,0.258300477808172
ni_tfnbs,"e=1.0,h=5.0,n=30,start_thres=1.25",hub,0.25,100,25,40,1730,36,0,4,1730,0.9,0.0,1.0,0.0,0.258300477808172
ni_tfnbs,"e=1.0,h=6.0,n=30,start_thres=1.25",hub,0.25,100,25,40,1730,36,0,4,1730,0.9,0.0,1.0,0.0,0.258300477808172
ni_tfnbs,"e=1.0,h=7.0,n=30,start_thres=1.25",hub,0.25,100,25,40,1730,36,0,4,1730,0.9,0.0,1.0,0.0,0.258300477808172
ni_tfnbs,"e=1.0,h=8.0,n=30,start_thres=1.25",hub,0.25,100,25,40,1730,36,0,4,1730,0.9,0.0,1.0,0.0,0.258300477808172
ni_tfnbs,"e=1.0,h=9.0,n=30,start_thres=1.25",hub,0.25,100,25,40,1730,36,0,4,1730,0.9,0.0,1.0,0.0,0.258300477808172
ni_tfnbs,"e=1.0,h=10.0,n=30,start_thres=1.25",hub,0.25,100,25,40,1730,36,0,4,1730,0.9,0.0,1.0,0.0,0.258300477808172
ni_tfnbs,"e=1.1,h=0.5,n=30,start_thres=1.25",hub,0.25,100,25,40,1730,36,1,4,1729,0.9,0.0005780346820809,0.972972972972973,0.027027027027027,0.258300477808172
ni_tfnbs,"e=1.1,h=1.0,n=30,start_thres=1.25",hub,0.25,100,25,40,1730,37,1,3,1729,0.925,0.0005780346820809,0.9736842105263158,0.0263157894736842,0.258300477808172
ni_tfnbs,"e=1.1,h=2.0,n=30,start_thres=1.25",hub,0.25,100,25,40,1730,37,1,3,1729,0.925,0.0005780346820809,0.9736842105263158,0.0263157894736842,0.258300477808172
ni_tfnbs,"e=1.1,h=3.0,n=30,start_thres=1.25",hub,0.25,100,25,40,1730,37,1,3,1729,0.925,0.0005780346820809,0.9736842105263158,0.0263157894736842,0.258300477808172
ni_tfnbs,"e=1.1,h=4.0,n=30,start_thres=1.25",hub,0.25,100,25,40,1730,37,1,3,1729,0.925,0.0005780346820809,0.9736842105263158,0.0263157894736842,0.258300477808172
ni_tfnbs,"e=1.1,h=5.0,n=30,start_thres=1.25",hub,0.25,100,25,40,1730,36,0,4,1730,0.9,0.0,1.0,0.0,0.258300477808172
ni_tfnbs,"e=1.1,h=6.0,n=30,start_thres=1.25",hub,0.25,100,25,40,1730,36,0,4,1730,0.9,0.0,1.0,0.0,0.258300477808172
ni_tfnbs,"e=1.1,h=7.0,n=30,start_thres=1.25",hub,0.25,100,25,40,1730,36,0,4,1730,0.9,0.0,1.0,0.0,0.258300477808172
ni_tfnbs,"e=1.1,h=8.0,n=30,start_thres=1.25",hub,0.25,100,25,40,1730,36,0,4,1730,0.9,0.0,1.0,0.0,0.258300477808172
ni_tfnbs,"e=1.1,h=9.0,n=30,start_thres=1.25",hub,0.25,100,25,40,1730,36,0,4,1730,0.9,0.0,1.0,0.0,0.258300477808172
ni_tfnbs,"e=1.1,h=10.0,n=30,start_thres=1.25",hub,0.25,100,25,40,1730,36,0,4,1730,0.9,0.0,1.0,0.0,0.258300477808172
ni_tfnbs,"e=1.2,h=0.5,n=30,start_thres=1.25",hub,0.25,100,25,40,1730,36,1,4,1729,0.9,0.0005780346820809,0.972972972972973,0.027027027027027,0.258300477808172
ni_tfnbs,"e=1.2,h=1.0,n=30,start_thres=1.25",hub,0.25,100,25,40,1730,37,1,3,1729,0.925,0.0005780346820809,0.9736842105263158,0.0263157894736842,0.258300477808172
ni_tfnbs,"e=1.2,h=2.0,n=30,start_thres=1.25",hub,0.25,100,25,40,1730,37,1,3,1729,0.925,0.0005780346820809,0.9736842105263158,0.0263157894736842,0.258300477808172
ni_tfnbs,"e=1.2,h=3.0,n=30,start_thres=1.25",hub,0.25,100,25,40,1730,37,1,3,1729,0.925,0.0005780346820809,0.9736842105263158,0.0263157894736842,0.258300477808172
ni_tfnbs,"e=1.2,h=4.0,n=30,start_thres=1.25",hub,0.25,100,25,40,1730,37,1,3,1729,0.925,0.0005780346820809,0.9736842105263158,0.0263157894736842,0.258300477808172
ni_tfnbs,"e=1.2,h=5.0,n=30,start_thres=1.25",hub,0.25,100,25,40,1730,36,0,4,1730,0.9,0.0,1.0,0.0,0.258300477808172
ni_tfnbs,"e=1.2,h=6.0,n=30,start_thres=1.25",hub,0.25,100,25,40,1730,36,0,4,1730,0.9,0.0,1.0,0.0,0.258300477808172
ni_tfnbs,"e=1.2,h=7.0,n=30,start_thres=1.25",hub,0.25,100,25,40,1730,36,0,4,1730,0.9,0.0,1.0,0.0,0.258300477808172
ni_tfnbs,"e=1.2,h=8.0,n=30,start_thres=1.25",hub,0.25,100,25,40,1730,36,0,4,1730,0.9,0.0,1.0,0.0,0.258300477808172
ni_tfnbs,"e=1.2,h=9.0,n=30,start_thres=1.25",hub,0.25,100,25,40,1730,36,0,4,1730,0.9,0.0,1.0,0.0,0.258300477808172
ni_tfnbs,"e=1.2,h=10.0,n=30,start_thres=1.25",hub,0.25,100,25,40,1730,36,0,4,1730,0.9,0.0,1.0,0.0,0.258300477808172
ni_tfnbs,"e=1.3,h=0.5,n=30,start_thres=1.25",hub,0.25,100,25,40,1730,36,1,4,1729,0.9,0.0005780346820809,0.972972972972973,0.027027027027027,0.258300477808172
ni_tfnbs,"e=1.3,h=1.0,n=30,start_thres=1.25",hub,0.25,100,25,40,1730,37,1,3,1729,0.925,0.0005780346820809,0.9736842105263158,0.0263157894736842,0.258300477808172
ni_tfnbs,"e=1.3,h=2.0,n=30,start_thres=1.25",hub,0.25,100,25,40,1730,37,1,3,1729,0.925,0.0005780346820809,0.9736842105263158,0.0263157894736842,0.258300477808172
ni_tfnbs,"e=1.3,h=3.0,n=30,start_thres=1.25",hub,0.25,100,25,40,1730,37,1,3,1729,0.925,0.0005780346820809,0.9736842105263158,0.0263157894736842,0.258300477808172
ni_tfnbs,"e=1.3,h=4.0,n=30,start_thres=1.25",hub,0.25,100,25,40,1730,37,1,3,1729,0.925,0.0005780346820809,0.9736842105263158,0.0263157894736842,0.258300477808172
ni_tfnbs,"e=1.3,h=5.0,n=30,start_thres=1.25",hub,0.25,100,25,40,1730,37,1,3,1729,0.925,0.0005780346820809,0.9736842105263158,0.0263157894736842,0.258300477808172
ni_tfnbs,"e=1.3,h=6.0,n=30,start_thres=1.25",hub,0.25,100,25,40,1730,36,0,4,1730,0.9,0.0,1.0,0.0,0.258300477808172
ni_tfnbs,"e=1.3,h=7.0,n=30,start_thres=1.25",hub,0.25,100,25,40,1730,36,0,4,1730,0.9,0.0,1.0,0.0,0.258300477808172
ni_tfnbs,"e=1.3,h=8.0,n=30,start_thres=1.25",hub,0.25,100,25,40,1730,36,0,4,1730,0.9,0.0,1.0,0.0,0.258300477808172
ni_tfnbs,"e=1.3,h=9.0,n=30,start_thres=1.25",hub,0.25,100,25,40,1730,36,0,4,1730,0.9,0.0,1.0,0.0,0.258300477808172
ni_tfnbs,"e=1.3,h=10.0,n=30,start_thres=1.25",hub,0.25,100,25,40,1730,36,0,4,1730,0.9,0.0,1.0,0.0,0.258300477808172
ni_tfnbs,"e=1.4,h=0.5,n=30,start_thres=1.25",hub,0.25,100,25,40,1730,36,1,4,1729,0.9,0.0005780346820809,0.972972972972973,0.027027027027027,0.258300477808172
ni_tfnbs,"e=1.4,h=1.0,n=30,start_thres=1.25",hub,0.25,100,25,40,1730,37,1,3,1729,0.925,0.0005780346820809,0.9736842105263158,0.0263157894736842,0.258300477808172
ni_tfnbs,"e=1.4,h=2.0,n=30,start_thres=1.25",hub,0.25,100,25,40,1730,37,1,3,1729,0.925,0.0005780346820809,0.9736842105263158,0.0263157894736842,0.258300477808172
ni_tfnbs,"e=1.4,h=3.0,n=30,start_thres=1.25",hub,0.25,100,25,40,1730,37,1,3,1729,0.925,0.0005780346820809,0.9736842105263158,0.0263157894736842,0.258300477808172
ni_tfnbs,"e=1.4,h=4.0,n=30,start_thres=1.25",hub,0.25,100,25,40,1730,37,1,3,1729,0.925,0.0005780346820809,0.9736842105263158,0.0263157894736842,0.258300477808172
ni_tfnbs,"e=1.4,h=5.0,n=30,start_thres=1.25",hub,0.25,100,25,40,1730,37,1,3,1729,0.925,0.0005780346820809,0.9736842105263158,0.0263157894736842,0.258300477808172
ni_tfnbs,"e=1.4,h=6.0,n=30,start_thres=1.25",hub,0.25,100,25,40,1730,37,1,3,1729,0.925,0.0005780346820809,0.9736842105263158,0.0263157894736842,0.258300477808172
ni_tfnbs,"e=1.4,h=7.0,n=30,start_thres=1.25",hub,0.25,100,25,40,1730,36,0,4,1730,0.9,0.0,1.0,0.0,0.258300477808172
ni_tfnbs,"e=1.4,h=8.0,n=30,start_thres=1.25",hub,0.25,100,25,40,1730,36,0,4,1730,0.9,0.0,1.0,0.0,0.258300477808172
ni_tfnbs,"e=1.4,h=9.0,n=30,start_thres=1.25",hub,0.25,100,25,40,1730,36,0,4,1730,0.9,0.0,1.0,0.0,0.258300477808172
ni_tfnbs,"e=1.4,h=10.0,n=30,start_thres=1.25",hub,0.25,100,25,40,1730,36,0,4,1730,0.9,0.0,1.0,0.0,0.258300477808172
ni_tfnbs,"e=1.5,h=0.5,n=30,start_thres=1.25",hub,0.25,100,25,40,1730,35,1,5,1729,0.875,0.0005780346820809,0.9722222222222222,0.0277777777777777,0.258300477808172
ni_tfnbs,"e=1.5,h=1.0,n=30,start_thres=1.25",hub,0.25,100,25,40,1730,37,1,3,1729,0.925,0.0005780346820809,0.9736842105263158,0.0263157894736842,0.258300477808172
ni_tfnbs,"e=1.5,h=2.0,n=30,start_thres=1.25",hub,0.25,100,25,40,1730,37,1,3,1729,0.925,0.0005780346820809,0.9736842105263158,0.0263157894736842,0.258300477808172
ni_tfnbs,"e=1.5,h=3.0,n=30,start_thres=1.25",hub,0.25,100,25,40,1730,37,1,3,1729,0.925,0.0005780346820809,0.9736842105263158,0.0263157894736842,0.258300477808172
ni_tfnbs,"e=1.5,h=4.0,n=30,start_thres=1.25",hub,0.25,100,25,40,1730,37,1,3,1729,0.925,0.0005780346820809,0.9736842105263158,0.0263157894736842,0.258300477808172
ni_tfnbs,"e=1.5,h=5.0,n=30,start_thres=1.25",hub,0.25,100,25,40,1730,37,1,3,1729,0.925,0.0005780346820809,0.9736842105263158,0.0263157894736842,0.258300477808172
ni_tfnbs,"e=1.5,h=6.0,n=30,start_thres=1.25",hub,0.25,100,25,40,1730,37,1,3,1729,0.925,0.0005780346820809,0.9736842105263158,0.0263157894736842,0.258300477808172
ni_tfnbs,"e=1.5,h=7.0,n=30,start_thres=1.25",hub,0.25,100,25,40,1730,37,1,3,1729,0.925,0.0005780346820809,0.9736842105263158,0.0263157894736842,0.258300477808172
ni_tfnbs,"e=1.5,h=8.0,n=30,start_thres=1.25",hub,0.25,100,25,40,1730,36,0,4,1730,0.9,0.0,1.0,0.0,0.258300477808172
ni_tfnbs,"e=1.5,h=9.0,n=30,start_thres=1.25",hub,0.25,100,25,40,1730,36,0,4,1730,0.9,0.0,1.0,0.0,0.258300477808172
ni_tfnbs,"e=1.5,h=10.0,n=30,start_thres=1.25",hub,0.25,100,25,40,1730,36,0,4,1730,0.9,0.0,1.0,0.0,0.258300477808172
ni_tfnbs,"e=0.05,h=0.5,n=30,start_thres=1.25",hub,0.25,100,26,40,1730,33,0,7,1730,0.825,0.0,1.0,0.0,0.2545576772906563
ni_tfnbs,"e=0.05,h=1.0,n=30,start_thres=1.25",hub,0.25,100,26,40,1730,33,0,7,1730,0.825,0.0,1.0,0.0,0.2545576772906563
ni_tfnbs,"e=0.05,h=2.0,n=30,start_thres=1.25",hub,0.25,100,26,40,1730,33,0,7,1730,0.825,0.0,1.0,0.0,0.2545576772906563
ni_tfnbs,"e=0.05,h=3.0,n=30,start_thres=1.25",hub,0.25,100,26,40,1730,33,0,7,1730,0.825,0.0,1.0,0.0,0.2545576772906563
ni_tfnbs,"e=0.05,h=4.0,n=30,start_thres=1.25",hub,0.25,100,26,40,1730,33,0,7,1730,0.825,0.0,1.0,0.0,0.2545576772906563
ni_tfnbs,"e=0.05,h=5.0,n=30,start_thres=1.25",hub,0.25,100,26,40,1730,33,0,7,1730,0.825,0.0,1.0,0.0,0.2545576772906563
ni_tfnbs,"e=0.05,h=6.0,n=30,start_thres=1.25",hub,0.25,100,26,40,1730,33,0,7,1730,0.825,0.0,1.0,0.0,0.2545576772906563
ni_tfnbs,"e=0.05,h=7.0,n=30,start_thres=1.25",hub,0.25,100,26,40,1730,33,0,7,1730,0.825,0.0,1.0,0.0,0.2545576772906563
ni_tfnbs,"e=0.05,h=8.0,n=30,start_thres=1.25",hub,0.25,100,26,40,1730,33,0,7,1730,0.825,0.0,1.0,0.0,0.2545576772906563
ni_tfnbs,"e=0.05,h=9.0,n=30,start_thres=1.25",hub,0.25,100,26,40,1730,33,0,7,1730,0.825,0.0,1.0,0.0,0.2545576772906563
ni_tfnbs,"e=0.05,h=10.0,n=30,start_thres=1.25",hub,0.25,100,26,40,1730,33,0,7,1730,0.825,0.0,1.0,0.0,0.2545576772906563
ni_tfnbs,"e=0.1,h=0.5,n=30,start_thres=1.25",hub,0.25,100,26,40,1730,34,0,6,1730,0.85,0.0,1.0,0.0,0.2545576772906563
ni_tfnbs,"e=0.1,h=1.0,n=30,start_thres=1.25",hub,0.25,100,26,40,1730,34,0,6,1730,0.85,0.0,1.0,0.0,0.2545576772906563
ni_tfnbs,"e=0.1,h=2.0,n=30,start_thres=1.25",hub,0.25,100,26,40,1730,34,0,6,1730,0.85,0.0,1.0,0.0,0.2545576772906563
ni_tfnbs,"e=0.1,h=3.0,n=30,start_thres=1.25",hub,0.25,100,26,40,1730,34,0,6,1730,0.85,0.0,1.0,0.0,0.2545576772906563
ni_tfnbs,"e=0.1,h=4.0,n=30,start_thres=1.25",hub,0.25,100,26,40,1730,34,0,6,1730,0.85,0.0,1.0,0.0,0.2545576772906563
ni_tfnbs,"e=0.1,h=5.0,n=30,start_thres=1.25",hub,0.25,100,26,40,1730,34,0,6,1730,0.85,0.0,1.0,0.0,0.2545576772906563
ni_tfnbs,"e=0.1,h=6.0,n=30,start_thres=1.25",hub,0.25,100,26,40,1730,34,0,6,1730,0.85,0.0,1.0,0.0,0.2545576772906563
ni_tfnbs,"e=0.1,h=7.0,n=30,start_thres=1.25",hub,0.25,100,26,40,1730,33,0,7,1730,0.825,0.0,1.0,0.0,0.2545576772906563
ni_tfnbs,"e=0.1,h=8.0,n=30,start_thres=1.25",hub,0.25,100,26,40,1730,33,0,7,1730,0.825,0.0,1.0,0.0,0.2545576772906563
ni_tfnbs,"e=0.1,h=9.0,n=30,start_thres=1.25",hub,0.25,100,26,40,1730,33,0,7,1730,0.825,0.0,1.0,0.0,0.2545576772906563
ni_tfnbs,"e=0.1,h=10.0,n=30,start_thres=1.25",hub,0.25,100,26,40,1730,33,0,7,1730,0.825,0.0,1.0,0.0,0.2545576772906563
ni_tfnbs,"e=0.2,h=0.5,n=30,start_thres=1.25",hub,0.25,100,26,40,1730,35,0,5,1730,0.875,0.0,1.0,0.0,0.2545576772906563
ni_tfnbs,"e=0.2,h=1.0,n=30,start_thres=1.25",hub,0.25,100,26,40,1730,35,0,5,1730,0.875,0.0,1.0,0.0,0.2545576772906563
ni_tfnbs,"e=0.2,h=2.0,n=30,start_thres=1.25",hub,0.25,100,26,40,1730,35,0,5,1730,0.875,0.0,1.0,0.0,0.2545576772906563
ni_tfnbs,"e=0.2,h=3.0,n=30,start_thres=1.25",hub,0.25,100,26,40,1730,34,0,6,1730,0.85,0.0,1.0,0.0,0.2545576772906563
ni_tfnbs,"e=0.2,h=4.0,n=30,start_thres=1.25",hub,0.25,100,26,40,1730,34,0,6,1730,0.85,0.0,1.0,0.0,0.2545576772906563
ni_tfnbs,"e=0.2,h=5.0,n=30,start_thres=1.25",hub,0.25,100,26,40,1730,34,0,6,1730,0.85,0.0,1.0,0.0,0.2545576772906563
ni_tfnbs,"e=0.2,h=6.0,n=30,start_thres=1.25",hub,0.25,100,26,40,1730,34,0,6,1730,0.85,0.0,1.0,0.0,0.2545576772906563
ni_tfnbs,"e=0.2,h=7.0,n=30,start_thres=1.25",hub,0.25,100,26,40,1730,34,0,6,1730,0.85,0.0,1.0,0.0,0.2545576772906563
ni_tfnbs,"e=0.2,h=8.0,n=30,start_thres=1.25",hub,0.25,100,26,40,1730,34,0,6,1730,0.85,0.0,1.0,0.0,0.2545576772906563
ni_tfnbs,"e=0.2,h=9.0,n=30,start_thres=1.25",hub,0.25,100,26,40,1730,34,0,6,1730,0.85,0.0,1.0,0.0,0.2545576772906563
ni_tfnbs,"e=0.2,h=10.0,n=30,start_thres=1.25",hub,0.25,100,26,40,1730,34,0,6,1730,0.85,0.0,1.0,0.0,0.2545576772906563
ni_tfnbs,"e=0.3,h=0.5,n=30,start_thres=1.25",hub,0.25,100,26,40,1730,36,0,4,1730,0.9,0.0,1.0,0.0,0.2545576772906563
ni_tfnbs,"e=0.3,h=1.0,n=30,start_thres=1.25",hub,0.25,100,26,40,1730,36,0,4,1730,0.9,0.0,1.0,0.0,0.2545576772906563
ni_tfnbs,"e=0.3,h=2.0,n=30,start_thres=1.25",hub,0.25,100,26,40,1730,36,0,4,1730,0.9,0.0,1.0,0.0,0.2545576772906563
ni_tfnbs,"e=0.3,h=3.0,n=30,start_thres=1.25",hub,0.25,100,26,40,1730,36,0,4,1730,0.9,0.0,1.0,0.0,0.2545576772906563
ni_tfnbs,"e=0.3,h=4.0,n=30,start_thres=1.25",hub,0.25,100,26,40,1730,35,0,5,1730,0.875,0.0,1.0,0.0,0.2545576772906563
ni_tfnbs,"e=0.3,h=5.0,n=30,start_thres=1.25",hub,0.25,100,26,40,1730,34,0,6,1730,0.85,0.0,1.0,0.0,0.2545576772906563
ni_tfnbs,"e=0.3,h=6.0,n=30,start_thres=1.25",hub,0.25,100,26,40,1730,34,0,6,1730,0.85,0.0,1.0,0.0,0.2545576772906563
ni_tfnbs,"e=0.3,h=7.0,n=30,start_thres=1.25",hub,0.25,100,26,40,1730,34,0,6,1730,0.85,0.0,1.0,0.0,0.2545576772906563
ni_tfnbs,"e=0.3,h=8.0,n=30,start_thres=1.25",hub,0.25,100,26,40,1730,34,0,6,1730,0.85,0.0,1.0,0.0,0.2545576772906563
ni_tfnbs,"e=0.3,h=9.0,n=30,start_thres=1.25",hub,0.25,100,26,40,1730,34,0,6,1730,0.85,0.0,1.0,0.0,0.2545576772906563
ni_tfnbs,"e=0.3,h=10.0,n=30,start_thres=1.25",hub,0.25,100,26,40,1730,34,0,6,1730,0.85,0.0,1.0,0.0,0.2545576772906563
ni_tfnbs,"e=0.4,h=0.5,n=30,start_thres=1.25",hub,0.25,100,26,40,1730,36,0,4,1730,0.9,0.0,1.0,0.0,0.2545576772906563
ni_tfnbs,"e=0.4,h=1.0,n=30,start_thres=1.25",hub,0.25,100,26,40,1730,36,0,4,1730,0.9,0.0,1.0,0.0,0.2545576772906563
ni_tfnbs,"e=0.4,h=2.0,n=30,start_thres=1.25",hub,0.25,100,26,40,1730,36,0,4,1730,0.9,0.0,1.0,0.0,0.2545576772906563
ni_tfnbs,"e=0.4,h=3.0,n=30,start_thres=1.25",hub,0.25,100,26,40,1730,36,0,4,1730,0.9,0.0,1.0,0.0,0.2545576772906563
ni_tfnbs,"e=0.4,h=4.0,n=30,start_thres=1.25",hub,0.25,100,26,40,1730,36,0,4,1730,0.9,0.0,1.0,0.0,0.2545576772906563
ni_tfnbs,"e=0.4,h=5.0,n=30,start_thres=1.25",hub,0.25,100,26,40,1730,36,0,4,1730,0.9,0.0,1.0,0.0,0.2545576772906563
ni_tfnbs,"e=0.4,h=6.0,n=30,start_thres=1.25",hub,0.25,100,26,40,1730,36,0,4,1730,0.9,0.0,1.0,0.0,0.2545576772906563
ni_tfnbs,"e=0.4,h=7.0,n=30,start_thres=1.25",hub,0.25,100,26,40,1730,35,0,5,1730,0.875,0.0,1.0,0.0,0.2545576772906563
ni_tfnbs,"e=0.4,h=8.0,n=30,start_thres=1.25",hub,0.25,100,26,40,1730,34,0,6,1730,0.85,0.0,1.0,0.0,0.2545576772906563
ni_tfnbs,"e=0.4,h=9.0,n=30,start_thres=1.25",hub,0.25,100,26,40,1730,34,0,6,1730,0.85,0.0,1.0,0.0,0.2545576772906563
ni_tfnbs,"e=0.4,h=10.0,n=30,start_thres=1.25",hub,0.25,100,26,40,1730,34,0,6,1730,0.85,0.0,1.0,0.0,0.2545576772906563
ni_tfnbs,"e=0.5,h=0.5,n=30,start_thres=1.25",hub,0.25,100,26,40,1730,37,0,3,1730,0.925,0.0,1.0,0.0,0.2545576772906563
ni_tfnbs,"e=0.5,h=1.0,n=30,start_thres=1.25",hub,0.25,100,26,40,1730,37,0,3,1730,0.925,0.0,1.0,0.0,0.2545576772906563
ni_tfnbs,"e=0.5,h=2.0,n=30,start_thres=1.25",hub,0.25,100,26,40,1730,37,0,3,1730,0.925,0.0,1.0,0.0,0.2545576772906563
ni_tfnbs,"e=0.5,h=3.0,n=30,start_thres=1.25",hub,0.25,100,26,40,1730,36,0,4,1730,0.9,0.0,1.0,0.0,0.2545576772906563
ni_tfnbs,"e=0.5,h=4.0,n=30,start_thres=1.25",hub,0.25,100,26,40,1730,36,0,4,1730,0.9,0.0,1.0,0.0,0.2545576772906563
ni_tfnbs,"e=0.5,h=5.0,n=30,start_thres=1.25",hub,0.25,100,26,40,1730,36,0,4,1730,0.9,0.0,1.0,0.0,0.2545576772906563
ni_tfnbs,"e=0.5,h=6.0,n=30,start_thres=1.25",hub,0.25,100,26,40,1730,36,0,4,1730,0.9,0.0,1.0,0.0,0.2545576772906563
ni_tfnbs,"e=0.5,h=7.0,n=30,start_thres=1.25",hub,0.25,100,26,40,1730,36,0,4,1730,0.9,0.0,1.0,0.0,0.2545576772906563
ni_tfnbs,"e=0.5,h=8.0,n=30,start_thres=1.25",hub,0.25,100,26,40,1730,36,0,4,1730,0.9,0.0,1.0,0.0,0.2545576772906563
ni_tfnbs,"e=0.5,h=9.0,n=30,start_thres=1.25",hub,0.25,100,26,40,1730,35,0,5,1730,0.875,0.0,1.0,0.0,0.2545576772906563
ni_tfnbs,"e=0.5,h=10.0,n=30,start_thres=1.25",hub,0.25,100,26,40,1730,34,0,6,1730,0.85,0.0,1.0,0.0,0.2545576772906563
ni_tfnbs,"e=0.6,h=0.5,n=30,start_thres=1.25",hub,0.25,100,26,40,1730,37,0,3,1730,0.925,0.0,1.0,0.0,0.2545576772906563
ni_tfnbs,"e=0.6,h=1.0,n=30,start_thres=1.25",hub,0.25,100,26,40,1730,37,0,3,1730,0.925,0.0,1.0,0.0,0.2545576772906563
ni_tfnbs,"e=0.6,h=2.0,n=30,start_thres=1.25",hub,0.25,100,26,40,1730,37,0,3,1730,0.925,0.0,1.0,0.0,0.2545576772906563
ni_tfnbs,"e=0.6,h=3.0,n=30,start_thres=1.25",hub,0.25,100,26,40,1730,37,0,3,1730,0.925,0.0,1.0,0.0,0.2545576772906563
ni_tfnbs,"e=0.6,h=4.0,n=30,start_thres=1.25",hub,0.25,100,26,40,1730,36,0,4,1730,0.9,0.0,1.0,0.0,0.2545576772906563
ni_tfnbs,"e=0.6,h=5.0,n=30,start_thres=1.25",hub,0.25,100,26,40,1730,36,0,4,1730,0.9,0.0,1.0,0.0,0.2545576772906563
ni_tfnbs,"e=0.6,h=6.0,n=30,start_thres=1.25",hub,0.25,100,26,40,1730,36,0,4,1730,0.9,0.0,1.0,0.0,0.2545576772906563
ni_tfnbs,"e=0.6,h=7.0,n=30,start_thres=1.25",hub,0.25,100,26,40,1730,36,0,4,1730,0.9,0.0,1.0,0.0,0.2545576772906563
ni_tfnbs,"e=0.6,h=8.0,n=30,start_thres=1.25",hub,0.25,100,26,40,1730,36,0,4,1730,0.9,0.0,1.0,0.0,0.2545576772906563
ni_tfnbs,"e=0.6,h=9.0,n=30,start_thres=1.25",hub,0.25,100,26,40,1730,36,0,4,1730,0.9,0.0,1.0,0.0,0.2545576772906563
ni_tfnbs,"e=0.6,h=10.0,n=30,start_thres=1.25",hub,0.25,100,26,40,1730,36,0,4,1730,0.9,0.0,1.0,0.0,0.2545576772906563
ni_tfnbs,"e=0.7,h=0.5,n=30,start_thres=1.25",hub,0.25,100,26,40,1730,37,2,3,1728,0.925,0.0011560693641618,0.9487179487179488,0.0512820512820512,0.2545576772906563
ni_tfnbs,"e=0.7,h=1.0,n=30,start_thres=1.25",hub,0.25,100,26,40,1730,37,2,3,1728,0.925,0.0011560693641618,0.9487179487179488,0.0512820512820512,0.2545576772906563
ni_tfnbs,"e=0.7,h=2.0,n=30,start_thres=1.25",hub,0.25,100,26,40,1730,37,1,3,1729,0.925,0.0005780346820809,0.9736842105263158,0.0263157894736842,0.2545576772906563
ni_tfnbs,"e=0.7,h=3.0,n=30,start_thres=1.25",hub,0.25,100,26,40,1730,37,0,3,1730,0.925,0.0,1.0,0.0,0.2545576772906563
ni_tfnbs,"e=0.7,h=4.0,n=30,start_thres=1.25",hub,0.25,100,26,40,1730,37,0,3,1730,0.925,0.0,1.0,0.0,0.2545576772906563
ni_tfnbs,"e=0.7,h=5.0,n=30,start_thres=1.25",hub,0.25,100,26,40,1730,36,0,4,1730,0.9,0.0,1.0,0.0,0.2545576772906563
ni_tfnbs,"e=0.7,h=6.0,n=30,start_thres=1.25",hub,0.25,100,26,40,1730,36,0,4,1730,0.9,0.0,1.0,0.0,0.2545576772906563
ni_tfnbs,"e=0.7,h=7.0,n=30,start_thres=1.25",hub,0.25,100,26,40,1730,36,0,4,1730,0.9,0.0,1.0,0.0,0.2545576772906563
ni_tfnbs,"e=0.7,h=8.0,n=30,start_thres=1.25",hub,0.25,100,26,40,1730,36,0,4,1730,0.9,0.0,1.0,0.0,0.2545576772906563
ni_tfnbs,"e=0.7,h=9.0,n=30,start_thres=1.25",hub,0.25,100,26,40,1730,36,0,4,1730,0.9,0.0,1.0,0.0,0.2545576772906563
ni_tfnbs,"e=0.7,h=10.0,n=30,start_thres=1.25",hub,0.25,100,26,40,1730,36,0,4,1730,0.9,0.0,1.0,0.0,0.2545576772906563
ni_tfnbs,"e=0.8,h=0.5,n=30,start_thres=1.25",hub,0.25,100,26,40,1730,37,2,3,1728,0.925,0.0011560693641618,0.9487179487179488,0.0512820512820512,0.2545576772906563
ni_tfnbs,"e=0.8,h=1.0,n=30,start_thres=1.25",hub,0.25,100,26,40,1730,37,2,3,1728,0.925,0.0011560693641618,0.9487179487179488,0.0512820512820512,0.2545576772906563
ni_tfnbs,"e=0.8,h=2.0,n=30,start_thres=1.25",hub,0.25,100,26,40,1730,37,2,3,1728,0.925,0.0011560693641618,0.9487179487179488,0.0512820512820512,0.2545576772906563
ni_tfnbs,"e=0.8,h=3.0,n=30,start_thres=1.25",hub,0.25,100,26,40,1730,37,2,3,1728,0.925,0.0011560693641618,0.9487179487179488,0.0512820512820512,0.2545576772906563
ni_tfnbs,"e=0.8,h=4.0,n=30,start_thres=1.25",hub,0.25,100,26,40,1730,37,0,3,1730,0.925,0.0,1.0,0.0,0.2545576772906563
ni_tfnbs,"e=0.8,h=5.0,n=30,start_thres=1.25",hub,0.25,100,26,40,1730,37,0,3,1730,0.925,0.0,1.0,0.0,0.2545576772906563
ni_tfnbs,"e=0.8,h=6.0,n=30,start_thres=1.25",hub,0.25,100,26,40,1730,36,0,4,1730,0.9,0.0,1.0,0.0,0.2545576772906563
ni_tfnbs,"e=0.8,h=7.0,n=30,start_thres=1.25",hub,0.25,100,26,40,1730,36,0,4,1730,0.9,0.0,1.0,0.0,0.2545576772906563
ni_tfnbs,"e=0.8,h=8.0,n=30,start_thres=1.25",hub,0.25,100,26,40,1730,36,0,4,1730,0.9,0.0,1.0,0.0,0.2545576772906563
ni_tfnbs,"e=0.8,h=9.0,n=30,start_thres=1.25",hub,0.25,100,26,40,1730,36,0,4,1730,0.9,0.0,1.0,0.0,0.2545576772906563
ni_tfnbs,"e=0.8,h=10.0,n=30,start_thres=1.25",hub,0.25,100,26,40,1730,36,0,4,1730,0.9,0.0,1.0,0.0,0.2545576772906563
ni_tfnbs,"e=0.9,h=0.5,n=30,start_thres=1.25",hub,0.25,100,26,40,1730,37,2,3,1728,0.925,0.0011560693641618,0.9487179487179488,0.0512820512820512,0.2545576772906563
ni_tfnbs,"e=0.9,h=1.0,n=30,start_thres=1.25",hub,0.25,100,26,40,1730,37,2,3,1728,0.925,0.0011560693641618,0.9487179487179488,0.0512820512820512,0.2545576772906563
ni_tfnbs,"e=0.9,h=2.0,n=30,start_thres=1.25",hub,0.25,100,26,40,1730,37,2,3,1728,0.925,0.0011560693641618,0.9487179487179488,0.0512820512820512,0.2545576772906563
ni_tfnbs,"e=0.9,h=3.0,n=30,start_thres=1.25",hub,0.25,100,26,40,1730,37,2,3,1728,0.925,0.0011560693641618,0.9487179487179488,0.0512820512820512,0.2545576772906563
ni_tfnbs,"e=0.9,h=4.0,n=30,start_thres=1.25",hub,0.25,100,26,40,1730,37,2,3,1728,0.925,0.0011560693641618,0.9487179487179488,0.0512820512820512,0.2545576772906563
ni_tfnbs,"e=0.9,h=5.0,n=30,start_thres=1.25",hub,0.25,100,26,40,1730,37,0,3,1730,0.925,0.0,1.0,0.0,0.2545576772906563
ni_tfnbs,"e=0.9,h=6.0,n=30,start_thres=1.25",hub,0.25,100,26,40,1730,37,0,3,1730,0.925,0.0,1.0,0.0,0.2545576772906563
ni_tfnbs,"e=0.9,h=7.0,n=30,start_thres=1.25",hub,0.25,100,26,40,1730,36,0,4,1730,0.9,0.0,1.0,0.0,0.2545576772906563
ni_tfnbs,"e=0.9,h=8.0,n=30,start_thres=1.25",hub,0.25,100,26,40,1730,36,0,4,1730,0.9,0.0,1.0,0.0,0.2545576772906563
ni_tfnbs,"e=0.9,h=9.0,n=30,start_thres=1.25",hub,0.25,100,26,40,1730,36,0,4,1730,0.9,0.0,1.0,0.0,0.2545576772906563
ni_tfnbs,"e=0.9,h=10.0,n=30,start_thres=1.25",hub,0.25,100,26,40,1730,36,0,4,1730,0.9,0.0,1.0,0.0,0.2545576772906563
ni_tfnbs,"e=1.0,h=0.5,n=30,start_thres=1.25",hub,0.25,100,26,40,1730,38,3,2,1727,0.95,0.0017341040462427,0.926829268292683,0.073170731707317,0.2545576772906563
ni_tfnbs,"e=1.0,h=1.0,n=30,start_thres=1.25",hub,0.25,100,26,40,1730,38,3,2,1727,0.95,0.0017341040462427,0.926829268292683,0.073170731707317,0.2545576772906563
ni_tfnbs,"e=1.0,h=2.0,n=30,start_thres=1.25",hub,0.25,100,26,40,1730,38,3,2,1727,0.95,0.0017341040462427,0.926829268292683,0.073170731707317,0.2545576772906563
ni_tfnbs,"e=1.0,h=3.0,n=30,start_thres=1.25",hub,0.25,100,26,40,1730,37,2,3,1728,0.925,0.0011560693641618,0.9487179487179488,0.0512820512820512,0.2545576772906563
ni_tfnbs,"e=1.0,h=4.0,n=30,start_thres=1.25",hub,0.25,100,26,40,1730,37,2,3,1728,0.925,0.0011560693641618,0.9487179487179488,0.0512820512820512,0.2545576772906563
ni_tfnbs,"e=1.0,h=5.0,n=30,start_thres=1.25",hub,0.25,100,26,40,1730,37,2,3,1728,0.925,0.0011560693641618,0.9487179487179488,0.0512820512820512,0.2545576772906563
ni_tfnbs,"e=1.0,h=6.0,n=30,start_thres=1.25",hub,0.25,100,26,40,1730,37,0,3,1730,0.925,0.0,1.0,0.0,0.2545576772906563
ni_tfnbs,"e=1.0,h=7.0,n=30,start_thres=1.25",hub,0.25,100,26,40,1730,37,0,3,1730,0.925,0.0,1.0,0.0,0.2545576772906563
ni_tfnbs,"e=1.0,h=8.0,n=30,start_thres=1.25",hub,0.25,100,26,40,1730,36,0,4,1730,0.9,0.0,1.0,0.0,0.2545576772906563
ni_tfnbs,"e=1.0,h=9.0,n=30,start_thres=1.25",hub,0.25,100,26,40,1730,36,0,4,1730,0.9,0.0,1.0,0.0,0.2545576772906563
ni_tfnbs,"e=1.0,h=10.0,n=30,start_thres=1.25",hub,0.25,100,26,40,1730,36,0,4,1730,0.9,0.0,1.0,0.0,0.2545576772906563
ni_tfnbs,"e=1.1,h=0.5,n=30,start_thres=1.25",hub,0.25,100,26,40,1730,38,3,2,1727,0.95,0.0017341040462427,0.926829268292683,0.073170731707317,0.2545576772906563
ni_tfnbs,"e=1.1,h=1.0,n=30,start_thres=1.25",hub,0.25,100,26,40,1730,38,4,2,1726,0.95,0.0023121387283236,0.9047619047619048,0.0952380952380952,0.2545576772906563
ni_tfnbs,"e=1.1,h=2.0,n=30,start_thres=1.25",hub,0.25,100,26,40,1730,38,3,2,1727,0.95,0.0017341040462427,0.926829268292683,0.073170731707317,0.2545576772906563
ni_tfnbs,"e=1.1,h=3.0,n=30,start_thres=1.25",hub,0.25,100,26,40,1730,38,3,2,1727,0.95,0.0017341040462427,0.926829268292683,0.073170731707317,0.2545576772906563
ni_tfnbs,"e=1.1,h=4.0,n=30,start_thres=1.25",hub,0.25,100,26,40,1730,37,2,3,1728,0.925,0.0011560693641618,0.9487179487179488,0.0512820512820512,0.2545576772906563
ni_tfnbs,"e=1.1,h=5.0,n=30,start_thres=1.25",hub,0.25,100,26,40,1730,37,2,3,1728,0.925,0.0011560693641618,0.9487179487179488,0.0512820512820512,0.2545576772906563
ni_tfnbs,"e=1.1,h=6.0,n=30,start_thres=1.25",hub,0.25,100,26,40,1730,37,2,3,1728,0.925,0.0011560693641618,0.9487179487179488,0.0512820512820512,0.2545576772906563
ni_tfnbs,"e=1.1,h=7.0,n=30,start_thres=1.25",hub,0.25,100,26,40,1730,37,0,3,1730,0.925,0.0,1.0,0.0,0.2545576772906563
ni_tfnbs,"e=1.1,h=8.0,n=30,start_thres=1.25",hub,0.25,100,26,40,1730,37,0,3,1730,0.925,0.0,1.0,0.0,0.2545576772906563
ni_tfnbs,"e=1.1,h=9.0,n=30,start_thres=1.25",hub,0.25,100,26,40,1730,36,0,4,1730,0.9,0.0,1.0,0.0,0.2545576772906563
ni_tfnbs,"e=1.1,h=10.0,n=30,start_thres=1.25",hub,0.25,100,26,40,1730,36,0,4,1730,0.9,0.0,1.0,0.0,0.2545576772906563
ni_tfnbs,"e=1.2,h=0.5,n=30,start_thres=1.25",hub,0.25,100,26,40,1730,37,4,3,1726,0.925,0.0023121387283236,0.902439024390244,0.0975609756097561,0.2545576772906563
ni_tfnbs,"e=1.2,h=1.0,n=30,start_thres=1.25",hub,0.25,100,26,40,1730,38,4,2,1726,0.95,0.0023121387283236,0.9047619047619048,0.0952380952380952,0.2545576772906563
ni_tfnbs,"e=1.2,h=2.0,n=30,start_thres=1.25",hub,0.25,100,26,40,1730,38,4,2,1726,0.95,0.0023121387283236,0.9047619047619048,0.0952380952380952,0.2545576772906563
ni_tfnbs,"e=1.2,h=3.0,n=30,start_thres=1.25",hub,0.25,100,26,40,1730,38,4,2,1726,0.95,0.0023121387283236,0.9047619047619048,0.0952380952380952,0.2545576772906563
ni_tfnbs,"e=1.2,h=4.0,n=30,start_thres=1.25",hub,0.25,100,26,40,1730,38,3,2,1727,0.95,0.0017341040462427,0.926829268292683,0.073170731707317,0.2545576772906563
ni_tfnbs,"e=1.2,h=5.0,n=30,start_thres=1.25",hub,0.25,100,26,40,1730,37,2,3,1728,0.925,0.0011560693641618,0.9487179487179488,0.0512820512820512,0.2545576772906563
ni_tfnbs,"e=1.2,h=6.0,n=30,start_thres=1.25",hub,0.25,100,26,40,1730,37,2,3,1728,0.925,0.0011560693641618,0.9487179487179488,0.0512820512820512,0.2545576772906563
ni_tfnbs,"e=1.2,h=7.0,n=30,start_thres=1.25",hub,0.25,100,26,40,1730,37,1,3,1729,0.925,0.0005780346820809,0.9736842105263158,0.0263157894736842,0.2545576772906563
ni_tfnbs,"e=1.2,h=8.0,n=30,start_thres=1.25",hub,0.25,100,26,40,1730,37,0,3,1730,0.925,0.0,1.0,0.0,0.2545576772906563
ni_tfnbs,"e=1.2,h=9.0,n=30,start_thres=1.25",hub,0.25,100,26,40,1730,37,0,3,1730,0.925,0.0,1.0,0.0,0.2545576772906563
ni_tfnbs,"e=1.2,h=10.0,n=30,start_thres=1.25",hub,0.25,100,26,40,1730,36,0,4,1730,0.9,0.0,1.0,0.0,0.2545576772906563
ni_tfnbs,"e=1.3,h=0.5,n=30,start_thres=1.25",hub,0.25,100,26,40,1730,37,4,3,1726,0.925,0.0023121387283236,0.902439024390244,0.0975609756097561,0.2545576772906563
ni_tfnbs,"e=1.3,h=1.0,n=30,start_thres=1.25",hub,0.25,100,26,40,1730,38,4,2,1726,0.95,0.0023121387283236,0.9047619047619048,0.0952380952380952,0.2545576772906563
ni_tfnbs,"e=1.3,h=2.0,n=30,start_thres=1.25",hub,0.25,100,26,40,1730,38,4,2,1726,0.95,0.0023121387283236,0.9047619047619048,0.0952380952380952,0.2545576772906563
ni_tfnbs,"e=1.3,h=3.0,n=30,start_thres=1.25",hub,0.25,100,26,40,1730,38,4,2,1726,0.95,0.0023121387283236,0.9047619047619048,0.0952380952380952,0.2545576772906563
ni_tfnbs,"e=1.3,h=4.0,n=30,start_thres=1.25",hub,0.25,100,26,40,1730,38,4,2,1726,0.95,0.0023121387283236,0.9047619047619048,0.0952380952380952,0.2545576772906563
ni_tfnbs,"e=1.3,h=5.0,n=30,start_thres=1.25",hub,0.25,100,26,40,1730,38,3,2,1727,0.95,0.0017341040462427,0.926829268292683,0.073170731707317,0.2545576772906563
ni_tfnbs,"e=1.3,h=6.0,n=30,start_thres=1.25",hub,0.25,100,26,40,1730,37,2,3,1728,0.925,0.0011560693641618,0.9487179487179488,0.0512820512820512,0.2545576772906563
ni_tfnbs,"e=1.3,h=7.0,n=30,start_thres=1.25",hub,0.25,100,26,40,1730,37,2,3,1728,0.925,0.0011560693641618,0.9487179487179488,0.0512820512820512,0.2545576772906563
ni_tfnbs,"e=1.3,h=8.0,n=30,start_thres=1.25",hub,0.25,100,26,40,1730,37,0,3,1730,0.925,0.0,1.0,0.0,0.2545576772906563
ni_tfnbs,"e=1.3,h=9.0,n=30,start_thres=1.25",hub,0.25,100,26,40,1730,37,0,3,1730,0.925,0.0,1.0,0.0,0.2545576772906563
ni_tfnbs,"e=1.3,h=10.0,n=30,start_thres=1.25",hub,0.25,100,26,40,1730,37,0,3,1730,0.925,0.0,1.0,0.0,0.2545576772906563
ni_tfnbs,"e=1.4,h=0.5,n=30,start_thres=1.25",hub,0.25,100,26,40,1730,37,4,3,1726,0.925,0.0023121387283236,0.902439024390244,0.0975609756097561,0.2545576772906563
ni_tfnbs,"e=1.4,h=1.0,n=30,start_thres=1.25",hub,0.25,100,26,40,1730,38,4,2,1726,0.95,0.0023121387283236,0.9047619047619048,0.0952380952380952,0.2545576772906563
ni_tfnbs,"e=1.4,h=2.0,n=30,start_thres=1.25",hub,0.25,100,26,40,1730,38,4,2,1726,0.95,0.0023121387283236,0.9047619047619048,0.0952380952380952,0.2545576772906563
ni_tfnbs,"e=1.4,h=3.0,n=30,start_thres=1.25",hub,0.25,100,26,40,1730,38,4,2,1726,0.95,0.0023121387283236,0.9047619047619048,0.0952380952380952,0.2545576772906563
ni_tfnbs,"e=1.4,h=4.0,n=30,start_thres=1.25",hub,0.25,100,26,40,1730,38,4,2,1726,0.95,0.0023121387283236,0.9047619047619048,0.0952380952380952,0.2545576772906563
ni_tfnbs,"e=1.4,h=5.0,n=30,start_thres=1.25",hub,0.25,100,26,40,1730,38,4,2,1726,0.95,0.0023121387283236,0.9047619047619048,0.0952380952380952,0.2545576772906563
ni_tfnbs,"e=1.4,h=6.0,n=30,start_thres=1.25",hub,0.25,100,26,40,1730,37,2,3,1728,0.925,0.0011560693641618,0.9487179487179488,0.0512820512820512,0.2545576772906563
ni_tfnbs,"e=1.4,h=7.0,n=30,start_thres=1.25",hub,0.25,100,26,40,1730,37,2,3,1728,0.925,0.0011560693641618,0.9487179487179488,0.0512820512820512,0.2545576772906563
ni_tfnbs,"e=1.4,h=8.0,n=30,start_thres=1.25",hub,0.25,100,26,40,1730,37,2,3,1728,0.925,0.0011560693641618,0.9487179487179488,0.0512820512820512,0.2545576772906563
ni_tfnbs,"e=1.4,h=9.0,n=30,start_thres=1.25",hub,0.25,100,26,40,1730,37,0,3,1730,0.925,0.0,1.0,0.0,0.2545576772906563
ni_tfnbs,"e=1.4,h=10.0,n=30,start_thres=1.25",hub,0.25,100,26,40,1730,37,0,3,1730,0.925,0.0,1.0,0.0,0.2545576772906563
ni_tfnbs,"e=1.5,h=0.5,n=30,start_thres=1.25",hub,0.25,100,26,40,1730,37,4,3,1726,0.925,0.0023121387283236,0.902439024390244,0.0975609756097561,0.2545576772906563
ni_tfnbs,"e=1.5,h=1.0,n=30,start_thres=1.25",hub,0.25,100,26,40,1730,37,4,3,1726,0.925,0.0023121387283236,0.902439024390244,0.0975609756097561,0.2545576772906563
ni_tfnbs,"e=1.5,h=2.0,n=30,start_thres=1.25",hub,0.25,100,26,40,1730,38,4,2,1726,0.95,0.0023121387283236,0.9047619047619048,0.0952380952380952,0.2545576772906563
ni_tfnbs,"e=1.5,h=3.0,n=30,start_thres=1.25",hub,0.25,100,26,40,1730,38,4,2,1726,0.95,0.0023121387283236,0.9047619047619048,0.0952380952380952,0.2545576772906563
ni_tfnbs,"e=1.5,h=4.0,n=30,start_thres=1.25",hub,0.25,100,26,40,1730,38,4,2,1726,0.95,0.0023121387283236,0.9047619047619048,0.0952380952380952,0.2545576772906563
ni_tfnbs,"e=1.5,h=5.0,n=30,start_thres=1.25",hub,0.25,100,26,40,1730,38,4,2,1726,0.95,0.0023121387283236,0.9047619047619048,0.0952380952380952,0.2545576772906563
ni_tfnbs,"e=1.5,h=6.0,n=30,start_thres=1.25",hub,0.25,100,26,40,1730,38,4,2,1726,0.95,0.0023121387283236,0.9047619047619048,0.0952380952380952,0.2545576772906563
ni_tfnbs,"e=1.5,h=7.0,n=30,start_thres=1.25",hub,0.25,100,26,40,1730,37,2,3,1728,0.925,0.0011560693641618,0.9487179487179488,0.0512820512820512,0.2545576772906563
ni_tfnbs,"e=1.5,h=8.0,n=30,start_thres=1.25",hub,0.25,100,26,40,1730,37,2,3,1728,0.925,0.0011560693641618,0.9487179487179488,0.0512820512820512,0.2545576772906563
ni_tfnbs,"e=1.5,h=9.0,n=30,start_thres=1.25",hub,0.25,100,26,40,1730,37,2,3,1728,0.925,0.0011560693641618,0.9487179487179488,0.0512820512820512,0.2545576772906563
ni_tfnbs,"e=1.5,h=10.0,n=30,start_thres=1.25",hub,0.25,100,26,40,1730,37,0,3,1730,0.925,0.0,1.0,0.0,0.2545576772906563
ni_tfnbs,"e=0.05,h=0.5,n=30,start_thres=1.25",hub,0.25,100,27,40,1730,27,0,13,1730,0.675,0.0,1.0,0.0,0.2581571760502728
ni_tfnbs,"e=0.05,h=1.0,n=30,start_thres=1.25",hub,0.25,100,27,40,1730,27,0,13,1730,0.675,0.0,1.0,0.0,0.2581571760502728
ni_tfnbs,"e=0.05,h=2.0,n=30,start_thres=1.25",hub,0.25,100,27,40,1730,27,0,13,1730,0.675,0.0,1.0,0.0,0.2581571760502728
ni_tfnbs,"e=0.05,h=3.0,n=30,start_thres=1.25",hub,0.25,100,27,40,1730,27,0,13,1730,0.675,0.0,1.0,0.0,0.2581571760502728
ni_tfnbs,"e=0.05,h=4.0,n=30,start_thres=1.25",hub,0.25,100,27,40,1730,27,0,13,1730,0.675,0.0,1.0,0.0,0.2581571760502728
ni_tfnbs,"e=0.05,h=5.0,n=30,start_thres=1.25",hub,0.25,100,27,40,1730,27,0,13,1730,0.675,0.0,1.0,0.0,0.2581571760502728
ni_tfnbs,"e=0.05,h=6.0,n=30,start_thres=1.25",hub,0.25,100,27,40,1730,27,0,13,1730,0.675,0.0,1.0,0.0,0.2581571760502728
ni_tfnbs,"e=0.05,h=7.0,n=30,start_thres=1.25",hub,0.25,100,27,40,1730,27,0,13,1730,0.675,0.0,1.0,0.0,0.2581571760502728
ni_tfnbs,"e=0.05,h=8.0,n=30,start_thres=1.25",hub,0.25,100,27,40,1730,27,0,13,1730,0.675,0.0,1.0,0.0,0.2581571760502728
ni_tfnbs,"e=0.05,h=9.0,n=30,start_thres=1.25",hub,0.25,100,27,40,1730,27,0,13,1730,0.675,0.0,1.0,0.0,0.2581571760502728
ni_tfnbs,"e=0.05,h=10.0,n=30,start_thres=1.25",hub,0.25,100,27,40,1730,27,0,13,1730,0.675,0.0,1.0,0.0,0.2581571760502728
ni_tfnbs,"e=0.1,h=0.5,n=30,start_thres=1.25",hub,0.25,100,27,40,1730,27,0,13,1730,0.675,0.0,1.0,0.0,0.2581571760502728
ni_tfnbs,"e=0.1,h=1.0,n=30,start_thres=1.25",hub,0.25,100,27,40,1730,27,0,13,1730,0.675,0.0,1.0,0.0,0.2581571760502728
ni_tfnbs,"e=0.1,h=2.0,n=30,start_thres=1.25",hub,0.25,100,27,40,1730,27,0,13,1730,0.675,0.0,1.0,0.0,0.2581571760502728
ni_tfnbs,"e=0.1,h=3.0,n=30,start_thres=1.25",hub,0.25,100,27,40,1730,27,0,13,1730,0.675,0.0,1.0,0.0,0.2581571760502728
ni_tfnbs,"e=0.1,h=4.0,n=30,start_thres=1.25",hub,0.25,100,27,40,1730,27,0,13,1730,0.675,0.0,1.0,0.0,0.2581571760502728
ni_tfnbs,"e=0.1,h=5.0,n=30,start_thres=1.25",hub,0.25,100,27,40,1730,27,0,13,1730,0.675,0.0,1.0,0.0,0.2581571760502728
ni_tfnbs,"e=0.1,h=6.0,n=30,start_thres=1.25",hub,0.25,100,27,40,1730,27,0,13,1730,0.675,0.0,1.0,0.0,0.2581571760502728
ni_tfnbs,"e=0.1,h=7.0,n=30,start_thres=1.25",hub,0.25,100,27,40,1730,27,0,13,1730,0.675,0.0,1.0,0.0,0.2581571760502728
ni_tfnbs,"e=0.1,h=8.0,n=30,start_thres=1.25",hub,0.25,100,27,40,1730,27,0,13,1730,0.675,0.0,1.0,0.0,0.2581571760502728
ni_tfnbs,"e=0.1,h=9.0,n=30,start_thres=1.25",hub,0.25,100,27,40,1730,27,0,13,1730,0.675,0.0,1.0,0.0,0.2581571760502728
ni_tfnbs,"e=0.1,h=10.0,n=30,start_thres=1.25",hub,0.25,100,27,40,1730,27,0,13,1730,0.675,0.0,1.0,0.0,0.2581571760502728
ni_tfnbs,"e=0.2,h=0.5,n=30,start_thres=1.25",hub,0.25,100,27,40,1730,30,1,10,1729,0.75,0.0005780346820809,0.967741935483871,0.032258064516129,0.2581571760502728
ni_tfnbs,"e=0.2,h=1.0,n=30,start_thres=1.25",hub,0.25,100,27,40,1730,30,1,10,1729,0.75,0.0005780346820809,0.967741935483871,0.032258064516129,0.2581571760502728
ni_tfnbs,"e=0.2,h=2.0,n=30,start_thres=1.25",hub,0.25,100,27,40,1730,29,1,11,1729,0.725,0.0005780346820809,0.9666666666666668,0.0333333333333333,0.2581571760502728
ni_tfnbs,"e=0.2,h=3.0,n=30,start_thres=1.25",hub,0.25,100,27,40,1730,28,1,12,1729,0.7,0.0005780346820809,0.9655172413793104,0.0344827586206896,0.2581571760502728
ni_tfnbs,"e=0.2,h=4.0,n=30,start_thres=1.25",hub,0.25,100,27,40,1730,28,1,12,1729,0.7,0.0005780346820809,0.9655172413793104,0.0344827586206896,0.2581571760502728
ni_tfnbs,"e=0.2,h=5.0,n=30,start_thres=1.25",hub,0.25,100,27,40,1730,28,1,12,1729,0.7,0.0005780346820809,0.9655172413793104,0.0344827586206896,0.2581571760502728
ni_tfnbs,"e=0.2,h=6.0,n=30,start_thres=1.25",hub,0.25,100,27,40,1730,27,0,13,1730,0.675,0.0,1.0,0.0,0.2581571760502728
ni_tfnbs,"e=0.2,h=7.0,n=30,start_thres=1.25",hub,0.25,100,27,40,1730,27,0,13,1730,0.675,0.0,1.0,0.0,0.2581571760502728
ni_tfnbs,"e=0.2,h=8.0,n=30,start_thres=1.25",hub,0.25,100,27,40,1730,27,0,13,1730,0.675,0.0,1.0,0.0,0.2581571760502728
ni_tfnbs,"e=0.2,h=9.0,n=30,start_thres=1.25",hub,0.25,100,27,40,1730,27,0,13,1730,0.675,0.0,1.0,0.0,0.2581571760502728
ni_tfnbs,"e=0.2,h=10.0,n=30,start_thres=1.25",hub,0.25,100,27,40,1730,27,0,13,1730,0.675,0.0,1.0,0.0,0.2581571760502728
ni_tfnbs,"e=0.3,h=0.5,n=30,start_thres=1.25",hub,0.25,100,27,40,1730,30,1,10,1729,0.75,0.0005780346820809,0.967741935483871,0.032258064516129,0.2581571760502728
ni_tfnbs,"e=0.3,h=1.0,n=30,start_thres=1.25",hub,0.25,100,27,40,1730,30,1,10,1729,0.75,0.0005780346820809,0.967741935483871,0.032258064516129,0.2581571760502728
ni_tfnbs,"e=0.3,h=2.0,n=30,start_thres=1.25",hub,0.25,100,27,40,1730,30,1,10,1729,0.75,0.0005780346820809,0.967741935483871,0.032258064516129,0.2581571760502728
ni_tfnbs,"e=0.3,h=3.0,n=30,start_thres=1.25",hub,0.25,100,27,40,1730,30,1,10,1729,0.75,0.0005780346820809,0.967741935483871,0.032258064516129,0.2581571760502728
ni_tfnbs,"e=0.3,h=4.0,n=30,start_thres=1.25",hub,0.25,100,27,40,1730,30,1,10,1729,0.75,0.0005780346820809,0.967741935483871,0.032258064516129,0.2581571760502728
ni_tfnbs,"e=0.3,h=5.0,n=30,start_thres=1.25",hub,0.25,100,27,40,1730,29,1,11,1729,0.725,0.0005780346820809,0.9666666666666668,0.0333333333333333,0.2581571760502728
ni_tfnbs,"e=0.3,h=6.0,n=30,start_thres=1.25",hub,0.25,100,27,40,1730,28,1,12,1729,0.7,0.0005780346820809,0.9655172413793104,0.0344827586206896,0.2581571760502728
ni_tfnbs,"e=0.3,h=7.0,n=30,start_thres=1.25",hub,0.25,100,27,40,1730,28,1,12,1729,0.7,0.0005780346820809,0.9655172413793104,0.0344827586206896,0.2581571760502728
ni_tfnbs,"e=0.3,h=8.0,n=30,start_thres=1.25",hub,0.25,100,27,40,1730,28,1,12,1729,0.7,0.0005780346820809,0.9655172413793104,0.0344827586206896,0.2581571760502728
ni_tfnbs,"e=0.3,h=9.0,n=30,start_thres=1.25",hub,0.25,100,27,40,1730,28,1,12,1729,0.7,0.0005780346820809,0.9655172413793104,0.0344827586206896,0.2581571760502728
ni_tfnbs,"e=0.3,h=10.0,n=30,start_thres=1.25",hub,0.25,100,27,40,1730,27,0,13,1730,0.675,0.0,1.0,0.0,0.2581571760502728
ni_tfnbs,"e=0.4,h=0.5,n=30,start_thres=1.25",hub,0.25,100,27,40,1730,31,1,9,1729,0.775,0.0005780346820809,0.96875,0.03125,0.2581571760502728
ni_tfnbs,"e=0.4,h=1.0,n=30,start_thres=1.25",hub,0.25,100,27,40,1730,31,1,9,1729,0.775,0.0005780346820809,0.96875,0.03125,0.2581571760502728
ni_tfnbs,"e=0.4,h=2.0,n=30,start_thres=1.25",hub,0.25,100,27,40,1730,31,1,9,1729,0.775,0.0005780346820809,0.96875,0.03125,0.2581571760502728
ni_tfnbs,"e=0.4,h=3.0,n=30,start_thres=1.25",hub,0.25,100,27,40,1730,30,1,10,1729,0.75,0.0005780346820809,0.967741935483871,0.032258064516129,0.2581571760502728
ni_tfnbs,"e=0.4,h=4.0,n=30,start_thres=1.25",hub,0.25,100,27,40,1730,30,1,10,1729,0.75,0.0005780346820809,0.967741935483871,0.032258064516129,0.2581571760502728
ni_tfnbs,"e=0.4,h=5.0,n=30,start_thres=1.25",hub,0.25,100,27,40,1730,30,1,10,1729,0.75,0.0005780346820809,0.967741935483871,0.032258064516129,0.2581571760502728
ni_tfnbs,"e=0.4,h=6.0,n=30,start_thres=1.25",hub,0.25,100,27,40,1730,30,1,10,1729,0.75,0.0005780346820809,0.967741935483871,0.032258064516129,0.2581571760502728
ni_tfnbs,"e=0.4,h=7.0,n=30,start_thres=1.25",hub,0.25,100,27,40,1730,30,1,10,1729,0.75,0.0005780346820809,0.967741935483871,0.032258064516129,0.2581571760502728
ni_tfnbs,"e=0.4,h=8.0,n=30,start_thres=1.25",hub,0.25,100,27,40,1730,29,1,11,1729,0.725,0.0005780346820809,0.9666666666666668,0.0333333333333333,0.2581571760502728
ni_tfnbs,"e=0.4,h=9.0,n=30,start_thres=1.25",hub,0.25,100,27,40,1730,28,1,12,1729,0.7,0.0005780346820809,0.9655172413793104,0.0344827586206896,0.2581571760502728
ni_tfnbs,"e=0.4,h=10.0,n=30,start_thres=1.25",hub,0.25,100,27,40,1730,28,1,12,1729,0.7,0.0005780346820809,0.9655172413793104,0.0344827586206896,0.2581571760502728
ni_tfnbs,"e=0.5,h=0.5,n=30,start_thres=1.25",hub,0.25,100,27,40,1730,32,1,8,1729,0.8,0.0005780346820809,0.9696969696969696,0.0303030303030303,0.2581571760502728
ni_tfnbs,"e=0.5,h=1.0,n=30,start_thres=1.25",hub,0.25,100,27,40,1730,32,1,8,1729,0.8,0.0005780346820809,0.9696969696969696,0.0303030303030303,0.2581571760502728
ni_tfnbs,"e=0.5,h=2.0,n=30,start_thres=1.25",hub,0.25,100,27,40,1730,32,1,8,1729,0.8,0.0005780346820809,0.9696969696969696,0.0303030303030303,0.2581571760502728
ni_tfnbs,"e=0.5,h=3.0,n=30,start_thres=1.25",hub,0.25,100,27,40,1730,31,1,9,1729,0.775,0.0005780346820809,0.96875,0.03125,0.2581571760502728
ni_tfnbs,"e=0.5,h=4.0,n=30,start_thres=1.25",hub,0.25,100,27,40,1730,30,1,10,1729,0.75,0.0005780346820809,0.967741935483871,0.032258064516129,0.2581571760502728
ni_tfnbs,"e=0.5,h=5.0,n=30,start_thres=1.25",hub,0.25,100,27,40,1730,30,1,10,1729,0.75,0.0005780346820809,0.967741935483871,0.032258064516129,0.2581571760502728
ni_tfnbs,"e=0.5,h=6.0,n=30,start_thres=1.25",hub,0.25,100,27,40,1730,30,1,10,1729,0.75,0.0005780346820809,0.967741935483871,0.032258064516129,0.2581571760502728
ni_tfnbs,"e=0.5,h=7.0,n=30,start_thres=1.25",hub,0.25,100,27,40,1730,30,1,10,1729,0.75,0.0005780346820809,0.967741935483871,0.032258064516129,0.2581571760502728
ni_tfnbs,"e=0.5,h=8.0,n=30,start_thres=1.25",hub,0.25,100,27,40,1730,30,1,10,1729,0.75,0.0005780346820809,0.967741935483871,0.032258064516129,0.2581571760502728
ni_tfnbs,"e=0.5,h=9.0,n=30,start_thres=1.25",hub,0.25,100,27,40,1730,30,1,10,1729,0.75,0.0005780346820809,0.967741935483871,0.032258064516129,0.2581571760502728
ni_tfnbs,"e=0.5,h=10.0,n=30,start_thres=1.25",hub,0.25,100,27,40,1730,30,1,10,1729,0.75,0.0005780346820809,0.967741935483871,0.032258064516129,0.2581571760502728
ni_tfnbs,"e=0.6,h=0.5,n=30,start_thres=1.25",hub,0.25,100,27,40,1730,32,1,8,1729,0.8,0.0005780346820809,0.9696969696969696,0.0303030303030303,0.2581571760502728
ni_tfnbs,"e=0.6,h=1.0,n=30,start_thres=1.25",hub,0.25,100,27,40,1730,32,1,8,1729,0.8,0.0005780346820809,0.9696969696969696,0.0303030303030303,0.2581571760502728
ni_tfnbs,"e=0.6,h=2.0,n=30,start_thres=1.25",hub,0.25,100,27,40,1730,32,1,8,1729,0.8,0.0005780346820809,0.9696969696969696,0.0303030303030303,0.2581571760502728
ni_tfnbs,"e=0.6,h=3.0,n=30,start_thres=1.25",hub,0.25,100,27,40,1730,32,1,8,1729,0.8,0.0005780346820809,0.9696969696969696,0.0303030303030303,0.2581571760502728
ni_tfnbs,"e=0.6,h=4.0,n=30,start_thres=1.25",hub,0.25,100,27,40,1730,31,1,9,1729,0.775,0.0005780346820809,0.96875,0.03125,0.2581571760502728
ni_tfnbs,"e=0.6,h=5.0,n=30,start_thres=1.25",hub,0.25,100,27,40,1730,31,1,9,1729,0.775,0.0005780346820809,0.96875,0.03125,0.2581571760502728
ni_tfnbs,"e=0.6,h=6.0,n=30,start_thres=1.25",hub,0.25,100,27,40,1730,30,1,10,1729,0.75,0.0005780346820809,0.967741935483871,0.032258064516129,0.2581571760502728
ni_tfnbs,"e=0.6,h=7.0,n=30,start_thres=1.25",hub,0.25,100,27,40,1730,30,1,10,1729,0.75,0.0005780346820809,0.967741935483871,0.032258064516129,0.2581571760502728
ni_tfnbs,"e=0.6,h=8.0,n=30,start_thres=1.25",hub,0.25,100,27,40,1730,30,1,10,1729,0.75,0.0005780346820809,0.967741935483871,0.032258064516129,0.2581571760502728
ni_tfnbs,"e=0.6,h=9.0,n=30,start_thres=1.25",hub,0.25,100,27,40,1730,30,1,10,1729,0.75,0.0005780346820809,0.967741935483871,0.032258064516129,0.2581571760502728
ni_tfnbs,"e=0.6,h=10.0,n=30,start_thres=1.25",hub,0.25,100,27,40,1730,30,1,10,1729,0.75,0.0005780346820809,0.967741935483871,0.032258064516129,0.2581571760502728
ni_tfnbs,"e=0.7,h=0.5,n=30,start_thres=1.25",hub,0.25,100,27,40,1730,32,1,8,1729,0.8,0.0005780346820809,0.9696969696969696,0.0303030303030303,0.2581571760502728
ni_tfnbs,"e=0.7,h=1.0,n=30,start_thres=1.25",hub,0.25,100,27,40,1730,32,2,8,1728,0.8,0.0011560693641618,0.9411764705882352,0.0588235294117647,0.2581571760502728
ni_tfnbs,"e=0.7,h=2.0,n=30,start_thres=1.25",hub,0.25,100,27,40,1730,32,1,8,1729,0.8,0.0005780346820809,0.9696969696969696,0.0303030303030303,0.2581571760502728
ni_tfnbs,"e=0.7,h=3.0,n=30,start_thres=1.25",hub,0.25,100,27,40,1730,32,1,8,1729,0.8,0.0005780346820809,0.9696969696969696,0.0303030303030303,0.2581571760502728
ni_tfnbs,"e=0.7,h=4.0,n=30,start_thres=1.25",hub,0.25,100,27,40,1730,32,1,8,1729,0.8,0.0005780346820809,0.9696969696969696,0.0303030303030303,0.2581571760502728
ni_tfnbs,"e=0.7,h=5.0,n=30,start_thres=1.25",hub,0.25,100,27,40,1730,32,1,8,1729,0.8,0.0005780346820809,0.9696969696969696,0.0303030303030303,0.2581571760502728
ni_tfnbs,"e=0.7,h=6.0,n=30,start_thres=1.25",hub,0.25,100,27,40,1730,31,1,9,1729,0.775,0.0005780346820809,0.96875,0.03125,0.2581571760502728
ni_tfnbs,"e=0.7,h=7.0,n=30,start_thres=1.25",hub,0.25,100,27,40,1730,30,1,10,1729,0.75,0.0005780346820809,0.967741935483871,0.032258064516129,0.2581571760502728
ni_tfnbs,"e=0.7,h=8.0,n=30,start_thres=1.25",hub,0.25,100,27,40,1730,30,1,10,1729,0.75,0.0005780346820809,0.967741935483871,0.032258064516129,0.2581571760502728
ni_tfnbs,"e=0.7,h=9.0,n=30,start_thres=1.25",hub,0.25,100,27,40,1730,30,1,10,1729,0.75,0.0005780346820809,0.967741935483871,0.032258064516129,0.2581571760502728
ni_tfnbs,"e=0.7,h=10.0,n=30,start_thres=1.25",hub,0.25,100,27,40,1730,30,1,10,1729,0.75,0.0005780346820809,0.967741935483871,0.032258064516129,0.2581571760502728
ni_tfnbs,"e=0.8,h=0.5,n=30,start_thres=1.25",hub,0.25,100,27,40,1730,32,2,8,1728,0.8,0.0011560693641618,0.9411764705882352,0.0588235294117647,0.2581571760502728
ni_tfnbs,"e=0.8,h=1.0,n=30,start_thres=1.25",hub,0.25,100,27,40,1730,32,2,8,1728,0.8,0.0011560693641618,0.9411764705882352,0.0588235294117647,0.2581571760502728
ni_tfnbs,"e=0.8,h=2.0,n=30,start_thres=1.25",hub,0.25,100,27,40,1730,32,2,8,1728,0.8,0.0011560693641618,0.9411764705882352,0.0588235294117647,0.2581571760502728
ni_tfnbs,"e=0.8,h=3.0,n=30,start_thres=1.25",hub,0.25,100,27,40,1730,32,1,8,1729,0.8,0.0005780346820809,0.9696969696969696,0.0303030303030303,0.2581571760502728
ni_tfnbs,"e=0.8,h=4.0,n=30,start_thres=1.25",hub,0.25,100,27,40,1730,32,1,8,1729,0.8,0.0005780346820809,0.9696969696969696,0.0303030303030303,0.2581571760502728
ni_tfnbs,"e=0.8,h=5.0,n=30,start_thres=1.25",hub,0.25,100,27,40,1730,32,1,8,1729,0.8,0.0005780346820809,0.9696969696969696,0.0303030303030303,0.2581571760502728
ni_tfnbs,"e=0.8,h=6.0,n=30,start_thres=1.25",hub,0.25,100,27,40,1730,32,1,8,1729,0.8,0.0005780346820809,0.9696969696969696,0.0303030303030303,0.2581571760502728
ni_tfnbs,"e=0.8,h=7.0,n=30,start_thres=1.25",hub,0.25,100,27,40,1730,31,1,9,1729,0.775,0.0005780346820809,0.96875,0.03125,0.2581571760502728
ni_tfnbs,"e=0.8,h=8.0,n=30,start_thres=1.25",hub,0.25,100,27,40,1730,31,1,9,1729,0.775,0.0005780346820809,0.96875,0.03125,0.2581571760502728
ni_tfnbs,"e=0.8,h=9.0,n=30,start_thres=1.25",hub,0.25,100,27,40,1730,30,1,10,1729,0.75,0.0005780346820809,0.967741935483871,0.032258064516129,0.2581571760502728
ni_tfnbs,"e=0.8,h=10.0,n=30,start_thres=1.25",hub,0.25,100,27,40,1730,30,1,10,1729,0.75,0.0005780346820809,0.967741935483871,0.032258064516129,0.2581571760502728
ni_tfnbs,"e=0.9,h=0.5,n=30,start_thres=1.25",hub,0.25,100,27,40,1730,32,2,8,1728,0.8,0.0011560693641618,0.9411764705882352,0.0588235294117647,0.2581571760502728
ni_tfnbs,"e=0.9,h=1.0,n=30,start_thres=1.25",hub,0.25,100,27,40,1730,32,2,8,1728,0.8,0.0011560693641618,0.9411764705882352,0.0588235294117647,0.2581571760502728
ni_tfnbs,"e=0.9,h=2.0,n=30,start_thres=1.25",hub,0.25,100,27,40,1730,32,2,8,1728,0.8,0.0011560693641618,0.9411764705882352,0.0588235294117647,0.2581571760502728
ni_tfnbs,"e=0.9,h=3.0,n=30,start_thres=1.25",hub,0.25,100,27,40,1730,32,2,8,1728,0.8,0.0011560693641618,0.9411764705882352,0.0588235294117647,0.2581571760502728
ni_tfnbs,"e=0.9,h=4.0,n=30,start_thres=1.25",hub,0.25,100,27,40,1730,32,1,8,1729,0.8,0.0005780346820809,0.9696969696969696,0.0303030303030303,0.2581571760502728
ni_tfnbs,"e=0.9,h=5.0,n=30,start_thres=1.25",hub,0.25,100,27,40,1730,32,1,8,1729,0.8,0.0005780346820809,0.9696969696969696,0.0303030303030303,0.2581571760502728
ni_tfnbs,"e=0.9,h=6.0,n=30,start_thres=1.25",hub,0.25,100,27,40,1730,32,1,8,1729,0.8,0.0005780346820809,0.9696969696969696,0.0303030303030303,0.2581571760502728
ni_tfnbs,"e=0.9,h=7.0,n=30,start_thres=1.25",hub,0.25,100,27,40,1730,32,1,8,1729,0.8,0.0005780346820809,0.9696969696969696,0.0303030303030303,0.2581571760502728
ni_tfnbs,"e=0.9,h=8.0,n=30,start_thres=1.25",hub,0.25,100,27,40,1730,31,1,9,1729,0.775,0.0005780346820809,0.96875,0.03125,0.2581571760502728
ni_tfnbs,"e=0.9,h=9.0,n=30,start_thres=1.25",hub,0.25,100,27,40,1730,31,1,9,1729,0.775,0.0005780346820809,0.96875,0.03125,0.2581571760502728
ni_tfnbs,"e=0.9,h=10.0,n=30,start_thres=1.25",hub,0.25,100,27,40,1730,30,1,10,1729,0.75,0.0005780346820809,0.967741935483871,0.032258064516129,0.2581571760502728
ni_tfnbs,"e=1.0,h=0.5,n=30,start_thres=1.25",hub,0.25,100,27,40,1730,32,2,8,1728,0.8,0.0011560693641618,0.9411764705882352,0.0588235294117647,0.2581571760502728
ni_tfnbs,"e=1.0,h=1.0,n=30,start_thres=1.25",hub,0.25,100,27,40,1730,32,2,8,1728,0.8,0.0011560693641618,0.9411764705882352,0.0588235294117647,0.2581571760502728
ni_tfnbs,"e=1.0,h=2.0,n=30,start_thres=1.25",hub,0.25,100,27,40,1730,32,2,8,1728,0.8,0.0011560693641618,0.9411764705882352,0.0588235294117647,0.2581571760502728
ni_tfnbs,"e=1.0,h=3.0,n=30,start_thres=1.25",hub,0.25,100,27,40,1730,32,2,8,1728,0.8,0.0011560693641618,0.9411764705882352,0.0588235294117647,0.2581571760502728
ni_tfnbs,"e=1.0,h=4.0,n=30,start_thres=1.25",hub,0.25,100,27,40,1730,32,2,8,1728,0.8,0.0011560693641618,0.9411764705882352,0.0588235294117647,0.2581571760502728
ni_tfnbs,"e=1.0,h=5.0,n=30,start_thres=1.25",hub,0.25,100,27,40,1730,32,1,8,1729,0.8,0.0005780346820809,0.9696969696969696,0.0303030303030303,0.2581571760502728
ni_tfnbs,"e=1.0,h=6.0,n=30,start_thres=1.25",hub,0.25,100,27,40,1730,32,1,8,1729,0.8,0.0005780346820809,0.9696969696969696,0.0303030303030303,0.2581571760502728
ni_tfnbs,"e=1.0,h=7.0,n=30,start_thres=1.25",hub,0.25,100,27,40,1730,32,1,8,1729,0.8,0.0005780346820809,0.9696969696969696,0.0303030303030303,0.2581571760502728
ni_tfnbs,"e=1.0,h=8.0,n=30,start_thres=1.25",hub,0.25,100,27,40,1730,32,1,8,1729,0.8,0.0005780346820809,0.9696969696969696,0.0303030303030303,0.2581571760502728
ni_tfnbs,"e=1.0,h=9.0,n=30,start_thres=1.25",hub,0.25,100,27,40,1730,31,1,9,1729,0.775,0.0005780346820809,0.96875,0.03125,0.2581571760502728
ni_tfnbs,"e=1.0,h=10.0,n=30,start_thres=1.25",hub,0.25,100,27,40,1730,31,1,9,1729,0.775,0.0005780346820809,0.96875,0.03125,0.2581571760502728
ni_tfnbs,"e=1.1,h=0.5,n=30,start_thres=1.25",hub,0.25,100,27,40,1730,32,2,8,1728,0.8,0.0011560693641618,0.9411764705882352,0.0588235294117647,0.2581571760502728
ni_tfnbs,"e=1.1,h=1.0,n=30,start_thres=1.25",hub,0.25,100,27,40,1730,32,2,8,1728,0.8,0.0011560693641618,0.9411764705882352,0.0588235294117647,0.2581571760502728
ni_tfnbs,"e=1.1,h=2.0,n=30,start_thres=1.25",hub,0.25,100,27,40,1730,32,2,8,1728,0.8,0.0011560693641618,0.9411764705882352,0.0588235294117647,0.2581571760502728
ni_tfnbs,"e=1.1,h=3.0,n=30,start_thres=1.25",hub,0.25,100,27,40,1730,32,2,8,1728,0.8,0.0011560693641618,0.9411764705882352,0.0588235294117647,0.2581571760502728
ni_tfnbs,"e=1.1,h=4.0,n=30,start_thres=1.25",hub,0.25,100,27,40,1730,32,2,8,1728,0.8,0.0011560693641618,0.9411764705882352,0.0588235294117647,0.2581571760502728
ni_tfnbs,"e=1.1,h=5.0,n=30,start_thres=1.25",hub,0.25,100,27,40,1730,32,2,8,1728,0.8,0.0011560693641618,0.9411764705882352,0.0588235294117647,0.2581571760502728
ni_tfnbs,"e=1.1,h=6.0,n=30,start_thres=1.25",hub,0.25,100,27,40,1730,32,2,8,1728,0.8,0.0011560693641618,0.9411764705882352,0.0588235294117647,0.2581571760502728
ni_tfnbs,"e=1.1,h=7.0,n=30,start_thres=1.25",hub,0.25,100,27,40,1730,32,1,8,1729,0.8,0.0005780346820809,0.9696969696969696,0.0303030303030303,0.2581571760502728
ni_tfnbs,"e=1.1,h=8.0,n=30,start_thres=1.25",hub,0.25,100,27,40,1730,32,1,8,1729,0.8,0.0005780346820809,0.9696969696969696,0.0303030303030303,0.2581571760502728
ni_tfnbs,"e=1.1,h=9.0,n=30,start_thres=1.25",hub,0.25,100,27,40,1730,32,1,8,1729,0.8,0.0005780346820809,0.9696969696969696,0.0303030303030303,0.2581571760502728
ni_tfnbs,"e=1.1,h=10.0,n=30,start_thres=1.25",hub,0.25,100,27,40,1730,31,1,9,1729,0.775,0.0005780346820809,0.96875,0.03125,0.2581571760502728
ni_tfnbs,"e=1.2,h=0.5,n=30,start_thres=1.25",hub,0.25,100,27,40,1730,32,2,8,1728,0.8,0.0011560693641618,0.9411764705882352,0.0588235294117647,0.2581571760502728
ni_tfnbs,"e=1.2,h=1.0,n=30,start_thres=1.25",hub,0.25,100,27,40,1730,32,2,8,1728,0.8,0.0011560693641618,0.9411764705882352,0.0588235294117647,0.2581571760502728
ni_tfnbs,"e=1.2,h=2.0,n=30,start_thres=1.25",hub,0.25,100,27,40,1730,32,2,8,1728,0.8,0.0011560693641618,0.9411764705882352,0.0588235294117647,0.2581571760502728
ni_tfnbs,"e=1.2,h=3.0,n=30,start_thres=1.25",hub,0.25,100,27,40,1730,32,2,8,1728,0.8,0.0011560693641618,0.9411764705882352,0.0588235294117647,0.2581571760502728
ni_tfnbs,"e=1.2,h=4.0,n=30,start_thres=1.25",hub,0.25,100,27,40,1730,32,2,8,1728,0.8,0.0011560693641618,0.9411764705882352,0.0588235294117647,0.2581571760502728
ni_tfnbs,"e=1.2,h=5.0,n=30,start_thres=1.25",hub,0.25,100,27,40,1730,32,2,8,1728,0.8,0.0011560693641618,0.9411764705882352,0.0588235294117647,0.2581571760502728
ni_tfnbs,"e=1.2,h=6.0,n=30,start_thres=1.25",hub,0.25,100,27,40,1730,32,2,8,1728,0.8,0.0011560693641618,0.9411764705882352,0.0588235294117647,0.2581571760502728
ni_tfnbs,"e=1.2,h=7.0,n=30,start_thres=1.25",hub,0.25,100,27,40,1730,32,1,8,1729,0.8,0.0005780346820809,0.9696969696969696,0.0303030303030303,0.2581571760502728
ni_tfnbs,"e=1.2,h=8.0,n=30,start_thres=1.25",hub,0.25,100,27,40,1730,32,1,8,1729,0.8,0.0005780346820809,0.9696969696969696,0.0303030303030303,0.2581571760502728
ni_tfnbs,"e=1.2,h=9.0,n=30,start_thres=1.25",hub,0.25,100,27,40,1730,32,1,8,1729,0.8,0.0005780346820809,0.9696969696969696,0.0303030303030303,0.2581571760502728
ni_tfnbs,"e=1.2,h=10.0,n=30,start_thres=1.25",hub,0.25,100,27,40,1730,32,1,8,1729,0.8,0.0005780346820809,0.9696969696969696,0.0303030303030303,0.2581571760502728
ni_tfnbs,"e=1.3,h=0.5,n=30,start_thres=1.25",hub,0.25,100,27,40,1730,32,2,8,1728,0.8,0.0011560693641618,0.9411764705882352,0.0588235294117647,0.2581571760502728
ni_tfnbs,"e=1.3,h=1.0,n=30,start_thres=1.25",hub,0.25,100,27,40,1730,32,2,8,1728,0.8,0.0011560693641618,0.9411764705882352,0.0588235294117647,0.2581571760502728
ni_tfnbs,"e=1.3,h=2.0,n=30,start_thres=1.25",hub,0.25,100,27,40,1730,32,3,8,1727,0.8,0.0017341040462427,0.9142857142857144,0.0857142857142857,0.2581571760502728
ni_tfnbs,"e=1.3,h=3.0,n=30,start_thres=1.25",hub,0.25,100,27,40,1730,32,3,8,1727,0.8,0.0017341040462427,0.9142857142857144,0.0857142857142857,0.2581571760502728
ni_tfnbs,"e=1.3,h=4.0,n=30,start_thres=1.25",hub,0.25,100,27,40,1730,32,2,8,1728,0.8,0.0011560693641618,0.9411764705882352,0.0588235294117647,0.2581571760502728
ni_tfnbs,"e=1.3,h=5.0,n=30,start_thres=1.25",hub,0.25,100,27,40,1730,32,2,8,1728,0.8,0.0011560693641618,0.9411764705882352,0.0588235294117647,0.2581571760502728
ni_tfnbs,"e=1.3,h=6.0,n=30,start_thres=1.25",hub,0.25,100,27,40,1730,32,2,8,1728,0.8,0.0011560693641618,0.9411764705882352,0.0588235294117647,0.2581571760502728
ni_tfnbs,"e=1.3,h=7.0,n=30,start_thres=1.25",hub,0.25,100,27,40,1730,32,2,8,1728,0.8,0.0011560693641618,0.9411764705882352,0.0588235294117647,0.2581571760502728
ni_tfnbs,"e=1.3,h=8.0,n=30,start_thres=1.25",hub,0.25,100,27,40,1730,32,1,8,1729,0.8,0.0005780346820809,0.9696969696969696,0.0303030303030303,0.2581571760502728
ni_tfnbs,"e=1.3,h=9.0,n=30,start_thres=1.25",hub,0.25,100,27,40,1730,32,1,8,1729,0.8,0.0005780346820809,0.9696969696969696,0.0303030303030303,0.2581571760502728
ni_tfnbs,"e=1.3,h=10.0,n=30,start_thres=1.25",hub,0.25,100,27,40,1730,32,1,8,1729,0.8,0.0005780346820809,0.9696969696969696,0.0303030303030303,0.2581571760502728
ni_tfnbs,"e=1.4,h=0.5,n=30,start_thres=1.25",hub,0.25,100,27,40,1730,32,2,8,1728,0.8,0.0011560693641618,0.9411764705882352,0.0588235294117647,0.2581571760502728
ni_tfnbs,"e=1.4,h=1.0,n=30,start_thres=1.25",hub,0.25,100,27,40,1730,32,3,8,1727,0.8,0.0017341040462427,0.9142857142857144,0.0857142857142857,0.2581571760502728
ni_tfnbs,"e=1.4,h=2.0,n=30,start_thres=1.25",hub,0.25,100,27,40,1730,32,3,8,1727,0.8,0.0017341040462427,0.9142857142857144,0.0857142857142857,0.2581571760502728
ni_tfnbs,"e=1.4,h=3.0,n=30,start_thres=1.25",hub,0.25,100,27,40,1730,32,3,8,1727,0.8,0.0017341040462427,0.9142857142857144,0.0857142857142857,0.2581571760502728
ni_tfnbs,"e=1.4,h=4.0,n=30,start_thres=1.25",hub,0.25,100,27,40,1730,35,3,5,1727,0.875,0.0017341040462427,0.9210526315789472,0.0789473684210526,0.2581571760502728
ni_tfnbs,"e=1.4,h=5.0,n=30,start_thres=1.25",hub,0.25,100,27,40,1730,35,2,5,1728,0.875,0.0011560693641618,0.945945945945946,0.054054054054054,0.2581571760502728
ni_tfnbs,"e=1.4,h=6.0,n=30,start_thres=1.25",hub,0.25,100,27,40,1730,32,2,8,1728,0.8,0.0011560693641618,0.9411764705882352,0.0588235294117647,0.2581571760502728
ni_tfnbs,"e=1.4,h=7.0,n=30,start_thres=1.25",hub,0.25,100,27,40,1730,32,2,8,1728,0.8,0.0011560693641618,0.9411764705882352,0.0588235294117647,0.2581571760502728
ni_tfnbs,"e=1.4,h=8.0,n=30,start_thres=1.25",hub,0.25,100,27,40,1730,32,2,8,1728,0.8,0.0011560693641618,0.9411764705882352,0.0588235294117647,0.2581571760502728
ni_tfnbs,"e=1.4,h=9.0,n=30,start_thres=1.25",hub,0.25,100,27,40,1730,32,1,8,1729,0.8,0.0005780346820809,0.9696969696969696,0.0303030303030303,0.2581571760502728
ni_tfnbs,"e=1.4,h=10.0,n=30,start_thres=1.25",hub,0.25,100,27,40,1730,32,1,8,1729,0.8,0.0005780346820809,0.9696969696969696,0.0303030303030303,0.2581571760502728
ni_tfnbs,"e=1.5,h=0.5,n=30,start_thres=1.25",hub,0.25,100,27,40,1730,31,1,9,1729,0.775,0.0005780346820809,0.96875,0.03125,0.2581571760502728
ni_tfnbs,"e=1.5,h=1.0,n=30,start_thres=1.25",hub,0.25,100,27,40,1730,32,3,8,1727,0.8,0.0017341040462427,0.9142857142857144,0.0857142857142857,0.2581571760502728
ni_tfnbs,"e=1.5,h=2.0,n=30,start_thres=1.25",hub,0.25,100,27,40,1730,32,3,8,1727,0.8,0.0017341040462427,0.9142857142857144,0.0857142857142857,0.2581571760502728
ni_tfnbs,"e=1.5,h=3.0,n=30,start_thres=1.25",hub,0.25,100,27,40,1730,35,3,5,1727,0.875,0.0017341040462427,0.9210526315789472,0.0789473684210526,0.2581571760502728
ni_tfnbs,"e=1.5,h=4.0,n=30,start_thres=1.25",hub,0.25,100,27,40,1730,35,3,5,1727,0.875,0.0017341040462427,0.9210526315789472,0.0789473684210526,0.2581571760502728
ni_tfnbs,"e=1.5,h=5.0,n=30,start_thres=1.25",hub,0.25,100,27,40,1730,35,3,5,1727,0.875,0.0017341040462427,0.9210526315789472,0.0789473684210526,0.2581571760502728
ni_tfnbs,"e=1.5,h=6.0,n=30,start_thres=1.25",hub,0.25,100,27,40,1730,35,2,5,1728,0.875,0.0011560693641618,0.945945945945946,0.054054054054054,0.2581571760502728
ni_tfnbs,"e=1.5,h=7.0,n=30,start_thres=1.25",hub,0.25,100,27,40,1730,32,2,8,1728,0.8,0.0011560693641618,0.9411764705882352,0.0588235294117647,0.2581571760502728
ni_tfnbs,"e=1.5,h=8.0,n=30,start_thres=1.25",hub,0.25,100,27,40,1730,32,2,8,1728,0.8,0.0011560693641618,0.9411764705882352,0.0588235294117647,0.2581571760502728
ni_tfnbs,"e=1.5,h=9.0,n=30,start_thres=1.25",hub,0.25,100,27,40,1730,32,2,8,1728,0.8,0.0011560693641618,0.9411764705882352,0.0588235294117647,0.2581571760502728
ni_tfnbs,"e=1.5,h=10.0,n=30,start_thres=1.25",hub,0.25,100,27,40,1730,32,1,8,1729,0.8,0.0005780346820809,0.9696969696969696,0.0303030303030303,0.2581571760502728
ni_tfnbs,"e=0.05,h=0.5,n=30,start_thres=1.25",hub,0.25,100,28,40,1730,32,0,8,1730,0.8,0.0,1.0,0.0,0.2553522762927142
ni_tfnbs,"e=0.05,h=1.0,n=30,start_thres=1.25",hub,0.25,100,28,40,1730,32,0,8,1730,0.8,0.0,1.0,0.0,0.2553522762927142
ni_tfnbs,"e=0.05,h=2.0,n=30,start_thres=1.25",hub,0.25,100,28,40,1730,32,0,8,1730,0.8,0.0,1.0,0.0,0.2553522762927142
ni_tfnbs,"e=0.05,h=3.0,n=30,start_thres=1.25",hub,0.25,100,28,40,1730,32,0,8,1730,0.8,0.0,1.0,0.0,0.2553522762927142
ni_tfnbs,"e=0.05,h=4.0,n=30,start_thres=1.25",hub,0.25,100,28,40,1730,32,0,8,1730,0.8,0.0,1.0,0.0,0.2553522762927142
ni_tfnbs,"e=0.05,h=5.0,n=30,start_thres=1.25",hub,0.25,100,28,40,1730,32,0,8,1730,0.8,0.0,1.0,0.0,0.2553522762927142
ni_tfnbs,"e=0.05,h=6.0,n=30,start_thres=1.25",hub,0.25,100,28,40,1730,32,0,8,1730,0.8,0.0,1.0,0.0,0.2553522762927142
ni_tfnbs,"e=0.05,h=7.0,n=30,start_thres=1.25",hub,0.25,100,28,40,1730,32,0,8,1730,0.8,0.0,1.0,0.0,0.2553522762927142
ni_tfnbs,"e=0.05,h=8.0,n=30,start_thres=1.25",hub,0.25,100,28,40,1730,32,0,8,1730,0.8,0.0,1.0,0.0,0.2553522762927142
ni_tfnbs,"e=0.05,h=9.0,n=30,start_thres=1.25",hub,0.25,100,28,40,1730,32,0,8,1730,0.8,0.0,1.0,0.0,0.2553522762927142
ni_tfnbs,"e=0.05,h=10.0,n=30,start_thres=1.25",hub,0.25,100,28,40,1730,32,0,8,1730,0.8,0.0,1.0,0.0,0.2553522762927142
ni_tfnbs,"e=0.1,h=0.5,n=30,start_thres=1.25",hub,0.25,100,28,40,1730,34,0,6,1730,0.85,0.0,1.0,0.0,0.2553522762927142
ni_tfnbs,"e=0.1,h=1.0,n=30,start_thres=1.25",hub,0.25,100,28,40,1730,34,0,6,1730,0.85,0.0,1.0,0.0,0.2553522762927142
ni_tfnbs,"e=0.1,h=2.0,n=30,start_thres=1.25",hub,0.25,100,28,40,1730,32,0,8,1730,0.8,0.0,1.0,0.0,0.2553522762927142
ni_tfnbs,"e=0.1,h=3.0,n=30,start_thres=1.25",hub,0.25,100,28,40,1730,32,0,8,1730,0.8,0.0,1.0,0.0,0.2553522762927142
ni_tfnbs,"e=0.1,h=4.0,n=30,start_thres=1.25",hub,0.25,100,28,40,1730,32,0,8,1730,0.8,0.0,1.0,0.0,0.2553522762927142
ni_tfnbs,"e=0.1,h=5.0,n=30,start_thres=1.25",hub,0.25,100,28,40,1730,32,0,8,1730,0.8,0.0,1.0,0.0,0.2553522762927142
ni_tfnbs,"e=0.1,h=6.0,n=30,start_thres=1.25",hub,0.25,100,28,40,1730,32,0,8,1730,0.8,0.0,1.0,0.0,0.2553522762927142
ni_tfnbs,"e=0.1,h=7.0,n=30,start_thres=1.25",hub,0.25,100,28,40,1730,32,0,8,1730,0.8,0.0,1.0,0.0,0.2553522762927142
ni_tfnbs,"e=0.1,h=8.0,n=30,start_thres=1.25",hub,0.25,100,28,40,1730,32,0,8,1730,0.8,0.0,1.0,0.0,0.2553522762927142
ni_tfnbs,"e=0.1,h=9.0,n=30,start_thres=1.25",hub,0.25,100,28,40,1730,32,0,8,1730,0.8,0.0,1.0,0.0,0.2553522762927142
ni_tfnbs,"e=0.1,h=10.0,n=30,start_thres=1.25",hub,0.25,100,28,40,1730,32,0,8,1730,0.8,0.0,1.0,0.0,0.2553522762927142
ni_tfnbs,"e=0.2,h=0.5,n=30,start_thres=1.25",hub,0.25,100,28,40,1730,34,0,6,1730,0.85,0.0,1.0,0.0,0.2553522762927142
ni_tfnbs,"e=0.2,h=1.0,n=30,start_thres=1.25",hub,0.25,100,28,40,1730,34,0,6,1730,0.85,0.0,1.0,0.0,0.2553522762927142
ni_tfnbs,"e=0.2,h=2.0,n=30,start_thres=1.25",hub,0.25,100,28,40,1730,34,0,6,1730,0.85,0.0,1.0,0.0,0.2553522762927142
ni_tfnbs,"e=0.2,h=3.0,n=30,start_thres=1.25",hub,0.25,100,28,40,1730,34,0,6,1730,0.85,0.0,1.0,0.0,0.2553522762927142
ni_tfnbs,"e=0.2,h=4.0,n=30,start_thres=1.25",hub,0.25,100,28,40,1730,34,0,6,1730,0.85,0.0,1.0,0.0,0.2553522762927142
ni_tfnbs,"e=0.2,h=5.0,n=30,start_thres=1.25",hub,0.25,100,28,40,1730,34,0,6,1730,0.85,0.0,1.0,0.0,0.2553522762927142
ni_tfnbs,"e=0.2,h=6.0,n=30,start_thres=1.25",hub,0.25,100,28,40,1730,34,0,6,1730,0.85,0.0,1.0,0.0,0.2553522762927142
ni_tfnbs,"e=0.2,h=7.0,n=30,start_thres=1.25",hub,0.25,100,28,40,1730,32,0,8,1730,0.8,0.0,1.0,0.0,0.2553522762927142
ni_tfnbs,"e=0.2,h=8.0,n=30,start_thres=1.25",hub,0.25,100,28,40,1730,32,0,8,1730,0.8,0.0,1.0,0.0,0.2553522762927142
ni_tfnbs,"e=0.2,h=9.0,n=30,start_thres=1.25",hub,0.25,100,28,40,1730,32,0,8,1730,0.8,0.0,1.0,0.0,0.2553522762927142
ni_tfnbs,"e=0.2,h=10.0,n=30,start_thres=1.25",hub,0.25,100,28,40,1730,32,0,8,1730,0.8,0.0,1.0,0.0,0.2553522762927142
ni_tfnbs,"e=0.3,h=0.5,n=30,start_thres=1.25",hub,0.25,100,28,40,1730,34,0,6,1730,0.85,0.0,1.0,0.0,0.2553522762927142
ni_tfnbs,"e=0.3,h=1.0,n=30,start_thres=1.25",hub,0.25,100,28,40,1730,34,0,6,1730,0.85,0.0,1.0,0.0,0.2553522762927142
ni_tfnbs,"e=0.3,h=2.0,n=30,start_thres=1.25",hub,0.25,100,28,40,1730,34,0,6,1730,0.85,0.0,1.0,0.0,0.2553522762927142
ni_tfnbs,"e=0.3,h=3.0,n=30,start_thres=1.25",hub,0.25,100,28,40,1730,34,0,6,1730,0.85,0.0,1.0,0.0,0.2553522762927142
ni_tfnbs,"e=0.3,h=4.0,n=30,start_thres=1.25",hub,0.25,100,28,40,1730,34,0,6,1730,0.85,0.0,1.0,0.0,0.2553522762927142
ni_tfnbs,"e=0.3,h=5.0,n=30,start_thres=1.25",hub,0.25,100,28,40,1730,34,0,6,1730,0.85,0.0,1.0,0.0,0.2553522762927142
ni_tfnbs,"e=0.3,h=6.0,n=30,start_thres=1.25",hub,0.25,100,28,40,1730,34,0,6,1730,0.85,0.0,1.0,0.0,0.2553522762927142
ni_tfnbs,"e=0.3,h=7.0,n=30,start_thres=1.25",hub,0.25,100,28,40,1730,34,0,6,1730,0.85,0.0,1.0,0.0,0.2553522762927142
ni_tfnbs,"e=0.3,h=8.0,n=30,start_thres=1.25",hub,0.25,100,28,40,1730,34,0,6,1730,0.85,0.0,1.0,0.0,0.2553522762927142
ni_tfnbs,"e=0.3,h=9.0,n=30,start_thres=1.25",hub,0.25,100,28,40,1730,34,0,6,1730,0.85,0.0,1.0,0.0,0.2553522762927142
ni_tfnbs,"e=0.3,h=10.0,n=30,start_thres=1.25",hub,0.25,100,28,40,1730,34,0,6,1730,0.85,0.0,1.0,0.0,0.2553522762927142
ni_tfnbs,"e=0.4,h=0.5,n=30,start_thres=1.25",hub,0.25,100,28,40,1730,35,0,5,1730,0.875,0.0,1.0,0.0,0.2553522762927142
ni_tfnbs,"e=0.4,h=1.0,n=30,start_thres=1.25",hub,0.25,100,28,40,1730,35,0,5,1730,0.875,0.0,1.0,0.0,0.2553522762927142
ni_tfnbs,"e=0.4,h=2.0,n=30,start_thres=1.25",hub,0.25,100,28,40,1730,35,0,5,1730,0.875,0.0,1.0,0.0,0.2553522762927142
ni_tfnbs,"e=0.4,h=3.0,n=30,start_thres=1.25",hub,0.25,100,28,40,1730,34,0,6,1730,0.85,0.0,1.0,0.0,0.2553522762927142
ni_tfnbs,"e=0.4,h=4.0,n=30,start_thres=1.25",hub,0.25,100,28,40,1730,34,0,6,1730,0.85,0.0,1.0,0.0,0.2553522762927142
ni_tfnbs,"e=0.4,h=5.0,n=30,start_thres=1.25",hub,0.25,100,28,40,1730,34,0,6,1730,0.85,0.0,1.0,0.0,0.2553522762927142
ni_tfnbs,"e=0.4,h=6.0,n=30,start_thres=1.25",hub,0.25,100,28,40,1730,34,0,6,1730,0.85,0.0,1.0,0.0,0.2553522762927142
ni_tfnbs,"e=0.4,h=7.0,n=30,start_thres=1.25",hub,0.25,100,28,40,1730,34,0,6,1730,0.85,0.0,1.0,0.0,0.2553522762927142
ni_tfnbs,"e=0.4,h=8.0,n=30,start_thres=1.25",hub,0.25,100,28,40,1730,34,0,6,1730,0.85,0.0,1.0,0.0,0.2553522762927142
ni_tfnbs,"e=0.4,h=9.0,n=30,start_thres=1.25",hub,0.25,100,28,40,1730,34,0,6,1730,0.85,0.0,1.0,0.0,0.2553522762927142
ni_tfnbs,"e=0.4,h=10.0,n=30,start_thres=1.25",hub,0.25,100,28,40,1730,34,0,6,1730,0.85,0.0,1.0,0.0,0.2553522762927142
ni_tfnbs,"e=0.5,h=0.5,n=30,start_thres=1.25",hub,0.25,100,28,40,1730,37,0,3,1730,0.925,0.0,1.0,0.0,0.2553522762927142
ni_tfnbs,"e=0.5,h=1.0,n=30,start_thres=1.25",hub,0.25,100,28,40,1730,37,0,3,1730,0.925,0.0,1.0,0.0,0.2553522762927142
ni_tfnbs,"e=0.5,h=2.0,n=30,start_thres=1.25",hub,0.25,100,28,40,1730,35,0,5,1730,0.875,0.0,1.0,0.0,0.2553522762927142
ni_tfnbs,"e=0.5,h=3.0,n=30,start_thres=1.25",hub,0.25,100,28,40,1730,35,0,5,1730,0.875,0.0,1.0,0.0,0.2553522762927142
ni_tfnbs,"e=0.5,h=4.0,n=30,start_thres=1.25",hub,0.25,100,28,40,1730,35,0,5,1730,0.875,0.0,1.0,0.0,0.2553522762927142
ni_tfnbs,"e=0.5,h=5.0,n=30,start_thres=1.25",hub,0.25,100,28,40,1730,34,0,6,1730,0.85,0.0,1.0,0.0,0.2553522762927142
ni_tfnbs,"e=0.5,h=6.0,n=30,start_thres=1.25",hub,0.25,100,28,40,1730,34,0,6,1730,0.85,0.0,1.0,0.0,0.2553522762927142
ni_tfnbs,"e=0.5,h=7.0,n=30,start_thres=1.25",hub,0.25,100,28,40,1730,34,0,6,1730,0.85,0.0,1.0,0.0,0.2553522762927142
ni_tfnbs,"e=0.5,h=8.0,n=30,start_thres=1.25",hub,0.25,100,28,40,1730,34,0,6,1730,0.85,0.0,1.0,0.0,0.2553522762927142
ni_tfnbs,"e=0.5,h=9.0,n=30,start_thres=1.25",hub,0.25,100,28,40,1730,34,0,6,1730,0.85,0.0,1.0,0.0,0.2553522762927142
ni_tfnbs,"e=0.5,h=10.0,n=30,start_thres=1.25",hub,0.25,100,28,40,1730,34,0,6,1730,0.85,0.0,1.0,0.0,0.2553522762927142
ni_tfnbs,"e=0.6,h=0.5,n=30,start_thres=1.25",hub,0.25,100,28,40,1730,37,0,3,1730,0.925,0.0,1.0,0.0,0.2553522762927142
ni_tfnbs,"e=0.6,h=1.0,n=30,start_thres=1.25",hub,0.25,100,28,40,1730,37,0,3,1730,0.925,0.0,1.0,0.0,0.2553522762927142
ni_tfnbs,"e=0.6,h=2.0,n=30,start_thres=1.25",hub,0.25,100,28,40,1730,37,0,3,1730,0.925,0.0,1.0,0.0,0.2553522762927142
ni_tfnbs,"e=0.6,h=3.0,n=30,start_thres=1.25",hub,0.25,100,28,40,1730,36,0,4,1730,0.9,0.0,1.0,0.0,0.2553522762927142
ni_tfnbs,"e=0.6,h=4.0,n=30,start_thres=1.25",hub,0.25,100,28,40,1730,35,0,5,1730,0.875,0.0,1.0,0.0,0.2553522762927142
ni_tfnbs,"e=0.6,h=5.0,n=30,start_thres=1.25",hub,0.25,100,28,40,1730,35,0,5,1730,0.875,0.0,1.0,0.0,0.2553522762927142
ni_tfnbs,"e=0.6,h=6.0,n=30,start_thres=1.25",hub,0.25,100,28,40,1730,34,0,6,1730,0.85,0.0,1.0,0.0,0.2553522762927142
ni_tfnbs,"e=0.6,h=7.0,n=30,start_thres=1.25",hub,0.25,100,28,40,1730,34,0,6,1730,0.85,0.0,1.0,0.0,0.2553522762927142
ni_tfnbs,"e=0.6,h=8.0,n=30,start_thres=1.25",hub,0.25,100,28,40,1730,34,0,6,1730,0.85,0.0,1.0,0.0,0.2553522762927142
ni_tfnbs,"e=0.6,h=9.0,n=30,start_thres=1.25",hub,0.25,100,28,40,1730,34,0,6,1730,0.85,0.0,1.0,0.0,0.2553522762927142
ni_tfnbs,"e=0.6,h=10.0,n=30,start_thres=1.25",hub,0.25,100,28,40,1730,34,0,6,1730,0.85,0.0,1.0,0.0,0.2553522762927142
ni_tfnbs,"e=0.7,h=0.5,n=30,start_thres=1.25",hub,0.25,100,28,40,1730,38,0,2,1730,0.95,0.0,1.0,0.0,0.2553522762927142
ni_tfnbs,"e=0.7,h=1.0,n=30,start_thres=1.25",hub,0.25,100,28,40,1730,38,0,2,1730,0.95,0.0,1.0,0.0,0.2553522762927142
ni_tfnbs,"e=0.7,h=2.0,n=30,start_thres=1.25",hub,0.25,100,28,40,1730,37,0,3,1730,0.925,0.0,1.0,0.0,0.2553522762927142
ni_tfnbs,"e=0.7,h=3.0,n=30,start_thres=1.25",hub,0.25,100,28,40,1730,37,0,3,1730,0.925,0.0,1.0,0.0,0.2553522762927142
ni_tfnbs,"e=0.7,h=4.0,n=30,start_thres=1.25",hub,0.25,100,28,40,1730,36,0,4,1730,0.9,0.0,1.0,0.0,0.2553522762927142
ni_tfnbs,"e=0.7,h=5.0,n=30,start_thres=1.25",hub,0.25,100,28,40,1730,35,0,5,1730,0.875,0.0,1.0,0.0,0.2553522762927142
ni_tfnbs,"e=0.7,h=6.0,n=30,start_thres=1.25",hub,0.25,100,28,40,1730,35,0,5,1730,0.875,0.0,1.0,0.0,0.2553522762927142
ni_tfnbs,"e=0.7,h=7.0,n=30,start_thres=1.25",hub,0.25,100,28,40,1730,34,0,6,1730,0.85,0.0,1.0,0.0,0.2553522762927142
ni_tfnbs,"e=0.7,h=8.0,n=30,start_thres=1.25",hub,0.25,100,28,40,1730,34,0,6,1730,0.85,0.0,1.0,0.0,0.2553522762927142
ni_tfnbs,"e=0.7,h=9.0,n=30,start_thres=1.25",hub,0.25,100,28,40,1730,34,0,6,1730,0.85,0.0,1.0,0.0,0.2553522762927142
ni_tfnbs,"e=0.7,h=10.0,n=30,start_thres=1.25",hub,0.25,100,28,40,1730,34,0,6,1730,0.85,0.0,1.0,0.0,0.2553522762927142
ni_tfnbs,"e=0.8,h=0.5,n=30,start_thres=1.25",hub,0.25,100,28,40,1730,38,0,2,1730,0.95,0.0,1.0,0.0,0.2553522762927142
ni_tfnbs,"e=0.8,h=1.0,n=30,start_thres=1.25",hub,0.25,100,28,40,1730,38,0,2,1730,0.95,0.0,1.0,0.0,0.2553522762927142
ni_tfnbs,"e=0.8,h=2.0,n=30,start_thres=1.25",hub,0.25,100,28,40,1730,38,0,2,1730,0.95,0.0,1.0,0.0,0.2553522762927142
ni_tfnbs,"e=0.8,h=3.0,n=30,start_thres=1.25",hub,0.25,100,28,40,1730,37,0,3,1730,0.925,0.0,1.0,0.0,0.2553522762927142
ni_tfnbs,"e=0.8,h=4.0,n=30,start_thres=1.25",hub,0.25,100,28,40,1730,37,0,3,1730,0.925,0.0,1.0,0.0,0.2553522762927142
ni_tfnbs,"e=0.8,h=5.0,n=30,start_thres=1.25",hub,0.25,100,28,40,1730,37,0,3,1730,0.925,0.0,1.0,0.0,0.2553522762927142
ni_tfnbs,"e=0.8,h=6.0,n=30,start_thres=1.25",hub,0.25,100,28,40,1730,35,0,5,1730,0.875,0.0,1.0,0.0,0.2553522762927142
ni_tfnbs,"e=0.8,h=7.0,n=30,start_thres=1.25",hub,0.25,100,28,40,1730,35,0,5,1730,0.875,0.0,1.0,0.0,0.2553522762927142
ni_tfnbs,"e=0.8,h=8.0,n=30,start_thres=1.25",hub,0.25,100,28,40,1730,35,0,5,1730,0.875,0.0,1.0,0.0,0.2553522762927142
ni_tfnbs,"e=0.8,h=9.0,n=30,start_thres=1.25",hub,0.25,100,28,40,1730,34,0,6,1730,0.85,0.0,1.0,0.0,0.2553522762927142
ni_tfnbs,"e=0.8,h=10.0,n=30,start_thres=1.25",hub,0.25,100,28,40,1730,34,0,6,1730,0.85,0.0,1.0,0.0,0.2553522762927142
ni_tfnbs,"e=0.9,h=0.5,n=30,start_thres=1.25",hub,0.25,100,28,40,1730,38,0,2,1730,0.95,0.0,1.0,0.0,0.2553522762927142
ni_tfnbs,"e=0.9,h=1.0,n=30,start_thres=1.25",hub,0.25,100,28,40,1730,38,0,2,1730,0.95,0.0,1.0,0.0,0.2553522762927142
ni_tfnbs,"e=0.9,h=2.0,n=30,start_thres=1.25",hub,0.25,100,28,40,1730,38,0,2,1730,0.95,0.0,1.0,0.0,0.2553522762927142
ni_tfnbs,"e=0.9,h=3.0,n=30,start_thres=1.25",hub,0.25,100,28,40,1730,38,0,2,1730,0.95,0.0,1.0,0.0,0.2553522762927142
ni_tfnbs,"e=0.9,h=4.0,n=30,start_thres=1.25",hub,0.25,100,28,40,1730,37,0,3,1730,0.925,0.0,1.0,0.0,0.2553522762927142
ni_tfnbs,"e=0.9,h=5.0,n=30,start_thres=1.25",hub,0.25,100,28,40,1730,37,0,3,1730,0.925,0.0,1.0,0.0,0.2553522762927142
ni_tfnbs,"e=0.9,h=6.0,n=30,start_thres=1.25",hub,0.25,100,28,40,1730,37,0,3,1730,0.925,0.0,1.0,0.0,0.2553522762927142
ni_tfnbs,"e=0.9,h=7.0,n=30,start_thres=1.25",hub,0.25,100,28,40,1730,35,0,5,1730,0.875,0.0,1.0,0.0,0.2553522762927142
ni_tfnbs,"e=0.9,h=8.0,n=30,start_thres=1.25",hub,0.25,100,28,40,1730,35,0,5,1730,0.875,0.0,1.0,0.0,0.2553522762927142
ni_tfnbs,"e=0.9,h=9.0,n=30,start_thres=1.25",hub,0.25,100,28,40,1730,35,0,5,1730,0.875,0.0,1.0,0.0,0.2553522762927142
ni_tfnbs,"e=0.9,h=10.0,n=30,start_thres=1.25",hub,0.25,100,28,40,1730,34,0,6,1730,0.85,0.0,1.0,0.0,0.2553522762927142
ni_tfnbs,"e=1.0,h=0.5,n=30,start_thres=1.25",hub,0.25,100,28,40,1730,38,0,2,1730,0.95,0.0,1.0,0.0,0.2553522762927142
ni_tfnbs,"e=1.0,h=1.0,n=30,start_thres=1.25",hub,0.25,100,28,40,1730,38,0,2,1730,0.95,0.0,1.0,0.0,0.2553522762927142
ni_tfnbs,"e=1.0,h=2.0,n=30,start_thres=1.25",hub,0.25,100,28,40,1730,38,0,2,1730,0.95,0.0,1.0,0.0,0.2553522762927142
ni_tfnbs,"e=1.0,h=3.0,n=30,start_thres=1.25",hub,0.25,100,28,40,1730,38,0,2,1730,0.95,0.0,1.0,0.0,0.2553522762927142
ni_tfnbs,"e=1.0,h=4.0,n=30,start_thres=1.25",hub,0.25,100,28,40,1730,38,0,2,1730,0.95,0.0,1.0,0.0,0.2553522762927142
ni_tfnbs,"e=1.0,h=5.0,n=30,start_thres=1.25",hub,0.25,100,28,40,1730,37,0,3,1730,0.925,0.0,1.0,0.0,0.2553522762927142
ni_tfnbs,"e=1.0,h=6.0,n=30,start_thres=1.25",hub,0.25,100,28,40,1730,37,0,3,1730,0.925,0.0,1.0,0.0,0.2553522762927142
ni_tfnbs,"e=1.0,h=7.0,n=30,start_thres=1.25",hub,0.25,100,28,40,1730,37,0,3,1730,0.925,0.0,1.0,0.0,0.2553522762927142
ni_tfnbs,"e=1.0,h=8.0,n=30,start_thres=1.25",hub,0.25,100,28,40,1730,35,0,5,1730,0.875,0.0,1.0,0.0,0.2553522762927142
ni_tfnbs,"e=1.0,h=9.0,n=30,start_thres=1.25",hub,0.25,100,28,40,1730,35,0,5,1730,0.875,0.0,1.0,0.0,0.2553522762927142
ni_tfnbs,"e=1.0,h=10.0,n=30,start_thres=1.25",hub,0.25,100,28,40,1730,35,0,5,1730,0.875,0.0,1.0,0.0,0.2553522762927142
ni_tfnbs,"e=1.1,h=0.5,n=30,start_thres=1.25",hub,0.25,100,28,40,1730,38,0,2,1730,0.95,0.0,1.0,0.0,0.2553522762927142
ni_tfnbs,"e=1.1,h=1.0,n=30,start_thres=1.25",hub,0.25,100,28,40,1730,38,0,2,1730,0.95,0.0,1.0,0.0,0.2553522762927142
ni_tfnbs,"e=1.1,h=2.0,n=30,start_thres=1.25",hub,0.25,100,28,40,1730,38,0,2,1730,0.95,0.0,1.0,0.0,0.2553522762927142
ni_tfnbs,"e=1.1,h=3.0,n=30,start_thres=1.25",hub,0.25,100,28,40,1730,38,0,2,1730,0.95,0.0,1.0,0.0,0.2553522762927142
ni_tfnbs,"e=1.1,h=4.0,n=30,start_thres=1.25",hub,0.25,100,28,40,1730,38,0,2,1730,0.95,0.0,1.0,0.0,0.2553522762927142
ni_tfnbs,"e=1.1,h=5.0,n=30,start_thres=1.25",hub,0.25,100,28,40,1730,38,0,2,1730,0.95,0.0,1.0,0.0,0.2553522762927142
ni_tfnbs,"e=1.1,h=6.0,n=30,start_thres=1.25",hub,0.25,100,28,40,1730,37,0,3,1730,0.925,0.0,1.0,0.0,0.2553522762927142
ni_tfnbs,"e=1.1,h=7.0,n=30,start_thres=1.25",hub,0.25,100,28,40,1730,37,0,3,1730,0.925,0.0,1.0,0.0,0.2553522762927142
ni_tfnbs,"e=1.1,h=8.0,n=30,start_thres=1.25",hub,0.25,100,28,40,1730,37,0,3,1730,0.925,0.0,1.0,0.0,0.2553522762927142
ni_tfnbs,"e=1.1,h=9.0,n=30,start_thres=1.25",hub,0.25,100,28,40,1730,35,0,5,1730,0.875,0.0,1.0,0.0,0.2553522762927142
ni_tfnbs,"e=1.1,h=10.0,n=30,start_thres=1.25",hub,0.25,100,28,40,1730,35,0,5,1730,0.875,0.0,1.0,0.0,0.2553522762927142
ni_tfnbs,"e=1.2,h=0.5,n=30,start_thres=1.25",hub,0.25,100,28,40,1730,38,0,2,1730,0.95,0.0,1.0,0.0,0.2553522762927142
ni_tfnbs,"e=1.2,h=1.0,n=30,start_thres=1.25",hub,0.25,100,28,40,1730,38,0,2,1730,0.95,0.0,1.0,0.0,0.2553522762927142
ni_tfnbs,"e=1.2,h=2.0,n=30,start_thres=1.25",hub,0.25,100,28,40,1730,38,1,2,1729,0.95,0.0005780346820809,0.9743589743589745,0.0256410256410256,0.2553522762927142
ni_tfnbs,"e=1.2,h=3.0,n=30,start_thres=1.25",hub,0.25,100,28,40,1730,38,1,2,1729,0.95,0.0005780346820809,0.9743589743589745,0.0256410256410256,0.2553522762927142
ni_tfnbs,"e=1.2,h=4.0,n=30,start_thres=1.25",hub,0.25,100,28,40,1730,38,0,2,1730,0.95,0.0,1.0,0.0,0.2553522762927142
ni_tfnbs,"e=1.2,h=5.0,n=30,start_thres=1.25",hub,0.25,100,28,40,1730,38,0,2,1730,0.95,0.0,1.0,0.0,0.2553522762927142
ni_tfnbs,"e=1.2,h=6.0,n=30,start_thres=1.25",hub,0.25,100,28,40,1730,38,0,2,1730,0.95,0.0,1.0,0.0,0.2553522762927142
ni_tfnbs,"e=1.2,h=7.0,n=30,start_thres=1.25",hub,0.25,100,28,40,1730,37,0,3,1730,0.925,0.0,1.0,0.0,0.2553522762927142
ni_tfnbs,"e=1.2,h=8.0,n=30,start_thres=1.25",hub,0.25,100,28,40,1730,37,0,3,1730,0.925,0.0,1.0,0.0,0.2553522762927142
ni_tfnbs,"e=1.2,h=9.0,n=30,start_thres=1.25",hub,0.25,100,28,40,1730,37,0,3,1730,0.925,0.0,1.0,0.0,0.2553522762927142
ni_tfnbs,"e=1.2,h=10.0,n=30,start_thres=1.25",hub,0.25,100,28,40,1730,35,0,5,1730,0.875,0.0,1.0,0.0,0.2553522762927142
ni_tfnbs,"e=1.3,h=0.5,n=30,start_thres=1.25",hub,0.25,100,28,40,1730,38,0,2,1730,0.95,0.0,1.0,0.0,0.2553522762927142
ni_tfnbs,"e=1.3,h=1.0,n=30,start_thres=1.25",hub,0.25,100,28,40,1730,38,1,2,1729,0.95,0.0005780346820809,0.9743589743589745,0.0256410256410256,0.2553522762927142
ni_tfnbs,"e=1.3,h=2.0,n=30,start_thres=1.25",hub,0.25,100,28,40,1730,38,1,2,1729,0.95,0.0005780346820809,0.9743589743589745,0.0256410256410256,0.2553522762927142
ni_tfnbs,"e=1.3,h=3.0,n=30,start_thres=1.25",hub,0.25,100,28,40,1730,38,1,2,1729,0.95,0.0005780346820809,0.9743589743589745,0.0256410256410256,0.2553522762927142
ni_tfnbs,"e=1.3,h=4.0,n=30,start_thres=1.25",hub,0.25,100,28,40,1730,38,0,2,1730,0.95,0.0,1.0,0.0,0.2553522762927142
ni_tfnbs,"e=1.3,h=5.0,n=30,start_thres=1.25",hub,0.25,100,28,40,1730,38,0,2,1730,0.95,0.0,1.0,0.0,0.2553522762927142
ni_tfnbs,"e=1.3,h=6.0,n=30,start_thres=1.25",hub,0.25,100,28,40,1730,38,0,2,1730,0.95,0.0,1.0,0.0,0.2553522762927142
ni_tfnbs,"e=1.3,h=7.0,n=30,start_thres=1.25",hub,0.25,100,28,40,1730,37,0,3,1730,0.925,0.0,1.0,0.0,0.2553522762927142
ni_tfnbs,"e=1.3,h=8.0,n=30,start_thres=1.25",hub,0.25,100,28,40,1730,37,0,3,1730,0.925,0.0,1.0,0.0,0.2553522762927142
ni_tfnbs,"e=1.3,h=9.0,n=30,start_thres=1.25",hub,0.25,100,28,40,1730,37,0,3,1730,0.925,0.0,1.0,0.0,0.2553522762927142
ni_tfnbs,"e=1.3,h=10.0,n=30,start_thres=1.25",hub,0.25,100,28,40,1730,37,0,3,1730,0.925,0.0,1.0,0.0,0.2553522762927142
ni_tfnbs,"e=1.4,h=0.5,n=30,start_thres=1.25",hub,0.25,100,28,40,1730,38,0,2,1730,0.95,0.0,1.0,0.0,0.2553522762927142
ni_tfnbs,"e=1.4,h=1.0,n=30,start_thres=1.25",hub,0.25,100,28,40,1730,38,1,2,1729,0.95,0.0005780346820809,0.9743589743589745,0.0256410256410256,0.2553522762927142
ni_tfnbs,"e=1.4,h=2.0,n=30,start_thres=1.25",hub,0.25,100,28,40,1730,38,1,2,1729,0.95,0.0005780346820809,0.9743589743589745,0.0256410256410256,0.2553522762927142
ni_tfnbs,"e=1.4,h=3.0,n=30,start_thres=1.25",hub,0.25,100,28,40,1730,38,1,2,1729,0.95,0.0005780346820809,0.9743589743589745,0.0256410256410256,0.2553522762927142
ni_tfnbs,"e=1.4,h=4.0,n=30,start_thres=1.25",hub,0.25,100,28,40,1730,38,1,2,1729,0.95,0.0005780346820809,0.9743589743589745,0.0256410256410256,0.2553522762927142
ni_tfnbs,"e=1.4,h=5.0,n=30,start_thres=1.25",hub,0.25,100,28,40,1730,38,0,2,1730,0.95,0.0,1.0,0.0,0.2553522762927142
ni_tfnbs,"e=1.4,h=6.0,n=30,start_thres=1.25",hub,0.25,100,28,40,1730,38,0,2,1730,0.95,0.0,1.0,0.0,0.2553522762927142
ni_tfnbs,"e=1.4,h=7.0,n=30,start_thres=1.25",hub,0.25,100,28,40,1730,38,0,2,1730,0.95,0.0,1.0,0.0,0.2553522762927142
ni_tfnbs,"e=1.4,h=8.0,n=30,start_thres=1.25",hub,0.25,100,28,40,1730,37,0,3,1730,0.925,0.0,1.0,0.0,0.2553522762927142
ni_tfnbs,"e=1.4,h=9.0,n=30,start_thres=1.25",hub,0.25,100,28,40,1730,37,0,3,1730,0.925,0.0,1.0,0.0,0.2553522762927142
ni_tfnbs,"e=1.4,h=10.0,n=30,start_thres=1.25",hub,0.25,100,28,40,1730,37,0,3,1730,0.925,0.0,1.0,0.0,0.2553522762927142
ni_tfnbs,"e=1.5,h=0.5,n=30,start_thres=1.25",hub,0.25,100,28,40,1730,38,0,2,1730,0.95,0.0,1.0,0.0,0.2553522762927142
ni_tfnbs,"e=1.5,h=1.0,n=30,start_thres=1.25",hub,0.25,100,28,40,1730,38,1,2,1729,0.95,0.0005780346820809,0.9743589743589745,0.0256410256410256,0.2553522762927142
ni_tfnbs,"e=1.5,h=2.0,n=30,start_thres=1.25",hub,0.25,100,28,40,1730,38,1,2,1729,0.95,0.0005780346820809,0.9743589743589745,0.0256410256410256,0.2553522762927142
ni_tfnbs,"e=1.5,h=3.0,n=30,start_thres=1.25",hub,0.25,100,28,40,1730,38,1,2,1729,0.95,0.0005780346820809,0.9743589743589745,0.0256410256410256,0.2553522762927142
ni_tfnbs,"e=1.5,h=4.0,n=30,start_thres=1.25",hub,0.25,100,28,40,1730,38,1,2,1729,0.95,0.0005780346820809,0.9743589743589745,0.0256410256410256,0.2553522762927142
ni_tfnbs,"e=1.5,h=5.0,n=30,start_thres=1.25",hub,0.25,100,28,40,1730,38,1,2,1729,0.95,0.0005780346820809,0.9743589743589745,0.0256410256410256,0.2553522762927142
ni_tfnbs,"e=1.5,h=6.0,n=30,start_thres=1.25",hub,0.25,100,28,40,1730,38,0,2,1730,0.95,0.0,1.0,0.0,0.2553522762927142
ni_tfnbs,"e=1.5,h=7.0,n=30,start_thres=1.25",hub,0.25,100,28,40,1730,38,0,2,1730,0.95,0.0,1.0,0.0,0.2553522762927142
ni_tfnbs,"e=1.5,h=8.0,n=30,start_thres=1.25",hub,0.25,100,28,40,1730,38,0,2,1730,0.95,0.0,1.0,0.0,0.2553522762927142
ni_tfnbs,"e=1.5,h=9.0,n=30,start_thres=1.25",hub,0.25,100,28,40,1730,37,0,3,1730,0.925,0.0,1.0,0.0,0.2553522762927142
ni_tfnbs,"e=1.5,h=10.0,n=30,start_thres=1.25",hub,0.25,100,28,40,1730,37,0,3,1730,0.925,0.0,1.0,0.0,0.2553522762927142
ni_tfnbs,"e=0.05,h=0.5,n=30,start_thres=1.25",hub,0.25,100,29,40,1730,31,0,9,1730,0.775,0.0,1.0,0.0,0.258822813630104
ni_tfnbs,"e=0.05,h=1.0,n=30,start_thres=1.25",hub,0.25,100,29,40,1730,31,0,9,1730,0.775,0.0,1.0,0.0,0.258822813630104
ni_tfnbs,"e=0.05,h=2.0,n=30,start_thres=1.25",hub,0.25,100,29,40,1730,31,0,9,1730,0.775,0.0,1.0,0.0,0.258822813630104
ni_tfnbs,"e=0.05,h=3.0,n=30,start_thres=1.25",hub,0.25,100,29,40,1730,31,0,9,1730,0.775,0.0,1.0,0.0,0.258822813630104
ni_tfnbs,"e=0.05,h=4.0,n=30,start_thres=1.25",hub,0.25,100,29,40,1730,31,0,9,1730,0.775,0.0,1.0,0.0,0.258822813630104
ni_tfnbs,"e=0.05,h=5.0,n=30,start_thres=1.25",hub,0.25,100,29,40,1730,31,0,9,1730,0.775,0.0,1.0,0.0,0.258822813630104
ni_tfnbs,"e=0.05,h=6.0,n=30,start_thres=1.25",hub,0.25,100,29,40,1730,31,0,9,1730,0.775,0.0,1.0,0.0,0.258822813630104
ni_tfnbs,"e=0.05,h=7.0,n=30,start_thres=1.25",hub,0.25,100,29,40,1730,31,0,9,1730,0.775,0.0,1.0,0.0,0.258822813630104
ni_tfnbs,"e=0.05,h=8.0,n=30,start_thres=1.25",hub,0.25,100,29,40,1730,31,0,9,1730,0.775,0.0,1.0,0.0,0.258822813630104
ni_tfnbs,"e=0.05,h=9.0,n=30,start_thres=1.25",hub,0.25,100,29,40,1730,31,0,9,1730,0.775,0.0,1.0,0.0,0.258822813630104
ni_tfnbs,"e=0.05,h=10.0,n=30,start_thres=1.25",hub,0.25,100,29,40,1730,31,0,9,1730,0.775,0.0,1.0,0.0,0.258822813630104
ni_tfnbs,"e=0.1,h=0.5,n=30,start_thres=1.25",hub,0.25,100,29,40,1730,31,0,9,1730,0.775,0.0,1.0,0.0,0.258822813630104
ni_tfnbs,"e=0.1,h=1.0,n=30,start_thres=1.25",hub,0.25,100,29,40,1730,31,0,9,1730,0.775,0.0,1.0,0.0,0.258822813630104
ni_tfnbs,"e=0.1,h=2.0,n=30,start_thres=1.25",hub,0.25,100,29,40,1730,31,0,9,1730,0.775,0.0,1.0,0.0,0.258822813630104
ni_tfnbs,"e=0.1,h=3.0,n=30,start_thres=1.25",hub,0.25,100,29,40,1730,31,0,9,1730,0.775,0.0,1.0,0.0,0.258822813630104
ni_tfnbs,"e=0.1,h=4.0,n=30,start_thres=1.25",hub,0.25,100,29,40,1730,31,0,9,1730,0.775,0.0,1.0,0.0,0.258822813630104
ni_tfnbs,"e=0.1,h=5.0,n=30,start_thres=1.25",hub,0.25,100,29,40,1730,31,0,9,1730,0.775,0.0,1.0,0.0,0.258822813630104
ni_tfnbs,"e=0.1,h=6.0,n=30,start_thres=1.25",hub,0.25,100,29,40,1730,31,0,9,1730,0.775,0.0,1.0,0.0,0.258822813630104
ni_tfnbs,"e=0.1,h=7.0,n=30,start_thres=1.25",hub,0.25,100,29,40,1730,31,0,9,1730,0.775,0.0,1.0,0.0,0.258822813630104
ni_tfnbs,"e=0.1,h=8.0,n=30,start_thres=1.25",hub,0.25,100,29,40,1730,31,0,9,1730,0.775,0.0,1.0,0.0,0.258822813630104
ni_tfnbs,"e=0.1,h=9.0,n=30,start_thres=1.25",hub,0.25,100,29,40,1730,31,0,9,1730,0.775,0.0,1.0,0.0,0.258822813630104
ni_tfnbs,"e=0.1,h=10.0,n=30,start_thres=1.25",hub,0.25,100,29,40,1730,31,0,9,1730,0.775,0.0,1.0,0.0,0.258822813630104
ni_tfnbs,"e=0.2,h=0.5,n=30,start_thres=1.25",hub,0.25,100,29,40,1730,34,0,6,1730,0.85,0.0,1.0,0.0,0.258822813630104
ni_tfnbs,"e=0.2,h=1.0,n=30,start_thres=1.25",hub,0.25,100,29,40,1730,34,0,6,1730,0.85,0.0,1.0,0.0,0.258822813630104
ni_tfnbs,"e=0.2,h=2.0,n=30,start_thres=1.25",hub,0.25,100,29,40,1730,34,0,6,1730,0.85,0.0,1.0,0.0,0.258822813630104
ni_tfnbs,"e=0.2,h=3.0,n=30,start_thres=1.25",hub,0.25,100,29,40,1730,34,0,6,1730,0.85,0.0,1.0,0.0,0.258822813630104
ni_tfnbs,"e=0.2,h=4.0,n=30,start_thres=1.25",hub,0.25,100,29,40,1730,34,0,6,1730,0.85,0.0,1.0,0.0,0.258822813630104
ni_tfnbs,"e=0.2,h=5.0,n=30,start_thres=1.25",hub,0.25,100,29,40,1730,33,0,7,1730,0.825,0.0,1.0,0.0,0.258822813630104
ni_tfnbs,"e=0.2,h=6.0,n=30,start_thres=1.25",hub,0.25,100,29,40,1730,31,0,9,1730,0.775,0.0,1.0,0.0,0.258822813630104
ni_tfnbs,"e=0.2,h=7.0,n=30,start_thres=1.25",hub,0.25,100,29,40,1730,31,0,9,1730,0.775,0.0,1.0,0.0,0.258822813630104
ni_tfnbs,"e=0.2,h=8.0,n=30,start_thres=1.25",hub,0.25,100,29,40,1730,31,0,9,1730,0.775,0.0,1.0,0.0,0.258822813630104
ni_tfnbs,"e=0.2,h=9.0,n=30,start_thres=1.25",hub,0.25,100,29,40,1730,31,0,9,1730,0.775,0.0,1.0,0.0,0.258822813630104
ni_tfnbs,"e=0.2,h=10.0,n=30,start_thres=1.25",hub,0.25,100,29,40,1730,31,0,9,1730,0.775,0.0,1.0,0.0,0.258822813630104
ni_tfnbs,"e=0.3,h=0.5,n=30,start_thres=1.25",hub,0.25,100,29,40,1730,36,0,4,1730,0.9,0.0,1.0,0.0,0.258822813630104
ni_tfnbs,"e=0.3,h=1.0,n=30,start_thres=1.25",hub,0.25,100,29,40,1730,36,0,4,1730,0.9,0.0,1.0,0.0,0.258822813630104
ni_tfnbs,"e=0.3,h=2.0,n=30,start_thres=1.25",hub,0.25,100,29,40,1730,36,0,4,1730,0.9,0.0,1.0,0.0,0.258822813630104
ni_tfnbs,"e=0.3,h=3.0,n=30,start_thres=1.25",hub,0.25,100,29,40,1730,35,0,5,1730,0.875,0.0,1.0,0.0,0.258822813630104
ni_tfnbs,"e=0.3,h=4.0,n=30,start_thres=1.25",hub,0.25,100,29,40,1730,34,0,6,1730,0.85,0.0,1.0,0.0,0.258822813630104
ni_tfnbs,"e=0.3,h=5.0,n=30,start_thres=1.25",hub,0.25,100,29,40,1730,34,0,6,1730,0.85,0.0,1.0,0.0,0.258822813630104
ni_tfnbs,"e=0.3,h=6.0,n=30,start_thres=1.25",hub,0.25,100,29,40,1730,34,0,6,1730,0.85,0.0,1.0,0.0,0.258822813630104
ni_tfnbs,"e=0.3,h=7.0,n=30,start_thres=1.25",hub,0.25,100,29,40,1730,34,0,6,1730,0.85,0.0,1.0,0.0,0.258822813630104
ni_tfnbs,"e=0.3,h=8.0,n=30,start_thres=1.25",hub,0.25,100,29,40,1730,34,0,6,1730,0.85,0.0,1.0,0.0,0.258822813630104
ni_tfnbs,"e=0.3,h=9.0,n=30,start_thres=1.25",hub,0.25,100,29,40,1730,31,0,9,1730,0.775,0.0,1.0,0.0,0.258822813630104
ni_tfnbs,"e=0.3,h=10.0,n=30,start_thres=1.25",hub,0.25,100,29,40,1730,31,0,9,1730,0.775,0.0,1.0,0.0,0.258822813630104
ni_tfnbs,"e=0.4,h=0.5,n=30,start_thres=1.25",hub,0.25,100,29,40,1730,37,0,3,1730,0.925,0.0,1.0,0.0,0.258822813630104
ni_tfnbs,"e=0.4,h=1.0,n=30,start_thres=1.25",hub,0.25,100,29,40,1730,37,0,3,1730,0.925,0.0,1.0,0.0,0.258822813630104
ni_tfnbs,"e=0.4,h=2.0,n=30,start_thres=1.25",hub,0.25,100,29,40,1730,36,0,4,1730,0.9,0.0,1.0,0.0,0.258822813630104
ni_tfnbs,"e=0.4,h=3.0,n=30,start_thres=1.25",hub,0.25,100,29,40,1730,36,0,4,1730,0.9,0.0,1.0,0.0,0.258822813630104
ni_tfnbs,"e=0.4,h=4.0,n=30,start_thres=1.25",hub,0.25,100,29,40,1730,36,0,4,1730,0.9,0.0,1.0,0.0,0.258822813630104
ni_tfnbs,"e=0.4,h=5.0,n=30,start_thres=1.25",hub,0.25,100,29,40,1730,36,0,4,1730,0.9,0.0,1.0,0.0,0.258822813630104
ni_tfnbs,"e=0.4,h=6.0,n=30,start_thres=1.25",hub,0.25,100,29,40,1730,34,0,6,1730,0.85,0.0,1.0,0.0,0.258822813630104
ni_tfnbs,"e=0.4,h=7.0,n=30,start_thres=1.25",hub,0.25,100,29,40,1730,34,0,6,1730,0.85,0.0,1.0,0.0,0.258822813630104
ni_tfnbs,"e=0.4,h=8.0,n=30,start_thres=1.25",hub,0.25,100,29,40,1730,34,0,6,1730,0.85,0.0,1.0,0.0,0.258822813630104
ni_tfnbs,"e=0.4,h=9.0,n=30,start_thres=1.25",hub,0.25,100,29,40,1730,34,0,6,1730,0.85,0.0,1.0,0.0,0.258822813630104
ni_tfnbs,"e=0.4,h=10.0,n=30,start_thres=1.25",hub,0.25,100,29,40,1730,34,0,6,1730,0.85,0.0,1.0,0.0,0.258822813630104
ni_tfnbs,"e=0.5,h=0.5,n=30,start_thres=1.25",hub,0.25,100,29,40,1730,37,0,3,1730,0.925,0.0,1.0,0.0,0.258822813630104
ni_tfnbs,"e=0.5,h=1.0,n=30,start_thres=1.25",hub,0.25,100,29,40,1730,37,0,3,1730,0.925,0.0,1.0,0.0,0.258822813630104
ni_tfnbs,"e=0.5,h=2.0,n=30,start_thres=1.25",hub,0.25,100,29,40,1730,37,0,3,1730,0.925,0.0,1.0,0.0,0.258822813630104
ni_tfnbs,"e=0.5,h=3.0,n=30,start_thres=1.25",hub,0.25,100,29,40,1730,37,0,3,1730,0.925,0.0,1.0,0.0,0.258822813630104
ni_tfnbs,"e=0.5,h=4.0,n=30,start_thres=1.25",hub,0.25,100,29,40,1730,36,0,4,1730,0.9,0.0,1.0,0.0,0.258822813630104
ni_tfnbs,"e=0.5,h=5.0,n=30,start_thres=1.25",hub,0.25,100,29,40,1730,36,0,4,1730,0.9,0.0,1.0,0.0,0.258822813630104
ni_tfnbs,"e=0.5,h=6.0,n=30,start_thres=1.25",hub,0.25,100,29,40,1730,36,0,4,1730,0.9,0.0,1.0,0.0,0.258822813630104
ni_tfnbs,"e=0.5,h=7.0,n=30,start_thres=1.25",hub,0.25,100,29,40,1730,35,0,5,1730,0.875,0.0,1.0,0.0,0.258822813630104
ni_tfnbs,"e=0.5,h=8.0,n=30,start_thres=1.25",hub,0.25,100,29,40,1730,34,0,6,1730,0.85,0.0,1.0,0.0,0.258822813630104
ni_tfnbs,"e=0.5,h=9.0,n=30,start_thres=1.25",hub,0.25,100,29,40,1730,34,0,6,1730,0.85,0.0,1.0,0.0,0.258822813630104
ni_tfnbs,"e=0.5,h=10.0,n=30,start_thres=1.25",hub,0.25,100,29,40,1730,34,0,6,1730,0.85,0.0,1.0,0.0,0.258822813630104
ni_tfnbs,"e=0.6,h=0.5,n=30,start_thres=1.25",hub,0.25,100,29,40,1730,39,1,1,1729,0.975,0.0005780346820809,0.975,0.025,0.258822813630104
ni_tfnbs,"e=0.6,h=1.0,n=30,start_thres=1.25",hub,0.25,100,29,40,1730,39,1,1,1729,0.975,0.0005780346820809,0.975,0.025,0.258822813630104
ni_tfnbs,"e=0.6,h=2.0,n=30,start_thres=1.25",hub,0.25,100,29,40,1730,38,1,2,1729,0.95,0.0005780346820809,0.9743589743589745,0.0256410256410256,0.258822813630104
ni_tfnbs,"e=0.6,h=3.0,n=30,start_thres=1.25",hub,0.25,100,29,40,1730,37,0,3,1730,0.925,0.0,1.0,0.0,0.258822813630104
ni_tfnbs,"e=0.6,h=4.0,n=30,start_thres=1.25",hub,0.25,100,29,40,1730,37,0,3,1730,0.925,0.0,1.0,0.0,0.258822813630104
ni_tfnbs,"e=0.6,h=5.0,n=30,start_thres=1.25",hub,0.25,100,29,40,1730,36,0,4,1730,0.9,0.0,1.0,0.0,0.258822813630104
ni_tfnbs,"e=0.6,h=6.0,n=30,start_thres=1.25",hub,0.25,100,29,40,1730,36,0,4,1730,0.9,0.0,1.0,0.0,0.258822813630104
ni_tfnbs,"e=0.6,h=7.0,n=30,start_thres=1.25",hub,0.25,100,29,40,1730,36,0,4,1730,0.9,0.0,1.0,0.0,0.258822813630104
ni_tfnbs,"e=0.6,h=8.0,n=30,start_thres=1.25",hub,0.25,100,29,40,1730,36,0,4,1730,0.9,0.0,1.0,0.0,0.258822813630104
ni_tfnbs,"e=0.6,h=9.0,n=30,start_thres=1.25",hub,0.25,100,29,40,1730,35,0,5,1730,0.875,0.0,1.0,0.0,0.258822813630104
ni_tfnbs,"e=0.6,h=10.0,n=30,start_thres=1.25",hub,0.25,100,29,40,1730,34,0,6,1730,0.85,0.0,1.0,0.0,0.258822813630104
ni_tfnbs,"e=0.7,h=0.5,n=30,start_thres=1.25",hub,0.25,100,29,40,1730,39,1,1,1729,0.975,0.0005780346820809,0.975,0.025,0.258822813630104
ni_tfnbs,"e=0.7,h=1.0,n=30,start_thres=1.25",hub,0.25,100,29,40,1730,39,1,1,1729,0.975,0.0005780346820809,0.975,0.025,0.258822813630104
ni_tfnbs,"e=0.7,h=2.0,n=30,start_thres=1.25",hub,0.25,100,29,40,1730,39,1,1,1729,0.975,0.0005780346820809,0.975,0.025,0.258822813630104
ni_tfnbs,"e=0.7,h=3.0,n=30,start_thres=1.25",hub,0.25,100,29,40,1730,39,1,1,1729,0.975,0.0005780346820809,0.975,0.025,0.258822813630104
ni_tfnbs,"e=0.7,h=4.0,n=30,start_thres=1.25",hub,0.25,100,29,40,1730,37,0,3,1730,0.925,0.0,1.0,0.0,0.258822813630104
ni_tfnbs,"e=0.7,h=5.0,n=30,start_thres=1.25",hub,0.25,100,29,40,1730,37,0,3,1730,0.925,0.0,1.0,0.0,0.258822813630104
ni_tfnbs,"e=0.7,h=6.0,n=30,start_thres=1.25",hub,0.25,100,29,40,1730,37,0,3,1730,0.925,0.0,1.0,0.0,0.258822813630104
ni_tfnbs,"e=0.7,h=7.0,n=30,start_thres=1.25",hub,0.25,100,29,40,1730,36,0,4,1730,0.9,0.0,1.0,0.0,0.258822813630104
ni_tfnbs,"e=0.7,h=8.0,n=30,start_thres=1.25",hub,0.25,100,29,40,1730,36,0,4,1730,0.9,0.0,1.0,0.0,0.258822813630104
ni_tfnbs,"e=0.7,h=9.0,n=30,start_thres=1.25",hub,0.25,100,29,40,1730,36,0,4,1730,0.9,0.0,1.0,0.0,0.258822813630104
ni_tfnbs,"e=0.7,h=10.0,n=30,start_thres=1.25",hub,0.25,100,29,40,1730,36,0,4,1730,0.9,0.0,1.0,0.0,0.258822813630104
ni_tfnbs,"e=0.8,h=0.5,n=30,start_thres=1.25",hub,0.25,100,29,40,1730,39,1,1,1729,0.975,0.0005780346820809,0.975,0.025,0.258822813630104
ni_tfnbs,"e=0.8,h=1.0,n=30,start_thres=1.25",hub,0.25,100,29,40,1730,39,1,1,1729,0.975,0.0005780346820809,0.975,0.025,0.258822813630104
ni_tfnbs,"e=0.8,h=2.0,n=30,start_thres=1.25",hub,0.25,100,29,40,1730,39,1,1,1729,0.975,0.0005780346820809,0.975,0.025,0.258822813630104
ni_tfnbs,"e=0.8,h=3.0,n=30,start_thres=1.25",hub,0.25,100,29,40,1730,39,1,1,1729,0.975,0.0005780346820809,0.975,0.025,0.258822813630104
ni_tfnbs,"e=0.8,h=4.0,n=30,start_thres=1.25",hub,0.25,100,29,40,1730,39,1,1,1729,0.975,0.0005780346820809,0.975,0.025,0.258822813630104
ni_tfnbs,"e=0.8,h=5.0,n=30,start_thres=1.25",hub,0.25,100,29,40,1730,37,0,3,1730,0.925,0.0,1.0,0.0,0.258822813630104
ni_tfnbs,"e=0.8,h=6.0,n=30,start_thres=1.25",hub,0.25,100,29,40,1730,37,0,3,1730,0.925,0.0,1.0,0.0,0.258822813630104
ni_tfnbs,"e=0.8,h=7.0,n=30,start_thres=1.25",hub,0.25,100,29,40,1730,37,0,3,1730,0.925,0.0,1.0,0.0,0.258822813630104
ni_tfnbs,"e=0.8,h=8.0,n=30,start_thres=1.25",hub,0.25,100,29,40,1730,36,0,4,1730,0.9,0.0,1.0,0.0,0.258822813630104
ni_tfnbs,"e=0.8,h=9.0,n=30,start_thres=1.25",hub,0.25,100,29,40,1730,36,0,4,1730,0.9,0.0,1.0,0.0,0.258822813630104
ni_tfnbs,"e=0.8,h=10.0,n=30,start_thres=1.25",hub,0.25,100,29,40,1730,36,0,4,1730,0.9,0.0,1.0,0.0,0.258822813630104
ni_tfnbs,"e=0.9,h=0.5,n=30,start_thres=1.25",hub,0.25,100,29,40,1730,39,1,1,1729,0.975,0.0005780346820809,0.975,0.025,0.258822813630104
ni_tfnbs,"e=0.9,h=1.0,n=30,start_thres=1.25",hub,0.25,100,29,40,1730,39,1,1,1729,0.975,0.0005780346820809,0.975,0.025,0.258822813630104
ni_tfnbs,"e=0.9,h=2.0,n=30,start_thres=1.25",hub,0.25,100,29,40,1730,39,1,1,1729,0.975,0.0005780346820809,0.975,0.025,0.258822813630104
ni_tfnbs,"e=0.9,h=3.0,n=30,start_thres=1.25",hub,0.25,100,29,40,1730,39,1,1,1729,0.975,0.0005780346820809,0.975,0.025,0.258822813630104
ni_tfnbs,"e=0.9,h=4.0,n=30,start_thres=1.25",hub,0.25,100,29,40,1730,39,1,1,1729,0.975,0.0005780346820809,0.975,0.025,0.258822813630104
ni_tfnbs,"e=0.9,h=5.0,n=30,start_thres=1.25",hub,0.25,100,29,40,1730,39,1,1,1729,0.975,0.0005780346820809,0.975,0.025,0.258822813630104
ni_tfnbs,"e=0.9,h=6.0,n=30,start_thres=1.25",hub,0.25,100,29,40,1730,37,0,3,1730,0.925,0.0,1.0,0.0,0.258822813630104
ni_tfnbs,"e=0.9,h=7.0,n=30,start_thres=1.25",hub,0.25,100,29,40,1730,37,0,3,1730,0.925,0.0,1.0,0.0,0.258822813630104
ni_tfnbs,"e=0.9,h=8.0,n=30,start_thres=1.25",hub,0.25,100,29,40,1730,37,0,3,1730,0.925,0.0,1.0,0.0,0.258822813630104
ni_tfnbs,"e=0.9,h=9.0,n=30,start_thres=1.25",hub,0.25,100,29,40,1730,37,0,3,1730,0.925,0.0,1.0,0.0,0.258822813630104
ni_tfnbs,"e=0.9,h=10.0,n=30,start_thres=1.25",hub,0.25,100,29,40,1730,36,0,4,1730,0.9,0.0,1.0,0.0,0.258822813630104
ni_tfnbs,"e=1.0,h=0.5,n=30,start_thres=1.25",hub,0.25,100,29,40,1730,39,1,1,1729,0.975,0.0005780346820809,0.975,0.025,0.258822813630104
ni_tfnbs,"e=1.0,h=1.0,n=30,start_thres=1.25",hub,0.25,100,29,40,1730,39,1,1,1729,0.975,0.0005780346820809,0.975,0.025,0.258822813630104
ni_tfnbs,"e=1.0,h=2.0,n=30,start_thres=1.25",hub,0.25,100,29,40,1730,39,1,1,1729,0.975,0.0005780346820809,0.975,0.025,0.258822813630104
ni_tfnbs,"e=1.0,h=3.0,n=30,start_thres=1.25",hub,0.25,100,29,40,1730,39,1,1,1729,0.975,0.0005780346820809,0.975,0.025,0.258822813630104
ni_tfnbs,"e=1.0,h=4.0,n=30,start_thres=1.25",hub,0.25,100,29,40,1730,39,1,1,1729,0.975,0.0005780346820809,0.975,0.025,0.258822813630104
ni_tfnbs,"e=1.0,h=5.0,n=30,start_thres=1.25",hub,0.25,100,29,40,1730,39,1,1,1729,0.975,0.0005780346820809,0.975,0.025,0.258822813630104
ni_tfnbs,"e=1.0,h=6.0,n=30,start_thres=1.25",hub,0.25,100,29,40,1730,39,1,1,1729,0.975,0.0005780346820809,0.975,0.025,0.258822813630104
ni_tfnbs,"e=1.0,h=7.0,n=30,start_thres=1.25",hub,0.25,100,29,40,1730,37,1,3,1729,0.925,0.0005780346820809,0.9736842105263158,0.0263157894736842,0.258822813630104
ni_tfnbs,"e=1.0,h=8.0,n=30,start_thres=1.25",hub,0.25,100,29,40,1730,37,0,3,1730,0.925,0.0,1.0,0.0,0.258822813630104
ni_tfnbs,"e=1.0,h=9.0,n=30,start_thres=1.25",hub,0.25,100,29,40,1730,37,0,3,1730,0.925,0.0,1.0,0.0,0.258822813630104
ni_tfnbs,"e=1.0,h=10.0,n=30,start_thres=1.25",hub,0.25,100,29,40,1730,37,0,3,1730,0.925,0.0,1.0,0.0,0.258822813630104
ni_tfnbs,"e=1.1,h=0.5,n=30,start_thres=1.25",hub,0.25,100,29,40,1730,39,1,1,1729,0.975,0.0005780346820809,0.975,0.025,0.258822813630104
ni_tfnbs,"e=1.1,h=1.0,n=30,start_thres=1.25",hub,0.25,100,29,40,1730,39,1,1,1729,0.975,0.0005780346820809,0.975,0.025,0.258822813630104
ni_tfnbs,"e=1.1,h=2.0,n=30,start_thres=1.25",hub,0.25,100,29,40,1730,39,1,1,1729,0.975,0.0005780346820809,0.975,0.025,0.258822813630104
ni_tfnbs,"e=1.1,h=3.0,n=30,start_thres=1.25",hub,0.25,100,29,40,1730,39,1,1,1729,0.975,0.0005780346820809,0.975,0.025,0.258822813630104
ni_tfnbs,"e=1.1,h=4.0,n=30,start_thres=1.25",hub,0.25,100,29,40,1730,39,1,1,1729,0.975,0.0005780346820809,0.975,0.025,0.258822813630104
ni_tfnbs,"e=1.1,h=5.0,n=30,start_thres=1.25",hub,0.25,100,29,40,1730,39,1,1,1729,0.975,0.0005780346820809,0.975,0.025,0.258822813630104
ni_tfnbs,"e=1.1,h=6.0,n=30,start_thres=1.25",hub,0.25,100,29,40,1730,39,1,1,1729,0.975,0.0005780346820809,0.975,0.025,0.258822813630104
ni_tfnbs,"e=1.1,h=7.0,n=30,start_thres=1.25",hub,0.25,100,29,40,1730,39,1,1,1729,0.975,0.0005780346820809,0.975,0.025,0.258822813630104
ni_tfnbs,"e=1.1,h=8.0,n=30,start_thres=1.25",hub,0.25,100,29,40,1730,37,1,3,1729,0.925,0.0005780346820809,0.9736842105263158,0.0263157894736842,0.258822813630104
ni_tfnbs,"e=1.1,h=9.0,n=30,start_thres=1.25",hub,0.25,100,29,40,1730,37,0,3,1730,0.925,0.0,1.0,0.0,0.258822813630104
ni_tfnbs,"e=1.1,h=10.0,n=30,start_thres=1.25",hub,0.25,100,29,40,1730,37,0,3,1730,0.925,0.0,1.0,0.0,0.258822813630104
ni_tfnbs,"e=1.2,h=0.5,n=30,start_thres=1.25",hub,0.25,100,29,40,1730,39,1,1,1729,0.975,0.0005780346820809,0.975,0.025,0.258822813630104
ni_tfnbs,"e=1.2,h=1.0,n=30,start_thres=1.25",hub,0.25,100,29,40,1730,39,1,1,1729,0.975,0.0005780346820809,0.975,0.025,0.258822813630104
ni_tfnbs,"e=1.2,h=2.0,n=30,start_thres=1.25",hub,0.25,100,29,40,1730,39,1,1,1729,0.975,0.0005780346820809,0.975,0.025,0.258822813630104
ni_tfnbs,"e=1.2,h=3.0,n=30,start_thres=1.25",hub,0.25,100,29,40,1730,39,1,1,1729,0.975,0.0005780346820809,0.975,0.025,0.258822813630104
ni_tfnbs,"e=1.2,h=4.0,n=30,start_thres=1.25",hub,0.25,100,29,40,1730,39,1,1,1729,0.975,0.0005780346820809,0.975,0.025,0.258822813630104
ni_tfnbs,"e=1.2,h=5.0,n=30,start_thres=1.25",hub,0.25,100,29,40,1730,39,1,1,1729,0.975,0.0005780346820809,0.975,0.025,0.258822813630104
ni_tfnbs,"e=1.2,h=6.0,n=30,start_thres=1.25",hub,0.25,100,29,40,1730,39,1,1,1729,0.975,0.0005780346820809,0.975,0.025,0.258822813630104
ni_tfnbs,"e=1.2,h=7.0,n=30,start_thres=1.25",hub,0.25,100,29,40,1730,39,1,1,1729,0.975,0.0005780346820809,0.975,0.025,0.258822813630104
ni_tfnbs,"e=1.2,h=8.0,n=30,start_thres=1.25",hub,0.25,100,29,40,1730,39,1,1,1729,0.975,0.0005780346820809,0.975,0.025,0.258822813630104
ni_tfnbs,"e=1.2,h=9.0,n=30,start_thres=1.25",hub,0.25,100,29,40,1730,37,1,3,1729,0.925,0.0005780346820809,0.9736842105263158,0.0263157894736842,0.258822813630104
ni_tfnbs,"e=1.2,h=10.0,n=30,start_thres=1.25",hub,0.25,100,29,40,1730,37,0,3,1730,0.925,0.0,1.0,0.0,0.258822813630104
ni_tfnbs,"e=1.3,h=0.5,n=30,start_thres=1.25",hub,0.25,100,29,40,1730,39,1,1,1729,0.975,0.0005780346820809,0.975,0.025,0.258822813630104
ni_tfnbs,"e=1.3,h=1.0,n=30,start_thres=1.25",hub,0.25,100,29,40,1730,39,1,1,1729,0.975,0.0005780346820809,0.975,0.025,0.258822813630104
ni_tfnbs,"e=1.3,h=2.0,n=30,start_thres=1.25",hub,0.25,100,29,40,1730,39,1,1,1729,0.975,0.0005780346820809,0.975,0.025,0.258822813630104
ni_tfnbs,"e=1.3,h=3.0,n=30,start_thres=1.25",hub,0.25,100,29,40,1730,39,1,1,1729,0.975,0.0005780346820809,0.975,0.025,0.258822813630104
ni_tfnbs,"e=1.3,h=4.0,n=30,start_thres=1.25",hub,0.25,100,29,40,1730,39,1,1,1729,0.975,0.0005780346820809,0.975,0.025,0.258822813630104
ni_tfnbs,"e=1.3,h=5.0,n=30,start_thres=1.25",hub,0.25,100,29,40,1730,39,1,1,1729,0.975,0.0005780346820809,0.975,0.025,0.258822813630104
ni_tfnbs,"e=1.3,h=6.0,n=30,start_thres=1.25",hub,0.25,100,29,40,1730,39,1,1,1729,0.975,0.0005780346820809,0.975,0.025,0.258822813630104
ni_tfnbs,"e=1.3,h=7.0,n=30,start_thres=1.25",hub,0.25,100,29,40,1730,39,1,1,1729,0.975,0.0005780346820809,0.975,0.025,0.258822813630104
ni_tfnbs,"e=1.3,h=8.0,n=30,start_thres=1.25",hub,0.25,100,29,40,1730,39,1,1,1729,0.975,0.0005780346820809,0.975,0.025,0.258822813630104
ni_tfnbs,"e=1.3,h=9.0,n=30,start_thres=1.25",hub,0.25,100,29,40,1730,39,1,1,1729,0.975,0.0005780346820809,0.975,0.025,0.258822813630104
ni_tfnbs,"e=1.3,h=10.0,n=30,start_thres=1.25",hub,0.25,100,29,40,1730,37,1,3,1729,0.925,0.0005780346820809,0.9736842105263158,0.0263157894736842,0.258822813630104
ni_tfnbs,"e=1.4,h=0.5,n=30,start_thres=1.25",hub,0.25,100,29,40,1730,39,1,1,1729,0.975,0.0005780346820809,0.975,0.025,0.258822813630104
ni_tfnbs,"e=1.4,h=1.0,n=30,start_thres=1.25",hub,0.25,100,29,40,1730,39,1,1,1729,0.975,0.0005780346820809,0.975,0.025,0.258822813630104
ni_tfnbs,"e=1.4,h=2.0,n=30,start_thres=1.25",hub,0.25,100,29,40,1730,39,1,1,1729,0.975,0.0005780346820809,0.975,0.025,0.258822813630104
ni_tfnbs,"e=1.4,h=3.0,n=30,start_thres=1.25",hub,0.25,100,29,40,1730,39,1,1,1729,0.975,0.0005780346820809,0.975,0.025,0.258822813630104
ni_tfnbs,"e=1.4,h=4.0,n=30,start_thres=1.25",hub,0.25,100,29,40,1730,39,1,1,1729,0.975,0.0005780346820809,0.975,0.025,0.258822813630104
ni_tfnbs,"e=1.4,h=5.0,n=30,start_thres=1.25",hub,0.25,100,29,40,1730,39,1,1,1729,0.975,0.0005780346820809,0.975,0.025,0.258822813630104
ni_tfnbs,"e=1.4,h=6.0,n=30,start_thres=1.25",hub,0.25,100,29,40,1730,39,1,1,1729,0.975,0.0005780346820809,0.975,0.025,0.258822813630104
ni_tfnbs,"e=1.4,h=7.0,n=30,start_thres=1.25",hub,0.25,100,29,40,1730,39,1,1,1729,0.975,0.0005780346820809,0.975,0.025,0.258822813630104
ni_tfnbs,"e=1.4,h=8.0,n=30,start_thres=1.25",hub,0.25,100,29,40,1730,39,1,1,1729,0.975,0.0005780346820809,0.975,0.025,0.258822813630104
ni_tfnbs,"e=1.4,h=9.0,n=30,start_thres=1.25",hub,0.25,100,29,40,1730,39,1,1,1729,0.975,0.0005780346820809,0.975,0.025,0.258822813630104
ni_tfnbs,"e=1.4,h=10.0,n=30,start_thres=1.25",hub,0.25,100,29,40,1730,39,1,1,1729,0.975,0.0005780346820809,0.975,0.025,0.258822813630104
ni_tfnbs,"e=1.5,h=0.5,n=30,start_thres=1.25",hub,0.25,100,29,40,1730,39,1,1,1729,0.975,0.0005780346820809,0.975,0.025,0.258822813630104
ni_tfnbs,"e=1.5,h=1.0,n=30,start_thres=1.25",hub,0.25,100,29,40,1730,39,1,1,1729,0.975,0.0005780346820809,0.975,0.025,0.258822813630104
ni_tfnbs,"e=1.5,h=2.0,n=30,start_thres=1.25",hub,0.25,100,29,40,1730,39,1,1,1729,0.975,0.0005780346820809,0.975,0.025,0.258822813630104
ni_tfnbs,"e=1.5,h=3.0,n=30,start_thres=1.25",hub,0.25,100,29,40,1730,39,1,1,1729,0.975,0.0005780346820809,0.975,0.025,0.258822813630104
ni_tfnbs,"e=1.5,h=4.0,n=30,start_thres=1.25",hub,0.25,100,29,40,1730,39,1,1,1729,0.975,0.0005780346820809,0.975,0.025,0.258822813630104
ni_tfnbs,"e=1.5,h=5.0,n=30,start_thres=1.25",hub,0.25,100,29,40,1730,39,1,1,1729,0.975,0.0005780346820809,0.975,0.025,0.258822813630104
ni_tfnbs,"e=1.5,h=6.0,n=30,start_thres=1.25",hub,0.25,100,29,40,1730,39,1,1,1729,0.975,0.0005780346820809,0.975,0.025,0.258822813630104
ni_tfnbs,"e=1.5,h=7.0,n=30,start_thres=1.25",hub,0.25,100,29,40,1730,39,1,1,1729,0.975,0.0005780346820809,0.975,0.025,0.258822813630104
ni_tfnbs,"e=1.5,h=8.0,n=30,start_thres=1.25",hub,0.25,100,29,40,1730,39,1,1,1729,0.975,0.0005780346820809,0.975,0.025,0.258822813630104
ni_tfnbs,"e=1.5,h=9.0,n=30,start_thres=1.25",hub,0.25,100,29,40,1730,39,1,1,1729,0.975,0.0005780346820809,0.975,0.025,0.258822813630104
ni_tfnbs,"e=1.5,h=10.0,n=30,start_thres=1.25",hub,0.25,100,29,40,1730,39,1,1,1729,0.975,0.0005780346820809,0.975,0.025,0.258822813630104
fbc_tfnbs,"e=0.05,h=0.5,n=30,start_thres=1.25,min_cluster_size=3",hub,0.25,100,0,40,1730,37,0,3,1730,0.925,0.0,1.0,0.0,0.2698247893290086
fbc_tfnbs,"e=0.05,h=1.0,n=30,start_thres=1.25,min_cluster_size=3",hub,0.25,100,0,40,1730,37,0,3,1730,0.925,0.0,1.0,0.0,0.2698247893290086
fbc_tfnbs,"e=0.05,h=2.0,n=30,start_thres=1.25,min_cluster_size=3",hub,0.25,100,0,40,1730,37,0,3,1730,0.925,0.0,1.0,0.0,0.2698247893290086
fbc_tfnbs,"e=0.05,h=3.0,n=30,start_thres=1.25,min_cluster_size=3",hub,0.25,100,0,40,1730,37,0,3,1730,0.925,0.0,1.0,0.0,0.2698247893290086
fbc_tfnbs,"e=0.05,h=4.0,n=30,start_thres=1.25,min_cluster_size=3",hub,0.25,100,0,40,1730,37,0,3,1730,0.925,0.0,1.0,0.0,0.2698247893290086
fbc_tfnbs,"e=0.05,h=5.0,n=30,start_thres=1.25,min_cluster_size=3",hub,0.25,100,0,40,1730,37,0,3,1730,0.925,0.0,1.0,0.0,0.2698247893290086
fbc_tfnbs,"e=0.05,h=6.0,n=30,start_thres=1.25,min_cluster_size=3",hub,0.25,100,0,40,1730,37,0,3,1730,0.925,0.0,1.0,0.0,0.2698247893290086
fbc_tfnbs,"e=0.05,h=7.0,n=30,start_thres=1.25,min_cluster_size=3",hub,0.25,100,0,40,1730,37,0,3,1730,0.925,0.0,1.0,0.0,0.2698247893290086
fbc_tfnbs,"e=0.05,h=8.0,n=30,start_thres=1.25,min_cluster_size=3",hub,0.25,100,0,40,1730,37,0,3,1730,0.925,0.0,1.0,0.0,0.2698247893290086
fbc_tfnbs,"e=0.05,h=9.0,n=30,start_thres=1.25,min_cluster_size=3",hub,0.25,100,0,40,1730,37,0,3,1730,0.925,0.0,1.0,0.0,0.2698247893290086
fbc_tfnbs,"e=0.05,h=10.0,n=30,start_thres=1.25,min_cluster_size=3",hub,0.25,100,0,40,1730,37,0,3,1730,0.925,0.0,1.0,0.0,0.2698247893290086
fbc_tfnbs,"e=0.1,h=0.5,n=30,start_thres=1.25,min_cluster_size=3",hub,0.25,100,0,40,1730,37,0,3,1730,0.925,0.0,1.0,0.0,0.2698247893290086
fbc_tfnbs,"e=0.1,h=1.0,n=30,start_thres=1.25,min_cluster_size=3",hub,0.25,100,0,40,1730,37,0,3,1730,0.925,0.0,1.0,0.0,0.2698247893290086
fbc_tfnbs,"e=0.1,h=2.0,n=30,start_thres=1.25,min_cluster_size=3",hub,0.25,100,0,40,1730,37,0,3,1730,0.925,0.0,1.0,0.0,0.2698247893290086
fbc_tfnbs,"e=0.1,h=3.0,n=30,start_thres=1.25,min_cluster_size=3",hub,0.25,100,0,40,1730,37,0,3,1730,0.925,0.0,1.0,0.0,0.2698247893290086
fbc_tfnbs,"e=0.1,h=4.0,n=30,start_thres=1.25,min_cluster_size=3",hub,0.25,100,0,40,1730,37,0,3,1730,0.925,0.0,1.0,0.0,0.2698247893290086
fbc_tfnbs,"e=0.1,h=5.0,n=30,start_thres=1.25,min_cluster_size=3",hub,0.25,100,0,40,1730,37,0,3,1730,0.925,0.0,1.0,0.0,0.2698247893290086
fbc_tfnbs,"e=0.1,h=6.0,n=30,start_thres=1.25,min_cluster_size=3",hub,0.25,100,0,40,1730,37,0,3,1730,0.925,0.0,1.0,0.0,0.2698247893290086
fbc_tfnbs,"e=0.1,h=7.0,n=30,start_thres=1.25,min_cluster_size=3",hub,0.25,100,0,40,1730,37,0,3,1730,0.925,0.0,1.0,0.0,0.2698247893290086
fbc_tfnbs,"e=0.1,h=8.0,n=30,start_thres=1.25,min_cluster_size=3",hub,0.25,100,0,40,1730,37,0,3,1730,0.925,0.0,1.0,0.0,0.2698247893290086
fbc_tfnbs,"e=0.1,h=9.0,n=30,start_thres=1.25,min_cluster_size=3",hub,0.25,100,0,40,1730,37,0,3,1730,0.925,0.0,1.0,0.0,0.2698247893290086
fbc_tfnbs,"e=0.1,h=10.0,n=30,start_thres=1.25,min_cluster_size=3",hub,0.25,100,0,40,1730,37,0,3,1730,0.925,0.0,1.0,0.0,0.2698247893290086
fbc_tfnbs,"e=0.2,h=0.5,n=30,start_thres=1.25,min_cluster_size=3",hub,0.25,100,0,40,1730,37,0,3,1730,0.925,0.0,1.0,0.0,0.2698247893290086
fbc_tfnbs,"e=0.2,h=1.0,n=30,start_thres=1.25,min_cluster_size=3",hub,0.25,100,0,40,1730,37,0,3,1730,0.925,0.0,1.0,0.0,0.2698247893290086
fbc_tfnbs,"e=0.2,h=2.0,n=30,start_thres=1.25,min_cluster_size=3",hub,0.25,100,0,40,1730,37,0,3,1730,0.925,0.0,1.0,0.0,0.2698247893290086
fbc_tfnbs,"e=0.2,h=3.0,n=30,start_thres=1.25,min_cluster_size=3",hub,0.25,100,0,40,1730,37,0,3,1730,0.925,0.0,1.0,0.0,0.2698247893290086
fbc_tfnbs,"e=0.2,h=4.0,n=30,start_thres=1.25,min_cluster_size=3",hub,0.25,100,0,40,1730,37,0,3,1730,0.925,0.0,1.0,0.0,0.2698247893290086
fbc_tfnbs,"e=0.2,h=5.0,n=30,start_thres=1.25,min_cluster_size=3",hub,0.25,100,0,40,1730,37,0,3,1730,0.925,0.0,1.0,0.0,0.2698247893290086
fbc_tfnbs,"e=0.2,h=6.0,n=30,start_thres=1.25,min_cluster_size=3",hub,0.25,100,0,40,1730,37,0,3,1730,0.925,0.0,1.0,0.0,0.2698247893290086
fbc_tfnbs,"e=0.2,h=7.0,n=30,start_thres=1.25,min_cluster_size=3",hub,0.25,100,0,40,1730,37,0,3,1730,0.925,0.0,1.0,0.0,0.2698247893290086
fbc_tfnbs,"e=0.2,h=8.0,n=30,start_thres=1.25,min_cluster_size=3",hub,0.25,100,0,40,1730,37,0,3,1730,0.925,0.0,1.0,0.0,0.2698247893290086
fbc_tfnbs,"e=0.2,h=9.0,n=30,start_thres=1.25,min_cluster_size=3",hub,0.25,100,0,40,1730,37,0,3,1730,0.925,0.0,1.0,0.0,0.2698247893290086
fbc_tfnbs,"e=0.2,h=10.0,n=30,start_thres=1.25,min_cluster_size=3",hub,0.25,100,0,40,1730,37,0,3,1730,0.925,0.0,1.0,0.0,0.2698247893290086
fbc_tfnbs,"e=0.3,h=0.5,n=30,start_thres=1.25,min_cluster_size=3",hub,0.25,100,0,40,1730,37,0,3,1730,0.925,0.0,1.0,0.0,0.2698247893290086
fbc_tfnbs,"e=0.3,h=1.0,n=30,start_thres=1.25,min_cluster_size=3",hub,0.25,100,0,40,1730,37,0,3,1730,0.925,0.0,1.0,0.0,0.2698247893290086
fbc_tfnbs,"e=0.3,h=2.0,n=30,start_thres=1.25,min_cluster_size=3",hub,0.25,100,0,40,1730,37,0,3,1730,0.925,0.0,1.0,0.0,0.2698247893290086
fbc_tfnbs,"e=0.3,h=3.0,n=30,start_thres=1.25,min_cluster_size=3",hub,0.25,100,0,40,1730,37,0,3,1730,0.925,0.0,1.0,0.0,0.2698247893290086
fbc_tfnbs,"e=0.3,h=4.0,n=30,start_thres=1.25,min_cluster_size=3",hub,0.25,100,0,40,1730,37,0,3,1730,0.925,0.0,1.0,0.0,0.2698247893290086
fbc_tfnbs,"e=0.3,h=5.0,n=30,start_thres=1.25,min_cluster_size=3",hub,0.25,100,0,40,1730,37,0,3,1730,0.925,0.0,1.0,0.0,0.2698247893290086
fbc_tfnbs,"e=0.3,h=6.0,n=30,start_thres=1.25,min_cluster_size=3",hub,0.25,100,0,40,1730,37,0,3,1730,0.925,0.0,1.0,0.0,0.2698247893290086
fbc_tfnbs,"e=0.3,h=7.0,n=30,start_thres=1.25,min_cluster_size=3",hub,0.25,100,0,40,1730,37,0,3,1730,0.925,0.0,1.0,0.0,0.2698247893290086
fbc_tfnbs,"e=0.3,h=8.0,n=30,start_thres=1.25,min_cluster_size=3",hub,0.25,100,0,40,1730,37,0,3,1730,0.925,0.0,1.0,0.0,0.2698247893290086
fbc_tfnbs,"e=0.3,h=9.0,n=30,start_thres=1.25,min_cluster_size=3",hub,0.25,100,0,40,1730,37,0,3,1730,0.925,0.0,1.0,0.0,0.2698247893290086
fbc_tfnbs,"e=0.3,h=10.0,n=30,start_thres=1.25,min_cluster_size=3",hub,0.25,100,0,40,1730,37,0,3,1730,0.925,0.0,1.0,0.0,0.2698247893290086
fbc_tfnbs,"e=0.4,h=0.5,n=30,start_thres=1.25,min_cluster_size=3",hub,0.25,100,0,40,1730,37,0,3,1730,0.925,0.0,1.0,0.0,0.2698247893290086
fbc_tfnbs,"e=0.4,h=1.0,n=30,start_thres=1.25,min_cluster_size=3",hub,0.25,100,0,40,1730,37,0,3,1730,0.925,0.0,1.0,0.0,0.2698247893290086
fbc_tfnbs,"e=0.4,h=2.0,n=30,start_thres=1.25,min_cluster_size=3",hub,0.25,100,0,40,1730,37,0,3,1730,0.925,0.0,1.0,0.0,0.2698247893290086
fbc_tfnbs,"e=0.4,h=3.0,n=30,start_thres=1.25,min_cluster_size=3",hub,0.25,100,0,40,1730,37,0,3,1730,0.925,0.0,1.0,0.0,0.2698247893290086
fbc_tfnbs,"e=0.4,h=4.0,n=30,start_thres=1.25,min_cluster_size=3",hub,0.25,100,0,40,1730,37,0,3,1730,0.925,0.0,1.0,0.0,0.2698247893290086
fbc_tfnbs,"e=0.4,h=5.0,n=30,start_thres=1.25,min_cluster_size=3",hub,0.25,100,0,40,1730,37,0,3,1730,0.925,0.0,1.0,0.0,0.2698247893290086
fbc_tfnbs,"e=0.4,h=6.0,n=30,start_thres=1.25,min_cluster_size=3",hub,0.25,100,0,40,1730,37,0,3,1730,0.925,0.0,1.0,0.0,0.2698247893290086
fbc_tfnbs,"e=0.4,h=7.0,n=30,start_thres=1.25,min_cluster_size=3",hub,0.25,100,0,40,1730,37,0,3,1730,0.925,0.0,1.0,0.0,0.2698247893290086
fbc_tfnbs,"e=0.4,h=8.0,n=30,start_thres=1.25,min_cluster_size=3",hub,0.25,100,0,40,1730,37,0,3,1730,0.925,0.0,1.0,0.0,0.2698247893290086
fbc_tfnbs,"e=0.4,h=9.0,n=30,start_thres=1.25,min_cluster_size=3",hub,0.25,100,0,40,1730,37,0,3,1730,0.925,0.0,1.0,0.0,0.2698247893290086
fbc_tfnbs,"e=0.4,h=10.0,n=30,start_thres=1.25,min_cluster_size=3",hub,0.25,100,0,40,1730,37,0,3,1730,0.925,0.0,1.0,0.0,0.2698247893290086
fbc_tfnbs,"e=0.5,h=0.5,n=30,start_thres=1.25,min_cluster_size=3",hub,0.25,100,0,40,1730,37,0,3,1730,0.925,0.0,1.0,0.0,0.2698247893290086
fbc_tfnbs,"e=0.5,h=1.0,n=30,start_thres=1.25,min_cluster_size=3",hub,0.25,100,0,40,1730,37,0,3,1730,0.925,0.0,1.0,0.0,0.2698247893290086
fbc_tfnbs,"e=0.5,h=2.0,n=30,start_thres=1.25,min_cluster_size=3",hub,0.25,100,0,40,1730,37,0,3,1730,0.925,0.0,1.0,0.0,0.2698247893290086
fbc_tfnbs,"e=0.5,h=3.0,n=30,start_thres=1.25,min_cluster_size=3",hub,0.25,100,0,40,1730,37,0,3,1730,0.925,0.0,1.0,0.0,0.2698247893290086
fbc_tfnbs,"e=0.5,h=4.0,n=30,start_thres=1.25,min_cluster_size=3",hub,0.25,100,0,40,1730,37,0,3,1730,0.925,0.0,1.0,0.0,0.2698247893290086
fbc_tfnbs,"e=0.5,h=5.0,n=30,start_thres=1.25,min_cluster_size=3",hub,0.25,100,0,40,1730,37,0,3,1730,0.925,0.0,1.0,0.0,0.2698247893290086
fbc_tfnbs,"e=0.5,h=6.0,n=30,start_thres=1.25,min_cluster_size=3",hub,0.25,100,0,40,1730,37,0,3,1730,0.925,0.0,1.0,0.0,0.2698247893290086
fbc_tfnbs,"e=0.5,h=7.0,n=30,start_thres=1.25,min_cluster_size=3",hub,0.25,100,0,40,1730,37,0,3,1730,0.925,0.0,1.0,0.0,0.2698247893290086
fbc_tfnbs,"e=0.5,h=8.0,n=30,start_thres=1.25,min_cluster_size=3",hub,0.25,100,0,40,1730,37,0,3,1730,0.925,0.0,1.0,0.0,0.2698247893290086
fbc_tfnbs,"e=0.5,h=9.0,n=30,start_thres=1.25,min_cluster_size=3",hub,0.25,100,0,40,1730,37,0,3,1730,0.925,0.0,1.0,0.0,0.2698247893290086
fbc_tfnbs,"e=0.5,h=10.0,n=30,start_thres=1.25,min_cluster_size=3",hub,0.25,100,0,40,1730,37,0,3,1730,0.925,0.0,1.0,0.0,0.2698247893290086
fbc_tfnbs,"e=0.6,h=0.5,n=30,start_thres=1.25,min_cluster_size=3",hub,0.25,100,0,40,1730,36,0,4,1730,0.9,0.0,1.0,0.0,0.2698247893290086
fbc_tfnbs,"e=0.6,h=1.0,n=30,start_thres=1.25,min_cluster_size=3",hub,0.25,100,0,40,1730,37,0,3,1730,0.925,0.0,1.0,0.0,0.2698247893290086
fbc_tfnbs,"e=0.6,h=2.0,n=30,start_thres=1.25,min_cluster_size=3",hub,0.25,100,0,40,1730,37,0,3,1730,0.925,0.0,1.0,0.0,0.2698247893290086
fbc_tfnbs,"e=0.6,h=3.0,n=30,start_thres=1.25,min_cluster_size=3",hub,0.25,100,0,40,1730,37,0,3,1730,0.925,0.0,1.0,0.0,0.2698247893290086
fbc_tfnbs,"e=0.6,h=4.0,n=30,start_thres=1.25,min_cluster_size=3",hub,0.25,100,0,40,1730,37,0,3,1730,0.925,0.0,1.0,0.0,0.2698247893290086
fbc_tfnbs,"e=0.6,h=5.0,n=30,start_thres=1.25,min_cluster_size=3",hub,0.25,100,0,40,1730,37,0,3,1730,0.925,0.0,1.0,0.0,0.2698247893290086
fbc_tfnbs,"e=0.6,h=6.0,n=30,start_thres=1.25,min_cluster_size=3",hub,0.25,100,0,40,1730,37,0,3,1730,0.925,0.0,1.0,0.0,0.2698247893290086
fbc_tfnbs,"e=0.6,h=7.0,n=30,start_thres=1.25,min_cluster_size=3",hub,0.25,100,0,40,1730,37,0,3,1730,0.925,0.0,1.0,0.0,0.2698247893290086
fbc_tfnbs,"e=0.6,h=8.0,n=30,start_thres=1.25,min_cluster_size=3",hub,0.25,100,0,40,1730,37,0,3,1730,0.925,0.0,1.0,0.0,0.2698247893290086
fbc_tfnbs,"e=0.6,h=9.0,n=30,start_thres=1.25,min_cluster_size=3",hub,0.25,100,0,40,1730,37,0,3,1730,0.925,0.0,1.0,0.0,0.2698247893290086
fbc_tfnbs,"e=0.6,h=10.0,n=30,start_thres=1.25,min_cluster_size=3",hub,0.25,100,0,40,1730,37,0,3,1730,0.925,0.0,1.0,0.0,0.2698247893290086
fbc_tfnbs,"e=0.7,h=0.5,n=30,start_thres=1.25,min_cluster_size=3",hub,0.25,100,0,40,1730,35,0,5,1730,0.875,0.0,1.0,0.0,0.2698247893290086
fbc_tfnbs,"e=0.7,h=1.0,n=30,start_thres=1.25,min_cluster_size=3",hub,0.25,100,0,40,1730,36,0,4,1730,0.9,0.0,1.0,0.0,0.2698247893290086
fbc_tfnbs,"e=0.7,h=2.0,n=30,start_thres=1.25,min_cluster_size=3",hub,0.25,100,0,40,1730,37,0,3,1730,0.925,0.0,1.0,0.0,0.2698247893290086
fbc_tfnbs,"e=0.7,h=3.0,n=30,start_thres=1.25,min_cluster_size=3",hub,0.25,100,0,40,1730,37,0,3,1730,0.925,0.0,1.0,0.0,0.2698247893290086
fbc_tfnbs,"e=0.7,h=4.0,n=30,start_thres=1.25,min_cluster_size=3",hub,0.25,100,0,40,1730,37,0,3,1730,0.925,0.0,1.0,0.0,0.2698247893290086
fbc_tfnbs,"e=0.7,h=5.0,n=30,start_thres=1.25,min_cluster_size=3",hub,0.25,100,0,40,1730,37,0,3,1730,0.925,0.0,1.0,0.0,0.2698247893290086
fbc_tfnbs,"e=0.7,h=6.0,n=30,start_thres=1.25,min_cluster_size=3",hub,0.25,100,0,40,1730,37,0,3,1730,0.925,0.0,1.0,0.0,0.2698247893290086
fbc_tfnbs,"e=0.7,h=7.0,n=30,start_thres=1.25,min_cluster_size=3",hub,0.25,100,0,40,1730,37,0,3,1730,0.925,0.0,1.0,0.0,0.2698247893290086
fbc_tfnbs,"e=0.7,h=8.0,n=30,start_thres=1.25,min_cluster_size=3",hub,0.25,100,0,40,1730,37,0,3,1730,0.925,0.0,1.0,0.0,0.2698247893290086
fbc_tfnbs,"e=0.7,h=9.0,n=30,start_thres=1.25,min_cluster_size=3",hub,0.25,100,0,40,1730,37,0,3,1730,0.925,0.0,1.0,0.0,0.2698247893290086
fbc_tfnbs,"e=0.7,h=10.0,n=30,start_thres=1.25,min_cluster_size=3",hub,0.25,100,0,40,1730,37,0,3,1730,0.925,0.0,1.0,0.0,0.2698247893290086
fbc_tfnbs,"e=0.8,h=0.5,n=30,start_thres=1.25,min_cluster_size=3",hub,0.25,100,0,40,1730,34,0,6,1730,0.85,0.0,1.0,0.0,0.2698247893290086
fbc_tfnbs,"e=0.8,h=1.0,n=30,start_thres=1.25,min_cluster_size=3",hub,0.25,100,0,40,1730,35,0,5,1730,0.875,0.0,1.0,0.0,0.2698247893290086
fbc_tfnbs,"e=0.8,h=2.0,n=30,start_thres=1.25,min_cluster_size=3",hub,0.25,100,0,40,1730,37,0,3,1730,0.925,0.0,1.0,0.0,0.2698247893290086
fbc_tfnbs,"e=0.8,h=3.0,n=30,start_thres=1.25,min_cluster_size=3",hub,0.25,100,0,40,1730,37,0,3,1730,0.925,0.0,1.0,0.0,0.2698247893290086
fbc_tfnbs,"e=0.8,h=4.0,n=30,start_thres=1.25,min_cluster_size=3",hub,0.25,100,0,40,1730,37,0,3,1730,0.925,0.0,1.0,0.0,0.2698247893290086
fbc_tfnbs,"e=0.8,h=5.0,n=30,start_thres=1.25,min_cluster_size=3",hub,0.25,100,0,40,1730,37,0,3,1730,0.925,0.0,1.0,0.0,0.2698247893290086
fbc_tfnbs,"e=0.8,h=6.0,n=30,start_thres=1.25,min_cluster_size=3",hub,0.25,100,0,40,1730,37,0,3,1730,0.925,0.0,1.0,0.0,0.2698247893290086
fbc_tfnbs,"e=0.8,h=7.0,n=30,start_thres=1.25,min_cluster_size=3",hub,0.25,100,0,40,1730,37,0,3,1730,0.925,0.0,1.0,0.0,0.2698247893290086
fbc_tfnbs,"e=0.8,h=8.0,n=30,start_thres=1.25,min_cluster_size=3",hub,0.25,100,0,40,1730,37,0,3,1730,0.925,0.0,1.0,0.0,0.2698247893290086
fbc_tfnbs,"e=0.8,h=9.0,n=30,start_thres=1.25,min_cluster_size=3",hub,0.25,100,0,40,1730,37,0,3,1730,0.925,0.0,1.0,0.0,0.2698247893290086
fbc_tfnbs,"e=0.8,h=10.0,n=30,start_thres=1.25,min_cluster_size=3",hub,0.25,100,0,40,1730,37,0,3,1730,0.925,0.0,1.0,0.0,0.2698247893290086
fbc_tfnbs,"e=0.9,h=0.5,n=30,start_thres=1.25,min_cluster_size=3",hub,0.25,100,0,40,1730,33,0,7,1730,0.825,0.0,1.0,0.0,0.2698247893290086
fbc_tfnbs,"e=0.9,h=1.0,n=30,start_thres=1.25,min_cluster_size=3",hub,0.25,100,0,40,1730,35,0,5,1730,0.875,0.0,1.0,0.0,0.2698247893290086
fbc_tfnbs,"e=0.9,h=2.0,n=30,start_thres=1.25,min_cluster_size=3",hub,0.25,100,0,40,1730,37,0,3,1730,0.925,0.0,1.0,0.0,0.2698247893290086
fbc_tfnbs,"e=0.9,h=3.0,n=30,start_thres=1.25,min_cluster_size=3",hub,0.25,100,0,40,1730,37,0,3,1730,0.925,0.0,1.0,0.0,0.2698247893290086
fbc_tfnbs,"e=0.9,h=4.0,n=30,start_thres=1.25,min_cluster_size=3",hub,0.25,100,0,40,1730,37,0,3,1730,0.925,0.0,1.0,0.0,0.2698247893290086
fbc_tfnbs,"e=0.9,h=5.0,n=30,start_thres=1.25,min_cluster_size=3",hub,0.25,100,0,40,1730,37,0,3,1730,0.925,0.0,1.0,0.0,0.2698247893290086
fbc_tfnbs,"e=0.9,h=6.0,n=30,start_thres=1.25,min_cluster_size=3",hub,0.25,100,0,40,1730,37,0,3,1730,0.925,0.0,1.0,0.0,0.2698247893290086
fbc_tfnbs,"e=0.9,h=7.0,n=30,start_thres=1.25,min_cluster_size=3",hub,0.25,100,0,40,1730,37,0,3,1730,0.925,0.0,1.0,0.0,0.2698247893290086
fbc_tfnbs,"e=0.9,h=8.0,n=30,start_thres=1.25,min_cluster_size=3",hub,0.25,100,0,40,1730,37,0,3,1730,0.925,0.0,1.0,0.0,0.2698247893290086
fbc_tfnbs,"e=0.9,h=9.0,n=30,start_thres=1.25,min_cluster_size=3",hub,0.25,100,0,40,1730,37,0,3,1730,0.925,0.0,1.0,0.0,0.2698247893290086
fbc_tfnbs,"e=0.9,h=10.0,n=30,start_thres=1.25,min_cluster_size=3",hub,0.25,100,0,40,1730,37,0,3,1730,0.925,0.0,1.0,0.0,0.2698247893290086
fbc_tfnbs,"e=1.0,h=0.5,n=30,start_thres=1.25,min_cluster_size=3",hub,0.25,100,0,40,1730,32,0,8,1730,0.8,0.0,1.0,0.0,0.2698247893290086
fbc_tfnbs,"e=1.0,h=1.0,n=30,start_thres=1.25,min_cluster_size=3",hub,0.25,100,0,40,1730,33,0,7,1730,0.825,0.0,1.0,0.0,0.2698247893290086
fbc_tfnbs,"e=1.0,h=2.0,n=30,start_thres=1.25,min_cluster_size=3",hub,0.25,100,0,40,1730,36,0,4,1730,0.9,0.0,1.0,0.0,0.2698247893290086
fbc_tfnbs,"e=1.0,h=3.0,n=30,start_thres=1.25,min_cluster_size=3",hub,0.25,100,0,40,1730,37,0,3,1730,0.925,0.0,1.0,0.0,0.2698247893290086
fbc_tfnbs,"e=1.0,h=4.0,n=30,start_thres=1.25,min_cluster_size=3",hub,0.25,100,0,40,1730,37,0,3,1730,0.925,0.0,1.0,0.0,0.2698247893290086
fbc_tfnbs,"e=1.0,h=5.0,n=30,start_thres=1.25,min_cluster_size=3",hub,0.25,100,0,40,1730,37,0,3,1730,0.925,0.0,1.0,0.0,0.2698247893290086
fbc_tfnbs,"e=1.0,h=6.0,n=30,start_thres=1.25,min_cluster_size=3",hub,0.25,100,0,40,1730,37,0,3,1730,0.925,0.0,1.0,0.0,0.2698247893290086
fbc_tfnbs,"e=1.0,h=7.0,n=30,start_thres=1.25,min_cluster_size=3",hub,0.25,100,0,40,1730,37,0,3,1730,0.925,0.0,1.0,0.0,0.2698247893290086
fbc_tfnbs,"e=1.0,h=8.0,n=30,start_thres=1.25,min_cluster_size=3",hub,0.25,100,0,40,1730,37,0,3,1730,0.925,0.0,1.0,0.0,0.2698247893290086
fbc_tfnbs,"e=1.0,h=9.0,n=30,start_thres=1.25,min_cluster_size=3",hub,0.25,100,0,40,1730,37,0,3,1730,0.925,0.0,1.0,0.0,0.2698247893290086
fbc_tfnbs,"e=1.0,h=10.0,n=30,start_thres=1.25,min_cluster_size=3",hub,0.25,100,0,40,1730,37,0,3,1730,0.925,0.0,1.0,0.0,0.2698247893290086
fbc_tfnbs,"e=1.1,h=0.5,n=30,start_thres=1.25,min_cluster_size=3",hub,0.25,100,0,40,1730,32,0,8,1730,0.8,0.0,1.0,0.0,0.2698247893290086
fbc_tfnbs,"e=1.1,h=1.0,n=30,start_thres=1.25,min_cluster_size=3",hub,0.25,100,0,40,1730,33,0,7,1730,0.825,0.0,1.0,0.0,0.2698247893290086
fbc_tfnbs,"e=1.1,h=2.0,n=30,start_thres=1.25,min_cluster_size=3",hub,0.25,100,0,40,1730,35,0,5,1730,0.875,0.0,1.0,0.0,0.2698247893290086
fbc_tfnbs,"e=1.1,h=3.0,n=30,start_thres=1.25,min_cluster_size=3",hub,0.25,100,0,40,1730,37,0,3,1730,0.925,0.0,1.0,0.0,0.2698247893290086
fbc_tfnbs,"e=1.1,h=4.0,n=30,start_thres=1.25,min_cluster_size=3",hub,0.25,100,0,40,1730,37,0,3,1730,0.925,0.0,1.0,0.0,0.2698247893290086
fbc_tfnbs,"e=1.1,h=5.0,n=30,start_thres=1.25,min_cluster_size=3",hub,0.25,100,0,40,1730,37,0,3,1730,0.925,0.0,1.0,0.0,0.2698247893290086
fbc_tfnbs,"e=1.1,h=6.0,n=30,start_thres=1.25,min_cluster_size=3",hub,0.25,100,0,40,1730,37,0,3,1730,0.925,0.0,1.0,0.0,0.2698247893290086
fbc_tfnbs,"e=1.1,h=7.0,n=30,start_thres=1.25,min_cluster_size=3",hub,0.25,100,0,40,1730,37,0,3,1730,0.925,0.0,1.0,0.0,0.2698247893290086
fbc_tfnbs,"e=1.1,h=8.0,n=30,start_thres=1.25,min_cluster_size=3",hub,0.25,100,0,40,1730,37,0,3,1730,0.925,0.0,1.0,0.0,0.2698247893290086
fbc_tfnbs,"e=1.1,h=9.0,n=30,start_thres=1.25,min_cluster_size=3",hub,0.25,100,0,40,1730,37,0,3,1730,0.925,0.0,1.0,0.0,0.2698247893290086
fbc_tfnbs,"e=1.1,h=10.0,n=30,start_thres=1.25,min_cluster_size=3",hub,0.25,100,0,40,1730,37,0,3,1730,0.925,0.0,1.0,0.0,0.2698247893290086
fbc_tfnbs,"e=1.2,h=0.5,n=30,start_thres=1.25,min_cluster_size=3",hub,0.25,100,0,40,1730,31,0,9,1730,0.775,0.0,1.0,0.0,0.2698247893290086
fbc_tfnbs,"e=1.2,h=1.0,n=30,start_thres=1.25,min_cluster_size=3",hub,0.25,100,0,40,1730,32,0,8,1730,0.8,0.0,1.0,0.0,0.2698247893290086
fbc_tfnbs,"e=1.2,h=2.0,n=30,start_thres=1.25,min_cluster_size=3",hub,0.25,100,0,40,1730,35,0,5,1730,0.875,0.0,1.0,0.0,0.2698247893290086
fbc_tfnbs,"e=1.2,h=3.0,n=30,start_thres=1.25,min_cluster_size=3",hub,0.25,100,0,40,1730,37,0,3,1730,0.925,0.0,1.0,0.0,0.2698247893290086
fbc_tfnbs,"e=1.2,h=4.0,n=30,start_thres=1.25,min_cluster_size=3",hub,0.25,100,0,40,1730,37,0,3,1730,0.925,0.0,1.0,0.0,0.2698247893290086
fbc_tfnbs,"e=1.2,h=5.0,n=30,start_thres=1.25,min_cluster_size=3",hub,0.25,100,0,40,1730,37,0,3,1730,0.925,0.0,1.0,0.0,0.2698247893290086
fbc_tfnbs,"e=1.2,h=6.0,n=30,start_thres=1.25,min_cluster_size=3",hub,0.25,100,0,40,1730,37,0,3,1730,0.925,0.0,1.0,0.0,0.2698247893290086
fbc_tfnbs,"e=1.2,h=7.0,n=30,start_thres=1.25,min_cluster_size=3",hub,0.25,100,0,40,1730,37,0,3,1730,0.925,0.0,1.0,0.0,0.2698247893290086
fbc_tfnbs,"e=1.2,h=8.0,n=30,start_thres=1.25,min_cluster_size=3",hub,0.25,100,0,40,1730,37,0,3,1730,0.925,0.0,1.0,0.0,0.2698247893290086
fbc_tfnbs,"e=1.2,h=9.0,n=30,start_thres=1.25,min_cluster_size=3",hub,0.25,100,0,40,1730,37,0,3,1730,0.925,0.0,1.0,0.0,0.2698247893290086
fbc_tfnbs,"e=1.2,h=10.0,n=30,start_thres=1.25,min_cluster_size=3",hub,0.25,100,0,40,1730,37,0,3,1730,0.925,0.0,1.0,0.0,0.2698247893290086
fbc_tfnbs,"e=1.3,h=0.5,n=30,start_thres=1.25,min_cluster_size=3",hub,0.25,100,0,40,1730,26,0,14,1730,0.65,0.0,1.0,0.0,0.2698247893290086
fbc_tfnbs,"e=1.3,h=1.0,n=30,start_thres=1.25,min_cluster_size=3",hub,0.25,100,0,40,1730,32,0,8,1730,0.8,0.0,1.0,0.0,0.2698247893290086
fbc_tfnbs,"e=1.3,h=2.0,n=30,start_thres=1.25,min_cluster_size=3",hub,0.25,100,0,40,1730,35,0,5,1730,0.875,0.0,1.0,0.0,0.2698247893290086
fbc_tfnbs,"e=1.3,h=3.0,n=30,start_thres=1.25,min_cluster_size=3",hub,0.25,100,0,40,1730,37,0,3,1730,0.925,0.0,1.0,0.0,0.2698247893290086
fbc_tfnbs,"e=1.3,h=4.0,n=30,start_thres=1.25,min_cluster_size=3",hub,0.25,100,0,40,1730,37,0,3,1730,0.925,0.0,1.0,0.0,0.2698247893290086
fbc_tfnbs,"e=1.3,h=5.0,n=30,start_thres=1.25,min_cluster_size=3",hub,0.25,100,0,40,1730,37,0,3,1730,0.925,0.0,1.0,0.0,0.2698247893290086
fbc_tfnbs,"e=1.3,h=6.0,n=30,start_thres=1.25,min_cluster_size=3",hub,0.25,100,0,40,1730,37,0,3,1730,0.925,0.0,1.0,0.0,0.2698247893290086
fbc_tfnbs,"e=1.3,h=7.0,n=30,start_thres=1.25,min_cluster_size=3",hub,0.25,100,0,40,1730,37,0,3,1730,0.925,0.0,1.0,0.0,0.2698247893290086
fbc_tfnbs,"e=1.3,h=8.0,n=30,start_thres=1.25,min_cluster_size=3",hub,0.25,100,0,40,1730,37,0,3,1730,0.925,0.0,1.0,0.0,0.2698247893290086
fbc_tfnbs,"e=1.3,h=9.0,n=30,start_thres=1.25,min_cluster_size=3",hub,0.25,100,0,40,1730,37,0,3,1730,0.925,0.0,1.0,0.0,0.2698247893290086
fbc_tfnbs,"e=1.3,h=10.0,n=30,start_thres=1.25,min_cluster_size=3",hub,0.25,100,0,40,1730,37,0,3,1730,0.925,0.0,1.0,0.0,0.2698247893290086
fbc_tfnbs,"e=1.4,h=0.5,n=30,start_thres=1.25,min_cluster_size=3",hub,0.25,100,0,40,1730,25,0,15,1730,0.625,0.0,1.0,0.0,0.2698247893290086
fbc_tfnbs,"e=1.4,h=1.0,n=30,start_thres=1.25,min_cluster_size=3",hub,0.25,100,0,40,1730,31,0,9,1730,0.775,0.0,1.0,0.0,0.2698247893290086
fbc_tfnbs,"e=1.4,h=2.0,n=30,start_thres=1.25,min_cluster_size=3",hub,0.25,100,0,40,1730,33,0,7,1730,0.825,0.0,1.0,0.0,0.2698247893290086
fbc_tfnbs,"e=1.4,h=3.0,n=30,start_thres=1.25,min_cluster_size=3",hub,0.25,100,0,40,1730,35,0,5,1730,0.875,0.0,1.0,0.0,0.2698247893290086
fbc_tfnbs,"e=1.4,h=4.0,n=30,start_thres=1.25,min_cluster_size=3",hub,0.25,100,0,40,1730,37,0,3,1730,0.925,0.0,1.0,0.0,0.2698247893290086
fbc_tfnbs,"e=1.4,h=5.0,n=30,start_thres=1.25,min_cluster_size=3",hub,0.25,100,0,40,1730,37,0,3,1730,0.925,0.0,1.0,0.0,0.2698247893290086
fbc_tfnbs,"e=1.4,h=6.0,n=30,start_thres=1.25,min_cluster_size=3",hub,0.25,100,0,40,1730,37,0,3,1730,0.925,0.0,1.0,0.0,0.2698247893290086
fbc_tfnbs,"e=1.4,h=7.0,n=30,start_thres=1.25,min_cluster_size=3",hub,0.25,100,0,40,1730,37,0,3,1730,0.925,0.0,1.0,0.0,0.2698247893290086
fbc_tfnbs,"e=1.4,h=8.0,n=30,start_thres=1.25,min_cluster_size=3",hub,0.25,100,0,40,1730,37,0,3,1730,0.925,0.0,1.0,0.0,0.2698247893290086
fbc_tfnbs,"e=1.4,h=9.0,n=30,start_thres=1.25,min_cluster_size=3",hub,0.25,100,0,40,1730,37,0,3,1730,0.925,0.0,1.0,0.0,0.2698247893290086
fbc_tfnbs,"e=1.4,h=10.0,n=30,start_thres=1.25,min_cluster_size=3",hub,0.25,100,0,40,1730,37,0,3,1730,0.925,0.0,1.0,0.0,0.2698247893290086
fbc_tfnbs,"e=1.5,h=0.5,n=30,start_thres=1.25,min_cluster_size=3",hub,0.25,100,0,40,1730,21,0,19,1730,0.525,0.0,1.0,0.0,0.2698247893290086
fbc_tfnbs,"e=1.5,h=1.0,n=30,start_thres=1.25,min_cluster_size=3",hub,0.25,100,0,40,1730,26,0,14,1730,0.65,0.0,1.0,0.0,0.2698247893290086
fbc_tfnbs,"e=1.5,h=2.0,n=30,start_thres=1.25,min_cluster_size=3",hub,0.25,100,0,40,1730,32,0,8,1730,0.8,0.0,1.0,0.0,0.2698247893290086
fbc_tfnbs,"e=1.5,h=3.0,n=30,start_thres=1.25,min_cluster_size=3",hub,0.25,100,0,40,1730,35,0,5,1730,0.875,0.0,1.0,0.0,0.2698247893290086
fbc_tfnbs,"e=1.5,h=4.0,n=30,start_thres=1.25,min_cluster_size=3",hub,0.25,100,0,40,1730,37,0,3,1730,0.925,0.0,1.0,0.0,0.2698247893290086
fbc_tfnbs,"e=1.5,h=5.0,n=30,start_thres=1.25,min_cluster_size=3",hub,0.25,100,0,40,1730,37,0,3,1730,0.925,0.0,1.0,0.0,0.2698247893290086
fbc_tfnbs,"e=1.5,h=6.0,n=30,start_thres=1.25,min_cluster_size=3",hub,0.25,100,0,40,1730,37,0,3,1730,0.925,0.0,1.0,0.0,0.2698247893290086
fbc_tfnbs,"e=1.5,h=7.0,n=30,start_thres=1.25,min_cluster_size=3",hub,0.25,100,0,40,1730,37,0,3,1730,0.925,0.0,1.0,0.0,0.2698247893290086
fbc_tfnbs,"e=1.5,h=8.0,n=30,start_thres=1.25,min_cluster_size=3",hub,0.25,100,0,40,1730,37,0,3,1730,0.925,0.0,1.0,0.0,0.2698247893290086
fbc_tfnbs,"e=1.5,h=9.0,n=30,start_thres=1.25,min_cluster_size=3",hub,0.25,100,0,40,1730,37,0,3,1730,0.925,0.0,1.0,0.0,0.2698247893290086
fbc_tfnbs,"e=1.5,h=10.0,n=30,start_thres=1.25,min_cluster_size=3",hub,0.25,100,0,40,1730,37,0,3,1730,0.925,0.0,1.0,0.0,0.2698247893290086
fbc_tfnbs,"e=0.05,h=0.5,n=30,start_thres=1.25,min_cluster_size=3",hub,0.25,100,1,40,1730,35,0,5,1730,0.875,0.0,1.0,0.0,0.2575931860641999
fbc_tfnbs,"e=0.05,h=1.0,n=30,start_thres=1.25,min_cluster_size=3",hub,0.25,100,1,40,1730,35,0,5,1730,0.875,0.0,1.0,0.0,0.2575931860641999
fbc_tfnbs,"e=0.05,h=2.0,n=30,start_thres=1.25,min_cluster_size=3",hub,0.25,100,1,40,1730,35,0,5,1730,0.875,0.0,1.0,0.0,0.2575931860641999
fbc_tfnbs,"e=0.05,h=3.0,n=30,start_thres=1.25,min_cluster_size=3",hub,0.25,100,1,40,1730,35,0,5,1730,0.875,0.0,1.0,0.0,0.2575931860641999
fbc_tfnbs,"e=0.05,h=4.0,n=30,start_thres=1.25,min_cluster_size=3",hub,0.25,100,1,40,1730,35,0,5,1730,0.875,0.0,1.0,0.0,0.2575931860641999
fbc_tfnbs,"e=0.05,h=5.0,n=30,start_thres=1.25,min_cluster_size=3",hub,0.25,100,1,40,1730,35,0,5,1730,0.875,0.0,1.0,0.0,0.2575931860641999
fbc_tfnbs,"e=0.05,h=6.0,n=30,start_thres=1.25,min_cluster_size=3",hub,0.25,100,1,40,1730,35,0,5,1730,0.875,0.0,1.0,0.0,0.2575931860641999
fbc_tfnbs,"e=0.05,h=7.0,n=30,start_thres=1.25,min_cluster_size=3",hub,0.25,100,1,40,1730,35,0,5,1730,0.875,0.0,1.0,0.0,0.2575931860641999
fbc_tfnbs,"e=0.05,h=8.0,n=30,start_thres=1.25,min_cluster_size=3",hub,0.25,100,1,40,1730,35,0,5,1730,0.875,0.0,1.0,0.0,0.2575931860641999
fbc_tfnbs,"e=0.05,h=9.0,n=30,start_thres=1.25,min_cluster_size=3",hub,0.25,100,1,40,1730,35,0,5,1730,0.875,0.0,1.0,0.0,0.2575931860641999
fbc_tfnbs,"e=0.05,h=10.0,n=30,start_thres=1.25,min_cluster_size=3",hub,0.25,100,1,40,1730,35,0,5,1730,0.875,0.0,1.0,0.0,0.2575931860641999
fbc_tfnbs,"e=0.1,h=0.5,n=30,start_thres=1.25,min_cluster_size=3",hub,0.25,100,1,40,1730,35,0,5,1730,0.875,0.0,1.0,0.0,0.2575931860641999
fbc_tfnbs,"e=0.1,h=1.0,n=30,start_thres=1.25,min_cluster_size=3",hub,0.25,100,1,40,1730,35,0,5,1730,0.875,0.0,1.0,0.0,0.2575931860641999
fbc_tfnbs,"e=0.1,h=2.0,n=30,start_thres=1.25,min_cluster_size=3",hub,0.25,100,1,40,1730,35,0,5,1730,0.875,0.0,1.0,0.0,0.2575931860641999
fbc_tfnbs,"e=0.1,h=3.0,n=30,start_thres=1.25,min_cluster_size=3",hub,0.25,100,1,40,1730,36,0,4,1730,0.9,0.0,1.0,0.0,0.2575931860641999
fbc_tfnbs,"e=0.1,h=4.0,n=30,start_thres=1.25,min_cluster_size=3",hub,0.25,100,1,40,1730,36,0,4,1730,0.9,0.0,1.0,0.0,0.2575931860641999
fbc_tfnbs,"e=0.1,h=5.0,n=30,start_thres=1.25,min_cluster_size=3",hub,0.25,100,1,40,1730,38,0,2,1730,0.95,0.0,1.0,0.0,0.2575931860641999
fbc_tfnbs,"e=0.1,h=6.0,n=30,start_thres=1.25,min_cluster_size=3",hub,0.25,100,1,40,1730,38,0,2,1730,0.95,0.0,1.0,0.0,0.2575931860641999
fbc_tfnbs,"e=0.1,h=7.0,n=30,start_thres=1.25,min_cluster_size=3",hub,0.25,100,1,40,1730,36,0,4,1730,0.9,0.0,1.0,0.0,0.2575931860641999
fbc_tfnbs,"e=0.1,h=8.0,n=30,start_thres=1.25,min_cluster_size=3",hub,0.25,100,1,40,1730,36,0,4,1730,0.9,0.0,1.0,0.0,0.2575931860641999
fbc_tfnbs,"e=0.1,h=9.0,n=30,start_thres=1.25,min_cluster_size=3",hub,0.25,100,1,40,1730,35,0,5,1730,0.875,0.0,1.0,0.0,0.2575931860641999
fbc_tfnbs,"e=0.1,h=10.0,n=30,start_thres=1.25,min_cluster_size=3",hub,0.25,100,1,40,1730,35,0,5,1730,0.875,0.0,1.0,0.0,0.2575931860641999
fbc_tfnbs,"e=0.2,h=0.5,n=30,start_thres=1.25,min_cluster_size=3",hub,0.25,100,1,40,1730,36,0,4,1730,0.9,0.0,1.0,0.0,0.2575931860641999
fbc_tfnbs,"e=0.2,h=1.0,n=30,start_thres=1.25,min_cluster_size=3",hub,0.25,100,1,40,1730,37,0,3,1730,0.925,0.0,1.0,0.0,0.2575931860641999
fbc_tfnbs,"e=0.2,h=2.0,n=30,start_thres=1.25,min_cluster_size=3",hub,0.25,100,1,40,1730,37,0,3,1730,0.925,0.0,1.0,0.0,0.2575931860641999
fbc_tfnbs,"e=0.2,h=3.0,n=30,start_thres=1.25,min_cluster_size=3",hub,0.25,100,1,40,1730,38,0,2,1730,0.95,0.0,1.0,0.0,0.2575931860641999
fbc_tfnbs,"e=0.2,h=4.0,n=30,start_thres=1.25,min_cluster_size=3",hub,0.25,100,1,40,1730,38,0,2,1730,0.95,0.0,1.0,0.0,0.2575931860641999
fbc_tfnbs,"e=0.2,h=5.0,n=30,start_thres=1.25,min_cluster_size=3",hub,0.25,100,1,40,1730,38,0,2,1730,0.95,0.0,1.0,0.0,0.2575931860641999
fbc_tfnbs,"e=0.2,h=6.0,n=30,start_thres=1.25,min_cluster_size=3",hub,0.25,100,1,40,1730,38,0,2,1730,0.95,0.0,1.0,0.0,0.2575931860641999
fbc_tfnbs,"e=0.2,h=7.0,n=30,start_thres=1.25,min_cluster_size=3",hub,0.25,100,1,40,1730,38,0,2,1730,0.95,0.0,1.0,0.0,0.2575931860641999
fbc_tfnbs,"e=0.2,h=8.0,n=30,start_thres=1.25,min_cluster_size=3",hub,0.25,100,1,40,1730,38,0,2,1730,0.95,0.0,1.0,0.0,0.2575931860641999
fbc_tfnbs,"e=0.2,h=9.0,n=30,start_thres=1.25,min_cluster_size=3",hub,0.25,100,1,40,1730,38,0,2,1730,0.95,0.0,1.0,0.0,0.2575931860641999
fbc_tfnbs,"e=0.2,h=10.0,n=30,start_thres=1.25,min_cluster_size=3",hub,0.25,100,1,40,1730,38,0,2,1730,0.95,0.0,1.0,0.0,0.2575931860641999
fbc_tfnbs,"e=0.3,h=0.5,n=30,start_thres=1.25,min_cluster_size=3",hub,0.25,100,1,40,1730,37,0,3,1730,0.925,0.0,1.0,0.0,0.2575931860641999
fbc_tfnbs,"e=0.3,h=1.0,n=30,start_thres=1.25,min_cluster_size=3",hub,0.25,100,1,40,1730,37,0,3,1730,0.925,0.0,1.0,0.0,0.2575931860641999
fbc_tfnbs,"e=0.3,h=2.0,n=30,start_thres=1.25,min_cluster_size=3",hub,0.25,100,1,40,1730,38,0,2,1730,0.95,0.0,1.0,0.0,0.2575931860641999
fbc_tfnbs,"e=0.3,h=3.0,n=30,start_thres=1.25,min_cluster_size=3",hub,0.25,100,1,40,1730,38,0,2,1730,0.95,0.0,1.0,0.0,0.2575931860641999
fbc_tfnbs,"e=0.3,h=4.0,n=30,start_thres=1.25,min_cluster_size=3",hub,0.25,100,1,40,1730,38,0,2,1730,0.95,0.0,1.0,0.0,0.2575931860641999
fbc_tfnbs,"e=0.3,h=5.0,n=30,start_thres=1.25,min_cluster_size=3",hub,0.25,100,1,40,1730,38,0,2,1730,0.95,0.0,1.0,0.0,0.2575931860641999
fbc_tfnbs,"e=0.3,h=6.0,n=30,start_thres=1.25,min_cluster_size=3",hub,0.25,100,1,40,1730,38,0,2,1730,0.95,0.0,1.0,0.0,0.2575931860641999
fbc_tfnbs,"e=0.3,h=7.0,n=30,start_thres=1.25,min_cluster_size=3",hub,0.25,100,1,40,1730,38,0,2,1730,0.95,0.0,1.0,0.0,0.2575931860641999
fbc_tfnbs,"e=0.3,h=8.0,n=30,start_thres=1.25,min_cluster_size=3",hub,0.25,100,1,40,1730,38,0,2,1730,0.95,0.0,1.0,0.0,0.2575931860641999
fbc_tfnbs,"e=0.3,h=9.0,n=30,start_thres=1.25,min_cluster_size=3",hub,0.25,100,1,40,1730,38,0,2,1730,0.95,0.0,1.0,0.0,0.2575931860641999
fbc_tfnbs,"e=0.3,h=10.0,n=30,start_thres=1.25,min_cluster_size=3",hub,0.25,100,1,40,1730,38,0,2,1730,0.95,0.0,1.0,0.0,0.2575931860641999
fbc_tfnbs,"e=0.4,h=0.5,n=30,start_thres=1.25,min_cluster_size=3",hub,0.25,100,1,40,1730,37,0,3,1730,0.925,0.0,1.0,0.0,0.2575931860641999
fbc_tfnbs,"e=0.4,h=1.0,n=30,start_thres=1.25,min_cluster_size=3",hub,0.25,100,1,40,1730,38,0,2,1730,0.95,0.0,1.0,0.0,0.2575931860641999
fbc_tfnbs,"e=0.4,h=2.0,n=30,start_thres=1.25,min_cluster_size=3",hub,0.25,100,1,40,1730,38,0,2,1730,0.95,0.0,1.0,0.0,0.2575931860641999
fbc_tfnbs,"e=0.4,h=3.0,n=30,start_thres=1.25,min_cluster_size=3",hub,0.25,100,1,40,1730,38,0,2,1730,0.95,0.0,1.0,0.0,0.2575931860641999
fbc_tfnbs,"e=0.4,h=4.0,n=30,start_thres=1.25,min_cluster_size=3",hub,0.25,100,1,40,1730,38,0,2,1730,0.95,0.0,1.0,0.0,0.2575931860641999
fbc_tfnbs,"e=0.4,h=5.0,n=30,start_thres=1.25,min_cluster_size=3",hub,0.25,100,1,40,1730,38,0,2,1730,0.95,0.0,1.0,0.0,0.2575931860641999
fbc_tfnbs,"e=0.4,h=6.0,n=30,start_thres=1.25,min_cluster_size=3",hub,0.25,100,1,40,1730,38,0,2,1730,0.95,0.0,1.0,0.0,0.2575931860641999
fbc_tfnbs,"e=0.4,h=7.0,n=30,start_thres=1.25,min_cluster_size=3",hub,0.25,100,1,40,1730,38,0,2,1730,0.95,0.0,1.0,0.0,0.2575931860641999
fbc_tfnbs,"e=0.4,h=8.0,n=30,start_thres=1.25,min_cluster_size=3",hub,0.25,100,1,40,1730,38,0,2,1730,0.95,0.0,1.0,0.0,0.2575931860641999
fbc_tfnbs,"e=0.4,h=9.0,n=30,start_thres=1.25,min_cluster_size=3",hub,0.25,100,1,40,1730,38,0,2,1730,0.95,0.0,1.0,0.0,0.2575931860641999
fbc_tfnbs,"e=0.4,h=10.0,n=30,start_thres=1.25,min_cluster_size=3",hub,0.25,100,1,40,1730,38,0,2,1730,0.95,0.0,1.0,0.0,0.2575931860641999
fbc_tfnbs,"e=0.5,h=0.5,n=30,start_thres=1.25,min_cluster_size=3",hub,0.25,100,1,40,1730,37,0,3,1730,0.925,0.0,1.0,0.0,0.2575931860641999
fbc_tfnbs,"e=0.5,h=1.0,n=30,start_thres=1.25,min_cluster_size=3",hub,0.25,100,1,40,1730,37,0,3,1730,0.925,0.0,1.0,0.0,0.2575931860641999
fbc_tfnbs,"e=0.5,h=2.0,n=30,start_thres=1.25,min_cluster_size=3",hub,0.25,100,1,40,1730,38,0,2,1730,0.95,0.0,1.0,0.0,0.2575931860641999
fbc_tfnbs,"e=0.5,h=3.0,n=30,start_thres=1.25,min_cluster_size=3",hub,0.25,100,1,40,1730,38,0,2,1730,0.95,0.0,1.0,0.0,0.2575931860641999
fbc_tfnbs,"e=0.5,h=4.0,n=30,start_thres=1.25,min_cluster_size=3",hub,0.25,100,1,40,1730,38,0,2,1730,0.95,0.0,1.0,0.0,0.2575931860641999
fbc_tfnbs,"e=0.5,h=5.0,n=30,start_thres=1.25,min_cluster_size=3",hub,0.25,100,1,40,1730,38,0,2,1730,0.95,0.0,1.0,0.0,0.2575931860641999
fbc_tfnbs,"e=0.5,h=6.0,n=30,start_thres=1.25,min_cluster_size=3",hub,0.25,100,1,40,1730,38,0,2,1730,0.95,0.0,1.0,0.0,0.2575931860641999
fbc_tfnbs,"e=0.5,h=7.0,n=30,start_thres=1.25,min_cluster_size=3",hub,0.25,100,1,40,1730,38,0,2,1730,0.95,0.0,1.0,0.0,0.2575931860641999
fbc_tfnbs,"e=0.5,h=8.0,n=30,start_thres=1.25,min_cluster_size=3",hub,0.25,100,1,40,1730,38,0,2,1730,0.95,0.0,1.0,0.0,0.2575931860641999
fbc_tfnbs,"e=0.5,h=9.0,n=30,start_thres=1.25,min_cluster_size=3",hub,0.25,100,1,40,1730,38,0,2,1730,0.95,0.0,1.0,0.0,0.2575931860641999
fbc_tfnbs,"e=0.5,h=10.0,n=30,start_thres=1.25,min_cluster_size=3",hub,0.25,100,1,40,1730,38,0,2,1730,0.95,0.0,1.0,0.0,0.2575931860641999
fbc_tfnbs,"e=0.6,h=0.5,n=30,start_thres=1.25,min_cluster_size=3",hub,0.25,100,1,40,1730,37,0,3,1730,0.925,0.0,1.0,0.0,0.2575931860641999
fbc_tfnbs,"e=0.6,h=1.0,n=30,start_thres=1.25,min_cluster_size=3",hub,0.25,100,1,40,1730,37,0,3,1730,0.925,0.0,1.0,0.0,0.2575931860641999
fbc_tfnbs,"e=0.6,h=2.0,n=30,start_thres=1.25,min_cluster_size=3",hub,0.25,100,1,40,1730,38,0,2,1730,0.95,0.0,1.0,0.0,0.2575931860641999
fbc_tfnbs,"e=0.6,h=3.0,n=30,start_thres=1.25,min_cluster_size=3",hub,0.25,100,1,40,1730,38,0,2,1730,0.95,0.0,1.0,0.0,0.2575931860641999
fbc_tfnbs,"e=0.6,h=4.0,n=30,start_thres=1.25,min_cluster_size=3",hub,0.25,100,1,40,1730,38,0,2,1730,0.95,0.0,1.0,0.0,0.2575931860641999
fbc_tfnbs,"e=0.6,h=5.0,n=30,start_thres=1.25,min_cluster_size=3",hub,0.25,100,1,40,1730,38,0,2,1730,0.95,0.0,1.0,0.0,0.2575931860641999
fbc_tfnbs,"e=0.6,h=6.0,n=30,start_thres=1.25,min_cluster_size=3",hub,0.25,100,1,40,1730,38,0,2,1730,0.95,0.0,1.0,0.0,0.2575931860641999
fbc_tfnbs,"e=0.6,h=7.0,n=30,start_thres=1.25,min_cluster_size=3",hub,0.25,100,1,40,1730,38,0,2,1730,0.95,0.0,1.0,0.0,0.2575931860641999
fbc_tfnbs,"e=0.6,h=8.0,n=30,start_thres=1.25,min_cluster_size=3",hub,0.25,100,1,40,1730,38,0,2,1730,0.95,0.0,1.0,0.0,0.2575931860641999
fbc_tfnbs,"e=0.6,h=9.0,n=30,start_thres=1.25,min_cluster_size=3",hub,0.25,100,1,40,1730,38,0,2,1730,0.95,0.0,1.0,0.0,0.2575931860641999
fbc_tfnbs,"e=0.6,h=10.0,n=30,start_thres=1.25,min_cluster_size=3",hub,0.25,100,1,40,1730,38,0,2,1730,0.95,0.0,1.0,0.0,0.2575931860641999
fbc_tfnbs,"e=0.7,h=0.5,n=30,start_thres=1.25,min_cluster_size=3",hub,0.25,100,1,40,1730,36,0,4,1730,0.9,0.0,1.0,0.0,0.2575931860641999
fbc_tfnbs,"e=0.7,h=1.0,n=30,start_thres=1.25,min_cluster_size=3",hub,0.25,100,1,40,1730,37,0,3,1730,0.925,0.0,1.0,0.0,0.2575931860641999
fbc_tfnbs,"e=0.7,h=2.0,n=30,start_thres=1.25,min_cluster_size=3",hub,0.25,100,1,40,1730,38,0,2,1730,0.95,0.0,1.0,0.0,0.2575931860641999
fbc_tfnbs,"e=0.7,h=3.0,n=30,start_thres=1.25,min_cluster_size=3",hub,0.25,100,1,40,1730,38,0,2,1730,0.95,0.0,1.0,0.0,0.2575931860641999
fbc_tfnbs,"e=0.7,h=4.0,n=30,start_thres=1.25,min_cluster_size=3",hub,0.25,100,1,40,1730,38,0,2,1730,0.95,0.0,1.0,0.0,0.2575931860641999
fbc_tfnbs,"e=0.7,h=5.0,n=30,start_thres=1.25,min_cluster_size=3",hub,0.25,100,1,40,1730,38,0,2,1730,0.95,0.0,1.0,0.0,0.2575931860641999
fbc_tfnbs,"e=0.7,h=6.0,n=30,start_thres=1.25,min_cluster_size=3",hub,0.25,100,1,40,1730,38,0,2,1730,0.95,0.0,1.0,0.0,0.2575931860641999
fbc_tfnbs,"e=0.7,h=7.0,n=30,start_thres=1.25,min_cluster_size=3",hub,0.25,100,1,40,1730,38,0,2,1730,0.95,0.0,1.0,0.0,0.2575931860641999
fbc_tfnbs,"e=0.7,h=8.0,n=30,start_thres=1.25,min_cluster_size=3",hub,0.25,100,1,40,1730,38,0,2,1730,0.95,0.0,1.0,0.0,0.2575931860641999
fbc_tfnbs,"e=0.7,h=9.0,n=30,start_thres=1.25,min_cluster_size=3",hub,0.25,100,1,40,1730,38,0,2,1730,0.95,0.0,1.0,0.0,0.2575931860641999
fbc_tfnbs,"e=0.7,h=10.0,n=30,start_thres=1.25,min_cluster_size=3",hub,0.25,100,1,40,1730,38,0,2,1730,0.95,0.0,1.0,0.0,0.2575931860641999
fbc_tfnbs,"e=0.8,h=0.5,n=30,start_thres=1.25,min_cluster_size=3",hub,0.25,100,1,40,1730,36,0,4,1730,0.9,0.0,1.0,0.0,0.2575931860641999
fbc_tfnbs,"e=0.8,h=1.0,n=30,start_thres=1.25,min_cluster_size=3",hub,0.25,100,1,40,1730,37,0,3,1730,0.925,0.0,1.0,0.0,0.2575931860641999
fbc_tfnbs,"e=0.8,h=2.0,n=30,start_thres=1.25,min_cluster_size=3",hub,0.25,100,1,40,1730,38,0,2,1730,0.95,0.0,1.0,0.0,0.2575931860641999
fbc_tfnbs,"e=0.8,h=3.0,n=30,start_thres=1.25,min_cluster_size=3",hub,0.25,100,1,40,1730,38,0,2,1730,0.95,0.0,1.0,0.0,0.2575931860641999
fbc_tfnbs,"e=0.8,h=4.0,n=30,start_thres=1.25,min_cluster_size=3",hub,0.25,100,1,40,1730,38,0,2,1730,0.95,0.0,1.0,0.0,0.2575931860641999
fbc_tfnbs,"e=0.8,h=5.0,n=30,start_thres=1.25,min_cluster_size=3",hub,0.25,100,1,40,1730,38,0,2,1730,0.95,0.0,1.0,0.0,0.2575931860641999
fbc_tfnbs,"e=0.8,h=6.0,n=30,start_thres=1.25,min_cluster_size=3",hub,0.25,100,1,40,1730,38,0,2,1730,0.95,0.0,1.0,0.0,0.2575931860641999
fbc_tfnbs,"e=0.8,h=7.0,n=30,start_thres=1.25,min_cluster_size=3",hub,0.25,100,1,40,1730,38,0,2,1730,0.95,0.0,1.0,0.0,0.2575931860641999
fbc_tfnbs,"e=0.8,h=8.0,n=30,start_thres=1.25,min_cluster_size=3",hub,0.25,100,1,40,1730,38,0,2,1730,0.95,0.0,1.0,0.0,0.2575931860641999
fbc_tfnbs,"e=0.8,h=9.0,n=30,start_thres=1.25,min_cluster_size=3",hub,0.25,100,1,40,1730,38,0,2,1730,0.95,0.0,1.0,0.0,0.2575931860641999
fbc_tfnbs,"e=0.8,h=10.0,n=30,start_thres=1.25,min_cluster_size=3",hub,0.25,100,1,40,1730,38,0,2,1730,0.95,0.0,1.0,0.0,0.2575931860641999
fbc_tfnbs,"e=0.9,h=0.5,n=30,start_thres=1.25,min_cluster_size=3",hub,0.25,100,1,40,1730,36,0,4,1730,0.9,0.0,1.0,0.0,0.2575931860641999
fbc_tfnbs,"e=0.9,h=1.0,n=30,start_thres=1.25,min_cluster_size=3",hub,0.25,100,1,40,1730,36,0,4,1730,0.9,0.0,1.0,0.0,0.2575931860641999
fbc_tfnbs,"e=0.9,h=2.0,n=30,start_thres=1.25,min_cluster_size=3",hub,0.25,100,1,40,1730,37,0,3,1730,0.925,0.0,1.0,0.0,0.2575931860641999
fbc_tfnbs,"e=0.9,h=3.0,n=30,start_thres=1.25,min_cluster_size=3",hub,0.25,100,1,40,1730,38,0,2,1730,0.95,0.0,1.0,0.0,0.2575931860641999
fbc_tfnbs,"e=0.9,h=4.0,n=30,start_thres=1.25,min_cluster_size=3",hub,0.25,100,1,40,1730,38,0,2,1730,0.95,0.0,1.0,0.0,0.2575931860641999
fbc_tfnbs,"e=0.9,h=5.0,n=30,start_thres=1.25,min_cluster_size=3",hub,0.25,100,1,40,1730,38,0,2,1730,0.95,0.0,1.0,0.0,0.2575931860641999
fbc_tfnbs,"e=0.9,h=6.0,n=30,start_thres=1.25,min_cluster_size=3",hub,0.25,100,1,40,1730,38,0,2,1730,0.95,0.0,1.0,0.0,0.2575931860641999
fbc_tfnbs,"e=0.9,h=7.0,n=30,start_thres=1.25,min_cluster_size=3",hub,0.25,100,1,40,1730,38,0,2,1730,0.95,0.0,1.0,0.0,0.2575931860641999
fbc_tfnbs,"e=0.9,h=8.0,n=30,start_thres=1.25,min_cluster_size=3",hub,0.25,100,1,40,1730,38,0,2,1730,0.95,0.0,1.0,0.0,0.2575931860641999
fbc_tfnbs,"e=0.9,h=9.0,n=30,start_thres=1.25,min_cluster_size=3",hub,0.25,100,1,40,1730,38,0,2,1730,0.95,0.0,1.0,0.0,0.2575931860641999
fbc_tfnbs,"e=0.9,h=10.0,n=30,start_thres=1.25,min_cluster_size=3",hub,0.25,100,1,40,1730,38,0,2,1730,0.95,0.0,1.0,0.0,0.2575931860641999
fbc_tfnbs,"e=1.0,h=0.5,n=30,start_thres=1.25,min_cluster_size=3",hub,0.25,100,1,40,1730,35,0,5,1730,0.875,0.0,1.0,0.0,0.2575931860641999
fbc_tfnbs,"e=1.0,h=1.0,n=30,start_thres=1.25,min_cluster_size=3",hub,0.25,100,1,40,1730,36,0,4,1730,0.9,0.0,1.0,0.0,0.2575931860641999
fbc_tfnbs,"e=1.0,h=2.0,n=30,start_thres=1.25,min_cluster_size=3",hub,0.25,100,1,40,1730,37,0,3,1730,0.925,0.0,1.0,0.0,0.2575931860641999
fbc_tfnbs,"e=1.0,h=3.0,n=30,start_thres=1.25,min_cluster_size=3",hub,0.25,100,1,40,1730,38,0,2,1730,0.95,0.0,1.0,0.0,0.2575931860641999
fbc_tfnbs,"e=1.0,h=4.0,n=30,start_thres=1.25,min_cluster_size=3",hub,0.25,100,1,40,1730,38,0,2,1730,0.95,0.0,1.0,0.0,0.2575931860641999
fbc_tfnbs,"e=1.0,h=5.0,n=30,start_thres=1.25,min_cluster_size=3",hub,0.25,100,1,40,1730,38,0,2,1730,0.95,0.0,1.0,0.0,0.2575931860641999
fbc_tfnbs,"e=1.0,h=6.0,n=30,start_thres=1.25,min_cluster_size=3",hub,0.25,100,1,40,1730,38,2,2,1728,0.95,0.0011560693641618,0.95,0.05,0.2575931860641999
fbc_tfnbs,"e=1.0,h=7.0,n=30,start_thres=1.25,min_cluster_size=3",hub,0.25,100,1,40,1730,38,0,2,1730,0.95,0.0,1.0,0.0,0.2575931860641999
fbc_tfnbs,"e=1.0,h=8.0,n=30,start_thres=1.25,min_cluster_size=3",hub,0.25,100,1,40,1730,38,0,2,1730,0.95,0.0,1.0,0.0,0.2575931860641999
fbc_tfnbs,"e=1.0,h=9.0,n=30,start_thres=1.25,min_cluster_size=3",hub,0.25,100,1,40,1730,38,0,2,1730,0.95,0.0,1.0,0.0,0.2575931860641999
fbc_tfnbs,"e=1.0,h=10.0,n=30,start_thres=1.25,min_cluster_size=3",hub,0.25,100,1,40,1730,38,0,2,1730,0.95,0.0,1.0,0.0,0.2575931860641999
fbc_tfnbs,"e=1.1,h=0.5,n=30,start_thres=1.25,min_cluster_size=3",hub,0.25,100,1,40,1730,32,0,8,1730,0.8,0.0,1.0,0.0,0.2575931860641999
fbc_tfnbs,"e=1.1,h=1.0,n=30,start_thres=1.25,min_cluster_size=3",hub,0.25,100,1,40,1730,36,0,4,1730,0.9,0.0,1.0,0.0,0.2575931860641999
fbc_tfnbs,"e=1.1,h=2.0,n=30,start_thres=1.25,min_cluster_size=3",hub,0.25,100,1,40,1730,37,0,3,1730,0.925,0.0,1.0,0.0,0.2575931860641999
fbc_tfnbs,"e=1.1,h=3.0,n=30,start_thres=1.25,min_cluster_size=3",hub,0.25,100,1,40,1730,38,0,2,1730,0.95,0.0,1.0,0.0,0.2575931860641999
fbc_tfnbs,"e=1.1,h=4.0,n=30,start_thres=1.25,min_cluster_size=3",hub,0.25,100,1,40,1730,38,0,2,1730,0.95,0.0,1.0,0.0,0.2575931860641999
fbc_tfnbs,"e=1.1,h=5.0,n=30,start_thres=1.25,min_cluster_size=3",hub,0.25,100,1,40,1730,38,2,2,1728,0.95,0.0011560693641618,0.95,0.05,0.2575931860641999
fbc_tfnbs,"e=1.1,h=6.0,n=30,start_thres=1.25,min_cluster_size=3",hub,0.25,100,1,40,1730,38,2,2,1728,0.95,0.0011560693641618,0.95,0.05,0.2575931860641999
fbc_tfnbs,"e=1.1,h=7.0,n=30,start_thres=1.25,min_cluster_size=3",hub,0.25,100,1,40,1730,38,2,2,1728,0.95,0.0011560693641618,0.95,0.05,0.2575931860641999
fbc_tfnbs,"e=1.1,h=8.0,n=30,start_thres=1.25,min_cluster_size=3",hub,0.25,100,1,40,1730,38,2,2,1728,0.95,0.0011560693641618,0.95,0.05,0.2575931860641999
fbc_tfnbs,"e=1.1,h=9.0,n=30,start_thres=1.25,min_cluster_size=3",hub,0.25,100,1,40,1730,38,0,2,1730,0.95,0.0,1.0,0.0,0.2575931860641999
fbc_tfnbs,"e=1.1,h=10.0,n=30,start_thres=1.25,min_cluster_size=3",hub,0.25,100,1,40,1730,38,0,2,1730,0.95,0.0,1.0,0.0,0.2575931860641999
fbc_tfnbs,"e=1.2,h=0.5,n=30,start_thres=1.25,min_cluster_size=3",hub,0.25,100,1,40,1730,32,0,8,1730,0.8,0.0,1.0,0.0,0.2575931860641999
fbc_tfnbs,"e=1.2,h=1.0,n=30,start_thres=1.25,min_cluster_size=3",hub,0.25,100,1,40,1730,35,0,5,1730,0.875,0.0,1.0,0.0,0.2575931860641999
fbc_tfnbs,"e=1.2,h=2.0,n=30,start_thres=1.25,min_cluster_size=3",hub,0.25,100,1,40,1730,37,0,3,1730,0.925,0.0,1.0,0.0,0.2575931860641999
fbc_tfnbs,"e=1.2,h=3.0,n=30,start_thres=1.25,min_cluster_size=3",hub,0.25,100,1,40,1730,38,0,2,1730,0.95,0.0,1.0,0.0,0.2575931860641999
fbc_tfnbs,"e=1.2,h=4.0,n=30,start_thres=1.25,min_cluster_size=3",hub,0.25,100,1,40,1730,38,0,2,1730,0.95,0.0,1.0,0.0,0.2575931860641999
fbc_tfnbs,"e=1.2,h=5.0,n=30,start_thres=1.25,min_cluster_size=3",hub,0.25,100,1,40,1730,38,2,2,1728,0.95,0.0011560693641618,0.95,0.05,0.2575931860641999
fbc_tfnbs,"e=1.2,h=6.0,n=30,start_thres=1.25,min_cluster_size=3",hub,0.25,100,1,40,1730,38,2,2,1728,0.95,0.0011560693641618,0.95,0.05,0.2575931860641999
fbc_tfnbs,"e=1.2,h=7.0,n=30,start_thres=1.25,min_cluster_size=3",hub,0.25,100,1,40,1730,38,2,2,1728,0.95,0.0011560693641618,0.95,0.05,0.2575931860641999
fbc_tfnbs,"e=1.2,h=8.0,n=30,start_thres=1.25,min_cluster_size=3",hub,0.25,100,1,40,1730,38,2,2,1728,0.95,0.0011560693641618,0.95,0.05,0.2575931860641999
fbc_tfnbs,"e=1.2,h=9.0,n=30,start_thres=1.25,min_cluster_size=3",hub,0.25,100,1,40,1730,38,2,2,1728,0.95,0.0011560693641618,0.95,0.05,0.2575931860641999
fbc_tfnbs,"e=1.2,h=10.0,n=30,start_thres=1.25,min_cluster_size=3",hub,0.25,100,1,40,1730,38,0,2,1730,0.95,0.0,1.0,0.0,0.2575931860641999
fbc_tfnbs,"e=1.3,h=0.5,n=30,start_thres=1.25,min_cluster_size=3",hub,0.25,100,1,40,1730,31,0,9,1730,0.775,0.0,1.0,0.0,0.2575931860641999
fbc_tfnbs,"e=1.3,h=1.0,n=30,start_thres=1.25,min_cluster_size=3",hub,0.25,100,1,40,1730,33,0,7,1730,0.825,0.0,1.0,0.0,0.2575931860641999
fbc_tfnbs,"e=1.3,h=2.0,n=30,start_thres=1.25,min_cluster_size=3",hub,0.25,100,1,40,1730,37,0,3,1730,0.925,0.0,1.0,0.0,0.2575931860641999
fbc_tfnbs,"e=1.3,h=3.0,n=30,start_thres=1.25,min_cluster_size=3",hub,0.25,100,1,40,1730,37,0,3,1730,0.925,0.0,1.0,0.0,0.2575931860641999
fbc_tfnbs,"e=1.3,h=4.0,n=30,start_thres=1.25,min_cluster_size=3",hub,0.25,100,1,40,1730,38,0,2,1730,0.95,0.0,1.0,0.0,0.2575931860641999
fbc_tfnbs,"e=1.3,h=5.0,n=30,start_thres=1.25,min_cluster_size=3",hub,0.25,100,1,40,1730,38,2,2,1728,0.95,0.0011560693641618,0.95,0.05,0.2575931860641999
fbc_tfnbs,"e=1.3,h=6.0,n=30,start_thres=1.25,min_cluster_size=3",hub,0.25,100,1,40,1730,38,2,2,1728,0.95,0.0011560693641618,0.95,0.05,0.2575931860641999
fbc_tfnbs,"e=1.3,h=7.0,n=30,start_thres=1.25,min_cluster_size=3",hub,0.25,100,1,40,1730,38,2,2,1728,0.95,0.0011560693641618,0.95,0.05,0.2575931860641999
fbc_tfnbs,"e=1.3,h=8.0,n=30,start_thres=1.25,min_cluster_size=3",hub,0.25,100,1,40,1730,38,2,2,1728,0.95,0.0011560693641618,0.95,0.05,0.2575931860641999
fbc_tfnbs,"e=1.3,h=9.0,n=30,start_thres=1.25,min_cluster_size=3",hub,0.25,100,1,40,1730,38,2,2,1728,0.95,0.0011560693641618,0.95,0.05,0.2575931860641999
fbc_tfnbs,"e=1.3,h=10.0,n=30,start_thres=1.25,min_cluster_size=3",hub,0.25,100,1,40,1730,38,2,2,1728,0.95,0.0011560693641618,0.95,0.05,0.2575931860641999
fbc_tfnbs,"e=1.4,h=0.5,n=30,start_thres=1.25,min_cluster_size=3",hub,0.25,100,1,40,1730,29,0,11,1730,0.725,0.0,1.0,0.0,0.2575931860641999
fbc_tfnbs,"e=1.4,h=1.0,n=30,start_thres=1.25,min_cluster_size=3",hub,0.25,100,1,40,1730,32,0,8,1730,0.8,0.0,1.0,0.0,0.2575931860641999
fbc_tfnbs,"e=1.4,h=2.0,n=30,start_thres=1.25,min_cluster_size=3",hub,0.25,100,1,40,1730,36,0,4,1730,0.9,0.0,1.0,0.0,0.2575931860641999
fbc_tfnbs,"e=1.4,h=3.0,n=30,start_thres=1.25,min_cluster_size=3",hub,0.25,100,1,40,1730,37,0,3,1730,0.925,0.0,1.0,0.0,0.2575931860641999
fbc_tfnbs,"e=1.4,h=4.0,n=30,start_thres=1.25,min_cluster_size=3",hub,0.25,100,1,40,1730,38,0,2,1730,0.95,0.0,1.0,0.0,0.2575931860641999
fbc_tfnbs,"e=1.4,h=5.0,n=30,start_thres=1.25,min_cluster_size=3",hub,0.25,100,1,40,1730,38,2,2,1728,0.95,0.0011560693641618,0.95,0.05,0.2575931860641999
fbc_tfnbs,"e=1.4,h=6.0,n=30,start_thres=1.25,min_cluster_size=3",hub,0.25,100,1,40,1730,38,2,2,1728,0.95,0.0011560693641618,0.95,0.05,0.2575931860641999
fbc_tfnbs,"e=1.4,h=7.0,n=30,start_thres=1.25,min_cluster_size=3",hub,0.25,100,1,40,1730,38,2,2,1728,0.95,0.0011560693641618,0.95,0.05,0.2575931860641999
fbc_tfnbs,"e=1.4,h=8.0,n=30,start_thres=1.25,min_cluster_size=3",hub,0.25,100,1,40,1730,38,2,2,1728,0.95,0.0011560693641618,0.95,0.05,0.2575931860641999
fbc_tfnbs,"e=1.4,h=9.0,n=30,start_thres=1.25,min_cluster_size=3",hub,0.25,100,1,40,1730,38,2,2,1728,0.95,0.0011560693641618,0.95,0.05,0.2575931860641999
fbc_tfnbs,"e=1.4,h=10.0,n=30,start_thres=1.25,min_cluster_size=3",hub,0.25,100,1,40,1730,38,2,2,1728,0.95,0.0011560693641618,0.95,0.05,0.2575931860641999
fbc_tfnbs,"e=1.5,h=0.5,n=30,start_thres=1.25,min_cluster_size=3",hub,0.25,100,1,40,1730,27,0,13,1730,0.675,0.0,1.0,0.0,0.2575931860641999
fbc_tfnbs,"e=1.5,h=1.0,n=30,start_thres=1.25,min_cluster_size=3",hub,0.25,100,1,40,1730,31,0,9,1730,0.775,0.0,1.0,0.0,0.2575931860641999
fbc_tfnbs,"e=1.5,h=2.0,n=30,start_thres=1.25,min_cluster_size=3",hub,0.25,100,1,40,1730,35,0,5,1730,0.875,0.0,1.0,0.0,0.2575931860641999
fbc_tfnbs,"e=1.5,h=3.0,n=30,start_thres=1.25,min_cluster_size=3",hub,0.25,100,1,40,1730,37,0,3,1730,0.925,0.0,1.0,0.0,0.2575931860641999
fbc_tfnbs,"e=1.5,h=4.0,n=30,start_thres=1.25,min_cluster_size=3",hub,0.25,100,1,40,1730,38,0,2,1730,0.95,0.0,1.0,0.0,0.2575931860641999
fbc_tfnbs,"e=1.5,h=5.0,n=30,start_thres=1.25,min_cluster_size=3",hub,0.25,100,1,40,1730,38,2,2,1728,0.95,0.0011560693641618,0.95,0.05,0.2575931860641999
fbc_tfnbs,"e=1.5,h=6.0,n=30,start_thres=1.25,min_cluster_size=3",hub,0.25,100,1,40,1730,38,2,2,1728,0.95,0.0011560693641618,0.95,0.05,0.2575931860641999
fbc_tfnbs,"e=1.5,h=7.0,n=30,start_thres=1.25,min_cluster_size=3",hub,0.25,100,1,40,1730,38,2,2,1728,0.95,0.0011560693641618,0.95,0.05,0.2575931860641999
fbc_tfnbs,"e=1.5,h=8.0,n=30,start_thres=1.25,min_cluster_size=3",hub,0.25,100,1,40,1730,38,2,2,1728,0.95,0.0011560693641618,0.95,0.05,0.2575931860641999
fbc_tfnbs,"e=1.5,h=9.0,n=30,start_thres=1.25,min_cluster_size=3",hub,0.25,100,1,40,1730,38,2,2,1728,0.95,0.0011560693641618,0.95,0.05,0.2575931860641999
fbc_tfnbs,"e=1.5,h=10.0,n=30,start_thres=1.25,min_cluster_size=3",hub,0.25,100,1,40,1730,38,2,2,1728,0.95,0.0011560693641618,0.95,0.05,0.2575931860641999
fbc_tfnbs,"e=0.05,h=0.5,n=30,start_thres=1.25,min_cluster_size=3",hub,0.25,100,2,40,1730,38,0,2,1730,0.95,0.0,1.0,0.0,0.2550889538093047
fbc_tfnbs,"e=0.05,h=1.0,n=30,start_thres=1.25,min_cluster_size=3",hub,0.25,100,2,40,1730,38,0,2,1730,0.95,0.0,1.0,0.0,0.2550889538093047
fbc_tfnbs,"e=0.05,h=2.0,n=30,start_thres=1.25,min_cluster_size=3",hub,0.25,100,2,40,1730,38,0,2,1730,0.95,0.0,1.0,0.0,0.2550889538093047
fbc_tfnbs,"e=0.05,h=3.0,n=30,start_thres=1.25,min_cluster_size=3",hub,0.25,100,2,40,1730,38,0,2,1730,0.95,0.0,1.0,0.0,0.2550889538093047
fbc_tfnbs,"e=0.05,h=4.0,n=30,start_thres=1.25,min_cluster_size=3",hub,0.25,100,2,40,1730,38,0,2,1730,0.95,0.0,1.0,0.0,0.2550889538093047
fbc_tfnbs,"e=0.05,h=5.0,n=30,start_thres=1.25,min_cluster_size=3",hub,0.25,100,2,40,1730,38,0,2,1730,0.95,0.0,1.0,0.0,0.2550889538093047
fbc_tfnbs,"e=0.05,h=6.0,n=30,start_thres=1.25,min_cluster_size=3",hub,0.25,100,2,40,1730,38,0,2,1730,0.95,0.0,1.0,0.0,0.2550889538093047
fbc_tfnbs,"e=0.05,h=7.0,n=30,start_thres=1.25,min_cluster_size=3",hub,0.25,100,2,40,1730,38,0,2,1730,0.95,0.0,1.0,0.0,0.2550889538093047
fbc_tfnbs,"e=0.05,h=8.0,n=30,start_thres=1.25,min_cluster_size=3",hub,0.25,100,2,40,1730,38,0,2,1730,0.95,0.0,1.0,0.0,0.2550889538093047
fbc_tfnbs,"e=0.05,h=9.0,n=30,start_thres=1.25,min_cluster_size=3",hub,0.25,100,2,40,1730,38,0,2,1730,0.95,0.0,1.0,0.0,0.2550889538093047
fbc_tfnbs,"e=0.05,h=10.0,n=30,start_thres=1.25,min_cluster_size=3",hub,0.25,100,2,40,1730,38,0,2,1730,0.95,0.0,1.0,0.0,0.2550889538093047
fbc_tfnbs,"e=0.1,h=0.5,n=30,start_thres=1.25,min_cluster_size=3",hub,0.25,100,2,40,1730,38,0,2,1730,0.95,0.0,1.0,0.0,0.2550889538093047
fbc_tfnbs,"e=0.1,h=1.0,n=30,start_thres=1.25,min_cluster_size=3",hub,0.25,100,2,40,1730,38,0,2,1730,0.95,0.0,1.0,0.0,0.2550889538093047
fbc_tfnbs,"e=0.1,h=2.0,n=30,start_thres=1.25,min_cluster_size=3",hub,0.25,100,2,40,1730,38,0,2,1730,0.95,0.0,1.0,0.0,0.2550889538093047
fbc_tfnbs,"e=0.1,h=3.0,n=30,start_thres=1.25,min_cluster_size=3",hub,0.25,100,2,40,1730,38,0,2,1730,0.95,0.0,1.0,0.0,0.2550889538093047
fbc_tfnbs,"e=0.1,h=4.0,n=30,start_thres=1.25,min_cluster_size=3",hub,0.25,100,2,40,1730,38,0,2,1730,0.95,0.0,1.0,0.0,0.2550889538093047
fbc_tfnbs,"e=0.1,h=5.0,n=30,start_thres=1.25,min_cluster_size=3",hub,0.25,100,2,40,1730,38,0,2,1730,0.95,0.0,1.0,0.0,0.2550889538093047
fbc_tfnbs,"e=0.1,h=6.0,n=30,start_thres=1.25,min_cluster_size=3",hub,0.25,100,2,40,1730,38,0,2,1730,0.95,0.0,1.0,0.0,0.2550889538093047
fbc_tfnbs,"e=0.1,h=7.0,n=30,start_thres=1.25,min_cluster_size=3",hub,0.25,100,2,40,1730,38,0,2,1730,0.95,0.0,1.0,0.0,0.2550889538093047
fbc_tfnbs,"e=0.1,h=8.0,n=30,start_thres=1.25,min_cluster_size=3",hub,0.25,100,2,40,1730,38,0,2,1730,0.95,0.0,1.0,0.0,0.2550889538093047
fbc_tfnbs,"e=0.1,h=9.0,n=30,start_thres=1.25,min_cluster_size=3",hub,0.25,100,2,40,1730,38,0,2,1730,0.95,0.0,1.0,0.0,0.2550889538093047
fbc_tfnbs,"e=0.1,h=10.0,n=30,start_thres=1.25,min_cluster_size=3",hub,0.25,100,2,40,1730,38,0,2,1730,0.95,0.0,1.0,0.0,0.2550889538093047
fbc_tfnbs,"e=0.2,h=0.5,n=30,start_thres=1.25,min_cluster_size=3",hub,0.25,100,2,40,1730,38,0,2,1730,0.95,0.0,1.0,0.0,0.2550889538093047
fbc_tfnbs,"e=0.2,h=1.0,n=30,start_thres=1.25,min_cluster_size=3",hub,0.25,100,2,40,1730,38,0,2,1730,0.95,0.0,1.0,0.0,0.2550889538093047
fbc_tfnbs,"e=0.2,h=2.0,n=30,start_thres=1.25,min_cluster_size=3",hub,0.25,100,2,40,1730,38,0,2,1730,0.95,0.0,1.0,0.0,0.2550889538093047
fbc_tfnbs,"e=0.2,h=3.0,n=30,start_thres=1.25,min_cluster_size=3",hub,0.25,100,2,40,1730,38,0,2,1730,0.95,0.0,1.0,0.0,0.2550889538093047
fbc_tfnbs,"e=0.2,h=4.0,n=30,start_thres=1.25,min_cluster_size=3",hub,0.25,100,2,40,1730,38,0,2,1730,0.95,0.0,1.0,0.0,0.2550889538093047
fbc_tfnbs,"e=0.2,h=5.0,n=30,start_thres=1.25,min_cluster_size=3",hub,0.25,100,2,40,1730,38,0,2,1730,0.95,0.0,1.0,0.0,0.2550889538093047
fbc_tfnbs,"e=0.2,h=6.0,n=30,start_thres=1.25,min_cluster_size=3",hub,0.25,100,2,40,1730,38,0,2,1730,0.95,0.0,1.0,0.0,0.2550889538093047
fbc_tfnbs,"e=0.2,h=7.0,n=30,start_thres=1.25,min_cluster_size=3",hub,0.25,100,2,40,1730,38,0,2,1730,0.95,0.0,1.0,0.0,0.2550889538093047
fbc_tfnbs,"e=0.2,h=8.0,n=30,start_thres=1.25,min_cluster_size=3",hub,0.25,100,2,40,1730,38,0,2,1730,0.95,0.0,1.0,0.0,0.2550889538093047
fbc_tfnbs,"e=0.2,h=9.0,n=30,start_thres=1.25,min_cluster_size=3",hub,0.25,100,2,40,1730,38,0,2,1730,0.95,0.0,1.0,0.0,0.2550889538093047
fbc_tfnbs,"e=0.2,h=10.0,n=30,start_thres=1.25,min_cluster_size=3",hub,0.25,100,2,40,1730,38,0,2,1730,0.95,0.0,1.0,0.0,0.2550889538093047
fbc_tfnbs,"e=0.3,h=0.5,n=30,start_thres=1.25,min_cluster_size=3",hub,0.25,100,2,40,1730,38,0,2,1730,0.95,0.0,1.0,0.0,0.2550889538093047
fbc_tfnbs,"e=0.3,h=1.0,n=30,start_thres=1.25,min_cluster_size=3",hub,0.25,100,2,40,1730,38,0,2,1730,0.95,0.0,1.0,0.0,0.2550889538093047
fbc_tfnbs,"e=0.3,h=2.0,n=30,start_thres=1.25,min_cluster_size=3",hub,0.25,100,2,40,1730,38,0,2,1730,0.95,0.0,1.0,0.0,0.2550889538093047
fbc_tfnbs,"e=0.3,h=3.0,n=30,start_thres=1.25,min_cluster_size=3",hub,0.25,100,2,40,1730,38,0,2,1730,0.95,0.0,1.0,0.0,0.2550889538093047
fbc_tfnbs,"e=0.3,h=4.0,n=30,start_thres=1.25,min_cluster_size=3",hub,0.25,100,2,40,1730,38,0,2,1730,0.95,0.0,1.0,0.0,0.2550889538093047
fbc_tfnbs,"e=0.3,h=5.0,n=30,start_thres=1.25,min_cluster_size=3",hub,0.25,100,2,40,1730,38,0,2,1730,0.95,0.0,1.0,0.0,0.2550889538093047
fbc_tfnbs,"e=0.3,h=6.0,n=30,start_thres=1.25,min_cluster_size=3",hub,0.25,100,2,40,1730,38,0,2,1730,0.95,0.0,1.0,0.0,0.2550889538093047
fbc_tfnbs,"e=0.3,h=7.0,n=30,start_thres=1.25,min_cluster_size=3",hub,0.25,100,2,40,1730,38,0,2,1730,0.95,0.0,1.0,0.0,0.2550889538093047
fbc_tfnbs,"e=0.3,h=8.0,n=30,start_thres=1.25,min_cluster_size=3",hub,0.25,100,2,40,1730,38,0,2,1730,0.95,0.0,1.0,0.0,0.2550889538093047
fbc_tfnbs,"e=0.3,h=9.0,n=30,start_thres=1.25,min_cluster_size=3",hub,0.25,100,2,40,1730,38,0,2,1730,0.95,0.0,1.0,0.0,0.2550889538093047
fbc_tfnbs,"e=0.3,h=10.0,n=30,start_thres=1.25,min_cluster_size=3",hub,0.25,100,2,40,1730,38,0,2,1730,0.95,0.0,1.0,0.0,0.2550889538093047
fbc_tfnbs,"e=0.4,h=0.5,n=30,start_thres=1.25,min_cluster_size=3",hub,0.25,100,2,40,1730,38,0,2,1730,0.95,0.0,1.0,0.0,0.2550889538093047
fbc_tfnbs,"e=0.4,h=1.0,n=30,start_thres=1.25,min_cluster_size=3",hub,0.25,100,2,40,1730,38,0,2,1730,0.95,0.0,1.0,0.0,0.2550889538093047
fbc_tfnbs,"e=0.4,h=2.0,n=30,start_thres=1.25,min_cluster_size=3",hub,0.25,100,2,40,1730,38,0,2,1730,0.95,0.0,1.0,0.0,0.2550889538093047
fbc_tfnbs,"e=0.4,h=3.0,n=30,start_thres=1.25,min_cluster_size=3",hub,0.25,100,2,40,1730,38,0,2,1730,0.95,0.0,1.0,0.0,0.2550889538093047
fbc_tfnbs,"e=0.4,h=4.0,n=30,start_thres=1.25,min_cluster_size=3",hub,0.25,100,2,40,1730,38,0,2,1730,0.95,0.0,1.0,0.0,0.2550889538093047
fbc_tfnbs,"e=0.4,h=5.0,n=30,start_thres=1.25,min_cluster_size=3",hub,0.25,100,2,40,1730,38,0,2,1730,0.95,0.0,1.0,0.0,0.2550889538093047
fbc_tfnbs,"e=0.4,h=6.0,n=30,start_thres=1.25,min_cluster_size=3",hub,0.25,100,2,40,1730,38,0,2,1730,0.95,0.0,1.0,0.0,0.2550889538093047
fbc_tfnbs,"e=0.4,h=7.0,n=30,start_thres=1.25,min_cluster_size=3",hub,0.25,100,2,40,1730,38,0,2,1730,0.95,0.0,1.0,0.0,0.2550889538093047
fbc_tfnbs,"e=0.4,h=8.0,n=30,start_thres=1.25,min_cluster_size=3",hub,0.25,100,2,40,1730,38,0,2,1730,0.95,0.0,1.0,0.0,0.2550889538093047
fbc_tfnbs,"e=0.4,h=9.0,n=30,start_thres=1.25,min_cluster_size=3",hub,0.25,100,2,40,1730,38,0,2,1730,0.95,0.0,1.0,0.0,0.2550889538093047
fbc_tfnbs,"e=0.4,h=10.0,n=30,start_thres=1.25,min_cluster_size=3",hub,0.25,100,2,40,1730,38,0,2,1730,0.95,0.0,1.0,0.0,0.2550889538093047
fbc_tfnbs,"e=0.5,h=0.5,n=30,start_thres=1.25,min_cluster_size=3",hub,0.25,100,2,40,1730,38,0,2,1730,0.95,0.0,1.0,0.0,0.2550889538093047
fbc_tfnbs,"e=0.5,h=1.0,n=30,start_thres=1.25,min_cluster_size=3",hub,0.25,100,2,40,1730,38,0,2,1730,0.95,0.0,1.0,0.0,0.2550889538093047
fbc_tfnbs,"e=0.5,h=2.0,n=30,start_thres=1.25,min_cluster_size=3",hub,0.25,100,2,40,1730,38,0,2,1730,0.95,0.0,1.0,0.0,0.2550889538093047
fbc_tfnbs,"e=0.5,h=3.0,n=30,start_thres=1.25,min_cluster_size=3",hub,0.25,100,2,40,1730,38,0,2,1730,0.95,0.0,1.0,0.0,0.2550889538093047
fbc_tfnbs,"e=0.5,h=4.0,n=30,start_thres=1.25,min_cluster_size=3",hub,0.25,100,2,40,1730,38,0,2,1730,0.95,0.0,1.0,0.0,0.2550889538093047
fbc_tfnbs,"e=0.5,h=5.0,n=30,start_thres=1.25,min_cluster_size=3",hub,0.25,100,2,40,1730,38,0,2,1730,0.95,0.0,1.0,0.0,0.2550889538093047
fbc_tfnbs,"e=0.5,h=6.0,n=30,start_thres=1.25,min_cluster_size=3",hub,0.25,100,2,40,1730,38,0,2,1730,0.95,0.0,1.0,0.0,0.2550889538093047
fbc_tfnbs,"e=0.5,h=7.0,n=30,start_thres=1.25,min_cluster_size=3",hub,0.25,100,2,40,1730,38,0,2,1730,0.95,0.0,1.0,0.0,0.2550889538093047
fbc_tfnbs,"e=0.5,h=8.0,n=30,start_thres=1.25,min_cluster_size=3",hub,0.25,100,2,40,1730,38,0,2,1730,0.95,0.0,1.0,0.0,0.2550889538093047
fbc_tfnbs,"e=0.5,h=9.0,n=30,start_thres=1.25,min_cluster_size=3",hub,0.25,100,2,40,1730,38,0,2,1730,0.95,0.0,1.0,0.0,0.2550889538093047
fbc_tfnbs,"e=0.5,h=10.0,n=30,start_thres=1.25,min_cluster_size=3",hub,0.25,100,2,40,1730,38,0,2,1730,0.95,0.0,1.0,0.0,0.2550889538093047
fbc_tfnbs,"e=0.6,h=0.5,n=30,start_thres=1.25,min_cluster_size=3",hub,0.25,100,2,40,1730,38,0,2,1730,0.95,0.0,1.0,0.0,0.2550889538093047
fbc_tfnbs,"e=0.6,h=1.0,n=30,start_thres=1.25,min_cluster_size=3",hub,0.25,100,2,40,1730,38,0,2,1730,0.95,0.0,1.0,0.0,0.2550889538093047
fbc_tfnbs,"e=0.6,h=2.0,n=30,start_thres=1.25,min_cluster_size=3",hub,0.25,100,2,40,1730,38,0,2,1730,0.95,0.0,1.0,0.0,0.2550889538093047
fbc_tfnbs,"e=0.6,h=3.0,n=30,start_thres=1.25,min_cluster_size=3",hub,0.25,100,2,40,1730,38,0,2,1730,0.95,0.0,1.0,0.0,0.2550889538093047
fbc_tfnbs,"e=0.6,h=4.0,n=30,start_thres=1.25,min_cluster_size=3",hub,0.25,100,2,40,1730,38,0,2,1730,0.95,0.0,1.0,0.0,0.2550889538093047
fbc_tfnbs,"e=0.6,h=5.0,n=30,start_thres=1.25,min_cluster_size=3",hub,0.25,100,2,40,1730,38,0,2,1730,0.95,0.0,1.0,0.0,0.2550889538093047
fbc_tfnbs,"e=0.6,h=6.0,n=30,start_thres=1.25,min_cluster_size=3",hub,0.25,100,2,40,1730,38,0,2,1730,0.95,0.0,1.0,0.0,0.2550889538093047
fbc_tfnbs,"e=0.6,h=7.0,n=30,start_thres=1.25,min_cluster_size=3",hub,0.25,100,2,40,1730,38,0,2,1730,0.95,0.0,1.0,0.0,0.2550889538093047
fbc_tfnbs,"e=0.6,h=8.0,n=30,start_thres=1.25,min_cluster_size=3",hub,0.25,100,2,40,1730,38,0,2,1730,0.95,0.0,1.0,0.0,0.2550889538093047
fbc_tfnbs,"e=0.6,h=9.0,n=30,start_thres=1.25,min_cluster_size=3",hub,0.25,100,2,40,1730,38,0,2,1730,0.95,0.0,1.0,0.0,0.2550889538093047
fbc_tfnbs,"e=0.6,h=10.0,n=30,start_thres=1.25,min_cluster_size=3",hub,0.25,100,2,40,1730,38,0,2,1730,0.95,0.0,1.0,0.0,0.2550889538093047
fbc_tfnbs,"e=0.7,h=0.5,n=30,start_thres=1.25,min_cluster_size=3",hub,0.25,100,2,40,1730,36,0,4,1730,0.9,0.0,1.0,0.0,0.2550889538093047
fbc_tfnbs,"e=0.7,h=1.0,n=30,start_thres=1.25,min_cluster_size=3",hub,0.25,100,2,40,1730,38,0,2,1730,0.95,0.0,1.0,0.0,0.2550889538093047
fbc_tfnbs,"e=0.7,h=2.0,n=30,start_thres=1.25,min_cluster_size=3",hub,0.25,100,2,40,1730,38,0,2,1730,0.95,0.0,1.0,0.0,0.2550889538093047
fbc_tfnbs,"e=0.7,h=3.0,n=30,start_thres=1.25,min_cluster_size=3",hub,0.25,100,2,40,1730,38,0,2,1730,0.95,0.0,1.0,0.0,0.2550889538093047
fbc_tfnbs,"e=0.7,h=4.0,n=30,start_thres=1.25,min_cluster_size=3",hub,0.25,100,2,40,1730,38,0,2,1730,0.95,0.0,1.0,0.0,0.2550889538093047
fbc_tfnbs,"e=0.7,h=5.0,n=30,start_thres=1.25,min_cluster_size=3",hub,0.25,100,2,40,1730,38,0,2,1730,0.95,0.0,1.0,0.0,0.2550889538093047
fbc_tfnbs,"e=0.7,h=6.0,n=30,start_thres=1.25,min_cluster_size=3",hub,0.25,100,2,40,1730,38,0,2,1730,0.95,0.0,1.0,0.0,0.2550889538093047
fbc_tfnbs,"e=0.7,h=7.0,n=30,start_thres=1.25,min_cluster_size=3",hub,0.25,100,2,40,1730,38,0,2,1730,0.95,0.0,1.0,0.0,0.2550889538093047
fbc_tfnbs,"e=0.7,h=8.0,n=30,start_thres=1.25,min_cluster_size=3",hub,0.25,100,2,40,1730,38,0,2,1730,0.95,0.0,1.0,0.0,0.2550889538093047
fbc_tfnbs,"e=0.7,h=9.0,n=30,start_thres=1.25,min_cluster_size=3",hub,0.25,100,2,40,1730,38,0,2,1730,0.95,0.0,1.0,0.0,0.2550889538093047
fbc_tfnbs,"e=0.7,h=10.0,n=30,start_thres=1.25,min_cluster_size=3",hub,0.25,100,2,40,1730,38,0,2,1730,0.95,0.0,1.0,0.0,0.2550889538093047
fbc_tfnbs,"e=0.8,h=0.5,n=30,start_thres=1.25,min_cluster_size=3",hub,0.25,100,2,40,1730,36,5,4,1725,0.9,0.0028901734104046,0.8780487804878049,0.1219512195121951,0.2550889538093047
fbc_tfnbs,"e=0.8,h=1.0,n=30,start_thres=1.25,min_cluster_size=3",hub,0.25,100,2,40,1730,38,0,2,1730,0.95,0.0,1.0,0.0,0.2550889538093047
fbc_tfnbs,"e=0.8,h=2.0,n=30,start_thres=1.25,min_cluster_size=3",hub,0.25,100,2,40,1730,38,0,2,1730,0.95,0.0,1.0,0.0,0.2550889538093047
fbc_tfnbs,"e=0.8,h=3.0,n=30,start_thres=1.25,min_cluster_size=3",hub,0.25,100,2,40,1730,38,0,2,1730,0.95,0.0,1.0,0.0,0.2550889538093047
fbc_tfnbs,"e=0.8,h=4.0,n=30,start_thres=1.25,min_cluster_size=3",hub,0.25,100,2,40,1730,38,0,2,1730,0.95,0.0,1.0,0.0,0.2550889538093047
fbc_tfnbs,"e=0.8,h=5.0,n=30,start_thres=1.25,min_cluster_size=3",hub,0.25,100,2,40,1730,38,0,2,1730,0.95,0.0,1.0,0.0,0.2550889538093047
fbc_tfnbs,"e=0.8,h=6.0,n=30,start_thres=1.25,min_cluster_size=3",hub,0.25,100,2,40,1730,38,0,2,1730,0.95,0.0,1.0,0.0,0.2550889538093047
fbc_tfnbs,"e=0.8,h=7.0,n=30,start_thres=1.25,min_cluster_size=3",hub,0.25,100,2,40,1730,38,0,2,1730,0.95,0.0,1.0,0.0,0.2550889538093047
fbc_tfnbs,"e=0.8,h=8.0,n=30,start_thres=1.25,min_cluster_size=3",hub,0.25,100,2,40,1730,38,0,2,1730,0.95,0.0,1.0,0.0,0.2550889538093047
fbc_tfnbs,"e=0.8,h=9.0,n=30,start_thres=1.25,min_cluster_size=3",hub,0.25,100,2,40,1730,38,0,2,1730,0.95,0.0,1.0,0.0,0.2550889538093047
fbc_tfnbs,"e=0.8,h=10.0,n=30,start_thres=1.25,min_cluster_size=3",hub,0.25,100,2,40,1730,38,0,2,1730,0.95,0.0,1.0,0.0,0.2550889538093047
fbc_tfnbs,"e=0.9,h=0.5,n=30,start_thres=1.25,min_cluster_size=3",hub,0.25,100,2,40,1730,36,5,4,1725,0.9,0.0028901734104046,0.8780487804878049,0.1219512195121951,0.2550889538093047
fbc_tfnbs,"e=0.9,h=1.0,n=30,start_thres=1.25,min_cluster_size=3",hub,0.25,100,2,40,1730,36,5,4,1725,0.9,0.0028901734104046,0.8780487804878049,0.1219512195121951,0.2550889538093047
fbc_tfnbs,"e=0.9,h=2.0,n=30,start_thres=1.25,min_cluster_size=3",hub,0.25,100,2,40,1730,38,5,2,1725,0.95,0.0028901734104046,0.8837209302325582,0.1162790697674418,0.2550889538093047
fbc_tfnbs,"e=0.9,h=3.0,n=30,start_thres=1.25,min_cluster_size=3",hub,0.25,100,2,40,1730,38,5,2,1725,0.95,0.0028901734104046,0.8837209302325582,0.1162790697674418,0.2550889538093047
fbc_tfnbs,"e=0.9,h=4.0,n=30,start_thres=1.25,min_cluster_size=3",hub,0.25,100,2,40,1730,38,0,2,1730,0.95,0.0,1.0,0.0,0.2550889538093047
fbc_tfnbs,"e=0.9,h=5.0,n=30,start_thres=1.25,min_cluster_size=3",hub,0.25,100,2,40,1730,38,0,2,1730,0.95,0.0,1.0,0.0,0.2550889538093047
fbc_tfnbs,"e=0.9,h=6.0,n=30,start_thres=1.25,min_cluster_size=3",hub,0.25,100,2,40,1730,38,0,2,1730,0.95,0.0,1.0,0.0,0.2550889538093047
fbc_tfnbs,"e=0.9,h=7.0,n=30,start_thres=1.25,min_cluster_size=3",hub,0.25,100,2,40,1730,38,0,2,1730,0.95,0.0,1.0,0.0,0.2550889538093047
fbc_tfnbs,"e=0.9,h=8.0,n=30,start_thres=1.25,min_cluster_size=3",hub,0.25,100,2,40,1730,38,0,2,1730,0.95,0.0,1.0,0.0,0.2550889538093047
fbc_tfnbs,"e=0.9,h=9.0,n=30,start_thres=1.25,min_cluster_size=3",hub,0.25,100,2,40,1730,38,0,2,1730,0.95,0.0,1.0,0.0,0.2550889538093047
fbc_tfnbs,"e=0.9,h=10.0,n=30,start_thres=1.25,min_cluster_size=3",hub,0.25,100,2,40,1730,38,0,2,1730,0.95,0.0,1.0,0.0,0.2550889538093047
fbc_tfnbs,"e=1.0,h=0.5,n=30,start_thres=1.25,min_cluster_size=3",hub,0.25,100,2,40,1730,35,8,5,1722,0.875,0.0046242774566473,0.813953488372093,0.1860465116279069,0.2550889538093047
fbc_tfnbs,"e=1.0,h=1.0,n=30,start_thres=1.25,min_cluster_size=3",hub,0.25,100,2,40,1730,36,8,4,1722,0.9,0.0046242774566473,0.8181818181818182,0.1818181818181818,0.2550889538093047
fbc_tfnbs,"e=1.0,h=2.0,n=30,start_thres=1.25,min_cluster_size=3",hub,0.25,100,2,40,1730,38,5,2,1725,0.95,0.0028901734104046,0.8837209302325582,0.1162790697674418,0.2550889538093047
fbc_tfnbs,"e=1.0,h=3.0,n=30,start_thres=1.25,min_cluster_size=3",hub,0.25,100,2,40,1730,38,5,2,1725,0.95,0.0028901734104046,0.8837209302325582,0.1162790697674418,0.2550889538093047
fbc_tfnbs,"e=1.0,h=4.0,n=30,start_thres=1.25,min_cluster_size=3",hub,0.25,100,2,40,1730,38,5,2,1725,0.95,0.0028901734104046,0.8837209302325582,0.1162790697674418,0.2550889538093047
fbc_tfnbs,"e=1.0,h=5.0,n=30,start_thres=1.25,min_cluster_size=3",hub,0.25,100,2,40,1730,38,0,2,1730,0.95,0.0,1.0,0.0,0.2550889538093047
fbc_tfnbs,"e=1.0,h=6.0,n=30,start_thres=1.25,min_cluster_size=3",hub,0.25,100,2,40,1730,38,0,2,1730,0.95,0.0,1.0,0.0,0.2550889538093047
fbc_tfnbs,"e=1.0,h=7.0,n=30,start_thres=1.25,min_cluster_size=3",hub,0.25,100,2,40,1730,38,0,2,1730,0.95,0.0,1.0,0.0,0.2550889538093047
fbc_tfnbs,"e=1.0,h=8.0,n=30,start_thres=1.25,min_cluster_size=3",hub,0.25,100,2,40,1730,38,0,2,1730,0.95,0.0,1.0,0.0,0.2550889538093047
fbc_tfnbs,"e=1.0,h=9.0,n=30,start_thres=1.25,min_cluster_size=3",hub,0.25,100,2,40,1730,38,0,2,1730,0.95,0.0,1.0,0.0,0.2550889538093047
fbc_tfnbs,"e=1.0,h=10.0,n=30,start_thres=1.25,min_cluster_size=3",hub,0.25,100,2,40,1730,38,0,2,1730,0.95,0.0,1.0,0.0,0.2550889538093047
fbc_tfnbs,"e=1.1,h=0.5,n=30,start_thres=1.25,min_cluster_size=3",hub,0.25,100,2,40,1730,30,8,10,1722,0.75,0.0046242774566473,0.7894736842105263,0.2105263157894736,0.2550889538093047
fbc_tfnbs,"e=1.1,h=1.0,n=30,start_thres=1.25,min_cluster_size=3",hub,0.25,100,2,40,1730,36,8,4,1722,0.9,0.0046242774566473,0.8181818181818182,0.1818181818181818,0.2550889538093047
fbc_tfnbs,"e=1.1,h=2.0,n=30,start_thres=1.25,min_cluster_size=3",hub,0.25,100,2,40,1730,38,8,2,1722,0.95,0.0046242774566473,0.8260869565217391,0.1739130434782608,0.2550889538093047
fbc_tfnbs,"e=1.1,h=3.0,n=30,start_thres=1.25,min_cluster_size=3",hub,0.25,100,2,40,1730,38,5,2,1725,0.95,0.0028901734104046,0.8837209302325582,0.1162790697674418,0.2550889538093047
fbc_tfnbs,"e=1.1,h=4.0,n=30,start_thres=1.25,min_cluster_size=3",hub,0.25,100,2,40,1730,38,5,2,1725,0.95,0.0028901734104046,0.8837209302325582,0.1162790697674418,0.2550889538093047
fbc_tfnbs,"e=1.1,h=5.0,n=30,start_thres=1.25,min_cluster_size=3",hub,0.25,100,2,40,1730,38,0,2,1730,0.95,0.0,1.0,0.0,0.2550889538093047
fbc_tfnbs,"e=1.1,h=6.0,n=30,start_thres=1.25,min_cluster_size=3",hub,0.25,100,2,40,1730,38,0,2,1730,0.95,0.0,1.0,0.0,0.2550889538093047
fbc_tfnbs,"e=1.1,h=7.0,n=30,start_thres=1.25,min_cluster_size=3",hub,0.25,100,2,40,1730,38,0,2,1730,0.95,0.0,1.0,0.0,0.2550889538093047
fbc_tfnbs,"e=1.1,h=8.0,n=30,start_thres=1.25,min_cluster_size=3",hub,0.25,100,2,40,1730,38,0,2,1730,0.95,0.0,1.0,0.0,0.2550889538093047
fbc_tfnbs,"e=1.1,h=9.0,n=30,start_thres=1.25,min_cluster_size=3",hub,0.25,100,2,40,1730,38,0,2,1730,0.95,0.0,1.0,0.0,0.2550889538093047
fbc_tfnbs,"e=1.1,h=10.0,n=30,start_thres=1.25,min_cluster_size=3",hub,0.25,100,2,40,1730,38,0,2,1730,0.95,0.0,1.0,0.0,0.2550889538093047
fbc_tfnbs,"e=1.2,h=0.5,n=30,start_thres=1.25,min_cluster_size=3",hub,0.25,100,2,40,1730,24,13,16,1717,0.6,0.007514450867052,0.6486486486486487,0.3513513513513513,0.2550889538093047
fbc_tfnbs,"e=1.2,h=1.0,n=30,start_thres=1.25,min_cluster_size=3",hub,0.25,100,2,40,1730,35,8,5,1722,0.875,0.0046242774566473,0.813953488372093,0.1860465116279069,0.2550889538093047
fbc_tfnbs,"e=1.2,h=2.0,n=30,start_thres=1.25,min_cluster_size=3",hub,0.25,100,2,40,1730,38,8,2,1722,0.95,0.0046242774566473,0.8260869565217391,0.1739130434782608,0.2550889538093047
fbc_tfnbs,"e=1.2,h=3.0,n=30,start_thres=1.25,min_cluster_size=3",hub,0.25,100,2,40,1730,38,8,2,1722,0.95,0.0046242774566473,0.8260869565217391,0.1739130434782608,0.2550889538093047
fbc_tfnbs,"e=1.2,h=4.0,n=30,start_thres=1.25,min_cluster_size=3",hub,0.25,100,2,40,1730,38,5,2,1725,0.95,0.0028901734104046,0.8837209302325582,0.1162790697674418,0.2550889538093047
fbc_tfnbs,"e=1.2,h=5.0,n=30,start_thres=1.25,min_cluster_size=3",hub,0.25,100,2,40,1730,38,5,2,1725,0.95,0.0028901734104046,0.8837209302325582,0.1162790697674418,0.2550889538093047
fbc_tfnbs,"e=1.2,h=6.0,n=30,start_thres=1.25,min_cluster_size=3",hub,0.25,100,2,40,1730,38,0,2,1730,0.95,0.0,1.0,0.0,0.2550889538093047
fbc_tfnbs,"e=1.2,h=7.0,n=30,start_thres=1.25,min_cluster_size=3",hub,0.25,100,2,40,1730,38,0,2,1730,0.95,0.0,1.0,0.0,0.2550889538093047
fbc_tfnbs,"e=1.2,h=8.0,n=30,start_thres=1.25,min_cluster_size=3",hub,0.25,100,2,40,1730,38,0,2,1730,0.95,0.0,1.0,0.0,0.2550889538093047
fbc_tfnbs,"e=1.2,h=9.0,n=30,start_thres=1.25,min_cluster_size=3",hub,0.25,100,2,40,1730,38,0,2,1730,0.95,0.0,1.0,0.0,0.2550889538093047
fbc_tfnbs,"e=1.2,h=10.0,n=30,start_thres=1.25,min_cluster_size=3",hub,0.25,100,2,40,1730,38,0,2,1730,0.95,0.0,1.0,0.0,0.2550889538093047
fbc_tfnbs,"e=1.3,h=0.5,n=30,start_thres=1.25,min_cluster_size=3",hub,0.25,100,2,40,1730,20,13,20,1717,0.5,0.007514450867052,0.6060606060606061,0.3939393939393939,0.2550889538093047
fbc_tfnbs,"e=1.3,h=1.0,n=30,start_thres=1.25,min_cluster_size=3",hub,0.25,100,2,40,1730,30,13,10,1717,0.75,0.007514450867052,0.6976744186046512,0.3023255813953488,0.2550889538093047
fbc_tfnbs,"e=1.3,h=2.0,n=30,start_thres=1.25,min_cluster_size=3",hub,0.25,100,2,40,1730,36,8,4,1722,0.9,0.0046242774566473,0.8181818181818182,0.1818181818181818,0.2550889538093047
fbc_tfnbs,"e=1.3,h=3.0,n=30,start_thres=1.25,min_cluster_size=3",hub,0.25,100,2,40,1730,38,8,2,1722,0.95,0.0046242774566473,0.8260869565217391,0.1739130434782608,0.2550889538093047
fbc_tfnbs,"e=1.3,h=4.0,n=30,start_thres=1.25,min_cluster_size=3",hub,0.25,100,2,40,1730,38,8,2,1722,0.95,0.0046242774566473,0.8260869565217391,0.1739130434782608,0.2550889538093047
fbc_tfnbs,"e=1.3,h=5.0,n=30,start_thres=1.25,min_cluster_size=3",hub,0.25,100,2,40,1730,38,5,2,1725,0.95,0.0028901734104046,0.8837209302325582,0.1162790697674418,0.2550889538093047
fbc_tfnbs,"e=1.3,h=6.0,n=30,start_thres=1.25,min_cluster_size=3",hub,0.25,100,2,40,1730,38,5,2,1725,0.95,0.0028901734104046,0.8837209302325582,0.1162790697674418,0.2550889538093047
fbc_tfnbs,"e=1.3,h=7.0,n=30,start_thres=1.25,min_cluster_size=3",hub,0.25,100,2,40,1730,38,0,2,1730,0.95,0.0,1.0,0.0,0.2550889538093047
fbc_tfnbs,"e=1.3,h=8.0,n=30,start_thres=1.25,min_cluster_size=3",hub,0.25,100,2,40,1730,38,0,2,1730,0.95,0.0,1.0,0.0,0.2550889538093047
fbc_tfnbs,"e=1.3,h=9.0,n=30,start_thres=1.25,min_cluster_size=3",hub,0.25,100,2,40,1730,38,0,2,1730,0.95,0.0,1.0,0.0,0.2550889538093047
fbc_tfnbs,"e=1.3,h=10.0,n=30,start_thres=1.25,min_cluster_size=3",hub,0.25,100,2,40,1730,38,0,2,1730,0.95,0.0,1.0,0.0,0.2550889538093047
fbc_tfnbs,"e=1.4,h=0.5,n=30,start_thres=1.25,min_cluster_size=3",hub,0.25,100,2,40,1730,18,13,22,1717,0.45,0.007514450867052,0.5806451612903226,0.4193548387096774,0.2550889538093047
fbc_tfnbs,"e=1.4,h=1.0,n=30,start_thres=1.25,min_cluster_size=3",hub,0.25,100,2,40,1730,21,13,19,1717,0.525,0.007514450867052,0.6176470588235294,0.3823529411764705,0.2550889538093047
fbc_tfnbs,"e=1.4,h=2.0,n=30,start_thres=1.25,min_cluster_size=3",hub,0.25,100,2,40,1730,36,13,4,1717,0.9,0.007514450867052,0.7346938775510204,0.2653061224489796,0.2550889538093047
fbc_tfnbs,"e=1.4,h=3.0,n=30,start_thres=1.25,min_cluster_size=3",hub,0.25,100,2,40,1730,38,8,2,1722,0.95,0.0046242774566473,0.8260869565217391,0.1739130434782608,0.2550889538093047
fbc_tfnbs,"e=1.4,h=4.0,n=30,start_thres=1.25,min_cluster_size=3",hub,0.25,100,2,40,1730,38,8,2,1722,0.95,0.0046242774566473,0.8260869565217391,0.1739130434782608,0.2550889538093047
fbc_tfnbs,"e=1.4,h=5.0,n=30,start_thres=1.25,min_cluster_size=3",hub,0.25,100,2,40,1730,38,8,2,1722,0.95,0.0046242774566473,0.8260869565217391,0.1739130434782608,0.2550889538093047
fbc_tfnbs,"e=1.4,h=6.0,n=30,start_thres=1.25,min_cluster_size=3",hub,0.25,100,2,40,1730,38,5,2,1725,0.95,0.0028901734104046,0.8837209302325582,0.1162790697674418,0.2550889538093047
fbc_tfnbs,"e=1.4,h=7.0,n=30,start_thres=1.25,min_cluster_size=3",hub,0.25,100,2,40,1730,38,5,2,1725,0.95,0.0028901734104046,0.8837209302325582,0.1162790697674418,0.2550889538093047
fbc_tfnbs,"e=1.4,h=8.0,n=30,start_thres=1.25,min_cluster_size=3",hub,0.25,100,2,40,1730,38,0,2,1730,0.95,0.0,1.0,0.0,0.2550889538093047
fbc_tfnbs,"e=1.4,h=9.0,n=30,start_thres=1.25,min_cluster_size=3",hub,0.25,100,2,40,1730,38,0,2,1730,0.95,0.0,1.0,0.0,0.2550889538093047
fbc_tfnbs,"e=1.4,h=10.0,n=30,start_thres=1.25,min_cluster_size=3",hub,0.25,100,2,40,1730,38,0,2,1730,0.95,0.0,1.0,0.0,0.2550889538093047
fbc_tfnbs,"e=1.5,h=0.5,n=30,start_thres=1.25,min_cluster_size=3",hub,0.25,100,2,40,1730,16,21,24,1709,0.4,0.0121387283236994,0.4324324324324324,0.5675675675675675,0.2550889538093047
fbc_tfnbs,"e=1.5,h=1.0,n=30,start_thres=1.25,min_cluster_size=3",hub,0.25,100,2,40,1730,21,13,19,1717,0.525,0.007514450867052,0.6176470588235294,0.3823529411764705,0.2550889538093047
fbc_tfnbs,"e=1.5,h=2.0,n=30,start_thres=1.25,min_cluster_size=3",hub,0.25,100,2,40,1730,36,13,4,1717,0.9,0.007514450867052,0.7346938775510204,0.2653061224489796,0.2550889538093047
fbc_tfnbs,"e=1.5,h=3.0,n=30,start_thres=1.25,min_cluster_size=3",hub,0.25,100,2,40,1730,38,13,2,1717,0.95,0.007514450867052,0.7450980392156863,0.2549019607843137,0.2550889538093047
fbc_tfnbs,"e=1.5,h=4.0,n=30,start_thres=1.25,min_cluster_size=3",hub,0.25,100,2,40,1730,38,8,2,1722,0.95,0.0046242774566473,0.8260869565217391,0.1739130434782608,0.2550889538093047
fbc_tfnbs,"e=1.5,h=5.0,n=30,start_thres=1.25,min_cluster_size=3",hub,0.25,100,2,40,1730,38,8,2,1722,0.95,0.0046242774566473,0.8260869565217391,0.1739130434782608,0.2550889538093047
fbc_tfnbs,"e=1.5,h=6.0,n=30,start_thres=1.25,min_cluster_size=3",hub,0.25,100,2,40,1730,38,5,2,1725,0.95,0.0028901734104046,0.8837209302325582,0.1162790697674418,0.2550889538093047
fbc_tfnbs,"e=1.5,h=7.0,n=30,start_thres=1.25,min_cluster_size=3",hub,0.25,100,2,40,1730,38,5,2,1725,0.95,0.0028901734104046,0.8837209302325582,0.1162790697674418,0.2550889538093047
fbc_tfnbs,"e=1.5,h=8.0,n=30,start_thres=1.25,min_cluster_size=3",hub,0.25,100,2,40,1730,38,0,2,1730,0.95,0.0,1.0,0.0,0.2550889538093047
fbc_tfnbs,"e=1.5,h=9.0,n=30,start_thres=1.25,min_cluster_size=3",hub,0.25,100,2,40,1730,38,0,2,1730,0.95,0.0,1.0,0.0,0.2550889538093047
fbc_tfnbs,"e=1.5,h=10.0,n=30,start_thres=1.25,min_cluster_size=3",hub,0.25,100,2,40,1730,38,0,2,1730,0.95,0.0,1.0,0.0,0.2550889538093047
fbc_tfnbs,"e=0.05,h=0.5,n=30,start_thres=1.25,min_cluster_size=3",hub,0.25,100,3,40,1730,37,1,3,1729,0.925,0.0005780346820809,0.9736842105263158,0.0263157894736842,0.2584920268167149
fbc_tfnbs,"e=0.05,h=1.0,n=30,start_thres=1.25,min_cluster_size=3",hub,0.25,100,3,40,1730,37,1,3,1729,0.925,0.0005780346820809,0.9736842105263158,0.0263157894736842,0.2584920268167149
fbc_tfnbs,"e=0.05,h=2.0,n=30,start_thres=1.25,min_cluster_size=3",hub,0.25,100,3,40,1730,37,1,3,1729,0.925,0.0005780346820809,0.9736842105263158,0.0263157894736842,0.2584920268167149
fbc_tfnbs,"e=0.05,h=3.0,n=30,start_thres=1.25,min_cluster_size=3",hub,0.25,100,3,40,1730,37,1,3,1729,0.925,0.0005780346820809,0.9736842105263158,0.0263157894736842,0.2584920268167149
fbc_tfnbs,"e=0.05,h=4.0,n=30,start_thres=1.25,min_cluster_size=3",hub,0.25,100,3,40,1730,37,1,3,1729,0.925,0.0005780346820809,0.9736842105263158,0.0263157894736842,0.2584920268167149
fbc_tfnbs,"e=0.05,h=5.0,n=30,start_thres=1.25,min_cluster_size=3",hub,0.25,100,3,40,1730,37,1,3,1729,0.925,0.0005780346820809,0.9736842105263158,0.0263157894736842,0.2584920268167149
fbc_tfnbs,"e=0.05,h=6.0,n=30,start_thres=1.25,min_cluster_size=3",hub,0.25,100,3,40,1730,37,1,3,1729,0.925,0.0005780346820809,0.9736842105263158,0.0263157894736842,0.2584920268167149
fbc_tfnbs,"e=0.05,h=7.0,n=30,start_thres=1.25,min_cluster_size=3",hub,0.25,100,3,40,1730,37,1,3,1729,0.925,0.0005780346820809,0.9736842105263158,0.0263157894736842,0.2584920268167149
fbc_tfnbs,"e=0.05,h=8.0,n=30,start_thres=1.25,min_cluster_size=3",hub,0.25,100,3,40,1730,37,1,3,1729,0.925,0.0005780346820809,0.9736842105263158,0.0263157894736842,0.2584920268167149
fbc_tfnbs,"e=0.05,h=9.0,n=30,start_thres=1.25,min_cluster_size=3",hub,0.25,100,3,40,1730,37,1,3,1729,0.925,0.0005780346820809,0.9736842105263158,0.0263157894736842,0.2584920268167149
fbc_tfnbs,"e=0.05,h=10.0,n=30,start_thres=1.25,min_cluster_size=3",hub,0.25,100,3,40,1730,37,1,3,1729,0.925,0.0005780346820809,0.9736842105263158,0.0263157894736842,0.2584920268167149
fbc_tfnbs,"e=0.1,h=0.5,n=30,start_thres=1.25,min_cluster_size=3",hub,0.25,100,3,40,1730,37,1,3,1729,0.925,0.0005780346820809,0.9736842105263158,0.0263157894736842,0.2584920268167149
fbc_tfnbs,"e=0.1,h=1.0,n=30,start_thres=1.25,min_cluster_size=3",hub,0.25,100,3,40,1730,37,1,3,1729,0.925,0.0005780346820809,0.9736842105263158,0.0263157894736842,0.2584920268167149
fbc_tfnbs,"e=0.1,h=2.0,n=30,start_thres=1.25,min_cluster_size=3",hub,0.25,100,3,40,1730,37,1,3,1729,0.925,0.0005780346820809,0.9736842105263158,0.0263157894736842,0.2584920268167149
fbc_tfnbs,"e=0.1,h=3.0,n=30,start_thres=1.25,min_cluster_size=3",hub,0.25,100,3,40,1730,37,1,3,1729,0.925,0.0005780346820809,0.9736842105263158,0.0263157894736842,0.2584920268167149
fbc_tfnbs,"e=0.1,h=4.0,n=30,start_thres=1.25,min_cluster_size=3",hub,0.25,100,3,40,1730,37,1,3,1729,0.925,0.0005780346820809,0.9736842105263158,0.0263157894736842,0.2584920268167149
fbc_tfnbs,"e=0.1,h=5.0,n=30,start_thres=1.25,min_cluster_size=3",hub,0.25,100,3,40,1730,37,1,3,1729,0.925,0.0005780346820809,0.9736842105263158,0.0263157894736842,0.2584920268167149
fbc_tfnbs,"e=0.1,h=6.0,n=30,start_thres=1.25,min_cluster_size=3",hub,0.25,100,3,40,1730,37,1,3,1729,0.925,0.0005780346820809,0.9736842105263158,0.0263157894736842,0.2584920268167149
fbc_tfnbs,"e=0.1,h=7.0,n=30,start_thres=1.25,min_cluster_size=3",hub,0.25,100,3,40,1730,37,1,3,1729,0.925,0.0005780346820809,0.9736842105263158,0.0263157894736842,0.2584920268167149
fbc_tfnbs,"e=0.1,h=8.0,n=30,start_thres=1.25,min_cluster_size=3",hub,0.25,100,3,40,1730,37,1,3,1729,0.925,0.0005780346820809,0.9736842105263158,0.0263157894736842,0.2584920268167149
fbc_tfnbs,"e=0.1,h=9.0,n=30,start_thres=1.25,min_cluster_size=3",hub,0.25,100,3,40,1730,37,1,3,1729,0.925,0.0005780346820809,0.9736842105263158,0.0263157894736842,0.2584920268167149
fbc_tfnbs,"e=0.1,h=10.0,n=30,start_thres=1.25,min_cluster_size=3",hub,0.25,100,3,40,1730,37,1,3,1729,0.925,0.0005780346820809,0.9736842105263158,0.0263157894736842,0.2584920268167149
fbc_tfnbs,"e=0.2,h=0.5,n=30,start_thres=1.25,min_cluster_size=3",hub,0.25,100,3,40,1730,37,1,3,1729,0.925,0.0005780346820809,0.9736842105263158,0.0263157894736842,0.2584920268167149
fbc_tfnbs,"e=0.2,h=1.0,n=30,start_thres=1.25,min_cluster_size=3",hub,0.25,100,3,40,1730,37,1,3,1729,0.925,0.0005780346820809,0.9736842105263158,0.0263157894736842,0.2584920268167149
fbc_tfnbs,"e=0.2,h=2.0,n=30,start_thres=1.25,min_cluster_size=3",hub,0.25,100,3,40,1730,37,1,3,1729,0.925,0.0005780346820809,0.9736842105263158,0.0263157894736842,0.2584920268167149
fbc_tfnbs,"e=0.2,h=3.0,n=30,start_thres=1.25,min_cluster_size=3",hub,0.25,100,3,40,1730,37,1,3,1729,0.925,0.0005780346820809,0.9736842105263158,0.0263157894736842,0.2584920268167149
fbc_tfnbs,"e=0.2,h=4.0,n=30,start_thres=1.25,min_cluster_size=3",hub,0.25,100,3,40,1730,37,1,3,1729,0.925,0.0005780346820809,0.9736842105263158,0.0263157894736842,0.2584920268167149
fbc_tfnbs,"e=0.2,h=5.0,n=30,start_thres=1.25,min_cluster_size=3",hub,0.25,100,3,40,1730,37,1,3,1729,0.925,0.0005780346820809,0.9736842105263158,0.0263157894736842,0.2584920268167149
fbc_tfnbs,"e=0.2,h=6.0,n=30,start_thres=1.25,min_cluster_size=3",hub,0.25,100,3,40,1730,37,1,3,1729,0.925,0.0005780346820809,0.9736842105263158,0.0263157894736842,0.2584920268167149
fbc_tfnbs,"e=0.2,h=7.0,n=30,start_thres=1.25,min_cluster_size=3",hub,0.25,100,3,40,1730,37,1,3,1729,0.925,0.0005780346820809,0.9736842105263158,0.0263157894736842,0.2584920268167149
fbc_tfnbs,"e=0.2,h=8.0,n=30,start_thres=1.25,min_cluster_size=3",hub,0.25,100,3,40,1730,37,1,3,1729,0.925,0.0005780346820809,0.9736842105263158,0.0263157894736842,0.2584920268167149
fbc_tfnbs,"e=0.2,h=9.0,n=30,start_thres=1.25,min_cluster_size=3",hub,0.25,100,3,40,1730,37,1,3,1729,0.925,0.0005780346820809,0.9736842105263158,0.0263157894736842,0.2584920268167149
fbc_tfnbs,"e=0.2,h=10.0,n=30,start_thres=1.25,min_cluster_size=3",hub,0.25,100,3,40,1730,37,1,3,1729,0.925,0.0005780346820809,0.9736842105263158,0.0263157894736842,0.2584920268167149
fbc_tfnbs,"e=0.3,h=0.5,n=30,start_thres=1.25,min_cluster_size=3",hub,0.25,100,3,40,1730,37,1,3,1729,0.925,0.0005780346820809,0.9736842105263158,0.0263157894736842,0.2584920268167149
fbc_tfnbs,"e=0.3,h=1.0,n=30,start_thres=1.25,min_cluster_size=3",hub,0.25,100,3,40,1730,37,1,3,1729,0.925,0.0005780346820809,0.9736842105263158,0.0263157894736842,0.2584920268167149
fbc_tfnbs,"e=0.3,h=2.0,n=30,start_thres=1.25,min_cluster_size=3",hub,0.25,100,3,40,1730,37,1,3,1729,0.925,0.0005780346820809,0.9736842105263158,0.0263157894736842,0.2584920268167149
fbc_tfnbs,"e=0.3,h=3.0,n=30,start_thres=1.25,min_cluster_size=3",hub,0.25,100,3,40,1730,37,1,3,1729,0.925,0.0005780346820809,0.9736842105263158,0.0263157894736842,0.2584920268167149
fbc_tfnbs,"e=0.3,h=4.0,n=30,start_thres=1.25,min_cluster_size=3",hub,0.25,100,3,40,1730,37,1,3,1729,0.925,0.0005780346820809,0.9736842105263158,0.0263157894736842,0.2584920268167149
fbc_tfnbs,"e=0.3,h=5.0,n=30,start_thres=1.25,min_cluster_size=3",hub,0.25,100,3,40,1730,37,1,3,1729,0.925,0.0005780346820809,0.9736842105263158,0.0263157894736842,0.2584920268167149
fbc_tfnbs,"e=0.3,h=6.0,n=30,start_thres=1.25,min_cluster_size=3",hub,0.25,100,3,40,1730,37,1,3,1729,0.925,0.0005780346820809,0.9736842105263158,0.0263157894736842,0.2584920268167149
fbc_tfnbs,"e=0.3,h=7.0,n=30,start_thres=1.25,min_cluster_size=3",hub,0.25,100,3,40,1730,37,1,3,1729,0.925,0.0005780346820809,0.9736842105263158,0.0263157894736842,0.2584920268167149
fbc_tfnbs,"e=0.3,h=8.0,n=30,start_thres=1.25,min_cluster_size=3",hub,0.25,100,3,40,1730,37,1,3,1729,0.925,0.0005780346820809,0.9736842105263158,0.0263157894736842,0.2584920268167149
fbc_tfnbs,"e=0.3,h=9.0,n=30,start_thres=1.25,min_cluster_size=3",hub,0.25,100,3,40,1730,37,1,3,1729,0.925,0.0005780346820809,0.9736842105263158,0.0263157894736842,0.2584920268167149
fbc_tfnbs,"e=0.3,h=10.0,n=30,start_thres=1.25,min_cluster_size=3",hub,0.25,100,3,40,1730,37,1,3,1729,0.925,0.0005780346820809,0.9736842105263158,0.0263157894736842,0.2584920268167149
fbc_tfnbs,"e=0.4,h=0.5,n=30,start_thres=1.25,min_cluster_size=3",hub,0.25,100,3,40,1730,37,1,3,1729,0.925,0.0005780346820809,0.9736842105263158,0.0263157894736842,0.2584920268167149
fbc_tfnbs,"e=0.4,h=1.0,n=30,start_thres=1.25,min_cluster_size=3",hub,0.25,100,3,40,1730,37,1,3,1729,0.925,0.0005780346820809,0.9736842105263158,0.0263157894736842,0.2584920268167149
fbc_tfnbs,"e=0.4,h=2.0,n=30,start_thres=1.25,min_cluster_size=3",hub,0.25,100,3,40,1730,37,1,3,1729,0.925,0.0005780346820809,0.9736842105263158,0.0263157894736842,0.2584920268167149
fbc_tfnbs,"e=0.4,h=3.0,n=30,start_thres=1.25,min_cluster_size=3",hub,0.25,100,3,40,1730,37,1,3,1729,0.925,0.0005780346820809,0.9736842105263158,0.0263157894736842,0.2584920268167149
fbc_tfnbs,"e=0.4,h=4.0,n=30,start_thres=1.25,min_cluster_size=3",hub,0.25,100,3,40,1730,37,1,3,1729,0.925,0.0005780346820809,0.9736842105263158,0.0263157894736842,0.2584920268167149
fbc_tfnbs,"e=0.4,h=5.0,n=30,start_thres=1.25,min_cluster_size=3",hub,0.25,100,3,40,1730,37,1,3,1729,0.925,0.0005780346820809,0.9736842105263158,0.0263157894736842,0.2584920268167149
fbc_tfnbs,"e=0.4,h=6.0,n=30,start_thres=1.25,min_cluster_size=3",hub,0.25,100,3,40,1730,37,1,3,1729,0.925,0.0005780346820809,0.9736842105263158,0.0263157894736842,0.2584920268167149
fbc_tfnbs,"e=0.4,h=7.0,n=30,start_thres=1.25,min_cluster_size=3",hub,0.25,100,3,40,1730,37,1,3,1729,0.925,0.0005780346820809,0.9736842105263158,0.0263157894736842,0.2584920268167149
fbc_tfnbs,"e=0.4,h=8.0,n=30,start_thres=1.25,min_cluster_size=3",hub,0.25,100,3,40,1730,37,1,3,1729,0.925,0.0005780346820809,0.9736842105263158,0.0263157894736842,0.2584920268167149
fbc_tfnbs,"e=0.4,h=9.0,n=30,start_thres=1.25,min_cluster_size=3",hub,0.25,100,3,40,1730,37,1,3,1729,0.925,0.0005780346820809,0.9736842105263158,0.0263157894736842,0.2584920268167149
fbc_tfnbs,"e=0.4,h=10.0,n=30,start_thres=1.25,min_cluster_size=3",hub,0.25,100,3,40,1730,37,1,3,1729,0.925,0.0005780346820809,0.9736842105263158,0.0263157894736842,0.2584920268167149
fbc_tfnbs,"e=0.5,h=0.5,n=30,start_thres=1.25,min_cluster_size=3",hub,0.25,100,3,40,1730,36,1,4,1729,0.9,0.0005780346820809,0.972972972972973,0.027027027027027,0.2584920268167149
fbc_tfnbs,"e=0.5,h=1.0,n=30,start_thres=1.25,min_cluster_size=3",hub,0.25,100,3,40,1730,37,1,3,1729,0.925,0.0005780346820809,0.9736842105263158,0.0263157894736842,0.2584920268167149
fbc_tfnbs,"e=0.5,h=2.0,n=30,start_thres=1.25,min_cluster_size=3",hub,0.25,100,3,40,1730,37,1,3,1729,0.925,0.0005780346820809,0.9736842105263158,0.0263157894736842,0.2584920268167149
fbc_tfnbs,"e=0.5,h=3.0,n=30,start_thres=1.25,min_cluster_size=3",hub,0.25,100,3,40,1730,38,1,2,1729,0.95,0.0005780346820809,0.9743589743589745,0.0256410256410256,0.2584920268167149
fbc_tfnbs,"e=0.5,h=4.0,n=30,start_thres=1.25,min_cluster_size=3",hub,0.25,100,3,40,1730,38,1,2,1729,0.95,0.0005780346820809,0.9743589743589745,0.0256410256410256,0.2584920268167149
fbc_tfnbs,"e=0.5,h=5.0,n=30,start_thres=1.25,min_cluster_size=3",hub,0.25,100,3,40,1730,38,1,2,1729,0.95,0.0005780346820809,0.9743589743589745,0.0256410256410256,0.2584920268167149
fbc_tfnbs,"e=0.5,h=6.0,n=30,start_thres=1.25,min_cluster_size=3",hub,0.25,100,3,40,1730,38,1,2,1729,0.95,0.0005780346820809,0.9743589743589745,0.0256410256410256,0.2584920268167149
fbc_tfnbs,"e=0.5,h=7.0,n=30,start_thres=1.25,min_cluster_size=3",hub,0.25,100,3,40,1730,38,1,2,1729,0.95,0.0005780346820809,0.9743589743589745,0.0256410256410256,0.2584920268167149
fbc_tfnbs,"e=0.5,h=8.0,n=30,start_thres=1.25,min_cluster_size=3",hub,0.25,100,3,40,1730,38,1,2,1729,0.95,0.0005780346820809,0.9743589743589745,0.0256410256410256,0.2584920268167149
fbc_tfnbs,"e=0.5,h=9.0,n=30,start_thres=1.25,min_cluster_size=3",hub,0.25,100,3,40,1730,38,1,2,1729,0.95,0.0005780346820809,0.9743589743589745,0.0256410256410256,0.2584920268167149
fbc_tfnbs,"e=0.5,h=10.0,n=30,start_thres=1.25,min_cluster_size=3",hub,0.25,100,3,40,1730,37,1,3,1729,0.925,0.0005780346820809,0.9736842105263158,0.0263157894736842,0.2584920268167149
fbc_tfnbs,"e=0.6,h=0.5,n=30,start_thres=1.25,min_cluster_size=3",hub,0.25,100,3,40,1730,36,1,4,1729,0.9,0.0005780346820809,0.972972972972973,0.027027027027027,0.2584920268167149
fbc_tfnbs,"e=0.6,h=1.0,n=30,start_thres=1.25,min_cluster_size=3",hub,0.25,100,3,40,1730,37,1,3,1729,0.925,0.0005780346820809,0.9736842105263158,0.0263157894736842,0.2584920268167149
fbc_tfnbs,"e=0.6,h=2.0,n=30,start_thres=1.25,min_cluster_size=3",hub,0.25,100,3,40,1730,38,1,2,1729,0.95,0.0005780346820809,0.9743589743589745,0.0256410256410256,0.2584920268167149
fbc_tfnbs,"e=0.6,h=3.0,n=30,start_thres=1.25,min_cluster_size=3",hub,0.25,100,3,40,1730,38,1,2,1729,0.95,0.0005780346820809,0.9743589743589745,0.0256410256410256,0.2584920268167149
fbc_tfnbs,"e=0.6,h=4.0,n=30,start_thres=1.25,min_cluster_size=3",hub,0.25,100,3,40,1730,38,1,2,1729,0.95,0.0005780346820809,0.9743589743589745,0.0256410256410256,0.2584920268167149
fbc_tfnbs,"e=0.6,h=5.0,n=30,start_thres=1.25,min_cluster_size=3",hub,0.25,100,3,40,1730,38,1,2,1729,0.95,0.0005780346820809,0.9743589743589745,0.0256410256410256,0.2584920268167149
fbc_tfnbs,"e=0.6,h=6.0,n=30,start_thres=1.25,min_cluster_size=3",hub,0.25,100,3,40,1730,38,1,2,1729,0.95,0.0005780346820809,0.9743589743589745,0.0256410256410256,0.2584920268167149
fbc_tfnbs,"e=0.6,h=7.0,n=30,start_thres=1.25,min_cluster_size=3",hub,0.25,100,3,40,1730,38,1,2,1729,0.95,0.0005780346820809,0.9743589743589745,0.0256410256410256,0.2584920268167149
fbc_tfnbs,"e=0.6,h=8.0,n=30,start_thres=1.25,min_cluster_size=3",hub,0.25,100,3,40,1730,38,1,2,1729,0.95,0.0005780346820809,0.9743589743589745,0.0256410256410256,0.2584920268167149
fbc_tfnbs,"e=0.6,h=9.0,n=30,start_thres=1.25,min_cluster_size=3",hub,0.25,100,3,40,1730,38,1,2,1729,0.95,0.0005780346820809,0.9743589743589745,0.0256410256410256,0.2584920268167149
fbc_tfnbs,"e=0.6,h=10.0,n=30,start_thres=1.25,min_cluster_size=3",hub,0.25,100,3,40,1730,38,1,2,1729,0.95,0.0005780346820809,0.9743589743589745,0.0256410256410256,0.2584920268167149
fbc_tfnbs,"e=0.7,h=0.5,n=30,start_thres=1.25,min_cluster_size=3",hub,0.25,100,3,40,1730,35,1,5,1729,0.875,0.0005780346820809,0.9722222222222222,0.0277777777777777,0.2584920268167149
fbc_tfnbs,"e=0.7,h=1.0,n=30,start_thres=1.25,min_cluster_size=3",hub,0.25,100,3,40,1730,36,1,4,1729,0.9,0.0005780346820809,0.972972972972973,0.027027027027027,0.2584920268167149
fbc_tfnbs,"e=0.7,h=2.0,n=30,start_thres=1.25,min_cluster_size=3",hub,0.25,100,3,40,1730,38,1,2,1729,0.95,0.0005780346820809,0.9743589743589745,0.0256410256410256,0.2584920268167149
fbc_tfnbs,"e=0.7,h=3.0,n=30,start_thres=1.25,min_cluster_size=3",hub,0.25,100,3,40,1730,38,1,2,1729,0.95,0.0005780346820809,0.9743589743589745,0.0256410256410256,0.2584920268167149
fbc_tfnbs,"e=0.7,h=4.0,n=30,start_thres=1.25,min_cluster_size=3",hub,0.25,100,3,40,1730,38,1,2,1729,0.95,0.0005780346820809,0.9743589743589745,0.0256410256410256,0.2584920268167149
fbc_tfnbs,"e=0.7,h=5.0,n=30,start_thres=1.25,min_cluster_size=3",hub,0.25,100,3,40,1730,38,1,2,1729,0.95,0.0005780346820809,0.9743589743589745,0.0256410256410256,0.2584920268167149
fbc_tfnbs,"e=0.7,h=6.0,n=30,start_thres=1.25,min_cluster_size=3",hub,0.25,100,3,40,1730,38,1,2,1729,0.95,0.0005780346820809,0.9743589743589745,0.0256410256410256,0.2584920268167149
fbc_tfnbs,"e=0.7,h=7.0,n=30,start_thres=1.25,min_cluster_size=3",hub,0.25,100,3,40,1730,38,1,2,1729,0.95,0.0005780346820809,0.9743589743589745,0.0256410256410256,0.2584920268167149
fbc_tfnbs,"e=0.7,h=8.0,n=30,start_thres=1.25,min_cluster_size=3",hub,0.25,100,3,40,1730,38,1,2,1729,0.95,0.0005780346820809,0.9743589743589745,0.0256410256410256,0.2584920268167149
fbc_tfnbs,"e=0.7,h=9.0,n=30,start_thres=1.25,min_cluster_size=3",hub,0.25,100,3,40,1730,38,1,2,1729,0.95,0.0005780346820809,0.9743589743589745,0.0256410256410256,0.2584920268167149
fbc_tfnbs,"e=0.7,h=10.0,n=30,start_thres=1.25,min_cluster_size=3",hub,0.25,100,3,40,1730,38,1,2,1729,0.95,0.0005780346820809,0.9743589743589745,0.0256410256410256,0.2584920268167149
fbc_tfnbs,"e=0.8,h=0.5,n=30,start_thres=1.25,min_cluster_size=3",hub,0.25,100,3,40,1730,35,1,5,1729,0.875,0.0005780346820809,0.9722222222222222,0.0277777777777777,0.2584920268167149
fbc_tfnbs,"e=0.8,h=1.0,n=30,start_thres=1.25,min_cluster_size=3",hub,0.25,100,3,40,1730,36,1,4,1729,0.9,0.0005780346820809,0.972972972972973,0.027027027027027,0.2584920268167149
fbc_tfnbs,"e=0.8,h=2.0,n=30,start_thres=1.25,min_cluster_size=3",hub,0.25,100,3,40,1730,38,1,2,1729,0.95,0.0005780346820809,0.9743589743589745,0.0256410256410256,0.2584920268167149
fbc_tfnbs,"e=0.8,h=3.0,n=30,start_thres=1.25,min_cluster_size=3",hub,0.25,100,3,40,1730,38,1,2,1729,0.95,0.0005780346820809,0.9743589743589745,0.0256410256410256,0.2584920268167149
fbc_tfnbs,"e=0.8,h=4.0,n=30,start_thres=1.25,min_cluster_size=3",hub,0.25,100,3,40,1730,38,1,2,1729,0.95,0.0005780346820809,0.9743589743589745,0.0256410256410256,0.2584920268167149
fbc_tfnbs,"e=0.8,h=5.0,n=30,start_thres=1.25,min_cluster_size=3",hub,0.25,100,3,40,1730,38,1,2,1729,0.95,0.0005780346820809,0.9743589743589745,0.0256410256410256,0.2584920268167149
fbc_tfnbs,"e=0.8,h=6.0,n=30,start_thres=1.25,min_cluster_size=3",hub,0.25,100,3,40,1730,38,1,2,1729,0.95,0.0005780346820809,0.9743589743589745,0.0256410256410256,0.2584920268167149
fbc_tfnbs,"e=0.8,h=7.0,n=30,start_thres=1.25,min_cluster_size=3",hub,0.25,100,3,40,1730,38,1,2,1729,0.95,0.0005780346820809,0.9743589743589745,0.0256410256410256,0.2584920268167149
fbc_tfnbs,"e=0.8,h=8.0,n=30,start_thres=1.25,min_cluster_size=3",hub,0.25,100,3,40,1730,38,1,2,1729,0.95,0.0005780346820809,0.9743589743589745,0.0256410256410256,0.2584920268167149
fbc_tfnbs,"e=0.8,h=9.0,n=30,start_thres=1.25,min_cluster_size=3",hub,0.25,100,3,40,1730,38,1,2,1729,0.95,0.0005780346820809,0.9743589743589745,0.0256410256410256,0.2584920268167149
fbc_tfnbs,"e=0.8,h=10.0,n=30,start_thres=1.25,min_cluster_size=3",hub,0.25,100,3,40,1730,38,1,2,1729,0.95,0.0005780346820809,0.9743589743589745,0.0256410256410256,0.2584920268167149
fbc_tfnbs,"e=0.9,h=0.5,n=30,start_thres=1.25,min_cluster_size=3",hub,0.25,100,3,40,1730,35,1,5,1729,0.875,0.0005780346820809,0.9722222222222222,0.0277777777777777,0.2584920268167149
fbc_tfnbs,"e=0.9,h=1.0,n=30,start_thres=1.25,min_cluster_size=3",hub,0.25,100,3,40,1730,35,1,5,1729,0.875,0.0005780346820809,0.9722222222222222,0.0277777777777777,0.2584920268167149
fbc_tfnbs,"e=0.9,h=2.0,n=30,start_thres=1.25,min_cluster_size=3",hub,0.25,100,3,40,1730,38,1,2,1729,0.95,0.0005780346820809,0.9743589743589745,0.0256410256410256,0.2584920268167149
fbc_tfnbs,"e=0.9,h=3.0,n=30,start_thres=1.25,min_cluster_size=3",hub,0.25,100,3,40,1730,38,1,2,1729,0.95,0.0005780346820809,0.9743589743589745,0.0256410256410256,0.2584920268167149
fbc_tfnbs,"e=0.9,h=4.0,n=30,start_thres=1.25,min_cluster_size=3",hub,0.25,100,3,40,1730,38,1,2,1729,0.95,0.0005780346820809,0.9743589743589745,0.0256410256410256,0.2584920268167149
fbc_tfnbs,"e=0.9,h=5.0,n=30,start_thres=1.25,min_cluster_size=3",hub,0.25,100,3,40,1730,38,1,2,1729,0.95,0.0005780346820809,0.9743589743589745,0.0256410256410256,0.2584920268167149
fbc_tfnbs,"e=0.9,h=6.0,n=30,start_thres=1.25,min_cluster_size=3",hub,0.25,100,3,40,1730,38,1,2,1729,0.95,0.0005780346820809,0.9743589743589745,0.0256410256410256,0.2584920268167149
fbc_tfnbs,"e=0.9,h=7.0,n=30,start_thres=1.25,min_cluster_size=3",hub,0.25,100,3,40,1730,38,1,2,1729,0.95,0.0005780346820809,0.9743589743589745,0.0256410256410256,0.2584920268167149
fbc_tfnbs,"e=0.9,h=8.0,n=30,start_thres=1.25,min_cluster_size=3",hub,0.25,100,3,40,1730,38,1,2,1729,0.95,0.0005780346820809,0.9743589743589745,0.0256410256410256,0.2584920268167149
fbc_tfnbs,"e=0.9,h=9.0,n=30,start_thres=1.25,min_cluster_size=3",hub,0.25,100,3,40,1730,38,1,2,1729,0.95,0.0005780346820809,0.9743589743589745,0.0256410256410256,0.2584920268167149
fbc_tfnbs,"e=0.9,h=10.0,n=30,start_thres=1.25,min_cluster_size=3",hub,0.25,100,3,40,1730,38,1,2,1729,0.95,0.0005780346820809,0.9743589743589745,0.0256410256410256,0.2584920268167149
fbc_tfnbs,"e=1.0,h=0.5,n=30,start_thres=1.25,min_cluster_size=3",hub,0.25,100,3,40,1730,33,1,7,1729,0.825,0.0005780346820809,0.9705882352941176,0.0294117647058823,0.2584920268167149
fbc_tfnbs,"e=1.0,h=1.0,n=30,start_thres=1.25,min_cluster_size=3",hub,0.25,100,3,40,1730,35,1,5,1729,0.875,0.0005780346820809,0.9722222222222222,0.0277777777777777,0.2584920268167149
fbc_tfnbs,"e=1.0,h=2.0,n=30,start_thres=1.25,min_cluster_size=3",hub,0.25,100,3,40,1730,37,1,3,1729,0.925,0.0005780346820809,0.9736842105263158,0.0263157894736842,0.2584920268167149
fbc_tfnbs,"e=1.0,h=3.0,n=30,start_thres=1.25,min_cluster_size=3",hub,0.25,100,3,40,1730,38,1,2,1729,0.95,0.0005780346820809,0.9743589743589745,0.0256410256410256,0.2584920268167149
fbc_tfnbs,"e=1.0,h=4.0,n=30,start_thres=1.25,min_cluster_size=3",hub,0.25,100,3,40,1730,38,1,2,1729,0.95,0.0005780346820809,0.9743589743589745,0.0256410256410256,0.2584920268167149
fbc_tfnbs,"e=1.0,h=5.0,n=30,start_thres=1.25,min_cluster_size=3",hub,0.25,100,3,40,1730,38,1,2,1729,0.95,0.0005780346820809,0.9743589743589745,0.0256410256410256,0.2584920268167149
fbc_tfnbs,"e=1.0,h=6.0,n=30,start_thres=1.25,min_cluster_size=3",hub,0.25,100,3,40,1730,38,1,2,1729,0.95,0.0005780346820809,0.9743589743589745,0.0256410256410256,0.2584920268167149
fbc_tfnbs,"e=1.0,h=7.0,n=30,start_thres=1.25,min_cluster_size=3",hub,0.25,100,3,40,1730,38,1,2,1729,0.95,0.0005780346820809,0.9743589743589745,0.0256410256410256,0.2584920268167149
fbc_tfnbs,"e=1.0,h=8.0,n=30,start_thres=1.25,min_cluster_size=3",hub,0.25,100,3,40,1730,38,1,2,1729,0.95,0.0005780346820809,0.9743589743589745,0.0256410256410256,0.2584920268167149
fbc_tfnbs,"e=1.0,h=9.0,n=30,start_thres=1.25,min_cluster_size=3",hub,0.25,100,3,40,1730,38,1,2,1729,0.95,0.0005780346820809,0.9743589743589745,0.0256410256410256,0.2584920268167149
fbc_tfnbs,"e=1.0,h=10.0,n=30,start_thres=1.25,min_cluster_size=3",hub,0.25,100,3,40,1730,38,1,2,1729,0.95,0.0005780346820809,0.9743589743589745,0.0256410256410256,0.2584920268167149
fbc_tfnbs,"e=1.1,h=0.5,n=30,start_thres=1.25,min_cluster_size=3",hub,0.25,100,3,40,1730,31,0,9,1730,0.775,0.0,1.0,0.0,0.2584920268167149
fbc_tfnbs,"e=1.1,h=1.0,n=30,start_thres=1.25,min_cluster_size=3",hub,0.25,100,3,40,1730,35,1,5,1729,0.875,0.0005780346820809,0.9722222222222222,0.0277777777777777,0.2584920268167149
fbc_tfnbs,"e=1.1,h=2.0,n=30,start_thres=1.25,min_cluster_size=3",hub,0.25,100,3,40,1730,37,1,3,1729,0.925,0.0005780346820809,0.9736842105263158,0.0263157894736842,0.2584920268167149
fbc_tfnbs,"e=1.1,h=3.0,n=30,start_thres=1.25,min_cluster_size=3",hub,0.25,100,3,40,1730,38,1,2,1729,0.95,0.0005780346820809,0.9743589743589745,0.0256410256410256,0.2584920268167149
fbc_tfnbs,"e=1.1,h=4.0,n=30,start_thres=1.25,min_cluster_size=3",hub,0.25,100,3,40,1730,38,1,2,1729,0.95,0.0005780346820809,0.9743589743589745,0.0256410256410256,0.2584920268167149
fbc_tfnbs,"e=1.1,h=5.0,n=30,start_thres=1.25,min_cluster_size=3",hub,0.25,100,3,40,1730,38,1,2,1729,0.95,0.0005780346820809,0.9743589743589745,0.0256410256410256,0.2584920268167149
fbc_tfnbs,"e=1.1,h=6.0,n=30,start_thres=1.25,min_cluster_size=3",hub,0.25,100,3,40,1730,38,1,2,1729,0.95,0.0005780346820809,0.9743589743589745,0.0256410256410256,0.2584920268167149
fbc_tfnbs,"e=1.1,h=7.0,n=30,start_thres=1.25,min_cluster_size=3",hub,0.25,100,3,40,1730,38,1,2,1729,0.95,0.0005780346820809,0.9743589743589745,0.0256410256410256,0.2584920268167149
fbc_tfnbs,"e=1.1,h=8.0,n=30,start_thres=1.25,min_cluster_size=3",hub,0.25,100,3,40,1730,38,1,2,1729,0.95,0.0005780346820809,0.9743589743589745,0.0256410256410256,0.2584920268167149
fbc_tfnbs,"e=1.1,h=9.0,n=30,start_thres=1.25,min_cluster_size=3",hub,0.25,100,3,40,1730,38,1,2,1729,0.95,0.0005780346820809,0.9743589743589745,0.0256410256410256,0.2584920268167149
fbc_tfnbs,"e=1.1,h=10.0,n=30,start_thres=1.25,min_cluster_size=3",hub,0.25,100,3,40,1730,38,1,2,1729,0.95,0.0005780346820809,0.9743589743589745,0.0256410256410256,0.2584920268167149
fbc_tfnbs,"e=1.2,h=0.5,n=30,start_thres=1.25,min_cluster_size=3",hub,0.25,100,3,40,1730,31,0,9,1730,0.775,0.0,1.0,0.0,0.2584920268167149
fbc_tfnbs,"e=1.2,h=1.0,n=30,start_thres=1.25,min_cluster_size=3",hub,0.25,100,3,40,1730,33,1,7,1729,0.825,0.0005780346820809,0.9705882352941176,0.0294117647058823,0.2584920268167149
fbc_tfnbs,"e=1.2,h=2.0,n=30,start_thres=1.25,min_cluster_size=3",hub,0.25,100,3,40,1730,35,1,5,1729,0.875,0.0005780346820809,0.9722222222222222,0.0277777777777777,0.2584920268167149
fbc_tfnbs,"e=1.2,h=3.0,n=30,start_thres=1.25,min_cluster_size=3",hub,0.25,100,3,40,1730,38,1,2,1729,0.95,0.0005780346820809,0.9743589743589745,0.0256410256410256,0.2584920268167149
fbc_tfnbs,"e=1.2,h=4.0,n=30,start_thres=1.25,min_cluster_size=3",hub,0.25,100,3,40,1730,38,1,2,1729,0.95,0.0005780346820809,0.9743589743589745,0.0256410256410256,0.2584920268167149
fbc_tfnbs,"e=1.2,h=5.0,n=30,start_thres=1.25,min_cluster_size=3",hub,0.25,100,3,40,1730,38,1,2,1729,0.95,0.0005780346820809,0.9743589743589745,0.0256410256410256,0.2584920268167149
fbc_tfnbs,"e=1.2,h=6.0,n=30,start_thres=1.25,min_cluster_size=3",hub,0.25,100,3,40,1730,38,1,2,1729,0.95,0.0005780346820809,0.9743589743589745,0.0256410256410256,0.2584920268167149
fbc_tfnbs,"e=1.2,h=7.0,n=30,start_thres=1.25,min_cluster_size=3",hub,0.25,100,3,40,1730,38,1,2,1729,0.95,0.0005780346820809,0.9743589743589745,0.0256410256410256,0.2584920268167149
fbc_tfnbs,"e=1.2,h=8.0,n=30,start_thres=1.25,min_cluster_size=3",hub,0.25,100,3,40,1730,38,1,2,1729,0.95,0.0005780346820809,0.9743589743589745,0.0256410256410256,0.2584920268167149
fbc_tfnbs,"e=1.2,h=9.0,n=30,start_thres=1.25,min_cluster_size=3",hub,0.25,100,3,40,1730,38,1,2,1729,0.95,0.0005780346820809,0.9743589743589745,0.0256410256410256,0.2584920268167149
fbc_tfnbs,"e=1.2,h=10.0,n=30,start_thres=1.25,min_cluster_size=3",hub,0.25,100,3,40,1730,38,1,2,1729,0.95,0.0005780346820809,0.9743589743589745,0.0256410256410256,0.2584920268167149
fbc_tfnbs,"e=1.3,h=0.5,n=30,start_thres=1.25,min_cluster_size=3",hub,0.25,100,3,40,1730,26,0,14,1730,0.65,0.0,1.0,0.0,0.2584920268167149
fbc_tfnbs,"e=1.3,h=1.0,n=30,start_thres=1.25,min_cluster_size=3",hub,0.25,100,3,40,1730,31,0,9,1730,0.775,0.0,1.0,0.0,0.2584920268167149
fbc_tfnbs,"e=1.3,h=2.0,n=30,start_thres=1.25,min_cluster_size=3",hub,0.25,100,3,40,1730,35,1,5,1729,0.875,0.0005780346820809,0.9722222222222222,0.0277777777777777,0.2584920268167149
fbc_tfnbs,"e=1.3,h=3.0,n=30,start_thres=1.25,min_cluster_size=3",hub,0.25,100,3,40,1730,37,1,3,1729,0.925,0.0005780346820809,0.9736842105263158,0.0263157894736842,0.2584920268167149
fbc_tfnbs,"e=1.3,h=4.0,n=30,start_thres=1.25,min_cluster_size=3",hub,0.25,100,3,40,1730,38,1,2,1729,0.95,0.0005780346820809,0.9743589743589745,0.0256410256410256,0.2584920268167149
fbc_tfnbs,"e=1.3,h=5.0,n=30,start_thres=1.25,min_cluster_size=3",hub,0.25,100,3,40,1730,38,1,2,1729,0.95,0.0005780346820809,0.9743589743589745,0.0256410256410256,0.2584920268167149
fbc_tfnbs,"e=1.3,h=6.0,n=30,start_thres=1.25,min_cluster_size=3",hub,0.25,100,3,40,1730,38,1,2,1729,0.95,0.0005780346820809,0.9743589743589745,0.0256410256410256,0.2584920268167149
fbc_tfnbs,"e=1.3,h=7.0,n=30,start_thres=1.25,min_cluster_size=3",hub,0.25,100,3,40,1730,38,1,2,1729,0.95,0.0005780346820809,0.9743589743589745,0.0256410256410256,0.2584920268167149
fbc_tfnbs,"e=1.3,h=8.0,n=30,start_thres=1.25,min_cluster_size=3",hub,0.25,100,3,40,1730,38,1,2,1729,0.95,0.0005780346820809,0.9743589743589745,0.0256410256410256,0.2584920268167149
fbc_tfnbs,"e=1.3,h=9.0,n=30,start_thres=1.25,min_cluster_size=3",hub,0.25,100,3,40,1730,38,1,2,1729,0.95,0.0005780346820809,0.9743589743589745,0.0256410256410256,0.2584920268167149
fbc_tfnbs,"e=1.3,h=10.0,n=30,start_thres=1.25,min_cluster_size=3",hub,0.25,100,3,40,1730,38,1,2,1729,0.95,0.0005780346820809,0.9743589743589745,0.0256410256410256,0.2584920268167149
fbc_tfnbs,"e=1.4,h=0.5,n=30,start_thres=1.25,min_cluster_size=3",hub,0.25,100,3,40,1730,18,0,22,1730,0.45,0.0,1.0,0.0,0.2584920268167149
fbc_tfnbs,"e=1.4,h=1.0,n=30,start_thres=1.25,min_cluster_size=3",hub,0.25,100,3,40,1730,29,0,11,1730,0.725,0.0,1.0,0.0,0.2584920268167149
fbc_tfnbs,"e=1.4,h=2.0,n=30,start_thres=1.25,min_cluster_size=3",hub,0.25,100,3,40,1730,35,1,5,1729,0.875,0.0005780346820809,0.9722222222222222,0.0277777777777777,0.2584920268167149
fbc_tfnbs,"e=1.4,h=3.0,n=30,start_thres=1.25,min_cluster_size=3",hub,0.25,100,3,40,1730,37,1,3,1729,0.925,0.0005780346820809,0.9736842105263158,0.0263157894736842,0.2584920268167149
fbc_tfnbs,"e=1.4,h=4.0,n=30,start_thres=1.25,min_cluster_size=3",hub,0.25,100,3,40,1730,38,1,2,1729,0.95,0.0005780346820809,0.9743589743589745,0.0256410256410256,0.2584920268167149
fbc_tfnbs,"e=1.4,h=5.0,n=30,start_thres=1.25,min_cluster_size=3",hub,0.25,100,3,40,1730,38,1,2,1729,0.95,0.0005780346820809,0.9743589743589745,0.0256410256410256,0.2584920268167149
fbc_tfnbs,"e=1.4,h=6.0,n=30,start_thres=1.25,min_cluster_size=3",hub,0.25,100,3,40,1730,38,1,2,1729,0.95,0.0005780346820809,0.9743589743589745,0.0256410256410256,0.2584920268167149
fbc_tfnbs,"e=1.4,h=7.0,n=30,start_thres=1.25,min_cluster_size=3",hub,0.25,100,3,40,1730,38,1,2,1729,0.95,0.0005780346820809,0.9743589743589745,0.0256410256410256,0.2584920268167149
fbc_tfnbs,"e=1.4,h=8.0,n=30,start_thres=1.25,min_cluster_size=3",hub,0.25,100,3,40,1730,38,1,2,1729,0.95,0.0005780346820809,0.9743589743589745,0.0256410256410256,0.2584920268167149
fbc_tfnbs,"e=1.4,h=9.0,n=30,start_thres=1.25,min_cluster_size=3",hub,0.25,100,3,40,1730,38,1,2,1729,0.95,0.0005780346820809,0.9743589743589745,0.0256410256410256,0.2584920268167149
fbc_tfnbs,"e=1.4,h=10.0,n=30,start_thres=1.25,min_cluster_size=3",hub,0.25,100,3,40,1730,38,1,2,1729,0.95,0.0005780346820809,0.9743589743589745,0.0256410256410256,0.2584920268167149
fbc_tfnbs,"e=1.5,h=0.5,n=30,start_thres=1.25,min_cluster_size=3",hub,0.25,100,3,40,1730,18,0,22,1730,0.45,0.0,1.0,0.0,0.2584920268167149
fbc_tfnbs,"e=1.5,h=1.0,n=30,start_thres=1.25,min_cluster_size=3",hub,0.25,100,3,40,1730,27,0,13,1730,0.675,0.0,1.0,0.0,0.2584920268167149
fbc_tfnbs,"e=1.5,h=2.0,n=30,start_thres=1.25,min_cluster_size=3",hub,0.25,100,3,40,1730,33,1,7,1729,0.825,0.0005780346820809,0.9705882352941176,0.0294117647058823,0.2584920268167149
fbc_tfnbs,"e=1.5,h=3.0,n=30,start_thres=1.25,min_cluster_size=3",hub,0.25,100,3,40,1730,37,1,3,1729,0.925,0.0005780346820809,0.9736842105263158,0.0263157894736842,0.2584920268167149
fbc_tfnbs,"e=1.5,h=4.0,n=30,start_thres=1.25,min_cluster_size=3",hub,0.25,100,3,40,1730,38,1,2,1729,0.95,0.0005780346820809,0.9743589743589745,0.0256410256410256,0.2584920268167149
fbc_tfnbs,"e=1.5,h=5.0,n=30,start_thres=1.25,min_cluster_size=3",hub,0.25,100,3,40,1730,38,1,2,1729,0.95,0.0005780346820809,0.9743589743589745,0.0256410256410256,0.2584920268167149
fbc_tfnbs,"e=1.5,h=6.0,n=30,start_thres=1.25,min_cluster_size=3",hub,0.25,100,3,40,1730,38,1,2,1729,0.95,0.0005780346820809,0.9743589743589745,0.0256410256410256,0.2584920268167149
fbc_tfnbs,"e=1.5,h=7.0,n=30,start_thres=1.25,min_cluster_size=3",hub,0.25,100,3,40,1730,38,1,2,1729,0.95,0.0005780346820809,0.9743589743589745,0.0256410256410256,0.2584920268167149
fbc_tfnbs,"e=1.5,h=8.0,n=30,start_thres=1.25,min_cluster_size=3",hub,0.25,100,3,40,1730,38,1,2,1729,0.95,0.0005780346820809,0.9743589743589745,0.0256410256410256,0.2584920268167149
fbc_tfnbs,"e=1.5,h=9.0,n=30,start_thres=1.25,min_cluster_size=3",hub,0.25,100,3,40,1730,38,1,2,1729,0.95,0.0005780346820809,0.9743589743589745,0.0256410256410256,0.2584920268167149
fbc_tfnbs,"e=1.5,h=10.0,n=30,start_thres=1.25,min_cluster_size=3",hub,0.25,100,3,40,1730,38,1,2,1729,0.95,0.0005780346820809,0.9743589743589745,0.0256410256410256,0.2584920268167149
fbc_tfnbs,"e=0.05,h=0.5,n=30,start_thres=1.25,min_cluster_size=3",hub,0.25,100,4,40,1730,38,2,2,1728,0.95,0.0011560693641618,0.95,0.05,0.2590150887315923
fbc_tfnbs,"e=0.05,h=1.0,n=30,start_thres=1.25,min_cluster_size=3",hub,0.25,100,4,40,1730,38,2,2,1728,0.95,0.0011560693641618,0.95,0.05,0.2590150887315923
fbc_tfnbs,"e=0.05,h=2.0,n=30,start_thres=1.25,min_cluster_size=3",hub,0.25,100,4,40,1730,38,2,2,1728,0.95,0.0011560693641618,0.95,0.05,0.2590150887315923
fbc_tfnbs,"e=0.05,h=3.0,n=30,start_thres=1.25,min_cluster_size=3",hub,0.25,100,4,40,1730,38,2,2,1728,0.95,0.0011560693641618,0.95,0.05,0.2590150887315923
fbc_tfnbs,"e=0.05,h=4.0,n=30,start_thres=1.25,min_cluster_size=3",hub,0.25,100,4,40,1730,38,2,2,1728,0.95,0.0011560693641618,0.95,0.05,0.2590150887315923
fbc_tfnbs,"e=0.05,h=5.0,n=30,start_thres=1.25,min_cluster_size=3",hub,0.25,100,4,40,1730,38,2,2,1728,0.95,0.0011560693641618,0.95,0.05,0.2590150887315923
fbc_tfnbs,"e=0.05,h=6.0,n=30,start_thres=1.25,min_cluster_size=3",hub,0.25,100,4,40,1730,38,2,2,1728,0.95,0.0011560693641618,0.95,0.05,0.2590150887315923
fbc_tfnbs,"e=0.05,h=7.0,n=30,start_thres=1.25,min_cluster_size=3",hub,0.25,100,4,40,1730,38,2,2,1728,0.95,0.0011560693641618,0.95,0.05,0.2590150887315923
fbc_tfnbs,"e=0.05,h=8.0,n=30,start_thres=1.25,min_cluster_size=3",hub,0.25,100,4,40,1730,38,2,2,1728,0.95,0.0011560693641618,0.95,0.05,0.2590150887315923
fbc_tfnbs,"e=0.05,h=9.0,n=30,start_thres=1.25,min_cluster_size=3",hub,0.25,100,4,40,1730,38,2,2,1728,0.95,0.0011560693641618,0.95,0.05,0.2590150887315923
fbc_tfnbs,"e=0.05,h=10.0,n=30,start_thres=1.25,min_cluster_size=3",hub,0.25,100,4,40,1730,38,2,2,1728,0.95,0.0011560693641618,0.95,0.05,0.2590150887315923
fbc_tfnbs,"e=0.1,h=0.5,n=30,start_thres=1.25,min_cluster_size=3",hub,0.25,100,4,40,1730,38,2,2,1728,0.95,0.0011560693641618,0.95,0.05,0.2590150887315923
fbc_tfnbs,"e=0.1,h=1.0,n=30,start_thres=1.25,min_cluster_size=3",hub,0.25,100,4,40,1730,38,2,2,1728,0.95,0.0011560693641618,0.95,0.05,0.2590150887315923
fbc_tfnbs,"e=0.1,h=2.0,n=30,start_thres=1.25,min_cluster_size=3",hub,0.25,100,4,40,1730,38,2,2,1728,0.95,0.0011560693641618,0.95,0.05,0.2590150887315923
fbc_tfnbs,"e=0.1,h=3.0,n=30,start_thres=1.25,min_cluster_size=3",hub,0.25,100,4,40,1730,38,2,2,1728,0.95,0.0011560693641618,0.95,0.05,0.2590150887315923
fbc_tfnbs,"e=0.1,h=4.0,n=30,start_thres=1.25,min_cluster_size=3",hub,0.25,100,4,40,1730,38,2,2,1728,0.95,0.0011560693641618,0.95,0.05,0.2590150887315923
fbc_tfnbs,"e=0.1,h=5.0,n=30,start_thres=1.25,min_cluster_size=3",hub,0.25,100,4,40,1730,38,2,2,1728,0.95,0.0011560693641618,0.95,0.05,0.2590150887315923
fbc_tfnbs,"e=0.1,h=6.0,n=30,start_thres=1.25,min_cluster_size=3",hub,0.25,100,4,40,1730,38,2,2,1728,0.95,0.0011560693641618,0.95,0.05,0.2590150887315923
fbc_tfnbs,"e=0.1,h=7.0,n=30,start_thres=1.25,min_cluster_size=3",hub,0.25,100,4,40,1730,38,2,2,1728,0.95,0.0011560693641618,0.95,0.05,0.2590150887315923
fbc_tfnbs,"e=0.1,h=8.0,n=30,start_thres=1.25,min_cluster_size=3",hub,0.25,100,4,40,1730,38,2,2,1728,0.95,0.0011560693641618,0.95,0.05,0.2590150887315923
fbc_tfnbs,"e=0.1,h=9.0,n=30,start_thres=1.25,min_cluster_size=3",hub,0.25,100,4,40,1730,38,2,2,1728,0.95,0.0011560693641618,0.95,0.05,0.2590150887315923
fbc_tfnbs,"e=0.1,h=10.0,n=30,start_thres=1.25,min_cluster_size=3",hub,0.25,100,4,40,1730,38,2,2,1728,0.95,0.0011560693641618,0.95,0.05,0.2590150887315923
fbc_tfnbs,"e=0.2,h=0.5,n=30,start_thres=1.25,min_cluster_size=3",hub,0.25,100,4,40,1730,38,2,2,1728,0.95,0.0011560693641618,0.95,0.05,0.2590150887315923
fbc_tfnbs,"e=0.2,h=1.0,n=30,start_thres=1.25,min_cluster_size=3",hub,0.25,100,4,40,1730,38,2,2,1728,0.95,0.0011560693641618,0.95,0.05,0.2590150887315923
fbc_tfnbs,"e=0.2,h=2.0,n=30,start_thres=1.25,min_cluster_size=3",hub,0.25,100,4,40,1730,38,2,2,1728,0.95,0.0011560693641618,0.95,0.05,0.2590150887315923
fbc_tfnbs,"e=0.2,h=3.0,n=30,start_thres=1.25,min_cluster_size=3",hub,0.25,100,4,40,1730,38,2,2,1728,0.95,0.0011560693641618,0.95,0.05,0.2590150887315923
fbc_tfnbs,"e=0.2,h=4.0,n=30,start_thres=1.25,min_cluster_size=3",hub,0.25,100,4,40,1730,38,2,2,1728,0.95,0.0011560693641618,0.95,0.05,0.2590150887315923
fbc_tfnbs,"e=0.2,h=5.0,n=30,start_thres=1.25,min_cluster_size=3",hub,0.25,100,4,40,1730,38,2,2,1728,0.95,0.0011560693641618,0.95,0.05,0.2590150887315923
fbc_tfnbs,"e=0.2,h=6.0,n=30,start_thres=1.25,min_cluster_size=3",hub,0.25,100,4,40,1730,38,2,2,1728,0.95,0.0011560693641618,0.95,0.05,0.2590150887315923
fbc_tfnbs,"e=0.2,h=7.0,n=30,start_thres=1.25,min_cluster_size=3",hub,0.25,100,4,40,1730,38,2,2,1728,0.95,0.0011560693641618,0.95,0.05,0.2590150887315923
fbc_tfnbs,"e=0.2,h=8.0,n=30,start_thres=1.25,min_cluster_size=3",hub,0.25,100,4,40,1730,38,2,2,1728,0.95,0.0011560693641618,0.95,0.05,0.2590150887315923
fbc_tfnbs,"e=0.2,h=9.0,n=30,start_thres=1.25,min_cluster_size=3",hub,0.25,100,4,40,1730,38,2,2,1728,0.95,0.0011560693641618,0.95,0.05,0.2590150887315923
fbc_tfnbs,"e=0.2,h=10.0,n=30,start_thres=1.25,min_cluster_size=3",hub,0.25,100,4,40,1730,38,2,2,1728,0.95,0.0011560693641618,0.95,0.05,0.2590150887315923
fbc_tfnbs,"e=0.3,h=0.5,n=30,start_thres=1.25,min_cluster_size=3",hub,0.25,100,4,40,1730,38,2,2,1728,0.95,0.0011560693641618,0.95,0.05,0.2590150887315923
fbc_tfnbs,"e=0.3,h=1.0,n=30,start_thres=1.25,min_cluster_size=3",hub,0.25,100,4,40,1730,38,2,2,1728,0.95,0.0011560693641618,0.95,0.05,0.2590150887315923
fbc_tfnbs,"e=0.3,h=2.0,n=30,start_thres=1.25,min_cluster_size=3",hub,0.25,100,4,40,1730,38,2,2,1728,0.95,0.0011560693641618,0.95,0.05,0.2590150887315923
fbc_tfnbs,"e=0.3,h=3.0,n=30,start_thres=1.25,min_cluster_size=3",hub,0.25,100,4,40,1730,38,2,2,1728,0.95,0.0011560693641618,0.95,0.05,0.2590150887315923
fbc_tfnbs,"e=0.3,h=4.0,n=30,start_thres=1.25,min_cluster_size=3",hub,0.25,100,4,40,1730,38,2,2,1728,0.95,0.0011560693641618,0.95,0.05,0.2590150887315923
fbc_tfnbs,"e=0.3,h=5.0,n=30,start_thres=1.25,min_cluster_size=3",hub,0.25,100,4,40,1730,38,2,2,1728,0.95,0.0011560693641618,0.95,0.05,0.2590150887315923
fbc_tfnbs,"e=0.3,h=6.0,n=30,start_thres=1.25,min_cluster_size=3",hub,0.25,100,4,40,1730,38,2,2,1728,0.95,0.0011560693641618,0.95,0.05,0.2590150887315923
fbc_tfnbs,"e=0.3,h=7.0,n=30,start_thres=1.25,min_cluster_size=3",hub,0.25,100,4,40,1730,38,2,2,1728,0.95,0.0011560693641618,0.95,0.05,0.2590150887315923
fbc_tfnbs,"e=0.3,h=8.0,n=30,start_thres=1.25,min_cluster_size=3",hub,0.25,100,4,40,1730,38,2,2,1728,0.95,0.0011560693641618,0.95,0.05,0.2590150887315923
fbc_tfnbs,"e=0.3,h=9.0,n=30,start_thres=1.25,min_cluster_size=3",hub,0.25,100,4,40,1730,38,2,2,1728,0.95,0.0011560693641618,0.95,0.05,0.2590150887315923
fbc_tfnbs,"e=0.3,h=10.0,n=30,start_thres=1.25,min_cluster_size=3",hub,0.25,100,4,40,1730,38,2,2,1728,0.95,0.0011560693641618,0.95,0.05,0.2590150887315923
fbc_tfnbs,"e=0.4,h=0.5,n=30,start_thres=1.25,min_cluster_size=3",hub,0.25,100,4,40,1730,38,2,2,1728,0.95,0.0011560693641618,0.95,0.05,0.2590150887315923
fbc_tfnbs,"e=0.4,h=1.0,n=30,start_thres=1.25,min_cluster_size=3",hub,0.25,100,4,40,1730,38,2,2,1728,0.95,0.0011560693641618,0.95,0.05,0.2590150887315923
fbc_tfnbs,"e=0.4,h=2.0,n=30,start_thres=1.25,min_cluster_size=3",hub,0.25,100,4,40,1730,38,2,2,1728,0.95,0.0011560693641618,0.95,0.05,0.2590150887315923
fbc_tfnbs,"e=0.4,h=3.0,n=30,start_thres=1.25,min_cluster_size=3",hub,0.25,100,4,40,1730,38,2,2,1728,0.95,0.0011560693641618,0.95,0.05,0.2590150887315923
fbc_tfnbs,"e=0.4,h=4.0,n=30,start_thres=1.25,min_cluster_size=3",hub,0.25,100,4,40,1730,38,2,2,1728,0.95,0.0011560693641618,0.95,0.05,0.2590150887315923
fbc_tfnbs,"e=0.4,h=5.0,n=30,start_thres=1.25,min_cluster_size=3",hub,0.25,100,4,40,1730,38,2,2,1728,0.95,0.0011560693641618,0.95,0.05,0.2590150887315923
fbc_tfnbs,"e=0.4,h=6.0,n=30,start_thres=1.25,min_cluster_size=3",hub,0.25,100,4,40,1730,38,2,2,1728,0.95,0.0011560693641618,0.95,0.05,0.2590150887315923
fbc_tfnbs,"e=0.4,h=7.0,n=30,start_thres=1.25,min_cluster_size=3",hub,0.25,100,4,40,1730,38,2,2,1728,0.95,0.0011560693641618,0.95,0.05,0.2590150887315923
fbc_tfnbs,"e=0.4,h=8.0,n=30,start_thres=1.25,min_cluster_size=3",hub,0.25,100,4,40,1730,38,2,2,1728,0.95,0.0011560693641618,0.95,0.05,0.2590150887315923
fbc_tfnbs,"e=0.4,h=9.0,n=30,start_thres=1.25,min_cluster_size=3",hub,0.25,100,4,40,1730,38,2,2,1728,0.95,0.0011560693641618,0.95,0.05,0.2590150887315923
fbc_tfnbs,"e=0.4,h=10.0,n=30,start_thres=1.25,min_cluster_size=3",hub,0.25,100,4,40,1730,38,2,2,1728,0.95,0.0011560693641618,0.95,0.05,0.2590150887315923
fbc_tfnbs,"e=0.5,h=0.5,n=30,start_thres=1.25,min_cluster_size=3",hub,0.25,100,4,40,1730,38,2,2,1728,0.95,0.0011560693641618,0.95,0.05,0.2590150887315923
fbc_tfnbs,"e=0.5,h=1.0,n=30,start_thres=1.25,min_cluster_size=3",hub,0.25,100,4,40,1730,38,2,2,1728,0.95,0.0011560693641618,0.95,0.05,0.2590150887315923
fbc_tfnbs,"e=0.5,h=2.0,n=30,start_thres=1.25,min_cluster_size=3",hub,0.25,100,4,40,1730,38,2,2,1728,0.95,0.0011560693641618,0.95,0.05,0.2590150887315923
fbc_tfnbs,"e=0.5,h=3.0,n=30,start_thres=1.25,min_cluster_size=3",hub,0.25,100,4,40,1730,38,2,2,1728,0.95,0.0011560693641618,0.95,0.05,0.2590150887315923
fbc_tfnbs,"e=0.5,h=4.0,n=30,start_thres=1.25,min_cluster_size=3",hub,0.25,100,4,40,1730,38,2,2,1728,0.95,0.0011560693641618,0.95,0.05,0.2590150887315923
fbc_tfnbs,"e=0.5,h=5.0,n=30,start_thres=1.25,min_cluster_size=3",hub,0.25,100,4,40,1730,38,3,2,1727,0.95,0.0017341040462427,0.926829268292683,0.073170731707317,0.2590150887315923
fbc_tfnbs,"e=0.5,h=6.0,n=30,start_thres=1.25,min_cluster_size=3",hub,0.25,100,4,40,1730,38,2,2,1728,0.95,0.0011560693641618,0.95,0.05,0.2590150887315923
fbc_tfnbs,"e=0.5,h=7.0,n=30,start_thres=1.25,min_cluster_size=3",hub,0.25,100,4,40,1730,38,3,2,1727,0.95,0.0017341040462427,0.926829268292683,0.073170731707317,0.2590150887315923
fbc_tfnbs,"e=0.5,h=8.0,n=30,start_thres=1.25,min_cluster_size=3",hub,0.25,100,4,40,1730,38,2,2,1728,0.95,0.0011560693641618,0.95,0.05,0.2590150887315923
fbc_tfnbs,"e=0.5,h=9.0,n=30,start_thres=1.25,min_cluster_size=3",hub,0.25,100,4,40,1730,38,2,2,1728,0.95,0.0011560693641618,0.95,0.05,0.2590150887315923
fbc_tfnbs,"e=0.5,h=10.0,n=30,start_thres=1.25,min_cluster_size=3",hub,0.25,100,4,40,1730,38,2,2,1728,0.95,0.0011560693641618,0.95,0.05,0.2590150887315923
fbc_tfnbs,"e=0.6,h=0.5,n=30,start_thres=1.25,min_cluster_size=3",hub,0.25,100,4,40,1730,38,2,2,1728,0.95,0.0011560693641618,0.95,0.05,0.2590150887315923
fbc_tfnbs,"e=0.6,h=1.0,n=30,start_thres=1.25,min_cluster_size=3",hub,0.25,100,4,40,1730,38,2,2,1728,0.95,0.0011560693641618,0.95,0.05,0.2590150887315923
fbc_tfnbs,"e=0.6,h=2.0,n=30,start_thres=1.25,min_cluster_size=3",hub,0.25,100,4,40,1730,38,2,2,1728,0.95,0.0011560693641618,0.95,0.05,0.2590150887315923
fbc_tfnbs,"e=0.6,h=3.0,n=30,start_thres=1.25,min_cluster_size=3",hub,0.25,100,4,40,1730,38,2,2,1728,0.95,0.0011560693641618,0.95,0.05,0.2590150887315923
fbc_tfnbs,"e=0.6,h=4.0,n=30,start_thres=1.25,min_cluster_size=3",hub,0.25,100,4,40,1730,38,3,2,1727,0.95,0.0017341040462427,0.926829268292683,0.073170731707317,0.2590150887315923
fbc_tfnbs,"e=0.6,h=5.0,n=30,start_thres=1.25,min_cluster_size=3",hub,0.25,100,4,40,1730,38,3,2,1727,0.95,0.0017341040462427,0.926829268292683,0.073170731707317,0.2590150887315923
fbc_tfnbs,"e=0.6,h=6.0,n=30,start_thres=1.25,min_cluster_size=3",hub,0.25,100,4,40,1730,38,3,2,1727,0.95,0.0017341040462427,0.926829268292683,0.073170731707317,0.2590150887315923
fbc_tfnbs,"e=0.6,h=7.0,n=30,start_thres=1.25,min_cluster_size=3",hub,0.25,100,4,40,1730,38,3,2,1727,0.95,0.0017341040462427,0.926829268292683,0.073170731707317,0.2590150887315923
fbc_tfnbs,"e=0.6,h=8.0,n=30,start_thres=1.25,min_cluster_size=3",hub,0.25,100,4,40,1730,38,3,2,1727,0.95,0.0017341040462427,0.926829268292683,0.073170731707317,0.2590150887315923
fbc_tfnbs,"e=0.6,h=9.0,n=30,start_thres=1.25,min_cluster_size=3",hub,0.25,100,4,40,1730,38,3,2,1727,0.95,0.0017341040462427,0.926829268292683,0.073170731707317,0.2590150887315923
fbc_tfnbs,"e=0.6,h=10.0,n=30,start_thres=1.25,min_cluster_size=3",hub,0.25,100,4,40,1730,38,3,2,1727,0.95,0.0017341040462427,0.926829268292683,0.073170731707317,0.2590150887315923
fbc_tfnbs,"e=0.7,h=0.5,n=30,start_thres=1.25,min_cluster_size=3",hub,0.25,100,4,40,1730,38,2,2,1728,0.95,0.0011560693641618,0.95,0.05,0.2590150887315923
fbc_tfnbs,"e=0.7,h=1.0,n=30,start_thres=1.25,min_cluster_size=3",hub,0.25,100,4,40,1730,38,2,2,1728,0.95,0.0011560693641618,0.95,0.05,0.2590150887315923
fbc_tfnbs,"e=0.7,h=2.0,n=30,start_thres=1.25,min_cluster_size=3",hub,0.25,100,4,40,1730,38,2,2,1728,0.95,0.0011560693641618,0.95,0.05,0.2590150887315923
fbc_tfnbs,"e=0.7,h=3.0,n=30,start_thres=1.25,min_cluster_size=3",hub,0.25,100,4,40,1730,38,3,2,1727,0.95,0.0017341040462427,0.926829268292683,0.073170731707317,0.2590150887315923
fbc_tfnbs,"e=0.7,h=4.0,n=30,start_thres=1.25,min_cluster_size=3",hub,0.25,100,4,40,1730,38,3,2,1727,0.95,0.0017341040462427,0.926829268292683,0.073170731707317,0.2590150887315923
fbc_tfnbs,"e=0.7,h=5.0,n=30,start_thres=1.25,min_cluster_size=3",hub,0.25,100,4,40,1730,38,3,2,1727,0.95,0.0017341040462427,0.926829268292683,0.073170731707317,0.2590150887315923
fbc_tfnbs,"e=0.7,h=6.0,n=30,start_thres=1.25,min_cluster_size=3",hub,0.25,100,4,40,1730,38,3,2,1727,0.95,0.0017341040462427,0.926829268292683,0.073170731707317,0.2590150887315923
fbc_tfnbs,"e=0.7,h=7.0,n=30,start_thres=1.25,min_cluster_size=3",hub,0.25,100,4,40,1730,38,3,2,1727,0.95,0.0017341040462427,0.926829268292683,0.073170731707317,0.2590150887315923
fbc_tfnbs,"e=0.7,h=8.0,n=30,start_thres=1.25,min_cluster_size=3",hub,0.25,100,4,40,1730,38,3,2,1727,0.95,0.0017341040462427,0.926829268292683,0.073170731707317,0.2590150887315923
fbc_tfnbs,"e=0.7,h=9.0,n=30,start_thres=1.25,min_cluster_size=3",hub,0.25,100,4,40,1730,38,3,2,1727,0.95,0.0017341040462427,0.926829268292683,0.073170731707317,0.2590150887315923
fbc_tfnbs,"e=0.7,h=10.0,n=30,start_thres=1.25,min_cluster_size=3",hub,0.25,100,4,40,1730,38,3,2,1727,0.95,0.0017341040462427,0.926829268292683,0.073170731707317,0.2590150887315923
fbc_tfnbs,"e=0.8,h=0.5,n=30,start_thres=1.25,min_cluster_size=3",hub,0.25,100,4,40,1730,38,2,2,1728,0.95,0.0011560693641618,0.95,0.05,0.2590150887315923
fbc_tfnbs,"e=0.8,h=1.0,n=30,start_thres=1.25,min_cluster_size=3",hub,0.25,100,4,40,1730,38,2,2,1728,0.95,0.0011560693641618,0.95,0.05,0.2590150887315923
fbc_tfnbs,"e=0.8,h=2.0,n=30,start_thres=1.25,min_cluster_size=3",hub,0.25,100,4,40,1730,38,2,2,1728,0.95,0.0011560693641618,0.95,0.05,0.2590150887315923
fbc_tfnbs,"e=0.8,h=3.0,n=30,start_thres=1.25,min_cluster_size=3",hub,0.25,100,4,40,1730,38,3,2,1727,0.95,0.0017341040462427,0.926829268292683,0.073170731707317,0.2590150887315923
fbc_tfnbs,"e=0.8,h=4.0,n=30,start_thres=1.25,min_cluster_size=3",hub,0.25,100,4,40,1730,38,3,2,1727,0.95,0.0017341040462427,0.926829268292683,0.073170731707317,0.2590150887315923
fbc_tfnbs,"e=0.8,h=5.0,n=30,start_thres=1.25,min_cluster_size=3",hub,0.25,100,4,40,1730,38,3,2,1727,0.95,0.0017341040462427,0.926829268292683,0.073170731707317,0.2590150887315923
fbc_tfnbs,"e=0.8,h=6.0,n=30,start_thres=1.25,min_cluster_size=3",hub,0.25,100,4,40,1730,38,3,2,1727,0.95,0.0017341040462427,0.926829268292683,0.073170731707317,0.2590150887315923
fbc_tfnbs,"e=0.8,h=7.0,n=30,start_thres=1.25,min_cluster_size=3",hub,0.25,100,4,40,1730,38,3,2,1727,0.95,0.0017341040462427,0.926829268292683,0.073170731707317,0.2590150887315923
fbc_tfnbs,"e=0.8,h=8.0,n=30,start_thres=1.25,min_cluster_size=3",hub,0.25,100,4,40,1730,38,3,2,1727,0.95,0.0017341040462427,0.926829268292683,0.073170731707317,0.2590150887315923
fbc_tfnbs,"e=0.8,h=9.0,n=30,start_thres=1.25,min_cluster_size=3",hub,0.25,100,4,40,1730,38,3,2,1727,0.95,0.0017341040462427,0.926829268292683,0.073170731707317,0.2590150887315923
fbc_tfnbs,"e=0.8,h=10.0,n=30,start_thres=1.25,min_cluster_size=3",hub,0.25,100,4,40,1730,38,3,2,1727,0.95,0.0017341040462427,0.926829268292683,0.073170731707317,0.2590150887315923
fbc_tfnbs,"e=0.9,h=0.5,n=30,start_thres=1.25,min_cluster_size=3",hub,0.25,100,4,40,1730,38,1,2,1729,0.95,0.0005780346820809,0.9743589743589745,0.0256410256410256,0.2590150887315923
fbc_tfnbs,"e=0.9,h=1.0,n=30,start_thres=1.25,min_cluster_size=3",hub,0.25,100,4,40,1730,38,2,2,1728,0.95,0.0011560693641618,0.95,0.05,0.2590150887315923
fbc_tfnbs,"e=0.9,h=2.0,n=30,start_thres=1.25,min_cluster_size=3",hub,0.25,100,4,40,1730,38,2,2,1728,0.95,0.0011560693641618,0.95,0.05,0.2590150887315923
fbc_tfnbs,"e=0.9,h=3.0,n=30,start_thres=1.25,min_cluster_size=3",hub,0.25,100,4,40,1730,38,3,2,1727,0.95,0.0017341040462427,0.926829268292683,0.073170731707317,0.2590150887315923
fbc_tfnbs,"e=0.9,h=4.0,n=30,start_thres=1.25,min_cluster_size=3",hub,0.25,100,4,40,1730,38,3,2,1727,0.95,0.0017341040462427,0.926829268292683,0.073170731707317,0.2590150887315923
fbc_tfnbs,"e=0.9,h=5.0,n=30,start_thres=1.25,min_cluster_size=3",hub,0.25,100,4,40,1730,38,3,2,1727,0.95,0.0017341040462427,0.926829268292683,0.073170731707317,0.2590150887315923
fbc_tfnbs,"e=0.9,h=6.0,n=30,start_thres=1.25,min_cluster_size=3",hub,0.25,100,4,40,1730,38,3,2,1727,0.95,0.0017341040462427,0.926829268292683,0.073170731707317,0.2590150887315923
fbc_tfnbs,"e=0.9,h=7.0,n=30,start_thres=1.25,min_cluster_size=3",hub,0.25,100,4,40,1730,38,3,2,1727,0.95,0.0017341040462427,0.926829268292683,0.073170731707317,0.2590150887315923
fbc_tfnbs,"e=0.9,h=8.0,n=30,start_thres=1.25,min_cluster_size=3",hub,0.25,100,4,40,1730,38,3,2,1727,0.95,0.0017341040462427,0.926829268292683,0.073170731707317,0.2590150887315923
fbc_tfnbs,"e=0.9,h=9.0,n=30,start_thres=1.25,min_cluster_size=3",hub,0.25,100,4,40,1730,38,3,2,1727,0.95,0.0017341040462427,0.926829268292683,0.073170731707317,0.2590150887315923
fbc_tfnbs,"e=0.9,h=10.0,n=30,start_thres=1.25,min_cluster_size=3",hub,0.25,100,4,40,1730,38,3,2,1727,0.95,0.0017341040462427,0.926829268292683,0.073170731707317,0.2590150887315923
fbc_tfnbs,"e=1.0,h=0.5,n=30,start_thres=1.25,min_cluster_size=3",hub,0.25,100,4,40,1730,38,1,2,1729,0.95,0.0005780346820809,0.9743589743589745,0.0256410256410256,0.2590150887315923
fbc_tfnbs,"e=1.0,h=1.0,n=30,start_thres=1.25,min_cluster_size=3",hub,0.25,100,4,40,1730,38,2,2,1728,0.95,0.0011560693641618,0.95,0.05,0.2590150887315923
fbc_tfnbs,"e=1.0,h=2.0,n=30,start_thres=1.25,min_cluster_size=3",hub,0.25,100,4,40,1730,38,2,2,1728,0.95,0.0011560693641618,0.95,0.05,0.2590150887315923
fbc_tfnbs,"e=1.0,h=3.0,n=30,start_thres=1.25,min_cluster_size=3",hub,0.25,100,4,40,1730,38,3,2,1727,0.95,0.0017341040462427,0.926829268292683,0.073170731707317,0.2590150887315923
fbc_tfnbs,"e=1.0,h=4.0,n=30,start_thres=1.25,min_cluster_size=3",hub,0.25,100,4,40,1730,38,3,2,1727,0.95,0.0017341040462427,0.926829268292683,0.073170731707317,0.2590150887315923
fbc_tfnbs,"e=1.0,h=5.0,n=30,start_thres=1.25,min_cluster_size=3",hub,0.25,100,4,40,1730,38,5,2,1725,0.95,0.0028901734104046,0.8837209302325582,0.1162790697674418,0.2590150887315923
fbc_tfnbs,"e=1.0,h=6.0,n=30,start_thres=1.25,min_cluster_size=3",hub,0.25,100,4,40,1730,38,3,2,1727,0.95,0.0017341040462427,0.926829268292683,0.073170731707317,0.2590150887315923
fbc_tfnbs,"e=1.0,h=7.0,n=30,start_thres=1.25,min_cluster_size=3",hub,0.25,100,4,40,1730,38,3,2,1727,0.95,0.0017341040462427,0.926829268292683,0.073170731707317,0.2590150887315923
fbc_tfnbs,"e=1.0,h=8.0,n=30,start_thres=1.25,min_cluster_size=3",hub,0.25,100,4,40,1730,38,3,2,1727,0.95,0.0017341040462427,0.926829268292683,0.073170731707317,0.2590150887315923
fbc_tfnbs,"e=1.0,h=9.0,n=30,start_thres=1.25,min_cluster_size=3",hub,0.25,100,4,40,1730,38,3,2,1727,0.95,0.0017341040462427,0.926829268292683,0.073170731707317,0.2590150887315923
fbc_tfnbs,"e=1.0,h=10.0,n=30,start_thres=1.25,min_cluster_size=3",hub,0.25,100,4,40,1730,38,3,2,1727,0.95,0.0017341040462427,0.926829268292683,0.073170731707317,0.2590150887315923
fbc_tfnbs,"e=1.1,h=0.5,n=30,start_thres=1.25,min_cluster_size=3",hub,0.25,100,4,40,1730,38,1,2,1729,0.95,0.0005780346820809,0.9743589743589745,0.0256410256410256,0.2590150887315923
fbc_tfnbs,"e=1.1,h=1.0,n=30,start_thres=1.25,min_cluster_size=3",hub,0.25,100,4,40,1730,38,1,2,1729,0.95,0.0005780346820809,0.9743589743589745,0.0256410256410256,0.2590150887315923
fbc_tfnbs,"e=1.1,h=2.0,n=30,start_thres=1.25,min_cluster_size=3",hub,0.25,100,4,40,1730,38,2,2,1728,0.95,0.0011560693641618,0.95,0.05,0.2590150887315923
fbc_tfnbs,"e=1.1,h=3.0,n=30,start_thres=1.25,min_cluster_size=3",hub,0.25,100,4,40,1730,38,2,2,1728,0.95,0.0011560693641618,0.95,0.05,0.2590150887315923
fbc_tfnbs,"e=1.1,h=4.0,n=30,start_thres=1.25,min_cluster_size=3",hub,0.25,100,4,40,1730,38,3,2,1727,0.95,0.0017341040462427,0.926829268292683,0.073170731707317,0.2590150887315923
fbc_tfnbs,"e=1.1,h=5.0,n=30,start_thres=1.25,min_cluster_size=3",hub,0.25,100,4,40,1730,38,5,2,1725,0.95,0.0028901734104046,0.8837209302325582,0.1162790697674418,0.2590150887315923
fbc_tfnbs,"e=1.1,h=6.0,n=30,start_thres=1.25,min_cluster_size=3",hub,0.25,100,4,40,1730,38,5,2,1725,0.95,0.0028901734104046,0.8837209302325582,0.1162790697674418,0.2590150887315923
fbc_tfnbs,"e=1.1,h=7.0,n=30,start_thres=1.25,min_cluster_size=3",hub,0.25,100,4,40,1730,38,3,2,1727,0.95,0.0017341040462427,0.926829268292683,0.073170731707317,0.2590150887315923
fbc_tfnbs,"e=1.1,h=8.0,n=30,start_thres=1.25,min_cluster_size=3",hub,0.25,100,4,40,1730,38,3,2,1727,0.95,0.0017341040462427,0.926829268292683,0.073170731707317,0.2590150887315923
fbc_tfnbs,"e=1.1,h=9.0,n=30,start_thres=1.25,min_cluster_size=3",hub,0.25,100,4,40,1730,38,3,2,1727,0.95,0.0017341040462427,0.926829268292683,0.073170731707317,0.2590150887315923
fbc_tfnbs,"e=1.1,h=10.0,n=30,start_thres=1.25,min_cluster_size=3",hub,0.25,100,4,40,1730,38,3,2,1727,0.95,0.0017341040462427,0.926829268292683,0.073170731707317,0.2590150887315923
fbc_tfnbs,"e=1.2,h=0.5,n=30,start_thres=1.25,min_cluster_size=3",hub,0.25,100,4,40,1730,38,1,2,1729,0.95,0.0005780346820809,0.9743589743589745,0.0256410256410256,0.2590150887315923
fbc_tfnbs,"e=1.2,h=1.0,n=30,start_thres=1.25,min_cluster_size=3",hub,0.25,100,4,40,1730,38,1,2,1729,0.95,0.0005780346820809,0.9743589743589745,0.0256410256410256,0.2590150887315923
fbc_tfnbs,"e=1.2,h=2.0,n=30,start_thres=1.25,min_cluster_size=3",hub,0.25,100,4,40,1730,38,2,2,1728,0.95,0.0011560693641618,0.95,0.05,0.2590150887315923
fbc_tfnbs,"e=1.2,h=3.0,n=30,start_thres=1.25,min_cluster_size=3",hub,0.25,100,4,40,1730,38,2,2,1728,0.95,0.0011560693641618,0.95,0.05,0.2590150887315923
fbc_tfnbs,"e=1.2,h=4.0,n=30,start_thres=1.25,min_cluster_size=3",hub,0.25,100,4,40,1730,38,3,2,1727,0.95,0.0017341040462427,0.926829268292683,0.073170731707317,0.2590150887315923
fbc_tfnbs,"e=1.2,h=5.0,n=30,start_thres=1.25,min_cluster_size=3",hub,0.25,100,4,40,1730,38,5,2,1725,0.95,0.0028901734104046,0.8837209302325582,0.1162790697674418,0.2590150887315923
fbc_tfnbs,"e=1.2,h=6.0,n=30,start_thres=1.25,min_cluster_size=3",hub,0.25,100,4,40,1730,38,5,2,1725,0.95,0.0028901734104046,0.8837209302325582,0.1162790697674418,0.2590150887315923
fbc_tfnbs,"e=1.2,h=7.0,n=30,start_thres=1.25,min_cluster_size=3",hub,0.25,100,4,40,1730,38,5,2,1725,0.95,0.0028901734104046,0.8837209302325582,0.1162790697674418,0.2590150887315923
fbc_tfnbs,"e=1.2,h=8.0,n=30,start_thres=1.25,min_cluster_size=3",hub,0.25,100,4,40,1730,38,5,2,1725,0.95,0.0028901734104046,0.8837209302325582,0.1162790697674418,0.2590150887315923
fbc_tfnbs,"e=1.2,h=9.0,n=30,start_thres=1.25,min_cluster_size=3",hub,0.25,100,4,40,1730,38,3,2,1727,0.95,0.0017341040462427,0.926829268292683,0.073170731707317,0.2590150887315923
fbc_tfnbs,"e=1.2,h=10.0,n=30,start_thres=1.25,min_cluster_size=3",hub,0.25,100,4,40,1730,38,3,2,1727,0.95,0.0017341040462427,0.926829268292683,0.073170731707317,0.2590150887315923
fbc_tfnbs,"e=1.3,h=0.5,n=30,start_thres=1.25,min_cluster_size=3",hub,0.25,100,4,40,1730,38,1,2,1729,0.95,0.0005780346820809,0.9743589743589745,0.0256410256410256,0.2590150887315923
fbc_tfnbs,"e=1.3,h=1.0,n=30,start_thres=1.25,min_cluster_size=3",hub,0.25,100,4,40,1730,38,1,2,1729,0.95,0.0005780346820809,0.9743589743589745,0.0256410256410256,0.2590150887315923
fbc_tfnbs,"e=1.3,h=2.0,n=30,start_thres=1.25,min_cluster_size=3",hub,0.25,100,4,40,1730,38,2,2,1728,0.95,0.0011560693641618,0.95,0.05,0.2590150887315923
fbc_tfnbs,"e=1.3,h=3.0,n=30,start_thres=1.25,min_cluster_size=3",hub,0.25,100,4,40,1730,38,2,2,1728,0.95,0.0011560693641618,0.95,0.05,0.2590150887315923
fbc_tfnbs,"e=1.3,h=4.0,n=30,start_thres=1.25,min_cluster_size=3",hub,0.25,100,4,40,1730,38,3,2,1727,0.95,0.0017341040462427,0.926829268292683,0.073170731707317,0.2590150887315923
fbc_tfnbs,"e=1.3,h=5.0,n=30,start_thres=1.25,min_cluster_size=3",hub,0.25,100,4,40,1730,38,5,2,1725,0.95,0.0028901734104046,0.8837209302325582,0.1162790697674418,0.2590150887315923
fbc_tfnbs,"e=1.3,h=6.0,n=30,start_thres=1.25,min_cluster_size=3",hub,0.25,100,4,40,1730,38,5,2,1725,0.95,0.0028901734104046,0.8837209302325582,0.1162790697674418,0.2590150887315923
fbc_tfnbs,"e=1.3,h=7.0,n=30,start_thres=1.25,min_cluster_size=3",hub,0.25,100,4,40,1730,38,5,2,1725,0.95,0.0028901734104046,0.8837209302325582,0.1162790697674418,0.2590150887315923
fbc_tfnbs,"e=1.3,h=8.0,n=30,start_thres=1.25,min_cluster_size=3",hub,0.25,100,4,40,1730,38,5,2,1725,0.95,0.0028901734104046,0.8837209302325582,0.1162790697674418,0.2590150887315923
fbc_tfnbs,"e=1.3,h=9.0,n=30,start_thres=1.25,min_cluster_size=3",hub,0.25,100,4,40,1730,38,5,2,1725,0.95,0.0028901734104046,0.8837209302325582,0.1162790697674418,0.2590150887315923
fbc_tfnbs,"e=1.3,h=10.0,n=30,start_thres=1.25,min_cluster_size=3",hub,0.25,100,4,40,1730,38,5,2,1725,0.95,0.0028901734104046,0.8837209302325582,0.1162790697674418,0.2590150887315923
fbc_tfnbs,"e=1.4,h=0.5,n=30,start_thres=1.25,min_cluster_size=3",hub,0.25,100,4,40,1730,37,0,3,1730,0.925,0.0,1.0,0.0,0.2590150887315923
fbc_tfnbs,"e=1.4,h=1.0,n=30,start_thres=1.25,min_cluster_size=3",hub,0.25,100,4,40,1730,38,1,2,1729,0.95,0.0005780346820809,0.9743589743589745,0.0256410256410256,0.2590150887315923
fbc_tfnbs,"e=1.4,h=2.0,n=30,start_thres=1.25,min_cluster_size=3",hub,0.25,100,4,40,1730,38,1,2,1729,0.95,0.0005780346820809,0.9743589743589745,0.0256410256410256,0.2590150887315923
fbc_tfnbs,"e=1.4,h=3.0,n=30,start_thres=1.25,min_cluster_size=3",hub,0.25,100,4,40,1730,38,2,2,1728,0.95,0.0011560693641618,0.95,0.05,0.2590150887315923
fbc_tfnbs,"e=1.4,h=4.0,n=30,start_thres=1.25,min_cluster_size=3",hub,0.25,100,4,40,1730,38,3,2,1727,0.95,0.0017341040462427,0.926829268292683,0.073170731707317,0.2590150887315923
fbc_tfnbs,"e=1.4,h=5.0,n=30,start_thres=1.25,min_cluster_size=3",hub,0.25,100,4,40,1730,38,5,2,1725,0.95,0.0028901734104046,0.8837209302325582,0.1162790697674418,0.2590150887315923
fbc_tfnbs,"e=1.4,h=6.0,n=30,start_thres=1.25,min_cluster_size=3",hub,0.25,100,4,40,1730,38,5,2,1725,0.95,0.0028901734104046,0.8837209302325582,0.1162790697674418,0.2590150887315923
fbc_tfnbs,"e=1.4,h=7.0,n=30,start_thres=1.25,min_cluster_size=3",hub,0.25,100,4,40,1730,38,5,2,1725,0.95,0.0028901734104046,0.8837209302325582,0.1162790697674418,0.2590150887315923
fbc_tfnbs,"e=1.4,h=8.0,n=30,start_thres=1.25,min_cluster_size=3",hub,0.25,100,4,40,1730,38,5,2,1725,0.95,0.0028901734104046,0.8837209302325582,0.1162790697674418,0.2590150887315923
fbc_tfnbs,"e=1.4,h=9.0,n=30,start_thres=1.25,min_cluster_size=3",hub,0.25,100,4,40,1730,38,5,2,1725,0.95,0.0028901734104046,0.8837209302325582,0.1162790697674418,0.2590150887315923
fbc_tfnbs,"e=1.4,h=10.0,n=30,start_thres=1.25,min_cluster_size=3",hub,0.25,100,4,40,1730,38,5,2,1725,0.95,0.0028901734104046,0.8837209302325582,0.1162790697674418,0.2590150887315923
fbc_tfnbs,"e=1.5,h=0.5,n=30,start_thres=1.25,min_cluster_size=3",hub,0.25,100,4,40,1730,35,0,5,1730,0.875,0.0,1.0,0.0,0.2590150887315923
fbc_tfnbs,"e=1.5,h=1.0,n=30,start_thres=1.25,min_cluster_size=3",hub,0.25,100,4,40,1730,38,1,2,1729,0.95,0.0005780346820809,0.9743589743589745,0.0256410256410256,0.2590150887315923
fbc_tfnbs,"e=1.5,h=2.0,n=30,start_thres=1.25,min_cluster_size=3",hub,0.25,100,4,40,1730,38,1,2,1729,0.95,0.0005780346820809,0.9743589743589745,0.0256410256410256,0.2590150887315923
fbc_tfnbs,"e=1.5,h=3.0,n=30,start_thres=1.25,min_cluster_size=3",hub,0.25,100,4,40,1730,38,2,2,1728,0.95,0.0011560693641618,0.95,0.05,0.2590150887315923
fbc_tfnbs,"e=1.5,h=4.0,n=30,start_thres=1.25,min_cluster_size=3",hub,0.25,100,4,40,1730,38,2,2,1728,0.95,0.0011560693641618,0.95,0.05,0.2590150887315923
fbc_tfnbs,"e=1.5,h=5.0,n=30,start_thres=1.25,min_cluster_size=3",hub,0.25,100,4,40,1730,38,5,2,1725,0.95,0.0028901734104046,0.8837209302325582,0.1162790697674418,0.2590150887315923
fbc_tfnbs,"e=1.5,h=6.0,n=30,start_thres=1.25,min_cluster_size=3",hub,0.25,100,4,40,1730,38,5,2,1725,0.95,0.0028901734104046,0.8837209302325582,0.1162790697674418,0.2590150887315923
fbc_tfnbs,"e=1.5,h=7.0,n=30,start_thres=1.25,min_cluster_size=3",hub,0.25,100,4,40,1730,38,5,2,1725,0.95,0.0028901734104046,0.8837209302325582,0.1162790697674418,0.2590150887315923
fbc_tfnbs,"e=1.5,h=8.0,n=30,start_thres=1.25,min_cluster_size=3",hub,0.25,100,4,40,1730,38,5,2,1725,0.95,0.0028901734104046,0.8837209302325582,0.1162790697674418,0.2590150887315923
fbc_tfnbs,"e=1.5,h=9.0,n=30,start_thres=1.25,min_cluster_size=3",hub,0.25,100,4,40,1730,38,5,2,1725,0.95,0.0028901734104046,0.8837209302325582,0.1162790697674418,0.2590150887315923
fbc_tfnbs,"e=1.5,h=10.0,n=30,start_thres=1.25,min_cluster_size=3",hub,0.25,100,4,40,1730,38,5,2,1725,0.95,0.0028901734104046,0.8837209302325582,0.1162790697674418,0.2590150887315923
fbc_tfnbs,"e=0.05,h=0.5,n=30,start_thres=1.25,min_cluster_size=3",hub,0.25,100,5,40,1730,39,1,1,1729,0.975,0.0005780346820809,0.975,0.025,0.2528045001355084
fbc_tfnbs,"e=0.05,h=1.0,n=30,start_thres=1.25,min_cluster_size=3",hub,0.25,100,5,40,1730,39,1,1,1729,0.975,0.0005780346820809,0.975,0.025,0.2528045001355084
fbc_tfnbs,"e=0.05,h=2.0,n=30,start_thres=1.25,min_cluster_size=3",hub,0.25,100,5,40,1730,40,4,0,1726,1.0,0.0023121387283236,0.9090909090909092,0.0909090909090909,0.2528045001355084
fbc_tfnbs,"e=0.05,h=3.0,n=30,start_thres=1.25,min_cluster_size=3",hub,0.25,100,5,40,1730,40,4,0,1726,1.0,0.0023121387283236,0.9090909090909092,0.0909090909090909,0.2528045001355084
fbc_tfnbs,"e=0.05,h=4.0,n=30,start_thres=1.25,min_cluster_size=3",hub,0.25,100,5,40,1730,40,4,0,1726,1.0,0.0023121387283236,0.9090909090909092,0.0909090909090909,0.2528045001355084
fbc_tfnbs,"e=0.05,h=5.0,n=30,start_thres=1.25,min_cluster_size=3",hub,0.25,100,5,40,1730,40,4,0,1726,1.0,0.0023121387283236,0.9090909090909092,0.0909090909090909,0.2528045001355084
fbc_tfnbs,"e=0.05,h=6.0,n=30,start_thres=1.25,min_cluster_size=3",hub,0.25,100,5,40,1730,40,4,0,1726,1.0,0.0023121387283236,0.9090909090909092,0.0909090909090909,0.2528045001355084
fbc_tfnbs,"e=0.05,h=7.0,n=30,start_thres=1.25,min_cluster_size=3",hub,0.25,100,5,40,1730,40,4,0,1726,1.0,0.0023121387283236,0.9090909090909092,0.0909090909090909,0.2528045001355084
fbc_tfnbs,"e=0.05,h=8.0,n=30,start_thres=1.25,min_cluster_size=3",hub,0.25,100,5,40,1730,40,4,0,1726,1.0,0.0023121387283236,0.9090909090909092,0.0909090909090909,0.2528045001355084
fbc_tfnbs,"e=0.05,h=9.0,n=30,start_thres=1.25,min_cluster_size=3",hub,0.25,100,5,40,1730,40,4,0,1726,1.0,0.0023121387283236,0.9090909090909092,0.0909090909090909,0.2528045001355084
fbc_tfnbs,"e=0.05,h=10.0,n=30,start_thres=1.25,min_cluster_size=3",hub,0.25,100,5,40,1730,40,4,0,1726,1.0,0.0023121387283236,0.9090909090909092,0.0909090909090909,0.2528045001355084
fbc_tfnbs,"e=0.1,h=0.5,n=30,start_thres=1.25,min_cluster_size=3",hub,0.25,100,5,40,1730,39,1,1,1729,0.975,0.0005780346820809,0.975,0.025,0.2528045001355084
fbc_tfnbs,"e=0.1,h=1.0,n=30,start_thres=1.25,min_cluster_size=3",hub,0.25,100,5,40,1730,39,1,1,1729,0.975,0.0005780346820809,0.975,0.025,0.2528045001355084
fbc_tfnbs,"e=0.1,h=2.0,n=30,start_thres=1.25,min_cluster_size=3",hub,0.25,100,5,40,1730,40,1,0,1729,1.0,0.0005780346820809,0.975609756097561,0.024390243902439,0.2528045001355084
fbc_tfnbs,"e=0.1,h=3.0,n=30,start_thres=1.25,min_cluster_size=3",hub,0.25,100,5,40,1730,40,4,0,1726,1.0,0.0023121387283236,0.9090909090909092,0.0909090909090909,0.2528045001355084
fbc_tfnbs,"e=0.1,h=4.0,n=30,start_thres=1.25,min_cluster_size=3",hub,0.25,100,5,40,1730,40,4,0,1726,1.0,0.0023121387283236,0.9090909090909092,0.0909090909090909,0.2528045001355084
fbc_tfnbs,"e=0.1,h=5.0,n=30,start_thres=1.25,min_cluster_size=3",hub,0.25,100,5,40,1730,40,4,0,1726,1.0,0.0023121387283236,0.9090909090909092,0.0909090909090909,0.2528045001355084
fbc_tfnbs,"e=0.1,h=6.0,n=30,start_thres=1.25,min_cluster_size=3",hub,0.25,100,5,40,1730,40,4,0,1726,1.0,0.0023121387283236,0.9090909090909092,0.0909090909090909,0.2528045001355084
fbc_tfnbs,"e=0.1,h=7.0,n=30,start_thres=1.25,min_cluster_size=3",hub,0.25,100,5,40,1730,40,4,0,1726,1.0,0.0023121387283236,0.9090909090909092,0.0909090909090909,0.2528045001355084
fbc_tfnbs,"e=0.1,h=8.0,n=30,start_thres=1.25,min_cluster_size=3",hub,0.25,100,5,40,1730,40,4,0,1726,1.0,0.0023121387283236,0.9090909090909092,0.0909090909090909,0.2528045001355084
fbc_tfnbs,"e=0.1,h=9.0,n=30,start_thres=1.25,min_cluster_size=3",hub,0.25,100,5,40,1730,40,4,0,1726,1.0,0.0023121387283236,0.9090909090909092,0.0909090909090909,0.2528045001355084
fbc_tfnbs,"e=0.1,h=10.0,n=30,start_thres=1.25,min_cluster_size=3",hub,0.25,100,5,40,1730,40,4,0,1726,1.0,0.0023121387283236,0.9090909090909092,0.0909090909090909,0.2528045001355084
fbc_tfnbs,"e=0.2,h=0.5,n=30,start_thres=1.25,min_cluster_size=3",hub,0.25,100,5,40,1730,39,1,1,1729,0.975,0.0005780346820809,0.975,0.025,0.2528045001355084
fbc_tfnbs,"e=0.2,h=1.0,n=30,start_thres=1.25,min_cluster_size=3",hub,0.25,100,5,40,1730,39,1,1,1729,0.975,0.0005780346820809,0.975,0.025,0.2528045001355084
fbc_tfnbs,"e=0.2,h=2.0,n=30,start_thres=1.25,min_cluster_size=3",hub,0.25,100,5,40,1730,40,1,0,1729,1.0,0.0005780346820809,0.975609756097561,0.024390243902439,0.2528045001355084
fbc_tfnbs,"e=0.2,h=3.0,n=30,start_thres=1.25,min_cluster_size=3",hub,0.25,100,5,40,1730,40,4,0,1726,1.0,0.0023121387283236,0.9090909090909092,0.0909090909090909,0.2528045001355084
fbc_tfnbs,"e=0.2,h=4.0,n=30,start_thres=1.25,min_cluster_size=3",hub,0.25,100,5,40,1730,40,4,0,1726,1.0,0.0023121387283236,0.9090909090909092,0.0909090909090909,0.2528045001355084
fbc_tfnbs,"e=0.2,h=5.0,n=30,start_thres=1.25,min_cluster_size=3",hub,0.25,100,5,40,1730,40,4,0,1726,1.0,0.0023121387283236,0.9090909090909092,0.0909090909090909,0.2528045001355084
fbc_tfnbs,"e=0.2,h=6.0,n=30,start_thres=1.25,min_cluster_size=3",hub,0.25,100,5,40,1730,40,4,0,1726,1.0,0.0023121387283236,0.9090909090909092,0.0909090909090909,0.2528045001355084
fbc_tfnbs,"e=0.2,h=7.0,n=30,start_thres=1.25,min_cluster_size=3",hub,0.25,100,5,40,1730,40,4,0,1726,1.0,0.0023121387283236,0.9090909090909092,0.0909090909090909,0.2528045001355084
fbc_tfnbs,"e=0.2,h=8.0,n=30,start_thres=1.25,min_cluster_size=3",hub,0.25,100,5,40,1730,40,4,0,1726,1.0,0.0023121387283236,0.9090909090909092,0.0909090909090909,0.2528045001355084
fbc_tfnbs,"e=0.2,h=9.0,n=30,start_thres=1.25,min_cluster_size=3",hub,0.25,100,5,40,1730,40,4,0,1726,1.0,0.0023121387283236,0.9090909090909092,0.0909090909090909,0.2528045001355084
fbc_tfnbs,"e=0.2,h=10.0,n=30,start_thres=1.25,min_cluster_size=3",hub,0.25,100,5,40,1730,40,4,0,1726,1.0,0.0023121387283236,0.9090909090909092,0.0909090909090909,0.2528045001355084
fbc_tfnbs,"e=0.3,h=0.5,n=30,start_thres=1.25,min_cluster_size=3",hub,0.25,100,5,40,1730,39,1,1,1729,0.975,0.0005780346820809,0.975,0.025,0.2528045001355084
fbc_tfnbs,"e=0.3,h=1.0,n=30,start_thres=1.25,min_cluster_size=3",hub,0.25,100,5,40,1730,39,1,1,1729,0.975,0.0005780346820809,0.975,0.025,0.2528045001355084
fbc_tfnbs,"e=0.3,h=2.0,n=30,start_thres=1.25,min_cluster_size=3",hub,0.25,100,5,40,1730,40,1,0,1729,1.0,0.0005780346820809,0.975609756097561,0.024390243902439,0.2528045001355084
fbc_tfnbs,"e=0.3,h=3.0,n=30,start_thres=1.25,min_cluster_size=3",hub,0.25,100,5,40,1730,40,1,0,1729,1.0,0.0005780346820809,0.975609756097561,0.024390243902439,0.2528045001355084
fbc_tfnbs,"e=0.3,h=4.0,n=30,start_thres=1.25,min_cluster_size=3",hub,0.25,100,5,40,1730,40,4,0,1726,1.0,0.0023121387283236,0.9090909090909092,0.0909090909090909,0.2528045001355084
fbc_tfnbs,"e=0.3,h=5.0,n=30,start_thres=1.25,min_cluster_size=3",hub,0.25,100,5,40,1730,40,4,0,1726,1.0,0.0023121387283236,0.9090909090909092,0.0909090909090909,0.2528045001355084
fbc_tfnbs,"e=0.3,h=6.0,n=30,start_thres=1.25,min_cluster_size=3",hub,0.25,100,5,40,1730,40,4,0,1726,1.0,0.0023121387283236,0.9090909090909092,0.0909090909090909,0.2528045001355084
fbc_tfnbs,"e=0.3,h=7.0,n=30,start_thres=1.25,min_cluster_size=3",hub,0.25,100,5,40,1730,40,4,0,1726,1.0,0.0023121387283236,0.9090909090909092,0.0909090909090909,0.2528045001355084
fbc_tfnbs,"e=0.3,h=8.0,n=30,start_thres=1.25,min_cluster_size=3",hub,0.25,100,5,40,1730,40,4,0,1726,1.0,0.0023121387283236,0.9090909090909092,0.0909090909090909,0.2528045001355084
fbc_tfnbs,"e=0.3,h=9.0,n=30,start_thres=1.25,min_cluster_size=3",hub,0.25,100,5,40,1730,40,4,0,1726,1.0,0.0023121387283236,0.9090909090909092,0.0909090909090909,0.2528045001355084
fbc_tfnbs,"e=0.3,h=10.0,n=30,start_thres=1.25,min_cluster_size=3",hub,0.25,100,5,40,1730,40,4,0,1726,1.0,0.0023121387283236,0.9090909090909092,0.0909090909090909,0.2528045001355084
fbc_tfnbs,"e=0.4,h=0.5,n=30,start_thres=1.25,min_cluster_size=3",hub,0.25,100,5,40,1730,39,1,1,1729,0.975,0.0005780346820809,0.975,0.025,0.2528045001355084
fbc_tfnbs,"e=0.4,h=1.0,n=30,start_thres=1.25,min_cluster_size=3",hub,0.25,100,5,40,1730,39,1,1,1729,0.975,0.0005780346820809,0.975,0.025,0.2528045001355084
fbc_tfnbs,"e=0.4,h=2.0,n=30,start_thres=1.25,min_cluster_size=3",hub,0.25,100,5,40,1730,39,1,1,1729,0.975,0.0005780346820809,0.975,0.025,0.2528045001355084
fbc_tfnbs,"e=0.4,h=3.0,n=30,start_thres=1.25,min_cluster_size=3",hub,0.25,100,5,40,1730,40,1,0,1729,1.0,0.0005780346820809,0.975609756097561,0.024390243902439,0.2528045001355084
fbc_tfnbs,"e=0.4,h=4.0,n=30,start_thres=1.25,min_cluster_size=3",hub,0.25,100,5,40,1730,40,4,0,1726,1.0,0.0023121387283236,0.9090909090909092,0.0909090909090909,0.2528045001355084
fbc_tfnbs,"e=0.4,h=5.0,n=30,start_thres=1.25,min_cluster_size=3",hub,0.25,100,5,40,1730,40,4,0,1726,1.0,0.0023121387283236,0.9090909090909092,0.0909090909090909,0.2528045001355084
fbc_tfnbs,"e=0.4,h=6.0,n=30,start_thres=1.25,min_cluster_size=3",hub,0.25,100,5,40,1730,40,4,0,1726,1.0,0.0023121387283236,0.9090909090909092,0.0909090909090909,0.2528045001355084
fbc_tfnbs,"e=0.4,h=7.0,n=30,start_thres=1.25,min_cluster_size=3",hub,0.25,100,5,40,1730,40,4,0,1726,1.0,0.0023121387283236,0.9090909090909092,0.0909090909090909,0.2528045001355084
fbc_tfnbs,"e=0.4,h=8.0,n=30,start_thres=1.25,min_cluster_size=3",hub,0.25,100,5,40,1730,40,4,0,1726,1.0,0.0023121387283236,0.9090909090909092,0.0909090909090909,0.2528045001355084
fbc_tfnbs,"e=0.4,h=9.0,n=30,start_thres=1.25,min_cluster_size=3",hub,0.25,100,5,40,1730,40,4,0,1726,1.0,0.0023121387283236,0.9090909090909092,0.0909090909090909,0.2528045001355084
fbc_tfnbs,"e=0.4,h=10.0,n=30,start_thres=1.25,min_cluster_size=3",hub,0.25,100,5,40,1730,40,4,0,1726,1.0,0.0023121387283236,0.9090909090909092,0.0909090909090909,0.2528045001355084
fbc_tfnbs,"e=0.5,h=0.5,n=30,start_thres=1.25,min_cluster_size=3",hub,0.25,100,5,40,1730,39,1,1,1729,0.975,0.0005780346820809,0.975,0.025,0.2528045001355084
fbc_tfnbs,"e=0.5,h=1.0,n=30,start_thres=1.25,min_cluster_size=3",hub,0.25,100,5,40,1730,39,1,1,1729,0.975,0.0005780346820809,0.975,0.025,0.2528045001355084
fbc_tfnbs,"e=0.5,h=2.0,n=30,start_thres=1.25,min_cluster_size=3",hub,0.25,100,5,40,1730,39,1,1,1729,0.975,0.0005780346820809,0.975,0.025,0.2528045001355084
fbc_tfnbs,"e=0.5,h=3.0,n=30,start_thres=1.25,min_cluster_size=3",hub,0.25,100,5,40,1730,40,1,0,1729,1.0,0.0005780346820809,0.975609756097561,0.024390243902439,0.2528045001355084
fbc_tfnbs,"e=0.5,h=4.0,n=30,start_thres=1.25,min_cluster_size=3",hub,0.25,100,5,40,1730,40,1,0,1729,1.0,0.0005780346820809,0.975609756097561,0.024390243902439,0.2528045001355084
fbc_tfnbs,"e=0.5,h=5.0,n=30,start_thres=1.25,min_cluster_size=3",hub,0.25,100,5,40,1730,40,4,0,1726,1.0,0.0023121387283236,0.9090909090909092,0.0909090909090909,0.2528045001355084
fbc_tfnbs,"e=0.5,h=6.0,n=30,start_thres=1.25,min_cluster_size=3",hub,0.25,100,5,40,1730,40,4,0,1726,1.0,0.0023121387283236,0.9090909090909092,0.0909090909090909,0.2528045001355084
fbc_tfnbs,"e=0.5,h=7.0,n=30,start_thres=1.25,min_cluster_size=3",hub,0.25,100,5,40,1730,40,4,0,1726,1.0,0.0023121387283236,0.9090909090909092,0.0909090909090909,0.2528045001355084
fbc_tfnbs,"e=0.5,h=8.0,n=30,start_thres=1.25,min_cluster_size=3",hub,0.25,100,5,40,1730,40,4,0,1726,1.0,0.0023121387283236,0.9090909090909092,0.0909090909090909,0.2528045001355084
fbc_tfnbs,"e=0.5,h=9.0,n=30,start_thres=1.25,min_cluster_size=3",hub,0.25,100,5,40,1730,40,4,0,1726,1.0,0.0023121387283236,0.9090909090909092,0.0909090909090909,0.2528045001355084
fbc_tfnbs,"e=0.5,h=10.0,n=30,start_thres=1.25,min_cluster_size=3",hub,0.25,100,5,40,1730,40,4,0,1726,1.0,0.0023121387283236,0.9090909090909092,0.0909090909090909,0.2528045001355084
fbc_tfnbs,"e=0.6,h=0.5,n=30,start_thres=1.25,min_cluster_size=3",hub,0.25,100,5,40,1730,39,1,1,1729,0.975,0.0005780346820809,0.975,0.025,0.2528045001355084
fbc_tfnbs,"e=0.6,h=1.0,n=30,start_thres=1.25,min_cluster_size=3",hub,0.25,100,5,40,1730,39,1,1,1729,0.975,0.0005780346820809,0.975,0.025,0.2528045001355084
fbc_tfnbs,"e=0.6,h=2.0,n=30,start_thres=1.25,min_cluster_size=3",hub,0.25,100,5,40,1730,39,1,1,1729,0.975,0.0005780346820809,0.975,0.025,0.2528045001355084
fbc_tfnbs,"e=0.6,h=3.0,n=30,start_thres=1.25,min_cluster_size=3",hub,0.25,100,5,40,1730,40,1,0,1729,1.0,0.0005780346820809,0.975609756097561,0.024390243902439,0.2528045001355084
fbc_tfnbs,"e=0.6,h=4.0,n=30,start_thres=1.25,min_cluster_size=3",hub,0.25,100,5,40,1730,40,1,0,1729,1.0,0.0005780346820809,0.975609756097561,0.024390243902439,0.2528045001355084
fbc_tfnbs,"e=0.6,h=5.0,n=30,start_thres=1.25,min_cluster_size=3",hub,0.25,100,5,40,1730,40,4,0,1726,1.0,0.0023121387283236,0.9090909090909092,0.0909090909090909,0.2528045001355084
fbc_tfnbs,"e=0.6,h=6.0,n=30,start_thres=1.25,min_cluster_size=3",hub,0.25,100,5,40,1730,40,4,0,1726,1.0,0.0023121387283236,0.9090909090909092,0.0909090909090909,0.2528045001355084
fbc_tfnbs,"e=0.6,h=7.0,n=30,start_thres=1.25,min_cluster_size=3",hub,0.25,100,5,40,1730,40,4,0,1726,1.0,0.0023121387283236,0.9090909090909092,0.0909090909090909,0.2528045001355084
fbc_tfnbs,"e=0.6,h=8.0,n=30,start_thres=1.25,min_cluster_size=3",hub,0.25,100,5,40,1730,40,4,0,1726,1.0,0.0023121387283236,0.9090909090909092,0.0909090909090909,0.2528045001355084
fbc_tfnbs,"e=0.6,h=9.0,n=30,start_thres=1.25,min_cluster_size=3",hub,0.25,100,5,40,1730,40,4,0,1726,1.0,0.0023121387283236,0.9090909090909092,0.0909090909090909,0.2528045001355084
fbc_tfnbs,"e=0.6,h=10.0,n=30,start_thres=1.25,min_cluster_size=3",hub,0.25,100,5,40,1730,40,4,0,1726,1.0,0.0023121387283236,0.9090909090909092,0.0909090909090909,0.2528045001355084
fbc_tfnbs,"e=0.7,h=0.5,n=30,start_thres=1.25,min_cluster_size=3",hub,0.25,100,5,40,1730,39,1,1,1729,0.975,0.0005780346820809,0.975,0.025,0.2528045001355084
fbc_tfnbs,"e=0.7,h=1.0,n=30,start_thres=1.25,min_cluster_size=3",hub,0.25,100,5,40,1730,39,1,1,1729,0.975,0.0005780346820809,0.975,0.025,0.2528045001355084
fbc_tfnbs,"e=0.7,h=2.0,n=30,start_thres=1.25,min_cluster_size=3",hub,0.25,100,5,40,1730,39,1,1,1729,0.975,0.0005780346820809,0.975,0.025,0.2528045001355084
fbc_tfnbs,"e=0.7,h=3.0,n=30,start_thres=1.25,min_cluster_size=3",hub,0.25,100,5,40,1730,40,1,0,1729,1.0,0.0005780346820809,0.975609756097561,0.024390243902439,0.2528045001355084
fbc_tfnbs,"e=0.7,h=4.0,n=30,start_thres=1.25,min_cluster_size=3",hub,0.25,100,5,40,1730,40,1,0,1729,1.0,0.0005780346820809,0.975609756097561,0.024390243902439,0.2528045001355084
fbc_tfnbs,"e=0.7,h=5.0,n=30,start_thres=1.25,min_cluster_size=3",hub,0.25,100,5,40,1730,40,1,0,1729,1.0,0.0005780346820809,0.975609756097561,0.024390243902439,0.2528045001355084
fbc_tfnbs,"e=0.7,h=6.0,n=30,start_thres=1.25,min_cluster_size=3",hub,0.25,100,5,40,1730,40,4,0,1726,1.0,0.0023121387283236,0.9090909090909092,0.0909090909090909,0.2528045001355084
fbc_tfnbs,"e=0.7,h=7.0,n=30,start_thres=1.25,min_cluster_size=3",hub,0.25,100,5,40,1730,40,4,0,1726,1.0,0.0023121387283236,0.9090909090909092,0.0909090909090909,0.2528045001355084
fbc_tfnbs,"e=0.7,h=8.0,n=30,start_thres=1.25,min_cluster_size=3",hub,0.25,100,5,40,1730,40,4,0,1726,1.0,0.0023121387283236,0.9090909090909092,0.0909090909090909,0.2528045001355084
fbc_tfnbs,"e=0.7,h=9.0,n=30,start_thres=1.25,min_cluster_size=3",hub,0.25,100,5,40,1730,40,4,0,1726,1.0,0.0023121387283236,0.9090909090909092,0.0909090909090909,0.2528045001355084
fbc_tfnbs,"e=0.7,h=10.0,n=30,start_thres=1.25,min_cluster_size=3",hub,0.25,100,5,40,1730,40,4,0,1726,1.0,0.0023121387283236,0.9090909090909092,0.0909090909090909,0.2528045001355084
fbc_tfnbs,"e=0.8,h=0.5,n=30,start_thres=1.25,min_cluster_size=3",hub,0.25,100,5,40,1730,39,1,1,1729,0.975,0.0005780346820809,0.975,0.025,0.2528045001355084
fbc_tfnbs,"e=0.8,h=1.0,n=30,start_thres=1.25,min_cluster_size=3",hub,0.25,100,5,40,1730,39,1,1,1729,0.975,0.0005780346820809,0.975,0.025,0.2528045001355084
fbc_tfnbs,"e=0.8,h=2.0,n=30,start_thres=1.25,min_cluster_size=3",hub,0.25,100,5,40,1730,39,1,1,1729,0.975,0.0005780346820809,0.975,0.025,0.2528045001355084
fbc_tfnbs,"e=0.8,h=3.0,n=30,start_thres=1.25,min_cluster_size=3",hub,0.25,100,5,40,1730,39,1,1,1729,0.975,0.0005780346820809,0.975,0.025,0.2528045001355084
fbc_tfnbs,"e=0.8,h=4.0,n=30,start_thres=1.25,min_cluster_size=3",hub,0.25,100,5,40,1730,40,1,0,1729,1.0,0.0005780346820809,0.975609756097561,0.024390243902439,0.2528045001355084
fbc_tfnbs,"e=0.8,h=5.0,n=30,start_thres=1.25,min_cluster_size=3",hub,0.25,100,5,40,1730,40,1,0,1729,1.0,0.0005780346820809,0.975609756097561,0.024390243902439,0.2528045001355084
fbc_tfnbs,"e=0.8,h=6.0,n=30,start_thres=1.25,min_cluster_size=3",hub,0.25,100,5,40,1730,40,4,0,1726,1.0,0.0023121387283236,0.9090909090909092,0.0909090909090909,0.2528045001355084
fbc_tfnbs,"e=0.8,h=7.0,n=30,start_thres=1.25,min_cluster_size=3",hub,0.25,100,5,40,1730,40,4,0,1726,1.0,0.0023121387283236,0.9090909090909092,0.0909090909090909,0.2528045001355084
fbc_tfnbs,"e=0.8,h=8.0,n=30,start_thres=1.25,min_cluster_size=3",hub,0.25,100,5,40,1730,40,4,0,1726,1.0,0.0023121387283236,0.9090909090909092,0.0909090909090909,0.2528045001355084
fbc_tfnbs,"e=0.8,h=9.0,n=30,start_thres=1.25,min_cluster_size=3",hub,0.25,100,5,40,1730,40,4,0,1726,1.0,0.0023121387283236,0.9090909090909092,0.0909090909090909,0.2528045001355084
fbc_tfnbs,"e=0.8,h=10.0,n=30,start_thres=1.25,min_cluster_size=3",hub,0.25,100,5,40,1730,40,4,0,1726,1.0,0.0023121387283236,0.9090909090909092,0.0909090909090909,0.2528045001355084
fbc_tfnbs,"e=0.9,h=0.5,n=30,start_thres=1.25,min_cluster_size=3",hub,0.25,100,5,40,1730,38,1,2,1729,0.95,0.0005780346820809,0.9743589743589745,0.0256410256410256,0.2528045001355084
fbc_tfnbs,"e=0.9,h=1.0,n=30,start_thres=1.25,min_cluster_size=3",hub,0.25,100,5,40,1730,39,1,1,1729,0.975,0.0005780346820809,0.975,0.025,0.2528045001355084
fbc_tfnbs,"e=0.9,h=2.0,n=30,start_thres=1.25,min_cluster_size=3",hub,0.25,100,5,40,1730,39,1,1,1729,0.975,0.0005780346820809,0.975,0.025,0.2528045001355084
fbc_tfnbs,"e=0.9,h=3.0,n=30,start_thres=1.25,min_cluster_size=3",hub,0.25,100,5,40,1730,39,1,1,1729,0.975,0.0005780346820809,0.975,0.025,0.2528045001355084
fbc_tfnbs,"e=0.9,h=4.0,n=30,start_thres=1.25,min_cluster_size=3",hub,0.25,100,5,40,1730,40,1,0,1729,1.0,0.0005780346820809,0.975609756097561,0.024390243902439,0.2528045001355084
fbc_tfnbs,"e=0.9,h=5.0,n=30,start_thres=1.25,min_cluster_size=3",hub,0.25,100,5,40,1730,40,1,0,1729,1.0,0.0005780346820809,0.975609756097561,0.024390243902439,0.2528045001355084
fbc_tfnbs,"e=0.9,h=6.0,n=30,start_thres=1.25,min_cluster_size=3",hub,0.25,100,5,40,1730,40,1,0,1729,1.0,0.0005780346820809,0.975609756097561,0.024390243902439,0.2528045001355084
fbc_tfnbs,"e=0.9,h=7.0,n=30,start_thres=1.25,min_cluster_size=3",hub,0.25,100,5,40,1730,40,4,0,1726,1.0,0.0023121387283236,0.9090909090909092,0.0909090909090909,0.2528045001355084
fbc_tfnbs,"e=0.9,h=8.0,n=30,start_thres=1.25,min_cluster_size=3",hub,0.25,100,5,40,1730,40,4,0,1726,1.0,0.0023121387283236,0.9090909090909092,0.0909090909090909,0.2528045001355084
fbc_tfnbs,"e=0.9,h=9.0,n=30,start_thres=1.25,min_cluster_size=3",hub,0.25,100,5,40,1730,40,4,0,1726,1.0,0.0023121387283236,0.9090909090909092,0.0909090909090909,0.2528045001355084
fbc_tfnbs,"e=0.9,h=10.0,n=30,start_thres=1.25,min_cluster_size=3",hub,0.25,100,5,40,1730,40,4,0,1726,1.0,0.0023121387283236,0.9090909090909092,0.0909090909090909,0.2528045001355084
fbc_tfnbs,"e=1.0,h=0.5,n=30,start_thres=1.25,min_cluster_size=3",hub,0.25,100,5,40,1730,37,0,3,1730,0.925,0.0,1.0,0.0,0.2528045001355084
fbc_tfnbs,"e=1.0,h=1.0,n=30,start_thres=1.25,min_cluster_size=3",hub,0.25,100,5,40,1730,39,1,1,1729,0.975,0.0005780346820809,0.975,0.025,0.2528045001355084
fbc_tfnbs,"e=1.0,h=2.0,n=30,start_thres=1.25,min_cluster_size=3",hub,0.25,100,5,40,1730,39,1,1,1729,0.975,0.0005780346820809,0.975,0.025,0.2528045001355084
fbc_tfnbs,"e=1.0,h=3.0,n=30,start_thres=1.25,min_cluster_size=3",hub,0.25,100,5,40,1730,39,1,1,1729,0.975,0.0005780346820809,0.975,0.025,0.2528045001355084
fbc_tfnbs,"e=1.0,h=4.0,n=30,start_thres=1.25,min_cluster_size=3",hub,0.25,100,5,40,1730,40,1,0,1729,1.0,0.0005780346820809,0.975609756097561,0.024390243902439,0.2528045001355084
fbc_tfnbs,"e=1.0,h=5.0,n=30,start_thres=1.25,min_cluster_size=3",hub,0.25,100,5,40,1730,40,1,0,1729,1.0,0.0005780346820809,0.975609756097561,0.024390243902439,0.2528045001355084
fbc_tfnbs,"e=1.0,h=6.0,n=30,start_thres=1.25,min_cluster_size=3",hub,0.25,100,5,40,1730,40,1,0,1729,1.0,0.0005780346820809,0.975609756097561,0.024390243902439,0.2528045001355084
fbc_tfnbs,"e=1.0,h=7.0,n=30,start_thres=1.25,min_cluster_size=3",hub,0.25,100,5,40,1730,40,4,0,1726,1.0,0.0023121387283236,0.9090909090909092,0.0909090909090909,0.2528045001355084
fbc_tfnbs,"e=1.0,h=8.0,n=30,start_thres=1.25,min_cluster_size=3",hub,0.25,100,5,40,1730,40,4,0,1726,1.0,0.0023121387283236,0.9090909090909092,0.0909090909090909,0.2528045001355084
fbc_tfnbs,"e=1.0,h=9.0,n=30,start_thres=1.25,min_cluster_size=3",hub,0.25,100,5,40,1730,40,4,0,1726,1.0,0.0023121387283236,0.9090909090909092,0.0909090909090909,0.2528045001355084
fbc_tfnbs,"e=1.0,h=10.0,n=30,start_thres=1.25,min_cluster_size=3",hub,0.25,100,5,40,1730,40,4,0,1726,1.0,0.0023121387283236,0.9090909090909092,0.0909090909090909,0.2528045001355084
fbc_tfnbs,"e=1.1,h=0.5,n=30,start_thres=1.25,min_cluster_size=3",hub,0.25,100,5,40,1730,36,0,4,1730,0.9,0.0,1.0,0.0,0.2528045001355084
fbc_tfnbs,"e=1.1,h=1.0,n=30,start_thres=1.25,min_cluster_size=3",hub,0.25,100,5,40,1730,38,1,2,1729,0.95,0.0005780346820809,0.9743589743589745,0.0256410256410256,0.2528045001355084
fbc_tfnbs,"e=1.1,h=2.0,n=30,start_thres=1.25,min_cluster_size=3",hub,0.25,100,5,40,1730,39,1,1,1729,0.975,0.0005780346820809,0.975,0.025,0.2528045001355084
fbc_tfnbs,"e=1.1,h=3.0,n=30,start_thres=1.25,min_cluster_size=3",hub,0.25,100,5,40,1730,39,1,1,1729,0.975,0.0005780346820809,0.975,0.025,0.2528045001355084
fbc_tfnbs,"e=1.1,h=4.0,n=30,start_thres=1.25,min_cluster_size=3",hub,0.25,100,5,40,1730,40,1,0,1729,1.0,0.0005780346820809,0.975609756097561,0.024390243902439,0.2528045001355084
fbc_tfnbs,"e=1.1,h=5.0,n=30,start_thres=1.25,min_cluster_size=3",hub,0.25,100,5,40,1730,40,1,0,1729,1.0,0.0005780346820809,0.975609756097561,0.024390243902439,0.2528045001355084
fbc_tfnbs,"e=1.1,h=6.0,n=30,start_thres=1.25,min_cluster_size=3",hub,0.25,100,5,40,1730,40,1,0,1729,1.0,0.0005780346820809,0.975609756097561,0.024390243902439,0.2528045001355084
fbc_tfnbs,"e=1.1,h=7.0,n=30,start_thres=1.25,min_cluster_size=3",hub,0.25,100,5,40,1730,40,1,0,1729,1.0,0.0005780346820809,0.975609756097561,0.024390243902439,0.2528045001355084
fbc_tfnbs,"e=1.1,h=8.0,n=30,start_thres=1.25,min_cluster_size=3",hub,0.25,100,5,40,1730,40,4,0,1726,1.0,0.0023121387283236,0.9090909090909092,0.0909090909090909,0.2528045001355084
fbc_tfnbs,"e=1.1,h=9.0,n=30,start_thres=1.25,min_cluster_size=3",hub,0.25,100,5,40,1730,40,4,0,1726,1.0,0.0023121387283236,0.9090909090909092,0.0909090909090909,0.2528045001355084
fbc_tfnbs,"e=1.1,h=10.0,n=30,start_thres=1.25,min_cluster_size=3",hub,0.25,100,5,40,1730,40,4,0,1726,1.0,0.0023121387283236,0.9090909090909092,0.0909090909090909,0.2528045001355084
fbc_tfnbs,"e=1.2,h=0.5,n=30,start_thres=1.25,min_cluster_size=3",hub,0.25,100,5,40,1730,36,0,4,1730,0.9,0.0,1.0,0.0,0.2528045001355084
fbc_tfnbs,"e=1.2,h=1.0,n=30,start_thres=1.25,min_cluster_size=3",hub,0.25,100,5,40,1730,37,0,3,1730,0.925,0.0,1.0,0.0,0.2528045001355084
fbc_tfnbs,"e=1.2,h=2.0,n=30,start_thres=1.25,min_cluster_size=3",hub,0.25,100,5,40,1730,39,1,1,1729,0.975,0.0005780346820809,0.975,0.025,0.2528045001355084
fbc_tfnbs,"e=1.2,h=3.0,n=30,start_thres=1.25,min_cluster_size=3",hub,0.25,100,5,40,1730,39,1,1,1729,0.975,0.0005780346820809,0.975,0.025,0.2528045001355084
fbc_tfnbs,"e=1.2,h=4.0,n=30,start_thres=1.25,min_cluster_size=3",hub,0.25,100,5,40,1730,40,1,0,1729,1.0,0.0005780346820809,0.975609756097561,0.024390243902439,0.2528045001355084
fbc_tfnbs,"e=1.2,h=5.0,n=30,start_thres=1.25,min_cluster_size=3",hub,0.25,100,5,40,1730,40,1,0,1729,1.0,0.0005780346820809,0.975609756097561,0.024390243902439,0.2528045001355084
fbc_tfnbs,"e=1.2,h=6.0,n=30,start_thres=1.25,min_cluster_size=3",hub,0.25,100,5,40,1730,40,1,0,1729,1.0,0.0005780346820809,0.975609756097561,0.024390243902439,0.2528045001355084
fbc_tfnbs,"e=1.2,h=7.0,n=30,start_thres=1.25,min_cluster_size=3",hub,0.25,100,5,40,1730,40,1,0,1729,1.0,0.0005780346820809,0.975609756097561,0.024390243902439,0.2528045001355084
fbc_tfnbs,"e=1.2,h=8.0,n=30,start_thres=1.25,min_cluster_size=3",hub,0.25,100,5,40,1730,40,4,0,1726,1.0,0.0023121387283236,0.9090909090909092,0.0909090909090909,0.2528045001355084
fbc_tfnbs,"e=1.2,h=9.0,n=30,start_thres=1.25,min_cluster_size=3",hub,0.25,100,5,40,1730,40,4,0,1726,1.0,0.0023121387283236,0.9090909090909092,0.0909090909090909,0.2528045001355084
fbc_tfnbs,"e=1.2,h=10.0,n=30,start_thres=1.25,min_cluster_size=3",hub,0.25,100,5,40,1730,40,4,0,1726,1.0,0.0023121387283236,0.9090909090909092,0.0909090909090909,0.2528045001355084
fbc_tfnbs,"e=1.3,h=0.5,n=30,start_thres=1.25,min_cluster_size=3",hub,0.25,100,5,40,1730,36,0,4,1730,0.9,0.0,1.0,0.0,0.2528045001355084
fbc_tfnbs,"e=1.3,h=1.0,n=30,start_thres=1.25,min_cluster_size=3",hub,0.25,100,5,40,1730,36,0,4,1730,0.9,0.0,1.0,0.0,0.2528045001355084
fbc_tfnbs,"e=1.3,h=2.0,n=30,start_thres=1.25,min_cluster_size=3",hub,0.25,100,5,40,1730,39,1,1,1729,0.975,0.0005780346820809,0.975,0.025,0.2528045001355084
fbc_tfnbs,"e=1.3,h=3.0,n=30,start_thres=1.25,min_cluster_size=3",hub,0.25,100,5,40,1730,39,1,1,1729,0.975,0.0005780346820809,0.975,0.025,0.2528045001355084
fbc_tfnbs,"e=1.3,h=4.0,n=30,start_thres=1.25,min_cluster_size=3",hub,0.25,100,5,40,1730,39,1,1,1729,0.975,0.0005780346820809,0.975,0.025,0.2528045001355084
fbc_tfnbs,"e=1.3,h=5.0,n=30,start_thres=1.25,min_cluster_size=3",hub,0.25,100,5,40,1730,40,1,0,1729,1.0,0.0005780346820809,0.975609756097561,0.024390243902439,0.2528045001355084
fbc_tfnbs,"e=1.3,h=6.0,n=30,start_thres=1.25,min_cluster_size=3",hub,0.25,100,5,40,1730,40,1,0,1729,1.0,0.0005780346820809,0.975609756097561,0.024390243902439,0.2528045001355084
fbc_tfnbs,"e=1.3,h=7.0,n=30,start_thres=1.25,min_cluster_size=3",hub,0.25,100,5,40,1730,40,1,0,1729,1.0,0.0005780346820809,0.975609756097561,0.024390243902439,0.2528045001355084
fbc_tfnbs,"e=1.3,h=8.0,n=30,start_thres=1.25,min_cluster_size=3",hub,0.25,100,5,40,1730,40,1,0,1729,1.0,0.0005780346820809,0.975609756097561,0.024390243902439,0.2528045001355084
fbc_tfnbs,"e=1.3,h=9.0,n=30,start_thres=1.25,min_cluster_size=3",hub,0.25,100,5,40,1730,40,4,0,1726,1.0,0.0023121387283236,0.9090909090909092,0.0909090909090909,0.2528045001355084
fbc_tfnbs,"e=1.3,h=10.0,n=30,start_thres=1.25,min_cluster_size=3",hub,0.25,100,5,40,1730,40,4,0,1726,1.0,0.0023121387283236,0.9090909090909092,0.0909090909090909,0.2528045001355084
fbc_tfnbs,"e=1.4,h=0.5,n=30,start_thres=1.25,min_cluster_size=3",hub,0.25,100,5,40,1730,34,0,6,1730,0.85,0.0,1.0,0.0,0.2528045001355084
fbc_tfnbs,"e=1.4,h=1.0,n=30,start_thres=1.25,min_cluster_size=3",hub,0.25,100,5,40,1730,36,0,4,1730,0.9,0.0,1.0,0.0,0.2528045001355084
fbc_tfnbs,"e=1.4,h=2.0,n=30,start_thres=1.25,min_cluster_size=3",hub,0.25,100,5,40,1730,39,1,1,1729,0.975,0.0005780346820809,0.975,0.025,0.2528045001355084
fbc_tfnbs,"e=1.4,h=3.0,n=30,start_thres=1.25,min_cluster_size=3",hub,0.25,100,5,40,1730,39,1,1,1729,0.975,0.0005780346820809,0.975,0.025,0.2528045001355084
fbc_tfnbs,"e=1.4,h=4.0,n=30,start_thres=1.25,min_cluster_size=3",hub,0.25,100,5,40,1730,39,1,1,1729,0.975,0.0005780346820809,0.975,0.025,0.2528045001355084
fbc_tfnbs,"e=1.4,h=5.0,n=30,start_thres=1.25,min_cluster_size=3",hub,0.25,100,5,40,1730,40,1,0,1729,1.0,0.0005780346820809,0.975609756097561,0.024390243902439,0.2528045001355084
fbc_tfnbs,"e=1.4,h=6.0,n=30,start_thres=1.25,min_cluster_size=3",hub,0.25,100,5,40,1730,40,1,0,1729,1.0,0.0005780346820809,0.975609756097561,0.024390243902439,0.2528045001355084
fbc_tfnbs,"e=1.4,h=7.0,n=30,start_thres=1.25,min_cluster_size=3",hub,0.25,100,5,40,1730,40,1,0,1729,1.0,0.0005780346820809,0.975609756097561,0.024390243902439,0.2528045001355084
fbc_tfnbs,"e=1.4,h=8.0,n=30,start_thres=1.25,min_cluster_size=3",hub,0.25,100,5,40,1730,40,1,0,1729,1.0,0.0005780346820809,0.975609756097561,0.024390243902439,0.2528045001355084
fbc_tfnbs,"e=1.4,h=9.0,n=30,start_thres=1.25,min_cluster_size=3",hub,0.25,100,5,40,1730,40,4,0,1726,1.0,0.0023121387283236,0.9090909090909092,0.0909090909090909,0.2528045001355084
fbc_tfnbs,"e=1.4,h=10.0,n=30,start_thres=1.25,min_cluster_size=3",hub,0.25,100,5,40,1730,40,4,0,1726,1.0,0.0023121387283236,0.9090909090909092,0.0909090909090909,0.2528045001355084
fbc_tfnbs,"e=1.5,h=0.5,n=30,start_thres=1.25,min_cluster_size=3",hub,0.25,100,5,40,1730,32,0,8,1730,0.8,0.0,1.0,0.0,0.2528045001355084
fbc_tfnbs,"e=1.5,h=1.0,n=30,start_thres=1.25,min_cluster_size=3",hub,0.25,100,5,40,1730,36,0,4,1730,0.9,0.0,1.0,0.0,0.2528045001355084
fbc_tfnbs,"e=1.5,h=2.0,n=30,start_thres=1.25,min_cluster_size=3",hub,0.25,100,5,40,1730,38,1,2,1729,0.95,0.0005780346820809,0.9743589743589745,0.0256410256410256,0.2528045001355084
fbc_tfnbs,"e=1.5,h=3.0,n=30,start_thres=1.25,min_cluster_size=3",hub,0.25,100,5,40,1730,39,1,1,1729,0.975,0.0005780346820809,0.975,0.025,0.2528045001355084
fbc_tfnbs,"e=1.5,h=4.0,n=30,start_thres=1.25,min_cluster_size=3",hub,0.25,100,5,40,1730,39,1,1,1729,0.975,0.0005780346820809,0.975,0.025,0.2528045001355084
fbc_tfnbs,"e=1.5,h=5.0,n=30,start_thres=1.25,min_cluster_size=3",hub,0.25,100,5,40,1730,40,1,0,1729,1.0,0.0005780346820809,0.975609756097561,0.024390243902439,0.2528045001355084
fbc_tfnbs,"e=1.5,h=6.0,n=30,start_thres=1.25,min_cluster_size=3",hub,0.25,100,5,40,1730,40,1,0,1729,1.0,0.0005780346820809,0.975609756097561,0.024390243902439,0.2528045001355084
fbc_tfnbs,"e=1.5,h=7.0,n=30,start_thres=1.25,min_cluster_size=3",hub,0.25,100,5,40,1730,40,1,0,1729,1.0,0.0005780346820809,0.975609756097561,0.024390243902439,0.2528045001355084
fbc_tfnbs,"e=1.5,h=8.0,n=30,start_thres=1.25,min_cluster_size=3",hub,0.25,100,5,40,1730,40,1,0,1729,1.0,0.0005780346820809,0.975609756097561,0.024390243902439,0.2528045001355084
fbc_tfnbs,"e=1.5,h=9.0,n=30,start_thres=1.25,min_cluster_size=3",hub,0.25,100,5,40,1730,40,1,0,1729,1.0,0.0005780346820809,0.975609756097561,0.024390243902439,0.2528045001355084
fbc_tfnbs,"e=1.5,h=10.0,n=30,start_thres=1.25,min_cluster_size=3",hub,0.25,100,5,40,1730,40,4,0,1726,1.0,0.0023121387283236,0.9090909090909092,0.0909090909090909,0.2528045001355084
fbc_tfnbs,"e=0.05,h=0.5,n=30,start_thres=1.25,min_cluster_size=3",hub,0.25,100,6,40,1730,40,0,0,1730,1.0,0.0,1.0,0.0,0.2589645331556147
fbc_tfnbs,"e=0.05,h=1.0,n=30,start_thres=1.25,min_cluster_size=3",hub,0.25,100,6,40,1730,40,0,0,1730,1.0,0.0,1.0,0.0,0.2589645331556147
fbc_tfnbs,"e=0.05,h=2.0,n=30,start_thres=1.25,min_cluster_size=3",hub,0.25,100,6,40,1730,40,0,0,1730,1.0,0.0,1.0,0.0,0.2589645331556147
fbc_tfnbs,"e=0.05,h=3.0,n=30,start_thres=1.25,min_cluster_size=3",hub,0.25,100,6,40,1730,40,0,0,1730,1.0,0.0,1.0,0.0,0.2589645331556147
fbc_tfnbs,"e=0.05,h=4.0,n=30,start_thres=1.25,min_cluster_size=3",hub,0.25,100,6,40,1730,40,0,0,1730,1.0,0.0,1.0,0.0,0.2589645331556147
fbc_tfnbs,"e=0.05,h=5.0,n=30,start_thres=1.25,min_cluster_size=3",hub,0.25,100,6,40,1730,40,0,0,1730,1.0,0.0,1.0,0.0,0.2589645331556147
fbc_tfnbs,"e=0.05,h=6.0,n=30,start_thres=1.25,min_cluster_size=3",hub,0.25,100,6,40,1730,40,0,0,1730,1.0,0.0,1.0,0.0,0.2589645331556147
fbc_tfnbs,"e=0.05,h=7.0,n=30,start_thres=1.25,min_cluster_size=3",hub,0.25,100,6,40,1730,40,0,0,1730,1.0,0.0,1.0,0.0,0.2589645331556147
fbc_tfnbs,"e=0.05,h=8.0,n=30,start_thres=1.25,min_cluster_size=3",hub,0.25,100,6,40,1730,40,0,0,1730,1.0,0.0,1.0,0.0,0.2589645331556147
fbc_tfnbs,"e=0.05,h=9.0,n=30,start_thres=1.25,min_cluster_size=3",hub,0.25,100,6,40,1730,40,0,0,1730,1.0,0.0,1.0,0.0,0.2589645331556147
fbc_tfnbs,"e=0.05,h=10.0,n=30,start_thres=1.25,min_cluster_size=3",hub,0.25,100,6,40,1730,40,0,0,1730,1.0,0.0,1.0,0.0,0.2589645331556147
fbc_tfnbs,"e=0.1,h=0.5,n=30,start_thres=1.25,min_cluster_size=3",hub,0.25,100,6,40,1730,40,0,0,1730,1.0,0.0,1.0,0.0,0.2589645331556147
fbc_tfnbs,"e=0.1,h=1.0,n=30,start_thres=1.25,min_cluster_size=3",hub,0.25,100,6,40,1730,40,0,0,1730,1.0,0.0,1.0,0.0,0.2589645331556147
fbc_tfnbs,"e=0.1,h=2.0,n=30,start_thres=1.25,min_cluster_size=3",hub,0.25,100,6,40,1730,40,0,0,1730,1.0,0.0,1.0,0.0,0.2589645331556147
fbc_tfnbs,"e=0.1,h=3.0,n=30,start_thres=1.25,min_cluster_size=3",hub,0.25,100,6,40,1730,40,0,0,1730,1.0,0.0,1.0,0.0,0.2589645331556147
fbc_tfnbs,"e=0.1,h=4.0,n=30,start_thres=1.25,min_cluster_size=3",hub,0.25,100,6,40,1730,40,0,0,1730,1.0,0.0,1.0,0.0,0.2589645331556147
fbc_tfnbs,"e=0.1,h=5.0,n=30,start_thres=1.25,min_cluster_size=3",hub,0.25,100,6,40,1730,40,0,0,1730,1.0,0.0,1.0,0.0,0.2589645331556147
fbc_tfnbs,"e=0.1,h=6.0,n=30,start_thres=1.25,min_cluster_size=3",hub,0.25,100,6,40,1730,40,0,0,1730,1.0,0.0,1.0,0.0,0.2589645331556147
fbc_tfnbs,"e=0.1,h=7.0,n=30,start_thres=1.25,min_cluster_size=3",hub,0.25,100,6,40,1730,40,0,0,1730,1.0,0.0,1.0,0.0,0.2589645331556147
fbc_tfnbs,"e=0.1,h=8.0,n=30,start_thres=1.25,min_cluster_size=3",hub,0.25,100,6,40,1730,40,0,0,1730,1.0,0.0,1.0,0.0,0.2589645331556147
fbc_tfnbs,"e=0.1,h=9.0,n=30,start_thres=1.25,min_cluster_size=3",hub,0.25,100,6,40,1730,40,0,0,1730,1.0,0.0,1.0,0.0,0.2589645331556147
fbc_tfnbs,"e=0.1,h=10.0,n=30,start_thres=1.25,min_cluster_size=3",hub,0.25,100,6,40,1730,40,0,0,1730,1.0,0.0,1.0,0.0,0.2589645331556147
fbc_tfnbs,"e=0.2,h=0.5,n=30,start_thres=1.25,min_cluster_size=3",hub,0.25,100,6,40,1730,40,0,0,1730,1.0,0.0,1.0,0.0,0.2589645331556147
fbc_tfnbs,"e=0.2,h=1.0,n=30,start_thres=1.25,min_cluster_size=3",hub,0.25,100,6,40,1730,40,0,0,1730,1.0,0.0,1.0,0.0,0.2589645331556147
fbc_tfnbs,"e=0.2,h=2.0,n=30,start_thres=1.25,min_cluster_size=3",hub,0.25,100,6,40,1730,40,0,0,1730,1.0,0.0,1.0,0.0,0.2589645331556147
fbc_tfnbs,"e=0.2,h=3.0,n=30,start_thres=1.25,min_cluster_size=3",hub,0.25,100,6,40,1730,40,0,0,1730,1.0,0.0,1.0,0.0,0.2589645331556147
fbc_tfnbs,"e=0.2,h=4.0,n=30,start_thres=1.25,min_cluster_size=3",hub,0.25,100,6,40,1730,40,0,0,1730,1.0,0.0,1.0,0.0,0.2589645331556147
fbc_tfnbs,"e=0.2,h=5.0,n=30,start_thres=1.25,min_cluster_size=3",hub,0.25,100,6,40,1730,40,0,0,1730,1.0,0.0,1.0,0.0,0.2589645331556147
fbc_tfnbs,"e=0.2,h=6.0,n=30,start_thres=1.25,min_cluster_size=3",hub,0.25,100,6,40,1730,40,0,0,1730,1.0,0.0,1.0,0.0,0.2589645331556147
fbc_tfnbs,"e=0.2,h=7.0,n=30,start_thres=1.25,min_cluster_size=3",hub,0.25,100,6,40,1730,40,0,0,1730,1.0,0.0,1.0,0.0,0.2589645331556147
fbc_tfnbs,"e=0.2,h=8.0,n=30,start_thres=1.25,min_cluster_size=3",hub,0.25,100,6,40,1730,40,0,0,1730,1.0,0.0,1.0,0.0,0.2589645331556147
fbc_tfnbs,"e=0.2,h=9.0,n=30,start_thres=1.25,min_cluster_size=3",hub,0.25,100,6,40,1730,40,0,0,1730,1.0,0.0,1.0,0.0,0.2589645331556147
fbc_tfnbs,"e=0.2,h=10.0,n=30,start_thres=1.25,min_cluster_size=3",hub,0.25,100,6,40,1730,40,0,0,1730,1.0,0.0,1.0,0.0,0.2589645331556147
fbc_tfnbs,"e=0.3,h=0.5,n=30,start_thres=1.25,min_cluster_size=3",hub,0.25,100,6,40,1730,40,0,0,1730,1.0,0.0,1.0,0.0,0.2589645331556147
fbc_tfnbs,"e=0.3,h=1.0,n=30,start_thres=1.25,min_cluster_size=3",hub,0.25,100,6,40,1730,40,0,0,1730,1.0,0.0,1.0,0.0,0.2589645331556147
fbc_tfnbs,"e=0.3,h=2.0,n=30,start_thres=1.25,min_cluster_size=3",hub,0.25,100,6,40,1730,40,0,0,1730,1.0,0.0,1.0,0.0,0.2589645331556147
fbc_tfnbs,"e=0.3,h=3.0,n=30,start_thres=1.25,min_cluster_size=3",hub,0.25,100,6,40,1730,40,0,0,1730,1.0,0.0,1.0,0.0,0.2589645331556147
fbc_tfnbs,"e=0.3,h=4.0,n=30,start_thres=1.25,min_cluster_size=3",hub,0.25,100,6,40,1730,40,0,0,1730,1.0,0.0,1.0,0.0,0.2589645331556147
fbc_tfnbs,"e=0.3,h=5.0,n=30,start_thres=1.25,min_cluster_size=3",hub,0.25,100,6,40,1730,40,0,0,1730,1.0,0.0,1.0,0.0,0.2589645331556147
fbc_tfnbs,"e=0.3,h=6.0,n=30,start_thres=1.25,min_cluster_size=3",hub,0.25,100,6,40,1730,40,0,0,1730,1.0,0.0,1.0,0.0,0.2589645331556147
fbc_tfnbs,"e=0.3,h=7.0,n=30,start_thres=1.25,min_cluster_size=3",hub,0.25,100,6,40,1730,40,0,0,1730,1.0,0.0,1.0,0.0,0.2589645331556147
fbc_tfnbs,"e=0.3,h=8.0,n=30,start_thres=1.25,min_cluster_size=3",hub,0.25,100,6,40,1730,40,0,0,1730,1.0,0.0,1.0,0.0,0.2589645331556147
fbc_tfnbs,"e=0.3,h=9.0,n=30,start_thres=1.25,min_cluster_size=3",hub,0.25,100,6,40,1730,40,0,0,1730,1.0,0.0,1.0,0.0,0.2589645331556147
fbc_tfnbs,"e=0.3,h=10.0,n=30,start_thres=1.25,min_cluster_size=3",hub,0.25,100,6,40,1730,40,0,0,1730,1.0,0.0,1.0,0.0,0.2589645331556147
fbc_tfnbs,"e=0.4,h=0.5,n=30,start_thres=1.25,min_cluster_size=3",hub,0.25,100,6,40,1730,40,0,0,1730,1.0,0.0,1.0,0.0,0.2589645331556147
fbc_tfnbs,"e=0.4,h=1.0,n=30,start_thres=1.25,min_cluster_size=3",hub,0.25,100,6,40,1730,40,0,0,1730,1.0,0.0,1.0,0.0,0.2589645331556147
fbc_tfnbs,"e=0.4,h=2.0,n=30,start_thres=1.25,min_cluster_size=3",hub,0.25,100,6,40,1730,40,0,0,1730,1.0,0.0,1.0,0.0,0.2589645331556147
fbc_tfnbs,"e=0.4,h=3.0,n=30,start_thres=1.25,min_cluster_size=3",hub,0.25,100,6,40,1730,40,0,0,1730,1.0,0.0,1.0,0.0,0.2589645331556147
fbc_tfnbs,"e=0.4,h=4.0,n=30,start_thres=1.25,min_cluster_size=3",hub,0.25,100,6,40,1730,40,0,0,1730,1.0,0.0,1.0,0.0,0.2589645331556147
fbc_tfnbs,"e=0.4,h=5.0,n=30,start_thres=1.25,min_cluster_size=3",hub,0.25,100,6,40,1730,40,0,0,1730,1.0,0.0,1.0,0.0,0.2589645331556147
fbc_tfnbs,"e=0.4,h=6.0,n=30,start_thres=1.25,min_cluster_size=3",hub,0.25,100,6,40,1730,40,0,0,1730,1.0,0.0,1.0,0.0,0.2589645331556147
fbc_tfnbs,"e=0.4,h=7.0,n=30,start_thres=1.25,min_cluster_size=3",hub,0.25,100,6,40,1730,40,0,0,1730,1.0,0.0,1.0,0.0,0.2589645331556147
fbc_tfnbs,"e=0.4,h=8.0,n=30,start_thres=1.25,min_cluster_size=3",hub,0.25,100,6,40,1730,40,0,0,1730,1.0,0.0,1.0,0.0,0.2589645331556147
fbc_tfnbs,"e=0.4,h=9.0,n=30,start_thres=1.25,min_cluster_size=3",hub,0.25,100,6,40,1730,40,0,0,1730,1.0,0.0,1.0,0.0,0.2589645331556147
fbc_tfnbs,"e=0.4,h=10.0,n=30,start_thres=1.25,min_cluster_size=3",hub,0.25,100,6,40,1730,40,0,0,1730,1.0,0.0,1.0,0.0,0.2589645331556147
fbc_tfnbs,"e=0.5,h=0.5,n=30,start_thres=1.25,min_cluster_size=3",hub,0.25,100,6,40,1730,40,0,0,1730,1.0,0.0,1.0,0.0,0.2589645331556147
fbc_tfnbs,"e=0.5,h=1.0,n=30,start_thres=1.25,min_cluster_size=3",hub,0.25,100,6,40,1730,40,0,0,1730,1.0,0.0,1.0,0.0,0.2589645331556147
fbc_tfnbs,"e=0.5,h=2.0,n=30,start_thres=1.25,min_cluster_size=3",hub,0.25,100,6,40,1730,40,0,0,1730,1.0,0.0,1.0,0.0,0.2589645331556147
fbc_tfnbs,"e=0.5,h=3.0,n=30,start_thres=1.25,min_cluster_size=3",hub,0.25,100,6,40,1730,40,0,0,1730,1.0,0.0,1.0,0.0,0.2589645331556147
fbc_tfnbs,"e=0.5,h=4.0,n=30,start_thres=1.25,min_cluster_size=3",hub,0.25,100,6,40,1730,40,0,0,1730,1.0,0.0,1.0,0.0,0.2589645331556147
fbc_tfnbs,"e=0.5,h=5.0,n=30,start_thres=1.25,min_cluster_size=3",hub,0.25,100,6,40,1730,40,0,0,1730,1.0,0.0,1.0,0.0,0.2589645331556147
fbc_tfnbs,"e=0.5,h=6.0,n=30,start_thres=1.25,min_cluster_size=3",hub,0.25,100,6,40,1730,40,0,0,1730,1.0,0.0,1.0,0.0,0.2589645331556147
fbc_tfnbs,"e=0.5,h=7.0,n=30,start_thres=1.25,min_cluster_size=3",hub,0.25,100,6,40,1730,40,0,0,1730,1.0,0.0,1.0,0.0,0.2589645331556147
fbc_tfnbs,"e=0.5,h=8.0,n=30,start_thres=1.25,min_cluster_size=3",hub,0.25,100,6,40,1730,40,0,0,1730,1.0,0.0,1.0,0.0,0.2589645331556147
fbc_tfnbs,"e=0.5,h=9.0,n=30,start_thres=1.25,min_cluster_size=3",hub,0.25,100,6,40,1730,40,0,0,1730,1.0,0.0,1.0,0.0,0.2589645331556147
fbc_tfnbs,"e=0.5,h=10.0,n=30,start_thres=1.25,min_cluster_size=3",hub,0.25,100,6,40,1730,40,0,0,1730,1.0,0.0,1.0,0.0,0.2589645331556147
fbc_tfnbs,"e=0.6,h=0.5,n=30,start_thres=1.25,min_cluster_size=3",hub,0.25,100,6,40,1730,40,0,0,1730,1.0,0.0,1.0,0.0,0.2589645331556147
fbc_tfnbs,"e=0.6,h=1.0,n=30,start_thres=1.25,min_cluster_size=3",hub,0.25,100,6,40,1730,40,0,0,1730,1.0,0.0,1.0,0.0,0.2589645331556147
fbc_tfnbs,"e=0.6,h=2.0,n=30,start_thres=1.25,min_cluster_size=3",hub,0.25,100,6,40,1730,40,0,0,1730,1.0,0.0,1.0,0.0,0.2589645331556147
fbc_tfnbs,"e=0.6,h=3.0,n=30,start_thres=1.25,min_cluster_size=3",hub,0.25,100,6,40,1730,40,0,0,1730,1.0,0.0,1.0,0.0,0.2589645331556147
fbc_tfnbs,"e=0.6,h=4.0,n=30,start_thres=1.25,min_cluster_size=3",hub,0.25,100,6,40,1730,40,0,0,1730,1.0,0.0,1.0,0.0,0.2589645331556147
fbc_tfnbs,"e=0.6,h=5.0,n=30,start_thres=1.25,min_cluster_size=3",hub,0.25,100,6,40,1730,40,0,0,1730,1.0,0.0,1.0,0.0,0.2589645331556147
fbc_tfnbs,"e=0.6,h=6.0,n=30,start_thres=1.25,min_cluster_size=3",hub,0.25,100,6,40,1730,40,0,0,1730,1.0,0.0,1.0,0.0,0.2589645331556147
fbc_tfnbs,"e=0.6,h=7.0,n=30,start_thres=1.25,min_cluster_size=3",hub,0.25,100,6,40,1730,40,0,0,1730,1.0,0.0,1.0,0.0,0.2589645331556147
fbc_tfnbs,"e=0.6,h=8.0,n=30,start_thres=1.25,min_cluster_size=3",hub,0.25,100,6,40,1730,40,0,0,1730,1.0,0.0,1.0,0.0,0.2589645331556147
fbc_tfnbs,"e=0.6,h=9.0,n=30,start_thres=1.25,min_cluster_size=3",hub,0.25,100,6,40,1730,40,0,0,1730,1.0,0.0,1.0,0.0,0.2589645331556147
fbc_tfnbs,"e=0.6,h=10.0,n=30,start_thres=1.25,min_cluster_size=3",hub,0.25,100,6,40,1730,40,0,0,1730,1.0,0.0,1.0,0.0,0.2589645331556147
fbc_tfnbs,"e=0.7,h=0.5,n=30,start_thres=1.25,min_cluster_size=3",hub,0.25,100,6,40,1730,40,0,0,1730,1.0,0.0,1.0,0.0,0.2589645331556147
fbc_tfnbs,"e=0.7,h=1.0,n=30,start_thres=1.25,min_cluster_size=3",hub,0.25,100,6,40,1730,40,0,0,1730,1.0,0.0,1.0,0.0,0.2589645331556147
fbc_tfnbs,"e=0.7,h=2.0,n=30,start_thres=1.25,min_cluster_size=3",hub,0.25,100,6,40,1730,40,0,0,1730,1.0,0.0,1.0,0.0,0.2589645331556147
fbc_tfnbs,"e=0.7,h=3.0,n=30,start_thres=1.25,min_cluster_size=3",hub,0.25,100,6,40,1730,40,0,0,1730,1.0,0.0,1.0,0.0,0.2589645331556147
fbc_tfnbs,"e=0.7,h=4.0,n=30,start_thres=1.25,min_cluster_size=3",hub,0.25,100,6,40,1730,40,0,0,1730,1.0,0.0,1.0,0.0,0.2589645331556147
fbc_tfnbs,"e=0.7,h=5.0,n=30,start_thres=1.25,min_cluster_size=3",hub,0.25,100,6,40,1730,40,0,0,1730,1.0,0.0,1.0,0.0,0.2589645331556147
fbc_tfnbs,"e=0.7,h=6.0,n=30,start_thres=1.25,min_cluster_size=3",hub,0.25,100,6,40,1730,40,0,0,1730,1.0,0.0,1.0,0.0,0.2589645331556147
fbc_tfnbs,"e=0.7,h=7.0,n=30,start_thres=1.25,min_cluster_size=3",hub,0.25,100,6,40,1730,40,0,0,1730,1.0,0.0,1.0,0.0,0.2589645331556147
fbc_tfnbs,"e=0.7,h=8.0,n=30,start_thres=1.25,min_cluster_size=3",hub,0.25,100,6,40,1730,40,0,0,1730,1.0,0.0,1.0,0.0,0.2589645331556147
fbc_tfnbs,"e=0.7,h=9.0,n=30,start_thres=1.25,min_cluster_size=3",hub,0.25,100,6,40,1730,40,0,0,1730,1.0,0.0,1.0,0.0,0.2589645331556147
fbc_tfnbs,"e=0.7,h=10.0,n=30,start_thres=1.25,min_cluster_size=3",hub,0.25,100,6,40,1730,40,0,0,1730,1.0,0.0,1.0,0.0,0.2589645331556147
fbc_tfnbs,"e=0.8,h=0.5,n=30,start_thres=1.25,min_cluster_size=3",hub,0.25,100,6,40,1730,39,0,1,1730,0.975,0.0,1.0,0.0,0.2589645331556147
fbc_tfnbs,"e=0.8,h=1.0,n=30,start_thres=1.25,min_cluster_size=3",hub,0.25,100,6,40,1730,40,0,0,1730,1.0,0.0,1.0,0.0,0.2589645331556147
fbc_tfnbs,"e=0.8,h=2.0,n=30,start_thres=1.25,min_cluster_size=3",hub,0.25,100,6,40,1730,40,0,0,1730,1.0,0.0,1.0,0.0,0.2589645331556147
fbc_tfnbs,"e=0.8,h=3.0,n=30,start_thres=1.25,min_cluster_size=3",hub,0.25,100,6,40,1730,40,0,0,1730,1.0,0.0,1.0,0.0,0.2589645331556147
fbc_tfnbs,"e=0.8,h=4.0,n=30,start_thres=1.25,min_cluster_size=3",hub,0.25,100,6,40,1730,40,0,0,1730,1.0,0.0,1.0,0.0,0.2589645331556147
fbc_tfnbs,"e=0.8,h=5.0,n=30,start_thres=1.25,min_cluster_size=3",hub,0.25,100,6,40,1730,40,0,0,1730,1.0,0.0,1.0,0.0,0.2589645331556147
fbc_tfnbs,"e=0.8,h=6.0,n=30,start_thres=1.25,min_cluster_size=3",hub,0.25,100,6,40,1730,40,0,0,1730,1.0,0.0,1.0,0.0,0.2589645331556147
fbc_tfnbs,"e=0.8,h=7.0,n=30,start_thres=1.25,min_cluster_size=3",hub,0.25,100,6,40,1730,40,0,0,1730,1.0,0.0,1.0,0.0,0.2589645331556147
fbc_tfnbs,"e=0.8,h=8.0,n=30,start_thres=1.25,min_cluster_size=3",hub,0.25,100,6,40,1730,40,0,0,1730,1.0,0.0,1.0,0.0,0.2589645331556147
fbc_tfnbs,"e=0.8,h=9.0,n=30,start_thres=1.25,min_cluster_size=3",hub,0.25,100,6,40,1730,40,0,0,1730,1.0,0.0,1.0,0.0,0.2589645331556147
fbc_tfnbs,"e=0.8,h=10.0,n=30,start_thres=1.25,min_cluster_size=3",hub,0.25,100,6,40,1730,40,0,0,1730,1.0,0.0,1.0,0.0,0.2589645331556147
fbc_tfnbs,"e=0.9,h=0.5,n=30,start_thres=1.25,min_cluster_size=3",hub,0.25,100,6,40,1730,38,0,2,1730,0.95,0.0,1.0,0.0,0.2589645331556147
fbc_tfnbs,"e=0.9,h=1.0,n=30,start_thres=1.25,min_cluster_size=3",hub,0.25,100,6,40,1730,39,0,1,1730,0.975,0.0,1.0,0.0,0.2589645331556147
fbc_tfnbs,"e=0.9,h=2.0,n=30,start_thres=1.25,min_cluster_size=3",hub,0.25,100,6,40,1730,40,0,0,1730,1.0,0.0,1.0,0.0,0.2589645331556147
fbc_tfnbs,"e=0.9,h=3.0,n=30,start_thres=1.25,min_cluster_size=3",hub,0.25,100,6,40,1730,40,0,0,1730,1.0,0.0,1.0,0.0,0.2589645331556147
fbc_tfnbs,"e=0.9,h=4.0,n=30,start_thres=1.25,min_cluster_size=3",hub,0.25,100,6,40,1730,40,0,0,1730,1.0,0.0,1.0,0.0,0.2589645331556147
fbc_tfnbs,"e=0.9,h=5.0,n=30,start_thres=1.25,min_cluster_size=3",hub,0.25,100,6,40,1730,40,0,0,1730,1.0,0.0,1.0,0.0,0.2589645331556147
fbc_tfnbs,"e=0.9,h=6.0,n=30,start_thres=1.25,min_cluster_size=3",hub,0.25,100,6,40,1730,40,0,0,1730,1.0,0.0,1.0,0.0,0.2589645331556147
fbc_tfnbs,"e=0.9,h=7.0,n=30,start_thres=1.25,min_cluster_size=3",hub,0.25,100,6,40,1730,40,0,0,1730,1.0,0.0,1.0,0.0,0.2589645331556147
fbc_tfnbs,"e=0.9,h=8.0,n=30,start_thres=1.25,min_cluster_size=3",hub,0.25,100,6,40,1730,40,0,0,1730,1.0,0.0,1.0,0.0,0.2589645331556147
fbc_tfnbs,"e=0.9,h=9.0,n=30,start_thres=1.25,min_cluster_size=3",hub,0.25,100,6,40,1730,40,0,0,1730,1.0,0.0,1.0,0.0,0.2589645331556147
fbc_tfnbs,"e=0.9,h=10.0,n=30,start_thres=1.25,min_cluster_size=3",hub,0.25,100,6,40,1730,40,0,0,1730,1.0,0.0,1.0,0.0,0.2589645331556147
fbc_tfnbs,"e=1.0,h=0.5,n=30,start_thres=1.25,min_cluster_size=3",hub,0.25,100,6,40,1730,35,0,5,1730,0.875,0.0,1.0,0.0,0.2589645331556147
fbc_tfnbs,"e=1.0,h=1.0,n=30,start_thres=1.25,min_cluster_size=3",hub,0.25,100,6,40,1730,39,0,1,1730,0.975,0.0,1.0,0.0,0.2589645331556147
fbc_tfnbs,"e=1.0,h=2.0,n=30,start_thres=1.25,min_cluster_size=3",hub,0.25,100,6,40,1730,40,0,0,1730,1.0,0.0,1.0,0.0,0.2589645331556147
fbc_tfnbs,"e=1.0,h=3.0,n=30,start_thres=1.25,min_cluster_size=3",hub,0.25,100,6,40,1730,40,0,0,1730,1.0,0.0,1.0,0.0,0.2589645331556147
fbc_tfnbs,"e=1.0,h=4.0,n=30,start_thres=1.25,min_cluster_size=3",hub,0.25,100,6,40,1730,40,0,0,1730,1.0,0.0,1.0,0.0,0.2589645331556147
fbc_tfnbs,"e=1.0,h=5.0,n=30,start_thres=1.25,min_cluster_size=3",hub,0.25,100,6,40,1730,40,0,0,1730,1.0,0.0,1.0,0.0,0.2589645331556147
fbc_tfnbs,"e=1.0,h=6.0,n=30,start_thres=1.25,min_cluster_size=3",hub,0.25,100,6,40,1730,40,0,0,1730,1.0,0.0,1.0,0.0,0.2589645331556147
fbc_tfnbs,"e=1.0,h=7.0,n=30,start_thres=1.25,min_cluster_size=3",hub,0.25,100,6,40,1730,40,0,0,1730,1.0,0.0,1.0,0.0,0.2589645331556147
fbc_tfnbs,"e=1.0,h=8.0,n=30,start_thres=1.25,min_cluster_size=3",hub,0.25,100,6,40,1730,40,0,0,1730,1.0,0.0,1.0,0.0,0.2589645331556147
fbc_tfnbs,"e=1.0,h=9.0,n=30,start_thres=1.25,min_cluster_size=3",hub,0.25,100,6,40,1730,40,0,0,1730,1.0,0.0,1.0,0.0,0.2589645331556147
fbc_tfnbs,"e=1.0,h=10.0,n=30,start_thres=1.25,min_cluster_size=3",hub,0.25,100,6,40,1730,40,0,0,1730,1.0,0.0,1.0,0.0,0.2589645331556147
fbc_tfnbs,"e=1.1,h=0.5,n=30,start_thres=1.25,min_cluster_size=3",hub,0.25,100,6,40,1730,35,0,5,1730,0.875,0.0,1.0,0.0,0.2589645331556147
fbc_tfnbs,"e=1.1,h=1.0,n=30,start_thres=1.25,min_cluster_size=3",hub,0.25,100,6,40,1730,37,0,3,1730,0.925,0.0,1.0,0.0,0.2589645331556147
fbc_tfnbs,"e=1.1,h=2.0,n=30,start_thres=1.25,min_cluster_size=3",hub,0.25,100,6,40,1730,40,0,0,1730,1.0,0.0,1.0,0.0,0.2589645331556147
fbc_tfnbs,"e=1.1,h=3.0,n=30,start_thres=1.25,min_cluster_size=3",hub,0.25,100,6,40,1730,40,0,0,1730,1.0,0.0,1.0,0.0,0.2589645331556147
fbc_tfnbs,"e=1.1,h=4.0,n=30,start_thres=1.25,min_cluster_size=3",hub,0.25,100,6,40,1730,40,0,0,1730,1.0,0.0,1.0,0.0,0.2589645331556147
fbc_tfnbs,"e=1.1,h=5.0,n=30,start_thres=1.25,min_cluster_size=3",hub,0.25,100,6,40,1730,40,0,0,1730,1.0,0.0,1.0,0.0,0.2589645331556147
fbc_tfnbs,"e=1.1,h=6.0,n=30,start_thres=1.25,min_cluster_size=3",hub,0.25,100,6,40,1730,40,0,0,1730,1.0,0.0,1.0,0.0,0.2589645331556147
fbc_tfnbs,"e=1.1,h=7.0,n=30,start_thres=1.25,min_cluster_size=3",hub,0.25,100,6,40,1730,40,0,0,1730,1.0,0.0,1.0,0.0,0.2589645331556147
fbc_tfnbs,"e=1.1,h=8.0,n=30,start_thres=1.25,min_cluster_size=3",hub,0.25,100,6,40,1730,40,0,0,1730,1.0,0.0,1.0,0.0,0.2589645331556147
fbc_tfnbs,"e=1.1,h=9.0,n=30,start_thres=1.25,min_cluster_size=3",hub,0.25,100,6,40,1730,40,0,0,1730,1.0,0.0,1.0,0.0,0.2589645331556147
fbc_tfnbs,"e=1.1,h=10.0,n=30,start_thres=1.25,min_cluster_size=3",hub,0.25,100,6,40,1730,40,0,0,1730,1.0,0.0,1.0,0.0,0.2589645331556147
fbc_tfnbs,"e=1.2,h=0.5,n=30,start_thres=1.25,min_cluster_size=3",hub,0.25,100,6,40,1730,32,0,8,1730,0.8,0.0,1.0,0.0,0.2589645331556147
fbc_tfnbs,"e=1.2,h=1.0,n=30,start_thres=1.25,min_cluster_size=3",hub,0.25,100,6,40,1730,35,0,5,1730,0.875,0.0,1.0,0.0,0.2589645331556147
fbc_tfnbs,"e=1.2,h=2.0,n=30,start_thres=1.25,min_cluster_size=3",hub,0.25,100,6,40,1730,40,0,0,1730,1.0,0.0,1.0,0.0,0.2589645331556147
fbc_tfnbs,"e=1.2,h=3.0,n=30,start_thres=1.25,min_cluster_size=3",hub,0.25,100,6,40,1730,40,0,0,1730,1.0,0.0,1.0,0.0,0.2589645331556147
fbc_tfnbs,"e=1.2,h=4.0,n=30,start_thres=1.25,min_cluster_size=3",hub,0.25,100,6,40,1730,40,0,0,1730,1.0,0.0,1.0,0.0,0.2589645331556147
fbc_tfnbs,"e=1.2,h=5.0,n=30,start_thres=1.25,min_cluster_size=3",hub,0.25,100,6,40,1730,40,0,0,1730,1.0,0.0,1.0,0.0,0.2589645331556147
fbc_tfnbs,"e=1.2,h=6.0,n=30,start_thres=1.25,min_cluster_size=3",hub,0.25,100,6,40,1730,40,0,0,1730,1.0,0.0,1.0,0.0,0.2589645331556147
fbc_tfnbs,"e=1.2,h=7.0,n=30,start_thres=1.25,min_cluster_size=3",hub,0.25,100,6,40,1730,40,0,0,1730,1.0,0.0,1.0,0.0,0.2589645331556147
fbc_tfnbs,"e=1.2,h=8.0,n=30,start_thres=1.25,min_cluster_size=3",hub,0.25,100,6,40,1730,40,0,0,1730,1.0,0.0,1.0,0.0,0.2589645331556147
fbc_tfnbs,"e=1.2,h=9.0,n=30,start_thres=1.25,min_cluster_size=3",hub,0.25,100,6,40,1730,40,0,0,1730,1.0,0.0,1.0,0.0,0.2589645331556147
fbc_tfnbs,"e=1.2,h=10.0,n=30,start_thres=1.25,min_cluster_size=3",hub,0.25,100,6,40,1730,40,0,0,1730,1.0,0.0,1.0,0.0,0.2589645331556147
fbc_tfnbs,"e=1.3,h=0.5,n=30,start_thres=1.25,min_cluster_size=3",hub,0.25,100,6,40,1730,29,0,11,1730,0.725,0.0,1.0,0.0,0.2589645331556147
fbc_tfnbs,"e=1.3,h=1.0,n=30,start_thres=1.25,min_cluster_size=3",hub,0.25,100,6,40,1730,35,0,5,1730,0.875,0.0,1.0,0.0,0.2589645331556147
fbc_tfnbs,"e=1.3,h=2.0,n=30,start_thres=1.25,min_cluster_size=3",hub,0.25,100,6,40,1730,39,0,1,1730,0.975,0.0,1.0,0.0,0.2589645331556147
fbc_tfnbs,"e=1.3,h=3.0,n=30,start_thres=1.25,min_cluster_size=3",hub,0.25,100,6,40,1730,40,0,0,1730,1.0,0.0,1.0,0.0,0.2589645331556147
fbc_tfnbs,"e=1.3,h=4.0,n=30,start_thres=1.25,min_cluster_size=3",hub,0.25,100,6,40,1730,40,0,0,1730,1.0,0.0,1.0,0.0,0.2589645331556147
fbc_tfnbs,"e=1.3,h=5.0,n=30,start_thres=1.25,min_cluster_size=3",hub,0.25,100,6,40,1730,40,0,0,1730,1.0,0.0,1.0,0.0,0.2589645331556147
fbc_tfnbs,"e=1.3,h=6.0,n=30,start_thres=1.25,min_cluster_size=3",hub,0.25,100,6,40,1730,40,0,0,1730,1.0,0.0,1.0,0.0,0.2589645331556147
fbc_tfnbs,"e=1.3,h=7.0,n=30,start_thres=1.25,min_cluster_size=3",hub,0.25,100,6,40,1730,40,0,0,1730,1.0,0.0,1.0,0.0,0.2589645331556147
fbc_tfnbs,"e=1.3,h=8.0,n=30,start_thres=1.25,min_cluster_size=3",hub,0.25,100,6,40,1730,40,0,0,1730,1.0,0.0,1.0,0.0,0.2589645331556147
fbc_tfnbs,"e=1.3,h=9.0,n=30,start_thres=1.25,min_cluster_size=3",hub,0.25,100,6,40,1730,40,0,0,1730,1.0,0.0,1.0,0.0,0.2589645331556147
fbc_tfnbs,"e=1.3,h=10.0,n=30,start_thres=1.25,min_cluster_size=3",hub,0.25,100,6,40,1730,40,0,0,1730,1.0,0.0,1.0,0.0,0.2589645331556147
fbc_tfnbs,"e=1.4,h=0.5,n=30,start_thres=1.25,min_cluster_size=3",hub,0.25,100,6,40,1730,28,0,12,1730,0.7,0.0,1.0,0.0,0.2589645331556147
fbc_tfnbs,"e=1.4,h=1.0,n=30,start_thres=1.25,min_cluster_size=3",hub,0.25,100,6,40,1730,32,0,8,1730,0.8,0.0,1.0,0.0,0.2589645331556147
fbc_tfnbs,"e=1.4,h=2.0,n=30,start_thres=1.25,min_cluster_size=3",hub,0.25,100,6,40,1730,38,0,2,1730,0.95,0.0,1.0,0.0,0.2589645331556147
fbc_tfnbs,"e=1.4,h=3.0,n=30,start_thres=1.25,min_cluster_size=3",hub,0.25,100,6,40,1730,40,0,0,1730,1.0,0.0,1.0,0.0,0.2589645331556147
fbc_tfnbs,"e=1.4,h=4.0,n=30,start_thres=1.25,min_cluster_size=3",hub,0.25,100,6,40,1730,40,0,0,1730,1.0,0.0,1.0,0.0,0.2589645331556147
fbc_tfnbs,"e=1.4,h=5.0,n=30,start_thres=1.25,min_cluster_size=3",hub,0.25,100,6,40,1730,40,0,0,1730,1.0,0.0,1.0,0.0,0.2589645331556147
fbc_tfnbs,"e=1.4,h=6.0,n=30,start_thres=1.25,min_cluster_size=3",hub,0.25,100,6,40,1730,40,0,0,1730,1.0,0.0,1.0,0.0,0.2589645331556147
fbc_tfnbs,"e=1.4,h=7.0,n=30,start_thres=1.25,min_cluster_size=3",hub,0.25,100,6,40,1730,40,0,0,1730,1.0,0.0,1.0,0.0,0.2589645331556147
fbc_tfnbs,"e=1.4,h=8.0,n=30,start_thres=1.25,min_cluster_size=3",hub,0.25,100,6,40,1730,40,0,0,1730,1.0,0.0,1.0,0.0,0.2589645331556147
fbc_tfnbs,"e=1.4,h=9.0,n=30,start_thres=1.25,min_cluster_size=3",hub,0.25,100,6,40,1730,40,0,0,1730,1.0,0.0,1.0,0.0,0.2589645331556147
fbc_tfnbs,"e=1.4,h=10.0,n=30,start_thres=1.25,min_cluster_size=3",hub,0.25,100,6,40,1730,40,0,0,1730,1.0,0.0,1.0,0.0,0.2589645331556147
fbc_tfnbs,"e=1.5,h=0.5,n=30,start_thres=1.25,min_cluster_size=3",hub,0.25,100,6,40,1730,28,0,12,1730,0.7,0.0,1.0,0.0,0.2589645331556147
fbc_tfnbs,"e=1.5,h=1.0,n=30,start_thres=1.25,min_cluster_size=3",hub,0.25,100,6,40,1730,29,0,11,1730,0.725,0.0,1.0,0.0,0.2589645331556147
fbc_tfnbs,"e=1.5,h=2.0,n=30,start_thres=1.25,min_cluster_size=3",hub,0.25,100,6,40,1730,37,0,3,1730,0.925,0.0,1.0,0.0,0.2589645331556147
fbc_tfnbs,"e=1.5,h=3.0,n=30,start_thres=1.25,min_cluster_size=3",hub,0.25,100,6,40,1730,40,0,0,1730,1.0,0.0,1.0,0.0,0.2589645331556147
fbc_tfnbs,"e=1.5,h=4.0,n=30,start_thres=1.25,min_cluster_size=3",hub,0.25,100,6,40,1730,40,0,0,1730,1.0,0.0,1.0,0.0,0.2589645331556147
fbc_tfnbs,"e=1.5,h=5.0,n=30,start_thres=1.25,min_cluster_size=3",hub,0.25,100,6,40,1730,40,0,0,1730,1.0,0.0,1.0,0.0,0.2589645331556147
fbc_tfnbs,"e=1.5,h=6.0,n=30,start_thres=1.25,min_cluster_size=3",hub,0.25,100,6,40,1730,40,0,0,1730,1.0,0.0,1.0,0.0,0.2589645331556147
fbc_tfnbs,"e=1.5,h=7.0,n=30,start_thres=1.25,min_cluster_size=3",hub,0.25,100,6,40,1730,40,0,0,1730,1.0,0.0,1.0,0.0,0.2589645331556147
fbc_tfnbs,"e=1.5,h=8.0,n=30,start_thres=1.25,min_cluster_size=3",hub,0.25,100,6,40,1730,40,0,0,1730,1.0,0.0,1.0,0.0,0.2589645331556147
fbc_tfnbs,"e=1.5,h=9.0,n=30,start_thres=1.25,min_cluster_size=3",hub,0.25,100,6,40,1730,40,0,0,1730,1.0,0.0,1.0,0.0,0.2589645331556147
fbc_tfnbs,"e=1.5,h=10.0,n=30,start_thres=1.25,min_cluster_size=3",hub,0.25,100,6,40,1730,40,0,0,1730,1.0,0.0,1.0,0.0,0.2589645331556147
fbc_tfnbs,"e=0.05,h=0.5,n=30,start_thres=1.25,min_cluster_size=3",hub,0.25,100,7,40,1730,36,4,4,1726,0.9,0.0023121387283236,0.9,0.1,0.2535196082158522
fbc_tfnbs,"e=0.05,h=1.0,n=30,start_thres=1.25,min_cluster_size=3",hub,0.25,100,7,40,1730,36,4,4,1726,0.9,0.0023121387283236,0.9,0.1,0.2535196082158522
fbc_tfnbs,"e=0.05,h=2.0,n=30,start_thres=1.25,min_cluster_size=3",hub,0.25,100,7,40,1730,36,4,4,1726,0.9,0.0023121387283236,0.9,0.1,0.2535196082158522
fbc_tfnbs,"e=0.05,h=3.0,n=30,start_thres=1.25,min_cluster_size=3",hub,0.25,100,7,40,1730,36,4,4,1726,0.9,0.0023121387283236,0.9,0.1,0.2535196082158522
fbc_tfnbs,"e=0.05,h=4.0,n=30,start_thres=1.25,min_cluster_size=3",hub,0.25,100,7,40,1730,36,4,4,1726,0.9,0.0023121387283236,0.9,0.1,0.2535196082158522
fbc_tfnbs,"e=0.05,h=5.0,n=30,start_thres=1.25,min_cluster_size=3",hub,0.25,100,7,40,1730,36,4,4,1726,0.9,0.0023121387283236,0.9,0.1,0.2535196082158522
fbc_tfnbs,"e=0.05,h=6.0,n=30,start_thres=1.25,min_cluster_size=3",hub,0.25,100,7,40,1730,36,4,4,1726,0.9,0.0023121387283236,0.9,0.1,0.2535196082158522
fbc_tfnbs,"e=0.05,h=7.0,n=30,start_thres=1.25,min_cluster_size=3",hub,0.25,100,7,40,1730,36,4,4,1726,0.9,0.0023121387283236,0.9,0.1,0.2535196082158522
fbc_tfnbs,"e=0.05,h=8.0,n=30,start_thres=1.25,min_cluster_size=3",hub,0.25,100,7,40,1730,36,4,4,1726,0.9,0.0023121387283236,0.9,0.1,0.2535196082158522
fbc_tfnbs,"e=0.05,h=9.0,n=30,start_thres=1.25,min_cluster_size=3",hub,0.25,100,7,40,1730,36,4,4,1726,0.9,0.0023121387283236,0.9,0.1,0.2535196082158522
fbc_tfnbs,"e=0.05,h=10.0,n=30,start_thres=1.25,min_cluster_size=3",hub,0.25,100,7,40,1730,36,4,4,1726,0.9,0.0023121387283236,0.9,0.1,0.2535196082158522
fbc_tfnbs,"e=0.1,h=0.5,n=30,start_thres=1.25,min_cluster_size=3",hub,0.25,100,7,40,1730,36,4,4,1726,0.9,0.0023121387283236,0.9,0.1,0.2535196082158522
fbc_tfnbs,"e=0.1,h=1.0,n=30,start_thres=1.25,min_cluster_size=3",hub,0.25,100,7,40,1730,36,4,4,1726,0.9,0.0023121387283236,0.9,0.1,0.2535196082158522
fbc_tfnbs,"e=0.1,h=2.0,n=30,start_thres=1.25,min_cluster_size=3",hub,0.25,100,7,40,1730,36,4,4,1726,0.9,0.0023121387283236,0.9,0.1,0.2535196082158522
fbc_tfnbs,"e=0.1,h=3.0,n=30,start_thres=1.25,min_cluster_size=3",hub,0.25,100,7,40,1730,36,4,4,1726,0.9,0.0023121387283236,0.9,0.1,0.2535196082158522
fbc_tfnbs,"e=0.1,h=4.0,n=30,start_thres=1.25,min_cluster_size=3",hub,0.25,100,7,40,1730,36,4,4,1726,0.9,0.0023121387283236,0.9,0.1,0.2535196082158522
fbc_tfnbs,"e=0.1,h=5.0,n=30,start_thres=1.25,min_cluster_size=3",hub,0.25,100,7,40,1730,36,4,4,1726,0.9,0.0023121387283236,0.9,0.1,0.2535196082158522
fbc_tfnbs,"e=0.1,h=6.0,n=30,start_thres=1.25,min_cluster_size=3",hub,0.25,100,7,40,1730,36,4,4,1726,0.9,0.0023121387283236,0.9,0.1,0.2535196082158522
fbc_tfnbs,"e=0.1,h=7.0,n=30,start_thres=1.25,min_cluster_size=3",hub,0.25,100,7,40,1730,36,4,4,1726,0.9,0.0023121387283236,0.9,0.1,0.2535196082158522
fbc_tfnbs,"e=0.1,h=8.0,n=30,start_thres=1.25,min_cluster_size=3",hub,0.25,100,7,40,1730,36,4,4,1726,0.9,0.0023121387283236,0.9,0.1,0.2535196082158522
fbc_tfnbs,"e=0.1,h=9.0,n=30,start_thres=1.25,min_cluster_size=3",hub,0.25,100,7,40,1730,36,4,4,1726,0.9,0.0023121387283236,0.9,0.1,0.2535196082158522
fbc_tfnbs,"e=0.1,h=10.0,n=30,start_thres=1.25,min_cluster_size=3",hub,0.25,100,7,40,1730,36,4,4,1726,0.9,0.0023121387283236,0.9,0.1,0.2535196082158522
fbc_tfnbs,"e=0.2,h=0.5,n=30,start_thres=1.25,min_cluster_size=3",hub,0.25,100,7,40,1730,36,4,4,1726,0.9,0.0023121387283236,0.9,0.1,0.2535196082158522
fbc_tfnbs,"e=0.2,h=1.0,n=30,start_thres=1.25,min_cluster_size=3",hub,0.25,100,7,40,1730,36,4,4,1726,0.9,0.0023121387283236,0.9,0.1,0.2535196082158522
fbc_tfnbs,"e=0.2,h=2.0,n=30,start_thres=1.25,min_cluster_size=3",hub,0.25,100,7,40,1730,36,4,4,1726,0.9,0.0023121387283236,0.9,0.1,0.2535196082158522
fbc_tfnbs,"e=0.2,h=3.0,n=30,start_thres=1.25,min_cluster_size=3",hub,0.25,100,7,40,1730,36,4,4,1726,0.9,0.0023121387283236,0.9,0.1,0.2535196082158522
fbc_tfnbs,"e=0.2,h=4.0,n=30,start_thres=1.25,min_cluster_size=3",hub,0.25,100,7,40,1730,36,4,4,1726,0.9,0.0023121387283236,0.9,0.1,0.2535196082158522
fbc_tfnbs,"e=0.2,h=5.0,n=30,start_thres=1.25,min_cluster_size=3",hub,0.25,100,7,40,1730,36,4,4,1726,0.9,0.0023121387283236,0.9,0.1,0.2535196082158522
fbc_tfnbs,"e=0.2,h=6.0,n=30,start_thres=1.25,min_cluster_size=3",hub,0.25,100,7,40,1730,36,4,4,1726,0.9,0.0023121387283236,0.9,0.1,0.2535196082158522
fbc_tfnbs,"e=0.2,h=7.0,n=30,start_thres=1.25,min_cluster_size=3",hub,0.25,100,7,40,1730,36,4,4,1726,0.9,0.0023121387283236,0.9,0.1,0.2535196082158522
fbc_tfnbs,"e=0.2,h=8.0,n=30,start_thres=1.25,min_cluster_size=3",hub,0.25,100,7,40,1730,36,4,4,1726,0.9,0.0023121387283236,0.9,0.1,0.2535196082158522
fbc_tfnbs,"e=0.2,h=9.0,n=30,start_thres=1.25,min_cluster_size=3",hub,0.25,100,7,40,1730,36,4,4,1726,0.9,0.0023121387283236,0.9,0.1,0.2535196082158522
fbc_tfnbs,"e=0.2,h=10.0,n=30,start_thres=1.25,min_cluster_size=3",hub,0.25,100,7,40,1730,36,4,4,1726,0.9,0.0023121387283236,0.9,0.1,0.2535196082158522
fbc_tfnbs,"e=0.3,h=0.5,n=30,start_thres=1.25,min_cluster_size=3",hub,0.25,100,7,40,1730,38,5,2,1725,0.95,0.0028901734104046,0.8837209302325582,0.1162790697674418,0.2535196082158522
fbc_tfnbs,"e=0.3,h=1.0,n=30,start_thres=1.25,min_cluster_size=3",hub,0.25,100,7,40,1730,38,5,2,1725,0.95,0.0028901734104046,0.8837209302325582,0.1162790697674418,0.2535196082158522
fbc_tfnbs,"e=0.3,h=2.0,n=30,start_thres=1.25,min_cluster_size=3",hub,0.25,100,7,40,1730,38,5,2,1725,0.95,0.0028901734104046,0.8837209302325582,0.1162790697674418,0.2535196082158522
fbc_tfnbs,"e=0.3,h=3.0,n=30,start_thres=1.25,min_cluster_size=3",hub,0.25,100,7,40,1730,36,4,4,1726,0.9,0.0023121387283236,0.9,0.1,0.2535196082158522
fbc_tfnbs,"e=0.3,h=4.0,n=30,start_thres=1.25,min_cluster_size=3",hub,0.25,100,7,40,1730,36,4,4,1726,0.9,0.0023121387283236,0.9,0.1,0.2535196082158522
fbc_tfnbs,"e=0.3,h=5.0,n=30,start_thres=1.25,min_cluster_size=3",hub,0.25,100,7,40,1730,36,4,4,1726,0.9,0.0023121387283236,0.9,0.1,0.2535196082158522
fbc_tfnbs,"e=0.3,h=6.0,n=30,start_thres=1.25,min_cluster_size=3",hub,0.25,100,7,40,1730,36,4,4,1726,0.9,0.0023121387283236,0.9,0.1,0.2535196082158522
fbc_tfnbs,"e=0.3,h=7.0,n=30,start_thres=1.25,min_cluster_size=3",hub,0.25,100,7,40,1730,36,4,4,1726,0.9,0.0023121387283236,0.9,0.1,0.2535196082158522
fbc_tfnbs,"e=0.3,h=8.0,n=30,start_thres=1.25,min_cluster_size=3",hub,0.25,100,7,40,1730,36,4,4,1726,0.9,0.0023121387283236,0.9,0.1,0.2535196082158522
fbc_tfnbs,"e=0.3,h=9.0,n=30,start_thres=1.25,min_cluster_size=3",hub,0.25,100,7,40,1730,36,4,4,1726,0.9,0.0023121387283236,0.9,0.1,0.2535196082158522
fbc_tfnbs,"e=0.3,h=10.0,n=30,start_thres=1.25,min_cluster_size=3",hub,0.25,100,7,40,1730,36,4,4,1726,0.9,0.0023121387283236,0.9,0.1,0.2535196082158522
fbc_tfnbs,"e=0.4,h=0.5,n=30,start_thres=1.25,min_cluster_size=3",hub,0.25,100,7,40,1730,38,5,2,1725,0.95,0.0028901734104046,0.8837209302325582,0.1162790697674418,0.2535196082158522
fbc_tfnbs,"e=0.4,h=1.0,n=30,start_thres=1.25,min_cluster_size=3",hub,0.25,100,7,40,1730,38,5,2,1725,0.95,0.0028901734104046,0.8837209302325582,0.1162790697674418,0.2535196082158522
fbc_tfnbs,"e=0.4,h=2.0,n=30,start_thres=1.25,min_cluster_size=3",hub,0.25,100,7,40,1730,38,5,2,1725,0.95,0.0028901734104046,0.8837209302325582,0.1162790697674418,0.2535196082158522
fbc_tfnbs,"e=0.4,h=3.0,n=30,start_thres=1.25,min_cluster_size=3",hub,0.25,100,7,40,1730,38,5,2,1725,0.95,0.0028901734104046,0.8837209302325582,0.1162790697674418,0.2535196082158522
fbc_tfnbs,"e=0.4,h=4.0,n=30,start_thres=1.25,min_cluster_size=3",hub,0.25,100,7,40,1730,38,5,2,1725,0.95,0.0028901734104046,0.8837209302325582,0.1162790697674418,0.2535196082158522
fbc_tfnbs,"e=0.4,h=5.0,n=30,start_thres=1.25,min_cluster_size=3",hub,0.25,100,7,40,1730,38,5,2,1725,0.95,0.0028901734104046,0.8837209302325582,0.1162790697674418,0.2535196082158522
fbc_tfnbs,"e=0.4,h=6.0,n=30,start_thres=1.25,min_cluster_size=3",hub,0.25,100,7,40,1730,36,4,4,1726,0.9,0.0023121387283236,0.9,0.1,0.2535196082158522
fbc_tfnbs,"e=0.4,h=7.0,n=30,start_thres=1.25,min_cluster_size=3",hub,0.25,100,7,40,1730,36,4,4,1726,0.9,0.0023121387283236,0.9,0.1,0.2535196082158522
fbc_tfnbs,"e=0.4,h=8.0,n=30,start_thres=1.25,min_cluster_size=3",hub,0.25,100,7,40,1730,36,4,4,1726,0.9,0.0023121387283236,0.9,0.1,0.2535196082158522
fbc_tfnbs,"e=0.4,h=9.0,n=30,start_thres=1.25,min_cluster_size=3",hub,0.25,100,7,40,1730,36,4,4,1726,0.9,0.0023121387283236,0.9,0.1,0.2535196082158522
fbc_tfnbs,"e=0.4,h=10.0,n=30,start_thres=1.25,min_cluster_size=3",hub,0.25,100,7,40,1730,36,4,4,1726,0.9,0.0023121387283236,0.9,0.1,0.2535196082158522
fbc_tfnbs,"e=0.5,h=0.5,n=30,start_thres=1.25,min_cluster_size=3",hub,0.25,100,7,40,1730,38,5,2,1725,0.95,0.0028901734104046,0.8837209302325582,0.1162790697674418,0.2535196082158522
fbc_tfnbs,"e=0.5,h=1.0,n=30,start_thres=1.25,min_cluster_size=3",hub,0.25,100,7,40,1730,38,5,2,1725,0.95,0.0028901734104046,0.8837209302325582,0.1162790697674418,0.2535196082158522
fbc_tfnbs,"e=0.5,h=2.0,n=30,start_thres=1.25,min_cluster_size=3",hub,0.25,100,7,40,1730,38,5,2,1725,0.95,0.0028901734104046,0.8837209302325582,0.1162790697674418,0.2535196082158522
fbc_tfnbs,"e=0.5,h=3.0,n=30,start_thres=1.25,min_cluster_size=3",hub,0.25,100,7,40,1730,38,5,2,1725,0.95,0.0028901734104046,0.8837209302325582,0.1162790697674418,0.2535196082158522
fbc_tfnbs,"e=0.5,h=4.0,n=30,start_thres=1.25,min_cluster_size=3",hub,0.25,100,7,40,1730,38,5,2,1725,0.95,0.0028901734104046,0.8837209302325582,0.1162790697674418,0.2535196082158522
fbc_tfnbs,"e=0.5,h=5.0,n=30,start_thres=1.25,min_cluster_size=3",hub,0.25,100,7,40,1730,38,5,2,1725,0.95,0.0028901734104046,0.8837209302325582,0.1162790697674418,0.2535196082158522
fbc_tfnbs,"e=0.5,h=6.0,n=30,start_thres=1.25,min_cluster_size=3",hub,0.25,100,7,40,1730,38,5,2,1725,0.95,0.0028901734104046,0.8837209302325582,0.1162790697674418,0.2535196082158522
fbc_tfnbs,"e=0.5,h=7.0,n=30,start_thres=1.25,min_cluster_size=3",hub,0.25,100,7,40,1730,38,5,2,1725,0.95,0.0028901734104046,0.8837209302325582,0.1162790697674418,0.2535196082158522
fbc_tfnbs,"e=0.5,h=8.0,n=30,start_thres=1.25,min_cluster_size=3",hub,0.25,100,7,40,1730,36,4,4,1726,0.9,0.0023121387283236,0.9,0.1,0.2535196082158522
fbc_tfnbs,"e=0.5,h=9.0,n=30,start_thres=1.25,min_cluster_size=3",hub,0.25,100,7,40,1730,36,4,4,1726,0.9,0.0023121387283236,0.9,0.1,0.2535196082158522
fbc_tfnbs,"e=0.5,h=10.0,n=30,start_thres=1.25,min_cluster_size=3",hub,0.25,100,7,40,1730,36,4,4,1726,0.9,0.0023121387283236,0.9,0.1,0.2535196082158522
fbc_tfnbs,"e=0.6,h=0.5,n=30,start_thres=1.25,min_cluster_size=3",hub,0.25,100,7,40,1730,38,6,2,1724,0.95,0.0034682080924855,0.8636363636363636,0.1363636363636363,0.2535196082158522
fbc_tfnbs,"e=0.6,h=1.0,n=30,start_thres=1.25,min_cluster_size=3",hub,0.25,100,7,40,1730,38,6,2,1724,0.95,0.0034682080924855,0.8636363636363636,0.1363636363636363,0.2535196082158522
fbc_tfnbs,"e=0.6,h=2.0,n=30,start_thres=1.25,min_cluster_size=3",hub,0.25,100,7,40,1730,38,5,2,1725,0.95,0.0028901734104046,0.8837209302325582,0.1162790697674418,0.2535196082158522
fbc_tfnbs,"e=0.6,h=3.0,n=30,start_thres=1.25,min_cluster_size=3",hub,0.25,100,7,40,1730,38,5,2,1725,0.95,0.0028901734104046,0.8837209302325582,0.1162790697674418,0.2535196082158522
fbc_tfnbs,"e=0.6,h=4.0,n=30,start_thres=1.25,min_cluster_size=3",hub,0.25,100,7,40,1730,38,5,2,1725,0.95,0.0028901734104046,0.8837209302325582,0.1162790697674418,0.2535196082158522
fbc_tfnbs,"e=0.6,h=5.0,n=30,start_thres=1.25,min_cluster_size=3",hub,0.25,100,7,40,1730,38,5,2,1725,0.95,0.0028901734104046,0.8837209302325582,0.1162790697674418,0.2535196082158522
fbc_tfnbs,"e=0.6,h=6.0,n=30,start_thres=1.25,min_cluster_size=3",hub,0.25,100,7,40,1730,38,5,2,1725,0.95,0.0028901734104046,0.8837209302325582,0.1162790697674418,0.2535196082158522
fbc_tfnbs,"e=0.6,h=7.0,n=30,start_thres=1.25,min_cluster_size=3",hub,0.25,100,7,40,1730,38,5,2,1725,0.95,0.0028901734104046,0.8837209302325582,0.1162790697674418,0.2535196082158522
fbc_tfnbs,"e=0.6,h=8.0,n=30,start_thres=1.25,min_cluster_size=3",hub,0.25,100,7,40,1730,38,5,2,1725,0.95,0.0028901734104046,0.8837209302325582,0.1162790697674418,0.2535196082158522
fbc_tfnbs,"e=0.6,h=9.0,n=30,start_thres=1.25,min_cluster_size=3",hub,0.25,100,7,40,1730,38,5,2,1725,0.95,0.0028901734104046,0.8837209302325582,0.1162790697674418,0.2535196082158522
fbc_tfnbs,"e=0.6,h=10.0,n=30,start_thres=1.25,min_cluster_size=3",hub,0.25,100,7,40,1730,36,4,4,1726,0.9,0.0023121387283236,0.9,0.1,0.2535196082158522
fbc_tfnbs,"e=0.7,h=0.5,n=30,start_thres=1.25,min_cluster_size=3",hub,0.25,100,7,40,1730,38,6,2,1724,0.95,0.0034682080924855,0.8636363636363636,0.1363636363636363,0.2535196082158522
fbc_tfnbs,"e=0.7,h=1.0,n=30,start_thres=1.25,min_cluster_size=3",hub,0.25,100,7,40,1730,38,6,2,1724,0.95,0.0034682080924855,0.8636363636363636,0.1363636363636363,0.2535196082158522
fbc_tfnbs,"e=0.7,h=2.0,n=30,start_thres=1.25,min_cluster_size=3",hub,0.25,100,7,40,1730,38,6,2,1724,0.95,0.0034682080924855,0.8636363636363636,0.1363636363636363,0.2535196082158522
fbc_tfnbs,"e=0.7,h=3.0,n=30,start_thres=1.25,min_cluster_size=3",hub,0.25,100,7,40,1730,38,6,2,1724,0.95,0.0034682080924855,0.8636363636363636,0.1363636363636363,0.2535196082158522
fbc_tfnbs,"e=0.7,h=4.0,n=30,start_thres=1.25,min_cluster_size=3",hub,0.25,100,7,40,1730,38,5,2,1725,0.95,0.0028901734104046,0.8837209302325582,0.1162790697674418,0.2535196082158522
fbc_tfnbs,"e=0.7,h=5.0,n=30,start_thres=1.25,min_cluster_size=3",hub,0.25,100,7,40,1730,38,5,2,1725,0.95,0.0028901734104046,0.8837209302325582,0.1162790697674418,0.2535196082158522
fbc_tfnbs,"e=0.7,h=6.0,n=30,start_thres=1.25,min_cluster_size=3",hub,0.25,100,7,40,1730,38,5,2,1725,0.95,0.0028901734104046,0.8837209302325582,0.1162790697674418,0.2535196082158522
fbc_tfnbs,"e=0.7,h=7.0,n=30,start_thres=1.25,min_cluster_size=3",hub,0.25,100,7,40,1730,38,5,2,1725,0.95,0.0028901734104046,0.8837209302325582,0.1162790697674418,0.2535196082158522
fbc_tfnbs,"e=0.7,h=8.0,n=30,start_thres=1.25,min_cluster_size=3",hub,0.25,100,7,40,1730,38,5,2,1725,0.95,0.0028901734104046,0.8837209302325582,0.1162790697674418,0.2535196082158522
fbc_tfnbs,"e=0.7,h=9.0,n=30,start_thres=1.25,min_cluster_size=3",hub,0.25,100,7,40,1730,38,5,2,1725,0.95,0.0028901734104046,0.8837209302325582,0.1162790697674418,0.2535196082158522
fbc_tfnbs,"e=0.7,h=10.0,n=30,start_thres=1.25,min_cluster_size=3",hub,0.25,100,7,40,1730,38,5,2,1725,0.95,0.0028901734104046,0.8837209302325582,0.1162790697674418,0.2535196082158522
fbc_tfnbs,"e=0.8,h=0.5,n=30,start_thres=1.25,min_cluster_size=3",hub,0.25,100,7,40,1730,38,6,2,1724,0.95,0.0034682080924855,0.8636363636363636,0.1363636363636363,0.2535196082158522
fbc_tfnbs,"e=0.8,h=1.0,n=30,start_thres=1.25,min_cluster_size=3",hub,0.25,100,7,40,1730,38,6,2,1724,0.95,0.0034682080924855,0.8636363636363636,0.1363636363636363,0.2535196082158522
fbc_tfnbs,"e=0.8,h=2.0,n=30,start_thres=1.25,min_cluster_size=3",hub,0.25,100,7,40,1730,38,6,2,1724,0.95,0.0034682080924855,0.8636363636363636,0.1363636363636363,0.2535196082158522
fbc_tfnbs,"e=0.8,h=3.0,n=30,start_thres=1.25,min_cluster_size=3",hub,0.25,100,7,40,1730,38,6,2,1724,0.95,0.0034682080924855,0.8636363636363636,0.1363636363636363,0.2535196082158522
fbc_tfnbs,"e=0.8,h=4.0,n=30,start_thres=1.25,min_cluster_size=3",hub,0.25,100,7,40,1730,38,6,2,1724,0.95,0.0034682080924855,0.8636363636363636,0.1363636363636363,0.2535196082158522
fbc_tfnbs,"e=0.8,h=5.0,n=30,start_thres=1.25,min_cluster_size=3",hub,0.25,100,7,40,1730,38,5,2,1725,0.95,0.0028901734104046,0.8837209302325582,0.1162790697674418,0.2535196082158522
fbc_tfnbs,"e=0.8,h=6.0,n=30,start_thres=1.25,min_cluster_size=3",hub,0.25,100,7,40,1730,38,5,2,1725,0.95,0.0028901734104046,0.8837209302325582,0.1162790697674418,0.2535196082158522
fbc_tfnbs,"e=0.8,h=7.0,n=30,start_thres=1.25,min_cluster_size=3",hub,0.25,100,7,40,1730,38,5,2,1725,0.95,0.0028901734104046,0.8837209302325582,0.1162790697674418,0.2535196082158522
fbc_tfnbs,"e=0.8,h=8.0,n=30,start_thres=1.25,min_cluster_size=3",hub,0.25,100,7,40,1730,38,5,2,1725,0.95,0.0028901734104046,0.8837209302325582,0.1162790697674418,0.2535196082158522
fbc_tfnbs,"e=0.8,h=9.0,n=30,start_thres=1.25,min_cluster_size=3",hub,0.25,100,7,40,1730,38,5,2,1725,0.95,0.0028901734104046,0.8837209302325582,0.1162790697674418,0.2535196082158522
fbc_tfnbs,"e=0.8,h=10.0,n=30,start_thres=1.25,min_cluster_size=3",hub,0.25,100,7,40,1730,38,5,2,1725,0.95,0.0028901734104046,0.8837209302325582,0.1162790697674418,0.2535196082158522
fbc_tfnbs,"e=0.9,h=0.5,n=30,start_thres=1.25,min_cluster_size=3",hub,0.25,100,7,40,1730,38,6,2,1724,0.95,0.0034682080924855,0.8636363636363636,0.1363636363636363,0.2535196082158522
fbc_tfnbs,"e=0.9,h=1.0,n=30,start_thres=1.25,min_cluster_size=3",hub,0.25,100,7,40,1730,38,6,2,1724,0.95,0.0034682080924855,0.8636363636363636,0.1363636363636363,0.2535196082158522
fbc_tfnbs,"e=0.9,h=2.0,n=30,start_thres=1.25,min_cluster_size=3",hub,0.25,100,7,40,1730,38,6,2,1724,0.95,0.0034682080924855,0.8636363636363636,0.1363636363636363,0.2535196082158522
fbc_tfnbs,"e=0.9,h=3.0,n=30,start_thres=1.25,min_cluster_size=3",hub,0.25,100,7,40,1730,38,6,2,1724,0.95,0.0034682080924855,0.8636363636363636,0.1363636363636363,0.2535196082158522
fbc_tfnbs,"e=0.9,h=4.0,n=30,start_thres=1.25,min_cluster_size=3",hub,0.25,100,7,40,1730,38,6,2,1724,0.95,0.0034682080924855,0.8636363636363636,0.1363636363636363,0.2535196082158522
fbc_tfnbs,"e=0.9,h=5.0,n=30,start_thres=1.25,min_cluster_size=3",hub,0.25,100,7,40,1730,38,6,2,1724,0.95,0.0034682080924855,0.8636363636363636,0.1363636363636363,0.2535196082158522
fbc_tfnbs,"e=0.9,h=6.0,n=30,start_thres=1.25,min_cluster_size=3",hub,0.25,100,7,40,1730,38,6,2,1724,0.95,0.0034682080924855,0.8636363636363636,0.1363636363636363,0.2535196082158522
fbc_tfnbs,"e=0.9,h=7.0,n=30,start_thres=1.25,min_cluster_size=3",hub,0.25,100,7,40,1730,38,5,2,1725,0.95,0.0028901734104046,0.8837209302325582,0.1162790697674418,0.2535196082158522
fbc_tfnbs,"e=0.9,h=8.0,n=30,start_thres=1.25,min_cluster_size=3",hub,0.25,100,7,40,1730,38,5,2,1725,0.95,0.0028901734104046,0.8837209302325582,0.1162790697674418,0.2535196082158522
fbc_tfnbs,"e=0.9,h=9.0,n=30,start_thres=1.25,min_cluster_size=3",hub,0.25,100,7,40,1730,38,5,2,1725,0.95,0.0028901734104046,0.8837209302325582,0.1162790697674418,0.2535196082158522
fbc_tfnbs,"e=0.9,h=10.0,n=30,start_thres=1.25,min_cluster_size=3",hub,0.25,100,7,40,1730,38,5,2,1725,0.95,0.0028901734104046,0.8837209302325582,0.1162790697674418,0.2535196082158522
fbc_tfnbs,"e=1.0,h=0.5,n=30,start_thres=1.25,min_cluster_size=3",hub,0.25,100,7,40,1730,38,8,2,1722,0.95,0.0046242774566473,0.8260869565217391,0.1739130434782608,0.2535196082158522
fbc_tfnbs,"e=1.0,h=1.0,n=30,start_thres=1.25,min_cluster_size=3",hub,0.25,100,7,40,1730,38,9,2,1721,0.95,0.0052023121387283,0.8085106382978723,0.1914893617021276,0.2535196082158522
fbc_tfnbs,"e=1.0,h=2.0,n=30,start_thres=1.25,min_cluster_size=3",hub,0.25,100,7,40,1730,38,10,2,1720,0.95,0.0057803468208092,0.7916666666666666,0.2083333333333333,0.2535196082158522
fbc_tfnbs,"e=1.0,h=3.0,n=30,start_thres=1.25,min_cluster_size=3",hub,0.25,100,7,40,1730,38,10,2,1720,0.95,0.0057803468208092,0.7916666666666666,0.2083333333333333,0.2535196082158522
fbc_tfnbs,"e=1.0,h=4.0,n=30,start_thres=1.25,min_cluster_size=3",hub,0.25,100,7,40,1730,38,6,2,1724,0.95,0.0034682080924855,0.8636363636363636,0.1363636363636363,0.2535196082158522
fbc_tfnbs,"e=1.0,h=5.0,n=30,start_thres=1.25,min_cluster_size=3",hub,0.25,100,7,40,1730,38,6,2,1724,0.95,0.0034682080924855,0.8636363636363636,0.1363636363636363,0.2535196082158522
fbc_tfnbs,"e=1.0,h=6.0,n=30,start_thres=1.25,min_cluster_size=3",hub,0.25,100,7,40,1730,38,6,2,1724,0.95,0.0034682080924855,0.8636363636363636,0.1363636363636363,0.2535196082158522
fbc_tfnbs,"e=1.0,h=7.0,n=30,start_thres=1.25,min_cluster_size=3",hub,0.25,100,7,40,1730,38,6,2,1724,0.95,0.0034682080924855,0.8636363636363636,0.1363636363636363,0.2535196082158522
fbc_tfnbs,"e=1.0,h=8.0,n=30,start_thres=1.25,min_cluster_size=3",hub,0.25,100,7,40,1730,38,5,2,1725,0.95,0.0028901734104046,0.8837209302325582,0.1162790697674418,0.2535196082158522
fbc_tfnbs,"e=1.0,h=9.0,n=30,start_thres=1.25,min_cluster_size=3",hub,0.25,100,7,40,1730,38,5,2,1725,0.95,0.0028901734104046,0.8837209302325582,0.1162790697674418,0.2535196082158522
fbc_tfnbs,"e=1.0,h=10.0,n=30,start_thres=1.25,min_cluster_size=3",hub,0.25,100,7,40,1730,38,5,2,1725,0.95,0.0028901734104046,0.8837209302325582,0.1162790697674418,0.2535196082158522
fbc_tfnbs,"e=1.1,h=0.5,n=30,start_thres=1.25,min_cluster_size=3",hub,0.25,100,7,40,1730,38,12,2,1718,0.95,0.006936416184971,0.76,0.24,0.2535196082158522
fbc_tfnbs,"e=1.1,h=1.0,n=30,start_thres=1.25,min_cluster_size=3",hub,0.25,100,7,40,1730,38,13,2,1717,0.95,0.007514450867052,0.7450980392156863,0.2549019607843137,0.2535196082158522
fbc_tfnbs,"e=1.1,h=2.0,n=30,start_thres=1.25,min_cluster_size=3",hub,0.25,100,7,40,1730,38,13,2,1717,0.95,0.007514450867052,0.7450980392156863,0.2549019607843137,0.2535196082158522
fbc_tfnbs,"e=1.1,h=3.0,n=30,start_thres=1.25,min_cluster_size=3",hub,0.25,100,7,40,1730,38,13,2,1717,0.95,0.007514450867052,0.7450980392156863,0.2549019607843137,0.2535196082158522
fbc_tfnbs,"e=1.1,h=4.0,n=30,start_thres=1.25,min_cluster_size=3",hub,0.25,100,7,40,1730,38,10,2,1720,0.95,0.0057803468208092,0.7916666666666666,0.2083333333333333,0.2535196082158522
fbc_tfnbs,"e=1.1,h=5.0,n=30,start_thres=1.25,min_cluster_size=3",hub,0.25,100,7,40,1730,38,6,2,1724,0.95,0.0034682080924855,0.8636363636363636,0.1363636363636363,0.2535196082158522
fbc_tfnbs,"e=1.1,h=6.0,n=30,start_thres=1.25,min_cluster_size=3",hub,0.25,100,7,40,1730,38,6,2,1724,0.95,0.0034682080924855,0.8636363636363636,0.1363636363636363,0.2535196082158522
fbc_tfnbs,"e=1.1,h=7.0,n=30,start_thres=1.25,min_cluster_size=3",hub,0.25,100,7,40,1730,38,6,2,1724,0.95,0.0034682080924855,0.8636363636363636,0.1363636363636363,0.2535196082158522
fbc_tfnbs,"e=1.1,h=8.0,n=30,start_thres=1.25,min_cluster_size=3",hub,0.25,100,7,40,1730,38,6,2,1724,0.95,0.0034682080924855,0.8636363636363636,0.1363636363636363,0.2535196082158522
fbc_tfnbs,"e=1.1,h=9.0,n=30,start_thres=1.25,min_cluster_size=3",hub,0.25,100,7,40,1730,38,5,2,1725,0.95,0.0028901734104046,0.8837209302325582,0.1162790697674418,0.2535196082158522
fbc_tfnbs,"e=1.1,h=10.0,n=30,start_thres=1.25,min_cluster_size=3",hub,0.25,100,7,40,1730,38,5,2,1725,0.95,0.0028901734104046,0.8837209302325582,0.1162790697674418,0.2535196082158522
fbc_tfnbs,"e=1.2,h=0.5,n=30,start_thres=1.25,min_cluster_size=3",hub,0.25,100,7,40,1730,38,12,2,1718,0.95,0.006936416184971,0.76,0.24,0.2535196082158522
fbc_tfnbs,"e=1.2,h=1.0,n=30,start_thres=1.25,min_cluster_size=3",hub,0.25,100,7,40,1730,38,12,2,1718,0.95,0.006936416184971,0.76,0.24,0.2535196082158522
fbc_tfnbs,"e=1.2,h=2.0,n=30,start_thres=1.25,min_cluster_size=3",hub,0.25,100,7,40,1730,38,13,2,1717,0.95,0.007514450867052,0.7450980392156863,0.2549019607843137,0.2535196082158522
fbc_tfnbs,"e=1.2,h=3.0,n=30,start_thres=1.25,min_cluster_size=3",hub,0.25,100,7,40,1730,38,13,2,1717,0.95,0.007514450867052,0.7450980392156863,0.2549019607843137,0.2535196082158522
fbc_tfnbs,"e=1.2,h=4.0,n=30,start_thres=1.25,min_cluster_size=3",hub,0.25,100,7,40,1730,38,13,2,1717,0.95,0.007514450867052,0.7450980392156863,0.2549019607843137,0.2535196082158522
fbc_tfnbs,"e=1.2,h=5.0,n=30,start_thres=1.25,min_cluster_size=3",hub,0.25,100,7,40,1730,38,10,2,1720,0.95,0.0057803468208092,0.7916666666666666,0.2083333333333333,0.2535196082158522
fbc_tfnbs,"e=1.2,h=6.0,n=30,start_thres=1.25,min_cluster_size=3",hub,0.25,100,7,40,1730,38,6,2,1724,0.95,0.0034682080924855,0.8636363636363636,0.1363636363636363,0.2535196082158522
fbc_tfnbs,"e=1.2,h=7.0,n=30,start_thres=1.25,min_cluster_size=3",hub,0.25,100,7,40,1730,38,6,2,1724,0.95,0.0034682080924855,0.8636363636363636,0.1363636363636363,0.2535196082158522
fbc_tfnbs,"e=1.2,h=8.0,n=30,start_thres=1.25,min_cluster_size=3",hub,0.25,100,7,40,1730,38,6,2,1724,0.95,0.0034682080924855,0.8636363636363636,0.1363636363636363,0.2535196082158522
fbc_tfnbs,"e=1.2,h=9.0,n=30,start_thres=1.25,min_cluster_size=3",hub,0.25,100,7,40,1730,38,6,2,1724,0.95,0.0034682080924855,0.8636363636363636,0.1363636363636363,0.2535196082158522
fbc_tfnbs,"e=1.2,h=10.0,n=30,start_thres=1.25,min_cluster_size=3",hub,0.25,100,7,40,1730,38,5,2,1725,0.95,0.0028901734104046,0.8837209302325582,0.1162790697674418,0.2535196082158522
fbc_tfnbs,"e=1.3,h=0.5,n=30,start_thres=1.25,min_cluster_size=3",hub,0.25,100,7,40,1730,38,12,2,1718,0.95,0.006936416184971,0.76,0.24,0.2535196082158522
fbc_tfnbs,"e=1.3,h=1.0,n=30,start_thres=1.25,min_cluster_size=3",hub,0.25,100,7,40,1730,38,12,2,1718,0.95,0.006936416184971,0.76,0.24,0.2535196082158522
fbc_tfnbs,"e=1.3,h=2.0,n=30,start_thres=1.25,min_cluster_size=3",hub,0.25,100,7,40,1730,38,13,2,1717,0.95,0.007514450867052,0.7450980392156863,0.2549019607843137,0.2535196082158522
fbc_tfnbs,"e=1.3,h=3.0,n=30,start_thres=1.25,min_cluster_size=3",hub,0.25,100,7,40,1730,38,13,2,1717,0.95,0.007514450867052,0.7450980392156863,0.2549019607843137,0.2535196082158522
fbc_tfnbs,"e=1.3,h=4.0,n=30,start_thres=1.25,min_cluster_size=3",hub,0.25,100,7,40,1730,38,13,2,1717,0.95,0.007514450867052,0.7450980392156863,0.2549019607843137,0.2535196082158522
fbc_tfnbs,"e=1.3,h=5.0,n=30,start_thres=1.25,min_cluster_size=3",hub,0.25,100,7,40,1730,38,13,2,1717,0.95,0.007514450867052,0.7450980392156863,0.2549019607843137,0.2535196082158522
fbc_tfnbs,"e=1.3,h=6.0,n=30,start_thres=1.25,min_cluster_size=3",hub,0.25,100,7,40,1730,38,10,2,1720,0.95,0.0057803468208092,0.7916666666666666,0.2083333333333333,0.2535196082158522
fbc_tfnbs,"e=1.3,h=7.0,n=30,start_thres=1.25,min_cluster_size=3",hub,0.25,100,7,40,1730,38,6,2,1724,0.95,0.0034682080924855,0.8636363636363636,0.1363636363636363,0.2535196082158522
fbc_tfnbs,"e=1.3,h=8.0,n=30,start_thres=1.25,min_cluster_size=3",hub,0.25,100,7,40,1730,38,6,2,1724,0.95,0.0034682080924855,0.8636363636363636,0.1363636363636363,0.2535196082158522
fbc_tfnbs,"e=1.3,h=9.0,n=30,start_thres=1.25,min_cluster_size=3",hub,0.25,100,7,40,1730,38,6,2,1724,0.95,0.0034682080924855,0.8636363636363636,0.1363636363636363,0.2535196082158522
fbc_tfnbs,"e=1.3,h=10.0,n=30,start_thres=1.25,min_cluster_size=3",hub,0.25,100,7,40,1730,38,6,2,1724,0.95,0.0034682080924855,0.8636363636363636,0.1363636363636363,0.2535196082158522
fbc_tfnbs,"e=1.4,h=0.5,n=30,start_thres=1.25,min_cluster_size=3",hub,0.25,100,7,40,1730,38,12,2,1718,0.95,0.006936416184971,0.76,0.24,0.2535196082158522
fbc_tfnbs,"e=1.4,h=1.0,n=30,start_thres=1.25,min_cluster_size=3",hub,0.25,100,7,40,1730,38,12,2,1718,0.95,0.006936416184971,0.76,0.24,0.2535196082158522
fbc_tfnbs,"e=1.4,h=2.0,n=30,start_thres=1.25,min_cluster_size=3",hub,0.25,100,7,40,1730,38,13,2,1717,0.95,0.007514450867052,0.7450980392156863,0.2549019607843137,0.2535196082158522
fbc_tfnbs,"e=1.4,h=3.0,n=30,start_thres=1.25,min_cluster_size=3",hub,0.25,100,7,40,1730,38,13,2,1717,0.95,0.007514450867052,0.7450980392156863,0.2549019607843137,0.2535196082158522
fbc_tfnbs,"e=1.4,h=4.0,n=30,start_thres=1.25,min_cluster_size=3",hub,0.25,100,7,40,1730,38,13,2,1717,0.95,0.007514450867052,0.7450980392156863,0.2549019607843137,0.2535196082158522
fbc_tfnbs,"e=1.4,h=5.0,n=30,start_thres=1.25,min_cluster_size=3",hub,0.25,100,7,40,1730,38,13,2,1717,0.95,0.007514450867052,0.7450980392156863,0.2549019607843137,0.2535196082158522
fbc_tfnbs,"e=1.4,h=6.0,n=30,start_thres=1.25,min_cluster_size=3",hub,0.25,100,7,40,1730,38,13,2,1717,0.95,0.007514450867052,0.7450980392156863,0.2549019607843137,0.2535196082158522
fbc_tfnbs,"e=1.4,h=7.0,n=30,start_thres=1.25,min_cluster_size=3",hub,0.25,100,7,40,1730,38,10,2,1720,0.95,0.0057803468208092,0.7916666666666666,0.2083333333333333,0.2535196082158522
fbc_tfnbs,"e=1.4,h=8.0,n=30,start_thres=1.25,min_cluster_size=3",hub,0.25,100,7,40,1730,38,6,2,1724,0.95,0.0034682080924855,0.8636363636363636,0.1363636363636363,0.2535196082158522
fbc_tfnbs,"e=1.4,h=9.0,n=30,start_thres=1.25,min_cluster_size=3",hub,0.25,100,7,40,1730,38,6,2,1724,0.95,0.0034682080924855,0.8636363636363636,0.1363636363636363,0.2535196082158522
fbc_tfnbs,"e=1.4,h=10.0,n=30,start_thres=1.25,min_cluster_size=3",hub,0.25,100,7,40,1730,38,6,2,1724,0.95,0.0034682080924855,0.8636363636363636,0.1363636363636363,0.2535196082158522
fbc_tfnbs,"e=1.5,h=0.5,n=30,start_thres=1.25,min_cluster_size=3",hub,0.25,100,7,40,1730,38,12,2,1718,0.95,0.006936416184971,0.76,0.24,0.2535196082158522
fbc_tfnbs,"e=1.5,h=1.0,n=30,start_thres=1.25,min_cluster_size=3",hub,0.25,100,7,40,1730,38,12,2,1718,0.95,0.006936416184971,0.76,0.24,0.2535196082158522
fbc_tfnbs,"e=1.5,h=2.0,n=30,start_thres=1.25,min_cluster_size=3",hub,0.25,100,7,40,1730,38,13,2,1717,0.95,0.007514450867052,0.7450980392156863,0.2549019607843137,0.2535196082158522
fbc_tfnbs,"e=1.5,h=3.0,n=30,start_thres=1.25,min_cluster_size=3",hub,0.25,100,7,40,1730,38,13,2,1717,0.95,0.007514450867052,0.7450980392156863,0.2549019607843137,0.2535196082158522
fbc_tfnbs,"e=1.5,h=4.0,n=30,start_thres=1.25,min_cluster_size=3",hub,0.25,100,7,40,1730,38,13,2,1717,0.95,0.007514450867052,0.7450980392156863,0.2549019607843137,0.2535196082158522
fbc_tfnbs,"e=1.5,h=5.0,n=30,start_thres=1.25,min_cluster_size=3",hub,0.25,100,7,40,1730,38,13,2,1717,0.95,0.007514450867052,0.7450980392156863,0.2549019607843137,0.2535196082158522
fbc_tfnbs,"e=1.5,h=6.0,n=30,start_thres=1.25,min_cluster_size=3",hub,0.25,100,7,40,1730,38,13,2,1717,0.95,0.007514450867052,0.7450980392156863,0.2549019607843137,0.2535196082158522
fbc_tfnbs,"e=1.5,h=7.0,n=30,start_thres=1.25,min_cluster_size=3",hub,0.25,100,7,40,1730,38,13,2,1717,0.95,0.007514450867052,0.7450980392156863,0.2549019607843137,0.2535196082158522
fbc_tfnbs,"e=1.5,h=8.0,n=30,start_thres=1.25,min_cluster_size=3",hub,0.25,100,7,40,1730,38,10,2,1720,0.95,0.0057803468208092,0.7916666666666666,0.2083333333333333,0.2535196082158522
fbc_tfnbs,"e=1.5,h=9.0,n=30,start_thres=1.25,min_cluster_size=3",hub,0.25,100,7,40,1730,38,6,2,1724,0.95,0.0034682080924855,0.8636363636363636,0.1363636363636363,0.2535196082158522
fbc_tfnbs,"e=1.5,h=10.0,n=30,start_thres=1.25,min_cluster_size=3",hub,0.25,100,7,40,1730,38,6,2,1724,0.95,0.0034682080924855,0.8636363636363636,0.1363636363636363,0.2535196082158522
fbc_tfnbs,"e=0.05,h=0.5,n=30,start_thres=1.25,min_cluster_size=3",hub,0.25,100,8,40,1730,30,0,10,1730,0.75,0.0,1.0,0.0,0.2582546662200581
fbc_tfnbs,"e=0.05,h=1.0,n=30,start_thres=1.25,min_cluster_size=3",hub,0.25,100,8,40,1730,30,0,10,1730,0.75,0.0,1.0,0.0,0.2582546662200581
fbc_tfnbs,"e=0.05,h=2.0,n=30,start_thres=1.25,min_cluster_size=3",hub,0.25,100,8,40,1730,30,0,10,1730,0.75,0.0,1.0,0.0,0.2582546662200581
fbc_tfnbs,"e=0.05,h=3.0,n=30,start_thres=1.25,min_cluster_size=3",hub,0.25,100,8,40,1730,30,0,10,1730,0.75,0.0,1.0,0.0,0.2582546662200581
fbc_tfnbs,"e=0.05,h=4.0,n=30,start_thres=1.25,min_cluster_size=3",hub,0.25,100,8,40,1730,30,0,10,1730,0.75,0.0,1.0,0.0,0.2582546662200581
fbc_tfnbs,"e=0.05,h=5.0,n=30,start_thres=1.25,min_cluster_size=3",hub,0.25,100,8,40,1730,30,0,10,1730,0.75,0.0,1.0,0.0,0.2582546662200581
fbc_tfnbs,"e=0.05,h=6.0,n=30,start_thres=1.25,min_cluster_size=3",hub,0.25,100,8,40,1730,30,0,10,1730,0.75,0.0,1.0,0.0,0.2582546662200581
fbc_tfnbs,"e=0.05,h=7.0,n=30,start_thres=1.25,min_cluster_size=3",hub,0.25,100,8,40,1730,30,0,10,1730,0.75,0.0,1.0,0.0,0.2582546662200581
fbc_tfnbs,"e=0.05,h=8.0,n=30,start_thres=1.25,min_cluster_size=3",hub,0.25,100,8,40,1730,30,0,10,1730,0.75,0.0,1.0,0.0,0.2582546662200581
fbc_tfnbs,"e=0.05,h=9.0,n=30,start_thres=1.25,min_cluster_size=3",hub,0.25,100,8,40,1730,30,0,10,1730,0.75,0.0,1.0,0.0,0.2582546662200581
fbc_tfnbs,"e=0.05,h=10.0,n=30,start_thres=1.25,min_cluster_size=3",hub,0.25,100,8,40,1730,30,0,10,1730,0.75,0.0,1.0,0.0,0.2582546662200581
fbc_tfnbs,"e=0.1,h=0.5,n=30,start_thres=1.25,min_cluster_size=3",hub,0.25,100,8,40,1730,30,0,10,1730,0.75,0.0,1.0,0.0,0.2582546662200581
fbc_tfnbs,"e=0.1,h=1.0,n=30,start_thres=1.25,min_cluster_size=3",hub,0.25,100,8,40,1730,30,0,10,1730,0.75,0.0,1.0,0.0,0.2582546662200581
fbc_tfnbs,"e=0.1,h=2.0,n=30,start_thres=1.25,min_cluster_size=3",hub,0.25,100,8,40,1730,30,0,10,1730,0.75,0.0,1.0,0.0,0.2582546662200581
fbc_tfnbs,"e=0.1,h=3.0,n=30,start_thres=1.25,min_cluster_size=3",hub,0.25,100,8,40,1730,30,0,10,1730,0.75,0.0,1.0,0.0,0.2582546662200581
fbc_tfnbs,"e=0.1,h=4.0,n=30,start_thres=1.25,min_cluster_size=3",hub,0.25,100,8,40,1730,30,0,10,1730,0.75,0.0,1.0,0.0,0.2582546662200581
fbc_tfnbs,"e=0.1,h=5.0,n=30,start_thres=1.25,min_cluster_size=3",hub,0.25,100,8,40,1730,30,0,10,1730,0.75,0.0,1.0,0.0,0.2582546662200581
fbc_tfnbs,"e=0.1,h=6.0,n=30,start_thres=1.25,min_cluster_size=3",hub,0.25,100,8,40,1730,30,0,10,1730,0.75,0.0,1.0,0.0,0.2582546662200581
fbc_tfnbs,"e=0.1,h=7.0,n=30,start_thres=1.25,min_cluster_size=3",hub,0.25,100,8,40,1730,30,0,10,1730,0.75,0.0,1.0,0.0,0.2582546662200581
fbc_tfnbs,"e=0.1,h=8.0,n=30,start_thres=1.25,min_cluster_size=3",hub,0.25,100,8,40,1730,30,0,10,1730,0.75,0.0,1.0,0.0,0.2582546662200581
fbc_tfnbs,"e=0.1,h=9.0,n=30,start_thres=1.25,min_cluster_size=3",hub,0.25,100,8,40,1730,30,0,10,1730,0.75,0.0,1.0,0.0,0.2582546662200581
fbc_tfnbs,"e=0.1,h=10.0,n=30,start_thres=1.25,min_cluster_size=3",hub,0.25,100,8,40,1730,30,0,10,1730,0.75,0.0,1.0,0.0,0.2582546662200581
fbc_tfnbs,"e=0.2,h=0.5,n=30,start_thres=1.25,min_cluster_size=3",hub,0.25,100,8,40,1730,28,0,12,1730,0.7,0.0,1.0,0.0,0.2582546662200581
fbc_tfnbs,"e=0.2,h=1.0,n=30,start_thres=1.25,min_cluster_size=3",hub,0.25,100,8,40,1730,30,0,10,1730,0.75,0.0,1.0,0.0,0.2582546662200581
fbc_tfnbs,"e=0.2,h=2.0,n=30,start_thres=1.25,min_cluster_size=3",hub,0.25,100,8,40,1730,30,0,10,1730,0.75,0.0,1.0,0.0,0.2582546662200581
fbc_tfnbs,"e=0.2,h=3.0,n=30,start_thres=1.25,min_cluster_size=3",hub,0.25,100,8,40,1730,30,0,10,1730,0.75,0.0,1.0,0.0,0.2582546662200581
fbc_tfnbs,"e=0.2,h=4.0,n=30,start_thres=1.25,min_cluster_size=3",hub,0.25,100,8,40,1730,30,0,10,1730,0.75,0.0,1.0,0.0,0.2582546662200581
fbc_tfnbs,"e=0.2,h=5.0,n=30,start_thres=1.25,min_cluster_size=3",hub,0.25,100,8,40,1730,30,0,10,1730,0.75,0.0,1.0,0.0,0.2582546662200581
fbc_tfnbs,"e=0.2,h=6.0,n=30,start_thres=1.25,min_cluster_size=3",hub,0.25,100,8,40,1730,30,0,10,1730,0.75,0.0,1.0,0.0,0.2582546662200581
fbc_tfnbs,"e=0.2,h=7.0,n=30,start_thres=1.25,min_cluster_size=3",hub,0.25,100,8,40,1730,30,0,10,1730,0.75,0.0,1.0,0.0,0.2582546662200581
fbc_tfnbs,"e=0.2,h=8.0,n=30,start_thres=1.25,min_cluster_size=3",hub,0.25,100,8,40,1730,30,0,10,1730,0.75,0.0,1.0,0.0,0.2582546662200581
fbc_tfnbs,"e=0.2,h=9.0,n=30,start_thres=1.25,min_cluster_size=3",hub,0.25,100,8,40,1730,30,0,10,1730,0.75,0.0,1.0,0.0,0.2582546662200581
fbc_tfnbs,"e=0.2,h=10.0,n=30,start_thres=1.25,min_cluster_size=3",hub,0.25,100,8,40,1730,30,0,10,1730,0.75,0.0,1.0,0.0,0.2582546662200581
fbc_tfnbs,"e=0.3,h=0.5,n=30,start_thres=1.25,min_cluster_size=3",hub,0.25,100,8,40,1730,28,0,12,1730,0.7,0.0,1.0,0.0,0.2582546662200581
fbc_tfnbs,"e=0.3,h=1.0,n=30,start_thres=1.25,min_cluster_size=3",hub,0.25,100,8,40,1730,28,0,12,1730,0.7,0.0,1.0,0.0,0.2582546662200581
fbc_tfnbs,"e=0.3,h=2.0,n=30,start_thres=1.25,min_cluster_size=3",hub,0.25,100,8,40,1730,30,0,10,1730,0.75,0.0,1.0,0.0,0.2582546662200581
fbc_tfnbs,"e=0.3,h=3.0,n=30,start_thres=1.25,min_cluster_size=3",hub,0.25,100,8,40,1730,30,0,10,1730,0.75,0.0,1.0,0.0,0.2582546662200581
fbc_tfnbs,"e=0.3,h=4.0,n=30,start_thres=1.25,min_cluster_size=3",hub,0.25,100,8,40,1730,30,0,10,1730,0.75,0.0,1.0,0.0,0.2582546662200581
fbc_tfnbs,"e=0.3,h=5.0,n=30,start_thres=1.25,min_cluster_size=3",hub,0.25,100,8,40,1730,30,0,10,1730,0.75,0.0,1.0,0.0,0.2582546662200581
fbc_tfnbs,"e=0.3,h=6.0,n=30,start_thres=1.25,min_cluster_size=3",hub,0.25,100,8,40,1730,30,0,10,1730,0.75,0.0,1.0,0.0,0.2582546662200581
fbc_tfnbs,"e=0.3,h=7.0,n=30,start_thres=1.25,min_cluster_size=3",hub,0.25,100,8,40,1730,30,0,10,1730,0.75,0.0,1.0,0.0,0.2582546662200581
fbc_tfnbs,"e=0.3,h=8.0,n=30,start_thres=1.25,min_cluster_size=3",hub,0.25,100,8,40,1730,30,0,10,1730,0.75,0.0,1.0,0.0,0.2582546662200581
fbc_tfnbs,"e=0.3,h=9.0,n=30,start_thres=1.25,min_cluster_size=3",hub,0.25,100,8,40,1730,30,0,10,1730,0.75,0.0,1.0,0.0,0.2582546662200581
fbc_tfnbs,"e=0.3,h=10.0,n=30,start_thres=1.25,min_cluster_size=3",hub,0.25,100,8,40,1730,30,0,10,1730,0.75,0.0,1.0,0.0,0.2582546662200581
fbc_tfnbs,"e=0.4,h=0.5,n=30,start_thres=1.25,min_cluster_size=3",hub,0.25,100,8,40,1730,28,0,12,1730,0.7,0.0,1.0,0.0,0.2582546662200581
fbc_tfnbs,"e=0.4,h=1.0,n=30,start_thres=1.25,min_cluster_size=3",hub,0.25,100,8,40,1730,28,0,12,1730,0.7,0.0,1.0,0.0,0.2582546662200581
fbc_tfnbs,"e=0.4,h=2.0,n=30,start_thres=1.25,min_cluster_size=3",hub,0.25,100,8,40,1730,30,0,10,1730,0.75,0.0,1.0,0.0,0.2582546662200581
fbc_tfnbs,"e=0.4,h=3.0,n=30,start_thres=1.25,min_cluster_size=3",hub,0.25,100,8,40,1730,30,0,10,1730,0.75,0.0,1.0,0.0,0.2582546662200581
fbc_tfnbs,"e=0.4,h=4.0,n=30,start_thres=1.25,min_cluster_size=3",hub,0.25,100,8,40,1730,30,0,10,1730,0.75,0.0,1.0,0.0,0.2582546662200581
fbc_tfnbs,"e=0.4,h=5.0,n=30,start_thres=1.25,min_cluster_size=3",hub,0.25,100,8,40,1730,30,0,10,1730,0.75,0.0,1.0,0.0,0.2582546662200581
fbc_tfnbs,"e=0.4,h=6.0,n=30,start_thres=1.25,min_cluster_size=3",hub,0.25,100,8,40,1730,30,0,10,1730,0.75,0.0,1.0,0.0,0.2582546662200581
fbc_tfnbs,"e=0.4,h=7.0,n=30,start_thres=1.25,min_cluster_size=3",hub,0.25,100,8,40,1730,30,0,10,1730,0.75,0.0,1.0,0.0,0.2582546662200581
fbc_tfnbs,"e=0.4,h=8.0,n=30,start_thres=1.25,min_cluster_size=3",hub,0.25,100,8,40,1730,30,0,10,1730,0.75,0.0,1.0,0.0,0.2582546662200581
fbc_tfnbs,"e=0.4,h=9.0,n=30,start_thres=1.25,min_cluster_size=3",hub,0.25,100,8,40,1730,30,0,10,1730,0.75,0.0,1.0,0.0,0.2582546662200581
fbc_tfnbs,"e=0.4,h=10.0,n=30,start_thres=1.25,min_cluster_size=3",hub,0.25,100,8,40,1730,30,0,10,1730,0.75,0.0,1.0,0.0,0.2582546662200581
fbc_tfnbs,"e=0.5,h=0.5,n=30,start_thres=1.25,min_cluster_size=3",hub,0.25,100,8,40,1730,27,0,13,1730,0.675,0.0,1.0,0.0,0.2582546662200581
fbc_tfnbs,"e=0.5,h=1.0,n=30,start_thres=1.25,min_cluster_size=3",hub,0.25,100,8,40,1730,28,0,12,1730,0.7,0.0,1.0,0.0,0.2582546662200581
fbc_tfnbs,"e=0.5,h=2.0,n=30,start_thres=1.25,min_cluster_size=3",hub,0.25,100,8,40,1730,30,0,10,1730,0.75,0.0,1.0,0.0,0.2582546662200581
fbc_tfnbs,"e=0.5,h=3.0,n=30,start_thres=1.25,min_cluster_size=3",hub,0.25,100,8,40,1730,30,0,10,1730,0.75,0.0,1.0,0.0,0.2582546662200581
fbc_tfnbs,"e=0.5,h=4.0,n=30,start_thres=1.25,min_cluster_size=3",hub,0.25,100,8,40,1730,30,0,10,1730,0.75,0.0,1.0,0.0,0.2582546662200581
fbc_tfnbs,"e=0.5,h=5.0,n=30,start_thres=1.25,min_cluster_size=3",hub,0.25,100,8,40,1730,30,0,10,1730,0.75,0.0,1.0,0.0,0.2582546662200581
fbc_tfnbs,"e=0.5,h=6.0,n=30,start_thres=1.25,min_cluster_size=3",hub,0.25,100,8,40,1730,30,0,10,1730,0.75,0.0,1.0,0.0,0.2582546662200581
fbc_tfnbs,"e=0.5,h=7.0,n=30,start_thres=1.25,min_cluster_size=3",hub,0.25,100,8,40,1730,30,0,10,1730,0.75,0.0,1.0,0.0,0.2582546662200581
fbc_tfnbs,"e=0.5,h=8.0,n=30,start_thres=1.25,min_cluster_size=3",hub,0.25,100,8,40,1730,30,0,10,1730,0.75,0.0,1.0,0.0,0.2582546662200581
fbc_tfnbs,"e=0.5,h=9.0,n=30,start_thres=1.25,min_cluster_size=3",hub,0.25,100,8,40,1730,30,0,10,1730,0.75,0.0,1.0,0.0,0.2582546662200581
fbc_tfnbs,"e=0.5,h=10.0,n=30,start_thres=1.25,min_cluster_size=3",hub,0.25,100,8,40,1730,30,0,10,1730,0.75,0.0,1.0,0.0,0.2582546662200581
fbc_tfnbs,"e=0.6,h=0.5,n=30,start_thres=1.25,min_cluster_size=3",hub,0.25,100,8,40,1730,27,0,13,1730,0.675,0.0,1.0,0.0,0.2582546662200581
fbc_tfnbs,"e=0.6,h=1.0,n=30,start_thres=1.25,min_cluster_size=3",hub,0.25,100,8,40,1730,28,0,12,1730,0.7,0.0,1.0,0.0,0.2582546662200581
fbc_tfnbs,"e=0.6,h=2.0,n=30,start_thres=1.25,min_cluster_size=3",hub,0.25,100,8,40,1730,28,0,12,1730,0.7,0.0,1.0,0.0,0.2582546662200581
fbc_tfnbs,"e=0.6,h=3.0,n=30,start_thres=1.25,min_cluster_size=3",hub,0.25,100,8,40,1730,30,0,10,1730,0.75,0.0,1.0,0.0,0.2582546662200581
fbc_tfnbs,"e=0.6,h=4.0,n=30,start_thres=1.25,min_cluster_size=3",hub,0.25,100,8,40,1730,30,0,10,1730,0.75,0.0,1.0,0.0,0.2582546662200581
fbc_tfnbs,"e=0.6,h=5.0,n=30,start_thres=1.25,min_cluster_size=3",hub,0.25,100,8,40,1730,30,0,10,1730,0.75,0.0,1.0,0.0,0.2582546662200581
fbc_tfnbs,"e=0.6,h=6.0,n=30,start_thres=1.25,min_cluster_size=3",hub,0.25,100,8,40,1730,30,0,10,1730,0.75,0.0,1.0,0.0,0.2582546662200581
fbc_tfnbs,"e=0.6,h=7.0,n=30,start_thres=1.25,min_cluster_size=3",hub,0.25,100,8,40,1730,30,0,10,1730,0.75,0.0,1.0,0.0,0.2582546662200581
fbc_tfnbs,"e=0.6,h=8.0,n=30,start_thres=1.25,min_cluster_size=3",hub,0.25,100,8,40,1730,30,0,10,1730,0.75,0.0,1.0,0.0,0.2582546662200581
fbc_tfnbs,"e=0.6,h=9.0,n=30,start_thres=1.25,min_cluster_size=3",hub,0.25,100,8,40,1730,30,0,10,1730,0.75,0.0,1.0,0.0,0.2582546662200581
fbc_tfnbs,"e=0.6,h=10.0,n=30,start_thres=1.25,min_cluster_size=3",hub,0.25,100,8,40,1730,30,0,10,1730,0.75,0.0,1.0,0.0,0.2582546662200581
fbc_tfnbs,"e=0.7,h=0.5,n=30,start_thres=1.25,min_cluster_size=3",hub,0.25,100,8,40,1730,24,0,16,1730,0.6,0.0,1.0,0.0,0.2582546662200581
fbc_tfnbs,"e=0.7,h=1.0,n=30,start_thres=1.25,min_cluster_size=3",hub,0.25,100,8,40,1730,27,0,13,1730,0.675,0.0,1.0,0.0,0.2582546662200581
fbc_tfnbs,"e=0.7,h=2.0,n=30,start_thres=1.25,min_cluster_size=3",hub,0.25,100,8,40,1730,28,0,12,1730,0.7,0.0,1.0,0.0,0.2582546662200581
fbc_tfnbs,"e=0.7,h=3.0,n=30,start_thres=1.25,min_cluster_size=3",hub,0.25,100,8,40,1730,30,0,10,1730,0.75,0.0,1.0,0.0,0.2582546662200581
fbc_tfnbs,"e=0.7,h=4.0,n=30,start_thres=1.25,min_cluster_size=3",hub,0.25,100,8,40,1730,30,0,10,1730,0.75,0.0,1.0,0.0,0.2582546662200581
fbc_tfnbs,"e=0.7,h=5.0,n=30,start_thres=1.25,min_cluster_size=3",hub,0.25,100,8,40,1730,32,0,8,1730,0.8,0.0,1.0,0.0,0.2582546662200581
fbc_tfnbs,"e=0.7,h=6.0,n=30,start_thres=1.25,min_cluster_size=3",hub,0.25,100,8,40,1730,32,0,8,1730,0.8,0.0,1.0,0.0,0.2582546662200581
fbc_tfnbs,"e=0.7,h=7.0,n=30,start_thres=1.25,min_cluster_size=3",hub,0.25,100,8,40,1730,32,0,8,1730,0.8,0.0,1.0,0.0,0.2582546662200581
fbc_tfnbs,"e=0.7,h=8.0,n=30,start_thres=1.25,min_cluster_size=3",hub,0.25,100,8,40,1730,32,0,8,1730,0.8,0.0,1.0,0.0,0.2582546662200581
fbc_tfnbs,"e=0.7,h=9.0,n=30,start_thres=1.25,min_cluster_size=3",hub,0.25,100,8,40,1730,32,0,8,1730,0.8,0.0,1.0,0.0,0.2582546662200581
fbc_tfnbs,"e=0.7,h=10.0,n=30,start_thres=1.25,min_cluster_size=3",hub,0.25,100,8,40,1730,30,0,10,1730,0.75,0.0,1.0,0.0,0.2582546662200581
fbc_tfnbs,"e=0.8,h=0.5,n=30,start_thres=1.25,min_cluster_size=3",hub,0.25,100,8,40,1730,23,0,17,1730,0.575,0.0,1.0,0.0,0.2582546662200581
fbc_tfnbs,"e=0.8,h=1.0,n=30,start_thres=1.25,min_cluster_size=3",hub,0.25,100,8,40,1730,24,0,16,1730,0.6,0.0,1.0,0.0,0.2582546662200581
fbc_tfnbs,"e=0.8,h=2.0,n=30,start_thres=1.25,min_cluster_size=3",hub,0.25,100,8,40,1730,28,0,12,1730,0.7,0.0,1.0,0.0,0.2582546662200581
fbc_tfnbs,"e=0.8,h=3.0,n=30,start_thres=1.25,min_cluster_size=3",hub,0.25,100,8,40,1730,30,0,10,1730,0.75,0.0,1.0,0.0,0.2582546662200581
fbc_tfnbs,"e=0.8,h=4.0,n=30,start_thres=1.25,min_cluster_size=3",hub,0.25,100,8,40,1730,32,0,8,1730,0.8,0.0,1.0,0.0,0.2582546662200581
fbc_tfnbs,"e=0.8,h=5.0,n=30,start_thres=1.25,min_cluster_size=3",hub,0.25,100,8,40,1730,32,0,8,1730,0.8,0.0,1.0,0.0,0.2582546662200581
fbc_tfnbs,"e=0.8,h=6.0,n=30,start_thres=1.25,min_cluster_size=3",hub,0.25,100,8,40,1730,32,0,8,1730,0.8,0.0,1.0,0.0,0.2582546662200581
fbc_tfnbs,"e=0.8,h=7.0,n=30,start_thres=1.25,min_cluster_size=3",hub,0.25,100,8,40,1730,32,0,8,1730,0.8,0.0,1.0,0.0,0.2582546662200581
fbc_tfnbs,"e=0.8,h=8.0,n=30,start_thres=1.25,min_cluster_size=3",hub,0.25,100,8,40,1730,32,0,8,1730,0.8,0.0,1.0,0.0,0.2582546662200581
fbc_tfnbs,"e=0.8,h=9.0,n=30,start_thres=1.25,min_cluster_size=3",hub,0.25,100,8,40,1730,32,0,8,1730,0.8,0.0,1.0,0.0,0.2582546662200581
fbc_tfnbs,"e=0.8,h=10.0,n=30,start_thres=1.25,min_cluster_size=3",hub,0.25,100,8,40,1730,32,0,8,1730,0.8,0.0,1.0,0.0,0.2582546662200581
fbc_tfnbs,"e=0.9,h=0.5,n=30,start_thres=1.25,min_cluster_size=3",hub,0.25,100,8,40,1730,23,0,17,1730,0.575,0.0,1.0,0.0,0.2582546662200581
fbc_tfnbs,"e=0.9,h=1.0,n=30,start_thres=1.25,min_cluster_size=3",hub,0.25,100,8,40,1730,23,0,17,1730,0.575,0.0,1.0,0.0,0.2582546662200581
fbc_tfnbs,"e=0.9,h=2.0,n=30,start_thres=1.25,min_cluster_size=3",hub,0.25,100,8,40,1730,27,0,13,1730,0.675,0.0,1.0,0.0,0.2582546662200581
fbc_tfnbs,"e=0.9,h=3.0,n=30,start_thres=1.25,min_cluster_size=3",hub,0.25,100,8,40,1730,28,0,12,1730,0.7,0.0,1.0,0.0,0.2582546662200581
fbc_tfnbs,"e=0.9,h=4.0,n=30,start_thres=1.25,min_cluster_size=3",hub,0.25,100,8,40,1730,32,0,8,1730,0.8,0.0,1.0,0.0,0.2582546662200581
fbc_tfnbs,"e=0.9,h=5.0,n=30,start_thres=1.25,min_cluster_size=3",hub,0.25,100,8,40,1730,32,0,8,1730,0.8,0.0,1.0,0.0,0.2582546662200581
fbc_tfnbs,"e=0.9,h=6.0,n=30,start_thres=1.25,min_cluster_size=3",hub,0.25,100,8,40,1730,32,0,8,1730,0.8,0.0,1.0,0.0,0.2582546662200581
fbc_tfnbs,"e=0.9,h=7.0,n=30,start_thres=1.25,min_cluster_size=3",hub,0.25,100,8,40,1730,32,0,8,1730,0.8,0.0,1.0,0.0,0.2582546662200581
fbc_tfnbs,"e=0.9,h=8.0,n=30,start_thres=1.25,min_cluster_size=3",hub,0.25,100,8,40,1730,32,0,8,1730,0.8,0.0,1.0,0.0,0.2582546662200581
fbc_tfnbs,"e=0.9,h=9.0,n=30,start_thres=1.25,min_cluster_size=3",hub,0.25,100,8,40,1730,32,0,8,1730,0.8,0.0,1.0,0.0,0.2582546662200581
fbc_tfnbs,"e=0.9,h=10.0,n=30,start_thres=1.25,min_cluster_size=3",hub,0.25,100,8,40,1730,32,0,8,1730,0.8,0.0,1.0,0.0,0.2582546662200581
fbc_tfnbs,"e=1.0,h=0.5,n=30,start_thres=1.25,min_cluster_size=3",hub,0.25,100,8,40,1730,21,0,19,1730,0.525,0.0,1.0,0.0,0.2582546662200581
fbc_tfnbs,"e=1.0,h=1.0,n=30,start_thres=1.25,min_cluster_size=3",hub,0.25,100,8,40,1730,23,0,17,1730,0.575,0.0,1.0,0.0,0.2582546662200581
fbc_tfnbs,"e=1.0,h=2.0,n=30,start_thres=1.25,min_cluster_size=3",hub,0.25,100,8,40,1730,24,0,16,1730,0.6,0.0,1.0,0.0,0.2582546662200581
fbc_tfnbs,"e=1.0,h=3.0,n=30,start_thres=1.25,min_cluster_size=3",hub,0.25,100,8,40,1730,28,0,12,1730,0.7,0.0,1.0,0.0,0.2582546662200581
fbc_tfnbs,"e=1.0,h=4.0,n=30,start_thres=1.25,min_cluster_size=3",hub,0.25,100,8,40,1730,30,0,10,1730,0.75,0.0,1.0,0.0,0.2582546662200581
fbc_tfnbs,"e=1.0,h=5.0,n=30,start_thres=1.25,min_cluster_size=3",hub,0.25,100,8,40,1730,32,0,8,1730,0.8,0.0,1.0,0.0,0.2582546662200581
fbc_tfnbs,"e=1.0,h=6.0,n=30,start_thres=1.25,min_cluster_size=3",hub,0.25,100,8,40,1730,32,0,8,1730,0.8,0.0,1.0,0.0,0.2582546662200581
fbc_tfnbs,"e=1.0,h=7.0,n=30,start_thres=1.25,min_cluster_size=3",hub,0.25,100,8,40,1730,32,0,8,1730,0.8,0.0,1.0,0.0,0.2582546662200581
fbc_tfnbs,"e=1.0,h=8.0,n=30,start_thres=1.25,min_cluster_size=3",hub,0.25,100,8,40,1730,33,0,7,1730,0.825,0.0,1.0,0.0,0.2582546662200581
fbc_tfnbs,"e=1.0,h=9.0,n=30,start_thres=1.25,min_cluster_size=3",hub,0.25,100,8,40,1730,33,0,7,1730,0.825,0.0,1.0,0.0,0.2582546662200581
fbc_tfnbs,"e=1.0,h=10.0,n=30,start_thres=1.25,min_cluster_size=3",hub,0.25,100,8,40,1730,33,0,7,1730,0.825,0.0,1.0,0.0,0.2582546662200581
fbc_tfnbs,"e=1.1,h=0.5,n=30,start_thres=1.25,min_cluster_size=3",hub,0.25,100,8,40,1730,21,0,19,1730,0.525,0.0,1.0,0.0,0.2582546662200581
fbc_tfnbs,"e=1.1,h=1.0,n=30,start_thres=1.25,min_cluster_size=3",hub,0.25,100,8,40,1730,23,0,17,1730,0.575,0.0,1.0,0.0,0.2582546662200581
fbc_tfnbs,"e=1.1,h=2.0,n=30,start_thres=1.25,min_cluster_size=3",hub,0.25,100,8,40,1730,24,0,16,1730,0.6,0.0,1.0,0.0,0.2582546662200581
fbc_tfnbs,"e=1.1,h=3.0,n=30,start_thres=1.25,min_cluster_size=3",hub,0.25,100,8,40,1730,28,0,12,1730,0.7,0.0,1.0,0.0,0.2582546662200581
fbc_tfnbs,"e=1.1,h=4.0,n=30,start_thres=1.25,min_cluster_size=3",hub,0.25,100,8,40,1730,30,0,10,1730,0.75,0.0,1.0,0.0,0.2582546662200581
fbc_tfnbs,"e=1.1,h=5.0,n=30,start_thres=1.25,min_cluster_size=3",hub,0.25,100,8,40,1730,32,0,8,1730,0.8,0.0,1.0,0.0,0.2582546662200581
fbc_tfnbs,"e=1.1,h=6.0,n=30,start_thres=1.25,min_cluster_size=3",hub,0.25,100,8,40,1730,32,0,8,1730,0.8,0.0,1.0,0.0,0.2582546662200581
fbc_tfnbs,"e=1.1,h=7.0,n=30,start_thres=1.25,min_cluster_size=3",hub,0.25,100,8,40,1730,32,0,8,1730,0.8,0.0,1.0,0.0,0.2582546662200581
fbc_tfnbs,"e=1.1,h=8.0,n=30,start_thres=1.25,min_cluster_size=3",hub,0.25,100,8,40,1730,33,0,7,1730,0.825,0.0,1.0,0.0,0.2582546662200581
fbc_tfnbs,"e=1.1,h=9.0,n=30,start_thres=1.25,min_cluster_size=3",hub,0.25,100,8,40,1730,33,0,7,1730,0.825,0.0,1.0,0.0,0.2582546662200581
fbc_tfnbs,"e=1.1,h=10.0,n=30,start_thres=1.25,min_cluster_size=3",hub,0.25,100,8,40,1730,33,0,7,1730,0.825,0.0,1.0,0.0,0.2582546662200581
fbc_tfnbs,"e=1.2,h=0.5,n=30,start_thres=1.25,min_cluster_size=3",hub,0.25,100,8,40,1730,20,0,20,1730,0.5,0.0,1.0,0.0,0.2582546662200581
fbc_tfnbs,"e=1.2,h=1.0,n=30,start_thres=1.25,min_cluster_size=3",hub,0.25,100,8,40,1730,21,0,19,1730,0.525,0.0,1.0,0.0,0.2582546662200581
fbc_tfnbs,"e=1.2,h=2.0,n=30,start_thres=1.25,min_cluster_size=3",hub,0.25,100,8,40,1730,23,0,17,1730,0.575,0.0,1.0,0.0,0.2582546662200581
fbc_tfnbs,"e=1.2,h=3.0,n=30,start_thres=1.25,min_cluster_size=3",hub,0.25,100,8,40,1730,27,0,13,1730,0.675,0.0,1.0,0.0,0.2582546662200581
fbc_tfnbs,"e=1.2,h=4.0,n=30,start_thres=1.25,min_cluster_size=3",hub,0.25,100,8,40,1730,28,0,12,1730,0.7,0.0,1.0,0.0,0.2582546662200581
fbc_tfnbs,"e=1.2,h=5.0,n=30,start_thres=1.25,min_cluster_size=3",hub,0.25,100,8,40,1730,32,0,8,1730,0.8,0.0,1.0,0.0,0.2582546662200581
fbc_tfnbs,"e=1.2,h=6.0,n=30,start_thres=1.25,min_cluster_size=3",hub,0.25,100,8,40,1730,32,0,8,1730,0.8,0.0,1.0,0.0,0.2582546662200581
fbc_tfnbs,"e=1.2,h=7.0,n=30,start_thres=1.25,min_cluster_size=3",hub,0.25,100,8,40,1730,32,0,8,1730,0.8,0.0,1.0,0.0,0.2582546662200581
fbc_tfnbs,"e=1.2,h=8.0,n=30,start_thres=1.25,min_cluster_size=3",hub,0.25,100,8,40,1730,33,0,7,1730,0.825,0.0,1.0,0.0,0.2582546662200581
fbc_tfnbs,"e=1.2,h=9.0,n=30,start_thres=1.25,min_cluster_size=3",hub,0.25,100,8,40,1730,33,0,7,1730,0.825,0.0,1.0,0.0,0.2582546662200581
fbc_tfnbs,"e=1.2,h=10.0,n=30,start_thres=1.25,min_cluster_size=3",hub,0.25,100,8,40,1730,33,0,7,1730,0.825,0.0,1.0,0.0,0.2582546662200581
fbc_tfnbs,"e=1.3,h=0.5,n=30,start_thres=1.25,min_cluster_size=3",hub,0.25,100,8,40,1730,15,0,25,1730,0.375,0.0,1.0,0.0,0.2582546662200581
fbc_tfnbs,"e=1.3,h=1.0,n=30,start_thres=1.25,min_cluster_size=3",hub,0.25,100,8,40,1730,20,0,20,1730,0.5,0.0,1.0,0.0,0.2582546662200581
fbc_tfnbs,"e=1.3,h=2.0,n=30,start_thres=1.25,min_cluster_size=3",hub,0.25,100,8,40,1730,23,0,17,1730,0.575,0.0,1.0,0.0,0.2582546662200581
fbc_tfnbs,"e=1.3,h=3.0,n=30,start_thres=1.25,min_cluster_size=3",hub,0.25,100,8,40,1730,24,0,16,1730,0.6,0.0,1.0,0.0,0.2582546662200581
fbc_tfnbs,"e=1.3,h=4.0,n=30,start_thres=1.25,min_cluster_size=3",hub,0.25,100,8,40,1730,28,0,12,1730,0.7,0.0,1.0,0.0,0.2582546662200581
fbc_tfnbs,"e=1.3,h=5.0,n=30,start_thres=1.25,min_cluster_size=3",hub,0.25,100,8,40,1730,32,0,8,1730,0.8,0.0,1.0,0.0,0.2582546662200581
fbc_tfnbs,"e=1.3,h=6.0,n=30,start_thres=1.25,min_cluster_size=3",hub,0.25,100,8,40,1730,32,0,8,1730,0.8,0.0,1.0,0.0,0.2582546662200581
fbc_tfnbs,"e=1.3,h=7.0,n=30,start_thres=1.25,min_cluster_size=3",hub,0.25,100,8,40,1730,32,0,8,1730,0.8,0.0,1.0,0.0,0.2582546662200581
fbc_tfnbs,"e=1.3,h=8.0,n=30,start_thres=1.25,min_cluster_size=3",hub,0.25,100,8,40,1730,33,0,7,1730,0.825,0.0,1.0,0.0,0.2582546662200581
fbc_tfnbs,"e=1.3,h=9.0,n=30,start_thres=1.25,min_cluster_size=3",hub,0.25,100,8,40,1730,33,0,7,1730,0.825,0.0,1.0,0.0,0.2582546662200581
fbc_tfnbs,"e=1.3,h=10.0,n=30,start_thres=1.25,min_cluster_size=3",hub,0.25,100,8,40,1730,33,0,7,1730,0.825,0.0,1.0,0.0,0.2582546662200581
fbc_tfnbs,"e=1.4,h=0.5,n=30,start_thres=1.25,min_cluster_size=3",hub,0.25,100,8,40,1730,14,0,26,1730,0.35,0.0,1.0,0.0,0.2582546662200581
fbc_tfnbs,"e=1.4,h=1.0,n=30,start_thres=1.25,min_cluster_size=3",hub,0.25,100,8,40,1730,17,0,23,1730,0.425,0.0,1.0,0.0,0.2582546662200581
fbc_tfnbs,"e=1.4,h=2.0,n=30,start_thres=1.25,min_cluster_size=3",hub,0.25,100,8,40,1730,23,0,17,1730,0.575,0.0,1.0,0.0,0.2582546662200581
fbc_tfnbs,"e=1.4,h=3.0,n=30,start_thres=1.25,min_cluster_size=3",hub,0.25,100,8,40,1730,23,0,17,1730,0.575,0.0,1.0,0.0,0.2582546662200581
fbc_tfnbs,"e=1.4,h=4.0,n=30,start_thres=1.25,min_cluster_size=3",hub,0.25,100,8,40,1730,27,0,13,1730,0.675,0.0,1.0,0.0,0.2582546662200581
fbc_tfnbs,"e=1.4,h=5.0,n=30,start_thres=1.25,min_cluster_size=3",hub,0.25,100,8,40,1730,30,0,10,1730,0.75,0.0,1.0,0.0,0.2582546662200581
fbc_tfnbs,"e=1.4,h=6.0,n=30,start_thres=1.25,min_cluster_size=3",hub,0.25,100,8,40,1730,32,0,8,1730,0.8,0.0,1.0,0.0,0.2582546662200581
fbc_tfnbs,"e=1.4,h=7.0,n=30,start_thres=1.25,min_cluster_size=3",hub,0.25,100,8,40,1730,32,0,8,1730,0.8,0.0,1.0,0.0,0.2582546662200581
fbc_tfnbs,"e=1.4,h=8.0,n=30,start_thres=1.25,min_cluster_size=3",hub,0.25,100,8,40,1730,33,0,7,1730,0.825,0.0,1.0,0.0,0.2582546662200581
fbc_tfnbs,"e=1.4,h=9.0,n=30,start_thres=1.25,min_cluster_size=3",hub,0.25,100,8,40,1730,33,0,7,1730,0.825,0.0,1.0,0.0,0.2582546662200581
fbc_tfnbs,"e=1.4,h=10.0,n=30,start_thres=1.25,min_cluster_size=3",hub,0.25,100,8,40,1730,33,0,7,1730,0.825,0.0,1.0,0.0,0.2582546662200581
fbc_tfnbs,"e=1.5,h=0.5,n=30,start_thres=1.25,min_cluster_size=3",hub,0.25,100,8,40,1730,11,0,29,1730,0.275,0.0,1.0,0.0,0.2582546662200581
fbc_tfnbs,"e=1.5,h=1.0,n=30,start_thres=1.25,min_cluster_size=3",hub,0.25,100,8,40,1730,15,0,25,1730,0.375,0.0,1.0,0.0,0.2582546662200581
fbc_tfnbs,"e=1.5,h=2.0,n=30,start_thres=1.25,min_cluster_size=3",hub,0.25,100,8,40,1730,21,0,19,1730,0.525,0.0,1.0,0.0,0.2582546662200581
fbc_tfnbs,"e=1.5,h=3.0,n=30,start_thres=1.25,min_cluster_size=3",hub,0.25,100,8,40,1730,23,0,17,1730,0.575,0.0,1.0,0.0,0.2582546662200581
fbc_tfnbs,"e=1.5,h=4.0,n=30,start_thres=1.25,min_cluster_size=3",hub,0.25,100,8,40,1730,27,0,13,1730,0.675,0.0,1.0,0.0,0.2582546662200581
fbc_tfnbs,"e=1.5,h=5.0,n=30,start_thres=1.25,min_cluster_size=3",hub,0.25,100,8,40,1730,28,0,12,1730,0.7,0.0,1.0,0.0,0.2582546662200581
fbc_tfnbs,"e=1.5,h=6.0,n=30,start_thres=1.25,min_cluster_size=3",hub,0.25,100,8,40,1730,32,0,8,1730,0.8,0.0,1.0,0.0,0.2582546662200581
fbc_tfnbs,"e=1.5,h=7.0,n=30,start_thres=1.25,min_cluster_size=3",hub,0.25,100,8,40,1730,32,0,8,1730,0.8,0.0,1.0,0.0,0.2582546662200581
fbc_tfnbs,"e=1.5,h=8.0,n=30,start_thres=1.25,min_cluster_size=3",hub,0.25,100,8,40,1730,33,0,7,1730,0.825,0.0,1.0,0.0,0.2582546662200581
fbc_tfnbs,"e=1.5,h=9.0,n=30,start_thres=1.25,min_cluster_size=3",hub,0.25,100,8,40,1730,33,0,7,1730,0.825,0.0,1.0,0.0,0.2582546662200581
fbc_tfnbs,"e=1.5,h=10.0,n=30,start_thres=1.25,min_cluster_size=3",hub,0.25,100,8,40,1730,33,0,7,1730,0.825,0.0,1.0,0.0,0.2582546662200581
fbc_tfnbs,"e=0.05,h=0.5,n=30,start_thres=1.25,min_cluster_size=3",hub,0.25,100,9,40,1730,33,1,7,1729,0.825,0.0005780346820809,0.9705882352941176,0.0294117647058823,0.2535009641538966
fbc_tfnbs,"e=0.05,h=1.0,n=30,start_thres=1.25,min_cluster_size=3",hub,0.25,100,9,40,1730,33,1,7,1729,0.825,0.0005780346820809,0.9705882352941176,0.0294117647058823,0.2535009641538966
fbc_tfnbs,"e=0.05,h=2.0,n=30,start_thres=1.25,min_cluster_size=3",hub,0.25,100,9,40,1730,33,1,7,1729,0.825,0.0005780346820809,0.9705882352941176,0.0294117647058823,0.2535009641538966
fbc_tfnbs,"e=0.05,h=3.0,n=30,start_thres=1.25,min_cluster_size=3",hub,0.25,100,9,40,1730,33,1,7,1729,0.825,0.0005780346820809,0.9705882352941176,0.0294117647058823,0.2535009641538966
fbc_tfnbs,"e=0.05,h=4.0,n=30,start_thres=1.25,min_cluster_size=3",hub,0.25,100,9,40,1730,33,1,7,1729,0.825,0.0005780346820809,0.9705882352941176,0.0294117647058823,0.2535009641538966
fbc_tfnbs,"e=0.05,h=5.0,n=30,start_thres=1.25,min_cluster_size=3",hub,0.25,100,9,40,1730,33,1,7,1729,0.825,0.0005780346820809,0.9705882352941176,0.0294117647058823,0.2535009641538966
fbc_tfnbs,"e=0.05,h=6.0,n=30,start_thres=1.25,min_cluster_size=3",hub,0.25,100,9,40,1730,33,1,7,1729,0.825,0.0005780346820809,0.9705882352941176,0.0294117647058823,0.2535009641538966
fbc_tfnbs,"e=0.05,h=7.0,n=30,start_thres=1.25,min_cluster_size=3",hub,0.25,100,9,40,1730,33,1,7,1729,0.825,0.0005780346820809,0.9705882352941176,0.0294117647058823,0.2535009641538966
fbc_tfnbs,"e=0.05,h=8.0,n=30,start_thres=1.25,min_cluster_size=3",hub,0.25,100,9,40,1730,33,1,7,1729,0.825,0.0005780346820809,0.9705882352941176,0.0294117647058823,0.2535009641538966
fbc_tfnbs,"e=0.05,h=9.0,n=30,start_thres=1.25,min_cluster_size=3",hub,0.25,100,9,40,1730,33,1,7,1729,0.825,0.0005780346820809,0.9705882352941176,0.0294117647058823,0.2535009641538966
fbc_tfnbs,"e=0.05,h=10.0,n=30,start_thres=1.25,min_cluster_size=3",hub,0.25,100,9,40,1730,33,1,7,1729,0.825,0.0005780346820809,0.9705882352941176,0.0294117647058823,0.2535009641538966
fbc_tfnbs,"e=0.1,h=0.5,n=30,start_thres=1.25,min_cluster_size=3",hub,0.25,100,9,40,1730,33,1,7,1729,0.825,0.0005780346820809,0.9705882352941176,0.0294117647058823,0.2535009641538966
fbc_tfnbs,"e=0.1,h=1.0,n=30,start_thres=1.25,min_cluster_size=3",hub,0.25,100,9,40,1730,34,1,6,1729,0.85,0.0005780346820809,0.9714285714285714,0.0285714285714285,0.2535009641538966
fbc_tfnbs,"e=0.1,h=2.0,n=30,start_thres=1.25,min_cluster_size=3",hub,0.25,100,9,40,1730,34,1,6,1729,0.85,0.0005780346820809,0.9714285714285714,0.0285714285714285,0.2535009641538966
fbc_tfnbs,"e=0.1,h=3.0,n=30,start_thres=1.25,min_cluster_size=3",hub,0.25,100,9,40,1730,34,1,6,1729,0.85,0.0005780346820809,0.9714285714285714,0.0285714285714285,0.2535009641538966
fbc_tfnbs,"e=0.1,h=4.0,n=30,start_thres=1.25,min_cluster_size=3",hub,0.25,100,9,40,1730,34,1,6,1729,0.85,0.0005780346820809,0.9714285714285714,0.0285714285714285,0.2535009641538966
fbc_tfnbs,"e=0.1,h=5.0,n=30,start_thres=1.25,min_cluster_size=3",hub,0.25,100,9,40,1730,34,1,6,1729,0.85,0.0005780346820809,0.9714285714285714,0.0285714285714285,0.2535009641538966
fbc_tfnbs,"e=0.1,h=6.0,n=30,start_thres=1.25,min_cluster_size=3",hub,0.25,100,9,40,1730,34,1,6,1729,0.85,0.0005780346820809,0.9714285714285714,0.0285714285714285,0.2535009641538966
fbc_tfnbs,"e=0.1,h=7.0,n=30,start_thres=1.25,min_cluster_size=3",hub,0.25,100,9,40,1730,34,1,6,1729,0.85,0.0005780346820809,0.9714285714285714,0.0285714285714285,0.2535009641538966
fbc_tfnbs,"e=0.1,h=8.0,n=30,start_thres=1.25,min_cluster_size=3",hub,0.25,100,9,40,1730,34,1,6,1729,0.85,0.0005780346820809,0.9714285714285714,0.0285714285714285,0.2535009641538966
fbc_tfnbs,"e=0.1,h=9.0,n=30,start_thres=1.25,min_cluster_size=3",hub,0.25,100,9,40,1730,34,1,6,1729,0.85,0.0005780346820809,0.9714285714285714,0.0285714285714285,0.2535009641538966
fbc_tfnbs,"e=0.1,h=10.0,n=30,start_thres=1.25,min_cluster_size=3",hub,0.25,100,9,40,1730,34,1,6,1729,0.85,0.0005780346820809,0.9714285714285714,0.0285714285714285,0.2535009641538966
fbc_tfnbs,"e=0.2,h=0.5,n=30,start_thres=1.25,min_cluster_size=3",hub,0.25,100,9,40,1730,34,1,6,1729,0.85,0.0005780346820809,0.9714285714285714,0.0285714285714285,0.2535009641538966
fbc_tfnbs,"e=0.2,h=1.0,n=30,start_thres=1.25,min_cluster_size=3",hub,0.25,100,9,40,1730,34,1,6,1729,0.85,0.0005780346820809,0.9714285714285714,0.0285714285714285,0.2535009641538966
fbc_tfnbs,"e=0.2,h=2.0,n=30,start_thres=1.25,min_cluster_size=3",hub,0.25,100,9,40,1730,34,1,6,1729,0.85,0.0005780346820809,0.9714285714285714,0.0285714285714285,0.2535009641538966
fbc_tfnbs,"e=0.2,h=3.0,n=30,start_thres=1.25,min_cluster_size=3",hub,0.25,100,9,40,1730,34,1,6,1729,0.85,0.0005780346820809,0.9714285714285714,0.0285714285714285,0.2535009641538966
fbc_tfnbs,"e=0.2,h=4.0,n=30,start_thres=1.25,min_cluster_size=3",hub,0.25,100,9,40,1730,34,1,6,1729,0.85,0.0005780346820809,0.9714285714285714,0.0285714285714285,0.2535009641538966
fbc_tfnbs,"e=0.2,h=5.0,n=30,start_thres=1.25,min_cluster_size=3",hub,0.25,100,9,40,1730,34,1,6,1729,0.85,0.0005780346820809,0.9714285714285714,0.0285714285714285,0.2535009641538966
fbc_tfnbs,"e=0.2,h=6.0,n=30,start_thres=1.25,min_cluster_size=3",hub,0.25,100,9,40,1730,34,1,6,1729,0.85,0.0005780346820809,0.9714285714285714,0.0285714285714285,0.2535009641538966
fbc_tfnbs,"e=0.2,h=7.0,n=30,start_thres=1.25,min_cluster_size=3",hub,0.25,100,9,40,1730,34,1,6,1729,0.85,0.0005780346820809,0.9714285714285714,0.0285714285714285,0.2535009641538966
fbc_tfnbs,"e=0.2,h=8.0,n=30,start_thres=1.25,min_cluster_size=3",hub,0.25,100,9,40,1730,34,1,6,1729,0.85,0.0005780346820809,0.9714285714285714,0.0285714285714285,0.2535009641538966
fbc_tfnbs,"e=0.2,h=9.0,n=30,start_thres=1.25,min_cluster_size=3",hub,0.25,100,9,40,1730,34,1,6,1729,0.85,0.0005780346820809,0.9714285714285714,0.0285714285714285,0.2535009641538966
fbc_tfnbs,"e=0.2,h=10.0,n=30,start_thres=1.25,min_cluster_size=3",hub,0.25,100,9,40,1730,34,1,6,1729,0.85,0.0005780346820809,0.9714285714285714,0.0285714285714285,0.2535009641538966
fbc_tfnbs,"e=0.3,h=0.5,n=30,start_thres=1.25,min_cluster_size=3",hub,0.25,100,9,40,1730,34,1,6,1729,0.85,0.0005780346820809,0.9714285714285714,0.0285714285714285,0.2535009641538966
fbc_tfnbs,"e=0.3,h=1.0,n=30,start_thres=1.25,min_cluster_size=3",hub,0.25,100,9,40,1730,34,1,6,1729,0.85,0.0005780346820809,0.9714285714285714,0.0285714285714285,0.2535009641538966
fbc_tfnbs,"e=0.3,h=2.0,n=30,start_thres=1.25,min_cluster_size=3",hub,0.25,100,9,40,1730,34,1,6,1729,0.85,0.0005780346820809,0.9714285714285714,0.0285714285714285,0.2535009641538966
fbc_tfnbs,"e=0.3,h=3.0,n=30,start_thres=1.25,min_cluster_size=3",hub,0.25,100,9,40,1730,34,1,6,1729,0.85,0.0005780346820809,0.9714285714285714,0.0285714285714285,0.2535009641538966
fbc_tfnbs,"e=0.3,h=4.0,n=30,start_thres=1.25,min_cluster_size=3",hub,0.25,100,9,40,1730,34,1,6,1729,0.85,0.0005780346820809,0.9714285714285714,0.0285714285714285,0.2535009641538966
fbc_tfnbs,"e=0.3,h=5.0,n=30,start_thres=1.25,min_cluster_size=3",hub,0.25,100,9,40,1730,34,1,6,1729,0.85,0.0005780346820809,0.9714285714285714,0.0285714285714285,0.2535009641538966
fbc_tfnbs,"e=0.3,h=6.0,n=30,start_thres=1.25,min_cluster_size=3",hub,0.25,100,9,40,1730,34,1,6,1729,0.85,0.0005780346820809,0.9714285714285714,0.0285714285714285,0.2535009641538966
fbc_tfnbs,"e=0.3,h=7.0,n=30,start_thres=1.25,min_cluster_size=3",hub,0.25,100,9,40,1730,34,1,6,1729,0.85,0.0005780346820809,0.9714285714285714,0.0285714285714285,0.2535009641538966
fbc_tfnbs,"e=0.3,h=8.0,n=30,start_thres=1.25,min_cluster_size=3",hub,0.25,100,9,40,1730,34,1,6,1729,0.85,0.0005780346820809,0.9714285714285714,0.0285714285714285,0.2535009641538966
fbc_tfnbs,"e=0.3,h=9.0,n=30,start_thres=1.25,min_cluster_size=3",hub,0.25,100,9,40,1730,34,1,6,1729,0.85,0.0005780346820809,0.9714285714285714,0.0285714285714285,0.2535009641538966
fbc_tfnbs,"e=0.3,h=10.0,n=30,start_thres=1.25,min_cluster_size=3",hub,0.25,100,9,40,1730,34,1,6,1729,0.85,0.0005780346820809,0.9714285714285714,0.0285714285714285,0.2535009641538966
fbc_tfnbs,"e=0.4,h=0.5,n=30,start_thres=1.25,min_cluster_size=3",hub,0.25,100,9,40,1730,34,1,6,1729,0.85,0.0005780346820809,0.9714285714285714,0.0285714285714285,0.2535009641538966
fbc_tfnbs,"e=0.4,h=1.0,n=30,start_thres=1.25,min_cluster_size=3",hub,0.25,100,9,40,1730,35,1,5,1729,0.875,0.0005780346820809,0.9722222222222222,0.0277777777777777,0.2535009641538966
fbc_tfnbs,"e=0.4,h=2.0,n=30,start_thres=1.25,min_cluster_size=3",hub,0.25,100,9,40,1730,35,1,5,1729,0.875,0.0005780346820809,0.9722222222222222,0.0277777777777777,0.2535009641538966
fbc_tfnbs,"e=0.4,h=3.0,n=30,start_thres=1.25,min_cluster_size=3",hub,0.25,100,9,40,1730,34,1,6,1729,0.85,0.0005780346820809,0.9714285714285714,0.0285714285714285,0.2535009641538966
fbc_tfnbs,"e=0.4,h=4.0,n=30,start_thres=1.25,min_cluster_size=3",hub,0.25,100,9,40,1730,34,1,6,1729,0.85,0.0005780346820809,0.9714285714285714,0.0285714285714285,0.2535009641538966
fbc_tfnbs,"e=0.4,h=5.0,n=30,start_thres=1.25,min_cluster_size=3",hub,0.25,100,9,40,1730,34,1,6,1729,0.85,0.0005780346820809,0.9714285714285714,0.0285714285714285,0.2535009641538966
fbc_tfnbs,"e=0.4,h=6.0,n=30,start_thres=1.25,min_cluster_size=3",hub,0.25,100,9,40,1730,34,1,6,1729,0.85,0.0005780346820809,0.9714285714285714,0.0285714285714285,0.2535009641538966
fbc_tfnbs,"e=0.4,h=7.0,n=30,start_thres=1.25,min_cluster_size=3",hub,0.25,100,9,40,1730,34,1,6,1729,0.85,0.0005780346820809,0.9714285714285714,0.0285714285714285,0.2535009641538966
fbc_tfnbs,"e=0.4,h=8.0,n=30,start_thres=1.25,min_cluster_size=3",hub,0.25,100,9,40,1730,34,1,6,1729,0.85,0.0005780346820809,0.9714285714285714,0.0285714285714285,0.2535009641538966
fbc_tfnbs,"e=0.4,h=9.0,n=30,start_thres=1.25,min_cluster_size=3",hub,0.25,100,9,40,1730,34,1,6,1729,0.85,0.0005780346820809,0.9714285714285714,0.0285714285714285,0.2535009641538966
fbc_tfnbs,"e=0.4,h=10.0,n=30,start_thres=1.25,min_cluster_size=3",hub,0.25,100,9,40,1730,34,1,6,1729,0.85,0.0005780346820809,0.9714285714285714,0.0285714285714285,0.2535009641538966
fbc_tfnbs,"e=0.5,h=0.5,n=30,start_thres=1.25,min_cluster_size=3",hub,0.25,100,9,40,1730,32,1,8,1729,0.8,0.0005780346820809,0.9696969696969696,0.0303030303030303,0.2535009641538966
fbc_tfnbs,"e=0.5,h=1.0,n=30,start_thres=1.25,min_cluster_size=3",hub,0.25,100,9,40,1730,35,1,5,1729,0.875,0.0005780346820809,0.9722222222222222,0.0277777777777777,0.2535009641538966
fbc_tfnbs,"e=0.5,h=2.0,n=30,start_thres=1.25,min_cluster_size=3",hub,0.25,100,9,40,1730,35,1,5,1729,0.875,0.0005780346820809,0.9722222222222222,0.0277777777777777,0.2535009641538966
fbc_tfnbs,"e=0.5,h=3.0,n=30,start_thres=1.25,min_cluster_size=3",hub,0.25,100,9,40,1730,35,1,5,1729,0.875,0.0005780346820809,0.9722222222222222,0.0277777777777777,0.2535009641538966
fbc_tfnbs,"e=0.5,h=4.0,n=30,start_thres=1.25,min_cluster_size=3",hub,0.25,100,9,40,1730,35,1,5,1729,0.875,0.0005780346820809,0.9722222222222222,0.0277777777777777,0.2535009641538966
fbc_tfnbs,"e=0.5,h=5.0,n=30,start_thres=1.25,min_cluster_size=3",hub,0.25,100,9,40,1730,35,1,5,1729,0.875,0.0005780346820809,0.9722222222222222,0.0277777777777777,0.2535009641538966
fbc_tfnbs,"e=0.5,h=6.0,n=30,start_thres=1.25,min_cluster_size=3",hub,0.25,100,9,40,1730,34,1,6,1729,0.85,0.0005780346820809,0.9714285714285714,0.0285714285714285,0.2535009641538966
fbc_tfnbs,"e=0.5,h=7.0,n=30,start_thres=1.25,min_cluster_size=3",hub,0.25,100,9,40,1730,34,1,6,1729,0.85,0.0005780346820809,0.9714285714285714,0.0285714285714285,0.2535009641538966
fbc_tfnbs,"e=0.5,h=8.0,n=30,start_thres=1.25,min_cluster_size=3",hub,0.25,100,9,40,1730,34,1,6,1729,0.85,0.0005780346820809,0.9714285714285714,0.0285714285714285,0.2535009641538966
fbc_tfnbs,"e=0.5,h=9.0,n=30,start_thres=1.25,min_cluster_size=3",hub,0.25,100,9,40,1730,34,1,6,1729,0.85,0.0005780346820809,0.9714285714285714,0.0285714285714285,0.2535009641538966
fbc_tfnbs,"e=0.5,h=10.0,n=30,start_thres=1.25,min_cluster_size=3",hub,0.25,100,9,40,1730,34,1,6,1729,0.85,0.0005780346820809,0.9714285714285714,0.0285714285714285,0.2535009641538966
fbc_tfnbs,"e=0.6,h=0.5,n=30,start_thres=1.25,min_cluster_size=3",hub,0.25,100,9,40,1730,31,1,9,1729,0.775,0.0005780346820809,0.96875,0.03125,0.2535009641538966
fbc_tfnbs,"e=0.6,h=1.0,n=30,start_thres=1.25,min_cluster_size=3",hub,0.25,100,9,40,1730,32,1,8,1729,0.8,0.0005780346820809,0.9696969696969696,0.0303030303030303,0.2535009641538966
fbc_tfnbs,"e=0.6,h=2.0,n=30,start_thres=1.25,min_cluster_size=3",hub,0.25,100,9,40,1730,35,1,5,1729,0.875,0.0005780346820809,0.9722222222222222,0.0277777777777777,0.2535009641538966
fbc_tfnbs,"e=0.6,h=3.0,n=30,start_thres=1.25,min_cluster_size=3",hub,0.25,100,9,40,1730,35,1,5,1729,0.875,0.0005780346820809,0.9722222222222222,0.0277777777777777,0.2535009641538966
fbc_tfnbs,"e=0.6,h=4.0,n=30,start_thres=1.25,min_cluster_size=3",hub,0.25,100,9,40,1730,35,1,5,1729,0.875,0.0005780346820809,0.9722222222222222,0.0277777777777777,0.2535009641538966
fbc_tfnbs,"e=0.6,h=5.0,n=30,start_thres=1.25,min_cluster_size=3",hub,0.25,100,9,40,1730,35,1,5,1729,0.875,0.0005780346820809,0.9722222222222222,0.0277777777777777,0.2535009641538966
fbc_tfnbs,"e=0.6,h=6.0,n=30,start_thres=1.25,min_cluster_size=3",hub,0.25,100,9,40,1730,35,1,5,1729,0.875,0.0005780346820809,0.9722222222222222,0.0277777777777777,0.2535009641538966
fbc_tfnbs,"e=0.6,h=7.0,n=30,start_thres=1.25,min_cluster_size=3",hub,0.25,100,9,40,1730,35,1,5,1729,0.875,0.0005780346820809,0.9722222222222222,0.0277777777777777,0.2535009641538966
fbc_tfnbs,"e=0.6,h=8.0,n=30,start_thres=1.25,min_cluster_size=3",hub,0.25,100,9,40,1730,34,1,6,1729,0.85,0.0005780346820809,0.9714285714285714,0.0285714285714285,0.2535009641538966
fbc_tfnbs,"e=0.6,h=9.0,n=30,start_thres=1.25,min_cluster_size=3",hub,0.25,100,9,40,1730,34,1,6,1729,0.85,0.0005780346820809,0.9714285714285714,0.0285714285714285,0.2535009641538966
fbc_tfnbs,"e=0.6,h=10.0,n=30,start_thres=1.25,min_cluster_size=3",hub,0.25,100,9,40,1730,34,1,6,1729,0.85,0.0005780346820809,0.9714285714285714,0.0285714285714285,0.2535009641538966
fbc_tfnbs,"e=0.7,h=0.5,n=30,start_thres=1.25,min_cluster_size=3",hub,0.25,100,9,40,1730,30,1,10,1729,0.75,0.0005780346820809,0.967741935483871,0.032258064516129,0.2535009641538966
fbc_tfnbs,"e=0.7,h=1.0,n=30,start_thres=1.25,min_cluster_size=3",hub,0.25,100,9,40,1730,32,1,8,1729,0.8,0.0005780346820809,0.9696969696969696,0.0303030303030303,0.2535009641538966
fbc_tfnbs,"e=0.7,h=2.0,n=30,start_thres=1.25,min_cluster_size=3",hub,0.25,100,9,40,1730,35,1,5,1729,0.875,0.0005780346820809,0.9722222222222222,0.0277777777777777,0.2535009641538966
fbc_tfnbs,"e=0.7,h=3.0,n=30,start_thres=1.25,min_cluster_size=3",hub,0.25,100,9,40,1730,35,1,5,1729,0.875,0.0005780346820809,0.9722222222222222,0.0277777777777777,0.2535009641538966
fbc_tfnbs,"e=0.7,h=4.0,n=30,start_thres=1.25,min_cluster_size=3",hub,0.25,100,9,40,1730,35,1,5,1729,0.875,0.0005780346820809,0.9722222222222222,0.0277777777777777,0.2535009641538966
fbc_tfnbs,"e=0.7,h=5.0,n=30,start_thres=1.25,min_cluster_size=3",hub,0.25,100,9,40,1730,35,1,5,1729,0.875,0.0005780346820809,0.9722222222222222,0.0277777777777777,0.2535009641538966
fbc_tfnbs,"e=0.7,h=6.0,n=30,start_thres=1.25,min_cluster_size=3",hub,0.25,100,9,40,1730,35,1,5,1729,0.875,0.0005780346820809,0.9722222222222222,0.0277777777777777,0.2535009641538966
fbc_tfnbs,"e=0.7,h=7.0,n=30,start_thres=1.25,min_cluster_size=3",hub,0.25,100,9,40,1730,35,1,5,1729,0.875,0.0005780346820809,0.9722222222222222,0.0277777777777777,0.2535009641538966
fbc_tfnbs,"e=0.7,h=8.0,n=30,start_thres=1.25,min_cluster_size=3",hub,0.25,100,9,40,1730,35,1,5,1729,0.875,0.0005780346820809,0.9722222222222222,0.0277777777777777,0.2535009641538966
fbc_tfnbs,"e=0.7,h=9.0,n=30,start_thres=1.25,min_cluster_size=3",hub,0.25,100,9,40,1730,34,1,6,1729,0.85,0.0005780346820809,0.9714285714285714,0.0285714285714285,0.2535009641538966
fbc_tfnbs,"e=0.7,h=10.0,n=30,start_thres=1.25,min_cluster_size=3",hub,0.25,100,9,40,1730,34,1,6,1729,0.85,0.0005780346820809,0.9714285714285714,0.0285714285714285,0.2535009641538966
fbc_tfnbs,"e=0.8,h=0.5,n=30,start_thres=1.25,min_cluster_size=3",hub,0.25,100,9,40,1730,29,1,11,1729,0.725,0.0005780346820809,0.9666666666666668,0.0333333333333333,0.2535009641538966
fbc_tfnbs,"e=0.8,h=1.0,n=30,start_thres=1.25,min_cluster_size=3",hub,0.25,100,9,40,1730,30,1,10,1729,0.75,0.0005780346820809,0.967741935483871,0.032258064516129,0.2535009641538966
fbc_tfnbs,"e=0.8,h=2.0,n=30,start_thres=1.25,min_cluster_size=3",hub,0.25,100,9,40,1730,35,1,5,1729,0.875,0.0005780346820809,0.9722222222222222,0.0277777777777777,0.2535009641538966
fbc_tfnbs,"e=0.8,h=3.0,n=30,start_thres=1.25,min_cluster_size=3",hub,0.25,100,9,40,1730,35,1,5,1729,0.875,0.0005780346820809,0.9722222222222222,0.0277777777777777,0.2535009641538966
fbc_tfnbs,"e=0.8,h=4.0,n=30,start_thres=1.25,min_cluster_size=3",hub,0.25,100,9,40,1730,35,1,5,1729,0.875,0.0005780346820809,0.9722222222222222,0.0277777777777777,0.2535009641538966
fbc_tfnbs,"e=0.8,h=5.0,n=30,start_thres=1.25,min_cluster_size=3",hub,0.25,100,9,40,1730,35,1,5,1729,0.875,0.0005780346820809,0.9722222222222222,0.0277777777777777,0.2535009641538966
fbc_tfnbs,"e=0.8,h=6.0,n=30,start_thres=1.25,min_cluster_size=3",hub,0.25,100,9,40,1730,35,1,5,1729,0.875,0.0005780346820809,0.9722222222222222,0.0277777777777777,0.2535009641538966
fbc_tfnbs,"e=0.8,h=7.0,n=30,start_thres=1.25,min_cluster_size=3",hub,0.25,100,9,40,1730,35,1,5,1729,0.875,0.0005780346820809,0.9722222222222222,0.0277777777777777,0.2535009641538966
fbc_tfnbs,"e=0.8,h=8.0,n=30,start_thres=1.25,min_cluster_size=3",hub,0.25,100,9,40,1730,35,1,5,1729,0.875,0.0005780346820809,0.9722222222222222,0.0277777777777777,0.2535009641538966
fbc_tfnbs,"e=0.8,h=9.0,n=30,start_thres=1.25,min_cluster_size=3",hub,0.25,100,9,40,1730,35,1,5,1729,0.875,0.0005780346820809,0.9722222222222222,0.0277777777777777,0.2535009641538966
fbc_tfnbs,"e=0.8,h=10.0,n=30,start_thres=1.25,min_cluster_size=3",hub,0.25,100,9,40,1730,35,1,5,1729,0.875,0.0005780346820809,0.9722222222222222,0.0277777777777777,0.2535009641538966
fbc_tfnbs,"e=0.9,h=0.5,n=30,start_thres=1.25,min_cluster_size=3",hub,0.25,100,9,40,1730,28,1,12,1729,0.7,0.0005780346820809,0.9655172413793104,0.0344827586206896,0.2535009641538966
fbc_tfnbs,"e=0.9,h=1.0,n=30,start_thres=1.25,min_cluster_size=3",hub,0.25,100,9,40,1730,30,1,10,1729,0.75,0.0005780346820809,0.967741935483871,0.032258064516129,0.2535009641538966
fbc_tfnbs,"e=0.9,h=2.0,n=30,start_thres=1.25,min_cluster_size=3",hub,0.25,100,9,40,1730,32,1,8,1729,0.8,0.0005780346820809,0.9696969696969696,0.0303030303030303,0.2535009641538966
fbc_tfnbs,"e=0.9,h=3.0,n=30,start_thres=1.25,min_cluster_size=3",hub,0.25,100,9,40,1730,35,1,5,1729,0.875,0.0005780346820809,0.9722222222222222,0.0277777777777777,0.2535009641538966
fbc_tfnbs,"e=0.9,h=4.0,n=30,start_thres=1.25,min_cluster_size=3",hub,0.25,100,9,40,1730,35,1,5,1729,0.875,0.0005780346820809,0.9722222222222222,0.0277777777777777,0.2535009641538966
fbc_tfnbs,"e=0.9,h=5.0,n=30,start_thres=1.25,min_cluster_size=3",hub,0.25,100,9,40,1730,35,1,5,1729,0.875,0.0005780346820809,0.9722222222222222,0.0277777777777777,0.2535009641538966
fbc_tfnbs,"e=0.9,h=6.0,n=30,start_thres=1.25,min_cluster_size=3",hub,0.25,100,9,40,1730,35,1,5,1729,0.875,0.0005780346820809,0.9722222222222222,0.0277777777777777,0.2535009641538966
fbc_tfnbs,"e=0.9,h=7.0,n=30,start_thres=1.25,min_cluster_size=3",hub,0.25,100,9,40,1730,35,1,5,1729,0.875,0.0005780346820809,0.9722222222222222,0.0277777777777777,0.2535009641538966
fbc_tfnbs,"e=0.9,h=8.0,n=30,start_thres=1.25,min_cluster_size=3",hub,0.25,100,9,40,1730,35,1,5,1729,0.875,0.0005780346820809,0.9722222222222222,0.0277777777777777,0.2535009641538966
fbc_tfnbs,"e=0.9,h=9.0,n=30,start_thres=1.25,min_cluster_size=3",hub,0.25,100,9,40,1730,35,1,5,1729,0.875,0.0005780346820809,0.9722222222222222,0.0277777777777777,0.2535009641538966
fbc_tfnbs,"e=0.9,h=10.0,n=30,start_thres=1.25,min_cluster_size=3",hub,0.25,100,9,40,1730,35,1,5,1729,0.875,0.0005780346820809,0.9722222222222222,0.0277777777777777,0.2535009641538966
fbc_tfnbs,"e=1.0,h=0.5,n=30,start_thres=1.25,min_cluster_size=3",hub,0.25,100,9,40,1730,23,0,17,1730,0.575,0.0,1.0,0.0,0.2535009641538966
fbc_tfnbs,"e=1.0,h=1.0,n=30,start_thres=1.25,min_cluster_size=3",hub,0.25,100,9,40,1730,28,1,12,1729,0.7,0.0005780346820809,0.9655172413793104,0.0344827586206896,0.2535009641538966
fbc_tfnbs,"e=1.0,h=2.0,n=30,start_thres=1.25,min_cluster_size=3",hub,0.25,100,9,40,1730,32,1,8,1729,0.8,0.0005780346820809,0.9696969696969696,0.0303030303030303,0.2535009641538966
fbc_tfnbs,"e=1.0,h=3.0,n=30,start_thres=1.25,min_cluster_size=3",hub,0.25,100,9,40,1730,35,1,5,1729,0.875,0.0005780346820809,0.9722222222222222,0.0277777777777777,0.2535009641538966
fbc_tfnbs,"e=1.0,h=4.0,n=30,start_thres=1.25,min_cluster_size=3",hub,0.25,100,9,40,1730,35,1,5,1729,0.875,0.0005780346820809,0.9722222222222222,0.0277777777777777,0.2535009641538966
fbc_tfnbs,"e=1.0,h=5.0,n=30,start_thres=1.25,min_cluster_size=3",hub,0.25,100,9,40,1730,35,1,5,1729,0.875,0.0005780346820809,0.9722222222222222,0.0277777777777777,0.2535009641538966
fbc_tfnbs,"e=1.0,h=6.0,n=30,start_thres=1.25,min_cluster_size=3",hub,0.25,100,9,40,1730,35,1,5,1729,0.875,0.0005780346820809,0.9722222222222222,0.0277777777777777,0.2535009641538966
fbc_tfnbs,"e=1.0,h=7.0,n=30,start_thres=1.25,min_cluster_size=3",hub,0.25,100,9,40,1730,35,1,5,1729,0.875,0.0005780346820809,0.9722222222222222,0.0277777777777777,0.2535009641538966
fbc_tfnbs,"e=1.0,h=8.0,n=30,start_thres=1.25,min_cluster_size=3",hub,0.25,100,9,40,1730,35,1,5,1729,0.875,0.0005780346820809,0.9722222222222222,0.0277777777777777,0.2535009641538966
fbc_tfnbs,"e=1.0,h=9.0,n=30,start_thres=1.25,min_cluster_size=3",hub,0.25,100,9,40,1730,35,1,5,1729,0.875,0.0005780346820809,0.9722222222222222,0.0277777777777777,0.2535009641538966
fbc_tfnbs,"e=1.0,h=10.0,n=30,start_thres=1.25,min_cluster_size=3",hub,0.25,100,9,40,1730,35,1,5,1729,0.875,0.0005780346820809,0.9722222222222222,0.0277777777777777,0.2535009641538966
fbc_tfnbs,"e=1.1,h=0.5,n=30,start_thres=1.25,min_cluster_size=3",hub,0.25,100,9,40,1730,22,0,18,1730,0.55,0.0,1.0,0.0,0.2535009641538966
fbc_tfnbs,"e=1.1,h=1.0,n=30,start_thres=1.25,min_cluster_size=3",hub,0.25,100,9,40,1730,25,1,15,1729,0.625,0.0005780346820809,0.9615384615384616,0.0384615384615384,0.2535009641538966
fbc_tfnbs,"e=1.1,h=2.0,n=30,start_thres=1.25,min_cluster_size=3",hub,0.25,100,9,40,1730,32,1,8,1729,0.8,0.0005780346820809,0.9696969696969696,0.0303030303030303,0.2535009641538966
fbc_tfnbs,"e=1.1,h=3.0,n=30,start_thres=1.25,min_cluster_size=3",hub,0.25,100,9,40,1730,35,1,5,1729,0.875,0.0005780346820809,0.9722222222222222,0.0277777777777777,0.2535009641538966
fbc_tfnbs,"e=1.1,h=4.0,n=30,start_thres=1.25,min_cluster_size=3",hub,0.25,100,9,40,1730,35,1,5,1729,0.875,0.0005780346820809,0.9722222222222222,0.0277777777777777,0.2535009641538966
fbc_tfnbs,"e=1.1,h=5.0,n=30,start_thres=1.25,min_cluster_size=3",hub,0.25,100,9,40,1730,35,1,5,1729,0.875,0.0005780346820809,0.9722222222222222,0.0277777777777777,0.2535009641538966
fbc_tfnbs,"e=1.1,h=6.0,n=30,start_thres=1.25,min_cluster_size=3",hub,0.25,100,9,40,1730,35,1,5,1729,0.875,0.0005780346820809,0.9722222222222222,0.0277777777777777,0.2535009641538966
fbc_tfnbs,"e=1.1,h=7.0,n=30,start_thres=1.25,min_cluster_size=3",hub,0.25,100,9,40,1730,35,1,5,1729,0.875,0.0005780346820809,0.9722222222222222,0.0277777777777777,0.2535009641538966
fbc_tfnbs,"e=1.1,h=8.0,n=30,start_thres=1.25,min_cluster_size=3",hub,0.25,100,9,40,1730,35,1,5,1729,0.875,0.0005780346820809,0.9722222222222222,0.0277777777777777,0.2535009641538966
fbc_tfnbs,"e=1.1,h=9.0,n=30,start_thres=1.25,min_cluster_size=3",hub,0.25,100,9,40,1730,35,1,5,1729,0.875,0.0005780346820809,0.9722222222222222,0.0277777777777777,0.2535009641538966
fbc_tfnbs,"e=1.1,h=10.0,n=30,start_thres=1.25,min_cluster_size=3",hub,0.25,100,9,40,1730,35,1,5,1729,0.875,0.0005780346820809,0.9722222222222222,0.0277777777777777,0.2535009641538966
fbc_tfnbs,"e=1.2,h=0.5,n=30,start_thres=1.25,min_cluster_size=3",hub,0.25,100,9,40,1730,18,0,22,1730,0.45,0.0,1.0,0.0,0.2535009641538966
fbc_tfnbs,"e=1.2,h=1.0,n=30,start_thres=1.25,min_cluster_size=3",hub,0.25,100,9,40,1730,23,0,17,1730,0.575,0.0,1.0,0.0,0.2535009641538966
fbc_tfnbs,"e=1.2,h=2.0,n=30,start_thres=1.25,min_cluster_size=3",hub,0.25,100,9,40,1730,30,1,10,1729,0.75,0.0005780346820809,0.967741935483871,0.032258064516129,0.2535009641538966
fbc_tfnbs,"e=1.2,h=3.0,n=30,start_thres=1.25,min_cluster_size=3",hub,0.25,100,9,40,1730,32,1,8,1729,0.8,0.0005780346820809,0.9696969696969696,0.0303030303030303,0.2535009641538966
fbc_tfnbs,"e=1.2,h=4.0,n=30,start_thres=1.25,min_cluster_size=3",hub,0.25,100,9,40,1730,35,1,5,1729,0.875,0.0005780346820809,0.9722222222222222,0.0277777777777777,0.2535009641538966
fbc_tfnbs,"e=1.2,h=5.0,n=30,start_thres=1.25,min_cluster_size=3",hub,0.25,100,9,40,1730,35,1,5,1729,0.875,0.0005780346820809,0.9722222222222222,0.0277777777777777,0.2535009641538966
fbc_tfnbs,"e=1.2,h=6.0,n=30,start_thres=1.25,min_cluster_size=3",hub,0.25,100,9,40,1730,35,1,5,1729,0.875,0.0005780346820809,0.9722222222222222,0.0277777777777777,0.2535009641538966
fbc_tfnbs,"e=1.2,h=7.0,n=30,start_thres=1.25,min_cluster_size=3",hub,0.25,100,9,40,1730,35,1,5,1729,0.875,0.0005780346820809,0.9722222222222222,0.0277777777777777,0.2535009641538966
fbc_tfnbs,"e=1.2,h=8.0,n=30,start_thres=1.25,min_cluster_size=3",hub,0.25,100,9,40,1730,35,1,5,1729,0.875,0.0005780346820809,0.9722222222222222,0.0277777777777777,0.2535009641538966
fbc_tfnbs,"e=1.2,h=9.0,n=30,start_thres=1.25,min_cluster_size=3",hub,0.25,100,9,40,1730,36,1,4,1729,0.9,0.0005780346820809,0.972972972972973,0.027027027027027,0.2535009641538966
fbc_tfnbs,"e=1.2,h=10.0,n=30,start_thres=1.25,min_cluster_size=3",hub,0.25,100,9,40,1730,36,1,4,1729,0.9,0.0005780346820809,0.972972972972973,0.027027027027027,0.2535009641538966
fbc_tfnbs,"e=1.3,h=0.5,n=30,start_thres=1.25,min_cluster_size=3",hub,0.25,100,9,40,1730,18,0,22,1730,0.45,0.0,1.0,0.0,0.2535009641538966
fbc_tfnbs,"e=1.3,h=1.0,n=30,start_thres=1.25,min_cluster_size=3",hub,0.25,100,9,40,1730,19,0,21,1730,0.475,0.0,1.0,0.0,0.2535009641538966
fbc_tfnbs,"e=1.3,h=2.0,n=30,start_thres=1.25,min_cluster_size=3",hub,0.25,100,9,40,1730,28,1,12,1729,0.7,0.0005780346820809,0.9655172413793104,0.0344827586206896,0.2535009641538966
fbc_tfnbs,"e=1.3,h=3.0,n=30,start_thres=1.25,min_cluster_size=3",hub,0.25,100,9,40,1730,32,1,8,1729,0.8,0.0005780346820809,0.9696969696969696,0.0303030303030303,0.2535009641538966
fbc_tfnbs,"e=1.3,h=4.0,n=30,start_thres=1.25,min_cluster_size=3",hub,0.25,100,9,40,1730,35,1,5,1729,0.875,0.0005780346820809,0.9722222222222222,0.0277777777777777,0.2535009641538966
fbc_tfnbs,"e=1.3,h=5.0,n=30,start_thres=1.25,min_cluster_size=3",hub,0.25,100,9,40,1730,35,1,5,1729,0.875,0.0005780346820809,0.9722222222222222,0.0277777777777777,0.2535009641538966
fbc_tfnbs,"e=1.3,h=6.0,n=30,start_thres=1.25,min_cluster_size=3",hub,0.25,100,9,40,1730,35,1,5,1729,0.875,0.0005780346820809,0.9722222222222222,0.0277777777777777,0.2535009641538966
fbc_tfnbs,"e=1.3,h=7.0,n=30,start_thres=1.25,min_cluster_size=3",hub,0.25,100,9,40,1730,35,1,5,1729,0.875,0.0005780346820809,0.9722222222222222,0.0277777777777777,0.2535009641538966
fbc_tfnbs,"e=1.3,h=8.0,n=30,start_thres=1.25,min_cluster_size=3",hub,0.25,100,9,40,1730,35,1,5,1729,0.875,0.0005780346820809,0.9722222222222222,0.0277777777777777,0.2535009641538966
fbc_tfnbs,"e=1.3,h=9.0,n=30,start_thres=1.25,min_cluster_size=3",hub,0.25,100,9,40,1730,36,1,4,1729,0.9,0.0005780346820809,0.972972972972973,0.027027027027027,0.2535009641538966
fbc_tfnbs,"e=1.3,h=10.0,n=30,start_thres=1.25,min_cluster_size=3",hub,0.25,100,9,40,1730,36,1,4,1729,0.9,0.0005780346820809,0.972972972972973,0.027027027027027,0.2535009641538966
fbc_tfnbs,"e=1.4,h=0.5,n=30,start_thres=1.25,min_cluster_size=3",hub,0.25,100,9,40,1730,18,0,22,1730,0.45,0.0,1.0,0.0,0.2535009641538966
fbc_tfnbs,"e=1.4,h=1.0,n=30,start_thres=1.25,min_cluster_size=3",hub,0.25,100,9,40,1730,18,0,22,1730,0.45,0.0,1.0,0.0,0.2535009641538966
fbc_tfnbs,"e=1.4,h=2.0,n=30,start_thres=1.25,min_cluster_size=3",hub,0.25,100,9,40,1730,25,1,15,1729,0.625,0.0005780346820809,0.9615384615384616,0.0384615384615384,0.2535009641538966
fbc_tfnbs,"e=1.4,h=3.0,n=30,start_thres=1.25,min_cluster_size=3",hub,0.25,100,9,40,1730,32,1,8,1729,0.8,0.0005780346820809,0.9696969696969696,0.0303030303030303,0.2535009641538966
fbc_tfnbs,"e=1.4,h=4.0,n=30,start_thres=1.25,min_cluster_size=3",hub,0.25,100,9,40,1730,35,1,5,1729,0.875,0.0005780346820809,0.9722222222222222,0.0277777777777777,0.2535009641538966
fbc_tfnbs,"e=1.4,h=5.0,n=30,start_thres=1.25,min_cluster_size=3",hub,0.25,100,9,40,1730,35,1,5,1729,0.875,0.0005780346820809,0.9722222222222222,0.0277777777777777,0.2535009641538966
fbc_tfnbs,"e=1.4,h=6.0,n=30,start_thres=1.25,min_cluster_size=3",hub,0.25,100,9,40,1730,35,1,5,1729,0.875,0.0005780346820809,0.9722222222222222,0.0277777777777777,0.2535009641538966
fbc_tfnbs,"e=1.4,h=7.0,n=30,start_thres=1.25,min_cluster_size=3",hub,0.25,100,9,40,1730,35,1,5,1729,0.875,0.0005780346820809,0.9722222222222222,0.0277777777777777,0.2535009641538966
fbc_tfnbs,"e=1.4,h=8.0,n=30,start_thres=1.25,min_cluster_size=3",hub,0.25,100,9,40,1730,35,1,5,1729,0.875,0.0005780346820809,0.9722222222222222,0.0277777777777777,0.2535009641538966
fbc_tfnbs,"e=1.4,h=9.0,n=30,start_thres=1.25,min_cluster_size=3",hub,0.25,100,9,40,1730,36,1,4,1729,0.9,0.0005780346820809,0.972972972972973,0.027027027027027,0.2535009641538966
fbc_tfnbs,"e=1.4,h=10.0,n=30,start_thres=1.25,min_cluster_size=3",hub,0.25,100,9,40,1730,36,1,4,1729,0.9,0.0005780346820809,0.972972972972973,0.027027027027027,0.2535009641538966
fbc_tfnbs,"e=1.5,h=0.5,n=30,start_thres=1.25,min_cluster_size=3",hub,0.25,100,9,40,1730,17,0,23,1730,0.425,0.0,1.0,0.0,0.2535009641538966
fbc_tfnbs,"e=1.5,h=1.0,n=30,start_thres=1.25,min_cluster_size=3",hub,0.25,100,9,40,1730,18,0,22,1730,0.45,0.0,1.0,0.0,0.2535009641538966
fbc_tfnbs,"e=1.5,h=2.0,n=30,start_thres=1.25,min_cluster_size=3",hub,0.25,100,9,40,1730,24,1,16,1729,0.6,0.0005780346820809,0.96,0.04,0.2535009641538966
fbc_tfnbs,"e=1.5,h=3.0,n=30,start_thres=1.25,min_cluster_size=3",hub,0.25,100,9,40,1730,31,1,9,1729,0.775,0.0005780346820809,0.96875,0.03125,0.2535009641538966
fbc_tfnbs,"e=1.5,h=4.0,n=30,start_thres=1.25,min_cluster_size=3",hub,0.25,100,9,40,1730,32,1,8,1729,0.8,0.0005780346820809,0.9696969696969696,0.0303030303030303,0.2535009641538966
fbc_tfnbs,"e=1.5,h=5.0,n=30,start_thres=1.25,min_cluster_size=3",hub,0.25,100,9,40,1730,35,1,5,1729,0.875,0.0005780346820809,0.9722222222222222,0.0277777777777777,0.2535009641538966
fbc_tfnbs,"e=1.5,h=6.0,n=30,start_thres=1.25,min_cluster_size=3",hub,0.25,100,9,40,1730,35,1,5,1729,0.875,0.0005780346820809,0.9722222222222222,0.0277777777777777,0.2535009641538966
fbc_tfnbs,"e=1.5,h=7.0,n=30,start_thres=1.25,min_cluster_size=3",hub,0.25,100,9,40,1730,35,1,5,1729,0.875,0.0005780346820809,0.9722222222222222,0.0277777777777777,0.2535009641538966
fbc_tfnbs,"e=1.5,h=8.0,n=30,start_thres=1.25,min_cluster_size=3",hub,0.25,100,9,40,1730,35,1,5,1729,0.875,0.0005780346820809,0.9722222222222222,0.0277777777777777,0.2535009641538966
fbc_tfnbs,"e=1.5,h=9.0,n=30,start_thres=1.25,min_cluster_size=3",hub,0.25,100,9,40,1730,36,1,4,1729,0.9,0.0005780346820809,0.972972972972973,0.027027027027027,0.2535009641538966
fbc_tfnbs,"e=1.5,h=10.0,n=30,start_thres=1.25,min_cluster_size=3",hub,0.25,100,9,40,1730,36,1,4,1729,0.9,0.0005780346820809,0.972972972972973,0.027027027027027,0.2535009641538966
fbc_tfnbs,"e=0.05,h=0.5,n=30,start_thres=1.25,min_cluster_size=3",hub,0.25,100,10,40,1730,38,0,2,1730,0.95,0.0,1.0,0.0,0.2553287581963973
fbc_tfnbs,"e=0.05,h=1.0,n=30,start_thres=1.25,min_cluster_size=3",hub,0.25,100,10,40,1730,38,0,2,1730,0.95,0.0,1.0,0.0,0.2553287581963973
fbc_tfnbs,"e=0.05,h=2.0,n=30,start_thres=1.25,min_cluster_size=3",hub,0.25,100,10,40,1730,38,0,2,1730,0.95,0.0,1.0,0.0,0.2553287581963973
fbc_tfnbs,"e=0.05,h=3.0,n=30,start_thres=1.25,min_cluster_size=3",hub,0.25,100,10,40,1730,38,0,2,1730,0.95,0.0,1.0,0.0,0.2553287581963973
fbc_tfnbs,"e=0.05,h=4.0,n=30,start_thres=1.25,min_cluster_size=3",hub,0.25,100,10,40,1730,38,0,2,1730,0.95,0.0,1.0,0.0,0.2553287581963973
fbc_tfnbs,"e=0.05,h=5.0,n=30,start_thres=1.25,min_cluster_size=3",hub,0.25,100,10,40,1730,38,0,2,1730,0.95,0.0,1.0,0.0,0.2553287581963973
fbc_tfnbs,"e=0.05,h=6.0,n=30,start_thres=1.25,min_cluster_size=3",hub,0.25,100,10,40,1730,38,0,2,1730,0.95,0.0,1.0,0.0,0.2553287581963973
fbc_tfnbs,"e=0.05,h=7.0,n=30,start_thres=1.25,min_cluster_size=3",hub,0.25,100,10,40,1730,38,0,2,1730,0.95,0.0,1.0,0.0,0.2553287581963973
fbc_tfnbs,"e=0.05,h=8.0,n=30,start_thres=1.25,min_cluster_size=3",hub,0.25,100,10,40,1730,38,0,2,1730,0.95,0.0,1.0,0.0,0.2553287581963973
fbc_tfnbs,"e=0.05,h=9.0,n=30,start_thres=1.25,min_cluster_size=3",hub,0.25,100,10,40,1730,38,0,2,1730,0.95,0.0,1.0,0.0,0.2553287581963973
fbc_tfnbs,"e=0.05,h=10.0,n=30,start_thres=1.25,min_cluster_size=3",hub,0.25,100,10,40,1730,38,0,2,1730,0.95,0.0,1.0,0.0,0.2553287581963973
fbc_tfnbs,"e=0.1,h=0.5,n=30,start_thres=1.25,min_cluster_size=3",hub,0.25,100,10,40,1730,38,0,2,1730,0.95,0.0,1.0,0.0,0.2553287581963973
fbc_tfnbs,"e=0.1,h=1.0,n=30,start_thres=1.25,min_cluster_size=3",hub,0.25,100,10,40,1730,38,0,2,1730,0.95,0.0,1.0,0.0,0.2553287581963973
fbc_tfnbs,"e=0.1,h=2.0,n=30,start_thres=1.25,min_cluster_size=3",hub,0.25,100,10,40,1730,38,0,2,1730,0.95,0.0,1.0,0.0,0.2553287581963973
fbc_tfnbs,"e=0.1,h=3.0,n=30,start_thres=1.25,min_cluster_size=3",hub,0.25,100,10,40,1730,38,0,2,1730,0.95,0.0,1.0,0.0,0.2553287581963973
fbc_tfnbs,"e=0.1,h=4.0,n=30,start_thres=1.25,min_cluster_size=3",hub,0.25,100,10,40,1730,38,0,2,1730,0.95,0.0,1.0,0.0,0.2553287581963973
fbc_tfnbs,"e=0.1,h=5.0,n=30,start_thres=1.25,min_cluster_size=3",hub,0.25,100,10,40,1730,38,0,2,1730,0.95,0.0,1.0,0.0,0.2553287581963973
fbc_tfnbs,"e=0.1,h=6.0,n=30,start_thres=1.25,min_cluster_size=3",hub,0.25,100,10,40,1730,38,0,2,1730,0.95,0.0,1.0,0.0,0.2553287581963973
fbc_tfnbs,"e=0.1,h=7.0,n=30,start_thres=1.25,min_cluster_size=3",hub,0.25,100,10,40,1730,38,0,2,1730,0.95,0.0,1.0,0.0,0.2553287581963973
fbc_tfnbs,"e=0.1,h=8.0,n=30,start_thres=1.25,min_cluster_size=3",hub,0.25,100,10,40,1730,38,0,2,1730,0.95,0.0,1.0,0.0,0.2553287581963973
fbc_tfnbs,"e=0.1,h=9.0,n=30,start_thres=1.25,min_cluster_size=3",hub,0.25,100,10,40,1730,38,0,2,1730,0.95,0.0,1.0,0.0,0.2553287581963973
fbc_tfnbs,"e=0.1,h=10.0,n=30,start_thres=1.25,min_cluster_size=3",hub,0.25,100,10,40,1730,38,0,2,1730,0.95,0.0,1.0,0.0,0.2553287581963973
fbc_tfnbs,"e=0.2,h=0.5,n=30,start_thres=1.25,min_cluster_size=3",hub,0.25,100,10,40,1730,38,0,2,1730,0.95,0.0,1.0,0.0,0.2553287581963973
fbc_tfnbs,"e=0.2,h=1.0,n=30,start_thres=1.25,min_cluster_size=3",hub,0.25,100,10,40,1730,38,0,2,1730,0.95,0.0,1.0,0.0,0.2553287581963973
fbc_tfnbs,"e=0.2,h=2.0,n=30,start_thres=1.25,min_cluster_size=3",hub,0.25,100,10,40,1730,38,0,2,1730,0.95,0.0,1.0,0.0,0.2553287581963973
fbc_tfnbs,"e=0.2,h=3.0,n=30,start_thres=1.25,min_cluster_size=3",hub,0.25,100,10,40,1730,38,0,2,1730,0.95,0.0,1.0,0.0,0.2553287581963973
fbc_tfnbs,"e=0.2,h=4.0,n=30,start_thres=1.25,min_cluster_size=3",hub,0.25,100,10,40,1730,38,0,2,1730,0.95,0.0,1.0,0.0,0.2553287581963973
fbc_tfnbs,"e=0.2,h=5.0,n=30,start_thres=1.25,min_cluster_size=3",hub,0.25,100,10,40,1730,38,0,2,1730,0.95,0.0,1.0,0.0,0.2553287581963973
fbc_tfnbs,"e=0.2,h=6.0,n=30,start_thres=1.25,min_cluster_size=3",hub,0.25,100,10,40,1730,38,0,2,1730,0.95,0.0,1.0,0.0,0.2553287581963973
fbc_tfnbs,"e=0.2,h=7.0,n=30,start_thres=1.25,min_cluster_size=3",hub,0.25,100,10,40,1730,38,0,2,1730,0.95,0.0,1.0,0.0,0.2553287581963973
fbc_tfnbs,"e=0.2,h=8.0,n=30,start_thres=1.25,min_cluster_size=3",hub,0.25,100,10,40,1730,38,0,2,1730,0.95,0.0,1.0,0.0,0.2553287581963973
fbc_tfnbs,"e=0.2,h=9.0,n=30,start_thres=1.25,min_cluster_size=3",hub,0.25,100,10,40,1730,38,0,2,1730,0.95,0.0,1.0,0.0,0.2553287581963973
fbc_tfnbs,"e=0.2,h=10.0,n=30,start_thres=1.25,min_cluster_size=3",hub,0.25,100,10,40,1730,38,0,2,1730,0.95,0.0,1.0,0.0,0.2553287581963973
fbc_tfnbs,"e=0.3,h=0.5,n=30,start_thres=1.25,min_cluster_size=3",hub,0.25,100,10,40,1730,38,0,2,1730,0.95,0.0,1.0,0.0,0.2553287581963973
fbc_tfnbs,"e=0.3,h=1.0,n=30,start_thres=1.25,min_cluster_size=3",hub,0.25,100,10,40,1730,38,0,2,1730,0.95,0.0,1.0,0.0,0.2553287581963973
fbc_tfnbs,"e=0.3,h=2.0,n=30,start_thres=1.25,min_cluster_size=3",hub,0.25,100,10,40,1730,38,0,2,1730,0.95,0.0,1.0,0.0,0.2553287581963973
fbc_tfnbs,"e=0.3,h=3.0,n=30,start_thres=1.25,min_cluster_size=3",hub,0.25,100,10,40,1730,38,0,2,1730,0.95,0.0,1.0,0.0,0.2553287581963973
fbc_tfnbs,"e=0.3,h=4.0,n=30,start_thres=1.25,min_cluster_size=3",hub,0.25,100,10,40,1730,38,0,2,1730,0.95,0.0,1.0,0.0,0.2553287581963973
fbc_tfnbs,"e=0.3,h=5.0,n=30,start_thres=1.25,min_cluster_size=3",hub,0.25,100,10,40,1730,38,0,2,1730,0.95,0.0,1.0,0.0,0.2553287581963973
fbc_tfnbs,"e=0.3,h=6.0,n=30,start_thres=1.25,min_cluster_size=3",hub,0.25,100,10,40,1730,38,0,2,1730,0.95,0.0,1.0,0.0,0.2553287581963973
fbc_tfnbs,"e=0.3,h=7.0,n=30,start_thres=1.25,min_cluster_size=3",hub,0.25,100,10,40,1730,38,0,2,1730,0.95,0.0,1.0,0.0,0.2553287581963973
fbc_tfnbs,"e=0.3,h=8.0,n=30,start_thres=1.25,min_cluster_size=3",hub,0.25,100,10,40,1730,38,0,2,1730,0.95,0.0,1.0,0.0,0.2553287581963973
fbc_tfnbs,"e=0.3,h=9.0,n=30,start_thres=1.25,min_cluster_size=3",hub,0.25,100,10,40,1730,38,0,2,1730,0.95,0.0,1.0,0.0,0.2553287581963973
fbc_tfnbs,"e=0.3,h=10.0,n=30,start_thres=1.25,min_cluster_size=3",hub,0.25,100,10,40,1730,38,0,2,1730,0.95,0.0,1.0,0.0,0.2553287581963973
fbc_tfnbs,"e=0.4,h=0.5,n=30,start_thres=1.25,min_cluster_size=3",hub,0.25,100,10,40,1730,38,0,2,1730,0.95,0.0,1.0,0.0,0.2553287581963973
fbc_tfnbs,"e=0.4,h=1.0,n=30,start_thres=1.25,min_cluster_size=3",hub,0.25,100,10,40,1730,38,0,2,1730,0.95,0.0,1.0,0.0,0.2553287581963973
fbc_tfnbs,"e=0.4,h=2.0,n=30,start_thres=1.25,min_cluster_size=3",hub,0.25,100,10,40,1730,38,0,2,1730,0.95,0.0,1.0,0.0,0.2553287581963973
fbc_tfnbs,"e=0.4,h=3.0,n=30,start_thres=1.25,min_cluster_size=3",hub,0.25,100,10,40,1730,39,0,1,1730,0.975,0.0,1.0,0.0,0.2553287581963973
fbc_tfnbs,"e=0.4,h=4.0,n=30,start_thres=1.25,min_cluster_size=3",hub,0.25,100,10,40,1730,38,0,2,1730,0.95,0.0,1.0,0.0,0.2553287581963973
fbc_tfnbs,"e=0.4,h=5.0,n=30,start_thres=1.25,min_cluster_size=3",hub,0.25,100,10,40,1730,38,0,2,1730,0.95,0.0,1.0,0.0,0.2553287581963973
fbc_tfnbs,"e=0.4,h=6.0,n=30,start_thres=1.25,min_cluster_size=3",hub,0.25,100,10,40,1730,38,0,2,1730,0.95,0.0,1.0,0.0,0.2553287581963973
fbc_tfnbs,"e=0.4,h=7.0,n=30,start_thres=1.25,min_cluster_size=3",hub,0.25,100,10,40,1730,38,0,2,1730,0.95,0.0,1.0,0.0,0.2553287581963973
fbc_tfnbs,"e=0.4,h=8.0,n=30,start_thres=1.25,min_cluster_size=3",hub,0.25,100,10,40,1730,38,0,2,1730,0.95,0.0,1.0,0.0,0.2553287581963973
fbc_tfnbs,"e=0.4,h=9.0,n=30,start_thres=1.25,min_cluster_size=3",hub,0.25,100,10,40,1730,38,0,2,1730,0.95,0.0,1.0,0.0,0.2553287581963973
fbc_tfnbs,"e=0.4,h=10.0,n=30,start_thres=1.25,min_cluster_size=3",hub,0.25,100,10,40,1730,38,0,2,1730,0.95,0.0,1.0,0.0,0.2553287581963973
fbc_tfnbs,"e=0.5,h=0.5,n=30,start_thres=1.25,min_cluster_size=3",hub,0.25,100,10,40,1730,38,0,2,1730,0.95,0.0,1.0,0.0,0.2553287581963973
fbc_tfnbs,"e=0.5,h=1.0,n=30,start_thres=1.25,min_cluster_size=3",hub,0.25,100,10,40,1730,38,0,2,1730,0.95,0.0,1.0,0.0,0.2553287581963973
fbc_tfnbs,"e=0.5,h=2.0,n=30,start_thres=1.25,min_cluster_size=3",hub,0.25,100,10,40,1730,39,0,1,1730,0.975,0.0,1.0,0.0,0.2553287581963973
fbc_tfnbs,"e=0.5,h=3.0,n=30,start_thres=1.25,min_cluster_size=3",hub,0.25,100,10,40,1730,39,0,1,1730,0.975,0.0,1.0,0.0,0.2553287581963973
fbc_tfnbs,"e=0.5,h=4.0,n=30,start_thres=1.25,min_cluster_size=3",hub,0.25,100,10,40,1730,39,0,1,1730,0.975,0.0,1.0,0.0,0.2553287581963973
fbc_tfnbs,"e=0.5,h=5.0,n=30,start_thres=1.25,min_cluster_size=3",hub,0.25,100,10,40,1730,39,0,1,1730,0.975,0.0,1.0,0.0,0.2553287581963973
fbc_tfnbs,"e=0.5,h=6.0,n=30,start_thres=1.25,min_cluster_size=3",hub,0.25,100,10,40,1730,39,0,1,1730,0.975,0.0,1.0,0.0,0.2553287581963973
fbc_tfnbs,"e=0.5,h=7.0,n=30,start_thres=1.25,min_cluster_size=3",hub,0.25,100,10,40,1730,38,0,2,1730,0.95,0.0,1.0,0.0,0.2553287581963973
fbc_tfnbs,"e=0.5,h=8.0,n=30,start_thres=1.25,min_cluster_size=3",hub,0.25,100,10,40,1730,38,0,2,1730,0.95,0.0,1.0,0.0,0.2553287581963973
fbc_tfnbs,"e=0.5,h=9.0,n=30,start_thres=1.25,min_cluster_size=3",hub,0.25,100,10,40,1730,38,0,2,1730,0.95,0.0,1.0,0.0,0.2553287581963973
fbc_tfnbs,"e=0.5,h=10.0,n=30,start_thres=1.25,min_cluster_size=3",hub,0.25,100,10,40,1730,38,0,2,1730,0.95,0.0,1.0,0.0,0.2553287581963973
fbc_tfnbs,"e=0.6,h=0.5,n=30,start_thres=1.25,min_cluster_size=3",hub,0.25,100,10,40,1730,38,0,2,1730,0.95,0.0,1.0,0.0,0.2553287581963973
fbc_tfnbs,"e=0.6,h=1.0,n=30,start_thres=1.25,min_cluster_size=3",hub,0.25,100,10,40,1730,38,0,2,1730,0.95,0.0,1.0,0.0,0.2553287581963973
fbc_tfnbs,"e=0.6,h=2.0,n=30,start_thres=1.25,min_cluster_size=3",hub,0.25,100,10,40,1730,39,0,1,1730,0.975,0.0,1.0,0.0,0.2553287581963973
fbc_tfnbs,"e=0.6,h=3.0,n=30,start_thres=1.25,min_cluster_size=3",hub,0.25,100,10,40,1730,39,0,1,1730,0.975,0.0,1.0,0.0,0.2553287581963973
fbc_tfnbs,"e=0.6,h=4.0,n=30,start_thres=1.25,min_cluster_size=3",hub,0.25,100,10,40,1730,39,0,1,1730,0.975,0.0,1.0,0.0,0.2553287581963973
fbc_tfnbs,"e=0.6,h=5.0,n=30,start_thres=1.25,min_cluster_size=3",hub,0.25,100,10,40,1730,39,0,1,1730,0.975,0.0,1.0,0.0,0.2553287581963973
fbc_tfnbs,"e=0.6,h=6.0,n=30,start_thres=1.25,min_cluster_size=3",hub,0.25,100,10,40,1730,39,0,1,1730,0.975,0.0,1.0,0.0,0.2553287581963973
fbc_tfnbs,"e=0.6,h=7.0,n=30,start_thres=1.25,min_cluster_size=3",hub,0.25,100,10,40,1730,39,0,1,1730,0.975,0.0,1.0,0.0,0.2553287581963973
fbc_tfnbs,"e=0.6,h=8.0,n=30,start_thres=1.25,min_cluster_size=3",hub,0.25,100,10,40,1730,39,0,1,1730,0.975,0.0,1.0,0.0,0.2553287581963973
fbc_tfnbs,"e=0.6,h=9.0,n=30,start_thres=1.25,min_cluster_size=3",hub,0.25,100,10,40,1730,38,0,2,1730,0.95,0.0,1.0,0.0,0.2553287581963973
fbc_tfnbs,"e=0.6,h=10.0,n=30,start_thres=1.25,min_cluster_size=3",hub,0.25,100,10,40,1730,38,0,2,1730,0.95,0.0,1.0,0.0,0.2553287581963973
fbc_tfnbs,"e=0.7,h=0.5,n=30,start_thres=1.25,min_cluster_size=3",hub,0.25,100,10,40,1730,38,0,2,1730,0.95,0.0,1.0,0.0,0.2553287581963973
fbc_tfnbs,"e=0.7,h=1.0,n=30,start_thres=1.25,min_cluster_size=3",hub,0.25,100,10,40,1730,38,0,2,1730,0.95,0.0,1.0,0.0,0.2553287581963973
fbc_tfnbs,"e=0.7,h=2.0,n=30,start_thres=1.25,min_cluster_size=3",hub,0.25,100,10,40,1730,39,0,1,1730,0.975,0.0,1.0,0.0,0.2553287581963973
fbc_tfnbs,"e=0.7,h=3.0,n=30,start_thres=1.25,min_cluster_size=3",hub,0.25,100,10,40,1730,39,0,1,1730,0.975,0.0,1.0,0.0,0.2553287581963973
fbc_tfnbs,"e=0.7,h=4.0,n=30,start_thres=1.25,min_cluster_size=3",hub,0.25,100,10,40,1730,39,0,1,1730,0.975,0.0,1.0,0.0,0.2553287581963973
fbc_tfnbs,"e=0.7,h=5.0,n=30,start_thres=1.25,min_cluster_size=3",hub,0.25,100,10,40,1730,39,0,1,1730,0.975,0.0,1.0,0.0,0.2553287581963973
fbc_tfnbs,"e=0.7,h=6.0,n=30,start_thres=1.25,min_cluster_size=3",hub,0.25,100,10,40,1730,39,0,1,1730,0.975,0.0,1.0,0.0,0.2553287581963973
fbc_tfnbs,"e=0.7,h=7.0,n=30,start_thres=1.25,min_cluster_size=3",hub,0.25,100,10,40,1730,39,0,1,1730,0.975,0.0,1.0,0.0,0.2553287581963973
fbc_tfnbs,"e=0.7,h=8.0,n=30,start_thres=1.25,min_cluster_size=3",hub,0.25,100,10,40,1730,39,0,1,1730,0.975,0.0,1.0,0.0,0.2553287581963973
fbc_tfnbs,"e=0.7,h=9.0,n=30,start_thres=1.25,min_cluster_size=3",hub,0.25,100,10,40,1730,39,0,1,1730,0.975,0.0,1.0,0.0,0.2553287581963973
fbc_tfnbs,"e=0.7,h=10.0,n=30,start_thres=1.25,min_cluster_size=3",hub,0.25,100,10,40,1730,39,0,1,1730,0.975,0.0,1.0,0.0,0.2553287581963973
fbc_tfnbs,"e=0.8,h=0.5,n=30,start_thres=1.25,min_cluster_size=3",hub,0.25,100,10,40,1730,38,0,2,1730,0.95,0.0,1.0,0.0,0.2553287581963973
fbc_tfnbs,"e=0.8,h=1.0,n=30,start_thres=1.25,min_cluster_size=3",hub,0.25,100,10,40,1730,38,0,2,1730,0.95,0.0,1.0,0.0,0.2553287581963973
fbc_tfnbs,"e=0.8,h=2.0,n=30,start_thres=1.25,min_cluster_size=3",hub,0.25,100,10,40,1730,39,0,1,1730,0.975,0.0,1.0,0.0,0.2553287581963973
fbc_tfnbs,"e=0.8,h=3.0,n=30,start_thres=1.25,min_cluster_size=3",hub,0.25,100,10,40,1730,39,0,1,1730,0.975,0.0,1.0,0.0,0.2553287581963973
fbc_tfnbs,"e=0.8,h=4.0,n=30,start_thres=1.25,min_cluster_size=3",hub,0.25,100,10,40,1730,39,0,1,1730,0.975,0.0,1.0,0.0,0.2553287581963973
fbc_tfnbs,"e=0.8,h=5.0,n=30,start_thres=1.25,min_cluster_size=3",hub,0.25,100,10,40,1730,39,0,1,1730,0.975,0.0,1.0,0.0,0.2553287581963973
fbc_tfnbs,"e=0.8,h=6.0,n=30,start_thres=1.25,min_cluster_size=3",hub,0.25,100,10,40,1730,39,0,1,1730,0.975,0.0,1.0,0.0,0.2553287581963973
fbc_tfnbs,"e=0.8,h=7.0,n=30,start_thres=1.25,min_cluster_size=3",hub,0.25,100,10,40,1730,39,0,1,1730,0.975,0.0,1.0,0.0,0.2553287581963973
fbc_tfnbs,"e=0.8,h=8.0,n=30,start_thres=1.25,min_cluster_size=3",hub,0.25,100,10,40,1730,39,0,1,1730,0.975,0.0,1.0,0.0,0.2553287581963973
fbc_tfnbs,"e=0.8,h=9.0,n=30,start_thres=1.25,min_cluster_size=3",hub,0.25,100,10,40,1730,39,0,1,1730,0.975,0.0,1.0,0.0,0.2553287581963973
fbc_tfnbs,"e=0.8,h=10.0,n=30,start_thres=1.25,min_cluster_size=3",hub,0.25,100,10,40,1730,39,0,1,1730,0.975,0.0,1.0,0.0,0.2553287581963973
fbc_tfnbs,"e=0.9,h=0.5,n=30,start_thres=1.25,min_cluster_size=3",hub,0.25,100,10,40,1730,38,0,2,1730,0.95,0.0,1.0,0.0,0.2553287581963973
fbc_tfnbs,"e=0.9,h=1.0,n=30,start_thres=1.25,min_cluster_size=3",hub,0.25,100,10,40,1730,38,0,2,1730,0.95,0.0,1.0,0.0,0.2553287581963973
fbc_tfnbs,"e=0.9,h=2.0,n=30,start_thres=1.25,min_cluster_size=3",hub,0.25,100,10,40,1730,39,0,1,1730,0.975,0.0,1.0,0.0,0.2553287581963973
fbc_tfnbs,"e=0.9,h=3.0,n=30,start_thres=1.25,min_cluster_size=3",hub,0.25,100,10,40,1730,39,0,1,1730,0.975,0.0,1.0,0.0,0.2553287581963973
fbc_tfnbs,"e=0.9,h=4.0,n=30,start_thres=1.25,min_cluster_size=3",hub,0.25,100,10,40,1730,39,0,1,1730,0.975,0.0,1.0,0.0,0.2553287581963973
fbc_tfnbs,"e=0.9,h=5.0,n=30,start_thres=1.25,min_cluster_size=3",hub,0.25,100,10,40,1730,39,0,1,1730,0.975,0.0,1.0,0.0,0.2553287581963973
fbc_tfnbs,"e=0.9,h=6.0,n=30,start_thres=1.25,min_cluster_size=3",hub,0.25,100,10,40,1730,39,0,1,1730,0.975,0.0,1.0,0.0,0.2553287581963973
fbc_tfnbs,"e=0.9,h=7.0,n=30,start_thres=1.25,min_cluster_size=3",hub,0.25,100,10,40,1730,39,0,1,1730,0.975,0.0,1.0,0.0,0.2553287581963973
fbc_tfnbs,"e=0.9,h=8.0,n=30,start_thres=1.25,min_cluster_size=3",hub,0.25,100,10,40,1730,39,0,1,1730,0.975,0.0,1.0,0.0,0.2553287581963973
fbc_tfnbs,"e=0.9,h=9.0,n=30,start_thres=1.25,min_cluster_size=3",hub,0.25,100,10,40,1730,39,0,1,1730,0.975,0.0,1.0,0.0,0.2553287581963973
fbc_tfnbs,"e=0.9,h=10.0,n=30,start_thres=1.25,min_cluster_size=3",hub,0.25,100,10,40,1730,39,0,1,1730,0.975,0.0,1.0,0.0,0.2553287581963973
fbc_tfnbs,"e=1.0,h=0.5,n=30,start_thres=1.25,min_cluster_size=3",hub,0.25,100,10,40,1730,37,0,3,1730,0.925,0.0,1.0,0.0,0.2553287581963973
fbc_tfnbs,"e=1.0,h=1.0,n=30,start_thres=1.25,min_cluster_size=3",hub,0.25,100,10,40,1730,38,0,2,1730,0.95,0.0,1.0,0.0,0.2553287581963973
fbc_tfnbs,"e=1.0,h=2.0,n=30,start_thres=1.25,min_cluster_size=3",hub,0.25,100,10,40,1730,39,0,1,1730,0.975,0.0,1.0,0.0,0.2553287581963973
fbc_tfnbs,"e=1.0,h=3.0,n=30,start_thres=1.25,min_cluster_size=3",hub,0.25,100,10,40,1730,39,0,1,1730,0.975,0.0,1.0,0.0,0.2553287581963973
fbc_tfnbs,"e=1.0,h=4.0,n=30,start_thres=1.25,min_cluster_size=3",hub,0.25,100,10,40,1730,39,0,1,1730,0.975,0.0,1.0,0.0,0.2553287581963973
fbc_tfnbs,"e=1.0,h=5.0,n=30,start_thres=1.25,min_cluster_size=3",hub,0.25,100,10,40,1730,39,0,1,1730,0.975,0.0,1.0,0.0,0.2553287581963973
fbc_tfnbs,"e=1.0,h=6.0,n=30,start_thres=1.25,min_cluster_size=3",hub,0.25,100,10,40,1730,39,0,1,1730,0.975,0.0,1.0,0.0,0.2553287581963973
fbc_tfnbs,"e=1.0,h=7.0,n=30,start_thres=1.25,min_cluster_size=3",hub,0.25,100,10,40,1730,39,0,1,1730,0.975,0.0,1.0,0.0,0.2553287581963973
fbc_tfnbs,"e=1.0,h=8.0,n=30,start_thres=1.25,min_cluster_size=3",hub,0.25,100,10,40,1730,39,0,1,1730,0.975,0.0,1.0,0.0,0.2553287581963973
fbc_tfnbs,"e=1.0,h=9.0,n=30,start_thres=1.25,min_cluster_size=3",hub,0.25,100,10,40,1730,39,0,1,1730,0.975,0.0,1.0,0.0,0.2553287581963973
fbc_tfnbs,"e=1.0,h=10.0,n=30,start_thres=1.25,min_cluster_size=3",hub,0.25,100,10,40,1730,39,0,1,1730,0.975,0.0,1.0,0.0,0.2553287581963973
fbc_tfnbs,"e=1.1,h=0.5,n=30,start_thres=1.25,min_cluster_size=3",hub,0.25,100,10,40,1730,36,0,4,1730,0.9,0.0,1.0,0.0,0.2553287581963973
fbc_tfnbs,"e=1.1,h=1.0,n=30,start_thres=1.25,min_cluster_size=3",hub,0.25,100,10,40,1730,37,0,3,1730,0.925,0.0,1.0,0.0,0.2553287581963973
fbc_tfnbs,"e=1.1,h=2.0,n=30,start_thres=1.25,min_cluster_size=3",hub,0.25,100,10,40,1730,38,0,2,1730,0.95,0.0,1.0,0.0,0.2553287581963973
fbc_tfnbs,"e=1.1,h=3.0,n=30,start_thres=1.25,min_cluster_size=3",hub,0.25,100,10,40,1730,39,0,1,1730,0.975,0.0,1.0,0.0,0.2553287581963973
fbc_tfnbs,"e=1.1,h=4.0,n=30,start_thres=1.25,min_cluster_size=3",hub,0.25,100,10,40,1730,39,0,1,1730,0.975,0.0,1.0,0.0,0.2553287581963973
fbc_tfnbs,"e=1.1,h=5.0,n=30,start_thres=1.25,min_cluster_size=3",hub,0.25,100,10,40,1730,39,0,1,1730,0.975,0.0,1.0,0.0,0.2553287581963973
fbc_tfnbs,"e=1.1,h=6.0,n=30,start_thres=1.25,min_cluster_size=3",hub,0.25,100,10,40,1730,39,0,1,1730,0.975,0.0,1.0,0.0,0.2553287581963973
fbc_tfnbs,"e=1.1,h=7.0,n=30,start_thres=1.25,min_cluster_size=3",hub,0.25,100,10,40,1730,39,0,1,1730,0.975,0.0,1.0,0.0,0.2553287581963973
fbc_tfnbs,"e=1.1,h=8.0,n=30,start_thres=1.25,min_cluster_size=3",hub,0.25,100,10,40,1730,39,0,1,1730,0.975,0.0,1.0,0.0,0.2553287581963973
fbc_tfnbs,"e=1.1,h=9.0,n=30,start_thres=1.25,min_cluster_size=3",hub,0.25,100,10,40,1730,39,0,1,1730,0.975,0.0,1.0,0.0,0.2553287581963973
fbc_tfnbs,"e=1.1,h=10.0,n=30,start_thres=1.25,min_cluster_size=3",hub,0.25,100,10,40,1730,39,0,1,1730,0.975,0.0,1.0,0.0,0.2553287581963973
fbc_tfnbs,"e=1.2,h=0.5,n=30,start_thres=1.25,min_cluster_size=3",hub,0.25,100,10,40,1730,35,0,5,1730,0.875,0.0,1.0,0.0,0.2553287581963973
fbc_tfnbs,"e=1.2,h=1.0,n=30,start_thres=1.25,min_cluster_size=3",hub,0.25,100,10,40,1730,37,0,3,1730,0.925,0.0,1.0,0.0,0.2553287581963973
fbc_tfnbs,"e=1.2,h=2.0,n=30,start_thres=1.25,min_cluster_size=3",hub,0.25,100,10,40,1730,38,0,2,1730,0.95,0.0,1.0,0.0,0.2553287581963973
fbc_tfnbs,"e=1.2,h=3.0,n=30,start_thres=1.25,min_cluster_size=3",hub,0.25,100,10,40,1730,39,0,1,1730,0.975,0.0,1.0,0.0,0.2553287581963973
fbc_tfnbs,"e=1.2,h=4.0,n=30,start_thres=1.25,min_cluster_size=3",hub,0.25,100,10,40,1730,39,0,1,1730,0.975,0.0,1.0,0.0,0.2553287581963973
fbc_tfnbs,"e=1.2,h=5.0,n=30,start_thres=1.25,min_cluster_size=3",hub,0.25,100,10,40,1730,39,0,1,1730,0.975,0.0,1.0,0.0,0.2553287581963973
fbc_tfnbs,"e=1.2,h=6.0,n=30,start_thres=1.25,min_cluster_size=3",hub,0.25,100,10,40,1730,39,0,1,1730,0.975,0.0,1.0,0.0,0.2553287581963973
fbc_tfnbs,"e=1.2,h=7.0,n=30,start_thres=1.25,min_cluster_size=3",hub,0.25,100,10,40,1730,39,0,1,1730,0.975,0.0,1.0,0.0,0.2553287581963973
fbc_tfnbs,"e=1.2,h=8.0,n=30,start_thres=1.25,min_cluster_size=3",hub,0.25,100,10,40,1730,39,0,1,1730,0.975,0.0,1.0,0.0,0.2553287581963973
fbc_tfnbs,"e=1.2,h=9.0,n=30,start_thres=1.25,min_cluster_size=3",hub,0.25,100,10,40,1730,39,0,1,1730,0.975,0.0,1.0,0.0,0.2553287581963973
fbc_tfnbs,"e=1.2,h=10.0,n=30,start_thres=1.25,min_cluster_size=3",hub,0.25,100,10,40,1730,39,0,1,1730,0.975,0.0,1.0,0.0,0.2553287581963973
fbc_tfnbs,"e=1.3,h=0.5,n=30,start_thres=1.25,min_cluster_size=3",hub,0.25,100,10,40,1730,34,0,6,1730,0.85,0.0,1.0,0.0,0.2553287581963973
fbc_tfnbs,"e=1.3,h=1.0,n=30,start_thres=1.25,min_cluster_size=3",hub,0.25,100,10,40,1730,36,0,4,1730,0.9,0.0,1.0,0.0,0.2553287581963973
fbc_tfnbs,"e=1.3,h=2.0,n=30,start_thres=1.25,min_cluster_size=3",hub,0.25,100,10,40,1730,38,0,2,1730,0.95,0.0,1.0,0.0,0.2553287581963973
fbc_tfnbs,"e=1.3,h=3.0,n=30,start_thres=1.25,min_cluster_size=3",hub,0.25,100,10,40,1730,39,0,1,1730,0.975,0.0,1.0,0.0,0.2553287581963973
fbc_tfnbs,"e=1.3,h=4.0,n=30,start_thres=1.25,min_cluster_size=3",hub,0.25,100,10,40,1730,39,0,1,1730,0.975,0.0,1.0,0.0,0.2553287581963973
fbc_tfnbs,"e=1.3,h=5.0,n=30,start_thres=1.25,min_cluster_size=3",hub,0.25,100,10,40,1730,39,0,1,1730,0.975,0.0,1.0,0.0,0.2553287581963973
fbc_tfnbs,"e=1.3,h=6.0,n=30,start_thres=1.25,min_cluster_size=3",hub,0.25,100,10,40,1730,40,1,0,1729,1.0,0.0005780346820809,0.975609756097561,0.024390243902439,0.2553287581963973
fbc_tfnbs,"e=1.3,h=7.0,n=30,start_thres=1.25,min_cluster_size=3",hub,0.25,100,10,40,1730,39,0,1,1730,0.975,0.0,1.0,0.0,0.2553287581963973
fbc_tfnbs,"e=1.3,h=8.0,n=30,start_thres=1.25,min_cluster_size=3",hub,0.25,100,10,40,1730,39,0,1,1730,0.975,0.0,1.0,0.0,0.2553287581963973
fbc_tfnbs,"e=1.3,h=9.0,n=30,start_thres=1.25,min_cluster_size=3",hub,0.25,100,10,40,1730,39,0,1,1730,0.975,0.0,1.0,0.0,0.2553287581963973
fbc_tfnbs,"e=1.3,h=10.0,n=30,start_thres=1.25,min_cluster_size=3",hub,0.25,100,10,40,1730,39,0,1,1730,0.975,0.0,1.0,0.0,0.2553287581963973
fbc_tfnbs,"e=1.4,h=0.5,n=30,start_thres=1.25,min_cluster_size=3",hub,0.25,100,10,40,1730,30,0,10,1730,0.75,0.0,1.0,0.0,0.2553287581963973
fbc_tfnbs,"e=1.4,h=1.0,n=30,start_thres=1.25,min_cluster_size=3",hub,0.25,100,10,40,1730,34,0,6,1730,0.85,0.0,1.0,0.0,0.2553287581963973
fbc_tfnbs,"e=1.4,h=2.0,n=30,start_thres=1.25,min_cluster_size=3",hub,0.25,100,10,40,1730,38,0,2,1730,0.95,0.0,1.0,0.0,0.2553287581963973
fbc_tfnbs,"e=1.4,h=3.0,n=30,start_thres=1.25,min_cluster_size=3",hub,0.25,100,10,40,1730,39,0,1,1730,0.975,0.0,1.0,0.0,0.2553287581963973
fbc_tfnbs,"e=1.4,h=4.0,n=30,start_thres=1.25,min_cluster_size=3",hub,0.25,100,10,40,1730,39,0,1,1730,0.975,0.0,1.0,0.0,0.2553287581963973
fbc_tfnbs,"e=1.4,h=5.0,n=30,start_thres=1.25,min_cluster_size=3",hub,0.25,100,10,40,1730,40,1,0,1729,1.0,0.0005780346820809,0.975609756097561,0.024390243902439,0.2553287581963973
fbc_tfnbs,"e=1.4,h=6.0,n=30,start_thres=1.25,min_cluster_size=3",hub,0.25,100,10,40,1730,40,1,0,1729,1.0,0.0005780346820809,0.975609756097561,0.024390243902439,0.2553287581963973
fbc_tfnbs,"e=1.4,h=7.0,n=30,start_thres=1.25,min_cluster_size=3",hub,0.25,100,10,40,1730,40,1,0,1729,1.0,0.0005780346820809,0.975609756097561,0.024390243902439,0.2553287581963973
fbc_tfnbs,"e=1.4,h=8.0,n=30,start_thres=1.25,min_cluster_size=3",hub,0.25,100,10,40,1730,39,0,1,1730,0.975,0.0,1.0,0.0,0.2553287581963973
fbc_tfnbs,"e=1.4,h=9.0,n=30,start_thres=1.25,min_cluster_size=3",hub,0.25,100,10,40,1730,39,0,1,1730,0.975,0.0,1.0,0.0,0.2553287581963973
fbc_tfnbs,"e=1.4,h=10.0,n=30,start_thres=1.25,min_cluster_size=3",hub,0.25,100,10,40,1730,39,0,1,1730,0.975,0.0,1.0,0.0,0.2553287581963973
fbc_tfnbs,"e=1.5,h=0.5,n=30,start_thres=1.25,min_cluster_size=3",hub,0.25,100,10,40,1730,27,0,13,1730,0.675,0.0,1.0,0.0,0.2553287581963973
fbc_tfnbs,"e=1.5,h=1.0,n=30,start_thres=1.25,min_cluster_size=3",hub,0.25,100,10,40,1730,33,0,7,1730,0.825,0.0,1.0,0.0,0.2553287581963973
fbc_tfnbs,"e=1.5,h=2.0,n=30,start_thres=1.25,min_cluster_size=3",hub,0.25,100,10,40,1730,37,0,3,1730,0.925,0.0,1.0,0.0,0.2553287581963973
fbc_tfnbs,"e=1.5,h=3.0,n=30,start_thres=1.25,min_cluster_size=3",hub,0.25,100,10,40,1730,39,0,1,1730,0.975,0.0,1.0,0.0,0.2553287581963973
fbc_tfnbs,"e=1.5,h=4.0,n=30,start_thres=1.25,min_cluster_size=3",hub,0.25,100,10,40,1730,39,0,1,1730,0.975,0.0,1.0,0.0,0.2553287581963973
fbc_tfnbs,"e=1.5,h=5.0,n=30,start_thres=1.25,min_cluster_size=3",hub,0.25,100,10,40,1730,40,1,0,1729,1.0,0.0005780346820809,0.975609756097561,0.024390243902439,0.2553287581963973
fbc_tfnbs,"e=1.5,h=6.0,n=30,start_thres=1.25,min_cluster_size=3",hub,0.25,100,10,40,1730,40,1,0,1729,1.0,0.0005780346820809,0.975609756097561,0.024390243902439,0.2553287581963973
fbc_tfnbs,"e=1.5,h=7.0,n=30,start_thres=1.25,min_cluster_size=3",hub,0.25,100,10,40,1730,40,1,0,1729,1.0,0.0005780346820809,0.975609756097561,0.024390243902439,0.2553287581963973
fbc_tfnbs,"e=1.5,h=8.0,n=30,start_thres=1.25,min_cluster_size=3",hub,0.25,100,10,40,1730,40,1,0,1729,1.0,0.0005780346820809,0.975609756097561,0.024390243902439,0.2553287581963973
fbc_tfnbs,"e=1.5,h=9.0,n=30,start_thres=1.25,min_cluster_size=3",hub,0.25,100,10,40,1730,40,1,0,1729,1.0,0.0005780346820809,0.975609756097561,0.024390243902439,0.2553287581963973
fbc_tfnbs,"e=1.5,h=10.0,n=30,start_thres=1.25,min_cluster_size=3",hub,0.25,100,10,40,1730,39,0,1,1730,0.975,0.0,1.0,0.0,0.2553287581963973
fbc_tfnbs,"e=0.05,h=0.5,n=30,start_thres=1.25,min_cluster_size=3",hub,0.25,100,11,40,1730,36,0,4,1730,0.9,0.0,1.0,0.0,0.2564838406714526
fbc_tfnbs,"e=0.05,h=1.0,n=30,start_thres=1.25,min_cluster_size=3",hub,0.25,100,11,40,1730,36,0,4,1730,0.9,0.0,1.0,0.0,0.2564838406714526
fbc_tfnbs,"e=0.05,h=2.0,n=30,start_thres=1.25,min_cluster_size=3",hub,0.25,100,11,40,1730,37,0,3,1730,0.925,0.0,1.0,0.0,0.2564838406714526
fbc_tfnbs,"e=0.05,h=3.0,n=30,start_thres=1.25,min_cluster_size=3",hub,0.25,100,11,40,1730,37,0,3,1730,0.925,0.0,1.0,0.0,0.2564838406714526
fbc_tfnbs,"e=0.05,h=4.0,n=30,start_thres=1.25,min_cluster_size=3",hub,0.25,100,11,40,1730,37,0,3,1730,0.925,0.0,1.0,0.0,0.2564838406714526
fbc_tfnbs,"e=0.05,h=5.0,n=30,start_thres=1.25,min_cluster_size=3",hub,0.25,100,11,40,1730,37,0,3,1730,0.925,0.0,1.0,0.0,0.2564838406714526
fbc_tfnbs,"e=0.05,h=6.0,n=30,start_thres=1.25,min_cluster_size=3",hub,0.25,100,11,40,1730,37,0,3,1730,0.925,0.0,1.0,0.0,0.2564838406714526
fbc_tfnbs,"e=0.05,h=7.0,n=30,start_thres=1.25,min_cluster_size=3",hub,0.25,100,11,40,1730,37,0,3,1730,0.925,0.0,1.0,0.0,0.2564838406714526
fbc_tfnbs,"e=0.05,h=8.0,n=30,start_thres=1.25,min_cluster_size=3",hub,0.25,100,11,40,1730,37,0,3,1730,0.925,0.0,1.0,0.0,0.2564838406714526
fbc_tfnbs,"e=0.05,h=9.0,n=30,start_thres=1.25,min_cluster_size=3",hub,0.25,100,11,40,1730,37,0,3,1730,0.925,0.0,1.0,0.0,0.2564838406714526
fbc_tfnbs,"e=0.05,h=10.0,n=30,start_thres=1.25,min_cluster_size=3",hub,0.25,100,11,40,1730,37,0,3,1730,0.925,0.0,1.0,0.0,0.2564838406714526
fbc_tfnbs,"e=0.1,h=0.5,n=30,start_thres=1.25,min_cluster_size=3",hub,0.25,100,11,40,1730,37,0,3,1730,0.925,0.0,1.0,0.0,0.2564838406714526
fbc_tfnbs,"e=0.1,h=1.0,n=30,start_thres=1.25,min_cluster_size=3",hub,0.25,100,11,40,1730,37,0,3,1730,0.925,0.0,1.0,0.0,0.2564838406714526
fbc_tfnbs,"e=0.1,h=2.0,n=30,start_thres=1.25,min_cluster_size=3",hub,0.25,100,11,40,1730,37,0,3,1730,0.925,0.0,1.0,0.0,0.2564838406714526
fbc_tfnbs,"e=0.1,h=3.0,n=30,start_thres=1.25,min_cluster_size=3",hub,0.25,100,11,40,1730,37,0,3,1730,0.925,0.0,1.0,0.0,0.2564838406714526
fbc_tfnbs,"e=0.1,h=4.0,n=30,start_thres=1.25,min_cluster_size=3",hub,0.25,100,11,40,1730,37,0,3,1730,0.925,0.0,1.0,0.0,0.2564838406714526
fbc_tfnbs,"e=0.1,h=5.0,n=30,start_thres=1.25,min_cluster_size=3",hub,0.25,100,11,40,1730,37,0,3,1730,0.925,0.0,1.0,0.0,0.2564838406714526
fbc_tfnbs,"e=0.1,h=6.0,n=30,start_thres=1.25,min_cluster_size=3",hub,0.25,100,11,40,1730,37,0,3,1730,0.925,0.0,1.0,0.0,0.2564838406714526
fbc_tfnbs,"e=0.1,h=7.0,n=30,start_thres=1.25,min_cluster_size=3",hub,0.25,100,11,40,1730,37,0,3,1730,0.925,0.0,1.0,0.0,0.2564838406714526
fbc_tfnbs,"e=0.1,h=8.0,n=30,start_thres=1.25,min_cluster_size=3",hub,0.25,100,11,40,1730,37,0,3,1730,0.925,0.0,1.0,0.0,0.2564838406714526
fbc_tfnbs,"e=0.1,h=9.0,n=30,start_thres=1.25,min_cluster_size=3",hub,0.25,100,11,40,1730,37,0,3,1730,0.925,0.0,1.0,0.0,0.2564838406714526
fbc_tfnbs,"e=0.1,h=10.0,n=30,start_thres=1.25,min_cluster_size=3",hub,0.25,100,11,40,1730,37,0,3,1730,0.925,0.0,1.0,0.0,0.2564838406714526
fbc_tfnbs,"e=0.2,h=0.5,n=30,start_thres=1.25,min_cluster_size=3",hub,0.25,100,11,40,1730,37,0,3,1730,0.925,0.0,1.0,0.0,0.2564838406714526
fbc_tfnbs,"e=0.2,h=1.0,n=30,start_thres=1.25,min_cluster_size=3",hub,0.25,100,11,40,1730,37,0,3,1730,0.925,0.0,1.0,0.0,0.2564838406714526
fbc_tfnbs,"e=0.2,h=2.0,n=30,start_thres=1.25,min_cluster_size=3",hub,0.25,100,11,40,1730,37,0,3,1730,0.925,0.0,1.0,0.0,0.2564838406714526
fbc_tfnbs,"e=0.2,h=3.0,n=30,start_thres=1.25,min_cluster_size=3",hub,0.25,100,11,40,1730,37,0,3,1730,0.925,0.0,1.0,0.0,0.2564838406714526
fbc_tfnbs,"e=0.2,h=4.0,n=30,start_thres=1.25,min_cluster_size=3",hub,0.25,100,11,40,1730,37,0,3,1730,0.925,0.0,1.0,0.0,0.2564838406714526
fbc_tfnbs,"e=0.2,h=5.0,n=30,start_thres=1.25,min_cluster_size=3",hub,0.25,100,11,40,1730,37,0,3,1730,0.925,0.0,1.0,0.0,0.2564838406714526
fbc_tfnbs,"e=0.2,h=6.0,n=30,start_thres=1.25,min_cluster_size=3",hub,0.25,100,11,40,1730,37,0,3,1730,0.925,0.0,1.0,0.0,0.2564838406714526
fbc_tfnbs,"e=0.2,h=7.0,n=30,start_thres=1.25,min_cluster_size=3",hub,0.25,100,11,40,1730,37,0,3,1730,0.925,0.0,1.0,0.0,0.2564838406714526
fbc_tfnbs,"e=0.2,h=8.0,n=30,start_thres=1.25,min_cluster_size=3",hub,0.25,100,11,40,1730,37,0,3,1730,0.925,0.0,1.0,0.0,0.2564838406714526
fbc_tfnbs,"e=0.2,h=9.0,n=30,start_thres=1.25,min_cluster_size=3",hub,0.25,100,11,40,1730,37,0,3,1730,0.925,0.0,1.0,0.0,0.2564838406714526
fbc_tfnbs,"e=0.2,h=10.0,n=30,start_thres=1.25,min_cluster_size=3",hub,0.25,100,11,40,1730,37,0,3,1730,0.925,0.0,1.0,0.0,0.2564838406714526
fbc_tfnbs,"e=0.3,h=0.5,n=30,start_thres=1.25,min_cluster_size=3",hub,0.25,100,11,40,1730,37,0,3,1730,0.925,0.0,1.0,0.0,0.2564838406714526
fbc_tfnbs,"e=0.3,h=1.0,n=30,start_thres=1.25,min_cluster_size=3",hub,0.25,100,11,40,1730,37,0,3,1730,0.925,0.0,1.0,0.0,0.2564838406714526
fbc_tfnbs,"e=0.3,h=2.0,n=30,start_thres=1.25,min_cluster_size=3",hub,0.25,100,11,40,1730,37,0,3,1730,0.925,0.0,1.0,0.0,0.2564838406714526
fbc_tfnbs,"e=0.3,h=3.0,n=30,start_thres=1.25,min_cluster_size=3",hub,0.25,100,11,40,1730,37,0,3,1730,0.925,0.0,1.0,0.0,0.2564838406714526
fbc_tfnbs,"e=0.3,h=4.0,n=30,start_thres=1.25,min_cluster_size=3",hub,0.25,100,11,40,1730,37,0,3,1730,0.925,0.0,1.0,0.0,0.2564838406714526
fbc_tfnbs,"e=0.3,h=5.0,n=30,start_thres=1.25,min_cluster_size=3",hub,0.25,100,11,40,1730,37,0,3,1730,0.925,0.0,1.0,0.0,0.2564838406714526
fbc_tfnbs,"e=0.3,h=6.0,n=30,start_thres=1.25,min_cluster_size=3",hub,0.25,100,11,40,1730,37,0,3,1730,0.925,0.0,1.0,0.0,0.2564838406714526
fbc_tfnbs,"e=0.3,h=7.0,n=30,start_thres=1.25,min_cluster_size=3",hub,0.25,100,11,40,1730,37,0,3,1730,0.925,0.0,1.0,0.0,0.2564838406714526
fbc_tfnbs,"e=0.3,h=8.0,n=30,start_thres=1.25,min_cluster_size=3",hub,0.25,100,11,40,1730,37,0,3,1730,0.925,0.0,1.0,0.0,0.2564838406714526
fbc_tfnbs,"e=0.3,h=9.0,n=30,start_thres=1.25,min_cluster_size=3",hub,0.25,100,11,40,1730,37,0,3,1730,0.925,0.0,1.0,0.0,0.2564838406714526
fbc_tfnbs,"e=0.3,h=10.0,n=30,start_thres=1.25,min_cluster_size=3",hub,0.25,100,11,40,1730,37,0,3,1730,0.925,0.0,1.0,0.0,0.2564838406714526
fbc_tfnbs,"e=0.4,h=0.5,n=30,start_thres=1.25,min_cluster_size=3",hub,0.25,100,11,40,1730,37,0,3,1730,0.925,0.0,1.0,0.0,0.2564838406714526
fbc_tfnbs,"e=0.4,h=1.0,n=30,start_thres=1.25,min_cluster_size=3",hub,0.25,100,11,40,1730,37,0,3,1730,0.925,0.0,1.0,0.0,0.2564838406714526
fbc_tfnbs,"e=0.4,h=2.0,n=30,start_thres=1.25,min_cluster_size=3",hub,0.25,100,11,40,1730,37,0,3,1730,0.925,0.0,1.0,0.0,0.2564838406714526
fbc_tfnbs,"e=0.4,h=3.0,n=30,start_thres=1.25,min_cluster_size=3",hub,0.25,100,11,40,1730,37,0,3,1730,0.925,0.0,1.0,0.0,0.2564838406714526
fbc_tfnbs,"e=0.4,h=4.0,n=30,start_thres=1.25,min_cluster_size=3",hub,0.25,100,11,40,1730,37,0,3,1730,0.925,0.0,1.0,0.0,0.2564838406714526
fbc_tfnbs,"e=0.4,h=5.0,n=30,start_thres=1.25,min_cluster_size=3",hub,0.25,100,11,40,1730,37,0,3,1730,0.925,0.0,1.0,0.0,0.2564838406714526
fbc_tfnbs,"e=0.4,h=6.0,n=30,start_thres=1.25,min_cluster_size=3",hub,0.25,100,11,40,1730,37,0,3,1730,0.925,0.0,1.0,0.0,0.2564838406714526
fbc_tfnbs,"e=0.4,h=7.0,n=30,start_thres=1.25,min_cluster_size=3",hub,0.25,100,11,40,1730,37,0,3,1730,0.925,0.0,1.0,0.0,0.2564838406714526
fbc_tfnbs,"e=0.4,h=8.0,n=30,start_thres=1.25,min_cluster_size=3",hub,0.25,100,11,40,1730,37,0,3,1730,0.925,0.0,1.0,0.0,0.2564838406714526
fbc_tfnbs,"e=0.4,h=9.0,n=30,start_thres=1.25,min_cluster_size=3",hub,0.25,100,11,40,1730,37,0,3,1730,0.925,0.0,1.0,0.0,0.2564838406714526
fbc_tfnbs,"e=0.4,h=10.0,n=30,start_thres=1.25,min_cluster_size=3",hub,0.25,100,11,40,1730,37,0,3,1730,0.925,0.0,1.0,0.0,0.2564838406714526
fbc_tfnbs,"e=0.5,h=0.5,n=30,start_thres=1.25,min_cluster_size=3",hub,0.25,100,11,40,1730,37,0,3,1730,0.925,0.0,1.0,0.0,0.2564838406714526
fbc_tfnbs,"e=0.5,h=1.0,n=30,start_thres=1.25,min_cluster_size=3",hub,0.25,100,11,40,1730,37,0,3,1730,0.925,0.0,1.0,0.0,0.2564838406714526
fbc_tfnbs,"e=0.5,h=2.0,n=30,start_thres=1.25,min_cluster_size=3",hub,0.25,100,11,40,1730,37,0,3,1730,0.925,0.0,1.0,0.0,0.2564838406714526
fbc_tfnbs,"e=0.5,h=3.0,n=30,start_thres=1.25,min_cluster_size=3",hub,0.25,100,11,40,1730,37,0,3,1730,0.925,0.0,1.0,0.0,0.2564838406714526
fbc_tfnbs,"e=0.5,h=4.0,n=30,start_thres=1.25,min_cluster_size=3",hub,0.25,100,11,40,1730,37,0,3,1730,0.925,0.0,1.0,0.0,0.2564838406714526
fbc_tfnbs,"e=0.5,h=5.0,n=30,start_thres=1.25,min_cluster_size=3",hub,0.25,100,11,40,1730,37,0,3,1730,0.925,0.0,1.0,0.0,0.2564838406714526
fbc_tfnbs,"e=0.5,h=6.0,n=30,start_thres=1.25,min_cluster_size=3",hub,0.25,100,11,40,1730,37,0,3,1730,0.925,0.0,1.0,0.0,0.2564838406714526
fbc_tfnbs,"e=0.5,h=7.0,n=30,start_thres=1.25,min_cluster_size=3",hub,0.25,100,11,40,1730,37,0,3,1730,0.925,0.0,1.0,0.0,0.2564838406714526
fbc_tfnbs,"e=0.5,h=8.0,n=30,start_thres=1.25,min_cluster_size=3",hub,0.25,100,11,40,1730,37,0,3,1730,0.925,0.0,1.0,0.0,0.2564838406714526
fbc_tfnbs,"e=0.5,h=9.0,n=30,start_thres=1.25,min_cluster_size=3",hub,0.25,100,11,40,1730,37,0,3,1730,0.925,0.0,1.0,0.0,0.2564838406714526
fbc_tfnbs,"e=0.5,h=10.0,n=30,start_thres=1.25,min_cluster_size=3",hub,0.25,100,11,40,1730,37,0,3,1730,0.925,0.0,1.0,0.0,0.2564838406714526
fbc_tfnbs,"e=0.6,h=0.5,n=30,start_thres=1.25,min_cluster_size=3",hub,0.25,100,11,40,1730,37,0,3,1730,0.925,0.0,1.0,0.0,0.2564838406714526
fbc_tfnbs,"e=0.6,h=1.0,n=30,start_thres=1.25,min_cluster_size=3",hub,0.25,100,11,40,1730,37,0,3,1730,0.925,0.0,1.0,0.0,0.2564838406714526
fbc_tfnbs,"e=0.6,h=2.0,n=30,start_thres=1.25,min_cluster_size=3",hub,0.25,100,11,40,1730,37,0,3,1730,0.925,0.0,1.0,0.0,0.2564838406714526
fbc_tfnbs,"e=0.6,h=3.0,n=30,start_thres=1.25,min_cluster_size=3",hub,0.25,100,11,40,1730,37,0,3,1730,0.925,0.0,1.0,0.0,0.2564838406714526
fbc_tfnbs,"e=0.6,h=4.0,n=30,start_thres=1.25,min_cluster_size=3",hub,0.25,100,11,40,1730,37,0,3,1730,0.925,0.0,1.0,0.0,0.2564838406714526
fbc_tfnbs,"e=0.6,h=5.0,n=30,start_thres=1.25,min_cluster_size=3",hub,0.25,100,11,40,1730,37,0,3,1730,0.925,0.0,1.0,0.0,0.2564838406714526
fbc_tfnbs,"e=0.6,h=6.0,n=30,start_thres=1.25,min_cluster_size=3",hub,0.25,100,11,40,1730,37,0,3,1730,0.925,0.0,1.0,0.0,0.2564838406714526
fbc_tfnbs,"e=0.6,h=7.0,n=30,start_thres=1.25,min_cluster_size=3",hub,0.25,100,11,40,1730,37,0,3,1730,0.925,0.0,1.0,0.0,0.2564838406714526
fbc_tfnbs,"e=0.6,h=8.0,n=30,start_thres=1.25,min_cluster_size=3",hub,0.25,100,11,40,1730,37,0,3,1730,0.925,0.0,1.0,0.0,0.2564838406714526
fbc_tfnbs,"e=0.6,h=9.0,n=30,start_thres=1.25,min_cluster_size=3",hub,0.25,100,11,40,1730,37,0,3,1730,0.925,0.0,1.0,0.0,0.2564838406714526
fbc_tfnbs,"e=0.6,h=10.0,n=30,start_thres=1.25,min_cluster_size=3",hub,0.25,100,11,40,1730,37,0,3,1730,0.925,0.0,1.0,0.0,0.2564838406714526
fbc_tfnbs,"e=0.7,h=0.5,n=30,start_thres=1.25,min_cluster_size=3",hub,0.25,100,11,40,1730,37,0,3,1730,0.925,0.0,1.0,0.0,0.2564838406714526
fbc_tfnbs,"e=0.7,h=1.0,n=30,start_thres=1.25,min_cluster_size=3",hub,0.25,100,11,40,1730,37,0,3,1730,0.925,0.0,1.0,0.0,0.2564838406714526
fbc_tfnbs,"e=0.7,h=2.0,n=30,start_thres=1.25,min_cluster_size=3",hub,0.25,100,11,40,1730,37,0,3,1730,0.925,0.0,1.0,0.0,0.2564838406714526
fbc_tfnbs,"e=0.7,h=3.0,n=30,start_thres=1.25,min_cluster_size=3",hub,0.25,100,11,40,1730,37,0,3,1730,0.925,0.0,1.0,0.0,0.2564838406714526
fbc_tfnbs,"e=0.7,h=4.0,n=30,start_thres=1.25,min_cluster_size=3",hub,0.25,100,11,40,1730,37,0,3,1730,0.925,0.0,1.0,0.0,0.2564838406714526
fbc_tfnbs,"e=0.7,h=5.0,n=30,start_thres=1.25,min_cluster_size=3",hub,0.25,100,11,40,1730,37,0,3,1730,0.925,0.0,1.0,0.0,0.2564838406714526
fbc_tfnbs,"e=0.7,h=6.0,n=30,start_thres=1.25,min_cluster_size=3",hub,0.25,100,11,40,1730,37,0,3,1730,0.925,0.0,1.0,0.0,0.2564838406714526
fbc_tfnbs,"e=0.7,h=7.0,n=30,start_thres=1.25,min_cluster_size=3",hub,0.25,100,11,40,1730,37,0,3,1730,0.925,0.0,1.0,0.0,0.2564838406714526
fbc_tfnbs,"e=0.7,h=8.0,n=30,start_thres=1.25,min_cluster_size=3",hub,0.25,100,11,40,1730,37,0,3,1730,0.925,0.0,1.0,0.0,0.2564838406714526
fbc_tfnbs,"e=0.7,h=9.0,n=30,start_thres=1.25,min_cluster_size=3",hub,0.25,100,11,40,1730,37,0,3,1730,0.925,0.0,1.0,0.0,0.2564838406714526
fbc_tfnbs,"e=0.7,h=10.0,n=30,start_thres=1.25,min_cluster_size=3",hub,0.25,100,11,40,1730,37,0,3,1730,0.925,0.0,1.0,0.0,0.2564838406714526
fbc_tfnbs,"e=0.8,h=0.5,n=30,start_thres=1.25,min_cluster_size=3",hub,0.25,100,11,40,1730,37,0,3,1730,0.925,0.0,1.0,0.0,0.2564838406714526
fbc_tfnbs,"e=0.8,h=1.0,n=30,start_thres=1.25,min_cluster_size=3",hub,0.25,100,11,40,1730,37,0,3,1730,0.925,0.0,1.0,0.0,0.2564838406714526
fbc_tfnbs,"e=0.8,h=2.0,n=30,start_thres=1.25,min_cluster_size=3",hub,0.25,100,11,40,1730,37,0,3,1730,0.925,0.0,1.0,0.0,0.2564838406714526
fbc_tfnbs,"e=0.8,h=3.0,n=30,start_thres=1.25,min_cluster_size=3",hub,0.25,100,11,40,1730,37,0,3,1730,0.925,0.0,1.0,0.0,0.2564838406714526
fbc_tfnbs,"e=0.8,h=4.0,n=30,start_thres=1.25,min_cluster_size=3",hub,0.25,100,11,40,1730,37,0,3,1730,0.925,0.0,1.0,0.0,0.2564838406714526
fbc_tfnbs,"e=0.8,h=5.0,n=30,start_thres=1.25,min_cluster_size=3",hub,0.25,100,11,40,1730,37,0,3,1730,0.925,0.0,1.0,0.0,0.2564838406714526
fbc_tfnbs,"e=0.8,h=6.0,n=30,start_thres=1.25,min_cluster_size=3",hub,0.25,100,11,40,1730,37,0,3,1730,0.925,0.0,1.0,0.0,0.2564838406714526
fbc_tfnbs,"e=0.8,h=7.0,n=30,start_thres=1.25,min_cluster_size=3",hub,0.25,100,11,40,1730,37,0,3,1730,0.925,0.0,1.0,0.0,0.2564838406714526
fbc_tfnbs,"e=0.8,h=8.0,n=30,start_thres=1.25,min_cluster_size=3",hub,0.25,100,11,40,1730,37,0,3,1730,0.925,0.0,1.0,0.0,0.2564838406714526
fbc_tfnbs,"e=0.8,h=9.0,n=30,start_thres=1.25,min_cluster_size=3",hub,0.25,100,11,40,1730,37,0,3,1730,0.925,0.0,1.0,0.0,0.2564838406714526
fbc_tfnbs,"e=0.8,h=10.0,n=30,start_thres=1.25,min_cluster_size=3",hub,0.25,100,11,40,1730,37,0,3,1730,0.925,0.0,1.0,0.0,0.2564838406714526
fbc_tfnbs,"e=0.9,h=0.5,n=30,start_thres=1.25,min_cluster_size=3",hub,0.25,100,11,40,1730,36,0,4,1730,0.9,0.0,1.0,0.0,0.2564838406714526
fbc_tfnbs,"e=0.9,h=1.0,n=30,start_thres=1.25,min_cluster_size=3",hub,0.25,100,11,40,1730,37,0,3,1730,0.925,0.0,1.0,0.0,0.2564838406714526
fbc_tfnbs,"e=0.9,h=2.0,n=30,start_thres=1.25,min_cluster_size=3",hub,0.25,100,11,40,1730,37,0,3,1730,0.925,0.0,1.0,0.0,0.2564838406714526
fbc_tfnbs,"e=0.9,h=3.0,n=30,start_thres=1.25,min_cluster_size=3",hub,0.25,100,11,40,1730,37,0,3,1730,0.925,0.0,1.0,0.0,0.2564838406714526
fbc_tfnbs,"e=0.9,h=4.0,n=30,start_thres=1.25,min_cluster_size=3",hub,0.25,100,11,40,1730,37,0,3,1730,0.925,0.0,1.0,0.0,0.2564838406714526
fbc_tfnbs,"e=0.9,h=5.0,n=30,start_thres=1.25,min_cluster_size=3",hub,0.25,100,11,40,1730,37,0,3,1730,0.925,0.0,1.0,0.0,0.2564838406714526
fbc_tfnbs,"e=0.9,h=6.0,n=30,start_thres=1.25,min_cluster_size=3",hub,0.25,100,11,40,1730,37,0,3,1730,0.925,0.0,1.0,0.0,0.2564838406714526
fbc_tfnbs,"e=0.9,h=7.0,n=30,start_thres=1.25,min_cluster_size=3",hub,0.25,100,11,40,1730,37,0,3,1730,0.925,0.0,1.0,0.0,0.2564838406714526
fbc_tfnbs,"e=0.9,h=8.0,n=30,start_thres=1.25,min_cluster_size=3",hub,0.25,100,11,40,1730,37,0,3,1730,0.925,0.0,1.0,0.0,0.2564838406714526
fbc_tfnbs,"e=0.9,h=9.0,n=30,start_thres=1.25,min_cluster_size=3",hub,0.25,100,11,40,1730,37,0,3,1730,0.925,0.0,1.0,0.0,0.2564838406714526
fbc_tfnbs,"e=0.9,h=10.0,n=30,start_thres=1.25,min_cluster_size=3",hub,0.25,100,11,40,1730,37,0,3,1730,0.925,0.0,1.0,0.0,0.2564838406714526
fbc_tfnbs,"e=1.0,h=0.5,n=30,start_thres=1.25,min_cluster_size=3",hub,0.25,100,11,40,1730,35,0,5,1730,0.875,0.0,1.0,0.0,0.2564838406714526
fbc_tfnbs,"e=1.0,h=1.0,n=30,start_thres=1.25,min_cluster_size=3",hub,0.25,100,11,40,1730,37,0,3,1730,0.925,0.0,1.0,0.0,0.2564838406714526
fbc_tfnbs,"e=1.0,h=2.0,n=30,start_thres=1.25,min_cluster_size=3",hub,0.25,100,11,40,1730,37,0,3,1730,0.925,0.0,1.0,0.0,0.2564838406714526
fbc_tfnbs,"e=1.0,h=3.0,n=30,start_thres=1.25,min_cluster_size=3",hub,0.25,100,11,40,1730,37,0,3,1730,0.925,0.0,1.0,0.0,0.2564838406714526
fbc_tfnbs,"e=1.0,h=4.0,n=30,start_thres=1.25,min_cluster_size=3",hub,0.25,100,11,40,1730,37,0,3,1730,0.925,0.0,1.0,0.0,0.2564838406714526
fbc_tfnbs,"e=1.0,h=5.0,n=30,start_thres=1.25,min_cluster_size=3",hub,0.25,100,11,40,1730,37,0,3,1730,0.925,0.0,1.0,0.0,0.2564838406714526
fbc_tfnbs,"e=1.0,h=6.0,n=30,start_thres=1.25,min_cluster_size=3",hub,0.25,100,11,40,1730,37,0,3,1730,0.925,0.0,1.0,0.0,0.2564838406714526
fbc_tfnbs,"e=1.0,h=7.0,n=30,start_thres=1.25,min_cluster_size=3",hub,0.25,100,11,40,1730,37,0,3,1730,0.925,0.0,1.0,0.0,0.2564838406714526
fbc_tfnbs,"e=1.0,h=8.0,n=30,start_thres=1.25,min_cluster_size=3",hub,0.25,100,11,40,1730,37,0,3,1730,0.925,0.0,1.0,0.0,0.2564838406714526
fbc_tfnbs,"e=1.0,h=9.0,n=30,start_thres=1.25,min_cluster_size=3",hub,0.25,100,11,40,1730,37,0,3,1730,0.925,0.0,1.0,0.0,0.2564838406714526
fbc_tfnbs,"e=1.0,h=10.0,n=30,start_thres=1.25,min_cluster_size=3",hub,0.25,100,11,40,1730,37,0,3,1730,0.925,0.0,1.0,0.0,0.2564838406714526
fbc_tfnbs,"e=1.1,h=0.5,n=30,start_thres=1.25,min_cluster_size=3",hub,0.25,100,11,40,1730,34,0,6,1730,0.85,0.0,1.0,0.0,0.2564838406714526
fbc_tfnbs,"e=1.1,h=1.0,n=30,start_thres=1.25,min_cluster_size=3",hub,0.25,100,11,40,1730,35,0,5,1730,0.875,0.0,1.0,0.0,0.2564838406714526
fbc_tfnbs,"e=1.1,h=2.0,n=30,start_thres=1.25,min_cluster_size=3",hub,0.25,100,11,40,1730,37,0,3,1730,0.925,0.0,1.0,0.0,0.2564838406714526
fbc_tfnbs,"e=1.1,h=3.0,n=30,start_thres=1.25,min_cluster_size=3",hub,0.25,100,11,40,1730,37,0,3,1730,0.925,0.0,1.0,0.0,0.2564838406714526
fbc_tfnbs,"e=1.1,h=4.0,n=30,start_thres=1.25,min_cluster_size=3",hub,0.25,100,11,40,1730,37,0,3,1730,0.925,0.0,1.0,0.0,0.2564838406714526
fbc_tfnbs,"e=1.1,h=5.0,n=30,start_thres=1.25,min_cluster_size=3",hub,0.25,100,11,40,1730,37,0,3,1730,0.925,0.0,1.0,0.0,0.2564838406714526
fbc_tfnbs,"e=1.1,h=6.0,n=30,start_thres=1.25,min_cluster_size=3",hub,0.25,100,11,40,1730,37,0,3,1730,0.925,0.0,1.0,0.0,0.2564838406714526
fbc_tfnbs,"e=1.1,h=7.0,n=30,start_thres=1.25,min_cluster_size=3",hub,0.25,100,11,40,1730,37,0,3,1730,0.925,0.0,1.0,0.0,0.2564838406714526
fbc_tfnbs,"e=1.1,h=8.0,n=30,start_thres=1.25,min_cluster_size=3",hub,0.25,100,11,40,1730,37,0,3,1730,0.925,0.0,1.0,0.0,0.2564838406714526
fbc_tfnbs,"e=1.1,h=9.0,n=30,start_thres=1.25,min_cluster_size=3",hub,0.25,100,11,40,1730,37,0,3,1730,0.925,0.0,1.0,0.0,0.2564838406714526
fbc_tfnbs,"e=1.1,h=10.0,n=30,start_thres=1.25,min_cluster_size=3",hub,0.25,100,11,40,1730,37,0,3,1730,0.925,0.0,1.0,0.0,0.2564838406714526
fbc_tfnbs,"e=1.2,h=0.5,n=30,start_thres=1.25,min_cluster_size=3",hub,0.25,100,11,40,1730,28,0,12,1730,0.7,0.0,1.0,0.0,0.2564838406714526
fbc_tfnbs,"e=1.2,h=1.0,n=30,start_thres=1.25,min_cluster_size=3",hub,0.25,100,11,40,1730,35,0,5,1730,0.875,0.0,1.0,0.0,0.2564838406714526
fbc_tfnbs,"e=1.2,h=2.0,n=30,start_thres=1.25,min_cluster_size=3",hub,0.25,100,11,40,1730,37,0,3,1730,0.925,0.0,1.0,0.0,0.2564838406714526
fbc_tfnbs,"e=1.2,h=3.0,n=30,start_thres=1.25,min_cluster_size=3",hub,0.25,100,11,40,1730,37,0,3,1730,0.925,0.0,1.0,0.0,0.2564838406714526
fbc_tfnbs,"e=1.2,h=4.0,n=30,start_thres=1.25,min_cluster_size=3",hub,0.25,100,11,40,1730,37,0,3,1730,0.925,0.0,1.0,0.0,0.2564838406714526
fbc_tfnbs,"e=1.2,h=5.0,n=30,start_thres=1.25,min_cluster_size=3",hub,0.25,100,11,40,1730,37,0,3,1730,0.925,0.0,1.0,0.0,0.2564838406714526
fbc_tfnbs,"e=1.2,h=6.0,n=30,start_thres=1.25,min_cluster_size=3",hub,0.25,100,11,40,1730,37,0,3,1730,0.925,0.0,1.0,0.0,0.2564838406714526
fbc_tfnbs,"e=1.2,h=7.0,n=30,start_thres=1.25,min_cluster_size=3",hub,0.25,100,11,40,1730,37,0,3,1730,0.925,0.0,1.0,0.0,0.2564838406714526
fbc_tfnbs,"e=1.2,h=8.0,n=30,start_thres=1.25,min_cluster_size=3",hub,0.25,100,11,40,1730,37,0,3,1730,0.925,0.0,1.0,0.0,0.2564838406714526
fbc_tfnbs,"e=1.2,h=9.0,n=30,start_thres=1.25,min_cluster_size=3",hub,0.25,100,11,40,1730,37,0,3,1730,0.925,0.0,1.0,0.0,0.2564838406714526
fbc_tfnbs,"e=1.2,h=10.0,n=30,start_thres=1.25,min_cluster_size=3",hub,0.25,100,11,40,1730,37,0,3,1730,0.925,0.0,1.0,0.0,0.2564838406714526
fbc_tfnbs,"e=1.3,h=0.5,n=30,start_thres=1.25,min_cluster_size=3",hub,0.25,100,11,40,1730,25,0,15,1730,0.625,0.0,1.0,0.0,0.2564838406714526
fbc_tfnbs,"e=1.3,h=1.0,n=30,start_thres=1.25,min_cluster_size=3",hub,0.25,100,11,40,1730,33,0,7,1730,0.825,0.0,1.0,0.0,0.2564838406714526
fbc_tfnbs,"e=1.3,h=2.0,n=30,start_thres=1.25,min_cluster_size=3",hub,0.25,100,11,40,1730,37,0,3,1730,0.925,0.0,1.0,0.0,0.2564838406714526
fbc_tfnbs,"e=1.3,h=3.0,n=30,start_thres=1.25,min_cluster_size=3",hub,0.25,100,11,40,1730,37,0,3,1730,0.925,0.0,1.0,0.0,0.2564838406714526
fbc_tfnbs,"e=1.3,h=4.0,n=30,start_thres=1.25,min_cluster_size=3",hub,0.25,100,11,40,1730,37,0,3,1730,0.925,0.0,1.0,0.0,0.2564838406714526
fbc_tfnbs,"e=1.3,h=5.0,n=30,start_thres=1.25,min_cluster_size=3",hub,0.25,100,11,40,1730,37,0,3,1730,0.925,0.0,1.0,0.0,0.2564838406714526
fbc_tfnbs,"e=1.3,h=6.0,n=30,start_thres=1.25,min_cluster_size=3",hub,0.25,100,11,40,1730,37,0,3,1730,0.925,0.0,1.0,0.0,0.2564838406714526
fbc_tfnbs,"e=1.3,h=7.0,n=30,start_thres=1.25,min_cluster_size=3",hub,0.25,100,11,40,1730,37,0,3,1730,0.925,0.0,1.0,0.0,0.2564838406714526
fbc_tfnbs,"e=1.3,h=8.0,n=30,start_thres=1.25,min_cluster_size=3",hub,0.25,100,11,40,1730,37,0,3,1730,0.925,0.0,1.0,0.0,0.2564838406714526
fbc_tfnbs,"e=1.3,h=9.0,n=30,start_thres=1.25,min_cluster_size=3",hub,0.25,100,11,40,1730,37,0,3,1730,0.925,0.0,1.0,0.0,0.2564838406714526
fbc_tfnbs,"e=1.3,h=10.0,n=30,start_thres=1.25,min_cluster_size=3",hub,0.25,100,11,40,1730,37,0,3,1730,0.925,0.0,1.0,0.0,0.2564838406714526
fbc_tfnbs,"e=1.4,h=0.5,n=30,start_thres=1.25,min_cluster_size=3",hub,0.25,100,11,40,1730,25,0,15,1730,0.625,0.0,1.0,0.0,0.2564838406714526
fbc_tfnbs,"e=1.4,h=1.0,n=30,start_thres=1.25,min_cluster_size=3",hub,0.25,100,11,40,1730,25,0,15,1730,0.625,0.0,1.0,0.0,0.2564838406714526
fbc_tfnbs,"e=1.4,h=2.0,n=30,start_thres=1.25,min_cluster_size=3",hub,0.25,100,11,40,1730,36,0,4,1730,0.9,0.0,1.0,0.0,0.2564838406714526
fbc_tfnbs,"e=1.4,h=3.0,n=30,start_thres=1.25,min_cluster_size=3",hub,0.25,100,11,40,1730,37,0,3,1730,0.925,0.0,1.0,0.0,0.2564838406714526
fbc_tfnbs,"e=1.4,h=4.0,n=30,start_thres=1.25,min_cluster_size=3",hub,0.25,100,11,40,1730,37,0,3,1730,0.925,0.0,1.0,0.0,0.2564838406714526
fbc_tfnbs,"e=1.4,h=5.0,n=30,start_thres=1.25,min_cluster_size=3",hub,0.25,100,11,40,1730,37,0,3,1730,0.925,0.0,1.0,0.0,0.2564838406714526
fbc_tfnbs,"e=1.4,h=6.0,n=30,start_thres=1.25,min_cluster_size=3",hub,0.25,100,11,40,1730,37,0,3,1730,0.925,0.0,1.0,0.0,0.2564838406714526
fbc_tfnbs,"e=1.4,h=7.0,n=30,start_thres=1.25,min_cluster_size=3",hub,0.25,100,11,40,1730,37,0,3,1730,0.925,0.0,1.0,0.0,0.2564838406714526
fbc_tfnbs,"e=1.4,h=8.0,n=30,start_thres=1.25,min_cluster_size=3",hub,0.25,100,11,40,1730,37,0,3,1730,0.925,0.0,1.0,0.0,0.2564838406714526
fbc_tfnbs,"e=1.4,h=9.0,n=30,start_thres=1.25,min_cluster_size=3",hub,0.25,100,11,40,1730,37,0,3,1730,0.925,0.0,1.0,0.0,0.2564838406714526
fbc_tfnbs,"e=1.4,h=10.0,n=30,start_thres=1.25,min_cluster_size=3",hub,0.25,100,11,40,1730,37,0,3,1730,0.925,0.0,1.0,0.0,0.2564838406714526
fbc_tfnbs,"e=1.5,h=0.5,n=30,start_thres=1.25,min_cluster_size=3",hub,0.25,100,11,40,1730,23,0,17,1730,0.575,0.0,1.0,0.0,0.2564838406714526
fbc_tfnbs,"e=1.5,h=1.0,n=30,start_thres=1.25,min_cluster_size=3",hub,0.25,100,11,40,1730,25,0,15,1730,0.625,0.0,1.0,0.0,0.2564838406714526
fbc_tfnbs,"e=1.5,h=2.0,n=30,start_thres=1.25,min_cluster_size=3",hub,0.25,100,11,40,1730,36,0,4,1730,0.9,0.0,1.0,0.0,0.2564838406714526
fbc_tfnbs,"e=1.5,h=3.0,n=30,start_thres=1.25,min_cluster_size=3",hub,0.25,100,11,40,1730,37,0,3,1730,0.925,0.0,1.0,0.0,0.2564838406714526
fbc_tfnbs,"e=1.5,h=4.0,n=30,start_thres=1.25,min_cluster_size=3",hub,0.25,100,11,40,1730,37,0,3,1730,0.925,0.0,1.0,0.0,0.2564838406714526
fbc_tfnbs,"e=1.5,h=5.0,n=30,start_thres=1.25,min_cluster_size=3",hub,0.25,100,11,40,1730,37,0,3,1730,0.925,0.0,1.0,0.0,0.2564838406714526
fbc_tfnbs,"e=1.5,h=6.0,n=30,start_thres=1.25,min_cluster_size=3",hub,0.25,100,11,40,1730,37,0,3,1730,0.925,0.0,1.0,0.0,0.2564838406714526
fbc_tfnbs,"e=1.5,h=7.0,n=30,start_thres=1.25,min_cluster_size=3",hub,0.25,100,11,40,1730,37,0,3,1730,0.925,0.0,1.0,0.0,0.2564838406714526
fbc_tfnbs,"e=1.5,h=8.0,n=30,start_thres=1.25,min_cluster_size=3",hub,0.25,100,11,40,1730,37,0,3,1730,0.925,0.0,1.0,0.0,0.2564838406714526
fbc_tfnbs,"e=1.5,h=9.0,n=30,start_thres=1.25,min_cluster_size=3",hub,0.25,100,11,40,1730,37,0,3,1730,0.925,0.0,1.0,0.0,0.2564838406714526
fbc_tfnbs,"e=1.5,h=10.0,n=30,start_thres=1.25,min_cluster_size=3",hub,0.25,100,11,40,1730,37,0,3,1730,0.925,0.0,1.0,0.0,0.2564838406714526
fbc_tfnbs,"e=0.05,h=0.5,n=30,start_thres=1.25,min_cluster_size=3",hub,0.25,100,13,40,1730,39,0,1,1730,0.975,0.0,1.0,0.0,0.2539229460737922
fbc_tfnbs,"e=0.05,h=1.0,n=30,start_thres=1.25,min_cluster_size=3",hub,0.25,100,13,40,1730,39,0,1,1730,0.975,0.0,1.0,0.0,0.2539229460737922
fbc_tfnbs,"e=0.05,h=2.0,n=30,start_thres=1.25,min_cluster_size=3",hub,0.25,100,13,40,1730,39,0,1,1730,0.975,0.0,1.0,0.0,0.2539229460737922
fbc_tfnbs,"e=0.05,h=3.0,n=30,start_thres=1.25,min_cluster_size=3",hub,0.25,100,13,40,1730,39,0,1,1730,0.975,0.0,1.0,0.0,0.2539229460737922
fbc_tfnbs,"e=0.05,h=4.0,n=30,start_thres=1.25,min_cluster_size=3",hub,0.25,100,13,40,1730,39,0,1,1730,0.975,0.0,1.0,0.0,0.2539229460737922
fbc_tfnbs,"e=0.05,h=5.0,n=30,start_thres=1.25,min_cluster_size=3",hub,0.25,100,13,40,1730,39,0,1,1730,0.975,0.0,1.0,0.0,0.2539229460737922
fbc_tfnbs,"e=0.05,h=6.0,n=30,start_thres=1.25,min_cluster_size=3",hub,0.25,100,13,40,1730,39,0,1,1730,0.975,0.0,1.0,0.0,0.2539229460737922
fbc_tfnbs,"e=0.05,h=7.0,n=30,start_thres=1.25,min_cluster_size=3",hub,0.25,100,13,40,1730,39,0,1,1730,0.975,0.0,1.0,0.0,0.2539229460737922
fbc_tfnbs,"e=0.05,h=8.0,n=30,start_thres=1.25,min_cluster_size=3",hub,0.25,100,13,40,1730,39,0,1,1730,0.975,0.0,1.0,0.0,0.2539229460737922
fbc_tfnbs,"e=0.05,h=9.0,n=30,start_thres=1.25,min_cluster_size=3",hub,0.25,100,13,40,1730,39,0,1,1730,0.975,0.0,1.0,0.0,0.2539229460737922
fbc_tfnbs,"e=0.05,h=10.0,n=30,start_thres=1.25,min_cluster_size=3",hub,0.25,100,13,40,1730,39,0,1,1730,0.975,0.0,1.0,0.0,0.2539229460737922
fbc_tfnbs,"e=0.1,h=0.5,n=30,start_thres=1.25,min_cluster_size=3",hub,0.25,100,13,40,1730,39,0,1,1730,0.975,0.0,1.0,0.0,0.2539229460737922
fbc_tfnbs,"e=0.1,h=1.0,n=30,start_thres=1.25,min_cluster_size=3",hub,0.25,100,13,40,1730,39,0,1,1730,0.975,0.0,1.0,0.0,0.2539229460737922
fbc_tfnbs,"e=0.1,h=2.0,n=30,start_thres=1.25,min_cluster_size=3",hub,0.25,100,13,40,1730,39,0,1,1730,0.975,0.0,1.0,0.0,0.2539229460737922
fbc_tfnbs,"e=0.1,h=3.0,n=30,start_thres=1.25,min_cluster_size=3",hub,0.25,100,13,40,1730,39,0,1,1730,0.975,0.0,1.0,0.0,0.2539229460737922
fbc_tfnbs,"e=0.1,h=4.0,n=30,start_thres=1.25,min_cluster_size=3",hub,0.25,100,13,40,1730,39,0,1,1730,0.975,0.0,1.0,0.0,0.2539229460737922
fbc_tfnbs,"e=0.1,h=5.0,n=30,start_thres=1.25,min_cluster_size=3",hub,0.25,100,13,40,1730,39,0,1,1730,0.975,0.0,1.0,0.0,0.2539229460737922
fbc_tfnbs,"e=0.1,h=6.0,n=30,start_thres=1.25,min_cluster_size=3",hub,0.25,100,13,40,1730,39,0,1,1730,0.975,0.0,1.0,0.0,0.2539229460737922
fbc_tfnbs,"e=0.1,h=7.0,n=30,start_thres=1.25,min_cluster_size=3",hub,0.25,100,13,40,1730,39,0,1,1730,0.975,0.0,1.0,0.0,0.2539229460737922
fbc_tfnbs,"e=0.1,h=8.0,n=30,start_thres=1.25,min_cluster_size=3",hub,0.25,100,13,40,1730,39,0,1,1730,0.975,0.0,1.0,0.0,0.2539229460737922
fbc_tfnbs,"e=0.1,h=9.0,n=30,start_thres=1.25,min_cluster_size=3",hub,0.25,100,13,40,1730,39,0,1,1730,0.975,0.0,1.0,0.0,0.2539229460737922
fbc_tfnbs,"e=0.1,h=10.0,n=30,start_thres=1.25,min_cluster_size=3",hub,0.25,100,13,40,1730,39,0,1,1730,0.975,0.0,1.0,0.0,0.2539229460737922
fbc_tfnbs,"e=0.2,h=0.5,n=30,start_thres=1.25,min_cluster_size=3",hub,0.25,100,13,40,1730,38,0,2,1730,0.95,0.0,1.0,0.0,0.2539229460737922
fbc_tfnbs,"e=0.2,h=1.0,n=30,start_thres=1.25,min_cluster_size=3",hub,0.25,100,13,40,1730,39,0,1,1730,0.975,0.0,1.0,0.0,0.2539229460737922
fbc_tfnbs,"e=0.2,h=2.0,n=30,start_thres=1.25,min_cluster_size=3",hub,0.25,100,13,40,1730,39,0,1,1730,0.975,0.0,1.0,0.0,0.2539229460737922
fbc_tfnbs,"e=0.2,h=3.0,n=30,start_thres=1.25,min_cluster_size=3",hub,0.25,100,13,40,1730,39,0,1,1730,0.975,0.0,1.0,0.0,0.2539229460737922
fbc_tfnbs,"e=0.2,h=4.0,n=30,start_thres=1.25,min_cluster_size=3",hub,0.25,100,13,40,1730,39,0,1,1730,0.975,0.0,1.0,0.0,0.2539229460737922
fbc_tfnbs,"e=0.2,h=5.0,n=30,start_thres=1.25,min_cluster_size=3",hub,0.25,100,13,40,1730,39,0,1,1730,0.975,0.0,1.0,0.0,0.2539229460737922
fbc_tfnbs,"e=0.2,h=6.0,n=30,start_thres=1.25,min_cluster_size=3",hub,0.25,100,13,40,1730,39,0,1,1730,0.975,0.0,1.0,0.0,0.2539229460737922
fbc_tfnbs,"e=0.2,h=7.0,n=30,start_thres=1.25,min_cluster_size=3",hub,0.25,100,13,40,1730,39,0,1,1730,0.975,0.0,1.0,0.0,0.2539229460737922
fbc_tfnbs,"e=0.2,h=8.0,n=30,start_thres=1.25,min_cluster_size=3",hub,0.25,100,13,40,1730,39,0,1,1730,0.975,0.0,1.0,0.0,0.2539229460737922
fbc_tfnbs,"e=0.2,h=9.0,n=30,start_thres=1.25,min_cluster_size=3",hub,0.25,100,13,40,1730,39,0,1,1730,0.975,0.0,1.0,0.0,0.2539229460737922
fbc_tfnbs,"e=0.2,h=10.0,n=30,start_thres=1.25,min_cluster_size=3",hub,0.25,100,13,40,1730,39,0,1,1730,0.975,0.0,1.0,0.0,0.2539229460737922
fbc_tfnbs,"e=0.3,h=0.5,n=30,start_thres=1.25,min_cluster_size=3",hub,0.25,100,13,40,1730,38,0,2,1730,0.95,0.0,1.0,0.0,0.2539229460737922
fbc_tfnbs,"e=0.3,h=1.0,n=30,start_thres=1.25,min_cluster_size=3",hub,0.25,100,13,40,1730,38,0,2,1730,0.95,0.0,1.0,0.0,0.2539229460737922
fbc_tfnbs,"e=0.3,h=2.0,n=30,start_thres=1.25,min_cluster_size=3",hub,0.25,100,13,40,1730,39,0,1,1730,0.975,0.0,1.0,0.0,0.2539229460737922
fbc_tfnbs,"e=0.3,h=3.0,n=30,start_thres=1.25,min_cluster_size=3",hub,0.25,100,13,40,1730,39,0,1,1730,0.975,0.0,1.0,0.0,0.2539229460737922
fbc_tfnbs,"e=0.3,h=4.0,n=30,start_thres=1.25,min_cluster_size=3",hub,0.25,100,13,40,1730,39,0,1,1730,0.975,0.0,1.0,0.0,0.2539229460737922
fbc_tfnbs,"e=0.3,h=5.0,n=30,start_thres=1.25,min_cluster_size=3",hub,0.25,100,13,40,1730,39,0,1,1730,0.975,0.0,1.0,0.0,0.2539229460737922
fbc_tfnbs,"e=0.3,h=6.0,n=30,start_thres=1.25,min_cluster_size=3",hub,0.25,100,13,40,1730,39,0,1,1730,0.975,0.0,1.0,0.0,0.2539229460737922
fbc_tfnbs,"e=0.3,h=7.0,n=30,start_thres=1.25,min_cluster_size=3",hub,0.25,100,13,40,1730,39,0,1,1730,0.975,0.0,1.0,0.0,0.2539229460737922
fbc_tfnbs,"e=0.3,h=8.0,n=30,start_thres=1.25,min_cluster_size=3",hub,0.25,100,13,40,1730,39,0,1,1730,0.975,0.0,1.0,0.0,0.2539229460737922
fbc_tfnbs,"e=0.3,h=9.0,n=30,start_thres=1.25,min_cluster_size=3",hub,0.25,100,13,40,1730,39,0,1,1730,0.975,0.0,1.0,0.0,0.2539229460737922
fbc_tfnbs,"e=0.3,h=10.0,n=30,start_thres=1.25,min_cluster_size=3",hub,0.25,100,13,40,1730,39,0,1,1730,0.975,0.0,1.0,0.0,0.2539229460737922
fbc_tfnbs,"e=0.4,h=0.5,n=30,start_thres=1.25,min_cluster_size=3",hub,0.25,100,13,40,1730,38,0,2,1730,0.95,0.0,1.0,0.0,0.2539229460737922
fbc_tfnbs,"e=0.4,h=1.0,n=30,start_thres=1.25,min_cluster_size=3",hub,0.25,100,13,40,1730,38,0,2,1730,0.95,0.0,1.0,0.0,0.2539229460737922
fbc_tfnbs,"e=0.4,h=2.0,n=30,start_thres=1.25,min_cluster_size=3",hub,0.25,100,13,40,1730,39,0,1,1730,0.975,0.0,1.0,0.0,0.2539229460737922
fbc_tfnbs,"e=0.4,h=3.0,n=30,start_thres=1.25,min_cluster_size=3",hub,0.25,100,13,40,1730,39,0,1,1730,0.975,0.0,1.0,0.0,0.2539229460737922
fbc_tfnbs,"e=0.4,h=4.0,n=30,start_thres=1.25,min_cluster_size=3",hub,0.25,100,13,40,1730,39,0,1,1730,0.975,0.0,1.0,0.0,0.2539229460737922
fbc_tfnbs,"e=0.4,h=5.0,n=30,start_thres=1.25,min_cluster_size=3",hub,0.25,100,13,40,1730,39,0,1,1730,0.975,0.0,1.0,0.0,0.2539229460737922
fbc_tfnbs,"e=0.4,h=6.0,n=30,start_thres=1.25,min_cluster_size=3",hub,0.25,100,13,40,1730,39,0,1,1730,0.975,0.0,1.0,0.0,0.2539229460737922
fbc_tfnbs,"e=0.4,h=7.0,n=30,start_thres=1.25,min_cluster_size=3",hub,0.25,100,13,40,1730,39,0,1,1730,0.975,0.0,1.0,0.0,0.2539229460737922
fbc_tfnbs,"e=0.4,h=8.0,n=30,start_thres=1.25,min_cluster_size=3",hub,0.25,100,13,40,1730,39,0,1,1730,0.975,0.0,1.0,0.0,0.2539229460737922
fbc_tfnbs,"e=0.4,h=9.0,n=30,start_thres=1.25,min_cluster_size=3",hub,0.25,100,13,40,1730,39,0,1,1730,0.975,0.0,1.0,0.0,0.2539229460737922
fbc_tfnbs,"e=0.4,h=10.0,n=30,start_thres=1.25,min_cluster_size=3",hub,0.25,100,13,40,1730,39,0,1,1730,0.975,0.0,1.0,0.0,0.2539229460737922
fbc_tfnbs,"e=0.5,h=0.5,n=30,start_thres=1.25,min_cluster_size=3",hub,0.25,100,13,40,1730,38,0,2,1730,0.95,0.0,1.0,0.0,0.2539229460737922
fbc_tfnbs,"e=0.5,h=1.0,n=30,start_thres=1.25,min_cluster_size=3",hub,0.25,100,13,40,1730,38,0,2,1730,0.95,0.0,1.0,0.0,0.2539229460737922
fbc_tfnbs,"e=0.5,h=2.0,n=30,start_thres=1.25,min_cluster_size=3",hub,0.25,100,13,40,1730,39,0,1,1730,0.975,0.0,1.0,0.0,0.2539229460737922
fbc_tfnbs,"e=0.5,h=3.0,n=30,start_thres=1.25,min_cluster_size=3",hub,0.25,100,13,40,1730,39,0,1,1730,0.975,0.0,1.0,0.0,0.2539229460737922
fbc_tfnbs,"e=0.5,h=4.0,n=30,start_thres=1.25,min_cluster_size=3",hub,0.25,100,13,40,1730,39,0,1,1730,0.975,0.0,1.0,0.0,0.2539229460737922
fbc_tfnbs,"e=0.5,h=5.0,n=30,start_thres=1.25,min_cluster_size=3",hub,0.25,100,13,40,1730,39,0,1,1730,0.975,0.0,1.0,0.0,0.2539229460737922
fbc_tfnbs,"e=0.5,h=6.0,n=30,start_thres=1.25,min_cluster_size=3",hub,0.25,100,13,40,1730,39,0,1,1730,0.975,0.0,1.0,0.0,0.2539229460737922
fbc_tfnbs,"e=0.5,h=7.0,n=30,start_thres=1.25,min_cluster_size=3",hub,0.25,100,13,40,1730,39,0,1,1730,0.975,0.0,1.0,0.0,0.2539229460737922
fbc_tfnbs,"e=0.5,h=8.0,n=30,start_thres=1.25,min_cluster_size=3",hub,0.25,100,13,40,1730,39,0,1,1730,0.975,0.0,1.0,0.0,0.2539229460737922
fbc_tfnbs,"e=0.5,h=9.0,n=30,start_thres=1.25,min_cluster_size=3",hub,0.25,100,13,40,1730,39,0,1,1730,0.975,0.0,1.0,0.0,0.2539229460737922
fbc_tfnbs,"e=0.5,h=10.0,n=30,start_thres=1.25,min_cluster_size=3",hub,0.25,100,13,40,1730,39,0,1,1730,0.975,0.0,1.0,0.0,0.2539229460737922
fbc_tfnbs,"e=0.6,h=0.5,n=30,start_thres=1.25,min_cluster_size=3",hub,0.25,100,13,40,1730,38,0,2,1730,0.95,0.0,1.0,0.0,0.2539229460737922
fbc_tfnbs,"e=0.6,h=1.0,n=30,start_thres=1.25,min_cluster_size=3",hub,0.25,100,13,40,1730,38,0,2,1730,0.95,0.0,1.0,0.0,0.2539229460737922
fbc_tfnbs,"e=0.6,h=2.0,n=30,start_thres=1.25,min_cluster_size=3",hub,0.25,100,13,40,1730,38,0,2,1730,0.95,0.0,1.0,0.0,0.2539229460737922
fbc_tfnbs,"e=0.6,h=3.0,n=30,start_thres=1.25,min_cluster_size=3",hub,0.25,100,13,40,1730,39,0,1,1730,0.975,0.0,1.0,0.0,0.2539229460737922
fbc_tfnbs,"e=0.6,h=4.0,n=30,start_thres=1.25,min_cluster_size=3",hub,0.25,100,13,40,1730,39,0,1,1730,0.975,0.0,1.0,0.0,0.2539229460737922
fbc_tfnbs,"e=0.6,h=5.0,n=30,start_thres=1.25,min_cluster_size=3",hub,0.25,100,13,40,1730,39,0,1,1730,0.975,0.0,1.0,0.0,0.2539229460737922
fbc_tfnbs,"e=0.6,h=6.0,n=30,start_thres=1.25,min_cluster_size=3",hub,0.25,100,13,40,1730,39,0,1,1730,0.975,0.0,1.0,0.0,0.2539229460737922
fbc_tfnbs,"e=0.6,h=7.0,n=30,start_thres=1.25,min_cluster_size=3",hub,0.25,100,13,40,1730,39,0,1,1730,0.975,0.0,1.0,0.0,0.2539229460737922
fbc_tfnbs,"e=0.6,h=8.0,n=30,start_thres=1.25,min_cluster_size=3",hub,0.25,100,13,40,1730,39,0,1,1730,0.975,0.0,1.0,0.0,0.2539229460737922
fbc_tfnbs,"e=0.6,h=9.0,n=30,start_thres=1.25,min_cluster_size=3",hub,0.25,100,13,40,1730,39,0,1,1730,0.975,0.0,1.0,0.0,0.2539229460737922
fbc_tfnbs,"e=0.6,h=10.0,n=30,start_thres=1.25,min_cluster_size=3",hub,0.25,100,13,40,1730,39,0,1,1730,0.975,0.0,1.0,0.0,0.2539229460737922
fbc_tfnbs,"e=0.7,h=0.5,n=30,start_thres=1.25,min_cluster_size=3",hub,0.25,100,13,40,1730,38,0,2,1730,0.95,0.0,1.0,0.0,0.2539229460737922
fbc_tfnbs,"e=0.7,h=1.0,n=30,start_thres=1.25,min_cluster_size=3",hub,0.25,100,13,40,1730,38,0,2,1730,0.95,0.0,1.0,0.0,0.2539229460737922
fbc_tfnbs,"e=0.7,h=2.0,n=30,start_thres=1.25,min_cluster_size=3",hub,0.25,100,13,40,1730,38,0,2,1730,0.95,0.0,1.0,0.0,0.2539229460737922
fbc_tfnbs,"e=0.7,h=3.0,n=30,start_thres=1.25,min_cluster_size=3",hub,0.25,100,13,40,1730,39,0,1,1730,0.975,0.0,1.0,0.0,0.2539229460737922
fbc_tfnbs,"e=0.7,h=4.0,n=30,start_thres=1.25,min_cluster_size=3",hub,0.25,100,13,40,1730,39,0,1,1730,0.975,0.0,1.0,0.0,0.2539229460737922
fbc_tfnbs,"e=0.7,h=5.0,n=30,start_thres=1.25,min_cluster_size=3",hub,0.25,100,13,40,1730,39,0,1,1730,0.975,0.0,1.0,0.0,0.2539229460737922
fbc_tfnbs,"e=0.7,h=6.0,n=30,start_thres=1.25,min_cluster_size=3",hub,0.25,100,13,40,1730,39,0,1,1730,0.975,0.0,1.0,0.0,0.2539229460737922
fbc_tfnbs,"e=0.7,h=7.0,n=30,start_thres=1.25,min_cluster_size=3",hub,0.25,100,13,40,1730,39,0,1,1730,0.975,0.0,1.0,0.0,0.2539229460737922
fbc_tfnbs,"e=0.7,h=8.0,n=30,start_thres=1.25,min_cluster_size=3",hub,0.25,100,13,40,1730,39,0,1,1730,0.975,0.0,1.0,0.0,0.2539229460737922
fbc_tfnbs,"e=0.7,h=9.0,n=30,start_thres=1.25,min_cluster_size=3",hub,0.25,100,13,40,1730,39,0,1,1730,0.975,0.0,1.0,0.0,0.2539229460737922
fbc_tfnbs,"e=0.7,h=10.0,n=30,start_thres=1.25,min_cluster_size=3",hub,0.25,100,13,40,1730,39,0,1,1730,0.975,0.0,1.0,0.0,0.2539229460737922
fbc_tfnbs,"e=0.8,h=0.5,n=30,start_thres=1.25,min_cluster_size=3",hub,0.25,100,13,40,1730,38,0,2,1730,0.95,0.0,1.0,0.0,0.2539229460737922
fbc_tfnbs,"e=0.8,h=1.0,n=30,start_thres=1.25,min_cluster_size=3",hub,0.25,100,13,40,1730,38,0,2,1730,0.95,0.0,1.0,0.0,0.2539229460737922
fbc_tfnbs,"e=0.8,h=2.0,n=30,start_thres=1.25,min_cluster_size=3",hub,0.25,100,13,40,1730,38,0,2,1730,0.95,0.0,1.0,0.0,0.2539229460737922
fbc_tfnbs,"e=0.8,h=3.0,n=30,start_thres=1.25,min_cluster_size=3",hub,0.25,100,13,40,1730,39,0,1,1730,0.975,0.0,1.0,0.0,0.2539229460737922
fbc_tfnbs,"e=0.8,h=4.0,n=30,start_thres=1.25,min_cluster_size=3",hub,0.25,100,13,40,1730,39,0,1,1730,0.975,0.0,1.0,0.0,0.2539229460737922
fbc_tfnbs,"e=0.8,h=5.0,n=30,start_thres=1.25,min_cluster_size=3",hub,0.25,100,13,40,1730,39,0,1,1730,0.975,0.0,1.0,0.0,0.2539229460737922
fbc_tfnbs,"e=0.8,h=6.0,n=30,start_thres=1.25,min_cluster_size=3",hub,0.25,100,13,40,1730,39,0,1,1730,0.975,0.0,1.0,0.0,0.2539229460737922
fbc_tfnbs,"e=0.8,h=7.0,n=30,start_thres=1.25,min_cluster_size=3",hub,0.25,100,13,40,1730,39,0,1,1730,0.975,0.0,1.0,0.0,0.2539229460737922
fbc_tfnbs,"e=0.8,h=8.0,n=30,start_thres=1.25,min_cluster_size=3",hub,0.25,100,13,40,1730,39,0,1,1730,0.975,0.0,1.0,0.0,0.2539229460737922
fbc_tfnbs,"e=0.8,h=9.0,n=30,start_thres=1.25,min_cluster_size=3",hub,0.25,100,13,40,1730,39,0,1,1730,0.975,0.0,1.0,0.0,0.2539229460737922
fbc_tfnbs,"e=0.8,h=10.0,n=30,start_thres=1.25,min_cluster_size=3",hub,0.25,100,13,40,1730,39,0,1,1730,0.975,0.0,1.0,0.0,0.2539229460737922
fbc_tfnbs,"e=0.9,h=0.5,n=30,start_thres=1.25,min_cluster_size=3",hub,0.25,100,13,40,1730,37,0,3,1730,0.925,0.0,1.0,0.0,0.2539229460737922
fbc_tfnbs,"e=0.9,h=1.0,n=30,start_thres=1.25,min_cluster_size=3",hub,0.25,100,13,40,1730,38,0,2,1730,0.95,0.0,1.0,0.0,0.2539229460737922
fbc_tfnbs,"e=0.9,h=2.0,n=30,start_thres=1.25,min_cluster_size=3",hub,0.25,100,13,40,1730,38,0,2,1730,0.95,0.0,1.0,0.0,0.2539229460737922
fbc_tfnbs,"e=0.9,h=3.0,n=30,start_thres=1.25,min_cluster_size=3",hub,0.25,100,13,40,1730,38,0,2,1730,0.95,0.0,1.0,0.0,0.2539229460737922
fbc_tfnbs,"e=0.9,h=4.0,n=30,start_thres=1.25,min_cluster_size=3",hub,0.25,100,13,40,1730,39,0,1,1730,0.975,0.0,1.0,0.0,0.2539229460737922
fbc_tfnbs,"e=0.9,h=5.0,n=30,start_thres=1.25,min_cluster_size=3",hub,0.25,100,13,40,1730,39,0,1,1730,0.975,0.0,1.0,0.0,0.2539229460737922
fbc_tfnbs,"e=0.9,h=6.0,n=30,start_thres=1.25,min_cluster_size=3",hub,0.25,100,13,40,1730,39,0,1,1730,0.975,0.0,1.0,0.0,0.2539229460737922
fbc_tfnbs,"e=0.9,h=7.0,n=30,start_thres=1.25,min_cluster_size=3",hub,0.25,100,13,40,1730,39,0,1,1730,0.975,0.0,1.0,0.0,0.2539229460737922
fbc_tfnbs,"e=0.9,h=8.0,n=30,start_thres=1.25,min_cluster_size=3",hub,0.25,100,13,40,1730,39,0,1,1730,0.975,0.0,1.0,0.0,0.2539229460737922
fbc_tfnbs,"e=0.9,h=9.0,n=30,start_thres=1.25,min_cluster_size=3",hub,0.25,100,13,40,1730,39,0,1,1730,0.975,0.0,1.0,0.0,0.2539229460737922
fbc_tfnbs,"e=0.9,h=10.0,n=30,start_thres=1.25,min_cluster_size=3",hub,0.25,100,13,40,1730,39,0,1,1730,0.975,0.0,1.0,0.0,0.2539229460737922
fbc_tfnbs,"e=1.0,h=0.5,n=30,start_thres=1.25,min_cluster_size=3",hub,0.25,100,13,40,1730,36,0,4,1730,0.9,0.0,1.0,0.0,0.2539229460737922
fbc_tfnbs,"e=1.0,h=1.0,n=30,start_thres=1.25,min_cluster_size=3",hub,0.25,100,13,40,1730,38,0,2,1730,0.95,0.0,1.0,0.0,0.2539229460737922
fbc_tfnbs,"e=1.0,h=2.0,n=30,start_thres=1.25,min_cluster_size=3",hub,0.25,100,13,40,1730,38,0,2,1730,0.95,0.0,1.0,0.0,0.2539229460737922
fbc_tfnbs,"e=1.0,h=3.0,n=30,start_thres=1.25,min_cluster_size=3",hub,0.25,100,13,40,1730,38,0,2,1730,0.95,0.0,1.0,0.0,0.2539229460737922
fbc_tfnbs,"e=1.0,h=4.0,n=30,start_thres=1.25,min_cluster_size=3",hub,0.25,100,13,40,1730,39,0,1,1730,0.975,0.0,1.0,0.0,0.2539229460737922
fbc_tfnbs,"e=1.0,h=5.0,n=30,start_thres=1.25,min_cluster_size=3",hub,0.25,100,13,40,1730,39,0,1,1730,0.975,0.0,1.0,0.0,0.2539229460737922
fbc_tfnbs,"e=1.0,h=6.0,n=30,start_thres=1.25,min_cluster_size=3",hub,0.25,100,13,40,1730,39,0,1,1730,0.975,0.0,1.0,0.0,0.2539229460737922
fbc_tfnbs,"e=1.0,h=7.0,n=30,start_thres=1.25,min_cluster_size=3",hub,0.25,100,13,40,1730,39,0,1,1730,0.975,0.0,1.0,0.0,0.2539229460737922
fbc_tfnbs,"e=1.0,h=8.0,n=30,start_thres=1.25,min_cluster_size=3",hub,0.25,100,13,40,1730,39,0,1,1730,0.975,0.0,1.0,0.0,0.2539229460737922
fbc_tfnbs,"e=1.0,h=9.0,n=30,start_thres=1.25,min_cluster_size=3",hub,0.25,100,13,40,1730,39,0,1,1730,0.975,0.0,1.0,0.0,0.2539229460737922
fbc_tfnbs,"e=1.0,h=10.0,n=30,start_thres=1.25,min_cluster_size=3",hub,0.25,100,13,40,1730,39,0,1,1730,0.975,0.0,1.0,0.0,0.2539229460737922
fbc_tfnbs,"e=1.1,h=0.5,n=30,start_thres=1.25,min_cluster_size=3",hub,0.25,100,13,40,1730,36,0,4,1730,0.9,0.0,1.0,0.0,0.2539229460737922
fbc_tfnbs,"e=1.1,h=1.0,n=30,start_thres=1.25,min_cluster_size=3",hub,0.25,100,13,40,1730,36,0,4,1730,0.9,0.0,1.0,0.0,0.2539229460737922
fbc_tfnbs,"e=1.1,h=2.0,n=30,start_thres=1.25,min_cluster_size=3",hub,0.25,100,13,40,1730,38,0,2,1730,0.95,0.0,1.0,0.0,0.2539229460737922
fbc_tfnbs,"e=1.1,h=3.0,n=30,start_thres=1.25,min_cluster_size=3",hub,0.25,100,13,40,1730,38,0,2,1730,0.95,0.0,1.0,0.0,0.2539229460737922
fbc_tfnbs,"e=1.1,h=4.0,n=30,start_thres=1.25,min_cluster_size=3",hub,0.25,100,13,40,1730,39,0,1,1730,0.975,0.0,1.0,0.0,0.2539229460737922
fbc_tfnbs,"e=1.1,h=5.0,n=30,start_thres=1.25,min_cluster_size=3",hub,0.25,100,13,40,1730,39,0,1,1730,0.975,0.0,1.0,0.0,0.2539229460737922
fbc_tfnbs,"e=1.1,h=6.0,n=30,start_thres=1.25,min_cluster_size=3",hub,0.25,100,13,40,1730,39,0,1,1730,0.975,0.0,1.0,0.0,0.2539229460737922
fbc_tfnbs,"e=1.1,h=7.0,n=30,start_thres=1.25,min_cluster_size=3",hub,0.25,100,13,40,1730,39,0,1,1730,0.975,0.0,1.0,0.0,0.2539229460737922
fbc_tfnbs,"e=1.1,h=8.0,n=30,start_thres=1.25,min_cluster_size=3",hub,0.25,100,13,40,1730,39,0,1,1730,0.975,0.0,1.0,0.0,0.2539229460737922
fbc_tfnbs,"e=1.1,h=9.0,n=30,start_thres=1.25,min_cluster_size=3",hub,0.25,100,13,40,1730,39,0,1,1730,0.975,0.0,1.0,0.0,0.2539229460737922
fbc_tfnbs,"e=1.1,h=10.0,n=30,start_thres=1.25,min_cluster_size=3",hub,0.25,100,13,40,1730,39,0,1,1730,0.975,0.0,1.0,0.0,0.2539229460737922
fbc_tfnbs,"e=1.2,h=0.5,n=30,start_thres=1.25,min_cluster_size=3",hub,0.25,100,13,40,1730,34,0,6,1730,0.85,0.0,1.0,0.0,0.2539229460737922
fbc_tfnbs,"e=1.2,h=1.0,n=30,start_thres=1.25,min_cluster_size=3",hub,0.25,100,13,40,1730,36,0,4,1730,0.9,0.0,1.0,0.0,0.2539229460737922
fbc_tfnbs,"e=1.2,h=2.0,n=30,start_thres=1.25,min_cluster_size=3",hub,0.25,100,13,40,1730,38,0,2,1730,0.95,0.0,1.0,0.0,0.2539229460737922
fbc_tfnbs,"e=1.2,h=3.0,n=30,start_thres=1.25,min_cluster_size=3",hub,0.25,100,13,40,1730,38,0,2,1730,0.95,0.0,1.0,0.0,0.2539229460737922
fbc_tfnbs,"e=1.2,h=4.0,n=30,start_thres=1.25,min_cluster_size=3",hub,0.25,100,13,40,1730,38,0,2,1730,0.95,0.0,1.0,0.0,0.2539229460737922
fbc_tfnbs,"e=1.2,h=5.0,n=30,start_thres=1.25,min_cluster_size=3",hub,0.25,100,13,40,1730,39,0,1,1730,0.975,0.0,1.0,0.0,0.2539229460737922
fbc_tfnbs,"e=1.2,h=6.0,n=30,start_thres=1.25,min_cluster_size=3",hub,0.25,100,13,40,1730,39,0,1,1730,0.975,0.0,1.0,0.0,0.2539229460737922
fbc_tfnbs,"e=1.2,h=7.0,n=30,start_thres=1.25,min_cluster_size=3",hub,0.25,100,13,40,1730,39,0,1,1730,0.975,0.0,1.0,0.0,0.2539229460737922
fbc_tfnbs,"e=1.2,h=8.0,n=30,start_thres=1.25,min_cluster_size=3",hub,0.25,100,13,40,1730,39,0,1,1730,0.975,0.0,1.0,0.0,0.2539229460737922
fbc_tfnbs,"e=1.2,h=9.0,n=30,start_thres=1.25,min_cluster_size=3",hub,0.25,100,13,40,1730,39,0,1,1730,0.975,0.0,1.0,0.0,0.2539229460737922
fbc_tfnbs,"e=1.2,h=10.0,n=30,start_thres=1.25,min_cluster_size=3",hub,0.25,100,13,40,1730,39,0,1,1730,0.975,0.0,1.0,0.0,0.2539229460737922
fbc_tfnbs,"e=1.3,h=0.5,n=30,start_thres=1.25,min_cluster_size=3",hub,0.25,100,13,40,1730,30,0,10,1730,0.75,0.0,1.0,0.0,0.2539229460737922
fbc_tfnbs,"e=1.3,h=1.0,n=30,start_thres=1.25,min_cluster_size=3",hub,0.25,100,13,40,1730,36,0,4,1730,0.9,0.0,1.0,0.0,0.2539229460737922
fbc_tfnbs,"e=1.3,h=2.0,n=30,start_thres=1.25,min_cluster_size=3",hub,0.25,100,13,40,1730,38,0,2,1730,0.95,0.0,1.0,0.0,0.2539229460737922
fbc_tfnbs,"e=1.3,h=3.0,n=30,start_thres=1.25,min_cluster_size=3",hub,0.25,100,13,40,1730,38,0,2,1730,0.95,0.0,1.0,0.0,0.2539229460737922
fbc_tfnbs,"e=1.3,h=4.0,n=30,start_thres=1.25,min_cluster_size=3",hub,0.25,100,13,40,1730,38,0,2,1730,0.95,0.0,1.0,0.0,0.2539229460737922
fbc_tfnbs,"e=1.3,h=5.0,n=30,start_thres=1.25,min_cluster_size=3",hub,0.25,100,13,40,1730,39,0,1,1730,0.975,0.0,1.0,0.0,0.2539229460737922
fbc_tfnbs,"e=1.3,h=6.0,n=30,start_thres=1.25,min_cluster_size=3",hub,0.25,100,13,40,1730,39,0,1,1730,0.975,0.0,1.0,0.0,0.2539229460737922
fbc_tfnbs,"e=1.3,h=7.0,n=30,start_thres=1.25,min_cluster_size=3",hub,0.25,100,13,40,1730,39,0,1,1730,0.975,0.0,1.0,0.0,0.2539229460737922
fbc_tfnbs,"e=1.3,h=8.0,n=30,start_thres=1.25,min_cluster_size=3",hub,0.25,100,13,40,1730,39,0,1,1730,0.975,0.0,1.0,0.0,0.2539229460737922
fbc_tfnbs,"e=1.3,h=9.0,n=30,start_thres=1.25,min_cluster_size=3",hub,0.25,100,13,40,1730,39,0,1,1730,0.975,0.0,1.0,0.0,0.2539229460737922
fbc_tfnbs,"e=1.3,h=10.0,n=30,start_thres=1.25,min_cluster_size=3",hub,0.25,100,13,40,1730,39,0,1,1730,0.975,0.0,1.0,0.0,0.2539229460737922
fbc_tfnbs,"e=1.4,h=0.5,n=30,start_thres=1.25,min_cluster_size=3",hub,0.25,100,13,40,1730,28,0,12,1730,0.7,0.0,1.0,0.0,0.2539229460737922
fbc_tfnbs,"e=1.4,h=1.0,n=30,start_thres=1.25,min_cluster_size=3",hub,0.25,100,13,40,1730,34,0,6,1730,0.85,0.0,1.0,0.0,0.2539229460737922
fbc_tfnbs,"e=1.4,h=2.0,n=30,start_thres=1.25,min_cluster_size=3",hub,0.25,100,13,40,1730,37,0,3,1730,0.925,0.0,1.0,0.0,0.2539229460737922
fbc_tfnbs,"e=1.4,h=3.0,n=30,start_thres=1.25,min_cluster_size=3",hub,0.25,100,13,40,1730,38,0,2,1730,0.95,0.0,1.0,0.0,0.2539229460737922
fbc_tfnbs,"e=1.4,h=4.0,n=30,start_thres=1.25,min_cluster_size=3",hub,0.25,100,13,40,1730,38,0,2,1730,0.95,0.0,1.0,0.0,0.2539229460737922
fbc_tfnbs,"e=1.4,h=5.0,n=30,start_thres=1.25,min_cluster_size=3",hub,0.25,100,13,40,1730,39,0,1,1730,0.975,0.0,1.0,0.0,0.2539229460737922
fbc_tfnbs,"e=1.4,h=6.0,n=30,start_thres=1.25,min_cluster_size=3",hub,0.25,100,13,40,1730,39,0,1,1730,0.975,0.0,1.0,0.0,0.2539229460737922
fbc_tfnbs,"e=1.4,h=7.0,n=30,start_thres=1.25,min_cluster_size=3",hub,0.25,100,13,40,1730,39,0,1,1730,0.975,0.0,1.0,0.0,0.2539229460737922
fbc_tfnbs,"e=1.4,h=8.0,n=30,start_thres=1.25,min_cluster_size=3",hub,0.25,100,13,40,1730,39,0,1,1730,0.975,0.0,1.0,0.0,0.2539229460737922
fbc_tfnbs,"e=1.4,h=9.0,n=30,start_thres=1.25,min_cluster_size=3",hub,0.25,100,13,40,1730,39,0,1,1730,0.975,0.0,1.0,0.0,0.2539229460737922
fbc_tfnbs,"e=1.4,h=10.0,n=30,start_thres=1.25,min_cluster_size=3",hub,0.25,100,13,40,1730,39,0,1,1730,0.975,0.0,1.0,0.0,0.2539229460737922
fbc_tfnbs,"e=1.5,h=0.5,n=30,start_thres=1.25,min_cluster_size=3",hub,0.25,100,13,40,1730,27,0,13,1730,0.675,0.0,1.0,0.0,0.2539229460737922
fbc_tfnbs,"e=1.5,h=1.0,n=30,start_thres=1.25,min_cluster_size=3",hub,0.25,100,13,40,1730,30,0,10,1730,0.75,0.0,1.0,0.0,0.2539229460737922
fbc_tfnbs,"e=1.5,h=2.0,n=30,start_thres=1.25,min_cluster_size=3",hub,0.25,100,13,40,1730,36,0,4,1730,0.9,0.0,1.0,0.0,0.2539229460737922
fbc_tfnbs,"e=1.5,h=3.0,n=30,start_thres=1.25,min_cluster_size=3",hub,0.25,100,13,40,1730,38,0,2,1730,0.95,0.0,1.0,0.0,0.2539229460737922
fbc_tfnbs,"e=1.5,h=4.0,n=30,start_thres=1.25,min_cluster_size=3",hub,0.25,100,13,40,1730,38,0,2,1730,0.95,0.0,1.0,0.0,0.2539229460737922
fbc_tfnbs,"e=1.5,h=5.0,n=30,start_thres=1.25,min_cluster_size=3",hub,0.25,100,13,40,1730,39,0,1,1730,0.975,0.0,1.0,0.0,0.2539229460737922
fbc_tfnbs,"e=1.5,h=6.0,n=30,start_thres=1.25,min_cluster_size=3",hub,0.25,100,13,40,1730,39,0,1,1730,0.975,0.0,1.0,0.0,0.2539229460737922
fbc_tfnbs,"e=1.5,h=7.0,n=30,start_thres=1.25,min_cluster_size=3",hub,0.25,100,13,40,1730,39,0,1,1730,0.975,0.0,1.0,0.0,0.2539229460737922
fbc_tfnbs,"e=1.5,h=8.0,n=30,start_thres=1.25,min_cluster_size=3",hub,0.25,100,13,40,1730,39,0,1,1730,0.975,0.0,1.0,0.0,0.2539229460737922
fbc_tfnbs,"e=1.5,h=9.0,n=30,start_thres=1.25,min_cluster_size=3",hub,0.25,100,13,40,1730,39,0,1,1730,0.975,0.0,1.0,0.0,0.2539229460737922
fbc_tfnbs,"e=1.5,h=10.0,n=30,start_thres=1.25,min_cluster_size=3",hub,0.25,100,13,40,1730,39,0,1,1730,0.975,0.0,1.0,0.0,0.2539229460737922
fbc_tfnbs,"e=0.05,h=0.5,n=30,start_thres=1.25,min_cluster_size=3",hub,0.25,100,12,40,1730,36,0,4,1730,0.9,0.0,1.0,0.0,0.2602509964596141
fbc_tfnbs,"e=0.05,h=1.0,n=30,start_thres=1.25,min_cluster_size=3",hub,0.25,100,12,40,1730,36,0,4,1730,0.9,0.0,1.0,0.0,0.2602509964596141
fbc_tfnbs,"e=0.05,h=2.0,n=30,start_thres=1.25,min_cluster_size=3",hub,0.25,100,12,40,1730,36,0,4,1730,0.9,0.0,1.0,0.0,0.2602509964596141
fbc_tfnbs,"e=0.05,h=3.0,n=30,start_thres=1.25,min_cluster_size=3",hub,0.25,100,12,40,1730,36,0,4,1730,0.9,0.0,1.0,0.0,0.2602509964596141
fbc_tfnbs,"e=0.05,h=4.0,n=30,start_thres=1.25,min_cluster_size=3",hub,0.25,100,12,40,1730,36,0,4,1730,0.9,0.0,1.0,0.0,0.2602509964596141
fbc_tfnbs,"e=0.05,h=5.0,n=30,start_thres=1.25,min_cluster_size=3",hub,0.25,100,12,40,1730,36,0,4,1730,0.9,0.0,1.0,0.0,0.2602509964596141
fbc_tfnbs,"e=0.05,h=6.0,n=30,start_thres=1.25,min_cluster_size=3",hub,0.25,100,12,40,1730,36,0,4,1730,0.9,0.0,1.0,0.0,0.2602509964596141
fbc_tfnbs,"e=0.05,h=7.0,n=30,start_thres=1.25,min_cluster_size=3",hub,0.25,100,12,40,1730,36,0,4,1730,0.9,0.0,1.0,0.0,0.2602509964596141
fbc_tfnbs,"e=0.05,h=8.0,n=30,start_thres=1.25,min_cluster_size=3",hub,0.25,100,12,40,1730,36,0,4,1730,0.9,0.0,1.0,0.0,0.2602509964596141
fbc_tfnbs,"e=0.05,h=9.0,n=30,start_thres=1.25,min_cluster_size=3",hub,0.25,100,12,40,1730,36,0,4,1730,0.9,0.0,1.0,0.0,0.2602509964596141
fbc_tfnbs,"e=0.05,h=10.0,n=30,start_thres=1.25,min_cluster_size=3",hub,0.25,100,12,40,1730,36,0,4,1730,0.9,0.0,1.0,0.0,0.2602509964596141
fbc_tfnbs,"e=0.1,h=0.5,n=30,start_thres=1.25,min_cluster_size=3",hub,0.25,100,12,40,1730,36,0,4,1730,0.9,0.0,1.0,0.0,0.2602509964596141
fbc_tfnbs,"e=0.1,h=1.0,n=30,start_thres=1.25,min_cluster_size=3",hub,0.25,100,12,40,1730,36,0,4,1730,0.9,0.0,1.0,0.0,0.2602509964596141
fbc_tfnbs,"e=0.1,h=2.0,n=30,start_thres=1.25,min_cluster_size=3",hub,0.25,100,12,40,1730,36,0,4,1730,0.9,0.0,1.0,0.0,0.2602509964596141
fbc_tfnbs,"e=0.1,h=3.0,n=30,start_thres=1.25,min_cluster_size=3",hub,0.25,100,12,40,1730,36,0,4,1730,0.9,0.0,1.0,0.0,0.2602509964596141
fbc_tfnbs,"e=0.1,h=4.0,n=30,start_thres=1.25,min_cluster_size=3",hub,0.25,100,12,40,1730,36,0,4,1730,0.9,0.0,1.0,0.0,0.2602509964596141
fbc_tfnbs,"e=0.1,h=5.0,n=30,start_thres=1.25,min_cluster_size=3",hub,0.25,100,12,40,1730,36,0,4,1730,0.9,0.0,1.0,0.0,0.2602509964596141
fbc_tfnbs,"e=0.1,h=6.0,n=30,start_thres=1.25,min_cluster_size=3",hub,0.25,100,12,40,1730,36,0,4,1730,0.9,0.0,1.0,0.0,0.2602509964596141
fbc_tfnbs,"e=0.1,h=7.0,n=30,start_thres=1.25,min_cluster_size=3",hub,0.25,100,12,40,1730,36,0,4,1730,0.9,0.0,1.0,0.0,0.2602509964596141
fbc_tfnbs,"e=0.1,h=8.0,n=30,start_thres=1.25,min_cluster_size=3",hub,0.25,100,12,40,1730,36,0,4,1730,0.9,0.0,1.0,0.0,0.2602509964596141
fbc_tfnbs,"e=0.1,h=9.0,n=30,start_thres=1.25,min_cluster_size=3",hub,0.25,100,12,40,1730,36,0,4,1730,0.9,0.0,1.0,0.0,0.2602509964596141
fbc_tfnbs,"e=0.1,h=10.0,n=30,start_thres=1.25,min_cluster_size=3",hub,0.25,100,12,40,1730,36,0,4,1730,0.9,0.0,1.0,0.0,0.2602509964596141
fbc_tfnbs,"e=0.2,h=0.5,n=30,start_thres=1.25,min_cluster_size=3",hub,0.25,100,12,40,1730,36,0,4,1730,0.9,0.0,1.0,0.0,0.2602509964596141
fbc_tfnbs,"e=0.2,h=1.0,n=30,start_thres=1.25,min_cluster_size=3",hub,0.25,100,12,40,1730,36,0,4,1730,0.9,0.0,1.0,0.0,0.2602509964596141
fbc_tfnbs,"e=0.2,h=2.0,n=30,start_thres=1.25,min_cluster_size=3",hub,0.25,100,12,40,1730,36,0,4,1730,0.9,0.0,1.0,0.0,0.2602509964596141
fbc_tfnbs,"e=0.2,h=3.0,n=30,start_thres=1.25,min_cluster_size=3",hub,0.25,100,12,40,1730,36,0,4,1730,0.9,0.0,1.0,0.0,0.2602509964596141
fbc_tfnbs,"e=0.2,h=4.0,n=30,start_thres=1.25,min_cluster_size=3",hub,0.25,100,12,40,1730,36,0,4,1730,0.9,0.0,1.0,0.0,0.2602509964596141
fbc_tfnbs,"e=0.2,h=5.0,n=30,start_thres=1.25,min_cluster_size=3",hub,0.25,100,12,40,1730,36,0,4,1730,0.9,0.0,1.0,0.0,0.2602509964596141
fbc_tfnbs,"e=0.2,h=6.0,n=30,start_thres=1.25,min_cluster_size=3",hub,0.25,100,12,40,1730,36,0,4,1730,0.9,0.0,1.0,0.0,0.2602509964596141
fbc_tfnbs,"e=0.2,h=7.0,n=30,start_thres=1.25,min_cluster_size=3",hub,0.25,100,12,40,1730,36,0,4,1730,0.9,0.0,1.0,0.0,0.2602509964596141
fbc_tfnbs,"e=0.2,h=8.0,n=30,start_thres=1.25,min_cluster_size=3",hub,0.25,100,12,40,1730,36,0,4,1730,0.9,0.0,1.0,0.0,0.2602509964596141
fbc_tfnbs,"e=0.2,h=9.0,n=30,start_thres=1.25,min_cluster_size=3",hub,0.25,100,12,40,1730,36,0,4,1730,0.9,0.0,1.0,0.0,0.2602509964596141
fbc_tfnbs,"e=0.2,h=10.0,n=30,start_thres=1.25,min_cluster_size=3",hub,0.25,100,12,40,1730,36,0,4,1730,0.9,0.0,1.0,0.0,0.2602509964596141
fbc_tfnbs,"e=0.3,h=0.5,n=30,start_thres=1.25,min_cluster_size=3",hub,0.25,100,12,40,1730,36,0,4,1730,0.9,0.0,1.0,0.0,0.2602509964596141
fbc_tfnbs,"e=0.3,h=1.0,n=30,start_thres=1.25,min_cluster_size=3",hub,0.25,100,12,40,1730,36,0,4,1730,0.9,0.0,1.0,0.0,0.2602509964596141
fbc_tfnbs,"e=0.3,h=2.0,n=30,start_thres=1.25,min_cluster_size=3",hub,0.25,100,12,40,1730,36,0,4,1730,0.9,0.0,1.0,0.0,0.2602509964596141
fbc_tfnbs,"e=0.3,h=3.0,n=30,start_thres=1.25,min_cluster_size=3",hub,0.25,100,12,40,1730,36,0,4,1730,0.9,0.0,1.0,0.0,0.2602509964596141
fbc_tfnbs,"e=0.3,h=4.0,n=30,start_thres=1.25,min_cluster_size=3",hub,0.25,100,12,40,1730,36,0,4,1730,0.9,0.0,1.0,0.0,0.2602509964596141
fbc_tfnbs,"e=0.3,h=5.0,n=30,start_thres=1.25,min_cluster_size=3",hub,0.25,100,12,40,1730,36,0,4,1730,0.9,0.0,1.0,0.0,0.2602509964596141
fbc_tfnbs,"e=0.3,h=6.0,n=30,start_thres=1.25,min_cluster_size=3",hub,0.25,100,12,40,1730,36,0,4,1730,0.9,0.0,1.0,0.0,0.2602509964596141
fbc_tfnbs,"e=0.3,h=7.0,n=30,start_thres=1.25,min_cluster_size=3",hub,0.25,100,12,40,1730,36,0,4,1730,0.9,0.0,1.0,0.0,0.2602509964596141
fbc_tfnbs,"e=0.3,h=8.0,n=30,start_thres=1.25,min_cluster_size=3",hub,0.25,100,12,40,1730,36,0,4,1730,0.9,0.0,1.0,0.0,0.2602509964596141
fbc_tfnbs,"e=0.3,h=9.0,n=30,start_thres=1.25,min_cluster_size=3",hub,0.25,100,12,40,1730,36,0,4,1730,0.9,0.0,1.0,0.0,0.2602509964596141
fbc_tfnbs,"e=0.3,h=10.0,n=30,start_thres=1.25,min_cluster_size=3",hub,0.25,100,12,40,1730,36,0,4,1730,0.9,0.0,1.0,0.0,0.2602509964596141
fbc_tfnbs,"e=0.4,h=0.5,n=30,start_thres=1.25,min_cluster_size=3",hub,0.25,100,12,40,1730,35,0,5,1730,0.875,0.0,1.0,0.0,0.2602509964596141
fbc_tfnbs,"e=0.4,h=1.0,n=30,start_thres=1.25,min_cluster_size=3",hub,0.25,100,12,40,1730,36,0,4,1730,0.9,0.0,1.0,0.0,0.2602509964596141
fbc_tfnbs,"e=0.4,h=2.0,n=30,start_thres=1.25,min_cluster_size=3",hub,0.25,100,12,40,1730,36,0,4,1730,0.9,0.0,1.0,0.0,0.2602509964596141
fbc_tfnbs,"e=0.4,h=3.0,n=30,start_thres=1.25,min_cluster_size=3",hub,0.25,100,12,40,1730,36,0,4,1730,0.9,0.0,1.0,0.0,0.2602509964596141
fbc_tfnbs,"e=0.4,h=4.0,n=30,start_thres=1.25,min_cluster_size=3",hub,0.25,100,12,40,1730,36,0,4,1730,0.9,0.0,1.0,0.0,0.2602509964596141
fbc_tfnbs,"e=0.4,h=5.0,n=30,start_thres=1.25,min_cluster_size=3",hub,0.25,100,12,40,1730,36,0,4,1730,0.9,0.0,1.0,0.0,0.2602509964596141
fbc_tfnbs,"e=0.4,h=6.0,n=30,start_thres=1.25,min_cluster_size=3",hub,0.25,100,12,40,1730,36,0,4,1730,0.9,0.0,1.0,0.0,0.2602509964596141
fbc_tfnbs,"e=0.4,h=7.0,n=30,start_thres=1.25,min_cluster_size=3",hub,0.25,100,12,40,1730,36,0,4,1730,0.9,0.0,1.0,0.0,0.2602509964596141
fbc_tfnbs,"e=0.4,h=8.0,n=30,start_thres=1.25,min_cluster_size=3",hub,0.25,100,12,40,1730,36,0,4,1730,0.9,0.0,1.0,0.0,0.2602509964596141
fbc_tfnbs,"e=0.4,h=9.0,n=30,start_thres=1.25,min_cluster_size=3",hub,0.25,100,12,40,1730,36,0,4,1730,0.9,0.0,1.0,0.0,0.2602509964596141
fbc_tfnbs,"e=0.4,h=10.0,n=30,start_thres=1.25,min_cluster_size=3",hub,0.25,100,12,40,1730,36,0,4,1730,0.9,0.0,1.0,0.0,0.2602509964596141
fbc_tfnbs,"e=0.5,h=0.5,n=30,start_thres=1.25,min_cluster_size=3",hub,0.25,100,12,40,1730,35,0,5,1730,0.875,0.0,1.0,0.0,0.2602509964596141
fbc_tfnbs,"e=0.5,h=1.0,n=30,start_thres=1.25,min_cluster_size=3",hub,0.25,100,12,40,1730,35,0,5,1730,0.875,0.0,1.0,0.0,0.2602509964596141
fbc_tfnbs,"e=0.5,h=2.0,n=30,start_thres=1.25,min_cluster_size=3",hub,0.25,100,12,40,1730,36,0,4,1730,0.9,0.0,1.0,0.0,0.2602509964596141
fbc_tfnbs,"e=0.5,h=3.0,n=30,start_thres=1.25,min_cluster_size=3",hub,0.25,100,12,40,1730,36,0,4,1730,0.9,0.0,1.0,0.0,0.2602509964596141
fbc_tfnbs,"e=0.5,h=4.0,n=30,start_thres=1.25,min_cluster_size=3",hub,0.25,100,12,40,1730,36,0,4,1730,0.9,0.0,1.0,0.0,0.2602509964596141
fbc_tfnbs,"e=0.5,h=5.0,n=30,start_thres=1.25,min_cluster_size=3",hub,0.25,100,12,40,1730,36,0,4,1730,0.9,0.0,1.0,0.0,0.2602509964596141
fbc_tfnbs,"e=0.5,h=6.0,n=30,start_thres=1.25,min_cluster_size=3",hub,0.25,100,12,40,1730,36,0,4,1730,0.9,0.0,1.0,0.0,0.2602509964596141
fbc_tfnbs,"e=0.5,h=7.0,n=30,start_thres=1.25,min_cluster_size=3",hub,0.25,100,12,40,1730,36,0,4,1730,0.9,0.0,1.0,0.0,0.2602509964596141
fbc_tfnbs,"e=0.5,h=8.0,n=30,start_thres=1.25,min_cluster_size=3",hub,0.25,100,12,40,1730,36,0,4,1730,0.9,0.0,1.0,0.0,0.2602509964596141
fbc_tfnbs,"e=0.5,h=9.0,n=30,start_thres=1.25,min_cluster_size=3",hub,0.25,100,12,40,1730,36,0,4,1730,0.9,0.0,1.0,0.0,0.2602509964596141
fbc_tfnbs,"e=0.5,h=10.0,n=30,start_thres=1.25,min_cluster_size=3",hub,0.25,100,12,40,1730,36,0,4,1730,0.9,0.0,1.0,0.0,0.2602509964596141
fbc_tfnbs,"e=0.6,h=0.5,n=30,start_thres=1.25,min_cluster_size=3",hub,0.25,100,12,40,1730,35,0,5,1730,0.875,0.0,1.0,0.0,0.2602509964596141
fbc_tfnbs,"e=0.6,h=1.0,n=30,start_thres=1.25,min_cluster_size=3",hub,0.25,100,12,40,1730,35,0,5,1730,0.875,0.0,1.0,0.0,0.2602509964596141
fbc_tfnbs,"e=0.6,h=2.0,n=30,start_thres=1.25,min_cluster_size=3",hub,0.25,100,12,40,1730,36,0,4,1730,0.9,0.0,1.0,0.0,0.2602509964596141
fbc_tfnbs,"e=0.6,h=3.0,n=30,start_thres=1.25,min_cluster_size=3",hub,0.25,100,12,40,1730,36,0,4,1730,0.9,0.0,1.0,0.0,0.2602509964596141
fbc_tfnbs,"e=0.6,h=4.0,n=30,start_thres=1.25,min_cluster_size=3",hub,0.25,100,12,40,1730,36,0,4,1730,0.9,0.0,1.0,0.0,0.2602509964596141
fbc_tfnbs,"e=0.6,h=5.0,n=30,start_thres=1.25,min_cluster_size=3",hub,0.25,100,12,40,1730,36,0,4,1730,0.9,0.0,1.0,0.0,0.2602509964596141
fbc_tfnbs,"e=0.6,h=6.0,n=30,start_thres=1.25,min_cluster_size=3",hub,0.25,100,12,40,1730,36,0,4,1730,0.9,0.0,1.0,0.0,0.2602509964596141
fbc_tfnbs,"e=0.6,h=7.0,n=30,start_thres=1.25,min_cluster_size=3",hub,0.25,100,12,40,1730,37,0,3,1730,0.925,0.0,1.0,0.0,0.2602509964596141
fbc_tfnbs,"e=0.6,h=8.0,n=30,start_thres=1.25,min_cluster_size=3",hub,0.25,100,12,40,1730,37,0,3,1730,0.925,0.0,1.0,0.0,0.2602509964596141
fbc_tfnbs,"e=0.6,h=9.0,n=30,start_thres=1.25,min_cluster_size=3",hub,0.25,100,12,40,1730,37,0,3,1730,0.925,0.0,1.0,0.0,0.2602509964596141
fbc_tfnbs,"e=0.6,h=10.0,n=30,start_thres=1.25,min_cluster_size=3",hub,0.25,100,12,40,1730,37,0,3,1730,0.925,0.0,1.0,0.0,0.2602509964596141
fbc_tfnbs,"e=0.7,h=0.5,n=30,start_thres=1.25,min_cluster_size=3",hub,0.25,100,12,40,1730,35,0,5,1730,0.875,0.0,1.0,0.0,0.2602509964596141
fbc_tfnbs,"e=0.7,h=1.0,n=30,start_thres=1.25,min_cluster_size=3",hub,0.25,100,12,40,1730,35,0,5,1730,0.875,0.0,1.0,0.0,0.2602509964596141
fbc_tfnbs,"e=0.7,h=2.0,n=30,start_thres=1.25,min_cluster_size=3",hub,0.25,100,12,40,1730,36,0,4,1730,0.9,0.0,1.0,0.0,0.2602509964596141
fbc_tfnbs,"e=0.7,h=3.0,n=30,start_thres=1.25,min_cluster_size=3",hub,0.25,100,12,40,1730,36,0,4,1730,0.9,0.0,1.0,0.0,0.2602509964596141
fbc_tfnbs,"e=0.7,h=4.0,n=30,start_thres=1.25,min_cluster_size=3",hub,0.25,100,12,40,1730,36,0,4,1730,0.9,0.0,1.0,0.0,0.2602509964596141
fbc_tfnbs,"e=0.7,h=5.0,n=30,start_thres=1.25,min_cluster_size=3",hub,0.25,100,12,40,1730,36,0,4,1730,0.9,0.0,1.0,0.0,0.2602509964596141
fbc_tfnbs,"e=0.7,h=6.0,n=30,start_thres=1.25,min_cluster_size=3",hub,0.25,100,12,40,1730,36,0,4,1730,0.9,0.0,1.0,0.0,0.2602509964596141
fbc_tfnbs,"e=0.7,h=7.0,n=30,start_thres=1.25,min_cluster_size=3",hub,0.25,100,12,40,1730,37,0,3,1730,0.925,0.0,1.0,0.0,0.2602509964596141
fbc_tfnbs,"e=0.7,h=8.0,n=30,start_thres=1.25,min_cluster_size=3",hub,0.25,100,12,40,1730,37,0,3,1730,0.925,0.0,1.0,0.0,0.2602509964596141
fbc_tfnbs,"e=0.7,h=9.0,n=30,start_thres=1.25,min_cluster_size=3",hub,0.25,100,12,40,1730,37,0,3,1730,0.925,0.0,1.0,0.0,0.2602509964596141
fbc_tfnbs,"e=0.7,h=10.0,n=30,start_thres=1.25,min_cluster_size=3",hub,0.25,100,12,40,1730,37,0,3,1730,0.925,0.0,1.0,0.0,0.2602509964596141
fbc_tfnbs,"e=0.8,h=0.5,n=30,start_thres=1.25,min_cluster_size=3",hub,0.25,100,12,40,1730,35,0,5,1730,0.875,0.0,1.0,0.0,0.2602509964596141
fbc_tfnbs,"e=0.8,h=1.0,n=30,start_thres=1.25,min_cluster_size=3",hub,0.25,100,12,40,1730,35,0,5,1730,0.875,0.0,1.0,0.0,0.2602509964596141
fbc_tfnbs,"e=0.8,h=2.0,n=30,start_thres=1.25,min_cluster_size=3",hub,0.25,100,12,40,1730,35,0,5,1730,0.875,0.0,1.0,0.0,0.2602509964596141
fbc_tfnbs,"e=0.8,h=3.0,n=30,start_thres=1.25,min_cluster_size=3",hub,0.25,100,12,40,1730,36,0,4,1730,0.9,0.0,1.0,0.0,0.2602509964596141
fbc_tfnbs,"e=0.8,h=4.0,n=30,start_thres=1.25,min_cluster_size=3",hub,0.25,100,12,40,1730,36,0,4,1730,0.9,0.0,1.0,0.0,0.2602509964596141
fbc_tfnbs,"e=0.8,h=5.0,n=30,start_thres=1.25,min_cluster_size=3",hub,0.25,100,12,40,1730,36,0,4,1730,0.9,0.0,1.0,0.0,0.2602509964596141
fbc_tfnbs,"e=0.8,h=6.0,n=30,start_thres=1.25,min_cluster_size=3",hub,0.25,100,12,40,1730,37,0,3,1730,0.925,0.0,1.0,0.0,0.2602509964596141
fbc_tfnbs,"e=0.8,h=7.0,n=30,start_thres=1.25,min_cluster_size=3",hub,0.25,100,12,40,1730,37,0,3,1730,0.925,0.0,1.0,0.0,0.2602509964596141
fbc_tfnbs,"e=0.8,h=8.0,n=30,start_thres=1.25,min_cluster_size=3",hub,0.25,100,12,40,1730,37,0,3,1730,0.925,0.0,1.0,0.0,0.2602509964596141
fbc_tfnbs,"e=0.8,h=9.0,n=30,start_thres=1.25,min_cluster_size=3",hub,0.25,100,12,40,1730,37,0,3,1730,0.925,0.0,1.0,0.0,0.2602509964596141
fbc_tfnbs,"e=0.8,h=10.0,n=30,start_thres=1.25,min_cluster_size=3",hub,0.25,100,12,40,1730,37,0,3,1730,0.925,0.0,1.0,0.0,0.2602509964596141
fbc_tfnbs,"e=0.9,h=0.5,n=30,start_thres=1.25,min_cluster_size=3",hub,0.25,100,12,40,1730,34,0,6,1730,0.85,0.0,1.0,0.0,0.2602509964596141
fbc_tfnbs,"e=0.9,h=1.0,n=30,start_thres=1.25,min_cluster_size=3",hub,0.25,100,12,40,1730,35,0,5,1730,0.875,0.0,1.0,0.0,0.2602509964596141
fbc_tfnbs,"e=0.9,h=2.0,n=30,start_thres=1.25,min_cluster_size=3",hub,0.25,100,12,40,1730,35,0,5,1730,0.875,0.0,1.0,0.0,0.2602509964596141
fbc_tfnbs,"e=0.9,h=3.0,n=30,start_thres=1.25,min_cluster_size=3",hub,0.25,100,12,40,1730,36,0,4,1730,0.9,0.0,1.0,0.0,0.2602509964596141
fbc_tfnbs,"e=0.9,h=4.0,n=30,start_thres=1.25,min_cluster_size=3",hub,0.25,100,12,40,1730,36,0,4,1730,0.9,0.0,1.0,0.0,0.2602509964596141
fbc_tfnbs,"e=0.9,h=5.0,n=30,start_thres=1.25,min_cluster_size=3",hub,0.25,100,12,40,1730,36,0,4,1730,0.9,0.0,1.0,0.0,0.2602509964596141
fbc_tfnbs,"e=0.9,h=6.0,n=30,start_thres=1.25,min_cluster_size=3",hub,0.25,100,12,40,1730,37,0,3,1730,0.925,0.0,1.0,0.0,0.2602509964596141
fbc_tfnbs,"e=0.9,h=7.0,n=30,start_thres=1.25,min_cluster_size=3",hub,0.25,100,12,40,1730,37,0,3,1730,0.925,0.0,1.0,0.0,0.2602509964596141
fbc_tfnbs,"e=0.9,h=8.0,n=30,start_thres=1.25,min_cluster_size=3",hub,0.25,100,12,40,1730,37,0,3,1730,0.925,0.0,1.0,0.0,0.2602509964596141
fbc_tfnbs,"e=0.9,h=9.0,n=30,start_thres=1.25,min_cluster_size=3",hub,0.25,100,12,40,1730,37,0,3,1730,0.925,0.0,1.0,0.0,0.2602509964596141
fbc_tfnbs,"e=0.9,h=10.0,n=30,start_thres=1.25,min_cluster_size=3",hub,0.25,100,12,40,1730,37,0,3,1730,0.925,0.0,1.0,0.0,0.2602509964596141
fbc_tfnbs,"e=1.0,h=0.5,n=30,start_thres=1.25,min_cluster_size=3",hub,0.25,100,12,40,1730,31,0,9,1730,0.775,0.0,1.0,0.0,0.2602509964596141
fbc_tfnbs,"e=1.0,h=1.0,n=30,start_thres=1.25,min_cluster_size=3",hub,0.25,100,12,40,1730,34,0,6,1730,0.85,0.0,1.0,0.0,0.2602509964596141
fbc_tfnbs,"e=1.0,h=2.0,n=30,start_thres=1.25,min_cluster_size=3",hub,0.25,100,12,40,1730,35,0,5,1730,0.875,0.0,1.0,0.0,0.2602509964596141
fbc_tfnbs,"e=1.0,h=3.0,n=30,start_thres=1.25,min_cluster_size=3",hub,0.25,100,12,40,1730,36,0,4,1730,0.9,0.0,1.0,0.0,0.2602509964596141
fbc_tfnbs,"e=1.0,h=4.0,n=30,start_thres=1.25,min_cluster_size=3",hub,0.25,100,12,40,1730,36,0,4,1730,0.9,0.0,1.0,0.0,0.2602509964596141
fbc_tfnbs,"e=1.0,h=5.0,n=30,start_thres=1.25,min_cluster_size=3",hub,0.25,100,12,40,1730,36,0,4,1730,0.9,0.0,1.0,0.0,0.2602509964596141
fbc_tfnbs,"e=1.0,h=6.0,n=30,start_thres=1.25,min_cluster_size=3",hub,0.25,100,12,40,1730,37,0,3,1730,0.925,0.0,1.0,0.0,0.2602509964596141
fbc_tfnbs,"e=1.0,h=7.0,n=30,start_thres=1.25,min_cluster_size=3",hub,0.25,100,12,40,1730,37,0,3,1730,0.925,0.0,1.0,0.0,0.2602509964596141
fbc_tfnbs,"e=1.0,h=8.0,n=30,start_thres=1.25,min_cluster_size=3",hub,0.25,100,12,40,1730,37,0,3,1730,0.925,0.0,1.0,0.0,0.2602509964596141
fbc_tfnbs,"e=1.0,h=9.0,n=30,start_thres=1.25,min_cluster_size=3",hub,0.25,100,12,40,1730,37,0,3,1730,0.925,0.0,1.0,0.0,0.2602509964596141
fbc_tfnbs,"e=1.0,h=10.0,n=30,start_thres=1.25,min_cluster_size=3",hub,0.25,100,12,40,1730,37,0,3,1730,0.925,0.0,1.0,0.0,0.2602509964596141
fbc_tfnbs,"e=1.1,h=0.5,n=30,start_thres=1.25,min_cluster_size=3",hub,0.25,100,12,40,1730,31,0,9,1730,0.775,0.0,1.0,0.0,0.2602509964596141
fbc_tfnbs,"e=1.1,h=1.0,n=30,start_thres=1.25,min_cluster_size=3",hub,0.25,100,12,40,1730,34,0,6,1730,0.85,0.0,1.0,0.0,0.2602509964596141
fbc_tfnbs,"e=1.1,h=2.0,n=30,start_thres=1.25,min_cluster_size=3",hub,0.25,100,12,40,1730,35,0,5,1730,0.875,0.0,1.0,0.0,0.2602509964596141
fbc_tfnbs,"e=1.1,h=3.0,n=30,start_thres=1.25,min_cluster_size=3",hub,0.25,100,12,40,1730,35,0,5,1730,0.875,0.0,1.0,0.0,0.2602509964596141
fbc_tfnbs,"e=1.1,h=4.0,n=30,start_thres=1.25,min_cluster_size=3",hub,0.25,100,12,40,1730,36,0,4,1730,0.9,0.0,1.0,0.0,0.2602509964596141
fbc_tfnbs,"e=1.1,h=5.0,n=30,start_thres=1.25,min_cluster_size=3",hub,0.25,100,12,40,1730,36,0,4,1730,0.9,0.0,1.0,0.0,0.2602509964596141
fbc_tfnbs,"e=1.1,h=6.0,n=30,start_thres=1.25,min_cluster_size=3",hub,0.25,100,12,40,1730,37,0,3,1730,0.925,0.0,1.0,0.0,0.2602509964596141
fbc_tfnbs,"e=1.1,h=7.0,n=30,start_thres=1.25,min_cluster_size=3",hub,0.25,100,12,40,1730,37,0,3,1730,0.925,0.0,1.0,0.0,0.2602509964596141
fbc_tfnbs,"e=1.1,h=8.0,n=30,start_thres=1.25,min_cluster_size=3",hub,0.25,100,12,40,1730,37,0,3,1730,0.925,0.0,1.0,0.0,0.2602509964596141
fbc_tfnbs,"e=1.1,h=9.0,n=30,start_thres=1.25,min_cluster_size=3",hub,0.25,100,12,40,1730,37,0,3,1730,0.925,0.0,1.0,0.0,0.2602509964596141
fbc_tfnbs,"e=1.1,h=10.0,n=30,start_thres=1.25,min_cluster_size=3",hub,0.25,100,12,40,1730,37,0,3,1730,0.925,0.0,1.0,0.0,0.2602509964596141
fbc_tfnbs,"e=1.2,h=0.5,n=30,start_thres=1.25,min_cluster_size=3",hub,0.25,100,12,40,1730,28,0,12,1730,0.7,0.0,1.0,0.0,0.2602509964596141
fbc_tfnbs,"e=1.2,h=1.0,n=30,start_thres=1.25,min_cluster_size=3",hub,0.25,100,12,40,1730,31,0,9,1730,0.775,0.0,1.0,0.0,0.2602509964596141
fbc_tfnbs,"e=1.2,h=2.0,n=30,start_thres=1.25,min_cluster_size=3",hub,0.25,100,12,40,1730,35,0,5,1730,0.875,0.0,1.0,0.0,0.2602509964596141
fbc_tfnbs,"e=1.2,h=3.0,n=30,start_thres=1.25,min_cluster_size=3",hub,0.25,100,12,40,1730,35,0,5,1730,0.875,0.0,1.0,0.0,0.2602509964596141
fbc_tfnbs,"e=1.2,h=4.0,n=30,start_thres=1.25,min_cluster_size=3",hub,0.25,100,12,40,1730,36,0,4,1730,0.9,0.0,1.0,0.0,0.2602509964596141
fbc_tfnbs,"e=1.2,h=5.0,n=30,start_thres=1.25,min_cluster_size=3",hub,0.25,100,12,40,1730,36,0,4,1730,0.9,0.0,1.0,0.0,0.2602509964596141
fbc_tfnbs,"e=1.2,h=6.0,n=30,start_thres=1.25,min_cluster_size=3",hub,0.25,100,12,40,1730,37,0,3,1730,0.925,0.0,1.0,0.0,0.2602509964596141
fbc_tfnbs,"e=1.2,h=7.0,n=30,start_thres=1.25,min_cluster_size=3",hub,0.25,100,12,40,1730,37,0,3,1730,0.925,0.0,1.0,0.0,0.2602509964596141
fbc_tfnbs,"e=1.2,h=8.0,n=30,start_thres=1.25,min_cluster_size=3",hub,0.25,100,12,40,1730,37,0,3,1730,0.925,0.0,1.0,0.0,0.2602509964596141
fbc_tfnbs,"e=1.2,h=9.0,n=30,start_thres=1.25,min_cluster_size=3",hub,0.25,100,12,40,1730,37,0,3,1730,0.925,0.0,1.0,0.0,0.2602509964596141
fbc_tfnbs,"e=1.2,h=10.0,n=30,start_thres=1.25,min_cluster_size=3",hub,0.25,100,12,40,1730,37,0,3,1730,0.925,0.0,1.0,0.0,0.2602509964596141
fbc_tfnbs,"e=1.3,h=0.5,n=30,start_thres=1.25,min_cluster_size=3",hub,0.25,100,12,40,1730,26,0,14,1730,0.65,0.0,1.0,0.0,0.2602509964596141
fbc_tfnbs,"e=1.3,h=1.0,n=30,start_thres=1.25,min_cluster_size=3",hub,0.25,100,12,40,1730,31,0,9,1730,0.775,0.0,1.0,0.0,0.2602509964596141
fbc_tfnbs,"e=1.3,h=2.0,n=30,start_thres=1.25,min_cluster_size=3",hub,0.25,100,12,40,1730,35,0,5,1730,0.875,0.0,1.0,0.0,0.2602509964596141
fbc_tfnbs,"e=1.3,h=3.0,n=30,start_thres=1.25,min_cluster_size=3",hub,0.25,100,12,40,1730,35,0,5,1730,0.875,0.0,1.0,0.0,0.2602509964596141
fbc_tfnbs,"e=1.3,h=4.0,n=30,start_thres=1.25,min_cluster_size=3",hub,0.25,100,12,40,1730,36,0,4,1730,0.9,0.0,1.0,0.0,0.2602509964596141
fbc_tfnbs,"e=1.3,h=5.0,n=30,start_thres=1.25,min_cluster_size=3",hub,0.25,100,12,40,1730,36,0,4,1730,0.9,0.0,1.0,0.0,0.2602509964596141
fbc_tfnbs,"e=1.3,h=6.0,n=30,start_thres=1.25,min_cluster_size=3",hub,0.25,100,12,40,1730,37,0,3,1730,0.925,0.0,1.0,0.0,0.2602509964596141
fbc_tfnbs,"e=1.3,h=7.0,n=30,start_thres=1.25,min_cluster_size=3",hub,0.25,100,12,40,1730,37,0,3,1730,0.925,0.0,1.0,0.0,0.2602509964596141
fbc_tfnbs,"e=1.3,h=8.0,n=30,start_thres=1.25,min_cluster_size=3",hub,0.25,100,12,40,1730,37,0,3,1730,0.925,0.0,1.0,0.0,0.2602509964596141
fbc_tfnbs,"e=1.3,h=9.0,n=30,start_thres=1.25,min_cluster_size=3",hub,0.25,100,12,40,1730,37,0,3,1730,0.925,0.0,1.0,0.0,0.2602509964596141
fbc_tfnbs,"e=1.3,h=10.0,n=30,start_thres=1.25,min_cluster_size=3",hub,0.25,100,12,40,1730,37,0,3,1730,0.925,0.0,1.0,0.0,0.2602509964596141
fbc_tfnbs,"e=1.4,h=0.5,n=30,start_thres=1.25,min_cluster_size=3",hub,0.25,100,12,40,1730,24,0,16,1730,0.6,0.0,1.0,0.0,0.2602509964596141
fbc_tfnbs,"e=1.4,h=1.0,n=30,start_thres=1.25,min_cluster_size=3",hub,0.25,100,12,40,1730,28,0,12,1730,0.7,0.0,1.0,0.0,0.2602509964596141
fbc_tfnbs,"e=1.4,h=2.0,n=30,start_thres=1.25,min_cluster_size=3",hub,0.25,100,12,40,1730,34,0,6,1730,0.85,0.0,1.0,0.0,0.2602509964596141
fbc_tfnbs,"e=1.4,h=3.0,n=30,start_thres=1.25,min_cluster_size=3",hub,0.25,100,12,40,1730,35,0,5,1730,0.875,0.0,1.0,0.0,0.2602509964596141
fbc_tfnbs,"e=1.4,h=4.0,n=30,start_thres=1.25,min_cluster_size=3",hub,0.25,100,12,40,1730,36,0,4,1730,0.9,0.0,1.0,0.0,0.2602509964596141
fbc_tfnbs,"e=1.4,h=5.0,n=30,start_thres=1.25,min_cluster_size=3",hub,0.25,100,12,40,1730,36,0,4,1730,0.9,0.0,1.0,0.0,0.2602509964596141
fbc_tfnbs,"e=1.4,h=6.0,n=30,start_thres=1.25,min_cluster_size=3",hub,0.25,100,12,40,1730,37,0,3,1730,0.925,0.0,1.0,0.0,0.2602509964596141
fbc_tfnbs,"e=1.4,h=7.0,n=30,start_thres=1.25,min_cluster_size=3",hub,0.25,100,12,40,1730,37,0,3,1730,0.925,0.0,1.0,0.0,0.2602509964596141
fbc_tfnbs,"e=1.4,h=8.0,n=30,start_thres=1.25,min_cluster_size=3",hub,0.25,100,12,40,1730,37,0,3,1730,0.925,0.0,1.0,0.0,0.2602509964596141
fbc_tfnbs,"e=1.4,h=9.0,n=30,start_thres=1.25,min_cluster_size=3",hub,0.25,100,12,40,1730,37,0,3,1730,0.925,0.0,1.0,0.0,0.2602509964596141
fbc_tfnbs,"e=1.4,h=10.0,n=30,start_thres=1.25,min_cluster_size=3",hub,0.25,100,12,40,1730,37,0,3,1730,0.925,0.0,1.0,0.0,0.2602509964596141
fbc_tfnbs,"e=1.5,h=0.5,n=30,start_thres=1.25,min_cluster_size=3",hub,0.25,100,12,40,1730,21,0,19,1730,0.525,0.0,1.0,0.0,0.2602509964596141
fbc_tfnbs,"e=1.5,h=1.0,n=30,start_thres=1.25,min_cluster_size=3",hub,0.25,100,12,40,1730,26,0,14,1730,0.65,0.0,1.0,0.0,0.2602509964596141
fbc_tfnbs,"e=1.5,h=2.0,n=30,start_thres=1.25,min_cluster_size=3",hub,0.25,100,12,40,1730,31,0,9,1730,0.775,0.0,1.0,0.0,0.2602509964596141
fbc_tfnbs,"e=1.5,h=3.0,n=30,start_thres=1.25,min_cluster_size=3",hub,0.25,100,12,40,1730,35,0,5,1730,0.875,0.0,1.0,0.0,0.2602509964596141
fbc_tfnbs,"e=1.5,h=4.0,n=30,start_thres=1.25,min_cluster_size=3",hub,0.25,100,12,40,1730,35,0,5,1730,0.875,0.0,1.0,0.0,0.2602509964596141
fbc_tfnbs,"e=1.5,h=5.0,n=30,start_thres=1.25,min_cluster_size=3",hub,0.25,100,12,40,1730,36,0,4,1730,0.9,0.0,1.0,0.0,0.2602509964596141
fbc_tfnbs,"e=1.5,h=6.0,n=30,start_thres=1.25,min_cluster_size=3",hub,0.25,100,12,40,1730,36,0,4,1730,0.9,0.0,1.0,0.0,0.2602509964596141
fbc_tfnbs,"e=1.5,h=7.0,n=30,start_thres=1.25,min_cluster_size=3",hub,0.25,100,12,40,1730,37,0,3,1730,0.925,0.0,1.0,0.0,0.2602509964596141
fbc_tfnbs,"e=1.5,h=8.0,n=30,start_thres=1.25,min_cluster_size=3",hub,0.25,100,12,40,1730,37,0,3,1730,0.925,0.0,1.0,0.0,0.2602509964596141
fbc_tfnbs,"e=1.5,h=9.0,n=30,start_thres=1.25,min_cluster_size=3",hub,0.25,100,12,40,1730,37,0,3,1730,0.925,0.0,1.0,0.0,0.2602509964596141
fbc_tfnbs,"e=1.5,h=10.0,n=30,start_thres=1.25,min_cluster_size=3",hub,0.25,100,12,40,1730,37,0,3,1730,0.925,0.0,1.0,0.0,0.2602509964596141
fbc_tfnbs,"e=0.05,h=0.5,n=30,start_thres=1.25,min_cluster_size=3",hub,0.25,100,14,40,1730,37,0,3,1730,0.925,0.0,1.0,0.0,0.2542313296686519
fbc_tfnbs,"e=0.05,h=1.0,n=30,start_thres=1.25,min_cluster_size=3",hub,0.25,100,14,40,1730,37,0,3,1730,0.925,0.0,1.0,0.0,0.2542313296686519
fbc_tfnbs,"e=0.05,h=2.0,n=30,start_thres=1.25,min_cluster_size=3",hub,0.25,100,14,40,1730,37,0,3,1730,0.925,0.0,1.0,0.0,0.2542313296686519
fbc_tfnbs,"e=0.05,h=3.0,n=30,start_thres=1.25,min_cluster_size=3",hub,0.25,100,14,40,1730,37,0,3,1730,0.925,0.0,1.0,0.0,0.2542313296686519
fbc_tfnbs,"e=0.05,h=4.0,n=30,start_thres=1.25,min_cluster_size=3",hub,0.25,100,14,40,1730,37,0,3,1730,0.925,0.0,1.0,0.0,0.2542313296686519
fbc_tfnbs,"e=0.05,h=5.0,n=30,start_thres=1.25,min_cluster_size=3",hub,0.25,100,14,40,1730,37,0,3,1730,0.925,0.0,1.0,0.0,0.2542313296686519
fbc_tfnbs,"e=0.05,h=6.0,n=30,start_thres=1.25,min_cluster_size=3",hub,0.25,100,14,40,1730,37,0,3,1730,0.925,0.0,1.0,0.0,0.2542313296686519
fbc_tfnbs,"e=0.05,h=7.0,n=30,start_thres=1.25,min_cluster_size=3",hub,0.25,100,14,40,1730,37,0,3,1730,0.925,0.0,1.0,0.0,0.2542313296686519
fbc_tfnbs,"e=0.05,h=8.0,n=30,start_thres=1.25,min_cluster_size=3",hub,0.25,100,14,40,1730,37,0,3,1730,0.925,0.0,1.0,0.0,0.2542313296686519
fbc_tfnbs,"e=0.05,h=9.0,n=30,start_thres=1.25,min_cluster_size=3",hub,0.25,100,14,40,1730,37,0,3,1730,0.925,0.0,1.0,0.0,0.2542313296686519
fbc_tfnbs,"e=0.05,h=10.0,n=30,start_thres=1.25,min_cluster_size=3",hub,0.25,100,14,40,1730,37,0,3,1730,0.925,0.0,1.0,0.0,0.2542313296686519
fbc_tfnbs,"e=0.1,h=0.5,n=30,start_thres=1.25,min_cluster_size=3",hub,0.25,100,14,40,1730,37,0,3,1730,0.925,0.0,1.0,0.0,0.2542313296686519
fbc_tfnbs,"e=0.1,h=1.0,n=30,start_thres=1.25,min_cluster_size=3",hub,0.25,100,14,40,1730,37,0,3,1730,0.925,0.0,1.0,0.0,0.2542313296686519
fbc_tfnbs,"e=0.1,h=2.0,n=30,start_thres=1.25,min_cluster_size=3",hub,0.25,100,14,40,1730,37,0,3,1730,0.925,0.0,1.0,0.0,0.2542313296686519
fbc_tfnbs,"e=0.1,h=3.0,n=30,start_thres=1.25,min_cluster_size=3",hub,0.25,100,14,40,1730,37,0,3,1730,0.925,0.0,1.0,0.0,0.2542313296686519
fbc_tfnbs,"e=0.1,h=4.0,n=30,start_thres=1.25,min_cluster_size=3",hub,0.25,100,14,40,1730,37,0,3,1730,0.925,0.0,1.0,0.0,0.2542313296686519
fbc_tfnbs,"e=0.1,h=5.0,n=30,start_thres=1.25,min_cluster_size=3",hub,0.25,100,14,40,1730,37,0,3,1730,0.925,0.0,1.0,0.0,0.2542313296686519
fbc_tfnbs,"e=0.1,h=6.0,n=30,start_thres=1.25,min_cluster_size=3",hub,0.25,100,14,40,1730,37,0,3,1730,0.925,0.0,1.0,0.0,0.2542313296686519
fbc_tfnbs,"e=0.1,h=7.0,n=30,start_thres=1.25,min_cluster_size=3",hub,0.25,100,14,40,1730,37,0,3,1730,0.925,0.0,1.0,0.0,0.2542313296686519
fbc_tfnbs,"e=0.1,h=8.0,n=30,start_thres=1.25,min_cluster_size=3",hub,0.25,100,14,40,1730,37,0,3,1730,0.925,0.0,1.0,0.0,0.2542313296686519
fbc_tfnbs,"e=0.1,h=9.0,n=30,start_thres=1.25,min_cluster_size=3",hub,0.25,100,14,40,1730,37,0,3,1730,0.925,0.0,1.0,0.0,0.2542313296686519
fbc_tfnbs,"e=0.1,h=10.0,n=30,start_thres=1.25,min_cluster_size=3",hub,0.25,100,14,40,1730,37,0,3,1730,0.925,0.0,1.0,0.0,0.2542313296686519
fbc_tfnbs,"e=0.2,h=0.5,n=30,start_thres=1.25,min_cluster_size=3",hub,0.25,100,14,40,1730,37,0,3,1730,0.925,0.0,1.0,0.0,0.2542313296686519
fbc_tfnbs,"e=0.2,h=1.0,n=30,start_thres=1.25,min_cluster_size=3",hub,0.25,100,14,40,1730,37,1,3,1729,0.925,0.0005780346820809,0.9736842105263158,0.0263157894736842,0.2542313296686519
fbc_tfnbs,"e=0.2,h=2.0,n=30,start_thres=1.25,min_cluster_size=3",hub,0.25,100,14,40,1730,37,1,3,1729,0.925,0.0005780346820809,0.9736842105263158,0.0263157894736842,0.2542313296686519
fbc_tfnbs,"e=0.2,h=3.0,n=30,start_thres=1.25,min_cluster_size=3",hub,0.25,100,14,40,1730,37,1,3,1729,0.925,0.0005780346820809,0.9736842105263158,0.0263157894736842,0.2542313296686519
fbc_tfnbs,"e=0.2,h=4.0,n=30,start_thres=1.25,min_cluster_size=3",hub,0.25,100,14,40,1730,37,1,3,1729,0.925,0.0005780346820809,0.9736842105263158,0.0263157894736842,0.2542313296686519
fbc_tfnbs,"e=0.2,h=5.0,n=30,start_thres=1.25,min_cluster_size=3",hub,0.25,100,14,40,1730,37,1,3,1729,0.925,0.0005780346820809,0.9736842105263158,0.0263157894736842,0.2542313296686519
fbc_tfnbs,"e=0.2,h=6.0,n=30,start_thres=1.25,min_cluster_size=3",hub,0.25,100,14,40,1730,37,1,3,1729,0.925,0.0005780346820809,0.9736842105263158,0.0263157894736842,0.2542313296686519
fbc_tfnbs,"e=0.2,h=7.0,n=30,start_thres=1.25,min_cluster_size=3",hub,0.25,100,14,40,1730,37,1,3,1729,0.925,0.0005780346820809,0.9736842105263158,0.0263157894736842,0.2542313296686519
fbc_tfnbs,"e=0.2,h=8.0,n=30,start_thres=1.25,min_cluster_size=3",hub,0.25,100,14,40,1730,37,1,3,1729,0.925,0.0005780346820809,0.9736842105263158,0.0263157894736842,0.2542313296686519
fbc_tfnbs,"e=0.2,h=9.0,n=30,start_thres=1.25,min_cluster_size=3",hub,0.25,100,14,40,1730,37,0,3,1730,0.925,0.0,1.0,0.0,0.2542313296686519
fbc_tfnbs,"e=0.2,h=10.0,n=30,start_thres=1.25,min_cluster_size=3",hub,0.25,100,14,40,1730,37,0,3,1730,0.925,0.0,1.0,0.0,0.2542313296686519
fbc_tfnbs,"e=0.3,h=0.5,n=30,start_thres=1.25,min_cluster_size=3",hub,0.25,100,14,40,1730,37,1,3,1729,0.925,0.0005780346820809,0.9736842105263158,0.0263157894736842,0.2542313296686519
fbc_tfnbs,"e=0.3,h=1.0,n=30,start_thres=1.25,min_cluster_size=3",hub,0.25,100,14,40,1730,37,1,3,1729,0.925,0.0005780346820809,0.9736842105263158,0.0263157894736842,0.2542313296686519
fbc_tfnbs,"e=0.3,h=2.0,n=30,start_thres=1.25,min_cluster_size=3",hub,0.25,100,14,40,1730,37,1,3,1729,0.925,0.0005780346820809,0.9736842105263158,0.0263157894736842,0.2542313296686519
fbc_tfnbs,"e=0.3,h=3.0,n=30,start_thres=1.25,min_cluster_size=3",hub,0.25,100,14,40,1730,37,1,3,1729,0.925,0.0005780346820809,0.9736842105263158,0.0263157894736842,0.2542313296686519
fbc_tfnbs,"e=0.3,h=4.0,n=30,start_thres=1.25,min_cluster_size=3",hub,0.25,100,14,40,1730,37,1,3,1729,0.925,0.0005780346820809,0.9736842105263158,0.0263157894736842,0.2542313296686519
fbc_tfnbs,"e=0.3,h=5.0,n=30,start_thres=1.25,min_cluster_size=3",hub,0.25,100,14,40,1730,37,1,3,1729,0.925,0.0005780346820809,0.9736842105263158,0.0263157894736842,0.2542313296686519
fbc_tfnbs,"e=0.3,h=6.0,n=30,start_thres=1.25,min_cluster_size=3",hub,0.25,100,14,40,1730,37,1,3,1729,0.925,0.0005780346820809,0.9736842105263158,0.0263157894736842,0.2542313296686519
fbc_tfnbs,"e=0.3,h=7.0,n=30,start_thres=1.25,min_cluster_size=3",hub,0.25,100,14,40,1730,37,1,3,1729,0.925,0.0005780346820809,0.9736842105263158,0.0263157894736842,0.2542313296686519
fbc_tfnbs,"e=0.3,h=8.0,n=30,start_thres=1.25,min_cluster_size=3",hub,0.25,100,14,40,1730,37,1,3,1729,0.925,0.0005780346820809,0.9736842105263158,0.0263157894736842,0.2542313296686519
fbc_tfnbs,"e=0.3,h=9.0,n=30,start_thres=1.25,min_cluster_size=3",hub,0.25,100,14,40,1730,37,1,3,1729,0.925,0.0005780346820809,0.9736842105263158,0.0263157894736842,0.2542313296686519
fbc_tfnbs,"e=0.3,h=10.0,n=30,start_thres=1.25,min_cluster_size=3",hub,0.25,100,14,40,1730,37,1,3,1729,0.925,0.0005780346820809,0.9736842105263158,0.0263157894736842,0.2542313296686519
fbc_tfnbs,"e=0.4,h=0.5,n=30,start_thres=1.25,min_cluster_size=3",hub,0.25,100,14,40,1730,37,1,3,1729,0.925,0.0005780346820809,0.9736842105263158,0.0263157894736842,0.2542313296686519
fbc_tfnbs,"e=0.4,h=1.0,n=30,start_thres=1.25,min_cluster_size=3",hub,0.25,100,14,40,1730,37,1,3,1729,0.925,0.0005780346820809,0.9736842105263158,0.0263157894736842,0.2542313296686519
fbc_tfnbs,"e=0.4,h=2.0,n=30,start_thres=1.25,min_cluster_size=3",hub,0.25,100,14,40,1730,37,1,3,1729,0.925,0.0005780346820809,0.9736842105263158,0.0263157894736842,0.2542313296686519
fbc_tfnbs,"e=0.4,h=3.0,n=30,start_thres=1.25,min_cluster_size=3",hub,0.25,100,14,40,1730,37,1,3,1729,0.925,0.0005780346820809,0.9736842105263158,0.0263157894736842,0.2542313296686519
fbc_tfnbs,"e=0.4,h=4.0,n=30,start_thres=1.25,min_cluster_size=3",hub,0.25,100,14,40,1730,37,1,3,1729,0.925,0.0005780346820809,0.9736842105263158,0.0263157894736842,0.2542313296686519
fbc_tfnbs,"e=0.4,h=5.0,n=30,start_thres=1.25,min_cluster_size=3",hub,0.25,100,14,40,1730,37,1,3,1729,0.925,0.0005780346820809,0.9736842105263158,0.0263157894736842,0.2542313296686519
fbc_tfnbs,"e=0.4,h=6.0,n=30,start_thres=1.25,min_cluster_size=3",hub,0.25,100,14,40,1730,37,1,3,1729,0.925,0.0005780346820809,0.9736842105263158,0.0263157894736842,0.2542313296686519
fbc_tfnbs,"e=0.4,h=7.0,n=30,start_thres=1.25,min_cluster_size=3",hub,0.25,100,14,40,1730,37,1,3,1729,0.925,0.0005780346820809,0.9736842105263158,0.0263157894736842,0.2542313296686519
fbc_tfnbs,"e=0.4,h=8.0,n=30,start_thres=1.25,min_cluster_size=3",hub,0.25,100,14,40,1730,37,1,3,1729,0.925,0.0005780346820809,0.9736842105263158,0.0263157894736842,0.2542313296686519
fbc_tfnbs,"e=0.4,h=9.0,n=30,start_thres=1.25,min_cluster_size=3",hub,0.25,100,14,40,1730,37,1,3,1729,0.925,0.0005780346820809,0.9736842105263158,0.0263157894736842,0.2542313296686519
fbc_tfnbs,"e=0.4,h=10.0,n=30,start_thres=1.25,min_cluster_size=3",hub,0.25,100,14,40,1730,37,1,3,1729,0.925,0.0005780346820809,0.9736842105263158,0.0263157894736842,0.2542313296686519
fbc_tfnbs,"e=0.5,h=0.5,n=30,start_thres=1.25,min_cluster_size=3",hub,0.25,100,14,40,1730,37,1,3,1729,0.925,0.0005780346820809,0.9736842105263158,0.0263157894736842,0.2542313296686519
fbc_tfnbs,"e=0.5,h=1.0,n=30,start_thres=1.25,min_cluster_size=3",hub,0.25,100,14,40,1730,37,1,3,1729,0.925,0.0005780346820809,0.9736842105263158,0.0263157894736842,0.2542313296686519
fbc_tfnbs,"e=0.5,h=2.0,n=30,start_thres=1.25,min_cluster_size=3",hub,0.25,100,14,40,1730,37,1,3,1729,0.925,0.0005780346820809,0.9736842105263158,0.0263157894736842,0.2542313296686519
fbc_tfnbs,"e=0.5,h=3.0,n=30,start_thres=1.25,min_cluster_size=3",hub,0.25,100,14,40,1730,37,1,3,1729,0.925,0.0005780346820809,0.9736842105263158,0.0263157894736842,0.2542313296686519
fbc_tfnbs,"e=0.5,h=4.0,n=30,start_thres=1.25,min_cluster_size=3",hub,0.25,100,14,40,1730,37,1,3,1729,0.925,0.0005780346820809,0.9736842105263158,0.0263157894736842,0.2542313296686519
fbc_tfnbs,"e=0.5,h=5.0,n=30,start_thres=1.25,min_cluster_size=3",hub,0.25,100,14,40,1730,37,1,3,1729,0.925,0.0005780346820809,0.9736842105263158,0.0263157894736842,0.2542313296686519
fbc_tfnbs,"e=0.5,h=6.0,n=30,start_thres=1.25,min_cluster_size=3",hub,0.25,100,14,40,1730,37,1,3,1729,0.925,0.0005780346820809,0.9736842105263158,0.0263157894736842,0.2542313296686519
fbc_tfnbs,"e=0.5,h=7.0,n=30,start_thres=1.25,min_cluster_size=3",hub,0.25,100,14,40,1730,37,1,3,1729,0.925,0.0005780346820809,0.9736842105263158,0.0263157894736842,0.2542313296686519
fbc_tfnbs,"e=0.5,h=8.0,n=30,start_thres=1.25,min_cluster_size=3",hub,0.25,100,14,40,1730,37,1,3,1729,0.925,0.0005780346820809,0.9736842105263158,0.0263157894736842,0.2542313296686519
fbc_tfnbs,"e=0.5,h=9.0,n=30,start_thres=1.25,min_cluster_size=3",hub,0.25,100,14,40,1730,37,1,3,1729,0.925,0.0005780346820809,0.9736842105263158,0.0263157894736842,0.2542313296686519
fbc_tfnbs,"e=0.5,h=10.0,n=30,start_thres=1.25,min_cluster_size=3",hub,0.25,100,14,40,1730,37,1,3,1729,0.925,0.0005780346820809,0.9736842105263158,0.0263157894736842,0.2542313296686519
fbc_tfnbs,"e=0.6,h=0.5,n=30,start_thres=1.25,min_cluster_size=3",hub,0.25,100,14,40,1730,37,1,3,1729,0.925,0.0005780346820809,0.9736842105263158,0.0263157894736842,0.2542313296686519
fbc_tfnbs,"e=0.6,h=1.0,n=30,start_thres=1.25,min_cluster_size=3",hub,0.25,100,14,40,1730,37,1,3,1729,0.925,0.0005780346820809,0.9736842105263158,0.0263157894736842,0.2542313296686519
fbc_tfnbs,"e=0.6,h=2.0,n=30,start_thres=1.25,min_cluster_size=3",hub,0.25,100,14,40,1730,37,1,3,1729,0.925,0.0005780346820809,0.9736842105263158,0.0263157894736842,0.2542313296686519
fbc_tfnbs,"e=0.6,h=3.0,n=30,start_thres=1.25,min_cluster_size=3",hub,0.25,100,14,40,1730,37,1,3,1729,0.925,0.0005780346820809,0.9736842105263158,0.0263157894736842,0.2542313296686519
fbc_tfnbs,"e=0.6,h=4.0,n=30,start_thres=1.25,min_cluster_size=3",hub,0.25,100,14,40,1730,37,1,3,1729,0.925,0.0005780346820809,0.9736842105263158,0.0263157894736842,0.2542313296686519
fbc_tfnbs,"e=0.6,h=5.0,n=30,start_thres=1.25,min_cluster_size=3",hub,0.25,100,14,40,1730,37,1,3,1729,0.925,0.0005780346820809,0.9736842105263158,0.0263157894736842,0.2542313296686519
fbc_tfnbs,"e=0.6,h=6.0,n=30,start_thres=1.25,min_cluster_size=3",hub,0.25,100,14,40,1730,37,1,3,1729,0.925,0.0005780346820809,0.9736842105263158,0.0263157894736842,0.2542313296686519
fbc_tfnbs,"e=0.6,h=7.0,n=30,start_thres=1.25,min_cluster_size=3",hub,0.25,100,14,40,1730,37,1,3,1729,0.925,0.0005780346820809,0.9736842105263158,0.0263157894736842,0.2542313296686519
fbc_tfnbs,"e=0.6,h=8.0,n=30,start_thres=1.25,min_cluster_size=3",hub,0.25,100,14,40,1730,37,1,3,1729,0.925,0.0005780346820809,0.9736842105263158,0.0263157894736842,0.2542313296686519
fbc_tfnbs,"e=0.6,h=9.0,n=30,start_thres=1.25,min_cluster_size=3",hub,0.25,100,14,40,1730,37,1,3,1729,0.925,0.0005780346820809,0.9736842105263158,0.0263157894736842,0.2542313296686519
fbc_tfnbs,"e=0.6,h=10.0,n=30,start_thres=1.25,min_cluster_size=3",hub,0.25,100,14,40,1730,37,1,3,1729,0.925,0.0005780346820809,0.9736842105263158,0.0263157894736842,0.2542313296686519
fbc_tfnbs,"e=0.7,h=0.5,n=30,start_thres=1.25,min_cluster_size=3",hub,0.25,100,14,40,1730,37,1,3,1729,0.925,0.0005780346820809,0.9736842105263158,0.0263157894736842,0.2542313296686519
fbc_tfnbs,"e=0.7,h=1.0,n=30,start_thres=1.25,min_cluster_size=3",hub,0.25,100,14,40,1730,37,1,3,1729,0.925,0.0005780346820809,0.9736842105263158,0.0263157894736842,0.2542313296686519
fbc_tfnbs,"e=0.7,h=2.0,n=30,start_thres=1.25,min_cluster_size=3",hub,0.25,100,14,40,1730,37,1,3,1729,0.925,0.0005780346820809,0.9736842105263158,0.0263157894736842,0.2542313296686519
fbc_tfnbs,"e=0.7,h=3.0,n=30,start_thres=1.25,min_cluster_size=3",hub,0.25,100,14,40,1730,37,1,3,1729,0.925,0.0005780346820809,0.9736842105263158,0.0263157894736842,0.2542313296686519
fbc_tfnbs,"e=0.7,h=4.0,n=30,start_thres=1.25,min_cluster_size=3",hub,0.25,100,14,40,1730,37,1,3,1729,0.925,0.0005780346820809,0.9736842105263158,0.0263157894736842,0.2542313296686519
fbc_tfnbs,"e=0.7,h=5.0,n=30,start_thres=1.25,min_cluster_size=3",hub,0.25,100,14,40,1730,37,1,3,1729,0.925,0.0005780346820809,0.9736842105263158,0.0263157894736842,0.2542313296686519
fbc_tfnbs,"e=0.7,h=6.0,n=30,start_thres=1.25,min_cluster_size=3",hub,0.25,100,14,40,1730,37,1,3,1729,0.925,0.0005780346820809,0.9736842105263158,0.0263157894736842,0.2542313296686519
fbc_tfnbs,"e=0.7,h=7.0,n=30,start_thres=1.25,min_cluster_size=3",hub,0.25,100,14,40,1730,37,1,3,1729,0.925,0.0005780346820809,0.9736842105263158,0.0263157894736842,0.2542313296686519
fbc_tfnbs,"e=0.7,h=8.0,n=30,start_thres=1.25,min_cluster_size=3",hub,0.25,100,14,40,1730,37,1,3,1729,0.925,0.0005780346820809,0.9736842105263158,0.0263157894736842,0.2542313296686519
fbc_tfnbs,"e=0.7,h=9.0,n=30,start_thres=1.25,min_cluster_size=3",hub,0.25,100,14,40,1730,37,1,3,1729,0.925,0.0005780346820809,0.9736842105263158,0.0263157894736842,0.2542313296686519
fbc_tfnbs,"e=0.7,h=10.0,n=30,start_thres=1.25,min_cluster_size=3",hub,0.25,100,14,40,1730,37,1,3,1729,0.925,0.0005780346820809,0.9736842105263158,0.0263157894736842,0.2542313296686519
fbc_tfnbs,"e=0.8,h=0.5,n=30,start_thres=1.25,min_cluster_size=3",hub,0.25,100,14,40,1730,37,1,3,1729,0.925,0.0005780346820809,0.9736842105263158,0.0263157894736842,0.2542313296686519
fbc_tfnbs,"e=0.8,h=1.0,n=30,start_thres=1.25,min_cluster_size=3",hub,0.25,100,14,40,1730,37,1,3,1729,0.925,0.0005780346820809,0.9736842105263158,0.0263157894736842,0.2542313296686519
fbc_tfnbs,"e=0.8,h=2.0,n=30,start_thres=1.25,min_cluster_size=3",hub,0.25,100,14,40,1730,37,1,3,1729,0.925,0.0005780346820809,0.9736842105263158,0.0263157894736842,0.2542313296686519
fbc_tfnbs,"e=0.8,h=3.0,n=30,start_thres=1.25,min_cluster_size=3",hub,0.25,100,14,40,1730,37,1,3,1729,0.925,0.0005780346820809,0.9736842105263158,0.0263157894736842,0.2542313296686519
fbc_tfnbs,"e=0.8,h=4.0,n=30,start_thres=1.25,min_cluster_size=3",hub,0.25,100,14,40,1730,37,1,3,1729,0.925,0.0005780346820809,0.9736842105263158,0.0263157894736842,0.2542313296686519
fbc_tfnbs,"e=0.8,h=5.0,n=30,start_thres=1.25,min_cluster_size=3",hub,0.25,100,14,40,1730,37,1,3,1729,0.925,0.0005780346820809,0.9736842105263158,0.0263157894736842,0.2542313296686519
fbc_tfnbs,"e=0.8,h=6.0,n=30,start_thres=1.25,min_cluster_size=3",hub,0.25,100,14,40,1730,37,1,3,1729,0.925,0.0005780346820809,0.9736842105263158,0.0263157894736842,0.2542313296686519
fbc_tfnbs,"e=0.8,h=7.0,n=30,start_thres=1.25,min_cluster_size=3",hub,0.25,100,14,40,1730,37,1,3,1729,0.925,0.0005780346820809,0.9736842105263158,0.0263157894736842,0.2542313296686519
fbc_tfnbs,"e=0.8,h=8.0,n=30,start_thres=1.25,min_cluster_size=3",hub,0.25,100,14,40,1730,37,1,3,1729,0.925,0.0005780346820809,0.9736842105263158,0.0263157894736842,0.2542313296686519
fbc_tfnbs,"e=0.8,h=9.0,n=30,start_thres=1.25,min_cluster_size=3",hub,0.25,100,14,40,1730,37,1,3,1729,0.925,0.0005780346820809,0.9736842105263158,0.0263157894736842,0.2542313296686519
fbc_tfnbs,"e=0.8,h=10.0,n=30,start_thres=1.25,min_cluster_size=3",hub,0.25,100,14,40,1730,37,1,3,1729,0.925,0.0005780346820809,0.9736842105263158,0.0263157894736842,0.2542313296686519
fbc_tfnbs,"e=0.9,h=0.5,n=30,start_thres=1.25,min_cluster_size=3",hub,0.25,100,14,40,1730,37,1,3,1729,0.925,0.0005780346820809,0.9736842105263158,0.0263157894736842,0.2542313296686519
fbc_tfnbs,"e=0.9,h=1.0,n=30,start_thres=1.25,min_cluster_size=3",hub,0.25,100,14,40,1730,37,1,3,1729,0.925,0.0005780346820809,0.9736842105263158,0.0263157894736842,0.2542313296686519
fbc_tfnbs,"e=0.9,h=2.0,n=30,start_thres=1.25,min_cluster_size=3",hub,0.25,100,14,40,1730,37,1,3,1729,0.925,0.0005780346820809,0.9736842105263158,0.0263157894736842,0.2542313296686519
fbc_tfnbs,"e=0.9,h=3.0,n=30,start_thres=1.25,min_cluster_size=3",hub,0.25,100,14,40,1730,37,1,3,1729,0.925,0.0005780346820809,0.9736842105263158,0.0263157894736842,0.2542313296686519
fbc_tfnbs,"e=0.9,h=4.0,n=30,start_thres=1.25,min_cluster_size=3",hub,0.25,100,14,40,1730,37,1,3,1729,0.925,0.0005780346820809,0.9736842105263158,0.0263157894736842,0.2542313296686519
fbc_tfnbs,"e=0.9,h=5.0,n=30,start_thres=1.25,min_cluster_size=3",hub,0.25,100,14,40,1730,38,2,2,1728,0.95,0.0011560693641618,0.95,0.05,0.2542313296686519
fbc_tfnbs,"e=0.9,h=6.0,n=30,start_thres=1.25,min_cluster_size=3",hub,0.25,100,14,40,1730,37,1,3,1729,0.925,0.0005780346820809,0.9736842105263158,0.0263157894736842,0.2542313296686519
fbc_tfnbs,"e=0.9,h=7.0,n=30,start_thres=1.25,min_cluster_size=3",hub,0.25,100,14,40,1730,37,1,3,1729,0.925,0.0005780346820809,0.9736842105263158,0.0263157894736842,0.2542313296686519
fbc_tfnbs,"e=0.9,h=8.0,n=30,start_thres=1.25,min_cluster_size=3",hub,0.25,100,14,40,1730,37,1,3,1729,0.925,0.0005780346820809,0.9736842105263158,0.0263157894736842,0.2542313296686519
fbc_tfnbs,"e=0.9,h=9.0,n=30,start_thres=1.25,min_cluster_size=3",hub,0.25,100,14,40,1730,37,1,3,1729,0.925,0.0005780346820809,0.9736842105263158,0.0263157894736842,0.2542313296686519
fbc_tfnbs,"e=0.9,h=10.0,n=30,start_thres=1.25,min_cluster_size=3",hub,0.25,100,14,40,1730,37,1,3,1729,0.925,0.0005780346820809,0.9736842105263158,0.0263157894736842,0.2542313296686519
fbc_tfnbs,"e=1.0,h=0.5,n=30,start_thres=1.25,min_cluster_size=3",hub,0.25,100,14,40,1730,37,1,3,1729,0.925,0.0005780346820809,0.9736842105263158,0.0263157894736842,0.2542313296686519
fbc_tfnbs,"e=1.0,h=1.0,n=30,start_thres=1.25,min_cluster_size=3",hub,0.25,100,14,40,1730,37,1,3,1729,0.925,0.0005780346820809,0.9736842105263158,0.0263157894736842,0.2542313296686519
fbc_tfnbs,"e=1.0,h=2.0,n=30,start_thres=1.25,min_cluster_size=3",hub,0.25,100,14,40,1730,37,1,3,1729,0.925,0.0005780346820809,0.9736842105263158,0.0263157894736842,0.2542313296686519
fbc_tfnbs,"e=1.0,h=3.0,n=30,start_thres=1.25,min_cluster_size=3",hub,0.25,100,14,40,1730,37,1,3,1729,0.925,0.0005780346820809,0.9736842105263158,0.0263157894736842,0.2542313296686519
fbc_tfnbs,"e=1.0,h=4.0,n=30,start_thres=1.25,min_cluster_size=3",hub,0.25,100,14,40,1730,37,1,3,1729,0.925,0.0005780346820809,0.9736842105263158,0.0263157894736842,0.2542313296686519
fbc_tfnbs,"e=1.0,h=5.0,n=30,start_thres=1.25,min_cluster_size=3",hub,0.25,100,14,40,1730,38,2,2,1728,0.95,0.0011560693641618,0.95,0.05,0.2542313296686519
fbc_tfnbs,"e=1.0,h=6.0,n=30,start_thres=1.25,min_cluster_size=3",hub,0.25,100,14,40,1730,38,2,2,1728,0.95,0.0011560693641618,0.95,0.05,0.2542313296686519
fbc_tfnbs,"e=1.0,h=7.0,n=30,start_thres=1.25,min_cluster_size=3",hub,0.25,100,14,40,1730,38,2,2,1728,0.95,0.0011560693641618,0.95,0.05,0.2542313296686519
fbc_tfnbs,"e=1.0,h=8.0,n=30,start_thres=1.25,min_cluster_size=3",hub,0.25,100,14,40,1730,37,1,3,1729,0.925,0.0005780346820809,0.9736842105263158,0.0263157894736842,0.2542313296686519
fbc_tfnbs,"e=1.0,h=9.0,n=30,start_thres=1.25,min_cluster_size=3",hub,0.25,100,14,40,1730,37,1,3,1729,0.925,0.0005780346820809,0.9736842105263158,0.0263157894736842,0.2542313296686519
fbc_tfnbs,"e=1.0,h=10.0,n=30,start_thres=1.25,min_cluster_size=3",hub,0.25,100,14,40,1730,37,1,3,1729,0.925,0.0005780346820809,0.9736842105263158,0.0263157894736842,0.2542313296686519
fbc_tfnbs,"e=1.1,h=0.5,n=30,start_thres=1.25,min_cluster_size=3",hub,0.25,100,14,40,1730,37,0,3,1730,0.925,0.0,1.0,0.0,0.2542313296686519
fbc_tfnbs,"e=1.1,h=1.0,n=30,start_thres=1.25,min_cluster_size=3",hub,0.25,100,14,40,1730,37,1,3,1729,0.925,0.0005780346820809,0.9736842105263158,0.0263157894736842,0.2542313296686519
fbc_tfnbs,"e=1.1,h=2.0,n=30,start_thres=1.25,min_cluster_size=3",hub,0.25,100,14,40,1730,37,1,3,1729,0.925,0.0005780346820809,0.9736842105263158,0.0263157894736842,0.2542313296686519
fbc_tfnbs,"e=1.1,h=3.0,n=30,start_thres=1.25,min_cluster_size=3",hub,0.25,100,14,40,1730,37,1,3,1729,0.925,0.0005780346820809,0.9736842105263158,0.0263157894736842,0.2542313296686519
fbc_tfnbs,"e=1.1,h=4.0,n=30,start_thres=1.25,min_cluster_size=3",hub,0.25,100,14,40,1730,37,1,3,1729,0.925,0.0005780346820809,0.9736842105263158,0.0263157894736842,0.2542313296686519
fbc_tfnbs,"e=1.1,h=5.0,n=30,start_thres=1.25,min_cluster_size=3",hub,0.25,100,14,40,1730,38,2,2,1728,0.95,0.0011560693641618,0.95,0.05,0.2542313296686519
fbc_tfnbs,"e=1.1,h=6.0,n=30,start_thres=1.25,min_cluster_size=3",hub,0.25,100,14,40,1730,38,2,2,1728,0.95,0.0011560693641618,0.95,0.05,0.2542313296686519
fbc_tfnbs,"e=1.1,h=7.0,n=30,start_thres=1.25,min_cluster_size=3",hub,0.25,100,14,40,1730,38,2,2,1728,0.95,0.0011560693641618,0.95,0.05,0.2542313296686519
fbc_tfnbs,"e=1.1,h=8.0,n=30,start_thres=1.25,min_cluster_size=3",hub,0.25,100,14,40,1730,38,2,2,1728,0.95,0.0011560693641618,0.95,0.05,0.2542313296686519
fbc_tfnbs,"e=1.1,h=9.0,n=30,start_thres=1.25,min_cluster_size=3",hub,0.25,100,14,40,1730,38,2,2,1728,0.95,0.0011560693641618,0.95,0.05,0.2542313296686519
fbc_tfnbs,"e=1.1,h=10.0,n=30,start_thres=1.25,min_cluster_size=3",hub,0.25,100,14,40,1730,37,1,3,1729,0.925,0.0005780346820809,0.9736842105263158,0.0263157894736842,0.2542313296686519
fbc_tfnbs,"e=1.2,h=0.5,n=30,start_thres=1.25,min_cluster_size=3",hub,0.25,100,14,40,1730,37,0,3,1730,0.925,0.0,1.0,0.0,0.2542313296686519
fbc_tfnbs,"e=1.2,h=1.0,n=30,start_thres=1.25,min_cluster_size=3",hub,0.25,100,14,40,1730,37,1,3,1729,0.925,0.0005780346820809,0.9736842105263158,0.0263157894736842,0.2542313296686519
fbc_tfnbs,"e=1.2,h=2.0,n=30,start_thres=1.25,min_cluster_size=3",hub,0.25,100,14,40,1730,37,1,3,1729,0.925,0.0005780346820809,0.9736842105263158,0.0263157894736842,0.2542313296686519
fbc_tfnbs,"e=1.2,h=3.0,n=30,start_thres=1.25,min_cluster_size=3",hub,0.25,100,14,40,1730,37,1,3,1729,0.925,0.0005780346820809,0.9736842105263158,0.0263157894736842,0.2542313296686519
fbc_tfnbs,"e=1.2,h=4.0,n=30,start_thres=1.25,min_cluster_size=3",hub,0.25,100,14,40,1730,37,1,3,1729,0.925,0.0005780346820809,0.9736842105263158,0.0263157894736842,0.2542313296686519
fbc_tfnbs,"e=1.2,h=5.0,n=30,start_thres=1.25,min_cluster_size=3",hub,0.25,100,14,40,1730,38,2,2,1728,0.95,0.0011560693641618,0.95,0.05,0.2542313296686519
fbc_tfnbs,"e=1.2,h=6.0,n=30,start_thres=1.25,min_cluster_size=3",hub,0.25,100,14,40,1730,38,2,2,1728,0.95,0.0011560693641618,0.95,0.05,0.2542313296686519
fbc_tfnbs,"e=1.2,h=7.0,n=30,start_thres=1.25,min_cluster_size=3",hub,0.25,100,14,40,1730,38,2,2,1728,0.95,0.0011560693641618,0.95,0.05,0.2542313296686519
fbc_tfnbs,"e=1.2,h=8.0,n=30,start_thres=1.25,min_cluster_size=3",hub,0.25,100,14,40,1730,38,2,2,1728,0.95,0.0011560693641618,0.95,0.05,0.2542313296686519
fbc_tfnbs,"e=1.2,h=9.0,n=30,start_thres=1.25,min_cluster_size=3",hub,0.25,100,14,40,1730,38,2,2,1728,0.95,0.0011560693641618,0.95,0.05,0.2542313296686519
fbc_tfnbs,"e=1.2,h=10.0,n=30,start_thres=1.25,min_cluster_size=3",hub,0.25,100,14,40,1730,38,2,2,1728,0.95,0.0011560693641618,0.95,0.05,0.2542313296686519
fbc_tfnbs,"e=1.3,h=0.5,n=30,start_thres=1.25,min_cluster_size=3",hub,0.25,100,14,40,1730,37,0,3,1730,0.925,0.0,1.0,0.0,0.2542313296686519
fbc_tfnbs,"e=1.3,h=1.0,n=30,start_thres=1.25,min_cluster_size=3",hub,0.25,100,14,40,1730,37,1,3,1729,0.925,0.0005780346820809,0.9736842105263158,0.0263157894736842,0.2542313296686519
fbc_tfnbs,"e=1.3,h=2.0,n=30,start_thres=1.25,min_cluster_size=3",hub,0.25,100,14,40,1730,37,1,3,1729,0.925,0.0005780346820809,0.9736842105263158,0.0263157894736842,0.2542313296686519
fbc_tfnbs,"e=1.3,h=3.0,n=30,start_thres=1.25,min_cluster_size=3",hub,0.25,100,14,40,1730,37,1,3,1729,0.925,0.0005780346820809,0.9736842105263158,0.0263157894736842,0.2542313296686519
fbc_tfnbs,"e=1.3,h=4.0,n=30,start_thres=1.25,min_cluster_size=3",hub,0.25,100,14,40,1730,37,1,3,1729,0.925,0.0005780346820809,0.9736842105263158,0.0263157894736842,0.2542313296686519
fbc_tfnbs,"e=1.3,h=5.0,n=30,start_thres=1.25,min_cluster_size=3",hub,0.25,100,14,40,1730,38,2,2,1728,0.95,0.0011560693641618,0.95,0.05,0.2542313296686519
fbc_tfnbs,"e=1.3,h=6.0,n=30,start_thres=1.25,min_cluster_size=3",hub,0.25,100,14,40,1730,38,2,2,1728,0.95,0.0011560693641618,0.95,0.05,0.2542313296686519
fbc_tfnbs,"e=1.3,h=7.0,n=30,start_thres=1.25,min_cluster_size=3",hub,0.25,100,14,40,1730,38,2,2,1728,0.95,0.0011560693641618,0.95,0.05,0.2542313296686519
fbc_tfnbs,"e=1.3,h=8.0,n=30,start_thres=1.25,min_cluster_size=3",hub,0.25,100,14,40,1730,38,2,2,1728,0.95,0.0011560693641618,0.95,0.05,0.2542313296686519
fbc_tfnbs,"e=1.3,h=9.0,n=30,start_thres=1.25,min_cluster_size=3",hub,0.25,100,14,40,1730,38,2,2,1728,0.95,0.0011560693641618,0.95,0.05,0.2542313296686519
fbc_tfnbs,"e=1.3,h=10.0,n=30,start_thres=1.25,min_cluster_size=3",hub,0.25,100,14,40,1730,38,2,2,1728,0.95,0.0011560693641618,0.95,0.05,0.2542313296686519
fbc_tfnbs,"e=1.4,h=0.5,n=30,start_thres=1.25,min_cluster_size=3",hub,0.25,100,14,40,1730,34,0,6,1730,0.85,0.0,1.0,0.0,0.2542313296686519
fbc_tfnbs,"e=1.4,h=1.0,n=30,start_thres=1.25,min_cluster_size=3",hub,0.25,100,14,40,1730,37,0,3,1730,0.925,0.0,1.0,0.0,0.2542313296686519
fbc_tfnbs,"e=1.4,h=2.0,n=30,start_thres=1.25,min_cluster_size=3",hub,0.25,100,14,40,1730,37,1,3,1729,0.925,0.0005780346820809,0.9736842105263158,0.0263157894736842,0.2542313296686519
fbc_tfnbs,"e=1.4,h=3.0,n=30,start_thres=1.25,min_cluster_size=3",hub,0.25,100,14,40,1730,37,1,3,1729,0.925,0.0005780346820809,0.9736842105263158,0.0263157894736842,0.2542313296686519
fbc_tfnbs,"e=1.4,h=4.0,n=30,start_thres=1.25,min_cluster_size=3",hub,0.25,100,14,40,1730,37,1,3,1729,0.925,0.0005780346820809,0.9736842105263158,0.0263157894736842,0.2542313296686519
fbc_tfnbs,"e=1.4,h=5.0,n=30,start_thres=1.25,min_cluster_size=3",hub,0.25,100,14,40,1730,38,2,2,1728,0.95,0.0011560693641618,0.95,0.05,0.2542313296686519
fbc_tfnbs,"e=1.4,h=6.0,n=30,start_thres=1.25,min_cluster_size=3",hub,0.25,100,14,40,1730,38,2,2,1728,0.95,0.0011560693641618,0.95,0.05,0.2542313296686519
fbc_tfnbs,"e=1.4,h=7.0,n=30,start_thres=1.25,min_cluster_size=3",hub,0.25,100,14,40,1730,38,2,2,1728,0.95,0.0011560693641618,0.95,0.05,0.2542313296686519
fbc_tfnbs,"e=1.4,h=8.0,n=30,start_thres=1.25,min_cluster_size=3",hub,0.25,100,14,40,1730,38,2,2,1728,0.95,0.0011560693641618,0.95,0.05,0.2542313296686519
fbc_tfnbs,"e=1.4,h=9.0,n=30,start_thres=1.25,min_cluster_size=3",hub,0.25,100,14,40,1730,38,2,2,1728,0.95,0.0011560693641618,0.95,0.05,0.2542313296686519
fbc_tfnbs,"e=1.4,h=10.0,n=30,start_thres=1.25,min_cluster_size=3",hub,0.25,100,14,40,1730,38,2,2,1728,0.95,0.0011560693641618,0.95,0.05,0.2542313296686519
fbc_tfnbs,"e=1.5,h=0.5,n=30,start_thres=1.25,min_cluster_size=3",hub,0.25,100,14,40,1730,31,0,9,1730,0.775,0.0,1.0,0.0,0.2542313296686519
fbc_tfnbs,"e=1.5,h=1.0,n=30,start_thres=1.25,min_cluster_size=3",hub,0.25,100,14,40,1730,37,0,3,1730,0.925,0.0,1.0,0.0,0.2542313296686519
fbc_tfnbs,"e=1.5,h=2.0,n=30,start_thres=1.25,min_cluster_size=3",hub,0.25,100,14,40,1730,37,1,3,1729,0.925,0.0005780346820809,0.9736842105263158,0.0263157894736842,0.2542313296686519
fbc_tfnbs,"e=1.5,h=3.0,n=30,start_thres=1.25,min_cluster_size=3",hub,0.25,100,14,40,1730,37,1,3,1729,0.925,0.0005780346820809,0.9736842105263158,0.0263157894736842,0.2542313296686519
fbc_tfnbs,"e=1.5,h=4.0,n=30,start_thres=1.25,min_cluster_size=3",hub,0.25,100,14,40,1730,37,1,3,1729,0.925,0.0005780346820809,0.9736842105263158,0.0263157894736842,0.2542313296686519
fbc_tfnbs,"e=1.5,h=5.0,n=30,start_thres=1.25,min_cluster_size=3",hub,0.25,100,14,40,1730,38,2,2,1728,0.95,0.0011560693641618,0.95,0.05,0.2542313296686519
fbc_tfnbs,"e=1.5,h=6.0,n=30,start_thres=1.25,min_cluster_size=3",hub,0.25,100,14,40,1730,38,2,2,1728,0.95,0.0011560693641618,0.95,0.05,0.2542313296686519
fbc_tfnbs,"e=1.5,h=7.0,n=30,start_thres=1.25,min_cluster_size=3",hub,0.25,100,14,40,1730,38,2,2,1728,0.95,0.0011560693641618,0.95,0.05,0.2542313296686519
fbc_tfnbs,"e=1.5,h=8.0,n=30,start_thres=1.25,min_cluster_size=3",hub,0.25,100,14,40,1730,38,2,2,1728,0.95,0.0011560693641618,0.95,0.05,0.2542313296686519
fbc_tfnbs,"e=1.5,h=9.0,n=30,start_thres=1.25,min_cluster_size=3",hub,0.25,100,14,40,1730,38,2,2,1728,0.95,0.0011560693641618,0.95,0.05,0.2542313296686519
fbc_tfnbs,"e=1.5,h=10.0,n=30,start_thres=1.25,min_cluster_size=3",hub,0.25,100,14,40,1730,38,2,2,1728,0.95,0.0011560693641618,0.95,0.05,0.2542313296686519
fbc_tfnbs,"e=0.05,h=0.5,n=30,start_thres=1.25,min_cluster_size=3",hub,0.25,100,15,40,1730,36,0,4,1730,0.9,0.0,1.0,0.0,0.2610538628968326
fbc_tfnbs,"e=0.05,h=1.0,n=30,start_thres=1.25,min_cluster_size=3",hub,0.25,100,15,40,1730,36,0,4,1730,0.9,0.0,1.0,0.0,0.2610538628968326
fbc_tfnbs,"e=0.05,h=2.0,n=30,start_thres=1.25,min_cluster_size=3",hub,0.25,100,15,40,1730,36,0,4,1730,0.9,0.0,1.0,0.0,0.2610538628968326
fbc_tfnbs,"e=0.05,h=3.0,n=30,start_thres=1.25,min_cluster_size=3",hub,0.25,100,15,40,1730,36,0,4,1730,0.9,0.0,1.0,0.0,0.2610538628968326
fbc_tfnbs,"e=0.05,h=4.0,n=30,start_thres=1.25,min_cluster_size=3",hub,0.25,100,15,40,1730,36,0,4,1730,0.9,0.0,1.0,0.0,0.2610538628968326
fbc_tfnbs,"e=0.05,h=5.0,n=30,start_thres=1.25,min_cluster_size=3",hub,0.25,100,15,40,1730,36,0,4,1730,0.9,0.0,1.0,0.0,0.2610538628968326
fbc_tfnbs,"e=0.05,h=6.0,n=30,start_thres=1.25,min_cluster_size=3",hub,0.25,100,15,40,1730,36,0,4,1730,0.9,0.0,1.0,0.0,0.2610538628968326
fbc_tfnbs,"e=0.05,h=7.0,n=30,start_thres=1.25,min_cluster_size=3",hub,0.25,100,15,40,1730,36,0,4,1730,0.9,0.0,1.0,0.0,0.2610538628968326
fbc_tfnbs,"e=0.05,h=8.0,n=30,start_thres=1.25,min_cluster_size=3",hub,0.25,100,15,40,1730,36,0,4,1730,0.9,0.0,1.0,0.0,0.2610538628968326
fbc_tfnbs,"e=0.05,h=9.0,n=30,start_thres=1.25,min_cluster_size=3",hub,0.25,100,15,40,1730,36,0,4,1730,0.9,0.0,1.0,0.0,0.2610538628968326
fbc_tfnbs,"e=0.05,h=10.0,n=30,start_thres=1.25,min_cluster_size=3",hub,0.25,100,15,40,1730,36,0,4,1730,0.9,0.0,1.0,0.0,0.2610538628968326
fbc_tfnbs,"e=0.1,h=0.5,n=30,start_thres=1.25,min_cluster_size=3",hub,0.25,100,15,40,1730,36,0,4,1730,0.9,0.0,1.0,0.0,0.2610538628968326
fbc_tfnbs,"e=0.1,h=1.0,n=30,start_thres=1.25,min_cluster_size=3",hub,0.25,100,15,40,1730,36,0,4,1730,0.9,0.0,1.0,0.0,0.2610538628968326
fbc_tfnbs,"e=0.1,h=2.0,n=30,start_thres=1.25,min_cluster_size=3",hub,0.25,100,15,40,1730,36,0,4,1730,0.9,0.0,1.0,0.0,0.2610538628968326
fbc_tfnbs,"e=0.1,h=3.0,n=30,start_thres=1.25,min_cluster_size=3",hub,0.25,100,15,40,1730,36,0,4,1730,0.9,0.0,1.0,0.0,0.2610538628968326
fbc_tfnbs,"e=0.1,h=4.0,n=30,start_thres=1.25,min_cluster_size=3",hub,0.25,100,15,40,1730,36,0,4,1730,0.9,0.0,1.0,0.0,0.2610538628968326
fbc_tfnbs,"e=0.1,h=5.0,n=30,start_thres=1.25,min_cluster_size=3",hub,0.25,100,15,40,1730,36,0,4,1730,0.9,0.0,1.0,0.0,0.2610538628968326
fbc_tfnbs,"e=0.1,h=6.0,n=30,start_thres=1.25,min_cluster_size=3",hub,0.25,100,15,40,1730,36,0,4,1730,0.9,0.0,1.0,0.0,0.2610538628968326
fbc_tfnbs,"e=0.1,h=7.0,n=30,start_thres=1.25,min_cluster_size=3",hub,0.25,100,15,40,1730,36,0,4,1730,0.9,0.0,1.0,0.0,0.2610538628968326
fbc_tfnbs,"e=0.1,h=8.0,n=30,start_thres=1.25,min_cluster_size=3",hub,0.25,100,15,40,1730,36,0,4,1730,0.9,0.0,1.0,0.0,0.2610538628968326
fbc_tfnbs,"e=0.1,h=9.0,n=30,start_thres=1.25,min_cluster_size=3",hub,0.25,100,15,40,1730,36,0,4,1730,0.9,0.0,1.0,0.0,0.2610538628968326
fbc_tfnbs,"e=0.1,h=10.0,n=30,start_thres=1.25,min_cluster_size=3",hub,0.25,100,15,40,1730,36,0,4,1730,0.9,0.0,1.0,0.0,0.2610538628968326
fbc_tfnbs,"e=0.2,h=0.5,n=30,start_thres=1.25,min_cluster_size=3",hub,0.25,100,15,40,1730,36,0,4,1730,0.9,0.0,1.0,0.0,0.2610538628968326
fbc_tfnbs,"e=0.2,h=1.0,n=30,start_thres=1.25,min_cluster_size=3",hub,0.25,100,15,40,1730,36,0,4,1730,0.9,0.0,1.0,0.0,0.2610538628968326
fbc_tfnbs,"e=0.2,h=2.0,n=30,start_thres=1.25,min_cluster_size=3",hub,0.25,100,15,40,1730,36,0,4,1730,0.9,0.0,1.0,0.0,0.2610538628968326
fbc_tfnbs,"e=0.2,h=3.0,n=30,start_thres=1.25,min_cluster_size=3",hub,0.25,100,15,40,1730,36,0,4,1730,0.9,0.0,1.0,0.0,0.2610538628968326
fbc_tfnbs,"e=0.2,h=4.0,n=30,start_thres=1.25,min_cluster_size=3",hub,0.25,100,15,40,1730,36,0,4,1730,0.9,0.0,1.0,0.0,0.2610538628968326
fbc_tfnbs,"e=0.2,h=5.0,n=30,start_thres=1.25,min_cluster_size=3",hub,0.25,100,15,40,1730,36,0,4,1730,0.9,0.0,1.0,0.0,0.2610538628968326
fbc_tfnbs,"e=0.2,h=6.0,n=30,start_thres=1.25,min_cluster_size=3",hub,0.25,100,15,40,1730,36,0,4,1730,0.9,0.0,1.0,0.0,0.2610538628968326
fbc_tfnbs,"e=0.2,h=7.0,n=30,start_thres=1.25,min_cluster_size=3",hub,0.25,100,15,40,1730,36,0,4,1730,0.9,0.0,1.0,0.0,0.2610538628968326
fbc_tfnbs,"e=0.2,h=8.0,n=30,start_thres=1.25,min_cluster_size=3",hub,0.25,100,15,40,1730,36,0,4,1730,0.9,0.0,1.0,0.0,0.2610538628968326
fbc_tfnbs,"e=0.2,h=9.0,n=30,start_thres=1.25,min_cluster_size=3",hub,0.25,100,15,40,1730,36,0,4,1730,0.9,0.0,1.0,0.0,0.2610538628968326
fbc_tfnbs,"e=0.2,h=10.0,n=30,start_thres=1.25,min_cluster_size=3",hub,0.25,100,15,40,1730,36,0,4,1730,0.9,0.0,1.0,0.0,0.2610538628968326
fbc_tfnbs,"e=0.3,h=0.5,n=30,start_thres=1.25,min_cluster_size=3",hub,0.25,100,15,40,1730,35,0,5,1730,0.875,0.0,1.0,0.0,0.2610538628968326
fbc_tfnbs,"e=0.3,h=1.0,n=30,start_thres=1.25,min_cluster_size=3",hub,0.25,100,15,40,1730,36,0,4,1730,0.9,0.0,1.0,0.0,0.2610538628968326
fbc_tfnbs,"e=0.3,h=2.0,n=30,start_thres=1.25,min_cluster_size=3",hub,0.25,100,15,40,1730,36,0,4,1730,0.9,0.0,1.0,0.0,0.2610538628968326
fbc_tfnbs,"e=0.3,h=3.0,n=30,start_thres=1.25,min_cluster_size=3",hub,0.25,100,15,40,1730,36,0,4,1730,0.9,0.0,1.0,0.0,0.2610538628968326
fbc_tfnbs,"e=0.3,h=4.0,n=30,start_thres=1.25,min_cluster_size=3",hub,0.25,100,15,40,1730,36,0,4,1730,0.9,0.0,1.0,0.0,0.2610538628968326
fbc_tfnbs,"e=0.3,h=5.0,n=30,start_thres=1.25,min_cluster_size=3",hub,0.25,100,15,40,1730,36,0,4,1730,0.9,0.0,1.0,0.0,0.2610538628968326
fbc_tfnbs,"e=0.3,h=6.0,n=30,start_thres=1.25,min_cluster_size=3",hub,0.25,100,15,40,1730,36,0,4,1730,0.9,0.0,1.0,0.0,0.2610538628968326
fbc_tfnbs,"e=0.3,h=7.0,n=30,start_thres=1.25,min_cluster_size=3",hub,0.25,100,15,40,1730,36,0,4,1730,0.9,0.0,1.0,0.0,0.2610538628968326
fbc_tfnbs,"e=0.3,h=8.0,n=30,start_thres=1.25,min_cluster_size=3",hub,0.25,100,15,40,1730,36,0,4,1730,0.9,0.0,1.0,0.0,0.2610538628968326
fbc_tfnbs,"e=0.3,h=9.0,n=30,start_thres=1.25,min_cluster_size=3",hub,0.25,100,15,40,1730,36,0,4,1730,0.9,0.0,1.0,0.0,0.2610538628968326
fbc_tfnbs,"e=0.3,h=10.0,n=30,start_thres=1.25,min_cluster_size=3",hub,0.25,100,15,40,1730,36,0,4,1730,0.9,0.0,1.0,0.0,0.2610538628968326
fbc_tfnbs,"e=0.4,h=0.5,n=30,start_thres=1.25,min_cluster_size=3",hub,0.25,100,15,40,1730,35,0,5,1730,0.875,0.0,1.0,0.0,0.2610538628968326
fbc_tfnbs,"e=0.4,h=1.0,n=30,start_thres=1.25,min_cluster_size=3",hub,0.25,100,15,40,1730,35,0,5,1730,0.875,0.0,1.0,0.0,0.2610538628968326
fbc_tfnbs,"e=0.4,h=2.0,n=30,start_thres=1.25,min_cluster_size=3",hub,0.25,100,15,40,1730,36,0,4,1730,0.9,0.0,1.0,0.0,0.2610538628968326
fbc_tfnbs,"e=0.4,h=3.0,n=30,start_thres=1.25,min_cluster_size=3",hub,0.25,100,15,40,1730,36,0,4,1730,0.9,0.0,1.0,0.0,0.2610538628968326
fbc_tfnbs,"e=0.4,h=4.0,n=30,start_thres=1.25,min_cluster_size=3",hub,0.25,100,15,40,1730,36,0,4,1730,0.9,0.0,1.0,0.0,0.2610538628968326
fbc_tfnbs,"e=0.4,h=5.0,n=30,start_thres=1.25,min_cluster_size=3",hub,0.25,100,15,40,1730,36,0,4,1730,0.9,0.0,1.0,0.0,0.2610538628968326
fbc_tfnbs,"e=0.4,h=6.0,n=30,start_thres=1.25,min_cluster_size=3",hub,0.25,100,15,40,1730,36,0,4,1730,0.9,0.0,1.0,0.0,0.2610538628968326
fbc_tfnbs,"e=0.4,h=7.0,n=30,start_thres=1.25,min_cluster_size=3",hub,0.25,100,15,40,1730,36,0,4,1730,0.9,0.0,1.0,0.0,0.2610538628968326
fbc_tfnbs,"e=0.4,h=8.0,n=30,start_thres=1.25,min_cluster_size=3",hub,0.25,100,15,40,1730,36,0,4,1730,0.9,0.0,1.0,0.0,0.2610538628968326
fbc_tfnbs,"e=0.4,h=9.0,n=30,start_thres=1.25,min_cluster_size=3",hub,0.25,100,15,40,1730,36,0,4,1730,0.9,0.0,1.0,0.0,0.2610538628968326
fbc_tfnbs,"e=0.4,h=10.0,n=30,start_thres=1.25,min_cluster_size=3",hub,0.25,100,15,40,1730,36,0,4,1730,0.9,0.0,1.0,0.0,0.2610538628968326
fbc_tfnbs,"e=0.5,h=0.5,n=30,start_thres=1.25,min_cluster_size=3",hub,0.25,100,15,40,1730,35,0,5,1730,0.875,0.0,1.0,0.0,0.2610538628968326
fbc_tfnbs,"e=0.5,h=1.0,n=30,start_thres=1.25,min_cluster_size=3",hub,0.25,100,15,40,1730,35,0,5,1730,0.875,0.0,1.0,0.0,0.2610538628968326
fbc_tfnbs,"e=0.5,h=2.0,n=30,start_thres=1.25,min_cluster_size=3",hub,0.25,100,15,40,1730,36,0,4,1730,0.9,0.0,1.0,0.0,0.2610538628968326
fbc_tfnbs,"e=0.5,h=3.0,n=30,start_thres=1.25,min_cluster_size=3",hub,0.25,100,15,40,1730,36,0,4,1730,0.9,0.0,1.0,0.0,0.2610538628968326
fbc_tfnbs,"e=0.5,h=4.0,n=30,start_thres=1.25,min_cluster_size=3",hub,0.25,100,15,40,1730,36,0,4,1730,0.9,0.0,1.0,0.0,0.2610538628968326
fbc_tfnbs,"e=0.5,h=5.0,n=30,start_thres=1.25,min_cluster_size=3",hub,0.25,100,15,40,1730,36,0,4,1730,0.9,0.0,1.0,0.0,0.2610538628968326
fbc_tfnbs,"e=0.5,h=6.0,n=30,start_thres=1.25,min_cluster_size=3",hub,0.25,100,15,40,1730,36,0,4,1730,0.9,0.0,1.0,0.0,0.2610538628968326
fbc_tfnbs,"e=0.5,h=7.0,n=30,start_thres=1.25,min_cluster_size=3",hub,0.25,100,15,40,1730,36,0,4,1730,0.9,0.0,1.0,0.0,0.2610538628968326
fbc_tfnbs,"e=0.5,h=8.0,n=30,start_thres=1.25,min_cluster_size=3",hub,0.25,100,15,40,1730,36,0,4,1730,0.9,0.0,1.0,0.0,0.2610538628968326
fbc_tfnbs,"e=0.5,h=9.0,n=30,start_thres=1.25,min_cluster_size=3",hub,0.25,100,15,40,1730,36,0,4,1730,0.9,0.0,1.0,0.0,0.2610538628968326
fbc_tfnbs,"e=0.5,h=10.0,n=30,start_thres=1.25,min_cluster_size=3",hub,0.25,100,15,40,1730,36,0,4,1730,0.9,0.0,1.0,0.0,0.2610538628968326
fbc_tfnbs,"e=0.6,h=0.5,n=30,start_thres=1.25,min_cluster_size=3",hub,0.25,100,15,40,1730,35,0,5,1730,0.875,0.0,1.0,0.0,0.2610538628968326
fbc_tfnbs,"e=0.6,h=1.0,n=30,start_thres=1.25,min_cluster_size=3",hub,0.25,100,15,40,1730,35,0,5,1730,0.875,0.0,1.0,0.0,0.2610538628968326
fbc_tfnbs,"e=0.6,h=2.0,n=30,start_thres=1.25,min_cluster_size=3",hub,0.25,100,15,40,1730,36,0,4,1730,0.9,0.0,1.0,0.0,0.2610538628968326
fbc_tfnbs,"e=0.6,h=3.0,n=30,start_thres=1.25,min_cluster_size=3",hub,0.25,100,15,40,1730,36,0,4,1730,0.9,0.0,1.0,0.0,0.2610538628968326
fbc_tfnbs,"e=0.6,h=4.0,n=30,start_thres=1.25,min_cluster_size=3",hub,0.25,100,15,40,1730,36,0,4,1730,0.9,0.0,1.0,0.0,0.2610538628968326
fbc_tfnbs,"e=0.6,h=5.0,n=30,start_thres=1.25,min_cluster_size=3",hub,0.25,100,15,40,1730,36,0,4,1730,0.9,0.0,1.0,0.0,0.2610538628968326
fbc_tfnbs,"e=0.6,h=6.0,n=30,start_thres=1.25,min_cluster_size=3",hub,0.25,100,15,40,1730,36,0,4,1730,0.9,0.0,1.0,0.0,0.2610538628968326
fbc_tfnbs,"e=0.6,h=7.0,n=30,start_thres=1.25,min_cluster_size=3",hub,0.25,100,15,40,1730,36,0,4,1730,0.9,0.0,1.0,0.0,0.2610538628968326
fbc_tfnbs,"e=0.6,h=8.0,n=30,start_thres=1.25,min_cluster_size=3",hub,0.25,100,15,40,1730,36,0,4,1730,0.9,0.0,1.0,0.0,0.2610538628968326
fbc_tfnbs,"e=0.6,h=9.0,n=30,start_thres=1.25,min_cluster_size=3",hub,0.25,100,15,40,1730,36,0,4,1730,0.9,0.0,1.0,0.0,0.2610538628968326
fbc_tfnbs,"e=0.6,h=10.0,n=30,start_thres=1.25,min_cluster_size=3",hub,0.25,100,15,40,1730,36,0,4,1730,0.9,0.0,1.0,0.0,0.2610538628968326
fbc_tfnbs,"e=0.7,h=0.5,n=30,start_thres=1.25,min_cluster_size=3",hub,0.25,100,15,40,1730,34,0,6,1730,0.85,0.0,1.0,0.0,0.2610538628968326
fbc_tfnbs,"e=0.7,h=1.0,n=30,start_thres=1.25,min_cluster_size=3",hub,0.25,100,15,40,1730,35,0,5,1730,0.875,0.0,1.0,0.0,0.2610538628968326
fbc_tfnbs,"e=0.7,h=2.0,n=30,start_thres=1.25,min_cluster_size=3",hub,0.25,100,15,40,1730,35,0,5,1730,0.875,0.0,1.0,0.0,0.2610538628968326
fbc_tfnbs,"e=0.7,h=3.0,n=30,start_thres=1.25,min_cluster_size=3",hub,0.25,100,15,40,1730,36,0,4,1730,0.9,0.0,1.0,0.0,0.2610538628968326
fbc_tfnbs,"e=0.7,h=4.0,n=30,start_thres=1.25,min_cluster_size=3",hub,0.25,100,15,40,1730,36,0,4,1730,0.9,0.0,1.0,0.0,0.2610538628968326
fbc_tfnbs,"e=0.7,h=5.0,n=30,start_thres=1.25,min_cluster_size=3",hub,0.25,100,15,40,1730,36,0,4,1730,0.9,0.0,1.0,0.0,0.2610538628968326
fbc_tfnbs,"e=0.7,h=6.0,n=30,start_thres=1.25,min_cluster_size=3",hub,0.25,100,15,40,1730,36,0,4,1730,0.9,0.0,1.0,0.0,0.2610538628968326
fbc_tfnbs,"e=0.7,h=7.0,n=30,start_thres=1.25,min_cluster_size=3",hub,0.25,100,15,40,1730,36,0,4,1730,0.9,0.0,1.0,0.0,0.2610538628968326
fbc_tfnbs,"e=0.7,h=8.0,n=30,start_thres=1.25,min_cluster_size=3",hub,0.25,100,15,40,1730,36,0,4,1730,0.9,0.0,1.0,0.0,0.2610538628968326
fbc_tfnbs,"e=0.7,h=9.0,n=30,start_thres=1.25,min_cluster_size=3",hub,0.25,100,15,40,1730,36,0,4,1730,0.9,0.0,1.0,0.0,0.2610538628968326
fbc_tfnbs,"e=0.7,h=10.0,n=30,start_thres=1.25,min_cluster_size=3",hub,0.25,100,15,40,1730,36,0,4,1730,0.9,0.0,1.0,0.0,0.2610538628968326
fbc_tfnbs,"e=0.8,h=0.5,n=30,start_thres=1.25,min_cluster_size=3",hub,0.25,100,15,40,1730,34,0,6,1730,0.85,0.0,1.0,0.0,0.2610538628968326
fbc_tfnbs,"e=0.8,h=1.0,n=30,start_thres=1.25,min_cluster_size=3",hub,0.25,100,15,40,1730,34,0,6,1730,0.85,0.0,1.0,0.0,0.2610538628968326
fbc_tfnbs,"e=0.8,h=2.0,n=30,start_thres=1.25,min_cluster_size=3",hub,0.25,100,15,40,1730,35,0,5,1730,0.875,0.0,1.0,0.0,0.2610538628968326
fbc_tfnbs,"e=0.8,h=3.0,n=30,start_thres=1.25,min_cluster_size=3",hub,0.25,100,15,40,1730,36,0,4,1730,0.9,0.0,1.0,0.0,0.2610538628968326
fbc_tfnbs,"e=0.8,h=4.0,n=30,start_thres=1.25,min_cluster_size=3",hub,0.25,100,15,40,1730,36,0,4,1730,0.9,0.0,1.0,0.0,0.2610538628968326
fbc_tfnbs,"e=0.8,h=5.0,n=30,start_thres=1.25,min_cluster_size=3",hub,0.25,100,15,40,1730,36,0,4,1730,0.9,0.0,1.0,0.0,0.2610538628968326
fbc_tfnbs,"e=0.8,h=6.0,n=30,start_thres=1.25,min_cluster_size=3",hub,0.25,100,15,40,1730,36,0,4,1730,0.9,0.0,1.0,0.0,0.2610538628968326
fbc_tfnbs,"e=0.8,h=7.0,n=30,start_thres=1.25,min_cluster_size=3",hub,0.25,100,15,40,1730,36,0,4,1730,0.9,0.0,1.0,0.0,0.2610538628968326
fbc_tfnbs,"e=0.8,h=8.0,n=30,start_thres=1.25,min_cluster_size=3",hub,0.25,100,15,40,1730,36,0,4,1730,0.9,0.0,1.0,0.0,0.2610538628968326
fbc_tfnbs,"e=0.8,h=9.0,n=30,start_thres=1.25,min_cluster_size=3",hub,0.25,100,15,40,1730,36,0,4,1730,0.9,0.0,1.0,0.0,0.2610538628968326
fbc_tfnbs,"e=0.8,h=10.0,n=30,start_thres=1.25,min_cluster_size=3",hub,0.25,100,15,40,1730,36,0,4,1730,0.9,0.0,1.0,0.0,0.2610538628968326
fbc_tfnbs,"e=0.9,h=0.5,n=30,start_thres=1.25,min_cluster_size=3",hub,0.25,100,15,40,1730,34,0,6,1730,0.85,0.0,1.0,0.0,0.2610538628968326
fbc_tfnbs,"e=0.9,h=1.0,n=30,start_thres=1.25,min_cluster_size=3",hub,0.25,100,15,40,1730,34,0,6,1730,0.85,0.0,1.0,0.0,0.2610538628968326
fbc_tfnbs,"e=0.9,h=2.0,n=30,start_thres=1.25,min_cluster_size=3",hub,0.25,100,15,40,1730,35,0,5,1730,0.875,0.0,1.0,0.0,0.2610538628968326
fbc_tfnbs,"e=0.9,h=3.0,n=30,start_thres=1.25,min_cluster_size=3",hub,0.25,100,15,40,1730,36,0,4,1730,0.9,0.0,1.0,0.0,0.2610538628968326
fbc_tfnbs,"e=0.9,h=4.0,n=30,start_thres=1.25,min_cluster_size=3",hub,0.25,100,15,40,1730,36,0,4,1730,0.9,0.0,1.0,0.0,0.2610538628968326
fbc_tfnbs,"e=0.9,h=5.0,n=30,start_thres=1.25,min_cluster_size=3",hub,0.25,100,15,40,1730,36,0,4,1730,0.9,0.0,1.0,0.0,0.2610538628968326
fbc_tfnbs,"e=0.9,h=6.0,n=30,start_thres=1.25,min_cluster_size=3",hub,0.25,100,15,40,1730,36,0,4,1730,0.9,0.0,1.0,0.0,0.2610538628968326
fbc_tfnbs,"e=0.9,h=7.0,n=30,start_thres=1.25,min_cluster_size=3",hub,0.25,100,15,40,1730,36,0,4,1730,0.9,0.0,1.0,0.0,0.2610538628968326
fbc_tfnbs,"e=0.9,h=8.0,n=30,start_thres=1.25,min_cluster_size=3",hub,0.25,100,15,40,1730,36,0,4,1730,0.9,0.0,1.0,0.0,0.2610538628968326
fbc_tfnbs,"e=0.9,h=9.0,n=30,start_thres=1.25,min_cluster_size=3",hub,0.25,100,15,40,1730,36,0,4,1730,0.9,0.0,1.0,0.0,0.2610538628968326
fbc_tfnbs,"e=0.9,h=10.0,n=30,start_thres=1.25,min_cluster_size=3",hub,0.25,100,15,40,1730,36,0,4,1730,0.9,0.0,1.0,0.0,0.2610538628968326
fbc_tfnbs,"e=1.0,h=0.5,n=30,start_thres=1.25,min_cluster_size=3",hub,0.25,100,15,40,1730,33,0,7,1730,0.825,0.0,1.0,0.0,0.2610538628968326
fbc_tfnbs,"e=1.0,h=1.0,n=30,start_thres=1.25,min_cluster_size=3",hub,0.25,100,15,40,1730,34,0,6,1730,0.85,0.0,1.0,0.0,0.2610538628968326
fbc_tfnbs,"e=1.0,h=2.0,n=30,start_thres=1.25,min_cluster_size=3",hub,0.25,100,15,40,1730,35,0,5,1730,0.875,0.0,1.0,0.0,0.2610538628968326
fbc_tfnbs,"e=1.0,h=3.0,n=30,start_thres=1.25,min_cluster_size=3",hub,0.25,100,15,40,1730,36,0,4,1730,0.9,0.0,1.0,0.0,0.2610538628968326
fbc_tfnbs,"e=1.0,h=4.0,n=30,start_thres=1.25,min_cluster_size=3",hub,0.25,100,15,40,1730,36,0,4,1730,0.9,0.0,1.0,0.0,0.2610538628968326
fbc_tfnbs,"e=1.0,h=5.0,n=30,start_thres=1.25,min_cluster_size=3",hub,0.25,100,15,40,1730,36,0,4,1730,0.9,0.0,1.0,0.0,0.2610538628968326
fbc_tfnbs,"e=1.0,h=6.0,n=30,start_thres=1.25,min_cluster_size=3",hub,0.25,100,15,40,1730,36,0,4,1730,0.9,0.0,1.0,0.0,0.2610538628968326
fbc_tfnbs,"e=1.0,h=7.0,n=30,start_thres=1.25,min_cluster_size=3",hub,0.25,100,15,40,1730,36,0,4,1730,0.9,0.0,1.0,0.0,0.2610538628968326
fbc_tfnbs,"e=1.0,h=8.0,n=30,start_thres=1.25,min_cluster_size=3",hub,0.25,100,15,40,1730,36,0,4,1730,0.9,0.0,1.0,0.0,0.2610538628968326
fbc_tfnbs,"e=1.0,h=9.0,n=30,start_thres=1.25,min_cluster_size=3",hub,0.25,100,15,40,1730,36,0,4,1730,0.9,0.0,1.0,0.0,0.2610538628968326
fbc_tfnbs,"e=1.0,h=10.0,n=30,start_thres=1.25,min_cluster_size=3",hub,0.25,100,15,40,1730,36,0,4,1730,0.9,0.0,1.0,0.0,0.2610538628968326
fbc_tfnbs,"e=1.1,h=0.5,n=30,start_thres=1.25,min_cluster_size=3",hub,0.25,100,15,40,1730,33,0,7,1730,0.825,0.0,1.0,0.0,0.2610538628968326
fbc_tfnbs,"e=1.1,h=1.0,n=30,start_thres=1.25,min_cluster_size=3",hub,0.25,100,15,40,1730,33,0,7,1730,0.825,0.0,1.0,0.0,0.2610538628968326
fbc_tfnbs,"e=1.1,h=2.0,n=30,start_thres=1.25,min_cluster_size=3",hub,0.25,100,15,40,1730,34,0,6,1730,0.85,0.0,1.0,0.0,0.2610538628968326
fbc_tfnbs,"e=1.1,h=3.0,n=30,start_thres=1.25,min_cluster_size=3",hub,0.25,100,15,40,1730,35,0,5,1730,0.875,0.0,1.0,0.0,0.2610538628968326
fbc_tfnbs,"e=1.1,h=4.0,n=30,start_thres=1.25,min_cluster_size=3",hub,0.25,100,15,40,1730,36,0,4,1730,0.9,0.0,1.0,0.0,0.2610538628968326
fbc_tfnbs,"e=1.1,h=5.0,n=30,start_thres=1.25,min_cluster_size=3",hub,0.25,100,15,40,1730,36,0,4,1730,0.9,0.0,1.0,0.0,0.2610538628968326
fbc_tfnbs,"e=1.1,h=6.0,n=30,start_thres=1.25,min_cluster_size=3",hub,0.25,100,15,40,1730,36,0,4,1730,0.9,0.0,1.0,0.0,0.2610538628968326
fbc_tfnbs,"e=1.1,h=7.0,n=30,start_thres=1.25,min_cluster_size=3",hub,0.25,100,15,40,1730,36,0,4,1730,0.9,0.0,1.0,0.0,0.2610538628968326
fbc_tfnbs,"e=1.1,h=8.0,n=30,start_thres=1.25,min_cluster_size=3",hub,0.25,100,15,40,1730,36,0,4,1730,0.9,0.0,1.0,0.0,0.2610538628968326
fbc_tfnbs,"e=1.1,h=9.0,n=30,start_thres=1.25,min_cluster_size=3",hub,0.25,100,15,40,1730,36,0,4,1730,0.9,0.0,1.0,0.0,0.2610538628968326
fbc_tfnbs,"e=1.1,h=10.0,n=30,start_thres=1.25,min_cluster_size=3",hub,0.25,100,15,40,1730,36,0,4,1730,0.9,0.0,1.0,0.0,0.2610538628968326
fbc_tfnbs,"e=1.2,h=0.5,n=30,start_thres=1.25,min_cluster_size=3",hub,0.25,100,15,40,1730,30,0,10,1730,0.75,0.0,1.0,0.0,0.2610538628968326
fbc_tfnbs,"e=1.2,h=1.0,n=30,start_thres=1.25,min_cluster_size=3",hub,0.25,100,15,40,1730,33,0,7,1730,0.825,0.0,1.0,0.0,0.2610538628968326
fbc_tfnbs,"e=1.2,h=2.0,n=30,start_thres=1.25,min_cluster_size=3",hub,0.25,100,15,40,1730,34,0,6,1730,0.85,0.0,1.0,0.0,0.2610538628968326
fbc_tfnbs,"e=1.2,h=3.0,n=30,start_thres=1.25,min_cluster_size=3",hub,0.25,100,15,40,1730,35,0,5,1730,0.875,0.0,1.0,0.0,0.2610538628968326
fbc_tfnbs,"e=1.2,h=4.0,n=30,start_thres=1.25,min_cluster_size=3",hub,0.25,100,15,40,1730,36,0,4,1730,0.9,0.0,1.0,0.0,0.2610538628968326
fbc_tfnbs,"e=1.2,h=5.0,n=30,start_thres=1.25,min_cluster_size=3",hub,0.25,100,15,40,1730,36,0,4,1730,0.9,0.0,1.0,0.0,0.2610538628968326
fbc_tfnbs,"e=1.2,h=6.0,n=30,start_thres=1.25,min_cluster_size=3",hub,0.25,100,15,40,1730,36,0,4,1730,0.9,0.0,1.0,0.0,0.2610538628968326
fbc_tfnbs,"e=1.2,h=7.0,n=30,start_thres=1.25,min_cluster_size=3",hub,0.25,100,15,40,1730,36,0,4,1730,0.9,0.0,1.0,0.0,0.2610538628968326
fbc_tfnbs,"e=1.2,h=8.0,n=30,start_thres=1.25,min_cluster_size=3",hub,0.25,100,15,40,1730,36,0,4,1730,0.9,0.0,1.0,0.0,0.2610538628968326
fbc_tfnbs,"e=1.2,h=9.0,n=30,start_thres=1.25,min_cluster_size=3",hub,0.25,100,15,40,1730,36,0,4,1730,0.9,0.0,1.0,0.0,0.2610538628968326
fbc_tfnbs,"e=1.2,h=10.0,n=30,start_thres=1.25,min_cluster_size=3",hub,0.25,100,15,40,1730,36,0,4,1730,0.9,0.0,1.0,0.0,0.2610538628968326
fbc_tfnbs,"e=1.3,h=0.5,n=30,start_thres=1.25,min_cluster_size=3",hub,0.25,100,15,40,1730,27,0,13,1730,0.675,0.0,1.0,0.0,0.2610538628968326
fbc_tfnbs,"e=1.3,h=1.0,n=30,start_thres=1.25,min_cluster_size=3",hub,0.25,100,15,40,1730,33,0,7,1730,0.825,0.0,1.0,0.0,0.2610538628968326
fbc_tfnbs,"e=1.3,h=2.0,n=30,start_thres=1.25,min_cluster_size=3",hub,0.25,100,15,40,1730,34,0,6,1730,0.85,0.0,1.0,0.0,0.2610538628968326
fbc_tfnbs,"e=1.3,h=3.0,n=30,start_thres=1.25,min_cluster_size=3",hub,0.25,100,15,40,1730,35,0,5,1730,0.875,0.0,1.0,0.0,0.2610538628968326
fbc_tfnbs,"e=1.3,h=4.0,n=30,start_thres=1.25,min_cluster_size=3",hub,0.25,100,15,40,1730,36,0,4,1730,0.9,0.0,1.0,0.0,0.2610538628968326
fbc_tfnbs,"e=1.3,h=5.0,n=30,start_thres=1.25,min_cluster_size=3",hub,0.25,100,15,40,1730,36,0,4,1730,0.9,0.0,1.0,0.0,0.2610538628968326
fbc_tfnbs,"e=1.3,h=6.0,n=30,start_thres=1.25,min_cluster_size=3",hub,0.25,100,15,40,1730,36,0,4,1730,0.9,0.0,1.0,0.0,0.2610538628968326
fbc_tfnbs,"e=1.3,h=7.0,n=30,start_thres=1.25,min_cluster_size=3",hub,0.25,100,15,40,1730,36,0,4,1730,0.9,0.0,1.0,0.0,0.2610538628968326
fbc_tfnbs,"e=1.3,h=8.0,n=30,start_thres=1.25,min_cluster_size=3",hub,0.25,100,15,40,1730,36,0,4,1730,0.9,0.0,1.0,0.0,0.2610538628968326
fbc_tfnbs,"e=1.3,h=9.0,n=30,start_thres=1.25,min_cluster_size=3",hub,0.25,100,15,40,1730,36,0,4,1730,0.9,0.0,1.0,0.0,0.2610538628968326
fbc_tfnbs,"e=1.3,h=10.0,n=30,start_thres=1.25,min_cluster_size=3",hub,0.25,100,15,40,1730,36,0,4,1730,0.9,0.0,1.0,0.0,0.2610538628968326
fbc_tfnbs,"e=1.4,h=0.5,n=30,start_thres=1.25,min_cluster_size=3",hub,0.25,100,15,40,1730,26,0,14,1730,0.65,0.0,1.0,0.0,0.2610538628968326
fbc_tfnbs,"e=1.4,h=1.0,n=30,start_thres=1.25,min_cluster_size=3",hub,0.25,100,15,40,1730,27,0,13,1730,0.675,0.0,1.0,0.0,0.2610538628968326
fbc_tfnbs,"e=1.4,h=2.0,n=30,start_thres=1.25,min_cluster_size=3",hub,0.25,100,15,40,1730,34,0,6,1730,0.85,0.0,1.0,0.0,0.2610538628968326
fbc_tfnbs,"e=1.4,h=3.0,n=30,start_thres=1.25,min_cluster_size=3",hub,0.25,100,15,40,1730,35,0,5,1730,0.875,0.0,1.0,0.0,0.2610538628968326
fbc_tfnbs,"e=1.4,h=4.0,n=30,start_thres=1.25,min_cluster_size=3",hub,0.25,100,15,40,1730,35,0,5,1730,0.875,0.0,1.0,0.0,0.2610538628968326
fbc_tfnbs,"e=1.4,h=5.0,n=30,start_thres=1.25,min_cluster_size=3",hub,0.25,100,15,40,1730,36,0,4,1730,0.9,0.0,1.0,0.0,0.2610538628968326
fbc_tfnbs,"e=1.4,h=6.0,n=30,start_thres=1.25,min_cluster_size=3",hub,0.25,100,15,40,1730,36,0,4,1730,0.9,0.0,1.0,0.0,0.2610538628968326
fbc_tfnbs,"e=1.4,h=7.0,n=30,start_thres=1.25,min_cluster_size=3",hub,0.25,100,15,40,1730,36,0,4,1730,0.9,0.0,1.0,0.0,0.2610538628968326
fbc_tfnbs,"e=1.4,h=8.0,n=30,start_thres=1.25,min_cluster_size=3",hub,0.25,100,15,40,1730,36,0,4,1730,0.9,0.0,1.0,0.0,0.2610538628968326
fbc_tfnbs,"e=1.4,h=9.0,n=30,start_thres=1.25,min_cluster_size=3",hub,0.25,100,15,40,1730,36,0,4,1730,0.9,0.0,1.0,0.0,0.2610538628968326
fbc_tfnbs,"e=1.4,h=10.0,n=30,start_thres=1.25,min_cluster_size=3",hub,0.25,100,15,40,1730,36,0,4,1730,0.9,0.0,1.0,0.0,0.2610538628968326
fbc_tfnbs,"e=1.5,h=0.5,n=30,start_thres=1.25,min_cluster_size=3",hub,0.25,100,15,40,1730,26,0,14,1730,0.65,0.0,1.0,0.0,0.2610538628968326
fbc_tfnbs,"e=1.5,h=1.0,n=30,start_thres=1.25,min_cluster_size=3",hub,0.25,100,15,40,1730,27,0,13,1730,0.675,0.0,1.0,0.0,0.2610538628968326
fbc_tfnbs,"e=1.5,h=2.0,n=30,start_thres=1.25,min_cluster_size=3",hub,0.25,100,15,40,1730,33,0,7,1730,0.825,0.0,1.0,0.0,0.2610538628968326
fbc_tfnbs,"e=1.5,h=3.0,n=30,start_thres=1.25,min_cluster_size=3",hub,0.25,100,15,40,1730,34,0,6,1730,0.85,0.0,1.0,0.0,0.2610538628968326
fbc_tfnbs,"e=1.5,h=4.0,n=30,start_thres=1.25,min_cluster_size=3",hub,0.25,100,15,40,1730,35,0,5,1730,0.875,0.0,1.0,0.0,0.2610538628968326
fbc_tfnbs,"e=1.5,h=5.0,n=30,start_thres=1.25,min_cluster_size=3",hub,0.25,100,15,40,1730,36,0,4,1730,0.9,0.0,1.0,0.0,0.2610538628968326
fbc_tfnbs,"e=1.5,h=6.0,n=30,start_thres=1.25,min_cluster_size=3",hub,0.25,100,15,40,1730,36,0,4,1730,0.9,0.0,1.0,0.0,0.2610538628968326
fbc_tfnbs,"e=1.5,h=7.0,n=30,start_thres=1.25,min_cluster_size=3",hub,0.25,100,15,40,1730,36,0,4,1730,0.9,0.0,1.0,0.0,0.2610538628968326
fbc_tfnbs,"e=1.5,h=8.0,n=30,start_thres=1.25,min_cluster_size=3",hub,0.25,100,15,40,1730,36,0,4,1730,0.9,0.0,1.0,0.0,0.2610538628968326
fbc_tfnbs,"e=1.5,h=9.0,n=30,start_thres=1.25,min_cluster_size=3",hub,0.25,100,15,40,1730,36,0,4,1730,0.9,0.0,1.0,0.0,0.2610538628968326
fbc_tfnbs,"e=1.5,h=10.0,n=30,start_thres=1.25,min_cluster_size=3",hub,0.25,100,15,40,1730,36,0,4,1730,0.9,0.0,1.0,0.0,0.2610538628968326
fbc_tfnbs,"e=0.05,h=0.5,n=30,start_thres=1.25,min_cluster_size=3",hub,0.25,100,16,40,1730,38,2,2,1728,0.95,0.0011560693641618,0.95,0.05,0.2538696419108998
fbc_tfnbs,"e=0.05,h=1.0,n=30,start_thres=1.25,min_cluster_size=3",hub,0.25,100,16,40,1730,38,2,2,1728,0.95,0.0011560693641618,0.95,0.05,0.2538696419108998
fbc_tfnbs,"e=0.05,h=2.0,n=30,start_thres=1.25,min_cluster_size=3",hub,0.25,100,16,40,1730,38,2,2,1728,0.95,0.0011560693641618,0.95,0.05,0.2538696419108998
fbc_tfnbs,"e=0.05,h=3.0,n=30,start_thres=1.25,min_cluster_size=3",hub,0.25,100,16,40,1730,38,2,2,1728,0.95,0.0011560693641618,0.95,0.05,0.2538696419108998
fbc_tfnbs,"e=0.05,h=4.0,n=30,start_thres=1.25,min_cluster_size=3",hub,0.25,100,16,40,1730,38,2,2,1728,0.95,0.0011560693641618,0.95,0.05,0.2538696419108998
fbc_tfnbs,"e=0.05,h=5.0,n=30,start_thres=1.25,min_cluster_size=3",hub,0.25,100,16,40,1730,38,2,2,1728,0.95,0.0011560693641618,0.95,0.05,0.2538696419108998
fbc_tfnbs,"e=0.05,h=6.0,n=30,start_thres=1.25,min_cluster_size=3",hub,0.25,100,16,40,1730,38,2,2,1728,0.95,0.0011560693641618,0.95,0.05,0.2538696419108998
fbc_tfnbs,"e=0.05,h=7.0,n=30,start_thres=1.25,min_cluster_size=3",hub,0.25,100,16,40,1730,38,2,2,1728,0.95,0.0011560693641618,0.95,0.05,0.2538696419108998
fbc_tfnbs,"e=0.05,h=8.0,n=30,start_thres=1.25,min_cluster_size=3",hub,0.25,100,16,40,1730,38,2,2,1728,0.95,0.0011560693641618,0.95,0.05,0.2538696419108998
fbc_tfnbs,"e=0.05,h=9.0,n=30,start_thres=1.25,min_cluster_size=3",hub,0.25,100,16,40,1730,38,2,2,1728,0.95,0.0011560693641618,0.95,0.05,0.2538696419108998
fbc_tfnbs,"e=0.05,h=10.0,n=30,start_thres=1.25,min_cluster_size=3",hub,0.25,100,16,40,1730,38,2,2,1728,0.95,0.0011560693641618,0.95,0.05,0.2538696419108998
fbc_tfnbs,"e=0.1,h=0.5,n=30,start_thres=1.25,min_cluster_size=3",hub,0.25,100,16,40,1730,38,2,2,1728,0.95,0.0011560693641618,0.95,0.05,0.2538696419108998
fbc_tfnbs,"e=0.1,h=1.0,n=30,start_thres=1.25,min_cluster_size=3",hub,0.25,100,16,40,1730,38,2,2,1728,0.95,0.0011560693641618,0.95,0.05,0.2538696419108998
fbc_tfnbs,"e=0.1,h=2.0,n=30,start_thres=1.25,min_cluster_size=3",hub,0.25,100,16,40,1730,38,2,2,1728,0.95,0.0011560693641618,0.95,0.05,0.2538696419108998
fbc_tfnbs,"e=0.1,h=3.0,n=30,start_thres=1.25,min_cluster_size=3",hub,0.25,100,16,40,1730,38,2,2,1728,0.95,0.0011560693641618,0.95,0.05,0.2538696419108998
fbc_tfnbs,"e=0.1,h=4.0,n=30,start_thres=1.25,min_cluster_size=3",hub,0.25,100,16,40,1730,38,2,2,1728,0.95,0.0011560693641618,0.95,0.05,0.2538696419108998
fbc_tfnbs,"e=0.1,h=5.0,n=30,start_thres=1.25,min_cluster_size=3",hub,0.25,100,16,40,1730,38,2,2,1728,0.95,0.0011560693641618,0.95,0.05,0.2538696419108998
fbc_tfnbs,"e=0.1,h=6.0,n=30,start_thres=1.25,min_cluster_size=3",hub,0.25,100,16,40,1730,38,2,2,1728,0.95,0.0011560693641618,0.95,0.05,0.2538696419108998
fbc_tfnbs,"e=0.1,h=7.0,n=30,start_thres=1.25,min_cluster_size=3",hub,0.25,100,16,40,1730,38,2,2,1728,0.95,0.0011560693641618,0.95,0.05,0.2538696419108998
fbc_tfnbs,"e=0.1,h=8.0,n=30,start_thres=1.25,min_cluster_size=3",hub,0.25,100,16,40,1730,38,2,2,1728,0.95,0.0011560693641618,0.95,0.05,0.2538696419108998
fbc_tfnbs,"e=0.1,h=9.0,n=30,start_thres=1.25,min_cluster_size=3",hub,0.25,100,16,40,1730,38,2,2,1728,0.95,0.0011560693641618,0.95,0.05,0.2538696419108998
fbc_tfnbs,"e=0.1,h=10.0,n=30,start_thres=1.25,min_cluster_size=3",hub,0.25,100,16,40,1730,38,2,2,1728,0.95,0.0011560693641618,0.95,0.05,0.2538696419108998
fbc_tfnbs,"e=0.2,h=0.5,n=30,start_thres=1.25,min_cluster_size=3",hub,0.25,100,16,40,1730,38,2,2,1728,0.95,0.0011560693641618,0.95,0.05,0.2538696419108998
fbc_tfnbs,"e=0.2,h=1.0,n=30,start_thres=1.25,min_cluster_size=3",hub,0.25,100,16,40,1730,38,2,2,1728,0.95,0.0011560693641618,0.95,0.05,0.2538696419108998
fbc_tfnbs,"e=0.2,h=2.0,n=30,start_thres=1.25,min_cluster_size=3",hub,0.25,100,16,40,1730,38,2,2,1728,0.95,0.0011560693641618,0.95,0.05,0.2538696419108998
fbc_tfnbs,"e=0.2,h=3.0,n=30,start_thres=1.25,min_cluster_size=3",hub,0.25,100,16,40,1730,38,2,2,1728,0.95,0.0011560693641618,0.95,0.05,0.2538696419108998
fbc_tfnbs,"e=0.2,h=4.0,n=30,start_thres=1.25,min_cluster_size=3",hub,0.25,100,16,40,1730,38,2,2,1728,0.95,0.0011560693641618,0.95,0.05,0.2538696419108998
fbc_tfnbs,"e=0.2,h=5.0,n=30,start_thres=1.25,min_cluster_size=3",hub,0.25,100,16,40,1730,38,2,2,1728,0.95,0.0011560693641618,0.95,0.05,0.2538696419108998
fbc_tfnbs,"e=0.2,h=6.0,n=30,start_thres=1.25,min_cluster_size=3",hub,0.25,100,16,40,1730,38,2,2,1728,0.95,0.0011560693641618,0.95,0.05,0.2538696419108998
fbc_tfnbs,"e=0.2,h=7.0,n=30,start_thres=1.25,min_cluster_size=3",hub,0.25,100,16,40,1730,38,2,2,1728,0.95,0.0011560693641618,0.95,0.05,0.2538696419108998
fbc_tfnbs,"e=0.2,h=8.0,n=30,start_thres=1.25,min_cluster_size=3",hub,0.25,100,16,40,1730,38,2,2,1728,0.95,0.0011560693641618,0.95,0.05,0.2538696419108998
fbc_tfnbs,"e=0.2,h=9.0,n=30,start_thres=1.25,min_cluster_size=3",hub,0.25,100,16,40,1730,38,2,2,1728,0.95,0.0011560693641618,0.95,0.05,0.2538696419108998
fbc_tfnbs,"e=0.2,h=10.0,n=30,start_thres=1.25,min_cluster_size=3",hub,0.25,100,16,40,1730,38,2,2,1728,0.95,0.0011560693641618,0.95,0.05,0.2538696419108998
fbc_tfnbs,"e=0.3,h=0.5,n=30,start_thres=1.25,min_cluster_size=3",hub,0.25,100,16,40,1730,38,2,2,1728,0.95,0.0011560693641618,0.95,0.05,0.2538696419108998
fbc_tfnbs,"e=0.3,h=1.0,n=30,start_thres=1.25,min_cluster_size=3",hub,0.25,100,16,40,1730,38,2,2,1728,0.95,0.0011560693641618,0.95,0.05,0.2538696419108998
fbc_tfnbs,"e=0.3,h=2.0,n=30,start_thres=1.25,min_cluster_size=3",hub,0.25,100,16,40,1730,38,2,2,1728,0.95,0.0011560693641618,0.95,0.05,0.2538696419108998
fbc_tfnbs,"e=0.3,h=3.0,n=30,start_thres=1.25,min_cluster_size=3",hub,0.25,100,16,40,1730,38,2,2,1728,0.95,0.0011560693641618,0.95,0.05,0.2538696419108998
fbc_tfnbs,"e=0.3,h=4.0,n=30,start_thres=1.25,min_cluster_size=3",hub,0.25,100,16,40,1730,39,2,1,1728,0.975,0.0011560693641618,0.951219512195122,0.048780487804878,0.2538696419108998
fbc_tfnbs,"e=0.3,h=5.0,n=30,start_thres=1.25,min_cluster_size=3",hub,0.25,100,16,40,1730,38,2,2,1728,0.95,0.0011560693641618,0.95,0.05,0.2538696419108998
fbc_tfnbs,"e=0.3,h=6.0,n=30,start_thres=1.25,min_cluster_size=3",hub,0.25,100,16,40,1730,38,2,2,1728,0.95,0.0011560693641618,0.95,0.05,0.2538696419108998
fbc_tfnbs,"e=0.3,h=7.0,n=30,start_thres=1.25,min_cluster_size=3",hub,0.25,100,16,40,1730,38,2,2,1728,0.95,0.0011560693641618,0.95,0.05,0.2538696419108998
fbc_tfnbs,"e=0.3,h=8.0,n=30,start_thres=1.25,min_cluster_size=3",hub,0.25,100,16,40,1730,38,2,2,1728,0.95,0.0011560693641618,0.95,0.05,0.2538696419108998
fbc_tfnbs,"e=0.3,h=9.0,n=30,start_thres=1.25,min_cluster_size=3",hub,0.25,100,16,40,1730,38,2,2,1728,0.95,0.0011560693641618,0.95,0.05,0.2538696419108998
fbc_tfnbs,"e=0.3,h=10.0,n=30,start_thres=1.25,min_cluster_size=3",hub,0.25,100,16,40,1730,38,2,2,1728,0.95,0.0011560693641618,0.95,0.05,0.2538696419108998
fbc_tfnbs,"e=0.4,h=0.5,n=30,start_thres=1.25,min_cluster_size=3",hub,0.25,100,16,40,1730,38,2,2,1728,0.95,0.0011560693641618,0.95,0.05,0.2538696419108998
fbc_tfnbs,"e=0.4,h=1.0,n=30,start_thres=1.25,min_cluster_size=3",hub,0.25,100,16,40,1730,38,2,2,1728,0.95,0.0011560693641618,0.95,0.05,0.2538696419108998
fbc_tfnbs,"e=0.4,h=2.0,n=30,start_thres=1.25,min_cluster_size=3",hub,0.25,100,16,40,1730,39,2,1,1728,0.975,0.0011560693641618,0.951219512195122,0.048780487804878,0.2538696419108998
fbc_tfnbs,"e=0.4,h=3.0,n=30,start_thres=1.25,min_cluster_size=3",hub,0.25,100,16,40,1730,39,2,1,1728,0.975,0.0011560693641618,0.951219512195122,0.048780487804878,0.2538696419108998
fbc_tfnbs,"e=0.4,h=4.0,n=30,start_thres=1.25,min_cluster_size=3",hub,0.25,100,16,40,1730,39,2,1,1728,0.975,0.0011560693641618,0.951219512195122,0.048780487804878,0.2538696419108998
fbc_tfnbs,"e=0.4,h=5.0,n=30,start_thres=1.25,min_cluster_size=3",hub,0.25,100,16,40,1730,39,2,1,1728,0.975,0.0011560693641618,0.951219512195122,0.048780487804878,0.2538696419108998
fbc_tfnbs,"e=0.4,h=6.0,n=30,start_thres=1.25,min_cluster_size=3",hub,0.25,100,16,40,1730,39,2,1,1728,0.975,0.0011560693641618,0.951219512195122,0.048780487804878,0.2538696419108998
fbc_tfnbs,"e=0.4,h=7.0,n=30,start_thres=1.25,min_cluster_size=3",hub,0.25,100,16,40,1730,39,2,1,1728,0.975,0.0011560693641618,0.951219512195122,0.048780487804878,0.2538696419108998
fbc_tfnbs,"e=0.4,h=8.0,n=30,start_thres=1.25,min_cluster_size=3",hub,0.25,100,16,40,1730,39,2,1,1728,0.975,0.0011560693641618,0.951219512195122,0.048780487804878,0.2538696419108998
fbc_tfnbs,"e=0.4,h=9.0,n=30,start_thres=1.25,min_cluster_size=3",hub,0.25,100,16,40,1730,39,2,1,1728,0.975,0.0011560693641618,0.951219512195122,0.048780487804878,0.2538696419108998
fbc_tfnbs,"e=0.4,h=10.0,n=30,start_thres=1.25,min_cluster_size=3",hub,0.25,100,16,40,1730,38,2,2,1728,0.95,0.0011560693641618,0.95,0.05,0.2538696419108998
fbc_tfnbs,"e=0.5,h=0.5,n=30,start_thres=1.25,min_cluster_size=3",hub,0.25,100,16,40,1730,38,2,2,1728,0.95,0.0011560693641618,0.95,0.05,0.2538696419108998
fbc_tfnbs,"e=0.5,h=1.0,n=30,start_thres=1.25,min_cluster_size=3",hub,0.25,100,16,40,1730,38,2,2,1728,0.95,0.0011560693641618,0.95,0.05,0.2538696419108998
fbc_tfnbs,"e=0.5,h=2.0,n=30,start_thres=1.25,min_cluster_size=3",hub,0.25,100,16,40,1730,39,2,1,1728,0.975,0.0011560693641618,0.951219512195122,0.048780487804878,0.2538696419108998
fbc_tfnbs,"e=0.5,h=3.0,n=30,start_thres=1.25,min_cluster_size=3",hub,0.25,100,16,40,1730,39,2,1,1728,0.975,0.0011560693641618,0.951219512195122,0.048780487804878,0.2538696419108998
fbc_tfnbs,"e=0.5,h=4.0,n=30,start_thres=1.25,min_cluster_size=3",hub,0.25,100,16,40,1730,39,2,1,1728,0.975,0.0011560693641618,0.951219512195122,0.048780487804878,0.2538696419108998
fbc_tfnbs,"e=0.5,h=5.0,n=30,start_thres=1.25,min_cluster_size=3",hub,0.25,100,16,40,1730,39,2,1,1728,0.975,0.0011560693641618,0.951219512195122,0.048780487804878,0.2538696419108998
fbc_tfnbs,"e=0.5,h=6.0,n=30,start_thres=1.25,min_cluster_size=3",hub,0.25,100,16,40,1730,39,2,1,1728,0.975,0.0011560693641618,0.951219512195122,0.048780487804878,0.2538696419108998
fbc_tfnbs,"e=0.5,h=7.0,n=30,start_thres=1.25,min_cluster_size=3",hub,0.25,100,16,40,1730,39,2,1,1728,0.975,0.0011560693641618,0.951219512195122,0.048780487804878,0.2538696419108998
fbc_tfnbs,"e=0.5,h=8.0,n=30,start_thres=1.25,min_cluster_size=3",hub,0.25,100,16,40,1730,39,2,1,1728,0.975,0.0011560693641618,0.951219512195122,0.048780487804878,0.2538696419108998
fbc_tfnbs,"e=0.5,h=9.0,n=30,start_thres=1.25,min_cluster_size=3",hub,0.25,100,16,40,1730,39,2,1,1728,0.975,0.0011560693641618,0.951219512195122,0.048780487804878,0.2538696419108998
fbc_tfnbs,"e=0.5,h=10.0,n=30,start_thres=1.25,min_cluster_size=3",hub,0.25,100,16,40,1730,39,2,1,1728,0.975,0.0011560693641618,0.951219512195122,0.048780487804878,0.2538696419108998
fbc_tfnbs,"e=0.6,h=0.5,n=30,start_thres=1.25,min_cluster_size=3",hub,0.25,100,16,40,1730,38,2,2,1728,0.95,0.0011560693641618,0.95,0.05,0.2538696419108998
fbc_tfnbs,"e=0.6,h=1.0,n=30,start_thres=1.25,min_cluster_size=3",hub,0.25,100,16,40,1730,38,2,2,1728,0.95,0.0011560693641618,0.95,0.05,0.2538696419108998
fbc_tfnbs,"e=0.6,h=2.0,n=30,start_thres=1.25,min_cluster_size=3",hub,0.25,100,16,40,1730,39,2,1,1728,0.975,0.0011560693641618,0.951219512195122,0.048780487804878,0.2538696419108998
fbc_tfnbs,"e=0.6,h=3.0,n=30,start_thres=1.25,min_cluster_size=3",hub,0.25,100,16,40,1730,39,2,1,1728,0.975,0.0011560693641618,0.951219512195122,0.048780487804878,0.2538696419108998
fbc_tfnbs,"e=0.6,h=4.0,n=30,start_thres=1.25,min_cluster_size=3",hub,0.25,100,16,40,1730,39,2,1,1728,0.975,0.0011560693641618,0.951219512195122,0.048780487804878,0.2538696419108998
fbc_tfnbs,"e=0.6,h=5.0,n=30,start_thres=1.25,min_cluster_size=3",hub,0.25,100,16,40,1730,39,2,1,1728,0.975,0.0011560693641618,0.951219512195122,0.048780487804878,0.2538696419108998
fbc_tfnbs,"e=0.6,h=6.0,n=30,start_thres=1.25,min_cluster_size=3",hub,0.25,100,16,40,1730,39,2,1,1728,0.975,0.0011560693641618,0.951219512195122,0.048780487804878,0.2538696419108998
fbc_tfnbs,"e=0.6,h=7.0,n=30,start_thres=1.25,min_cluster_size=3",hub,0.25,100,16,40,1730,39,2,1,1728,0.975,0.0011560693641618,0.951219512195122,0.048780487804878,0.2538696419108998
fbc_tfnbs,"e=0.6,h=8.0,n=30,start_thres=1.25,min_cluster_size=3",hub,0.25,100,16,40,1730,39,2,1,1728,0.975,0.0011560693641618,0.951219512195122,0.048780487804878,0.2538696419108998
fbc_tfnbs,"e=0.6,h=9.0,n=30,start_thres=1.25,min_cluster_size=3",hub,0.25,100,16,40,1730,39,2,1,1728,0.975,0.0011560693641618,0.951219512195122,0.048780487804878,0.2538696419108998
fbc_tfnbs,"e=0.6,h=10.0,n=30,start_thres=1.25,min_cluster_size=3",hub,0.25,100,16,40,1730,39,2,1,1728,0.975,0.0011560693641618,0.951219512195122,0.048780487804878,0.2538696419108998
fbc_tfnbs,"e=0.7,h=0.5,n=30,start_thres=1.25,min_cluster_size=3",hub,0.25,100,16,40,1730,38,2,2,1728,0.95,0.0011560693641618,0.95,0.05,0.2538696419108998
fbc_tfnbs,"e=0.7,h=1.0,n=30,start_thres=1.25,min_cluster_size=3",hub,0.25,100,16,40,1730,38,2,2,1728,0.95,0.0011560693641618,0.95,0.05,0.2538696419108998
fbc_tfnbs,"e=0.7,h=2.0,n=30,start_thres=1.25,min_cluster_size=3",hub,0.25,100,16,40,1730,38,2,2,1728,0.95,0.0011560693641618,0.95,0.05,0.2538696419108998
fbc_tfnbs,"e=0.7,h=3.0,n=30,start_thres=1.25,min_cluster_size=3",hub,0.25,100,16,40,1730,39,2,1,1728,0.975,0.0011560693641618,0.951219512195122,0.048780487804878,0.2538696419108998
fbc_tfnbs,"e=0.7,h=4.0,n=30,start_thres=1.25,min_cluster_size=3",hub,0.25,100,16,40,1730,39,2,1,1728,0.975,0.0011560693641618,0.951219512195122,0.048780487804878,0.2538696419108998
fbc_tfnbs,"e=0.7,h=5.0,n=30,start_thres=1.25,min_cluster_size=3",hub,0.25,100,16,40,1730,39,2,1,1728,0.975,0.0011560693641618,0.951219512195122,0.048780487804878,0.2538696419108998
fbc_tfnbs,"e=0.7,h=6.0,n=30,start_thres=1.25,min_cluster_size=3",hub,0.25,100,16,40,1730,39,2,1,1728,0.975,0.0011560693641618,0.951219512195122,0.048780487804878,0.2538696419108998
fbc_tfnbs,"e=0.7,h=7.0,n=30,start_thres=1.25,min_cluster_size=3",hub,0.25,100,16,40,1730,39,2,1,1728,0.975,0.0011560693641618,0.951219512195122,0.048780487804878,0.2538696419108998
fbc_tfnbs,"e=0.7,h=8.0,n=30,start_thres=1.25,min_cluster_size=3",hub,0.25,100,16,40,1730,39,2,1,1728,0.975,0.0011560693641618,0.951219512195122,0.048780487804878,0.2538696419108998
fbc_tfnbs,"e=0.7,h=9.0,n=30,start_thres=1.25,min_cluster_size=3",hub,0.25,100,16,40,1730,39,2,1,1728,0.975,0.0011560693641618,0.951219512195122,0.048780487804878,0.2538696419108998
fbc_tfnbs,"e=0.7,h=10.0,n=30,start_thres=1.25,min_cluster_size=3",hub,0.25,100,16,40,1730,39,2,1,1728,0.975,0.0011560693641618,0.951219512195122,0.048780487804878,0.2538696419108998
fbc_tfnbs,"e=0.8,h=0.5,n=30,start_thres=1.25,min_cluster_size=3",hub,0.25,100,16,40,1730,38,2,2,1728,0.95,0.0011560693641618,0.95,0.05,0.2538696419108998
fbc_tfnbs,"e=0.8,h=1.0,n=30,start_thres=1.25,min_cluster_size=3",hub,0.25,100,16,40,1730,38,2,2,1728,0.95,0.0011560693641618,0.95,0.05,0.2538696419108998
fbc_tfnbs,"e=0.8,h=2.0,n=30,start_thres=1.25,min_cluster_size=3",hub,0.25,100,16,40,1730,38,3,2,1727,0.95,0.0017341040462427,0.926829268292683,0.073170731707317,0.2538696419108998
fbc_tfnbs,"e=0.8,h=3.0,n=30,start_thres=1.25,min_cluster_size=3",hub,0.25,100,16,40,1730,39,2,1,1728,0.975,0.0011560693641618,0.951219512195122,0.048780487804878,0.2538696419108998
fbc_tfnbs,"e=0.8,h=4.0,n=30,start_thres=1.25,min_cluster_size=3",hub,0.25,100,16,40,1730,39,3,1,1727,0.975,0.0017341040462427,0.9285714285714286,0.0714285714285714,0.2538696419108998
fbc_tfnbs,"e=0.8,h=5.0,n=30,start_thres=1.25,min_cluster_size=3",hub,0.25,100,16,40,1730,39,2,1,1728,0.975,0.0011560693641618,0.951219512195122,0.048780487804878,0.2538696419108998
fbc_tfnbs,"e=0.8,h=6.0,n=30,start_thres=1.25,min_cluster_size=3",hub,0.25,100,16,40,1730,39,2,1,1728,0.975,0.0011560693641618,0.951219512195122,0.048780487804878,0.2538696419108998
fbc_tfnbs,"e=0.8,h=7.0,n=30,start_thres=1.25,min_cluster_size=3",hub,0.25,100,16,40,1730,39,2,1,1728,0.975,0.0011560693641618,0.951219512195122,0.048780487804878,0.2538696419108998
fbc_tfnbs,"e=0.8,h=8.0,n=30,start_thres=1.25,min_cluster_size=3",hub,0.25,100,16,40,1730,39,2,1,1728,0.975,0.0011560693641618,0.951219512195122,0.048780487804878,0.2538696419108998
fbc_tfnbs,"e=0.8,h=9.0,n=30,start_thres=1.25,min_cluster_size=3",hub,0.25,100,16,40,1730,39,2,1,1728,0.975,0.0011560693641618,0.951219512195122,0.048780487804878,0.2538696419108998
fbc_tfnbs,"e=0.8,h=10.0,n=30,start_thres=1.25,min_cluster_size=3",hub,0.25,100,16,40,1730,39,2,1,1728,0.975,0.0011560693641618,0.951219512195122,0.048780487804878,0.2538696419108998
fbc_tfnbs,"e=0.9,h=0.5,n=30,start_thres=1.25,min_cluster_size=3",hub,0.25,100,16,40,1730,38,2,2,1728,0.95,0.0011560693641618,0.95,0.05,0.2538696419108998
fbc_tfnbs,"e=0.9,h=1.0,n=30,start_thres=1.25,min_cluster_size=3",hub,0.25,100,16,40,1730,38,2,2,1728,0.95,0.0011560693641618,0.95,0.05,0.2538696419108998
fbc_tfnbs,"e=0.9,h=2.0,n=30,start_thres=1.25,min_cluster_size=3",hub,0.25,100,16,40,1730,38,3,2,1727,0.95,0.0017341040462427,0.926829268292683,0.073170731707317,0.2538696419108998
fbc_tfnbs,"e=0.9,h=3.0,n=30,start_thres=1.25,min_cluster_size=3",hub,0.25,100,16,40,1730,39,3,1,1727,0.975,0.0017341040462427,0.9285714285714286,0.0714285714285714,0.2538696419108998
fbc_tfnbs,"e=0.9,h=4.0,n=30,start_thres=1.25,min_cluster_size=3",hub,0.25,100,16,40,1730,39,3,1,1727,0.975,0.0017341040462427,0.9285714285714286,0.0714285714285714,0.2538696419108998
fbc_tfnbs,"e=0.9,h=5.0,n=30,start_thres=1.25,min_cluster_size=3",hub,0.25,100,16,40,1730,39,3,1,1727,0.975,0.0017341040462427,0.9285714285714286,0.0714285714285714,0.2538696419108998
fbc_tfnbs,"e=0.9,h=6.0,n=30,start_thres=1.25,min_cluster_size=3",hub,0.25,100,16,40,1730,39,3,1,1727,0.975,0.0017341040462427,0.9285714285714286,0.0714285714285714,0.2538696419108998
fbc_tfnbs,"e=0.9,h=7.0,n=30,start_thres=1.25,min_cluster_size=3",hub,0.25,100,16,40,1730,39,2,1,1728,0.975,0.0011560693641618,0.951219512195122,0.048780487804878,0.2538696419108998
fbc_tfnbs,"e=0.9,h=8.0,n=30,start_thres=1.25,min_cluster_size=3",hub,0.25,100,16,40,1730,39,2,1,1728,0.975,0.0011560693641618,0.951219512195122,0.048780487804878,0.2538696419108998
fbc_tfnbs,"e=0.9,h=9.0,n=30,start_thres=1.25,min_cluster_size=3",hub,0.25,100,16,40,1730,39,2,1,1728,0.975,0.0011560693641618,0.951219512195122,0.048780487804878,0.2538696419108998
fbc_tfnbs,"e=0.9,h=10.0,n=30,start_thres=1.25,min_cluster_size=3",hub,0.25,100,16,40,1730,39,2,1,1728,0.975,0.0011560693641618,0.951219512195122,0.048780487804878,0.2538696419108998
fbc_tfnbs,"e=1.0,h=0.5,n=30,start_thres=1.25,min_cluster_size=3",hub,0.25,100,16,40,1730,36,2,4,1728,0.9,0.0011560693641618,0.9473684210526316,0.0526315789473684,0.2538696419108998
fbc_tfnbs,"e=1.0,h=1.0,n=30,start_thres=1.25,min_cluster_size=3",hub,0.25,100,16,40,1730,38,2,2,1728,0.95,0.0011560693641618,0.95,0.05,0.2538696419108998
fbc_tfnbs,"e=1.0,h=2.0,n=30,start_thres=1.25,min_cluster_size=3",hub,0.25,100,16,40,1730,38,3,2,1727,0.95,0.0017341040462427,0.926829268292683,0.073170731707317,0.2538696419108998
fbc_tfnbs,"e=1.0,h=3.0,n=30,start_thres=1.25,min_cluster_size=3",hub,0.25,100,16,40,1730,39,3,1,1727,0.975,0.0017341040462427,0.9285714285714286,0.0714285714285714,0.2538696419108998
fbc_tfnbs,"e=1.0,h=4.0,n=30,start_thres=1.25,min_cluster_size=3",hub,0.25,100,16,40,1730,39,3,1,1727,0.975,0.0017341040462427,0.9285714285714286,0.0714285714285714,0.2538696419108998
fbc_tfnbs,"e=1.0,h=5.0,n=30,start_thres=1.25,min_cluster_size=3",hub,0.25,100,16,40,1730,39,3,1,1727,0.975,0.0017341040462427,0.9285714285714286,0.0714285714285714,0.2538696419108998
fbc_tfnbs,"e=1.0,h=6.0,n=30,start_thres=1.25,min_cluster_size=3",hub,0.25,100,16,40,1730,39,3,1,1727,0.975,0.0017341040462427,0.9285714285714286,0.0714285714285714,0.2538696419108998
fbc_tfnbs,"e=1.0,h=7.0,n=30,start_thres=1.25,min_cluster_size=3",hub,0.25,100,16,40,1730,39,3,1,1727,0.975,0.0017341040462427,0.9285714285714286,0.0714285714285714,0.2538696419108998
fbc_tfnbs,"e=1.0,h=8.0,n=30,start_thres=1.25,min_cluster_size=3",hub,0.25,100,16,40,1730,39,2,1,1728,0.975,0.0011560693641618,0.951219512195122,0.048780487804878,0.2538696419108998
fbc_tfnbs,"e=1.0,h=9.0,n=30,start_thres=1.25,min_cluster_size=3",hub,0.25,100,16,40,1730,39,2,1,1728,0.975,0.0011560693641618,0.951219512195122,0.048780487804878,0.2538696419108998
fbc_tfnbs,"e=1.0,h=10.0,n=30,start_thres=1.25,min_cluster_size=3",hub,0.25,100,16,40,1730,39,2,1,1728,0.975,0.0011560693641618,0.951219512195122,0.048780487804878,0.2538696419108998
fbc_tfnbs,"e=1.1,h=0.5,n=30,start_thres=1.25,min_cluster_size=3",hub,0.25,100,16,40,1730,36,2,4,1728,0.9,0.0011560693641618,0.9473684210526316,0.0526315789473684,0.2538696419108998
fbc_tfnbs,"e=1.1,h=1.0,n=30,start_thres=1.25,min_cluster_size=3",hub,0.25,100,16,40,1730,38,2,2,1728,0.95,0.0011560693641618,0.95,0.05,0.2538696419108998
fbc_tfnbs,"e=1.1,h=2.0,n=30,start_thres=1.25,min_cluster_size=3",hub,0.25,100,16,40,1730,38,3,2,1727,0.95,0.0017341040462427,0.926829268292683,0.073170731707317,0.2538696419108998
fbc_tfnbs,"e=1.1,h=3.0,n=30,start_thres=1.25,min_cluster_size=3",hub,0.25,100,16,40,1730,39,3,1,1727,0.975,0.0017341040462427,0.9285714285714286,0.0714285714285714,0.2538696419108998
fbc_tfnbs,"e=1.1,h=4.0,n=30,start_thres=1.25,min_cluster_size=3",hub,0.25,100,16,40,1730,39,3,1,1727,0.975,0.0017341040462427,0.9285714285714286,0.0714285714285714,0.2538696419108998
fbc_tfnbs,"e=1.1,h=5.0,n=30,start_thres=1.25,min_cluster_size=3",hub,0.25,100,16,40,1730,39,3,1,1727,0.975,0.0017341040462427,0.9285714285714286,0.0714285714285714,0.2538696419108998
fbc_tfnbs,"e=1.1,h=6.0,n=30,start_thres=1.25,min_cluster_size=3",hub,0.25,100,16,40,1730,39,3,1,1727,0.975,0.0017341040462427,0.9285714285714286,0.0714285714285714,0.2538696419108998
fbc_tfnbs,"e=1.1,h=7.0,n=30,start_thres=1.25,min_cluster_size=3",hub,0.25,100,16,40,1730,39,3,1,1727,0.975,0.0017341040462427,0.9285714285714286,0.0714285714285714,0.2538696419108998
fbc_tfnbs,"e=1.1,h=8.0,n=30,start_thres=1.25,min_cluster_size=3",hub,0.25,100,16,40,1730,39,3,1,1727,0.975,0.0017341040462427,0.9285714285714286,0.0714285714285714,0.2538696419108998
fbc_tfnbs,"e=1.1,h=9.0,n=30,start_thres=1.25,min_cluster_size=3",hub,0.25,100,16,40,1730,39,2,1,1728,0.975,0.0011560693641618,0.951219512195122,0.048780487804878,0.2538696419108998
fbc_tfnbs,"e=1.1,h=10.0,n=30,start_thres=1.25,min_cluster_size=3",hub,0.25,100,16,40,1730,39,2,1,1728,0.975,0.0011560693641618,0.951219512195122,0.048780487804878,0.2538696419108998
fbc_tfnbs,"e=1.2,h=0.5,n=30,start_thres=1.25,min_cluster_size=3",hub,0.25,100,16,40,1730,36,2,4,1728,0.9,0.0011560693641618,0.9473684210526316,0.0526315789473684,0.2538696419108998
fbc_tfnbs,"e=1.2,h=1.0,n=30,start_thres=1.25,min_cluster_size=3",hub,0.25,100,16,40,1730,36,2,4,1728,0.9,0.0011560693641618,0.9473684210526316,0.0526315789473684,0.2538696419108998
fbc_tfnbs,"e=1.2,h=2.0,n=30,start_thres=1.25,min_cluster_size=3",hub,0.25,100,16,40,1730,38,3,2,1727,0.95,0.0017341040462427,0.926829268292683,0.073170731707317,0.2538696419108998
fbc_tfnbs,"e=1.2,h=3.0,n=30,start_thres=1.25,min_cluster_size=3",hub,0.25,100,16,40,1730,39,3,1,1727,0.975,0.0017341040462427,0.9285714285714286,0.0714285714285714,0.2538696419108998
fbc_tfnbs,"e=1.2,h=4.0,n=30,start_thres=1.25,min_cluster_size=3",hub,0.25,100,16,40,1730,39,3,1,1727,0.975,0.0017341040462427,0.9285714285714286,0.0714285714285714,0.2538696419108998
fbc_tfnbs,"e=1.2,h=5.0,n=30,start_thres=1.25,min_cluster_size=3",hub,0.25,100,16,40,1730,39,3,1,1727,0.975,0.0017341040462427,0.9285714285714286,0.0714285714285714,0.2538696419108998
fbc_tfnbs,"e=1.2,h=6.0,n=30,start_thres=1.25,min_cluster_size=3",hub,0.25,100,16,40,1730,39,3,1,1727,0.975,0.0017341040462427,0.9285714285714286,0.0714285714285714,0.2538696419108998
fbc_tfnbs,"e=1.2,h=7.0,n=30,start_thres=1.25,min_cluster_size=3",hub,0.25,100,16,40,1730,39,3,1,1727,0.975,0.0017341040462427,0.9285714285714286,0.0714285714285714,0.2538696419108998
fbc_tfnbs,"e=1.2,h=8.0,n=30,start_thres=1.25,min_cluster_size=3",hub,0.25,100,16,40,1730,39,3,1,1727,0.975,0.0017341040462427,0.9285714285714286,0.0714285714285714,0.2538696419108998
fbc_tfnbs,"e=1.2,h=9.0,n=30,start_thres=1.25,min_cluster_size=3",hub,0.25,100,16,40,1730,39,3,1,1727,0.975,0.0017341040462427,0.9285714285714286,0.0714285714285714,0.2538696419108998
fbc_tfnbs,"e=1.2,h=10.0,n=30,start_thres=1.25,min_cluster_size=3",hub,0.25,100,16,40,1730,39,3,1,1727,0.975,0.0017341040462427,0.9285714285714286,0.0714285714285714,0.2538696419108998
fbc_tfnbs,"e=1.3,h=0.5,n=30,start_thres=1.25,min_cluster_size=3",hub,0.25,100,16,40,1730,35,2,5,1728,0.875,0.0011560693641618,0.945945945945946,0.054054054054054,0.2538696419108998
fbc_tfnbs,"e=1.3,h=1.0,n=30,start_thres=1.25,min_cluster_size=3",hub,0.25,100,16,40,1730,36,2,4,1728,0.9,0.0011560693641618,0.9473684210526316,0.0526315789473684,0.2538696419108998
fbc_tfnbs,"e=1.3,h=2.0,n=30,start_thres=1.25,min_cluster_size=3",hub,0.25,100,16,40,1730,38,3,2,1727,0.95,0.0017341040462427,0.926829268292683,0.073170731707317,0.2538696419108998
fbc_tfnbs,"e=1.3,h=3.0,n=30,start_thres=1.25,min_cluster_size=3",hub,0.25,100,16,40,1730,38,3,2,1727,0.95,0.0017341040462427,0.926829268292683,0.073170731707317,0.2538696419108998
fbc_tfnbs,"e=1.3,h=4.0,n=30,start_thres=1.25,min_cluster_size=3",hub,0.25,100,16,40,1730,39,3,1,1727,0.975,0.0017341040462427,0.9285714285714286,0.0714285714285714,0.2538696419108998
fbc_tfnbs,"e=1.3,h=5.0,n=30,start_thres=1.25,min_cluster_size=3",hub,0.25,100,16,40,1730,39,3,1,1727,0.975,0.0017341040462427,0.9285714285714286,0.0714285714285714,0.2538696419108998
fbc_tfnbs,"e=1.3,h=6.0,n=30,start_thres=1.25,min_cluster_size=3",hub,0.25,100,16,40,1730,39,3,1,1727,0.975,0.0017341040462427,0.9285714285714286,0.0714285714285714,0.2538696419108998
fbc_tfnbs,"e=1.3,h=7.0,n=30,start_thres=1.25,min_cluster_size=3",hub,0.25,100,16,40,1730,39,3,1,1727,0.975,0.0017341040462427,0.9285714285714286,0.0714285714285714,0.2538696419108998
fbc_tfnbs,"e=1.3,h=8.0,n=30,start_thres=1.25,min_cluster_size=3",hub,0.25,100,16,40,1730,39,3,1,1727,0.975,0.0017341040462427,0.9285714285714286,0.0714285714285714,0.2538696419108998
fbc_tfnbs,"e=1.3,h=9.0,n=30,start_thres=1.25,min_cluster_size=3",hub,0.25,100,16,40,1730,39,3,1,1727,0.975,0.0017341040462427,0.9285714285714286,0.0714285714285714,0.2538696419108998
fbc_tfnbs,"e=1.3,h=10.0,n=30,start_thres=1.25,min_cluster_size=3",hub,0.25,100,16,40,1730,39,3,1,1727,0.975,0.0017341040462427,0.9285714285714286,0.0714285714285714,0.2538696419108998
fbc_tfnbs,"e=1.4,h=0.5,n=30,start_thres=1.25,min_cluster_size=3",hub,0.25,100,16,40,1730,35,2,5,1728,0.875,0.0011560693641618,0.945945945945946,0.054054054054054,0.2538696419108998
fbc_tfnbs,"e=1.4,h=1.0,n=30,start_thres=1.25,min_cluster_size=3",hub,0.25,100,16,40,1730,36,2,4,1728,0.9,0.0011560693641618,0.9473684210526316,0.0526315789473684,0.2538696419108998
fbc_tfnbs,"e=1.4,h=2.0,n=30,start_thres=1.25,min_cluster_size=3",hub,0.25,100,16,40,1730,38,3,2,1727,0.95,0.0017341040462427,0.926829268292683,0.073170731707317,0.2538696419108998
fbc_tfnbs,"e=1.4,h=3.0,n=30,start_thres=1.25,min_cluster_size=3",hub,0.25,100,16,40,1730,38,3,2,1727,0.95,0.0017341040462427,0.926829268292683,0.073170731707317,0.2538696419108998
fbc_tfnbs,"e=1.4,h=4.0,n=30,start_thres=1.25,min_cluster_size=3",hub,0.25,100,16,40,1730,39,3,1,1727,0.975,0.0017341040462427,0.9285714285714286,0.0714285714285714,0.2538696419108998
fbc_tfnbs,"e=1.4,h=5.0,n=30,start_thres=1.25,min_cluster_size=3",hub,0.25,100,16,40,1730,39,3,1,1727,0.975,0.0017341040462427,0.9285714285714286,0.0714285714285714,0.2538696419108998
fbc_tfnbs,"e=1.4,h=6.0,n=30,start_thres=1.25,min_cluster_size=3",hub,0.25,100,16,40,1730,39,3,1,1727,0.975,0.0017341040462427,0.9285714285714286,0.0714285714285714,0.2538696419108998
fbc_tfnbs,"e=1.4,h=7.0,n=30,start_thres=1.25,min_cluster_size=3",hub,0.25,100,16,40,1730,39,3,1,1727,0.975,0.0017341040462427,0.9285714285714286,0.0714285714285714,0.2538696419108998
fbc_tfnbs,"e=1.4,h=8.0,n=30,start_thres=1.25,min_cluster_size=3",hub,0.25,100,16,40,1730,39,3,1,1727,0.975,0.0017341040462427,0.9285714285714286,0.0714285714285714,0.2538696419108998
fbc_tfnbs,"e=1.4,h=9.0,n=30,start_thres=1.25,min_cluster_size=3",hub,0.25,100,16,40,1730,39,3,1,1727,0.975,0.0017341040462427,0.9285714285714286,0.0714285714285714,0.2538696419108998
fbc_tfnbs,"e=1.4,h=10.0,n=30,start_thres=1.25,min_cluster_size=3",hub,0.25,100,16,40,1730,39,3,1,1727,0.975,0.0017341040462427,0.9285714285714286,0.0714285714285714,0.2538696419108998
fbc_tfnbs,"e=1.5,h=0.5,n=30,start_thres=1.25,min_cluster_size=3",hub,0.25,100,16,40,1730,33,2,7,1728,0.825,0.0011560693641618,0.9428571428571428,0.0571428571428571,0.2538696419108998
fbc_tfnbs,"e=1.5,h=1.0,n=30,start_thres=1.25,min_cluster_size=3",hub,0.25,100,16,40,1730,35,2,5,1728,0.875,0.0011560693641618,0.945945945945946,0.054054054054054,0.2538696419108998
fbc_tfnbs,"e=1.5,h=2.0,n=30,start_thres=1.25,min_cluster_size=3",hub,0.25,100,16,40,1730,37,2,3,1728,0.925,0.0011560693641618,0.9487179487179488,0.0512820512820512,0.2538696419108998
fbc_tfnbs,"e=1.5,h=3.0,n=30,start_thres=1.25,min_cluster_size=3",hub,0.25,100,16,40,1730,38,3,2,1727,0.95,0.0017341040462427,0.926829268292683,0.073170731707317,0.2538696419108998
fbc_tfnbs,"e=1.5,h=4.0,n=30,start_thres=1.25,min_cluster_size=3",hub,0.25,100,16,40,1730,39,3,1,1727,0.975,0.0017341040462427,0.9285714285714286,0.0714285714285714,0.2538696419108998
fbc_tfnbs,"e=1.5,h=5.0,n=30,start_thres=1.25,min_cluster_size=3",hub,0.25,100,16,40,1730,39,3,1,1727,0.975,0.0017341040462427,0.9285714285714286,0.0714285714285714,0.2538696419108998
fbc_tfnbs,"e=1.5,h=6.0,n=30,start_thres=1.25,min_cluster_size=3",hub,0.25,100,16,40,1730,39,3,1,1727,0.975,0.0017341040462427,0.9285714285714286,0.0714285714285714,0.2538696419108998
fbc_tfnbs,"e=1.5,h=7.0,n=30,start_thres=1.25,min_cluster_size=3",hub,0.25,100,16,40,1730,39,3,1,1727,0.975,0.0017341040462427,0.9285714285714286,0.0714285714285714,0.2538696419108998
fbc_tfnbs,"e=1.5,h=8.0,n=30,start_thres=1.25,min_cluster_size=3",hub,0.25,100,16,40,1730,39,3,1,1727,0.975,0.0017341040462427,0.9285714285714286,0.0714285714285714,0.2538696419108998
fbc_tfnbs,"e=1.5,h=9.0,n=30,start_thres=1.25,min_cluster_size=3",hub,0.25,100,16,40,1730,39,3,1,1727,0.975,0.0017341040462427,0.9285714285714286,0.0714285714285714,0.2538696419108998
fbc_tfnbs,"e=1.5,h=10.0,n=30,start_thres=1.25,min_cluster_size=3",hub,0.25,100,16,40,1730,39,3,1,1727,0.975,0.0017341040462427,0.9285714285714286,0.0714285714285714,0.2538696419108998
fbc_tfnbs,"e=0.05,h=0.5,n=30,start_thres=1.25,min_cluster_size=3",hub,0.25,100,17,40,1730,35,0,5,1730,0.875,0.0,1.0,0.0,0.2600229707631198
fbc_tfnbs,"e=0.05,h=1.0,n=30,start_thres=1.25,min_cluster_size=3",hub,0.25,100,17,40,1730,35,0,5,1730,0.875,0.0,1.0,0.0,0.2600229707631198
fbc_tfnbs,"e=0.05,h=2.0,n=30,start_thres=1.25,min_cluster_size=3",hub,0.25,100,17,40,1730,35,0,5,1730,0.875,0.0,1.0,0.0,0.2600229707631198
fbc_tfnbs,"e=0.05,h=3.0,n=30,start_thres=1.25,min_cluster_size=3",hub,0.25,100,17,40,1730,35,0,5,1730,0.875,0.0,1.0,0.0,0.2600229707631198
fbc_tfnbs,"e=0.05,h=4.0,n=30,start_thres=1.25,min_cluster_size=3",hub,0.25,100,17,40,1730,35,0,5,1730,0.875,0.0,1.0,0.0,0.2600229707631198
fbc_tfnbs,"e=0.05,h=5.0,n=30,start_thres=1.25,min_cluster_size=3",hub,0.25,100,17,40,1730,35,0,5,1730,0.875,0.0,1.0,0.0,0.2600229707631198
fbc_tfnbs,"e=0.05,h=6.0,n=30,start_thres=1.25,min_cluster_size=3",hub,0.25,100,17,40,1730,35,0,5,1730,0.875,0.0,1.0,0.0,0.2600229707631198
fbc_tfnbs,"e=0.05,h=7.0,n=30,start_thres=1.25,min_cluster_size=3",hub,0.25,100,17,40,1730,35,0,5,1730,0.875,0.0,1.0,0.0,0.2600229707631198
fbc_tfnbs,"e=0.05,h=8.0,n=30,start_thres=1.25,min_cluster_size=3",hub,0.25,100,17,40,1730,35,0,5,1730,0.875,0.0,1.0,0.0,0.2600229707631198
fbc_tfnbs,"e=0.05,h=9.0,n=30,start_thres=1.25,min_cluster_size=3",hub,0.25,100,17,40,1730,35,0,5,1730,0.875,0.0,1.0,0.0,0.2600229707631198
fbc_tfnbs,"e=0.05,h=10.0,n=30,start_thres=1.25,min_cluster_size=3",hub,0.25,100,17,40,1730,35,0,5,1730,0.875,0.0,1.0,0.0,0.2600229707631198
fbc_tfnbs,"e=0.1,h=0.5,n=30,start_thres=1.25,min_cluster_size=3",hub,0.25,100,17,40,1730,35,0,5,1730,0.875,0.0,1.0,0.0,0.2600229707631198
fbc_tfnbs,"e=0.1,h=1.0,n=30,start_thres=1.25,min_cluster_size=3",hub,0.25,100,17,40,1730,35,0,5,1730,0.875,0.0,1.0,0.0,0.2600229707631198
fbc_tfnbs,"e=0.1,h=2.0,n=30,start_thres=1.25,min_cluster_size=3",hub,0.25,100,17,40,1730,35,0,5,1730,0.875,0.0,1.0,0.0,0.2600229707631198
fbc_tfnbs,"e=0.1,h=3.0,n=30,start_thres=1.25,min_cluster_size=3",hub,0.25,100,17,40,1730,35,0,5,1730,0.875,0.0,1.0,0.0,0.2600229707631198
fbc_tfnbs,"e=0.1,h=4.0,n=30,start_thres=1.25,min_cluster_size=3",hub,0.25,100,17,40,1730,35,0,5,1730,0.875,0.0,1.0,0.0,0.2600229707631198
fbc_tfnbs,"e=0.1,h=5.0,n=30,start_thres=1.25,min_cluster_size=3",hub,0.25,100,17,40,1730,35,0,5,1730,0.875,0.0,1.0,0.0,0.2600229707631198
fbc_tfnbs,"e=0.1,h=6.0,n=30,start_thres=1.25,min_cluster_size=3",hub,0.25,100,17,40,1730,35,0,5,1730,0.875,0.0,1.0,0.0,0.2600229707631198
fbc_tfnbs,"e=0.1,h=7.0,n=30,start_thres=1.25,min_cluster_size=3",hub,0.25,100,17,40,1730,35,0,5,1730,0.875,0.0,1.0,0.0,0.2600229707631198
fbc_tfnbs,"e=0.1,h=8.0,n=30,start_thres=1.25,min_cluster_size=3",hub,0.25,100,17,40,1730,35,0,5,1730,0.875,0.0,1.0,0.0,0.2600229707631198
fbc_tfnbs,"e=0.1,h=9.0,n=30,start_thres=1.25,min_cluster_size=3",hub,0.25,100,17,40,1730,35,0,5,1730,0.875,0.0,1.0,0.0,0.2600229707631198
fbc_tfnbs,"e=0.1,h=10.0,n=30,start_thres=1.25,min_cluster_size=3",hub,0.25,100,17,40,1730,35,0,5,1730,0.875,0.0,1.0,0.0,0.2600229707631198
fbc_tfnbs,"e=0.2,h=0.5,n=30,start_thres=1.25,min_cluster_size=3",hub,0.25,100,17,40,1730,35,0,5,1730,0.875,0.0,1.0,0.0,0.2600229707631198
fbc_tfnbs,"e=0.2,h=1.0,n=30,start_thres=1.25,min_cluster_size=3",hub,0.25,100,17,40,1730,35,0,5,1730,0.875,0.0,1.0,0.0,0.2600229707631198
fbc_tfnbs,"e=0.2,h=2.0,n=30,start_thres=1.25,min_cluster_size=3",hub,0.25,100,17,40,1730,35,0,5,1730,0.875,0.0,1.0,0.0,0.2600229707631198
fbc_tfnbs,"e=0.2,h=3.0,n=30,start_thres=1.25,min_cluster_size=3",hub,0.25,100,17,40,1730,35,0,5,1730,0.875,0.0,1.0,0.0,0.2600229707631198
fbc_tfnbs,"e=0.2,h=4.0,n=30,start_thres=1.25,min_cluster_size=3",hub,0.25,100,17,40,1730,35,0,5,1730,0.875,0.0,1.0,0.0,0.2600229707631198
fbc_tfnbs,"e=0.2,h=5.0,n=30,start_thres=1.25,min_cluster_size=3",hub,0.25,100,17,40,1730,35,0,5,1730,0.875,0.0,1.0,0.0,0.2600229707631198
fbc_tfnbs,"e=0.2,h=6.0,n=30,start_thres=1.25,min_cluster_size=3",hub,0.25,100,17,40,1730,35,0,5,1730,0.875,0.0,1.0,0.0,0.2600229707631198
fbc_tfnbs,"e=0.2,h=7.0,n=30,start_thres=1.25,min_cluster_size=3",hub,0.25,100,17,40,1730,35,0,5,1730,0.875,0.0,1.0,0.0,0.2600229707631198
fbc_tfnbs,"e=0.2,h=8.0,n=30,start_thres=1.25,min_cluster_size=3",hub,0.25,100,17,40,1730,35,0,5,1730,0.875,0.0,1.0,0.0,0.2600229707631198
fbc_tfnbs,"e=0.2,h=9.0,n=30,start_thres=1.25,min_cluster_size=3",hub,0.25,100,17,40,1730,35,0,5,1730,0.875,0.0,1.0,0.0,0.2600229707631198
fbc_tfnbs,"e=0.2,h=10.0,n=30,start_thres=1.25,min_cluster_size=3",hub,0.25,100,17,40,1730,35,0,5,1730,0.875,0.0,1.0,0.0,0.2600229707631198
fbc_tfnbs,"e=0.3,h=0.5,n=30,start_thres=1.25,min_cluster_size=3",hub,0.25,100,17,40,1730,35,0,5,1730,0.875,0.0,1.0,0.0,0.2600229707631198
fbc_tfnbs,"e=0.3,h=1.0,n=30,start_thres=1.25,min_cluster_size=3",hub,0.25,100,17,40,1730,35,0,5,1730,0.875,0.0,1.0,0.0,0.2600229707631198
fbc_tfnbs,"e=0.3,h=2.0,n=30,start_thres=1.25,min_cluster_size=3",hub,0.25,100,17,40,1730,35,0,5,1730,0.875,0.0,1.0,0.0,0.2600229707631198
fbc_tfnbs,"e=0.3,h=3.0,n=30,start_thres=1.25,min_cluster_size=3",hub,0.25,100,17,40,1730,35,0,5,1730,0.875,0.0,1.0,0.0,0.2600229707631198
fbc_tfnbs,"e=0.3,h=4.0,n=30,start_thres=1.25,min_cluster_size=3",hub,0.25,100,17,40,1730,35,0,5,1730,0.875,0.0,1.0,0.0,0.2600229707631198
fbc_tfnbs,"e=0.3,h=5.0,n=30,start_thres=1.25,min_cluster_size=3",hub,0.25,100,17,40,1730,35,0,5,1730,0.875,0.0,1.0,0.0,0.2600229707631198
fbc_tfnbs,"e=0.3,h=6.0,n=30,start_thres=1.25,min_cluster_size=3",hub,0.25,100,17,40,1730,35,0,5,1730,0.875,0.0,1.0,0.0,0.2600229707631198
fbc_tfnbs,"e=0.3,h=7.0,n=30,start_thres=1.25,min_cluster_size=3",hub,0.25,100,17,40,1730,35,0,5,1730,0.875,0.0,1.0,0.0,0.2600229707631198
fbc_tfnbs,"e=0.3,h=8.0,n=30,start_thres=1.25,min_cluster_size=3",hub,0.25,100,17,40,1730,35,0,5,1730,0.875,0.0,1.0,0.0,0.2600229707631198
fbc_tfnbs,"e=0.3,h=9.0,n=30,start_thres=1.25,min_cluster_size=3",hub,0.25,100,17,40,1730,35,0,5,1730,0.875,0.0,1.0,0.0,0.2600229707631198
fbc_tfnbs,"e=0.3,h=10.0,n=30,start_thres=1.25,min_cluster_size=3",hub,0.25,100,17,40,1730,35,0,5,1730,0.875,0.0,1.0,0.0,0.2600229707631198
fbc_tfnbs,"e=0.4,h=0.5,n=30,start_thres=1.25,min_cluster_size=3",hub,0.25,100,17,40,1730,35,0,5,1730,0.875,0.0,1.0,0.0,0.2600229707631198
fbc_tfnbs,"e=0.4,h=1.0,n=30,start_thres=1.25,min_cluster_size=3",hub,0.25,100,17,40,1730,35,0,5,1730,0.875,0.0,1.0,0.0,0.2600229707631198
fbc_tfnbs,"e=0.4,h=2.0,n=30,start_thres=1.25,min_cluster_size=3",hub,0.25,100,17,40,1730,35,0,5,1730,0.875,0.0,1.0,0.0,0.2600229707631198
fbc_tfnbs,"e=0.4,h=3.0,n=30,start_thres=1.25,min_cluster_size=3",hub,0.25,100,17,40,1730,35,0,5,1730,0.875,0.0,1.0,0.0,0.2600229707631198
fbc_tfnbs,"e=0.4,h=4.0,n=30,start_thres=1.25,min_cluster_size=3",hub,0.25,100,17,40,1730,35,0,5,1730,0.875,0.0,1.0,0.0,0.2600229707631198
fbc_tfnbs,"e=0.4,h=5.0,n=30,start_thres=1.25,min_cluster_size=3",hub,0.25,100,17,40,1730,35,0,5,1730,0.875,0.0,1.0,0.0,0.2600229707631198
fbc_tfnbs,"e=0.4,h=6.0,n=30,start_thres=1.25,min_cluster_size=3",hub,0.25,100,17,40,1730,35,0,5,1730,0.875,0.0,1.0,0.0,0.2600229707631198
fbc_tfnbs,"e=0.4,h=7.0,n=30,start_thres=1.25,min_cluster_size=3",hub,0.25,100,17,40,1730,35,0,5,1730,0.875,0.0,1.0,0.0,0.2600229707631198
fbc_tfnbs,"e=0.4,h=8.0,n=30,start_thres=1.25,min_cluster_size=3",hub,0.25,100,17,40,1730,35,0,5,1730,0.875,0.0,1.0,0.0,0.2600229707631198
fbc_tfnbs,"e=0.4,h=9.0,n=30,start_thres=1.25,min_cluster_size=3",hub,0.25,100,17,40,1730,35,0,5,1730,0.875,0.0,1.0,0.0,0.2600229707631198
fbc_tfnbs,"e=0.4,h=10.0,n=30,start_thres=1.25,min_cluster_size=3",hub,0.25,100,17,40,1730,35,0,5,1730,0.875,0.0,1.0,0.0,0.2600229707631198
fbc_tfnbs,"e=0.5,h=0.5,n=30,start_thres=1.25,min_cluster_size=3",hub,0.25,100,17,40,1730,35,0,5,1730,0.875,0.0,1.0,0.0,0.2600229707631198
fbc_tfnbs,"e=0.5,h=1.0,n=30,start_thres=1.25,min_cluster_size=3",hub,0.25,100,17,40,1730,35,0,5,1730,0.875,0.0,1.0,0.0,0.2600229707631198
fbc_tfnbs,"e=0.5,h=2.0,n=30,start_thres=1.25,min_cluster_size=3",hub,0.25,100,17,40,1730,35,0,5,1730,0.875,0.0,1.0,0.0,0.2600229707631198
fbc_tfnbs,"e=0.5,h=3.0,n=30,start_thres=1.25,min_cluster_size=3",hub,0.25,100,17,40,1730,35,0,5,1730,0.875,0.0,1.0,0.0,0.2600229707631198
fbc_tfnbs,"e=0.5,h=4.0,n=30,start_thres=1.25,min_cluster_size=3",hub,0.25,100,17,40,1730,35,0,5,1730,0.875,0.0,1.0,0.0,0.2600229707631198
fbc_tfnbs,"e=0.5,h=5.0,n=30,start_thres=1.25,min_cluster_size=3",hub,0.25,100,17,40,1730,35,0,5,1730,0.875,0.0,1.0,0.0,0.2600229707631198
fbc_tfnbs,"e=0.5,h=6.0,n=30,start_thres=1.25,min_cluster_size=3",hub,0.25,100,17,40,1730,35,0,5,1730,0.875,0.0,1.0,0.0,0.2600229707631198
fbc_tfnbs,"e=0.5,h=7.0,n=30,start_thres=1.25,min_cluster_size=3",hub,0.25,100,17,40,1730,35,0,5,1730,0.875,0.0,1.0,0.0,0.2600229707631198
fbc_tfnbs,"e=0.5,h=8.0,n=30,start_thres=1.25,min_cluster_size=3",hub,0.25,100,17,40,1730,35,0,5,1730,0.875,0.0,1.0,0.0,0.2600229707631198
fbc_tfnbs,"e=0.5,h=9.0,n=30,start_thres=1.25,min_cluster_size=3",hub,0.25,100,17,40,1730,35,0,5,1730,0.875,0.0,1.0,0.0,0.2600229707631198
fbc_tfnbs,"e=0.5,h=10.0,n=30,start_thres=1.25,min_cluster_size=3",hub,0.25,100,17,40,1730,35,0,5,1730,0.875,0.0,1.0,0.0,0.2600229707631198
fbc_tfnbs,"e=0.6,h=0.5,n=30,start_thres=1.25,min_cluster_size=3",hub,0.25,100,17,40,1730,33,0,7,1730,0.825,0.0,1.0,0.0,0.2600229707631198
fbc_tfnbs,"e=0.6,h=1.0,n=30,start_thres=1.25,min_cluster_size=3",hub,0.25,100,17,40,1730,35,0,5,1730,0.875,0.0,1.0,0.0,0.2600229707631198
fbc_tfnbs,"e=0.6,h=2.0,n=30,start_thres=1.25,min_cluster_size=3",hub,0.25,100,17,40,1730,35,0,5,1730,0.875,0.0,1.0,0.0,0.2600229707631198
fbc_tfnbs,"e=0.6,h=3.0,n=30,start_thres=1.25,min_cluster_size=3",hub,0.25,100,17,40,1730,35,0,5,1730,0.875,0.0,1.0,0.0,0.2600229707631198
fbc_tfnbs,"e=0.6,h=4.0,n=30,start_thres=1.25,min_cluster_size=3",hub,0.25,100,17,40,1730,36,0,4,1730,0.9,0.0,1.0,0.0,0.2600229707631198
fbc_tfnbs,"e=0.6,h=5.0,n=30,start_thres=1.25,min_cluster_size=3",hub,0.25,100,17,40,1730,36,0,4,1730,0.9,0.0,1.0,0.0,0.2600229707631198
fbc_tfnbs,"e=0.6,h=6.0,n=30,start_thres=1.25,min_cluster_size=3",hub,0.25,100,17,40,1730,36,0,4,1730,0.9,0.0,1.0,0.0,0.2600229707631198
fbc_tfnbs,"e=0.6,h=7.0,n=30,start_thres=1.25,min_cluster_size=3",hub,0.25,100,17,40,1730,36,0,4,1730,0.9,0.0,1.0,0.0,0.2600229707631198
fbc_tfnbs,"e=0.6,h=8.0,n=30,start_thres=1.25,min_cluster_size=3",hub,0.25,100,17,40,1730,36,0,4,1730,0.9,0.0,1.0,0.0,0.2600229707631198
fbc_tfnbs,"e=0.6,h=9.0,n=30,start_thres=1.25,min_cluster_size=3",hub,0.25,100,17,40,1730,36,0,4,1730,0.9,0.0,1.0,0.0,0.2600229707631198
fbc_tfnbs,"e=0.6,h=10.0,n=30,start_thres=1.25,min_cluster_size=3",hub,0.25,100,17,40,1730,35,0,5,1730,0.875,0.0,1.0,0.0,0.2600229707631198
fbc_tfnbs,"e=0.7,h=0.5,n=30,start_thres=1.25,min_cluster_size=3",hub,0.25,100,17,40,1730,33,0,7,1730,0.825,0.0,1.0,0.0,0.2600229707631198
fbc_tfnbs,"e=0.7,h=1.0,n=30,start_thres=1.25,min_cluster_size=3",hub,0.25,100,17,40,1730,35,0,5,1730,0.875,0.0,1.0,0.0,0.2600229707631198
fbc_tfnbs,"e=0.7,h=2.0,n=30,start_thres=1.25,min_cluster_size=3",hub,0.25,100,17,40,1730,35,0,5,1730,0.875,0.0,1.0,0.0,0.2600229707631198
fbc_tfnbs,"e=0.7,h=3.0,n=30,start_thres=1.25,min_cluster_size=3",hub,0.25,100,17,40,1730,35,0,5,1730,0.875,0.0,1.0,0.0,0.2600229707631198
fbc_tfnbs,"e=0.7,h=4.0,n=30,start_thres=1.25,min_cluster_size=3",hub,0.25,100,17,40,1730,36,0,4,1730,0.9,0.0,1.0,0.0,0.2600229707631198
fbc_tfnbs,"e=0.7,h=5.0,n=30,start_thres=1.25,min_cluster_size=3",hub,0.25,100,17,40,1730,36,0,4,1730,0.9,0.0,1.0,0.0,0.2600229707631198
fbc_tfnbs,"e=0.7,h=6.0,n=30,start_thres=1.25,min_cluster_size=3",hub,0.25,100,17,40,1730,36,0,4,1730,0.9,0.0,1.0,0.0,0.2600229707631198
fbc_tfnbs,"e=0.7,h=7.0,n=30,start_thres=1.25,min_cluster_size=3",hub,0.25,100,17,40,1730,36,0,4,1730,0.9,0.0,1.0,0.0,0.2600229707631198
fbc_tfnbs,"e=0.7,h=8.0,n=30,start_thres=1.25,min_cluster_size=3",hub,0.25,100,17,40,1730,36,0,4,1730,0.9,0.0,1.0,0.0,0.2600229707631198
fbc_tfnbs,"e=0.7,h=9.0,n=30,start_thres=1.25,min_cluster_size=3",hub,0.25,100,17,40,1730,36,0,4,1730,0.9,0.0,1.0,0.0,0.2600229707631198
fbc_tfnbs,"e=0.7,h=10.0,n=30,start_thres=1.25,min_cluster_size=3",hub,0.25,100,17,40,1730,36,0,4,1730,0.9,0.0,1.0,0.0,0.2600229707631198
fbc_tfnbs,"e=0.8,h=0.5,n=30,start_thres=1.25,min_cluster_size=3",hub,0.25,100,17,40,1730,33,0,7,1730,0.825,0.0,1.0,0.0,0.2600229707631198
fbc_tfnbs,"e=0.8,h=1.0,n=30,start_thres=1.25,min_cluster_size=3",hub,0.25,100,17,40,1730,35,0,5,1730,0.875,0.0,1.0,0.0,0.2600229707631198
fbc_tfnbs,"e=0.8,h=2.0,n=30,start_thres=1.25,min_cluster_size=3",hub,0.25,100,17,40,1730,35,0,5,1730,0.875,0.0,1.0,0.0,0.2600229707631198
fbc_tfnbs,"e=0.8,h=3.0,n=30,start_thres=1.25,min_cluster_size=3",hub,0.25,100,17,40,1730,35,0,5,1730,0.875,0.0,1.0,0.0,0.2600229707631198
fbc_tfnbs,"e=0.8,h=4.0,n=30,start_thres=1.25,min_cluster_size=3",hub,0.25,100,17,40,1730,36,0,4,1730,0.9,0.0,1.0,0.0,0.2600229707631198
fbc_tfnbs,"e=0.8,h=5.0,n=30,start_thres=1.25,min_cluster_size=3",hub,0.25,100,17,40,1730,36,0,4,1730,0.9,0.0,1.0,0.0,0.2600229707631198
fbc_tfnbs,"e=0.8,h=6.0,n=30,start_thres=1.25,min_cluster_size=3",hub,0.25,100,17,40,1730,36,0,4,1730,0.9,0.0,1.0,0.0,0.2600229707631198
fbc_tfnbs,"e=0.8,h=7.0,n=30,start_thres=1.25,min_cluster_size=3",hub,0.25,100,17,40,1730,36,0,4,1730,0.9,0.0,1.0,0.0,0.2600229707631198
fbc_tfnbs,"e=0.8,h=8.0,n=30,start_thres=1.25,min_cluster_size=3",hub,0.25,100,17,40,1730,36,0,4,1730,0.9,0.0,1.0,0.0,0.2600229707631198
fbc_tfnbs,"e=0.8,h=9.0,n=30,start_thres=1.25,min_cluster_size=3",hub,0.25,100,17,40,1730,36,0,4,1730,0.9,0.0,1.0,0.0,0.2600229707631198
fbc_tfnbs,"e=0.8,h=10.0,n=30,start_thres=1.25,min_cluster_size=3",hub,0.25,100,17,40,1730,36,0,4,1730,0.9,0.0,1.0,0.0,0.2600229707631198
fbc_tfnbs,"e=0.9,h=0.5,n=30,start_thres=1.25,min_cluster_size=3",hub,0.25,100,17,40,1730,33,0,7,1730,0.825,0.0,1.0,0.0,0.2600229707631198
fbc_tfnbs,"e=0.9,h=1.0,n=30,start_thres=1.25,min_cluster_size=3",hub,0.25,100,17,40,1730,33,0,7,1730,0.825,0.0,1.0,0.0,0.2600229707631198
fbc_tfnbs,"e=0.9,h=2.0,n=30,start_thres=1.25,min_cluster_size=3",hub,0.25,100,17,40,1730,35,0,5,1730,0.875,0.0,1.0,0.0,0.2600229707631198
fbc_tfnbs,"e=0.9,h=3.0,n=30,start_thres=1.25,min_cluster_size=3",hub,0.25,100,17,40,1730,35,0,5,1730,0.875,0.0,1.0,0.0,0.2600229707631198
fbc_tfnbs,"e=0.9,h=4.0,n=30,start_thres=1.25,min_cluster_size=3",hub,0.25,100,17,40,1730,36,0,4,1730,0.9,0.0,1.0,0.0,0.2600229707631198
fbc_tfnbs,"e=0.9,h=5.0,n=30,start_thres=1.25,min_cluster_size=3",hub,0.25,100,17,40,1730,36,0,4,1730,0.9,0.0,1.0,0.0,0.2600229707631198
fbc_tfnbs,"e=0.9,h=6.0,n=30,start_thres=1.25,min_cluster_size=3",hub,0.25,100,17,40,1730,36,0,4,1730,0.9,0.0,1.0,0.0,0.2600229707631198
fbc_tfnbs,"e=0.9,h=7.0,n=30,start_thres=1.25,min_cluster_size=3",hub,0.25,100,17,40,1730,36,0,4,1730,0.9,0.0,1.0,0.0,0.2600229707631198
fbc_tfnbs,"e=0.9,h=8.0,n=30,start_thres=1.25,min_cluster_size=3",hub,0.25,100,17,40,1730,36,0,4,1730,0.9,0.0,1.0,0.0,0.2600229707631198
fbc_tfnbs,"e=0.9,h=9.0,n=30,start_thres=1.25,min_cluster_size=3",hub,0.25,100,17,40,1730,36,0,4,1730,0.9,0.0,1.0,0.0,0.2600229707631198
fbc_tfnbs,"e=0.9,h=10.0,n=30,start_thres=1.25,min_cluster_size=3",hub,0.25,100,17,40,1730,36,0,4,1730,0.9,0.0,1.0,0.0,0.2600229707631198
fbc_tfnbs,"e=1.0,h=0.5,n=30,start_thres=1.25,min_cluster_size=3",hub,0.25,100,17,40,1730,30,0,10,1730,0.75,0.0,1.0,0.0,0.2600229707631198
fbc_tfnbs,"e=1.0,h=1.0,n=30,start_thres=1.25,min_cluster_size=3",hub,0.25,100,17,40,1730,33,0,7,1730,0.825,0.0,1.0,0.0,0.2600229707631198
fbc_tfnbs,"e=1.0,h=2.0,n=30,start_thres=1.25,min_cluster_size=3",hub,0.25,100,17,40,1730,35,0,5,1730,0.875,0.0,1.0,0.0,0.2600229707631198
fbc_tfnbs,"e=1.0,h=3.0,n=30,start_thres=1.25,min_cluster_size=3",hub,0.25,100,17,40,1730,35,0,5,1730,0.875,0.0,1.0,0.0,0.2600229707631198
fbc_tfnbs,"e=1.0,h=4.0,n=30,start_thres=1.25,min_cluster_size=3",hub,0.25,100,17,40,1730,36,0,4,1730,0.9,0.0,1.0,0.0,0.2600229707631198
fbc_tfnbs,"e=1.0,h=5.0,n=30,start_thres=1.25,min_cluster_size=3",hub,0.25,100,17,40,1730,36,0,4,1730,0.9,0.0,1.0,0.0,0.2600229707631198
fbc_tfnbs,"e=1.0,h=6.0,n=30,start_thres=1.25,min_cluster_size=3",hub,0.25,100,17,40,1730,36,0,4,1730,0.9,0.0,1.0,0.0,0.2600229707631198
fbc_tfnbs,"e=1.0,h=7.0,n=30,start_thres=1.25,min_cluster_size=3",hub,0.25,100,17,40,1730,36,0,4,1730,0.9,0.0,1.0,0.0,0.2600229707631198
fbc_tfnbs,"e=1.0,h=8.0,n=30,start_thres=1.25,min_cluster_size=3",hub,0.25,100,17,40,1730,36,0,4,1730,0.9,0.0,1.0,0.0,0.2600229707631198
fbc_tfnbs,"e=1.0,h=9.0,n=30,start_thres=1.25,min_cluster_size=3",hub,0.25,100,17,40,1730,36,0,4,1730,0.9,0.0,1.0,0.0,0.2600229707631198
fbc_tfnbs,"e=1.0,h=10.0,n=30,start_thres=1.25,min_cluster_size=3",hub,0.25,100,17,40,1730,36,0,4,1730,0.9,0.0,1.0,0.0,0.2600229707631198
fbc_tfnbs,"e=1.1,h=0.5,n=30,start_thres=1.25,min_cluster_size=3",hub,0.25,100,17,40,1730,26,0,14,1730,0.65,0.0,1.0,0.0,0.2600229707631198
fbc_tfnbs,"e=1.1,h=1.0,n=30,start_thres=1.25,min_cluster_size=3",hub,0.25,100,17,40,1730,33,0,7,1730,0.825,0.0,1.0,0.0,0.2600229707631198
fbc_tfnbs,"e=1.1,h=2.0,n=30,start_thres=1.25,min_cluster_size=3",hub,0.25,100,17,40,1730,35,0,5,1730,0.875,0.0,1.0,0.0,0.2600229707631198
fbc_tfnbs,"e=1.1,h=3.0,n=30,start_thres=1.25,min_cluster_size=3",hub,0.25,100,17,40,1730,35,0,5,1730,0.875,0.0,1.0,0.0,0.2600229707631198
fbc_tfnbs,"e=1.1,h=4.0,n=30,start_thres=1.25,min_cluster_size=3",hub,0.25,100,17,40,1730,36,0,4,1730,0.9,0.0,1.0,0.0,0.2600229707631198
fbc_tfnbs,"e=1.1,h=5.0,n=30,start_thres=1.25,min_cluster_size=3",hub,0.25,100,17,40,1730,36,0,4,1730,0.9,0.0,1.0,0.0,0.2600229707631198
fbc_tfnbs,"e=1.1,h=6.0,n=30,start_thres=1.25,min_cluster_size=3",hub,0.25,100,17,40,1730,36,0,4,1730,0.9,0.0,1.0,0.0,0.2600229707631198
fbc_tfnbs,"e=1.1,h=7.0,n=30,start_thres=1.25,min_cluster_size=3",hub,0.25,100,17,40,1730,36,0,4,1730,0.9,0.0,1.0,0.0,0.2600229707631198
fbc_tfnbs,"e=1.1,h=8.0,n=30,start_thres=1.25,min_cluster_size=3",hub,0.25,100,17,40,1730,36,0,4,1730,0.9,0.0,1.0,0.0,0.2600229707631198
fbc_tfnbs,"e=1.1,h=9.0,n=30,start_thres=1.25,min_cluster_size=3",hub,0.25,100,17,40,1730,36,0,4,1730,0.9,0.0,1.0,0.0,0.2600229707631198
fbc_tfnbs,"e=1.1,h=10.0,n=30,start_thres=1.25,min_cluster_size=3",hub,0.25,100,17,40,1730,36,0,4,1730,0.9,0.0,1.0,0.0,0.2600229707631198
fbc_tfnbs,"e=1.2,h=0.5,n=30,start_thres=1.25,min_cluster_size=3",hub,0.25,100,17,40,1730,26,0,14,1730,0.65,0.0,1.0,0.0,0.2600229707631198
fbc_tfnbs,"e=1.2,h=1.0,n=30,start_thres=1.25,min_cluster_size=3",hub,0.25,100,17,40,1730,30,0,10,1730,0.75,0.0,1.0,0.0,0.2600229707631198
fbc_tfnbs,"e=1.2,h=2.0,n=30,start_thres=1.25,min_cluster_size=3",hub,0.25,100,17,40,1730,35,0,5,1730,0.875,0.0,1.0,0.0,0.2600229707631198
fbc_tfnbs,"e=1.2,h=3.0,n=30,start_thres=1.25,min_cluster_size=3",hub,0.25,100,17,40,1730,35,0,5,1730,0.875,0.0,1.0,0.0,0.2600229707631198
fbc_tfnbs,"e=1.2,h=4.0,n=30,start_thres=1.25,min_cluster_size=3",hub,0.25,100,17,40,1730,36,0,4,1730,0.9,0.0,1.0,0.0,0.2600229707631198
fbc_tfnbs,"e=1.2,h=5.0,n=30,start_thres=1.25,min_cluster_size=3",hub,0.25,100,17,40,1730,36,0,4,1730,0.9,0.0,1.0,0.0,0.2600229707631198
fbc_tfnbs,"e=1.2,h=6.0,n=30,start_thres=1.25,min_cluster_size=3",hub,0.25,100,17,40,1730,36,0,4,1730,0.9,0.0,1.0,0.0,0.2600229707631198
fbc_tfnbs,"e=1.2,h=7.0,n=30,start_thres=1.25,min_cluster_size=3",hub,0.25,100,17,40,1730,36,0,4,1730,0.9,0.0,1.0,0.0,0.2600229707631198
fbc_tfnbs,"e=1.2,h=8.0,n=30,start_thres=1.25,min_cluster_size=3",hub,0.25,100,17,40,1730,36,0,4,1730,0.9,0.0,1.0,0.0,0.2600229707631198
fbc_tfnbs,"e=1.2,h=9.0,n=30,start_thres=1.25,min_cluster_size=3",hub,0.25,100,17,40,1730,36,0,4,1730,0.9,0.0,1.0,0.0,0.2600229707631198
fbc_tfnbs,"e=1.2,h=10.0,n=30,start_thres=1.25,min_cluster_size=3",hub,0.25,100,17,40,1730,36,0,4,1730,0.9,0.0,1.0,0.0,0.2600229707631198
fbc_tfnbs,"e=1.3,h=0.5,n=30,start_thres=1.25,min_cluster_size=3",hub,0.25,100,17,40,1730,20,0,20,1730,0.5,0.0,1.0,0.0,0.2600229707631198
fbc_tfnbs,"e=1.3,h=1.0,n=30,start_thres=1.25,min_cluster_size=3",hub,0.25,100,17,40,1730,26,0,14,1730,0.65,0.0,1.0,0.0,0.2600229707631198
fbc_tfnbs,"e=1.3,h=2.0,n=30,start_thres=1.25,min_cluster_size=3",hub,0.25,100,17,40,1730,33,0,7,1730,0.825,0.0,1.0,0.0,0.2600229707631198
fbc_tfnbs,"e=1.3,h=3.0,n=30,start_thres=1.25,min_cluster_size=3",hub,0.25,100,17,40,1730,35,0,5,1730,0.875,0.0,1.0,0.0,0.2600229707631198
fbc_tfnbs,"e=1.3,h=4.0,n=30,start_thres=1.25,min_cluster_size=3",hub,0.25,100,17,40,1730,36,0,4,1730,0.9,0.0,1.0,0.0,0.2600229707631198
fbc_tfnbs,"e=1.3,h=5.0,n=30,start_thres=1.25,min_cluster_size=3",hub,0.25,100,17,40,1730,36,0,4,1730,0.9,0.0,1.0,0.0,0.2600229707631198
fbc_tfnbs,"e=1.3,h=6.0,n=30,start_thres=1.25,min_cluster_size=3",hub,0.25,100,17,40,1730,36,0,4,1730,0.9,0.0,1.0,0.0,0.2600229707631198
fbc_tfnbs,"e=1.3,h=7.0,n=30,start_thres=1.25,min_cluster_size=3",hub,0.25,100,17,40,1730,36,0,4,1730,0.9,0.0,1.0,0.0,0.2600229707631198
fbc_tfnbs,"e=1.3,h=8.0,n=30,start_thres=1.25,min_cluster_size=3",hub,0.25,100,17,40,1730,36,0,4,1730,0.9,0.0,1.0,0.0,0.2600229707631198
fbc_tfnbs,"e=1.3,h=9.0,n=30,start_thres=1.25,min_cluster_size=3",hub,0.25,100,17,40,1730,36,0,4,1730,0.9,0.0,1.0,0.0,0.2600229707631198
fbc_tfnbs,"e=1.3,h=10.0,n=30,start_thres=1.25,min_cluster_size=3",hub,0.25,100,17,40,1730,36,0,4,1730,0.9,0.0,1.0,0.0,0.2600229707631198
fbc_tfnbs,"e=1.4,h=0.5,n=30,start_thres=1.25,min_cluster_size=3",hub,0.25,100,17,40,1730,16,0,24,1730,0.4,0.0,1.0,0.0,0.2600229707631198
fbc_tfnbs,"e=1.4,h=1.0,n=30,start_thres=1.25,min_cluster_size=3",hub,0.25,100,17,40,1730,25,0,15,1730,0.625,0.0,1.0,0.0,0.2600229707631198
fbc_tfnbs,"e=1.4,h=2.0,n=30,start_thres=1.25,min_cluster_size=3",hub,0.25,100,17,40,1730,33,0,7,1730,0.825,0.0,1.0,0.0,0.2600229707631198
fbc_tfnbs,"e=1.4,h=3.0,n=30,start_thres=1.25,min_cluster_size=3",hub,0.25,100,17,40,1730,35,0,5,1730,0.875,0.0,1.0,0.0,0.2600229707631198
fbc_tfnbs,"e=1.4,h=4.0,n=30,start_thres=1.25,min_cluster_size=3",hub,0.25,100,17,40,1730,36,0,4,1730,0.9,0.0,1.0,0.0,0.2600229707631198
fbc_tfnbs,"e=1.4,h=5.0,n=30,start_thres=1.25,min_cluster_size=3",hub,0.25,100,17,40,1730,36,0,4,1730,0.9,0.0,1.0,0.0,0.2600229707631198
fbc_tfnbs,"e=1.4,h=6.0,n=30,start_thres=1.25,min_cluster_size=3",hub,0.25,100,17,40,1730,36,0,4,1730,0.9,0.0,1.0,0.0,0.2600229707631198
fbc_tfnbs,"e=1.4,h=7.0,n=30,start_thres=1.25,min_cluster_size=3",hub,0.25,100,17,40,1730,36,0,4,1730,0.9,0.0,1.0,0.0,0.2600229707631198
fbc_tfnbs,"e=1.4,h=8.0,n=30,start_thres=1.25,min_cluster_size=3",hub,0.25,100,17,40,1730,36,0,4,1730,0.9,0.0,1.0,0.0,0.2600229707631198
fbc_tfnbs,"e=1.4,h=9.0,n=30,start_thres=1.25,min_cluster_size=3",hub,0.25,100,17,40,1730,36,0,4,1730,0.9,0.0,1.0,0.0,0.2600229707631198
fbc_tfnbs,"e=1.4,h=10.0,n=30,start_thres=1.25,min_cluster_size=3",hub,0.25,100,17,40,1730,36,0,4,1730,0.9,0.0,1.0,0.0,0.2600229707631198
fbc_tfnbs,"e=1.5,h=0.5,n=30,start_thres=1.25,min_cluster_size=3",hub,0.25,100,17,40,1730,11,0,29,1730,0.275,0.0,1.0,0.0,0.2600229707631198
fbc_tfnbs,"e=1.5,h=1.0,n=30,start_thres=1.25,min_cluster_size=3",hub,0.25,100,17,40,1730,20,0,20,1730,0.5,0.0,1.0,0.0,0.2600229707631198
fbc_tfnbs,"e=1.5,h=2.0,n=30,start_thres=1.25,min_cluster_size=3",hub,0.25,100,17,40,1730,33,0,7,1730,0.825,0.0,1.0,0.0,0.2600229707631198
fbc_tfnbs,"e=1.5,h=3.0,n=30,start_thres=1.25,min_cluster_size=3",hub,0.25,100,17,40,1730,35,0,5,1730,0.875,0.0,1.0,0.0,0.2600229707631198
fbc_tfnbs,"e=1.5,h=4.0,n=30,start_thres=1.25,min_cluster_size=3",hub,0.25,100,17,40,1730,35,0,5,1730,0.875,0.0,1.0,0.0,0.2600229707631198
fbc_tfnbs,"e=1.5,h=5.0,n=30,start_thres=1.25,min_cluster_size=3",hub,0.25,100,17,40,1730,36,0,4,1730,0.9,0.0,1.0,0.0,0.2600229707631198
fbc_tfnbs,"e=1.5,h=6.0,n=30,start_thres=1.25,min_cluster_size=3",hub,0.25,100,17,40,1730,36,0,4,1730,0.9,0.0,1.0,0.0,0.2600229707631198
fbc_tfnbs,"e=1.5,h=7.0,n=30,start_thres=1.25,min_cluster_size=3",hub,0.25,100,17,40,1730,36,0,4,1730,0.9,0.0,1.0,0.0,0.2600229707631198
fbc_tfnbs,"e=1.5,h=8.0,n=30,start_thres=1.25,min_cluster_size=3",hub,0.25,100,17,40,1730,36,0,4,1730,0.9,0.0,1.0,0.0,0.2600229707631198
fbc_tfnbs,"e=1.5,h=9.0,n=30,start_thres=1.25,min_cluster_size=3",hub,0.25,100,17,40,1730,36,0,4,1730,0.9,0.0,1.0,0.0,0.2600229707631198
fbc_tfnbs,"e=1.5,h=10.0,n=30,start_thres=1.25,min_cluster_size=3",hub,0.25,100,17,40,1730,36,0,4,1730,0.9,0.0,1.0,0.0,0.2600229707631198
fbc_tfnbs,"e=0.05,h=0.5,n=30,start_thres=1.25,min_cluster_size=3",hub,0.25,100,18,40,1730,30,1,10,1729,0.75,0.0005780346820809,0.967741935483871,0.032258064516129,0.2540088065645911
fbc_tfnbs,"e=0.05,h=1.0,n=30,start_thres=1.25,min_cluster_size=3",hub,0.25,100,18,40,1730,30,1,10,1729,0.75,0.0005780346820809,0.967741935483871,0.032258064516129,0.2540088065645911
fbc_tfnbs,"e=0.05,h=2.0,n=30,start_thres=1.25,min_cluster_size=3",hub,0.25,100,18,40,1730,31,1,9,1729,0.775,0.0005780346820809,0.96875,0.03125,0.2540088065645911
fbc_tfnbs,"e=0.05,h=3.0,n=30,start_thres=1.25,min_cluster_size=3",hub,0.25,100,18,40,1730,31,1,9,1729,0.775,0.0005780346820809,0.96875,0.03125,0.2540088065645911
fbc_tfnbs,"e=0.05,h=4.0,n=30,start_thres=1.25,min_cluster_size=3",hub,0.25,100,18,40,1730,31,1,9,1729,0.775,0.0005780346820809,0.96875,0.03125,0.2540088065645911
fbc_tfnbs,"e=0.05,h=5.0,n=30,start_thres=1.25,min_cluster_size=3",hub,0.25,100,18,40,1730,31,1,9,1729,0.775,0.0005780346820809,0.96875,0.03125,0.2540088065645911
fbc_tfnbs,"e=0.05,h=6.0,n=30,start_thres=1.25,min_cluster_size=3",hub,0.25,100,18,40,1730,31,1,9,1729,0.775,0.0005780346820809,0.96875,0.03125,0.2540088065645911
fbc_tfnbs,"e=0.05,h=7.0,n=30,start_thres=1.25,min_cluster_size=3",hub,0.25,100,18,40,1730,31,1,9,1729,0.775,0.0005780346820809,0.96875,0.03125,0.2540088065645911
fbc_tfnbs,"e=0.05,h=8.0,n=30,start_thres=1.25,min_cluster_size=3",hub,0.25,100,18,40,1730,32,1,8,1729,0.8,0.0005780346820809,0.9696969696969696,0.0303030303030303,0.2540088065645911
fbc_tfnbs,"e=0.05,h=9.0,n=30,start_thres=1.25,min_cluster_size=3",hub,0.25,100,18,40,1730,32,1,8,1729,0.8,0.0005780346820809,0.9696969696969696,0.0303030303030303,0.2540088065645911
fbc_tfnbs,"e=0.05,h=10.0,n=30,start_thres=1.25,min_cluster_size=3",hub,0.25,100,18,40,1730,32,1,8,1729,0.8,0.0005780346820809,0.9696969696969696,0.0303030303030303,0.2540088065645911
fbc_tfnbs,"e=0.1,h=0.5,n=30,start_thres=1.25,min_cluster_size=3",hub,0.25,100,18,40,1730,31,1,9,1729,0.775,0.0005780346820809,0.96875,0.03125,0.2540088065645911
fbc_tfnbs,"e=0.1,h=1.0,n=30,start_thres=1.25,min_cluster_size=3",hub,0.25,100,18,40,1730,31,1,9,1729,0.775,0.0005780346820809,0.96875,0.03125,0.2540088065645911
fbc_tfnbs,"e=0.1,h=2.0,n=30,start_thres=1.25,min_cluster_size=3",hub,0.25,100,18,40,1730,31,1,9,1729,0.775,0.0005780346820809,0.96875,0.03125,0.2540088065645911
fbc_tfnbs,"e=0.1,h=3.0,n=30,start_thres=1.25,min_cluster_size=3",hub,0.25,100,18,40,1730,31,1,9,1729,0.775,0.0005780346820809,0.96875,0.03125,0.2540088065645911
fbc_tfnbs,"e=0.1,h=4.0,n=30,start_thres=1.25,min_cluster_size=3",hub,0.25,100,18,40,1730,31,1,9,1729,0.775,0.0005780346820809,0.96875,0.03125,0.2540088065645911
fbc_tfnbs,"e=0.1,h=5.0,n=30,start_thres=1.25,min_cluster_size=3",hub,0.25,100,18,40,1730,31,1,9,1729,0.775,0.0005780346820809,0.96875,0.03125,0.2540088065645911
fbc_tfnbs,"e=0.1,h=6.0,n=30,start_thres=1.25,min_cluster_size=3",hub,0.25,100,18,40,1730,31,1,9,1729,0.775,0.0005780346820809,0.96875,0.03125,0.2540088065645911
fbc_tfnbs,"e=0.1,h=7.0,n=30,start_thres=1.25,min_cluster_size=3",hub,0.25,100,18,40,1730,31,1,9,1729,0.775,0.0005780346820809,0.96875,0.03125,0.2540088065645911
fbc_tfnbs,"e=0.1,h=8.0,n=30,start_thres=1.25,min_cluster_size=3",hub,0.25,100,18,40,1730,31,1,9,1729,0.775,0.0005780346820809,0.96875,0.03125,0.2540088065645911
fbc_tfnbs,"e=0.1,h=9.0,n=30,start_thres=1.25,min_cluster_size=3",hub,0.25,100,18,40,1730,31,1,9,1729,0.775,0.0005780346820809,0.96875,0.03125,0.2540088065645911
fbc_tfnbs,"e=0.1,h=10.0,n=30,start_thres=1.25,min_cluster_size=3",hub,0.25,100,18,40,1730,31,1,9,1729,0.775,0.0005780346820809,0.96875,0.03125,0.2540088065645911
fbc_tfnbs,"e=0.2,h=0.5,n=30,start_thres=1.25,min_cluster_size=3",hub,0.25,100,18,40,1730,28,1,12,1729,0.7,0.0005780346820809,0.9655172413793104,0.0344827586206896,0.2540088065645911
fbc_tfnbs,"e=0.2,h=1.0,n=30,start_thres=1.25,min_cluster_size=3",hub,0.25,100,18,40,1730,31,1,9,1729,0.775,0.0005780346820809,0.96875,0.03125,0.2540088065645911
fbc_tfnbs,"e=0.2,h=2.0,n=30,start_thres=1.25,min_cluster_size=3",hub,0.25,100,18,40,1730,31,1,9,1729,0.775,0.0005780346820809,0.96875,0.03125,0.2540088065645911
fbc_tfnbs,"e=0.2,h=3.0,n=30,start_thres=1.25,min_cluster_size=3",hub,0.25,100,18,40,1730,31,1,9,1729,0.775,0.0005780346820809,0.96875,0.03125,0.2540088065645911
fbc_tfnbs,"e=0.2,h=4.0,n=30,start_thres=1.25,min_cluster_size=3",hub,0.25,100,18,40,1730,31,1,9,1729,0.775,0.0005780346820809,0.96875,0.03125,0.2540088065645911
fbc_tfnbs,"e=0.2,h=5.0,n=30,start_thres=1.25,min_cluster_size=3",hub,0.25,100,18,40,1730,31,1,9,1729,0.775,0.0005780346820809,0.96875,0.03125,0.2540088065645911
fbc_tfnbs,"e=0.2,h=6.0,n=30,start_thres=1.25,min_cluster_size=3",hub,0.25,100,18,40,1730,31,1,9,1729,0.775,0.0005780346820809,0.96875,0.03125,0.2540088065645911
fbc_tfnbs,"e=0.2,h=7.0,n=30,start_thres=1.25,min_cluster_size=3",hub,0.25,100,18,40,1730,31,1,9,1729,0.775,0.0005780346820809,0.96875,0.03125,0.2540088065645911
fbc_tfnbs,"e=0.2,h=8.0,n=30,start_thres=1.25,min_cluster_size=3",hub,0.25,100,18,40,1730,31,1,9,1729,0.775,0.0005780346820809,0.96875,0.03125,0.2540088065645911
fbc_tfnbs,"e=0.2,h=9.0,n=30,start_thres=1.25,min_cluster_size=3",hub,0.25,100,18,40,1730,31,1,9,1729,0.775,0.0005780346820809,0.96875,0.03125,0.2540088065645911
fbc_tfnbs,"e=0.2,h=10.0,n=30,start_thres=1.25,min_cluster_size=3",hub,0.25,100,18,40,1730,31,1,9,1729,0.775,0.0005780346820809,0.96875,0.03125,0.2540088065645911
fbc_tfnbs,"e=0.3,h=0.5,n=30,start_thres=1.25,min_cluster_size=3",hub,0.25,100,18,40,1730,28,1,12,1729,0.7,0.0005780346820809,0.9655172413793104,0.0344827586206896,0.2540088065645911
fbc_tfnbs,"e=0.3,h=1.0,n=30,start_thres=1.25,min_cluster_size=3",hub,0.25,100,18,40,1730,28,1,12,1729,0.7,0.0005780346820809,0.9655172413793104,0.0344827586206896,0.2540088065645911
fbc_tfnbs,"e=0.3,h=2.0,n=30,start_thres=1.25,min_cluster_size=3",hub,0.25,100,18,40,1730,31,1,9,1729,0.775,0.0005780346820809,0.96875,0.03125,0.2540088065645911
fbc_tfnbs,"e=0.3,h=3.0,n=30,start_thres=1.25,min_cluster_size=3",hub,0.25,100,18,40,1730,31,1,9,1729,0.775,0.0005780346820809,0.96875,0.03125,0.2540088065645911
fbc_tfnbs,"e=0.3,h=4.0,n=30,start_thres=1.25,min_cluster_size=3",hub,0.25,100,18,40,1730,31,1,9,1729,0.775,0.0005780346820809,0.96875,0.03125,0.2540088065645911
fbc_tfnbs,"e=0.3,h=5.0,n=30,start_thres=1.25,min_cluster_size=3",hub,0.25,100,18,40,1730,31,1,9,1729,0.775,0.0005780346820809,0.96875,0.03125,0.2540088065645911
fbc_tfnbs,"e=0.3,h=6.0,n=30,start_thres=1.25,min_cluster_size=3",hub,0.25,100,18,40,1730,31,1,9,1729,0.775,0.0005780346820809,0.96875,0.03125,0.2540088065645911
fbc_tfnbs,"e=0.3,h=7.0,n=30,start_thres=1.25,min_cluster_size=3",hub,0.25,100,18,40,1730,31,1,9,1729,0.775,0.0005780346820809,0.96875,0.03125,0.2540088065645911
fbc_tfnbs,"e=0.3,h=8.0,n=30,start_thres=1.25,min_cluster_size=3",hub,0.25,100,18,40,1730,31,1,9,1729,0.775,0.0005780346820809,0.96875,0.03125,0.2540088065645911
fbc_tfnbs,"e=0.3,h=9.0,n=30,start_thres=1.25,min_cluster_size=3",hub,0.25,100,18,40,1730,31,1,9,1729,0.775,0.0005780346820809,0.96875,0.03125,0.2540088065645911
fbc_tfnbs,"e=0.3,h=10.0,n=30,start_thres=1.25,min_cluster_size=3",hub,0.25,100,18,40,1730,31,1,9,1729,0.775,0.0005780346820809,0.96875,0.03125,0.2540088065645911
fbc_tfnbs,"e=0.4,h=0.5,n=30,start_thres=1.25,min_cluster_size=3",hub,0.25,100,18,40,1730,27,1,13,1729,0.675,0.0005780346820809,0.9642857142857144,0.0357142857142857,0.2540088065645911
fbc_tfnbs,"e=0.4,h=1.0,n=30,start_thres=1.25,min_cluster_size=3",hub,0.25,100,18,40,1730,28,1,12,1729,0.7,0.0005780346820809,0.9655172413793104,0.0344827586206896,0.2540088065645911
fbc_tfnbs,"e=0.4,h=2.0,n=30,start_thres=1.25,min_cluster_size=3",hub,0.25,100,18,40,1730,28,1,12,1729,0.7,0.0005780346820809,0.9655172413793104,0.0344827586206896,0.2540088065645911
fbc_tfnbs,"e=0.4,h=3.0,n=30,start_thres=1.25,min_cluster_size=3",hub,0.25,100,18,40,1730,31,1,9,1729,0.775,0.0005780346820809,0.96875,0.03125,0.2540088065645911
fbc_tfnbs,"e=0.4,h=4.0,n=30,start_thres=1.25,min_cluster_size=3",hub,0.25,100,18,40,1730,31,1,9,1729,0.775,0.0005780346820809,0.96875,0.03125,0.2540088065645911
fbc_tfnbs,"e=0.4,h=5.0,n=30,start_thres=1.25,min_cluster_size=3",hub,0.25,100,18,40,1730,31,1,9,1729,0.775,0.0005780346820809,0.96875,0.03125,0.2540088065645911
fbc_tfnbs,"e=0.4,h=6.0,n=30,start_thres=1.25,min_cluster_size=3",hub,0.25,100,18,40,1730,31,1,9,1729,0.775,0.0005780346820809,0.96875,0.03125,0.2540088065645911
fbc_tfnbs,"e=0.4,h=7.0,n=30,start_thres=1.25,min_cluster_size=3",hub,0.25,100,18,40,1730,31,1,9,1729,0.775,0.0005780346820809,0.96875,0.03125,0.2540088065645911
fbc_tfnbs,"e=0.4,h=8.0,n=30,start_thres=1.25,min_cluster_size=3",hub,0.25,100,18,40,1730,31,1,9,1729,0.775,0.0005780346820809,0.96875,0.03125,0.2540088065645911
fbc_tfnbs,"e=0.4,h=9.0,n=30,start_thres=1.25,min_cluster_size=3",hub,0.25,100,18,40,1730,31,1,9,1729,0.775,0.0005780346820809,0.96875,0.03125,0.2540088065645911
fbc_tfnbs,"e=0.4,h=10.0,n=30,start_thres=1.25,min_cluster_size=3",hub,0.25,100,18,40,1730,31,1,9,1729,0.775,0.0005780346820809,0.96875,0.03125,0.2540088065645911
fbc_tfnbs,"e=0.5,h=0.5,n=30,start_thres=1.25,min_cluster_size=3",hub,0.25,100,18,40,1730,27,1,13,1729,0.675,0.0005780346820809,0.9642857142857144,0.0357142857142857,0.2540088065645911
fbc_tfnbs,"e=0.5,h=1.0,n=30,start_thres=1.25,min_cluster_size=3",hub,0.25,100,18,40,1730,27,1,13,1729,0.675,0.0005780346820809,0.9642857142857144,0.0357142857142857,0.2540088065645911
fbc_tfnbs,"e=0.5,h=2.0,n=30,start_thres=1.25,min_cluster_size=3",hub,0.25,100,18,40,1730,28,1,12,1729,0.7,0.0005780346820809,0.9655172413793104,0.0344827586206896,0.2540088065645911
fbc_tfnbs,"e=0.5,h=3.0,n=30,start_thres=1.25,min_cluster_size=3",hub,0.25,100,18,40,1730,28,1,12,1729,0.7,0.0005780346820809,0.9655172413793104,0.0344827586206896,0.2540088065645911
fbc_tfnbs,"e=0.5,h=4.0,n=30,start_thres=1.25,min_cluster_size=3",hub,0.25,100,18,40,1730,31,1,9,1729,0.775,0.0005780346820809,0.96875,0.03125,0.2540088065645911
fbc_tfnbs,"e=0.5,h=5.0,n=30,start_thres=1.25,min_cluster_size=3",hub,0.25,100,18,40,1730,31,1,9,1729,0.775,0.0005780346820809,0.96875,0.03125,0.2540088065645911
fbc_tfnbs,"e=0.5,h=6.0,n=30,start_thres=1.25,min_cluster_size=3",hub,0.25,100,18,40,1730,31,1,9,1729,0.775,0.0005780346820809,0.96875,0.03125,0.2540088065645911
fbc_tfnbs,"e=0.5,h=7.0,n=30,start_thres=1.25,min_cluster_size=3",hub,0.25,100,18,40,1730,31,1,9,1729,0.775,0.0005780346820809,0.96875,0.03125,0.2540088065645911
fbc_tfnbs,"e=0.5,h=8.0,n=30,start_thres=1.25,min_cluster_size=3",hub,0.25,100,18,40,1730,31,1,9,1729,0.775,0.0005780346820809,0.96875,0.03125,0.2540088065645911
fbc_tfnbs,"e=0.5,h=9.0,n=30,start_thres=1.25,min_cluster_size=3",hub,0.25,100,18,40,1730,31,1,9,1729,0.775,0.0005780346820809,0.96875,0.03125,0.2540088065645911
fbc_tfnbs,"e=0.5,h=10.0,n=30,start_thres=1.25,min_cluster_size=3",hub,0.25,100,18,40,1730,31,1,9,1729,0.775,0.0005780346820809,0.96875,0.03125,0.2540088065645911
fbc_tfnbs,"e=0.6,h=0.5,n=30,start_thres=1.25,min_cluster_size=3",hub,0.25,100,18,40,1730,27,1,13,1729,0.675,0.0005780346820809,0.9642857142857144,0.0357142857142857,0.2540088065645911
fbc_tfnbs,"e=0.6,h=1.0,n=30,start_thres=1.25,min_cluster_size=3",hub,0.25,100,18,40,1730,27,1,13,1729,0.675,0.0005780346820809,0.9642857142857144,0.0357142857142857,0.2540088065645911
fbc_tfnbs,"e=0.6,h=2.0,n=30,start_thres=1.25,min_cluster_size=3",hub,0.25,100,18,40,1730,28,1,12,1729,0.7,0.0005780346820809,0.9655172413793104,0.0344827586206896,0.2540088065645911
fbc_tfnbs,"e=0.6,h=3.0,n=30,start_thres=1.25,min_cluster_size=3",hub,0.25,100,18,40,1730,28,1,12,1729,0.7,0.0005780346820809,0.9655172413793104,0.0344827586206896,0.2540088065645911
fbc_tfnbs,"e=0.6,h=4.0,n=30,start_thres=1.25,min_cluster_size=3",hub,0.25,100,18,40,1730,31,1,9,1729,0.775,0.0005780346820809,0.96875,0.03125,0.2540088065645911
fbc_tfnbs,"e=0.6,h=5.0,n=30,start_thres=1.25,min_cluster_size=3",hub,0.25,100,18,40,1730,31,1,9,1729,0.775,0.0005780346820809,0.96875,0.03125,0.2540088065645911
fbc_tfnbs,"e=0.6,h=6.0,n=30,start_thres=1.25,min_cluster_size=3",hub,0.25,100,18,40,1730,31,1,9,1729,0.775,0.0005780346820809,0.96875,0.03125,0.2540088065645911
fbc_tfnbs,"e=0.6,h=7.0,n=30,start_thres=1.25,min_cluster_size=3",hub,0.25,100,18,40,1730,31,1,9,1729,0.775,0.0005780346820809,0.96875,0.03125,0.2540088065645911
fbc_tfnbs,"e=0.6,h=8.0,n=30,start_thres=1.25,min_cluster_size=3",hub,0.25,100,18,40,1730,31,1,9,1729,0.775,0.0005780346820809,0.96875,0.03125,0.2540088065645911
fbc_tfnbs,"e=0.6,h=9.0,n=30,start_thres=1.25,min_cluster_size=3",hub,0.25,100,18,40,1730,31,1,9,1729,0.775,0.0005780346820809,0.96875,0.03125,0.2540088065645911
fbc_tfnbs,"e=0.6,h=10.0,n=30,start_thres=1.25,min_cluster_size=3",hub,0.25,100,18,40,1730,31,1,9,1729,0.775,0.0005780346820809,0.96875,0.03125,0.2540088065645911
fbc_tfnbs,"e=0.7,h=0.5,n=30,start_thres=1.25,min_cluster_size=3",hub,0.25,100,18,40,1730,27,1,13,1729,0.675,0.0005780346820809,0.9642857142857144,0.0357142857142857,0.2540088065645911
fbc_tfnbs,"e=0.7,h=1.0,n=30,start_thres=1.25,min_cluster_size=3",hub,0.25,100,18,40,1730,27,1,13,1729,0.675,0.0005780346820809,0.9642857142857144,0.0357142857142857,0.2540088065645911
fbc_tfnbs,"e=0.7,h=2.0,n=30,start_thres=1.25,min_cluster_size=3",hub,0.25,100,18,40,1730,27,1,13,1729,0.675,0.0005780346820809,0.9642857142857144,0.0357142857142857,0.2540088065645911
fbc_tfnbs,"e=0.7,h=3.0,n=30,start_thres=1.25,min_cluster_size=3",hub,0.25,100,18,40,1730,28,1,12,1729,0.7,0.0005780346820809,0.9655172413793104,0.0344827586206896,0.2540088065645911
fbc_tfnbs,"e=0.7,h=4.0,n=30,start_thres=1.25,min_cluster_size=3",hub,0.25,100,18,40,1730,28,1,12,1729,0.7,0.0005780346820809,0.9655172413793104,0.0344827586206896,0.2540088065645911
fbc_tfnbs,"e=0.7,h=5.0,n=30,start_thres=1.25,min_cluster_size=3",hub,0.25,100,18,40,1730,31,1,9,1729,0.775,0.0005780346820809,0.96875,0.03125,0.2540088065645911
fbc_tfnbs,"e=0.7,h=6.0,n=30,start_thres=1.25,min_cluster_size=3",hub,0.25,100,18,40,1730,31,1,9,1729,0.775,0.0005780346820809,0.96875,0.03125,0.2540088065645911
fbc_tfnbs,"e=0.7,h=7.0,n=30,start_thres=1.25,min_cluster_size=3",hub,0.25,100,18,40,1730,31,1,9,1729,0.775,0.0005780346820809,0.96875,0.03125,0.2540088065645911
fbc_tfnbs,"e=0.7,h=8.0,n=30,start_thres=1.25,min_cluster_size=3",hub,0.25,100,18,40,1730,31,1,9,1729,0.775,0.0005780346820809,0.96875,0.03125,0.2540088065645911
fbc_tfnbs,"e=0.7,h=9.0,n=30,start_thres=1.25,min_cluster_size=3",hub,0.25,100,18,40,1730,31,1,9,1729,0.775,0.0005780346820809,0.96875,0.03125,0.2540088065645911
fbc_tfnbs,"e=0.7,h=10.0,n=30,start_thres=1.25,min_cluster_size=3",hub,0.25,100,18,40,1730,31,1,9,1729,0.775,0.0005780346820809,0.96875,0.03125,0.2540088065645911
fbc_tfnbs,"e=0.8,h=0.5,n=30,start_thres=1.25,min_cluster_size=3",hub,0.25,100,18,40,1730,25,1,15,1729,0.625,0.0005780346820809,0.9615384615384616,0.0384615384615384,0.2540088065645911
fbc_tfnbs,"e=0.8,h=1.0,n=30,start_thres=1.25,min_cluster_size=3",hub,0.25,100,18,40,1730,27,1,13,1729,0.675,0.0005780346820809,0.9642857142857144,0.0357142857142857,0.2540088065645911
fbc_tfnbs,"e=0.8,h=2.0,n=30,start_thres=1.25,min_cluster_size=3",hub,0.25,100,18,40,1730,27,1,13,1729,0.675,0.0005780346820809,0.9642857142857144,0.0357142857142857,0.2540088065645911
fbc_tfnbs,"e=0.8,h=3.0,n=30,start_thres=1.25,min_cluster_size=3",hub,0.25,100,18,40,1730,28,1,12,1729,0.7,0.0005780346820809,0.9655172413793104,0.0344827586206896,0.2540088065645911
fbc_tfnbs,"e=0.8,h=4.0,n=30,start_thres=1.25,min_cluster_size=3",hub,0.25,100,18,40,1730,28,1,12,1729,0.7,0.0005780346820809,0.9655172413793104,0.0344827586206896,0.2540088065645911
fbc_tfnbs,"e=0.8,h=5.0,n=30,start_thres=1.25,min_cluster_size=3",hub,0.25,100,18,40,1730,31,1,9,1729,0.775,0.0005780346820809,0.96875,0.03125,0.2540088065645911
fbc_tfnbs,"e=0.8,h=6.0,n=30,start_thres=1.25,min_cluster_size=3",hub,0.25,100,18,40,1730,31,1,9,1729,0.775,0.0005780346820809,0.96875,0.03125,0.2540088065645911
fbc_tfnbs,"e=0.8,h=7.0,n=30,start_thres=1.25,min_cluster_size=3",hub,0.25,100,18,40,1730,31,1,9,1729,0.775,0.0005780346820809,0.96875,0.03125,0.2540088065645911
fbc_tfnbs,"e=0.8,h=8.0,n=30,start_thres=1.25,min_cluster_size=3",hub,0.25,100,18,40,1730,31,1,9,1729,0.775,0.0005780346820809,0.96875,0.03125,0.2540088065645911
fbc_tfnbs,"e=0.8,h=9.0,n=30,start_thres=1.25,min_cluster_size=3",hub,0.25,100,18,40,1730,31,1,9,1729,0.775,0.0005780346820809,0.96875,0.03125,0.2540088065645911
fbc_tfnbs,"e=0.8,h=10.0,n=30,start_thres=1.25,min_cluster_size=3",hub,0.25,100,18,40,1730,31,1,9,1729,0.775,0.0005780346820809,0.96875,0.03125,0.2540088065645911
fbc_tfnbs,"e=0.9,h=0.5,n=30,start_thres=1.25,min_cluster_size=3",hub,0.25,100,18,40,1730,24,1,16,1729,0.6,0.0005780346820809,0.96,0.04,0.2540088065645911
fbc_tfnbs,"e=0.9,h=1.0,n=30,start_thres=1.25,min_cluster_size=3",hub,0.25,100,18,40,1730,27,1,13,1729,0.675,0.0005780346820809,0.9642857142857144,0.0357142857142857,0.2540088065645911
fbc_tfnbs,"e=0.9,h=2.0,n=30,start_thres=1.25,min_cluster_size=3",hub,0.25,100,18,40,1730,27,1,13,1729,0.675,0.0005780346820809,0.9642857142857144,0.0357142857142857,0.2540088065645911
fbc_tfnbs,"e=0.9,h=3.0,n=30,start_thres=1.25,min_cluster_size=3",hub,0.25,100,18,40,1730,28,1,12,1729,0.7,0.0005780346820809,0.9655172413793104,0.0344827586206896,0.2540088065645911
fbc_tfnbs,"e=0.9,h=4.0,n=30,start_thres=1.25,min_cluster_size=3",hub,0.25,100,18,40,1730,28,1,12,1729,0.7,0.0005780346820809,0.9655172413793104,0.0344827586206896,0.2540088065645911
fbc_tfnbs,"e=0.9,h=5.0,n=30,start_thres=1.25,min_cluster_size=3",hub,0.25,100,18,40,1730,28,1,12,1729,0.7,0.0005780346820809,0.9655172413793104,0.0344827586206896,0.2540088065645911
fbc_tfnbs,"e=0.9,h=6.0,n=30,start_thres=1.25,min_cluster_size=3",hub,0.25,100,18,40,1730,31,1,9,1729,0.775,0.0005780346820809,0.96875,0.03125,0.2540088065645911
fbc_tfnbs,"e=0.9,h=7.0,n=30,start_thres=1.25,min_cluster_size=3",hub,0.25,100,18,40,1730,31,1,9,1729,0.775,0.0005780346820809,0.96875,0.03125,0.2540088065645911
fbc_tfnbs,"e=0.9,h=8.0,n=30,start_thres=1.25,min_cluster_size=3",hub,0.25,100,18,40,1730,31,1,9,1729,0.775,0.0005780346820809,0.96875,0.03125,0.2540088065645911
fbc_tfnbs,"e=0.9,h=9.0,n=30,start_thres=1.25,min_cluster_size=3",hub,0.25,100,18,40,1730,31,1,9,1729,0.775,0.0005780346820809,0.96875,0.03125,0.2540088065645911
fbc_tfnbs,"e=0.9,h=10.0,n=30,start_thres=1.25,min_cluster_size=3",hub,0.25,100,18,40,1730,31,1,9,1729,0.775,0.0005780346820809,0.96875,0.03125,0.2540088065645911
fbc_tfnbs,"e=1.0,h=0.5,n=30,start_thres=1.25,min_cluster_size=3",hub,0.25,100,18,40,1730,23,1,17,1729,0.575,0.0005780346820809,0.9583333333333334,0.0416666666666666,0.2540088065645911
fbc_tfnbs,"e=1.0,h=1.0,n=30,start_thres=1.25,min_cluster_size=3",hub,0.25,100,18,40,1730,25,1,15,1729,0.625,0.0005780346820809,0.9615384615384616,0.0384615384615384,0.2540088065645911
fbc_tfnbs,"e=1.0,h=2.0,n=30,start_thres=1.25,min_cluster_size=3",hub,0.25,100,18,40,1730,27,1,13,1729,0.675,0.0005780346820809,0.9642857142857144,0.0357142857142857,0.2540088065645911
fbc_tfnbs,"e=1.0,h=3.0,n=30,start_thres=1.25,min_cluster_size=3",hub,0.25,100,18,40,1730,27,1,13,1729,0.675,0.0005780346820809,0.9642857142857144,0.0357142857142857,0.2540088065645911
fbc_tfnbs,"e=1.0,h=4.0,n=30,start_thres=1.25,min_cluster_size=3",hub,0.25,100,18,40,1730,28,1,12,1729,0.7,0.0005780346820809,0.9655172413793104,0.0344827586206896,0.2540088065645911
fbc_tfnbs,"e=1.0,h=5.0,n=30,start_thres=1.25,min_cluster_size=3",hub,0.25,100,18,40,1730,28,1,12,1729,0.7,0.0005780346820809,0.9655172413793104,0.0344827586206896,0.2540088065645911
fbc_tfnbs,"e=1.0,h=6.0,n=30,start_thres=1.25,min_cluster_size=3",hub,0.25,100,18,40,1730,31,1,9,1729,0.775,0.0005780346820809,0.96875,0.03125,0.2540088065645911
fbc_tfnbs,"e=1.0,h=7.0,n=30,start_thres=1.25,min_cluster_size=3",hub,0.25,100,18,40,1730,31,1,9,1729,0.775,0.0005780346820809,0.96875,0.03125,0.2540088065645911
fbc_tfnbs,"e=1.0,h=8.0,n=30,start_thres=1.25,min_cluster_size=3",hub,0.25,100,18,40,1730,31,1,9,1729,0.775,0.0005780346820809,0.96875,0.03125,0.2540088065645911
fbc_tfnbs,"e=1.0,h=9.0,n=30,start_thres=1.25,min_cluster_size=3",hub,0.25,100,18,40,1730,31,1,9,1729,0.775,0.0005780346820809,0.96875,0.03125,0.2540088065645911
fbc_tfnbs,"e=1.0,h=10.0,n=30,start_thres=1.25,min_cluster_size=3",hub,0.25,100,18,40,1730,31,1,9,1729,0.775,0.0005780346820809,0.96875,0.03125,0.2540088065645911
fbc_tfnbs,"e=1.1,h=0.5,n=30,start_thres=1.25,min_cluster_size=3",hub,0.25,100,18,40,1730,20,1,20,1729,0.5,0.0005780346820809,0.9523809523809524,0.0476190476190476,0.2540088065645911
fbc_tfnbs,"e=1.1,h=1.0,n=30,start_thres=1.25,min_cluster_size=3",hub,0.25,100,18,40,1730,24,1,16,1729,0.6,0.0005780346820809,0.96,0.04,0.2540088065645911
fbc_tfnbs,"e=1.1,h=2.0,n=30,start_thres=1.25,min_cluster_size=3",hub,0.25,100,18,40,1730,27,1,13,1729,0.675,0.0005780346820809,0.9642857142857144,0.0357142857142857,0.2540088065645911
fbc_tfnbs,"e=1.1,h=3.0,n=30,start_thres=1.25,min_cluster_size=3",hub,0.25,100,18,40,1730,27,1,13,1729,0.675,0.0005780346820809,0.9642857142857144,0.0357142857142857,0.2540088065645911
fbc_tfnbs,"e=1.1,h=4.0,n=30,start_thres=1.25,min_cluster_size=3",hub,0.25,100,18,40,1730,28,1,12,1729,0.7,0.0005780346820809,0.9655172413793104,0.0344827586206896,0.2540088065645911
fbc_tfnbs,"e=1.1,h=5.0,n=30,start_thres=1.25,min_cluster_size=3",hub,0.25,100,18,40,1730,28,1,12,1729,0.7,0.0005780346820809,0.9655172413793104,0.0344827586206896,0.2540088065645911
fbc_tfnbs,"e=1.1,h=6.0,n=30,start_thres=1.25,min_cluster_size=3",hub,0.25,100,18,40,1730,28,1,12,1729,0.7,0.0005780346820809,0.9655172413793104,0.0344827586206896,0.2540088065645911
fbc_tfnbs,"e=1.1,h=7.0,n=30,start_thres=1.25,min_cluster_size=3",hub,0.25,100,18,40,1730,31,1,9,1729,0.775,0.0005780346820809,0.96875,0.03125,0.2540088065645911
fbc_tfnbs,"e=1.1,h=8.0,n=30,start_thres=1.25,min_cluster_size=3",hub,0.25,100,18,40,1730,31,1,9,1729,0.775,0.0005780346820809,0.96875,0.03125,0.2540088065645911
fbc_tfnbs,"e=1.1,h=9.0,n=30,start_thres=1.25,min_cluster_size=3",hub,0.25,100,18,40,1730,31,1,9,1729,0.775,0.0005780346820809,0.96875,0.03125,0.2540088065645911
fbc_tfnbs,"e=1.1,h=10.0,n=30,start_thres=1.25,min_cluster_size=3",hub,0.25,100,18,40,1730,31,1,9,1729,0.775,0.0005780346820809,0.96875,0.03125,0.2540088065645911
fbc_tfnbs,"e=1.2,h=0.5,n=30,start_thres=1.25,min_cluster_size=3",hub,0.25,100,18,40,1730,19,1,21,1729,0.475,0.0005780346820809,0.95,0.05,0.2540088065645911
fbc_tfnbs,"e=1.2,h=1.0,n=30,start_thres=1.25,min_cluster_size=3",hub,0.25,100,18,40,1730,23,1,17,1729,0.575,0.0005780346820809,0.9583333333333334,0.0416666666666666,0.2540088065645911
fbc_tfnbs,"e=1.2,h=2.0,n=30,start_thres=1.25,min_cluster_size=3",hub,0.25,100,18,40,1730,27,1,13,1729,0.675,0.0005780346820809,0.9642857142857144,0.0357142857142857,0.2540088065645911
fbc_tfnbs,"e=1.2,h=3.0,n=30,start_thres=1.25,min_cluster_size=3",hub,0.25,100,18,40,1730,27,1,13,1729,0.675,0.0005780346820809,0.9642857142857144,0.0357142857142857,0.2540088065645911
fbc_tfnbs,"e=1.2,h=4.0,n=30,start_thres=1.25,min_cluster_size=3",hub,0.25,100,18,40,1730,28,1,12,1729,0.7,0.0005780346820809,0.9655172413793104,0.0344827586206896,0.2540088065645911
fbc_tfnbs,"e=1.2,h=5.0,n=30,start_thres=1.25,min_cluster_size=3",hub,0.25,100,18,40,1730,28,1,12,1729,0.7,0.0005780346820809,0.9655172413793104,0.0344827586206896,0.2540088065645911
fbc_tfnbs,"e=1.2,h=6.0,n=30,start_thres=1.25,min_cluster_size=3",hub,0.25,100,18,40,1730,28,1,12,1729,0.7,0.0005780346820809,0.9655172413793104,0.0344827586206896,0.2540088065645911
fbc_tfnbs,"e=1.2,h=7.0,n=30,start_thres=1.25,min_cluster_size=3",hub,0.25,100,18,40,1730,28,1,12,1729,0.7,0.0005780346820809,0.9655172413793104,0.0344827586206896,0.2540088065645911
fbc_tfnbs,"e=1.2,h=8.0,n=30,start_thres=1.25,min_cluster_size=3",hub,0.25,100,18,40,1730,31,1,9,1729,0.775,0.0005780346820809,0.96875,0.03125,0.2540088065645911
fbc_tfnbs,"e=1.2,h=9.0,n=30,start_thres=1.25,min_cluster_size=3",hub,0.25,100,18,40,1730,31,1,9,1729,0.775,0.0005780346820809,0.96875,0.03125,0.2540088065645911
fbc_tfnbs,"e=1.2,h=10.0,n=30,start_thres=1.25,min_cluster_size=3",hub,0.25,100,18,40,1730,31,1,9,1729,0.775,0.0005780346820809,0.96875,0.03125,0.2540088065645911
fbc_tfnbs,"e=1.3,h=0.5,n=30,start_thres=1.25,min_cluster_size=3",hub,0.25,100,18,40,1730,18,1,22,1729,0.45,0.0005780346820809,0.9473684210526316,0.0526315789473684,0.2540088065645911
fbc_tfnbs,"e=1.3,h=1.0,n=30,start_thres=1.25,min_cluster_size=3",hub,0.25,100,18,40,1730,19,1,21,1729,0.475,0.0005780346820809,0.95,0.05,0.2540088065645911
fbc_tfnbs,"e=1.3,h=2.0,n=30,start_thres=1.25,min_cluster_size=3",hub,0.25,100,18,40,1730,25,1,15,1729,0.625,0.0005780346820809,0.9615384615384616,0.0384615384615384,0.2540088065645911
fbc_tfnbs,"e=1.3,h=3.0,n=30,start_thres=1.25,min_cluster_size=3",hub,0.25,100,18,40,1730,27,1,13,1729,0.675,0.0005780346820809,0.9642857142857144,0.0357142857142857,0.2540088065645911
fbc_tfnbs,"e=1.3,h=4.0,n=30,start_thres=1.25,min_cluster_size=3",hub,0.25,100,18,40,1730,27,1,13,1729,0.675,0.0005780346820809,0.9642857142857144,0.0357142857142857,0.2540088065645911
fbc_tfnbs,"e=1.3,h=5.0,n=30,start_thres=1.25,min_cluster_size=3",hub,0.25,100,18,40,1730,28,1,12,1729,0.7,0.0005780346820809,0.9655172413793104,0.0344827586206896,0.2540088065645911
fbc_tfnbs,"e=1.3,h=6.0,n=30,start_thres=1.25,min_cluster_size=3",hub,0.25,100,18,40,1730,28,1,12,1729,0.7,0.0005780346820809,0.9655172413793104,0.0344827586206896,0.2540088065645911
fbc_tfnbs,"e=1.3,h=7.0,n=30,start_thres=1.25,min_cluster_size=3",hub,0.25,100,18,40,1730,28,1,12,1729,0.7,0.0005780346820809,0.9655172413793104,0.0344827586206896,0.2540088065645911
fbc_tfnbs,"e=1.3,h=8.0,n=30,start_thres=1.25,min_cluster_size=3",hub,0.25,100,18,40,1730,31,1,9,1729,0.775,0.0005780346820809,0.96875,0.03125,0.2540088065645911
fbc_tfnbs,"e=1.3,h=9.0,n=30,start_thres=1.25,min_cluster_size=3",hub,0.25,100,18,40,1730,31,1,9,1729,0.775,0.0005780346820809,0.96875,0.03125,0.2540088065645911
fbc_tfnbs,"e=1.3,h=10.0,n=30,start_thres=1.25,min_cluster_size=3",hub,0.25,100,18,40,1730,31,1,9,1729,0.775,0.0005780346820809,0.96875,0.03125,0.2540088065645911
fbc_tfnbs,"e=1.4,h=0.5,n=30,start_thres=1.25,min_cluster_size=3",hub,0.25,100,18,40,1730,16,1,24,1729,0.4,0.0005780346820809,0.9411764705882352,0.0588235294117647,0.2540088065645911
fbc_tfnbs,"e=1.4,h=1.0,n=30,start_thres=1.25,min_cluster_size=3",hub,0.25,100,18,40,1730,19,1,21,1729,0.475,0.0005780346820809,0.95,0.05,0.2540088065645911
fbc_tfnbs,"e=1.4,h=2.0,n=30,start_thres=1.25,min_cluster_size=3",hub,0.25,100,18,40,1730,25,1,15,1729,0.625,0.0005780346820809,0.9615384615384616,0.0384615384615384,0.2540088065645911
fbc_tfnbs,"e=1.4,h=3.0,n=30,start_thres=1.25,min_cluster_size=3",hub,0.25,100,18,40,1730,27,1,13,1729,0.675,0.0005780346820809,0.9642857142857144,0.0357142857142857,0.2540088065645911
fbc_tfnbs,"e=1.4,h=4.0,n=30,start_thres=1.25,min_cluster_size=3",hub,0.25,100,18,40,1730,27,1,13,1729,0.675,0.0005780346820809,0.9642857142857144,0.0357142857142857,0.2540088065645911
fbc_tfnbs,"e=1.4,h=5.0,n=30,start_thres=1.25,min_cluster_size=3",hub,0.25,100,18,40,1730,28,1,12,1729,0.7,0.0005780346820809,0.9655172413793104,0.0344827586206896,0.2540088065645911
fbc_tfnbs,"e=1.4,h=6.0,n=30,start_thres=1.25,min_cluster_size=3",hub,0.25,100,18,40,1730,30,2,10,1728,0.75,0.0011560693641618,0.9375,0.0625,0.2540088065645911
fbc_tfnbs,"e=1.4,h=7.0,n=30,start_thres=1.25,min_cluster_size=3",hub,0.25,100,18,40,1730,30,2,10,1728,0.75,0.0011560693641618,0.9375,0.0625,0.2540088065645911
fbc_tfnbs,"e=1.4,h=8.0,n=30,start_thres=1.25,min_cluster_size=3",hub,0.25,100,18,40,1730,30,2,10,1728,0.75,0.0011560693641618,0.9375,0.0625,0.2540088065645911
fbc_tfnbs,"e=1.4,h=9.0,n=30,start_thres=1.25,min_cluster_size=3",hub,0.25,100,18,40,1730,33,2,7,1728,0.825,0.0011560693641618,0.9428571428571428,0.0571428571428571,0.2540088065645911
fbc_tfnbs,"e=1.4,h=10.0,n=30,start_thres=1.25,min_cluster_size=3",hub,0.25,100,18,40,1730,31,1,9,1729,0.775,0.0005780346820809,0.96875,0.03125,0.2540088065645911
fbc_tfnbs,"e=1.5,h=0.5,n=30,start_thres=1.25,min_cluster_size=3",hub,0.25,100,18,40,1730,15,1,25,1729,0.375,0.0005780346820809,0.9375,0.0625,0.2540088065645911
fbc_tfnbs,"e=1.5,h=1.0,n=30,start_thres=1.25,min_cluster_size=3",hub,0.25,100,18,40,1730,18,1,22,1729,0.45,0.0005780346820809,0.9473684210526316,0.0526315789473684,0.2540088065645911
fbc_tfnbs,"e=1.5,h=2.0,n=30,start_thres=1.25,min_cluster_size=3",hub,0.25,100,18,40,1730,24,1,16,1729,0.6,0.0005780346820809,0.96,0.04,0.2540088065645911
fbc_tfnbs,"e=1.5,h=3.0,n=30,start_thres=1.25,min_cluster_size=3",hub,0.25,100,18,40,1730,27,1,13,1729,0.675,0.0005780346820809,0.9642857142857144,0.0357142857142857,0.2540088065645911
fbc_tfnbs,"e=1.5,h=4.0,n=30,start_thres=1.25,min_cluster_size=3",hub,0.25,100,18,40,1730,27,1,13,1729,0.675,0.0005780346820809,0.9642857142857144,0.0357142857142857,0.2540088065645911
fbc_tfnbs,"e=1.5,h=5.0,n=30,start_thres=1.25,min_cluster_size=3",hub,0.25,100,18,40,1730,28,1,12,1729,0.7,0.0005780346820809,0.9655172413793104,0.0344827586206896,0.2540088065645911
fbc_tfnbs,"e=1.5,h=6.0,n=30,start_thres=1.25,min_cluster_size=3",hub,0.25,100,18,40,1730,30,2,10,1728,0.75,0.0011560693641618,0.9375,0.0625,0.2540088065645911
fbc_tfnbs,"e=1.5,h=7.0,n=30,start_thres=1.25,min_cluster_size=3",hub,0.25,100,18,40,1730,30,2,10,1728,0.75,0.0011560693641618,0.9375,0.0625,0.2540088065645911
fbc_tfnbs,"e=1.5,h=8.0,n=30,start_thres=1.25,min_cluster_size=3",hub,0.25,100,18,40,1730,30,2,10,1728,0.75,0.0011560693641618,0.9375,0.0625,0.2540088065645911
fbc_tfnbs,"e=1.5,h=9.0,n=30,start_thres=1.25,min_cluster_size=3",hub,0.25,100,18,40,1730,33,2,7,1728,0.825,0.0011560693641618,0.9428571428571428,0.0571428571428571,0.2540088065645911
fbc_tfnbs,"e=1.5,h=10.0,n=30,start_thres=1.25,min_cluster_size=3",hub,0.25,100,18,40,1730,33,2,7,1728,0.825,0.0011560693641618,0.9428571428571428,0.0571428571428571,0.2540088065645911
fbc_tfnbs,"e=0.05,h=0.5,n=30,start_thres=1.25,min_cluster_size=3",hub,0.25,100,19,40,1730,34,0,6,1730,0.85,0.0,1.0,0.0,0.259988623586568
fbc_tfnbs,"e=0.05,h=1.0,n=30,start_thres=1.25,min_cluster_size=3",hub,0.25,100,19,40,1730,34,0,6,1730,0.85,0.0,1.0,0.0,0.259988623586568
fbc_tfnbs,"e=0.05,h=2.0,n=30,start_thres=1.25,min_cluster_size=3",hub,0.25,100,19,40,1730,34,0,6,1730,0.85,0.0,1.0,0.0,0.259988623586568
fbc_tfnbs,"e=0.05,h=3.0,n=30,start_thres=1.25,min_cluster_size=3",hub,0.25,100,19,40,1730,34,0,6,1730,0.85,0.0,1.0,0.0,0.259988623586568
fbc_tfnbs,"e=0.05,h=4.0,n=30,start_thres=1.25,min_cluster_size=3",hub,0.25,100,19,40,1730,34,0,6,1730,0.85,0.0,1.0,0.0,0.259988623586568
fbc_tfnbs,"e=0.05,h=5.0,n=30,start_thres=1.25,min_cluster_size=3",hub,0.25,100,19,40,1730,34,0,6,1730,0.85,0.0,1.0,0.0,0.259988623586568
fbc_tfnbs,"e=0.05,h=6.0,n=30,start_thres=1.25,min_cluster_size=3",hub,0.25,100,19,40,1730,34,0,6,1730,0.85,0.0,1.0,0.0,0.259988623586568
fbc_tfnbs,"e=0.05,h=7.0,n=30,start_thres=1.25,min_cluster_size=3",hub,0.25,100,19,40,1730,34,0,6,1730,0.85,0.0,1.0,0.0,0.259988623586568
fbc_tfnbs,"e=0.05,h=8.0,n=30,start_thres=1.25,min_cluster_size=3",hub,0.25,100,19,40,1730,34,0,6,1730,0.85,0.0,1.0,0.0,0.259988623586568
fbc_tfnbs,"e=0.05,h=9.0,n=30,start_thres=1.25,min_cluster_size=3",hub,0.25,100,19,40,1730,34,0,6,1730,0.85,0.0,1.0,0.0,0.259988623586568
fbc_tfnbs,"e=0.05,h=10.0,n=30,start_thres=1.25,min_cluster_size=3",hub,0.25,100,19,40,1730,34,0,6,1730,0.85,0.0,1.0,0.0,0.259988623586568
fbc_tfnbs,"e=0.1,h=0.5,n=30,start_thres=1.25,min_cluster_size=3",hub,0.25,100,19,40,1730,34,0,6,1730,0.85,0.0,1.0,0.0,0.259988623586568
fbc_tfnbs,"e=0.1,h=1.0,n=30,start_thres=1.25,min_cluster_size=3",hub,0.25,100,19,40,1730,34,0,6,1730,0.85,0.0,1.0,0.0,0.259988623586568
fbc_tfnbs,"e=0.1,h=2.0,n=30,start_thres=1.25,min_cluster_size=3",hub,0.25,100,19,40,1730,34,0,6,1730,0.85,0.0,1.0,0.0,0.259988623586568
fbc_tfnbs,"e=0.1,h=3.0,n=30,start_thres=1.25,min_cluster_size=3",hub,0.25,100,19,40,1730,34,0,6,1730,0.85,0.0,1.0,0.0,0.259988623586568
fbc_tfnbs,"e=0.1,h=4.0,n=30,start_thres=1.25,min_cluster_size=3",hub,0.25,100,19,40,1730,34,0,6,1730,0.85,0.0,1.0,0.0,0.259988623586568
fbc_tfnbs,"e=0.1,h=5.0,n=30,start_thres=1.25,min_cluster_size=3",hub,0.25,100,19,40,1730,34,0,6,1730,0.85,0.0,1.0,0.0,0.259988623586568
fbc_tfnbs,"e=0.1,h=6.0,n=30,start_thres=1.25,min_cluster_size=3",hub,0.25,100,19,40,1730,34,0,6,1730,0.85,0.0,1.0,0.0,0.259988623586568
fbc_tfnbs,"e=0.1,h=7.0,n=30,start_thres=1.25,min_cluster_size=3",hub,0.25,100,19,40,1730,34,0,6,1730,0.85,0.0,1.0,0.0,0.259988623586568
fbc_tfnbs,"e=0.1,h=8.0,n=30,start_thres=1.25,min_cluster_size=3",hub,0.25,100,19,40,1730,34,0,6,1730,0.85,0.0,1.0,0.0,0.259988623586568
fbc_tfnbs,"e=0.1,h=9.0,n=30,start_thres=1.25,min_cluster_size=3",hub,0.25,100,19,40,1730,34,0,6,1730,0.85,0.0,1.0,0.0,0.259988623586568
fbc_tfnbs,"e=0.1,h=10.0,n=30,start_thres=1.25,min_cluster_size=3",hub,0.25,100,19,40,1730,34,0,6,1730,0.85,0.0,1.0,0.0,0.259988623586568
fbc_tfnbs,"e=0.2,h=0.5,n=30,start_thres=1.25,min_cluster_size=3",hub,0.25,100,19,40,1730,34,0,6,1730,0.85,0.0,1.0,0.0,0.259988623586568
fbc_tfnbs,"e=0.2,h=1.0,n=30,start_thres=1.25,min_cluster_size=3",hub,0.25,100,19,40,1730,34,0,6,1730,0.85,0.0,1.0,0.0,0.259988623586568
fbc_tfnbs,"e=0.2,h=2.0,n=30,start_thres=1.25,min_cluster_size=3",hub,0.25,100,19,40,1730,34,0,6,1730,0.85,0.0,1.0,0.0,0.259988623586568
fbc_tfnbs,"e=0.2,h=3.0,n=30,start_thres=1.25,min_cluster_size=3",hub,0.25,100,19,40,1730,34,0,6,1730,0.85,0.0,1.0,0.0,0.259988623586568
fbc_tfnbs,"e=0.2,h=4.0,n=30,start_thres=1.25,min_cluster_size=3",hub,0.25,100,19,40,1730,34,0,6,1730,0.85,0.0,1.0,0.0,0.259988623586568
fbc_tfnbs,"e=0.2,h=5.0,n=30,start_thres=1.25,min_cluster_size=3",hub,0.25,100,19,40,1730,34,0,6,1730,0.85,0.0,1.0,0.0,0.259988623586568
fbc_tfnbs,"e=0.2,h=6.0,n=30,start_thres=1.25,min_cluster_size=3",hub,0.25,100,19,40,1730,34,0,6,1730,0.85,0.0,1.0,0.0,0.259988623586568
fbc_tfnbs,"e=0.2,h=7.0,n=30,start_thres=1.25,min_cluster_size=3",hub,0.25,100,19,40,1730,34,0,6,1730,0.85,0.0,1.0,0.0,0.259988623586568
fbc_tfnbs,"e=0.2,h=8.0,n=30,start_thres=1.25,min_cluster_size=3",hub,0.25,100,19,40,1730,34,0,6,1730,0.85,0.0,1.0,0.0,0.259988623586568
fbc_tfnbs,"e=0.2,h=9.0,n=30,start_thres=1.25,min_cluster_size=3",hub,0.25,100,19,40,1730,34,0,6,1730,0.85,0.0,1.0,0.0,0.259988623586568
fbc_tfnbs,"e=0.2,h=10.0,n=30,start_thres=1.25,min_cluster_size=3",hub,0.25,100,19,40,1730,34,0,6,1730,0.85,0.0,1.0,0.0,0.259988623586568
fbc_tfnbs,"e=0.3,h=0.5,n=30,start_thres=1.25,min_cluster_size=3",hub,0.25,100,19,40,1730,34,0,6,1730,0.85,0.0,1.0,0.0,0.259988623586568
fbc_tfnbs,"e=0.3,h=1.0,n=30,start_thres=1.25,min_cluster_size=3",hub,0.25,100,19,40,1730,34,0,6,1730,0.85,0.0,1.0,0.0,0.259988623586568
fbc_tfnbs,"e=0.3,h=2.0,n=30,start_thres=1.25,min_cluster_size=3",hub,0.25,100,19,40,1730,34,0,6,1730,0.85,0.0,1.0,0.0,0.259988623586568
fbc_tfnbs,"e=0.3,h=3.0,n=30,start_thres=1.25,min_cluster_size=3",hub,0.25,100,19,40,1730,34,0,6,1730,0.85,0.0,1.0,0.0,0.259988623586568
fbc_tfnbs,"e=0.3,h=4.0,n=30,start_thres=1.25,min_cluster_size=3",hub,0.25,100,19,40,1730,34,0,6,1730,0.85,0.0,1.0,0.0,0.259988623586568
fbc_tfnbs,"e=0.3,h=5.0,n=30,start_thres=1.25,min_cluster_size=3",hub,0.25,100,19,40,1730,34,0,6,1730,0.85,0.0,1.0,0.0,0.259988623586568
fbc_tfnbs,"e=0.3,h=6.0,n=30,start_thres=1.25,min_cluster_size=3",hub,0.25,100,19,40,1730,34,0,6,1730,0.85,0.0,1.0,0.0,0.259988623586568
fbc_tfnbs,"e=0.3,h=7.0,n=30,start_thres=1.25,min_cluster_size=3",hub,0.25,100,19,40,1730,34,0,6,1730,0.85,0.0,1.0,0.0,0.259988623586568
fbc_tfnbs,"e=0.3,h=8.0,n=30,start_thres=1.25,min_cluster_size=3",hub,0.25,100,19,40,1730,34,0,6,1730,0.85,0.0,1.0,0.0,0.259988623586568
fbc_tfnbs,"e=0.3,h=9.0,n=30,start_thres=1.25,min_cluster_size=3",hub,0.25,100,19,40,1730,34,0,6,1730,0.85,0.0,1.0,0.0,0.259988623586568
fbc_tfnbs,"e=0.3,h=10.0,n=30,start_thres=1.25,min_cluster_size=3",hub,0.25,100,19,40,1730,34,0,6,1730,0.85,0.0,1.0,0.0,0.259988623586568
fbc_tfnbs,"e=0.4,h=0.5,n=30,start_thres=1.25,min_cluster_size=3",hub,0.25,100,19,40,1730,33,0,7,1730,0.825,0.0,1.0,0.0,0.259988623586568
fbc_tfnbs,"e=0.4,h=1.0,n=30,start_thres=1.25,min_cluster_size=3",hub,0.25,100,19,40,1730,34,0,6,1730,0.85,0.0,1.0,0.0,0.259988623586568
fbc_tfnbs,"e=0.4,h=2.0,n=30,start_thres=1.25,min_cluster_size=3",hub,0.25,100,19,40,1730,34,0,6,1730,0.85,0.0,1.0,0.0,0.259988623586568
fbc_tfnbs,"e=0.4,h=3.0,n=30,start_thres=1.25,min_cluster_size=3",hub,0.25,100,19,40,1730,34,0,6,1730,0.85,0.0,1.0,0.0,0.259988623586568
fbc_tfnbs,"e=0.4,h=4.0,n=30,start_thres=1.25,min_cluster_size=3",hub,0.25,100,19,40,1730,34,0,6,1730,0.85,0.0,1.0,0.0,0.259988623586568
fbc_tfnbs,"e=0.4,h=5.0,n=30,start_thres=1.25,min_cluster_size=3",hub,0.25,100,19,40,1730,34,0,6,1730,0.85,0.0,1.0,0.0,0.259988623586568
fbc_tfnbs,"e=0.4,h=6.0,n=30,start_thres=1.25,min_cluster_size=3",hub,0.25,100,19,40,1730,34,0,6,1730,0.85,0.0,1.0,0.0,0.259988623586568
fbc_tfnbs,"e=0.4,h=7.0,n=30,start_thres=1.25,min_cluster_size=3",hub,0.25,100,19,40,1730,34,0,6,1730,0.85,0.0,1.0,0.0,0.259988623586568
fbc_tfnbs,"e=0.4,h=8.0,n=30,start_thres=1.25,min_cluster_size=3",hub,0.25,100,19,40,1730,34,0,6,1730,0.85,0.0,1.0,0.0,0.259988623586568
fbc_tfnbs,"e=0.4,h=9.0,n=30,start_thres=1.25,min_cluster_size=3",hub,0.25,100,19,40,1730,34,0,6,1730,0.85,0.0,1.0,0.0,0.259988623586568
fbc_tfnbs,"e=0.4,h=10.0,n=30,start_thres=1.25,min_cluster_size=3",hub,0.25,100,19,40,1730,34,0,6,1730,0.85,0.0,1.0,0.0,0.259988623586568
fbc_tfnbs,"e=0.5,h=0.5,n=30,start_thres=1.25,min_cluster_size=3",hub,0.25,100,19,40,1730,33,0,7,1730,0.825,0.0,1.0,0.0,0.259988623586568
fbc_tfnbs,"e=0.5,h=1.0,n=30,start_thres=1.25,min_cluster_size=3",hub,0.25,100,19,40,1730,34,0,6,1730,0.85,0.0,1.0,0.0,0.259988623586568
fbc_tfnbs,"e=0.5,h=2.0,n=30,start_thres=1.25,min_cluster_size=3",hub,0.25,100,19,40,1730,34,0,6,1730,0.85,0.0,1.0,0.0,0.259988623586568
fbc_tfnbs,"e=0.5,h=3.0,n=30,start_thres=1.25,min_cluster_size=3",hub,0.25,100,19,40,1730,34,0,6,1730,0.85,0.0,1.0,0.0,0.259988623586568
fbc_tfnbs,"e=0.5,h=4.0,n=30,start_thres=1.25,min_cluster_size=3",hub,0.25,100,19,40,1730,36,0,4,1730,0.9,0.0,1.0,0.0,0.259988623586568
fbc_tfnbs,"e=0.5,h=5.0,n=30,start_thres=1.25,min_cluster_size=3",hub,0.25,100,19,40,1730,36,0,4,1730,0.9,0.0,1.0,0.0,0.259988623586568
fbc_tfnbs,"e=0.5,h=6.0,n=30,start_thres=1.25,min_cluster_size=3",hub,0.25,100,19,40,1730,36,0,4,1730,0.9,0.0,1.0,0.0,0.259988623586568
fbc_tfnbs,"e=0.5,h=7.0,n=30,start_thres=1.25,min_cluster_size=3",hub,0.25,100,19,40,1730,36,0,4,1730,0.9,0.0,1.0,0.0,0.259988623586568
fbc_tfnbs,"e=0.5,h=8.0,n=30,start_thres=1.25,min_cluster_size=3",hub,0.25,100,19,40,1730,34,0,6,1730,0.85,0.0,1.0,0.0,0.259988623586568
fbc_tfnbs,"e=0.5,h=9.0,n=30,start_thres=1.25,min_cluster_size=3",hub,0.25,100,19,40,1730,34,0,6,1730,0.85,0.0,1.0,0.0,0.259988623586568
fbc_tfnbs,"e=0.5,h=10.0,n=30,start_thres=1.25,min_cluster_size=3",hub,0.25,100,19,40,1730,34,0,6,1730,0.85,0.0,1.0,0.0,0.259988623586568
fbc_tfnbs,"e=0.6,h=0.5,n=30,start_thres=1.25,min_cluster_size=3",hub,0.25,100,19,40,1730,33,0,7,1730,0.825,0.0,1.0,0.0,0.259988623586568
fbc_tfnbs,"e=0.6,h=1.0,n=30,start_thres=1.25,min_cluster_size=3",hub,0.25,100,19,40,1730,33,0,7,1730,0.825,0.0,1.0,0.0,0.259988623586568
fbc_tfnbs,"e=0.6,h=2.0,n=30,start_thres=1.25,min_cluster_size=3",hub,0.25,100,19,40,1730,34,0,6,1730,0.85,0.0,1.0,0.0,0.259988623586568
fbc_tfnbs,"e=0.6,h=3.0,n=30,start_thres=1.25,min_cluster_size=3",hub,0.25,100,19,40,1730,36,0,4,1730,0.9,0.0,1.0,0.0,0.259988623586568
fbc_tfnbs,"e=0.6,h=4.0,n=30,start_thres=1.25,min_cluster_size=3",hub,0.25,100,19,40,1730,36,0,4,1730,0.9,0.0,1.0,0.0,0.259988623586568
fbc_tfnbs,"e=0.6,h=5.0,n=30,start_thres=1.25,min_cluster_size=3",hub,0.25,100,19,40,1730,36,0,4,1730,0.9,0.0,1.0,0.0,0.259988623586568
fbc_tfnbs,"e=0.6,h=6.0,n=30,start_thres=1.25,min_cluster_size=3",hub,0.25,100,19,40,1730,36,0,4,1730,0.9,0.0,1.0,0.0,0.259988623586568
fbc_tfnbs,"e=0.6,h=7.0,n=30,start_thres=1.25,min_cluster_size=3",hub,0.25,100,19,40,1730,36,0,4,1730,0.9,0.0,1.0,0.0,0.259988623586568
fbc_tfnbs,"e=0.6,h=8.0,n=30,start_thres=1.25,min_cluster_size=3",hub,0.25,100,19,40,1730,36,0,4,1730,0.9,0.0,1.0,0.0,0.259988623586568
fbc_tfnbs,"e=0.6,h=9.0,n=30,start_thres=1.25,min_cluster_size=3",hub,0.25,100,19,40,1730,36,0,4,1730,0.9,0.0,1.0,0.0,0.259988623586568
fbc_tfnbs,"e=0.6,h=10.0,n=30,start_thres=1.25,min_cluster_size=3",hub,0.25,100,19,40,1730,36,0,4,1730,0.9,0.0,1.0,0.0,0.259988623586568
fbc_tfnbs,"e=0.7,h=0.5,n=30,start_thres=1.25,min_cluster_size=3",hub,0.25,100,19,40,1730,33,0,7,1730,0.825,0.0,1.0,0.0,0.259988623586568
fbc_tfnbs,"e=0.7,h=1.0,n=30,start_thres=1.25,min_cluster_size=3",hub,0.25,100,19,40,1730,33,0,7,1730,0.825,0.0,1.0,0.0,0.259988623586568
fbc_tfnbs,"e=0.7,h=2.0,n=30,start_thres=1.25,min_cluster_size=3",hub,0.25,100,19,40,1730,34,0,6,1730,0.85,0.0,1.0,0.0,0.259988623586568
fbc_tfnbs,"e=0.7,h=3.0,n=30,start_thres=1.25,min_cluster_size=3",hub,0.25,100,19,40,1730,36,0,4,1730,0.9,0.0,1.0,0.0,0.259988623586568
fbc_tfnbs,"e=0.7,h=4.0,n=30,start_thres=1.25,min_cluster_size=3",hub,0.25,100,19,40,1730,36,0,4,1730,0.9,0.0,1.0,0.0,0.259988623586568
fbc_tfnbs,"e=0.7,h=5.0,n=30,start_thres=1.25,min_cluster_size=3",hub,0.25,100,19,40,1730,36,0,4,1730,0.9,0.0,1.0,0.0,0.259988623586568
fbc_tfnbs,"e=0.7,h=6.0,n=30,start_thres=1.25,min_cluster_size=3",hub,0.25,100,19,40,1730,36,0,4,1730,0.9,0.0,1.0,0.0,0.259988623586568
fbc_tfnbs,"e=0.7,h=7.0,n=30,start_thres=1.25,min_cluster_size=3",hub,0.25,100,19,40,1730,36,0,4,1730,0.9,0.0,1.0,0.0,0.259988623586568
fbc_tfnbs,"e=0.7,h=8.0,n=30,start_thres=1.25,min_cluster_size=3",hub,0.25,100,19,40,1730,36,0,4,1730,0.9,0.0,1.0,0.0,0.259988623586568
fbc_tfnbs,"e=0.7,h=9.0,n=30,start_thres=1.25,min_cluster_size=3",hub,0.25,100,19,40,1730,36,0,4,1730,0.9,0.0,1.0,0.0,0.259988623586568
fbc_tfnbs,"e=0.7,h=10.0,n=30,start_thres=1.25,min_cluster_size=3",hub,0.25,100,19,40,1730,36,0,4,1730,0.9,0.0,1.0,0.0,0.259988623586568
fbc_tfnbs,"e=0.8,h=0.5,n=30,start_thres=1.25,min_cluster_size=3",hub,0.25,100,19,40,1730,33,0,7,1730,0.825,0.0,1.0,0.0,0.259988623586568
fbc_tfnbs,"e=0.8,h=1.0,n=30,start_thres=1.25,min_cluster_size=3",hub,0.25,100,19,40,1730,33,0,7,1730,0.825,0.0,1.0,0.0,0.259988623586568
fbc_tfnbs,"e=0.8,h=2.0,n=30,start_thres=1.25,min_cluster_size=3",hub,0.25,100,19,40,1730,34,0,6,1730,0.85,0.0,1.0,0.0,0.259988623586568
fbc_tfnbs,"e=0.8,h=3.0,n=30,start_thres=1.25,min_cluster_size=3",hub,0.25,100,19,40,1730,36,0,4,1730,0.9,0.0,1.0,0.0,0.259988623586568
fbc_tfnbs,"e=0.8,h=4.0,n=30,start_thres=1.25,min_cluster_size=3",hub,0.25,100,19,40,1730,36,0,4,1730,0.9,0.0,1.0,0.0,0.259988623586568
fbc_tfnbs,"e=0.8,h=5.0,n=30,start_thres=1.25,min_cluster_size=3",hub,0.25,100,19,40,1730,36,0,4,1730,0.9,0.0,1.0,0.0,0.259988623586568
fbc_tfnbs,"e=0.8,h=6.0,n=30,start_thres=1.25,min_cluster_size=3",hub,0.25,100,19,40,1730,36,1,4,1729,0.9,0.0005780346820809,0.972972972972973,0.027027027027027,0.259988623586568
fbc_tfnbs,"e=0.8,h=7.0,n=30,start_thres=1.25,min_cluster_size=3",hub,0.25,100,19,40,1730,36,1,4,1729,0.9,0.0005780346820809,0.972972972972973,0.027027027027027,0.259988623586568
fbc_tfnbs,"e=0.8,h=8.0,n=30,start_thres=1.25,min_cluster_size=3",hub,0.25,100,19,40,1730,36,1,4,1729,0.9,0.0005780346820809,0.972972972972973,0.027027027027027,0.259988623586568
fbc_tfnbs,"e=0.8,h=9.0,n=30,start_thres=1.25,min_cluster_size=3",hub,0.25,100,19,40,1730,36,1,4,1729,0.9,0.0005780346820809,0.972972972972973,0.027027027027027,0.259988623586568
fbc_tfnbs,"e=0.8,h=10.0,n=30,start_thres=1.25,min_cluster_size=3",hub,0.25,100,19,40,1730,36,0,4,1730,0.9,0.0,1.0,0.0,0.259988623586568
fbc_tfnbs,"e=0.9,h=0.5,n=30,start_thres=1.25,min_cluster_size=3",hub,0.25,100,19,40,1730,31,0,9,1730,0.775,0.0,1.0,0.0,0.259988623586568
fbc_tfnbs,"e=0.9,h=1.0,n=30,start_thres=1.25,min_cluster_size=3",hub,0.25,100,19,40,1730,33,0,7,1730,0.825,0.0,1.0,0.0,0.259988623586568
fbc_tfnbs,"e=0.9,h=2.0,n=30,start_thres=1.25,min_cluster_size=3",hub,0.25,100,19,40,1730,34,0,6,1730,0.85,0.0,1.0,0.0,0.259988623586568
fbc_tfnbs,"e=0.9,h=3.0,n=30,start_thres=1.25,min_cluster_size=3",hub,0.25,100,19,40,1730,36,0,4,1730,0.9,0.0,1.0,0.0,0.259988623586568
fbc_tfnbs,"e=0.9,h=4.0,n=30,start_thres=1.25,min_cluster_size=3",hub,0.25,100,19,40,1730,36,0,4,1730,0.9,0.0,1.0,0.0,0.259988623586568
fbc_tfnbs,"e=0.9,h=5.0,n=30,start_thres=1.25,min_cluster_size=3",hub,0.25,100,19,40,1730,36,0,4,1730,0.9,0.0,1.0,0.0,0.259988623586568
fbc_tfnbs,"e=0.9,h=6.0,n=30,start_thres=1.25,min_cluster_size=3",hub,0.25,100,19,40,1730,36,1,4,1729,0.9,0.0005780346820809,0.972972972972973,0.027027027027027,0.259988623586568
fbc_tfnbs,"e=0.9,h=7.0,n=30,start_thres=1.25,min_cluster_size=3",hub,0.25,100,19,40,1730,36,1,4,1729,0.9,0.0005780346820809,0.972972972972973,0.027027027027027,0.259988623586568
fbc_tfnbs,"e=0.9,h=8.0,n=30,start_thres=1.25,min_cluster_size=3",hub,0.25,100,19,40,1730,36,1,4,1729,0.9,0.0005780346820809,0.972972972972973,0.027027027027027,0.259988623586568
fbc_tfnbs,"e=0.9,h=9.0,n=30,start_thres=1.25,min_cluster_size=3",hub,0.25,100,19,40,1730,36,1,4,1729,0.9,0.0005780346820809,0.972972972972973,0.027027027027027,0.259988623586568
fbc_tfnbs,"e=0.9,h=10.0,n=30,start_thres=1.25,min_cluster_size=3",hub,0.25,100,19,40,1730,36,1,4,1729,0.9,0.0005780346820809,0.972972972972973,0.027027027027027,0.259988623586568
fbc_tfnbs,"e=1.0,h=0.5,n=30,start_thres=1.25,min_cluster_size=3",hub,0.25,100,19,40,1730,29,0,11,1730,0.725,0.0,1.0,0.0,0.259988623586568
fbc_tfnbs,"e=1.0,h=1.0,n=30,start_thres=1.25,min_cluster_size=3",hub,0.25,100,19,40,1730,33,0,7,1730,0.825,0.0,1.0,0.0,0.259988623586568
fbc_tfnbs,"e=1.0,h=2.0,n=30,start_thres=1.25,min_cluster_size=3",hub,0.25,100,19,40,1730,33,0,7,1730,0.825,0.0,1.0,0.0,0.259988623586568
fbc_tfnbs,"e=1.0,h=3.0,n=30,start_thres=1.25,min_cluster_size=3",hub,0.25,100,19,40,1730,36,0,4,1730,0.9,0.0,1.0,0.0,0.259988623586568
fbc_tfnbs,"e=1.0,h=4.0,n=30,start_thres=1.25,min_cluster_size=3",hub,0.25,100,19,40,1730,36,0,4,1730,0.9,0.0,1.0,0.0,0.259988623586568
fbc_tfnbs,"e=1.0,h=5.0,n=30,start_thres=1.25,min_cluster_size=3",hub,0.25,100,19,40,1730,36,0,4,1730,0.9,0.0,1.0,0.0,0.259988623586568
fbc_tfnbs,"e=1.0,h=6.0,n=30,start_thres=1.25,min_cluster_size=3",hub,0.25,100,19,40,1730,36,1,4,1729,0.9,0.0005780346820809,0.972972972972973,0.027027027027027,0.259988623586568
fbc_tfnbs,"e=1.0,h=7.0,n=30,start_thres=1.25,min_cluster_size=3",hub,0.25,100,19,40,1730,36,1,4,1729,0.9,0.0005780346820809,0.972972972972973,0.027027027027027,0.259988623586568
fbc_tfnbs,"e=1.0,h=8.0,n=30,start_thres=1.25,min_cluster_size=3",hub,0.25,100,19,40,1730,36,1,4,1729,0.9,0.0005780346820809,0.972972972972973,0.027027027027027,0.259988623586568
fbc_tfnbs,"e=1.0,h=9.0,n=30,start_thres=1.25,min_cluster_size=3",hub,0.25,100,19,40,1730,36,1,4,1729,0.9,0.0005780346820809,0.972972972972973,0.027027027027027,0.259988623586568
fbc_tfnbs,"e=1.0,h=10.0,n=30,start_thres=1.25,min_cluster_size=3",hub,0.25,100,19,40,1730,36,1,4,1729,0.9,0.0005780346820809,0.972972972972973,0.027027027027027,0.259988623586568
fbc_tfnbs,"e=1.1,h=0.5,n=30,start_thres=1.25,min_cluster_size=3",hub,0.25,100,19,40,1730,28,0,12,1730,0.7,0.0,1.0,0.0,0.259988623586568
fbc_tfnbs,"e=1.1,h=1.0,n=30,start_thres=1.25,min_cluster_size=3",hub,0.25,100,19,40,1730,32,0,8,1730,0.8,0.0,1.0,0.0,0.259988623586568
fbc_tfnbs,"e=1.1,h=2.0,n=30,start_thres=1.25,min_cluster_size=3",hub,0.25,100,19,40,1730,33,0,7,1730,0.825,0.0,1.0,0.0,0.259988623586568
fbc_tfnbs,"e=1.1,h=3.0,n=30,start_thres=1.25,min_cluster_size=3",hub,0.25,100,19,40,1730,36,0,4,1730,0.9,0.0,1.0,0.0,0.259988623586568
fbc_tfnbs,"e=1.1,h=4.0,n=30,start_thres=1.25,min_cluster_size=3",hub,0.25,100,19,40,1730,36,0,4,1730,0.9,0.0,1.0,0.0,0.259988623586568
fbc_tfnbs,"e=1.1,h=5.0,n=30,start_thres=1.25,min_cluster_size=3",hub,0.25,100,19,40,1730,36,0,4,1730,0.9,0.0,1.0,0.0,0.259988623586568
fbc_tfnbs,"e=1.1,h=6.0,n=30,start_thres=1.25,min_cluster_size=3",hub,0.25,100,19,40,1730,36,1,4,1729,0.9,0.0005780346820809,0.972972972972973,0.027027027027027,0.259988623586568
fbc_tfnbs,"e=1.1,h=7.0,n=30,start_thres=1.25,min_cluster_size=3",hub,0.25,100,19,40,1730,36,1,4,1729,0.9,0.0005780346820809,0.972972972972973,0.027027027027027,0.259988623586568
fbc_tfnbs,"e=1.1,h=8.0,n=30,start_thres=1.25,min_cluster_size=3",hub,0.25,100,19,40,1730,36,1,4,1729,0.9,0.0005780346820809,0.972972972972973,0.027027027027027,0.259988623586568
fbc_tfnbs,"e=1.1,h=9.0,n=30,start_thres=1.25,min_cluster_size=3",hub,0.25,100,19,40,1730,36,1,4,1729,0.9,0.0005780346820809,0.972972972972973,0.027027027027027,0.259988623586568
fbc_tfnbs,"e=1.1,h=10.0,n=30,start_thres=1.25,min_cluster_size=3",hub,0.25,100,19,40,1730,36,1,4,1729,0.9,0.0005780346820809,0.972972972972973,0.027027027027027,0.259988623586568
fbc_tfnbs,"e=1.2,h=0.5,n=30,start_thres=1.25,min_cluster_size=3",hub,0.25,100,19,40,1730,21,0,19,1730,0.525,0.0,1.0,0.0,0.259988623586568
fbc_tfnbs,"e=1.2,h=1.0,n=30,start_thres=1.25,min_cluster_size=3",hub,0.25,100,19,40,1730,29,0,11,1730,0.725,0.0,1.0,0.0,0.259988623586568
fbc_tfnbs,"e=1.2,h=2.0,n=30,start_thres=1.25,min_cluster_size=3",hub,0.25,100,19,40,1730,33,0,7,1730,0.825,0.0,1.0,0.0,0.259988623586568
fbc_tfnbs,"e=1.2,h=3.0,n=30,start_thres=1.25,min_cluster_size=3",hub,0.25,100,19,40,1730,36,0,4,1730,0.9,0.0,1.0,0.0,0.259988623586568
fbc_tfnbs,"e=1.2,h=4.0,n=30,start_thres=1.25,min_cluster_size=3",hub,0.25,100,19,40,1730,36,0,4,1730,0.9,0.0,1.0,0.0,0.259988623586568
fbc_tfnbs,"e=1.2,h=5.0,n=30,start_thres=1.25,min_cluster_size=3",hub,0.25,100,19,40,1730,36,1,4,1729,0.9,0.0005780346820809,0.972972972972973,0.027027027027027,0.259988623586568
fbc_tfnbs,"e=1.2,h=6.0,n=30,start_thres=1.25,min_cluster_size=3",hub,0.25,100,19,40,1730,36,1,4,1729,0.9,0.0005780346820809,0.972972972972973,0.027027027027027,0.259988623586568
fbc_tfnbs,"e=1.2,h=7.0,n=30,start_thres=1.25,min_cluster_size=3",hub,0.25,100,19,40,1730,36,1,4,1729,0.9,0.0005780346820809,0.972972972972973,0.027027027027027,0.259988623586568
fbc_tfnbs,"e=1.2,h=8.0,n=30,start_thres=1.25,min_cluster_size=3",hub,0.25,100,19,40,1730,36,1,4,1729,0.9,0.0005780346820809,0.972972972972973,0.027027027027027,0.259988623586568
fbc_tfnbs,"e=1.2,h=9.0,n=30,start_thres=1.25,min_cluster_size=3",hub,0.25,100,19,40,1730,36,1,4,1729,0.9,0.0005780346820809,0.972972972972973,0.027027027027027,0.259988623586568
fbc_tfnbs,"e=1.2,h=10.0,n=30,start_thres=1.25,min_cluster_size=3",hub,0.25,100,19,40,1730,36,1,4,1729,0.9,0.0005780346820809,0.972972972972973,0.027027027027027,0.259988623586568
fbc_tfnbs,"e=1.3,h=0.5,n=30,start_thres=1.25,min_cluster_size=3",hub,0.25,100,19,40,1730,20,0,20,1730,0.5,0.0,1.0,0.0,0.259988623586568
fbc_tfnbs,"e=1.3,h=1.0,n=30,start_thres=1.25,min_cluster_size=3",hub,0.25,100,19,40,1730,28,0,12,1730,0.7,0.0,1.0,0.0,0.259988623586568
fbc_tfnbs,"e=1.3,h=2.0,n=30,start_thres=1.25,min_cluster_size=3",hub,0.25,100,19,40,1730,33,0,7,1730,0.825,0.0,1.0,0.0,0.259988623586568
fbc_tfnbs,"e=1.3,h=3.0,n=30,start_thres=1.25,min_cluster_size=3",hub,0.25,100,19,40,1730,36,0,4,1730,0.9,0.0,1.0,0.0,0.259988623586568
fbc_tfnbs,"e=1.3,h=4.0,n=30,start_thres=1.25,min_cluster_size=3",hub,0.25,100,19,40,1730,36,0,4,1730,0.9,0.0,1.0,0.0,0.259988623586568
fbc_tfnbs,"e=1.3,h=5.0,n=30,start_thres=1.25,min_cluster_size=3",hub,0.25,100,19,40,1730,36,1,4,1729,0.9,0.0005780346820809,0.972972972972973,0.027027027027027,0.259988623586568
fbc_tfnbs,"e=1.3,h=6.0,n=30,start_thres=1.25,min_cluster_size=3",hub,0.25,100,19,40,1730,36,1,4,1729,0.9,0.0005780346820809,0.972972972972973,0.027027027027027,0.259988623586568
fbc_tfnbs,"e=1.3,h=7.0,n=30,start_thres=1.25,min_cluster_size=3",hub,0.25,100,19,40,1730,36,1,4,1729,0.9,0.0005780346820809,0.972972972972973,0.027027027027027,0.259988623586568
fbc_tfnbs,"e=1.3,h=8.0,n=30,start_thres=1.25,min_cluster_size=3",hub,0.25,100,19,40,1730,36,1,4,1729,0.9,0.0005780346820809,0.972972972972973,0.027027027027027,0.259988623586568
fbc_tfnbs,"e=1.3,h=9.0,n=30,start_thres=1.25,min_cluster_size=3",hub,0.25,100,19,40,1730,36,1,4,1729,0.9,0.0005780346820809,0.972972972972973,0.027027027027027,0.259988623586568
fbc_tfnbs,"e=1.3,h=10.0,n=30,start_thres=1.25,min_cluster_size=3",hub,0.25,100,19,40,1730,36,1,4,1729,0.9,0.0005780346820809,0.972972972972973,0.027027027027027,0.259988623586568
fbc_tfnbs,"e=1.4,h=0.5,n=30,start_thres=1.25,min_cluster_size=3",hub,0.25,100,19,40,1730,15,0,25,1730,0.375,0.0,1.0,0.0,0.259988623586568
fbc_tfnbs,"e=1.4,h=1.0,n=30,start_thres=1.25,min_cluster_size=3",hub,0.25,100,19,40,1730,21,0,19,1730,0.525,0.0,1.0,0.0,0.259988623586568
fbc_tfnbs,"e=1.4,h=2.0,n=30,start_thres=1.25,min_cluster_size=3",hub,0.25,100,19,40,1730,33,0,7,1730,0.825,0.0,1.0,0.0,0.259988623586568
fbc_tfnbs,"e=1.4,h=3.0,n=30,start_thres=1.25,min_cluster_size=3",hub,0.25,100,19,40,1730,35,0,5,1730,0.875,0.0,1.0,0.0,0.259988623586568
fbc_tfnbs,"e=1.4,h=4.0,n=30,start_thres=1.25,min_cluster_size=3",hub,0.25,100,19,40,1730,36,0,4,1730,0.9,0.0,1.0,0.0,0.259988623586568
fbc_tfnbs,"e=1.4,h=5.0,n=30,start_thres=1.25,min_cluster_size=3",hub,0.25,100,19,40,1730,36,0,4,1730,0.9,0.0,1.0,0.0,0.259988623586568
fbc_tfnbs,"e=1.4,h=6.0,n=30,start_thres=1.25,min_cluster_size=3",hub,0.25,100,19,40,1730,36,1,4,1729,0.9,0.0005780346820809,0.972972972972973,0.027027027027027,0.259988623586568
fbc_tfnbs,"e=1.4,h=7.0,n=30,start_thres=1.25,min_cluster_size=3",hub,0.25,100,19,40,1730,36,1,4,1729,0.9,0.0005780346820809,0.972972972972973,0.027027027027027,0.259988623586568
fbc_tfnbs,"e=1.4,h=8.0,n=30,start_thres=1.25,min_cluster_size=3",hub,0.25,100,19,40,1730,36,1,4,1729,0.9,0.0005780346820809,0.972972972972973,0.027027027027027,0.259988623586568
fbc_tfnbs,"e=1.4,h=9.0,n=30,start_thres=1.25,min_cluster_size=3",hub,0.25,100,19,40,1730,36,1,4,1729,0.9,0.0005780346820809,0.972972972972973,0.027027027027027,0.259988623586568
fbc_tfnbs,"e=1.4,h=10.0,n=30,start_thres=1.25,min_cluster_size=3",hub,0.25,100,19,40,1730,36,1,4,1729,0.9,0.0005780346820809,0.972972972972973,0.027027027027027,0.259988623586568
fbc_tfnbs,"e=1.5,h=0.5,n=30,start_thres=1.25,min_cluster_size=3",hub,0.25,100,19,40,1730,14,0,26,1730,0.35,0.0,1.0,0.0,0.259988623586568
fbc_tfnbs,"e=1.5,h=1.0,n=30,start_thres=1.25,min_cluster_size=3",hub,0.25,100,19,40,1730,20,0,20,1730,0.5,0.0,1.0,0.0,0.259988623586568
fbc_tfnbs,"e=1.5,h=2.0,n=30,start_thres=1.25,min_cluster_size=3",hub,0.25,100,19,40,1730,32,0,8,1730,0.8,0.0,1.0,0.0,0.259988623586568
fbc_tfnbs,"e=1.5,h=3.0,n=30,start_thres=1.25,min_cluster_size=3",hub,0.25,100,19,40,1730,33,0,7,1730,0.825,0.0,1.0,0.0,0.259988623586568
fbc_tfnbs,"e=1.5,h=4.0,n=30,start_thres=1.25,min_cluster_size=3",hub,0.25,100,19,40,1730,36,0,4,1730,0.9,0.0,1.0,0.0,0.259988623586568
fbc_tfnbs,"e=1.5,h=5.0,n=30,start_thres=1.25,min_cluster_size=3",hub,0.25,100,19,40,1730,36,0,4,1730,0.9,0.0,1.0,0.0,0.259988623586568
fbc_tfnbs,"e=1.5,h=6.0,n=30,start_thres=1.25,min_cluster_size=3",hub,0.25,100,19,40,1730,36,1,4,1729,0.9,0.0005780346820809,0.972972972972973,0.027027027027027,0.259988623586568
fbc_tfnbs,"e=1.5,h=7.0,n=30,start_thres=1.25,min_cluster_size=3",hub,0.25,100,19,40,1730,36,1,4,1729,0.9,0.0005780346820809,0.972972972972973,0.027027027027027,0.259988623586568
fbc_tfnbs,"e=1.5,h=8.0,n=30,start_thres=1.25,min_cluster_size=3",hub,0.25,100,19,40,1730,36,1,4,1729,0.9,0.0005780346820809,0.972972972972973,0.027027027027027,0.259988623586568
fbc_tfnbs,"e=1.5,h=9.0,n=30,start_thres=1.25,min_cluster_size=3",hub,0.25,100,19,40,1730,36,1,4,1729,0.9,0.0005780346820809,0.972972972972973,0.027027027027027,0.259988623586568
fbc_tfnbs,"e=1.5,h=10.0,n=30,start_thres=1.25,min_cluster_size=3",hub,0.25,100,19,40,1730,36,1,4,1729,0.9,0.0005780346820809,0.972972972972973,0.027027027027027,0.259988623586568
fbc_tfnbs,"e=0.05,h=0.5,n=30,start_thres=1.25,min_cluster_size=3",hub,0.25,100,20,40,1730,38,2,2,1728,0.95,0.0011560693641618,0.95,0.05,0.2536560689861124
fbc_tfnbs,"e=0.05,h=1.0,n=30,start_thres=1.25,min_cluster_size=3",hub,0.25,100,20,40,1730,38,2,2,1728,0.95,0.0011560693641618,0.95,0.05,0.2536560689861124
fbc_tfnbs,"e=0.05,h=2.0,n=30,start_thres=1.25,min_cluster_size=3",hub,0.25,100,20,40,1730,38,2,2,1728,0.95,0.0011560693641618,0.95,0.05,0.2536560689861124
fbc_tfnbs,"e=0.05,h=3.0,n=30,start_thres=1.25,min_cluster_size=3",hub,0.25,100,20,40,1730,38,2,2,1728,0.95,0.0011560693641618,0.95,0.05,0.2536560689861124
fbc_tfnbs,"e=0.05,h=4.0,n=30,start_thres=1.25,min_cluster_size=3",hub,0.25,100,20,40,1730,38,2,2,1728,0.95,0.0011560693641618,0.95,0.05,0.2536560689861124
fbc_tfnbs,"e=0.05,h=5.0,n=30,start_thres=1.25,min_cluster_size=3",hub,0.25,100,20,40,1730,38,2,2,1728,0.95,0.0011560693641618,0.95,0.05,0.2536560689861124
fbc_tfnbs,"e=0.05,h=6.0,n=30,start_thres=1.25,min_cluster_size=3",hub,0.25,100,20,40,1730,38,2,2,1728,0.95,0.0011560693641618,0.95,0.05,0.2536560689861124
fbc_tfnbs,"e=0.05,h=7.0,n=30,start_thres=1.25,min_cluster_size=3",hub,0.25,100,20,40,1730,38,2,2,1728,0.95,0.0011560693641618,0.95,0.05,0.2536560689861124
fbc_tfnbs,"e=0.05,h=8.0,n=30,start_thres=1.25,min_cluster_size=3",hub,0.25,100,20,40,1730,38,2,2,1728,0.95,0.0011560693641618,0.95,0.05,0.2536560689861124
fbc_tfnbs,"e=0.05,h=9.0,n=30,start_thres=1.25,min_cluster_size=3",hub,0.25,100,20,40,1730,38,2,2,1728,0.95,0.0011560693641618,0.95,0.05,0.2536560689861124
fbc_tfnbs,"e=0.05,h=10.0,n=30,start_thres=1.25,min_cluster_size=3",hub,0.25,100,20,40,1730,38,2,2,1728,0.95,0.0011560693641618,0.95,0.05,0.2536560689861124
fbc_tfnbs,"e=0.1,h=0.5,n=30,start_thres=1.25,min_cluster_size=3",hub,0.25,100,20,40,1730,38,2,2,1728,0.95,0.0011560693641618,0.95,0.05,0.2536560689861124
fbc_tfnbs,"e=0.1,h=1.0,n=30,start_thres=1.25,min_cluster_size=3",hub,0.25,100,20,40,1730,38,2,2,1728,0.95,0.0011560693641618,0.95,0.05,0.2536560689861124
fbc_tfnbs,"e=0.1,h=2.0,n=30,start_thres=1.25,min_cluster_size=3",hub,0.25,100,20,40,1730,38,2,2,1728,0.95,0.0011560693641618,0.95,0.05,0.2536560689861124
fbc_tfnbs,"e=0.1,h=3.0,n=30,start_thres=1.25,min_cluster_size=3",hub,0.25,100,20,40,1730,38,2,2,1728,0.95,0.0011560693641618,0.95,0.05,0.2536560689861124
fbc_tfnbs,"e=0.1,h=4.0,n=30,start_thres=1.25,min_cluster_size=3",hub,0.25,100,20,40,1730,38,2,2,1728,0.95,0.0011560693641618,0.95,0.05,0.2536560689861124
fbc_tfnbs,"e=0.1,h=5.0,n=30,start_thres=1.25,min_cluster_size=3",hub,0.25,100,20,40,1730,38,2,2,1728,0.95,0.0011560693641618,0.95,0.05,0.2536560689861124
fbc_tfnbs,"e=0.1,h=6.0,n=30,start_thres=1.25,min_cluster_size=3",hub,0.25,100,20,40,1730,38,2,2,1728,0.95,0.0011560693641618,0.95,0.05,0.2536560689861124
fbc_tfnbs,"e=0.1,h=7.0,n=30,start_thres=1.25,min_cluster_size=3",hub,0.25,100,20,40,1730,38,2,2,1728,0.95,0.0011560693641618,0.95,0.05,0.2536560689861124
fbc_tfnbs,"e=0.1,h=8.0,n=30,start_thres=1.25,min_cluster_size=3",hub,0.25,100,20,40,1730,38,2,2,1728,0.95,0.0011560693641618,0.95,0.05,0.2536560689861124
fbc_tfnbs,"e=0.1,h=9.0,n=30,start_thres=1.25,min_cluster_size=3",hub,0.25,100,20,40,1730,38,2,2,1728,0.95,0.0011560693641618,0.95,0.05,0.2536560689861124
fbc_tfnbs,"e=0.1,h=10.0,n=30,start_thres=1.25,min_cluster_size=3",hub,0.25,100,20,40,1730,38,2,2,1728,0.95,0.0011560693641618,0.95,0.05,0.2536560689861124
fbc_tfnbs,"e=0.2,h=0.5,n=30,start_thres=1.25,min_cluster_size=3",hub,0.25,100,20,40,1730,38,2,2,1728,0.95,0.0011560693641618,0.95,0.05,0.2536560689861124
fbc_tfnbs,"e=0.2,h=1.0,n=30,start_thres=1.25,min_cluster_size=3",hub,0.25,100,20,40,1730,38,2,2,1728,0.95,0.0011560693641618,0.95,0.05,0.2536560689861124
fbc_tfnbs,"e=0.2,h=2.0,n=30,start_thres=1.25,min_cluster_size=3",hub,0.25,100,20,40,1730,38,2,2,1728,0.95,0.0011560693641618,0.95,0.05,0.2536560689861124
fbc_tfnbs,"e=0.2,h=3.0,n=30,start_thres=1.25,min_cluster_size=3",hub,0.25,100,20,40,1730,38,2,2,1728,0.95,0.0011560693641618,0.95,0.05,0.2536560689861124
fbc_tfnbs,"e=0.2,h=4.0,n=30,start_thres=1.25,min_cluster_size=3",hub,0.25,100,20,40,1730,38,2,2,1728,0.95,0.0011560693641618,0.95,0.05,0.2536560689861124
fbc_tfnbs,"e=0.2,h=5.0,n=30,start_thres=1.25,min_cluster_size=3",hub,0.25,100,20,40,1730,38,2,2,1728,0.95,0.0011560693641618,0.95,0.05,0.2536560689861124
fbc_tfnbs,"e=0.2,h=6.0,n=30,start_thres=1.25,min_cluster_size=3",hub,0.25,100,20,40,1730,38,2,2,1728,0.95,0.0011560693641618,0.95,0.05,0.2536560689861124
fbc_tfnbs,"e=0.2,h=7.0,n=30,start_thres=1.25,min_cluster_size=3",hub,0.25,100,20,40,1730,38,2,2,1728,0.95,0.0011560693641618,0.95,0.05,0.2536560689861124
fbc_tfnbs,"e=0.2,h=8.0,n=30,start_thres=1.25,min_cluster_size=3",hub,0.25,100,20,40,1730,38,2,2,1728,0.95,0.0011560693641618,0.95,0.05,0.2536560689861124
fbc_tfnbs,"e=0.2,h=9.0,n=30,start_thres=1.25,min_cluster_size=3",hub,0.25,100,20,40,1730,38,2,2,1728,0.95,0.0011560693641618,0.95,0.05,0.2536560689861124
fbc_tfnbs,"e=0.2,h=10.0,n=30,start_thres=1.25,min_cluster_size=3",hub,0.25,100,20,40,1730,38,2,2,1728,0.95,0.0011560693641618,0.95,0.05,0.2536560689861124
fbc_tfnbs,"e=0.3,h=0.5,n=30,start_thres=1.25,min_cluster_size=3",hub,0.25,100,20,40,1730,38,2,2,1728,0.95,0.0011560693641618,0.95,0.05,0.2536560689861124
fbc_tfnbs,"e=0.3,h=1.0,n=30,start_thres=1.25,min_cluster_size=3",hub,0.25,100,20,40,1730,38,2,2,1728,0.95,0.0011560693641618,0.95,0.05,0.2536560689861124
fbc_tfnbs,"e=0.3,h=2.0,n=30,start_thres=1.25,min_cluster_size=3",hub,0.25,100,20,40,1730,38,2,2,1728,0.95,0.0011560693641618,0.95,0.05,0.2536560689861124
fbc_tfnbs,"e=0.3,h=3.0,n=30,start_thres=1.25,min_cluster_size=3",hub,0.25,100,20,40,1730,38,2,2,1728,0.95,0.0011560693641618,0.95,0.05,0.2536560689861124
fbc_tfnbs,"e=0.3,h=4.0,n=30,start_thres=1.25,min_cluster_size=3",hub,0.25,100,20,40,1730,38,2,2,1728,0.95,0.0011560693641618,0.95,0.05,0.2536560689861124
fbc_tfnbs,"e=0.3,h=5.0,n=30,start_thres=1.25,min_cluster_size=3",hub,0.25,100,20,40,1730,38,2,2,1728,0.95,0.0011560693641618,0.95,0.05,0.2536560689861124
fbc_tfnbs,"e=0.3,h=6.0,n=30,start_thres=1.25,min_cluster_size=3",hub,0.25,100,20,40,1730,38,2,2,1728,0.95,0.0011560693641618,0.95,0.05,0.2536560689861124
fbc_tfnbs,"e=0.3,h=7.0,n=30,start_thres=1.25,min_cluster_size=3",hub,0.25,100,20,40,1730,38,2,2,1728,0.95,0.0011560693641618,0.95,0.05,0.2536560689861124
fbc_tfnbs,"e=0.3,h=8.0,n=30,start_thres=1.25,min_cluster_size=3",hub,0.25,100,20,40,1730,38,2,2,1728,0.95,0.0011560693641618,0.95,0.05,0.2536560689861124
fbc_tfnbs,"e=0.3,h=9.0,n=30,start_thres=1.25,min_cluster_size=3",hub,0.25,100,20,40,1730,38,2,2,1728,0.95,0.0011560693641618,0.95,0.05,0.2536560689861124
fbc_tfnbs,"e=0.3,h=10.0,n=30,start_thres=1.25,min_cluster_size=3",hub,0.25,100,20,40,1730,38,2,2,1728,0.95,0.0011560693641618,0.95,0.05,0.2536560689861124
fbc_tfnbs,"e=0.4,h=0.5,n=30,start_thres=1.25,min_cluster_size=3",hub,0.25,100,20,40,1730,38,2,2,1728,0.95,0.0011560693641618,0.95,0.05,0.2536560689861124
fbc_tfnbs,"e=0.4,h=1.0,n=30,start_thres=1.25,min_cluster_size=3",hub,0.25,100,20,40,1730,38,2,2,1728,0.95,0.0011560693641618,0.95,0.05,0.2536560689861124
fbc_tfnbs,"e=0.4,h=2.0,n=30,start_thres=1.25,min_cluster_size=3",hub,0.25,100,20,40,1730,38,2,2,1728,0.95,0.0011560693641618,0.95,0.05,0.2536560689861124
fbc_tfnbs,"e=0.4,h=3.0,n=30,start_thres=1.25,min_cluster_size=3",hub,0.25,100,20,40,1730,38,2,2,1728,0.95,0.0011560693641618,0.95,0.05,0.2536560689861124
fbc_tfnbs,"e=0.4,h=4.0,n=30,start_thres=1.25,min_cluster_size=3",hub,0.25,100,20,40,1730,38,2,2,1728,0.95,0.0011560693641618,0.95,0.05,0.2536560689861124
fbc_tfnbs,"e=0.4,h=5.0,n=30,start_thres=1.25,min_cluster_size=3",hub,0.25,100,20,40,1730,38,2,2,1728,0.95,0.0011560693641618,0.95,0.05,0.2536560689861124
fbc_tfnbs,"e=0.4,h=6.0,n=30,start_thres=1.25,min_cluster_size=3",hub,0.25,100,20,40,1730,38,2,2,1728,0.95,0.0011560693641618,0.95,0.05,0.2536560689861124
fbc_tfnbs,"e=0.4,h=7.0,n=30,start_thres=1.25,min_cluster_size=3",hub,0.25,100,20,40,1730,38,2,2,1728,0.95,0.0011560693641618,0.95,0.05,0.2536560689861124
fbc_tfnbs,"e=0.4,h=8.0,n=30,start_thres=1.25,min_cluster_size=3",hub,0.25,100,20,40,1730,38,2,2,1728,0.95,0.0011560693641618,0.95,0.05,0.2536560689861124
fbc_tfnbs,"e=0.4,h=9.0,n=30,start_thres=1.25,min_cluster_size=3",hub,0.25,100,20,40,1730,38,2,2,1728,0.95,0.0011560693641618,0.95,0.05,0.2536560689861124
fbc_tfnbs,"e=0.4,h=10.0,n=30,start_thres=1.25,min_cluster_size=3",hub,0.25,100,20,40,1730,38,2,2,1728,0.95,0.0011560693641618,0.95,0.05,0.2536560689861124
fbc_tfnbs,"e=0.5,h=0.5,n=30,start_thres=1.25,min_cluster_size=3",hub,0.25,100,20,40,1730,38,2,2,1728,0.95,0.0011560693641618,0.95,0.05,0.2536560689861124
fbc_tfnbs,"e=0.5,h=1.0,n=30,start_thres=1.25,min_cluster_size=3",hub,0.25,100,20,40,1730,38,2,2,1728,0.95,0.0011560693641618,0.95,0.05,0.2536560689861124
fbc_tfnbs,"e=0.5,h=2.0,n=30,start_thres=1.25,min_cluster_size=3",hub,0.25,100,20,40,1730,38,2,2,1728,0.95,0.0011560693641618,0.95,0.05,0.2536560689861124
fbc_tfnbs,"e=0.5,h=3.0,n=30,start_thres=1.25,min_cluster_size=3",hub,0.25,100,20,40,1730,38,2,2,1728,0.95,0.0011560693641618,0.95,0.05,0.2536560689861124
fbc_tfnbs,"e=0.5,h=4.0,n=30,start_thres=1.25,min_cluster_size=3",hub,0.25,100,20,40,1730,38,2,2,1728,0.95,0.0011560693641618,0.95,0.05,0.2536560689861124
fbc_tfnbs,"e=0.5,h=5.0,n=30,start_thres=1.25,min_cluster_size=3",hub,0.25,100,20,40,1730,38,2,2,1728,0.95,0.0011560693641618,0.95,0.05,0.2536560689861124
fbc_tfnbs,"e=0.5,h=6.0,n=30,start_thres=1.25,min_cluster_size=3",hub,0.25,100,20,40,1730,38,2,2,1728,0.95,0.0011560693641618,0.95,0.05,0.2536560689861124
fbc_tfnbs,"e=0.5,h=7.0,n=30,start_thres=1.25,min_cluster_size=3",hub,0.25,100,20,40,1730,38,2,2,1728,0.95,0.0011560693641618,0.95,0.05,0.2536560689861124
fbc_tfnbs,"e=0.5,h=8.0,n=30,start_thres=1.25,min_cluster_size=3",hub,0.25,100,20,40,1730,38,2,2,1728,0.95,0.0011560693641618,0.95,0.05,0.2536560689861124
fbc_tfnbs,"e=0.5,h=9.0,n=30,start_thres=1.25,min_cluster_size=3",hub,0.25,100,20,40,1730,38,2,2,1728,0.95,0.0011560693641618,0.95,0.05,0.2536560689861124
fbc_tfnbs,"e=0.5,h=10.0,n=30,start_thres=1.25,min_cluster_size=3",hub,0.25,100,20,40,1730,38,2,2,1728,0.95,0.0011560693641618,0.95,0.05,0.2536560689861124
fbc_tfnbs,"e=0.6,h=0.5,n=30,start_thres=1.25,min_cluster_size=3",hub,0.25,100,20,40,1730,38,2,2,1728,0.95,0.0011560693641618,0.95,0.05,0.2536560689861124
fbc_tfnbs,"e=0.6,h=1.0,n=30,start_thres=1.25,min_cluster_size=3",hub,0.25,100,20,40,1730,38,2,2,1728,0.95,0.0011560693641618,0.95,0.05,0.2536560689861124
fbc_tfnbs,"e=0.6,h=2.0,n=30,start_thres=1.25,min_cluster_size=3",hub,0.25,100,20,40,1730,38,2,2,1728,0.95,0.0011560693641618,0.95,0.05,0.2536560689861124
fbc_tfnbs,"e=0.6,h=3.0,n=30,start_thres=1.25,min_cluster_size=3",hub,0.25,100,20,40,1730,38,2,2,1728,0.95,0.0011560693641618,0.95,0.05,0.2536560689861124
fbc_tfnbs,"e=0.6,h=4.0,n=30,start_thres=1.25,min_cluster_size=3",hub,0.25,100,20,40,1730,38,2,2,1728,0.95,0.0011560693641618,0.95,0.05,0.2536560689861124
fbc_tfnbs,"e=0.6,h=5.0,n=30,start_thres=1.25,min_cluster_size=3",hub,0.25,100,20,40,1730,38,2,2,1728,0.95,0.0011560693641618,0.95,0.05,0.2536560689861124
fbc_tfnbs,"e=0.6,h=6.0,n=30,start_thres=1.25,min_cluster_size=3",hub,0.25,100,20,40,1730,38,2,2,1728,0.95,0.0011560693641618,0.95,0.05,0.2536560689861124
fbc_tfnbs,"e=0.6,h=7.0,n=30,start_thres=1.25,min_cluster_size=3",hub,0.25,100,20,40,1730,38,2,2,1728,0.95,0.0011560693641618,0.95,0.05,0.2536560689861124
fbc_tfnbs,"e=0.6,h=8.0,n=30,start_thres=1.25,min_cluster_size=3",hub,0.25,100,20,40,1730,38,2,2,1728,0.95,0.0011560693641618,0.95,0.05,0.2536560689861124
fbc_tfnbs,"e=0.6,h=9.0,n=30,start_thres=1.25,min_cluster_size=3",hub,0.25,100,20,40,1730,38,2,2,1728,0.95,0.0011560693641618,0.95,0.05,0.2536560689861124
fbc_tfnbs,"e=0.6,h=10.0,n=30,start_thres=1.25,min_cluster_size=3",hub,0.25,100,20,40,1730,38,2,2,1728,0.95,0.0011560693641618,0.95,0.05,0.2536560689861124
fbc_tfnbs,"e=0.7,h=0.5,n=30,start_thres=1.25,min_cluster_size=3",hub,0.25,100,20,40,1730,37,1,3,1729,0.925,0.0005780346820809,0.9736842105263158,0.0263157894736842,0.2536560689861124
fbc_tfnbs,"e=0.7,h=1.0,n=30,start_thres=1.25,min_cluster_size=3",hub,0.25,100,20,40,1730,38,2,2,1728,0.95,0.0011560693641618,0.95,0.05,0.2536560689861124
fbc_tfnbs,"e=0.7,h=2.0,n=30,start_thres=1.25,min_cluster_size=3",hub,0.25,100,20,40,1730,38,2,2,1728,0.95,0.0011560693641618,0.95,0.05,0.2536560689861124
fbc_tfnbs,"e=0.7,h=3.0,n=30,start_thres=1.25,min_cluster_size=3",hub,0.25,100,20,40,1730,38,2,2,1728,0.95,0.0011560693641618,0.95,0.05,0.2536560689861124
fbc_tfnbs,"e=0.7,h=4.0,n=30,start_thres=1.25,min_cluster_size=3",hub,0.25,100,20,40,1730,38,2,2,1728,0.95,0.0011560693641618,0.95,0.05,0.2536560689861124
fbc_tfnbs,"e=0.7,h=5.0,n=30,start_thres=1.25,min_cluster_size=3",hub,0.25,100,20,40,1730,38,2,2,1728,0.95,0.0011560693641618,0.95,0.05,0.2536560689861124
fbc_tfnbs,"e=0.7,h=6.0,n=30,start_thres=1.25,min_cluster_size=3",hub,0.25,100,20,40,1730,38,2,2,1728,0.95,0.0011560693641618,0.95,0.05,0.2536560689861124
fbc_tfnbs,"e=0.7,h=7.0,n=30,start_thres=1.25,min_cluster_size=3",hub,0.25,100,20,40,1730,38,2,2,1728,0.95,0.0011560693641618,0.95,0.05,0.2536560689861124
fbc_tfnbs,"e=0.7,h=8.0,n=30,start_thres=1.25,min_cluster_size=3",hub,0.25,100,20,40,1730,38,2,2,1728,0.95,0.0011560693641618,0.95,0.05,0.2536560689861124
fbc_tfnbs,"e=0.7,h=9.0,n=30,start_thres=1.25,min_cluster_size=3",hub,0.25,100,20,40,1730,38,2,2,1728,0.95,0.0011560693641618,0.95,0.05,0.2536560689861124
fbc_tfnbs,"e=0.7,h=10.0,n=30,start_thres=1.25,min_cluster_size=3",hub,0.25,100,20,40,1730,38,2,2,1728,0.95,0.0011560693641618,0.95,0.05,0.2536560689861124
fbc_tfnbs,"e=0.8,h=0.5,n=30,start_thres=1.25,min_cluster_size=3",hub,0.25,100,20,40,1730,37,1,3,1729,0.925,0.0005780346820809,0.9736842105263158,0.0263157894736842,0.2536560689861124
fbc_tfnbs,"e=0.8,h=1.0,n=30,start_thres=1.25,min_cluster_size=3",hub,0.25,100,20,40,1730,37,1,3,1729,0.925,0.0005780346820809,0.9736842105263158,0.0263157894736842,0.2536560689861124
fbc_tfnbs,"e=0.8,h=2.0,n=30,start_thres=1.25,min_cluster_size=3",hub,0.25,100,20,40,1730,38,2,2,1728,0.95,0.0011560693641618,0.95,0.05,0.2536560689861124
fbc_tfnbs,"e=0.8,h=3.0,n=30,start_thres=1.25,min_cluster_size=3",hub,0.25,100,20,40,1730,38,2,2,1728,0.95,0.0011560693641618,0.95,0.05,0.2536560689861124
fbc_tfnbs,"e=0.8,h=4.0,n=30,start_thres=1.25,min_cluster_size=3",hub,0.25,100,20,40,1730,38,2,2,1728,0.95,0.0011560693641618,0.95,0.05,0.2536560689861124
fbc_tfnbs,"e=0.8,h=5.0,n=30,start_thres=1.25,min_cluster_size=3",hub,0.25,100,20,40,1730,38,2,2,1728,0.95,0.0011560693641618,0.95,0.05,0.2536560689861124
fbc_tfnbs,"e=0.8,h=6.0,n=30,start_thres=1.25,min_cluster_size=3",hub,0.25,100,20,40,1730,38,2,2,1728,0.95,0.0011560693641618,0.95,0.05,0.2536560689861124
fbc_tfnbs,"e=0.8,h=7.0,n=30,start_thres=1.25,min_cluster_size=3",hub,0.25,100,20,40,1730,38,2,2,1728,0.95,0.0011560693641618,0.95,0.05,0.2536560689861124
fbc_tfnbs,"e=0.8,h=8.0,n=30,start_thres=1.25,min_cluster_size=3",hub,0.25,100,20,40,1730,38,2,2,1728,0.95,0.0011560693641618,0.95,0.05,0.2536560689861124
fbc_tfnbs,"e=0.8,h=9.0,n=30,start_thres=1.25,min_cluster_size=3",hub,0.25,100,20,40,1730,38,2,2,1728,0.95,0.0011560693641618,0.95,0.05,0.2536560689861124
fbc_tfnbs,"e=0.8,h=10.0,n=30,start_thres=1.25,min_cluster_size=3",hub,0.25,100,20,40,1730,38,2,2,1728,0.95,0.0011560693641618,0.95,0.05,0.2536560689861124
fbc_tfnbs,"e=0.9,h=0.5,n=30,start_thres=1.25,min_cluster_size=3",hub,0.25,100,20,40,1730,36,1,4,1729,0.9,0.0005780346820809,0.972972972972973,0.027027027027027,0.2536560689861124
fbc_tfnbs,"e=0.9,h=1.0,n=30,start_thres=1.25,min_cluster_size=3",hub,0.25,100,20,40,1730,37,1,3,1729,0.925,0.0005780346820809,0.9736842105263158,0.0263157894736842,0.2536560689861124
fbc_tfnbs,"e=0.9,h=2.0,n=30,start_thres=1.25,min_cluster_size=3",hub,0.25,100,20,40,1730,38,2,2,1728,0.95,0.0011560693641618,0.95,0.05,0.2536560689861124
fbc_tfnbs,"e=0.9,h=3.0,n=30,start_thres=1.25,min_cluster_size=3",hub,0.25,100,20,40,1730,38,2,2,1728,0.95,0.0011560693641618,0.95,0.05,0.2536560689861124
fbc_tfnbs,"e=0.9,h=4.0,n=30,start_thres=1.25,min_cluster_size=3",hub,0.25,100,20,40,1730,38,2,2,1728,0.95,0.0011560693641618,0.95,0.05,0.2536560689861124
fbc_tfnbs,"e=0.9,h=5.0,n=30,start_thres=1.25,min_cluster_size=3",hub,0.25,100,20,40,1730,38,2,2,1728,0.95,0.0011560693641618,0.95,0.05,0.2536560689861124
fbc_tfnbs,"e=0.9,h=6.0,n=30,start_thres=1.25,min_cluster_size=3",hub,0.25,100,20,40,1730,38,2,2,1728,0.95,0.0011560693641618,0.95,0.05,0.2536560689861124
fbc_tfnbs,"e=0.9,h=7.0,n=30,start_thres=1.25,min_cluster_size=3",hub,0.25,100,20,40,1730,38,2,2,1728,0.95,0.0011560693641618,0.95,0.05,0.2536560689861124
fbc_tfnbs,"e=0.9,h=8.0,n=30,start_thres=1.25,min_cluster_size=3",hub,0.25,100,20,40,1730,38,2,2,1728,0.95,0.0011560693641618,0.95,0.05,0.2536560689861124
fbc_tfnbs,"e=0.9,h=9.0,n=30,start_thres=1.25,min_cluster_size=3",hub,0.25,100,20,40,1730,38,2,2,1728,0.95,0.0011560693641618,0.95,0.05,0.2536560689861124
fbc_tfnbs,"e=0.9,h=10.0,n=30,start_thres=1.25,min_cluster_size=3",hub,0.25,100,20,40,1730,38,2,2,1728,0.95,0.0011560693641618,0.95,0.05,0.2536560689861124
fbc_tfnbs,"e=1.0,h=0.5,n=30,start_thres=1.25,min_cluster_size=3",hub,0.25,100,20,40,1730,36,1,4,1729,0.9,0.0005780346820809,0.972972972972973,0.027027027027027,0.2536560689861124
fbc_tfnbs,"e=1.0,h=1.0,n=30,start_thres=1.25,min_cluster_size=3",hub,0.25,100,20,40,1730,37,1,3,1729,0.925,0.0005780346820809,0.9736842105263158,0.0263157894736842,0.2536560689861124
fbc_tfnbs,"e=1.0,h=2.0,n=30,start_thres=1.25,min_cluster_size=3",hub,0.25,100,20,40,1730,38,2,2,1728,0.95,0.0011560693641618,0.95,0.05,0.2536560689861124
fbc_tfnbs,"e=1.0,h=3.0,n=30,start_thres=1.25,min_cluster_size=3",hub,0.25,100,20,40,1730,38,2,2,1728,0.95,0.0011560693641618,0.95,0.05,0.2536560689861124
fbc_tfnbs,"e=1.0,h=4.0,n=30,start_thres=1.25,min_cluster_size=3",hub,0.25,100,20,40,1730,38,2,2,1728,0.95,0.0011560693641618,0.95,0.05,0.2536560689861124
fbc_tfnbs,"e=1.0,h=5.0,n=30,start_thres=1.25,min_cluster_size=3",hub,0.25,100,20,40,1730,38,2,2,1728,0.95,0.0011560693641618,0.95,0.05,0.2536560689861124
fbc_tfnbs,"e=1.0,h=6.0,n=30,start_thres=1.25,min_cluster_size=3",hub,0.25,100,20,40,1730,38,2,2,1728,0.95,0.0011560693641618,0.95,0.05,0.2536560689861124
fbc_tfnbs,"e=1.0,h=7.0,n=30,start_thres=1.25,min_cluster_size=3",hub,0.25,100,20,40,1730,38,2,2,1728,0.95,0.0011560693641618,0.95,0.05,0.2536560689861124
fbc_tfnbs,"e=1.0,h=8.0,n=30,start_thres=1.25,min_cluster_size=3",hub,0.25,100,20,40,1730,38,2,2,1728,0.95,0.0011560693641618,0.95,0.05,0.2536560689861124
fbc_tfnbs,"e=1.0,h=9.0,n=30,start_thres=1.25,min_cluster_size=3",hub,0.25,100,20,40,1730,38,2,2,1728,0.95,0.0011560693641618,0.95,0.05,0.2536560689861124
fbc_tfnbs,"e=1.0,h=10.0,n=30,start_thres=1.25,min_cluster_size=3",hub,0.25,100,20,40,1730,38,2,2,1728,0.95,0.0011560693641618,0.95,0.05,0.2536560689861124
fbc_tfnbs,"e=1.1,h=0.5,n=30,start_thres=1.25,min_cluster_size=3",hub,0.25,100,20,40,1730,35,1,5,1729,0.875,0.0005780346820809,0.9722222222222222,0.0277777777777777,0.2536560689861124
fbc_tfnbs,"e=1.1,h=1.0,n=30,start_thres=1.25,min_cluster_size=3",hub,0.25,100,20,40,1730,36,1,4,1729,0.9,0.0005780346820809,0.972972972972973,0.027027027027027,0.2536560689861124
fbc_tfnbs,"e=1.1,h=2.0,n=30,start_thres=1.25,min_cluster_size=3",hub,0.25,100,20,40,1730,38,2,2,1728,0.95,0.0011560693641618,0.95,0.05,0.2536560689861124
fbc_tfnbs,"e=1.1,h=3.0,n=30,start_thres=1.25,min_cluster_size=3",hub,0.25,100,20,40,1730,38,2,2,1728,0.95,0.0011560693641618,0.95,0.05,0.2536560689861124
fbc_tfnbs,"e=1.1,h=4.0,n=30,start_thres=1.25,min_cluster_size=3",hub,0.25,100,20,40,1730,38,2,2,1728,0.95,0.0011560693641618,0.95,0.05,0.2536560689861124
fbc_tfnbs,"e=1.1,h=5.0,n=30,start_thres=1.25,min_cluster_size=3",hub,0.25,100,20,40,1730,38,2,2,1728,0.95,0.0011560693641618,0.95,0.05,0.2536560689861124
fbc_tfnbs,"e=1.1,h=6.0,n=30,start_thres=1.25,min_cluster_size=3",hub,0.25,100,20,40,1730,38,2,2,1728,0.95,0.0011560693641618,0.95,0.05,0.2536560689861124
fbc_tfnbs,"e=1.1,h=7.0,n=30,start_thres=1.25,min_cluster_size=3",hub,0.25,100,20,40,1730,38,2,2,1728,0.95,0.0011560693641618,0.95,0.05,0.2536560689861124
fbc_tfnbs,"e=1.1,h=8.0,n=30,start_thres=1.25,min_cluster_size=3",hub,0.25,100,20,40,1730,38,2,2,1728,0.95,0.0011560693641618,0.95,0.05,0.2536560689861124
fbc_tfnbs,"e=1.1,h=9.0,n=30,start_thres=1.25,min_cluster_size=3",hub,0.25,100,20,40,1730,38,2,2,1728,0.95,0.0011560693641618,0.95,0.05,0.2536560689861124
fbc_tfnbs,"e=1.1,h=10.0,n=30,start_thres=1.25,min_cluster_size=3",hub,0.25,100,20,40,1730,38,2,2,1728,0.95,0.0011560693641618,0.95,0.05,0.2536560689861124
fbc_tfnbs,"e=1.2,h=0.5,n=30,start_thres=1.25,min_cluster_size=3",hub,0.25,100,20,40,1730,32,1,8,1729,0.8,0.0005780346820809,0.9696969696969696,0.0303030303030303,0.2536560689861124
fbc_tfnbs,"e=1.2,h=1.0,n=30,start_thres=1.25,min_cluster_size=3",hub,0.25,100,20,40,1730,36,1,4,1729,0.9,0.0005780346820809,0.972972972972973,0.027027027027027,0.2536560689861124
fbc_tfnbs,"e=1.2,h=2.0,n=30,start_thres=1.25,min_cluster_size=3",hub,0.25,100,20,40,1730,37,1,3,1729,0.925,0.0005780346820809,0.9736842105263158,0.0263157894736842,0.2536560689861124
fbc_tfnbs,"e=1.2,h=3.0,n=30,start_thres=1.25,min_cluster_size=3",hub,0.25,100,20,40,1730,38,2,2,1728,0.95,0.0011560693641618,0.95,0.05,0.2536560689861124
fbc_tfnbs,"e=1.2,h=4.0,n=30,start_thres=1.25,min_cluster_size=3",hub,0.25,100,20,40,1730,38,2,2,1728,0.95,0.0011560693641618,0.95,0.05,0.2536560689861124
fbc_tfnbs,"e=1.2,h=5.0,n=30,start_thres=1.25,min_cluster_size=3",hub,0.25,100,20,40,1730,38,2,2,1728,0.95,0.0011560693641618,0.95,0.05,0.2536560689861124
fbc_tfnbs,"e=1.2,h=6.0,n=30,start_thres=1.25,min_cluster_size=3",hub,0.25,100,20,40,1730,38,2,2,1728,0.95,0.0011560693641618,0.95,0.05,0.2536560689861124
fbc_tfnbs,"e=1.2,h=7.0,n=30,start_thres=1.25,min_cluster_size=3",hub,0.25,100,20,40,1730,38,2,2,1728,0.95,0.0011560693641618,0.95,0.05,0.2536560689861124
fbc_tfnbs,"e=1.2,h=8.0,n=30,start_thres=1.25,min_cluster_size=3",hub,0.25,100,20,40,1730,38,2,2,1728,0.95,0.0011560693641618,0.95,0.05,0.2536560689861124
fbc_tfnbs,"e=1.2,h=9.0,n=30,start_thres=1.25,min_cluster_size=3",hub,0.25,100,20,40,1730,38,2,2,1728,0.95,0.0011560693641618,0.95,0.05,0.2536560689861124
fbc_tfnbs,"e=1.2,h=10.0,n=30,start_thres=1.25,min_cluster_size=3",hub,0.25,100,20,40,1730,38,2,2,1728,0.95,0.0011560693641618,0.95,0.05,0.2536560689861124
fbc_tfnbs,"e=1.3,h=0.5,n=30,start_thres=1.25,min_cluster_size=3",hub,0.25,100,20,40,1730,31,1,9,1729,0.775,0.0005780346820809,0.96875,0.03125,0.2536560689861124
fbc_tfnbs,"e=1.3,h=1.0,n=30,start_thres=1.25,min_cluster_size=3",hub,0.25,100,20,40,1730,35,1,5,1729,0.875,0.0005780346820809,0.9722222222222222,0.0277777777777777,0.2536560689861124
fbc_tfnbs,"e=1.3,h=2.0,n=30,start_thres=1.25,min_cluster_size=3",hub,0.25,100,20,40,1730,37,1,3,1729,0.925,0.0005780346820809,0.9736842105263158,0.0263157894736842,0.2536560689861124
fbc_tfnbs,"e=1.3,h=3.0,n=30,start_thres=1.25,min_cluster_size=3",hub,0.25,100,20,40,1730,38,2,2,1728,0.95,0.0011560693641618,0.95,0.05,0.2536560689861124
fbc_tfnbs,"e=1.3,h=4.0,n=30,start_thres=1.25,min_cluster_size=3",hub,0.25,100,20,40,1730,38,2,2,1728,0.95,0.0011560693641618,0.95,0.05,0.2536560689861124
fbc_tfnbs,"e=1.3,h=5.0,n=30,start_thres=1.25,min_cluster_size=3",hub,0.25,100,20,40,1730,38,2,2,1728,0.95,0.0011560693641618,0.95,0.05,0.2536560689861124
fbc_tfnbs,"e=1.3,h=6.0,n=30,start_thres=1.25,min_cluster_size=3",hub,0.25,100,20,40,1730,38,2,2,1728,0.95,0.0011560693641618,0.95,0.05,0.2536560689861124
fbc_tfnbs,"e=1.3,h=7.0,n=30,start_thres=1.25,min_cluster_size=3",hub,0.25,100,20,40,1730,38,2,2,1728,0.95,0.0011560693641618,0.95,0.05,0.2536560689861124
fbc_tfnbs,"e=1.3,h=8.0,n=30,start_thres=1.25,min_cluster_size=3",hub,0.25,100,20,40,1730,38,2,2,1728,0.95,0.0011560693641618,0.95,0.05,0.2536560689861124
fbc_tfnbs,"e=1.3,h=9.0,n=30,start_thres=1.25,min_cluster_size=3",hub,0.25,100,20,40,1730,38,2,2,1728,0.95,0.0011560693641618,0.95,0.05,0.2536560689861124
fbc_tfnbs,"e=1.3,h=10.0,n=30,start_thres=1.25,min_cluster_size=3",hub,0.25,100,20,40,1730,38,2,2,1728,0.95,0.0011560693641618,0.95,0.05,0.2536560689861124
fbc_tfnbs,"e=1.4,h=0.5,n=30,start_thres=1.25,min_cluster_size=3",hub,0.25,100,20,40,1730,26,1,14,1729,0.65,0.0005780346820809,0.9629629629629628,0.037037037037037,0.2536560689861124
fbc_tfnbs,"e=1.4,h=1.0,n=30,start_thres=1.25,min_cluster_size=3",hub,0.25,100,20,40,1730,32,1,8,1729,0.8,0.0005780346820809,0.9696969696969696,0.0303030303030303,0.2536560689861124
fbc_tfnbs,"e=1.4,h=2.0,n=30,start_thres=1.25,min_cluster_size=3",hub,0.25,100,20,40,1730,37,1,3,1729,0.925,0.0005780346820809,0.9736842105263158,0.0263157894736842,0.2536560689861124
fbc_tfnbs,"e=1.4,h=3.0,n=30,start_thres=1.25,min_cluster_size=3",hub,0.25,100,20,40,1730,38,2,2,1728,0.95,0.0011560693641618,0.95,0.05,0.2536560689861124
fbc_tfnbs,"e=1.4,h=4.0,n=30,start_thres=1.25,min_cluster_size=3",hub,0.25,100,20,40,1730,38,2,2,1728,0.95,0.0011560693641618,0.95,0.05,0.2536560689861124
fbc_tfnbs,"e=1.4,h=5.0,n=30,start_thres=1.25,min_cluster_size=3",hub,0.25,100,20,40,1730,38,2,2,1728,0.95,0.0011560693641618,0.95,0.05,0.2536560689861124
fbc_tfnbs,"e=1.4,h=6.0,n=30,start_thres=1.25,min_cluster_size=3",hub,0.25,100,20,40,1730,38,2,2,1728,0.95,0.0011560693641618,0.95,0.05,0.2536560689861124
fbc_tfnbs,"e=1.4,h=7.0,n=30,start_thres=1.25,min_cluster_size=3",hub,0.25,100,20,40,1730,38,2,2,1728,0.95,0.0011560693641618,0.95,0.05,0.2536560689861124
fbc_tfnbs,"e=1.4,h=8.0,n=30,start_thres=1.25,min_cluster_size=3",hub,0.25,100,20,40,1730,38,2,2,1728,0.95,0.0011560693641618,0.95,0.05,0.2536560689861124
fbc_tfnbs,"e=1.4,h=9.0,n=30,start_thres=1.25,min_cluster_size=3",hub,0.25,100,20,40,1730,38,2,2,1728,0.95,0.0011560693641618,0.95,0.05,0.2536560689861124
fbc_tfnbs,"e=1.4,h=10.0,n=30,start_thres=1.25,min_cluster_size=3",hub,0.25,100,20,40,1730,38,2,2,1728,0.95,0.0011560693641618,0.95,0.05,0.2536560689861124
fbc_tfnbs,"e=1.5,h=0.5,n=30,start_thres=1.25,min_cluster_size=3",hub,0.25,100,20,40,1730,26,1,14,1729,0.65,0.0005780346820809,0.9629629629629628,0.037037037037037,0.2536560689861124
fbc_tfnbs,"e=1.5,h=1.0,n=30,start_thres=1.25,min_cluster_size=3",hub,0.25,100,20,40,1730,31,1,9,1729,0.775,0.0005780346820809,0.96875,0.03125,0.2536560689861124
fbc_tfnbs,"e=1.5,h=2.0,n=30,start_thres=1.25,min_cluster_size=3",hub,0.25,100,20,40,1730,36,1,4,1729,0.9,0.0005780346820809,0.972972972972973,0.027027027027027,0.2536560689861124
fbc_tfnbs,"e=1.5,h=3.0,n=30,start_thres=1.25,min_cluster_size=3",hub,0.25,100,20,40,1730,38,2,2,1728,0.95,0.0011560693641618,0.95,0.05,0.2536560689861124
fbc_tfnbs,"e=1.5,h=4.0,n=30,start_thres=1.25,min_cluster_size=3",hub,0.25,100,20,40,1730,38,2,2,1728,0.95,0.0011560693641618,0.95,0.05,0.2536560689861124
fbc_tfnbs,"e=1.5,h=5.0,n=30,start_thres=1.25,min_cluster_size=3",hub,0.25,100,20,40,1730,38,2,2,1728,0.95,0.0011560693641618,0.95,0.05,0.2536560689861124
fbc_tfnbs,"e=1.5,h=6.0,n=30,start_thres=1.25,min_cluster_size=3",hub,0.25,100,20,40,1730,38,2,2,1728,0.95,0.0011560693641618,0.95,0.05,0.2536560689861124
fbc_tfnbs,"e=1.5,h=7.0,n=30,start_thres=1.25,min_cluster_size=3",hub,0.25,100,20,40,1730,38,2,2,1728,0.95,0.0011560693641618,0.95,0.05,0.2536560689861124
fbc_tfnbs,"e=1.5,h=8.0,n=30,start_thres=1.25,min_cluster_size=3",hub,0.25,100,20,40,1730,38,2,2,1728,0.95,0.0011560693641618,0.95,0.05,0.2536560689861124
fbc_tfnbs,"e=1.5,h=9.0,n=30,start_thres=1.25,min_cluster_size=3",hub,0.25,100,20,40,1730,38,2,2,1728,0.95,0.0011560693641618,0.95,0.05,0.2536560689861124
fbc_tfnbs,"e=1.5,h=10.0,n=30,start_thres=1.25,min_cluster_size=3",hub,0.25,100,20,40,1730,38,2,2,1728,0.95,0.0011560693641618,0.95,0.05,0.2536560689861124
fbc_tfnbs,"e=0.05,h=0.5,n=30,start_thres=1.25,min_cluster_size=3",hub,0.25,100,21,40,1730,39,0,1,1730,0.975,0.0,1.0,0.0,0.2562368539246646
fbc_tfnbs,"e=0.05,h=1.0,n=30,start_thres=1.25,min_cluster_size=3",hub,0.25,100,21,40,1730,39,0,1,1730,0.975,0.0,1.0,0.0,0.2562368539246646
fbc_tfnbs,"e=0.05,h=2.0,n=30,start_thres=1.25,min_cluster_size=3",hub,0.25,100,21,40,1730,39,0,1,1730,0.975,0.0,1.0,0.0,0.2562368539246646
fbc_tfnbs,"e=0.05,h=3.0,n=30,start_thres=1.25,min_cluster_size=3",hub,0.25,100,21,40,1730,39,0,1,1730,0.975,0.0,1.0,0.0,0.2562368539246646
fbc_tfnbs,"e=0.05,h=4.0,n=30,start_thres=1.25,min_cluster_size=3",hub,0.25,100,21,40,1730,39,0,1,1730,0.975,0.0,1.0,0.0,0.2562368539246646
fbc_tfnbs,"e=0.05,h=5.0,n=30,start_thres=1.25,min_cluster_size=3",hub,0.25,100,21,40,1730,39,0,1,1730,0.975,0.0,1.0,0.0,0.2562368539246646
fbc_tfnbs,"e=0.05,h=6.0,n=30,start_thres=1.25,min_cluster_size=3",hub,0.25,100,21,40,1730,39,0,1,1730,0.975,0.0,1.0,0.0,0.2562368539246646
fbc_tfnbs,"e=0.05,h=7.0,n=30,start_thres=1.25,min_cluster_size=3",hub,0.25,100,21,40,1730,39,0,1,1730,0.975,0.0,1.0,0.0,0.2562368539246646
fbc_tfnbs,"e=0.05,h=8.0,n=30,start_thres=1.25,min_cluster_size=3",hub,0.25,100,21,40,1730,39,0,1,1730,0.975,0.0,1.0,0.0,0.2562368539246646
fbc_tfnbs,"e=0.05,h=9.0,n=30,start_thres=1.25,min_cluster_size=3",hub,0.25,100,21,40,1730,39,0,1,1730,0.975,0.0,1.0,0.0,0.2562368539246646
fbc_tfnbs,"e=0.05,h=10.0,n=30,start_thres=1.25,min_cluster_size=3",hub,0.25,100,21,40,1730,39,0,1,1730,0.975,0.0,1.0,0.0,0.2562368539246646
fbc_tfnbs,"e=0.1,h=0.5,n=30,start_thres=1.25,min_cluster_size=3",hub,0.25,100,21,40,1730,39,0,1,1730,0.975,0.0,1.0,0.0,0.2562368539246646
fbc_tfnbs,"e=0.1,h=1.0,n=30,start_thres=1.25,min_cluster_size=3",hub,0.25,100,21,40,1730,39,0,1,1730,0.975,0.0,1.0,0.0,0.2562368539246646
fbc_tfnbs,"e=0.1,h=2.0,n=30,start_thres=1.25,min_cluster_size=3",hub,0.25,100,21,40,1730,39,0,1,1730,0.975,0.0,1.0,0.0,0.2562368539246646
fbc_tfnbs,"e=0.1,h=3.0,n=30,start_thres=1.25,min_cluster_size=3",hub,0.25,100,21,40,1730,39,0,1,1730,0.975,0.0,1.0,0.0,0.2562368539246646
fbc_tfnbs,"e=0.1,h=4.0,n=30,start_thres=1.25,min_cluster_size=3",hub,0.25,100,21,40,1730,39,0,1,1730,0.975,0.0,1.0,0.0,0.2562368539246646
fbc_tfnbs,"e=0.1,h=5.0,n=30,start_thres=1.25,min_cluster_size=3",hub,0.25,100,21,40,1730,39,0,1,1730,0.975,0.0,1.0,0.0,0.2562368539246646
fbc_tfnbs,"e=0.1,h=6.0,n=30,start_thres=1.25,min_cluster_size=3",hub,0.25,100,21,40,1730,39,0,1,1730,0.975,0.0,1.0,0.0,0.2562368539246646
fbc_tfnbs,"e=0.1,h=7.0,n=30,start_thres=1.25,min_cluster_size=3",hub,0.25,100,21,40,1730,39,0,1,1730,0.975,0.0,1.0,0.0,0.2562368539246646
fbc_tfnbs,"e=0.1,h=8.0,n=30,start_thres=1.25,min_cluster_size=3",hub,0.25,100,21,40,1730,39,0,1,1730,0.975,0.0,1.0,0.0,0.2562368539246646
fbc_tfnbs,"e=0.1,h=9.0,n=30,start_thres=1.25,min_cluster_size=3",hub,0.25,100,21,40,1730,39,0,1,1730,0.975,0.0,1.0,0.0,0.2562368539246646
fbc_tfnbs,"e=0.1,h=10.0,n=30,start_thres=1.25,min_cluster_size=3",hub,0.25,100,21,40,1730,39,0,1,1730,0.975,0.0,1.0,0.0,0.2562368539246646
fbc_tfnbs,"e=0.2,h=0.5,n=30,start_thres=1.25,min_cluster_size=3",hub,0.25,100,21,40,1730,39,0,1,1730,0.975,0.0,1.0,0.0,0.2562368539246646
fbc_tfnbs,"e=0.2,h=1.0,n=30,start_thres=1.25,min_cluster_size=3",hub,0.25,100,21,40,1730,40,0,0,1730,1.0,0.0,1.0,0.0,0.2562368539246646
fbc_tfnbs,"e=0.2,h=2.0,n=30,start_thres=1.25,min_cluster_size=3",hub,0.25,100,21,40,1730,40,0,0,1730,1.0,0.0,1.0,0.0,0.2562368539246646
fbc_tfnbs,"e=0.2,h=3.0,n=30,start_thres=1.25,min_cluster_size=3",hub,0.25,100,21,40,1730,40,0,0,1730,1.0,0.0,1.0,0.0,0.2562368539246646
fbc_tfnbs,"e=0.2,h=4.0,n=30,start_thres=1.25,min_cluster_size=3",hub,0.25,100,21,40,1730,40,0,0,1730,1.0,0.0,1.0,0.0,0.2562368539246646
fbc_tfnbs,"e=0.2,h=5.0,n=30,start_thres=1.25,min_cluster_size=3",hub,0.25,100,21,40,1730,40,0,0,1730,1.0,0.0,1.0,0.0,0.2562368539246646
fbc_tfnbs,"e=0.2,h=6.0,n=30,start_thres=1.25,min_cluster_size=3",hub,0.25,100,21,40,1730,40,0,0,1730,1.0,0.0,1.0,0.0,0.2562368539246646
fbc_tfnbs,"e=0.2,h=7.0,n=30,start_thres=1.25,min_cluster_size=3",hub,0.25,100,21,40,1730,40,0,0,1730,1.0,0.0,1.0,0.0,0.2562368539246646
fbc_tfnbs,"e=0.2,h=8.0,n=30,start_thres=1.25,min_cluster_size=3",hub,0.25,100,21,40,1730,40,0,0,1730,1.0,0.0,1.0,0.0,0.2562368539246646
fbc_tfnbs,"e=0.2,h=9.0,n=30,start_thres=1.25,min_cluster_size=3",hub,0.25,100,21,40,1730,40,0,0,1730,1.0,0.0,1.0,0.0,0.2562368539246646
fbc_tfnbs,"e=0.2,h=10.0,n=30,start_thres=1.25,min_cluster_size=3",hub,0.25,100,21,40,1730,39,0,1,1730,0.975,0.0,1.0,0.0,0.2562368539246646
fbc_tfnbs,"e=0.3,h=0.5,n=30,start_thres=1.25,min_cluster_size=3",hub,0.25,100,21,40,1730,40,0,0,1730,1.0,0.0,1.0,0.0,0.2562368539246646
fbc_tfnbs,"e=0.3,h=1.0,n=30,start_thres=1.25,min_cluster_size=3",hub,0.25,100,21,40,1730,40,0,0,1730,1.0,0.0,1.0,0.0,0.2562368539246646
fbc_tfnbs,"e=0.3,h=2.0,n=30,start_thres=1.25,min_cluster_size=3",hub,0.25,100,21,40,1730,40,0,0,1730,1.0,0.0,1.0,0.0,0.2562368539246646
fbc_tfnbs,"e=0.3,h=3.0,n=30,start_thres=1.25,min_cluster_size=3",hub,0.25,100,21,40,1730,40,0,0,1730,1.0,0.0,1.0,0.0,0.2562368539246646
fbc_tfnbs,"e=0.3,h=4.0,n=30,start_thres=1.25,min_cluster_size=3",hub,0.25,100,21,40,1730,40,0,0,1730,1.0,0.0,1.0,0.0,0.2562368539246646
fbc_tfnbs,"e=0.3,h=5.0,n=30,start_thres=1.25,min_cluster_size=3",hub,0.25,100,21,40,1730,40,0,0,1730,1.0,0.0,1.0,0.0,0.2562368539246646
fbc_tfnbs,"e=0.3,h=6.0,n=30,start_thres=1.25,min_cluster_size=3",hub,0.25,100,21,40,1730,40,0,0,1730,1.0,0.0,1.0,0.0,0.2562368539246646
fbc_tfnbs,"e=0.3,h=7.0,n=30,start_thres=1.25,min_cluster_size=3",hub,0.25,100,21,40,1730,40,0,0,1730,1.0,0.0,1.0,0.0,0.2562368539246646
fbc_tfnbs,"e=0.3,h=8.0,n=30,start_thres=1.25,min_cluster_size=3",hub,0.25,100,21,40,1730,40,0,0,1730,1.0,0.0,1.0,0.0,0.2562368539246646
fbc_tfnbs,"e=0.3,h=9.0,n=30,start_thres=1.25,min_cluster_size=3",hub,0.25,100,21,40,1730,40,0,0,1730,1.0,0.0,1.0,0.0,0.2562368539246646
fbc_tfnbs,"e=0.3,h=10.0,n=30,start_thres=1.25,min_cluster_size=3",hub,0.25,100,21,40,1730,40,0,0,1730,1.0,0.0,1.0,0.0,0.2562368539246646
fbc_tfnbs,"e=0.4,h=0.5,n=30,start_thres=1.25,min_cluster_size=3",hub,0.25,100,21,40,1730,40,0,0,1730,1.0,0.0,1.0,0.0,0.2562368539246646
fbc_tfnbs,"e=0.4,h=1.0,n=30,start_thres=1.25,min_cluster_size=3",hub,0.25,100,21,40,1730,40,0,0,1730,1.0,0.0,1.0,0.0,0.2562368539246646
fbc_tfnbs,"e=0.4,h=2.0,n=30,start_thres=1.25,min_cluster_size=3",hub,0.25,100,21,40,1730,40,0,0,1730,1.0,0.0,1.0,0.0,0.2562368539246646
fbc_tfnbs,"e=0.4,h=3.0,n=30,start_thres=1.25,min_cluster_size=3",hub,0.25,100,21,40,1730,40,0,0,1730,1.0,0.0,1.0,0.0,0.2562368539246646
fbc_tfnbs,"e=0.4,h=4.0,n=30,start_thres=1.25,min_cluster_size=3",hub,0.25,100,21,40,1730,40,0,0,1730,1.0,0.0,1.0,0.0,0.2562368539246646
fbc_tfnbs,"e=0.4,h=5.0,n=30,start_thres=1.25,min_cluster_size=3",hub,0.25,100,21,40,1730,40,0,0,1730,1.0,0.0,1.0,0.0,0.2562368539246646
fbc_tfnbs,"e=0.4,h=6.0,n=30,start_thres=1.25,min_cluster_size=3",hub,0.25,100,21,40,1730,40,0,0,1730,1.0,0.0,1.0,0.0,0.2562368539246646
fbc_tfnbs,"e=0.4,h=7.0,n=30,start_thres=1.25,min_cluster_size=3",hub,0.25,100,21,40,1730,40,0,0,1730,1.0,0.0,1.0,0.0,0.2562368539246646
fbc_tfnbs,"e=0.4,h=8.0,n=30,start_thres=1.25,min_cluster_size=3",hub,0.25,100,21,40,1730,40,0,0,1730,1.0,0.0,1.0,0.0,0.2562368539246646
fbc_tfnbs,"e=0.4,h=9.0,n=30,start_thres=1.25,min_cluster_size=3",hub,0.25,100,21,40,1730,40,0,0,1730,1.0,0.0,1.0,0.0,0.2562368539246646
fbc_tfnbs,"e=0.4,h=10.0,n=30,start_thres=1.25,min_cluster_size=3",hub,0.25,100,21,40,1730,40,0,0,1730,1.0,0.0,1.0,0.0,0.2562368539246646
fbc_tfnbs,"e=0.5,h=0.5,n=30,start_thres=1.25,min_cluster_size=3",hub,0.25,100,21,40,1730,40,0,0,1730,1.0,0.0,1.0,0.0,0.2562368539246646
fbc_tfnbs,"e=0.5,h=1.0,n=30,start_thres=1.25,min_cluster_size=3",hub,0.25,100,21,40,1730,40,0,0,1730,1.0,0.0,1.0,0.0,0.2562368539246646
fbc_tfnbs,"e=0.5,h=2.0,n=30,start_thres=1.25,min_cluster_size=3",hub,0.25,100,21,40,1730,40,0,0,1730,1.0,0.0,1.0,0.0,0.2562368539246646
fbc_tfnbs,"e=0.5,h=3.0,n=30,start_thres=1.25,min_cluster_size=3",hub,0.25,100,21,40,1730,40,0,0,1730,1.0,0.0,1.0,0.0,0.2562368539246646
fbc_tfnbs,"e=0.5,h=4.0,n=30,start_thres=1.25,min_cluster_size=3",hub,0.25,100,21,40,1730,40,0,0,1730,1.0,0.0,1.0,0.0,0.2562368539246646
fbc_tfnbs,"e=0.5,h=5.0,n=30,start_thres=1.25,min_cluster_size=3",hub,0.25,100,21,40,1730,40,0,0,1730,1.0,0.0,1.0,0.0,0.2562368539246646
fbc_tfnbs,"e=0.5,h=6.0,n=30,start_thres=1.25,min_cluster_size=3",hub,0.25,100,21,40,1730,40,0,0,1730,1.0,0.0,1.0,0.0,0.2562368539246646
fbc_tfnbs,"e=0.5,h=7.0,n=30,start_thres=1.25,min_cluster_size=3",hub,0.25,100,21,40,1730,40,0,0,1730,1.0,0.0,1.0,0.0,0.2562368539246646
fbc_tfnbs,"e=0.5,h=8.0,n=30,start_thres=1.25,min_cluster_size=3",hub,0.25,100,21,40,1730,40,0,0,1730,1.0,0.0,1.0,0.0,0.2562368539246646
fbc_tfnbs,"e=0.5,h=9.0,n=30,start_thres=1.25,min_cluster_size=3",hub,0.25,100,21,40,1730,40,0,0,1730,1.0,0.0,1.0,0.0,0.2562368539246646
fbc_tfnbs,"e=0.5,h=10.0,n=30,start_thres=1.25,min_cluster_size=3",hub,0.25,100,21,40,1730,40,0,0,1730,1.0,0.0,1.0,0.0,0.2562368539246646
fbc_tfnbs,"e=0.6,h=0.5,n=30,start_thres=1.25,min_cluster_size=3",hub,0.25,100,21,40,1730,40,0,0,1730,1.0,0.0,1.0,0.0,0.2562368539246646
fbc_tfnbs,"e=0.6,h=1.0,n=30,start_thres=1.25,min_cluster_size=3",hub,0.25,100,21,40,1730,40,0,0,1730,1.0,0.0,1.0,0.0,0.2562368539246646
fbc_tfnbs,"e=0.6,h=2.0,n=30,start_thres=1.25,min_cluster_size=3",hub,0.25,100,21,40,1730,40,0,0,1730,1.0,0.0,1.0,0.0,0.2562368539246646
fbc_tfnbs,"e=0.6,h=3.0,n=30,start_thres=1.25,min_cluster_size=3",hub,0.25,100,21,40,1730,40,0,0,1730,1.0,0.0,1.0,0.0,0.2562368539246646
fbc_tfnbs,"e=0.6,h=4.0,n=30,start_thres=1.25,min_cluster_size=3",hub,0.25,100,21,40,1730,40,0,0,1730,1.0,0.0,1.0,0.0,0.2562368539246646
fbc_tfnbs,"e=0.6,h=5.0,n=30,start_thres=1.25,min_cluster_size=3",hub,0.25,100,21,40,1730,40,0,0,1730,1.0,0.0,1.0,0.0,0.2562368539246646
fbc_tfnbs,"e=0.6,h=6.0,n=30,start_thres=1.25,min_cluster_size=3",hub,0.25,100,21,40,1730,40,0,0,1730,1.0,0.0,1.0,0.0,0.2562368539246646
fbc_tfnbs,"e=0.6,h=7.0,n=30,start_thres=1.25,min_cluster_size=3",hub,0.25,100,21,40,1730,40,0,0,1730,1.0,0.0,1.0,0.0,0.2562368539246646
fbc_tfnbs,"e=0.6,h=8.0,n=30,start_thres=1.25,min_cluster_size=3",hub,0.25,100,21,40,1730,40,0,0,1730,1.0,0.0,1.0,0.0,0.2562368539246646
fbc_tfnbs,"e=0.6,h=9.0,n=30,start_thres=1.25,min_cluster_size=3",hub,0.25,100,21,40,1730,40,0,0,1730,1.0,0.0,1.0,0.0,0.2562368539246646
fbc_tfnbs,"e=0.6,h=10.0,n=30,start_thres=1.25,min_cluster_size=3",hub,0.25,100,21,40,1730,40,0,0,1730,1.0,0.0,1.0,0.0,0.2562368539246646
fbc_tfnbs,"e=0.7,h=0.5,n=30,start_thres=1.25,min_cluster_size=3",hub,0.25,100,21,40,1730,40,0,0,1730,1.0,0.0,1.0,0.0,0.2562368539246646
fbc_tfnbs,"e=0.7,h=1.0,n=30,start_thres=1.25,min_cluster_size=3",hub,0.25,100,21,40,1730,40,0,0,1730,1.0,0.0,1.0,0.0,0.2562368539246646
fbc_tfnbs,"e=0.7,h=2.0,n=30,start_thres=1.25,min_cluster_size=3",hub,0.25,100,21,40,1730,40,0,0,1730,1.0,0.0,1.0,0.0,0.2562368539246646
fbc_tfnbs,"e=0.7,h=3.0,n=30,start_thres=1.25,min_cluster_size=3",hub,0.25,100,21,40,1730,40,0,0,1730,1.0,0.0,1.0,0.0,0.2562368539246646
fbc_tfnbs,"e=0.7,h=4.0,n=30,start_thres=1.25,min_cluster_size=3",hub,0.25,100,21,40,1730,40,0,0,1730,1.0,0.0,1.0,0.0,0.2562368539246646
fbc_tfnbs,"e=0.7,h=5.0,n=30,start_thres=1.25,min_cluster_size=3",hub,0.25,100,21,40,1730,40,0,0,1730,1.0,0.0,1.0,0.0,0.2562368539246646
fbc_tfnbs,"e=0.7,h=6.0,n=30,start_thres=1.25,min_cluster_size=3",hub,0.25,100,21,40,1730,40,0,0,1730,1.0,0.0,1.0,0.0,0.2562368539246646
fbc_tfnbs,"e=0.7,h=7.0,n=30,start_thres=1.25,min_cluster_size=3",hub,0.25,100,21,40,1730,40,0,0,1730,1.0,0.0,1.0,0.0,0.2562368539246646
fbc_tfnbs,"e=0.7,h=8.0,n=30,start_thres=1.25,min_cluster_size=3",hub,0.25,100,21,40,1730,40,0,0,1730,1.0,0.0,1.0,0.0,0.2562368539246646
fbc_tfnbs,"e=0.7,h=9.0,n=30,start_thres=1.25,min_cluster_size=3",hub,0.25,100,21,40,1730,40,0,0,1730,1.0,0.0,1.0,0.0,0.2562368539246646
fbc_tfnbs,"e=0.7,h=10.0,n=30,start_thres=1.25,min_cluster_size=3",hub,0.25,100,21,40,1730,40,0,0,1730,1.0,0.0,1.0,0.0,0.2562368539246646
fbc_tfnbs,"e=0.8,h=0.5,n=30,start_thres=1.25,min_cluster_size=3",hub,0.25,100,21,40,1730,39,0,1,1730,0.975,0.0,1.0,0.0,0.2562368539246646
fbc_tfnbs,"e=0.8,h=1.0,n=30,start_thres=1.25,min_cluster_size=3",hub,0.25,100,21,40,1730,40,0,0,1730,1.0,0.0,1.0,0.0,0.2562368539246646
fbc_tfnbs,"e=0.8,h=2.0,n=30,start_thres=1.25,min_cluster_size=3",hub,0.25,100,21,40,1730,40,0,0,1730,1.0,0.0,1.0,0.0,0.2562368539246646
fbc_tfnbs,"e=0.8,h=3.0,n=30,start_thres=1.25,min_cluster_size=3",hub,0.25,100,21,40,1730,40,0,0,1730,1.0,0.0,1.0,0.0,0.2562368539246646
fbc_tfnbs,"e=0.8,h=4.0,n=30,start_thres=1.25,min_cluster_size=3",hub,0.25,100,21,40,1730,40,0,0,1730,1.0,0.0,1.0,0.0,0.2562368539246646
fbc_tfnbs,"e=0.8,h=5.0,n=30,start_thres=1.25,min_cluster_size=3",hub,0.25,100,21,40,1730,40,0,0,1730,1.0,0.0,1.0,0.0,0.2562368539246646
fbc_tfnbs,"e=0.8,h=6.0,n=30,start_thres=1.25,min_cluster_size=3",hub,0.25,100,21,40,1730,40,0,0,1730,1.0,0.0,1.0,0.0,0.2562368539246646
fbc_tfnbs,"e=0.8,h=7.0,n=30,start_thres=1.25,min_cluster_size=3",hub,0.25,100,21,40,1730,40,0,0,1730,1.0,0.0,1.0,0.0,0.2562368539246646
fbc_tfnbs,"e=0.8,h=8.0,n=30,start_thres=1.25,min_cluster_size=3",hub,0.25,100,21,40,1730,40,0,0,1730,1.0,0.0,1.0,0.0,0.2562368539246646
fbc_tfnbs,"e=0.8,h=9.0,n=30,start_thres=1.25,min_cluster_size=3",hub,0.25,100,21,40,1730,40,0,0,1730,1.0,0.0,1.0,0.0,0.2562368539246646
fbc_tfnbs,"e=0.8,h=10.0,n=30,start_thres=1.25,min_cluster_size=3",hub,0.25,100,21,40,1730,40,0,0,1730,1.0,0.0,1.0,0.0,0.2562368539246646
fbc_tfnbs,"e=0.9,h=0.5,n=30,start_thres=1.25,min_cluster_size=3",hub,0.25,100,21,40,1730,39,0,1,1730,0.975,0.0,1.0,0.0,0.2562368539246646
fbc_tfnbs,"e=0.9,h=1.0,n=30,start_thres=1.25,min_cluster_size=3",hub,0.25,100,21,40,1730,40,0,0,1730,1.0,0.0,1.0,0.0,0.2562368539246646
fbc_tfnbs,"e=0.9,h=2.0,n=30,start_thres=1.25,min_cluster_size=3",hub,0.25,100,21,40,1730,40,0,0,1730,1.0,0.0,1.0,0.0,0.2562368539246646
fbc_tfnbs,"e=0.9,h=3.0,n=30,start_thres=1.25,min_cluster_size=3",hub,0.25,100,21,40,1730,40,0,0,1730,1.0,0.0,1.0,0.0,0.2562368539246646
fbc_tfnbs,"e=0.9,h=4.0,n=30,start_thres=1.25,min_cluster_size=3",hub,0.25,100,21,40,1730,40,0,0,1730,1.0,0.0,1.0,0.0,0.2562368539246646
fbc_tfnbs,"e=0.9,h=5.0,n=30,start_thres=1.25,min_cluster_size=3",hub,0.25,100,21,40,1730,40,0,0,1730,1.0,0.0,1.0,0.0,0.2562368539246646
fbc_tfnbs,"e=0.9,h=6.0,n=30,start_thres=1.25,min_cluster_size=3",hub,0.25,100,21,40,1730,40,0,0,1730,1.0,0.0,1.0,0.0,0.2562368539246646
fbc_tfnbs,"e=0.9,h=7.0,n=30,start_thres=1.25,min_cluster_size=3",hub,0.25,100,21,40,1730,40,0,0,1730,1.0,0.0,1.0,0.0,0.2562368539246646
fbc_tfnbs,"e=0.9,h=8.0,n=30,start_thres=1.25,min_cluster_size=3",hub,0.25,100,21,40,1730,40,0,0,1730,1.0,0.0,1.0,0.0,0.2562368539246646
fbc_tfnbs,"e=0.9,h=9.0,n=30,start_thres=1.25,min_cluster_size=3",hub,0.25,100,21,40,1730,40,0,0,1730,1.0,0.0,1.0,0.0,0.2562368539246646
fbc_tfnbs,"e=0.9,h=10.0,n=30,start_thres=1.25,min_cluster_size=3",hub,0.25,100,21,40,1730,40,0,0,1730,1.0,0.0,1.0,0.0,0.2562368539246646
fbc_tfnbs,"e=1.0,h=0.5,n=30,start_thres=1.25,min_cluster_size=3",hub,0.25,100,21,40,1730,39,0,1,1730,0.975,0.0,1.0,0.0,0.2562368539246646
fbc_tfnbs,"e=1.0,h=1.0,n=30,start_thres=1.25,min_cluster_size=3",hub,0.25,100,21,40,1730,40,0,0,1730,1.0,0.0,1.0,0.0,0.2562368539246646
fbc_tfnbs,"e=1.0,h=2.0,n=30,start_thres=1.25,min_cluster_size=3",hub,0.25,100,21,40,1730,40,0,0,1730,1.0,0.0,1.0,0.0,0.2562368539246646
fbc_tfnbs,"e=1.0,h=3.0,n=30,start_thres=1.25,min_cluster_size=3",hub,0.25,100,21,40,1730,40,0,0,1730,1.0,0.0,1.0,0.0,0.2562368539246646
fbc_tfnbs,"e=1.0,h=4.0,n=30,start_thres=1.25,min_cluster_size=3",hub,0.25,100,21,40,1730,40,0,0,1730,1.0,0.0,1.0,0.0,0.2562368539246646
fbc_tfnbs,"e=1.0,h=5.0,n=30,start_thres=1.25,min_cluster_size=3",hub,0.25,100,21,40,1730,40,0,0,1730,1.0,0.0,1.0,0.0,0.2562368539246646
fbc_tfnbs,"e=1.0,h=6.0,n=30,start_thres=1.25,min_cluster_size=3",hub,0.25,100,21,40,1730,40,0,0,1730,1.0,0.0,1.0,0.0,0.2562368539246646
fbc_tfnbs,"e=1.0,h=7.0,n=30,start_thres=1.25,min_cluster_size=3",hub,0.25,100,21,40,1730,40,0,0,1730,1.0,0.0,1.0,0.0,0.2562368539246646
fbc_tfnbs,"e=1.0,h=8.0,n=30,start_thres=1.25,min_cluster_size=3",hub,0.25,100,21,40,1730,40,0,0,1730,1.0,0.0,1.0,0.0,0.2562368539246646
fbc_tfnbs,"e=1.0,h=9.0,n=30,start_thres=1.25,min_cluster_size=3",hub,0.25,100,21,40,1730,40,0,0,1730,1.0,0.0,1.0,0.0,0.2562368539246646
fbc_tfnbs,"e=1.0,h=10.0,n=30,start_thres=1.25,min_cluster_size=3",hub,0.25,100,21,40,1730,40,0,0,1730,1.0,0.0,1.0,0.0,0.2562368539246646
fbc_tfnbs,"e=1.1,h=0.5,n=30,start_thres=1.25,min_cluster_size=3",hub,0.25,100,21,40,1730,38,0,2,1730,0.95,0.0,1.0,0.0,0.2562368539246646
fbc_tfnbs,"e=1.1,h=1.0,n=30,start_thres=1.25,min_cluster_size=3",hub,0.25,100,21,40,1730,39,0,1,1730,0.975,0.0,1.0,0.0,0.2562368539246646
fbc_tfnbs,"e=1.1,h=2.0,n=30,start_thres=1.25,min_cluster_size=3",hub,0.25,100,21,40,1730,40,0,0,1730,1.0,0.0,1.0,0.0,0.2562368539246646
fbc_tfnbs,"e=1.1,h=3.0,n=30,start_thres=1.25,min_cluster_size=3",hub,0.25,100,21,40,1730,40,0,0,1730,1.0,0.0,1.0,0.0,0.2562368539246646
fbc_tfnbs,"e=1.1,h=4.0,n=30,start_thres=1.25,min_cluster_size=3",hub,0.25,100,21,40,1730,40,0,0,1730,1.0,0.0,1.0,0.0,0.2562368539246646
fbc_tfnbs,"e=1.1,h=5.0,n=30,start_thres=1.25,min_cluster_size=3",hub,0.25,100,21,40,1730,40,0,0,1730,1.0,0.0,1.0,0.0,0.2562368539246646
fbc_tfnbs,"e=1.1,h=6.0,n=30,start_thres=1.25,min_cluster_size=3",hub,0.25,100,21,40,1730,40,0,0,1730,1.0,0.0,1.0,0.0,0.2562368539246646
fbc_tfnbs,"e=1.1,h=7.0,n=30,start_thres=1.25,min_cluster_size=3",hub,0.25,100,21,40,1730,40,0,0,1730,1.0,0.0,1.0,0.0,0.2562368539246646
fbc_tfnbs,"e=1.1,h=8.0,n=30,start_thres=1.25,min_cluster_size=3",hub,0.25,100,21,40,1730,40,0,0,1730,1.0,0.0,1.0,0.0,0.2562368539246646
fbc_tfnbs,"e=1.1,h=9.0,n=30,start_thres=1.25,min_cluster_size=3",hub,0.25,100,21,40,1730,40,0,0,1730,1.0,0.0,1.0,0.0,0.2562368539246646
fbc_tfnbs,"e=1.1,h=10.0,n=30,start_thres=1.25,min_cluster_size=3",hub,0.25,100,21,40,1730,40,0,0,1730,1.0,0.0,1.0,0.0,0.2562368539246646
fbc_tfnbs,"e=1.2,h=0.5,n=30,start_thres=1.25,min_cluster_size=3",hub,0.25,100,21,40,1730,36,0,4,1730,0.9,0.0,1.0,0.0,0.2562368539246646
fbc_tfnbs,"e=1.2,h=1.0,n=30,start_thres=1.25,min_cluster_size=3",hub,0.25,100,21,40,1730,39,0,1,1730,0.975,0.0,1.0,0.0,0.2562368539246646
fbc_tfnbs,"e=1.2,h=2.0,n=30,start_thres=1.25,min_cluster_size=3",hub,0.25,100,21,40,1730,40,0,0,1730,1.0,0.0,1.0,0.0,0.2562368539246646
fbc_tfnbs,"e=1.2,h=3.0,n=30,start_thres=1.25,min_cluster_size=3",hub,0.25,100,21,40,1730,40,0,0,1730,1.0,0.0,1.0,0.0,0.2562368539246646
fbc_tfnbs,"e=1.2,h=4.0,n=30,start_thres=1.25,min_cluster_size=3",hub,0.25,100,21,40,1730,40,0,0,1730,1.0,0.0,1.0,0.0,0.2562368539246646
fbc_tfnbs,"e=1.2,h=5.0,n=30,start_thres=1.25,min_cluster_size=3",hub,0.25,100,21,40,1730,40,0,0,1730,1.0,0.0,1.0,0.0,0.2562368539246646
fbc_tfnbs,"e=1.2,h=6.0,n=30,start_thres=1.25,min_cluster_size=3",hub,0.25,100,21,40,1730,40,0,0,1730,1.0,0.0,1.0,0.0,0.2562368539246646
fbc_tfnbs,"e=1.2,h=7.0,n=30,start_thres=1.25,min_cluster_size=3",hub,0.25,100,21,40,1730,40,0,0,1730,1.0,0.0,1.0,0.0,0.2562368539246646
fbc_tfnbs,"e=1.2,h=8.0,n=30,start_thres=1.25,min_cluster_size=3",hub,0.25,100,21,40,1730,40,0,0,1730,1.0,0.0,1.0,0.0,0.2562368539246646
fbc_tfnbs,"e=1.2,h=9.0,n=30,start_thres=1.25,min_cluster_size=3",hub,0.25,100,21,40,1730,40,0,0,1730,1.0,0.0,1.0,0.0,0.2562368539246646
fbc_tfnbs,"e=1.2,h=10.0,n=30,start_thres=1.25,min_cluster_size=3",hub,0.25,100,21,40,1730,40,0,0,1730,1.0,0.0,1.0,0.0,0.2562368539246646
fbc_tfnbs,"e=1.3,h=0.5,n=30,start_thres=1.25,min_cluster_size=3",hub,0.25,100,21,40,1730,35,0,5,1730,0.875,0.0,1.0,0.0,0.2562368539246646
fbc_tfnbs,"e=1.3,h=1.0,n=30,start_thres=1.25,min_cluster_size=3",hub,0.25,100,21,40,1730,38,0,2,1730,0.95,0.0,1.0,0.0,0.2562368539246646
fbc_tfnbs,"e=1.3,h=2.0,n=30,start_thres=1.25,min_cluster_size=3",hub,0.25,100,21,40,1730,40,0,0,1730,1.0,0.0,1.0,0.0,0.2562368539246646
fbc_tfnbs,"e=1.3,h=3.0,n=30,start_thres=1.25,min_cluster_size=3",hub,0.25,100,21,40,1730,40,0,0,1730,1.0,0.0,1.0,0.0,0.2562368539246646
fbc_tfnbs,"e=1.3,h=4.0,n=30,start_thres=1.25,min_cluster_size=3",hub,0.25,100,21,40,1730,40,0,0,1730,1.0,0.0,1.0,0.0,0.2562368539246646
fbc_tfnbs,"e=1.3,h=5.0,n=30,start_thres=1.25,min_cluster_size=3",hub,0.25,100,21,40,1730,40,0,0,1730,1.0,0.0,1.0,0.0,0.2562368539246646
fbc_tfnbs,"e=1.3,h=6.0,n=30,start_thres=1.25,min_cluster_size=3",hub,0.25,100,21,40,1730,40,0,0,1730,1.0,0.0,1.0,0.0,0.2562368539246646
fbc_tfnbs,"e=1.3,h=7.0,n=30,start_thres=1.25,min_cluster_size=3",hub,0.25,100,21,40,1730,40,0,0,1730,1.0,0.0,1.0,0.0,0.2562368539246646
fbc_tfnbs,"e=1.3,h=8.0,n=30,start_thres=1.25,min_cluster_size=3",hub,0.25,100,21,40,1730,40,0,0,1730,1.0,0.0,1.0,0.0,0.2562368539246646
fbc_tfnbs,"e=1.3,h=9.0,n=30,start_thres=1.25,min_cluster_size=3",hub,0.25,100,21,40,1730,40,0,0,1730,1.0,0.0,1.0,0.0,0.2562368539246646
fbc_tfnbs,"e=1.3,h=10.0,n=30,start_thres=1.25,min_cluster_size=3",hub,0.25,100,21,40,1730,40,0,0,1730,1.0,0.0,1.0,0.0,0.2562368539246646
fbc_tfnbs,"e=1.4,h=0.5,n=30,start_thres=1.25,min_cluster_size=3",hub,0.25,100,21,40,1730,35,0,5,1730,0.875,0.0,1.0,0.0,0.2562368539246646
fbc_tfnbs,"e=1.4,h=1.0,n=30,start_thres=1.25,min_cluster_size=3",hub,0.25,100,21,40,1730,37,0,3,1730,0.925,0.0,1.0,0.0,0.2562368539246646
fbc_tfnbs,"e=1.4,h=2.0,n=30,start_thres=1.25,min_cluster_size=3",hub,0.25,100,21,40,1730,40,0,0,1730,1.0,0.0,1.0,0.0,0.2562368539246646
fbc_tfnbs,"e=1.4,h=3.0,n=30,start_thres=1.25,min_cluster_size=3",hub,0.25,100,21,40,1730,40,0,0,1730,1.0,0.0,1.0,0.0,0.2562368539246646
fbc_tfnbs,"e=1.4,h=4.0,n=30,start_thres=1.25,min_cluster_size=3",hub,0.25,100,21,40,1730,40,0,0,1730,1.0,0.0,1.0,0.0,0.2562368539246646
fbc_tfnbs,"e=1.4,h=5.0,n=30,start_thres=1.25,min_cluster_size=3",hub,0.25,100,21,40,1730,40,0,0,1730,1.0,0.0,1.0,0.0,0.2562368539246646
fbc_tfnbs,"e=1.4,h=6.0,n=30,start_thres=1.25,min_cluster_size=3",hub,0.25,100,21,40,1730,40,0,0,1730,1.0,0.0,1.0,0.0,0.2562368539246646
fbc_tfnbs,"e=1.4,h=7.0,n=30,start_thres=1.25,min_cluster_size=3",hub,0.25,100,21,40,1730,40,0,0,1730,1.0,0.0,1.0,0.0,0.2562368539246646
fbc_tfnbs,"e=1.4,h=8.0,n=30,start_thres=1.25,min_cluster_size=3",hub,0.25,100,21,40,1730,40,0,0,1730,1.0,0.0,1.0,0.0,0.2562368539246646
fbc_tfnbs,"e=1.4,h=9.0,n=30,start_thres=1.25,min_cluster_size=3",hub,0.25,100,21,40,1730,40,0,0,1730,1.0,0.0,1.0,0.0,0.2562368539246646
fbc_tfnbs,"e=1.4,h=10.0,n=30,start_thres=1.25,min_cluster_size=3",hub,0.25,100,21,40,1730,40,0,0,1730,1.0,0.0,1.0,0.0,0.2562368539246646
fbc_tfnbs,"e=1.5,h=0.5,n=30,start_thres=1.25,min_cluster_size=3",hub,0.25,100,21,40,1730,34,0,6,1730,0.85,0.0,1.0,0.0,0.2562368539246646
fbc_tfnbs,"e=1.5,h=1.0,n=30,start_thres=1.25,min_cluster_size=3",hub,0.25,100,21,40,1730,35,0,5,1730,0.875,0.0,1.0,0.0,0.2562368539246646
fbc_tfnbs,"e=1.5,h=2.0,n=30,start_thres=1.25,min_cluster_size=3",hub,0.25,100,21,40,1730,39,0,1,1730,0.975,0.0,1.0,0.0,0.2562368539246646
fbc_tfnbs,"e=1.5,h=3.0,n=30,start_thres=1.25,min_cluster_size=3",hub,0.25,100,21,40,1730,40,0,0,1730,1.0,0.0,1.0,0.0,0.2562368539246646
fbc_tfnbs,"e=1.5,h=4.0,n=30,start_thres=1.25,min_cluster_size=3",hub,0.25,100,21,40,1730,40,0,0,1730,1.0,0.0,1.0,0.0,0.2562368539246646
fbc_tfnbs,"e=1.5,h=5.0,n=30,start_thres=1.25,min_cluster_size=3",hub,0.25,100,21,40,1730,40,0,0,1730,1.0,0.0,1.0,0.0,0.2562368539246646
fbc_tfnbs,"e=1.5,h=6.0,n=30,start_thres=1.25,min_cluster_size=3",hub,0.25,100,21,40,1730,40,0,0,1730,1.0,0.0,1.0,0.0,0.2562368539246646
fbc_tfnbs,"e=1.5,h=7.0,n=30,start_thres=1.25,min_cluster_size=3",hub,0.25,100,21,40,1730,40,0,0,1730,1.0,0.0,1.0,0.0,0.2562368539246646
fbc_tfnbs,"e=1.5,h=8.0,n=30,start_thres=1.25,min_cluster_size=3",hub,0.25,100,21,40,1730,40,0,0,1730,1.0,0.0,1.0,0.0,0.2562368539246646
fbc_tfnbs,"e=1.5,h=9.0,n=30,start_thres=1.25,min_cluster_size=3",hub,0.25,100,21,40,1730,40,0,0,1730,1.0,0.0,1.0,0.0,0.2562368539246646
fbc_tfnbs,"e=1.5,h=10.0,n=30,start_thres=1.25,min_cluster_size=3",hub,0.25,100,21,40,1730,40,0,0,1730,1.0,0.0,1.0,0.0,0.2562368539246646
fbc_tfnbs,"e=0.05,h=0.5,n=30,start_thres=1.25,min_cluster_size=3",hub,0.25,100,22,40,1730,36,1,4,1729,0.9,0.0005780346820809,0.972972972972973,0.027027027027027,0.2584844773465937
fbc_tfnbs,"e=0.05,h=1.0,n=30,start_thres=1.25,min_cluster_size=3",hub,0.25,100,22,40,1730,36,1,4,1729,0.9,0.0005780346820809,0.972972972972973,0.027027027027027,0.2584844773465937
fbc_tfnbs,"e=0.05,h=2.0,n=30,start_thres=1.25,min_cluster_size=3",hub,0.25,100,22,40,1730,36,1,4,1729,0.9,0.0005780346820809,0.972972972972973,0.027027027027027,0.2584844773465937
fbc_tfnbs,"e=0.05,h=3.0,n=30,start_thres=1.25,min_cluster_size=3",hub,0.25,100,22,40,1730,36,1,4,1729,0.9,0.0005780346820809,0.972972972972973,0.027027027027027,0.2584844773465937
fbc_tfnbs,"e=0.05,h=4.0,n=30,start_thres=1.25,min_cluster_size=3",hub,0.25,100,22,40,1730,36,1,4,1729,0.9,0.0005780346820809,0.972972972972973,0.027027027027027,0.2584844773465937
fbc_tfnbs,"e=0.05,h=5.0,n=30,start_thres=1.25,min_cluster_size=3",hub,0.25,100,22,40,1730,36,1,4,1729,0.9,0.0005780346820809,0.972972972972973,0.027027027027027,0.2584844773465937
fbc_tfnbs,"e=0.05,h=6.0,n=30,start_thres=1.25,min_cluster_size=3",hub,0.25,100,22,40,1730,36,1,4,1729,0.9,0.0005780346820809,0.972972972972973,0.027027027027027,0.2584844773465937
fbc_tfnbs,"e=0.05,h=7.0,n=30,start_thres=1.25,min_cluster_size=3",hub,0.25,100,22,40,1730,36,1,4,1729,0.9,0.0005780346820809,0.972972972972973,0.027027027027027,0.2584844773465937
fbc_tfnbs,"e=0.05,h=8.0,n=30,start_thres=1.25,min_cluster_size=3",hub,0.25,100,22,40,1730,36,1,4,1729,0.9,0.0005780346820809,0.972972972972973,0.027027027027027,0.2584844773465937
fbc_tfnbs,"e=0.05,h=9.0,n=30,start_thres=1.25,min_cluster_size=3",hub,0.25,100,22,40,1730,36,1,4,1729,0.9,0.0005780346820809,0.972972972972973,0.027027027027027,0.2584844773465937
fbc_tfnbs,"e=0.05,h=10.0,n=30,start_thres=1.25,min_cluster_size=3",hub,0.25,100,22,40,1730,36,1,4,1729,0.9,0.0005780346820809,0.972972972972973,0.027027027027027,0.2584844773465937
fbc_tfnbs,"e=0.1,h=0.5,n=30,start_thres=1.25,min_cluster_size=3",hub,0.25,100,22,40,1730,36,1,4,1729,0.9,0.0005780346820809,0.972972972972973,0.027027027027027,0.2584844773465937
fbc_tfnbs,"e=0.1,h=1.0,n=30,start_thres=1.25,min_cluster_size=3",hub,0.25,100,22,40,1730,36,1,4,1729,0.9,0.0005780346820809,0.972972972972973,0.027027027027027,0.2584844773465937
fbc_tfnbs,"e=0.1,h=2.0,n=30,start_thres=1.25,min_cluster_size=3",hub,0.25,100,22,40,1730,36,1,4,1729,0.9,0.0005780346820809,0.972972972972973,0.027027027027027,0.2584844773465937
fbc_tfnbs,"e=0.1,h=3.0,n=30,start_thres=1.25,min_cluster_size=3",hub,0.25,100,22,40,1730,36,1,4,1729,0.9,0.0005780346820809,0.972972972972973,0.027027027027027,0.2584844773465937
fbc_tfnbs,"e=0.1,h=4.0,n=30,start_thres=1.25,min_cluster_size=3",hub,0.25,100,22,40,1730,36,1,4,1729,0.9,0.0005780346820809,0.972972972972973,0.027027027027027,0.2584844773465937
fbc_tfnbs,"e=0.1,h=5.0,n=30,start_thres=1.25,min_cluster_size=3",hub,0.25,100,22,40,1730,36,1,4,1729,0.9,0.0005780346820809,0.972972972972973,0.027027027027027,0.2584844773465937
fbc_tfnbs,"e=0.1,h=6.0,n=30,start_thres=1.25,min_cluster_size=3",hub,0.25,100,22,40,1730,36,1,4,1729,0.9,0.0005780346820809,0.972972972972973,0.027027027027027,0.2584844773465937
fbc_tfnbs,"e=0.1,h=7.0,n=30,start_thres=1.25,min_cluster_size=3",hub,0.25,100,22,40,1730,36,1,4,1729,0.9,0.0005780346820809,0.972972972972973,0.027027027027027,0.2584844773465937
fbc_tfnbs,"e=0.1,h=8.0,n=30,start_thres=1.25,min_cluster_size=3",hub,0.25,100,22,40,1730,36,1,4,1729,0.9,0.0005780346820809,0.972972972972973,0.027027027027027,0.2584844773465937
fbc_tfnbs,"e=0.1,h=9.0,n=30,start_thres=1.25,min_cluster_size=3",hub,0.25,100,22,40,1730,36,1,4,1729,0.9,0.0005780346820809,0.972972972972973,0.027027027027027,0.2584844773465937
fbc_tfnbs,"e=0.1,h=10.0,n=30,start_thres=1.25,min_cluster_size=3",hub,0.25,100,22,40,1730,36,1,4,1729,0.9,0.0005780346820809,0.972972972972973,0.027027027027027,0.2584844773465937
fbc_tfnbs,"e=0.2,h=0.5,n=30,start_thres=1.25,min_cluster_size=3",hub,0.25,100,22,40,1730,36,1,4,1729,0.9,0.0005780346820809,0.972972972972973,0.027027027027027,0.2584844773465937
fbc_tfnbs,"e=0.2,h=1.0,n=30,start_thres=1.25,min_cluster_size=3",hub,0.25,100,22,40,1730,36,1,4,1729,0.9,0.0005780346820809,0.972972972972973,0.027027027027027,0.2584844773465937
fbc_tfnbs,"e=0.2,h=2.0,n=30,start_thres=1.25,min_cluster_size=3",hub,0.25,100,22,40,1730,39,1,1,1729,0.975,0.0005780346820809,0.975,0.025,0.2584844773465937
fbc_tfnbs,"e=0.2,h=3.0,n=30,start_thres=1.25,min_cluster_size=3",hub,0.25,100,22,40,1730,39,1,1,1729,0.975,0.0005780346820809,0.975,0.025,0.2584844773465937
fbc_tfnbs,"e=0.2,h=4.0,n=30,start_thres=1.25,min_cluster_size=3",hub,0.25,100,22,40,1730,39,1,1,1729,0.975,0.0005780346820809,0.975,0.025,0.2584844773465937
fbc_tfnbs,"e=0.2,h=5.0,n=30,start_thres=1.25,min_cluster_size=3",hub,0.25,100,22,40,1730,37,1,3,1729,0.925,0.0005780346820809,0.9736842105263158,0.0263157894736842,0.2584844773465937
fbc_tfnbs,"e=0.2,h=6.0,n=30,start_thres=1.25,min_cluster_size=3",hub,0.25,100,22,40,1730,36,1,4,1729,0.9,0.0005780346820809,0.972972972972973,0.027027027027027,0.2584844773465937
fbc_tfnbs,"e=0.2,h=7.0,n=30,start_thres=1.25,min_cluster_size=3",hub,0.25,100,22,40,1730,36,1,4,1729,0.9,0.0005780346820809,0.972972972972973,0.027027027027027,0.2584844773465937
fbc_tfnbs,"e=0.2,h=8.0,n=30,start_thres=1.25,min_cluster_size=3",hub,0.25,100,22,40,1730,36,1,4,1729,0.9,0.0005780346820809,0.972972972972973,0.027027027027027,0.2584844773465937
fbc_tfnbs,"e=0.2,h=9.0,n=30,start_thres=1.25,min_cluster_size=3",hub,0.25,100,22,40,1730,36,1,4,1729,0.9,0.0005780346820809,0.972972972972973,0.027027027027027,0.2584844773465937
fbc_tfnbs,"e=0.2,h=10.0,n=30,start_thres=1.25,min_cluster_size=3",hub,0.25,100,22,40,1730,36,1,4,1729,0.9,0.0005780346820809,0.972972972972973,0.027027027027027,0.2584844773465937
fbc_tfnbs,"e=0.3,h=0.5,n=30,start_thres=1.25,min_cluster_size=3",hub,0.25,100,22,40,1730,35,1,5,1729,0.875,0.0005780346820809,0.9722222222222222,0.0277777777777777,0.2584844773465937
fbc_tfnbs,"e=0.3,h=1.0,n=30,start_thres=1.25,min_cluster_size=3",hub,0.25,100,22,40,1730,39,1,1,1729,0.975,0.0005780346820809,0.975,0.025,0.2584844773465937
fbc_tfnbs,"e=0.3,h=2.0,n=30,start_thres=1.25,min_cluster_size=3",hub,0.25,100,22,40,1730,39,1,1,1729,0.975,0.0005780346820809,0.975,0.025,0.2584844773465937
fbc_tfnbs,"e=0.3,h=3.0,n=30,start_thres=1.25,min_cluster_size=3",hub,0.25,100,22,40,1730,39,1,1,1729,0.975,0.0005780346820809,0.975,0.025,0.2584844773465937
fbc_tfnbs,"e=0.3,h=4.0,n=30,start_thres=1.25,min_cluster_size=3",hub,0.25,100,22,40,1730,39,1,1,1729,0.975,0.0005780346820809,0.975,0.025,0.2584844773465937
fbc_tfnbs,"e=0.3,h=5.0,n=30,start_thres=1.25,min_cluster_size=3",hub,0.25,100,22,40,1730,39,1,1,1729,0.975,0.0005780346820809,0.975,0.025,0.2584844773465937
fbc_tfnbs,"e=0.3,h=6.0,n=30,start_thres=1.25,min_cluster_size=3",hub,0.25,100,22,40,1730,39,1,1,1729,0.975,0.0005780346820809,0.975,0.025,0.2584844773465937
fbc_tfnbs,"e=0.3,h=7.0,n=30,start_thres=1.25,min_cluster_size=3",hub,0.25,100,22,40,1730,39,1,1,1729,0.975,0.0005780346820809,0.975,0.025,0.2584844773465937
fbc_tfnbs,"e=0.3,h=8.0,n=30,start_thres=1.25,min_cluster_size=3",hub,0.25,100,22,40,1730,39,1,1,1729,0.975,0.0005780346820809,0.975,0.025,0.2584844773465937
fbc_tfnbs,"e=0.3,h=9.0,n=30,start_thres=1.25,min_cluster_size=3",hub,0.25,100,22,40,1730,39,1,1,1729,0.975,0.0005780346820809,0.975,0.025,0.2584844773465937
fbc_tfnbs,"e=0.3,h=10.0,n=30,start_thres=1.25,min_cluster_size=3",hub,0.25,100,22,40,1730,39,1,1,1729,0.975,0.0005780346820809,0.975,0.025,0.2584844773465937
fbc_tfnbs,"e=0.4,h=0.5,n=30,start_thres=1.25,min_cluster_size=3",hub,0.25,100,22,40,1730,35,1,5,1729,0.875,0.0005780346820809,0.9722222222222222,0.0277777777777777,0.2584844773465937
fbc_tfnbs,"e=0.4,h=1.0,n=30,start_thres=1.25,min_cluster_size=3",hub,0.25,100,22,40,1730,38,1,2,1729,0.95,0.0005780346820809,0.9743589743589745,0.0256410256410256,0.2584844773465937
fbc_tfnbs,"e=0.4,h=2.0,n=30,start_thres=1.25,min_cluster_size=3",hub,0.25,100,22,40,1730,39,1,1,1729,0.975,0.0005780346820809,0.975,0.025,0.2584844773465937
fbc_tfnbs,"e=0.4,h=3.0,n=30,start_thres=1.25,min_cluster_size=3",hub,0.25,100,22,40,1730,39,1,1,1729,0.975,0.0005780346820809,0.975,0.025,0.2584844773465937
fbc_tfnbs,"e=0.4,h=4.0,n=30,start_thres=1.25,min_cluster_size=3",hub,0.25,100,22,40,1730,39,1,1,1729,0.975,0.0005780346820809,0.975,0.025,0.2584844773465937
fbc_tfnbs,"e=0.4,h=5.0,n=30,start_thres=1.25,min_cluster_size=3",hub,0.25,100,22,40,1730,39,1,1,1729,0.975,0.0005780346820809,0.975,0.025,0.2584844773465937
fbc_tfnbs,"e=0.4,h=6.0,n=30,start_thres=1.25,min_cluster_size=3",hub,0.25,100,22,40,1730,39,1,1,1729,0.975,0.0005780346820809,0.975,0.025,0.2584844773465937
fbc_tfnbs,"e=0.4,h=7.0,n=30,start_thres=1.25,min_cluster_size=3",hub,0.25,100,22,40,1730,39,1,1,1729,0.975,0.0005780346820809,0.975,0.025,0.2584844773465937
fbc_tfnbs,"e=0.4,h=8.0,n=30,start_thres=1.25,min_cluster_size=3",hub,0.25,100,22,40,1730,39,1,1,1729,0.975,0.0005780346820809,0.975,0.025,0.2584844773465937
fbc_tfnbs,"e=0.4,h=9.0,n=30,start_thres=1.25,min_cluster_size=3",hub,0.25,100,22,40,1730,39,1,1,1729,0.975,0.0005780346820809,0.975,0.025,0.2584844773465937
fbc_tfnbs,"e=0.4,h=10.0,n=30,start_thres=1.25,min_cluster_size=3",hub,0.25,100,22,40,1730,39,1,1,1729,0.975,0.0005780346820809,0.975,0.025,0.2584844773465937
fbc_tfnbs,"e=0.5,h=0.5,n=30,start_thres=1.25,min_cluster_size=3",hub,0.25,100,22,40,1730,33,1,7,1729,0.825,0.0005780346820809,0.9705882352941176,0.0294117647058823,0.2584844773465937
fbc_tfnbs,"e=0.5,h=1.0,n=30,start_thres=1.25,min_cluster_size=3",hub,0.25,100,22,40,1730,36,1,4,1729,0.9,0.0005780346820809,0.972972972972973,0.027027027027027,0.2584844773465937
fbc_tfnbs,"e=0.5,h=2.0,n=30,start_thres=1.25,min_cluster_size=3",hub,0.25,100,22,40,1730,39,1,1,1729,0.975,0.0005780346820809,0.975,0.025,0.2584844773465937
fbc_tfnbs,"e=0.5,h=3.0,n=30,start_thres=1.25,min_cluster_size=3",hub,0.25,100,22,40,1730,39,1,1,1729,0.975,0.0005780346820809,0.975,0.025,0.2584844773465937
fbc_tfnbs,"e=0.5,h=4.0,n=30,start_thres=1.25,min_cluster_size=3",hub,0.25,100,22,40,1730,39,1,1,1729,0.975,0.0005780346820809,0.975,0.025,0.2584844773465937
fbc_tfnbs,"e=0.5,h=5.0,n=30,start_thres=1.25,min_cluster_size=3",hub,0.25,100,22,40,1730,39,1,1,1729,0.975,0.0005780346820809,0.975,0.025,0.2584844773465937
fbc_tfnbs,"e=0.5,h=6.0,n=30,start_thres=1.25,min_cluster_size=3",hub,0.25,100,22,40,1730,39,1,1,1729,0.975,0.0005780346820809,0.975,0.025,0.2584844773465937
fbc_tfnbs,"e=0.5,h=7.0,n=30,start_thres=1.25,min_cluster_size=3",hub,0.25,100,22,40,1730,39,1,1,1729,0.975,0.0005780346820809,0.975,0.025,0.2584844773465937
fbc_tfnbs,"e=0.5,h=8.0,n=30,start_thres=1.25,min_cluster_size=3",hub,0.25,100,22,40,1730,39,1,1,1729,0.975,0.0005780346820809,0.975,0.025,0.2584844773465937
fbc_tfnbs,"e=0.5,h=9.0,n=30,start_thres=1.25,min_cluster_size=3",hub,0.25,100,22,40,1730,39,1,1,1729,0.975,0.0005780346820809,0.975,0.025,0.2584844773465937
fbc_tfnbs,"e=0.5,h=10.0,n=30,start_thres=1.25,min_cluster_size=3",hub,0.25,100,22,40,1730,39,1,1,1729,0.975,0.0005780346820809,0.975,0.025,0.2584844773465937
fbc_tfnbs,"e=0.6,h=0.5,n=30,start_thres=1.25,min_cluster_size=3",hub,0.25,100,22,40,1730,33,1,7,1729,0.825,0.0005780346820809,0.9705882352941176,0.0294117647058823,0.2584844773465937
fbc_tfnbs,"e=0.6,h=1.0,n=30,start_thres=1.25,min_cluster_size=3",hub,0.25,100,22,40,1730,33,1,7,1729,0.825,0.0005780346820809,0.9705882352941176,0.0294117647058823,0.2584844773465937
fbc_tfnbs,"e=0.6,h=2.0,n=30,start_thres=1.25,min_cluster_size=3",hub,0.25,100,22,40,1730,39,1,1,1729,0.975,0.0005780346820809,0.975,0.025,0.2584844773465937
fbc_tfnbs,"e=0.6,h=3.0,n=30,start_thres=1.25,min_cluster_size=3",hub,0.25,100,22,40,1730,39,1,1,1729,0.975,0.0005780346820809,0.975,0.025,0.2584844773465937
fbc_tfnbs,"e=0.6,h=4.0,n=30,start_thres=1.25,min_cluster_size=3",hub,0.25,100,22,40,1730,39,1,1,1729,0.975,0.0005780346820809,0.975,0.025,0.2584844773465937
fbc_tfnbs,"e=0.6,h=5.0,n=30,start_thres=1.25,min_cluster_size=3",hub,0.25,100,22,40,1730,39,1,1,1729,0.975,0.0005780346820809,0.975,0.025,0.2584844773465937
fbc_tfnbs,"e=0.6,h=6.0,n=30,start_thres=1.25,min_cluster_size=3",hub,0.25,100,22,40,1730,39,1,1,1729,0.975,0.0005780346820809,0.975,0.025,0.2584844773465937
fbc_tfnbs,"e=0.6,h=7.0,n=30,start_thres=1.25,min_cluster_size=3",hub,0.25,100,22,40,1730,39,1,1,1729,0.975,0.0005780346820809,0.975,0.025,0.2584844773465937
fbc_tfnbs,"e=0.6,h=8.0,n=30,start_thres=1.25,min_cluster_size=3",hub,0.25,100,22,40,1730,39,1,1,1729,0.975,0.0005780346820809,0.975,0.025,0.2584844773465937
fbc_tfnbs,"e=0.6,h=9.0,n=30,start_thres=1.25,min_cluster_size=3",hub,0.25,100,22,40,1730,39,1,1,1729,0.975,0.0005780346820809,0.975,0.025,0.2584844773465937
fbc_tfnbs,"e=0.6,h=10.0,n=30,start_thres=1.25,min_cluster_size=3",hub,0.25,100,22,40,1730,39,1,1,1729,0.975,0.0005780346820809,0.975,0.025,0.2584844773465937
fbc_tfnbs,"e=0.7,h=0.5,n=30,start_thres=1.25,min_cluster_size=3",hub,0.25,100,22,40,1730,33,1,7,1729,0.825,0.0005780346820809,0.9705882352941176,0.0294117647058823,0.2584844773465937
fbc_tfnbs,"e=0.7,h=1.0,n=30,start_thres=1.25,min_cluster_size=3",hub,0.25,100,22,40,1730,33,1,7,1729,0.825,0.0005780346820809,0.9705882352941176,0.0294117647058823,0.2584844773465937
fbc_tfnbs,"e=0.7,h=2.0,n=30,start_thres=1.25,min_cluster_size=3",hub,0.25,100,22,40,1730,38,1,2,1729,0.95,0.0005780346820809,0.9743589743589745,0.0256410256410256,0.2584844773465937
fbc_tfnbs,"e=0.7,h=3.0,n=30,start_thres=1.25,min_cluster_size=3",hub,0.25,100,22,40,1730,39,1,1,1729,0.975,0.0005780346820809,0.975,0.025,0.2584844773465937
fbc_tfnbs,"e=0.7,h=4.0,n=30,start_thres=1.25,min_cluster_size=3",hub,0.25,100,22,40,1730,39,1,1,1729,0.975,0.0005780346820809,0.975,0.025,0.2584844773465937
fbc_tfnbs,"e=0.7,h=5.0,n=30,start_thres=1.25,min_cluster_size=3",hub,0.25,100,22,40,1730,39,1,1,1729,0.975,0.0005780346820809,0.975,0.025,0.2584844773465937
fbc_tfnbs,"e=0.7,h=6.0,n=30,start_thres=1.25,min_cluster_size=3",hub,0.25,100,22,40,1730,39,1,1,1729,0.975,0.0005780346820809,0.975,0.025,0.2584844773465937
fbc_tfnbs,"e=0.7,h=7.0,n=30,start_thres=1.25,min_cluster_size=3",hub,0.25,100,22,40,1730,39,1,1,1729,0.975,0.0005780346820809,0.975,0.025,0.2584844773465937
fbc_tfnbs,"e=0.7,h=8.0,n=30,start_thres=1.25,min_cluster_size=3",hub,0.25,100,22,40,1730,39,1,1,1729,0.975,0.0005780346820809,0.975,0.025,0.2584844773465937
fbc_tfnbs,"e=0.7,h=9.0,n=30,start_thres=1.25,min_cluster_size=3",hub,0.25,100,22,40,1730,39,1,1,1729,0.975,0.0005780346820809,0.975,0.025,0.2584844773465937
fbc_tfnbs,"e=0.7,h=10.0,n=30,start_thres=1.25,min_cluster_size=3",hub,0.25,100,22,40,1730,39,1,1,1729,0.975,0.0005780346820809,0.975,0.025,0.2584844773465937
fbc_tfnbs,"e=0.8,h=0.5,n=30,start_thres=1.25,min_cluster_size=3",hub,0.25,100,22,40,1730,32,1,8,1729,0.8,0.0005780346820809,0.9696969696969696,0.0303030303030303,0.2584844773465937
fbc_tfnbs,"e=0.8,h=1.0,n=30,start_thres=1.25,min_cluster_size=3",hub,0.25,100,22,40,1730,33,1,7,1729,0.825,0.0005780346820809,0.9705882352941176,0.0294117647058823,0.2584844773465937
fbc_tfnbs,"e=0.8,h=2.0,n=30,start_thres=1.25,min_cluster_size=3",hub,0.25,100,22,40,1730,38,1,2,1729,0.95,0.0005780346820809,0.9743589743589745,0.0256410256410256,0.2584844773465937
fbc_tfnbs,"e=0.8,h=3.0,n=30,start_thres=1.25,min_cluster_size=3",hub,0.25,100,22,40,1730,39,1,1,1729,0.975,0.0005780346820809,0.975,0.025,0.2584844773465937
fbc_tfnbs,"e=0.8,h=4.0,n=30,start_thres=1.25,min_cluster_size=3",hub,0.25,100,22,40,1730,39,1,1,1729,0.975,0.0005780346820809,0.975,0.025,0.2584844773465937
fbc_tfnbs,"e=0.8,h=5.0,n=30,start_thres=1.25,min_cluster_size=3",hub,0.25,100,22,40,1730,39,1,1,1729,0.975,0.0005780346820809,0.975,0.025,0.2584844773465937
fbc_tfnbs,"e=0.8,h=6.0,n=30,start_thres=1.25,min_cluster_size=3",hub,0.25,100,22,40,1730,39,1,1,1729,0.975,0.0005780346820809,0.975,0.025,0.2584844773465937
fbc_tfnbs,"e=0.8,h=7.0,n=30,start_thres=1.25,min_cluster_size=3",hub,0.25,100,22,40,1730,39,1,1,1729,0.975,0.0005780346820809,0.975,0.025,0.2584844773465937
fbc_tfnbs,"e=0.8,h=8.0,n=30,start_thres=1.25,min_cluster_size=3",hub,0.25,100,22,40,1730,39,1,1,1729,0.975,0.0005780346820809,0.975,0.025,0.2584844773465937
fbc_tfnbs,"e=0.8,h=9.0,n=30,start_thres=1.25,min_cluster_size=3",hub,0.25,100,22,40,1730,39,1,1,1729,0.975,0.0005780346820809,0.975,0.025,0.2584844773465937
fbc_tfnbs,"e=0.8,h=10.0,n=30,start_thres=1.25,min_cluster_size=3",hub,0.25,100,22,40,1730,39,1,1,1729,0.975,0.0005780346820809,0.975,0.025,0.2584844773465937
fbc_tfnbs,"e=0.9,h=0.5,n=30,start_thres=1.25,min_cluster_size=3",hub,0.25,100,22,40,1730,29,1,11,1729,0.725,0.0005780346820809,0.9666666666666668,0.0333333333333333,0.2584844773465937
fbc_tfnbs,"e=0.9,h=1.0,n=30,start_thres=1.25,min_cluster_size=3",hub,0.25,100,22,40,1730,33,1,7,1729,0.825,0.0005780346820809,0.9705882352941176,0.0294117647058823,0.2584844773465937
fbc_tfnbs,"e=0.9,h=2.0,n=30,start_thres=1.25,min_cluster_size=3",hub,0.25,100,22,40,1730,34,1,6,1729,0.85,0.0005780346820809,0.9714285714285714,0.0285714285714285,0.2584844773465937
fbc_tfnbs,"e=0.9,h=3.0,n=30,start_thres=1.25,min_cluster_size=3",hub,0.25,100,22,40,1730,38,1,2,1729,0.95,0.0005780346820809,0.9743589743589745,0.0256410256410256,0.2584844773465937
fbc_tfnbs,"e=0.9,h=4.0,n=30,start_thres=1.25,min_cluster_size=3",hub,0.25,100,22,40,1730,39,1,1,1729,0.975,0.0005780346820809,0.975,0.025,0.2584844773465937
fbc_tfnbs,"e=0.9,h=5.0,n=30,start_thres=1.25,min_cluster_size=3",hub,0.25,100,22,40,1730,39,1,1,1729,0.975,0.0005780346820809,0.975,0.025,0.2584844773465937
fbc_tfnbs,"e=0.9,h=6.0,n=30,start_thres=1.25,min_cluster_size=3",hub,0.25,100,22,40,1730,39,1,1,1729,0.975,0.0005780346820809,0.975,0.025,0.2584844773465937
fbc_tfnbs,"e=0.9,h=7.0,n=30,start_thres=1.25,min_cluster_size=3",hub,0.25,100,22,40,1730,39,1,1,1729,0.975,0.0005780346820809,0.975,0.025,0.2584844773465937
fbc_tfnbs,"e=0.9,h=8.0,n=30,start_thres=1.25,min_cluster_size=3",hub,0.25,100,22,40,1730,39,1,1,1729,0.975,0.0005780346820809,0.975,0.025,0.2584844773465937
fbc_tfnbs,"e=0.9,h=9.0,n=30,start_thres=1.25,min_cluster_size=3",hub,0.25,100,22,40,1730,39,1,1,1729,0.975,0.0005780346820809,0.975,0.025,0.2584844773465937
fbc_tfnbs,"e=0.9,h=10.0,n=30,start_thres=1.25,min_cluster_size=3",hub,0.25,100,22,40,1730,39,1,1,1729,0.975,0.0005780346820809,0.975,0.025,0.2584844773465937
fbc_tfnbs,"e=1.0,h=0.5,n=30,start_thres=1.25,min_cluster_size=3",hub,0.25,100,22,40,1730,25,1,15,1729,0.625,0.0005780346820809,0.9615384615384616,0.0384615384615384,0.2584844773465937
fbc_tfnbs,"e=1.0,h=1.0,n=30,start_thres=1.25,min_cluster_size=3",hub,0.25,100,22,40,1730,31,1,9,1729,0.775,0.0005780346820809,0.96875,0.03125,0.2584844773465937
fbc_tfnbs,"e=1.0,h=2.0,n=30,start_thres=1.25,min_cluster_size=3",hub,0.25,100,22,40,1730,34,1,6,1729,0.85,0.0005780346820809,0.9714285714285714,0.0285714285714285,0.2584844773465937
fbc_tfnbs,"e=1.0,h=3.0,n=30,start_thres=1.25,min_cluster_size=3",hub,0.25,100,22,40,1730,38,1,2,1729,0.95,0.0005780346820809,0.9743589743589745,0.0256410256410256,0.2584844773465937
fbc_tfnbs,"e=1.0,h=4.0,n=30,start_thres=1.25,min_cluster_size=3",hub,0.25,100,22,40,1730,39,1,1,1729,0.975,0.0005780346820809,0.975,0.025,0.2584844773465937
fbc_tfnbs,"e=1.0,h=5.0,n=30,start_thres=1.25,min_cluster_size=3",hub,0.25,100,22,40,1730,39,1,1,1729,0.975,0.0005780346820809,0.975,0.025,0.2584844773465937
fbc_tfnbs,"e=1.0,h=6.0,n=30,start_thres=1.25,min_cluster_size=3",hub,0.25,100,22,40,1730,39,1,1,1729,0.975,0.0005780346820809,0.975,0.025,0.2584844773465937
fbc_tfnbs,"e=1.0,h=7.0,n=30,start_thres=1.25,min_cluster_size=3",hub,0.25,100,22,40,1730,39,1,1,1729,0.975,0.0005780346820809,0.975,0.025,0.2584844773465937
fbc_tfnbs,"e=1.0,h=8.0,n=30,start_thres=1.25,min_cluster_size=3",hub,0.25,100,22,40,1730,39,1,1,1729,0.975,0.0005780346820809,0.975,0.025,0.2584844773465937
fbc_tfnbs,"e=1.0,h=9.0,n=30,start_thres=1.25,min_cluster_size=3",hub,0.25,100,22,40,1730,39,1,1,1729,0.975,0.0005780346820809,0.975,0.025,0.2584844773465937
fbc_tfnbs,"e=1.0,h=10.0,n=30,start_thres=1.25,min_cluster_size=3",hub,0.25,100,22,40,1730,39,1,1,1729,0.975,0.0005780346820809,0.975,0.025,0.2584844773465937
fbc_tfnbs,"e=1.1,h=0.5,n=30,start_thres=1.25,min_cluster_size=3",hub,0.25,100,22,40,1730,23,1,17,1729,0.575,0.0005780346820809,0.9583333333333334,0.0416666666666666,0.2584844773465937
fbc_tfnbs,"e=1.1,h=1.0,n=30,start_thres=1.25,min_cluster_size=3",hub,0.25,100,22,40,1730,29,1,11,1729,0.725,0.0005780346820809,0.9666666666666668,0.0333333333333333,0.2584844773465937
fbc_tfnbs,"e=1.1,h=2.0,n=30,start_thres=1.25,min_cluster_size=3",hub,0.25,100,22,40,1730,33,1,7,1729,0.825,0.0005780346820809,0.9705882352941176,0.0294117647058823,0.2584844773465937
fbc_tfnbs,"e=1.1,h=3.0,n=30,start_thres=1.25,min_cluster_size=3",hub,0.25,100,22,40,1730,38,1,2,1729,0.95,0.0005780346820809,0.9743589743589745,0.0256410256410256,0.2584844773465937
fbc_tfnbs,"e=1.1,h=4.0,n=30,start_thres=1.25,min_cluster_size=3",hub,0.25,100,22,40,1730,39,1,1,1729,0.975,0.0005780346820809,0.975,0.025,0.2584844773465937
fbc_tfnbs,"e=1.1,h=5.0,n=30,start_thres=1.25,min_cluster_size=3",hub,0.25,100,22,40,1730,39,1,1,1729,0.975,0.0005780346820809,0.975,0.025,0.2584844773465937
fbc_tfnbs,"e=1.1,h=6.0,n=30,start_thres=1.25,min_cluster_size=3",hub,0.25,100,22,40,1730,39,1,1,1729,0.975,0.0005780346820809,0.975,0.025,0.2584844773465937
fbc_tfnbs,"e=1.1,h=7.0,n=30,start_thres=1.25,min_cluster_size=3",hub,0.25,100,22,40,1730,39,1,1,1729,0.975,0.0005780346820809,0.975,0.025,0.2584844773465937
fbc_tfnbs,"e=1.1,h=8.0,n=30,start_thres=1.25,min_cluster_size=3",hub,0.25,100,22,40,1730,39,1,1,1729,0.975,0.0005780346820809,0.975,0.025,0.2584844773465937
fbc_tfnbs,"e=1.1,h=9.0,n=30,start_thres=1.25,min_cluster_size=3",hub,0.25,100,22,40,1730,39,1,1,1729,0.975,0.0005780346820809,0.975,0.025,0.2584844773465937
fbc_tfnbs,"e=1.1,h=10.0,n=30,start_thres=1.25,min_cluster_size=3",hub,0.25,100,22,40,1730,39,1,1,1729,0.975,0.0005780346820809,0.975,0.025,0.2584844773465937
fbc_tfnbs,"e=1.2,h=0.5,n=30,start_thres=1.25,min_cluster_size=3",hub,0.25,100,22,40,1730,19,1,21,1729,0.475,0.0005780346820809,0.95,0.05,0.2584844773465937
fbc_tfnbs,"e=1.2,h=1.0,n=30,start_thres=1.25,min_cluster_size=3",hub,0.25,100,22,40,1730,24,1,16,1729,0.6,0.0005780346820809,0.96,0.04,0.2584844773465937
fbc_tfnbs,"e=1.2,h=2.0,n=30,start_thres=1.25,min_cluster_size=3",hub,0.25,100,22,40,1730,33,1,7,1729,0.825,0.0005780346820809,0.9705882352941176,0.0294117647058823,0.2584844773465937
fbc_tfnbs,"e=1.2,h=3.0,n=30,start_thres=1.25,min_cluster_size=3",hub,0.25,100,22,40,1730,36,1,4,1729,0.9,0.0005780346820809,0.972972972972973,0.027027027027027,0.2584844773465937
fbc_tfnbs,"e=1.2,h=4.0,n=30,start_thres=1.25,min_cluster_size=3",hub,0.25,100,22,40,1730,38,1,2,1729,0.95,0.0005780346820809,0.9743589743589745,0.0256410256410256,0.2584844773465937
fbc_tfnbs,"e=1.2,h=5.0,n=30,start_thres=1.25,min_cluster_size=3",hub,0.25,100,22,40,1730,39,1,1,1729,0.975,0.0005780346820809,0.975,0.025,0.2584844773465937
fbc_tfnbs,"e=1.2,h=6.0,n=30,start_thres=1.25,min_cluster_size=3",hub,0.25,100,22,40,1730,39,1,1,1729,0.975,0.0005780346820809,0.975,0.025,0.2584844773465937
fbc_tfnbs,"e=1.2,h=7.0,n=30,start_thres=1.25,min_cluster_size=3",hub,0.25,100,22,40,1730,39,1,1,1729,0.975,0.0005780346820809,0.975,0.025,0.2584844773465937
fbc_tfnbs,"e=1.2,h=8.0,n=30,start_thres=1.25,min_cluster_size=3",hub,0.25,100,22,40,1730,39,1,1,1729,0.975,0.0005780346820809,0.975,0.025,0.2584844773465937
fbc_tfnbs,"e=1.2,h=9.0,n=30,start_thres=1.25,min_cluster_size=3",hub,0.25,100,22,40,1730,39,1,1,1729,0.975,0.0005780346820809,0.975,0.025,0.2584844773465937
fbc_tfnbs,"e=1.2,h=10.0,n=30,start_thres=1.25,min_cluster_size=3",hub,0.25,100,22,40,1730,39,1,1,1729,0.975,0.0005780346820809,0.975,0.025,0.2584844773465937
fbc_tfnbs,"e=1.3,h=0.5,n=30,start_thres=1.25,min_cluster_size=3",hub,0.25,100,22,40,1730,11,1,29,1729,0.275,0.0005780346820809,0.9166666666666666,0.0833333333333333,0.2584844773465937
fbc_tfnbs,"e=1.3,h=1.0,n=30,start_thres=1.25,min_cluster_size=3",hub,0.25,100,22,40,1730,21,1,19,1729,0.525,0.0005780346820809,0.9545454545454546,0.0454545454545454,0.2584844773465937
fbc_tfnbs,"e=1.3,h=2.0,n=30,start_thres=1.25,min_cluster_size=3",hub,0.25,100,22,40,1730,33,1,7,1729,0.825,0.0005780346820809,0.9705882352941176,0.0294117647058823,0.2584844773465937
fbc_tfnbs,"e=1.3,h=3.0,n=30,start_thres=1.25,min_cluster_size=3",hub,0.25,100,22,40,1730,34,1,6,1729,0.85,0.0005780346820809,0.9714285714285714,0.0285714285714285,0.2584844773465937
fbc_tfnbs,"e=1.3,h=4.0,n=30,start_thres=1.25,min_cluster_size=3",hub,0.25,100,22,40,1730,38,1,2,1729,0.95,0.0005780346820809,0.9743589743589745,0.0256410256410256,0.2584844773465937
fbc_tfnbs,"e=1.3,h=5.0,n=30,start_thres=1.25,min_cluster_size=3",hub,0.25,100,22,40,1730,39,1,1,1729,0.975,0.0005780346820809,0.975,0.025,0.2584844773465937
fbc_tfnbs,"e=1.3,h=6.0,n=30,start_thres=1.25,min_cluster_size=3",hub,0.25,100,22,40,1730,39,1,1,1729,0.975,0.0005780346820809,0.975,0.025,0.2584844773465937
fbc_tfnbs,"e=1.3,h=7.0,n=30,start_thres=1.25,min_cluster_size=3",hub,0.25,100,22,40,1730,39,1,1,1729,0.975,0.0005780346820809,0.975,0.025,0.2584844773465937
fbc_tfnbs,"e=1.3,h=8.0,n=30,start_thres=1.25,min_cluster_size=3",hub,0.25,100,22,40,1730,39,1,1,1729,0.975,0.0005780346820809,0.975,0.025,0.2584844773465937
fbc_tfnbs,"e=1.3,h=9.0,n=30,start_thres=1.25,min_cluster_size=3",hub,0.25,100,22,40,1730,39,1,1,1729,0.975,0.0005780346820809,0.975,0.025,0.2584844773465937
fbc_tfnbs,"e=1.3,h=10.0,n=30,start_thres=1.25,min_cluster_size=3",hub,0.25,100,22,40,1730,39,1,1,1729,0.975,0.0005780346820809,0.975,0.025,0.2584844773465937
fbc_tfnbs,"e=1.4,h=0.5,n=30,start_thres=1.25,min_cluster_size=3",hub,0.25,100,22,40,1730,3,1,37,1729,0.075,0.0005780346820809,0.75,0.25,0.2584844773465937
fbc_tfnbs,"e=1.4,h=1.0,n=30,start_thres=1.25,min_cluster_size=3",hub,0.25,100,22,40,1730,19,1,21,1729,0.475,0.0005780346820809,0.95,0.05,0.2584844773465937
fbc_tfnbs,"e=1.4,h=2.0,n=30,start_thres=1.25,min_cluster_size=3",hub,0.25,100,22,40,1730,29,1,11,1729,0.725,0.0005780346820809,0.9666666666666668,0.0333333333333333,0.2584844773465937
fbc_tfnbs,"e=1.4,h=3.0,n=30,start_thres=1.25,min_cluster_size=3",hub,0.25,100,22,40,1730,34,1,6,1729,0.85,0.0005780346820809,0.9714285714285714,0.0285714285714285,0.2584844773465937
fbc_tfnbs,"e=1.4,h=4.0,n=30,start_thres=1.25,min_cluster_size=3",hub,0.25,100,22,40,1730,38,1,2,1729,0.95,0.0005780346820809,0.9743589743589745,0.0256410256410256,0.2584844773465937
fbc_tfnbs,"e=1.4,h=5.0,n=30,start_thres=1.25,min_cluster_size=3",hub,0.25,100,22,40,1730,39,1,1,1729,0.975,0.0005780346820809,0.975,0.025,0.2584844773465937
fbc_tfnbs,"e=1.4,h=6.0,n=30,start_thres=1.25,min_cluster_size=3",hub,0.25,100,22,40,1730,39,1,1,1729,0.975,0.0005780346820809,0.975,0.025,0.2584844773465937
fbc_tfnbs,"e=1.4,h=7.0,n=30,start_thres=1.25,min_cluster_size=3",hub,0.25,100,22,40,1730,39,1,1,1729,0.975,0.0005780346820809,0.975,0.025,0.2584844773465937
fbc_tfnbs,"e=1.4,h=8.0,n=30,start_thres=1.25,min_cluster_size=3",hub,0.25,100,22,40,1730,39,1,1,1729,0.975,0.0005780346820809,0.975,0.025,0.2584844773465937
fbc_tfnbs,"e=1.4,h=9.0,n=30,start_thres=1.25,min_cluster_size=3",hub,0.25,100,22,40,1730,39,1,1,1729,0.975,0.0005780346820809,0.975,0.025,0.2584844773465937
fbc_tfnbs,"e=1.4,h=10.0,n=30,start_thres=1.25,min_cluster_size=3",hub,0.25,100,22,40,1730,39,1,1,1729,0.975,0.0005780346820809,0.975,0.025,0.2584844773465937
fbc_tfnbs,"e=1.5,h=0.5,n=30,start_thres=1.25,min_cluster_size=3",hub,0.25,100,22,40,1730,0,0,40,1730,0.0,0.0,0.0,0.0,0.2584844773465937
fbc_tfnbs,"e=1.5,h=1.0,n=30,start_thres=1.25,min_cluster_size=3",hub,0.25,100,22,40,1730,11,1,29,1729,0.275,0.0005780346820809,0.9166666666666666,0.0833333333333333,0.2584844773465937
fbc_tfnbs,"e=1.5,h=2.0,n=30,start_thres=1.25,min_cluster_size=3",hub,0.25,100,22,40,1730,26,1,14,1729,0.65,0.0005780346820809,0.9629629629629628,0.037037037037037,0.2584844773465937
fbc_tfnbs,"e=1.5,h=3.0,n=30,start_thres=1.25,min_cluster_size=3",hub,0.25,100,22,40,1730,33,1,7,1729,0.825,0.0005780346820809,0.9705882352941176,0.0294117647058823,0.2584844773465937
fbc_tfnbs,"e=1.5,h=4.0,n=30,start_thres=1.25,min_cluster_size=3",hub,0.25,100,22,40,1730,38,1,2,1729,0.95,0.0005780346820809,0.9743589743589745,0.0256410256410256,0.2584844773465937
fbc_tfnbs,"e=1.5,h=5.0,n=30,start_thres=1.25,min_cluster_size=3",hub,0.25,100,22,40,1730,39,1,1,1729,0.975,0.0005780346820809,0.975,0.025,0.2584844773465937
fbc_tfnbs,"e=1.5,h=6.0,n=30,start_thres=1.25,min_cluster_size=3",hub,0.25,100,22,40,1730,39,1,1,1729,0.975,0.0005780346820809,0.975,0.025,0.2584844773465937
fbc_tfnbs,"e=1.5,h=7.0,n=30,start_thres=1.25,min_cluster_size=3",hub,0.25,100,22,40,1730,39,1,1,1729,0.975,0.0005780346820809,0.975,0.025,0.2584844773465937
fbc_tfnbs,"e=1.5,h=8.0,n=30,start_thres=1.25,min_cluster_size=3",hub,0.25,100,22,40,1730,39,1,1,1729,0.975,0.0005780346820809,0.975,0.025,0.2584844773465937
fbc_tfnbs,"e=1.5,h=9.0,n=30,start_thres=1.25,min_cluster_size=3",hub,0.25,100,22,40,1730,39,1,1,1729,0.975,0.0005780346820809,0.975,0.025,0.2584844773465937
fbc_tfnbs,"e=1.5,h=10.0,n=30,start_thres=1.25,min_cluster_size=3",hub,0.25,100,22,40,1730,39,1,1,1729,0.975,0.0005780346820809,0.975,0.025,0.2584844773465937
fbc_tfnbs,"e=0.05,h=0.5,n=30,start_thres=1.25,min_cluster_size=3",hub,0.25,100,23,40,1730,37,1,3,1729,0.925,0.0005780346820809,0.9736842105263158,0.0263157894736842,0.2620281468738209
fbc_tfnbs,"e=0.05,h=1.0,n=30,start_thres=1.25,min_cluster_size=3",hub,0.25,100,23,40,1730,37,1,3,1729,0.925,0.0005780346820809,0.9736842105263158,0.0263157894736842,0.2620281468738209
fbc_tfnbs,"e=0.05,h=2.0,n=30,start_thres=1.25,min_cluster_size=3",hub,0.25,100,23,40,1730,37,1,3,1729,0.925,0.0005780346820809,0.9736842105263158,0.0263157894736842,0.2620281468738209
fbc_tfnbs,"e=0.05,h=3.0,n=30,start_thres=1.25,min_cluster_size=3",hub,0.25,100,23,40,1730,37,1,3,1729,0.925,0.0005780346820809,0.9736842105263158,0.0263157894736842,0.2620281468738209
fbc_tfnbs,"e=0.05,h=4.0,n=30,start_thres=1.25,min_cluster_size=3",hub,0.25,100,23,40,1730,37,1,3,1729,0.925,0.0005780346820809,0.9736842105263158,0.0263157894736842,0.2620281468738209
fbc_tfnbs,"e=0.05,h=5.0,n=30,start_thres=1.25,min_cluster_size=3",hub,0.25,100,23,40,1730,37,1,3,1729,0.925,0.0005780346820809,0.9736842105263158,0.0263157894736842,0.2620281468738209
fbc_tfnbs,"e=0.05,h=6.0,n=30,start_thres=1.25,min_cluster_size=3",hub,0.25,100,23,40,1730,37,1,3,1729,0.925,0.0005780346820809,0.9736842105263158,0.0263157894736842,0.2620281468738209
fbc_tfnbs,"e=0.05,h=7.0,n=30,start_thres=1.25,min_cluster_size=3",hub,0.25,100,23,40,1730,37,1,3,1729,0.925,0.0005780346820809,0.9736842105263158,0.0263157894736842,0.2620281468738209
fbc_tfnbs,"e=0.05,h=8.0,n=30,start_thres=1.25,min_cluster_size=3",hub,0.25,100,23,40,1730,37,1,3,1729,0.925,0.0005780346820809,0.9736842105263158,0.0263157894736842,0.2620281468738209
fbc_tfnbs,"e=0.05,h=9.0,n=30,start_thres=1.25,min_cluster_size=3",hub,0.25,100,23,40,1730,37,1,3,1729,0.925,0.0005780346820809,0.9736842105263158,0.0263157894736842,0.2620281468738209
fbc_tfnbs,"e=0.05,h=10.0,n=30,start_thres=1.25,min_cluster_size=3",hub,0.25,100,23,40,1730,37,1,3,1729,0.925,0.0005780346820809,0.9736842105263158,0.0263157894736842,0.2620281468738209
fbc_tfnbs,"e=0.1,h=0.5,n=30,start_thres=1.25,min_cluster_size=3",hub,0.25,100,23,40,1730,37,1,3,1729,0.925,0.0005780346820809,0.9736842105263158,0.0263157894736842,0.2620281468738209
fbc_tfnbs,"e=0.1,h=1.0,n=30,start_thres=1.25,min_cluster_size=3",hub,0.25,100,23,40,1730,37,1,3,1729,0.925,0.0005780346820809,0.9736842105263158,0.0263157894736842,0.2620281468738209
fbc_tfnbs,"e=0.1,h=2.0,n=30,start_thres=1.25,min_cluster_size=3",hub,0.25,100,23,40,1730,37,1,3,1729,0.925,0.0005780346820809,0.9736842105263158,0.0263157894736842,0.2620281468738209
fbc_tfnbs,"e=0.1,h=3.0,n=30,start_thres=1.25,min_cluster_size=3",hub,0.25,100,23,40,1730,37,1,3,1729,0.925,0.0005780346820809,0.9736842105263158,0.0263157894736842,0.2620281468738209
fbc_tfnbs,"e=0.1,h=4.0,n=30,start_thres=1.25,min_cluster_size=3",hub,0.25,100,23,40,1730,37,1,3,1729,0.925,0.0005780346820809,0.9736842105263158,0.0263157894736842,0.2620281468738209
fbc_tfnbs,"e=0.1,h=5.0,n=30,start_thres=1.25,min_cluster_size=3",hub,0.25,100,23,40,1730,37,1,3,1729,0.925,0.0005780346820809,0.9736842105263158,0.0263157894736842,0.2620281468738209
fbc_tfnbs,"e=0.1,h=6.0,n=30,start_thres=1.25,min_cluster_size=3",hub,0.25,100,23,40,1730,37,1,3,1729,0.925,0.0005780346820809,0.9736842105263158,0.0263157894736842,0.2620281468738209
fbc_tfnbs,"e=0.1,h=7.0,n=30,start_thres=1.25,min_cluster_size=3",hub,0.25,100,23,40,1730,37,1,3,1729,0.925,0.0005780346820809,0.9736842105263158,0.0263157894736842,0.2620281468738209
fbc_tfnbs,"e=0.1,h=8.0,n=30,start_thres=1.25,min_cluster_size=3",hub,0.25,100,23,40,1730,37,1,3,1729,0.925,0.0005780346820809,0.9736842105263158,0.0263157894736842,0.2620281468738209
fbc_tfnbs,"e=0.1,h=9.0,n=30,start_thres=1.25,min_cluster_size=3",hub,0.25,100,23,40,1730,37,1,3,1729,0.925,0.0005780346820809,0.9736842105263158,0.0263157894736842,0.2620281468738209
fbc_tfnbs,"e=0.1,h=10.0,n=30,start_thres=1.25,min_cluster_size=3",hub,0.25,100,23,40,1730,37,1,3,1729,0.925,0.0005780346820809,0.9736842105263158,0.0263157894736842,0.2620281468738209
fbc_tfnbs,"e=0.2,h=0.5,n=30,start_thres=1.25,min_cluster_size=3",hub,0.25,100,23,40,1730,37,1,3,1729,0.925,0.0005780346820809,0.9736842105263158,0.0263157894736842,0.2620281468738209
fbc_tfnbs,"e=0.2,h=1.0,n=30,start_thres=1.25,min_cluster_size=3",hub,0.25,100,23,40,1730,37,1,3,1729,0.925,0.0005780346820809,0.9736842105263158,0.0263157894736842,0.2620281468738209
fbc_tfnbs,"e=0.2,h=2.0,n=30,start_thres=1.25,min_cluster_size=3",hub,0.25,100,23,40,1730,37,1,3,1729,0.925,0.0005780346820809,0.9736842105263158,0.0263157894736842,0.2620281468738209
fbc_tfnbs,"e=0.2,h=3.0,n=30,start_thres=1.25,min_cluster_size=3",hub,0.25,100,23,40,1730,37,1,3,1729,0.925,0.0005780346820809,0.9736842105263158,0.0263157894736842,0.2620281468738209
fbc_tfnbs,"e=0.2,h=4.0,n=30,start_thres=1.25,min_cluster_size=3",hub,0.25,100,23,40,1730,37,1,3,1729,0.925,0.0005780346820809,0.9736842105263158,0.0263157894736842,0.2620281468738209
fbc_tfnbs,"e=0.2,h=5.0,n=30,start_thres=1.25,min_cluster_size=3",hub,0.25,100,23,40,1730,37,1,3,1729,0.925,0.0005780346820809,0.9736842105263158,0.0263157894736842,0.2620281468738209
fbc_tfnbs,"e=0.2,h=6.0,n=30,start_thres=1.25,min_cluster_size=3",hub,0.25,100,23,40,1730,37,1,3,1729,0.925,0.0005780346820809,0.9736842105263158,0.0263157894736842,0.2620281468738209
fbc_tfnbs,"e=0.2,h=7.0,n=30,start_thres=1.25,min_cluster_size=3",hub,0.25,100,23,40,1730,37,1,3,1729,0.925,0.0005780346820809,0.9736842105263158,0.0263157894736842,0.2620281468738209
fbc_tfnbs,"e=0.2,h=8.0,n=30,start_thres=1.25,min_cluster_size=3",hub,0.25,100,23,40,1730,37,1,3,1729,0.925,0.0005780346820809,0.9736842105263158,0.0263157894736842,0.2620281468738209
fbc_tfnbs,"e=0.2,h=9.0,n=30,start_thres=1.25,min_cluster_size=3",hub,0.25,100,23,40,1730,37,1,3,1729,0.925,0.0005780346820809,0.9736842105263158,0.0263157894736842,0.2620281468738209
fbc_tfnbs,"e=0.2,h=10.0,n=30,start_thres=1.25,min_cluster_size=3",hub,0.25,100,23,40,1730,37,1,3,1729,0.925,0.0005780346820809,0.9736842105263158,0.0263157894736842,0.2620281468738209
fbc_tfnbs,"e=0.3,h=0.5,n=30,start_thres=1.25,min_cluster_size=3",hub,0.25,100,23,40,1730,37,1,3,1729,0.925,0.0005780346820809,0.9736842105263158,0.0263157894736842,0.2620281468738209
fbc_tfnbs,"e=0.3,h=1.0,n=30,start_thres=1.25,min_cluster_size=3",hub,0.25,100,23,40,1730,37,1,3,1729,0.925,0.0005780346820809,0.9736842105263158,0.0263157894736842,0.2620281468738209
fbc_tfnbs,"e=0.3,h=2.0,n=30,start_thres=1.25,min_cluster_size=3",hub,0.25,100,23,40,1730,37,1,3,1729,0.925,0.0005780346820809,0.9736842105263158,0.0263157894736842,0.2620281468738209
fbc_tfnbs,"e=0.3,h=3.0,n=30,start_thres=1.25,min_cluster_size=3",hub,0.25,100,23,40,1730,37,2,3,1728,0.925,0.0011560693641618,0.9487179487179488,0.0512820512820512,0.2620281468738209
fbc_tfnbs,"e=0.3,h=4.0,n=30,start_thres=1.25,min_cluster_size=3",hub,0.25,100,23,40,1730,37,2,3,1728,0.925,0.0011560693641618,0.9487179487179488,0.0512820512820512,0.2620281468738209
fbc_tfnbs,"e=0.3,h=5.0,n=30,start_thres=1.25,min_cluster_size=3",hub,0.25,100,23,40,1730,37,2,3,1728,0.925,0.0011560693641618,0.9487179487179488,0.0512820512820512,0.2620281468738209
fbc_tfnbs,"e=0.3,h=6.0,n=30,start_thres=1.25,min_cluster_size=3",hub,0.25,100,23,40,1730,37,2,3,1728,0.925,0.0011560693641618,0.9487179487179488,0.0512820512820512,0.2620281468738209
fbc_tfnbs,"e=0.3,h=7.0,n=30,start_thres=1.25,min_cluster_size=3",hub,0.25,100,23,40,1730,37,1,3,1729,0.925,0.0005780346820809,0.9736842105263158,0.0263157894736842,0.2620281468738209
fbc_tfnbs,"e=0.3,h=8.0,n=30,start_thres=1.25,min_cluster_size=3",hub,0.25,100,23,40,1730,37,1,3,1729,0.925,0.0005780346820809,0.9736842105263158,0.0263157894736842,0.2620281468738209
fbc_tfnbs,"e=0.3,h=9.0,n=30,start_thres=1.25,min_cluster_size=3",hub,0.25,100,23,40,1730,37,1,3,1729,0.925,0.0005780346820809,0.9736842105263158,0.0263157894736842,0.2620281468738209
fbc_tfnbs,"e=0.3,h=10.0,n=30,start_thres=1.25,min_cluster_size=3",hub,0.25,100,23,40,1730,37,1,3,1729,0.925,0.0005780346820809,0.9736842105263158,0.0263157894736842,0.2620281468738209
fbc_tfnbs,"e=0.4,h=0.5,n=30,start_thres=1.25,min_cluster_size=3",hub,0.25,100,23,40,1730,37,1,3,1729,0.925,0.0005780346820809,0.9736842105263158,0.0263157894736842,0.2620281468738209
fbc_tfnbs,"e=0.4,h=1.0,n=30,start_thres=1.25,min_cluster_size=3",hub,0.25,100,23,40,1730,37,1,3,1729,0.925,0.0005780346820809,0.9736842105263158,0.0263157894736842,0.2620281468738209
fbc_tfnbs,"e=0.4,h=2.0,n=30,start_thres=1.25,min_cluster_size=3",hub,0.25,100,23,40,1730,37,2,3,1728,0.925,0.0011560693641618,0.9487179487179488,0.0512820512820512,0.2620281468738209
fbc_tfnbs,"e=0.4,h=3.0,n=30,start_thres=1.25,min_cluster_size=3",hub,0.25,100,23,40,1730,37,2,3,1728,0.925,0.0011560693641618,0.9487179487179488,0.0512820512820512,0.2620281468738209
fbc_tfnbs,"e=0.4,h=4.0,n=30,start_thres=1.25,min_cluster_size=3",hub,0.25,100,23,40,1730,37,2,3,1728,0.925,0.0011560693641618,0.9487179487179488,0.0512820512820512,0.2620281468738209
fbc_tfnbs,"e=0.4,h=5.0,n=30,start_thres=1.25,min_cluster_size=3",hub,0.25,100,23,40,1730,38,2,2,1728,0.95,0.0011560693641618,0.95,0.05,0.2620281468738209
fbc_tfnbs,"e=0.4,h=6.0,n=30,start_thres=1.25,min_cluster_size=3",hub,0.25,100,23,40,1730,38,2,2,1728,0.95,0.0011560693641618,0.95,0.05,0.2620281468738209
fbc_tfnbs,"e=0.4,h=7.0,n=30,start_thres=1.25,min_cluster_size=3",hub,0.25,100,23,40,1730,38,2,2,1728,0.95,0.0011560693641618,0.95,0.05,0.2620281468738209
fbc_tfnbs,"e=0.4,h=8.0,n=30,start_thres=1.25,min_cluster_size=3",hub,0.25,100,23,40,1730,38,2,2,1728,0.95,0.0011560693641618,0.95,0.05,0.2620281468738209
fbc_tfnbs,"e=0.4,h=9.0,n=30,start_thres=1.25,min_cluster_size=3",hub,0.25,100,23,40,1730,37,2,3,1728,0.925,0.0011560693641618,0.9487179487179488,0.0512820512820512,0.2620281468738209
fbc_tfnbs,"e=0.4,h=10.0,n=30,start_thres=1.25,min_cluster_size=3",hub,0.25,100,23,40,1730,37,1,3,1729,0.925,0.0005780346820809,0.9736842105263158,0.0263157894736842,0.2620281468738209
fbc_tfnbs,"e=0.5,h=0.5,n=30,start_thres=1.25,min_cluster_size=3",hub,0.25,100,23,40,1730,37,1,3,1729,0.925,0.0005780346820809,0.9736842105263158,0.0263157894736842,0.2620281468738209
fbc_tfnbs,"e=0.5,h=1.0,n=30,start_thres=1.25,min_cluster_size=3",hub,0.25,100,23,40,1730,37,1,3,1729,0.925,0.0005780346820809,0.9736842105263158,0.0263157894736842,0.2620281468738209
fbc_tfnbs,"e=0.5,h=2.0,n=30,start_thres=1.25,min_cluster_size=3",hub,0.25,100,23,40,1730,37,2,3,1728,0.925,0.0011560693641618,0.9487179487179488,0.0512820512820512,0.2620281468738209
fbc_tfnbs,"e=0.5,h=3.0,n=30,start_thres=1.25,min_cluster_size=3",hub,0.25,100,23,40,1730,37,2,3,1728,0.925,0.0011560693641618,0.9487179487179488,0.0512820512820512,0.2620281468738209
fbc_tfnbs,"e=0.5,h=4.0,n=30,start_thres=1.25,min_cluster_size=3",hub,0.25,100,23,40,1730,37,2,3,1728,0.925,0.0011560693641618,0.9487179487179488,0.0512820512820512,0.2620281468738209
fbc_tfnbs,"e=0.5,h=5.0,n=30,start_thres=1.25,min_cluster_size=3",hub,0.25,100,23,40,1730,38,2,2,1728,0.95,0.0011560693641618,0.95,0.05,0.2620281468738209
fbc_tfnbs,"e=0.5,h=6.0,n=30,start_thres=1.25,min_cluster_size=3",hub,0.25,100,23,40,1730,38,2,2,1728,0.95,0.0011560693641618,0.95,0.05,0.2620281468738209
fbc_tfnbs,"e=0.5,h=7.0,n=30,start_thres=1.25,min_cluster_size=3",hub,0.25,100,23,40,1730,38,2,2,1728,0.95,0.0011560693641618,0.95,0.05,0.2620281468738209
fbc_tfnbs,"e=0.5,h=8.0,n=30,start_thres=1.25,min_cluster_size=3",hub,0.25,100,23,40,1730,38,2,2,1728,0.95,0.0011560693641618,0.95,0.05,0.2620281468738209
fbc_tfnbs,"e=0.5,h=9.0,n=30,start_thres=1.25,min_cluster_size=3",hub,0.25,100,23,40,1730,38,2,2,1728,0.95,0.0011560693641618,0.95,0.05,0.2620281468738209
fbc_tfnbs,"e=0.5,h=10.0,n=30,start_thres=1.25,min_cluster_size=3",hub,0.25,100,23,40,1730,38,2,2,1728,0.95,0.0011560693641618,0.95,0.05,0.2620281468738209
fbc_tfnbs,"e=0.6,h=0.5,n=30,start_thres=1.25,min_cluster_size=3",hub,0.25,100,23,40,1730,37,1,3,1729,0.925,0.0005780346820809,0.9736842105263158,0.0263157894736842,0.2620281468738209
fbc_tfnbs,"e=0.6,h=1.0,n=30,start_thres=1.25,min_cluster_size=3",hub,0.25,100,23,40,1730,37,1,3,1729,0.925,0.0005780346820809,0.9736842105263158,0.0263157894736842,0.2620281468738209
fbc_tfnbs,"e=0.6,h=2.0,n=30,start_thres=1.25,min_cluster_size=3",hub,0.25,100,23,40,1730,37,2,3,1728,0.925,0.0011560693641618,0.9487179487179488,0.0512820512820512,0.2620281468738209
fbc_tfnbs,"e=0.6,h=3.0,n=30,start_thres=1.25,min_cluster_size=3",hub,0.25,100,23,40,1730,37,2,3,1728,0.925,0.0011560693641618,0.9487179487179488,0.0512820512820512,0.2620281468738209
fbc_tfnbs,"e=0.6,h=4.0,n=30,start_thres=1.25,min_cluster_size=3",hub,0.25,100,23,40,1730,38,2,2,1728,0.95,0.0011560693641618,0.95,0.05,0.2620281468738209
fbc_tfnbs,"e=0.6,h=5.0,n=30,start_thres=1.25,min_cluster_size=3",hub,0.25,100,23,40,1730,38,2,2,1728,0.95,0.0011560693641618,0.95,0.05,0.2620281468738209
fbc_tfnbs,"e=0.6,h=6.0,n=30,start_thres=1.25,min_cluster_size=3",hub,0.25,100,23,40,1730,38,2,2,1728,0.95,0.0011560693641618,0.95,0.05,0.2620281468738209
fbc_tfnbs,"e=0.6,h=7.0,n=30,start_thres=1.25,min_cluster_size=3",hub,0.25,100,23,40,1730,38,2,2,1728,0.95,0.0011560693641618,0.95,0.05,0.2620281468738209
fbc_tfnbs,"e=0.6,h=8.0,n=30,start_thres=1.25,min_cluster_size=3",hub,0.25,100,23,40,1730,38,2,2,1728,0.95,0.0011560693641618,0.95,0.05,0.2620281468738209
fbc_tfnbs,"e=0.6,h=9.0,n=30,start_thres=1.25,min_cluster_size=3",hub,0.25,100,23,40,1730,38,2,2,1728,0.95,0.0011560693641618,0.95,0.05,0.2620281468738209
fbc_tfnbs,"e=0.6,h=10.0,n=30,start_thres=1.25,min_cluster_size=3",hub,0.25,100,23,40,1730,38,2,2,1728,0.95,0.0011560693641618,0.95,0.05,0.2620281468738209
fbc_tfnbs,"e=0.7,h=0.5,n=30,start_thres=1.25,min_cluster_size=3",hub,0.25,100,23,40,1730,36,1,4,1729,0.9,0.0005780346820809,0.972972972972973,0.027027027027027,0.2620281468738209
fbc_tfnbs,"e=0.7,h=1.0,n=30,start_thres=1.25,min_cluster_size=3",hub,0.25,100,23,40,1730,37,2,3,1728,0.925,0.0011560693641618,0.9487179487179488,0.0512820512820512,0.2620281468738209
fbc_tfnbs,"e=0.7,h=2.0,n=30,start_thres=1.25,min_cluster_size=3",hub,0.25,100,23,40,1730,37,2,3,1728,0.925,0.0011560693641618,0.9487179487179488,0.0512820512820512,0.2620281468738209
fbc_tfnbs,"e=0.7,h=3.0,n=30,start_thres=1.25,min_cluster_size=3",hub,0.25,100,23,40,1730,37,2,3,1728,0.925,0.0011560693641618,0.9487179487179488,0.0512820512820512,0.2620281468738209
fbc_tfnbs,"e=0.7,h=4.0,n=30,start_thres=1.25,min_cluster_size=3",hub,0.25,100,23,40,1730,38,2,2,1728,0.95,0.0011560693641618,0.95,0.05,0.2620281468738209
fbc_tfnbs,"e=0.7,h=5.0,n=30,start_thres=1.25,min_cluster_size=3",hub,0.25,100,23,40,1730,38,2,2,1728,0.95,0.0011560693641618,0.95,0.05,0.2620281468738209
fbc_tfnbs,"e=0.7,h=6.0,n=30,start_thres=1.25,min_cluster_size=3",hub,0.25,100,23,40,1730,38,2,2,1728,0.95,0.0011560693641618,0.95,0.05,0.2620281468738209
fbc_tfnbs,"e=0.7,h=7.0,n=30,start_thres=1.25,min_cluster_size=3",hub,0.25,100,23,40,1730,38,2,2,1728,0.95,0.0011560693641618,0.95,0.05,0.2620281468738209
fbc_tfnbs,"e=0.7,h=8.0,n=30,start_thres=1.25,min_cluster_size=3",hub,0.25,100,23,40,1730,38,2,2,1728,0.95,0.0011560693641618,0.95,0.05,0.2620281468738209
fbc_tfnbs,"e=0.7,h=9.0,n=30,start_thres=1.25,min_cluster_size=3",hub,0.25,100,23,40,1730,38,2,2,1728,0.95,0.0011560693641618,0.95,0.05,0.2620281468738209
fbc_tfnbs,"e=0.7,h=10.0,n=30,start_thres=1.25,min_cluster_size=3",hub,0.25,100,23,40,1730,38,2,2,1728,0.95,0.0011560693641618,0.95,0.05,0.2620281468738209
fbc_tfnbs,"e=0.8,h=0.5,n=30,start_thres=1.25,min_cluster_size=3",hub,0.25,100,23,40,1730,36,1,4,1729,0.9,0.0005780346820809,0.972972972972973,0.027027027027027,0.2620281468738209
fbc_tfnbs,"e=0.8,h=1.0,n=30,start_thres=1.25,min_cluster_size=3",hub,0.25,100,23,40,1730,36,1,4,1729,0.9,0.0005780346820809,0.972972972972973,0.027027027027027,0.2620281468738209
fbc_tfnbs,"e=0.8,h=2.0,n=30,start_thres=1.25,min_cluster_size=3",hub,0.25,100,23,40,1730,37,2,3,1728,0.925,0.0011560693641618,0.9487179487179488,0.0512820512820512,0.2620281468738209
fbc_tfnbs,"e=0.8,h=3.0,n=30,start_thres=1.25,min_cluster_size=3",hub,0.25,100,23,40,1730,37,2,3,1728,0.925,0.0011560693641618,0.9487179487179488,0.0512820512820512,0.2620281468738209
fbc_tfnbs,"e=0.8,h=4.0,n=30,start_thres=1.25,min_cluster_size=3",hub,0.25,100,23,40,1730,37,2,3,1728,0.925,0.0011560693641618,0.9487179487179488,0.0512820512820512,0.2620281468738209
fbc_tfnbs,"e=0.8,h=5.0,n=30,start_thres=1.25,min_cluster_size=3",hub,0.25,100,23,40,1730,38,2,2,1728,0.95,0.0011560693641618,0.95,0.05,0.2620281468738209
fbc_tfnbs,"e=0.8,h=6.0,n=30,start_thres=1.25,min_cluster_size=3",hub,0.25,100,23,40,1730,38,2,2,1728,0.95,0.0011560693641618,0.95,0.05,0.2620281468738209
fbc_tfnbs,"e=0.8,h=7.0,n=30,start_thres=1.25,min_cluster_size=3",hub,0.25,100,23,40,1730,38,2,2,1728,0.95,0.0011560693641618,0.95,0.05,0.2620281468738209
fbc_tfnbs,"e=0.8,h=8.0,n=30,start_thres=1.25,min_cluster_size=3",hub,0.25,100,23,40,1730,38,2,2,1728,0.95,0.0011560693641618,0.95,0.05,0.2620281468738209
fbc_tfnbs,"e=0.8,h=9.0,n=30,start_thres=1.25,min_cluster_size=3",hub,0.25,100,23,40,1730,38,2,2,1728,0.95,0.0011560693641618,0.95,0.05,0.2620281468738209
fbc_tfnbs,"e=0.8,h=10.0,n=30,start_thres=1.25,min_cluster_size=3",hub,0.25,100,23,40,1730,38,2,2,1728,0.95,0.0011560693641618,0.95,0.05,0.2620281468738209
fbc_tfnbs,"e=0.9,h=0.5,n=30,start_thres=1.25,min_cluster_size=3",hub,0.25,100,23,40,1730,33,1,7,1729,0.825,0.0005780346820809,0.9705882352941176,0.0294117647058823,0.2620281468738209
fbc_tfnbs,"e=0.9,h=1.0,n=30,start_thres=1.25,min_cluster_size=3",hub,0.25,100,23,40,1730,36,1,4,1729,0.9,0.0005780346820809,0.972972972972973,0.027027027027027,0.2620281468738209
fbc_tfnbs,"e=0.9,h=2.0,n=30,start_thres=1.25,min_cluster_size=3",hub,0.25,100,23,40,1730,37,2,3,1728,0.925,0.0011560693641618,0.9487179487179488,0.0512820512820512,0.2620281468738209
fbc_tfnbs,"e=0.9,h=3.0,n=30,start_thres=1.25,min_cluster_size=3",hub,0.25,100,23,40,1730,37,2,3,1728,0.925,0.0011560693641618,0.9487179487179488,0.0512820512820512,0.2620281468738209
fbc_tfnbs,"e=0.9,h=4.0,n=30,start_thres=1.25,min_cluster_size=3",hub,0.25,100,23,40,1730,37,2,3,1728,0.925,0.0011560693641618,0.9487179487179488,0.0512820512820512,0.2620281468738209
fbc_tfnbs,"e=0.9,h=5.0,n=30,start_thres=1.25,min_cluster_size=3",hub,0.25,100,23,40,1730,38,2,2,1728,0.95,0.0011560693641618,0.95,0.05,0.2620281468738209
fbc_tfnbs,"e=0.9,h=6.0,n=30,start_thres=1.25,min_cluster_size=3",hub,0.25,100,23,40,1730,38,2,2,1728,0.95,0.0011560693641618,0.95,0.05,0.2620281468738209
fbc_tfnbs,"e=0.9,h=7.0,n=30,start_thres=1.25,min_cluster_size=3",hub,0.25,100,23,40,1730,38,2,2,1728,0.95,0.0011560693641618,0.95,0.05,0.2620281468738209
fbc_tfnbs,"e=0.9,h=8.0,n=30,start_thres=1.25,min_cluster_size=3",hub,0.25,100,23,40,1730,38,2,2,1728,0.95,0.0011560693641618,0.95,0.05,0.2620281468738209
fbc_tfnbs,"e=0.9,h=9.0,n=30,start_thres=1.25,min_cluster_size=3",hub,0.25,100,23,40,1730,38,2,2,1728,0.95,0.0011560693641618,0.95,0.05,0.2620281468738209
fbc_tfnbs,"e=0.9,h=10.0,n=30,start_thres=1.25,min_cluster_size=3",hub,0.25,100,23,40,1730,38,2,2,1728,0.95,0.0011560693641618,0.95,0.05,0.2620281468738209
fbc_tfnbs,"e=1.0,h=0.5,n=30,start_thres=1.25,min_cluster_size=3",hub,0.25,100,23,40,1730,32,0,8,1730,0.8,0.0,1.0,0.0,0.2620281468738209
fbc_tfnbs,"e=1.0,h=1.0,n=30,start_thres=1.25,min_cluster_size=3",hub,0.25,100,23,40,1730,36,1,4,1729,0.9,0.0005780346820809,0.972972972972973,0.027027027027027,0.2620281468738209
fbc_tfnbs,"e=1.0,h=2.0,n=30,start_thres=1.25,min_cluster_size=3",hub,0.25,100,23,40,1730,37,2,3,1728,0.925,0.0011560693641618,0.9487179487179488,0.0512820512820512,0.2620281468738209
fbc_tfnbs,"e=1.0,h=3.0,n=30,start_thres=1.25,min_cluster_size=3",hub,0.25,100,23,40,1730,37,2,3,1728,0.925,0.0011560693641618,0.9487179487179488,0.0512820512820512,0.2620281468738209
fbc_tfnbs,"e=1.0,h=4.0,n=30,start_thres=1.25,min_cluster_size=3",hub,0.25,100,23,40,1730,37,2,3,1728,0.925,0.0011560693641618,0.9487179487179488,0.0512820512820512,0.2620281468738209
fbc_tfnbs,"e=1.0,h=5.0,n=30,start_thres=1.25,min_cluster_size=3",hub,0.25,100,23,40,1730,38,2,2,1728,0.95,0.0011560693641618,0.95,0.05,0.2620281468738209
fbc_tfnbs,"e=1.0,h=6.0,n=30,start_thres=1.25,min_cluster_size=3",hub,0.25,100,23,40,1730,38,2,2,1728,0.95,0.0011560693641618,0.95,0.05,0.2620281468738209
fbc_tfnbs,"e=1.0,h=7.0,n=30,start_thres=1.25,min_cluster_size=3",hub,0.25,100,23,40,1730,38,2,2,1728,0.95,0.0011560693641618,0.95,0.05,0.2620281468738209
fbc_tfnbs,"e=1.0,h=8.0,n=30,start_thres=1.25,min_cluster_size=3",hub,0.25,100,23,40,1730,38,2,2,1728,0.95,0.0011560693641618,0.95,0.05,0.2620281468738209
fbc_tfnbs,"e=1.0,h=9.0,n=30,start_thres=1.25,min_cluster_size=3",hub,0.25,100,23,40,1730,38,2,2,1728,0.95,0.0011560693641618,0.95,0.05,0.2620281468738209
fbc_tfnbs,"e=1.0,h=10.0,n=30,start_thres=1.25,min_cluster_size=3",hub,0.25,100,23,40,1730,38,2,2,1728,0.95,0.0011560693641618,0.95,0.05,0.2620281468738209
fbc_tfnbs,"e=1.1,h=0.5,n=30,start_thres=1.25,min_cluster_size=3",hub,0.25,100,23,40,1730,32,0,8,1730,0.8,0.0,1.0,0.0,0.2620281468738209
fbc_tfnbs,"e=1.1,h=1.0,n=30,start_thres=1.25,min_cluster_size=3",hub,0.25,100,23,40,1730,33,0,7,1730,0.825,0.0,1.0,0.0,0.2620281468738209
fbc_tfnbs,"e=1.1,h=2.0,n=30,start_thres=1.25,min_cluster_size=3",hub,0.25,100,23,40,1730,36,1,4,1729,0.9,0.0005780346820809,0.972972972972973,0.027027027027027,0.2620281468738209
fbc_tfnbs,"e=1.1,h=3.0,n=30,start_thres=1.25,min_cluster_size=3",hub,0.25,100,23,40,1730,37,2,3,1728,0.925,0.0011560693641618,0.9487179487179488,0.0512820512820512,0.2620281468738209
fbc_tfnbs,"e=1.1,h=4.0,n=30,start_thres=1.25,min_cluster_size=3",hub,0.25,100,23,40,1730,37,2,3,1728,0.925,0.0011560693641618,0.9487179487179488,0.0512820512820512,0.2620281468738209
fbc_tfnbs,"e=1.1,h=5.0,n=30,start_thres=1.25,min_cluster_size=3",hub,0.25,100,23,40,1730,38,2,2,1728,0.95,0.0011560693641618,0.95,0.05,0.2620281468738209
fbc_tfnbs,"e=1.1,h=6.0,n=30,start_thres=1.25,min_cluster_size=3",hub,0.25,100,23,40,1730,38,2,2,1728,0.95,0.0011560693641618,0.95,0.05,0.2620281468738209
fbc_tfnbs,"e=1.1,h=7.0,n=30,start_thres=1.25,min_cluster_size=3",hub,0.25,100,23,40,1730,38,2,2,1728,0.95,0.0011560693641618,0.95,0.05,0.2620281468738209
fbc_tfnbs,"e=1.1,h=8.0,n=30,start_thres=1.25,min_cluster_size=3",hub,0.25,100,23,40,1730,38,2,2,1728,0.95,0.0011560693641618,0.95,0.05,0.2620281468738209
fbc_tfnbs,"e=1.1,h=9.0,n=30,start_thres=1.25,min_cluster_size=3",hub,0.25,100,23,40,1730,38,2,2,1728,0.95,0.0011560693641618,0.95,0.05,0.2620281468738209
fbc_tfnbs,"e=1.1,h=10.0,n=30,start_thres=1.25,min_cluster_size=3",hub,0.25,100,23,40,1730,38,2,2,1728,0.95,0.0011560693641618,0.95,0.05,0.2620281468738209
fbc_tfnbs,"e=1.2,h=0.5,n=30,start_thres=1.25,min_cluster_size=3",hub,0.25,100,23,40,1730,32,0,8,1730,0.8,0.0,1.0,0.0,0.2620281468738209
fbc_tfnbs,"e=1.2,h=1.0,n=30,start_thres=1.25,min_cluster_size=3",hub,0.25,100,23,40,1730,32,0,8,1730,0.8,0.0,1.0,0.0,0.2620281468738209
fbc_tfnbs,"e=1.2,h=2.0,n=30,start_thres=1.25,min_cluster_size=3",hub,0.25,100,23,40,1730,36,1,4,1729,0.9,0.0005780346820809,0.972972972972973,0.027027027027027,0.2620281468738209
fbc_tfnbs,"e=1.2,h=3.0,n=30,start_thres=1.25,min_cluster_size=3",hub,0.25,100,23,40,1730,37,2,3,1728,0.925,0.0011560693641618,0.9487179487179488,0.0512820512820512,0.2620281468738209
fbc_tfnbs,"e=1.2,h=4.0,n=30,start_thres=1.25,min_cluster_size=3",hub,0.25,100,23,40,1730,37,2,3,1728,0.925,0.0011560693641618,0.9487179487179488,0.0512820512820512,0.2620281468738209
fbc_tfnbs,"e=1.2,h=5.0,n=30,start_thres=1.25,min_cluster_size=3",hub,0.25,100,23,40,1730,38,2,2,1728,0.95,0.0011560693641618,0.95,0.05,0.2620281468738209
fbc_tfnbs,"e=1.2,h=6.0,n=30,start_thres=1.25,min_cluster_size=3",hub,0.25,100,23,40,1730,38,2,2,1728,0.95,0.0011560693641618,0.95,0.05,0.2620281468738209
fbc_tfnbs,"e=1.2,h=7.0,n=30,start_thres=1.25,min_cluster_size=3",hub,0.25,100,23,40,1730,38,2,2,1728,0.95,0.0011560693641618,0.95,0.05,0.2620281468738209
fbc_tfnbs,"e=1.2,h=8.0,n=30,start_thres=1.25,min_cluster_size=3",hub,0.25,100,23,40,1730,38,2,2,1728,0.95,0.0011560693641618,0.95,0.05,0.2620281468738209
fbc_tfnbs,"e=1.2,h=9.0,n=30,start_thres=1.25,min_cluster_size=3",hub,0.25,100,23,40,1730,38,2,2,1728,0.95,0.0011560693641618,0.95,0.05,0.2620281468738209
fbc_tfnbs,"e=1.2,h=10.0,n=30,start_thres=1.25,min_cluster_size=3",hub,0.25,100,23,40,1730,38,2,2,1728,0.95,0.0011560693641618,0.95,0.05,0.2620281468738209
fbc_tfnbs,"e=1.3,h=0.5,n=30,start_thres=1.25,min_cluster_size=3",hub,0.25,100,23,40,1730,31,0,9,1730,0.775,0.0,1.0,0.0,0.2620281468738209
fbc_tfnbs,"e=1.3,h=1.0,n=30,start_thres=1.25,min_cluster_size=3",hub,0.25,100,23,40,1730,32,0,8,1730,0.8,0.0,1.0,0.0,0.2620281468738209
fbc_tfnbs,"e=1.3,h=2.0,n=30,start_thres=1.25,min_cluster_size=3",hub,0.25,100,23,40,1730,36,1,4,1729,0.9,0.0005780346820809,0.972972972972973,0.027027027027027,0.2620281468738209
fbc_tfnbs,"e=1.3,h=3.0,n=30,start_thres=1.25,min_cluster_size=3",hub,0.25,100,23,40,1730,37,2,3,1728,0.925,0.0011560693641618,0.9487179487179488,0.0512820512820512,0.2620281468738209
fbc_tfnbs,"e=1.3,h=4.0,n=30,start_thres=1.25,min_cluster_size=3",hub,0.25,100,23,40,1730,37,2,3,1728,0.925,0.0011560693641618,0.9487179487179488,0.0512820512820512,0.2620281468738209
fbc_tfnbs,"e=1.3,h=5.0,n=30,start_thres=1.25,min_cluster_size=3",hub,0.25,100,23,40,1730,37,2,3,1728,0.925,0.0011560693641618,0.9487179487179488,0.0512820512820512,0.2620281468738209
fbc_tfnbs,"e=1.3,h=6.0,n=30,start_thres=1.25,min_cluster_size=3",hub,0.25,100,23,40,1730,38,2,2,1728,0.95,0.0011560693641618,0.95,0.05,0.2620281468738209
fbc_tfnbs,"e=1.3,h=7.0,n=30,start_thres=1.25,min_cluster_size=3",hub,0.25,100,23,40,1730,38,2,2,1728,0.95,0.0011560693641618,0.95,0.05,0.2620281468738209
fbc_tfnbs,"e=1.3,h=8.0,n=30,start_thres=1.25,min_cluster_size=3",hub,0.25,100,23,40,1730,38,2,2,1728,0.95,0.0011560693641618,0.95,0.05,0.2620281468738209
fbc_tfnbs,"e=1.3,h=9.0,n=30,start_thres=1.25,min_cluster_size=3",hub,0.25,100,23,40,1730,38,2,2,1728,0.95,0.0011560693641618,0.95,0.05,0.2620281468738209
fbc_tfnbs,"e=1.3,h=10.0,n=30,start_thres=1.25,min_cluster_size=3",hub,0.25,100,23,40,1730,38,2,2,1728,0.95,0.0011560693641618,0.95,0.05,0.2620281468738209
fbc_tfnbs,"e=1.4,h=0.5,n=30,start_thres=1.25,min_cluster_size=3",hub,0.25,100,23,40,1730,29,0,11,1730,0.725,0.0,1.0,0.0,0.2620281468738209
fbc_tfnbs,"e=1.4,h=1.0,n=30,start_thres=1.25,min_cluster_size=3",hub,0.25,100,23,40,1730,32,0,8,1730,0.8,0.0,1.0,0.0,0.2620281468738209
fbc_tfnbs,"e=1.4,h=2.0,n=30,start_thres=1.25,min_cluster_size=3",hub,0.25,100,23,40,1730,35,0,5,1730,0.875,0.0,1.0,0.0,0.2620281468738209
fbc_tfnbs,"e=1.4,h=3.0,n=30,start_thres=1.25,min_cluster_size=3",hub,0.25,100,23,40,1730,37,2,3,1728,0.925,0.0011560693641618,0.9487179487179488,0.0512820512820512,0.2620281468738209
fbc_tfnbs,"e=1.4,h=4.0,n=30,start_thres=1.25,min_cluster_size=3",hub,0.25,100,23,40,1730,37,2,3,1728,0.925,0.0011560693641618,0.9487179487179488,0.0512820512820512,0.2620281468738209
fbc_tfnbs,"e=1.4,h=5.0,n=30,start_thres=1.25,min_cluster_size=3",hub,0.25,100,23,40,1730,37,2,3,1728,0.925,0.0011560693641618,0.9487179487179488,0.0512820512820512,0.2620281468738209
fbc_tfnbs,"e=1.4,h=6.0,n=30,start_thres=1.25,min_cluster_size=3",hub,0.25,100,23,40,1730,38,2,2,1728,0.95,0.0011560693641618,0.95,0.05,0.2620281468738209
fbc_tfnbs,"e=1.4,h=7.0,n=30,start_thres=1.25,min_cluster_size=3",hub,0.25,100,23,40,1730,38,2,2,1728,0.95,0.0011560693641618,0.95,0.05,0.2620281468738209
fbc_tfnbs,"e=1.4,h=8.0,n=30,start_thres=1.25,min_cluster_size=3",hub,0.25,100,23,40,1730,38,2,2,1728,0.95,0.0011560693641618,0.95,0.05,0.2620281468738209
fbc_tfnbs,"e=1.4,h=9.0,n=30,start_thres=1.25,min_cluster_size=3",hub,0.25,100,23,40,1730,38,2,2,1728,0.95,0.0011560693641618,0.95,0.05,0.2620281468738209
fbc_tfnbs,"e=1.4,h=10.0,n=30,start_thres=1.25,min_cluster_size=3",hub,0.25,100,23,40,1730,38,2,2,1728,0.95,0.0011560693641618,0.95,0.05,0.2620281468738209
fbc_tfnbs,"e=1.5,h=0.5,n=30,start_thres=1.25,min_cluster_size=3",hub,0.25,100,23,40,1730,25,0,15,1730,0.625,0.0,1.0,0.0,0.2620281468738209
fbc_tfnbs,"e=1.5,h=1.0,n=30,start_thres=1.25,min_cluster_size=3",hub,0.25,100,23,40,1730,31,0,9,1730,0.775,0.0,1.0,0.0,0.2620281468738209
fbc_tfnbs,"e=1.5,h=2.0,n=30,start_thres=1.25,min_cluster_size=3",hub,0.25,100,23,40,1730,32,0,8,1730,0.8,0.0,1.0,0.0,0.2620281468738209
fbc_tfnbs,"e=1.5,h=3.0,n=30,start_thres=1.25,min_cluster_size=3",hub,0.25,100,23,40,1730,36,1,4,1729,0.9,0.0005780346820809,0.972972972972973,0.027027027027027,0.2620281468738209
fbc_tfnbs,"e=1.5,h=4.0,n=30,start_thres=1.25,min_cluster_size=3",hub,0.25,100,23,40,1730,37,2,3,1728,0.925,0.0011560693641618,0.9487179487179488,0.0512820512820512,0.2620281468738209
fbc_tfnbs,"e=1.5,h=5.0,n=30,start_thres=1.25,min_cluster_size=3",hub,0.25,100,23,40,1730,37,2,3,1728,0.925,0.0011560693641618,0.9487179487179488,0.0512820512820512,0.2620281468738209
fbc_tfnbs,"e=1.5,h=6.0,n=30,start_thres=1.25,min_cluster_size=3",hub,0.25,100,23,40,1730,38,2,2,1728,0.95,0.0011560693641618,0.95,0.05,0.2620281468738209
fbc_tfnbs,"e=1.5,h=7.0,n=30,start_thres=1.25,min_cluster_size=3",hub,0.25,100,23,40,1730,38,2,2,1728,0.95,0.0011560693641618,0.95,0.05,0.2620281468738209
fbc_tfnbs,"e=1.5,h=8.0,n=30,start_thres=1.25,min_cluster_size=3",hub,0.25,100,23,40,1730,38,2,2,1728,0.95,0.0011560693641618,0.95,0.05,0.2620281468738209
fbc_tfnbs,"e=1.5,h=9.0,n=30,start_thres=1.25,min_cluster_size=3",hub,0.25,100,23,40,1730,38,2,2,1728,0.95,0.0011560693641618,0.95,0.05,0.2620281468738209
fbc_tfnbs,"e=1.5,h=10.0,n=30,start_thres=1.25,min_cluster_size=3",hub,0.25,100,23,40,1730,38,2,2,1728,0.95,0.0011560693641618,0.95,0.05,0.2620281468738209
fbc_tfnbs,"e=0.05,h=0.5,n=30,start_thres=1.25,min_cluster_size=3",hub,0.25,100,24,40,1730,36,1,4,1729,0.9,0.0005780346820809,0.972972972972973,0.027027027027027,0.2541554434732957
fbc_tfnbs,"e=0.05,h=1.0,n=30,start_thres=1.25,min_cluster_size=3",hub,0.25,100,24,40,1730,36,1,4,1729,0.9,0.0005780346820809,0.972972972972973,0.027027027027027,0.2541554434732957
fbc_tfnbs,"e=0.05,h=2.0,n=30,start_thres=1.25,min_cluster_size=3",hub,0.25,100,24,40,1730,36,1,4,1729,0.9,0.0005780346820809,0.972972972972973,0.027027027027027,0.2541554434732957
fbc_tfnbs,"e=0.05,h=3.0,n=30,start_thres=1.25,min_cluster_size=3",hub,0.25,100,24,40,1730,36,1,4,1729,0.9,0.0005780346820809,0.972972972972973,0.027027027027027,0.2541554434732957
fbc_tfnbs,"e=0.05,h=4.0,n=30,start_thres=1.25,min_cluster_size=3",hub,0.25,100,24,40,1730,36,1,4,1729,0.9,0.0005780346820809,0.972972972972973,0.027027027027027,0.2541554434732957
fbc_tfnbs,"e=0.05,h=5.0,n=30,start_thres=1.25,min_cluster_size=3",hub,0.25,100,24,40,1730,36,1,4,1729,0.9,0.0005780346820809,0.972972972972973,0.027027027027027,0.2541554434732957
fbc_tfnbs,"e=0.05,h=6.0,n=30,start_thres=1.25,min_cluster_size=3",hub,0.25,100,24,40,1730,36,1,4,1729,0.9,0.0005780346820809,0.972972972972973,0.027027027027027,0.2541554434732957
fbc_tfnbs,"e=0.05,h=7.0,n=30,start_thres=1.25,min_cluster_size=3",hub,0.25,100,24,40,1730,36,1,4,1729,0.9,0.0005780346820809,0.972972972972973,0.027027027027027,0.2541554434732957
fbc_tfnbs,"e=0.05,h=8.0,n=30,start_thres=1.25,min_cluster_size=3",hub,0.25,100,24,40,1730,36,1,4,1729,0.9,0.0005780346820809,0.972972972972973,0.027027027027027,0.2541554434732957
fbc_tfnbs,"e=0.05,h=9.0,n=30,start_thres=1.25,min_cluster_size=3",hub,0.25,100,24,40,1730,36,1,4,1729,0.9,0.0005780346820809,0.972972972972973,0.027027027027027,0.2541554434732957
fbc_tfnbs,"e=0.05,h=10.0,n=30,start_thres=1.25,min_cluster_size=3",hub,0.25,100,24,40,1730,36,1,4,1729,0.9,0.0005780346820809,0.972972972972973,0.027027027027027,0.2541554434732957
fbc_tfnbs,"e=0.1,h=0.5,n=30,start_thres=1.25,min_cluster_size=3",hub,0.25,100,24,40,1730,36,1,4,1729,0.9,0.0005780346820809,0.972972972972973,0.027027027027027,0.2541554434732957
fbc_tfnbs,"e=0.1,h=1.0,n=30,start_thres=1.25,min_cluster_size=3",hub,0.25,100,24,40,1730,36,1,4,1729,0.9,0.0005780346820809,0.972972972972973,0.027027027027027,0.2541554434732957
fbc_tfnbs,"e=0.1,h=2.0,n=30,start_thres=1.25,min_cluster_size=3",hub,0.25,100,24,40,1730,36,1,4,1729,0.9,0.0005780346820809,0.972972972972973,0.027027027027027,0.2541554434732957
fbc_tfnbs,"e=0.1,h=3.0,n=30,start_thres=1.25,min_cluster_size=3",hub,0.25,100,24,40,1730,36,1,4,1729,0.9,0.0005780346820809,0.972972972972973,0.027027027027027,0.2541554434732957
fbc_tfnbs,"e=0.1,h=4.0,n=30,start_thres=1.25,min_cluster_size=3",hub,0.25,100,24,40,1730,36,1,4,1729,0.9,0.0005780346820809,0.972972972972973,0.027027027027027,0.2541554434732957
fbc_tfnbs,"e=0.1,h=5.0,n=30,start_thres=1.25,min_cluster_size=3",hub,0.25,100,24,40,1730,36,1,4,1729,0.9,0.0005780346820809,0.972972972972973,0.027027027027027,0.2541554434732957
fbc_tfnbs,"e=0.1,h=6.0,n=30,start_thres=1.25,min_cluster_size=3",hub,0.25,100,24,40,1730,36,1,4,1729,0.9,0.0005780346820809,0.972972972972973,0.027027027027027,0.2541554434732957
fbc_tfnbs,"e=0.1,h=7.0,n=30,start_thres=1.25,min_cluster_size=3",hub,0.25,100,24,40,1730,36,1,4,1729,0.9,0.0005780346820809,0.972972972972973,0.027027027027027,0.2541554434732957
fbc_tfnbs,"e=0.1,h=8.0,n=30,start_thres=1.25,min_cluster_size=3",hub,0.25,100,24,40,1730,36,1,4,1729,0.9,0.0005780346820809,0.972972972972973,0.027027027027027,0.2541554434732957
fbc_tfnbs,"e=0.1,h=9.0,n=30,start_thres=1.25,min_cluster_size=3",hub,0.25,100,24,40,1730,36,1,4,1729,0.9,0.0005780346820809,0.972972972972973,0.027027027027027,0.2541554434732957
fbc_tfnbs,"e=0.1,h=10.0,n=30,start_thres=1.25,min_cluster_size=3",hub,0.25,100,24,40,1730,36,1,4,1729,0.9,0.0005780346820809,0.972972972972973,0.027027027027027,0.2541554434732957
fbc_tfnbs,"e=0.2,h=0.5,n=30,start_thres=1.25,min_cluster_size=3",hub,0.25,100,24,40,1730,36,1,4,1729,0.9,0.0005780346820809,0.972972972972973,0.027027027027027,0.2541554434732957
fbc_tfnbs,"e=0.2,h=1.0,n=30,start_thres=1.25,min_cluster_size=3",hub,0.25,100,24,40,1730,37,1,3,1729,0.925,0.0005780346820809,0.9736842105263158,0.0263157894736842,0.2541554434732957
fbc_tfnbs,"e=0.2,h=2.0,n=30,start_thres=1.25,min_cluster_size=3",hub,0.25,100,24,40,1730,37,1,3,1729,0.925,0.0005780346820809,0.9736842105263158,0.0263157894736842,0.2541554434732957
fbc_tfnbs,"e=0.2,h=3.0,n=30,start_thres=1.25,min_cluster_size=3",hub,0.25,100,24,40,1730,37,1,3,1729,0.925,0.0005780346820809,0.9736842105263158,0.0263157894736842,0.2541554434732957
fbc_tfnbs,"e=0.2,h=4.0,n=30,start_thres=1.25,min_cluster_size=3",hub,0.25,100,24,40,1730,37,1,3,1729,0.925,0.0005780346820809,0.9736842105263158,0.0263157894736842,0.2541554434732957
fbc_tfnbs,"e=0.2,h=5.0,n=30,start_thres=1.25,min_cluster_size=3",hub,0.25,100,24,40,1730,37,1,3,1729,0.925,0.0005780346820809,0.9736842105263158,0.0263157894736842,0.2541554434732957
fbc_tfnbs,"e=0.2,h=6.0,n=30,start_thres=1.25,min_cluster_size=3",hub,0.25,100,24,40,1730,36,1,4,1729,0.9,0.0005780346820809,0.972972972972973,0.027027027027027,0.2541554434732957
fbc_tfnbs,"e=0.2,h=7.0,n=30,start_thres=1.25,min_cluster_size=3",hub,0.25,100,24,40,1730,36,1,4,1729,0.9,0.0005780346820809,0.972972972972973,0.027027027027027,0.2541554434732957
fbc_tfnbs,"e=0.2,h=8.0,n=30,start_thres=1.25,min_cluster_size=3",hub,0.25,100,24,40,1730,36,1,4,1729,0.9,0.0005780346820809,0.972972972972973,0.027027027027027,0.2541554434732957
fbc_tfnbs,"e=0.2,h=9.0,n=30,start_thres=1.25,min_cluster_size=3",hub,0.25,100,24,40,1730,36,1,4,1729,0.9,0.0005780346820809,0.972972972972973,0.027027027027027,0.2541554434732957
fbc_tfnbs,"e=0.2,h=10.0,n=30,start_thres=1.25,min_cluster_size=3",hub,0.25,100,24,40,1730,36,1,4,1729,0.9,0.0005780346820809,0.972972972972973,0.027027027027027,0.2541554434732957
fbc_tfnbs,"e=0.3,h=0.5,n=30,start_thres=1.25,min_cluster_size=3",hub,0.25,100,24,40,1730,37,1,3,1729,0.925,0.0005780346820809,0.9736842105263158,0.0263157894736842,0.2541554434732957
fbc_tfnbs,"e=0.3,h=1.0,n=30,start_thres=1.25,min_cluster_size=3",hub,0.25,100,24,40,1730,37,1,3,1729,0.925,0.0005780346820809,0.9736842105263158,0.0263157894736842,0.2541554434732957
fbc_tfnbs,"e=0.3,h=2.0,n=30,start_thres=1.25,min_cluster_size=3",hub,0.25,100,24,40,1730,37,1,3,1729,0.925,0.0005780346820809,0.9736842105263158,0.0263157894736842,0.2541554434732957
fbc_tfnbs,"e=0.3,h=3.0,n=30,start_thres=1.25,min_cluster_size=3",hub,0.25,100,24,40,1730,38,1,2,1729,0.95,0.0005780346820809,0.9743589743589745,0.0256410256410256,0.2541554434732957
fbc_tfnbs,"e=0.3,h=4.0,n=30,start_thres=1.25,min_cluster_size=3",hub,0.25,100,24,40,1730,38,1,2,1729,0.95,0.0005780346820809,0.9743589743589745,0.0256410256410256,0.2541554434732957
fbc_tfnbs,"e=0.3,h=5.0,n=30,start_thres=1.25,min_cluster_size=3",hub,0.25,100,24,40,1730,38,1,2,1729,0.95,0.0005780346820809,0.9743589743589745,0.0256410256410256,0.2541554434732957
fbc_tfnbs,"e=0.3,h=6.0,n=30,start_thres=1.25,min_cluster_size=3",hub,0.25,100,24,40,1730,38,1,2,1729,0.95,0.0005780346820809,0.9743589743589745,0.0256410256410256,0.2541554434732957
fbc_tfnbs,"e=0.3,h=7.0,n=30,start_thres=1.25,min_cluster_size=3",hub,0.25,100,24,40,1730,38,1,2,1729,0.95,0.0005780346820809,0.9743589743589745,0.0256410256410256,0.2541554434732957
fbc_tfnbs,"e=0.3,h=8.0,n=30,start_thres=1.25,min_cluster_size=3",hub,0.25,100,24,40,1730,37,1,3,1729,0.925,0.0005780346820809,0.9736842105263158,0.0263157894736842,0.2541554434732957
fbc_tfnbs,"e=0.3,h=9.0,n=30,start_thres=1.25,min_cluster_size=3",hub,0.25,100,24,40,1730,37,1,3,1729,0.925,0.0005780346820809,0.9736842105263158,0.0263157894736842,0.2541554434732957
fbc_tfnbs,"e=0.3,h=10.0,n=30,start_thres=1.25,min_cluster_size=3",hub,0.25,100,24,40,1730,37,1,3,1729,0.925,0.0005780346820809,0.9736842105263158,0.0263157894736842,0.2541554434732957
fbc_tfnbs,"e=0.4,h=0.5,n=30,start_thres=1.25,min_cluster_size=3",hub,0.25,100,24,40,1730,37,1,3,1729,0.925,0.0005780346820809,0.9736842105263158,0.0263157894736842,0.2541554434732957
fbc_tfnbs,"e=0.4,h=1.0,n=30,start_thres=1.25,min_cluster_size=3",hub,0.25,100,24,40,1730,37,1,3,1729,0.925,0.0005780346820809,0.9736842105263158,0.0263157894736842,0.2541554434732957
fbc_tfnbs,"e=0.4,h=2.0,n=30,start_thres=1.25,min_cluster_size=3",hub,0.25,100,24,40,1730,38,1,2,1729,0.95,0.0005780346820809,0.9743589743589745,0.0256410256410256,0.2541554434732957
fbc_tfnbs,"e=0.4,h=3.0,n=30,start_thres=1.25,min_cluster_size=3",hub,0.25,100,24,40,1730,39,1,1,1729,0.975,0.0005780346820809,0.975,0.025,0.2541554434732957
fbc_tfnbs,"e=0.4,h=4.0,n=30,start_thres=1.25,min_cluster_size=3",hub,0.25,100,24,40,1730,39,1,1,1729,0.975,0.0005780346820809,0.975,0.025,0.2541554434732957
fbc_tfnbs,"e=0.4,h=5.0,n=30,start_thres=1.25,min_cluster_size=3",hub,0.25,100,24,40,1730,39,1,1,1729,0.975,0.0005780346820809,0.975,0.025,0.2541554434732957
fbc_tfnbs,"e=0.4,h=6.0,n=30,start_thres=1.25,min_cluster_size=3",hub,0.25,100,24,40,1730,39,1,1,1729,0.975,0.0005780346820809,0.975,0.025,0.2541554434732957
fbc_tfnbs,"e=0.4,h=7.0,n=30,start_thres=1.25,min_cluster_size=3",hub,0.25,100,24,40,1730,39,1,1,1729,0.975,0.0005780346820809,0.975,0.025,0.2541554434732957
fbc_tfnbs,"e=0.4,h=8.0,n=30,start_thres=1.25,min_cluster_size=3",hub,0.25,100,24,40,1730,38,1,2,1729,0.95,0.0005780346820809,0.9743589743589745,0.0256410256410256,0.2541554434732957
fbc_tfnbs,"e=0.4,h=9.0,n=30,start_thres=1.25,min_cluster_size=3",hub,0.25,100,24,40,1730,38,1,2,1729,0.95,0.0005780346820809,0.9743589743589745,0.0256410256410256,0.2541554434732957
fbc_tfnbs,"e=0.4,h=10.0,n=30,start_thres=1.25,min_cluster_size=3",hub,0.25,100,24,40,1730,38,1,2,1729,0.95,0.0005780346820809,0.9743589743589745,0.0256410256410256,0.2541554434732957
fbc_tfnbs,"e=0.5,h=0.5,n=30,start_thres=1.25,min_cluster_size=3",hub,0.25,100,24,40,1730,37,1,3,1729,0.925,0.0005780346820809,0.9736842105263158,0.0263157894736842,0.2541554434732957
fbc_tfnbs,"e=0.5,h=1.0,n=30,start_thres=1.25,min_cluster_size=3",hub,0.25,100,24,40,1730,37,1,3,1729,0.925,0.0005780346820809,0.9736842105263158,0.0263157894736842,0.2541554434732957
fbc_tfnbs,"e=0.5,h=2.0,n=30,start_thres=1.25,min_cluster_size=3",hub,0.25,100,24,40,1730,37,1,3,1729,0.925,0.0005780346820809,0.9736842105263158,0.0263157894736842,0.2541554434732957
fbc_tfnbs,"e=0.5,h=3.0,n=30,start_thres=1.25,min_cluster_size=3",hub,0.25,100,24,40,1730,39,1,1,1729,0.975,0.0005780346820809,0.975,0.025,0.2541554434732957
fbc_tfnbs,"e=0.5,h=4.0,n=30,start_thres=1.25,min_cluster_size=3",hub,0.25,100,24,40,1730,39,1,1,1729,0.975,0.0005780346820809,0.975,0.025,0.2541554434732957
fbc_tfnbs,"e=0.5,h=5.0,n=30,start_thres=1.25,min_cluster_size=3",hub,0.25,100,24,40,1730,39,1,1,1729,0.975,0.0005780346820809,0.975,0.025,0.2541554434732957
fbc_tfnbs,"e=0.5,h=6.0,n=30,start_thres=1.25,min_cluster_size=3",hub,0.25,100,24,40,1730,39,1,1,1729,0.975,0.0005780346820809,0.975,0.025,0.2541554434732957
fbc_tfnbs,"e=0.5,h=7.0,n=30,start_thres=1.25,min_cluster_size=3",hub,0.25,100,24,40,1730,39,1,1,1729,0.975,0.0005780346820809,0.975,0.025,0.2541554434732957
fbc_tfnbs,"e=0.5,h=8.0,n=30,start_thres=1.25,min_cluster_size=3",hub,0.25,100,24,40,1730,39,1,1,1729,0.975,0.0005780346820809,0.975,0.025,0.2541554434732957
fbc_tfnbs,"e=0.5,h=9.0,n=30,start_thres=1.25,min_cluster_size=3",hub,0.25,100,24,40,1730,39,1,1,1729,0.975,0.0005780346820809,0.975,0.025,0.2541554434732957
fbc_tfnbs,"e=0.5,h=10.0,n=30,start_thres=1.25,min_cluster_size=3",hub,0.25,100,24,40,1730,39,1,1,1729,0.975,0.0005780346820809,0.975,0.025,0.2541554434732957
fbc_tfnbs,"e=0.6,h=0.5,n=30,start_thres=1.25,min_cluster_size=3",hub,0.25,100,24,40,1730,37,1,3,1729,0.925,0.0005780346820809,0.9736842105263158,0.0263157894736842,0.2541554434732957
fbc_tfnbs,"e=0.6,h=1.0,n=30,start_thres=1.25,min_cluster_size=3",hub,0.25,100,24,40,1730,37,1,3,1729,0.925,0.0005780346820809,0.9736842105263158,0.0263157894736842,0.2541554434732957
fbc_tfnbs,"e=0.6,h=2.0,n=30,start_thres=1.25,min_cluster_size=3",hub,0.25,100,24,40,1730,37,1,3,1729,0.925,0.0005780346820809,0.9736842105263158,0.0263157894736842,0.2541554434732957
fbc_tfnbs,"e=0.6,h=3.0,n=30,start_thres=1.25,min_cluster_size=3",hub,0.25,100,24,40,1730,39,1,1,1729,0.975,0.0005780346820809,0.975,0.025,0.2541554434732957
fbc_tfnbs,"e=0.6,h=4.0,n=30,start_thres=1.25,min_cluster_size=3",hub,0.25,100,24,40,1730,39,1,1,1729,0.975,0.0005780346820809,0.975,0.025,0.2541554434732957
fbc_tfnbs,"e=0.6,h=5.0,n=30,start_thres=1.25,min_cluster_size=3",hub,0.25,100,24,40,1730,39,1,1,1729,0.975,0.0005780346820809,0.975,0.025,0.2541554434732957
fbc_tfnbs,"e=0.6,h=6.0,n=30,start_thres=1.25,min_cluster_size=3",hub,0.25,100,24,40,1730,39,1,1,1729,0.975,0.0005780346820809,0.975,0.025,0.2541554434732957
fbc_tfnbs,"e=0.6,h=7.0,n=30,start_thres=1.25,min_cluster_size=3",hub,0.25,100,24,40,1730,39,1,1,1729,0.975,0.0005780346820809,0.975,0.025,0.2541554434732957
fbc_tfnbs,"e=0.6,h=8.0,n=30,start_thres=1.25,min_cluster_size=3",hub,0.25,100,24,40,1730,39,1,1,1729,0.975,0.0005780346820809,0.975,0.025,0.2541554434732957
fbc_tfnbs,"e=0.6,h=9.0,n=30,start_thres=1.25,min_cluster_size=3",hub,0.25,100,24,40,1730,39,1,1,1729,0.975,0.0005780346820809,0.975,0.025,0.2541554434732957
fbc_tfnbs,"e=0.6,h=10.0,n=30,start_thres=1.25,min_cluster_size=3",hub,0.25,100,24,40,1730,39,1,1,1729,0.975,0.0005780346820809,0.975,0.025,0.2541554434732957
fbc_tfnbs,"e=0.7,h=0.5,n=30,start_thres=1.25,min_cluster_size=3",hub,0.25,100,24,40,1730,37,1,3,1729,0.925,0.0005780346820809,0.9736842105263158,0.0263157894736842,0.2541554434732957
fbc_tfnbs,"e=0.7,h=1.0,n=30,start_thres=1.25,min_cluster_size=3",hub,0.25,100,24,40,1730,37,1,3,1729,0.925,0.0005780346820809,0.9736842105263158,0.0263157894736842,0.2541554434732957
fbc_tfnbs,"e=0.7,h=2.0,n=30,start_thres=1.25,min_cluster_size=3",hub,0.25,100,24,40,1730,37,1,3,1729,0.925,0.0005780346820809,0.9736842105263158,0.0263157894736842,0.2541554434732957
fbc_tfnbs,"e=0.7,h=3.0,n=30,start_thres=1.25,min_cluster_size=3",hub,0.25,100,24,40,1730,39,1,1,1729,0.975,0.0005780346820809,0.975,0.025,0.2541554434732957
fbc_tfnbs,"e=0.7,h=4.0,n=30,start_thres=1.25,min_cluster_size=3",hub,0.25,100,24,40,1730,39,1,1,1729,0.975,0.0005780346820809,0.975,0.025,0.2541554434732957
fbc_tfnbs,"e=0.7,h=5.0,n=30,start_thres=1.25,min_cluster_size=3",hub,0.25,100,24,40,1730,39,1,1,1729,0.975,0.0005780346820809,0.975,0.025,0.2541554434732957
fbc_tfnbs,"e=0.7,h=6.0,n=30,start_thres=1.25,min_cluster_size=3",hub,0.25,100,24,40,1730,39,1,1,1729,0.975,0.0005780346820809,0.975,0.025,0.2541554434732957
fbc_tfnbs,"e=0.7,h=7.0,n=30,start_thres=1.25,min_cluster_size=3",hub,0.25,100,24,40,1730,39,1,1,1729,0.975,0.0005780346820809,0.975,0.025,0.2541554434732957
fbc_tfnbs,"e=0.7,h=8.0,n=30,start_thres=1.25,min_cluster_size=3",hub,0.25,100,24,40,1730,39,1,1,1729,0.975,0.0005780346820809,0.975,0.025,0.2541554434732957
fbc_tfnbs,"e=0.7,h=9.0,n=30,start_thres=1.25,min_cluster_size=3",hub,0.25,100,24,40,1730,39,1,1,1729,0.975,0.0005780346820809,0.975,0.025,0.2541554434732957
fbc_tfnbs,"e=0.7,h=10.0,n=30,start_thres=1.25,min_cluster_size=3",hub,0.25,100,24,40,1730,39,1,1,1729,0.975,0.0005780346820809,0.975,0.025,0.2541554434732957
fbc_tfnbs,"e=0.8,h=0.5,n=30,start_thres=1.25,min_cluster_size=3",hub,0.25,100,24,40,1730,37,1,3,1729,0.925,0.0005780346820809,0.9736842105263158,0.0263157894736842,0.2541554434732957
fbc_tfnbs,"e=0.8,h=1.0,n=30,start_thres=1.25,min_cluster_size=3",hub,0.25,100,24,40,1730,37,1,3,1729,0.925,0.0005780346820809,0.9736842105263158,0.0263157894736842,0.2541554434732957
fbc_tfnbs,"e=0.8,h=2.0,n=30,start_thres=1.25,min_cluster_size=3",hub,0.25,100,24,40,1730,37,1,3,1729,0.925,0.0005780346820809,0.9736842105263158,0.0263157894736842,0.2541554434732957
fbc_tfnbs,"e=0.8,h=3.0,n=30,start_thres=1.25,min_cluster_size=3",hub,0.25,100,24,40,1730,39,1,1,1729,0.975,0.0005780346820809,0.975,0.025,0.2541554434732957
fbc_tfnbs,"e=0.8,h=4.0,n=30,start_thres=1.25,min_cluster_size=3",hub,0.25,100,24,40,1730,39,1,1,1729,0.975,0.0005780346820809,0.975,0.025,0.2541554434732957
fbc_tfnbs,"e=0.8,h=5.0,n=30,start_thres=1.25,min_cluster_size=3",hub,0.25,100,24,40,1730,39,1,1,1729,0.975,0.0005780346820809,0.975,0.025,0.2541554434732957
fbc_tfnbs,"e=0.8,h=6.0,n=30,start_thres=1.25,min_cluster_size=3",hub,0.25,100,24,40,1730,39,1,1,1729,0.975,0.0005780346820809,0.975,0.025,0.2541554434732957
fbc_tfnbs,"e=0.8,h=7.0,n=30,start_thres=1.25,min_cluster_size=3",hub,0.25,100,24,40,1730,39,1,1,1729,0.975,0.0005780346820809,0.975,0.025,0.2541554434732957
fbc_tfnbs,"e=0.8,h=8.0,n=30,start_thres=1.25,min_cluster_size=3",hub,0.25,100,24,40,1730,39,1,1,1729,0.975,0.0005780346820809,0.975,0.025,0.2541554434732957
fbc_tfnbs,"e=0.8,h=9.0,n=30,start_thres=1.25,min_cluster_size=3",hub,0.25,100,24,40,1730,39,1,1,1729,0.975,0.0005780346820809,0.975,0.025,0.2541554434732957
fbc_tfnbs,"e=0.8,h=10.0,n=30,start_thres=1.25,min_cluster_size=3",hub,0.25,100,24,40,1730,39,1,1,1729,0.975,0.0005780346820809,0.975,0.025,0.2541554434732957
fbc_tfnbs,"e=0.9,h=0.5,n=30,start_thres=1.25,min_cluster_size=3",hub,0.25,100,24,40,1730,36,0,4,1730,0.9,0.0,1.0,0.0,0.2541554434732957
fbc_tfnbs,"e=0.9,h=1.0,n=30,start_thres=1.25,min_cluster_size=3",hub,0.25,100,24,40,1730,37,1,3,1729,0.925,0.0005780346820809,0.9736842105263158,0.0263157894736842,0.2541554434732957
fbc_tfnbs,"e=0.9,h=2.0,n=30,start_thres=1.25,min_cluster_size=3",hub,0.25,100,24,40,1730,37,1,3,1729,0.925,0.0005780346820809,0.9736842105263158,0.0263157894736842,0.2541554434732957
fbc_tfnbs,"e=0.9,h=3.0,n=30,start_thres=1.25,min_cluster_size=3",hub,0.25,100,24,40,1730,39,1,1,1729,0.975,0.0005780346820809,0.975,0.025,0.2541554434732957
fbc_tfnbs,"e=0.9,h=4.0,n=30,start_thres=1.25,min_cluster_size=3",hub,0.25,100,24,40,1730,39,1,1,1729,0.975,0.0005780346820809,0.975,0.025,0.2541554434732957
fbc_tfnbs,"e=0.9,h=5.0,n=30,start_thres=1.25,min_cluster_size=3",hub,0.25,100,24,40,1730,39,2,1,1728,0.975,0.0011560693641618,0.951219512195122,0.048780487804878,0.2541554434732957
fbc_tfnbs,"e=0.9,h=6.0,n=30,start_thres=1.25,min_cluster_size=3",hub,0.25,100,24,40,1730,39,2,1,1728,0.975,0.0011560693641618,0.951219512195122,0.048780487804878,0.2541554434732957
fbc_tfnbs,"e=0.9,h=7.0,n=30,start_thres=1.25,min_cluster_size=3",hub,0.25,100,24,40,1730,39,2,1,1728,0.975,0.0011560693641618,0.951219512195122,0.048780487804878,0.2541554434732957
fbc_tfnbs,"e=0.9,h=8.0,n=30,start_thres=1.25,min_cluster_size=3",hub,0.25,100,24,40,1730,39,1,1,1729,0.975,0.0005780346820809,0.975,0.025,0.2541554434732957
fbc_tfnbs,"e=0.9,h=9.0,n=30,start_thres=1.25,min_cluster_size=3",hub,0.25,100,24,40,1730,39,1,1,1729,0.975,0.0005780346820809,0.975,0.025,0.2541554434732957
fbc_tfnbs,"e=0.9,h=10.0,n=30,start_thres=1.25,min_cluster_size=3",hub,0.25,100,24,40,1730,39,1,1,1729,0.975,0.0005780346820809,0.975,0.025,0.2541554434732957
fbc_tfnbs,"e=1.0,h=0.5,n=30,start_thres=1.25,min_cluster_size=3",hub,0.25,100,24,40,1730,36,0,4,1730,0.9,0.0,1.0,0.0,0.2541554434732957
fbc_tfnbs,"e=1.0,h=1.0,n=30,start_thres=1.25,min_cluster_size=3",hub,0.25,100,24,40,1730,37,0,3,1730,0.925,0.0,1.0,0.0,0.2541554434732957
fbc_tfnbs,"e=1.0,h=2.0,n=30,start_thres=1.25,min_cluster_size=3",hub,0.25,100,24,40,1730,37,1,3,1729,0.925,0.0005780346820809,0.9736842105263158,0.0263157894736842,0.2541554434732957
fbc_tfnbs,"e=1.0,h=3.0,n=30,start_thres=1.25,min_cluster_size=3",hub,0.25,100,24,40,1730,38,1,2,1729,0.95,0.0005780346820809,0.9743589743589745,0.0256410256410256,0.2541554434732957
fbc_tfnbs,"e=1.0,h=4.0,n=30,start_thres=1.25,min_cluster_size=3",hub,0.25,100,24,40,1730,39,2,1,1728,0.975,0.0011560693641618,0.951219512195122,0.048780487804878,0.2541554434732957
fbc_tfnbs,"e=1.0,h=5.0,n=30,start_thres=1.25,min_cluster_size=3",hub,0.25,100,24,40,1730,39,2,1,1728,0.975,0.0011560693641618,0.951219512195122,0.048780487804878,0.2541554434732957
fbc_tfnbs,"e=1.0,h=6.0,n=30,start_thres=1.25,min_cluster_size=3",hub,0.25,100,24,40,1730,39,2,1,1728,0.975,0.0011560693641618,0.951219512195122,0.048780487804878,0.2541554434732957
fbc_tfnbs,"e=1.0,h=7.0,n=30,start_thres=1.25,min_cluster_size=3",hub,0.25,100,24,40,1730,39,2,1,1728,0.975,0.0011560693641618,0.951219512195122,0.048780487804878,0.2541554434732957
fbc_tfnbs,"e=1.0,h=8.0,n=30,start_thres=1.25,min_cluster_size=3",hub,0.25,100,24,40,1730,39,2,1,1728,0.975,0.0011560693641618,0.951219512195122,0.048780487804878,0.2541554434732957
fbc_tfnbs,"e=1.0,h=9.0,n=30,start_thres=1.25,min_cluster_size=3",hub,0.25,100,24,40,1730,39,1,1,1729,0.975,0.0005780346820809,0.975,0.025,0.2541554434732957
fbc_tfnbs,"e=1.0,h=10.0,n=30,start_thres=1.25,min_cluster_size=3",hub,0.25,100,24,40,1730,39,1,1,1729,0.975,0.0005780346820809,0.975,0.025,0.2541554434732957
fbc_tfnbs,"e=1.1,h=0.5,n=30,start_thres=1.25,min_cluster_size=3",hub,0.25,100,24,40,1730,36,0,4,1730,0.9,0.0,1.0,0.0,0.2541554434732957
fbc_tfnbs,"e=1.1,h=1.0,n=30,start_thres=1.25,min_cluster_size=3",hub,0.25,100,24,40,1730,36,0,4,1730,0.9,0.0,1.0,0.0,0.2541554434732957
fbc_tfnbs,"e=1.1,h=2.0,n=30,start_thres=1.25,min_cluster_size=3",hub,0.25,100,24,40,1730,37,1,3,1729,0.925,0.0005780346820809,0.9736842105263158,0.0263157894736842,0.2541554434732957
fbc_tfnbs,"e=1.1,h=3.0,n=30,start_thres=1.25,min_cluster_size=3",hub,0.25,100,24,40,1730,37,1,3,1729,0.925,0.0005780346820809,0.9736842105263158,0.0263157894736842,0.2541554434732957
fbc_tfnbs,"e=1.1,h=4.0,n=30,start_thres=1.25,min_cluster_size=3",hub,0.25,100,24,40,1730,39,2,1,1728,0.975,0.0011560693641618,0.951219512195122,0.048780487804878,0.2541554434732957
fbc_tfnbs,"e=1.1,h=5.0,n=30,start_thres=1.25,min_cluster_size=3",hub,0.25,100,24,40,1730,39,2,1,1728,0.975,0.0011560693641618,0.951219512195122,0.048780487804878,0.2541554434732957
fbc_tfnbs,"e=1.1,h=6.0,n=30,start_thres=1.25,min_cluster_size=3",hub,0.25,100,24,40,1730,39,2,1,1728,0.975,0.0011560693641618,0.951219512195122,0.048780487804878,0.2541554434732957
fbc_tfnbs,"e=1.1,h=7.0,n=30,start_thres=1.25,min_cluster_size=3",hub,0.25,100,24,40,1730,39,2,1,1728,0.975,0.0011560693641618,0.951219512195122,0.048780487804878,0.2541554434732957
fbc_tfnbs,"e=1.1,h=8.0,n=30,start_thres=1.25,min_cluster_size=3",hub,0.25,100,24,40,1730,39,2,1,1728,0.975,0.0011560693641618,0.951219512195122,0.048780487804878,0.2541554434732957
fbc_tfnbs,"e=1.1,h=9.0,n=30,start_thres=1.25,min_cluster_size=3",hub,0.25,100,24,40,1730,39,2,1,1728,0.975,0.0011560693641618,0.951219512195122,0.048780487804878,0.2541554434732957
fbc_tfnbs,"e=1.1,h=10.0,n=30,start_thres=1.25,min_cluster_size=3",hub,0.25,100,24,40,1730,39,2,1,1728,0.975,0.0011560693641618,0.951219512195122,0.048780487804878,0.2541554434732957
fbc_tfnbs,"e=1.2,h=0.5,n=30,start_thres=1.25,min_cluster_size=3",hub,0.25,100,24,40,1730,36,0,4,1730,0.9,0.0,1.0,0.0,0.2541554434732957
fbc_tfnbs,"e=1.2,h=1.0,n=30,start_thres=1.25,min_cluster_size=3",hub,0.25,100,24,40,1730,36,0,4,1730,0.9,0.0,1.0,0.0,0.2541554434732957
fbc_tfnbs,"e=1.2,h=2.0,n=30,start_thres=1.25,min_cluster_size=3",hub,0.25,100,24,40,1730,37,1,3,1729,0.925,0.0005780346820809,0.9736842105263158,0.0263157894736842,0.2541554434732957
fbc_tfnbs,"e=1.2,h=3.0,n=30,start_thres=1.25,min_cluster_size=3",hub,0.25,100,24,40,1730,37,1,3,1729,0.925,0.0005780346820809,0.9736842105263158,0.0263157894736842,0.2541554434732957
fbc_tfnbs,"e=1.2,h=4.0,n=30,start_thres=1.25,min_cluster_size=3",hub,0.25,100,24,40,1730,39,2,1,1728,0.975,0.0011560693641618,0.951219512195122,0.048780487804878,0.2541554434732957
fbc_tfnbs,"e=1.2,h=5.0,n=30,start_thres=1.25,min_cluster_size=3",hub,0.25,100,24,40,1730,39,2,1,1728,0.975,0.0011560693641618,0.951219512195122,0.048780487804878,0.2541554434732957
fbc_tfnbs,"e=1.2,h=6.0,n=30,start_thres=1.25,min_cluster_size=3",hub,0.25,100,24,40,1730,39,2,1,1728,0.975,0.0011560693641618,0.951219512195122,0.048780487804878,0.2541554434732957
fbc_tfnbs,"e=1.2,h=7.0,n=30,start_thres=1.25,min_cluster_size=3",hub,0.25,100,24,40,1730,39,2,1,1728,0.975,0.0011560693641618,0.951219512195122,0.048780487804878,0.2541554434732957
fbc_tfnbs,"e=1.2,h=8.0,n=30,start_thres=1.25,min_cluster_size=3",hub,0.25,100,24,40,1730,39,2,1,1728,0.975,0.0011560693641618,0.951219512195122,0.048780487804878,0.2541554434732957
fbc_tfnbs,"e=1.2,h=9.0,n=30,start_thres=1.25,min_cluster_size=3",hub,0.25,100,24,40,1730,39,2,1,1728,0.975,0.0011560693641618,0.951219512195122,0.048780487804878,0.2541554434732957
fbc_tfnbs,"e=1.2,h=10.0,n=30,start_thres=1.25,min_cluster_size=3",hub,0.25,100,24,40,1730,39,2,1,1728,0.975,0.0011560693641618,0.951219512195122,0.048780487804878,0.2541554434732957
fbc_tfnbs,"e=1.3,h=0.5,n=30,start_thres=1.25,min_cluster_size=3",hub,0.25,100,24,40,1730,36,0,4,1730,0.9,0.0,1.0,0.0,0.2541554434732957
fbc_tfnbs,"e=1.3,h=1.0,n=30,start_thres=1.25,min_cluster_size=3",hub,0.25,100,24,40,1730,36,0,4,1730,0.9,0.0,1.0,0.0,0.2541554434732957
fbc_tfnbs,"e=1.3,h=2.0,n=30,start_thres=1.25,min_cluster_size=3",hub,0.25,100,24,40,1730,37,1,3,1729,0.925,0.0005780346820809,0.9736842105263158,0.0263157894736842,0.2541554434732957
fbc_tfnbs,"e=1.3,h=3.0,n=30,start_thres=1.25,min_cluster_size=3",hub,0.25,100,24,40,1730,37,1,3,1729,0.925,0.0005780346820809,0.9736842105263158,0.0263157894736842,0.2541554434732957
fbc_tfnbs,"e=1.3,h=4.0,n=30,start_thres=1.25,min_cluster_size=3",hub,0.25,100,24,40,1730,39,2,1,1728,0.975,0.0011560693641618,0.951219512195122,0.048780487804878,0.2541554434732957
fbc_tfnbs,"e=1.3,h=5.0,n=30,start_thres=1.25,min_cluster_size=3",hub,0.25,100,24,40,1730,39,2,1,1728,0.975,0.0011560693641618,0.951219512195122,0.048780487804878,0.2541554434732957
fbc_tfnbs,"e=1.3,h=6.0,n=30,start_thres=1.25,min_cluster_size=3",hub,0.25,100,24,40,1730,39,2,1,1728,0.975,0.0011560693641618,0.951219512195122,0.048780487804878,0.2541554434732957
fbc_tfnbs,"e=1.3,h=7.0,n=30,start_thres=1.25,min_cluster_size=3",hub,0.25,100,24,40,1730,39,2,1,1728,0.975,0.0011560693641618,0.951219512195122,0.048780487804878,0.2541554434732957
fbc_tfnbs,"e=1.3,h=8.0,n=30,start_thres=1.25,min_cluster_size=3",hub,0.25,100,24,40,1730,39,2,1,1728,0.975,0.0011560693641618,0.951219512195122,0.048780487804878,0.2541554434732957
fbc_tfnbs,"e=1.3,h=9.0,n=30,start_thres=1.25,min_cluster_size=3",hub,0.25,100,24,40,1730,39,2,1,1728,0.975,0.0011560693641618,0.951219512195122,0.048780487804878,0.2541554434732957
fbc_tfnbs,"e=1.3,h=10.0,n=30,start_thres=1.25,min_cluster_size=3",hub,0.25,100,24,40,1730,39,2,1,1728,0.975,0.0011560693641618,0.951219512195122,0.048780487804878,0.2541554434732957
fbc_tfnbs,"e=1.4,h=0.5,n=30,start_thres=1.25,min_cluster_size=3",hub,0.25,100,24,40,1730,34,0,6,1730,0.85,0.0,1.0,0.0,0.2541554434732957
fbc_tfnbs,"e=1.4,h=1.0,n=30,start_thres=1.25,min_cluster_size=3",hub,0.25,100,24,40,1730,36,0,4,1730,0.9,0.0,1.0,0.0,0.2541554434732957
fbc_tfnbs,"e=1.4,h=2.0,n=30,start_thres=1.25,min_cluster_size=3",hub,0.25,100,24,40,1730,37,0,3,1730,0.925,0.0,1.0,0.0,0.2541554434732957
fbc_tfnbs,"e=1.4,h=3.0,n=30,start_thres=1.25,min_cluster_size=3",hub,0.25,100,24,40,1730,37,1,3,1729,0.925,0.0005780346820809,0.9736842105263158,0.0263157894736842,0.2541554434732957
fbc_tfnbs,"e=1.4,h=4.0,n=30,start_thres=1.25,min_cluster_size=3",hub,0.25,100,24,40,1730,38,2,2,1728,0.95,0.0011560693641618,0.95,0.05,0.2541554434732957
fbc_tfnbs,"e=1.4,h=5.0,n=30,start_thres=1.25,min_cluster_size=3",hub,0.25,100,24,40,1730,39,2,1,1728,0.975,0.0011560693641618,0.951219512195122,0.048780487804878,0.2541554434732957
fbc_tfnbs,"e=1.4,h=6.0,n=30,start_thres=1.25,min_cluster_size=3",hub,0.25,100,24,40,1730,39,2,1,1728,0.975,0.0011560693641618,0.951219512195122,0.048780487804878,0.2541554434732957
fbc_tfnbs,"e=1.4,h=7.0,n=30,start_thres=1.25,min_cluster_size=3",hub,0.25,100,24,40,1730,39,2,1,1728,0.975,0.0011560693641618,0.951219512195122,0.048780487804878,0.2541554434732957
fbc_tfnbs,"e=1.4,h=8.0,n=30,start_thres=1.25,min_cluster_size=3",hub,0.25,100,24,40,1730,39,2,1,1728,0.975,0.0011560693641618,0.951219512195122,0.048780487804878,0.2541554434732957
fbc_tfnbs,"e=1.4,h=9.0,n=30,start_thres=1.25,min_cluster_size=3",hub,0.25,100,24,40,1730,39,2,1,1728,0.975,0.0011560693641618,0.951219512195122,0.048780487804878,0.2541554434732957
fbc_tfnbs,"e=1.4,h=10.0,n=30,start_thres=1.25,min_cluster_size=3",hub,0.25,100,24,40,1730,39,2,1,1728,0.975,0.0011560693641618,0.951219512195122,0.048780487804878,0.2541554434732957
fbc_tfnbs,"e=1.5,h=0.5,n=30,start_thres=1.25,min_cluster_size=3",hub,0.25,100,24,40,1730,32,0,8,1730,0.8,0.0,1.0,0.0,0.2541554434732957
fbc_tfnbs,"e=1.5,h=1.0,n=30,start_thres=1.25,min_cluster_size=3",hub,0.25,100,24,40,1730,36,0,4,1730,0.9,0.0,1.0,0.0,0.2541554434732957
fbc_tfnbs,"e=1.5,h=2.0,n=30,start_thres=1.25,min_cluster_size=3",hub,0.25,100,24,40,1730,37,0,3,1730,0.925,0.0,1.0,0.0,0.2541554434732957
fbc_tfnbs,"e=1.5,h=3.0,n=30,start_thres=1.25,min_cluster_size=3",hub,0.25,100,24,40,1730,37,1,3,1729,0.925,0.0005780346820809,0.9736842105263158,0.0263157894736842,0.2541554434732957
fbc_tfnbs,"e=1.5,h=4.0,n=30,start_thres=1.25,min_cluster_size=3",hub,0.25,100,24,40,1730,37,2,3,1728,0.925,0.0011560693641618,0.9487179487179488,0.0512820512820512,0.2541554434732957
fbc_tfnbs,"e=1.5,h=5.0,n=30,start_thres=1.25,min_cluster_size=3",hub,0.25,100,24,40,1730,39,2,1,1728,0.975,0.0011560693641618,0.951219512195122,0.048780487804878,0.2541554434732957
fbc_tfnbs,"e=1.5,h=6.0,n=30,start_thres=1.25,min_cluster_size=3",hub,0.25,100,24,40,1730,39,2,1,1728,0.975,0.0011560693641618,0.951219512195122,0.048780487804878,0.2541554434732957
fbc_tfnbs,"e=1.5,h=7.0,n=30,start_thres=1.25,min_cluster_size=3",hub,0.25,100,24,40,1730,39,2,1,1728,0.975,0.0011560693641618,0.951219512195122,0.048780487804878,0.2541554434732957
fbc_tfnbs,"e=1.5,h=8.0,n=30,start_thres=1.25,min_cluster_size=3",hub,0.25,100,24,40,1730,39,2,1,1728,0.975,0.0011560693641618,0.951219512195122,0.048780487804878,0.2541554434732957
fbc_tfnbs,"e=1.5,h=9.0,n=30,start_thres=1.25,min_cluster_size=3",hub,0.25,100,24,40,1730,39,2,1,1728,0.975,0.0011560693641618,0.951219512195122,0.048780487804878,0.2541554434732957
fbc_tfnbs,"e=1.5,h=10.0,n=30,start_thres=1.25,min_cluster_size=3",hub,0.25,100,24,40,1730,39,2,1,1728,0.975,0.0011560693641618,0.951219512195122,0.048780487804878,0.2541554434732957
fbc_tfnbs,"e=0.05,h=0.5,n=30,start_thres=1.25,min_cluster_size=3",hub,0.25,100,25,40,1730,36,0,4,1730,0.9,0.0,1.0,0.0,0.2599863247437911
fbc_tfnbs,"e=0.05,h=1.0,n=30,start_thres=1.25,min_cluster_size=3",hub,0.25,100,25,40,1730,36,0,4,1730,0.9,0.0,1.0,0.0,0.2599863247437911
fbc_tfnbs,"e=0.05,h=2.0,n=30,start_thres=1.25,min_cluster_size=3",hub,0.25,100,25,40,1730,36,0,4,1730,0.9,0.0,1.0,0.0,0.2599863247437911
fbc_tfnbs,"e=0.05,h=3.0,n=30,start_thres=1.25,min_cluster_size=3",hub,0.25,100,25,40,1730,36,0,4,1730,0.9,0.0,1.0,0.0,0.2599863247437911
fbc_tfnbs,"e=0.05,h=4.0,n=30,start_thres=1.25,min_cluster_size=3",hub,0.25,100,25,40,1730,36,0,4,1730,0.9,0.0,1.0,0.0,0.2599863247437911
fbc_tfnbs,"e=0.05,h=5.0,n=30,start_thres=1.25,min_cluster_size=3",hub,0.25,100,25,40,1730,36,0,4,1730,0.9,0.0,1.0,0.0,0.2599863247437911
fbc_tfnbs,"e=0.05,h=6.0,n=30,start_thres=1.25,min_cluster_size=3",hub,0.25,100,25,40,1730,36,0,4,1730,0.9,0.0,1.0,0.0,0.2599863247437911
fbc_tfnbs,"e=0.05,h=7.0,n=30,start_thres=1.25,min_cluster_size=3",hub,0.25,100,25,40,1730,36,0,4,1730,0.9,0.0,1.0,0.0,0.2599863247437911
fbc_tfnbs,"e=0.05,h=8.0,n=30,start_thres=1.25,min_cluster_size=3",hub,0.25,100,25,40,1730,36,0,4,1730,0.9,0.0,1.0,0.0,0.2599863247437911
fbc_tfnbs,"e=0.05,h=9.0,n=30,start_thres=1.25,min_cluster_size=3",hub,0.25,100,25,40,1730,36,0,4,1730,0.9,0.0,1.0,0.0,0.2599863247437911
fbc_tfnbs,"e=0.05,h=10.0,n=30,start_thres=1.25,min_cluster_size=3",hub,0.25,100,25,40,1730,36,0,4,1730,0.9,0.0,1.0,0.0,0.2599863247437911
fbc_tfnbs,"e=0.1,h=0.5,n=30,start_thres=1.25,min_cluster_size=3",hub,0.25,100,25,40,1730,36,0,4,1730,0.9,0.0,1.0,0.0,0.2599863247437911
fbc_tfnbs,"e=0.1,h=1.0,n=30,start_thres=1.25,min_cluster_size=3",hub,0.25,100,25,40,1730,36,0,4,1730,0.9,0.0,1.0,0.0,0.2599863247437911
fbc_tfnbs,"e=0.1,h=2.0,n=30,start_thres=1.25,min_cluster_size=3",hub,0.25,100,25,40,1730,36,0,4,1730,0.9,0.0,1.0,0.0,0.2599863247437911
fbc_tfnbs,"e=0.1,h=3.0,n=30,start_thres=1.25,min_cluster_size=3",hub,0.25,100,25,40,1730,36,0,4,1730,0.9,0.0,1.0,0.0,0.2599863247437911
fbc_tfnbs,"e=0.1,h=4.0,n=30,start_thres=1.25,min_cluster_size=3",hub,0.25,100,25,40,1730,36,0,4,1730,0.9,0.0,1.0,0.0,0.2599863247437911
fbc_tfnbs,"e=0.1,h=5.0,n=30,start_thres=1.25,min_cluster_size=3",hub,0.25,100,25,40,1730,36,0,4,1730,0.9,0.0,1.0,0.0,0.2599863247437911
fbc_tfnbs,"e=0.1,h=6.0,n=30,start_thres=1.25,min_cluster_size=3",hub,0.25,100,25,40,1730,36,0,4,1730,0.9,0.0,1.0,0.0,0.2599863247437911
fbc_tfnbs,"e=0.1,h=7.0,n=30,start_thres=1.25,min_cluster_size=3",hub,0.25,100,25,40,1730,36,0,4,1730,0.9,0.0,1.0,0.0,0.2599863247437911
fbc_tfnbs,"e=0.1,h=8.0,n=30,start_thres=1.25,min_cluster_size=3",hub,0.25,100,25,40,1730,36,0,4,1730,0.9,0.0,1.0,0.0,0.2599863247437911
fbc_tfnbs,"e=0.1,h=9.0,n=30,start_thres=1.25,min_cluster_size=3",hub,0.25,100,25,40,1730,36,0,4,1730,0.9,0.0,1.0,0.0,0.2599863247437911
fbc_tfnbs,"e=0.1,h=10.0,n=30,start_thres=1.25,min_cluster_size=3",hub,0.25,100,25,40,1730,36,0,4,1730,0.9,0.0,1.0,0.0,0.2599863247437911
fbc_tfnbs,"e=0.2,h=0.5,n=30,start_thres=1.25,min_cluster_size=3",hub,0.25,100,25,40,1730,36,0,4,1730,0.9,0.0,1.0,0.0,0.2599863247437911
fbc_tfnbs,"e=0.2,h=1.0,n=30,start_thres=1.25,min_cluster_size=3",hub,0.25,100,25,40,1730,36,0,4,1730,0.9,0.0,1.0,0.0,0.2599863247437911
fbc_tfnbs,"e=0.2,h=2.0,n=30,start_thres=1.25,min_cluster_size=3",hub,0.25,100,25,40,1730,36,0,4,1730,0.9,0.0,1.0,0.0,0.2599863247437911
fbc_tfnbs,"e=0.2,h=3.0,n=30,start_thres=1.25,min_cluster_size=3",hub,0.25,100,25,40,1730,36,0,4,1730,0.9,0.0,1.0,0.0,0.2599863247437911
fbc_tfnbs,"e=0.2,h=4.0,n=30,start_thres=1.25,min_cluster_size=3",hub,0.25,100,25,40,1730,36,0,4,1730,0.9,0.0,1.0,0.0,0.2599863247437911
fbc_tfnbs,"e=0.2,h=5.0,n=30,start_thres=1.25,min_cluster_size=3",hub,0.25,100,25,40,1730,36,0,4,1730,0.9,0.0,1.0,0.0,0.2599863247437911
fbc_tfnbs,"e=0.2,h=6.0,n=30,start_thres=1.25,min_cluster_size=3",hub,0.25,100,25,40,1730,36,0,4,1730,0.9,0.0,1.0,0.0,0.2599863247437911
fbc_tfnbs,"e=0.2,h=7.0,n=30,start_thres=1.25,min_cluster_size=3",hub,0.25,100,25,40,1730,36,0,4,1730,0.9,0.0,1.0,0.0,0.2599863247437911
fbc_tfnbs,"e=0.2,h=8.0,n=30,start_thres=1.25,min_cluster_size=3",hub,0.25,100,25,40,1730,36,0,4,1730,0.9,0.0,1.0,0.0,0.2599863247437911
fbc_tfnbs,"e=0.2,h=9.0,n=30,start_thres=1.25,min_cluster_size=3",hub,0.25,100,25,40,1730,36,0,4,1730,0.9,0.0,1.0,0.0,0.2599863247437911
fbc_tfnbs,"e=0.2,h=10.0,n=30,start_thres=1.25,min_cluster_size=3",hub,0.25,100,25,40,1730,36,0,4,1730,0.9,0.0,1.0,0.0,0.2599863247437911
fbc_tfnbs,"e=0.3,h=0.5,n=30,start_thres=1.25,min_cluster_size=3",hub,0.25,100,25,40,1730,36,0,4,1730,0.9,0.0,1.0,0.0,0.2599863247437911
fbc_tfnbs,"e=0.3,h=1.0,n=30,start_thres=1.25,min_cluster_size=3",hub,0.25,100,25,40,1730,36,0,4,1730,0.9,0.0,1.0,0.0,0.2599863247437911
fbc_tfnbs,"e=0.3,h=2.0,n=30,start_thres=1.25,min_cluster_size=3",hub,0.25,100,25,40,1730,36,0,4,1730,0.9,0.0,1.0,0.0,0.2599863247437911
fbc_tfnbs,"e=0.3,h=3.0,n=30,start_thres=1.25,min_cluster_size=3",hub,0.25,100,25,40,1730,36,0,4,1730,0.9,0.0,1.0,0.0,0.2599863247437911
fbc_tfnbs,"e=0.3,h=4.0,n=30,start_thres=1.25,min_cluster_size=3",hub,0.25,100,25,40,1730,36,0,4,1730,0.9,0.0,1.0,0.0,0.2599863247437911
fbc_tfnbs,"e=0.3,h=5.0,n=30,start_thres=1.25,min_cluster_size=3",hub,0.25,100,25,40,1730,36,0,4,1730,0.9,0.0,1.0,0.0,0.2599863247437911
fbc_tfnbs,"e=0.3,h=6.0,n=30,start_thres=1.25,min_cluster_size=3",hub,0.25,100,25,40,1730,36,0,4,1730,0.9,0.0,1.0,0.0,0.2599863247437911
fbc_tfnbs,"e=0.3,h=7.0,n=30,start_thres=1.25,min_cluster_size=3",hub,0.25,100,25,40,1730,36,0,4,1730,0.9,0.0,1.0,0.0,0.2599863247437911
fbc_tfnbs,"e=0.3,h=8.0,n=30,start_thres=1.25,min_cluster_size=3",hub,0.25,100,25,40,1730,36,0,4,1730,0.9,0.0,1.0,0.0,0.2599863247437911
fbc_tfnbs,"e=0.3,h=9.0,n=30,start_thres=1.25,min_cluster_size=3",hub,0.25,100,25,40,1730,36,0,4,1730,0.9,0.0,1.0,0.0,0.2599863247437911
fbc_tfnbs,"e=0.3,h=10.0,n=30,start_thres=1.25,min_cluster_size=3",hub,0.25,100,25,40,1730,36,0,4,1730,0.9,0.0,1.0,0.0,0.2599863247437911
fbc_tfnbs,"e=0.4,h=0.5,n=30,start_thres=1.25,min_cluster_size=3",hub,0.25,100,25,40,1730,36,0,4,1730,0.9,0.0,1.0,0.0,0.2599863247437911
fbc_tfnbs,"e=0.4,h=1.0,n=30,start_thres=1.25,min_cluster_size=3",hub,0.25,100,25,40,1730,36,0,4,1730,0.9,0.0,1.0,0.0,0.2599863247437911
fbc_tfnbs,"e=0.4,h=2.0,n=30,start_thres=1.25,min_cluster_size=3",hub,0.25,100,25,40,1730,36,0,4,1730,0.9,0.0,1.0,0.0,0.2599863247437911
fbc_tfnbs,"e=0.4,h=3.0,n=30,start_thres=1.25,min_cluster_size=3",hub,0.25,100,25,40,1730,36,0,4,1730,0.9,0.0,1.0,0.0,0.2599863247437911
fbc_tfnbs,"e=0.4,h=4.0,n=30,start_thres=1.25,min_cluster_size=3",hub,0.25,100,25,40,1730,36,0,4,1730,0.9,0.0,1.0,0.0,0.2599863247437911
fbc_tfnbs,"e=0.4,h=5.0,n=30,start_thres=1.25,min_cluster_size=3",hub,0.25,100,25,40,1730,36,0,4,1730,0.9,0.0,1.0,0.0,0.2599863247437911
fbc_tfnbs,"e=0.4,h=6.0,n=30,start_thres=1.25,min_cluster_size=3",hub,0.25,100,25,40,1730,36,0,4,1730,0.9,0.0,1.0,0.0,0.2599863247437911
fbc_tfnbs,"e=0.4,h=7.0,n=30,start_thres=1.25,min_cluster_size=3",hub,0.25,100,25,40,1730,36,0,4,1730,0.9,0.0,1.0,0.0,0.2599863247437911
fbc_tfnbs,"e=0.4,h=8.0,n=30,start_thres=1.25,min_cluster_size=3",hub,0.25,100,25,40,1730,36,0,4,1730,0.9,0.0,1.0,0.0,0.2599863247437911
fbc_tfnbs,"e=0.4,h=9.0,n=30,start_thres=1.25,min_cluster_size=3",hub,0.25,100,25,40,1730,36,0,4,1730,0.9,0.0,1.0,0.0,0.2599863247437911
fbc_tfnbs,"e=0.4,h=10.0,n=30,start_thres=1.25,min_cluster_size=3",hub,0.25,100,25,40,1730,36,0,4,1730,0.9,0.0,1.0,0.0,0.2599863247437911
fbc_tfnbs,"e=0.5,h=0.5,n=30,start_thres=1.25,min_cluster_size=3",hub,0.25,100,25,40,1730,36,0,4,1730,0.9,0.0,1.0,0.0,0.2599863247437911
fbc_tfnbs,"e=0.5,h=1.0,n=30,start_thres=1.25,min_cluster_size=3",hub,0.25,100,25,40,1730,36,0,4,1730,0.9,0.0,1.0,0.0,0.2599863247437911
fbc_tfnbs,"e=0.5,h=2.0,n=30,start_thres=1.25,min_cluster_size=3",hub,0.25,100,25,40,1730,36,0,4,1730,0.9,0.0,1.0,0.0,0.2599863247437911
fbc_tfnbs,"e=0.5,h=3.0,n=30,start_thres=1.25,min_cluster_size=3",hub,0.25,100,25,40,1730,36,0,4,1730,0.9,0.0,1.0,0.0,0.2599863247437911
fbc_tfnbs,"e=0.5,h=4.0,n=30,start_thres=1.25,min_cluster_size=3",hub,0.25,100,25,40,1730,36,0,4,1730,0.9,0.0,1.0,0.0,0.2599863247437911
fbc_tfnbs,"e=0.5,h=5.0,n=30,start_thres=1.25,min_cluster_size=3",hub,0.25,100,25,40,1730,36,0,4,1730,0.9,0.0,1.0,0.0,0.2599863247437911
fbc_tfnbs,"e=0.5,h=6.0,n=30,start_thres=1.25,min_cluster_size=3",hub,0.25,100,25,40,1730,36,0,4,1730,0.9,0.0,1.0,0.0,0.2599863247437911
fbc_tfnbs,"e=0.5,h=7.0,n=30,start_thres=1.25,min_cluster_size=3",hub,0.25,100,25,40,1730,36,0,4,1730,0.9,0.0,1.0,0.0,0.2599863247437911
fbc_tfnbs,"e=0.5,h=8.0,n=30,start_thres=1.25,min_cluster_size=3",hub,0.25,100,25,40,1730,36,0,4,1730,0.9,0.0,1.0,0.0,0.2599863247437911
fbc_tfnbs,"e=0.5,h=9.0,n=30,start_thres=1.25,min_cluster_size=3",hub,0.25,100,25,40,1730,36,0,4,1730,0.9,0.0,1.0,0.0,0.2599863247437911
fbc_tfnbs,"e=0.5,h=10.0,n=30,start_thres=1.25,min_cluster_size=3",hub,0.25,100,25,40,1730,36,0,4,1730,0.9,0.0,1.0,0.0,0.2599863247437911
fbc_tfnbs,"e=0.6,h=0.5,n=30,start_thres=1.25,min_cluster_size=3",hub,0.25,100,25,40,1730,36,0,4,1730,0.9,0.0,1.0,0.0,0.2599863247437911
fbc_tfnbs,"e=0.6,h=1.0,n=30,start_thres=1.25,min_cluster_size=3",hub,0.25,100,25,40,1730,36,0,4,1730,0.9,0.0,1.0,0.0,0.2599863247437911
fbc_tfnbs,"e=0.6,h=2.0,n=30,start_thres=1.25,min_cluster_size=3",hub,0.25,100,25,40,1730,36,0,4,1730,0.9,0.0,1.0,0.0,0.2599863247437911
fbc_tfnbs,"e=0.6,h=3.0,n=30,start_thres=1.25,min_cluster_size=3",hub,0.25,100,25,40,1730,36,0,4,1730,0.9,0.0,1.0,0.0,0.2599863247437911
fbc_tfnbs,"e=0.6,h=4.0,n=30,start_thres=1.25,min_cluster_size=3",hub,0.25,100,25,40,1730,36,0,4,1730,0.9,0.0,1.0,0.0,0.2599863247437911
fbc_tfnbs,"e=0.6,h=5.0,n=30,start_thres=1.25,min_cluster_size=3",hub,0.25,100,25,40,1730,36,0,4,1730,0.9,0.0,1.0,0.0,0.2599863247437911
fbc_tfnbs,"e=0.6,h=6.0,n=30,start_thres=1.25,min_cluster_size=3",hub,0.25,100,25,40,1730,36,0,4,1730,0.9,0.0,1.0,0.0,0.2599863247437911
fbc_tfnbs,"e=0.6,h=7.0,n=30,start_thres=1.25,min_cluster_size=3",hub,0.25,100,25,40,1730,36,0,4,1730,0.9,0.0,1.0,0.0,0.2599863247437911
fbc_tfnbs,"e=0.6,h=8.0,n=30,start_thres=1.25,min_cluster_size=3",hub,0.25,100,25,40,1730,36,0,4,1730,0.9,0.0,1.0,0.0,0.2599863247437911
fbc_tfnbs,"e=0.6,h=9.0,n=30,start_thres=1.25,min_cluster_size=3",hub,0.25,100,25,40,1730,36,0,4,1730,0.9,0.0,1.0,0.0,0.2599863247437911
fbc_tfnbs,"e=0.6,h=10.0,n=30,start_thres=1.25,min_cluster_size=3",hub,0.25,100,25,40,1730,36,0,4,1730,0.9,0.0,1.0,0.0,0.2599863247437911
fbc_tfnbs,"e=0.7,h=0.5,n=30,start_thres=1.25,min_cluster_size=3",hub,0.25,100,25,40,1730,36,0,4,1730,0.9,0.0,1.0,0.0,0.2599863247437911
fbc_tfnbs,"e=0.7,h=1.0,n=30,start_thres=1.25,min_cluster_size=3",hub,0.25,100,25,40,1730,36,0,4,1730,0.9,0.0,1.0,0.0,0.2599863247437911
fbc_tfnbs,"e=0.7,h=2.0,n=30,start_thres=1.25,min_cluster_size=3",hub,0.25,100,25,40,1730,36,0,4,1730,0.9,0.0,1.0,0.0,0.2599863247437911
fbc_tfnbs,"e=0.7,h=3.0,n=30,start_thres=1.25,min_cluster_size=3",hub,0.25,100,25,40,1730,36,0,4,1730,0.9,0.0,1.0,0.0,0.2599863247437911
fbc_tfnbs,"e=0.7,h=4.0,n=30,start_thres=1.25,min_cluster_size=3",hub,0.25,100,25,40,1730,36,0,4,1730,0.9,0.0,1.0,0.0,0.2599863247437911
fbc_tfnbs,"e=0.7,h=5.0,n=30,start_thres=1.25,min_cluster_size=3",hub,0.25,100,25,40,1730,36,0,4,1730,0.9,0.0,1.0,0.0,0.2599863247437911
fbc_tfnbs,"e=0.7,h=6.0,n=30,start_thres=1.25,min_cluster_size=3",hub,0.25,100,25,40,1730,36,0,4,1730,0.9,0.0,1.0,0.0,0.2599863247437911
fbc_tfnbs,"e=0.7,h=7.0,n=30,start_thres=1.25,min_cluster_size=3",hub,0.25,100,25,40,1730,36,0,4,1730,0.9,0.0,1.0,0.0,0.2599863247437911
fbc_tfnbs,"e=0.7,h=8.0,n=30,start_thres=1.25,min_cluster_size=3",hub,0.25,100,25,40,1730,36,0,4,1730,0.9,0.0,1.0,0.0,0.2599863247437911
fbc_tfnbs,"e=0.7,h=9.0,n=30,start_thres=1.25,min_cluster_size=3",hub,0.25,100,25,40,1730,36,0,4,1730,0.9,0.0,1.0,0.0,0.2599863247437911
fbc_tfnbs,"e=0.7,h=10.0,n=30,start_thres=1.25,min_cluster_size=3",hub,0.25,100,25,40,1730,36,0,4,1730,0.9,0.0,1.0,0.0,0.2599863247437911
fbc_tfnbs,"e=0.8,h=0.5,n=30,start_thres=1.25,min_cluster_size=3",hub,0.25,100,25,40,1730,36,0,4,1730,0.9,0.0,1.0,0.0,0.2599863247437911
fbc_tfnbs,"e=0.8,h=1.0,n=30,start_thres=1.25,min_cluster_size=3",hub,0.25,100,25,40,1730,36,0,4,1730,0.9,0.0,1.0,0.0,0.2599863247437911
fbc_tfnbs,"e=0.8,h=2.0,n=30,start_thres=1.25,min_cluster_size=3",hub,0.25,100,25,40,1730,36,0,4,1730,0.9,0.0,1.0,0.0,0.2599863247437911
fbc_tfnbs,"e=0.8,h=3.0,n=30,start_thres=1.25,min_cluster_size=3",hub,0.25,100,25,40,1730,36,0,4,1730,0.9,0.0,1.0,0.0,0.2599863247437911
fbc_tfnbs,"e=0.8,h=4.0,n=30,start_thres=1.25,min_cluster_size=3",hub,0.25,100,25,40,1730,36,0,4,1730,0.9,0.0,1.0,0.0,0.2599863247437911
fbc_tfnbs,"e=0.8,h=5.0,n=30,start_thres=1.25,min_cluster_size=3",hub,0.25,100,25,40,1730,36,0,4,1730,0.9,0.0,1.0,0.0,0.2599863247437911
fbc_tfnbs,"e=0.8,h=6.0,n=30,start_thres=1.25,min_cluster_size=3",hub,0.25,100,25,40,1730,36,0,4,1730,0.9,0.0,1.0,0.0,0.2599863247437911
fbc_tfnbs,"e=0.8,h=7.0,n=30,start_thres=1.25,min_cluster_size=3",hub,0.25,100,25,40,1730,36,0,4,1730,0.9,0.0,1.0,0.0,0.2599863247437911
fbc_tfnbs,"e=0.8,h=8.0,n=30,start_thres=1.25,min_cluster_size=3",hub,0.25,100,25,40,1730,36,0,4,1730,0.9,0.0,1.0,0.0,0.2599863247437911
fbc_tfnbs,"e=0.8,h=9.0,n=30,start_thres=1.25,min_cluster_size=3",hub,0.25,100,25,40,1730,36,0,4,1730,0.9,0.0,1.0,0.0,0.2599863247437911
fbc_tfnbs,"e=0.8,h=10.0,n=30,start_thres=1.25,min_cluster_size=3",hub,0.25,100,25,40,1730,36,0,4,1730,0.9,0.0,1.0,0.0,0.2599863247437911
fbc_tfnbs,"e=0.9,h=0.5,n=30,start_thres=1.25,min_cluster_size=3",hub,0.25,100,25,40,1730,36,0,4,1730,0.9,0.0,1.0,0.0,0.2599863247437911
fbc_tfnbs,"e=0.9,h=1.0,n=30,start_thres=1.25,min_cluster_size=3",hub,0.25,100,25,40,1730,36,0,4,1730,0.9,0.0,1.0,0.0,0.2599863247437911
fbc_tfnbs,"e=0.9,h=2.0,n=30,start_thres=1.25,min_cluster_size=3",hub,0.25,100,25,40,1730,36,0,4,1730,0.9,0.0,1.0,0.0,0.2599863247437911
fbc_tfnbs,"e=0.9,h=3.0,n=30,start_thres=1.25,min_cluster_size=3",hub,0.25,100,25,40,1730,36,0,4,1730,0.9,0.0,1.0,0.0,0.2599863247437911
fbc_tfnbs,"e=0.9,h=4.0,n=30,start_thres=1.25,min_cluster_size=3",hub,0.25,100,25,40,1730,36,0,4,1730,0.9,0.0,1.0,0.0,0.2599863247437911
fbc_tfnbs,"e=0.9,h=5.0,n=30,start_thres=1.25,min_cluster_size=3",hub,0.25,100,25,40,1730,36,0,4,1730,0.9,0.0,1.0,0.0,0.2599863247437911
fbc_tfnbs,"e=0.9,h=6.0,n=30,start_thres=1.25,min_cluster_size=3",hub,0.25,100,25,40,1730,36,0,4,1730,0.9,0.0,1.0,0.0,0.2599863247437911
fbc_tfnbs,"e=0.9,h=7.0,n=30,start_thres=1.25,min_cluster_size=3",hub,0.25,100,25,40,1730,36,0,4,1730,0.9,0.0,1.0,0.0,0.2599863247437911
fbc_tfnbs,"e=0.9,h=8.0,n=30,start_thres=1.25,min_cluster_size=3",hub,0.25,100,25,40,1730,36,0,4,1730,0.9,0.0,1.0,0.0,0.2599863247437911
fbc_tfnbs,"e=0.9,h=9.0,n=30,start_thres=1.25,min_cluster_size=3",hub,0.25,100,25,40,1730,36,0,4,1730,0.9,0.0,1.0,0.0,0.2599863247437911
fbc_tfnbs,"e=0.9,h=10.0,n=30,start_thres=1.25,min_cluster_size=3",hub,0.25,100,25,40,1730,36,0,4,1730,0.9,0.0,1.0,0.0,0.2599863247437911
fbc_tfnbs,"e=1.0,h=0.5,n=30,start_thres=1.25,min_cluster_size=3",hub,0.25,100,25,40,1730,36,0,4,1730,0.9,0.0,1.0,0.0,0.2599863247437911
fbc_tfnbs,"e=1.0,h=1.0,n=30,start_thres=1.25,min_cluster_size=3",hub,0.25,100,25,40,1730,36,0,4,1730,0.9,0.0,1.0,0.0,0.2599863247437911
fbc_tfnbs,"e=1.0,h=2.0,n=30,start_thres=1.25,min_cluster_size=3",hub,0.25,100,25,40,1730,36,0,4,1730,0.9,0.0,1.0,0.0,0.2599863247437911
fbc_tfnbs,"e=1.0,h=3.0,n=30,start_thres=1.25,min_cluster_size=3",hub,0.25,100,25,40,1730,36,0,4,1730,0.9,0.0,1.0,0.0,0.2599863247437911
fbc_tfnbs,"e=1.0,h=4.0,n=30,start_thres=1.25,min_cluster_size=3",hub,0.25,100,25,40,1730,36,0,4,1730,0.9,0.0,1.0,0.0,0.2599863247437911
fbc_tfnbs,"e=1.0,h=5.0,n=30,start_thres=1.25,min_cluster_size=3",hub,0.25,100,25,40,1730,36,0,4,1730,0.9,0.0,1.0,0.0,0.2599863247437911
fbc_tfnbs,"e=1.0,h=6.0,n=30,start_thres=1.25,min_cluster_size=3",hub,0.25,100,25,40,1730,36,0,4,1730,0.9,0.0,1.0,0.0,0.2599863247437911
fbc_tfnbs,"e=1.0,h=7.0,n=30,start_thres=1.25,min_cluster_size=3",hub,0.25,100,25,40,1730,36,0,4,1730,0.9,0.0,1.0,0.0,0.2599863247437911
fbc_tfnbs,"e=1.0,h=8.0,n=30,start_thres=1.25,min_cluster_size=3",hub,0.25,100,25,40,1730,36,0,4,1730,0.9,0.0,1.0,0.0,0.2599863247437911
fbc_tfnbs,"e=1.0,h=9.0,n=30,start_thres=1.25,min_cluster_size=3",hub,0.25,100,25,40,1730,36,0,4,1730,0.9,0.0,1.0,0.0,0.2599863247437911
fbc_tfnbs,"e=1.0,h=10.0,n=30,start_thres=1.25,min_cluster_size=3",hub,0.25,100,25,40,1730,36,0,4,1730,0.9,0.0,1.0,0.0,0.2599863247437911
fbc_tfnbs,"e=1.1,h=0.5,n=30,start_thres=1.25,min_cluster_size=3",hub,0.25,100,25,40,1730,35,0,5,1730,0.875,0.0,1.0,0.0,0.2599863247437911
fbc_tfnbs,"e=1.1,h=1.0,n=30,start_thres=1.25,min_cluster_size=3",hub,0.25,100,25,40,1730,36,0,4,1730,0.9,0.0,1.0,0.0,0.2599863247437911
fbc_tfnbs,"e=1.1,h=2.0,n=30,start_thres=1.25,min_cluster_size=3",hub,0.25,100,25,40,1730,36,0,4,1730,0.9,0.0,1.0,0.0,0.2599863247437911
fbc_tfnbs,"e=1.1,h=3.0,n=30,start_thres=1.25,min_cluster_size=3",hub,0.25,100,25,40,1730,36,0,4,1730,0.9,0.0,1.0,0.0,0.2599863247437911
fbc_tfnbs,"e=1.1,h=4.0,n=30,start_thres=1.25,min_cluster_size=3",hub,0.25,100,25,40,1730,36,0,4,1730,0.9,0.0,1.0,0.0,0.2599863247437911
fbc_tfnbs,"e=1.1,h=5.0,n=30,start_thres=1.25,min_cluster_size=3",hub,0.25,100,25,40,1730,36,0,4,1730,0.9,0.0,1.0,0.0,0.2599863247437911
fbc_tfnbs,"e=1.1,h=6.0,n=30,start_thres=1.25,min_cluster_size=3",hub,0.25,100,25,40,1730,36,0,4,1730,0.9,0.0,1.0,0.0,0.2599863247437911
fbc_tfnbs,"e=1.1,h=7.0,n=30,start_thres=1.25,min_cluster_size=3",hub,0.25,100,25,40,1730,36,0,4,1730,0.9,0.0,1.0,0.0,0.2599863247437911
fbc_tfnbs,"e=1.1,h=8.0,n=30,start_thres=1.25,min_cluster_size=3",hub,0.25,100,25,40,1730,36,0,4,1730,0.9,0.0,1.0,0.0,0.2599863247437911
fbc_tfnbs,"e=1.1,h=9.0,n=30,start_thres=1.25,min_cluster_size=3",hub,0.25,100,25,40,1730,36,0,4,1730,0.9,0.0,1.0,0.0,0.2599863247437911
fbc_tfnbs,"e=1.1,h=10.0,n=30,start_thres=1.25,min_cluster_size=3",hub,0.25,100,25,40,1730,36,0,4,1730,0.9,0.0,1.0,0.0,0.2599863247437911
fbc_tfnbs,"e=1.2,h=0.5,n=30,start_thres=1.25,min_cluster_size=3",hub,0.25,100,25,40,1730,32,0,8,1730,0.8,0.0,1.0,0.0,0.2599863247437911
fbc_tfnbs,"e=1.2,h=1.0,n=30,start_thres=1.25,min_cluster_size=3",hub,0.25,100,25,40,1730,35,0,5,1730,0.875,0.0,1.0,0.0,0.2599863247437911
fbc_tfnbs,"e=1.2,h=2.0,n=30,start_thres=1.25,min_cluster_size=3",hub,0.25,100,25,40,1730,36,0,4,1730,0.9,0.0,1.0,0.0,0.2599863247437911
fbc_tfnbs,"e=1.2,h=3.0,n=30,start_thres=1.25,min_cluster_size=3",hub,0.25,100,25,40,1730,36,0,4,1730,0.9,0.0,1.0,0.0,0.2599863247437911
fbc_tfnbs,"e=1.2,h=4.0,n=30,start_thres=1.25,min_cluster_size=3",hub,0.25,100,25,40,1730,36,0,4,1730,0.9,0.0,1.0,0.0,0.2599863247437911
fbc_tfnbs,"e=1.2,h=5.0,n=30,start_thres=1.25,min_cluster_size=3",hub,0.25,100,25,40,1730,36,0,4,1730,0.9,0.0,1.0,0.0,0.2599863247437911
fbc_tfnbs,"e=1.2,h=6.0,n=30,start_thres=1.25,min_cluster_size=3",hub,0.25,100,25,40,1730,36,0,4,1730,0.9,0.0,1.0,0.0,0.2599863247437911
fbc_tfnbs,"e=1.2,h=7.0,n=30,start_thres=1.25,min_cluster_size=3",hub,0.25,100,25,40,1730,36,0,4,1730,0.9,0.0,1.0,0.0,0.2599863247437911
fbc_tfnbs,"e=1.2,h=8.0,n=30,start_thres=1.25,min_cluster_size=3",hub,0.25,100,25,40,1730,36,0,4,1730,0.9,0.0,1.0,0.0,0.2599863247437911
fbc_tfnbs,"e=1.2,h=9.0,n=30,start_thres=1.25,min_cluster_size=3",hub,0.25,100,25,40,1730,36,0,4,1730,0.9,0.0,1.0,0.0,0.2599863247437911
fbc_tfnbs,"e=1.2,h=10.0,n=30,start_thres=1.25,min_cluster_size=3",hub,0.25,100,25,40,1730,36,0,4,1730,0.9,0.0,1.0,0.0,0.2599863247437911
fbc_tfnbs,"e=1.3,h=0.5,n=30,start_thres=1.25,min_cluster_size=3",hub,0.25,100,25,40,1730,26,0,14,1730,0.65,0.0,1.0,0.0,0.2599863247437911
fbc_tfnbs,"e=1.3,h=1.0,n=30,start_thres=1.25,min_cluster_size=3",hub,0.25,100,25,40,1730,35,0,5,1730,0.875,0.0,1.0,0.0,0.2599863247437911
fbc_tfnbs,"e=1.3,h=2.0,n=30,start_thres=1.25,min_cluster_size=3",hub,0.25,100,25,40,1730,36,0,4,1730,0.9,0.0,1.0,0.0,0.2599863247437911
fbc_tfnbs,"e=1.3,h=3.0,n=30,start_thres=1.25,min_cluster_size=3",hub,0.25,100,25,40,1730,36,0,4,1730,0.9,0.0,1.0,0.0,0.2599863247437911
fbc_tfnbs,"e=1.3,h=4.0,n=30,start_thres=1.25,min_cluster_size=3",hub,0.25,100,25,40,1730,36,0,4,1730,0.9,0.0,1.0,0.0,0.2599863247437911
fbc_tfnbs,"e=1.3,h=5.0,n=30,start_thres=1.25,min_cluster_size=3",hub,0.25,100,25,40,1730,36,0,4,1730,0.9,0.0,1.0,0.0,0.2599863247437911
fbc_tfnbs,"e=1.3,h=6.0,n=30,start_thres=1.25,min_cluster_size=3",hub,0.25,100,25,40,1730,36,0,4,1730,0.9,0.0,1.0,0.0,0.2599863247437911
fbc_tfnbs,"e=1.3,h=7.0,n=30,start_thres=1.25,min_cluster_size=3",hub,0.25,100,25,40,1730,36,1,4,1729,0.9,0.0005780346820809,0.972972972972973,0.027027027027027,0.2599863247437911
fbc_tfnbs,"e=1.3,h=8.0,n=30,start_thres=1.25,min_cluster_size=3",hub,0.25,100,25,40,1730,36,0,4,1730,0.9,0.0,1.0,0.0,0.2599863247437911
fbc_tfnbs,"e=1.3,h=9.0,n=30,start_thres=1.25,min_cluster_size=3",hub,0.25,100,25,40,1730,36,0,4,1730,0.9,0.0,1.0,0.0,0.2599863247437911
fbc_tfnbs,"e=1.3,h=10.0,n=30,start_thres=1.25,min_cluster_size=3",hub,0.25,100,25,40,1730,36,0,4,1730,0.9,0.0,1.0,0.0,0.2599863247437911
fbc_tfnbs,"e=1.4,h=0.5,n=30,start_thres=1.25,min_cluster_size=3",hub,0.25,100,25,40,1730,24,0,16,1730,0.6,0.0,1.0,0.0,0.2599863247437911
fbc_tfnbs,"e=1.4,h=1.0,n=30,start_thres=1.25,min_cluster_size=3",hub,0.25,100,25,40,1730,31,0,9,1730,0.775,0.0,1.0,0.0,0.2599863247437911
fbc_tfnbs,"e=1.4,h=2.0,n=30,start_thres=1.25,min_cluster_size=3",hub,0.25,100,25,40,1730,36,0,4,1730,0.9,0.0,1.0,0.0,0.2599863247437911
fbc_tfnbs,"e=1.4,h=3.0,n=30,start_thres=1.25,min_cluster_size=3",hub,0.25,100,25,40,1730,36,0,4,1730,0.9,0.0,1.0,0.0,0.2599863247437911
fbc_tfnbs,"e=1.4,h=4.0,n=30,start_thres=1.25,min_cluster_size=3",hub,0.25,100,25,40,1730,36,0,4,1730,0.9,0.0,1.0,0.0,0.2599863247437911
fbc_tfnbs,"e=1.4,h=5.0,n=30,start_thres=1.25,min_cluster_size=3",hub,0.25,100,25,40,1730,36,0,4,1730,0.9,0.0,1.0,0.0,0.2599863247437911
fbc_tfnbs,"e=1.4,h=6.0,n=30,start_thres=1.25,min_cluster_size=3",hub,0.25,100,25,40,1730,36,0,4,1730,0.9,0.0,1.0,0.0,0.2599863247437911
fbc_tfnbs,"e=1.4,h=7.0,n=30,start_thres=1.25,min_cluster_size=3",hub,0.25,100,25,40,1730,36,1,4,1729,0.9,0.0005780346820809,0.972972972972973,0.027027027027027,0.2599863247437911
fbc_tfnbs,"e=1.4,h=8.0,n=30,start_thres=1.25,min_cluster_size=3",hub,0.25,100,25,40,1730,37,1,3,1729,0.925,0.0005780346820809,0.9736842105263158,0.0263157894736842,0.2599863247437911
fbc_tfnbs,"e=1.4,h=9.0,n=30,start_thres=1.25,min_cluster_size=3",hub,0.25,100,25,40,1730,36,1,4,1729,0.9,0.0005780346820809,0.972972972972973,0.027027027027027,0.2599863247437911
fbc_tfnbs,"e=1.4,h=10.0,n=30,start_thres=1.25,min_cluster_size=3",hub,0.25,100,25,40,1730,36,1,4,1729,0.9,0.0005780346820809,0.972972972972973,0.027027027027027,0.2599863247437911
fbc_tfnbs,"e=1.5,h=0.5,n=30,start_thres=1.25,min_cluster_size=3",hub,0.25,100,25,40,1730,23,0,17,1730,0.575,0.0,1.0,0.0,0.2599863247437911
fbc_tfnbs,"e=1.5,h=1.0,n=30,start_thres=1.25,min_cluster_size=3",hub,0.25,100,25,40,1730,26,0,14,1730,0.65,0.0,1.0,0.0,0.2599863247437911
fbc_tfnbs,"e=1.5,h=2.0,n=30,start_thres=1.25,min_cluster_size=3",hub,0.25,100,25,40,1730,36,0,4,1730,0.9,0.0,1.0,0.0,0.2599863247437911
fbc_tfnbs,"e=1.5,h=3.0,n=30,start_thres=1.25,min_cluster_size=3",hub,0.25,100,25,40,1730,36,0,4,1730,0.9,0.0,1.0,0.0,0.2599863247437911
fbc_tfnbs,"e=1.5,h=4.0,n=30,start_thres=1.25,min_cluster_size=3",hub,0.25,100,25,40,1730,36,0,4,1730,0.9,0.0,1.0,0.0,0.2599863247437911
fbc_tfnbs,"e=1.5,h=5.0,n=30,start_thres=1.25,min_cluster_size=3",hub,0.25,100,25,40,1730,36,0,4,1730,0.9,0.0,1.0,0.0,0.2599863247437911
fbc_tfnbs,"e=1.5,h=6.0,n=30,start_thres=1.25,min_cluster_size=3",hub,0.25,100,25,40,1730,36,0,4,1730,0.9,0.0,1.0,0.0,0.2599863247437911
fbc_tfnbs,"e=1.5,h=7.0,n=30,start_thres=1.25,min_cluster_size=3",hub,0.25,100,25,40,1730,36,1,4,1729,0.9,0.0005780346820809,0.972972972972973,0.027027027027027,0.2599863247437911
fbc_tfnbs,"e=1.5,h=8.0,n=30,start_thres=1.25,min_cluster_size=3",hub,0.25,100,25,40,1730,37,1,3,1729,0.925,0.0005780346820809,0.9736842105263158,0.0263157894736842,0.2599863247437911
fbc_tfnbs,"e=1.5,h=9.0,n=30,start_thres=1.25,min_cluster_size=3",hub,0.25,100,25,40,1730,37,1,3,1729,0.925,0.0005780346820809,0.9736842105263158,0.0263157894736842,0.2599863247437911
fbc_tfnbs,"e=1.5,h=10.0,n=30,start_thres=1.25,min_cluster_size=3",hub,0.25,100,25,40,1730,36,1,4,1729,0.9,0.0005780346820809,0.972972972972973,0.027027027027027,0.2599863247437911
tfnbs,"e=0.05,h=0.5,n=30,start_thres=1.25",hub,0.25,100,9,40,1730,24,0,16,1730,0.6,0.0,1.0,0.0,7.431978090242906
tfnbs,"e=0.05,h=1.0,n=30,start_thres=1.25",hub,0.25,100,9,40,1730,24,0,16,1730,0.6,0.0,1.0,0.0,7.431978090242906
tfnbs,"e=0.05,h=2.0,n=30,start_thres=1.25",hub,0.25,100,9,40,1730,24,0,16,1730,0.6,0.0,1.0,0.0,7.431978090242906
tfnbs,"e=0.05,h=3.0,n=30,start_thres=1.25",hub,0.25,100,9,40,1730,23,0,17,1730,0.575,0.0,1.0,0.0,7.431978090242906
tfnbs,"e=0.05,h=4.0,n=30,start_thres=1.25",hub,0.25,100,9,40,1730,23,0,17,1730,0.575,0.0,1.0,0.0,7.431978090242906
tfnbs,"e=0.05,h=5.0,n=30,start_thres=1.25",hub,0.25,100,9,40,1730,23,0,17,1730,0.575,0.0,1.0,0.0,7.431978090242906
tfnbs,"e=0.05,h=6.0,n=30,start_thres=1.25",hub,0.25,100,9,40,1730,23,0,17,1730,0.575,0.0,1.0,0.0,7.431978090242906
tfnbs,"e=0.05,h=7.0,n=30,start_thres=1.25",hub,0.25,100,9,40,1730,23,0,17,1730,0.575,0.0,1.0,0.0,7.431978090242906
tfnbs,"e=0.05,h=8.0,n=30,start_thres=1.25",hub,0.25,100,9,40,1730,23,0,17,1730,0.575,0.0,1.0,0.0,7.431978090242906
tfnbs,"e=0.05,h=9.0,n=30,start_thres=1.25",hub,0.25,100,9,40,1730,23,0,17,1730,0.575,0.0,1.0,0.0,7.431978090242906
tfnbs,"e=0.05,h=10.0,n=30,start_thres=1.25",hub,0.25,100,9,40,1730,23,0,17,1730,0.575,0.0,1.0,0.0,7.431978090242906
tfnbs,"e=0.1,h=0.5,n=30,start_thres=1.25",hub,0.25,100,9,40,1730,26,0,14,1730,0.65,0.0,1.0,0.0,7.431978090242906
tfnbs,"e=0.1,h=1.0,n=30,start_thres=1.25",hub,0.25,100,9,40,1730,26,0,14,1730,0.65,0.0,1.0,0.0,7.431978090242906
tfnbs,"e=0.1,h=2.0,n=30,start_thres=1.25",hub,0.25,100,9,40,1730,24,0,16,1730,0.6,0.0,1.0,0.0,7.431978090242906
tfnbs,"e=0.1,h=3.0,n=30,start_thres=1.25",hub,0.25,100,9,40,1730,24,0,16,1730,0.6,0.0,1.0,0.0,7.431978090242906
tfnbs,"e=0.1,h=4.0,n=30,start_thres=1.25",hub,0.25,100,9,40,1730,24,0,16,1730,0.6,0.0,1.0,0.0,7.431978090242906
tfnbs,"e=0.1,h=5.0,n=30,start_thres=1.25",hub,0.25,100,9,40,1730,24,0,16,1730,0.6,0.0,1.0,0.0,7.431978090242906
tfnbs,"e=0.1,h=6.0,n=30,start_thres=1.25",hub,0.25,100,9,40,1730,24,0,16,1730,0.6,0.0,1.0,0.0,7.431978090242906
tfnbs,"e=0.1,h=7.0,n=30,start_thres=1.25",hub,0.25,100,9,40,1730,23,0,17,1730,0.575,0.0,1.0,0.0,7.431978090242906
tfnbs,"e=0.1,h=8.0,n=30,start_thres=1.25",hub,0.25,100,9,40,1730,23,0,17,1730,0.575,0.0,1.0,0.0,7.431978090242906
tfnbs,"e=0.1,h=9.0,n=30,start_thres=1.25",hub,0.25,100,9,40,1730,23,0,17,1730,0.575,0.0,1.0,0.0,7.431978090242906
tfnbs,"e=0.1,h=10.0,n=30,start_thres=1.25",hub,0.25,100,9,40,1730,23,0,17,1730,0.575,0.0,1.0,0.0,7.431978090242906
tfnbs,"e=0.2,h=0.5,n=30,start_thres=1.25",hub,0.25,100,9,40,1730,28,0,12,1730,0.7,0.0,1.0,0.0,7.431978090242906
tfnbs,"e=0.2,h=1.0,n=30,start_thres=1.25",hub,0.25,100,9,40,1730,28,0,12,1730,0.7,0.0,1.0,0.0,7.431978090242906
tfnbs,"e=0.2,h=2.0,n=30,start_thres=1.25",hub,0.25,100,9,40,1730,28,0,12,1730,0.7,0.0,1.0,0.0,7.431978090242906
tfnbs,"e=0.2,h=3.0,n=30,start_thres=1.25",hub,0.25,100,9,40,1730,28,0,12,1730,0.7,0.0,1.0,0.0,7.431978090242906
tfnbs,"e=0.2,h=4.0,n=30,start_thres=1.25",hub,0.25,100,9,40,1730,26,0,14,1730,0.65,0.0,1.0,0.0,7.431978090242906
tfnbs,"e=0.2,h=5.0,n=30,start_thres=1.25",hub,0.25,100,9,40,1730,26,0,14,1730,0.65,0.0,1.0,0.0,7.431978090242906
tfnbs,"e=0.2,h=6.0,n=30,start_thres=1.25",hub,0.25,100,9,40,1730,26,0,14,1730,0.65,0.0,1.0,0.0,7.431978090242906
tfnbs,"e=0.2,h=7.0,n=30,start_thres=1.25",hub,0.25,100,9,40,1730,24,0,16,1730,0.6,0.0,1.0,0.0,7.431978090242906
tfnbs,"e=0.2,h=8.0,n=30,start_thres=1.25",hub,0.25,100,9,40,1730,24,0,16,1730,0.6,0.0,1.0,0.0,7.431978090242906
tfnbs,"e=0.2,h=9.0,n=30,start_thres=1.25",hub,0.25,100,9,40,1730,24,0,16,1730,0.6,0.0,1.0,0.0,7.431978090242906
tfnbs,"e=0.2,h=10.0,n=30,start_thres=1.25",hub,0.25,100,9,40,1730,24,0,16,1730,0.6,0.0,1.0,0.0,7.431978090242906
tfnbs,"e=0.3,h=0.5,n=30,start_thres=1.25",hub,0.25,100,9,40,1730,34,1,6,1729,0.85,0.0005780346820809,0.9714285714285714,0.0285714285714285,7.431978090242906
tfnbs,"e=0.3,h=1.0,n=30,start_thres=1.25",hub,0.25,100,9,40,1730,33,1,7,1729,0.825,0.0005780346820809,0.9705882352941176,0.0294117647058823,7.431978090242906
tfnbs,"e=0.3,h=2.0,n=30,start_thres=1.25",hub,0.25,100,9,40,1730,33,1,7,1729,0.825,0.0005780346820809,0.9705882352941176,0.0294117647058823,7.431978090242906
tfnbs,"e=0.3,h=3.0,n=30,start_thres=1.25",hub,0.25,100,9,40,1730,33,0,7,1730,0.825,0.0,1.0,0.0,7.431978090242906
tfnbs,"e=0.3,h=4.0,n=30,start_thres=1.25",hub,0.25,100,9,40,1730,28,0,12,1730,0.7,0.0,1.0,0.0,7.431978090242906
tfnbs,"e=0.3,h=5.0,n=30,start_thres=1.25",hub,0.25,100,9,40,1730,28,0,12,1730,0.7,0.0,1.0,0.0,7.431978090242906
tfnbs,"e=0.3,h=6.0,n=30,start_thres=1.25",hub,0.25,100,9,40,1730,28,0,12,1730,0.7,0.0,1.0,0.0,7.431978090242906
tfnbs,"e=0.3,h=7.0,n=30,start_thres=1.25",hub,0.25,100,9,40,1730,26,0,14,1730,0.65,0.0,1.0,0.0,7.431978090242906
tfnbs,"e=0.3,h=8.0,n=30,start_thres=1.25",hub,0.25,100,9,40,1730,26,0,14,1730,0.65,0.0,1.0,0.0,7.431978090242906
tfnbs,"e=0.3,h=9.0,n=30,start_thres=1.25",hub,0.25,100,9,40,1730,26,0,14,1730,0.65,0.0,1.0,0.0,7.431978090242906
tfnbs,"e=0.3,h=10.0,n=30,start_thres=1.25",hub,0.25,100,9,40,1730,26,0,14,1730,0.65,0.0,1.0,0.0,7.431978090242906
tfnbs,"e=0.4,h=0.5,n=30,start_thres=1.25",hub,0.25,100,9,40,1730,36,1,4,1729,0.9,0.0005780346820809,0.972972972972973,0.027027027027027,7.431978090242906
tfnbs,"e=0.4,h=1.0,n=30,start_thres=1.25",hub,0.25,100,9,40,1730,34,1,6,1729,0.85,0.0005780346820809,0.9714285714285714,0.0285714285714285,7.431978090242906
tfnbs,"e=0.4,h=2.0,n=30,start_thres=1.25",hub,0.25,100,9,40,1730,34,1,6,1729,0.85,0.0005780346820809,0.9714285714285714,0.0285714285714285,7.431978090242906
tfnbs,"e=0.4,h=3.0,n=30,start_thres=1.25",hub,0.25,100,9,40,1730,34,1,6,1729,0.85,0.0005780346820809,0.9714285714285714,0.0285714285714285,7.431978090242906
tfnbs,"e=0.4,h=4.0,n=30,start_thres=1.25",hub,0.25,100,9,40,1730,33,1,7,1729,0.825,0.0005780346820809,0.9705882352941176,0.0294117647058823,7.431978090242906
tfnbs,"e=0.4,h=5.0,n=30,start_thres=1.25",hub,0.25,100,9,40,1730,33,0,7,1730,0.825,0.0,1.0,0.0,7.431978090242906
tfnbs,"e=0.4,h=6.0,n=30,start_thres=1.25",hub,0.25,100,9,40,1730,28,0,12,1730,0.7,0.0,1.0,0.0,7.431978090242906
tfnbs,"e=0.4,h=7.0,n=30,start_thres=1.25",hub,0.25,100,9,40,1730,28,0,12,1730,0.7,0.0,1.0,0.0,7.431978090242906
tfnbs,"e=0.4,h=8.0,n=30,start_thres=1.25",hub,0.25,100,9,40,1730,28,0,12,1730,0.7,0.0,1.0,0.0,7.431978090242906
tfnbs,"e=0.4,h=9.0,n=30,start_thres=1.25",hub,0.25,100,9,40,1730,26,0,14,1730,0.65,0.0,1.0,0.0,7.431978090242906
tfnbs,"e=0.4,h=10.0,n=30,start_thres=1.25",hub,0.25,100,9,40,1730,26,0,14,1730,0.65,0.0,1.0,0.0,7.431978090242906
tfnbs,"e=0.5,h=0.5,n=30,start_thres=1.25",hub,0.25,100,9,40,1730,36,1,4,1729,0.9,0.0005780346820809,0.972972972972973,0.027027027027027,7.431978090242906
tfnbs,"e=0.5,h=1.0,n=30,start_thres=1.25",hub,0.25,100,9,40,1730,36,1,4,1729,0.9,0.0005780346820809,0.972972972972973,0.027027027027027,7.431978090242906
tfnbs,"e=0.5,h=2.0,n=30,start_thres=1.25",hub,0.25,100,9,40,1730,36,1,4,1729,0.9,0.0005780346820809,0.972972972972973,0.027027027027027,7.431978090242906
tfnbs,"e=0.5,h=3.0,n=30,start_thres=1.25",hub,0.25,100,9,40,1730,34,1,6,1729,0.85,0.0005780346820809,0.9714285714285714,0.0285714285714285,7.431978090242906
tfnbs,"e=0.5,h=4.0,n=30,start_thres=1.25",hub,0.25,100,9,40,1730,34,1,6,1729,0.85,0.0005780346820809,0.9714285714285714,0.0285714285714285,7.431978090242906
tfnbs,"e=0.5,h=5.0,n=30,start_thres=1.25",hub,0.25,100,9,40,1730,34,1,6,1729,0.85,0.0005780346820809,0.9714285714285714,0.0285714285714285,7.431978090242906
tfnbs,"e=0.5,h=6.0,n=30,start_thres=1.25",hub,0.25,100,9,40,1730,33,0,7,1730,0.825,0.0,1.0,0.0,7.431978090242906
tfnbs,"e=0.5,h=7.0,n=30,start_thres=1.25",hub,0.25,100,9,40,1730,33,0,7,1730,0.825,0.0,1.0,0.0,7.431978090242906
tfnbs,"e=0.5,h=8.0,n=30,start_thres=1.25",hub,0.25,100,9,40,1730,33,0,7,1730,0.825,0.0,1.0,0.0,7.431978090242906
tfnbs,"e=0.5,h=9.0,n=30,start_thres=1.25",hub,0.25,100,9,40,1730,28,0,12,1730,0.7,0.0,1.0,0.0,7.431978090242906
tfnbs,"e=0.5,h=10.0,n=30,start_thres=1.25",hub,0.25,100,9,40,1730,28,0,12,1730,0.7,0.0,1.0,0.0,7.431978090242906
tfnbs,"e=0.6,h=0.5,n=30,start_thres=1.25",hub,0.25,100,9,40,1730,38,1,2,1729,0.95,0.0005780346820809,0.9743589743589745,0.0256410256410256,7.431978090242906
tfnbs,"e=0.6,h=1.0,n=30,start_thres=1.25",hub,0.25,100,9,40,1730,38,1,2,1729,0.95,0.0005780346820809,0.9743589743589745,0.0256410256410256,7.431978090242906
tfnbs,"e=0.6,h=2.0,n=30,start_thres=1.25",hub,0.25,100,9,40,1730,36,1,4,1729,0.9,0.0005780346820809,0.972972972972973,0.027027027027027,7.431978090242906
tfnbs,"e=0.6,h=3.0,n=30,start_thres=1.25",hub,0.25,100,9,40,1730,36,1,4,1729,0.9,0.0005780346820809,0.972972972972973,0.027027027027027,7.431978090242906
tfnbs,"e=0.6,h=4.0,n=30,start_thres=1.25",hub,0.25,100,9,40,1730,36,1,4,1729,0.9,0.0005780346820809,0.972972972972973,0.027027027027027,7.431978090242906
tfnbs,"e=0.6,h=5.0,n=30,start_thres=1.25",hub,0.25,100,9,40,1730,34,1,6,1729,0.85,0.0005780346820809,0.9714285714285714,0.0285714285714285,7.431978090242906
tfnbs,"e=0.6,h=6.0,n=30,start_thres=1.25",hub,0.25,100,9,40,1730,34,1,6,1729,0.85,0.0005780346820809,0.9714285714285714,0.0285714285714285,7.431978090242906
tfnbs,"e=0.6,h=7.0,n=30,start_thres=1.25",hub,0.25,100,9,40,1730,33,1,7,1729,0.825,0.0005780346820809,0.9705882352941176,0.0294117647058823,7.431978090242906
tfnbs,"e=0.6,h=8.0,n=30,start_thres=1.25",hub,0.25,100,9,40,1730,33,0,7,1730,0.825,0.0,1.0,0.0,7.431978090242906
tfnbs,"e=0.6,h=9.0,n=30,start_thres=1.25",hub,0.25,100,9,40,1730,33,0,7,1730,0.825,0.0,1.0,0.0,7.431978090242906
tfnbs,"e=0.6,h=10.0,n=30,start_thres=1.25",hub,0.25,100,9,40,1730,28,0,12,1730,0.7,0.0,1.0,0.0,7.431978090242906
tfnbs,"e=0.7,h=0.5,n=30,start_thres=1.25",hub,0.25,100,9,40,1730,38,1,2,1729,0.95,0.0005780346820809,0.9743589743589745,0.0256410256410256,7.431978090242906
tfnbs,"e=0.7,h=1.0,n=30,start_thres=1.25",hub,0.25,100,9,40,1730,38,1,2,1729,0.95,0.0005780346820809,0.9743589743589745,0.0256410256410256,7.431978090242906
tfnbs,"e=0.7,h=2.0,n=30,start_thres=1.25",hub,0.25,100,9,40,1730,38,1,2,1729,0.95,0.0005780346820809,0.9743589743589745,0.0256410256410256,7.431978090242906
tfnbs,"e=0.7,h=3.0,n=30,start_thres=1.25",hub,0.25,100,9,40,1730,38,1,2,1729,0.95,0.0005780346820809,0.9743589743589745,0.0256410256410256,7.431978090242906
tfnbs,"e=0.7,h=4.0,n=30,start_thres=1.25",hub,0.25,100,9,40,1730,36,1,4,1729,0.9,0.0005780346820809,0.972972972972973,0.027027027027027,7.431978090242906
tfnbs,"e=0.7,h=5.0,n=30,start_thres=1.25",hub,0.25,100,9,40,1730,36,1,4,1729,0.9,0.0005780346820809,0.972972972972973,0.027027027027027,7.431978090242906
tfnbs,"e=0.7,h=6.0,n=30,start_thres=1.25",hub,0.25,100,9,40,1730,36,1,4,1729,0.9,0.0005780346820809,0.972972972972973,0.027027027027027,7.431978090242906
tfnbs,"e=0.7,h=7.0,n=30,start_thres=1.25",hub,0.25,100,9,40,1730,34,1,6,1729,0.85,0.0005780346820809,0.9714285714285714,0.0285714285714285,7.431978090242906
tfnbs,"e=0.7,h=8.0,n=30,start_thres=1.25",hub,0.25,100,9,40,1730,34,1,6,1729,0.85,0.0005780346820809,0.9714285714285714,0.0285714285714285,7.431978090242906
tfnbs,"e=0.7,h=9.0,n=30,start_thres=1.25",hub,0.25,100,9,40,1730,33,1,7,1729,0.825,0.0005780346820809,0.9705882352941176,0.0294117647058823,7.431978090242906
tfnbs,"e=0.7,h=10.0,n=30,start_thres=1.25",hub,0.25,100,9,40,1730,33,0,7,1730,0.825,0.0,1.0,0.0,7.431978090242906
tfnbs,"e=0.8,h=0.5,n=30,start_thres=1.25",hub,0.25,100,9,40,1730,38,1,2,1729,0.95,0.0005780346820809,0.9743589743589745,0.0256410256410256,7.431978090242906
tfnbs,"e=0.8,h=1.0,n=30,start_thres=1.25",hub,0.25,100,9,40,1730,38,1,2,1729,0.95,0.0005780346820809,0.9743589743589745,0.0256410256410256,7.431978090242906
tfnbs,"e=0.8,h=2.0,n=30,start_thres=1.25",hub,0.25,100,9,40,1730,38,1,2,1729,0.95,0.0005780346820809,0.9743589743589745,0.0256410256410256,7.431978090242906
tfnbs,"e=0.8,h=3.0,n=30,start_thres=1.25",hub,0.25,100,9,40,1730,38,1,2,1729,0.95,0.0005780346820809,0.9743589743589745,0.0256410256410256,7.431978090242906
tfnbs,"e=0.8,h=4.0,n=30,start_thres=1.25",hub,0.25,100,9,40,1730,38,1,2,1729,0.95,0.0005780346820809,0.9743589743589745,0.0256410256410256,7.431978090242906
tfnbs,"e=0.8,h=5.0,n=30,start_thres=1.25",hub,0.25,100,9,40,1730,38,1,2,1729,0.95,0.0005780346820809,0.9743589743589745,0.0256410256410256,7.431978090242906
tfnbs,"e=0.8,h=6.0,n=30,start_thres=1.25",hub,0.25,100,9,40,1730,36,1,4,1729,0.9,0.0005780346820809,0.972972972972973,0.027027027027027,7.431978090242906
tfnbs,"e=0.8,h=7.0,n=30,start_thres=1.25",hub,0.25,100,9,40,1730,36,1,4,1729,0.9,0.0005780346820809,0.972972972972973,0.027027027027027,7.431978090242906
tfnbs,"e=0.8,h=8.0,n=30,start_thres=1.25",hub,0.25,100,9,40,1730,34,1,6,1729,0.85,0.0005780346820809,0.9714285714285714,0.0285714285714285,7.431978090242906
tfnbs,"e=0.8,h=9.0,n=30,start_thres=1.25",hub,0.25,100,9,40,1730,34,1,6,1729,0.85,0.0005780346820809,0.9714285714285714,0.0285714285714285,7.431978090242906
tfnbs,"e=0.8,h=10.0,n=30,start_thres=1.25",hub,0.25,100,9,40,1730,34,1,6,1729,0.85,0.0005780346820809,0.9714285714285714,0.0285714285714285,7.431978090242906
tfnbs,"e=0.9,h=0.5,n=30,start_thres=1.25",hub,0.25,100,9,40,1730,38,1,2,1729,0.95,0.0005780346820809,0.9743589743589745,0.0256410256410256,7.431978090242906
tfnbs,"e=0.9,h=1.0,n=30,start_thres=1.25",hub,0.25,100,9,40,1730,38,1,2,1729,0.95,0.0005780346820809,0.9743589743589745,0.0256410256410256,7.431978090242906
tfnbs,"e=0.9,h=2.0,n=30,start_thres=1.25",hub,0.25,100,9,40,1730,38,1,2,1729,0.95,0.0005780346820809,0.9743589743589745,0.0256410256410256,7.431978090242906
tfnbs,"e=0.9,h=3.0,n=30,start_thres=1.25",hub,0.25,100,9,40,1730,38,1,2,1729,0.95,0.0005780346820809,0.9743589743589745,0.0256410256410256,7.431978090242906
tfnbs,"e=0.9,h=4.0,n=30,start_thres=1.25",hub,0.25,100,9,40,1730,38,1,2,1729,0.95,0.0005780346820809,0.9743589743589745,0.0256410256410256,7.431978090242906
tfnbs,"e=0.9,h=5.0,n=30,start_thres=1.25",hub,0.25,100,9,40,1730,38,1,2,1729,0.95,0.0005780346820809,0.9743589743589745,0.0256410256410256,7.431978090242906
tfnbs,"e=0.9,h=6.0,n=30,start_thres=1.25",hub,0.25,100,9,40,1730,38,1,2,1729,0.95,0.0005780346820809,0.9743589743589745,0.0256410256410256,7.431978090242906
tfnbs,"e=0.9,h=7.0,n=30,start_thres=1.25",hub,0.25,100,9,40,1730,36,1,4,1729,0.9,0.0005780346820809,0.972972972972973,0.027027027027027,7.431978090242906
tfnbs,"e=0.9,h=8.0,n=30,start_thres=1.25",hub,0.25,100,9,40,1730,36,1,4,1729,0.9,0.0005780346820809,0.972972972972973,0.027027027027027,7.431978090242906
tfnbs,"e=0.9,h=9.0,n=30,start_thres=1.25",hub,0.25,100,9,40,1730,36,1,4,1729,0.9,0.0005780346820809,0.972972972972973,0.027027027027027,7.431978090242906
tfnbs,"e=0.9,h=10.0,n=30,start_thres=1.25",hub,0.25,100,9,40,1730,34,1,6,1729,0.85,0.0005780346820809,0.9714285714285714,0.0285714285714285,7.431978090242906
tfnbs,"e=1.0,h=0.5,n=30,start_thres=1.25",hub,0.25,100,9,40,1730,38,1,2,1729,0.95,0.0005780346820809,0.9743589743589745,0.0256410256410256,7.431978090242906
tfnbs,"e=1.0,h=1.0,n=30,start_thres=1.25",hub,0.25,100,9,40,1730,38,1,2,1729,0.95,0.0005780346820809,0.9743589743589745,0.0256410256410256,7.431978090242906
tfnbs,"e=1.0,h=2.0,n=30,start_thres=1.25",hub,0.25,100,9,40,1730,39,3,1,1727,0.975,0.0017341040462427,0.9285714285714286,0.0714285714285714,7.431978090242906
tfnbs,"e=1.0,h=3.0,n=30,start_thres=1.25",hub,0.25,100,9,40,1730,39,3,1,1727,0.975,0.0017341040462427,0.9285714285714286,0.0714285714285714,7.431978090242906
tfnbs,"e=1.0,h=4.0,n=30,start_thres=1.25",hub,0.25,100,9,40,1730,39,3,1,1727,0.975,0.0017341040462427,0.9285714285714286,0.0714285714285714,7.431978090242906
tfnbs,"e=1.0,h=5.0,n=30,start_thres=1.25",hub,0.25,100,9,40,1730,38,1,2,1729,0.95,0.0005780346820809,0.9743589743589745,0.0256410256410256,7.431978090242906
tfnbs,"e=1.0,h=6.0,n=30,start_thres=1.25",hub,0.25,100,9,40,1730,38,1,2,1729,0.95,0.0005780346820809,0.9743589743589745,0.0256410256410256,7.431978090242906
tfnbs,"e=1.0,h=7.0,n=30,start_thres=1.25",hub,0.25,100,9,40,1730,38,1,2,1729,0.95,0.0005780346820809,0.9743589743589745,0.0256410256410256,7.431978090242906
tfnbs,"e=1.0,h=8.0,n=30,start_thres=1.25",hub,0.25,100,9,40,1730,36,1,4,1729,0.9,0.0005780346820809,0.972972972972973,0.027027027027027,7.431978090242906
tfnbs,"e=1.0,h=9.0,n=30,start_thres=1.25",hub,0.25,100,9,40,1730,36,1,4,1729,0.9,0.0005780346820809,0.972972972972973,0.027027027027027,7.431978090242906
tfnbs,"e=1.0,h=10.0,n=30,start_thres=1.25",hub,0.25,100,9,40,1730,36,1,4,1729,0.9,0.0005780346820809,0.972972972972973,0.027027027027027,7.431978090242906
tfnbs,"e=1.1,h=0.5,n=30,start_thres=1.25",hub,0.25,100,9,40,1730,38,1,2,1729,0.95,0.0005780346820809,0.9743589743589745,0.0256410256410256,7.431978090242906
tfnbs,"e=1.1,h=1.0,n=30,start_thres=1.25",hub,0.25,100,9,40,1730,38,1,2,1729,0.95,0.0005780346820809,0.9743589743589745,0.0256410256410256,7.431978090242906
tfnbs,"e=1.1,h=2.0,n=30,start_thres=1.25",hub,0.25,100,9,40,1730,39,3,1,1727,0.975,0.0017341040462427,0.9285714285714286,0.0714285714285714,7.431978090242906
tfnbs,"e=1.1,h=3.0,n=30,start_thres=1.25",hub,0.25,100,9,40,1730,39,3,1,1727,0.975,0.0017341040462427,0.9285714285714286,0.0714285714285714,7.431978090242906
tfnbs,"e=1.1,h=4.0,n=30,start_thres=1.25",hub,0.25,100,9,40,1730,39,3,1,1727,0.975,0.0017341040462427,0.9285714285714286,0.0714285714285714,7.431978090242906
tfnbs,"e=1.1,h=5.0,n=30,start_thres=1.25",hub,0.25,100,9,40,1730,39,3,1,1727,0.975,0.0017341040462427,0.9285714285714286,0.0714285714285714,7.431978090242906
tfnbs,"e=1.1,h=6.0,n=30,start_thres=1.25",hub,0.25,100,9,40,1730,38,1,2,1729,0.95,0.0005780346820809,0.9743589743589745,0.0256410256410256,7.431978090242906
tfnbs,"e=1.1,h=7.0,n=30,start_thres=1.25",hub,0.25,100,9,40,1730,38,1,2,1729,0.95,0.0005780346820809,0.9743589743589745,0.0256410256410256,7.431978090242906
tfnbs,"e=1.1,h=8.0,n=30,start_thres=1.25",hub,0.25,100,9,40,1730,38,1,2,1729,0.95,0.0005780346820809,0.9743589743589745,0.0256410256410256,7.431978090242906
tfnbs,"e=1.1,h=9.0,n=30,start_thres=1.25",hub,0.25,100,9,40,1730,36,1,4,1729,0.9,0.0005780346820809,0.972972972972973,0.027027027027027,7.431978090242906
tfnbs,"e=1.1,h=10.0,n=30,start_thres=1.25",hub,0.25,100,9,40,1730,36,1,4,1729,0.9,0.0005780346820809,0.972972972972973,0.027027027027027,7.431978090242906
tfnbs,"e=1.2,h=0.5,n=30,start_thres=1.25",hub,0.25,100,9,40,1730,38,1,2,1729,0.95,0.0005780346820809,0.9743589743589745,0.0256410256410256,7.431978090242906
tfnbs,"e=1.2,h=1.0,n=30,start_thres=1.25",hub,0.25,100,9,40,1730,38,1,2,1729,0.95,0.0005780346820809,0.9743589743589745,0.0256410256410256,7.431978090242906
tfnbs,"e=1.2,h=2.0,n=30,start_thres=1.25",hub,0.25,100,9,40,1730,39,3,1,1727,0.975,0.0017341040462427,0.9285714285714286,0.0714285714285714,7.431978090242906
tfnbs,"e=1.2,h=3.0,n=30,start_thres=1.25",hub,0.25,100,9,40,1730,39,3,1,1727,0.975,0.0017341040462427,0.9285714285714286,0.0714285714285714,7.431978090242906
tfnbs,"e=1.2,h=4.0,n=30,start_thres=1.25",hub,0.25,100,9,40,1730,39,3,1,1727,0.975,0.0017341040462427,0.9285714285714286,0.0714285714285714,7.431978090242906
tfnbs,"e=1.2,h=5.0,n=30,start_thres=1.25",hub,0.25,100,9,40,1730,39,3,1,1727,0.975,0.0017341040462427,0.9285714285714286,0.0714285714285714,7.431978090242906
tfnbs,"e=1.2,h=6.0,n=30,start_thres=1.25",hub,0.25,100,9,40,1730,39,3,1,1727,0.975,0.0017341040462427,0.9285714285714286,0.0714285714285714,7.431978090242906
tfnbs,"e=1.2,h=7.0,n=30,start_thres=1.25",hub,0.25,100,9,40,1730,38,1,2,1729,0.95,0.0005780346820809,0.9743589743589745,0.0256410256410256,7.431978090242906
tfnbs,"e=1.2,h=8.0,n=30,start_thres=1.25",hub,0.25,100,9,40,1730,38,1,2,1729,0.95,0.0005780346820809,0.9743589743589745,0.0256410256410256,7.431978090242906
tfnbs,"e=1.2,h=9.0,n=30,start_thres=1.25",hub,0.25,100,9,40,1730,38,1,2,1729,0.95,0.0005780346820809,0.9743589743589745,0.0256410256410256,7.431978090242906
tfnbs,"e=1.2,h=10.0,n=30,start_thres=1.25",hub,0.25,100,9,40,1730,38,1,2,1729,0.95,0.0005780346820809,0.9743589743589745,0.0256410256410256,7.431978090242906
tfnbs,"e=1.3,h=0.5,n=30,start_thres=1.25",hub,0.25,100,9,40,1730,38,1,2,1729,0.95,0.0005780346820809,0.9743589743589745,0.0256410256410256,7.431978090242906
tfnbs,"e=1.3,h=1.0,n=30,start_thres=1.25",hub,0.25,100,9,40,1730,38,1,2,1729,0.95,0.0005780346820809,0.9743589743589745,0.0256410256410256,7.431978090242906
tfnbs,"e=1.3,h=2.0,n=30,start_thres=1.25",hub,0.25,100,9,40,1730,39,3,1,1727,0.975,0.0017341040462427,0.9285714285714286,0.0714285714285714,7.431978090242906
tfnbs,"e=1.3,h=3.0,n=30,start_thres=1.25",hub,0.25,100,9,40,1730,39,3,1,1727,0.975,0.0017341040462427,0.9285714285714286,0.0714285714285714,7.431978090242906
tfnbs,"e=1.3,h=4.0,n=30,start_thres=1.25",hub,0.25,100,9,40,1730,39,3,1,1727,0.975,0.0017341040462427,0.9285714285714286,0.0714285714285714,7.431978090242906
tfnbs,"e=1.3,h=5.0,n=30,start_thres=1.25",hub,0.25,100,9,40,1730,39,3,1,1727,0.975,0.0017341040462427,0.9285714285714286,0.0714285714285714,7.431978090242906
tfnbs,"e=1.3,h=6.0,n=30,start_thres=1.25",hub,0.25,100,9,40,1730,39,3,1,1727,0.975,0.0017341040462427,0.9285714285714286,0.0714285714285714,7.431978090242906
tfnbs,"e=1.3,h=7.0,n=30,start_thres=1.25",hub,0.25,100,9,40,1730,39,3,1,1727,0.975,0.0017341040462427,0.9285714285714286,0.0714285714285714,7.431978090242906
tfnbs,"e=1.3,h=8.0,n=30,start_thres=1.25",hub,0.25,100,9,40,1730,38,1,2,1729,0.95,0.0005780346820809,0.9743589743589745,0.0256410256410256,7.431978090242906
tfnbs,"e=1.3,h=9.0,n=30,start_thres=1.25",hub,0.25,100,9,40,1730,38,1,2,1729,0.95,0.0005780346820809,0.9743589743589745,0.0256410256410256,7.431978090242906
tfnbs,"e=1.3,h=10.0,n=30,start_thres=1.25",hub,0.25,100,9,40,1730,38,1,2,1729,0.95,0.0005780346820809,0.9743589743589745,0.0256410256410256,7.431978090242906
tfnbs,"e=1.4,h=0.5,n=30,start_thres=1.25",hub,0.25,100,9,40,1730,38,1,2,1729,0.95,0.0005780346820809,0.9743589743589745,0.0256410256410256,7.431978090242906
tfnbs,"e=1.4,h=1.0,n=30,start_thres=1.25",hub,0.25,100,9,40,1730,38,1,2,1729,0.95,0.0005780346820809,0.9743589743589745,0.0256410256410256,7.431978090242906
tfnbs,"e=1.4,h=2.0,n=30,start_thres=1.25",hub,0.25,100,9,40,1730,39,3,1,1727,0.975,0.0017341040462427,0.9285714285714286,0.0714285714285714,7.431978090242906
tfnbs,"e=1.4,h=3.0,n=30,start_thres=1.25",hub,0.25,100,9,40,1730,39,3,1,1727,0.975,0.0017341040462427,0.9285714285714286,0.0714285714285714,7.431978090242906
tfnbs,"e=1.4,h=4.0,n=30,start_thres=1.25",hub,0.25,100,9,40,1730,39,3,1,1727,0.975,0.0017341040462427,0.9285714285714286,0.0714285714285714,7.431978090242906
tfnbs,"e=1.4,h=5.0,n=30,start_thres=1.25",hub,0.25,100,9,40,1730,39,3,1,1727,0.975,0.0017341040462427,0.9285714285714286,0.0714285714285714,7.431978090242906
tfnbs,"e=1.4,h=6.0,n=30,start_thres=1.25",hub,0.25,100,9,40,1730,39,3,1,1727,0.975,0.0017341040462427,0.9285714285714286,0.0714285714285714,7.431978090242906
tfnbs,"e=1.4,h=7.0,n=30,start_thres=1.25",hub,0.25,100,9,40,1730,39,3,1,1727,0.975,0.0017341040462427,0.9285714285714286,0.0714285714285714,7.431978090242906
tfnbs,"e=1.4,h=8.0,n=30,start_thres=1.25",hub,0.25,100,9,40,1730,39,3,1,1727,0.975,0.0017341040462427,0.9285714285714286,0.0714285714285714,7.431978090242906
tfnbs,"e=1.4,h=9.0,n=30,start_thres=1.25",hub,0.25,100,9,40,1730,39,3,1,1727,0.975,0.0017341040462427,0.9285714285714286,0.0714285714285714,7.431978090242906
tfnbs,"e=1.4,h=10.0,n=30,start_thres=1.25",hub,0.25,100,9,40,1730,38,1,2,1729,0.95,0.0005780346820809,0.9743589743589745,0.0256410256410256,7.431978090242906
tfnbs,"e=1.5,h=0.5,n=30,start_thres=1.25",hub,0.25,100,9,40,1730,38,1,2,1729,0.95,0.0005780346820809,0.9743589743589745,0.0256410256410256,7.431978090242906
tfnbs,"e=1.5,h=1.0,n=30,start_thres=1.25",hub,0.25,100,9,40,1730,38,1,2,1729,0.95,0.0005780346820809,0.9743589743589745,0.0256410256410256,7.431978090242906
tfnbs,"e=1.5,h=2.0,n=30,start_thres=1.25",hub,0.25,100,9,40,1730,39,3,1,1727,0.975,0.0017341040462427,0.9285714285714286,0.0714285714285714,7.431978090242906
tfnbs,"e=1.5,h=3.0,n=30,start_thres=1.25",hub,0.25,100,9,40,1730,39,3,1,1727,0.975,0.0017341040462427,0.9285714285714286,0.0714285714285714,7.431978090242906
tfnbs,"e=1.5,h=4.0,n=30,start_thres=1.25",hub,0.25,100,9,40,1730,39,3,1,1727,0.975,0.0017341040462427,0.9285714285714286,0.0714285714285714,7.431978090242906
tfnbs,"e=1.5,h=5.0,n=30,start_thres=1.25",hub,0.25,100,9,40,1730,39,3,1,1727,0.975,0.0017341040462427,0.9285714285714286,0.0714285714285714,7.431978090242906
tfnbs,"e=1.5,h=6.0,n=30,start_thres=1.25",hub,0.25,100,9,40,1730,39,3,1,1727,0.975,0.0017341040462427,0.9285714285714286,0.0714285714285714,7.431978090242906
tfnbs,"e=1.5,h=7.0,n=30,start_thres=1.25",hub,0.25,100,9,40,1730,39,3,1,1727,0.975,0.0017341040462427,0.9285714285714286,0.0714285714285714,7.431978090242906
tfnbs,"e=1.5,h=8.0,n=30,start_thres=1.25",hub,0.25,100,9,40,1730,39,3,1,1727,0.975,0.0017341040462427,0.9285714285714286,0.0714285714285714,7.431978090242906
tfnbs,"e=1.5,h=9.0,n=30,start_thres=1.25",hub,0.25,100,9,40,1730,39,3,1,1727,0.975,0.0017341040462427,0.9285714285714286,0.0714285714285714,7.431978090242906
tfnbs,"e=1.5,h=10.0,n=30,start_thres=1.25",hub,0.25,100,9,40,1730,39,3,1,1727,0.975,0.0017341040462427,0.9285714285714286,0.0714285714285714,7.431978090242906
tfnbs,"e=0.05,h=0.5,n=30,start_thres=1.25",hub,0.25,100,27,40,1730,27,0,13,1730,0.675,0.0,1.0,0.0,7.416063517332077
tfnbs,"e=0.05,h=1.0,n=30,start_thres=1.25",hub,0.25,100,27,40,1730,27,0,13,1730,0.675,0.0,1.0,0.0,7.416063517332077
tfnbs,"e=0.05,h=2.0,n=30,start_thres=1.25",hub,0.25,100,27,40,1730,27,0,13,1730,0.675,0.0,1.0,0.0,7.416063517332077
tfnbs,"e=0.05,h=3.0,n=30,start_thres=1.25",hub,0.25,100,27,40,1730,27,0,13,1730,0.675,0.0,1.0,0.0,7.416063517332077
tfnbs,"e=0.05,h=4.0,n=30,start_thres=1.25",hub,0.25,100,27,40,1730,27,0,13,1730,0.675,0.0,1.0,0.0,7.416063517332077
tfnbs,"e=0.05,h=5.0,n=30,start_thres=1.25",hub,0.25,100,27,40,1730,27,0,13,1730,0.675,0.0,1.0,0.0,7.416063517332077
tfnbs,"e=0.05,h=6.0,n=30,start_thres=1.25",hub,0.25,100,27,40,1730,27,0,13,1730,0.675,0.0,1.0,0.0,7.416063517332077
tfnbs,"e=0.05,h=7.0,n=30,start_thres=1.25",hub,0.25,100,27,40,1730,27,0,13,1730,0.675,0.0,1.0,0.0,7.416063517332077
tfnbs,"e=0.05,h=8.0,n=30,start_thres=1.25",hub,0.25,100,27,40,1730,27,0,13,1730,0.675,0.0,1.0,0.0,7.416063517332077
tfnbs,"e=0.05,h=9.0,n=30,start_thres=1.25",hub,0.25,100,27,40,1730,27,0,13,1730,0.675,0.0,1.0,0.0,7.416063517332077
tfnbs,"e=0.05,h=10.0,n=30,start_thres=1.25",hub,0.25,100,27,40,1730,27,0,13,1730,0.675,0.0,1.0,0.0,7.416063517332077
tfnbs,"e=0.1,h=0.5,n=30,start_thres=1.25",hub,0.25,100,27,40,1730,28,1,12,1729,0.7,0.0005780346820809,0.9655172413793104,0.0344827586206896,7.416063517332077
tfnbs,"e=0.1,h=1.0,n=30,start_thres=1.25",hub,0.25,100,27,40,1730,28,1,12,1729,0.7,0.0005780346820809,0.9655172413793104,0.0344827586206896,7.416063517332077
tfnbs,"e=0.1,h=2.0,n=30,start_thres=1.25",hub,0.25,100,27,40,1730,28,1,12,1729,0.7,0.0005780346820809,0.9655172413793104,0.0344827586206896,7.416063517332077
tfnbs,"e=0.1,h=3.0,n=30,start_thres=1.25",hub,0.25,100,27,40,1730,28,1,12,1729,0.7,0.0005780346820809,0.9655172413793104,0.0344827586206896,7.416063517332077
tfnbs,"e=0.1,h=4.0,n=30,start_thres=1.25",hub,0.25,100,27,40,1730,28,1,12,1729,0.7,0.0005780346820809,0.9655172413793104,0.0344827586206896,7.416063517332077
tfnbs,"e=0.1,h=5.0,n=30,start_thres=1.25",hub,0.25,100,27,40,1730,27,0,13,1730,0.675,0.0,1.0,0.0,7.416063517332077
tfnbs,"e=0.1,h=6.0,n=30,start_thres=1.25",hub,0.25,100,27,40,1730,27,0,13,1730,0.675,0.0,1.0,0.0,7.416063517332077
tfnbs,"e=0.1,h=7.0,n=30,start_thres=1.25",hub,0.25,100,27,40,1730,27,0,13,1730,0.675,0.0,1.0,0.0,7.416063517332077
tfnbs,"e=0.1,h=8.0,n=30,start_thres=1.25",hub,0.25,100,27,40,1730,27,0,13,1730,0.675,0.0,1.0,0.0,7.416063517332077
tfnbs,"e=0.1,h=9.0,n=30,start_thres=1.25",hub,0.25,100,27,40,1730,27,0,13,1730,0.675,0.0,1.0,0.0,7.416063517332077
tfnbs,"e=0.1,h=10.0,n=30,start_thres=1.25",hub,0.25,100,27,40,1730,27,0,13,1730,0.675,0.0,1.0,0.0,7.416063517332077
tfnbs,"e=0.2,h=0.5,n=30,start_thres=1.25",hub,0.25,100,27,40,1730,31,1,9,1729,0.775,0.0005780346820809,0.96875,0.03125,7.416063517332077
tfnbs,"e=0.2,h=1.0,n=30,start_thres=1.25",hub,0.25,100,27,40,1730,31,1,9,1729,0.775,0.0005780346820809,0.96875,0.03125,7.416063517332077
tfnbs,"e=0.2,h=2.0,n=30,start_thres=1.25",hub,0.25,100,27,40,1730,31,1,9,1729,0.775,0.0005780346820809,0.96875,0.03125,7.416063517332077
tfnbs,"e=0.2,h=3.0,n=30,start_thres=1.25",hub,0.25,100,27,40,1730,30,1,10,1729,0.75,0.0005780346820809,0.967741935483871,0.032258064516129,7.416063517332077
tfnbs,"e=0.2,h=4.0,n=30,start_thres=1.25",hub,0.25,100,27,40,1730,30,1,10,1729,0.75,0.0005780346820809,0.967741935483871,0.032258064516129,7.416063517332077
tfnbs,"e=0.2,h=5.0,n=30,start_thres=1.25",hub,0.25,100,27,40,1730,30,1,10,1729,0.75,0.0005780346820809,0.967741935483871,0.032258064516129,7.416063517332077
tfnbs,"e=0.2,h=6.0,n=30,start_thres=1.25",hub,0.25,100,27,40,1730,28,1,12,1729,0.7,0.0005780346820809,0.9655172413793104,0.0344827586206896,7.416063517332077
tfnbs,"e=0.2,h=7.0,n=30,start_thres=1.25",hub,0.25,100,27,40,1730,28,1,12,1729,0.7,0.0005780346820809,0.9655172413793104,0.0344827586206896,7.416063517332077
tfnbs,"e=0.2,h=8.0,n=30,start_thres=1.25",hub,0.25,100,27,40,1730,28,1,12,1729,0.7,0.0005780346820809,0.9655172413793104,0.0344827586206896,7.416063517332077
tfnbs,"e=0.2,h=9.0,n=30,start_thres=1.25",hub,0.25,100,27,40,1730,28,1,12,1729,0.7,0.0005780346820809,0.9655172413793104,0.0344827586206896,7.416063517332077
tfnbs,"e=0.2,h=10.0,n=30,start_thres=1.25",hub,0.25,100,27,40,1730,28,1,12,1729,0.7,0.0005780346820809,0.9655172413793104,0.0344827586206896,7.416063517332077
tfnbs,"e=0.3,h=0.5,n=30,start_thres=1.25",hub,0.25,100,27,40,1730,32,1,8,1729,0.8,0.0005780346820809,0.9696969696969696,0.0303030303030303,7.416063517332077
tfnbs,"e=0.3,h=1.0,n=30,start_thres=1.25",hub,0.25,100,27,40,1730,32,1,8,1729,0.8,0.0005780346820809,0.9696969696969696,0.0303030303030303,7.416063517332077
tfnbs,"e=0.3,h=2.0,n=30,start_thres=1.25",hub,0.25,100,27,40,1730,32,1,8,1729,0.8,0.0005780346820809,0.9696969696969696,0.0303030303030303,7.416063517332077
tfnbs,"e=0.3,h=3.0,n=30,start_thres=1.25",hub,0.25,100,27,40,1730,32,1,8,1729,0.8,0.0005780346820809,0.9696969696969696,0.0303030303030303,7.416063517332077
tfnbs,"e=0.3,h=4.0,n=30,start_thres=1.25",hub,0.25,100,27,40,1730,31,1,9,1729,0.775,0.0005780346820809,0.96875,0.03125,7.416063517332077
tfnbs,"e=0.3,h=5.0,n=30,start_thres=1.25",hub,0.25,100,27,40,1730,31,1,9,1729,0.775,0.0005780346820809,0.96875,0.03125,7.416063517332077
tfnbs,"e=0.3,h=6.0,n=30,start_thres=1.25",hub,0.25,100,27,40,1730,30,1,10,1729,0.75,0.0005780346820809,0.967741935483871,0.032258064516129,7.416063517332077
tfnbs,"e=0.3,h=7.0,n=30,start_thres=1.25",hub,0.25,100,27,40,1730,30,1,10,1729,0.75,0.0005780346820809,0.967741935483871,0.032258064516129,7.416063517332077
tfnbs,"e=0.3,h=8.0,n=30,start_thres=1.25",hub,0.25,100,27,40,1730,30,1,10,1729,0.75,0.0005780346820809,0.967741935483871,0.032258064516129,7.416063517332077
tfnbs,"e=0.3,h=9.0,n=30,start_thres=1.25",hub,0.25,100,27,40,1730,30,1,10,1729,0.75,0.0005780346820809,0.967741935483871,0.032258064516129,7.416063517332077
tfnbs,"e=0.3,h=10.0,n=30,start_thres=1.25",hub,0.25,100,27,40,1730,28,1,12,1729,0.7,0.0005780346820809,0.9655172413793104,0.0344827586206896,7.416063517332077
tfnbs,"e=0.4,h=0.5,n=30,start_thres=1.25",hub,0.25,100,27,40,1730,32,3,8,1727,0.8,0.0017341040462427,0.9142857142857144,0.0857142857142857,7.416063517332077
tfnbs,"e=0.4,h=1.0,n=30,start_thres=1.25",hub,0.25,100,27,40,1730,32,3,8,1727,0.8,0.0017341040462427,0.9142857142857144,0.0857142857142857,7.416063517332077
tfnbs,"e=0.4,h=2.0,n=30,start_thres=1.25",hub,0.25,100,27,40,1730,32,1,8,1729,0.8,0.0005780346820809,0.9696969696969696,0.0303030303030303,7.416063517332077
tfnbs,"e=0.4,h=3.0,n=30,start_thres=1.25",hub,0.25,100,27,40,1730,32,1,8,1729,0.8,0.0005780346820809,0.9696969696969696,0.0303030303030303,7.416063517332077
tfnbs,"e=0.4,h=4.0,n=30,start_thres=1.25",hub,0.25,100,27,40,1730,32,1,8,1729,0.8,0.0005780346820809,0.9696969696969696,0.0303030303030303,7.416063517332077
tfnbs,"e=0.4,h=5.0,n=30,start_thres=1.25",hub,0.25,100,27,40,1730,32,1,8,1729,0.8,0.0005780346820809,0.9696969696969696,0.0303030303030303,7.416063517332077
tfnbs,"e=0.4,h=6.0,n=30,start_thres=1.25",hub,0.25,100,27,40,1730,31,1,9,1729,0.775,0.0005780346820809,0.96875,0.03125,7.416063517332077
tfnbs,"e=0.4,h=7.0,n=30,start_thres=1.25",hub,0.25,100,27,40,1730,31,1,9,1729,0.775,0.0005780346820809,0.96875,0.03125,7.416063517332077
tfnbs,"e=0.4,h=8.0,n=30,start_thres=1.25",hub,0.25,100,27,40,1730,31,1,9,1729,0.775,0.0005780346820809,0.96875,0.03125,7.416063517332077
tfnbs,"e=0.4,h=9.0,n=30,start_thres=1.25",hub,0.25,100,27,40,1730,30,1,10,1729,0.75,0.0005780346820809,0.967741935483871,0.032258064516129,7.416063517332077
tfnbs,"e=0.4,h=10.0,n=30,start_thres=1.25",hub,0.25,100,27,40,1730,30,1,10,1729,0.75,0.0005780346820809,0.967741935483871,0.032258064516129,7.416063517332077
tfnbs,"e=0.5,h=0.5,n=30,start_thres=1.25",hub,0.25,100,27,40,1730,36,4,4,1726,0.9,0.0023121387283236,0.9,0.1,7.416063517332077
tfnbs,"e=0.5,h=1.0,n=30,start_thres=1.25",hub,0.25,100,27,40,1730,32,3,8,1727,0.8,0.0017341040462427,0.9142857142857144,0.0857142857142857,7.416063517332077
tfnbs,"e=0.5,h=2.0,n=30,start_thres=1.25",hub,0.25,100,27,40,1730,32,3,8,1727,0.8,0.0017341040462427,0.9142857142857144,0.0857142857142857,7.416063517332077
tfnbs,"e=0.5,h=3.0,n=30,start_thres=1.25",hub,0.25,100,27,40,1730,32,3,8,1727,0.8,0.0017341040462427,0.9142857142857144,0.0857142857142857,7.416063517332077
tfnbs,"e=0.5,h=4.0,n=30,start_thres=1.25",hub,0.25,100,27,40,1730,32,1,8,1729,0.8,0.0005780346820809,0.9696969696969696,0.0303030303030303,7.416063517332077
tfnbs,"e=0.5,h=5.0,n=30,start_thres=1.25",hub,0.25,100,27,40,1730,32,1,8,1729,0.8,0.0005780346820809,0.9696969696969696,0.0303030303030303,7.416063517332077
tfnbs,"e=0.5,h=6.0,n=30,start_thres=1.25",hub,0.25,100,27,40,1730,32,1,8,1729,0.8,0.0005780346820809,0.9696969696969696,0.0303030303030303,7.416063517332077
tfnbs,"e=0.5,h=7.0,n=30,start_thres=1.25",hub,0.25,100,27,40,1730,32,1,8,1729,0.8,0.0005780346820809,0.9696969696969696,0.0303030303030303,7.416063517332077
tfnbs,"e=0.5,h=8.0,n=30,start_thres=1.25",hub,0.25,100,27,40,1730,31,1,9,1729,0.775,0.0005780346820809,0.96875,0.03125,7.416063517332077
tfnbs,"e=0.5,h=9.0,n=30,start_thres=1.25",hub,0.25,100,27,40,1730,31,1,9,1729,0.775,0.0005780346820809,0.96875,0.03125,7.416063517332077
tfnbs,"e=0.5,h=10.0,n=30,start_thres=1.25",hub,0.25,100,27,40,1730,31,1,9,1729,0.775,0.0005780346820809,0.96875,0.03125,7.416063517332077
tfnbs,"e=0.6,h=0.5,n=30,start_thres=1.25",hub,0.25,100,27,40,1730,36,4,4,1726,0.9,0.0023121387283236,0.9,0.1,7.416063517332077
tfnbs,"e=0.6,h=1.0,n=30,start_thres=1.25",hub,0.25,100,27,40,1730,36,4,4,1726,0.9,0.0023121387283236,0.9,0.1,7.416063517332077
tfnbs,"e=0.6,h=2.0,n=30,start_thres=1.25",hub,0.25,100,27,40,1730,36,4,4,1726,0.9,0.0023121387283236,0.9,0.1,7.416063517332077
tfnbs,"e=0.6,h=3.0,n=30,start_thres=1.25",hub,0.25,100,27,40,1730,32,3,8,1727,0.8,0.0017341040462427,0.9142857142857144,0.0857142857142857,7.416063517332077
tfnbs,"e=0.6,h=4.0,n=30,start_thres=1.25",hub,0.25,100,27,40,1730,32,3,8,1727,0.8,0.0017341040462427,0.9142857142857144,0.0857142857142857,7.416063517332077
tfnbs,"e=0.6,h=5.0,n=30,start_thres=1.25",hub,0.25,100,27,40,1730,32,1,8,1729,0.8,0.0005780346820809,0.9696969696969696,0.0303030303030303,7.416063517332077
tfnbs,"e=0.6,h=6.0,n=30,start_thres=1.25",hub,0.25,100,27,40,1730,32,1,8,1729,0.8,0.0005780346820809,0.9696969696969696,0.0303030303030303,7.416063517332077
tfnbs,"e=0.6,h=7.0,n=30,start_thres=1.25",hub,0.25,100,27,40,1730,32,1,8,1729,0.8,0.0005780346820809,0.9696969696969696,0.0303030303030303,7.416063517332077
tfnbs,"e=0.6,h=8.0,n=30,start_thres=1.25",hub,0.25,100,27,40,1730,32,1,8,1729,0.8,0.0005780346820809,0.9696969696969696,0.0303030303030303,7.416063517332077
tfnbs,"e=0.6,h=9.0,n=30,start_thres=1.25",hub,0.25,100,27,40,1730,32,1,8,1729,0.8,0.0005780346820809,0.9696969696969696,0.0303030303030303,7.416063517332077
tfnbs,"e=0.6,h=10.0,n=30,start_thres=1.25",hub,0.25,100,27,40,1730,31,1,9,1729,0.775,0.0005780346820809,0.96875,0.03125,7.416063517332077
tfnbs,"e=0.7,h=0.5,n=30,start_thres=1.25",hub,0.25,100,27,40,1730,36,4,4,1726,0.9,0.0023121387283236,0.9,0.1,7.416063517332077
tfnbs,"e=0.7,h=1.0,n=30,start_thres=1.25",hub,0.25,100,27,40,1730,36,4,4,1726,0.9,0.0023121387283236,0.9,0.1,7.416063517332077
tfnbs,"e=0.7,h=2.0,n=30,start_thres=1.25",hub,0.25,100,27,40,1730,36,4,4,1726,0.9,0.0023121387283236,0.9,0.1,7.416063517332077
tfnbs,"e=0.7,h=3.0,n=30,start_thres=1.25",hub,0.25,100,27,40,1730,36,4,4,1726,0.9,0.0023121387283236,0.9,0.1,7.416063517332077
tfnbs,"e=0.7,h=4.0,n=30,start_thres=1.25",hub,0.25,100,27,40,1730,36,4,4,1726,0.9,0.0023121387283236,0.9,0.1,7.416063517332077
tfnbs,"e=0.7,h=5.0,n=30,start_thres=1.25",hub,0.25,100,27,40,1730,32,3,8,1727,0.8,0.0017341040462427,0.9142857142857144,0.0857142857142857,7.416063517332077
tfnbs,"e=0.7,h=6.0,n=30,start_thres=1.25",hub,0.25,100,27,40,1730,32,3,8,1727,0.8,0.0017341040462427,0.9142857142857144,0.0857142857142857,7.416063517332077
tfnbs,"e=0.7,h=7.0,n=30,start_thres=1.25",hub,0.25,100,27,40,1730,32,1,8,1729,0.8,0.0005780346820809,0.9696969696969696,0.0303030303030303,7.416063517332077
tfnbs,"e=0.7,h=8.0,n=30,start_thres=1.25",hub,0.25,100,27,40,1730,32,1,8,1729,0.8,0.0005780346820809,0.9696969696969696,0.0303030303030303,7.416063517332077
tfnbs,"e=0.7,h=9.0,n=30,start_thres=1.25",hub,0.25,100,27,40,1730,32,1,8,1729,0.8,0.0005780346820809,0.9696969696969696,0.0303030303030303,7.416063517332077
tfnbs,"e=0.7,h=10.0,n=30,start_thres=1.25",hub,0.25,100,27,40,1730,32,1,8,1729,0.8,0.0005780346820809,0.9696969696969696,0.0303030303030303,7.416063517332077
tfnbs,"e=0.8,h=0.5,n=30,start_thres=1.25",hub,0.25,100,27,40,1730,36,6,4,1724,0.9,0.0034682080924855,0.8571428571428571,0.1428571428571428,7.416063517332077
tfnbs,"e=0.8,h=1.0,n=30,start_thres=1.25",hub,0.25,100,27,40,1730,36,6,4,1724,0.9,0.0034682080924855,0.8571428571428571,0.1428571428571428,7.416063517332077
tfnbs,"e=0.8,h=2.0,n=30,start_thres=1.25",hub,0.25,100,27,40,1730,36,6,4,1724,0.9,0.0034682080924855,0.8571428571428571,0.1428571428571428,7.416063517332077
tfnbs,"e=0.8,h=3.0,n=30,start_thres=1.25",hub,0.25,100,27,40,1730,36,6,4,1724,0.9,0.0034682080924855,0.8571428571428571,0.1428571428571428,7.416063517332077
tfnbs,"e=0.8,h=4.0,n=30,start_thres=1.25",hub,0.25,100,27,40,1730,36,4,4,1726,0.9,0.0023121387283236,0.9,0.1,7.416063517332077
tfnbs,"e=0.8,h=5.0,n=30,start_thres=1.25",hub,0.25,100,27,40,1730,36,4,4,1726,0.9,0.0023121387283236,0.9,0.1,7.416063517332077
tfnbs,"e=0.8,h=6.0,n=30,start_thres=1.25",hub,0.25,100,27,40,1730,32,3,8,1727,0.8,0.0017341040462427,0.9142857142857144,0.0857142857142857,7.416063517332077
tfnbs,"e=0.8,h=7.0,n=30,start_thres=1.25",hub,0.25,100,27,40,1730,32,3,8,1727,0.8,0.0017341040462427,0.9142857142857144,0.0857142857142857,7.416063517332077
tfnbs,"e=0.8,h=8.0,n=30,start_thres=1.25",hub,0.25,100,27,40,1730,32,1,8,1729,0.8,0.0005780346820809,0.9696969696969696,0.0303030303030303,7.416063517332077
tfnbs,"e=0.8,h=9.0,n=30,start_thres=1.25",hub,0.25,100,27,40,1730,32,1,8,1729,0.8,0.0005780346820809,0.9696969696969696,0.0303030303030303,7.416063517332077
tfnbs,"e=0.8,h=10.0,n=30,start_thres=1.25",hub,0.25,100,27,40,1730,32,1,8,1729,0.8,0.0005780346820809,0.9696969696969696,0.0303030303030303,7.416063517332077
tfnbs,"e=0.9,h=0.5,n=30,start_thres=1.25",hub,0.25,100,27,40,1730,36,6,4,1724,0.9,0.0034682080924855,0.8571428571428571,0.1428571428571428,7.416063517332077
tfnbs,"e=0.9,h=1.0,n=30,start_thres=1.25",hub,0.25,100,27,40,1730,36,6,4,1724,0.9,0.0034682080924855,0.8571428571428571,0.1428571428571428,7.416063517332077
tfnbs,"e=0.9,h=2.0,n=30,start_thres=1.25",hub,0.25,100,27,40,1730,36,6,4,1724,0.9,0.0034682080924855,0.8571428571428571,0.1428571428571428,7.416063517332077
tfnbs,"e=0.9,h=3.0,n=30,start_thres=1.25",hub,0.25,100,27,40,1730,36,6,4,1724,0.9,0.0034682080924855,0.8571428571428571,0.1428571428571428,7.416063517332077
tfnbs,"e=0.9,h=4.0,n=30,start_thres=1.25",hub,0.25,100,27,40,1730,36,6,4,1724,0.9,0.0034682080924855,0.8571428571428571,0.1428571428571428,7.416063517332077
tfnbs,"e=0.9,h=5.0,n=30,start_thres=1.25",hub,0.25,100,27,40,1730,36,4,4,1726,0.9,0.0023121387283236,0.9,0.1,7.416063517332077
tfnbs,"e=0.9,h=6.0,n=30,start_thres=1.25",hub,0.25,100,27,40,1730,36,4,4,1726,0.9,0.0023121387283236,0.9,0.1,7.416063517332077
tfnbs,"e=0.9,h=7.0,n=30,start_thres=1.25",hub,0.25,100,27,40,1730,36,4,4,1726,0.9,0.0023121387283236,0.9,0.1,7.416063517332077
tfnbs,"e=0.9,h=8.0,n=30,start_thres=1.25",hub,0.25,100,27,40,1730,32,3,8,1727,0.8,0.0017341040462427,0.9142857142857144,0.0857142857142857,7.416063517332077
tfnbs,"e=0.9,h=9.0,n=30,start_thres=1.25",hub,0.25,100,27,40,1730,32,1,8,1729,0.8,0.0005780346820809,0.9696969696969696,0.0303030303030303,7.416063517332077
tfnbs,"e=0.9,h=10.0,n=30,start_thres=1.25",hub,0.25,100,27,40,1730,32,1,8,1729,0.8,0.0005780346820809,0.9696969696969696,0.0303030303030303,7.416063517332077
tfnbs,"e=1.0,h=0.5,n=30,start_thres=1.25",hub,0.25,100,27,40,1730,36,6,4,1724,0.9,0.0034682080924855,0.8571428571428571,0.1428571428571428,7.416063517332077
tfnbs,"e=1.0,h=1.0,n=30,start_thres=1.25",hub,0.25,100,27,40,1730,36,6,4,1724,0.9,0.0034682080924855,0.8571428571428571,0.1428571428571428,7.416063517332077
tfnbs,"e=1.0,h=2.0,n=30,start_thres=1.25",hub,0.25,100,27,40,1730,36,6,4,1724,0.9,0.0034682080924855,0.8571428571428571,0.1428571428571428,7.416063517332077
tfnbs,"e=1.0,h=3.0,n=30,start_thres=1.25",hub,0.25,100,27,40,1730,36,6,4,1724,0.9,0.0034682080924855,0.8571428571428571,0.1428571428571428,7.416063517332077
tfnbs,"e=1.0,h=4.0,n=30,start_thres=1.25",hub,0.25,100,27,40,1730,36,6,4,1724,0.9,0.0034682080924855,0.8571428571428571,0.1428571428571428,7.416063517332077
tfnbs,"e=1.0,h=5.0,n=30,start_thres=1.25",hub,0.25,100,27,40,1730,36,6,4,1724,0.9,0.0034682080924855,0.8571428571428571,0.1428571428571428,7.416063517332077
tfnbs,"e=1.0,h=6.0,n=30,start_thres=1.25",hub,0.25,100,27,40,1730,36,4,4,1726,0.9,0.0023121387283236,0.9,0.1,7.416063517332077
tfnbs,"e=1.0,h=7.0,n=30,start_thres=1.25",hub,0.25,100,27,40,1730,36,4,4,1726,0.9,0.0023121387283236,0.9,0.1,7.416063517332077
tfnbs,"e=1.0,h=8.0,n=30,start_thres=1.25",hub,0.25,100,27,40,1730,36,4,4,1726,0.9,0.0023121387283236,0.9,0.1,7.416063517332077
tfnbs,"e=1.0,h=9.0,n=30,start_thres=1.25",hub,0.25,100,27,40,1730,32,3,8,1727,0.8,0.0017341040462427,0.9142857142857144,0.0857142857142857,7.416063517332077
tfnbs,"e=1.0,h=10.0,n=30,start_thres=1.25",hub,0.25,100,27,40,1730,32,3,8,1727,0.8,0.0017341040462427,0.9142857142857144,0.0857142857142857,7.416063517332077
tfnbs,"e=1.1,h=0.5,n=30,start_thres=1.25",hub,0.25,100,27,40,1730,36,6,4,1724,0.9,0.0034682080924855,0.8571428571428571,0.1428571428571428,7.416063517332077
tfnbs,"e=1.1,h=1.0,n=30,start_thres=1.25",hub,0.25,100,27,40,1730,36,6,4,1724,0.9,0.0034682080924855,0.8571428571428571,0.1428571428571428,7.416063517332077
tfnbs,"e=1.1,h=2.0,n=30,start_thres=1.25",hub,0.25,100,27,40,1730,36,6,4,1724,0.9,0.0034682080924855,0.8571428571428571,0.1428571428571428,7.416063517332077
tfnbs,"e=1.1,h=3.0,n=30,start_thres=1.25",hub,0.25,100,27,40,1730,36,6,4,1724,0.9,0.0034682080924855,0.8571428571428571,0.1428571428571428,7.416063517332077
tfnbs,"e=1.1,h=4.0,n=30,start_thres=1.25",hub,0.25,100,27,40,1730,36,6,4,1724,0.9,0.0034682080924855,0.8571428571428571,0.1428571428571428,7.416063517332077
tfnbs,"e=1.1,h=5.0,n=30,start_thres=1.25",hub,0.25,100,27,40,1730,36,6,4,1724,0.9,0.0034682080924855,0.8571428571428571,0.1428571428571428,7.416063517332077
tfnbs,"e=1.1,h=6.0,n=30,start_thres=1.25",hub,0.25,100,27,40,1730,36,6,4,1724,0.9,0.0034682080924855,0.8571428571428571,0.1428571428571428,7.416063517332077
tfnbs,"e=1.1,h=7.0,n=30,start_thres=1.25",hub,0.25,100,27,40,1730,36,4,4,1726,0.9,0.0023121387283236,0.9,0.1,7.416063517332077
tfnbs,"e=1.1,h=8.0,n=30,start_thres=1.25",hub,0.25,100,27,40,1730,36,4,4,1726,0.9,0.0023121387283236,0.9,0.1,7.416063517332077
tfnbs,"e=1.1,h=9.0,n=30,start_thres=1.25",hub,0.25,100,27,40,1730,36,4,4,1726,0.9,0.0023121387283236,0.9,0.1,7.416063517332077
tfnbs,"e=1.1,h=10.0,n=30,start_thres=1.25",hub,0.25,100,27,40,1730,32,3,8,1727,0.8,0.0017341040462427,0.9142857142857144,0.0857142857142857,7.416063517332077
tfnbs,"e=1.2,h=0.5,n=30,start_thres=1.25",hub,0.25,100,27,40,1730,36,6,4,1724,0.9,0.0034682080924855,0.8571428571428571,0.1428571428571428,7.416063517332077
tfnbs,"e=1.2,h=1.0,n=30,start_thres=1.25",hub,0.25,100,27,40,1730,36,6,4,1724,0.9,0.0034682080924855,0.8571428571428571,0.1428571428571428,7.416063517332077
tfnbs,"e=1.2,h=2.0,n=30,start_thres=1.25",hub,0.25,100,27,40,1730,36,6,4,1724,0.9,0.0034682080924855,0.8571428571428571,0.1428571428571428,7.416063517332077
tfnbs,"e=1.2,h=3.0,n=30,start_thres=1.25",hub,0.25,100,27,40,1730,36,6,4,1724,0.9,0.0034682080924855,0.8571428571428571,0.1428571428571428,7.416063517332077
tfnbs,"e=1.2,h=4.0,n=30,start_thres=1.25",hub,0.25,100,27,40,1730,36,6,4,1724,0.9,0.0034682080924855,0.8571428571428571,0.1428571428571428,7.416063517332077
tfnbs,"e=1.2,h=5.0,n=30,start_thres=1.25",hub,0.25,100,27,40,1730,36,6,4,1724,0.9,0.0034682080924855,0.8571428571428571,0.1428571428571428,7.416063517332077
tfnbs,"e=1.2,h=6.0,n=30,start_thres=1.25",hub,0.25,100,27,40,1730,36,6,4,1724,0.9,0.0034682080924855,0.8571428571428571,0.1428571428571428,7.416063517332077
tfnbs,"e=1.2,h=7.0,n=30,start_thres=1.25",hub,0.25,100,27,40,1730,36,6,4,1724,0.9,0.0034682080924855,0.8571428571428571,0.1428571428571428,7.416063517332077
tfnbs,"e=1.2,h=8.0,n=30,start_thres=1.25",hub,0.25,100,27,40,1730,36,6,4,1724,0.9,0.0034682080924855,0.8571428571428571,0.1428571428571428,7.416063517332077
tfnbs,"e=1.2,h=9.0,n=30,start_thres=1.25",hub,0.25,100,27,40,1730,36,4,4,1726,0.9,0.0023121387283236,0.9,0.1,7.416063517332077
tfnbs,"e=1.2,h=10.0,n=30,start_thres=1.25",hub,0.25,100,27,40,1730,36,4,4,1726,0.9,0.0023121387283236,0.9,0.1,7.416063517332077
tfnbs,"e=1.3,h=0.5,n=30,start_thres=1.25",hub,0.25,100,27,40,1730,36,6,4,1724,0.9,0.0034682080924855,0.8571428571428571,0.1428571428571428,7.416063517332077
tfnbs,"e=1.3,h=1.0,n=30,start_thres=1.25",hub,0.25,100,27,40,1730,36,6,4,1724,0.9,0.0034682080924855,0.8571428571428571,0.1428571428571428,7.416063517332077
tfnbs,"e=1.3,h=2.0,n=30,start_thres=1.25",hub,0.25,100,27,40,1730,36,6,4,1724,0.9,0.0034682080924855,0.8571428571428571,0.1428571428571428,7.416063517332077
tfnbs,"e=1.3,h=3.0,n=30,start_thres=1.25",hub,0.25,100,27,40,1730,36,6,4,1724,0.9,0.0034682080924855,0.8571428571428571,0.1428571428571428,7.416063517332077
tfnbs,"e=1.3,h=4.0,n=30,start_thres=1.25",hub,0.25,100,27,40,1730,36,6,4,1724,0.9,0.0034682080924855,0.8571428571428571,0.1428571428571428,7.416063517332077
tfnbs,"e=1.3,h=5.0,n=30,start_thres=1.25",hub,0.25,100,27,40,1730,37,8,3,1722,0.925,0.0046242774566473,0.8222222222222222,0.1777777777777777,7.416063517332077
tfnbs,"e=1.3,h=6.0,n=30,start_thres=1.25",hub,0.25,100,27,40,1730,36,6,4,1724,0.9,0.0034682080924855,0.8571428571428571,0.1428571428571428,7.416063517332077
tfnbs,"e=1.3,h=7.0,n=30,start_thres=1.25",hub,0.25,100,27,40,1730,36,6,4,1724,0.9,0.0034682080924855,0.8571428571428571,0.1428571428571428,7.416063517332077
tfnbs,"e=1.3,h=8.0,n=30,start_thres=1.25",hub,0.25,100,27,40,1730,36,6,4,1724,0.9,0.0034682080924855,0.8571428571428571,0.1428571428571428,7.416063517332077
tfnbs,"e=1.3,h=9.0,n=30,start_thres=1.25",hub,0.25,100,27,40,1730,36,6,4,1724,0.9,0.0034682080924855,0.8571428571428571,0.1428571428571428,7.416063517332077
tfnbs,"e=1.3,h=10.0,n=30,start_thres=1.25",hub,0.25,100,27,40,1730,36,4,4,1726,0.9,0.0023121387283236,0.9,0.1,7.416063517332077
tfnbs,"e=1.4,h=0.5,n=30,start_thres=1.25",hub,0.25,100,27,40,1730,36,4,4,1726,0.9,0.0023121387283236,0.9,0.1,7.416063517332077
tfnbs,"e=1.4,h=1.0,n=30,start_thres=1.25",hub,0.25,100,27,40,1730,36,6,4,1724,0.9,0.0034682080924855,0.8571428571428571,0.1428571428571428,7.416063517332077
tfnbs,"e=1.4,h=2.0,n=30,start_thres=1.25",hub,0.25,100,27,40,1730,36,6,4,1724,0.9,0.0034682080924855,0.8571428571428571,0.1428571428571428,7.416063517332077
tfnbs,"e=1.4,h=3.0,n=30,start_thres=1.25",hub,0.25,100,27,40,1730,36,6,4,1724,0.9,0.0034682080924855,0.8571428571428571,0.1428571428571428,7.416063517332077
tfnbs,"e=1.4,h=4.0,n=30,start_thres=1.25",hub,0.25,100,27,40,1730,37,8,3,1722,0.925,0.0046242774566473,0.8222222222222222,0.1777777777777777,7.416063517332077
tfnbs,"e=1.4,h=5.0,n=30,start_thres=1.25",hub,0.25,100,27,40,1730,37,8,3,1722,0.925,0.0046242774566473,0.8222222222222222,0.1777777777777777,7.416063517332077
tfnbs,"e=1.4,h=6.0,n=30,start_thres=1.25",hub,0.25,100,27,40,1730,37,8,3,1722,0.925,0.0046242774566473,0.8222222222222222,0.1777777777777777,7.416063517332077
tfnbs,"e=1.4,h=7.0,n=30,start_thres=1.25",hub,0.25,100,27,40,1730,37,8,3,1722,0.925,0.0046242774566473,0.8222222222222222,0.1777777777777777,7.416063517332077
tfnbs,"e=1.4,h=8.0,n=30,start_thres=1.25",hub,0.25,100,27,40,1730,36,6,4,1724,0.9,0.0034682080924855,0.8571428571428571,0.1428571428571428,7.416063517332077
tfnbs,"e=1.4,h=9.0,n=30,start_thres=1.25",hub,0.25,100,27,40,1730,36,6,4,1724,0.9,0.0034682080924855,0.8571428571428571,0.1428571428571428,7.416063517332077
tfnbs,"e=1.4,h=10.0,n=30,start_thres=1.25",hub,0.25,100,27,40,1730,36,6,4,1724,0.9,0.0034682080924855,0.8571428571428571,0.1428571428571428,7.416063517332077
tfnbs,"e=1.5,h=0.5,n=30,start_thres=1.25",hub,0.25,100,27,40,1730,36,4,4,1726,0.9,0.0023121387283236,0.9,0.1,7.416063517332077
tfnbs,"e=1.5,h=1.0,n=30,start_thres=1.25",hub,0.25,100,27,40,1730,36,6,4,1724,0.9,0.0034682080924855,0.8571428571428571,0.1428571428571428,7.416063517332077
tfnbs,"e=1.5,h=2.0,n=30,start_thres=1.25",hub,0.25,100,27,40,1730,36,6,4,1724,0.9,0.0034682080924855,0.8571428571428571,0.1428571428571428,7.416063517332077
tfnbs,"e=1.5,h=3.0,n=30,start_thres=1.25",hub,0.25,100,27,40,1730,36,6,4,1724,0.9,0.0034682080924855,0.8571428571428571,0.1428571428571428,7.416063517332077
tfnbs,"e=1.5,h=4.0,n=30,start_thres=1.25",hub,0.25,100,27,40,1730,37,8,3,1722,0.925,0.0046242774566473,0.8222222222222222,0.1777777777777777,7.416063517332077
tfnbs,"e=1.5,h=5.0,n=30,start_thres=1.25",hub,0.25,100,27,40,1730,37,8,3,1722,0.925,0.0046242774566473,0.8222222222222222,0.1777777777777777,7.416063517332077
tfnbs,"e=1.5,h=6.0,n=30,start_thres=1.25",hub,0.25,100,27,40,1730,37,8,3,1722,0.925,0.0046242774566473,0.8222222222222222,0.1777777777777777,7.416063517332077
tfnbs,"e=1.5,h=7.0,n=30,start_thres=1.25",hub,0.25,100,27,40,1730,37,8,3,1722,0.925,0.0046242774566473,0.8222222222222222,0.1777777777777777,7.416063517332077
tfnbs,"e=1.5,h=8.0,n=30,start_thres=1.25",hub,0.25,100,27,40,1730,37,8,3,1722,0.925,0.0046242774566473,0.8222222222222222,0.1777777777777777,7.416063517332077
tfnbs,"e=1.5,h=9.0,n=30,start_thres=1.25",hub,0.25,100,27,40,1730,36,6,4,1724,0.9,0.0034682080924855,0.8571428571428571,0.1428571428571428,7.416063517332077
tfnbs,"e=1.5,h=10.0,n=30,start_thres=1.25",hub,0.25,100,27,40,1730,36,6,4,1724,0.9,0.0034682080924855,0.8571428571428571,0.1428571428571428,7.416063517332077
fbc_tfnbs,"e=0.05,h=0.5,n=30,start_thres=1.25,min_cluster_size=3",hub,0.25,100,26,40,1730,37,0,3,1730,0.925,0.0,1.0,0.0,0.2523178959434682
fbc_tfnbs,"e=0.05,h=1.0,n=30,start_thres=1.25,min_cluster_size=3",hub,0.25,100,26,40,1730,37,0,3,1730,0.925,0.0,1.0,0.0,0.2523178959434682
fbc_tfnbs,"e=0.05,h=2.0,n=30,start_thres=1.25,min_cluster_size=3",hub,0.25,100,26,40,1730,37,0,3,1730,0.925,0.0,1.0,0.0,0.2523178959434682
fbc_tfnbs,"e=0.05,h=3.0,n=30,start_thres=1.25,min_cluster_size=3",hub,0.25,100,26,40,1730,37,0,3,1730,0.925,0.0,1.0,0.0,0.2523178959434682
fbc_tfnbs,"e=0.05,h=4.0,n=30,start_thres=1.25,min_cluster_size=3",hub,0.25,100,26,40,1730,37,0,3,1730,0.925,0.0,1.0,0.0,0.2523178959434682
fbc_tfnbs,"e=0.05,h=5.0,n=30,start_thres=1.25,min_cluster_size=3",hub,0.25,100,26,40,1730,37,0,3,1730,0.925,0.0,1.0,0.0,0.2523178959434682
fbc_tfnbs,"e=0.05,h=6.0,n=30,start_thres=1.25,min_cluster_size=3",hub,0.25,100,26,40,1730,37,0,3,1730,0.925,0.0,1.0,0.0,0.2523178959434682
fbc_tfnbs,"e=0.05,h=7.0,n=30,start_thres=1.25,min_cluster_size=3",hub,0.25,100,26,40,1730,37,0,3,1730,0.925,0.0,1.0,0.0,0.2523178959434682
fbc_tfnbs,"e=0.05,h=8.0,n=30,start_thres=1.25,min_cluster_size=3",hub,0.25,100,26,40,1730,37,0,3,1730,0.925,0.0,1.0,0.0,0.2523178959434682
fbc_tfnbs,"e=0.05,h=9.0,n=30,start_thres=1.25,min_cluster_size=3",hub,0.25,100,26,40,1730,37,0,3,1730,0.925,0.0,1.0,0.0,0.2523178959434682
fbc_tfnbs,"e=0.05,h=10.0,n=30,start_thres=1.25,min_cluster_size=3",hub,0.25,100,26,40,1730,37,0,3,1730,0.925,0.0,1.0,0.0,0.2523178959434682
fbc_tfnbs,"e=0.1,h=0.5,n=30,start_thres=1.25,min_cluster_size=3",hub,0.25,100,26,40,1730,37,0,3,1730,0.925,0.0,1.0,0.0,0.2523178959434682
fbc_tfnbs,"e=0.1,h=1.0,n=30,start_thres=1.25,min_cluster_size=3",hub,0.25,100,26,40,1730,37,0,3,1730,0.925,0.0,1.0,0.0,0.2523178959434682
fbc_tfnbs,"e=0.1,h=2.0,n=30,start_thres=1.25,min_cluster_size=3",hub,0.25,100,26,40,1730,37,0,3,1730,0.925,0.0,1.0,0.0,0.2523178959434682
fbc_tfnbs,"e=0.1,h=3.0,n=30,start_thres=1.25,min_cluster_size=3",hub,0.25,100,26,40,1730,37,0,3,1730,0.925,0.0,1.0,0.0,0.2523178959434682
fbc_tfnbs,"e=0.1,h=4.0,n=30,start_thres=1.25,min_cluster_size=3",hub,0.25,100,26,40,1730,37,0,3,1730,0.925,0.0,1.0,0.0,0.2523178959434682
fbc_tfnbs,"e=0.1,h=5.0,n=30,start_thres=1.25,min_cluster_size=3",hub,0.25,100,26,40,1730,37,0,3,1730,0.925,0.0,1.0,0.0,0.2523178959434682
fbc_tfnbs,"e=0.1,h=6.0,n=30,start_thres=1.25,min_cluster_size=3",hub,0.25,100,26,40,1730,37,0,3,1730,0.925,0.0,1.0,0.0,0.2523178959434682
fbc_tfnbs,"e=0.1,h=7.0,n=30,start_thres=1.25,min_cluster_size=3",hub,0.25,100,26,40,1730,37,0,3,1730,0.925,0.0,1.0,0.0,0.2523178959434682
fbc_tfnbs,"e=0.1,h=8.0,n=30,start_thres=1.25,min_cluster_size=3",hub,0.25,100,26,40,1730,37,0,3,1730,0.925,0.0,1.0,0.0,0.2523178959434682
fbc_tfnbs,"e=0.1,h=9.0,n=30,start_thres=1.25,min_cluster_size=3",hub,0.25,100,26,40,1730,37,0,3,1730,0.925,0.0,1.0,0.0,0.2523178959434682
fbc_tfnbs,"e=0.1,h=10.0,n=30,start_thres=1.25,min_cluster_size=3",hub,0.25,100,26,40,1730,37,0,3,1730,0.925,0.0,1.0,0.0,0.2523178959434682
fbc_tfnbs,"e=0.2,h=0.5,n=30,start_thres=1.25,min_cluster_size=3",hub,0.25,100,26,40,1730,37,0,3,1730,0.925,0.0,1.0,0.0,0.2523178959434682
fbc_tfnbs,"e=0.2,h=1.0,n=30,start_thres=1.25,min_cluster_size=3",hub,0.25,100,26,40,1730,37,0,3,1730,0.925,0.0,1.0,0.0,0.2523178959434682
fbc_tfnbs,"e=0.2,h=2.0,n=30,start_thres=1.25,min_cluster_size=3",hub,0.25,100,26,40,1730,37,0,3,1730,0.925,0.0,1.0,0.0,0.2523178959434682
fbc_tfnbs,"e=0.2,h=3.0,n=30,start_thres=1.25,min_cluster_size=3",hub,0.25,100,26,40,1730,37,0,3,1730,0.925,0.0,1.0,0.0,0.2523178959434682
fbc_tfnbs,"e=0.2,h=4.0,n=30,start_thres=1.25,min_cluster_size=3",hub,0.25,100,26,40,1730,37,0,3,1730,0.925,0.0,1.0,0.0,0.2523178959434682
fbc_tfnbs,"e=0.2,h=5.0,n=30,start_thres=1.25,min_cluster_size=3",hub,0.25,100,26,40,1730,37,0,3,1730,0.925,0.0,1.0,0.0,0.2523178959434682
fbc_tfnbs,"e=0.2,h=6.0,n=30,start_thres=1.25,min_cluster_size=3",hub,0.25,100,26,40,1730,37,0,3,1730,0.925,0.0,1.0,0.0,0.2523178959434682
fbc_tfnbs,"e=0.2,h=7.0,n=30,start_thres=1.25,min_cluster_size=3",hub,0.25,100,26,40,1730,37,0,3,1730,0.925,0.0,1.0,0.0,0.2523178959434682
fbc_tfnbs,"e=0.2,h=8.0,n=30,start_thres=1.25,min_cluster_size=3",hub,0.25,100,26,40,1730,37,0,3,1730,0.925,0.0,1.0,0.0,0.2523178959434682
fbc_tfnbs,"e=0.2,h=9.0,n=30,start_thres=1.25,min_cluster_size=3",hub,0.25,100,26,40,1730,37,0,3,1730,0.925,0.0,1.0,0.0,0.2523178959434682
fbc_tfnbs,"e=0.2,h=10.0,n=30,start_thres=1.25,min_cluster_size=3",hub,0.25,100,26,40,1730,37,0,3,1730,0.925,0.0,1.0,0.0,0.2523178959434682
fbc_tfnbs,"e=0.3,h=0.5,n=30,start_thres=1.25,min_cluster_size=3",hub,0.25,100,26,40,1730,37,0,3,1730,0.925,0.0,1.0,0.0,0.2523178959434682
fbc_tfnbs,"e=0.3,h=1.0,n=30,start_thres=1.25,min_cluster_size=3",hub,0.25,100,26,40,1730,37,0,3,1730,0.925,0.0,1.0,0.0,0.2523178959434682
fbc_tfnbs,"e=0.3,h=2.0,n=30,start_thres=1.25,min_cluster_size=3",hub,0.25,100,26,40,1730,37,2,3,1728,0.925,0.0011560693641618,0.9487179487179488,0.0512820512820512,0.2523178959434682
fbc_tfnbs,"e=0.3,h=3.0,n=30,start_thres=1.25,min_cluster_size=3",hub,0.25,100,26,40,1730,37,1,3,1729,0.925,0.0005780346820809,0.9736842105263158,0.0263157894736842,0.2523178959434682
fbc_tfnbs,"e=0.3,h=4.0,n=30,start_thres=1.25,min_cluster_size=3",hub,0.25,100,26,40,1730,37,0,3,1730,0.925,0.0,1.0,0.0,0.2523178959434682
fbc_tfnbs,"e=0.3,h=5.0,n=30,start_thres=1.25,min_cluster_size=3",hub,0.25,100,26,40,1730,37,0,3,1730,0.925,0.0,1.0,0.0,0.2523178959434682
fbc_tfnbs,"e=0.3,h=6.0,n=30,start_thres=1.25,min_cluster_size=3",hub,0.25,100,26,40,1730,37,0,3,1730,0.925,0.0,1.0,0.0,0.2523178959434682
fbc_tfnbs,"e=0.3,h=7.0,n=30,start_thres=1.25,min_cluster_size=3",hub,0.25,100,26,40,1730,37,0,3,1730,0.925,0.0,1.0,0.0,0.2523178959434682
fbc_tfnbs,"e=0.3,h=8.0,n=30,start_thres=1.25,min_cluster_size=3",hub,0.25,100,26,40,1730,37,0,3,1730,0.925,0.0,1.0,0.0,0.2523178959434682
fbc_tfnbs,"e=0.3,h=9.0,n=30,start_thres=1.25,min_cluster_size=3",hub,0.25,100,26,40,1730,37,0,3,1730,0.925,0.0,1.0,0.0,0.2523178959434682
fbc_tfnbs,"e=0.3,h=10.0,n=30,start_thres=1.25,min_cluster_size=3",hub,0.25,100,26,40,1730,37,0,3,1730,0.925,0.0,1.0,0.0,0.2523178959434682
fbc_tfnbs,"e=0.4,h=0.5,n=30,start_thres=1.25,min_cluster_size=3",hub,0.25,100,26,40,1730,37,2,3,1728,0.925,0.0011560693641618,0.9487179487179488,0.0512820512820512,0.2523178959434682
fbc_tfnbs,"e=0.4,h=1.0,n=30,start_thres=1.25,min_cluster_size=3",hub,0.25,100,26,40,1730,37,2,3,1728,0.925,0.0011560693641618,0.9487179487179488,0.0512820512820512,0.2523178959434682
fbc_tfnbs,"e=0.4,h=2.0,n=30,start_thres=1.25,min_cluster_size=3",hub,0.25,100,26,40,1730,37,2,3,1728,0.925,0.0011560693641618,0.9487179487179488,0.0512820512820512,0.2523178959434682
fbc_tfnbs,"e=0.4,h=3.0,n=30,start_thres=1.25,min_cluster_size=3",hub,0.25,100,26,40,1730,37,2,3,1728,0.925,0.0011560693641618,0.9487179487179488,0.0512820512820512,0.2523178959434682
fbc_tfnbs,"e=0.4,h=4.0,n=30,start_thres=1.25,min_cluster_size=3",hub,0.25,100,26,40,1730,37,2,3,1728,0.925,0.0011560693641618,0.9487179487179488,0.0512820512820512,0.2523178959434682
fbc_tfnbs,"e=0.4,h=5.0,n=30,start_thres=1.25,min_cluster_size=3",hub,0.25,100,26,40,1730,37,2,3,1728,0.925,0.0011560693641618,0.9487179487179488,0.0512820512820512,0.2523178959434682
fbc_tfnbs,"e=0.4,h=6.0,n=30,start_thres=1.25,min_cluster_size=3",hub,0.25,100,26,40,1730,37,2,3,1728,0.925,0.0011560693641618,0.9487179487179488,0.0512820512820512,0.2523178959434682
fbc_tfnbs,"e=0.4,h=7.0,n=30,start_thres=1.25,min_cluster_size=3",hub,0.25,100,26,40,1730,37,1,3,1729,0.925,0.0005780346820809,0.9736842105263158,0.0263157894736842,0.2523178959434682
fbc_tfnbs,"e=0.4,h=8.0,n=30,start_thres=1.25,min_cluster_size=3",hub,0.25,100,26,40,1730,37,0,3,1730,0.925,0.0,1.0,0.0,0.2523178959434682
fbc_tfnbs,"e=0.4,h=9.0,n=30,start_thres=1.25,min_cluster_size=3",hub,0.25,100,26,40,1730,37,0,3,1730,0.925,0.0,1.0,0.0,0.2523178959434682
fbc_tfnbs,"e=0.4,h=10.0,n=30,start_thres=1.25,min_cluster_size=3",hub,0.25,100,26,40,1730,37,0,3,1730,0.925,0.0,1.0,0.0,0.2523178959434682
fbc_tfnbs,"e=0.5,h=0.5,n=30,start_thres=1.25,min_cluster_size=3",hub,0.25,100,26,40,1730,37,2,3,1728,0.925,0.0011560693641618,0.9487179487179488,0.0512820512820512,0.2523178959434682
fbc_tfnbs,"e=0.5,h=1.0,n=30,start_thres=1.25,min_cluster_size=3",hub,0.25,100,26,40,1730,37,2,3,1728,0.925,0.0011560693641618,0.9487179487179488,0.0512820512820512,0.2523178959434682
fbc_tfnbs,"e=0.5,h=2.0,n=30,start_thres=1.25,min_cluster_size=3",hub,0.25,100,26,40,1730,37,2,3,1728,0.925,0.0011560693641618,0.9487179487179488,0.0512820512820512,0.2523178959434682
fbc_tfnbs,"e=0.5,h=3.0,n=30,start_thres=1.25,min_cluster_size=3",hub,0.25,100,26,40,1730,37,2,3,1728,0.925,0.0011560693641618,0.9487179487179488,0.0512820512820512,0.2523178959434682
fbc_tfnbs,"e=0.5,h=4.0,n=30,start_thres=1.25,min_cluster_size=3",hub,0.25,100,26,40,1730,37,2,3,1728,0.925,0.0011560693641618,0.9487179487179488,0.0512820512820512,0.2523178959434682
fbc_tfnbs,"e=0.5,h=5.0,n=30,start_thres=1.25,min_cluster_size=3",hub,0.25,100,26,40,1730,37,2,3,1728,0.925,0.0011560693641618,0.9487179487179488,0.0512820512820512,0.2523178959434682
fbc_tfnbs,"e=0.5,h=6.0,n=30,start_thres=1.25,min_cluster_size=3",hub,0.25,100,26,40,1730,37,2,3,1728,0.925,0.0011560693641618,0.9487179487179488,0.0512820512820512,0.2523178959434682
fbc_tfnbs,"e=0.5,h=7.0,n=30,start_thres=1.25,min_cluster_size=3",hub,0.25,100,26,40,1730,37,2,3,1728,0.925,0.0011560693641618,0.9487179487179488,0.0512820512820512,0.2523178959434682
fbc_tfnbs,"e=0.5,h=8.0,n=30,start_thres=1.25,min_cluster_size=3",hub,0.25,100,26,40,1730,37,2,3,1728,0.925,0.0011560693641618,0.9487179487179488,0.0512820512820512,0.2523178959434682
fbc_tfnbs,"e=0.5,h=9.0,n=30,start_thres=1.25,min_cluster_size=3",hub,0.25,100,26,40,1730,37,2,3,1728,0.925,0.0011560693641618,0.9487179487179488,0.0512820512820512,0.2523178959434682
fbc_tfnbs,"e=0.5,h=10.0,n=30,start_thres=1.25,min_cluster_size=3",hub,0.25,100,26,40,1730,37,0,3,1730,0.925,0.0,1.0,0.0,0.2523178959434682
fbc_tfnbs,"e=0.6,h=0.5,n=30,start_thres=1.25,min_cluster_size=3",hub,0.25,100,26,40,1730,36,2,4,1728,0.9,0.0011560693641618,0.9473684210526316,0.0526315789473684,0.2523178959434682
fbc_tfnbs,"e=0.6,h=1.0,n=30,start_thres=1.25,min_cluster_size=3",hub,0.25,100,26,40,1730,37,2,3,1728,0.925,0.0011560693641618,0.9487179487179488,0.0512820512820512,0.2523178959434682
fbc_tfnbs,"e=0.6,h=2.0,n=30,start_thres=1.25,min_cluster_size=3",hub,0.25,100,26,40,1730,37,2,3,1728,0.925,0.0011560693641618,0.9487179487179488,0.0512820512820512,0.2523178959434682
fbc_tfnbs,"e=0.6,h=3.0,n=30,start_thres=1.25,min_cluster_size=3",hub,0.25,100,26,40,1730,37,2,3,1728,0.925,0.0011560693641618,0.9487179487179488,0.0512820512820512,0.2523178959434682
fbc_tfnbs,"e=0.6,h=4.0,n=30,start_thres=1.25,min_cluster_size=3",hub,0.25,100,26,40,1730,37,2,3,1728,0.925,0.0011560693641618,0.9487179487179488,0.0512820512820512,0.2523178959434682
fbc_tfnbs,"e=0.6,h=5.0,n=30,start_thres=1.25,min_cluster_size=3",hub,0.25,100,26,40,1730,37,2,3,1728,0.925,0.0011560693641618,0.9487179487179488,0.0512820512820512,0.2523178959434682
fbc_tfnbs,"e=0.6,h=6.0,n=30,start_thres=1.25,min_cluster_size=3",hub,0.25,100,26,40,1730,37,2,3,1728,0.925,0.0011560693641618,0.9487179487179488,0.0512820512820512,0.2523178959434682
fbc_tfnbs,"e=0.6,h=7.0,n=30,start_thres=1.25,min_cluster_size=3",hub,0.25,100,26,40,1730,37,2,3,1728,0.925,0.0011560693641618,0.9487179487179488,0.0512820512820512,0.2523178959434682
fbc_tfnbs,"e=0.6,h=8.0,n=30,start_thres=1.25,min_cluster_size=3",hub,0.25,100,26,40,1730,37,2,3,1728,0.925,0.0011560693641618,0.9487179487179488,0.0512820512820512,0.2523178959434682
fbc_tfnbs,"e=0.6,h=9.0,n=30,start_thres=1.25,min_cluster_size=3",hub,0.25,100,26,40,1730,37,2,3,1728,0.925,0.0011560693641618,0.9487179487179488,0.0512820512820512,0.2523178959434682
fbc_tfnbs,"e=0.6,h=10.0,n=30,start_thres=1.25,min_cluster_size=3",hub,0.25,100,26,40,1730,37,2,3,1728,0.925,0.0011560693641618,0.9487179487179488,0.0512820512820512,0.2523178959434682
fbc_tfnbs,"e=0.7,h=0.5,n=30,start_thres=1.25,min_cluster_size=3",hub,0.25,100,26,40,1730,36,2,4,1728,0.9,0.0011560693641618,0.9473684210526316,0.0526315789473684,0.2523178959434682
fbc_tfnbs,"e=0.7,h=1.0,n=30,start_thres=1.25,min_cluster_size=3",hub,0.25,100,26,40,1730,36,2,4,1728,0.9,0.0011560693641618,0.9473684210526316,0.0526315789473684,0.2523178959434682
fbc_tfnbs,"e=0.7,h=2.0,n=30,start_thres=1.25,min_cluster_size=3",hub,0.25,100,26,40,1730,37,2,3,1728,0.925,0.0011560693641618,0.9487179487179488,0.0512820512820512,0.2523178959434682
fbc_tfnbs,"e=0.7,h=3.0,n=30,start_thres=1.25,min_cluster_size=3",hub,0.25,100,26,40,1730,37,2,3,1728,0.925,0.0011560693641618,0.9487179487179488,0.0512820512820512,0.2523178959434682
fbc_tfnbs,"e=0.7,h=4.0,n=30,start_thres=1.25,min_cluster_size=3",hub,0.25,100,26,40,1730,37,2,3,1728,0.925,0.0011560693641618,0.9487179487179488,0.0512820512820512,0.2523178959434682
fbc_tfnbs,"e=0.7,h=5.0,n=30,start_thres=1.25,min_cluster_size=3",hub,0.25,100,26,40,1730,37,2,3,1728,0.925,0.0011560693641618,0.9487179487179488,0.0512820512820512,0.2523178959434682
fbc_tfnbs,"e=0.7,h=6.0,n=30,start_thres=1.25,min_cluster_size=3",hub,0.25,100,26,40,1730,37,2,3,1728,0.925,0.0011560693641618,0.9487179487179488,0.0512820512820512,0.2523178959434682
fbc_tfnbs,"e=0.7,h=7.0,n=30,start_thres=1.25,min_cluster_size=3",hub,0.25,100,26,40,1730,37,2,3,1728,0.925,0.0011560693641618,0.9487179487179488,0.0512820512820512,0.2523178959434682
fbc_tfnbs,"e=0.7,h=8.0,n=30,start_thres=1.25,min_cluster_size=3",hub,0.25,100,26,40,1730,37,2,3,1728,0.925,0.0011560693641618,0.9487179487179488,0.0512820512820512,0.2523178959434682
fbc_tfnbs,"e=0.7,h=9.0,n=30,start_thres=1.25,min_cluster_size=3",hub,0.25,100,26,40,1730,37,2,3,1728,0.925,0.0011560693641618,0.9487179487179488,0.0512820512820512,0.2523178959434682
fbc_tfnbs,"e=0.7,h=10.0,n=30,start_thres=1.25,min_cluster_size=3",hub,0.25,100,26,40,1730,37,2,3,1728,0.925,0.0011560693641618,0.9487179487179488,0.0512820512820512,0.2523178959434682
fbc_tfnbs,"e=0.8,h=0.5,n=30,start_thres=1.25,min_cluster_size=3",hub,0.25,100,26,40,1730,35,2,5,1728,0.875,0.0011560693641618,0.945945945945946,0.054054054054054,0.2523178959434682
fbc_tfnbs,"e=0.8,h=1.0,n=30,start_thres=1.25,min_cluster_size=3",hub,0.25,100,26,40,1730,36,2,4,1728,0.9,0.0011560693641618,0.9473684210526316,0.0526315789473684,0.2523178959434682
fbc_tfnbs,"e=0.8,h=2.0,n=30,start_thres=1.25,min_cluster_size=3",hub,0.25,100,26,40,1730,37,2,3,1728,0.925,0.0011560693641618,0.9487179487179488,0.0512820512820512,0.2523178959434682
fbc_tfnbs,"e=0.8,h=3.0,n=30,start_thres=1.25,min_cluster_size=3",hub,0.25,100,26,40,1730,37,2,3,1728,0.925,0.0011560693641618,0.9487179487179488,0.0512820512820512,0.2523178959434682
fbc_tfnbs,"e=0.8,h=4.0,n=30,start_thres=1.25,min_cluster_size=3",hub,0.25,100,26,40,1730,37,2,3,1728,0.925,0.0011560693641618,0.9487179487179488,0.0512820512820512,0.2523178959434682
fbc_tfnbs,"e=0.8,h=5.0,n=30,start_thres=1.25,min_cluster_size=3",hub,0.25,100,26,40,1730,37,2,3,1728,0.925,0.0011560693641618,0.9487179487179488,0.0512820512820512,0.2523178959434682
fbc_tfnbs,"e=0.8,h=6.0,n=30,start_thres=1.25,min_cluster_size=3",hub,0.25,100,26,40,1730,37,2,3,1728,0.925,0.0011560693641618,0.9487179487179488,0.0512820512820512,0.2523178959434682
fbc_tfnbs,"e=0.8,h=7.0,n=30,start_thres=1.25,min_cluster_size=3",hub,0.25,100,26,40,1730,37,2,3,1728,0.925,0.0011560693641618,0.9487179487179488,0.0512820512820512,0.2523178959434682
fbc_tfnbs,"e=0.8,h=8.0,n=30,start_thres=1.25,min_cluster_size=3",hub,0.25,100,26,40,1730,37,2,3,1728,0.925,0.0011560693641618,0.9487179487179488,0.0512820512820512,0.2523178959434682
fbc_tfnbs,"e=0.8,h=9.0,n=30,start_thres=1.25,min_cluster_size=3",hub,0.25,100,26,40,1730,37,2,3,1728,0.925,0.0011560693641618,0.9487179487179488,0.0512820512820512,0.2523178959434682
fbc_tfnbs,"e=0.8,h=10.0,n=30,start_thres=1.25,min_cluster_size=3",hub,0.25,100,26,40,1730,37,2,3,1728,0.925,0.0011560693641618,0.9487179487179488,0.0512820512820512,0.2523178959434682
fbc_tfnbs,"e=0.9,h=0.5,n=30,start_thres=1.25,min_cluster_size=3",hub,0.25,100,26,40,1730,32,2,8,1728,0.8,0.0011560693641618,0.9411764705882352,0.0588235294117647,0.2523178959434682
fbc_tfnbs,"e=0.9,h=1.0,n=30,start_thres=1.25,min_cluster_size=3",hub,0.25,100,26,40,1730,36,2,4,1728,0.9,0.0011560693641618,0.9473684210526316,0.0526315789473684,0.2523178959434682
fbc_tfnbs,"e=0.9,h=2.0,n=30,start_thres=1.25,min_cluster_size=3",hub,0.25,100,26,40,1730,36,2,4,1728,0.9,0.0011560693641618,0.9473684210526316,0.0526315789473684,0.2523178959434682
fbc_tfnbs,"e=0.9,h=3.0,n=30,start_thres=1.25,min_cluster_size=3",hub,0.25,100,26,40,1730,37,2,3,1728,0.925,0.0011560693641618,0.9487179487179488,0.0512820512820512,0.2523178959434682
fbc_tfnbs,"e=0.9,h=4.0,n=30,start_thres=1.25,min_cluster_size=3",hub,0.25,100,26,40,1730,37,2,3,1728,0.925,0.0011560693641618,0.9487179487179488,0.0512820512820512,0.2523178959434682
fbc_tfnbs,"e=0.9,h=5.0,n=30,start_thres=1.25,min_cluster_size=3",hub,0.25,100,26,40,1730,37,2,3,1728,0.925,0.0011560693641618,0.9487179487179488,0.0512820512820512,0.2523178959434682
fbc_tfnbs,"e=0.9,h=6.0,n=30,start_thres=1.25,min_cluster_size=3",hub,0.25,100,26,40,1730,37,2,3,1728,0.925,0.0011560693641618,0.9487179487179488,0.0512820512820512,0.2523178959434682
fbc_tfnbs,"e=0.9,h=7.0,n=30,start_thres=1.25,min_cluster_size=3",hub,0.25,100,26,40,1730,37,2,3,1728,0.925,0.0011560693641618,0.9487179487179488,0.0512820512820512,0.2523178959434682
fbc_tfnbs,"e=0.9,h=8.0,n=30,start_thres=1.25,min_cluster_size=3",hub,0.25,100,26,40,1730,37,2,3,1728,0.925,0.0011560693641618,0.9487179487179488,0.0512820512820512,0.2523178959434682
fbc_tfnbs,"e=0.9,h=9.0,n=30,start_thres=1.25,min_cluster_size=3",hub,0.25,100,26,40,1730,37,2,3,1728,0.925,0.0011560693641618,0.9487179487179488,0.0512820512820512,0.2523178959434682
fbc_tfnbs,"e=0.9,h=10.0,n=30,start_thres=1.25,min_cluster_size=3",hub,0.25,100,26,40,1730,37,2,3,1728,0.925,0.0011560693641618,0.9487179487179488,0.0512820512820512,0.2523178959434682
fbc_tfnbs,"e=1.0,h=0.5,n=30,start_thres=1.25,min_cluster_size=3",hub,0.25,100,26,40,1730,32,2,8,1728,0.8,0.0011560693641618,0.9411764705882352,0.0588235294117647,0.2523178959434682
fbc_tfnbs,"e=1.0,h=1.0,n=30,start_thres=1.25,min_cluster_size=3",hub,0.25,100,26,40,1730,32,2,8,1728,0.8,0.0011560693641618,0.9411764705882352,0.0588235294117647,0.2523178959434682
fbc_tfnbs,"e=1.0,h=2.0,n=30,start_thres=1.25,min_cluster_size=3",hub,0.25,100,26,40,1730,36,2,4,1728,0.9,0.0011560693641618,0.9473684210526316,0.0526315789473684,0.2523178959434682
fbc_tfnbs,"e=1.0,h=3.0,n=30,start_thres=1.25,min_cluster_size=3",hub,0.25,100,26,40,1730,37,2,3,1728,0.925,0.0011560693641618,0.9487179487179488,0.0512820512820512,0.2523178959434682
fbc_tfnbs,"e=1.0,h=4.0,n=30,start_thres=1.25,min_cluster_size=3",hub,0.25,100,26,40,1730,38,4,2,1726,0.95,0.0023121387283236,0.9047619047619048,0.0952380952380952,0.2523178959434682
fbc_tfnbs,"e=1.0,h=5.0,n=30,start_thres=1.25,min_cluster_size=3",hub,0.25,100,26,40,1730,38,3,2,1727,0.95,0.0017341040462427,0.926829268292683,0.073170731707317,0.2523178959434682
fbc_tfnbs,"e=1.0,h=6.0,n=30,start_thres=1.25,min_cluster_size=3",hub,0.25,100,26,40,1730,37,2,3,1728,0.925,0.0011560693641618,0.9487179487179488,0.0512820512820512,0.2523178959434682
fbc_tfnbs,"e=1.0,h=7.0,n=30,start_thres=1.25,min_cluster_size=3",hub,0.25,100,26,40,1730,37,2,3,1728,0.925,0.0011560693641618,0.9487179487179488,0.0512820512820512,0.2523178959434682
fbc_tfnbs,"e=1.0,h=8.0,n=30,start_thres=1.25,min_cluster_size=3",hub,0.25,100,26,40,1730,37,2,3,1728,0.925,0.0011560693641618,0.9487179487179488,0.0512820512820512,0.2523178959434682
fbc_tfnbs,"e=1.0,h=9.0,n=30,start_thres=1.25,min_cluster_size=3",hub,0.25,100,26,40,1730,37,2,3,1728,0.925,0.0011560693641618,0.9487179487179488,0.0512820512820512,0.2523178959434682
fbc_tfnbs,"e=1.0,h=10.0,n=30,start_thres=1.25,min_cluster_size=3",hub,0.25,100,26,40,1730,37,2,3,1728,0.925,0.0011560693641618,0.9487179487179488,0.0512820512820512,0.2523178959434682
fbc_tfnbs,"e=1.1,h=0.5,n=30,start_thres=1.25,min_cluster_size=3",hub,0.25,100,26,40,1730,32,2,8,1728,0.8,0.0011560693641618,0.9411764705882352,0.0588235294117647,0.2523178959434682
fbc_tfnbs,"e=1.1,h=1.0,n=30,start_thres=1.25,min_cluster_size=3",hub,0.25,100,26,40,1730,32,2,8,1728,0.8,0.0011560693641618,0.9411764705882352,0.0588235294117647,0.2523178959434682
fbc_tfnbs,"e=1.1,h=2.0,n=30,start_thres=1.25,min_cluster_size=3",hub,0.25,100,26,40,1730,36,2,4,1728,0.9,0.0011560693641618,0.9473684210526316,0.0526315789473684,0.2523178959434682
fbc_tfnbs,"e=1.1,h=3.0,n=30,start_thres=1.25,min_cluster_size=3",hub,0.25,100,26,40,1730,37,2,3,1728,0.925,0.0011560693641618,0.9487179487179488,0.0512820512820512,0.2523178959434682
fbc_tfnbs,"e=1.1,h=4.0,n=30,start_thres=1.25,min_cluster_size=3",hub,0.25,100,26,40,1730,38,4,2,1726,0.95,0.0023121387283236,0.9047619047619048,0.0952380952380952,0.2523178959434682
fbc_tfnbs,"e=1.1,h=5.0,n=30,start_thres=1.25,min_cluster_size=3",hub,0.25,100,26,40,1730,38,4,2,1726,0.95,0.0023121387283236,0.9047619047619048,0.0952380952380952,0.2523178959434682
fbc_tfnbs,"e=1.1,h=6.0,n=30,start_thres=1.25,min_cluster_size=3",hub,0.25,100,26,40,1730,38,4,2,1726,0.95,0.0023121387283236,0.9047619047619048,0.0952380952380952,0.2523178959434682
fbc_tfnbs,"e=1.1,h=7.0,n=30,start_thres=1.25,min_cluster_size=3",hub,0.25,100,26,40,1730,37,2,3,1728,0.925,0.0011560693641618,0.9487179487179488,0.0512820512820512,0.2523178959434682
fbc_tfnbs,"e=1.1,h=8.0,n=30,start_thres=1.25,min_cluster_size=3",hub,0.25,100,26,40,1730,37,2,3,1728,0.925,0.0011560693641618,0.9487179487179488,0.0512820512820512,0.2523178959434682
fbc_tfnbs,"e=1.1,h=9.0,n=30,start_thres=1.25,min_cluster_size=3",hub,0.25,100,26,40,1730,37,2,3,1728,0.925,0.0011560693641618,0.9487179487179488,0.0512820512820512,0.2523178959434682
fbc_tfnbs,"e=1.1,h=10.0,n=30,start_thres=1.25,min_cluster_size=3",hub,0.25,100,26,40,1730,37,2,3,1728,0.925,0.0011560693641618,0.9487179487179488,0.0512820512820512,0.2523178959434682
fbc_tfnbs,"e=1.2,h=0.5,n=30,start_thres=1.25,min_cluster_size=3",hub,0.25,100,26,40,1730,32,1,8,1729,0.8,0.0005780346820809,0.9696969696969696,0.0303030303030303,0.2523178959434682
fbc_tfnbs,"e=1.2,h=1.0,n=30,start_thres=1.25,min_cluster_size=3",hub,0.25,100,26,40,1730,32,2,8,1728,0.8,0.0011560693641618,0.9411764705882352,0.0588235294117647,0.2523178959434682
fbc_tfnbs,"e=1.2,h=2.0,n=30,start_thres=1.25,min_cluster_size=3",hub,0.25,100,26,40,1730,36,2,4,1728,0.9,0.0011560693641618,0.9473684210526316,0.0526315789473684,0.2523178959434682
fbc_tfnbs,"e=1.2,h=3.0,n=30,start_thres=1.25,min_cluster_size=3",hub,0.25,100,26,40,1730,37,4,3,1726,0.925,0.0023121387283236,0.902439024390244,0.0975609756097561,0.2523178959434682
fbc_tfnbs,"e=1.2,h=4.0,n=30,start_thres=1.25,min_cluster_size=3",hub,0.25,100,26,40,1730,38,4,2,1726,0.95,0.0023121387283236,0.9047619047619048,0.0952380952380952,0.2523178959434682
fbc_tfnbs,"e=1.2,h=5.0,n=30,start_thres=1.25,min_cluster_size=3",hub,0.25,100,26,40,1730,38,4,2,1726,0.95,0.0023121387283236,0.9047619047619048,0.0952380952380952,0.2523178959434682
fbc_tfnbs,"e=1.2,h=6.0,n=30,start_thres=1.25,min_cluster_size=3",hub,0.25,100,26,40,1730,38,4,2,1726,0.95,0.0023121387283236,0.9047619047619048,0.0952380952380952,0.2523178959434682
fbc_tfnbs,"e=1.2,h=7.0,n=30,start_thres=1.25,min_cluster_size=3",hub,0.25,100,26,40,1730,38,4,2,1726,0.95,0.0023121387283236,0.9047619047619048,0.0952380952380952,0.2523178959434682
fbc_tfnbs,"e=1.2,h=8.0,n=30,start_thres=1.25,min_cluster_size=3",hub,0.25,100,26,40,1730,38,4,2,1726,0.95,0.0023121387283236,0.9047619047619048,0.0952380952380952,0.2523178959434682
fbc_tfnbs,"e=1.2,h=9.0,n=30,start_thres=1.25,min_cluster_size=3",hub,0.25,100,26,40,1730,37,2,3,1728,0.925,0.0011560693641618,0.9487179487179488,0.0512820512820512,0.2523178959434682
fbc_tfnbs,"e=1.2,h=10.0,n=30,start_thres=1.25,min_cluster_size=3",hub,0.25,100,26,40,1730,37,2,3,1728,0.925,0.0011560693641618,0.9487179487179488,0.0512820512820512,0.2523178959434682
fbc_tfnbs,"e=1.3,h=0.5,n=30,start_thres=1.25,min_cluster_size=3",hub,0.25,100,26,40,1730,32,0,8,1730,0.8,0.0,1.0,0.0,0.2523178959434682
fbc_tfnbs,"e=1.3,h=1.0,n=30,start_thres=1.25,min_cluster_size=3",hub,0.25,100,26,40,1730,32,2,8,1728,0.8,0.0011560693641618,0.9411764705882352,0.0588235294117647,0.2523178959434682
fbc_tfnbs,"e=1.3,h=2.0,n=30,start_thres=1.25,min_cluster_size=3",hub,0.25,100,26,40,1730,35,2,5,1728,0.875,0.0011560693641618,0.945945945945946,0.054054054054054,0.2523178959434682
fbc_tfnbs,"e=1.3,h=3.0,n=30,start_thres=1.25,min_cluster_size=3",hub,0.25,100,26,40,1730,37,4,3,1726,0.925,0.0023121387283236,0.902439024390244,0.0975609756097561,0.2523178959434682
fbc_tfnbs,"e=1.3,h=4.0,n=30,start_thres=1.25,min_cluster_size=3",hub,0.25,100,26,40,1730,38,4,2,1726,0.95,0.0023121387283236,0.9047619047619048,0.0952380952380952,0.2523178959434682
fbc_tfnbs,"e=1.3,h=5.0,n=30,start_thres=1.25,min_cluster_size=3",hub,0.25,100,26,40,1730,38,4,2,1726,0.95,0.0023121387283236,0.9047619047619048,0.0952380952380952,0.2523178959434682
fbc_tfnbs,"e=1.3,h=6.0,n=30,start_thres=1.25,min_cluster_size=3",hub,0.25,100,26,40,1730,38,4,2,1726,0.95,0.0023121387283236,0.9047619047619048,0.0952380952380952,0.2523178959434682
fbc_tfnbs,"e=1.3,h=7.0,n=30,start_thres=1.25,min_cluster_size=3",hub,0.25,100,26,40,1730,38,4,2,1726,0.95,0.0023121387283236,0.9047619047619048,0.0952380952380952,0.2523178959434682
fbc_tfnbs,"e=1.3,h=8.0,n=30,start_thres=1.25,min_cluster_size=3",hub,0.25,100,26,40,1730,38,4,2,1726,0.95,0.0023121387283236,0.9047619047619048,0.0952380952380952,0.2523178959434682
fbc_tfnbs,"e=1.3,h=9.0,n=30,start_thres=1.25,min_cluster_size=3",hub,0.25,100,26,40,1730,38,4,2,1726,0.95,0.0023121387283236,0.9047619047619048,0.0952380952380952,0.2523178959434682
fbc_tfnbs,"e=1.3,h=10.0,n=30,start_thres=1.25,min_cluster_size=3",hub,0.25,100,26,40,1730,37,2,3,1728,0.925,0.0011560693641618,0.9487179487179488,0.0512820512820512,0.2523178959434682
fbc_tfnbs,"e=1.4,h=0.5,n=30,start_thres=1.25,min_cluster_size=3",hub,0.25,100,26,40,1730,32,0,8,1730,0.8,0.0,1.0,0.0,0.2523178959434682
fbc_tfnbs,"e=1.4,h=1.0,n=30,start_thres=1.25,min_cluster_size=3",hub,0.25,100,26,40,1730,32,2,8,1728,0.8,0.0011560693641618,0.9411764705882352,0.0588235294117647,0.2523178959434682
fbc_tfnbs,"e=1.4,h=2.0,n=30,start_thres=1.25,min_cluster_size=3",hub,0.25,100,26,40,1730,32,2,8,1728,0.8,0.0011560693641618,0.9411764705882352,0.0588235294117647,0.2523178959434682
fbc_tfnbs,"e=1.4,h=3.0,n=30,start_thres=1.25,min_cluster_size=3",hub,0.25,100,26,40,1730,37,4,3,1726,0.925,0.0023121387283236,0.902439024390244,0.0975609756097561,0.2523178959434682
fbc_tfnbs,"e=1.4,h=4.0,n=30,start_thres=1.25,min_cluster_size=3",hub,0.25,100,26,40,1730,38,4,2,1726,0.95,0.0023121387283236,0.9047619047619048,0.0952380952380952,0.2523178959434682
fbc_tfnbs,"e=1.4,h=5.0,n=30,start_thres=1.25,min_cluster_size=3",hub,0.25,100,26,40,1730,38,4,2,1726,0.95,0.0023121387283236,0.9047619047619048,0.0952380952380952,0.2523178959434682
fbc_tfnbs,"e=1.4,h=6.0,n=30,start_thres=1.25,min_cluster_size=3",hub,0.25,100,26,40,1730,38,4,2,1726,0.95,0.0023121387283236,0.9047619047619048,0.0952380952380952,0.2523178959434682
fbc_tfnbs,"e=1.4,h=7.0,n=30,start_thres=1.25,min_cluster_size=3",hub,0.25,100,26,40,1730,38,4,2,1726,0.95,0.0023121387283236,0.9047619047619048,0.0952380952380952,0.2523178959434682
fbc_tfnbs,"e=1.4,h=8.0,n=30,start_thres=1.25,min_cluster_size=3",hub,0.25,100,26,40,1730,38,4,2,1726,0.95,0.0023121387283236,0.9047619047619048,0.0952380952380952,0.2523178959434682
fbc_tfnbs,"e=1.4,h=9.0,n=30,start_thres=1.25,min_cluster_size=3",hub,0.25,100,26,40,1730,38,4,2,1726,0.95,0.0023121387283236,0.9047619047619048,0.0952380952380952,0.2523178959434682
fbc_tfnbs,"e=1.4,h=10.0,n=30,start_thres=1.25,min_cluster_size=3",hub,0.25,100,26,40,1730,38,4,2,1726,0.95,0.0023121387283236,0.9047619047619048,0.0952380952380952,0.2523178959434682
fbc_tfnbs,"e=1.5,h=0.5,n=30,start_thres=1.25,min_cluster_size=3",hub,0.25,100,26,40,1730,31,0,9,1730,0.775,0.0,1.0,0.0,0.2523178959434682
fbc_tfnbs,"e=1.5,h=1.0,n=30,start_thres=1.25,min_cluster_size=3",hub,0.25,100,26,40,1730,32,1,8,1729,0.8,0.0005780346820809,0.9696969696969696,0.0303030303030303,0.2523178959434682
fbc_tfnbs,"e=1.5,h=2.0,n=30,start_thres=1.25,min_cluster_size=3",hub,0.25,100,26,40,1730,32,2,8,1728,0.8,0.0011560693641618,0.9411764705882352,0.0588235294117647,0.2523178959434682
fbc_tfnbs,"e=1.5,h=3.0,n=30,start_thres=1.25,min_cluster_size=3",hub,0.25,100,26,40,1730,37,4,3,1726,0.925,0.0023121387283236,0.902439024390244,0.0975609756097561,0.2523178959434682
fbc_tfnbs,"e=1.5,h=4.0,n=30,start_thres=1.25,min_cluster_size=3",hub,0.25,100,26,40,1730,37,4,3,1726,0.925,0.0023121387283236,0.902439024390244,0.0975609756097561,0.2523178959434682
fbc_tfnbs,"e=1.5,h=5.0,n=30,start_thres=1.25,min_cluster_size=3",hub,0.25,100,26,40,1730,38,4,2,1726,0.95,0.0023121387283236,0.9047619047619048,0.0952380952380952,0.2523178959434682
fbc_tfnbs,"e=1.5,h=6.0,n=30,start_thres=1.25,min_cluster_size=3",hub,0.25,100,26,40,1730,38,4,2,1726,0.95,0.0023121387283236,0.9047619047619048,0.0952380952380952,0.2523178959434682
fbc_tfnbs,"e=1.5,h=7.0,n=30,start_thres=1.25,min_cluster_size=3",hub,0.25,100,26,40,1730,38,4,2,1726,0.95,0.0023121387283236,0.9047619047619048,0.0952380952380952,0.2523178959434682
fbc_tfnbs,"e=1.5,h=8.0,n=30,start_thres=1.25,min_cluster_size=3",hub,0.25,100,26,40,1730,38,4,2,1726,0.95,0.0023121387283236,0.9047619047619048,0.0952380952380952,0.2523178959434682
fbc_tfnbs,"e=1.5,h=9.0,n=30,start_thres=1.25,min_cluster_size=3",hub,0.25,100,26,40,1730,38,4,2,1726,0.95,0.0023121387283236,0.9047619047619048,0.0952380952380952,0.2523178959434682
fbc_tfnbs,"e=1.5,h=10.0,n=30,start_thres=1.25,min_cluster_size=3",hub,0.25,100,26,40,1730,38,4,2,1726,0.95,0.0023121387283236,0.9047619047619048,0.0952380952380952,0.2523178959434682
fbc_tfnbs,"e=0.05,h=0.5,n=30,start_thres=1.25,min_cluster_size=3",hub,0.25,100,27,40,1730,32,1,8,1729,0.8,0.0005780346820809,0.9696969696969696,0.0303030303030303,0.2589096210219643
fbc_tfnbs,"e=0.05,h=1.0,n=30,start_thres=1.25,min_cluster_size=3",hub,0.25,100,27,40,1730,32,1,8,1729,0.8,0.0005780346820809,0.9696969696969696,0.0303030303030303,0.2589096210219643
fbc_tfnbs,"e=0.05,h=2.0,n=30,start_thres=1.25,min_cluster_size=3",hub,0.25,100,27,40,1730,32,1,8,1729,0.8,0.0005780346820809,0.9696969696969696,0.0303030303030303,0.2589096210219643
fbc_tfnbs,"e=0.05,h=3.0,n=30,start_thres=1.25,min_cluster_size=3",hub,0.25,100,27,40,1730,32,1,8,1729,0.8,0.0005780346820809,0.9696969696969696,0.0303030303030303,0.2589096210219643
fbc_tfnbs,"e=0.05,h=4.0,n=30,start_thres=1.25,min_cluster_size=3",hub,0.25,100,27,40,1730,32,1,8,1729,0.8,0.0005780346820809,0.9696969696969696,0.0303030303030303,0.2589096210219643
fbc_tfnbs,"e=0.05,h=5.0,n=30,start_thres=1.25,min_cluster_size=3",hub,0.25,100,27,40,1730,32,1,8,1729,0.8,0.0005780346820809,0.9696969696969696,0.0303030303030303,0.2589096210219643
fbc_tfnbs,"e=0.05,h=6.0,n=30,start_thres=1.25,min_cluster_size=3",hub,0.25,100,27,40,1730,32,1,8,1729,0.8,0.0005780346820809,0.9696969696969696,0.0303030303030303,0.2589096210219643
fbc_tfnbs,"e=0.05,h=7.0,n=30,start_thres=1.25,min_cluster_size=3",hub,0.25,100,27,40,1730,32,1,8,1729,0.8,0.0005780346820809,0.9696969696969696,0.0303030303030303,0.2589096210219643
fbc_tfnbs,"e=0.05,h=8.0,n=30,start_thres=1.25,min_cluster_size=3",hub,0.25,100,27,40,1730,32,1,8,1729,0.8,0.0005780346820809,0.9696969696969696,0.0303030303030303,0.2589096210219643
fbc_tfnbs,"e=0.05,h=9.0,n=30,start_thres=1.25,min_cluster_size=3",hub,0.25,100,27,40,1730,32,1,8,1729,0.8,0.0005780346820809,0.9696969696969696,0.0303030303030303,0.2589096210219643
fbc_tfnbs,"e=0.05,h=10.0,n=30,start_thres=1.25,min_cluster_size=3",hub,0.25,100,27,40,1730,32,1,8,1729,0.8,0.0005780346820809,0.9696969696969696,0.0303030303030303,0.2589096210219643
fbc_tfnbs,"e=0.1,h=0.5,n=30,start_thres=1.25,min_cluster_size=3",hub,0.25,100,27,40,1730,32,1,8,1729,0.8,0.0005780346820809,0.9696969696969696,0.0303030303030303,0.2589096210219643
fbc_tfnbs,"e=0.1,h=1.0,n=30,start_thres=1.25,min_cluster_size=3",hub,0.25,100,27,40,1730,32,1,8,1729,0.8,0.0005780346820809,0.9696969696969696,0.0303030303030303,0.2589096210219643
fbc_tfnbs,"e=0.1,h=2.0,n=30,start_thres=1.25,min_cluster_size=3",hub,0.25,100,27,40,1730,32,1,8,1729,0.8,0.0005780346820809,0.9696969696969696,0.0303030303030303,0.2589096210219643
fbc_tfnbs,"e=0.1,h=3.0,n=30,start_thres=1.25,min_cluster_size=3",hub,0.25,100,27,40,1730,32,1,8,1729,0.8,0.0005780346820809,0.9696969696969696,0.0303030303030303,0.2589096210219643
fbc_tfnbs,"e=0.1,h=4.0,n=30,start_thres=1.25,min_cluster_size=3",hub,0.25,100,27,40,1730,32,1,8,1729,0.8,0.0005780346820809,0.9696969696969696,0.0303030303030303,0.2589096210219643
fbc_tfnbs,"e=0.1,h=5.0,n=30,start_thres=1.25,min_cluster_size=3",hub,0.25,100,27,40,1730,32,1,8,1729,0.8,0.0005780346820809,0.9696969696969696,0.0303030303030303,0.2589096210219643
fbc_tfnbs,"e=0.1,h=6.0,n=30,start_thres=1.25,min_cluster_size=3",hub,0.25,100,27,40,1730,32,1,8,1729,0.8,0.0005780346820809,0.9696969696969696,0.0303030303030303,0.2589096210219643
fbc_tfnbs,"e=0.1,h=7.0,n=30,start_thres=1.25,min_cluster_size=3",hub,0.25,100,27,40,1730,32,1,8,1729,0.8,0.0005780346820809,0.9696969696969696,0.0303030303030303,0.2589096210219643
fbc_tfnbs,"e=0.1,h=8.0,n=30,start_thres=1.25,min_cluster_size=3",hub,0.25,100,27,40,1730,32,1,8,1729,0.8,0.0005780346820809,0.9696969696969696,0.0303030303030303,0.2589096210219643
fbc_tfnbs,"e=0.1,h=9.0,n=30,start_thres=1.25,min_cluster_size=3",hub,0.25,100,27,40,1730,32,1,8,1729,0.8,0.0005780346820809,0.9696969696969696,0.0303030303030303,0.2589096210219643
fbc_tfnbs,"e=0.1,h=10.0,n=30,start_thres=1.25,min_cluster_size=3",hub,0.25,100,27,40,1730,32,1,8,1729,0.8,0.0005780346820809,0.9696969696969696,0.0303030303030303,0.2589096210219643
fbc_tfnbs,"e=0.2,h=0.5,n=30,start_thres=1.25,min_cluster_size=3",hub,0.25,100,27,40,1730,32,1,8,1729,0.8,0.0005780346820809,0.9696969696969696,0.0303030303030303,0.2589096210219643
fbc_tfnbs,"e=0.2,h=1.0,n=30,start_thres=1.25,min_cluster_size=3",hub,0.25,100,27,40,1730,32,1,8,1729,0.8,0.0005780346820809,0.9696969696969696,0.0303030303030303,0.2589096210219643
fbc_tfnbs,"e=0.2,h=2.0,n=30,start_thres=1.25,min_cluster_size=3",hub,0.25,100,27,40,1730,32,1,8,1729,0.8,0.0005780346820809,0.9696969696969696,0.0303030303030303,0.2589096210219643
fbc_tfnbs,"e=0.2,h=3.0,n=30,start_thres=1.25,min_cluster_size=3",hub,0.25,100,27,40,1730,32,1,8,1729,0.8,0.0005780346820809,0.9696969696969696,0.0303030303030303,0.2589096210219643
fbc_tfnbs,"e=0.2,h=4.0,n=30,start_thres=1.25,min_cluster_size=3",hub,0.25,100,27,40,1730,32,1,8,1729,0.8,0.0005780346820809,0.9696969696969696,0.0303030303030303,0.2589096210219643
fbc_tfnbs,"e=0.2,h=5.0,n=30,start_thres=1.25,min_cluster_size=3",hub,0.25,100,27,40,1730,32,1,8,1729,0.8,0.0005780346820809,0.9696969696969696,0.0303030303030303,0.2589096210219643
fbc_tfnbs,"e=0.2,h=6.0,n=30,start_thres=1.25,min_cluster_size=3",hub,0.25,100,27,40,1730,32,1,8,1729,0.8,0.0005780346820809,0.9696969696969696,0.0303030303030303,0.2589096210219643
fbc_tfnbs,"e=0.2,h=7.0,n=30,start_thres=1.25,min_cluster_size=3",hub,0.25,100,27,40,1730,32,1,8,1729,0.8,0.0005780346820809,0.9696969696969696,0.0303030303030303,0.2589096210219643
fbc_tfnbs,"e=0.2,h=8.0,n=30,start_thres=1.25,min_cluster_size=3",hub,0.25,100,27,40,1730,32,1,8,1729,0.8,0.0005780346820809,0.9696969696969696,0.0303030303030303,0.2589096210219643
fbc_tfnbs,"e=0.2,h=9.0,n=30,start_thres=1.25,min_cluster_size=3",hub,0.25,100,27,40,1730,32,1,8,1729,0.8,0.0005780346820809,0.9696969696969696,0.0303030303030303,0.2589096210219643
fbc_tfnbs,"e=0.2,h=10.0,n=30,start_thres=1.25,min_cluster_size=3",hub,0.25,100,27,40,1730,32,1,8,1729,0.8,0.0005780346820809,0.9696969696969696,0.0303030303030303,0.2589096210219643
fbc_tfnbs,"e=0.3,h=0.5,n=30,start_thres=1.25,min_cluster_size=3",hub,0.25,100,27,40,1730,32,1,8,1729,0.8,0.0005780346820809,0.9696969696969696,0.0303030303030303,0.2589096210219643
fbc_tfnbs,"e=0.3,h=1.0,n=30,start_thres=1.25,min_cluster_size=3",hub,0.25,100,27,40,1730,32,1,8,1729,0.8,0.0005780346820809,0.9696969696969696,0.0303030303030303,0.2589096210219643
fbc_tfnbs,"e=0.3,h=2.0,n=30,start_thres=1.25,min_cluster_size=3",hub,0.25,100,27,40,1730,32,1,8,1729,0.8,0.0005780346820809,0.9696969696969696,0.0303030303030303,0.2589096210219643
fbc_tfnbs,"e=0.3,h=3.0,n=30,start_thres=1.25,min_cluster_size=3",hub,0.25,100,27,40,1730,32,1,8,1729,0.8,0.0005780346820809,0.9696969696969696,0.0303030303030303,0.2589096210219643
fbc_tfnbs,"e=0.3,h=4.0,n=30,start_thres=1.25,min_cluster_size=3",hub,0.25,100,27,40,1730,32,1,8,1729,0.8,0.0005780346820809,0.9696969696969696,0.0303030303030303,0.2589096210219643
fbc_tfnbs,"e=0.3,h=5.0,n=30,start_thres=1.25,min_cluster_size=3",hub,0.25,100,27,40,1730,32,1,8,1729,0.8,0.0005780346820809,0.9696969696969696,0.0303030303030303,0.2589096210219643
fbc_tfnbs,"e=0.3,h=6.0,n=30,start_thres=1.25,min_cluster_size=3",hub,0.25,100,27,40,1730,32,1,8,1729,0.8,0.0005780346820809,0.9696969696969696,0.0303030303030303,0.2589096210219643
fbc_tfnbs,"e=0.3,h=7.0,n=30,start_thres=1.25,min_cluster_size=3",hub,0.25,100,27,40,1730,32,1,8,1729,0.8,0.0005780346820809,0.9696969696969696,0.0303030303030303,0.2589096210219643
fbc_tfnbs,"e=0.3,h=8.0,n=30,start_thres=1.25,min_cluster_size=3",hub,0.25,100,27,40,1730,32,1,8,1729,0.8,0.0005780346820809,0.9696969696969696,0.0303030303030303,0.2589096210219643
fbc_tfnbs,"e=0.3,h=9.0,n=30,start_thres=1.25,min_cluster_size=3",hub,0.25,100,27,40,1730,32,1,8,1729,0.8,0.0005780346820809,0.9696969696969696,0.0303030303030303,0.2589096210219643
fbc_tfnbs,"e=0.3,h=10.0,n=30,start_thres=1.25,min_cluster_size=3",hub,0.25,100,27,40,1730,32,1,8,1729,0.8,0.0005780346820809,0.9696969696969696,0.0303030303030303,0.2589096210219643
fbc_tfnbs,"e=0.4,h=0.5,n=30,start_thres=1.25,min_cluster_size=3",hub,0.25,100,27,40,1730,32,1,8,1729,0.8,0.0005780346820809,0.9696969696969696,0.0303030303030303,0.2589096210219643
fbc_tfnbs,"e=0.4,h=1.0,n=30,start_thres=1.25,min_cluster_size=3",hub,0.25,100,27,40,1730,32,1,8,1729,0.8,0.0005780346820809,0.9696969696969696,0.0303030303030303,0.2589096210219643
fbc_tfnbs,"e=0.4,h=2.0,n=30,start_thres=1.25,min_cluster_size=3",hub,0.25,100,27,40,1730,32,1,8,1729,0.8,0.0005780346820809,0.9696969696969696,0.0303030303030303,0.2589096210219643
fbc_tfnbs,"e=0.4,h=3.0,n=30,start_thres=1.25,min_cluster_size=3",hub,0.25,100,27,40,1730,32,1,8,1729,0.8,0.0005780346820809,0.9696969696969696,0.0303030303030303,0.2589096210219643
fbc_tfnbs,"e=0.4,h=4.0,n=30,start_thres=1.25,min_cluster_size=3",hub,0.25,100,27,40,1730,32,1,8,1729,0.8,0.0005780346820809,0.9696969696969696,0.0303030303030303,0.2589096210219643
fbc_tfnbs,"e=0.4,h=5.0,n=30,start_thres=1.25,min_cluster_size=3",hub,0.25,100,27,40,1730,32,1,8,1729,0.8,0.0005780346820809,0.9696969696969696,0.0303030303030303,0.2589096210219643
fbc_tfnbs,"e=0.4,h=6.0,n=30,start_thres=1.25,min_cluster_size=3",hub,0.25,100,27,40,1730,32,1,8,1729,0.8,0.0005780346820809,0.9696969696969696,0.0303030303030303,0.2589096210219643
fbc_tfnbs,"e=0.4,h=7.0,n=30,start_thres=1.25,min_cluster_size=3",hub,0.25,100,27,40,1730,32,1,8,1729,0.8,0.0005780346820809,0.9696969696969696,0.0303030303030303,0.2589096210219643
fbc_tfnbs,"e=0.4,h=8.0,n=30,start_thres=1.25,min_cluster_size=3",hub,0.25,100,27,40,1730,32,1,8,1729,0.8,0.0005780346820809,0.9696969696969696,0.0303030303030303,0.2589096210219643
fbc_tfnbs,"e=0.4,h=9.0,n=30,start_thres=1.25,min_cluster_size=3",hub,0.25,100,27,40,1730,32,1,8,1729,0.8,0.0005780346820809,0.9696969696969696,0.0303030303030303,0.2589096210219643
fbc_tfnbs,"e=0.4,h=10.0,n=30,start_thres=1.25,min_cluster_size=3",hub,0.25,100,27,40,1730,32,1,8,1729,0.8,0.0005780346820809,0.9696969696969696,0.0303030303030303,0.2589096210219643
fbc_tfnbs,"e=0.5,h=0.5,n=30,start_thres=1.25,min_cluster_size=3",hub,0.25,100,27,40,1730,31,1,9,1729,0.775,0.0005780346820809,0.96875,0.03125,0.2589096210219643
fbc_tfnbs,"e=0.5,h=1.0,n=30,start_thres=1.25,min_cluster_size=3",hub,0.25,100,27,40,1730,32,1,8,1729,0.8,0.0005780346820809,0.9696969696969696,0.0303030303030303,0.2589096210219643
fbc_tfnbs,"e=0.5,h=2.0,n=30,start_thres=1.25,min_cluster_size=3",hub,0.25,100,27,40,1730,32,1,8,1729,0.8,0.0005780346820809,0.9696969696969696,0.0303030303030303,0.2589096210219643
fbc_tfnbs,"e=0.5,h=3.0,n=30,start_thres=1.25,min_cluster_size=3",hub,0.25,100,27,40,1730,32,1,8,1729,0.8,0.0005780346820809,0.9696969696969696,0.0303030303030303,0.2589096210219643
fbc_tfnbs,"e=0.5,h=4.0,n=30,start_thres=1.25,min_cluster_size=3",hub,0.25,100,27,40,1730,32,1,8,1729,0.8,0.0005780346820809,0.9696969696969696,0.0303030303030303,0.2589096210219643
fbc_tfnbs,"e=0.5,h=5.0,n=30,start_thres=1.25,min_cluster_size=3",hub,0.25,100,27,40,1730,32,1,8,1729,0.8,0.0005780346820809,0.9696969696969696,0.0303030303030303,0.2589096210219643
fbc_tfnbs,"e=0.5,h=6.0,n=30,start_thres=1.25,min_cluster_size=3",hub,0.25,100,27,40,1730,32,2,8,1728,0.8,0.0011560693641618,0.9411764705882352,0.0588235294117647,0.2589096210219643
fbc_tfnbs,"e=0.5,h=7.0,n=30,start_thres=1.25,min_cluster_size=3",hub,0.25,100,27,40,1730,32,2,8,1728,0.8,0.0011560693641618,0.9411764705882352,0.0588235294117647,0.2589096210219643
fbc_tfnbs,"e=0.5,h=8.0,n=30,start_thres=1.25,min_cluster_size=3",hub,0.25,100,27,40,1730,32,1,8,1729,0.8,0.0005780346820809,0.9696969696969696,0.0303030303030303,0.2589096210219643
fbc_tfnbs,"e=0.5,h=9.0,n=30,start_thres=1.25,min_cluster_size=3",hub,0.25,100,27,40,1730,32,1,8,1729,0.8,0.0005780346820809,0.9696969696969696,0.0303030303030303,0.2589096210219643
fbc_tfnbs,"e=0.5,h=10.0,n=30,start_thres=1.25,min_cluster_size=3",hub,0.25,100,27,40,1730,32,1,8,1729,0.8,0.0005780346820809,0.9696969696969696,0.0303030303030303,0.2589096210219643
fbc_tfnbs,"e=0.6,h=0.5,n=30,start_thres=1.25,min_cluster_size=3",hub,0.25,100,27,40,1730,31,1,9,1729,0.775,0.0005780346820809,0.96875,0.03125,0.2589096210219643
fbc_tfnbs,"e=0.6,h=1.0,n=30,start_thres=1.25,min_cluster_size=3",hub,0.25,100,27,40,1730,31,1,9,1729,0.775,0.0005780346820809,0.96875,0.03125,0.2589096210219643
fbc_tfnbs,"e=0.6,h=2.0,n=30,start_thres=1.25,min_cluster_size=3",hub,0.25,100,27,40,1730,32,1,8,1729,0.8,0.0005780346820809,0.9696969696969696,0.0303030303030303,0.2589096210219643
fbc_tfnbs,"e=0.6,h=3.0,n=30,start_thres=1.25,min_cluster_size=3",hub,0.25,100,27,40,1730,32,1,8,1729,0.8,0.0005780346820809,0.9696969696969696,0.0303030303030303,0.2589096210219643
fbc_tfnbs,"e=0.6,h=4.0,n=30,start_thres=1.25,min_cluster_size=3",hub,0.25,100,27,40,1730,32,2,8,1728,0.8,0.0011560693641618,0.9411764705882352,0.0588235294117647,0.2589096210219643
fbc_tfnbs,"e=0.6,h=5.0,n=30,start_thres=1.25,min_cluster_size=3",hub,0.25,100,27,40,1730,32,2,8,1728,0.8,0.0011560693641618,0.9411764705882352,0.0588235294117647,0.2589096210219643
fbc_tfnbs,"e=0.6,h=6.0,n=30,start_thres=1.25,min_cluster_size=3",hub,0.25,100,27,40,1730,32,2,8,1728,0.8,0.0011560693641618,0.9411764705882352,0.0588235294117647,0.2589096210219643
fbc_tfnbs,"e=0.6,h=7.0,n=30,start_thres=1.25,min_cluster_size=3",hub,0.25,100,27,40,1730,32,2,8,1728,0.8,0.0011560693641618,0.9411764705882352,0.0588235294117647,0.2589096210219643
fbc_tfnbs,"e=0.6,h=8.0,n=30,start_thres=1.25,min_cluster_size=3",hub,0.25,100,27,40,1730,32,2,8,1728,0.8,0.0011560693641618,0.9411764705882352,0.0588235294117647,0.2589096210219643
fbc_tfnbs,"e=0.6,h=9.0,n=30,start_thres=1.25,min_cluster_size=3",hub,0.25,100,27,40,1730,32,2,8,1728,0.8,0.0011560693641618,0.9411764705882352,0.0588235294117647,0.2589096210219643
fbc_tfnbs,"e=0.6,h=10.0,n=30,start_thres=1.25,min_cluster_size=3",hub,0.25,100,27,40,1730,32,2,8,1728,0.8,0.0011560693641618,0.9411764705882352,0.0588235294117647,0.2589096210219643
fbc_tfnbs,"e=0.7,h=0.5,n=30,start_thres=1.25,min_cluster_size=3",hub,0.25,100,27,40,1730,31,1,9,1729,0.775,0.0005780346820809,0.96875,0.03125,0.2589096210219643
fbc_tfnbs,"e=0.7,h=1.0,n=30,start_thres=1.25,min_cluster_size=3",hub,0.25,100,27,40,1730,31,1,9,1729,0.775,0.0005780346820809,0.96875,0.03125,0.2589096210219643
fbc_tfnbs,"e=0.7,h=2.0,n=30,start_thres=1.25,min_cluster_size=3",hub,0.25,100,27,40,1730,32,1,8,1729,0.8,0.0005780346820809,0.9696969696969696,0.0303030303030303,0.2589096210219643
fbc_tfnbs,"e=0.7,h=3.0,n=30,start_thres=1.25,min_cluster_size=3",hub,0.25,100,27,40,1730,32,1,8,1729,0.8,0.0005780346820809,0.9696969696969696,0.0303030303030303,0.2589096210219643
fbc_tfnbs,"e=0.7,h=4.0,n=30,start_thres=1.25,min_cluster_size=3",hub,0.25,100,27,40,1730,32,2,8,1728,0.8,0.0011560693641618,0.9411764705882352,0.0588235294117647,0.2589096210219643
fbc_tfnbs,"e=0.7,h=5.0,n=30,start_thres=1.25,min_cluster_size=3",hub,0.25,100,27,40,1730,32,2,8,1728,0.8,0.0011560693641618,0.9411764705882352,0.0588235294117647,0.2589096210219643
fbc_tfnbs,"e=0.7,h=6.0,n=30,start_thres=1.25,min_cluster_size=3",hub,0.25,100,27,40,1730,32,2,8,1728,0.8,0.0011560693641618,0.9411764705882352,0.0588235294117647,0.2589096210219643
fbc_tfnbs,"e=0.7,h=7.0,n=30,start_thres=1.25,min_cluster_size=3",hub,0.25,100,27,40,1730,32,2,8,1728,0.8,0.0011560693641618,0.9411764705882352,0.0588235294117647,0.2589096210219643
fbc_tfnbs,"e=0.7,h=8.0,n=30,start_thres=1.25,min_cluster_size=3",hub,0.25,100,27,40,1730,32,2,8,1728,0.8,0.0011560693641618,0.9411764705882352,0.0588235294117647,0.2589096210219643
fbc_tfnbs,"e=0.7,h=9.0,n=30,start_thres=1.25,min_cluster_size=3",hub,0.25,100,27,40,1730,32,2,8,1728,0.8,0.0011560693641618,0.9411764705882352,0.0588235294117647,0.2589096210219643
fbc_tfnbs,"e=0.7,h=10.0,n=30,start_thres=1.25,min_cluster_size=3",hub,0.25,100,27,40,1730,32,2,8,1728,0.8,0.0011560693641618,0.9411764705882352,0.0588235294117647,0.2589096210219643
fbc_tfnbs,"e=0.8,h=0.5,n=30,start_thres=1.25,min_cluster_size=3",hub,0.25,100,27,40,1730,30,1,10,1729,0.75,0.0005780346820809,0.967741935483871,0.032258064516129,0.2589096210219643
fbc_tfnbs,"e=0.8,h=1.0,n=30,start_thres=1.25,min_cluster_size=3",hub,0.25,100,27,40,1730,31,1,9,1729,0.775,0.0005780346820809,0.96875,0.03125,0.2589096210219643
fbc_tfnbs,"e=0.8,h=2.0,n=30,start_thres=1.25,min_cluster_size=3",hub,0.25,100,27,40,1730,31,1,9,1729,0.775,0.0005780346820809,0.96875,0.03125,0.2589096210219643
fbc_tfnbs,"e=0.8,h=3.0,n=30,start_thres=1.25,min_cluster_size=3",hub,0.25,100,27,40,1730,32,1,8,1729,0.8,0.0005780346820809,0.9696969696969696,0.0303030303030303,0.2589096210219643
fbc_tfnbs,"e=0.8,h=4.0,n=30,start_thres=1.25,min_cluster_size=3",hub,0.25,100,27,40,1730,32,2,8,1728,0.8,0.0011560693641618,0.9411764705882352,0.0588235294117647,0.2589096210219643
fbc_tfnbs,"e=0.8,h=5.0,n=30,start_thres=1.25,min_cluster_size=3",hub,0.25,100,27,40,1730,32,2,8,1728,0.8,0.0011560693641618,0.9411764705882352,0.0588235294117647,0.2589096210219643
fbc_tfnbs,"e=0.8,h=6.0,n=30,start_thres=1.25,min_cluster_size=3",hub,0.25,100,27,40,1730,32,2,8,1728,0.8,0.0011560693641618,0.9411764705882352,0.0588235294117647,0.2589096210219643
fbc_tfnbs,"e=0.8,h=7.0,n=30,start_thres=1.25,min_cluster_size=3",hub,0.25,100,27,40,1730,32,2,8,1728,0.8,0.0011560693641618,0.9411764705882352,0.0588235294117647,0.2589096210219643
fbc_tfnbs,"e=0.8,h=8.0,n=30,start_thres=1.25,min_cluster_size=3",hub,0.25,100,27,40,1730,32,2,8,1728,0.8,0.0011560693641618,0.9411764705882352,0.0588235294117647,0.2589096210219643
fbc_tfnbs,"e=0.8,h=9.0,n=30,start_thres=1.25,min_cluster_size=3",hub,0.25,100,27,40,1730,32,2,8,1728,0.8,0.0011560693641618,0.9411764705882352,0.0588235294117647,0.2589096210219643
fbc_tfnbs,"e=0.8,h=10.0,n=30,start_thres=1.25,min_cluster_size=3",hub,0.25,100,27,40,1730,32,2,8,1728,0.8,0.0011560693641618,0.9411764705882352,0.0588235294117647,0.2589096210219643
fbc_tfnbs,"e=0.9,h=0.5,n=30,start_thres=1.25,min_cluster_size=3",hub,0.25,100,27,40,1730,27,1,13,1729,0.675,0.0005780346820809,0.9642857142857144,0.0357142857142857,0.2589096210219643
fbc_tfnbs,"e=0.9,h=1.0,n=30,start_thres=1.25,min_cluster_size=3",hub,0.25,100,27,40,1730,31,1,9,1729,0.775,0.0005780346820809,0.96875,0.03125,0.2589096210219643
fbc_tfnbs,"e=0.9,h=2.0,n=30,start_thres=1.25,min_cluster_size=3",hub,0.25,100,27,40,1730,31,1,9,1729,0.775,0.0005780346820809,0.96875,0.03125,0.2589096210219643
fbc_tfnbs,"e=0.9,h=3.0,n=30,start_thres=1.25,min_cluster_size=3",hub,0.25,100,27,40,1730,32,1,8,1729,0.8,0.0005780346820809,0.9696969696969696,0.0303030303030303,0.2589096210219643
fbc_tfnbs,"e=0.9,h=4.0,n=30,start_thres=1.25,min_cluster_size=3",hub,0.25,100,27,40,1730,32,2,8,1728,0.8,0.0011560693641618,0.9411764705882352,0.0588235294117647,0.2589096210219643
fbc_tfnbs,"e=0.9,h=5.0,n=30,start_thres=1.25,min_cluster_size=3",hub,0.25,100,27,40,1730,32,2,8,1728,0.8,0.0011560693641618,0.9411764705882352,0.0588235294117647,0.2589096210219643
fbc_tfnbs,"e=0.9,h=6.0,n=30,start_thres=1.25,min_cluster_size=3",hub,0.25,100,27,40,1730,32,2,8,1728,0.8,0.0011560693641618,0.9411764705882352,0.0588235294117647,0.2589096210219643
fbc_tfnbs,"e=0.9,h=7.0,n=30,start_thres=1.25,min_cluster_size=3",hub,0.25,100,27,40,1730,32,2,8,1728,0.8,0.0011560693641618,0.9411764705882352,0.0588235294117647,0.2589096210219643
fbc_tfnbs,"e=0.9,h=8.0,n=30,start_thres=1.25,min_cluster_size=3",hub,0.25,100,27,40,1730,32,2,8,1728,0.8,0.0011560693641618,0.9411764705882352,0.0588235294117647,0.2589096210219643
fbc_tfnbs,"e=0.9,h=9.0,n=30,start_thres=1.25,min_cluster_size=3",hub,0.25,100,27,40,1730,32,2,8,1728,0.8,0.0011560693641618,0.9411764705882352,0.0588235294117647,0.2589096210219643
fbc_tfnbs,"e=0.9,h=10.0,n=30,start_thres=1.25,min_cluster_size=3",hub,0.25,100,27,40,1730,32,2,8,1728,0.8,0.0011560693641618,0.9411764705882352,0.0588235294117647,0.2589096210219643
fbc_tfnbs,"e=1.0,h=0.5,n=30,start_thres=1.25,min_cluster_size=3",hub,0.25,100,27,40,1730,27,1,13,1729,0.675,0.0005780346820809,0.9642857142857144,0.0357142857142857,0.2589096210219643
fbc_tfnbs,"e=1.0,h=1.0,n=30,start_thres=1.25,min_cluster_size=3",hub,0.25,100,27,40,1730,27,1,13,1729,0.675,0.0005780346820809,0.9642857142857144,0.0357142857142857,0.2589096210219643
fbc_tfnbs,"e=1.0,h=2.0,n=30,start_thres=1.25,min_cluster_size=3",hub,0.25,100,27,40,1730,31,1,9,1729,0.775,0.0005780346820809,0.96875,0.03125,0.2589096210219643
fbc_tfnbs,"e=1.0,h=3.0,n=30,start_thres=1.25,min_cluster_size=3",hub,0.25,100,27,40,1730,31,1,9,1729,0.775,0.0005780346820809,0.96875,0.03125,0.2589096210219643
fbc_tfnbs,"e=1.0,h=4.0,n=30,start_thres=1.25,min_cluster_size=3",hub,0.25,100,27,40,1730,32,2,8,1728,0.8,0.0011560693641618,0.9411764705882352,0.0588235294117647,0.2589096210219643
fbc_tfnbs,"e=1.0,h=5.0,n=30,start_thres=1.25,min_cluster_size=3",hub,0.25,100,27,40,1730,32,2,8,1728,0.8,0.0011560693641618,0.9411764705882352,0.0588235294117647,0.2589096210219643
fbc_tfnbs,"e=1.0,h=6.0,n=30,start_thres=1.25,min_cluster_size=3",hub,0.25,100,27,40,1730,32,2,8,1728,0.8,0.0011560693641618,0.9411764705882352,0.0588235294117647,0.2589096210219643
fbc_tfnbs,"e=1.0,h=7.0,n=30,start_thres=1.25,min_cluster_size=3",hub,0.25,100,27,40,1730,32,2,8,1728,0.8,0.0011560693641618,0.9411764705882352,0.0588235294117647,0.2589096210219643
fbc_tfnbs,"e=1.0,h=8.0,n=30,start_thres=1.25,min_cluster_size=3",hub,0.25,100,27,40,1730,32,2,8,1728,0.8,0.0011560693641618,0.9411764705882352,0.0588235294117647,0.2589096210219643
fbc_tfnbs,"e=1.0,h=9.0,n=30,start_thres=1.25,min_cluster_size=3",hub,0.25,100,27,40,1730,32,2,8,1728,0.8,0.0011560693641618,0.9411764705882352,0.0588235294117647,0.2589096210219643
fbc_tfnbs,"e=1.0,h=10.0,n=30,start_thres=1.25,min_cluster_size=3",hub,0.25,100,27,40,1730,32,2,8,1728,0.8,0.0011560693641618,0.9411764705882352,0.0588235294117647,0.2589096210219643
fbc_tfnbs,"e=1.1,h=0.5,n=30,start_thres=1.25,min_cluster_size=3",hub,0.25,100,27,40,1730,26,1,14,1729,0.65,0.0005780346820809,0.9629629629629628,0.037037037037037,0.2589096210219643
fbc_tfnbs,"e=1.1,h=1.0,n=30,start_thres=1.25,min_cluster_size=3",hub,0.25,100,27,40,1730,27,1,13,1729,0.675,0.0005780346820809,0.9642857142857144,0.0357142857142857,0.2589096210219643
fbc_tfnbs,"e=1.1,h=2.0,n=30,start_thres=1.25,min_cluster_size=3",hub,0.25,100,27,40,1730,31,1,9,1729,0.775,0.0005780346820809,0.96875,0.03125,0.2589096210219643
fbc_tfnbs,"e=1.1,h=3.0,n=30,start_thres=1.25,min_cluster_size=3",hub,0.25,100,27,40,1730,31,1,9,1729,0.775,0.0005780346820809,0.96875,0.03125,0.2589096210219643
fbc_tfnbs,"e=1.1,h=4.0,n=30,start_thres=1.25,min_cluster_size=3",hub,0.25,100,27,40,1730,32,2,8,1728,0.8,0.0011560693641618,0.9411764705882352,0.0588235294117647,0.2589096210219643
fbc_tfnbs,"e=1.1,h=5.0,n=30,start_thres=1.25,min_cluster_size=3",hub,0.25,100,27,40,1730,32,2,8,1728,0.8,0.0011560693641618,0.9411764705882352,0.0588235294117647,0.2589096210219643
fbc_tfnbs,"e=1.1,h=6.0,n=30,start_thres=1.25,min_cluster_size=3",hub,0.25,100,27,40,1730,32,2,8,1728,0.8,0.0011560693641618,0.9411764705882352,0.0588235294117647,0.2589096210219643
fbc_tfnbs,"e=1.1,h=7.0,n=30,start_thres=1.25,min_cluster_size=3",hub,0.25,100,27,40,1730,32,2,8,1728,0.8,0.0011560693641618,0.9411764705882352,0.0588235294117647,0.2589096210219643
fbc_tfnbs,"e=1.1,h=8.0,n=30,start_thres=1.25,min_cluster_size=3",hub,0.25,100,27,40,1730,32,2,8,1728,0.8,0.0011560693641618,0.9411764705882352,0.0588235294117647,0.2589096210219643
fbc_tfnbs,"e=1.1,h=9.0,n=30,start_thres=1.25,min_cluster_size=3",hub,0.25,100,27,40,1730,32,2,8,1728,0.8,0.0011560693641618,0.9411764705882352,0.0588235294117647,0.2589096210219643
fbc_tfnbs,"e=1.1,h=10.0,n=30,start_thres=1.25,min_cluster_size=3",hub,0.25,100,27,40,1730,32,2,8,1728,0.8,0.0011560693641618,0.9411764705882352,0.0588235294117647,0.2589096210219643
fbc_tfnbs,"e=1.2,h=0.5,n=30,start_thres=1.25,min_cluster_size=3",hub,0.25,100,27,40,1730,25,0,15,1730,0.625,0.0,1.0,0.0,0.2589096210219643
fbc_tfnbs,"e=1.2,h=1.0,n=30,start_thres=1.25,min_cluster_size=3",hub,0.25,100,27,40,1730,27,1,13,1729,0.675,0.0005780346820809,0.9642857142857144,0.0357142857142857,0.2589096210219643
fbc_tfnbs,"e=1.2,h=2.0,n=30,start_thres=1.25,min_cluster_size=3",hub,0.25,100,27,40,1730,31,1,9,1729,0.775,0.0005780346820809,0.96875,0.03125,0.2589096210219643
fbc_tfnbs,"e=1.2,h=3.0,n=30,start_thres=1.25,min_cluster_size=3",hub,0.25,100,27,40,1730,31,1,9,1729,0.775,0.0005780346820809,0.96875,0.03125,0.2589096210219643
fbc_tfnbs,"e=1.2,h=4.0,n=30,start_thres=1.25,min_cluster_size=3",hub,0.25,100,27,40,1730,31,1,9,1729,0.775,0.0005780346820809,0.96875,0.03125,0.2589096210219643
fbc_tfnbs,"e=1.2,h=5.0,n=30,start_thres=1.25,min_cluster_size=3",hub,0.25,100,27,40,1730,32,2,8,1728,0.8,0.0011560693641618,0.9411764705882352,0.0588235294117647,0.2589096210219643
fbc_tfnbs,"e=1.2,h=6.0,n=30,start_thres=1.25,min_cluster_size=3",hub,0.25,100,27,40,1730,32,2,8,1728,0.8,0.0011560693641618,0.9411764705882352,0.0588235294117647,0.2589096210219643
fbc_tfnbs,"e=1.2,h=7.0,n=30,start_thres=1.25,min_cluster_size=3",hub,0.25,100,27,40,1730,32,2,8,1728,0.8,0.0011560693641618,0.9411764705882352,0.0588235294117647,0.2589096210219643
fbc_tfnbs,"e=1.2,h=8.0,n=30,start_thres=1.25,min_cluster_size=3",hub,0.25,100,27,40,1730,32,2,8,1728,0.8,0.0011560693641618,0.9411764705882352,0.0588235294117647,0.2589096210219643
fbc_tfnbs,"e=1.2,h=9.0,n=30,start_thres=1.25,min_cluster_size=3",hub,0.25,100,27,40,1730,32,2,8,1728,0.8,0.0011560693641618,0.9411764705882352,0.0588235294117647,0.2589096210219643
fbc_tfnbs,"e=1.2,h=10.0,n=30,start_thres=1.25,min_cluster_size=3",hub,0.25,100,27,40,1730,32,2,8,1728,0.8,0.0011560693641618,0.9411764705882352,0.0588235294117647,0.2589096210219643
fbc_tfnbs,"e=1.3,h=0.5,n=30,start_thres=1.25,min_cluster_size=3",hub,0.25,100,27,40,1730,24,0,16,1730,0.6,0.0,1.0,0.0,0.2589096210219643
fbc_tfnbs,"e=1.3,h=1.0,n=30,start_thres=1.25,min_cluster_size=3",hub,0.25,100,27,40,1730,25,0,15,1730,0.625,0.0,1.0,0.0,0.2589096210219643
fbc_tfnbs,"e=1.3,h=2.0,n=30,start_thres=1.25,min_cluster_size=3",hub,0.25,100,27,40,1730,27,1,13,1729,0.675,0.0005780346820809,0.9642857142857144,0.0357142857142857,0.2589096210219643
fbc_tfnbs,"e=1.3,h=3.0,n=30,start_thres=1.25,min_cluster_size=3",hub,0.25,100,27,40,1730,31,1,9,1729,0.775,0.0005780346820809,0.96875,0.03125,0.2589096210219643
fbc_tfnbs,"e=1.3,h=4.0,n=30,start_thres=1.25,min_cluster_size=3",hub,0.25,100,27,40,1730,31,1,9,1729,0.775,0.0005780346820809,0.96875,0.03125,0.2589096210219643
fbc_tfnbs,"e=1.3,h=5.0,n=30,start_thres=1.25,min_cluster_size=3",hub,0.25,100,27,40,1730,32,2,8,1728,0.8,0.0011560693641618,0.9411764705882352,0.0588235294117647,0.2589096210219643
fbc_tfnbs,"e=1.3,h=6.0,n=30,start_thres=1.25,min_cluster_size=3",hub,0.25,100,27,40,1730,32,2,8,1728,0.8,0.0011560693641618,0.9411764705882352,0.0588235294117647,0.2589096210219643
fbc_tfnbs,"e=1.3,h=7.0,n=30,start_thres=1.25,min_cluster_size=3",hub,0.25,100,27,40,1730,32,2,8,1728,0.8,0.0011560693641618,0.9411764705882352,0.0588235294117647,0.2589096210219643
fbc_tfnbs,"e=1.3,h=8.0,n=30,start_thres=1.25,min_cluster_size=3",hub,0.25,100,27,40,1730,32,2,8,1728,0.8,0.0011560693641618,0.9411764705882352,0.0588235294117647,0.2589096210219643
fbc_tfnbs,"e=1.3,h=9.0,n=30,start_thres=1.25,min_cluster_size=3",hub,0.25,100,27,40,1730,32,2,8,1728,0.8,0.0011560693641618,0.9411764705882352,0.0588235294117647,0.2589096210219643
fbc_tfnbs,"e=1.3,h=10.0,n=30,start_thres=1.25,min_cluster_size=3",hub,0.25,100,27,40,1730,32,2,8,1728,0.8,0.0011560693641618,0.9411764705882352,0.0588235294117647,0.2589096210219643
fbc_tfnbs,"e=1.4,h=0.5,n=30,start_thres=1.25,min_cluster_size=3",hub,0.25,100,27,40,1730,20,0,20,1730,0.5,0.0,1.0,0.0,0.2589096210219643
fbc_tfnbs,"e=1.4,h=1.0,n=30,start_thres=1.25,min_cluster_size=3",hub,0.25,100,27,40,1730,25,0,15,1730,0.625,0.0,1.0,0.0,0.2589096210219643
fbc_tfnbs,"e=1.4,h=2.0,n=30,start_thres=1.25,min_cluster_size=3",hub,0.25,100,27,40,1730,27,1,13,1729,0.675,0.0005780346820809,0.9642857142857144,0.0357142857142857,0.2589096210219643
fbc_tfnbs,"e=1.4,h=3.0,n=30,start_thres=1.25,min_cluster_size=3",hub,0.25,100,27,40,1730,31,1,9,1729,0.775,0.0005780346820809,0.96875,0.03125,0.2589096210219643
fbc_tfnbs,"e=1.4,h=4.0,n=30,start_thres=1.25,min_cluster_size=3",hub,0.25,100,27,40,1730,31,1,9,1729,0.775,0.0005780346820809,0.96875,0.03125,0.2589096210219643
fbc_tfnbs,"e=1.4,h=5.0,n=30,start_thres=1.25,min_cluster_size=3",hub,0.25,100,27,40,1730,32,2,8,1728,0.8,0.0011560693641618,0.9411764705882352,0.0588235294117647,0.2589096210219643
fbc_tfnbs,"e=1.4,h=6.0,n=30,start_thres=1.25,min_cluster_size=3",hub,0.25,100,27,40,1730,32,2,8,1728,0.8,0.0011560693641618,0.9411764705882352,0.0588235294117647,0.2589096210219643
fbc_tfnbs,"e=1.4,h=7.0,n=30,start_thres=1.25,min_cluster_size=3",hub,0.25,100,27,40,1730,32,2,8,1728,0.8,0.0011560693641618,0.9411764705882352,0.0588235294117647,0.2589096210219643
fbc_tfnbs,"e=1.4,h=8.0,n=30,start_thres=1.25,min_cluster_size=3",hub,0.25,100,27,40,1730,32,2,8,1728,0.8,0.0011560693641618,0.9411764705882352,0.0588235294117647,0.2589096210219643
fbc_tfnbs,"e=1.4,h=9.0,n=30,start_thres=1.25,min_cluster_size=3",hub,0.25,100,27,40,1730,32,2,8,1728,0.8,0.0011560693641618,0.9411764705882352,0.0588235294117647,0.2589096210219643
fbc_tfnbs,"e=1.4,h=10.0,n=30,start_thres=1.25,min_cluster_size=3",hub,0.25,100,27,40,1730,32,2,8,1728,0.8,0.0011560693641618,0.9411764705882352,0.0588235294117647,0.2589096210219643
fbc_tfnbs,"e=1.5,h=0.5,n=30,start_thres=1.25,min_cluster_size=3",hub,0.25,100,27,40,1730,19,0,21,1730,0.475,0.0,1.0,0.0,0.2589096210219643
fbc_tfnbs,"e=1.5,h=1.0,n=30,start_thres=1.25,min_cluster_size=3",hub,0.25,100,27,40,1730,24,0,16,1730,0.6,0.0,1.0,0.0,0.2589096210219643
fbc_tfnbs,"e=1.5,h=2.0,n=30,start_thres=1.25,min_cluster_size=3",hub,0.25,100,27,40,1730,27,1,13,1729,0.675,0.0005780346820809,0.9642857142857144,0.0357142857142857,0.2589096210219643
fbc_tfnbs,"e=1.5,h=3.0,n=30,start_thres=1.25,min_cluster_size=3",hub,0.25,100,27,40,1730,31,1,9,1729,0.775,0.0005780346820809,0.96875,0.03125,0.2589096210219643
fbc_tfnbs,"e=1.5,h=4.0,n=30,start_thres=1.25,min_cluster_size=3",hub,0.25,100,27,40,1730,31,1,9,1729,0.775,0.0005780346820809,0.96875,0.03125,0.2589096210219643
fbc_tfnbs,"e=1.5,h=5.0,n=30,start_thres=1.25,min_cluster_size=3",hub,0.25,100,27,40,1730,31,2,9,1728,0.775,0.0011560693641618,0.9393939393939394,0.0606060606060606,0.2589096210219643
fbc_tfnbs,"e=1.5,h=6.0,n=30,start_thres=1.25,min_cluster_size=3",hub,0.25,100,27,40,1730,32,2,8,1728,0.8,0.0011560693641618,0.9411764705882352,0.0588235294117647,0.2589096210219643
fbc_tfnbs,"e=1.5,h=7.0,n=30,start_thres=1.25,min_cluster_size=3",hub,0.25,100,27,40,1730,32,2,8,1728,0.8,0.0011560693641618,0.9411764705882352,0.0588235294117647,0.2589096210219643
fbc_tfnbs,"e=1.5,h=8.0,n=30,start_thres=1.25,min_cluster_size=3",hub,0.25,100,27,40,1730,32,2,8,1728,0.8,0.0011560693641618,0.9411764705882352,0.0588235294117647,0.2589096210219643
fbc_tfnbs,"e=1.5,h=9.0,n=30,start_thres=1.25,min_cluster_size=3",hub,0.25,100,27,40,1730,32,2,8,1728,0.8,0.0011560693641618,0.9411764705882352,0.0588235294117647,0.2589096210219643
fbc_tfnbs,"e=1.5,h=10.0,n=30,start_thres=1.25,min_cluster_size=3",hub,0.25,100,27,40,1730,32,2,8,1728,0.8,0.0011560693641618,0.9411764705882352,0.0588235294117647,0.2589096210219643
tfnbs,"e=0.05,h=0.5,n=30,start_thres=1.25",hub,0.25,100,18,40,1730,19,0,21,1730,0.475,0.0,1.0,0.0,7.495116549459371
tfnbs,"e=0.05,h=1.0,n=30,start_thres=1.25",hub,0.25,100,18,40,1730,19,0,21,1730,0.475,0.0,1.0,0.0,7.495116549459371
tfnbs,"e=0.05,h=2.0,n=30,start_thres=1.25",hub,0.25,100,18,40,1730,19,0,21,1730,0.475,0.0,1.0,0.0,7.495116549459371
tfnbs,"e=0.05,h=3.0,n=30,start_thres=1.25",hub,0.25,100,18,40,1730,19,0,21,1730,0.475,0.0,1.0,0.0,7.495116549459371
tfnbs,"e=0.05,h=4.0,n=30,start_thres=1.25",hub,0.25,100,18,40,1730,19,0,21,1730,0.475,0.0,1.0,0.0,7.495116549459371
tfnbs,"e=0.05,h=5.0,n=30,start_thres=1.25",hub,0.25,100,18,40,1730,19,0,21,1730,0.475,0.0,1.0,0.0,7.495116549459371
tfnbs,"e=0.05,h=6.0,n=30,start_thres=1.25",hub,0.25,100,18,40,1730,19,0,21,1730,0.475,0.0,1.0,0.0,7.495116549459371
tfnbs,"e=0.05,h=7.0,n=30,start_thres=1.25",hub,0.25,100,18,40,1730,19,0,21,1730,0.475,0.0,1.0,0.0,7.495116549459371
tfnbs,"e=0.05,h=8.0,n=30,start_thres=1.25",hub,0.25,100,18,40,1730,19,0,21,1730,0.475,0.0,1.0,0.0,7.495116549459371
tfnbs,"e=0.05,h=9.0,n=30,start_thres=1.25",hub,0.25,100,18,40,1730,19,0,21,1730,0.475,0.0,1.0,0.0,7.495116549459371
tfnbs,"e=0.05,h=10.0,n=30,start_thres=1.25",hub,0.25,100,18,40,1730,19,0,21,1730,0.475,0.0,1.0,0.0,7.495116549459371
tfnbs,"e=0.1,h=0.5,n=30,start_thres=1.25",hub,0.25,100,18,40,1730,25,0,15,1730,0.625,0.0,1.0,0.0,7.495116549459371
tfnbs,"e=0.1,h=1.0,n=30,start_thres=1.25",hub,0.25,100,18,40,1730,22,0,18,1730,0.55,0.0,1.0,0.0,7.495116549459371
tfnbs,"e=0.1,h=2.0,n=30,start_thres=1.25",hub,0.25,100,18,40,1730,22,0,18,1730,0.55,0.0,1.0,0.0,7.495116549459371
tfnbs,"e=0.1,h=3.0,n=30,start_thres=1.25",hub,0.25,100,18,40,1730,22,0,18,1730,0.55,0.0,1.0,0.0,7.495116549459371
tfnbs,"e=0.1,h=4.0,n=30,start_thres=1.25",hub,0.25,100,18,40,1730,22,0,18,1730,0.55,0.0,1.0,0.0,7.495116549459371
tfnbs,"e=0.1,h=5.0,n=30,start_thres=1.25",hub,0.25,100,18,40,1730,22,0,18,1730,0.55,0.0,1.0,0.0,7.495116549459371
tfnbs,"e=0.1,h=6.0,n=30,start_thres=1.25",hub,0.25,100,18,40,1730,19,0,21,1730,0.475,0.0,1.0,0.0,7.495116549459371
tfnbs,"e=0.1,h=7.0,n=30,start_thres=1.25",hub,0.25,100,18,40,1730,19,0,21,1730,0.475,0.0,1.0,0.0,7.495116549459371
tfnbs,"e=0.1,h=8.0,n=30,start_thres=1.25",hub,0.25,100,18,40,1730,19,0,21,1730,0.475,0.0,1.0,0.0,7.495116549459371
tfnbs,"e=0.1,h=9.0,n=30,start_thres=1.25",hub,0.25,100,18,40,1730,19,0,21,1730,0.475,0.0,1.0,0.0,7.495116549459371
tfnbs,"e=0.1,h=10.0,n=30,start_thres=1.25",hub,0.25,100,18,40,1730,19,0,21,1730,0.475,0.0,1.0,0.0,7.495116549459371
tfnbs,"e=0.2,h=0.5,n=30,start_thres=1.25",hub,0.25,100,18,40,1730,26,0,14,1730,0.65,0.0,1.0,0.0,7.495116549459371
tfnbs,"e=0.2,h=1.0,n=30,start_thres=1.25",hub,0.25,100,18,40,1730,26,0,14,1730,0.65,0.0,1.0,0.0,7.495116549459371
tfnbs,"e=0.2,h=2.0,n=30,start_thres=1.25",hub,0.25,100,18,40,1730,26,0,14,1730,0.65,0.0,1.0,0.0,7.495116549459371
tfnbs,"e=0.2,h=3.0,n=30,start_thres=1.25",hub,0.25,100,18,40,1730,25,0,15,1730,0.625,0.0,1.0,0.0,7.495116549459371
tfnbs,"e=0.2,h=4.0,n=30,start_thres=1.25",hub,0.25,100,18,40,1730,25,0,15,1730,0.625,0.0,1.0,0.0,7.495116549459371
tfnbs,"e=0.2,h=5.0,n=30,start_thres=1.25",hub,0.25,100,18,40,1730,25,0,15,1730,0.625,0.0,1.0,0.0,7.495116549459371
tfnbs,"e=0.2,h=6.0,n=30,start_thres=1.25",hub,0.25,100,18,40,1730,22,0,18,1730,0.55,0.0,1.0,0.0,7.495116549459371
tfnbs,"e=0.2,h=7.0,n=30,start_thres=1.25",hub,0.25,100,18,40,1730,22,0,18,1730,0.55,0.0,1.0,0.0,7.495116549459371
tfnbs,"e=0.2,h=8.0,n=30,start_thres=1.25",hub,0.25,100,18,40,1730,22,0,18,1730,0.55,0.0,1.0,0.0,7.495116549459371
tfnbs,"e=0.2,h=9.0,n=30,start_thres=1.25",hub,0.25,100,18,40,1730,22,0,18,1730,0.55,0.0,1.0,0.0,7.495116549459371
tfnbs,"e=0.2,h=10.0,n=30,start_thres=1.25",hub,0.25,100,18,40,1730,22,0,18,1730,0.55,0.0,1.0,0.0,7.495116549459371
tfnbs,"e=0.3,h=0.5,n=30,start_thres=1.25",hub,0.25,100,18,40,1730,32,1,8,1729,0.8,0.0005780346820809,0.9696969696969696,0.0303030303030303,7.495116549459371
tfnbs,"e=0.3,h=1.0,n=30,start_thres=1.25",hub,0.25,100,18,40,1730,32,1,8,1729,0.8,0.0005780346820809,0.9696969696969696,0.0303030303030303,7.495116549459371
tfnbs,"e=0.3,h=2.0,n=30,start_thres=1.25",hub,0.25,100,18,40,1730,30,1,10,1729,0.75,0.0005780346820809,0.967741935483871,0.032258064516129,7.495116549459371
tfnbs,"e=0.3,h=3.0,n=30,start_thres=1.25",hub,0.25,100,18,40,1730,30,1,10,1729,0.75,0.0005780346820809,0.967741935483871,0.032258064516129,7.495116549459371
tfnbs,"e=0.3,h=4.0,n=30,start_thres=1.25",hub,0.25,100,18,40,1730,26,0,14,1730,0.65,0.0,1.0,0.0,7.495116549459371
tfnbs,"e=0.3,h=5.0,n=30,start_thres=1.25",hub,0.25,100,18,40,1730,26,0,14,1730,0.65,0.0,1.0,0.0,7.495116549459371
tfnbs,"e=0.3,h=6.0,n=30,start_thres=1.25",hub,0.25,100,18,40,1730,25,0,15,1730,0.625,0.0,1.0,0.0,7.495116549459371
tfnbs,"e=0.3,h=7.0,n=30,start_thres=1.25",hub,0.25,100,18,40,1730,25,0,15,1730,0.625,0.0,1.0,0.0,7.495116549459371
tfnbs,"e=0.3,h=8.0,n=30,start_thres=1.25",hub,0.25,100,18,40,1730,25,0,15,1730,0.625,0.0,1.0,0.0,7.495116549459371
tfnbs,"e=0.3,h=9.0,n=30,start_thres=1.25",hub,0.25,100,18,40,1730,22,0,18,1730,0.55,0.0,1.0,0.0,7.495116549459371
tfnbs,"e=0.3,h=10.0,n=30,start_thres=1.25",hub,0.25,100,18,40,1730,22,0,18,1730,0.55,0.0,1.0,0.0,7.495116549459371
tfnbs,"e=0.4,h=0.5,n=30,start_thres=1.25",hub,0.25,100,18,40,1730,32,1,8,1729,0.8,0.0005780346820809,0.9696969696969696,0.0303030303030303,7.495116549459371
tfnbs,"e=0.4,h=1.0,n=30,start_thres=1.25",hub,0.25,100,18,40,1730,32,1,8,1729,0.8,0.0005780346820809,0.9696969696969696,0.0303030303030303,7.495116549459371
tfnbs,"e=0.4,h=2.0,n=30,start_thres=1.25",hub,0.25,100,18,40,1730,32,1,8,1729,0.8,0.0005780346820809,0.9696969696969696,0.0303030303030303,7.495116549459371
tfnbs,"e=0.4,h=3.0,n=30,start_thres=1.25",hub,0.25,100,18,40,1730,32,1,8,1729,0.8,0.0005780346820809,0.9696969696969696,0.0303030303030303,7.495116549459371
tfnbs,"e=0.4,h=4.0,n=30,start_thres=1.25",hub,0.25,100,18,40,1730,30,1,10,1729,0.75,0.0005780346820809,0.967741935483871,0.032258064516129,7.495116549459371
tfnbs,"e=0.4,h=5.0,n=30,start_thres=1.25",hub,0.25,100,18,40,1730,30,1,10,1729,0.75,0.0005780346820809,0.967741935483871,0.032258064516129,7.495116549459371
tfnbs,"e=0.4,h=6.0,n=30,start_thres=1.25",hub,0.25,100,18,40,1730,26,0,14,1730,0.65,0.0,1.0,0.0,7.495116549459371
tfnbs,"e=0.4,h=7.0,n=30,start_thres=1.25",hub,0.25,100,18,40,1730,26,0,14,1730,0.65,0.0,1.0,0.0,7.495116549459371
tfnbs,"e=0.4,h=8.0,n=30,start_thres=1.25",hub,0.25,100,18,40,1730,25,0,15,1730,0.625,0.0,1.0,0.0,7.495116549459371
tfnbs,"e=0.4,h=9.0,n=30,start_thres=1.25",hub,0.25,100,18,40,1730,25,0,15,1730,0.625,0.0,1.0,0.0,7.495116549459371
tfnbs,"e=0.4,h=10.0,n=30,start_thres=1.25",hub,0.25,100,18,40,1730,25,0,15,1730,0.625,0.0,1.0,0.0,7.495116549459371
tfnbs,"e=0.5,h=0.5,n=30,start_thres=1.25",hub,0.25,100,18,40,1730,32,1,8,1729,0.8,0.0005780346820809,0.9696969696969696,0.0303030303030303,7.495116549459371
tfnbs,"e=0.5,h=1.0,n=30,start_thres=1.25",hub,0.25,100,18,40,1730,32,1,8,1729,0.8,0.0005780346820809,0.9696969696969696,0.0303030303030303,7.495116549459371
tfnbs,"e=0.5,h=2.0,n=30,start_thres=1.25",hub,0.25,100,18,40,1730,32,1,8,1729,0.8,0.0005780346820809,0.9696969696969696,0.0303030303030303,7.495116549459371
tfnbs,"e=0.5,h=3.0,n=30,start_thres=1.25",hub,0.25,100,18,40,1730,32,1,8,1729,0.8,0.0005780346820809,0.9696969696969696,0.0303030303030303,7.495116549459371
tfnbs,"e=0.5,h=4.0,n=30,start_thres=1.25",hub,0.25,100,18,40,1730,32,1,8,1729,0.8,0.0005780346820809,0.9696969696969696,0.0303030303030303,7.495116549459371
tfnbs,"e=0.5,h=5.0,n=30,start_thres=1.25",hub,0.25,100,18,40,1730,32,1,8,1729,0.8,0.0005780346820809,0.9696969696969696,0.0303030303030303,7.495116549459371
tfnbs,"e=0.5,h=6.0,n=30,start_thres=1.25",hub,0.25,100,18,40,1730,30,1,10,1729,0.75,0.0005780346820809,0.967741935483871,0.032258064516129,7.495116549459371
tfnbs,"e=0.5,h=7.0,n=30,start_thres=1.25",hub,0.25,100,18,40,1730,30,1,10,1729,0.75,0.0005780346820809,0.967741935483871,0.032258064516129,7.495116549459371
tfnbs,"e=0.5,h=8.0,n=30,start_thres=1.25",hub,0.25,100,18,40,1730,26,0,14,1730,0.65,0.0,1.0,0.0,7.495116549459371
tfnbs,"e=0.5,h=9.0,n=30,start_thres=1.25",hub,0.25,100,18,40,1730,26,0,14,1730,0.65,0.0,1.0,0.0,7.495116549459371
tfnbs,"e=0.5,h=10.0,n=30,start_thres=1.25",hub,0.25,100,18,40,1730,25,0,15,1730,0.625,0.0,1.0,0.0,7.495116549459371
tfnbs,"e=0.6,h=0.5,n=30,start_thres=1.25",hub,0.25,100,18,40,1730,35,3,5,1727,0.875,0.0017341040462427,0.9210526315789472,0.0789473684210526,7.495116549459371
tfnbs,"e=0.6,h=1.0,n=30,start_thres=1.25",hub,0.25,100,18,40,1730,32,1,8,1729,0.8,0.0005780346820809,0.9696969696969696,0.0303030303030303,7.495116549459371
tfnbs,"e=0.6,h=2.0,n=30,start_thres=1.25",hub,0.25,100,18,40,1730,32,1,8,1729,0.8,0.0005780346820809,0.9696969696969696,0.0303030303030303,7.495116549459371
tfnbs,"e=0.6,h=3.0,n=30,start_thres=1.25",hub,0.25,100,18,40,1730,32,1,8,1729,0.8,0.0005780346820809,0.9696969696969696,0.0303030303030303,7.495116549459371
tfnbs,"e=0.6,h=4.0,n=30,start_thres=1.25",hub,0.25,100,18,40,1730,32,1,8,1729,0.8,0.0005780346820809,0.9696969696969696,0.0303030303030303,7.495116549459371
tfnbs,"e=0.6,h=5.0,n=30,start_thres=1.25",hub,0.25,100,18,40,1730,32,1,8,1729,0.8,0.0005780346820809,0.9696969696969696,0.0303030303030303,7.495116549459371
tfnbs,"e=0.6,h=6.0,n=30,start_thres=1.25",hub,0.25,100,18,40,1730,32,1,8,1729,0.8,0.0005780346820809,0.9696969696969696,0.0303030303030303,7.495116549459371
tfnbs,"e=0.6,h=7.0,n=30,start_thres=1.25",hub,0.25,100,18,40,1730,30,1,10,1729,0.75,0.0005780346820809,0.967741935483871,0.032258064516129,7.495116549459371
tfnbs,"e=0.6,h=8.0,n=30,start_thres=1.25",hub,0.25,100,18,40,1730,30,1,10,1729,0.75,0.0005780346820809,0.967741935483871,0.032258064516129,7.495116549459371
tfnbs,"e=0.6,h=9.0,n=30,start_thres=1.25",hub,0.25,100,18,40,1730,26,0,14,1730,0.65,0.0,1.0,0.0,7.495116549459371
tfnbs,"e=0.6,h=10.0,n=30,start_thres=1.25",hub,0.25,100,18,40,1730,26,0,14,1730,0.65,0.0,1.0,0.0,7.495116549459371
tfnbs,"e=0.7,h=0.5,n=30,start_thres=1.25",hub,0.25,100,18,40,1730,35,3,5,1727,0.875,0.0017341040462427,0.9210526315789472,0.0789473684210526,7.495116549459371
tfnbs,"e=0.7,h=1.0,n=30,start_thres=1.25",hub,0.25,100,18,40,1730,35,3,5,1727,0.875,0.0017341040462427,0.9210526315789472,0.0789473684210526,7.495116549459371
tfnbs,"e=0.7,h=2.0,n=30,start_thres=1.25",hub,0.25,100,18,40,1730,35,3,5,1727,0.875,0.0017341040462427,0.9210526315789472,0.0789473684210526,7.495116549459371
tfnbs,"e=0.7,h=3.0,n=30,start_thres=1.25",hub,0.25,100,18,40,1730,35,3,5,1727,0.875,0.0017341040462427,0.9210526315789472,0.0789473684210526,7.495116549459371
tfnbs,"e=0.7,h=4.0,n=30,start_thres=1.25",hub,0.25,100,18,40,1730,32,1,8,1729,0.8,0.0005780346820809,0.9696969696969696,0.0303030303030303,7.495116549459371
tfnbs,"e=0.7,h=5.0,n=30,start_thres=1.25",hub,0.25,100,18,40,1730,32,1,8,1729,0.8,0.0005780346820809,0.9696969696969696,0.0303030303030303,7.495116549459371
tfnbs,"e=0.7,h=6.0,n=30,start_thres=1.25",hub,0.25,100,18,40,1730,32,1,8,1729,0.8,0.0005780346820809,0.9696969696969696,0.0303030303030303,7.495116549459371
tfnbs,"e=0.7,h=7.0,n=30,start_thres=1.25",hub,0.25,100,18,40,1730,32,1,8,1729,0.8,0.0005780346820809,0.9696969696969696,0.0303030303030303,7.495116549459371
tfnbs,"e=0.7,h=8.0,n=30,start_thres=1.25",hub,0.25,100,18,40,1730,32,1,8,1729,0.8,0.0005780346820809,0.9696969696969696,0.0303030303030303,7.495116549459371
tfnbs,"e=0.7,h=9.0,n=30,start_thres=1.25",hub,0.25,100,18,40,1730,30,1,10,1729,0.75,0.0005780346820809,0.967741935483871,0.032258064516129,7.495116549459371
tfnbs,"e=0.7,h=10.0,n=30,start_thres=1.25",hub,0.25,100,18,40,1730,30,1,10,1729,0.75,0.0005780346820809,0.967741935483871,0.032258064516129,7.495116549459371
tfnbs,"e=0.8,h=0.5,n=30,start_thres=1.25",hub,0.25,100,18,40,1730,35,3,5,1727,0.875,0.0017341040462427,0.9210526315789472,0.0789473684210526,7.495116549459371
tfnbs,"e=0.8,h=1.0,n=30,start_thres=1.25",hub,0.25,100,18,40,1730,35,3,5,1727,0.875,0.0017341040462427,0.9210526315789472,0.0789473684210526,7.495116549459371
tfnbs,"e=0.8,h=2.0,n=30,start_thres=1.25",hub,0.25,100,18,40,1730,35,3,5,1727,0.875,0.0017341040462427,0.9210526315789472,0.0789473684210526,7.495116549459371
tfnbs,"e=0.8,h=3.0,n=30,start_thres=1.25",hub,0.25,100,18,40,1730,35,3,5,1727,0.875,0.0017341040462427,0.9210526315789472,0.0789473684210526,7.495116549459371
tfnbs,"e=0.8,h=4.0,n=30,start_thres=1.25",hub,0.25,100,18,40,1730,35,3,5,1727,0.875,0.0017341040462427,0.9210526315789472,0.0789473684210526,7.495116549459371
tfnbs,"e=0.8,h=5.0,n=30,start_thres=1.25",hub,0.25,100,18,40,1730,35,3,5,1727,0.875,0.0017341040462427,0.9210526315789472,0.0789473684210526,7.495116549459371
tfnbs,"e=0.8,h=6.0,n=30,start_thres=1.25",hub,0.25,100,18,40,1730,32,1,8,1729,0.8,0.0005780346820809,0.9696969696969696,0.0303030303030303,7.495116549459371
tfnbs,"e=0.8,h=7.0,n=30,start_thres=1.25",hub,0.25,100,18,40,1730,32,1,8,1729,0.8,0.0005780346820809,0.9696969696969696,0.0303030303030303,7.495116549459371
tfnbs,"e=0.8,h=8.0,n=30,start_thres=1.25",hub,0.25,100,18,40,1730,32,1,8,1729,0.8,0.0005780346820809,0.9696969696969696,0.0303030303030303,7.495116549459371
tfnbs,"e=0.8,h=9.0,n=30,start_thres=1.25",hub,0.25,100,18,40,1730,32,1,8,1729,0.8,0.0005780346820809,0.9696969696969696,0.0303030303030303,7.495116549459371
tfnbs,"e=0.8,h=10.0,n=30,start_thres=1.25",hub,0.25,100,18,40,1730,30,1,10,1729,0.75,0.0005780346820809,0.967741935483871,0.032258064516129,7.495116549459371
tfnbs,"e=0.9,h=0.5,n=30,start_thres=1.25",hub,0.25,100,18,40,1730,35,3,5,1727,0.875,0.0017341040462427,0.9210526315789472,0.0789473684210526,7.495116549459371
tfnbs,"e=0.9,h=1.0,n=30,start_thres=1.25",hub,0.25,100,18,40,1730,35,3,5,1727,0.875,0.0017341040462427,0.9210526315789472,0.0789473684210526,7.495116549459371
tfnbs,"e=0.9,h=2.0,n=30,start_thres=1.25",hub,0.25,100,18,40,1730,35,3,5,1727,0.875,0.0017341040462427,0.9210526315789472,0.0789473684210526,7.495116549459371
tfnbs,"e=0.9,h=3.0,n=30,start_thres=1.25",hub,0.25,100,18,40,1730,35,3,5,1727,0.875,0.0017341040462427,0.9210526315789472,0.0789473684210526,7.495116549459371
tfnbs,"e=0.9,h=4.0,n=30,start_thres=1.25",hub,0.25,100,18,40,1730,35,3,5,1727,0.875,0.0017341040462427,0.9210526315789472,0.0789473684210526,7.495116549459371
tfnbs,"e=0.9,h=5.0,n=30,start_thres=1.25",hub,0.25,100,18,40,1730,35,3,5,1727,0.875,0.0017341040462427,0.9210526315789472,0.0789473684210526,7.495116549459371
tfnbs,"e=0.9,h=6.0,n=30,start_thres=1.25",hub,0.25,100,18,40,1730,35,3,5,1727,0.875,0.0017341040462427,0.9210526315789472,0.0789473684210526,7.495116549459371
tfnbs,"e=0.9,h=7.0,n=30,start_thres=1.25",hub,0.25,100,18,40,1730,32,1,8,1729,0.8,0.0005780346820809,0.9696969696969696,0.0303030303030303,7.495116549459371
tfnbs,"e=0.9,h=8.0,n=30,start_thres=1.25",hub,0.25,100,18,40,1730,32,1,8,1729,0.8,0.0005780346820809,0.9696969696969696,0.0303030303030303,7.495116549459371
tfnbs,"e=0.9,h=9.0,n=30,start_thres=1.25",hub,0.25,100,18,40,1730,32,1,8,1729,0.8,0.0005780346820809,0.9696969696969696,0.0303030303030303,7.495116549459371
tfnbs,"e=0.9,h=10.0,n=30,start_thres=1.25",hub,0.25,100,18,40,1730,32,1,8,1729,0.8,0.0005780346820809,0.9696969696969696,0.0303030303030303,7.495116549459371
tfnbs,"e=1.0,h=0.5,n=30,start_thres=1.25",hub,0.25,100,18,40,1730,35,3,5,1727,0.875,0.0017341040462427,0.9210526315789472,0.0789473684210526,7.495116549459371
tfnbs,"e=1.0,h=1.0,n=30,start_thres=1.25",hub,0.25,100,18,40,1730,35,3,5,1727,0.875,0.0017341040462427,0.9210526315789472,0.0789473684210526,7.495116549459371
tfnbs,"e=1.0,h=2.0,n=30,start_thres=1.25",hub,0.25,100,18,40,1730,35,3,5,1727,0.875,0.0017341040462427,0.9210526315789472,0.0789473684210526,7.495116549459371
tfnbs,"e=1.0,h=3.0,n=30,start_thres=1.25",hub,0.25,100,18,40,1730,36,4,4,1726,0.9,0.0023121387283236,0.9,0.1,7.495116549459371
tfnbs,"e=1.0,h=4.0,n=30,start_thres=1.25",hub,0.25,100,18,40,1730,35,3,5,1727,0.875,0.0017341040462427,0.9210526315789472,0.0789473684210526,7.495116549459371
tfnbs,"e=1.0,h=5.0,n=30,start_thres=1.25",hub,0.25,100,18,40,1730,35,3,5,1727,0.875,0.0017341040462427,0.9210526315789472,0.0789473684210526,7.495116549459371
tfnbs,"e=1.0,h=6.0,n=30,start_thres=1.25",hub,0.25,100,18,40,1730,35,3,5,1727,0.875,0.0017341040462427,0.9210526315789472,0.0789473684210526,7.495116549459371
tfnbs,"e=1.0,h=7.0,n=30,start_thres=1.25",hub,0.25,100,18,40,1730,35,3,5,1727,0.875,0.0017341040462427,0.9210526315789472,0.0789473684210526,7.495116549459371
tfnbs,"e=1.0,h=8.0,n=30,start_thres=1.25",hub,0.25,100,18,40,1730,32,1,8,1729,0.8,0.0005780346820809,0.9696969696969696,0.0303030303030303,7.495116549459371
tfnbs,"e=1.0,h=9.0,n=30,start_thres=1.25",hub,0.25,100,18,40,1730,32,1,8,1729,0.8,0.0005780346820809,0.9696969696969696,0.0303030303030303,7.495116549459371
tfnbs,"e=1.0,h=10.0,n=30,start_thres=1.25",hub,0.25,100,18,40,1730,32,1,8,1729,0.8,0.0005780346820809,0.9696969696969696,0.0303030303030303,7.495116549459371
tfnbs,"e=1.1,h=0.5,n=30,start_thres=1.25",hub,0.25,100,18,40,1730,35,3,5,1727,0.875,0.0017341040462427,0.9210526315789472,0.0789473684210526,7.495116549459371
tfnbs,"e=1.1,h=1.0,n=30,start_thres=1.25",hub,0.25,100,18,40,1730,35,3,5,1727,0.875,0.0017341040462427,0.9210526315789472,0.0789473684210526,7.495116549459371
tfnbs,"e=1.1,h=2.0,n=30,start_thres=1.25",hub,0.25,100,18,40,1730,36,4,4,1726,0.9,0.0023121387283236,0.9,0.1,7.495116549459371
tfnbs,"e=1.1,h=3.0,n=30,start_thres=1.25",hub,0.25,100,18,40,1730,36,4,4,1726,0.9,0.0023121387283236,0.9,0.1,7.495116549459371
tfnbs,"e=1.1,h=4.0,n=30,start_thres=1.25",hub,0.25,100,18,40,1730,36,4,4,1726,0.9,0.0023121387283236,0.9,0.1,7.495116549459371
tfnbs,"e=1.1,h=5.0,n=30,start_thres=1.25",hub,0.25,100,18,40,1730,35,3,5,1727,0.875,0.0017341040462427,0.9210526315789472,0.0789473684210526,7.495116549459371
tfnbs,"e=1.1,h=6.0,n=30,start_thres=1.25",hub,0.25,100,18,40,1730,35,3,5,1727,0.875,0.0017341040462427,0.9210526315789472,0.0789473684210526,7.495116549459371
tfnbs,"e=1.1,h=7.0,n=30,start_thres=1.25",hub,0.25,100,18,40,1730,35,3,5,1727,0.875,0.0017341040462427,0.9210526315789472,0.0789473684210526,7.495116549459371
tfnbs,"e=1.1,h=8.0,n=30,start_thres=1.25",hub,0.25,100,18,40,1730,35,3,5,1727,0.875,0.0017341040462427,0.9210526315789472,0.0789473684210526,7.495116549459371
tfnbs,"e=1.1,h=9.0,n=30,start_thres=1.25",hub,0.25,100,18,40,1730,32,1,8,1729,0.8,0.0005780346820809,0.9696969696969696,0.0303030303030303,7.495116549459371
tfnbs,"e=1.1,h=10.0,n=30,start_thres=1.25",hub,0.25,100,18,40,1730,32,1,8,1729,0.8,0.0005780346820809,0.9696969696969696,0.0303030303030303,7.495116549459371
tfnbs,"e=1.2,h=0.5,n=30,start_thres=1.25",hub,0.25,100,18,40,1730,35,3,5,1727,0.875,0.0017341040462427,0.9210526315789472,0.0789473684210526,7.495116549459371
tfnbs,"e=1.2,h=1.0,n=30,start_thres=1.25",hub,0.25,100,18,40,1730,35,3,5,1727,0.875,0.0017341040462427,0.9210526315789472,0.0789473684210526,7.495116549459371
tfnbs,"e=1.2,h=2.0,n=30,start_thres=1.25",hub,0.25,100,18,40,1730,36,4,4,1726,0.9,0.0023121387283236,0.9,0.1,7.495116549459371
tfnbs,"e=1.2,h=3.0,n=30,start_thres=1.25",hub,0.25,100,18,40,1730,36,4,4,1726,0.9,0.0023121387283236,0.9,0.1,7.495116549459371
tfnbs,"e=1.2,h=4.0,n=30,start_thres=1.25",hub,0.25,100,18,40,1730,36,4,4,1726,0.9,0.0023121387283236,0.9,0.1,7.495116549459371
tfnbs,"e=1.2,h=5.0,n=30,start_thres=1.25",hub,0.25,100,18,40,1730,36,4,4,1726,0.9,0.0023121387283236,0.9,0.1,7.495116549459371
tfnbs,"e=1.2,h=6.0,n=30,start_thres=1.25",hub,0.25,100,18,40,1730,36,4,4,1726,0.9,0.0023121387283236,0.9,0.1,7.495116549459371
tfnbs,"e=1.2,h=7.0,n=30,start_thres=1.25",hub,0.25,100,18,40,1730,36,4,4,1726,0.9,0.0023121387283236,0.9,0.1,7.495116549459371
tfnbs,"e=1.2,h=8.0,n=30,start_thres=1.25",hub,0.25,100,18,40,1730,35,3,5,1727,0.875,0.0017341040462427,0.9210526315789472,0.0789473684210526,7.495116549459371
tfnbs,"e=1.2,h=9.0,n=30,start_thres=1.25",hub,0.25,100,18,40,1730,35,3,5,1727,0.875,0.0017341040462427,0.9210526315789472,0.0789473684210526,7.495116549459371
tfnbs,"e=1.2,h=10.0,n=30,start_thres=1.25",hub,0.25,100,18,40,1730,32,1,8,1729,0.8,0.0005780346820809,0.9696969696969696,0.0303030303030303,7.495116549459371
tfnbs,"e=1.3,h=0.5,n=30,start_thres=1.25",hub,0.25,100,18,40,1730,35,3,5,1727,0.875,0.0017341040462427,0.9210526315789472,0.0789473684210526,7.495116549459371
tfnbs,"e=1.3,h=1.0,n=30,start_thres=1.25",hub,0.25,100,18,40,1730,35,3,5,1727,0.875,0.0017341040462427,0.9210526315789472,0.0789473684210526,7.495116549459371
tfnbs,"e=1.3,h=2.0,n=30,start_thres=1.25",hub,0.25,100,18,40,1730,36,4,4,1726,0.9,0.0023121387283236,0.9,0.1,7.495116549459371
tfnbs,"e=1.3,h=3.0,n=30,start_thres=1.25",hub,0.25,100,18,40,1730,36,4,4,1726,0.9,0.0023121387283236,0.9,0.1,7.495116549459371
tfnbs,"e=1.3,h=4.0,n=30,start_thres=1.25",hub,0.25,100,18,40,1730,36,4,4,1726,0.9,0.0023121387283236,0.9,0.1,7.495116549459371
tfnbs,"e=1.3,h=5.0,n=30,start_thres=1.25",hub,0.25,100,18,40,1730,36,4,4,1726,0.9,0.0023121387283236,0.9,0.1,7.495116549459371
tfnbs,"e=1.3,h=6.0,n=30,start_thres=1.25",hub,0.25,100,18,40,1730,36,4,4,1726,0.9,0.0023121387283236,0.9,0.1,7.495116549459371
tfnbs,"e=1.3,h=7.0,n=30,start_thres=1.25",hub,0.25,100,18,40,1730,36,4,4,1726,0.9,0.0023121387283236,0.9,0.1,7.495116549459371
tfnbs,"e=1.3,h=8.0,n=30,start_thres=1.25",hub,0.25,100,18,40,1730,35,3,5,1727,0.875,0.0017341040462427,0.9210526315789472,0.0789473684210526,7.495116549459371
tfnbs,"e=1.3,h=9.0,n=30,start_thres=1.25",hub,0.25,100,18,40,1730,35,3,5,1727,0.875,0.0017341040462427,0.9210526315789472,0.0789473684210526,7.495116549459371
tfnbs,"e=1.3,h=10.0,n=30,start_thres=1.25",hub,0.25,100,18,40,1730,35,3,5,1727,0.875,0.0017341040462427,0.9210526315789472,0.0789473684210526,7.495116549459371
tfnbs,"e=1.4,h=0.5,n=30,start_thres=1.25",hub,0.25,100,18,40,1730,35,3,5,1727,0.875,0.0017341040462427,0.9210526315789472,0.0789473684210526,7.495116549459371
tfnbs,"e=1.4,h=1.0,n=30,start_thres=1.25",hub,0.25,100,18,40,1730,35,3,5,1727,0.875,0.0017341040462427,0.9210526315789472,0.0789473684210526,7.495116549459371
tfnbs,"e=1.4,h=2.0,n=30,start_thres=1.25",hub,0.25,100,18,40,1730,36,4,4,1726,0.9,0.0023121387283236,0.9,0.1,7.495116549459371
tfnbs,"e=1.4,h=3.0,n=30,start_thres=1.25",hub,0.25,100,18,40,1730,36,4,4,1726,0.9,0.0023121387283236,0.9,0.1,7.495116549459371
tfnbs,"e=1.4,h=4.0,n=30,start_thres=1.25",hub,0.25,100,18,40,1730,36,4,4,1726,0.9,0.0023121387283236,0.9,0.1,7.495116549459371
tfnbs,"e=1.4,h=5.0,n=30,start_thres=1.25",hub,0.25,100,18,40,1730,36,4,4,1726,0.9,0.0023121387283236,0.9,0.1,7.495116549459371
tfnbs,"e=1.4,h=6.0,n=30,start_thres=1.25",hub,0.25,100,18,40,1730,36,4,4,1726,0.9,0.0023121387283236,0.9,0.1,7.495116549459371
tfnbs,"e=1.4,h=7.0,n=30,start_thres=1.25",hub,0.25,100,18,40,1730,36,4,4,1726,0.9,0.0023121387283236,0.9,0.1,7.495116549459371
tfnbs,"e=1.4,h=8.0,n=30,start_thres=1.25",hub,0.25,100,18,40,1730,36,4,4,1726,0.9,0.0023121387283236,0.9,0.1,7.495116549459371
tfnbs,"e=1.4,h=9.0,n=30,start_thres=1.25",hub,0.25,100,18,40,1730,36,4,4,1726,0.9,0.0023121387283236,0.9,0.1,7.495116549459371
tfnbs,"e=1.4,h=10.0,n=30,start_thres=1.25",hub,0.25,100,18,40,1730,35,3,5,1727,0.875,0.0017341040462427,0.9210526315789472,0.0789473684210526,7.495116549459371
tfnbs,"e=1.5,h=0.5,n=30,start_thres=1.25",hub,0.25,100,18,40,1730,32,1,8,1729,0.8,0.0005780346820809,0.9696969696969696,0.0303030303030303,7.495116549459371
tfnbs,"e=1.5,h=1.0,n=30,start_thres=1.25",hub,0.25,100,18,40,1730,35,3,5,1727,0.875,0.0017341040462427,0.9210526315789472,0.0789473684210526,7.495116549459371
tfnbs,"e=1.5,h=2.0,n=30,start_thres=1.25",hub,0.25,100,18,40,1730,35,3,5,1727,0.875,0.0017341040462427,0.9210526315789472,0.0789473684210526,7.495116549459371
tfnbs,"e=1.5,h=3.0,n=30,start_thres=1.25",hub,0.25,100,18,40,1730,36,4,4,1726,0.9,0.0023121387283236,0.9,0.1,7.495116549459371
tfnbs,"e=1.5,h=4.0,n=30,start_thres=1.25",hub,0.25,100,18,40,1730,36,4,4,1726,0.9,0.0023121387283236,0.9,0.1,7.495116549459371
tfnbs,"e=1.5,h=5.0,n=30,start_thres=1.25",hub,0.25,100,18,40,1730,36,4,4,1726,0.9,0.0023121387283236,0.9,0.1,7.495116549459371
tfnbs,"e=1.5,h=6.0,n=30,start_thres=1.25",hub,0.25,100,18,40,1730,36,4,4,1726,0.9,0.0023121387283236,0.9,0.1,7.495116549459371
tfnbs,"e=1.5,h=7.0,n=30,start_thres=1.25",hub,0.25,100,18,40,1730,36,4,4,1726,0.9,0.0023121387283236,0.9,0.1,7.495116549459371
tfnbs,"e=1.5,h=8.0,n=30,start_thres=1.25",hub,0.25,100,18,40,1730,36,4,4,1726,0.9,0.0023121387283236,0.9,0.1,7.495116549459371
tfnbs,"e=1.5,h=9.0,n=30,start_thres=1.25",hub,0.25,100,18,40,1730,36,4,4,1726,0.9,0.0023121387283236,0.9,0.1,7.495116549459371
tfnbs,"e=1.5,h=10.0,n=30,start_thres=1.25",hub,0.25,100,18,40,1730,36,4,4,1726,0.9,0.0023121387283236,0.9,0.1,7.495116549459371
tfnbs,"e=0.05,h=0.5,n=30,start_thres=1.25",hub,0.25,100,20,40,1730,30,0,10,1730,0.75,0.0,1.0,0.0,7.503765238956972
tfnbs,"e=0.05,h=1.0,n=30,start_thres=1.25",hub,0.25,100,20,40,1730,30,0,10,1730,0.75,0.0,1.0,0.0,7.503765238956972
tfnbs,"e=0.05,h=2.0,n=30,start_thres=1.25",hub,0.25,100,20,40,1730,30,0,10,1730,0.75,0.0,1.0,0.0,7.503765238956972
tfnbs,"e=0.05,h=3.0,n=30,start_thres=1.25",hub,0.25,100,20,40,1730,30,0,10,1730,0.75,0.0,1.0,0.0,7.503765238956972
tfnbs,"e=0.05,h=4.0,n=30,start_thres=1.25",hub,0.25,100,20,40,1730,30,0,10,1730,0.75,0.0,1.0,0.0,7.503765238956972
tfnbs,"e=0.05,h=5.0,n=30,start_thres=1.25",hub,0.25,100,20,40,1730,30,0,10,1730,0.75,0.0,1.0,0.0,7.503765238956972
tfnbs,"e=0.05,h=6.0,n=30,start_thres=1.25",hub,0.25,100,20,40,1730,30,0,10,1730,0.75,0.0,1.0,0.0,7.503765238956972
tfnbs,"e=0.05,h=7.0,n=30,start_thres=1.25",hub,0.25,100,20,40,1730,30,0,10,1730,0.75,0.0,1.0,0.0,7.503765238956972
tfnbs,"e=0.05,h=8.0,n=30,start_thres=1.25",hub,0.25,100,20,40,1730,30,0,10,1730,0.75,0.0,1.0,0.0,7.503765238956972
tfnbs,"e=0.05,h=9.0,n=30,start_thres=1.25",hub,0.25,100,20,40,1730,30,0,10,1730,0.75,0.0,1.0,0.0,7.503765238956972
tfnbs,"e=0.05,h=10.0,n=30,start_thres=1.25",hub,0.25,100,20,40,1730,30,0,10,1730,0.75,0.0,1.0,0.0,7.503765238956972
tfnbs,"e=0.1,h=0.5,n=30,start_thres=1.25",hub,0.25,100,20,40,1730,35,0,5,1730,0.875,0.0,1.0,0.0,7.503765238956972
tfnbs,"e=0.1,h=1.0,n=30,start_thres=1.25",hub,0.25,100,20,40,1730,35,0,5,1730,0.875,0.0,1.0,0.0,7.503765238956972
tfnbs,"e=0.1,h=2.0,n=30,start_thres=1.25",hub,0.25,100,20,40,1730,35,0,5,1730,0.875,0.0,1.0,0.0,7.503765238956972
tfnbs,"e=0.1,h=3.0,n=30,start_thres=1.25",hub,0.25,100,20,40,1730,35,0,5,1730,0.875,0.0,1.0,0.0,7.503765238956972
tfnbs,"e=0.1,h=4.0,n=30,start_thres=1.25",hub,0.25,100,20,40,1730,35,0,5,1730,0.875,0.0,1.0,0.0,7.503765238956972
tfnbs,"e=0.1,h=5.0,n=30,start_thres=1.25",hub,0.25,100,20,40,1730,30,0,10,1730,0.75,0.0,1.0,0.0,7.503765238956972
tfnbs,"e=0.1,h=6.0,n=30,start_thres=1.25",hub,0.25,100,20,40,1730,30,0,10,1730,0.75,0.0,1.0,0.0,7.503765238956972
tfnbs,"e=0.1,h=7.0,n=30,start_thres=1.25",hub,0.25,100,20,40,1730,30,0,10,1730,0.75,0.0,1.0,0.0,7.503765238956972
tfnbs,"e=0.1,h=8.0,n=30,start_thres=1.25",hub,0.25,100,20,40,1730,30,0,10,1730,0.75,0.0,1.0,0.0,7.503765238956972
tfnbs,"e=0.1,h=9.0,n=30,start_thres=1.25",hub,0.25,100,20,40,1730,30,0,10,1730,0.75,0.0,1.0,0.0,7.503765238956972
tfnbs,"e=0.1,h=10.0,n=30,start_thres=1.25",hub,0.25,100,20,40,1730,30,0,10,1730,0.75,0.0,1.0,0.0,7.503765238956972
tfnbs,"e=0.2,h=0.5,n=30,start_thres=1.25",hub,0.25,100,20,40,1730,37,2,3,1728,0.925,0.0011560693641618,0.9487179487179488,0.0512820512820512,7.503765238956972
tfnbs,"e=0.2,h=1.0,n=30,start_thres=1.25",hub,0.25,100,20,40,1730,37,2,3,1728,0.925,0.0011560693641618,0.9487179487179488,0.0512820512820512,7.503765238956972
tfnbs,"e=0.2,h=2.0,n=30,start_thres=1.25",hub,0.25,100,20,40,1730,37,1,3,1729,0.925,0.0005780346820809,0.9736842105263158,0.0263157894736842,7.503765238956972
tfnbs,"e=0.2,h=3.0,n=30,start_thres=1.25",hub,0.25,100,20,40,1730,37,1,3,1729,0.925,0.0005780346820809,0.9736842105263158,0.0263157894736842,7.503765238956972
tfnbs,"e=0.2,h=4.0,n=30,start_thres=1.25",hub,0.25,100,20,40,1730,37,0,3,1730,0.925,0.0,1.0,0.0,7.503765238956972
tfnbs,"e=0.2,h=5.0,n=30,start_thres=1.25",hub,0.25,100,20,40,1730,35,0,5,1730,0.875,0.0,1.0,0.0,7.503765238956972
tfnbs,"e=0.2,h=6.0,n=30,start_thres=1.25",hub,0.25,100,20,40,1730,35,0,5,1730,0.875,0.0,1.0,0.0,7.503765238956972
tfnbs,"e=0.2,h=7.0,n=30,start_thres=1.25",hub,0.25,100,20,40,1730,35,0,5,1730,0.875,0.0,1.0,0.0,7.503765238956972
tfnbs,"e=0.2,h=8.0,n=30,start_thres=1.25",hub,0.25,100,20,40,1730,35,0,5,1730,0.875,0.0,1.0,0.0,7.503765238956972
tfnbs,"e=0.2,h=9.0,n=30,start_thres=1.25",hub,0.25,100,20,40,1730,35,0,5,1730,0.875,0.0,1.0,0.0,7.503765238956972
tfnbs,"e=0.2,h=10.0,n=30,start_thres=1.25",hub,0.25,100,20,40,1730,35,0,5,1730,0.875,0.0,1.0,0.0,7.503765238956972
tfnbs,"e=0.3,h=0.5,n=30,start_thres=1.25",hub,0.25,100,20,40,1730,38,4,2,1726,0.95,0.0023121387283236,0.9047619047619048,0.0952380952380952,7.503765238956972
tfnbs,"e=0.3,h=1.0,n=30,start_thres=1.25",hub,0.25,100,20,40,1730,38,4,2,1726,0.95,0.0023121387283236,0.9047619047619048,0.0952380952380952,7.503765238956972
tfnbs,"e=0.3,h=2.0,n=30,start_thres=1.25",hub,0.25,100,20,40,1730,38,4,2,1726,0.95,0.0023121387283236,0.9047619047619048,0.0952380952380952,7.503765238956972
tfnbs,"e=0.3,h=3.0,n=30,start_thres=1.25",hub,0.25,100,20,40,1730,37,2,3,1728,0.925,0.0011560693641618,0.9487179487179488,0.0512820512820512,7.503765238956972
tfnbs,"e=0.3,h=4.0,n=30,start_thres=1.25",hub,0.25,100,20,40,1730,37,2,3,1728,0.925,0.0011560693641618,0.9487179487179488,0.0512820512820512,7.503765238956972
tfnbs,"e=0.3,h=5.0,n=30,start_thres=1.25",hub,0.25,100,20,40,1730,37,1,3,1729,0.925,0.0005780346820809,0.9736842105263158,0.0263157894736842,7.503765238956972
tfnbs,"e=0.3,h=6.0,n=30,start_thres=1.25",hub,0.25,100,20,40,1730,37,0,3,1730,0.925,0.0,1.0,0.0,7.503765238956972
tfnbs,"e=0.3,h=7.0,n=30,start_thres=1.25",hub,0.25,100,20,40,1730,37,0,3,1730,0.925,0.0,1.0,0.0,7.503765238956972
tfnbs,"e=0.3,h=8.0,n=30,start_thres=1.25",hub,0.25,100,20,40,1730,35,0,5,1730,0.875,0.0,1.0,0.0,7.503765238956972
tfnbs,"e=0.3,h=9.0,n=30,start_thres=1.25",hub,0.25,100,20,40,1730,35,0,5,1730,0.875,0.0,1.0,0.0,7.503765238956972
tfnbs,"e=0.3,h=10.0,n=30,start_thres=1.25",hub,0.25,100,20,40,1730,35,0,5,1730,0.875,0.0,1.0,0.0,7.503765238956972
tfnbs,"e=0.4,h=0.5,n=30,start_thres=1.25",hub,0.25,100,20,40,1730,38,4,2,1726,0.95,0.0023121387283236,0.9047619047619048,0.0952380952380952,7.503765238956972
tfnbs,"e=0.4,h=1.0,n=30,start_thres=1.25",hub,0.25,100,20,40,1730,38,4,2,1726,0.95,0.0023121387283236,0.9047619047619048,0.0952380952380952,7.503765238956972
tfnbs,"e=0.4,h=2.0,n=30,start_thres=1.25",hub,0.25,100,20,40,1730,38,4,2,1726,0.95,0.0023121387283236,0.9047619047619048,0.0952380952380952,7.503765238956972
tfnbs,"e=0.4,h=3.0,n=30,start_thres=1.25",hub,0.25,100,20,40,1730,38,4,2,1726,0.95,0.0023121387283236,0.9047619047619048,0.0952380952380952,7.503765238956972
tfnbs,"e=0.4,h=4.0,n=30,start_thres=1.25",hub,0.25,100,20,40,1730,38,4,2,1726,0.95,0.0023121387283236,0.9047619047619048,0.0952380952380952,7.503765238956972
tfnbs,"e=0.4,h=5.0,n=30,start_thres=1.25",hub,0.25,100,20,40,1730,37,2,3,1728,0.925,0.0011560693641618,0.9487179487179488,0.0512820512820512,7.503765238956972
tfnbs,"e=0.4,h=6.0,n=30,start_thres=1.25",hub,0.25,100,20,40,1730,37,2,3,1728,0.925,0.0011560693641618,0.9487179487179488,0.0512820512820512,7.503765238956972
tfnbs,"e=0.4,h=7.0,n=30,start_thres=1.25",hub,0.25,100,20,40,1730,37,1,3,1729,0.925,0.0005780346820809,0.9736842105263158,0.0263157894736842,7.503765238956972
tfnbs,"e=0.4,h=8.0,n=30,start_thres=1.25",hub,0.25,100,20,40,1730,37,0,3,1730,0.925,0.0,1.0,0.0,7.503765238956972
tfnbs,"e=0.4,h=9.0,n=30,start_thres=1.25",hub,0.25,100,20,40,1730,37,0,3,1730,0.925,0.0,1.0,0.0,7.503765238956972
tfnbs,"e=0.4,h=10.0,n=30,start_thres=1.25",hub,0.25,100,20,40,1730,37,0,3,1730,0.925,0.0,1.0,0.0,7.503765238956972
tfnbs,"e=0.5,h=0.5,n=30,start_thres=1.25",hub,0.25,100,20,40,1730,39,11,1,1719,0.975,0.0063583815028901,0.78,0.22,7.503765238956972
tfnbs,"e=0.5,h=1.0,n=30,start_thres=1.25",hub,0.25,100,20,40,1730,39,11,1,1719,0.975,0.0063583815028901,0.78,0.22,7.503765238956972
tfnbs,"e=0.5,h=2.0,n=30,start_thres=1.25",hub,0.25,100,20,40,1730,38,4,2,1726,0.95,0.0023121387283236,0.9047619047619048,0.0952380952380952,7.503765238956972
tfnbs,"e=0.5,h=3.0,n=30,start_thres=1.25",hub,0.25,100,20,40,1730,38,4,2,1726,0.95,0.0023121387283236,0.9047619047619048,0.0952380952380952,7.503765238956972
tfnbs,"e=0.5,h=4.0,n=30,start_thres=1.25",hub,0.25,100,20,40,1730,38,4,2,1726,0.95,0.0023121387283236,0.9047619047619048,0.0952380952380952,7.503765238956972
tfnbs,"e=0.5,h=5.0,n=30,start_thres=1.25",hub,0.25,100,20,40,1730,38,4,2,1726,0.95,0.0023121387283236,0.9047619047619048,0.0952380952380952,7.503765238956972
tfnbs,"e=0.5,h=6.0,n=30,start_thres=1.25",hub,0.25,100,20,40,1730,37,2,3,1728,0.925,0.0011560693641618,0.9487179487179488,0.0512820512820512,7.503765238956972
tfnbs,"e=0.5,h=7.0,n=30,start_thres=1.25",hub,0.25,100,20,40,1730,37,2,3,1728,0.925,0.0011560693641618,0.9487179487179488,0.0512820512820512,7.503765238956972
tfnbs,"e=0.5,h=8.0,n=30,start_thres=1.25",hub,0.25,100,20,40,1730,37,2,3,1728,0.925,0.0011560693641618,0.9487179487179488,0.0512820512820512,7.503765238956972
tfnbs,"e=0.5,h=9.0,n=30,start_thres=1.25",hub,0.25,100,20,40,1730,37,0,3,1730,0.925,0.0,1.0,0.0,7.503765238956972
tfnbs,"e=0.5,h=10.0,n=30,start_thres=1.25",hub,0.25,100,20,40,1730,37,0,3,1730,0.925,0.0,1.0,0.0,7.503765238956972
tfnbs,"e=0.6,h=0.5,n=30,start_thres=1.25",hub,0.25,100,20,40,1730,39,11,1,1719,0.975,0.0063583815028901,0.78,0.22,7.503765238956972
tfnbs,"e=0.6,h=1.0,n=30,start_thres=1.25",hub,0.25,100,20,40,1730,39,11,1,1719,0.975,0.0063583815028901,0.78,0.22,7.503765238956972
tfnbs,"e=0.6,h=2.0,n=30,start_thres=1.25",hub,0.25,100,20,40,1730,39,11,1,1719,0.975,0.0063583815028901,0.78,0.22,7.503765238956972
tfnbs,"e=0.6,h=3.0,n=30,start_thres=1.25",hub,0.25,100,20,40,1730,39,11,1,1719,0.975,0.0063583815028901,0.78,0.22,7.503765238956972
tfnbs,"e=0.6,h=4.0,n=30,start_thres=1.25",hub,0.25,100,20,40,1730,38,4,2,1726,0.95,0.0023121387283236,0.9047619047619048,0.0952380952380952,7.503765238956972
tfnbs,"e=0.6,h=5.0,n=30,start_thres=1.25",hub,0.25,100,20,40,1730,38,4,2,1726,0.95,0.0023121387283236,0.9047619047619048,0.0952380952380952,7.503765238956972
tfnbs,"e=0.6,h=6.0,n=30,start_thres=1.25",hub,0.25,100,20,40,1730,38,4,2,1726,0.95,0.0023121387283236,0.9047619047619048,0.0952380952380952,7.503765238956972
tfnbs,"e=0.6,h=7.0,n=30,start_thres=1.25",hub,0.25,100,20,40,1730,38,4,2,1726,0.95,0.0023121387283236,0.9047619047619048,0.0952380952380952,7.503765238956972
tfnbs,"e=0.6,h=8.0,n=30,start_thres=1.25",hub,0.25,100,20,40,1730,37,2,3,1728,0.925,0.0011560693641618,0.9487179487179488,0.0512820512820512,7.503765238956972
tfnbs,"e=0.6,h=9.0,n=30,start_thres=1.25",hub,0.25,100,20,40,1730,37,2,3,1728,0.925,0.0011560693641618,0.9487179487179488,0.0512820512820512,7.503765238956972
tfnbs,"e=0.6,h=10.0,n=30,start_thres=1.25",hub,0.25,100,20,40,1730,37,1,3,1729,0.925,0.0005780346820809,0.9736842105263158,0.0263157894736842,7.503765238956972
tfnbs,"e=0.7,h=0.5,n=30,start_thres=1.25",hub,0.25,100,20,40,1730,39,18,1,1712,0.975,0.0104046242774566,0.6842105263157895,0.3157894736842105,7.503765238956972
tfnbs,"e=0.7,h=1.0,n=30,start_thres=1.25",hub,0.25,100,20,40,1730,39,18,1,1712,0.975,0.0104046242774566,0.6842105263157895,0.3157894736842105,7.503765238956972
tfnbs,"e=0.7,h=2.0,n=30,start_thres=1.25",hub,0.25,100,20,40,1730,39,11,1,1719,0.975,0.0063583815028901,0.78,0.22,7.503765238956972
tfnbs,"e=0.7,h=3.0,n=30,start_thres=1.25",hub,0.25,100,20,40,1730,39,11,1,1719,0.975,0.0063583815028901,0.78,0.22,7.503765238956972
tfnbs,"e=0.7,h=4.0,n=30,start_thres=1.25",hub,0.25,100,20,40,1730,39,11,1,1719,0.975,0.0063583815028901,0.78,0.22,7.503765238956972
tfnbs,"e=0.7,h=5.0,n=30,start_thres=1.25",hub,0.25,100,20,40,1730,38,4,2,1726,0.95,0.0023121387283236,0.9047619047619048,0.0952380952380952,7.503765238956972
tfnbs,"e=0.7,h=6.0,n=30,start_thres=1.25",hub,0.25,100,20,40,1730,38,4,2,1726,0.95,0.0023121387283236,0.9047619047619048,0.0952380952380952,7.503765238956972
tfnbs,"e=0.7,h=7.0,n=30,start_thres=1.25",hub,0.25,100,20,40,1730,38,4,2,1726,0.95,0.0023121387283236,0.9047619047619048,0.0952380952380952,7.503765238956972
tfnbs,"e=0.7,h=8.0,n=30,start_thres=1.25",hub,0.25,100,20,40,1730,38,4,2,1726,0.95,0.0023121387283236,0.9047619047619048,0.0952380952380952,7.503765238956972
tfnbs,"e=0.7,h=9.0,n=30,start_thres=1.25",hub,0.25,100,20,40,1730,38,4,2,1726,0.95,0.0023121387283236,0.9047619047619048,0.0952380952380952,7.503765238956972
tfnbs,"e=0.7,h=10.0,n=30,start_thres=1.25",hub,0.25,100,20,40,1730,37,2,3,1728,0.925,0.0011560693641618,0.9487179487179488,0.0512820512820512,7.503765238956972
tfnbs,"e=0.8,h=0.5,n=30,start_thres=1.25",hub,0.25,100,20,40,1730,39,18,1,1712,0.975,0.0104046242774566,0.6842105263157895,0.3157894736842105,7.503765238956972
tfnbs,"e=0.8,h=1.0,n=30,start_thres=1.25",hub,0.25,100,20,40,1730,39,18,1,1712,0.975,0.0104046242774566,0.6842105263157895,0.3157894736842105,7.503765238956972
tfnbs,"e=0.8,h=2.0,n=30,start_thres=1.25",hub,0.25,100,20,40,1730,39,18,1,1712,0.975,0.0104046242774566,0.6842105263157895,0.3157894736842105,7.503765238956972
tfnbs,"e=0.8,h=3.0,n=30,start_thres=1.25",hub,0.25,100,20,40,1730,39,18,1,1712,0.975,0.0104046242774566,0.6842105263157895,0.3157894736842105,7.503765238956972
tfnbs,"e=0.8,h=4.0,n=30,start_thres=1.25",hub,0.25,100,20,40,1730,39,11,1,1719,0.975,0.0063583815028901,0.78,0.22,7.503765238956972
tfnbs,"e=0.8,h=5.0,n=30,start_thres=1.25",hub,0.25,100,20,40,1730,39,11,1,1719,0.975,0.0063583815028901,0.78,0.22,7.503765238956972
tfnbs,"e=0.8,h=6.0,n=30,start_thres=1.25",hub,0.25,100,20,40,1730,39,11,1,1719,0.975,0.0063583815028901,0.78,0.22,7.503765238956972
tfnbs,"e=0.8,h=7.0,n=30,start_thres=1.25",hub,0.25,100,20,40,1730,38,4,2,1726,0.95,0.0023121387283236,0.9047619047619048,0.0952380952380952,7.503765238956972
tfnbs,"e=0.8,h=8.0,n=30,start_thres=1.25",hub,0.25,100,20,40,1730,38,4,2,1726,0.95,0.0023121387283236,0.9047619047619048,0.0952380952380952,7.503765238956972
tfnbs,"e=0.8,h=9.0,n=30,start_thres=1.25",hub,0.25,100,20,40,1730,38,4,2,1726,0.95,0.0023121387283236,0.9047619047619048,0.0952380952380952,7.503765238956972
tfnbs,"e=0.8,h=10.0,n=30,start_thres=1.25",hub,0.25,100,20,40,1730,38,4,2,1726,0.95,0.0023121387283236,0.9047619047619048,0.0952380952380952,7.503765238956972
tfnbs,"e=0.9,h=0.5,n=30,start_thres=1.25",hub,0.25,100,20,40,1730,39,18,1,1712,0.975,0.0104046242774566,0.6842105263157895,0.3157894736842105,7.503765238956972
tfnbs,"e=0.9,h=1.0,n=30,start_thres=1.25",hub,0.25,100,20,40,1730,39,18,1,1712,0.975,0.0104046242774566,0.6842105263157895,0.3157894736842105,7.503765238956972
tfnbs,"e=0.9,h=2.0,n=30,start_thres=1.25",hub,0.25,100,20,40,1730,39,18,1,1712,0.975,0.0104046242774566,0.6842105263157895,0.3157894736842105,7.503765238956972
tfnbs,"e=0.9,h=3.0,n=30,start_thres=1.25",hub,0.25,100,20,40,1730,39,18,1,1712,0.975,0.0104046242774566,0.6842105263157895,0.3157894736842105,7.503765238956972
tfnbs,"e=0.9,h=4.0,n=30,start_thres=1.25",hub,0.25,100,20,40,1730,39,18,1,1712,0.975,0.0104046242774566,0.6842105263157895,0.3157894736842105,7.503765238956972
tfnbs,"e=0.9,h=5.0,n=30,start_thres=1.25",hub,0.25,100,20,40,1730,39,11,1,1719,0.975,0.0063583815028901,0.78,0.22,7.503765238956972
tfnbs,"e=0.9,h=6.0,n=30,start_thres=1.25",hub,0.25,100,20,40,1730,39,11,1,1719,0.975,0.0063583815028901,0.78,0.22,7.503765238956972
tfnbs,"e=0.9,h=7.0,n=30,start_thres=1.25",hub,0.25,100,20,40,1730,39,11,1,1719,0.975,0.0063583815028901,0.78,0.22,7.503765238956972
tfnbs,"e=0.9,h=8.0,n=30,start_thres=1.25",hub,0.25,100,20,40,1730,38,4,2,1726,0.95,0.0023121387283236,0.9047619047619048,0.0952380952380952,7.503765238956972
tfnbs,"e=0.9,h=9.0,n=30,start_thres=1.25",hub,0.25,100,20,40,1730,38,4,2,1726,0.95,0.0023121387283236,0.9047619047619048,0.0952380952380952,7.503765238956972
tfnbs,"e=0.9,h=10.0,n=30,start_thres=1.25",hub,0.25,100,20,40,1730,38,4,2,1726,0.95,0.0023121387283236,0.9047619047619048,0.0952380952380952,7.503765238956972
tfnbs,"e=1.0,h=0.5,n=30,start_thres=1.25",hub,0.25,100,20,40,1730,39,18,1,1712,0.975,0.0104046242774566,0.6842105263157895,0.3157894736842105,7.503765238956972
tfnbs,"e=1.0,h=1.0,n=30,start_thres=1.25",hub,0.25,100,20,40,1730,39,18,1,1712,0.975,0.0104046242774566,0.6842105263157895,0.3157894736842105,7.503765238956972
tfnbs,"e=1.0,h=2.0,n=30,start_thres=1.25",hub,0.25,100,20,40,1730,39,18,1,1712,0.975,0.0104046242774566,0.6842105263157895,0.3157894736842105,7.503765238956972
tfnbs,"e=1.0,h=3.0,n=30,start_thres=1.25",hub,0.25,100,20,40,1730,39,18,1,1712,0.975,0.0104046242774566,0.6842105263157895,0.3157894736842105,7.503765238956972
tfnbs,"e=1.0,h=4.0,n=30,start_thres=1.25",hub,0.25,100,20,40,1730,39,18,1,1712,0.975,0.0104046242774566,0.6842105263157895,0.3157894736842105,7.503765238956972
tfnbs,"e=1.0,h=5.0,n=30,start_thres=1.25",hub,0.25,100,20,40,1730,39,18,1,1712,0.975,0.0104046242774566,0.6842105263157895,0.3157894736842105,7.503765238956972
tfnbs,"e=1.0,h=6.0,n=30,start_thres=1.25",hub,0.25,100,20,40,1730,39,18,1,1712,0.975,0.0104046242774566,0.6842105263157895,0.3157894736842105,7.503765238956972
tfnbs,"e=1.0,h=7.0,n=30,start_thres=1.25",hub,0.25,100,20,40,1730,39,11,1,1719,0.975,0.0063583815028901,0.78,0.22,7.503765238956972
tfnbs,"e=1.0,h=8.0,n=30,start_thres=1.25",hub,0.25,100,20,40,1730,39,11,1,1719,0.975,0.0063583815028901,0.78,0.22,7.503765238956972
tfnbs,"e=1.0,h=9.0,n=30,start_thres=1.25",hub,0.25,100,20,40,1730,38,4,2,1726,0.95,0.0023121387283236,0.9047619047619048,0.0952380952380952,7.503765238956972
tfnbs,"e=1.0,h=10.0,n=30,start_thres=1.25",hub,0.25,100,20,40,1730,38,4,2,1726,0.95,0.0023121387283236,0.9047619047619048,0.0952380952380952,7.503765238956972
tfnbs,"e=1.1,h=0.5,n=30,start_thres=1.25",hub,0.25,100,20,40,1730,39,18,1,1712,0.975,0.0104046242774566,0.6842105263157895,0.3157894736842105,7.503765238956972
tfnbs,"e=1.1,h=1.0,n=30,start_thres=1.25",hub,0.25,100,20,40,1730,39,18,1,1712,0.975,0.0104046242774566,0.6842105263157895,0.3157894736842105,7.503765238956972
tfnbs,"e=1.1,h=2.0,n=30,start_thres=1.25",hub,0.25,100,20,40,1730,39,18,1,1712,0.975,0.0104046242774566,0.6842105263157895,0.3157894736842105,7.503765238956972
tfnbs,"e=1.1,h=3.0,n=30,start_thres=1.25",hub,0.25,100,20,40,1730,39,18,1,1712,0.975,0.0104046242774566,0.6842105263157895,0.3157894736842105,7.503765238956972
tfnbs,"e=1.1,h=4.0,n=30,start_thres=1.25",hub,0.25,100,20,40,1730,39,18,1,1712,0.975,0.0104046242774566,0.6842105263157895,0.3157894736842105,7.503765238956972
tfnbs,"e=1.1,h=5.0,n=30,start_thres=1.25",hub,0.25,100,20,40,1730,39,18,1,1712,0.975,0.0104046242774566,0.6842105263157895,0.3157894736842105,7.503765238956972
tfnbs,"e=1.1,h=6.0,n=30,start_thres=1.25",hub,0.25,100,20,40,1730,39,18,1,1712,0.975,0.0104046242774566,0.6842105263157895,0.3157894736842105,7.503765238956972
tfnbs,"e=1.1,h=7.0,n=30,start_thres=1.25",hub,0.25,100,20,40,1730,39,18,1,1712,0.975,0.0104046242774566,0.6842105263157895,0.3157894736842105,7.503765238956972
tfnbs,"e=1.1,h=8.0,n=30,start_thres=1.25",hub,0.25,100,20,40,1730,39,11,1,1719,0.975,0.0063583815028901,0.78,0.22,7.503765238956972
tfnbs,"e=1.1,h=9.0,n=30,start_thres=1.25",hub,0.25,100,20,40,1730,39,11,1,1719,0.975,0.0063583815028901,0.78,0.22,7.503765238956972
tfnbs,"e=1.1,h=10.0,n=30,start_thres=1.25",hub,0.25,100,20,40,1730,38,4,2,1726,0.95,0.0023121387283236,0.9047619047619048,0.0952380952380952,7.503765238956972
tfnbs,"e=1.2,h=0.5,n=30,start_thres=1.25",hub,0.25,100,20,40,1730,39,18,1,1712,0.975,0.0104046242774566,0.6842105263157895,0.3157894736842105,7.503765238956972
tfnbs,"e=1.2,h=1.0,n=30,start_thres=1.25",hub,0.25,100,20,40,1730,39,26,1,1704,0.975,0.015028901734104,0.6,0.4,7.503765238956972
tfnbs,"e=1.2,h=2.0,n=30,start_thres=1.25",hub,0.25,100,20,40,1730,39,26,1,1704,0.975,0.015028901734104,0.6,0.4,7.503765238956972
tfnbs,"e=1.2,h=3.0,n=30,start_thres=1.25",hub,0.25,100,20,40,1730,39,18,1,1712,0.975,0.0104046242774566,0.6842105263157895,0.3157894736842105,7.503765238956972
tfnbs,"e=1.2,h=4.0,n=30,start_thres=1.25",hub,0.25,100,20,40,1730,39,18,1,1712,0.975,0.0104046242774566,0.6842105263157895,0.3157894736842105,7.503765238956972
tfnbs,"e=1.2,h=5.0,n=30,start_thres=1.25",hub,0.25,100,20,40,1730,39,18,1,1712,0.975,0.0104046242774566,0.6842105263157895,0.3157894736842105,7.503765238956972
tfnbs,"e=1.2,h=6.0,n=30,start_thres=1.25",hub,0.25,100,20,40,1730,39,18,1,1712,0.975,0.0104046242774566,0.6842105263157895,0.3157894736842105,7.503765238956972
tfnbs,"e=1.2,h=7.0,n=30,start_thres=1.25",hub,0.25,100,20,40,1730,39,18,1,1712,0.975,0.0104046242774566,0.6842105263157895,0.3157894736842105,7.503765238956972
tfnbs,"e=1.2,h=8.0,n=30,start_thres=1.25",hub,0.25,100,20,40,1730,39,18,1,1712,0.975,0.0104046242774566,0.6842105263157895,0.3157894736842105,7.503765238956972
tfnbs,"e=1.2,h=9.0,n=30,start_thres=1.25",hub,0.25,100,20,40,1730,39,11,1,1719,0.975,0.0063583815028901,0.78,0.22,7.503765238956972
tfnbs,"e=1.2,h=10.0,n=30,start_thres=1.25",hub,0.25,100,20,40,1730,39,11,1,1719,0.975,0.0063583815028901,0.78,0.22,7.503765238956972
tfnbs,"e=1.3,h=0.5,n=30,start_thres=1.25",hub,0.25,100,20,40,1730,39,26,1,1704,0.975,0.015028901734104,0.6,0.4,7.503765238956972
tfnbs,"e=1.3,h=1.0,n=30,start_thres=1.25",hub,0.25,100,20,40,1730,39,26,1,1704,0.975,0.015028901734104,0.6,0.4,7.503765238956972
tfnbs,"e=1.3,h=2.0,n=30,start_thres=1.25",hub,0.25,100,20,40,1730,39,26,1,1704,0.975,0.015028901734104,0.6,0.4,7.503765238956972
tfnbs,"e=1.3,h=3.0,n=30,start_thres=1.25",hub,0.25,100,20,40,1730,39,26,1,1704,0.975,0.015028901734104,0.6,0.4,7.503765238956972
tfnbs,"e=1.3,h=4.0,n=30,start_thres=1.25",hub,0.25,100,20,40,1730,39,26,1,1704,0.975,0.015028901734104,0.6,0.4,7.503765238956972
tfnbs,"e=1.3,h=5.0,n=30,start_thres=1.25",hub,0.25,100,20,40,1730,39,18,1,1712,0.975,0.0104046242774566,0.6842105263157895,0.3157894736842105,7.503765238956972
tfnbs,"e=1.3,h=6.0,n=30,start_thres=1.25",hub,0.25,100,20,40,1730,39,18,1,1712,0.975,0.0104046242774566,0.6842105263157895,0.3157894736842105,7.503765238956972
tfnbs,"e=1.3,h=7.0,n=30,start_thres=1.25",hub,0.25,100,20,40,1730,39,18,1,1712,0.975,0.0104046242774566,0.6842105263157895,0.3157894736842105,7.503765238956972
tfnbs,"e=1.3,h=8.0,n=30,start_thres=1.25",hub,0.25,100,20,40,1730,39,18,1,1712,0.975,0.0104046242774566,0.6842105263157895,0.3157894736842105,7.503765238956972
tfnbs,"e=1.3,h=9.0,n=30,start_thres=1.25",hub,0.25,100,20,40,1730,39,18,1,1712,0.975,0.0104046242774566,0.6842105263157895,0.3157894736842105,7.503765238956972
tfnbs,"e=1.3,h=10.0,n=30,start_thres=1.25",hub,0.25,100,20,40,1730,39,11,1,1719,0.975,0.0063583815028901,0.78,0.22,7.503765238956972
tfnbs,"e=1.4,h=0.5,n=30,start_thres=1.25",hub,0.25,100,20,40,1730,39,26,1,1704,0.975,0.015028901734104,0.6,0.4,7.503765238956972
tfnbs,"e=1.4,h=1.0,n=30,start_thres=1.25",hub,0.25,100,20,40,1730,39,26,1,1704,0.975,0.015028901734104,0.6,0.4,7.503765238956972
tfnbs,"e=1.4,h=2.0,n=30,start_thres=1.25",hub,0.25,100,20,40,1730,39,26,1,1704,0.975,0.015028901734104,0.6,0.4,7.503765238956972
tfnbs,"e=1.4,h=3.0,n=30,start_thres=1.25",hub,0.25,100,20,40,1730,39,26,1,1704,0.975,0.015028901734104,0.6,0.4,7.503765238956972
tfnbs,"e=1.4,h=4.0,n=30,start_thres=1.25",hub,0.25,100,20,40,1730,39,26,1,1704,0.975,0.015028901734104,0.6,0.4,7.503765238956972
tfnbs,"e=1.4,h=5.0,n=30,start_thres=1.25",hub,0.25,100,20,40,1730,39,26,1,1704,0.975,0.015028901734104,0.6,0.4,7.503765238956972
tfnbs,"e=1.4,h=6.0,n=30,start_thres=1.25",hub,0.25,100,20,40,1730,39,26,1,1704,0.975,0.015028901734104,0.6,0.4,7.503765238956972
tfnbs,"e=1.4,h=7.0,n=30,start_thres=1.25",hub,0.25,100,20,40,1730,39,18,1,1712,0.975,0.0104046242774566,0.6842105263157895,0.3157894736842105,7.503765238956972
tfnbs,"e=1.4,h=8.0,n=30,start_thres=1.25",hub,0.25,100,20,40,1730,39,18,1,1712,0.975,0.0104046242774566,0.6842105263157895,0.3157894736842105,7.503765238956972
tfnbs,"e=1.4,h=9.0,n=30,start_thres=1.25",hub,0.25,100,20,40,1730,39,18,1,1712,0.975,0.0104046242774566,0.6842105263157895,0.3157894736842105,7.503765238956972
tfnbs,"e=1.4,h=10.0,n=30,start_thres=1.25",hub,0.25,100,20,40,1730,39,18,1,1712,0.975,0.0104046242774566,0.6842105263157895,0.3157894736842105,7.503765238956972
tfnbs,"e=1.5,h=0.5,n=30,start_thres=1.25",hub,0.25,100,20,40,1730,39,26,1,1704,0.975,0.015028901734104,0.6,0.4,7.503765238956972
tfnbs,"e=1.5,h=1.0,n=30,start_thres=1.25",hub,0.25,100,20,40,1730,39,26,1,1704,0.975,0.015028901734104,0.6,0.4,7.503765238956972
tfnbs,"e=1.5,h=2.0,n=30,start_thres=1.25",hub,0.25,100,20,40,1730,39,26,1,1704,0.975,0.015028901734104,0.6,0.4,7.503765238956972
tfnbs,"e=1.5,h=3.0,n=30,start_thres=1.25",hub,0.25,100,20,40,1730,39,26,1,1704,0.975,0.015028901734104,0.6,0.4,7.503765238956972
tfnbs,"e=1.5,h=4.0,n=30,start_thres=1.25",hub,0.25,100,20,40,1730,39,26,1,1704,0.975,0.015028901734104,0.6,0.4,7.503765238956972
tfnbs,"e=1.5,h=5.0,n=30,start_thres=1.25",hub,0.25,100,20,40,1730,39,26,1,1704,0.975,0.015028901734104,0.6,0.4,7.503765238956972
tfnbs,"e=1.5,h=6.0,n=30,start_thres=1.25",hub,0.25,100,20,40,1730,39,26,1,1704,0.975,0.015028901734104,0.6,0.4,7.503765238956972
tfnbs,"e=1.5,h=7.0,n=30,start_thres=1.25",hub,0.25,100,20,40,1730,39,26,1,1704,0.975,0.015028901734104,0.6,0.4,7.503765238956972
tfnbs,"e=1.5,h=8.0,n=30,start_thres=1.25",hub,0.25,100,20,40,1730,39,18,1,1712,0.975,0.0104046242774566,0.6842105263157895,0.3157894736842105,7.503765238956972
tfnbs,"e=1.5,h=9.0,n=30,start_thres=1.25",hub,0.25,100,20,40,1730,39,18,1,1712,0.975,0.0104046242774566,0.6842105263157895,0.3157894736842105,7.503765238956972
tfnbs,"e=1.5,h=10.0,n=30,start_thres=1.25",hub,0.25,100,20,40,1730,39,18,1,1712,0.975,0.0104046242774566,0.6842105263157895,0.3157894736842105,7.503765238956972
tfnbs,"e=0.05,h=0.5,n=30,start_thres=1.25",hub,0.25,100,4,40,1730,34,0,6,1730,0.85,0.0,1.0,0.0,7.54800566218116
tfnbs,"e=0.05,h=1.0,n=30,start_thres=1.25",hub,0.25,100,4,40,1730,34,0,6,1730,0.85,0.0,1.0,0.0,7.54800566218116
tfnbs,"e=0.05,h=2.0,n=30,start_thres=1.25",hub,0.25,100,4,40,1730,34,0,6,1730,0.85,0.0,1.0,0.0,7.54800566218116
tfnbs,"e=0.05,h=3.0,n=30,start_thres=1.25",hub,0.25,100,4,40,1730,34,0,6,1730,0.85,0.0,1.0,0.0,7.54800566218116
tfnbs,"e=0.05,h=4.0,n=30,start_thres=1.25",hub,0.25,100,4,40,1730,34,0,6,1730,0.85,0.0,1.0,0.0,7.54800566218116
tfnbs,"e=0.05,h=5.0,n=30,start_thres=1.25",hub,0.25,100,4,40,1730,34,0,6,1730,0.85,0.0,1.0,0.0,7.54800566218116
tfnbs,"e=0.05,h=6.0,n=30,start_thres=1.25",hub,0.25,100,4,40,1730,34,0,6,1730,0.85,0.0,1.0,0.0,7.54800566218116
tfnbs,"e=0.05,h=7.0,n=30,start_thres=1.25",hub,0.25,100,4,40,1730,34,0,6,1730,0.85,0.0,1.0,0.0,7.54800566218116
tfnbs,"e=0.05,h=8.0,n=30,start_thres=1.25",hub,0.25,100,4,40,1730,34,0,6,1730,0.85,0.0,1.0,0.0,7.54800566218116
tfnbs,"e=0.05,h=9.0,n=30,start_thres=1.25",hub,0.25,100,4,40,1730,34,0,6,1730,0.85,0.0,1.0,0.0,7.54800566218116
tfnbs,"e=0.05,h=10.0,n=30,start_thres=1.25",hub,0.25,100,4,40,1730,34,0,6,1730,0.85,0.0,1.0,0.0,7.54800566218116
tfnbs,"e=0.1,h=0.5,n=30,start_thres=1.25",hub,0.25,100,4,40,1730,37,0,3,1730,0.925,0.0,1.0,0.0,7.54800566218116
tfnbs,"e=0.1,h=1.0,n=30,start_thres=1.25",hub,0.25,100,4,40,1730,37,0,3,1730,0.925,0.0,1.0,0.0,7.54800566218116
tfnbs,"e=0.1,h=2.0,n=30,start_thres=1.25",hub,0.25,100,4,40,1730,37,0,3,1730,0.925,0.0,1.0,0.0,7.54800566218116
tfnbs,"e=0.1,h=3.0,n=30,start_thres=1.25",hub,0.25,100,4,40,1730,37,0,3,1730,0.925,0.0,1.0,0.0,7.54800566218116
tfnbs,"e=0.1,h=4.0,n=30,start_thres=1.25",hub,0.25,100,4,40,1730,37,0,3,1730,0.925,0.0,1.0,0.0,7.54800566218116
tfnbs,"e=0.1,h=5.0,n=30,start_thres=1.25",hub,0.25,100,4,40,1730,34,0,6,1730,0.85,0.0,1.0,0.0,7.54800566218116
tfnbs,"e=0.1,h=6.0,n=30,start_thres=1.25",hub,0.25,100,4,40,1730,34,0,6,1730,0.85,0.0,1.0,0.0,7.54800566218116
tfnbs,"e=0.1,h=7.0,n=30,start_thres=1.25",hub,0.25,100,4,40,1730,34,0,6,1730,0.85,0.0,1.0,0.0,7.54800566218116
tfnbs,"e=0.1,h=8.0,n=30,start_thres=1.25",hub,0.25,100,4,40,1730,34,0,6,1730,0.85,0.0,1.0,0.0,7.54800566218116
tfnbs,"e=0.1,h=9.0,n=30,start_thres=1.25",hub,0.25,100,4,40,1730,34,0,6,1730,0.85,0.0,1.0,0.0,7.54800566218116
tfnbs,"e=0.1,h=10.0,n=30,start_thres=1.25",hub,0.25,100,4,40,1730,34,0,6,1730,0.85,0.0,1.0,0.0,7.54800566218116
tfnbs,"e=0.2,h=0.5,n=30,start_thres=1.25",hub,0.25,100,4,40,1730,37,2,3,1728,0.925,0.0011560693641618,0.9487179487179488,0.0512820512820512,7.54800566218116
tfnbs,"e=0.2,h=1.0,n=30,start_thres=1.25",hub,0.25,100,4,40,1730,37,2,3,1728,0.925,0.0011560693641618,0.9487179487179488,0.0512820512820512,7.54800566218116
tfnbs,"e=0.2,h=2.0,n=30,start_thres=1.25",hub,0.25,100,4,40,1730,37,2,3,1728,0.925,0.0011560693641618,0.9487179487179488,0.0512820512820512,7.54800566218116
tfnbs,"e=0.2,h=3.0,n=30,start_thres=1.25",hub,0.25,100,4,40,1730,37,2,3,1728,0.925,0.0011560693641618,0.9487179487179488,0.0512820512820512,7.54800566218116
tfnbs,"e=0.2,h=4.0,n=30,start_thres=1.25",hub,0.25,100,4,40,1730,37,2,3,1728,0.925,0.0011560693641618,0.9487179487179488,0.0512820512820512,7.54800566218116
tfnbs,"e=0.2,h=5.0,n=30,start_thres=1.25",hub,0.25,100,4,40,1730,37,0,3,1730,0.925,0.0,1.0,0.0,7.54800566218116
tfnbs,"e=0.2,h=6.0,n=30,start_thres=1.25",hub,0.25,100,4,40,1730,37,0,3,1730,0.925,0.0,1.0,0.0,7.54800566218116
tfnbs,"e=0.2,h=7.0,n=30,start_thres=1.25",hub,0.25,100,4,40,1730,37,0,3,1730,0.925,0.0,1.0,0.0,7.54800566218116
tfnbs,"e=0.2,h=8.0,n=30,start_thres=1.25",hub,0.25,100,4,40,1730,37,0,3,1730,0.925,0.0,1.0,0.0,7.54800566218116
tfnbs,"e=0.2,h=9.0,n=30,start_thres=1.25",hub,0.25,100,4,40,1730,37,0,3,1730,0.925,0.0,1.0,0.0,7.54800566218116
tfnbs,"e=0.2,h=10.0,n=30,start_thres=1.25",hub,0.25,100,4,40,1730,37,0,3,1730,0.925,0.0,1.0,0.0,7.54800566218116
tfnbs,"e=0.3,h=0.5,n=30,start_thres=1.25",hub,0.25,100,4,40,1730,38,5,2,1725,0.95,0.0028901734104046,0.8837209302325582,0.1162790697674418,7.54800566218116
tfnbs,"e=0.3,h=1.0,n=30,start_thres=1.25",hub,0.25,100,4,40,1730,38,5,2,1725,0.95,0.0028901734104046,0.8837209302325582,0.1162790697674418,7.54800566218116
tfnbs,"e=0.3,h=2.0,n=30,start_thres=1.25",hub,0.25,100,4,40,1730,38,4,2,1726,0.95,0.0023121387283236,0.9047619047619048,0.0952380952380952,7.54800566218116
tfnbs,"e=0.3,h=3.0,n=30,start_thres=1.25",hub,0.25,100,4,40,1730,37,2,3,1728,0.925,0.0011560693641618,0.9487179487179488,0.0512820512820512,7.54800566218116
tfnbs,"e=0.3,h=4.0,n=30,start_thres=1.25",hub,0.25,100,4,40,1730,37,2,3,1728,0.925,0.0011560693641618,0.9487179487179488,0.0512820512820512,7.54800566218116
tfnbs,"e=0.3,h=5.0,n=30,start_thres=1.25",hub,0.25,100,4,40,1730,37,2,3,1728,0.925,0.0011560693641618,0.9487179487179488,0.0512820512820512,7.54800566218116
tfnbs,"e=0.3,h=6.0,n=30,start_thres=1.25",hub,0.25,100,4,40,1730,37,2,3,1728,0.925,0.0011560693641618,0.9487179487179488,0.0512820512820512,7.54800566218116
tfnbs,"e=0.3,h=7.0,n=30,start_thres=1.25",hub,0.25,100,4,40,1730,37,2,3,1728,0.925,0.0011560693641618,0.9487179487179488,0.0512820512820512,7.54800566218116
tfnbs,"e=0.3,h=8.0,n=30,start_thres=1.25",hub,0.25,100,4,40,1730,37,2,3,1728,0.925,0.0011560693641618,0.9487179487179488,0.0512820512820512,7.54800566218116
tfnbs,"e=0.3,h=9.0,n=30,start_thres=1.25",hub,0.25,100,4,40,1730,37,0,3,1730,0.925,0.0,1.0,0.0,7.54800566218116
tfnbs,"e=0.3,h=10.0,n=30,start_thres=1.25",hub,0.25,100,4,40,1730,37,0,3,1730,0.925,0.0,1.0,0.0,7.54800566218116
tfnbs,"e=0.4,h=0.5,n=30,start_thres=1.25",hub,0.25,100,4,40,1730,38,10,2,1720,0.95,0.0057803468208092,0.7916666666666666,0.2083333333333333,7.54800566218116
tfnbs,"e=0.4,h=1.0,n=30,start_thres=1.25",hub,0.25,100,4,40,1730,38,10,2,1720,0.95,0.0057803468208092,0.7916666666666666,0.2083333333333333,7.54800566218116
tfnbs,"e=0.4,h=2.0,n=30,start_thres=1.25",hub,0.25,100,4,40,1730,38,5,2,1725,0.95,0.0028901734104046,0.8837209302325582,0.1162790697674418,7.54800566218116
tfnbs,"e=0.4,h=3.0,n=30,start_thres=1.25",hub,0.25,100,4,40,1730,38,5,2,1725,0.95,0.0028901734104046,0.8837209302325582,0.1162790697674418,7.54800566218116
tfnbs,"e=0.4,h=4.0,n=30,start_thres=1.25",hub,0.25,100,4,40,1730,38,4,2,1726,0.95,0.0023121387283236,0.9047619047619048,0.0952380952380952,7.54800566218116
tfnbs,"e=0.4,h=5.0,n=30,start_thres=1.25",hub,0.25,100,4,40,1730,37,2,3,1728,0.925,0.0011560693641618,0.9487179487179488,0.0512820512820512,7.54800566218116
tfnbs,"e=0.4,h=6.0,n=30,start_thres=1.25",hub,0.25,100,4,40,1730,37,2,3,1728,0.925,0.0011560693641618,0.9487179487179488,0.0512820512820512,7.54800566218116
tfnbs,"e=0.4,h=7.0,n=30,start_thres=1.25",hub,0.25,100,4,40,1730,37,2,3,1728,0.925,0.0011560693641618,0.9487179487179488,0.0512820512820512,7.54800566218116
tfnbs,"e=0.4,h=8.0,n=30,start_thres=1.25",hub,0.25,100,4,40,1730,37,2,3,1728,0.925,0.0011560693641618,0.9487179487179488,0.0512820512820512,7.54800566218116
tfnbs,"e=0.4,h=9.0,n=30,start_thres=1.25",hub,0.25,100,4,40,1730,37,2,3,1728,0.925,0.0011560693641618,0.9487179487179488,0.0512820512820512,7.54800566218116
tfnbs,"e=0.4,h=10.0,n=30,start_thres=1.25",hub,0.25,100,4,40,1730,37,2,3,1728,0.925,0.0011560693641618,0.9487179487179488,0.0512820512820512,7.54800566218116
tfnbs,"e=0.5,h=0.5,n=30,start_thres=1.25",hub,0.25,100,4,40,1730,38,16,2,1714,0.95,0.0092485549132947,0.7037037037037037,0.2962962962962963,7.54800566218116
tfnbs,"e=0.5,h=1.0,n=30,start_thres=1.25",hub,0.25,100,4,40,1730,38,10,2,1720,0.95,0.0057803468208092,0.7916666666666666,0.2083333333333333,7.54800566218116
tfnbs,"e=0.5,h=2.0,n=30,start_thres=1.25",hub,0.25,100,4,40,1730,38,10,2,1720,0.95,0.0057803468208092,0.7916666666666666,0.2083333333333333,7.54800566218116
tfnbs,"e=0.5,h=3.0,n=30,start_thres=1.25",hub,0.25,100,4,40,1730,38,5,2,1725,0.95,0.0028901734104046,0.8837209302325582,0.1162790697674418,7.54800566218116
tfnbs,"e=0.5,h=4.0,n=30,start_thres=1.25",hub,0.25,100,4,40,1730,38,5,2,1725,0.95,0.0028901734104046,0.8837209302325582,0.1162790697674418,7.54800566218116
tfnbs,"e=0.5,h=5.0,n=30,start_thres=1.25",hub,0.25,100,4,40,1730,38,4,2,1726,0.95,0.0023121387283236,0.9047619047619048,0.0952380952380952,7.54800566218116
tfnbs,"e=0.5,h=6.0,n=30,start_thres=1.25",hub,0.25,100,4,40,1730,38,4,2,1726,0.95,0.0023121387283236,0.9047619047619048,0.0952380952380952,7.54800566218116
tfnbs,"e=0.5,h=7.0,n=30,start_thres=1.25",hub,0.25,100,4,40,1730,37,2,3,1728,0.925,0.0011560693641618,0.9487179487179488,0.0512820512820512,7.54800566218116
tfnbs,"e=0.5,h=8.0,n=30,start_thres=1.25",hub,0.25,100,4,40,1730,37,2,3,1728,0.925,0.0011560693641618,0.9487179487179488,0.0512820512820512,7.54800566218116
tfnbs,"e=0.5,h=9.0,n=30,start_thres=1.25",hub,0.25,100,4,40,1730,37,2,3,1728,0.925,0.0011560693641618,0.9487179487179488,0.0512820512820512,7.54800566218116
tfnbs,"e=0.5,h=10.0,n=30,start_thres=1.25",hub,0.25,100,4,40,1730,37,2,3,1728,0.925,0.0011560693641618,0.9487179487179488,0.0512820512820512,7.54800566218116
tfnbs,"e=0.6,h=0.5,n=30,start_thres=1.25",hub,0.25,100,4,40,1730,38,16,2,1714,0.95,0.0092485549132947,0.7037037037037037,0.2962962962962963,7.54800566218116
tfnbs,"e=0.6,h=1.0,n=30,start_thres=1.25",hub,0.25,100,4,40,1730,38,16,2,1714,0.95,0.0092485549132947,0.7037037037037037,0.2962962962962963,7.54800566218116
tfnbs,"e=0.6,h=2.0,n=30,start_thres=1.25",hub,0.25,100,4,40,1730,38,16,2,1714,0.95,0.0092485549132947,0.7037037037037037,0.2962962962962963,7.54800566218116
tfnbs,"e=0.6,h=3.0,n=30,start_thres=1.25",hub,0.25,100,4,40,1730,38,10,2,1720,0.95,0.0057803468208092,0.7916666666666666,0.2083333333333333,7.54800566218116
tfnbs,"e=0.6,h=4.0,n=30,start_thres=1.25",hub,0.25,100,4,40,1730,38,10,2,1720,0.95,0.0057803468208092,0.7916666666666666,0.2083333333333333,7.54800566218116
tfnbs,"e=0.6,h=5.0,n=30,start_thres=1.25",hub,0.25,100,4,40,1730,38,5,2,1725,0.95,0.0028901734104046,0.8837209302325582,0.1162790697674418,7.54800566218116
tfnbs,"e=0.6,h=6.0,n=30,start_thres=1.25",hub,0.25,100,4,40,1730,38,5,2,1725,0.95,0.0028901734104046,0.8837209302325582,0.1162790697674418,7.54800566218116
tfnbs,"e=0.6,h=7.0,n=30,start_thres=1.25",hub,0.25,100,4,40,1730,38,4,2,1726,0.95,0.0023121387283236,0.9047619047619048,0.0952380952380952,7.54800566218116
tfnbs,"e=0.6,h=8.0,n=30,start_thres=1.25",hub,0.25,100,4,40,1730,38,4,2,1726,0.95,0.0023121387283236,0.9047619047619048,0.0952380952380952,7.54800566218116
tfnbs,"e=0.6,h=9.0,n=30,start_thres=1.25",hub,0.25,100,4,40,1730,37,2,3,1728,0.925,0.0011560693641618,0.9487179487179488,0.0512820512820512,7.54800566218116
tfnbs,"e=0.6,h=10.0,n=30,start_thres=1.25",hub,0.25,100,4,40,1730,37,2,3,1728,0.925,0.0011560693641618,0.9487179487179488,0.0512820512820512,7.54800566218116
tfnbs,"e=0.7,h=0.5,n=30,start_thres=1.25",hub,0.25,100,4,40,1730,39,25,1,1705,0.975,0.0144508670520231,0.609375,0.390625,7.54800566218116
tfnbs,"e=0.7,h=1.0,n=30,start_thres=1.25",hub,0.25,100,4,40,1730,38,16,2,1714,0.95,0.0092485549132947,0.7037037037037037,0.2962962962962963,7.54800566218116
tfnbs,"e=0.7,h=2.0,n=30,start_thres=1.25",hub,0.25,100,4,40,1730,38,16,2,1714,0.95,0.0092485549132947,0.7037037037037037,0.2962962962962963,7.54800566218116
tfnbs,"e=0.7,h=3.0,n=30,start_thres=1.25",hub,0.25,100,4,40,1730,38,16,2,1714,0.95,0.0092485549132947,0.7037037037037037,0.2962962962962963,7.54800566218116
tfnbs,"e=0.7,h=4.0,n=30,start_thres=1.25",hub,0.25,100,4,40,1730,38,10,2,1720,0.95,0.0057803468208092,0.7916666666666666,0.2083333333333333,7.54800566218116
tfnbs,"e=0.7,h=5.0,n=30,start_thres=1.25",hub,0.25,100,4,40,1730,38,10,2,1720,0.95,0.0057803468208092,0.7916666666666666,0.2083333333333333,7.54800566218116
tfnbs,"e=0.7,h=6.0,n=30,start_thres=1.25",hub,0.25,100,4,40,1730,38,5,2,1725,0.95,0.0028901734104046,0.8837209302325582,0.1162790697674418,7.54800566218116
tfnbs,"e=0.7,h=7.0,n=30,start_thres=1.25",hub,0.25,100,4,40,1730,38,5,2,1725,0.95,0.0028901734104046,0.8837209302325582,0.1162790697674418,7.54800566218116
tfnbs,"e=0.7,h=8.0,n=30,start_thres=1.25",hub,0.25,100,4,40,1730,38,4,2,1726,0.95,0.0023121387283236,0.9047619047619048,0.0952380952380952,7.54800566218116
tfnbs,"e=0.7,h=9.0,n=30,start_thres=1.25",hub,0.25,100,4,40,1730,38,4,2,1726,0.95,0.0023121387283236,0.9047619047619048,0.0952380952380952,7.54800566218116
tfnbs,"e=0.7,h=10.0,n=30,start_thres=1.25",hub,0.25,100,4,40,1730,38,4,2,1726,0.95,0.0023121387283236,0.9047619047619048,0.0952380952380952,7.54800566218116
tfnbs,"e=0.8,h=0.5,n=30,start_thres=1.25",hub,0.25,100,4,40,1730,39,25,1,1705,0.975,0.0144508670520231,0.609375,0.390625,7.54800566218116
tfnbs,"e=0.8,h=1.0,n=30,start_thres=1.25",hub,0.25,100,4,40,1730,39,25,1,1705,0.975,0.0144508670520231,0.609375,0.390625,7.54800566218116
tfnbs,"e=0.8,h=2.0,n=30,start_thres=1.25",hub,0.25,100,4,40,1730,39,25,1,1705,0.975,0.0144508670520231,0.609375,0.390625,7.54800566218116
tfnbs,"e=0.8,h=3.0,n=30,start_thres=1.25",hub,0.25,100,4,40,1730,38,16,2,1714,0.95,0.0092485549132947,0.7037037037037037,0.2962962962962963,7.54800566218116
tfnbs,"e=0.8,h=4.0,n=30,start_thres=1.25",hub,0.25,100,4,40,1730,38,16,2,1714,0.95,0.0092485549132947,0.7037037037037037,0.2962962962962963,7.54800566218116
tfnbs,"e=0.8,h=5.0,n=30,start_thres=1.25",hub,0.25,100,4,40,1730,38,16,2,1714,0.95,0.0092485549132947,0.7037037037037037,0.2962962962962963,7.54800566218116
tfnbs,"e=0.8,h=6.0,n=30,start_thres=1.25",hub,0.25,100,4,40,1730,38,10,2,1720,0.95,0.0057803468208092,0.7916666666666666,0.2083333333333333,7.54800566218116
tfnbs,"e=0.8,h=7.0,n=30,start_thres=1.25",hub,0.25,100,4,40,1730,38,10,2,1720,0.95,0.0057803468208092,0.7916666666666666,0.2083333333333333,7.54800566218116
tfnbs,"e=0.8,h=8.0,n=30,start_thres=1.25",hub,0.25,100,4,40,1730,38,5,2,1725,0.95,0.0028901734104046,0.8837209302325582,0.1162790697674418,7.54800566218116
tfnbs,"e=0.8,h=9.0,n=30,start_thres=1.25",hub,0.25,100,4,40,1730,38,4,2,1726,0.95,0.0023121387283236,0.9047619047619048,0.0952380952380952,7.54800566218116
tfnbs,"e=0.8,h=10.0,n=30,start_thres=1.25",hub,0.25,100,4,40,1730,38,4,2,1726,0.95,0.0023121387283236,0.9047619047619048,0.0952380952380952,7.54800566218116
tfnbs,"e=0.9,h=0.5,n=30,start_thres=1.25",hub,0.25,100,4,40,1730,39,25,1,1705,0.975,0.0144508670520231,0.609375,0.390625,7.54800566218116
tfnbs,"e=0.9,h=1.0,n=30,start_thres=1.25",hub,0.25,100,4,40,1730,39,25,1,1705,0.975,0.0144508670520231,0.609375,0.390625,7.54800566218116
tfnbs,"e=0.9,h=2.0,n=30,start_thres=1.25",hub,0.25,100,4,40,1730,39,25,1,1705,0.975,0.0144508670520231,0.609375,0.390625,7.54800566218116
tfnbs,"e=0.9,h=3.0,n=30,start_thres=1.25",hub,0.25,100,4,40,1730,39,25,1,1705,0.975,0.0144508670520231,0.609375,0.390625,7.54800566218116
tfnbs,"e=0.9,h=4.0,n=30,start_thres=1.25",hub,0.25,100,4,40,1730,39,25,1,1705,0.975,0.0144508670520231,0.609375,0.390625,7.54800566218116
tfnbs,"e=0.9,h=5.0,n=30,start_thres=1.25",hub,0.25,100,4,40,1730,38,16,2,1714,0.95,0.0092485549132947,0.7037037037037037,0.2962962962962963,7.54800566218116
tfnbs,"e=0.9,h=6.0,n=30,start_thres=1.25",hub,0.25,100,4,40,1730,38,16,2,1714,0.95,0.0092485549132947,0.7037037037037037,0.2962962962962963,7.54800566218116
tfnbs,"e=0.9,h=7.0,n=30,start_thres=1.25",hub,0.25,100,4,40,1730,38,10,2,1720,0.95,0.0057803468208092,0.7916666666666666,0.2083333333333333,7.54800566218116
tfnbs,"e=0.9,h=8.0,n=30,start_thres=1.25",hub,0.25,100,4,40,1730,38,10,2,1720,0.95,0.0057803468208092,0.7916666666666666,0.2083333333333333,7.54800566218116
tfnbs,"e=0.9,h=9.0,n=30,start_thres=1.25",hub,0.25,100,4,40,1730,38,5,2,1725,0.95,0.0028901734104046,0.8837209302325582,0.1162790697674418,7.54800566218116
tfnbs,"e=0.9,h=10.0,n=30,start_thres=1.25",hub,0.25,100,4,40,1730,38,5,2,1725,0.95,0.0028901734104046,0.8837209302325582,0.1162790697674418,7.54800566218116
tfnbs,"e=1.0,h=0.5,n=30,start_thres=1.25",hub,0.25,100,4,40,1730,39,25,1,1705,0.975,0.0144508670520231,0.609375,0.390625,7.54800566218116
tfnbs,"e=1.0,h=1.0,n=30,start_thres=1.25",hub,0.25,100,4,40,1730,39,25,1,1705,0.975,0.0144508670520231,0.609375,0.390625,7.54800566218116
tfnbs,"e=1.0,h=2.0,n=30,start_thres=1.25",hub,0.25,100,4,40,1730,39,25,1,1705,0.975,0.0144508670520231,0.609375,0.390625,7.54800566218116
tfnbs,"e=1.0,h=3.0,n=30,start_thres=1.25",hub,0.25,100,4,40,1730,39,25,1,1705,0.975,0.0144508670520231,0.609375,0.390625,7.54800566218116
tfnbs,"e=1.0,h=4.0,n=30,start_thres=1.25",hub,0.25,100,4,40,1730,39,25,1,1705,0.975,0.0144508670520231,0.609375,0.390625,7.54800566218116
tfnbs,"e=1.0,h=5.0,n=30,start_thres=1.25",hub,0.25,100,4,40,1730,39,25,1,1705,0.975,0.0144508670520231,0.609375,0.390625,7.54800566218116
tfnbs,"e=1.0,h=6.0,n=30,start_thres=1.25",hub,0.25,100,4,40,1730,38,16,2,1714,0.95,0.0092485549132947,0.7037037037037037,0.2962962962962963,7.54800566218116
tfnbs,"e=1.0,h=7.0,n=30,start_thres=1.25",hub,0.25,100,4,40,1730,38,16,2,1714,0.95,0.0092485549132947,0.7037037037037037,0.2962962962962963,7.54800566218116
tfnbs,"e=1.0,h=8.0,n=30,start_thres=1.25",hub,0.25,100,4,40,1730,38,10,2,1720,0.95,0.0057803468208092,0.7916666666666666,0.2083333333333333,7.54800566218116
tfnbs,"e=1.0,h=9.0,n=30,start_thres=1.25",hub,0.25,100,4,40,1730,38,10,2,1720,0.95,0.0057803468208092,0.7916666666666666,0.2083333333333333,7.54800566218116
tfnbs,"e=1.0,h=10.0,n=30,start_thres=1.25",hub,0.25,100,4,40,1730,38,5,2,1725,0.95,0.0028901734104046,0.8837209302325582,0.1162790697674418,7.54800566218116
tfnbs,"e=1.1,h=0.5,n=30,start_thres=1.25",hub,0.25,100,4,40,1730,40,35,0,1695,1.0,0.0202312138728323,0.5333333333333333,0.4666666666666667,7.54800566218116
tfnbs,"e=1.1,h=1.0,n=30,start_thres=1.25",hub,0.25,100,4,40,1730,40,35,0,1695,1.0,0.0202312138728323,0.5333333333333333,0.4666666666666667,7.54800566218116
tfnbs,"e=1.1,h=2.0,n=30,start_thres=1.25",hub,0.25,100,4,40,1730,39,25,1,1705,0.975,0.0144508670520231,0.609375,0.390625,7.54800566218116
tfnbs,"e=1.1,h=3.0,n=30,start_thres=1.25",hub,0.25,100,4,40,1730,39,25,1,1705,0.975,0.0144508670520231,0.609375,0.390625,7.54800566218116
tfnbs,"e=1.1,h=4.0,n=30,start_thres=1.25",hub,0.25,100,4,40,1730,39,25,1,1705,0.975,0.0144508670520231,0.609375,0.390625,7.54800566218116
tfnbs,"e=1.1,h=5.0,n=30,start_thres=1.25",hub,0.25,100,4,40,1730,39,25,1,1705,0.975,0.0144508670520231,0.609375,0.390625,7.54800566218116
tfnbs,"e=1.1,h=6.0,n=30,start_thres=1.25",hub,0.25,100,4,40,1730,39,25,1,1705,0.975,0.0144508670520231,0.609375,0.390625,7.54800566218116
tfnbs,"e=1.1,h=7.0,n=30,start_thres=1.25",hub,0.25,100,4,40,1730,38,16,2,1714,0.95,0.0092485549132947,0.7037037037037037,0.2962962962962963,7.54800566218116
tfnbs,"e=1.1,h=8.0,n=30,start_thres=1.25",hub,0.25,100,4,40,1730,38,16,2,1714,0.95,0.0092485549132947,0.7037037037037037,0.2962962962962963,7.54800566218116
tfnbs,"e=1.1,h=9.0,n=30,start_thres=1.25",hub,0.25,100,4,40,1730,38,10,2,1720,0.95,0.0057803468208092,0.7916666666666666,0.2083333333333333,7.54800566218116
tfnbs,"e=1.1,h=10.0,n=30,start_thres=1.25",hub,0.25,100,4,40,1730,38,10,2,1720,0.95,0.0057803468208092,0.7916666666666666,0.2083333333333333,7.54800566218116
tfnbs,"e=1.2,h=0.5,n=30,start_thres=1.25",hub,0.25,100,4,40,1730,40,35,0,1695,1.0,0.0202312138728323,0.5333333333333333,0.4666666666666667,7.54800566218116
tfnbs,"e=1.2,h=1.0,n=30,start_thres=1.25",hub,0.25,100,4,40,1730,40,35,0,1695,1.0,0.0202312138728323,0.5333333333333333,0.4666666666666667,7.54800566218116
tfnbs,"e=1.2,h=2.0,n=30,start_thres=1.25",hub,0.25,100,4,40,1730,40,35,0,1695,1.0,0.0202312138728323,0.5333333333333333,0.4666666666666667,7.54800566218116
tfnbs,"e=1.2,h=3.0,n=30,start_thres=1.25",hub,0.25,100,4,40,1730,40,35,0,1695,1.0,0.0202312138728323,0.5333333333333333,0.4666666666666667,7.54800566218116
tfnbs,"e=1.2,h=4.0,n=30,start_thres=1.25",hub,0.25,100,4,40,1730,39,25,1,1705,0.975,0.0144508670520231,0.609375,0.390625,7.54800566218116
tfnbs,"e=1.2,h=5.0,n=30,start_thres=1.25",hub,0.25,100,4,40,1730,39,25,1,1705,0.975,0.0144508670520231,0.609375,0.390625,7.54800566218116
tfnbs,"e=1.2,h=6.0,n=30,start_thres=1.25",hub,0.25,100,4,40,1730,39,25,1,1705,0.975,0.0144508670520231,0.609375,0.390625,7.54800566218116
tfnbs,"e=1.2,h=7.0,n=30,start_thres=1.25",hub,0.25,100,4,40,1730,39,25,1,1705,0.975,0.0144508670520231,0.609375,0.390625,7.54800566218116
tfnbs,"e=1.2,h=8.0,n=30,start_thres=1.25",hub,0.25,100,4,40,1730,38,16,2,1714,0.95,0.0092485549132947,0.7037037037037037,0.2962962962962963,7.54800566218116
tfnbs,"e=1.2,h=9.0,n=30,start_thres=1.25",hub,0.25,100,4,40,1730,38,16,2,1714,0.95,0.0092485549132947,0.7037037037037037,0.2962962962962963,7.54800566218116
tfnbs,"e=1.2,h=10.0,n=30,start_thres=1.25",hub,0.25,100,4,40,1730,38,10,2,1720,0.95,0.0057803468208092,0.7916666666666666,0.2083333333333333,7.54800566218116
tfnbs,"e=1.3,h=0.5,n=30,start_thres=1.25",hub,0.25,100,4,40,1730,40,35,0,1695,1.0,0.0202312138728323,0.5333333333333333,0.4666666666666667,7.54800566218116
tfnbs,"e=1.3,h=1.0,n=30,start_thres=1.25",hub,0.25,100,4,40,1730,40,35,0,1695,1.0,0.0202312138728323,0.5333333333333333,0.4666666666666667,7.54800566218116
tfnbs,"e=1.3,h=2.0,n=30,start_thres=1.25",hub,0.25,100,4,40,1730,40,35,0,1695,1.0,0.0202312138728323,0.5333333333333333,0.4666666666666667,7.54800566218116
tfnbs,"e=1.3,h=3.0,n=30,start_thres=1.25",hub,0.25,100,4,40,1730,40,35,0,1695,1.0,0.0202312138728323,0.5333333333333333,0.4666666666666667,7.54800566218116
tfnbs,"e=1.3,h=4.0,n=30,start_thres=1.25",hub,0.25,100,4,40,1730,40,35,0,1695,1.0,0.0202312138728323,0.5333333333333333,0.4666666666666667,7.54800566218116
tfnbs,"e=1.3,h=5.0,n=30,start_thres=1.25",hub,0.25,100,4,40,1730,39,25,1,1705,0.975,0.0144508670520231,0.609375,0.390625,7.54800566218116
tfnbs,"e=1.3,h=6.0,n=30,start_thres=1.25",hub,0.25,100,4,40,1730,39,25,1,1705,0.975,0.0144508670520231,0.609375,0.390625,7.54800566218116
tfnbs,"e=1.3,h=7.0,n=30,start_thres=1.25",hub,0.25,100,4,40,1730,39,25,1,1705,0.975,0.0144508670520231,0.609375,0.390625,7.54800566218116
tfnbs,"e=1.3,h=8.0,n=30,start_thres=1.25",hub,0.25,100,4,40,1730,39,25,1,1705,0.975,0.0144508670520231,0.609375,0.390625,7.54800566218116
tfnbs,"e=1.3,h=9.0,n=30,start_thres=1.25",hub,0.25,100,4,40,1730,38,16,2,1714,0.95,0.0092485549132947,0.7037037037037037,0.2962962962962963,7.54800566218116
tfnbs,"e=1.3,h=10.0,n=30,start_thres=1.25",hub,0.25,100,4,40,1730,38,16,2,1714,0.95,0.0092485549132947,0.7037037037037037,0.2962962962962963,7.54800566218116
tfnbs,"e=1.4,h=0.5,n=30,start_thres=1.25",hub,0.25,100,4,40,1730,40,35,0,1695,1.0,0.0202312138728323,0.5333333333333333,0.4666666666666667,7.54800566218116
tfnbs,"e=1.4,h=1.0,n=30,start_thres=1.25",hub,0.25,100,4,40,1730,40,35,0,1695,1.0,0.0202312138728323,0.5333333333333333,0.4666666666666667,7.54800566218116
tfnbs,"e=1.4,h=2.0,n=30,start_thres=1.25",hub,0.25,100,4,40,1730,40,35,0,1695,1.0,0.0202312138728323,0.5333333333333333,0.4666666666666667,7.54800566218116
tfnbs,"e=1.4,h=3.0,n=30,start_thres=1.25",hub,0.25,100,4,40,1730,40,35,0,1695,1.0,0.0202312138728323,0.5333333333333333,0.4666666666666667,7.54800566218116
tfnbs,"e=1.4,h=4.0,n=30,start_thres=1.25",hub,0.25,100,4,40,1730,40,35,0,1695,1.0,0.0202312138728323,0.5333333333333333,0.4666666666666667,7.54800566218116
tfnbs,"e=1.4,h=5.0,n=30,start_thres=1.25",hub,0.25,100,4,40,1730,40,35,0,1695,1.0,0.0202312138728323,0.5333333333333333,0.4666666666666667,7.54800566218116
tfnbs,"e=1.4,h=6.0,n=30,start_thres=1.25",hub,0.25,100,4,40,1730,40,35,0,1695,1.0,0.0202312138728323,0.5333333333333333,0.4666666666666667,7.54800566218116
tfnbs,"e=1.4,h=7.0,n=30,start_thres=1.25",hub,0.25,100,4,40,1730,39,25,1,1705,0.975,0.0144508670520231,0.609375,0.390625,7.54800566218116
tfnbs,"e=1.4,h=8.0,n=30,start_thres=1.25",hub,0.25,100,4,40,1730,39,25,1,1705,0.975,0.0144508670520231,0.609375,0.390625,7.54800566218116
tfnbs,"e=1.4,h=9.0,n=30,start_thres=1.25",hub,0.25,100,4,40,1730,39,25,1,1705,0.975,0.0144508670520231,0.609375,0.390625,7.54800566218116
tfnbs,"e=1.4,h=10.0,n=30,start_thres=1.25",hub,0.25,100,4,40,1730,38,16,2,1714,0.95,0.0092485549132947,0.7037037037037037,0.2962962962962963,7.54800566218116
tfnbs,"e=1.5,h=0.5,n=30,start_thres=1.25",hub,0.25,100,4,40,1730,40,35,0,1695,1.0,0.0202312138728323,0.5333333333333333,0.4666666666666667,7.54800566218116
tfnbs,"e=1.5,h=1.0,n=30,start_thres=1.25",hub,0.25,100,4,40,1730,40,35,0,1695,1.0,0.0202312138728323,0.5333333333333333,0.4666666666666667,7.54800566218116
tfnbs,"e=1.5,h=2.0,n=30,start_thres=1.25",hub,0.25,100,4,40,1730,40,35,0,1695,1.0,0.0202312138728323,0.5333333333333333,0.4666666666666667,7.54800566218116
tfnbs,"e=1.5,h=3.0,n=30,start_thres=1.25",hub,0.25,100,4,40,1730,40,35,0,1695,1.0,0.0202312138728323,0.5333333333333333,0.4666666666666667,7.54800566218116
tfnbs,"e=1.5,h=4.0,n=30,start_thres=1.25",hub,0.25,100,4,40,1730,40,35,0,1695,1.0,0.0202312138728323,0.5333333333333333,0.4666666666666667,7.54800566218116
tfnbs,"e=1.5,h=5.0,n=30,start_thres=1.25",hub,0.25,100,4,40,1730,40,35,0,1695,1.0,0.0202312138728323,0.5333333333333333,0.4666666666666667,7.54800566218116
tfnbs,"e=1.5,h=6.0,n=30,start_thres=1.25",hub,0.25,100,4,40,1730,40,35,0,1695,1.0,0.0202312138728323,0.5333333333333333,0.4666666666666667,7.54800566218116
tfnbs,"e=1.5,h=7.0,n=30,start_thres=1.25",hub,0.25,100,4,40,1730,40,35,0,1695,1.0,0.0202312138728323,0.5333333333333333,0.4666666666666667,7.54800566218116
tfnbs,"e=1.5,h=8.0,n=30,start_thres=1.25",hub,0.25,100,4,40,1730,39,25,1,1705,0.975,0.0144508670520231,0.609375,0.390625,7.54800566218116
tfnbs,"e=1.5,h=9.0,n=30,start_thres=1.25",hub,0.25,100,4,40,1730,39,25,1,1705,0.975,0.0144508670520231,0.609375,0.390625,7.54800566218116
tfnbs,"e=1.5,h=10.0,n=30,start_thres=1.25",hub,0.25,100,4,40,1730,39,25,1,1705,0.975,0.0144508670520231,0.609375,0.390625,7.54800566218116
tfnbs,"e=0.05,h=0.5,n=30,start_thres=1.25",hub,0.25,100,13,40,1730,33,0,7,1730,0.825,0.0,1.0,0.0,7.539718427441337
tfnbs,"e=0.05,h=1.0,n=30,start_thres=1.25",hub,0.25,100,13,40,1730,33,0,7,1730,0.825,0.0,1.0,0.0,7.539718427441337
tfnbs,"e=0.05,h=2.0,n=30,start_thres=1.25",hub,0.25,100,13,40,1730,33,0,7,1730,0.825,0.0,1.0,0.0,7.539718427441337
tfnbs,"e=0.05,h=3.0,n=30,start_thres=1.25",hub,0.25,100,13,40,1730,33,0,7,1730,0.825,0.0,1.0,0.0,7.539718427441337
tfnbs,"e=0.05,h=4.0,n=30,start_thres=1.25",hub,0.25,100,13,40,1730,32,0,8,1730,0.8,0.0,1.0,0.0,7.539718427441337
tfnbs,"e=0.05,h=5.0,n=30,start_thres=1.25",hub,0.25,100,13,40,1730,32,0,8,1730,0.8,0.0,1.0,0.0,7.539718427441337
tfnbs,"e=0.05,h=6.0,n=30,start_thres=1.25",hub,0.25,100,13,40,1730,32,0,8,1730,0.8,0.0,1.0,0.0,7.539718427441337
tfnbs,"e=0.05,h=7.0,n=30,start_thres=1.25",hub,0.25,100,13,40,1730,32,0,8,1730,0.8,0.0,1.0,0.0,7.539718427441337
tfnbs,"e=0.05,h=8.0,n=30,start_thres=1.25",hub,0.25,100,13,40,1730,32,0,8,1730,0.8,0.0,1.0,0.0,7.539718427441337
tfnbs,"e=0.05,h=9.0,n=30,start_thres=1.25",hub,0.25,100,13,40,1730,32,0,8,1730,0.8,0.0,1.0,0.0,7.539718427441337
tfnbs,"e=0.05,h=10.0,n=30,start_thres=1.25",hub,0.25,100,13,40,1730,32,0,8,1730,0.8,0.0,1.0,0.0,7.539718427441337
tfnbs,"e=0.1,h=0.5,n=30,start_thres=1.25",hub,0.25,100,13,40,1730,36,1,4,1729,0.9,0.0005780346820809,0.972972972972973,0.027027027027027,7.539718427441337
tfnbs,"e=0.1,h=1.0,n=30,start_thres=1.25",hub,0.25,100,13,40,1730,36,0,4,1730,0.9,0.0,1.0,0.0,7.539718427441337
tfnbs,"e=0.1,h=2.0,n=30,start_thres=1.25",hub,0.25,100,13,40,1730,36,0,4,1730,0.9,0.0,1.0,0.0,7.539718427441337
tfnbs,"e=0.1,h=3.0,n=30,start_thres=1.25",hub,0.25,100,13,40,1730,36,0,4,1730,0.9,0.0,1.0,0.0,7.539718427441337
tfnbs,"e=0.1,h=4.0,n=30,start_thres=1.25",hub,0.25,100,13,40,1730,33,0,7,1730,0.825,0.0,1.0,0.0,7.539718427441337
tfnbs,"e=0.1,h=5.0,n=30,start_thres=1.25",hub,0.25,100,13,40,1730,33,0,7,1730,0.825,0.0,1.0,0.0,7.539718427441337
tfnbs,"e=0.1,h=6.0,n=30,start_thres=1.25",hub,0.25,100,13,40,1730,33,0,7,1730,0.825,0.0,1.0,0.0,7.539718427441337
tfnbs,"e=0.1,h=7.0,n=30,start_thres=1.25",hub,0.25,100,13,40,1730,33,0,7,1730,0.825,0.0,1.0,0.0,7.539718427441337
tfnbs,"e=0.1,h=8.0,n=30,start_thres=1.25",hub,0.25,100,13,40,1730,33,0,7,1730,0.825,0.0,1.0,0.0,7.539718427441337
tfnbs,"e=0.1,h=9.0,n=30,start_thres=1.25",hub,0.25,100,13,40,1730,33,0,7,1730,0.825,0.0,1.0,0.0,7.539718427441337
tfnbs,"e=0.1,h=10.0,n=30,start_thres=1.25",hub,0.25,100,13,40,1730,32,0,8,1730,0.8,0.0,1.0,0.0,7.539718427441337
tfnbs,"e=0.2,h=0.5,n=30,start_thres=1.25",hub,0.25,100,13,40,1730,38,1,2,1729,0.95,0.0005780346820809,0.9743589743589745,0.0256410256410256,7.539718427441337
tfnbs,"e=0.2,h=1.0,n=30,start_thres=1.25",hub,0.25,100,13,40,1730,38,1,2,1729,0.95,0.0005780346820809,0.9743589743589745,0.0256410256410256,7.539718427441337
tfnbs,"e=0.2,h=2.0,n=30,start_thres=1.25",hub,0.25,100,13,40,1730,38,1,2,1729,0.95,0.0005780346820809,0.9743589743589745,0.0256410256410256,7.539718427441337
tfnbs,"e=0.2,h=3.0,n=30,start_thres=1.25",hub,0.25,100,13,40,1730,36,1,4,1729,0.9,0.0005780346820809,0.972972972972973,0.027027027027027,7.539718427441337
tfnbs,"e=0.2,h=4.0,n=30,start_thres=1.25",hub,0.25,100,13,40,1730,36,1,4,1729,0.9,0.0005780346820809,0.972972972972973,0.027027027027027,7.539718427441337
tfnbs,"e=0.2,h=5.0,n=30,start_thres=1.25",hub,0.25,100,13,40,1730,36,0,4,1730,0.9,0.0,1.0,0.0,7.539718427441337
tfnbs,"e=0.2,h=6.0,n=30,start_thres=1.25",hub,0.25,100,13,40,1730,36,0,4,1730,0.9,0.0,1.0,0.0,7.539718427441337
tfnbs,"e=0.2,h=7.0,n=30,start_thres=1.25",hub,0.25,100,13,40,1730,36,0,4,1730,0.9,0.0,1.0,0.0,7.539718427441337
tfnbs,"e=0.2,h=8.0,n=30,start_thres=1.25",hub,0.25,100,13,40,1730,36,0,4,1730,0.9,0.0,1.0,0.0,7.539718427441337
tfnbs,"e=0.2,h=9.0,n=30,start_thres=1.25",hub,0.25,100,13,40,1730,33,0,7,1730,0.825,0.0,1.0,0.0,7.539718427441337
tfnbs,"e=0.2,h=10.0,n=30,start_thres=1.25",hub,0.25,100,13,40,1730,33,0,7,1730,0.825,0.0,1.0,0.0,7.539718427441337
tfnbs,"e=0.3,h=0.5,n=30,start_thres=1.25",hub,0.25,100,13,40,1730,39,1,1,1729,0.975,0.0005780346820809,0.975,0.025,7.539718427441337
tfnbs,"e=0.3,h=1.0,n=30,start_thres=1.25",hub,0.25,100,13,40,1730,39,1,1,1729,0.975,0.0005780346820809,0.975,0.025,7.539718427441337
tfnbs,"e=0.3,h=2.0,n=30,start_thres=1.25",hub,0.25,100,13,40,1730,38,1,2,1729,0.95,0.0005780346820809,0.9743589743589745,0.0256410256410256,7.539718427441337
tfnbs,"e=0.3,h=3.0,n=30,start_thres=1.25",hub,0.25,100,13,40,1730,38,1,2,1729,0.95,0.0005780346820809,0.9743589743589745,0.0256410256410256,7.539718427441337
tfnbs,"e=0.3,h=4.0,n=30,start_thres=1.25",hub,0.25,100,13,40,1730,38,1,2,1729,0.95,0.0005780346820809,0.9743589743589745,0.0256410256410256,7.539718427441337
tfnbs,"e=0.3,h=5.0,n=30,start_thres=1.25",hub,0.25,100,13,40,1730,38,1,2,1729,0.95,0.0005780346820809,0.9743589743589745,0.0256410256410256,7.539718427441337
tfnbs,"e=0.3,h=6.0,n=30,start_thres=1.25",hub,0.25,100,13,40,1730,36,1,4,1729,0.9,0.0005780346820809,0.972972972972973,0.027027027027027,7.539718427441337
tfnbs,"e=0.3,h=7.0,n=30,start_thres=1.25",hub,0.25,100,13,40,1730,36,1,4,1729,0.9,0.0005780346820809,0.972972972972973,0.027027027027027,7.539718427441337
tfnbs,"e=0.3,h=8.0,n=30,start_thres=1.25",hub,0.25,100,13,40,1730,36,1,4,1729,0.9,0.0005780346820809,0.972972972972973,0.027027027027027,7.539718427441337
tfnbs,"e=0.3,h=9.0,n=30,start_thres=1.25",hub,0.25,100,13,40,1730,36,0,4,1730,0.9,0.0,1.0,0.0,7.539718427441337
tfnbs,"e=0.3,h=10.0,n=30,start_thres=1.25",hub,0.25,100,13,40,1730,36,0,4,1730,0.9,0.0,1.0,0.0,7.539718427441337
tfnbs,"e=0.4,h=0.5,n=30,start_thres=1.25",hub,0.25,100,13,40,1730,39,3,1,1727,0.975,0.0017341040462427,0.9285714285714286,0.0714285714285714,7.539718427441337
tfnbs,"e=0.4,h=1.0,n=30,start_thres=1.25",hub,0.25,100,13,40,1730,39,3,1,1727,0.975,0.0017341040462427,0.9285714285714286,0.0714285714285714,7.539718427441337
tfnbs,"e=0.4,h=2.0,n=30,start_thres=1.25",hub,0.25,100,13,40,1730,39,3,1,1727,0.975,0.0017341040462427,0.9285714285714286,0.0714285714285714,7.539718427441337
tfnbs,"e=0.4,h=3.0,n=30,start_thres=1.25",hub,0.25,100,13,40,1730,39,1,1,1729,0.975,0.0005780346820809,0.975,0.025,7.539718427441337
tfnbs,"e=0.4,h=4.0,n=30,start_thres=1.25",hub,0.25,100,13,40,1730,38,1,2,1729,0.95,0.0005780346820809,0.9743589743589745,0.0256410256410256,7.539718427441337
tfnbs,"e=0.4,h=5.0,n=30,start_thres=1.25",hub,0.25,100,13,40,1730,38,1,2,1729,0.95,0.0005780346820809,0.9743589743589745,0.0256410256410256,7.539718427441337
tfnbs,"e=0.4,h=6.0,n=30,start_thres=1.25",hub,0.25,100,13,40,1730,38,1,2,1729,0.95,0.0005780346820809,0.9743589743589745,0.0256410256410256,7.539718427441337
tfnbs,"e=0.4,h=7.0,n=30,start_thres=1.25",hub,0.25,100,13,40,1730,38,1,2,1729,0.95,0.0005780346820809,0.9743589743589745,0.0256410256410256,7.539718427441337
tfnbs,"e=0.4,h=8.0,n=30,start_thres=1.25",hub,0.25,100,13,40,1730,36,1,4,1729,0.9,0.0005780346820809,0.972972972972973,0.027027027027027,7.539718427441337
tfnbs,"e=0.4,h=9.0,n=30,start_thres=1.25",hub,0.25,100,13,40,1730,36,1,4,1729,0.9,0.0005780346820809,0.972972972972973,0.027027027027027,7.539718427441337
tfnbs,"e=0.4,h=10.0,n=30,start_thres=1.25",hub,0.25,100,13,40,1730,36,1,4,1729,0.9,0.0005780346820809,0.972972972972973,0.027027027027027,7.539718427441337
tfnbs,"e=0.5,h=0.5,n=30,start_thres=1.25",hub,0.25,100,13,40,1730,39,4,1,1726,0.975,0.0023121387283236,0.9069767441860463,0.0930232558139534,7.539718427441337
tfnbs,"e=0.5,h=1.0,n=30,start_thres=1.25",hub,0.25,100,13,40,1730,39,4,1,1726,0.975,0.0023121387283236,0.9069767441860463,0.0930232558139534,7.539718427441337
tfnbs,"e=0.5,h=2.0,n=30,start_thres=1.25",hub,0.25,100,13,40,1730,39,3,1,1727,0.975,0.0017341040462427,0.9285714285714286,0.0714285714285714,7.539718427441337
tfnbs,"e=0.5,h=3.0,n=30,start_thres=1.25",hub,0.25,100,13,40,1730,39,3,1,1727,0.975,0.0017341040462427,0.9285714285714286,0.0714285714285714,7.539718427441337
tfnbs,"e=0.5,h=4.0,n=30,start_thres=1.25",hub,0.25,100,13,40,1730,39,1,1,1729,0.975,0.0005780346820809,0.975,0.025,7.539718427441337
tfnbs,"e=0.5,h=5.0,n=30,start_thres=1.25",hub,0.25,100,13,40,1730,39,1,1,1729,0.975,0.0005780346820809,0.975,0.025,7.539718427441337
tfnbs,"e=0.5,h=6.0,n=30,start_thres=1.25",hub,0.25,100,13,40,1730,38,1,2,1729,0.95,0.0005780346820809,0.9743589743589745,0.0256410256410256,7.539718427441337
tfnbs,"e=0.5,h=7.0,n=30,start_thres=1.25",hub,0.25,100,13,40,1730,38,1,2,1729,0.95,0.0005780346820809,0.9743589743589745,0.0256410256410256,7.539718427441337
tfnbs,"e=0.5,h=8.0,n=30,start_thres=1.25",hub,0.25,100,13,40,1730,38,1,2,1729,0.95,0.0005780346820809,0.9743589743589745,0.0256410256410256,7.539718427441337
tfnbs,"e=0.5,h=9.0,n=30,start_thres=1.25",hub,0.25,100,13,40,1730,38,1,2,1729,0.95,0.0005780346820809,0.9743589743589745,0.0256410256410256,7.539718427441337
tfnbs,"e=0.5,h=10.0,n=30,start_thres=1.25",hub,0.25,100,13,40,1730,38,1,2,1729,0.95,0.0005780346820809,0.9743589743589745,0.0256410256410256,7.539718427441337
tfnbs,"e=0.6,h=0.5,n=30,start_thres=1.25",hub,0.25,100,13,40,1730,39,4,1,1726,0.975,0.0023121387283236,0.9069767441860463,0.0930232558139534,7.539718427441337
tfnbs,"e=0.6,h=1.0,n=30,start_thres=1.25",hub,0.25,100,13,40,1730,39,4,1,1726,0.975,0.0023121387283236,0.9069767441860463,0.0930232558139534,7.539718427441337
tfnbs,"e=0.6,h=2.0,n=30,start_thres=1.25",hub,0.25,100,13,40,1730,39,4,1,1726,0.975,0.0023121387283236,0.9069767441860463,0.0930232558139534,7.539718427441337
tfnbs,"e=0.6,h=3.0,n=30,start_thres=1.25",hub,0.25,100,13,40,1730,39,4,1,1726,0.975,0.0023121387283236,0.9069767441860463,0.0930232558139534,7.539718427441337
tfnbs,"e=0.6,h=4.0,n=30,start_thres=1.25",hub,0.25,100,13,40,1730,39,3,1,1727,0.975,0.0017341040462427,0.9285714285714286,0.0714285714285714,7.539718427441337
tfnbs,"e=0.6,h=5.0,n=30,start_thres=1.25",hub,0.25,100,13,40,1730,39,3,1,1727,0.975,0.0017341040462427,0.9285714285714286,0.0714285714285714,7.539718427441337
tfnbs,"e=0.6,h=6.0,n=30,start_thres=1.25",hub,0.25,100,13,40,1730,39,1,1,1729,0.975,0.0005780346820809,0.975,0.025,7.539718427441337
tfnbs,"e=0.6,h=7.0,n=30,start_thres=1.25",hub,0.25,100,13,40,1730,39,1,1,1729,0.975,0.0005780346820809,0.975,0.025,7.539718427441337
tfnbs,"e=0.6,h=8.0,n=30,start_thres=1.25",hub,0.25,100,13,40,1730,38,1,2,1729,0.95,0.0005780346820809,0.9743589743589745,0.0256410256410256,7.539718427441337
tfnbs,"e=0.6,h=9.0,n=30,start_thres=1.25",hub,0.25,100,13,40,1730,38,1,2,1729,0.95,0.0005780346820809,0.9743589743589745,0.0256410256410256,7.539718427441337
tfnbs,"e=0.6,h=10.0,n=30,start_thres=1.25",hub,0.25,100,13,40,1730,38,1,2,1729,0.95,0.0005780346820809,0.9743589743589745,0.0256410256410256,7.539718427441337
tfnbs,"e=0.7,h=0.5,n=30,start_thres=1.25",hub,0.25,100,13,40,1730,39,7,1,1723,0.975,0.0040462427745664,0.8478260869565217,0.1521739130434782,7.539718427441337
tfnbs,"e=0.7,h=1.0,n=30,start_thres=1.25",hub,0.25,100,13,40,1730,39,7,1,1723,0.975,0.0040462427745664,0.8478260869565217,0.1521739130434782,7.539718427441337
tfnbs,"e=0.7,h=2.0,n=30,start_thres=1.25",hub,0.25,100,13,40,1730,39,7,1,1723,0.975,0.0040462427745664,0.8478260869565217,0.1521739130434782,7.539718427441337
tfnbs,"e=0.7,h=3.0,n=30,start_thres=1.25",hub,0.25,100,13,40,1730,39,4,1,1726,0.975,0.0023121387283236,0.9069767441860463,0.0930232558139534,7.539718427441337
tfnbs,"e=0.7,h=4.0,n=30,start_thres=1.25",hub,0.25,100,13,40,1730,39,4,1,1726,0.975,0.0023121387283236,0.9069767441860463,0.0930232558139534,7.539718427441337
tfnbs,"e=0.7,h=5.0,n=30,start_thres=1.25",hub,0.25,100,13,40,1730,39,3,1,1727,0.975,0.0017341040462427,0.9285714285714286,0.0714285714285714,7.539718427441337
tfnbs,"e=0.7,h=6.0,n=30,start_thres=1.25",hub,0.25,100,13,40,1730,39,3,1,1727,0.975,0.0017341040462427,0.9285714285714286,0.0714285714285714,7.539718427441337
tfnbs,"e=0.7,h=7.0,n=30,start_thres=1.25",hub,0.25,100,13,40,1730,39,1,1,1729,0.975,0.0005780346820809,0.975,0.025,7.539718427441337
tfnbs,"e=0.7,h=8.0,n=30,start_thres=1.25",hub,0.25,100,13,40,1730,39,1,1,1729,0.975,0.0005780346820809,0.975,0.025,7.539718427441337
tfnbs,"e=0.7,h=9.0,n=30,start_thres=1.25",hub,0.25,100,13,40,1730,38,1,2,1729,0.95,0.0005780346820809,0.9743589743589745,0.0256410256410256,7.539718427441337
tfnbs,"e=0.7,h=10.0,n=30,start_thres=1.25",hub,0.25,100,13,40,1730,38,1,2,1729,0.95,0.0005780346820809,0.9743589743589745,0.0256410256410256,7.539718427441337
tfnbs,"e=0.8,h=0.5,n=30,start_thres=1.25",hub,0.25,100,13,40,1730,39,7,1,1723,0.975,0.0040462427745664,0.8478260869565217,0.1521739130434782,7.539718427441337
tfnbs,"e=0.8,h=1.0,n=30,start_thres=1.25",hub,0.25,100,13,40,1730,39,7,1,1723,0.975,0.0040462427745664,0.8478260869565217,0.1521739130434782,7.539718427441337
tfnbs,"e=0.8,h=2.0,n=30,start_thres=1.25",hub,0.25,100,13,40,1730,39,7,1,1723,0.975,0.0040462427745664,0.8478260869565217,0.1521739130434782,7.539718427441337
tfnbs,"e=0.8,h=3.0,n=30,start_thres=1.25",hub,0.25,100,13,40,1730,39,7,1,1723,0.975,0.0040462427745664,0.8478260869565217,0.1521739130434782,7.539718427441337
tfnbs,"e=0.8,h=4.0,n=30,start_thres=1.25",hub,0.25,100,13,40,1730,39,7,1,1723,0.975,0.0040462427745664,0.8478260869565217,0.1521739130434782,7.539718427441337
tfnbs,"e=0.8,h=5.0,n=30,start_thres=1.25",hub,0.25,100,13,40,1730,39,4,1,1726,0.975,0.0023121387283236,0.9069767441860463,0.0930232558139534,7.539718427441337
tfnbs,"e=0.8,h=6.0,n=30,start_thres=1.25",hub,0.25,100,13,40,1730,39,4,1,1726,0.975,0.0023121387283236,0.9069767441860463,0.0930232558139534,7.539718427441337
tfnbs,"e=0.8,h=7.0,n=30,start_thres=1.25",hub,0.25,100,13,40,1730,39,3,1,1727,0.975,0.0017341040462427,0.9285714285714286,0.0714285714285714,7.539718427441337
tfnbs,"e=0.8,h=8.0,n=30,start_thres=1.25",hub,0.25,100,13,40,1730,39,3,1,1727,0.975,0.0017341040462427,0.9285714285714286,0.0714285714285714,7.539718427441337
tfnbs,"e=0.8,h=9.0,n=30,start_thres=1.25",hub,0.25,100,13,40,1730,39,1,1,1729,0.975,0.0005780346820809,0.975,0.025,7.539718427441337
tfnbs,"e=0.8,h=10.0,n=30,start_thres=1.25",hub,0.25,100,13,40,1730,39,1,1,1729,0.975,0.0005780346820809,0.975,0.025,7.539718427441337
tfnbs,"e=0.9,h=0.5,n=30,start_thres=1.25",hub,0.25,100,13,40,1730,39,7,1,1723,0.975,0.0040462427745664,0.8478260869565217,0.1521739130434782,7.539718427441337
tfnbs,"e=0.9,h=1.0,n=30,start_thres=1.25",hub,0.25,100,13,40,1730,39,7,1,1723,0.975,0.0040462427745664,0.8478260869565217,0.1521739130434782,7.539718427441337
tfnbs,"e=0.9,h=2.0,n=30,start_thres=1.25",hub,0.25,100,13,40,1730,39,7,1,1723,0.975,0.0040462427745664,0.8478260869565217,0.1521739130434782,7.539718427441337
tfnbs,"e=0.9,h=3.0,n=30,start_thres=1.25",hub,0.25,100,13,40,1730,39,7,1,1723,0.975,0.0040462427745664,0.8478260869565217,0.1521739130434782,7.539718427441337
tfnbs,"e=0.9,h=4.0,n=30,start_thres=1.25",hub,0.25,100,13,40,1730,39,7,1,1723,0.975,0.0040462427745664,0.8478260869565217,0.1521739130434782,7.539718427441337
tfnbs,"e=0.9,h=5.0,n=30,start_thres=1.25",hub,0.25,100,13,40,1730,39,7,1,1723,0.975,0.0040462427745664,0.8478260869565217,0.1521739130434782,7.539718427441337
tfnbs,"e=0.9,h=6.0,n=30,start_thres=1.25",hub,0.25,100,13,40,1730,39,4,1,1726,0.975,0.0023121387283236,0.9069767441860463,0.0930232558139534,7.539718427441337
tfnbs,"e=0.9,h=7.0,n=30,start_thres=1.25",hub,0.25,100,13,40,1730,39,4,1,1726,0.975,0.0023121387283236,0.9069767441860463,0.0930232558139534,7.539718427441337
tfnbs,"e=0.9,h=8.0,n=30,start_thres=1.25",hub,0.25,100,13,40,1730,39,3,1,1727,0.975,0.0017341040462427,0.9285714285714286,0.0714285714285714,7.539718427441337
tfnbs,"e=0.9,h=9.0,n=30,start_thres=1.25",hub,0.25,100,13,40,1730,39,3,1,1727,0.975,0.0017341040462427,0.9285714285714286,0.0714285714285714,7.539718427441337
tfnbs,"e=0.9,h=10.0,n=30,start_thres=1.25",hub,0.25,100,13,40,1730,39,1,1,1729,0.975,0.0005780346820809,0.975,0.025,7.539718427441337
tfnbs,"e=1.0,h=0.5,n=30,start_thres=1.25",hub,0.25,100,13,40,1730,39,8,1,1722,0.975,0.0046242774566473,0.8297872340425532,0.1702127659574468,7.539718427441337
tfnbs,"e=1.0,h=1.0,n=30,start_thres=1.25",hub,0.25,100,13,40,1730,39,8,1,1722,0.975,0.0046242774566473,0.8297872340425532,0.1702127659574468,7.539718427441337
tfnbs,"e=1.0,h=2.0,n=30,start_thres=1.25",hub,0.25,100,13,40,1730,39,8,1,1722,0.975,0.0046242774566473,0.8297872340425532,0.1702127659574468,7.539718427441337
tfnbs,"e=1.0,h=3.0,n=30,start_thres=1.25",hub,0.25,100,13,40,1730,39,8,1,1722,0.975,0.0046242774566473,0.8297872340425532,0.1702127659574468,7.539718427441337
tfnbs,"e=1.0,h=4.0,n=30,start_thres=1.25",hub,0.25,100,13,40,1730,39,7,1,1723,0.975,0.0040462427745664,0.8478260869565217,0.1521739130434782,7.539718427441337
tfnbs,"e=1.0,h=5.0,n=30,start_thres=1.25",hub,0.25,100,13,40,1730,39,7,1,1723,0.975,0.0040462427745664,0.8478260869565217,0.1521739130434782,7.539718427441337
tfnbs,"e=1.0,h=6.0,n=30,start_thres=1.25",hub,0.25,100,13,40,1730,39,7,1,1723,0.975,0.0040462427745664,0.8478260869565217,0.1521739130434782,7.539718427441337
tfnbs,"e=1.0,h=7.0,n=30,start_thres=1.25",hub,0.25,100,13,40,1730,39,4,1,1726,0.975,0.0023121387283236,0.9069767441860463,0.0930232558139534,7.539718427441337
tfnbs,"e=1.0,h=8.0,n=30,start_thres=1.25",hub,0.25,100,13,40,1730,39,4,1,1726,0.975,0.0023121387283236,0.9069767441860463,0.0930232558139534,7.539718427441337
tfnbs,"e=1.0,h=9.0,n=30,start_thres=1.25",hub,0.25,100,13,40,1730,39,3,1,1727,0.975,0.0017341040462427,0.9285714285714286,0.0714285714285714,7.539718427441337
tfnbs,"e=1.0,h=10.0,n=30,start_thres=1.25",hub,0.25,100,13,40,1730,39,3,1,1727,0.975,0.0017341040462427,0.9285714285714286,0.0714285714285714,7.539718427441337
tfnbs,"e=1.1,h=0.5,n=30,start_thres=1.25",hub,0.25,100,13,40,1730,39,8,1,1722,0.975,0.0046242774566473,0.8297872340425532,0.1702127659574468,7.539718427441337
tfnbs,"e=1.1,h=1.0,n=30,start_thres=1.25",hub,0.25,100,13,40,1730,39,8,1,1722,0.975,0.0046242774566473,0.8297872340425532,0.1702127659574468,7.539718427441337
tfnbs,"e=1.1,h=2.0,n=30,start_thres=1.25",hub,0.25,100,13,40,1730,39,8,1,1722,0.975,0.0046242774566473,0.8297872340425532,0.1702127659574468,7.539718427441337
tfnbs,"e=1.1,h=3.0,n=30,start_thres=1.25",hub,0.25,100,13,40,1730,39,8,1,1722,0.975,0.0046242774566473,0.8297872340425532,0.1702127659574468,7.539718427441337
tfnbs,"e=1.1,h=4.0,n=30,start_thres=1.25",hub,0.25,100,13,40,1730,39,8,1,1722,0.975,0.0046242774566473,0.8297872340425532,0.1702127659574468,7.539718427441337
tfnbs,"e=1.1,h=5.0,n=30,start_thres=1.25",hub,0.25,100,13,40,1730,39,7,1,1723,0.975,0.0040462427745664,0.8478260869565217,0.1521739130434782,7.539718427441337
tfnbs,"e=1.1,h=6.0,n=30,start_thres=1.25",hub,0.25,100,13,40,1730,39,7,1,1723,0.975,0.0040462427745664,0.8478260869565217,0.1521739130434782,7.539718427441337
tfnbs,"e=1.1,h=7.0,n=30,start_thres=1.25",hub,0.25,100,13,40,1730,39,7,1,1723,0.975,0.0040462427745664,0.8478260869565217,0.1521739130434782,7.539718427441337
tfnbs,"e=1.1,h=8.0,n=30,start_thres=1.25",hub,0.25,100,13,40,1730,39,4,1,1726,0.975,0.0023121387283236,0.9069767441860463,0.0930232558139534,7.539718427441337
tfnbs,"e=1.1,h=9.0,n=30,start_thres=1.25",hub,0.25,100,13,40,1730,39,4,1,1726,0.975,0.0023121387283236,0.9069767441860463,0.0930232558139534,7.539718427441337
tfnbs,"e=1.1,h=10.0,n=30,start_thres=1.25",hub,0.25,100,13,40,1730,39,3,1,1727,0.975,0.0017341040462427,0.9285714285714286,0.0714285714285714,7.539718427441337
tfnbs,"e=1.2,h=0.5,n=30,start_thres=1.25",hub,0.25,100,13,40,1730,39,8,1,1722,0.975,0.0046242774566473,0.8297872340425532,0.1702127659574468,7.539718427441337
tfnbs,"e=1.2,h=1.0,n=30,start_thres=1.25",hub,0.25,100,13,40,1730,39,8,1,1722,0.975,0.0046242774566473,0.8297872340425532,0.1702127659574468,7.539718427441337
tfnbs,"e=1.2,h=2.0,n=30,start_thres=1.25",hub,0.25,100,13,40,1730,39,8,1,1722,0.975,0.0046242774566473,0.8297872340425532,0.1702127659574468,7.539718427441337
tfnbs,"e=1.2,h=3.0,n=30,start_thres=1.25",hub,0.25,100,13,40,1730,39,8,1,1722,0.975,0.0046242774566473,0.8297872340425532,0.1702127659574468,7.539718427441337
tfnbs,"e=1.2,h=4.0,n=30,start_thres=1.25",hub,0.25,100,13,40,1730,39,8,1,1722,0.975,0.0046242774566473,0.8297872340425532,0.1702127659574468,7.539718427441337
tfnbs,"e=1.2,h=5.0,n=30,start_thres=1.25",hub,0.25,100,13,40,1730,39,8,1,1722,0.975,0.0046242774566473,0.8297872340425532,0.1702127659574468,7.539718427441337
tfnbs,"e=1.2,h=6.0,n=30,start_thres=1.25",hub,0.25,100,13,40,1730,39,7,1,1723,0.975,0.0040462427745664,0.8478260869565217,0.1521739130434782,7.539718427441337
tfnbs,"e=1.2,h=7.0,n=30,start_thres=1.25",hub,0.25,100,13,40,1730,39,7,1,1723,0.975,0.0040462427745664,0.8478260869565217,0.1521739130434782,7.539718427441337
tfnbs,"e=1.2,h=8.0,n=30,start_thres=1.25",hub,0.25,100,13,40,1730,39,7,1,1723,0.975,0.0040462427745664,0.8478260869565217,0.1521739130434782,7.539718427441337
tfnbs,"e=1.2,h=9.0,n=30,start_thres=1.25",hub,0.25,100,13,40,1730,39,4,1,1726,0.975,0.0023121387283236,0.9069767441860463,0.0930232558139534,7.539718427441337
tfnbs,"e=1.2,h=10.0,n=30,start_thres=1.25",hub,0.25,100,13,40,1730,39,4,1,1726,0.975,0.0023121387283236,0.9069767441860463,0.0930232558139534,7.539718427441337
tfnbs,"e=1.3,h=0.5,n=30,start_thres=1.25",hub,0.25,100,13,40,1730,39,8,1,1722,0.975,0.0046242774566473,0.8297872340425532,0.1702127659574468,7.539718427441337
tfnbs,"e=1.3,h=1.0,n=30,start_thres=1.25",hub,0.25,100,13,40,1730,39,8,1,1722,0.975,0.0046242774566473,0.8297872340425532,0.1702127659574468,7.539718427441337
tfnbs,"e=1.3,h=2.0,n=30,start_thres=1.25",hub,0.25,100,13,40,1730,39,8,1,1722,0.975,0.0046242774566473,0.8297872340425532,0.1702127659574468,7.539718427441337
tfnbs,"e=1.3,h=3.0,n=30,start_thres=1.25",hub,0.25,100,13,40,1730,39,8,1,1722,0.975,0.0046242774566473,0.8297872340425532,0.1702127659574468,7.539718427441337
tfnbs,"e=1.3,h=4.0,n=30,start_thres=1.25",hub,0.25,100,13,40,1730,39,8,1,1722,0.975,0.0046242774566473,0.8297872340425532,0.1702127659574468,7.539718427441337
tfnbs,"e=1.3,h=5.0,n=30,start_thres=1.25",hub,0.25,100,13,40,1730,39,8,1,1722,0.975,0.0046242774566473,0.8297872340425532,0.1702127659574468,7.539718427441337
tfnbs,"e=1.3,h=6.0,n=30,start_thres=1.25",hub,0.25,100,13,40,1730,39,8,1,1722,0.975,0.0046242774566473,0.8297872340425532,0.1702127659574468,7.539718427441337
tfnbs,"e=1.3,h=7.0,n=30,start_thres=1.25",hub,0.25,100,13,40,1730,39,8,1,1722,0.975,0.0046242774566473,0.8297872340425532,0.1702127659574468,7.539718427441337
tfnbs,"e=1.3,h=8.0,n=30,start_thres=1.25",hub,0.25,100,13,40,1730,39,7,1,1723,0.975,0.0040462427745664,0.8478260869565217,0.1521739130434782,7.539718427441337
tfnbs,"e=1.3,h=9.0,n=30,start_thres=1.25",hub,0.25,100,13,40,1730,39,7,1,1723,0.975,0.0040462427745664,0.8478260869565217,0.1521739130434782,7.539718427441337
tfnbs,"e=1.3,h=10.0,n=30,start_thres=1.25",hub,0.25,100,13,40,1730,39,4,1,1726,0.975,0.0023121387283236,0.9069767441860463,0.0930232558139534,7.539718427441337
tfnbs,"e=1.4,h=0.5,n=30,start_thres=1.25",hub,0.25,100,13,40,1730,39,8,1,1722,0.975,0.0046242774566473,0.8297872340425532,0.1702127659574468,7.539718427441337
tfnbs,"e=1.4,h=1.0,n=30,start_thres=1.25",hub,0.25,100,13,40,1730,39,8,1,1722,0.975,0.0046242774566473,0.8297872340425532,0.1702127659574468,7.539718427441337
tfnbs,"e=1.4,h=2.0,n=30,start_thres=1.25",hub,0.25,100,13,40,1730,39,8,1,1722,0.975,0.0046242774566473,0.8297872340425532,0.1702127659574468,7.539718427441337
tfnbs,"e=1.4,h=3.0,n=30,start_thres=1.25",hub,0.25,100,13,40,1730,39,8,1,1722,0.975,0.0046242774566473,0.8297872340425532,0.1702127659574468,7.539718427441337
tfnbs,"e=1.4,h=4.0,n=30,start_thres=1.25",hub,0.25,100,13,40,1730,39,8,1,1722,0.975,0.0046242774566473,0.8297872340425532,0.1702127659574468,7.539718427441337
tfnbs,"e=1.4,h=5.0,n=30,start_thres=1.25",hub,0.25,100,13,40,1730,39,8,1,1722,0.975,0.0046242774566473,0.8297872340425532,0.1702127659574468,7.539718427441337
tfnbs,"e=1.4,h=6.0,n=30,start_thres=1.25",hub,0.25,100,13,40,1730,39,8,1,1722,0.975,0.0046242774566473,0.8297872340425532,0.1702127659574468,7.539718427441337
tfnbs,"e=1.4,h=7.0,n=30,start_thres=1.25",hub,0.25,100,13,40,1730,39,8,1,1722,0.975,0.0046242774566473,0.8297872340425532,0.1702127659574468,7.539718427441337
tfnbs,"e=1.4,h=8.0,n=30,start_thres=1.25",hub,0.25,100,13,40,1730,39,8,1,1722,0.975,0.0046242774566473,0.8297872340425532,0.1702127659574468,7.539718427441337
tfnbs,"e=1.4,h=9.0,n=30,start_thres=1.25",hub,0.25,100,13,40,1730,39,7,1,1723,0.975,0.0040462427745664,0.8478260869565217,0.1521739130434782,7.539718427441337
tfnbs,"e=1.4,h=10.0,n=30,start_thres=1.25",hub,0.25,100,13,40,1730,39,7,1,1723,0.975,0.0040462427745664,0.8478260869565217,0.1521739130434782,7.539718427441337
tfnbs,"e=1.5,h=0.5,n=30,start_thres=1.25",hub,0.25,100,13,40,1730,39,8,1,1722,0.975,0.0046242774566473,0.8297872340425532,0.1702127659574468,7.539718427441337
tfnbs,"e=1.5,h=1.0,n=30,start_thres=1.25",hub,0.25,100,13,40,1730,39,8,1,1722,0.975,0.0046242774566473,0.8297872340425532,0.1702127659574468,7.539718427441337
tfnbs,"e=1.5,h=2.0,n=30,start_thres=1.25",hub,0.25,100,13,40,1730,39,8,1,1722,0.975,0.0046242774566473,0.8297872340425532,0.1702127659574468,7.539718427441337
tfnbs,"e=1.5,h=3.0,n=30,start_thres=1.25",hub,0.25,100,13,40,1730,39,8,1,1722,0.975,0.0046242774566473,0.8297872340425532,0.1702127659574468,7.539718427441337
tfnbs,"e=1.5,h=4.0,n=30,start_thres=1.25",hub,0.25,100,13,40,1730,39,8,1,1722,0.975,0.0046242774566473,0.8297872340425532,0.1702127659574468,7.539718427441337
tfnbs,"e=1.5,h=5.0,n=30,start_thres=1.25",hub,0.25,100,13,40,1730,39,8,1,1722,0.975,0.0046242774566473,0.8297872340425532,0.1702127659574468,7.539718427441337
tfnbs,"e=1.5,h=6.0,n=30,start_thres=1.25",hub,0.25,100,13,40,1730,39,8,1,1722,0.975,0.0046242774566473,0.8297872340425532,0.1702127659574468,7.539718427441337
tfnbs,"e=1.5,h=7.0,n=30,start_thres=1.25",hub,0.25,100,13,40,1730,39,8,1,1722,0.975,0.0046242774566473,0.8297872340425532,0.1702127659574468,7.539718427441337
tfnbs,"e=1.5,h=8.0,n=30,start_thres=1.25",hub,0.25,100,13,40,1730,39,8,1,1722,0.975,0.0046242774566473,0.8297872340425532,0.1702127659574468,7.539718427441337
tfnbs,"e=1.5,h=9.0,n=30,start_thres=1.25",hub,0.25,100,13,40,1730,39,8,1,1722,0.975,0.0046242774566473,0.8297872340425532,0.1702127659574468,7.539718427441337
tfnbs,"e=1.5,h=10.0,n=30,start_thres=1.25",hub,0.25,100,13,40,1730,39,7,1,1723,0.975,0.0040462427745664,0.8478260869565217,0.1521739130434782,7.539718427441337
tfnbs,"e=0.05,h=0.5,n=30,start_thres=1.25",hub,0.25,100,22,40,1730,22,1,18,1729,0.55,0.0005780346820809,0.9565217391304348,0.0434782608695652,7.546584033153274
tfnbs,"e=0.05,h=1.0,n=30,start_thres=1.25",hub,0.25,100,22,40,1730,22,1,18,1729,0.55,0.0005780346820809,0.9565217391304348,0.0434782608695652,7.546584033153274
tfnbs,"e=0.05,h=2.0,n=30,start_thres=1.25",hub,0.25,100,22,40,1730,21,1,19,1729,0.525,0.0005780346820809,0.9545454545454546,0.0454545454545454,7.546584033153274
tfnbs,"e=0.05,h=3.0,n=30,start_thres=1.25",hub,0.25,100,22,40,1730,21,1,19,1729,0.525,0.0005780346820809,0.9545454545454546,0.0454545454545454,7.546584033153274
tfnbs,"e=0.05,h=4.0,n=30,start_thres=1.25",hub,0.25,100,22,40,1730,21,1,19,1729,0.525,0.0005780346820809,0.9545454545454546,0.0454545454545454,7.546584033153274
tfnbs,"e=0.05,h=5.0,n=30,start_thres=1.25",hub,0.25,100,22,40,1730,21,1,19,1729,0.525,0.0005780346820809,0.9545454545454546,0.0454545454545454,7.546584033153274
tfnbs,"e=0.05,h=6.0,n=30,start_thres=1.25",hub,0.25,100,22,40,1730,21,1,19,1729,0.525,0.0005780346820809,0.9545454545454546,0.0454545454545454,7.546584033153274
tfnbs,"e=0.05,h=7.0,n=30,start_thres=1.25",hub,0.25,100,22,40,1730,21,1,19,1729,0.525,0.0005780346820809,0.9545454545454546,0.0454545454545454,7.546584033153274
tfnbs,"e=0.05,h=8.0,n=30,start_thres=1.25",hub,0.25,100,22,40,1730,21,1,19,1729,0.525,0.0005780346820809,0.9545454545454546,0.0454545454545454,7.546584033153274
tfnbs,"e=0.05,h=9.0,n=30,start_thres=1.25",hub,0.25,100,22,40,1730,21,1,19,1729,0.525,0.0005780346820809,0.9545454545454546,0.0454545454545454,7.546584033153274
tfnbs,"e=0.05,h=10.0,n=30,start_thres=1.25",hub,0.25,100,22,40,1730,21,1,19,1729,0.525,0.0005780346820809,0.9545454545454546,0.0454545454545454,7.546584033153274
tfnbs,"e=0.1,h=0.5,n=30,start_thres=1.25",hub,0.25,100,22,40,1730,25,1,15,1729,0.625,0.0005780346820809,0.9615384615384616,0.0384615384615384,7.546584033153274
tfnbs,"e=0.1,h=1.0,n=30,start_thres=1.25",hub,0.25,100,22,40,1730,25,1,15,1729,0.625,0.0005780346820809,0.9615384615384616,0.0384615384615384,7.546584033153274
tfnbs,"e=0.1,h=2.0,n=30,start_thres=1.25",hub,0.25,100,22,40,1730,22,1,18,1729,0.55,0.0005780346820809,0.9565217391304348,0.0434782608695652,7.546584033153274
tfnbs,"e=0.1,h=3.0,n=30,start_thres=1.25",hub,0.25,100,22,40,1730,22,1,18,1729,0.55,0.0005780346820809,0.9565217391304348,0.0434782608695652,7.546584033153274
tfnbs,"e=0.1,h=4.0,n=30,start_thres=1.25",hub,0.25,100,22,40,1730,22,1,18,1729,0.55,0.0005780346820809,0.9565217391304348,0.0434782608695652,7.546584033153274
tfnbs,"e=0.1,h=5.0,n=30,start_thres=1.25",hub,0.25,100,22,40,1730,22,1,18,1729,0.55,0.0005780346820809,0.9565217391304348,0.0434782608695652,7.546584033153274
tfnbs,"e=0.1,h=6.0,n=30,start_thres=1.25",hub,0.25,100,22,40,1730,22,1,18,1729,0.55,0.0005780346820809,0.9565217391304348,0.0434782608695652,7.546584033153274
tfnbs,"e=0.1,h=7.0,n=30,start_thres=1.25",hub,0.25,100,22,40,1730,21,1,19,1729,0.525,0.0005780346820809,0.9545454545454546,0.0454545454545454,7.546584033153274
tfnbs,"e=0.1,h=8.0,n=30,start_thres=1.25",hub,0.25,100,22,40,1730,21,1,19,1729,0.525,0.0005780346820809,0.9545454545454546,0.0454545454545454,7.546584033153274
tfnbs,"e=0.1,h=9.0,n=30,start_thres=1.25",hub,0.25,100,22,40,1730,21,1,19,1729,0.525,0.0005780346820809,0.9545454545454546,0.0454545454545454,7.546584033153274
tfnbs,"e=0.1,h=10.0,n=30,start_thres=1.25",hub,0.25,100,22,40,1730,21,1,19,1729,0.525,0.0005780346820809,0.9545454545454546,0.0454545454545454,7.546584033153274
tfnbs,"e=0.2,h=0.5,n=30,start_thres=1.25",hub,0.25,100,22,40,1730,33,1,7,1729,0.825,0.0005780346820809,0.9705882352941176,0.0294117647058823,7.546584033153274
tfnbs,"e=0.2,h=1.0,n=30,start_thres=1.25",hub,0.25,100,22,40,1730,33,1,7,1729,0.825,0.0005780346820809,0.9705882352941176,0.0294117647058823,7.546584033153274
tfnbs,"e=0.2,h=2.0,n=30,start_thres=1.25",hub,0.25,100,22,40,1730,29,1,11,1729,0.725,0.0005780346820809,0.9666666666666668,0.0333333333333333,7.546584033153274
tfnbs,"e=0.2,h=3.0,n=30,start_thres=1.25",hub,0.25,100,22,40,1730,29,1,11,1729,0.725,0.0005780346820809,0.9666666666666668,0.0333333333333333,7.546584033153274
tfnbs,"e=0.2,h=4.0,n=30,start_thres=1.25",hub,0.25,100,22,40,1730,25,1,15,1729,0.625,0.0005780346820809,0.9615384615384616,0.0384615384615384,7.546584033153274
tfnbs,"e=0.2,h=5.0,n=30,start_thres=1.25",hub,0.25,100,22,40,1730,25,1,15,1729,0.625,0.0005780346820809,0.9615384615384616,0.0384615384615384,7.546584033153274
tfnbs,"e=0.2,h=6.0,n=30,start_thres=1.25",hub,0.25,100,22,40,1730,25,1,15,1729,0.625,0.0005780346820809,0.9615384615384616,0.0384615384615384,7.546584033153274
tfnbs,"e=0.2,h=7.0,n=30,start_thres=1.25",hub,0.25,100,22,40,1730,22,1,18,1729,0.55,0.0005780346820809,0.9565217391304348,0.0434782608695652,7.546584033153274
tfnbs,"e=0.2,h=8.0,n=30,start_thres=1.25",hub,0.25,100,22,40,1730,22,1,18,1729,0.55,0.0005780346820809,0.9565217391304348,0.0434782608695652,7.546584033153274
tfnbs,"e=0.2,h=9.0,n=30,start_thres=1.25",hub,0.25,100,22,40,1730,22,1,18,1729,0.55,0.0005780346820809,0.9565217391304348,0.0434782608695652,7.546584033153274
tfnbs,"e=0.2,h=10.0,n=30,start_thres=1.25",hub,0.25,100,22,40,1730,22,1,18,1729,0.55,0.0005780346820809,0.9565217391304348,0.0434782608695652,7.546584033153274
tfnbs,"e=0.3,h=0.5,n=30,start_thres=1.25",hub,0.25,100,22,40,1730,39,2,1,1728,0.975,0.0011560693641618,0.951219512195122,0.048780487804878,7.546584033153274
tfnbs,"e=0.3,h=1.0,n=30,start_thres=1.25",hub,0.25,100,22,40,1730,39,2,1,1728,0.975,0.0011560693641618,0.951219512195122,0.048780487804878,7.546584033153274
tfnbs,"e=0.3,h=2.0,n=30,start_thres=1.25",hub,0.25,100,22,40,1730,36,1,4,1729,0.9,0.0005780346820809,0.972972972972973,0.027027027027027,7.546584033153274
tfnbs,"e=0.3,h=3.0,n=30,start_thres=1.25",hub,0.25,100,22,40,1730,33,1,7,1729,0.825,0.0005780346820809,0.9705882352941176,0.0294117647058823,7.546584033153274
tfnbs,"e=0.3,h=4.0,n=30,start_thres=1.25",hub,0.25,100,22,40,1730,33,1,7,1729,0.825,0.0005780346820809,0.9705882352941176,0.0294117647058823,7.546584033153274
tfnbs,"e=0.3,h=5.0,n=30,start_thres=1.25",hub,0.25,100,22,40,1730,29,1,11,1729,0.725,0.0005780346820809,0.9666666666666668,0.0333333333333333,7.546584033153274
tfnbs,"e=0.3,h=6.0,n=30,start_thres=1.25",hub,0.25,100,22,40,1730,29,1,11,1729,0.725,0.0005780346820809,0.9666666666666668,0.0333333333333333,7.546584033153274
tfnbs,"e=0.3,h=7.0,n=30,start_thres=1.25",hub,0.25,100,22,40,1730,25,1,15,1729,0.625,0.0005780346820809,0.9615384615384616,0.0384615384615384,7.546584033153274
tfnbs,"e=0.3,h=8.0,n=30,start_thres=1.25",hub,0.25,100,22,40,1730,25,1,15,1729,0.625,0.0005780346820809,0.9615384615384616,0.0384615384615384,7.546584033153274
tfnbs,"e=0.3,h=9.0,n=30,start_thres=1.25",hub,0.25,100,22,40,1730,25,1,15,1729,0.625,0.0005780346820809,0.9615384615384616,0.0384615384615384,7.546584033153274
tfnbs,"e=0.3,h=10.0,n=30,start_thres=1.25",hub,0.25,100,22,40,1730,25,1,15,1729,0.625,0.0005780346820809,0.9615384615384616,0.0384615384615384,7.546584033153274
tfnbs,"e=0.4,h=0.5,n=30,start_thres=1.25",hub,0.25,100,22,40,1730,39,2,1,1728,0.975,0.0011560693641618,0.951219512195122,0.048780487804878,7.546584033153274
tfnbs,"e=0.4,h=1.0,n=30,start_thres=1.25",hub,0.25,100,22,40,1730,39,2,1,1728,0.975,0.0011560693641618,0.951219512195122,0.048780487804878,7.546584033153274
tfnbs,"e=0.4,h=2.0,n=30,start_thres=1.25",hub,0.25,100,22,40,1730,39,2,1,1728,0.975,0.0011560693641618,0.951219512195122,0.048780487804878,7.546584033153274
tfnbs,"e=0.4,h=3.0,n=30,start_thres=1.25",hub,0.25,100,22,40,1730,39,2,1,1728,0.975,0.0011560693641618,0.951219512195122,0.048780487804878,7.546584033153274
tfnbs,"e=0.4,h=4.0,n=30,start_thres=1.25",hub,0.25,100,22,40,1730,36,1,4,1729,0.9,0.0005780346820809,0.972972972972973,0.027027027027027,7.546584033153274
tfnbs,"e=0.4,h=5.0,n=30,start_thres=1.25",hub,0.25,100,22,40,1730,33,1,7,1729,0.825,0.0005780346820809,0.9705882352941176,0.0294117647058823,7.546584033153274
tfnbs,"e=0.4,h=6.0,n=30,start_thres=1.25",hub,0.25,100,22,40,1730,33,1,7,1729,0.825,0.0005780346820809,0.9705882352941176,0.0294117647058823,7.546584033153274
tfnbs,"e=0.4,h=7.0,n=30,start_thres=1.25",hub,0.25,100,22,40,1730,29,1,11,1729,0.725,0.0005780346820809,0.9666666666666668,0.0333333333333333,7.546584033153274
tfnbs,"e=0.4,h=8.0,n=30,start_thres=1.25",hub,0.25,100,22,40,1730,29,1,11,1729,0.725,0.0005780346820809,0.9666666666666668,0.0333333333333333,7.546584033153274
tfnbs,"e=0.4,h=9.0,n=30,start_thres=1.25",hub,0.25,100,22,40,1730,29,1,11,1729,0.725,0.0005780346820809,0.9666666666666668,0.0333333333333333,7.546584033153274
tfnbs,"e=0.4,h=10.0,n=30,start_thres=1.25",hub,0.25,100,22,40,1730,25,1,15,1729,0.625,0.0005780346820809,0.9615384615384616,0.0384615384615384,7.546584033153274
tfnbs,"e=0.5,h=0.5,n=30,start_thres=1.25",hub,0.25,100,22,40,1730,39,6,1,1724,0.975,0.0034682080924855,0.8666666666666667,0.1333333333333333,7.546584033153274
tfnbs,"e=0.5,h=1.0,n=30,start_thres=1.25",hub,0.25,100,22,40,1730,39,6,1,1724,0.975,0.0034682080924855,0.8666666666666667,0.1333333333333333,7.546584033153274
tfnbs,"e=0.5,h=2.0,n=30,start_thres=1.25",hub,0.25,100,22,40,1730,39,2,1,1728,0.975,0.0011560693641618,0.951219512195122,0.048780487804878,7.546584033153274
tfnbs,"e=0.5,h=3.0,n=30,start_thres=1.25",hub,0.25,100,22,40,1730,39,2,1,1728,0.975,0.0011560693641618,0.951219512195122,0.048780487804878,7.546584033153274
tfnbs,"e=0.5,h=4.0,n=30,start_thres=1.25",hub,0.25,100,22,40,1730,39,2,1,1728,0.975,0.0011560693641618,0.951219512195122,0.048780487804878,7.546584033153274
tfnbs,"e=0.5,h=5.0,n=30,start_thres=1.25",hub,0.25,100,22,40,1730,36,1,4,1729,0.9,0.0005780346820809,0.972972972972973,0.027027027027027,7.546584033153274
tfnbs,"e=0.5,h=6.0,n=30,start_thres=1.25",hub,0.25,100,22,40,1730,36,1,4,1729,0.9,0.0005780346820809,0.972972972972973,0.027027027027027,7.546584033153274
tfnbs,"e=0.5,h=7.0,n=30,start_thres=1.25",hub,0.25,100,22,40,1730,33,1,7,1729,0.825,0.0005780346820809,0.9705882352941176,0.0294117647058823,7.546584033153274
tfnbs,"e=0.5,h=8.0,n=30,start_thres=1.25",hub,0.25,100,22,40,1730,33,1,7,1729,0.825,0.0005780346820809,0.9705882352941176,0.0294117647058823,7.546584033153274
tfnbs,"e=0.5,h=9.0,n=30,start_thres=1.25",hub,0.25,100,22,40,1730,29,1,11,1729,0.725,0.0005780346820809,0.9666666666666668,0.0333333333333333,7.546584033153274
tfnbs,"e=0.5,h=10.0,n=30,start_thres=1.25",hub,0.25,100,22,40,1730,29,1,11,1729,0.725,0.0005780346820809,0.9666666666666668,0.0333333333333333,7.546584033153274
tfnbs,"e=0.6,h=0.5,n=30,start_thres=1.25",hub,0.25,100,22,40,1730,39,6,1,1724,0.975,0.0034682080924855,0.8666666666666667,0.1333333333333333,7.546584033153274
tfnbs,"e=0.6,h=1.0,n=30,start_thres=1.25",hub,0.25,100,22,40,1730,39,6,1,1724,0.975,0.0034682080924855,0.8666666666666667,0.1333333333333333,7.546584033153274
tfnbs,"e=0.6,h=2.0,n=30,start_thres=1.25",hub,0.25,100,22,40,1730,39,6,1,1724,0.975,0.0034682080924855,0.8666666666666667,0.1333333333333333,7.546584033153274
tfnbs,"e=0.6,h=3.0,n=30,start_thres=1.25",hub,0.25,100,22,40,1730,39,2,1,1728,0.975,0.0011560693641618,0.951219512195122,0.048780487804878,7.546584033153274
tfnbs,"e=0.6,h=4.0,n=30,start_thres=1.25",hub,0.25,100,22,40,1730,39,2,1,1728,0.975,0.0011560693641618,0.951219512195122,0.048780487804878,7.546584033153274
tfnbs,"e=0.6,h=5.0,n=30,start_thres=1.25",hub,0.25,100,22,40,1730,39,2,1,1728,0.975,0.0011560693641618,0.951219512195122,0.048780487804878,7.546584033153274
tfnbs,"e=0.6,h=6.0,n=30,start_thres=1.25",hub,0.25,100,22,40,1730,39,2,1,1728,0.975,0.0011560693641618,0.951219512195122,0.048780487804878,7.546584033153274
tfnbs,"e=0.6,h=7.0,n=30,start_thres=1.25",hub,0.25,100,22,40,1730,36,1,4,1729,0.9,0.0005780346820809,0.972972972972973,0.027027027027027,7.546584033153274
tfnbs,"e=0.6,h=8.0,n=30,start_thres=1.25",hub,0.25,100,22,40,1730,36,1,4,1729,0.9,0.0005780346820809,0.972972972972973,0.027027027027027,7.546584033153274
tfnbs,"e=0.6,h=9.0,n=30,start_thres=1.25",hub,0.25,100,22,40,1730,33,1,7,1729,0.825,0.0005780346820809,0.9705882352941176,0.0294117647058823,7.546584033153274
tfnbs,"e=0.6,h=10.0,n=30,start_thres=1.25",hub,0.25,100,22,40,1730,33,1,7,1729,0.825,0.0005780346820809,0.9705882352941176,0.0294117647058823,7.546584033153274
tfnbs,"e=0.7,h=0.5,n=30,start_thres=1.25",hub,0.25,100,22,40,1730,40,10,0,1720,1.0,0.0057803468208092,0.8,0.2,7.546584033153274
tfnbs,"e=0.7,h=1.0,n=30,start_thres=1.25",hub,0.25,100,22,40,1730,40,10,0,1720,1.0,0.0057803468208092,0.8,0.2,7.546584033153274
tfnbs,"e=0.7,h=2.0,n=30,start_thres=1.25",hub,0.25,100,22,40,1730,40,10,0,1720,1.0,0.0057803468208092,0.8,0.2,7.546584033153274
tfnbs,"e=0.7,h=3.0,n=30,start_thres=1.25",hub,0.25,100,22,40,1730,39,6,1,1724,0.975,0.0034682080924855,0.8666666666666667,0.1333333333333333,7.546584033153274
tfnbs,"e=0.7,h=4.0,n=30,start_thres=1.25",hub,0.25,100,22,40,1730,39,6,1,1724,0.975,0.0034682080924855,0.8666666666666667,0.1333333333333333,7.546584033153274
tfnbs,"e=0.7,h=5.0,n=30,start_thres=1.25",hub,0.25,100,22,40,1730,39,2,1,1728,0.975,0.0011560693641618,0.951219512195122,0.048780487804878,7.546584033153274
tfnbs,"e=0.7,h=6.0,n=30,start_thres=1.25",hub,0.25,100,22,40,1730,39,2,1,1728,0.975,0.0011560693641618,0.951219512195122,0.048780487804878,7.546584033153274
tfnbs,"e=0.7,h=7.0,n=30,start_thres=1.25",hub,0.25,100,22,40,1730,39,2,1,1728,0.975,0.0011560693641618,0.951219512195122,0.048780487804878,7.546584033153274
tfnbs,"e=0.7,h=8.0,n=30,start_thres=1.25",hub,0.25,100,22,40,1730,39,2,1,1728,0.975,0.0011560693641618,0.951219512195122,0.048780487804878,7.546584033153274
tfnbs,"e=0.7,h=9.0,n=30,start_thres=1.25",hub,0.25,100,22,40,1730,36,1,4,1729,0.9,0.0005780346820809,0.972972972972973,0.027027027027027,7.546584033153274
tfnbs,"e=0.7,h=10.0,n=30,start_thres=1.25",hub,0.25,100,22,40,1730,36,1,4,1729,0.9,0.0005780346820809,0.972972972972973,0.027027027027027,7.546584033153274
tfnbs,"e=0.8,h=0.5,n=30,start_thres=1.25",hub,0.25,100,22,40,1730,40,10,0,1720,1.0,0.0057803468208092,0.8,0.2,7.546584033153274
tfnbs,"e=0.8,h=1.0,n=30,start_thres=1.25",hub,0.25,100,22,40,1730,40,10,0,1720,1.0,0.0057803468208092,0.8,0.2,7.546584033153274
tfnbs,"e=0.8,h=2.0,n=30,start_thres=1.25",hub,0.25,100,22,40,1730,40,10,0,1720,1.0,0.0057803468208092,0.8,0.2,7.546584033153274
tfnbs,"e=0.8,h=3.0,n=30,start_thres=1.25",hub,0.25,100,22,40,1730,40,10,0,1720,1.0,0.0057803468208092,0.8,0.2,7.546584033153274
tfnbs,"e=0.8,h=4.0,n=30,start_thres=1.25",hub,0.25,100,22,40,1730,39,6,1,1724,0.975,0.0034682080924855,0.8666666666666667,0.1333333333333333,7.546584033153274
tfnbs,"e=0.8,h=5.0,n=30,start_thres=1.25",hub,0.25,100,22,40,1730,39,6,1,1724,0.975,0.0034682080924855,0.8666666666666667,0.1333333333333333,7.546584033153274
tfnbs,"e=0.8,h=6.0,n=30,start_thres=1.25",hub,0.25,100,22,40,1730,39,2,1,1728,0.975,0.0011560693641618,0.951219512195122,0.048780487804878,7.546584033153274
tfnbs,"e=0.8,h=7.0,n=30,start_thres=1.25",hub,0.25,100,22,40,1730,39,2,1,1728,0.975,0.0011560693641618,0.951219512195122,0.048780487804878,7.546584033153274
tfnbs,"e=0.8,h=8.0,n=30,start_thres=1.25",hub,0.25,100,22,40,1730,39,2,1,1728,0.975,0.0011560693641618,0.951219512195122,0.048780487804878,7.546584033153274
tfnbs,"e=0.8,h=9.0,n=30,start_thres=1.25",hub,0.25,100,22,40,1730,39,2,1,1728,0.975,0.0011560693641618,0.951219512195122,0.048780487804878,7.546584033153274
tfnbs,"e=0.8,h=10.0,n=30,start_thres=1.25",hub,0.25,100,22,40,1730,36,1,4,1729,0.9,0.0005780346820809,0.972972972972973,0.027027027027027,7.546584033153274
tfnbs,"e=0.9,h=0.5,n=30,start_thres=1.25",hub,0.25,100,22,40,1730,40,10,0,1720,1.0,0.0057803468208092,0.8,0.2,7.546584033153274
tfnbs,"e=0.9,h=1.0,n=30,start_thres=1.25",hub,0.25,100,22,40,1730,40,10,0,1720,1.0,0.0057803468208092,0.8,0.2,7.546584033153274
tfnbs,"e=0.9,h=2.0,n=30,start_thres=1.25",hub,0.25,100,22,40,1730,40,10,0,1720,1.0,0.0057803468208092,0.8,0.2,7.546584033153274
tfnbs,"e=0.9,h=3.0,n=30,start_thres=1.25",hub,0.25,100,22,40,1730,40,10,0,1720,1.0,0.0057803468208092,0.8,0.2,7.546584033153274
tfnbs,"e=0.9,h=4.0,n=30,start_thres=1.25",hub,0.25,100,22,40,1730,40,10,0,1720,1.0,0.0057803468208092,0.8,0.2,7.546584033153274
tfnbs,"e=0.9,h=5.0,n=30,start_thres=1.25",hub,0.25,100,22,40,1730,39,6,1,1724,0.975,0.0034682080924855,0.8666666666666667,0.1333333333333333,7.546584033153274
tfnbs,"e=0.9,h=6.0,n=30,start_thres=1.25",hub,0.25,100,22,40,1730,39,6,1,1724,0.975,0.0034682080924855,0.8666666666666667,0.1333333333333333,7.546584033153274
tfnbs,"e=0.9,h=7.0,n=30,start_thres=1.25",hub,0.25,100,22,40,1730,39,2,1,1728,0.975,0.0011560693641618,0.951219512195122,0.048780487804878,7.546584033153274
tfnbs,"e=0.9,h=8.0,n=30,start_thres=1.25",hub,0.25,100,22,40,1730,39,2,1,1728,0.975,0.0011560693641618,0.951219512195122,0.048780487804878,7.546584033153274
tfnbs,"e=0.9,h=9.0,n=30,start_thres=1.25",hub,0.25,100,22,40,1730,39,2,1,1728,0.975,0.0011560693641618,0.951219512195122,0.048780487804878,7.546584033153274
tfnbs,"e=0.9,h=10.0,n=30,start_thres=1.25",hub,0.25,100,22,40,1730,39,2,1,1728,0.975,0.0011560693641618,0.951219512195122,0.048780487804878,7.546584033153274
tfnbs,"e=1.0,h=0.5,n=30,start_thres=1.25",hub,0.25,100,22,40,1730,40,12,0,1718,1.0,0.006936416184971,0.7692307692307693,0.2307692307692307,7.546584033153274
tfnbs,"e=1.0,h=1.0,n=30,start_thres=1.25",hub,0.25,100,22,40,1730,40,12,0,1718,1.0,0.006936416184971,0.7692307692307693,0.2307692307692307,7.546584033153274
tfnbs,"e=1.0,h=2.0,n=30,start_thres=1.25",hub,0.25,100,22,40,1730,40,12,0,1718,1.0,0.006936416184971,0.7692307692307693,0.2307692307692307,7.546584033153274
tfnbs,"e=1.0,h=3.0,n=30,start_thres=1.25",hub,0.25,100,22,40,1730,40,10,0,1720,1.0,0.0057803468208092,0.8,0.2,7.546584033153274
tfnbs,"e=1.0,h=4.0,n=30,start_thres=1.25",hub,0.25,100,22,40,1730,40,10,0,1720,1.0,0.0057803468208092,0.8,0.2,7.546584033153274
tfnbs,"e=1.0,h=5.0,n=30,start_thres=1.25",hub,0.25,100,22,40,1730,40,10,0,1720,1.0,0.0057803468208092,0.8,0.2,7.546584033153274
tfnbs,"e=1.0,h=6.0,n=30,start_thres=1.25",hub,0.25,100,22,40,1730,40,10,0,1720,1.0,0.0057803468208092,0.8,0.2,7.546584033153274
tfnbs,"e=1.0,h=7.0,n=30,start_thres=1.25",hub,0.25,100,22,40,1730,39,6,1,1724,0.975,0.0034682080924855,0.8666666666666667,0.1333333333333333,7.546584033153274
tfnbs,"e=1.0,h=8.0,n=30,start_thres=1.25",hub,0.25,100,22,40,1730,39,6,1,1724,0.975,0.0034682080924855,0.8666666666666667,0.1333333333333333,7.546584033153274
tfnbs,"e=1.0,h=9.0,n=30,start_thres=1.25",hub,0.25,100,22,40,1730,39,2,1,1728,0.975,0.0011560693641618,0.951219512195122,0.048780487804878,7.546584033153274
tfnbs,"e=1.0,h=10.0,n=30,start_thres=1.25",hub,0.25,100,22,40,1730,39,2,1,1728,0.975,0.0011560693641618,0.951219512195122,0.048780487804878,7.546584033153274
tfnbs,"e=1.1,h=0.5,n=30,start_thres=1.25",hub,0.25,100,22,40,1730,40,12,0,1718,1.0,0.006936416184971,0.7692307692307693,0.2307692307692307,7.546584033153274
tfnbs,"e=1.1,h=1.0,n=30,start_thres=1.25",hub,0.25,100,22,40,1730,40,12,0,1718,1.0,0.006936416184971,0.7692307692307693,0.2307692307692307,7.546584033153274
tfnbs,"e=1.1,h=2.0,n=30,start_thres=1.25",hub,0.25,100,22,40,1730,40,12,0,1718,1.0,0.006936416184971,0.7692307692307693,0.2307692307692307,7.546584033153274
tfnbs,"e=1.1,h=3.0,n=30,start_thres=1.25",hub,0.25,100,22,40,1730,40,12,0,1718,1.0,0.006936416184971,0.7692307692307693,0.2307692307692307,7.546584033153274
tfnbs,"e=1.1,h=4.0,n=30,start_thres=1.25",hub,0.25,100,22,40,1730,40,12,0,1718,1.0,0.006936416184971,0.7692307692307693,0.2307692307692307,7.546584033153274
tfnbs,"e=1.1,h=5.0,n=30,start_thres=1.25",hub,0.25,100,22,40,1730,40,10,0,1720,1.0,0.0057803468208092,0.8,0.2,7.546584033153274
tfnbs,"e=1.1,h=6.0,n=30,start_thres=1.25",hub,0.25,100,22,40,1730,40,10,0,1720,1.0,0.0057803468208092,0.8,0.2,7.546584033153274
tfnbs,"e=1.1,h=7.0,n=30,start_thres=1.25",hub,0.25,100,22,40,1730,40,10,0,1720,1.0,0.0057803468208092,0.8,0.2,7.546584033153274
tfnbs,"e=1.1,h=8.0,n=30,start_thres=1.25",hub,0.25,100,22,40,1730,39,6,1,1724,0.975,0.0034682080924855,0.8666666666666667,0.1333333333333333,7.546584033153274
tfnbs,"e=1.1,h=9.0,n=30,start_thres=1.25",hub,0.25,100,22,40,1730,39,6,1,1724,0.975,0.0034682080924855,0.8666666666666667,0.1333333333333333,7.546584033153274
tfnbs,"e=1.1,h=10.0,n=30,start_thres=1.25",hub,0.25,100,22,40,1730,39,2,1,1728,0.975,0.0011560693641618,0.951219512195122,0.048780487804878,7.546584033153274
tfnbs,"e=1.2,h=0.5,n=30,start_thres=1.25",hub,0.25,100,22,40,1730,40,12,0,1718,1.0,0.006936416184971,0.7692307692307693,0.2307692307692307,7.546584033153274
tfnbs,"e=1.2,h=1.0,n=30,start_thres=1.25",hub,0.25,100,22,40,1730,40,12,0,1718,1.0,0.006936416184971,0.7692307692307693,0.2307692307692307,7.546584033153274
tfnbs,"e=1.2,h=2.0,n=30,start_thres=1.25",hub,0.25,100,22,40,1730,40,12,0,1718,1.0,0.006936416184971,0.7692307692307693,0.2307692307692307,7.546584033153274
tfnbs,"e=1.2,h=3.0,n=30,start_thres=1.25",hub,0.25,100,22,40,1730,40,12,0,1718,1.0,0.006936416184971,0.7692307692307693,0.2307692307692307,7.546584033153274
tfnbs,"e=1.2,h=4.0,n=30,start_thres=1.25",hub,0.25,100,22,40,1730,40,12,0,1718,1.0,0.006936416184971,0.7692307692307693,0.2307692307692307,7.546584033153274
tfnbs,"e=1.2,h=5.0,n=30,start_thres=1.25",hub,0.25,100,22,40,1730,40,12,0,1718,1.0,0.006936416184971,0.7692307692307693,0.2307692307692307,7.546584033153274
tfnbs,"e=1.2,h=6.0,n=30,start_thres=1.25",hub,0.25,100,22,40,1730,40,10,0,1720,1.0,0.0057803468208092,0.8,0.2,7.546584033153274
tfnbs,"e=1.2,h=7.0,n=30,start_thres=1.25",hub,0.25,100,22,40,1730,40,10,0,1720,1.0,0.0057803468208092,0.8,0.2,7.546584033153274
tfnbs,"e=1.2,h=8.0,n=30,start_thres=1.25",hub,0.25,100,22,40,1730,40,10,0,1720,1.0,0.0057803468208092,0.8,0.2,7.546584033153274
tfnbs,"e=1.2,h=9.0,n=30,start_thres=1.25",hub,0.25,100,22,40,1730,39,6,1,1724,0.975,0.0034682080924855,0.8666666666666667,0.1333333333333333,7.546584033153274
tfnbs,"e=1.2,h=10.0,n=30,start_thres=1.25",hub,0.25,100,22,40,1730,39,6,1,1724,0.975,0.0034682080924855,0.8666666666666667,0.1333333333333333,7.546584033153274
tfnbs,"e=1.3,h=0.5,n=30,start_thres=1.25",hub,0.25,100,22,40,1730,40,12,0,1718,1.0,0.006936416184971,0.7692307692307693,0.2307692307692307,7.546584033153274
tfnbs,"e=1.3,h=1.0,n=30,start_thres=1.25",hub,0.25,100,22,40,1730,40,12,0,1718,1.0,0.006936416184971,0.7692307692307693,0.2307692307692307,7.546584033153274
tfnbs,"e=1.3,h=2.0,n=30,start_thres=1.25",hub,0.25,100,22,40,1730,40,12,0,1718,1.0,0.006936416184971,0.7692307692307693,0.2307692307692307,7.546584033153274
tfnbs,"e=1.3,h=3.0,n=30,start_thres=1.25",hub,0.25,100,22,40,1730,40,12,0,1718,1.0,0.006936416184971,0.7692307692307693,0.2307692307692307,7.546584033153274
tfnbs,"e=1.3,h=4.0,n=30,start_thres=1.25",hub,0.25,100,22,40,1730,40,12,0,1718,1.0,0.006936416184971,0.7692307692307693,0.2307692307692307,7.546584033153274
tfnbs,"e=1.3,h=5.0,n=30,start_thres=1.25",hub,0.25,100,22,40,1730,40,12,0,1718,1.0,0.006936416184971,0.7692307692307693,0.2307692307692307,7.546584033153274
tfnbs,"e=1.3,h=6.0,n=30,start_thres=1.25",hub,0.25,100,22,40,1730,40,12,0,1718,1.0,0.006936416184971,0.7692307692307693,0.2307692307692307,7.546584033153274
tfnbs,"e=1.3,h=7.0,n=30,start_thres=1.25",hub,0.25,100,22,40,1730,40,10,0,1720,1.0,0.0057803468208092,0.8,0.2,7.546584033153274
tfnbs,"e=1.3,h=8.0,n=30,start_thres=1.25",hub,0.25,100,22,40,1730,40,10,0,1720,1.0,0.0057803468208092,0.8,0.2,7.546584033153274
tfnbs,"e=1.3,h=9.0,n=30,start_thres=1.25",hub,0.25,100,22,40,1730,40,10,0,1720,1.0,0.0057803468208092,0.8,0.2,7.546584033153274
tfnbs,"e=1.3,h=10.0,n=30,start_thres=1.25",hub,0.25,100,22,40,1730,39,6,1,1724,0.975,0.0034682080924855,0.8666666666666667,0.1333333333333333,7.546584033153274
tfnbs,"e=1.4,h=0.5,n=30,start_thres=1.25",hub,0.25,100,22,40,1730,40,12,0,1718,1.0,0.006936416184971,0.7692307692307693,0.2307692307692307,7.546584033153274
tfnbs,"e=1.4,h=1.0,n=30,start_thres=1.25",hub,0.25,100,22,40,1730,40,12,0,1718,1.0,0.006936416184971,0.7692307692307693,0.2307692307692307,7.546584033153274
tfnbs,"e=1.4,h=2.0,n=30,start_thres=1.25",hub,0.25,100,22,40,1730,40,12,0,1718,1.0,0.006936416184971,0.7692307692307693,0.2307692307692307,7.546584033153274
tfnbs,"e=1.4,h=3.0,n=30,start_thres=1.25",hub,0.25,100,22,40,1730,40,12,0,1718,1.0,0.006936416184971,0.7692307692307693,0.2307692307692307,7.546584033153274
tfnbs,"e=1.4,h=4.0,n=30,start_thres=1.25",hub,0.25,100,22,40,1730,40,12,0,1718,1.0,0.006936416184971,0.7692307692307693,0.2307692307692307,7.546584033153274
tfnbs,"e=1.4,h=5.0,n=30,start_thres=1.25",hub,0.25,100,22,40,1730,40,12,0,1718,1.0,0.006936416184971,0.7692307692307693,0.2307692307692307,7.546584033153274
tfnbs,"e=1.4,h=6.0,n=30,start_thres=1.25",hub,0.25,100,22,40,1730,40,12,0,1718,1.0,0.006936416184971,0.7692307692307693,0.2307692307692307,7.546584033153274
tfnbs,"e=1.4,h=7.0,n=30,start_thres=1.25",hub,0.25,100,22,40,1730,40,12,0,1718,1.0,0.006936416184971,0.7692307692307693,0.2307692307692307,7.546584033153274
tfnbs,"e=1.4,h=8.0,n=30,start_thres=1.25",hub,0.25,100,22,40,1730,40,10,0,1720,1.0,0.0057803468208092,0.8,0.2,7.546584033153274
tfnbs,"e=1.4,h=9.0,n=30,start_thres=1.25",hub,0.25,100,22,40,1730,40,10,0,1720,1.0,0.0057803468208092,0.8,0.2,7.546584033153274
tfnbs,"e=1.4,h=10.0,n=30,start_thres=1.25",hub,0.25,100,22,40,1730,40,10,0,1720,1.0,0.0057803468208092,0.8,0.2,7.546584033153274
tfnbs,"e=1.5,h=0.5,n=30,start_thres=1.25",hub,0.25,100,22,40,1730,40,12,0,1718,1.0,0.006936416184971,0.7692307692307693,0.2307692307692307,7.546584033153274
tfnbs,"e=1.5,h=1.0,n=30,start_thres=1.25",hub,0.25,100,22,40,1730,40,12,0,1718,1.0,0.006936416184971,0.7692307692307693,0.2307692307692307,7.546584033153274
tfnbs,"e=1.5,h=2.0,n=30,start_thres=1.25",hub,0.25,100,22,40,1730,40,12,0,1718,1.0,0.006936416184971,0.7692307692307693,0.2307692307692307,7.546584033153274
tfnbs,"e=1.5,h=3.0,n=30,start_thres=1.25",hub,0.25,100,22,40,1730,40,12,0,1718,1.0,0.006936416184971,0.7692307692307693,0.2307692307692307,7.546584033153274
tfnbs,"e=1.5,h=4.0,n=30,start_thres=1.25",hub,0.25,100,22,40,1730,40,12,0,1718,1.0,0.006936416184971,0.7692307692307693,0.2307692307692307,7.546584033153274
tfnbs,"e=1.5,h=5.0,n=30,start_thres=1.25",hub,0.25,100,22,40,1730,40,12,0,1718,1.0,0.006936416184971,0.7692307692307693,0.2307692307692307,7.546584033153274
tfnbs,"e=1.5,h=6.0,n=30,start_thres=1.25",hub,0.25,100,22,40,1730,40,12,0,1718,1.0,0.006936416184971,0.7692307692307693,0.2307692307692307,7.546584033153274
tfnbs,"e=1.5,h=7.0,n=30,start_thres=1.25",hub,0.25,100,22,40,1730,40,12,0,1718,1.0,0.006936416184971,0.7692307692307693,0.2307692307692307,7.546584033153274
tfnbs,"e=1.5,h=8.0,n=30,start_thres=1.25",hub,0.25,100,22,40,1730,40,12,0,1718,1.0,0.006936416184971,0.7692307692307693,0.2307692307692307,7.546584033153274
tfnbs,"e=1.5,h=9.0,n=30,start_thres=1.25",hub,0.25,100,22,40,1730,40,10,0,1720,1.0,0.0057803468208092,0.8,0.2,7.546584033153274
tfnbs,"e=1.5,h=10.0,n=30,start_thres=1.25",hub,0.25,100,22,40,1730,40,10,0,1720,1.0,0.0057803468208092,0.8,0.2,7.546584033153274
tfnbs,"e=0.05,h=0.5,n=30,start_thres=1.25",hub,0.25,100,26,40,1730,34,0,6,1730,0.85,0.0,1.0,0.0,7.555907452648336
tfnbs,"e=0.05,h=1.0,n=30,start_thres=1.25",hub,0.25,100,26,40,1730,34,0,6,1730,0.85,0.0,1.0,0.0,7.555907452648336
tfnbs,"e=0.05,h=2.0,n=30,start_thres=1.25",hub,0.25,100,26,40,1730,34,0,6,1730,0.85,0.0,1.0,0.0,7.555907452648336
tfnbs,"e=0.05,h=3.0,n=30,start_thres=1.25",hub,0.25,100,26,40,1730,34,0,6,1730,0.85,0.0,1.0,0.0,7.555907452648336
tfnbs,"e=0.05,h=4.0,n=30,start_thres=1.25",hub,0.25,100,26,40,1730,33,0,7,1730,0.825,0.0,1.0,0.0,7.555907452648336
tfnbs,"e=0.05,h=5.0,n=30,start_thres=1.25",hub,0.25,100,26,40,1730,33,0,7,1730,0.825,0.0,1.0,0.0,7.555907452648336
tfnbs,"e=0.05,h=6.0,n=30,start_thres=1.25",hub,0.25,100,26,40,1730,33,0,7,1730,0.825,0.0,1.0,0.0,7.555907452648336
tfnbs,"e=0.05,h=7.0,n=30,start_thres=1.25",hub,0.25,100,26,40,1730,33,0,7,1730,0.825,0.0,1.0,0.0,7.555907452648336
tfnbs,"e=0.05,h=8.0,n=30,start_thres=1.25",hub,0.25,100,26,40,1730,33,0,7,1730,0.825,0.0,1.0,0.0,7.555907452648336
tfnbs,"e=0.05,h=9.0,n=30,start_thres=1.25",hub,0.25,100,26,40,1730,33,0,7,1730,0.825,0.0,1.0,0.0,7.555907452648336
tfnbs,"e=0.05,h=10.0,n=30,start_thres=1.25",hub,0.25,100,26,40,1730,33,0,7,1730,0.825,0.0,1.0,0.0,7.555907452648336
tfnbs,"e=0.1,h=0.5,n=30,start_thres=1.25",hub,0.25,100,26,40,1730,36,0,4,1730,0.9,0.0,1.0,0.0,7.555907452648336
tfnbs,"e=0.1,h=1.0,n=30,start_thres=1.25",hub,0.25,100,26,40,1730,36,0,4,1730,0.9,0.0,1.0,0.0,7.555907452648336
tfnbs,"e=0.1,h=2.0,n=30,start_thres=1.25",hub,0.25,100,26,40,1730,34,0,6,1730,0.85,0.0,1.0,0.0,7.555907452648336
tfnbs,"e=0.1,h=3.0,n=30,start_thres=1.25",hub,0.25,100,26,40,1730,34,0,6,1730,0.85,0.0,1.0,0.0,7.555907452648336
tfnbs,"e=0.1,h=4.0,n=30,start_thres=1.25",hub,0.25,100,26,40,1730,34,0,6,1730,0.85,0.0,1.0,0.0,7.555907452648336
tfnbs,"e=0.1,h=5.0,n=30,start_thres=1.25",hub,0.25,100,26,40,1730,34,0,6,1730,0.85,0.0,1.0,0.0,7.555907452648336
tfnbs,"e=0.1,h=6.0,n=30,start_thres=1.25",hub,0.25,100,26,40,1730,34,0,6,1730,0.85,0.0,1.0,0.0,7.555907452648336
tfnbs,"e=0.1,h=7.0,n=30,start_thres=1.25",hub,0.25,100,26,40,1730,34,0,6,1730,0.85,0.0,1.0,0.0,7.555907452648336
tfnbs,"e=0.1,h=8.0,n=30,start_thres=1.25",hub,0.25,100,26,40,1730,34,0,6,1730,0.85,0.0,1.0,0.0,7.555907452648336
tfnbs,"e=0.1,h=9.0,n=30,start_thres=1.25",hub,0.25,100,26,40,1730,34,0,6,1730,0.85,0.0,1.0,0.0,7.555907452648336
tfnbs,"e=0.1,h=10.0,n=30,start_thres=1.25",hub,0.25,100,26,40,1730,33,0,7,1730,0.825,0.0,1.0,0.0,7.555907452648336
tfnbs,"e=0.2,h=0.5,n=30,start_thres=1.25",hub,0.25,100,26,40,1730,36,0,4,1730,0.9,0.0,1.0,0.0,7.555907452648336
tfnbs,"e=0.2,h=1.0,n=30,start_thres=1.25",hub,0.25,100,26,40,1730,36,0,4,1730,0.9,0.0,1.0,0.0,7.555907452648336
tfnbs,"e=0.2,h=2.0,n=30,start_thres=1.25",hub,0.25,100,26,40,1730,36,0,4,1730,0.9,0.0,1.0,0.0,7.555907452648336
tfnbs,"e=0.2,h=3.0,n=30,start_thres=1.25",hub,0.25,100,26,40,1730,36,0,4,1730,0.9,0.0,1.0,0.0,7.555907452648336
tfnbs,"e=0.2,h=4.0,n=30,start_thres=1.25",hub,0.25,100,26,40,1730,36,0,4,1730,0.9,0.0,1.0,0.0,7.555907452648336
tfnbs,"e=0.2,h=5.0,n=30,start_thres=1.25",hub,0.25,100,26,40,1730,36,0,4,1730,0.9,0.0,1.0,0.0,7.555907452648336
tfnbs,"e=0.2,h=6.0,n=30,start_thres=1.25",hub,0.25,100,26,40,1730,36,0,4,1730,0.9,0.0,1.0,0.0,7.555907452648336
tfnbs,"e=0.2,h=7.0,n=30,start_thres=1.25",hub,0.25,100,26,40,1730,34,0,6,1730,0.85,0.0,1.0,0.0,7.555907452648336
tfnbs,"e=0.2,h=8.0,n=30,start_thres=1.25",hub,0.25,100,26,40,1730,34,0,6,1730,0.85,0.0,1.0,0.0,7.555907452648336
tfnbs,"e=0.2,h=9.0,n=30,start_thres=1.25",hub,0.25,100,26,40,1730,34,0,6,1730,0.85,0.0,1.0,0.0,7.555907452648336
tfnbs,"e=0.2,h=10.0,n=30,start_thres=1.25",hub,0.25,100,26,40,1730,34,0,6,1730,0.85,0.0,1.0,0.0,7.555907452648336
tfnbs,"e=0.3,h=0.5,n=30,start_thres=1.25",hub,0.25,100,26,40,1730,37,1,3,1729,0.925,0.0005780346820809,0.9736842105263158,0.0263157894736842,7.555907452648336
tfnbs,"e=0.3,h=1.0,n=30,start_thres=1.25",hub,0.25,100,26,40,1730,37,1,3,1729,0.925,0.0005780346820809,0.9736842105263158,0.0263157894736842,7.555907452648336
tfnbs,"e=0.3,h=2.0,n=30,start_thres=1.25",hub,0.25,100,26,40,1730,37,1,3,1729,0.925,0.0005780346820809,0.9736842105263158,0.0263157894736842,7.555907452648336
tfnbs,"e=0.3,h=3.0,n=30,start_thres=1.25",hub,0.25,100,26,40,1730,36,0,4,1730,0.9,0.0,1.0,0.0,7.555907452648336
tfnbs,"e=0.3,h=4.0,n=30,start_thres=1.25",hub,0.25,100,26,40,1730,36,0,4,1730,0.9,0.0,1.0,0.0,7.555907452648336
tfnbs,"e=0.3,h=5.0,n=30,start_thres=1.25",hub,0.25,100,26,40,1730,36,0,4,1730,0.9,0.0,1.0,0.0,7.555907452648336
tfnbs,"e=0.3,h=6.0,n=30,start_thres=1.25",hub,0.25,100,26,40,1730,36,0,4,1730,0.9,0.0,1.0,0.0,7.555907452648336
tfnbs,"e=0.3,h=7.0,n=30,start_thres=1.25",hub,0.25,100,26,40,1730,36,0,4,1730,0.9,0.0,1.0,0.0,7.555907452648336
tfnbs,"e=0.3,h=8.0,n=30,start_thres=1.25",hub,0.25,100,26,40,1730,36,0,4,1730,0.9,0.0,1.0,0.0,7.555907452648336
tfnbs,"e=0.3,h=9.0,n=30,start_thres=1.25",hub,0.25,100,26,40,1730,36,0,4,1730,0.9,0.0,1.0,0.0,7.555907452648336
tfnbs,"e=0.3,h=10.0,n=30,start_thres=1.25",hub,0.25,100,26,40,1730,36,0,4,1730,0.9,0.0,1.0,0.0,7.555907452648336
tfnbs,"e=0.4,h=0.5,n=30,start_thres=1.25",hub,0.25,100,26,40,1730,38,5,2,1725,0.95,0.0028901734104046,0.8837209302325582,0.1162790697674418,7.555907452648336
tfnbs,"e=0.4,h=1.0,n=30,start_thres=1.25",hub,0.25,100,26,40,1730,38,5,2,1725,0.95,0.0028901734104046,0.8837209302325582,0.1162790697674418,7.555907452648336
tfnbs,"e=0.4,h=2.0,n=30,start_thres=1.25",hub,0.25,100,26,40,1730,38,5,2,1725,0.95,0.0028901734104046,0.8837209302325582,0.1162790697674418,7.555907452648336
tfnbs,"e=0.4,h=3.0,n=30,start_thres=1.25",hub,0.25,100,26,40,1730,37,1,3,1729,0.925,0.0005780346820809,0.9736842105263158,0.0263157894736842,7.555907452648336
tfnbs,"e=0.4,h=4.0,n=30,start_thres=1.25",hub,0.25,100,26,40,1730,37,1,3,1729,0.925,0.0005780346820809,0.9736842105263158,0.0263157894736842,7.555907452648336
tfnbs,"e=0.4,h=5.0,n=30,start_thres=1.25",hub,0.25,100,26,40,1730,37,1,3,1729,0.925,0.0005780346820809,0.9736842105263158,0.0263157894736842,7.555907452648336
tfnbs,"e=0.4,h=6.0,n=30,start_thres=1.25",hub,0.25,100,26,40,1730,36,0,4,1730,0.9,0.0,1.0,0.0,7.555907452648336
tfnbs,"e=0.4,h=7.0,n=30,start_thres=1.25",hub,0.25,100,26,40,1730,36,0,4,1730,0.9,0.0,1.0,0.0,7.555907452648336
tfnbs,"e=0.4,h=8.0,n=30,start_thres=1.25",hub,0.25,100,26,40,1730,36,0,4,1730,0.9,0.0,1.0,0.0,7.555907452648336
tfnbs,"e=0.4,h=9.0,n=30,start_thres=1.25",hub,0.25,100,26,40,1730,36,0,4,1730,0.9,0.0,1.0,0.0,7.555907452648336
tfnbs,"e=0.4,h=10.0,n=30,start_thres=1.25",hub,0.25,100,26,40,1730,36,0,4,1730,0.9,0.0,1.0,0.0,7.555907452648336
tfnbs,"e=0.5,h=0.5,n=30,start_thres=1.25",hub,0.25,100,26,40,1730,39,8,1,1722,0.975,0.0046242774566473,0.8297872340425532,0.1702127659574468,7.555907452648336
tfnbs,"e=0.5,h=1.0,n=30,start_thres=1.25",hub,0.25,100,26,40,1730,39,8,1,1722,0.975,0.0046242774566473,0.8297872340425532,0.1702127659574468,7.555907452648336
tfnbs,"e=0.5,h=2.0,n=30,start_thres=1.25",hub,0.25,100,26,40,1730,39,8,1,1722,0.975,0.0046242774566473,0.8297872340425532,0.1702127659574468,7.555907452648336
tfnbs,"e=0.5,h=3.0,n=30,start_thres=1.25",hub,0.25,100,26,40,1730,38,5,2,1725,0.95,0.0028901734104046,0.8837209302325582,0.1162790697674418,7.555907452648336
tfnbs,"e=0.5,h=4.0,n=30,start_thres=1.25",hub,0.25,100,26,40,1730,38,5,2,1725,0.95,0.0028901734104046,0.8837209302325582,0.1162790697674418,7.555907452648336
tfnbs,"e=0.5,h=5.0,n=30,start_thres=1.25",hub,0.25,100,26,40,1730,37,1,3,1729,0.925,0.0005780346820809,0.9736842105263158,0.0263157894736842,7.555907452648336
tfnbs,"e=0.5,h=6.0,n=30,start_thres=1.25",hub,0.25,100,26,40,1730,37,1,3,1729,0.925,0.0005780346820809,0.9736842105263158,0.0263157894736842,7.555907452648336
tfnbs,"e=0.5,h=7.0,n=30,start_thres=1.25",hub,0.25,100,26,40,1730,37,1,3,1729,0.925,0.0005780346820809,0.9736842105263158,0.0263157894736842,7.555907452648336
tfnbs,"e=0.5,h=8.0,n=30,start_thres=1.25",hub,0.25,100,26,40,1730,36,0,4,1730,0.9,0.0,1.0,0.0,7.555907452648336
tfnbs,"e=0.5,h=9.0,n=30,start_thres=1.25",hub,0.25,100,26,40,1730,36,0,4,1730,0.9,0.0,1.0,0.0,7.555907452648336
tfnbs,"e=0.5,h=10.0,n=30,start_thres=1.25",hub,0.25,100,26,40,1730,36,0,4,1730,0.9,0.0,1.0,0.0,7.555907452648336
tfnbs,"e=0.6,h=0.5,n=30,start_thres=1.25",hub,0.25,100,26,40,1730,39,9,1,1721,0.975,0.0052023121387283,0.8125,0.1875,7.555907452648336
tfnbs,"e=0.6,h=1.0,n=30,start_thres=1.25",hub,0.25,100,26,40,1730,39,9,1,1721,0.975,0.0052023121387283,0.8125,0.1875,7.555907452648336
tfnbs,"e=0.6,h=2.0,n=30,start_thres=1.25",hub,0.25,100,26,40,1730,39,9,1,1721,0.975,0.0052023121387283,0.8125,0.1875,7.555907452648336
tfnbs,"e=0.6,h=3.0,n=30,start_thres=1.25",hub,0.25,100,26,40,1730,39,8,1,1722,0.975,0.0046242774566473,0.8297872340425532,0.1702127659574468,7.555907452648336
tfnbs,"e=0.6,h=4.0,n=30,start_thres=1.25",hub,0.25,100,26,40,1730,38,5,2,1725,0.95,0.0028901734104046,0.8837209302325582,0.1162790697674418,7.555907452648336
tfnbs,"e=0.6,h=5.0,n=30,start_thres=1.25",hub,0.25,100,26,40,1730,38,5,2,1725,0.95,0.0028901734104046,0.8837209302325582,0.1162790697674418,7.555907452648336
tfnbs,"e=0.6,h=6.0,n=30,start_thres=1.25",hub,0.25,100,26,40,1730,37,1,3,1729,0.925,0.0005780346820809,0.9736842105263158,0.0263157894736842,7.555907452648336
tfnbs,"e=0.6,h=7.0,n=30,start_thres=1.25",hub,0.25,100,26,40,1730,37,1,3,1729,0.925,0.0005780346820809,0.9736842105263158,0.0263157894736842,7.555907452648336
tfnbs,"e=0.6,h=8.0,n=30,start_thres=1.25",hub,0.25,100,26,40,1730,37,1,3,1729,0.925,0.0005780346820809,0.9736842105263158,0.0263157894736842,7.555907452648336
tfnbs,"e=0.6,h=9.0,n=30,start_thres=1.25",hub,0.25,100,26,40,1730,36,0,4,1730,0.9,0.0,1.0,0.0,7.555907452648336
tfnbs,"e=0.6,h=10.0,n=30,start_thres=1.25",hub,0.25,100,26,40,1730,36,0,4,1730,0.9,0.0,1.0,0.0,7.555907452648336
tfnbs,"e=0.7,h=0.5,n=30,start_thres=1.25",hub,0.25,100,26,40,1730,39,14,1,1716,0.975,0.0080924855491329,0.7358490566037735,0.2641509433962264,7.555907452648336
tfnbs,"e=0.7,h=1.0,n=30,start_thres=1.25",hub,0.25,100,26,40,1730,39,14,1,1716,0.975,0.0080924855491329,0.7358490566037735,0.2641509433962264,7.555907452648336
tfnbs,"e=0.7,h=2.0,n=30,start_thres=1.25",hub,0.25,100,26,40,1730,39,9,1,1721,0.975,0.0052023121387283,0.8125,0.1875,7.555907452648336
tfnbs,"e=0.7,h=3.0,n=30,start_thres=1.25",hub,0.25,100,26,40,1730,39,9,1,1721,0.975,0.0052023121387283,0.8125,0.1875,7.555907452648336
tfnbs,"e=0.7,h=4.0,n=30,start_thres=1.25",hub,0.25,100,26,40,1730,39,8,1,1722,0.975,0.0046242774566473,0.8297872340425532,0.1702127659574468,7.555907452648336
tfnbs,"e=0.7,h=5.0,n=30,start_thres=1.25",hub,0.25,100,26,40,1730,38,5,2,1725,0.95,0.0028901734104046,0.8837209302325582,0.1162790697674418,7.555907452648336
tfnbs,"e=0.7,h=6.0,n=30,start_thres=1.25",hub,0.25,100,26,40,1730,38,5,2,1725,0.95,0.0028901734104046,0.8837209302325582,0.1162790697674418,7.555907452648336
tfnbs,"e=0.7,h=7.0,n=30,start_thres=1.25",hub,0.25,100,26,40,1730,38,5,2,1725,0.95,0.0028901734104046,0.8837209302325582,0.1162790697674418,7.555907452648336
tfnbs,"e=0.7,h=8.0,n=30,start_thres=1.25",hub,0.25,100,26,40,1730,37,1,3,1729,0.925,0.0005780346820809,0.9736842105263158,0.0263157894736842,7.555907452648336
tfnbs,"e=0.7,h=9.0,n=30,start_thres=1.25",hub,0.25,100,26,40,1730,37,1,3,1729,0.925,0.0005780346820809,0.9736842105263158,0.0263157894736842,7.555907452648336
tfnbs,"e=0.7,h=10.0,n=30,start_thres=1.25",hub,0.25,100,26,40,1730,37,1,3,1729,0.925,0.0005780346820809,0.9736842105263158,0.0263157894736842,7.555907452648336
tfnbs,"e=0.8,h=0.5,n=30,start_thres=1.25",hub,0.25,100,26,40,1730,39,14,1,1716,0.975,0.0080924855491329,0.7358490566037735,0.2641509433962264,7.555907452648336
tfnbs,"e=0.8,h=1.0,n=30,start_thres=1.25",hub,0.25,100,26,40,1730,39,14,1,1716,0.975,0.0080924855491329,0.7358490566037735,0.2641509433962264,7.555907452648336
tfnbs,"e=0.8,h=2.0,n=30,start_thres=1.25",hub,0.25,100,26,40,1730,39,14,1,1716,0.975,0.0080924855491329,0.7358490566037735,0.2641509433962264,7.555907452648336
tfnbs,"e=0.8,h=3.0,n=30,start_thres=1.25",hub,0.25,100,26,40,1730,39,14,1,1716,0.975,0.0080924855491329,0.7358490566037735,0.2641509433962264,7.555907452648336
tfnbs,"e=0.8,h=4.0,n=30,start_thres=1.25",hub,0.25,100,26,40,1730,39,9,1,1721,0.975,0.0052023121387283,0.8125,0.1875,7.555907452648336
tfnbs,"e=0.8,h=5.0,n=30,start_thres=1.25",hub,0.25,100,26,40,1730,39,8,1,1722,0.975,0.0046242774566473,0.8297872340425532,0.1702127659574468,7.555907452648336
tfnbs,"e=0.8,h=6.0,n=30,start_thres=1.25",hub,0.25,100,26,40,1730,39,8,1,1722,0.975,0.0046242774566473,0.8297872340425532,0.1702127659574468,7.555907452648336
tfnbs,"e=0.8,h=7.0,n=30,start_thres=1.25",hub,0.25,100,26,40,1730,38,5,2,1725,0.95,0.0028901734104046,0.8837209302325582,0.1162790697674418,7.555907452648336
tfnbs,"e=0.8,h=8.0,n=30,start_thres=1.25",hub,0.25,100,26,40,1730,38,5,2,1725,0.95,0.0028901734104046,0.8837209302325582,0.1162790697674418,7.555907452648336
tfnbs,"e=0.8,h=9.0,n=30,start_thres=1.25",hub,0.25,100,26,40,1730,38,5,2,1725,0.95,0.0028901734104046,0.8837209302325582,0.1162790697674418,7.555907452648336
tfnbs,"e=0.8,h=10.0,n=30,start_thres=1.25",hub,0.25,100,26,40,1730,37,1,3,1729,0.925,0.0005780346820809,0.9736842105263158,0.0263157894736842,7.555907452648336
tfnbs,"e=0.9,h=0.5,n=30,start_thres=1.25",hub,0.25,100,26,40,1730,39,14,1,1716,0.975,0.0080924855491329,0.7358490566037735,0.2641509433962264,7.555907452648336
tfnbs,"e=0.9,h=1.0,n=30,start_thres=1.25",hub,0.25,100,26,40,1730,39,14,1,1716,0.975,0.0080924855491329,0.7358490566037735,0.2641509433962264,7.555907452648336
tfnbs,"e=0.9,h=2.0,n=30,start_thres=1.25",hub,0.25,100,26,40,1730,39,14,1,1716,0.975,0.0080924855491329,0.7358490566037735,0.2641509433962264,7.555907452648336
tfnbs,"e=0.9,h=3.0,n=30,start_thres=1.25",hub,0.25,100,26,40,1730,39,14,1,1716,0.975,0.0080924855491329,0.7358490566037735,0.2641509433962264,7.555907452648336
tfnbs,"e=0.9,h=4.0,n=30,start_thres=1.25",hub,0.25,100,26,40,1730,39,14,1,1716,0.975,0.0080924855491329,0.7358490566037735,0.2641509433962264,7.555907452648336
tfnbs,"e=0.9,h=5.0,n=30,start_thres=1.25",hub,0.25,100,26,40,1730,39,14,1,1716,0.975,0.0080924855491329,0.7358490566037735,0.2641509433962264,7.555907452648336
tfnbs,"e=0.9,h=6.0,n=30,start_thres=1.25",hub,0.25,100,26,40,1730,39,8,1,1722,0.975,0.0046242774566473,0.8297872340425532,0.1702127659574468,7.555907452648336
tfnbs,"e=0.9,h=7.0,n=30,start_thres=1.25",hub,0.25,100,26,40,1730,39,8,1,1722,0.975,0.0046242774566473,0.8297872340425532,0.1702127659574468,7.555907452648336
tfnbs,"e=0.9,h=8.0,n=30,start_thres=1.25",hub,0.25,100,26,40,1730,38,5,2,1725,0.95,0.0028901734104046,0.8837209302325582,0.1162790697674418,7.555907452648336
tfnbs,"e=0.9,h=9.0,n=30,start_thres=1.25",hub,0.25,100,26,40,1730,38,5,2,1725,0.95,0.0028901734104046,0.8837209302325582,0.1162790697674418,7.555907452648336
tfnbs,"e=0.9,h=10.0,n=30,start_thres=1.25",hub,0.25,100,26,40,1730,38,5,2,1725,0.95,0.0028901734104046,0.8837209302325582,0.1162790697674418,7.555907452648336
tfnbs,"e=1.0,h=0.5,n=30,start_thres=1.25",hub,0.25,100,26,40,1730,39,14,1,1716,0.975,0.0080924855491329,0.7358490566037735,0.2641509433962264,7.555907452648336
tfnbs,"e=1.0,h=1.0,n=30,start_thres=1.25",hub,0.25,100,26,40,1730,39,14,1,1716,0.975,0.0080924855491329,0.7358490566037735,0.2641509433962264,7.555907452648336
tfnbs,"e=1.0,h=2.0,n=30,start_thres=1.25",hub,0.25,100,26,40,1730,39,14,1,1716,0.975,0.0080924855491329,0.7358490566037735,0.2641509433962264,7.555907452648336
tfnbs,"e=1.0,h=3.0,n=30,start_thres=1.25",hub,0.25,100,26,40,1730,39,14,1,1716,0.975,0.0080924855491329,0.7358490566037735,0.2641509433962264,7.555907452648336
tfnbs,"e=1.0,h=4.0,n=30,start_thres=1.25",hub,0.25,100,26,40,1730,39,14,1,1716,0.975,0.0080924855491329,0.7358490566037735,0.2641509433962264,7.555907452648336
tfnbs,"e=1.0,h=5.0,n=30,start_thres=1.25",hub,0.25,100,26,40,1730,39,14,1,1716,0.975,0.0080924855491329,0.7358490566037735,0.2641509433962264,7.555907452648336
tfnbs,"e=1.0,h=6.0,n=30,start_thres=1.25",hub,0.25,100,26,40,1730,39,14,1,1716,0.975,0.0080924855491329,0.7358490566037735,0.2641509433962264,7.555907452648336
tfnbs,"e=1.0,h=7.0,n=30,start_thres=1.25",hub,0.25,100,26,40,1730,39,8,1,1722,0.975,0.0046242774566473,0.8297872340425532,0.1702127659574468,7.555907452648336
tfnbs,"e=1.0,h=8.0,n=30,start_thres=1.25",hub,0.25,100,26,40,1730,39,8,1,1722,0.975,0.0046242774566473,0.8297872340425532,0.1702127659574468,7.555907452648336
tfnbs,"e=1.0,h=9.0,n=30,start_thres=1.25",hub,0.25,100,26,40,1730,38,5,2,1725,0.95,0.0028901734104046,0.8837209302325582,0.1162790697674418,7.555907452648336
tfnbs,"e=1.0,h=10.0,n=30,start_thres=1.25",hub,0.25,100,26,40,1730,38,5,2,1725,0.95,0.0028901734104046,0.8837209302325582,0.1162790697674418,7.555907452648336
tfnbs,"e=1.1,h=0.5,n=30,start_thres=1.25",hub,0.25,100,26,40,1730,40,21,0,1709,1.0,0.0121387283236994,0.6557377049180327,0.3442622950819672,7.555907452648336
tfnbs,"e=1.1,h=1.0,n=30,start_thres=1.25",hub,0.25,100,26,40,1730,40,21,0,1709,1.0,0.0121387283236994,0.6557377049180327,0.3442622950819672,7.555907452648336
tfnbs,"e=1.1,h=2.0,n=30,start_thres=1.25",hub,0.25,100,26,40,1730,40,21,0,1709,1.0,0.0121387283236994,0.6557377049180327,0.3442622950819672,7.555907452648336
tfnbs,"e=1.1,h=3.0,n=30,start_thres=1.25",hub,0.25,100,26,40,1730,39,14,1,1716,0.975,0.0080924855491329,0.7358490566037735,0.2641509433962264,7.555907452648336
tfnbs,"e=1.1,h=4.0,n=30,start_thres=1.25",hub,0.25,100,26,40,1730,39,14,1,1716,0.975,0.0080924855491329,0.7358490566037735,0.2641509433962264,7.555907452648336
tfnbs,"e=1.1,h=5.0,n=30,start_thres=1.25",hub,0.25,100,26,40,1730,39,14,1,1716,0.975,0.0080924855491329,0.7358490566037735,0.2641509433962264,7.555907452648336
tfnbs,"e=1.1,h=6.0,n=30,start_thres=1.25",hub,0.25,100,26,40,1730,39,14,1,1716,0.975,0.0080924855491329,0.7358490566037735,0.2641509433962264,7.555907452648336
tfnbs,"e=1.1,h=7.0,n=30,start_thres=1.25",hub,0.25,100,26,40,1730,39,14,1,1716,0.975,0.0080924855491329,0.7358490566037735,0.2641509433962264,7.555907452648336
tfnbs,"e=1.1,h=8.0,n=30,start_thres=1.25",hub,0.25,100,26,40,1730,39,8,1,1722,0.975,0.0046242774566473,0.8297872340425532,0.1702127659574468,7.555907452648336
tfnbs,"e=1.1,h=9.0,n=30,start_thres=1.25",hub,0.25,100,26,40,1730,39,8,1,1722,0.975,0.0046242774566473,0.8297872340425532,0.1702127659574468,7.555907452648336
tfnbs,"e=1.1,h=10.0,n=30,start_thres=1.25",hub,0.25,100,26,40,1730,39,8,1,1722,0.975,0.0046242774566473,0.8297872340425532,0.1702127659574468,7.555907452648336
tfnbs,"e=1.2,h=0.5,n=30,start_thres=1.25",hub,0.25,100,26,40,1730,40,21,0,1709,1.0,0.0121387283236994,0.6557377049180327,0.3442622950819672,7.555907452648336
tfnbs,"e=1.2,h=1.0,n=30,start_thres=1.25",hub,0.25,100,26,40,1730,40,21,0,1709,1.0,0.0121387283236994,0.6557377049180327,0.3442622950819672,7.555907452648336
tfnbs,"e=1.2,h=2.0,n=30,start_thres=1.25",hub,0.25,100,26,40,1730,40,21,0,1709,1.0,0.0121387283236994,0.6557377049180327,0.3442622950819672,7.555907452648336
tfnbs,"e=1.2,h=3.0,n=30,start_thres=1.25",hub,0.25,100,26,40,1730,40,21,0,1709,1.0,0.0121387283236994,0.6557377049180327,0.3442622950819672,7.555907452648336
tfnbs,"e=1.2,h=4.0,n=30,start_thres=1.25",hub,0.25,100,26,40,1730,40,21,0,1709,1.0,0.0121387283236994,0.6557377049180327,0.3442622950819672,7.555907452648336
tfnbs,"e=1.2,h=5.0,n=30,start_thres=1.25",hub,0.25,100,26,40,1730,39,14,1,1716,0.975,0.0080924855491329,0.7358490566037735,0.2641509433962264,7.555907452648336
tfnbs,"e=1.2,h=6.0,n=30,start_thres=1.25",hub,0.25,100,26,40,1730,39,14,1,1716,0.975,0.0080924855491329,0.7358490566037735,0.2641509433962264,7.555907452648336
tfnbs,"e=1.2,h=7.0,n=30,start_thres=1.25",hub,0.25,100,26,40,1730,39,14,1,1716,0.975,0.0080924855491329,0.7358490566037735,0.2641509433962264,7.555907452648336
tfnbs,"e=1.2,h=8.0,n=30,start_thres=1.25",hub,0.25,100,26,40,1730,39,14,1,1716,0.975,0.0080924855491329,0.7358490566037735,0.2641509433962264,7.555907452648336
tfnbs,"e=1.2,h=9.0,n=30,start_thres=1.25",hub,0.25,100,26,40,1730,39,8,1,1722,0.975,0.0046242774566473,0.8297872340425532,0.1702127659574468,7.555907452648336
tfnbs,"e=1.2,h=10.0,n=30,start_thres=1.25",hub,0.25,100,26,40,1730,39,8,1,1722,0.975,0.0046242774566473,0.8297872340425532,0.1702127659574468,7.555907452648336
tfnbs,"e=1.3,h=0.5,n=30,start_thres=1.25",hub,0.25,100,26,40,1730,40,21,0,1709,1.0,0.0121387283236994,0.6557377049180327,0.3442622950819672,7.555907452648336
tfnbs,"e=1.3,h=1.0,n=30,start_thres=1.25",hub,0.25,100,26,40,1730,40,21,0,1709,1.0,0.0121387283236994,0.6557377049180327,0.3442622950819672,7.555907452648336
tfnbs,"e=1.3,h=2.0,n=30,start_thres=1.25",hub,0.25,100,26,40,1730,40,21,0,1709,1.0,0.0121387283236994,0.6557377049180327,0.3442622950819672,7.555907452648336
tfnbs,"e=1.3,h=3.0,n=30,start_thres=1.25",hub,0.25,100,26,40,1730,40,21,0,1709,1.0,0.0121387283236994,0.6557377049180327,0.3442622950819672,7.555907452648336
tfnbs,"e=1.3,h=4.0,n=30,start_thres=1.25",hub,0.25,100,26,40,1730,40,21,0,1709,1.0,0.0121387283236994,0.6557377049180327,0.3442622950819672,7.555907452648336
tfnbs,"e=1.3,h=5.0,n=30,start_thres=1.25",hub,0.25,100,26,40,1730,40,21,0,1709,1.0,0.0121387283236994,0.6557377049180327,0.3442622950819672,7.555907452648336
tfnbs,"e=1.3,h=6.0,n=30,start_thres=1.25",hub,0.25,100,26,40,1730,39,14,1,1716,0.975,0.0080924855491329,0.7358490566037735,0.2641509433962264,7.555907452648336
tfnbs,"e=1.3,h=7.0,n=30,start_thres=1.25",hub,0.25,100,26,40,1730,39,14,1,1716,0.975,0.0080924855491329,0.7358490566037735,0.2641509433962264,7.555907452648336
tfnbs,"e=1.3,h=8.0,n=30,start_thres=1.25",hub,0.25,100,26,40,1730,39,14,1,1716,0.975,0.0080924855491329,0.7358490566037735,0.2641509433962264,7.555907452648336
tfnbs,"e=1.3,h=9.0,n=30,start_thres=1.25",hub,0.25,100,26,40,1730,39,14,1,1716,0.975,0.0080924855491329,0.7358490566037735,0.2641509433962264,7.555907452648336
tfnbs,"e=1.3,h=10.0,n=30,start_thres=1.25",hub,0.25,100,26,40,1730,39,8,1,1722,0.975,0.0046242774566473,0.8297872340425532,0.1702127659574468,7.555907452648336
tfnbs,"e=1.4,h=0.5,n=30,start_thres=1.25",hub,0.25,100,26,40,1730,40,21,0,1709,1.0,0.0121387283236994,0.6557377049180327,0.3442622950819672,7.555907452648336
tfnbs,"e=1.4,h=1.0,n=30,start_thres=1.25",hub,0.25,100,26,40,1730,40,21,0,1709,1.0,0.0121387283236994,0.6557377049180327,0.3442622950819672,7.555907452648336
tfnbs,"e=1.4,h=2.0,n=30,start_thres=1.25",hub,0.25,100,26,40,1730,40,21,0,1709,1.0,0.0121387283236994,0.6557377049180327,0.3442622950819672,7.555907452648336
tfnbs,"e=1.4,h=3.0,n=30,start_thres=1.25",hub,0.25,100,26,40,1730,40,21,0,1709,1.0,0.0121387283236994,0.6557377049180327,0.3442622950819672,7.555907452648336
tfnbs,"e=1.4,h=4.0,n=30,start_thres=1.25",hub,0.25,100,26,40,1730,40,21,0,1709,1.0,0.0121387283236994,0.6557377049180327,0.3442622950819672,7.555907452648336
tfnbs,"e=1.4,h=5.0,n=30,start_thres=1.25",hub,0.25,100,26,40,1730,40,21,0,1709,1.0,0.0121387283236994,0.6557377049180327,0.3442622950819672,7.555907452648336
tfnbs,"e=1.4,h=6.0,n=30,start_thres=1.25",hub,0.25,100,26,40,1730,40,21,0,1709,1.0,0.0121387283236994,0.6557377049180327,0.3442622950819672,7.555907452648336
tfnbs,"e=1.4,h=7.0,n=30,start_thres=1.25",hub,0.25,100,26,40,1730,39,14,1,1716,0.975,0.0080924855491329,0.7358490566037735,0.2641509433962264,7.555907452648336
tfnbs,"e=1.4,h=8.0,n=30,start_thres=1.25",hub,0.25,100,26,40,1730,39,14,1,1716,0.975,0.0080924855491329,0.7358490566037735,0.2641509433962264,7.555907452648336
tfnbs,"e=1.4,h=9.0,n=30,start_thres=1.25",hub,0.25,100,26,40,1730,39,14,1,1716,0.975,0.0080924855491329,0.7358490566037735,0.2641509433962264,7.555907452648336
tfnbs,"e=1.4,h=10.0,n=30,start_thres=1.25",hub,0.25,100,26,40,1730,39,14,1,1716,0.975,0.0080924855491329,0.7358490566037735,0.2641509433962264,7.555907452648336
tfnbs,"e=1.5,h=0.5,n=30,start_thres=1.25",hub,0.25,100,26,40,1730,40,21,0,1709,1.0,0.0121387283236994,0.6557377049180327,0.3442622950819672,7.555907452648336
tfnbs,"e=1.5,h=1.0,n=30,start_thres=1.25",hub,0.25,100,26,40,1730,40,21,0,1709,1.0,0.0121387283236994,0.6557377049180327,0.3442622950819672,7.555907452648336
tfnbs,"e=1.5,h=2.0,n=30,start_thres=1.25",hub,0.25,100,26,40,1730,40,21,0,1709,1.0,0.0121387283236994,0.6557377049180327,0.3442622950819672,7.555907452648336
tfnbs,"e=1.5,h=3.0,n=30,start_thres=1.25",hub,0.25,100,26,40,1730,40,21,0,1709,1.0,0.0121387283236994,0.6557377049180327,0.3442622950819672,7.555907452648336
tfnbs,"e=1.5,h=4.0,n=30,start_thres=1.25",hub,0.25,100,26,40,1730,40,21,0,1709,1.0,0.0121387283236994,0.6557377049180327,0.3442622950819672,7.555907452648336
tfnbs,"e=1.5,h=5.0,n=30,start_thres=1.25",hub,0.25,100,26,40,1730,40,21,0,1709,1.0,0.0121387283236994,0.6557377049180327,0.3442622950819672,7.555907452648336
tfnbs,"e=1.5,h=6.0,n=30,start_thres=1.25",hub,0.25,100,26,40,1730,40,21,0,1709,1.0,0.0121387283236994,0.6557377049180327,0.3442622950819672,7.555907452648336
tfnbs,"e=1.5,h=7.0,n=30,start_thres=1.25",hub,0.25,100,26,40,1730,40,21,0,1709,1.0,0.0121387283236994,0.6557377049180327,0.3442622950819672,7.555907452648336
tfnbs,"e=1.5,h=8.0,n=30,start_thres=1.25",hub,0.25,100,26,40,1730,39,14,1,1716,0.975,0.0080924855491329,0.7358490566037735,0.2641509433962264,7.555907452648336
tfnbs,"e=1.5,h=9.0,n=30,start_thres=1.25",hub,0.25,100,26,40,1730,39,14,1,1716,0.975,0.0080924855491329,0.7358490566037735,0.2641509433962264,7.555907452648336
tfnbs,"e=1.5,h=10.0,n=30,start_thres=1.25",hub,0.25,100,26,40,1730,39,14,1,1716,0.975,0.0080924855491329,0.7358490566037735,0.2641509433962264,7.555907452648336
tfnbs,"e=0.05,h=0.5,n=30,start_thres=1.25",hub,0.25,100,1,40,1730,28,0,12,1730,0.7,0.0,1.0,0.0,7.679709158160469
tfnbs,"e=0.05,h=1.0,n=30,start_thres=1.25",hub,0.25,100,1,40,1730,28,0,12,1730,0.7,0.0,1.0,0.0,7.679709158160469
tfnbs,"e=0.05,h=2.0,n=30,start_thres=1.25",hub,0.25,100,1,40,1730,28,0,12,1730,0.7,0.0,1.0,0.0,7.679709158160469
tfnbs,"e=0.05,h=3.0,n=30,start_thres=1.25",hub,0.25,100,1,40,1730,28,0,12,1730,0.7,0.0,1.0,0.0,7.679709158160469
tfnbs,"e=0.05,h=4.0,n=30,start_thres=1.25",hub,0.25,100,1,40,1730,28,0,12,1730,0.7,0.0,1.0,0.0,7.679709158160469
tfnbs,"e=0.05,h=5.0,n=30,start_thres=1.25",hub,0.25,100,1,40,1730,28,0,12,1730,0.7,0.0,1.0,0.0,7.679709158160469
tfnbs,"e=0.05,h=6.0,n=30,start_thres=1.25",hub,0.25,100,1,40,1730,28,0,12,1730,0.7,0.0,1.0,0.0,7.679709158160469
tfnbs,"e=0.05,h=7.0,n=30,start_thres=1.25",hub,0.25,100,1,40,1730,28,0,12,1730,0.7,0.0,1.0,0.0,7.679709158160469
tfnbs,"e=0.05,h=8.0,n=30,start_thres=1.25",hub,0.25,100,1,40,1730,28,0,12,1730,0.7,0.0,1.0,0.0,7.679709158160469
tfnbs,"e=0.05,h=9.0,n=30,start_thres=1.25",hub,0.25,100,1,40,1730,28,0,12,1730,0.7,0.0,1.0,0.0,7.679709158160469
tfnbs,"e=0.05,h=10.0,n=30,start_thres=1.25",hub,0.25,100,1,40,1730,28,0,12,1730,0.7,0.0,1.0,0.0,7.679709158160469
tfnbs,"e=0.1,h=0.5,n=30,start_thres=1.25",hub,0.25,100,1,40,1730,29,0,11,1730,0.725,0.0,1.0,0.0,7.679709158160469
tfnbs,"e=0.1,h=1.0,n=30,start_thres=1.25",hub,0.25,100,1,40,1730,29,0,11,1730,0.725,0.0,1.0,0.0,7.679709158160469
tfnbs,"e=0.1,h=2.0,n=30,start_thres=1.25",hub,0.25,100,1,40,1730,29,0,11,1730,0.725,0.0,1.0,0.0,7.679709158160469
tfnbs,"e=0.1,h=3.0,n=30,start_thres=1.25",hub,0.25,100,1,40,1730,29,0,11,1730,0.725,0.0,1.0,0.0,7.679709158160469
tfnbs,"e=0.1,h=4.0,n=30,start_thres=1.25",hub,0.25,100,1,40,1730,28,0,12,1730,0.7,0.0,1.0,0.0,7.679709158160469
tfnbs,"e=0.1,h=5.0,n=30,start_thres=1.25",hub,0.25,100,1,40,1730,28,0,12,1730,0.7,0.0,1.0,0.0,7.679709158160469
tfnbs,"e=0.1,h=6.0,n=30,start_thres=1.25",hub,0.25,100,1,40,1730,28,0,12,1730,0.7,0.0,1.0,0.0,7.679709158160469
tfnbs,"e=0.1,h=7.0,n=30,start_thres=1.25",hub,0.25,100,1,40,1730,28,0,12,1730,0.7,0.0,1.0,0.0,7.679709158160469
tfnbs,"e=0.1,h=8.0,n=30,start_thres=1.25",hub,0.25,100,1,40,1730,28,0,12,1730,0.7,0.0,1.0,0.0,7.679709158160469
tfnbs,"e=0.1,h=9.0,n=30,start_thres=1.25",hub,0.25,100,1,40,1730,28,0,12,1730,0.7,0.0,1.0,0.0,7.679709158160469
tfnbs,"e=0.1,h=10.0,n=30,start_thres=1.25",hub,0.25,100,1,40,1730,28,0,12,1730,0.7,0.0,1.0,0.0,7.679709158160469
tfnbs,"e=0.2,h=0.5,n=30,start_thres=1.25",hub,0.25,100,1,40,1730,35,0,5,1730,0.875,0.0,1.0,0.0,7.679709158160469
tfnbs,"e=0.2,h=1.0,n=30,start_thres=1.25",hub,0.25,100,1,40,1730,34,0,6,1730,0.85,0.0,1.0,0.0,7.679709158160469
tfnbs,"e=0.2,h=2.0,n=30,start_thres=1.25",hub,0.25,100,1,40,1730,34,0,6,1730,0.85,0.0,1.0,0.0,7.679709158160469
tfnbs,"e=0.2,h=3.0,n=30,start_thres=1.25",hub,0.25,100,1,40,1730,34,0,6,1730,0.85,0.0,1.0,0.0,7.679709158160469
tfnbs,"e=0.2,h=4.0,n=30,start_thres=1.25",hub,0.25,100,1,40,1730,29,0,11,1730,0.725,0.0,1.0,0.0,7.679709158160469
tfnbs,"e=0.2,h=5.0,n=30,start_thres=1.25",hub,0.25,100,1,40,1730,29,0,11,1730,0.725,0.0,1.0,0.0,7.679709158160469
tfnbs,"e=0.2,h=6.0,n=30,start_thres=1.25",hub,0.25,100,1,40,1730,29,0,11,1730,0.725,0.0,1.0,0.0,7.679709158160469
tfnbs,"e=0.2,h=7.0,n=30,start_thres=1.25",hub,0.25,100,1,40,1730,29,0,11,1730,0.725,0.0,1.0,0.0,7.679709158160469
tfnbs,"e=0.2,h=8.0,n=30,start_thres=1.25",hub,0.25,100,1,40,1730,29,0,11,1730,0.725,0.0,1.0,0.0,7.679709158160469
tfnbs,"e=0.2,h=9.0,n=30,start_thres=1.25",hub,0.25,100,1,40,1730,28,0,12,1730,0.7,0.0,1.0,0.0,7.679709158160469
tfnbs,"e=0.2,h=10.0,n=30,start_thres=1.25",hub,0.25,100,1,40,1730,28,0,12,1730,0.7,0.0,1.0,0.0,7.679709158160469
tfnbs,"e=0.3,h=0.5,n=30,start_thres=1.25",hub,0.25,100,1,40,1730,38,0,2,1730,0.95,0.0,1.0,0.0,7.679709158160469
tfnbs,"e=0.3,h=1.0,n=30,start_thres=1.25",hub,0.25,100,1,40,1730,38,0,2,1730,0.95,0.0,1.0,0.0,7.679709158160469
tfnbs,"e=0.3,h=2.0,n=30,start_thres=1.25",hub,0.25,100,1,40,1730,35,0,5,1730,0.875,0.0,1.0,0.0,7.679709158160469
tfnbs,"e=0.3,h=3.0,n=30,start_thres=1.25",hub,0.25,100,1,40,1730,35,0,5,1730,0.875,0.0,1.0,0.0,7.679709158160469
tfnbs,"e=0.3,h=4.0,n=30,start_thres=1.25",hub,0.25,100,1,40,1730,34,0,6,1730,0.85,0.0,1.0,0.0,7.679709158160469
tfnbs,"e=0.3,h=5.0,n=30,start_thres=1.25",hub,0.25,100,1,40,1730,34,0,6,1730,0.85,0.0,1.0,0.0,7.679709158160469
tfnbs,"e=0.3,h=6.0,n=30,start_thres=1.25",hub,0.25,100,1,40,1730,34,0,6,1730,0.85,0.0,1.0,0.0,7.679709158160469
tfnbs,"e=0.3,h=7.0,n=30,start_thres=1.25",hub,0.25,100,1,40,1730,29,0,11,1730,0.725,0.0,1.0,0.0,7.679709158160469
tfnbs,"e=0.3,h=8.0,n=30,start_thres=1.25",hub,0.25,100,1,40,1730,29,0,11,1730,0.725,0.0,1.0,0.0,7.679709158160469
tfnbs,"e=0.3,h=9.0,n=30,start_thres=1.25",hub,0.25,100,1,40,1730,29,0,11,1730,0.725,0.0,1.0,0.0,7.679709158160469
tfnbs,"e=0.3,h=10.0,n=30,start_thres=1.25",hub,0.25,100,1,40,1730,29,0,11,1730,0.725,0.0,1.0,0.0,7.679709158160469
tfnbs,"e=0.4,h=0.5,n=30,start_thres=1.25",hub,0.25,100,1,40,1730,38,0,2,1730,0.95,0.0,1.0,0.0,7.679709158160469
tfnbs,"e=0.4,h=1.0,n=30,start_thres=1.25",hub,0.25,100,1,40,1730,38,0,2,1730,0.95,0.0,1.0,0.0,7.679709158160469
tfnbs,"e=0.4,h=2.0,n=30,start_thres=1.25",hub,0.25,100,1,40,1730,38,0,2,1730,0.95,0.0,1.0,0.0,7.679709158160469
tfnbs,"e=0.4,h=3.0,n=30,start_thres=1.25",hub,0.25,100,1,40,1730,38,0,2,1730,0.95,0.0,1.0,0.0,7.679709158160469
tfnbs,"e=0.4,h=4.0,n=30,start_thres=1.25",hub,0.25,100,1,40,1730,35,0,5,1730,0.875,0.0,1.0,0.0,7.679709158160469
tfnbs,"e=0.4,h=5.0,n=30,start_thres=1.25",hub,0.25,100,1,40,1730,35,0,5,1730,0.875,0.0,1.0,0.0,7.679709158160469
tfnbs,"e=0.4,h=6.0,n=30,start_thres=1.25",hub,0.25,100,1,40,1730,34,0,6,1730,0.85,0.0,1.0,0.0,7.679709158160469
tfnbs,"e=0.4,h=7.0,n=30,start_thres=1.25",hub,0.25,100,1,40,1730,34,0,6,1730,0.85,0.0,1.0,0.0,7.679709158160469
tfnbs,"e=0.4,h=8.0,n=30,start_thres=1.25",hub,0.25,100,1,40,1730,34,0,6,1730,0.85,0.0,1.0,0.0,7.679709158160469
tfnbs,"e=0.4,h=9.0,n=30,start_thres=1.25",hub,0.25,100,1,40,1730,34,0,6,1730,0.85,0.0,1.0,0.0,7.679709158160469
tfnbs,"e=0.4,h=10.0,n=30,start_thres=1.25",hub,0.25,100,1,40,1730,29,0,11,1730,0.725,0.0,1.0,0.0,7.679709158160469
tfnbs,"e=0.5,h=0.5,n=30,start_thres=1.25",hub,0.25,100,1,40,1730,38,5,2,1725,0.95,0.0028901734104046,0.8837209302325582,0.1162790697674418,7.679709158160469
tfnbs,"e=0.5,h=1.0,n=30,start_thres=1.25",hub,0.25,100,1,40,1730,38,5,2,1725,0.95,0.0028901734104046,0.8837209302325582,0.1162790697674418,7.679709158160469
tfnbs,"e=0.5,h=2.0,n=30,start_thres=1.25",hub,0.25,100,1,40,1730,38,5,2,1725,0.95,0.0028901734104046,0.8837209302325582,0.1162790697674418,7.679709158160469
tfnbs,"e=0.5,h=3.0,n=30,start_thres=1.25",hub,0.25,100,1,40,1730,38,0,2,1730,0.95,0.0,1.0,0.0,7.679709158160469
tfnbs,"e=0.5,h=4.0,n=30,start_thres=1.25",hub,0.25,100,1,40,1730,38,0,2,1730,0.95,0.0,1.0,0.0,7.679709158160469
tfnbs,"e=0.5,h=5.0,n=30,start_thres=1.25",hub,0.25,100,1,40,1730,35,0,5,1730,0.875,0.0,1.0,0.0,7.679709158160469
tfnbs,"e=0.5,h=6.0,n=30,start_thres=1.25",hub,0.25,100,1,40,1730,35,0,5,1730,0.875,0.0,1.0,0.0,7.679709158160469
tfnbs,"e=0.5,h=7.0,n=30,start_thres=1.25",hub,0.25,100,1,40,1730,35,0,5,1730,0.875,0.0,1.0,0.0,7.679709158160469
tfnbs,"e=0.5,h=8.0,n=30,start_thres=1.25",hub,0.25,100,1,40,1730,34,0,6,1730,0.85,0.0,1.0,0.0,7.679709158160469
tfnbs,"e=0.5,h=9.0,n=30,start_thres=1.25",hub,0.25,100,1,40,1730,34,0,6,1730,0.85,0.0,1.0,0.0,7.679709158160469
tfnbs,"e=0.5,h=10.0,n=30,start_thres=1.25",hub,0.25,100,1,40,1730,34,0,6,1730,0.85,0.0,1.0,0.0,7.679709158160469
tfnbs,"e=0.6,h=0.5,n=30,start_thres=1.25",hub,0.25,100,1,40,1730,39,12,1,1718,0.975,0.006936416184971,0.7647058823529411,0.2352941176470588,7.679709158160469
tfnbs,"e=0.6,h=1.0,n=30,start_thres=1.25",hub,0.25,100,1,40,1730,38,5,2,1725,0.95,0.0028901734104046,0.8837209302325582,0.1162790697674418,7.679709158160469
tfnbs,"e=0.6,h=2.0,n=30,start_thres=1.25",hub,0.25,100,1,40,1730,38,5,2,1725,0.95,0.0028901734104046,0.8837209302325582,0.1162790697674418,7.679709158160469
tfnbs,"e=0.6,h=3.0,n=30,start_thres=1.25",hub,0.25,100,1,40,1730,38,5,2,1725,0.95,0.0028901734104046,0.8837209302325582,0.1162790697674418,7.679709158160469
tfnbs,"e=0.6,h=4.0,n=30,start_thres=1.25",hub,0.25,100,1,40,1730,38,5,2,1725,0.95,0.0028901734104046,0.8837209302325582,0.1162790697674418,7.679709158160469
tfnbs,"e=0.6,h=5.0,n=30,start_thres=1.25",hub,0.25,100,1,40,1730,38,0,2,1730,0.95,0.0,1.0,0.0,7.679709158160469
tfnbs,"e=0.6,h=6.0,n=30,start_thres=1.25",hub,0.25,100,1,40,1730,38,0,2,1730,0.95,0.0,1.0,0.0,7.679709158160469
tfnbs,"e=0.6,h=7.0,n=30,start_thres=1.25",hub,0.25,100,1,40,1730,35,0,5,1730,0.875,0.0,1.0,0.0,7.679709158160469
tfnbs,"e=0.6,h=8.0,n=30,start_thres=1.25",hub,0.25,100,1,40,1730,35,0,5,1730,0.875,0.0,1.0,0.0,7.679709158160469
tfnbs,"e=0.6,h=9.0,n=30,start_thres=1.25",hub,0.25,100,1,40,1730,35,0,5,1730,0.875,0.0,1.0,0.0,7.679709158160469
tfnbs,"e=0.6,h=10.0,n=30,start_thres=1.25",hub,0.25,100,1,40,1730,34,0,6,1730,0.85,0.0,1.0,0.0,7.679709158160469
tfnbs,"e=0.7,h=0.5,n=30,start_thres=1.25",hub,0.25,100,1,40,1730,39,12,1,1718,0.975,0.006936416184971,0.7647058823529411,0.2352941176470588,7.679709158160469
tfnbs,"e=0.7,h=1.0,n=30,start_thres=1.25",hub,0.25,100,1,40,1730,39,12,1,1718,0.975,0.006936416184971,0.7647058823529411,0.2352941176470588,7.679709158160469
tfnbs,"e=0.7,h=2.0,n=30,start_thres=1.25",hub,0.25,100,1,40,1730,39,12,1,1718,0.975,0.006936416184971,0.7647058823529411,0.2352941176470588,7.679709158160469
tfnbs,"e=0.7,h=3.0,n=30,start_thres=1.25",hub,0.25,100,1,40,1730,38,5,2,1725,0.95,0.0028901734104046,0.8837209302325582,0.1162790697674418,7.679709158160469
tfnbs,"e=0.7,h=4.0,n=30,start_thres=1.25",hub,0.25,100,1,40,1730,38,5,2,1725,0.95,0.0028901734104046,0.8837209302325582,0.1162790697674418,7.679709158160469
tfnbs,"e=0.7,h=5.0,n=30,start_thres=1.25",hub,0.25,100,1,40,1730,38,5,2,1725,0.95,0.0028901734104046,0.8837209302325582,0.1162790697674418,7.679709158160469
tfnbs,"e=0.7,h=6.0,n=30,start_thres=1.25",hub,0.25,100,1,40,1730,38,0,2,1730,0.95,0.0,1.0,0.0,7.679709158160469
tfnbs,"e=0.7,h=7.0,n=30,start_thres=1.25",hub,0.25,100,1,40,1730,38,0,2,1730,0.95,0.0,1.0,0.0,7.679709158160469
tfnbs,"e=0.7,h=8.0,n=30,start_thres=1.25",hub,0.25,100,1,40,1730,35,0,5,1730,0.875,0.0,1.0,0.0,7.679709158160469
tfnbs,"e=0.7,h=9.0,n=30,start_thres=1.25",hub,0.25,100,1,40,1730,35,0,5,1730,0.875,0.0,1.0,0.0,7.679709158160469
tfnbs,"e=0.7,h=10.0,n=30,start_thres=1.25",hub,0.25,100,1,40,1730,35,0,5,1730,0.875,0.0,1.0,0.0,7.679709158160469
tfnbs,"e=0.8,h=0.5,n=30,start_thres=1.25",hub,0.25,100,1,40,1730,39,12,1,1718,0.975,0.006936416184971,0.7647058823529411,0.2352941176470588,7.679709158160469
tfnbs,"e=0.8,h=1.0,n=30,start_thres=1.25",hub,0.25,100,1,40,1730,39,12,1,1718,0.975,0.006936416184971,0.7647058823529411,0.2352941176470588,7.679709158160469
tfnbs,"e=0.8,h=2.0,n=30,start_thres=1.25",hub,0.25,100,1,40,1730,39,12,1,1718,0.975,0.006936416184971,0.7647058823529411,0.2352941176470588,7.679709158160469
tfnbs,"e=0.8,h=3.0,n=30,start_thres=1.25",hub,0.25,100,1,40,1730,39,12,1,1718,0.975,0.006936416184971,0.7647058823529411,0.2352941176470588,7.679709158160469
tfnbs,"e=0.8,h=4.0,n=30,start_thres=1.25",hub,0.25,100,1,40,1730,39,12,1,1718,0.975,0.006936416184971,0.7647058823529411,0.2352941176470588,7.679709158160469
tfnbs,"e=0.8,h=5.0,n=30,start_thres=1.25",hub,0.25,100,1,40,1730,38,5,2,1725,0.95,0.0028901734104046,0.8837209302325582,0.1162790697674418,7.679709158160469
tfnbs,"e=0.8,h=6.0,n=30,start_thres=1.25",hub,0.25,100,1,40,1730,38,5,2,1725,0.95,0.0028901734104046,0.8837209302325582,0.1162790697674418,7.679709158160469
tfnbs,"e=0.8,h=7.0,n=30,start_thres=1.25",hub,0.25,100,1,40,1730,38,0,2,1730,0.95,0.0,1.0,0.0,7.679709158160469
tfnbs,"e=0.8,h=8.0,n=30,start_thres=1.25",hub,0.25,100,1,40,1730,38,0,2,1730,0.95,0.0,1.0,0.0,7.679709158160469
tfnbs,"e=0.8,h=9.0,n=30,start_thres=1.25",hub,0.25,100,1,40,1730,38,0,2,1730,0.95,0.0,1.0,0.0,7.679709158160469
tfnbs,"e=0.8,h=10.0,n=30,start_thres=1.25",hub,0.25,100,1,40,1730,35,0,5,1730,0.875,0.0,1.0,0.0,7.679709158160469
tfnbs,"e=0.9,h=0.5,n=30,start_thres=1.25",hub,0.25,100,1,40,1730,39,12,1,1718,0.975,0.006936416184971,0.7647058823529411,0.2352941176470588,7.679709158160469
tfnbs,"e=0.9,h=1.0,n=30,start_thres=1.25",hub,0.25,100,1,40,1730,39,12,1,1718,0.975,0.006936416184971,0.7647058823529411,0.2352941176470588,7.679709158160469
tfnbs,"e=0.9,h=2.0,n=30,start_thres=1.25",hub,0.25,100,1,40,1730,39,12,1,1718,0.975,0.006936416184971,0.7647058823529411,0.2352941176470588,7.679709158160469
tfnbs,"e=0.9,h=3.0,n=30,start_thres=1.25",hub,0.25,100,1,40,1730,39,12,1,1718,0.975,0.006936416184971,0.7647058823529411,0.2352941176470588,7.679709158160469
tfnbs,"e=0.9,h=4.0,n=30,start_thres=1.25",hub,0.25,100,1,40,1730,39,12,1,1718,0.975,0.006936416184971,0.7647058823529411,0.2352941176470588,7.679709158160469
tfnbs,"e=0.9,h=5.0,n=30,start_thres=1.25",hub,0.25,100,1,40,1730,39,12,1,1718,0.975,0.006936416184971,0.7647058823529411,0.2352941176470588,7.679709158160469
tfnbs,"e=0.9,h=6.0,n=30,start_thres=1.25",hub,0.25,100,1,40,1730,38,5,2,1725,0.95,0.0028901734104046,0.8837209302325582,0.1162790697674418,7.679709158160469
tfnbs,"e=0.9,h=7.0,n=30,start_thres=1.25",hub,0.25,100,1,40,1730,38,5,2,1725,0.95,0.0028901734104046,0.8837209302325582,0.1162790697674418,7.679709158160469
tfnbs,"e=0.9,h=8.0,n=30,start_thres=1.25",hub,0.25,100,1,40,1730,38,0,2,1730,0.95,0.0,1.0,0.0,7.679709158160469
tfnbs,"e=0.9,h=9.0,n=30,start_thres=1.25",hub,0.25,100,1,40,1730,38,0,2,1730,0.95,0.0,1.0,0.0,7.679709158160469
tfnbs,"e=0.9,h=10.0,n=30,start_thres=1.25",hub,0.25,100,1,40,1730,38,0,2,1730,0.95,0.0,1.0,0.0,7.679709158160469
tfnbs,"e=1.0,h=0.5,n=30,start_thres=1.25",hub,0.25,100,1,40,1730,39,12,1,1718,0.975,0.006936416184971,0.7647058823529411,0.2352941176470588,7.679709158160469
tfnbs,"e=1.0,h=1.0,n=30,start_thres=1.25",hub,0.25,100,1,40,1730,39,12,1,1718,0.975,0.006936416184971,0.7647058823529411,0.2352941176470588,7.679709158160469
tfnbs,"e=1.0,h=2.0,n=30,start_thres=1.25",hub,0.25,100,1,40,1730,39,12,1,1718,0.975,0.006936416184971,0.7647058823529411,0.2352941176470588,7.679709158160469
tfnbs,"e=1.0,h=3.0,n=30,start_thres=1.25",hub,0.25,100,1,40,1730,39,12,1,1718,0.975,0.006936416184971,0.7647058823529411,0.2352941176470588,7.679709158160469
tfnbs,"e=1.0,h=4.0,n=30,start_thres=1.25",hub,0.25,100,1,40,1730,39,12,1,1718,0.975,0.006936416184971,0.7647058823529411,0.2352941176470588,7.679709158160469
tfnbs,"e=1.0,h=5.0,n=30,start_thres=1.25",hub,0.25,100,1,40,1730,39,12,1,1718,0.975,0.006936416184971,0.7647058823529411,0.2352941176470588,7.679709158160469
tfnbs,"e=1.0,h=6.0,n=30,start_thres=1.25",hub,0.25,100,1,40,1730,39,12,1,1718,0.975,0.006936416184971,0.7647058823529411,0.2352941176470588,7.679709158160469
tfnbs,"e=1.0,h=7.0,n=30,start_thres=1.25",hub,0.25,100,1,40,1730,38,5,2,1725,0.95,0.0028901734104046,0.8837209302325582,0.1162790697674418,7.679709158160469
tfnbs,"e=1.0,h=8.0,n=30,start_thres=1.25",hub,0.25,100,1,40,1730,38,5,2,1725,0.95,0.0028901734104046,0.8837209302325582,0.1162790697674418,7.679709158160469
tfnbs,"e=1.0,h=9.0,n=30,start_thres=1.25",hub,0.25,100,1,40,1730,38,5,2,1725,0.95,0.0028901734104046,0.8837209302325582,0.1162790697674418,7.679709158160469
tfnbs,"e=1.0,h=10.0,n=30,start_thres=1.25",hub,0.25,100,1,40,1730,38,0,2,1730,0.95,0.0,1.0,0.0,7.679709158160469
tfnbs,"e=1.1,h=0.5,n=30,start_thres=1.25",hub,0.25,100,1,40,1730,39,12,1,1718,0.975,0.006936416184971,0.7647058823529411,0.2352941176470588,7.679709158160469
tfnbs,"e=1.1,h=1.0,n=30,start_thres=1.25",hub,0.25,100,1,40,1730,40,22,0,1708,1.0,0.0127167630057803,0.6451612903225806,0.3548387096774194,7.679709158160469
tfnbs,"e=1.1,h=2.0,n=30,start_thres=1.25",hub,0.25,100,1,40,1730,40,22,0,1708,1.0,0.0127167630057803,0.6451612903225806,0.3548387096774194,7.679709158160469
tfnbs,"e=1.1,h=3.0,n=30,start_thres=1.25",hub,0.25,100,1,40,1730,40,22,0,1708,1.0,0.0127167630057803,0.6451612903225806,0.3548387096774194,7.679709158160469
tfnbs,"e=1.1,h=4.0,n=30,start_thres=1.25",hub,0.25,100,1,40,1730,39,12,1,1718,0.975,0.006936416184971,0.7647058823529411,0.2352941176470588,7.679709158160469
tfnbs,"e=1.1,h=5.0,n=30,start_thres=1.25",hub,0.25,100,1,40,1730,39,12,1,1718,0.975,0.006936416184971,0.7647058823529411,0.2352941176470588,7.679709158160469
tfnbs,"e=1.1,h=6.0,n=30,start_thres=1.25",hub,0.25,100,1,40,1730,39,12,1,1718,0.975,0.006936416184971,0.7647058823529411,0.2352941176470588,7.679709158160469
tfnbs,"e=1.1,h=7.0,n=30,start_thres=1.25",hub,0.25,100,1,40,1730,39,12,1,1718,0.975,0.006936416184971,0.7647058823529411,0.2352941176470588,7.679709158160469
tfnbs,"e=1.1,h=8.0,n=30,start_thres=1.25",hub,0.25,100,1,40,1730,38,5,2,1725,0.95,0.0028901734104046,0.8837209302325582,0.1162790697674418,7.679709158160469
tfnbs,"e=1.1,h=9.0,n=30,start_thres=1.25",hub,0.25,100,1,40,1730,38,5,2,1725,0.95,0.0028901734104046,0.8837209302325582,0.1162790697674418,7.679709158160469
tfnbs,"e=1.1,h=10.0,n=30,start_thres=1.25",hub,0.25,100,1,40,1730,38,5,2,1725,0.95,0.0028901734104046,0.8837209302325582,0.1162790697674418,7.679709158160469
tfnbs,"e=1.2,h=0.5,n=30,start_thres=1.25",hub,0.25,100,1,40,1730,40,22,0,1708,1.0,0.0127167630057803,0.6451612903225806,0.3548387096774194,7.679709158160469
tfnbs,"e=1.2,h=1.0,n=30,start_thres=1.25",hub,0.25,100,1,40,1730,40,22,0,1708,1.0,0.0127167630057803,0.6451612903225806,0.3548387096774194,7.679709158160469
tfnbs,"e=1.2,h=2.0,n=30,start_thres=1.25",hub,0.25,100,1,40,1730,40,22,0,1708,1.0,0.0127167630057803,0.6451612903225806,0.3548387096774194,7.679709158160469
tfnbs,"e=1.2,h=3.0,n=30,start_thres=1.25",hub,0.25,100,1,40,1730,40,22,0,1708,1.0,0.0127167630057803,0.6451612903225806,0.3548387096774194,7.679709158160469
tfnbs,"e=1.2,h=4.0,n=30,start_thres=1.25",hub,0.25,100,1,40,1730,40,22,0,1708,1.0,0.0127167630057803,0.6451612903225806,0.3548387096774194,7.679709158160469
tfnbs,"e=1.2,h=5.0,n=30,start_thres=1.25",hub,0.25,100,1,40,1730,40,22,0,1708,1.0,0.0127167630057803,0.6451612903225806,0.3548387096774194,7.679709158160469
tfnbs,"e=1.2,h=6.0,n=30,start_thres=1.25",hub,0.25,100,1,40,1730,39,12,1,1718,0.975,0.006936416184971,0.7647058823529411,0.2352941176470588,7.679709158160469
tfnbs,"e=1.2,h=7.0,n=30,start_thres=1.25",hub,0.25,100,1,40,1730,39,12,1,1718,0.975,0.006936416184971,0.7647058823529411,0.2352941176470588,7.679709158160469
tfnbs,"e=1.2,h=8.0,n=30,start_thres=1.25",hub,0.25,100,1,40,1730,39,12,1,1718,0.975,0.006936416184971,0.7647058823529411,0.2352941176470588,7.679709158160469
tfnbs,"e=1.2,h=9.0,n=30,start_thres=1.25",hub,0.25,100,1,40,1730,38,5,2,1725,0.95,0.0028901734104046,0.8837209302325582,0.1162790697674418,7.679709158160469
tfnbs,"e=1.2,h=10.0,n=30,start_thres=1.25",hub,0.25,100,1,40,1730,38,5,2,1725,0.95,0.0028901734104046,0.8837209302325582,0.1162790697674418,7.679709158160469
tfnbs,"e=1.3,h=0.5,n=30,start_thres=1.25",hub,0.25,100,1,40,1730,40,22,0,1708,1.0,0.0127167630057803,0.6451612903225806,0.3548387096774194,7.679709158160469
tfnbs,"e=1.3,h=1.0,n=30,start_thres=1.25",hub,0.25,100,1,40,1730,40,22,0,1708,1.0,0.0127167630057803,0.6451612903225806,0.3548387096774194,7.679709158160469
tfnbs,"e=1.3,h=2.0,n=30,start_thres=1.25",hub,0.25,100,1,40,1730,40,22,0,1708,1.0,0.0127167630057803,0.6451612903225806,0.3548387096774194,7.679709158160469
tfnbs,"e=1.3,h=3.0,n=30,start_thres=1.25",hub,0.25,100,1,40,1730,40,22,0,1708,1.0,0.0127167630057803,0.6451612903225806,0.3548387096774194,7.679709158160469
tfnbs,"e=1.3,h=4.0,n=30,start_thres=1.25",hub,0.25,100,1,40,1730,40,22,0,1708,1.0,0.0127167630057803,0.6451612903225806,0.3548387096774194,7.679709158160469
tfnbs,"e=1.3,h=5.0,n=30,start_thres=1.25",hub,0.25,100,1,40,1730,40,22,0,1708,1.0,0.0127167630057803,0.6451612903225806,0.3548387096774194,7.679709158160469
tfnbs,"e=1.3,h=6.0,n=30,start_thres=1.25",hub,0.25,100,1,40,1730,40,22,0,1708,1.0,0.0127167630057803,0.6451612903225806,0.3548387096774194,7.679709158160469
tfnbs,"e=1.3,h=7.0,n=30,start_thres=1.25",hub,0.25,100,1,40,1730,39,12,1,1718,0.975,0.006936416184971,0.7647058823529411,0.2352941176470588,7.679709158160469
tfnbs,"e=1.3,h=8.0,n=30,start_thres=1.25",hub,0.25,100,1,40,1730,39,12,1,1718,0.975,0.006936416184971,0.7647058823529411,0.2352941176470588,7.679709158160469
tfnbs,"e=1.3,h=9.0,n=30,start_thres=1.25",hub,0.25,100,1,40,1730,39,12,1,1718,0.975,0.006936416184971,0.7647058823529411,0.2352941176470588,7.679709158160469
tfnbs,"e=1.3,h=10.0,n=30,start_thres=1.25",hub,0.25,100,1,40,1730,38,5,2,1725,0.95,0.0028901734104046,0.8837209302325582,0.1162790697674418,7.679709158160469
tfnbs,"e=1.4,h=0.5,n=30,start_thres=1.25",hub,0.25,100,1,40,1730,40,22,0,1708,1.0,0.0127167630057803,0.6451612903225806,0.3548387096774194,7.679709158160469
tfnbs,"e=1.4,h=1.0,n=30,start_thres=1.25",hub,0.25,100,1,40,1730,40,22,0,1708,1.0,0.0127167630057803,0.6451612903225806,0.3548387096774194,7.679709158160469
tfnbs,"e=1.4,h=2.0,n=30,start_thres=1.25",hub,0.25,100,1,40,1730,40,22,0,1708,1.0,0.0127167630057803,0.6451612903225806,0.3548387096774194,7.679709158160469
tfnbs,"e=1.4,h=3.0,n=30,start_thres=1.25",hub,0.25,100,1,40,1730,40,22,0,1708,1.0,0.0127167630057803,0.6451612903225806,0.3548387096774194,7.679709158160469
tfnbs,"e=1.4,h=4.0,n=30,start_thres=1.25",hub,0.25,100,1,40,1730,40,22,0,1708,1.0,0.0127167630057803,0.6451612903225806,0.3548387096774194,7.679709158160469
tfnbs,"e=1.4,h=5.0,n=30,start_thres=1.25",hub,0.25,100,1,40,1730,40,22,0,1708,1.0,0.0127167630057803,0.6451612903225806,0.3548387096774194,7.679709158160469
tfnbs,"e=1.4,h=6.0,n=30,start_thres=1.25",hub,0.25,100,1,40,1730,40,22,0,1708,1.0,0.0127167630057803,0.6451612903225806,0.3548387096774194,7.679709158160469
tfnbs,"e=1.4,h=7.0,n=30,start_thres=1.25",hub,0.25,100,1,40,1730,40,22,0,1708,1.0,0.0127167630057803,0.6451612903225806,0.3548387096774194,7.679709158160469
tfnbs,"e=1.4,h=8.0,n=30,start_thres=1.25",hub,0.25,100,1,40,1730,39,12,1,1718,0.975,0.006936416184971,0.7647058823529411,0.2352941176470588,7.679709158160469
tfnbs,"e=1.4,h=9.0,n=30,start_thres=1.25",hub,0.25,100,1,40,1730,39,12,1,1718,0.975,0.006936416184971,0.7647058823529411,0.2352941176470588,7.679709158160469
tfnbs,"e=1.4,h=10.0,n=30,start_thres=1.25",hub,0.25,100,1,40,1730,39,12,1,1718,0.975,0.006936416184971,0.7647058823529411,0.2352941176470588,7.679709158160469
tfnbs,"e=1.5,h=0.5,n=30,start_thres=1.25",hub,0.25,100,1,40,1730,40,22,0,1708,1.0,0.0127167630057803,0.6451612903225806,0.3548387096774194,7.679709158160469
tfnbs,"e=1.5,h=1.0,n=30,start_thres=1.25",hub,0.25,100,1,40,1730,40,22,0,1708,1.0,0.0127167630057803,0.6451612903225806,0.3548387096774194,7.679709158160469
tfnbs,"e=1.5,h=2.0,n=30,start_thres=1.25",hub,0.25,100,1,40,1730,40,22,0,1708,1.0,0.0127167630057803,0.6451612903225806,0.3548387096774194,7.679709158160469
tfnbs,"e=1.5,h=3.0,n=30,start_thres=1.25",hub,0.25,100,1,40,1730,40,22,0,1708,1.0,0.0127167630057803,0.6451612903225806,0.3548387096774194,7.679709158160469
tfnbs,"e=1.5,h=4.0,n=30,start_thres=1.25",hub,0.25,100,1,40,1730,40,22,0,1708,1.0,0.0127167630057803,0.6451612903225806,0.3548387096774194,7.679709158160469
tfnbs,"e=1.5,h=5.0,n=30,start_thres=1.25",hub,0.25,100,1,40,1730,40,22,0,1708,1.0,0.0127167630057803,0.6451612903225806,0.3548387096774194,7.679709158160469
tfnbs,"e=1.5,h=6.0,n=30,start_thres=1.25",hub,0.25,100,1,40,1730,40,22,0,1708,1.0,0.0127167630057803,0.6451612903225806,0.3548387096774194,7.679709158160469
tfnbs,"e=1.5,h=7.0,n=30,start_thres=1.25",hub,0.25,100,1,40,1730,40,22,0,1708,1.0,0.0127167630057803,0.6451612903225806,0.3548387096774194,7.679709158160469
tfnbs,"e=1.5,h=8.0,n=30,start_thres=1.25",hub,0.25,100,1,40,1730,40,22,0,1708,1.0,0.0127167630057803,0.6451612903225806,0.3548387096774194,7.679709158160469
tfnbs,"e=1.5,h=9.0,n=30,start_thres=1.25",hub,0.25,100,1,40,1730,39,12,1,1718,0.975,0.006936416184971,0.7647058823529411,0.2352941176470588,7.679709158160469
tfnbs,"e=1.5,h=10.0,n=30,start_thres=1.25",hub,0.25,100,1,40,1730,39,12,1,1718,0.975,0.006936416184971,0.7647058823529411,0.2352941176470588,7.679709158160469
nbs_extent,threshold=1.0,hub,0.25,100,0,40,1730,0,0,40,1730,0.0,0.0,0.0,0.0,23.44216752052307
tfnbs,"e=0.05,h=0.5,n=30,start_thres=1.25",hub,0.25,100,15,40,1730,31,0,9,1730,0.775,0.0,1.0,0.0,7.605008908293464
tfnbs,"e=0.05,h=1.0,n=30,start_thres=1.25",hub,0.25,100,15,40,1730,31,0,9,1730,0.775,0.0,1.0,0.0,7.605008908293464
tfnbs,"e=0.05,h=2.0,n=30,start_thres=1.25",hub,0.25,100,15,40,1730,31,0,9,1730,0.775,0.0,1.0,0.0,7.605008908293464
tfnbs,"e=0.05,h=3.0,n=30,start_thres=1.25",hub,0.25,100,15,40,1730,31,0,9,1730,0.775,0.0,1.0,0.0,7.605008908293464
tfnbs,"e=0.05,h=4.0,n=30,start_thres=1.25",hub,0.25,100,15,40,1730,30,0,10,1730,0.75,0.0,1.0,0.0,7.605008908293464
tfnbs,"e=0.05,h=5.0,n=30,start_thres=1.25",hub,0.25,100,15,40,1730,30,0,10,1730,0.75,0.0,1.0,0.0,7.605008908293464
tfnbs,"e=0.05,h=6.0,n=30,start_thres=1.25",hub,0.25,100,15,40,1730,30,0,10,1730,0.75,0.0,1.0,0.0,7.605008908293464
tfnbs,"e=0.05,h=7.0,n=30,start_thres=1.25",hub,0.25,100,15,40,1730,30,0,10,1730,0.75,0.0,1.0,0.0,7.605008908293464
tfnbs,"e=0.05,h=8.0,n=30,start_thres=1.25",hub,0.25,100,15,40,1730,30,0,10,1730,0.75,0.0,1.0,0.0,7.605008908293464
tfnbs,"e=0.05,h=9.0,n=30,start_thres=1.25",hub,0.25,100,15,40,1730,30,0,10,1730,0.75,0.0,1.0,0.0,7.605008908293464
tfnbs,"e=0.05,h=10.0,n=30,start_thres=1.25",hub,0.25,100,15,40,1730,30,0,10,1730,0.75,0.0,1.0,0.0,7.605008908293464
tfnbs,"e=0.1,h=0.5,n=30,start_thres=1.25",hub,0.25,100,15,40,1730,32,0,8,1730,0.8,0.0,1.0,0.0,7.605008908293464
tfnbs,"e=0.1,h=1.0,n=30,start_thres=1.25",hub,0.25,100,15,40,1730,32,0,8,1730,0.8,0.0,1.0,0.0,7.605008908293464
tfnbs,"e=0.1,h=2.0,n=30,start_thres=1.25",hub,0.25,100,15,40,1730,32,0,8,1730,0.8,0.0,1.0,0.0,7.605008908293464
tfnbs,"e=0.1,h=3.0,n=30,start_thres=1.25",hub,0.25,100,15,40,1730,31,0,9,1730,0.775,0.0,1.0,0.0,7.605008908293464
tfnbs,"e=0.1,h=4.0,n=30,start_thres=1.25",hub,0.25,100,15,40,1730,31,0,9,1730,0.775,0.0,1.0,0.0,7.605008908293464
tfnbs,"e=0.1,h=5.0,n=30,start_thres=1.25",hub,0.25,100,15,40,1730,31,0,9,1730,0.775,0.0,1.0,0.0,7.605008908293464
tfnbs,"e=0.1,h=6.0,n=30,start_thres=1.25",hub,0.25,100,15,40,1730,31,0,9,1730,0.775,0.0,1.0,0.0,7.605008908293464
tfnbs,"e=0.1,h=7.0,n=30,start_thres=1.25",hub,0.25,100,15,40,1730,31,0,9,1730,0.775,0.0,1.0,0.0,7.605008908293464
tfnbs,"e=0.1,h=8.0,n=30,start_thres=1.25",hub,0.25,100,15,40,1730,31,0,9,1730,0.775,0.0,1.0,0.0,7.605008908293464
tfnbs,"e=0.1,h=9.0,n=30,start_thres=1.25",hub,0.25,100,15,40,1730,30,0,10,1730,0.75,0.0,1.0,0.0,7.605008908293464
tfnbs,"e=0.1,h=10.0,n=30,start_thres=1.25",hub,0.25,100,15,40,1730,30,0,10,1730,0.75,0.0,1.0,0.0,7.605008908293464
tfnbs,"e=0.2,h=0.5,n=30,start_thres=1.25",hub,0.25,100,15,40,1730,35,0,5,1730,0.875,0.0,1.0,0.0,7.605008908293464
tfnbs,"e=0.2,h=1.0,n=30,start_thres=1.25",hub,0.25,100,15,40,1730,33,0,7,1730,0.825,0.0,1.0,0.0,7.605008908293464
tfnbs,"e=0.2,h=2.0,n=30,start_thres=1.25",hub,0.25,100,15,40,1730,33,0,7,1730,0.825,0.0,1.0,0.0,7.605008908293464
tfnbs,"e=0.2,h=3.0,n=30,start_thres=1.25",hub,0.25,100,15,40,1730,33,0,7,1730,0.825,0.0,1.0,0.0,7.605008908293464
tfnbs,"e=0.2,h=4.0,n=30,start_thres=1.25",hub,0.25,100,15,40,1730,32,0,8,1730,0.8,0.0,1.0,0.0,7.605008908293464
tfnbs,"e=0.2,h=5.0,n=30,start_thres=1.25",hub,0.25,100,15,40,1730,32,0,8,1730,0.8,0.0,1.0,0.0,7.605008908293464
tfnbs,"e=0.2,h=6.0,n=30,start_thres=1.25",hub,0.25,100,15,40,1730,32,0,8,1730,0.8,0.0,1.0,0.0,7.605008908293464
tfnbs,"e=0.2,h=7.0,n=30,start_thres=1.25",hub,0.25,100,15,40,1730,32,0,8,1730,0.8,0.0,1.0,0.0,7.605008908293464
tfnbs,"e=0.2,h=8.0,n=30,start_thres=1.25",hub,0.25,100,15,40,1730,31,0,9,1730,0.775,0.0,1.0,0.0,7.605008908293464
tfnbs,"e=0.2,h=9.0,n=30,start_thres=1.25",hub,0.25,100,15,40,1730,31,0,9,1730,0.775,0.0,1.0,0.0,7.605008908293464
tfnbs,"e=0.2,h=10.0,n=30,start_thres=1.25",hub,0.25,100,15,40,1730,31,0,9,1730,0.775,0.0,1.0,0.0,7.605008908293464
tfnbs,"e=0.3,h=0.5,n=30,start_thres=1.25",hub,0.25,100,15,40,1730,36,1,4,1729,0.9,0.0005780346820809,0.972972972972973,0.027027027027027,7.605008908293464
tfnbs,"e=0.3,h=1.0,n=30,start_thres=1.25",hub,0.25,100,15,40,1730,36,1,4,1729,0.9,0.0005780346820809,0.972972972972973,0.027027027027027,7.605008908293464
tfnbs,"e=0.3,h=2.0,n=30,start_thres=1.25",hub,0.25,100,15,40,1730,35,0,5,1730,0.875,0.0,1.0,0.0,7.605008908293464
tfnbs,"e=0.3,h=3.0,n=30,start_thres=1.25",hub,0.25,100,15,40,1730,35,0,5,1730,0.875,0.0,1.0,0.0,7.605008908293464
tfnbs,"e=0.3,h=4.0,n=30,start_thres=1.25",hub,0.25,100,15,40,1730,33,0,7,1730,0.825,0.0,1.0,0.0,7.605008908293464
tfnbs,"e=0.3,h=5.0,n=30,start_thres=1.25",hub,0.25,100,15,40,1730,33,0,7,1730,0.825,0.0,1.0,0.0,7.605008908293464
tfnbs,"e=0.3,h=6.0,n=30,start_thres=1.25",hub,0.25,100,15,40,1730,33,0,7,1730,0.825,0.0,1.0,0.0,7.605008908293464
tfnbs,"e=0.3,h=7.0,n=30,start_thres=1.25",hub,0.25,100,15,40,1730,32,0,8,1730,0.8,0.0,1.0,0.0,7.605008908293464
tfnbs,"e=0.3,h=8.0,n=30,start_thres=1.25",hub,0.25,100,15,40,1730,32,0,8,1730,0.8,0.0,1.0,0.0,7.605008908293464
tfnbs,"e=0.3,h=9.0,n=30,start_thres=1.25",hub,0.25,100,15,40,1730,32,0,8,1730,0.8,0.0,1.0,0.0,7.605008908293464
tfnbs,"e=0.3,h=10.0,n=30,start_thres=1.25",hub,0.25,100,15,40,1730,32,0,8,1730,0.8,0.0,1.0,0.0,7.605008908293464
tfnbs,"e=0.4,h=0.5,n=30,start_thres=1.25",hub,0.25,100,15,40,1730,36,2,4,1728,0.9,0.0011560693641618,0.9473684210526316,0.0526315789473684,7.605008908293464
tfnbs,"e=0.4,h=1.0,n=30,start_thres=1.25",hub,0.25,100,15,40,1730,36,2,4,1728,0.9,0.0011560693641618,0.9473684210526316,0.0526315789473684,7.605008908293464
tfnbs,"e=0.4,h=2.0,n=30,start_thres=1.25",hub,0.25,100,15,40,1730,36,1,4,1729,0.9,0.0005780346820809,0.972972972972973,0.027027027027027,7.605008908293464
tfnbs,"e=0.4,h=3.0,n=30,start_thres=1.25",hub,0.25,100,15,40,1730,36,1,4,1729,0.9,0.0005780346820809,0.972972972972973,0.027027027027027,7.605008908293464
tfnbs,"e=0.4,h=4.0,n=30,start_thres=1.25",hub,0.25,100,15,40,1730,35,0,5,1730,0.875,0.0,1.0,0.0,7.605008908293464
tfnbs,"e=0.4,h=5.0,n=30,start_thres=1.25",hub,0.25,100,15,40,1730,35,0,5,1730,0.875,0.0,1.0,0.0,7.605008908293464
tfnbs,"e=0.4,h=6.0,n=30,start_thres=1.25",hub,0.25,100,15,40,1730,35,0,5,1730,0.875,0.0,1.0,0.0,7.605008908293464
tfnbs,"e=0.4,h=7.0,n=30,start_thres=1.25",hub,0.25,100,15,40,1730,33,0,7,1730,0.825,0.0,1.0,0.0,7.605008908293464
tfnbs,"e=0.4,h=8.0,n=30,start_thres=1.25",hub,0.25,100,15,40,1730,33,0,7,1730,0.825,0.0,1.0,0.0,7.605008908293464
tfnbs,"e=0.4,h=9.0,n=30,start_thres=1.25",hub,0.25,100,15,40,1730,33,0,7,1730,0.825,0.0,1.0,0.0,7.605008908293464
tfnbs,"e=0.4,h=10.0,n=30,start_thres=1.25",hub,0.25,100,15,40,1730,32,0,8,1730,0.8,0.0,1.0,0.0,7.605008908293464
tfnbs,"e=0.5,h=0.5,n=30,start_thres=1.25",hub,0.25,100,15,40,1730,36,2,4,1728,0.9,0.0011560693641618,0.9473684210526316,0.0526315789473684,7.605008908293464
tfnbs,"e=0.5,h=1.0,n=30,start_thres=1.25",hub,0.25,100,15,40,1730,36,2,4,1728,0.9,0.0011560693641618,0.9473684210526316,0.0526315789473684,7.605008908293464
tfnbs,"e=0.5,h=2.0,n=30,start_thres=1.25",hub,0.25,100,15,40,1730,36,2,4,1728,0.9,0.0011560693641618,0.9473684210526316,0.0526315789473684,7.605008908293464
tfnbs,"e=0.5,h=3.0,n=30,start_thres=1.25",hub,0.25,100,15,40,1730,36,2,4,1728,0.9,0.0011560693641618,0.9473684210526316,0.0526315789473684,7.605008908293464
tfnbs,"e=0.5,h=4.0,n=30,start_thres=1.25",hub,0.25,100,15,40,1730,36,1,4,1729,0.9,0.0005780346820809,0.972972972972973,0.027027027027027,7.605008908293464
tfnbs,"e=0.5,h=5.0,n=30,start_thres=1.25",hub,0.25,100,15,40,1730,36,1,4,1729,0.9,0.0005780346820809,0.972972972972973,0.027027027027027,7.605008908293464
tfnbs,"e=0.5,h=6.0,n=30,start_thres=1.25",hub,0.25,100,15,40,1730,35,0,5,1730,0.875,0.0,1.0,0.0,7.605008908293464
tfnbs,"e=0.5,h=7.0,n=30,start_thres=1.25",hub,0.25,100,15,40,1730,35,0,5,1730,0.875,0.0,1.0,0.0,7.605008908293464
tfnbs,"e=0.5,h=8.0,n=30,start_thres=1.25",hub,0.25,100,15,40,1730,35,0,5,1730,0.875,0.0,1.0,0.0,7.605008908293464
tfnbs,"e=0.5,h=9.0,n=30,start_thres=1.25",hub,0.25,100,15,40,1730,33,0,7,1730,0.825,0.0,1.0,0.0,7.605008908293464
tfnbs,"e=0.5,h=10.0,n=30,start_thres=1.25",hub,0.25,100,15,40,1730,33,0,7,1730,0.825,0.0,1.0,0.0,7.605008908293464
tfnbs,"e=0.6,h=0.5,n=30,start_thres=1.25",hub,0.25,100,15,40,1730,37,3,3,1727,0.925,0.0017341040462427,0.925,0.075,7.605008908293464
tfnbs,"e=0.6,h=1.0,n=30,start_thres=1.25",hub,0.25,100,15,40,1730,37,3,3,1727,0.925,0.0017341040462427,0.925,0.075,7.605008908293464
tfnbs,"e=0.6,h=2.0,n=30,start_thres=1.25",hub,0.25,100,15,40,1730,37,3,3,1727,0.925,0.0017341040462427,0.925,0.075,7.605008908293464
tfnbs,"e=0.6,h=3.0,n=30,start_thres=1.25",hub,0.25,100,15,40,1730,36,2,4,1728,0.9,0.0011560693641618,0.9473684210526316,0.0526315789473684,7.605008908293464
tfnbs,"e=0.6,h=4.0,n=30,start_thres=1.25",hub,0.25,100,15,40,1730,36,2,4,1728,0.9,0.0011560693641618,0.9473684210526316,0.0526315789473684,7.605008908293464
tfnbs,"e=0.6,h=5.0,n=30,start_thres=1.25",hub,0.25,100,15,40,1730,36,2,4,1728,0.9,0.0011560693641618,0.9473684210526316,0.0526315789473684,7.605008908293464
tfnbs,"e=0.6,h=6.0,n=30,start_thres=1.25",hub,0.25,100,15,40,1730,36,1,4,1729,0.9,0.0005780346820809,0.972972972972973,0.027027027027027,7.605008908293464
tfnbs,"e=0.6,h=7.0,n=30,start_thres=1.25",hub,0.25,100,15,40,1730,36,1,4,1729,0.9,0.0005780346820809,0.972972972972973,0.027027027027027,7.605008908293464
tfnbs,"e=0.6,h=8.0,n=30,start_thres=1.25",hub,0.25,100,15,40,1730,35,0,5,1730,0.875,0.0,1.0,0.0,7.605008908293464
tfnbs,"e=0.6,h=9.0,n=30,start_thres=1.25",hub,0.25,100,15,40,1730,35,0,5,1730,0.875,0.0,1.0,0.0,7.605008908293464
tfnbs,"e=0.6,h=10.0,n=30,start_thres=1.25",hub,0.25,100,15,40,1730,35,0,5,1730,0.875,0.0,1.0,0.0,7.605008908293464
tfnbs,"e=0.7,h=0.5,n=30,start_thres=1.25",hub,0.25,100,15,40,1730,37,3,3,1727,0.925,0.0017341040462427,0.925,0.075,7.605008908293464
tfnbs,"e=0.7,h=1.0,n=30,start_thres=1.25",hub,0.25,100,15,40,1730,37,3,3,1727,0.925,0.0017341040462427,0.925,0.075,7.605008908293464
tfnbs,"e=0.7,h=2.0,n=30,start_thres=1.25",hub,0.25,100,15,40,1730,37,3,3,1727,0.925,0.0017341040462427,0.925,0.075,7.605008908293464
tfnbs,"e=0.7,h=3.0,n=30,start_thres=1.25",hub,0.25,100,15,40,1730,37,3,3,1727,0.925,0.0017341040462427,0.925,0.075,7.605008908293464
tfnbs,"e=0.7,h=4.0,n=30,start_thres=1.25",hub,0.25,100,15,40,1730,37,3,3,1727,0.925,0.0017341040462427,0.925,0.075,7.605008908293464
tfnbs,"e=0.7,h=5.0,n=30,start_thres=1.25",hub,0.25,100,15,40,1730,36,2,4,1728,0.9,0.0011560693641618,0.9473684210526316,0.0526315789473684,7.605008908293464
tfnbs,"e=0.7,h=6.0,n=30,start_thres=1.25",hub,0.25,100,15,40,1730,36,2,4,1728,0.9,0.0011560693641618,0.9473684210526316,0.0526315789473684,7.605008908293464
tfnbs,"e=0.7,h=7.0,n=30,start_thres=1.25",hub,0.25,100,15,40,1730,36,1,4,1729,0.9,0.0005780346820809,0.972972972972973,0.027027027027027,7.605008908293464
tfnbs,"e=0.7,h=8.0,n=30,start_thres=1.25",hub,0.25,100,15,40,1730,36,1,4,1729,0.9,0.0005780346820809,0.972972972972973,0.027027027027027,7.605008908293464
tfnbs,"e=0.7,h=9.0,n=30,start_thres=1.25",hub,0.25,100,15,40,1730,35,0,5,1730,0.875,0.0,1.0,0.0,7.605008908293464
tfnbs,"e=0.7,h=10.0,n=30,start_thres=1.25",hub,0.25,100,15,40,1730,35,0,5,1730,0.875,0.0,1.0,0.0,7.605008908293464
tfnbs,"e=0.8,h=0.5,n=30,start_thres=1.25",hub,0.25,100,15,40,1730,37,3,3,1727,0.925,0.0017341040462427,0.925,0.075,7.605008908293464
tfnbs,"e=0.8,h=1.0,n=30,start_thres=1.25",hub,0.25,100,15,40,1730,37,3,3,1727,0.925,0.0017341040462427,0.925,0.075,7.605008908293464
tfnbs,"e=0.8,h=2.0,n=30,start_thres=1.25",hub,0.25,100,15,40,1730,37,3,3,1727,0.925,0.0017341040462427,0.925,0.075,7.605008908293464
tfnbs,"e=0.8,h=3.0,n=30,start_thres=1.25",hub,0.25,100,15,40,1730,37,3,3,1727,0.925,0.0017341040462427,0.925,0.075,7.605008908293464
tfnbs,"e=0.8,h=4.0,n=30,start_thres=1.25",hub,0.25,100,15,40,1730,37,3,3,1727,0.925,0.0017341040462427,0.925,0.075,7.605008908293464
tfnbs,"e=0.8,h=5.0,n=30,start_thres=1.25",hub,0.25,100,15,40,1730,37,3,3,1727,0.925,0.0017341040462427,0.925,0.075,7.605008908293464
tfnbs,"e=0.8,h=6.0,n=30,start_thres=1.25",hub,0.25,100,15,40,1730,36,2,4,1728,0.9,0.0011560693641618,0.9473684210526316,0.0526315789473684,7.605008908293464
tfnbs,"e=0.8,h=7.0,n=30,start_thres=1.25",hub,0.25,100,15,40,1730,36,2,4,1728,0.9,0.0011560693641618,0.9473684210526316,0.0526315789473684,7.605008908293464
tfnbs,"e=0.8,h=8.0,n=30,start_thres=1.25",hub,0.25,100,15,40,1730,36,1,4,1729,0.9,0.0005780346820809,0.972972972972973,0.027027027027027,7.605008908293464
tfnbs,"e=0.8,h=9.0,n=30,start_thres=1.25",hub,0.25,100,15,40,1730,36,1,4,1729,0.9,0.0005780346820809,0.972972972972973,0.027027027027027,7.605008908293464
tfnbs,"e=0.8,h=10.0,n=30,start_thres=1.25",hub,0.25,100,15,40,1730,36,1,4,1729,0.9,0.0005780346820809,0.972972972972973,0.027027027027027,7.605008908293464
tfnbs,"e=0.9,h=0.5,n=30,start_thres=1.25",hub,0.25,100,15,40,1730,37,3,3,1727,0.925,0.0017341040462427,0.925,0.075,7.605008908293464
tfnbs,"e=0.9,h=1.0,n=30,start_thres=1.25",hub,0.25,100,15,40,1730,39,6,1,1724,0.975,0.0034682080924855,0.8666666666666667,0.1333333333333333,7.605008908293464
tfnbs,"e=0.9,h=2.0,n=30,start_thres=1.25",hub,0.25,100,15,40,1730,39,6,1,1724,0.975,0.0034682080924855,0.8666666666666667,0.1333333333333333,7.605008908293464
tfnbs,"e=0.9,h=3.0,n=30,start_thres=1.25",hub,0.25,100,15,40,1730,39,6,1,1724,0.975,0.0034682080924855,0.8666666666666667,0.1333333333333333,7.605008908293464
tfnbs,"e=0.9,h=4.0,n=30,start_thres=1.25",hub,0.25,100,15,40,1730,37,3,3,1727,0.925,0.0017341040462427,0.925,0.075,7.605008908293464
tfnbs,"e=0.9,h=5.0,n=30,start_thres=1.25",hub,0.25,100,15,40,1730,37,3,3,1727,0.925,0.0017341040462427,0.925,0.075,7.605008908293464
tfnbs,"e=0.9,h=6.0,n=30,start_thres=1.25",hub,0.25,100,15,40,1730,37,3,3,1727,0.925,0.0017341040462427,0.925,0.075,7.605008908293464
tfnbs,"e=0.9,h=7.0,n=30,start_thres=1.25",hub,0.25,100,15,40,1730,37,3,3,1727,0.925,0.0017341040462427,0.925,0.075,7.605008908293464
tfnbs,"e=0.9,h=8.0,n=30,start_thres=1.25",hub,0.25,100,15,40,1730,36,2,4,1728,0.9,0.0011560693641618,0.9473684210526316,0.0526315789473684,7.605008908293464
tfnbs,"e=0.9,h=9.0,n=30,start_thres=1.25",hub,0.25,100,15,40,1730,36,2,4,1728,0.9,0.0011560693641618,0.9473684210526316,0.0526315789473684,7.605008908293464
tfnbs,"e=0.9,h=10.0,n=30,start_thres=1.25",hub,0.25,100,15,40,1730,36,1,4,1729,0.9,0.0005780346820809,0.972972972972973,0.027027027027027,7.605008908293464
tfnbs,"e=1.0,h=0.5,n=30,start_thres=1.25",hub,0.25,100,15,40,1730,37,3,3,1727,0.925,0.0017341040462427,0.925,0.075,7.605008908293464
tfnbs,"e=1.0,h=1.0,n=30,start_thres=1.25",hub,0.25,100,15,40,1730,39,6,1,1724,0.975,0.0034682080924855,0.8666666666666667,0.1333333333333333,7.605008908293464
tfnbs,"e=1.0,h=2.0,n=30,start_thres=1.25",hub,0.25,100,15,40,1730,39,6,1,1724,0.975,0.0034682080924855,0.8666666666666667,0.1333333333333333,7.605008908293464
tfnbs,"e=1.0,h=3.0,n=30,start_thres=1.25",hub,0.25,100,15,40,1730,39,6,1,1724,0.975,0.0034682080924855,0.8666666666666667,0.1333333333333333,7.605008908293464
tfnbs,"e=1.0,h=4.0,n=30,start_thres=1.25",hub,0.25,100,15,40,1730,39,6,1,1724,0.975,0.0034682080924855,0.8666666666666667,0.1333333333333333,7.605008908293464
tfnbs,"e=1.0,h=5.0,n=30,start_thres=1.25",hub,0.25,100,15,40,1730,39,6,1,1724,0.975,0.0034682080924855,0.8666666666666667,0.1333333333333333,7.605008908293464
tfnbs,"e=1.0,h=6.0,n=30,start_thres=1.25",hub,0.25,100,15,40,1730,37,3,3,1727,0.925,0.0017341040462427,0.925,0.075,7.605008908293464
tfnbs,"e=1.0,h=7.0,n=30,start_thres=1.25",hub,0.25,100,15,40,1730,37,3,3,1727,0.925,0.0017341040462427,0.925,0.075,7.605008908293464
tfnbs,"e=1.0,h=8.0,n=30,start_thres=1.25",hub,0.25,100,15,40,1730,37,3,3,1727,0.925,0.0017341040462427,0.925,0.075,7.605008908293464
tfnbs,"e=1.0,h=9.0,n=30,start_thres=1.25",hub,0.25,100,15,40,1730,36,2,4,1728,0.9,0.0011560693641618,0.9473684210526316,0.0526315789473684,7.605008908293464
tfnbs,"e=1.0,h=10.0,n=30,start_thres=1.25",hub,0.25,100,15,40,1730,36,2,4,1728,0.9,0.0011560693641618,0.9473684210526316,0.0526315789473684,7.605008908293464
tfnbs,"e=1.1,h=0.5,n=30,start_thres=1.25",hub,0.25,100,15,40,1730,39,6,1,1724,0.975,0.0034682080924855,0.8666666666666667,0.1333333333333333,7.605008908293464
tfnbs,"e=1.1,h=1.0,n=30,start_thres=1.25",hub,0.25,100,15,40,1730,39,6,1,1724,0.975,0.0034682080924855,0.8666666666666667,0.1333333333333333,7.605008908293464
tfnbs,"e=1.1,h=2.0,n=30,start_thres=1.25",hub,0.25,100,15,40,1730,39,6,1,1724,0.975,0.0034682080924855,0.8666666666666667,0.1333333333333333,7.605008908293464
tfnbs,"e=1.1,h=3.0,n=30,start_thres=1.25",hub,0.25,100,15,40,1730,39,6,1,1724,0.975,0.0034682080924855,0.8666666666666667,0.1333333333333333,7.605008908293464
tfnbs,"e=1.1,h=4.0,n=30,start_thres=1.25",hub,0.25,100,15,40,1730,39,6,1,1724,0.975,0.0034682080924855,0.8666666666666667,0.1333333333333333,7.605008908293464
tfnbs,"e=1.1,h=5.0,n=30,start_thres=1.25",hub,0.25,100,15,40,1730,39,6,1,1724,0.975,0.0034682080924855,0.8666666666666667,0.1333333333333333,7.605008908293464
tfnbs,"e=1.1,h=6.0,n=30,start_thres=1.25",hub,0.25,100,15,40,1730,39,6,1,1724,0.975,0.0034682080924855,0.8666666666666667,0.1333333333333333,7.605008908293464
tfnbs,"e=1.1,h=7.0,n=30,start_thres=1.25",hub,0.25,100,15,40,1730,37,3,3,1727,0.925,0.0017341040462427,0.925,0.075,7.605008908293464
tfnbs,"e=1.1,h=8.0,n=30,start_thres=1.25",hub,0.25,100,15,40,1730,37,3,3,1727,0.925,0.0017341040462427,0.925,0.075,7.605008908293464
tfnbs,"e=1.1,h=9.0,n=30,start_thres=1.25",hub,0.25,100,15,40,1730,37,3,3,1727,0.925,0.0017341040462427,0.925,0.075,7.605008908293464
tfnbs,"e=1.1,h=10.0,n=30,start_thres=1.25",hub,0.25,100,15,40,1730,36,2,4,1728,0.9,0.0011560693641618,0.9473684210526316,0.0526315789473684,7.605008908293464
tfnbs,"e=1.2,h=0.5,n=30,start_thres=1.25",hub,0.25,100,15,40,1730,37,3,3,1727,0.925,0.0017341040462427,0.925,0.075,7.605008908293464
tfnbs,"e=1.2,h=1.0,n=30,start_thres=1.25",hub,0.25,100,15,40,1730,39,6,1,1724,0.975,0.0034682080924855,0.8666666666666667,0.1333333333333333,7.605008908293464
tfnbs,"e=1.2,h=2.0,n=30,start_thres=1.25",hub,0.25,100,15,40,1730,39,6,1,1724,0.975,0.0034682080924855,0.8666666666666667,0.1333333333333333,7.605008908293464
tfnbs,"e=1.2,h=3.0,n=30,start_thres=1.25",hub,0.25,100,15,40,1730,39,6,1,1724,0.975,0.0034682080924855,0.8666666666666667,0.1333333333333333,7.605008908293464
tfnbs,"e=1.2,h=4.0,n=30,start_thres=1.25",hub,0.25,100,15,40,1730,39,6,1,1724,0.975,0.0034682080924855,0.8666666666666667,0.1333333333333333,7.605008908293464
tfnbs,"e=1.2,h=5.0,n=30,start_thres=1.25",hub,0.25,100,15,40,1730,39,6,1,1724,0.975,0.0034682080924855,0.8666666666666667,0.1333333333333333,7.605008908293464
tfnbs,"e=1.2,h=6.0,n=30,start_thres=1.25",hub,0.25,100,15,40,1730,39,6,1,1724,0.975,0.0034682080924855,0.8666666666666667,0.1333333333333333,7.605008908293464
tfnbs,"e=1.2,h=7.0,n=30,start_thres=1.25",hub,0.25,100,15,40,1730,39,6,1,1724,0.975,0.0034682080924855,0.8666666666666667,0.1333333333333333,7.605008908293464
tfnbs,"e=1.2,h=8.0,n=30,start_thres=1.25",hub,0.25,100,15,40,1730,37,3,3,1727,0.925,0.0017341040462427,0.925,0.075,7.605008908293464
tfnbs,"e=1.2,h=9.0,n=30,start_thres=1.25",hub,0.25,100,15,40,1730,37,3,3,1727,0.925,0.0017341040462427,0.925,0.075,7.605008908293464
tfnbs,"e=1.2,h=10.0,n=30,start_thres=1.25",hub,0.25,100,15,40,1730,37,3,3,1727,0.925,0.0017341040462427,0.925,0.075,7.605008908293464
tfnbs,"e=1.3,h=0.5,n=30,start_thres=1.25",hub,0.25,100,15,40,1730,37,3,3,1727,0.925,0.0017341040462427,0.925,0.075,7.605008908293464
tfnbs,"e=1.3,h=1.0,n=30,start_thres=1.25",hub,0.25,100,15,40,1730,39,6,1,1724,0.975,0.0034682080924855,0.8666666666666667,0.1333333333333333,7.605008908293464
tfnbs,"e=1.3,h=2.0,n=30,start_thres=1.25",hub,0.25,100,15,40,1730,39,6,1,1724,0.975,0.0034682080924855,0.8666666666666667,0.1333333333333333,7.605008908293464
tfnbs,"e=1.3,h=3.0,n=30,start_thres=1.25",hub,0.25,100,15,40,1730,39,6,1,1724,0.975,0.0034682080924855,0.8666666666666667,0.1333333333333333,7.605008908293464
tfnbs,"e=1.3,h=4.0,n=30,start_thres=1.25",hub,0.25,100,15,40,1730,39,6,1,1724,0.975,0.0034682080924855,0.8666666666666667,0.1333333333333333,7.605008908293464
tfnbs,"e=1.3,h=5.0,n=30,start_thres=1.25",hub,0.25,100,15,40,1730,39,6,1,1724,0.975,0.0034682080924855,0.8666666666666667,0.1333333333333333,7.605008908293464
tfnbs,"e=1.3,h=6.0,n=30,start_thres=1.25",hub,0.25,100,15,40,1730,39,6,1,1724,0.975,0.0034682080924855,0.8666666666666667,0.1333333333333333,7.605008908293464
tfnbs,"e=1.3,h=7.0,n=30,start_thres=1.25",hub,0.25,100,15,40,1730,39,6,1,1724,0.975,0.0034682080924855,0.8666666666666667,0.1333333333333333,7.605008908293464
tfnbs,"e=1.3,h=8.0,n=30,start_thres=1.25",hub,0.25,100,15,40,1730,39,6,1,1724,0.975,0.0034682080924855,0.8666666666666667,0.1333333333333333,7.605008908293464
tfnbs,"e=1.3,h=9.0,n=30,start_thres=1.25",hub,0.25,100,15,40,1730,37,3,3,1727,0.925,0.0017341040462427,0.925,0.075,7.605008908293464
tfnbs,"e=1.3,h=10.0,n=30,start_thres=1.25",hub,0.25,100,15,40,1730,37,3,3,1727,0.925,0.0017341040462427,0.925,0.075,7.605008908293464
tfnbs,"e=1.4,h=0.5,n=30,start_thres=1.25",hub,0.25,100,15,40,1730,37,3,3,1727,0.925,0.0017341040462427,0.925,0.075,7.605008908293464
tfnbs,"e=1.4,h=1.0,n=30,start_thres=1.25",hub,0.25,100,15,40,1730,39,6,1,1724,0.975,0.0034682080924855,0.8666666666666667,0.1333333333333333,7.605008908293464
tfnbs,"e=1.4,h=2.0,n=30,start_thres=1.25",hub,0.25,100,15,40,1730,39,6,1,1724,0.975,0.0034682080924855,0.8666666666666667,0.1333333333333333,7.605008908293464
tfnbs,"e=1.4,h=3.0,n=30,start_thres=1.25",hub,0.25,100,15,40,1730,39,6,1,1724,0.975,0.0034682080924855,0.8666666666666667,0.1333333333333333,7.605008908293464
tfnbs,"e=1.4,h=4.0,n=30,start_thres=1.25",hub,0.25,100,15,40,1730,39,6,1,1724,0.975,0.0034682080924855,0.8666666666666667,0.1333333333333333,7.605008908293464
tfnbs,"e=1.4,h=5.0,n=30,start_thres=1.25",hub,0.25,100,15,40,1730,39,6,1,1724,0.975,0.0034682080924855,0.8666666666666667,0.1333333333333333,7.605008908293464
tfnbs,"e=1.4,h=6.0,n=30,start_thres=1.25",hub,0.25,100,15,40,1730,39,6,1,1724,0.975,0.0034682080924855,0.8666666666666667,0.1333333333333333,7.605008908293464
tfnbs,"e=1.4,h=7.0,n=30,start_thres=1.25",hub,0.25,100,15,40,1730,39,6,1,1724,0.975,0.0034682080924855,0.8666666666666667,0.1333333333333333,7.605008908293464
tfnbs,"e=1.4,h=8.0,n=30,start_thres=1.25",hub,0.25,100,15,40,1730,39,6,1,1724,0.975,0.0034682080924855,0.8666666666666667,0.1333333333333333,7.605008908293464
tfnbs,"e=1.4,h=9.0,n=30,start_thres=1.25",hub,0.25,100,15,40,1730,39,6,1,1724,0.975,0.0034682080924855,0.8666666666666667,0.1333333333333333,7.605008908293464
tfnbs,"e=1.4,h=10.0,n=30,start_thres=1.25",hub,0.25,100,15,40,1730,39,6,1,1724,0.975,0.0034682080924855,0.8666666666666667,0.1333333333333333,7.605008908293464
tfnbs,"e=1.5,h=0.5,n=30,start_thres=1.25",hub,0.25,100,15,40,1730,37,3,3,1727,0.925,0.0017341040462427,0.925,0.075,7.605008908293464
tfnbs,"e=1.5,h=1.0,n=30,start_thres=1.25",hub,0.25,100,15,40,1730,37,3,3,1727,0.925,0.0017341040462427,0.925,0.075,7.605008908293464
tfnbs,"e=1.5,h=2.0,n=30,start_thres=1.25",hub,0.25,100,15,40,1730,39,6,1,1724,0.975,0.0034682080924855,0.8666666666666667,0.1333333333333333,7.605008908293464
tfnbs,"e=1.5,h=3.0,n=30,start_thres=1.25",hub,0.25,100,15,40,1730,39,6,1,1724,0.975,0.0034682080924855,0.8666666666666667,0.1333333333333333,7.605008908293464
tfnbs,"e=1.5,h=4.0,n=30,start_thres=1.25",hub,0.25,100,15,40,1730,39,6,1,1724,0.975,0.0034682080924855,0.8666666666666667,0.1333333333333333,7.605008908293464
tfnbs,"e=1.5,h=5.0,n=30,start_thres=1.25",hub,0.25,100,15,40,1730,39,6,1,1724,0.975,0.0034682080924855,0.8666666666666667,0.1333333333333333,7.605008908293464
tfnbs,"e=1.5,h=6.0,n=30,start_thres=1.25",hub,0.25,100,15,40,1730,39,6,1,1724,0.975,0.0034682080924855,0.8666666666666667,0.1333333333333333,7.605008908293464
tfnbs,"e=1.5,h=7.0,n=30,start_thres=1.25",hub,0.25,100,15,40,1730,39,6,1,1724,0.975,0.0034682080924855,0.8666666666666667,0.1333333333333333,7.605008908293464
tfnbs,"e=1.5,h=8.0,n=30,start_thres=1.25",hub,0.25,100,15,40,1730,39,6,1,1724,0.975,0.0034682080924855,0.8666666666666667,0.1333333333333333,7.605008908293464
tfnbs,"e=1.5,h=9.0,n=30,start_thres=1.25",hub,0.25,100,15,40,1730,39,6,1,1724,0.975,0.0034682080924855,0.8666666666666667,0.1333333333333333,7.605008908293464
tfnbs,"e=1.5,h=10.0,n=30,start_thres=1.25",hub,0.25,100,15,40,1730,39,6,1,1724,0.975,0.0034682080924855,0.8666666666666667,0.1333333333333333,7.605008908293464
tfnbs,"e=0.05,h=0.5,n=30,start_thres=1.25",hub,0.25,100,16,40,1730,35,0,5,1730,0.875,0.0,1.0,0.0,7.604816771366379
tfnbs,"e=0.05,h=1.0,n=30,start_thres=1.25",hub,0.25,100,16,40,1730,35,0,5,1730,0.875,0.0,1.0,0.0,7.604816771366379
tfnbs,"e=0.05,h=2.0,n=30,start_thres=1.25",hub,0.25,100,16,40,1730,35,0,5,1730,0.875,0.0,1.0,0.0,7.604816771366379
tfnbs,"e=0.05,h=3.0,n=30,start_thres=1.25",hub,0.25,100,16,40,1730,35,0,5,1730,0.875,0.0,1.0,0.0,7.604816771366379
tfnbs,"e=0.05,h=4.0,n=30,start_thres=1.25",hub,0.25,100,16,40,1730,35,0,5,1730,0.875,0.0,1.0,0.0,7.604816771366379
tfnbs,"e=0.05,h=5.0,n=30,start_thres=1.25",hub,0.25,100,16,40,1730,35,0,5,1730,0.875,0.0,1.0,0.0,7.604816771366379
tfnbs,"e=0.05,h=6.0,n=30,start_thres=1.25",hub,0.25,100,16,40,1730,35,0,5,1730,0.875,0.0,1.0,0.0,7.604816771366379
tfnbs,"e=0.05,h=7.0,n=30,start_thres=1.25",hub,0.25,100,16,40,1730,35,0,5,1730,0.875,0.0,1.0,0.0,7.604816771366379
tfnbs,"e=0.05,h=8.0,n=30,start_thres=1.25",hub,0.25,100,16,40,1730,35,0,5,1730,0.875,0.0,1.0,0.0,7.604816771366379
tfnbs,"e=0.05,h=9.0,n=30,start_thres=1.25",hub,0.25,100,16,40,1730,35,0,5,1730,0.875,0.0,1.0,0.0,7.604816771366379
tfnbs,"e=0.05,h=10.0,n=30,start_thres=1.25",hub,0.25,100,16,40,1730,35,0,5,1730,0.875,0.0,1.0,0.0,7.604816771366379
tfnbs,"e=0.1,h=0.5,n=30,start_thres=1.25",hub,0.25,100,16,40,1730,35,0,5,1730,0.875,0.0,1.0,0.0,7.604816771366379
tfnbs,"e=0.1,h=1.0,n=30,start_thres=1.25",hub,0.25,100,16,40,1730,35,0,5,1730,0.875,0.0,1.0,0.0,7.604816771366379
tfnbs,"e=0.1,h=2.0,n=30,start_thres=1.25",hub,0.25,100,16,40,1730,35,0,5,1730,0.875,0.0,1.0,0.0,7.604816771366379
tfnbs,"e=0.1,h=3.0,n=30,start_thres=1.25",hub,0.25,100,16,40,1730,35,0,5,1730,0.875,0.0,1.0,0.0,7.604816771366379
tfnbs,"e=0.1,h=4.0,n=30,start_thres=1.25",hub,0.25,100,16,40,1730,35,0,5,1730,0.875,0.0,1.0,0.0,7.604816771366379
tfnbs,"e=0.1,h=5.0,n=30,start_thres=1.25",hub,0.25,100,16,40,1730,35,0,5,1730,0.875,0.0,1.0,0.0,7.604816771366379
tfnbs,"e=0.1,h=6.0,n=30,start_thres=1.25",hub,0.25,100,16,40,1730,35,0,5,1730,0.875,0.0,1.0,0.0,7.604816771366379
tfnbs,"e=0.1,h=7.0,n=30,start_thres=1.25",hub,0.25,100,16,40,1730,35,0,5,1730,0.875,0.0,1.0,0.0,7.604816771366379
tfnbs,"e=0.1,h=8.0,n=30,start_thres=1.25",hub,0.25,100,16,40,1730,35,0,5,1730,0.875,0.0,1.0,0.0,7.604816771366379
tfnbs,"e=0.1,h=9.0,n=30,start_thres=1.25",hub,0.25,100,16,40,1730,35,0,5,1730,0.875,0.0,1.0,0.0,7.604816771366379
tfnbs,"e=0.1,h=10.0,n=30,start_thres=1.25",hub,0.25,100,16,40,1730,35,0,5,1730,0.875,0.0,1.0,0.0,7.604816771366379
tfnbs,"e=0.2,h=0.5,n=30,start_thres=1.25",hub,0.25,100,16,40,1730,38,0,2,1730,0.95,0.0,1.0,0.0,7.604816771366379
tfnbs,"e=0.2,h=1.0,n=30,start_thres=1.25",hub,0.25,100,16,40,1730,38,0,2,1730,0.95,0.0,1.0,0.0,7.604816771366379
tfnbs,"e=0.2,h=2.0,n=30,start_thres=1.25",hub,0.25,100,16,40,1730,38,0,2,1730,0.95,0.0,1.0,0.0,7.604816771366379
tfnbs,"e=0.2,h=3.0,n=30,start_thres=1.25",hub,0.25,100,16,40,1730,35,0,5,1730,0.875,0.0,1.0,0.0,7.604816771366379
tfnbs,"e=0.2,h=4.0,n=30,start_thres=1.25",hub,0.25,100,16,40,1730,35,0,5,1730,0.875,0.0,1.0,0.0,7.604816771366379
tfnbs,"e=0.2,h=5.0,n=30,start_thres=1.25",hub,0.25,100,16,40,1730,35,0,5,1730,0.875,0.0,1.0,0.0,7.604816771366379
tfnbs,"e=0.2,h=6.0,n=30,start_thres=1.25",hub,0.25,100,16,40,1730,35,0,5,1730,0.875,0.0,1.0,0.0,7.604816771366379
tfnbs,"e=0.2,h=7.0,n=30,start_thres=1.25",hub,0.25,100,16,40,1730,35,0,5,1730,0.875,0.0,1.0,0.0,7.604816771366379
tfnbs,"e=0.2,h=8.0,n=30,start_thres=1.25",hub,0.25,100,16,40,1730,35,0,5,1730,0.875,0.0,1.0,0.0,7.604816771366379
tfnbs,"e=0.2,h=9.0,n=30,start_thres=1.25",hub,0.25,100,16,40,1730,35,0,5,1730,0.875,0.0,1.0,0.0,7.604816771366379
tfnbs,"e=0.2,h=10.0,n=30,start_thres=1.25",hub,0.25,100,16,40,1730,35,0,5,1730,0.875,0.0,1.0,0.0,7.604816771366379
tfnbs,"e=0.3,h=0.5,n=30,start_thres=1.25",hub,0.25,100,16,40,1730,39,3,1,1727,0.975,0.0017341040462427,0.9285714285714286,0.0714285714285714,7.604816771366379
tfnbs,"e=0.3,h=1.0,n=30,start_thres=1.25",hub,0.25,100,16,40,1730,38,2,2,1728,0.95,0.0011560693641618,0.95,0.05,7.604816771366379
tfnbs,"e=0.3,h=2.0,n=30,start_thres=1.25",hub,0.25,100,16,40,1730,38,2,2,1728,0.95,0.0011560693641618,0.95,0.05,7.604816771366379
tfnbs,"e=0.3,h=3.0,n=30,start_thres=1.25",hub,0.25,100,16,40,1730,38,0,2,1730,0.95,0.0,1.0,0.0,7.604816771366379
tfnbs,"e=0.3,h=4.0,n=30,start_thres=1.25",hub,0.25,100,16,40,1730,38,0,2,1730,0.95,0.0,1.0,0.0,7.604816771366379
tfnbs,"e=0.3,h=5.0,n=30,start_thres=1.25",hub,0.25,100,16,40,1730,38,0,2,1730,0.95,0.0,1.0,0.0,7.604816771366379
tfnbs,"e=0.3,h=6.0,n=30,start_thres=1.25",hub,0.25,100,16,40,1730,35,0,5,1730,0.875,0.0,1.0,0.0,7.604816771366379
tfnbs,"e=0.3,h=7.0,n=30,start_thres=1.25",hub,0.25,100,16,40,1730,35,0,5,1730,0.875,0.0,1.0,0.0,7.604816771366379
tfnbs,"e=0.3,h=8.0,n=30,start_thres=1.25",hub,0.25,100,16,40,1730,35,0,5,1730,0.875,0.0,1.0,0.0,7.604816771366379
tfnbs,"e=0.3,h=9.0,n=30,start_thres=1.25",hub,0.25,100,16,40,1730,35,0,5,1730,0.875,0.0,1.0,0.0,7.604816771366379
tfnbs,"e=0.3,h=10.0,n=30,start_thres=1.25",hub,0.25,100,16,40,1730,35,0,5,1730,0.875,0.0,1.0,0.0,7.604816771366379
tfnbs,"e=0.4,h=0.5,n=30,start_thres=1.25",hub,0.25,100,16,40,1730,40,5,0,1725,1.0,0.0028901734104046,0.8888888888888888,0.1111111111111111,7.604816771366379
tfnbs,"e=0.4,h=1.0,n=30,start_thres=1.25",hub,0.25,100,16,40,1730,39,3,1,1727,0.975,0.0017341040462427,0.9285714285714286,0.0714285714285714,7.604816771366379
tfnbs,"e=0.4,h=2.0,n=30,start_thres=1.25",hub,0.25,100,16,40,1730,39,3,1,1727,0.975,0.0017341040462427,0.9285714285714286,0.0714285714285714,7.604816771366379
tfnbs,"e=0.4,h=3.0,n=30,start_thres=1.25",hub,0.25,100,16,40,1730,38,2,2,1728,0.95,0.0011560693641618,0.95,0.05,7.604816771366379
tfnbs,"e=0.4,h=4.0,n=30,start_thres=1.25",hub,0.25,100,16,40,1730,38,2,2,1728,0.95,0.0011560693641618,0.95,0.05,7.604816771366379
tfnbs,"e=0.4,h=5.0,n=30,start_thres=1.25",hub,0.25,100,16,40,1730,38,2,2,1728,0.95,0.0011560693641618,0.95,0.05,7.604816771366379
tfnbs,"e=0.4,h=6.0,n=30,start_thres=1.25",hub,0.25,100,16,40,1730,38,0,2,1730,0.95,0.0,1.0,0.0,7.604816771366379
tfnbs,"e=0.4,h=7.0,n=30,start_thres=1.25",hub,0.25,100,16,40,1730,38,0,2,1730,0.95,0.0,1.0,0.0,7.604816771366379
tfnbs,"e=0.4,h=8.0,n=30,start_thres=1.25",hub,0.25,100,16,40,1730,38,0,2,1730,0.95,0.0,1.0,0.0,7.604816771366379
tfnbs,"e=0.4,h=9.0,n=30,start_thres=1.25",hub,0.25,100,16,40,1730,35,0,5,1730,0.875,0.0,1.0,0.0,7.604816771366379
tfnbs,"e=0.4,h=10.0,n=30,start_thres=1.25",hub,0.25,100,16,40,1730,35,0,5,1730,0.875,0.0,1.0,0.0,7.604816771366379
tfnbs,"e=0.5,h=0.5,n=30,start_thres=1.25",hub,0.25,100,16,40,1730,40,5,0,1725,1.0,0.0028901734104046,0.8888888888888888,0.1111111111111111,7.604816771366379
tfnbs,"e=0.5,h=1.0,n=30,start_thres=1.25",hub,0.25,100,16,40,1730,40,5,0,1725,1.0,0.0028901734104046,0.8888888888888888,0.1111111111111111,7.604816771366379
tfnbs,"e=0.5,h=2.0,n=30,start_thres=1.25",hub,0.25,100,16,40,1730,40,5,0,1725,1.0,0.0028901734104046,0.8888888888888888,0.1111111111111111,7.604816771366379
tfnbs,"e=0.5,h=3.0,n=30,start_thres=1.25",hub,0.25,100,16,40,1730,39,3,1,1727,0.975,0.0017341040462427,0.9285714285714286,0.0714285714285714,7.604816771366379
tfnbs,"e=0.5,h=4.0,n=30,start_thres=1.25",hub,0.25,100,16,40,1730,39,3,1,1727,0.975,0.0017341040462427,0.9285714285714286,0.0714285714285714,7.604816771366379
tfnbs,"e=0.5,h=5.0,n=30,start_thres=1.25",hub,0.25,100,16,40,1730,38,2,2,1728,0.95,0.0011560693641618,0.95,0.05,7.604816771366379
tfnbs,"e=0.5,h=6.0,n=30,start_thres=1.25",hub,0.25,100,16,40,1730,38,2,2,1728,0.95,0.0011560693641618,0.95,0.05,7.604816771366379
tfnbs,"e=0.5,h=7.0,n=30,start_thres=1.25",hub,0.25,100,16,40,1730,38,2,2,1728,0.95,0.0011560693641618,0.95,0.05,7.604816771366379
tfnbs,"e=0.5,h=8.0,n=30,start_thres=1.25",hub,0.25,100,16,40,1730,38,0,2,1730,0.95,0.0,1.0,0.0,7.604816771366379
tfnbs,"e=0.5,h=9.0,n=30,start_thres=1.25",hub,0.25,100,16,40,1730,38,0,2,1730,0.95,0.0,1.0,0.0,7.604816771366379
tfnbs,"e=0.5,h=10.0,n=30,start_thres=1.25",hub,0.25,100,16,40,1730,38,0,2,1730,0.95,0.0,1.0,0.0,7.604816771366379
tfnbs,"e=0.6,h=0.5,n=30,start_thres=1.25",hub,0.25,100,16,40,1730,40,6,0,1724,1.0,0.0034682080924855,0.8695652173913043,0.1304347826086956,7.604816771366379
tfnbs,"e=0.6,h=1.0,n=30,start_thres=1.25",hub,0.25,100,16,40,1730,40,6,0,1724,1.0,0.0034682080924855,0.8695652173913043,0.1304347826086956,7.604816771366379
tfnbs,"e=0.6,h=2.0,n=30,start_thres=1.25",hub,0.25,100,16,40,1730,40,5,0,1725,1.0,0.0028901734104046,0.8888888888888888,0.1111111111111111,7.604816771366379
tfnbs,"e=0.6,h=3.0,n=30,start_thres=1.25",hub,0.25,100,16,40,1730,40,5,0,1725,1.0,0.0028901734104046,0.8888888888888888,0.1111111111111111,7.604816771366379
tfnbs,"e=0.6,h=4.0,n=30,start_thres=1.25",hub,0.25,100,16,40,1730,40,5,0,1725,1.0,0.0028901734104046,0.8888888888888888,0.1111111111111111,7.604816771366379
tfnbs,"e=0.6,h=5.0,n=30,start_thres=1.25",hub,0.25,100,16,40,1730,39,3,1,1727,0.975,0.0017341040462427,0.9285714285714286,0.0714285714285714,7.604816771366379
tfnbs,"e=0.6,h=6.0,n=30,start_thres=1.25",hub,0.25,100,16,40,1730,39,3,1,1727,0.975,0.0017341040462427,0.9285714285714286,0.0714285714285714,7.604816771366379
tfnbs,"e=0.6,h=7.0,n=30,start_thres=1.25",hub,0.25,100,16,40,1730,38,2,2,1728,0.95,0.0011560693641618,0.95,0.05,7.604816771366379
tfnbs,"e=0.6,h=8.0,n=30,start_thres=1.25",hub,0.25,100,16,40,1730,38,2,2,1728,0.95,0.0011560693641618,0.95,0.05,7.604816771366379
tfnbs,"e=0.6,h=9.0,n=30,start_thres=1.25",hub,0.25,100,16,40,1730,38,0,2,1730,0.95,0.0,1.0,0.0,7.604816771366379
tfnbs,"e=0.6,h=10.0,n=30,start_thres=1.25",hub,0.25,100,16,40,1730,38,0,2,1730,0.95,0.0,1.0,0.0,7.604816771366379
tfnbs,"e=0.7,h=0.5,n=30,start_thres=1.25",hub,0.25,100,16,40,1730,40,6,0,1724,1.0,0.0034682080924855,0.8695652173913043,0.1304347826086956,7.604816771366379
tfnbs,"e=0.7,h=1.0,n=30,start_thres=1.25",hub,0.25,100,16,40,1730,40,6,0,1724,1.0,0.0034682080924855,0.8695652173913043,0.1304347826086956,7.604816771366379
tfnbs,"e=0.7,h=2.0,n=30,start_thres=1.25",hub,0.25,100,16,40,1730,40,6,0,1724,1.0,0.0034682080924855,0.8695652173913043,0.1304347826086956,7.604816771366379
tfnbs,"e=0.7,h=3.0,n=30,start_thres=1.25",hub,0.25,100,16,40,1730,40,6,0,1724,1.0,0.0034682080924855,0.8695652173913043,0.1304347826086956,7.604816771366379
tfnbs,"e=0.7,h=4.0,n=30,start_thres=1.25",hub,0.25,100,16,40,1730,40,5,0,1725,1.0,0.0028901734104046,0.8888888888888888,0.1111111111111111,7.604816771366379
tfnbs,"e=0.7,h=5.0,n=30,start_thres=1.25",hub,0.25,100,16,40,1730,40,5,0,1725,1.0,0.0028901734104046,0.8888888888888888,0.1111111111111111,7.604816771366379
tfnbs,"e=0.7,h=6.0,n=30,start_thres=1.25",hub,0.25,100,16,40,1730,39,3,1,1727,0.975,0.0017341040462427,0.9285714285714286,0.0714285714285714,7.604816771366379
tfnbs,"e=0.7,h=7.0,n=30,start_thres=1.25",hub,0.25,100,16,40,1730,39,3,1,1727,0.975,0.0017341040462427,0.9285714285714286,0.0714285714285714,7.604816771366379
tfnbs,"e=0.7,h=8.0,n=30,start_thres=1.25",hub,0.25,100,16,40,1730,38,2,2,1728,0.95,0.0011560693641618,0.95,0.05,7.604816771366379
tfnbs,"e=0.7,h=9.0,n=30,start_thres=1.25",hub,0.25,100,16,40,1730,38,2,2,1728,0.95,0.0011560693641618,0.95,0.05,7.604816771366379
tfnbs,"e=0.7,h=10.0,n=30,start_thres=1.25",hub,0.25,100,16,40,1730,38,2,2,1728,0.95,0.0011560693641618,0.95,0.05,7.604816771366379
tfnbs,"e=0.8,h=0.5,n=30,start_thres=1.25",hub,0.25,100,16,40,1730,40,6,0,1724,1.0,0.0034682080924855,0.8695652173913043,0.1304347826086956,7.604816771366379
tfnbs,"e=0.8,h=1.0,n=30,start_thres=1.25",hub,0.25,100,16,40,1730,40,6,0,1724,1.0,0.0034682080924855,0.8695652173913043,0.1304347826086956,7.604816771366379
tfnbs,"e=0.8,h=2.0,n=30,start_thres=1.25",hub,0.25,100,16,40,1730,40,6,0,1724,1.0,0.0034682080924855,0.8695652173913043,0.1304347826086956,7.604816771366379
tfnbs,"e=0.8,h=3.0,n=30,start_thres=1.25",hub,0.25,100,16,40,1730,40,6,0,1724,1.0,0.0034682080924855,0.8695652173913043,0.1304347826086956,7.604816771366379
tfnbs,"e=0.8,h=4.0,n=30,start_thres=1.25",hub,0.25,100,16,40,1730,40,6,0,1724,1.0,0.0034682080924855,0.8695652173913043,0.1304347826086956,7.604816771366379
tfnbs,"e=0.8,h=5.0,n=30,start_thres=1.25",hub,0.25,100,16,40,1730,40,5,0,1725,1.0,0.0028901734104046,0.8888888888888888,0.1111111111111111,7.604816771366379
tfnbs,"e=0.8,h=6.0,n=30,start_thres=1.25",hub,0.25,100,16,40,1730,40,5,0,1725,1.0,0.0028901734104046,0.8888888888888888,0.1111111111111111,7.604816771366379
tfnbs,"e=0.8,h=7.0,n=30,start_thres=1.25",hub,0.25,100,16,40,1730,39,3,1,1727,0.975,0.0017341040462427,0.9285714285714286,0.0714285714285714,7.604816771366379
tfnbs,"e=0.8,h=8.0,n=30,start_thres=1.25",hub,0.25,100,16,40,1730,39,3,1,1727,0.975,0.0017341040462427,0.9285714285714286,0.0714285714285714,7.604816771366379
tfnbs,"e=0.8,h=9.0,n=30,start_thres=1.25",hub,0.25,100,16,40,1730,39,3,1,1727,0.975,0.0017341040462427,0.9285714285714286,0.0714285714285714,7.604816771366379
tfnbs,"e=0.8,h=10.0,n=30,start_thres=1.25",hub,0.25,100,16,40,1730,38,2,2,1728,0.95,0.0011560693641618,0.95,0.05,7.604816771366379
tfnbs,"e=0.9,h=0.5,n=30,start_thres=1.25",hub,0.25,100,16,40,1730,40,15,0,1715,1.0,0.0086705202312138,0.7272727272727273,0.2727272727272727,7.604816771366379
tfnbs,"e=0.9,h=1.0,n=30,start_thres=1.25",hub,0.25,100,16,40,1730,40,15,0,1715,1.0,0.0086705202312138,0.7272727272727273,0.2727272727272727,7.604816771366379
tfnbs,"e=0.9,h=2.0,n=30,start_thres=1.25",hub,0.25,100,16,40,1730,40,15,0,1715,1.0,0.0086705202312138,0.7272727272727273,0.2727272727272727,7.604816771366379
tfnbs,"e=0.9,h=3.0,n=30,start_thres=1.25",hub,0.25,100,16,40,1730,40,15,0,1715,1.0,0.0086705202312138,0.7272727272727273,0.2727272727272727,7.604816771366379
tfnbs,"e=0.9,h=4.0,n=30,start_thres=1.25",hub,0.25,100,16,40,1730,40,6,0,1724,1.0,0.0034682080924855,0.8695652173913043,0.1304347826086956,7.604816771366379
tfnbs,"e=0.9,h=5.0,n=30,start_thres=1.25",hub,0.25,100,16,40,1730,40,6,0,1724,1.0,0.0034682080924855,0.8695652173913043,0.1304347826086956,7.604816771366379
tfnbs,"e=0.9,h=6.0,n=30,start_thres=1.25",hub,0.25,100,16,40,1730,40,5,0,1725,1.0,0.0028901734104046,0.8888888888888888,0.1111111111111111,7.604816771366379
tfnbs,"e=0.9,h=7.0,n=30,start_thres=1.25",hub,0.25,100,16,40,1730,40,5,0,1725,1.0,0.0028901734104046,0.8888888888888888,0.1111111111111111,7.604816771366379
tfnbs,"e=0.9,h=8.0,n=30,start_thres=1.25",hub,0.25,100,16,40,1730,40,5,0,1725,1.0,0.0028901734104046,0.8888888888888888,0.1111111111111111,7.604816771366379
tfnbs,"e=0.9,h=9.0,n=30,start_thres=1.25",hub,0.25,100,16,40,1730,39,3,1,1727,0.975,0.0017341040462427,0.9285714285714286,0.0714285714285714,7.604816771366379
tfnbs,"e=0.9,h=10.0,n=30,start_thres=1.25",hub,0.25,100,16,40,1730,39,3,1,1727,0.975,0.0017341040462427,0.9285714285714286,0.0714285714285714,7.604816771366379
tfnbs,"e=1.0,h=0.5,n=30,start_thres=1.25",hub,0.25,100,16,40,1730,40,15,0,1715,1.0,0.0086705202312138,0.7272727272727273,0.2727272727272727,7.604816771366379
tfnbs,"e=1.0,h=1.0,n=30,start_thres=1.25",hub,0.25,100,16,40,1730,40,15,0,1715,1.0,0.0086705202312138,0.7272727272727273,0.2727272727272727,7.604816771366379
tfnbs,"e=1.0,h=2.0,n=30,start_thres=1.25",hub,0.25,100,16,40,1730,40,15,0,1715,1.0,0.0086705202312138,0.7272727272727273,0.2727272727272727,7.604816771366379
tfnbs,"e=1.0,h=3.0,n=30,start_thres=1.25",hub,0.25,100,16,40,1730,40,15,0,1715,1.0,0.0086705202312138,0.7272727272727273,0.2727272727272727,7.604816771366379
tfnbs,"e=1.0,h=4.0,n=30,start_thres=1.25",hub,0.25,100,16,40,1730,40,15,0,1715,1.0,0.0086705202312138,0.7272727272727273,0.2727272727272727,7.604816771366379
tfnbs,"e=1.0,h=5.0,n=30,start_thres=1.25",hub,0.25,100,16,40,1730,40,6,0,1724,1.0,0.0034682080924855,0.8695652173913043,0.1304347826086956,7.604816771366379
tfnbs,"e=1.0,h=6.0,n=30,start_thres=1.25",hub,0.25,100,16,40,1730,40,6,0,1724,1.0,0.0034682080924855,0.8695652173913043,0.1304347826086956,7.604816771366379
tfnbs,"e=1.0,h=7.0,n=30,start_thres=1.25",hub,0.25,100,16,40,1730,40,5,0,1725,1.0,0.0028901734104046,0.8888888888888888,0.1111111111111111,7.604816771366379
tfnbs,"e=1.0,h=8.0,n=30,start_thres=1.25",hub,0.25,100,16,40,1730,40,5,0,1725,1.0,0.0028901734104046,0.8888888888888888,0.1111111111111111,7.604816771366379
tfnbs,"e=1.0,h=9.0,n=30,start_thres=1.25",hub,0.25,100,16,40,1730,40,5,0,1725,1.0,0.0028901734104046,0.8888888888888888,0.1111111111111111,7.604816771366379
tfnbs,"e=1.0,h=10.0,n=30,start_thres=1.25",hub,0.25,100,16,40,1730,39,3,1,1727,0.975,0.0017341040462427,0.9285714285714286,0.0714285714285714,7.604816771366379
tfnbs,"e=1.1,h=0.5,n=30,start_thres=1.25",hub,0.25,100,16,40,1730,40,15,0,1715,1.0,0.0086705202312138,0.7272727272727273,0.2727272727272727,7.604816771366379
tfnbs,"e=1.1,h=1.0,n=30,start_thres=1.25",hub,0.25,100,16,40,1730,40,15,0,1715,1.0,0.0086705202312138,0.7272727272727273,0.2727272727272727,7.604816771366379
tfnbs,"e=1.1,h=2.0,n=30,start_thres=1.25",hub,0.25,100,16,40,1730,40,15,0,1715,1.0,0.0086705202312138,0.7272727272727273,0.2727272727272727,7.604816771366379
tfnbs,"e=1.1,h=3.0,n=30,start_thres=1.25",hub,0.25,100,16,40,1730,40,15,0,1715,1.0,0.0086705202312138,0.7272727272727273,0.2727272727272727,7.604816771366379
tfnbs,"e=1.1,h=4.0,n=30,start_thres=1.25",hub,0.25,100,16,40,1730,40,15,0,1715,1.0,0.0086705202312138,0.7272727272727273,0.2727272727272727,7.604816771366379
tfnbs,"e=1.1,h=5.0,n=30,start_thres=1.25",hub,0.25,100,16,40,1730,40,15,0,1715,1.0,0.0086705202312138,0.7272727272727273,0.2727272727272727,7.604816771366379
tfnbs,"e=1.1,h=6.0,n=30,start_thres=1.25",hub,0.25,100,16,40,1730,40,6,0,1724,1.0,0.0034682080924855,0.8695652173913043,0.1304347826086956,7.604816771366379
tfnbs,"e=1.1,h=7.0,n=30,start_thres=1.25",hub,0.25,100,16,40,1730,40,6,0,1724,1.0,0.0034682080924855,0.8695652173913043,0.1304347826086956,7.604816771366379
tfnbs,"e=1.1,h=8.0,n=30,start_thres=1.25",hub,0.25,100,16,40,1730,40,6,0,1724,1.0,0.0034682080924855,0.8695652173913043,0.1304347826086956,7.604816771366379
tfnbs,"e=1.1,h=9.0,n=30,start_thres=1.25",hub,0.25,100,16,40,1730,40,5,0,1725,1.0,0.0028901734104046,0.8888888888888888,0.1111111111111111,7.604816771366379
tfnbs,"e=1.1,h=10.0,n=30,start_thres=1.25",hub,0.25,100,16,40,1730,40,5,0,1725,1.0,0.0028901734104046,0.8888888888888888,0.1111111111111111,7.604816771366379
tfnbs,"e=1.2,h=0.5,n=30,start_thres=1.25",hub,0.25,100,16,40,1730,40,15,0,1715,1.0,0.0086705202312138,0.7272727272727273,0.2727272727272727,7.604816771366379
tfnbs,"e=1.2,h=1.0,n=30,start_thres=1.25",hub,0.25,100,16,40,1730,40,15,0,1715,1.0,0.0086705202312138,0.7272727272727273,0.2727272727272727,7.604816771366379
tfnbs,"e=1.2,h=2.0,n=30,start_thres=1.25",hub,0.25,100,16,40,1730,40,15,0,1715,1.0,0.0086705202312138,0.7272727272727273,0.2727272727272727,7.604816771366379
tfnbs,"e=1.2,h=3.0,n=30,start_thres=1.25",hub,0.25,100,16,40,1730,40,15,0,1715,1.0,0.0086705202312138,0.7272727272727273,0.2727272727272727,7.604816771366379
tfnbs,"e=1.2,h=4.0,n=30,start_thres=1.25",hub,0.25,100,16,40,1730,40,15,0,1715,1.0,0.0086705202312138,0.7272727272727273,0.2727272727272727,7.604816771366379
tfnbs,"e=1.2,h=5.0,n=30,start_thres=1.25",hub,0.25,100,16,40,1730,40,15,0,1715,1.0,0.0086705202312138,0.7272727272727273,0.2727272727272727,7.604816771366379
tfnbs,"e=1.2,h=6.0,n=30,start_thres=1.25",hub,0.25,100,16,40,1730,40,15,0,1715,1.0,0.0086705202312138,0.7272727272727273,0.2727272727272727,7.604816771366379
tfnbs,"e=1.2,h=7.0,n=30,start_thres=1.25",hub,0.25,100,16,40,1730,40,6,0,1724,1.0,0.0034682080924855,0.8695652173913043,0.1304347826086956,7.604816771366379
tfnbs,"e=1.2,h=8.0,n=30,start_thres=1.25",hub,0.25,100,16,40,1730,40,6,0,1724,1.0,0.0034682080924855,0.8695652173913043,0.1304347826086956,7.604816771366379
tfnbs,"e=1.2,h=9.0,n=30,start_thres=1.25",hub,0.25,100,16,40,1730,40,6,0,1724,1.0,0.0034682080924855,0.8695652173913043,0.1304347826086956,7.604816771366379
tfnbs,"e=1.2,h=10.0,n=30,start_thres=1.25",hub,0.25,100,16,40,1730,40,5,0,1725,1.0,0.0028901734104046,0.8888888888888888,0.1111111111111111,7.604816771366379
tfnbs,"e=1.3,h=0.5,n=30,start_thres=1.25",hub,0.25,100,16,40,1730,40,15,0,1715,1.0,0.0086705202312138,0.7272727272727273,0.2727272727272727,7.604816771366379
tfnbs,"e=1.3,h=1.0,n=30,start_thres=1.25",hub,0.25,100,16,40,1730,40,15,0,1715,1.0,0.0086705202312138,0.7272727272727273,0.2727272727272727,7.604816771366379
tfnbs,"e=1.3,h=2.0,n=30,start_thres=1.25",hub,0.25,100,16,40,1730,40,15,0,1715,1.0,0.0086705202312138,0.7272727272727273,0.2727272727272727,7.604816771366379
tfnbs,"e=1.3,h=3.0,n=30,start_thres=1.25",hub,0.25,100,16,40,1730,40,15,0,1715,1.0,0.0086705202312138,0.7272727272727273,0.2727272727272727,7.604816771366379
tfnbs,"e=1.3,h=4.0,n=30,start_thres=1.25",hub,0.25,100,16,40,1730,40,15,0,1715,1.0,0.0086705202312138,0.7272727272727273,0.2727272727272727,7.604816771366379
tfnbs,"e=1.3,h=5.0,n=30,start_thres=1.25",hub,0.25,100,16,40,1730,40,15,0,1715,1.0,0.0086705202312138,0.7272727272727273,0.2727272727272727,7.604816771366379
tfnbs,"e=1.3,h=6.0,n=30,start_thres=1.25",hub,0.25,100,16,40,1730,40,15,0,1715,1.0,0.0086705202312138,0.7272727272727273,0.2727272727272727,7.604816771366379
tfnbs,"e=1.3,h=7.0,n=30,start_thres=1.25",hub,0.25,100,16,40,1730,40,15,0,1715,1.0,0.0086705202312138,0.7272727272727273,0.2727272727272727,7.604816771366379
tfnbs,"e=1.3,h=8.0,n=30,start_thres=1.25",hub,0.25,100,16,40,1730,40,6,0,1724,1.0,0.0034682080924855,0.8695652173913043,0.1304347826086956,7.604816771366379
tfnbs,"e=1.3,h=9.0,n=30,start_thres=1.25",hub,0.25,100,16,40,1730,40,6,0,1724,1.0,0.0034682080924855,0.8695652173913043,0.1304347826086956,7.604816771366379
tfnbs,"e=1.3,h=10.0,n=30,start_thres=1.25",hub,0.25,100,16,40,1730,40,6,0,1724,1.0,0.0034682080924855,0.8695652173913043,0.1304347826086956,7.604816771366379
tfnbs,"e=1.4,h=0.5,n=30,start_thres=1.25",hub,0.25,100,16,40,1730,40,15,0,1715,1.0,0.0086705202312138,0.7272727272727273,0.2727272727272727,7.604816771366379
tfnbs,"e=1.4,h=1.0,n=30,start_thres=1.25",hub,0.25,100,16,40,1730,40,15,0,1715,1.0,0.0086705202312138,0.7272727272727273,0.2727272727272727,7.604816771366379
tfnbs,"e=1.4,h=2.0,n=30,start_thres=1.25",hub,0.25,100,16,40,1730,40,15,0,1715,1.0,0.0086705202312138,0.7272727272727273,0.2727272727272727,7.604816771366379
tfnbs,"e=1.4,h=3.0,n=30,start_thres=1.25",hub,0.25,100,16,40,1730,40,15,0,1715,1.0,0.0086705202312138,0.7272727272727273,0.2727272727272727,7.604816771366379
tfnbs,"e=1.4,h=4.0,n=30,start_thres=1.25",hub,0.25,100,16,40,1730,40,15,0,1715,1.0,0.0086705202312138,0.7272727272727273,0.2727272727272727,7.604816771366379
tfnbs,"e=1.4,h=5.0,n=30,start_thres=1.25",hub,0.25,100,16,40,1730,40,15,0,1715,1.0,0.0086705202312138,0.7272727272727273,0.2727272727272727,7.604816771366379
tfnbs,"e=1.4,h=6.0,n=30,start_thres=1.25",hub,0.25,100,16,40,1730,40,15,0,1715,1.0,0.0086705202312138,0.7272727272727273,0.2727272727272727,7.604816771366379
tfnbs,"e=1.4,h=7.0,n=30,start_thres=1.25",hub,0.25,100,16,40,1730,40,15,0,1715,1.0,0.0086705202312138,0.7272727272727273,0.2727272727272727,7.604816771366379
tfnbs,"e=1.4,h=8.0,n=30,start_thres=1.25",hub,0.25,100,16,40,1730,40,15,0,1715,1.0,0.0086705202312138,0.7272727272727273,0.2727272727272727,7.604816771366379
tfnbs,"e=1.4,h=9.0,n=30,start_thres=1.25",hub,0.25,100,16,40,1730,40,6,0,1724,1.0,0.0034682080924855,0.8695652173913043,0.1304347826086956,7.604816771366379
tfnbs,"e=1.4,h=10.0,n=30,start_thres=1.25",hub,0.25,100,16,40,1730,40,6,0,1724,1.0,0.0034682080924855,0.8695652173913043,0.1304347826086956,7.604816771366379
tfnbs,"e=1.5,h=0.5,n=30,start_thres=1.25",hub,0.25,100,16,40,1730,40,15,0,1715,1.0,0.0086705202312138,0.7272727272727273,0.2727272727272727,7.604816771366379
tfnbs,"e=1.5,h=1.0,n=30,start_thres=1.25",hub,0.25,100,16,40,1730,40,15,0,1715,1.0,0.0086705202312138,0.7272727272727273,0.2727272727272727,7.604816771366379
tfnbs,"e=1.5,h=2.0,n=30,start_thres=1.25",hub,0.25,100,16,40,1730,40,15,0,1715,1.0,0.0086705202312138,0.7272727272727273,0.2727272727272727,7.604816771366379
tfnbs,"e=1.5,h=3.0,n=30,start_thres=1.25",hub,0.25,100,16,40,1730,40,27,0,1703,1.0,0.0156069364161849,0.5970149253731343,0.4029850746268656,7.604816771366379
tfnbs,"e=1.5,h=4.0,n=30,start_thres=1.25",hub,0.25,100,16,40,1730,40,15,0,1715,1.0,0.0086705202312138,0.7272727272727273,0.2727272727272727,7.604816771366379
tfnbs,"e=1.5,h=5.0,n=30,start_thres=1.25",hub,0.25,100,16,40,1730,40,15,0,1715,1.0,0.0086705202312138,0.7272727272727273,0.2727272727272727,7.604816771366379
tfnbs,"e=1.5,h=6.0,n=30,start_thres=1.25",hub,0.25,100,16,40,1730,40,15,0,1715,1.0,0.0086705202312138,0.7272727272727273,0.2727272727272727,7.604816771366379
tfnbs,"e=1.5,h=7.0,n=30,start_thres=1.25",hub,0.25,100,16,40,1730,40,15,0,1715,1.0,0.0086705202312138,0.7272727272727273,0.2727272727272727,7.604816771366379
tfnbs,"e=1.5,h=8.0,n=30,start_thres=1.25",hub,0.25,100,16,40,1730,40,15,0,1715,1.0,0.0086705202312138,0.7272727272727273,0.2727272727272727,7.604816771366379
tfnbs,"e=1.5,h=9.0,n=30,start_thres=1.25",hub,0.25,100,16,40,1730,40,15,0,1715,1.0,0.0086705202312138,0.7272727272727273,0.2727272727272727,7.604816771366379
tfnbs,"e=1.5,h=10.0,n=30,start_thres=1.25",hub,0.25,100,16,40,1730,40,6,0,1724,1.0,0.0034682080924855,0.8695652173913043,0.1304347826086956,7.604816771366379
nbs_extent,threshold=1.0,hub,0.25,100,2,40,1730,0,0,40,1730,0.0,0.0,0.0,0.0,23.3354709148407
nbs_extent,threshold=1.0,hub,0.25,100,1,40,1730,0,0,40,1730,0.0,0.0,0.0,0.0,24.57610583305359
nbs_extent,threshold=1.0,hub,0.25,100,3,40,1730,0,0,40,1730,0.0,0.0,0.0,0.0,23.50507044792176
fbc_tfnbs,"e=0.05,h=0.5,n=30,start_thres=1.25,min_cluster_size=3",hub,0.25,100,28,40,1730,37,0,3,1730,0.925,0.0,1.0,0.0,0.2484856843948364
fbc_tfnbs,"e=0.05,h=1.0,n=30,start_thres=1.25,min_cluster_size=3",hub,0.25,100,28,40,1730,37,0,3,1730,0.925,0.0,1.0,0.0,0.2484856843948364
fbc_tfnbs,"e=0.05,h=2.0,n=30,start_thres=1.25,min_cluster_size=3",hub,0.25,100,28,40,1730,37,0,3,1730,0.925,0.0,1.0,0.0,0.2484856843948364
fbc_tfnbs,"e=0.05,h=3.0,n=30,start_thres=1.25,min_cluster_size=3",hub,0.25,100,28,40,1730,37,0,3,1730,0.925,0.0,1.0,0.0,0.2484856843948364
fbc_tfnbs,"e=0.05,h=4.0,n=30,start_thres=1.25,min_cluster_size=3",hub,0.25,100,28,40,1730,37,0,3,1730,0.925,0.0,1.0,0.0,0.2484856843948364
fbc_tfnbs,"e=0.05,h=5.0,n=30,start_thres=1.25,min_cluster_size=3",hub,0.25,100,28,40,1730,37,0,3,1730,0.925,0.0,1.0,0.0,0.2484856843948364
fbc_tfnbs,"e=0.05,h=6.0,n=30,start_thres=1.25,min_cluster_size=3",hub,0.25,100,28,40,1730,37,0,3,1730,0.925,0.0,1.0,0.0,0.2484856843948364
fbc_tfnbs,"e=0.05,h=7.0,n=30,start_thres=1.25,min_cluster_size=3",hub,0.25,100,28,40,1730,37,0,3,1730,0.925,0.0,1.0,0.0,0.2484856843948364
fbc_tfnbs,"e=0.05,h=8.0,n=30,start_thres=1.25,min_cluster_size=3",hub,0.25,100,28,40,1730,37,0,3,1730,0.925,0.0,1.0,0.0,0.2484856843948364
fbc_tfnbs,"e=0.05,h=9.0,n=30,start_thres=1.25,min_cluster_size=3",hub,0.25,100,28,40,1730,37,0,3,1730,0.925,0.0,1.0,0.0,0.2484856843948364
fbc_tfnbs,"e=0.05,h=10.0,n=30,start_thres=1.25,min_cluster_size=3",hub,0.25,100,28,40,1730,37,0,3,1730,0.925,0.0,1.0,0.0,0.2484856843948364
fbc_tfnbs,"e=0.1,h=0.5,n=30,start_thres=1.25,min_cluster_size=3",hub,0.25,100,28,40,1730,36,0,4,1730,0.9,0.0,1.0,0.0,0.2484856843948364
fbc_tfnbs,"e=0.1,h=1.0,n=30,start_thres=1.25,min_cluster_size=3",hub,0.25,100,28,40,1730,37,0,3,1730,0.925,0.0,1.0,0.0,0.2484856843948364
fbc_tfnbs,"e=0.1,h=2.0,n=30,start_thres=1.25,min_cluster_size=3",hub,0.25,100,28,40,1730,37,0,3,1730,0.925,0.0,1.0,0.0,0.2484856843948364
fbc_tfnbs,"e=0.1,h=3.0,n=30,start_thres=1.25,min_cluster_size=3",hub,0.25,100,28,40,1730,37,0,3,1730,0.925,0.0,1.0,0.0,0.2484856843948364
fbc_tfnbs,"e=0.1,h=4.0,n=30,start_thres=1.25,min_cluster_size=3",hub,0.25,100,28,40,1730,37,0,3,1730,0.925,0.0,1.0,0.0,0.2484856843948364
fbc_tfnbs,"e=0.1,h=5.0,n=30,start_thres=1.25,min_cluster_size=3",hub,0.25,100,28,40,1730,37,0,3,1730,0.925,0.0,1.0,0.0,0.2484856843948364
fbc_tfnbs,"e=0.1,h=6.0,n=30,start_thres=1.25,min_cluster_size=3",hub,0.25,100,28,40,1730,37,0,3,1730,0.925,0.0,1.0,0.0,0.2484856843948364
fbc_tfnbs,"e=0.1,h=7.0,n=30,start_thres=1.25,min_cluster_size=3",hub,0.25,100,28,40,1730,37,0,3,1730,0.925,0.0,1.0,0.0,0.2484856843948364
fbc_tfnbs,"e=0.1,h=8.0,n=30,start_thres=1.25,min_cluster_size=3",hub,0.25,100,28,40,1730,37,0,3,1730,0.925,0.0,1.0,0.0,0.2484856843948364
fbc_tfnbs,"e=0.1,h=9.0,n=30,start_thres=1.25,min_cluster_size=3",hub,0.25,100,28,40,1730,37,0,3,1730,0.925,0.0,1.0,0.0,0.2484856843948364
fbc_tfnbs,"e=0.1,h=10.0,n=30,start_thres=1.25,min_cluster_size=3",hub,0.25,100,28,40,1730,37,0,3,1730,0.925,0.0,1.0,0.0,0.2484856843948364
fbc_tfnbs,"e=0.2,h=0.5,n=30,start_thres=1.25,min_cluster_size=3",hub,0.25,100,28,40,1730,36,0,4,1730,0.9,0.0,1.0,0.0,0.2484856843948364
fbc_tfnbs,"e=0.2,h=1.0,n=30,start_thres=1.25,min_cluster_size=3",hub,0.25,100,28,40,1730,37,0,3,1730,0.925,0.0,1.0,0.0,0.2484856843948364
fbc_tfnbs,"e=0.2,h=2.0,n=30,start_thres=1.25,min_cluster_size=3",hub,0.25,100,28,40,1730,37,0,3,1730,0.925,0.0,1.0,0.0,0.2484856843948364
fbc_tfnbs,"e=0.2,h=3.0,n=30,start_thres=1.25,min_cluster_size=3",hub,0.25,100,28,40,1730,37,0,3,1730,0.925,0.0,1.0,0.0,0.2484856843948364
fbc_tfnbs,"e=0.2,h=4.0,n=30,start_thres=1.25,min_cluster_size=3",hub,0.25,100,28,40,1730,37,0,3,1730,0.925,0.0,1.0,0.0,0.2484856843948364
fbc_tfnbs,"e=0.2,h=5.0,n=30,start_thres=1.25,min_cluster_size=3",hub,0.25,100,28,40,1730,37,0,3,1730,0.925,0.0,1.0,0.0,0.2484856843948364
fbc_tfnbs,"e=0.2,h=6.0,n=30,start_thres=1.25,min_cluster_size=3",hub,0.25,100,28,40,1730,37,0,3,1730,0.925,0.0,1.0,0.0,0.2484856843948364
fbc_tfnbs,"e=0.2,h=7.0,n=30,start_thres=1.25,min_cluster_size=3",hub,0.25,100,28,40,1730,37,0,3,1730,0.925,0.0,1.0,0.0,0.2484856843948364
fbc_tfnbs,"e=0.2,h=8.0,n=30,start_thres=1.25,min_cluster_size=3",hub,0.25,100,28,40,1730,37,0,3,1730,0.925,0.0,1.0,0.0,0.2484856843948364
fbc_tfnbs,"e=0.2,h=9.0,n=30,start_thres=1.25,min_cluster_size=3",hub,0.25,100,28,40,1730,37,0,3,1730,0.925,0.0,1.0,0.0,0.2484856843948364
fbc_tfnbs,"e=0.2,h=10.0,n=30,start_thres=1.25,min_cluster_size=3",hub,0.25,100,28,40,1730,37,0,3,1730,0.925,0.0,1.0,0.0,0.2484856843948364
fbc_tfnbs,"e=0.3,h=0.5,n=30,start_thres=1.25,min_cluster_size=3",hub,0.25,100,28,40,1730,36,0,4,1730,0.9,0.0,1.0,0.0,0.2484856843948364
fbc_tfnbs,"e=0.3,h=1.0,n=30,start_thres=1.25,min_cluster_size=3",hub,0.25,100,28,40,1730,36,0,4,1730,0.9,0.0,1.0,0.0,0.2484856843948364
fbc_tfnbs,"e=0.3,h=2.0,n=30,start_thres=1.25,min_cluster_size=3",hub,0.25,100,28,40,1730,37,0,3,1730,0.925,0.0,1.0,0.0,0.2484856843948364
fbc_tfnbs,"e=0.3,h=3.0,n=30,start_thres=1.25,min_cluster_size=3",hub,0.25,100,28,40,1730,37,0,3,1730,0.925,0.0,1.0,0.0,0.2484856843948364
fbc_tfnbs,"e=0.3,h=4.0,n=30,start_thres=1.25,min_cluster_size=3",hub,0.25,100,28,40,1730,37,0,3,1730,0.925,0.0,1.0,0.0,0.2484856843948364
fbc_tfnbs,"e=0.3,h=5.0,n=30,start_thres=1.25,min_cluster_size=3",hub,0.25,100,28,40,1730,37,0,3,1730,0.925,0.0,1.0,0.0,0.2484856843948364
fbc_tfnbs,"e=0.3,h=6.0,n=30,start_thres=1.25,min_cluster_size=3",hub,0.25,100,28,40,1730,37,0,3,1730,0.925,0.0,1.0,0.0,0.2484856843948364
fbc_tfnbs,"e=0.3,h=7.0,n=30,start_thres=1.25,min_cluster_size=3",hub,0.25,100,28,40,1730,37,0,3,1730,0.925,0.0,1.0,0.0,0.2484856843948364
fbc_tfnbs,"e=0.3,h=8.0,n=30,start_thres=1.25,min_cluster_size=3",hub,0.25,100,28,40,1730,37,0,3,1730,0.925,0.0,1.0,0.0,0.2484856843948364
fbc_tfnbs,"e=0.3,h=9.0,n=30,start_thres=1.25,min_cluster_size=3",hub,0.25,100,28,40,1730,37,0,3,1730,0.925,0.0,1.0,0.0,0.2484856843948364
fbc_tfnbs,"e=0.3,h=10.0,n=30,start_thres=1.25,min_cluster_size=3",hub,0.25,100,28,40,1730,37,0,3,1730,0.925,0.0,1.0,0.0,0.2484856843948364
fbc_tfnbs,"e=0.4,h=0.5,n=30,start_thres=1.25,min_cluster_size=3",hub,0.25,100,28,40,1730,35,0,5,1730,0.875,0.0,1.0,0.0,0.2484856843948364
fbc_tfnbs,"e=0.4,h=1.0,n=30,start_thres=1.25,min_cluster_size=3",hub,0.25,100,28,40,1730,36,0,4,1730,0.9,0.0,1.0,0.0,0.2484856843948364
fbc_tfnbs,"e=0.4,h=2.0,n=30,start_thres=1.25,min_cluster_size=3",hub,0.25,100,28,40,1730,37,0,3,1730,0.925,0.0,1.0,0.0,0.2484856843948364
fbc_tfnbs,"e=0.4,h=3.0,n=30,start_thres=1.25,min_cluster_size=3",hub,0.25,100,28,40,1730,37,0,3,1730,0.925,0.0,1.0,0.0,0.2484856843948364
fbc_tfnbs,"e=0.4,h=4.0,n=30,start_thres=1.25,min_cluster_size=3",hub,0.25,100,28,40,1730,37,0,3,1730,0.925,0.0,1.0,0.0,0.2484856843948364
fbc_tfnbs,"e=0.4,h=5.0,n=30,start_thres=1.25,min_cluster_size=3",hub,0.25,100,28,40,1730,37,0,3,1730,0.925,0.0,1.0,0.0,0.2484856843948364
fbc_tfnbs,"e=0.4,h=6.0,n=30,start_thres=1.25,min_cluster_size=3",hub,0.25,100,28,40,1730,37,0,3,1730,0.925,0.0,1.0,0.0,0.2484856843948364
fbc_tfnbs,"e=0.4,h=7.0,n=30,start_thres=1.25,min_cluster_size=3",hub,0.25,100,28,40,1730,37,0,3,1730,0.925,0.0,1.0,0.0,0.2484856843948364
fbc_tfnbs,"e=0.4,h=8.0,n=30,start_thres=1.25,min_cluster_size=3",hub,0.25,100,28,40,1730,37,0,3,1730,0.925,0.0,1.0,0.0,0.2484856843948364
fbc_tfnbs,"e=0.4,h=9.0,n=30,start_thres=1.25,min_cluster_size=3",hub,0.25,100,28,40,1730,37,0,3,1730,0.925,0.0,1.0,0.0,0.2484856843948364
fbc_tfnbs,"e=0.4,h=10.0,n=30,start_thres=1.25,min_cluster_size=3",hub,0.25,100,28,40,1730,37,0,3,1730,0.925,0.0,1.0,0.0,0.2484856843948364
fbc_tfnbs,"e=0.5,h=0.5,n=30,start_thres=1.25,min_cluster_size=3",hub,0.25,100,28,40,1730,35,0,5,1730,0.875,0.0,1.0,0.0,0.2484856843948364
fbc_tfnbs,"e=0.5,h=1.0,n=30,start_thres=1.25,min_cluster_size=3",hub,0.25,100,28,40,1730,36,0,4,1730,0.9,0.0,1.0,0.0,0.2484856843948364
fbc_tfnbs,"e=0.5,h=2.0,n=30,start_thres=1.25,min_cluster_size=3",hub,0.25,100,28,40,1730,38,0,2,1730,0.95,0.0,1.0,0.0,0.2484856843948364
fbc_tfnbs,"e=0.5,h=3.0,n=30,start_thres=1.25,min_cluster_size=3",hub,0.25,100,28,40,1730,38,0,2,1730,0.95,0.0,1.0,0.0,0.2484856843948364
fbc_tfnbs,"e=0.5,h=4.0,n=30,start_thres=1.25,min_cluster_size=3",hub,0.25,100,28,40,1730,38,0,2,1730,0.95,0.0,1.0,0.0,0.2484856843948364
fbc_tfnbs,"e=0.5,h=5.0,n=30,start_thres=1.25,min_cluster_size=3",hub,0.25,100,28,40,1730,38,0,2,1730,0.95,0.0,1.0,0.0,0.2484856843948364
fbc_tfnbs,"e=0.5,h=6.0,n=30,start_thres=1.25,min_cluster_size=3",hub,0.25,100,28,40,1730,38,0,2,1730,0.95,0.0,1.0,0.0,0.2484856843948364
fbc_tfnbs,"e=0.5,h=7.0,n=30,start_thres=1.25,min_cluster_size=3",hub,0.25,100,28,40,1730,37,0,3,1730,0.925,0.0,1.0,0.0,0.2484856843948364
fbc_tfnbs,"e=0.5,h=8.0,n=30,start_thres=1.25,min_cluster_size=3",hub,0.25,100,28,40,1730,37,0,3,1730,0.925,0.0,1.0,0.0,0.2484856843948364
fbc_tfnbs,"e=0.5,h=9.0,n=30,start_thres=1.25,min_cluster_size=3",hub,0.25,100,28,40,1730,37,0,3,1730,0.925,0.0,1.0,0.0,0.2484856843948364
fbc_tfnbs,"e=0.5,h=10.0,n=30,start_thres=1.25,min_cluster_size=3",hub,0.25,100,28,40,1730,37,0,3,1730,0.925,0.0,1.0,0.0,0.2484856843948364
fbc_tfnbs,"e=0.6,h=0.5,n=30,start_thres=1.25,min_cluster_size=3",hub,0.25,100,28,40,1730,34,0,6,1730,0.85,0.0,1.0,0.0,0.2484856843948364
fbc_tfnbs,"e=0.6,h=1.0,n=30,start_thres=1.25,min_cluster_size=3",hub,0.25,100,28,40,1730,35,0,5,1730,0.875,0.0,1.0,0.0,0.2484856843948364
fbc_tfnbs,"e=0.6,h=2.0,n=30,start_thres=1.25,min_cluster_size=3",hub,0.25,100,28,40,1730,37,0,3,1730,0.925,0.0,1.0,0.0,0.2484856843948364
fbc_tfnbs,"e=0.6,h=3.0,n=30,start_thres=1.25,min_cluster_size=3",hub,0.25,100,28,40,1730,38,0,2,1730,0.95,0.0,1.0,0.0,0.2484856843948364
fbc_tfnbs,"e=0.6,h=4.0,n=30,start_thres=1.25,min_cluster_size=3",hub,0.25,100,28,40,1730,38,0,2,1730,0.95,0.0,1.0,0.0,0.2484856843948364
fbc_tfnbs,"e=0.6,h=5.0,n=30,start_thres=1.25,min_cluster_size=3",hub,0.25,100,28,40,1730,38,0,2,1730,0.95,0.0,1.0,0.0,0.2484856843948364
fbc_tfnbs,"e=0.6,h=6.0,n=30,start_thres=1.25,min_cluster_size=3",hub,0.25,100,28,40,1730,38,0,2,1730,0.95,0.0,1.0,0.0,0.2484856843948364
fbc_tfnbs,"e=0.6,h=7.0,n=30,start_thres=1.25,min_cluster_size=3",hub,0.25,100,28,40,1730,38,0,2,1730,0.95,0.0,1.0,0.0,0.2484856843948364
fbc_tfnbs,"e=0.6,h=8.0,n=30,start_thres=1.25,min_cluster_size=3",hub,0.25,100,28,40,1730,38,0,2,1730,0.95,0.0,1.0,0.0,0.2484856843948364
fbc_tfnbs,"e=0.6,h=9.0,n=30,start_thres=1.25,min_cluster_size=3",hub,0.25,100,28,40,1730,37,0,3,1730,0.925,0.0,1.0,0.0,0.2484856843948364
fbc_tfnbs,"e=0.6,h=10.0,n=30,start_thres=1.25,min_cluster_size=3",hub,0.25,100,28,40,1730,37,0,3,1730,0.925,0.0,1.0,0.0,0.2484856843948364
fbc_tfnbs,"e=0.7,h=0.5,n=30,start_thres=1.25,min_cluster_size=3",hub,0.25,100,28,40,1730,34,0,6,1730,0.85,0.0,1.0,0.0,0.2484856843948364
fbc_tfnbs,"e=0.7,h=1.0,n=30,start_thres=1.25,min_cluster_size=3",hub,0.25,100,28,40,1730,34,0,6,1730,0.85,0.0,1.0,0.0,0.2484856843948364
fbc_tfnbs,"e=0.7,h=2.0,n=30,start_thres=1.25,min_cluster_size=3",hub,0.25,100,28,40,1730,37,0,3,1730,0.925,0.0,1.0,0.0,0.2484856843948364
fbc_tfnbs,"e=0.7,h=3.0,n=30,start_thres=1.25,min_cluster_size=3",hub,0.25,100,28,40,1730,38,0,2,1730,0.95,0.0,1.0,0.0,0.2484856843948364
fbc_tfnbs,"e=0.7,h=4.0,n=30,start_thres=1.25,min_cluster_size=3",hub,0.25,100,28,40,1730,38,0,2,1730,0.95,0.0,1.0,0.0,0.2484856843948364
fbc_tfnbs,"e=0.7,h=5.0,n=30,start_thres=1.25,min_cluster_size=3",hub,0.25,100,28,40,1730,38,0,2,1730,0.95,0.0,1.0,0.0,0.2484856843948364
fbc_tfnbs,"e=0.7,h=6.0,n=30,start_thres=1.25,min_cluster_size=3",hub,0.25,100,28,40,1730,38,0,2,1730,0.95,0.0,1.0,0.0,0.2484856843948364
fbc_tfnbs,"e=0.7,h=7.0,n=30,start_thres=1.25,min_cluster_size=3",hub,0.25,100,28,40,1730,38,0,2,1730,0.95,0.0,1.0,0.0,0.2484856843948364
fbc_tfnbs,"e=0.7,h=8.0,n=30,start_thres=1.25,min_cluster_size=3",hub,0.25,100,28,40,1730,38,0,2,1730,0.95,0.0,1.0,0.0,0.2484856843948364
fbc_tfnbs,"e=0.7,h=9.0,n=30,start_thres=1.25,min_cluster_size=3",hub,0.25,100,28,40,1730,38,0,2,1730,0.95,0.0,1.0,0.0,0.2484856843948364
fbc_tfnbs,"e=0.7,h=10.0,n=30,start_thres=1.25,min_cluster_size=3",hub,0.25,100,28,40,1730,38,0,2,1730,0.95,0.0,1.0,0.0,0.2484856843948364
fbc_tfnbs,"e=0.8,h=0.5,n=30,start_thres=1.25,min_cluster_size=3",hub,0.25,100,28,40,1730,34,0,6,1730,0.85,0.0,1.0,0.0,0.2484856843948364
fbc_tfnbs,"e=0.8,h=1.0,n=30,start_thres=1.25,min_cluster_size=3",hub,0.25,100,28,40,1730,34,0,6,1730,0.85,0.0,1.0,0.0,0.2484856843948364
fbc_tfnbs,"e=0.8,h=2.0,n=30,start_thres=1.25,min_cluster_size=3",hub,0.25,100,28,40,1730,36,0,4,1730,0.9,0.0,1.0,0.0,0.2484856843948364
fbc_tfnbs,"e=0.8,h=3.0,n=30,start_thres=1.25,min_cluster_size=3",hub,0.25,100,28,40,1730,38,0,2,1730,0.95,0.0,1.0,0.0,0.2484856843948364
fbc_tfnbs,"e=0.8,h=4.0,n=30,start_thres=1.25,min_cluster_size=3",hub,0.25,100,28,40,1730,38,0,2,1730,0.95,0.0,1.0,0.0,0.2484856843948364
fbc_tfnbs,"e=0.8,h=5.0,n=30,start_thres=1.25,min_cluster_size=3",hub,0.25,100,28,40,1730,38,0,2,1730,0.95,0.0,1.0,0.0,0.2484856843948364
fbc_tfnbs,"e=0.8,h=6.0,n=30,start_thres=1.25,min_cluster_size=3",hub,0.25,100,28,40,1730,38,0,2,1730,0.95,0.0,1.0,0.0,0.2484856843948364
fbc_tfnbs,"e=0.8,h=7.0,n=30,start_thres=1.25,min_cluster_size=3",hub,0.25,100,28,40,1730,38,0,2,1730,0.95,0.0,1.0,0.0,0.2484856843948364
fbc_tfnbs,"e=0.8,h=8.0,n=30,start_thres=1.25,min_cluster_size=3",hub,0.25,100,28,40,1730,38,0,2,1730,0.95,0.0,1.0,0.0,0.2484856843948364
fbc_tfnbs,"e=0.8,h=9.0,n=30,start_thres=1.25,min_cluster_size=3",hub,0.25,100,28,40,1730,38,0,2,1730,0.95,0.0,1.0,0.0,0.2484856843948364
fbc_tfnbs,"e=0.8,h=10.0,n=30,start_thres=1.25,min_cluster_size=3",hub,0.25,100,28,40,1730,38,0,2,1730,0.95,0.0,1.0,0.0,0.2484856843948364
fbc_tfnbs,"e=0.9,h=0.5,n=30,start_thres=1.25,min_cluster_size=3",hub,0.25,100,28,40,1730,34,0,6,1730,0.85,0.0,1.0,0.0,0.2484856843948364
fbc_tfnbs,"e=0.9,h=1.0,n=30,start_thres=1.25,min_cluster_size=3",hub,0.25,100,28,40,1730,34,0,6,1730,0.85,0.0,1.0,0.0,0.2484856843948364
fbc_tfnbs,"e=0.9,h=2.0,n=30,start_thres=1.25,min_cluster_size=3",hub,0.25,100,28,40,1730,36,0,4,1730,0.9,0.0,1.0,0.0,0.2484856843948364
fbc_tfnbs,"e=0.9,h=3.0,n=30,start_thres=1.25,min_cluster_size=3",hub,0.25,100,28,40,1730,37,0,3,1730,0.925,0.0,1.0,0.0,0.2484856843948364
fbc_tfnbs,"e=0.9,h=4.0,n=30,start_thres=1.25,min_cluster_size=3",hub,0.25,100,28,40,1730,38,0,2,1730,0.95,0.0,1.0,0.0,0.2484856843948364
fbc_tfnbs,"e=0.9,h=5.0,n=30,start_thres=1.25,min_cluster_size=3",hub,0.25,100,28,40,1730,38,0,2,1730,0.95,0.0,1.0,0.0,0.2484856843948364
fbc_tfnbs,"e=0.9,h=6.0,n=30,start_thres=1.25,min_cluster_size=3",hub,0.25,100,28,40,1730,38,0,2,1730,0.95,0.0,1.0,0.0,0.2484856843948364
fbc_tfnbs,"e=0.9,h=7.0,n=30,start_thres=1.25,min_cluster_size=3",hub,0.25,100,28,40,1730,38,0,2,1730,0.95,0.0,1.0,0.0,0.2484856843948364
fbc_tfnbs,"e=0.9,h=8.0,n=30,start_thres=1.25,min_cluster_size=3",hub,0.25,100,28,40,1730,38,0,2,1730,0.95,0.0,1.0,0.0,0.2484856843948364
fbc_tfnbs,"e=0.9,h=9.0,n=30,start_thres=1.25,min_cluster_size=3",hub,0.25,100,28,40,1730,38,0,2,1730,0.95,0.0,1.0,0.0,0.2484856843948364
fbc_tfnbs,"e=0.9,h=10.0,n=30,start_thres=1.25,min_cluster_size=3",hub,0.25,100,28,40,1730,38,0,2,1730,0.95,0.0,1.0,0.0,0.2484856843948364
fbc_tfnbs,"e=1.0,h=0.5,n=30,start_thres=1.25,min_cluster_size=3",hub,0.25,100,28,40,1730,33,0,7,1730,0.825,0.0,1.0,0.0,0.2484856843948364
fbc_tfnbs,"e=1.0,h=1.0,n=30,start_thres=1.25,min_cluster_size=3",hub,0.25,100,28,40,1730,34,0,6,1730,0.85,0.0,1.0,0.0,0.2484856843948364
fbc_tfnbs,"e=1.0,h=2.0,n=30,start_thres=1.25,min_cluster_size=3",hub,0.25,100,28,40,1730,34,0,6,1730,0.85,0.0,1.0,0.0,0.2484856843948364
fbc_tfnbs,"e=1.0,h=3.0,n=30,start_thres=1.25,min_cluster_size=3",hub,0.25,100,28,40,1730,37,0,3,1730,0.925,0.0,1.0,0.0,0.2484856843948364
fbc_tfnbs,"e=1.0,h=4.0,n=30,start_thres=1.25,min_cluster_size=3",hub,0.25,100,28,40,1730,38,0,2,1730,0.95,0.0,1.0,0.0,0.2484856843948364
fbc_tfnbs,"e=1.0,h=5.0,n=30,start_thres=1.25,min_cluster_size=3",hub,0.25,100,28,40,1730,38,0,2,1730,0.95,0.0,1.0,0.0,0.2484856843948364
fbc_tfnbs,"e=1.0,h=6.0,n=30,start_thres=1.25,min_cluster_size=3",hub,0.25,100,28,40,1730,38,0,2,1730,0.95,0.0,1.0,0.0,0.2484856843948364
fbc_tfnbs,"e=1.0,h=7.0,n=30,start_thres=1.25,min_cluster_size=3",hub,0.25,100,28,40,1730,38,0,2,1730,0.95,0.0,1.0,0.0,0.2484856843948364
fbc_tfnbs,"e=1.0,h=8.0,n=30,start_thres=1.25,min_cluster_size=3",hub,0.25,100,28,40,1730,38,0,2,1730,0.95,0.0,1.0,0.0,0.2484856843948364
fbc_tfnbs,"e=1.0,h=9.0,n=30,start_thres=1.25,min_cluster_size=3",hub,0.25,100,28,40,1730,38,0,2,1730,0.95,0.0,1.0,0.0,0.2484856843948364
fbc_tfnbs,"e=1.0,h=10.0,n=30,start_thres=1.25,min_cluster_size=3",hub,0.25,100,28,40,1730,38,0,2,1730,0.95,0.0,1.0,0.0,0.2484856843948364
fbc_tfnbs,"e=1.1,h=0.5,n=30,start_thres=1.25,min_cluster_size=3",hub,0.25,100,28,40,1730,30,0,10,1730,0.75,0.0,1.0,0.0,0.2484856843948364
fbc_tfnbs,"e=1.1,h=1.0,n=30,start_thres=1.25,min_cluster_size=3",hub,0.25,100,28,40,1730,34,0,6,1730,0.85,0.0,1.0,0.0,0.2484856843948364
fbc_tfnbs,"e=1.1,h=2.0,n=30,start_thres=1.25,min_cluster_size=3",hub,0.25,100,28,40,1730,34,0,6,1730,0.85,0.0,1.0,0.0,0.2484856843948364
fbc_tfnbs,"e=1.1,h=3.0,n=30,start_thres=1.25,min_cluster_size=3",hub,0.25,100,28,40,1730,37,0,3,1730,0.925,0.0,1.0,0.0,0.2484856843948364
fbc_tfnbs,"e=1.1,h=4.0,n=30,start_thres=1.25,min_cluster_size=3",hub,0.25,100,28,40,1730,38,0,2,1730,0.95,0.0,1.0,0.0,0.2484856843948364
fbc_tfnbs,"e=1.1,h=5.0,n=30,start_thres=1.25,min_cluster_size=3",hub,0.25,100,28,40,1730,38,0,2,1730,0.95,0.0,1.0,0.0,0.2484856843948364
fbc_tfnbs,"e=1.1,h=6.0,n=30,start_thres=1.25,min_cluster_size=3",hub,0.25,100,28,40,1730,38,0,2,1730,0.95,0.0,1.0,0.0,0.2484856843948364
fbc_tfnbs,"e=1.1,h=7.0,n=30,start_thres=1.25,min_cluster_size=3",hub,0.25,100,28,40,1730,38,0,2,1730,0.95,0.0,1.0,0.0,0.2484856843948364
fbc_tfnbs,"e=1.1,h=8.0,n=30,start_thres=1.25,min_cluster_size=3",hub,0.25,100,28,40,1730,38,0,2,1730,0.95,0.0,1.0,0.0,0.2484856843948364
fbc_tfnbs,"e=1.1,h=9.0,n=30,start_thres=1.25,min_cluster_size=3",hub,0.25,100,28,40,1730,38,0,2,1730,0.95,0.0,1.0,0.0,0.2484856843948364
fbc_tfnbs,"e=1.1,h=10.0,n=30,start_thres=1.25,min_cluster_size=3",hub,0.25,100,28,40,1730,38,0,2,1730,0.95,0.0,1.0,0.0,0.2484856843948364
fbc_tfnbs,"e=1.2,h=0.5,n=30,start_thres=1.25,min_cluster_size=3",hub,0.25,100,28,40,1730,24,0,16,1730,0.6,0.0,1.0,0.0,0.2484856843948364
fbc_tfnbs,"e=1.2,h=1.0,n=30,start_thres=1.25,min_cluster_size=3",hub,0.25,100,28,40,1730,33,0,7,1730,0.825,0.0,1.0,0.0,0.2484856843948364
fbc_tfnbs,"e=1.2,h=2.0,n=30,start_thres=1.25,min_cluster_size=3",hub,0.25,100,28,40,1730,34,0,6,1730,0.85,0.0,1.0,0.0,0.2484856843948364
fbc_tfnbs,"e=1.2,h=3.0,n=30,start_thres=1.25,min_cluster_size=3",hub,0.25,100,28,40,1730,36,0,4,1730,0.9,0.0,1.0,0.0,0.2484856843948364
fbc_tfnbs,"e=1.2,h=4.0,n=30,start_thres=1.25,min_cluster_size=3",hub,0.25,100,28,40,1730,38,0,2,1730,0.95,0.0,1.0,0.0,0.2484856843948364
fbc_tfnbs,"e=1.2,h=5.0,n=30,start_thres=1.25,min_cluster_size=3",hub,0.25,100,28,40,1730,38,0,2,1730,0.95,0.0,1.0,0.0,0.2484856843948364
fbc_tfnbs,"e=1.2,h=6.0,n=30,start_thres=1.25,min_cluster_size=3",hub,0.25,100,28,40,1730,38,0,2,1730,0.95,0.0,1.0,0.0,0.2484856843948364
fbc_tfnbs,"e=1.2,h=7.0,n=30,start_thres=1.25,min_cluster_size=3",hub,0.25,100,28,40,1730,38,0,2,1730,0.95,0.0,1.0,0.0,0.2484856843948364
fbc_tfnbs,"e=1.2,h=8.0,n=30,start_thres=1.25,min_cluster_size=3",hub,0.25,100,28,40,1730,38,0,2,1730,0.95,0.0,1.0,0.0,0.2484856843948364
fbc_tfnbs,"e=1.2,h=9.0,n=30,start_thres=1.25,min_cluster_size=3",hub,0.25,100,28,40,1730,38,0,2,1730,0.95,0.0,1.0,0.0,0.2484856843948364
fbc_tfnbs,"e=1.2,h=10.0,n=30,start_thres=1.25,min_cluster_size=3",hub,0.25,100,28,40,1730,38,0,2,1730,0.95,0.0,1.0,0.0,0.2484856843948364
fbc_tfnbs,"e=1.3,h=0.5,n=30,start_thres=1.25,min_cluster_size=3",hub,0.25,100,28,40,1730,20,0,20,1730,0.5,0.0,1.0,0.0,0.2484856843948364
fbc_tfnbs,"e=1.3,h=1.0,n=30,start_thres=1.25,min_cluster_size=3",hub,0.25,100,28,40,1730,30,0,10,1730,0.75,0.0,1.0,0.0,0.2484856843948364
fbc_tfnbs,"e=1.3,h=2.0,n=30,start_thres=1.25,min_cluster_size=3",hub,0.25,100,28,40,1730,34,0,6,1730,0.85,0.0,1.0,0.0,0.2484856843948364
fbc_tfnbs,"e=1.3,h=3.0,n=30,start_thres=1.25,min_cluster_size=3",hub,0.25,100,28,40,1730,35,0,5,1730,0.875,0.0,1.0,0.0,0.2484856843948364
fbc_tfnbs,"e=1.3,h=4.0,n=30,start_thres=1.25,min_cluster_size=3",hub,0.25,100,28,40,1730,37,0,3,1730,0.925,0.0,1.0,0.0,0.2484856843948364
fbc_tfnbs,"e=1.3,h=5.0,n=30,start_thres=1.25,min_cluster_size=3",hub,0.25,100,28,40,1730,38,0,2,1730,0.95,0.0,1.0,0.0,0.2484856843948364
fbc_tfnbs,"e=1.3,h=6.0,n=30,start_thres=1.25,min_cluster_size=3",hub,0.25,100,28,40,1730,38,0,2,1730,0.95,0.0,1.0,0.0,0.2484856843948364
fbc_tfnbs,"e=1.3,h=7.0,n=30,start_thres=1.25,min_cluster_size=3",hub,0.25,100,28,40,1730,38,0,2,1730,0.95,0.0,1.0,0.0,0.2484856843948364
fbc_tfnbs,"e=1.3,h=8.0,n=30,start_thres=1.25,min_cluster_size=3",hub,0.25,100,28,40,1730,38,0,2,1730,0.95,0.0,1.0,0.0,0.2484856843948364
fbc_tfnbs,"e=1.3,h=9.0,n=30,start_thres=1.25,min_cluster_size=3",hub,0.25,100,28,40,1730,38,0,2,1730,0.95,0.0,1.0,0.0,0.2484856843948364
fbc_tfnbs,"e=1.3,h=10.0,n=30,start_thres=1.25,min_cluster_size=3",hub,0.25,100,28,40,1730,38,0,2,1730,0.95,0.0,1.0,0.0,0.2484856843948364
fbc_tfnbs,"e=1.4,h=0.5,n=30,start_thres=1.25,min_cluster_size=3",hub,0.25,100,28,40,1730,20,0,20,1730,0.5,0.0,1.0,0.0,0.2484856843948364
fbc_tfnbs,"e=1.4,h=1.0,n=30,start_thres=1.25,min_cluster_size=3",hub,0.25,100,28,40,1730,24,0,16,1730,0.6,0.0,1.0,0.0,0.2484856843948364
fbc_tfnbs,"e=1.4,h=2.0,n=30,start_thres=1.25,min_cluster_size=3",hub,0.25,100,28,40,1730,34,0,6,1730,0.85,0.0,1.0,0.0,0.2484856843948364
fbc_tfnbs,"e=1.4,h=3.0,n=30,start_thres=1.25,min_cluster_size=3",hub,0.25,100,28,40,1730,35,0,5,1730,0.875,0.0,1.0,0.0,0.2484856843948364
fbc_tfnbs,"e=1.4,h=4.0,n=30,start_thres=1.25,min_cluster_size=3",hub,0.25,100,28,40,1730,37,0,3,1730,0.925,0.0,1.0,0.0,0.2484856843948364
fbc_tfnbs,"e=1.4,h=5.0,n=30,start_thres=1.25,min_cluster_size=3",hub,0.25,100,28,40,1730,38,0,2,1730,0.95,0.0,1.0,0.0,0.2484856843948364
fbc_tfnbs,"e=1.4,h=6.0,n=30,start_thres=1.25,min_cluster_size=3",hub,0.25,100,28,40,1730,38,0,2,1730,0.95,0.0,1.0,0.0,0.2484856843948364
fbc_tfnbs,"e=1.4,h=7.0,n=30,start_thres=1.25,min_cluster_size=3",hub,0.25,100,28,40,1730,38,0,2,1730,0.95,0.0,1.0,0.0,0.2484856843948364
fbc_tfnbs,"e=1.4,h=8.0,n=30,start_thres=1.25,min_cluster_size=3",hub,0.25,100,28,40,1730,38,0,2,1730,0.95,0.0,1.0,0.0,0.2484856843948364
fbc_tfnbs,"e=1.4,h=9.0,n=30,start_thres=1.25,min_cluster_size=3",hub,0.25,100,28,40,1730,38,0,2,1730,0.95,0.0,1.0,0.0,0.2484856843948364
fbc_tfnbs,"e=1.4,h=10.0,n=30,start_thres=1.25,min_cluster_size=3",hub,0.25,100,28,40,1730,38,0,2,1730,0.95,0.0,1.0,0.0,0.2484856843948364
fbc_tfnbs,"e=1.5,h=0.5,n=30,start_thres=1.25,min_cluster_size=3",hub,0.25,100,28,40,1730,17,0,23,1730,0.425,0.0,1.0,0.0,0.2484856843948364
fbc_tfnbs,"e=1.5,h=1.0,n=30,start_thres=1.25,min_cluster_size=3",hub,0.25,100,28,40,1730,20,0,20,1730,0.5,0.0,1.0,0.0,0.2484856843948364
fbc_tfnbs,"e=1.5,h=2.0,n=30,start_thres=1.25,min_cluster_size=3",hub,0.25,100,28,40,1730,33,0,7,1730,0.825,0.0,1.0,0.0,0.2484856843948364
fbc_tfnbs,"e=1.5,h=3.0,n=30,start_thres=1.25,min_cluster_size=3",hub,0.25,100,28,40,1730,35,0,5,1730,0.875,0.0,1.0,0.0,0.2484856843948364
fbc_tfnbs,"e=1.5,h=4.0,n=30,start_thres=1.25,min_cluster_size=3",hub,0.25,100,28,40,1730,36,0,4,1730,0.9,0.0,1.0,0.0,0.2484856843948364
fbc_tfnbs,"e=1.5,h=5.0,n=30,start_thres=1.25,min_cluster_size=3",hub,0.25,100,28,40,1730,37,0,3,1730,0.925,0.0,1.0,0.0,0.2484856843948364
fbc_tfnbs,"e=1.5,h=6.0,n=30,start_thres=1.25,min_cluster_size=3",hub,0.25,100,28,40,1730,38,0,2,1730,0.95,0.0,1.0,0.0,0.2484856843948364
fbc_tfnbs,"e=1.5,h=7.0,n=30,start_thres=1.25,min_cluster_size=3",hub,0.25,100,28,40,1730,38,0,2,1730,0.95,0.0,1.0,0.0,0.2484856843948364
fbc_tfnbs,"e=1.5,h=8.0,n=30,start_thres=1.25,min_cluster_size=3",hub,0.25,100,28,40,1730,38,0,2,1730,0.95,0.0,1.0,0.0,0.2484856843948364
fbc_tfnbs,"e=1.5,h=9.0,n=30,start_thres=1.25,min_cluster_size=3",hub,0.25,100,28,40,1730,38,0,2,1730,0.95,0.0,1.0,0.0,0.2484856843948364
fbc_tfnbs,"e=1.5,h=10.0,n=30,start_thres=1.25,min_cluster_size=3",hub,0.25,100,28,40,1730,38,0,2,1730,0.95,0.0,1.0,0.0,0.2484856843948364
nbs_extent,threshold=1.0,hub,0.25,100,4,40,1730,0,0,40,1730,0.0,0.0,0.0,0.0,24.148340702056885
nbs_extent,threshold=1.0,hub,0.25,100,5,40,1730,0,0,40,1730,0.0,0.0,0.0,0.0,24.198955297470093
fbc_tfnbs,"e=0.05,h=0.5,n=30,start_thres=1.25,min_cluster_size=3",hub,0.25,100,29,40,1730,37,0,3,1730,0.925,0.0,1.0,0.0,0.2506007917902686
fbc_tfnbs,"e=0.05,h=1.0,n=30,start_thres=1.25,min_cluster_size=3",hub,0.25,100,29,40,1730,37,0,3,1730,0.925,0.0,1.0,0.0,0.2506007917902686
fbc_tfnbs,"e=0.05,h=2.0,n=30,start_thres=1.25,min_cluster_size=3",hub,0.25,100,29,40,1730,38,0,2,1730,0.95,0.0,1.0,0.0,0.2506007917902686
fbc_tfnbs,"e=0.05,h=3.0,n=30,start_thres=1.25,min_cluster_size=3",hub,0.25,100,29,40,1730,39,1,1,1729,0.975,0.0005780346820809,0.975,0.025,0.2506007917902686
fbc_tfnbs,"e=0.05,h=4.0,n=30,start_thres=1.25,min_cluster_size=3",hub,0.25,100,29,40,1730,39,1,1,1729,0.975,0.0005780346820809,0.975,0.025,0.2506007917902686
fbc_tfnbs,"e=0.05,h=5.0,n=30,start_thres=1.25,min_cluster_size=3",hub,0.25,100,29,40,1730,39,1,1,1729,0.975,0.0005780346820809,0.975,0.025,0.2506007917902686
fbc_tfnbs,"e=0.05,h=6.0,n=30,start_thres=1.25,min_cluster_size=3",hub,0.25,100,29,40,1730,39,1,1,1729,0.975,0.0005780346820809,0.975,0.025,0.2506007917902686
fbc_tfnbs,"e=0.05,h=7.0,n=30,start_thres=1.25,min_cluster_size=3",hub,0.25,100,29,40,1730,39,1,1,1729,0.975,0.0005780346820809,0.975,0.025,0.2506007917902686
fbc_tfnbs,"e=0.05,h=8.0,n=30,start_thres=1.25,min_cluster_size=3",hub,0.25,100,29,40,1730,39,1,1,1729,0.975,0.0005780346820809,0.975,0.025,0.2506007917902686
fbc_tfnbs,"e=0.05,h=9.0,n=30,start_thres=1.25,min_cluster_size=3",hub,0.25,100,29,40,1730,39,1,1,1729,0.975,0.0005780346820809,0.975,0.025,0.2506007917902686
fbc_tfnbs,"e=0.05,h=10.0,n=30,start_thres=1.25,min_cluster_size=3",hub,0.25,100,29,40,1730,39,1,1,1729,0.975,0.0005780346820809,0.975,0.025,0.2506007917902686
fbc_tfnbs,"e=0.1,h=0.5,n=30,start_thres=1.25,min_cluster_size=3",hub,0.25,100,29,40,1730,37,0,3,1730,0.925,0.0,1.0,0.0,0.2506007917902686
fbc_tfnbs,"e=0.1,h=1.0,n=30,start_thres=1.25,min_cluster_size=3",hub,0.25,100,29,40,1730,38,0,2,1730,0.95,0.0,1.0,0.0,0.2506007917902686
fbc_tfnbs,"e=0.1,h=2.0,n=30,start_thres=1.25,min_cluster_size=3",hub,0.25,100,29,40,1730,39,1,1,1729,0.975,0.0005780346820809,0.975,0.025,0.2506007917902686
fbc_tfnbs,"e=0.1,h=3.0,n=30,start_thres=1.25,min_cluster_size=3",hub,0.25,100,29,40,1730,39,1,1,1729,0.975,0.0005780346820809,0.975,0.025,0.2506007917902686
fbc_tfnbs,"e=0.1,h=4.0,n=30,start_thres=1.25,min_cluster_size=3",hub,0.25,100,29,40,1730,39,1,1,1729,0.975,0.0005780346820809,0.975,0.025,0.2506007917902686
fbc_tfnbs,"e=0.1,h=5.0,n=30,start_thres=1.25,min_cluster_size=3",hub,0.25,100,29,40,1730,39,1,1,1729,0.975,0.0005780346820809,0.975,0.025,0.2506007917902686
fbc_tfnbs,"e=0.1,h=6.0,n=30,start_thres=1.25,min_cluster_size=3",hub,0.25,100,29,40,1730,39,1,1,1729,0.975,0.0005780346820809,0.975,0.025,0.2506007917902686
fbc_tfnbs,"e=0.1,h=7.0,n=30,start_thres=1.25,min_cluster_size=3",hub,0.25,100,29,40,1730,39,1,1,1729,0.975,0.0005780346820809,0.975,0.025,0.2506007917902686
fbc_tfnbs,"e=0.1,h=8.0,n=30,start_thres=1.25,min_cluster_size=3",hub,0.25,100,29,40,1730,39,1,1,1729,0.975,0.0005780346820809,0.975,0.025,0.2506007917902686
fbc_tfnbs,"e=0.1,h=9.0,n=30,start_thres=1.25,min_cluster_size=3",hub,0.25,100,29,40,1730,39,1,1,1729,0.975,0.0005780346820809,0.975,0.025,0.2506007917902686
fbc_tfnbs,"e=0.1,h=10.0,n=30,start_thres=1.25,min_cluster_size=3",hub,0.25,100,29,40,1730,39,1,1,1729,0.975,0.0005780346820809,0.975,0.025,0.2506007917902686
fbc_tfnbs,"e=0.2,h=0.5,n=30,start_thres=1.25,min_cluster_size=3",hub,0.25,100,29,40,1730,39,0,1,1730,0.975,0.0,1.0,0.0,0.2506007917902686
fbc_tfnbs,"e=0.2,h=1.0,n=30,start_thres=1.25,min_cluster_size=3",hub,0.25,100,29,40,1730,39,1,1,1729,0.975,0.0005780346820809,0.975,0.025,0.2506007917902686
fbc_tfnbs,"e=0.2,h=2.0,n=30,start_thres=1.25,min_cluster_size=3",hub,0.25,100,29,40,1730,39,1,1,1729,0.975,0.0005780346820809,0.975,0.025,0.2506007917902686
fbc_tfnbs,"e=0.2,h=3.0,n=30,start_thres=1.25,min_cluster_size=3",hub,0.25,100,29,40,1730,39,1,1,1729,0.975,0.0005780346820809,0.975,0.025,0.2506007917902686
fbc_tfnbs,"e=0.2,h=4.0,n=30,start_thres=1.25,min_cluster_size=3",hub,0.25,100,29,40,1730,39,1,1,1729,0.975,0.0005780346820809,0.975,0.025,0.2506007917902686
fbc_tfnbs,"e=0.2,h=5.0,n=30,start_thres=1.25,min_cluster_size=3",hub,0.25,100,29,40,1730,39,1,1,1729,0.975,0.0005780346820809,0.975,0.025,0.2506007917902686
fbc_tfnbs,"e=0.2,h=6.0,n=30,start_thres=1.25,min_cluster_size=3",hub,0.25,100,29,40,1730,39,1,1,1729,0.975,0.0005780346820809,0.975,0.025,0.2506007917902686
fbc_tfnbs,"e=0.2,h=7.0,n=30,start_thres=1.25,min_cluster_size=3",hub,0.25,100,29,40,1730,39,1,1,1729,0.975,0.0005780346820809,0.975,0.025,0.2506007917902686
fbc_tfnbs,"e=0.2,h=8.0,n=30,start_thres=1.25,min_cluster_size=3",hub,0.25,100,29,40,1730,39,1,1,1729,0.975,0.0005780346820809,0.975,0.025,0.2506007917902686
fbc_tfnbs,"e=0.2,h=9.0,n=30,start_thres=1.25,min_cluster_size=3",hub,0.25,100,29,40,1730,39,1,1,1729,0.975,0.0005780346820809,0.975,0.025,0.2506007917902686
fbc_tfnbs,"e=0.2,h=10.0,n=30,start_thres=1.25,min_cluster_size=3",hub,0.25,100,29,40,1730,39,1,1,1729,0.975,0.0005780346820809,0.975,0.025,0.2506007917902686
fbc_tfnbs,"e=0.3,h=0.5,n=30,start_thres=1.25,min_cluster_size=3",hub,0.25,100,29,40,1730,39,1,1,1729,0.975,0.0005780346820809,0.975,0.025,0.2506007917902686
fbc_tfnbs,"e=0.3,h=1.0,n=30,start_thres=1.25,min_cluster_size=3",hub,0.25,100,29,40,1730,39,1,1,1729,0.975,0.0005780346820809,0.975,0.025,0.2506007917902686
fbc_tfnbs,"e=0.3,h=2.0,n=30,start_thres=1.25,min_cluster_size=3",hub,0.25,100,29,40,1730,39,1,1,1729,0.975,0.0005780346820809,0.975,0.025,0.2506007917902686
fbc_tfnbs,"e=0.3,h=3.0,n=30,start_thres=1.25,min_cluster_size=3",hub,0.25,100,29,40,1730,39,1,1,1729,0.975,0.0005780346820809,0.975,0.025,0.2506007917902686
fbc_tfnbs,"e=0.3,h=4.0,n=30,start_thres=1.25,min_cluster_size=3",hub,0.25,100,29,40,1730,39,1,1,1729,0.975,0.0005780346820809,0.975,0.025,0.2506007917902686
fbc_tfnbs,"e=0.3,h=5.0,n=30,start_thres=1.25,min_cluster_size=3",hub,0.25,100,29,40,1730,39,1,1,1729,0.975,0.0005780346820809,0.975,0.025,0.2506007917902686
fbc_tfnbs,"e=0.3,h=6.0,n=30,start_thres=1.25,min_cluster_size=3",hub,0.25,100,29,40,1730,39,1,1,1729,0.975,0.0005780346820809,0.975,0.025,0.2506007917902686
fbc_tfnbs,"e=0.3,h=7.0,n=30,start_thres=1.25,min_cluster_size=3",hub,0.25,100,29,40,1730,39,1,1,1729,0.975,0.0005780346820809,0.975,0.025,0.2506007917902686
fbc_tfnbs,"e=0.3,h=8.0,n=30,start_thres=1.25,min_cluster_size=3",hub,0.25,100,29,40,1730,39,1,1,1729,0.975,0.0005780346820809,0.975,0.025,0.2506007917902686
fbc_tfnbs,"e=0.3,h=9.0,n=30,start_thres=1.25,min_cluster_size=3",hub,0.25,100,29,40,1730,39,1,1,1729,0.975,0.0005780346820809,0.975,0.025,0.2506007917902686
fbc_tfnbs,"e=0.3,h=10.0,n=30,start_thres=1.25,min_cluster_size=3",hub,0.25,100,29,40,1730,39,1,1,1729,0.975,0.0005780346820809,0.975,0.025,0.2506007917902686
fbc_tfnbs,"e=0.4,h=0.5,n=30,start_thres=1.25,min_cluster_size=3",hub,0.25,100,29,40,1730,39,1,1,1729,0.975,0.0005780346820809,0.975,0.025,0.2506007917902686
fbc_tfnbs,"e=0.4,h=1.0,n=30,start_thres=1.25,min_cluster_size=3",hub,0.25,100,29,40,1730,39,1,1,1729,0.975,0.0005780346820809,0.975,0.025,0.2506007917902686
fbc_tfnbs,"e=0.4,h=2.0,n=30,start_thres=1.25,min_cluster_size=3",hub,0.25,100,29,40,1730,39,1,1,1729,0.975,0.0005780346820809,0.975,0.025,0.2506007917902686
fbc_tfnbs,"e=0.4,h=3.0,n=30,start_thres=1.25,min_cluster_size=3",hub,0.25,100,29,40,1730,39,1,1,1729,0.975,0.0005780346820809,0.975,0.025,0.2506007917902686
fbc_tfnbs,"e=0.4,h=4.0,n=30,start_thres=1.25,min_cluster_size=3",hub,0.25,100,29,40,1730,39,1,1,1729,0.975,0.0005780346820809,0.975,0.025,0.2506007917902686
fbc_tfnbs,"e=0.4,h=5.0,n=30,start_thres=1.25,min_cluster_size=3",hub,0.25,100,29,40,1730,39,1,1,1729,0.975,0.0005780346820809,0.975,0.025,0.2506007917902686
fbc_tfnbs,"e=0.4,h=6.0,n=30,start_thres=1.25,min_cluster_size=3",hub,0.25,100,29,40,1730,39,1,1,1729,0.975,0.0005780346820809,0.975,0.025,0.2506007917902686
fbc_tfnbs,"e=0.4,h=7.0,n=30,start_thres=1.25,min_cluster_size=3",hub,0.25,100,29,40,1730,39,1,1,1729,0.975,0.0005780346820809,0.975,0.025,0.2506007917902686
fbc_tfnbs,"e=0.4,h=8.0,n=30,start_thres=1.25,min_cluster_size=3",hub,0.25,100,29,40,1730,39,1,1,1729,0.975,0.0005780346820809,0.975,0.025,0.2506007917902686
fbc_tfnbs,"e=0.4,h=9.0,n=30,start_thres=1.25,min_cluster_size=3",hub,0.25,100,29,40,1730,39,1,1,1729,0.975,0.0005780346820809,0.975,0.025,0.2506007917902686
fbc_tfnbs,"e=0.4,h=10.0,n=30,start_thres=1.25,min_cluster_size=3",hub,0.25,100,29,40,1730,39,1,1,1729,0.975,0.0005780346820809,0.975,0.025,0.2506007917902686
fbc_tfnbs,"e=0.5,h=0.5,n=30,start_thres=1.25,min_cluster_size=3",hub,0.25,100,29,40,1730,39,0,1,1730,0.975,0.0,1.0,0.0,0.2506007917902686
fbc_tfnbs,"e=0.5,h=1.0,n=30,start_thres=1.25,min_cluster_size=3",hub,0.25,100,29,40,1730,39,1,1,1729,0.975,0.0005780346820809,0.975,0.025,0.2506007917902686
fbc_tfnbs,"e=0.5,h=2.0,n=30,start_thres=1.25,min_cluster_size=3",hub,0.25,100,29,40,1730,39,1,1,1729,0.975,0.0005780346820809,0.975,0.025,0.2506007917902686
fbc_tfnbs,"e=0.5,h=3.0,n=30,start_thres=1.25,min_cluster_size=3",hub,0.25,100,29,40,1730,39,1,1,1729,0.975,0.0005780346820809,0.975,0.025,0.2506007917902686
fbc_tfnbs,"e=0.5,h=4.0,n=30,start_thres=1.25,min_cluster_size=3",hub,0.25,100,29,40,1730,39,1,1,1729,0.975,0.0005780346820809,0.975,0.025,0.2506007917902686
fbc_tfnbs,"e=0.5,h=5.0,n=30,start_thres=1.25,min_cluster_size=3",hub,0.25,100,29,40,1730,39,1,1,1729,0.975,0.0005780346820809,0.975,0.025,0.2506007917902686
fbc_tfnbs,"e=0.5,h=6.0,n=30,start_thres=1.25,min_cluster_size=3",hub,0.25,100,29,40,1730,39,1,1,1729,0.975,0.0005780346820809,0.975,0.025,0.2506007917902686
fbc_tfnbs,"e=0.5,h=7.0,n=30,start_thres=1.25,min_cluster_size=3",hub,0.25,100,29,40,1730,39,1,1,1729,0.975,0.0005780346820809,0.975,0.025,0.2506007917902686
fbc_tfnbs,"e=0.5,h=8.0,n=30,start_thres=1.25,min_cluster_size=3",hub,0.25,100,29,40,1730,39,1,1,1729,0.975,0.0005780346820809,0.975,0.025,0.2506007917902686
fbc_tfnbs,"e=0.5,h=9.0,n=30,start_thres=1.25,min_cluster_size=3",hub,0.25,100,29,40,1730,39,1,1,1729,0.975,0.0005780346820809,0.975,0.025,0.2506007917902686
fbc_tfnbs,"e=0.5,h=10.0,n=30,start_thres=1.25,min_cluster_size=3",hub,0.25,100,29,40,1730,39,1,1,1729,0.975,0.0005780346820809,0.975,0.025,0.2506007917902686
fbc_tfnbs,"e=0.6,h=0.5,n=30,start_thres=1.25,min_cluster_size=3",hub,0.25,100,29,40,1730,39,0,1,1730,0.975,0.0,1.0,0.0,0.2506007917902686
fbc_tfnbs,"e=0.6,h=1.0,n=30,start_thres=1.25,min_cluster_size=3",hub,0.25,100,29,40,1730,39,1,1,1729,0.975,0.0005780346820809,0.975,0.025,0.2506007917902686
fbc_tfnbs,"e=0.6,h=2.0,n=30,start_thres=1.25,min_cluster_size=3",hub,0.25,100,29,40,1730,39,1,1,1729,0.975,0.0005780346820809,0.975,0.025,0.2506007917902686
fbc_tfnbs,"e=0.6,h=3.0,n=30,start_thres=1.25,min_cluster_size=3",hub,0.25,100,29,40,1730,39,1,1,1729,0.975,0.0005780346820809,0.975,0.025,0.2506007917902686
fbc_tfnbs,"e=0.6,h=4.0,n=30,start_thres=1.25,min_cluster_size=3",hub,0.25,100,29,40,1730,39,1,1,1729,0.975,0.0005780346820809,0.975,0.025,0.2506007917902686
fbc_tfnbs,"e=0.6,h=5.0,n=30,start_thres=1.25,min_cluster_size=3",hub,0.25,100,29,40,1730,39,1,1,1729,0.975,0.0005780346820809,0.975,0.025,0.2506007917902686
fbc_tfnbs,"e=0.6,h=6.0,n=30,start_thres=1.25,min_cluster_size=3",hub,0.25,100,29,40,1730,39,1,1,1729,0.975,0.0005780346820809,0.975,0.025,0.2506007917902686
fbc_tfnbs,"e=0.6,h=7.0,n=30,start_thres=1.25,min_cluster_size=3",hub,0.25,100,29,40,1730,39,1,1,1729,0.975,0.0005780346820809,0.975,0.025,0.2506007917902686
fbc_tfnbs,"e=0.6,h=8.0,n=30,start_thres=1.25,min_cluster_size=3",hub,0.25,100,29,40,1730,39,1,1,1729,0.975,0.0005780346820809,0.975,0.025,0.2506007917902686
fbc_tfnbs,"e=0.6,h=9.0,n=30,start_thres=1.25,min_cluster_size=3",hub,0.25,100,29,40,1730,39,1,1,1729,0.975,0.0005780346820809,0.975,0.025,0.2506007917902686
fbc_tfnbs,"e=0.6,h=10.0,n=30,start_thres=1.25,min_cluster_size=3",hub,0.25,100,29,40,1730,39,1,1,1729,0.975,0.0005780346820809,0.975,0.025,0.2506007917902686
fbc_tfnbs,"e=0.7,h=0.5,n=30,start_thres=1.25,min_cluster_size=3",hub,0.25,100,29,40,1730,38,0,2,1730,0.95,0.0,1.0,0.0,0.2506007917902686
fbc_tfnbs,"e=0.7,h=1.0,n=30,start_thres=1.25,min_cluster_size=3",hub,0.25,100,29,40,1730,39,0,1,1730,0.975,0.0,1.0,0.0,0.2506007917902686
fbc_tfnbs,"e=0.7,h=2.0,n=30,start_thres=1.25,min_cluster_size=3",hub,0.25,100,29,40,1730,39,1,1,1729,0.975,0.0005780346820809,0.975,0.025,0.2506007917902686
fbc_tfnbs,"e=0.7,h=3.0,n=30,start_thres=1.25,min_cluster_size=3",hub,0.25,100,29,40,1730,39,1,1,1729,0.975,0.0005780346820809,0.975,0.025,0.2506007917902686
fbc_tfnbs,"e=0.7,h=4.0,n=30,start_thres=1.25,min_cluster_size=3",hub,0.25,100,29,40,1730,39,1,1,1729,0.975,0.0005780346820809,0.975,0.025,0.2506007917902686
fbc_tfnbs,"e=0.7,h=5.0,n=30,start_thres=1.25,min_cluster_size=3",hub,0.25,100,29,40,1730,39,1,1,1729,0.975,0.0005780346820809,0.975,0.025,0.2506007917902686
fbc_tfnbs,"e=0.7,h=6.0,n=30,start_thres=1.25,min_cluster_size=3",hub,0.25,100,29,40,1730,39,1,1,1729,0.975,0.0005780346820809,0.975,0.025,0.2506007917902686
fbc_tfnbs,"e=0.7,h=7.0,n=30,start_thres=1.25,min_cluster_size=3",hub,0.25,100,29,40,1730,39,1,1,1729,0.975,0.0005780346820809,0.975,0.025,0.2506007917902686
fbc_tfnbs,"e=0.7,h=8.0,n=30,start_thres=1.25,min_cluster_size=3",hub,0.25,100,29,40,1730,39,1,1,1729,0.975,0.0005780346820809,0.975,0.025,0.2506007917902686
fbc_tfnbs,"e=0.7,h=9.0,n=30,start_thres=1.25,min_cluster_size=3",hub,0.25,100,29,40,1730,39,1,1,1729,0.975,0.0005780346820809,0.975,0.025,0.2506007917902686
fbc_tfnbs,"e=0.7,h=10.0,n=30,start_thres=1.25,min_cluster_size=3",hub,0.25,100,29,40,1730,39,1,1,1729,0.975,0.0005780346820809,0.975,0.025,0.2506007917902686
fbc_tfnbs,"e=0.8,h=0.5,n=30,start_thres=1.25,min_cluster_size=3",hub,0.25,100,29,40,1730,38,0,2,1730,0.95,0.0,1.0,0.0,0.2506007917902686
fbc_tfnbs,"e=0.8,h=1.0,n=30,start_thres=1.25,min_cluster_size=3",hub,0.25,100,29,40,1730,39,0,1,1730,0.975,0.0,1.0,0.0,0.2506007917902686
fbc_tfnbs,"e=0.8,h=2.0,n=30,start_thres=1.25,min_cluster_size=3",hub,0.25,100,29,40,1730,39,1,1,1729,0.975,0.0005780346820809,0.975,0.025,0.2506007917902686
fbc_tfnbs,"e=0.8,h=3.0,n=30,start_thres=1.25,min_cluster_size=3",hub,0.25,100,29,40,1730,39,1,1,1729,0.975,0.0005780346820809,0.975,0.025,0.2506007917902686
fbc_tfnbs,"e=0.8,h=4.0,n=30,start_thres=1.25,min_cluster_size=3",hub,0.25,100,29,40,1730,39,1,1,1729,0.975,0.0005780346820809,0.975,0.025,0.2506007917902686
fbc_tfnbs,"e=0.8,h=5.0,n=30,start_thres=1.25,min_cluster_size=3",hub,0.25,100,29,40,1730,39,1,1,1729,0.975,0.0005780346820809,0.975,0.025,0.2506007917902686
fbc_tfnbs,"e=0.8,h=6.0,n=30,start_thres=1.25,min_cluster_size=3",hub,0.25,100,29,40,1730,39,1,1,1729,0.975,0.0005780346820809,0.975,0.025,0.2506007917902686
fbc_tfnbs,"e=0.8,h=7.0,n=30,start_thres=1.25,min_cluster_size=3",hub,0.25,100,29,40,1730,39,1,1,1729,0.975,0.0005780346820809,0.975,0.025,0.2506007917902686
fbc_tfnbs,"e=0.8,h=8.0,n=30,start_thres=1.25,min_cluster_size=3",hub,0.25,100,29,40,1730,39,1,1,1729,0.975,0.0005780346820809,0.975,0.025,0.2506007917902686
fbc_tfnbs,"e=0.8,h=9.0,n=30,start_thres=1.25,min_cluster_size=3",hub,0.25,100,29,40,1730,39,1,1,1729,0.975,0.0005780346820809,0.975,0.025,0.2506007917902686
fbc_tfnbs,"e=0.8,h=10.0,n=30,start_thres=1.25,min_cluster_size=3",hub,0.25,100,29,40,1730,39,1,1,1729,0.975,0.0005780346820809,0.975,0.025,0.2506007917902686
fbc_tfnbs,"e=0.9,h=0.5,n=30,start_thres=1.25,min_cluster_size=3",hub,0.25,100,29,40,1730,38,0,2,1730,0.95,0.0,1.0,0.0,0.2506007917902686
fbc_tfnbs,"e=0.9,h=1.0,n=30,start_thres=1.25,min_cluster_size=3",hub,0.25,100,29,40,1730,38,0,2,1730,0.95,0.0,1.0,0.0,0.2506007917902686
fbc_tfnbs,"e=0.9,h=2.0,n=30,start_thres=1.25,min_cluster_size=3",hub,0.25,100,29,40,1730,39,1,1,1729,0.975,0.0005780346820809,0.975,0.025,0.2506007917902686
fbc_tfnbs,"e=0.9,h=3.0,n=30,start_thres=1.25,min_cluster_size=3",hub,0.25,100,29,40,1730,39,1,1,1729,0.975,0.0005780346820809,0.975,0.025,0.2506007917902686
fbc_tfnbs,"e=0.9,h=4.0,n=30,start_thres=1.25,min_cluster_size=3",hub,0.25,100,29,40,1730,39,1,1,1729,0.975,0.0005780346820809,0.975,0.025,0.2506007917902686
fbc_tfnbs,"e=0.9,h=5.0,n=30,start_thres=1.25,min_cluster_size=3",hub,0.25,100,29,40,1730,39,1,1,1729,0.975,0.0005780346820809,0.975,0.025,0.2506007917902686
fbc_tfnbs,"e=0.9,h=6.0,n=30,start_thres=1.25,min_cluster_size=3",hub,0.25,100,29,40,1730,39,1,1,1729,0.975,0.0005780346820809,0.975,0.025,0.2506007917902686
fbc_tfnbs,"e=0.9,h=7.0,n=30,start_thres=1.25,min_cluster_size=3",hub,0.25,100,29,40,1730,39,1,1,1729,0.975,0.0005780346820809,0.975,0.025,0.2506007917902686
fbc_tfnbs,"e=0.9,h=8.0,n=30,start_thres=1.25,min_cluster_size=3",hub,0.25,100,29,40,1730,39,1,1,1729,0.975,0.0005780346820809,0.975,0.025,0.2506007917902686
fbc_tfnbs,"e=0.9,h=9.0,n=30,start_thres=1.25,min_cluster_size=3",hub,0.25,100,29,40,1730,39,1,1,1729,0.975,0.0005780346820809,0.975,0.025,0.2506007917902686
fbc_tfnbs,"e=0.9,h=10.0,n=30,start_thres=1.25,min_cluster_size=3",hub,0.25,100,29,40,1730,39,1,1,1729,0.975,0.0005780346820809,0.975,0.025,0.2506007917902686
fbc_tfnbs,"e=1.0,h=0.5,n=30,start_thres=1.25,min_cluster_size=3",hub,0.25,100,29,40,1730,38,0,2,1730,0.95,0.0,1.0,0.0,0.2506007917902686
fbc_tfnbs,"e=1.0,h=1.0,n=30,start_thres=1.25,min_cluster_size=3",hub,0.25,100,29,40,1730,38,0,2,1730,0.95,0.0,1.0,0.0,0.2506007917902686
fbc_tfnbs,"e=1.0,h=2.0,n=30,start_thres=1.25,min_cluster_size=3",hub,0.25,100,29,40,1730,39,1,1,1729,0.975,0.0005780346820809,0.975,0.025,0.2506007917902686
fbc_tfnbs,"e=1.0,h=3.0,n=30,start_thres=1.25,min_cluster_size=3",hub,0.25,100,29,40,1730,39,1,1,1729,0.975,0.0005780346820809,0.975,0.025,0.2506007917902686
fbc_tfnbs,"e=1.0,h=4.0,n=30,start_thres=1.25,min_cluster_size=3",hub,0.25,100,29,40,1730,39,1,1,1729,0.975,0.0005780346820809,0.975,0.025,0.2506007917902686
fbc_tfnbs,"e=1.0,h=5.0,n=30,start_thres=1.25,min_cluster_size=3",hub,0.25,100,29,40,1730,39,1,1,1729,0.975,0.0005780346820809,0.975,0.025,0.2506007917902686
fbc_tfnbs,"e=1.0,h=6.0,n=30,start_thres=1.25,min_cluster_size=3",hub,0.25,100,29,40,1730,39,1,1,1729,0.975,0.0005780346820809,0.975,0.025,0.2506007917902686
fbc_tfnbs,"e=1.0,h=7.0,n=30,start_thres=1.25,min_cluster_size=3",hub,0.25,100,29,40,1730,39,1,1,1729,0.975,0.0005780346820809,0.975,0.025,0.2506007917902686
fbc_tfnbs,"e=1.0,h=8.0,n=30,start_thres=1.25,min_cluster_size=3",hub,0.25,100,29,40,1730,39,1,1,1729,0.975,0.0005780346820809,0.975,0.025,0.2506007917902686
fbc_tfnbs,"e=1.0,h=9.0,n=30,start_thres=1.25,min_cluster_size=3",hub,0.25,100,29,40,1730,39,1,1,1729,0.975,0.0005780346820809,0.975,0.025,0.2506007917902686
fbc_tfnbs,"e=1.0,h=10.0,n=30,start_thres=1.25,min_cluster_size=3",hub,0.25,100,29,40,1730,39,1,1,1729,0.975,0.0005780346820809,0.975,0.025,0.2506007917902686
fbc_tfnbs,"e=1.1,h=0.5,n=30,start_thres=1.25,min_cluster_size=3",hub,0.25,100,29,40,1730,37,0,3,1730,0.925,0.0,1.0,0.0,0.2506007917902686
fbc_tfnbs,"e=1.1,h=1.0,n=30,start_thres=1.25,min_cluster_size=3",hub,0.25,100,29,40,1730,38,0,2,1730,0.95,0.0,1.0,0.0,0.2506007917902686
fbc_tfnbs,"e=1.1,h=2.0,n=30,start_thres=1.25,min_cluster_size=3",hub,0.25,100,29,40,1730,39,1,1,1729,0.975,0.0005780346820809,0.975,0.025,0.2506007917902686
fbc_tfnbs,"e=1.1,h=3.0,n=30,start_thres=1.25,min_cluster_size=3",hub,0.25,100,29,40,1730,39,1,1,1729,0.975,0.0005780346820809,0.975,0.025,0.2506007917902686
fbc_tfnbs,"e=1.1,h=4.0,n=30,start_thres=1.25,min_cluster_size=3",hub,0.25,100,29,40,1730,39,1,1,1729,0.975,0.0005780346820809,0.975,0.025,0.2506007917902686
fbc_tfnbs,"e=1.1,h=5.0,n=30,start_thres=1.25,min_cluster_size=3",hub,0.25,100,29,40,1730,39,1,1,1729,0.975,0.0005780346820809,0.975,0.025,0.2506007917902686
fbc_tfnbs,"e=1.1,h=6.0,n=30,start_thres=1.25,min_cluster_size=3",hub,0.25,100,29,40,1730,39,1,1,1729,0.975,0.0005780346820809,0.975,0.025,0.2506007917902686
fbc_tfnbs,"e=1.1,h=7.0,n=30,start_thres=1.25,min_cluster_size=3",hub,0.25,100,29,40,1730,39,1,1,1729,0.975,0.0005780346820809,0.975,0.025,0.2506007917902686
fbc_tfnbs,"e=1.1,h=8.0,n=30,start_thres=1.25,min_cluster_size=3",hub,0.25,100,29,40,1730,39,1,1,1729,0.975,0.0005780346820809,0.975,0.025,0.2506007917902686
fbc_tfnbs,"e=1.1,h=9.0,n=30,start_thres=1.25,min_cluster_size=3",hub,0.25,100,29,40,1730,39,1,1,1729,0.975,0.0005780346820809,0.975,0.025,0.2506007917902686
fbc_tfnbs,"e=1.1,h=10.0,n=30,start_thres=1.25,min_cluster_size=3",hub,0.25,100,29,40,1730,39,1,1,1729,0.975,0.0005780346820809,0.975,0.025,0.2506007917902686
fbc_tfnbs,"e=1.2,h=0.5,n=30,start_thres=1.25,min_cluster_size=3",hub,0.25,100,29,40,1730,35,0,5,1730,0.875,0.0,1.0,0.0,0.2506007917902686
fbc_tfnbs,"e=1.2,h=1.0,n=30,start_thres=1.25,min_cluster_size=3",hub,0.25,100,29,40,1730,38,0,2,1730,0.95,0.0,1.0,0.0,0.2506007917902686
fbc_tfnbs,"e=1.2,h=2.0,n=30,start_thres=1.25,min_cluster_size=3",hub,0.25,100,29,40,1730,39,0,1,1730,0.975,0.0,1.0,0.0,0.2506007917902686
fbc_tfnbs,"e=1.2,h=3.0,n=30,start_thres=1.25,min_cluster_size=3",hub,0.25,100,29,40,1730,39,1,1,1729,0.975,0.0005780346820809,0.975,0.025,0.2506007917902686
fbc_tfnbs,"e=1.2,h=4.0,n=30,start_thres=1.25,min_cluster_size=3",hub,0.25,100,29,40,1730,39,1,1,1729,0.975,0.0005780346820809,0.975,0.025,0.2506007917902686
fbc_tfnbs,"e=1.2,h=5.0,n=30,start_thres=1.25,min_cluster_size=3",hub,0.25,100,29,40,1730,39,1,1,1729,0.975,0.0005780346820809,0.975,0.025,0.2506007917902686
fbc_tfnbs,"e=1.2,h=6.0,n=30,start_thres=1.25,min_cluster_size=3",hub,0.25,100,29,40,1730,39,1,1,1729,0.975,0.0005780346820809,0.975,0.025,0.2506007917902686
fbc_tfnbs,"e=1.2,h=7.0,n=30,start_thres=1.25,min_cluster_size=3",hub,0.25,100,29,40,1730,39,1,1,1729,0.975,0.0005780346820809,0.975,0.025,0.2506007917902686
fbc_tfnbs,"e=1.2,h=8.0,n=30,start_thres=1.25,min_cluster_size=3",hub,0.25,100,29,40,1730,39,1,1,1729,0.975,0.0005780346820809,0.975,0.025,0.2506007917902686
fbc_tfnbs,"e=1.2,h=9.0,n=30,start_thres=1.25,min_cluster_size=3",hub,0.25,100,29,40,1730,39,1,1,1729,0.975,0.0005780346820809,0.975,0.025,0.2506007917902686
fbc_tfnbs,"e=1.2,h=10.0,n=30,start_thres=1.25,min_cluster_size=3",hub,0.25,100,29,40,1730,39,1,1,1729,0.975,0.0005780346820809,0.975,0.025,0.2506007917902686
fbc_tfnbs,"e=1.3,h=0.5,n=30,start_thres=1.25,min_cluster_size=3",hub,0.25,100,29,40,1730,35,0,5,1730,0.875,0.0,1.0,0.0,0.2506007917902686
fbc_tfnbs,"e=1.3,h=1.0,n=30,start_thres=1.25,min_cluster_size=3",hub,0.25,100,29,40,1730,37,0,3,1730,0.925,0.0,1.0,0.0,0.2506007917902686
fbc_tfnbs,"e=1.3,h=2.0,n=30,start_thres=1.25,min_cluster_size=3",hub,0.25,100,29,40,1730,38,0,2,1730,0.95,0.0,1.0,0.0,0.2506007917902686
fbc_tfnbs,"e=1.3,h=3.0,n=30,start_thres=1.25,min_cluster_size=3",hub,0.25,100,29,40,1730,39,1,1,1729,0.975,0.0005780346820809,0.975,0.025,0.2506007917902686
fbc_tfnbs,"e=1.3,h=4.0,n=30,start_thres=1.25,min_cluster_size=3",hub,0.25,100,29,40,1730,39,1,1,1729,0.975,0.0005780346820809,0.975,0.025,0.2506007917902686
fbc_tfnbs,"e=1.3,h=5.0,n=30,start_thres=1.25,min_cluster_size=3",hub,0.25,100,29,40,1730,39,1,1,1729,0.975,0.0005780346820809,0.975,0.025,0.2506007917902686
fbc_tfnbs,"e=1.3,h=6.0,n=30,start_thres=1.25,min_cluster_size=3",hub,0.25,100,29,40,1730,39,1,1,1729,0.975,0.0005780346820809,0.975,0.025,0.2506007917902686
fbc_tfnbs,"e=1.3,h=7.0,n=30,start_thres=1.25,min_cluster_size=3",hub,0.25,100,29,40,1730,39,1,1,1729,0.975,0.0005780346820809,0.975,0.025,0.2506007917902686
fbc_tfnbs,"e=1.3,h=8.0,n=30,start_thres=1.25,min_cluster_size=3",hub,0.25,100,29,40,1730,39,1,1,1729,0.975,0.0005780346820809,0.975,0.025,0.2506007917902686
fbc_tfnbs,"e=1.3,h=9.0,n=30,start_thres=1.25,min_cluster_size=3",hub,0.25,100,29,40,1730,39,1,1,1729,0.975,0.0005780346820809,0.975,0.025,0.2506007917902686
fbc_tfnbs,"e=1.3,h=10.0,n=30,start_thres=1.25,min_cluster_size=3",hub,0.25,100,29,40,1730,39,1,1,1729,0.975,0.0005780346820809,0.975,0.025,0.2506007917902686
fbc_tfnbs,"e=1.4,h=0.5,n=30,start_thres=1.25,min_cluster_size=3",hub,0.25,100,29,40,1730,33,0,7,1730,0.825,0.0,1.0,0.0,0.2506007917902686
fbc_tfnbs,"e=1.4,h=1.0,n=30,start_thres=1.25,min_cluster_size=3",hub,0.25,100,29,40,1730,35,0,5,1730,0.875,0.0,1.0,0.0,0.2506007917902686
fbc_tfnbs,"e=1.4,h=2.0,n=30,start_thres=1.25,min_cluster_size=3",hub,0.25,100,29,40,1730,38,0,2,1730,0.95,0.0,1.0,0.0,0.2506007917902686
fbc_tfnbs,"e=1.4,h=3.0,n=30,start_thres=1.25,min_cluster_size=3",hub,0.25,100,29,40,1730,39,1,1,1729,0.975,0.0005780346820809,0.975,0.025,0.2506007917902686
fbc_tfnbs,"e=1.4,h=4.0,n=30,start_thres=1.25,min_cluster_size=3",hub,0.25,100,29,40,1730,39,1,1,1729,0.975,0.0005780346820809,0.975,0.025,0.2506007917902686
fbc_tfnbs,"e=1.4,h=5.0,n=30,start_thres=1.25,min_cluster_size=3",hub,0.25,100,29,40,1730,39,1,1,1729,0.975,0.0005780346820809,0.975,0.025,0.2506007917902686
fbc_tfnbs,"e=1.4,h=6.0,n=30,start_thres=1.25,min_cluster_size=3",hub,0.25,100,29,40,1730,39,1,1,1729,0.975,0.0005780346820809,0.975,0.025,0.2506007917902686
fbc_tfnbs,"e=1.4,h=7.0,n=30,start_thres=1.25,min_cluster_size=3",hub,0.25,100,29,40,1730,39,1,1,1729,0.975,0.0005780346820809,0.975,0.025,0.2506007917902686
fbc_tfnbs,"e=1.4,h=8.0,n=30,start_thres=1.25,min_cluster_size=3",hub,0.25,100,29,40,1730,39,1,1,1729,0.975,0.0005780346820809,0.975,0.025,0.2506007917902686
fbc_tfnbs,"e=1.4,h=9.0,n=30,start_thres=1.25,min_cluster_size=3",hub,0.25,100,29,40,1730,39,1,1,1729,0.975,0.0005780346820809,0.975,0.025,0.2506007917902686
fbc_tfnbs,"e=1.4,h=10.0,n=30,start_thres=1.25,min_cluster_size=3",hub,0.25,100,29,40,1730,39,1,1,1729,0.975,0.0005780346820809,0.975,0.025,0.2506007917902686
fbc_tfnbs,"e=1.5,h=0.5,n=30,start_thres=1.25,min_cluster_size=3",hub,0.25,100,29,40,1730,26,0,14,1730,0.65,0.0,1.0,0.0,0.2506007917902686
fbc_tfnbs,"e=1.5,h=1.0,n=30,start_thres=1.25,min_cluster_size=3",hub,0.25,100,29,40,1730,35,0,5,1730,0.875,0.0,1.0,0.0,0.2506007917902686
fbc_tfnbs,"e=1.5,h=2.0,n=30,start_thres=1.25,min_cluster_size=3",hub,0.25,100,29,40,1730,38,0,2,1730,0.95,0.0,1.0,0.0,0.2506007917902686
fbc_tfnbs,"e=1.5,h=3.0,n=30,start_thres=1.25,min_cluster_size=3",hub,0.25,100,29,40,1730,39,1,1,1729,0.975,0.0005780346820809,0.975,0.025,0.2506007917902686
fbc_tfnbs,"e=1.5,h=4.0,n=30,start_thres=1.25,min_cluster_size=3",hub,0.25,100,29,40,1730,39,1,1,1729,0.975,0.0005780346820809,0.975,0.025,0.2506007917902686
fbc_tfnbs,"e=1.5,h=5.0,n=30,start_thres=1.25,min_cluster_size=3",hub,0.25,100,29,40,1730,39,1,1,1729,0.975,0.0005780346820809,0.975,0.025,0.2506007917902686
fbc_tfnbs,"e=1.5,h=6.0,n=30,start_thres=1.25,min_cluster_size=3",hub,0.25,100,29,40,1730,39,1,1,1729,0.975,0.0005780346820809,0.975,0.025,0.2506007917902686
fbc_tfnbs,"e=1.5,h=7.0,n=30,start_thres=1.25,min_cluster_size=3",hub,0.25,100,29,40,1730,39,1,1,1729,0.975,0.0005780346820809,0.975,0.025,0.2506007917902686
fbc_tfnbs,"e=1.5,h=8.0,n=30,start_thres=1.25,min_cluster_size=3",hub,0.25,100,29,40,1730,39,1,1,1729,0.975,0.0005780346820809,0.975,0.025,0.2506007917902686
fbc_tfnbs,"e=1.5,h=9.0,n=30,start_thres=1.25,min_cluster_size=3",hub,0.25,100,29,40,1730,39,1,1,1729,0.975,0.0005780346820809,0.975,0.025,0.2506007917902686
fbc_tfnbs,"e=1.5,h=10.0,n=30,start_thres=1.25,min_cluster_size=3",hub,0.25,100,29,40,1730,39,1,1,1729,0.975,0.0005780346820809,0.975,0.025,0.2506007917902686
tfnbs,"e=0.05,h=0.5,n=30,start_thres=1.25",hub,0.25,100,0,40,1730,32,1,8,1729,0.8,0.0005780346820809,0.9696969696969696,0.0303030303030303,7.792913041331551
tfnbs,"e=0.05,h=1.0,n=30,start_thres=1.25",hub,0.25,100,0,40,1730,31,1,9,1729,0.775,0.0005780346820809,0.96875,0.03125,7.792913041331551
tfnbs,"e=0.05,h=2.0,n=30,start_thres=1.25",hub,0.25,100,0,40,1730,31,1,9,1729,0.775,0.0005780346820809,0.96875,0.03125,7.792913041331551
tfnbs,"e=0.05,h=3.0,n=30,start_thres=1.25",hub,0.25,100,0,40,1730,31,1,9,1729,0.775,0.0005780346820809,0.96875,0.03125,7.792913041331551
tfnbs,"e=0.05,h=4.0,n=30,start_thres=1.25",hub,0.25,100,0,40,1730,31,1,9,1729,0.775,0.0005780346820809,0.96875,0.03125,7.792913041331551
tfnbs,"e=0.05,h=5.0,n=30,start_thres=1.25",hub,0.25,100,0,40,1730,31,1,9,1729,0.775,0.0005780346820809,0.96875,0.03125,7.792913041331551
tfnbs,"e=0.05,h=6.0,n=30,start_thres=1.25",hub,0.25,100,0,40,1730,31,1,9,1729,0.775,0.0005780346820809,0.96875,0.03125,7.792913041331551
tfnbs,"e=0.05,h=7.0,n=30,start_thres=1.25",hub,0.25,100,0,40,1730,31,1,9,1729,0.775,0.0005780346820809,0.96875,0.03125,7.792913041331551
tfnbs,"e=0.05,h=8.0,n=30,start_thres=1.25",hub,0.25,100,0,40,1730,31,1,9,1729,0.775,0.0005780346820809,0.96875,0.03125,7.792913041331551
tfnbs,"e=0.05,h=9.0,n=30,start_thres=1.25",hub,0.25,100,0,40,1730,31,1,9,1729,0.775,0.0005780346820809,0.96875,0.03125,7.792913041331551
tfnbs,"e=0.05,h=10.0,n=30,start_thres=1.25",hub,0.25,100,0,40,1730,31,1,9,1729,0.775,0.0005780346820809,0.96875,0.03125,7.792913041331551
tfnbs,"e=0.1,h=0.5,n=30,start_thres=1.25",hub,0.25,100,0,40,1730,33,1,7,1729,0.825,0.0005780346820809,0.9705882352941176,0.0294117647058823,7.792913041331551
tfnbs,"e=0.1,h=1.0,n=30,start_thres=1.25",hub,0.25,100,0,40,1730,33,1,7,1729,0.825,0.0005780346820809,0.9705882352941176,0.0294117647058823,7.792913041331551
tfnbs,"e=0.1,h=2.0,n=30,start_thres=1.25",hub,0.25,100,0,40,1730,32,1,8,1729,0.8,0.0005780346820809,0.9696969696969696,0.0303030303030303,7.792913041331551
tfnbs,"e=0.1,h=3.0,n=30,start_thres=1.25",hub,0.25,100,0,40,1730,32,1,8,1729,0.8,0.0005780346820809,0.9696969696969696,0.0303030303030303,7.792913041331551
tfnbs,"e=0.1,h=4.0,n=30,start_thres=1.25",hub,0.25,100,0,40,1730,32,1,8,1729,0.8,0.0005780346820809,0.9696969696969696,0.0303030303030303,7.792913041331551
tfnbs,"e=0.1,h=5.0,n=30,start_thres=1.25",hub,0.25,100,0,40,1730,32,1,8,1729,0.8,0.0005780346820809,0.9696969696969696,0.0303030303030303,7.792913041331551
tfnbs,"e=0.1,h=6.0,n=30,start_thres=1.25",hub,0.25,100,0,40,1730,31,1,9,1729,0.775,0.0005780346820809,0.96875,0.03125,7.792913041331551
tfnbs,"e=0.1,h=7.0,n=30,start_thres=1.25",hub,0.25,100,0,40,1730,31,1,9,1729,0.775,0.0005780346820809,0.96875,0.03125,7.792913041331551
tfnbs,"e=0.1,h=8.0,n=30,start_thres=1.25",hub,0.25,100,0,40,1730,31,1,9,1729,0.775,0.0005780346820809,0.96875,0.03125,7.792913041331551
tfnbs,"e=0.1,h=9.0,n=30,start_thres=1.25",hub,0.25,100,0,40,1730,31,1,9,1729,0.775,0.0005780346820809,0.96875,0.03125,7.792913041331551
tfnbs,"e=0.1,h=10.0,n=30,start_thres=1.25",hub,0.25,100,0,40,1730,31,1,9,1729,0.775,0.0005780346820809,0.96875,0.03125,7.792913041331551
tfnbs,"e=0.2,h=0.5,n=30,start_thres=1.25",hub,0.25,100,0,40,1730,37,2,3,1728,0.925,0.0011560693641618,0.9487179487179488,0.0512820512820512,7.792913041331551
tfnbs,"e=0.2,h=1.0,n=30,start_thres=1.25",hub,0.25,100,0,40,1730,37,2,3,1728,0.925,0.0011560693641618,0.9487179487179488,0.0512820512820512,7.792913041331551
tfnbs,"e=0.2,h=2.0,n=30,start_thres=1.25",hub,0.25,100,0,40,1730,34,2,6,1728,0.85,0.0011560693641618,0.9444444444444444,0.0555555555555555,7.792913041331551
tfnbs,"e=0.2,h=3.0,n=30,start_thres=1.25",hub,0.25,100,0,40,1730,33,1,7,1729,0.825,0.0005780346820809,0.9705882352941176,0.0294117647058823,7.792913041331551
tfnbs,"e=0.2,h=4.0,n=30,start_thres=1.25",hub,0.25,100,0,40,1730,33,1,7,1729,0.825,0.0005780346820809,0.9705882352941176,0.0294117647058823,7.792913041331551
tfnbs,"e=0.2,h=5.0,n=30,start_thres=1.25",hub,0.25,100,0,40,1730,33,1,7,1729,0.825,0.0005780346820809,0.9705882352941176,0.0294117647058823,7.792913041331551
tfnbs,"e=0.2,h=6.0,n=30,start_thres=1.25",hub,0.25,100,0,40,1730,32,1,8,1729,0.8,0.0005780346820809,0.9696969696969696,0.0303030303030303,7.792913041331551
tfnbs,"e=0.2,h=7.0,n=30,start_thres=1.25",hub,0.25,100,0,40,1730,32,1,8,1729,0.8,0.0005780346820809,0.9696969696969696,0.0303030303030303,7.792913041331551
tfnbs,"e=0.2,h=8.0,n=30,start_thres=1.25",hub,0.25,100,0,40,1730,32,1,8,1729,0.8,0.0005780346820809,0.9696969696969696,0.0303030303030303,7.792913041331551
tfnbs,"e=0.2,h=9.0,n=30,start_thres=1.25",hub,0.25,100,0,40,1730,32,1,8,1729,0.8,0.0005780346820809,0.9696969696969696,0.0303030303030303,7.792913041331551
tfnbs,"e=0.2,h=10.0,n=30,start_thres=1.25",hub,0.25,100,0,40,1730,32,1,8,1729,0.8,0.0005780346820809,0.9696969696969696,0.0303030303030303,7.792913041331551
tfnbs,"e=0.3,h=0.5,n=30,start_thres=1.25",hub,0.25,100,0,40,1730,37,7,3,1723,0.925,0.0040462427745664,0.8409090909090909,0.1590909090909091,7.792913041331551
tfnbs,"e=0.3,h=1.0,n=30,start_thres=1.25",hub,0.25,100,0,40,1730,37,6,3,1724,0.925,0.0034682080924855,0.8604651162790697,0.1395348837209302,7.792913041331551
tfnbs,"e=0.3,h=2.0,n=30,start_thres=1.25",hub,0.25,100,0,40,1730,37,2,3,1728,0.925,0.0011560693641618,0.9487179487179488,0.0512820512820512,7.792913041331551
tfnbs,"e=0.3,h=3.0,n=30,start_thres=1.25",hub,0.25,100,0,40,1730,37,2,3,1728,0.925,0.0011560693641618,0.9487179487179488,0.0512820512820512,7.792913041331551
tfnbs,"e=0.3,h=4.0,n=30,start_thres=1.25",hub,0.25,100,0,40,1730,34,2,6,1728,0.85,0.0011560693641618,0.9444444444444444,0.0555555555555555,7.792913041331551
tfnbs,"e=0.3,h=5.0,n=30,start_thres=1.25",hub,0.25,100,0,40,1730,34,2,6,1728,0.85,0.0011560693641618,0.9444444444444444,0.0555555555555555,7.792913041331551
tfnbs,"e=0.3,h=6.0,n=30,start_thres=1.25",hub,0.25,100,0,40,1730,33,1,7,1729,0.825,0.0005780346820809,0.9705882352941176,0.0294117647058823,7.792913041331551
tfnbs,"e=0.3,h=7.0,n=30,start_thres=1.25",hub,0.25,100,0,40,1730,33,1,7,1729,0.825,0.0005780346820809,0.9705882352941176,0.0294117647058823,7.792913041331551
tfnbs,"e=0.3,h=8.0,n=30,start_thres=1.25",hub,0.25,100,0,40,1730,33,1,7,1729,0.825,0.0005780346820809,0.9705882352941176,0.0294117647058823,7.792913041331551
tfnbs,"e=0.3,h=9.0,n=30,start_thres=1.25",hub,0.25,100,0,40,1730,33,1,7,1729,0.825,0.0005780346820809,0.9705882352941176,0.0294117647058823,7.792913041331551
tfnbs,"e=0.3,h=10.0,n=30,start_thres=1.25",hub,0.25,100,0,40,1730,32,1,8,1729,0.8,0.0005780346820809,0.9696969696969696,0.0303030303030303,7.792913041331551
tfnbs,"e=0.4,h=0.5,n=30,start_thres=1.25",hub,0.25,100,0,40,1730,37,11,3,1719,0.925,0.0063583815028901,0.7708333333333334,0.2291666666666666,7.792913041331551
tfnbs,"e=0.4,h=1.0,n=30,start_thres=1.25",hub,0.25,100,0,40,1730,37,10,3,1720,0.925,0.0057803468208092,0.7872340425531915,0.2127659574468085,7.792913041331551
tfnbs,"e=0.4,h=2.0,n=30,start_thres=1.25",hub,0.25,100,0,40,1730,37,10,3,1720,0.925,0.0057803468208092,0.7872340425531915,0.2127659574468085,7.792913041331551
tfnbs,"e=0.4,h=3.0,n=30,start_thres=1.25",hub,0.25,100,0,40,1730,37,6,3,1724,0.925,0.0034682080924855,0.8604651162790697,0.1395348837209302,7.792913041331551
tfnbs,"e=0.4,h=4.0,n=30,start_thres=1.25",hub,0.25,100,0,40,1730,37,2,3,1728,0.925,0.0011560693641618,0.9487179487179488,0.0512820512820512,7.792913041331551
tfnbs,"e=0.4,h=5.0,n=30,start_thres=1.25",hub,0.25,100,0,40,1730,37,2,3,1728,0.925,0.0011560693641618,0.9487179487179488,0.0512820512820512,7.792913041331551
tfnbs,"e=0.4,h=6.0,n=30,start_thres=1.25",hub,0.25,100,0,40,1730,34,2,6,1728,0.85,0.0011560693641618,0.9444444444444444,0.0555555555555555,7.792913041331551
tfnbs,"e=0.4,h=7.0,n=30,start_thres=1.25",hub,0.25,100,0,40,1730,34,2,6,1728,0.85,0.0011560693641618,0.9444444444444444,0.0555555555555555,7.792913041331551
tfnbs,"e=0.4,h=8.0,n=30,start_thres=1.25",hub,0.25,100,0,40,1730,34,2,6,1728,0.85,0.0011560693641618,0.9444444444444444,0.0555555555555555,7.792913041331551
tfnbs,"e=0.4,h=9.0,n=30,start_thres=1.25",hub,0.25,100,0,40,1730,33,1,7,1729,0.825,0.0005780346820809,0.9705882352941176,0.0294117647058823,7.792913041331551
tfnbs,"e=0.4,h=10.0,n=30,start_thres=1.25",hub,0.25,100,0,40,1730,33,1,7,1729,0.825,0.0005780346820809,0.9705882352941176,0.0294117647058823,7.792913041331551
tfnbs,"e=0.5,h=0.5,n=30,start_thres=1.25",hub,0.25,100,0,40,1730,38,18,2,1712,0.95,0.0104046242774566,0.6785714285714286,0.3214285714285714,7.792913041331551
tfnbs,"e=0.5,h=1.0,n=30,start_thres=1.25",hub,0.25,100,0,40,1730,38,18,2,1712,0.95,0.0104046242774566,0.6785714285714286,0.3214285714285714,7.792913041331551
tfnbs,"e=0.5,h=2.0,n=30,start_thres=1.25",hub,0.25,100,0,40,1730,38,18,2,1712,0.95,0.0104046242774566,0.6785714285714286,0.3214285714285714,7.792913041331551
tfnbs,"e=0.5,h=3.0,n=30,start_thres=1.25",hub,0.25,100,0,40,1730,37,10,3,1720,0.925,0.0057803468208092,0.7872340425531915,0.2127659574468085,7.792913041331551
tfnbs,"e=0.5,h=4.0,n=30,start_thres=1.25",hub,0.25,100,0,40,1730,37,7,3,1723,0.925,0.0040462427745664,0.8409090909090909,0.1590909090909091,7.792913041331551
tfnbs,"e=0.5,h=5.0,n=30,start_thres=1.25",hub,0.25,100,0,40,1730,37,6,3,1724,0.925,0.0034682080924855,0.8604651162790697,0.1395348837209302,7.792913041331551
tfnbs,"e=0.5,h=6.0,n=30,start_thres=1.25",hub,0.25,100,0,40,1730,37,2,3,1728,0.925,0.0011560693641618,0.9487179487179488,0.0512820512820512,7.792913041331551
tfnbs,"e=0.5,h=7.0,n=30,start_thres=1.25",hub,0.25,100,0,40,1730,37,2,3,1728,0.925,0.0011560693641618,0.9487179487179488,0.0512820512820512,7.792913041331551
tfnbs,"e=0.5,h=8.0,n=30,start_thres=1.25",hub,0.25,100,0,40,1730,34,2,6,1728,0.85,0.0011560693641618,0.9444444444444444,0.0555555555555555,7.792913041331551
tfnbs,"e=0.5,h=9.0,n=30,start_thres=1.25",hub,0.25,100,0,40,1730,34,2,6,1728,0.85,0.0011560693641618,0.9444444444444444,0.0555555555555555,7.792913041331551
tfnbs,"e=0.5,h=10.0,n=30,start_thres=1.25",hub,0.25,100,0,40,1730,34,2,6,1728,0.85,0.0011560693641618,0.9444444444444444,0.0555555555555555,7.792913041331551
tfnbs,"e=0.6,h=0.5,n=30,start_thres=1.25",hub,0.25,100,0,40,1730,38,24,2,1706,0.95,0.0138728323699421,0.6129032258064516,0.3870967741935484,7.792913041331551
tfnbs,"e=0.6,h=1.0,n=30,start_thres=1.25",hub,0.25,100,0,40,1730,38,24,2,1706,0.95,0.0138728323699421,0.6129032258064516,0.3870967741935484,7.792913041331551
tfnbs,"e=0.6,h=2.0,n=30,start_thres=1.25",hub,0.25,100,0,40,1730,38,18,2,1712,0.95,0.0104046242774566,0.6785714285714286,0.3214285714285714,7.792913041331551
tfnbs,"e=0.6,h=3.0,n=30,start_thres=1.25",hub,0.25,100,0,40,1730,38,18,2,1712,0.95,0.0104046242774566,0.6785714285714286,0.3214285714285714,7.792913041331551
tfnbs,"e=0.6,h=4.0,n=30,start_thres=1.25",hub,0.25,100,0,40,1730,37,10,3,1720,0.925,0.0057803468208092,0.7872340425531915,0.2127659574468085,7.792913041331551
tfnbs,"e=0.6,h=5.0,n=30,start_thres=1.25",hub,0.25,100,0,40,1730,37,10,3,1720,0.925,0.0057803468208092,0.7872340425531915,0.2127659574468085,7.792913041331551
tfnbs,"e=0.6,h=6.0,n=30,start_thres=1.25",hub,0.25,100,0,40,1730,37,6,3,1724,0.925,0.0034682080924855,0.8604651162790697,0.1395348837209302,7.792913041331551
tfnbs,"e=0.6,h=7.0,n=30,start_thres=1.25",hub,0.25,100,0,40,1730,37,6,3,1724,0.925,0.0034682080924855,0.8604651162790697,0.1395348837209302,7.792913041331551
tfnbs,"e=0.6,h=8.0,n=30,start_thres=1.25",hub,0.25,100,0,40,1730,37,2,3,1728,0.925,0.0011560693641618,0.9487179487179488,0.0512820512820512,7.792913041331551
tfnbs,"e=0.6,h=9.0,n=30,start_thres=1.25",hub,0.25,100,0,40,1730,37,2,3,1728,0.925,0.0011560693641618,0.9487179487179488,0.0512820512820512,7.792913041331551
tfnbs,"e=0.6,h=10.0,n=30,start_thres=1.25",hub,0.25,100,0,40,1730,34,2,6,1728,0.85,0.0011560693641618,0.9444444444444444,0.0555555555555555,7.792913041331551
tfnbs,"e=0.7,h=0.5,n=30,start_thres=1.25",hub,0.25,100,0,40,1730,38,24,2,1706,0.95,0.0138728323699421,0.6129032258064516,0.3870967741935484,7.792913041331551
tfnbs,"e=0.7,h=1.0,n=30,start_thres=1.25",hub,0.25,100,0,40,1730,38,24,2,1706,0.95,0.0138728323699421,0.6129032258064516,0.3870967741935484,7.792913041331551
tfnbs,"e=0.7,h=2.0,n=30,start_thres=1.25",hub,0.25,100,0,40,1730,38,24,2,1706,0.95,0.0138728323699421,0.6129032258064516,0.3870967741935484,7.792913041331551
tfnbs,"e=0.7,h=3.0,n=30,start_thres=1.25",hub,0.25,100,0,40,1730,38,24,2,1706,0.95,0.0138728323699421,0.6129032258064516,0.3870967741935484,7.792913041331551
tfnbs,"e=0.7,h=4.0,n=30,start_thres=1.25",hub,0.25,100,0,40,1730,38,18,2,1712,0.95,0.0104046242774566,0.6785714285714286,0.3214285714285714,7.792913041331551
tfnbs,"e=0.7,h=5.0,n=30,start_thres=1.25",hub,0.25,100,0,40,1730,38,18,2,1712,0.95,0.0104046242774566,0.6785714285714286,0.3214285714285714,7.792913041331551
tfnbs,"e=0.7,h=6.0,n=30,start_thres=1.25",hub,0.25,100,0,40,1730,37,10,3,1720,0.925,0.0057803468208092,0.7872340425531915,0.2127659574468085,7.792913041331551
tfnbs,"e=0.7,h=7.0,n=30,start_thres=1.25",hub,0.25,100,0,40,1730,37,7,3,1723,0.925,0.0040462427745664,0.8409090909090909,0.1590909090909091,7.792913041331551
tfnbs,"e=0.7,h=8.0,n=30,start_thres=1.25",hub,0.25,100,0,40,1730,37,6,3,1724,0.925,0.0034682080924855,0.8604651162790697,0.1395348837209302,7.792913041331551
tfnbs,"e=0.7,h=9.0,n=30,start_thres=1.25",hub,0.25,100,0,40,1730,37,2,3,1728,0.925,0.0011560693641618,0.9487179487179488,0.0512820512820512,7.792913041331551
tfnbs,"e=0.7,h=10.0,n=30,start_thres=1.25",hub,0.25,100,0,40,1730,37,2,3,1728,0.925,0.0011560693641618,0.9487179487179488,0.0512820512820512,7.792913041331551
tfnbs,"e=0.8,h=0.5,n=30,start_thres=1.25",hub,0.25,100,0,40,1730,39,31,1,1699,0.975,0.0179190751445086,0.5571428571428572,0.4428571428571428,7.792913041331551
tfnbs,"e=0.8,h=1.0,n=30,start_thres=1.25",hub,0.25,100,0,40,1730,39,31,1,1699,0.975,0.0179190751445086,0.5571428571428572,0.4428571428571428,7.792913041331551
tfnbs,"e=0.8,h=2.0,n=30,start_thres=1.25",hub,0.25,100,0,40,1730,38,24,2,1706,0.95,0.0138728323699421,0.6129032258064516,0.3870967741935484,7.792913041331551
tfnbs,"e=0.8,h=3.0,n=30,start_thres=1.25",hub,0.25,100,0,40,1730,38,24,2,1706,0.95,0.0138728323699421,0.6129032258064516,0.3870967741935484,7.792913041331551
tfnbs,"e=0.8,h=4.0,n=30,start_thres=1.25",hub,0.25,100,0,40,1730,38,24,2,1706,0.95,0.0138728323699421,0.6129032258064516,0.3870967741935484,7.792913041331551
tfnbs,"e=0.8,h=5.0,n=30,start_thres=1.25",hub,0.25,100,0,40,1730,38,18,2,1712,0.95,0.0104046242774566,0.6785714285714286,0.3214285714285714,7.792913041331551
tfnbs,"e=0.8,h=6.0,n=30,start_thres=1.25",hub,0.25,100,0,40,1730,38,18,2,1712,0.95,0.0104046242774566,0.6785714285714286,0.3214285714285714,7.792913041331551
tfnbs,"e=0.8,h=7.0,n=30,start_thres=1.25",hub,0.25,100,0,40,1730,37,10,3,1720,0.925,0.0057803468208092,0.7872340425531915,0.2127659574468085,7.792913041331551
tfnbs,"e=0.8,h=8.0,n=30,start_thres=1.25",hub,0.25,100,0,40,1730,37,10,3,1720,0.925,0.0057803468208092,0.7872340425531915,0.2127659574468085,7.792913041331551
tfnbs,"e=0.8,h=9.0,n=30,start_thres=1.25",hub,0.25,100,0,40,1730,37,6,3,1724,0.925,0.0034682080924855,0.8604651162790697,0.1395348837209302,7.792913041331551
tfnbs,"e=0.8,h=10.0,n=30,start_thres=1.25",hub,0.25,100,0,40,1730,37,6,3,1724,0.925,0.0034682080924855,0.8604651162790697,0.1395348837209302,7.792913041331551
tfnbs,"e=0.9,h=0.5,n=30,start_thres=1.25",hub,0.25,100,0,40,1730,39,31,1,1699,0.975,0.0179190751445086,0.5571428571428572,0.4428571428571428,7.792913041331551
tfnbs,"e=0.9,h=1.0,n=30,start_thres=1.25",hub,0.25,100,0,40,1730,39,31,1,1699,0.975,0.0179190751445086,0.5571428571428572,0.4428571428571428,7.792913041331551
tfnbs,"e=0.9,h=2.0,n=30,start_thres=1.25",hub,0.25,100,0,40,1730,39,31,1,1699,0.975,0.0179190751445086,0.5571428571428572,0.4428571428571428,7.792913041331551
tfnbs,"e=0.9,h=3.0,n=30,start_thres=1.25",hub,0.25,100,0,40,1730,39,31,1,1699,0.975,0.0179190751445086,0.5571428571428572,0.4428571428571428,7.792913041331551
tfnbs,"e=0.9,h=4.0,n=30,start_thres=1.25",hub,0.25,100,0,40,1730,38,24,2,1706,0.95,0.0138728323699421,0.6129032258064516,0.3870967741935484,7.792913041331551
tfnbs,"e=0.9,h=5.0,n=30,start_thres=1.25",hub,0.25,100,0,40,1730,38,24,2,1706,0.95,0.0138728323699421,0.6129032258064516,0.3870967741935484,7.792913041331551
tfnbs,"e=0.9,h=6.0,n=30,start_thres=1.25",hub,0.25,100,0,40,1730,38,18,2,1712,0.95,0.0104046242774566,0.6785714285714286,0.3214285714285714,7.792913041331551
tfnbs,"e=0.9,h=7.0,n=30,start_thres=1.25",hub,0.25,100,0,40,1730,38,18,2,1712,0.95,0.0104046242774566,0.6785714285714286,0.3214285714285714,7.792913041331551
tfnbs,"e=0.9,h=8.0,n=30,start_thres=1.25",hub,0.25,100,0,40,1730,37,10,3,1720,0.925,0.0057803468208092,0.7872340425531915,0.2127659574468085,7.792913041331551
tfnbs,"e=0.9,h=9.0,n=30,start_thres=1.25",hub,0.25,100,0,40,1730,37,10,3,1720,0.925,0.0057803468208092,0.7872340425531915,0.2127659574468085,7.792913041331551
tfnbs,"e=0.9,h=10.0,n=30,start_thres=1.25",hub,0.25,100,0,40,1730,37,6,3,1724,0.925,0.0034682080924855,0.8604651162790697,0.1395348837209302,7.792913041331551
tfnbs,"e=1.0,h=0.5,n=30,start_thres=1.25",hub,0.25,100,0,40,1730,39,31,1,1699,0.975,0.0179190751445086,0.5571428571428572,0.4428571428571428,7.792913041331551
tfnbs,"e=1.0,h=1.0,n=30,start_thres=1.25",hub,0.25,100,0,40,1730,39,31,1,1699,0.975,0.0179190751445086,0.5571428571428572,0.4428571428571428,7.792913041331551
tfnbs,"e=1.0,h=2.0,n=30,start_thres=1.25",hub,0.25,100,0,40,1730,39,31,1,1699,0.975,0.0179190751445086,0.5571428571428572,0.4428571428571428,7.792913041331551
tfnbs,"e=1.0,h=3.0,n=30,start_thres=1.25",hub,0.25,100,0,40,1730,39,31,1,1699,0.975,0.0179190751445086,0.5571428571428572,0.4428571428571428,7.792913041331551
tfnbs,"e=1.0,h=4.0,n=30,start_thres=1.25",hub,0.25,100,0,40,1730,39,31,1,1699,0.975,0.0179190751445086,0.5571428571428572,0.4428571428571428,7.792913041331551
tfnbs,"e=1.0,h=5.0,n=30,start_thres=1.25",hub,0.25,100,0,40,1730,38,24,2,1706,0.95,0.0138728323699421,0.6129032258064516,0.3870967741935484,7.792913041331551
tfnbs,"e=1.0,h=6.0,n=30,start_thres=1.25",hub,0.25,100,0,40,1730,38,24,2,1706,0.95,0.0138728323699421,0.6129032258064516,0.3870967741935484,7.792913041331551
tfnbs,"e=1.0,h=7.0,n=30,start_thres=1.25",hub,0.25,100,0,40,1730,38,18,2,1712,0.95,0.0104046242774566,0.6785714285714286,0.3214285714285714,7.792913041331551
tfnbs,"e=1.0,h=8.0,n=30,start_thres=1.25",hub,0.25,100,0,40,1730,38,18,2,1712,0.95,0.0104046242774566,0.6785714285714286,0.3214285714285714,7.792913041331551
tfnbs,"e=1.0,h=9.0,n=30,start_thres=1.25",hub,0.25,100,0,40,1730,37,10,3,1720,0.925,0.0057803468208092,0.7872340425531915,0.2127659574468085,7.792913041331551
tfnbs,"e=1.0,h=10.0,n=30,start_thres=1.25",hub,0.25,100,0,40,1730,37,10,3,1720,0.925,0.0057803468208092,0.7872340425531915,0.2127659574468085,7.792913041331551
tfnbs,"e=1.1,h=0.5,n=30,start_thres=1.25",hub,0.25,100,0,40,1730,39,48,1,1682,0.975,0.0277456647398843,0.4482758620689655,0.5517241379310345,7.792913041331551
tfnbs,"e=1.1,h=1.0,n=30,start_thres=1.25",hub,0.25,100,0,40,1730,39,48,1,1682,0.975,0.0277456647398843,0.4482758620689655,0.5517241379310345,7.792913041331551
tfnbs,"e=1.1,h=2.0,n=30,start_thres=1.25",hub,0.25,100,0,40,1730,39,31,1,1699,0.975,0.0179190751445086,0.5571428571428572,0.4428571428571428,7.792913041331551
tfnbs,"e=1.1,h=3.0,n=30,start_thres=1.25",hub,0.25,100,0,40,1730,39,31,1,1699,0.975,0.0179190751445086,0.5571428571428572,0.4428571428571428,7.792913041331551
tfnbs,"e=1.1,h=4.0,n=30,start_thres=1.25",hub,0.25,100,0,40,1730,39,31,1,1699,0.975,0.0179190751445086,0.5571428571428572,0.4428571428571428,7.792913041331551
tfnbs,"e=1.1,h=5.0,n=30,start_thres=1.25",hub,0.25,100,0,40,1730,39,31,1,1699,0.975,0.0179190751445086,0.5571428571428572,0.4428571428571428,7.792913041331551
tfnbs,"e=1.1,h=6.0,n=30,start_thres=1.25",hub,0.25,100,0,40,1730,38,24,2,1706,0.95,0.0138728323699421,0.6129032258064516,0.3870967741935484,7.792913041331551
tfnbs,"e=1.1,h=7.0,n=30,start_thres=1.25",hub,0.25,100,0,40,1730,38,24,2,1706,0.95,0.0138728323699421,0.6129032258064516,0.3870967741935484,7.792913041331551
tfnbs,"e=1.1,h=8.0,n=30,start_thres=1.25",hub,0.25,100,0,40,1730,38,18,2,1712,0.95,0.0104046242774566,0.6785714285714286,0.3214285714285714,7.792913041331551
tfnbs,"e=1.1,h=9.0,n=30,start_thres=1.25",hub,0.25,100,0,40,1730,38,18,2,1712,0.95,0.0104046242774566,0.6785714285714286,0.3214285714285714,7.792913041331551
tfnbs,"e=1.1,h=10.0,n=30,start_thres=1.25",hub,0.25,100,0,40,1730,37,11,3,1719,0.925,0.0063583815028901,0.7708333333333334,0.2291666666666666,7.792913041331551
tfnbs,"e=1.2,h=0.5,n=30,start_thres=1.25",hub,0.25,100,0,40,1730,39,48,1,1682,0.975,0.0277456647398843,0.4482758620689655,0.5517241379310345,7.792913041331551
tfnbs,"e=1.2,h=1.0,n=30,start_thres=1.25",hub,0.25,100,0,40,1730,39,48,1,1682,0.975,0.0277456647398843,0.4482758620689655,0.5517241379310345,7.792913041331551
tfnbs,"e=1.2,h=2.0,n=30,start_thres=1.25",hub,0.25,100,0,40,1730,39,48,1,1682,0.975,0.0277456647398843,0.4482758620689655,0.5517241379310345,7.792913041331551
tfnbs,"e=1.2,h=3.0,n=30,start_thres=1.25",hub,0.25,100,0,40,1730,39,48,1,1682,0.975,0.0277456647398843,0.4482758620689655,0.5517241379310345,7.792913041331551
tfnbs,"e=1.2,h=4.0,n=30,start_thres=1.25",hub,0.25,100,0,40,1730,39,31,1,1699,0.975,0.0179190751445086,0.5571428571428572,0.4428571428571428,7.792913041331551
tfnbs,"e=1.2,h=5.0,n=30,start_thres=1.25",hub,0.25,100,0,40,1730,39,31,1,1699,0.975,0.0179190751445086,0.5571428571428572,0.4428571428571428,7.792913041331551
tfnbs,"e=1.2,h=6.0,n=30,start_thres=1.25",hub,0.25,100,0,40,1730,39,31,1,1699,0.975,0.0179190751445086,0.5571428571428572,0.4428571428571428,7.792913041331551
tfnbs,"e=1.2,h=7.0,n=30,start_thres=1.25",hub,0.25,100,0,40,1730,38,24,2,1706,0.95,0.0138728323699421,0.6129032258064516,0.3870967741935484,7.792913041331551
tfnbs,"e=1.2,h=8.0,n=30,start_thres=1.25",hub,0.25,100,0,40,1730,38,24,2,1706,0.95,0.0138728323699421,0.6129032258064516,0.3870967741935484,7.792913041331551
tfnbs,"e=1.2,h=9.0,n=30,start_thres=1.25",hub,0.25,100,0,40,1730,38,24,2,1706,0.95,0.0138728323699421,0.6129032258064516,0.3870967741935484,7.792913041331551
tfnbs,"e=1.2,h=10.0,n=30,start_thres=1.25",hub,0.25,100,0,40,1730,38,18,2,1712,0.95,0.0104046242774566,0.6785714285714286,0.3214285714285714,7.792913041331551
tfnbs,"e=1.3,h=0.5,n=30,start_thres=1.25",hub,0.25,100,0,40,1730,39,48,1,1682,0.975,0.0277456647398843,0.4482758620689655,0.5517241379310345,7.792913041331551
tfnbs,"e=1.3,h=1.0,n=30,start_thres=1.25",hub,0.25,100,0,40,1730,39,48,1,1682,0.975,0.0277456647398843,0.4482758620689655,0.5517241379310345,7.792913041331551
tfnbs,"e=1.3,h=2.0,n=30,start_thres=1.25",hub,0.25,100,0,40,1730,39,48,1,1682,0.975,0.0277456647398843,0.4482758620689655,0.5517241379310345,7.792913041331551
tfnbs,"e=1.3,h=3.0,n=30,start_thres=1.25",hub,0.25,100,0,40,1730,39,48,1,1682,0.975,0.0277456647398843,0.4482758620689655,0.5517241379310345,7.792913041331551
tfnbs,"e=1.3,h=4.0,n=30,start_thres=1.25",hub,0.25,100,0,40,1730,39,48,1,1682,0.975,0.0277456647398843,0.4482758620689655,0.5517241379310345,7.792913041331551
tfnbs,"e=1.3,h=5.0,n=30,start_thres=1.25",hub,0.25,100,0,40,1730,39,31,1,1699,0.975,0.0179190751445086,0.5571428571428572,0.4428571428571428,7.792913041331551
tfnbs,"e=1.3,h=6.0,n=30,start_thres=1.25",hub,0.25,100,0,40,1730,39,31,1,1699,0.975,0.0179190751445086,0.5571428571428572,0.4428571428571428,7.792913041331551
tfnbs,"e=1.3,h=7.0,n=30,start_thres=1.25",hub,0.25,100,0,40,1730,39,31,1,1699,0.975,0.0179190751445086,0.5571428571428572,0.4428571428571428,7.792913041331551
tfnbs,"e=1.3,h=8.0,n=30,start_thres=1.25",hub,0.25,100,0,40,1730,38,24,2,1706,0.95,0.0138728323699421,0.6129032258064516,0.3870967741935484,7.792913041331551
tfnbs,"e=1.3,h=9.0,n=30,start_thres=1.25",hub,0.25,100,0,40,1730,38,24,2,1706,0.95,0.0138728323699421,0.6129032258064516,0.3870967741935484,7.792913041331551
tfnbs,"e=1.3,h=10.0,n=30,start_thres=1.25",hub,0.25,100,0,40,1730,38,24,2,1706,0.95,0.0138728323699421,0.6129032258064516,0.3870967741935484,7.792913041331551
tfnbs,"e=1.4,h=0.5,n=30,start_thres=1.25",hub,0.25,100,0,40,1730,39,48,1,1682,0.975,0.0277456647398843,0.4482758620689655,0.5517241379310345,7.792913041331551
tfnbs,"e=1.4,h=1.0,n=30,start_thres=1.25",hub,0.25,100,0,40,1730,39,48,1,1682,0.975,0.0277456647398843,0.4482758620689655,0.5517241379310345,7.792913041331551
tfnbs,"e=1.4,h=2.0,n=30,start_thres=1.25",hub,0.25,100,0,40,1730,39,48,1,1682,0.975,0.0277456647398843,0.4482758620689655,0.5517241379310345,7.792913041331551
tfnbs,"e=1.4,h=3.0,n=30,start_thres=1.25",hub,0.25,100,0,40,1730,39,48,1,1682,0.975,0.0277456647398843,0.4482758620689655,0.5517241379310345,7.792913041331551
tfnbs,"e=1.4,h=4.0,n=30,start_thres=1.25",hub,0.25,100,0,40,1730,39,48,1,1682,0.975,0.0277456647398843,0.4482758620689655,0.5517241379310345,7.792913041331551
tfnbs,"e=1.4,h=5.0,n=30,start_thres=1.25",hub,0.25,100,0,40,1730,39,48,1,1682,0.975,0.0277456647398843,0.4482758620689655,0.5517241379310345,7.792913041331551
tfnbs,"e=1.4,h=6.0,n=30,start_thres=1.25",hub,0.25,100,0,40,1730,39,31,1,1699,0.975,0.0179190751445086,0.5571428571428572,0.4428571428571428,7.792913041331551
tfnbs,"e=1.4,h=7.0,n=30,start_thres=1.25",hub,0.25,100,0,40,1730,39,31,1,1699,0.975,0.0179190751445086,0.5571428571428572,0.4428571428571428,7.792913041331551
tfnbs,"e=1.4,h=8.0,n=30,start_thres=1.25",hub,0.25,100,0,40,1730,39,31,1,1699,0.975,0.0179190751445086,0.5571428571428572,0.4428571428571428,7.792913041331551
tfnbs,"e=1.4,h=9.0,n=30,start_thres=1.25",hub,0.25,100,0,40,1730,38,24,2,1706,0.95,0.0138728323699421,0.6129032258064516,0.3870967741935484,7.792913041331551
tfnbs,"e=1.4,h=10.0,n=30,start_thres=1.25",hub,0.25,100,0,40,1730,38,24,2,1706,0.95,0.0138728323699421,0.6129032258064516,0.3870967741935484,7.792913041331551
tfnbs,"e=1.5,h=0.5,n=30,start_thres=1.25",hub,0.25,100,0,40,1730,39,48,1,1682,0.975,0.0277456647398843,0.4482758620689655,0.5517241379310345,7.792913041331551
tfnbs,"e=1.5,h=1.0,n=30,start_thres=1.25",hub,0.25,100,0,40,1730,39,48,1,1682,0.975,0.0277456647398843,0.4482758620689655,0.5517241379310345,7.792913041331551
tfnbs,"e=1.5,h=2.0,n=30,start_thres=1.25",hub,0.25,100,0,40,1730,39,48,1,1682,0.975,0.0277456647398843,0.4482758620689655,0.5517241379310345,7.792913041331551
tfnbs,"e=1.5,h=3.0,n=30,start_thres=1.25",hub,0.25,100,0,40,1730,39,48,1,1682,0.975,0.0277456647398843,0.4482758620689655,0.5517241379310345,7.792913041331551
tfnbs,"e=1.5,h=4.0,n=30,start_thres=1.25",hub,0.25,100,0,40,1730,39,48,1,1682,0.975,0.0277456647398843,0.4482758620689655,0.5517241379310345,7.792913041331551
tfnbs,"e=1.5,h=5.0,n=30,start_thres=1.25",hub,0.25,100,0,40,1730,39,48,1,1682,0.975,0.0277456647398843,0.4482758620689655,0.5517241379310345,7.792913041331551
tfnbs,"e=1.5,h=6.0,n=30,start_thres=1.25",hub,0.25,100,0,40,1730,39,48,1,1682,0.975,0.0277456647398843,0.4482758620689655,0.5517241379310345,7.792913041331551
tfnbs,"e=1.5,h=7.0,n=30,start_thres=1.25",hub,0.25,100,0,40,1730,39,31,1,1699,0.975,0.0179190751445086,0.5571428571428572,0.4428571428571428,7.792913041331551
tfnbs,"e=1.5,h=8.0,n=30,start_thres=1.25",hub,0.25,100,0,40,1730,39,31,1,1699,0.975,0.0179190751445086,0.5571428571428572,0.4428571428571428,7.792913041331551
tfnbs,"e=1.5,h=9.0,n=30,start_thres=1.25",hub,0.25,100,0,40,1730,39,31,1,1699,0.975,0.0179190751445086,0.5571428571428572,0.4428571428571428,7.792913041331551
tfnbs,"e=1.5,h=10.0,n=30,start_thres=1.25",hub,0.25,100,0,40,1730,38,24,2,1706,0.95,0.0138728323699421,0.6129032258064516,0.3870967741935484,7.792913041331551
tfnbs,"e=0.05,h=0.5,n=30,start_thres=1.25",hub,0.25,100,7,40,1730,31,0,9,1730,0.775,0.0,1.0,0.0,7.6983355744318525
tfnbs,"e=0.05,h=1.0,n=30,start_thres=1.25",hub,0.25,100,7,40,1730,31,0,9,1730,0.775,0.0,1.0,0.0,7.6983355744318525
tfnbs,"e=0.05,h=2.0,n=30,start_thres=1.25",hub,0.25,100,7,40,1730,31,0,9,1730,0.775,0.0,1.0,0.0,7.6983355744318525
tfnbs,"e=0.05,h=3.0,n=30,start_thres=1.25",hub,0.25,100,7,40,1730,31,0,9,1730,0.775,0.0,1.0,0.0,7.6983355744318525
tfnbs,"e=0.05,h=4.0,n=30,start_thres=1.25",hub,0.25,100,7,40,1730,31,0,9,1730,0.775,0.0,1.0,0.0,7.6983355744318525
tfnbs,"e=0.05,h=5.0,n=30,start_thres=1.25",hub,0.25,100,7,40,1730,31,0,9,1730,0.775,0.0,1.0,0.0,7.6983355744318525
tfnbs,"e=0.05,h=6.0,n=30,start_thres=1.25",hub,0.25,100,7,40,1730,31,0,9,1730,0.775,0.0,1.0,0.0,7.6983355744318525
tfnbs,"e=0.05,h=7.0,n=30,start_thres=1.25",hub,0.25,100,7,40,1730,30,0,10,1730,0.75,0.0,1.0,0.0,7.6983355744318525
tfnbs,"e=0.05,h=8.0,n=30,start_thres=1.25",hub,0.25,100,7,40,1730,30,0,10,1730,0.75,0.0,1.0,0.0,7.6983355744318525
tfnbs,"e=0.05,h=9.0,n=30,start_thres=1.25",hub,0.25,100,7,40,1730,30,0,10,1730,0.75,0.0,1.0,0.0,7.6983355744318525
tfnbs,"e=0.05,h=10.0,n=30,start_thres=1.25",hub,0.25,100,7,40,1730,30,0,10,1730,0.75,0.0,1.0,0.0,7.6983355744318525
tfnbs,"e=0.1,h=0.5,n=30,start_thres=1.25",hub,0.25,100,7,40,1730,32,1,8,1729,0.8,0.0005780346820809,0.9696969696969696,0.0303030303030303,7.6983355744318525
tfnbs,"e=0.1,h=1.0,n=30,start_thres=1.25",hub,0.25,100,7,40,1730,31,0,9,1730,0.775,0.0,1.0,0.0,7.6983355744318525
tfnbs,"e=0.1,h=2.0,n=30,start_thres=1.25",hub,0.25,100,7,40,1730,31,0,9,1730,0.775,0.0,1.0,0.0,7.6983355744318525
tfnbs,"e=0.1,h=3.0,n=30,start_thres=1.25",hub,0.25,100,7,40,1730,31,0,9,1730,0.775,0.0,1.0,0.0,7.6983355744318525
tfnbs,"e=0.1,h=4.0,n=30,start_thres=1.25",hub,0.25,100,7,40,1730,31,0,9,1730,0.775,0.0,1.0,0.0,7.6983355744318525
tfnbs,"e=0.1,h=5.0,n=30,start_thres=1.25",hub,0.25,100,7,40,1730,31,0,9,1730,0.775,0.0,1.0,0.0,7.6983355744318525
tfnbs,"e=0.1,h=6.0,n=30,start_thres=1.25",hub,0.25,100,7,40,1730,31,0,9,1730,0.775,0.0,1.0,0.0,7.6983355744318525
tfnbs,"e=0.1,h=7.0,n=30,start_thres=1.25",hub,0.25,100,7,40,1730,31,0,9,1730,0.775,0.0,1.0,0.0,7.6983355744318525
tfnbs,"e=0.1,h=8.0,n=30,start_thres=1.25",hub,0.25,100,7,40,1730,31,0,9,1730,0.775,0.0,1.0,0.0,7.6983355744318525
tfnbs,"e=0.1,h=9.0,n=30,start_thres=1.25",hub,0.25,100,7,40,1730,31,0,9,1730,0.775,0.0,1.0,0.0,7.6983355744318525
tfnbs,"e=0.1,h=10.0,n=30,start_thres=1.25",hub,0.25,100,7,40,1730,31,0,9,1730,0.775,0.0,1.0,0.0,7.6983355744318525
tfnbs,"e=0.2,h=0.5,n=30,start_thres=1.25",hub,0.25,100,7,40,1730,36,2,4,1728,0.9,0.0011560693641618,0.9473684210526316,0.0526315789473684,7.6983355744318525
tfnbs,"e=0.2,h=1.0,n=30,start_thres=1.25",hub,0.25,100,7,40,1730,34,2,6,1728,0.85,0.0011560693641618,0.9444444444444444,0.0555555555555555,7.6983355744318525
tfnbs,"e=0.2,h=2.0,n=30,start_thres=1.25",hub,0.25,100,7,40,1730,34,2,6,1728,0.85,0.0011560693641618,0.9444444444444444,0.0555555555555555,7.6983355744318525
tfnbs,"e=0.2,h=3.0,n=30,start_thres=1.25",hub,0.25,100,7,40,1730,32,1,8,1729,0.8,0.0005780346820809,0.9696969696969696,0.0303030303030303,7.6983355744318525
tfnbs,"e=0.2,h=4.0,n=30,start_thres=1.25",hub,0.25,100,7,40,1730,32,1,8,1729,0.8,0.0005780346820809,0.9696969696969696,0.0303030303030303,7.6983355744318525
tfnbs,"e=0.2,h=5.0,n=30,start_thres=1.25",hub,0.25,100,7,40,1730,31,0,9,1730,0.775,0.0,1.0,0.0,7.6983355744318525
tfnbs,"e=0.2,h=6.0,n=30,start_thres=1.25",hub,0.25,100,7,40,1730,31,0,9,1730,0.775,0.0,1.0,0.0,7.6983355744318525
tfnbs,"e=0.2,h=7.0,n=30,start_thres=1.25",hub,0.25,100,7,40,1730,31,0,9,1730,0.775,0.0,1.0,0.0,7.6983355744318525
tfnbs,"e=0.2,h=8.0,n=30,start_thres=1.25",hub,0.25,100,7,40,1730,31,0,9,1730,0.775,0.0,1.0,0.0,7.6983355744318525
tfnbs,"e=0.2,h=9.0,n=30,start_thres=1.25",hub,0.25,100,7,40,1730,31,0,9,1730,0.775,0.0,1.0,0.0,7.6983355744318525
tfnbs,"e=0.2,h=10.0,n=30,start_thres=1.25",hub,0.25,100,7,40,1730,31,0,9,1730,0.775,0.0,1.0,0.0,7.6983355744318525
tfnbs,"e=0.3,h=0.5,n=30,start_thres=1.25",hub,0.25,100,7,40,1730,36,5,4,1725,0.9,0.0028901734104046,0.8780487804878049,0.1219512195121951,7.6983355744318525
tfnbs,"e=0.3,h=1.0,n=30,start_thres=1.25",hub,0.25,100,7,40,1730,36,5,4,1725,0.9,0.0028901734104046,0.8780487804878049,0.1219512195121951,7.6983355744318525
tfnbs,"e=0.3,h=2.0,n=30,start_thres=1.25",hub,0.25,100,7,40,1730,36,2,4,1728,0.9,0.0011560693641618,0.9473684210526316,0.0526315789473684,7.6983355744318525
tfnbs,"e=0.3,h=3.0,n=30,start_thres=1.25",hub,0.25,100,7,40,1730,36,2,4,1728,0.9,0.0011560693641618,0.9473684210526316,0.0526315789473684,7.6983355744318525
tfnbs,"e=0.3,h=4.0,n=30,start_thres=1.25",hub,0.25,100,7,40,1730,34,2,6,1728,0.85,0.0011560693641618,0.9444444444444444,0.0555555555555555,7.6983355744318525
tfnbs,"e=0.3,h=5.0,n=30,start_thres=1.25",hub,0.25,100,7,40,1730,32,1,8,1729,0.8,0.0005780346820809,0.9696969696969696,0.0303030303030303,7.6983355744318525
tfnbs,"e=0.3,h=6.0,n=30,start_thres=1.25",hub,0.25,100,7,40,1730,32,1,8,1729,0.8,0.0005780346820809,0.9696969696969696,0.0303030303030303,7.6983355744318525
tfnbs,"e=0.3,h=7.0,n=30,start_thres=1.25",hub,0.25,100,7,40,1730,32,1,8,1729,0.8,0.0005780346820809,0.9696969696969696,0.0303030303030303,7.6983355744318525
tfnbs,"e=0.3,h=8.0,n=30,start_thres=1.25",hub,0.25,100,7,40,1730,32,1,8,1729,0.8,0.0005780346820809,0.9696969696969696,0.0303030303030303,7.6983355744318525
tfnbs,"e=0.3,h=9.0,n=30,start_thres=1.25",hub,0.25,100,7,40,1730,31,0,9,1730,0.775,0.0,1.0,0.0,7.6983355744318525
tfnbs,"e=0.3,h=10.0,n=30,start_thres=1.25",hub,0.25,100,7,40,1730,31,0,9,1730,0.775,0.0,1.0,0.0,7.6983355744318525
tfnbs,"e=0.4,h=0.5,n=30,start_thres=1.25",hub,0.25,100,7,40,1730,38,6,2,1724,0.95,0.0034682080924855,0.8636363636363636,0.1363636363636363,7.6983355744318525
tfnbs,"e=0.4,h=1.0,n=30,start_thres=1.25",hub,0.25,100,7,40,1730,38,6,2,1724,0.95,0.0034682080924855,0.8636363636363636,0.1363636363636363,7.6983355744318525
tfnbs,"e=0.4,h=2.0,n=30,start_thres=1.25",hub,0.25,100,7,40,1730,36,5,4,1725,0.9,0.0028901734104046,0.8780487804878049,0.1219512195121951,7.6983355744318525
tfnbs,"e=0.4,h=3.0,n=30,start_thres=1.25",hub,0.25,100,7,40,1730,36,5,4,1725,0.9,0.0028901734104046,0.8780487804878049,0.1219512195121951,7.6983355744318525
tfnbs,"e=0.4,h=4.0,n=30,start_thres=1.25",hub,0.25,100,7,40,1730,36,2,4,1728,0.9,0.0011560693641618,0.9473684210526316,0.0526315789473684,7.6983355744318525
tfnbs,"e=0.4,h=5.0,n=30,start_thres=1.25",hub,0.25,100,7,40,1730,36,2,4,1728,0.9,0.0011560693641618,0.9473684210526316,0.0526315789473684,7.6983355744318525
tfnbs,"e=0.4,h=6.0,n=30,start_thres=1.25",hub,0.25,100,7,40,1730,34,2,6,1728,0.85,0.0011560693641618,0.9444444444444444,0.0555555555555555,7.6983355744318525
tfnbs,"e=0.4,h=7.0,n=30,start_thres=1.25",hub,0.25,100,7,40,1730,34,2,6,1728,0.85,0.0011560693641618,0.9444444444444444,0.0555555555555555,7.6983355744318525
tfnbs,"e=0.4,h=8.0,n=30,start_thres=1.25",hub,0.25,100,7,40,1730,32,1,8,1729,0.8,0.0005780346820809,0.9696969696969696,0.0303030303030303,7.6983355744318525
tfnbs,"e=0.4,h=9.0,n=30,start_thres=1.25",hub,0.25,100,7,40,1730,32,1,8,1729,0.8,0.0005780346820809,0.9696969696969696,0.0303030303030303,7.6983355744318525
tfnbs,"e=0.4,h=10.0,n=30,start_thres=1.25",hub,0.25,100,7,40,1730,32,1,8,1729,0.8,0.0005780346820809,0.9696969696969696,0.0303030303030303,7.6983355744318525
tfnbs,"e=0.5,h=0.5,n=30,start_thres=1.25",hub,0.25,100,7,40,1730,38,8,2,1722,0.95,0.0046242774566473,0.8260869565217391,0.1739130434782608,7.6983355744318525
tfnbs,"e=0.5,h=1.0,n=30,start_thres=1.25",hub,0.25,100,7,40,1730,38,8,2,1722,0.95,0.0046242774566473,0.8260869565217391,0.1739130434782608,7.6983355744318525
tfnbs,"e=0.5,h=2.0,n=30,start_thres=1.25",hub,0.25,100,7,40,1730,38,6,2,1724,0.95,0.0034682080924855,0.8636363636363636,0.1363636363636363,7.6983355744318525
tfnbs,"e=0.5,h=3.0,n=30,start_thres=1.25",hub,0.25,100,7,40,1730,38,6,2,1724,0.95,0.0034682080924855,0.8636363636363636,0.1363636363636363,7.6983355744318525
tfnbs,"e=0.5,h=4.0,n=30,start_thres=1.25",hub,0.25,100,7,40,1730,36,5,4,1725,0.9,0.0028901734104046,0.8780487804878049,0.1219512195121951,7.6983355744318525
tfnbs,"e=0.5,h=5.0,n=30,start_thres=1.25",hub,0.25,100,7,40,1730,36,5,4,1725,0.9,0.0028901734104046,0.8780487804878049,0.1219512195121951,7.6983355744318525
tfnbs,"e=0.5,h=6.0,n=30,start_thres=1.25",hub,0.25,100,7,40,1730,36,2,4,1728,0.9,0.0011560693641618,0.9473684210526316,0.0526315789473684,7.6983355744318525
tfnbs,"e=0.5,h=7.0,n=30,start_thres=1.25",hub,0.25,100,7,40,1730,36,2,4,1728,0.9,0.0011560693641618,0.9473684210526316,0.0526315789473684,7.6983355744318525
tfnbs,"e=0.5,h=8.0,n=30,start_thres=1.25",hub,0.25,100,7,40,1730,34,2,6,1728,0.85,0.0011560693641618,0.9444444444444444,0.0555555555555555,7.6983355744318525
tfnbs,"e=0.5,h=9.0,n=30,start_thres=1.25",hub,0.25,100,7,40,1730,34,2,6,1728,0.85,0.0011560693641618,0.9444444444444444,0.0555555555555555,7.6983355744318525
tfnbs,"e=0.5,h=10.0,n=30,start_thres=1.25",hub,0.25,100,7,40,1730,32,1,8,1729,0.8,0.0005780346820809,0.9696969696969696,0.0303030303030303,7.6983355744318525
tfnbs,"e=0.6,h=0.5,n=30,start_thres=1.25",hub,0.25,100,7,40,1730,38,15,2,1715,0.95,0.0086705202312138,0.7169811320754716,0.2830188679245283,7.6983355744318525
tfnbs,"e=0.6,h=1.0,n=30,start_thres=1.25",hub,0.25,100,7,40,1730,38,15,2,1715,0.95,0.0086705202312138,0.7169811320754716,0.2830188679245283,7.6983355744318525
tfnbs,"e=0.6,h=2.0,n=30,start_thres=1.25",hub,0.25,100,7,40,1730,38,8,2,1722,0.95,0.0046242774566473,0.8260869565217391,0.1739130434782608,7.6983355744318525
tfnbs,"e=0.6,h=3.0,n=30,start_thres=1.25",hub,0.25,100,7,40,1730,38,8,2,1722,0.95,0.0046242774566473,0.8260869565217391,0.1739130434782608,7.6983355744318525
tfnbs,"e=0.6,h=4.0,n=30,start_thres=1.25",hub,0.25,100,7,40,1730,38,6,2,1724,0.95,0.0034682080924855,0.8636363636363636,0.1363636363636363,7.6983355744318525
tfnbs,"e=0.6,h=5.0,n=30,start_thres=1.25",hub,0.25,100,7,40,1730,36,5,4,1725,0.9,0.0028901734104046,0.8780487804878049,0.1219512195121951,7.6983355744318525
tfnbs,"e=0.6,h=6.0,n=30,start_thres=1.25",hub,0.25,100,7,40,1730,36,5,4,1725,0.9,0.0028901734104046,0.8780487804878049,0.1219512195121951,7.6983355744318525
tfnbs,"e=0.6,h=7.0,n=30,start_thres=1.25",hub,0.25,100,7,40,1730,36,2,4,1728,0.9,0.0011560693641618,0.9473684210526316,0.0526315789473684,7.6983355744318525
tfnbs,"e=0.6,h=8.0,n=30,start_thres=1.25",hub,0.25,100,7,40,1730,36,2,4,1728,0.9,0.0011560693641618,0.9473684210526316,0.0526315789473684,7.6983355744318525
tfnbs,"e=0.6,h=9.0,n=30,start_thres=1.25",hub,0.25,100,7,40,1730,34,2,6,1728,0.85,0.0011560693641618,0.9444444444444444,0.0555555555555555,7.6983355744318525
tfnbs,"e=0.6,h=10.0,n=30,start_thres=1.25",hub,0.25,100,7,40,1730,34,2,6,1728,0.85,0.0011560693641618,0.9444444444444444,0.0555555555555555,7.6983355744318525
tfnbs,"e=0.7,h=0.5,n=30,start_thres=1.25",hub,0.25,100,7,40,1730,38,15,2,1715,0.95,0.0086705202312138,0.7169811320754716,0.2830188679245283,7.6983355744318525
tfnbs,"e=0.7,h=1.0,n=30,start_thres=1.25",hub,0.25,100,7,40,1730,38,15,2,1715,0.95,0.0086705202312138,0.7169811320754716,0.2830188679245283,7.6983355744318525
tfnbs,"e=0.7,h=2.0,n=30,start_thres=1.25",hub,0.25,100,7,40,1730,38,15,2,1715,0.95,0.0086705202312138,0.7169811320754716,0.2830188679245283,7.6983355744318525
tfnbs,"e=0.7,h=3.0,n=30,start_thres=1.25",hub,0.25,100,7,40,1730,38,8,2,1722,0.95,0.0046242774566473,0.8260869565217391,0.1739130434782608,7.6983355744318525
tfnbs,"e=0.7,h=4.0,n=30,start_thres=1.25",hub,0.25,100,7,40,1730,38,8,2,1722,0.95,0.0046242774566473,0.8260869565217391,0.1739130434782608,7.6983355744318525
tfnbs,"e=0.7,h=5.0,n=30,start_thres=1.25",hub,0.25,100,7,40,1730,38,6,2,1724,0.95,0.0034682080924855,0.8636363636363636,0.1363636363636363,7.6983355744318525
tfnbs,"e=0.7,h=6.0,n=30,start_thres=1.25",hub,0.25,100,7,40,1730,38,6,2,1724,0.95,0.0034682080924855,0.8636363636363636,0.1363636363636363,7.6983355744318525
tfnbs,"e=0.7,h=7.0,n=30,start_thres=1.25",hub,0.25,100,7,40,1730,36,5,4,1725,0.9,0.0028901734104046,0.8780487804878049,0.1219512195121951,7.6983355744318525
tfnbs,"e=0.7,h=8.0,n=30,start_thres=1.25",hub,0.25,100,7,40,1730,36,5,4,1725,0.9,0.0028901734104046,0.8780487804878049,0.1219512195121951,7.6983355744318525
tfnbs,"e=0.7,h=9.0,n=30,start_thres=1.25",hub,0.25,100,7,40,1730,36,2,4,1728,0.9,0.0011560693641618,0.9473684210526316,0.0526315789473684,7.6983355744318525
tfnbs,"e=0.7,h=10.0,n=30,start_thres=1.25",hub,0.25,100,7,40,1730,36,2,4,1728,0.9,0.0011560693641618,0.9473684210526316,0.0526315789473684,7.6983355744318525
tfnbs,"e=0.8,h=0.5,n=30,start_thres=1.25",hub,0.25,100,7,40,1730,39,23,1,1707,0.975,0.0132947976878612,0.6290322580645161,0.3709677419354839,7.6983355744318525
tfnbs,"e=0.8,h=1.0,n=30,start_thres=1.25",hub,0.25,100,7,40,1730,39,23,1,1707,0.975,0.0132947976878612,0.6290322580645161,0.3709677419354839,7.6983355744318525
tfnbs,"e=0.8,h=2.0,n=30,start_thres=1.25",hub,0.25,100,7,40,1730,38,15,2,1715,0.95,0.0086705202312138,0.7169811320754716,0.2830188679245283,7.6983355744318525
tfnbs,"e=0.8,h=3.0,n=30,start_thres=1.25",hub,0.25,100,7,40,1730,38,15,2,1715,0.95,0.0086705202312138,0.7169811320754716,0.2830188679245283,7.6983355744318525
tfnbs,"e=0.8,h=4.0,n=30,start_thres=1.25",hub,0.25,100,7,40,1730,38,15,2,1715,0.95,0.0086705202312138,0.7169811320754716,0.2830188679245283,7.6983355744318525
tfnbs,"e=0.8,h=5.0,n=30,start_thres=1.25",hub,0.25,100,7,40,1730,38,8,2,1722,0.95,0.0046242774566473,0.8260869565217391,0.1739130434782608,7.6983355744318525
tfnbs,"e=0.8,h=6.0,n=30,start_thres=1.25",hub,0.25,100,7,40,1730,38,6,2,1724,0.95,0.0034682080924855,0.8636363636363636,0.1363636363636363,7.6983355744318525
tfnbs,"e=0.8,h=7.0,n=30,start_thres=1.25",hub,0.25,100,7,40,1730,38,6,2,1724,0.95,0.0034682080924855,0.8636363636363636,0.1363636363636363,7.6983355744318525
tfnbs,"e=0.8,h=8.0,n=30,start_thres=1.25",hub,0.25,100,7,40,1730,36,5,4,1725,0.9,0.0028901734104046,0.8780487804878049,0.1219512195121951,7.6983355744318525
tfnbs,"e=0.8,h=9.0,n=30,start_thres=1.25",hub,0.25,100,7,40,1730,36,5,4,1725,0.9,0.0028901734104046,0.8780487804878049,0.1219512195121951,7.6983355744318525
tfnbs,"e=0.8,h=10.0,n=30,start_thres=1.25",hub,0.25,100,7,40,1730,36,2,4,1728,0.9,0.0011560693641618,0.9473684210526316,0.0526315789473684,7.6983355744318525
tfnbs,"e=0.9,h=0.5,n=30,start_thres=1.25",hub,0.25,100,7,40,1730,39,23,1,1707,0.975,0.0132947976878612,0.6290322580645161,0.3709677419354839,7.6983355744318525
tfnbs,"e=0.9,h=1.0,n=30,start_thres=1.25",hub,0.25,100,7,40,1730,39,23,1,1707,0.975,0.0132947976878612,0.6290322580645161,0.3709677419354839,7.6983355744318525
tfnbs,"e=0.9,h=2.0,n=30,start_thres=1.25",hub,0.25,100,7,40,1730,39,23,1,1707,0.975,0.0132947976878612,0.6290322580645161,0.3709677419354839,7.6983355744318525
tfnbs,"e=0.9,h=3.0,n=30,start_thres=1.25",hub,0.25,100,7,40,1730,38,15,2,1715,0.95,0.0086705202312138,0.7169811320754716,0.2830188679245283,7.6983355744318525
tfnbs,"e=0.9,h=4.0,n=30,start_thres=1.25",hub,0.25,100,7,40,1730,38,15,2,1715,0.95,0.0086705202312138,0.7169811320754716,0.2830188679245283,7.6983355744318525
tfnbs,"e=0.9,h=5.0,n=30,start_thres=1.25",hub,0.25,100,7,40,1730,38,15,2,1715,0.95,0.0086705202312138,0.7169811320754716,0.2830188679245283,7.6983355744318525
tfnbs,"e=0.9,h=6.0,n=30,start_thres=1.25",hub,0.25,100,7,40,1730,38,8,2,1722,0.95,0.0046242774566473,0.8260869565217391,0.1739130434782608,7.6983355744318525
tfnbs,"e=0.9,h=7.0,n=30,start_thres=1.25",hub,0.25,100,7,40,1730,38,6,2,1724,0.95,0.0034682080924855,0.8636363636363636,0.1363636363636363,7.6983355744318525
tfnbs,"e=0.9,h=8.0,n=30,start_thres=1.25",hub,0.25,100,7,40,1730,38,6,2,1724,0.95,0.0034682080924855,0.8636363636363636,0.1363636363636363,7.6983355744318525
tfnbs,"e=0.9,h=9.0,n=30,start_thres=1.25",hub,0.25,100,7,40,1730,36,5,4,1725,0.9,0.0028901734104046,0.8780487804878049,0.1219512195121951,7.6983355744318525
tfnbs,"e=0.9,h=10.0,n=30,start_thres=1.25",hub,0.25,100,7,40,1730,36,5,4,1725,0.9,0.0028901734104046,0.8780487804878049,0.1219512195121951,7.6983355744318525
tfnbs,"e=1.0,h=0.5,n=30,start_thres=1.25",hub,0.25,100,7,40,1730,39,23,1,1707,0.975,0.0132947976878612,0.6290322580645161,0.3709677419354839,7.6983355744318525
tfnbs,"e=1.0,h=1.0,n=30,start_thres=1.25",hub,0.25,100,7,40,1730,39,23,1,1707,0.975,0.0132947976878612,0.6290322580645161,0.3709677419354839,7.6983355744318525
tfnbs,"e=1.0,h=2.0,n=30,start_thres=1.25",hub,0.25,100,7,40,1730,39,23,1,1707,0.975,0.0132947976878612,0.6290322580645161,0.3709677419354839,7.6983355744318525
tfnbs,"e=1.0,h=3.0,n=30,start_thres=1.25",hub,0.25,100,7,40,1730,39,23,1,1707,0.975,0.0132947976878612,0.6290322580645161,0.3709677419354839,7.6983355744318525
tfnbs,"e=1.0,h=4.0,n=30,start_thres=1.25",hub,0.25,100,7,40,1730,39,23,1,1707,0.975,0.0132947976878612,0.6290322580645161,0.3709677419354839,7.6983355744318525
tfnbs,"e=1.0,h=5.0,n=30,start_thres=1.25",hub,0.25,100,7,40,1730,38,15,2,1715,0.95,0.0086705202312138,0.7169811320754716,0.2830188679245283,7.6983355744318525
tfnbs,"e=1.0,h=6.0,n=30,start_thres=1.25",hub,0.25,100,7,40,1730,38,15,2,1715,0.95,0.0086705202312138,0.7169811320754716,0.2830188679245283,7.6983355744318525
tfnbs,"e=1.0,h=7.0,n=30,start_thres=1.25",hub,0.25,100,7,40,1730,38,8,2,1722,0.95,0.0046242774566473,0.8260869565217391,0.1739130434782608,7.6983355744318525
tfnbs,"e=1.0,h=8.0,n=30,start_thres=1.25",hub,0.25,100,7,40,1730,38,8,2,1722,0.95,0.0046242774566473,0.8260869565217391,0.1739130434782608,7.6983355744318525
tfnbs,"e=1.0,h=9.0,n=30,start_thres=1.25",hub,0.25,100,7,40,1730,38,6,2,1724,0.95,0.0034682080924855,0.8636363636363636,0.1363636363636363,7.6983355744318525
tfnbs,"e=1.0,h=10.0,n=30,start_thres=1.25",hub,0.25,100,7,40,1730,38,6,2,1724,0.95,0.0034682080924855,0.8636363636363636,0.1363636363636363,7.6983355744318525
tfnbs,"e=1.1,h=0.5,n=30,start_thres=1.25",hub,0.25,100,7,40,1730,39,38,1,1692,0.975,0.0219653179190751,0.5064935064935064,0.4935064935064935,7.6983355744318525
tfnbs,"e=1.1,h=1.0,n=30,start_thres=1.25",hub,0.25,100,7,40,1730,39,23,1,1707,0.975,0.0132947976878612,0.6290322580645161,0.3709677419354839,7.6983355744318525
tfnbs,"e=1.1,h=2.0,n=30,start_thres=1.25",hub,0.25,100,7,40,1730,39,23,1,1707,0.975,0.0132947976878612,0.6290322580645161,0.3709677419354839,7.6983355744318525
tfnbs,"e=1.1,h=3.0,n=30,start_thres=1.25",hub,0.25,100,7,40,1730,39,23,1,1707,0.975,0.0132947976878612,0.6290322580645161,0.3709677419354839,7.6983355744318525
tfnbs,"e=1.1,h=4.0,n=30,start_thres=1.25",hub,0.25,100,7,40,1730,39,23,1,1707,0.975,0.0132947976878612,0.6290322580645161,0.3709677419354839,7.6983355744318525
tfnbs,"e=1.1,h=5.0,n=30,start_thres=1.25",hub,0.25,100,7,40,1730,39,23,1,1707,0.975,0.0132947976878612,0.6290322580645161,0.3709677419354839,7.6983355744318525
tfnbs,"e=1.1,h=6.0,n=30,start_thres=1.25",hub,0.25,100,7,40,1730,38,15,2,1715,0.95,0.0086705202312138,0.7169811320754716,0.2830188679245283,7.6983355744318525
tfnbs,"e=1.1,h=7.0,n=30,start_thres=1.25",hub,0.25,100,7,40,1730,38,15,2,1715,0.95,0.0086705202312138,0.7169811320754716,0.2830188679245283,7.6983355744318525
tfnbs,"e=1.1,h=8.0,n=30,start_thres=1.25",hub,0.25,100,7,40,1730,38,8,2,1722,0.95,0.0046242774566473,0.8260869565217391,0.1739130434782608,7.6983355744318525
tfnbs,"e=1.1,h=9.0,n=30,start_thres=1.25",hub,0.25,100,7,40,1730,38,8,2,1722,0.95,0.0046242774566473,0.8260869565217391,0.1739130434782608,7.6983355744318525
tfnbs,"e=1.1,h=10.0,n=30,start_thres=1.25",hub,0.25,100,7,40,1730,38,6,2,1724,0.95,0.0034682080924855,0.8636363636363636,0.1363636363636363,7.6983355744318525
tfnbs,"e=1.2,h=0.5,n=30,start_thres=1.25",hub,0.25,100,7,40,1730,39,38,1,1692,0.975,0.0219653179190751,0.5064935064935064,0.4935064935064935,7.6983355744318525
tfnbs,"e=1.2,h=1.0,n=30,start_thres=1.25",hub,0.25,100,7,40,1730,39,38,1,1692,0.975,0.0219653179190751,0.5064935064935064,0.4935064935064935,7.6983355744318525
tfnbs,"e=1.2,h=2.0,n=30,start_thres=1.25",hub,0.25,100,7,40,1730,39,38,1,1692,0.975,0.0219653179190751,0.5064935064935064,0.4935064935064935,7.6983355744318525
tfnbs,"e=1.2,h=3.0,n=30,start_thres=1.25",hub,0.25,100,7,40,1730,39,23,1,1707,0.975,0.0132947976878612,0.6290322580645161,0.3709677419354839,7.6983355744318525
tfnbs,"e=1.2,h=4.0,n=30,start_thres=1.25",hub,0.25,100,7,40,1730,39,23,1,1707,0.975,0.0132947976878612,0.6290322580645161,0.3709677419354839,7.6983355744318525
tfnbs,"e=1.2,h=5.0,n=30,start_thres=1.25",hub,0.25,100,7,40,1730,39,23,1,1707,0.975,0.0132947976878612,0.6290322580645161,0.3709677419354839,7.6983355744318525
tfnbs,"e=1.2,h=6.0,n=30,start_thres=1.25",hub,0.25,100,7,40,1730,39,23,1,1707,0.975,0.0132947976878612,0.6290322580645161,0.3709677419354839,7.6983355744318525
tfnbs,"e=1.2,h=7.0,n=30,start_thres=1.25",hub,0.25,100,7,40,1730,38,15,2,1715,0.95,0.0086705202312138,0.7169811320754716,0.2830188679245283,7.6983355744318525
tfnbs,"e=1.2,h=8.0,n=30,start_thres=1.25",hub,0.25,100,7,40,1730,38,15,2,1715,0.95,0.0086705202312138,0.7169811320754716,0.2830188679245283,7.6983355744318525
tfnbs,"e=1.2,h=9.0,n=30,start_thres=1.25",hub,0.25,100,7,40,1730,38,8,2,1722,0.95,0.0046242774566473,0.8260869565217391,0.1739130434782608,7.6983355744318525
tfnbs,"e=1.2,h=10.0,n=30,start_thres=1.25",hub,0.25,100,7,40,1730,38,8,2,1722,0.95,0.0046242774566473,0.8260869565217391,0.1739130434782608,7.6983355744318525
tfnbs,"e=1.3,h=0.5,n=30,start_thres=1.25",hub,0.25,100,7,40,1730,39,38,1,1692,0.975,0.0219653179190751,0.5064935064935064,0.4935064935064935,7.6983355744318525
tfnbs,"e=1.3,h=1.0,n=30,start_thres=1.25",hub,0.25,100,7,40,1730,39,38,1,1692,0.975,0.0219653179190751,0.5064935064935064,0.4935064935064935,7.6983355744318525
tfnbs,"e=1.3,h=2.0,n=30,start_thres=1.25",hub,0.25,100,7,40,1730,39,38,1,1692,0.975,0.0219653179190751,0.5064935064935064,0.4935064935064935,7.6983355744318525
tfnbs,"e=1.3,h=3.0,n=30,start_thres=1.25",hub,0.25,100,7,40,1730,39,38,1,1692,0.975,0.0219653179190751,0.5064935064935064,0.4935064935064935,7.6983355744318525
tfnbs,"e=1.3,h=4.0,n=30,start_thres=1.25",hub,0.25,100,7,40,1730,39,23,1,1707,0.975,0.0132947976878612,0.6290322580645161,0.3709677419354839,7.6983355744318525
tfnbs,"e=1.3,h=5.0,n=30,start_thres=1.25",hub,0.25,100,7,40,1730,39,23,1,1707,0.975,0.0132947976878612,0.6290322580645161,0.3709677419354839,7.6983355744318525
tfnbs,"e=1.3,h=6.0,n=30,start_thres=1.25",hub,0.25,100,7,40,1730,39,23,1,1707,0.975,0.0132947976878612,0.6290322580645161,0.3709677419354839,7.6983355744318525
tfnbs,"e=1.3,h=7.0,n=30,start_thres=1.25",hub,0.25,100,7,40,1730,39,23,1,1707,0.975,0.0132947976878612,0.6290322580645161,0.3709677419354839,7.6983355744318525
tfnbs,"e=1.3,h=8.0,n=30,start_thres=1.25",hub,0.25,100,7,40,1730,38,15,2,1715,0.95,0.0086705202312138,0.7169811320754716,0.2830188679245283,7.6983355744318525
tfnbs,"e=1.3,h=9.0,n=30,start_thres=1.25",hub,0.25,100,7,40,1730,38,15,2,1715,0.95,0.0086705202312138,0.7169811320754716,0.2830188679245283,7.6983355744318525
tfnbs,"e=1.3,h=10.0,n=30,start_thres=1.25",hub,0.25,100,7,40,1730,38,8,2,1722,0.95,0.0046242774566473,0.8260869565217391,0.1739130434782608,7.6983355744318525
tfnbs,"e=1.4,h=0.5,n=30,start_thres=1.25",hub,0.25,100,7,40,1730,39,38,1,1692,0.975,0.0219653179190751,0.5064935064935064,0.4935064935064935,7.6983355744318525
tfnbs,"e=1.4,h=1.0,n=30,start_thres=1.25",hub,0.25,100,7,40,1730,39,38,1,1692,0.975,0.0219653179190751,0.5064935064935064,0.4935064935064935,7.6983355744318525
tfnbs,"e=1.4,h=2.0,n=30,start_thres=1.25",hub,0.25,100,7,40,1730,39,38,1,1692,0.975,0.0219653179190751,0.5064935064935064,0.4935064935064935,7.6983355744318525
tfnbs,"e=1.4,h=3.0,n=30,start_thres=1.25",hub,0.25,100,7,40,1730,39,38,1,1692,0.975,0.0219653179190751,0.5064935064935064,0.4935064935064935,7.6983355744318525
tfnbs,"e=1.4,h=4.0,n=30,start_thres=1.25",hub,0.25,100,7,40,1730,39,38,1,1692,0.975,0.0219653179190751,0.5064935064935064,0.4935064935064935,7.6983355744318525
tfnbs,"e=1.4,h=5.0,n=30,start_thres=1.25",hub,0.25,100,7,40,1730,39,23,1,1707,0.975,0.0132947976878612,0.6290322580645161,0.3709677419354839,7.6983355744318525
tfnbs,"e=1.4,h=6.0,n=30,start_thres=1.25",hub,0.25,100,7,40,1730,39,23,1,1707,0.975,0.0132947976878612,0.6290322580645161,0.3709677419354839,7.6983355744318525
tfnbs,"e=1.4,h=7.0,n=30,start_thres=1.25",hub,0.25,100,7,40,1730,39,23,1,1707,0.975,0.0132947976878612,0.6290322580645161,0.3709677419354839,7.6983355744318525
tfnbs,"e=1.4,h=8.0,n=30,start_thres=1.25",hub,0.25,100,7,40,1730,39,23,1,1707,0.975,0.0132947976878612,0.6290322580645161,0.3709677419354839,7.6983355744318525
tfnbs,"e=1.4,h=9.0,n=30,start_thres=1.25",hub,0.25,100,7,40,1730,38,15,2,1715,0.95,0.0086705202312138,0.7169811320754716,0.2830188679245283,7.6983355744318525
tfnbs,"e=1.4,h=10.0,n=30,start_thres=1.25",hub,0.25,100,7,40,1730,38,15,2,1715,0.95,0.0086705202312138,0.7169811320754716,0.2830188679245283,7.6983355744318525
tfnbs,"e=1.5,h=0.5,n=30,start_thres=1.25",hub,0.25,100,7,40,1730,39,38,1,1692,0.975,0.0219653179190751,0.5064935064935064,0.4935064935064935,7.6983355744318525
tfnbs,"e=1.5,h=1.0,n=30,start_thres=1.25",hub,0.25,100,7,40,1730,39,38,1,1692,0.975,0.0219653179190751,0.5064935064935064,0.4935064935064935,7.6983355744318525
tfnbs,"e=1.5,h=2.0,n=30,start_thres=1.25",hub,0.25,100,7,40,1730,39,38,1,1692,0.975,0.0219653179190751,0.5064935064935064,0.4935064935064935,7.6983355744318525
tfnbs,"e=1.5,h=3.0,n=30,start_thres=1.25",hub,0.25,100,7,40,1730,39,38,1,1692,0.975,0.0219653179190751,0.5064935064935064,0.4935064935064935,7.6983355744318525
tfnbs,"e=1.5,h=4.0,n=30,start_thres=1.25",hub,0.25,100,7,40,1730,39,38,1,1692,0.975,0.0219653179190751,0.5064935064935064,0.4935064935064935,7.6983355744318525
tfnbs,"e=1.5,h=5.0,n=30,start_thres=1.25",hub,0.25,100,7,40,1730,39,38,1,1692,0.975,0.0219653179190751,0.5064935064935064,0.4935064935064935,7.6983355744318525
tfnbs,"e=1.5,h=6.0,n=30,start_thres=1.25",hub,0.25,100,7,40,1730,39,38,1,1692,0.975,0.0219653179190751,0.5064935064935064,0.4935064935064935,7.6983355744318525
tfnbs,"e=1.5,h=7.0,n=30,start_thres=1.25",hub,0.25,100,7,40,1730,39,23,1,1707,0.975,0.0132947976878612,0.6290322580645161,0.3709677419354839,7.6983355744318525
tfnbs,"e=1.5,h=8.0,n=30,start_thres=1.25",hub,0.25,100,7,40,1730,39,23,1,1707,0.975,0.0132947976878612,0.6290322580645161,0.3709677419354839,7.6983355744318525
tfnbs,"e=1.5,h=9.0,n=30,start_thres=1.25",hub,0.25,100,7,40,1730,39,23,1,1707,0.975,0.0132947976878612,0.6290322580645161,0.3709677419354839,7.6983355744318525
tfnbs,"e=1.5,h=10.0,n=30,start_thres=1.25",hub,0.25,100,7,40,1730,38,15,2,1715,0.95,0.0086705202312138,0.7169811320754716,0.2830188679245283,7.6983355744318525
nbs_extent,threshold=1.0,hub,0.25,100,7,40,1730,0,0,40,1730,0.0,0.0,0.0,0.0,22.11316728591919
nbs_extent,threshold=1.0,hub,0.25,100,6,40,1730,0,0,40,1730,0.0,0.0,0.0,0.0,25.17473268508911
tfnbs,"e=0.05,h=0.5,n=30,start_thres=1.25",hub,0.25,100,3,40,1730,28,0,12,1730,0.7,0.0,1.0,0.0,7.723302892663262
tfnbs,"e=0.05,h=1.0,n=30,start_thres=1.25",hub,0.25,100,3,40,1730,28,0,12,1730,0.7,0.0,1.0,0.0,7.723302892663262
tfnbs,"e=0.05,h=2.0,n=30,start_thres=1.25",hub,0.25,100,3,40,1730,28,0,12,1730,0.7,0.0,1.0,0.0,7.723302892663262
tfnbs,"e=0.05,h=3.0,n=30,start_thres=1.25",hub,0.25,100,3,40,1730,25,0,15,1730,0.625,0.0,1.0,0.0,7.723302892663262
tfnbs,"e=0.05,h=4.0,n=30,start_thres=1.25",hub,0.25,100,3,40,1730,25,0,15,1730,0.625,0.0,1.0,0.0,7.723302892663262
tfnbs,"e=0.05,h=5.0,n=30,start_thres=1.25",hub,0.25,100,3,40,1730,25,0,15,1730,0.625,0.0,1.0,0.0,7.723302892663262
tfnbs,"e=0.05,h=6.0,n=30,start_thres=1.25",hub,0.25,100,3,40,1730,25,0,15,1730,0.625,0.0,1.0,0.0,7.723302892663262
tfnbs,"e=0.05,h=7.0,n=30,start_thres=1.25",hub,0.25,100,3,40,1730,25,0,15,1730,0.625,0.0,1.0,0.0,7.723302892663262
tfnbs,"e=0.05,h=8.0,n=30,start_thres=1.25",hub,0.25,100,3,40,1730,25,0,15,1730,0.625,0.0,1.0,0.0,7.723302892663262
tfnbs,"e=0.05,h=9.0,n=30,start_thres=1.25",hub,0.25,100,3,40,1730,25,0,15,1730,0.625,0.0,1.0,0.0,7.723302892663262
tfnbs,"e=0.05,h=10.0,n=30,start_thres=1.25",hub,0.25,100,3,40,1730,25,0,15,1730,0.625,0.0,1.0,0.0,7.723302892663262
tfnbs,"e=0.1,h=0.5,n=30,start_thres=1.25",hub,0.25,100,3,40,1730,32,0,8,1730,0.8,0.0,1.0,0.0,7.723302892663262
tfnbs,"e=0.1,h=1.0,n=30,start_thres=1.25",hub,0.25,100,3,40,1730,32,0,8,1730,0.8,0.0,1.0,0.0,7.723302892663262
tfnbs,"e=0.1,h=2.0,n=30,start_thres=1.25",hub,0.25,100,3,40,1730,32,0,8,1730,0.8,0.0,1.0,0.0,7.723302892663262
tfnbs,"e=0.1,h=3.0,n=30,start_thres=1.25",hub,0.25,100,3,40,1730,28,0,12,1730,0.7,0.0,1.0,0.0,7.723302892663262
tfnbs,"e=0.1,h=4.0,n=30,start_thres=1.25",hub,0.25,100,3,40,1730,28,0,12,1730,0.7,0.0,1.0,0.0,7.723302892663262
tfnbs,"e=0.1,h=5.0,n=30,start_thres=1.25",hub,0.25,100,3,40,1730,28,0,12,1730,0.7,0.0,1.0,0.0,7.723302892663262
tfnbs,"e=0.1,h=6.0,n=30,start_thres=1.25",hub,0.25,100,3,40,1730,28,0,12,1730,0.7,0.0,1.0,0.0,7.723302892663262
tfnbs,"e=0.1,h=7.0,n=30,start_thres=1.25",hub,0.25,100,3,40,1730,28,0,12,1730,0.7,0.0,1.0,0.0,7.723302892663262
tfnbs,"e=0.1,h=8.0,n=30,start_thres=1.25",hub,0.25,100,3,40,1730,28,0,12,1730,0.7,0.0,1.0,0.0,7.723302892663262
tfnbs,"e=0.1,h=9.0,n=30,start_thres=1.25",hub,0.25,100,3,40,1730,28,0,12,1730,0.7,0.0,1.0,0.0,7.723302892663262
tfnbs,"e=0.1,h=10.0,n=30,start_thres=1.25",hub,0.25,100,3,40,1730,25,0,15,1730,0.625,0.0,1.0,0.0,7.723302892663262
tfnbs,"e=0.2,h=0.5,n=30,start_thres=1.25",hub,0.25,100,3,40,1730,37,1,3,1729,0.925,0.0005780346820809,0.9736842105263158,0.0263157894736842,7.723302892663262
tfnbs,"e=0.2,h=1.0,n=30,start_thres=1.25",hub,0.25,100,3,40,1730,33,1,7,1729,0.825,0.0005780346820809,0.9705882352941176,0.0294117647058823,7.723302892663262
tfnbs,"e=0.2,h=2.0,n=30,start_thres=1.25",hub,0.25,100,3,40,1730,33,1,7,1729,0.825,0.0005780346820809,0.9705882352941176,0.0294117647058823,7.723302892663262
tfnbs,"e=0.2,h=3.0,n=30,start_thres=1.25",hub,0.25,100,3,40,1730,33,1,7,1729,0.825,0.0005780346820809,0.9705882352941176,0.0294117647058823,7.723302892663262
tfnbs,"e=0.2,h=4.0,n=30,start_thres=1.25",hub,0.25,100,3,40,1730,32,0,8,1730,0.8,0.0,1.0,0.0,7.723302892663262
tfnbs,"e=0.2,h=5.0,n=30,start_thres=1.25",hub,0.25,100,3,40,1730,32,0,8,1730,0.8,0.0,1.0,0.0,7.723302892663262
tfnbs,"e=0.2,h=6.0,n=30,start_thres=1.25",hub,0.25,100,3,40,1730,32,0,8,1730,0.8,0.0,1.0,0.0,7.723302892663262
tfnbs,"e=0.2,h=7.0,n=30,start_thres=1.25",hub,0.25,100,3,40,1730,28,0,12,1730,0.7,0.0,1.0,0.0,7.723302892663262
tfnbs,"e=0.2,h=8.0,n=30,start_thres=1.25",hub,0.25,100,3,40,1730,28,0,12,1730,0.7,0.0,1.0,0.0,7.723302892663262
tfnbs,"e=0.2,h=9.0,n=30,start_thres=1.25",hub,0.25,100,3,40,1730,28,0,12,1730,0.7,0.0,1.0,0.0,7.723302892663262
tfnbs,"e=0.2,h=10.0,n=30,start_thres=1.25",hub,0.25,100,3,40,1730,28,0,12,1730,0.7,0.0,1.0,0.0,7.723302892663262
tfnbs,"e=0.3,h=0.5,n=30,start_thres=1.25",hub,0.25,100,3,40,1730,37,1,3,1729,0.925,0.0005780346820809,0.9736842105263158,0.0263157894736842,7.723302892663262
tfnbs,"e=0.3,h=1.0,n=30,start_thres=1.25",hub,0.25,100,3,40,1730,37,1,3,1729,0.925,0.0005780346820809,0.9736842105263158,0.0263157894736842,7.723302892663262
tfnbs,"e=0.3,h=2.0,n=30,start_thres=1.25",hub,0.25,100,3,40,1730,37,1,3,1729,0.925,0.0005780346820809,0.9736842105263158,0.0263157894736842,7.723302892663262
tfnbs,"e=0.3,h=3.0,n=30,start_thres=1.25",hub,0.25,100,3,40,1730,37,1,3,1729,0.925,0.0005780346820809,0.9736842105263158,0.0263157894736842,7.723302892663262
tfnbs,"e=0.3,h=4.0,n=30,start_thres=1.25",hub,0.25,100,3,40,1730,33,1,7,1729,0.825,0.0005780346820809,0.9705882352941176,0.0294117647058823,7.723302892663262
tfnbs,"e=0.3,h=5.0,n=30,start_thres=1.25",hub,0.25,100,3,40,1730,33,1,7,1729,0.825,0.0005780346820809,0.9705882352941176,0.0294117647058823,7.723302892663262
tfnbs,"e=0.3,h=6.0,n=30,start_thres=1.25",hub,0.25,100,3,40,1730,33,1,7,1729,0.825,0.0005780346820809,0.9705882352941176,0.0294117647058823,7.723302892663262
tfnbs,"e=0.3,h=7.0,n=30,start_thres=1.25",hub,0.25,100,3,40,1730,32,0,8,1730,0.8,0.0,1.0,0.0,7.723302892663262
tfnbs,"e=0.3,h=8.0,n=30,start_thres=1.25",hub,0.25,100,3,40,1730,32,0,8,1730,0.8,0.0,1.0,0.0,7.723302892663262
tfnbs,"e=0.3,h=9.0,n=30,start_thres=1.25",hub,0.25,100,3,40,1730,32,0,8,1730,0.8,0.0,1.0,0.0,7.723302892663262
tfnbs,"e=0.3,h=10.0,n=30,start_thres=1.25",hub,0.25,100,3,40,1730,32,0,8,1730,0.8,0.0,1.0,0.0,7.723302892663262
tfnbs,"e=0.4,h=0.5,n=30,start_thres=1.25",hub,0.25,100,3,40,1730,38,4,2,1726,0.95,0.0023121387283236,0.9047619047619048,0.0952380952380952,7.723302892663262
tfnbs,"e=0.4,h=1.0,n=30,start_thres=1.25",hub,0.25,100,3,40,1730,38,4,2,1726,0.95,0.0023121387283236,0.9047619047619048,0.0952380952380952,7.723302892663262
tfnbs,"e=0.4,h=2.0,n=30,start_thres=1.25",hub,0.25,100,3,40,1730,37,1,3,1729,0.925,0.0005780346820809,0.9736842105263158,0.0263157894736842,7.723302892663262
tfnbs,"e=0.4,h=3.0,n=30,start_thres=1.25",hub,0.25,100,3,40,1730,37,1,3,1729,0.925,0.0005780346820809,0.9736842105263158,0.0263157894736842,7.723302892663262
tfnbs,"e=0.4,h=4.0,n=30,start_thres=1.25",hub,0.25,100,3,40,1730,37,1,3,1729,0.925,0.0005780346820809,0.9736842105263158,0.0263157894736842,7.723302892663262
tfnbs,"e=0.4,h=5.0,n=30,start_thres=1.25",hub,0.25,100,3,40,1730,37,1,3,1729,0.925,0.0005780346820809,0.9736842105263158,0.0263157894736842,7.723302892663262
tfnbs,"e=0.4,h=6.0,n=30,start_thres=1.25",hub,0.25,100,3,40,1730,37,1,3,1729,0.925,0.0005780346820809,0.9736842105263158,0.0263157894736842,7.723302892663262
tfnbs,"e=0.4,h=7.0,n=30,start_thres=1.25",hub,0.25,100,3,40,1730,33,1,7,1729,0.825,0.0005780346820809,0.9705882352941176,0.0294117647058823,7.723302892663262
tfnbs,"e=0.4,h=8.0,n=30,start_thres=1.25",hub,0.25,100,3,40,1730,33,1,7,1729,0.825,0.0005780346820809,0.9705882352941176,0.0294117647058823,7.723302892663262
tfnbs,"e=0.4,h=9.0,n=30,start_thres=1.25",hub,0.25,100,3,40,1730,33,1,7,1729,0.825,0.0005780346820809,0.9705882352941176,0.0294117647058823,7.723302892663262
tfnbs,"e=0.4,h=10.0,n=30,start_thres=1.25",hub,0.25,100,3,40,1730,32,0,8,1730,0.8,0.0,1.0,0.0,7.723302892663262
tfnbs,"e=0.5,h=0.5,n=30,start_thres=1.25",hub,0.25,100,3,40,1730,38,4,2,1726,0.95,0.0023121387283236,0.9047619047619048,0.0952380952380952,7.723302892663262
tfnbs,"e=0.5,h=1.0,n=30,start_thres=1.25",hub,0.25,100,3,40,1730,38,4,2,1726,0.95,0.0023121387283236,0.9047619047619048,0.0952380952380952,7.723302892663262
tfnbs,"e=0.5,h=2.0,n=30,start_thres=1.25",hub,0.25,100,3,40,1730,38,4,2,1726,0.95,0.0023121387283236,0.9047619047619048,0.0952380952380952,7.723302892663262
tfnbs,"e=0.5,h=3.0,n=30,start_thres=1.25",hub,0.25,100,3,40,1730,38,4,2,1726,0.95,0.0023121387283236,0.9047619047619048,0.0952380952380952,7.723302892663262
tfnbs,"e=0.5,h=4.0,n=30,start_thres=1.25",hub,0.25,100,3,40,1730,37,1,3,1729,0.925,0.0005780346820809,0.9736842105263158,0.0263157894736842,7.723302892663262
tfnbs,"e=0.5,h=5.0,n=30,start_thres=1.25",hub,0.25,100,3,40,1730,37,1,3,1729,0.925,0.0005780346820809,0.9736842105263158,0.0263157894736842,7.723302892663262
tfnbs,"e=0.5,h=6.0,n=30,start_thres=1.25",hub,0.25,100,3,40,1730,37,1,3,1729,0.925,0.0005780346820809,0.9736842105263158,0.0263157894736842,7.723302892663262
tfnbs,"e=0.5,h=7.0,n=30,start_thres=1.25",hub,0.25,100,3,40,1730,37,1,3,1729,0.925,0.0005780346820809,0.9736842105263158,0.0263157894736842,7.723302892663262
tfnbs,"e=0.5,h=8.0,n=30,start_thres=1.25",hub,0.25,100,3,40,1730,37,1,3,1729,0.925,0.0005780346820809,0.9736842105263158,0.0263157894736842,7.723302892663262
tfnbs,"e=0.5,h=9.0,n=30,start_thres=1.25",hub,0.25,100,3,40,1730,33,1,7,1729,0.825,0.0005780346820809,0.9705882352941176,0.0294117647058823,7.723302892663262
tfnbs,"e=0.5,h=10.0,n=30,start_thres=1.25",hub,0.25,100,3,40,1730,33,1,7,1729,0.825,0.0005780346820809,0.9705882352941176,0.0294117647058823,7.723302892663262
tfnbs,"e=0.6,h=0.5,n=30,start_thres=1.25",hub,0.25,100,3,40,1730,39,4,1,1726,0.975,0.0023121387283236,0.9069767441860463,0.0930232558139534,7.723302892663262
tfnbs,"e=0.6,h=1.0,n=30,start_thres=1.25",hub,0.25,100,3,40,1730,39,4,1,1726,0.975,0.0023121387283236,0.9069767441860463,0.0930232558139534,7.723302892663262
tfnbs,"e=0.6,h=2.0,n=30,start_thres=1.25",hub,0.25,100,3,40,1730,38,4,2,1726,0.95,0.0023121387283236,0.9047619047619048,0.0952380952380952,7.723302892663262
tfnbs,"e=0.6,h=3.0,n=30,start_thres=1.25",hub,0.25,100,3,40,1730,38,4,2,1726,0.95,0.0023121387283236,0.9047619047619048,0.0952380952380952,7.723302892663262
tfnbs,"e=0.6,h=4.0,n=30,start_thres=1.25",hub,0.25,100,3,40,1730,38,4,2,1726,0.95,0.0023121387283236,0.9047619047619048,0.0952380952380952,7.723302892663262
tfnbs,"e=0.6,h=5.0,n=30,start_thres=1.25",hub,0.25,100,3,40,1730,38,4,2,1726,0.95,0.0023121387283236,0.9047619047619048,0.0952380952380952,7.723302892663262
tfnbs,"e=0.6,h=6.0,n=30,start_thres=1.25",hub,0.25,100,3,40,1730,37,1,3,1729,0.925,0.0005780346820809,0.9736842105263158,0.0263157894736842,7.723302892663262
tfnbs,"e=0.6,h=7.0,n=30,start_thres=1.25",hub,0.25,100,3,40,1730,37,1,3,1729,0.925,0.0005780346820809,0.9736842105263158,0.0263157894736842,7.723302892663262
tfnbs,"e=0.6,h=8.0,n=30,start_thres=1.25",hub,0.25,100,3,40,1730,37,1,3,1729,0.925,0.0005780346820809,0.9736842105263158,0.0263157894736842,7.723302892663262
tfnbs,"e=0.6,h=9.0,n=30,start_thres=1.25",hub,0.25,100,3,40,1730,37,1,3,1729,0.925,0.0005780346820809,0.9736842105263158,0.0263157894736842,7.723302892663262
tfnbs,"e=0.6,h=10.0,n=30,start_thres=1.25",hub,0.25,100,3,40,1730,37,1,3,1729,0.925,0.0005780346820809,0.9736842105263158,0.0263157894736842,7.723302892663262
tfnbs,"e=0.7,h=0.5,n=30,start_thres=1.25",hub,0.25,100,3,40,1730,39,4,1,1726,0.975,0.0023121387283236,0.9069767441860463,0.0930232558139534,7.723302892663262
tfnbs,"e=0.7,h=1.0,n=30,start_thres=1.25",hub,0.25,100,3,40,1730,39,4,1,1726,0.975,0.0023121387283236,0.9069767441860463,0.0930232558139534,7.723302892663262
tfnbs,"e=0.7,h=2.0,n=30,start_thres=1.25",hub,0.25,100,3,40,1730,39,4,1,1726,0.975,0.0023121387283236,0.9069767441860463,0.0930232558139534,7.723302892663262
tfnbs,"e=0.7,h=3.0,n=30,start_thres=1.25",hub,0.25,100,3,40,1730,39,4,1,1726,0.975,0.0023121387283236,0.9069767441860463,0.0930232558139534,7.723302892663262
tfnbs,"e=0.7,h=4.0,n=30,start_thres=1.25",hub,0.25,100,3,40,1730,38,4,2,1726,0.95,0.0023121387283236,0.9047619047619048,0.0952380952380952,7.723302892663262
tfnbs,"e=0.7,h=5.0,n=30,start_thres=1.25",hub,0.25,100,3,40,1730,38,4,2,1726,0.95,0.0023121387283236,0.9047619047619048,0.0952380952380952,7.723302892663262
tfnbs,"e=0.7,h=6.0,n=30,start_thres=1.25",hub,0.25,100,3,40,1730,38,4,2,1726,0.95,0.0023121387283236,0.9047619047619048,0.0952380952380952,7.723302892663262
tfnbs,"e=0.7,h=7.0,n=30,start_thres=1.25",hub,0.25,100,3,40,1730,37,1,3,1729,0.925,0.0005780346820809,0.9736842105263158,0.0263157894736842,7.723302892663262
tfnbs,"e=0.7,h=8.0,n=30,start_thres=1.25",hub,0.25,100,3,40,1730,37,1,3,1729,0.925,0.0005780346820809,0.9736842105263158,0.0263157894736842,7.723302892663262
tfnbs,"e=0.7,h=9.0,n=30,start_thres=1.25",hub,0.25,100,3,40,1730,37,1,3,1729,0.925,0.0005780346820809,0.9736842105263158,0.0263157894736842,7.723302892663262
tfnbs,"e=0.7,h=10.0,n=30,start_thres=1.25",hub,0.25,100,3,40,1730,37,1,3,1729,0.925,0.0005780346820809,0.9736842105263158,0.0263157894736842,7.723302892663262
tfnbs,"e=0.8,h=0.5,n=30,start_thres=1.25",hub,0.25,100,3,40,1730,39,4,1,1726,0.975,0.0023121387283236,0.9069767441860463,0.0930232558139534,7.723302892663262
tfnbs,"e=0.8,h=1.0,n=30,start_thres=1.25",hub,0.25,100,3,40,1730,39,4,1,1726,0.975,0.0023121387283236,0.9069767441860463,0.0930232558139534,7.723302892663262
tfnbs,"e=0.8,h=2.0,n=30,start_thres=1.25",hub,0.25,100,3,40,1730,39,4,1,1726,0.975,0.0023121387283236,0.9069767441860463,0.0930232558139534,7.723302892663262
tfnbs,"e=0.8,h=3.0,n=30,start_thres=1.25",hub,0.25,100,3,40,1730,39,4,1,1726,0.975,0.0023121387283236,0.9069767441860463,0.0930232558139534,7.723302892663262
tfnbs,"e=0.8,h=4.0,n=30,start_thres=1.25",hub,0.25,100,3,40,1730,39,4,1,1726,0.975,0.0023121387283236,0.9069767441860463,0.0930232558139534,7.723302892663262
tfnbs,"e=0.8,h=5.0,n=30,start_thres=1.25",hub,0.25,100,3,40,1730,39,4,1,1726,0.975,0.0023121387283236,0.9069767441860463,0.0930232558139534,7.723302892663262
tfnbs,"e=0.8,h=6.0,n=30,start_thres=1.25",hub,0.25,100,3,40,1730,38,4,2,1726,0.95,0.0023121387283236,0.9047619047619048,0.0952380952380952,7.723302892663262
tfnbs,"e=0.8,h=7.0,n=30,start_thres=1.25",hub,0.25,100,3,40,1730,38,4,2,1726,0.95,0.0023121387283236,0.9047619047619048,0.0952380952380952,7.723302892663262
tfnbs,"e=0.8,h=8.0,n=30,start_thres=1.25",hub,0.25,100,3,40,1730,38,4,2,1726,0.95,0.0023121387283236,0.9047619047619048,0.0952380952380952,7.723302892663262
tfnbs,"e=0.8,h=9.0,n=30,start_thres=1.25",hub,0.25,100,3,40,1730,37,1,3,1729,0.925,0.0005780346820809,0.9736842105263158,0.0263157894736842,7.723302892663262
tfnbs,"e=0.8,h=10.0,n=30,start_thres=1.25",hub,0.25,100,3,40,1730,37,1,3,1729,0.925,0.0005780346820809,0.9736842105263158,0.0263157894736842,7.723302892663262
tfnbs,"e=0.9,h=0.5,n=30,start_thres=1.25",hub,0.25,100,3,40,1730,39,4,1,1726,0.975,0.0023121387283236,0.9069767441860463,0.0930232558139534,7.723302892663262
tfnbs,"e=0.9,h=1.0,n=30,start_thres=1.25",hub,0.25,100,3,40,1730,39,4,1,1726,0.975,0.0023121387283236,0.9069767441860463,0.0930232558139534,7.723302892663262
tfnbs,"e=0.9,h=2.0,n=30,start_thres=1.25",hub,0.25,100,3,40,1730,39,4,1,1726,0.975,0.0023121387283236,0.9069767441860463,0.0930232558139534,7.723302892663262
tfnbs,"e=0.9,h=3.0,n=30,start_thres=1.25",hub,0.25,100,3,40,1730,39,4,1,1726,0.975,0.0023121387283236,0.9069767441860463,0.0930232558139534,7.723302892663262
tfnbs,"e=0.9,h=4.0,n=30,start_thres=1.25",hub,0.25,100,3,40,1730,39,4,1,1726,0.975,0.0023121387283236,0.9069767441860463,0.0930232558139534,7.723302892663262
tfnbs,"e=0.9,h=5.0,n=30,start_thres=1.25",hub,0.25,100,3,40,1730,39,4,1,1726,0.975,0.0023121387283236,0.9069767441860463,0.0930232558139534,7.723302892663262
tfnbs,"e=0.9,h=6.0,n=30,start_thres=1.25",hub,0.25,100,3,40,1730,39,4,1,1726,0.975,0.0023121387283236,0.9069767441860463,0.0930232558139534,7.723302892663262
tfnbs,"e=0.9,h=7.0,n=30,start_thres=1.25",hub,0.25,100,3,40,1730,38,4,2,1726,0.95,0.0023121387283236,0.9047619047619048,0.0952380952380952,7.723302892663262
tfnbs,"e=0.9,h=8.0,n=30,start_thres=1.25",hub,0.25,100,3,40,1730,38,4,2,1726,0.95,0.0023121387283236,0.9047619047619048,0.0952380952380952,7.723302892663262
tfnbs,"e=0.9,h=9.0,n=30,start_thres=1.25",hub,0.25,100,3,40,1730,38,4,2,1726,0.95,0.0023121387283236,0.9047619047619048,0.0952380952380952,7.723302892663262
tfnbs,"e=0.9,h=10.0,n=30,start_thres=1.25",hub,0.25,100,3,40,1730,37,1,3,1729,0.925,0.0005780346820809,0.9736842105263158,0.0263157894736842,7.723302892663262
tfnbs,"e=1.0,h=0.5,n=30,start_thres=1.25",hub,0.25,100,3,40,1730,39,4,1,1726,0.975,0.0023121387283236,0.9069767441860463,0.0930232558139534,7.723302892663262
tfnbs,"e=1.0,h=1.0,n=30,start_thres=1.25",hub,0.25,100,3,40,1730,39,4,1,1726,0.975,0.0023121387283236,0.9069767441860463,0.0930232558139534,7.723302892663262
tfnbs,"e=1.0,h=2.0,n=30,start_thres=1.25",hub,0.25,100,3,40,1730,39,4,1,1726,0.975,0.0023121387283236,0.9069767441860463,0.0930232558139534,7.723302892663262
tfnbs,"e=1.0,h=3.0,n=30,start_thres=1.25",hub,0.25,100,3,40,1730,39,4,1,1726,0.975,0.0023121387283236,0.9069767441860463,0.0930232558139534,7.723302892663262
tfnbs,"e=1.0,h=4.0,n=30,start_thres=1.25",hub,0.25,100,3,40,1730,39,4,1,1726,0.975,0.0023121387283236,0.9069767441860463,0.0930232558139534,7.723302892663262
tfnbs,"e=1.0,h=5.0,n=30,start_thres=1.25",hub,0.25,100,3,40,1730,39,4,1,1726,0.975,0.0023121387283236,0.9069767441860463,0.0930232558139534,7.723302892663262
tfnbs,"e=1.0,h=6.0,n=30,start_thres=1.25",hub,0.25,100,3,40,1730,39,4,1,1726,0.975,0.0023121387283236,0.9069767441860463,0.0930232558139534,7.723302892663262
tfnbs,"e=1.0,h=7.0,n=30,start_thres=1.25",hub,0.25,100,3,40,1730,39,4,1,1726,0.975,0.0023121387283236,0.9069767441860463,0.0930232558139534,7.723302892663262
tfnbs,"e=1.0,h=8.0,n=30,start_thres=1.25",hub,0.25,100,3,40,1730,38,4,2,1726,0.95,0.0023121387283236,0.9047619047619048,0.0952380952380952,7.723302892663262
tfnbs,"e=1.0,h=9.0,n=30,start_thres=1.25",hub,0.25,100,3,40,1730,38,4,2,1726,0.95,0.0023121387283236,0.9047619047619048,0.0952380952380952,7.723302892663262
tfnbs,"e=1.0,h=10.0,n=30,start_thres=1.25",hub,0.25,100,3,40,1730,38,4,2,1726,0.95,0.0023121387283236,0.9047619047619048,0.0952380952380952,7.723302892663262
tfnbs,"e=1.1,h=0.5,n=30,start_thres=1.25",hub,0.25,100,3,40,1730,39,4,1,1726,0.975,0.0023121387283236,0.9069767441860463,0.0930232558139534,7.723302892663262
tfnbs,"e=1.1,h=1.0,n=30,start_thres=1.25",hub,0.25,100,3,40,1730,39,4,1,1726,0.975,0.0023121387283236,0.9069767441860463,0.0930232558139534,7.723302892663262
tfnbs,"e=1.1,h=2.0,n=30,start_thres=1.25",hub,0.25,100,3,40,1730,39,4,1,1726,0.975,0.0023121387283236,0.9069767441860463,0.0930232558139534,7.723302892663262
tfnbs,"e=1.1,h=3.0,n=30,start_thres=1.25",hub,0.25,100,3,40,1730,39,4,1,1726,0.975,0.0023121387283236,0.9069767441860463,0.0930232558139534,7.723302892663262
tfnbs,"e=1.1,h=4.0,n=30,start_thres=1.25",hub,0.25,100,3,40,1730,39,4,1,1726,0.975,0.0023121387283236,0.9069767441860463,0.0930232558139534,7.723302892663262
tfnbs,"e=1.1,h=5.0,n=30,start_thres=1.25",hub,0.25,100,3,40,1730,39,4,1,1726,0.975,0.0023121387283236,0.9069767441860463,0.0930232558139534,7.723302892663262
tfnbs,"e=1.1,h=6.0,n=30,start_thres=1.25",hub,0.25,100,3,40,1730,39,4,1,1726,0.975,0.0023121387283236,0.9069767441860463,0.0930232558139534,7.723302892663262
tfnbs,"e=1.1,h=7.0,n=30,start_thres=1.25",hub,0.25,100,3,40,1730,39,4,1,1726,0.975,0.0023121387283236,0.9069767441860463,0.0930232558139534,7.723302892663262
tfnbs,"e=1.1,h=8.0,n=30,start_thres=1.25",hub,0.25,100,3,40,1730,39,4,1,1726,0.975,0.0023121387283236,0.9069767441860463,0.0930232558139534,7.723302892663262
tfnbs,"e=1.1,h=9.0,n=30,start_thres=1.25",hub,0.25,100,3,40,1730,39,4,1,1726,0.975,0.0023121387283236,0.9069767441860463,0.0930232558139534,7.723302892663262
tfnbs,"e=1.1,h=10.0,n=30,start_thres=1.25",hub,0.25,100,3,40,1730,38,4,2,1726,0.95,0.0023121387283236,0.9047619047619048,0.0952380952380952,7.723302892663262
tfnbs,"e=1.2,h=0.5,n=30,start_thres=1.25",hub,0.25,100,3,40,1730,39,4,1,1726,0.975,0.0023121387283236,0.9069767441860463,0.0930232558139534,7.723302892663262
tfnbs,"e=1.2,h=1.0,n=30,start_thres=1.25",hub,0.25,100,3,40,1730,39,4,1,1726,0.975,0.0023121387283236,0.9069767441860463,0.0930232558139534,7.723302892663262
tfnbs,"e=1.2,h=2.0,n=30,start_thres=1.25",hub,0.25,100,3,40,1730,39,4,1,1726,0.975,0.0023121387283236,0.9069767441860463,0.0930232558139534,7.723302892663262
tfnbs,"e=1.2,h=3.0,n=30,start_thres=1.25",hub,0.25,100,3,40,1730,39,4,1,1726,0.975,0.0023121387283236,0.9069767441860463,0.0930232558139534,7.723302892663262
tfnbs,"e=1.2,h=4.0,n=30,start_thres=1.25",hub,0.25,100,3,40,1730,39,4,1,1726,0.975,0.0023121387283236,0.9069767441860463,0.0930232558139534,7.723302892663262
tfnbs,"e=1.2,h=5.0,n=30,start_thres=1.25",hub,0.25,100,3,40,1730,39,4,1,1726,0.975,0.0023121387283236,0.9069767441860463,0.0930232558139534,7.723302892663262
tfnbs,"e=1.2,h=6.0,n=30,start_thres=1.25",hub,0.25,100,3,40,1730,39,4,1,1726,0.975,0.0023121387283236,0.9069767441860463,0.0930232558139534,7.723302892663262
tfnbs,"e=1.2,h=7.0,n=30,start_thres=1.25",hub,0.25,100,3,40,1730,39,4,1,1726,0.975,0.0023121387283236,0.9069767441860463,0.0930232558139534,7.723302892663262
tfnbs,"e=1.2,h=8.0,n=30,start_thres=1.25",hub,0.25,100,3,40,1730,39,4,1,1726,0.975,0.0023121387283236,0.9069767441860463,0.0930232558139534,7.723302892663262
tfnbs,"e=1.2,h=9.0,n=30,start_thres=1.25",hub,0.25,100,3,40,1730,39,4,1,1726,0.975,0.0023121387283236,0.9069767441860463,0.0930232558139534,7.723302892663262
tfnbs,"e=1.2,h=10.0,n=30,start_thres=1.25",hub,0.25,100,3,40,1730,39,4,1,1726,0.975,0.0023121387283236,0.9069767441860463,0.0930232558139534,7.723302892663262
tfnbs,"e=1.3,h=0.5,n=30,start_thres=1.25",hub,0.25,100,3,40,1730,39,4,1,1726,0.975,0.0023121387283236,0.9069767441860463,0.0930232558139534,7.723302892663262
tfnbs,"e=1.3,h=1.0,n=30,start_thres=1.25",hub,0.25,100,3,40,1730,39,4,1,1726,0.975,0.0023121387283236,0.9069767441860463,0.0930232558139534,7.723302892663262
tfnbs,"e=1.3,h=2.0,n=30,start_thres=1.25",hub,0.25,100,3,40,1730,39,4,1,1726,0.975,0.0023121387283236,0.9069767441860463,0.0930232558139534,7.723302892663262
tfnbs,"e=1.3,h=3.0,n=30,start_thres=1.25",hub,0.25,100,3,40,1730,39,4,1,1726,0.975,0.0023121387283236,0.9069767441860463,0.0930232558139534,7.723302892663262
tfnbs,"e=1.3,h=4.0,n=30,start_thres=1.25",hub,0.25,100,3,40,1730,39,4,1,1726,0.975,0.0023121387283236,0.9069767441860463,0.0930232558139534,7.723302892663262
tfnbs,"e=1.3,h=5.0,n=30,start_thres=1.25",hub,0.25,100,3,40,1730,39,4,1,1726,0.975,0.0023121387283236,0.9069767441860463,0.0930232558139534,7.723302892663262
tfnbs,"e=1.3,h=6.0,n=30,start_thres=1.25",hub,0.25,100,3,40,1730,39,4,1,1726,0.975,0.0023121387283236,0.9069767441860463,0.0930232558139534,7.723302892663262
tfnbs,"e=1.3,h=7.0,n=30,start_thres=1.25",hub,0.25,100,3,40,1730,39,4,1,1726,0.975,0.0023121387283236,0.9069767441860463,0.0930232558139534,7.723302892663262
tfnbs,"e=1.3,h=8.0,n=30,start_thres=1.25",hub,0.25,100,3,40,1730,39,4,1,1726,0.975,0.0023121387283236,0.9069767441860463,0.0930232558139534,7.723302892663262
tfnbs,"e=1.3,h=9.0,n=30,start_thres=1.25",hub,0.25,100,3,40,1730,39,4,1,1726,0.975,0.0023121387283236,0.9069767441860463,0.0930232558139534,7.723302892663262
tfnbs,"e=1.3,h=10.0,n=30,start_thres=1.25",hub,0.25,100,3,40,1730,39,4,1,1726,0.975,0.0023121387283236,0.9069767441860463,0.0930232558139534,7.723302892663262
tfnbs,"e=1.4,h=0.5,n=30,start_thres=1.25",hub,0.25,100,3,40,1730,39,4,1,1726,0.975,0.0023121387283236,0.9069767441860463,0.0930232558139534,7.723302892663262
tfnbs,"e=1.4,h=1.0,n=30,start_thres=1.25",hub,0.25,100,3,40,1730,39,4,1,1726,0.975,0.0023121387283236,0.9069767441860463,0.0930232558139534,7.723302892663262
tfnbs,"e=1.4,h=2.0,n=30,start_thres=1.25",hub,0.25,100,3,40,1730,39,4,1,1726,0.975,0.0023121387283236,0.9069767441860463,0.0930232558139534,7.723302892663262
tfnbs,"e=1.4,h=3.0,n=30,start_thres=1.25",hub,0.25,100,3,40,1730,39,4,1,1726,0.975,0.0023121387283236,0.9069767441860463,0.0930232558139534,7.723302892663262
tfnbs,"e=1.4,h=4.0,n=30,start_thres=1.25",hub,0.25,100,3,40,1730,39,4,1,1726,0.975,0.0023121387283236,0.9069767441860463,0.0930232558139534,7.723302892663262
tfnbs,"e=1.4,h=5.0,n=30,start_thres=1.25",hub,0.25,100,3,40,1730,39,4,1,1726,0.975,0.0023121387283236,0.9069767441860463,0.0930232558139534,7.723302892663262
tfnbs,"e=1.4,h=6.0,n=30,start_thres=1.25",hub,0.25,100,3,40,1730,39,4,1,1726,0.975,0.0023121387283236,0.9069767441860463,0.0930232558139534,7.723302892663262
tfnbs,"e=1.4,h=7.0,n=30,start_thres=1.25",hub,0.25,100,3,40,1730,39,4,1,1726,0.975,0.0023121387283236,0.9069767441860463,0.0930232558139534,7.723302892663262
tfnbs,"e=1.4,h=8.0,n=30,start_thres=1.25",hub,0.25,100,3,40,1730,39,4,1,1726,0.975,0.0023121387283236,0.9069767441860463,0.0930232558139534,7.723302892663262
tfnbs,"e=1.4,h=9.0,n=30,start_thres=1.25",hub,0.25,100,3,40,1730,39,4,1,1726,0.975,0.0023121387283236,0.9069767441860463,0.0930232558139534,7.723302892663262
tfnbs,"e=1.4,h=10.0,n=30,start_thres=1.25",hub,0.25,100,3,40,1730,39,4,1,1726,0.975,0.0023121387283236,0.9069767441860463,0.0930232558139534,7.723302892663262
tfnbs,"e=1.5,h=0.5,n=30,start_thres=1.25",hub,0.25,100,3,40,1730,39,4,1,1726,0.975,0.0023121387283236,0.9069767441860463,0.0930232558139534,7.723302892663262
tfnbs,"e=1.5,h=1.0,n=30,start_thres=1.25",hub,0.25,100,3,40,1730,39,4,1,1726,0.975,0.0023121387283236,0.9069767441860463,0.0930232558139534,7.723302892663262
tfnbs,"e=1.5,h=2.0,n=30,start_thres=1.25",hub,0.25,100,3,40,1730,39,4,1,1726,0.975,0.0023121387283236,0.9069767441860463,0.0930232558139534,7.723302892663262
tfnbs,"e=1.5,h=3.0,n=30,start_thres=1.25",hub,0.25,100,3,40,1730,39,4,1,1726,0.975,0.0023121387283236,0.9069767441860463,0.0930232558139534,7.723302892663262
tfnbs,"e=1.5,h=4.0,n=30,start_thres=1.25",hub,0.25,100,3,40,1730,39,4,1,1726,0.975,0.0023121387283236,0.9069767441860463,0.0930232558139534,7.723302892663262
tfnbs,"e=1.5,h=5.0,n=30,start_thres=1.25",hub,0.25,100,3,40,1730,39,4,1,1726,0.975,0.0023121387283236,0.9069767441860463,0.0930232558139534,7.723302892663262
tfnbs,"e=1.5,h=6.0,n=30,start_thres=1.25",hub,0.25,100,3,40,1730,39,4,1,1726,0.975,0.0023121387283236,0.9069767441860463,0.0930232558139534,7.723302892663262
tfnbs,"e=1.5,h=7.0,n=30,start_thres=1.25",hub,0.25,100,3,40,1730,39,4,1,1726,0.975,0.0023121387283236,0.9069767441860463,0.0930232558139534,7.723302892663262
tfnbs,"e=1.5,h=8.0,n=30,start_thres=1.25",hub,0.25,100,3,40,1730,39,4,1,1726,0.975,0.0023121387283236,0.9069767441860463,0.0930232558139534,7.723302892663262
tfnbs,"e=1.5,h=9.0,n=30,start_thres=1.25",hub,0.25,100,3,40,1730,39,4,1,1726,0.975,0.0023121387283236,0.9069767441860463,0.0930232558139534,7.723302892663262
tfnbs,"e=1.5,h=10.0,n=30,start_thres=1.25",hub,0.25,100,3,40,1730,39,4,1,1726,0.975,0.0023121387283236,0.9069767441860463,0.0930232558139534,7.723302892663262
nbs_extent,threshold=1.0,hub,0.25,100,8,40,1730,0,0,40,1730,0.0,0.0,0.0,0.0,23.93648600578308
tfnbs,"e=0.05,h=0.5,n=30,start_thres=1.25",hub,0.25,100,29,40,1730,31,0,9,1730,0.775,0.0,1.0,0.0,7.69506861269474
tfnbs,"e=0.05,h=1.0,n=30,start_thres=1.25",hub,0.25,100,29,40,1730,31,0,9,1730,0.775,0.0,1.0,0.0,7.69506861269474
tfnbs,"e=0.05,h=2.0,n=30,start_thres=1.25",hub,0.25,100,29,40,1730,31,0,9,1730,0.775,0.0,1.0,0.0,7.69506861269474
tfnbs,"e=0.05,h=3.0,n=30,start_thres=1.25",hub,0.25,100,29,40,1730,31,0,9,1730,0.775,0.0,1.0,0.0,7.69506861269474
tfnbs,"e=0.05,h=4.0,n=30,start_thres=1.25",hub,0.25,100,29,40,1730,31,0,9,1730,0.775,0.0,1.0,0.0,7.69506861269474
tfnbs,"e=0.05,h=5.0,n=30,start_thres=1.25",hub,0.25,100,29,40,1730,31,0,9,1730,0.775,0.0,1.0,0.0,7.69506861269474
tfnbs,"e=0.05,h=6.0,n=30,start_thres=1.25",hub,0.25,100,29,40,1730,31,0,9,1730,0.775,0.0,1.0,0.0,7.69506861269474
tfnbs,"e=0.05,h=7.0,n=30,start_thres=1.25",hub,0.25,100,29,40,1730,31,0,9,1730,0.775,0.0,1.0,0.0,7.69506861269474
tfnbs,"e=0.05,h=8.0,n=30,start_thres=1.25",hub,0.25,100,29,40,1730,31,0,9,1730,0.775,0.0,1.0,0.0,7.69506861269474
tfnbs,"e=0.05,h=9.0,n=30,start_thres=1.25",hub,0.25,100,29,40,1730,31,0,9,1730,0.775,0.0,1.0,0.0,7.69506861269474
tfnbs,"e=0.05,h=10.0,n=30,start_thres=1.25",hub,0.25,100,29,40,1730,31,0,9,1730,0.775,0.0,1.0,0.0,7.69506861269474
tfnbs,"e=0.1,h=0.5,n=30,start_thres=1.25",hub,0.25,100,29,40,1730,34,0,6,1730,0.85,0.0,1.0,0.0,7.69506861269474
tfnbs,"e=0.1,h=1.0,n=30,start_thres=1.25",hub,0.25,100,29,40,1730,34,0,6,1730,0.85,0.0,1.0,0.0,7.69506861269474
tfnbs,"e=0.1,h=2.0,n=30,start_thres=1.25",hub,0.25,100,29,40,1730,34,0,6,1730,0.85,0.0,1.0,0.0,7.69506861269474
tfnbs,"e=0.1,h=3.0,n=30,start_thres=1.25",hub,0.25,100,29,40,1730,34,0,6,1730,0.85,0.0,1.0,0.0,7.69506861269474
tfnbs,"e=0.1,h=4.0,n=30,start_thres=1.25",hub,0.25,100,29,40,1730,34,0,6,1730,0.85,0.0,1.0,0.0,7.69506861269474
tfnbs,"e=0.1,h=5.0,n=30,start_thres=1.25",hub,0.25,100,29,40,1730,31,0,9,1730,0.775,0.0,1.0,0.0,7.69506861269474
tfnbs,"e=0.1,h=6.0,n=30,start_thres=1.25",hub,0.25,100,29,40,1730,31,0,9,1730,0.775,0.0,1.0,0.0,7.69506861269474
tfnbs,"e=0.1,h=7.0,n=30,start_thres=1.25",hub,0.25,100,29,40,1730,31,0,9,1730,0.775,0.0,1.0,0.0,7.69506861269474
tfnbs,"e=0.1,h=8.0,n=30,start_thres=1.25",hub,0.25,100,29,40,1730,31,0,9,1730,0.775,0.0,1.0,0.0,7.69506861269474
tfnbs,"e=0.1,h=9.0,n=30,start_thres=1.25",hub,0.25,100,29,40,1730,31,0,9,1730,0.775,0.0,1.0,0.0,7.69506861269474
tfnbs,"e=0.1,h=10.0,n=30,start_thres=1.25",hub,0.25,100,29,40,1730,31,0,9,1730,0.775,0.0,1.0,0.0,7.69506861269474
tfnbs,"e=0.2,h=0.5,n=30,start_thres=1.25",hub,0.25,100,29,40,1730,37,0,3,1730,0.925,0.0,1.0,0.0,7.69506861269474
tfnbs,"e=0.2,h=1.0,n=30,start_thres=1.25",hub,0.25,100,29,40,1730,36,0,4,1730,0.9,0.0,1.0,0.0,7.69506861269474
tfnbs,"e=0.2,h=2.0,n=30,start_thres=1.25",hub,0.25,100,29,40,1730,36,0,4,1730,0.9,0.0,1.0,0.0,7.69506861269474
tfnbs,"e=0.2,h=3.0,n=30,start_thres=1.25",hub,0.25,100,29,40,1730,36,0,4,1730,0.9,0.0,1.0,0.0,7.69506861269474
tfnbs,"e=0.2,h=4.0,n=30,start_thres=1.25",hub,0.25,100,29,40,1730,36,0,4,1730,0.9,0.0,1.0,0.0,7.69506861269474
tfnbs,"e=0.2,h=5.0,n=30,start_thres=1.25",hub,0.25,100,29,40,1730,34,0,6,1730,0.85,0.0,1.0,0.0,7.69506861269474
tfnbs,"e=0.2,h=6.0,n=30,start_thres=1.25",hub,0.25,100,29,40,1730,34,0,6,1730,0.85,0.0,1.0,0.0,7.69506861269474
tfnbs,"e=0.2,h=7.0,n=30,start_thres=1.25",hub,0.25,100,29,40,1730,34,0,6,1730,0.85,0.0,1.0,0.0,7.69506861269474
tfnbs,"e=0.2,h=8.0,n=30,start_thres=1.25",hub,0.25,100,29,40,1730,34,0,6,1730,0.85,0.0,1.0,0.0,7.69506861269474
tfnbs,"e=0.2,h=9.0,n=30,start_thres=1.25",hub,0.25,100,29,40,1730,34,0,6,1730,0.85,0.0,1.0,0.0,7.69506861269474
tfnbs,"e=0.2,h=10.0,n=30,start_thres=1.25",hub,0.25,100,29,40,1730,34,0,6,1730,0.85,0.0,1.0,0.0,7.69506861269474
tfnbs,"e=0.3,h=0.5,n=30,start_thres=1.25",hub,0.25,100,29,40,1730,39,1,1,1729,0.975,0.0005780346820809,0.975,0.025,7.69506861269474
tfnbs,"e=0.3,h=1.0,n=30,start_thres=1.25",hub,0.25,100,29,40,1730,39,1,1,1729,0.975,0.0005780346820809,0.975,0.025,7.69506861269474
tfnbs,"e=0.3,h=2.0,n=30,start_thres=1.25",hub,0.25,100,29,40,1730,37,0,3,1730,0.925,0.0,1.0,0.0,7.69506861269474
tfnbs,"e=0.3,h=3.0,n=30,start_thres=1.25",hub,0.25,100,29,40,1730,37,0,3,1730,0.925,0.0,1.0,0.0,7.69506861269474
tfnbs,"e=0.3,h=4.0,n=30,start_thres=1.25",hub,0.25,100,29,40,1730,37,0,3,1730,0.925,0.0,1.0,0.0,7.69506861269474
tfnbs,"e=0.3,h=5.0,n=30,start_thres=1.25",hub,0.25,100,29,40,1730,36,0,4,1730,0.9,0.0,1.0,0.0,7.69506861269474
tfnbs,"e=0.3,h=6.0,n=30,start_thres=1.25",hub,0.25,100,29,40,1730,36,0,4,1730,0.9,0.0,1.0,0.0,7.69506861269474
tfnbs,"e=0.3,h=7.0,n=30,start_thres=1.25",hub,0.25,100,29,40,1730,36,0,4,1730,0.9,0.0,1.0,0.0,7.69506861269474
tfnbs,"e=0.3,h=8.0,n=30,start_thres=1.25",hub,0.25,100,29,40,1730,34,0,6,1730,0.85,0.0,1.0,0.0,7.69506861269474
tfnbs,"e=0.3,h=9.0,n=30,start_thres=1.25",hub,0.25,100,29,40,1730,34,0,6,1730,0.85,0.0,1.0,0.0,7.69506861269474
tfnbs,"e=0.3,h=10.0,n=30,start_thres=1.25",hub,0.25,100,29,40,1730,34,0,6,1730,0.85,0.0,1.0,0.0,7.69506861269474
tfnbs,"e=0.4,h=0.5,n=30,start_thres=1.25",hub,0.25,100,29,40,1730,39,1,1,1729,0.975,0.0005780346820809,0.975,0.025,7.69506861269474
tfnbs,"e=0.4,h=1.0,n=30,start_thres=1.25",hub,0.25,100,29,40,1730,39,1,1,1729,0.975,0.0005780346820809,0.975,0.025,7.69506861269474
tfnbs,"e=0.4,h=2.0,n=30,start_thres=1.25",hub,0.25,100,29,40,1730,39,1,1,1729,0.975,0.0005780346820809,0.975,0.025,7.69506861269474
tfnbs,"e=0.4,h=3.0,n=30,start_thres=1.25",hub,0.25,100,29,40,1730,39,1,1,1729,0.975,0.0005780346820809,0.975,0.025,7.69506861269474
tfnbs,"e=0.4,h=4.0,n=30,start_thres=1.25",hub,0.25,100,29,40,1730,37,0,3,1730,0.925,0.0,1.0,0.0,7.69506861269474
tfnbs,"e=0.4,h=5.0,n=30,start_thres=1.25",hub,0.25,100,29,40,1730,37,0,3,1730,0.925,0.0,1.0,0.0,7.69506861269474
tfnbs,"e=0.4,h=6.0,n=30,start_thres=1.25",hub,0.25,100,29,40,1730,37,0,3,1730,0.925,0.0,1.0,0.0,7.69506861269474
tfnbs,"e=0.4,h=7.0,n=30,start_thres=1.25",hub,0.25,100,29,40,1730,36,0,4,1730,0.9,0.0,1.0,0.0,7.69506861269474
tfnbs,"e=0.4,h=8.0,n=30,start_thres=1.25",hub,0.25,100,29,40,1730,36,0,4,1730,0.9,0.0,1.0,0.0,7.69506861269474
tfnbs,"e=0.4,h=9.0,n=30,start_thres=1.25",hub,0.25,100,29,40,1730,36,0,4,1730,0.9,0.0,1.0,0.0,7.69506861269474
tfnbs,"e=0.4,h=10.0,n=30,start_thres=1.25",hub,0.25,100,29,40,1730,36,0,4,1730,0.9,0.0,1.0,0.0,7.69506861269474
tfnbs,"e=0.5,h=0.5,n=30,start_thres=1.25",hub,0.25,100,29,40,1730,39,1,1,1729,0.975,0.0005780346820809,0.975,0.025,7.69506861269474
tfnbs,"e=0.5,h=1.0,n=30,start_thres=1.25",hub,0.25,100,29,40,1730,39,1,1,1729,0.975,0.0005780346820809,0.975,0.025,7.69506861269474
tfnbs,"e=0.5,h=2.0,n=30,start_thres=1.25",hub,0.25,100,29,40,1730,39,1,1,1729,0.975,0.0005780346820809,0.975,0.025,7.69506861269474
tfnbs,"e=0.5,h=3.0,n=30,start_thres=1.25",hub,0.25,100,29,40,1730,39,1,1,1729,0.975,0.0005780346820809,0.975,0.025,7.69506861269474
tfnbs,"e=0.5,h=4.0,n=30,start_thres=1.25",hub,0.25,100,29,40,1730,39,1,1,1729,0.975,0.0005780346820809,0.975,0.025,7.69506861269474
tfnbs,"e=0.5,h=5.0,n=30,start_thres=1.25",hub,0.25,100,29,40,1730,39,1,1,1729,0.975,0.0005780346820809,0.975,0.025,7.69506861269474
tfnbs,"e=0.5,h=6.0,n=30,start_thres=1.25",hub,0.25,100,29,40,1730,37,0,3,1730,0.925,0.0,1.0,0.0,7.69506861269474
tfnbs,"e=0.5,h=7.0,n=30,start_thres=1.25",hub,0.25,100,29,40,1730,37,0,3,1730,0.925,0.0,1.0,0.0,7.69506861269474
tfnbs,"e=0.5,h=8.0,n=30,start_thres=1.25",hub,0.25,100,29,40,1730,37,0,3,1730,0.925,0.0,1.0,0.0,7.69506861269474
tfnbs,"e=0.5,h=9.0,n=30,start_thres=1.25",hub,0.25,100,29,40,1730,36,0,4,1730,0.9,0.0,1.0,0.0,7.69506861269474
tfnbs,"e=0.5,h=10.0,n=30,start_thres=1.25",hub,0.25,100,29,40,1730,36,0,4,1730,0.9,0.0,1.0,0.0,7.69506861269474
tfnbs,"e=0.6,h=0.5,n=30,start_thres=1.25",hub,0.25,100,29,40,1730,39,1,1,1729,0.975,0.0005780346820809,0.975,0.025,7.69506861269474
tfnbs,"e=0.6,h=1.0,n=30,start_thres=1.25",hub,0.25,100,29,40,1730,39,1,1,1729,0.975,0.0005780346820809,0.975,0.025,7.69506861269474
tfnbs,"e=0.6,h=2.0,n=30,start_thres=1.25",hub,0.25,100,29,40,1730,39,1,1,1729,0.975,0.0005780346820809,0.975,0.025,7.69506861269474
tfnbs,"e=0.6,h=3.0,n=30,start_thres=1.25",hub,0.25,100,29,40,1730,39,1,1,1729,0.975,0.0005780346820809,0.975,0.025,7.69506861269474
tfnbs,"e=0.6,h=4.0,n=30,start_thres=1.25",hub,0.25,100,29,40,1730,39,1,1,1729,0.975,0.0005780346820809,0.975,0.025,7.69506861269474
tfnbs,"e=0.6,h=5.0,n=30,start_thres=1.25",hub,0.25,100,29,40,1730,39,1,1,1729,0.975,0.0005780346820809,0.975,0.025,7.69506861269474
tfnbs,"e=0.6,h=6.0,n=30,start_thres=1.25",hub,0.25,100,29,40,1730,39,1,1,1729,0.975,0.0005780346820809,0.975,0.025,7.69506861269474
tfnbs,"e=0.6,h=7.0,n=30,start_thres=1.25",hub,0.25,100,29,40,1730,39,1,1,1729,0.975,0.0005780346820809,0.975,0.025,7.69506861269474
tfnbs,"e=0.6,h=8.0,n=30,start_thres=1.25",hub,0.25,100,29,40,1730,37,0,3,1730,0.925,0.0,1.0,0.0,7.69506861269474
tfnbs,"e=0.6,h=9.0,n=30,start_thres=1.25",hub,0.25,100,29,40,1730,37,0,3,1730,0.925,0.0,1.0,0.0,7.69506861269474
tfnbs,"e=0.6,h=10.0,n=30,start_thres=1.25",hub,0.25,100,29,40,1730,37,0,3,1730,0.925,0.0,1.0,0.0,7.69506861269474
tfnbs,"e=0.7,h=0.5,n=30,start_thres=1.25",hub,0.25,100,29,40,1730,39,1,1,1729,0.975,0.0005780346820809,0.975,0.025,7.69506861269474
tfnbs,"e=0.7,h=1.0,n=30,start_thres=1.25",hub,0.25,100,29,40,1730,39,1,1,1729,0.975,0.0005780346820809,0.975,0.025,7.69506861269474
tfnbs,"e=0.7,h=2.0,n=30,start_thres=1.25",hub,0.25,100,29,40,1730,39,1,1,1729,0.975,0.0005780346820809,0.975,0.025,7.69506861269474
tfnbs,"e=0.7,h=3.0,n=30,start_thres=1.25",hub,0.25,100,29,40,1730,39,1,1,1729,0.975,0.0005780346820809,0.975,0.025,7.69506861269474
tfnbs,"e=0.7,h=4.0,n=30,start_thres=1.25",hub,0.25,100,29,40,1730,39,1,1,1729,0.975,0.0005780346820809,0.975,0.025,7.69506861269474
tfnbs,"e=0.7,h=5.0,n=30,start_thres=1.25",hub,0.25,100,29,40,1730,39,1,1,1729,0.975,0.0005780346820809,0.975,0.025,7.69506861269474
tfnbs,"e=0.7,h=6.0,n=30,start_thres=1.25",hub,0.25,100,29,40,1730,39,1,1,1729,0.975,0.0005780346820809,0.975,0.025,7.69506861269474
tfnbs,"e=0.7,h=7.0,n=30,start_thres=1.25",hub,0.25,100,29,40,1730,39,1,1,1729,0.975,0.0005780346820809,0.975,0.025,7.69506861269474
tfnbs,"e=0.7,h=8.0,n=30,start_thres=1.25",hub,0.25,100,29,40,1730,39,1,1,1729,0.975,0.0005780346820809,0.975,0.025,7.69506861269474
tfnbs,"e=0.7,h=9.0,n=30,start_thres=1.25",hub,0.25,100,29,40,1730,37,0,3,1730,0.925,0.0,1.0,0.0,7.69506861269474
tfnbs,"e=0.7,h=10.0,n=30,start_thres=1.25",hub,0.25,100,29,40,1730,37,0,3,1730,0.925,0.0,1.0,0.0,7.69506861269474
tfnbs,"e=0.8,h=0.5,n=30,start_thres=1.25",hub,0.25,100,29,40,1730,39,1,1,1729,0.975,0.0005780346820809,0.975,0.025,7.69506861269474
tfnbs,"e=0.8,h=1.0,n=30,start_thres=1.25",hub,0.25,100,29,40,1730,39,1,1,1729,0.975,0.0005780346820809,0.975,0.025,7.69506861269474
tfnbs,"e=0.8,h=2.0,n=30,start_thres=1.25",hub,0.25,100,29,40,1730,39,1,1,1729,0.975,0.0005780346820809,0.975,0.025,7.69506861269474
tfnbs,"e=0.8,h=3.0,n=30,start_thres=1.25",hub,0.25,100,29,40,1730,39,1,1,1729,0.975,0.0005780346820809,0.975,0.025,7.69506861269474
tfnbs,"e=0.8,h=4.0,n=30,start_thres=1.25",hub,0.25,100,29,40,1730,39,1,1,1729,0.975,0.0005780346820809,0.975,0.025,7.69506861269474
tfnbs,"e=0.8,h=5.0,n=30,start_thres=1.25",hub,0.25,100,29,40,1730,39,1,1,1729,0.975,0.0005780346820809,0.975,0.025,7.69506861269474
tfnbs,"e=0.8,h=6.0,n=30,start_thres=1.25",hub,0.25,100,29,40,1730,39,1,1,1729,0.975,0.0005780346820809,0.975,0.025,7.69506861269474
tfnbs,"e=0.8,h=7.0,n=30,start_thres=1.25",hub,0.25,100,29,40,1730,39,1,1,1729,0.975,0.0005780346820809,0.975,0.025,7.69506861269474
tfnbs,"e=0.8,h=8.0,n=30,start_thres=1.25",hub,0.25,100,29,40,1730,39,1,1,1729,0.975,0.0005780346820809,0.975,0.025,7.69506861269474
tfnbs,"e=0.8,h=9.0,n=30,start_thres=1.25",hub,0.25,100,29,40,1730,39,1,1,1729,0.975,0.0005780346820809,0.975,0.025,7.69506861269474
tfnbs,"e=0.8,h=10.0,n=30,start_thres=1.25",hub,0.25,100,29,40,1730,39,1,1,1729,0.975,0.0005780346820809,0.975,0.025,7.69506861269474
tfnbs,"e=0.9,h=0.5,n=30,start_thres=1.25",hub,0.25,100,29,40,1730,39,1,1,1729,0.975,0.0005780346820809,0.975,0.025,7.69506861269474
tfnbs,"e=0.9,h=1.0,n=30,start_thres=1.25",hub,0.25,100,29,40,1730,39,1,1,1729,0.975,0.0005780346820809,0.975,0.025,7.69506861269474
tfnbs,"e=0.9,h=2.0,n=30,start_thres=1.25",hub,0.25,100,29,40,1730,39,1,1,1729,0.975,0.0005780346820809,0.975,0.025,7.69506861269474
tfnbs,"e=0.9,h=3.0,n=30,start_thres=1.25",hub,0.25,100,29,40,1730,39,1,1,1729,0.975,0.0005780346820809,0.975,0.025,7.69506861269474
tfnbs,"e=0.9,h=4.0,n=30,start_thres=1.25",hub,0.25,100,29,40,1730,39,1,1,1729,0.975,0.0005780346820809,0.975,0.025,7.69506861269474
tfnbs,"e=0.9,h=5.0,n=30,start_thres=1.25",hub,0.25,100,29,40,1730,39,1,1,1729,0.975,0.0005780346820809,0.975,0.025,7.69506861269474
tfnbs,"e=0.9,h=6.0,n=30,start_thres=1.25",hub,0.25,100,29,40,1730,39,1,1,1729,0.975,0.0005780346820809,0.975,0.025,7.69506861269474
tfnbs,"e=0.9,h=7.0,n=30,start_thres=1.25",hub,0.25,100,29,40,1730,39,1,1,1729,0.975,0.0005780346820809,0.975,0.025,7.69506861269474
tfnbs,"e=0.9,h=8.0,n=30,start_thres=1.25",hub,0.25,100,29,40,1730,39,1,1,1729,0.975,0.0005780346820809,0.975,0.025,7.69506861269474
tfnbs,"e=0.9,h=9.0,n=30,start_thres=1.25",hub,0.25,100,29,40,1730,39,1,1,1729,0.975,0.0005780346820809,0.975,0.025,7.69506861269474
tfnbs,"e=0.9,h=10.0,n=30,start_thres=1.25",hub,0.25,100,29,40,1730,39,1,1,1729,0.975,0.0005780346820809,0.975,0.025,7.69506861269474
tfnbs,"e=1.0,h=0.5,n=30,start_thres=1.25",hub,0.25,100,29,40,1730,39,1,1,1729,0.975,0.0005780346820809,0.975,0.025,7.69506861269474
tfnbs,"e=1.0,h=1.0,n=30,start_thres=1.25",hub,0.25,100,29,40,1730,39,1,1,1729,0.975,0.0005780346820809,0.975,0.025,7.69506861269474
tfnbs,"e=1.0,h=2.0,n=30,start_thres=1.25",hub,0.25,100,29,40,1730,39,1,1,1729,0.975,0.0005780346820809,0.975,0.025,7.69506861269474
tfnbs,"e=1.0,h=3.0,n=30,start_thres=1.25",hub,0.25,100,29,40,1730,39,1,1,1729,0.975,0.0005780346820809,0.975,0.025,7.69506861269474
tfnbs,"e=1.0,h=4.0,n=30,start_thres=1.25",hub,0.25,100,29,40,1730,39,1,1,1729,0.975,0.0005780346820809,0.975,0.025,7.69506861269474
tfnbs,"e=1.0,h=5.0,n=30,start_thres=1.25",hub,0.25,100,29,40,1730,39,1,1,1729,0.975,0.0005780346820809,0.975,0.025,7.69506861269474
tfnbs,"e=1.0,h=6.0,n=30,start_thres=1.25",hub,0.25,100,29,40,1730,39,1,1,1729,0.975,0.0005780346820809,0.975,0.025,7.69506861269474
tfnbs,"e=1.0,h=7.0,n=30,start_thres=1.25",hub,0.25,100,29,40,1730,39,1,1,1729,0.975,0.0005780346820809,0.975,0.025,7.69506861269474
tfnbs,"e=1.0,h=8.0,n=30,start_thres=1.25",hub,0.25,100,29,40,1730,39,1,1,1729,0.975,0.0005780346820809,0.975,0.025,7.69506861269474
tfnbs,"e=1.0,h=9.0,n=30,start_thres=1.25",hub,0.25,100,29,40,1730,39,1,1,1729,0.975,0.0005780346820809,0.975,0.025,7.69506861269474
tfnbs,"e=1.0,h=10.0,n=30,start_thres=1.25",hub,0.25,100,29,40,1730,39,1,1,1729,0.975,0.0005780346820809,0.975,0.025,7.69506861269474
tfnbs,"e=1.1,h=0.5,n=30,start_thres=1.25",hub,0.25,100,29,40,1730,39,1,1,1729,0.975,0.0005780346820809,0.975,0.025,7.69506861269474
tfnbs,"e=1.1,h=1.0,n=30,start_thres=1.25",hub,0.25,100,29,40,1730,39,1,1,1729,0.975,0.0005780346820809,0.975,0.025,7.69506861269474
tfnbs,"e=1.1,h=2.0,n=30,start_thres=1.25",hub,0.25,100,29,40,1730,39,1,1,1729,0.975,0.0005780346820809,0.975,0.025,7.69506861269474
tfnbs,"e=1.1,h=3.0,n=30,start_thres=1.25",hub,0.25,100,29,40,1730,39,1,1,1729,0.975,0.0005780346820809,0.975,0.025,7.69506861269474
tfnbs,"e=1.1,h=4.0,n=30,start_thres=1.25",hub,0.25,100,29,40,1730,39,1,1,1729,0.975,0.0005780346820809,0.975,0.025,7.69506861269474
tfnbs,"e=1.1,h=5.0,n=30,start_thres=1.25",hub,0.25,100,29,40,1730,39,1,1,1729,0.975,0.0005780346820809,0.975,0.025,7.69506861269474
tfnbs,"e=1.1,h=6.0,n=30,start_thres=1.25",hub,0.25,100,29,40,1730,39,1,1,1729,0.975,0.0005780346820809,0.975,0.025,7.69506861269474
tfnbs,"e=1.1,h=7.0,n=30,start_thres=1.25",hub,0.25,100,29,40,1730,39,1,1,1729,0.975,0.0005780346820809,0.975,0.025,7.69506861269474
tfnbs,"e=1.1,h=8.0,n=30,start_thres=1.25",hub,0.25,100,29,40,1730,39,1,1,1729,0.975,0.0005780346820809,0.975,0.025,7.69506861269474
tfnbs,"e=1.1,h=9.0,n=30,start_thres=1.25",hub,0.25,100,29,40,1730,39,1,1,1729,0.975,0.0005780346820809,0.975,0.025,7.69506861269474
tfnbs,"e=1.1,h=10.0,n=30,start_thres=1.25",hub,0.25,100,29,40,1730,39,1,1,1729,0.975,0.0005780346820809,0.975,0.025,7.69506861269474
tfnbs,"e=1.2,h=0.5,n=30,start_thres=1.25",hub,0.25,100,29,40,1730,39,1,1,1729,0.975,0.0005780346820809,0.975,0.025,7.69506861269474
tfnbs,"e=1.2,h=1.0,n=30,start_thres=1.25",hub,0.25,100,29,40,1730,39,1,1,1729,0.975,0.0005780346820809,0.975,0.025,7.69506861269474
tfnbs,"e=1.2,h=2.0,n=30,start_thres=1.25",hub,0.25,100,29,40,1730,39,1,1,1729,0.975,0.0005780346820809,0.975,0.025,7.69506861269474
tfnbs,"e=1.2,h=3.0,n=30,start_thres=1.25",hub,0.25,100,29,40,1730,39,1,1,1729,0.975,0.0005780346820809,0.975,0.025,7.69506861269474
tfnbs,"e=1.2,h=4.0,n=30,start_thres=1.25",hub,0.25,100,29,40,1730,39,1,1,1729,0.975,0.0005780346820809,0.975,0.025,7.69506861269474
tfnbs,"e=1.2,h=5.0,n=30,start_thres=1.25",hub,0.25,100,29,40,1730,39,1,1,1729,0.975,0.0005780346820809,0.975,0.025,7.69506861269474
tfnbs,"e=1.2,h=6.0,n=30,start_thres=1.25",hub,0.25,100,29,40,1730,39,1,1,1729,0.975,0.0005780346820809,0.975,0.025,7.69506861269474
tfnbs,"e=1.2,h=7.0,n=30,start_thres=1.25",hub,0.25,100,29,40,1730,39,1,1,1729,0.975,0.0005780346820809,0.975,0.025,7.69506861269474
tfnbs,"e=1.2,h=8.0,n=30,start_thres=1.25",hub,0.25,100,29,40,1730,39,1,1,1729,0.975,0.0005780346820809,0.975,0.025,7.69506861269474
tfnbs,"e=1.2,h=9.0,n=30,start_thres=1.25",hub,0.25,100,29,40,1730,39,1,1,1729,0.975,0.0005780346820809,0.975,0.025,7.69506861269474
tfnbs,"e=1.2,h=10.0,n=30,start_thres=1.25",hub,0.25,100,29,40,1730,39,1,1,1729,0.975,0.0005780346820809,0.975,0.025,7.69506861269474
tfnbs,"e=1.3,h=0.5,n=30,start_thres=1.25",hub,0.25,100,29,40,1730,39,1,1,1729,0.975,0.0005780346820809,0.975,0.025,7.69506861269474
tfnbs,"e=1.3,h=1.0,n=30,start_thres=1.25",hub,0.25,100,29,40,1730,39,1,1,1729,0.975,0.0005780346820809,0.975,0.025,7.69506861269474
tfnbs,"e=1.3,h=2.0,n=30,start_thres=1.25",hub,0.25,100,29,40,1730,39,1,1,1729,0.975,0.0005780346820809,0.975,0.025,7.69506861269474
tfnbs,"e=1.3,h=3.0,n=30,start_thres=1.25",hub,0.25,100,29,40,1730,39,1,1,1729,0.975,0.0005780346820809,0.975,0.025,7.69506861269474
tfnbs,"e=1.3,h=4.0,n=30,start_thres=1.25",hub,0.25,100,29,40,1730,39,1,1,1729,0.975,0.0005780346820809,0.975,0.025,7.69506861269474
tfnbs,"e=1.3,h=5.0,n=30,start_thres=1.25",hub,0.25,100,29,40,1730,39,1,1,1729,0.975,0.0005780346820809,0.975,0.025,7.69506861269474
tfnbs,"e=1.3,h=6.0,n=30,start_thres=1.25",hub,0.25,100,29,40,1730,39,1,1,1729,0.975,0.0005780346820809,0.975,0.025,7.69506861269474
tfnbs,"e=1.3,h=7.0,n=30,start_thres=1.25",hub,0.25,100,29,40,1730,39,1,1,1729,0.975,0.0005780346820809,0.975,0.025,7.69506861269474
tfnbs,"e=1.3,h=8.0,n=30,start_thres=1.25",hub,0.25,100,29,40,1730,39,1,1,1729,0.975,0.0005780346820809,0.975,0.025,7.69506861269474
tfnbs,"e=1.3,h=9.0,n=30,start_thres=1.25",hub,0.25,100,29,40,1730,39,1,1,1729,0.975,0.0005780346820809,0.975,0.025,7.69506861269474
tfnbs,"e=1.3,h=10.0,n=30,start_thres=1.25",hub,0.25,100,29,40,1730,39,1,1,1729,0.975,0.0005780346820809,0.975,0.025,7.69506861269474
tfnbs,"e=1.4,h=0.5,n=30,start_thres=1.25",hub,0.25,100,29,40,1730,39,1,1,1729,0.975,0.0005780346820809,0.975,0.025,7.69506861269474
tfnbs,"e=1.4,h=1.0,n=30,start_thres=1.25",hub,0.25,100,29,40,1730,39,1,1,1729,0.975,0.0005780346820809,0.975,0.025,7.69506861269474
tfnbs,"e=1.4,h=2.0,n=30,start_thres=1.25",hub,0.25,100,29,40,1730,39,1,1,1729,0.975,0.0005780346820809,0.975,0.025,7.69506861269474
tfnbs,"e=1.4,h=3.0,n=30,start_thres=1.25",hub,0.25,100,29,40,1730,39,1,1,1729,0.975,0.0005780346820809,0.975,0.025,7.69506861269474
tfnbs,"e=1.4,h=4.0,n=30,start_thres=1.25",hub,0.25,100,29,40,1730,39,1,1,1729,0.975,0.0005780346820809,0.975,0.025,7.69506861269474
tfnbs,"e=1.4,h=5.0,n=30,start_thres=1.25",hub,0.25,100,29,40,1730,39,1,1,1729,0.975,0.0005780346820809,0.975,0.025,7.69506861269474
tfnbs,"e=1.4,h=6.0,n=30,start_thres=1.25",hub,0.25,100,29,40,1730,39,1,1,1729,0.975,0.0005780346820809,0.975,0.025,7.69506861269474
tfnbs,"e=1.4,h=7.0,n=30,start_thres=1.25",hub,0.25,100,29,40,1730,39,1,1,1729,0.975,0.0005780346820809,0.975,0.025,7.69506861269474
tfnbs,"e=1.4,h=8.0,n=30,start_thres=1.25",hub,0.25,100,29,40,1730,39,1,1,1729,0.975,0.0005780346820809,0.975,0.025,7.69506861269474
tfnbs,"e=1.4,h=9.0,n=30,start_thres=1.25",hub,0.25,100,29,40,1730,39,1,1,1729,0.975,0.0005780346820809,0.975,0.025,7.69506861269474
tfnbs,"e=1.4,h=10.0,n=30,start_thres=1.25",hub,0.25,100,29,40,1730,39,1,1,1729,0.975,0.0005780346820809,0.975,0.025,7.69506861269474
tfnbs,"e=1.5,h=0.5,n=30,start_thres=1.25",hub,0.25,100,29,40,1730,39,1,1,1729,0.975,0.0005780346820809,0.975,0.025,7.69506861269474
tfnbs,"e=1.5,h=1.0,n=30,start_thres=1.25",hub,0.25,100,29,40,1730,39,1,1,1729,0.975,0.0005780346820809,0.975,0.025,7.69506861269474
tfnbs,"e=1.5,h=2.0,n=30,start_thres=1.25",hub,0.25,100,29,40,1730,39,1,1,1729,0.975,0.0005780346820809,0.975,0.025,7.69506861269474
tfnbs,"e=1.5,h=3.0,n=30,start_thres=1.25",hub,0.25,100,29,40,1730,39,1,1,1729,0.975,0.0005780346820809,0.975,0.025,7.69506861269474
tfnbs,"e=1.5,h=4.0,n=30,start_thres=1.25",hub,0.25,100,29,40,1730,39,1,1,1729,0.975,0.0005780346820809,0.975,0.025,7.69506861269474
tfnbs,"e=1.5,h=5.0,n=30,start_thres=1.25",hub,0.25,100,29,40,1730,39,1,1,1729,0.975,0.0005780346820809,0.975,0.025,7.69506861269474
tfnbs,"e=1.5,h=6.0,n=30,start_thres=1.25",hub,0.25,100,29,40,1730,39,3,1,1727,0.975,0.0017341040462427,0.9285714285714286,0.0714285714285714,7.69506861269474
tfnbs,"e=1.5,h=7.0,n=30,start_thres=1.25",hub,0.25,100,29,40,1730,39,3,1,1727,0.975,0.0017341040462427,0.9285714285714286,0.0714285714285714,7.69506861269474
tfnbs,"e=1.5,h=8.0,n=30,start_thres=1.25",hub,0.25,100,29,40,1730,39,1,1,1729,0.975,0.0005780346820809,0.975,0.025,7.69506861269474
tfnbs,"e=1.5,h=9.0,n=30,start_thres=1.25",hub,0.25,100,29,40,1730,39,1,1,1729,0.975,0.0005780346820809,0.975,0.025,7.69506861269474
tfnbs,"e=1.5,h=10.0,n=30,start_thres=1.25",hub,0.25,100,29,40,1730,39,1,1,1729,0.975,0.0005780346820809,0.975,0.025,7.69506861269474
tfnbs,"e=0.05,h=0.5,n=30,start_thres=1.25",hub,0.25,100,8,40,1730,23,0,17,1730,0.575,0.0,1.0,0.0,7.733721115372398
tfnbs,"e=0.05,h=1.0,n=30,start_thres=1.25",hub,0.25,100,8,40,1730,23,0,17,1730,0.575,0.0,1.0,0.0,7.733721115372398
tfnbs,"e=0.05,h=2.0,n=30,start_thres=1.25",hub,0.25,100,8,40,1730,23,0,17,1730,0.575,0.0,1.0,0.0,7.733721115372398
tfnbs,"e=0.05,h=3.0,n=30,start_thres=1.25",hub,0.25,100,8,40,1730,23,0,17,1730,0.575,0.0,1.0,0.0,7.733721115372398
tfnbs,"e=0.05,h=4.0,n=30,start_thres=1.25",hub,0.25,100,8,40,1730,23,0,17,1730,0.575,0.0,1.0,0.0,7.733721115372398
tfnbs,"e=0.05,h=5.0,n=30,start_thres=1.25",hub,0.25,100,8,40,1730,23,0,17,1730,0.575,0.0,1.0,0.0,7.733721115372398
tfnbs,"e=0.05,h=6.0,n=30,start_thres=1.25",hub,0.25,100,8,40,1730,23,0,17,1730,0.575,0.0,1.0,0.0,7.733721115372398
tfnbs,"e=0.05,h=7.0,n=30,start_thres=1.25",hub,0.25,100,8,40,1730,23,0,17,1730,0.575,0.0,1.0,0.0,7.733721115372398
tfnbs,"e=0.05,h=8.0,n=30,start_thres=1.25",hub,0.25,100,8,40,1730,23,0,17,1730,0.575,0.0,1.0,0.0,7.733721115372398
tfnbs,"e=0.05,h=9.0,n=30,start_thres=1.25",hub,0.25,100,8,40,1730,23,0,17,1730,0.575,0.0,1.0,0.0,7.733721115372398
tfnbs,"e=0.05,h=10.0,n=30,start_thres=1.25",hub,0.25,100,8,40,1730,21,0,19,1730,0.525,0.0,1.0,0.0,7.733721115372398
tfnbs,"e=0.1,h=0.5,n=30,start_thres=1.25",hub,0.25,100,8,40,1730,23,0,17,1730,0.575,0.0,1.0,0.0,7.733721115372398
tfnbs,"e=0.1,h=1.0,n=30,start_thres=1.25",hub,0.25,100,8,40,1730,23,0,17,1730,0.575,0.0,1.0,0.0,7.733721115372398
tfnbs,"e=0.1,h=2.0,n=30,start_thres=1.25",hub,0.25,100,8,40,1730,23,0,17,1730,0.575,0.0,1.0,0.0,7.733721115372398
tfnbs,"e=0.1,h=3.0,n=30,start_thres=1.25",hub,0.25,100,8,40,1730,23,0,17,1730,0.575,0.0,1.0,0.0,7.733721115372398
tfnbs,"e=0.1,h=4.0,n=30,start_thres=1.25",hub,0.25,100,8,40,1730,23,0,17,1730,0.575,0.0,1.0,0.0,7.733721115372398
tfnbs,"e=0.1,h=5.0,n=30,start_thres=1.25",hub,0.25,100,8,40,1730,23,0,17,1730,0.575,0.0,1.0,0.0,7.733721115372398
tfnbs,"e=0.1,h=6.0,n=30,start_thres=1.25",hub,0.25,100,8,40,1730,23,0,17,1730,0.575,0.0,1.0,0.0,7.733721115372398
tfnbs,"e=0.1,h=7.0,n=30,start_thres=1.25",hub,0.25,100,8,40,1730,23,0,17,1730,0.575,0.0,1.0,0.0,7.733721115372398
tfnbs,"e=0.1,h=8.0,n=30,start_thres=1.25",hub,0.25,100,8,40,1730,23,0,17,1730,0.575,0.0,1.0,0.0,7.733721115372398
tfnbs,"e=0.1,h=9.0,n=30,start_thres=1.25",hub,0.25,100,8,40,1730,23,0,17,1730,0.575,0.0,1.0,0.0,7.733721115372398
tfnbs,"e=0.1,h=10.0,n=30,start_thres=1.25",hub,0.25,100,8,40,1730,23,0,17,1730,0.575,0.0,1.0,0.0,7.733721115372398
tfnbs,"e=0.2,h=0.5,n=30,start_thres=1.25",hub,0.25,100,8,40,1730,28,1,12,1729,0.7,0.0005780346820809,0.9655172413793104,0.0344827586206896,7.733721115372398
tfnbs,"e=0.2,h=1.0,n=30,start_thres=1.25",hub,0.25,100,8,40,1730,28,1,12,1729,0.7,0.0005780346820809,0.9655172413793104,0.0344827586206896,7.733721115372398
tfnbs,"e=0.2,h=2.0,n=30,start_thres=1.25",hub,0.25,100,8,40,1730,24,0,16,1730,0.6,0.0,1.0,0.0,7.733721115372398
tfnbs,"e=0.2,h=3.0,n=30,start_thres=1.25",hub,0.25,100,8,40,1730,24,0,16,1730,0.6,0.0,1.0,0.0,7.733721115372398
tfnbs,"e=0.2,h=4.0,n=30,start_thres=1.25",hub,0.25,100,8,40,1730,23,0,17,1730,0.575,0.0,1.0,0.0,7.733721115372398
tfnbs,"e=0.2,h=5.0,n=30,start_thres=1.25",hub,0.25,100,8,40,1730,23,0,17,1730,0.575,0.0,1.0,0.0,7.733721115372398
tfnbs,"e=0.2,h=6.0,n=30,start_thres=1.25",hub,0.25,100,8,40,1730,23,0,17,1730,0.575,0.0,1.0,0.0,7.733721115372398
tfnbs,"e=0.2,h=7.0,n=30,start_thres=1.25",hub,0.25,100,8,40,1730,23,0,17,1730,0.575,0.0,1.0,0.0,7.733721115372398
tfnbs,"e=0.2,h=8.0,n=30,start_thres=1.25",hub,0.25,100,8,40,1730,23,0,17,1730,0.575,0.0,1.0,0.0,7.733721115372398
tfnbs,"e=0.2,h=9.0,n=30,start_thres=1.25",hub,0.25,100,8,40,1730,23,0,17,1730,0.575,0.0,1.0,0.0,7.733721115372398
tfnbs,"e=0.2,h=10.0,n=30,start_thres=1.25",hub,0.25,100,8,40,1730,23,0,17,1730,0.575,0.0,1.0,0.0,7.733721115372398
tfnbs,"e=0.3,h=0.5,n=30,start_thres=1.25",hub,0.25,100,8,40,1730,30,1,10,1729,0.75,0.0005780346820809,0.967741935483871,0.032258064516129,7.733721115372398
tfnbs,"e=0.3,h=1.0,n=30,start_thres=1.25",hub,0.25,100,8,40,1730,30,1,10,1729,0.75,0.0005780346820809,0.967741935483871,0.032258064516129,7.733721115372398
tfnbs,"e=0.3,h=2.0,n=30,start_thres=1.25",hub,0.25,100,8,40,1730,30,1,10,1729,0.75,0.0005780346820809,0.967741935483871,0.032258064516129,7.733721115372398
tfnbs,"e=0.3,h=3.0,n=30,start_thres=1.25",hub,0.25,100,8,40,1730,28,1,12,1729,0.7,0.0005780346820809,0.9655172413793104,0.0344827586206896,7.733721115372398
tfnbs,"e=0.3,h=4.0,n=30,start_thres=1.25",hub,0.25,100,8,40,1730,28,1,12,1729,0.7,0.0005780346820809,0.9655172413793104,0.0344827586206896,7.733721115372398
tfnbs,"e=0.3,h=5.0,n=30,start_thres=1.25",hub,0.25,100,8,40,1730,24,0,16,1730,0.6,0.0,1.0,0.0,7.733721115372398
tfnbs,"e=0.3,h=6.0,n=30,start_thres=1.25",hub,0.25,100,8,40,1730,24,0,16,1730,0.6,0.0,1.0,0.0,7.733721115372398
tfnbs,"e=0.3,h=7.0,n=30,start_thres=1.25",hub,0.25,100,8,40,1730,24,0,16,1730,0.6,0.0,1.0,0.0,7.733721115372398
tfnbs,"e=0.3,h=8.0,n=30,start_thres=1.25",hub,0.25,100,8,40,1730,23,0,17,1730,0.575,0.0,1.0,0.0,7.733721115372398
tfnbs,"e=0.3,h=9.0,n=30,start_thres=1.25",hub,0.25,100,8,40,1730,23,0,17,1730,0.575,0.0,1.0,0.0,7.733721115372398
tfnbs,"e=0.3,h=10.0,n=30,start_thres=1.25",hub,0.25,100,8,40,1730,23,0,17,1730,0.575,0.0,1.0,0.0,7.733721115372398
tfnbs,"e=0.4,h=0.5,n=30,start_thres=1.25",hub,0.25,100,8,40,1730,33,1,7,1729,0.825,0.0005780346820809,0.9705882352941176,0.0294117647058823,7.733721115372398
tfnbs,"e=0.4,h=1.0,n=30,start_thres=1.25",hub,0.25,100,8,40,1730,33,1,7,1729,0.825,0.0005780346820809,0.9705882352941176,0.0294117647058823,7.733721115372398
tfnbs,"e=0.4,h=2.0,n=30,start_thres=1.25",hub,0.25,100,8,40,1730,33,1,7,1729,0.825,0.0005780346820809,0.9705882352941176,0.0294117647058823,7.733721115372398
tfnbs,"e=0.4,h=3.0,n=30,start_thres=1.25",hub,0.25,100,8,40,1730,30,1,10,1729,0.75,0.0005780346820809,0.967741935483871,0.032258064516129,7.733721115372398
tfnbs,"e=0.4,h=4.0,n=30,start_thres=1.25",hub,0.25,100,8,40,1730,30,1,10,1729,0.75,0.0005780346820809,0.967741935483871,0.032258064516129,7.733721115372398
tfnbs,"e=0.4,h=5.0,n=30,start_thres=1.25",hub,0.25,100,8,40,1730,28,1,12,1729,0.7,0.0005780346820809,0.9655172413793104,0.0344827586206896,7.733721115372398
tfnbs,"e=0.4,h=6.0,n=30,start_thres=1.25",hub,0.25,100,8,40,1730,28,1,12,1729,0.7,0.0005780346820809,0.9655172413793104,0.0344827586206896,7.733721115372398
tfnbs,"e=0.4,h=7.0,n=30,start_thres=1.25",hub,0.25,100,8,40,1730,24,0,16,1730,0.6,0.0,1.0,0.0,7.733721115372398
tfnbs,"e=0.4,h=8.0,n=30,start_thres=1.25",hub,0.25,100,8,40,1730,24,0,16,1730,0.6,0.0,1.0,0.0,7.733721115372398
tfnbs,"e=0.4,h=9.0,n=30,start_thres=1.25",hub,0.25,100,8,40,1730,24,0,16,1730,0.6,0.0,1.0,0.0,7.733721115372398
tfnbs,"e=0.4,h=10.0,n=30,start_thres=1.25",hub,0.25,100,8,40,1730,24,0,16,1730,0.6,0.0,1.0,0.0,7.733721115372398
tfnbs,"e=0.5,h=0.5,n=30,start_thres=1.25",hub,0.25,100,8,40,1730,34,2,6,1728,0.85,0.0011560693641618,0.9444444444444444,0.0555555555555555,7.733721115372398
tfnbs,"e=0.5,h=1.0,n=30,start_thres=1.25",hub,0.25,100,8,40,1730,33,1,7,1729,0.825,0.0005780346820809,0.9705882352941176,0.0294117647058823,7.733721115372398
tfnbs,"e=0.5,h=2.0,n=30,start_thres=1.25",hub,0.25,100,8,40,1730,33,1,7,1729,0.825,0.0005780346820809,0.9705882352941176,0.0294117647058823,7.733721115372398
tfnbs,"e=0.5,h=3.0,n=30,start_thres=1.25",hub,0.25,100,8,40,1730,33,1,7,1729,0.825,0.0005780346820809,0.9705882352941176,0.0294117647058823,7.733721115372398
tfnbs,"e=0.5,h=4.0,n=30,start_thres=1.25",hub,0.25,100,8,40,1730,30,1,10,1729,0.75,0.0005780346820809,0.967741935483871,0.032258064516129,7.733721115372398
tfnbs,"e=0.5,h=5.0,n=30,start_thres=1.25",hub,0.25,100,8,40,1730,30,1,10,1729,0.75,0.0005780346820809,0.967741935483871,0.032258064516129,7.733721115372398
tfnbs,"e=0.5,h=6.0,n=30,start_thres=1.25",hub,0.25,100,8,40,1730,28,1,12,1729,0.7,0.0005780346820809,0.9655172413793104,0.0344827586206896,7.733721115372398
tfnbs,"e=0.5,h=7.0,n=30,start_thres=1.25",hub,0.25,100,8,40,1730,28,1,12,1729,0.7,0.0005780346820809,0.9655172413793104,0.0344827586206896,7.733721115372398
tfnbs,"e=0.5,h=8.0,n=30,start_thres=1.25",hub,0.25,100,8,40,1730,28,1,12,1729,0.7,0.0005780346820809,0.9655172413793104,0.0344827586206896,7.733721115372398
tfnbs,"e=0.5,h=9.0,n=30,start_thres=1.25",hub,0.25,100,8,40,1730,24,0,16,1730,0.6,0.0,1.0,0.0,7.733721115372398
tfnbs,"e=0.5,h=10.0,n=30,start_thres=1.25",hub,0.25,100,8,40,1730,24,0,16,1730,0.6,0.0,1.0,0.0,7.733721115372398
tfnbs,"e=0.6,h=0.5,n=30,start_thres=1.25",hub,0.25,100,8,40,1730,34,2,6,1728,0.85,0.0011560693641618,0.9444444444444444,0.0555555555555555,7.733721115372398
tfnbs,"e=0.6,h=1.0,n=30,start_thres=1.25",hub,0.25,100,8,40,1730,34,2,6,1728,0.85,0.0011560693641618,0.9444444444444444,0.0555555555555555,7.733721115372398
tfnbs,"e=0.6,h=2.0,n=30,start_thres=1.25",hub,0.25,100,8,40,1730,34,2,6,1728,0.85,0.0011560693641618,0.9444444444444444,0.0555555555555555,7.733721115372398
tfnbs,"e=0.6,h=3.0,n=30,start_thres=1.25",hub,0.25,100,8,40,1730,34,2,6,1728,0.85,0.0011560693641618,0.9444444444444444,0.0555555555555555,7.733721115372398
tfnbs,"e=0.6,h=4.0,n=30,start_thres=1.25",hub,0.25,100,8,40,1730,33,1,7,1729,0.825,0.0005780346820809,0.9705882352941176,0.0294117647058823,7.733721115372398
tfnbs,"e=0.6,h=5.0,n=30,start_thres=1.25",hub,0.25,100,8,40,1730,33,1,7,1729,0.825,0.0005780346820809,0.9705882352941176,0.0294117647058823,7.733721115372398
tfnbs,"e=0.6,h=6.0,n=30,start_thres=1.25",hub,0.25,100,8,40,1730,30,1,10,1729,0.75,0.0005780346820809,0.967741935483871,0.032258064516129,7.733721115372398
tfnbs,"e=0.6,h=7.0,n=30,start_thres=1.25",hub,0.25,100,8,40,1730,30,1,10,1729,0.75,0.0005780346820809,0.967741935483871,0.032258064516129,7.733721115372398
tfnbs,"e=0.6,h=8.0,n=30,start_thres=1.25",hub,0.25,100,8,40,1730,28,1,12,1729,0.7,0.0005780346820809,0.9655172413793104,0.0344827586206896,7.733721115372398
tfnbs,"e=0.6,h=9.0,n=30,start_thres=1.25",hub,0.25,100,8,40,1730,28,1,12,1729,0.7,0.0005780346820809,0.9655172413793104,0.0344827586206896,7.733721115372398
tfnbs,"e=0.6,h=10.0,n=30,start_thres=1.25",hub,0.25,100,8,40,1730,28,1,12,1729,0.7,0.0005780346820809,0.9655172413793104,0.0344827586206896,7.733721115372398
tfnbs,"e=0.7,h=0.5,n=30,start_thres=1.25",hub,0.25,100,8,40,1730,34,2,6,1728,0.85,0.0011560693641618,0.9444444444444444,0.0555555555555555,7.733721115372398
tfnbs,"e=0.7,h=1.0,n=30,start_thres=1.25",hub,0.25,100,8,40,1730,34,2,6,1728,0.85,0.0011560693641618,0.9444444444444444,0.0555555555555555,7.733721115372398
tfnbs,"e=0.7,h=2.0,n=30,start_thres=1.25",hub,0.25,100,8,40,1730,34,2,6,1728,0.85,0.0011560693641618,0.9444444444444444,0.0555555555555555,7.733721115372398
tfnbs,"e=0.7,h=3.0,n=30,start_thres=1.25",hub,0.25,100,8,40,1730,34,2,6,1728,0.85,0.0011560693641618,0.9444444444444444,0.0555555555555555,7.733721115372398
tfnbs,"e=0.7,h=4.0,n=30,start_thres=1.25",hub,0.25,100,8,40,1730,34,2,6,1728,0.85,0.0011560693641618,0.9444444444444444,0.0555555555555555,7.733721115372398
tfnbs,"e=0.7,h=5.0,n=30,start_thres=1.25",hub,0.25,100,8,40,1730,33,1,7,1729,0.825,0.0005780346820809,0.9705882352941176,0.0294117647058823,7.733721115372398
tfnbs,"e=0.7,h=6.0,n=30,start_thres=1.25",hub,0.25,100,8,40,1730,33,1,7,1729,0.825,0.0005780346820809,0.9705882352941176,0.0294117647058823,7.733721115372398
tfnbs,"e=0.7,h=7.0,n=30,start_thres=1.25",hub,0.25,100,8,40,1730,30,1,10,1729,0.75,0.0005780346820809,0.967741935483871,0.032258064516129,7.733721115372398
tfnbs,"e=0.7,h=8.0,n=30,start_thres=1.25",hub,0.25,100,8,40,1730,30,1,10,1729,0.75,0.0005780346820809,0.967741935483871,0.032258064516129,7.733721115372398
tfnbs,"e=0.7,h=9.0,n=30,start_thres=1.25",hub,0.25,100,8,40,1730,30,1,10,1729,0.75,0.0005780346820809,0.967741935483871,0.032258064516129,7.733721115372398
tfnbs,"e=0.7,h=10.0,n=30,start_thres=1.25",hub,0.25,100,8,40,1730,28,1,12,1729,0.7,0.0005780346820809,0.9655172413793104,0.0344827586206896,7.733721115372398
tfnbs,"e=0.8,h=0.5,n=30,start_thres=1.25",hub,0.25,100,8,40,1730,34,2,6,1728,0.85,0.0011560693641618,0.9444444444444444,0.0555555555555555,7.733721115372398
tfnbs,"e=0.8,h=1.0,n=30,start_thres=1.25",hub,0.25,100,8,40,1730,36,4,4,1726,0.9,0.0023121387283236,0.9,0.1,7.733721115372398
tfnbs,"e=0.8,h=2.0,n=30,start_thres=1.25",hub,0.25,100,8,40,1730,36,4,4,1726,0.9,0.0023121387283236,0.9,0.1,7.733721115372398
tfnbs,"e=0.8,h=3.0,n=30,start_thres=1.25",hub,0.25,100,8,40,1730,34,2,6,1728,0.85,0.0011560693641618,0.9444444444444444,0.0555555555555555,7.733721115372398
tfnbs,"e=0.8,h=4.0,n=30,start_thres=1.25",hub,0.25,100,8,40,1730,34,2,6,1728,0.85,0.0011560693641618,0.9444444444444444,0.0555555555555555,7.733721115372398
tfnbs,"e=0.8,h=5.0,n=30,start_thres=1.25",hub,0.25,100,8,40,1730,34,2,6,1728,0.85,0.0011560693641618,0.9444444444444444,0.0555555555555555,7.733721115372398
tfnbs,"e=0.8,h=6.0,n=30,start_thres=1.25",hub,0.25,100,8,40,1730,34,2,6,1728,0.85,0.0011560693641618,0.9444444444444444,0.0555555555555555,7.733721115372398
tfnbs,"e=0.8,h=7.0,n=30,start_thres=1.25",hub,0.25,100,8,40,1730,33,1,7,1729,0.825,0.0005780346820809,0.9705882352941176,0.0294117647058823,7.733721115372398
tfnbs,"e=0.8,h=8.0,n=30,start_thres=1.25",hub,0.25,100,8,40,1730,33,1,7,1729,0.825,0.0005780346820809,0.9705882352941176,0.0294117647058823,7.733721115372398
tfnbs,"e=0.8,h=9.0,n=30,start_thres=1.25",hub,0.25,100,8,40,1730,30,1,10,1729,0.75,0.0005780346820809,0.967741935483871,0.032258064516129,7.733721115372398
tfnbs,"e=0.8,h=10.0,n=30,start_thres=1.25",hub,0.25,100,8,40,1730,30,1,10,1729,0.75,0.0005780346820809,0.967741935483871,0.032258064516129,7.733721115372398
tfnbs,"e=0.9,h=0.5,n=30,start_thres=1.25",hub,0.25,100,8,40,1730,36,4,4,1726,0.9,0.0023121387283236,0.9,0.1,7.733721115372398
tfnbs,"e=0.9,h=1.0,n=30,start_thres=1.25",hub,0.25,100,8,40,1730,36,4,4,1726,0.9,0.0023121387283236,0.9,0.1,7.733721115372398
tfnbs,"e=0.9,h=2.0,n=30,start_thres=1.25",hub,0.25,100,8,40,1730,36,4,4,1726,0.9,0.0023121387283236,0.9,0.1,7.733721115372398
tfnbs,"e=0.9,h=3.0,n=30,start_thres=1.25",hub,0.25,100,8,40,1730,36,4,4,1726,0.9,0.0023121387283236,0.9,0.1,7.733721115372398
tfnbs,"e=0.9,h=4.0,n=30,start_thres=1.25",hub,0.25,100,8,40,1730,34,2,6,1728,0.85,0.0011560693641618,0.9444444444444444,0.0555555555555555,7.733721115372398
tfnbs,"e=0.9,h=5.0,n=30,start_thres=1.25",hub,0.25,100,8,40,1730,34,2,6,1728,0.85,0.0011560693641618,0.9444444444444444,0.0555555555555555,7.733721115372398
tfnbs,"e=0.9,h=6.0,n=30,start_thres=1.25",hub,0.25,100,8,40,1730,34,2,6,1728,0.85,0.0011560693641618,0.9444444444444444,0.0555555555555555,7.733721115372398
tfnbs,"e=0.9,h=7.0,n=30,start_thres=1.25",hub,0.25,100,8,40,1730,34,2,6,1728,0.85,0.0011560693641618,0.9444444444444444,0.0555555555555555,7.733721115372398
tfnbs,"e=0.9,h=8.0,n=30,start_thres=1.25",hub,0.25,100,8,40,1730,33,1,7,1729,0.825,0.0005780346820809,0.9705882352941176,0.0294117647058823,7.733721115372398
tfnbs,"e=0.9,h=9.0,n=30,start_thres=1.25",hub,0.25,100,8,40,1730,33,1,7,1729,0.825,0.0005780346820809,0.9705882352941176,0.0294117647058823,7.733721115372398
tfnbs,"e=0.9,h=10.0,n=30,start_thres=1.25",hub,0.25,100,8,40,1730,30,1,10,1729,0.75,0.0005780346820809,0.967741935483871,0.032258064516129,7.733721115372398
tfnbs,"e=1.0,h=0.5,n=30,start_thres=1.25",hub,0.25,100,8,40,1730,36,4,4,1726,0.9,0.0023121387283236,0.9,0.1,7.733721115372398
tfnbs,"e=1.0,h=1.0,n=30,start_thres=1.25",hub,0.25,100,8,40,1730,36,4,4,1726,0.9,0.0023121387283236,0.9,0.1,7.733721115372398
tfnbs,"e=1.0,h=2.0,n=30,start_thres=1.25",hub,0.25,100,8,40,1730,36,4,4,1726,0.9,0.0023121387283236,0.9,0.1,7.733721115372398
tfnbs,"e=1.0,h=3.0,n=30,start_thres=1.25",hub,0.25,100,8,40,1730,36,4,4,1726,0.9,0.0023121387283236,0.9,0.1,7.733721115372398
tfnbs,"e=1.0,h=4.0,n=30,start_thres=1.25",hub,0.25,100,8,40,1730,36,4,4,1726,0.9,0.0023121387283236,0.9,0.1,7.733721115372398
tfnbs,"e=1.0,h=5.0,n=30,start_thres=1.25",hub,0.25,100,8,40,1730,36,4,4,1726,0.9,0.0023121387283236,0.9,0.1,7.733721115372398
tfnbs,"e=1.0,h=6.0,n=30,start_thres=1.25",hub,0.25,100,8,40,1730,34,2,6,1728,0.85,0.0011560693641618,0.9444444444444444,0.0555555555555555,7.733721115372398
tfnbs,"e=1.0,h=7.0,n=30,start_thres=1.25",hub,0.25,100,8,40,1730,34,2,6,1728,0.85,0.0011560693641618,0.9444444444444444,0.0555555555555555,7.733721115372398
tfnbs,"e=1.0,h=8.0,n=30,start_thres=1.25",hub,0.25,100,8,40,1730,34,2,6,1728,0.85,0.0011560693641618,0.9444444444444444,0.0555555555555555,7.733721115372398
tfnbs,"e=1.0,h=9.0,n=30,start_thres=1.25",hub,0.25,100,8,40,1730,33,1,7,1729,0.825,0.0005780346820809,0.9705882352941176,0.0294117647058823,7.733721115372398
tfnbs,"e=1.0,h=10.0,n=30,start_thres=1.25",hub,0.25,100,8,40,1730,33,1,7,1729,0.825,0.0005780346820809,0.9705882352941176,0.0294117647058823,7.733721115372398
tfnbs,"e=1.1,h=0.5,n=30,start_thres=1.25",hub,0.25,100,8,40,1730,36,4,4,1726,0.9,0.0023121387283236,0.9,0.1,7.733721115372398
tfnbs,"e=1.1,h=1.0,n=30,start_thres=1.25",hub,0.25,100,8,40,1730,36,4,4,1726,0.9,0.0023121387283236,0.9,0.1,7.733721115372398
tfnbs,"e=1.1,h=2.0,n=30,start_thres=1.25",hub,0.25,100,8,40,1730,36,4,4,1726,0.9,0.0023121387283236,0.9,0.1,7.733721115372398
tfnbs,"e=1.1,h=3.0,n=30,start_thres=1.25",hub,0.25,100,8,40,1730,36,4,4,1726,0.9,0.0023121387283236,0.9,0.1,7.733721115372398
tfnbs,"e=1.1,h=4.0,n=30,start_thres=1.25",hub,0.25,100,8,40,1730,36,4,4,1726,0.9,0.0023121387283236,0.9,0.1,7.733721115372398
tfnbs,"e=1.1,h=5.0,n=30,start_thres=1.25",hub,0.25,100,8,40,1730,36,4,4,1726,0.9,0.0023121387283236,0.9,0.1,7.733721115372398
tfnbs,"e=1.1,h=6.0,n=30,start_thres=1.25",hub,0.25,100,8,40,1730,36,4,4,1726,0.9,0.0023121387283236,0.9,0.1,7.733721115372398
tfnbs,"e=1.1,h=7.0,n=30,start_thres=1.25",hub,0.25,100,8,40,1730,34,2,6,1728,0.85,0.0011560693641618,0.9444444444444444,0.0555555555555555,7.733721115372398
tfnbs,"e=1.1,h=8.0,n=30,start_thres=1.25",hub,0.25,100,8,40,1730,34,2,6,1728,0.85,0.0011560693641618,0.9444444444444444,0.0555555555555555,7.733721115372398
tfnbs,"e=1.1,h=9.0,n=30,start_thres=1.25",hub,0.25,100,8,40,1730,34,2,6,1728,0.85,0.0011560693641618,0.9444444444444444,0.0555555555555555,7.733721115372398
tfnbs,"e=1.1,h=10.0,n=30,start_thres=1.25",hub,0.25,100,8,40,1730,33,1,7,1729,0.825,0.0005780346820809,0.9705882352941176,0.0294117647058823,7.733721115372398
tfnbs,"e=1.2,h=0.5,n=30,start_thres=1.25",hub,0.25,100,8,40,1730,36,4,4,1726,0.9,0.0023121387283236,0.9,0.1,7.733721115372398
tfnbs,"e=1.2,h=1.0,n=30,start_thres=1.25",hub,0.25,100,8,40,1730,36,4,4,1726,0.9,0.0023121387283236,0.9,0.1,7.733721115372398
tfnbs,"e=1.2,h=2.0,n=30,start_thres=1.25",hub,0.25,100,8,40,1730,36,4,4,1726,0.9,0.0023121387283236,0.9,0.1,7.733721115372398
tfnbs,"e=1.2,h=3.0,n=30,start_thres=1.25",hub,0.25,100,8,40,1730,36,4,4,1726,0.9,0.0023121387283236,0.9,0.1,7.733721115372398
tfnbs,"e=1.2,h=4.0,n=30,start_thres=1.25",hub,0.25,100,8,40,1730,36,4,4,1726,0.9,0.0023121387283236,0.9,0.1,7.733721115372398
tfnbs,"e=1.2,h=5.0,n=30,start_thres=1.25",hub,0.25,100,8,40,1730,36,4,4,1726,0.9,0.0023121387283236,0.9,0.1,7.733721115372398
tfnbs,"e=1.2,h=6.0,n=30,start_thres=1.25",hub,0.25,100,8,40,1730,36,4,4,1726,0.9,0.0023121387283236,0.9,0.1,7.733721115372398
tfnbs,"e=1.2,h=7.0,n=30,start_thres=1.25",hub,0.25,100,8,40,1730,36,4,4,1726,0.9,0.0023121387283236,0.9,0.1,7.733721115372398
tfnbs,"e=1.2,h=8.0,n=30,start_thres=1.25",hub,0.25,100,8,40,1730,36,4,4,1726,0.9,0.0023121387283236,0.9,0.1,7.733721115372398
tfnbs,"e=1.2,h=9.0,n=30,start_thres=1.25",hub,0.25,100,8,40,1730,34,2,6,1728,0.85,0.0011560693641618,0.9444444444444444,0.0555555555555555,7.733721115372398
tfnbs,"e=1.2,h=10.0,n=30,start_thres=1.25",hub,0.25,100,8,40,1730,34,2,6,1728,0.85,0.0011560693641618,0.9444444444444444,0.0555555555555555,7.733721115372398
tfnbs,"e=1.3,h=0.5,n=30,start_thres=1.25",hub,0.25,100,8,40,1730,34,2,6,1728,0.85,0.0011560693641618,0.9444444444444444,0.0555555555555555,7.733721115372398
tfnbs,"e=1.3,h=1.0,n=30,start_thres=1.25",hub,0.25,100,8,40,1730,36,4,4,1726,0.9,0.0023121387283236,0.9,0.1,7.733721115372398
tfnbs,"e=1.3,h=2.0,n=30,start_thres=1.25",hub,0.25,100,8,40,1730,36,4,4,1726,0.9,0.0023121387283236,0.9,0.1,7.733721115372398
tfnbs,"e=1.3,h=3.0,n=30,start_thres=1.25",hub,0.25,100,8,40,1730,36,4,4,1726,0.9,0.0023121387283236,0.9,0.1,7.733721115372398
tfnbs,"e=1.3,h=4.0,n=30,start_thres=1.25",hub,0.25,100,8,40,1730,36,4,4,1726,0.9,0.0023121387283236,0.9,0.1,7.733721115372398
tfnbs,"e=1.3,h=5.0,n=30,start_thres=1.25",hub,0.25,100,8,40,1730,36,4,4,1726,0.9,0.0023121387283236,0.9,0.1,7.733721115372398
tfnbs,"e=1.3,h=6.0,n=30,start_thres=1.25",hub,0.25,100,8,40,1730,36,4,4,1726,0.9,0.0023121387283236,0.9,0.1,7.733721115372398
tfnbs,"e=1.3,h=7.0,n=30,start_thres=1.25",hub,0.25,100,8,40,1730,36,4,4,1726,0.9,0.0023121387283236,0.9,0.1,7.733721115372398
tfnbs,"e=1.3,h=8.0,n=30,start_thres=1.25",hub,0.25,100,8,40,1730,36,4,4,1726,0.9,0.0023121387283236,0.9,0.1,7.733721115372398
tfnbs,"e=1.3,h=9.0,n=30,start_thres=1.25",hub,0.25,100,8,40,1730,36,4,4,1726,0.9,0.0023121387283236,0.9,0.1,7.733721115372398
tfnbs,"e=1.3,h=10.0,n=30,start_thres=1.25",hub,0.25,100,8,40,1730,34,2,6,1728,0.85,0.0011560693641618,0.9444444444444444,0.0555555555555555,7.733721115372398
tfnbs,"e=1.4,h=0.5,n=30,start_thres=1.25",hub,0.25,100,8,40,1730,34,2,6,1728,0.85,0.0011560693641618,0.9444444444444444,0.0555555555555555,7.733721115372398
tfnbs,"e=1.4,h=1.0,n=30,start_thres=1.25",hub,0.25,100,8,40,1730,36,4,4,1726,0.9,0.0023121387283236,0.9,0.1,7.733721115372398
tfnbs,"e=1.4,h=2.0,n=30,start_thres=1.25",hub,0.25,100,8,40,1730,36,4,4,1726,0.9,0.0023121387283236,0.9,0.1,7.733721115372398
tfnbs,"e=1.4,h=3.0,n=30,start_thres=1.25",hub,0.25,100,8,40,1730,36,4,4,1726,0.9,0.0023121387283236,0.9,0.1,7.733721115372398
tfnbs,"e=1.4,h=4.0,n=30,start_thres=1.25",hub,0.25,100,8,40,1730,36,4,4,1726,0.9,0.0023121387283236,0.9,0.1,7.733721115372398
tfnbs,"e=1.4,h=5.0,n=30,start_thres=1.25",hub,0.25,100,8,40,1730,36,4,4,1726,0.9,0.0023121387283236,0.9,0.1,7.733721115372398
tfnbs,"e=1.4,h=6.0,n=30,start_thres=1.25",hub,0.25,100,8,40,1730,36,4,4,1726,0.9,0.0023121387283236,0.9,0.1,7.733721115372398
tfnbs,"e=1.4,h=7.0,n=30,start_thres=1.25",hub,0.25,100,8,40,1730,36,4,4,1726,0.9,0.0023121387283236,0.9,0.1,7.733721115372398
tfnbs,"e=1.4,h=8.0,n=30,start_thres=1.25",hub,0.25,100,8,40,1730,36,4,4,1726,0.9,0.0023121387283236,0.9,0.1,7.733721115372398
tfnbs,"e=1.4,h=9.0,n=30,start_thres=1.25",hub,0.25,100,8,40,1730,36,4,4,1726,0.9,0.0023121387283236,0.9,0.1,7.733721115372398
tfnbs,"e=1.4,h=10.0,n=30,start_thres=1.25",hub,0.25,100,8,40,1730,36,4,4,1726,0.9,0.0023121387283236,0.9,0.1,7.733721115372398
tfnbs,"e=1.5,h=0.5,n=30,start_thres=1.25",hub,0.25,100,8,40,1730,34,2,6,1728,0.85,0.0011560693641618,0.9444444444444444,0.0555555555555555,7.733721115372398
tfnbs,"e=1.5,h=1.0,n=30,start_thres=1.25",hub,0.25,100,8,40,1730,34,2,6,1728,0.85,0.0011560693641618,0.9444444444444444,0.0555555555555555,7.733721115372398
tfnbs,"e=1.5,h=2.0,n=30,start_thres=1.25",hub,0.25,100,8,40,1730,36,4,4,1726,0.9,0.0023121387283236,0.9,0.1,7.733721115372398
tfnbs,"e=1.5,h=3.0,n=30,start_thres=1.25",hub,0.25,100,8,40,1730,36,4,4,1726,0.9,0.0023121387283236,0.9,0.1,7.733721115372398
tfnbs,"e=1.5,h=4.0,n=30,start_thres=1.25",hub,0.25,100,8,40,1730,36,4,4,1726,0.9,0.0023121387283236,0.9,0.1,7.733721115372398
tfnbs,"e=1.5,h=5.0,n=30,start_thres=1.25",hub,0.25,100,8,40,1730,38,4,2,1726,0.95,0.0023121387283236,0.9047619047619048,0.0952380952380952,7.733721115372398
tfnbs,"e=1.5,h=6.0,n=30,start_thres=1.25",hub,0.25,100,8,40,1730,38,4,2,1726,0.95,0.0023121387283236,0.9047619047619048,0.0952380952380952,7.733721115372398
tfnbs,"e=1.5,h=7.0,n=30,start_thres=1.25",hub,0.25,100,8,40,1730,36,4,4,1726,0.9,0.0023121387283236,0.9,0.1,7.733721115372398
tfnbs,"e=1.5,h=8.0,n=30,start_thres=1.25",hub,0.25,100,8,40,1730,36,4,4,1726,0.9,0.0023121387283236,0.9,0.1,7.733721115372398
tfnbs,"e=1.5,h=9.0,n=30,start_thres=1.25",hub,0.25,100,8,40,1730,36,4,4,1726,0.9,0.0023121387283236,0.9,0.1,7.733721115372398
tfnbs,"e=1.5,h=10.0,n=30,start_thres=1.25",hub,0.25,100,8,40,1730,36,4,4,1726,0.9,0.0023121387283236,0.9,0.1,7.733721115372398
nbs_extent,threshold=1.0,hub,0.25,100,9,40,1730,0,0,40,1730,0.0,0.0,0.0,0.0,24.08924531936645
nbs_extent,threshold=1.0,hub,0.25,100,10,40,1730,0,0,40,1730,0.0,0.0,0.0,0.0,22.193204164505005
nbs_extent,threshold=1.0,hub,0.25,100,11,40,1730,0,0,40,1730,0.0,0.0,0.0,0.0,24.52777862548828
tfnbs,"e=0.05,h=0.5,n=30,start_thres=1.25",hub,0.25,100,10,40,1730,27,0,13,1730,0.675,0.0,1.0,0.0,7.760713945735585
tfnbs,"e=0.05,h=1.0,n=30,start_thres=1.25",hub,0.25,100,10,40,1730,27,0,13,1730,0.675,0.0,1.0,0.0,7.760713945735585
tfnbs,"e=0.05,h=2.0,n=30,start_thres=1.25",hub,0.25,100,10,40,1730,27,0,13,1730,0.675,0.0,1.0,0.0,7.760713945735585
tfnbs,"e=0.05,h=3.0,n=30,start_thres=1.25",hub,0.25,100,10,40,1730,27,0,13,1730,0.675,0.0,1.0,0.0,7.760713945735585
tfnbs,"e=0.05,h=4.0,n=30,start_thres=1.25",hub,0.25,100,10,40,1730,27,0,13,1730,0.675,0.0,1.0,0.0,7.760713945735585
tfnbs,"e=0.05,h=5.0,n=30,start_thres=1.25",hub,0.25,100,10,40,1730,27,0,13,1730,0.675,0.0,1.0,0.0,7.760713945735585
tfnbs,"e=0.05,h=6.0,n=30,start_thres=1.25",hub,0.25,100,10,40,1730,27,0,13,1730,0.675,0.0,1.0,0.0,7.760713945735585
tfnbs,"e=0.05,h=7.0,n=30,start_thres=1.25",hub,0.25,100,10,40,1730,27,0,13,1730,0.675,0.0,1.0,0.0,7.760713945735585
tfnbs,"e=0.05,h=8.0,n=30,start_thres=1.25",hub,0.25,100,10,40,1730,27,0,13,1730,0.675,0.0,1.0,0.0,7.760713945735585
tfnbs,"e=0.05,h=9.0,n=30,start_thres=1.25",hub,0.25,100,10,40,1730,27,0,13,1730,0.675,0.0,1.0,0.0,7.760713945735585
tfnbs,"e=0.05,h=10.0,n=30,start_thres=1.25",hub,0.25,100,10,40,1730,27,0,13,1730,0.675,0.0,1.0,0.0,7.760713945735585
tfnbs,"e=0.1,h=0.5,n=30,start_thres=1.25",hub,0.25,100,10,40,1730,32,0,8,1730,0.8,0.0,1.0,0.0,7.760713945735585
tfnbs,"e=0.1,h=1.0,n=30,start_thres=1.25",hub,0.25,100,10,40,1730,32,0,8,1730,0.8,0.0,1.0,0.0,7.760713945735585
tfnbs,"e=0.1,h=2.0,n=30,start_thres=1.25",hub,0.25,100,10,40,1730,32,0,8,1730,0.8,0.0,1.0,0.0,7.760713945735585
tfnbs,"e=0.1,h=3.0,n=30,start_thres=1.25",hub,0.25,100,10,40,1730,32,0,8,1730,0.8,0.0,1.0,0.0,7.760713945735585
tfnbs,"e=0.1,h=4.0,n=30,start_thres=1.25",hub,0.25,100,10,40,1730,27,0,13,1730,0.675,0.0,1.0,0.0,7.760713945735585
tfnbs,"e=0.1,h=5.0,n=30,start_thres=1.25",hub,0.25,100,10,40,1730,27,0,13,1730,0.675,0.0,1.0,0.0,7.760713945735585
tfnbs,"e=0.1,h=6.0,n=30,start_thres=1.25",hub,0.25,100,10,40,1730,27,0,13,1730,0.675,0.0,1.0,0.0,7.760713945735585
tfnbs,"e=0.1,h=7.0,n=30,start_thres=1.25",hub,0.25,100,10,40,1730,27,0,13,1730,0.675,0.0,1.0,0.0,7.760713945735585
tfnbs,"e=0.1,h=8.0,n=30,start_thres=1.25",hub,0.25,100,10,40,1730,27,0,13,1730,0.675,0.0,1.0,0.0,7.760713945735585
tfnbs,"e=0.1,h=9.0,n=30,start_thres=1.25",hub,0.25,100,10,40,1730,27,0,13,1730,0.675,0.0,1.0,0.0,7.760713945735585
tfnbs,"e=0.1,h=10.0,n=30,start_thres=1.25",hub,0.25,100,10,40,1730,27,0,13,1730,0.675,0.0,1.0,0.0,7.760713945735585
tfnbs,"e=0.2,h=0.5,n=30,start_thres=1.25",hub,0.25,100,10,40,1730,37,1,3,1729,0.925,0.0005780346820809,0.9736842105263158,0.0263157894736842,7.760713945735585
tfnbs,"e=0.2,h=1.0,n=30,start_thres=1.25",hub,0.25,100,10,40,1730,37,1,3,1729,0.925,0.0005780346820809,0.9736842105263158,0.0263157894736842,7.760713945735585
tfnbs,"e=0.2,h=2.0,n=30,start_thres=1.25",hub,0.25,100,10,40,1730,37,0,3,1730,0.925,0.0,1.0,0.0,7.760713945735585
tfnbs,"e=0.2,h=3.0,n=30,start_thres=1.25",hub,0.25,100,10,40,1730,34,0,6,1730,0.85,0.0,1.0,0.0,7.760713945735585
tfnbs,"e=0.2,h=4.0,n=30,start_thres=1.25",hub,0.25,100,10,40,1730,34,0,6,1730,0.85,0.0,1.0,0.0,7.760713945735585
tfnbs,"e=0.2,h=5.0,n=30,start_thres=1.25",hub,0.25,100,10,40,1730,32,0,8,1730,0.8,0.0,1.0,0.0,7.760713945735585
tfnbs,"e=0.2,h=6.0,n=30,start_thres=1.25",hub,0.25,100,10,40,1730,32,0,8,1730,0.8,0.0,1.0,0.0,7.760713945735585
tfnbs,"e=0.2,h=7.0,n=30,start_thres=1.25",hub,0.25,100,10,40,1730,32,0,8,1730,0.8,0.0,1.0,0.0,7.760713945735585
tfnbs,"e=0.2,h=8.0,n=30,start_thres=1.25",hub,0.25,100,10,40,1730,32,0,8,1730,0.8,0.0,1.0,0.0,7.760713945735585
tfnbs,"e=0.2,h=9.0,n=30,start_thres=1.25",hub,0.25,100,10,40,1730,32,0,8,1730,0.8,0.0,1.0,0.0,7.760713945735585
tfnbs,"e=0.2,h=10.0,n=30,start_thres=1.25",hub,0.25,100,10,40,1730,32,0,8,1730,0.8,0.0,1.0,0.0,7.760713945735585
tfnbs,"e=0.3,h=0.5,n=30,start_thres=1.25",hub,0.25,100,10,40,1730,39,2,1,1728,0.975,0.0011560693641618,0.951219512195122,0.048780487804878,7.760713945735585
tfnbs,"e=0.3,h=1.0,n=30,start_thres=1.25",hub,0.25,100,10,40,1730,39,2,1,1728,0.975,0.0011560693641618,0.951219512195122,0.048780487804878,7.760713945735585
tfnbs,"e=0.3,h=2.0,n=30,start_thres=1.25",hub,0.25,100,10,40,1730,38,1,2,1729,0.95,0.0005780346820809,0.9743589743589745,0.0256410256410256,7.760713945735585
tfnbs,"e=0.3,h=3.0,n=30,start_thres=1.25",hub,0.25,100,10,40,1730,37,1,3,1729,0.925,0.0005780346820809,0.9736842105263158,0.0263157894736842,7.760713945735585
tfnbs,"e=0.3,h=4.0,n=30,start_thres=1.25",hub,0.25,100,10,40,1730,37,0,3,1730,0.925,0.0,1.0,0.0,7.760713945735585
tfnbs,"e=0.3,h=5.0,n=30,start_thres=1.25",hub,0.25,100,10,40,1730,34,0,6,1730,0.85,0.0,1.0,0.0,7.760713945735585
tfnbs,"e=0.3,h=6.0,n=30,start_thres=1.25",hub,0.25,100,10,40,1730,34,0,6,1730,0.85,0.0,1.0,0.0,7.760713945735585
tfnbs,"e=0.3,h=7.0,n=30,start_thres=1.25",hub,0.25,100,10,40,1730,34,0,6,1730,0.85,0.0,1.0,0.0,7.760713945735585
tfnbs,"e=0.3,h=8.0,n=30,start_thres=1.25",hub,0.25,100,10,40,1730,32,0,8,1730,0.8,0.0,1.0,0.0,7.760713945735585
tfnbs,"e=0.3,h=9.0,n=30,start_thres=1.25",hub,0.25,100,10,40,1730,32,0,8,1730,0.8,0.0,1.0,0.0,7.760713945735585
tfnbs,"e=0.3,h=10.0,n=30,start_thres=1.25",hub,0.25,100,10,40,1730,32,0,8,1730,0.8,0.0,1.0,0.0,7.760713945735585
tfnbs,"e=0.4,h=0.5,n=30,start_thres=1.25",hub,0.25,100,10,40,1730,40,6,0,1724,1.0,0.0034682080924855,0.8695652173913043,0.1304347826086956,7.760713945735585
tfnbs,"e=0.4,h=1.0,n=30,start_thres=1.25",hub,0.25,100,10,40,1730,40,6,0,1724,1.0,0.0034682080924855,0.8695652173913043,0.1304347826086956,7.760713945735585
tfnbs,"e=0.4,h=2.0,n=30,start_thres=1.25",hub,0.25,100,10,40,1730,39,2,1,1728,0.975,0.0011560693641618,0.951219512195122,0.048780487804878,7.760713945735585
tfnbs,"e=0.4,h=3.0,n=30,start_thres=1.25",hub,0.25,100,10,40,1730,39,2,1,1728,0.975,0.0011560693641618,0.951219512195122,0.048780487804878,7.760713945735585
tfnbs,"e=0.4,h=4.0,n=30,start_thres=1.25",hub,0.25,100,10,40,1730,38,1,2,1729,0.95,0.0005780346820809,0.9743589743589745,0.0256410256410256,7.760713945735585
tfnbs,"e=0.4,h=5.0,n=30,start_thres=1.25",hub,0.25,100,10,40,1730,37,0,3,1730,0.925,0.0,1.0,0.0,7.760713945735585
tfnbs,"e=0.4,h=6.0,n=30,start_thres=1.25",hub,0.25,100,10,40,1730,37,0,3,1730,0.925,0.0,1.0,0.0,7.760713945735585
tfnbs,"e=0.4,h=7.0,n=30,start_thres=1.25",hub,0.25,100,10,40,1730,37,0,3,1730,0.925,0.0,1.0,0.0,7.760713945735585
tfnbs,"e=0.4,h=8.0,n=30,start_thres=1.25",hub,0.25,100,10,40,1730,34,0,6,1730,0.85,0.0,1.0,0.0,7.760713945735585
tfnbs,"e=0.4,h=9.0,n=30,start_thres=1.25",hub,0.25,100,10,40,1730,34,0,6,1730,0.85,0.0,1.0,0.0,7.760713945735585
tfnbs,"e=0.4,h=10.0,n=30,start_thres=1.25",hub,0.25,100,10,40,1730,34,0,6,1730,0.85,0.0,1.0,0.0,7.760713945735585
tfnbs,"e=0.5,h=0.5,n=30,start_thres=1.25",hub,0.25,100,10,40,1730,40,19,0,1711,1.0,0.0109826589595375,0.6779661016949152,0.3220338983050847,7.760713945735585
tfnbs,"e=0.5,h=1.0,n=30,start_thres=1.25",hub,0.25,100,10,40,1730,40,6,0,1724,1.0,0.0034682080924855,0.8695652173913043,0.1304347826086956,7.760713945735585
tfnbs,"e=0.5,h=2.0,n=30,start_thres=1.25",hub,0.25,100,10,40,1730,40,6,0,1724,1.0,0.0034682080924855,0.8695652173913043,0.1304347826086956,7.760713945735585
tfnbs,"e=0.5,h=3.0,n=30,start_thres=1.25",hub,0.25,100,10,40,1730,40,6,0,1724,1.0,0.0034682080924855,0.8695652173913043,0.1304347826086956,7.760713945735585
tfnbs,"e=0.5,h=4.0,n=30,start_thres=1.25",hub,0.25,100,10,40,1730,39,2,1,1728,0.975,0.0011560693641618,0.951219512195122,0.048780487804878,7.760713945735585
tfnbs,"e=0.5,h=5.0,n=30,start_thres=1.25",hub,0.25,100,10,40,1730,38,1,2,1729,0.95,0.0005780346820809,0.9743589743589745,0.0256410256410256,7.760713945735585
tfnbs,"e=0.5,h=6.0,n=30,start_thres=1.25",hub,0.25,100,10,40,1730,38,1,2,1729,0.95,0.0005780346820809,0.9743589743589745,0.0256410256410256,7.760713945735585
tfnbs,"e=0.5,h=7.0,n=30,start_thres=1.25",hub,0.25,100,10,40,1730,37,0,3,1730,0.925,0.0,1.0,0.0,7.760713945735585
tfnbs,"e=0.5,h=8.0,n=30,start_thres=1.25",hub,0.25,100,10,40,1730,37,0,3,1730,0.925,0.0,1.0,0.0,7.760713945735585
tfnbs,"e=0.5,h=9.0,n=30,start_thres=1.25",hub,0.25,100,10,40,1730,37,0,3,1730,0.925,0.0,1.0,0.0,7.760713945735585
tfnbs,"e=0.5,h=10.0,n=30,start_thres=1.25",hub,0.25,100,10,40,1730,34,0,6,1730,0.85,0.0,1.0,0.0,7.760713945735585
tfnbs,"e=0.6,h=0.5,n=30,start_thres=1.25",hub,0.25,100,10,40,1730,40,19,0,1711,1.0,0.0109826589595375,0.6779661016949152,0.3220338983050847,7.760713945735585
tfnbs,"e=0.6,h=1.0,n=30,start_thres=1.25",hub,0.25,100,10,40,1730,40,19,0,1711,1.0,0.0109826589595375,0.6779661016949152,0.3220338983050847,7.760713945735585
tfnbs,"e=0.6,h=2.0,n=30,start_thres=1.25",hub,0.25,100,10,40,1730,40,19,0,1711,1.0,0.0109826589595375,0.6779661016949152,0.3220338983050847,7.760713945735585
tfnbs,"e=0.6,h=3.0,n=30,start_thres=1.25",hub,0.25,100,10,40,1730,40,6,0,1724,1.0,0.0034682080924855,0.8695652173913043,0.1304347826086956,7.760713945735585
tfnbs,"e=0.6,h=4.0,n=30,start_thres=1.25",hub,0.25,100,10,40,1730,40,6,0,1724,1.0,0.0034682080924855,0.8695652173913043,0.1304347826086956,7.760713945735585
tfnbs,"e=0.6,h=5.0,n=30,start_thres=1.25",hub,0.25,100,10,40,1730,39,2,1,1728,0.975,0.0011560693641618,0.951219512195122,0.048780487804878,7.760713945735585
tfnbs,"e=0.6,h=6.0,n=30,start_thres=1.25",hub,0.25,100,10,40,1730,39,2,1,1728,0.975,0.0011560693641618,0.951219512195122,0.048780487804878,7.760713945735585
tfnbs,"e=0.6,h=7.0,n=30,start_thres=1.25",hub,0.25,100,10,40,1730,38,1,2,1729,0.95,0.0005780346820809,0.9743589743589745,0.0256410256410256,7.760713945735585
tfnbs,"e=0.6,h=8.0,n=30,start_thres=1.25",hub,0.25,100,10,40,1730,38,0,2,1730,0.95,0.0,1.0,0.0,7.760713945735585
tfnbs,"e=0.6,h=9.0,n=30,start_thres=1.25",hub,0.25,100,10,40,1730,37,0,3,1730,0.925,0.0,1.0,0.0,7.760713945735585
tfnbs,"e=0.6,h=10.0,n=30,start_thres=1.25",hub,0.25,100,10,40,1730,37,0,3,1730,0.925,0.0,1.0,0.0,7.760713945735585
tfnbs,"e=0.7,h=0.5,n=30,start_thres=1.25",hub,0.25,100,10,40,1730,40,31,0,1699,1.0,0.0179190751445086,0.5633802816901409,0.4366197183098591,7.760713945735585
tfnbs,"e=0.7,h=1.0,n=30,start_thres=1.25",hub,0.25,100,10,40,1730,40,31,0,1699,1.0,0.0179190751445086,0.5633802816901409,0.4366197183098591,7.760713945735585
tfnbs,"e=0.7,h=2.0,n=30,start_thres=1.25",hub,0.25,100,10,40,1730,40,19,0,1711,1.0,0.0109826589595375,0.6779661016949152,0.3220338983050847,7.760713945735585
tfnbs,"e=0.7,h=3.0,n=30,start_thres=1.25",hub,0.25,100,10,40,1730,40,19,0,1711,1.0,0.0109826589595375,0.6779661016949152,0.3220338983050847,7.760713945735585
tfnbs,"e=0.7,h=4.0,n=30,start_thres=1.25",hub,0.25,100,10,40,1730,40,19,0,1711,1.0,0.0109826589595375,0.6779661016949152,0.3220338983050847,7.760713945735585
tfnbs,"e=0.7,h=5.0,n=30,start_thres=1.25",hub,0.25,100,10,40,1730,40,6,0,1724,1.0,0.0034682080924855,0.8695652173913043,0.1304347826086956,7.760713945735585
tfnbs,"e=0.7,h=6.0,n=30,start_thres=1.25",hub,0.25,100,10,40,1730,39,2,1,1728,0.975,0.0011560693641618,0.951219512195122,0.048780487804878,7.760713945735585
tfnbs,"e=0.7,h=7.0,n=30,start_thres=1.25",hub,0.25,100,10,40,1730,39,2,1,1728,0.975,0.0011560693641618,0.951219512195122,0.048780487804878,7.760713945735585
tfnbs,"e=0.7,h=8.0,n=30,start_thres=1.25",hub,0.25,100,10,40,1730,38,1,2,1729,0.95,0.0005780346820809,0.9743589743589745,0.0256410256410256,7.760713945735585
tfnbs,"e=0.7,h=9.0,n=30,start_thres=1.25",hub,0.25,100,10,40,1730,38,0,2,1730,0.95,0.0,1.0,0.0,7.760713945735585
tfnbs,"e=0.7,h=10.0,n=30,start_thres=1.25",hub,0.25,100,10,40,1730,38,0,2,1730,0.95,0.0,1.0,0.0,7.760713945735585
tfnbs,"e=0.8,h=0.5,n=30,start_thres=1.25",hub,0.25,100,10,40,1730,40,31,0,1699,1.0,0.0179190751445086,0.5633802816901409,0.4366197183098591,7.760713945735585
tfnbs,"e=0.8,h=1.0,n=30,start_thres=1.25",hub,0.25,100,10,40,1730,40,31,0,1699,1.0,0.0179190751445086,0.5633802816901409,0.4366197183098591,7.760713945735585
tfnbs,"e=0.8,h=2.0,n=30,start_thres=1.25",hub,0.25,100,10,40,1730,40,31,0,1699,1.0,0.0179190751445086,0.5633802816901409,0.4366197183098591,7.760713945735585
tfnbs,"e=0.8,h=3.0,n=30,start_thres=1.25",hub,0.25,100,10,40,1730,40,19,0,1711,1.0,0.0109826589595375,0.6779661016949152,0.3220338983050847,7.760713945735585
tfnbs,"e=0.8,h=4.0,n=30,start_thres=1.25",hub,0.25,100,10,40,1730,40,19,0,1711,1.0,0.0109826589595375,0.6779661016949152,0.3220338983050847,7.760713945735585
tfnbs,"e=0.8,h=5.0,n=30,start_thres=1.25",hub,0.25,100,10,40,1730,40,19,0,1711,1.0,0.0109826589595375,0.6779661016949152,0.3220338983050847,7.760713945735585
tfnbs,"e=0.8,h=6.0,n=30,start_thres=1.25",hub,0.25,100,10,40,1730,40,6,0,1724,1.0,0.0034682080924855,0.8695652173913043,0.1304347826086956,7.760713945735585
tfnbs,"e=0.8,h=7.0,n=30,start_thres=1.25",hub,0.25,100,10,40,1730,40,6,0,1724,1.0,0.0034682080924855,0.8695652173913043,0.1304347826086956,7.760713945735585
tfnbs,"e=0.8,h=8.0,n=30,start_thres=1.25",hub,0.25,100,10,40,1730,39,2,1,1728,0.975,0.0011560693641618,0.951219512195122,0.048780487804878,7.760713945735585
tfnbs,"e=0.8,h=9.0,n=30,start_thres=1.25",hub,0.25,100,10,40,1730,39,2,1,1728,0.975,0.0011560693641618,0.951219512195122,0.048780487804878,7.760713945735585
tfnbs,"e=0.8,h=10.0,n=30,start_thres=1.25",hub,0.25,100,10,40,1730,38,1,2,1729,0.95,0.0005780346820809,0.9743589743589745,0.0256410256410256,7.760713945735585
tfnbs,"e=0.9,h=0.5,n=30,start_thres=1.25",hub,0.25,100,10,40,1730,40,31,0,1699,1.0,0.0179190751445086,0.5633802816901409,0.4366197183098591,7.760713945735585
tfnbs,"e=0.9,h=1.0,n=30,start_thres=1.25",hub,0.25,100,10,40,1730,40,31,0,1699,1.0,0.0179190751445086,0.5633802816901409,0.4366197183098591,7.760713945735585
tfnbs,"e=0.9,h=2.0,n=30,start_thres=1.25",hub,0.25,100,10,40,1730,40,31,0,1699,1.0,0.0179190751445086,0.5633802816901409,0.4366197183098591,7.760713945735585
tfnbs,"e=0.9,h=3.0,n=30,start_thres=1.25",hub,0.25,100,10,40,1730,40,31,0,1699,1.0,0.0179190751445086,0.5633802816901409,0.4366197183098591,7.760713945735585
tfnbs,"e=0.9,h=4.0,n=30,start_thres=1.25",hub,0.25,100,10,40,1730,40,31,0,1699,1.0,0.0179190751445086,0.5633802816901409,0.4366197183098591,7.760713945735585
tfnbs,"e=0.9,h=5.0,n=30,start_thres=1.25",hub,0.25,100,10,40,1730,40,19,0,1711,1.0,0.0109826589595375,0.6779661016949152,0.3220338983050847,7.760713945735585
tfnbs,"e=0.9,h=6.0,n=30,start_thres=1.25",hub,0.25,100,10,40,1730,40,19,0,1711,1.0,0.0109826589595375,0.6779661016949152,0.3220338983050847,7.760713945735585
tfnbs,"e=0.9,h=7.0,n=30,start_thres=1.25",hub,0.25,100,10,40,1730,40,6,0,1724,1.0,0.0034682080924855,0.8695652173913043,0.1304347826086956,7.760713945735585
tfnbs,"e=0.9,h=8.0,n=30,start_thres=1.25",hub,0.25,100,10,40,1730,40,6,0,1724,1.0,0.0034682080924855,0.8695652173913043,0.1304347826086956,7.760713945735585
tfnbs,"e=0.9,h=9.0,n=30,start_thres=1.25",hub,0.25,100,10,40,1730,39,2,1,1728,0.975,0.0011560693641618,0.951219512195122,0.048780487804878,7.760713945735585
tfnbs,"e=0.9,h=10.0,n=30,start_thres=1.25",hub,0.25,100,10,40,1730,39,2,1,1728,0.975,0.0011560693641618,0.951219512195122,0.048780487804878,7.760713945735585
tfnbs,"e=1.0,h=0.5,n=30,start_thres=1.25",hub,0.25,100,10,40,1730,40,45,0,1685,1.0,0.0260115606936416,0.4705882352941176,0.5294117647058824,7.760713945735585
tfnbs,"e=1.0,h=1.0,n=30,start_thres=1.25",hub,0.25,100,10,40,1730,40,31,0,1699,1.0,0.0179190751445086,0.5633802816901409,0.4366197183098591,7.760713945735585
tfnbs,"e=1.0,h=2.0,n=30,start_thres=1.25",hub,0.25,100,10,40,1730,40,31,0,1699,1.0,0.0179190751445086,0.5633802816901409,0.4366197183098591,7.760713945735585
tfnbs,"e=1.0,h=3.0,n=30,start_thres=1.25",hub,0.25,100,10,40,1730,40,31,0,1699,1.0,0.0179190751445086,0.5633802816901409,0.4366197183098591,7.760713945735585
tfnbs,"e=1.0,h=4.0,n=30,start_thres=1.25",hub,0.25,100,10,40,1730,40,31,0,1699,1.0,0.0179190751445086,0.5633802816901409,0.4366197183098591,7.760713945735585
tfnbs,"e=1.0,h=5.0,n=30,start_thres=1.25",hub,0.25,100,10,40,1730,40,31,0,1699,1.0,0.0179190751445086,0.5633802816901409,0.4366197183098591,7.760713945735585
tfnbs,"e=1.0,h=6.0,n=30,start_thres=1.25",hub,0.25,100,10,40,1730,40,19,0,1711,1.0,0.0109826589595375,0.6779661016949152,0.3220338983050847,7.760713945735585
tfnbs,"e=1.0,h=7.0,n=30,start_thres=1.25",hub,0.25,100,10,40,1730,40,19,0,1711,1.0,0.0109826589595375,0.6779661016949152,0.3220338983050847,7.760713945735585
tfnbs,"e=1.0,h=8.0,n=30,start_thres=1.25",hub,0.25,100,10,40,1730,40,6,0,1724,1.0,0.0034682080924855,0.8695652173913043,0.1304347826086956,7.760713945735585
tfnbs,"e=1.0,h=9.0,n=30,start_thres=1.25",hub,0.25,100,10,40,1730,40,6,0,1724,1.0,0.0034682080924855,0.8695652173913043,0.1304347826086956,7.760713945735585
tfnbs,"e=1.0,h=10.0,n=30,start_thres=1.25",hub,0.25,100,10,40,1730,39,2,1,1728,0.975,0.0011560693641618,0.951219512195122,0.048780487804878,7.760713945735585
tfnbs,"e=1.1,h=0.5,n=30,start_thres=1.25",hub,0.25,100,10,40,1730,40,45,0,1685,1.0,0.0260115606936416,0.4705882352941176,0.5294117647058824,7.760713945735585
tfnbs,"e=1.1,h=1.0,n=30,start_thres=1.25",hub,0.25,100,10,40,1730,40,45,0,1685,1.0,0.0260115606936416,0.4705882352941176,0.5294117647058824,7.760713945735585
tfnbs,"e=1.1,h=2.0,n=30,start_thres=1.25",hub,0.25,100,10,40,1730,40,45,0,1685,1.0,0.0260115606936416,0.4705882352941176,0.5294117647058824,7.760713945735585
tfnbs,"e=1.1,h=3.0,n=30,start_thres=1.25",hub,0.25,100,10,40,1730,40,31,0,1699,1.0,0.0179190751445086,0.5633802816901409,0.4366197183098591,7.760713945735585
tfnbs,"e=1.1,h=4.0,n=30,start_thres=1.25",hub,0.25,100,10,40,1730,40,31,0,1699,1.0,0.0179190751445086,0.5633802816901409,0.4366197183098591,7.760713945735585
tfnbs,"e=1.1,h=5.0,n=30,start_thres=1.25",hub,0.25,100,10,40,1730,40,31,0,1699,1.0,0.0179190751445086,0.5633802816901409,0.4366197183098591,7.760713945735585
tfnbs,"e=1.1,h=6.0,n=30,start_thres=1.25",hub,0.25,100,10,40,1730,40,31,0,1699,1.0,0.0179190751445086,0.5633802816901409,0.4366197183098591,7.760713945735585
tfnbs,"e=1.1,h=7.0,n=30,start_thres=1.25",hub,0.25,100,10,40,1730,40,19,0,1711,1.0,0.0109826589595375,0.6779661016949152,0.3220338983050847,7.760713945735585
tfnbs,"e=1.1,h=8.0,n=30,start_thres=1.25",hub,0.25,100,10,40,1730,40,19,0,1711,1.0,0.0109826589595375,0.6779661016949152,0.3220338983050847,7.760713945735585
tfnbs,"e=1.1,h=9.0,n=30,start_thres=1.25",hub,0.25,100,10,40,1730,40,6,0,1724,1.0,0.0034682080924855,0.8695652173913043,0.1304347826086956,7.760713945735585
tfnbs,"e=1.1,h=10.0,n=30,start_thres=1.25",hub,0.25,100,10,40,1730,40,6,0,1724,1.0,0.0034682080924855,0.8695652173913043,0.1304347826086956,7.760713945735585
tfnbs,"e=1.2,h=0.5,n=30,start_thres=1.25",hub,0.25,100,10,40,1730,40,45,0,1685,1.0,0.0260115606936416,0.4705882352941176,0.5294117647058824,7.760713945735585
tfnbs,"e=1.2,h=1.0,n=30,start_thres=1.25",hub,0.25,100,10,40,1730,40,45,0,1685,1.0,0.0260115606936416,0.4705882352941176,0.5294117647058824,7.760713945735585
tfnbs,"e=1.2,h=2.0,n=30,start_thres=1.25",hub,0.25,100,10,40,1730,40,45,0,1685,1.0,0.0260115606936416,0.4705882352941176,0.5294117647058824,7.760713945735585
tfnbs,"e=1.2,h=3.0,n=30,start_thres=1.25",hub,0.25,100,10,40,1730,40,45,0,1685,1.0,0.0260115606936416,0.4705882352941176,0.5294117647058824,7.760713945735585
tfnbs,"e=1.2,h=4.0,n=30,start_thres=1.25",hub,0.25,100,10,40,1730,40,45,0,1685,1.0,0.0260115606936416,0.4705882352941176,0.5294117647058824,7.760713945735585
tfnbs,"e=1.2,h=5.0,n=30,start_thres=1.25",hub,0.25,100,10,40,1730,40,31,0,1699,1.0,0.0179190751445086,0.5633802816901409,0.4366197183098591,7.760713945735585
tfnbs,"e=1.2,h=6.0,n=30,start_thres=1.25",hub,0.25,100,10,40,1730,40,31,0,1699,1.0,0.0179190751445086,0.5633802816901409,0.4366197183098591,7.760713945735585
tfnbs,"e=1.2,h=7.0,n=30,start_thres=1.25",hub,0.25,100,10,40,1730,40,31,0,1699,1.0,0.0179190751445086,0.5633802816901409,0.4366197183098591,7.760713945735585
tfnbs,"e=1.2,h=8.0,n=30,start_thres=1.25",hub,0.25,100,10,40,1730,40,19,0,1711,1.0,0.0109826589595375,0.6779661016949152,0.3220338983050847,7.760713945735585
tfnbs,"e=1.2,h=9.0,n=30,start_thres=1.25",hub,0.25,100,10,40,1730,40,19,0,1711,1.0,0.0109826589595375,0.6779661016949152,0.3220338983050847,7.760713945735585
tfnbs,"e=1.2,h=10.0,n=30,start_thres=1.25",hub,0.25,100,10,40,1730,40,19,0,1711,1.0,0.0109826589595375,0.6779661016949152,0.3220338983050847,7.760713945735585
tfnbs,"e=1.3,h=0.5,n=30,start_thres=1.25",hub,0.25,100,10,40,1730,40,45,0,1685,1.0,0.0260115606936416,0.4705882352941176,0.5294117647058824,7.760713945735585
tfnbs,"e=1.3,h=1.0,n=30,start_thres=1.25",hub,0.25,100,10,40,1730,40,45,0,1685,1.0,0.0260115606936416,0.4705882352941176,0.5294117647058824,7.760713945735585
tfnbs,"e=1.3,h=2.0,n=30,start_thres=1.25",hub,0.25,100,10,40,1730,40,45,0,1685,1.0,0.0260115606936416,0.4705882352941176,0.5294117647058824,7.760713945735585
tfnbs,"e=1.3,h=3.0,n=30,start_thres=1.25",hub,0.25,100,10,40,1730,40,45,0,1685,1.0,0.0260115606936416,0.4705882352941176,0.5294117647058824,7.760713945735585
tfnbs,"e=1.3,h=4.0,n=30,start_thres=1.25",hub,0.25,100,10,40,1730,40,45,0,1685,1.0,0.0260115606936416,0.4705882352941176,0.5294117647058824,7.760713945735585
tfnbs,"e=1.3,h=5.0,n=30,start_thres=1.25",hub,0.25,100,10,40,1730,40,45,0,1685,1.0,0.0260115606936416,0.4705882352941176,0.5294117647058824,7.760713945735585
tfnbs,"e=1.3,h=6.0,n=30,start_thres=1.25",hub,0.25,100,10,40,1730,40,31,0,1699,1.0,0.0179190751445086,0.5633802816901409,0.4366197183098591,7.760713945735585
tfnbs,"e=1.3,h=7.0,n=30,start_thres=1.25",hub,0.25,100,10,40,1730,40,31,0,1699,1.0,0.0179190751445086,0.5633802816901409,0.4366197183098591,7.760713945735585
tfnbs,"e=1.3,h=8.0,n=30,start_thres=1.25",hub,0.25,100,10,40,1730,40,31,0,1699,1.0,0.0179190751445086,0.5633802816901409,0.4366197183098591,7.760713945735585
tfnbs,"e=1.3,h=9.0,n=30,start_thres=1.25",hub,0.25,100,10,40,1730,40,31,0,1699,1.0,0.0179190751445086,0.5633802816901409,0.4366197183098591,7.760713945735585
tfnbs,"e=1.3,h=10.0,n=30,start_thres=1.25",hub,0.25,100,10,40,1730,40,19,0,1711,1.0,0.0109826589595375,0.6779661016949152,0.3220338983050847,7.760713945735585
tfnbs,"e=1.4,h=0.5,n=30,start_thres=1.25",hub,0.25,100,10,40,1730,40,45,0,1685,1.0,0.0260115606936416,0.4705882352941176,0.5294117647058824,7.760713945735585
tfnbs,"e=1.4,h=1.0,n=30,start_thres=1.25",hub,0.25,100,10,40,1730,40,45,0,1685,1.0,0.0260115606936416,0.4705882352941176,0.5294117647058824,7.760713945735585
tfnbs,"e=1.4,h=2.0,n=30,start_thres=1.25",hub,0.25,100,10,40,1730,40,45,0,1685,1.0,0.0260115606936416,0.4705882352941176,0.5294117647058824,7.760713945735585
tfnbs,"e=1.4,h=3.0,n=30,start_thres=1.25",hub,0.25,100,10,40,1730,40,45,0,1685,1.0,0.0260115606936416,0.4705882352941176,0.5294117647058824,7.760713945735585
tfnbs,"e=1.4,h=4.0,n=30,start_thres=1.25",hub,0.25,100,10,40,1730,40,45,0,1685,1.0,0.0260115606936416,0.4705882352941176,0.5294117647058824,7.760713945735585
tfnbs,"e=1.4,h=5.0,n=30,start_thres=1.25",hub,0.25,100,10,40,1730,40,45,0,1685,1.0,0.0260115606936416,0.4705882352941176,0.5294117647058824,7.760713945735585
tfnbs,"e=1.4,h=6.0,n=30,start_thres=1.25",hub,0.25,100,10,40,1730,40,45,0,1685,1.0,0.0260115606936416,0.4705882352941176,0.5294117647058824,7.760713945735585
tfnbs,"e=1.4,h=7.0,n=30,start_thres=1.25",hub,0.25,100,10,40,1730,40,31,0,1699,1.0,0.0179190751445086,0.5633802816901409,0.4366197183098591,7.760713945735585
tfnbs,"e=1.4,h=8.0,n=30,start_thres=1.25",hub,0.25,100,10,40,1730,40,31,0,1699,1.0,0.0179190751445086,0.5633802816901409,0.4366197183098591,7.760713945735585
tfnbs,"e=1.4,h=9.0,n=30,start_thres=1.25",hub,0.25,100,10,40,1730,40,31,0,1699,1.0,0.0179190751445086,0.5633802816901409,0.4366197183098591,7.760713945735585
tfnbs,"e=1.4,h=10.0,n=30,start_thres=1.25",hub,0.25,100,10,40,1730,40,31,0,1699,1.0,0.0179190751445086,0.5633802816901409,0.4366197183098591,7.760713945735585
tfnbs,"e=1.5,h=0.5,n=30,start_thres=1.25",hub,0.25,100,10,40,1730,40,45,0,1685,1.0,0.0260115606936416,0.4705882352941176,0.5294117647058824,7.760713945735585
tfnbs,"e=1.5,h=1.0,n=30,start_thres=1.25",hub,0.25,100,10,40,1730,40,45,0,1685,1.0,0.0260115606936416,0.4705882352941176,0.5294117647058824,7.760713945735585
tfnbs,"e=1.5,h=2.0,n=30,start_thres=1.25",hub,0.25,100,10,40,1730,40,45,0,1685,1.0,0.0260115606936416,0.4705882352941176,0.5294117647058824,7.760713945735585
tfnbs,"e=1.5,h=3.0,n=30,start_thres=1.25",hub,0.25,100,10,40,1730,40,45,0,1685,1.0,0.0260115606936416,0.4705882352941176,0.5294117647058824,7.760713945735585
tfnbs,"e=1.5,h=4.0,n=30,start_thres=1.25",hub,0.25,100,10,40,1730,40,45,0,1685,1.0,0.0260115606936416,0.4705882352941176,0.5294117647058824,7.760713945735585
tfnbs,"e=1.5,h=5.0,n=30,start_thres=1.25",hub,0.25,100,10,40,1730,40,45,0,1685,1.0,0.0260115606936416,0.4705882352941176,0.5294117647058824,7.760713945735585
tfnbs,"e=1.5,h=6.0,n=30,start_thres=1.25",hub,0.25,100,10,40,1730,40,45,0,1685,1.0,0.0260115606936416,0.4705882352941176,0.5294117647058824,7.760713945735585
tfnbs,"e=1.5,h=7.0,n=30,start_thres=1.25",hub,0.25,100,10,40,1730,40,45,0,1685,1.0,0.0260115606936416,0.4705882352941176,0.5294117647058824,7.760713945735585
tfnbs,"e=1.5,h=8.0,n=30,start_thres=1.25",hub,0.25,100,10,40,1730,40,31,0,1699,1.0,0.0179190751445086,0.5633802816901409,0.4366197183098591,7.760713945735585
tfnbs,"e=1.5,h=9.0,n=30,start_thres=1.25",hub,0.25,100,10,40,1730,40,31,0,1699,1.0,0.0179190751445086,0.5633802816901409,0.4366197183098591,7.760713945735585
tfnbs,"e=1.5,h=10.0,n=30,start_thres=1.25",hub,0.25,100,10,40,1730,40,31,0,1699,1.0,0.0179190751445086,0.5633802816901409,0.4366197183098591,7.760713945735585
tfnbs,"e=0.05,h=0.5,n=30,start_thres=1.25",hub,0.25,100,23,40,1730,32,0,8,1730,0.8,0.0,1.0,0.0,7.743729683485898
tfnbs,"e=0.05,h=1.0,n=30,start_thres=1.25",hub,0.25,100,23,40,1730,32,0,8,1730,0.8,0.0,1.0,0.0,7.743729683485898
tfnbs,"e=0.05,h=2.0,n=30,start_thres=1.25",hub,0.25,100,23,40,1730,32,0,8,1730,0.8,0.0,1.0,0.0,7.743729683485898
tfnbs,"e=0.05,h=3.0,n=30,start_thres=1.25",hub,0.25,100,23,40,1730,32,0,8,1730,0.8,0.0,1.0,0.0,7.743729683485898
tfnbs,"e=0.05,h=4.0,n=30,start_thres=1.25",hub,0.25,100,23,40,1730,32,0,8,1730,0.8,0.0,1.0,0.0,7.743729683485898
tfnbs,"e=0.05,h=5.0,n=30,start_thres=1.25",hub,0.25,100,23,40,1730,32,0,8,1730,0.8,0.0,1.0,0.0,7.743729683485898
tfnbs,"e=0.05,h=6.0,n=30,start_thres=1.25",hub,0.25,100,23,40,1730,32,0,8,1730,0.8,0.0,1.0,0.0,7.743729683485898
tfnbs,"e=0.05,h=7.0,n=30,start_thres=1.25",hub,0.25,100,23,40,1730,32,0,8,1730,0.8,0.0,1.0,0.0,7.743729683485898
tfnbs,"e=0.05,h=8.0,n=30,start_thres=1.25",hub,0.25,100,23,40,1730,30,0,10,1730,0.75,0.0,1.0,0.0,7.743729683485898
tfnbs,"e=0.05,h=9.0,n=30,start_thres=1.25",hub,0.25,100,23,40,1730,30,0,10,1730,0.75,0.0,1.0,0.0,7.743729683485898
tfnbs,"e=0.05,h=10.0,n=30,start_thres=1.25",hub,0.25,100,23,40,1730,30,0,10,1730,0.75,0.0,1.0,0.0,7.743729683485898
tfnbs,"e=0.1,h=0.5,n=30,start_thres=1.25",hub,0.25,100,23,40,1730,34,0,6,1730,0.85,0.0,1.0,0.0,7.743729683485898
tfnbs,"e=0.1,h=1.0,n=30,start_thres=1.25",hub,0.25,100,23,40,1730,34,0,6,1730,0.85,0.0,1.0,0.0,7.743729683485898
tfnbs,"e=0.1,h=2.0,n=30,start_thres=1.25",hub,0.25,100,23,40,1730,34,0,6,1730,0.85,0.0,1.0,0.0,7.743729683485898
tfnbs,"e=0.1,h=3.0,n=30,start_thres=1.25",hub,0.25,100,23,40,1730,34,0,6,1730,0.85,0.0,1.0,0.0,7.743729683485898
tfnbs,"e=0.1,h=4.0,n=30,start_thres=1.25",hub,0.25,100,23,40,1730,32,0,8,1730,0.8,0.0,1.0,0.0,7.743729683485898
tfnbs,"e=0.1,h=5.0,n=30,start_thres=1.25",hub,0.25,100,23,40,1730,32,0,8,1730,0.8,0.0,1.0,0.0,7.743729683485898
tfnbs,"e=0.1,h=6.0,n=30,start_thres=1.25",hub,0.25,100,23,40,1730,32,0,8,1730,0.8,0.0,1.0,0.0,7.743729683485898
tfnbs,"e=0.1,h=7.0,n=30,start_thres=1.25",hub,0.25,100,23,40,1730,32,0,8,1730,0.8,0.0,1.0,0.0,7.743729683485898
tfnbs,"e=0.1,h=8.0,n=30,start_thres=1.25",hub,0.25,100,23,40,1730,32,0,8,1730,0.8,0.0,1.0,0.0,7.743729683485898
tfnbs,"e=0.1,h=9.0,n=30,start_thres=1.25",hub,0.25,100,23,40,1730,32,0,8,1730,0.8,0.0,1.0,0.0,7.743729683485898
tfnbs,"e=0.1,h=10.0,n=30,start_thres=1.25",hub,0.25,100,23,40,1730,32,0,8,1730,0.8,0.0,1.0,0.0,7.743729683485898
tfnbs,"e=0.2,h=0.5,n=30,start_thres=1.25",hub,0.25,100,23,40,1730,35,0,5,1730,0.875,0.0,1.0,0.0,7.743729683485898
tfnbs,"e=0.2,h=1.0,n=30,start_thres=1.25",hub,0.25,100,23,40,1730,35,0,5,1730,0.875,0.0,1.0,0.0,7.743729683485898
tfnbs,"e=0.2,h=2.0,n=30,start_thres=1.25",hub,0.25,100,23,40,1730,35,0,5,1730,0.875,0.0,1.0,0.0,7.743729683485898
tfnbs,"e=0.2,h=3.0,n=30,start_thres=1.25",hub,0.25,100,23,40,1730,34,0,6,1730,0.85,0.0,1.0,0.0,7.743729683485898
tfnbs,"e=0.2,h=4.0,n=30,start_thres=1.25",hub,0.25,100,23,40,1730,34,0,6,1730,0.85,0.0,1.0,0.0,7.743729683485898
tfnbs,"e=0.2,h=5.0,n=30,start_thres=1.25",hub,0.25,100,23,40,1730,34,0,6,1730,0.85,0.0,1.0,0.0,7.743729683485898
tfnbs,"e=0.2,h=6.0,n=30,start_thres=1.25",hub,0.25,100,23,40,1730,34,0,6,1730,0.85,0.0,1.0,0.0,7.743729683485898
tfnbs,"e=0.2,h=7.0,n=30,start_thres=1.25",hub,0.25,100,23,40,1730,34,0,6,1730,0.85,0.0,1.0,0.0,7.743729683485898
tfnbs,"e=0.2,h=8.0,n=30,start_thres=1.25",hub,0.25,100,23,40,1730,34,0,6,1730,0.85,0.0,1.0,0.0,7.743729683485898
tfnbs,"e=0.2,h=9.0,n=30,start_thres=1.25",hub,0.25,100,23,40,1730,34,0,6,1730,0.85,0.0,1.0,0.0,7.743729683485898
tfnbs,"e=0.2,h=10.0,n=30,start_thres=1.25",hub,0.25,100,23,40,1730,32,0,8,1730,0.8,0.0,1.0,0.0,7.743729683485898
tfnbs,"e=0.3,h=0.5,n=30,start_thres=1.25",hub,0.25,100,23,40,1730,38,2,2,1728,0.95,0.0011560693641618,0.95,0.05,7.743729683485898
tfnbs,"e=0.3,h=1.0,n=30,start_thres=1.25",hub,0.25,100,23,40,1730,37,1,3,1729,0.925,0.0005780346820809,0.9736842105263158,0.0263157894736842,7.743729683485898
tfnbs,"e=0.3,h=2.0,n=30,start_thres=1.25",hub,0.25,100,23,40,1730,37,1,3,1729,0.925,0.0005780346820809,0.9736842105263158,0.0263157894736842,7.743729683485898
tfnbs,"e=0.3,h=3.0,n=30,start_thres=1.25",hub,0.25,100,23,40,1730,35,0,5,1730,0.875,0.0,1.0,0.0,7.743729683485898
tfnbs,"e=0.3,h=4.0,n=30,start_thres=1.25",hub,0.25,100,23,40,1730,35,0,5,1730,0.875,0.0,1.0,0.0,7.743729683485898
tfnbs,"e=0.3,h=5.0,n=30,start_thres=1.25",hub,0.25,100,23,40,1730,35,0,5,1730,0.875,0.0,1.0,0.0,7.743729683485898
tfnbs,"e=0.3,h=6.0,n=30,start_thres=1.25",hub,0.25,100,23,40,1730,34,0,6,1730,0.85,0.0,1.0,0.0,7.743729683485898
tfnbs,"e=0.3,h=7.0,n=30,start_thres=1.25",hub,0.25,100,23,40,1730,34,0,6,1730,0.85,0.0,1.0,0.0,7.743729683485898
tfnbs,"e=0.3,h=8.0,n=30,start_thres=1.25",hub,0.25,100,23,40,1730,34,0,6,1730,0.85,0.0,1.0,0.0,7.743729683485898
tfnbs,"e=0.3,h=9.0,n=30,start_thres=1.25",hub,0.25,100,23,40,1730,34,0,6,1730,0.85,0.0,1.0,0.0,7.743729683485898
tfnbs,"e=0.3,h=10.0,n=30,start_thres=1.25",hub,0.25,100,23,40,1730,34,0,6,1730,0.85,0.0,1.0,0.0,7.743729683485898
tfnbs,"e=0.4,h=0.5,n=30,start_thres=1.25",hub,0.25,100,23,40,1730,38,3,2,1727,0.95,0.0017341040462427,0.926829268292683,0.073170731707317,7.743729683485898
tfnbs,"e=0.4,h=1.0,n=30,start_thres=1.25",hub,0.25,100,23,40,1730,38,2,2,1728,0.95,0.0011560693641618,0.95,0.05,7.743729683485898
tfnbs,"e=0.4,h=2.0,n=30,start_thres=1.25",hub,0.25,100,23,40,1730,38,2,2,1728,0.95,0.0011560693641618,0.95,0.05,7.743729683485898
tfnbs,"e=0.4,h=3.0,n=30,start_thres=1.25",hub,0.25,100,23,40,1730,38,2,2,1728,0.95,0.0011560693641618,0.95,0.05,7.743729683485898
tfnbs,"e=0.4,h=4.0,n=30,start_thres=1.25",hub,0.25,100,23,40,1730,37,1,3,1729,0.925,0.0005780346820809,0.9736842105263158,0.0263157894736842,7.743729683485898
tfnbs,"e=0.4,h=5.0,n=30,start_thres=1.25",hub,0.25,100,23,40,1730,37,1,3,1729,0.925,0.0005780346820809,0.9736842105263158,0.0263157894736842,7.743729683485898
tfnbs,"e=0.4,h=6.0,n=30,start_thres=1.25",hub,0.25,100,23,40,1730,35,0,5,1730,0.875,0.0,1.0,0.0,7.743729683485898
tfnbs,"e=0.4,h=7.0,n=30,start_thres=1.25",hub,0.25,100,23,40,1730,35,0,5,1730,0.875,0.0,1.0,0.0,7.743729683485898
tfnbs,"e=0.4,h=8.0,n=30,start_thres=1.25",hub,0.25,100,23,40,1730,34,0,6,1730,0.85,0.0,1.0,0.0,7.743729683485898
tfnbs,"e=0.4,h=9.0,n=30,start_thres=1.25",hub,0.25,100,23,40,1730,34,0,6,1730,0.85,0.0,1.0,0.0,7.743729683485898
tfnbs,"e=0.4,h=10.0,n=30,start_thres=1.25",hub,0.25,100,23,40,1730,34,0,6,1730,0.85,0.0,1.0,0.0,7.743729683485898
tfnbs,"e=0.5,h=0.5,n=30,start_thres=1.25",hub,0.25,100,23,40,1730,38,3,2,1727,0.95,0.0017341040462427,0.926829268292683,0.073170731707317,7.743729683485898
tfnbs,"e=0.5,h=1.0,n=30,start_thres=1.25",hub,0.25,100,23,40,1730,38,3,2,1727,0.95,0.0017341040462427,0.926829268292683,0.073170731707317,7.743729683485898
tfnbs,"e=0.5,h=2.0,n=30,start_thres=1.25",hub,0.25,100,23,40,1730,38,3,2,1727,0.95,0.0017341040462427,0.926829268292683,0.073170731707317,7.743729683485898
tfnbs,"e=0.5,h=3.0,n=30,start_thres=1.25",hub,0.25,100,23,40,1730,38,2,2,1728,0.95,0.0011560693641618,0.95,0.05,7.743729683485898
tfnbs,"e=0.5,h=4.0,n=30,start_thres=1.25",hub,0.25,100,23,40,1730,38,2,2,1728,0.95,0.0011560693641618,0.95,0.05,7.743729683485898
tfnbs,"e=0.5,h=5.0,n=30,start_thres=1.25",hub,0.25,100,23,40,1730,37,1,3,1729,0.925,0.0005780346820809,0.9736842105263158,0.0263157894736842,7.743729683485898
tfnbs,"e=0.5,h=6.0,n=30,start_thres=1.25",hub,0.25,100,23,40,1730,37,1,3,1729,0.925,0.0005780346820809,0.9736842105263158,0.0263157894736842,7.743729683485898
tfnbs,"e=0.5,h=7.0,n=30,start_thres=1.25",hub,0.25,100,23,40,1730,37,1,3,1729,0.925,0.0005780346820809,0.9736842105263158,0.0263157894736842,7.743729683485898
tfnbs,"e=0.5,h=8.0,n=30,start_thres=1.25",hub,0.25,100,23,40,1730,35,0,5,1730,0.875,0.0,1.0,0.0,7.743729683485898
tfnbs,"e=0.5,h=9.0,n=30,start_thres=1.25",hub,0.25,100,23,40,1730,35,0,5,1730,0.875,0.0,1.0,0.0,7.743729683485898
tfnbs,"e=0.5,h=10.0,n=30,start_thres=1.25",hub,0.25,100,23,40,1730,34,0,6,1730,0.85,0.0,1.0,0.0,7.743729683485898
tfnbs,"e=0.6,h=0.5,n=30,start_thres=1.25",hub,0.25,100,23,40,1730,39,3,1,1727,0.975,0.0017341040462427,0.9285714285714286,0.0714285714285714,7.743729683485898
tfnbs,"e=0.6,h=1.0,n=30,start_thres=1.25",hub,0.25,100,23,40,1730,39,3,1,1727,0.975,0.0017341040462427,0.9285714285714286,0.0714285714285714,7.743729683485898
tfnbs,"e=0.6,h=2.0,n=30,start_thres=1.25",hub,0.25,100,23,40,1730,38,3,2,1727,0.95,0.0017341040462427,0.926829268292683,0.073170731707317,7.743729683485898
tfnbs,"e=0.6,h=3.0,n=30,start_thres=1.25",hub,0.25,100,23,40,1730,38,3,2,1727,0.95,0.0017341040462427,0.926829268292683,0.073170731707317,7.743729683485898
tfnbs,"e=0.6,h=4.0,n=30,start_thres=1.25",hub,0.25,100,23,40,1730,38,3,2,1727,0.95,0.0017341040462427,0.926829268292683,0.073170731707317,7.743729683485898
tfnbs,"e=0.6,h=5.0,n=30,start_thres=1.25",hub,0.25,100,23,40,1730,38,2,2,1728,0.95,0.0011560693641618,0.95,0.05,7.743729683485898
tfnbs,"e=0.6,h=6.0,n=30,start_thres=1.25",hub,0.25,100,23,40,1730,38,2,2,1728,0.95,0.0011560693641618,0.95,0.05,7.743729683485898
tfnbs,"e=0.6,h=7.0,n=30,start_thres=1.25",hub,0.25,100,23,40,1730,37,1,3,1729,0.925,0.0005780346820809,0.9736842105263158,0.0263157894736842,7.743729683485898
tfnbs,"e=0.6,h=8.0,n=30,start_thres=1.25",hub,0.25,100,23,40,1730,37,1,3,1729,0.925,0.0005780346820809,0.9736842105263158,0.0263157894736842,7.743729683485898
tfnbs,"e=0.6,h=9.0,n=30,start_thres=1.25",hub,0.25,100,23,40,1730,35,0,5,1730,0.875,0.0,1.0,0.0,7.743729683485898
tfnbs,"e=0.6,h=10.0,n=30,start_thres=1.25",hub,0.25,100,23,40,1730,35,0,5,1730,0.875,0.0,1.0,0.0,7.743729683485898
tfnbs,"e=0.7,h=0.5,n=30,start_thres=1.25",hub,0.25,100,23,40,1730,39,3,1,1727,0.975,0.0017341040462427,0.9285714285714286,0.0714285714285714,7.743729683485898
tfnbs,"e=0.7,h=1.0,n=30,start_thres=1.25",hub,0.25,100,23,40,1730,39,3,1,1727,0.975,0.0017341040462427,0.9285714285714286,0.0714285714285714,7.743729683485898
tfnbs,"e=0.7,h=2.0,n=30,start_thres=1.25",hub,0.25,100,23,40,1730,39,3,1,1727,0.975,0.0017341040462427,0.9285714285714286,0.0714285714285714,7.743729683485898
tfnbs,"e=0.7,h=3.0,n=30,start_thres=1.25",hub,0.25,100,23,40,1730,39,3,1,1727,0.975,0.0017341040462427,0.9285714285714286,0.0714285714285714,7.743729683485898
tfnbs,"e=0.7,h=4.0,n=30,start_thres=1.25",hub,0.25,100,23,40,1730,38,3,2,1727,0.95,0.0017341040462427,0.926829268292683,0.073170731707317,7.743729683485898
tfnbs,"e=0.7,h=5.0,n=30,start_thres=1.25",hub,0.25,100,23,40,1730,38,3,2,1727,0.95,0.0017341040462427,0.926829268292683,0.073170731707317,7.743729683485898
tfnbs,"e=0.7,h=6.0,n=30,start_thres=1.25",hub,0.25,100,23,40,1730,38,2,2,1728,0.95,0.0011560693641618,0.95,0.05,7.743729683485898
tfnbs,"e=0.7,h=7.0,n=30,start_thres=1.25",hub,0.25,100,23,40,1730,38,2,2,1728,0.95,0.0011560693641618,0.95,0.05,7.743729683485898
tfnbs,"e=0.7,h=8.0,n=30,start_thres=1.25",hub,0.25,100,23,40,1730,37,1,3,1729,0.925,0.0005780346820809,0.9736842105263158,0.0263157894736842,7.743729683485898
tfnbs,"e=0.7,h=9.0,n=30,start_thres=1.25",hub,0.25,100,23,40,1730,37,1,3,1729,0.925,0.0005780346820809,0.9736842105263158,0.0263157894736842,7.743729683485898
tfnbs,"e=0.7,h=10.0,n=30,start_thres=1.25",hub,0.25,100,23,40,1730,37,1,3,1729,0.925,0.0005780346820809,0.9736842105263158,0.0263157894736842,7.743729683485898
tfnbs,"e=0.8,h=0.5,n=30,start_thres=1.25",hub,0.25,100,23,40,1730,39,3,1,1727,0.975,0.0017341040462427,0.9285714285714286,0.0714285714285714,7.743729683485898
tfnbs,"e=0.8,h=1.0,n=30,start_thres=1.25",hub,0.25,100,23,40,1730,39,3,1,1727,0.975,0.0017341040462427,0.9285714285714286,0.0714285714285714,7.743729683485898
tfnbs,"e=0.8,h=2.0,n=30,start_thres=1.25",hub,0.25,100,23,40,1730,39,3,1,1727,0.975,0.0017341040462427,0.9285714285714286,0.0714285714285714,7.743729683485898
tfnbs,"e=0.8,h=3.0,n=30,start_thres=1.25",hub,0.25,100,23,40,1730,39,3,1,1727,0.975,0.0017341040462427,0.9285714285714286,0.0714285714285714,7.743729683485898
tfnbs,"e=0.8,h=4.0,n=30,start_thres=1.25",hub,0.25,100,23,40,1730,39,3,1,1727,0.975,0.0017341040462427,0.9285714285714286,0.0714285714285714,7.743729683485898
tfnbs,"e=0.8,h=5.0,n=30,start_thres=1.25",hub,0.25,100,23,40,1730,38,3,2,1727,0.95,0.0017341040462427,0.926829268292683,0.073170731707317,7.743729683485898
tfnbs,"e=0.8,h=6.0,n=30,start_thres=1.25",hub,0.25,100,23,40,1730,38,3,2,1727,0.95,0.0017341040462427,0.926829268292683,0.073170731707317,7.743729683485898
tfnbs,"e=0.8,h=7.0,n=30,start_thres=1.25",hub,0.25,100,23,40,1730,38,3,2,1727,0.95,0.0017341040462427,0.926829268292683,0.073170731707317,7.743729683485898
tfnbs,"e=0.8,h=8.0,n=30,start_thres=1.25",hub,0.25,100,23,40,1730,38,2,2,1728,0.95,0.0011560693641618,0.95,0.05,7.743729683485898
tfnbs,"e=0.8,h=9.0,n=30,start_thres=1.25",hub,0.25,100,23,40,1730,38,2,2,1728,0.95,0.0011560693641618,0.95,0.05,7.743729683485898
tfnbs,"e=0.8,h=10.0,n=30,start_thres=1.25",hub,0.25,100,23,40,1730,37,1,3,1729,0.925,0.0005780346820809,0.9736842105263158,0.0263157894736842,7.743729683485898
tfnbs,"e=0.9,h=0.5,n=30,start_thres=1.25",hub,0.25,100,23,40,1730,39,3,1,1727,0.975,0.0017341040462427,0.9285714285714286,0.0714285714285714,7.743729683485898
tfnbs,"e=0.9,h=1.0,n=30,start_thres=1.25",hub,0.25,100,23,40,1730,39,3,1,1727,0.975,0.0017341040462427,0.9285714285714286,0.0714285714285714,7.743729683485898
tfnbs,"e=0.9,h=2.0,n=30,start_thres=1.25",hub,0.25,100,23,40,1730,39,3,1,1727,0.975,0.0017341040462427,0.9285714285714286,0.0714285714285714,7.743729683485898
tfnbs,"e=0.9,h=3.0,n=30,start_thres=1.25",hub,0.25,100,23,40,1730,39,3,1,1727,0.975,0.0017341040462427,0.9285714285714286,0.0714285714285714,7.743729683485898
tfnbs,"e=0.9,h=4.0,n=30,start_thres=1.25",hub,0.25,100,23,40,1730,39,3,1,1727,0.975,0.0017341040462427,0.9285714285714286,0.0714285714285714,7.743729683485898
tfnbs,"e=0.9,h=5.0,n=30,start_thres=1.25",hub,0.25,100,23,40,1730,39,3,1,1727,0.975,0.0017341040462427,0.9285714285714286,0.0714285714285714,7.743729683485898
tfnbs,"e=0.9,h=6.0,n=30,start_thres=1.25",hub,0.25,100,23,40,1730,38,3,2,1727,0.95,0.0017341040462427,0.926829268292683,0.073170731707317,7.743729683485898
tfnbs,"e=0.9,h=7.0,n=30,start_thres=1.25",hub,0.25,100,23,40,1730,38,3,2,1727,0.95,0.0017341040462427,0.926829268292683,0.073170731707317,7.743729683485898
tfnbs,"e=0.9,h=8.0,n=30,start_thres=1.25",hub,0.25,100,23,40,1730,38,3,2,1727,0.95,0.0017341040462427,0.926829268292683,0.073170731707317,7.743729683485898
tfnbs,"e=0.9,h=9.0,n=30,start_thres=1.25",hub,0.25,100,23,40,1730,38,2,2,1728,0.95,0.0011560693641618,0.95,0.05,7.743729683485898
tfnbs,"e=0.9,h=10.0,n=30,start_thres=1.25",hub,0.25,100,23,40,1730,38,2,2,1728,0.95,0.0011560693641618,0.95,0.05,7.743729683485898
tfnbs,"e=1.0,h=0.5,n=30,start_thres=1.25",hub,0.25,100,23,40,1730,39,3,1,1727,0.975,0.0017341040462427,0.9285714285714286,0.0714285714285714,7.743729683485898
tfnbs,"e=1.0,h=1.0,n=30,start_thres=1.25",hub,0.25,100,23,40,1730,39,4,1,1726,0.975,0.0023121387283236,0.9069767441860463,0.0930232558139534,7.743729683485898
tfnbs,"e=1.0,h=2.0,n=30,start_thres=1.25",hub,0.25,100,23,40,1730,39,4,1,1726,0.975,0.0023121387283236,0.9069767441860463,0.0930232558139534,7.743729683485898
tfnbs,"e=1.0,h=3.0,n=30,start_thres=1.25",hub,0.25,100,23,40,1730,39,4,1,1726,0.975,0.0023121387283236,0.9069767441860463,0.0930232558139534,7.743729683485898
tfnbs,"e=1.0,h=4.0,n=30,start_thres=1.25",hub,0.25,100,23,40,1730,39,3,1,1727,0.975,0.0017341040462427,0.9285714285714286,0.0714285714285714,7.743729683485898
tfnbs,"e=1.0,h=5.0,n=30,start_thres=1.25",hub,0.25,100,23,40,1730,39,3,1,1727,0.975,0.0017341040462427,0.9285714285714286,0.0714285714285714,7.743729683485898
tfnbs,"e=1.0,h=6.0,n=30,start_thres=1.25",hub,0.25,100,23,40,1730,39,3,1,1727,0.975,0.0017341040462427,0.9285714285714286,0.0714285714285714,7.743729683485898
tfnbs,"e=1.0,h=7.0,n=30,start_thres=1.25",hub,0.25,100,23,40,1730,39,3,1,1727,0.975,0.0017341040462427,0.9285714285714286,0.0714285714285714,7.743729683485898
tfnbs,"e=1.0,h=8.0,n=30,start_thres=1.25",hub,0.25,100,23,40,1730,38,3,2,1727,0.95,0.0017341040462427,0.926829268292683,0.073170731707317,7.743729683485898
tfnbs,"e=1.0,h=9.0,n=30,start_thres=1.25",hub,0.25,100,23,40,1730,38,3,2,1727,0.95,0.0017341040462427,0.926829268292683,0.073170731707317,7.743729683485898
tfnbs,"e=1.0,h=10.0,n=30,start_thres=1.25",hub,0.25,100,23,40,1730,38,2,2,1728,0.95,0.0011560693641618,0.95,0.05,7.743729683485898
tfnbs,"e=1.1,h=0.5,n=30,start_thres=1.25",hub,0.25,100,23,40,1730,39,4,1,1726,0.975,0.0023121387283236,0.9069767441860463,0.0930232558139534,7.743729683485898
tfnbs,"e=1.1,h=1.0,n=30,start_thres=1.25",hub,0.25,100,23,40,1730,39,4,1,1726,0.975,0.0023121387283236,0.9069767441860463,0.0930232558139534,7.743729683485898
tfnbs,"e=1.1,h=2.0,n=30,start_thres=1.25",hub,0.25,100,23,40,1730,39,4,1,1726,0.975,0.0023121387283236,0.9069767441860463,0.0930232558139534,7.743729683485898
tfnbs,"e=1.1,h=3.0,n=30,start_thres=1.25",hub,0.25,100,23,40,1730,39,4,1,1726,0.975,0.0023121387283236,0.9069767441860463,0.0930232558139534,7.743729683485898
tfnbs,"e=1.1,h=4.0,n=30,start_thres=1.25",hub,0.25,100,23,40,1730,39,4,1,1726,0.975,0.0023121387283236,0.9069767441860463,0.0930232558139534,7.743729683485898
tfnbs,"e=1.1,h=5.0,n=30,start_thres=1.25",hub,0.25,100,23,40,1730,39,4,1,1726,0.975,0.0023121387283236,0.9069767441860463,0.0930232558139534,7.743729683485898
tfnbs,"e=1.1,h=6.0,n=30,start_thres=1.25",hub,0.25,100,23,40,1730,39,3,1,1727,0.975,0.0017341040462427,0.9285714285714286,0.0714285714285714,7.743729683485898
tfnbs,"e=1.1,h=7.0,n=30,start_thres=1.25",hub,0.25,100,23,40,1730,39,3,1,1727,0.975,0.0017341040462427,0.9285714285714286,0.0714285714285714,7.743729683485898
tfnbs,"e=1.1,h=8.0,n=30,start_thres=1.25",hub,0.25,100,23,40,1730,39,3,1,1727,0.975,0.0017341040462427,0.9285714285714286,0.0714285714285714,7.743729683485898
tfnbs,"e=1.1,h=9.0,n=30,start_thres=1.25",hub,0.25,100,23,40,1730,38,3,2,1727,0.95,0.0017341040462427,0.926829268292683,0.073170731707317,7.743729683485898
tfnbs,"e=1.1,h=10.0,n=30,start_thres=1.25",hub,0.25,100,23,40,1730,38,3,2,1727,0.95,0.0017341040462427,0.926829268292683,0.073170731707317,7.743729683485898
tfnbs,"e=1.2,h=0.5,n=30,start_thres=1.25",hub,0.25,100,23,40,1730,39,4,1,1726,0.975,0.0023121387283236,0.9069767441860463,0.0930232558139534,7.743729683485898
tfnbs,"e=1.2,h=1.0,n=30,start_thres=1.25",hub,0.25,100,23,40,1730,39,4,1,1726,0.975,0.0023121387283236,0.9069767441860463,0.0930232558139534,7.743729683485898
tfnbs,"e=1.2,h=2.0,n=30,start_thres=1.25",hub,0.25,100,23,40,1730,39,4,1,1726,0.975,0.0023121387283236,0.9069767441860463,0.0930232558139534,7.743729683485898
tfnbs,"e=1.2,h=3.0,n=30,start_thres=1.25",hub,0.25,100,23,40,1730,39,4,1,1726,0.975,0.0023121387283236,0.9069767441860463,0.0930232558139534,7.743729683485898
tfnbs,"e=1.2,h=4.0,n=30,start_thres=1.25",hub,0.25,100,23,40,1730,39,4,1,1726,0.975,0.0023121387283236,0.9069767441860463,0.0930232558139534,7.743729683485898
tfnbs,"e=1.2,h=5.0,n=30,start_thres=1.25",hub,0.25,100,23,40,1730,39,4,1,1726,0.975,0.0023121387283236,0.9069767441860463,0.0930232558139534,7.743729683485898
tfnbs,"e=1.2,h=6.0,n=30,start_thres=1.25",hub,0.25,100,23,40,1730,39,4,1,1726,0.975,0.0023121387283236,0.9069767441860463,0.0930232558139534,7.743729683485898
tfnbs,"e=1.2,h=7.0,n=30,start_thres=1.25",hub,0.25,100,23,40,1730,39,3,1,1727,0.975,0.0017341040462427,0.9285714285714286,0.0714285714285714,7.743729683485898
tfnbs,"e=1.2,h=8.0,n=30,start_thres=1.25",hub,0.25,100,23,40,1730,39,3,1,1727,0.975,0.0017341040462427,0.9285714285714286,0.0714285714285714,7.743729683485898
tfnbs,"e=1.2,h=9.0,n=30,start_thres=1.25",hub,0.25,100,23,40,1730,39,3,1,1727,0.975,0.0017341040462427,0.9285714285714286,0.0714285714285714,7.743729683485898
tfnbs,"e=1.2,h=10.0,n=30,start_thres=1.25",hub,0.25,100,23,40,1730,38,3,2,1727,0.95,0.0017341040462427,0.926829268292683,0.073170731707317,7.743729683485898
tfnbs,"e=1.3,h=0.5,n=30,start_thres=1.25",hub,0.25,100,23,40,1730,39,4,1,1726,0.975,0.0023121387283236,0.9069767441860463,0.0930232558139534,7.743729683485898
tfnbs,"e=1.3,h=1.0,n=30,start_thres=1.25",hub,0.25,100,23,40,1730,39,4,1,1726,0.975,0.0023121387283236,0.9069767441860463,0.0930232558139534,7.743729683485898
tfnbs,"e=1.3,h=2.0,n=30,start_thres=1.25",hub,0.25,100,23,40,1730,39,4,1,1726,0.975,0.0023121387283236,0.9069767441860463,0.0930232558139534,7.743729683485898
tfnbs,"e=1.3,h=3.0,n=30,start_thres=1.25",hub,0.25,100,23,40,1730,39,4,1,1726,0.975,0.0023121387283236,0.9069767441860463,0.0930232558139534,7.743729683485898
tfnbs,"e=1.3,h=4.0,n=30,start_thres=1.25",hub,0.25,100,23,40,1730,39,4,1,1726,0.975,0.0023121387283236,0.9069767441860463,0.0930232558139534,7.743729683485898
tfnbs,"e=1.3,h=5.0,n=30,start_thres=1.25",hub,0.25,100,23,40,1730,39,4,1,1726,0.975,0.0023121387283236,0.9069767441860463,0.0930232558139534,7.743729683485898
tfnbs,"e=1.3,h=6.0,n=30,start_thres=1.25",hub,0.25,100,23,40,1730,39,4,1,1726,0.975,0.0023121387283236,0.9069767441860463,0.0930232558139534,7.743729683485898
tfnbs,"e=1.3,h=7.0,n=30,start_thres=1.25",hub,0.25,100,23,40,1730,39,4,1,1726,0.975,0.0023121387283236,0.9069767441860463,0.0930232558139534,7.743729683485898
tfnbs,"e=1.3,h=8.0,n=30,start_thres=1.25",hub,0.25,100,23,40,1730,39,3,1,1727,0.975,0.0017341040462427,0.9285714285714286,0.0714285714285714,7.743729683485898
tfnbs,"e=1.3,h=9.0,n=30,start_thres=1.25",hub,0.25,100,23,40,1730,39,3,1,1727,0.975,0.0017341040462427,0.9285714285714286,0.0714285714285714,7.743729683485898
tfnbs,"e=1.3,h=10.0,n=30,start_thres=1.25",hub,0.25,100,23,40,1730,39,3,1,1727,0.975,0.0017341040462427,0.9285714285714286,0.0714285714285714,7.743729683485898
tfnbs,"e=1.4,h=0.5,n=30,start_thres=1.25",hub,0.25,100,23,40,1730,39,3,1,1727,0.975,0.0017341040462427,0.9285714285714286,0.0714285714285714,7.743729683485898
tfnbs,"e=1.4,h=1.0,n=30,start_thres=1.25",hub,0.25,100,23,40,1730,39,4,1,1726,0.975,0.0023121387283236,0.9069767441860463,0.0930232558139534,7.743729683485898
tfnbs,"e=1.4,h=2.0,n=30,start_thres=1.25",hub,0.25,100,23,40,1730,39,4,1,1726,0.975,0.0023121387283236,0.9069767441860463,0.0930232558139534,7.743729683485898
tfnbs,"e=1.4,h=3.0,n=30,start_thres=1.25",hub,0.25,100,23,40,1730,39,4,1,1726,0.975,0.0023121387283236,0.9069767441860463,0.0930232558139534,7.743729683485898
tfnbs,"e=1.4,h=4.0,n=30,start_thres=1.25",hub,0.25,100,23,40,1730,39,4,1,1726,0.975,0.0023121387283236,0.9069767441860463,0.0930232558139534,7.743729683485898
tfnbs,"e=1.4,h=5.0,n=30,start_thres=1.25",hub,0.25,100,23,40,1730,39,4,1,1726,0.975,0.0023121387283236,0.9069767441860463,0.0930232558139534,7.743729683485898
tfnbs,"e=1.4,h=6.0,n=30,start_thres=1.25",hub,0.25,100,23,40,1730,39,4,1,1726,0.975,0.0023121387283236,0.9069767441860463,0.0930232558139534,7.743729683485898
tfnbs,"e=1.4,h=7.0,n=30,start_thres=1.25",hub,0.25,100,23,40,1730,39,4,1,1726,0.975,0.0023121387283236,0.9069767441860463,0.0930232558139534,7.743729683485898
tfnbs,"e=1.4,h=8.0,n=30,start_thres=1.25",hub,0.25,100,23,40,1730,39,4,1,1726,0.975,0.0023121387283236,0.9069767441860463,0.0930232558139534,7.743729683485898
tfnbs,"e=1.4,h=9.0,n=30,start_thres=1.25",hub,0.25,100,23,40,1730,39,3,1,1727,0.975,0.0017341040462427,0.9285714285714286,0.0714285714285714,7.743729683485898
tfnbs,"e=1.4,h=10.0,n=30,start_thres=1.25",hub,0.25,100,23,40,1730,39,3,1,1727,0.975,0.0017341040462427,0.9285714285714286,0.0714285714285714,7.743729683485898
tfnbs,"e=1.5,h=0.5,n=30,start_thres=1.25",hub,0.25,100,23,40,1730,39,3,1,1727,0.975,0.0017341040462427,0.9285714285714286,0.0714285714285714,7.743729683485898
tfnbs,"e=1.5,h=1.0,n=30,start_thres=1.25",hub,0.25,100,23,40,1730,39,4,1,1726,0.975,0.0023121387283236,0.9069767441860463,0.0930232558139534,7.743729683485898
tfnbs,"e=1.5,h=2.0,n=30,start_thres=1.25",hub,0.25,100,23,40,1730,39,4,1,1726,0.975,0.0023121387283236,0.9069767441860463,0.0930232558139534,7.743729683485898
tfnbs,"e=1.5,h=3.0,n=30,start_thres=1.25",hub,0.25,100,23,40,1730,39,4,1,1726,0.975,0.0023121387283236,0.9069767441860463,0.0930232558139534,7.743729683485898
tfnbs,"e=1.5,h=4.0,n=30,start_thres=1.25",hub,0.25,100,23,40,1730,39,4,1,1726,0.975,0.0023121387283236,0.9069767441860463,0.0930232558139534,7.743729683485898
tfnbs,"e=1.5,h=5.0,n=30,start_thres=1.25",hub,0.25,100,23,40,1730,39,4,1,1726,0.975,0.0023121387283236,0.9069767441860463,0.0930232558139534,7.743729683485898
tfnbs,"e=1.5,h=6.0,n=30,start_thres=1.25",hub,0.25,100,23,40,1730,39,4,1,1726,0.975,0.0023121387283236,0.9069767441860463,0.0930232558139534,7.743729683485898
tfnbs,"e=1.5,h=7.0,n=30,start_thres=1.25",hub,0.25,100,23,40,1730,39,4,1,1726,0.975,0.0023121387283236,0.9069767441860463,0.0930232558139534,7.743729683485898
tfnbs,"e=1.5,h=8.0,n=30,start_thres=1.25",hub,0.25,100,23,40,1730,39,4,1,1726,0.975,0.0023121387283236,0.9069767441860463,0.0930232558139534,7.743729683485898
tfnbs,"e=1.5,h=9.0,n=30,start_thres=1.25",hub,0.25,100,23,40,1730,39,4,1,1726,0.975,0.0023121387283236,0.9069767441860463,0.0930232558139534,7.743729683485898
tfnbs,"e=1.5,h=10.0,n=30,start_thres=1.25",hub,0.25,100,23,40,1730,39,3,1,1727,0.975,0.0017341040462427,0.9285714285714286,0.0714285714285714,7.743729683485898
tfnbs,"e=0.05,h=0.5,n=30,start_thres=1.25",hub,0.25,100,5,40,1730,33,0,7,1730,0.825,0.0,1.0,0.0,7.770766091617671
tfnbs,"e=0.05,h=1.0,n=30,start_thres=1.25",hub,0.25,100,5,40,1730,33,0,7,1730,0.825,0.0,1.0,0.0,7.770766091617671
tfnbs,"e=0.05,h=2.0,n=30,start_thres=1.25",hub,0.25,100,5,40,1730,33,0,7,1730,0.825,0.0,1.0,0.0,7.770766091617671
tfnbs,"e=0.05,h=3.0,n=30,start_thres=1.25",hub,0.25,100,5,40,1730,33,0,7,1730,0.825,0.0,1.0,0.0,7.770766091617671
tfnbs,"e=0.05,h=4.0,n=30,start_thres=1.25",hub,0.25,100,5,40,1730,33,0,7,1730,0.825,0.0,1.0,0.0,7.770766091617671
tfnbs,"e=0.05,h=5.0,n=30,start_thres=1.25",hub,0.25,100,5,40,1730,33,0,7,1730,0.825,0.0,1.0,0.0,7.770766091617671
tfnbs,"e=0.05,h=6.0,n=30,start_thres=1.25",hub,0.25,100,5,40,1730,33,0,7,1730,0.825,0.0,1.0,0.0,7.770766091617671
tfnbs,"e=0.05,h=7.0,n=30,start_thres=1.25",hub,0.25,100,5,40,1730,33,0,7,1730,0.825,0.0,1.0,0.0,7.770766091617671
tfnbs,"e=0.05,h=8.0,n=30,start_thres=1.25",hub,0.25,100,5,40,1730,33,0,7,1730,0.825,0.0,1.0,0.0,7.770766091617671
tfnbs,"e=0.05,h=9.0,n=30,start_thres=1.25",hub,0.25,100,5,40,1730,33,0,7,1730,0.825,0.0,1.0,0.0,7.770766091617671
tfnbs,"e=0.05,h=10.0,n=30,start_thres=1.25",hub,0.25,100,5,40,1730,33,0,7,1730,0.825,0.0,1.0,0.0,7.770766091617671
tfnbs,"e=0.1,h=0.5,n=30,start_thres=1.25",hub,0.25,100,5,40,1730,36,0,4,1730,0.9,0.0,1.0,0.0,7.770766091617671
tfnbs,"e=0.1,h=1.0,n=30,start_thres=1.25",hub,0.25,100,5,40,1730,36,0,4,1730,0.9,0.0,1.0,0.0,7.770766091617671
tfnbs,"e=0.1,h=2.0,n=30,start_thres=1.25",hub,0.25,100,5,40,1730,36,0,4,1730,0.9,0.0,1.0,0.0,7.770766091617671
tfnbs,"e=0.1,h=3.0,n=30,start_thres=1.25",hub,0.25,100,5,40,1730,36,0,4,1730,0.9,0.0,1.0,0.0,7.770766091617671
tfnbs,"e=0.1,h=4.0,n=30,start_thres=1.25",hub,0.25,100,5,40,1730,33,0,7,1730,0.825,0.0,1.0,0.0,7.770766091617671
tfnbs,"e=0.1,h=5.0,n=30,start_thres=1.25",hub,0.25,100,5,40,1730,33,0,7,1730,0.825,0.0,1.0,0.0,7.770766091617671
tfnbs,"e=0.1,h=6.0,n=30,start_thres=1.25",hub,0.25,100,5,40,1730,33,0,7,1730,0.825,0.0,1.0,0.0,7.770766091617671
tfnbs,"e=0.1,h=7.0,n=30,start_thres=1.25",hub,0.25,100,5,40,1730,33,0,7,1730,0.825,0.0,1.0,0.0,7.770766091617671
tfnbs,"e=0.1,h=8.0,n=30,start_thres=1.25",hub,0.25,100,5,40,1730,33,0,7,1730,0.825,0.0,1.0,0.0,7.770766091617671
tfnbs,"e=0.1,h=9.0,n=30,start_thres=1.25",hub,0.25,100,5,40,1730,33,0,7,1730,0.825,0.0,1.0,0.0,7.770766091617671
tfnbs,"e=0.1,h=10.0,n=30,start_thres=1.25",hub,0.25,100,5,40,1730,33,0,7,1730,0.825,0.0,1.0,0.0,7.770766091617671
tfnbs,"e=0.2,h=0.5,n=30,start_thres=1.25",hub,0.25,100,5,40,1730,39,2,1,1728,0.975,0.0011560693641618,0.951219512195122,0.048780487804878,7.770766091617671
tfnbs,"e=0.2,h=1.0,n=30,start_thres=1.25",hub,0.25,100,5,40,1730,39,2,1,1728,0.975,0.0011560693641618,0.951219512195122,0.048780487804878,7.770766091617671
tfnbs,"e=0.2,h=2.0,n=30,start_thres=1.25",hub,0.25,100,5,40,1730,38,1,2,1729,0.95,0.0005780346820809,0.9743589743589745,0.0256410256410256,7.770766091617671
tfnbs,"e=0.2,h=3.0,n=30,start_thres=1.25",hub,0.25,100,5,40,1730,38,1,2,1729,0.95,0.0005780346820809,0.9743589743589745,0.0256410256410256,7.770766091617671
tfnbs,"e=0.2,h=4.0,n=30,start_thres=1.25",hub,0.25,100,5,40,1730,38,1,2,1729,0.95,0.0005780346820809,0.9743589743589745,0.0256410256410256,7.770766091617671
tfnbs,"e=0.2,h=5.0,n=30,start_thres=1.25",hub,0.25,100,5,40,1730,36,0,4,1730,0.9,0.0,1.0,0.0,7.770766091617671
tfnbs,"e=0.2,h=6.0,n=30,start_thres=1.25",hub,0.25,100,5,40,1730,36,0,4,1730,0.9,0.0,1.0,0.0,7.770766091617671
tfnbs,"e=0.2,h=7.0,n=30,start_thres=1.25",hub,0.25,100,5,40,1730,36,0,4,1730,0.9,0.0,1.0,0.0,7.770766091617671
tfnbs,"e=0.2,h=8.0,n=30,start_thres=1.25",hub,0.25,100,5,40,1730,36,0,4,1730,0.9,0.0,1.0,0.0,7.770766091617671
tfnbs,"e=0.2,h=9.0,n=30,start_thres=1.25",hub,0.25,100,5,40,1730,36,0,4,1730,0.9,0.0,1.0,0.0,7.770766091617671
tfnbs,"e=0.2,h=10.0,n=30,start_thres=1.25",hub,0.25,100,5,40,1730,33,0,7,1730,0.825,0.0,1.0,0.0,7.770766091617671
tfnbs,"e=0.3,h=0.5,n=30,start_thres=1.25",hub,0.25,100,5,40,1730,40,4,0,1726,1.0,0.0023121387283236,0.9090909090909092,0.0909090909090909,7.770766091617671
tfnbs,"e=0.3,h=1.0,n=30,start_thres=1.25",hub,0.25,100,5,40,1730,40,4,0,1726,1.0,0.0023121387283236,0.9090909090909092,0.0909090909090909,7.770766091617671
tfnbs,"e=0.3,h=2.0,n=30,start_thres=1.25",hub,0.25,100,5,40,1730,40,4,0,1726,1.0,0.0023121387283236,0.9090909090909092,0.0909090909090909,7.770766091617671
tfnbs,"e=0.3,h=3.0,n=30,start_thres=1.25",hub,0.25,100,5,40,1730,39,2,1,1728,0.975,0.0011560693641618,0.951219512195122,0.048780487804878,7.770766091617671
tfnbs,"e=0.3,h=4.0,n=30,start_thres=1.25",hub,0.25,100,5,40,1730,39,2,1,1728,0.975,0.0011560693641618,0.951219512195122,0.048780487804878,7.770766091617671
tfnbs,"e=0.3,h=5.0,n=30,start_thres=1.25",hub,0.25,100,5,40,1730,38,1,2,1729,0.95,0.0005780346820809,0.9743589743589745,0.0256410256410256,7.770766091617671
tfnbs,"e=0.3,h=6.0,n=30,start_thres=1.25",hub,0.25,100,5,40,1730,38,1,2,1729,0.95,0.0005780346820809,0.9743589743589745,0.0256410256410256,7.770766091617671
tfnbs,"e=0.3,h=7.0,n=30,start_thres=1.25",hub,0.25,100,5,40,1730,38,1,2,1729,0.95,0.0005780346820809,0.9743589743589745,0.0256410256410256,7.770766091617671
tfnbs,"e=0.3,h=8.0,n=30,start_thres=1.25",hub,0.25,100,5,40,1730,36,0,4,1730,0.9,0.0,1.0,0.0,7.770766091617671
tfnbs,"e=0.3,h=9.0,n=30,start_thres=1.25",hub,0.25,100,5,40,1730,36,0,4,1730,0.9,0.0,1.0,0.0,7.770766091617671
tfnbs,"e=0.3,h=10.0,n=30,start_thres=1.25",hub,0.25,100,5,40,1730,36,0,4,1730,0.9,0.0,1.0,0.0,7.770766091617671
tfnbs,"e=0.4,h=0.5,n=30,start_thres=1.25",hub,0.25,100,5,40,1730,40,8,0,1722,1.0,0.0046242774566473,0.8333333333333334,0.1666666666666666,7.770766091617671
tfnbs,"e=0.4,h=1.0,n=30,start_thres=1.25",hub,0.25,100,5,40,1730,40,8,0,1722,1.0,0.0046242774566473,0.8333333333333334,0.1666666666666666,7.770766091617671
tfnbs,"e=0.4,h=2.0,n=30,start_thres=1.25",hub,0.25,100,5,40,1730,40,4,0,1726,1.0,0.0023121387283236,0.9090909090909092,0.0909090909090909,7.770766091617671
tfnbs,"e=0.4,h=3.0,n=30,start_thres=1.25",hub,0.25,100,5,40,1730,40,4,0,1726,1.0,0.0023121387283236,0.9090909090909092,0.0909090909090909,7.770766091617671
tfnbs,"e=0.4,h=4.0,n=30,start_thres=1.25",hub,0.25,100,5,40,1730,40,4,0,1726,1.0,0.0023121387283236,0.9090909090909092,0.0909090909090909,7.770766091617671
tfnbs,"e=0.4,h=5.0,n=30,start_thres=1.25",hub,0.25,100,5,40,1730,39,2,1,1728,0.975,0.0011560693641618,0.951219512195122,0.048780487804878,7.770766091617671
tfnbs,"e=0.4,h=6.0,n=30,start_thres=1.25",hub,0.25,100,5,40,1730,39,2,1,1728,0.975,0.0011560693641618,0.951219512195122,0.048780487804878,7.770766091617671
tfnbs,"e=0.4,h=7.0,n=30,start_thres=1.25",hub,0.25,100,5,40,1730,38,1,2,1729,0.95,0.0005780346820809,0.9743589743589745,0.0256410256410256,7.770766091617671
tfnbs,"e=0.4,h=8.0,n=30,start_thres=1.25",hub,0.25,100,5,40,1730,38,1,2,1729,0.95,0.0005780346820809,0.9743589743589745,0.0256410256410256,7.770766091617671
tfnbs,"e=0.4,h=9.0,n=30,start_thres=1.25",hub,0.25,100,5,40,1730,38,1,2,1729,0.95,0.0005780346820809,0.9743589743589745,0.0256410256410256,7.770766091617671
tfnbs,"e=0.4,h=10.0,n=30,start_thres=1.25",hub,0.25,100,5,40,1730,38,1,2,1729,0.95,0.0005780346820809,0.9743589743589745,0.0256410256410256,7.770766091617671
tfnbs,"e=0.5,h=0.5,n=30,start_thres=1.25",hub,0.25,100,5,40,1730,40,10,0,1720,1.0,0.0057803468208092,0.8,0.2,7.770766091617671
tfnbs,"e=0.5,h=1.0,n=30,start_thres=1.25",hub,0.25,100,5,40,1730,40,10,0,1720,1.0,0.0057803468208092,0.8,0.2,7.770766091617671
tfnbs,"e=0.5,h=2.0,n=30,start_thres=1.25",hub,0.25,100,5,40,1730,40,8,0,1722,1.0,0.0046242774566473,0.8333333333333334,0.1666666666666666,7.770766091617671
tfnbs,"e=0.5,h=3.0,n=30,start_thres=1.25",hub,0.25,100,5,40,1730,40,8,0,1722,1.0,0.0046242774566473,0.8333333333333334,0.1666666666666666,7.770766091617671
tfnbs,"e=0.5,h=4.0,n=30,start_thres=1.25",hub,0.25,100,5,40,1730,40,4,0,1726,1.0,0.0023121387283236,0.9090909090909092,0.0909090909090909,7.770766091617671
tfnbs,"e=0.5,h=5.0,n=30,start_thres=1.25",hub,0.25,100,5,40,1730,40,4,0,1726,1.0,0.0023121387283236,0.9090909090909092,0.0909090909090909,7.770766091617671
tfnbs,"e=0.5,h=6.0,n=30,start_thres=1.25",hub,0.25,100,5,40,1730,39,2,1,1728,0.975,0.0011560693641618,0.951219512195122,0.048780487804878,7.770766091617671
tfnbs,"e=0.5,h=7.0,n=30,start_thres=1.25",hub,0.25,100,5,40,1730,39,2,1,1728,0.975,0.0011560693641618,0.951219512195122,0.048780487804878,7.770766091617671
tfnbs,"e=0.5,h=8.0,n=30,start_thres=1.25",hub,0.25,100,5,40,1730,39,2,1,1728,0.975,0.0011560693641618,0.951219512195122,0.048780487804878,7.770766091617671
tfnbs,"e=0.5,h=9.0,n=30,start_thres=1.25",hub,0.25,100,5,40,1730,38,1,2,1729,0.95,0.0005780346820809,0.9743589743589745,0.0256410256410256,7.770766091617671
tfnbs,"e=0.5,h=10.0,n=30,start_thres=1.25",hub,0.25,100,5,40,1730,38,1,2,1729,0.95,0.0005780346820809,0.9743589743589745,0.0256410256410256,7.770766091617671
tfnbs,"e=0.6,h=0.5,n=30,start_thres=1.25",hub,0.25,100,5,40,1730,40,10,0,1720,1.0,0.0057803468208092,0.8,0.2,7.770766091617671
tfnbs,"e=0.6,h=1.0,n=30,start_thres=1.25",hub,0.25,100,5,40,1730,40,10,0,1720,1.0,0.0057803468208092,0.8,0.2,7.770766091617671
tfnbs,"e=0.6,h=2.0,n=30,start_thres=1.25",hub,0.25,100,5,40,1730,40,10,0,1720,1.0,0.0057803468208092,0.8,0.2,7.770766091617671
tfnbs,"e=0.6,h=3.0,n=30,start_thres=1.25",hub,0.25,100,5,40,1730,40,10,0,1720,1.0,0.0057803468208092,0.8,0.2,7.770766091617671
tfnbs,"e=0.6,h=4.0,n=30,start_thres=1.25",hub,0.25,100,5,40,1730,40,8,0,1722,1.0,0.0046242774566473,0.8333333333333334,0.1666666666666666,7.770766091617671
tfnbs,"e=0.6,h=5.0,n=30,start_thres=1.25",hub,0.25,100,5,40,1730,40,8,0,1722,1.0,0.0046242774566473,0.8333333333333334,0.1666666666666666,7.770766091617671
tfnbs,"e=0.6,h=6.0,n=30,start_thres=1.25",hub,0.25,100,5,40,1730,40,4,0,1726,1.0,0.0023121387283236,0.9090909090909092,0.0909090909090909,7.770766091617671
tfnbs,"e=0.6,h=7.0,n=30,start_thres=1.25",hub,0.25,100,5,40,1730,40,4,0,1726,1.0,0.0023121387283236,0.9090909090909092,0.0909090909090909,7.770766091617671
tfnbs,"e=0.6,h=8.0,n=30,start_thres=1.25",hub,0.25,100,5,40,1730,39,2,1,1728,0.975,0.0011560693641618,0.951219512195122,0.048780487804878,7.770766091617671
tfnbs,"e=0.6,h=9.0,n=30,start_thres=1.25",hub,0.25,100,5,40,1730,39,2,1,1728,0.975,0.0011560693641618,0.951219512195122,0.048780487804878,7.770766091617671
tfnbs,"e=0.6,h=10.0,n=30,start_thres=1.25",hub,0.25,100,5,40,1730,39,2,1,1728,0.975,0.0011560693641618,0.951219512195122,0.048780487804878,7.770766091617671
tfnbs,"e=0.7,h=0.5,n=30,start_thres=1.25",hub,0.25,100,5,40,1730,40,10,0,1720,1.0,0.0057803468208092,0.8,0.2,7.770766091617671
tfnbs,"e=0.7,h=1.0,n=30,start_thres=1.25",hub,0.25,100,5,40,1730,40,10,0,1720,1.0,0.0057803468208092,0.8,0.2,7.770766091617671
tfnbs,"e=0.7,h=2.0,n=30,start_thres=1.25",hub,0.25,100,5,40,1730,40,10,0,1720,1.0,0.0057803468208092,0.8,0.2,7.770766091617671
tfnbs,"e=0.7,h=3.0,n=30,start_thres=1.25",hub,0.25,100,5,40,1730,40,10,0,1720,1.0,0.0057803468208092,0.8,0.2,7.770766091617671
tfnbs,"e=0.7,h=4.0,n=30,start_thres=1.25",hub,0.25,100,5,40,1730,40,10,0,1720,1.0,0.0057803468208092,0.8,0.2,7.770766091617671
tfnbs,"e=0.7,h=5.0,n=30,start_thres=1.25",hub,0.25,100,5,40,1730,40,8,0,1722,1.0,0.0046242774566473,0.8333333333333334,0.1666666666666666,7.770766091617671
tfnbs,"e=0.7,h=6.0,n=30,start_thres=1.25",hub,0.25,100,5,40,1730,40,8,0,1722,1.0,0.0046242774566473,0.8333333333333334,0.1666666666666666,7.770766091617671
tfnbs,"e=0.7,h=7.0,n=30,start_thres=1.25",hub,0.25,100,5,40,1730,40,4,0,1726,1.0,0.0023121387283236,0.9090909090909092,0.0909090909090909,7.770766091617671
tfnbs,"e=0.7,h=8.0,n=30,start_thres=1.25",hub,0.25,100,5,40,1730,40,4,0,1726,1.0,0.0023121387283236,0.9090909090909092,0.0909090909090909,7.770766091617671
tfnbs,"e=0.7,h=9.0,n=30,start_thres=1.25",hub,0.25,100,5,40,1730,40,4,0,1726,1.0,0.0023121387283236,0.9090909090909092,0.0909090909090909,7.770766091617671
tfnbs,"e=0.7,h=10.0,n=30,start_thres=1.25",hub,0.25,100,5,40,1730,39,2,1,1728,0.975,0.0011560693641618,0.951219512195122,0.048780487804878,7.770766091617671
tfnbs,"e=0.8,h=0.5,n=30,start_thres=1.25",hub,0.25,100,5,40,1730,40,16,0,1714,1.0,0.0092485549132947,0.7142857142857143,0.2857142857142857,7.770766091617671
tfnbs,"e=0.8,h=1.0,n=30,start_thres=1.25",hub,0.25,100,5,40,1730,40,16,0,1714,1.0,0.0092485549132947,0.7142857142857143,0.2857142857142857,7.770766091617671
tfnbs,"e=0.8,h=2.0,n=30,start_thres=1.25",hub,0.25,100,5,40,1730,40,16,0,1714,1.0,0.0092485549132947,0.7142857142857143,0.2857142857142857,7.770766091617671
tfnbs,"e=0.8,h=3.0,n=30,start_thres=1.25",hub,0.25,100,5,40,1730,40,10,0,1720,1.0,0.0057803468208092,0.8,0.2,7.770766091617671
tfnbs,"e=0.8,h=4.0,n=30,start_thres=1.25",hub,0.25,100,5,40,1730,40,10,0,1720,1.0,0.0057803468208092,0.8,0.2,7.770766091617671
tfnbs,"e=0.8,h=5.0,n=30,start_thres=1.25",hub,0.25,100,5,40,1730,40,10,0,1720,1.0,0.0057803468208092,0.8,0.2,7.770766091617671
tfnbs,"e=0.8,h=6.0,n=30,start_thres=1.25",hub,0.25,100,5,40,1730,40,8,0,1722,1.0,0.0046242774566473,0.8333333333333334,0.1666666666666666,7.770766091617671
tfnbs,"e=0.8,h=7.0,n=30,start_thres=1.25",hub,0.25,100,5,40,1730,40,8,0,1722,1.0,0.0046242774566473,0.8333333333333334,0.1666666666666666,7.770766091617671
tfnbs,"e=0.8,h=8.0,n=30,start_thres=1.25",hub,0.25,100,5,40,1730,40,8,0,1722,1.0,0.0046242774566473,0.8333333333333334,0.1666666666666666,7.770766091617671
tfnbs,"e=0.8,h=9.0,n=30,start_thres=1.25",hub,0.25,100,5,40,1730,40,4,0,1726,1.0,0.0023121387283236,0.9090909090909092,0.0909090909090909,7.770766091617671
tfnbs,"e=0.8,h=10.0,n=30,start_thres=1.25",hub,0.25,100,5,40,1730,40,4,0,1726,1.0,0.0023121387283236,0.9090909090909092,0.0909090909090909,7.770766091617671
tfnbs,"e=0.9,h=0.5,n=30,start_thres=1.25",hub,0.25,100,5,40,1730,40,16,0,1714,1.0,0.0092485549132947,0.7142857142857143,0.2857142857142857,7.770766091617671
tfnbs,"e=0.9,h=1.0,n=30,start_thres=1.25",hub,0.25,100,5,40,1730,40,16,0,1714,1.0,0.0092485549132947,0.7142857142857143,0.2857142857142857,7.770766091617671
tfnbs,"e=0.9,h=2.0,n=30,start_thres=1.25",hub,0.25,100,5,40,1730,40,16,0,1714,1.0,0.0092485549132947,0.7142857142857143,0.2857142857142857,7.770766091617671
tfnbs,"e=0.9,h=3.0,n=30,start_thres=1.25",hub,0.25,100,5,40,1730,40,16,0,1714,1.0,0.0092485549132947,0.7142857142857143,0.2857142857142857,7.770766091617671
tfnbs,"e=0.9,h=4.0,n=30,start_thres=1.25",hub,0.25,100,5,40,1730,40,16,0,1714,1.0,0.0092485549132947,0.7142857142857143,0.2857142857142857,7.770766091617671
tfnbs,"e=0.9,h=5.0,n=30,start_thres=1.25",hub,0.25,100,5,40,1730,40,10,0,1720,1.0,0.0057803468208092,0.8,0.2,7.770766091617671
tfnbs,"e=0.9,h=6.0,n=30,start_thres=1.25",hub,0.25,100,5,40,1730,40,10,0,1720,1.0,0.0057803468208092,0.8,0.2,7.770766091617671
tfnbs,"e=0.9,h=7.0,n=30,start_thres=1.25",hub,0.25,100,5,40,1730,40,8,0,1722,1.0,0.0046242774566473,0.8333333333333334,0.1666666666666666,7.770766091617671
tfnbs,"e=0.9,h=8.0,n=30,start_thres=1.25",hub,0.25,100,5,40,1730,40,8,0,1722,1.0,0.0046242774566473,0.8333333333333334,0.1666666666666666,7.770766091617671
tfnbs,"e=0.9,h=9.0,n=30,start_thres=1.25",hub,0.25,100,5,40,1730,40,8,0,1722,1.0,0.0046242774566473,0.8333333333333334,0.1666666666666666,7.770766091617671
tfnbs,"e=0.9,h=10.0,n=30,start_thres=1.25",hub,0.25,100,5,40,1730,40,4,0,1726,1.0,0.0023121387283236,0.9090909090909092,0.0909090909090909,7.770766091617671
tfnbs,"e=1.0,h=0.5,n=30,start_thres=1.25",hub,0.25,100,5,40,1730,40,16,0,1714,1.0,0.0092485549132947,0.7142857142857143,0.2857142857142857,7.770766091617671
tfnbs,"e=1.0,h=1.0,n=30,start_thres=1.25",hub,0.25,100,5,40,1730,40,16,0,1714,1.0,0.0092485549132947,0.7142857142857143,0.2857142857142857,7.770766091617671
tfnbs,"e=1.0,h=2.0,n=30,start_thres=1.25",hub,0.25,100,5,40,1730,40,16,0,1714,1.0,0.0092485549132947,0.7142857142857143,0.2857142857142857,7.770766091617671
tfnbs,"e=1.0,h=3.0,n=30,start_thres=1.25",hub,0.25,100,5,40,1730,40,16,0,1714,1.0,0.0092485549132947,0.7142857142857143,0.2857142857142857,7.770766091617671
tfnbs,"e=1.0,h=4.0,n=30,start_thres=1.25",hub,0.25,100,5,40,1730,40,16,0,1714,1.0,0.0092485549132947,0.7142857142857143,0.2857142857142857,7.770766091617671
tfnbs,"e=1.0,h=5.0,n=30,start_thres=1.25",hub,0.25,100,5,40,1730,40,16,0,1714,1.0,0.0092485549132947,0.7142857142857143,0.2857142857142857,7.770766091617671
tfnbs,"e=1.0,h=6.0,n=30,start_thres=1.25",hub,0.25,100,5,40,1730,40,10,0,1720,1.0,0.0057803468208092,0.8,0.2,7.770766091617671
tfnbs,"e=1.0,h=7.0,n=30,start_thres=1.25",hub,0.25,100,5,40,1730,40,10,0,1720,1.0,0.0057803468208092,0.8,0.2,7.770766091617671
tfnbs,"e=1.0,h=8.0,n=30,start_thres=1.25",hub,0.25,100,5,40,1730,40,10,0,1720,1.0,0.0057803468208092,0.8,0.2,7.770766091617671
tfnbs,"e=1.0,h=9.0,n=30,start_thres=1.25",hub,0.25,100,5,40,1730,40,8,0,1722,1.0,0.0046242774566473,0.8333333333333334,0.1666666666666666,7.770766091617671
tfnbs,"e=1.0,h=10.0,n=30,start_thres=1.25",hub,0.25,100,5,40,1730,40,8,0,1722,1.0,0.0046242774566473,0.8333333333333334,0.1666666666666666,7.770766091617671
tfnbs,"e=1.1,h=0.5,n=30,start_thres=1.25",hub,0.25,100,5,40,1730,40,16,0,1714,1.0,0.0092485549132947,0.7142857142857143,0.2857142857142857,7.770766091617671
tfnbs,"e=1.1,h=1.0,n=30,start_thres=1.25",hub,0.25,100,5,40,1730,40,16,0,1714,1.0,0.0092485549132947,0.7142857142857143,0.2857142857142857,7.770766091617671
tfnbs,"e=1.1,h=2.0,n=30,start_thres=1.25",hub,0.25,100,5,40,1730,40,16,0,1714,1.0,0.0092485549132947,0.7142857142857143,0.2857142857142857,7.770766091617671
tfnbs,"e=1.1,h=3.0,n=30,start_thres=1.25",hub,0.25,100,5,40,1730,40,16,0,1714,1.0,0.0092485549132947,0.7142857142857143,0.2857142857142857,7.770766091617671
tfnbs,"e=1.1,h=4.0,n=30,start_thres=1.25",hub,0.25,100,5,40,1730,40,16,0,1714,1.0,0.0092485549132947,0.7142857142857143,0.2857142857142857,7.770766091617671
tfnbs,"e=1.1,h=5.0,n=30,start_thres=1.25",hub,0.25,100,5,40,1730,40,16,0,1714,1.0,0.0092485549132947,0.7142857142857143,0.2857142857142857,7.770766091617671
tfnbs,"e=1.1,h=6.0,n=30,start_thres=1.25",hub,0.25,100,5,40,1730,40,16,0,1714,1.0,0.0092485549132947,0.7142857142857143,0.2857142857142857,7.770766091617671
tfnbs,"e=1.1,h=7.0,n=30,start_thres=1.25",hub,0.25,100,5,40,1730,40,10,0,1720,1.0,0.0057803468208092,0.8,0.2,7.770766091617671
tfnbs,"e=1.1,h=8.0,n=30,start_thres=1.25",hub,0.25,100,5,40,1730,40,10,0,1720,1.0,0.0057803468208092,0.8,0.2,7.770766091617671
tfnbs,"e=1.1,h=9.0,n=30,start_thres=1.25",hub,0.25,100,5,40,1730,40,10,0,1720,1.0,0.0057803468208092,0.8,0.2,7.770766091617671
tfnbs,"e=1.1,h=10.0,n=30,start_thres=1.25",hub,0.25,100,5,40,1730,40,8,0,1722,1.0,0.0046242774566473,0.8333333333333334,0.1666666666666666,7.770766091617671
tfnbs,"e=1.2,h=0.5,n=30,start_thres=1.25",hub,0.25,100,5,40,1730,40,16,0,1714,1.0,0.0092485549132947,0.7142857142857143,0.2857142857142857,7.770766091617671
tfnbs,"e=1.2,h=1.0,n=30,start_thres=1.25",hub,0.25,100,5,40,1730,40,16,0,1714,1.0,0.0092485549132947,0.7142857142857143,0.2857142857142857,7.770766091617671
tfnbs,"e=1.2,h=2.0,n=30,start_thres=1.25",hub,0.25,100,5,40,1730,40,16,0,1714,1.0,0.0092485549132947,0.7142857142857143,0.2857142857142857,7.770766091617671
tfnbs,"e=1.2,h=3.0,n=30,start_thres=1.25",hub,0.25,100,5,40,1730,40,16,0,1714,1.0,0.0092485549132947,0.7142857142857143,0.2857142857142857,7.770766091617671
tfnbs,"e=1.2,h=4.0,n=30,start_thres=1.25",hub,0.25,100,5,40,1730,40,16,0,1714,1.0,0.0092485549132947,0.7142857142857143,0.2857142857142857,7.770766091617671
tfnbs,"e=1.2,h=5.0,n=30,start_thres=1.25",hub,0.25,100,5,40,1730,40,16,0,1714,1.0,0.0092485549132947,0.7142857142857143,0.2857142857142857,7.770766091617671
tfnbs,"e=1.2,h=6.0,n=30,start_thres=1.25",hub,0.25,100,5,40,1730,40,16,0,1714,1.0,0.0092485549132947,0.7142857142857143,0.2857142857142857,7.770766091617671
tfnbs,"e=1.2,h=7.0,n=30,start_thres=1.25",hub,0.25,100,5,40,1730,40,16,0,1714,1.0,0.0092485549132947,0.7142857142857143,0.2857142857142857,7.770766091617671
tfnbs,"e=1.2,h=8.0,n=30,start_thres=1.25",hub,0.25,100,5,40,1730,40,10,0,1720,1.0,0.0057803468208092,0.8,0.2,7.770766091617671
tfnbs,"e=1.2,h=9.0,n=30,start_thres=1.25",hub,0.25,100,5,40,1730,40,10,0,1720,1.0,0.0057803468208092,0.8,0.2,7.770766091617671
tfnbs,"e=1.2,h=10.0,n=30,start_thres=1.25",hub,0.25,100,5,40,1730,40,10,0,1720,1.0,0.0057803468208092,0.8,0.2,7.770766091617671
tfnbs,"e=1.3,h=0.5,n=30,start_thres=1.25",hub,0.25,100,5,40,1730,40,21,0,1709,1.0,0.0121387283236994,0.6557377049180327,0.3442622950819672,7.770766091617671
tfnbs,"e=1.3,h=1.0,n=30,start_thres=1.25",hub,0.25,100,5,40,1730,40,21,0,1709,1.0,0.0121387283236994,0.6557377049180327,0.3442622950819672,7.770766091617671
tfnbs,"e=1.3,h=2.0,n=30,start_thres=1.25",hub,0.25,100,5,40,1730,40,21,0,1709,1.0,0.0121387283236994,0.6557377049180327,0.3442622950819672,7.770766091617671
tfnbs,"e=1.3,h=3.0,n=30,start_thres=1.25",hub,0.25,100,5,40,1730,40,21,0,1709,1.0,0.0121387283236994,0.6557377049180327,0.3442622950819672,7.770766091617671
tfnbs,"e=1.3,h=4.0,n=30,start_thres=1.25",hub,0.25,100,5,40,1730,40,16,0,1714,1.0,0.0092485549132947,0.7142857142857143,0.2857142857142857,7.770766091617671
tfnbs,"e=1.3,h=5.0,n=30,start_thres=1.25",hub,0.25,100,5,40,1730,40,16,0,1714,1.0,0.0092485549132947,0.7142857142857143,0.2857142857142857,7.770766091617671
tfnbs,"e=1.3,h=6.0,n=30,start_thres=1.25",hub,0.25,100,5,40,1730,40,16,0,1714,1.0,0.0092485549132947,0.7142857142857143,0.2857142857142857,7.770766091617671
tfnbs,"e=1.3,h=7.0,n=30,start_thres=1.25",hub,0.25,100,5,40,1730,40,16,0,1714,1.0,0.0092485549132947,0.7142857142857143,0.2857142857142857,7.770766091617671
tfnbs,"e=1.3,h=8.0,n=30,start_thres=1.25",hub,0.25,100,5,40,1730,40,16,0,1714,1.0,0.0092485549132947,0.7142857142857143,0.2857142857142857,7.770766091617671
tfnbs,"e=1.3,h=9.0,n=30,start_thres=1.25",hub,0.25,100,5,40,1730,40,10,0,1720,1.0,0.0057803468208092,0.8,0.2,7.770766091617671
tfnbs,"e=1.3,h=10.0,n=30,start_thres=1.25",hub,0.25,100,5,40,1730,40,10,0,1720,1.0,0.0057803468208092,0.8,0.2,7.770766091617671
tfnbs,"e=1.4,h=0.5,n=30,start_thres=1.25",hub,0.25,100,5,40,1730,40,21,0,1709,1.0,0.0121387283236994,0.6557377049180327,0.3442622950819672,7.770766091617671
tfnbs,"e=1.4,h=1.0,n=30,start_thres=1.25",hub,0.25,100,5,40,1730,40,21,0,1709,1.0,0.0121387283236994,0.6557377049180327,0.3442622950819672,7.770766091617671
tfnbs,"e=1.4,h=2.0,n=30,start_thres=1.25",hub,0.25,100,5,40,1730,40,21,0,1709,1.0,0.0121387283236994,0.6557377049180327,0.3442622950819672,7.770766091617671
tfnbs,"e=1.4,h=3.0,n=30,start_thres=1.25",hub,0.25,100,5,40,1730,40,21,0,1709,1.0,0.0121387283236994,0.6557377049180327,0.3442622950819672,7.770766091617671
tfnbs,"e=1.4,h=4.0,n=30,start_thres=1.25",hub,0.25,100,5,40,1730,40,21,0,1709,1.0,0.0121387283236994,0.6557377049180327,0.3442622950819672,7.770766091617671
tfnbs,"e=1.4,h=5.0,n=30,start_thres=1.25",hub,0.25,100,5,40,1730,40,21,0,1709,1.0,0.0121387283236994,0.6557377049180327,0.3442622950819672,7.770766091617671
tfnbs,"e=1.4,h=6.0,n=30,start_thres=1.25",hub,0.25,100,5,40,1730,40,16,0,1714,1.0,0.0092485549132947,0.7142857142857143,0.2857142857142857,7.770766091617671
tfnbs,"e=1.4,h=7.0,n=30,start_thres=1.25",hub,0.25,100,5,40,1730,40,16,0,1714,1.0,0.0092485549132947,0.7142857142857143,0.2857142857142857,7.770766091617671
tfnbs,"e=1.4,h=8.0,n=30,start_thres=1.25",hub,0.25,100,5,40,1730,40,16,0,1714,1.0,0.0092485549132947,0.7142857142857143,0.2857142857142857,7.770766091617671
tfnbs,"e=1.4,h=9.0,n=30,start_thres=1.25",hub,0.25,100,5,40,1730,40,16,0,1714,1.0,0.0092485549132947,0.7142857142857143,0.2857142857142857,7.770766091617671
tfnbs,"e=1.4,h=10.0,n=30,start_thres=1.25",hub,0.25,100,5,40,1730,40,10,0,1720,1.0,0.0057803468208092,0.8,0.2,7.770766091617671
tfnbs,"e=1.5,h=0.5,n=30,start_thres=1.25",hub,0.25,100,5,40,1730,40,21,0,1709,1.0,0.0121387283236994,0.6557377049180327,0.3442622950819672,7.770766091617671
tfnbs,"e=1.5,h=1.0,n=30,start_thres=1.25",hub,0.25,100,5,40,1730,40,21,0,1709,1.0,0.0121387283236994,0.6557377049180327,0.3442622950819672,7.770766091617671
tfnbs,"e=1.5,h=2.0,n=30,start_thres=1.25",hub,0.25,100,5,40,1730,40,21,0,1709,1.0,0.0121387283236994,0.6557377049180327,0.3442622950819672,7.770766091617671
tfnbs,"e=1.5,h=3.0,n=30,start_thres=1.25",hub,0.25,100,5,40,1730,40,21,0,1709,1.0,0.0121387283236994,0.6557377049180327,0.3442622950819672,7.770766091617671
tfnbs,"e=1.5,h=4.0,n=30,start_thres=1.25",hub,0.25,100,5,40,1730,40,21,0,1709,1.0,0.0121387283236994,0.6557377049180327,0.3442622950819672,7.770766091617671
tfnbs,"e=1.5,h=5.0,n=30,start_thres=1.25",hub,0.25,100,5,40,1730,40,21,0,1709,1.0,0.0121387283236994,0.6557377049180327,0.3442622950819672,7.770766091617671
tfnbs,"e=1.5,h=6.0,n=30,start_thres=1.25",hub,0.25,100,5,40,1730,40,21,0,1709,1.0,0.0121387283236994,0.6557377049180327,0.3442622950819672,7.770766091617671
tfnbs,"e=1.5,h=7.0,n=30,start_thres=1.25",hub,0.25,100,5,40,1730,40,16,0,1714,1.0,0.0092485549132947,0.7142857142857143,0.2857142857142857,7.770766091617671
tfnbs,"e=1.5,h=8.0,n=30,start_thres=1.25",hub,0.25,100,5,40,1730,40,16,0,1714,1.0,0.0092485549132947,0.7142857142857143,0.2857142857142857,7.770766091617671
tfnbs,"e=1.5,h=9.0,n=30,start_thres=1.25",hub,0.25,100,5,40,1730,40,16,0,1714,1.0,0.0092485549132947,0.7142857142857143,0.2857142857142857,7.770766091617671
tfnbs,"e=1.5,h=10.0,n=30,start_thres=1.25",hub,0.25,100,5,40,1730,40,16,0,1714,1.0,0.0092485549132947,0.7142857142857143,0.2857142857142857,7.770766091617671
tfnbs,"e=0.05,h=0.5,n=30,start_thres=1.25",hub,0.25,100,14,40,1730,33,0,7,1730,0.825,0.0,1.0,0.0,7.759130742062222
tfnbs,"e=0.05,h=1.0,n=30,start_thres=1.25",hub,0.25,100,14,40,1730,33,0,7,1730,0.825,0.0,1.0,0.0,7.759130742062222
tfnbs,"e=0.05,h=2.0,n=30,start_thres=1.25",hub,0.25,100,14,40,1730,33,0,7,1730,0.825,0.0,1.0,0.0,7.759130742062222
tfnbs,"e=0.05,h=3.0,n=30,start_thres=1.25",hub,0.25,100,14,40,1730,33,0,7,1730,0.825,0.0,1.0,0.0,7.759130742062222
tfnbs,"e=0.05,h=4.0,n=30,start_thres=1.25",hub,0.25,100,14,40,1730,33,0,7,1730,0.825,0.0,1.0,0.0,7.759130742062222
tfnbs,"e=0.05,h=5.0,n=30,start_thres=1.25",hub,0.25,100,14,40,1730,33,0,7,1730,0.825,0.0,1.0,0.0,7.759130742062222
tfnbs,"e=0.05,h=6.0,n=30,start_thres=1.25",hub,0.25,100,14,40,1730,33,0,7,1730,0.825,0.0,1.0,0.0,7.759130742062222
tfnbs,"e=0.05,h=7.0,n=30,start_thres=1.25",hub,0.25,100,14,40,1730,33,0,7,1730,0.825,0.0,1.0,0.0,7.759130742062222
tfnbs,"e=0.05,h=8.0,n=30,start_thres=1.25",hub,0.25,100,14,40,1730,33,0,7,1730,0.825,0.0,1.0,0.0,7.759130742062222
tfnbs,"e=0.05,h=9.0,n=30,start_thres=1.25",hub,0.25,100,14,40,1730,33,0,7,1730,0.825,0.0,1.0,0.0,7.759130742062222
tfnbs,"e=0.05,h=10.0,n=30,start_thres=1.25",hub,0.25,100,14,40,1730,32,0,8,1730,0.8,0.0,1.0,0.0,7.759130742062222
tfnbs,"e=0.1,h=0.5,n=30,start_thres=1.25",hub,0.25,100,14,40,1730,34,0,6,1730,0.85,0.0,1.0,0.0,7.759130742062222
tfnbs,"e=0.1,h=1.0,n=30,start_thres=1.25",hub,0.25,100,14,40,1730,34,0,6,1730,0.85,0.0,1.0,0.0,7.759130742062222
tfnbs,"e=0.1,h=2.0,n=30,start_thres=1.25",hub,0.25,100,14,40,1730,34,0,6,1730,0.85,0.0,1.0,0.0,7.759130742062222
tfnbs,"e=0.1,h=3.0,n=30,start_thres=1.25",hub,0.25,100,14,40,1730,34,0,6,1730,0.85,0.0,1.0,0.0,7.759130742062222
tfnbs,"e=0.1,h=4.0,n=30,start_thres=1.25",hub,0.25,100,14,40,1730,33,0,7,1730,0.825,0.0,1.0,0.0,7.759130742062222
tfnbs,"e=0.1,h=5.0,n=30,start_thres=1.25",hub,0.25,100,14,40,1730,33,0,7,1730,0.825,0.0,1.0,0.0,7.759130742062222
tfnbs,"e=0.1,h=6.0,n=30,start_thres=1.25",hub,0.25,100,14,40,1730,33,0,7,1730,0.825,0.0,1.0,0.0,7.759130742062222
tfnbs,"e=0.1,h=7.0,n=30,start_thres=1.25",hub,0.25,100,14,40,1730,33,0,7,1730,0.825,0.0,1.0,0.0,7.759130742062222
tfnbs,"e=0.1,h=8.0,n=30,start_thres=1.25",hub,0.25,100,14,40,1730,33,0,7,1730,0.825,0.0,1.0,0.0,7.759130742062222
tfnbs,"e=0.1,h=9.0,n=30,start_thres=1.25",hub,0.25,100,14,40,1730,33,0,7,1730,0.825,0.0,1.0,0.0,7.759130742062222
tfnbs,"e=0.1,h=10.0,n=30,start_thres=1.25",hub,0.25,100,14,40,1730,33,0,7,1730,0.825,0.0,1.0,0.0,7.759130742062222
tfnbs,"e=0.2,h=0.5,n=30,start_thres=1.25",hub,0.25,100,14,40,1730,36,0,4,1730,0.9,0.0,1.0,0.0,7.759130742062222
tfnbs,"e=0.2,h=1.0,n=30,start_thres=1.25",hub,0.25,100,14,40,1730,36,0,4,1730,0.9,0.0,1.0,0.0,7.759130742062222
tfnbs,"e=0.2,h=2.0,n=30,start_thres=1.25",hub,0.25,100,14,40,1730,36,0,4,1730,0.9,0.0,1.0,0.0,7.759130742062222
tfnbs,"e=0.2,h=3.0,n=30,start_thres=1.25",hub,0.25,100,14,40,1730,36,0,4,1730,0.9,0.0,1.0,0.0,7.759130742062222
tfnbs,"e=0.2,h=4.0,n=30,start_thres=1.25",hub,0.25,100,14,40,1730,36,0,4,1730,0.9,0.0,1.0,0.0,7.759130742062222
tfnbs,"e=0.2,h=5.0,n=30,start_thres=1.25",hub,0.25,100,14,40,1730,34,0,6,1730,0.85,0.0,1.0,0.0,7.759130742062222
tfnbs,"e=0.2,h=6.0,n=30,start_thres=1.25",hub,0.25,100,14,40,1730,34,0,6,1730,0.85,0.0,1.0,0.0,7.759130742062222
tfnbs,"e=0.2,h=7.0,n=30,start_thres=1.25",hub,0.25,100,14,40,1730,34,0,6,1730,0.85,0.0,1.0,0.0,7.759130742062222
tfnbs,"e=0.2,h=8.0,n=30,start_thres=1.25",hub,0.25,100,14,40,1730,34,0,6,1730,0.85,0.0,1.0,0.0,7.759130742062222
tfnbs,"e=0.2,h=9.0,n=30,start_thres=1.25",hub,0.25,100,14,40,1730,34,0,6,1730,0.85,0.0,1.0,0.0,7.759130742062222
tfnbs,"e=0.2,h=10.0,n=30,start_thres=1.25",hub,0.25,100,14,40,1730,33,0,7,1730,0.825,0.0,1.0,0.0,7.759130742062222
tfnbs,"e=0.3,h=0.5,n=30,start_thres=1.25",hub,0.25,100,14,40,1730,37,0,3,1730,0.925,0.0,1.0,0.0,7.759130742062222
tfnbs,"e=0.3,h=1.0,n=30,start_thres=1.25",hub,0.25,100,14,40,1730,37,0,3,1730,0.925,0.0,1.0,0.0,7.759130742062222
tfnbs,"e=0.3,h=2.0,n=30,start_thres=1.25",hub,0.25,100,14,40,1730,37,0,3,1730,0.925,0.0,1.0,0.0,7.759130742062222
tfnbs,"e=0.3,h=3.0,n=30,start_thres=1.25",hub,0.25,100,14,40,1730,36,0,4,1730,0.9,0.0,1.0,0.0,7.759130742062222
tfnbs,"e=0.3,h=4.0,n=30,start_thres=1.25",hub,0.25,100,14,40,1730,36,0,4,1730,0.9,0.0,1.0,0.0,7.759130742062222
tfnbs,"e=0.3,h=5.0,n=30,start_thres=1.25",hub,0.25,100,14,40,1730,36,0,4,1730,0.9,0.0,1.0,0.0,7.759130742062222
tfnbs,"e=0.3,h=6.0,n=30,start_thres=1.25",hub,0.25,100,14,40,1730,36,0,4,1730,0.9,0.0,1.0,0.0,7.759130742062222
tfnbs,"e=0.3,h=7.0,n=30,start_thres=1.25",hub,0.25,100,14,40,1730,36,0,4,1730,0.9,0.0,1.0,0.0,7.759130742062222
tfnbs,"e=0.3,h=8.0,n=30,start_thres=1.25",hub,0.25,100,14,40,1730,34,0,6,1730,0.85,0.0,1.0,0.0,7.759130742062222
tfnbs,"e=0.3,h=9.0,n=30,start_thres=1.25",hub,0.25,100,14,40,1730,34,0,6,1730,0.85,0.0,1.0,0.0,7.759130742062222
tfnbs,"e=0.3,h=10.0,n=30,start_thres=1.25",hub,0.25,100,14,40,1730,34,0,6,1730,0.85,0.0,1.0,0.0,7.759130742062222
tfnbs,"e=0.4,h=0.5,n=30,start_thres=1.25",hub,0.25,100,14,40,1730,37,1,3,1729,0.925,0.0005780346820809,0.9736842105263158,0.0263157894736842,7.759130742062222
tfnbs,"e=0.4,h=1.0,n=30,start_thres=1.25",hub,0.25,100,14,40,1730,37,1,3,1729,0.925,0.0005780346820809,0.9736842105263158,0.0263157894736842,7.759130742062222
tfnbs,"e=0.4,h=2.0,n=30,start_thres=1.25",hub,0.25,100,14,40,1730,37,1,3,1729,0.925,0.0005780346820809,0.9736842105263158,0.0263157894736842,7.759130742062222
tfnbs,"e=0.4,h=3.0,n=30,start_thres=1.25",hub,0.25,100,14,40,1730,37,0,3,1730,0.925,0.0,1.0,0.0,7.759130742062222
tfnbs,"e=0.4,h=4.0,n=30,start_thres=1.25",hub,0.25,100,14,40,1730,37,0,3,1730,0.925,0.0,1.0,0.0,7.759130742062222
tfnbs,"e=0.4,h=5.0,n=30,start_thres=1.25",hub,0.25,100,14,40,1730,36,0,4,1730,0.9,0.0,1.0,0.0,7.759130742062222
tfnbs,"e=0.4,h=6.0,n=30,start_thres=1.25",hub,0.25,100,14,40,1730,36,0,4,1730,0.9,0.0,1.0,0.0,7.759130742062222
tfnbs,"e=0.4,h=7.0,n=30,start_thres=1.25",hub,0.25,100,14,40,1730,36,0,4,1730,0.9,0.0,1.0,0.0,7.759130742062222
tfnbs,"e=0.4,h=8.0,n=30,start_thres=1.25",hub,0.25,100,14,40,1730,36,0,4,1730,0.9,0.0,1.0,0.0,7.759130742062222
tfnbs,"e=0.4,h=9.0,n=30,start_thres=1.25",hub,0.25,100,14,40,1730,36,0,4,1730,0.9,0.0,1.0,0.0,7.759130742062222
tfnbs,"e=0.4,h=10.0,n=30,start_thres=1.25",hub,0.25,100,14,40,1730,36,0,4,1730,0.9,0.0,1.0,0.0,7.759130742062222
tfnbs,"e=0.5,h=0.5,n=30,start_thres=1.25",hub,0.25,100,14,40,1730,39,3,1,1727,0.975,0.0017341040462427,0.9285714285714286,0.0714285714285714,7.759130742062222
tfnbs,"e=0.5,h=1.0,n=30,start_thres=1.25",hub,0.25,100,14,40,1730,39,3,1,1727,0.975,0.0017341040462427,0.9285714285714286,0.0714285714285714,7.759130742062222
tfnbs,"e=0.5,h=2.0,n=30,start_thres=1.25",hub,0.25,100,14,40,1730,39,3,1,1727,0.975,0.0017341040462427,0.9285714285714286,0.0714285714285714,7.759130742062222
tfnbs,"e=0.5,h=3.0,n=30,start_thres=1.25",hub,0.25,100,14,40,1730,37,1,3,1729,0.925,0.0005780346820809,0.9736842105263158,0.0263157894736842,7.759130742062222
tfnbs,"e=0.5,h=4.0,n=30,start_thres=1.25",hub,0.25,100,14,40,1730,37,1,3,1729,0.925,0.0005780346820809,0.9736842105263158,0.0263157894736842,7.759130742062222
tfnbs,"e=0.5,h=5.0,n=30,start_thres=1.25",hub,0.25,100,14,40,1730,37,0,3,1730,0.925,0.0,1.0,0.0,7.759130742062222
tfnbs,"e=0.5,h=6.0,n=30,start_thres=1.25",hub,0.25,100,14,40,1730,37,0,3,1730,0.925,0.0,1.0,0.0,7.759130742062222
tfnbs,"e=0.5,h=7.0,n=30,start_thres=1.25",hub,0.25,100,14,40,1730,36,0,4,1730,0.9,0.0,1.0,0.0,7.759130742062222
tfnbs,"e=0.5,h=8.0,n=30,start_thres=1.25",hub,0.25,100,14,40,1730,36,0,4,1730,0.9,0.0,1.0,0.0,7.759130742062222
tfnbs,"e=0.5,h=9.0,n=30,start_thres=1.25",hub,0.25,100,14,40,1730,36,0,4,1730,0.9,0.0,1.0,0.0,7.759130742062222
tfnbs,"e=0.5,h=10.0,n=30,start_thres=1.25",hub,0.25,100,14,40,1730,36,0,4,1730,0.9,0.0,1.0,0.0,7.759130742062222
tfnbs,"e=0.6,h=0.5,n=30,start_thres=1.25",hub,0.25,100,14,40,1730,40,5,0,1725,1.0,0.0028901734104046,0.8888888888888888,0.1111111111111111,7.759130742062222
tfnbs,"e=0.6,h=1.0,n=30,start_thres=1.25",hub,0.25,100,14,40,1730,39,3,1,1727,0.975,0.0017341040462427,0.9285714285714286,0.0714285714285714,7.759130742062222
tfnbs,"e=0.6,h=2.0,n=30,start_thres=1.25",hub,0.25,100,14,40,1730,39,3,1,1727,0.975,0.0017341040462427,0.9285714285714286,0.0714285714285714,7.759130742062222
tfnbs,"e=0.6,h=3.0,n=30,start_thres=1.25",hub,0.25,100,14,40,1730,39,3,1,1727,0.975,0.0017341040462427,0.9285714285714286,0.0714285714285714,7.759130742062222
tfnbs,"e=0.6,h=4.0,n=30,start_thres=1.25",hub,0.25,100,14,40,1730,39,3,1,1727,0.975,0.0017341040462427,0.9285714285714286,0.0714285714285714,7.759130742062222
tfnbs,"e=0.6,h=5.0,n=30,start_thres=1.25",hub,0.25,100,14,40,1730,37,1,3,1729,0.925,0.0005780346820809,0.9736842105263158,0.0263157894736842,7.759130742062222
tfnbs,"e=0.6,h=6.0,n=30,start_thres=1.25",hub,0.25,100,14,40,1730,37,0,3,1730,0.925,0.0,1.0,0.0,7.759130742062222
tfnbs,"e=0.6,h=7.0,n=30,start_thres=1.25",hub,0.25,100,14,40,1730,37,0,3,1730,0.925,0.0,1.0,0.0,7.759130742062222
tfnbs,"e=0.6,h=8.0,n=30,start_thres=1.25",hub,0.25,100,14,40,1730,37,0,3,1730,0.925,0.0,1.0,0.0,7.759130742062222
tfnbs,"e=0.6,h=9.0,n=30,start_thres=1.25",hub,0.25,100,14,40,1730,36,0,4,1730,0.9,0.0,1.0,0.0,7.759130742062222
tfnbs,"e=0.6,h=10.0,n=30,start_thres=1.25",hub,0.25,100,14,40,1730,36,0,4,1730,0.9,0.0,1.0,0.0,7.759130742062222
tfnbs,"e=0.7,h=0.5,n=30,start_thres=1.25",hub,0.25,100,14,40,1730,40,5,0,1725,1.0,0.0028901734104046,0.8888888888888888,0.1111111111111111,7.759130742062222
tfnbs,"e=0.7,h=1.0,n=30,start_thres=1.25",hub,0.25,100,14,40,1730,40,5,0,1725,1.0,0.0028901734104046,0.8888888888888888,0.1111111111111111,7.759130742062222
tfnbs,"e=0.7,h=2.0,n=30,start_thres=1.25",hub,0.25,100,14,40,1730,40,5,0,1725,1.0,0.0028901734104046,0.8888888888888888,0.1111111111111111,7.759130742062222
tfnbs,"e=0.7,h=3.0,n=30,start_thres=1.25",hub,0.25,100,14,40,1730,39,3,1,1727,0.975,0.0017341040462427,0.9285714285714286,0.0714285714285714,7.759130742062222
tfnbs,"e=0.7,h=4.0,n=30,start_thres=1.25",hub,0.25,100,14,40,1730,39,3,1,1727,0.975,0.0017341040462427,0.9285714285714286,0.0714285714285714,7.759130742062222
tfnbs,"e=0.7,h=5.0,n=30,start_thres=1.25",hub,0.25,100,14,40,1730,39,3,1,1727,0.975,0.0017341040462427,0.9285714285714286,0.0714285714285714,7.759130742062222
tfnbs,"e=0.7,h=6.0,n=30,start_thres=1.25",hub,0.25,100,14,40,1730,37,1,3,1729,0.925,0.0005780346820809,0.9736842105263158,0.0263157894736842,7.759130742062222
tfnbs,"e=0.7,h=7.0,n=30,start_thres=1.25",hub,0.25,100,14,40,1730,37,1,3,1729,0.925,0.0005780346820809,0.9736842105263158,0.0263157894736842,7.759130742062222
tfnbs,"e=0.7,h=8.0,n=30,start_thres=1.25",hub,0.25,100,14,40,1730,37,0,3,1730,0.925,0.0,1.0,0.0,7.759130742062222
tfnbs,"e=0.7,h=9.0,n=30,start_thres=1.25",hub,0.25,100,14,40,1730,37,0,3,1730,0.925,0.0,1.0,0.0,7.759130742062222
tfnbs,"e=0.7,h=10.0,n=30,start_thres=1.25",hub,0.25,100,14,40,1730,36,0,4,1730,0.9,0.0,1.0,0.0,7.759130742062222
tfnbs,"e=0.8,h=0.5,n=30,start_thres=1.25",hub,0.25,100,14,40,1730,40,5,0,1725,1.0,0.0028901734104046,0.8888888888888888,0.1111111111111111,7.759130742062222
tfnbs,"e=0.8,h=1.0,n=30,start_thres=1.25",hub,0.25,100,14,40,1730,40,5,0,1725,1.0,0.0028901734104046,0.8888888888888888,0.1111111111111111,7.759130742062222
tfnbs,"e=0.8,h=2.0,n=30,start_thres=1.25",hub,0.25,100,14,40,1730,40,5,0,1725,1.0,0.0028901734104046,0.8888888888888888,0.1111111111111111,7.759130742062222
tfnbs,"e=0.8,h=3.0,n=30,start_thres=1.25",hub,0.25,100,14,40,1730,40,5,0,1725,1.0,0.0028901734104046,0.8888888888888888,0.1111111111111111,7.759130742062222
tfnbs,"e=0.8,h=4.0,n=30,start_thres=1.25",hub,0.25,100,14,40,1730,40,5,0,1725,1.0,0.0028901734104046,0.8888888888888888,0.1111111111111111,7.759130742062222
tfnbs,"e=0.8,h=5.0,n=30,start_thres=1.25",hub,0.25,100,14,40,1730,39,3,1,1727,0.975,0.0017341040462427,0.9285714285714286,0.0714285714285714,7.759130742062222
tfnbs,"e=0.8,h=6.0,n=30,start_thres=1.25",hub,0.25,100,14,40,1730,39,3,1,1727,0.975,0.0017341040462427,0.9285714285714286,0.0714285714285714,7.759130742062222
tfnbs,"e=0.8,h=7.0,n=30,start_thres=1.25",hub,0.25,100,14,40,1730,37,1,3,1729,0.925,0.0005780346820809,0.9736842105263158,0.0263157894736842,7.759130742062222
tfnbs,"e=0.8,h=8.0,n=30,start_thres=1.25",hub,0.25,100,14,40,1730,37,1,3,1729,0.925,0.0005780346820809,0.9736842105263158,0.0263157894736842,7.759130742062222
tfnbs,"e=0.8,h=9.0,n=30,start_thres=1.25",hub,0.25,100,14,40,1730,37,0,3,1730,0.925,0.0,1.0,0.0,7.759130742062222
tfnbs,"e=0.8,h=10.0,n=30,start_thres=1.25",hub,0.25,100,14,40,1730,37,0,3,1730,0.925,0.0,1.0,0.0,7.759130742062222
tfnbs,"e=0.9,h=0.5,n=30,start_thres=1.25",hub,0.25,100,14,40,1730,40,6,0,1724,1.0,0.0034682080924855,0.8695652173913043,0.1304347826086956,7.759130742062222
tfnbs,"e=0.9,h=1.0,n=30,start_thres=1.25",hub,0.25,100,14,40,1730,40,6,0,1724,1.0,0.0034682080924855,0.8695652173913043,0.1304347826086956,7.759130742062222
tfnbs,"e=0.9,h=2.0,n=30,start_thres=1.25",hub,0.25,100,14,40,1730,40,6,0,1724,1.0,0.0034682080924855,0.8695652173913043,0.1304347826086956,7.759130742062222
tfnbs,"e=0.9,h=3.0,n=30,start_thres=1.25",hub,0.25,100,14,40,1730,40,5,0,1725,1.0,0.0028901734104046,0.8888888888888888,0.1111111111111111,7.759130742062222
tfnbs,"e=0.9,h=4.0,n=30,start_thres=1.25",hub,0.25,100,14,40,1730,40,5,0,1725,1.0,0.0028901734104046,0.8888888888888888,0.1111111111111111,7.759130742062222
tfnbs,"e=0.9,h=5.0,n=30,start_thres=1.25",hub,0.25,100,14,40,1730,40,5,0,1725,1.0,0.0028901734104046,0.8888888888888888,0.1111111111111111,7.759130742062222
tfnbs,"e=0.9,h=6.0,n=30,start_thres=1.25",hub,0.25,100,14,40,1730,39,3,1,1727,0.975,0.0017341040462427,0.9285714285714286,0.0714285714285714,7.759130742062222
tfnbs,"e=0.9,h=7.0,n=30,start_thres=1.25",hub,0.25,100,14,40,1730,39,3,1,1727,0.975,0.0017341040462427,0.9285714285714286,0.0714285714285714,7.759130742062222
tfnbs,"e=0.9,h=8.0,n=30,start_thres=1.25",hub,0.25,100,14,40,1730,37,1,3,1729,0.925,0.0005780346820809,0.9736842105263158,0.0263157894736842,7.759130742062222
tfnbs,"e=0.9,h=9.0,n=30,start_thres=1.25",hub,0.25,100,14,40,1730,37,1,3,1729,0.925,0.0005780346820809,0.9736842105263158,0.0263157894736842,7.759130742062222
tfnbs,"e=0.9,h=10.0,n=30,start_thres=1.25",hub,0.25,100,14,40,1730,37,1,3,1729,0.925,0.0005780346820809,0.9736842105263158,0.0263157894736842,7.759130742062222
tfnbs,"e=1.0,h=0.5,n=30,start_thres=1.25",hub,0.25,100,14,40,1730,40,14,0,1716,1.0,0.0080924855491329,0.7407407407407407,0.2592592592592592,7.759130742062222
tfnbs,"e=1.0,h=1.0,n=30,start_thres=1.25",hub,0.25,100,14,40,1730,40,14,0,1716,1.0,0.0080924855491329,0.7407407407407407,0.2592592592592592,7.759130742062222
tfnbs,"e=1.0,h=2.0,n=30,start_thres=1.25",hub,0.25,100,14,40,1730,40,14,0,1716,1.0,0.0080924855491329,0.7407407407407407,0.2592592592592592,7.759130742062222
tfnbs,"e=1.0,h=3.0,n=30,start_thres=1.25",hub,0.25,100,14,40,1730,40,14,0,1716,1.0,0.0080924855491329,0.7407407407407407,0.2592592592592592,7.759130742062222
tfnbs,"e=1.0,h=4.0,n=30,start_thres=1.25",hub,0.25,100,14,40,1730,40,5,0,1725,1.0,0.0028901734104046,0.8888888888888888,0.1111111111111111,7.759130742062222
tfnbs,"e=1.0,h=5.0,n=30,start_thres=1.25",hub,0.25,100,14,40,1730,40,5,0,1725,1.0,0.0028901734104046,0.8888888888888888,0.1111111111111111,7.759130742062222
tfnbs,"e=1.0,h=6.0,n=30,start_thres=1.25",hub,0.25,100,14,40,1730,40,5,0,1725,1.0,0.0028901734104046,0.8888888888888888,0.1111111111111111,7.759130742062222
tfnbs,"e=1.0,h=7.0,n=30,start_thres=1.25",hub,0.25,100,14,40,1730,39,3,1,1727,0.975,0.0017341040462427,0.9285714285714286,0.0714285714285714,7.759130742062222
tfnbs,"e=1.0,h=8.0,n=30,start_thres=1.25",hub,0.25,100,14,40,1730,39,3,1,1727,0.975,0.0017341040462427,0.9285714285714286,0.0714285714285714,7.759130742062222
tfnbs,"e=1.0,h=9.0,n=30,start_thres=1.25",hub,0.25,100,14,40,1730,39,3,1,1727,0.975,0.0017341040462427,0.9285714285714286,0.0714285714285714,7.759130742062222
tfnbs,"e=1.0,h=10.0,n=30,start_thres=1.25",hub,0.25,100,14,40,1730,37,1,3,1729,0.925,0.0005780346820809,0.9736842105263158,0.0263157894736842,7.759130742062222
tfnbs,"e=1.1,h=0.5,n=30,start_thres=1.25",hub,0.25,100,14,40,1730,40,14,0,1716,1.0,0.0080924855491329,0.7407407407407407,0.2592592592592592,7.759130742062222
tfnbs,"e=1.1,h=1.0,n=30,start_thres=1.25",hub,0.25,100,14,40,1730,40,14,0,1716,1.0,0.0080924855491329,0.7407407407407407,0.2592592592592592,7.759130742062222
tfnbs,"e=1.1,h=2.0,n=30,start_thres=1.25",hub,0.25,100,14,40,1730,40,14,0,1716,1.0,0.0080924855491329,0.7407407407407407,0.2592592592592592,7.759130742062222
tfnbs,"e=1.1,h=3.0,n=30,start_thres=1.25",hub,0.25,100,14,40,1730,40,14,0,1716,1.0,0.0080924855491329,0.7407407407407407,0.2592592592592592,7.759130742062222
tfnbs,"e=1.1,h=4.0,n=30,start_thres=1.25",hub,0.25,100,14,40,1730,40,14,0,1716,1.0,0.0080924855491329,0.7407407407407407,0.2592592592592592,7.759130742062222
tfnbs,"e=1.1,h=5.0,n=30,start_thres=1.25",hub,0.25,100,14,40,1730,40,6,0,1724,1.0,0.0034682080924855,0.8695652173913043,0.1304347826086956,7.759130742062222
tfnbs,"e=1.1,h=6.0,n=30,start_thres=1.25",hub,0.25,100,14,40,1730,40,5,0,1725,1.0,0.0028901734104046,0.8888888888888888,0.1111111111111111,7.759130742062222
tfnbs,"e=1.1,h=7.0,n=30,start_thres=1.25",hub,0.25,100,14,40,1730,40,5,0,1725,1.0,0.0028901734104046,0.8888888888888888,0.1111111111111111,7.759130742062222
tfnbs,"e=1.1,h=8.0,n=30,start_thres=1.25",hub,0.25,100,14,40,1730,39,3,1,1727,0.975,0.0017341040462427,0.9285714285714286,0.0714285714285714,7.759130742062222
tfnbs,"e=1.1,h=9.0,n=30,start_thres=1.25",hub,0.25,100,14,40,1730,39,3,1,1727,0.975,0.0017341040462427,0.9285714285714286,0.0714285714285714,7.759130742062222
tfnbs,"e=1.1,h=10.0,n=30,start_thres=1.25",hub,0.25,100,14,40,1730,39,3,1,1727,0.975,0.0017341040462427,0.9285714285714286,0.0714285714285714,7.759130742062222
tfnbs,"e=1.2,h=0.5,n=30,start_thres=1.25",hub,0.25,100,14,40,1730,40,14,0,1716,1.0,0.0080924855491329,0.7407407407407407,0.2592592592592592,7.759130742062222
tfnbs,"e=1.2,h=1.0,n=30,start_thres=1.25",hub,0.25,100,14,40,1730,40,14,0,1716,1.0,0.0080924855491329,0.7407407407407407,0.2592592592592592,7.759130742062222
tfnbs,"e=1.2,h=2.0,n=30,start_thres=1.25",hub,0.25,100,14,40,1730,40,14,0,1716,1.0,0.0080924855491329,0.7407407407407407,0.2592592592592592,7.759130742062222
tfnbs,"e=1.2,h=3.0,n=30,start_thres=1.25",hub,0.25,100,14,40,1730,40,14,0,1716,1.0,0.0080924855491329,0.7407407407407407,0.2592592592592592,7.759130742062222
tfnbs,"e=1.2,h=4.0,n=30,start_thres=1.25",hub,0.25,100,14,40,1730,40,14,0,1716,1.0,0.0080924855491329,0.7407407407407407,0.2592592592592592,7.759130742062222
tfnbs,"e=1.2,h=5.0,n=30,start_thres=1.25",hub,0.25,100,14,40,1730,40,14,0,1716,1.0,0.0080924855491329,0.7407407407407407,0.2592592592592592,7.759130742062222
tfnbs,"e=1.2,h=6.0,n=30,start_thres=1.25",hub,0.25,100,14,40,1730,40,6,0,1724,1.0,0.0034682080924855,0.8695652173913043,0.1304347826086956,7.759130742062222
tfnbs,"e=1.2,h=7.0,n=30,start_thres=1.25",hub,0.25,100,14,40,1730,40,5,0,1725,1.0,0.0028901734104046,0.8888888888888888,0.1111111111111111,7.759130742062222
tfnbs,"e=1.2,h=8.0,n=30,start_thres=1.25",hub,0.25,100,14,40,1730,40,5,0,1725,1.0,0.0028901734104046,0.8888888888888888,0.1111111111111111,7.759130742062222
tfnbs,"e=1.2,h=9.0,n=30,start_thres=1.25",hub,0.25,100,14,40,1730,39,3,1,1727,0.975,0.0017341040462427,0.9285714285714286,0.0714285714285714,7.759130742062222
tfnbs,"e=1.2,h=10.0,n=30,start_thres=1.25",hub,0.25,100,14,40,1730,39,3,1,1727,0.975,0.0017341040462427,0.9285714285714286,0.0714285714285714,7.759130742062222
tfnbs,"e=1.3,h=0.5,n=30,start_thres=1.25",hub,0.25,100,14,40,1730,40,14,0,1716,1.0,0.0080924855491329,0.7407407407407407,0.2592592592592592,7.759130742062222
tfnbs,"e=1.3,h=1.0,n=30,start_thres=1.25",hub,0.25,100,14,40,1730,40,14,0,1716,1.0,0.0080924855491329,0.7407407407407407,0.2592592592592592,7.759130742062222
tfnbs,"e=1.3,h=2.0,n=30,start_thres=1.25",hub,0.25,100,14,40,1730,40,14,0,1716,1.0,0.0080924855491329,0.7407407407407407,0.2592592592592592,7.759130742062222
tfnbs,"e=1.3,h=3.0,n=30,start_thres=1.25",hub,0.25,100,14,40,1730,40,14,0,1716,1.0,0.0080924855491329,0.7407407407407407,0.2592592592592592,7.759130742062222
tfnbs,"e=1.3,h=4.0,n=30,start_thres=1.25",hub,0.25,100,14,40,1730,40,14,0,1716,1.0,0.0080924855491329,0.7407407407407407,0.2592592592592592,7.759130742062222
tfnbs,"e=1.3,h=5.0,n=30,start_thres=1.25",hub,0.25,100,14,40,1730,40,14,0,1716,1.0,0.0080924855491329,0.7407407407407407,0.2592592592592592,7.759130742062222
tfnbs,"e=1.3,h=6.0,n=30,start_thres=1.25",hub,0.25,100,14,40,1730,40,14,0,1716,1.0,0.0080924855491329,0.7407407407407407,0.2592592592592592,7.759130742062222
tfnbs,"e=1.3,h=7.0,n=30,start_thres=1.25",hub,0.25,100,14,40,1730,40,14,0,1716,1.0,0.0080924855491329,0.7407407407407407,0.2592592592592592,7.759130742062222
tfnbs,"e=1.3,h=8.0,n=30,start_thres=1.25",hub,0.25,100,14,40,1730,40,5,0,1725,1.0,0.0028901734104046,0.8888888888888888,0.1111111111111111,7.759130742062222
tfnbs,"e=1.3,h=9.0,n=30,start_thres=1.25",hub,0.25,100,14,40,1730,40,5,0,1725,1.0,0.0028901734104046,0.8888888888888888,0.1111111111111111,7.759130742062222
tfnbs,"e=1.3,h=10.0,n=30,start_thres=1.25",hub,0.25,100,14,40,1730,40,5,0,1725,1.0,0.0028901734104046,0.8888888888888888,0.1111111111111111,7.759130742062222
tfnbs,"e=1.4,h=0.5,n=30,start_thres=1.25",hub,0.25,100,14,40,1730,40,14,0,1716,1.0,0.0080924855491329,0.7407407407407407,0.2592592592592592,7.759130742062222
tfnbs,"e=1.4,h=1.0,n=30,start_thres=1.25",hub,0.25,100,14,40,1730,40,14,0,1716,1.0,0.0080924855491329,0.7407407407407407,0.2592592592592592,7.759130742062222
tfnbs,"e=1.4,h=2.0,n=30,start_thres=1.25",hub,0.25,100,14,40,1730,40,14,0,1716,1.0,0.0080924855491329,0.7407407407407407,0.2592592592592592,7.759130742062222
tfnbs,"e=1.4,h=3.0,n=30,start_thres=1.25",hub,0.25,100,14,40,1730,40,14,0,1716,1.0,0.0080924855491329,0.7407407407407407,0.2592592592592592,7.759130742062222
tfnbs,"e=1.4,h=4.0,n=30,start_thres=1.25",hub,0.25,100,14,40,1730,40,14,0,1716,1.0,0.0080924855491329,0.7407407407407407,0.2592592592592592,7.759130742062222
tfnbs,"e=1.4,h=5.0,n=30,start_thres=1.25",hub,0.25,100,14,40,1730,40,14,0,1716,1.0,0.0080924855491329,0.7407407407407407,0.2592592592592592,7.759130742062222
tfnbs,"e=1.4,h=6.0,n=30,start_thres=1.25",hub,0.25,100,14,40,1730,40,14,0,1716,1.0,0.0080924855491329,0.7407407407407407,0.2592592592592592,7.759130742062222
tfnbs,"e=1.4,h=7.0,n=30,start_thres=1.25",hub,0.25,100,14,40,1730,40,14,0,1716,1.0,0.0080924855491329,0.7407407407407407,0.2592592592592592,7.759130742062222
tfnbs,"e=1.4,h=8.0,n=30,start_thres=1.25",hub,0.25,100,14,40,1730,40,14,0,1716,1.0,0.0080924855491329,0.7407407407407407,0.2592592592592592,7.759130742062222
tfnbs,"e=1.4,h=9.0,n=30,start_thres=1.25",hub,0.25,100,14,40,1730,40,5,0,1725,1.0,0.0028901734104046,0.8888888888888888,0.1111111111111111,7.759130742062222
tfnbs,"e=1.4,h=10.0,n=30,start_thres=1.25",hub,0.25,100,14,40,1730,40,5,0,1725,1.0,0.0028901734104046,0.8888888888888888,0.1111111111111111,7.759130742062222
tfnbs,"e=1.5,h=0.5,n=30,start_thres=1.25",hub,0.25,100,14,40,1730,40,14,0,1716,1.0,0.0080924855491329,0.7407407407407407,0.2592592592592592,7.759130742062222
tfnbs,"e=1.5,h=1.0,n=30,start_thres=1.25",hub,0.25,100,14,40,1730,40,14,0,1716,1.0,0.0080924855491329,0.7407407407407407,0.2592592592592592,7.759130742062222
tfnbs,"e=1.5,h=2.0,n=30,start_thres=1.25",hub,0.25,100,14,40,1730,40,14,0,1716,1.0,0.0080924855491329,0.7407407407407407,0.2592592592592592,7.759130742062222
tfnbs,"e=1.5,h=3.0,n=30,start_thres=1.25",hub,0.25,100,14,40,1730,40,14,0,1716,1.0,0.0080924855491329,0.7407407407407407,0.2592592592592592,7.759130742062222
tfnbs,"e=1.5,h=4.0,n=30,start_thres=1.25",hub,0.25,100,14,40,1730,40,14,0,1716,1.0,0.0080924855491329,0.7407407407407407,0.2592592592592592,7.759130742062222
tfnbs,"e=1.5,h=5.0,n=30,start_thres=1.25",hub,0.25,100,14,40,1730,40,14,0,1716,1.0,0.0080924855491329,0.7407407407407407,0.2592592592592592,7.759130742062222
tfnbs,"e=1.5,h=6.0,n=30,start_thres=1.25",hub,0.25,100,14,40,1730,40,14,0,1716,1.0,0.0080924855491329,0.7407407407407407,0.2592592592592592,7.759130742062222
tfnbs,"e=1.5,h=7.0,n=30,start_thres=1.25",hub,0.25,100,14,40,1730,40,14,0,1716,1.0,0.0080924855491329,0.7407407407407407,0.2592592592592592,7.759130742062222
tfnbs,"e=1.5,h=8.0,n=30,start_thres=1.25",hub,0.25,100,14,40,1730,40,14,0,1716,1.0,0.0080924855491329,0.7407407407407407,0.2592592592592592,7.759130742062222
tfnbs,"e=1.5,h=9.0,n=30,start_thres=1.25",hub,0.25,100,14,40,1730,40,14,0,1716,1.0,0.0080924855491329,0.7407407407407407,0.2592592592592592,7.759130742062222
tfnbs,"e=1.5,h=10.0,n=30,start_thres=1.25",hub,0.25,100,14,40,1730,40,5,0,1725,1.0,0.0028901734104046,0.8888888888888888,0.1111111111111111,7.759130742062222
tfnbs,"e=0.05,h=0.5,n=30,start_thres=1.25",hub,0.25,100,12,40,1730,30,0,10,1730,0.75,0.0,1.0,0.0,7.769663943485781
tfnbs,"e=0.05,h=1.0,n=30,start_thres=1.25",hub,0.25,100,12,40,1730,30,0,10,1730,0.75,0.0,1.0,0.0,7.769663943485781
tfnbs,"e=0.05,h=2.0,n=30,start_thres=1.25",hub,0.25,100,12,40,1730,30,0,10,1730,0.75,0.0,1.0,0.0,7.769663943485781
tfnbs,"e=0.05,h=3.0,n=30,start_thres=1.25",hub,0.25,100,12,40,1730,30,0,10,1730,0.75,0.0,1.0,0.0,7.769663943485781
tfnbs,"e=0.05,h=4.0,n=30,start_thres=1.25",hub,0.25,100,12,40,1730,30,0,10,1730,0.75,0.0,1.0,0.0,7.769663943485781
tfnbs,"e=0.05,h=5.0,n=30,start_thres=1.25",hub,0.25,100,12,40,1730,30,0,10,1730,0.75,0.0,1.0,0.0,7.769663943485781
tfnbs,"e=0.05,h=6.0,n=30,start_thres=1.25",hub,0.25,100,12,40,1730,30,0,10,1730,0.75,0.0,1.0,0.0,7.769663943485781
tfnbs,"e=0.05,h=7.0,n=30,start_thres=1.25",hub,0.25,100,12,40,1730,30,0,10,1730,0.75,0.0,1.0,0.0,7.769663943485781
tfnbs,"e=0.05,h=8.0,n=30,start_thres=1.25",hub,0.25,100,12,40,1730,30,0,10,1730,0.75,0.0,1.0,0.0,7.769663943485781
tfnbs,"e=0.05,h=9.0,n=30,start_thres=1.25",hub,0.25,100,12,40,1730,30,0,10,1730,0.75,0.0,1.0,0.0,7.769663943485781
tfnbs,"e=0.05,h=10.0,n=30,start_thres=1.25",hub,0.25,100,12,40,1730,30,0,10,1730,0.75,0.0,1.0,0.0,7.769663943485781
tfnbs,"e=0.1,h=0.5,n=30,start_thres=1.25",hub,0.25,100,12,40,1730,34,0,6,1730,0.85,0.0,1.0,0.0,7.769663943485781
tfnbs,"e=0.1,h=1.0,n=30,start_thres=1.25",hub,0.25,100,12,40,1730,34,0,6,1730,0.85,0.0,1.0,0.0,7.769663943485781
tfnbs,"e=0.1,h=2.0,n=30,start_thres=1.25",hub,0.25,100,12,40,1730,34,0,6,1730,0.85,0.0,1.0,0.0,7.769663943485781
tfnbs,"e=0.1,h=3.0,n=30,start_thres=1.25",hub,0.25,100,12,40,1730,34,0,6,1730,0.85,0.0,1.0,0.0,7.769663943485781
tfnbs,"e=0.1,h=4.0,n=30,start_thres=1.25",hub,0.25,100,12,40,1730,34,0,6,1730,0.85,0.0,1.0,0.0,7.769663943485781
tfnbs,"e=0.1,h=5.0,n=30,start_thres=1.25",hub,0.25,100,12,40,1730,34,0,6,1730,0.85,0.0,1.0,0.0,7.769663943485781
tfnbs,"e=0.1,h=6.0,n=30,start_thres=1.25",hub,0.25,100,12,40,1730,30,0,10,1730,0.75,0.0,1.0,0.0,7.769663943485781
tfnbs,"e=0.1,h=7.0,n=30,start_thres=1.25",hub,0.25,100,12,40,1730,30,0,10,1730,0.75,0.0,1.0,0.0,7.769663943485781
tfnbs,"e=0.1,h=8.0,n=30,start_thres=1.25",hub,0.25,100,12,40,1730,30,0,10,1730,0.75,0.0,1.0,0.0,7.769663943485781
tfnbs,"e=0.1,h=9.0,n=30,start_thres=1.25",hub,0.25,100,12,40,1730,30,0,10,1730,0.75,0.0,1.0,0.0,7.769663943485781
tfnbs,"e=0.1,h=10.0,n=30,start_thres=1.25",hub,0.25,100,12,40,1730,30,0,10,1730,0.75,0.0,1.0,0.0,7.769663943485781
tfnbs,"e=0.2,h=0.5,n=30,start_thres=1.25",hub,0.25,100,12,40,1730,35,0,5,1730,0.875,0.0,1.0,0.0,7.769663943485781
tfnbs,"e=0.2,h=1.0,n=30,start_thres=1.25",hub,0.25,100,12,40,1730,35,0,5,1730,0.875,0.0,1.0,0.0,7.769663943485781
tfnbs,"e=0.2,h=2.0,n=30,start_thres=1.25",hub,0.25,100,12,40,1730,35,0,5,1730,0.875,0.0,1.0,0.0,7.769663943485781
tfnbs,"e=0.2,h=3.0,n=30,start_thres=1.25",hub,0.25,100,12,40,1730,35,0,5,1730,0.875,0.0,1.0,0.0,7.769663943485781
tfnbs,"e=0.2,h=4.0,n=30,start_thres=1.25",hub,0.25,100,12,40,1730,35,0,5,1730,0.875,0.0,1.0,0.0,7.769663943485781
tfnbs,"e=0.2,h=5.0,n=30,start_thres=1.25",hub,0.25,100,12,40,1730,34,0,6,1730,0.85,0.0,1.0,0.0,7.769663943485781
tfnbs,"e=0.2,h=6.0,n=30,start_thres=1.25",hub,0.25,100,12,40,1730,34,0,6,1730,0.85,0.0,1.0,0.0,7.769663943485781
tfnbs,"e=0.2,h=7.0,n=30,start_thres=1.25",hub,0.25,100,12,40,1730,34,0,6,1730,0.85,0.0,1.0,0.0,7.769663943485781
tfnbs,"e=0.2,h=8.0,n=30,start_thres=1.25",hub,0.25,100,12,40,1730,34,0,6,1730,0.85,0.0,1.0,0.0,7.769663943485781
tfnbs,"e=0.2,h=9.0,n=30,start_thres=1.25",hub,0.25,100,12,40,1730,34,0,6,1730,0.85,0.0,1.0,0.0,7.769663943485781
tfnbs,"e=0.2,h=10.0,n=30,start_thres=1.25",hub,0.25,100,12,40,1730,34,0,6,1730,0.85,0.0,1.0,0.0,7.769663943485781
tfnbs,"e=0.3,h=0.5,n=30,start_thres=1.25",hub,0.25,100,12,40,1730,36,0,4,1730,0.9,0.0,1.0,0.0,7.769663943485781
tfnbs,"e=0.3,h=1.0,n=30,start_thres=1.25",hub,0.25,100,12,40,1730,36,0,4,1730,0.9,0.0,1.0,0.0,7.769663943485781
tfnbs,"e=0.3,h=2.0,n=30,start_thres=1.25",hub,0.25,100,12,40,1730,36,0,4,1730,0.9,0.0,1.0,0.0,7.769663943485781
tfnbs,"e=0.3,h=3.0,n=30,start_thres=1.25",hub,0.25,100,12,40,1730,35,0,5,1730,0.875,0.0,1.0,0.0,7.769663943485781
tfnbs,"e=0.3,h=4.0,n=30,start_thres=1.25",hub,0.25,100,12,40,1730,35,0,5,1730,0.875,0.0,1.0,0.0,7.769663943485781
tfnbs,"e=0.3,h=5.0,n=30,start_thres=1.25",hub,0.25,100,12,40,1730,35,0,5,1730,0.875,0.0,1.0,0.0,7.769663943485781
tfnbs,"e=0.3,h=6.0,n=30,start_thres=1.25",hub,0.25,100,12,40,1730,35,0,5,1730,0.875,0.0,1.0,0.0,7.769663943485781
tfnbs,"e=0.3,h=7.0,n=30,start_thres=1.25",hub,0.25,100,12,40,1730,35,0,5,1730,0.875,0.0,1.0,0.0,7.769663943485781
tfnbs,"e=0.3,h=8.0,n=30,start_thres=1.25",hub,0.25,100,12,40,1730,35,0,5,1730,0.875,0.0,1.0,0.0,7.769663943485781
tfnbs,"e=0.3,h=9.0,n=30,start_thres=1.25",hub,0.25,100,12,40,1730,34,0,6,1730,0.85,0.0,1.0,0.0,7.769663943485781
tfnbs,"e=0.3,h=10.0,n=30,start_thres=1.25",hub,0.25,100,12,40,1730,34,0,6,1730,0.85,0.0,1.0,0.0,7.769663943485781
tfnbs,"e=0.4,h=0.5,n=30,start_thres=1.25",hub,0.25,100,12,40,1730,37,0,3,1730,0.925,0.0,1.0,0.0,7.769663943485781
tfnbs,"e=0.4,h=1.0,n=30,start_thres=1.25",hub,0.25,100,12,40,1730,37,0,3,1730,0.925,0.0,1.0,0.0,7.769663943485781
tfnbs,"e=0.4,h=2.0,n=30,start_thres=1.25",hub,0.25,100,12,40,1730,36,0,4,1730,0.9,0.0,1.0,0.0,7.769663943485781
tfnbs,"e=0.4,h=3.0,n=30,start_thres=1.25",hub,0.25,100,12,40,1730,36,0,4,1730,0.9,0.0,1.0,0.0,7.769663943485781
tfnbs,"e=0.4,h=4.0,n=30,start_thres=1.25",hub,0.25,100,12,40,1730,36,0,4,1730,0.9,0.0,1.0,0.0,7.769663943485781
tfnbs,"e=0.4,h=5.0,n=30,start_thres=1.25",hub,0.25,100,12,40,1730,35,0,5,1730,0.875,0.0,1.0,0.0,7.769663943485781
tfnbs,"e=0.4,h=6.0,n=30,start_thres=1.25",hub,0.25,100,12,40,1730,35,0,5,1730,0.875,0.0,1.0,0.0,7.769663943485781
tfnbs,"e=0.4,h=7.0,n=30,start_thres=1.25",hub,0.25,100,12,40,1730,35,0,5,1730,0.875,0.0,1.0,0.0,7.769663943485781
tfnbs,"e=0.4,h=8.0,n=30,start_thres=1.25",hub,0.25,100,12,40,1730,35,0,5,1730,0.875,0.0,1.0,0.0,7.769663943485781
tfnbs,"e=0.4,h=9.0,n=30,start_thres=1.25",hub,0.25,100,12,40,1730,35,0,5,1730,0.875,0.0,1.0,0.0,7.769663943485781
tfnbs,"e=0.4,h=10.0,n=30,start_thres=1.25",hub,0.25,100,12,40,1730,35,0,5,1730,0.875,0.0,1.0,0.0,7.769663943485781
tfnbs,"e=0.5,h=0.5,n=30,start_thres=1.25",hub,0.25,100,12,40,1730,37,0,3,1730,0.925,0.0,1.0,0.0,7.769663943485781
tfnbs,"e=0.5,h=1.0,n=30,start_thres=1.25",hub,0.25,100,12,40,1730,37,0,3,1730,0.925,0.0,1.0,0.0,7.769663943485781
tfnbs,"e=0.5,h=2.0,n=30,start_thres=1.25",hub,0.25,100,12,40,1730,37,0,3,1730,0.925,0.0,1.0,0.0,7.769663943485781
tfnbs,"e=0.5,h=3.0,n=30,start_thres=1.25",hub,0.25,100,12,40,1730,37,0,3,1730,0.925,0.0,1.0,0.0,7.769663943485781
tfnbs,"e=0.5,h=4.0,n=30,start_thres=1.25",hub,0.25,100,12,40,1730,36,0,4,1730,0.9,0.0,1.0,0.0,7.769663943485781
tfnbs,"e=0.5,h=5.0,n=30,start_thres=1.25",hub,0.25,100,12,40,1730,36,0,4,1730,0.9,0.0,1.0,0.0,7.769663943485781
tfnbs,"e=0.5,h=6.0,n=30,start_thres=1.25",hub,0.25,100,12,40,1730,36,0,4,1730,0.9,0.0,1.0,0.0,7.769663943485781
tfnbs,"e=0.5,h=7.0,n=30,start_thres=1.25",hub,0.25,100,12,40,1730,35,0,5,1730,0.875,0.0,1.0,0.0,7.769663943485781
tfnbs,"e=0.5,h=8.0,n=30,start_thres=1.25",hub,0.25,100,12,40,1730,35,0,5,1730,0.875,0.0,1.0,0.0,7.769663943485781
tfnbs,"e=0.5,h=9.0,n=30,start_thres=1.25",hub,0.25,100,12,40,1730,35,0,5,1730,0.875,0.0,1.0,0.0,7.769663943485781
tfnbs,"e=0.5,h=10.0,n=30,start_thres=1.25",hub,0.25,100,12,40,1730,35,0,5,1730,0.875,0.0,1.0,0.0,7.769663943485781
tfnbs,"e=0.6,h=0.5,n=30,start_thres=1.25",hub,0.25,100,12,40,1730,37,1,3,1729,0.925,0.0005780346820809,0.9736842105263158,0.0263157894736842,7.769663943485781
tfnbs,"e=0.6,h=1.0,n=30,start_thres=1.25",hub,0.25,100,12,40,1730,37,1,3,1729,0.925,0.0005780346820809,0.9736842105263158,0.0263157894736842,7.769663943485781
tfnbs,"e=0.6,h=2.0,n=30,start_thres=1.25",hub,0.25,100,12,40,1730,37,1,3,1729,0.925,0.0005780346820809,0.9736842105263158,0.0263157894736842,7.769663943485781
tfnbs,"e=0.6,h=3.0,n=30,start_thres=1.25",hub,0.25,100,12,40,1730,37,0,3,1730,0.925,0.0,1.0,0.0,7.769663943485781
tfnbs,"e=0.6,h=4.0,n=30,start_thres=1.25",hub,0.25,100,12,40,1730,37,0,3,1730,0.925,0.0,1.0,0.0,7.769663943485781
tfnbs,"e=0.6,h=5.0,n=30,start_thres=1.25",hub,0.25,100,12,40,1730,37,0,3,1730,0.925,0.0,1.0,0.0,7.769663943485781
tfnbs,"e=0.6,h=6.0,n=30,start_thres=1.25",hub,0.25,100,12,40,1730,36,0,4,1730,0.9,0.0,1.0,0.0,7.769663943485781
tfnbs,"e=0.6,h=7.0,n=30,start_thres=1.25",hub,0.25,100,12,40,1730,36,0,4,1730,0.9,0.0,1.0,0.0,7.769663943485781
tfnbs,"e=0.6,h=8.0,n=30,start_thres=1.25",hub,0.25,100,12,40,1730,35,0,5,1730,0.875,0.0,1.0,0.0,7.769663943485781
tfnbs,"e=0.6,h=9.0,n=30,start_thres=1.25",hub,0.25,100,12,40,1730,35,0,5,1730,0.875,0.0,1.0,0.0,7.769663943485781
tfnbs,"e=0.6,h=10.0,n=30,start_thres=1.25",hub,0.25,100,12,40,1730,35,0,5,1730,0.875,0.0,1.0,0.0,7.769663943485781
tfnbs,"e=0.7,h=0.5,n=30,start_thres=1.25",hub,0.25,100,12,40,1730,37,1,3,1729,0.925,0.0005780346820809,0.9736842105263158,0.0263157894736842,7.769663943485781
tfnbs,"e=0.7,h=1.0,n=30,start_thres=1.25",hub,0.25,100,12,40,1730,37,1,3,1729,0.925,0.0005780346820809,0.9736842105263158,0.0263157894736842,7.769663943485781
tfnbs,"e=0.7,h=2.0,n=30,start_thres=1.25",hub,0.25,100,12,40,1730,37,1,3,1729,0.925,0.0005780346820809,0.9736842105263158,0.0263157894736842,7.769663943485781
tfnbs,"e=0.7,h=3.0,n=30,start_thres=1.25",hub,0.25,100,12,40,1730,37,1,3,1729,0.925,0.0005780346820809,0.9736842105263158,0.0263157894736842,7.769663943485781
tfnbs,"e=0.7,h=4.0,n=30,start_thres=1.25",hub,0.25,100,12,40,1730,37,1,3,1729,0.925,0.0005780346820809,0.9736842105263158,0.0263157894736842,7.769663943485781
tfnbs,"e=0.7,h=5.0,n=30,start_thres=1.25",hub,0.25,100,12,40,1730,37,0,3,1730,0.925,0.0,1.0,0.0,7.769663943485781
tfnbs,"e=0.7,h=6.0,n=30,start_thres=1.25",hub,0.25,100,12,40,1730,37,0,3,1730,0.925,0.0,1.0,0.0,7.769663943485781
tfnbs,"e=0.7,h=7.0,n=30,start_thres=1.25",hub,0.25,100,12,40,1730,36,0,4,1730,0.9,0.0,1.0,0.0,7.769663943485781
tfnbs,"e=0.7,h=8.0,n=30,start_thres=1.25",hub,0.25,100,12,40,1730,36,0,4,1730,0.9,0.0,1.0,0.0,7.769663943485781
tfnbs,"e=0.7,h=9.0,n=30,start_thres=1.25",hub,0.25,100,12,40,1730,36,0,4,1730,0.9,0.0,1.0,0.0,7.769663943485781
tfnbs,"e=0.7,h=10.0,n=30,start_thres=1.25",hub,0.25,100,12,40,1730,35,0,5,1730,0.875,0.0,1.0,0.0,7.769663943485781
tfnbs,"e=0.8,h=0.5,n=30,start_thres=1.25",hub,0.25,100,12,40,1730,37,1,3,1729,0.925,0.0005780346820809,0.9736842105263158,0.0263157894736842,7.769663943485781
tfnbs,"e=0.8,h=1.0,n=30,start_thres=1.25",hub,0.25,100,12,40,1730,37,1,3,1729,0.925,0.0005780346820809,0.9736842105263158,0.0263157894736842,7.769663943485781
tfnbs,"e=0.8,h=2.0,n=30,start_thres=1.25",hub,0.25,100,12,40,1730,37,1,3,1729,0.925,0.0005780346820809,0.9736842105263158,0.0263157894736842,7.769663943485781
tfnbs,"e=0.8,h=3.0,n=30,start_thres=1.25",hub,0.25,100,12,40,1730,37,1,3,1729,0.925,0.0005780346820809,0.9736842105263158,0.0263157894736842,7.769663943485781
tfnbs,"e=0.8,h=4.0,n=30,start_thres=1.25",hub,0.25,100,12,40,1730,37,1,3,1729,0.925,0.0005780346820809,0.9736842105263158,0.0263157894736842,7.769663943485781
tfnbs,"e=0.8,h=5.0,n=30,start_thres=1.25",hub,0.25,100,12,40,1730,37,1,3,1729,0.925,0.0005780346820809,0.9736842105263158,0.0263157894736842,7.769663943485781
tfnbs,"e=0.8,h=6.0,n=30,start_thres=1.25",hub,0.25,100,12,40,1730,37,0,3,1730,0.925,0.0,1.0,0.0,7.769663943485781
tfnbs,"e=0.8,h=7.0,n=30,start_thres=1.25",hub,0.25,100,12,40,1730,37,0,3,1730,0.925,0.0,1.0,0.0,7.769663943485781
tfnbs,"e=0.8,h=8.0,n=30,start_thres=1.25",hub,0.25,100,12,40,1730,37,0,3,1730,0.925,0.0,1.0,0.0,7.769663943485781
tfnbs,"e=0.8,h=9.0,n=30,start_thres=1.25",hub,0.25,100,12,40,1730,36,0,4,1730,0.9,0.0,1.0,0.0,7.769663943485781
tfnbs,"e=0.8,h=10.0,n=30,start_thres=1.25",hub,0.25,100,12,40,1730,36,0,4,1730,0.9,0.0,1.0,0.0,7.769663943485781
tfnbs,"e=0.9,h=0.5,n=30,start_thres=1.25",hub,0.25,100,12,40,1730,37,1,3,1729,0.925,0.0005780346820809,0.9736842105263158,0.0263157894736842,7.769663943485781
tfnbs,"e=0.9,h=1.0,n=30,start_thres=1.25",hub,0.25,100,12,40,1730,37,1,3,1729,0.925,0.0005780346820809,0.9736842105263158,0.0263157894736842,7.769663943485781
tfnbs,"e=0.9,h=2.0,n=30,start_thres=1.25",hub,0.25,100,12,40,1730,37,1,3,1729,0.925,0.0005780346820809,0.9736842105263158,0.0263157894736842,7.769663943485781
tfnbs,"e=0.9,h=3.0,n=30,start_thres=1.25",hub,0.25,100,12,40,1730,37,1,3,1729,0.925,0.0005780346820809,0.9736842105263158,0.0263157894736842,7.769663943485781
tfnbs,"e=0.9,h=4.0,n=30,start_thres=1.25",hub,0.25,100,12,40,1730,37,1,3,1729,0.925,0.0005780346820809,0.9736842105263158,0.0263157894736842,7.769663943485781
tfnbs,"e=0.9,h=5.0,n=30,start_thres=1.25",hub,0.25,100,12,40,1730,37,1,3,1729,0.925,0.0005780346820809,0.9736842105263158,0.0263157894736842,7.769663943485781
tfnbs,"e=0.9,h=6.0,n=30,start_thres=1.25",hub,0.25,100,12,40,1730,37,1,3,1729,0.925,0.0005780346820809,0.9736842105263158,0.0263157894736842,7.769663943485781
tfnbs,"e=0.9,h=7.0,n=30,start_thres=1.25",hub,0.25,100,12,40,1730,37,0,3,1730,0.925,0.0,1.0,0.0,7.769663943485781
tfnbs,"e=0.9,h=8.0,n=30,start_thres=1.25",hub,0.25,100,12,40,1730,37,0,3,1730,0.925,0.0,1.0,0.0,7.769663943485781
tfnbs,"e=0.9,h=9.0,n=30,start_thres=1.25",hub,0.25,100,12,40,1730,37,0,3,1730,0.925,0.0,1.0,0.0,7.769663943485781
tfnbs,"e=0.9,h=10.0,n=30,start_thres=1.25",hub,0.25,100,12,40,1730,36,0,4,1730,0.9,0.0,1.0,0.0,7.769663943485781
tfnbs,"e=1.0,h=0.5,n=30,start_thres=1.25",hub,0.25,100,12,40,1730,37,1,3,1729,0.925,0.0005780346820809,0.9736842105263158,0.0263157894736842,7.769663943485781
tfnbs,"e=1.0,h=1.0,n=30,start_thres=1.25",hub,0.25,100,12,40,1730,37,1,3,1729,0.925,0.0005780346820809,0.9736842105263158,0.0263157894736842,7.769663943485781
tfnbs,"e=1.0,h=2.0,n=30,start_thres=1.25",hub,0.25,100,12,40,1730,37,1,3,1729,0.925,0.0005780346820809,0.9736842105263158,0.0263157894736842,7.769663943485781
tfnbs,"e=1.0,h=3.0,n=30,start_thres=1.25",hub,0.25,100,12,40,1730,38,1,2,1729,0.95,0.0005780346820809,0.9743589743589745,0.0256410256410256,7.769663943485781
tfnbs,"e=1.0,h=4.0,n=30,start_thres=1.25",hub,0.25,100,12,40,1730,37,1,3,1729,0.925,0.0005780346820809,0.9736842105263158,0.0263157894736842,7.769663943485781
tfnbs,"e=1.0,h=5.0,n=30,start_thres=1.25",hub,0.25,100,12,40,1730,37,1,3,1729,0.925,0.0005780346820809,0.9736842105263158,0.0263157894736842,7.769663943485781
tfnbs,"e=1.0,h=6.0,n=30,start_thres=1.25",hub,0.25,100,12,40,1730,37,1,3,1729,0.925,0.0005780346820809,0.9736842105263158,0.0263157894736842,7.769663943485781
tfnbs,"e=1.0,h=7.0,n=30,start_thres=1.25",hub,0.25,100,12,40,1730,37,1,3,1729,0.925,0.0005780346820809,0.9736842105263158,0.0263157894736842,7.769663943485781
tfnbs,"e=1.0,h=8.0,n=30,start_thres=1.25",hub,0.25,100,12,40,1730,37,1,3,1729,0.925,0.0005780346820809,0.9736842105263158,0.0263157894736842,7.769663943485781
tfnbs,"e=1.0,h=9.0,n=30,start_thres=1.25",hub,0.25,100,12,40,1730,37,0,3,1730,0.925,0.0,1.0,0.0,7.769663943485781
tfnbs,"e=1.0,h=10.0,n=30,start_thres=1.25",hub,0.25,100,12,40,1730,37,0,3,1730,0.925,0.0,1.0,0.0,7.769663943485781
tfnbs,"e=1.1,h=0.5,n=30,start_thres=1.25",hub,0.25,100,12,40,1730,37,0,3,1730,0.925,0.0,1.0,0.0,7.769663943485781
tfnbs,"e=1.1,h=1.0,n=30,start_thres=1.25",hub,0.25,100,12,40,1730,37,1,3,1729,0.925,0.0005780346820809,0.9736842105263158,0.0263157894736842,7.769663943485781
tfnbs,"e=1.1,h=2.0,n=30,start_thres=1.25",hub,0.25,100,12,40,1730,37,1,3,1729,0.925,0.0005780346820809,0.9736842105263158,0.0263157894736842,7.769663943485781
tfnbs,"e=1.1,h=3.0,n=30,start_thres=1.25",hub,0.25,100,12,40,1730,38,1,2,1729,0.95,0.0005780346820809,0.9743589743589745,0.0256410256410256,7.769663943485781
tfnbs,"e=1.1,h=4.0,n=30,start_thres=1.25",hub,0.25,100,12,40,1730,38,1,2,1729,0.95,0.0005780346820809,0.9743589743589745,0.0256410256410256,7.769663943485781
tfnbs,"e=1.1,h=5.0,n=30,start_thres=1.25",hub,0.25,100,12,40,1730,38,1,2,1729,0.95,0.0005780346820809,0.9743589743589745,0.0256410256410256,7.769663943485781
tfnbs,"e=1.1,h=6.0,n=30,start_thres=1.25",hub,0.25,100,12,40,1730,37,1,3,1729,0.925,0.0005780346820809,0.9736842105263158,0.0263157894736842,7.769663943485781
tfnbs,"e=1.1,h=7.0,n=30,start_thres=1.25",hub,0.25,100,12,40,1730,37,1,3,1729,0.925,0.0005780346820809,0.9736842105263158,0.0263157894736842,7.769663943485781
tfnbs,"e=1.1,h=8.0,n=30,start_thres=1.25",hub,0.25,100,12,40,1730,37,1,3,1729,0.925,0.0005780346820809,0.9736842105263158,0.0263157894736842,7.769663943485781
tfnbs,"e=1.1,h=9.0,n=30,start_thres=1.25",hub,0.25,100,12,40,1730,37,1,3,1729,0.925,0.0005780346820809,0.9736842105263158,0.0263157894736842,7.769663943485781
tfnbs,"e=1.1,h=10.0,n=30,start_thres=1.25",hub,0.25,100,12,40,1730,37,0,3,1730,0.925,0.0,1.0,0.0,7.769663943485781
tfnbs,"e=1.2,h=0.5,n=30,start_thres=1.25",hub,0.25,100,12,40,1730,37,0,3,1730,0.925,0.0,1.0,0.0,7.769663943485781
tfnbs,"e=1.2,h=1.0,n=30,start_thres=1.25",hub,0.25,100,12,40,1730,37,1,3,1729,0.925,0.0005780346820809,0.9736842105263158,0.0263157894736842,7.769663943485781
tfnbs,"e=1.2,h=2.0,n=30,start_thres=1.25",hub,0.25,100,12,40,1730,37,1,3,1729,0.925,0.0005780346820809,0.9736842105263158,0.0263157894736842,7.769663943485781
tfnbs,"e=1.2,h=3.0,n=30,start_thres=1.25",hub,0.25,100,12,40,1730,38,1,2,1729,0.95,0.0005780346820809,0.9743589743589745,0.0256410256410256,7.769663943485781
tfnbs,"e=1.2,h=4.0,n=30,start_thres=1.25",hub,0.25,100,12,40,1730,38,1,2,1729,0.95,0.0005780346820809,0.9743589743589745,0.0256410256410256,7.769663943485781
tfnbs,"e=1.2,h=5.0,n=30,start_thres=1.25",hub,0.25,100,12,40,1730,38,1,2,1729,0.95,0.0005780346820809,0.9743589743589745,0.0256410256410256,7.769663943485781
tfnbs,"e=1.2,h=6.0,n=30,start_thres=1.25",hub,0.25,100,12,40,1730,38,1,2,1729,0.95,0.0005780346820809,0.9743589743589745,0.0256410256410256,7.769663943485781
tfnbs,"e=1.2,h=7.0,n=30,start_thres=1.25",hub,0.25,100,12,40,1730,38,1,2,1729,0.95,0.0005780346820809,0.9743589743589745,0.0256410256410256,7.769663943485781
tfnbs,"e=1.2,h=8.0,n=30,start_thres=1.25",hub,0.25,100,12,40,1730,37,1,3,1729,0.925,0.0005780346820809,0.9736842105263158,0.0263157894736842,7.769663943485781
tfnbs,"e=1.2,h=9.0,n=30,start_thres=1.25",hub,0.25,100,12,40,1730,37,1,3,1729,0.925,0.0005780346820809,0.9736842105263158,0.0263157894736842,7.769663943485781
tfnbs,"e=1.2,h=10.0,n=30,start_thres=1.25",hub,0.25,100,12,40,1730,37,1,3,1729,0.925,0.0005780346820809,0.9736842105263158,0.0263157894736842,7.769663943485781
tfnbs,"e=1.3,h=0.5,n=30,start_thres=1.25",hub,0.25,100,12,40,1730,37,0,3,1730,0.925,0.0,1.0,0.0,7.769663943485781
tfnbs,"e=1.3,h=1.0,n=30,start_thres=1.25",hub,0.25,100,12,40,1730,37,0,3,1730,0.925,0.0,1.0,0.0,7.769663943485781
tfnbs,"e=1.3,h=2.0,n=30,start_thres=1.25",hub,0.25,100,12,40,1730,37,1,3,1729,0.925,0.0005780346820809,0.9736842105263158,0.0263157894736842,7.769663943485781
tfnbs,"e=1.3,h=3.0,n=30,start_thres=1.25",hub,0.25,100,12,40,1730,38,1,2,1729,0.95,0.0005780346820809,0.9743589743589745,0.0256410256410256,7.769663943485781
tfnbs,"e=1.3,h=4.0,n=30,start_thres=1.25",hub,0.25,100,12,40,1730,38,1,2,1729,0.95,0.0005780346820809,0.9743589743589745,0.0256410256410256,7.769663943485781
tfnbs,"e=1.3,h=5.0,n=30,start_thres=1.25",hub,0.25,100,12,40,1730,38,1,2,1729,0.95,0.0005780346820809,0.9743589743589745,0.0256410256410256,7.769663943485781
tfnbs,"e=1.3,h=6.0,n=30,start_thres=1.25",hub,0.25,100,12,40,1730,38,1,2,1729,0.95,0.0005780346820809,0.9743589743589745,0.0256410256410256,7.769663943485781
tfnbs,"e=1.3,h=7.0,n=30,start_thres=1.25",hub,0.25,100,12,40,1730,38,1,2,1729,0.95,0.0005780346820809,0.9743589743589745,0.0256410256410256,7.769663943485781
tfnbs,"e=1.3,h=8.0,n=30,start_thres=1.25",hub,0.25,100,12,40,1730,38,1,2,1729,0.95,0.0005780346820809,0.9743589743589745,0.0256410256410256,7.769663943485781
tfnbs,"e=1.3,h=9.0,n=30,start_thres=1.25",hub,0.25,100,12,40,1730,37,1,3,1729,0.925,0.0005780346820809,0.9736842105263158,0.0263157894736842,7.769663943485781
tfnbs,"e=1.3,h=10.0,n=30,start_thres=1.25",hub,0.25,100,12,40,1730,37,1,3,1729,0.925,0.0005780346820809,0.9736842105263158,0.0263157894736842,7.769663943485781
tfnbs,"e=1.4,h=0.5,n=30,start_thres=1.25",hub,0.25,100,12,40,1730,36,0,4,1730,0.9,0.0,1.0,0.0,7.769663943485781
tfnbs,"e=1.4,h=1.0,n=30,start_thres=1.25",hub,0.25,100,12,40,1730,37,0,3,1730,0.925,0.0,1.0,0.0,7.769663943485781
tfnbs,"e=1.4,h=2.0,n=30,start_thres=1.25",hub,0.25,100,12,40,1730,37,1,3,1729,0.925,0.0005780346820809,0.9736842105263158,0.0263157894736842,7.769663943485781
tfnbs,"e=1.4,h=3.0,n=30,start_thres=1.25",hub,0.25,100,12,40,1730,38,1,2,1729,0.95,0.0005780346820809,0.9743589743589745,0.0256410256410256,7.769663943485781
tfnbs,"e=1.4,h=4.0,n=30,start_thres=1.25",hub,0.25,100,12,40,1730,38,1,2,1729,0.95,0.0005780346820809,0.9743589743589745,0.0256410256410256,7.769663943485781
tfnbs,"e=1.4,h=5.0,n=30,start_thres=1.25",hub,0.25,100,12,40,1730,38,1,2,1729,0.95,0.0005780346820809,0.9743589743589745,0.0256410256410256,7.769663943485781
tfnbs,"e=1.4,h=6.0,n=30,start_thres=1.25",hub,0.25,100,12,40,1730,38,1,2,1729,0.95,0.0005780346820809,0.9743589743589745,0.0256410256410256,7.769663943485781
tfnbs,"e=1.4,h=7.0,n=30,start_thres=1.25",hub,0.25,100,12,40,1730,38,1,2,1729,0.95,0.0005780346820809,0.9743589743589745,0.0256410256410256,7.769663943485781
tfnbs,"e=1.4,h=8.0,n=30,start_thres=1.25",hub,0.25,100,12,40,1730,38,1,2,1729,0.95,0.0005780346820809,0.9743589743589745,0.0256410256410256,7.769663943485781
tfnbs,"e=1.4,h=9.0,n=30,start_thres=1.25",hub,0.25,100,12,40,1730,38,1,2,1729,0.95,0.0005780346820809,0.9743589743589745,0.0256410256410256,7.769663943485781
tfnbs,"e=1.4,h=10.0,n=30,start_thres=1.25",hub,0.25,100,12,40,1730,37,1,3,1729,0.925,0.0005780346820809,0.9736842105263158,0.0263157894736842,7.769663943485781
tfnbs,"e=1.5,h=0.5,n=30,start_thres=1.25",hub,0.25,100,12,40,1730,36,0,4,1730,0.9,0.0,1.0,0.0,7.769663943485781
tfnbs,"e=1.5,h=1.0,n=30,start_thres=1.25",hub,0.25,100,12,40,1730,37,0,3,1730,0.925,0.0,1.0,0.0,7.769663943485781
tfnbs,"e=1.5,h=2.0,n=30,start_thres=1.25",hub,0.25,100,12,40,1730,37,1,3,1729,0.925,0.0005780346820809,0.9736842105263158,0.0263157894736842,7.769663943485781
tfnbs,"e=1.5,h=3.0,n=30,start_thres=1.25",hub,0.25,100,12,40,1730,37,1,3,1729,0.925,0.0005780346820809,0.9736842105263158,0.0263157894736842,7.769663943485781
tfnbs,"e=1.5,h=4.0,n=30,start_thres=1.25",hub,0.25,100,12,40,1730,38,1,2,1729,0.95,0.0005780346820809,0.9743589743589745,0.0256410256410256,7.769663943485781
tfnbs,"e=1.5,h=5.0,n=30,start_thres=1.25",hub,0.25,100,12,40,1730,38,1,2,1729,0.95,0.0005780346820809,0.9743589743589745,0.0256410256410256,7.769663943485781
tfnbs,"e=1.5,h=6.0,n=30,start_thres=1.25",hub,0.25,100,12,40,1730,38,1,2,1729,0.95,0.0005780346820809,0.9743589743589745,0.0256410256410256,7.769663943485781
tfnbs,"e=1.5,h=7.0,n=30,start_thres=1.25",hub,0.25,100,12,40,1730,38,1,2,1729,0.95,0.0005780346820809,0.9743589743589745,0.0256410256410256,7.769663943485781
tfnbs,"e=1.5,h=8.0,n=30,start_thres=1.25",hub,0.25,100,12,40,1730,38,1,2,1729,0.95,0.0005780346820809,0.9743589743589745,0.0256410256410256,7.769663943485781
tfnbs,"e=1.5,h=9.0,n=30,start_thres=1.25",hub,0.25,100,12,40,1730,38,1,2,1729,0.95,0.0005780346820809,0.9743589743589745,0.0256410256410256,7.769663943485781
tfnbs,"e=1.5,h=10.0,n=30,start_thres=1.25",hub,0.25,100,12,40,1730,38,1,2,1729,0.95,0.0005780346820809,0.9743589743589745,0.0256410256410256,7.769663943485781
tfnbs,"e=0.05,h=0.5,n=30,start_thres=1.25",hub,0.25,100,24,40,1730,36,0,4,1730,0.9,0.0,1.0,0.0,7.755171151323752
tfnbs,"e=0.05,h=1.0,n=30,start_thres=1.25",hub,0.25,100,24,40,1730,36,0,4,1730,0.9,0.0,1.0,0.0,7.755171151323752
tfnbs,"e=0.05,h=2.0,n=30,start_thres=1.25",hub,0.25,100,24,40,1730,36,0,4,1730,0.9,0.0,1.0,0.0,7.755171151323752
tfnbs,"e=0.05,h=3.0,n=30,start_thres=1.25",hub,0.25,100,24,40,1730,36,0,4,1730,0.9,0.0,1.0,0.0,7.755171151323752
tfnbs,"e=0.05,h=4.0,n=30,start_thres=1.25",hub,0.25,100,24,40,1730,36,0,4,1730,0.9,0.0,1.0,0.0,7.755171151323752
tfnbs,"e=0.05,h=5.0,n=30,start_thres=1.25",hub,0.25,100,24,40,1730,36,0,4,1730,0.9,0.0,1.0,0.0,7.755171151323752
tfnbs,"e=0.05,h=6.0,n=30,start_thres=1.25",hub,0.25,100,24,40,1730,36,0,4,1730,0.9,0.0,1.0,0.0,7.755171151323752
tfnbs,"e=0.05,h=7.0,n=30,start_thres=1.25",hub,0.25,100,24,40,1730,36,0,4,1730,0.9,0.0,1.0,0.0,7.755171151323752
tfnbs,"e=0.05,h=8.0,n=30,start_thres=1.25",hub,0.25,100,24,40,1730,36,0,4,1730,0.9,0.0,1.0,0.0,7.755171151323752
tfnbs,"e=0.05,h=9.0,n=30,start_thres=1.25",hub,0.25,100,24,40,1730,36,0,4,1730,0.9,0.0,1.0,0.0,7.755171151323752
tfnbs,"e=0.05,h=10.0,n=30,start_thres=1.25",hub,0.25,100,24,40,1730,34,0,6,1730,0.85,0.0,1.0,0.0,7.755171151323752
tfnbs,"e=0.1,h=0.5,n=30,start_thres=1.25",hub,0.25,100,24,40,1730,36,0,4,1730,0.9,0.0,1.0,0.0,7.755171151323752
tfnbs,"e=0.1,h=1.0,n=30,start_thres=1.25",hub,0.25,100,24,40,1730,36,0,4,1730,0.9,0.0,1.0,0.0,7.755171151323752
tfnbs,"e=0.1,h=2.0,n=30,start_thres=1.25",hub,0.25,100,24,40,1730,36,0,4,1730,0.9,0.0,1.0,0.0,7.755171151323752
tfnbs,"e=0.1,h=3.0,n=30,start_thres=1.25",hub,0.25,100,24,40,1730,36,0,4,1730,0.9,0.0,1.0,0.0,7.755171151323752
tfnbs,"e=0.1,h=4.0,n=30,start_thres=1.25",hub,0.25,100,24,40,1730,36,0,4,1730,0.9,0.0,1.0,0.0,7.755171151323752
tfnbs,"e=0.1,h=5.0,n=30,start_thres=1.25",hub,0.25,100,24,40,1730,36,0,4,1730,0.9,0.0,1.0,0.0,7.755171151323752
tfnbs,"e=0.1,h=6.0,n=30,start_thres=1.25",hub,0.25,100,24,40,1730,36,0,4,1730,0.9,0.0,1.0,0.0,7.755171151323752
tfnbs,"e=0.1,h=7.0,n=30,start_thres=1.25",hub,0.25,100,24,40,1730,36,0,4,1730,0.9,0.0,1.0,0.0,7.755171151323752
tfnbs,"e=0.1,h=8.0,n=30,start_thres=1.25",hub,0.25,100,24,40,1730,36,0,4,1730,0.9,0.0,1.0,0.0,7.755171151323752
tfnbs,"e=0.1,h=9.0,n=30,start_thres=1.25",hub,0.25,100,24,40,1730,36,0,4,1730,0.9,0.0,1.0,0.0,7.755171151323752
tfnbs,"e=0.1,h=10.0,n=30,start_thres=1.25",hub,0.25,100,24,40,1730,36,0,4,1730,0.9,0.0,1.0,0.0,7.755171151323752
tfnbs,"e=0.2,h=0.5,n=30,start_thres=1.25",hub,0.25,100,24,40,1730,36,0,4,1730,0.9,0.0,1.0,0.0,7.755171151323752
tfnbs,"e=0.2,h=1.0,n=30,start_thres=1.25",hub,0.25,100,24,40,1730,36,0,4,1730,0.9,0.0,1.0,0.0,7.755171151323752
tfnbs,"e=0.2,h=2.0,n=30,start_thres=1.25",hub,0.25,100,24,40,1730,36,0,4,1730,0.9,0.0,1.0,0.0,7.755171151323752
tfnbs,"e=0.2,h=3.0,n=30,start_thres=1.25",hub,0.25,100,24,40,1730,36,0,4,1730,0.9,0.0,1.0,0.0,7.755171151323752
tfnbs,"e=0.2,h=4.0,n=30,start_thres=1.25",hub,0.25,100,24,40,1730,36,0,4,1730,0.9,0.0,1.0,0.0,7.755171151323752
tfnbs,"e=0.2,h=5.0,n=30,start_thres=1.25",hub,0.25,100,24,40,1730,36,0,4,1730,0.9,0.0,1.0,0.0,7.755171151323752
tfnbs,"e=0.2,h=6.0,n=30,start_thres=1.25",hub,0.25,100,24,40,1730,36,0,4,1730,0.9,0.0,1.0,0.0,7.755171151323752
tfnbs,"e=0.2,h=7.0,n=30,start_thres=1.25",hub,0.25,100,24,40,1730,36,0,4,1730,0.9,0.0,1.0,0.0,7.755171151323752
tfnbs,"e=0.2,h=8.0,n=30,start_thres=1.25",hub,0.25,100,24,40,1730,36,0,4,1730,0.9,0.0,1.0,0.0,7.755171151323752
tfnbs,"e=0.2,h=9.0,n=30,start_thres=1.25",hub,0.25,100,24,40,1730,36,0,4,1730,0.9,0.0,1.0,0.0,7.755171151323752
tfnbs,"e=0.2,h=10.0,n=30,start_thres=1.25",hub,0.25,100,24,40,1730,36,0,4,1730,0.9,0.0,1.0,0.0,7.755171151323752
tfnbs,"e=0.3,h=0.5,n=30,start_thres=1.25",hub,0.25,100,24,40,1730,36,1,4,1729,0.9,0.0005780346820809,0.972972972972973,0.027027027027027,7.755171151323752
tfnbs,"e=0.3,h=1.0,n=30,start_thres=1.25",hub,0.25,100,24,40,1730,36,1,4,1729,0.9,0.0005780346820809,0.972972972972973,0.027027027027027,7.755171151323752
tfnbs,"e=0.3,h=2.0,n=30,start_thres=1.25",hub,0.25,100,24,40,1730,36,1,4,1729,0.9,0.0005780346820809,0.972972972972973,0.027027027027027,7.755171151323752
tfnbs,"e=0.3,h=3.0,n=30,start_thres=1.25",hub,0.25,100,24,40,1730,36,1,4,1729,0.9,0.0005780346820809,0.972972972972973,0.027027027027027,7.755171151323752
tfnbs,"e=0.3,h=4.0,n=30,start_thres=1.25",hub,0.25,100,24,40,1730,36,0,4,1730,0.9,0.0,1.0,0.0,7.755171151323752
tfnbs,"e=0.3,h=5.0,n=30,start_thres=1.25",hub,0.25,100,24,40,1730,36,0,4,1730,0.9,0.0,1.0,0.0,7.755171151323752
tfnbs,"e=0.3,h=6.0,n=30,start_thres=1.25",hub,0.25,100,24,40,1730,36,0,4,1730,0.9,0.0,1.0,0.0,7.755171151323752
tfnbs,"e=0.3,h=7.0,n=30,start_thres=1.25",hub,0.25,100,24,40,1730,36,0,4,1730,0.9,0.0,1.0,0.0,7.755171151323752
tfnbs,"e=0.3,h=8.0,n=30,start_thres=1.25",hub,0.25,100,24,40,1730,36,0,4,1730,0.9,0.0,1.0,0.0,7.755171151323752
tfnbs,"e=0.3,h=9.0,n=30,start_thres=1.25",hub,0.25,100,24,40,1730,36,0,4,1730,0.9,0.0,1.0,0.0,7.755171151323752
tfnbs,"e=0.3,h=10.0,n=30,start_thres=1.25",hub,0.25,100,24,40,1730,36,0,4,1730,0.9,0.0,1.0,0.0,7.755171151323752
tfnbs,"e=0.4,h=0.5,n=30,start_thres=1.25",hub,0.25,100,24,40,1730,39,1,1,1729,0.975,0.0005780346820809,0.975,0.025,7.755171151323752
tfnbs,"e=0.4,h=1.0,n=30,start_thres=1.25",hub,0.25,100,24,40,1730,39,1,1,1729,0.975,0.0005780346820809,0.975,0.025,7.755171151323752
tfnbs,"e=0.4,h=2.0,n=30,start_thres=1.25",hub,0.25,100,24,40,1730,39,1,1,1729,0.975,0.0005780346820809,0.975,0.025,7.755171151323752
tfnbs,"e=0.4,h=3.0,n=30,start_thres=1.25",hub,0.25,100,24,40,1730,36,1,4,1729,0.9,0.0005780346820809,0.972972972972973,0.027027027027027,7.755171151323752
tfnbs,"e=0.4,h=4.0,n=30,start_thres=1.25",hub,0.25,100,24,40,1730,36,1,4,1729,0.9,0.0005780346820809,0.972972972972973,0.027027027027027,7.755171151323752
tfnbs,"e=0.4,h=5.0,n=30,start_thres=1.25",hub,0.25,100,24,40,1730,36,1,4,1729,0.9,0.0005780346820809,0.972972972972973,0.027027027027027,7.755171151323752
tfnbs,"e=0.4,h=6.0,n=30,start_thres=1.25",hub,0.25,100,24,40,1730,36,0,4,1730,0.9,0.0,1.0,0.0,7.755171151323752
tfnbs,"e=0.4,h=7.0,n=30,start_thres=1.25",hub,0.25,100,24,40,1730,36,0,4,1730,0.9,0.0,1.0,0.0,7.755171151323752
tfnbs,"e=0.4,h=8.0,n=30,start_thres=1.25",hub,0.25,100,24,40,1730,36,0,4,1730,0.9,0.0,1.0,0.0,7.755171151323752
tfnbs,"e=0.4,h=9.0,n=30,start_thres=1.25",hub,0.25,100,24,40,1730,36,0,4,1730,0.9,0.0,1.0,0.0,7.755171151323752
tfnbs,"e=0.4,h=10.0,n=30,start_thres=1.25",hub,0.25,100,24,40,1730,36,0,4,1730,0.9,0.0,1.0,0.0,7.755171151323752
tfnbs,"e=0.5,h=0.5,n=30,start_thres=1.25",hub,0.25,100,24,40,1730,39,3,1,1727,0.975,0.0017341040462427,0.9285714285714286,0.0714285714285714,7.755171151323752
tfnbs,"e=0.5,h=1.0,n=30,start_thres=1.25",hub,0.25,100,24,40,1730,39,3,1,1727,0.975,0.0017341040462427,0.9285714285714286,0.0714285714285714,7.755171151323752
tfnbs,"e=0.5,h=2.0,n=30,start_thres=1.25",hub,0.25,100,24,40,1730,39,1,1,1729,0.975,0.0005780346820809,0.975,0.025,7.755171151323752
tfnbs,"e=0.5,h=3.0,n=30,start_thres=1.25",hub,0.25,100,24,40,1730,39,1,1,1729,0.975,0.0005780346820809,0.975,0.025,7.755171151323752
tfnbs,"e=0.5,h=4.0,n=30,start_thres=1.25",hub,0.25,100,24,40,1730,39,1,1,1729,0.975,0.0005780346820809,0.975,0.025,7.755171151323752
tfnbs,"e=0.5,h=5.0,n=30,start_thres=1.25",hub,0.25,100,24,40,1730,36,1,4,1729,0.9,0.0005780346820809,0.972972972972973,0.027027027027027,7.755171151323752
tfnbs,"e=0.5,h=6.0,n=30,start_thres=1.25",hub,0.25,100,24,40,1730,36,1,4,1729,0.9,0.0005780346820809,0.972972972972973,0.027027027027027,7.755171151323752
tfnbs,"e=0.5,h=7.0,n=30,start_thres=1.25",hub,0.25,100,24,40,1730,36,1,4,1729,0.9,0.0005780346820809,0.972972972972973,0.027027027027027,7.755171151323752
tfnbs,"e=0.5,h=8.0,n=30,start_thres=1.25",hub,0.25,100,24,40,1730,36,0,4,1730,0.9,0.0,1.0,0.0,7.755171151323752
tfnbs,"e=0.5,h=9.0,n=30,start_thres=1.25",hub,0.25,100,24,40,1730,36,0,4,1730,0.9,0.0,1.0,0.0,7.755171151323752
tfnbs,"e=0.5,h=10.0,n=30,start_thres=1.25",hub,0.25,100,24,40,1730,36,0,4,1730,0.9,0.0,1.0,0.0,7.755171151323752
tfnbs,"e=0.6,h=0.5,n=30,start_thres=1.25",hub,0.25,100,24,40,1730,39,3,1,1727,0.975,0.0017341040462427,0.9285714285714286,0.0714285714285714,7.755171151323752
tfnbs,"e=0.6,h=1.0,n=30,start_thres=1.25",hub,0.25,100,24,40,1730,39,3,1,1727,0.975,0.0017341040462427,0.9285714285714286,0.0714285714285714,7.755171151323752
tfnbs,"e=0.6,h=2.0,n=30,start_thres=1.25",hub,0.25,100,24,40,1730,39,3,1,1727,0.975,0.0017341040462427,0.9285714285714286,0.0714285714285714,7.755171151323752
tfnbs,"e=0.6,h=3.0,n=30,start_thres=1.25",hub,0.25,100,24,40,1730,39,3,1,1727,0.975,0.0017341040462427,0.9285714285714286,0.0714285714285714,7.755171151323752
tfnbs,"e=0.6,h=4.0,n=30,start_thres=1.25",hub,0.25,100,24,40,1730,39,1,1,1729,0.975,0.0005780346820809,0.975,0.025,7.755171151323752
tfnbs,"e=0.6,h=5.0,n=30,start_thres=1.25",hub,0.25,100,24,40,1730,39,1,1,1729,0.975,0.0005780346820809,0.975,0.025,7.755171151323752
tfnbs,"e=0.6,h=6.0,n=30,start_thres=1.25",hub,0.25,100,24,40,1730,39,1,1,1729,0.975,0.0005780346820809,0.975,0.025,7.755171151323752
tfnbs,"e=0.6,h=7.0,n=30,start_thres=1.25",hub,0.25,100,24,40,1730,36,1,4,1729,0.9,0.0005780346820809,0.972972972972973,0.027027027027027,7.755171151323752
tfnbs,"e=0.6,h=8.0,n=30,start_thres=1.25",hub,0.25,100,24,40,1730,36,1,4,1729,0.9,0.0005780346820809,0.972972972972973,0.027027027027027,7.755171151323752
tfnbs,"e=0.6,h=9.0,n=30,start_thres=1.25",hub,0.25,100,24,40,1730,36,1,4,1729,0.9,0.0005780346820809,0.972972972972973,0.027027027027027,7.755171151323752
tfnbs,"e=0.6,h=10.0,n=30,start_thres=1.25",hub,0.25,100,24,40,1730,36,0,4,1730,0.9,0.0,1.0,0.0,7.755171151323752
tfnbs,"e=0.7,h=0.5,n=30,start_thres=1.25",hub,0.25,100,24,40,1730,39,3,1,1727,0.975,0.0017341040462427,0.9285714285714286,0.0714285714285714,7.755171151323752
tfnbs,"e=0.7,h=1.0,n=30,start_thres=1.25",hub,0.25,100,24,40,1730,39,3,1,1727,0.975,0.0017341040462427,0.9285714285714286,0.0714285714285714,7.755171151323752
tfnbs,"e=0.7,h=2.0,n=30,start_thres=1.25",hub,0.25,100,24,40,1730,39,3,1,1727,0.975,0.0017341040462427,0.9285714285714286,0.0714285714285714,7.755171151323752
tfnbs,"e=0.7,h=3.0,n=30,start_thres=1.25",hub,0.25,100,24,40,1730,39,3,1,1727,0.975,0.0017341040462427,0.9285714285714286,0.0714285714285714,7.755171151323752
tfnbs,"e=0.7,h=4.0,n=30,start_thres=1.25",hub,0.25,100,24,40,1730,39,3,1,1727,0.975,0.0017341040462427,0.9285714285714286,0.0714285714285714,7.755171151323752
tfnbs,"e=0.7,h=5.0,n=30,start_thres=1.25",hub,0.25,100,24,40,1730,39,1,1,1729,0.975,0.0005780346820809,0.975,0.025,7.755171151323752
tfnbs,"e=0.7,h=6.0,n=30,start_thres=1.25",hub,0.25,100,24,40,1730,39,1,1,1729,0.975,0.0005780346820809,0.975,0.025,7.755171151323752
tfnbs,"e=0.7,h=7.0,n=30,start_thres=1.25",hub,0.25,100,24,40,1730,39,1,1,1729,0.975,0.0005780346820809,0.975,0.025,7.755171151323752
tfnbs,"e=0.7,h=8.0,n=30,start_thres=1.25",hub,0.25,100,24,40,1730,36,1,4,1729,0.9,0.0005780346820809,0.972972972972973,0.027027027027027,7.755171151323752
tfnbs,"e=0.7,h=9.0,n=30,start_thres=1.25",hub,0.25,100,24,40,1730,36,1,4,1729,0.9,0.0005780346820809,0.972972972972973,0.027027027027027,7.755171151323752
tfnbs,"e=0.7,h=10.0,n=30,start_thres=1.25",hub,0.25,100,24,40,1730,36,1,4,1729,0.9,0.0005780346820809,0.972972972972973,0.027027027027027,7.755171151323752
tfnbs,"e=0.8,h=0.5,n=30,start_thres=1.25",hub,0.25,100,24,40,1730,39,3,1,1727,0.975,0.0017341040462427,0.9285714285714286,0.0714285714285714,7.755171151323752
tfnbs,"e=0.8,h=1.0,n=30,start_thres=1.25",hub,0.25,100,24,40,1730,39,3,1,1727,0.975,0.0017341040462427,0.9285714285714286,0.0714285714285714,7.755171151323752
tfnbs,"e=0.8,h=2.0,n=30,start_thres=1.25",hub,0.25,100,24,40,1730,39,3,1,1727,0.975,0.0017341040462427,0.9285714285714286,0.0714285714285714,7.755171151323752
tfnbs,"e=0.8,h=3.0,n=30,start_thres=1.25",hub,0.25,100,24,40,1730,39,3,1,1727,0.975,0.0017341040462427,0.9285714285714286,0.0714285714285714,7.755171151323752
tfnbs,"e=0.8,h=4.0,n=30,start_thres=1.25",hub,0.25,100,24,40,1730,39,3,1,1727,0.975,0.0017341040462427,0.9285714285714286,0.0714285714285714,7.755171151323752
tfnbs,"e=0.8,h=5.0,n=30,start_thres=1.25",hub,0.25,100,24,40,1730,39,3,1,1727,0.975,0.0017341040462427,0.9285714285714286,0.0714285714285714,7.755171151323752
tfnbs,"e=0.8,h=6.0,n=30,start_thres=1.25",hub,0.25,100,24,40,1730,39,3,1,1727,0.975,0.0017341040462427,0.9285714285714286,0.0714285714285714,7.755171151323752
tfnbs,"e=0.8,h=7.0,n=30,start_thres=1.25",hub,0.25,100,24,40,1730,39,1,1,1729,0.975,0.0005780346820809,0.975,0.025,7.755171151323752
tfnbs,"e=0.8,h=8.0,n=30,start_thres=1.25",hub,0.25,100,24,40,1730,39,1,1,1729,0.975,0.0005780346820809,0.975,0.025,7.755171151323752
tfnbs,"e=0.8,h=9.0,n=30,start_thres=1.25",hub,0.25,100,24,40,1730,39,1,1,1729,0.975,0.0005780346820809,0.975,0.025,7.755171151323752
tfnbs,"e=0.8,h=10.0,n=30,start_thres=1.25",hub,0.25,100,24,40,1730,36,1,4,1729,0.9,0.0005780346820809,0.972972972972973,0.027027027027027,7.755171151323752
tfnbs,"e=0.9,h=0.5,n=30,start_thres=1.25",hub,0.25,100,24,40,1730,39,3,1,1727,0.975,0.0017341040462427,0.9285714285714286,0.0714285714285714,7.755171151323752
tfnbs,"e=0.9,h=1.0,n=30,start_thres=1.25",hub,0.25,100,24,40,1730,39,3,1,1727,0.975,0.0017341040462427,0.9285714285714286,0.0714285714285714,7.755171151323752
tfnbs,"e=0.9,h=2.0,n=30,start_thres=1.25",hub,0.25,100,24,40,1730,39,4,1,1726,0.975,0.0023121387283236,0.9069767441860463,0.0930232558139534,7.755171151323752
tfnbs,"e=0.9,h=3.0,n=30,start_thres=1.25",hub,0.25,100,24,40,1730,39,4,1,1726,0.975,0.0023121387283236,0.9069767441860463,0.0930232558139534,7.755171151323752
tfnbs,"e=0.9,h=4.0,n=30,start_thres=1.25",hub,0.25,100,24,40,1730,39,3,1,1727,0.975,0.0017341040462427,0.9285714285714286,0.0714285714285714,7.755171151323752
tfnbs,"e=0.9,h=5.0,n=30,start_thres=1.25",hub,0.25,100,24,40,1730,39,3,1,1727,0.975,0.0017341040462427,0.9285714285714286,0.0714285714285714,7.755171151323752
tfnbs,"e=0.9,h=6.0,n=30,start_thres=1.25",hub,0.25,100,24,40,1730,39,3,1,1727,0.975,0.0017341040462427,0.9285714285714286,0.0714285714285714,7.755171151323752
tfnbs,"e=0.9,h=7.0,n=30,start_thres=1.25",hub,0.25,100,24,40,1730,39,3,1,1727,0.975,0.0017341040462427,0.9285714285714286,0.0714285714285714,7.755171151323752
tfnbs,"e=0.9,h=8.0,n=30,start_thres=1.25",hub,0.25,100,24,40,1730,39,1,1,1729,0.975,0.0005780346820809,0.975,0.025,7.755171151323752
tfnbs,"e=0.9,h=9.0,n=30,start_thres=1.25",hub,0.25,100,24,40,1730,39,1,1,1729,0.975,0.0005780346820809,0.975,0.025,7.755171151323752
tfnbs,"e=0.9,h=10.0,n=30,start_thres=1.25",hub,0.25,100,24,40,1730,39,1,1,1729,0.975,0.0005780346820809,0.975,0.025,7.755171151323752
tfnbs,"e=1.0,h=0.5,n=30,start_thres=1.25",hub,0.25,100,24,40,1730,39,3,1,1727,0.975,0.0017341040462427,0.9285714285714286,0.0714285714285714,7.755171151323752
tfnbs,"e=1.0,h=1.0,n=30,start_thres=1.25",hub,0.25,100,24,40,1730,39,4,1,1726,0.975,0.0023121387283236,0.9069767441860463,0.0930232558139534,7.755171151323752
tfnbs,"e=1.0,h=2.0,n=30,start_thres=1.25",hub,0.25,100,24,40,1730,39,4,1,1726,0.975,0.0023121387283236,0.9069767441860463,0.0930232558139534,7.755171151323752
tfnbs,"e=1.0,h=3.0,n=30,start_thres=1.25",hub,0.25,100,24,40,1730,39,4,1,1726,0.975,0.0023121387283236,0.9069767441860463,0.0930232558139534,7.755171151323752
tfnbs,"e=1.0,h=4.0,n=30,start_thres=1.25",hub,0.25,100,24,40,1730,39,4,1,1726,0.975,0.0023121387283236,0.9069767441860463,0.0930232558139534,7.755171151323752
tfnbs,"e=1.0,h=5.0,n=30,start_thres=1.25",hub,0.25,100,24,40,1730,39,4,1,1726,0.975,0.0023121387283236,0.9069767441860463,0.0930232558139534,7.755171151323752
tfnbs,"e=1.0,h=6.0,n=30,start_thres=1.25",hub,0.25,100,24,40,1730,39,3,1,1727,0.975,0.0017341040462427,0.9285714285714286,0.0714285714285714,7.755171151323752
tfnbs,"e=1.0,h=7.0,n=30,start_thres=1.25",hub,0.25,100,24,40,1730,39,3,1,1727,0.975,0.0017341040462427,0.9285714285714286,0.0714285714285714,7.755171151323752
tfnbs,"e=1.0,h=8.0,n=30,start_thres=1.25",hub,0.25,100,24,40,1730,39,3,1,1727,0.975,0.0017341040462427,0.9285714285714286,0.0714285714285714,7.755171151323752
tfnbs,"e=1.0,h=9.0,n=30,start_thres=1.25",hub,0.25,100,24,40,1730,39,1,1,1729,0.975,0.0005780346820809,0.975,0.025,7.755171151323752
tfnbs,"e=1.0,h=10.0,n=30,start_thres=1.25",hub,0.25,100,24,40,1730,39,1,1,1729,0.975,0.0005780346820809,0.975,0.025,7.755171151323752
tfnbs,"e=1.1,h=0.5,n=30,start_thres=1.25",hub,0.25,100,24,40,1730,39,3,1,1727,0.975,0.0017341040462427,0.9285714285714286,0.0714285714285714,7.755171151323752
tfnbs,"e=1.1,h=1.0,n=30,start_thres=1.25",hub,0.25,100,24,40,1730,39,4,1,1726,0.975,0.0023121387283236,0.9069767441860463,0.0930232558139534,7.755171151323752
tfnbs,"e=1.1,h=2.0,n=30,start_thres=1.25",hub,0.25,100,24,40,1730,39,4,1,1726,0.975,0.0023121387283236,0.9069767441860463,0.0930232558139534,7.755171151323752
tfnbs,"e=1.1,h=3.0,n=30,start_thres=1.25",hub,0.25,100,24,40,1730,39,4,1,1726,0.975,0.0023121387283236,0.9069767441860463,0.0930232558139534,7.755171151323752
tfnbs,"e=1.1,h=4.0,n=30,start_thres=1.25",hub,0.25,100,24,40,1730,39,4,1,1726,0.975,0.0023121387283236,0.9069767441860463,0.0930232558139534,7.755171151323752
tfnbs,"e=1.1,h=5.0,n=30,start_thres=1.25",hub,0.25,100,24,40,1730,39,4,1,1726,0.975,0.0023121387283236,0.9069767441860463,0.0930232558139534,7.755171151323752
tfnbs,"e=1.1,h=6.0,n=30,start_thres=1.25",hub,0.25,100,24,40,1730,39,4,1,1726,0.975,0.0023121387283236,0.9069767441860463,0.0930232558139534,7.755171151323752
tfnbs,"e=1.1,h=7.0,n=30,start_thres=1.25",hub,0.25,100,24,40,1730,39,3,1,1727,0.975,0.0017341040462427,0.9285714285714286,0.0714285714285714,7.755171151323752
tfnbs,"e=1.1,h=8.0,n=30,start_thres=1.25",hub,0.25,100,24,40,1730,39,3,1,1727,0.975,0.0017341040462427,0.9285714285714286,0.0714285714285714,7.755171151323752
tfnbs,"e=1.1,h=9.0,n=30,start_thres=1.25",hub,0.25,100,24,40,1730,39,3,1,1727,0.975,0.0017341040462427,0.9285714285714286,0.0714285714285714,7.755171151323752
tfnbs,"e=1.1,h=10.0,n=30,start_thres=1.25",hub,0.25,100,24,40,1730,39,1,1,1729,0.975,0.0005780346820809,0.975,0.025,7.755171151323752
tfnbs,"e=1.2,h=0.5,n=30,start_thres=1.25",hub,0.25,100,24,40,1730,39,3,1,1727,0.975,0.0017341040462427,0.9285714285714286,0.0714285714285714,7.755171151323752
tfnbs,"e=1.2,h=1.0,n=30,start_thres=1.25",hub,0.25,100,24,40,1730,39,4,1,1726,0.975,0.0023121387283236,0.9069767441860463,0.0930232558139534,7.755171151323752
tfnbs,"e=1.2,h=2.0,n=30,start_thres=1.25",hub,0.25,100,24,40,1730,39,4,1,1726,0.975,0.0023121387283236,0.9069767441860463,0.0930232558139534,7.755171151323752
tfnbs,"e=1.2,h=3.0,n=30,start_thres=1.25",hub,0.25,100,24,40,1730,39,4,1,1726,0.975,0.0023121387283236,0.9069767441860463,0.0930232558139534,7.755171151323752
tfnbs,"e=1.2,h=4.0,n=30,start_thres=1.25",hub,0.25,100,24,40,1730,39,4,1,1726,0.975,0.0023121387283236,0.9069767441860463,0.0930232558139534,7.755171151323752
tfnbs,"e=1.2,h=5.0,n=30,start_thres=1.25",hub,0.25,100,24,40,1730,39,4,1,1726,0.975,0.0023121387283236,0.9069767441860463,0.0930232558139534,7.755171151323752
tfnbs,"e=1.2,h=6.0,n=30,start_thres=1.25",hub,0.25,100,24,40,1730,39,4,1,1726,0.975,0.0023121387283236,0.9069767441860463,0.0930232558139534,7.755171151323752
tfnbs,"e=1.2,h=7.0,n=30,start_thres=1.25",hub,0.25,100,24,40,1730,39,4,1,1726,0.975,0.0023121387283236,0.9069767441860463,0.0930232558139534,7.755171151323752
tfnbs,"e=1.2,h=8.0,n=30,start_thres=1.25",hub,0.25,100,24,40,1730,39,3,1,1727,0.975,0.0017341040462427,0.9285714285714286,0.0714285714285714,7.755171151323752
tfnbs,"e=1.2,h=9.0,n=30,start_thres=1.25",hub,0.25,100,24,40,1730,39,3,1,1727,0.975,0.0017341040462427,0.9285714285714286,0.0714285714285714,7.755171151323752
tfnbs,"e=1.2,h=10.0,n=30,start_thres=1.25",hub,0.25,100,24,40,1730,39,3,1,1727,0.975,0.0017341040462427,0.9285714285714286,0.0714285714285714,7.755171151323752
tfnbs,"e=1.3,h=0.5,n=30,start_thres=1.25",hub,0.25,100,24,40,1730,39,3,1,1727,0.975,0.0017341040462427,0.9285714285714286,0.0714285714285714,7.755171151323752
tfnbs,"e=1.3,h=1.0,n=30,start_thres=1.25",hub,0.25,100,24,40,1730,39,4,1,1726,0.975,0.0023121387283236,0.9069767441860463,0.0930232558139534,7.755171151323752
tfnbs,"e=1.3,h=2.0,n=30,start_thres=1.25",hub,0.25,100,24,40,1730,39,4,1,1726,0.975,0.0023121387283236,0.9069767441860463,0.0930232558139534,7.755171151323752
tfnbs,"e=1.3,h=3.0,n=30,start_thres=1.25",hub,0.25,100,24,40,1730,39,4,1,1726,0.975,0.0023121387283236,0.9069767441860463,0.0930232558139534,7.755171151323752
tfnbs,"e=1.3,h=4.0,n=30,start_thres=1.25",hub,0.25,100,24,40,1730,39,4,1,1726,0.975,0.0023121387283236,0.9069767441860463,0.0930232558139534,7.755171151323752
tfnbs,"e=1.3,h=5.0,n=30,start_thres=1.25",hub,0.25,100,24,40,1730,39,4,1,1726,0.975,0.0023121387283236,0.9069767441860463,0.0930232558139534,7.755171151323752
tfnbs,"e=1.3,h=6.0,n=30,start_thres=1.25",hub,0.25,100,24,40,1730,39,4,1,1726,0.975,0.0023121387283236,0.9069767441860463,0.0930232558139534,7.755171151323752
tfnbs,"e=1.3,h=7.0,n=30,start_thres=1.25",hub,0.25,100,24,40,1730,39,4,1,1726,0.975,0.0023121387283236,0.9069767441860463,0.0930232558139534,7.755171151323752
tfnbs,"e=1.3,h=8.0,n=30,start_thres=1.25",hub,0.25,100,24,40,1730,39,4,1,1726,0.975,0.0023121387283236,0.9069767441860463,0.0930232558139534,7.755171151323752
tfnbs,"e=1.3,h=9.0,n=30,start_thres=1.25",hub,0.25,100,24,40,1730,39,3,1,1727,0.975,0.0017341040462427,0.9285714285714286,0.0714285714285714,7.755171151323752
tfnbs,"e=1.3,h=10.0,n=30,start_thres=1.25",hub,0.25,100,24,40,1730,39,3,1,1727,0.975,0.0017341040462427,0.9285714285714286,0.0714285714285714,7.755171151323752
tfnbs,"e=1.4,h=0.5,n=30,start_thres=1.25",hub,0.25,100,24,40,1730,39,3,1,1727,0.975,0.0017341040462427,0.9285714285714286,0.0714285714285714,7.755171151323752
tfnbs,"e=1.4,h=1.0,n=30,start_thres=1.25",hub,0.25,100,24,40,1730,39,3,1,1727,0.975,0.0017341040462427,0.9285714285714286,0.0714285714285714,7.755171151323752
tfnbs,"e=1.4,h=2.0,n=30,start_thres=1.25",hub,0.25,100,24,40,1730,39,4,1,1726,0.975,0.0023121387283236,0.9069767441860463,0.0930232558139534,7.755171151323752
tfnbs,"e=1.4,h=3.0,n=30,start_thres=1.25",hub,0.25,100,24,40,1730,39,4,1,1726,0.975,0.0023121387283236,0.9069767441860463,0.0930232558139534,7.755171151323752
tfnbs,"e=1.4,h=4.0,n=30,start_thres=1.25",hub,0.25,100,24,40,1730,39,4,1,1726,0.975,0.0023121387283236,0.9069767441860463,0.0930232558139534,7.755171151323752
tfnbs,"e=1.4,h=5.0,n=30,start_thres=1.25",hub,0.25,100,24,40,1730,39,4,1,1726,0.975,0.0023121387283236,0.9069767441860463,0.0930232558139534,7.755171151323752
tfnbs,"e=1.4,h=6.0,n=30,start_thres=1.25",hub,0.25,100,24,40,1730,39,4,1,1726,0.975,0.0023121387283236,0.9069767441860463,0.0930232558139534,7.755171151323752
tfnbs,"e=1.4,h=7.0,n=30,start_thres=1.25",hub,0.25,100,24,40,1730,39,4,1,1726,0.975,0.0023121387283236,0.9069767441860463,0.0930232558139534,7.755171151323752
tfnbs,"e=1.4,h=8.0,n=30,start_thres=1.25",hub,0.25,100,24,40,1730,39,4,1,1726,0.975,0.0023121387283236,0.9069767441860463,0.0930232558139534,7.755171151323752
tfnbs,"e=1.4,h=9.0,n=30,start_thres=1.25",hub,0.25,100,24,40,1730,39,4,1,1726,0.975,0.0023121387283236,0.9069767441860463,0.0930232558139534,7.755171151323752
tfnbs,"e=1.4,h=10.0,n=30,start_thres=1.25",hub,0.25,100,24,40,1730,39,3,1,1727,0.975,0.0017341040462427,0.9285714285714286,0.0714285714285714,7.755171151323752
tfnbs,"e=1.5,h=0.5,n=30,start_thres=1.25",hub,0.25,100,24,40,1730,39,3,1,1727,0.975,0.0017341040462427,0.9285714285714286,0.0714285714285714,7.755171151323752
tfnbs,"e=1.5,h=1.0,n=30,start_thres=1.25",hub,0.25,100,24,40,1730,39,3,1,1727,0.975,0.0017341040462427,0.9285714285714286,0.0714285714285714,7.755171151323752
tfnbs,"e=1.5,h=2.0,n=30,start_thres=1.25",hub,0.25,100,24,40,1730,39,4,1,1726,0.975,0.0023121387283236,0.9069767441860463,0.0930232558139534,7.755171151323752
tfnbs,"e=1.5,h=3.0,n=30,start_thres=1.25",hub,0.25,100,24,40,1730,39,4,1,1726,0.975,0.0023121387283236,0.9069767441860463,0.0930232558139534,7.755171151323752
tfnbs,"e=1.5,h=4.0,n=30,start_thres=1.25",hub,0.25,100,24,40,1730,39,4,1,1726,0.975,0.0023121387283236,0.9069767441860463,0.0930232558139534,7.755171151323752
tfnbs,"e=1.5,h=5.0,n=30,start_thres=1.25",hub,0.25,100,24,40,1730,39,4,1,1726,0.975,0.0023121387283236,0.9069767441860463,0.0930232558139534,7.755171151323752
tfnbs,"e=1.5,h=6.0,n=30,start_thres=1.25",hub,0.25,100,24,40,1730,39,4,1,1726,0.975,0.0023121387283236,0.9069767441860463,0.0930232558139534,7.755171151323752
tfnbs,"e=1.5,h=7.0,n=30,start_thres=1.25",hub,0.25,100,24,40,1730,39,4,1,1726,0.975,0.0023121387283236,0.9069767441860463,0.0930232558139534,7.755171151323752
tfnbs,"e=1.5,h=8.0,n=30,start_thres=1.25",hub,0.25,100,24,40,1730,39,4,1,1726,0.975,0.0023121387283236,0.9069767441860463,0.0930232558139534,7.755171151323752
tfnbs,"e=1.5,h=9.0,n=30,start_thres=1.25",hub,0.25,100,24,40,1730,39,4,1,1726,0.975,0.0023121387283236,0.9069767441860463,0.0930232558139534,7.755171151323752
tfnbs,"e=1.5,h=10.0,n=30,start_thres=1.25",hub,0.25,100,24,40,1730,39,4,1,1726,0.975,0.0023121387283236,0.9069767441860463,0.0930232558139534,7.755171151323752
nbs_extent,threshold=1.0,hub,0.25,100,13,40,1730,0,0,40,1730,0.0,0.0,0.0,0.0,23.118168592453003
nbs_extent,threshold=1.0,hub,0.25,100,12,40,1730,0,0,40,1730,0.0,0.0,0.0,0.0,24.102051973342896
tfnbs,"e=0.05,h=0.5,n=30,start_thres=1.25",hub,0.25,100,11,40,1730,32,0,8,1730,0.8,0.0,1.0,0.0,7.780559999021617
tfnbs,"e=0.05,h=1.0,n=30,start_thres=1.25",hub,0.25,100,11,40,1730,32,0,8,1730,0.8,0.0,1.0,0.0,7.780559999021617
tfnbs,"e=0.05,h=2.0,n=30,start_thres=1.25",hub,0.25,100,11,40,1730,32,0,8,1730,0.8,0.0,1.0,0.0,7.780559999021617
tfnbs,"e=0.05,h=3.0,n=30,start_thres=1.25",hub,0.25,100,11,40,1730,32,0,8,1730,0.8,0.0,1.0,0.0,7.780559999021617
tfnbs,"e=0.05,h=4.0,n=30,start_thres=1.25",hub,0.25,100,11,40,1730,32,0,8,1730,0.8,0.0,1.0,0.0,7.780559999021617
tfnbs,"e=0.05,h=5.0,n=30,start_thres=1.25",hub,0.25,100,11,40,1730,32,0,8,1730,0.8,0.0,1.0,0.0,7.780559999021617
tfnbs,"e=0.05,h=6.0,n=30,start_thres=1.25",hub,0.25,100,11,40,1730,32,0,8,1730,0.8,0.0,1.0,0.0,7.780559999021617
tfnbs,"e=0.05,h=7.0,n=30,start_thres=1.25",hub,0.25,100,11,40,1730,32,0,8,1730,0.8,0.0,1.0,0.0,7.780559999021617
tfnbs,"e=0.05,h=8.0,n=30,start_thres=1.25",hub,0.25,100,11,40,1730,32,0,8,1730,0.8,0.0,1.0,0.0,7.780559999021617
tfnbs,"e=0.05,h=9.0,n=30,start_thres=1.25",hub,0.25,100,11,40,1730,32,0,8,1730,0.8,0.0,1.0,0.0,7.780559999021617
tfnbs,"e=0.05,h=10.0,n=30,start_thres=1.25",hub,0.25,100,11,40,1730,32,0,8,1730,0.8,0.0,1.0,0.0,7.780559999021617
tfnbs,"e=0.1,h=0.5,n=30,start_thres=1.25",hub,0.25,100,11,40,1730,34,0,6,1730,0.85,0.0,1.0,0.0,7.780559999021617
tfnbs,"e=0.1,h=1.0,n=30,start_thres=1.25",hub,0.25,100,11,40,1730,34,0,6,1730,0.85,0.0,1.0,0.0,7.780559999021617
tfnbs,"e=0.1,h=2.0,n=30,start_thres=1.25",hub,0.25,100,11,40,1730,34,0,6,1730,0.85,0.0,1.0,0.0,7.780559999021617
tfnbs,"e=0.1,h=3.0,n=30,start_thres=1.25",hub,0.25,100,11,40,1730,32,0,8,1730,0.8,0.0,1.0,0.0,7.780559999021617
tfnbs,"e=0.1,h=4.0,n=30,start_thres=1.25",hub,0.25,100,11,40,1730,32,0,8,1730,0.8,0.0,1.0,0.0,7.780559999021617
tfnbs,"e=0.1,h=5.0,n=30,start_thres=1.25",hub,0.25,100,11,40,1730,32,0,8,1730,0.8,0.0,1.0,0.0,7.780559999021617
tfnbs,"e=0.1,h=6.0,n=30,start_thres=1.25",hub,0.25,100,11,40,1730,32,0,8,1730,0.8,0.0,1.0,0.0,7.780559999021617
tfnbs,"e=0.1,h=7.0,n=30,start_thres=1.25",hub,0.25,100,11,40,1730,32,0,8,1730,0.8,0.0,1.0,0.0,7.780559999021617
tfnbs,"e=0.1,h=8.0,n=30,start_thres=1.25",hub,0.25,100,11,40,1730,32,0,8,1730,0.8,0.0,1.0,0.0,7.780559999021617
tfnbs,"e=0.1,h=9.0,n=30,start_thres=1.25",hub,0.25,100,11,40,1730,32,0,8,1730,0.8,0.0,1.0,0.0,7.780559999021617
tfnbs,"e=0.1,h=10.0,n=30,start_thres=1.25",hub,0.25,100,11,40,1730,32,0,8,1730,0.8,0.0,1.0,0.0,7.780559999021617
tfnbs,"e=0.2,h=0.5,n=30,start_thres=1.25",hub,0.25,100,11,40,1730,35,0,5,1730,0.875,0.0,1.0,0.0,7.780559999021617
tfnbs,"e=0.2,h=1.0,n=30,start_thres=1.25",hub,0.25,100,11,40,1730,35,0,5,1730,0.875,0.0,1.0,0.0,7.780559999021617
tfnbs,"e=0.2,h=2.0,n=30,start_thres=1.25",hub,0.25,100,11,40,1730,34,0,6,1730,0.85,0.0,1.0,0.0,7.780559999021617
tfnbs,"e=0.2,h=3.0,n=30,start_thres=1.25",hub,0.25,100,11,40,1730,34,0,6,1730,0.85,0.0,1.0,0.0,7.780559999021617
tfnbs,"e=0.2,h=4.0,n=30,start_thres=1.25",hub,0.25,100,11,40,1730,34,0,6,1730,0.85,0.0,1.0,0.0,7.780559999021617
tfnbs,"e=0.2,h=5.0,n=30,start_thres=1.25",hub,0.25,100,11,40,1730,34,0,6,1730,0.85,0.0,1.0,0.0,7.780559999021617
tfnbs,"e=0.2,h=6.0,n=30,start_thres=1.25",hub,0.25,100,11,40,1730,34,0,6,1730,0.85,0.0,1.0,0.0,7.780559999021617
tfnbs,"e=0.2,h=7.0,n=30,start_thres=1.25",hub,0.25,100,11,40,1730,34,0,6,1730,0.85,0.0,1.0,0.0,7.780559999021617
tfnbs,"e=0.2,h=8.0,n=30,start_thres=1.25",hub,0.25,100,11,40,1730,32,0,8,1730,0.8,0.0,1.0,0.0,7.780559999021617
tfnbs,"e=0.2,h=9.0,n=30,start_thres=1.25",hub,0.25,100,11,40,1730,32,0,8,1730,0.8,0.0,1.0,0.0,7.780559999021617
tfnbs,"e=0.2,h=10.0,n=30,start_thres=1.25",hub,0.25,100,11,40,1730,32,0,8,1730,0.8,0.0,1.0,0.0,7.780559999021617
tfnbs,"e=0.3,h=0.5,n=30,start_thres=1.25",hub,0.25,100,11,40,1730,37,0,3,1730,0.925,0.0,1.0,0.0,7.780559999021617
tfnbs,"e=0.3,h=1.0,n=30,start_thres=1.25",hub,0.25,100,11,40,1730,36,0,4,1730,0.9,0.0,1.0,0.0,7.780559999021617
tfnbs,"e=0.3,h=2.0,n=30,start_thres=1.25",hub,0.25,100,11,40,1730,36,0,4,1730,0.9,0.0,1.0,0.0,7.780559999021617
tfnbs,"e=0.3,h=3.0,n=30,start_thres=1.25",hub,0.25,100,11,40,1730,35,0,5,1730,0.875,0.0,1.0,0.0,7.780559999021617
tfnbs,"e=0.3,h=4.0,n=30,start_thres=1.25",hub,0.25,100,11,40,1730,35,0,5,1730,0.875,0.0,1.0,0.0,7.780559999021617
tfnbs,"e=0.3,h=5.0,n=30,start_thres=1.25",hub,0.25,100,11,40,1730,34,0,6,1730,0.85,0.0,1.0,0.0,7.780559999021617
tfnbs,"e=0.3,h=6.0,n=30,start_thres=1.25",hub,0.25,100,11,40,1730,34,0,6,1730,0.85,0.0,1.0,0.0,7.780559999021617
tfnbs,"e=0.3,h=7.0,n=30,start_thres=1.25",hub,0.25,100,11,40,1730,34,0,6,1730,0.85,0.0,1.0,0.0,7.780559999021617
tfnbs,"e=0.3,h=8.0,n=30,start_thres=1.25",hub,0.25,100,11,40,1730,34,0,6,1730,0.85,0.0,1.0,0.0,7.780559999021617
tfnbs,"e=0.3,h=9.0,n=30,start_thres=1.25",hub,0.25,100,11,40,1730,34,0,6,1730,0.85,0.0,1.0,0.0,7.780559999021617
tfnbs,"e=0.3,h=10.0,n=30,start_thres=1.25",hub,0.25,100,11,40,1730,34,0,6,1730,0.85,0.0,1.0,0.0,7.780559999021617
tfnbs,"e=0.4,h=0.5,n=30,start_thres=1.25",hub,0.25,100,11,40,1730,37,0,3,1730,0.925,0.0,1.0,0.0,7.780559999021617
tfnbs,"e=0.4,h=1.0,n=30,start_thres=1.25",hub,0.25,100,11,40,1730,37,0,3,1730,0.925,0.0,1.0,0.0,7.780559999021617
tfnbs,"e=0.4,h=2.0,n=30,start_thres=1.25",hub,0.25,100,11,40,1730,37,0,3,1730,0.925,0.0,1.0,0.0,7.780559999021617
tfnbs,"e=0.4,h=3.0,n=30,start_thres=1.25",hub,0.25,100,11,40,1730,36,0,4,1730,0.9,0.0,1.0,0.0,7.780559999021617
tfnbs,"e=0.4,h=4.0,n=30,start_thres=1.25",hub,0.25,100,11,40,1730,36,0,4,1730,0.9,0.0,1.0,0.0,7.780559999021617
tfnbs,"e=0.4,h=5.0,n=30,start_thres=1.25",hub,0.25,100,11,40,1730,35,0,5,1730,0.875,0.0,1.0,0.0,7.780559999021617
tfnbs,"e=0.4,h=6.0,n=30,start_thres=1.25",hub,0.25,100,11,40,1730,35,0,5,1730,0.875,0.0,1.0,0.0,7.780559999021617
tfnbs,"e=0.4,h=7.0,n=30,start_thres=1.25",hub,0.25,100,11,40,1730,35,0,5,1730,0.875,0.0,1.0,0.0,7.780559999021617
tfnbs,"e=0.4,h=8.0,n=30,start_thres=1.25",hub,0.25,100,11,40,1730,34,0,6,1730,0.85,0.0,1.0,0.0,7.780559999021617
tfnbs,"e=0.4,h=9.0,n=30,start_thres=1.25",hub,0.25,100,11,40,1730,34,0,6,1730,0.85,0.0,1.0,0.0,7.780559999021617
tfnbs,"e=0.4,h=10.0,n=30,start_thres=1.25",hub,0.25,100,11,40,1730,34,0,6,1730,0.85,0.0,1.0,0.0,7.780559999021617
tfnbs,"e=0.5,h=0.5,n=30,start_thres=1.25",hub,0.25,100,11,40,1730,40,2,0,1728,1.0,0.0011560693641618,0.9523809523809524,0.0476190476190476,7.780559999021617
tfnbs,"e=0.5,h=1.0,n=30,start_thres=1.25",hub,0.25,100,11,40,1730,40,2,0,1728,1.0,0.0011560693641618,0.9523809523809524,0.0476190476190476,7.780559999021617
tfnbs,"e=0.5,h=2.0,n=30,start_thres=1.25",hub,0.25,100,11,40,1730,37,0,3,1730,0.925,0.0,1.0,0.0,7.780559999021617
tfnbs,"e=0.5,h=3.0,n=30,start_thres=1.25",hub,0.25,100,11,40,1730,37,0,3,1730,0.925,0.0,1.0,0.0,7.780559999021617
tfnbs,"e=0.5,h=4.0,n=30,start_thres=1.25",hub,0.25,100,11,40,1730,37,0,3,1730,0.925,0.0,1.0,0.0,7.780559999021617
tfnbs,"e=0.5,h=5.0,n=30,start_thres=1.25",hub,0.25,100,11,40,1730,36,0,4,1730,0.9,0.0,1.0,0.0,7.780559999021617
tfnbs,"e=0.5,h=6.0,n=30,start_thres=1.25",hub,0.25,100,11,40,1730,36,0,4,1730,0.9,0.0,1.0,0.0,7.780559999021617
tfnbs,"e=0.5,h=7.0,n=30,start_thres=1.25",hub,0.25,100,11,40,1730,35,0,5,1730,0.875,0.0,1.0,0.0,7.780559999021617
tfnbs,"e=0.5,h=8.0,n=30,start_thres=1.25",hub,0.25,100,11,40,1730,35,0,5,1730,0.875,0.0,1.0,0.0,7.780559999021617
tfnbs,"e=0.5,h=9.0,n=30,start_thres=1.25",hub,0.25,100,11,40,1730,35,0,5,1730,0.875,0.0,1.0,0.0,7.780559999021617
tfnbs,"e=0.5,h=10.0,n=30,start_thres=1.25",hub,0.25,100,11,40,1730,34,0,6,1730,0.85,0.0,1.0,0.0,7.780559999021617
tfnbs,"e=0.6,h=0.5,n=30,start_thres=1.25",hub,0.25,100,11,40,1730,40,2,0,1728,1.0,0.0011560693641618,0.9523809523809524,0.0476190476190476,7.780559999021617
tfnbs,"e=0.6,h=1.0,n=30,start_thres=1.25",hub,0.25,100,11,40,1730,40,2,0,1728,1.0,0.0011560693641618,0.9523809523809524,0.0476190476190476,7.780559999021617
tfnbs,"e=0.6,h=2.0,n=30,start_thres=1.25",hub,0.25,100,11,40,1730,40,2,0,1728,1.0,0.0011560693641618,0.9523809523809524,0.0476190476190476,7.780559999021617
tfnbs,"e=0.6,h=3.0,n=30,start_thres=1.25",hub,0.25,100,11,40,1730,40,2,0,1728,1.0,0.0011560693641618,0.9523809523809524,0.0476190476190476,7.780559999021617
tfnbs,"e=0.6,h=4.0,n=30,start_thres=1.25",hub,0.25,100,11,40,1730,37,0,3,1730,0.925,0.0,1.0,0.0,7.780559999021617
tfnbs,"e=0.6,h=5.0,n=30,start_thres=1.25",hub,0.25,100,11,40,1730,37,0,3,1730,0.925,0.0,1.0,0.0,7.780559999021617
tfnbs,"e=0.6,h=6.0,n=30,start_thres=1.25",hub,0.25,100,11,40,1730,37,0,3,1730,0.925,0.0,1.0,0.0,7.780559999021617
tfnbs,"e=0.6,h=7.0,n=30,start_thres=1.25",hub,0.25,100,11,40,1730,36,0,4,1730,0.9,0.0,1.0,0.0,7.780559999021617
tfnbs,"e=0.6,h=8.0,n=30,start_thres=1.25",hub,0.25,100,11,40,1730,36,0,4,1730,0.9,0.0,1.0,0.0,7.780559999021617
tfnbs,"e=0.6,h=9.0,n=30,start_thres=1.25",hub,0.25,100,11,40,1730,35,0,5,1730,0.875,0.0,1.0,0.0,7.780559999021617
tfnbs,"e=0.6,h=10.0,n=30,start_thres=1.25",hub,0.25,100,11,40,1730,35,0,5,1730,0.875,0.0,1.0,0.0,7.780559999021617
tfnbs,"e=0.7,h=0.5,n=30,start_thres=1.25",hub,0.25,100,11,40,1730,40,7,0,1723,1.0,0.0040462427745664,0.851063829787234,0.1489361702127659,7.780559999021617
tfnbs,"e=0.7,h=1.0,n=30,start_thres=1.25",hub,0.25,100,11,40,1730,40,7,0,1723,1.0,0.0040462427745664,0.851063829787234,0.1489361702127659,7.780559999021617
tfnbs,"e=0.7,h=2.0,n=30,start_thres=1.25",hub,0.25,100,11,40,1730,40,7,0,1723,1.0,0.0040462427745664,0.851063829787234,0.1489361702127659,7.780559999021617
tfnbs,"e=0.7,h=3.0,n=30,start_thres=1.25",hub,0.25,100,11,40,1730,40,2,0,1728,1.0,0.0011560693641618,0.9523809523809524,0.0476190476190476,7.780559999021617
tfnbs,"e=0.7,h=4.0,n=30,start_thres=1.25",hub,0.25,100,11,40,1730,40,2,0,1728,1.0,0.0011560693641618,0.9523809523809524,0.0476190476190476,7.780559999021617
tfnbs,"e=0.7,h=5.0,n=30,start_thres=1.25",hub,0.25,100,11,40,1730,37,0,3,1730,0.925,0.0,1.0,0.0,7.780559999021617
tfnbs,"e=0.7,h=6.0,n=30,start_thres=1.25",hub,0.25,100,11,40,1730,37,0,3,1730,0.925,0.0,1.0,0.0,7.780559999021617
tfnbs,"e=0.7,h=7.0,n=30,start_thres=1.25",hub,0.25,100,11,40,1730,37,0,3,1730,0.925,0.0,1.0,0.0,7.780559999021617
tfnbs,"e=0.7,h=8.0,n=30,start_thres=1.25",hub,0.25,100,11,40,1730,36,0,4,1730,0.9,0.0,1.0,0.0,7.780559999021617
tfnbs,"e=0.7,h=9.0,n=30,start_thres=1.25",hub,0.25,100,11,40,1730,36,0,4,1730,0.9,0.0,1.0,0.0,7.780559999021617
tfnbs,"e=0.7,h=10.0,n=30,start_thres=1.25",hub,0.25,100,11,40,1730,36,0,4,1730,0.9,0.0,1.0,0.0,7.780559999021617
tfnbs,"e=0.8,h=0.5,n=30,start_thres=1.25",hub,0.25,100,11,40,1730,40,7,0,1723,1.0,0.0040462427745664,0.851063829787234,0.1489361702127659,7.780559999021617
tfnbs,"e=0.8,h=1.0,n=30,start_thres=1.25",hub,0.25,100,11,40,1730,40,7,0,1723,1.0,0.0040462427745664,0.851063829787234,0.1489361702127659,7.780559999021617
tfnbs,"e=0.8,h=2.0,n=30,start_thres=1.25",hub,0.25,100,11,40,1730,40,7,0,1723,1.0,0.0040462427745664,0.851063829787234,0.1489361702127659,7.780559999021617
tfnbs,"e=0.8,h=3.0,n=30,start_thres=1.25",hub,0.25,100,11,40,1730,40,7,0,1723,1.0,0.0040462427745664,0.851063829787234,0.1489361702127659,7.780559999021617
tfnbs,"e=0.8,h=4.0,n=30,start_thres=1.25",hub,0.25,100,11,40,1730,40,2,0,1728,1.0,0.0011560693641618,0.9523809523809524,0.0476190476190476,7.780559999021617
tfnbs,"e=0.8,h=5.0,n=30,start_thres=1.25",hub,0.25,100,11,40,1730,40,2,0,1728,1.0,0.0011560693641618,0.9523809523809524,0.0476190476190476,7.780559999021617
tfnbs,"e=0.8,h=6.0,n=30,start_thres=1.25",hub,0.25,100,11,40,1730,37,0,3,1730,0.925,0.0,1.0,0.0,7.780559999021617
tfnbs,"e=0.8,h=7.0,n=30,start_thres=1.25",hub,0.25,100,11,40,1730,37,0,3,1730,0.925,0.0,1.0,0.0,7.780559999021617
tfnbs,"e=0.8,h=8.0,n=30,start_thres=1.25",hub,0.25,100,11,40,1730,37,0,3,1730,0.925,0.0,1.0,0.0,7.780559999021617
tfnbs,"e=0.8,h=9.0,n=30,start_thres=1.25",hub,0.25,100,11,40,1730,37,0,3,1730,0.925,0.0,1.0,0.0,7.780559999021617
tfnbs,"e=0.8,h=10.0,n=30,start_thres=1.25",hub,0.25,100,11,40,1730,36,0,4,1730,0.9,0.0,1.0,0.0,7.780559999021617
tfnbs,"e=0.9,h=0.5,n=30,start_thres=1.25",hub,0.25,100,11,40,1730,40,7,0,1723,1.0,0.0040462427745664,0.851063829787234,0.1489361702127659,7.780559999021617
tfnbs,"e=0.9,h=1.0,n=30,start_thres=1.25",hub,0.25,100,11,40,1730,40,7,0,1723,1.0,0.0040462427745664,0.851063829787234,0.1489361702127659,7.780559999021617
tfnbs,"e=0.9,h=2.0,n=30,start_thres=1.25",hub,0.25,100,11,40,1730,40,7,0,1723,1.0,0.0040462427745664,0.851063829787234,0.1489361702127659,7.780559999021617
tfnbs,"e=0.9,h=3.0,n=30,start_thres=1.25",hub,0.25,100,11,40,1730,40,7,0,1723,1.0,0.0040462427745664,0.851063829787234,0.1489361702127659,7.780559999021617
tfnbs,"e=0.9,h=4.0,n=30,start_thres=1.25",hub,0.25,100,11,40,1730,40,7,0,1723,1.0,0.0040462427745664,0.851063829787234,0.1489361702127659,7.780559999021617
tfnbs,"e=0.9,h=5.0,n=30,start_thres=1.25",hub,0.25,100,11,40,1730,40,7,0,1723,1.0,0.0040462427745664,0.851063829787234,0.1489361702127659,7.780559999021617
tfnbs,"e=0.9,h=6.0,n=30,start_thres=1.25",hub,0.25,100,11,40,1730,40,2,0,1728,1.0,0.0011560693641618,0.9523809523809524,0.0476190476190476,7.780559999021617
tfnbs,"e=0.9,h=7.0,n=30,start_thres=1.25",hub,0.25,100,11,40,1730,37,0,3,1730,0.925,0.0,1.0,0.0,7.780559999021617
tfnbs,"e=0.9,h=8.0,n=30,start_thres=1.25",hub,0.25,100,11,40,1730,37,0,3,1730,0.925,0.0,1.0,0.0,7.780559999021617
tfnbs,"e=0.9,h=9.0,n=30,start_thres=1.25",hub,0.25,100,11,40,1730,37,0,3,1730,0.925,0.0,1.0,0.0,7.780559999021617
tfnbs,"e=0.9,h=10.0,n=30,start_thres=1.25",hub,0.25,100,11,40,1730,37,0,3,1730,0.925,0.0,1.0,0.0,7.780559999021617
tfnbs,"e=1.0,h=0.5,n=30,start_thres=1.25",hub,0.25,100,11,40,1730,40,7,0,1723,1.0,0.0040462427745664,0.851063829787234,0.1489361702127659,7.780559999021617
tfnbs,"e=1.0,h=1.0,n=30,start_thres=1.25",hub,0.25,100,11,40,1730,40,10,0,1720,1.0,0.0057803468208092,0.8,0.2,7.780559999021617
tfnbs,"e=1.0,h=2.0,n=30,start_thres=1.25",hub,0.25,100,11,40,1730,40,10,0,1720,1.0,0.0057803468208092,0.8,0.2,7.780559999021617
tfnbs,"e=1.0,h=3.0,n=30,start_thres=1.25",hub,0.25,100,11,40,1730,40,7,0,1723,1.0,0.0040462427745664,0.851063829787234,0.1489361702127659,7.780559999021617
tfnbs,"e=1.0,h=4.0,n=30,start_thres=1.25",hub,0.25,100,11,40,1730,40,7,0,1723,1.0,0.0040462427745664,0.851063829787234,0.1489361702127659,7.780559999021617
tfnbs,"e=1.0,h=5.0,n=30,start_thres=1.25",hub,0.25,100,11,40,1730,40,7,0,1723,1.0,0.0040462427745664,0.851063829787234,0.1489361702127659,7.780559999021617
tfnbs,"e=1.0,h=6.0,n=30,start_thres=1.25",hub,0.25,100,11,40,1730,40,7,0,1723,1.0,0.0040462427745664,0.851063829787234,0.1489361702127659,7.780559999021617
tfnbs,"e=1.0,h=7.0,n=30,start_thres=1.25",hub,0.25,100,11,40,1730,40,2,0,1728,1.0,0.0011560693641618,0.9523809523809524,0.0476190476190476,7.780559999021617
tfnbs,"e=1.0,h=8.0,n=30,start_thres=1.25",hub,0.25,100,11,40,1730,37,0,3,1730,0.925,0.0,1.0,0.0,7.780559999021617
tfnbs,"e=1.0,h=9.0,n=30,start_thres=1.25",hub,0.25,100,11,40,1730,37,0,3,1730,0.925,0.0,1.0,0.0,7.780559999021617
tfnbs,"e=1.0,h=10.0,n=30,start_thres=1.25",hub,0.25,100,11,40,1730,37,0,3,1730,0.925,0.0,1.0,0.0,7.780559999021617
tfnbs,"e=1.1,h=0.5,n=30,start_thres=1.25",hub,0.25,100,11,40,1730,40,10,0,1720,1.0,0.0057803468208092,0.8,0.2,7.780559999021617
tfnbs,"e=1.1,h=1.0,n=30,start_thres=1.25",hub,0.25,100,11,40,1730,40,10,0,1720,1.0,0.0057803468208092,0.8,0.2,7.780559999021617
tfnbs,"e=1.1,h=2.0,n=30,start_thres=1.25",hub,0.25,100,11,40,1730,40,10,0,1720,1.0,0.0057803468208092,0.8,0.2,7.780559999021617
tfnbs,"e=1.1,h=3.0,n=30,start_thres=1.25",hub,0.25,100,11,40,1730,40,10,0,1720,1.0,0.0057803468208092,0.8,0.2,7.780559999021617
tfnbs,"e=1.1,h=4.0,n=30,start_thres=1.25",hub,0.25,100,11,40,1730,40,10,0,1720,1.0,0.0057803468208092,0.8,0.2,7.780559999021617
tfnbs,"e=1.1,h=5.0,n=30,start_thres=1.25",hub,0.25,100,11,40,1730,40,7,0,1723,1.0,0.0040462427745664,0.851063829787234,0.1489361702127659,7.780559999021617
tfnbs,"e=1.1,h=6.0,n=30,start_thres=1.25",hub,0.25,100,11,40,1730,40,7,0,1723,1.0,0.0040462427745664,0.851063829787234,0.1489361702127659,7.780559999021617
tfnbs,"e=1.1,h=7.0,n=30,start_thres=1.25",hub,0.25,100,11,40,1730,40,7,0,1723,1.0,0.0040462427745664,0.851063829787234,0.1489361702127659,7.780559999021617
tfnbs,"e=1.1,h=8.0,n=30,start_thres=1.25",hub,0.25,100,11,40,1730,40,2,0,1728,1.0,0.0011560693641618,0.9523809523809524,0.0476190476190476,7.780559999021617
tfnbs,"e=1.1,h=9.0,n=30,start_thres=1.25",hub,0.25,100,11,40,1730,40,2,0,1728,1.0,0.0011560693641618,0.9523809523809524,0.0476190476190476,7.780559999021617
tfnbs,"e=1.1,h=10.0,n=30,start_thres=1.25",hub,0.25,100,11,40,1730,37,0,3,1730,0.925,0.0,1.0,0.0,7.780559999021617
tfnbs,"e=1.2,h=0.5,n=30,start_thres=1.25",hub,0.25,100,11,40,1730,40,10,0,1720,1.0,0.0057803468208092,0.8,0.2,7.780559999021617
tfnbs,"e=1.2,h=1.0,n=30,start_thres=1.25",hub,0.25,100,11,40,1730,40,10,0,1720,1.0,0.0057803468208092,0.8,0.2,7.780559999021617
tfnbs,"e=1.2,h=2.0,n=30,start_thres=1.25",hub,0.25,100,11,40,1730,40,10,0,1720,1.0,0.0057803468208092,0.8,0.2,7.780559999021617
tfnbs,"e=1.2,h=3.0,n=30,start_thres=1.25",hub,0.25,100,11,40,1730,40,10,0,1720,1.0,0.0057803468208092,0.8,0.2,7.780559999021617
tfnbs,"e=1.2,h=4.0,n=30,start_thres=1.25",hub,0.25,100,11,40,1730,40,10,0,1720,1.0,0.0057803468208092,0.8,0.2,7.780559999021617
tfnbs,"e=1.2,h=5.0,n=30,start_thres=1.25",hub,0.25,100,11,40,1730,40,10,0,1720,1.0,0.0057803468208092,0.8,0.2,7.780559999021617
tfnbs,"e=1.2,h=6.0,n=30,start_thres=1.25",hub,0.25,100,11,40,1730,40,7,0,1723,1.0,0.0040462427745664,0.851063829787234,0.1489361702127659,7.780559999021617
tfnbs,"e=1.2,h=7.0,n=30,start_thres=1.25",hub,0.25,100,11,40,1730,40,7,0,1723,1.0,0.0040462427745664,0.851063829787234,0.1489361702127659,7.780559999021617
tfnbs,"e=1.2,h=8.0,n=30,start_thres=1.25",hub,0.25,100,11,40,1730,40,7,0,1723,1.0,0.0040462427745664,0.851063829787234,0.1489361702127659,7.780559999021617
tfnbs,"e=1.2,h=9.0,n=30,start_thres=1.25",hub,0.25,100,11,40,1730,40,2,0,1728,1.0,0.0011560693641618,0.9523809523809524,0.0476190476190476,7.780559999021617
tfnbs,"e=1.2,h=10.0,n=30,start_thres=1.25",hub,0.25,100,11,40,1730,40,2,0,1728,1.0,0.0011560693641618,0.9523809523809524,0.0476190476190476,7.780559999021617
tfnbs,"e=1.3,h=0.5,n=30,start_thres=1.25",hub,0.25,100,11,40,1730,40,10,0,1720,1.0,0.0057803468208092,0.8,0.2,7.780559999021617
tfnbs,"e=1.3,h=1.0,n=30,start_thres=1.25",hub,0.25,100,11,40,1730,40,10,0,1720,1.0,0.0057803468208092,0.8,0.2,7.780559999021617
tfnbs,"e=1.3,h=2.0,n=30,start_thres=1.25",hub,0.25,100,11,40,1730,40,10,0,1720,1.0,0.0057803468208092,0.8,0.2,7.780559999021617
tfnbs,"e=1.3,h=3.0,n=30,start_thres=1.25",hub,0.25,100,11,40,1730,40,10,0,1720,1.0,0.0057803468208092,0.8,0.2,7.780559999021617
tfnbs,"e=1.3,h=4.0,n=30,start_thres=1.25",hub,0.25,100,11,40,1730,40,10,0,1720,1.0,0.0057803468208092,0.8,0.2,7.780559999021617
tfnbs,"e=1.3,h=5.0,n=30,start_thres=1.25",hub,0.25,100,11,40,1730,40,10,0,1720,1.0,0.0057803468208092,0.8,0.2,7.780559999021617
tfnbs,"e=1.3,h=6.0,n=30,start_thres=1.25",hub,0.25,100,11,40,1730,40,10,0,1720,1.0,0.0057803468208092,0.8,0.2,7.780559999021617
tfnbs,"e=1.3,h=7.0,n=30,start_thres=1.25",hub,0.25,100,11,40,1730,40,7,0,1723,1.0,0.0040462427745664,0.851063829787234,0.1489361702127659,7.780559999021617
tfnbs,"e=1.3,h=8.0,n=30,start_thres=1.25",hub,0.25,100,11,40,1730,40,7,0,1723,1.0,0.0040462427745664,0.851063829787234,0.1489361702127659,7.780559999021617
tfnbs,"e=1.3,h=9.0,n=30,start_thres=1.25",hub,0.25,100,11,40,1730,40,7,0,1723,1.0,0.0040462427745664,0.851063829787234,0.1489361702127659,7.780559999021617
tfnbs,"e=1.3,h=10.0,n=30,start_thres=1.25",hub,0.25,100,11,40,1730,40,2,0,1728,1.0,0.0011560693641618,0.9523809523809524,0.0476190476190476,7.780559999021617
tfnbs,"e=1.4,h=0.5,n=30,start_thres=1.25",hub,0.25,100,11,40,1730,40,10,0,1720,1.0,0.0057803468208092,0.8,0.2,7.780559999021617
tfnbs,"e=1.4,h=1.0,n=30,start_thres=1.25",hub,0.25,100,11,40,1730,40,10,0,1720,1.0,0.0057803468208092,0.8,0.2,7.780559999021617
tfnbs,"e=1.4,h=2.0,n=30,start_thres=1.25",hub,0.25,100,11,40,1730,40,10,0,1720,1.0,0.0057803468208092,0.8,0.2,7.780559999021617
tfnbs,"e=1.4,h=3.0,n=30,start_thres=1.25",hub,0.25,100,11,40,1730,40,10,0,1720,1.0,0.0057803468208092,0.8,0.2,7.780559999021617
tfnbs,"e=1.4,h=4.0,n=30,start_thres=1.25",hub,0.25,100,11,40,1730,40,10,0,1720,1.0,0.0057803468208092,0.8,0.2,7.780559999021617
tfnbs,"e=1.4,h=5.0,n=30,start_thres=1.25",hub,0.25,100,11,40,1730,40,10,0,1720,1.0,0.0057803468208092,0.8,0.2,7.780559999021617
tfnbs,"e=1.4,h=6.0,n=30,start_thres=1.25",hub,0.25,100,11,40,1730,40,10,0,1720,1.0,0.0057803468208092,0.8,0.2,7.780559999021617
tfnbs,"e=1.4,h=7.0,n=30,start_thres=1.25",hub,0.25,100,11,40,1730,40,10,0,1720,1.0,0.0057803468208092,0.8,0.2,7.780559999021617
tfnbs,"e=1.4,h=8.0,n=30,start_thres=1.25",hub,0.25,100,11,40,1730,40,7,0,1723,1.0,0.0040462427745664,0.851063829787234,0.1489361702127659,7.780559999021617
tfnbs,"e=1.4,h=9.0,n=30,start_thres=1.25",hub,0.25,100,11,40,1730,40,7,0,1723,1.0,0.0040462427745664,0.851063829787234,0.1489361702127659,7.780559999021617
tfnbs,"e=1.4,h=10.0,n=30,start_thres=1.25",hub,0.25,100,11,40,1730,40,7,0,1723,1.0,0.0040462427745664,0.851063829787234,0.1489361702127659,7.780559999021617
tfnbs,"e=1.5,h=0.5,n=30,start_thres=1.25",hub,0.25,100,11,40,1730,40,10,0,1720,1.0,0.0057803468208092,0.8,0.2,7.780559999021617
tfnbs,"e=1.5,h=1.0,n=30,start_thres=1.25",hub,0.25,100,11,40,1730,40,10,0,1720,1.0,0.0057803468208092,0.8,0.2,7.780559999021617
tfnbs,"e=1.5,h=2.0,n=30,start_thres=1.25",hub,0.25,100,11,40,1730,40,10,0,1720,1.0,0.0057803468208092,0.8,0.2,7.780559999021617
tfnbs,"e=1.5,h=3.0,n=30,start_thres=1.25",hub,0.25,100,11,40,1730,40,10,0,1720,1.0,0.0057803468208092,0.8,0.2,7.780559999021617
tfnbs,"e=1.5,h=4.0,n=30,start_thres=1.25",hub,0.25,100,11,40,1730,40,10,0,1720,1.0,0.0057803468208092,0.8,0.2,7.780559999021617
tfnbs,"e=1.5,h=5.0,n=30,start_thres=1.25",hub,0.25,100,11,40,1730,40,10,0,1720,1.0,0.0057803468208092,0.8,0.2,7.780559999021617
tfnbs,"e=1.5,h=6.0,n=30,start_thres=1.25",hub,0.25,100,11,40,1730,40,10,0,1720,1.0,0.0057803468208092,0.8,0.2,7.780559999021617
tfnbs,"e=1.5,h=7.0,n=30,start_thres=1.25",hub,0.25,100,11,40,1730,40,10,0,1720,1.0,0.0057803468208092,0.8,0.2,7.780559999021617
tfnbs,"e=1.5,h=8.0,n=30,start_thres=1.25",hub,0.25,100,11,40,1730,40,10,0,1720,1.0,0.0057803468208092,0.8,0.2,7.780559999021617
tfnbs,"e=1.5,h=9.0,n=30,start_thres=1.25",hub,0.25,100,11,40,1730,40,7,0,1723,1.0,0.0040462427745664,0.851063829787234,0.1489361702127659,7.780559999021617
tfnbs,"e=1.5,h=10.0,n=30,start_thres=1.25",hub,0.25,100,11,40,1730,40,7,0,1723,1.0,0.0040462427745664,0.851063829787234,0.1489361702127659,7.780559999021617
nbs_extent,threshold=1.0,hub,0.25,100,14,40,1730,0,0,40,1730,0.0,0.0,0.0,0.0,23.034935235977173
tfnbs,"e=0.05,h=0.5,n=30,start_thres=1.25",hub,0.25,100,17,40,1730,29,0,11,1730,0.725,0.0,1.0,0.0,7.771210716529326
tfnbs,"e=0.05,h=1.0,n=30,start_thres=1.25",hub,0.25,100,17,40,1730,29,0,11,1730,0.725,0.0,1.0,0.0,7.771210716529326
tfnbs,"e=0.05,h=2.0,n=30,start_thres=1.25",hub,0.25,100,17,40,1730,27,0,13,1730,0.675,0.0,1.0,0.0,7.771210716529326
tfnbs,"e=0.05,h=3.0,n=30,start_thres=1.25",hub,0.25,100,17,40,1730,27,0,13,1730,0.675,0.0,1.0,0.0,7.771210716529326
tfnbs,"e=0.05,h=4.0,n=30,start_thres=1.25",hub,0.25,100,17,40,1730,27,0,13,1730,0.675,0.0,1.0,0.0,7.771210716529326
tfnbs,"e=0.05,h=5.0,n=30,start_thres=1.25",hub,0.25,100,17,40,1730,27,0,13,1730,0.675,0.0,1.0,0.0,7.771210716529326
tfnbs,"e=0.05,h=6.0,n=30,start_thres=1.25",hub,0.25,100,17,40,1730,27,0,13,1730,0.675,0.0,1.0,0.0,7.771210716529326
tfnbs,"e=0.05,h=7.0,n=30,start_thres=1.25",hub,0.25,100,17,40,1730,27,0,13,1730,0.675,0.0,1.0,0.0,7.771210716529326
tfnbs,"e=0.05,h=8.0,n=30,start_thres=1.25",hub,0.25,100,17,40,1730,27,0,13,1730,0.675,0.0,1.0,0.0,7.771210716529326
tfnbs,"e=0.05,h=9.0,n=30,start_thres=1.25",hub,0.25,100,17,40,1730,27,0,13,1730,0.675,0.0,1.0,0.0,7.771210716529326
tfnbs,"e=0.05,h=10.0,n=30,start_thres=1.25",hub,0.25,100,17,40,1730,27,0,13,1730,0.675,0.0,1.0,0.0,7.771210716529326
tfnbs,"e=0.1,h=0.5,n=30,start_thres=1.25",hub,0.25,100,17,40,1730,31,0,9,1730,0.775,0.0,1.0,0.0,7.771210716529326
tfnbs,"e=0.1,h=1.0,n=30,start_thres=1.25",hub,0.25,100,17,40,1730,29,0,11,1730,0.725,0.0,1.0,0.0,7.771210716529326
tfnbs,"e=0.1,h=2.0,n=30,start_thres=1.25",hub,0.25,100,17,40,1730,29,0,11,1730,0.725,0.0,1.0,0.0,7.771210716529326
tfnbs,"e=0.1,h=3.0,n=30,start_thres=1.25",hub,0.25,100,17,40,1730,29,0,11,1730,0.725,0.0,1.0,0.0,7.771210716529326
tfnbs,"e=0.1,h=4.0,n=30,start_thres=1.25",hub,0.25,100,17,40,1730,29,0,11,1730,0.725,0.0,1.0,0.0,7.771210716529326
tfnbs,"e=0.1,h=5.0,n=30,start_thres=1.25",hub,0.25,100,17,40,1730,29,0,11,1730,0.725,0.0,1.0,0.0,7.771210716529326
tfnbs,"e=0.1,h=6.0,n=30,start_thres=1.25",hub,0.25,100,17,40,1730,29,0,11,1730,0.725,0.0,1.0,0.0,7.771210716529326
tfnbs,"e=0.1,h=7.0,n=30,start_thres=1.25",hub,0.25,100,17,40,1730,27,0,13,1730,0.675,0.0,1.0,0.0,7.771210716529326
tfnbs,"e=0.1,h=8.0,n=30,start_thres=1.25",hub,0.25,100,17,40,1730,27,0,13,1730,0.675,0.0,1.0,0.0,7.771210716529326
tfnbs,"e=0.1,h=9.0,n=30,start_thres=1.25",hub,0.25,100,17,40,1730,27,0,13,1730,0.675,0.0,1.0,0.0,7.771210716529326
tfnbs,"e=0.1,h=10.0,n=30,start_thres=1.25",hub,0.25,100,17,40,1730,27,0,13,1730,0.675,0.0,1.0,0.0,7.771210716529326
tfnbs,"e=0.2,h=0.5,n=30,start_thres=1.25",hub,0.25,100,17,40,1730,33,0,7,1730,0.825,0.0,1.0,0.0,7.771210716529326
tfnbs,"e=0.2,h=1.0,n=30,start_thres=1.25",hub,0.25,100,17,40,1730,33,0,7,1730,0.825,0.0,1.0,0.0,7.771210716529326
tfnbs,"e=0.2,h=2.0,n=30,start_thres=1.25",hub,0.25,100,17,40,1730,33,0,7,1730,0.825,0.0,1.0,0.0,7.771210716529326
tfnbs,"e=0.2,h=3.0,n=30,start_thres=1.25",hub,0.25,100,17,40,1730,31,0,9,1730,0.775,0.0,1.0,0.0,7.771210716529326
tfnbs,"e=0.2,h=4.0,n=30,start_thres=1.25",hub,0.25,100,17,40,1730,31,0,9,1730,0.775,0.0,1.0,0.0,7.771210716529326
tfnbs,"e=0.2,h=5.0,n=30,start_thres=1.25",hub,0.25,100,17,40,1730,31,0,9,1730,0.775,0.0,1.0,0.0,7.771210716529326
tfnbs,"e=0.2,h=6.0,n=30,start_thres=1.25",hub,0.25,100,17,40,1730,29,0,11,1730,0.725,0.0,1.0,0.0,7.771210716529326
tfnbs,"e=0.2,h=7.0,n=30,start_thres=1.25",hub,0.25,100,17,40,1730,29,0,11,1730,0.725,0.0,1.0,0.0,7.771210716529326
tfnbs,"e=0.2,h=8.0,n=30,start_thres=1.25",hub,0.25,100,17,40,1730,29,0,11,1730,0.725,0.0,1.0,0.0,7.771210716529326
tfnbs,"e=0.2,h=9.0,n=30,start_thres=1.25",hub,0.25,100,17,40,1730,29,0,11,1730,0.725,0.0,1.0,0.0,7.771210716529326
tfnbs,"e=0.2,h=10.0,n=30,start_thres=1.25",hub,0.25,100,17,40,1730,29,0,11,1730,0.725,0.0,1.0,0.0,7.771210716529326
tfnbs,"e=0.3,h=0.5,n=30,start_thres=1.25",hub,0.25,100,17,40,1730,35,1,5,1729,0.875,0.0005780346820809,0.9722222222222222,0.0277777777777777,7.771210716529326
tfnbs,"e=0.3,h=1.0,n=30,start_thres=1.25",hub,0.25,100,17,40,1730,35,1,5,1729,0.875,0.0005780346820809,0.9722222222222222,0.0277777777777777,7.771210716529326
tfnbs,"e=0.3,h=2.0,n=30,start_thres=1.25",hub,0.25,100,17,40,1730,33,0,7,1730,0.825,0.0,1.0,0.0,7.771210716529326
tfnbs,"e=0.3,h=3.0,n=30,start_thres=1.25",hub,0.25,100,17,40,1730,33,0,7,1730,0.825,0.0,1.0,0.0,7.771210716529326
tfnbs,"e=0.3,h=4.0,n=30,start_thres=1.25",hub,0.25,100,17,40,1730,33,0,7,1730,0.825,0.0,1.0,0.0,7.771210716529326
tfnbs,"e=0.3,h=5.0,n=30,start_thres=1.25",hub,0.25,100,17,40,1730,31,0,9,1730,0.775,0.0,1.0,0.0,7.771210716529326
tfnbs,"e=0.3,h=6.0,n=30,start_thres=1.25",hub,0.25,100,17,40,1730,31,0,9,1730,0.775,0.0,1.0,0.0,7.771210716529326
tfnbs,"e=0.3,h=7.0,n=30,start_thres=1.25",hub,0.25,100,17,40,1730,31,0,9,1730,0.775,0.0,1.0,0.0,7.771210716529326
tfnbs,"e=0.3,h=8.0,n=30,start_thres=1.25",hub,0.25,100,17,40,1730,31,0,9,1730,0.775,0.0,1.0,0.0,7.771210716529326
tfnbs,"e=0.3,h=9.0,n=30,start_thres=1.25",hub,0.25,100,17,40,1730,29,0,11,1730,0.725,0.0,1.0,0.0,7.771210716529326
tfnbs,"e=0.3,h=10.0,n=30,start_thres=1.25",hub,0.25,100,17,40,1730,29,0,11,1730,0.725,0.0,1.0,0.0,7.771210716529326
tfnbs,"e=0.4,h=0.5,n=30,start_thres=1.25",hub,0.25,100,17,40,1730,35,1,5,1729,0.875,0.0005780346820809,0.9722222222222222,0.0277777777777777,7.771210716529326
tfnbs,"e=0.4,h=1.0,n=30,start_thres=1.25",hub,0.25,100,17,40,1730,35,1,5,1729,0.875,0.0005780346820809,0.9722222222222222,0.0277777777777777,7.771210716529326
tfnbs,"e=0.4,h=2.0,n=30,start_thres=1.25",hub,0.25,100,17,40,1730,35,1,5,1729,0.875,0.0005780346820809,0.9722222222222222,0.0277777777777777,7.771210716529326
tfnbs,"e=0.4,h=3.0,n=30,start_thres=1.25",hub,0.25,100,17,40,1730,35,1,5,1729,0.875,0.0005780346820809,0.9722222222222222,0.0277777777777777,7.771210716529326
tfnbs,"e=0.4,h=4.0,n=30,start_thres=1.25",hub,0.25,100,17,40,1730,35,1,5,1729,0.875,0.0005780346820809,0.9722222222222222,0.0277777777777777,7.771210716529326
tfnbs,"e=0.4,h=5.0,n=30,start_thres=1.25",hub,0.25,100,17,40,1730,33,0,7,1730,0.825,0.0,1.0,0.0,7.771210716529326
tfnbs,"e=0.4,h=6.0,n=30,start_thres=1.25",hub,0.25,100,17,40,1730,33,0,7,1730,0.825,0.0,1.0,0.0,7.771210716529326
tfnbs,"e=0.4,h=7.0,n=30,start_thres=1.25",hub,0.25,100,17,40,1730,33,0,7,1730,0.825,0.0,1.0,0.0,7.771210716529326
tfnbs,"e=0.4,h=8.0,n=30,start_thres=1.25",hub,0.25,100,17,40,1730,31,0,9,1730,0.775,0.0,1.0,0.0,7.771210716529326
tfnbs,"e=0.4,h=9.0,n=30,start_thres=1.25",hub,0.25,100,17,40,1730,31,0,9,1730,0.775,0.0,1.0,0.0,7.771210716529326
tfnbs,"e=0.4,h=10.0,n=30,start_thres=1.25",hub,0.25,100,17,40,1730,31,0,9,1730,0.775,0.0,1.0,0.0,7.771210716529326
tfnbs,"e=0.5,h=0.5,n=30,start_thres=1.25",hub,0.25,100,17,40,1730,36,1,4,1729,0.9,0.0005780346820809,0.972972972972973,0.027027027027027,7.771210716529326
tfnbs,"e=0.5,h=1.0,n=30,start_thres=1.25",hub,0.25,100,17,40,1730,36,1,4,1729,0.9,0.0005780346820809,0.972972972972973,0.027027027027027,7.771210716529326
tfnbs,"e=0.5,h=2.0,n=30,start_thres=1.25",hub,0.25,100,17,40,1730,36,1,4,1729,0.9,0.0005780346820809,0.972972972972973,0.027027027027027,7.771210716529326
tfnbs,"e=0.5,h=3.0,n=30,start_thres=1.25",hub,0.25,100,17,40,1730,36,1,4,1729,0.9,0.0005780346820809,0.972972972972973,0.027027027027027,7.771210716529326
tfnbs,"e=0.5,h=4.0,n=30,start_thres=1.25",hub,0.25,100,17,40,1730,35,1,5,1729,0.875,0.0005780346820809,0.9722222222222222,0.0277777777777777,7.771210716529326
tfnbs,"e=0.5,h=5.0,n=30,start_thres=1.25",hub,0.25,100,17,40,1730,35,1,5,1729,0.875,0.0005780346820809,0.9722222222222222,0.0277777777777777,7.771210716529326
tfnbs,"e=0.5,h=6.0,n=30,start_thres=1.25",hub,0.25,100,17,40,1730,35,1,5,1729,0.875,0.0005780346820809,0.9722222222222222,0.0277777777777777,7.771210716529326
tfnbs,"e=0.5,h=7.0,n=30,start_thres=1.25",hub,0.25,100,17,40,1730,33,0,7,1730,0.825,0.0,1.0,0.0,7.771210716529326
tfnbs,"e=0.5,h=8.0,n=30,start_thres=1.25",hub,0.25,100,17,40,1730,33,0,7,1730,0.825,0.0,1.0,0.0,7.771210716529326
tfnbs,"e=0.5,h=9.0,n=30,start_thres=1.25",hub,0.25,100,17,40,1730,33,0,7,1730,0.825,0.0,1.0,0.0,7.771210716529326
tfnbs,"e=0.5,h=10.0,n=30,start_thres=1.25",hub,0.25,100,17,40,1730,31,0,9,1730,0.775,0.0,1.0,0.0,7.771210716529326
tfnbs,"e=0.6,h=0.5,n=30,start_thres=1.25",hub,0.25,100,17,40,1730,36,1,4,1729,0.9,0.0005780346820809,0.972972972972973,0.027027027027027,7.771210716529326
tfnbs,"e=0.6,h=1.0,n=30,start_thres=1.25",hub,0.25,100,17,40,1730,36,1,4,1729,0.9,0.0005780346820809,0.972972972972973,0.027027027027027,7.771210716529326
tfnbs,"e=0.6,h=2.0,n=30,start_thres=1.25",hub,0.25,100,17,40,1730,36,1,4,1729,0.9,0.0005780346820809,0.972972972972973,0.027027027027027,7.771210716529326
tfnbs,"e=0.6,h=3.0,n=30,start_thres=1.25",hub,0.25,100,17,40,1730,36,1,4,1729,0.9,0.0005780346820809,0.972972972972973,0.027027027027027,7.771210716529326
tfnbs,"e=0.6,h=4.0,n=30,start_thres=1.25",hub,0.25,100,17,40,1730,36,1,4,1729,0.9,0.0005780346820809,0.972972972972973,0.027027027027027,7.771210716529326
tfnbs,"e=0.6,h=5.0,n=30,start_thres=1.25",hub,0.25,100,17,40,1730,36,1,4,1729,0.9,0.0005780346820809,0.972972972972973,0.027027027027027,7.771210716529326
tfnbs,"e=0.6,h=6.0,n=30,start_thres=1.25",hub,0.25,100,17,40,1730,35,1,5,1729,0.875,0.0005780346820809,0.9722222222222222,0.0277777777777777,7.771210716529326
tfnbs,"e=0.6,h=7.0,n=30,start_thres=1.25",hub,0.25,100,17,40,1730,35,1,5,1729,0.875,0.0005780346820809,0.9722222222222222,0.0277777777777777,7.771210716529326
tfnbs,"e=0.6,h=8.0,n=30,start_thres=1.25",hub,0.25,100,17,40,1730,35,1,5,1729,0.875,0.0005780346820809,0.9722222222222222,0.0277777777777777,7.771210716529326
tfnbs,"e=0.6,h=9.0,n=30,start_thres=1.25",hub,0.25,100,17,40,1730,33,0,7,1730,0.825,0.0,1.0,0.0,7.771210716529326
tfnbs,"e=0.6,h=10.0,n=30,start_thres=1.25",hub,0.25,100,17,40,1730,33,0,7,1730,0.825,0.0,1.0,0.0,7.771210716529326
tfnbs,"e=0.7,h=0.5,n=30,start_thres=1.25",hub,0.25,100,17,40,1730,36,1,4,1729,0.9,0.0005780346820809,0.972972972972973,0.027027027027027,7.771210716529326
tfnbs,"e=0.7,h=1.0,n=30,start_thres=1.25",hub,0.25,100,17,40,1730,39,1,1,1729,0.975,0.0005780346820809,0.975,0.025,7.771210716529326
tfnbs,"e=0.7,h=2.0,n=30,start_thres=1.25",hub,0.25,100,17,40,1730,39,1,1,1729,0.975,0.0005780346820809,0.975,0.025,7.771210716529326
tfnbs,"e=0.7,h=3.0,n=30,start_thres=1.25",hub,0.25,100,17,40,1730,36,1,4,1729,0.9,0.0005780346820809,0.972972972972973,0.027027027027027,7.771210716529326
tfnbs,"e=0.7,h=4.0,n=30,start_thres=1.25",hub,0.25,100,17,40,1730,36,1,4,1729,0.9,0.0005780346820809,0.972972972972973,0.027027027027027,7.771210716529326
tfnbs,"e=0.7,h=5.0,n=30,start_thres=1.25",hub,0.25,100,17,40,1730,36,1,4,1729,0.9,0.0005780346820809,0.972972972972973,0.027027027027027,7.771210716529326
tfnbs,"e=0.7,h=6.0,n=30,start_thres=1.25",hub,0.25,100,17,40,1730,36,1,4,1729,0.9,0.0005780346820809,0.972972972972973,0.027027027027027,7.771210716529326
tfnbs,"e=0.7,h=7.0,n=30,start_thres=1.25",hub,0.25,100,17,40,1730,35,1,5,1729,0.875,0.0005780346820809,0.9722222222222222,0.0277777777777777,7.771210716529326
tfnbs,"e=0.7,h=8.0,n=30,start_thres=1.25",hub,0.25,100,17,40,1730,35,1,5,1729,0.875,0.0005780346820809,0.9722222222222222,0.0277777777777777,7.771210716529326
tfnbs,"e=0.7,h=9.0,n=30,start_thres=1.25",hub,0.25,100,17,40,1730,35,1,5,1729,0.875,0.0005780346820809,0.9722222222222222,0.0277777777777777,7.771210716529326
tfnbs,"e=0.7,h=10.0,n=30,start_thres=1.25",hub,0.25,100,17,40,1730,33,0,7,1730,0.825,0.0,1.0,0.0,7.771210716529326
tfnbs,"e=0.8,h=0.5,n=30,start_thres=1.25",hub,0.25,100,17,40,1730,36,1,4,1729,0.9,0.0005780346820809,0.972972972972973,0.027027027027027,7.771210716529326
tfnbs,"e=0.8,h=1.0,n=30,start_thres=1.25",hub,0.25,100,17,40,1730,39,1,1,1729,0.975,0.0005780346820809,0.975,0.025,7.771210716529326
tfnbs,"e=0.8,h=2.0,n=30,start_thres=1.25",hub,0.25,100,17,40,1730,39,1,1,1729,0.975,0.0005780346820809,0.975,0.025,7.771210716529326
tfnbs,"e=0.8,h=3.0,n=30,start_thres=1.25",hub,0.25,100,17,40,1730,39,1,1,1729,0.975,0.0005780346820809,0.975,0.025,7.771210716529326
tfnbs,"e=0.8,h=4.0,n=30,start_thres=1.25",hub,0.25,100,17,40,1730,39,1,1,1729,0.975,0.0005780346820809,0.975,0.025,7.771210716529326
tfnbs,"e=0.8,h=5.0,n=30,start_thres=1.25",hub,0.25,100,17,40,1730,36,1,4,1729,0.9,0.0005780346820809,0.972972972972973,0.027027027027027,7.771210716529326
tfnbs,"e=0.8,h=6.0,n=30,start_thres=1.25",hub,0.25,100,17,40,1730,36,1,4,1729,0.9,0.0005780346820809,0.972972972972973,0.027027027027027,7.771210716529326
tfnbs,"e=0.8,h=7.0,n=30,start_thres=1.25",hub,0.25,100,17,40,1730,36,1,4,1729,0.9,0.0005780346820809,0.972972972972973,0.027027027027027,7.771210716529326
tfnbs,"e=0.8,h=8.0,n=30,start_thres=1.25",hub,0.25,100,17,40,1730,36,1,4,1729,0.9,0.0005780346820809,0.972972972972973,0.027027027027027,7.771210716529326
tfnbs,"e=0.8,h=9.0,n=30,start_thres=1.25",hub,0.25,100,17,40,1730,35,1,5,1729,0.875,0.0005780346820809,0.9722222222222222,0.0277777777777777,7.771210716529326
tfnbs,"e=0.8,h=10.0,n=30,start_thres=1.25",hub,0.25,100,17,40,1730,35,1,5,1729,0.875,0.0005780346820809,0.9722222222222222,0.0277777777777777,7.771210716529326
tfnbs,"e=0.9,h=0.5,n=30,start_thres=1.25",hub,0.25,100,17,40,1730,36,1,4,1729,0.9,0.0005780346820809,0.972972972972973,0.027027027027027,7.771210716529326
tfnbs,"e=0.9,h=1.0,n=30,start_thres=1.25",hub,0.25,100,17,40,1730,39,1,1,1729,0.975,0.0005780346820809,0.975,0.025,7.771210716529326
tfnbs,"e=0.9,h=2.0,n=30,start_thres=1.25",hub,0.25,100,17,40,1730,39,1,1,1729,0.975,0.0005780346820809,0.975,0.025,7.771210716529326
tfnbs,"e=0.9,h=3.0,n=30,start_thres=1.25",hub,0.25,100,17,40,1730,39,1,1,1729,0.975,0.0005780346820809,0.975,0.025,7.771210716529326
tfnbs,"e=0.9,h=4.0,n=30,start_thres=1.25",hub,0.25,100,17,40,1730,39,1,1,1729,0.975,0.0005780346820809,0.975,0.025,7.771210716529326
tfnbs,"e=0.9,h=5.0,n=30,start_thres=1.25",hub,0.25,100,17,40,1730,39,1,1,1729,0.975,0.0005780346820809,0.975,0.025,7.771210716529326
tfnbs,"e=0.9,h=6.0,n=30,start_thres=1.25",hub,0.25,100,17,40,1730,36,1,4,1729,0.9,0.0005780346820809,0.972972972972973,0.027027027027027,7.771210716529326
tfnbs,"e=0.9,h=7.0,n=30,start_thres=1.25",hub,0.25,100,17,40,1730,36,1,4,1729,0.9,0.0005780346820809,0.972972972972973,0.027027027027027,7.771210716529326
tfnbs,"e=0.9,h=8.0,n=30,start_thres=1.25",hub,0.25,100,17,40,1730,36,1,4,1729,0.9,0.0005780346820809,0.972972972972973,0.027027027027027,7.771210716529326
tfnbs,"e=0.9,h=9.0,n=30,start_thres=1.25",hub,0.25,100,17,40,1730,36,1,4,1729,0.9,0.0005780346820809,0.972972972972973,0.027027027027027,7.771210716529326
tfnbs,"e=0.9,h=10.0,n=30,start_thres=1.25",hub,0.25,100,17,40,1730,35,1,5,1729,0.875,0.0005780346820809,0.9722222222222222,0.0277777777777777,7.771210716529326
tfnbs,"e=1.0,h=0.5,n=30,start_thres=1.25",hub,0.25,100,17,40,1730,36,1,4,1729,0.9,0.0005780346820809,0.972972972972973,0.027027027027027,7.771210716529326
tfnbs,"e=1.0,h=1.0,n=30,start_thres=1.25",hub,0.25,100,17,40,1730,39,1,1,1729,0.975,0.0005780346820809,0.975,0.025,7.771210716529326
tfnbs,"e=1.0,h=2.0,n=30,start_thres=1.25",hub,0.25,100,17,40,1730,39,1,1,1729,0.975,0.0005780346820809,0.975,0.025,7.771210716529326
tfnbs,"e=1.0,h=3.0,n=30,start_thres=1.25",hub,0.25,100,17,40,1730,39,1,1,1729,0.975,0.0005780346820809,0.975,0.025,7.771210716529326
tfnbs,"e=1.0,h=4.0,n=30,start_thres=1.25",hub,0.25,100,17,40,1730,39,1,1,1729,0.975,0.0005780346820809,0.975,0.025,7.771210716529326
tfnbs,"e=1.0,h=5.0,n=30,start_thres=1.25",hub,0.25,100,17,40,1730,39,1,1,1729,0.975,0.0005780346820809,0.975,0.025,7.771210716529326
tfnbs,"e=1.0,h=6.0,n=30,start_thres=1.25",hub,0.25,100,17,40,1730,39,1,1,1729,0.975,0.0005780346820809,0.975,0.025,7.771210716529326
tfnbs,"e=1.0,h=7.0,n=30,start_thres=1.25",hub,0.25,100,17,40,1730,39,1,1,1729,0.975,0.0005780346820809,0.975,0.025,7.771210716529326
tfnbs,"e=1.0,h=8.0,n=30,start_thres=1.25",hub,0.25,100,17,40,1730,36,1,4,1729,0.9,0.0005780346820809,0.972972972972973,0.027027027027027,7.771210716529326
tfnbs,"e=1.0,h=9.0,n=30,start_thres=1.25",hub,0.25,100,17,40,1730,36,1,4,1729,0.9,0.0005780346820809,0.972972972972973,0.027027027027027,7.771210716529326
tfnbs,"e=1.0,h=10.0,n=30,start_thres=1.25",hub,0.25,100,17,40,1730,36,1,4,1729,0.9,0.0005780346820809,0.972972972972973,0.027027027027027,7.771210716529326
tfnbs,"e=1.1,h=0.5,n=30,start_thres=1.25",hub,0.25,100,17,40,1730,36,1,4,1729,0.9,0.0005780346820809,0.972972972972973,0.027027027027027,7.771210716529326
tfnbs,"e=1.1,h=1.0,n=30,start_thres=1.25",hub,0.25,100,17,40,1730,39,1,1,1729,0.975,0.0005780346820809,0.975,0.025,7.771210716529326
tfnbs,"e=1.1,h=2.0,n=30,start_thres=1.25",hub,0.25,100,17,40,1730,39,1,1,1729,0.975,0.0005780346820809,0.975,0.025,7.771210716529326
tfnbs,"e=1.1,h=3.0,n=30,start_thres=1.25",hub,0.25,100,17,40,1730,39,1,1,1729,0.975,0.0005780346820809,0.975,0.025,7.771210716529326
tfnbs,"e=1.1,h=4.0,n=30,start_thres=1.25",hub,0.25,100,17,40,1730,39,1,1,1729,0.975,0.0005780346820809,0.975,0.025,7.771210716529326
tfnbs,"e=1.1,h=5.0,n=30,start_thres=1.25",hub,0.25,100,17,40,1730,39,1,1,1729,0.975,0.0005780346820809,0.975,0.025,7.771210716529326
tfnbs,"e=1.1,h=6.0,n=30,start_thres=1.25",hub,0.25,100,17,40,1730,39,1,1,1729,0.975,0.0005780346820809,0.975,0.025,7.771210716529326
tfnbs,"e=1.1,h=7.0,n=30,start_thres=1.25",hub,0.25,100,17,40,1730,39,1,1,1729,0.975,0.0005780346820809,0.975,0.025,7.771210716529326
tfnbs,"e=1.1,h=8.0,n=30,start_thres=1.25",hub,0.25,100,17,40,1730,39,1,1,1729,0.975,0.0005780346820809,0.975,0.025,7.771210716529326
tfnbs,"e=1.1,h=9.0,n=30,start_thres=1.25",hub,0.25,100,17,40,1730,36,1,4,1729,0.9,0.0005780346820809,0.972972972972973,0.027027027027027,7.771210716529326
tfnbs,"e=1.1,h=10.0,n=30,start_thres=1.25",hub,0.25,100,17,40,1730,36,1,4,1729,0.9,0.0005780346820809,0.972972972972973,0.027027027027027,7.771210716529326
tfnbs,"e=1.2,h=0.5,n=30,start_thres=1.25",hub,0.25,100,17,40,1730,36,1,4,1729,0.9,0.0005780346820809,0.972972972972973,0.027027027027027,7.771210716529326
tfnbs,"e=1.2,h=1.0,n=30,start_thres=1.25",hub,0.25,100,17,40,1730,36,1,4,1729,0.9,0.0005780346820809,0.972972972972973,0.027027027027027,7.771210716529326
tfnbs,"e=1.2,h=2.0,n=30,start_thres=1.25",hub,0.25,100,17,40,1730,39,1,1,1729,0.975,0.0005780346820809,0.975,0.025,7.771210716529326
tfnbs,"e=1.2,h=3.0,n=30,start_thres=1.25",hub,0.25,100,17,40,1730,39,1,1,1729,0.975,0.0005780346820809,0.975,0.025,7.771210716529326
tfnbs,"e=1.2,h=4.0,n=30,start_thres=1.25",hub,0.25,100,17,40,1730,39,1,1,1729,0.975,0.0005780346820809,0.975,0.025,7.771210716529326
tfnbs,"e=1.2,h=5.0,n=30,start_thres=1.25",hub,0.25,100,17,40,1730,39,1,1,1729,0.975,0.0005780346820809,0.975,0.025,7.771210716529326
tfnbs,"e=1.2,h=6.0,n=30,start_thres=1.25",hub,0.25,100,17,40,1730,39,1,1,1729,0.975,0.0005780346820809,0.975,0.025,7.771210716529326
tfnbs,"e=1.2,h=7.0,n=30,start_thres=1.25",hub,0.25,100,17,40,1730,39,1,1,1729,0.975,0.0005780346820809,0.975,0.025,7.771210716529326
tfnbs,"e=1.2,h=8.0,n=30,start_thres=1.25",hub,0.25,100,17,40,1730,39,1,1,1729,0.975,0.0005780346820809,0.975,0.025,7.771210716529326
tfnbs,"e=1.2,h=9.0,n=30,start_thres=1.25",hub,0.25,100,17,40,1730,39,1,1,1729,0.975,0.0005780346820809,0.975,0.025,7.771210716529326
tfnbs,"e=1.2,h=10.0,n=30,start_thres=1.25",hub,0.25,100,17,40,1730,39,1,1,1729,0.975,0.0005780346820809,0.975,0.025,7.771210716529326
tfnbs,"e=1.3,h=0.5,n=30,start_thres=1.25",hub,0.25,100,17,40,1730,36,1,4,1729,0.9,0.0005780346820809,0.972972972972973,0.027027027027027,7.771210716529326
tfnbs,"e=1.3,h=1.0,n=30,start_thres=1.25",hub,0.25,100,17,40,1730,36,1,4,1729,0.9,0.0005780346820809,0.972972972972973,0.027027027027027,7.771210716529326
tfnbs,"e=1.3,h=2.0,n=30,start_thres=1.25",hub,0.25,100,17,40,1730,39,1,1,1729,0.975,0.0005780346820809,0.975,0.025,7.771210716529326
tfnbs,"e=1.3,h=3.0,n=30,start_thres=1.25",hub,0.25,100,17,40,1730,39,1,1,1729,0.975,0.0005780346820809,0.975,0.025,7.771210716529326
tfnbs,"e=1.3,h=4.0,n=30,start_thres=1.25",hub,0.25,100,17,40,1730,39,1,1,1729,0.975,0.0005780346820809,0.975,0.025,7.771210716529326
tfnbs,"e=1.3,h=5.0,n=30,start_thres=1.25",hub,0.25,100,17,40,1730,39,1,1,1729,0.975,0.0005780346820809,0.975,0.025,7.771210716529326
tfnbs,"e=1.3,h=6.0,n=30,start_thres=1.25",hub,0.25,100,17,40,1730,39,1,1,1729,0.975,0.0005780346820809,0.975,0.025,7.771210716529326
tfnbs,"e=1.3,h=7.0,n=30,start_thres=1.25",hub,0.25,100,17,40,1730,39,1,1,1729,0.975,0.0005780346820809,0.975,0.025,7.771210716529326
tfnbs,"e=1.3,h=8.0,n=30,start_thres=1.25",hub,0.25,100,17,40,1730,39,1,1,1729,0.975,0.0005780346820809,0.975,0.025,7.771210716529326
tfnbs,"e=1.3,h=9.0,n=30,start_thres=1.25",hub,0.25,100,17,40,1730,39,1,1,1729,0.975,0.0005780346820809,0.975,0.025,7.771210716529326
tfnbs,"e=1.3,h=10.0,n=30,start_thres=1.25",hub,0.25,100,17,40,1730,39,1,1,1729,0.975,0.0005780346820809,0.975,0.025,7.771210716529326
tfnbs,"e=1.4,h=0.5,n=30,start_thres=1.25",hub,0.25,100,17,40,1730,36,1,4,1729,0.9,0.0005780346820809,0.972972972972973,0.027027027027027,7.771210716529326
tfnbs,"e=1.4,h=1.0,n=30,start_thres=1.25",hub,0.25,100,17,40,1730,36,1,4,1729,0.9,0.0005780346820809,0.972972972972973,0.027027027027027,7.771210716529326
tfnbs,"e=1.4,h=2.0,n=30,start_thres=1.25",hub,0.25,100,17,40,1730,39,1,1,1729,0.975,0.0005780346820809,0.975,0.025,7.771210716529326
tfnbs,"e=1.4,h=3.0,n=30,start_thres=1.25",hub,0.25,100,17,40,1730,39,1,1,1729,0.975,0.0005780346820809,0.975,0.025,7.771210716529326
tfnbs,"e=1.4,h=4.0,n=30,start_thres=1.25",hub,0.25,100,17,40,1730,39,1,1,1729,0.975,0.0005780346820809,0.975,0.025,7.771210716529326
tfnbs,"e=1.4,h=5.0,n=30,start_thres=1.25",hub,0.25,100,17,40,1730,40,2,0,1728,1.0,0.0011560693641618,0.9523809523809524,0.0476190476190476,7.771210716529326
tfnbs,"e=1.4,h=6.0,n=30,start_thres=1.25",hub,0.25,100,17,40,1730,40,2,0,1728,1.0,0.0011560693641618,0.9523809523809524,0.0476190476190476,7.771210716529326
tfnbs,"e=1.4,h=7.0,n=30,start_thres=1.25",hub,0.25,100,17,40,1730,40,2,0,1728,1.0,0.0011560693641618,0.9523809523809524,0.0476190476190476,7.771210716529326
tfnbs,"e=1.4,h=8.0,n=30,start_thres=1.25",hub,0.25,100,17,40,1730,39,1,1,1729,0.975,0.0005780346820809,0.975,0.025,7.771210716529326
tfnbs,"e=1.4,h=9.0,n=30,start_thres=1.25",hub,0.25,100,17,40,1730,39,1,1,1729,0.975,0.0005780346820809,0.975,0.025,7.771210716529326
tfnbs,"e=1.4,h=10.0,n=30,start_thres=1.25",hub,0.25,100,17,40,1730,39,1,1,1729,0.975,0.0005780346820809,0.975,0.025,7.771210716529326
tfnbs,"e=1.5,h=0.5,n=30,start_thres=1.25",hub,0.25,100,17,40,1730,35,1,5,1729,0.875,0.0005780346820809,0.9722222222222222,0.0277777777777777,7.771210716529326
tfnbs,"e=1.5,h=1.0,n=30,start_thres=1.25",hub,0.25,100,17,40,1730,36,1,4,1729,0.9,0.0005780346820809,0.972972972972973,0.027027027027027,7.771210716529326
tfnbs,"e=1.5,h=2.0,n=30,start_thres=1.25",hub,0.25,100,17,40,1730,39,1,1,1729,0.975,0.0005780346820809,0.975,0.025,7.771210716529326
tfnbs,"e=1.5,h=3.0,n=30,start_thres=1.25",hub,0.25,100,17,40,1730,39,1,1,1729,0.975,0.0005780346820809,0.975,0.025,7.771210716529326
tfnbs,"e=1.5,h=4.0,n=30,start_thres=1.25",hub,0.25,100,17,40,1730,39,1,1,1729,0.975,0.0005780346820809,0.975,0.025,7.771210716529326
tfnbs,"e=1.5,h=5.0,n=30,start_thres=1.25",hub,0.25,100,17,40,1730,40,2,0,1728,1.0,0.0011560693641618,0.9523809523809524,0.0476190476190476,7.771210716529326
tfnbs,"e=1.5,h=6.0,n=30,start_thres=1.25",hub,0.25,100,17,40,1730,40,2,0,1728,1.0,0.0011560693641618,0.9523809523809524,0.0476190476190476,7.771210716529326
tfnbs,"e=1.5,h=7.0,n=30,start_thres=1.25",hub,0.25,100,17,40,1730,40,2,0,1728,1.0,0.0011560693641618,0.9523809523809524,0.0476190476190476,7.771210716529326
tfnbs,"e=1.5,h=8.0,n=30,start_thres=1.25",hub,0.25,100,17,40,1730,40,2,0,1728,1.0,0.0011560693641618,0.9523809523809524,0.0476190476190476,7.771210716529326
tfnbs,"e=1.5,h=9.0,n=30,start_thres=1.25",hub,0.25,100,17,40,1730,39,1,1,1729,0.975,0.0005780346820809,0.975,0.025,7.771210716529326
tfnbs,"e=1.5,h=10.0,n=30,start_thres=1.25",hub,0.25,100,17,40,1730,39,1,1,1729,0.975,0.0005780346820809,0.975,0.025,7.771210716529326
tfnbs,"e=0.05,h=0.5,n=30,start_thres=1.25",hub,0.25,100,2,40,1730,27,0,13,1730,0.675,0.0,1.0,0.0,7.808623603799126
tfnbs,"e=0.05,h=1.0,n=30,start_thres=1.25",hub,0.25,100,2,40,1730,27,0,13,1730,0.675,0.0,1.0,0.0,7.808623603799126
tfnbs,"e=0.05,h=2.0,n=30,start_thres=1.25",hub,0.25,100,2,40,1730,27,0,13,1730,0.675,0.0,1.0,0.0,7.808623603799126
tfnbs,"e=0.05,h=3.0,n=30,start_thres=1.25",hub,0.25,100,2,40,1730,27,0,13,1730,0.675,0.0,1.0,0.0,7.808623603799126
tfnbs,"e=0.05,h=4.0,n=30,start_thres=1.25",hub,0.25,100,2,40,1730,27,0,13,1730,0.675,0.0,1.0,0.0,7.808623603799126
tfnbs,"e=0.05,h=5.0,n=30,start_thres=1.25",hub,0.25,100,2,40,1730,27,0,13,1730,0.675,0.0,1.0,0.0,7.808623603799126
tfnbs,"e=0.05,h=6.0,n=30,start_thres=1.25",hub,0.25,100,2,40,1730,27,0,13,1730,0.675,0.0,1.0,0.0,7.808623603799126
tfnbs,"e=0.05,h=7.0,n=30,start_thres=1.25",hub,0.25,100,2,40,1730,27,0,13,1730,0.675,0.0,1.0,0.0,7.808623603799126
tfnbs,"e=0.05,h=8.0,n=30,start_thres=1.25",hub,0.25,100,2,40,1730,27,0,13,1730,0.675,0.0,1.0,0.0,7.808623603799126
tfnbs,"e=0.05,h=9.0,n=30,start_thres=1.25",hub,0.25,100,2,40,1730,27,0,13,1730,0.675,0.0,1.0,0.0,7.808623603799126
tfnbs,"e=0.05,h=10.0,n=30,start_thres=1.25",hub,0.25,100,2,40,1730,27,0,13,1730,0.675,0.0,1.0,0.0,7.808623603799126
tfnbs,"e=0.1,h=0.5,n=30,start_thres=1.25",hub,0.25,100,2,40,1730,33,0,7,1730,0.825,0.0,1.0,0.0,7.808623603799126
tfnbs,"e=0.1,h=1.0,n=30,start_thres=1.25",hub,0.25,100,2,40,1730,30,0,10,1730,0.75,0.0,1.0,0.0,7.808623603799126
tfnbs,"e=0.1,h=2.0,n=30,start_thres=1.25",hub,0.25,100,2,40,1730,30,0,10,1730,0.75,0.0,1.0,0.0,7.808623603799126
tfnbs,"e=0.1,h=3.0,n=30,start_thres=1.25",hub,0.25,100,2,40,1730,30,0,10,1730,0.75,0.0,1.0,0.0,7.808623603799126
tfnbs,"e=0.1,h=4.0,n=30,start_thres=1.25",hub,0.25,100,2,40,1730,30,0,10,1730,0.75,0.0,1.0,0.0,7.808623603799126
tfnbs,"e=0.1,h=5.0,n=30,start_thres=1.25",hub,0.25,100,2,40,1730,27,0,13,1730,0.675,0.0,1.0,0.0,7.808623603799126
tfnbs,"e=0.1,h=6.0,n=30,start_thres=1.25",hub,0.25,100,2,40,1730,27,0,13,1730,0.675,0.0,1.0,0.0,7.808623603799126
tfnbs,"e=0.1,h=7.0,n=30,start_thres=1.25",hub,0.25,100,2,40,1730,27,0,13,1730,0.675,0.0,1.0,0.0,7.808623603799126
tfnbs,"e=0.1,h=8.0,n=30,start_thres=1.25",hub,0.25,100,2,40,1730,27,0,13,1730,0.675,0.0,1.0,0.0,7.808623603799126
tfnbs,"e=0.1,h=9.0,n=30,start_thres=1.25",hub,0.25,100,2,40,1730,27,0,13,1730,0.675,0.0,1.0,0.0,7.808623603799126
tfnbs,"e=0.1,h=10.0,n=30,start_thres=1.25",hub,0.25,100,2,40,1730,27,0,13,1730,0.675,0.0,1.0,0.0,7.808623603799126
tfnbs,"e=0.2,h=0.5,n=30,start_thres=1.25",hub,0.25,100,2,40,1730,35,0,5,1730,0.875,0.0,1.0,0.0,7.808623603799126
tfnbs,"e=0.2,h=1.0,n=30,start_thres=1.25",hub,0.25,100,2,40,1730,35,0,5,1730,0.875,0.0,1.0,0.0,7.808623603799126
tfnbs,"e=0.2,h=2.0,n=30,start_thres=1.25",hub,0.25,100,2,40,1730,35,0,5,1730,0.875,0.0,1.0,0.0,7.808623603799126
tfnbs,"e=0.2,h=3.0,n=30,start_thres=1.25",hub,0.25,100,2,40,1730,33,0,7,1730,0.825,0.0,1.0,0.0,7.808623603799126
tfnbs,"e=0.2,h=4.0,n=30,start_thres=1.25",hub,0.25,100,2,40,1730,33,0,7,1730,0.825,0.0,1.0,0.0,7.808623603799126
tfnbs,"e=0.2,h=5.0,n=30,start_thres=1.25",hub,0.25,100,2,40,1730,30,0,10,1730,0.75,0.0,1.0,0.0,7.808623603799126
tfnbs,"e=0.2,h=6.0,n=30,start_thres=1.25",hub,0.25,100,2,40,1730,30,0,10,1730,0.75,0.0,1.0,0.0,7.808623603799126
tfnbs,"e=0.2,h=7.0,n=30,start_thres=1.25",hub,0.25,100,2,40,1730,30,0,10,1730,0.75,0.0,1.0,0.0,7.808623603799126
tfnbs,"e=0.2,h=8.0,n=30,start_thres=1.25",hub,0.25,100,2,40,1730,30,0,10,1730,0.75,0.0,1.0,0.0,7.808623603799126
tfnbs,"e=0.2,h=9.0,n=30,start_thres=1.25",hub,0.25,100,2,40,1730,30,0,10,1730,0.75,0.0,1.0,0.0,7.808623603799126
tfnbs,"e=0.2,h=10.0,n=30,start_thres=1.25",hub,0.25,100,2,40,1730,30,0,10,1730,0.75,0.0,1.0,0.0,7.808623603799126
tfnbs,"e=0.3,h=0.5,n=30,start_thres=1.25",hub,0.25,100,2,40,1730,38,0,2,1730,0.95,0.0,1.0,0.0,7.808623603799126
tfnbs,"e=0.3,h=1.0,n=30,start_thres=1.25",hub,0.25,100,2,40,1730,38,0,2,1730,0.95,0.0,1.0,0.0,7.808623603799126
tfnbs,"e=0.3,h=2.0,n=30,start_thres=1.25",hub,0.25,100,2,40,1730,38,0,2,1730,0.95,0.0,1.0,0.0,7.808623603799126
tfnbs,"e=0.3,h=3.0,n=30,start_thres=1.25",hub,0.25,100,2,40,1730,35,0,5,1730,0.875,0.0,1.0,0.0,7.808623603799126
tfnbs,"e=0.3,h=4.0,n=30,start_thres=1.25",hub,0.25,100,2,40,1730,35,0,5,1730,0.875,0.0,1.0,0.0,7.808623603799126
tfnbs,"e=0.3,h=5.0,n=30,start_thres=1.25",hub,0.25,100,2,40,1730,33,0,7,1730,0.825,0.0,1.0,0.0,7.808623603799126
tfnbs,"e=0.3,h=6.0,n=30,start_thres=1.25",hub,0.25,100,2,40,1730,33,0,7,1730,0.825,0.0,1.0,0.0,7.808623603799126
tfnbs,"e=0.3,h=7.0,n=30,start_thres=1.25",hub,0.25,100,2,40,1730,33,0,7,1730,0.825,0.0,1.0,0.0,7.808623603799126
tfnbs,"e=0.3,h=8.0,n=30,start_thres=1.25",hub,0.25,100,2,40,1730,33,0,7,1730,0.825,0.0,1.0,0.0,7.808623603799126
tfnbs,"e=0.3,h=9.0,n=30,start_thres=1.25",hub,0.25,100,2,40,1730,30,0,10,1730,0.75,0.0,1.0,0.0,7.808623603799126
tfnbs,"e=0.3,h=10.0,n=30,start_thres=1.25",hub,0.25,100,2,40,1730,30,0,10,1730,0.75,0.0,1.0,0.0,7.808623603799126
tfnbs,"e=0.4,h=0.5,n=30,start_thres=1.25",hub,0.25,100,2,40,1730,38,5,2,1725,0.95,0.0028901734104046,0.8837209302325582,0.1162790697674418,7.808623603799126
tfnbs,"e=0.4,h=1.0,n=30,start_thres=1.25",hub,0.25,100,2,40,1730,38,2,2,1728,0.95,0.0011560693641618,0.95,0.05,7.808623603799126
tfnbs,"e=0.4,h=2.0,n=30,start_thres=1.25",hub,0.25,100,2,40,1730,38,1,2,1729,0.95,0.0005780346820809,0.9743589743589745,0.0256410256410256,7.808623603799126
tfnbs,"e=0.4,h=3.0,n=30,start_thres=1.25",hub,0.25,100,2,40,1730,38,0,2,1730,0.95,0.0,1.0,0.0,7.808623603799126
tfnbs,"e=0.4,h=4.0,n=30,start_thres=1.25",hub,0.25,100,2,40,1730,38,0,2,1730,0.95,0.0,1.0,0.0,7.808623603799126
tfnbs,"e=0.4,h=5.0,n=30,start_thres=1.25",hub,0.25,100,2,40,1730,35,0,5,1730,0.875,0.0,1.0,0.0,7.808623603799126
tfnbs,"e=0.4,h=6.0,n=30,start_thres=1.25",hub,0.25,100,2,40,1730,35,0,5,1730,0.875,0.0,1.0,0.0,7.808623603799126
tfnbs,"e=0.4,h=7.0,n=30,start_thres=1.25",hub,0.25,100,2,40,1730,35,0,5,1730,0.875,0.0,1.0,0.0,7.808623603799126
tfnbs,"e=0.4,h=8.0,n=30,start_thres=1.25",hub,0.25,100,2,40,1730,33,0,7,1730,0.825,0.0,1.0,0.0,7.808623603799126
tfnbs,"e=0.4,h=9.0,n=30,start_thres=1.25",hub,0.25,100,2,40,1730,33,0,7,1730,0.825,0.0,1.0,0.0,7.808623603799126
tfnbs,"e=0.4,h=10.0,n=30,start_thres=1.25",hub,0.25,100,2,40,1730,33,0,7,1730,0.825,0.0,1.0,0.0,7.808623603799126
tfnbs,"e=0.5,h=0.5,n=30,start_thres=1.25",hub,0.25,100,2,40,1730,38,5,2,1725,0.95,0.0028901734104046,0.8837209302325582,0.1162790697674418,7.808623603799126
tfnbs,"e=0.5,h=1.0,n=30,start_thres=1.25",hub,0.25,100,2,40,1730,38,5,2,1725,0.95,0.0028901734104046,0.8837209302325582,0.1162790697674418,7.808623603799126
tfnbs,"e=0.5,h=2.0,n=30,start_thres=1.25",hub,0.25,100,2,40,1730,38,5,2,1725,0.95,0.0028901734104046,0.8837209302325582,0.1162790697674418,7.808623603799126
tfnbs,"e=0.5,h=3.0,n=30,start_thres=1.25",hub,0.25,100,2,40,1730,38,2,2,1728,0.95,0.0011560693641618,0.95,0.05,7.808623603799126
tfnbs,"e=0.5,h=4.0,n=30,start_thres=1.25",hub,0.25,100,2,40,1730,38,0,2,1730,0.95,0.0,1.0,0.0,7.808623603799126
tfnbs,"e=0.5,h=5.0,n=30,start_thres=1.25",hub,0.25,100,2,40,1730,38,0,2,1730,0.95,0.0,1.0,0.0,7.808623603799126
tfnbs,"e=0.5,h=6.0,n=30,start_thres=1.25",hub,0.25,100,2,40,1730,38,0,2,1730,0.95,0.0,1.0,0.0,7.808623603799126
tfnbs,"e=0.5,h=7.0,n=30,start_thres=1.25",hub,0.25,100,2,40,1730,35,0,5,1730,0.875,0.0,1.0,0.0,7.808623603799126
tfnbs,"e=0.5,h=8.0,n=30,start_thres=1.25",hub,0.25,100,2,40,1730,35,0,5,1730,0.875,0.0,1.0,0.0,7.808623603799126
tfnbs,"e=0.5,h=9.0,n=30,start_thres=1.25",hub,0.25,100,2,40,1730,35,0,5,1730,0.875,0.0,1.0,0.0,7.808623603799126
tfnbs,"e=0.5,h=10.0,n=30,start_thres=1.25",hub,0.25,100,2,40,1730,33,0,7,1730,0.825,0.0,1.0,0.0,7.808623603799126
tfnbs,"e=0.6,h=0.5,n=30,start_thres=1.25",hub,0.25,100,2,40,1730,39,9,1,1721,0.975,0.0052023121387283,0.8125,0.1875,7.808623603799126
tfnbs,"e=0.6,h=1.0,n=30,start_thres=1.25",hub,0.25,100,2,40,1730,39,9,1,1721,0.975,0.0052023121387283,0.8125,0.1875,7.808623603799126
tfnbs,"e=0.6,h=2.0,n=30,start_thres=1.25",hub,0.25,100,2,40,1730,39,9,1,1721,0.975,0.0052023121387283,0.8125,0.1875,7.808623603799126
tfnbs,"e=0.6,h=3.0,n=30,start_thres=1.25",hub,0.25,100,2,40,1730,38,5,2,1725,0.95,0.0028901734104046,0.8837209302325582,0.1162790697674418,7.808623603799126
tfnbs,"e=0.6,h=4.0,n=30,start_thres=1.25",hub,0.25,100,2,40,1730,38,5,2,1725,0.95,0.0028901734104046,0.8837209302325582,0.1162790697674418,7.808623603799126
tfnbs,"e=0.6,h=5.0,n=30,start_thres=1.25",hub,0.25,100,2,40,1730,38,0,2,1730,0.95,0.0,1.0,0.0,7.808623603799126
tfnbs,"e=0.6,h=6.0,n=30,start_thres=1.25",hub,0.25,100,2,40,1730,38,0,2,1730,0.95,0.0,1.0,0.0,7.808623603799126
tfnbs,"e=0.6,h=7.0,n=30,start_thres=1.25",hub,0.25,100,2,40,1730,38,0,2,1730,0.95,0.0,1.0,0.0,7.808623603799126
tfnbs,"e=0.6,h=8.0,n=30,start_thres=1.25",hub,0.25,100,2,40,1730,38,0,2,1730,0.95,0.0,1.0,0.0,7.808623603799126
tfnbs,"e=0.6,h=9.0,n=30,start_thres=1.25",hub,0.25,100,2,40,1730,35,0,5,1730,0.875,0.0,1.0,0.0,7.808623603799126
tfnbs,"e=0.6,h=10.0,n=30,start_thres=1.25",hub,0.25,100,2,40,1730,35,0,5,1730,0.875,0.0,1.0,0.0,7.808623603799126
tfnbs,"e=0.7,h=0.5,n=30,start_thres=1.25",hub,0.25,100,2,40,1730,39,9,1,1721,0.975,0.0052023121387283,0.8125,0.1875,7.808623603799126
tfnbs,"e=0.7,h=1.0,n=30,start_thres=1.25",hub,0.25,100,2,40,1730,39,9,1,1721,0.975,0.0052023121387283,0.8125,0.1875,7.808623603799126
tfnbs,"e=0.7,h=2.0,n=30,start_thres=1.25",hub,0.25,100,2,40,1730,39,9,1,1721,0.975,0.0052023121387283,0.8125,0.1875,7.808623603799126
tfnbs,"e=0.7,h=3.0,n=30,start_thres=1.25",hub,0.25,100,2,40,1730,39,9,1,1721,0.975,0.0052023121387283,0.8125,0.1875,7.808623603799126
tfnbs,"e=0.7,h=4.0,n=30,start_thres=1.25",hub,0.25,100,2,40,1730,38,5,2,1725,0.95,0.0028901734104046,0.8837209302325582,0.1162790697674418,7.808623603799126
tfnbs,"e=0.7,h=5.0,n=30,start_thres=1.25",hub,0.25,100,2,40,1730,38,5,2,1725,0.95,0.0028901734104046,0.8837209302325582,0.1162790697674418,7.808623603799126
tfnbs,"e=0.7,h=6.0,n=30,start_thres=1.25",hub,0.25,100,2,40,1730,38,1,2,1729,0.95,0.0005780346820809,0.9743589743589745,0.0256410256410256,7.808623603799126
tfnbs,"e=0.7,h=7.0,n=30,start_thres=1.25",hub,0.25,100,2,40,1730,38,0,2,1730,0.95,0.0,1.0,0.0,7.808623603799126
tfnbs,"e=0.7,h=8.0,n=30,start_thres=1.25",hub,0.25,100,2,40,1730,38,0,2,1730,0.95,0.0,1.0,0.0,7.808623603799126
tfnbs,"e=0.7,h=9.0,n=30,start_thres=1.25",hub,0.25,100,2,40,1730,38,0,2,1730,0.95,0.0,1.0,0.0,7.808623603799126
tfnbs,"e=0.7,h=10.0,n=30,start_thres=1.25",hub,0.25,100,2,40,1730,38,0,2,1730,0.95,0.0,1.0,0.0,7.808623603799126
tfnbs,"e=0.8,h=0.5,n=30,start_thres=1.25",hub,0.25,100,2,40,1730,39,19,1,1711,0.975,0.0109826589595375,0.6724137931034483,0.3275862068965517,7.808623603799126
tfnbs,"e=0.8,h=1.0,n=30,start_thres=1.25",hub,0.25,100,2,40,1730,39,19,1,1711,0.975,0.0109826589595375,0.6724137931034483,0.3275862068965517,7.808623603799126
tfnbs,"e=0.8,h=2.0,n=30,start_thres=1.25",hub,0.25,100,2,40,1730,39,9,1,1721,0.975,0.0052023121387283,0.8125,0.1875,7.808623603799126
tfnbs,"e=0.8,h=3.0,n=30,start_thres=1.25",hub,0.25,100,2,40,1730,39,9,1,1721,0.975,0.0052023121387283,0.8125,0.1875,7.808623603799126
tfnbs,"e=0.8,h=4.0,n=30,start_thres=1.25",hub,0.25,100,2,40,1730,39,9,1,1721,0.975,0.0052023121387283,0.8125,0.1875,7.808623603799126
tfnbs,"e=0.8,h=5.0,n=30,start_thres=1.25",hub,0.25,100,2,40,1730,38,5,2,1725,0.95,0.0028901734104046,0.8837209302325582,0.1162790697674418,7.808623603799126
tfnbs,"e=0.8,h=6.0,n=30,start_thres=1.25",hub,0.25,100,2,40,1730,38,5,2,1725,0.95,0.0028901734104046,0.8837209302325582,0.1162790697674418,7.808623603799126
tfnbs,"e=0.8,h=7.0,n=30,start_thres=1.25",hub,0.25,100,2,40,1730,38,2,2,1728,0.95,0.0011560693641618,0.95,0.05,7.808623603799126
tfnbs,"e=0.8,h=8.0,n=30,start_thres=1.25",hub,0.25,100,2,40,1730,38,0,2,1730,0.95,0.0,1.0,0.0,7.808623603799126
tfnbs,"e=0.8,h=9.0,n=30,start_thres=1.25",hub,0.25,100,2,40,1730,38,0,2,1730,0.95,0.0,1.0,0.0,7.808623603799126
tfnbs,"e=0.8,h=10.0,n=30,start_thres=1.25",hub,0.25,100,2,40,1730,38,0,2,1730,0.95,0.0,1.0,0.0,7.808623603799126
tfnbs,"e=0.9,h=0.5,n=30,start_thres=1.25",hub,0.25,100,2,40,1730,39,19,1,1711,0.975,0.0109826589595375,0.6724137931034483,0.3275862068965517,7.808623603799126
tfnbs,"e=0.9,h=1.0,n=30,start_thres=1.25",hub,0.25,100,2,40,1730,39,19,1,1711,0.975,0.0109826589595375,0.6724137931034483,0.3275862068965517,7.808623603799126
tfnbs,"e=0.9,h=2.0,n=30,start_thres=1.25",hub,0.25,100,2,40,1730,39,19,1,1711,0.975,0.0109826589595375,0.6724137931034483,0.3275862068965517,7.808623603799126
tfnbs,"e=0.9,h=3.0,n=30,start_thres=1.25",hub,0.25,100,2,40,1730,39,19,1,1711,0.975,0.0109826589595375,0.6724137931034483,0.3275862068965517,7.808623603799126
tfnbs,"e=0.9,h=4.0,n=30,start_thres=1.25",hub,0.25,100,2,40,1730,39,9,1,1721,0.975,0.0052023121387283,0.8125,0.1875,7.808623603799126
tfnbs,"e=0.9,h=5.0,n=30,start_thres=1.25",hub,0.25,100,2,40,1730,39,9,1,1721,0.975,0.0052023121387283,0.8125,0.1875,7.808623603799126
tfnbs,"e=0.9,h=6.0,n=30,start_thres=1.25",hub,0.25,100,2,40,1730,38,5,2,1725,0.95,0.0028901734104046,0.8837209302325582,0.1162790697674418,7.808623603799126
tfnbs,"e=0.9,h=7.0,n=30,start_thres=1.25",hub,0.25,100,2,40,1730,38,5,2,1725,0.95,0.0028901734104046,0.8837209302325582,0.1162790697674418,7.808623603799126
tfnbs,"e=0.9,h=8.0,n=30,start_thres=1.25",hub,0.25,100,2,40,1730,38,5,2,1725,0.95,0.0028901734104046,0.8837209302325582,0.1162790697674418,7.808623603799126
tfnbs,"e=0.9,h=9.0,n=30,start_thres=1.25",hub,0.25,100,2,40,1730,38,0,2,1730,0.95,0.0,1.0,0.0,7.808623603799126
tfnbs,"e=0.9,h=10.0,n=30,start_thres=1.25",hub,0.25,100,2,40,1730,38,0,2,1730,0.95,0.0,1.0,0.0,7.808623603799126
tfnbs,"e=1.0,h=0.5,n=30,start_thres=1.25",hub,0.25,100,2,40,1730,39,19,1,1711,0.975,0.0109826589595375,0.6724137931034483,0.3275862068965517,7.808623603799126
tfnbs,"e=1.0,h=1.0,n=30,start_thres=1.25",hub,0.25,100,2,40,1730,39,19,1,1711,0.975,0.0109826589595375,0.6724137931034483,0.3275862068965517,7.808623603799126
tfnbs,"e=1.0,h=2.0,n=30,start_thres=1.25",hub,0.25,100,2,40,1730,39,19,1,1711,0.975,0.0109826589595375,0.6724137931034483,0.3275862068965517,7.808623603799126
tfnbs,"e=1.0,h=3.0,n=30,start_thres=1.25",hub,0.25,100,2,40,1730,39,19,1,1711,0.975,0.0109826589595375,0.6724137931034483,0.3275862068965517,7.808623603799126
tfnbs,"e=1.0,h=4.0,n=30,start_thres=1.25",hub,0.25,100,2,40,1730,39,19,1,1711,0.975,0.0109826589595375,0.6724137931034483,0.3275862068965517,7.808623603799126
tfnbs,"e=1.0,h=5.0,n=30,start_thres=1.25",hub,0.25,100,2,40,1730,39,9,1,1721,0.975,0.0052023121387283,0.8125,0.1875,7.808623603799126
tfnbs,"e=1.0,h=6.0,n=30,start_thres=1.25",hub,0.25,100,2,40,1730,39,9,1,1721,0.975,0.0052023121387283,0.8125,0.1875,7.808623603799126
tfnbs,"e=1.0,h=7.0,n=30,start_thres=1.25",hub,0.25,100,2,40,1730,39,9,1,1721,0.975,0.0052023121387283,0.8125,0.1875,7.808623603799126
tfnbs,"e=1.0,h=8.0,n=30,start_thres=1.25",hub,0.25,100,2,40,1730,38,5,2,1725,0.95,0.0028901734104046,0.8837209302325582,0.1162790697674418,7.808623603799126
tfnbs,"e=1.0,h=9.0,n=30,start_thres=1.25",hub,0.25,100,2,40,1730,38,5,2,1725,0.95,0.0028901734104046,0.8837209302325582,0.1162790697674418,7.808623603799126
tfnbs,"e=1.0,h=10.0,n=30,start_thres=1.25",hub,0.25,100,2,40,1730,38,0,2,1730,0.95,0.0,1.0,0.0,7.808623603799126
tfnbs,"e=1.1,h=0.5,n=30,start_thres=1.25",hub,0.25,100,2,40,1730,39,19,1,1711,0.975,0.0109826589595375,0.6724137931034483,0.3275862068965517,7.808623603799126
tfnbs,"e=1.1,h=1.0,n=30,start_thres=1.25",hub,0.25,100,2,40,1730,39,19,1,1711,0.975,0.0109826589595375,0.6724137931034483,0.3275862068965517,7.808623603799126
tfnbs,"e=1.1,h=2.0,n=30,start_thres=1.25",hub,0.25,100,2,40,1730,39,19,1,1711,0.975,0.0109826589595375,0.6724137931034483,0.3275862068965517,7.808623603799126
tfnbs,"e=1.1,h=3.0,n=30,start_thres=1.25",hub,0.25,100,2,40,1730,39,19,1,1711,0.975,0.0109826589595375,0.6724137931034483,0.3275862068965517,7.808623603799126
tfnbs,"e=1.1,h=4.0,n=30,start_thres=1.25",hub,0.25,100,2,40,1730,39,19,1,1711,0.975,0.0109826589595375,0.6724137931034483,0.3275862068965517,7.808623603799126
tfnbs,"e=1.1,h=5.0,n=30,start_thres=1.25",hub,0.25,100,2,40,1730,39,19,1,1711,0.975,0.0109826589595375,0.6724137931034483,0.3275862068965517,7.808623603799126
tfnbs,"e=1.1,h=6.0,n=30,start_thres=1.25",hub,0.25,100,2,40,1730,39,9,1,1721,0.975,0.0052023121387283,0.8125,0.1875,7.808623603799126
tfnbs,"e=1.1,h=7.0,n=30,start_thres=1.25",hub,0.25,100,2,40,1730,39,9,1,1721,0.975,0.0052023121387283,0.8125,0.1875,7.808623603799126
tfnbs,"e=1.1,h=8.0,n=30,start_thres=1.25",hub,0.25,100,2,40,1730,39,9,1,1721,0.975,0.0052023121387283,0.8125,0.1875,7.808623603799126
tfnbs,"e=1.1,h=9.0,n=30,start_thres=1.25",hub,0.25,100,2,40,1730,38,5,2,1725,0.95,0.0028901734104046,0.8837209302325582,0.1162790697674418,7.808623603799126
tfnbs,"e=1.1,h=10.0,n=30,start_thres=1.25",hub,0.25,100,2,40,1730,38,5,2,1725,0.95,0.0028901734104046,0.8837209302325582,0.1162790697674418,7.808623603799126
tfnbs,"e=1.2,h=0.5,n=30,start_thres=1.25",hub,0.25,100,2,40,1730,39,31,1,1699,0.975,0.0179190751445086,0.5571428571428572,0.4428571428571428,7.808623603799126
tfnbs,"e=1.2,h=1.0,n=30,start_thres=1.25",hub,0.25,100,2,40,1730,39,31,1,1699,0.975,0.0179190751445086,0.5571428571428572,0.4428571428571428,7.808623603799126
tfnbs,"e=1.2,h=2.0,n=30,start_thres=1.25",hub,0.25,100,2,40,1730,39,19,1,1711,0.975,0.0109826589595375,0.6724137931034483,0.3275862068965517,7.808623603799126
tfnbs,"e=1.2,h=3.0,n=30,start_thres=1.25",hub,0.25,100,2,40,1730,39,19,1,1711,0.975,0.0109826589595375,0.6724137931034483,0.3275862068965517,7.808623603799126
tfnbs,"e=1.2,h=4.0,n=30,start_thres=1.25",hub,0.25,100,2,40,1730,39,19,1,1711,0.975,0.0109826589595375,0.6724137931034483,0.3275862068965517,7.808623603799126
tfnbs,"e=1.2,h=5.0,n=30,start_thres=1.25",hub,0.25,100,2,40,1730,39,19,1,1711,0.975,0.0109826589595375,0.6724137931034483,0.3275862068965517,7.808623603799126
tfnbs,"e=1.2,h=6.0,n=30,start_thres=1.25",hub,0.25,100,2,40,1730,39,19,1,1711,0.975,0.0109826589595375,0.6724137931034483,0.3275862068965517,7.808623603799126
tfnbs,"e=1.2,h=7.0,n=30,start_thres=1.25",hub,0.25,100,2,40,1730,39,9,1,1721,0.975,0.0052023121387283,0.8125,0.1875,7.808623603799126
tfnbs,"e=1.2,h=8.0,n=30,start_thres=1.25",hub,0.25,100,2,40,1730,39,9,1,1721,0.975,0.0052023121387283,0.8125,0.1875,7.808623603799126
tfnbs,"e=1.2,h=9.0,n=30,start_thres=1.25",hub,0.25,100,2,40,1730,39,9,1,1721,0.975,0.0052023121387283,0.8125,0.1875,7.808623603799126
tfnbs,"e=1.2,h=10.0,n=30,start_thres=1.25",hub,0.25,100,2,40,1730,38,5,2,1725,0.95,0.0028901734104046,0.8837209302325582,0.1162790697674418,7.808623603799126
tfnbs,"e=1.3,h=0.5,n=30,start_thres=1.25",hub,0.25,100,2,40,1730,39,31,1,1699,0.975,0.0179190751445086,0.5571428571428572,0.4428571428571428,7.808623603799126
tfnbs,"e=1.3,h=1.0,n=30,start_thres=1.25",hub,0.25,100,2,40,1730,39,31,1,1699,0.975,0.0179190751445086,0.5571428571428572,0.4428571428571428,7.808623603799126
tfnbs,"e=1.3,h=2.0,n=30,start_thres=1.25",hub,0.25,100,2,40,1730,39,31,1,1699,0.975,0.0179190751445086,0.5571428571428572,0.4428571428571428,7.808623603799126
tfnbs,"e=1.3,h=3.0,n=30,start_thres=1.25",hub,0.25,100,2,40,1730,39,31,1,1699,0.975,0.0179190751445086,0.5571428571428572,0.4428571428571428,7.808623603799126
tfnbs,"e=1.3,h=4.0,n=30,start_thres=1.25",hub,0.25,100,2,40,1730,39,19,1,1711,0.975,0.0109826589595375,0.6724137931034483,0.3275862068965517,7.808623603799126
tfnbs,"e=1.3,h=5.0,n=30,start_thres=1.25",hub,0.25,100,2,40,1730,39,19,1,1711,0.975,0.0109826589595375,0.6724137931034483,0.3275862068965517,7.808623603799126
tfnbs,"e=1.3,h=6.0,n=30,start_thres=1.25",hub,0.25,100,2,40,1730,39,19,1,1711,0.975,0.0109826589595375,0.6724137931034483,0.3275862068965517,7.808623603799126
tfnbs,"e=1.3,h=7.0,n=30,start_thres=1.25",hub,0.25,100,2,40,1730,39,19,1,1711,0.975,0.0109826589595375,0.6724137931034483,0.3275862068965517,7.808623603799126
tfnbs,"e=1.3,h=8.0,n=30,start_thres=1.25",hub,0.25,100,2,40,1730,39,9,1,1721,0.975,0.0052023121387283,0.8125,0.1875,7.808623603799126
tfnbs,"e=1.3,h=9.0,n=30,start_thres=1.25",hub,0.25,100,2,40,1730,39,9,1,1721,0.975,0.0052023121387283,0.8125,0.1875,7.808623603799126
tfnbs,"e=1.3,h=10.0,n=30,start_thres=1.25",hub,0.25,100,2,40,1730,39,9,1,1721,0.975,0.0052023121387283,0.8125,0.1875,7.808623603799126
tfnbs,"e=1.4,h=0.5,n=30,start_thres=1.25",hub,0.25,100,2,40,1730,39,31,1,1699,0.975,0.0179190751445086,0.5571428571428572,0.4428571428571428,7.808623603799126
tfnbs,"e=1.4,h=1.0,n=30,start_thres=1.25",hub,0.25,100,2,40,1730,39,31,1,1699,0.975,0.0179190751445086,0.5571428571428572,0.4428571428571428,7.808623603799126
tfnbs,"e=1.4,h=2.0,n=30,start_thres=1.25",hub,0.25,100,2,40,1730,39,31,1,1699,0.975,0.0179190751445086,0.5571428571428572,0.4428571428571428,7.808623603799126
tfnbs,"e=1.4,h=3.0,n=30,start_thres=1.25",hub,0.25,100,2,40,1730,39,31,1,1699,0.975,0.0179190751445086,0.5571428571428572,0.4428571428571428,7.808623603799126
tfnbs,"e=1.4,h=4.0,n=30,start_thres=1.25",hub,0.25,100,2,40,1730,39,31,1,1699,0.975,0.0179190751445086,0.5571428571428572,0.4428571428571428,7.808623603799126
tfnbs,"e=1.4,h=5.0,n=30,start_thres=1.25",hub,0.25,100,2,40,1730,39,31,1,1699,0.975,0.0179190751445086,0.5571428571428572,0.4428571428571428,7.808623603799126
tfnbs,"e=1.4,h=6.0,n=30,start_thres=1.25",hub,0.25,100,2,40,1730,39,19,1,1711,0.975,0.0109826589595375,0.6724137931034483,0.3275862068965517,7.808623603799126
tfnbs,"e=1.4,h=7.0,n=30,start_thres=1.25",hub,0.25,100,2,40,1730,39,19,1,1711,0.975,0.0109826589595375,0.6724137931034483,0.3275862068965517,7.808623603799126
tfnbs,"e=1.4,h=8.0,n=30,start_thres=1.25",hub,0.25,100,2,40,1730,39,19,1,1711,0.975,0.0109826589595375,0.6724137931034483,0.3275862068965517,7.808623603799126
tfnbs,"e=1.4,h=9.0,n=30,start_thres=1.25",hub,0.25,100,2,40,1730,39,9,1,1721,0.975,0.0052023121387283,0.8125,0.1875,7.808623603799126
tfnbs,"e=1.4,h=10.0,n=30,start_thres=1.25",hub,0.25,100,2,40,1730,39,9,1,1721,0.975,0.0052023121387283,0.8125,0.1875,7.808623603799126
tfnbs,"e=1.5,h=0.5,n=30,start_thres=1.25",hub,0.25,100,2,40,1730,39,31,1,1699,0.975,0.0179190751445086,0.5571428571428572,0.4428571428571428,7.808623603799126
tfnbs,"e=1.5,h=1.0,n=30,start_thres=1.25",hub,0.25,100,2,40,1730,39,31,1,1699,0.975,0.0179190751445086,0.5571428571428572,0.4428571428571428,7.808623603799126
tfnbs,"e=1.5,h=2.0,n=30,start_thres=1.25",hub,0.25,100,2,40,1730,39,31,1,1699,0.975,0.0179190751445086,0.5571428571428572,0.4428571428571428,7.808623603799126
tfnbs,"e=1.5,h=3.0,n=30,start_thres=1.25",hub,0.25,100,2,40,1730,39,31,1,1699,0.975,0.0179190751445086,0.5571428571428572,0.4428571428571428,7.808623603799126
tfnbs,"e=1.5,h=4.0,n=30,start_thres=1.25",hub,0.25,100,2,40,1730,39,31,1,1699,0.975,0.0179190751445086,0.5571428571428572,0.4428571428571428,7.808623603799126
tfnbs,"e=1.5,h=5.0,n=30,start_thres=1.25",hub,0.25,100,2,40,1730,39,31,1,1699,0.975,0.0179190751445086,0.5571428571428572,0.4428571428571428,7.808623603799126
tfnbs,"e=1.5,h=6.0,n=30,start_thres=1.25",hub,0.25,100,2,40,1730,39,31,1,1699,0.975,0.0179190751445086,0.5571428571428572,0.4428571428571428,7.808623603799126
tfnbs,"e=1.5,h=7.0,n=30,start_thres=1.25",hub,0.25,100,2,40,1730,39,19,1,1711,0.975,0.0109826589595375,0.6724137931034483,0.3275862068965517,7.808623603799126
tfnbs,"e=1.5,h=8.0,n=30,start_thres=1.25",hub,0.25,100,2,40,1730,39,19,1,1711,0.975,0.0109826589595375,0.6724137931034483,0.3275862068965517,7.808623603799126
tfnbs,"e=1.5,h=9.0,n=30,start_thres=1.25",hub,0.25,100,2,40,1730,39,19,1,1711,0.975,0.0109826589595375,0.6724137931034483,0.3275862068965517,7.808623603799126
tfnbs,"e=1.5,h=10.0,n=30,start_thres=1.25",hub,0.25,100,2,40,1730,39,9,1,1721,0.975,0.0052023121387283,0.8125,0.1875,7.808623603799126
tfnbs,"e=0.05,h=0.5,n=30,start_thres=1.25",hub,0.25,100,25,40,1730,31,0,9,1730,0.775,0.0,1.0,0.0,7.786344731395895
tfnbs,"e=0.05,h=1.0,n=30,start_thres=1.25",hub,0.25,100,25,40,1730,31,0,9,1730,0.775,0.0,1.0,0.0,7.786344731395895
tfnbs,"e=0.05,h=2.0,n=30,start_thres=1.25",hub,0.25,100,25,40,1730,31,0,9,1730,0.775,0.0,1.0,0.0,7.786344731395895
tfnbs,"e=0.05,h=3.0,n=30,start_thres=1.25",hub,0.25,100,25,40,1730,31,0,9,1730,0.775,0.0,1.0,0.0,7.786344731395895
tfnbs,"e=0.05,h=4.0,n=30,start_thres=1.25",hub,0.25,100,25,40,1730,31,0,9,1730,0.775,0.0,1.0,0.0,7.786344731395895
tfnbs,"e=0.05,h=5.0,n=30,start_thres=1.25",hub,0.25,100,25,40,1730,31,0,9,1730,0.775,0.0,1.0,0.0,7.786344731395895
tfnbs,"e=0.05,h=6.0,n=30,start_thres=1.25",hub,0.25,100,25,40,1730,31,0,9,1730,0.775,0.0,1.0,0.0,7.786344731395895
tfnbs,"e=0.05,h=7.0,n=30,start_thres=1.25",hub,0.25,100,25,40,1730,29,0,11,1730,0.725,0.0,1.0,0.0,7.786344731395895
tfnbs,"e=0.05,h=8.0,n=30,start_thres=1.25",hub,0.25,100,25,40,1730,29,0,11,1730,0.725,0.0,1.0,0.0,7.786344731395895
tfnbs,"e=0.05,h=9.0,n=30,start_thres=1.25",hub,0.25,100,25,40,1730,29,0,11,1730,0.725,0.0,1.0,0.0,7.786344731395895
tfnbs,"e=0.05,h=10.0,n=30,start_thres=1.25",hub,0.25,100,25,40,1730,29,0,11,1730,0.725,0.0,1.0,0.0,7.786344731395895
tfnbs,"e=0.1,h=0.5,n=30,start_thres=1.25",hub,0.25,100,25,40,1730,35,0,5,1730,0.875,0.0,1.0,0.0,7.786344731395895
tfnbs,"e=0.1,h=1.0,n=30,start_thres=1.25",hub,0.25,100,25,40,1730,35,0,5,1730,0.875,0.0,1.0,0.0,7.786344731395895
tfnbs,"e=0.1,h=2.0,n=30,start_thres=1.25",hub,0.25,100,25,40,1730,35,0,5,1730,0.875,0.0,1.0,0.0,7.786344731395895
tfnbs,"e=0.1,h=3.0,n=30,start_thres=1.25",hub,0.25,100,25,40,1730,31,0,9,1730,0.775,0.0,1.0,0.0,7.786344731395895
tfnbs,"e=0.1,h=4.0,n=30,start_thres=1.25",hub,0.25,100,25,40,1730,31,0,9,1730,0.775,0.0,1.0,0.0,7.786344731395895
tfnbs,"e=0.1,h=5.0,n=30,start_thres=1.25",hub,0.25,100,25,40,1730,31,0,9,1730,0.775,0.0,1.0,0.0,7.786344731395895
tfnbs,"e=0.1,h=6.0,n=30,start_thres=1.25",hub,0.25,100,25,40,1730,31,0,9,1730,0.775,0.0,1.0,0.0,7.786344731395895
tfnbs,"e=0.1,h=7.0,n=30,start_thres=1.25",hub,0.25,100,25,40,1730,31,0,9,1730,0.775,0.0,1.0,0.0,7.786344731395895
tfnbs,"e=0.1,h=8.0,n=30,start_thres=1.25",hub,0.25,100,25,40,1730,31,0,9,1730,0.775,0.0,1.0,0.0,7.786344731395895
tfnbs,"e=0.1,h=9.0,n=30,start_thres=1.25",hub,0.25,100,25,40,1730,31,0,9,1730,0.775,0.0,1.0,0.0,7.786344731395895
tfnbs,"e=0.1,h=10.0,n=30,start_thres=1.25",hub,0.25,100,25,40,1730,31,0,9,1730,0.775,0.0,1.0,0.0,7.786344731395895
tfnbs,"e=0.2,h=0.5,n=30,start_thres=1.25",hub,0.25,100,25,40,1730,35,0,5,1730,0.875,0.0,1.0,0.0,7.786344731395895
tfnbs,"e=0.2,h=1.0,n=30,start_thres=1.25",hub,0.25,100,25,40,1730,35,0,5,1730,0.875,0.0,1.0,0.0,7.786344731395895
tfnbs,"e=0.2,h=2.0,n=30,start_thres=1.25",hub,0.25,100,25,40,1730,35,0,5,1730,0.875,0.0,1.0,0.0,7.786344731395895
tfnbs,"e=0.2,h=3.0,n=30,start_thres=1.25",hub,0.25,100,25,40,1730,35,0,5,1730,0.875,0.0,1.0,0.0,7.786344731395895
tfnbs,"e=0.2,h=4.0,n=30,start_thres=1.25",hub,0.25,100,25,40,1730,35,0,5,1730,0.875,0.0,1.0,0.0,7.786344731395895
tfnbs,"e=0.2,h=5.0,n=30,start_thres=1.25",hub,0.25,100,25,40,1730,35,0,5,1730,0.875,0.0,1.0,0.0,7.786344731395895
tfnbs,"e=0.2,h=6.0,n=30,start_thres=1.25",hub,0.25,100,25,40,1730,35,0,5,1730,0.875,0.0,1.0,0.0,7.786344731395895
tfnbs,"e=0.2,h=7.0,n=30,start_thres=1.25",hub,0.25,100,25,40,1730,35,0,5,1730,0.875,0.0,1.0,0.0,7.786344731395895
tfnbs,"e=0.2,h=8.0,n=30,start_thres=1.25",hub,0.25,100,25,40,1730,35,0,5,1730,0.875,0.0,1.0,0.0,7.786344731395895
tfnbs,"e=0.2,h=9.0,n=30,start_thres=1.25",hub,0.25,100,25,40,1730,31,0,9,1730,0.775,0.0,1.0,0.0,7.786344731395895
tfnbs,"e=0.2,h=10.0,n=30,start_thres=1.25",hub,0.25,100,25,40,1730,31,0,9,1730,0.775,0.0,1.0,0.0,7.786344731395895
tfnbs,"e=0.3,h=0.5,n=30,start_thres=1.25",hub,0.25,100,25,40,1730,36,1,4,1729,0.9,0.0005780346820809,0.972972972972973,0.027027027027027,7.786344731395895
tfnbs,"e=0.3,h=1.0,n=30,start_thres=1.25",hub,0.25,100,25,40,1730,36,0,4,1730,0.9,0.0,1.0,0.0,7.786344731395895
tfnbs,"e=0.3,h=2.0,n=30,start_thres=1.25",hub,0.25,100,25,40,1730,36,0,4,1730,0.9,0.0,1.0,0.0,7.786344731395895
tfnbs,"e=0.3,h=3.0,n=30,start_thres=1.25",hub,0.25,100,25,40,1730,36,0,4,1730,0.9,0.0,1.0,0.0,7.786344731395895
tfnbs,"e=0.3,h=4.0,n=30,start_thres=1.25",hub,0.25,100,25,40,1730,35,0,5,1730,0.875,0.0,1.0,0.0,7.786344731395895
tfnbs,"e=0.3,h=5.0,n=30,start_thres=1.25",hub,0.25,100,25,40,1730,35,0,5,1730,0.875,0.0,1.0,0.0,7.786344731395895
tfnbs,"e=0.3,h=6.0,n=30,start_thres=1.25",hub,0.25,100,25,40,1730,35,0,5,1730,0.875,0.0,1.0,0.0,7.786344731395895
tfnbs,"e=0.3,h=7.0,n=30,start_thres=1.25",hub,0.25,100,25,40,1730,35,0,5,1730,0.875,0.0,1.0,0.0,7.786344731395895
tfnbs,"e=0.3,h=8.0,n=30,start_thres=1.25",hub,0.25,100,25,40,1730,35,0,5,1730,0.875,0.0,1.0,0.0,7.786344731395895
tfnbs,"e=0.3,h=9.0,n=30,start_thres=1.25",hub,0.25,100,25,40,1730,35,0,5,1730,0.875,0.0,1.0,0.0,7.786344731395895
tfnbs,"e=0.3,h=10.0,n=30,start_thres=1.25",hub,0.25,100,25,40,1730,35,0,5,1730,0.875,0.0,1.0,0.0,7.786344731395895
tfnbs,"e=0.4,h=0.5,n=30,start_thres=1.25",hub,0.25,100,25,40,1730,36,1,4,1729,0.9,0.0005780346820809,0.972972972972973,0.027027027027027,7.786344731395895
tfnbs,"e=0.4,h=1.0,n=30,start_thres=1.25",hub,0.25,100,25,40,1730,36,1,4,1729,0.9,0.0005780346820809,0.972972972972973,0.027027027027027,7.786344731395895
tfnbs,"e=0.4,h=2.0,n=30,start_thres=1.25",hub,0.25,100,25,40,1730,36,1,4,1729,0.9,0.0005780346820809,0.972972972972973,0.027027027027027,7.786344731395895
tfnbs,"e=0.4,h=3.0,n=30,start_thres=1.25",hub,0.25,100,25,40,1730,36,1,4,1729,0.9,0.0005780346820809,0.972972972972973,0.027027027027027,7.786344731395895
tfnbs,"e=0.4,h=4.0,n=30,start_thres=1.25",hub,0.25,100,25,40,1730,36,0,4,1730,0.9,0.0,1.0,0.0,7.786344731395895
tfnbs,"e=0.4,h=5.0,n=30,start_thres=1.25",hub,0.25,100,25,40,1730,36,0,4,1730,0.9,0.0,1.0,0.0,7.786344731395895
tfnbs,"e=0.4,h=6.0,n=30,start_thres=1.25",hub,0.25,100,25,40,1730,35,0,5,1730,0.875,0.0,1.0,0.0,7.786344731395895
tfnbs,"e=0.4,h=7.0,n=30,start_thres=1.25",hub,0.25,100,25,40,1730,35,0,5,1730,0.875,0.0,1.0,0.0,7.786344731395895
tfnbs,"e=0.4,h=8.0,n=30,start_thres=1.25",hub,0.25,100,25,40,1730,35,0,5,1730,0.875,0.0,1.0,0.0,7.786344731395895
tfnbs,"e=0.4,h=9.0,n=30,start_thres=1.25",hub,0.25,100,25,40,1730,35,0,5,1730,0.875,0.0,1.0,0.0,7.786344731395895
tfnbs,"e=0.4,h=10.0,n=30,start_thres=1.25",hub,0.25,100,25,40,1730,35,0,5,1730,0.875,0.0,1.0,0.0,7.786344731395895
tfnbs,"e=0.5,h=0.5,n=30,start_thres=1.25",hub,0.25,100,25,40,1730,37,2,3,1728,0.925,0.0011560693641618,0.9487179487179488,0.0512820512820512,7.786344731395895
tfnbs,"e=0.5,h=1.0,n=30,start_thres=1.25",hub,0.25,100,25,40,1730,37,2,3,1728,0.925,0.0011560693641618,0.9487179487179488,0.0512820512820512,7.786344731395895
tfnbs,"e=0.5,h=2.0,n=30,start_thres=1.25",hub,0.25,100,25,40,1730,37,2,3,1728,0.925,0.0011560693641618,0.9487179487179488,0.0512820512820512,7.786344731395895
tfnbs,"e=0.5,h=3.0,n=30,start_thres=1.25",hub,0.25,100,25,40,1730,36,1,4,1729,0.9,0.0005780346820809,0.972972972972973,0.027027027027027,7.786344731395895
tfnbs,"e=0.5,h=4.0,n=30,start_thres=1.25",hub,0.25,100,25,40,1730,36,1,4,1729,0.9,0.0005780346820809,0.972972972972973,0.027027027027027,7.786344731395895
tfnbs,"e=0.5,h=5.0,n=30,start_thres=1.25",hub,0.25,100,25,40,1730,36,1,4,1729,0.9,0.0005780346820809,0.972972972972973,0.027027027027027,7.786344731395895
tfnbs,"e=0.5,h=6.0,n=30,start_thres=1.25",hub,0.25,100,25,40,1730,36,0,4,1730,0.9,0.0,1.0,0.0,7.786344731395895
tfnbs,"e=0.5,h=7.0,n=30,start_thres=1.25",hub,0.25,100,25,40,1730,36,0,4,1730,0.9,0.0,1.0,0.0,7.786344731395895
tfnbs,"e=0.5,h=8.0,n=30,start_thres=1.25",hub,0.25,100,25,40,1730,35,0,5,1730,0.875,0.0,1.0,0.0,7.786344731395895
tfnbs,"e=0.5,h=9.0,n=30,start_thres=1.25",hub,0.25,100,25,40,1730,35,0,5,1730,0.875,0.0,1.0,0.0,7.786344731395895
tfnbs,"e=0.5,h=10.0,n=30,start_thres=1.25",hub,0.25,100,25,40,1730,35,0,5,1730,0.875,0.0,1.0,0.0,7.786344731395895
tfnbs,"e=0.6,h=0.5,n=30,start_thres=1.25",hub,0.25,100,25,40,1730,37,2,3,1728,0.925,0.0011560693641618,0.9487179487179488,0.0512820512820512,7.786344731395895
tfnbs,"e=0.6,h=1.0,n=30,start_thres=1.25",hub,0.25,100,25,40,1730,37,2,3,1728,0.925,0.0011560693641618,0.9487179487179488,0.0512820512820512,7.786344731395895
tfnbs,"e=0.6,h=2.0,n=30,start_thres=1.25",hub,0.25,100,25,40,1730,37,2,3,1728,0.925,0.0011560693641618,0.9487179487179488,0.0512820512820512,7.786344731395895
tfnbs,"e=0.6,h=3.0,n=30,start_thres=1.25",hub,0.25,100,25,40,1730,37,2,3,1728,0.925,0.0011560693641618,0.9487179487179488,0.0512820512820512,7.786344731395895
tfnbs,"e=0.6,h=4.0,n=30,start_thres=1.25",hub,0.25,100,25,40,1730,37,2,3,1728,0.925,0.0011560693641618,0.9487179487179488,0.0512820512820512,7.786344731395895
tfnbs,"e=0.6,h=5.0,n=30,start_thres=1.25",hub,0.25,100,25,40,1730,36,1,4,1729,0.9,0.0005780346820809,0.972972972972973,0.027027027027027,7.786344731395895
tfnbs,"e=0.6,h=6.0,n=30,start_thres=1.25",hub,0.25,100,25,40,1730,36,1,4,1729,0.9,0.0005780346820809,0.972972972972973,0.027027027027027,7.786344731395895
tfnbs,"e=0.6,h=7.0,n=30,start_thres=1.25",hub,0.25,100,25,40,1730,36,0,4,1730,0.9,0.0,1.0,0.0,7.786344731395895
tfnbs,"e=0.6,h=8.0,n=30,start_thres=1.25",hub,0.25,100,25,40,1730,36,0,4,1730,0.9,0.0,1.0,0.0,7.786344731395895
tfnbs,"e=0.6,h=9.0,n=30,start_thres=1.25",hub,0.25,100,25,40,1730,36,0,4,1730,0.9,0.0,1.0,0.0,7.786344731395895
tfnbs,"e=0.6,h=10.0,n=30,start_thres=1.25",hub,0.25,100,25,40,1730,35,0,5,1730,0.875,0.0,1.0,0.0,7.786344731395895
tfnbs,"e=0.7,h=0.5,n=30,start_thres=1.25",hub,0.25,100,25,40,1730,37,2,3,1728,0.925,0.0011560693641618,0.9487179487179488,0.0512820512820512,7.786344731395895
tfnbs,"e=0.7,h=1.0,n=30,start_thres=1.25",hub,0.25,100,25,40,1730,37,2,3,1728,0.925,0.0011560693641618,0.9487179487179488,0.0512820512820512,7.786344731395895
tfnbs,"e=0.7,h=2.0,n=30,start_thres=1.25",hub,0.25,100,25,40,1730,37,2,3,1728,0.925,0.0011560693641618,0.9487179487179488,0.0512820512820512,7.786344731395895
tfnbs,"e=0.7,h=3.0,n=30,start_thres=1.25",hub,0.25,100,25,40,1730,37,2,3,1728,0.925,0.0011560693641618,0.9487179487179488,0.0512820512820512,7.786344731395895
tfnbs,"e=0.7,h=4.0,n=30,start_thres=1.25",hub,0.25,100,25,40,1730,37,2,3,1728,0.925,0.0011560693641618,0.9487179487179488,0.0512820512820512,7.786344731395895
tfnbs,"e=0.7,h=5.0,n=30,start_thres=1.25",hub,0.25,100,25,40,1730,37,2,3,1728,0.925,0.0011560693641618,0.9487179487179488,0.0512820512820512,7.786344731395895
tfnbs,"e=0.7,h=6.0,n=30,start_thres=1.25",hub,0.25,100,25,40,1730,36,1,4,1729,0.9,0.0005780346820809,0.972972972972973,0.027027027027027,7.786344731395895
tfnbs,"e=0.7,h=7.0,n=30,start_thres=1.25",hub,0.25,100,25,40,1730,36,1,4,1729,0.9,0.0005780346820809,0.972972972972973,0.027027027027027,7.786344731395895
tfnbs,"e=0.7,h=8.0,n=30,start_thres=1.25",hub,0.25,100,25,40,1730,36,1,4,1729,0.9,0.0005780346820809,0.972972972972973,0.027027027027027,7.786344731395895
tfnbs,"e=0.7,h=9.0,n=30,start_thres=1.25",hub,0.25,100,25,40,1730,36,0,4,1730,0.9,0.0,1.0,0.0,7.786344731395895
tfnbs,"e=0.7,h=10.0,n=30,start_thres=1.25",hub,0.25,100,25,40,1730,36,0,4,1730,0.9,0.0,1.0,0.0,7.786344731395895
tfnbs,"e=0.8,h=0.5,n=30,start_thres=1.25",hub,0.25,100,25,40,1730,37,2,3,1728,0.925,0.0011560693641618,0.9487179487179488,0.0512820512820512,7.786344731395895
tfnbs,"e=0.8,h=1.0,n=30,start_thres=1.25",hub,0.25,100,25,40,1730,39,5,1,1725,0.975,0.0028901734104046,0.8863636363636364,0.1136363636363636,7.786344731395895
tfnbs,"e=0.8,h=2.0,n=30,start_thres=1.25",hub,0.25,100,25,40,1730,39,5,1,1725,0.975,0.0028901734104046,0.8863636363636364,0.1136363636363636,7.786344731395895
tfnbs,"e=0.8,h=3.0,n=30,start_thres=1.25",hub,0.25,100,25,40,1730,39,5,1,1725,0.975,0.0028901734104046,0.8863636363636364,0.1136363636363636,7.786344731395895
tfnbs,"e=0.8,h=4.0,n=30,start_thres=1.25",hub,0.25,100,25,40,1730,39,5,1,1725,0.975,0.0028901734104046,0.8863636363636364,0.1136363636363636,7.786344731395895
tfnbs,"e=0.8,h=5.0,n=30,start_thres=1.25",hub,0.25,100,25,40,1730,37,2,3,1728,0.925,0.0011560693641618,0.9487179487179488,0.0512820512820512,7.786344731395895
tfnbs,"e=0.8,h=6.0,n=30,start_thres=1.25",hub,0.25,100,25,40,1730,37,2,3,1728,0.925,0.0011560693641618,0.9487179487179488,0.0512820512820512,7.786344731395895
tfnbs,"e=0.8,h=7.0,n=30,start_thres=1.25",hub,0.25,100,25,40,1730,37,2,3,1728,0.925,0.0011560693641618,0.9487179487179488,0.0512820512820512,7.786344731395895
tfnbs,"e=0.8,h=8.0,n=30,start_thres=1.25",hub,0.25,100,25,40,1730,36,1,4,1729,0.9,0.0005780346820809,0.972972972972973,0.027027027027027,7.786344731395895
tfnbs,"e=0.8,h=9.0,n=30,start_thres=1.25",hub,0.25,100,25,40,1730,36,1,4,1729,0.9,0.0005780346820809,0.972972972972973,0.027027027027027,7.786344731395895
tfnbs,"e=0.8,h=10.0,n=30,start_thres=1.25",hub,0.25,100,25,40,1730,36,0,4,1730,0.9,0.0,1.0,0.0,7.786344731395895
tfnbs,"e=0.9,h=0.5,n=30,start_thres=1.25",hub,0.25,100,25,40,1730,37,2,3,1728,0.925,0.0011560693641618,0.9487179487179488,0.0512820512820512,7.786344731395895
tfnbs,"e=0.9,h=1.0,n=30,start_thres=1.25",hub,0.25,100,25,40,1730,39,5,1,1725,0.975,0.0028901734104046,0.8863636363636364,0.1136363636363636,7.786344731395895
tfnbs,"e=0.9,h=2.0,n=30,start_thres=1.25",hub,0.25,100,25,40,1730,39,5,1,1725,0.975,0.0028901734104046,0.8863636363636364,0.1136363636363636,7.786344731395895
tfnbs,"e=0.9,h=3.0,n=30,start_thres=1.25",hub,0.25,100,25,40,1730,39,5,1,1725,0.975,0.0028901734104046,0.8863636363636364,0.1136363636363636,7.786344731395895
tfnbs,"e=0.9,h=4.0,n=30,start_thres=1.25",hub,0.25,100,25,40,1730,39,5,1,1725,0.975,0.0028901734104046,0.8863636363636364,0.1136363636363636,7.786344731395895
tfnbs,"e=0.9,h=5.0,n=30,start_thres=1.25",hub,0.25,100,25,40,1730,39,5,1,1725,0.975,0.0028901734104046,0.8863636363636364,0.1136363636363636,7.786344731395895
tfnbs,"e=0.9,h=6.0,n=30,start_thres=1.25",hub,0.25,100,25,40,1730,37,2,3,1728,0.925,0.0011560693641618,0.9487179487179488,0.0512820512820512,7.786344731395895
tfnbs,"e=0.9,h=7.0,n=30,start_thres=1.25",hub,0.25,100,25,40,1730,37,2,3,1728,0.925,0.0011560693641618,0.9487179487179488,0.0512820512820512,7.786344731395895
tfnbs,"e=0.9,h=8.0,n=30,start_thres=1.25",hub,0.25,100,25,40,1730,37,2,3,1728,0.925,0.0011560693641618,0.9487179487179488,0.0512820512820512,7.786344731395895
tfnbs,"e=0.9,h=9.0,n=30,start_thres=1.25",hub,0.25,100,25,40,1730,36,1,4,1729,0.9,0.0005780346820809,0.972972972972973,0.027027027027027,7.786344731395895
tfnbs,"e=0.9,h=10.0,n=30,start_thres=1.25",hub,0.25,100,25,40,1730,36,1,4,1729,0.9,0.0005780346820809,0.972972972972973,0.027027027027027,7.786344731395895
tfnbs,"e=1.0,h=0.5,n=30,start_thres=1.25",hub,0.25,100,25,40,1730,37,2,3,1728,0.925,0.0011560693641618,0.9487179487179488,0.0512820512820512,7.786344731395895
tfnbs,"e=1.0,h=1.0,n=30,start_thres=1.25",hub,0.25,100,25,40,1730,39,5,1,1725,0.975,0.0028901734104046,0.8863636363636364,0.1136363636363636,7.786344731395895
tfnbs,"e=1.0,h=2.0,n=30,start_thres=1.25",hub,0.25,100,25,40,1730,39,5,1,1725,0.975,0.0028901734104046,0.8863636363636364,0.1136363636363636,7.786344731395895
tfnbs,"e=1.0,h=3.0,n=30,start_thres=1.25",hub,0.25,100,25,40,1730,39,5,1,1725,0.975,0.0028901734104046,0.8863636363636364,0.1136363636363636,7.786344731395895
tfnbs,"e=1.0,h=4.0,n=30,start_thres=1.25",hub,0.25,100,25,40,1730,39,5,1,1725,0.975,0.0028901734104046,0.8863636363636364,0.1136363636363636,7.786344731395895
tfnbs,"e=1.0,h=5.0,n=30,start_thres=1.25",hub,0.25,100,25,40,1730,39,5,1,1725,0.975,0.0028901734104046,0.8863636363636364,0.1136363636363636,7.786344731395895
tfnbs,"e=1.0,h=6.0,n=30,start_thres=1.25",hub,0.25,100,25,40,1730,39,5,1,1725,0.975,0.0028901734104046,0.8863636363636364,0.1136363636363636,7.786344731395895
tfnbs,"e=1.0,h=7.0,n=30,start_thres=1.25",hub,0.25,100,25,40,1730,37,2,3,1728,0.925,0.0011560693641618,0.9487179487179488,0.0512820512820512,7.786344731395895
tfnbs,"e=1.0,h=8.0,n=30,start_thres=1.25",hub,0.25,100,25,40,1730,37,2,3,1728,0.925,0.0011560693641618,0.9487179487179488,0.0512820512820512,7.786344731395895
tfnbs,"e=1.0,h=9.0,n=30,start_thres=1.25",hub,0.25,100,25,40,1730,37,2,3,1728,0.925,0.0011560693641618,0.9487179487179488,0.0512820512820512,7.786344731395895
tfnbs,"e=1.0,h=10.0,n=30,start_thres=1.25",hub,0.25,100,25,40,1730,36,1,4,1729,0.9,0.0005780346820809,0.972972972972973,0.027027027027027,7.786344731395895
tfnbs,"e=1.1,h=0.5,n=30,start_thres=1.25",hub,0.25,100,25,40,1730,37,2,3,1728,0.925,0.0011560693641618,0.9487179487179488,0.0512820512820512,7.786344731395895
tfnbs,"e=1.1,h=1.0,n=30,start_thres=1.25",hub,0.25,100,25,40,1730,39,5,1,1725,0.975,0.0028901734104046,0.8863636363636364,0.1136363636363636,7.786344731395895
tfnbs,"e=1.1,h=2.0,n=30,start_thres=1.25",hub,0.25,100,25,40,1730,39,5,1,1725,0.975,0.0028901734104046,0.8863636363636364,0.1136363636363636,7.786344731395895
tfnbs,"e=1.1,h=3.0,n=30,start_thres=1.25",hub,0.25,100,25,40,1730,39,5,1,1725,0.975,0.0028901734104046,0.8863636363636364,0.1136363636363636,7.786344731395895
tfnbs,"e=1.1,h=4.0,n=30,start_thres=1.25",hub,0.25,100,25,40,1730,39,5,1,1725,0.975,0.0028901734104046,0.8863636363636364,0.1136363636363636,7.786344731395895
tfnbs,"e=1.1,h=5.0,n=30,start_thres=1.25",hub,0.25,100,25,40,1730,39,5,1,1725,0.975,0.0028901734104046,0.8863636363636364,0.1136363636363636,7.786344731395895
tfnbs,"e=1.1,h=6.0,n=30,start_thres=1.25",hub,0.25,100,25,40,1730,39,5,1,1725,0.975,0.0028901734104046,0.8863636363636364,0.1136363636363636,7.786344731395895
tfnbs,"e=1.1,h=7.0,n=30,start_thres=1.25",hub,0.25,100,25,40,1730,39,5,1,1725,0.975,0.0028901734104046,0.8863636363636364,0.1136363636363636,7.786344731395895
tfnbs,"e=1.1,h=8.0,n=30,start_thres=1.25",hub,0.25,100,25,40,1730,39,5,1,1725,0.975,0.0028901734104046,0.8863636363636364,0.1136363636363636,7.786344731395895
tfnbs,"e=1.1,h=9.0,n=30,start_thres=1.25",hub,0.25,100,25,40,1730,37,2,3,1728,0.925,0.0011560693641618,0.9487179487179488,0.0512820512820512,7.786344731395895
tfnbs,"e=1.1,h=10.0,n=30,start_thres=1.25",hub,0.25,100,25,40,1730,37,2,3,1728,0.925,0.0011560693641618,0.9487179487179488,0.0512820512820512,7.786344731395895
tfnbs,"e=1.2,h=0.5,n=30,start_thres=1.25",hub,0.25,100,25,40,1730,37,2,3,1728,0.925,0.0011560693641618,0.9487179487179488,0.0512820512820512,7.786344731395895
tfnbs,"e=1.2,h=1.0,n=30,start_thres=1.25",hub,0.25,100,25,40,1730,39,5,1,1725,0.975,0.0028901734104046,0.8863636363636364,0.1136363636363636,7.786344731395895
tfnbs,"e=1.2,h=2.0,n=30,start_thres=1.25",hub,0.25,100,25,40,1730,39,5,1,1725,0.975,0.0028901734104046,0.8863636363636364,0.1136363636363636,7.786344731395895
tfnbs,"e=1.2,h=3.0,n=30,start_thres=1.25",hub,0.25,100,25,40,1730,39,5,1,1725,0.975,0.0028901734104046,0.8863636363636364,0.1136363636363636,7.786344731395895
tfnbs,"e=1.2,h=4.0,n=30,start_thres=1.25",hub,0.25,100,25,40,1730,39,5,1,1725,0.975,0.0028901734104046,0.8863636363636364,0.1136363636363636,7.786344731395895
tfnbs,"e=1.2,h=5.0,n=30,start_thres=1.25",hub,0.25,100,25,40,1730,39,5,1,1725,0.975,0.0028901734104046,0.8863636363636364,0.1136363636363636,7.786344731395895
tfnbs,"e=1.2,h=6.0,n=30,start_thres=1.25",hub,0.25,100,25,40,1730,39,5,1,1725,0.975,0.0028901734104046,0.8863636363636364,0.1136363636363636,7.786344731395895
tfnbs,"e=1.2,h=7.0,n=30,start_thres=1.25",hub,0.25,100,25,40,1730,39,5,1,1725,0.975,0.0028901734104046,0.8863636363636364,0.1136363636363636,7.786344731395895
tfnbs,"e=1.2,h=8.0,n=30,start_thres=1.25",hub,0.25,100,25,40,1730,39,5,1,1725,0.975,0.0028901734104046,0.8863636363636364,0.1136363636363636,7.786344731395895
tfnbs,"e=1.2,h=9.0,n=30,start_thres=1.25",hub,0.25,100,25,40,1730,39,5,1,1725,0.975,0.0028901734104046,0.8863636363636364,0.1136363636363636,7.786344731395895
tfnbs,"e=1.2,h=10.0,n=30,start_thres=1.25",hub,0.25,100,25,40,1730,37,2,3,1728,0.925,0.0011560693641618,0.9487179487179488,0.0512820512820512,7.786344731395895
tfnbs,"e=1.3,h=0.5,n=30,start_thres=1.25",hub,0.25,100,25,40,1730,37,2,3,1728,0.925,0.0011560693641618,0.9487179487179488,0.0512820512820512,7.786344731395895
tfnbs,"e=1.3,h=1.0,n=30,start_thres=1.25",hub,0.25,100,25,40,1730,37,2,3,1728,0.925,0.0011560693641618,0.9487179487179488,0.0512820512820512,7.786344731395895
tfnbs,"e=1.3,h=2.0,n=30,start_thres=1.25",hub,0.25,100,25,40,1730,39,5,1,1725,0.975,0.0028901734104046,0.8863636363636364,0.1136363636363636,7.786344731395895
tfnbs,"e=1.3,h=3.0,n=30,start_thres=1.25",hub,0.25,100,25,40,1730,39,5,1,1725,0.975,0.0028901734104046,0.8863636363636364,0.1136363636363636,7.786344731395895
tfnbs,"e=1.3,h=4.0,n=30,start_thres=1.25",hub,0.25,100,25,40,1730,39,5,1,1725,0.975,0.0028901734104046,0.8863636363636364,0.1136363636363636,7.786344731395895
tfnbs,"e=1.3,h=5.0,n=30,start_thres=1.25",hub,0.25,100,25,40,1730,39,5,1,1725,0.975,0.0028901734104046,0.8863636363636364,0.1136363636363636,7.786344731395895
tfnbs,"e=1.3,h=6.0,n=30,start_thres=1.25",hub,0.25,100,25,40,1730,39,5,1,1725,0.975,0.0028901734104046,0.8863636363636364,0.1136363636363636,7.786344731395895
tfnbs,"e=1.3,h=7.0,n=30,start_thres=1.25",hub,0.25,100,25,40,1730,39,5,1,1725,0.975,0.0028901734104046,0.8863636363636364,0.1136363636363636,7.786344731395895
tfnbs,"e=1.3,h=8.0,n=30,start_thres=1.25",hub,0.25,100,25,40,1730,39,5,1,1725,0.975,0.0028901734104046,0.8863636363636364,0.1136363636363636,7.786344731395895
tfnbs,"e=1.3,h=9.0,n=30,start_thres=1.25",hub,0.25,100,25,40,1730,39,5,1,1725,0.975,0.0028901734104046,0.8863636363636364,0.1136363636363636,7.786344731395895
tfnbs,"e=1.3,h=10.0,n=30,start_thres=1.25",hub,0.25,100,25,40,1730,39,5,1,1725,0.975,0.0028901734104046,0.8863636363636364,0.1136363636363636,7.786344731395895
tfnbs,"e=1.4,h=0.5,n=30,start_thres=1.25",hub,0.25,100,25,40,1730,37,2,3,1728,0.925,0.0011560693641618,0.9487179487179488,0.0512820512820512,7.786344731395895
tfnbs,"e=1.4,h=1.0,n=30,start_thres=1.25",hub,0.25,100,25,40,1730,37,2,3,1728,0.925,0.0011560693641618,0.9487179487179488,0.0512820512820512,7.786344731395895
tfnbs,"e=1.4,h=2.0,n=30,start_thres=1.25",hub,0.25,100,25,40,1730,39,5,1,1725,0.975,0.0028901734104046,0.8863636363636364,0.1136363636363636,7.786344731395895
tfnbs,"e=1.4,h=3.0,n=30,start_thres=1.25",hub,0.25,100,25,40,1730,39,5,1,1725,0.975,0.0028901734104046,0.8863636363636364,0.1136363636363636,7.786344731395895
tfnbs,"e=1.4,h=4.0,n=30,start_thres=1.25",hub,0.25,100,25,40,1730,39,5,1,1725,0.975,0.0028901734104046,0.8863636363636364,0.1136363636363636,7.786344731395895
tfnbs,"e=1.4,h=5.0,n=30,start_thres=1.25",hub,0.25,100,25,40,1730,39,5,1,1725,0.975,0.0028901734104046,0.8863636363636364,0.1136363636363636,7.786344731395895
tfnbs,"e=1.4,h=6.0,n=30,start_thres=1.25",hub,0.25,100,25,40,1730,39,5,1,1725,0.975,0.0028901734104046,0.8863636363636364,0.1136363636363636,7.786344731395895
tfnbs,"e=1.4,h=7.0,n=30,start_thres=1.25",hub,0.25,100,25,40,1730,39,5,1,1725,0.975,0.0028901734104046,0.8863636363636364,0.1136363636363636,7.786344731395895
tfnbs,"e=1.4,h=8.0,n=30,start_thres=1.25",hub,0.25,100,25,40,1730,39,5,1,1725,0.975,0.0028901734104046,0.8863636363636364,0.1136363636363636,7.786344731395895
tfnbs,"e=1.4,h=9.0,n=30,start_thres=1.25",hub,0.25,100,25,40,1730,39,5,1,1725,0.975,0.0028901734104046,0.8863636363636364,0.1136363636363636,7.786344731395895
tfnbs,"e=1.4,h=10.0,n=30,start_thres=1.25",hub,0.25,100,25,40,1730,39,5,1,1725,0.975,0.0028901734104046,0.8863636363636364,0.1136363636363636,7.786344731395895
tfnbs,"e=1.5,h=0.5,n=30,start_thres=1.25",hub,0.25,100,25,40,1730,37,2,3,1728,0.925,0.0011560693641618,0.9487179487179488,0.0512820512820512,7.786344731395895
tfnbs,"e=1.5,h=1.0,n=30,start_thres=1.25",hub,0.25,100,25,40,1730,37,2,3,1728,0.925,0.0011560693641618,0.9487179487179488,0.0512820512820512,7.786344731395895
tfnbs,"e=1.5,h=2.0,n=30,start_thres=1.25",hub,0.25,100,25,40,1730,39,5,1,1725,0.975,0.0028901734104046,0.8863636363636364,0.1136363636363636,7.786344731395895
tfnbs,"e=1.5,h=3.0,n=30,start_thres=1.25",hub,0.25,100,25,40,1730,39,5,1,1725,0.975,0.0028901734104046,0.8863636363636364,0.1136363636363636,7.786344731395895
tfnbs,"e=1.5,h=4.0,n=30,start_thres=1.25",hub,0.25,100,25,40,1730,39,5,1,1725,0.975,0.0028901734104046,0.8863636363636364,0.1136363636363636,7.786344731395895
tfnbs,"e=1.5,h=5.0,n=30,start_thres=1.25",hub,0.25,100,25,40,1730,39,6,1,1724,0.975,0.0034682080924855,0.8666666666666667,0.1333333333333333,7.786344731395895
tfnbs,"e=1.5,h=6.0,n=30,start_thres=1.25",hub,0.25,100,25,40,1730,39,6,1,1724,0.975,0.0034682080924855,0.8666666666666667,0.1333333333333333,7.786344731395895
tfnbs,"e=1.5,h=7.0,n=30,start_thres=1.25",hub,0.25,100,25,40,1730,39,6,1,1724,0.975,0.0034682080924855,0.8666666666666667,0.1333333333333333,7.786344731395895
tfnbs,"e=1.5,h=8.0,n=30,start_thres=1.25",hub,0.25,100,25,40,1730,39,5,1,1725,0.975,0.0028901734104046,0.8863636363636364,0.1136363636363636,7.786344731395895
tfnbs,"e=1.5,h=9.0,n=30,start_thres=1.25",hub,0.25,100,25,40,1730,39,5,1,1725,0.975,0.0028901734104046,0.8863636363636364,0.1136363636363636,7.786344731395895
tfnbs,"e=1.5,h=10.0,n=30,start_thres=1.25",hub,0.25,100,25,40,1730,39,5,1,1725,0.975,0.0028901734104046,0.8863636363636364,0.1136363636363636,7.786344731395895
tfnbs,"e=0.05,h=0.5,n=30,start_thres=1.25",hub,0.25,100,6,40,1730,36,0,4,1730,0.9,0.0,1.0,0.0,7.811989170583812
tfnbs,"e=0.05,h=1.0,n=30,start_thres=1.25",hub,0.25,100,6,40,1730,36,0,4,1730,0.9,0.0,1.0,0.0,7.811989170583812
tfnbs,"e=0.05,h=2.0,n=30,start_thres=1.25",hub,0.25,100,6,40,1730,36,0,4,1730,0.9,0.0,1.0,0.0,7.811989170583812
tfnbs,"e=0.05,h=3.0,n=30,start_thres=1.25",hub,0.25,100,6,40,1730,34,0,6,1730,0.85,0.0,1.0,0.0,7.811989170583812
tfnbs,"e=0.05,h=4.0,n=30,start_thres=1.25",hub,0.25,100,6,40,1730,34,0,6,1730,0.85,0.0,1.0,0.0,7.811989170583812
tfnbs,"e=0.05,h=5.0,n=30,start_thres=1.25",hub,0.25,100,6,40,1730,34,0,6,1730,0.85,0.0,1.0,0.0,7.811989170583812
tfnbs,"e=0.05,h=6.0,n=30,start_thres=1.25",hub,0.25,100,6,40,1730,34,0,6,1730,0.85,0.0,1.0,0.0,7.811989170583812
tfnbs,"e=0.05,h=7.0,n=30,start_thres=1.25",hub,0.25,100,6,40,1730,34,0,6,1730,0.85,0.0,1.0,0.0,7.811989170583812
tfnbs,"e=0.05,h=8.0,n=30,start_thres=1.25",hub,0.25,100,6,40,1730,34,0,6,1730,0.85,0.0,1.0,0.0,7.811989170583812
tfnbs,"e=0.05,h=9.0,n=30,start_thres=1.25",hub,0.25,100,6,40,1730,34,0,6,1730,0.85,0.0,1.0,0.0,7.811989170583812
tfnbs,"e=0.05,h=10.0,n=30,start_thres=1.25",hub,0.25,100,6,40,1730,34,0,6,1730,0.85,0.0,1.0,0.0,7.811989170583812
tfnbs,"e=0.1,h=0.5,n=30,start_thres=1.25",hub,0.25,100,6,40,1730,38,0,2,1730,0.95,0.0,1.0,0.0,7.811989170583812
tfnbs,"e=0.1,h=1.0,n=30,start_thres=1.25",hub,0.25,100,6,40,1730,36,0,4,1730,0.9,0.0,1.0,0.0,7.811989170583812
tfnbs,"e=0.1,h=2.0,n=30,start_thres=1.25",hub,0.25,100,6,40,1730,36,0,4,1730,0.9,0.0,1.0,0.0,7.811989170583812
tfnbs,"e=0.1,h=3.0,n=30,start_thres=1.25",hub,0.25,100,6,40,1730,36,0,4,1730,0.9,0.0,1.0,0.0,7.811989170583812
tfnbs,"e=0.1,h=4.0,n=30,start_thres=1.25",hub,0.25,100,6,40,1730,36,0,4,1730,0.9,0.0,1.0,0.0,7.811989170583812
tfnbs,"e=0.1,h=5.0,n=30,start_thres=1.25",hub,0.25,100,6,40,1730,36,0,4,1730,0.9,0.0,1.0,0.0,7.811989170583812
tfnbs,"e=0.1,h=6.0,n=30,start_thres=1.25",hub,0.25,100,6,40,1730,36,0,4,1730,0.9,0.0,1.0,0.0,7.811989170583812
tfnbs,"e=0.1,h=7.0,n=30,start_thres=1.25",hub,0.25,100,6,40,1730,36,0,4,1730,0.9,0.0,1.0,0.0,7.811989170583812
tfnbs,"e=0.1,h=8.0,n=30,start_thres=1.25",hub,0.25,100,6,40,1730,36,0,4,1730,0.9,0.0,1.0,0.0,7.811989170583812
tfnbs,"e=0.1,h=9.0,n=30,start_thres=1.25",hub,0.25,100,6,40,1730,34,0,6,1730,0.85,0.0,1.0,0.0,7.811989170583812
tfnbs,"e=0.1,h=10.0,n=30,start_thres=1.25",hub,0.25,100,6,40,1730,34,0,6,1730,0.85,0.0,1.0,0.0,7.811989170583812
tfnbs,"e=0.2,h=0.5,n=30,start_thres=1.25",hub,0.25,100,6,40,1730,40,0,0,1730,1.0,0.0,1.0,0.0,7.811989170583812
tfnbs,"e=0.2,h=1.0,n=30,start_thres=1.25",hub,0.25,100,6,40,1730,40,0,0,1730,1.0,0.0,1.0,0.0,7.811989170583812
tfnbs,"e=0.2,h=2.0,n=30,start_thres=1.25",hub,0.25,100,6,40,1730,40,0,0,1730,1.0,0.0,1.0,0.0,7.811989170583812
tfnbs,"e=0.2,h=3.0,n=30,start_thres=1.25",hub,0.25,100,6,40,1730,38,0,2,1730,0.95,0.0,1.0,0.0,7.811989170583812
tfnbs,"e=0.2,h=4.0,n=30,start_thres=1.25",hub,0.25,100,6,40,1730,38,0,2,1730,0.95,0.0,1.0,0.0,7.811989170583812
tfnbs,"e=0.2,h=5.0,n=30,start_thres=1.25",hub,0.25,100,6,40,1730,38,0,2,1730,0.95,0.0,1.0,0.0,7.811989170583812
tfnbs,"e=0.2,h=6.0,n=30,start_thres=1.25",hub,0.25,100,6,40,1730,38,0,2,1730,0.95,0.0,1.0,0.0,7.811989170583812
tfnbs,"e=0.2,h=7.0,n=30,start_thres=1.25",hub,0.25,100,6,40,1730,36,0,4,1730,0.9,0.0,1.0,0.0,7.811989170583812
tfnbs,"e=0.2,h=8.0,n=30,start_thres=1.25",hub,0.25,100,6,40,1730,36,0,4,1730,0.9,0.0,1.0,0.0,7.811989170583812
tfnbs,"e=0.2,h=9.0,n=30,start_thres=1.25",hub,0.25,100,6,40,1730,36,0,4,1730,0.9,0.0,1.0,0.0,7.811989170583812
tfnbs,"e=0.2,h=10.0,n=30,start_thres=1.25",hub,0.25,100,6,40,1730,36,0,4,1730,0.9,0.0,1.0,0.0,7.811989170583812
tfnbs,"e=0.3,h=0.5,n=30,start_thres=1.25",hub,0.25,100,6,40,1730,40,0,0,1730,1.0,0.0,1.0,0.0,7.811989170583812
tfnbs,"e=0.3,h=1.0,n=30,start_thres=1.25",hub,0.25,100,6,40,1730,40,0,0,1730,1.0,0.0,1.0,0.0,7.811989170583812
tfnbs,"e=0.3,h=2.0,n=30,start_thres=1.25",hub,0.25,100,6,40,1730,40,0,0,1730,1.0,0.0,1.0,0.0,7.811989170583812
tfnbs,"e=0.3,h=3.0,n=30,start_thres=1.25",hub,0.25,100,6,40,1730,40,0,0,1730,1.0,0.0,1.0,0.0,7.811989170583812
tfnbs,"e=0.3,h=4.0,n=30,start_thres=1.25",hub,0.25,100,6,40,1730,40,0,0,1730,1.0,0.0,1.0,0.0,7.811989170583812
tfnbs,"e=0.3,h=5.0,n=30,start_thres=1.25",hub,0.25,100,6,40,1730,40,0,0,1730,1.0,0.0,1.0,0.0,7.811989170583812
tfnbs,"e=0.3,h=6.0,n=30,start_thres=1.25",hub,0.25,100,6,40,1730,38,0,2,1730,0.95,0.0,1.0,0.0,7.811989170583812
tfnbs,"e=0.3,h=7.0,n=30,start_thres=1.25",hub,0.25,100,6,40,1730,38,0,2,1730,0.95,0.0,1.0,0.0,7.811989170583812
tfnbs,"e=0.3,h=8.0,n=30,start_thres=1.25",hub,0.25,100,6,40,1730,38,0,2,1730,0.95,0.0,1.0,0.0,7.811989170583812
tfnbs,"e=0.3,h=9.0,n=30,start_thres=1.25",hub,0.25,100,6,40,1730,38,0,2,1730,0.95,0.0,1.0,0.0,7.811989170583812
tfnbs,"e=0.3,h=10.0,n=30,start_thres=1.25",hub,0.25,100,6,40,1730,38,0,2,1730,0.95,0.0,1.0,0.0,7.811989170583812
tfnbs,"e=0.4,h=0.5,n=30,start_thres=1.25",hub,0.25,100,6,40,1730,40,2,0,1728,1.0,0.0011560693641618,0.9523809523809524,0.0476190476190476,7.811989170583812
tfnbs,"e=0.4,h=1.0,n=30,start_thres=1.25",hub,0.25,100,6,40,1730,40,2,0,1728,1.0,0.0011560693641618,0.9523809523809524,0.0476190476190476,7.811989170583812
tfnbs,"e=0.4,h=2.0,n=30,start_thres=1.25",hub,0.25,100,6,40,1730,40,0,0,1730,1.0,0.0,1.0,0.0,7.811989170583812
tfnbs,"e=0.4,h=3.0,n=30,start_thres=1.25",hub,0.25,100,6,40,1730,40,0,0,1730,1.0,0.0,1.0,0.0,7.811989170583812
tfnbs,"e=0.4,h=4.0,n=30,start_thres=1.25",hub,0.25,100,6,40,1730,40,0,0,1730,1.0,0.0,1.0,0.0,7.811989170583812
tfnbs,"e=0.4,h=5.0,n=30,start_thres=1.25",hub,0.25,100,6,40,1730,40,0,0,1730,1.0,0.0,1.0,0.0,7.811989170583812
tfnbs,"e=0.4,h=6.0,n=30,start_thres=1.25",hub,0.25,100,6,40,1730,40,0,0,1730,1.0,0.0,1.0,0.0,7.811989170583812
tfnbs,"e=0.4,h=7.0,n=30,start_thres=1.25",hub,0.25,100,6,40,1730,40,0,0,1730,1.0,0.0,1.0,0.0,7.811989170583812
tfnbs,"e=0.4,h=8.0,n=30,start_thres=1.25",hub,0.25,100,6,40,1730,38,0,2,1730,0.95,0.0,1.0,0.0,7.811989170583812
tfnbs,"e=0.4,h=9.0,n=30,start_thres=1.25",hub,0.25,100,6,40,1730,38,0,2,1730,0.95,0.0,1.0,0.0,7.811989170583812
tfnbs,"e=0.4,h=10.0,n=30,start_thres=1.25",hub,0.25,100,6,40,1730,38,0,2,1730,0.95,0.0,1.0,0.0,7.811989170583812
tfnbs,"e=0.5,h=0.5,n=30,start_thres=1.25",hub,0.25,100,6,40,1730,40,2,0,1728,1.0,0.0011560693641618,0.9523809523809524,0.0476190476190476,7.811989170583812
tfnbs,"e=0.5,h=1.0,n=30,start_thres=1.25",hub,0.25,100,6,40,1730,40,2,0,1728,1.0,0.0011560693641618,0.9523809523809524,0.0476190476190476,7.811989170583812
tfnbs,"e=0.5,h=2.0,n=30,start_thres=1.25",hub,0.25,100,6,40,1730,40,2,0,1728,1.0,0.0011560693641618,0.9523809523809524,0.0476190476190476,7.811989170583812
tfnbs,"e=0.5,h=3.0,n=30,start_thres=1.25",hub,0.25,100,6,40,1730,40,2,0,1728,1.0,0.0011560693641618,0.9523809523809524,0.0476190476190476,7.811989170583812
tfnbs,"e=0.5,h=4.0,n=30,start_thres=1.25",hub,0.25,100,6,40,1730,40,0,0,1730,1.0,0.0,1.0,0.0,7.811989170583812
tfnbs,"e=0.5,h=5.0,n=30,start_thres=1.25",hub,0.25,100,6,40,1730,40,0,0,1730,1.0,0.0,1.0,0.0,7.811989170583812
tfnbs,"e=0.5,h=6.0,n=30,start_thres=1.25",hub,0.25,100,6,40,1730,40,0,0,1730,1.0,0.0,1.0,0.0,7.811989170583812
tfnbs,"e=0.5,h=7.0,n=30,start_thres=1.25",hub,0.25,100,6,40,1730,40,0,0,1730,1.0,0.0,1.0,0.0,7.811989170583812
tfnbs,"e=0.5,h=8.0,n=30,start_thres=1.25",hub,0.25,100,6,40,1730,40,0,0,1730,1.0,0.0,1.0,0.0,7.811989170583812
tfnbs,"e=0.5,h=9.0,n=30,start_thres=1.25",hub,0.25,100,6,40,1730,40,0,0,1730,1.0,0.0,1.0,0.0,7.811989170583812
tfnbs,"e=0.5,h=10.0,n=30,start_thres=1.25",hub,0.25,100,6,40,1730,40,0,0,1730,1.0,0.0,1.0,0.0,7.811989170583812
tfnbs,"e=0.6,h=0.5,n=30,start_thres=1.25",hub,0.25,100,6,40,1730,40,6,0,1724,1.0,0.0034682080924855,0.8695652173913043,0.1304347826086956,7.811989170583812
tfnbs,"e=0.6,h=1.0,n=30,start_thres=1.25",hub,0.25,100,6,40,1730,40,6,0,1724,1.0,0.0034682080924855,0.8695652173913043,0.1304347826086956,7.811989170583812
tfnbs,"e=0.6,h=2.0,n=30,start_thres=1.25",hub,0.25,100,6,40,1730,40,6,0,1724,1.0,0.0034682080924855,0.8695652173913043,0.1304347826086956,7.811989170583812
tfnbs,"e=0.6,h=3.0,n=30,start_thres=1.25",hub,0.25,100,6,40,1730,40,2,0,1728,1.0,0.0011560693641618,0.9523809523809524,0.0476190476190476,7.811989170583812
tfnbs,"e=0.6,h=4.0,n=30,start_thres=1.25",hub,0.25,100,6,40,1730,40,2,0,1728,1.0,0.0011560693641618,0.9523809523809524,0.0476190476190476,7.811989170583812
tfnbs,"e=0.6,h=5.0,n=30,start_thres=1.25",hub,0.25,100,6,40,1730,40,2,0,1728,1.0,0.0011560693641618,0.9523809523809524,0.0476190476190476,7.811989170583812
tfnbs,"e=0.6,h=6.0,n=30,start_thres=1.25",hub,0.25,100,6,40,1730,40,0,0,1730,1.0,0.0,1.0,0.0,7.811989170583812
tfnbs,"e=0.6,h=7.0,n=30,start_thres=1.25",hub,0.25,100,6,40,1730,40,0,0,1730,1.0,0.0,1.0,0.0,7.811989170583812
tfnbs,"e=0.6,h=8.0,n=30,start_thres=1.25",hub,0.25,100,6,40,1730,40,0,0,1730,1.0,0.0,1.0,0.0,7.811989170583812
tfnbs,"e=0.6,h=9.0,n=30,start_thres=1.25",hub,0.25,100,6,40,1730,40,0,0,1730,1.0,0.0,1.0,0.0,7.811989170583812
tfnbs,"e=0.6,h=10.0,n=30,start_thres=1.25",hub,0.25,100,6,40,1730,40,0,0,1730,1.0,0.0,1.0,0.0,7.811989170583812
tfnbs,"e=0.7,h=0.5,n=30,start_thres=1.25",hub,0.25,100,6,40,1730,40,6,0,1724,1.0,0.0034682080924855,0.8695652173913043,0.1304347826086956,7.811989170583812
tfnbs,"e=0.7,h=1.0,n=30,start_thres=1.25",hub,0.25,100,6,40,1730,40,6,0,1724,1.0,0.0034682080924855,0.8695652173913043,0.1304347826086956,7.811989170583812
tfnbs,"e=0.7,h=2.0,n=30,start_thres=1.25",hub,0.25,100,6,40,1730,40,6,0,1724,1.0,0.0034682080924855,0.8695652173913043,0.1304347826086956,7.811989170583812
tfnbs,"e=0.7,h=3.0,n=30,start_thres=1.25",hub,0.25,100,6,40,1730,40,6,0,1724,1.0,0.0034682080924855,0.8695652173913043,0.1304347826086956,7.811989170583812
tfnbs,"e=0.7,h=4.0,n=30,start_thres=1.25",hub,0.25,100,6,40,1730,40,6,0,1724,1.0,0.0034682080924855,0.8695652173913043,0.1304347826086956,7.811989170583812
tfnbs,"e=0.7,h=5.0,n=30,start_thres=1.25",hub,0.25,100,6,40,1730,40,2,0,1728,1.0,0.0011560693641618,0.9523809523809524,0.0476190476190476,7.811989170583812
tfnbs,"e=0.7,h=6.0,n=30,start_thres=1.25",hub,0.25,100,6,40,1730,40,2,0,1728,1.0,0.0011560693641618,0.9523809523809524,0.0476190476190476,7.811989170583812
tfnbs,"e=0.7,h=7.0,n=30,start_thres=1.25",hub,0.25,100,6,40,1730,40,0,0,1730,1.0,0.0,1.0,0.0,7.811989170583812
tfnbs,"e=0.7,h=8.0,n=30,start_thres=1.25",hub,0.25,100,6,40,1730,40,0,0,1730,1.0,0.0,1.0,0.0,7.811989170583812
tfnbs,"e=0.7,h=9.0,n=30,start_thres=1.25",hub,0.25,100,6,40,1730,40,0,0,1730,1.0,0.0,1.0,0.0,7.811989170583812
tfnbs,"e=0.7,h=10.0,n=30,start_thres=1.25",hub,0.25,100,6,40,1730,40,0,0,1730,1.0,0.0,1.0,0.0,7.811989170583812
tfnbs,"e=0.8,h=0.5,n=30,start_thres=1.25",hub,0.25,100,6,40,1730,40,6,0,1724,1.0,0.0034682080924855,0.8695652173913043,0.1304347826086956,7.811989170583812
tfnbs,"e=0.8,h=1.0,n=30,start_thres=1.25",hub,0.25,100,6,40,1730,40,6,0,1724,1.0,0.0034682080924855,0.8695652173913043,0.1304347826086956,7.811989170583812
tfnbs,"e=0.8,h=2.0,n=30,start_thres=1.25",hub,0.25,100,6,40,1730,40,6,0,1724,1.0,0.0034682080924855,0.8695652173913043,0.1304347826086956,7.811989170583812
tfnbs,"e=0.8,h=3.0,n=30,start_thres=1.25",hub,0.25,100,6,40,1730,40,6,0,1724,1.0,0.0034682080924855,0.8695652173913043,0.1304347826086956,7.811989170583812
tfnbs,"e=0.8,h=4.0,n=30,start_thres=1.25",hub,0.25,100,6,40,1730,40,6,0,1724,1.0,0.0034682080924855,0.8695652173913043,0.1304347826086956,7.811989170583812
tfnbs,"e=0.8,h=5.0,n=30,start_thres=1.25",hub,0.25,100,6,40,1730,40,6,0,1724,1.0,0.0034682080924855,0.8695652173913043,0.1304347826086956,7.811989170583812
tfnbs,"e=0.8,h=6.0,n=30,start_thres=1.25",hub,0.25,100,6,40,1730,40,2,0,1728,1.0,0.0011560693641618,0.9523809523809524,0.0476190476190476,7.811989170583812
tfnbs,"e=0.8,h=7.0,n=30,start_thres=1.25",hub,0.25,100,6,40,1730,40,2,0,1728,1.0,0.0011560693641618,0.9523809523809524,0.0476190476190476,7.811989170583812
tfnbs,"e=0.8,h=8.0,n=30,start_thres=1.25",hub,0.25,100,6,40,1730,40,2,0,1728,1.0,0.0011560693641618,0.9523809523809524,0.0476190476190476,7.811989170583812
tfnbs,"e=0.8,h=9.0,n=30,start_thres=1.25",hub,0.25,100,6,40,1730,40,0,0,1730,1.0,0.0,1.0,0.0,7.811989170583812
tfnbs,"e=0.8,h=10.0,n=30,start_thres=1.25",hub,0.25,100,6,40,1730,40,0,0,1730,1.0,0.0,1.0,0.0,7.811989170583812
tfnbs,"e=0.9,h=0.5,n=30,start_thres=1.25",hub,0.25,100,6,40,1730,40,6,0,1724,1.0,0.0034682080924855,0.8695652173913043,0.1304347826086956,7.811989170583812
tfnbs,"e=0.9,h=1.0,n=30,start_thres=1.25",hub,0.25,100,6,40,1730,40,6,0,1724,1.0,0.0034682080924855,0.8695652173913043,0.1304347826086956,7.811989170583812
tfnbs,"e=0.9,h=2.0,n=30,start_thres=1.25",hub,0.25,100,6,40,1730,40,9,0,1721,1.0,0.0052023121387283,0.8163265306122449,0.1836734693877551,7.811989170583812
tfnbs,"e=0.9,h=3.0,n=30,start_thres=1.25",hub,0.25,100,6,40,1730,40,6,0,1724,1.0,0.0034682080924855,0.8695652173913043,0.1304347826086956,7.811989170583812
tfnbs,"e=0.9,h=4.0,n=30,start_thres=1.25",hub,0.25,100,6,40,1730,40,6,0,1724,1.0,0.0034682080924855,0.8695652173913043,0.1304347826086956,7.811989170583812
tfnbs,"e=0.9,h=5.0,n=30,start_thres=1.25",hub,0.25,100,6,40,1730,40,6,0,1724,1.0,0.0034682080924855,0.8695652173913043,0.1304347826086956,7.811989170583812
tfnbs,"e=0.9,h=6.0,n=30,start_thres=1.25",hub,0.25,100,6,40,1730,40,6,0,1724,1.0,0.0034682080924855,0.8695652173913043,0.1304347826086956,7.811989170583812
tfnbs,"e=0.9,h=7.0,n=30,start_thres=1.25",hub,0.25,100,6,40,1730,40,2,0,1728,1.0,0.0011560693641618,0.9523809523809524,0.0476190476190476,7.811989170583812
tfnbs,"e=0.9,h=8.0,n=30,start_thres=1.25",hub,0.25,100,6,40,1730,40,2,0,1728,1.0,0.0011560693641618,0.9523809523809524,0.0476190476190476,7.811989170583812
tfnbs,"e=0.9,h=9.0,n=30,start_thres=1.25",hub,0.25,100,6,40,1730,40,2,0,1728,1.0,0.0011560693641618,0.9523809523809524,0.0476190476190476,7.811989170583812
tfnbs,"e=0.9,h=10.0,n=30,start_thres=1.25",hub,0.25,100,6,40,1730,40,0,0,1730,1.0,0.0,1.0,0.0,7.811989170583812
tfnbs,"e=1.0,h=0.5,n=30,start_thres=1.25",hub,0.25,100,6,40,1730,40,6,0,1724,1.0,0.0034682080924855,0.8695652173913043,0.1304347826086956,7.811989170583812
tfnbs,"e=1.0,h=1.0,n=30,start_thres=1.25",hub,0.25,100,6,40,1730,40,6,0,1724,1.0,0.0034682080924855,0.8695652173913043,0.1304347826086956,7.811989170583812
tfnbs,"e=1.0,h=2.0,n=30,start_thres=1.25",hub,0.25,100,6,40,1730,40,9,0,1721,1.0,0.0052023121387283,0.8163265306122449,0.1836734693877551,7.811989170583812
tfnbs,"e=1.0,h=3.0,n=30,start_thres=1.25",hub,0.25,100,6,40,1730,40,9,0,1721,1.0,0.0052023121387283,0.8163265306122449,0.1836734693877551,7.811989170583812
tfnbs,"e=1.0,h=4.0,n=30,start_thres=1.25",hub,0.25,100,6,40,1730,40,9,0,1721,1.0,0.0052023121387283,0.8163265306122449,0.1836734693877551,7.811989170583812
tfnbs,"e=1.0,h=5.0,n=30,start_thres=1.25",hub,0.25,100,6,40,1730,40,6,0,1724,1.0,0.0034682080924855,0.8695652173913043,0.1304347826086956,7.811989170583812
tfnbs,"e=1.0,h=6.0,n=30,start_thres=1.25",hub,0.25,100,6,40,1730,40,6,0,1724,1.0,0.0034682080924855,0.8695652173913043,0.1304347826086956,7.811989170583812
tfnbs,"e=1.0,h=7.0,n=30,start_thres=1.25",hub,0.25,100,6,40,1730,40,6,0,1724,1.0,0.0034682080924855,0.8695652173913043,0.1304347826086956,7.811989170583812
tfnbs,"e=1.0,h=8.0,n=30,start_thres=1.25",hub,0.25,100,6,40,1730,40,6,0,1724,1.0,0.0034682080924855,0.8695652173913043,0.1304347826086956,7.811989170583812
tfnbs,"e=1.0,h=9.0,n=30,start_thres=1.25",hub,0.25,100,6,40,1730,40,2,0,1728,1.0,0.0011560693641618,0.9523809523809524,0.0476190476190476,7.811989170583812
tfnbs,"e=1.0,h=10.0,n=30,start_thres=1.25",hub,0.25,100,6,40,1730,40,2,0,1728,1.0,0.0011560693641618,0.9523809523809524,0.0476190476190476,7.811989170583812
tfnbs,"e=1.1,h=0.5,n=30,start_thres=1.25",hub,0.25,100,6,40,1730,40,6,0,1724,1.0,0.0034682080924855,0.8695652173913043,0.1304347826086956,7.811989170583812
tfnbs,"e=1.1,h=1.0,n=30,start_thres=1.25",hub,0.25,100,6,40,1730,40,9,0,1721,1.0,0.0052023121387283,0.8163265306122449,0.1836734693877551,7.811989170583812
tfnbs,"e=1.1,h=2.0,n=30,start_thres=1.25",hub,0.25,100,6,40,1730,40,9,0,1721,1.0,0.0052023121387283,0.8163265306122449,0.1836734693877551,7.811989170583812
tfnbs,"e=1.1,h=3.0,n=30,start_thres=1.25",hub,0.25,100,6,40,1730,40,9,0,1721,1.0,0.0052023121387283,0.8163265306122449,0.1836734693877551,7.811989170583812
tfnbs,"e=1.1,h=4.0,n=30,start_thres=1.25",hub,0.25,100,6,40,1730,40,9,0,1721,1.0,0.0052023121387283,0.8163265306122449,0.1836734693877551,7.811989170583812
tfnbs,"e=1.1,h=5.0,n=30,start_thres=1.25",hub,0.25,100,6,40,1730,40,9,0,1721,1.0,0.0052023121387283,0.8163265306122449,0.1836734693877551,7.811989170583812
tfnbs,"e=1.1,h=6.0,n=30,start_thres=1.25",hub,0.25,100,6,40,1730,40,6,0,1724,1.0,0.0034682080924855,0.8695652173913043,0.1304347826086956,7.811989170583812
tfnbs,"e=1.1,h=7.0,n=30,start_thres=1.25",hub,0.25,100,6,40,1730,40,6,0,1724,1.0,0.0034682080924855,0.8695652173913043,0.1304347826086956,7.811989170583812
tfnbs,"e=1.1,h=8.0,n=30,start_thres=1.25",hub,0.25,100,6,40,1730,40,6,0,1724,1.0,0.0034682080924855,0.8695652173913043,0.1304347826086956,7.811989170583812
tfnbs,"e=1.1,h=9.0,n=30,start_thres=1.25",hub,0.25,100,6,40,1730,40,6,0,1724,1.0,0.0034682080924855,0.8695652173913043,0.1304347826086956,7.811989170583812
tfnbs,"e=1.1,h=10.0,n=30,start_thres=1.25",hub,0.25,100,6,40,1730,40,2,0,1728,1.0,0.0011560693641618,0.9523809523809524,0.0476190476190476,7.811989170583812
tfnbs,"e=1.2,h=0.5,n=30,start_thres=1.25",hub,0.25,100,6,40,1730,40,6,0,1724,1.0,0.0034682080924855,0.8695652173913043,0.1304347826086956,7.811989170583812
tfnbs,"e=1.2,h=1.0,n=30,start_thres=1.25",hub,0.25,100,6,40,1730,40,9,0,1721,1.0,0.0052023121387283,0.8163265306122449,0.1836734693877551,7.811989170583812
tfnbs,"e=1.2,h=2.0,n=30,start_thres=1.25",hub,0.25,100,6,40,1730,40,9,0,1721,1.0,0.0052023121387283,0.8163265306122449,0.1836734693877551,7.811989170583812
tfnbs,"e=1.2,h=3.0,n=30,start_thres=1.25",hub,0.25,100,6,40,1730,40,9,0,1721,1.0,0.0052023121387283,0.8163265306122449,0.1836734693877551,7.811989170583812
tfnbs,"e=1.2,h=4.0,n=30,start_thres=1.25",hub,0.25,100,6,40,1730,40,9,0,1721,1.0,0.0052023121387283,0.8163265306122449,0.1836734693877551,7.811989170583812
tfnbs,"e=1.2,h=5.0,n=30,start_thres=1.25",hub,0.25,100,6,40,1730,40,9,0,1721,1.0,0.0052023121387283,0.8163265306122449,0.1836734693877551,7.811989170583812
tfnbs,"e=1.2,h=6.0,n=30,start_thres=1.25",hub,0.25,100,6,40,1730,40,9,0,1721,1.0,0.0052023121387283,0.8163265306122449,0.1836734693877551,7.811989170583812
tfnbs,"e=1.2,h=7.0,n=30,start_thres=1.25",hub,0.25,100,6,40,1730,40,6,0,1724,1.0,0.0034682080924855,0.8695652173913043,0.1304347826086956,7.811989170583812
tfnbs,"e=1.2,h=8.0,n=30,start_thres=1.25",hub,0.25,100,6,40,1730,40,6,0,1724,1.0,0.0034682080924855,0.8695652173913043,0.1304347826086956,7.811989170583812
tfnbs,"e=1.2,h=9.0,n=30,start_thres=1.25",hub,0.25,100,6,40,1730,40,6,0,1724,1.0,0.0034682080924855,0.8695652173913043,0.1304347826086956,7.811989170583812
tfnbs,"e=1.2,h=10.0,n=30,start_thres=1.25",hub,0.25,100,6,40,1730,40,6,0,1724,1.0,0.0034682080924855,0.8695652173913043,0.1304347826086956,7.811989170583812
tfnbs,"e=1.3,h=0.5,n=30,start_thres=1.25",hub,0.25,100,6,40,1730,40,6,0,1724,1.0,0.0034682080924855,0.8695652173913043,0.1304347826086956,7.811989170583812
tfnbs,"e=1.3,h=1.0,n=30,start_thres=1.25",hub,0.25,100,6,40,1730,40,9,0,1721,1.0,0.0052023121387283,0.8163265306122449,0.1836734693877551,7.811989170583812
tfnbs,"e=1.3,h=2.0,n=30,start_thres=1.25",hub,0.25,100,6,40,1730,40,9,0,1721,1.0,0.0052023121387283,0.8163265306122449,0.1836734693877551,7.811989170583812
tfnbs,"e=1.3,h=3.0,n=30,start_thres=1.25",hub,0.25,100,6,40,1730,40,9,0,1721,1.0,0.0052023121387283,0.8163265306122449,0.1836734693877551,7.811989170583812
tfnbs,"e=1.3,h=4.0,n=30,start_thres=1.25",hub,0.25,100,6,40,1730,40,9,0,1721,1.0,0.0052023121387283,0.8163265306122449,0.1836734693877551,7.811989170583812
tfnbs,"e=1.3,h=5.0,n=30,start_thres=1.25",hub,0.25,100,6,40,1730,40,9,0,1721,1.0,0.0052023121387283,0.8163265306122449,0.1836734693877551,7.811989170583812
tfnbs,"e=1.3,h=6.0,n=30,start_thres=1.25",hub,0.25,100,6,40,1730,40,9,0,1721,1.0,0.0052023121387283,0.8163265306122449,0.1836734693877551,7.811989170583812
tfnbs,"e=1.3,h=7.0,n=30,start_thres=1.25",hub,0.25,100,6,40,1730,40,9,0,1721,1.0,0.0052023121387283,0.8163265306122449,0.1836734693877551,7.811989170583812
tfnbs,"e=1.3,h=8.0,n=30,start_thres=1.25",hub,0.25,100,6,40,1730,40,6,0,1724,1.0,0.0034682080924855,0.8695652173913043,0.1304347826086956,7.811989170583812
tfnbs,"e=1.3,h=9.0,n=30,start_thres=1.25",hub,0.25,100,6,40,1730,40,6,0,1724,1.0,0.0034682080924855,0.8695652173913043,0.1304347826086956,7.811989170583812
tfnbs,"e=1.3,h=10.0,n=30,start_thres=1.25",hub,0.25,100,6,40,1730,40,6,0,1724,1.0,0.0034682080924855,0.8695652173913043,0.1304347826086956,7.811989170583812
tfnbs,"e=1.4,h=0.5,n=30,start_thres=1.25",hub,0.25,100,6,40,1730,40,6,0,1724,1.0,0.0034682080924855,0.8695652173913043,0.1304347826086956,7.811989170583812
tfnbs,"e=1.4,h=1.0,n=30,start_thres=1.25",hub,0.25,100,6,40,1730,40,9,0,1721,1.0,0.0052023121387283,0.8163265306122449,0.1836734693877551,7.811989170583812
tfnbs,"e=1.4,h=2.0,n=30,start_thres=1.25",hub,0.25,100,6,40,1730,40,9,0,1721,1.0,0.0052023121387283,0.8163265306122449,0.1836734693877551,7.811989170583812
tfnbs,"e=1.4,h=3.0,n=30,start_thres=1.25",hub,0.25,100,6,40,1730,40,9,0,1721,1.0,0.0052023121387283,0.8163265306122449,0.1836734693877551,7.811989170583812
tfnbs,"e=1.4,h=4.0,n=30,start_thres=1.25",hub,0.25,100,6,40,1730,40,9,0,1721,1.0,0.0052023121387283,0.8163265306122449,0.1836734693877551,7.811989170583812
tfnbs,"e=1.4,h=5.0,n=30,start_thres=1.25",hub,0.25,100,6,40,1730,40,9,0,1721,1.0,0.0052023121387283,0.8163265306122449,0.1836734693877551,7.811989170583812
tfnbs,"e=1.4,h=6.0,n=30,start_thres=1.25",hub,0.25,100,6,40,1730,40,9,0,1721,1.0,0.0052023121387283,0.8163265306122449,0.1836734693877551,7.811989170583812
tfnbs,"e=1.4,h=7.0,n=30,start_thres=1.25",hub,0.25,100,6,40,1730,40,9,0,1721,1.0,0.0052023121387283,0.8163265306122449,0.1836734693877551,7.811989170583812
tfnbs,"e=1.4,h=8.0,n=30,start_thres=1.25",hub,0.25,100,6,40,1730,40,9,0,1721,1.0,0.0052023121387283,0.8163265306122449,0.1836734693877551,7.811989170583812
tfnbs,"e=1.4,h=9.0,n=30,start_thres=1.25",hub,0.25,100,6,40,1730,40,9,0,1721,1.0,0.0052023121387283,0.8163265306122449,0.1836734693877551,7.811989170583812
tfnbs,"e=1.4,h=10.0,n=30,start_thres=1.25",hub,0.25,100,6,40,1730,40,6,0,1724,1.0,0.0034682080924855,0.8695652173913043,0.1304347826086956,7.811989170583812
tfnbs,"e=1.5,h=0.5,n=30,start_thres=1.25",hub,0.25,100,6,40,1730,40,6,0,1724,1.0,0.0034682080924855,0.8695652173913043,0.1304347826086956,7.811989170583812
tfnbs,"e=1.5,h=1.0,n=30,start_thres=1.25",hub,0.25,100,6,40,1730,40,6,0,1724,1.0,0.0034682080924855,0.8695652173913043,0.1304347826086956,7.811989170583812
tfnbs,"e=1.5,h=2.0,n=30,start_thres=1.25",hub,0.25,100,6,40,1730,40,9,0,1721,1.0,0.0052023121387283,0.8163265306122449,0.1836734693877551,7.811989170583812
tfnbs,"e=1.5,h=3.0,n=30,start_thres=1.25",hub,0.25,100,6,40,1730,40,9,0,1721,1.0,0.0052023121387283,0.8163265306122449,0.1836734693877551,7.811989170583812
tfnbs,"e=1.5,h=4.0,n=30,start_thres=1.25",hub,0.25,100,6,40,1730,40,9,0,1721,1.0,0.0052023121387283,0.8163265306122449,0.1836734693877551,7.811989170583812
tfnbs,"e=1.5,h=5.0,n=30,start_thres=1.25",hub,0.25,100,6,40,1730,40,9,0,1721,1.0,0.0052023121387283,0.8163265306122449,0.1836734693877551,7.811989170583812
tfnbs,"e=1.5,h=6.0,n=30,start_thres=1.25",hub,0.25,100,6,40,1730,40,9,0,1721,1.0,0.0052023121387283,0.8163265306122449,0.1836734693877551,7.811989170583812
tfnbs,"e=1.5,h=7.0,n=30,start_thres=1.25",hub,0.25,100,6,40,1730,40,9,0,1721,1.0,0.0052023121387283,0.8163265306122449,0.1836734693877551,7.811989170583812
tfnbs,"e=1.5,h=8.0,n=30,start_thres=1.25",hub,0.25,100,6,40,1730,40,9,0,1721,1.0,0.0052023121387283,0.8163265306122449,0.1836734693877551,7.811989170583812
tfnbs,"e=1.5,h=9.0,n=30,start_thres=1.25",hub,0.25,100,6,40,1730,40,9,0,1721,1.0,0.0052023121387283,0.8163265306122449,0.1836734693877551,7.811989170583812
tfnbs,"e=1.5,h=10.0,n=30,start_thres=1.25",hub,0.25,100,6,40,1730,40,9,0,1721,1.0,0.0052023121387283,0.8163265306122449,0.1836734693877551,7.811989170583812
nbs_extent,threshold=1.0,hub,0.25,100,15,40,1730,0,0,40,1730,0.0,0.0,0.0,0.0,23.05508804321289
tfnbs,"e=0.05,h=0.5,n=30,start_thres=1.25",hub,0.25,100,19,40,1730,26,0,14,1730,0.65,0.0,1.0,0.0,7.798609335314143
tfnbs,"e=0.05,h=1.0,n=30,start_thres=1.25",hub,0.25,100,19,40,1730,26,0,14,1730,0.65,0.0,1.0,0.0,7.798609335314143
tfnbs,"e=0.05,h=2.0,n=30,start_thres=1.25",hub,0.25,100,19,40,1730,26,0,14,1730,0.65,0.0,1.0,0.0,7.798609335314143
tfnbs,"e=0.05,h=3.0,n=30,start_thres=1.25",hub,0.25,100,19,40,1730,26,0,14,1730,0.65,0.0,1.0,0.0,7.798609335314143
tfnbs,"e=0.05,h=4.0,n=30,start_thres=1.25",hub,0.25,100,19,40,1730,26,0,14,1730,0.65,0.0,1.0,0.0,7.798609335314143
tfnbs,"e=0.05,h=5.0,n=30,start_thres=1.25",hub,0.25,100,19,40,1730,26,0,14,1730,0.65,0.0,1.0,0.0,7.798609335314143
tfnbs,"e=0.05,h=6.0,n=30,start_thres=1.25",hub,0.25,100,19,40,1730,26,0,14,1730,0.65,0.0,1.0,0.0,7.798609335314143
tfnbs,"e=0.05,h=7.0,n=30,start_thres=1.25",hub,0.25,100,19,40,1730,26,0,14,1730,0.65,0.0,1.0,0.0,7.798609335314143
tfnbs,"e=0.05,h=8.0,n=30,start_thres=1.25",hub,0.25,100,19,40,1730,26,0,14,1730,0.65,0.0,1.0,0.0,7.798609335314143
tfnbs,"e=0.05,h=9.0,n=30,start_thres=1.25",hub,0.25,100,19,40,1730,26,0,14,1730,0.65,0.0,1.0,0.0,7.798609335314143
tfnbs,"e=0.05,h=10.0,n=30,start_thres=1.25",hub,0.25,100,19,40,1730,26,0,14,1730,0.65,0.0,1.0,0.0,7.798609335314143
tfnbs,"e=0.1,h=0.5,n=30,start_thres=1.25",hub,0.25,100,19,40,1730,29,0,11,1730,0.725,0.0,1.0,0.0,7.798609335314143
tfnbs,"e=0.1,h=1.0,n=30,start_thres=1.25",hub,0.25,100,19,40,1730,29,0,11,1730,0.725,0.0,1.0,0.0,7.798609335314143
tfnbs,"e=0.1,h=2.0,n=30,start_thres=1.25",hub,0.25,100,19,40,1730,29,0,11,1730,0.725,0.0,1.0,0.0,7.798609335314143
tfnbs,"e=0.1,h=3.0,n=30,start_thres=1.25",hub,0.25,100,19,40,1730,29,0,11,1730,0.725,0.0,1.0,0.0,7.798609335314143
tfnbs,"e=0.1,h=4.0,n=30,start_thres=1.25",hub,0.25,100,19,40,1730,29,0,11,1730,0.725,0.0,1.0,0.0,7.798609335314143
tfnbs,"e=0.1,h=5.0,n=30,start_thres=1.25",hub,0.25,100,19,40,1730,29,0,11,1730,0.725,0.0,1.0,0.0,7.798609335314143
tfnbs,"e=0.1,h=6.0,n=30,start_thres=1.25",hub,0.25,100,19,40,1730,26,0,14,1730,0.65,0.0,1.0,0.0,7.798609335314143
tfnbs,"e=0.1,h=7.0,n=30,start_thres=1.25",hub,0.25,100,19,40,1730,26,0,14,1730,0.65,0.0,1.0,0.0,7.798609335314143
tfnbs,"e=0.1,h=8.0,n=30,start_thres=1.25",hub,0.25,100,19,40,1730,26,0,14,1730,0.65,0.0,1.0,0.0,7.798609335314143
tfnbs,"e=0.1,h=9.0,n=30,start_thres=1.25",hub,0.25,100,19,40,1730,26,0,14,1730,0.65,0.0,1.0,0.0,7.798609335314143
tfnbs,"e=0.1,h=10.0,n=30,start_thres=1.25",hub,0.25,100,19,40,1730,26,0,14,1730,0.65,0.0,1.0,0.0,7.798609335314143
tfnbs,"e=0.2,h=0.5,n=30,start_thres=1.25",hub,0.25,100,19,40,1730,32,0,8,1730,0.8,0.0,1.0,0.0,7.798609335314143
tfnbs,"e=0.2,h=1.0,n=30,start_thres=1.25",hub,0.25,100,19,40,1730,32,0,8,1730,0.8,0.0,1.0,0.0,7.798609335314143
tfnbs,"e=0.2,h=2.0,n=30,start_thres=1.25",hub,0.25,100,19,40,1730,31,0,9,1730,0.775,0.0,1.0,0.0,7.798609335314143
tfnbs,"e=0.2,h=3.0,n=30,start_thres=1.25",hub,0.25,100,19,40,1730,31,0,9,1730,0.775,0.0,1.0,0.0,7.798609335314143
tfnbs,"e=0.2,h=4.0,n=30,start_thres=1.25",hub,0.25,100,19,40,1730,31,0,9,1730,0.775,0.0,1.0,0.0,7.798609335314143
tfnbs,"e=0.2,h=5.0,n=30,start_thres=1.25",hub,0.25,100,19,40,1730,29,0,11,1730,0.725,0.0,1.0,0.0,7.798609335314143
tfnbs,"e=0.2,h=6.0,n=30,start_thres=1.25",hub,0.25,100,19,40,1730,29,0,11,1730,0.725,0.0,1.0,0.0,7.798609335314143
tfnbs,"e=0.2,h=7.0,n=30,start_thres=1.25",hub,0.25,100,19,40,1730,29,0,11,1730,0.725,0.0,1.0,0.0,7.798609335314143
tfnbs,"e=0.2,h=8.0,n=30,start_thres=1.25",hub,0.25,100,19,40,1730,29,0,11,1730,0.725,0.0,1.0,0.0,7.798609335314143
tfnbs,"e=0.2,h=9.0,n=30,start_thres=1.25",hub,0.25,100,19,40,1730,29,0,11,1730,0.725,0.0,1.0,0.0,7.798609335314143
tfnbs,"e=0.2,h=10.0,n=30,start_thres=1.25",hub,0.25,100,19,40,1730,29,0,11,1730,0.725,0.0,1.0,0.0,7.798609335314143
tfnbs,"e=0.3,h=0.5,n=30,start_thres=1.25",hub,0.25,100,19,40,1730,34,0,6,1730,0.85,0.0,1.0,0.0,7.798609335314143
tfnbs,"e=0.3,h=1.0,n=30,start_thres=1.25",hub,0.25,100,19,40,1730,34,0,6,1730,0.85,0.0,1.0,0.0,7.798609335314143
tfnbs,"e=0.3,h=2.0,n=30,start_thres=1.25",hub,0.25,100,19,40,1730,34,0,6,1730,0.85,0.0,1.0,0.0,7.798609335314143
tfnbs,"e=0.3,h=3.0,n=30,start_thres=1.25",hub,0.25,100,19,40,1730,32,0,8,1730,0.8,0.0,1.0,0.0,7.798609335314143
tfnbs,"e=0.3,h=4.0,n=30,start_thres=1.25",hub,0.25,100,19,40,1730,32,0,8,1730,0.8,0.0,1.0,0.0,7.798609335314143
tfnbs,"e=0.3,h=5.0,n=30,start_thres=1.25",hub,0.25,100,19,40,1730,31,0,9,1730,0.775,0.0,1.0,0.0,7.798609335314143
tfnbs,"e=0.3,h=6.0,n=30,start_thres=1.25",hub,0.25,100,19,40,1730,31,0,9,1730,0.775,0.0,1.0,0.0,7.798609335314143
tfnbs,"e=0.3,h=7.0,n=30,start_thres=1.25",hub,0.25,100,19,40,1730,31,0,9,1730,0.775,0.0,1.0,0.0,7.798609335314143
tfnbs,"e=0.3,h=8.0,n=30,start_thres=1.25",hub,0.25,100,19,40,1730,31,0,9,1730,0.775,0.0,1.0,0.0,7.798609335314143
tfnbs,"e=0.3,h=9.0,n=30,start_thres=1.25",hub,0.25,100,19,40,1730,29,0,11,1730,0.725,0.0,1.0,0.0,7.798609335314143
tfnbs,"e=0.3,h=10.0,n=30,start_thres=1.25",hub,0.25,100,19,40,1730,29,0,11,1730,0.725,0.0,1.0,0.0,7.798609335314143
tfnbs,"e=0.4,h=0.5,n=30,start_thres=1.25",hub,0.25,100,19,40,1730,36,2,4,1728,0.9,0.0011560693641618,0.9473684210526316,0.0526315789473684,7.798609335314143
tfnbs,"e=0.4,h=1.0,n=30,start_thres=1.25",hub,0.25,100,19,40,1730,36,2,4,1728,0.9,0.0011560693641618,0.9473684210526316,0.0526315789473684,7.798609335314143
tfnbs,"e=0.4,h=2.0,n=30,start_thres=1.25",hub,0.25,100,19,40,1730,36,2,4,1728,0.9,0.0011560693641618,0.9473684210526316,0.0526315789473684,7.798609335314143
tfnbs,"e=0.4,h=3.0,n=30,start_thres=1.25",hub,0.25,100,19,40,1730,34,0,6,1730,0.85,0.0,1.0,0.0,7.798609335314143
tfnbs,"e=0.4,h=4.0,n=30,start_thres=1.25",hub,0.25,100,19,40,1730,34,0,6,1730,0.85,0.0,1.0,0.0,7.798609335314143
tfnbs,"e=0.4,h=5.0,n=30,start_thres=1.25",hub,0.25,100,19,40,1730,32,0,8,1730,0.8,0.0,1.0,0.0,7.798609335314143
tfnbs,"e=0.4,h=6.0,n=30,start_thres=1.25",hub,0.25,100,19,40,1730,32,0,8,1730,0.8,0.0,1.0,0.0,7.798609335314143
tfnbs,"e=0.4,h=7.0,n=30,start_thres=1.25",hub,0.25,100,19,40,1730,32,0,8,1730,0.8,0.0,1.0,0.0,7.798609335314143
tfnbs,"e=0.4,h=8.0,n=30,start_thres=1.25",hub,0.25,100,19,40,1730,31,0,9,1730,0.775,0.0,1.0,0.0,7.798609335314143
tfnbs,"e=0.4,h=9.0,n=30,start_thres=1.25",hub,0.25,100,19,40,1730,31,0,9,1730,0.775,0.0,1.0,0.0,7.798609335314143
tfnbs,"e=0.4,h=10.0,n=30,start_thres=1.25",hub,0.25,100,19,40,1730,31,0,9,1730,0.775,0.0,1.0,0.0,7.798609335314143
tfnbs,"e=0.5,h=0.5,n=30,start_thres=1.25",hub,0.25,100,19,40,1730,36,2,4,1728,0.9,0.0011560693641618,0.9473684210526316,0.0526315789473684,7.798609335314143
tfnbs,"e=0.5,h=1.0,n=30,start_thres=1.25",hub,0.25,100,19,40,1730,36,2,4,1728,0.9,0.0011560693641618,0.9473684210526316,0.0526315789473684,7.798609335314143
tfnbs,"e=0.5,h=2.0,n=30,start_thres=1.25",hub,0.25,100,19,40,1730,36,2,4,1728,0.9,0.0011560693641618,0.9473684210526316,0.0526315789473684,7.798609335314143
tfnbs,"e=0.5,h=3.0,n=30,start_thres=1.25",hub,0.25,100,19,40,1730,36,2,4,1728,0.9,0.0011560693641618,0.9473684210526316,0.0526315789473684,7.798609335314143
tfnbs,"e=0.5,h=4.0,n=30,start_thres=1.25",hub,0.25,100,19,40,1730,34,0,6,1730,0.85,0.0,1.0,0.0,7.798609335314143
tfnbs,"e=0.5,h=5.0,n=30,start_thres=1.25",hub,0.25,100,19,40,1730,34,0,6,1730,0.85,0.0,1.0,0.0,7.798609335314143
tfnbs,"e=0.5,h=6.0,n=30,start_thres=1.25",hub,0.25,100,19,40,1730,34,0,6,1730,0.85,0.0,1.0,0.0,7.798609335314143
tfnbs,"e=0.5,h=7.0,n=30,start_thres=1.25",hub,0.25,100,19,40,1730,32,0,8,1730,0.8,0.0,1.0,0.0,7.798609335314143
tfnbs,"e=0.5,h=8.0,n=30,start_thres=1.25",hub,0.25,100,19,40,1730,32,0,8,1730,0.8,0.0,1.0,0.0,7.798609335314143
tfnbs,"e=0.5,h=9.0,n=30,start_thres=1.25",hub,0.25,100,19,40,1730,32,0,8,1730,0.8,0.0,1.0,0.0,7.798609335314143
tfnbs,"e=0.5,h=10.0,n=30,start_thres=1.25",hub,0.25,100,19,40,1730,31,0,9,1730,0.775,0.0,1.0,0.0,7.798609335314143
tfnbs,"e=0.6,h=0.5,n=30,start_thres=1.25",hub,0.25,100,19,40,1730,37,3,3,1727,0.925,0.0017341040462427,0.925,0.075,7.798609335314143
tfnbs,"e=0.6,h=1.0,n=30,start_thres=1.25",hub,0.25,100,19,40,1730,37,3,3,1727,0.925,0.0017341040462427,0.925,0.075,7.798609335314143
tfnbs,"e=0.6,h=2.0,n=30,start_thres=1.25",hub,0.25,100,19,40,1730,37,3,3,1727,0.925,0.0017341040462427,0.925,0.075,7.798609335314143
tfnbs,"e=0.6,h=3.0,n=30,start_thres=1.25",hub,0.25,100,19,40,1730,36,2,4,1728,0.9,0.0011560693641618,0.9473684210526316,0.0526315789473684,7.798609335314143
tfnbs,"e=0.6,h=4.0,n=30,start_thres=1.25",hub,0.25,100,19,40,1730,36,2,4,1728,0.9,0.0011560693641618,0.9473684210526316,0.0526315789473684,7.798609335314143
tfnbs,"e=0.6,h=5.0,n=30,start_thres=1.25",hub,0.25,100,19,40,1730,36,2,4,1728,0.9,0.0011560693641618,0.9473684210526316,0.0526315789473684,7.798609335314143
tfnbs,"e=0.6,h=6.0,n=30,start_thres=1.25",hub,0.25,100,19,40,1730,34,0,6,1730,0.85,0.0,1.0,0.0,7.798609335314143
tfnbs,"e=0.6,h=7.0,n=30,start_thres=1.25",hub,0.25,100,19,40,1730,34,0,6,1730,0.85,0.0,1.0,0.0,7.798609335314143
tfnbs,"e=0.6,h=8.0,n=30,start_thres=1.25",hub,0.25,100,19,40,1730,32,0,8,1730,0.8,0.0,1.0,0.0,7.798609335314143
tfnbs,"e=0.6,h=9.0,n=30,start_thres=1.25",hub,0.25,100,19,40,1730,32,0,8,1730,0.8,0.0,1.0,0.0,7.798609335314143
tfnbs,"e=0.6,h=10.0,n=30,start_thres=1.25",hub,0.25,100,19,40,1730,32,0,8,1730,0.8,0.0,1.0,0.0,7.798609335314143
tfnbs,"e=0.7,h=0.5,n=30,start_thres=1.25",hub,0.25,100,19,40,1730,37,3,3,1727,0.925,0.0017341040462427,0.925,0.075,7.798609335314143
tfnbs,"e=0.7,h=1.0,n=30,start_thres=1.25",hub,0.25,100,19,40,1730,37,3,3,1727,0.925,0.0017341040462427,0.925,0.075,7.798609335314143
tfnbs,"e=0.7,h=2.0,n=30,start_thres=1.25",hub,0.25,100,19,40,1730,37,3,3,1727,0.925,0.0017341040462427,0.925,0.075,7.798609335314143
tfnbs,"e=0.7,h=3.0,n=30,start_thres=1.25",hub,0.25,100,19,40,1730,37,3,3,1727,0.925,0.0017341040462427,0.925,0.075,7.798609335314143
tfnbs,"e=0.7,h=4.0,n=30,start_thres=1.25",hub,0.25,100,19,40,1730,37,3,3,1727,0.925,0.0017341040462427,0.925,0.075,7.798609335314143
tfnbs,"e=0.7,h=5.0,n=30,start_thres=1.25",hub,0.25,100,19,40,1730,36,2,4,1728,0.9,0.0011560693641618,0.9473684210526316,0.0526315789473684,7.798609335314143
tfnbs,"e=0.7,h=6.0,n=30,start_thres=1.25",hub,0.25,100,19,40,1730,36,2,4,1728,0.9,0.0011560693641618,0.9473684210526316,0.0526315789473684,7.798609335314143
tfnbs,"e=0.7,h=7.0,n=30,start_thres=1.25",hub,0.25,100,19,40,1730,34,0,6,1730,0.85,0.0,1.0,0.0,7.798609335314143
tfnbs,"e=0.7,h=8.0,n=30,start_thres=1.25",hub,0.25,100,19,40,1730,34,0,6,1730,0.85,0.0,1.0,0.0,7.798609335314143
tfnbs,"e=0.7,h=9.0,n=30,start_thres=1.25",hub,0.25,100,19,40,1730,34,0,6,1730,0.85,0.0,1.0,0.0,7.798609335314143
tfnbs,"e=0.7,h=10.0,n=30,start_thres=1.25",hub,0.25,100,19,40,1730,32,0,8,1730,0.8,0.0,1.0,0.0,7.798609335314143
tfnbs,"e=0.8,h=0.5,n=30,start_thres=1.25",hub,0.25,100,19,40,1730,37,3,3,1727,0.925,0.0017341040462427,0.925,0.075,7.798609335314143
tfnbs,"e=0.8,h=1.0,n=30,start_thres=1.25",hub,0.25,100,19,40,1730,37,3,3,1727,0.925,0.0017341040462427,0.925,0.075,7.798609335314143
tfnbs,"e=0.8,h=2.0,n=30,start_thres=1.25",hub,0.25,100,19,40,1730,37,3,3,1727,0.925,0.0017341040462427,0.925,0.075,7.798609335314143
tfnbs,"e=0.8,h=3.0,n=30,start_thres=1.25",hub,0.25,100,19,40,1730,37,3,3,1727,0.925,0.0017341040462427,0.925,0.075,7.798609335314143
tfnbs,"e=0.8,h=4.0,n=30,start_thres=1.25",hub,0.25,100,19,40,1730,37,3,3,1727,0.925,0.0017341040462427,0.925,0.075,7.798609335314143
tfnbs,"e=0.8,h=5.0,n=30,start_thres=1.25",hub,0.25,100,19,40,1730,37,3,3,1727,0.925,0.0017341040462427,0.925,0.075,7.798609335314143
tfnbs,"e=0.8,h=6.0,n=30,start_thres=1.25",hub,0.25,100,19,40,1730,36,2,4,1728,0.9,0.0011560693641618,0.9473684210526316,0.0526315789473684,7.798609335314143
tfnbs,"e=0.8,h=7.0,n=30,start_thres=1.25",hub,0.25,100,19,40,1730,36,2,4,1728,0.9,0.0011560693641618,0.9473684210526316,0.0526315789473684,7.798609335314143
tfnbs,"e=0.8,h=8.0,n=30,start_thres=1.25",hub,0.25,100,19,40,1730,36,2,4,1728,0.9,0.0011560693641618,0.9473684210526316,0.0526315789473684,7.798609335314143
tfnbs,"e=0.8,h=9.0,n=30,start_thres=1.25",hub,0.25,100,19,40,1730,34,0,6,1730,0.85,0.0,1.0,0.0,7.798609335314143
tfnbs,"e=0.8,h=10.0,n=30,start_thres=1.25",hub,0.25,100,19,40,1730,34,0,6,1730,0.85,0.0,1.0,0.0,7.798609335314143
tfnbs,"e=0.9,h=0.5,n=30,start_thres=1.25",hub,0.25,100,19,40,1730,37,3,3,1727,0.925,0.0017341040462427,0.925,0.075,7.798609335314143
tfnbs,"e=0.9,h=1.0,n=30,start_thres=1.25",hub,0.25,100,19,40,1730,37,3,3,1727,0.925,0.0017341040462427,0.925,0.075,7.798609335314143
tfnbs,"e=0.9,h=2.0,n=30,start_thres=1.25",hub,0.25,100,19,40,1730,40,8,0,1722,1.0,0.0046242774566473,0.8333333333333334,0.1666666666666666,7.798609335314143
tfnbs,"e=0.9,h=3.0,n=30,start_thres=1.25",hub,0.25,100,19,40,1730,40,8,0,1722,1.0,0.0046242774566473,0.8333333333333334,0.1666666666666666,7.798609335314143
tfnbs,"e=0.9,h=4.0,n=30,start_thres=1.25",hub,0.25,100,19,40,1730,37,3,3,1727,0.925,0.0017341040462427,0.925,0.075,7.798609335314143
tfnbs,"e=0.9,h=5.0,n=30,start_thres=1.25",hub,0.25,100,19,40,1730,37,3,3,1727,0.925,0.0017341040462427,0.925,0.075,7.798609335314143
tfnbs,"e=0.9,h=6.0,n=30,start_thres=1.25",hub,0.25,100,19,40,1730,37,3,3,1727,0.925,0.0017341040462427,0.925,0.075,7.798609335314143
tfnbs,"e=0.9,h=7.0,n=30,start_thres=1.25",hub,0.25,100,19,40,1730,37,3,3,1727,0.925,0.0017341040462427,0.925,0.075,7.798609335314143
tfnbs,"e=0.9,h=8.0,n=30,start_thres=1.25",hub,0.25,100,19,40,1730,36,2,4,1728,0.9,0.0011560693641618,0.9473684210526316,0.0526315789473684,7.798609335314143
tfnbs,"e=0.9,h=9.0,n=30,start_thres=1.25",hub,0.25,100,19,40,1730,36,2,4,1728,0.9,0.0011560693641618,0.9473684210526316,0.0526315789473684,7.798609335314143
tfnbs,"e=0.9,h=10.0,n=30,start_thres=1.25",hub,0.25,100,19,40,1730,34,0,6,1730,0.85,0.0,1.0,0.0,7.798609335314143
tfnbs,"e=1.0,h=0.5,n=30,start_thres=1.25",hub,0.25,100,19,40,1730,37,3,3,1727,0.925,0.0017341040462427,0.925,0.075,7.798609335314143
tfnbs,"e=1.0,h=1.0,n=30,start_thres=1.25",hub,0.25,100,19,40,1730,40,8,0,1722,1.0,0.0046242774566473,0.8333333333333334,0.1666666666666666,7.798609335314143
tfnbs,"e=1.0,h=2.0,n=30,start_thres=1.25",hub,0.25,100,19,40,1730,40,8,0,1722,1.0,0.0046242774566473,0.8333333333333334,0.1666666666666666,7.798609335314143
tfnbs,"e=1.0,h=3.0,n=30,start_thres=1.25",hub,0.25,100,19,40,1730,40,8,0,1722,1.0,0.0046242774566473,0.8333333333333334,0.1666666666666666,7.798609335314143
tfnbs,"e=1.0,h=4.0,n=30,start_thres=1.25",hub,0.25,100,19,40,1730,40,8,0,1722,1.0,0.0046242774566473,0.8333333333333334,0.1666666666666666,7.798609335314143
tfnbs,"e=1.0,h=5.0,n=30,start_thres=1.25",hub,0.25,100,19,40,1730,37,3,3,1727,0.925,0.0017341040462427,0.925,0.075,7.798609335314143
tfnbs,"e=1.0,h=6.0,n=30,start_thres=1.25",hub,0.25,100,19,40,1730,37,3,3,1727,0.925,0.0017341040462427,0.925,0.075,7.798609335314143
tfnbs,"e=1.0,h=7.0,n=30,start_thres=1.25",hub,0.25,100,19,40,1730,37,3,3,1727,0.925,0.0017341040462427,0.925,0.075,7.798609335314143
tfnbs,"e=1.0,h=8.0,n=30,start_thres=1.25",hub,0.25,100,19,40,1730,37,3,3,1727,0.925,0.0017341040462427,0.925,0.075,7.798609335314143
tfnbs,"e=1.0,h=9.0,n=30,start_thres=1.25",hub,0.25,100,19,40,1730,36,2,4,1728,0.9,0.0011560693641618,0.9473684210526316,0.0526315789473684,7.798609335314143
tfnbs,"e=1.0,h=10.0,n=30,start_thres=1.25",hub,0.25,100,19,40,1730,36,2,4,1728,0.9,0.0011560693641618,0.9473684210526316,0.0526315789473684,7.798609335314143
tfnbs,"e=1.1,h=0.5,n=30,start_thres=1.25",hub,0.25,100,19,40,1730,37,3,3,1727,0.925,0.0017341040462427,0.925,0.075,7.798609335314143
tfnbs,"e=1.1,h=1.0,n=30,start_thres=1.25",hub,0.25,100,19,40,1730,40,8,0,1722,1.0,0.0046242774566473,0.8333333333333334,0.1666666666666666,7.798609335314143
tfnbs,"e=1.1,h=2.0,n=30,start_thres=1.25",hub,0.25,100,19,40,1730,40,8,0,1722,1.0,0.0046242774566473,0.8333333333333334,0.1666666666666666,7.798609335314143
tfnbs,"e=1.1,h=3.0,n=30,start_thres=1.25",hub,0.25,100,19,40,1730,40,8,0,1722,1.0,0.0046242774566473,0.8333333333333334,0.1666666666666666,7.798609335314143
tfnbs,"e=1.1,h=4.0,n=30,start_thres=1.25",hub,0.25,100,19,40,1730,40,8,0,1722,1.0,0.0046242774566473,0.8333333333333334,0.1666666666666666,7.798609335314143
tfnbs,"e=1.1,h=5.0,n=30,start_thres=1.25",hub,0.25,100,19,40,1730,40,8,0,1722,1.0,0.0046242774566473,0.8333333333333334,0.1666666666666666,7.798609335314143
tfnbs,"e=1.1,h=6.0,n=30,start_thres=1.25",hub,0.25,100,19,40,1730,40,8,0,1722,1.0,0.0046242774566473,0.8333333333333334,0.1666666666666666,7.798609335314143
tfnbs,"e=1.1,h=7.0,n=30,start_thres=1.25",hub,0.25,100,19,40,1730,37,3,3,1727,0.925,0.0017341040462427,0.925,0.075,7.798609335314143
tfnbs,"e=1.1,h=8.0,n=30,start_thres=1.25",hub,0.25,100,19,40,1730,37,3,3,1727,0.925,0.0017341040462427,0.925,0.075,7.798609335314143
tfnbs,"e=1.1,h=9.0,n=30,start_thres=1.25",hub,0.25,100,19,40,1730,37,3,3,1727,0.925,0.0017341040462427,0.925,0.075,7.798609335314143
tfnbs,"e=1.1,h=10.0,n=30,start_thres=1.25",hub,0.25,100,19,40,1730,36,2,4,1728,0.9,0.0011560693641618,0.9473684210526316,0.0526315789473684,7.798609335314143
tfnbs,"e=1.2,h=0.5,n=30,start_thres=1.25",hub,0.25,100,19,40,1730,37,3,3,1727,0.925,0.0017341040462427,0.925,0.075,7.798609335314143
tfnbs,"e=1.2,h=1.0,n=30,start_thres=1.25",hub,0.25,100,19,40,1730,40,8,0,1722,1.0,0.0046242774566473,0.8333333333333334,0.1666666666666666,7.798609335314143
tfnbs,"e=1.2,h=2.0,n=30,start_thres=1.25",hub,0.25,100,19,40,1730,40,8,0,1722,1.0,0.0046242774566473,0.8333333333333334,0.1666666666666666,7.798609335314143
tfnbs,"e=1.2,h=3.0,n=30,start_thres=1.25",hub,0.25,100,19,40,1730,40,8,0,1722,1.0,0.0046242774566473,0.8333333333333334,0.1666666666666666,7.798609335314143
tfnbs,"e=1.2,h=4.0,n=30,start_thres=1.25",hub,0.25,100,19,40,1730,40,8,0,1722,1.0,0.0046242774566473,0.8333333333333334,0.1666666666666666,7.798609335314143
tfnbs,"e=1.2,h=5.0,n=30,start_thres=1.25",hub,0.25,100,19,40,1730,40,8,0,1722,1.0,0.0046242774566473,0.8333333333333334,0.1666666666666666,7.798609335314143
tfnbs,"e=1.2,h=6.0,n=30,start_thres=1.25",hub,0.25,100,19,40,1730,40,8,0,1722,1.0,0.0046242774566473,0.8333333333333334,0.1666666666666666,7.798609335314143
tfnbs,"e=1.2,h=7.0,n=30,start_thres=1.25",hub,0.25,100,19,40,1730,40,8,0,1722,1.0,0.0046242774566473,0.8333333333333334,0.1666666666666666,7.798609335314143
tfnbs,"e=1.2,h=8.0,n=30,start_thres=1.25",hub,0.25,100,19,40,1730,37,3,3,1727,0.925,0.0017341040462427,0.925,0.075,7.798609335314143
tfnbs,"e=1.2,h=9.0,n=30,start_thres=1.25",hub,0.25,100,19,40,1730,37,3,3,1727,0.925,0.0017341040462427,0.925,0.075,7.798609335314143
tfnbs,"e=1.2,h=10.0,n=30,start_thres=1.25",hub,0.25,100,19,40,1730,37,3,3,1727,0.925,0.0017341040462427,0.925,0.075,7.798609335314143
tfnbs,"e=1.3,h=0.5,n=30,start_thres=1.25",hub,0.25,100,19,40,1730,37,3,3,1727,0.925,0.0017341040462427,0.925,0.075,7.798609335314143
tfnbs,"e=1.3,h=1.0,n=30,start_thres=1.25",hub,0.25,100,19,40,1730,40,8,0,1722,1.0,0.0046242774566473,0.8333333333333334,0.1666666666666666,7.798609335314143
tfnbs,"e=1.3,h=2.0,n=30,start_thres=1.25",hub,0.25,100,19,40,1730,40,8,0,1722,1.0,0.0046242774566473,0.8333333333333334,0.1666666666666666,7.798609335314143
tfnbs,"e=1.3,h=3.0,n=30,start_thres=1.25",hub,0.25,100,19,40,1730,40,8,0,1722,1.0,0.0046242774566473,0.8333333333333334,0.1666666666666666,7.798609335314143
tfnbs,"e=1.3,h=4.0,n=30,start_thres=1.25",hub,0.25,100,19,40,1730,40,8,0,1722,1.0,0.0046242774566473,0.8333333333333334,0.1666666666666666,7.798609335314143
tfnbs,"e=1.3,h=5.0,n=30,start_thres=1.25",hub,0.25,100,19,40,1730,40,8,0,1722,1.0,0.0046242774566473,0.8333333333333334,0.1666666666666666,7.798609335314143
tfnbs,"e=1.3,h=6.0,n=30,start_thres=1.25",hub,0.25,100,19,40,1730,40,8,0,1722,1.0,0.0046242774566473,0.8333333333333334,0.1666666666666666,7.798609335314143
tfnbs,"e=1.3,h=7.0,n=30,start_thres=1.25",hub,0.25,100,19,40,1730,40,8,0,1722,1.0,0.0046242774566473,0.8333333333333334,0.1666666666666666,7.798609335314143
tfnbs,"e=1.3,h=8.0,n=30,start_thres=1.25",hub,0.25,100,19,40,1730,40,8,0,1722,1.0,0.0046242774566473,0.8333333333333334,0.1666666666666666,7.798609335314143
tfnbs,"e=1.3,h=9.0,n=30,start_thres=1.25",hub,0.25,100,19,40,1730,37,3,3,1727,0.925,0.0017341040462427,0.925,0.075,7.798609335314143
tfnbs,"e=1.3,h=10.0,n=30,start_thres=1.25",hub,0.25,100,19,40,1730,37,3,3,1727,0.925,0.0017341040462427,0.925,0.075,7.798609335314143
tfnbs,"e=1.4,h=0.5,n=30,start_thres=1.25",hub,0.25,100,19,40,1730,37,3,3,1727,0.925,0.0017341040462427,0.925,0.075,7.798609335314143
tfnbs,"e=1.4,h=1.0,n=30,start_thres=1.25",hub,0.25,100,19,40,1730,37,3,3,1727,0.925,0.0017341040462427,0.925,0.075,7.798609335314143
tfnbs,"e=1.4,h=2.0,n=30,start_thres=1.25",hub,0.25,100,19,40,1730,40,8,0,1722,1.0,0.0046242774566473,0.8333333333333334,0.1666666666666666,7.798609335314143
tfnbs,"e=1.4,h=3.0,n=30,start_thres=1.25",hub,0.25,100,19,40,1730,40,8,0,1722,1.0,0.0046242774566473,0.8333333333333334,0.1666666666666666,7.798609335314143
tfnbs,"e=1.4,h=4.0,n=30,start_thres=1.25",hub,0.25,100,19,40,1730,40,8,0,1722,1.0,0.0046242774566473,0.8333333333333334,0.1666666666666666,7.798609335314143
tfnbs,"e=1.4,h=5.0,n=30,start_thres=1.25",hub,0.25,100,19,40,1730,40,8,0,1722,1.0,0.0046242774566473,0.8333333333333334,0.1666666666666666,7.798609335314143
tfnbs,"e=1.4,h=6.0,n=30,start_thres=1.25",hub,0.25,100,19,40,1730,40,8,0,1722,1.0,0.0046242774566473,0.8333333333333334,0.1666666666666666,7.798609335314143
tfnbs,"e=1.4,h=7.0,n=30,start_thres=1.25",hub,0.25,100,19,40,1730,40,8,0,1722,1.0,0.0046242774566473,0.8333333333333334,0.1666666666666666,7.798609335314143
tfnbs,"e=1.4,h=8.0,n=30,start_thres=1.25",hub,0.25,100,19,40,1730,40,8,0,1722,1.0,0.0046242774566473,0.8333333333333334,0.1666666666666666,7.798609335314143
tfnbs,"e=1.4,h=9.0,n=30,start_thres=1.25",hub,0.25,100,19,40,1730,40,8,0,1722,1.0,0.0046242774566473,0.8333333333333334,0.1666666666666666,7.798609335314143
tfnbs,"e=1.4,h=10.0,n=30,start_thres=1.25",hub,0.25,100,19,40,1730,37,3,3,1727,0.925,0.0017341040462427,0.925,0.075,7.798609335314143
tfnbs,"e=1.5,h=0.5,n=30,start_thres=1.25",hub,0.25,100,19,40,1730,37,3,3,1727,0.925,0.0017341040462427,0.925,0.075,7.798609335314143
tfnbs,"e=1.5,h=1.0,n=30,start_thres=1.25",hub,0.25,100,19,40,1730,37,3,3,1727,0.925,0.0017341040462427,0.925,0.075,7.798609335314143
tfnbs,"e=1.5,h=2.0,n=30,start_thres=1.25",hub,0.25,100,19,40,1730,40,8,0,1722,1.0,0.0046242774566473,0.8333333333333334,0.1666666666666666,7.798609335314143
tfnbs,"e=1.5,h=3.0,n=30,start_thres=1.25",hub,0.25,100,19,40,1730,40,8,0,1722,1.0,0.0046242774566473,0.8333333333333334,0.1666666666666666,7.798609335314143
tfnbs,"e=1.5,h=4.0,n=30,start_thres=1.25",hub,0.25,100,19,40,1730,40,8,0,1722,1.0,0.0046242774566473,0.8333333333333334,0.1666666666666666,7.798609335314143
tfnbs,"e=1.5,h=5.0,n=30,start_thres=1.25",hub,0.25,100,19,40,1730,40,8,0,1722,1.0,0.0046242774566473,0.8333333333333334,0.1666666666666666,7.798609335314143
tfnbs,"e=1.5,h=6.0,n=30,start_thres=1.25",hub,0.25,100,19,40,1730,40,8,0,1722,1.0,0.0046242774566473,0.8333333333333334,0.1666666666666666,7.798609335314143
tfnbs,"e=1.5,h=7.0,n=30,start_thres=1.25",hub,0.25,100,19,40,1730,40,8,0,1722,1.0,0.0046242774566473,0.8333333333333334,0.1666666666666666,7.798609335314143
tfnbs,"e=1.5,h=8.0,n=30,start_thres=1.25",hub,0.25,100,19,40,1730,40,8,0,1722,1.0,0.0046242774566473,0.8333333333333334,0.1666666666666666,7.798609335314143
tfnbs,"e=1.5,h=9.0,n=30,start_thres=1.25",hub,0.25,100,19,40,1730,40,8,0,1722,1.0,0.0046242774566473,0.8333333333333334,0.1666666666666666,7.798609335314143
tfnbs,"e=1.5,h=10.0,n=30,start_thres=1.25",hub,0.25,100,19,40,1730,40,8,0,1722,1.0,0.0046242774566473,0.8333333333333334,0.1666666666666666,7.798609335314143
nbs_extent,threshold=1.0,hub,0.25,100,16,40,1730,0,0,40,1730,0.0,0.0,0.0,0.0,23.73877477645874
nbs_extent,threshold=1.0,hub,0.25,100,17,40,1730,0,0,40,1730,0.0,0.0,0.0,0.0,23.865060329437256
nbs_extent,threshold=1.0,hub,0.25,100,19,40,1730,0,0,40,1730,0.0,0.0,0.0,0.0,23.25444388389588
nbs_extent,threshold=1.0,hub,0.25,100,18,40,1730,0,0,40,1730,0.0,0.0,0.0,0.0,24.63174867630005
nbs_extent,threshold=1.0,hub,0.25,100,20,40,1730,40,372,0,1358,1.0,0.215028901734104,0.0970873786407767,0.9029126213592232,23.973266124725345
nbs_extent,threshold=1.0,hub,0.25,100,21,40,1730,0,0,40,1730,0.0,0.0,0.0,0.0,23.32173204421997
tfnbs,"e=0.05,h=0.5,n=30,start_thres=1.25",hub,0.25,100,21,40,1730,35,0,5,1730,0.875,0.0,1.0,0.0,7.827799001877958
tfnbs,"e=0.05,h=1.0,n=30,start_thres=1.25",hub,0.25,100,21,40,1730,35,0,5,1730,0.875,0.0,1.0,0.0,7.827799001877958
tfnbs,"e=0.05,h=2.0,n=30,start_thres=1.25",hub,0.25,100,21,40,1730,35,0,5,1730,0.875,0.0,1.0,0.0,7.827799001877958
tfnbs,"e=0.05,h=3.0,n=30,start_thres=1.25",hub,0.25,100,21,40,1730,35,0,5,1730,0.875,0.0,1.0,0.0,7.827799001877958
tfnbs,"e=0.05,h=4.0,n=30,start_thres=1.25",hub,0.25,100,21,40,1730,34,0,6,1730,0.85,0.0,1.0,0.0,7.827799001877958
tfnbs,"e=0.05,h=5.0,n=30,start_thres=1.25",hub,0.25,100,21,40,1730,34,0,6,1730,0.85,0.0,1.0,0.0,7.827799001877958
tfnbs,"e=0.05,h=6.0,n=30,start_thres=1.25",hub,0.25,100,21,40,1730,34,0,6,1730,0.85,0.0,1.0,0.0,7.827799001877958
tfnbs,"e=0.05,h=7.0,n=30,start_thres=1.25",hub,0.25,100,21,40,1730,34,0,6,1730,0.85,0.0,1.0,0.0,7.827799001877958
tfnbs,"e=0.05,h=8.0,n=30,start_thres=1.25",hub,0.25,100,21,40,1730,34,0,6,1730,0.85,0.0,1.0,0.0,7.827799001877958
tfnbs,"e=0.05,h=9.0,n=30,start_thres=1.25",hub,0.25,100,21,40,1730,34,0,6,1730,0.85,0.0,1.0,0.0,7.827799001877958
tfnbs,"e=0.05,h=10.0,n=30,start_thres=1.25",hub,0.25,100,21,40,1730,34,0,6,1730,0.85,0.0,1.0,0.0,7.827799001877958
tfnbs,"e=0.1,h=0.5,n=30,start_thres=1.25",hub,0.25,100,21,40,1730,37,0,3,1730,0.925,0.0,1.0,0.0,7.827799001877958
tfnbs,"e=0.1,h=1.0,n=30,start_thres=1.25",hub,0.25,100,21,40,1730,37,0,3,1730,0.925,0.0,1.0,0.0,7.827799001877958
tfnbs,"e=0.1,h=2.0,n=30,start_thres=1.25",hub,0.25,100,21,40,1730,35,0,5,1730,0.875,0.0,1.0,0.0,7.827799001877958
tfnbs,"e=0.1,h=3.0,n=30,start_thres=1.25",hub,0.25,100,21,40,1730,35,0,5,1730,0.875,0.0,1.0,0.0,7.827799001877958
tfnbs,"e=0.1,h=4.0,n=30,start_thres=1.25",hub,0.25,100,21,40,1730,35,0,5,1730,0.875,0.0,1.0,0.0,7.827799001877958
tfnbs,"e=0.1,h=5.0,n=30,start_thres=1.25",hub,0.25,100,21,40,1730,35,0,5,1730,0.875,0.0,1.0,0.0,7.827799001877958
tfnbs,"e=0.1,h=6.0,n=30,start_thres=1.25",hub,0.25,100,21,40,1730,35,0,5,1730,0.875,0.0,1.0,0.0,7.827799001877958
tfnbs,"e=0.1,h=7.0,n=30,start_thres=1.25",hub,0.25,100,21,40,1730,35,0,5,1730,0.875,0.0,1.0,0.0,7.827799001877958
tfnbs,"e=0.1,h=8.0,n=30,start_thres=1.25",hub,0.25,100,21,40,1730,35,0,5,1730,0.875,0.0,1.0,0.0,7.827799001877958
tfnbs,"e=0.1,h=9.0,n=30,start_thres=1.25",hub,0.25,100,21,40,1730,35,0,5,1730,0.875,0.0,1.0,0.0,7.827799001877958
tfnbs,"e=0.1,h=10.0,n=30,start_thres=1.25",hub,0.25,100,21,40,1730,34,0,6,1730,0.85,0.0,1.0,0.0,7.827799001877958
tfnbs,"e=0.2,h=0.5,n=30,start_thres=1.25",hub,0.25,100,21,40,1730,38,1,2,1729,0.95,0.0005780346820809,0.9743589743589745,0.0256410256410256,7.827799001877958
tfnbs,"e=0.2,h=1.0,n=30,start_thres=1.25",hub,0.25,100,21,40,1730,38,1,2,1729,0.95,0.0005780346820809,0.9743589743589745,0.0256410256410256,7.827799001877958
tfnbs,"e=0.2,h=2.0,n=30,start_thres=1.25",hub,0.25,100,21,40,1730,38,1,2,1729,0.95,0.0005780346820809,0.9743589743589745,0.0256410256410256,7.827799001877958
tfnbs,"e=0.2,h=3.0,n=30,start_thres=1.25",hub,0.25,100,21,40,1730,37,0,3,1730,0.925,0.0,1.0,0.0,7.827799001877958
tfnbs,"e=0.2,h=4.0,n=30,start_thres=1.25",hub,0.25,100,21,40,1730,37,0,3,1730,0.925,0.0,1.0,0.0,7.827799001877958
tfnbs,"e=0.2,h=5.0,n=30,start_thres=1.25",hub,0.25,100,21,40,1730,37,0,3,1730,0.925,0.0,1.0,0.0,7.827799001877958
tfnbs,"e=0.2,h=6.0,n=30,start_thres=1.25",hub,0.25,100,21,40,1730,37,0,3,1730,0.925,0.0,1.0,0.0,7.827799001877958
tfnbs,"e=0.2,h=7.0,n=30,start_thres=1.25",hub,0.25,100,21,40,1730,35,0,5,1730,0.875,0.0,1.0,0.0,7.827799001877958
tfnbs,"e=0.2,h=8.0,n=30,start_thres=1.25",hub,0.25,100,21,40,1730,35,0,5,1730,0.875,0.0,1.0,0.0,7.827799001877958
tfnbs,"e=0.2,h=9.0,n=30,start_thres=1.25",hub,0.25,100,21,40,1730,35,0,5,1730,0.875,0.0,1.0,0.0,7.827799001877958
tfnbs,"e=0.2,h=10.0,n=30,start_thres=1.25",hub,0.25,100,21,40,1730,35,0,5,1730,0.875,0.0,1.0,0.0,7.827799001877958
tfnbs,"e=0.3,h=0.5,n=30,start_thres=1.25",hub,0.25,100,21,40,1730,39,1,1,1729,0.975,0.0005780346820809,0.975,0.025,7.827799001877958
tfnbs,"e=0.3,h=1.0,n=30,start_thres=1.25",hub,0.25,100,21,40,1730,39,1,1,1729,0.975,0.0005780346820809,0.975,0.025,7.827799001877958
tfnbs,"e=0.3,h=2.0,n=30,start_thres=1.25",hub,0.25,100,21,40,1730,39,1,1,1729,0.975,0.0005780346820809,0.975,0.025,7.827799001877958
tfnbs,"e=0.3,h=3.0,n=30,start_thres=1.25",hub,0.25,100,21,40,1730,38,1,2,1729,0.95,0.0005780346820809,0.9743589743589745,0.0256410256410256,7.827799001877958
tfnbs,"e=0.3,h=4.0,n=30,start_thres=1.25",hub,0.25,100,21,40,1730,38,1,2,1729,0.95,0.0005780346820809,0.9743589743589745,0.0256410256410256,7.827799001877958
tfnbs,"e=0.3,h=5.0,n=30,start_thres=1.25",hub,0.25,100,21,40,1730,38,1,2,1729,0.95,0.0005780346820809,0.9743589743589745,0.0256410256410256,7.827799001877958
tfnbs,"e=0.3,h=6.0,n=30,start_thres=1.25",hub,0.25,100,21,40,1730,37,0,3,1730,0.925,0.0,1.0,0.0,7.827799001877958
tfnbs,"e=0.3,h=7.0,n=30,start_thres=1.25",hub,0.25,100,21,40,1730,37,0,3,1730,0.925,0.0,1.0,0.0,7.827799001877958
tfnbs,"e=0.3,h=8.0,n=30,start_thres=1.25",hub,0.25,100,21,40,1730,37,0,3,1730,0.925,0.0,1.0,0.0,7.827799001877958
tfnbs,"e=0.3,h=9.0,n=30,start_thres=1.25",hub,0.25,100,21,40,1730,37,0,3,1730,0.925,0.0,1.0,0.0,7.827799001877958
tfnbs,"e=0.3,h=10.0,n=30,start_thres=1.25",hub,0.25,100,21,40,1730,37,0,3,1730,0.925,0.0,1.0,0.0,7.827799001877958
tfnbs,"e=0.4,h=0.5,n=30,start_thres=1.25",hub,0.25,100,21,40,1730,40,2,0,1728,1.0,0.0011560693641618,0.9523809523809524,0.0476190476190476,7.827799001877958
tfnbs,"e=0.4,h=1.0,n=30,start_thres=1.25",hub,0.25,100,21,40,1730,40,2,0,1728,1.0,0.0011560693641618,0.9523809523809524,0.0476190476190476,7.827799001877958
tfnbs,"e=0.4,h=2.0,n=30,start_thres=1.25",hub,0.25,100,21,40,1730,40,2,0,1728,1.0,0.0011560693641618,0.9523809523809524,0.0476190476190476,7.827799001877958
tfnbs,"e=0.4,h=3.0,n=30,start_thres=1.25",hub,0.25,100,21,40,1730,39,1,1,1729,0.975,0.0005780346820809,0.975,0.025,7.827799001877958
tfnbs,"e=0.4,h=4.0,n=30,start_thres=1.25",hub,0.25,100,21,40,1730,39,1,1,1729,0.975,0.0005780346820809,0.975,0.025,7.827799001877958
tfnbs,"e=0.4,h=5.0,n=30,start_thres=1.25",hub,0.25,100,21,40,1730,39,1,1,1729,0.975,0.0005780346820809,0.975,0.025,7.827799001877958
tfnbs,"e=0.4,h=6.0,n=30,start_thres=1.25",hub,0.25,100,21,40,1730,38,1,2,1729,0.95,0.0005780346820809,0.9743589743589745,0.0256410256410256,7.827799001877958
tfnbs,"e=0.4,h=7.0,n=30,start_thres=1.25",hub,0.25,100,21,40,1730,38,1,2,1729,0.95,0.0005780346820809,0.9743589743589745,0.0256410256410256,7.827799001877958
tfnbs,"e=0.4,h=8.0,n=30,start_thres=1.25",hub,0.25,100,21,40,1730,38,1,2,1729,0.95,0.0005780346820809,0.9743589743589745,0.0256410256410256,7.827799001877958
tfnbs,"e=0.4,h=9.0,n=30,start_thres=1.25",hub,0.25,100,21,40,1730,37,0,3,1730,0.925,0.0,1.0,0.0,7.827799001877958
tfnbs,"e=0.4,h=10.0,n=30,start_thres=1.25",hub,0.25,100,21,40,1730,37,0,3,1730,0.925,0.0,1.0,0.0,7.827799001877958
tfnbs,"e=0.5,h=0.5,n=30,start_thres=1.25",hub,0.25,100,21,40,1730,40,3,0,1727,1.0,0.0017341040462427,0.9302325581395348,0.0697674418604651,7.827799001877958
tfnbs,"e=0.5,h=1.0,n=30,start_thres=1.25",hub,0.25,100,21,40,1730,40,3,0,1727,1.0,0.0017341040462427,0.9302325581395348,0.0697674418604651,7.827799001877958
tfnbs,"e=0.5,h=2.0,n=30,start_thres=1.25",hub,0.25,100,21,40,1730,40,3,0,1727,1.0,0.0017341040462427,0.9302325581395348,0.0697674418604651,7.827799001877958
tfnbs,"e=0.5,h=3.0,n=30,start_thres=1.25",hub,0.25,100,21,40,1730,40,2,0,1728,1.0,0.0011560693641618,0.9523809523809524,0.0476190476190476,7.827799001877958
tfnbs,"e=0.5,h=4.0,n=30,start_thres=1.25",hub,0.25,100,21,40,1730,40,2,0,1728,1.0,0.0011560693641618,0.9523809523809524,0.0476190476190476,7.827799001877958
tfnbs,"e=0.5,h=5.0,n=30,start_thres=1.25",hub,0.25,100,21,40,1730,39,1,1,1729,0.975,0.0005780346820809,0.975,0.025,7.827799001877958
tfnbs,"e=0.5,h=6.0,n=30,start_thres=1.25",hub,0.25,100,21,40,1730,39,1,1,1729,0.975,0.0005780346820809,0.975,0.025,7.827799001877958
tfnbs,"e=0.5,h=7.0,n=30,start_thres=1.25",hub,0.25,100,21,40,1730,39,1,1,1729,0.975,0.0005780346820809,0.975,0.025,7.827799001877958
tfnbs,"e=0.5,h=8.0,n=30,start_thres=1.25",hub,0.25,100,21,40,1730,38,1,2,1729,0.95,0.0005780346820809,0.9743589743589745,0.0256410256410256,7.827799001877958
tfnbs,"e=0.5,h=9.0,n=30,start_thres=1.25",hub,0.25,100,21,40,1730,38,1,2,1729,0.95,0.0005780346820809,0.9743589743589745,0.0256410256410256,7.827799001877958
tfnbs,"e=0.5,h=10.0,n=30,start_thres=1.25",hub,0.25,100,21,40,1730,38,1,2,1729,0.95,0.0005780346820809,0.9743589743589745,0.0256410256410256,7.827799001877958
tfnbs,"e=0.6,h=0.5,n=30,start_thres=1.25",hub,0.25,100,21,40,1730,40,3,0,1727,1.0,0.0017341040462427,0.9302325581395348,0.0697674418604651,7.827799001877958
tfnbs,"e=0.6,h=1.0,n=30,start_thres=1.25",hub,0.25,100,21,40,1730,40,3,0,1727,1.0,0.0017341040462427,0.9302325581395348,0.0697674418604651,7.827799001877958
tfnbs,"e=0.6,h=2.0,n=30,start_thres=1.25",hub,0.25,100,21,40,1730,40,3,0,1727,1.0,0.0017341040462427,0.9302325581395348,0.0697674418604651,7.827799001877958
tfnbs,"e=0.6,h=3.0,n=30,start_thres=1.25",hub,0.25,100,21,40,1730,40,3,0,1727,1.0,0.0017341040462427,0.9302325581395348,0.0697674418604651,7.827799001877958
tfnbs,"e=0.6,h=4.0,n=30,start_thres=1.25",hub,0.25,100,21,40,1730,40,2,0,1728,1.0,0.0011560693641618,0.9523809523809524,0.0476190476190476,7.827799001877958
tfnbs,"e=0.6,h=5.0,n=30,start_thres=1.25",hub,0.25,100,21,40,1730,40,2,0,1728,1.0,0.0011560693641618,0.9523809523809524,0.0476190476190476,7.827799001877958
tfnbs,"e=0.6,h=6.0,n=30,start_thres=1.25",hub,0.25,100,21,40,1730,40,2,0,1728,1.0,0.0011560693641618,0.9523809523809524,0.0476190476190476,7.827799001877958
tfnbs,"e=0.6,h=7.0,n=30,start_thres=1.25",hub,0.25,100,21,40,1730,39,1,1,1729,0.975,0.0005780346820809,0.975,0.025,7.827799001877958
tfnbs,"e=0.6,h=8.0,n=30,start_thres=1.25",hub,0.25,100,21,40,1730,39,1,1,1729,0.975,0.0005780346820809,0.975,0.025,7.827799001877958
tfnbs,"e=0.6,h=9.0,n=30,start_thres=1.25",hub,0.25,100,21,40,1730,38,1,2,1729,0.95,0.0005780346820809,0.9743589743589745,0.0256410256410256,7.827799001877958
tfnbs,"e=0.6,h=10.0,n=30,start_thres=1.25",hub,0.25,100,21,40,1730,38,1,2,1729,0.95,0.0005780346820809,0.9743589743589745,0.0256410256410256,7.827799001877958
tfnbs,"e=0.7,h=0.5,n=30,start_thres=1.25",hub,0.25,100,21,40,1730,40,10,0,1720,1.0,0.0057803468208092,0.8,0.2,7.827799001877958
tfnbs,"e=0.7,h=1.0,n=30,start_thres=1.25",hub,0.25,100,21,40,1730,40,10,0,1720,1.0,0.0057803468208092,0.8,0.2,7.827799001877958
tfnbs,"e=0.7,h=2.0,n=30,start_thres=1.25",hub,0.25,100,21,40,1730,40,10,0,1720,1.0,0.0057803468208092,0.8,0.2,7.827799001877958
tfnbs,"e=0.7,h=3.0,n=30,start_thres=1.25",hub,0.25,100,21,40,1730,40,3,0,1727,1.0,0.0017341040462427,0.9302325581395348,0.0697674418604651,7.827799001877958
tfnbs,"e=0.7,h=4.0,n=30,start_thres=1.25",hub,0.25,100,21,40,1730,40,3,0,1727,1.0,0.0017341040462427,0.9302325581395348,0.0697674418604651,7.827799001877958
tfnbs,"e=0.7,h=5.0,n=30,start_thres=1.25",hub,0.25,100,21,40,1730,40,3,0,1727,1.0,0.0017341040462427,0.9302325581395348,0.0697674418604651,7.827799001877958
tfnbs,"e=0.7,h=6.0,n=30,start_thres=1.25",hub,0.25,100,21,40,1730,40,2,0,1728,1.0,0.0011560693641618,0.9523809523809524,0.0476190476190476,7.827799001877958
tfnbs,"e=0.7,h=7.0,n=30,start_thres=1.25",hub,0.25,100,21,40,1730,40,2,0,1728,1.0,0.0011560693641618,0.9523809523809524,0.0476190476190476,7.827799001877958
tfnbs,"e=0.7,h=8.0,n=30,start_thres=1.25",hub,0.25,100,21,40,1730,39,1,1,1729,0.975,0.0005780346820809,0.975,0.025,7.827799001877958
tfnbs,"e=0.7,h=9.0,n=30,start_thres=1.25",hub,0.25,100,21,40,1730,39,1,1,1729,0.975,0.0005780346820809,0.975,0.025,7.827799001877958
tfnbs,"e=0.7,h=10.0,n=30,start_thres=1.25",hub,0.25,100,21,40,1730,39,1,1,1729,0.975,0.0005780346820809,0.975,0.025,7.827799001877958
tfnbs,"e=0.8,h=0.5,n=30,start_thres=1.25",hub,0.25,100,21,40,1730,40,10,0,1720,1.0,0.0057803468208092,0.8,0.2,7.827799001877958
tfnbs,"e=0.8,h=1.0,n=30,start_thres=1.25",hub,0.25,100,21,40,1730,40,10,0,1720,1.0,0.0057803468208092,0.8,0.2,7.827799001877958
tfnbs,"e=0.8,h=2.0,n=30,start_thres=1.25",hub,0.25,100,21,40,1730,40,10,0,1720,1.0,0.0057803468208092,0.8,0.2,7.827799001877958
tfnbs,"e=0.8,h=3.0,n=30,start_thres=1.25",hub,0.25,100,21,40,1730,40,10,0,1720,1.0,0.0057803468208092,0.8,0.2,7.827799001877958
tfnbs,"e=0.8,h=4.0,n=30,start_thres=1.25",hub,0.25,100,21,40,1730,40,3,0,1727,1.0,0.0017341040462427,0.9302325581395348,0.0697674418604651,7.827799001877958
tfnbs,"e=0.8,h=5.0,n=30,start_thres=1.25",hub,0.25,100,21,40,1730,40,3,0,1727,1.0,0.0017341040462427,0.9302325581395348,0.0697674418604651,7.827799001877958
tfnbs,"e=0.8,h=6.0,n=30,start_thres=1.25",hub,0.25,100,21,40,1730,40,3,0,1727,1.0,0.0017341040462427,0.9302325581395348,0.0697674418604651,7.827799001877958
tfnbs,"e=0.8,h=7.0,n=30,start_thres=1.25",hub,0.25,100,21,40,1730,40,2,0,1728,1.0,0.0011560693641618,0.9523809523809524,0.0476190476190476,7.827799001877958
tfnbs,"e=0.8,h=8.0,n=30,start_thres=1.25",hub,0.25,100,21,40,1730,40,2,0,1728,1.0,0.0011560693641618,0.9523809523809524,0.0476190476190476,7.827799001877958
tfnbs,"e=0.8,h=9.0,n=30,start_thres=1.25",hub,0.25,100,21,40,1730,39,1,1,1729,0.975,0.0005780346820809,0.975,0.025,7.827799001877958
tfnbs,"e=0.8,h=10.0,n=30,start_thres=1.25",hub,0.25,100,21,40,1730,39,1,1,1729,0.975,0.0005780346820809,0.975,0.025,7.827799001877958
tfnbs,"e=0.9,h=0.5,n=30,start_thres=1.25",hub,0.25,100,21,40,1730,40,10,0,1720,1.0,0.0057803468208092,0.8,0.2,7.827799001877958
tfnbs,"e=0.9,h=1.0,n=30,start_thres=1.25",hub,0.25,100,21,40,1730,40,10,0,1720,1.0,0.0057803468208092,0.8,0.2,7.827799001877958
tfnbs,"e=0.9,h=2.0,n=30,start_thres=1.25",hub,0.25,100,21,40,1730,40,10,0,1720,1.0,0.0057803468208092,0.8,0.2,7.827799001877958
tfnbs,"e=0.9,h=3.0,n=30,start_thres=1.25",hub,0.25,100,21,40,1730,40,10,0,1720,1.0,0.0057803468208092,0.8,0.2,7.827799001877958
tfnbs,"e=0.9,h=4.0,n=30,start_thres=1.25",hub,0.25,100,21,40,1730,40,10,0,1720,1.0,0.0057803468208092,0.8,0.2,7.827799001877958
tfnbs,"e=0.9,h=5.0,n=30,start_thres=1.25",hub,0.25,100,21,40,1730,40,10,0,1720,1.0,0.0057803468208092,0.8,0.2,7.827799001877958
tfnbs,"e=0.9,h=6.0,n=30,start_thres=1.25",hub,0.25,100,21,40,1730,40,3,0,1727,1.0,0.0017341040462427,0.9302325581395348,0.0697674418604651,7.827799001877958
tfnbs,"e=0.9,h=7.0,n=30,start_thres=1.25",hub,0.25,100,21,40,1730,40,3,0,1727,1.0,0.0017341040462427,0.9302325581395348,0.0697674418604651,7.827799001877958
tfnbs,"e=0.9,h=8.0,n=30,start_thres=1.25",hub,0.25,100,21,40,1730,40,2,0,1728,1.0,0.0011560693641618,0.9523809523809524,0.0476190476190476,7.827799001877958
tfnbs,"e=0.9,h=9.0,n=30,start_thres=1.25",hub,0.25,100,21,40,1730,40,2,0,1728,1.0,0.0011560693641618,0.9523809523809524,0.0476190476190476,7.827799001877958
tfnbs,"e=0.9,h=10.0,n=30,start_thres=1.25",hub,0.25,100,21,40,1730,40,2,0,1728,1.0,0.0011560693641618,0.9523809523809524,0.0476190476190476,7.827799001877958
tfnbs,"e=1.0,h=0.5,n=30,start_thres=1.25",hub,0.25,100,21,40,1730,40,10,0,1720,1.0,0.0057803468208092,0.8,0.2,7.827799001877958
tfnbs,"e=1.0,h=1.0,n=30,start_thres=1.25",hub,0.25,100,21,40,1730,40,10,0,1720,1.0,0.0057803468208092,0.8,0.2,7.827799001877958
tfnbs,"e=1.0,h=2.0,n=30,start_thres=1.25",hub,0.25,100,21,40,1730,40,10,0,1720,1.0,0.0057803468208092,0.8,0.2,7.827799001877958
tfnbs,"e=1.0,h=3.0,n=30,start_thres=1.25",hub,0.25,100,21,40,1730,40,10,0,1720,1.0,0.0057803468208092,0.8,0.2,7.827799001877958
tfnbs,"e=1.0,h=4.0,n=30,start_thres=1.25",hub,0.25,100,21,40,1730,40,10,0,1720,1.0,0.0057803468208092,0.8,0.2,7.827799001877958
tfnbs,"e=1.0,h=5.0,n=30,start_thres=1.25",hub,0.25,100,21,40,1730,40,10,0,1720,1.0,0.0057803468208092,0.8,0.2,7.827799001877958
tfnbs,"e=1.0,h=6.0,n=30,start_thres=1.25",hub,0.25,100,21,40,1730,40,10,0,1720,1.0,0.0057803468208092,0.8,0.2,7.827799001877958
tfnbs,"e=1.0,h=7.0,n=30,start_thres=1.25",hub,0.25,100,21,40,1730,40,3,0,1727,1.0,0.0017341040462427,0.9302325581395348,0.0697674418604651,7.827799001877958
tfnbs,"e=1.0,h=8.0,n=30,start_thres=1.25",hub,0.25,100,21,40,1730,40,3,0,1727,1.0,0.0017341040462427,0.9302325581395348,0.0697674418604651,7.827799001877958
tfnbs,"e=1.0,h=9.0,n=30,start_thres=1.25",hub,0.25,100,21,40,1730,40,2,0,1728,1.0,0.0011560693641618,0.9523809523809524,0.0476190476190476,7.827799001877958
tfnbs,"e=1.0,h=10.0,n=30,start_thres=1.25",hub,0.25,100,21,40,1730,40,2,0,1728,1.0,0.0011560693641618,0.9523809523809524,0.0476190476190476,7.827799001877958
tfnbs,"e=1.1,h=0.5,n=30,start_thres=1.25",hub,0.25,100,21,40,1730,40,10,0,1720,1.0,0.0057803468208092,0.8,0.2,7.827799001877958
tfnbs,"e=1.1,h=1.0,n=30,start_thres=1.25",hub,0.25,100,21,40,1730,40,11,0,1719,1.0,0.0063583815028901,0.7843137254901961,0.2156862745098039,7.827799001877958
tfnbs,"e=1.1,h=2.0,n=30,start_thres=1.25",hub,0.25,100,21,40,1730,40,22,0,1708,1.0,0.0127167630057803,0.6451612903225806,0.3548387096774194,7.827799001877958
tfnbs,"e=1.1,h=3.0,n=30,start_thres=1.25",hub,0.25,100,21,40,1730,40,11,0,1719,1.0,0.0063583815028901,0.7843137254901961,0.2156862745098039,7.827799001877958
tfnbs,"e=1.1,h=4.0,n=30,start_thres=1.25",hub,0.25,100,21,40,1730,40,11,0,1719,1.0,0.0063583815028901,0.7843137254901961,0.2156862745098039,7.827799001877958
tfnbs,"e=1.1,h=5.0,n=30,start_thres=1.25",hub,0.25,100,21,40,1730,40,10,0,1720,1.0,0.0057803468208092,0.8,0.2,7.827799001877958
tfnbs,"e=1.1,h=6.0,n=30,start_thres=1.25",hub,0.25,100,21,40,1730,40,10,0,1720,1.0,0.0057803468208092,0.8,0.2,7.827799001877958
tfnbs,"e=1.1,h=7.0,n=30,start_thres=1.25",hub,0.25,100,21,40,1730,40,10,0,1720,1.0,0.0057803468208092,0.8,0.2,7.827799001877958
tfnbs,"e=1.1,h=8.0,n=30,start_thres=1.25",hub,0.25,100,21,40,1730,40,3,0,1727,1.0,0.0017341040462427,0.9302325581395348,0.0697674418604651,7.827799001877958
tfnbs,"e=1.1,h=9.0,n=30,start_thres=1.25",hub,0.25,100,21,40,1730,40,3,0,1727,1.0,0.0017341040462427,0.9302325581395348,0.0697674418604651,7.827799001877958
tfnbs,"e=1.1,h=10.0,n=30,start_thres=1.25",hub,0.25,100,21,40,1730,40,3,0,1727,1.0,0.0017341040462427,0.9302325581395348,0.0697674418604651,7.827799001877958
tfnbs,"e=1.2,h=0.5,n=30,start_thres=1.25",hub,0.25,100,21,40,1730,40,11,0,1719,1.0,0.0063583815028901,0.7843137254901961,0.2156862745098039,7.827799001877958
tfnbs,"e=1.2,h=1.0,n=30,start_thres=1.25",hub,0.25,100,21,40,1730,40,22,0,1708,1.0,0.0127167630057803,0.6451612903225806,0.3548387096774194,7.827799001877958
tfnbs,"e=1.2,h=2.0,n=30,start_thres=1.25",hub,0.25,100,21,40,1730,40,22,0,1708,1.0,0.0127167630057803,0.6451612903225806,0.3548387096774194,7.827799001877958
tfnbs,"e=1.2,h=3.0,n=30,start_thres=1.25",hub,0.25,100,21,40,1730,40,22,0,1708,1.0,0.0127167630057803,0.6451612903225806,0.3548387096774194,7.827799001877958
tfnbs,"e=1.2,h=4.0,n=30,start_thres=1.25",hub,0.25,100,21,40,1730,40,22,0,1708,1.0,0.0127167630057803,0.6451612903225806,0.3548387096774194,7.827799001877958
tfnbs,"e=1.2,h=5.0,n=30,start_thres=1.25",hub,0.25,100,21,40,1730,40,11,0,1719,1.0,0.0063583815028901,0.7843137254901961,0.2156862745098039,7.827799001877958
tfnbs,"e=1.2,h=6.0,n=30,start_thres=1.25",hub,0.25,100,21,40,1730,40,10,0,1720,1.0,0.0057803468208092,0.8,0.2,7.827799001877958
tfnbs,"e=1.2,h=7.0,n=30,start_thres=1.25",hub,0.25,100,21,40,1730,40,10,0,1720,1.0,0.0057803468208092,0.8,0.2,7.827799001877958
tfnbs,"e=1.2,h=8.0,n=30,start_thres=1.25",hub,0.25,100,21,40,1730,40,10,0,1720,1.0,0.0057803468208092,0.8,0.2,7.827799001877958
tfnbs,"e=1.2,h=9.0,n=30,start_thres=1.25",hub,0.25,100,21,40,1730,40,3,0,1727,1.0,0.0017341040462427,0.9302325581395348,0.0697674418604651,7.827799001877958
tfnbs,"e=1.2,h=10.0,n=30,start_thres=1.25",hub,0.25,100,21,40,1730,40,3,0,1727,1.0,0.0017341040462427,0.9302325581395348,0.0697674418604651,7.827799001877958
tfnbs,"e=1.3,h=0.5,n=30,start_thres=1.25",hub,0.25,100,21,40,1730,40,22,0,1708,1.0,0.0127167630057803,0.6451612903225806,0.3548387096774194,7.827799001877958
tfnbs,"e=1.3,h=1.0,n=30,start_thres=1.25",hub,0.25,100,21,40,1730,40,22,0,1708,1.0,0.0127167630057803,0.6451612903225806,0.3548387096774194,7.827799001877958
tfnbs,"e=1.3,h=2.0,n=30,start_thres=1.25",hub,0.25,100,21,40,1730,40,22,0,1708,1.0,0.0127167630057803,0.6451612903225806,0.3548387096774194,7.827799001877958
tfnbs,"e=1.3,h=3.0,n=30,start_thres=1.25",hub,0.25,100,21,40,1730,40,22,0,1708,1.0,0.0127167630057803,0.6451612903225806,0.3548387096774194,7.827799001877958
tfnbs,"e=1.3,h=4.0,n=30,start_thres=1.25",hub,0.25,100,21,40,1730,40,22,0,1708,1.0,0.0127167630057803,0.6451612903225806,0.3548387096774194,7.827799001877958
tfnbs,"e=1.3,h=5.0,n=30,start_thres=1.25",hub,0.25,100,21,40,1730,40,22,0,1708,1.0,0.0127167630057803,0.6451612903225806,0.3548387096774194,7.827799001877958
tfnbs,"e=1.3,h=6.0,n=30,start_thres=1.25",hub,0.25,100,21,40,1730,40,22,0,1708,1.0,0.0127167630057803,0.6451612903225806,0.3548387096774194,7.827799001877958
tfnbs,"e=1.3,h=7.0,n=30,start_thres=1.25",hub,0.25,100,21,40,1730,40,10,0,1720,1.0,0.0057803468208092,0.8,0.2,7.827799001877958
tfnbs,"e=1.3,h=8.0,n=30,start_thres=1.25",hub,0.25,100,21,40,1730,40,10,0,1720,1.0,0.0057803468208092,0.8,0.2,7.827799001877958
tfnbs,"e=1.3,h=9.0,n=30,start_thres=1.25",hub,0.25,100,21,40,1730,40,10,0,1720,1.0,0.0057803468208092,0.8,0.2,7.827799001877958
tfnbs,"e=1.3,h=10.0,n=30,start_thres=1.25",hub,0.25,100,21,40,1730,40,3,0,1727,1.0,0.0017341040462427,0.9302325581395348,0.0697674418604651,7.827799001877958
tfnbs,"e=1.4,h=0.5,n=30,start_thres=1.25",hub,0.25,100,21,40,1730,40,22,0,1708,1.0,0.0127167630057803,0.6451612903225806,0.3548387096774194,7.827799001877958
tfnbs,"e=1.4,h=1.0,n=30,start_thres=1.25",hub,0.25,100,21,40,1730,40,22,0,1708,1.0,0.0127167630057803,0.6451612903225806,0.3548387096774194,7.827799001877958
tfnbs,"e=1.4,h=2.0,n=30,start_thres=1.25",hub,0.25,100,21,40,1730,40,22,0,1708,1.0,0.0127167630057803,0.6451612903225806,0.3548387096774194,7.827799001877958
tfnbs,"e=1.4,h=3.0,n=30,start_thres=1.25",hub,0.25,100,21,40,1730,40,22,0,1708,1.0,0.0127167630057803,0.6451612903225806,0.3548387096774194,7.827799001877958
tfnbs,"e=1.4,h=4.0,n=30,start_thres=1.25",hub,0.25,100,21,40,1730,40,22,0,1708,1.0,0.0127167630057803,0.6451612903225806,0.3548387096774194,7.827799001877958
tfnbs,"e=1.4,h=5.0,n=30,start_thres=1.25",hub,0.25,100,21,40,1730,40,22,0,1708,1.0,0.0127167630057803,0.6451612903225806,0.3548387096774194,7.827799001877958
tfnbs,"e=1.4,h=6.0,n=30,start_thres=1.25",hub,0.25,100,21,40,1730,40,22,0,1708,1.0,0.0127167630057803,0.6451612903225806,0.3548387096774194,7.827799001877958
tfnbs,"e=1.4,h=7.0,n=30,start_thres=1.25",hub,0.25,100,21,40,1730,40,22,0,1708,1.0,0.0127167630057803,0.6451612903225806,0.3548387096774194,7.827799001877958
tfnbs,"e=1.4,h=8.0,n=30,start_thres=1.25",hub,0.25,100,21,40,1730,40,10,0,1720,1.0,0.0057803468208092,0.8,0.2,7.827799001877958
tfnbs,"e=1.4,h=9.0,n=30,start_thres=1.25",hub,0.25,100,21,40,1730,40,10,0,1720,1.0,0.0057803468208092,0.8,0.2,7.827799001877958
tfnbs,"e=1.4,h=10.0,n=30,start_thres=1.25",hub,0.25,100,21,40,1730,40,10,0,1720,1.0,0.0057803468208092,0.8,0.2,7.827799001877958
tfnbs,"e=1.5,h=0.5,n=30,start_thres=1.25",hub,0.25,100,21,40,1730,40,22,0,1708,1.0,0.0127167630057803,0.6451612903225806,0.3548387096774194,7.827799001877958
tfnbs,"e=1.5,h=1.0,n=30,start_thres=1.25",hub,0.25,100,21,40,1730,40,22,0,1708,1.0,0.0127167630057803,0.6451612903225806,0.3548387096774194,7.827799001877958
tfnbs,"e=1.5,h=2.0,n=30,start_thres=1.25",hub,0.25,100,21,40,1730,40,22,0,1708,1.0,0.0127167630057803,0.6451612903225806,0.3548387096774194,7.827799001877958
tfnbs,"e=1.5,h=3.0,n=30,start_thres=1.25",hub,0.25,100,21,40,1730,40,22,0,1708,1.0,0.0127167630057803,0.6451612903225806,0.3548387096774194,7.827799001877958
tfnbs,"e=1.5,h=4.0,n=30,start_thres=1.25",hub,0.25,100,21,40,1730,40,22,0,1708,1.0,0.0127167630057803,0.6451612903225806,0.3548387096774194,7.827799001877958
tfnbs,"e=1.5,h=5.0,n=30,start_thres=1.25",hub,0.25,100,21,40,1730,40,22,0,1708,1.0,0.0127167630057803,0.6451612903225806,0.3548387096774194,7.827799001877958
tfnbs,"e=1.5,h=6.0,n=30,start_thres=1.25",hub,0.25,100,21,40,1730,40,22,0,1708,1.0,0.0127167630057803,0.6451612903225806,0.3548387096774194,7.827799001877958
tfnbs,"e=1.5,h=7.0,n=30,start_thres=1.25",hub,0.25,100,21,40,1730,40,22,0,1708,1.0,0.0127167630057803,0.6451612903225806,0.3548387096774194,7.827799001877958
tfnbs,"e=1.5,h=8.0,n=30,start_thres=1.25",hub,0.25,100,21,40,1730,40,22,0,1708,1.0,0.0127167630057803,0.6451612903225806,0.3548387096774194,7.827799001877958
tfnbs,"e=1.5,h=9.0,n=30,start_thres=1.25",hub,0.25,100,21,40,1730,40,10,0,1720,1.0,0.0057803468208092,0.8,0.2,7.827799001877958
tfnbs,"e=1.5,h=10.0,n=30,start_thres=1.25",hub,0.25,100,21,40,1730,40,10,0,1720,1.0,0.0057803468208092,0.8,0.2,7.827799001877958
nbs_extent,threshold=1.0,hub,0.25,100,22,40,1730,0,0,40,1730,0.0,0.0,0.0,0.0,24.019795417785645
nbs_extent,threshold=1.0,hub,0.25,100,23,40,1730,0,0,40,1730,0.0,0.0,0.0,0.0,22.476317167282104
nbs_extent,threshold=1.0,hub,0.25,100,25,40,1730,0,0,40,1730,0.0,0.0,0.0,0.0,22.514923095703125
nbs_extent,threshold=1.0,hub,0.25,100,24,40,1730,0,0,40,1730,0.0,0.0,0.0,0.0,23.8812837600708
tfnbs,"e=0.05,h=0.5,n=30,start_thres=1.25",hub,0.25,100,28,40,1730,32,0,8,1730,0.8,0.0,1.0,0.0,7.833953834392807
tfnbs,"e=0.05,h=1.0,n=30,start_thres=1.25",hub,0.25,100,28,40,1730,32,0,8,1730,0.8,0.0,1.0,0.0,7.833953834392807
tfnbs,"e=0.05,h=2.0,n=30,start_thres=1.25",hub,0.25,100,28,40,1730,32,0,8,1730,0.8,0.0,1.0,0.0,7.833953834392807
tfnbs,"e=0.05,h=3.0,n=30,start_thres=1.25",hub,0.25,100,28,40,1730,32,0,8,1730,0.8,0.0,1.0,0.0,7.833953834392807
tfnbs,"e=0.05,h=4.0,n=30,start_thres=1.25",hub,0.25,100,28,40,1730,32,0,8,1730,0.8,0.0,1.0,0.0,7.833953834392807
tfnbs,"e=0.05,h=5.0,n=30,start_thres=1.25",hub,0.25,100,28,40,1730,32,0,8,1730,0.8,0.0,1.0,0.0,7.833953834392807
tfnbs,"e=0.05,h=6.0,n=30,start_thres=1.25",hub,0.25,100,28,40,1730,32,0,8,1730,0.8,0.0,1.0,0.0,7.833953834392807
tfnbs,"e=0.05,h=7.0,n=30,start_thres=1.25",hub,0.25,100,28,40,1730,32,0,8,1730,0.8,0.0,1.0,0.0,7.833953834392807
tfnbs,"e=0.05,h=8.0,n=30,start_thres=1.25",hub,0.25,100,28,40,1730,32,0,8,1730,0.8,0.0,1.0,0.0,7.833953834392807
tfnbs,"e=0.05,h=9.0,n=30,start_thres=1.25",hub,0.25,100,28,40,1730,32,0,8,1730,0.8,0.0,1.0,0.0,7.833953834392807
tfnbs,"e=0.05,h=10.0,n=30,start_thres=1.25",hub,0.25,100,28,40,1730,32,0,8,1730,0.8,0.0,1.0,0.0,7.833953834392807
tfnbs,"e=0.1,h=0.5,n=30,start_thres=1.25",hub,0.25,100,28,40,1730,34,0,6,1730,0.85,0.0,1.0,0.0,7.833953834392807
tfnbs,"e=0.1,h=1.0,n=30,start_thres=1.25",hub,0.25,100,28,40,1730,34,0,6,1730,0.85,0.0,1.0,0.0,7.833953834392807
tfnbs,"e=0.1,h=2.0,n=30,start_thres=1.25",hub,0.25,100,28,40,1730,34,0,6,1730,0.85,0.0,1.0,0.0,7.833953834392807
tfnbs,"e=0.1,h=3.0,n=30,start_thres=1.25",hub,0.25,100,28,40,1730,34,0,6,1730,0.85,0.0,1.0,0.0,7.833953834392807
tfnbs,"e=0.1,h=4.0,n=30,start_thres=1.25",hub,0.25,100,28,40,1730,34,0,6,1730,0.85,0.0,1.0,0.0,7.833953834392807
tfnbs,"e=0.1,h=5.0,n=30,start_thres=1.25",hub,0.25,100,28,40,1730,34,0,6,1730,0.85,0.0,1.0,0.0,7.833953834392807
tfnbs,"e=0.1,h=6.0,n=30,start_thres=1.25",hub,0.25,100,28,40,1730,32,0,8,1730,0.8,0.0,1.0,0.0,7.833953834392807
tfnbs,"e=0.1,h=7.0,n=30,start_thres=1.25",hub,0.25,100,28,40,1730,32,0,8,1730,0.8,0.0,1.0,0.0,7.833953834392807
tfnbs,"e=0.1,h=8.0,n=30,start_thres=1.25",hub,0.25,100,28,40,1730,32,0,8,1730,0.8,0.0,1.0,0.0,7.833953834392807
tfnbs,"e=0.1,h=9.0,n=30,start_thres=1.25",hub,0.25,100,28,40,1730,32,0,8,1730,0.8,0.0,1.0,0.0,7.833953834392807
tfnbs,"e=0.1,h=10.0,n=30,start_thres=1.25",hub,0.25,100,28,40,1730,32,0,8,1730,0.8,0.0,1.0,0.0,7.833953834392807
tfnbs,"e=0.2,h=0.5,n=30,start_thres=1.25",hub,0.25,100,28,40,1730,35,0,5,1730,0.875,0.0,1.0,0.0,7.833953834392807
tfnbs,"e=0.2,h=1.0,n=30,start_thres=1.25",hub,0.25,100,28,40,1730,35,0,5,1730,0.875,0.0,1.0,0.0,7.833953834392807
tfnbs,"e=0.2,h=2.0,n=30,start_thres=1.25",hub,0.25,100,28,40,1730,34,0,6,1730,0.85,0.0,1.0,0.0,7.833953834392807
tfnbs,"e=0.2,h=3.0,n=30,start_thres=1.25",hub,0.25,100,28,40,1730,34,0,6,1730,0.85,0.0,1.0,0.0,7.833953834392807
tfnbs,"e=0.2,h=4.0,n=30,start_thres=1.25",hub,0.25,100,28,40,1730,34,0,6,1730,0.85,0.0,1.0,0.0,7.833953834392807
tfnbs,"e=0.2,h=5.0,n=30,start_thres=1.25",hub,0.25,100,28,40,1730,34,0,6,1730,0.85,0.0,1.0,0.0,7.833953834392807
tfnbs,"e=0.2,h=6.0,n=30,start_thres=1.25",hub,0.25,100,28,40,1730,34,0,6,1730,0.85,0.0,1.0,0.0,7.833953834392807
tfnbs,"e=0.2,h=7.0,n=30,start_thres=1.25",hub,0.25,100,28,40,1730,34,0,6,1730,0.85,0.0,1.0,0.0,7.833953834392807
tfnbs,"e=0.2,h=8.0,n=30,start_thres=1.25",hub,0.25,100,28,40,1730,34,0,6,1730,0.85,0.0,1.0,0.0,7.833953834392807
tfnbs,"e=0.2,h=9.0,n=30,start_thres=1.25",hub,0.25,100,28,40,1730,34,0,6,1730,0.85,0.0,1.0,0.0,7.833953834392807
tfnbs,"e=0.2,h=10.0,n=30,start_thres=1.25",hub,0.25,100,28,40,1730,34,0,6,1730,0.85,0.0,1.0,0.0,7.833953834392807
tfnbs,"e=0.3,h=0.5,n=30,start_thres=1.25",hub,0.25,100,28,40,1730,37,0,3,1730,0.925,0.0,1.0,0.0,7.833953834392807
tfnbs,"e=0.3,h=1.0,n=30,start_thres=1.25",hub,0.25,100,28,40,1730,37,0,3,1730,0.925,0.0,1.0,0.0,7.833953834392807
tfnbs,"e=0.3,h=2.0,n=30,start_thres=1.25",hub,0.25,100,28,40,1730,35,0,5,1730,0.875,0.0,1.0,0.0,7.833953834392807
tfnbs,"e=0.3,h=3.0,n=30,start_thres=1.25",hub,0.25,100,28,40,1730,35,0,5,1730,0.875,0.0,1.0,0.0,7.833953834392807
tfnbs,"e=0.3,h=4.0,n=30,start_thres=1.25",hub,0.25,100,28,40,1730,35,0,5,1730,0.875,0.0,1.0,0.0,7.833953834392807
tfnbs,"e=0.3,h=5.0,n=30,start_thres=1.25",hub,0.25,100,28,40,1730,34,0,6,1730,0.85,0.0,1.0,0.0,7.833953834392807
tfnbs,"e=0.3,h=6.0,n=30,start_thres=1.25",hub,0.25,100,28,40,1730,34,0,6,1730,0.85,0.0,1.0,0.0,7.833953834392807
tfnbs,"e=0.3,h=7.0,n=30,start_thres=1.25",hub,0.25,100,28,40,1730,34,0,6,1730,0.85,0.0,1.0,0.0,7.833953834392807
tfnbs,"e=0.3,h=8.0,n=30,start_thres=1.25",hub,0.25,100,28,40,1730,34,0,6,1730,0.85,0.0,1.0,0.0,7.833953834392807
tfnbs,"e=0.3,h=9.0,n=30,start_thres=1.25",hub,0.25,100,28,40,1730,34,0,6,1730,0.85,0.0,1.0,0.0,7.833953834392807
tfnbs,"e=0.3,h=10.0,n=30,start_thres=1.25",hub,0.25,100,28,40,1730,34,0,6,1730,0.85,0.0,1.0,0.0,7.833953834392807
tfnbs,"e=0.4,h=0.5,n=30,start_thres=1.25",hub,0.25,100,28,40,1730,38,0,2,1730,0.95,0.0,1.0,0.0,7.833953834392807
tfnbs,"e=0.4,h=1.0,n=30,start_thres=1.25",hub,0.25,100,28,40,1730,37,0,3,1730,0.925,0.0,1.0,0.0,7.833953834392807
tfnbs,"e=0.4,h=2.0,n=30,start_thres=1.25",hub,0.25,100,28,40,1730,37,0,3,1730,0.925,0.0,1.0,0.0,7.833953834392807
tfnbs,"e=0.4,h=3.0,n=30,start_thres=1.25",hub,0.25,100,28,40,1730,37,0,3,1730,0.925,0.0,1.0,0.0,7.833953834392807
tfnbs,"e=0.4,h=4.0,n=30,start_thres=1.25",hub,0.25,100,28,40,1730,35,0,5,1730,0.875,0.0,1.0,0.0,7.833953834392807
tfnbs,"e=0.4,h=5.0,n=30,start_thres=1.25",hub,0.25,100,28,40,1730,35,0,5,1730,0.875,0.0,1.0,0.0,7.833953834392807
tfnbs,"e=0.4,h=6.0,n=30,start_thres=1.25",hub,0.25,100,28,40,1730,35,0,5,1730,0.875,0.0,1.0,0.0,7.833953834392807
tfnbs,"e=0.4,h=7.0,n=30,start_thres=1.25",hub,0.25,100,28,40,1730,34,0,6,1730,0.85,0.0,1.0,0.0,7.833953834392807
tfnbs,"e=0.4,h=8.0,n=30,start_thres=1.25",hub,0.25,100,28,40,1730,34,0,6,1730,0.85,0.0,1.0,0.0,7.833953834392807
tfnbs,"e=0.4,h=9.0,n=30,start_thres=1.25",hub,0.25,100,28,40,1730,34,0,6,1730,0.85,0.0,1.0,0.0,7.833953834392807
tfnbs,"e=0.4,h=10.0,n=30,start_thres=1.25",hub,0.25,100,28,40,1730,34,0,6,1730,0.85,0.0,1.0,0.0,7.833953834392807
tfnbs,"e=0.5,h=0.5,n=30,start_thres=1.25",hub,0.25,100,28,40,1730,38,0,2,1730,0.95,0.0,1.0,0.0,7.833953834392807
tfnbs,"e=0.5,h=1.0,n=30,start_thres=1.25",hub,0.25,100,28,40,1730,38,0,2,1730,0.95,0.0,1.0,0.0,7.833953834392807
tfnbs,"e=0.5,h=2.0,n=30,start_thres=1.25",hub,0.25,100,28,40,1730,38,0,2,1730,0.95,0.0,1.0,0.0,7.833953834392807
tfnbs,"e=0.5,h=3.0,n=30,start_thres=1.25",hub,0.25,100,28,40,1730,38,0,2,1730,0.95,0.0,1.0,0.0,7.833953834392807
tfnbs,"e=0.5,h=4.0,n=30,start_thres=1.25",hub,0.25,100,28,40,1730,37,0,3,1730,0.925,0.0,1.0,0.0,7.833953834392807
tfnbs,"e=0.5,h=5.0,n=30,start_thres=1.25",hub,0.25,100,28,40,1730,37,0,3,1730,0.925,0.0,1.0,0.0,7.833953834392807
tfnbs,"e=0.5,h=6.0,n=30,start_thres=1.25",hub,0.25,100,28,40,1730,35,0,5,1730,0.875,0.0,1.0,0.0,7.833953834392807
tfnbs,"e=0.5,h=7.0,n=30,start_thres=1.25",hub,0.25,100,28,40,1730,35,0,5,1730,0.875,0.0,1.0,0.0,7.833953834392807
tfnbs,"e=0.5,h=8.0,n=30,start_thres=1.25",hub,0.25,100,28,40,1730,35,0,5,1730,0.875,0.0,1.0,0.0,7.833953834392807
tfnbs,"e=0.5,h=9.0,n=30,start_thres=1.25",hub,0.25,100,28,40,1730,34,0,6,1730,0.85,0.0,1.0,0.0,7.833953834392807
tfnbs,"e=0.5,h=10.0,n=30,start_thres=1.25",hub,0.25,100,28,40,1730,34,0,6,1730,0.85,0.0,1.0,0.0,7.833953834392807
tfnbs,"e=0.6,h=0.5,n=30,start_thres=1.25",hub,0.25,100,28,40,1730,38,0,2,1730,0.95,0.0,1.0,0.0,7.833953834392807
tfnbs,"e=0.6,h=1.0,n=30,start_thres=1.25",hub,0.25,100,28,40,1730,38,0,2,1730,0.95,0.0,1.0,0.0,7.833953834392807
tfnbs,"e=0.6,h=2.0,n=30,start_thres=1.25",hub,0.25,100,28,40,1730,38,0,2,1730,0.95,0.0,1.0,0.0,7.833953834392807
tfnbs,"e=0.6,h=3.0,n=30,start_thres=1.25",hub,0.25,100,28,40,1730,38,0,2,1730,0.95,0.0,1.0,0.0,7.833953834392807
tfnbs,"e=0.6,h=4.0,n=30,start_thres=1.25",hub,0.25,100,28,40,1730,38,0,2,1730,0.95,0.0,1.0,0.0,7.833953834392807
tfnbs,"e=0.6,h=5.0,n=30,start_thres=1.25",hub,0.25,100,28,40,1730,37,0,3,1730,0.925,0.0,1.0,0.0,7.833953834392807
tfnbs,"e=0.6,h=6.0,n=30,start_thres=1.25",hub,0.25,100,28,40,1730,37,0,3,1730,0.925,0.0,1.0,0.0,7.833953834392807
tfnbs,"e=0.6,h=7.0,n=30,start_thres=1.25",hub,0.25,100,28,40,1730,37,0,3,1730,0.925,0.0,1.0,0.0,7.833953834392807
tfnbs,"e=0.6,h=8.0,n=30,start_thres=1.25",hub,0.25,100,28,40,1730,35,0,5,1730,0.875,0.0,1.0,0.0,7.833953834392807
tfnbs,"e=0.6,h=9.0,n=30,start_thres=1.25",hub,0.25,100,28,40,1730,35,0,5,1730,0.875,0.0,1.0,0.0,7.833953834392807
tfnbs,"e=0.6,h=10.0,n=30,start_thres=1.25",hub,0.25,100,28,40,1730,35,0,5,1730,0.875,0.0,1.0,0.0,7.833953834392807
tfnbs,"e=0.7,h=0.5,n=30,start_thres=1.25",hub,0.25,100,28,40,1730,38,0,2,1730,0.95,0.0,1.0,0.0,7.833953834392807
tfnbs,"e=0.7,h=1.0,n=30,start_thres=1.25",hub,0.25,100,28,40,1730,38,2,2,1728,0.95,0.0011560693641618,0.95,0.05,7.833953834392807
tfnbs,"e=0.7,h=2.0,n=30,start_thres=1.25",hub,0.25,100,28,40,1730,38,2,2,1728,0.95,0.0011560693641618,0.95,0.05,7.833953834392807
tfnbs,"e=0.7,h=3.0,n=30,start_thres=1.25",hub,0.25,100,28,40,1730,38,2,2,1728,0.95,0.0011560693641618,0.95,0.05,7.833953834392807
tfnbs,"e=0.7,h=4.0,n=30,start_thres=1.25",hub,0.25,100,28,40,1730,38,0,2,1730,0.95,0.0,1.0,0.0,7.833953834392807
tfnbs,"e=0.7,h=5.0,n=30,start_thres=1.25",hub,0.25,100,28,40,1730,38,0,2,1730,0.95,0.0,1.0,0.0,7.833953834392807
tfnbs,"e=0.7,h=6.0,n=30,start_thres=1.25",hub,0.25,100,28,40,1730,38,0,2,1730,0.95,0.0,1.0,0.0,7.833953834392807
tfnbs,"e=0.7,h=7.0,n=30,start_thres=1.25",hub,0.25,100,28,40,1730,37,0,3,1730,0.925,0.0,1.0,0.0,7.833953834392807
tfnbs,"e=0.7,h=8.0,n=30,start_thres=1.25",hub,0.25,100,28,40,1730,37,0,3,1730,0.925,0.0,1.0,0.0,7.833953834392807
tfnbs,"e=0.7,h=9.0,n=30,start_thres=1.25",hub,0.25,100,28,40,1730,35,0,5,1730,0.875,0.0,1.0,0.0,7.833953834392807
tfnbs,"e=0.7,h=10.0,n=30,start_thres=1.25",hub,0.25,100,28,40,1730,35,0,5,1730,0.875,0.0,1.0,0.0,7.833953834392807
tfnbs,"e=0.8,h=0.5,n=30,start_thres=1.25",hub,0.25,100,28,40,1730,38,2,2,1728,0.95,0.0011560693641618,0.95,0.05,7.833953834392807
tfnbs,"e=0.8,h=1.0,n=30,start_thres=1.25",hub,0.25,100,28,40,1730,38,2,2,1728,0.95,0.0011560693641618,0.95,0.05,7.833953834392807
tfnbs,"e=0.8,h=2.0,n=30,start_thres=1.25",hub,0.25,100,28,40,1730,38,2,2,1728,0.95,0.0011560693641618,0.95,0.05,7.833953834392807
tfnbs,"e=0.8,h=3.0,n=30,start_thres=1.25",hub,0.25,100,28,40,1730,38,2,2,1728,0.95,0.0011560693641618,0.95,0.05,7.833953834392807
tfnbs,"e=0.8,h=4.0,n=30,start_thres=1.25",hub,0.25,100,28,40,1730,38,2,2,1728,0.95,0.0011560693641618,0.95,0.05,7.833953834392807
tfnbs,"e=0.8,h=5.0,n=30,start_thres=1.25",hub,0.25,100,28,40,1730,38,0,2,1730,0.95,0.0,1.0,0.0,7.833953834392807
tfnbs,"e=0.8,h=6.0,n=30,start_thres=1.25",hub,0.25,100,28,40,1730,38,0,2,1730,0.95,0.0,1.0,0.0,7.833953834392807
tfnbs,"e=0.8,h=7.0,n=30,start_thres=1.25",hub,0.25,100,28,40,1730,38,0,2,1730,0.95,0.0,1.0,0.0,7.833953834392807
tfnbs,"e=0.8,h=8.0,n=30,start_thres=1.25",hub,0.25,100,28,40,1730,37,0,3,1730,0.925,0.0,1.0,0.0,7.833953834392807
tfnbs,"e=0.8,h=9.0,n=30,start_thres=1.25",hub,0.25,100,28,40,1730,37,0,3,1730,0.925,0.0,1.0,0.0,7.833953834392807
tfnbs,"e=0.8,h=10.0,n=30,start_thres=1.25",hub,0.25,100,28,40,1730,37,0,3,1730,0.925,0.0,1.0,0.0,7.833953834392807
tfnbs,"e=0.9,h=0.5,n=30,start_thres=1.25",hub,0.25,100,28,40,1730,38,2,2,1728,0.95,0.0011560693641618,0.95,0.05,7.833953834392807
tfnbs,"e=0.9,h=1.0,n=30,start_thres=1.25",hub,0.25,100,28,40,1730,38,2,2,1728,0.95,0.0011560693641618,0.95,0.05,7.833953834392807
tfnbs,"e=0.9,h=2.0,n=30,start_thres=1.25",hub,0.25,100,28,40,1730,38,2,2,1728,0.95,0.0011560693641618,0.95,0.05,7.833953834392807
tfnbs,"e=0.9,h=3.0,n=30,start_thres=1.25",hub,0.25,100,28,40,1730,38,2,2,1728,0.95,0.0011560693641618,0.95,0.05,7.833953834392807
tfnbs,"e=0.9,h=4.0,n=30,start_thres=1.25",hub,0.25,100,28,40,1730,38,2,2,1728,0.95,0.0011560693641618,0.95,0.05,7.833953834392807
tfnbs,"e=0.9,h=5.0,n=30,start_thres=1.25",hub,0.25,100,28,40,1730,38,2,2,1728,0.95,0.0011560693641618,0.95,0.05,7.833953834392807
tfnbs,"e=0.9,h=6.0,n=30,start_thres=1.25",hub,0.25,100,28,40,1730,38,0,2,1730,0.95,0.0,1.0,0.0,7.833953834392807
tfnbs,"e=0.9,h=7.0,n=30,start_thres=1.25",hub,0.25,100,28,40,1730,38,0,2,1730,0.95,0.0,1.0,0.0,7.833953834392807
tfnbs,"e=0.9,h=8.0,n=30,start_thres=1.25",hub,0.25,100,28,40,1730,38,0,2,1730,0.95,0.0,1.0,0.0,7.833953834392807
tfnbs,"e=0.9,h=9.0,n=30,start_thres=1.25",hub,0.25,100,28,40,1730,37,0,3,1730,0.925,0.0,1.0,0.0,7.833953834392807
tfnbs,"e=0.9,h=10.0,n=30,start_thres=1.25",hub,0.25,100,28,40,1730,37,0,3,1730,0.925,0.0,1.0,0.0,7.833953834392807
tfnbs,"e=1.0,h=0.5,n=30,start_thres=1.25",hub,0.25,100,28,40,1730,38,2,2,1728,0.95,0.0011560693641618,0.95,0.05,7.833953834392807
tfnbs,"e=1.0,h=1.0,n=30,start_thres=1.25",hub,0.25,100,28,40,1730,38,2,2,1728,0.95,0.0011560693641618,0.95,0.05,7.833953834392807
tfnbs,"e=1.0,h=2.0,n=30,start_thres=1.25",hub,0.25,100,28,40,1730,38,2,2,1728,0.95,0.0011560693641618,0.95,0.05,7.833953834392807
tfnbs,"e=1.0,h=3.0,n=30,start_thres=1.25",hub,0.25,100,28,40,1730,38,2,2,1728,0.95,0.0011560693641618,0.95,0.05,7.833953834392807
tfnbs,"e=1.0,h=4.0,n=30,start_thres=1.25",hub,0.25,100,28,40,1730,38,2,2,1728,0.95,0.0011560693641618,0.95,0.05,7.833953834392807
tfnbs,"e=1.0,h=5.0,n=30,start_thres=1.25",hub,0.25,100,28,40,1730,38,2,2,1728,0.95,0.0011560693641618,0.95,0.05,7.833953834392807
tfnbs,"e=1.0,h=6.0,n=30,start_thres=1.25",hub,0.25,100,28,40,1730,38,2,2,1728,0.95,0.0011560693641618,0.95,0.05,7.833953834392807
tfnbs,"e=1.0,h=7.0,n=30,start_thres=1.25",hub,0.25,100,28,40,1730,38,2,2,1728,0.95,0.0011560693641618,0.95,0.05,7.833953834392807
tfnbs,"e=1.0,h=8.0,n=30,start_thres=1.25",hub,0.25,100,28,40,1730,38,0,2,1730,0.95,0.0,1.0,0.0,7.833953834392807
tfnbs,"e=1.0,h=9.0,n=30,start_thres=1.25",hub,0.25,100,28,40,1730,38,0,2,1730,0.95,0.0,1.0,0.0,7.833953834392807
tfnbs,"e=1.0,h=10.0,n=30,start_thres=1.25",hub,0.25,100,28,40,1730,38,0,2,1730,0.95,0.0,1.0,0.0,7.833953834392807
tfnbs,"e=1.1,h=0.5,n=30,start_thres=1.25",hub,0.25,100,28,40,1730,38,2,2,1728,0.95,0.0011560693641618,0.95,0.05,7.833953834392807
tfnbs,"e=1.1,h=1.0,n=30,start_thres=1.25",hub,0.25,100,28,40,1730,38,2,2,1728,0.95,0.0011560693641618,0.95,0.05,7.833953834392807
tfnbs,"e=1.1,h=2.0,n=30,start_thres=1.25",hub,0.25,100,28,40,1730,38,2,2,1728,0.95,0.0011560693641618,0.95,0.05,7.833953834392807
tfnbs,"e=1.1,h=3.0,n=30,start_thres=1.25",hub,0.25,100,28,40,1730,38,2,2,1728,0.95,0.0011560693641618,0.95,0.05,7.833953834392807
tfnbs,"e=1.1,h=4.0,n=30,start_thres=1.25",hub,0.25,100,28,40,1730,38,2,2,1728,0.95,0.0011560693641618,0.95,0.05,7.833953834392807
tfnbs,"e=1.1,h=5.0,n=30,start_thres=1.25",hub,0.25,100,28,40,1730,38,2,2,1728,0.95,0.0011560693641618,0.95,0.05,7.833953834392807
tfnbs,"e=1.1,h=6.0,n=30,start_thres=1.25",hub,0.25,100,28,40,1730,38,2,2,1728,0.95,0.0011560693641618,0.95,0.05,7.833953834392807
tfnbs,"e=1.1,h=7.0,n=30,start_thres=1.25",hub,0.25,100,28,40,1730,38,2,2,1728,0.95,0.0011560693641618,0.95,0.05,7.833953834392807
tfnbs,"e=1.1,h=8.0,n=30,start_thres=1.25",hub,0.25,100,28,40,1730,38,2,2,1728,0.95,0.0011560693641618,0.95,0.05,7.833953834392807
tfnbs,"e=1.1,h=9.0,n=30,start_thres=1.25",hub,0.25,100,28,40,1730,38,0,2,1730,0.95,0.0,1.0,0.0,7.833953834392807
tfnbs,"e=1.1,h=10.0,n=30,start_thres=1.25",hub,0.25,100,28,40,1730,38,0,2,1730,0.95,0.0,1.0,0.0,7.833953834392807
tfnbs,"e=1.2,h=0.5,n=30,start_thres=1.25",hub,0.25,100,28,40,1730,38,2,2,1728,0.95,0.0011560693641618,0.95,0.05,7.833953834392807
tfnbs,"e=1.2,h=1.0,n=30,start_thres=1.25",hub,0.25,100,28,40,1730,38,2,2,1728,0.95,0.0011560693641618,0.95,0.05,7.833953834392807
tfnbs,"e=1.2,h=2.0,n=30,start_thres=1.25",hub,0.25,100,28,40,1730,38,2,2,1728,0.95,0.0011560693641618,0.95,0.05,7.833953834392807
tfnbs,"e=1.2,h=3.0,n=30,start_thres=1.25",hub,0.25,100,28,40,1730,38,2,2,1728,0.95,0.0011560693641618,0.95,0.05,7.833953834392807
tfnbs,"e=1.2,h=4.0,n=30,start_thres=1.25",hub,0.25,100,28,40,1730,38,2,2,1728,0.95,0.0011560693641618,0.95,0.05,7.833953834392807
tfnbs,"e=1.2,h=5.0,n=30,start_thres=1.25",hub,0.25,100,28,40,1730,38,2,2,1728,0.95,0.0011560693641618,0.95,0.05,7.833953834392807
tfnbs,"e=1.2,h=6.0,n=30,start_thres=1.25",hub,0.25,100,28,40,1730,38,2,2,1728,0.95,0.0011560693641618,0.95,0.05,7.833953834392807
tfnbs,"e=1.2,h=7.0,n=30,start_thres=1.25",hub,0.25,100,28,40,1730,38,2,2,1728,0.95,0.0011560693641618,0.95,0.05,7.833953834392807
tfnbs,"e=1.2,h=8.0,n=30,start_thres=1.25",hub,0.25,100,28,40,1730,38,2,2,1728,0.95,0.0011560693641618,0.95,0.05,7.833953834392807
tfnbs,"e=1.2,h=9.0,n=30,start_thres=1.25",hub,0.25,100,28,40,1730,38,2,2,1728,0.95,0.0011560693641618,0.95,0.05,7.833953834392807
tfnbs,"e=1.2,h=10.0,n=30,start_thres=1.25",hub,0.25,100,28,40,1730,38,0,2,1730,0.95,0.0,1.0,0.0,7.833953834392807
tfnbs,"e=1.3,h=0.5,n=30,start_thres=1.25",hub,0.25,100,28,40,1730,38,0,2,1730,0.95,0.0,1.0,0.0,7.833953834392807
tfnbs,"e=1.3,h=1.0,n=30,start_thres=1.25",hub,0.25,100,28,40,1730,38,2,2,1728,0.95,0.0011560693641618,0.95,0.05,7.833953834392807
tfnbs,"e=1.3,h=2.0,n=30,start_thres=1.25",hub,0.25,100,28,40,1730,38,2,2,1728,0.95,0.0011560693641618,0.95,0.05,7.833953834392807
tfnbs,"e=1.3,h=3.0,n=30,start_thres=1.25",hub,0.25,100,28,40,1730,38,2,2,1728,0.95,0.0011560693641618,0.95,0.05,7.833953834392807
tfnbs,"e=1.3,h=4.0,n=30,start_thres=1.25",hub,0.25,100,28,40,1730,40,2,0,1728,1.0,0.0011560693641618,0.9523809523809524,0.0476190476190476,7.833953834392807
tfnbs,"e=1.3,h=5.0,n=30,start_thres=1.25",hub,0.25,100,28,40,1730,40,2,0,1728,1.0,0.0011560693641618,0.9523809523809524,0.0476190476190476,7.833953834392807
tfnbs,"e=1.3,h=6.0,n=30,start_thres=1.25",hub,0.25,100,28,40,1730,40,2,0,1728,1.0,0.0011560693641618,0.9523809523809524,0.0476190476190476,7.833953834392807
tfnbs,"e=1.3,h=7.0,n=30,start_thres=1.25",hub,0.25,100,28,40,1730,38,2,2,1728,0.95,0.0011560693641618,0.95,0.05,7.833953834392807
tfnbs,"e=1.3,h=8.0,n=30,start_thres=1.25",hub,0.25,100,28,40,1730,38,2,2,1728,0.95,0.0011560693641618,0.95,0.05,7.833953834392807
tfnbs,"e=1.3,h=9.0,n=30,start_thres=1.25",hub,0.25,100,28,40,1730,38,2,2,1728,0.95,0.0011560693641618,0.95,0.05,7.833953834392807
tfnbs,"e=1.3,h=10.0,n=30,start_thres=1.25",hub,0.25,100,28,40,1730,38,2,2,1728,0.95,0.0011560693641618,0.95,0.05,7.833953834392807
tfnbs,"e=1.4,h=0.5,n=30,start_thres=1.25",hub,0.25,100,28,40,1730,38,0,2,1730,0.95,0.0,1.0,0.0,7.833953834392807
tfnbs,"e=1.4,h=1.0,n=30,start_thres=1.25",hub,0.25,100,28,40,1730,38,2,2,1728,0.95,0.0011560693641618,0.95,0.05,7.833953834392807
tfnbs,"e=1.4,h=2.0,n=30,start_thres=1.25",hub,0.25,100,28,40,1730,38,2,2,1728,0.95,0.0011560693641618,0.95,0.05,7.833953834392807
tfnbs,"e=1.4,h=3.0,n=30,start_thres=1.25",hub,0.25,100,28,40,1730,38,2,2,1728,0.95,0.0011560693641618,0.95,0.05,7.833953834392807
tfnbs,"e=1.4,h=4.0,n=30,start_thres=1.25",hub,0.25,100,28,40,1730,40,2,0,1728,1.0,0.0011560693641618,0.9523809523809524,0.0476190476190476,7.833953834392807
tfnbs,"e=1.4,h=5.0,n=30,start_thres=1.25",hub,0.25,100,28,40,1730,40,2,0,1728,1.0,0.0011560693641618,0.9523809523809524,0.0476190476190476,7.833953834392807
tfnbs,"e=1.4,h=6.0,n=30,start_thres=1.25",hub,0.25,100,28,40,1730,40,2,0,1728,1.0,0.0011560693641618,0.9523809523809524,0.0476190476190476,7.833953834392807
tfnbs,"e=1.4,h=7.0,n=30,start_thres=1.25",hub,0.25,100,28,40,1730,40,2,0,1728,1.0,0.0011560693641618,0.9523809523809524,0.0476190476190476,7.833953834392807
tfnbs,"e=1.4,h=8.0,n=30,start_thres=1.25",hub,0.25,100,28,40,1730,38,2,2,1728,0.95,0.0011560693641618,0.95,0.05,7.833953834392807
tfnbs,"e=1.4,h=9.0,n=30,start_thres=1.25",hub,0.25,100,28,40,1730,38,2,2,1728,0.95,0.0011560693641618,0.95,0.05,7.833953834392807
tfnbs,"e=1.4,h=10.0,n=30,start_thres=1.25",hub,0.25,100,28,40,1730,38,2,2,1728,0.95,0.0011560693641618,0.95,0.05,7.833953834392807
tfnbs,"e=1.5,h=0.5,n=30,start_thres=1.25",hub,0.25,100,28,40,1730,38,0,2,1730,0.95,0.0,1.0,0.0,7.833953834392807
tfnbs,"e=1.5,h=1.0,n=30,start_thres=1.25",hub,0.25,100,28,40,1730,38,0,2,1730,0.95,0.0,1.0,0.0,7.833953834392807
tfnbs,"e=1.5,h=2.0,n=30,start_thres=1.25",hub,0.25,100,28,40,1730,38,2,2,1728,0.95,0.0011560693641618,0.95,0.05,7.833953834392807
tfnbs,"e=1.5,h=3.0,n=30,start_thres=1.25",hub,0.25,100,28,40,1730,38,2,2,1728,0.95,0.0011560693641618,0.95,0.05,7.833953834392807
tfnbs,"e=1.5,h=4.0,n=30,start_thres=1.25",hub,0.25,100,28,40,1730,40,2,0,1728,1.0,0.0011560693641618,0.9523809523809524,0.0476190476190476,7.833953834392807
tfnbs,"e=1.5,h=5.0,n=30,start_thres=1.25",hub,0.25,100,28,40,1730,40,2,0,1728,1.0,0.0011560693641618,0.9523809523809524,0.0476190476190476,7.833953834392807
tfnbs,"e=1.5,h=6.0,n=30,start_thres=1.25",hub,0.25,100,28,40,1730,40,2,0,1728,1.0,0.0011560693641618,0.9523809523809524,0.0476190476190476,7.833953834392807
tfnbs,"e=1.5,h=7.0,n=30,start_thres=1.25",hub,0.25,100,28,40,1730,40,2,0,1728,1.0,0.0011560693641618,0.9523809523809524,0.0476190476190476,7.833953834392807
tfnbs,"e=1.5,h=8.0,n=30,start_thres=1.25",hub,0.25,100,28,40,1730,40,2,0,1728,1.0,0.0011560693641618,0.9523809523809524,0.0476190476190476,7.833953834392807
tfnbs,"e=1.5,h=9.0,n=30,start_thres=1.25",hub,0.25,100,28,40,1730,38,2,2,1728,0.95,0.0011560693641618,0.95,0.05,7.833953834392807
tfnbs,"e=1.5,h=10.0,n=30,start_thres=1.25",hub,0.25,100,28,40,1730,38,2,2,1728,0.95,0.0011560693641618,0.95,0.05,7.833953834392807
nbs_extent,threshold=1.0,hub,0.25,100,26,40,1730,0,0,40,1730,0.0,0.0,0.0,0.0,23.258053302764893
nbs_extent,threshold=1.0,hub,0.25,100,27,40,1730,0,0,40,1730,0.0,0.0,0.0,0.0,23.15023899078369
nbs_extent,threshold=1.0,hub,0.25,100,28,40,1730,0,0,40,1730,0.0,0.0,0.0,0.0,23.218985080719
nbs_extent,threshold=1.5,hub,0.25,100,0,40,1730,40,164,0,1566,1.0,0.0947976878612716,0.196078431372549,0.803921568627451,21.97691774368286
nbs_extent,threshold=1.0,hub,0.25,100,29,40,1730,0,0,40,1730,0.0,0.0,0.0,0.0,23.040311098098755
nbs_extent,threshold=1.5,hub,0.25,100,1,40,1730,0,0,40,1730,0.0,0.0,0.0,0.0,22.329875469207764
nbs_extent,threshold=1.5,hub,0.25,100,3,40,1730,0,0,40,1730,0.0,0.0,0.0,0.0,23.375932216644287
nbs_extent,threshold=1.5,hub,0.25,100,2,40,1730,0,0,40,1730,0.0,0.0,0.0,0.0,23.57201552391052
nbs_extent,threshold=1.5,hub,0.25,100,4,40,1730,40,169,0,1561,1.0,0.0976878612716763,0.1913875598086124,0.8086124401913876,24.229692935943604
nbs_extent,threshold=1.5,hub,0.25,100,9,40,1730,0,0,40,1730,0.0,0.0,0.0,0.0,22.42755913734436
nbs_extent,threshold=1.5,hub,0.25,100,5,40,1730,0,0,40,1730,0.0,0.0,0.0,0.0,24.141606330871586
nbs_extent,threshold=1.5,hub,0.25,100,6,40,1730,0,0,40,1730,0.0,0.0,0.0,0.0,23.85231137275696
nbs_extent,threshold=1.5,hub,0.25,100,8,40,1730,0,0,40,1730,0.0,0.0,0.0,0.0,23.28500366210937
nbs_extent,threshold=1.5,hub,0.25,100,7,40,1730,40,165,0,1565,1.0,0.0953757225433526,0.1951219512195122,0.8048780487804879,24.728673219680783
nbs_extent,threshold=1.5,hub,0.25,100,10,40,1730,0,0,40,1730,0.0,0.0,0.0,0.0,23.87498903274536
nbs_extent,threshold=1.5,hub,0.25,100,12,40,1730,0,0,40,1730,0.0,0.0,0.0,0.0,22.382869958877563
nbs_extent,threshold=1.5,hub,0.25,100,11,40,1730,0,0,40,1730,0.0,0.0,0.0,0.0,23.41735601425171
nbs_extent,threshold=1.5,hub,0.25,100,17,40,1730,0,0,40,1730,0.0,0.0,0.0,0.0,21.57229161262512
nbs_extent,threshold=1.5,hub,0.25,100,14,40,1730,0,0,40,1730,0.0,0.0,0.0,0.0,23.34358310699463
nbs_extent,threshold=1.5,hub,0.25,100,13,40,1730,0,0,40,1730,0.0,0.0,0.0,0.0,24.59939122200012
nbs_extent,threshold=1.5,hub,0.25,100,15,40,1730,0,0,40,1730,0.0,0.0,0.0,0.0,24.56373906135559
nbs_extent,threshold=1.5,hub,0.25,100,16,40,1730,0,0,40,1730,0.0,0.0,0.0,0.0,24.783680200576782
nbs_extent,threshold=1.5,hub,0.25,100,18,40,1730,0,0,40,1730,0.0,0.0,0.0,0.0,23.22908186912537
nbs_extent,threshold=1.5,hub,0.25,100,25,40,1730,0,0,40,1730,0.0,0.0,0.0,0.0,21.545281410217285
nbs_extent,threshold=1.5,hub,0.25,100,21,40,1730,0,0,40,1730,0.0,0.0,0.0,0.0,24.295265913009644
nbs_extent,threshold=1.5,hub,0.25,100,19,40,1730,0,0,40,1730,0.0,0.0,0.0,0.0,25.50768566131592
nbs_extent,threshold=1.5,hub,0.25,100,20,40,1730,0,0,40,1730,0.0,0.0,0.0,0.0,25.039512395858765
nbs_extent,threshold=1.5,hub,0.25,100,23,40,1730,0,0,40,1730,0.0,0.0,0.0,0.0,23.425058126449585
nbs_extent,threshold=1.5,hub,0.25,100,24,40,1730,0,0,40,1730,0.0,0.0,0.0,0.0,23.45887589454651
nbs_extent,threshold=1.5,hub,0.25,100,22,40,1730,0,0,40,1730,0.0,0.0,0.0,0.0,24.21951055526733
nbs_extent,threshold=1.5,hub,0.25,100,26,40,1730,0,0,40,1730,0.0,0.0,0.0,0.0,23.56993198394776
nbs_extent,threshold=1.5,hub,0.25,100,27,40,1730,0,0,40,1730,0.0,0.0,0.0,0.0,23.44976544380188
nbs_extent,threshold=2.0,hub,0.25,100,0,40,1730,39,63,1,1667,0.975,0.0364161849710982,0.3823529411764705,0.6176470588235294,22.559568166732788
nbs_extent,threshold=1.5,hub,0.25,100,28,40,1730,0,0,40,1730,0.0,0.0,0.0,0.0,24.014833450317383
nbs_extent,threshold=1.5,hub,0.25,100,29,40,1730,0,0,40,1730,0.0,0.0,0.0,0.0,23.277846574783325
nbs_extent,threshold=2.0,hub,0.25,100,2,40,1730,39,55,1,1675,0.975,0.0317919075144508,0.4148936170212766,0.5851063829787234,23.368439197540283
nbs_extent,threshold=2.0,hub,0.25,100,3,40,1730,0,0,40,1730,0.0,0.0,0.0,0.0,23.51584458351136
nbs_extent,threshold=2.0,hub,0.25,100,5,40,1730,40,44,0,1686,1.0,0.0254335260115606,0.4761904761904761,0.5238095238095238,21.85786771774292
nbs_extent,threshold=2.0,hub,0.25,100,1,40,1730,40,52,0,1678,1.0,0.030057803468208,0.4347826086956521,0.5652173913043478,24.638198137283325
nbs_extent,threshold=2.0,hub,0.25,100,4,40,1730,40,59,0,1671,1.0,0.0341040462427745,0.404040404040404,0.5959595959595959,23.76283383369445
nbs_extent,threshold=2.0,hub,0.25,100,7,40,1730,39,57,1,1673,0.975,0.0329479768786127,0.40625,0.59375,22.61202096939087
nbs_extent,threshold=2.0,hub,0.25,100,6,40,1730,40,34,0,1696,1.0,0.0196531791907514,0.5405405405405406,0.4594594594594595,23.53776931762696
nbs_extent,threshold=2.0,hub,0.25,100,8,40,1730,0,0,40,1730,0.0,0.0,0.0,0.0,23.907066583633423
nbs_extent,threshold=2.0,hub,0.25,100,9,40,1730,0,0,40,1730,0.0,0.0,0.0,0.0,24.29873275756836
nbs_extent,threshold=2.0,hub,0.25,100,10,40,1730,40,65,0,1665,1.0,0.0375722543352601,0.3809523809523809,0.6190476190476191,23.96398115158081
nbs_extent,threshold=2.0,hub,0.25,100,12,40,1730,0,0,40,1730,0.0,0.0,0.0,0.0,23.605890035629272
nbs_extent,threshold=2.0,hub,0.25,100,13,40,1730,39,41,1,1689,0.975,0.0236994219653179,0.4875,0.5125,22.64389371871948
nbs_extent,threshold=2.0,hub,0.25,100,11,40,1730,40,33,0,1697,1.0,0.0190751445086705,0.547945205479452,0.4520547945205479,25.54907178878784
nbs_extent,threshold=2.0,hub,0.25,100,14,40,1730,40,46,0,1684,1.0,0.0265895953757225,0.4651162790697674,0.5348837209302325,24.82884740829468
nbs_extent,threshold=2.0,hub,0.25,100,16,40,1730,40,43,0,1687,1.0,0.0248554913294797,0.4819277108433735,0.5180722891566265,23.802812576293945
nbs_extent,threshold=2.0,hub,0.25,100,15,40,1730,0,0,40,1730,0.0,0.0,0.0,0.0,25.11361265182495
nbs_extent,threshold=2.0,hub,0.25,100,17,40,1730,0,0,40,1730,0.0,0.0,0.0,0.0,23.90314531326294
nbs_extent,threshold=2.0,hub,0.25,100,19,40,1730,0,0,40,1730,0.0,0.0,0.0,0.0,23.06750464439392
nbs_extent,threshold=2.0,hub,0.25,100,18,40,1730,0,0,40,1730,0.0,0.0,0.0,0.0,24.13789367675781
nbs_extent,threshold=2.0,hub,0.25,100,20,40,1730,40,45,0,1685,1.0,0.0260115606936416,0.4705882352941176,0.5294117647058824,23.95541548728943
nbs_extent,threshold=2.0,hub,0.25,100,24,40,1730,39,37,1,1693,0.975,0.0213872832369942,0.5131578947368421,0.4868421052631579,23.522531747818
nbs_extent,threshold=2.0,hub,0.25,100,26,40,1730,40,52,0,1678,1.0,0.030057803468208,0.4347826086956521,0.5652173913043478,23.10375165939331
nbs_extent,threshold=2.0,hub,0.25,100,21,40,1730,40,46,0,1684,1.0,0.0265895953757225,0.4651162790697674,0.5348837209302325,24.30916905403137
nbs_extent,threshold=2.0,hub,0.25,100,27,40,1730,0,0,40,1730,0.0,0.0,0.0,0.0,22.904945850372314
nbs_extent,threshold=2.0,hub,0.25,100,25,40,1730,0,0,40,1730,0.0,0.0,0.0,0.0,23.64460611343384
nbs_extent,threshold=2.0,hub,0.25,100,22,40,1730,40,40,0,1690,1.0,0.0231213872832369,0.5,0.5,24.321314811706543
nbs_extent,threshold=2.0,hub,0.25,100,23,40,1730,0,0,40,1730,0.0,0.0,0.0,0.0,25.48980212211609
nbs_extent,threshold=2.0,hub,0.25,100,28,40,1730,0,0,40,1730,0.0,0.0,0.0,0.0,23.82043933868408
nbs_extent,threshold=2.5,hub,0.25,100,0,40,1730,38,28,2,1702,0.95,0.0161849710982658,0.5757575757575758,0.4242424242424242,23.02042984962464
nbs_extent,threshold=2.0,hub,0.25,100,29,40,1730,0,0,40,1730,0.0,0.0,0.0,0.0,24.68224859237671
nbs_extent,threshold=2.5,hub,0.25,100,1,40,1730,40,16,0,1714,1.0,0.0092485549132947,0.7142857142857143,0.2857142857142857,23.58437776565552
nbs_extent,threshold=2.5,hub,0.25,100,2,40,1730,39,16,1,1714,0.975,0.0092485549132947,0.7090909090909091,0.2909090909090909,23.878028631210327
nbs_extent,threshold=2.5,hub,0.25,100,3,40,1730,39,5,1,1725,0.975,0.0028901734104046,0.8863636363636364,0.1136363636363636,20.91464352607727
nbs_extent,threshold=2.5,hub,0.25,100,4,40,1730,39,21,1,1709,0.975,0.0121387283236994,0.65,0.35,24.09132695198059
nbs_extent,threshold=2.5,hub,0.25,100,6,40,1730,40,10,0,1720,1.0,0.0057803468208092,0.8,0.2,24.051575422286987
nbs_extent,threshold=2.5,hub,0.25,100,5,40,1730,40,16,0,1714,1.0,0.0092485549132947,0.7142857142857143,0.2857142857142857,24.828761100769043
nbs_extent,threshold=2.5,hub,0.25,100,8,40,1730,37,4,3,1726,0.925,0.0023121387283236,0.902439024390244,0.0975609756097561,23.871474027633667
nbs_extent,threshold=2.5,hub,0.25,100,9,40,1730,39,4,1,1726,0.975,0.0023121387283236,0.9069767441860463,0.0930232558139534,23.035361289978027
nbs_extent,threshold=2.5,hub,0.25,100,7,40,1730,38,17,2,1713,0.95,0.0098265895953757,0.6909090909090909,0.3090909090909091,24.86713981628418
nbs_extent,threshold=2.5,hub,0.25,100,10,40,1730,40,29,0,1701,1.0,0.0167630057803468,0.5797101449275363,0.4202898550724637,24.020581483840942
nbs_extent,threshold=2.5,hub,0.25,100,11,40,1730,40,9,0,1721,1.0,0.0052023121387283,0.8163265306122449,0.1836734693877551,23.70494246482849
nbs_extent,threshold=2.5,hub,0.25,100,13,40,1730,39,8,1,1722,0.975,0.0046242774566473,0.8297872340425532,0.1702127659574468,24.06350350379944
nbs_extent,threshold=2.5,hub,0.25,100,12,40,1730,39,1,1,1729,0.975,0.0005780346820809,0.975,0.025,24.48392081260681
nbs_extent,threshold=2.5,hub,0.25,100,14,40,1730,40,12,0,1718,1.0,0.006936416184971,0.7692307692307693,0.2307692307692307,22.99528193473816
nbs_extent,threshold=2.5,hub,0.25,100,15,40,1730,39,7,1,1723,0.975,0.0040462427745664,0.8478260869565217,0.1521739130434782,23.51193118095398
nbs_extent,threshold=2.5,hub,0.25,100,16,40,1730,40,12,0,1718,1.0,0.006936416184971,0.7692307692307693,0.2307692307692307,22.74110627174377
nbs_extent,threshold=2.5,hub,0.25,100,19,40,1730,40,9,0,1721,1.0,0.0052023121387283,0.8163265306122449,0.1836734693877551,22.3773992061615
nbs_extent,threshold=2.5,hub,0.25,100,18,40,1730,36,6,4,1724,0.9,0.0034682080924855,0.8571428571428571,0.1428571428571428,24.11498069763184
nbs_extent,threshold=2.5,hub,0.25,100,20,40,1730,39,18,1,1712,0.975,0.0104046242774566,0.6842105263157895,0.3157894736842105,23.39976024627685
nbs_extent,threshold=2.5,hub,0.25,100,17,40,1730,40,2,0,1728,1.0,0.0011560693641618,0.9523809523809524,0.0476190476190476,25.265462398529053
nbs_extent,threshold=2.5,hub,0.25,100,21,40,1730,40,10,0,1720,1.0,0.0057803468208092,0.8,0.2,24.01176333427429
nbs_extent,threshold=2.5,hub,0.25,100,22,40,1730,40,10,0,1720,1.0,0.0057803468208092,0.8,0.2,24.351723432540894
nbs_extent,threshold=2.5,hub,0.25,100,24,40,1730,39,5,1,1725,0.975,0.0028901734104046,0.8863636363636364,0.1136363636363636,22.38741707801819
nbs_extent,threshold=2.5,hub,0.25,100,28,40,1730,40,3,0,1727,1.0,0.0017341040462427,0.9302325581395348,0.0697674418604651,22.586944818496704
nbs_extent,threshold=2.5,hub,0.25,100,26,40,1730,39,15,1,1715,0.975,0.0086705202312138,0.7222222222222222,0.2777777777777778,23.179653882980347
nbs_extent,threshold=2.5,hub,0.25,100,25,40,1730,39,5,1,1725,0.975,0.0028901734104046,0.8863636363636364,0.1136363636363636,23.808383226394653
nbs_extent,threshold=2.5,hub,0.25,100,27,40,1730,37,8,3,1722,0.925,0.0046242774566473,0.8222222222222222,0.1777777777777777,23.896852731704712
nbs_extent,threshold=2.5,hub,0.25,100,23,40,1730,40,5,0,1725,1.0,0.0028901734104046,0.8888888888888888,0.1111111111111111,24.60227346420288
nbs_extent,threshold=3.0,hub,0.25,100,0,40,1730,37,6,3,1724,0.925,0.0034682080924855,0.8604651162790697,0.1395348837209302,23.05770897865296
nbs_extent,threshold=2.5,hub,0.25,100,29,40,1730,39,3,1,1727,0.975,0.0017341040462427,0.9285714285714286,0.0714285714285714,24.041215181350708
nbs_extent,threshold=3.0,hub,0.25,100,1,40,1730,38,1,2,1729,0.95,0.0005780346820809,0.9743589743589745,0.0256410256410256,23.15332221984864
nbs_extent,threshold=3.0,hub,0.25,100,5,40,1730,40,6,0,1724,1.0,0.0034682080924855,0.8695652173913043,0.1304347826086956,22.72095537185669
nbs_extent,threshold=3.0,hub,0.25,100,2,40,1730,38,0,2,1730,0.95,0.0,1.0,0.0,24.872097969055176
nbs_extent,threshold=3.0,hub,0.25,100,3,40,1730,38,4,2,1726,0.95,0.0023121387283236,0.9047619047619048,0.0952380952380952,24.27530336380005
nbs_extent,threshold=3.0,hub,0.25,100,4,40,1730,38,5,2,1725,0.95,0.0028901734104046,0.8837209302325582,0.1162790697674418,24.41064453125
nbs_extent,threshold=3.0,hub,0.25,100,6,40,1730,40,1,0,1729,1.0,0.0005780346820809,0.975609756097561,0.024390243902439,23.876824140548703
nbs_extent,threshold=3.0,hub,0.25,100,10,40,1730,40,2,0,1728,1.0,0.0011560693641618,0.9523809523809524,0.0476190476190476,21.510993719100952
nbs_extent,threshold=3.0,hub,0.25,100,8,40,1730,33,1,7,1729,0.825,0.0005780346820809,0.9705882352941176,0.0294117647058823,23.95708441734314
nbs_extent,threshold=3.0,hub,0.25,100,7,40,1730,37,5,3,1725,0.925,0.0028901734104046,0.8809523809523809,0.119047619047619,24.89535760879517
nbs_extent,threshold=3.0,hub,0.25,100,9,40,1730,34,1,6,1729,0.85,0.0005780346820809,0.9714285714285714,0.0285714285714285,23.82758665084839
nbs_extent,threshold=3.0,hub,0.25,100,11,40,1730,37,0,3,1730,0.925,0.0,1.0,0.0,24.05842423439026
nbs_extent,threshold=3.0,hub,0.25,100,12,40,1730,37,0,3,1730,0.925,0.0,1.0,0.0,23.777825832366943
nbs_extent,threshold=3.0,hub,0.25,100,15,40,1730,36,2,4,1728,0.9,0.0011560693641618,0.9473684210526316,0.0526315789473684,23.207035303115845
nbs_extent,threshold=3.0,hub,0.25,100,14,40,1730,37,2,3,1728,0.925,0.0011560693641618,0.9487179487179488,0.0512820512820512,23.744449377059937
nbs_extent,threshold=3.0,hub,0.25,100,16,40,1730,39,3,1,1727,0.975,0.0017341040462427,0.9285714285714286,0.0714285714285714,23.22116255760193
nbs_extent,threshold=3.0,hub,0.25,100,13,40,1730,39,3,1,1727,0.975,0.0017341040462427,0.9285714285714286,0.0714285714285714,25.26452398300171
nbs_extent,threshold=3.0,hub,0.25,100,17,40,1730,36,1,4,1729,0.9,0.0005780346820809,0.972972972972973,0.027027027027027,23.76761579513549
nbs_extent,threshold=3.0,hub,0.25,100,18,40,1730,32,1,8,1729,0.8,0.0005780346820809,0.9696969696969696,0.0303030303030303,23.7691068649292
nbs_extent,threshold=3.0,hub,0.25,100,19,40,1730,35,2,5,1728,0.875,0.0011560693641618,0.945945945945946,0.054054054054054,23.33100533485413
nbs_extent,threshold=3.0,hub,0.25,100,21,40,1730,40,2,0,1728,1.0,0.0011560693641618,0.9523809523809524,0.0476190476190476,22.8571720123291
nbs_extent,threshold=3.0,hub,0.25,100,22,40,1730,39,2,1,1728,0.975,0.0011560693641618,0.951219512195122,0.048780487804878,23.41542625427246
nbs_extent,threshold=3.0,hub,0.25,100,20,40,1730,38,4,2,1726,0.95,0.0023121387283236,0.9047619047619048,0.0952380952380952,23.84303903579712
nbs_extent,threshold=3.0,hub,0.25,100,23,40,1730,38,2,2,1728,0.95,0.0011560693641618,0.95,0.05,23.072215795516968
nbs_extent,threshold=3.0,hub,0.25,100,25,40,1730,36,1,4,1729,0.9,0.0005780346820809,0.972972972972973,0.027027027027027,23.21248435974121
nbs_extent,threshold=3.0,hub,0.25,100,24,40,1730,39,1,1,1729,0.975,0.0005780346820809,0.975,0.025,23.88722395896912
nbs_extent,threshold=3.0,hub,0.25,100,26,40,1730,38,4,2,1726,0.95,0.0023121387283236,0.9047619047619048,0.0952380952380952,23.367382764816284
nbs_extent,threshold=3.0,hub,0.25,100,27,40,1730,32,3,8,1727,0.8,0.0017341040462427,0.9142857142857144,0.0857142857142857,23.045307874679565
nbs_extent,threshold=3.5,hub,0.25,100,0,40,1730,33,2,7,1728,0.825,0.0011560693641618,0.9428571428571428,0.0571428571428571,23.474778413772583
nbs_extent,threshold=3.0,hub,0.25,100,28,40,1730,38,0,2,1730,0.95,0.0,1.0,0.0,24.605132579803467
nbs_extent,threshold=3.0,hub,0.25,100,29,40,1730,39,1,1,1729,0.975,0.0005780346820809,0.975,0.025,24.522221565246586
nbs_extent,threshold=3.5,hub,0.25,100,1,40,1730,34,0,6,1730,0.85,0.0,1.0,0.0,23.373831272125244
nbs_extent,threshold=3.5,hub,0.25,100,2,40,1730,35,0,5,1730,0.875,0.0,1.0,0.0,23.255581378936768
nbs_extent,threshold=3.5,hub,0.25,100,3,40,1730,34,1,6,1729,0.85,0.0005780346820809,0.9714285714285714,0.0285714285714285,23.1355140209198
nbs_extent,threshold=3.5,hub,0.25,100,4,40,1730,37,2,3,1728,0.925,0.0011560693641618,0.9487179487179488,0.0512820512820512,23.52738308906555
nbs_extent,threshold=3.5,hub,0.25,100,7,40,1730,33,2,7,1728,0.825,0.0011560693641618,0.9428571428571428,0.0571428571428571,22.849082708358765
nbs_extent,threshold=3.5,hub,0.25,100,5,40,1730,38,1,2,1729,0.95,0.0005780346820809,0.9743589743589745,0.0256410256410256,24.59271550178528
nbs_extent,threshold=3.5,hub,0.25,100,6,40,1730,40,0,0,1730,1.0,0.0,1.0,0.0,25.052790641784668
nbs_extent,threshold=3.5,hub,0.25,100,8,40,1730,26,1,14,1729,0.65,0.0005780346820809,0.9629629629629628,0.037037037037037,23.29211497306824
nbs_extent,threshold=3.5,hub,0.25,100,9,40,1730,27,0,13,1730,0.675,0.0,1.0,0.0,23.2673237323761
nbs_extent,threshold=3.5,hub,0.25,100,11,40,1730,35,0,5,1730,0.875,0.0,1.0,0.0,23.511155128479004
nbs_extent,threshold=3.5,hub,0.25,100,10,40,1730,34,1,6,1729,0.85,0.0005780346820809,0.9714285714285714,0.0285714285714285,24.170711994171143
nbs_extent,threshold=3.5,hub,0.25,100,12,40,1730,35,0,5,1730,0.875,0.0,1.0,0.0,23.64582347869873
nbs_extent,threshold=3.5,hub,0.25,100,14,40,1730,36,0,4,1730,0.9,0.0,1.0,0.0,23.83723473548889
nbs_extent,threshold=3.5,hub,0.25,100,16,40,1730,37,0,3,1730,0.925,0.0,1.0,0.0,23.282960653305054
nbs_extent,threshold=3.5,hub,0.25,100,17,40,1730,33,0,7,1730,0.825,0.0,1.0,0.0,23.342702388763428
nbs_extent,threshold=3.5,hub,0.25,100,13,40,1730,36,1,4,1729,0.9,0.0005780346820809,0.972972972972973,0.027027027027027,25.808369159698486
nbs_extent,threshold=3.5,hub,0.25,100,15,40,1730,33,0,7,1730,0.825,0.0,1.0,0.0,24.35297417640686
nbs_extent,threshold=3.5,hub,0.25,100,19,40,1730,32,0,8,1730,0.8,0.0,1.0,0.0,23.80358624458313
nbs_extent,threshold=3.5,hub,0.25,100,18,40,1730,26,0,14,1730,0.65,0.0,1.0,0.0,24.72554063796997
nbs_extent,threshold=3.5,hub,0.25,100,20,40,1730,37,1,3,1729,0.925,0.0005780346820809,0.9736842105263158,0.0263157894736842,24.085551500320435
nbs_extent,threshold=3.5,hub,0.25,100,21,40,1730,38,0,2,1730,0.95,0.0,1.0,0.0,23.42952847480774
nbs_extent,threshold=3.5,hub,0.25,100,22,40,1730,33,1,7,1729,0.825,0.0005780346820809,0.9705882352941176,0.0294117647058823,23.21341300010681
nbs_extent,threshold=3.5,hub,0.25,100,24,40,1730,36,0,4,1730,0.9,0.0,1.0,0.0,23.68975305557251
nbs_extent,threshold=3.5,hub,0.25,100,23,40,1730,35,0,5,1730,0.875,0.0,1.0,0.0,24.08528995513916
nbs_extent,threshold=3.5,hub,0.25,100,25,40,1730,35,0,5,1730,0.875,0.0,1.0,0.0,23.966335773468018
nbs_extent,threshold=3.5,hub,0.25,100,26,40,1730,36,0,4,1730,0.9,0.0,1.0,0.0,23.213538885116577
nbs_extent,threshold=3.5,hub,0.25,100,27,40,1730,31,1,9,1729,0.775,0.0005780346820809,0.96875,0.03125,23.823793172836304
nbs_extent,threshold=3.5,hub,0.25,100,28,40,1730,35,0,5,1730,0.875,0.0,1.0,0.0,23.305981636047363
nbs_intensity,threshold=1.0,hub,0.25,100,0,40,1730,40,362,0,1368,1.0,0.2092485549132948,0.099502487562189,0.900497512437811,22.426414489746094
nbs_extent,threshold=3.5,hub,0.25,100,29,40,1730,36,0,4,1730,0.9,0.0,1.0,0.0,23.805636882781982
nbs_intensity,threshold=1.0,hub,0.25,100,1,40,1730,40,384,0,1346,1.0,0.2219653179190751,0.0943396226415094,0.9056603773584906,23.641552925109863
nbs_intensity,threshold=1.0,hub,0.25,100,4,40,1730,40,351,0,1379,1.0,0.2028901734104046,0.1023017902813299,0.8976982097186701,22.993867874145508
nbs_intensity,threshold=1.0,hub,0.25,100,3,40,1730,0,0,40,1730,0.0,0.0,0.0,0.0,23.44470500946045
nbs_intensity,threshold=1.0,hub,0.25,100,2,40,1730,40,291,0,1439,1.0,0.1682080924855491,0.120845921450151,0.879154078549849,23.93576979637146
nbs_intensity,threshold=1.0,hub,0.25,100,5,40,1730,40,310,0,1420,1.0,0.1791907514450867,0.1142857142857142,0.8857142857142857,24.830957889556885
nbs_intensity,threshold=1.0,hub,0.25,100,6,40,1730,0,0,40,1730,0.0,0.0,0.0,0.0,23.402828693389893
nbs_intensity,threshold=1.0,hub,0.25,100,7,40,1730,40,341,0,1389,1.0,0.1971098265895954,0.1049868766404199,0.89501312335958,23.623092889785767
nbs_intensity,threshold=1.0,hub,0.25,100,8,40,1730,0,0,40,1730,0.0,0.0,0.0,0.0,24.36058616638184
nbs_intensity,threshold=1.0,hub,0.25,100,9,40,1730,0,0,40,1730,0.0,0.0,0.0,0.0,23.95410704612732
nbs_intensity,threshold=1.0,hub,0.25,100,10,40,1730,40,315,0,1415,1.0,0.1820809248554913,0.1126760563380281,0.8873239436619719,23.786460638046265
nbs_intensity,threshold=1.0,hub,0.25,100,11,40,1730,0,0,40,1730,0.0,0.0,0.0,0.0,23.95030879974365
nbs_intensity,threshold=1.0,hub,0.25,100,12,40,1730,0,0,40,1730,0.0,0.0,0.0,0.0,23.315378665924072
nbs_intensity,threshold=1.0,hub,0.25,100,13,40,1730,0,0,40,1730,0.0,0.0,0.0,0.0,23.36621046066284
nbs_intensity,threshold=1.0,hub,0.25,100,14,40,1730,40,311,0,1419,1.0,0.1797687861271676,0.1139601139601139,0.886039886039886,24.228932857513428
nbs_intensity,threshold=1.0,hub,0.25,100,16,40,1730,40,310,0,1420,1.0,0.1791907514450867,0.1142857142857142,0.8857142857142857,22.6606719493866
nbs_intensity,threshold=1.0,hub,0.25,100,15,40,1730,0,0,40,1730,0.0,0.0,0.0,0.0,23.574874877929688
nbs_intensity,threshold=1.0,hub,0.25,100,19,40,1730,40,335,0,1395,1.0,0.1936416184971098,0.1066666666666666,0.8933333333333333,23.56235790252685
nbs_intensity,threshold=1.0,hub,0.25,100,18,40,1730,0,0,40,1730,0.0,0.0,0.0,0.0,23.92790269851685
nbs_intensity,threshold=1.0,hub,0.25,100,21,40,1730,40,336,0,1394,1.0,0.1942196531791907,0.1063829787234042,0.8936170212765957,22.5784080028534
nbs_intensity,threshold=1.0,hub,0.25,100,17,40,1730,0,0,40,1730,0.0,0.0,0.0,0.0,24.746988534927368
nbs_intensity,threshold=1.0,hub,0.25,100,20,40,1730,40,372,0,1358,1.0,0.215028901734104,0.0970873786407767,0.9029126213592232,24.126134872436523
nbs_intensity,threshold=1.0,hub,0.25,100,23,40,1730,0,0,40,1730,0.0,0.0,0.0,0.0,22.963746070861816
nbs_intensity,threshold=1.0,hub,0.25,100,22,40,1730,0,0,40,1730,0.0,0.0,0.0,0.0,23.6514265537262
nbs_intensity,threshold=1.0,hub,0.25,100,24,40,1730,0,0,40,1730,0.0,0.0,0.0,0.0,23.41447138786316
nbs_intensity,threshold=1.0,hub,0.25,100,26,40,1730,40,344,0,1386,1.0,0.1988439306358381,0.1041666666666666,0.8958333333333334,22.64311456680298
nbs_intensity,threshold=1.0,hub,0.25,100,27,40,1730,0,0,40,1730,0.0,0.0,0.0,0.0,23.671866416931152
nbs_intensity,threshold=1.0,hub,0.25,100,25,40,1730,0,0,40,1730,0.0,0.0,0.0,0.0,24.406939268112183
nbs_intensity,threshold=1.0,hub,0.25,100,28,40,1730,0,0,40,1730,0.0,0.0,0.0,0.0,22.97334146499633
nbs_intensity,threshold=1.5,hub,0.25,100,0,40,1730,40,164,0,1566,1.0,0.0947976878612716,0.196078431372549,0.803921568627451,23.17898416519165
nbs_intensity,threshold=1.0,hub,0.25,100,29,40,1730,0,0,40,1730,0.0,0.0,0.0,0.0,23.476874351501465
nbs_intensity,threshold=1.5,hub,0.25,100,1,40,1730,40,143,0,1587,1.0,0.0826589595375722,0.2185792349726776,0.7814207650273224,23.42198848724365
nbs_intensity,threshold=1.5,hub,0.25,100,3,40,1730,0,0,40,1730,0.0,0.0,0.0,0.0,22.603190183639526
nbs_intensity,threshold=1.5,hub,0.25,100,2,40,1730,40,146,0,1584,1.0,0.084393063583815,0.2150537634408602,0.7849462365591398,24.45695543289185
nbs_intensity,threshold=1.5,hub,0.25,100,5,40,1730,40,134,0,1596,1.0,0.0774566473988439,0.2298850574712643,0.7701149425287356,23.09374046325684
nbs_intensity,threshold=1.5,hub,0.25,100,4,40,1730,40,169,0,1561,1.0,0.0976878612716763,0.1913875598086124,0.8086124401913876,23.880491971969604
nbs_intensity,threshold=1.5,hub,0.25,100,6,40,1730,40,102,0,1628,1.0,0.0589595375722543,0.2816901408450704,0.7183098591549296,24.82121467590332
nbs_intensity,threshold=1.5,hub,0.25,100,9,40,1730,0,0,40,1730,0.0,0.0,0.0,0.0,22.75038480758667
nbs_intensity,threshold=1.5,hub,0.25,100,7,40,1730,40,165,0,1565,1.0,0.0953757225433526,0.1951219512195122,0.8048780487804879,24.146875858306885
nbs_intensity,threshold=1.5,hub,0.25,100,8,40,1730,0,0,40,1730,0.0,0.0,0.0,0.0,24.91737151145935
nbs_intensity,threshold=1.5,hub,0.25,100,11,40,1730,40,116,0,1614,1.0,0.0670520231213872,0.2564102564102564,0.7435897435897436,23.60886788368225
nbs_intensity,threshold=1.5,hub,0.25,100,10,40,1730,40,134,0,1596,1.0,0.0774566473988439,0.2298850574712643,0.7701149425287356,24.438936948776245
nbs_intensity,threshold=1.5,hub,0.25,100,12,40,1730,0,0,40,1730,0.0,0.0,0.0,0.0,23.497783422470093
nbs_intensity,threshold=1.5,hub,0.25,100,15,40,1730,40,109,0,1621,1.0,0.0630057803468208,0.2684563758389262,0.7315436241610739,23.05293798446656
nbs_intensity,threshold=1.5,hub,0.25,100,13,40,1730,39,118,1,1612,0.975,0.0682080924855491,0.2484076433121019,0.7515923566878981,24.345821380615234
nbs_intensity,threshold=1.5,hub,0.25,100,14,40,1730,40,130,0,1600,1.0,0.0751445086705202,0.2352941176470588,0.7647058823529411,24.201632738113403
nbs_intensity,threshold=1.5,hub,0.25,100,16,40,1730,40,120,0,1610,1.0,0.0693641618497109,0.25,0.75,22.59995937347412
nbs_intensity,threshold=1.5,hub,0.25,100,17,40,1730,0,0,40,1730,0.0,0.0,0.0,0.0,22.28164434432984
nbs_intensity,threshold=1.5,hub,0.25,100,18,40,1730,0,0,40,1730,0.0,0.0,0.0,0.0,23.73985290527344
nbs_intensity,threshold=1.5,hub,0.25,100,21,40,1730,40,139,0,1591,1.0,0.0803468208092485,0.2234636871508379,0.776536312849162,23.76735663414001
nbs_intensity,threshold=1.5,hub,0.25,100,22,40,1730,40,110,0,1620,1.0,0.0635838150289017,0.2666666666666666,0.7333333333333333,23.72028350830078
nbs_intensity,threshold=1.5,hub,0.25,100,20,40,1730,40,148,0,1582,1.0,0.0855491329479768,0.2127659574468085,0.7872340425531915,24.518743991851807
nbs_intensity,threshold=1.5,hub,0.25,100,19,40,1730,40,135,0,1595,1.0,0.0780346820809248,0.2285714285714285,0.7714285714285715,24.91591763496399
nbs_intensity,threshold=1.5,hub,0.25,100,23,40,1730,40,100,0,1630,1.0,0.0578034682080924,0.2857142857142857,0.7142857142857143,23.56209444999695
nbs_intensity,threshold=1.5,hub,0.25,100,24,40,1730,40,110,0,1620,1.0,0.0635838150289017,0.2666666666666666,0.7333333333333333,23.498934507369995
nbs_intensity,threshold=1.5,hub,0.25,100,25,40,1730,0,0,40,1730,0.0,0.0,0.0,0.0,23.939971446990967
nbs_intensity,threshold=2.0,hub,0.25,100,2,40,1730,39,55,1,1675,0.975,0.0317919075144508,0.4148936170212766,0.5851063829787234,20.301212549209595
nbs_intensity,threshold=1.5,hub,0.25,100,26,40,1730,40,142,0,1588,1.0,0.0820809248554913,0.2197802197802197,0.7802197802197802,24.56694912910461
nbs_intensity,threshold=1.5,hub,0.25,100,28,40,1730,0,0,40,1730,0.0,0.0,0.0,0.0,23.405710697174072
nbs_intensity,threshold=1.5,hub,0.25,100,27,40,1730,0,0,40,1730,0.0,0.0,0.0,0.0,25.57416796684265
nbs_intensity,threshold=2.0,hub,0.25,100,0,40,1730,39,63,1,1667,0.975,0.0364161849710982,0.3823529411764705,0.6176470588235294,24.257270336151123
nbs_intensity,threshold=1.5,hub,0.25,100,29,40,1730,0,0,40,1730,0.0,0.0,0.0,0.0,24.695738315582275
nbs_intensity,threshold=2.0,hub,0.25,100,1,40,1730,40,52,0,1678,1.0,0.030057803468208,0.4347826086956521,0.5652173913043478,23.265342473983765
nbs_intensity,threshold=2.0,hub,0.25,100,3,40,1730,40,28,0,1702,1.0,0.0161849710982658,0.5882352941176471,0.4117647058823529,23.934139728546143
nbs_intensity,threshold=2.0,hub,0.25,100,5,40,1730,40,44,0,1686,1.0,0.0254335260115606,0.4761904761904761,0.5238095238095238,23.221104621887207
nbs_intensity,threshold=2.0,hub,0.25,100,6,40,1730,40,34,0,1696,1.0,0.0196531791907514,0.5405405405405406,0.4594594594594595,23.34454774856568
nbs_intensity,threshold=2.0,hub,0.25,100,7,40,1730,39,57,1,1673,0.975,0.0329479768786127,0.40625,0.59375,23.74532580375672
nbs_intensity,threshold=2.0,hub,0.25,100,4,40,1730,40,59,0,1671,1.0,0.0341040462427745,0.404040404040404,0.5959595959595959,26.530762434005737
nbs_intensity,threshold=2.0,hub,0.25,100,9,40,1730,39,28,1,1702,0.975,0.0161849710982658,0.582089552238806,0.417910447761194,22.91383385658264
nbs_intensity,threshold=2.0,hub,0.25,100,8,40,1730,38,28,2,1702,0.95,0.0161849710982658,0.5757575757575758,0.4242424242424242,24.41639757156372
nbs_intensity,threshold=2.0,hub,0.25,100,10,40,1730,40,65,0,1665,1.0,0.0375722543352601,0.3809523809523809,0.6190476190476191,23.50696516036988
nbs_intensity,threshold=2.0,hub,0.25,100,11,40,1730,40,33,0,1697,1.0,0.0190751445086705,0.547945205479452,0.4520547945205479,24.63535594940185
nbs_intensity,threshold=2.0,hub,0.25,100,13,40,1730,39,41,1,1689,0.975,0.0236994219653179,0.4875,0.5125,23.467738151550293
nbs_intensity,threshold=2.0,hub,0.25,100,12,40,1730,40,15,0,1715,1.0,0.0086705202312138,0.7272727272727273,0.2727272727272727,24.398865461349487
nbs_intensity,threshold=2.0,hub,0.25,100,18,40,1730,39,29,1,1701,0.975,0.0167630057803468,0.5735294117647058,0.4264705882352941,20.606131315231323
nbs_intensity,threshold=2.0,hub,0.25,100,14,40,1730,40,46,0,1684,1.0,0.0265895953757225,0.4651162790697674,0.5348837209302325,23.791112422943115
nbs_intensity,threshold=2.0,hub,0.25,100,15,40,1730,39,30,1,1700,0.975,0.0173410404624277,0.5652173913043478,0.4347826086956521,22.956273078918457
nbs_intensity,threshold=2.0,hub,0.25,100,16,40,1730,40,43,0,1687,1.0,0.0248554913294797,0.4819277108433735,0.5180722891566265,23.508724451065063
nbs_intensity,threshold=2.0,hub,0.25,100,19,40,1730,40,36,0,1694,1.0,0.0208092485549132,0.5263157894736842,0.4736842105263157,23.66651725769043
nbs_intensity,threshold=2.0,hub,0.25,100,17,40,1730,40,17,0,1713,1.0,0.0098265895953757,0.7017543859649122,0.2982456140350877,26.335917234420776
nbs_intensity,threshold=2.0,hub,0.25,100,20,40,1730,40,45,0,1685,1.0,0.0260115606936416,0.4705882352941176,0.5294117647058824,24.876569747924805
nbs_intensity,threshold=2.0,hub,0.25,100,23,40,1730,40,31,0,1699,1.0,0.0179190751445086,0.5633802816901409,0.4366197183098591,23.77153968811035
nbs_intensity,threshold=2.0,hub,0.25,100,25,40,1730,39,22,1,1708,0.975,0.0127167630057803,0.639344262295082,0.360655737704918,23.26839303970337
nbs_intensity,threshold=2.0,hub,0.25,100,22,40,1730,40,40,0,1690,1.0,0.0231213872832369,0.5,0.5,24.489890575408936
nbs_intensity,threshold=2.0,hub,0.25,100,28,40,1730,40,23,0,1707,1.0,0.0132947976878612,0.6349206349206349,0.365079365079365,21.090686798095703
nbs_intensity,threshold=2.0,hub,0.25,100,26,40,1730,40,52,0,1678,1.0,0.030057803468208,0.4347826086956521,0.5652173913043478,23.73385071754456
nbs_intensity,threshold=2.0,hub,0.25,100,21,40,1730,40,46,0,1684,1.0,0.0265895953757225,0.4651162790697674,0.5348837209302325,25.493427991867065
nbs_intensity,threshold=2.0,hub,0.25,100,24,40,1730,39,37,1,1693,0.975,0.0213872832369942,0.5131578947368421,0.4868421052631579,25.326725721359253
nbs_intensity,threshold=2.5,hub,0.25,100,4,40,1730,39,21,1,1709,0.975,0.0121387283236994,0.65,0.35,20.82982707023621
nbs_intensity,threshold=2.0,hub,0.25,100,29,40,1730,40,23,0,1707,1.0,0.0132947976878612,0.6349206349206349,0.365079365079365,23.99408912658692
nbs_intensity,threshold=2.0,hub,0.25,100,27,40,1730,38,30,2,1700,0.95,0.0173410404624277,0.5588235294117647,0.4411764705882353,25.9291672706604
nbs_intensity,threshold=2.5,hub,0.25,100,0,40,1730,38,28,2,1702,0.95,0.0161849710982658,0.5757575757575758,0.4242424242424242,23.70329642295837
nbs_intensity,threshold=2.5,hub,0.25,100,2,40,1730,39,16,1,1714,0.975,0.0092485549132947,0.7090909090909091,0.2909090909090909,22.65909767150879
nbs_intensity,threshold=2.5,hub,0.25,100,3,40,1730,39,5,1,1725,0.975,0.0028901734104046,0.8863636363636364,0.1136363636363636,22.5364842414856
nbs_intensity,threshold=2.5,hub,0.25,100,1,40,1730,40,16,0,1714,1.0,0.0092485549132947,0.7142857142857143,0.2857142857142857,23.56269645690918
nbs_intensity,threshold=2.5,hub,0.25,100,5,40,1730,40,16,0,1714,1.0,0.0092485549132947,0.7142857142857143,0.2857142857142857,24.001803636550903
nbs_intensity,threshold=2.5,hub,0.25,100,6,40,1730,40,10,0,1720,1.0,0.0057803468208092,0.8,0.2,23.766313791275024
nbs_intensity,threshold=2.5,hub,0.25,100,7,40,1730,38,17,2,1713,0.95,0.0098265895953757,0.6909090909090909,0.3090909090909091,23.98753142356873
nbs_intensity,threshold=2.5,hub,0.25,100,8,40,1730,37,4,3,1726,0.925,0.0023121387283236,0.902439024390244,0.0975609756097561,24.56682825088501
nbs_intensity,threshold=2.5,hub,0.25,100,11,40,1730,40,9,0,1721,1.0,0.0052023121387283,0.8163265306122449,0.1836734693877551,23.00649785995484
nbs_intensity,threshold=2.5,hub,0.25,100,9,40,1730,39,4,1,1726,0.975,0.0023121387283236,0.9069767441860463,0.0930232558139534,24.04455304145813
nbs_intensity,threshold=2.5,hub,0.25,100,12,40,1730,39,1,1,1729,0.975,0.0005780346820809,0.975,0.025,22.823708295822144
nbs_intensity,threshold=2.5,hub,0.25,100,10,40,1730,40,29,0,1701,1.0,0.0167630057803468,0.5797101449275363,0.4202898550724637,23.979252576828003
nbs_intensity,threshold=2.5,hub,0.25,100,13,40,1730,39,8,1,1722,0.975,0.0046242774566473,0.8297872340425532,0.1702127659574468,23.125046253204346
nbs_intensity,threshold=2.5,hub,0.25,100,14,40,1730,40,12,0,1718,1.0,0.006936416184971,0.7692307692307693,0.2307692307692307,22.652364015579224
nbs_intensity,threshold=2.5,hub,0.25,100,15,40,1730,39,7,1,1723,0.975,0.0040462427745664,0.8478260869565217,0.1521739130434782,24.2270622253418
nbs_intensity,threshold=2.5,hub,0.25,100,16,40,1730,40,12,0,1718,1.0,0.006936416184971,0.7692307692307693,0.2307692307692307,23.90349102020264
nbs_intensity,threshold=2.5,hub,0.25,100,17,40,1730,40,2,0,1728,1.0,0.0011560693641618,0.9523809523809524,0.0476190476190476,24.50260663032532
nbs_intensity,threshold=2.5,hub,0.25,100,18,40,1730,36,6,4,1724,0.9,0.0034682080924855,0.8571428571428571,0.1428571428571428,24.535887718200684
nbs_intensity,threshold=2.5,hub,0.25,100,19,40,1730,40,9,0,1721,1.0,0.0052023121387283,0.8163265306122449,0.1836734693877551,24.51587009429932
nbs_intensity,threshold=2.5,hub,0.25,100,20,40,1730,39,18,1,1712,0.975,0.0104046242774566,0.6842105263157895,0.3157894736842105,24.34304928779602
nbs_intensity,threshold=2.5,hub,0.25,100,21,40,1730,40,10,0,1720,1.0,0.0057803468208092,0.8,0.2,23.44065761566162
nbs_intensity,threshold=2.5,hub,0.25,100,24,40,1730,39,5,1,1725,0.975,0.0028901734104046,0.8863636363636364,0.1136363636363636,22.503201723098755
nbs_intensity,threshold=2.5,hub,0.25,100,23,40,1730,40,5,0,1725,1.0,0.0028901734104046,0.8888888888888888,0.1111111111111111,22.70617198944092
nbs_intensity,threshold=2.5,hub,0.25,100,22,40,1730,40,10,0,1720,1.0,0.0057803468208092,0.8,0.2,24.53268551826477
nbs_intensity,threshold=2.5,hub,0.25,100,28,40,1730,40,3,0,1727,1.0,0.0017341040462427,0.9302325581395348,0.0697674418604651,23.331121683120728
nbs_intensity,threshold=2.5,hub,0.25,100,27,40,1730,37,8,3,1722,0.925,0.0046242774566473,0.8222222222222222,0.1777777777777777,23.77406311035156
nbs_intensity,threshold=2.5,hub,0.25,100,25,40,1730,39,5,1,1725,0.975,0.0028901734104046,0.8863636363636364,0.1136363636363636,24.572184801101685
nbs_intensity,threshold=2.5,hub,0.25,100,26,40,1730,39,15,1,1715,0.975,0.0086705202312138,0.7222222222222222,0.2777777777777778,24.73777985572815
nbs_intensity,threshold=3.0,hub,0.25,100,3,40,1730,38,4,2,1726,0.95,0.0023121387283236,0.9047619047619048,0.0952380952380952,21.06013059616089
nbs_intensity,threshold=3.0,hub,0.25,100,4,40,1730,38,5,2,1725,0.95,0.0028901734104046,0.8837209302325582,0.1162790697674418,21.22453808784485
nbs_intensity,threshold=2.5,hub,0.25,100,29,40,1730,39,3,1,1727,0.975,0.0017341040462427,0.9285714285714286,0.0714285714285714,25.50369644165039
nbs_intensity,threshold=3.0,hub,0.25,100,0,40,1730,37,6,3,1724,0.925,0.0034682080924855,0.8604651162790697,0.1395348837209302,24.510326147079468
nbs_intensity,threshold=3.0,hub,0.25,100,6,40,1730,40,1,0,1729,1.0,0.0005780346820809,0.975609756097561,0.024390243902439,22.60280704498291
nbs_intensity,threshold=3.0,hub,0.25,100,5,40,1730,40,6,0,1724,1.0,0.0034682080924855,0.8695652173913043,0.1304347826086956,23.26291418075561
nbs_intensity,threshold=3.0,hub,0.25,100,1,40,1730,38,1,2,1729,0.95,0.0005780346820809,0.9743589743589745,0.0256410256410256,25.0984001159668
nbs_intensity,threshold=3.0,hub,0.25,100,2,40,1730,38,0,2,1730,0.95,0.0,1.0,0.0,24.83250212669373
nbs_intensity,threshold=3.0,hub,0.25,100,8,40,1730,33,1,7,1729,0.825,0.0005780346820809,0.9705882352941176,0.0294117647058823,25.070772886276245
nbs_intensity,threshold=3.0,hub,0.25,100,10,40,1730,40,2,0,1728,1.0,0.0011560693641618,0.9523809523809524,0.0476190476190476,23.08034610748291
nbs_intensity,threshold=3.0,hub,0.25,100,7,40,1730,37,5,3,1725,0.925,0.0028901734104046,0.8809523809523809,0.119047619047619,25.769455194473267
nbs_intensity,threshold=3.0,hub,0.25,100,15,40,1730,36,2,4,1728,0.9,0.0011560693641618,0.9473684210526316,0.0526315789473684,20.36271595954895
nbs_intensity,threshold=3.0,hub,0.25,100,11,40,1730,37,0,3,1730,0.925,0.0,1.0,0.0,23.348665475845337
nbs_intensity,threshold=3.0,hub,0.25,100,13,40,1730,39,3,1,1727,0.975,0.0017341040462427,0.9285714285714286,0.0714285714285714,23.13545870780945
nbs_intensity,threshold=3.0,hub,0.25,100,9,40,1730,34,1,6,1729,0.85,0.0005780346820809,0.9714285714285714,0.0285714285714285,25.81044244766236
nbs_intensity,threshold=3.0,hub,0.25,100,14,40,1730,37,2,3,1728,0.925,0.0011560693641618,0.9487179487179488,0.0512820512820512,23.51079678535461
nbs_intensity,threshold=3.0,hub,0.25,100,12,40,1730,37,0,3,1730,0.925,0.0,1.0,0.0,24.63448548316956
nbs_intensity,threshold=3.0,hub,0.25,100,17,40,1730,36,1,4,1729,0.9,0.0005780346820809,0.972972972972973,0.027027027027027,22.970874309539795
nbs_intensity,threshold=3.0,hub,0.25,100,16,40,1730,39,3,1,1727,0.975,0.0017341040462427,0.9285714285714286,0.0714285714285714,25.126550912857056
nbs_intensity,threshold=3.0,hub,0.25,100,18,40,1730,32,1,8,1729,0.8,0.0005780346820809,0.9696969696969696,0.0303030303030303,23.62261438369751
nbs_intensity,threshold=3.0,hub,0.25,100,19,40,1730,35,2,5,1728,0.875,0.0011560693641618,0.945945945945946,0.054054054054054,23.538124084472656
nbs_intensity,threshold=3.0,hub,0.25,100,21,40,1730,40,2,0,1728,1.0,0.0011560693641618,0.9523809523809524,0.0476190476190476,23.60037851333618
nbs_intensity,threshold=3.0,hub,0.25,100,20,40,1730,38,4,2,1726,0.95,0.0023121387283236,0.9047619047619048,0.0952380952380952,24.859583854675293
nbs_intensity,threshold=3.0,hub,0.25,100,22,40,1730,39,2,1,1728,0.975,0.0011560693641618,0.951219512195122,0.048780487804878,25.106152534484863
nbs_intensity,threshold=3.0,hub,0.25,100,25,40,1730,36,1,4,1729,0.9,0.0005780346820809,0.972972972972973,0.027027027027027,23.210693359375
nbs_intensity,threshold=3.0,hub,0.25,100,24,40,1730,39,1,1,1729,0.975,0.0005780346820809,0.975,0.025,24.0938618183136
nbs_intensity,threshold=3.0,hub,0.25,100,23,40,1730,38,2,2,1728,0.95,0.0011560693641618,0.95,0.05,26.23765063285828
nbs_intensity,threshold=3.0,hub,0.25,100,27,40,1730,32,3,8,1727,0.8,0.0017341040462427,0.9142857142857144,0.0857142857142857,23.105138540267944
nbs_intensity,threshold=3.0,hub,0.25,100,26,40,1730,38,4,2,1726,0.95,0.0023121387283236,0.9047619047619048,0.0952380952380952,24.22865128517151
nbs_intensity,threshold=3.5,hub,0.25,100,0,40,1730,33,2,7,1728,0.825,0.0011560693641618,0.9428571428571428,0.0571428571428571,23.1069016456604
nbs_intensity,threshold=3.5,hub,0.25,100,2,40,1730,35,0,5,1730,0.875,0.0,1.0,0.0,22.51943731307984
nbs_intensity,threshold=3.5,hub,0.25,100,1,40,1730,34,0,6,1730,0.85,0.0,1.0,0.0,23.53439927101136
nbs_intensity,threshold=3.0,hub,0.25,100,29,40,1730,39,1,1,1729,0.975,0.0005780346820809,0.975,0.025,24.135579586029053
nbs_intensity,threshold=3.0,hub,0.25,100,28,40,1730,38,0,2,1730,0.95,0.0,1.0,0.0,25.24494433403015
nbs_intensity,threshold=3.5,hub,0.25,100,7,40,1730,33,2,7,1728,0.825,0.0011560693641618,0.9428571428571428,0.0571428571428571,21.959956884384155
nbs_intensity,threshold=3.5,hub,0.25,100,4,40,1730,37,2,3,1728,0.925,0.0011560693641618,0.9487179487179488,0.0512820512820512,23.345298051834103
nbs_intensity,threshold=3.5,hub,0.25,100,6,40,1730,40,0,0,1730,1.0,0.0,1.0,0.0,23.20043683052063
nbs_intensity,threshold=3.5,hub,0.25,100,5,40,1730,38,1,2,1729,0.95,0.0005780346820809,0.9743589743589745,0.0256410256410256,23.53984427452088
nbs_intensity,threshold=3.5,hub,0.25,100,3,40,1730,34,1,6,1729,0.85,0.0005780346820809,0.9714285714285714,0.0285714285714285,24.13823747634888
nbs_intensity,threshold=3.5,hub,0.25,100,8,40,1730,26,1,14,1729,0.65,0.0005780346820809,0.9629629629629628,0.037037037037037,23.84174108505249
nbs_intensity,threshold=3.5,hub,0.25,100,9,40,1730,27,0,13,1730,0.675,0.0,1.0,0.0,23.52742409706116
nbs_intensity,threshold=3.5,hub,0.25,100,10,40,1730,34,0,6,1730,0.85,0.0,1.0,0.0,23.335134029388428
nbs_intensity,threshold=3.5,hub,0.25,100,16,40,1730,37,0,3,1730,0.925,0.0,1.0,0.0,21.969640970230103
nbs_intensity,threshold=3.5,hub,0.25,100,12,40,1730,35,0,5,1730,0.875,0.0,1.0,0.0,22.97676181793213
nbs_intensity,threshold=3.5,hub,0.25,100,14,40,1730,36,0,4,1730,0.9,0.0,1.0,0.0,23.24461531639099
nbs_intensity,threshold=3.5,hub,0.25,100,15,40,1730,33,0,7,1730,0.825,0.0,1.0,0.0,25.284080505371094
nbs_intensity,threshold=3.5,hub,0.25,100,17,40,1730,33,0,7,1730,0.825,0.0,1.0,0.0,24.241170167922974
nbs_intensity,threshold=3.5,hub,0.25,100,20,40,1730,37,0,3,1730,0.925,0.0,1.0,0.0,20.194211721420288
nbs_intensity,threshold=3.5,hub,0.25,100,13,40,1730,36,1,4,1729,0.9,0.0005780346820809,0.972972972972973,0.027027027027027,26.9318687915802
nbs_intensity,threshold=3.5,hub,0.25,100,11,40,1730,35,0,5,1730,0.875,0.0,1.0,0.0,27.95595407485962
nbs_intensity,threshold=3.5,hub,0.25,100,18,40,1730,26,0,14,1730,0.65,0.0,1.0,0.0,23.37278413772583
nbs_intensity,threshold=3.5,hub,0.25,100,21,40,1730,38,0,2,1730,0.95,0.0,1.0,0.0,21.826185703277588
nbs_intensity,threshold=3.5,hub,0.25,100,19,40,1730,32,0,8,1730,0.8,0.0,1.0,0.0,24.2405526638031
nbs_intensity,threshold=3.5,hub,0.25,100,23,40,1730,35,0,5,1730,0.875,0.0,1.0,0.0,20.85914778709412
nbs_intensity,threshold=3.5,hub,0.25,100,22,40,1730,33,1,7,1729,0.825,0.0005780346820809,0.9705882352941176,0.0294117647058823,23.16504907608032
nbs_intensity,threshold=3.5,hub,0.25,100,25,40,1730,35,0,5,1730,0.875,0.0,1.0,0.0,22.12882971763611
nbs_intensity,threshold=3.5,hub,0.25,100,24,40,1730,36,0,4,1730,0.9,0.0,1.0,0.0,23.373139142990112
nbs_intensity,threshold=3.5,hub,0.25,100,26,40,1730,36,0,4,1730,0.9,0.0,1.0,0.0,22.879661798477173
nbs_intensity,threshold=3.5,hub,0.25,100,28,40,1730,35,0,5,1730,0.875,0.0,1.0,0.0,23.387029886245728
cnbs,,hub,0.25,100,0,40,1730,9,39,31,1691,0.225,0.022543352601156,0.1875,0.8125,22.889662504196167
cnbs,,hub,0.25,100,4,40,1730,12,77,28,1653,0.3,0.0445086705202312,0.1348314606741573,0.8651685393258427,21.33782649040222
cnbs,,hub,0.25,100,1,40,1730,9,71,31,1659,0.225,0.0410404624277456,0.1125,0.8875,23.43889045715332
nbs_intensity,threshold=3.5,hub,0.25,100,29,40,1730,36,0,4,1730,0.9,0.0,1.0,0.0,24.36608362197876
cnbs,,hub,0.25,100,2,40,1730,9,46,31,1684,0.225,0.0265895953757225,0.1636363636363636,0.8363636363636363,23.33087658882141
cnbs,,hub,0.25,100,9,40,1730,20,181,20,1549,0.5,0.1046242774566474,0.099502487562189,0.900497512437811,21.57299494743347
cnbs,,hub,0.25,100,5,40,1730,30,335,10,1395,0.75,0.1936416184971098,0.0821917808219178,0.9178082191780822,22.830167770385746
cnbs,,hub,0.25,100,3,40,1730,8,52,32,1678,0.2,0.030057803468208,0.1333333333333333,0.8666666666666667,24.604851007461548
nbs_intensity,threshold=3.5,hub,0.25,100,27,40,1730,31,1,9,1729,0.775,0.0005780346820809,0.96875,0.03125,26.541609525680546
cnbs,,hub,0.25,100,8,40,1730,11,62,29,1668,0.275,0.0358381502890173,0.1506849315068493,0.8493150684931506,23.780643701553345
cnbs,,hub,0.25,100,6,40,1730,7,29,33,1701,0.175,0.0167630057803468,0.1944444444444444,0.8055555555555556,24.836678504943848
cnbs,,hub,0.25,100,7,40,1730,30,355,10,1375,0.75,0.2052023121387283,0.0779220779220779,0.922077922077922,24.65933394432068
cnbs,,hub,0.25,100,10,40,1730,10,59,30,1671,0.25,0.0341040462427745,0.144927536231884,0.855072463768116,24.76183772087097
cnbs,,hub,0.25,100,11,40,1730,21,102,19,1628,0.525,0.0589595375722543,0.1707317073170731,0.8292682926829268,21.865647077560425
cnbs,,hub,0.25,100,15,40,1730,10,44,30,1686,0.25,0.0254335260115606,0.1851851851851851,0.8148148148148148,21.282655239105225
cnbs,,hub,0.25,100,14,40,1730,9,68,31,1662,0.225,0.0393063583815028,0.1168831168831168,0.8831168831168831,22.277205228805546
cnbs,,hub,0.25,100,13,40,1730,9,46,31,1684,0.225,0.0265895953757225,0.1636363636363636,0.8363636363636363,24.117589235305783
cnbs,,hub,0.25,100,18,40,1730,19,125,21,1605,0.475,0.0722543352601156,0.1319444444444444,0.8680555555555556,21.292067527771
cnbs,,hub,0.25,100,12,40,1730,13,42,27,1688,0.325,0.0242774566473988,0.2363636363636363,0.7636363636363637,25.773891925811768
cnbs,,hub,0.25,100,17,40,1730,9,47,31,1683,0.225,0.0271676300578034,0.1607142857142857,0.8392857142857143,24.0193419456482
cnbs,,hub,0.25,100,20,40,1730,20,211,20,1519,0.5,0.1219653179190751,0.0865800865800865,0.9134199134199136,23.08869791030884
cnbs,,hub,0.25,100,16,40,1730,11,12,29,1718,0.275,0.006936416184971,0.4782608695652174,0.5217391304347826,24.8614342212677
cnbs,,hub,0.25,100,22,40,1730,0,0,40,1730,0.0,0.0,0.0,0.0,22.554104566574097
cnbs,,hub,0.25,100,21,40,1730,9,48,31,1682,0.225,0.0277456647398843,0.1578947368421052,0.8421052631578947,23.16150045394897
cnbs,,hub,0.25,100,19,40,1730,9,57,31,1673,0.225,0.0329479768786127,0.1363636363636363,0.8636363636363636,24.55357789993286
cnbs,,hub,0.25,100,24,40,1730,12,51,28,1679,0.3,0.0294797687861271,0.1904761904761904,0.8095238095238095,23.39217185974121
cnbs,,hub,0.25,100,23,40,1730,16,182,24,1548,0.4,0.1052023121387283,0.0808080808080808,0.9191919191919192,23.82949995994568
cnbs,,hub,0.25,100,25,40,1730,21,144,19,1586,0.525,0.0832369942196531,0.1272727272727272,0.8727272727272727,22.310498237609863
cnbs,,hub,0.25,100,26,40,1730,34,300,6,1430,0.85,0.1734104046242774,0.1017964071856287,0.8982035928143712,22.28434109687805
cnbs,,hub,0.25,100,28,40,1730,10,29,30,1701,0.25,0.0167630057803468,0.2564102564102564,0.7435897435897436,22.25744199752808
cnbs,,hub,0.25,100,27,40,1730,8,68,32,1662,0.2,0.0393063583815028,0.1052631578947368,0.8947368421052632,24.024590015411377
cnbs,,hub,0.25,100,29,40,1730,9,38,31,1692,0.225,0.0219653179190751,0.1914893617021276,0.8085106382978723,23.46605515480041
bonferroni,,hub,0.25,10,0,40,1730,0,0,40,1730,0.0,0.0,0.0,0.0,0.0263562202453613
bonferroni,,hub,0.25,10,1,40,1730,0,0,40,1730,0.0,0.0,0.0,0.0,0.0260961055755615
bonferroni,,hub,0.25,10,2,40,1730,0,0,40,1730,0.0,0.0,0.0,0.0,0.0249347686767578
bonferroni,,hub,0.25,10,3,40,1730,0,0,40,1730,0.0,0.0,0.0,0.0,0.0242488384246826
bonferroni,,hub,0.25,10,4,40,1730,0,0,40,1730,0.0,0.0,0.0,0.0,0.0265562534332275
bonferroni,,hub,0.25,10,5,40,1730,0,0,40,1730,0.0,0.0,0.0,0.0,0.02606201171875
bonferroni,,hub,0.25,10,6,40,1730,2,0,38,1730,0.05,0.0,1.0,0.0,0.0256738662719726
bonferroni,,hub,0.25,10,7,40,1730,0,0,40,1730,0.0,0.0,0.0,0.0,0.0274229049682617
bonferroni,,hub,0.25,10,8,40,1730,1,0,39,1730,0.025,0.0,1.0,0.0,0.0261957645416259
bonferroni,,hub,0.25,10,9,40,1730,0,0,40,1730,0.0,0.0,0.0,0.0,0.0257019996643066
bonferroni,,hub,0.25,10,10,40,1730,0,1,40,1729,0.0,0.0005780346820809,0.0,1.0,0.0261151790618896
bonferroni,,hub,0.25,10,11,40,1730,0,0,40,1730,0.0,0.0,0.0,0.0,0.0274839401245117
bonferroni,,hub,0.25,10,12,40,1730,0,0,40,1730,0.0,0.0,0.0,0.0,0.0256938934326171
bonferroni,,hub,0.25,10,13,40,1730,0,1,40,1729,0.0,0.0005780346820809,0.0,1.0,0.0260820388793945
bonferroni,,hub,0.25,10,14,40,1730,0,0,40,1730,0.0,0.0,0.0,0.0,0.0257899761199951
bonferroni,,hub,0.25,10,15,40,1730,0,0,40,1730,0.0,0.0,0.0,0.0,0.0254530906677246
bonferroni,,hub,0.25,10,16,40,1730,0,0,40,1730,0.0,0.0,0.0,0.0,0.0257160663604736
bonferroni,,hub,0.25,10,17,40,1730,0,0,40,1730,0.0,0.0,0.0,0.0,0.0256810188293457
bonferroni,,hub,0.25,10,18,40,1730,0,0,40,1730,0.0,0.0,0.0,0.0,0.0256071090698242
bonferroni,,hub,0.25,10,19,40,1730,0,0,40,1730,0.0,0.0,0.0,0.0,0.0622768402099609
bonferroni,,hub,0.25,10,20,40,1730,1,0,39,1730,0.025,0.0,1.0,0.0,0.0288310050964355
bonferroni,,hub,0.25,10,21,40,1730,0,0,40,1730,0.0,0.0,0.0,0.0,0.0253880023956298
bonferroni,,hub,0.25,10,22,40,1730,0,0,40,1730,0.0,0.0,0.0,0.0,0.0269021987915039
bonferroni,,hub,0.25,10,23,40,1730,0,0,40,1730,0.0,0.0,0.0,0.0,0.0249559879302978
bonferroni,,hub,0.25,10,24,40,1730,1,0,39,1730,0.025,0.0,1.0,0.0,0.0255470275878906
bonferroni,,hub,0.25,10,25,40,1730,0,0,40,1730,0.0,0.0,0.0,0.0,0.0261549949645996
bonferroni,,hub,0.25,10,26,40,1730,0,0,40,1730,0.0,0.0,0.0,0.0,0.0262708663940429
bonferroni,,hub,0.25,10,27,40,1730,0,0,40,1730,0.0,0.0,0.0,0.0,0.0254549980163574
bonferroni,,hub,0.25,10,28,40,1730,0,0,40,1730,0.0,0.0,0.0,0.0,0.0245389938354492
bonferroni,,hub,0.25,10,29,40,1730,0,2,40,1728,0.0,0.0011560693641618,0.0,1.0,0.0260069370269775
bonferroni,,hub,0.25,30,0,40,1730,1,0,39,1730,0.025,0.0,1.0,0.0,0.0657808780670166
bonferroni,,hub,0.25,30,1,40,1730,1,0,39,1730,0.025,0.0,1.0,0.0,0.0638341903686523
bonferroni,,hub,0.25,30,2,40,1730,8,0,32,1730,0.2,0.0,1.0,0.0,0.0642821788787841
bonferroni,,hub,0.25,30,3,40,1730,1,0,39,1730,0.025,0.0,1.0,0.0,0.0638351440429687
bonferroni,,hub,0.25,30,4,40,1730,8,0,32,1730,0.2,0.0,1.0,0.0,0.0611908435821533
bonferroni,,hub,0.25,30,5,40,1730,2,0,38,1730,0.05,0.0,1.0,0.0,0.061774730682373
bonferroni,,hub,0.25,30,6,40,1730,3,0,37,1730,0.075,0.0,1.0,0.0,0.0632412433624267
bonferroni,,hub,0.25,30,7,40,1730,0,0,40,1730,0.0,0.0,0.0,0.0,0.0643589496612548
bonferroni,,hub,0.25,30,8,40,1730,2,0,38,1730,0.05,0.0,1.0,0.0,0.0622098445892334
bonferroni,,hub,0.25,30,9,40,1730,0,0,40,1730,0.0,0.0,0.0,0.0,0.0637958049774169
bonferroni,,hub,0.25,30,10,40,1730,3,0,37,1730,0.075,0.0,1.0,0.0,0.0604560375213623
bonferroni,,hub,0.25,30,11,40,1730,5,0,35,1730,0.125,0.0,1.0,0.0,0.0607669353485107
bonferroni,,hub,0.25,30,12,40,1730,4,0,36,1730,0.1,0.0,1.0,0.0,0.0637447834014892
bonferroni,,hub,0.25,30,13,40,1730,5,1,35,1729,0.125,0.0005780346820809,0.8333333333333334,0.1666666666666666,0.0623462200164794
bonferroni,,hub,0.25,30,14,40,1730,5,0,35,1730,0.125,0.0,1.0,0.0,0.0622971057891845
bonferroni,,hub,0.25,30,15,40,1730,2,0,38,1730,0.05,0.0,1.0,0.0,0.0618259906768798
bonferroni,,hub,0.25,30,16,40,1730,6,0,34,1730,0.15,0.0,1.0,0.0,0.062223196029663
bonferroni,,hub,0.25,30,17,40,1730,8,0,32,1730,0.2,0.0,1.0,0.0,0.0650708675384521
bonferroni,,hub,0.25,30,18,40,1730,0,0,40,1730,0.0,0.0,0.0,0.0,0.065821886062622
bonferroni,,hub,0.25,30,19,40,1730,2,0,38,1730,0.05,0.0,1.0,0.0,0.0688838958740234
bonferroni,,hub,0.25,30,20,40,1730,1,0,39,1730,0.025,0.0,1.0,0.0,0.0672929286956787
bonferroni,,hub,0.25,30,21,40,1730,1,0,39,1730,0.025,0.0,1.0,0.0,0.0629839897155761
bonferroni,,hub,0.25,30,22,40,1730,0,0,40,1730,0.0,0.0,0.0,0.0,0.0608618259429931
bonferroni,,hub,0.25,30,23,40,1730,5,0,35,1730,0.125,0.0,1.0,0.0,0.0646800994873046
bonferroni,,hub,0.25,30,24,40,1730,2,0,38,1730,0.05,0.0,1.0,0.0,0.0627856254577636
bonferroni,,hub,0.25,30,25,40,1730,1,0,39,1730,0.025,0.0,1.0,0.0,0.0561251640319824
bonferroni,,hub,0.25,30,26,40,1730,8,0,32,1730,0.2,0.0,1.0,0.0,0.0636758804321289
bonferroni,,hub,0.25,30,27,40,1730,5,0,35,1730,0.125,0.0,1.0,0.0,0.0614290237426757
bonferroni,,hub,0.25,30,28,40,1730,7,1,33,1729,0.175,0.0005780346820809,0.875,0.125,0.0623729228973388
bonferroni,,hub,0.25,30,29,40,1730,5,0,35,1730,0.125,0.0,1.0,0.0,0.0639429092407226
bonferroni,,hub,0.25,50,0,40,1730,8,0,32,1730,0.2,0.0,1.0,0.0,0.1000330448150634
bonferroni,,hub,0.25,50,1,40,1730,16,0,24,1730,0.4,0.0,1.0,0.0,0.0973260402679443
bonferroni,,hub,0.25,50,2,40,1730,11,0,29,1730,0.275,0.0,1.0,0.0,0.099578857421875
bonferroni,,hub,0.25,50,3,40,1730,6,0,34,1730,0.15,0.0,1.0,0.0,0.1026711463928222
bonferroni,,hub,0.25,50,4,40,1730,5,0,35,1730,0.125,0.0,1.0,0.0,0.1008198261260986
bonferroni,,hub,0.25,50,5,40,1730,17,0,23,1730,0.425,0.0,1.0,0.0,0.0983762741088867
bonferroni,,hub,0.25,50,6,40,1730,8,0,32,1730,0.2,0.0,1.0,0.0,0.1032741069793701
bonferroni,,hub,0.25,50,7,40,1730,4,0,36,1730,0.1,0.0,1.0,0.0,0.1010670661926269
bonferroni,,hub,0.25,50,8,40,1730,10,0,30,1730,0.25,0.0,1.0,0.0,0.0998649597167968
bonferroni,,hub,0.25,50,9,40,1730,4,0,36,1730,0.1,0.0,1.0,0.0,0.0944881439208984
bonferroni,,hub,0.25,50,10,40,1730,5,0,35,1730,0.125,0.0,1.0,0.0,0.0978600978851318
bonferroni,,hub,0.25,50,11,40,1730,11,0,29,1730,0.275,0.0,1.0,0.0,0.0981779098510742
bonferroni,,hub,0.25,50,12,40,1730,10,0,30,1730,0.25,0.0,1.0,0.0,0.0952320098876953
bonferroni,,hub,0.25,50,13,40,1730,18,0,22,1730,0.45,0.0,1.0,0.0,0.0975058078765869
bonferroni,,hub,0.25,50,14,40,1730,10,0,30,1730,0.25,0.0,1.0,0.0,0.0975329875946044
bonferroni,,hub,0.25,50,15,40,1730,13,0,27,1730,0.325,0.0,1.0,0.0,0.1004920005798339
bonferroni,,hub,0.25,50,16,40,1730,21,0,19,1730,0.525,0.0,1.0,0.0,0.0950846672058105
bonferroni,,hub,0.25,50,17,40,1730,13,0,27,1730,0.325,0.0,1.0,0.0,0.1017746925354003
bonferroni,,hub,0.25,50,18,40,1730,14,0,26,1730,0.35,0.0,1.0,0.0,0.0926630496978759
bonferroni,,hub,0.25,50,19,40,1730,7,0,33,1730,0.175,0.0,1.0,0.0,0.0964758396148681
bonferroni,,hub,0.25,50,20,40,1730,4,0,36,1730,0.1,0.0,1.0,0.0,0.0937080383300781
bonferroni,,hub,0.25,50,21,40,1730,10,0,30,1730,0.25,0.0,1.0,0.0,0.09859299659729
bonferroni,,hub,0.25,50,22,40,1730,4,0,36,1730,0.1,0.0,1.0,0.0,0.0973207950592041
bonferroni,,hub,0.25,50,23,40,1730,13,0,27,1730,0.325,0.0,1.0,0.0,0.0989320278167724
bonferroni,,hub,0.25,50,24,40,1730,15,0,25,1730,0.375,0.0,1.0,0.0,0.0997290611267089
bonferroni,,hub,0.25,50,25,40,1730,5,0,35,1730,0.125,0.0,1.0,0.0,0.0990300178527832
bonferroni,,hub,0.25,50,26,40,1730,11,0,29,1730,0.275,0.0,1.0,0.0,0.104604959487915
bonferroni,,hub,0.25,50,27,40,1730,18,0,22,1730,0.45,0.0,1.0,0.0,0.0986318588256836
bonferroni,,hub,0.25,50,28,40,1730,13,0,27,1730,0.325,0.0,1.0,0.0,0.0967440605163574
bonferroni,,hub,0.25,50,29,40,1730,12,0,28,1730,0.3,0.0,1.0,0.0,0.0977919101715087
bonferroni,,hub,0.25,100,0,40,1730,25,0,15,1730,0.625,0.0,1.0,0.0,0.2022140026092529
bonferroni,,hub,0.25,100,1,40,1730,33,0,7,1730,0.825,0.0,1.0,0.0,0.1929101943969726
bonferroni,,hub,0.25,100,2,40,1730,30,0,10,1730,0.75,0.0,1.0,0.0,0.1871211528778076
bonferroni,,hub,0.25,100,3,40,1730,31,0,9,1730,0.775,0.0,1.0,0.0,0.1924240589141845
bonferroni,,hub,0.25,100,4,40,1730,32,0,8,1730,0.8,0.0,1.0,0.0,0.1853809356689453
bonferroni,,hub,0.25,100,5,40,1730,33,0,7,1730,0.825,0.0,1.0,0.0,0.1901078224182129
bonferroni,,hub,0.25,100,6,40,1730,33,0,7,1730,0.825,0.0,1.0,0.0,0.22648286819458
bonferroni,,hub,0.25,100,7,40,1730,27,0,13,1730,0.675,0.0,1.0,0.0,0.2008712291717529
bonferroni,,hub,0.25,100,8,40,1730,25,0,15,1730,0.625,0.0,1.0,0.0,0.1922738552093505
bonferroni,,hub,0.25,100,9,40,1730,18,0,22,1730,0.45,0.0,1.0,0.0,0.1918308734893798
bonferroni,,hub,0.25,100,10,40,1730,26,0,14,1730,0.65,0.0,1.0,0.0,0.1851270198822021
bonferroni,,hub,0.25,100,11,40,1730,31,0,9,1730,0.775,0.0,1.0,0.0,0.1927423477172851
bonferroni,,hub,0.25,100,12,40,1730,31,0,9,1730,0.775,0.0,1.0,0.0,0.1879670619964599
bonferroni,,hub,0.25,100,13,40,1730,31,0,9,1730,0.775,0.0,1.0,0.0,0.1966981887817382
bonferroni,,hub,0.25,100,14,40,1730,28,0,12,1730,0.7,0.0,1.0,0.0,0.1912519931793213
bonferroni,,hub,0.25,100,15,40,1730,29,0,11,1730,0.725,0.0,1.0,0.0,0.1902587413787841
bonferroni,,hub,0.25,100,16,40,1730,34,0,6,1730,0.85,0.0,1.0,0.0,0.1903989315032959
bonferroni,,hub,0.25,100,17,40,1730,23,0,17,1730,0.575,0.0,1.0,0.0,0.2082650661468505
bonferroni,,hub,0.25,100,18,40,1730,20,0,20,1730,0.5,0.0,1.0,0.0,0.1945219039916992
bonferroni,,hub,0.25,100,19,40,1730,26,0,14,1730,0.65,0.0,1.0,0.0,0.1864750385284423
bonferroni,,hub,0.25,100,20,40,1730,33,0,7,1730,0.825,0.0,1.0,0.0,0.1897459030151367
bonferroni,,hub,0.25,100,21,40,1730,33,0,7,1730,0.825,0.0,1.0,0.0,0.1941890716552734
bonferroni,,hub,0.25,100,22,40,1730,19,0,21,1730,0.475,0.0,1.0,0.0,0.1903958320617675
bonferroni,,hub,0.25,100,23,40,1730,26,0,14,1730,0.65,0.0,1.0,0.0,0.1980938911437988
bonferroni,,hub,0.25,100,24,40,1730,35,0,5,1730,0.875,0.0,1.0,0.0,0.1913158893585205
bonferroni,,hub,0.25,100,25,40,1730,30,0,10,1730,0.75,0.0,1.0,0.0,0.1867210865020752
bonferroni,,hub,0.25,100,26,40,1730,31,0,9,1730,0.775,0.0,1.0,0.0,0.1905469894409179
bonferroni,,hub,0.25,100,27,40,1730,26,1,14,1729,0.65,0.0005780346820809,0.9629629629629628,0.037037037037037,0.18638277053833
bonferroni,,hub,0.25,100,28,40,1730,29,0,11,1730,0.725,0.0,1.0,0.0,0.1884689331054687
bonferroni,,hub,0.25,100,29,40,1730,28,0,12,1730,0.7,0.0,1.0,0.0,0.1938009262084961
bh_fdr,,hub,0.25,10,0,40,1730,0,0,40,1730,0.0,0.0,0.0,0.0,0.0229067802429199
bh_fdr,,hub,0.25,10,1,40,1730,0,0,40,1730,0.0,0.0,0.0,0.0,0.0264701843261718
bh_fdr,,hub,0.25,10,2,40,1730,0,0,40,1730,0.0,0.0,0.0,0.0,0.0266859531402587
bh_fdr,,hub,0.25,10,3,40,1730,0,0,40,1730,0.0,0.0,0.0,0.0,0.0264668464660644
bh_fdr,,hub,0.25,10,4,40,1730,0,0,40,1730,0.0,0.0,0.0,0.0,0.0264050960540771
bh_fdr,,hub,0.25,10,5,40,1730,0,0,40,1730,0.0,0.0,0.0,0.0,0.0258111953735351
bh_fdr,,hub,0.25,10,6,40,1730,2,1,38,1729,0.05,0.0005780346820809,0.6666666666666666,0.3333333333333333,0.0261750221252441
bh_fdr,,hub,0.25,10,7,40,1730,0,0,40,1730,0.0,0.0,0.0,0.0,0.0258057117462158
bh_fdr,,hub,0.25,10,8,40,1730,4,0,36,1730,0.1,0.0,1.0,0.0,0.0255379676818847
bh_fdr,,hub,0.25,10,9,40,1730,0,0,40,1730,0.0,0.0,0.0,0.0,0.0268170833587646
bh_fdr,,hub,0.25,10,10,40,1730,0,1,40,1729,0.0,0.0005780346820809,0.0,1.0,0.0265638828277587
bh_fdr,,hub,0.25,10,11,40,1730,0,0,40,1730,0.0,0.0,0.0,0.0,0.0263111591339111
bh_fdr,,hub,0.25,10,12,40,1730,0,0,40,1730,0.0,0.0,0.0,0.0,0.0258257389068603
bh_fdr,,hub,0.25,10,13,40,1730,0,1,40,1729,0.0,0.0005780346820809,0.0,1.0,0.0256292819976806
bh_fdr,,hub,0.25,10,14,40,1730,0,0,40,1730,0.0,0.0,0.0,0.0,0.0262041091918945
bh_fdr,,hub,0.25,10,15,40,1730,0,0,40,1730,0.0,0.0,0.0,0.0,0.0242509841918945
bh_fdr,,hub,0.25,10,16,40,1730,2,1,38,1729,0.05,0.0005780346820809,0.6666666666666666,0.3333333333333333,0.0240480899810791
bh_fdr,,hub,0.25,10,17,40,1730,0,0,40,1730,0.0,0.0,0.0,0.0,0.0260291099548339
bh_fdr,,hub,0.25,10,18,40,1730,0,0,40,1730,0.0,0.0,0.0,0.0,0.0263178348541259
bh_fdr,,hub,0.25,10,19,40,1730,0,0,40,1730,0.0,0.0,0.0,0.0,0.025160789489746
bh_fdr,,hub,0.25,10,20,40,1730,1,0,39,1730,0.025,0.0,1.0,0.0,0.0242087841033935
bh_fdr,,hub,0.25,10,21,40,1730,0,0,40,1730,0.0,0.0,0.0,0.0,0.0263288021087646
bh_fdr,,hub,0.25,10,22,40,1730,0,0,40,1730,0.0,0.0,0.0,0.0,0.025749921798706
bh_fdr,,hub,0.25,10,23,40,1730,0,0,40,1730,0.0,0.0,0.0,0.0,0.024871826171875
bh_fdr,,hub,0.25,10,24,40,1730,1,0,39,1730,0.025,0.0,1.0,0.0,0.0259130001068115
bh_fdr,,hub,0.25,10,25,40,1730,0,0,40,1730,0.0,0.0,0.0,0.0,0.0260040760040283
bh_fdr,,hub,0.25,10,26,40,1730,0,0,40,1730,0.0,0.0,0.0,0.0,0.0240058898925781
bh_fdr,,hub,0.25,10,27,40,1730,0,0,40,1730,0.0,0.0,0.0,0.0,0.0263371467590332
bh_fdr,,hub,0.25,10,28,40,1730,0,0,40,1730,0.0,0.0,0.0,0.0,0.0263559818267822
bh_fdr,,hub,0.25,10,29,40,1730,0,2,40,1728,0.0,0.0011560693641618,0.0,1.0,0.0265438556671142
bh_fdr,,hub,0.25,30,0,40,1730,3,0,37,1730,0.075,0.0,1.0,0.0,0.0641250610351562
bh_fdr,,hub,0.25,30,1,40,1730,1,0,39,1730,0.025,0.0,1.0,0.0,0.0640697479248046
bh_fdr,,hub,0.25,30,2,40,1730,13,2,27,1728,0.325,0.0011560693641618,0.8666666666666667,0.1333333333333333,0.0575711727142334
bh_fdr,,hub,0.25,30,3,40,1730,2,0,38,1730,0.05,0.0,1.0,0.0,0.0544109344482421
bh_fdr,,hub,0.25,30,4,40,1730,14,1,26,1729,0.35,0.0005780346820809,0.9333333333333332,0.0666666666666666,0.0616958141326904
bh_fdr,,hub,0.25,30,5,40,1730,9,0,31,1730,0.225,0.0,1.0,0.0,0.0631659030914306
bh_fdr,,hub,0.25,30,6,40,1730,10,0,30,1730,0.25,0.0,1.0,0.0,0.0644979476928711
bh_fdr,,hub,0.25,30,7,40,1730,0,0,40,1730,0.0,0.0,0.0,0.0,0.0628519058227539
bh_fdr,,hub,0.25,30,8,40,1730,5,0,35,1730,0.125,0.0,1.0,0.0,0.0641882419586181
bh_fdr,,hub,0.25,30,9,40,1730,0,0,40,1730,0.0,0.0,0.0,0.0,0.0638339519500732
bh_fdr,,hub,0.25,30,10,40,1730,7,1,33,1729,0.175,0.0005780346820809,0.875,0.125,0.0617859363555908
bh_fdr,,hub,0.25,30,11,40,1730,15,1,25,1729,0.375,0.0005780346820809,0.9375,0.0625,0.0613849163055419
bh_fdr,,hub,0.25,30,12,40,1730,5,0,35,1730,0.125,0.0,1.0,0.0,0.0600340366363525
bh_fdr,,hub,0.25,30,13,40,1730,17,4,23,1726,0.425,0.0023121387283236,0.8095238095238095,0.1904761904761904,0.0614330768585205
bh_fdr,,hub,0.25,30,14,40,1730,11,0,29,1730,0.275,0.0,1.0,0.0,0.0614097118377685
bh_fdr,,hub,0.25,30,15,40,1730,3,0,37,1730,0.075,0.0,1.0,0.0,0.0626258850097656
bh_fdr,,hub,0.25,30,16,40,1730,21,1,19,1729,0.525,0.0005780346820809,0.9545454545454546,0.0454545454545454,0.062061071395874
bh_fdr,,hub,0.25,30,17,40,1730,16,0,24,1730,0.4,0.0,1.0,0.0,0.0595598220825195
bh_fdr,,hub,0.25,30,18,40,1730,0,0,40,1730,0.0,0.0,0.0,0.0,0.0646216869354248
bh_fdr,,hub,0.25,30,19,40,1730,2,0,38,1730,0.05,0.0,1.0,0.0,0.0644030570983886
bh_fdr,,hub,0.25,30,20,40,1730,2,0,38,1730,0.05,0.0,1.0,0.0,0.0648918151855468
bh_fdr,,hub,0.25,30,21,40,1730,1,0,39,1730,0.025,0.0,1.0,0.0,0.0632100105285644
bh_fdr,,hub,0.25,30,22,40,1730,0,0,40,1730,0.0,0.0,0.0,0.0,0.0643579959869384
bh_fdr,,hub,0.25,30,23,40,1730,9,0,31,1730,0.225,0.0,1.0,0.0,0.0629708766937255
bh_fdr,,hub,0.25,30,24,40,1730,2,0,38,1730,0.05,0.0,1.0,0.0,0.0631599426269531
bh_fdr,,hub,0.25,30,25,40,1730,1,0,39,1730,0.025,0.0,1.0,0.0,0.0621449947357177
bh_fdr,,hub,0.25,30,26,40,1730,13,0,27,1730,0.325,0.0,1.0,0.0,0.0636370182037353
bh_fdr,,hub,0.25,30,27,40,1730,21,3,19,1727,0.525,0.0017341040462427,0.875,0.125,0.0626499652862548
bh_fdr,,hub,0.25,30,28,40,1730,18,4,22,1726,0.45,0.0023121387283236,0.8181818181818182,0.1818181818181818,0.0649399757385253
bh_fdr,,hub,0.25,30,29,40,1730,16,1,24,1729,0.4,0.0005780346820809,0.9411764705882352,0.0588235294117647,0.0645279884338378
bh_fdr,,hub,0.25,50,0,40,1730,16,4,24,1726,0.4,0.0023121387283236,0.8,0.2,0.107529878616333
bh_fdr,,hub,0.25,50,1,40,1730,26,6,14,1724,0.65,0.0034682080924855,0.8125,0.1875,0.1042327880859375
bh_fdr,,hub,0.25,50,2,40,1730,32,2,8,1728,0.8,0.0011560693641618,0.9411764705882352,0.0588235294117647,0.0982587337493896
bh_fdr,,hub,0.25,50,3,40,1730,13,0,27,1730,0.325,0.0,1.0,0.0,0.0991389751434326
bh_fdr,,hub,0.25,50,4,40,1730,20,1,20,1729,0.5,0.0005780346820809,0.9523809523809524,0.0476190476190476,0.1024980545043945
bh_fdr,,hub,0.25,50,5,40,1730,34,0,6,1730,0.85,0.0,1.0,0.0,0.1012430191040039
bh_fdr,,hub,0.25,50,6,40,1730,25,2,15,1728,0.625,0.0011560693641618,0.925925925925926,0.074074074074074,0.1054461002349853
bh_fdr,,hub,0.25,50,7,40,1730,15,0,25,1730,0.375,0.0,1.0,0.0,0.1033179759979248
bh_fdr,,hub,0.25,50,8,40,1730,21,0,19,1730,0.525,0.0,1.0,0.0,0.1052308082580566
bh_fdr,,hub,0.25,50,9,40,1730,14,0,26,1730,0.35,0.0,1.0,0.0,0.1028962135314941
bh_fdr,,hub,0.25,50,10,40,1730,18,1,22,1729,0.45,0.0005780346820809,0.9473684210526316,0.0526315789473684,0.1036727428436279
bh_fdr,,hub,0.25,50,11,40,1730,25,2,15,1728,0.625,0.0011560693641618,0.925925925925926,0.074074074074074,0.1047217845916748
bh_fdr,,hub,0.25,50,12,40,1730,19,1,21,1729,0.475,0.0005780346820809,0.95,0.05,0.1255249977111816
bh_fdr,,hub,0.25,50,13,40,1730,28,2,12,1728,0.7,0.0011560693641618,0.9333333333333332,0.0666666666666666,0.1159219741821289
bh_fdr,,hub,0.25,50,14,40,1730,19,1,21,1729,0.475,0.0005780346820809,0.95,0.05,0.1026430130004882
bh_fdr,,hub,0.25,50,15,40,1730,23,4,17,1726,0.575,0.0023121387283236,0.8518518518518519,0.1481481481481481,0.1369538307189941
bh_fdr,,hub,0.25,50,16,40,1730,36,2,4,1728,0.9,0.0011560693641618,0.9473684210526316,0.0526315789473684,0.1013052463531494
bh_fdr,,hub,0.25,50,17,40,1730,25,3,15,1727,0.625,0.0017341040462427,0.8928571428571429,0.1071428571428571,0.1016798019409179
bh_fdr,,hub,0.25,50,18,40,1730,28,3,12,1727,0.7,0.0017341040462427,0.9032258064516128,0.0967741935483871,0.0946371555328369
bh_fdr,,hub,0.25,50,19,40,1730,18,0,22,1730,0.45,0.0,1.0,0.0,0.0997450351715087
bh_fdr,,hub,0.25,50,20,40,1730,19,0,21,1730,0.475,0.0,1.0,0.0,0.0997860431671142
bh_fdr,,hub,0.25,50,21,40,1730,22,1,18,1729,0.55,0.0005780346820809,0.9565217391304348,0.0434782608695652,0.1010828018188476
bh_fdr,,hub,0.25,50,22,40,1730,11,0,29,1730,0.275,0.0,1.0,0.0,0.1010160446166992
bh_fdr,,hub,0.25,50,23,40,1730,26,0,14,1730,0.65,0.0,1.0,0.0,0.1008801460266113
bh_fdr,,hub,0.25,50,24,40,1730,31,0,9,1730,0.775,0.0,1.0,0.0,0.1009740829467773
bh_fdr,,hub,0.25,50,25,40,1730,15,0,25,1730,0.375,0.0,1.0,0.0,0.1006128787994384
bh_fdr,,hub,0.25,50,26,40,1730,19,0,21,1730,0.475,0.0,1.0,0.0,0.1013538837432861
bh_fdr,,hub,0.25,50,27,40,1730,27,0,13,1730,0.675,0.0,1.0,0.0,0.1013691425323486
bh_fdr,,hub,0.25,50,28,40,1730,29,0,11,1730,0.725,0.0,1.0,0.0,0.104288101196289
bh_fdr,,hub,0.25,50,29,40,1730,27,1,13,1729,0.675,0.0005780346820809,0.9642857142857144,0.0357142857142857,0.1023190021514892
bh_fdr,,hub,0.25,100,0,40,1730,36,10,4,1720,0.9,0.0057803468208092,0.782608695652174,0.217391304347826,0.1999239921569824
bh_fdr,,hub,0.25,100,1,40,1730,38,7,2,1723,0.95,0.0040462427745664,0.8444444444444444,0.1555555555555555,0.1937589645385742
bh_fdr,,hub,0.25,100,2,40,1730,38,0,2,1730,0.95,0.0,1.0,0.0,0.1990971565246582
bh_fdr,,hub,0.25,100,3,40,1730,34,3,6,1727,0.85,0.0017341040462427,0.918918918918919,0.081081081081081,0.1984932422637939
bh_fdr,,hub,0.25,100,4,40,1730,40,5,0,1725,1.0,0.0028901734104046,0.8888888888888888,0.1111111111111111,0.2001190185546875
bh_fdr,,hub,0.25,100,5,40,1730,39,3,1,1727,0.975,0.0017341040462427,0.9285714285714286,0.0714285714285714,0.1908950805664062
bh_fdr,,hub,0.25,100,6,40,1730,40,1,0,1729,1.0,0.0005780346820809,0.975609756097561,0.024390243902439,0.2273032665252685
bh_fdr,,hub,0.25,100,7,40,1730,34,5,6,1725,0.85,0.0028901734104046,0.8717948717948718,0.1282051282051282,0.1999280452728271
bh_fdr,,hub,0.25,100,8,40,1730,37,0,3,1730,0.925,0.0,1.0,0.0,0.1974542140960693
bh_fdr,,hub,0.25,100,9,40,1730,35,1,5,1729,0.875,0.0005780346820809,0.9722222222222222,0.0277777777777777,0.1991298198699951
bh_fdr,,hub,0.25,100,10,40,1730,36,4,4,1726,0.9,0.0023121387283236,0.9,0.1,0.1955151557922363
bh_fdr,,hub,0.25,100,11,40,1730,37,0,3,1730,0.925,0.0,1.0,0.0,0.2031681537628173
bh_fdr,,hub,0.25,100,12,40,1730,36,0,4,1730,0.9,0.0,1.0,0.0,0.1986081600189209
bh_fdr,,hub,0.25,100,13,40,1730,37,1,3,1729,0.925,0.0005780346820809,0.9736842105263158,0.0263157894736842,0.1995949745178222
bh_fdr,,hub,0.25,100,14,40,1730,39,1,1,1729,0.975,0.0005780346820809,0.975,0.025,0.1951820850372314
bh_fdr,,hub,0.25,100,15,40,1730,37,2,3,1728,0.925,0.0011560693641618,0.9487179487179488,0.0512820512820512,0.186363935470581
bh_fdr,,hub,0.25,100,16,40,1730,40,3,0,1727,1.0,0.0017341040462427,0.9302325581395348,0.0697674418604651,0.1926131248474121
bh_fdr,,hub,0.25,100,17,40,1730,37,0,3,1730,0.925,0.0,1.0,0.0,0.1991510391235351
bh_fdr,,hub,0.25,100,18,40,1730,33,2,7,1728,0.825,0.0011560693641618,0.9428571428571428,0.0571428571428571,0.1989078521728515
bh_fdr,,hub,0.25,100,19,40,1730,39,1,1,1729,0.975,0.0005780346820809,0.975,0.025,0.1965210437774658
bh_fdr,,hub,0.25,100,20,40,1730,36,1,4,1729,0.9,0.0005780346820809,0.972972972972973,0.027027027027027,0.1927850246429443
bh_fdr,,hub,0.25,100,21,40,1730,40,2,0,1728,1.0,0.0011560693641618,0.9523809523809524,0.0476190476190476,0.1938960552215576
bh_fdr,,hub,0.25,100,22,40,1730,37,2,3,1728,0.925,0.0011560693641618,0.9487179487179488,0.0512820512820512,0.2382731437683105
bh_fdr,,hub,0.25,100,23,40,1730,37,0,3,1730,0.925,0.0,1.0,0.0,0.1988286972045898
bh_fdr,,hub,0.25,100,24,40,1730,38,2,2,1728,0.95,0.0011560693641618,0.95,0.05,0.1926190853118896
bh_fdr,,hub,0.25,100,25,40,1730,36,1,4,1729,0.9,0.0005780346820809,0.972972972972973,0.027027027027027,0.1962058544158935
bh_fdr,,hub,0.25,100,26,40,1730,37,2,3,1728,0.925,0.0011560693641618,0.9487179487179488,0.0512820512820512,0.1827390193939209
bh_fdr,,hub,0.25,100,27,40,1730,33,1,7,1729,0.825,0.0005780346820809,0.9705882352941176,0.0294117647058823,0.194408893585205
bh_fdr,,hub,0.25,100,28,40,1730,38,1,2,1729,0.95,0.0005780346820809,0.9743589743589745,0.0256410256410256,0.1989181041717529
bh_fdr,,hub,0.25,100,29,40,1730,39,1,1,1729,0.975,0.0005780346820809,0.975,0.025,0.2008571624755859
